# Created by Octave 3.8.2, Sat Jun 20 09:55:06 2020 CEST <damian@fptrucha.inv.usc.es>
# name: hd
# type: matrix
# rows: 100
# columns: 2
 1 0
 4 5.05050505050505
 0 10.1010101010101
 317 15.15151515151515
 1 20.2020202020202
 2 25.25252525252525
 155 30.3030303030303
 581 35.35353535353535
 679 40.4040404040404
 337 45.45454545454545
 155 50.50505050505051
 70 55.55555555555555
 4 60.6060606060606
 312 65.65656565656565
 212 70.7070707070707
 662 75.75757575757575
 0 80.8080808080808
 1 85.85858585858585
 80 90.90909090909091
 6 95.95959595959596
 1 101.010101010101
 225 106.060606060606
 235 111.1111111111111
 436 116.1616161616162
 228 121.2121212121212
 100 126.2626262626263
 0 131.3131313131313
 3 136.3636363636363
 65 141.4141414141414
 97 146.4646464646464
 514 151.5151515151515
 304 156.5656565656566
 1 161.6161616161616
 0 166.6666666666667
 74 171.7171717171717
 35 176.7676767676768
 0 181.8181818181818
 1 186.8686868686869
 221 191.9191919191919
 316 196.969696969697
 54 202.020202020202
 111 207.070707070707
 201 212.1212121212121
 71 217.1717171717171
 111 222.2222222222222
 268 227.2727272727273
 166 232.3232323232323
 0 237.3737373737374
 29 242.4242424242424
 149 247.4747474747475
 17 252.5252525252525
 135 257.5757575757576
 174 262.6262626262626
 50 267.6767676767677
 245 272.7272727272727
 170 277.7777777777778
 518 282.8282828282828
 219 287.8787878787879
 1 292.9292929292929
 3 297.979797979798
 0 303.030303030303
 240 308.0808080808081
 23 313.1313131313131
 51 318.1818181818182
 45 323.2323232323232
 62 328.2828282828282
 175 333.3333333333333
 66 338.3838383838383
 23 343.4343434343434
 221 348.4848484848484
 121 353.5353535353535
 27 358.5858585858585
 3 363.6363636363636
 46 368.6868686868686
 56 373.7373737373737
 45 378.7878787878788
 2 383.8383838383838
 0 388.8888888888889
 333 393.9393939393939
 68 398.989898989899
 71 404.040404040404
 163 409.0909090909091
 165 414.1414141414141
 612 419.1919191919192
 24 424.2424242424242
 258 429.2929292929293
 155 434.3434343434343
 7 439.3939393939394
 60 444.4444444444444
 85 449.4949494949495
 47 454.5454545454545
 0 459.5959595959596
 0 464.6464646464646
 1 469.6969696969697
 2 474.7474747474747
 1 479.7979797979798
 18 484.8484848484848
 24 489.8989898989898
 53 494.9494949494949
 0 500


