# Created by Octave 3.8.2, Sat Jun 20 03:43:53 2020 CEST <damian@fptrucha.inv.usc.es>
# name: hd
# type: matrix
# rows: 100
# columns: 2
 1 0
 3 5.05050505050505
 0 10.1010101010101
 302 15.15151515151515
 2 20.2020202020202
 2 25.25252525252525
 200 30.3030303030303
 576 35.35353535353535
 633 40.4040404040404
 348 45.45454545454545
 133 50.50505050505051
 78 55.55555555555555
 2 60.6060606060606
 288 65.65656565656565
 232 70.7070707070707
 606 75.75757575757575
 2 80.8080808080808
 0 85.85858585858585
 59 90.90909090909091
 2 95.95959595959596
 3 101.010101010101
 226 106.060606060606
 230 111.1111111111111
 462 116.1616161616162
 214 121.2121212121212
 84 126.2626262626263
 0 131.3131313131313
 1 136.3636363636363
 82 141.4141414141414
 109 146.4646464646464
 488 151.5151515151515
 271 156.5656565656566
 1 161.6161616161616
 2 166.6666666666667
 78 171.7171717171717
 35 176.7676767676768
 1 181.8181818181818
 1 186.8686868686869
 215 191.9191919191919
 288 196.969696969697
 52 202.020202020202
 97 207.070707070707
 204 212.1212121212121
 64 217.1717171717171
 139 222.2222222222222
 245 227.2727272727273
 133 232.3232323232323
 0 237.3737373737374
 25 242.4242424242424
 171 247.4747474747475
 26 252.5252525252525
 140 257.5757575757576
 134 262.6262626262626
 44 267.6767676767677
 280 272.7272727272727
 164 277.7777777777778
 477 282.8282828282828
 226 287.8787878787879
 1 292.9292929292929
 1 297.979797979798
 1 303.030303030303
 240 308.0808080808081
 21 313.1313131313131
 54 318.1818181818182
 38 323.2323232323232
 53 328.2828282828282
 198 333.3333333333333
 74 338.3838383838383
 13 343.4343434343434
 203 348.4848484848484
 95 353.5353535353535
 23 358.5858585858585
 1 363.6363636363636
 44 368.6868686868686
 51 373.7373737373737
 50 378.7878787878788
 0 383.8383838383838
 1 388.8888888888889
 315 393.9393939393939
 64 398.989898989899
 68 404.040404040404
 191 409.0909090909091
 139 414.1414141414141
 609 419.1919191919192
 19 424.2424242424242
 257 429.2929292929293
 205 434.3434343434343
 5 439.3939393939394
 63 444.4444444444444
 88 449.4949494949495
 62 454.5454545454545
 0 459.5959595959596
 0 464.6464646464646
 1 469.6969696969697
 2 474.7474747474747
 2 479.7979797979798
 21 484.8484848484848
 21 489.8989898989898
 84 494.9494949494949
 0 500


