# Created by Octave 3.8.2, Sun Jun 21 01:45:27 2020 CEST <damian@fptrucha.inv.usc.es>
# name: hd
# type: matrix
# rows: 100
# columns: 2
 1 0
 3 5.05050505050505
 2 10.1010101010101
 252 15.15151515151515
 0 20.2020202020202
 1 25.25252525252525
 128 30.3030303030303
 443 35.35353535353535
 578 40.4040404040404
 297 45.45454545454545
 125 50.50505050505051
 62 55.55555555555555
 2 60.6060606060606
 257 65.65656565656565
 204 70.7070707070707
 558 75.75757575757575
 2 80.8080808080808
 0 85.85858585858585
 54 90.90909090909091
 3 95.95959595959596
 2 101.010101010101
 178 106.060606060606
 163 111.1111111111111
 371 116.1616161616162
 197 121.2121212121212
 81 126.2626262626263
 0 131.3131313131313
 0 136.3636363636363
 61 141.4141414141414
 84 146.4646464646464
 419 151.5151515151515
 247 156.5656565656566
 2 161.6161616161616
 2 166.6666666666667
 66 171.7171717171717
 39 176.7676767676768
 0 181.8181818181818
 0 186.8686868686869
 169 191.9191919191919
 246 196.969696969697
 44 202.020202020202
 109 207.070707070707
 164 212.1212121212121
 66 217.1717171717171
 89 222.2222222222222
 192 227.2727272727273
 130 232.3232323232323
 0 237.3737373737374
 16 242.4242424242424
 121 247.4747474747475
 20 252.5252525252525
 118 257.5757575757576
 141 262.6262626262626
 34 267.6767676767677
 221 272.7272727272727
 162 277.7777777777778
 408 282.8282828282828
 186 287.8787878787879
 2 292.9292929292929
 1 297.979797979798
 0 303.030303030303
 170 308.0808080808081
 20 313.1313131313131
 29 318.1818181818182
 32 323.2323232323232
 40 328.2828282828282
 161 333.3333333333333
 57 338.3838383838383
 23 343.4343434343434
 175 348.4848484848484
 99 353.5353535353535
 22 358.5858585858585
 0 363.6363636363636
 49 368.6868686868686
 30 373.7373737373737
 35 378.7878787878788
 0 383.8383838383838
 0 388.8888888888889
 284 393.9393939393939
 47 398.989898989899
 59 404.040404040404
 168 409.0909090909091
 124 414.1414141414141
 539 419.1919191919192
 22 424.2424242424242
 196 429.2929292929293
 172 434.3434343434343
 5 439.3939393939394
 44 444.4444444444444
 66 449.4949494949495
 52 454.5454545454545
 0 459.5959595959596
 1 464.6464646464646
 0 469.6969696969697
 2 474.7474747474747
 1 479.7979797979798
 10 484.8484848484848
 9 489.8989898989898
 65 494.9494949494949
 0 500


