# Created by Octave 3.8.2, Sat Jun 20 21:25:03 2020 CEST <damian@fptrucha.inv.usc.es>
# name: hd
# type: matrix
# rows: 100
# columns: 2
 0 0
 2 5.05050505050505
 2 10.1010101010101
 280 15.15151515151515
 4 20.2020202020202
 0 25.25252525252525
 171 30.3030303030303
 505 35.35353535353535
 566 40.4040404040404
 292 45.45454545454545
 140 50.50505050505051
 77 55.55555555555555
 1 60.6060606060606
 267 65.65656565656565
 216 70.7070707070707
 553 75.75757575757575
 0 80.8080808080808
 0 85.85858585858585
 66 90.90909090909091
 2 95.95959595959596
 4 101.010101010101
 203 106.060606060606
 169 111.1111111111111
 378 116.1616161616162
 205 121.2121212121212
 75 126.2626262626263
 0 131.3131313131313
 2 136.3636363636363
 71 141.4141414141414
 104 146.4646464646464
 456 151.5151515151515
 263 156.5656565656566
 1 161.6161616161616
 0 166.6666666666667
 62 171.7171717171717
 32 176.7676767676768
 0 181.8181818181818
 1 186.8686868686869
 182 191.9191919191919
 279 196.969696969697
 54 202.020202020202
 95 207.070707070707
 193 212.1212121212121
 53 217.1717171717171
 110 222.2222222222222
 191 227.2727272727273
 135 232.3232323232323
 0 237.3737373737374
 28 242.4242424242424
 140 247.4747474747475
 18 252.5252525252525
 108 257.5757575757576
 128 262.6262626262626
 34 267.6767676767677
 269 272.7272727272727
 132 277.7777777777778
 439 282.8282828282828
 198 287.8787878787879
 2 292.9292929292929
 0 297.979797979798
 0 303.030303030303
 180 308.0808080808081
 21 313.1313131313131
 31 318.1818181818182
 27 323.2323232323232
 33 328.2828282828282
 184 333.3333333333333
 52 338.3838383838383
 16 343.4343434343434
 180 348.4848484848484
 88 353.5353535353535
 28 358.5858585858585
 1 363.6363636363636
 33 368.6868686868686
 33 373.7373737373737
 40 378.7878787878788
 1 383.8383838383838
 0 388.8888888888889
 297 393.9393939393939
 65 398.989898989899
 60 404.040404040404
 166 409.0909090909091
 138 414.1414141414141
 556 419.1919191919192
 23 424.2424242424242
 216 429.2929292929293
 202 434.3434343434343
 1 439.3939393939394
 50 444.4444444444444
 82 449.4949494949495
 63 454.5454545454545
 0 459.5959595959596
 1 464.6464646464646
 1 469.6969696969697
 0 474.7474747474747
 2 479.7979797979798
 19 484.8484848484848
 19 489.8989898989898
 79 494.9494949494949
 0 500


