# Created by Octave 3.8.2, Mon Jun 22 21:44:08 2020 CEST <damian@fptrucha.inv.usc.es>
# name: hd
# type: matrix
# rows: 100
# columns: 2
 5 0
 7 5.05050505050505
 0 10.1010101010101
 306 15.15151515151515
 3 20.2020202020202
 2 25.25252525252525
 182 30.3030303030303
 530 35.35353535353535
 594 40.4040404040404
 329 45.45454545454545
 129 50.50505050505051
 69 55.55555555555555
 1 60.6060606060606
 268 65.65656565656565
 182 70.7070707070707
 627 75.75757575757575
 1 80.8080808080808
 1 85.85858585858585
 54 90.90909090909091
 6 95.95959595959596
 6 101.010101010101
 199 106.060606060606
 198 111.1111111111111
 423 116.1616161616162
 225 121.2121212121212
 77 126.2626262626263
 2 131.3131313131313
 4 136.3636363636363
 78 141.4141414141414
 98 146.4646464646464
 438 151.5151515151515
 250 156.5656565656566
 6 161.6161616161616
 3 166.6666666666667
 81 171.7171717171717
 40 176.7676767676768
 0 181.8181818181818
 0 186.8686868686869
 213 191.9191919191919
 269 196.969696969697
 51 202.020202020202
 110 207.070707070707
 200 212.1212121212121
 70 217.1717171717171
 100 222.2222222222222
 224 227.2727272727273
 159 232.3232323232323
 1 237.3737373737374
 23 242.4242424242424
 141 247.4747474747475
 19 252.5252525252525
 118 257.5757575757576
 148 262.6262626262626
 54 267.6767676767677
 299 272.7272727272727
 150 277.7777777777778
 446 282.8282828282828
 218 287.8787878787879
 0 292.9292929292929
 1 297.979797979798
 0 303.030303030303
 237 308.0808080808081
 37 313.1313131313131
 48 318.1818181818182
 33 323.2323232323232
 42 328.2828282828282
 177 333.3333333333333
 65 338.3838383838383
 18 343.4343434343434
 203 348.4848484848484
 106 353.5353535353535
 32 358.5858585858585
 0 363.6363636363636
 52 368.6868686868686
 37 373.7373737373737
 35 378.7878787878788
 0 383.8383838383838
 1 388.8888888888889
 300 393.9393939393939
 49 398.989898989899
 70 404.040404040404
 187 409.0909090909091
 143 414.1414141414141
 560 419.1919191919192
 8 424.2424242424242
 244 429.2929292929293
 189 434.3434343434343
 4 439.3939393939394
 61 444.4444444444444
 65 449.4949494949495
 46 454.5454545454545
 3 459.5959595959596
 2 464.6464646464646
 0 469.6969696969697
 1 474.7474747474747
 2 479.7979797979798
 30 484.8484848484848
 14 489.8989898989898
 71 494.9494949494949
 0 500


