# Created by Octave 3.8.2, Mon Jun 22 01:43:30 2020 CEST <damian@fptrucha.inv.usc.es>
# name: hd
# type: matrix
# rows: 100
# columns: 2
 1 0
 3 5.05050505050505
 0 10.1010101010101
 276 15.15151515151515
 3 20.2020202020202
 1 25.25252525252525
 181 30.3030303030303
 541 35.35353535353535
 582 40.4040404040404
 297 45.45454545454545
 141 50.50505050505051
 67 55.55555555555555
 2 60.6060606060606
 272 65.65656565656565
 207 70.7070707070707
 602 75.75757575757575
 0 80.8080808080808
 0 85.85858585858585
 61 90.90909090909091
 2 95.95959595959596
 3 101.010101010101
 175 106.060606060606
 195 111.1111111111111
 395 116.1616161616162
 225 121.2121212121212
 95 126.2626262626263
 0 131.3131313131313
 0 136.3636363636363
 56 141.4141414141414
 107 146.4646464646464
 418 151.5151515151515
 289 156.5656565656566
 5 161.6161616161616
 0 166.6666666666667
 93 171.7171717171717
 28 176.7676767676768
 1 181.8181818181818
 2 186.8686868686869
 216 191.9191919191919
 251 196.969696969697
 48 202.020202020202
 82 207.070707070707
 170 212.1212121212121
 58 217.1717171717171
 100 222.2222222222222
 216 227.2727272727273
 130 232.3232323232323
 1 237.3737373737374
 18 242.4242424242424
 117 247.4747474747475
 20 252.5252525252525
 125 257.5757575757576
 138 262.6262626262626
 45 267.6767676767677
 248 272.7272727272727
 135 277.7777777777778
 455 282.8282828282828
 206 287.8787878787879
 0 292.9292929292929
 0 297.979797979798
 2 303.030303030303
 212 308.0808080808081
 24 313.1313131313131
 45 318.1818181818182
 26 323.2323232323232
 37 328.2828282828282
 166 333.3333333333333
 77 338.3838383838383
 16 343.4343434343434
 200 348.4848484848484
 107 353.5353535353535
 24 358.5858585858585
 2 363.6363636363636
 44 368.6868686868686
 44 373.7373737373737
 41 378.7878787878788
 0 383.8383838383838
 1 388.8888888888889
 329 393.9393939393939
 59 398.989898989899
 61 404.040404040404
 195 409.0909090909091
 141 414.1414141414141
 575 419.1919191919192
 28 424.2424242424242
 254 429.2929292929293
 177 434.3434343434343
 4 439.3939393939394
 55 444.4444444444444
 72 449.4949494949495
 54 454.5454545454545
 1 459.5959595959596
 0 464.6464646464646
 2 469.6969696969697
 1 474.7474747474747
 1 479.7979797979798
 25 484.8484848484848
 22 489.8989898989898
 71 494.9494949494949
 0 500


