# Created by Octave 3.8.2, Sun Jun 21 02:52:52 2020 CEST <damian@fptrucha.inv.usc.es>
# name: hd
# type: matrix
# rows: 100
# columns: 2
 1 0
 2 5.05050505050505
 0 10.1010101010101
 272 15.15151515151515
 5 20.2020202020202
 0 25.25252525252525
 134 30.3030303030303
 499 35.35353535353535
 611 40.4040404040404
 301 45.45454545454545
 120 50.50505050505051
 61 55.55555555555555
 3 60.6060606060606
 245 65.65656565656565
 198 70.7070707070707
 559 75.75757575757575
 2 80.8080808080808
 0 85.85858585858585
 44 90.90909090909091
 2 95.95959595959596
 3 101.010101010101
 178 106.060606060606
 173 111.1111111111111
 346 116.1616161616162
 191 121.2121212121212
 85 126.2626262626263
 1 131.3131313131313
 2 136.3636363636363
 64 141.4141414141414
 89 146.4646464646464
 394 151.5151515151515
 269 156.5656565656566
 2 161.6161616161616
 1 166.6666666666667
 64 171.7171717171717
 32 176.7676767676768
 1 181.8181818181818
 1 186.8686868686869
 219 191.9191919191919
 275 196.969696969697
 47 202.020202020202
 76 207.070707070707
 184 212.1212121212121
 72 217.1717171717171
 114 222.2222222222222
 192 227.2727272727273
 126 232.3232323232323
 1 237.3737373737374
 21 242.4242424242424
 127 247.4747474747475
 23 252.5252525252525
 121 257.5757575757576
 136 262.6262626262626
 29 267.6767676767677
 279 272.7272727272727
 137 277.7777777777778
 419 282.8282828282828
 209 287.8787878787879
 2 292.9292929292929
 0 297.979797979798
 0 303.030303030303
 215 308.0808080808081
 20 313.1313131313131
 36 318.1818181818182
 36 323.2323232323232
 44 328.2828282828282
 174 333.3333333333333
 54 338.3838383838383
 16 343.4343434343434
 176 348.4848484848484
 75 353.5353535353535
 24 358.5858585858585
 3 363.6363636363636
 39 368.6868686868686
 43 373.7373737373737
 26 378.7878787878788
 0 383.8383838383838
 0 388.8888888888889
 304 393.9393939393939
 60 398.989898989899
 62 404.040404040404
 168 409.0909090909091
 162 414.1414141414141
 558 419.1919191919192
 22 424.2424242424242
 190 429.2929292929293
 179 434.3434343434343
 2 439.3939393939394
 54 444.4444444444444
 66 449.4949494949495
 38 454.5454545454545
 1 459.5959595959596
 0 464.6464646464646
 1 469.6969696969697
 2 474.7474747474747
 3 479.7979797979798
 17 484.8484848484848
 20 489.8989898989898
 63 494.9494949494949
 0 500


