# Created by Octave 3.8.2, Sat Jun 20 07:39:03 2020 CEST <damian@fptrucha.inv.usc.es>
# name: hd
# type: matrix
# rows: 100
# columns: 2
 0 0
 4 5.05050505050505
 1 10.1010101010101
 306 15.15151515151515
 2 20.2020202020202
 1 25.25252525252525
 173 30.3030303030303
 592 35.35353535353535
 714 40.4040404040404
 330 45.45454545454545
 147 50.50505050505051
 82 55.55555555555555
 2 60.6060606060606
 336 65.65656565656565
 228 70.7070707070707
 605 75.75757575757575
 0 80.8080808080808
 3 85.85858585858585
 71 90.90909090909091
 3 95.95959595959596
 1 101.010101010101
 205 106.060606060606
 210 111.1111111111111
 413 116.1616161616162
 207 121.2121212121212
 112 126.2626262626263
 1 131.3131313131313
 1 136.3636363636363
 74 141.4141414141414
 105 146.4646464646464
 460 151.5151515151515
 307 156.5656565656566
 2 161.6161616161616
 0 166.6666666666667
 76 171.7171717171717
 40 176.7676767676768
 1 181.8181818181818
 1 186.8686868686869
 215 191.9191919191919
 302 196.969696969697
 66 202.020202020202
 101 207.070707070707
 208 212.1212121212121
 59 217.1717171717171
 126 222.2222222222222
 266 227.2727272727273
 153 232.3232323232323
 1 237.3737373737374
 30 242.4242424242424
 156 247.4747474747475
 29 252.5252525252525
 156 257.5757575757576
 151 262.6262626262626
 56 267.6767676767677
 312 272.7272727272727
 155 277.7777777777778
 486 282.8282828282828
 199 287.8787878787879
 1 292.9292929292929
 1 297.979797979798
 0 303.030303030303
 248 308.0808080808081
 27 313.1313131313131
 46 318.1818181818182
 30 323.2323232323232
 44 328.2828282828282
 196 333.3333333333333
 64 338.3838383838383
 22 343.4343434343434
 208 348.4848484848484
 113 353.5353535353535
 33 358.5858585858585
 3 363.6363636363636
 55 368.6868686868686
 46 373.7373737373737
 34 378.7878787878788
 1 383.8383838383838
 0 388.8888888888889
 323 393.9393939393939
 67 398.989898989899
 78 404.040404040404
 182 409.0909090909091
 145 414.1414141414141
 662 419.1919191919192
 15 424.2424242424242
 261 429.2929292929293
 212 434.3434343434343
 5 439.3939393939394
 64 444.4444444444444
 101 449.4949494949495
 63 454.5454545454545
 1 459.5959595959596
 2 464.6464646464646
 0 469.6969696969697
 1 474.7474747474747
 3 479.7979797979798
 33 484.8484848484848
 16 489.8989898989898
 89 494.9494949494949
 0 500


