# Created by Octave 3.8.2, Mon Jun 22 09:41:14 2020 CEST <damian@fptrucha.inv.usc.es>
# name: hd
# type: matrix
# rows: 100
# columns: 2
 2 0
 5 5.05050505050505
 2 10.1010101010101
 280 15.15151515151515
 3 20.2020202020202
 1 25.25252525252525
 132 30.3030303030303
 514 35.35353535353535
 577 40.4040404040404
 334 45.45454545454545
 144 50.50505050505051
 60 55.55555555555555
 2 60.6060606060606
 291 65.65656565656565
 215 70.7070707070707
 546 75.75757575757575
 1 80.8080808080808
 0 85.85858585858585
 60 90.90909090909091
 6 95.95959595959596
 4 101.010101010101
 191 106.060606060606
 164 111.1111111111111
 356 116.1616161616162
 221 121.2121212121212
 77 126.2626262626263
 2 131.3131313131313
 1 136.3636363636363
 66 141.4141414141414
 92 146.4646464646464
 414 151.5151515151515
 240 156.5656565656566
 3 161.6161616161616
 1 166.6666666666667
 73 171.7171717171717
 23 176.7676767676768
 1 181.8181818181818
 1 186.8686868686869
 173 191.9191919191919
 245 196.969696969697
 44 202.020202020202
 91 207.070707070707
 158 212.1212121212121
 64 217.1717171717171
 76 222.2222222222222
 220 227.2727272727273
 123 232.3232323232323
 0 237.3737373737374
 29 242.4242424242424
 126 247.4747474747475
 29 252.5252525252525
 108 257.5757575757576
 136 262.6262626262626
 45 267.6767676767677
 244 272.7272727272727
 140 277.7777777777778
 439 282.8282828282828
 209 287.8787878787879
 0 292.9292929292929
 1 297.979797979798
 1 303.030303030303
 199 308.0808080808081
 21 313.1313131313131
 44 318.1818181818182
 24 323.2323232323232
 49 328.2828282828282
 174 333.3333333333333
 76 338.3838383838383
 26 343.4343434343434
 179 348.4848484848484
 106 353.5353535353535
 33 358.5858585858585
 1 363.6363636363636
 38 368.6868686868686
 33 373.7373737373737
 32 378.7878787878788
 2 383.8383838383838
 0 388.8888888888889
 290 393.9393939393939
 58 398.989898989899
 66 404.040404040404
 157 409.0909090909091
 139 414.1414141414141
 505 419.1919191919192
 26 424.2424242424242
 218 429.2929292929293
 146 434.3434343434343
 4 439.3939393939394
 36 444.4444444444444
 63 449.4949494949495
 50 454.5454545454545
 0 459.5959595959596
 2 464.6464646464646
 1 469.6969696969697
 0 474.7474747474747
 2 479.7979797979798
 20 484.8484848484848
 22 489.8989898989898
 87 494.9494949494949
 0 500


