# Created by Octave 3.8.2, Mon Jun 22 21:42:58 2020 CEST <damian@fptrucha.inv.usc.es>
# name: hd
# type: matrix
# rows: 100
# columns: 2
 1 0
 5 5.05050505050505
 0 10.1010101010101
 258 15.15151515151515
 4 20.2020202020202
 1 25.25252525252525
 184 30.3030303030303
 548 35.35353535353535
 591 40.4040404040404
 329 45.45454545454545
 120 50.50505050505051
 59 55.55555555555555
 0 60.6060606060606
 298 65.65656565656565
 215 70.7070707070707
 542 75.75757575757575
 2 80.8080808080808
 1 85.85858585858585
 71 90.90909090909091
 6 95.95959595959596
 4 101.010101010101
 218 106.060606060606
 171 111.1111111111111
 411 116.1616161616162
 220 121.2121212121212
 103 126.2626262626263
 1 131.3131313131313
 3 136.3636363636363
 67 141.4141414141414
 95 146.4646464646464
 440 151.5151515151515
 266 156.5656565656566
 3 161.6161616161616
 1 166.6666666666667
 78 171.7171717171717
 31 176.7676767676768
 0 181.8181818181818
 0 186.8686868686869
 221 191.9191919191919
 299 196.969696969697
 58 202.020202020202
 92 207.070707070707
 182 212.1212121212121
 85 217.1717171717171
 118 222.2222222222222
 230 227.2727272727273
 153 232.3232323232323
 0 237.3737373737374
 38 242.4242424242424
 136 247.4747474747475
 22 252.5252525252525
 101 257.5757575757576
 150 262.6262626262626
 46 267.6767676767677
 252 272.7272727272727
 147 277.7777777777778
 486 282.8282828282828
 202 287.8787878787879
 1 292.9292929292929
 0 297.979797979798
 0 303.030303030303
 221 308.0808080808081
 26 313.1313131313131
 42 318.1818181818182
 24 323.2323232323232
 40 328.2828282828282
 161 333.3333333333333
 81 338.3838383838383
 25 343.4343434343434
 199 348.4848484848484
 94 353.5353535353535
 24 358.5858585858585
 1 363.6363636363636
 48 368.6868686868686
 35 373.7373737373737
 40 378.7878787878788
 2 383.8383838383838
 1 388.8888888888889
 337 393.9393939393939
 69 398.989898989899
 60 404.040404040404
 160 409.0909090909091
 161 414.1414141414141
 530 419.1919191919192
 27 424.2424242424242
 253 429.2929292929293
 185 434.3434343434343
 5 439.3939393939394
 60 444.4444444444444
 71 449.4949494949495
 54 454.5454545454545
 0 459.5959595959596
 1 464.6464646464646
 1 469.6969696969697
 0 474.7474747474747
 0 479.7979797979798
 19 484.8484848484848
 16 489.8989898989898
 83 494.9494949494949
 0 500


