# Created by Octave 3.8.2, Sat Jun 20 21:22:25 2020 CEST <damian@fptrucha.inv.usc.es>
# name: hd
# type: matrix
# rows: 100
# columns: 2
 2 0
 6 5.05050505050505
 1 10.1010101010101
 262 15.15151515151515
 1 20.2020202020202
 1 25.25252525252525
 126 30.3030303030303
 489 35.35353535353535
 603 40.4040404040404
 285 45.45454545454545
 123 50.50505050505051
 59 55.55555555555555
 1 60.6060606060606
 311 65.65656565656565
 201 70.7070707070707
 554 75.75757575757575
 3 80.8080808080808
 2 85.85858585858585
 74 90.90909090909091
 4 95.95959595959596
 2 101.010101010101
 172 106.060606060606
 163 111.1111111111111
 403 116.1616161616162
 213 121.2121212121212
 76 126.2626262626263
 0 131.3131313131313
 1 136.3636363636363
 69 141.4141414141414
 98 146.4646464646464
 435 151.5151515151515
 265 156.5656565656566
 5 161.6161616161616
 0 166.6666666666667
 68 171.7171717171717
 38 176.7676767676768
 0 181.8181818181818
 1 186.8686868686869
 175 191.9191919191919
 253 196.969696969697
 41 202.020202020202
 84 207.070707070707
 191 212.1212121212121
 64 217.1717171717171
 106 222.2222222222222
 238 227.2727272727273
 148 232.3232323232323
 2 237.3737373737374
 29 242.4242424242424
 131 247.4747474747475
 19 252.5252525252525
 108 257.5757575757576
 135 262.6262626262626
 41 267.6767676767677
 275 272.7272727272727
 139 277.7777777777778
 467 282.8282828282828
 207 287.8787878787879
 1 292.9292929292929
 3 297.979797979798
 0 303.030303030303
 211 308.0808080808081
 23 313.1313131313131
 38 318.1818181818182
 30 323.2323232323232
 33 328.2828282828282
 178 333.3333333333333
 60 338.3838383838383
 16 343.4343434343434
 176 348.4848484848484
 95 353.5353535353535
 21 358.5858585858585
 0 363.6363636363636
 44 368.6868686868686
 27 373.7373737373737
 34 378.7878787878788
 0 383.8383838383838
 1 388.8888888888889
 289 393.9393939393939
 57 398.989898989899
 50 404.040404040404
 166 409.0909090909091
 151 414.1414141414141
 567 419.1919191919192
 25 424.2424242424242
 221 429.2929292929293
 177 434.3434343434343
 3 439.3939393939394
 41 444.4444444444444
 57 449.4949494949495
 52 454.5454545454545
 0 459.5959595959596
 3 464.6464646464646
 0 469.6969696969697
 2 474.7474747474747
 2 479.7979797979798
 24 484.8484848484848
 22 489.8989898989898
 58 494.9494949494949
 0 500


