# Created by Octave 3.8.2, Mon Jun 22 15:10:40 2020 CEST <damian@fptrucha.inv.usc.es>
# name: hd
# type: matrix
# rows: 100
# columns: 2
 3 0
 1 5.05050505050505
 3 10.1010101010101
 276 15.15151515151515
 2 20.2020202020202
 0 25.25252525252525
 153 30.3030303030303
 561 35.35353535353535
 612 40.4040404040404
 339 45.45454545454545
 124 50.50505050505051
 57 55.55555555555555
 1 60.6060606060606
 302 65.65656565656565
 211 70.7070707070707
 604 75.75757575757575
 1 80.8080808080808
 0 85.85858585858585
 65 90.90909090909091
 2 95.95959595959596
 3 101.010101010101
 192 106.060606060606
 189 111.1111111111111
 412 116.1616161616162
 186 121.2121212121212
 97 126.2626262626263
 1 131.3131313131313
 2 136.3636363636363
 79 141.4141414141414
 90 146.4646464646464
 419 151.5151515151515
 259 156.5656565656566
 3 161.6161616161616
 2 166.6666666666667
 81 171.7171717171717
 34 176.7676767676768
 1 181.8181818181818
 0 186.8686868686869
 216 191.9191919191919
 319 196.969696969697
 60 202.020202020202
 100 207.070707070707
 205 212.1212121212121
 57 217.1717171717171
 118 222.2222222222222
 229 227.2727272727273
 136 232.3232323232323
 1 237.3737373737374
 25 242.4242424242424
 142 247.4747474747475
 23 252.5252525252525
 125 257.5757575757576
 137 262.6262626262626
 40 267.6767676767677
 270 272.7272727272727
 134 277.7777777777778
 455 282.8282828282828
 201 287.8787878787879
 1 292.9292929292929
 1 297.979797979798
 1 303.030303030303
 206 308.0808080808081
 29 313.1313131313131
 53 318.1818181818182
 39 323.2323232323232
 42 328.2828282828282
 172 333.3333333333333
 69 338.3838383838383
 23 343.4343434343434
 211 348.4848484848484
 97 353.5353535353535
 31 358.5858585858585
 3 363.6363636363636
 54 368.6868686868686
 47 373.7373737373737
 41 378.7878787878788
 2 383.8383838383838
 2 388.8888888888889
 334 393.9393939393939
 73 398.989898989899
 69 404.040404040404
 185 409.0909090909091
 153 414.1414141414141
 552 419.1919191919192
 22 424.2424242424242
 229 429.2929292929293
 184 434.3434343434343
 5 439.3939393939394
 52 444.4444444444444
 76 449.4949494949495
 50 454.5454545454545
 0 459.5959595959596
 0 464.6464646464646
 2 469.6969696969697
 0 474.7474747474747
 3 479.7979797979798
 17 484.8484848484848
 23 489.8989898989898
 70 494.9494949494949
 0 500


