# Created by Octave 3.8.2, Mon Jun 22 10:53:48 2020 CEST <damian@fptrucha.inv.usc.es>
# name: hd
# type: matrix
# rows: 100
# columns: 2
 2 0
 2 5.05050505050505
 2 10.1010101010101
 270 15.15151515151515
 2 20.2020202020202
 2 25.25252525252525
 159 30.3030303030303
 531 35.35353535353535
 623 40.4040404040404
 308 45.45454545454545
 130 50.50505050505051
 64 55.55555555555555
 2 60.6060606060606
 276 65.65656565656565
 205 70.7070707070707
 563 75.75757575757575
 1 80.8080808080808
 1 85.85858585858585
 50 90.90909090909091
 10 95.95959595959596
 7 101.010101010101
 230 106.060606060606
 168 111.1111111111111
 392 116.1616161616162
 195 121.2121212121212
 98 126.2626262626263
 1 131.3131313131313
 0 136.3636363636363
 74 141.4141414141414
 78 146.4646464646464
 445 151.5151515151515
 225 156.5656565656566
 0 161.6161616161616
 1 166.6666666666667
 72 171.7171717171717
 37 176.7676767676768
 1 181.8181818181818
 1 186.8686868686869
 201 191.9191919191919
 283 196.969696969697
 50 202.020202020202
 94 207.070707070707
 198 212.1212121212121
 61 217.1717171717171
 96 222.2222222222222
 241 227.2727272727273
 144 232.3232323232323
 0 237.3737373737374
 19 242.4242424242424
 141 247.4747474747475
 24 252.5252525252525
 112 257.5757575757576
 126 262.6262626262626
 40 267.6767676767677
 279 272.7272727272727
 139 277.7777777777778
 453 282.8282828282828
 186 287.8787878787879
 2 292.9292929292929
 0 297.979797979798
 0 303.030303030303
 215 308.0808080808081
 25 313.1313131313131
 37 318.1818181818182
 35 323.2323232323232
 37 328.2828282828282
 150 333.3333333333333
 79 338.3838383838383
 24 343.4343434343434
 182 348.4848484848484
 82 353.5353535353535
 34 358.5858585858585
 0 363.6363636363636
 47 368.6868686868686
 37 373.7373737373737
 31 378.7878787878788
 1 383.8383838383838
 1 388.8888888888889
 317 393.9393939393939
 70 398.989898989899
 61 404.040404040404
 181 409.0909090909091
 153 414.1414141414141
 581 419.1919191919192
 19 424.2424242424242
 255 429.2929292929293
 173 434.3434343434343
 5 439.3939393939394
 53 444.4444444444444
 66 449.4949494949495
 49 454.5454545454545
 0 459.5959595959596
 1 464.6464646464646
 0 469.6969696969697
 3 474.7474747474747
 2 479.7979797979798
 18 484.8484848484848
 25 489.8989898989898
 72 494.9494949494949
 0 500


