# Created by Octave 3.8.2, Mon Jun 22 18:19:33 2020 CEST <damian@fptrucha.inv.usc.es>
# name: hd
# type: matrix
# rows: 100
# columns: 2
 0 0
 4 5.05050505050505
 1 10.1010101010101
 324 15.15151515151515
 5 20.2020202020202
 0 25.25252525252525
 161 30.3030303030303
 563 35.35353535353535
 558 40.4040404040404
 289 45.45454545454545
 126 50.50505050505051
 62 55.55555555555555
 0 60.6060606060606
 284 65.65656565656565
 201 70.7070707070707
 516 75.75757575757575
 3 80.8080808080808
 2 85.85858585858585
 58 90.90909090909091
 7 95.95959595959596
 0 101.010101010101
 232 106.060606060606
 173 111.1111111111111
 426 116.1616161616162
 214 121.2121212121212
 83 126.2626262626263
 0 131.3131313131313
 2 136.3636363636363
 70 141.4141414141414
 96 146.4646464646464
 477 151.5151515151515
 230 156.5656565656566
 3 161.6161616161616
 0 166.6666666666667
 81 171.7171717171717
 24 176.7676767676768
 2 181.8181818181818
 2 186.8686868686869
 218 191.9191919191919
 263 196.969696969697
 50 202.020202020202
 91 207.070707070707
 187 212.1212121212121
 58 217.1717171717171
 116 222.2222222222222
 229 227.2727272727273
 131 232.3232323232323
 2 237.3737373737374
 28 242.4242424242424
 144 247.4747474747475
 24 252.5252525252525
 113 257.5757575757576
 126 262.6262626262626
 35 267.6767676767677
 296 272.7272727272727
 148 277.7777777777778
 419 282.8282828282828
 194 287.8787878787879
 2 292.9292929292929
 1 297.979797979798
 0 303.030303030303
 215 308.0808080808081
 26 313.1313131313131
 44 318.1818181818182
 30 323.2323232323232
 54 328.2828282828282
 188 333.3333333333333
 86 338.3838383838383
 33 343.4343434343434
 190 348.4848484848484
 116 353.5353535353535
 23 358.5858585858585
 0 363.6363636363636
 48 368.6868686868686
 38 373.7373737373737
 43 378.7878787878788
 1 383.8383838383838
 0 388.8888888888889
 320 393.9393939393939
 60 398.989898989899
 53 404.040404040404
 178 409.0909090909091
 135 414.1414141414141
 579 419.1919191919192
 23 424.2424242424242
 258 429.2929292929293
 165 434.3434343434343
 5 439.3939393939394
 62 444.4444444444444
 74 449.4949494949495
 55 454.5454545454545
 1 459.5959595959596
 1 464.6464646464646
 2 469.6969696969697
 0 474.7474747474747
 0 479.7979797979798
 12 484.8484848484848
 26 489.8989898989898
 81 494.9494949494949
 0 500


