# Created by Octave 3.8.2, Sat Jun 20 13:52:10 2020 CEST <damian@fptrucha.inv.usc.es>
# name: hd
# type: matrix
# rows: 100
# columns: 2
 2 0
 1 5.05050505050505
 1 10.1010101010101
 311 15.15151515151515
 3 20.2020202020202
 0 25.25252525252525
 152 30.3030303030303
 559 35.35353535353535
 594 40.4040404040404
 309 45.45454545454545
 143 50.50505050505051
 80 55.55555555555555
 2 60.6060606060606
 307 65.65656565656565
 226 70.7070707070707
 654 75.75757575757575
 2 80.8080808080808
 0 85.85858585858585
 68 90.90909090909091
 3 95.95959595959596
 2 101.010101010101
 215 106.060606060606
 194 111.1111111111111
 434 116.1616161616162
 212 121.2121212121212
 83 126.2626262626263
 0 131.3131313131313
 0 136.3636363636363
 62 141.4141414141414
 101 146.4646464646464
 522 151.5151515151515
 285 156.5656565656566
 5 161.6161616161616
 0 166.6666666666667
 65 171.7171717171717
 41 176.7676767676768
 0 181.8181818181818
 1 186.8686868686869
 213 191.9191919191919
 290 196.969696969697
 48 202.020202020202
 90 207.070707070707
 191 212.1212121212121
 66 217.1717171717171
 110 222.2222222222222
 219 227.2727272727273
 126 232.3232323232323
 1 237.3737373737374
 18 242.4242424242424
 135 247.4747474747475
 22 252.5252525252525
 110 257.5757575757576
 133 262.6262626262626
 45 267.6767676767677
 272 272.7272727272727
 122 277.7777777777778
 477 282.8282828282828
 209 287.8787878787879
 1 292.9292929292929
 1 297.979797979798
 0 303.030303030303
 226 308.0808080808081
 25 313.1313131313131
 45 318.1818181818182
 30 323.2323232323232
 47 328.2828282828282
 183 333.3333333333333
 65 338.3838383838383
 22 343.4343434343434
 206 348.4848484848484
 84 353.5353535353535
 33 358.5858585858585
 2 363.6363636363636
 57 368.6868686868686
 35 373.7373737373737
 45 378.7878787878788
 0 383.8383838383838
 1 388.8888888888889
 337 393.9393939393939
 55 398.989898989899
 55 404.040404040404
 172 409.0909090909091
 163 414.1414141414141
 633 419.1919191919192
 24 424.2424242424242
 232 429.2929292929293
 191 434.3434343434343
 3 439.3939393939394
 48 444.4444444444444
 90 449.4949494949495
 43 454.5454545454545
 0 459.5959595959596
 1 464.6464646464646
 1 469.6969696969697
 0 474.7474747474747
 2 479.7979797979798
 17 484.8484848484848
 25 489.8989898989898
 83 494.9494949494949
 0 500


