# Created by Octave 3.8.2, Sun Jun 21 05:08:25 2020 CEST <damian@fptrucha.inv.usc.es>
# name: hd
# type: matrix
# rows: 100
# columns: 2
 2 0
 0 5.05050505050505
 2 10.1010101010101
 274 15.15151515151515
 2 20.2020202020202
 1 25.25252525252525
 146 30.3030303030303
 483 35.35353535353535
 572 40.4040404040404
 296 45.45454545454545
 119 50.50505050505051
 61 55.55555555555555
 3 60.6060606060606
 283 65.65656565656565
 219 70.7070707070707
 584 75.75757575757575
 2 80.8080808080808
 1 85.85858585858585
 54 90.90909090909091
 5 95.95959595959596
 4 101.010101010101
 198 106.060606060606
 188 111.1111111111111
 375 116.1616161616162
 199 121.2121212121212
 91 126.2626262626263
 2 131.3131313131313
 0 136.3636363636363
 78 141.4141414141414
 76 146.4646464646464
 451 151.5151515151515
 238 156.5656565656566
 1 161.6161616161616
 1 166.6666666666667
 57 171.7171717171717
 35 176.7676767676768
 0 181.8181818181818
 1 186.8686868686869
 190 191.9191919191919
 252 196.969696969697
 37 202.020202020202
 84 207.070707070707
 183 212.1212121212121
 58 217.1717171717171
 105 222.2222222222222
 223 227.2727272727273
 152 232.3232323232323
 1 237.3737373737374
 20 242.4242424242424
 121 247.4747474747475
 15 252.5252525252525
 127 257.5757575757576
 134 262.6262626262626
 36 267.6767676767677
 286 272.7272727272727
 126 277.7777777777778
 475 282.8282828282828
 214 287.8787878787879
 0 292.9292929292929
 1 297.979797979798
 1 303.030303030303
 202 308.0808080808081
 25 313.1313131313131
 49 318.1818181818182
 31 323.2323232323232
 37 328.2828282828282
 165 333.3333333333333
 54 338.3838383838383
 21 343.4343434343434
 163 348.4848484848484
 91 353.5353535353535
 22 358.5858585858585
 0 363.6363636363636
 55 368.6868686868686
 41 373.7373737373737
 39 378.7878787878788
 1 383.8383838383838
 0 388.8888888888889
 296 393.9393939393939
 50 398.989898989899
 71 404.040404040404
 148 409.0909090909091
 132 414.1414141414141
 555 419.1919191919192
 38 424.2424242424242
 237 429.2929292929293
 184 434.3434343434343
 3 439.3939393939394
 55 444.4444444444444
 83 449.4949494949495
 50 454.5454545454545
 0 459.5959595959596
 2 464.6464646464646
 0 469.6969696969697
 2 474.7474747474747
 1 479.7979797979798
 18 484.8484848484848
 17 489.8989898989898
 73 494.9494949494949
 0 500


