# Created by Octave 3.8.2, Sat Jun 20 10:28:46 2020 CEST <damian@fptrucha.inv.usc.es>
# name: hd
# type: matrix
# rows: 100
# columns: 2
 1 0
 2 5.05050505050505
 1 10.1010101010101
 307 15.15151515151515
 2 20.2020202020202
 1 25.25252525252525
 161 30.3030303030303
 578 35.35353535353535
 659 40.4040404040404
 318 45.45454545454545
 133 50.50505050505051
 65 55.55555555555555
 2 60.6060606060606
 326 65.65656565656565
 220 70.7070707070707
 612 75.75757575757575
 1 80.8080808080808
 0 85.85858585858585
 76 90.90909090909091
 3 95.95959595959596
 2 101.010101010101
 205 106.060606060606
 199 111.1111111111111
 414 116.1616161616162
 205 121.2121212121212
 106 126.2626262626263
 0 131.3131313131313
 0 136.3636363636363
 64 141.4141414141414
 101 146.4646464646464
 543 151.5151515151515
 285 156.5656565656566
 1 161.6161616161616
 5 166.6666666666667
 66 171.7171717171717
 25 176.7676767676768
 1 181.8181818181818
 1 186.8686868686869
 199 191.9191919191919
 287 196.969696969697
 56 202.020202020202
 110 207.070707070707
 225 212.1212121212121
 62 217.1717171717171
 110 222.2222222222222
 264 227.2727272727273
 152 232.3232323232323
 0 237.3737373737374
 25 242.4242424242424
 132 247.4747474747475
 12 252.5252525252525
 132 257.5757575757576
 156 262.6262626262626
 44 267.6767676767677
 308 272.7272727272727
 184 277.7777777777778
 495 282.8282828282828
 214 287.8787878787879
 0 292.9292929292929
 0 297.979797979798
 0 303.030303030303
 223 308.0808080808081
 29 313.1313131313131
 57 318.1818181818182
 33 323.2323232323232
 54 328.2828282828282
 202 333.3333333333333
 88 338.3838383838383
 22 343.4343434343434
 232 348.4848484848484
 100 353.5353535353535
 39 358.5858585858585
 0 363.6363636363636
 59 368.6868686868686
 48 373.7373737373737
 30 378.7878787878788
 0 383.8383838383838
 1 388.8888888888889
 366 393.9393939393939
 60 398.989898989899
 75 404.040404040404
 178 409.0909090909091
 153 414.1414141414141
 629 419.1919191919192
 18 424.2424242424242
 270 429.2929292929293
 179 434.3434343434343
 3 439.3939393939394
 67 444.4444444444444
 87 449.4949494949495
 53 454.5454545454545
 1 459.5959595959596
 3 464.6464646464646
 0 469.6969696969697
 0 474.7474747474747
 2 479.7979797979798
 21 484.8484848484848
 18 489.8989898989898
 81 494.9494949494949
 0 500


