# Created by Octave 3.8.2, Mon Jun 22 05:08:42 2020 CEST <damian@fptrucha.inv.usc.es>
# name: hd
# type: matrix
# rows: 100
# columns: 2
 1 0
 5 5.05050505050505
 0 10.1010101010101
 279 15.15151515151515
 3 20.2020202020202
 2 25.25252525252525
 130 30.3030303030303
 441 35.35353535353535
 496 40.4040404040404
 286 45.45454545454545
 122 50.50505050505051
 58 55.55555555555555
 4 60.6060606060606
 256 65.65656565656565
 207 70.7070707070707
 516 75.75757575757575
 0 80.8080808080808
 1 85.85858585858585
 56 90.90909090909091
 5 95.95959595959596
 4 101.010101010101
 167 106.060606060606
 144 111.1111111111111
 334 116.1616161616162
 184 121.2121212121212
 65 126.2626262626263
 3 131.3131313131313
 1 136.3636363636363
 68 141.4141414141414
 88 146.4646464646464
 359 151.5151515151515
 235 156.5656565656566
 3 161.6161616161616
 0 166.6666666666667
 56 171.7171717171717
 17 176.7676767676768
 1 181.8181818181818
 1 186.8686868686869
 197 191.9191919191919
 248 196.969696969697
 62 202.020202020202
 80 207.070707070707
 194 212.1212121212121
 43 217.1717171717171
 105 222.2222222222222
 216 227.2727272727273
 132 232.3232323232323
 1 237.3737373737374
 19 242.4242424242424
 124 247.4747474747475
 18 252.5252525252525
 104 257.5757575757576
 120 262.6262626262626
 34 267.6767676767677
 214 272.7272727272727
 111 277.7777777777778
 459 282.8282828282828
 188 287.8787878787879
 0 292.9292929292929
 1 297.979797979798
 0 303.030303030303
 178 308.0808080808081
 26 313.1313131313131
 43 318.1818181818182
 31 323.2323232323232
 60 328.2828282828282
 145 333.3333333333333
 79 338.3838383838383
 16 343.4343434343434
 184 348.4848484848484
 81 353.5353535353535
 30 358.5858585858585
 3 363.6363636363636
 49 368.6868686868686
 40 373.7373737373737
 39 378.7878787878788
 3 383.8383838383838
 4 388.8888888888889
 259 393.9393939393939
 52 398.989898989899
 63 404.040404040404
 157 409.0909090909091
 149 414.1414141414141
 518 419.1919191919192
 20 424.2424242424242
 235 429.2929292929293
 145 434.3434343434343
 3 439.3939393939394
 59 444.4444444444444
 63 449.4949494949495
 46 454.5454545454545
 1 459.5959595959596
 2 464.6464646464646
 1 469.6969696969697
 3 474.7474747474747
 1 479.7979797979798
 24 484.8484848484848
 17 489.8989898989898
 67 494.9494949494949
 0 500


