# Created by Octave 3.8.2, Sat Jun 20 03:27:56 2020 CEST <damian@fptrucha.inv.usc.es>
# name: hd
# type: matrix
# rows: 100
# columns: 2
 0 0
 1 5.05050505050505
 3 10.1010101010101
 292 15.15151515151515
 2 20.2020202020202
 1 25.25252525252525
 190 30.3030303030303
 550 35.35353535353535
 657 40.4040404040404
 326 45.45454545454545
 144 50.50505050505051
 70 55.55555555555555
 2 60.6060606060606
 313 65.65656565656565
 213 70.7070707070707
 620 75.75757575757575
 1 80.8080808080808
 1 85.85858585858585
 75 90.90909090909091
 1 95.95959595959596
 4 101.010101010101
 233 106.060606060606
 197 111.1111111111111
 430 116.1616161616162
 203 121.2121212121212
 87 126.2626262626263
 1 131.3131313131313
 3 136.3636363636363
 76 141.4141414141414
 99 146.4646464646464
 479 151.5151515151515
 278 156.5656565656566
 3 161.6161616161616
 0 166.6666666666667
 77 171.7171717171717
 32 176.7676767676768
 2 181.8181818181818
 0 186.8686868686869
 201 191.9191919191919
 272 196.969696969697
 52 202.020202020202
 104 207.070707070707
 197 212.1212121212121
 72 217.1717171717171
 110 222.2222222222222
 240 227.2727272727273
 135 232.3232323232323
 0 237.3737373737374
 26 242.4242424242424
 147 247.4747474747475
 26 252.5252525252525
 138 257.5757575757576
 145 262.6262626262626
 43 267.6767676767677
 284 272.7272727272727
 142 277.7777777777778
 486 282.8282828282828
 230 287.8787878787879
 2 292.9292929292929
 0 297.979797979798
 0 303.030303030303
 206 308.0808080808081
 28 313.1313131313131
 38 318.1818181818182
 48 323.2323232323232
 46 328.2828282828282
 164 333.3333333333333
 64 338.3838383838383
 19 343.4343434343434
 212 348.4848484848484
 101 353.5353535353535
 38 358.5858585858585
 4 363.6363636363636
 33 368.6868686868686
 33 373.7373737373737
 37 378.7878787878788
 2 383.8383838383838
 0 388.8888888888889
 353 393.9393939393939
 66 398.989898989899
 62 404.040404040404
 174 409.0909090909091
 151 414.1414141414141
 590 419.1919191919192
 28 424.2424242424242
 206 429.2929292929293
 185 434.3434343434343
 3 439.3939393939394
 62 444.4444444444444
 77 449.4949494949495
 54 454.5454545454545
 0 459.5959595959596
 1 464.6464646464646
 1 469.6969696969697
 0 474.7474747474747
 1 479.7979797979798
 22 484.8484848484848
 15 489.8989898989898
 76 494.9494949494949
 0 500


