# Created by Octave 3.8.2, Sat Jun 20 20:45:33 2020 CEST <damian@fptrucha.inv.usc.es>
# name: hd
# type: matrix
# rows: 100
# columns: 2
 0 0
 4 5.05050505050505
 2 10.1010101010101
 275 15.15151515151515
 4 20.2020202020202
 1 25.25252525252525
 161 30.3030303030303
 539 35.35353535353535
 570 40.4040404040404
 305 45.45454545454545
 123 50.50505050505051
 57 55.55555555555555
 0 60.6060606060606
 263 65.65656565656565
 199 70.7070707070707
 573 75.75757575757575
 1 80.8080808080808
 0 85.85858585858585
 72 90.90909090909091
 6 95.95959595959596
 4 101.010101010101
 185 106.060606060606
 159 111.1111111111111
 385 116.1616161616162
 185 121.2121212121212
 86 126.2626262626263
 0 131.3131313131313
 2 136.3636363636363
 56 141.4141414141414
 93 146.4646464646464
 421 151.5151515151515
 278 156.5656565656566
 3 161.6161616161616
 0 166.6666666666667
 77 171.7171717171717
 41 176.7676767676768
 0 181.8181818181818
 0 186.8686868686869
 169 191.9191919191919
 262 196.969696969697
 53 202.020202020202
 103 207.070707070707
 171 212.1212121212121
 65 217.1717171717171
 100 222.2222222222222
 213 227.2727272727273
 154 232.3232323232323
 1 237.3737373737374
 23 242.4242424242424
 143 247.4747474747475
 12 252.5252525252525
 125 257.5757575757576
 116 262.6262626262626
 38 267.6767676767677
 256 272.7272727272727
 132 277.7777777777778
 428 282.8282828282828
 233 287.8787878787879
 1 292.9292929292929
 1 297.979797979798
 1 303.030303030303
 194 308.0808080808081
 19 313.1313131313131
 45 318.1818181818182
 24 323.2323232323232
 42 328.2828282828282
 176 333.3333333333333
 61 338.3838383838383
 20 343.4343434343434
 176 348.4848484848484
 104 353.5353535353535
 21 358.5858585858585
 0 363.6363636363636
 42 368.6868686868686
 43 373.7373737373737
 31 378.7878787878788
 1 383.8383838383838
 0 388.8888888888889
 362 393.9393939393939
 59 398.989898989899
 52 404.040404040404
 181 409.0909090909091
 151 414.1414141414141
 531 419.1919191919192
 22 424.2424242424242
 244 429.2929292929293
 169 434.3434343434343
 1 439.3939393939394
 70 444.4444444444444
 83 449.4949494949495
 60 454.5454545454545
 0 459.5959595959596
 0 464.6464646464646
 0 469.6969696969697
 1 474.7474747474747
 1 479.7979797979798
 18 484.8484848484848
 29 489.8989898989898
 67 494.9494949494949
 0 500


