# Created by Octave 3.8.2, Sun Jun 21 00:10:38 2020 CEST <damian@fptrucha.inv.usc.es>
# name: hd
# type: matrix
# rows: 100
# columns: 2
 1 0
 1 5.05050505050505
 0 10.1010101010101
 161 15.15151515151515
 1 20.2020202020202
 2 25.25252525252525
 99 30.3030303030303
 308 35.35353535353535
 366 40.4040404040404
 206 45.45454545454545
 76 50.50505050505051
 34 55.55555555555555
 2 60.6060606060606
 159 65.65656565656565
 132 70.7070707070707
 408 75.75757575757575
 2 80.8080808080808
 0 85.85858585858585
 27 90.90909090909091
 2 95.95959595959596
 1 101.010101010101
 132 106.060606060606
 122 111.1111111111111
 264 116.1616161616162
 140 121.2121212121212
 45 126.2626262626263
 1 131.3131313131313
 0 136.3636363636363
 30 141.4141414141414
 59 146.4646464646464
 298 151.5151515151515
 164 156.5656565656566
 0 161.6161616161616
 1 166.6666666666667
 42 171.7171717171717
 18 176.7676767676768
 0 181.8181818181818
 0 186.8686868686869
 132 191.9191919191919
 157 196.969696969697
 26 202.020202020202
 61 207.070707070707
 124 212.1212121212121
 40 217.1717171717171
 73 222.2222222222222
 137 227.2727272727273
 91 232.3232323232323
 0 237.3737373737374
 15 242.4242424242424
 79 247.4747474747475
 16 252.5252525252525
 61 257.5757575757576
 85 262.6262626262626
 25 267.6767676767677
 156 272.7272727272727
 92 277.7777777777778
 288 282.8282828282828
 104 287.8787878787879
 0 292.9292929292929
 0 297.979797979798
 0 303.030303030303
 124 308.0808080808081
 16 313.1313131313131
 21 318.1818181818182
 25 323.2323232323232
 43 328.2828282828282
 120 333.3333333333333
 37 338.3838383838383
 5 343.4343434343434
 129 348.4848484848484
 64 353.5353535353535
 17 358.5858585858585
 2 363.6363636363636
 29 368.6868686868686
 24 373.7373737373737
 21 378.7878787878788
 2 383.8383838383838
 2 388.8888888888889
 192 393.9393939393939
 52 398.989898989899
 33 404.040404040404
 111 409.0909090909091
 88 414.1414141414141
 371 419.1919191919192
 14 424.2424242424242
 149 429.2929292929293
 121 434.3434343434343
 4 439.3939393939394
 35 444.4444444444444
 59 449.4949494949495
 32 454.5454545454545
 0 459.5959595959596
 0 464.6464646464646
 0 469.6969696969697
 1 474.7474747474747
 0 479.7979797979798
 15 484.8484848484848
 13 489.8989898989898
 51 494.9494949494949
 0 500


