# Created by Octave 3.8.2, Sat Jun 20 19:32:20 2020 CEST <damian@fptrucha.inv.usc.es>
# name: hd
# type: matrix
# rows: 100
# columns: 2
 2 0
 2 5.05050505050505
 0 10.1010101010101
 275 15.15151515151515
 3 20.2020202020202
 0 25.25252525252525
 148 30.3030303030303
 482 35.35353535353535
 621 40.4040404040404
 287 45.45454545454545
 134 50.50505050505051
 64 55.55555555555555
 3 60.6060606060606
 286 65.65656565656565
 178 70.7070707070707
 552 75.75757575757575
 3 80.8080808080808
 0 85.85858585858585
 52 90.90909090909091
 2 95.95959595959596
 2 101.010101010101
 185 106.060606060606
 186 111.1111111111111
 380 116.1616161616162
 201 121.2121212121212
 72 126.2626262626263
 0 131.3131313131313
 1 136.3636363636363
 61 141.4141414141414
 71 146.4646464646464
 465 151.5151515151515
 264 156.5656565656566
 2 161.6161616161616
 0 166.6666666666667
 75 171.7171717171717
 43 176.7676767676768
 0 181.8181818181818
 1 186.8686868686869
 180 191.9191919191919
 243 196.969696969697
 39 202.020202020202
 97 207.070707070707
 170 212.1212121212121
 72 217.1717171717171
 112 222.2222222222222
 216 227.2727272727273
 140 232.3232323232323
 2 237.3737373737374
 25 242.4242424242424
 154 247.4747474747475
 14 252.5252525252525
 106 257.5757575757576
 138 262.6262626262626
 40 267.6767676767677
 255 272.7272727272727
 152 277.7777777777778
 418 282.8282828282828
 189 287.8787878787879
 1 292.9292929292929
 0 297.979797979798
 0 303.030303030303
 196 308.0808080808081
 19 313.1313131313131
 32 318.1818181818182
 41 323.2323232323232
 30 328.2828282828282
 156 333.3333333333333
 64 338.3838383838383
 10 343.4343434343434
 165 348.4848484848484
 87 353.5353535353535
 30 358.5858585858585
 1 363.6363636363636
 49 368.6868686868686
 38 373.7373737373737
 32 378.7878787878788
 3 383.8383838383838
 0 388.8888888888889
 275 393.9393939393939
 62 398.989898989899
 83 404.040404040404
 163 409.0909090909091
 147 414.1414141414141
 545 419.1919191919192
 24 424.2424242424242
 211 429.2929292929293
 189 434.3434343434343
 4 439.3939393939394
 59 444.4444444444444
 73 449.4949494949495
 42 454.5454545454545
 1 459.5959595959596
 0 464.6464646464646
 1 469.6969696969697
 2 474.7474747474747
 0 479.7979797979798
 14 484.8484848484848
 13 489.8989898989898
 68 494.9494949494949
 0 500


