# Created by Octave 3.8.2, Sat Jun 20 15:22:24 2020 CEST <damian@fptrucha.inv.usc.es>
# name: hd
# type: matrix
# rows: 100
# columns: 2
 2 0
 3 5.05050505050505
 0 10.1010101010101
 282 15.15151515151515
 5 20.2020202020202
 1 25.25252525252525
 136 30.3030303030303
 521 35.35353535353535
 628 40.4040404040404
 299 45.45454545454545
 126 50.50505050505051
 60 55.55555555555555
 0 60.6060606060606
 274 65.65656565656565
 212 70.7070707070707
 540 75.75757575757575
 0 80.8080808080808
 0 85.85858585858585
 42 90.90909090909091
 2 95.95959595959596
 3 101.010101010101
 203 106.060606060606
 169 111.1111111111111
 403 116.1616161616162
 224 121.2121212121212
 83 126.2626262626263
 0 131.3131313131313
 2 136.3636363636363
 90 141.4141414141414
 85 146.4646464646464
 465 151.5151515151515
 284 156.5656565656566
 2 161.6161616161616
 0 166.6666666666667
 90 171.7171717171717
 40 176.7676767676768
 1 181.8181818181818
 0 186.8686868686869
 202 191.9191919191919
 263 196.969696969697
 57 202.020202020202
 99 207.070707070707
 189 212.1212121212121
 55 217.1717171717171
 93 222.2222222222222
 240 227.2727272727273
 111 232.3232323232323
 1 237.3737373737374
 21 242.4242424242424
 131 247.4747474747475
 21 252.5252525252525
 118 257.5757575757576
 146 262.6262626262626
 43 267.6767676767677
 225 272.7272727272727
 138 277.7777777777778
 495 282.8282828282828
 209 287.8787878787879
 1 292.9292929292929
 1 297.979797979798
 0 303.030303030303
 224 308.0808080808081
 27 313.1313131313131
 46 318.1818181818182
 35 323.2323232323232
 57 328.2828282828282
 210 333.3333333333333
 62 338.3838383838383
 19 343.4343434343434
 223 348.4848484848484
 79 353.5353535353535
 34 358.5858585858585
 1 363.6363636363636
 48 368.6868686868686
 30 373.7373737373737
 55 378.7878787878788
 0 383.8383838383838
 0 388.8888888888889
 309 393.9393939393939
 59 398.989898989899
 68 404.040404040404
 198 409.0909090909091
 134 414.1414141414141
 586 419.1919191919192
 18 424.2424242424242
 238 429.2929292929293
 208 434.3434343434343
 10 439.3939393939394
 49 444.4444444444444
 83 449.4949494949495
 60 454.5454545454545
 2 459.5959595959596
 2 464.6464646464646
 0 469.6969696969697
 0 474.7474747474747
 1 479.7979797979798
 19 484.8484848484848
 16 489.8989898989898
 72 494.9494949494949
 0 500


