# Created by Octave 3.8.2, Sun Jun 21 03:51:50 2020 CEST <damian@fptrucha.inv.usc.es>
# name: hd
# type: matrix
# rows: 100
# columns: 2
 0 0
 3 5.05050505050505
 5 10.1010101010101
 263 15.15151515151515
 1 20.2020202020202
 0 25.25252525252525
 137 30.3030303030303
 496 35.35353535353535
 610 40.4040404040404
 314 45.45454545454545
 118 50.50505050505051
 61 55.55555555555555
 1 60.6060606060606
 236 65.65656565656565
 205 70.7070707070707
 514 75.75757575757575
 1 80.8080808080808
 0 85.85858585858585
 66 90.90909090909091
 2 95.95959595959596
 3 101.010101010101
 179 106.060606060606
 173 111.1111111111111
 402 116.1616161616162
 192 121.2121212121212
 86 126.2626262626263
 0 131.3131313131313
 2 136.3636363636363
 66 141.4141414141414
 79 146.4646464646464
 436 151.5151515151515
 268 156.5656565656566
 1 161.6161616161616
 1 166.6666666666667
 69 171.7171717171717
 23 176.7676767676768
 2 181.8181818181818
 0 186.8686868686869
 177 191.9191919191919
 283 196.969696969697
 46 202.020202020202
 101 207.070707070707
 196 212.1212121212121
 54 217.1717171717171
 87 222.2222222222222
 195 227.2727272727273
 149 232.3232323232323
 0 237.3737373737374
 24 242.4242424242424
 133 247.4747474747475
 23 252.5252525252525
 103 257.5757575757576
 121 262.6262626262626
 41 267.6767676767677
 225 272.7272727272727
 132 277.7777777777778
 441 282.8282828282828
 206 287.8787878787879
 1 292.9292929292929
 1 297.979797979798
 1 303.030303030303
 193 308.0808080808081
 21 313.1313131313131
 37 318.1818181818182
 24 323.2323232323232
 37 328.2828282828282
 196 333.3333333333333
 65 338.3838383838383
 17 343.4343434343434
 182 348.4848484848484
 83 353.5353535353535
 27 358.5858585858585
 0 363.6363636363636
 39 368.6868686868686
 43 373.7373737373737
 25 378.7878787878788
 1 383.8383838383838
 1 388.8888888888889
 304 393.9393939393939
 62 398.989898989899
 67 404.040404040404
 166 409.0909090909091
 141 414.1414141414141
 514 419.1919191919192
 24 424.2424242424242
 240 429.2929292929293
 179 434.3434343434343
 3 439.3939393939394
 52 444.4444444444444
 71 449.4949494949495
 62 454.5454545454545
 0 459.5959595959596
 0 464.6464646464646
 1 469.6969696969697
 0 474.7474747474747
 0 479.7979797979798
 14 484.8484848484848
 27 489.8989898989898
 60 494.9494949494949
 0 500


