# Created by Octave 3.8.2, Sun Jun 21 07:35:42 2020 CEST <damian@fptrucha.inv.usc.es>
# name: hd
# type: matrix
# rows: 100
# columns: 2
 3 0
 8 5.05050505050505
 0 10.1010101010101
 305 15.15151515151515
 4 20.2020202020202
 0 25.25252525252525
 172 30.3030303030303
 515 35.35353535353535
 595 40.4040404040404
 287 45.45454545454545
 119 50.50505050505051
 63 55.55555555555555
 1 60.6060606060606
 301 65.65656565656565
 232 70.7070707070707
 584 75.75757575757575
 2 80.8080808080808
 1 85.85858585858585
 73 90.90909090909091
 3 95.95959595959596
 3 101.010101010101
 208 106.060606060606
 167 111.1111111111111
 436 116.1616161616162
 208 121.2121212121212
 78 126.2626262626263
 0 131.3131313131313
 3 136.3636363636363
 91 141.4141414141414
 77 146.4646464646464
 440 151.5151515151515
 248 156.5656565656566
 2 161.6161616161616
 1 166.6666666666667
 71 171.7171717171717
 38 176.7676767676768
 1 181.8181818181818
 0 186.8686868686869
 182 191.9191919191919
 285 196.969696969697
 45 202.020202020202
 94 207.070707070707
 197 212.1212121212121
 60 217.1717171717171
 108 222.2222222222222
 226 227.2727272727273
 138 232.3232323232323
 2 237.3737373737374
 22 242.4242424242424
 176 247.4747474747475
 23 252.5252525252525
 115 257.5757575757576
 151 262.6262626262626
 43 267.6767676767677
 268 272.7272727272727
 151 277.7777777777778
 494 282.8282828282828
 191 287.8787878787879
 0 292.9292929292929
 0 297.979797979798
 1 303.030303030303
 208 308.0808080808081
 21 313.1313131313131
 38 318.1818181818182
 28 323.2323232323232
 40 328.2828282828282
 190 333.3333333333333
 66 338.3838383838383
 14 343.4343434343434
 161 348.4848484848484
 101 353.5353535353535
 25 358.5858585858585
 0 363.6363636363636
 52 368.6868686868686
 37 373.7373737373737
 25 378.7878787878788
 0 383.8383838383838
 1 388.8888888888889
 325 393.9393939393939
 66 398.989898989899
 67 404.040404040404
 187 409.0909090909091
 131 414.1414141414141
 541 419.1919191919192
 15 424.2424242424242
 231 429.2929292929293
 197 434.3434343434343
 8 439.3939393939394
 50 444.4444444444444
 85 449.4949494949495
 49 454.5454545454545
 1 459.5959595959596
 1 464.6464646464646
 0 469.6969696969697
 2 474.7474747474747
 3 479.7979797979798
 20 484.8484848484848
 24 489.8989898989898
 70 494.9494949494949
 0 500


