# Created by Octave 3.8.2, Sat Jun 20 21:43:51 2020 CEST <damian@fptrucha.inv.usc.es>
# name: hd
# type: matrix
# rows: 100
# columns: 2
 2 0
 2 5.05050505050505
 3 10.1010101010101
 259 15.15151515151515
 4 20.2020202020202
 2 25.25252525252525
 158 30.3030303030303
 502 35.35353535353535
 558 40.4040404040404
 292 45.45454545454545
 115 50.50505050505051
 70 55.55555555555555
 1 60.6060606060606
 273 65.65656565656565
 209 70.7070707070707
 531 75.75757575757575
 1 80.8080808080808
 0 85.85858585858585
 58 90.90909090909091
 6 95.95959595959596
 5 101.010101010101
 176 106.060606060606
 170 111.1111111111111
 326 116.1616161616162
 199 121.2121212121212
 88 126.2626262626263
 0 131.3131313131313
 1 136.3636363636363
 58 141.4141414141414
 116 146.4646464646464
 427 151.5151515151515
 279 156.5656565656566
 5 161.6161616161616
 0 166.6666666666667
 70 171.7171717171717
 38 176.7676767676768
 0 181.8181818181818
 0 186.8686868686869
 176 191.9191919191919
 245 196.969696969697
 51 202.020202020202
 103 207.070707070707
 198 212.1212121212121
 48 217.1717171717171
 99 222.2222222222222
 216 227.2727272727273
 130 232.3232323232323
 0 237.3737373737374
 19 242.4242424242424
 130 247.4747474747475
 15 252.5252525252525
 114 257.5757575757576
 154 262.6262626262626
 35 267.6767676767677
 250 272.7272727272727
 134 277.7777777777778
 443 282.8282828282828
 180 287.8787878787879
 0 292.9292929292929
 2 297.979797979798
 0 303.030303030303
 230 308.0808080808081
 21 313.1313131313131
 56 318.1818181818182
 34 323.2323232323232
 32 328.2828282828282
 164 333.3333333333333
 58 338.3838383838383
 13 343.4343434343434
 178 348.4848484848484
 102 353.5353535353535
 25 358.5858585858585
 1 363.6363636363636
 37 368.6868686868686
 32 373.7373737373737
 34 378.7878787878788
 2 383.8383838383838
 0 388.8888888888889
 310 393.9393939393939
 52 398.989898989899
 61 404.040404040404
 182 409.0909090909091
 154 414.1414141414141
 534 419.1919191919192
 22 424.2424242424242
 248 429.2929292929293
 148 434.3434343434343
 4 439.3939393939394
 65 444.4444444444444
 82 449.4949494949495
 37 454.5454545454545
 0 459.5959595959596
 0 464.6464646464646
 2 469.6969696969697
 1 474.7474747474747
 1 479.7979797979798
 13 484.8484848484848
 12 489.8989898989898
 52 494.9494949494949
 0 500


