# Created by Octave 3.8.2, Mon Jun 22 14:43:35 2020 CEST <damian@fptrucha.inv.usc.es>
# name: hd
# type: matrix
# rows: 100
# columns: 2
 3 0
 0 5.05050505050505
 3 10.1010101010101
 327 15.15151515151515
 4 20.2020202020202
 2 25.25252525252525
 137 30.3030303030303
 528 35.35353535353535
 561 40.4040404040404
 329 45.45454545454545
 128 50.50505050505051
 65 55.55555555555555
 2 60.6060606060606
 261 65.65656565656565
 212 70.7070707070707
 622 75.75757575757575
 3 80.8080808080808
 0 85.85858585858585
 57 90.90909090909091
 10 95.95959595959596
 2 101.010101010101
 184 106.060606060606
 209 111.1111111111111
 388 116.1616161616162
 203 121.2121212121212
 107 126.2626262626263
 0 131.3131313131313
 2 136.3636363636363
 60 141.4141414141414
 84 146.4646464646464
 456 151.5151515151515
 253 156.5656565656566
 2 161.6161616161616
 2 166.6666666666667
 81 171.7171717171717
 25 176.7676767676768
 0 181.8181818181818
 2 186.8686868686869
 180 191.9191919191919
 259 196.969696969697
 45 202.020202020202
 84 207.070707070707
 179 212.1212121212121
 51 217.1717171717171
 111 222.2222222222222
 257 227.2727272727273
 145 232.3232323232323
 0 237.3737373737374
 18 242.4242424242424
 145 247.4747474747475
 26 252.5252525252525
 105 257.5757575757576
 135 262.6262626262626
 39 267.6767676767677
 268 272.7272727272727
 152 277.7777777777778
 476 282.8282828282828
 198 287.8787878787879
 2 292.9292929292929
 0 297.979797979798
 1 303.030303030303
 214 308.0808080808081
 22 313.1313131313131
 39 318.1818181818182
 34 323.2323232323232
 38 328.2828282828282
 182 333.3333333333333
 61 338.3838383838383
 16 343.4343434343434
 171 348.4848484848484
 119 353.5353535353535
 31 358.5858585858585
 2 363.6363636363636
 56 368.6868686868686
 39 373.7373737373737
 23 378.7878787878788
 0 383.8383838383838
 0 388.8888888888889
 309 393.9393939393939
 70 398.989898989899
 70 404.040404040404
 186 409.0909090909091
 151 414.1414141414141
 590 419.1919191919192
 16 424.2424242424242
 234 429.2929292929293
 174 434.3434343434343
 4 439.3939393939394
 75 444.4444444444444
 80 449.4949494949495
 64 454.5454545454545
 1 459.5959595959596
 2 464.6464646464646
 1 469.6969696969697
 3 474.7474747474747
 1 479.7979797979798
 18 484.8484848484848
 24 489.8989898989898
 70 494.9494949494949
 0 500


