# Created by Octave 3.8.2, Sun Jun 21 06:36:35 2020 CEST <damian@fptrucha.inv.usc.es>
# name: hd
# type: matrix
# rows: 100
# columns: 2
 2 0
 4 5.05050505050505
 0 10.1010101010101
 265 15.15151515151515
 0 20.2020202020202
 1 25.25252525252525
 147 30.3030303030303
 513 35.35353535353535
 615 40.4040404040404
 272 45.45454545454545
 138 50.50505050505051
 74 55.55555555555555
 1 60.6060606060606
 268 65.65656565656565
 194 70.7070707070707
 571 75.75757575757575
 0 80.8080808080808
 0 85.85858585858585
 52 90.90909090909091
 1 95.95959595959596
 1 101.010101010101
 201 106.060606060606
 155 111.1111111111111
 395 116.1616161616162
 226 121.2121212121212
 105 126.2626262626263
 0 131.3131313131313
 0 136.3636363636363
 58 141.4141414141414
 103 146.4646464646464
 429 151.5151515151515
 265 156.5656565656566
 1 161.6161616161616
 0 166.6666666666667
 72 171.7171717171717
 29 176.7676767676768
 0 181.8181818181818
 3 186.8686868686869
 187 191.9191919191919
 267 196.969696969697
 44 202.020202020202
 96 207.070707070707
 182 212.1212121212121
 72 217.1717171717171
 105 222.2222222222222
 219 227.2727272727273
 124 232.3232323232323
 1 237.3737373737374
 17 242.4242424242424
 148 247.4747474747475
 21 252.5252525252525
 104 257.5757575757576
 141 262.6262626262626
 38 267.6767676767677
 262 272.7272727272727
 149 277.7777777777778
 474 282.8282828282828
 205 287.8787878787879
 1 292.9292929292929
 0 297.979797979798
 2 303.030303030303
 218 308.0808080808081
 23 313.1313131313131
 42 318.1818181818182
 28 323.2323232323232
 41 328.2828282828282
 165 333.3333333333333
 64 338.3838383838383
 18 343.4343434343434
 208 348.4848484848484
 92 353.5353535353535
 28 358.5858585858585
 2 363.6363636363636
 44 368.6868686868686
 34 373.7373737373737
 35 378.7878787878788
 1 383.8383838383838
 0 388.8888888888889
 326 393.9393939393939
 66 398.989898989899
 68 404.040404040404
 174 409.0909090909091
 133 414.1414141414141
 592 419.1919191919192
 18 424.2424242424242
 242 429.2929292929293
 167 434.3434343434343
 3 439.3939393939394
 43 444.4444444444444
 77 449.4949494949495
 56 454.5454545454545
 0 459.5959595959596
 0 464.6464646464646
 1 469.6969696969697
 5 474.7474747474747
 1 479.7979797979798
 25 484.8484848484848
 22 489.8989898989898
 77 494.9494949494949
 0 500


