# Created by Octave 3.8.2, Sun Jun 21 06:17:45 2020 CEST <damian@fptrucha.inv.usc.es>
# name: hd
# type: matrix
# rows: 100
# columns: 2
 2 0
 0 5.05050505050505
 1 10.1010101010101
 271 15.15151515151515
 3 20.2020202020202
 0 25.25252525252525
 161 30.3030303030303
 509 35.35353535353535
 600 40.4040404040404
 311 45.45454545454545
 127 50.50505050505051
 52 55.55555555555555
 2 60.6060606060606
 276 65.65656565656565
 197 70.7070707070707
 565 75.75757575757575
 2 80.8080808080808
 1 85.85858585858585
 54 90.90909090909091
 7 95.95959595959596
 2 101.010101010101
 178 106.060606060606
 212 111.1111111111111
 352 116.1616161616162
 201 121.2121212121212
 90 126.2626262626263
 1 131.3131313131313
 1 136.3636363636363
 64 141.4141414141414
 76 146.4646464646464
 439 151.5151515151515
 279 156.5656565656566
 4 161.6161616161616
 0 166.6666666666667
 57 171.7171717171717
 37 176.7676767676768
 0 181.8181818181818
 0 186.8686868686869
 175 191.9191919191919
 236 196.969696969697
 34 202.020202020202
 101 207.070707070707
 173 212.1212121212121
 70 217.1717171717171
 107 222.2222222222222
 216 227.2727272727273
 139 232.3232323232323
 0 237.3737373737374
 14 242.4242424242424
 143 247.4747474747475
 22 252.5252525252525
 104 257.5757575757576
 146 262.6262626262626
 39 267.6767676767677
 281 272.7272727272727
 129 277.7777777777778
 425 282.8282828282828
 200 287.8787878787879
 0 292.9292929292929
 0 297.979797979798
 0 303.030303030303
 195 308.0808080808081
 20 313.1313131313131
 47 318.1818181818182
 26 323.2323232323232
 37 328.2828282828282
 144 333.3333333333333
 52 338.3838383838383
 13 343.4343434343434
 190 348.4848484848484
 78 353.5353535353535
 39 358.5858585858585
 0 363.6363636363636
 51 368.6868686868686
 38 373.7373737373737
 45 378.7878787878788
 0 383.8383838383838
 0 388.8888888888889
 285 393.9393939393939
 55 398.989898989899
 64 404.040404040404
 157 409.0909090909091
 147 414.1414141414141
 567 419.1919191919192
 25 424.2424242424242
 200 429.2929292929293
 163 434.3434343434343
 3 439.3939393939394
 47 444.4444444444444
 67 449.4949494949495
 45 454.5454545454545
 0 459.5959595959596
 0 464.6464646464646
 1 469.6969696969697
 2 474.7474747474747
 0 479.7979797979798
 12 484.8484848484848
 26 489.8989898989898
 70 494.9494949494949
 0 500


