# Created by Octave 3.8.2, Mon Jun 22 12:24:16 2020 CEST <damian@fptrucha.inv.usc.es>
# name: hd
# type: matrix
# rows: 100
# columns: 2
 3 0
 4 5.05050505050505
 3 10.1010101010101
 310 15.15151515151515
 2 20.2020202020202
 0 25.25252525252525
 163 30.3030303030303
 534 35.35353535353535
 602 40.4040404040404
 325 45.45454545454545
 113 50.50505050505051
 67 55.55555555555555
 3 60.6060606060606
 261 65.65656565656565
 182 70.7070707070707
 574 75.75757575757575
 3 80.8080808080808
 1 85.85858585858585
 52 90.90909090909091
 5 95.95959595959596
 8 101.010101010101
 195 106.060606060606
 179 111.1111111111111
 355 116.1616161616162
 201 121.2121212121212
 94 126.2626262626263
 2 131.3131313131313
 0 136.3636363636363
 68 141.4141414141414
 87 146.4646464646464
 468 151.5151515151515
 254 156.5656565656566
 2 161.6161616161616
 1 166.6666666666667
 77 171.7171717171717
 28 176.7676767676768
 2 181.8181818181818
 0 186.8686868686869
 185 191.9191919191919
 252 196.969696969697
 36 202.020202020202
 88 207.070707070707
 180 212.1212121212121
 49 217.1717171717171
 90 222.2222222222222
 218 227.2727272727273
 154 232.3232323232323
 1 237.3737373737374
 27 242.4242424242424
 124 247.4747474747475
 24 252.5252525252525
 102 257.5757575757576
 138 262.6262626262626
 45 267.6767676767677
 254 272.7272727272727
 134 277.7777777777778
 462 282.8282828282828
 210 287.8787878787879
 1 292.9292929292929
 1 297.979797979798
 0 303.030303030303
 202 308.0808080808081
 23 313.1313131313131
 34 318.1818181818182
 31 323.2323232323232
 42 328.2828282828282
 162 333.3333333333333
 64 338.3838383838383
 18 343.4343434343434
 179 348.4848484848484
 91 353.5353535353535
 30 358.5858585858585
 0 363.6363636363636
 56 368.6868686868686
 33 373.7373737373737
 38 378.7878787878788
 0 383.8383838383838
 0 388.8888888888889
 338 393.9393939393939
 64 398.989898989899
 63 404.040404040404
 180 409.0909090909091
 161 414.1414141414141
 577 419.1919191919192
 19 424.2424242424242
 266 429.2929292929293
 177 434.3434343434343
 3 439.3939393939394
 60 444.4444444444444
 99 449.4949494949495
 54 454.5454545454545
 1 459.5959595959596
 2 464.6464646464646
 1 469.6969696969697
 1 474.7474747474747
 1 479.7979797979798
 35 484.8484848484848
 21 489.8989898989898
 82 494.9494949494949
 0 500


