# Created by Octave 3.8.2, Sat Jun 20 04:07:16 2020 CEST <damian@fptrucha.inv.usc.es>
# name: hd
# type: matrix
# rows: 100
# columns: 2
 3 0
 4 5.05050505050505
 0 10.1010101010101
 298 15.15151515151515
 3 20.2020202020202
 0 25.25252525252525
 160 30.3030303030303
 550 35.35353535353535
 635 40.4040404040404
 345 45.45454545454545
 106 50.50505050505051
 91 55.55555555555555
 3 60.6060606060606
 295 65.65656565656565
 241 70.7070707070707
 604 75.75757575757575
 0 80.8080808080808
 1 85.85858585858585
 92 90.90909090909091
 3 95.95959595959596
 1 101.010101010101
 197 106.060606060606
 216 111.1111111111111
 452 116.1616161616162
 202 121.2121212121212
 67 126.2626262626263
 2 131.3131313131313
 0 136.3636363636363
 69 141.4141414141414
 101 146.4646464646464
 502 151.5151515151515
 291 156.5656565656566
 2 161.6161616161616
 1 166.6666666666667
 93 171.7171717171717
 36 176.7676767676768
 0 181.8181818181818
 0 186.8686868686869
 200 191.9191919191919
 275 196.969696969697
 62 202.020202020202
 111 207.070707070707
 196 212.1212121212121
 65 217.1717171717171
 115 222.2222222222222
 228 227.2727272727273
 149 232.3232323232323
 0 237.3737373737374
 31 242.4242424242424
 143 247.4747474747475
 23 252.5252525252525
 132 257.5757575757576
 153 262.6262626262626
 42 267.6767676767677
 289 272.7272727272727
 151 277.7777777777778
 564 282.8282828282828
 218 287.8787878787879
 0 292.9292929292929
 1 297.979797979798
 1 303.030303030303
 232 308.0808080808081
 30 313.1313131313131
 47 318.1818181818182
 32 323.2323232323232
 50 328.2828282828282
 191 333.3333333333333
 64 338.3838383838383
 13 343.4343434343434
 224 348.4848484848484
 105 353.5353535353535
 27 358.5858585858585
 1 363.6363636363636
 46 368.6868686868686
 43 373.7373737373737
 59 378.7878787878788
 1 383.8383838383838
 0 388.8888888888889
 321 393.9393939393939
 57 398.989898989899
 61 404.040404040404
 180 409.0909090909091
 141 414.1414141414141
 590 419.1919191919192
 22 424.2424242424242
 268 429.2929292929293
 209 434.3434343434343
 4 439.3939393939394
 58 444.4444444444444
 100 449.4949494949495
 60 454.5454545454545
 0 459.5959595959596
 0 464.6464646464646
 2 469.6969696969697
 1 474.7474747474747
 1 479.7979797979798
 23 484.8484848484848
 20 489.8989898989898
 95 494.9494949494949
 0 500


