# Created by Octave 3.8.2, Sat Jun 20 03:41:09 2020 CEST <damian@fptrucha.inv.usc.es>
# name: hd
# type: matrix
# rows: 100
# columns: 2
 3 0
 3 5.05050505050505
 2 10.1010101010101
 297 15.15151515151515
 3 20.2020202020202
 0 25.25252525252525
 162 30.3030303030303
 611 35.35353535353535
 666 40.4040404040404
 339 45.45454545454545
 150 50.50505050505051
 71 55.55555555555555
 0 60.6060606060606
 302 65.65656565656565
 220 70.7070707070707
 585 75.75757575757575
 2 80.8080808080808
 1 85.85858585858585
 68 90.90909090909091
 2 95.95959595959596
 3 101.010101010101
 202 106.060606060606
 198 111.1111111111111
 439 116.1616161616162
 216 121.2121212121212
 101 126.2626262626263
 0 131.3131313131313
 0 136.3636363636363
 82 141.4141414141414
 77 146.4646464646464
 473 151.5151515151515
 321 156.5656565656566
 0 161.6161616161616
 0 166.6666666666667
 57 171.7171717171717
 31 176.7676767676768
 1 181.8181818181818
 4 186.8686868686869
 178 191.9191919191919
 290 196.969696969697
 43 202.020202020202
 105 207.070707070707
 184 212.1212121212121
 66 217.1717171717171
 111 222.2222222222222
 249 227.2727272727273
 170 232.3232323232323
 1 237.3737373737374
 23 242.4242424242424
 154 247.4747474747475
 22 252.5252525252525
 134 257.5757575757576
 164 262.6262626262626
 32 267.6767676767677
 283 272.7272727272727
 145 277.7777777777778
 479 282.8282828282828
 226 287.8787878787879
 0 292.9292929292929
 0 297.979797979798
 1 303.030303030303
 242 308.0808080808081
 30 313.1313131313131
 52 318.1818181818182
 34 323.2323232323232
 45 328.2828282828282
 183 333.3333333333333
 89 338.3838383838383
 26 343.4343434343434
 179 348.4848484848484
 96 353.5353535353535
 28 358.5858585858585
 1 363.6363636363636
 44 368.6868686868686
 52 373.7373737373737
 34 378.7878787878788
 0 383.8383838383838
 0 388.8888888888889
 343 393.9393939393939
 70 398.989898989899
 63 404.040404040404
 184 409.0909090909091
 164 414.1414141414141
 629 419.1919191919192
 20 424.2424242424242
 228 429.2929292929293
 187 434.3434343434343
 3 439.3939393939394
 62 444.4444444444444
 87 449.4949494949495
 66 454.5454545454545
 0 459.5959595959596
 2 464.6464646464646
 1 469.6969696969697
 0 474.7474747474747
 1 479.7979797979798
 21 484.8484848484848
 24 489.8989898989898
 84 494.9494949494949
 0 500


