# Created by Octave 3.8.2, Mon Jun 22 19:45:01 2020 CEST <damian@fptrucha.inv.usc.es>
# name: hd
# type: matrix
# rows: 100
# columns: 2
 7 0
 3 5.05050505050505
 0 10.1010101010101
 322 15.15151515151515
 1 20.2020202020202
 0 25.25252525252525
 162 30.3030303030303
 537 35.35353535353535
 602 40.4040404040404
 304 45.45454545454545
 121 50.50505050505051
 71 55.55555555555555
 3 60.6060606060606
 276 65.65656565656565
 213 70.7070707070707
 577 75.75757575757575
 3 80.8080808080808
 1 85.85858585858585
 59 90.90909090909091
 5 95.95959595959596
 5 101.010101010101
 150 106.060606060606
 186 111.1111111111111
 466 116.1616161616162
 225 121.2121212121212
 75 126.2626262626263
 3 131.3131313131313
 2 136.3636363636363
 54 141.4141414141414
 98 146.4646464646464
 488 151.5151515151515
 276 156.5656565656566
 1 161.6161616161616
 0 166.6666666666667
 66 171.7171717171717
 50 176.7676767676768
 4 181.8181818181818
 3 186.8686868686869
 236 191.9191919191919
 259 196.969696969697
 36 202.020202020202
 104 207.070707070707
 189 212.1212121212121
 64 217.1717171717171
 105 222.2222222222222
 273 227.2727272727273
 141 232.3232323232323
 1 237.3737373737374
 37 242.4242424242424
 152 247.4747474747475
 22 252.5252525252525
 142 257.5757575757576
 121 262.6262626262626
 38 267.6767676767677
 284 272.7272727272727
 148 277.7777777777778
 461 282.8282828282828
 201 287.8787878787879
 3 292.9292929292929
 0 297.979797979798
 0 303.030303030303
 201 308.0808080808081
 23 313.1313131313131
 46 318.1818181818182
 35 323.2323232323232
 44 328.2828282828282
 172 333.3333333333333
 67 338.3838383838383
 18 343.4343434343434
 193 348.4848484848484
 84 353.5353535353535
 33 358.5858585858585
 3 363.6363636363636
 34 368.6868686868686
 41 373.7373737373737
 48 378.7878787878788
 5 383.8383838383838
 1 388.8888888888889
 308 393.9393939393939
 61 398.989898989899
 68 404.040404040404
 198 409.0909090909091
 139 414.1414141414141
 582 419.1919191919192
 25 424.2424242424242
 271 429.2929292929293
 185 434.3434343434343
 3 439.3939393939394
 65 444.4444444444444
 76 449.4949494949495
 51 454.5454545454545
 0 459.5959595959596
 1 464.6464646464646
 3 469.6969696969697
 3 474.7474747474747
 0 479.7979797979798
 24 484.8484848484848
 24 489.8989898989898
 81 494.9494949494949
 0 500


