# Created by Octave 3.8.2, Sat Jun 20 04:45:19 2020 CEST <damian@fptrucha.inv.usc.es>
# name: hd
# type: matrix
# rows: 100
# columns: 2
 1 0
 5 5.05050505050505
 0 10.1010101010101
 334 15.15151515151515
 4 20.2020202020202
 3 25.25252525252525
 167 30.3030303030303
 579 35.35353535353535
 687 40.4040404040404
 328 45.45454545454545
 145 50.50505050505051
 61 55.55555555555555
 1 60.6060606060606
 324 65.65656565656565
 199 70.7070707070707
 657 75.75757575757575
 2 80.8080808080808
 2 85.85858585858585
 71 90.90909090909091
 2 95.95959595959596
 3 101.010101010101
 182 106.060606060606
 187 111.1111111111111
 391 116.1616161616162
 213 121.2121212121212
 83 126.2626262626263
 0 131.3131313131313
 0 136.3636363636363
 74 141.4141414141414
 93 146.4646464646464
 510 151.5151515151515
 299 156.5656565656566
 1 161.6161616161616
 0 166.6666666666667
 88 171.7171717171717
 33 176.7676767676768
 0 181.8181818181818
 1 186.8686868686869
 217 191.9191919191919
 279 196.969696969697
 56 202.020202020202
 95 207.070707070707
 179 212.1212121212121
 76 217.1717171717171
 119 222.2222222222222
 267 227.2727272727273
 145 232.3232323232323
 2 237.3737373737374
 22 242.4242424242424
 143 247.4747474747475
 28 252.5252525252525
 136 257.5757575757576
 150 262.6262626262626
 38 267.6767676767677
 283 272.7272727272727
 151 277.7777777777778
 490 282.8282828282828
 254 287.8787878787879
 3 292.9292929292929
 0 297.979797979798
 1 303.030303030303
 218 308.0808080808081
 31 313.1313131313131
 47 318.1818181818182
 31 323.2323232323232
 40 328.2828282828282
 187 333.3333333333333
 79 338.3838383838383
 17 343.4343434343434
 208 348.4848484848484
 93 353.5353535353535
 25 358.5858585858585
 1 363.6363636363636
 44 368.6868686868686
 40 373.7373737373737
 43 378.7878787878788
 1 383.8383838383838
 0 388.8888888888889
 319 393.9393939393939
 62 398.989898989899
 82 404.040404040404
 197 409.0909090909091
 160 414.1414141414141
 592 419.1919191919192
 19 424.2424242424242
 276 429.2929292929293
 196 434.3434343434343
 6 439.3939393939394
 68 444.4444444444444
 87 449.4949494949495
 71 454.5454545454545
 0 459.5959595959596
 0 464.6464646464646
 1 469.6969696969697
 0 474.7474747474747
 0 479.7979797979798
 19 484.8484848484848
 18 489.8989898989898
 84 494.9494949494949
 0 500


