# Created by Octave 3.8.2, Sat Jun 20 13:29:17 2020 CEST <damian@fptrucha.inv.usc.es>
# name: hd
# type: matrix
# rows: 100
# columns: 2
 0 0
 4 5.05050505050505
 2 10.1010101010101
 325 15.15151515151515
 2 20.2020202020202
 0 25.25252525252525
 173 30.3030303030303
 524 35.35353535353535
 589 40.4040404040404
 300 45.45454545454545
 156 50.50505050505051
 49 55.55555555555555
 0 60.6060606060606
 291 65.65656565656565
 201 70.7070707070707
 599 75.75757575757575
 2 80.8080808080808
 0 85.85858585858585
 66 90.90909090909091
 3 95.95959595959596
 0 101.010101010101
 211 106.060606060606
 178 111.1111111111111
 413 116.1616161616162
 196 121.2121212121212
 87 126.2626262626263
 0 131.3131313131313
 1 136.3636363636363
 79 141.4141414141414
 89 146.4646464646464
 458 151.5151515151515
 281 156.5656565656566
 0 161.6161616161616
 0 166.6666666666667
 83 171.7171717171717
 38 176.7676767676768
 0 181.8181818181818
 0 186.8686868686869
 186 191.9191919191919
 273 196.969696969697
 51 202.020202020202
 119 207.070707070707
 199 212.1212121212121
 61 217.1717171717171
 105 222.2222222222222
 272 227.2727272727273
 159 232.3232323232323
 0 237.3737373737374
 26 242.4242424242424
 122 247.4747474747475
 14 252.5252525252525
 136 257.5757575757576
 167 262.6262626262626
 33 267.6767676767677
 278 272.7272727272727
 148 277.7777777777778
 502 282.8282828282828
 192 287.8787878787879
 1 292.9292929292929
 1 297.979797979798
 0 303.030303030303
 227 308.0808080808081
 32 313.1313131313131
 49 318.1818181818182
 35 323.2323232323232
 38 328.2828282828282
 175 333.3333333333333
 57 338.3838383838383
 17 343.4343434343434
 201 348.4848484848484
 95 353.5353535353535
 34 358.5858585858585
 1 363.6363636363636
 43 368.6868686868686
 36 373.7373737373737
 35 378.7878787878788
 0 383.8383838383838
 1 388.8888888888889
 314 393.9393939393939
 72 398.989898989899
 58 404.040404040404
 174 409.0909090909091
 145 414.1414141414141
 596 419.1919191919192
 21 424.2424242424242
 243 429.2929292929293
 215 434.3434343434343
 5 439.3939393939394
 70 444.4444444444444
 74 449.4949494949495
 54 454.5454545454545
 1 459.5959595959596
 0 464.6464646464646
 0 469.6969696969697
 0 474.7474747474747
 2 479.7979797979798
 17 484.8484848484848
 14 489.8989898989898
 67 494.9494949494949
 0 500


