# Created by Octave 3.8.2, Sat Jun 20 21:02:26 2020 CEST <damian@fptrucha.inv.usc.es>
# name: hd
# type: matrix
# rows: 100
# columns: 2
 1 0
 1 5.05050505050505
 0 10.1010101010101
 248 15.15151515151515
 3 20.2020202020202
 0 25.25252525252525
 158 30.3030303030303
 536 35.35353535353535
 571 40.4040404040404
 308 45.45454545454545
 117 50.50505050505051
 44 55.55555555555555
 0 60.6060606060606
 275 65.65656565656565
 183 70.7070707070707
 572 75.75757575757575
 1 80.8080808080808
 0 85.85858585858585
 54 90.90909090909091
 3 95.95959595959596
 1 101.010101010101
 190 106.060606060606
 187 111.1111111111111
 343 116.1616161616162
 208 121.2121212121212
 77 126.2626262626263
 0 131.3131313131313
 4 136.3636363636363
 75 141.4141414141414
 94 146.4646464646464
 442 151.5151515151515
 260 156.5656565656566
 1 161.6161616161616
 0 166.6666666666667
 83 171.7171717171717
 58 176.7676767676768
 1 181.8181818181818
 0 186.8686868686869
 165 191.9191919191919
 248 196.969696969697
 45 202.020202020202
 79 207.070707070707
 178 212.1212121212121
 61 217.1717171717171
 105 222.2222222222222
 209 227.2727272727273
 150 232.3232323232323
 1 237.3737373737374
 23 242.4242424242424
 137 247.4747474747475
 23 252.5252525252525
 115 257.5757575757576
 152 262.6262626262626
 54 267.6767676767677
 238 272.7272727272727
 136 277.7777777777778
 441 282.8282828282828
 203 287.8787878787879
 1 292.9292929292929
 1 297.979797979798
 0 303.030303030303
 183 308.0808080808081
 26 313.1313131313131
 43 318.1818181818182
 36 323.2323232323232
 40 328.2828282828282
 163 333.3333333333333
 73 338.3838383838383
 23 343.4343434343434
 183 348.4848484848484
 94 353.5353535353535
 21 358.5858585858585
 1 363.6363636363636
 54 368.6868686868686
 32 373.7373737373737
 36 378.7878787878788
 0 383.8383838383838
 1 388.8888888888889
 304 393.9393939393939
 55 398.989898989899
 71 404.040404040404
 150 409.0909090909091
 129 414.1414141414141
 558 419.1919191919192
 23 424.2424242424242
 228 429.2929292929293
 179 434.3434343434343
 3 439.3939393939394
 63 444.4444444444444
 66 449.4949494949495
 49 454.5454545454545
 0 459.5959595959596
 0 464.6464646464646
 0 469.6969696969697
 4 474.7474747474747
 3 479.7979797979798
 15 484.8484848484848
 20 489.8989898989898
 75 494.9494949494949
 0 500


