# Created by Octave 3.8.2, Mon Jun 22 15:03:02 2020 CEST <damian@fptrucha.inv.usc.es>
# name: hd
# type: matrix
# rows: 100
# columns: 2
 1 0
 4 5.05050505050505
 1 10.1010101010101
 301 15.15151515151515
 5 20.2020202020202
 1 25.25252525252525
 152 30.3030303030303
 515 35.35353535353535
 637 40.4040404040404
 306 45.45454545454545
 127 50.50505050505051
 56 55.55555555555555
 1 60.6060606060606
 274 65.65656565656565
 217 70.7070707070707
 582 75.75757575757575
 0 80.8080808080808
 1 85.85858585858585
 57 90.90909090909091
 8 95.95959595959596
 5 101.010101010101
 193 106.060606060606
 168 111.1111111111111
 422 116.1616161616162
 205 121.2121212121212
 80 126.2626262626263
 0 131.3131313131313
 1 136.3636363636363
 70 141.4141414141414
 94 146.4646464646464
 441 151.5151515151515
 264 156.5656565656566
 3 161.6161616161616
 1 166.6666666666667
 69 171.7171717171717
 34 176.7676767676768
 4 181.8181818181818
 0 186.8686868686869
 198 191.9191919191919
 277 196.969696969697
 66 202.020202020202
 93 207.070707070707
 181 212.1212121212121
 64 217.1717171717171
 98 222.2222222222222
 270 227.2727272727273
 141 232.3232323232323
 0 237.3737373737374
 31 242.4242424242424
 138 247.4747474747475
 22 252.5252525252525
 117 257.5757575757576
 143 262.6262626262626
 47 267.6767676767677
 266 272.7272727272727
 136 277.7777777777778
 432 282.8282828282828
 196 287.8787878787879
 1 292.9292929292929
 3 297.979797979798
 1 303.030303030303
 212 308.0808080808081
 27 313.1313131313131
 34 318.1818181818182
 34 323.2323232323232
 43 328.2828282828282
 186 333.3333333333333
 69 338.3838383838383
 23 343.4343434343434
 183 348.4848484848484
 104 353.5353535353535
 42 358.5858585858585
 4 363.6363636363636
 40 368.6868686868686
 40 373.7373737373737
 40 378.7878787878788
 1 383.8383838383838
 1 388.8888888888889
 318 393.9393939393939
 63 398.989898989899
 64 404.040404040404
 146 409.0909090909091
 170 414.1414141414141
 571 419.1919191919192
 28 424.2424242424242
 209 429.2929292929293
 188 434.3434343434343
 4 439.3939393939394
 53 444.4444444444444
 74 449.4949494949495
 62 454.5454545454545
 1 459.5959595959596
 2 464.6464646464646
 2 469.6969696969697
 3 474.7474747474747
 3 479.7979797979798
 22 484.8484848484848
 21 489.8989898989898
 80 494.9494949494949
 0 500


