# Created by Octave 3.8.2, Mon Jun 22 21:09:33 2020 CEST <damian@fptrucha.inv.usc.es>
# name: hd
# type: matrix
# rows: 100
# columns: 2
 0 0
 5 5.05050505050505
 2 10.1010101010101
 296 15.15151515151515
 4 20.2020202020202
 1 25.25252525252525
 179 30.3030303030303
 561 35.35353535353535
 654 40.4040404040404
 309 45.45454545454545
 100 50.50505050505051
 69 55.55555555555555
 2 60.6060606060606
 303 65.65656565656565
 224 70.7070707070707
 564 75.75757575757575
 1 80.8080808080808
 1 85.85858585858585
 62 90.90909090909091
 7 95.95959595959596
 2 101.010101010101
 207 106.060606060606
 173 111.1111111111111
 401 116.1616161616162
 219 121.2121212121212
 91 126.2626262626263
 1 131.3131313131313
 0 136.3636363636363
 69 141.4141414141414
 100 146.4646464646464
 498 151.5151515151515
 280 156.5656565656566
 3 161.6161616161616
 1 166.6666666666667
 66 171.7171717171717
 31 176.7676767676768
 1 181.8181818181818
 0 186.8686868686869
 200 191.9191919191919
 270 196.969696969697
 64 202.020202020202
 113 207.070707070707
 212 212.1212121212121
 62 217.1717171717171
 106 222.2222222222222
 252 227.2727272727273
 149 232.3232323232323
 1 237.3737373737374
 19 242.4242424242424
 158 247.4747474747475
 25 252.5252525252525
 109 257.5757575757576
 133 262.6262626262626
 52 267.6767676767677
 265 272.7272727272727
 149 277.7777777777778
 496 282.8282828282828
 213 287.8787878787879
 1 292.9292929292929
 3 297.979797979798
 1 303.030303030303
 238 308.0808080808081
 23 313.1313131313131
 41 318.1818181818182
 28 323.2323232323232
 36 328.2828282828282
 198 333.3333333333333
 75 338.3838383838383
 28 343.4343434343434
 191 348.4848484848484
 90 353.5353535353535
 32 358.5858585858585
 1 363.6363636363636
 58 368.6868686868686
 40 373.7373737373737
 38 378.7878787878788
 3 383.8383838383838
 0 388.8888888888889
 353 393.9393939393939
 56 398.989898989899
 55 404.040404040404
 177 409.0909090909091
 143 414.1414141414141
 602 419.1919191919192
 27 424.2424242424242
 263 429.2929292929293
 182 434.3434343434343
 1 439.3939393939394
 56 444.4444444444444
 80 449.4949494949495
 62 454.5454545454545
 0 459.5959595959596
 1 464.6464646464646
 1 469.6969696969697
 4 474.7474747474747
 1 479.7979797979798
 21 484.8484848484848
 27 489.8989898989898
 75 494.9494949494949
 0 500


