# Created by Octave 3.8.2, Sat Jun 20 11:44:22 2020 CEST <damian@fptrucha.inv.usc.es>
# name: hd
# type: matrix
# rows: 100
# columns: 2
 1 0
 3 5.05050505050505
 0 10.1010101010101
 272 15.15151515151515
 1 20.2020202020202
 0 25.25252525252525
 172 30.3030303030303
 593 35.35353535353535
 643 40.4040404040404
 331 45.45454545454545
 144 50.50505050505051
 78 55.55555555555555
 5 60.6060606060606
 297 65.65656565656565
 227 70.7070707070707
 596 75.75757575757575
 1 80.8080808080808
 1 85.85858585858585
 67 90.90909090909091
 4 95.95959595959596
 9 101.010101010101
 206 106.060606060606
 200 111.1111111111111
 424 116.1616161616162
 227 121.2121212121212
 90 126.2626262626263
 0 131.3131313131313
 1 136.3636363636363
 72 141.4141414141414
 122 146.4646464646464
 500 151.5151515151515
 290 156.5656565656566
 3 161.6161616161616
 0 166.6666666666667
 83 171.7171717171717
 43 176.7676767676768
 1 181.8181818181818
 0 186.8686868686869
 196 191.9191919191919
 280 196.969696969697
 55 202.020202020202
 85 207.070707070707
 195 212.1212121212121
 82 217.1717171717171
 110 222.2222222222222
 254 227.2727272727273
 162 232.3232323232323
 0 237.3737373737374
 30 242.4242424242424
 143 247.4747474747475
 16 252.5252525252525
 140 257.5757575757576
 152 262.6262626262626
 35 267.6767676767677
 266 272.7272727272727
 176 277.7777777777778
 522 282.8282828282828
 216 287.8787878787879
 4 292.9292929292929
 0 297.979797979798
 0 303.030303030303
 227 308.0808080808081
 27 313.1313131313131
 42 318.1818181818182
 30 323.2323232323232
 27 328.2828282828282
 203 333.3333333333333
 78 338.3838383838383
 20 343.4343434343434
 178 348.4848484848484
 111 353.5353535353535
 23 358.5858585858585
 1 363.6363636363636
 71 368.6868686868686
 36 373.7373737373737
 43 378.7878787878788
 1 383.8383838383838
 0 388.8888888888889
 343 393.9393939393939
 57 398.989898989899
 67 404.040404040404
 178 409.0909090909091
 152 414.1414141414141
 588 419.1919191919192
 20 424.2424242424242
 224 429.2929292929293
 193 434.3434343434343
 3 439.3939393939394
 50 444.4444444444444
 81 449.4949494949495
 51 454.5454545454545
 0 459.5959595959596
 1 464.6464646464646
 1 469.6969696969697
 0 474.7474747474747
 1 479.7979797979798
 14 484.8484848484848
 27 489.8989898989898
 57 494.9494949494949
 0 500


