# Created by Octave 3.8.2, Sat Jun 20 06:15:02 2020 CEST <damian@fptrucha.inv.usc.es>
# name: hd
# type: matrix
# rows: 100
# columns: 2
 0 0
 2 5.05050505050505
 1 10.1010101010101
 293 15.15151515151515
 3 20.2020202020202
 0 25.25252525252525
 164 30.3030303030303
 538 35.35353535353535
 657 40.4040404040404
 305 45.45454545454545
 148 50.50505050505051
 57 55.55555555555555
 1 60.6060606060606
 319 65.65656565656565
 231 70.7070707070707
 646 75.75757575757575
 1 80.8080808080808
 2 85.85858585858585
 74 90.90909090909091
 7 95.95959595959596
 1 101.010101010101
 185 106.060606060606
 201 111.1111111111111
 452 116.1616161616162
 228 121.2121212121212
 88 126.2626262626263
 0 131.3131313131313
 0 136.3636363636363
 73 141.4141414141414
 112 146.4646464646464
 477 151.5151515151515
 321 156.5656565656566
 1 161.6161616161616
 2 166.6666666666667
 74 171.7171717171717
 38 176.7676767676768
 2 181.8181818181818
 4 186.8686868686869
 192 191.9191919191919
 276 196.969696969697
 55 202.020202020202
 94 207.070707070707
 217 212.1212121212121
 70 217.1717171717171
 128 222.2222222222222
 258 227.2727272727273
 161 232.3232323232323
 0 237.3737373737374
 25 242.4242424242424
 163 247.4747474747475
 19 252.5252525252525
 148 257.5757575757576
 132 262.6262626262626
 45 267.6767676767677
 284 272.7272727272727
 168 277.7777777777778
 498 282.8282828282828
 231 287.8787878787879
 0 292.9292929292929
 2 297.979797979798
 0 303.030303030303
 245 308.0808080808081
 22 313.1313131313131
 46 318.1818181818182
 23 323.2323232323232
 55 328.2828282828282
 192 333.3333333333333
 86 338.3838383838383
 11 343.4343434343434
 223 348.4848484848484
 107 353.5353535353535
 38 358.5858585858585
 4 363.6363636363636
 60 368.6868686868686
 35 373.7373737373737
 53 378.7878787878788
 1 383.8383838383838
 1 388.8888888888889
 326 393.9393939393939
 59 398.989898989899
 57 404.040404040404
 205 409.0909090909091
 144 414.1414141414141
 634 419.1919191919192
 28 424.2424242424242
 264 429.2929292929293
 191 434.3434343434343
 1 439.3939393939394
 80 444.4444444444444
 93 449.4949494949495
 56 454.5454545454545
 0 459.5959595959596
 0 464.6464646464646
 1 469.6969696969697
 1 474.7474747474747
 8 479.7979797979798
 17 484.8484848484848
 18 489.8989898989898
 81 494.9494949494949
 0 500


