# Created by Octave 3.8.2, Sun Jun 21 07:22:04 2020 CEST <damian@fptrucha.inv.usc.es>
# name: hd
# type: matrix
# rows: 100
# columns: 2
 2 0
 1 5.05050505050505
 0 10.1010101010101
 262 15.15151515151515
 0 20.2020202020202
 0 25.25252525252525
 143 30.3030303030303
 526 35.35353535353535
 620 40.4040404040404
 274 45.45454545454545
 120 50.50505050505051
 65 55.55555555555555
 2 60.6060606060606
 249 65.65656565656565
 217 70.7070707070707
 610 75.75757575757575
 1 80.8080808080808
 0 85.85858585858585
 59 90.90909090909091
 5 95.95959595959596
 1 101.010101010101
 192 106.060606060606
 174 111.1111111111111
 400 116.1616161616162
 214 121.2121212121212
 108 126.2626262626263
 0 131.3131313131313
 2 136.3636363636363
 58 141.4141414141414
 83 146.4646464646464
 433 151.5151515151515
 284 156.5656565656566
 2 161.6161616161616
 1 166.6666666666667
 70 171.7171717171717
 27 176.7676767676768
 1 181.8181818181818
 1 186.8686868686869
 178 191.9191919191919
 263 196.969696969697
 38 202.020202020202
 90 207.070707070707
 168 212.1212121212121
 81 217.1717171717171
 101 222.2222222222222
 230 227.2727272727273
 137 232.3232323232323
 1 237.3737373737374
 21 242.4242424242424
 134 247.4747474747475
 26 252.5252525252525
 114 257.5757575757576
 150 262.6262626262626
 36 267.6767676767677
 235 272.7272727272727
 131 277.7777777777778
 465 282.8282828282828
 188 287.8787878787879
 0 292.9292929292929
 0 297.979797979798
 0 303.030303030303
 201 308.0808080808081
 24 313.1313131313131
 43 318.1818181818182
 29 323.2323232323232
 28 328.2828282828282
 149 333.3333333333333
 68 338.3838383838383
 26 343.4343434343434
 168 348.4848484848484
 85 353.5353535353535
 21 358.5858585858585
 1 363.6363636363636
 43 368.6868686868686
 34 373.7373737373737
 40 378.7878787878788
 1 383.8383838383838
 0 388.8888888888889
 316 393.9393939393939
 58 398.989898989899
 47 404.040404040404
 159 409.0909090909091
 141 414.1414141414141
 564 419.1919191919192
 15 424.2424242424242
 210 429.2929292929293
 155 434.3434343434343
 5 439.3939393939394
 60 444.4444444444444
 72 449.4949494949495
 55 454.5454545454545
 0 459.5959595959596
 0 464.6464646464646
 2 469.6969696969697
 1 474.7474747474747
 1 479.7979797979798
 13 484.8484848484848
 20 489.8989898989898
 70 494.9494949494949
 0 500


