# Created by Octave 3.8.2, Mon Jun 22 07:04:40 2020 CEST <damian@fptrucha.inv.usc.es>
# name: hd
# type: matrix
# rows: 100
# columns: 2
 8 0
 2 5.05050505050505
 3 10.1010101010101
 243 15.15151515151515
 2 20.2020202020202
 2 25.25252525252525
 135 30.3030303030303
 474 35.35353535353535
 599 40.4040404040404
 311 45.45454545454545
 102 50.50505050505051
 61 55.55555555555555
 0 60.6060606060606
 268 65.65656565656565
 190 70.7070707070707
 522 75.75757575757575
 1 80.8080808080808
 2 85.85858585858585
 57 90.90909090909091
 4 95.95959595959596
 3 101.010101010101
 163 106.060606060606
 156 111.1111111111111
 388 116.1616161616162
 196 121.2121212121212
 75 126.2626262626263
 2 131.3131313131313
 3 136.3636363636363
 46 141.4141414141414
 93 146.4646464646464
 386 151.5151515151515
 221 156.5656565656566
 3 161.6161616161616
 1 166.6666666666667
 67 171.7171717171717
 37 176.7676767676768
 1 181.8181818181818
 1 186.8686868686869
 172 191.9191919191919
 274 196.969696969697
 52 202.020202020202
 85 207.070707070707
 177 212.1212121212121
 69 217.1717171717171
 74 222.2222222222222
 215 227.2727272727273
 124 232.3232323232323
 1 237.3737373737374
 20 242.4242424242424
 112 247.4747474747475
 26 252.5252525252525
 115 257.5757575757576
 119 262.6262626262626
 33 267.6767676767677
 299 272.7272727272727
 145 277.7777777777778
 415 282.8282828282828
 183 287.8787878787879
 0 292.9292929292929
 2 297.979797979798
 3 303.030303030303
 190 308.0808080808081
 27 313.1313131313131
 30 318.1818181818182
 17 323.2323232323232
 33 328.2828282828282
 177 333.3333333333333
 67 338.3838383838383
 25 343.4343434343434
 191 348.4848484848484
 107 353.5353535353535
 29 358.5858585858585
 4 363.6363636363636
 52 368.6868686868686
 33 373.7373737373737
 56 378.7878787878788
 2 383.8383838383838
 1 388.8888888888889
 321 393.9393939393939
 63 398.989898989899
 45 404.040404040404
 179 409.0909090909091
 150 414.1414141414141
 517 419.1919191919192
 14 424.2424242424242
 213 429.2929292929293
 191 434.3434343434343
 4 439.3939393939394
 48 444.4444444444444
 71 449.4949494949495
 48 454.5454545454545
 3 459.5959595959596
 0 464.6464646464646
 0 469.6969696969697
 0 474.7474747474747
 0 479.7979797979798
 27 484.8484848484848
 24 489.8989898989898
 63 494.9494949494949
 0 500


