# Created by Octave 3.8.2, Sat Jun 20 02:07:00 2020 CEST <damian@fptrucha.inv.usc.es>
# name: hd
# type: matrix
# rows: 100
# columns: 2
 1 0
 6 5.05050505050505
 5 10.1010101010101
 276 15.15151515151515
 1 20.2020202020202
 1 25.25252525252525
 163 30.3030303030303
 551 35.35353535353535
 597 40.4040404040404
 341 45.45454545454545
 130 50.50505050505051
 77 55.55555555555555
 1 60.6060606060606
 287 65.65656565656565
 248 70.7070707070707
 664 75.75757575757575
 1 80.8080808080808
 1 85.85858585858585
 61 90.90909090909091
 2 95.95959595959596
 1 101.010101010101
 205 106.060606060606
 185 111.1111111111111
 436 116.1616161616162
 208 121.2121212121212
 89 126.2626262626263
 0 131.3131313131313
 3 136.3636363636363
 60 141.4141414141414
 86 146.4646464646464
 504 151.5151515151515
 261 156.5656565656566
 1 161.6161616161616
 0 166.6666666666667
 70 171.7171717171717
 39 176.7676767676768
 1 181.8181818181818
 1 186.8686868686869
 208 191.9191919191919
 249 196.969696969697
 45 202.020202020202
 93 207.070707070707
 193 212.1212121212121
 56 217.1717171717171
 124 222.2222222222222
 267 227.2727272727273
 139 232.3232323232323
 0 237.3737373737374
 23 242.4242424242424
 120 247.4747474747475
 21 252.5252525252525
 132 257.5757575757576
 139 262.6262626262626
 24 267.6767676767677
 231 272.7272727272727
 152 277.7777777777778
 480 282.8282828282828
 215 287.8787878787879
 2 292.9292929292929
 0 297.979797979798
 0 303.030303030303
 224 308.0808080808081
 23 313.1313131313131
 50 318.1818181818182
 22 323.2323232323232
 47 328.2828282828282
 211 333.3333333333333
 75 338.3838383838383
 19 343.4343434343434
 176 348.4848484848484
 105 353.5353535353535
 28 358.5858585858585
 1 363.6363636363636
 47 368.6868686868686
 42 373.7373737373737
 42 378.7878787878788
 1 383.8383838383838
 2 388.8888888888889
 356 393.9393939393939
 67 398.989898989899
 58 404.040404040404
 188 409.0909090909091
 144 414.1414141414141
 629 419.1919191919192
 25 424.2424242424242
 237 429.2929292929293
 183 434.3434343434343
 3 439.3939393939394
 61 444.4444444444444
 77 449.4949494949495
 60 454.5454545454545
 2 459.5959595959596
 0 464.6464646464646
 0 469.6969696969697
 0 474.7474747474747
 0 479.7979797979798
 21 484.8484848484848
 15 489.8989898989898
 86 494.9494949494949
 0 500


