# Created by Octave 3.8.2, Mon Jun 22 10:36:15 2020 CEST <damian@fptrucha.inv.usc.es>
# name: hd
# type: matrix
# rows: 100
# columns: 2
 5 0
 5 5.05050505050505
 1 10.1010101010101
 274 15.15151515151515
 4 20.2020202020202
 1 25.25252525252525
 166 30.3030303030303
 514 35.35353535353535
 572 40.4040404040404
 288 45.45454545454545
 111 50.50505050505051
 65 55.55555555555555
 4 60.6060606060606
 280 65.65656565656565
 229 70.7070707070707
 513 75.75757575757575
 2 80.8080808080808
 1 85.85858585858585
 68 90.90909090909091
 4 95.95959595959596
 0 101.010101010101
 187 106.060606060606
 178 111.1111111111111
 375 116.1616161616162
 201 121.2121212121212
 95 126.2626262626263
 1 131.3131313131313
 0 136.3636363636363
 74 141.4141414141414
 103 146.4646464646464
 435 151.5151515151515
 274 156.5656565656566
 3 161.6161616161616
 3 166.6666666666667
 62 171.7171717171717
 37 176.7676767676768
 2 181.8181818181818
 0 186.8686868686869
 191 191.9191919191919
 288 196.969696969697
 60 202.020202020202
 94 207.070707070707
 182 212.1212121212121
 49 217.1717171717171
 109 222.2222222222222
 255 227.2727272727273
 151 232.3232323232323
 2 237.3737373737374
 33 242.4242424242424
 145 247.4747474747475
 23 252.5252525252525
 104 257.5757575757576
 127 262.6262626262626
 43 267.6767676767677
 276 272.7272727272727
 145 277.7777777777778
 439 282.8282828282828
 211 287.8787878787879
 1 292.9292929292929
 0 297.979797979798
 1 303.030303030303
 223 308.0808080808081
 15 313.1313131313131
 34 318.1818181818182
 24 323.2323232323232
 44 328.2828282828282
 194 333.3333333333333
 74 338.3838383838383
 16 343.4343434343434
 186 348.4848484848484
 112 353.5353535353535
 30 358.5858585858585
 3 363.6363636363636
 55 368.6868686868686
 39 373.7373737373737
 32 378.7878787878788
 1 383.8383838383838
 2 388.8888888888889
 333 393.9393939393939
 43 398.989898989899
 84 404.040404040404
 162 409.0909090909091
 141 414.1414141414141
 525 419.1919191919192
 14 424.2424242424242
 235 429.2929292929293
 179 434.3434343434343
 4 439.3939393939394
 59 444.4444444444444
 80 449.4949494949495
 53 454.5454545454545
 0 459.5959595959596
 1 464.6464646464646
 2 469.6969696969697
 3 474.7474747474747
 1 479.7979797979798
 24 484.8484848484848
 21 489.8989898989898
 68 494.9494949494949
 0 500


