# Created by Octave 3.8.2, Sat Jun 20 06:31:02 2020 CEST <damian@fptrucha.inv.usc.es>
# name: hd
# type: matrix
# rows: 100
# columns: 2
 1 0
 2 5.05050505050505
 1 10.1010101010101
 312 15.15151515151515
 5 20.2020202020202
 0 25.25252525252525
 184 30.3030303030303
 596 35.35353535353535
 661 40.4040404040404
 345 45.45454545454545
 158 50.50505050505051
 82 55.55555555555555
 5 60.6060606060606
 303 65.65656565656565
 237 70.7070707070707
 644 75.75757575757575
 0 80.8080808080808
 1 85.85858585858585
 73 90.90909090909091
 3 95.95959595959596
 5 101.010101010101
 194 106.060606060606
 201 111.1111111111111
 432 116.1616161616162
 196 121.2121212121212
 107 126.2626262626263
 1 131.3131313131313
 2 136.3636363636363
 91 141.4141414141414
 85 146.4646464646464
 489 151.5151515151515
 302 156.5656565656566
 3 161.6161616161616
 1 166.6666666666667
 78 171.7171717171717
 24 176.7676767676768
 0 181.8181818181818
 0 186.8686868686869
 200 191.9191919191919
 279 196.969696969697
 52 202.020202020202
 96 207.070707070707
 205 212.1212121212121
 67 217.1717171717171
 132 222.2222222222222
 229 227.2727272727273
 145 232.3232323232323
 1 237.3737373737374
 33 242.4242424242424
 149 247.4747474747475
 16 252.5252525252525
 156 257.5757575757576
 153 262.6262626262626
 40 267.6767676767677
 306 272.7272727272727
 154 277.7777777777778
 544 282.8282828282828
 245 287.8787878787879
 0 292.9292929292929
 1 297.979797979798
 0 303.030303030303
 247 308.0808080808081
 24 313.1313131313131
 50 318.1818181818182
 35 323.2323232323232
 48 328.2828282828282
 199 333.3333333333333
 61 338.3838383838383
 22 343.4343434343434
 229 348.4848484848484
 105 353.5353535353535
 21 358.5858585858585
 3 363.6363636363636
 52 368.6868686868686
 48 373.7373737373737
 42 378.7878787878788
 0 383.8383838383838
 0 388.8888888888889
 385 393.9393939393939
 65 398.989898989899
 60 404.040404040404
 201 409.0909090909091
 153 414.1414141414141
 628 419.1919191919192
 31 424.2424242424242
 245 429.2929292929293
 195 434.3434343434343
 4 439.3939393939394
 52 444.4444444444444
 99 449.4949494949495
 57 454.5454545454545
 1 459.5959595959596
 0 464.6464646464646
 1 469.6969696969697
 2 474.7474747474747
 3 479.7979797979798
 27 484.8484848484848
 25 489.8989898989898
 94 494.9494949494949
 0 500


