# Created by Octave 3.8.2, Mon Jun 22 03:56:41 2020 CEST <damian@fptrucha.inv.usc.es>
# name: hd
# type: matrix
# rows: 100
# columns: 2
 2 0
 3 5.05050505050505
 2 10.1010101010101
 280 15.15151515151515
 4 20.2020202020202
 2 25.25252525252525
 120 30.3030303030303
 404 35.35353535353535
 482 40.4040404040404
 280 45.45454545454545
 126 50.50505050505051
 64 55.55555555555555
 0 60.6060606060606
 245 65.65656565656565
 187 70.7070707070707
 455 75.75757575757575
 1 80.8080808080808
 2 85.85858585858585
 70 90.90909090909091
 1 95.95959595959596
 6 101.010101010101
 178 106.060606060606
 139 111.1111111111111
 365 116.1616161616162
 220 121.2121212121212
 82 126.2626262626263
 0 131.3131313131313
 3 136.3636363636363
 66 141.4141414141414
 89 146.4646464646464
 388 151.5151515151515
 229 156.5656565656566
 3 161.6161616161616
 5 166.6666666666667
 54 171.7171717171717
 35 176.7676767676768
 1 181.8181818181818
 0 186.8686868686869
 175 191.9191919191919
 232 196.969696969697
 46 202.020202020202
 97 207.070707070707
 163 212.1212121212121
 64 217.1717171717171
 94 222.2222222222222
 231 227.2727272727273
 120 232.3232323232323
 2 237.3737373737374
 21 242.4242424242424
 137 247.4747474747475
 19 252.5252525252525
 114 257.5757575757576
 100 262.6262626262626
 27 267.6767676767677
 249 272.7272727272727
 145 277.7777777777778
 412 282.8282828282828
 187 287.8787878787879
 4 292.9292929292929
 2 297.979797979798
 1 303.030303030303
 200 308.0808080808081
 27 313.1313131313131
 38 318.1818181818182
 35 323.2323232323232
 34 328.2828282828282
 148 333.3333333333333
 62 338.3838383838383
 32 343.4343434343434
 162 348.4848484848484
 85 353.5353535353535
 24 358.5858585858585
 2 363.6363636363636
 41 368.6868686868686
 39 373.7373737373737
 29 378.7878787878788
 2 383.8383838383838
 0 388.8888888888889
 281 393.9393939393939
 62 398.989898989899
 47 404.040404040404
 161 409.0909090909091
 123 414.1414141414141
 514 419.1919191919192
 21 424.2424242424242
 222 429.2929292929293
 161 434.3434343434343
 1 439.3939393939394
 58 444.4444444444444
 64 449.4949494949495
 56 454.5454545454545
 0 459.5959595959596
 0 464.6464646464646
 0 469.6969696969697
 3 474.7474747474747
 2 479.7979797979798
 16 484.8484848484848
 32 489.8989898989898
 73 494.9494949494949
 0 500


