# Created by Octave 3.8.2, Mon Jun 22 08:37:39 2020 CEST <damian@fptrucha.inv.usc.es>
# name: hd
# type: matrix
# rows: 100
# columns: 2
 6 0
 0 5.05050505050505
 2 10.1010101010101
 265 15.15151515151515
 2 20.2020202020202
 4 25.25252525252525
 137 30.3030303030303
 525 35.35353535353535
 562 40.4040404040404
 308 45.45454545454545
 128 50.50505050505051
 75 55.55555555555555
 0 60.6060606060606
 285 65.65656565656565
 203 70.7070707070707
 557 75.75757575757575
 1 80.8080808080808
 1 85.85858585858585
 85 90.90909090909091
 4 95.95959595959596
 3 101.010101010101
 185 106.060606060606
 190 111.1111111111111
 388 116.1616161616162
 193 121.2121212121212
 89 126.2626262626263
 3 131.3131313131313
 4 136.3636363636363
 65 141.4141414141414
 87 146.4646464646464
 370 151.5151515151515
 237 156.5656565656566
 4 161.6161616161616
 1 166.6666666666667
 90 171.7171717171717
 33 176.7676767676768
 0 181.8181818181818
 1 186.8686868686869
 198 191.9191919191919
 251 196.969696969697
 41 202.020202020202
 90 207.070707070707
 178 212.1212121212121
 54 217.1717171717171
 102 222.2222222222222
 227 227.2727272727273
 133 232.3232323232323
 2 237.3737373737374
 29 242.4242424242424
 125 247.4747474747475
 24 252.5252525252525
 122 257.5757575757576
 113 262.6262626262626
 39 267.6767676767677
 274 272.7272727272727
 127 277.7777777777778
 416 282.8282828282828
 208 287.8787878787879
 1 292.9292929292929
 2 297.979797979798
 0 303.030303030303
 235 308.0808080808081
 32 313.1313131313131
 28 318.1818181818182
 23 323.2323232323232
 40 328.2828282828282
 186 333.3333333333333
 62 338.3838383838383
 23 343.4343434343434
 157 348.4848484848484
 83 353.5353535353535
 28 358.5858585858585
 2 363.6363636363636
 45 368.6868686868686
 40 373.7373737373737
 44 378.7878787878788
 3 383.8383838383838
 1 388.8888888888889
 294 393.9393939393939
 55 398.989898989899
 65 404.040404040404
 159 409.0909090909091
 135 414.1414141414141
 543 419.1919191919192
 19 424.2424242424242
 230 429.2929292929293
 153 434.3434343434343
 6 439.3939393939394
 54 444.4444444444444
 80 449.4949494949495
 57 454.5454545454545
 2 459.5959595959596
 0 464.6464646464646
 0 469.6969696969697
 0 474.7474747474747
 2 479.7979797979798
 17 484.8484848484848
 21 489.8989898989898
 69 494.9494949494949
 0 500


