# Created by Octave 3.8.2, Sun Jun 21 00:48:42 2020 CEST <damian@fptrucha.inv.usc.es>
# name: hd
# type: matrix
# rows: 100
# columns: 2
 0 0
 2 5.05050505050505
 1 10.1010101010101
 183 15.15151515151515
 2 20.2020202020202
 1 25.25252525252525
 94 30.3030303030303
 310 35.35353535353535
 373 40.4040404040404
 204 45.45454545454545
 72 50.50505050505051
 38 55.55555555555555
 0 60.6060606060606
 167 65.65656565656565
 132 70.7070707070707
 413 75.75757575757575
 0 80.8080808080808
 0 85.85858585858585
 45 90.90909090909091
 1 95.95959595959596
 1 101.010101010101
 125 106.060606060606
 102 111.1111111111111
 253 116.1616161616162
 130 121.2121212121212
 73 126.2626262626263
 0 131.3131313131313
 0 136.3636363636363
 46 141.4141414141414
 60 146.4646464646464
 285 151.5151515151515
 167 156.5656565656566
 2 161.6161616161616
 0 166.6666666666667
 65 171.7171717171717
 29 176.7676767676768
 0 181.8181818181818
 0 186.8686868686869
 106 191.9191919191919
 145 196.969696969697
 27 202.020202020202
 60 207.070707070707
 132 212.1212121212121
 32 217.1717171717171
 56 222.2222222222222
 157 227.2727272727273
 90 232.3232323232323
 0 237.3737373737374
 22 242.4242424242424
 82 247.4747474747475
 12 252.5252525252525
 88 257.5757575757576
 93 262.6262626262626
 26 267.6767676767677
 165 272.7272727272727
 87 277.7777777777778
 272 282.8282828282828
 126 287.8787878787879
 2 292.9292929292929
 0 297.979797979798
 0 303.030303030303
 134 308.0808080808081
 9 313.1313131313131
 40 318.1818181818182
 17 323.2323232323232
 19 328.2828282828282
 124 333.3333333333333
 35 338.3838383838383
 8 343.4343434343434
 115 348.4848484848484
 72 353.5353535353535
 20 358.5858585858585
 1 363.6363636363636
 26 368.6868686868686
 21 373.7373737373737
 21 378.7878787878788
 1 383.8383838383838
 0 388.8888888888889
 190 393.9393939393939
 47 398.989898989899
 49 404.040404040404
 112 409.0909090909091
 86 414.1414141414141
 381 419.1919191919192
 9 424.2424242424242
 135 429.2929292929293
 113 434.3434343434343
 3 439.3939393939394
 29 444.4444444444444
 52 449.4949494949495
 30 454.5454545454545
 1 459.5959595959596
 0 464.6464646464646
 2 469.6969696969697
 1 474.7474747474747
 2 479.7979797979798
 9 484.8484848484848
 12 489.8989898989898
 60 494.9494949494949
 0 500


