# Created by Octave 3.8.2, Sun Jun 21 01:15:28 2020 CEST <damian@fptrucha.inv.usc.es>
# name: hd
# type: matrix
# rows: 100
# columns: 2
 1 0
 4 5.05050505050505
 0 10.1010101010101
 289 15.15151515151515
 3 20.2020202020202
 2 25.25252525252525
 156 30.3030303030303
 509 35.35353535353535
 601 40.4040404040404
 311 45.45454545454545
 118 50.50505050505051
 53 55.55555555555555
 1 60.6060606060606
 278 65.65656565656565
 201 70.7070707070707
 526 75.75757575757575
 2 80.8080808080808
 0 85.85858585858585
 69 90.90909090909091
 4 95.95959595959596
 3 101.010101010101
 184 106.060606060606
 164 111.1111111111111
 377 116.1616161616162
 175 121.2121212121212
 79 126.2626262626263
 0 131.3131313131313
 2 136.3636363636363
 74 141.4141414141414
 84 146.4646464646464
 457 151.5151515151515
 237 156.5656565656566
 5 161.6161616161616
 2 166.6666666666667
 61 171.7171717171717
 33 176.7676767676768
 0 181.8181818181818
 0 186.8686868686869
 190 191.9191919191919
 273 196.969696969697
 38 202.020202020202
 102 207.070707070707
 185 212.1212121212121
 56 217.1717171717171
 106 222.2222222222222
 218 227.2727272727273
 138 232.3232323232323
 0 237.3737373737374
 31 242.4242424242424
 131 247.4747474747475
 21 252.5252525252525
 127 257.5757575757576
 159 262.6262626262626
 31 267.6767676767677
 233 272.7272727272727
 133 277.7777777777778
 439 282.8282828282828
 216 287.8787878787879
 1 292.9292929292929
 3 297.979797979798
 2 303.030303030303
 211 308.0808080808081
 21 313.1313131313131
 47 318.1818181818182
 28 323.2323232323232
 45 328.2828282828282
 180 333.3333333333333
 66 338.3838383838383
 17 343.4343434343434
 174 348.4848484848484
 104 353.5353535353535
 28 358.5858585858585
 1 363.6363636363636
 45 368.6868686868686
 31 373.7373737373737
 37 378.7878787878788
 1 383.8383838383838
 2 388.8888888888889
 289 393.9393939393939
 52 398.989898989899
 66 404.040404040404
 156 409.0909090909091
 139 414.1414141414141
 577 419.1919191919192
 28 424.2424242424242
 213 429.2929292929293
 159 434.3434343434343
 5 439.3939393939394
 59 444.4444444444444
 86 449.4949494949495
 42 454.5454545454545
 1 459.5959595959596
 0 464.6464646464646
 1 469.6969696969697
 1 474.7474747474747
 1 479.7979797979798
 15 484.8484848484848
 25 489.8989898989898
 68 494.9494949494949
 0 500


