# Created by Octave 3.8.2, Mon Jun 22 22:38:00 2020 CEST <damian@fptrucha.inv.usc.es>
# name: hd
# type: matrix
# rows: 100
# columns: 2
 0 0
 2 5.05050505050505
 0 10.1010101010101
 294 15.15151515151515
 4 20.2020202020202
 2 25.25252525252525
 151 30.3030303030303
 572 35.35353535353535
 621 40.4040404040404
 343 45.45454545454545
 144 50.50505050505051
 64 55.55555555555555
 2 60.6060606060606
 271 65.65656565656565
 223 70.7070707070707
 562 75.75757575757575
 2 80.8080808080808
 0 85.85858585858585
 57 90.90909090909091
 4 95.95959595959596
 3 101.010101010101
 199 106.060606060606
 199 111.1111111111111
 397 116.1616161616162
 225 121.2121212121212
 95 126.2626262626263
 1 131.3131313131313
 1 136.3636363636363
 86 141.4141414141414
 94 146.4646464646464
 507 151.5151515151515
 264 156.5656565656566
 2 161.6161616161616
 1 166.6666666666667
 86 171.7171717171717
 29 176.7676767676768
 0 181.8181818181818
 0 186.8686868686869
 203 191.9191919191919
 253 196.969696969697
 51 202.020202020202
 93 207.070707070707
 196 212.1212121212121
 69 217.1717171717171
 107 222.2222222222222
 262 227.2727272727273
 133 232.3232323232323
 1 237.3737373737374
 27 242.4242424242424
 156 247.4747474747475
 28 252.5252525252525
 125 257.5757575757576
 132 262.6262626262626
 47 267.6767676767677
 249 272.7272727272727
 160 277.7777777777778
 483 282.8282828282828
 240 287.8787878787879
 4 292.9292929292929
 3 297.979797979798
 2 303.030303030303
 233 308.0808080808081
 26 313.1313131313131
 40 318.1818181818182
 34 323.2323232323232
 56 328.2828282828282
 202 333.3333333333333
 60 338.3838383838383
 22 343.4343434343434
 171 348.4848484848484
 110 353.5353535353535
 27 358.5858585858585
 1 363.6363636363636
 59 368.6868686868686
 41 373.7373737373737
 34 378.7878787878788
 1 383.8383838383838
 1 388.8888888888889
 314 393.9393939393939
 57 398.989898989899
 77 404.040404040404
 172 409.0909090909091
 133 414.1414141414141
 558 419.1919191919192
 16 424.2424242424242
 227 429.2929292929293
 194 434.3434343434343
 3 439.3939393939394
 55 444.4444444444444
 73 449.4949494949495
 57 454.5454545454545
 1 459.5959595959596
 1 464.6464646464646
 1 469.6969696969697
 3 474.7474747474747
 1 479.7979797979798
 22 484.8484848484848
 24 489.8989898989898
 79 494.9494949494949
 0 500


