# Created by Octave 3.8.2, Mon Jun 22 07:26:25 2020 CEST <damian@fptrucha.inv.usc.es>
# name: hd
# type: matrix
# rows: 100
# columns: 2
 2 0
 1 5.05050505050505
 1 10.1010101010101
 290 15.15151515151515
 4 20.2020202020202
 3 25.25252525252525
 161 30.3030303030303
 507 35.35353535353535
 555 40.4040404040404
 277 45.45454545454545
 127 50.50505050505051
 58 55.55555555555555
 1 60.6060606060606
 251 65.65656565656565
 185 70.7070707070707
 527 75.75757575757575
 3 80.8080808080808
 1 85.85858585858585
 61 90.90909090909091
 2 95.95959595959596
 1 101.010101010101
 179 106.060606060606
 151 111.1111111111111
 370 116.1616161616162
 184 121.2121212121212
 69 126.2626262626263
 0 131.3131313131313
 5 136.3636363636363
 59 141.4141414141414
 82 146.4646464646464
 415 151.5151515151515
 239 156.5656565656566
 6 161.6161616161616
 0 166.6666666666667
 69 171.7171717171717
 35 176.7676767676768
 1 181.8181818181818
 0 186.8686868686869
 209 191.9191919191919
 256 196.969696969697
 64 202.020202020202
 88 207.070707070707
 172 212.1212121212121
 51 217.1717171717171
 79 222.2222222222222
 229 227.2727272727273
 100 232.3232323232323
 2 237.3737373737374
 18 242.4242424242424
 118 247.4747474747475
 23 252.5252525252525
 105 257.5757575757576
 127 262.6262626262626
 40 267.6767676767677
 292 272.7272727272727
 157 277.7777777777778
 415 282.8282828282828
 191 287.8787878787879
 0 292.9292929292929
 3 297.979797979798
 2 303.030303030303
 205 308.0808080808081
 27 313.1313131313131
 34 318.1818181818182
 36 323.2323232323232
 40 328.2828282828282
 169 333.3333333333333
 56 338.3838383838383
 18 343.4343434343434
 197 348.4848484848484
 91 353.5353535353535
 29 358.5858585858585
 0 363.6363636363636
 50 368.6868686868686
 36 373.7373737373737
 28 378.7878787878788
 0 383.8383838383838
 0 388.8888888888889
 313 393.9393939393939
 59 398.989898989899
 58 404.040404040404
 146 409.0909090909091
 129 414.1414141414141
 535 419.1919191919192
 20 424.2424242424242
 202 429.2929292929293
 166 434.3434343434343
 7 439.3939393939394
 51 444.4444444444444
 68 449.4949494949495
 52 454.5454545454545
 0 459.5959595959596
 2 464.6464646464646
 2 469.6969696969697
 0 474.7474747474747
 1 479.7979797979798
 20 484.8484848484848
 16 489.8989898989898
 82 494.9494949494949
 0 500


