# Created by Octave 3.8.2, Mon Jun 22 03:47:21 2020 CEST <damian@fptrucha.inv.usc.es>
# name: hd
# type: matrix
# rows: 100
# columns: 2
 3 0
 1 5.05050505050505
 3 10.1010101010101
 279 15.15151515151515
 4 20.2020202020202
 0 25.25252525252525
 143 30.3030303030303
 465 35.35353535353535
 490 40.4040404040404
 290 45.45454545454545
 120 50.50505050505051
 71 55.55555555555555
 3 60.6060606060606
 256 65.65656565656565
 193 70.7070707070707
 491 75.75757575757575
 0 80.8080808080808
 2 85.85858585858585
 46 90.90909090909091
 4 95.95959595959596
 6 101.010101010101
 171 106.060606060606
 160 111.1111111111111
 384 116.1616161616162
 190 121.2121212121212
 75 126.2626262626263
 0 131.3131313131313
 0 136.3636363636363
 62 141.4141414141414
 86 146.4646464646464
 414 151.5151515151515
 233 156.5656565656566
 2 161.6161616161616
 0 166.6666666666667
 65 171.7171717171717
 32 176.7676767676768
 5 181.8181818181818
 1 186.8686868686869
 176 191.9191919191919
 245 196.969696969697
 38 202.020202020202
 83 207.070707070707
 167 212.1212121212121
 57 217.1717171717171
 105 222.2222222222222
 247 227.2727272727273
 116 232.3232323232323
 6 237.3737373737374
 27 242.4242424242424
 106 247.4747474747475
 20 252.5252525252525
 110 257.5757575757576
 115 262.6262626262626
 42 267.6767676767677
 232 272.7272727272727
 144 277.7777777777778
 404 282.8282828282828
 156 287.8787878787879
 4 292.9292929292929
 1 297.979797979798
 0 303.030303030303
 190 308.0808080808081
 27 313.1313131313131
 45 318.1818181818182
 35 323.2323232323232
 39 328.2828282828282
 165 333.3333333333333
 51 338.3838383838383
 27 343.4343434343434
 167 348.4848484848484
 105 353.5353535353535
 32 358.5858585858585
 1 363.6363636363636
 40 368.6868686868686
 35 373.7373737373737
 31 378.7878787878788
 1 383.8383838383838
 1 388.8888888888889
 304 393.9393939393939
 58 398.989898989899
 68 404.040404040404
 180 409.0909090909091
 145 414.1414141414141
 553 419.1919191919192
 15 424.2424242424242
 232 429.2929292929293
 150 434.3434343434343
 6 439.3939393939394
 49 444.4444444444444
 81 449.4949494949495
 39 454.5454545454545
 1 459.5959595959596
 3 464.6464646464646
 0 469.6969696969697
 0 474.7474747474747
 2 479.7979797979798
 14 484.8484848484848
 20 489.8989898989898
 62 494.9494949494949
 0 500


