# Created by Octave 3.8.2, Sat Jun 20 10:11:58 2020 CEST <damian@fptrucha.inv.usc.es>
# name: hd
# type: matrix
# rows: 100
# columns: 2
 2 0
 2 5.05050505050505
 3 10.1010101010101
 284 15.15151515151515
 2 20.2020202020202
 0 25.25252525252525
 179 30.3030303030303
 601 35.35353535353535
 638 40.4040404040404
 354 45.45454545454545
 148 50.50505050505051
 87 55.55555555555555
 3 60.6060606060606
 273 65.65656565656565
 211 70.7070707070707
 645 75.75757575757575
 0 80.8080808080808
 0 85.85858585858585
 70 90.90909090909091
 4 95.95959595959596
 3 101.010101010101
 241 106.060606060606
 192 111.1111111111111
 435 116.1616161616162
 199 121.2121212121212
 116 126.2626262626263
 0 131.3131313131313
 0 136.3636363636363
 74 141.4141414141414
 103 146.4646464646464
 497 151.5151515151515
 290 156.5656565656566
 3 161.6161616161616
 0 166.6666666666667
 74 171.7171717171717
 36 176.7676767676768
 0 181.8181818181818
 1 186.8686868686869
 181 191.9191919191919
 308 196.969696969697
 49 202.020202020202
 97 207.070707070707
 225 212.1212121212121
 64 217.1717171717171
 105 222.2222222222222
 249 227.2727272727273
 148 232.3232323232323
 1 237.3737373737374
 25 242.4242424242424
 164 247.4747474747475
 23 252.5252525252525
 126 257.5757575757576
 167 262.6262626262626
 49 267.6767676767677
 289 272.7272727272727
 154 277.7777777777778
 478 282.8282828282828
 222 287.8787878787879
 0 292.9292929292929
 0 297.979797979798
 1 303.030303030303
 234 308.0808080808081
 24 313.1313131313131
 51 318.1818181818182
 38 323.2323232323232
 43 328.2828282828282
 193 333.3333333333333
 76 338.3838383838383
 17 343.4343434343434
 215 348.4848484848484
 114 353.5353535353535
 28 358.5858585858585
 0 363.6363636363636
 47 368.6868686868686
 47 373.7373737373737
 41 378.7878787878788
 0 383.8383838383838
 1 388.8888888888889
 364 393.9393939393939
 67 398.989898989899
 60 404.040404040404
 182 409.0909090909091
 151 414.1414141414141
 599 419.1919191919192
 23 424.2424242424242
 262 429.2929292929293
 230 434.3434343434343
 4 439.3939393939394
 45 444.4444444444444
 86 449.4949494949495
 51 454.5454545454545
 0 459.5959595959596
 1 464.6464646464646
 0 469.6969696969697
 1 474.7474747474747
 2 479.7979797979798
 19 484.8484848484848
 24 489.8989898989898
 83 494.9494949494949
 0 500


