# Created by Octave 3.8.2, Mon Jun 22 03:09:45 2020 CEST <damian@fptrucha.inv.usc.es>
# name: hd
# type: matrix
# rows: 100
# columns: 2
 2 0
 2 5.05050505050505
 3 10.1010101010101
 291 15.15151515151515
 6 20.2020202020202
 1 25.25252525252525
 150 30.3030303030303
 450 35.35353535353535
 555 40.4040404040404
 293 45.45454545454545
 120 50.50505050505051
 74 55.55555555555555
 2 60.6060606060606
 217 65.65656565656565
 210 70.7070707070707
 511 75.75757575757575
 3 80.8080808080808
 4 85.85858585858585
 54 90.90909090909091
 7 95.95959595959596
 2 101.010101010101
 159 106.060606060606
 149 111.1111111111111
 371 116.1616161616162
 165 121.2121212121212
 93 126.2626262626263
 0 131.3131313131313
 4 136.3636363636363
 68 141.4141414141414
 96 146.4646464646464
 399 151.5151515151515
 237 156.5656565656566
 2 161.6161616161616
 1 166.6666666666667
 72 171.7171717171717
 31 176.7676767676768
 1 181.8181818181818
 1 186.8686868686869
 144 191.9191919191919
 243 196.969696969697
 48 202.020202020202
 90 207.070707070707
 183 212.1212121212121
 48 217.1717171717171
 92 222.2222222222222
 206 227.2727272727273
 112 232.3232323232323
 5 237.3737373737374
 29 242.4242424242424
 123 247.4747474747475
 20 252.5252525252525
 111 257.5757575757576
 105 262.6262626262626
 44 267.6767676767677
 253 272.7272727272727
 143 277.7777777777778
 448 282.8282828282828
 197 287.8787878787879
 1 292.9292929292929
 2 297.979797979798
 1 303.030303030303
 174 308.0808080808081
 21 313.1313131313131
 30 318.1818181818182
 33 323.2323232323232
 35 328.2828282828282
 167 333.3333333333333
 73 338.3838383838383
 23 343.4343434343434
 140 348.4848484848484
 96 353.5353535353535
 27 358.5858585858585
 0 363.6363636363636
 44 368.6868686868686
 45 373.7373737373737
 36 378.7878787878788
 2 383.8383838383838
 0 388.8888888888889
 291 393.9393939393939
 48 398.989898989899
 45 404.040404040404
 147 409.0909090909091
 165 414.1414141414141
 559 419.1919191919192
 27 424.2424242424242
 207 429.2929292929293
 159 434.3434343434343
 7 439.3939393939394
 52 444.4444444444444
 59 449.4949494949495
 54 454.5454545454545
 1 459.5959595959596
 2 464.6464646464646
 1 469.6969696969697
 1 474.7474747474747
 0 479.7979797979798
 15 484.8484848484848
 21 489.8989898989898
 65 494.9494949494949
 0 500


