# Created by Octave 3.8.2, Mon Jun 22 14:17:36 2020 CEST <damian@fptrucha.inv.usc.es>
# name: hd
# type: matrix
# rows: 100
# columns: 2
 2 0
 3 5.05050505050505
 4 10.1010101010101
 258 15.15151515151515
 3 20.2020202020202
 1 25.25252525252525
 160 30.3030303030303
 505 35.35353535353535
 614 40.4040404040404
 318 45.45454545454545
 147 50.50505050505051
 73 55.55555555555555
 2 60.6060606060606
 269 65.65656565656565
 192 70.7070707070707
 498 75.75757575757575
 2 80.8080808080808
 2 85.85858585858585
 43 90.90909090909091
 4 95.95959595959596
 3 101.010101010101
 207 106.060606060606
 167 111.1111111111111
 387 116.1616161616162
 239 121.2121212121212
 83 126.2626262626263
 0 131.3131313131313
 2 136.3636363636363
 63 141.4141414141414
 88 146.4646464646464
 447 151.5151515151515
 247 156.5656565656566
 3 161.6161616161616
 1 166.6666666666667
 89 171.7171717171717
 43 176.7676767676768
 0 181.8181818181818
 4 186.8686868686869
 198 191.9191919191919
 270 196.969696969697
 49 202.020202020202
 94 207.070707070707
 173 212.1212121212121
 57 217.1717171717171
 118 222.2222222222222
 233 227.2727272727273
 125 232.3232323232323
 2 237.3737373737374
 16 242.4242424242424
 110 247.4747474747475
 21 252.5252525252525
 141 257.5757575757576
 156 262.6262626262626
 41 267.6767676767677
 285 272.7272727272727
 156 277.7777777777778
 410 282.8282828282828
 195 287.8787878787879
 1 292.9292929292929
 0 297.979797979798
 0 303.030303030303
 201 308.0808080808081
 23 313.1313131313131
 44 318.1818181818182
 43 323.2323232323232
 37 328.2828282828282
 201 333.3333333333333
 75 338.3838383838383
 27 343.4343434343434
 193 348.4848484848484
 91 353.5353535353535
 36 358.5858585858585
 3 363.6363636363636
 28 368.6868686868686
 38 373.7373737373737
 40 378.7878787878788
 1 383.8383838383838
 4 388.8888888888889
 310 393.9393939393939
 58 398.989898989899
 72 404.040404040404
 165 409.0909090909091
 143 414.1414141414141
 564 419.1919191919192
 18 424.2424242424242
 268 429.2929292929293
 200 434.3434343434343
 5 439.3939393939394
 50 444.4444444444444
 77 449.4949494949495
 60 454.5454545454545
 2 459.5959595959596
 2 464.6464646464646
 3 469.6969696969697
 2 474.7474747474747
 1 479.7979797979798
 17 484.8484848484848
 14 489.8989898989898
 83 494.9494949494949
 0 500


