# Created by Octave 3.8.2, Mon Jun 22 05:30:19 2020 CEST <damian@fptrucha.inv.usc.es>
# name: hd
# type: matrix
# rows: 100
# columns: 2
 1 0
 1 5.05050505050505
 1 10.1010101010101
 160 15.15151515151515
 3 20.2020202020202
 0 25.25252525252525
 99 30.3030303030303
 296 35.35353535353535
 363 40.4040404040404
 207 45.45454545454545
 81 50.50505050505051
 62 55.55555555555555
 1 60.6060606060606
 171 65.65656565656565
 128 70.7070707070707
 312 75.75757575757575
 1 80.8080808080808
 1 85.85858585858585
 32 90.90909090909091
 4 95.95959595959596
 0 101.010101010101
 107 106.060606060606
 91 111.1111111111111
 247 116.1616161616162
 111 121.2121212121212
 39 126.2626262626263
 0 131.3131313131313
 1 136.3636363636363
 49 141.4141414141414
 68 146.4646464646464
 252 151.5151515151515
 144 156.5656565656566
 0 161.6161616161616
 1 166.6666666666667
 52 171.7171717171717
 29 176.7676767676768
 0 181.8181818181818
 0 186.8686868686869
 122 191.9191919191919
 137 196.969696969697
 43 202.020202020202
 53 207.070707070707
 119 212.1212121212121
 31 217.1717171717171
 71 222.2222222222222
 141 227.2727272727273
 82 232.3232323232323
 1 237.3737373737374
 15 242.4242424242424
 83 247.4747474747475
 14 252.5252525252525
 64 257.5757575757576
 72 262.6262626262626
 18 267.6767676767677
 149 272.7272727272727
 93 277.7777777777778
 283 282.8282828282828
 114 287.8787878787879
 2 292.9292929292929
 0 297.979797979798
 0 303.030303030303
 122 308.0808080808081
 18 313.1313131313131
 20 318.1818181818182
 23 323.2323232323232
 26 328.2828282828282
 95 333.3333333333333
 43 338.3838383838383
 11 343.4343434343434
 136 348.4848484848484
 68 353.5353535353535
 10 358.5858585858585
 2 363.6363636363636
 31 368.6868686868686
 24 373.7373737373737
 29 378.7878787878788
 0 383.8383838383838
 0 388.8888888888889
 202 393.9393939393939
 37 398.989898989899
 35 404.040404040404
 100 409.0909090909091
 81 414.1414141414141
 320 419.1919191919192
 15 424.2424242424242
 152 429.2929292929293
 114 434.3434343434343
 4 439.3939393939394
 41 444.4444444444444
 46 449.4949494949495
 36 454.5454545454545
 1 459.5959595959596
 0 464.6464646464646
 3 469.6969696969697
 1 474.7474747474747
 2 479.7979797979798
 12 484.8484848484848
 9 489.8989898989898
 45 494.9494949494949
 0 500


