# Created by Octave 3.8.2, Sat Jun 20 12:23:17 2020 CEST <damian@fptrucha.inv.usc.es>
# name: hd
# type: matrix
# rows: 100
# columns: 2
 2 0
 4 5.05050505050505
 1 10.1010101010101
 300 15.15151515151515
 4 20.2020202020202
 0 25.25252525252525
 182 30.3030303030303
 553 35.35353535353535
 666 40.4040404040404
 343 45.45454545454545
 129 50.50505050505051
 77 55.55555555555555
 0 60.6060606060606
 271 65.65656565656565
 210 70.7070707070707
 616 75.75757575757575
 1 80.8080808080808
 0 85.85858585858585
 66 90.90909090909091
 1 95.95959595959596
 3 101.010101010101
 184 106.060606060606
 221 111.1111111111111
 439 116.1616161616162
 232 121.2121212121212
 86 126.2626262626263
 3 131.3131313131313
 1 136.3636363636363
 79 141.4141414141414
 112 146.4646464646464
 502 151.5151515151515
 264 156.5656565656566
 2 161.6161616161616
 0 166.6666666666667
 101 171.7171717171717
 35 176.7676767676768
 0 181.8181818181818
 1 186.8686868686869
 225 191.9191919191919
 298 196.969696969697
 47 202.020202020202
 94 207.070707070707
 208 212.1212121212121
 65 217.1717171717171
 120 222.2222222222222
 237 227.2727272727273
 141 232.3232323232323
 3 237.3737373737374
 24 242.4242424242424
 135 247.4747474747475
 24 252.5252525252525
 148 257.5757575757576
 133 262.6262626262626
 59 267.6767676767677
 298 272.7272727272727
 155 277.7777777777778
 445 282.8282828282828
 237 287.8787878787879
 4 292.9292929292929
 0 297.979797979798
 0 303.030303030303
 238 308.0808080808081
 30 313.1313131313131
 48 318.1818181818182
 35 323.2323232323232
 45 328.2828282828282
 172 333.3333333333333
 77 338.3838383838383
 13 343.4343434343434
 189 348.4848484848484
 108 353.5353535353535
 33 358.5858585858585
 0 363.6363636363636
 52 368.6868686868686
 47 373.7373737373737
 30 378.7878787878788
 0 383.8383838383838
 0 388.8888888888889
 312 393.9393939393939
 57 398.989898989899
 66 404.040404040404
 205 409.0909090909091
 156 414.1414141414141
 609 419.1919191919192
 24 424.2424242424242
 235 429.2929292929293
 187 434.3434343434343
 6 439.3939393939394
 56 444.4444444444444
 84 449.4949494949495
 59 454.5454545454545
 0 459.5959595959596
 1 464.6464646464646
 2 469.6969696969697
 0 474.7474747474747
 1 479.7979797979798
 19 484.8484848484848
 19 489.8989898989898
 73 494.9494949494949
 0 500


