# Created by Octave 3.8.2, Mon Jun 22 15:01:56 2020 CEST <damian@fptrucha.inv.usc.es>
# name: hd
# type: matrix
# rows: 100
# columns: 2
 3 0
 2 5.05050505050505
 3 10.1010101010101
 311 15.15151515151515
 3 20.2020202020202
 0 25.25252525252525
 177 30.3030303030303
 557 35.35353535353535
 622 40.4040404040404
 292 45.45454545454545
 144 50.50505050505051
 81 55.55555555555555
 1 60.6060606060606
 252 65.65656565656565
 215 70.7070707070707
 555 75.75757575757575
 1 80.8080808080808
 0 85.85858585858585
 73 90.90909090909091
 3 95.95959595959596
 4 101.010101010101
 180 106.060606060606
 166 111.1111111111111
 397 116.1616161616162
 213 121.2121212121212
 81 126.2626262626263
 0 131.3131313131313
 1 136.3636363636363
 72 141.4141414141414
 90 146.4646464646464
 486 151.5151515151515
 239 156.5656565656566
 7 161.6161616161616
 3 166.6666666666667
 69 171.7171717171717
 27 176.7676767676768
 2 181.8181818181818
 0 186.8686868686869
 200 191.9191919191919
 264 196.969696969697
 50 202.020202020202
 86 207.070707070707
 186 212.1212121212121
 56 217.1717171717171
 112 222.2222222222222
 230 227.2727272727273
 150 232.3232323232323
 3 237.3737373737374
 29 242.4242424242424
 141 247.4747474747475
 28 252.5252525252525
 117 257.5757575757576
 147 262.6262626262626
 38 267.6767676767677
 279 272.7272727272727
 151 277.7777777777778
 460 282.8282828282828
 224 287.8787878787879
 1 292.9292929292929
 1 297.979797979798
 0 303.030303030303
 239 308.0808080808081
 30 313.1313131313131
 38 318.1818181818182
 37 323.2323232323232
 47 328.2828282828282
 186 333.3333333333333
 78 338.3838383838383
 28 343.4343434343434
 172 348.4848484848484
 104 353.5353535353535
 31 358.5858585858585
 2 363.6363636363636
 47 368.6868686868686
 37 373.7373737373737
 31 378.7878787878788
 0 383.8383838383838
 0 388.8888888888889
 322 393.9393939393939
 66 398.989898989899
 63 404.040404040404
 192 409.0909090909091
 164 414.1414141414141
 547 419.1919191919192
 24 424.2424242424242
 264 429.2929292929293
 166 434.3434343434343
 1 439.3939393939394
 62 444.4444444444444
 72 449.4949494949495
 45 454.5454545454545
 4 459.5959595959596
 2 464.6464646464646
 1 469.6969696969697
 0 474.7474747474747
 1 479.7979797979798
 17 484.8484848484848
 27 489.8989898989898
 66 494.9494949494949
 0 500


