# Created by Octave 3.8.2, Sat Jun 20 02:20:36 2020 CEST <damian@fptrucha.inv.usc.es>
# name: hd
# type: matrix
# rows: 100
# columns: 2
 2 0
 1 5.05050505050505
 3 10.1010101010101
 285 15.15151515151515
 2 20.2020202020202
 1 25.25252525252525
 154 30.3030303030303
 579 35.35353535353535
 614 40.4040404040404
 348 45.45454545454545
 135 50.50505050505051
 70 55.55555555555555
 1 60.6060606060606
 286 65.65656565656565
 209 70.7070707070707
 636 75.75757575757575
 0 80.8080808080808
 2 85.85858585858585
 67 90.90909090909091
 6 95.95959595959596
 1 101.010101010101
 198 106.060606060606
 223 111.1111111111111
 425 116.1616161616162
 237 121.2121212121212
 96 126.2626262626263
 0 131.3131313131313
 4 136.3636363636363
 66 141.4141414141414
 114 146.4646464646464
 454 151.5151515151515
 272 156.5656565656566
 1 161.6161616161616
 0 166.6666666666667
 82 171.7171717171717
 32 176.7676767676768
 0 181.8181818181818
 1 186.8686868686869
 211 191.9191919191919
 289 196.969696969697
 51 202.020202020202
 114 207.070707070707
 176 212.1212121212121
 64 217.1717171717171
 115 222.2222222222222
 232 227.2727272727273
 148 232.3232323232323
 0 237.3737373737374
 16 242.4242424242424
 157 247.4747474747475
 29 252.5252525252525
 118 257.5757575757576
 135 262.6262626262626
 36 267.6767676767677
 252 272.7272727272727
 137 277.7777777777778
 471 282.8282828282828
 238 287.8787878787879
 0 292.9292929292929
 0 297.979797979798
 0 303.030303030303
 220 308.0808080808081
 24 313.1313131313131
 40 318.1818181818182
 36 323.2323232323232
 39 328.2828282828282
 180 333.3333333333333
 64 338.3838383838383
 14 343.4343434343434
 221 348.4848484848484
 95 353.5353535353535
 26 358.5858585858585
 1 363.6363636363636
 55 368.6868686868686
 31 373.7373737373737
 46 378.7878787878788
 0 383.8383838383838
 0 388.8888888888889
 311 393.9393939393939
 51 398.989898989899
 55 404.040404040404
 182 409.0909090909091
 148 414.1414141414141
 629 419.1919191919192
 21 424.2424242424242
 217 429.2929292929293
 202 434.3434343434343
 4 439.3939393939394
 57 444.4444444444444
 101 449.4949494949495
 49 454.5454545454545
 0 459.5959595959596
 4 464.6464646464646
 0 469.6969696969697
 2 474.7474747474747
 0 479.7979797979798
 17 484.8484848484848
 20 489.8989898989898
 99 494.9494949494949
 0 500


