# Created by Octave 3.8.2, Mon Jun 22 02:27:51 2020 CEST <damian@fptrucha.inv.usc.es>
# name: hd
# type: matrix
# rows: 100
# columns: 2
 0 0
 0 5.05050505050505
 1 10.1010101010101
 3 15.15151515151515
 0 20.2020202020202
 0 25.25252525252525
 0 30.3030303030303
 1 35.35353535353535
 6 40.4040404040404
 2 45.45454545454545
 1 50.50505050505051
 0 55.55555555555555
 0 60.6060606060606
 0 65.65656565656565
 8 70.7070707070707
 4 75.75757575757575
 0 80.8080808080808
 1 85.85858585858585
 1 90.90909090909091
 0 95.95959595959596
 0 101.010101010101
 1 106.060606060606
 0 111.1111111111111
 7 116.1616161616162
 1 121.2121212121212
 0 126.2626262626263
 0 131.3131313131313
 0 136.3636363636363
 2 141.4141414141414
 0 146.4646464646464
 2 151.5151515151515
 0 156.5656565656566
 1 161.6161616161616
 0 166.6666666666667
 3 171.7171717171717
 0 176.7676767676768
 1 181.8181818181818
 1 186.8686868686869
 4 191.9191919191919
 6 196.969696969697
 2 202.020202020202
 1 207.070707070707
 1 212.1212121212121
 0 217.1717171717171
 2 222.2222222222222
 7 227.2727272727273
 2 232.3232323232323
 1 237.3737373737374
 0 242.4242424242424
 0 247.4747474747475
 0 252.5252525252525
 0 257.5757575757576
 0 262.6262626262626
 0 267.6767676767677
 1 272.7272727272727
 0 277.7777777777778
 0 282.8282828282828
 1 287.8787878787879
 3 292.9292929292929
 0 297.979797979798
 0 303.030303030303
 0 308.0808080808081
 1 313.1313131313131
 1 318.1818181818182
 0 323.2323232323232
 1 328.2828282828282
 1 333.3333333333333
 0 338.3838383838383
 0 343.4343434343434
 0 348.4848484848484
 1 353.5353535353535
 0 358.5858585858585
 1 363.6363636363636
 0 368.6868686868686
 0 373.7373737373737
 0 378.7878787878788
 3 383.8383838383838
 1 388.8888888888889
 2 393.9393939393939
 0 398.989898989899
 0 404.040404040404
 1 409.0909090909091
 0 414.1414141414141
 0 419.1919191919192
 0 424.2424242424242
 7 429.2929292929293
 3 434.3434343434343
 0 439.3939393939394
 2 444.4444444444444
 1 449.4949494949495
 0 454.5454545454545
 1 459.5959595959596
 0 464.6464646464646
 0 469.6969696969697
 1 474.7474747474747
 0 479.7979797979798
 0 484.8484848484848
 1 489.8989898989898
 3 494.9494949494949
 0 500


