# Created by Octave 3.8.2, Mon Jun 22 03:36:50 2020 CEST <damian@fptrucha.inv.usc.es>
# name: hd
# type: matrix
# rows: 100
# columns: 2
 1 0
 6 5.05050505050505
 1 10.1010101010101
 254 15.15151515151515
 5 20.2020202020202
 0 25.25252525252525
 136 30.3030303030303
 500 35.35353535353535
 544 40.4040404040404
 305 45.45454545454545
 119 50.50505050505051
 67 55.55555555555555
 2 60.6060606060606
 288 65.65656565656565
 173 70.7070707070707
 518 75.75757575757575
 2 80.8080808080808
 3 85.85858585858585
 57 90.90909090909091
 4 95.95959595959596
 7 101.010101010101
 196 106.060606060606
 158 111.1111111111111
 377 116.1616161616162
 201 121.2121212121212
 81 126.2626262626263
 0 131.3131313131313
 2 136.3636363636363
 73 141.4141414141414
 100 146.4646464646464
 389 151.5151515151515
 228 156.5656565656566
 3 161.6161616161616
 3 166.6666666666667
 76 171.7171717171717
 34 176.7676767676768
 4 181.8181818181818
 2 186.8686868686869
 186 191.9191919191919
 245 196.969696969697
 43 202.020202020202
 83 207.070707070707
 162 212.1212121212121
 61 217.1717171717171
 118 222.2222222222222
 213 227.2727272727273
 145 232.3232323232323
 4 237.3737373737374
 23 242.4242424242424
 147 247.4747474747475
 22 252.5252525252525
 100 257.5757575757576
 138 262.6262626262626
 41 267.6767676767677
 248 272.7272727272727
 148 277.7777777777778
 432 282.8282828282828
 170 287.8787878787879
 2 292.9292929292929
 1 297.979797979798
 3 303.030303030303
 200 308.0808080808081
 27 313.1313131313131
 29 318.1818181818182
 26 323.2323232323232
 51 328.2828282828282
 158 333.3333333333333
 57 338.3838383838383
 18 343.4343434343434
 184 348.4848484848484
 97 353.5353535353535
 23 358.5858585858585
 0 363.6363636363636
 39 368.6868686868686
 31 373.7373737373737
 26 378.7878787878788
 1 383.8383838383838
 4 388.8888888888889
 279 393.9393939393939
 60 398.989898989899
 58 404.040404040404
 161 409.0909090909091
 142 414.1414141414141
 543 419.1919191919192
 26 424.2424242424242
 209 429.2929292929293
 175 434.3434343434343
 1 439.3939393939394
 52 444.4444444444444
 73 449.4949494949495
 51 454.5454545454545
 0 459.5959595959596
 0 464.6464646464646
 4 469.6969696969697
 1 474.7474747474747
 0 479.7979797979798
 14 484.8484848484848
 25 489.8989898989898
 59 494.9494949494949
 0 500


