# Created by Octave 3.8.2, Sat Jun 20 07:23:07 2020 CEST <damian@fptrucha.inv.usc.es>
# name: hd
# type: matrix
# rows: 100
# columns: 2
 2 0
 4 5.05050505050505
 2 10.1010101010101
 236 15.15151515151515
 1 20.2020202020202
 0 25.25252525252525
 110 30.3030303030303
 372 35.35353535353535
 463 40.4040404040404
 234 45.45454545454545
 88 50.50505050505051
 52 55.55555555555555
 1 60.6060606060606
 211 65.65656565656565
 177 70.7070707070707
 460 75.75757575757575
 0 80.8080808080808
 0 85.85858585858585
 50 90.90909090909091
 2 95.95959595959596
 3 101.010101010101
 150 106.060606060606
 138 111.1111111111111
 292 116.1616161616162
 125 121.2121212121212
 62 126.2626262626263
 0 131.3131313131313
 1 136.3636363636363
 47 141.4141414141414
 63 146.4646464646464
 356 151.5151515151515
 182 156.5656565656566
 3 161.6161616161616
 2 166.6666666666667
 51 171.7171717171717
 26 176.7676767676768
 1 181.8181818181818
 0 186.8686868686869
 145 191.9191919191919
 182 196.969696969697
 31 202.020202020202
 71 207.070707070707
 131 212.1212121212121
 55 217.1717171717171
 76 222.2222222222222
 199 227.2727272727273
 96 232.3232323232323
 0 237.3737373737374
 19 242.4242424242424
 99 247.4747474747475
 19 252.5252525252525
 77 257.5757575757576
 102 262.6262626262626
 25 267.6767676767677
 193 272.7272727272727
 111 277.7777777777778
 355 282.8282828282828
 144 287.8787878787879
 2 292.9292929292929
 1 297.979797979798
 0 303.030303030303
 157 308.0808080808081
 17 313.1313131313131
 36 318.1818181818182
 21 323.2323232323232
 28 328.2828282828282
 142 333.3333333333333
 49 338.3838383838383
 17 343.4343434343434
 132 348.4848484848484
 78 353.5353535353535
 18 358.5858585858585
 1 363.6363636363636
 34 368.6868686868686
 27 373.7373737373737
 20 378.7878787878788
 1 383.8383838383838
 0 388.8888888888889
 252 393.9393939393939
 51 398.989898989899
 44 404.040404040404
 120 409.0909090909091
 103 414.1414141414141
 383 419.1919191919192
 15 424.2424242424242
 178 429.2929292929293
 124 434.3434343434343
 1 439.3939393939394
 42 444.4444444444444
 59 449.4949494949495
 38 454.5454545454545
 0 459.5959595959596
 0 464.6464646464646
 0 469.6969696969697
 0 474.7474747474747
 1 479.7979797979798
 11 484.8484848484848
 16 489.8989898989898
 62 494.9494949494949
 0 500


