# Created by Octave 3.8.2, Sat Jun 20 16:16:05 2020 CEST <damian@fptrucha.inv.usc.es>
# name: hd
# type: matrix
# rows: 100
# columns: 2
 0 0
 3 5.05050505050505
 0 10.1010101010101
 305 15.15151515151515
 4 20.2020202020202
 0 25.25252525252525
 150 30.3030303030303
 543 35.35353535353535
 624 40.4040404040404
 297 45.45454545454545
 123 50.50505050505051
 65 55.55555555555555
 3 60.6060606060606
 288 65.65656565656565
 219 70.7070707070707
 604 75.75757575757575
 1 80.8080808080808
 2 85.85858585858585
 67 90.90909090909091
 5 95.95959595959596
 0 101.010101010101
 182 106.060606060606
 162 111.1111111111111
 378 116.1616161616162
 198 121.2121212121212
 95 126.2626262626263
 1 131.3131313131313
 2 136.3636363636363
 70 141.4141414141414
 94 146.4646464646464
 436 151.5151515151515
 281 156.5656565656566
 1 161.6161616161616
 0 166.6666666666667
 74 171.7171717171717
 37 176.7676767676768
 0 181.8181818181818
 0 186.8686868686869
 195 191.9191919191919
 262 196.969696969697
 34 202.020202020202
 102 207.070707070707
 189 212.1212121212121
 68 217.1717171717171
 105 222.2222222222222
 212 227.2727272727273
 151 232.3232323232323
 0 237.3737373737374
 17 242.4242424242424
 137 247.4747474747475
 28 252.5252525252525
 113 257.5757575757576
 130 262.6262626262626
 44 267.6767676767677
 271 272.7272727272727
 153 277.7777777777778
 425 282.8282828282828
 192 287.8787878787879
 0 292.9292929292929
 1 297.979797979798
 0 303.030303030303
 234 308.0808080808081
 17 313.1313131313131
 52 318.1818181818182
 25 323.2323232323232
 49 328.2828282828282
 181 333.3333333333333
 67 338.3838383838383
 23 343.4343434343434
 184 348.4848484848484
 100 353.5353535353535
 33 358.5858585858585
 0 363.6363636363636
 45 368.6868686868686
 28 373.7373737373737
 38 378.7878787878788
 2 383.8383838383838
 0 388.8888888888889
 312 393.9393939393939
 45 398.989898989899
 58 404.040404040404
 156 409.0909090909091
 125 414.1414141414141
 580 419.1919191919192
 21 424.2424242424242
 214 429.2929292929293
 192 434.3434343434343
 3 439.3939393939394
 65 444.4444444444444
 87 449.4949494949495
 49 454.5454545454545
 1 459.5959595959596
 0 464.6464646464646
 0 469.6969696969697
 2 474.7474747474747
 2 479.7979797979798
 17 484.8484848484848
 18 489.8989898989898
 66 494.9494949494949
 0 500


