# Created by Octave 3.8.2, Mon Jun 22 13:21:48 2020 CEST <damian@fptrucha.inv.usc.es>
# name: hd
# type: matrix
# rows: 100
# columns: 2
 0 0
 3 5.05050505050505
 1 10.1010101010101
 285 15.15151515151515
 2 20.2020202020202
 2 25.25252525252525
 139 30.3030303030303
 549 35.35353535353535
 601 40.4040404040404
 336 45.45454545454545
 135 50.50505050505051
 76 55.55555555555555
 2 60.6060606060606
 271 65.65656565656565
 214 70.7070707070707
 582 75.75757575757575
 3 80.8080808080808
 0 85.85858585858585
 79 90.90909090909091
 4 95.95959595959596
 5 101.010101010101
 219 106.060606060606
 190 111.1111111111111
 384 116.1616161616162
 208 121.2121212121212
 75 126.2626262626263
 0 131.3131313131313
 4 136.3636363636363
 78 141.4141414141414
 104 146.4646464646464
 484 151.5151515151515
 238 156.5656565656566
 4 161.6161616161616
 2 166.6666666666667
 61 171.7171717171717
 22 176.7676767676768
 0 181.8181818181818
 1 186.8686868686869
 180 191.9191919191919
 226 196.969696969697
 49 202.020202020202
 103 207.070707070707
 172 212.1212121212121
 61 217.1717171717171
 90 222.2222222222222
 235 227.2727272727273
 128 232.3232323232323
 2 237.3737373737374
 22 242.4242424242424
 144 247.4747474747475
 20 252.5252525252525
 113 257.5757575757576
 116 262.6262626262626
 45 267.6767676767677
 264 272.7272727272727
 136 277.7777777777778
 420 282.8282828282828
 187 287.8787878787879
 3 292.9292929292929
 3 297.979797979798
 1 303.030303030303
 216 308.0808080808081
 30 313.1313131313131
 31 318.1818181818182
 31 323.2323232323232
 44 328.2828282828282
 181 333.3333333333333
 65 338.3838383838383
 27 343.4343434343434
 188 348.4848484848484
 112 353.5353535353535
 33 358.5858585858585
 1 363.6363636363636
 47 368.6868686868686
 36 373.7373737373737
 47 378.7878787878788
 1 383.8383838383838
 1 388.8888888888889
 348 393.9393939393939
 54 398.989898989899
 53 404.040404040404
 184 409.0909090909091
 146 414.1414141414141
 542 419.1919191919192
 28 424.2424242424242
 245 429.2929292929293
 164 434.3434343434343
 2 439.3939393939394
 60 444.4444444444444
 73 449.4949494949495
 53 454.5454545454545
 2 459.5959595959596
 2 464.6464646464646
 1 469.6969696969697
 1 474.7474747474747
 1 479.7979797979798
 29 484.8484848484848
 23 489.8989898989898
 68 494.9494949494949
 0 500


