# Created by Octave 3.8.2, Sat Jun 20 06:47:51 2020 CEST <damian@fptrucha.inv.usc.es>
# name: hd
# type: matrix
# rows: 100
# columns: 2
 1 0
 3 5.05050505050505
 1 10.1010101010101
 355 15.15151515151515
 1 20.2020202020202
 0 25.25252525252525
 172 30.3030303030303
 567 35.35353535353535
 639 40.4040404040404
 309 45.45454545454545
 136 50.50505050505051
 57 55.55555555555555
 2 60.6060606060606
 312 65.65656565656565
 212 70.7070707070707
 629 75.75757575757575
 0 80.8080808080808
 0 85.85858585858585
 83 90.90909090909091
 2 95.95959595959596
 2 101.010101010101
 225 106.060606060606
 208 111.1111111111111
 463 116.1616161616162
 220 121.2121212121212
 101 126.2626262626263
 0 131.3131313131313
 2 136.3636363636363
 87 141.4141414141414
 94 146.4646464646464
 498 151.5151515151515
 314 156.5656565656566
 0 161.6161616161616
 1 166.6666666666667
 74 171.7171717171717
 38 176.7676767676768
 0 181.8181818181818
 0 186.8686868686869
 209 191.9191919191919
 281 196.969696969697
 49 202.020202020202
 97 207.070707070707
 193 212.1212121212121
 65 217.1717171717171
 122 222.2222222222222
 252 227.2727272727273
 160 232.3232323232323
 0 237.3737373737374
 26 242.4242424242424
 160 247.4747474747475
 15 252.5252525252525
 135 257.5757575757576
 156 262.6262626262626
 42 267.6767676767677
 267 272.7272727272727
 152 277.7777777777778
 497 282.8282828282828
 242 287.8787878787879
 3 292.9292929292929
 0 297.979797979798
 0 303.030303030303
 247 308.0808080808081
 22 313.1313131313131
 51 318.1818181818182
 26 323.2323232323232
 53 328.2828282828282
 211 333.3333333333333
 84 338.3838383838383
 21 343.4343434343434
 200 348.4848484848484
 111 353.5353535353535
 35 358.5858585858585
 2 363.6363636363636
 54 368.6868686868686
 44 373.7373737373737
 45 378.7878787878788
 1 383.8383838383838
 1 388.8888888888889
 376 393.9393939393939
 64 398.989898989899
 67 404.040404040404
 194 409.0909090909091
 148 414.1414141414141
 593 419.1919191919192
 22 424.2424242424242
 234 429.2929292929293
 193 434.3434343434343
 6 439.3939393939394
 64 444.4444444444444
 86 449.4949494949495
 56 454.5454545454545
 0 459.5959595959596
 1 464.6464646464646
 1 469.6969696969697
 0 474.7474747474747
 1 479.7979797979798
 22 484.8484848484848
 10 489.8989898989898
 78 494.9494949494949
 0 500


