# Created by Octave 3.8.2, Sat Jun 20 20:01:09 2020 CEST <damian@fptrucha.inv.usc.es>
# name: hd
# type: matrix
# rows: 100
# columns: 2
 1 0
 5 5.05050505050505
 2 10.1010101010101
 241 15.15151515151515
 4 20.2020202020202
 0 25.25252525252525
 150 30.3030303030303
 513 35.35353535353535
 602 40.4040404040404
 290 45.45454545454545
 132 50.50505050505051
 58 55.55555555555555
 0 60.6060606060606
 280 65.65656565656565
 210 70.7070707070707
 558 75.75757575757575
 0 80.8080808080808
 1 85.85858585858585
 56 90.90909090909091
 5 95.95959595959596
 2 101.010101010101
 170 106.060606060606
 159 111.1111111111111
 361 116.1616161616162
 204 121.2121212121212
 91 126.2626262626263
 0 131.3131313131313
 0 136.3636363636363
 63 141.4141414141414
 88 146.4646464646464
 444 151.5151515151515
 269 156.5656565656566
 1 161.6161616161616
 0 166.6666666666667
 74 171.7171717171717
 33 176.7676767676768
 0 181.8181818181818
 1 186.8686868686869
 160 191.9191919191919
 253 196.969696969697
 43 202.020202020202
 93 207.070707070707
 180 212.1212121212121
 58 217.1717171717171
 112 222.2222222222222
 262 227.2727272727273
 159 232.3232323232323
 0 237.3737373737374
 24 242.4242424242424
 152 247.4747474747475
 16 252.5252525252525
 115 257.5757575757576
 145 262.6262626262626
 44 267.6767676767677
 285 272.7272727272727
 146 277.7777777777778
 444 282.8282828282828
 214 287.8787878787879
 2 292.9292929292929
 0 297.979797979798
 0 303.030303030303
 217 308.0808080808081
 25 313.1313131313131
 53 318.1818181818182
 23 323.2323232323232
 43 328.2828282828282
 188 333.3333333333333
 53 338.3838383838383
 16 343.4343434343434
 178 348.4848484848484
 105 353.5353535353535
 26 358.5858585858585
 1 363.6363636363636
 45 368.6868686868686
 28 373.7373737373737
 35 378.7878787878788
 2 383.8383838383838
 0 388.8888888888889
 332 393.9393939393939
 49 398.989898989899
 65 404.040404040404
 173 409.0909090909091
 117 414.1414141414141
 529 419.1919191919192
 24 424.2424242424242
 216 429.2929292929293
 157 434.3434343434343
 3 439.3939393939394
 62 444.4444444444444
 67 449.4949494949495
 48 454.5454545454545
 2 459.5959595959596
 1 464.6464646464646
 0 469.6969696969697
 0 474.7474747474747
 3 479.7979797979798
 11 484.8484848484848
 22 489.8989898989898
 66 494.9494949494949
 0 500


