# Created by Octave 3.8.2, Mon Jun 22 02:30:19 2020 CEST <damian@fptrucha.inv.usc.es>
# name: hd
# type: matrix
# rows: 100
# columns: 2
 2 0
 5 5.05050505050505
 2 10.1010101010101
 275 15.15151515151515
 5 20.2020202020202
 1 25.25252525252525
 109 30.3030303030303
 472 35.35353535353535
 522 40.4040404040404
 294 45.45454545454545
 111 50.50505050505051
 59 55.55555555555555
 0 60.6060606060606
 232 65.65656565656565
 186 70.7070707070707
 526 75.75757575757575
 3 80.8080808080808
 3 85.85858585858585
 51 90.90909090909091
 7 95.95959595959596
 6 101.010101010101
 165 106.060606060606
 136 111.1111111111111
 350 116.1616161616162
 170 121.2121212121212
 65 126.2626262626263
 1 131.3131313131313
 1 136.3636363636363
 67 141.4141414141414
 82 146.4646464646464
 394 151.5151515151515
 223 156.5656565656566
 3 161.6161616161616
 1 166.6666666666667
 69 171.7171717171717
 24 176.7676767676768
 1 181.8181818181818
 2 186.8686868686869
 158 191.9191919191919
 244 196.969696969697
 51 202.020202020202
 85 207.070707070707
 154 212.1212121212121
 50 217.1717171717171
 88 222.2222222222222
 216 227.2727272727273
 123 232.3232323232323
 2 237.3737373737374
 20 242.4242424242424
 120 247.4747474747475
 25 252.5252525252525
 98 257.5757575757576
 108 262.6262626262626
 38 267.6767676767677
 237 272.7272727272727
 134 277.7777777777778
 424 282.8282828282828
 203 287.8787878787879
 3 292.9292929292929
 6 297.979797979798
 0 303.030303030303
 185 308.0808080808081
 29 313.1313131313131
 37 318.1818181818182
 25 323.2323232323232
 30 328.2828282828282
 158 333.3333333333333
 61 338.3838383838383
 27 343.4343434343434
 157 348.4848484848484
 110 353.5353535353535
 27 358.5858585858585
 1 363.6363636363636
 45 368.6868686868686
 42 373.7373737373737
 31 378.7878787878788
 0 383.8383838383838
 0 388.8888888888889
 286 393.9393939393939
 56 398.989898989899
 53 404.040404040404
 154 409.0909090909091
 117 414.1414141414141
 536 419.1919191919192
 27 424.2424242424242
 226 429.2929292929293
 137 434.3434343434343
 3 439.3939393939394
 43 444.4444444444444
 67 449.4949494949495
 46 454.5454545454545
 0 459.5959595959596
 3 464.6464646464646
 2 469.6969696969697
 1 474.7474747474747
 4 479.7979797979798
 15 484.8484848484848
 14 489.8989898989898
 58 494.9494949494949
 0 500


