# Created by Octave 3.8.2, Sun Jun 21 07:01:40 2020 CEST <damian@fptrucha.inv.usc.es>
# name: hd
# type: matrix
# rows: 100
# columns: 2
 1 0
 9 5.05050505050505
 0 10.1010101010101
 260 15.15151515151515
 0 20.2020202020202
 0 25.25252525252525
 148 30.3030303030303
 494 35.35353535353535
 566 40.4040404040404
 308 45.45454545454545
 120 50.50505050505051
 61 55.55555555555555
 1 60.6060606060606
 268 65.65656565656565
 222 70.7070707070707
 579 75.75757575757575
 0 80.8080808080808
 2 85.85858585858585
 53 90.90909090909091
 0 95.95959595959596
 2 101.010101010101
 202 106.060606060606
 191 111.1111111111111
 425 116.1616161616162
 203 121.2121212121212
 81 126.2626262626263
 0 131.3131313131313
 1 136.3636363636363
 67 141.4141414141414
 75 146.4646464646464
 448 151.5151515151515
 252 156.5656565656566
 4 161.6161616161616
 1 166.6666666666667
 55 171.7171717171717
 23 176.7676767676768
 0 181.8181818181818
 0 186.8686868686869
 185 191.9191919191919
 232 196.969696969697
 31 202.020202020202
 92 207.070707070707
 183 212.1212121212121
 62 217.1717171717171
 95 222.2222222222222
 228 227.2727272727273
 147 232.3232323232323
 0 237.3737373737374
 30 242.4242424242424
 145 247.4747474747475
 18 252.5252525252525
 117 257.5757575757576
 162 262.6262626262626
 43 267.6767676767677
 277 272.7272727272727
 125 277.7777777777778
 446 282.8282828282828
 186 287.8787878787879
 1 292.9292929292929
 0 297.979797979798
 1 303.030303030303
 190 308.0808080808081
 21 313.1313131313131
 47 318.1818181818182
 33 323.2323232323232
 39 328.2828282828282
 155 333.3333333333333
 74 338.3838383838383
 15 343.4343434343434
 182 348.4848484848484
 93 353.5353535353535
 34 358.5858585858585
 1 363.6363636363636
 49 368.6868686868686
 43 373.7373737373737
 33 378.7878787878788
 1 383.8383838383838
 1 388.8888888888889
 302 393.9393939393939
 47 398.989898989899
 66 404.040404040404
 202 409.0909090909091
 134 414.1414141414141
 573 419.1919191919192
 21 424.2424242424242
 199 429.2929292929293
 171 434.3434343434343
 5 439.3939393939394
 52 444.4444444444444
 75 449.4949494949495
 44 454.5454545454545
 0 459.5959595959596
 1 464.6464646464646
 1 469.6969696969697
 2 474.7474747474747
 2 479.7979797979798
 24 484.8484848484848
 23 489.8989898989898
 85 494.9494949494949
 0 500


