# Created by Octave 3.8.2, Sat Jun 20 02:44:50 2020 CEST <damian@fptrucha.inv.usc.es>
# name: hd
# type: matrix
# rows: 100
# columns: 2
 2 0
 4 5.05050505050505
 0 10.1010101010101
 301 15.15151515151515
 2 20.2020202020202
 0 25.25252525252525
 161 30.3030303030303
 546 35.35353535353535
 653 40.4040404040404
 361 45.45454545454545
 139 50.50505050505051
 68 55.55555555555555
 0 60.6060606060606
 297 65.65656565656565
 214 70.7070707070707
 652 75.75757575757575
 1 80.8080808080808
 2 85.85858585858585
 68 90.90909090909091
 1 95.95959595959596
 2 101.010101010101
 202 106.060606060606
 183 111.1111111111111
 407 116.1616161616162
 226 121.2121212121212
 109 126.2626262626263
 0 131.3131313131313
 3 136.3636363636363
 81 141.4141414141414
 82 146.4646464646464
 490 151.5151515151515
 285 156.5656565656566
 0 161.6161616161616
 0 166.6666666666667
 83 171.7171717171717
 42 176.7676767676768
 0 181.8181818181818
 0 186.8686868686869
 232 191.9191919191919
 252 196.969696969697
 59 202.020202020202
 112 207.070707070707
 202 212.1212121212121
 69 217.1717171717171
 97 222.2222222222222
 250 227.2727272727273
 133 232.3232323232323
 1 237.3737373737374
 20 242.4242424242424
 162 247.4747474747475
 25 252.5252525252525
 142 257.5757575757576
 132 262.6262626262626
 31 267.6767676767677
 259 272.7272727272727
 141 277.7777777777778
 508 282.8282828282828
 211 287.8787878787879
 4 292.9292929292929
 1 297.979797979798
 1 303.030303030303
 216 308.0808080808081
 35 313.1313131313131
 39 318.1818181818182
 32 323.2323232323232
 40 328.2828282828282
 182 333.3333333333333
 63 338.3838383838383
 24 343.4343434343434
 248 348.4848484848484
 123 353.5353535353535
 26 358.5858585858585
 1 363.6363636363636
 33 368.6868686868686
 34 373.7373737373737
 44 378.7878787878788
 1 383.8383838383838
 1 388.8888888888889
 328 393.9393939393939
 54 398.989898989899
 61 404.040404040404
 191 409.0909090909091
 158 414.1414141414141
 635 419.1919191919192
 30 424.2424242424242
 238 429.2929292929293
 174 434.3434343434343
 6 439.3939393939394
 59 444.4444444444444
 86 449.4949494949495
 70 454.5454545454545
 0 459.5959595959596
 0 464.6464646464646
 4 469.6969696969697
 2 474.7474747474747
 0 479.7979797979798
 16 484.8484848484848
 25 489.8989898989898
 87 494.9494949494949
 0 500


