# Created by Octave 3.8.2, Sat Jun 20 11:28:00 2020 CEST <damian@fptrucha.inv.usc.es>
# name: hd
# type: matrix
# rows: 100
# columns: 2
 2 0
 3 5.05050505050505
 2 10.1010101010101
 326 15.15151515151515
 4 20.2020202020202
 0 25.25252525252525
 160 30.3030303030303
 599 35.35353535353535
 635 40.4040404040404
 319 45.45454545454545
 160 50.50505050505051
 86 55.55555555555555
 0 60.6060606060606
 281 65.65656565656565
 225 70.7070707070707
 642 75.75757575757575
 1 80.8080808080808
 3 85.85858585858585
 62 90.90909090909091
 4 95.95959595959596
 2 101.010101010101
 189 106.060606060606
 184 111.1111111111111
 421 116.1616161616162
 209 121.2121212121212
 93 126.2626262626263
 0 131.3131313131313
 0 136.3636363636363
 70 141.4141414141414
 87 146.4646464646464
 473 151.5151515151515
 284 156.5656565656566
 1 161.6161616161616
 0 166.6666666666667
 73 171.7171717171717
 31 176.7676767676768
 1 181.8181818181818
 0 186.8686868686869
 204 191.9191919191919
 288 196.969696969697
 47 202.020202020202
 84 207.070707070707
 188 212.1212121212121
 71 217.1717171717171
 133 222.2222222222222
 223 227.2727272727273
 135 232.3232323232323
 1 237.3737373737374
 26 242.4242424242424
 149 247.4747474747475
 20 252.5252525252525
 121 257.5757575757576
 146 262.6262626262626
 37 267.6767676767677
 302 272.7272727272727
 148 277.7777777777778
 504 282.8282828282828
 219 287.8787878787879
 0 292.9292929292929
 5 297.979797979798
 0 303.030303030303
 246 308.0808080808081
 25 313.1313131313131
 30 318.1818181818182
 40 323.2323232323232
 34 328.2828282828282
 190 333.3333333333333
 72 338.3838383838383
 19 343.4343434343434
 226 348.4848484848484
 111 353.5353535353535
 30 358.5858585858585
 2 363.6363636363636
 52 368.6868686868686
 47 373.7373737373737
 34 378.7878787878788
 2 383.8383838383838
 0 388.8888888888889
 364 393.9393939393939
 61 398.989898989899
 63 404.040404040404
 218 409.0909090909091
 141 414.1414141414141
 622 419.1919191919192
 17 424.2424242424242
 250 429.2929292929293
 203 434.3434343434343
 3 439.3939393939394
 55 444.4444444444444
 85 449.4949494949495
 63 454.5454545454545
 0 459.5959595959596
 0 464.6464646464646
 1 469.6969696969697
 1 474.7474747474747
 3 479.7979797979798
 19 484.8484848484848
 14 489.8989898989898
 91 494.9494949494949
 0 500


