# Created by Octave 3.8.2, Sat Jun 20 15:00:09 2020 CEST <damian@fptrucha.inv.usc.es>
# name: hd
# type: matrix
# rows: 100
# columns: 2
 0 0
 2 5.05050505050505
 1 10.1010101010101
 280 15.15151515151515
 3 20.2020202020202
 0 25.25252525252525
 176 30.3030303030303
 517 35.35353535353535
 612 40.4040404040404
 290 45.45454545454545
 128 50.50505050505051
 68 55.55555555555555
 3 60.6060606060606
 286 65.65656565656565
 198 70.7070707070707
 609 75.75757575757575
 4 80.8080808080808
 3 85.85858585858585
 75 90.90909090909091
 3 95.95959595959596
 4 101.010101010101
 198 106.060606060606
 182 111.1111111111111
 402 116.1616161616162
 210 121.2121212121212
 87 126.2626262626263
 0 131.3131313131313
 0 136.3636363636363
 68 141.4141414141414
 115 146.4646464646464
 452 151.5151515151515
 276 156.5656565656566
 1 161.6161616161616
 2 166.6666666666667
 77 171.7171717171717
 36 176.7676767676768
 0 181.8181818181818
 0 186.8686868686869
 183 191.9191919191919
 284 196.969696969697
 41 202.020202020202
 98 207.070707070707
 201 212.1212121212121
 61 217.1717171717171
 94 222.2222222222222
 228 227.2727272727273
 126 232.3232323232323
 2 237.3737373737374
 33 242.4242424242424
 161 247.4747474747475
 18 252.5252525252525
 134 257.5757575757576
 142 262.6262626262626
 36 267.6767676767677
 280 272.7272727272727
 137 277.7777777777778
 477 282.8282828282828
 220 287.8787878787879
 0 292.9292929292929
 0 297.979797979798
 0 303.030303030303
 210 308.0808080808081
 22 313.1313131313131
 39 318.1818181818182
 31 323.2323232323232
 36 328.2828282828282
 168 333.3333333333333
 63 338.3838383838383
 18 343.4343434343434
 216 348.4848484848484
 108 353.5353535353535
 31 358.5858585858585
 1 363.6363636363636
 37 368.6868686868686
 41 373.7373737373737
 33 378.7878787878788
 2 383.8383838383838
 0 388.8888888888889
 352 393.9393939393939
 61 398.989898989899
 57 404.040404040404
 171 409.0909090909091
 142 414.1414141414141
 552 419.1919191919192
 27 424.2424242424242
 231 429.2929292929293
 185 434.3434343434343
 3 439.3939393939394
 56 444.4444444444444
 63 449.4949494949495
 63 454.5454545454545
 0 459.5959595959596
 2 464.6464646464646
 0 469.6969696969697
 1 474.7474747474747
 2 479.7979797979798
 20 484.8484848484848
 15 489.8989898989898
 75 494.9494949494949
 0 500


