# Created by Octave 3.8.2, Sun Jun 21 03:57:17 2020 CEST <damian@fptrucha.inv.usc.es>
# name: hd
# type: matrix
# rows: 100
# columns: 2
 1 0
 2 5.05050505050505
 0 10.1010101010101
 280 15.15151515151515
 2 20.2020202020202
 0 25.25252525252525
 154 30.3030303030303
 480 35.35353535353535
 545 40.4040404040404
 268 45.45454545454545
 120 50.50505050505051
 73 55.55555555555555
 2 60.6060606060606
 256 65.65656565656565
 217 70.7070707070707
 591 75.75757575757575
 1 80.8080808080808
 0 85.85858585858585
 63 90.90909090909091
 6 95.95959595959596
 0 101.010101010101
 190 106.060606060606
 162 111.1111111111111
 358 116.1616161616162
 190 121.2121212121212
 80 126.2626262626263
 0 131.3131313131313
 1 136.3636363636363
 78 141.4141414141414
 94 146.4646464646464
 458 151.5151515151515
 258 156.5656565656566
 2 161.6161616161616
 0 166.6666666666667
 59 171.7171717171717
 36 176.7676767676768
 0 181.8181818181818
 0 186.8686868686869
 199 191.9191919191919
 276 196.969696969697
 44 202.020202020202
 99 207.070707070707
 187 212.1212121212121
 66 217.1717171717171
 94 222.2222222222222
 204 227.2727272727273
 154 232.3232323232323
 2 237.3737373737374
 25 242.4242424242424
 133 247.4747474747475
 24 252.5252525252525
 112 257.5757575757576
 148 262.6262626262626
 30 267.6767676767677
 245 272.7272727272727
 153 277.7777777777778
 443 282.8282828282828
 205 287.8787878787879
 0 292.9292929292929
 1 297.979797979798
 1 303.030303030303
 200 308.0808080808081
 26 313.1313131313131
 32 318.1818181818182
 35 323.2323232323232
 38 328.2828282828282
 161 333.3333333333333
 64 338.3838383838383
 21 343.4343434343434
 159 348.4848484848484
 85 353.5353535353535
 22 358.5858585858585
 1 363.6363636363636
 44 368.6868686868686
 41 373.7373737373737
 47 378.7878787878788
 1 383.8383838383838
 3 388.8888888888889
 286 393.9393939393939
 58 398.989898989899
 60 404.040404040404
 175 409.0909090909091
 117 414.1414141414141
 504 419.1919191919192
 25 424.2424242424242
 193 429.2929292929293
 164 434.3434343434343
 3 439.3939393939394
 37 444.4444444444444
 74 449.4949494949495
 56 454.5454545454545
 2 459.5959595959596
 0 464.6464646464646
 0 469.6969696969697
 2 474.7474747474747
 0 479.7979797979798
 16 484.8484848484848
 17 489.8989898989898
 76 494.9494949494949
 0 500


