# Created by Octave 3.8.2, Mon Jun 22 08:34:35 2020 CEST <damian@fptrucha.inv.usc.es>
# name: hd
# type: matrix
# rows: 100
# columns: 2
 0 0
 2 5.05050505050505
 1 10.1010101010101
 268 15.15151515151515
 3 20.2020202020202
 1 25.25252525252525
 147 30.3030303030303
 506 35.35353535353535
 559 40.4040404040404
 316 45.45454545454545
 113 50.50505050505051
 62 55.55555555555555
 2 60.6060606060606
 276 65.65656565656565
 200 70.7070707070707
 547 75.75757575757575
 0 80.8080808080808
 1 85.85858585858585
 46 90.90909090909091
 4 95.95959595959596
 4 101.010101010101
 167 106.060606060606
 173 111.1111111111111
 380 116.1616161616162
 208 121.2121212121212
 83 126.2626262626263
 0 131.3131313131313
 1 136.3636363636363
 70 141.4141414141414
 81 146.4646464646464
 448 151.5151515151515
 233 156.5656565656566
 3 161.6161616161616
 1 166.6666666666667
 72 171.7171717171717
 34 176.7676767676768
 2 181.8181818181818
 1 186.8686868686869
 158 191.9191919191919
 260 196.969696969697
 52 202.020202020202
 86 207.070707070707
 182 212.1212121212121
 59 217.1717171717171
 111 222.2222222222222
 210 227.2727272727273
 123 232.3232323232323
 0 237.3737373737374
 20 242.4242424242424
 141 247.4747474747475
 20 252.5252525252525
 101 257.5757575757576
 123 262.6262626262626
 41 267.6767676767677
 254 272.7272727272727
 143 277.7777777777778
 402 282.8282828282828
 207 287.8787878787879
 2 292.9292929292929
 3 297.979797979798
 0 303.030303030303
 202 308.0808080808081
 20 313.1313131313131
 39 318.1818181818182
 34 323.2323232323232
 40 328.2828282828282
 167 333.3333333333333
 72 338.3838383838383
 23 343.4343434343434
 198 348.4848484848484
 82 353.5353535353535
 40 358.5858585858585
 3 363.6363636363636
 49 368.6868686868686
 37 373.7373737373737
 34 378.7878787878788
 1 383.8383838383838
 2 388.8888888888889
 283 393.9393939393939
 49 398.989898989899
 58 404.040404040404
 169 409.0909090909091
 153 414.1414141414141
 491 419.1919191919192
 23 424.2424242424242
 222 429.2929292929293
 167 434.3434343434343
 3 439.3939393939394
 56 444.4444444444444
 75 449.4949494949495
 63 454.5454545454545
 1 459.5959595959596
 0 464.6464646464646
 0 469.6969696969697
 2 474.7474747474747
 2 479.7979797979798
 30 484.8484848484848
 19 489.8989898989898
 60 494.9494949494949
 0 500


