# Created by Octave 3.8.2, Sat Jun 20 05:25:35 2020 CEST <damian@fptrucha.inv.usc.es>
# name: hd
# type: matrix
# rows: 100
# columns: 2
 1 0
 6 5.05050505050505
 0 10.1010101010101
 323 15.15151515151515
 2 20.2020202020202
 0 25.25252525252525
 180 30.3030303030303
 564 35.35353535353535
 674 40.4040404040404
 339 45.45454545454545
 151 50.50505050505051
 98 55.55555555555555
 2 60.6060606060606
 305 65.65656565656565
 217 70.7070707070707
 617 75.75757575757575
 2 80.8080808080808
 1 85.85858585858585
 72 90.90909090909091
 1 95.95959595959596
 3 101.010101010101
 200 106.060606060606
 183 111.1111111111111
 419 116.1616161616162
 231 121.2121212121212
 96 126.2626262626263
 0 131.3131313131313
 0 136.3636363636363
 76 141.4141414141414
 90 146.4646464646464
 509 151.5151515151515
 311 156.5656565656566
 2 161.6161616161616
 0 166.6666666666667
 58 171.7171717171717
 31 176.7676767676768
 1 181.8181818181818
 2 186.8686868686869
 219 191.9191919191919
 296 196.969696969697
 58 202.020202020202
 107 207.070707070707
 191 212.1212121212121
 77 217.1717171717171
 115 222.2222222222222
 265 227.2727272727273
 149 232.3232323232323
 0 237.3737373737374
 29 242.4242424242424
 154 247.4747474747475
 29 252.5252525252525
 137 257.5757575757576
 175 262.6262626262626
 35 267.6767676767677
 266 272.7272727272727
 142 277.7777777777778
 490 282.8282828282828
 222 287.8787878787879
 0 292.9292929292929
 2 297.979797979798
 0 303.030303030303
 215 308.0808080808081
 26 313.1313131313131
 45 318.1818181818182
 35 323.2323232323232
 45 328.2828282828282
 187 333.3333333333333
 69 338.3838383838383
 18 343.4343434343434
 189 348.4848484848484
 112 353.5353535353535
 30 358.5858585858585
 0 363.6363636363636
 48 368.6868686868686
 38 373.7373737373737
 40 378.7878787878788
 0 383.8383838383838
 0 388.8888888888889
 368 393.9393939393939
 72 398.989898989899
 76 404.040404040404
 167 409.0909090909091
 161 414.1414141414141
 640 419.1919191919192
 19 424.2424242424242
 266 429.2929292929293
 212 434.3434343434343
 0 439.3939393939394
 50 444.4444444444444
 91 449.4949494949495
 64 454.5454545454545
 1 459.5959595959596
 0 464.6464646464646
 1 469.6969696969697
 0 474.7474747474747
 3 479.7979797979798
 34 484.8484848484848
 26 489.8989898989898
 94 494.9494949494949
 0 500


