# Created by Octave 3.8.2, Mon Jun 22 17:36:18 2020 CEST <damian@fptrucha.inv.usc.es>
# name: hd
# type: matrix
# rows: 100
# columns: 2
 2 0
 1 5.05050505050505
 0 10.1010101010101
 177 15.15151515151515
 1 20.2020202020202
 1 25.25252525252525
 113 30.3030303030303
 327 35.35353535353535
 464 40.4040404040404
 228 45.45454545454545
 76 50.50505050505051
 43 55.55555555555555
 0 60.6060606060606
 197 65.65656565656565
 138 70.7070707070707
 431 75.75757575757575
 1 80.8080808080808
 0 85.85858585858585
 34 90.90909090909091
 4 95.95959595959596
 1 101.010101010101
 126 106.060606060606
 111 111.1111111111111
 264 116.1616161616162
 144 121.2121212121212
 56 126.2626262626263
 1 131.3131313131313
 0 136.3636363636363
 45 141.4141414141414
 63 146.4646464646464
 289 151.5151515151515
 171 156.5656565656566
 4 161.6161616161616
 0 166.6666666666667
 42 171.7171717171717
 25 176.7676767676768
 1 181.8181818181818
 0 186.8686868686869
 141 191.9191919191919
 178 196.969696969697
 36 202.020202020202
 68 207.070707070707
 125 212.1212121212121
 41 217.1717171717171
 56 222.2222222222222
 142 227.2727272727273
 92 232.3232323232323
 1 237.3737373737374
 11 242.4242424242424
 85 247.4747474747475
 15 252.5252525252525
 75 257.5757575757576
 79 262.6262626262626
 21 267.6767676767677
 185 272.7272727272727
 118 277.7777777777778
 289 282.8282828282828
 137 287.8787878787879
 2 292.9292929292929
 0 297.979797979798
 0 303.030303030303
 151 308.0808080808081
 18 313.1313131313131
 26 318.1818181818182
 22 323.2323232323232
 25 328.2828282828282
 138 333.3333333333333
 56 338.3838383838383
 21 343.4343434343434
 134 348.4848484848484
 76 353.5353535353535
 29 358.5858585858585
 0 363.6363636363636
 29 368.6868686868686
 26 373.7373737373737
 24 378.7878787878788
 2 383.8383838383838
 1 388.8888888888889
 210 393.9393939393939
 30 398.989898989899
 46 404.040404040404
 112 409.0909090909091
 106 414.1414141414141
 346 419.1919191919192
 7 424.2424242424242
 167 429.2929292929293
 110 434.3434343434343
 3 439.3939393939394
 32 444.4444444444444
 50 449.4949494949495
 35 454.5454545454545
 0 459.5959595959596
 0 464.6464646464646
 1 469.6969696969697
 1 474.7474747474747
 1 479.7979797979798
 17 484.8484848484848
 21 489.8989898989898
 39 494.9494949494949
 0 500


