# Created by Octave 3.8.2, Mon Jun 22 14:51:18 2020 CEST <damian@fptrucha.inv.usc.es>
# name: hd
# type: matrix
# rows: 100
# columns: 2
 2 0
 3 5.05050505050505
 3 10.1010101010101
 266 15.15151515151515
 5 20.2020202020202
 1 25.25252525252525
 149 30.3030303030303
 562 35.35353535353535
 598 40.4040404040404
 322 45.45454545454545
 138 50.50505050505051
 64 55.55555555555555
 3 60.6060606060606
 282 65.65656565656565
 241 70.7070707070707
 601 75.75757575757575
 4 80.8080808080808
 3 85.85858585858585
 59 90.90909090909091
 4 95.95959595959596
 5 101.010101010101
 184 106.060606060606
 183 111.1111111111111
 400 116.1616161616162
 214 121.2121212121212
 83 126.2626262626263
 0 131.3131313131313
 2 136.3636363636363
 77 141.4141414141414
 99 146.4646464646464
 433 151.5151515151515
 274 156.5656565656566
 2 161.6161616161616
 1 166.6666666666667
 80 171.7171717171717
 33 176.7676767676768
 1 181.8181818181818
 0 186.8686868686869
 175 191.9191919191919
 270 196.969696969697
 57 202.020202020202
 103 207.070707070707
 175 212.1212121212121
 63 217.1717171717171
 110 222.2222222222222
 252 227.2727272727273
 151 232.3232323232323
 1 237.3737373737374
 32 242.4242424242424
 137 247.4747474747475
 26 252.5252525252525
 111 257.5757575757576
 119 262.6262626262626
 46 267.6767676767677
 254 272.7272727272727
 149 277.7777777777778
 456 282.8282828282828
 207 287.8787878787879
 3 292.9292929292929
 1 297.979797979798
 0 303.030303030303
 229 308.0808080808081
 28 313.1313131313131
 43 318.1818181818182
 37 323.2323232323232
 35 328.2828282828282
 152 333.3333333333333
 73 338.3838383838383
 28 343.4343434343434
 203 348.4848484848484
 97 353.5353535353535
 24 358.5858585858585
 2 363.6363636363636
 43 368.6868686868686
 33 373.7373737373737
 33 378.7878787878788
 0 383.8383838383838
 0 388.8888888888889
 299 393.9393939393939
 66 398.989898989899
 70 404.040404040404
 173 409.0909090909091
 170 414.1414141414141
 567 419.1919191919192
 27 424.2424242424242
 241 429.2929292929293
 196 434.3434343434343
 6 439.3939393939394
 56 444.4444444444444
 67 449.4949494949495
 54 454.5454545454545
 1 459.5959595959596
 1 464.6464646464646
 5 469.6969696969697
 0 474.7474747474747
 2 479.7979797979798
 20 484.8484848484848
 22 489.8989898989898
 73 494.9494949494949
 0 500


