# Created by Octave 3.8.2, Tue Jun 23 00:27:36 2020 CEST <damian@fptrucha.inv.usc.es>
# name: hd
# type: matrix
# rows: 100
# columns: 2
 1 0
 2 5.05050505050505
 2 10.1010101010101
 300 15.15151515151515
 5 20.2020202020202
 0 25.25252525252525
 149 30.3030303030303
 552 35.35353535353535
 621 40.4040404040404
 359 45.45454545454545
 136 50.50505050505051
 71 55.55555555555555
 4 60.6060606060606
 316 65.65656565656565
 227 70.7070707070707
 612 75.75757575757575
 2 80.8080808080808
 2 85.85858585858585
 68 90.90909090909091
 5 95.95959595959596
 2 101.010101010101
 217 106.060606060606
 192 111.1111111111111
 444 116.1616161616162
 195 121.2121212121212
 98 126.2626262626263
 0 131.3131313131313
 1 136.3636363636363
 87 141.4141414141414
 115 146.4646464646464
 505 151.5151515151515
 278 156.5656565656566
 1 161.6161616161616
 0 166.6666666666667
 61 171.7171717171717
 38 176.7676767676768
 1 181.8181818181818
 0 186.8686868686869
 211 191.9191919191919
 264 196.969696969697
 40 202.020202020202
 103 207.070707070707
 194 212.1212121212121
 77 217.1717171717171
 112 222.2222222222222
 260 227.2727272727273
 143 232.3232323232323
 3 237.3737373737374
 20 242.4242424242424
 127 247.4747474747475
 21 252.5252525252525
 131 257.5757575757576
 130 262.6262626262626
 42 267.6767676767677
 265 272.7272727272727
 154 277.7777777777778
 556 282.8282828282828
 209 287.8787878787879
 0 292.9292929292929
 1 297.979797979798
 1 303.030303030303
 213 308.0808080808081
 29 313.1313131313131
 41 318.1818181818182
 28 323.2323232323232
 51 328.2828282828282
 191 333.3333333333333
 71 338.3838383838383
 17 343.4343434343434
 205 348.4848484848484
 77 353.5353535353535
 40 358.5858585858585
 2 363.6363636363636
 47 368.6868686868686
 40 373.7373737373737
 34 378.7878787878788
 3 383.8383838383838
 0 388.8888888888889
 342 393.9393939393939
 82 398.989898989899
 73 404.040404040404
 167 409.0909090909091
 153 414.1414141414141
 564 419.1919191919192
 27 424.2424242424242
 241 429.2929292929293
 186 434.3434343434343
 0 439.3939393939394
 66 444.4444444444444
 70 449.4949494949495
 59 454.5454545454545
 0 459.5959595959596
 0 464.6464646464646
 0 469.6969696969697
 1 474.7474747474747
 1 479.7979797979798
 22 484.8484848484848
 19 489.8989898989898
 73 494.9494949494949
 0 500


