# Created by Octave 3.8.2, Sat Jun 20 15:10:52 2020 CEST <damian@fptrucha.inv.usc.es>
# name: hd
# type: matrix
# rows: 100
# columns: 2
 2 0
 2 5.05050505050505
 1 10.1010101010101
 284 15.15151515151515
 0 20.2020202020202
 0 25.25252525252525
 158 30.3030303030303
 511 35.35353535353535
 617 40.4040404040404
 329 45.45454545454545
 142 50.50505050505051
 61 55.55555555555555
 1 60.6060606060606
 268 65.65656565656565
 215 70.7070707070707
 591 75.75757575757575
 2 80.8080808080808
 1 85.85858585858585
 55 90.90909090909091
 1 95.95959595959596
 1 101.010101010101
 189 106.060606060606
 186 111.1111111111111
 422 116.1616161616162
 230 121.2121212121212
 80 126.2626262626263
 0 131.3131313131313
 2 136.3636363636363
 68 141.4141414141414
 95 146.4646464646464
 443 151.5151515151515
 298 156.5656565656566
 2 161.6161616161616
 1 166.6666666666667
 68 171.7171717171717
 31 176.7676767676768
 0 181.8181818181818
 0 186.8686868686869
 189 191.9191919191919
 270 196.969696969697
 45 202.020202020202
 101 207.070707070707
 189 212.1212121212121
 59 217.1717171717171
 88 222.2222222222222
 233 227.2727272727273
 152 232.3232323232323
 1 237.3737373737374
 15 242.4242424242424
 151 247.4747474747475
 25 252.5252525252525
 108 257.5757575757576
 157 262.6262626262626
 35 267.6767676767677
 245 272.7272727272727
 161 277.7777777777778
 460 282.8282828282828
 212 287.8787878787879
 3 292.9292929292929
 1 297.979797979798
 1 303.030303030303
 234 308.0808080808081
 25 313.1313131313131
 43 318.1818181818182
 39 323.2323232323232
 38 328.2828282828282
 175 333.3333333333333
 55 338.3838383838383
 12 343.4343434343434
 183 348.4848484848484
 102 353.5353535353535
 40 358.5858585858585
 0 363.6363636363636
 60 368.6868686868686
 45 373.7373737373737
 33 378.7878787878788
 1 383.8383838383838
 0 388.8888888888889
 301 393.9393939393939
 45 398.989898989899
 60 404.040404040404
 173 409.0909090909091
 156 414.1414141414141
 605 419.1919191919192
 26 424.2424242424242
 204 429.2929292929293
 200 434.3434343434343
 3 439.3939393939394
 51 444.4444444444444
 87 449.4949494949495
 53 454.5454545454545
 1 459.5959595959596
 0 464.6464646464646
 1 469.6969696969697
 1 474.7474747474747
 1 479.7979797979798
 13 484.8484848484848
 24 489.8989898989898
 83 494.9494949494949
 0 500


