# Created by Octave 3.8.2, Sat Jun 20 13:43:56 2020 CEST <damian@fptrucha.inv.usc.es>
# name: hd
# type: matrix
# rows: 100
# columns: 2
 1 0
 2 5.05050505050505
 1 10.1010101010101
 288 15.15151515151515
 2 20.2020202020202
 1 25.25252525252525
 150 30.3030303030303
 614 35.35353535353535
 629 40.4040404040404
 317 45.45454545454545
 135 50.50505050505051
 68 55.55555555555555
 2 60.6060606060606
 300 65.65656565656565
 233 70.7070707070707
 609 75.75757575757575
 1 80.8080808080808
 0 85.85858585858585
 66 90.90909090909091
 2 95.95959595959596
 1 101.010101010101
 204 106.060606060606
 203 111.1111111111111
 422 116.1616161616162
 195 121.2121212121212
 84 126.2626262626263
 0 131.3131313131313
 1 136.3636363636363
 55 141.4141414141414
 86 146.4646464646464
 490 151.5151515151515
 256 156.5656565656566
 1 161.6161616161616
 0 166.6666666666667
 77 171.7171717171717
 32 176.7676767676768
 0 181.8181818181818
 1 186.8686868686869
 199 191.9191919191919
 278 196.969696969697
 51 202.020202020202
 111 207.070707070707
 206 212.1212121212121
 71 217.1717171717171
 91 222.2222222222222
 223 227.2727272727273
 145 232.3232323232323
 0 237.3737373737374
 20 242.4242424242424
 152 247.4747474747475
 18 252.5252525252525
 129 257.5757575757576
 168 262.6262626262626
 37 267.6767676767677
 274 272.7272727272727
 139 277.7777777777778
 447 282.8282828282828
 239 287.8787878787879
 4 292.9292929292929
 0 297.979797979798
 0 303.030303030303
 216 308.0808080808081
 24 313.1313131313131
 38 318.1818181818182
 35 323.2323232323232
 36 328.2828282828282
 179 333.3333333333333
 64 338.3838383838383
 12 343.4343434343434
 193 348.4848484848484
 92 353.5353535353535
 49 358.5858585858585
 1 363.6363636363636
 43 368.6868686868686
 39 373.7373737373737
 31 378.7878787878788
 1 383.8383838383838
 1 388.8888888888889
 337 393.9393939393939
 60 398.989898989899
 53 404.040404040404
 156 409.0909090909091
 144 414.1414141414141
 595 419.1919191919192
 29 424.2424242424242
 232 429.2929292929293
 187 434.3434343434343
 6 439.3939393939394
 57 444.4444444444444
 64 449.4949494949495
 53 454.5454545454545
 0 459.5959595959596
 2 464.6464646464646
 0 469.6969696969697
 2 474.7474747474747
 2 479.7979797979798
 16 484.8484848484848
 18 489.8989898989898
 73 494.9494949494949
 0 500


