# Created by Octave 3.8.2, Mon Jun 22 22:08:34 2020 CEST <damian@fptrucha.inv.usc.es>
# name: hd
# type: matrix
# rows: 100
# columns: 2
 0 0
 3 5.05050505050505
 3 10.1010101010101
 306 15.15151515151515
 4 20.2020202020202
 2 25.25252525252525
 176 30.3030303030303
 568 35.35353535353535
 616 40.4040404040404
 275 45.45454545454545
 124 50.50505050505051
 75 55.55555555555555
 3 60.6060606060606
 279 65.65656565656565
 218 70.7070707070707
 606 75.75757575757575
 3 80.8080808080808
 0 85.85858585858585
 57 90.90909090909091
 3 95.95959595959596
 5 101.010101010101
 169 106.060606060606
 189 111.1111111111111
 428 116.1616161616162
 197 121.2121212121212
 90 126.2626262626263
 0 131.3131313131313
 2 136.3636363636363
 74 141.4141414141414
 93 146.4646464646464
 488 151.5151515151515
 294 156.5656565656566
 1 161.6161616161616
 0 166.6666666666667
 84 171.7171717171717
 24 176.7676767676768
 2 181.8181818181818
 0 186.8686868686869
 187 191.9191919191919
 244 196.969696969697
 55 202.020202020202
 114 207.070707070707
 165 212.1212121212121
 59 217.1717171717171
 113 222.2222222222222
 262 227.2727272727273
 138 232.3232323232323
 1 237.3737373737374
 25 242.4242424242424
 165 247.4747474747475
 23 252.5252525252525
 112 257.5757575757576
 150 262.6262626262626
 48 267.6767676767677
 281 272.7272727272727
 168 277.7777777777778
 474 282.8282828282828
 223 287.8787878787879
 1 292.9292929292929
 1 297.979797979798
 3 303.030303030303
 178 308.0808080808081
 34 313.1313131313131
 47 318.1818181818182
 34 323.2323232323232
 40 328.2828282828282
 170 333.3333333333333
 80 338.3838383838383
 19 343.4343434343434
 211 348.4848484848484
 103 353.5353535353535
 25 358.5858585858585
 0 363.6363636363636
 46 368.6868686868686
 48 373.7373737373737
 39 378.7878787878788
 1 383.8383838383838
 1 388.8888888888889
 312 393.9393939393939
 57 398.989898989899
 66 404.040404040404
 190 409.0909090909091
 154 414.1414141414141
 534 419.1919191919192
 21 424.2424242424242
 246 429.2929292929293
 181 434.3434343434343
 8 439.3939393939394
 57 444.4444444444444
 80 449.4949494949495
 51 454.5454545454545
 1 459.5959595959596
 2 464.6464646464646
 0 469.6969696969697
 1 474.7474747474747
 2 479.7979797979798
 20 484.8484848484848
 19 489.8989898989898
 72 494.9494949494949
 0 500


