# Created by Octave 3.8.2, Sat Jun 20 21:05:46 2020 CEST <damian@fptrucha.inv.usc.es>
# name: hd
# type: matrix
# rows: 100
# columns: 2
 1 0
 1 5.05050505050505
 4 10.1010101010101
 283 15.15151515151515
 2 20.2020202020202
 1 25.25252525252525
 164 30.3030303030303
 501 35.35353535353535
 583 40.4040404040404
 317 45.45454545454545
 110 50.50505050505051
 54 55.55555555555555
 3 60.6060606060606
 282 65.65656565656565
 184 70.7070707070707
 582 75.75757575757575
 4 80.8080808080808
 3 85.85858585858585
 75 90.90909090909091
 2 95.95959595959596
 3 101.010101010101
 183 106.060606060606
 165 111.1111111111111
 413 116.1616161616162
 207 121.2121212121212
 84 126.2626262626263
 0 131.3131313131313
 1 136.3636363636363
 65 141.4141414141414
 67 146.4646464646464
 419 151.5151515151515
 274 156.5656565656566
 1 161.6161616161616
 1 166.6666666666667
 66 171.7171717171717
 31 176.7676767676768
 1 181.8181818181818
 0 186.8686868686869
 184 191.9191919191919
 264 196.969696969697
 46 202.020202020202
 104 207.070707070707
 184 212.1212121212121
 65 217.1717171717171
 98 222.2222222222222
 233 227.2727272727273
 138 232.3232323232323
 1 237.3737373737374
 21 242.4242424242424
 120 247.4747474747475
 24 252.5252525252525
 110 257.5757575757576
 141 262.6262626262626
 37 267.6767676767677
 244 272.7272727272727
 157 277.7777777777778
 481 282.8282828282828
 203 287.8787878787879
 2 292.9292929292929
 0 297.979797979798
 0 303.030303030303
 232 308.0808080808081
 18 313.1313131313131
 43 318.1818181818182
 31 323.2323232323232
 32 328.2828282828282
 143 333.3333333333333
 69 338.3838383838383
 16 343.4343434343434
 198 348.4848484848484
 103 353.5353535353535
 29 358.5858585858585
 0 363.6363636363636
 40 368.6868686868686
 44 373.7373737373737
 34 378.7878787878788
 0 383.8383838383838
 0 388.8888888888889
 340 393.9393939393939
 43 398.989898989899
 65 404.040404040404
 162 409.0909090909091
 135 414.1414141414141
 576 419.1919191919192
 21 424.2424242424242
 247 429.2929292929293
 180 434.3434343434343
 5 439.3939393939394
 57 444.4444444444444
 65 449.4949494949495
 48 454.5454545454545
 1 459.5959595959596
 0 464.6464646464646
 1 469.6969696969697
 2 474.7474747474747
 2 479.7979797979798
 11 484.8484848484848
 24 489.8989898989898
 80 494.9494949494949
 0 500


