# Created by Octave 3.8.2, Mon Jun 22 10:42:15 2020 CEST <damian@fptrucha.inv.usc.es>
# name: hd
# type: matrix
# rows: 100
# columns: 2
 6 0
 4 5.05050505050505
 1 10.1010101010101
 308 15.15151515151515
 2 20.2020202020202
 1 25.25252525252525
 154 30.3030303030303
 530 35.35353535353535
 532 40.4040404040404
 310 45.45454545454545
 122 50.50505050505051
 68 55.55555555555555
 2 60.6060606060606
 262 65.65656565656565
 206 70.7070707070707
 532 75.75757575757575
 5 80.8080808080808
 0 85.85858585858585
 79 90.90909090909091
 6 95.95959595959596
 2 101.010101010101
 182 106.060606060606
 180 111.1111111111111
 400 116.1616161616162
 206 121.2121212121212
 94 126.2626262626263
 1 131.3131313131313
 1 136.3636363636363
 73 141.4141414141414
 106 146.4646464646464
 434 151.5151515151515
 245 156.5656565656566
 2 161.6161616161616
 4 166.6666666666667
 75 171.7171717171717
 34 176.7676767676768
 1 181.8181818181818
 2 186.8686868686869
 201 191.9191919191919
 255 196.969696969697
 49 202.020202020202
 91 207.070707070707
 170 212.1212121212121
 51 217.1717171717171
 96 222.2222222222222
 220 227.2727272727273
 118 232.3232323232323
 1 237.3737373737374
 30 242.4242424242424
 136 247.4747474747475
 24 252.5252525252525
 98 257.5757575757576
 121 262.6262626262626
 44 267.6767676767677
 255 272.7272727272727
 145 277.7777777777778
 494 282.8282828282828
 210 287.8787878787879
 0 292.9292929292929
 3 297.979797979798
 2 303.030303030303
 210 308.0808080808081
 27 313.1313131313131
 41 318.1818181818182
 32 323.2323232323232
 30 328.2828282828282
 177 333.3333333333333
 62 338.3838383838383
 22 343.4343434343434
 198 348.4848484848484
 97 353.5353535353535
 18 358.5858585858585
 4 363.6363636363636
 49 368.6868686868686
 31 373.7373737373737
 28 378.7878787878788
 1 383.8383838383838
 2 388.8888888888889
 312 393.9393939393939
 63 398.989898989899
 53 404.040404040404
 163 409.0909090909091
 132 414.1414141414141
 560 419.1919191919192
 17 424.2424242424242
 232 429.2929292929293
 161 434.3434343434343
 7 439.3939393939394
 57 444.4444444444444
 90 449.4949494949495
 54 454.5454545454545
 3 459.5959595959596
 1 464.6464646464646
 2 469.6969696969697
 0 474.7474747474747
 0 479.7979797979798
 17 484.8484848484848
 26 489.8989898989898
 83 494.9494949494949
 0 500


