# Created by Octave 3.8.2, Sun Jun 21 07:34:29 2020 CEST <damian@fptrucha.inv.usc.es>
# name: hd
# type: matrix
# rows: 100
# columns: 2
 0 0
 2 5.05050505050505
 1 10.1010101010101
 272 15.15151515151515
 2 20.2020202020202
 0 25.25252525252525
 149 30.3030303030303
 526 35.35353535353535
 637 40.4040404040404
 348 45.45454545454545
 143 50.50505050505051
 71 55.55555555555555
 1 60.6060606060606
 280 65.65656565656565
 199 70.7070707070707
 605 75.75757575757575
 1 80.8080808080808
 0 85.85858585858585
 51 90.90909090909091
 3 95.95959595959596
 4 101.010101010101
 188 106.060606060606
 195 111.1111111111111
 402 116.1616161616162
 178 121.2121212121212
 93 126.2626262626263
 0 131.3131313131313
 3 136.3636363636363
 68 141.4141414141414
 109 146.4646464646464
 455 151.5151515151515
 284 156.5656565656566
 1 161.6161616161616
 0 166.6666666666667
 64 171.7171717171717
 34 176.7676767676768
 1 181.8181818181818
 0 186.8686868686869
 162 191.9191919191919
 278 196.969696969697
 48 202.020202020202
 97 207.070707070707
 204 212.1212121212121
 52 217.1717171717171
 114 222.2222222222222
 219 227.2727272727273
 135 232.3232323232323
 2 237.3737373737374
 21 242.4242424242424
 134 247.4747474747475
 21 252.5252525252525
 121 257.5757575757576
 138 262.6262626262626
 35 267.6767676767677
 278 272.7272727272727
 126 277.7777777777778
 453 282.8282828282828
 198 287.8787878787879
 1 292.9292929292929
 0 297.979797979798
 2 303.030303030303
 203 308.0808080808081
 19 313.1313131313131
 34 318.1818181818182
 37 323.2323232323232
 30 328.2828282828282
 193 333.3333333333333
 60 338.3838383838383
 21 343.4343434343434
 173 348.4848484848484
 81 353.5353535353535
 26 358.5858585858585
 1 363.6363636363636
 46 368.6868686868686
 41 373.7373737373737
 31 378.7878787878788
 2 383.8383838383838
 0 388.8888888888889
 316 393.9393939393939
 56 398.989898989899
 58 404.040404040404
 163 409.0909090909091
 164 414.1414141414141
 602 419.1919191919192
 22 424.2424242424242
 208 429.2929292929293
 177 434.3434343434343
 2 439.3939393939394
 52 444.4444444444444
 91 449.4949494949495
 43 454.5454545454545
 0 459.5959595959596
 0 464.6464646464646
 1 469.6969696969697
 1 474.7474747474747
 1 479.7979797979798
 20 484.8484848484848
 17 489.8989898989898
 79 494.9494949494949
 0 500


