# Created by Octave 3.8.2, Mon Jun 22 20:15:53 2020 CEST <damian@fptrucha.inv.usc.es>
# name: hd
# type: matrix
# rows: 100
# columns: 2
 5 0
 4 5.05050505050505
 1 10.1010101010101
 299 15.15151515151515
 5 20.2020202020202
 1 25.25252525252525
 145 30.3030303030303
 556 35.35353535353535
 600 40.4040404040404
 334 45.45454545454545
 130 50.50505050505051
 84 55.55555555555555
 5 60.6060606060606
 298 65.65656565656565
 181 70.7070707070707
 598 75.75757575757575
 2 80.8080808080808
 1 85.85858585858585
 64 90.90909090909091
 7 95.95959595959596
 2 101.010101010101
 185 106.060606060606
 165 111.1111111111111
 431 116.1616161616162
 236 121.2121212121212
 94 126.2626262626263
 1 131.3131313131313
 4 136.3636363636363
 66 141.4141414141414
 94 146.4646464646464
 475 151.5151515151515
 284 156.5656565656566
 4 161.6161616161616
 1 166.6666666666667
 82 171.7171717171717
 37 176.7676767676768
 1 181.8181818181818
 0 186.8686868686869
 218 191.9191919191919
 235 196.969696969697
 44 202.020202020202
 101 207.070707070707
 194 212.1212121212121
 70 217.1717171717171
 79 222.2222222222222
 230 227.2727272727273
 142 232.3232323232323
 0 237.3737373737374
 29 242.4242424242424
 150 247.4747474747475
 14 252.5252525252525
 112 257.5757575757576
 133 262.6262626262626
 44 267.6767676767677
 289 272.7272727272727
 136 277.7777777777778
 467 282.8282828282828
 197 287.8787878787879
 0 292.9292929292929
 2 297.979797979798
 0 303.030303030303
 243 308.0808080808081
 25 313.1313131313131
 45 318.1818181818182
 34 323.2323232323232
 45 328.2828282828282
 179 333.3333333333333
 74 338.3838383838383
 17 343.4343434343434
 193 348.4848484848484
 85 353.5353535353535
 31 358.5858585858585
 2 363.6363636363636
 46 368.6868686868686
 33 373.7373737373737
 44 378.7878787878788
 0 383.8383838383838
 0 388.8888888888889
 287 393.9393939393939
 66 398.989898989899
 60 404.040404040404
 174 409.0909090909091
 169 414.1414141414141
 581 419.1919191919192
 24 424.2424242424242
 252 429.2929292929293
 178 434.3434343434343
 6 439.3939393939394
 51 444.4444444444444
 77 449.4949494949495
 57 454.5454545454545
 0 459.5959595959596
 2 464.6464646464646
 2 469.6969696969697
 1 474.7474747474747
 2 479.7979797979798
 24 484.8484848484848
 21 489.8989898989898
 74 494.9494949494949
 0 500


