# Created by Octave 3.8.2, Mon Jun 22 10:34:04 2020 CEST <damian@fptrucha.inv.usc.es>
# name: hd
# type: matrix
# rows: 100
# columns: 2
 4 0
 6 5.05050505050505
 2 10.1010101010101
 261 15.15151515151515
 2 20.2020202020202
 1 25.25252525252525
 147 30.3030303030303
 472 35.35353535353535
 552 40.4040404040404
 305 45.45454545454545
 119 50.50505050505051
 62 55.55555555555555
 3 60.6060606060606
 261 65.65656565656565
 200 70.7070707070707
 578 75.75757575757575
 1 80.8080808080808
 0 85.85858585858585
 73 90.90909090909091
 4 95.95959595959596
 4 101.010101010101
 184 106.060606060606
 180 111.1111111111111
 379 116.1616161616162
 206 121.2121212121212
 75 126.2626262626263
 1 131.3131313131313
 4 136.3636363636363
 72 141.4141414141414
 84 146.4646464646464
 442 151.5151515151515
 238 156.5656565656566
 3 161.6161616161616
 2 166.6666666666667
 65 171.7171717171717
 34 176.7676767676768
 1 181.8181818181818
 0 186.8686868686869
 188 191.9191919191919
 242 196.969696969697
 42 202.020202020202
 108 207.070707070707
 167 212.1212121212121
 52 217.1717171717171
 122 222.2222222222222
 227 227.2727272727273
 124 232.3232323232323
 1 237.3737373737374
 25 242.4242424242424
 132 247.4747474747475
 24 252.5252525252525
 118 257.5757575757576
 122 262.6262626262626
 38 267.6767676767677
 288 272.7272727272727
 130 277.7777777777778
 465 282.8282828282828
 199 287.8787878787879
 2 292.9292929292929
 1 297.979797979798
 1 303.030303030303
 220 308.0808080808081
 32 313.1313131313131
 46 318.1818181818182
 26 323.2323232323232
 47 328.2828282828282
 176 333.3333333333333
 61 338.3838383838383
 20 343.4343434343434
 169 348.4848484848484
 105 353.5353535353535
 26 358.5858585858585
 6 363.6363636363636
 48 368.6868686868686
 35 373.7373737373737
 25 378.7878787878788
 1 383.8383838383838
 3 388.8888888888889
 304 393.9393939393939
 51 398.989898989899
 64 404.040404040404
 136 409.0909090909091
 143 414.1414141414141
 543 419.1919191919192
 18 424.2424242424242
 242 429.2929292929293
 165 434.3434343434343
 4 439.3939393939394
 54 444.4444444444444
 77 449.4949494949495
 43 454.5454545454545
 1 459.5959595959596
 0 464.6464646464646
 0 469.6969696969697
 2 474.7474747474747
 0 479.7979797979798
 17 484.8484848484848
 21 489.8989898989898
 64 494.9494949494949
 0 500


