# Created by Octave 3.8.2, Sat Jun 20 09:34:35 2020 CEST <damian@fptrucha.inv.usc.es>
# name: hd
# type: matrix
# rows: 100
# columns: 2
 4 0
 5 5.05050505050505
 1 10.1010101010101
 305 15.15151515151515
 1 20.2020202020202
 0 25.25252525252525
 155 30.3030303030303
 611 35.35353535353535
 680 40.4040404040404
 329 45.45454545454545
 143 50.50505050505051
 68 55.55555555555555
 1 60.6060606060606
 290 65.65656565656565
 197 70.7070707070707
 667 75.75757575757575
 1 80.8080808080808
 2 85.85858585858585
 66 90.90909090909091
 6 95.95959595959596
 0 101.010101010101
 202 106.060606060606
 224 111.1111111111111
 467 116.1616161616162
 206 121.2121212121212
 103 126.2626262626263
 0 131.3131313131313
 2 136.3636363636363
 80 141.4141414141414
 96 146.4646464646464
 483 151.5151515151515
 269 156.5656565656566
 2 161.6161616161616
 0 166.6666666666667
 87 171.7171717171717
 25 176.7676767676768
 0 181.8181818181818
 4 186.8686868686869
 219 191.9191919191919
 314 196.969696969697
 59 202.020202020202
 91 207.070707070707
 234 212.1212121212121
 79 217.1717171717171
 96 222.2222222222222
 232 227.2727272727273
 137 232.3232323232323
 0 237.3737373737374
 22 242.4242424242424
 165 247.4747474747475
 23 252.5252525252525
 128 257.5757575757576
 146 262.6262626262626
 44 267.6767676767677
 304 272.7272727272727
 143 277.7777777777778
 481 282.8282828282828
 246 287.8787878787879
 3 292.9292929292929
 2 297.979797979798
 1 303.030303030303
 231 308.0808080808081
 27 313.1313131313131
 52 318.1818181818182
 40 323.2323232323232
 48 328.2828282828282
 196 333.3333333333333
 93 338.3838383838383
 20 343.4343434343434
 226 348.4848484848484
 114 353.5353535353535
 25 358.5858585858585
 0 363.6363636363636
 57 368.6868686868686
 46 373.7373737373737
 37 378.7878787878788
 1 383.8383838383838
 1 388.8888888888889
 335 393.9393939393939
 61 398.989898989899
 71 404.040404040404
 159 409.0909090909091
 160 414.1414141414141
 674 419.1919191919192
 29 424.2424242424242
 288 429.2929292929293
 201 434.3434343434343
 6 439.3939393939394
 67 444.4444444444444
 87 449.4949494949495
 74 454.5454545454545
 1 459.5959595959596
 1 464.6464646464646
 0 469.6969696969697
 0 474.7474747474747
 2 479.7979797979798
 27 484.8484848484848
 32 489.8989898989898
 69 494.9494949494949
 0 500


