# Created by Octave 3.8.2, Sat Jun 20 02:21:57 2020 CEST <damian@fptrucha.inv.usc.es>
# name: hd
# type: matrix
# rows: 100
# columns: 2
 0 0
 3 5.05050505050505
 2 10.1010101010101
 303 15.15151515151515
 4 20.2020202020202
 1 25.25252525252525
 159 30.3030303030303
 575 35.35353535353535
 669 40.4040404040404
 355 45.45454545454545
 138 50.50505050505051
 77 55.55555555555555
 2 60.6060606060606
 309 65.65656565656565
 234 70.7070707070707
 634 75.75757575757575
 1 80.8080808080808
 3 85.85858585858585
 75 90.90909090909091
 5 95.95959595959596
 1 101.010101010101
 200 106.060606060606
 188 111.1111111111111
 401 116.1616161616162
 238 121.2121212121212
 88 126.2626262626263
 0 131.3131313131313
 0 136.3636363636363
 68 141.4141414141414
 99 146.4646464646464
 447 151.5151515151515
 281 156.5656565656566
 0 161.6161616161616
 0 166.6666666666667
 70 171.7171717171717
 29 176.7676767676768
 1 181.8181818181818
 1 186.8686868686869
 184 191.9191919191919
 258 196.969696969697
 58 202.020202020202
 79 207.070707070707
 224 212.1212121212121
 69 217.1717171717171
 95 222.2222222222222
 224 227.2727272727273
 157 232.3232323232323
 0 237.3737373737374
 20 242.4242424242424
 158 247.4747474747475
 21 252.5252525252525
 121 257.5757575757576
 152 262.6262626262626
 42 267.6767676767677
 284 272.7272727272727
 150 277.7777777777778
 534 282.8282828282828
 215 287.8787878787879
 0 292.9292929292929
 0 297.979797979798
 0 303.030303030303
 209 308.0808080808081
 26 313.1313131313131
 46 318.1818181818182
 35 323.2323232323232
 40 328.2828282828282
 184 333.3333333333333
 68 338.3838383838383
 14 343.4343434343434
 180 348.4848484848484
 81 353.5353535353535
 40 358.5858585858585
 0 363.6363636363636
 52 368.6868686868686
 35 373.7373737373737
 46 378.7878787878788
 0 383.8383838383838
 1 388.8888888888889
 354 393.9393939393939
 59 398.989898989899
 84 404.040404040404
 188 409.0909090909091
 142 414.1414141414141
 567 419.1919191919192
 24 424.2424242424242
 270 429.2929292929293
 185 434.3434343434343
 2 439.3939393939394
 64 444.4444444444444
 84 449.4949494949495
 71 454.5454545454545
 2 459.5959595959596
 2 464.6464646464646
 2 469.6969696969697
 1 474.7474747474747
 2 479.7979797979798
 27 484.8484848484848
 27 489.8989898989898
 67 494.9494949494949
 0 500


