# Created by Octave 3.8.2, Mon Jun 22 05:46:56 2020 CEST <damian@fptrucha.inv.usc.es>
# name: hd
# type: matrix
# rows: 100
# columns: 2
 3 0
 6 5.05050505050505
 1 10.1010101010101
 233 15.15151515151515
 5 20.2020202020202
 1 25.25252525252525
 155 30.3030303030303
 484 35.35353535353535
 574 40.4040404040404
 312 45.45454545454545
 126 50.50505050505051
 64 55.55555555555555
 5 60.6060606060606
 258 65.65656565656565
 195 70.7070707070707
 521 75.75757575757575
 1 80.8080808080808
 1 85.85858585858585
 62 90.90909090909091
 1 95.95959595959596
 1 101.010101010101
 170 106.060606060606
 131 111.1111111111111
 374 116.1616161616162
 151 121.2121212121212
 91 126.2626262626263
 1 131.3131313131313
 0 136.3636363636363
 76 141.4141414141414
 79 146.4646464646464
 400 151.5151515151515
 238 156.5656565656566
 2 161.6161616161616
 1 166.6666666666667
 83 171.7171717171717
 31 176.7676767676768
 0 181.8181818181818
 0 186.8686868686869
 166 191.9191919191919
 241 196.969696969697
 39 202.020202020202
 87 207.070707070707
 167 212.1212121212121
 57 217.1717171717171
 89 222.2222222222222
 236 227.2727272727273
 126 232.3232323232323
 2 237.3737373737374
 19 242.4242424242424
 146 247.4747474747475
 29 252.5252525252525
 110 257.5757575757576
 124 262.6262626262626
 37 267.6767676767677
 243 272.7272727272727
 134 277.7777777777778
 404 282.8282828282828
 193 287.8787878787879
 1 292.9292929292929
 1 297.979797979798
 1 303.030303030303
 219 308.0808080808081
 29 313.1313131313131
 29 318.1818181818182
 27 323.2323232323232
 38 328.2828282828282
 176 333.3333333333333
 48 338.3838383838383
 12 343.4343434343434
 151 348.4848484848484
 86 353.5353535353535
 29 358.5858585858585
 0 363.6363636363636
 53 368.6868686868686
 40 373.7373737373737
 34 378.7878787878788
 1 383.8383838383838
 2 388.8888888888889
 335 393.9393939393939
 52 398.989898989899
 50 404.040404040404
 160 409.0909090909091
 155 414.1414141414141
 535 419.1919191919192
 24 424.2424242424242
 198 429.2929292929293
 140 434.3434343434343
 4 439.3939393939394
 68 444.4444444444444
 69 449.4949494949495
 42 454.5454545454545
 1 459.5959595959596
 2 464.6464646464646
 4 469.6969696969697
 1 474.7474747474747
 0 479.7979797979798
 23 484.8484848484848
 14 489.8989898989898
 81 494.9494949494949
 0 500


