# Created by Octave 3.8.2, Sat Jun 20 19:31:04 2020 CEST <damian@fptrucha.inv.usc.es>
# name: hd
# type: matrix
# rows: 100
# columns: 2
 1 0
 0 5.05050505050505
 0 10.1010101010101
 273 15.15151515151515
 2 20.2020202020202
 1 25.25252525252525
 148 30.3030303030303
 503 35.35353535353535
 619 40.4040404040404
 299 45.45454545454545
 115 50.50505050505051
 74 55.55555555555555
 1 60.6060606060606
 269 65.65656565656565
 182 70.7070707070707
 544 75.75757575757575
 0 80.8080808080808
 0 85.85858585858585
 55 90.90909090909091
 3 95.95959595959596
 3 101.010101010101
 178 106.060606060606
 194 111.1111111111111
 395 116.1616161616162
 170 121.2121212121212
 87 126.2626262626263
 0 131.3131313131313
 2 136.3636363636363
 61 141.4141414141414
 96 146.4646464646464
 408 151.5151515151515
 240 156.5656565656566
 0 161.6161616161616
 0 166.6666666666667
 75 171.7171717171717
 34 176.7676767676768
 0 181.8181818181818
 2 186.8686868686869
 174 191.9191919191919
 260 196.969696969697
 40 202.020202020202
 93 207.070707070707
 199 212.1212121212121
 63 217.1717171717171
 102 222.2222222222222
 232 227.2727272727273
 146 232.3232323232323
 1 237.3737373737374
 23 242.4242424242424
 159 247.4747474747475
 13 252.5252525252525
 139 257.5757575757576
 138 262.6262626262626
 33 267.6767676767677
 247 272.7272727272727
 141 277.7777777777778
 436 282.8282828282828
 214 287.8787878787879
 0 292.9292929292929
 0 297.979797979798
 0 303.030303030303
 212 308.0808080808081
 31 313.1313131313131
 50 318.1818181818182
 38 323.2323232323232
 48 328.2828282828282
 153 333.3333333333333
 56 338.3838383838383
 15 343.4343434343434
 191 348.4848484848484
 81 353.5353535353535
 36 358.5858585858585
 1 363.6363636363636
 33 368.6868686868686
 43 373.7373737373737
 34 378.7878787878788
 0 383.8383838383838
 0 388.8888888888889
 285 393.9393939393939
 60 398.989898989899
 68 404.040404040404
 179 409.0909090909091
 148 414.1414141414141
 555 419.1919191919192
 16 424.2424242424242
 246 429.2929292929293
 151 434.3434343434343
 4 439.3939393939394
 44 444.4444444444444
 78 449.4949494949495
 54 454.5454545454545
 0 459.5959595959596
 0 464.6464646464646
 0 469.6969696969697
 1 474.7474747474747
 0 479.7979797979798
 19 484.8484848484848
 22 489.8989898989898
 59 494.9494949494949
 0 500


