# Created by Octave 3.8.2, Sat Jun 20 15:44:37 2020 CEST <damian@fptrucha.inv.usc.es>
# name: hd
# type: matrix
# rows: 100
# columns: 2
 0 0
 2 5.05050505050505
 5 10.1010101010101
 290 15.15151515151515
 3 20.2020202020202
 0 25.25252525252525
 152 30.3030303030303
 533 35.35353535353535
 630 40.4040404040404
 274 45.45454545454545
 123 50.50505050505051
 60 55.55555555555555
 0 60.6060606060606
 272 65.65656565656565
 211 70.7070707070707
 588 75.75757575757575
 0 80.8080808080808
 1 85.85858585858585
 69 90.90909090909091
 1 95.95959595959596
 2 101.010101010101
 183 106.060606060606
 205 111.1111111111111
 373 116.1616161616162
 196 121.2121212121212
 93 126.2626262626263
 0 131.3131313131313
 0 136.3636363636363
 63 141.4141414141414
 92 146.4646464646464
 498 151.5151515151515
 259 156.5656565656566
 3 161.6161616161616
 0 166.6666666666667
 64 171.7171717171717
 26 176.7676767676768
 0 181.8181818181818
 1 186.8686868686869
 205 191.9191919191919
 270 196.969696969697
 47 202.020202020202
 96 207.070707070707
 192 212.1212121212121
 59 217.1717171717171
 96 222.2222222222222
 206 227.2727272727273
 134 232.3232323232323
 0 237.3737373737374
 29 242.4242424242424
 137 247.4747474747475
 10 252.5252525252525
 106 257.5757575757576
 167 262.6262626262626
 30 267.6767676767677
 242 272.7272727272727
 139 277.7777777777778
 480 282.8282828282828
 191 287.8787878787879
 0 292.9292929292929
 1 297.979797979798
 0 303.030303030303
 197 308.0808080808081
 17 313.1313131313131
 31 318.1818181818182
 29 323.2323232323232
 45 328.2828282828282
 169 333.3333333333333
 74 338.3838383838383
 18 343.4343434343434
 188 348.4848484848484
 92 353.5353535353535
 31 358.5858585858585
 1 363.6363636363636
 54 368.6868686868686
 47 373.7373737373737
 24 378.7878787878788
 0 383.8383838383838
 2 388.8888888888889
 305 393.9393939393939
 57 398.989898989899
 70 404.040404040404
 164 409.0909090909091
 149 414.1414141414141
 601 419.1919191919192
 24 424.2424242424242
 238 429.2929292929293
 197 434.3434343434343
 3 439.3939393939394
 61 444.4444444444444
 77 449.4949494949495
 54 454.5454545454545
 1 459.5959595959596
 0 464.6464646464646
 0 469.6969696969697
 2 474.7474747474747
 1 479.7979797979798
 17 484.8484848484848
 13 489.8989898989898
 63 494.9494949494949
 0 500


