# Created by Octave 3.8.2, Sat Jun 20 13:37:36 2020 CEST <damian@fptrucha.inv.usc.es>
# name: hd
# type: matrix
# rows: 100
# columns: 2
 0 0
 2 5.05050505050505
 0 10.1010101010101
 288 15.15151515151515
 2 20.2020202020202
 1 25.25252525252525
 164 30.3030303030303
 551 35.35353535353535
 633 40.4040404040404
 316 45.45454545454545
 143 50.50505050505051
 75 55.55555555555555
 2 60.6060606060606
 280 65.65656565656565
 242 70.7070707070707
 588 75.75757575757575
 1 80.8080808080808
 0 85.85858585858585
 66 90.90909090909091
 3 95.95959595959596
 5 101.010101010101
 188 106.060606060606
 199 111.1111111111111
 412 116.1616161616162
 231 121.2121212121212
 86 126.2626262626263
 1 131.3131313131313
 0 136.3636363636363
 56 141.4141414141414
 101 146.4646464646464
 456 151.5151515151515
 264 156.5656565656566
 1 161.6161616161616
 1 166.6666666666667
 75 171.7171717171717
 33 176.7676767676768
 1 181.8181818181818
 0 186.8686868686869
 187 191.9191919191919
 255 196.969696969697
 48 202.020202020202
 100 207.070707070707
 195 212.1212121212121
 70 217.1717171717171
 110 222.2222222222222
 242 227.2727272727273
 158 232.3232323232323
 0 237.3737373737374
 18 242.4242424242424
 136 247.4747474747475
 18 252.5252525252525
 134 257.5757575757576
 151 262.6262626262626
 46 267.6767676767677
 286 272.7272727272727
 149 277.7777777777778
 466 282.8282828282828
 249 287.8787878787879
 0 292.9292929292929
 0 297.979797979798
 0 303.030303030303
 233 308.0808080808081
 38 313.1313131313131
 55 318.1818181818182
 32 323.2323232323232
 33 328.2828282828282
 185 333.3333333333333
 52 338.3838383838383
 24 343.4343434343434
 204 348.4848484848484
 117 353.5353535353535
 35 358.5858585858585
 1 363.6363636363636
 45 368.6868686868686
 40 373.7373737373737
 38 378.7878787878788
 0 383.8383838383838
 1 388.8888888888889
 310 393.9393939393939
 56 398.989898989899
 84 404.040404040404
 186 409.0909090909091
 140 414.1414141414141
 615 419.1919191919192
 30 424.2424242424242
 247 429.2929292929293
 173 434.3434343434343
 3 439.3939393939394
 45 444.4444444444444
 77 449.4949494949495
 53 454.5454545454545
 1 459.5959595959596
 0 464.6464646464646
 0 469.6969696969697
 0 474.7474747474747
 2 479.7979797979798
 24 484.8484848484848
 25 489.8989898989898
 76 494.9494949494949
 0 500


