# Created by Octave 3.8.2, Sun Jun 21 06:49:53 2020 CEST <damian@fptrucha.inv.usc.es>
# name: hd
# type: matrix
# rows: 100
# columns: 2
 2 0
 2 5.05050505050505
 1 10.1010101010101
 266 15.15151515151515
 2 20.2020202020202
 0 25.25252525252525
 161 30.3030303030303
 497 35.35353535353535
 640 40.4040404040404
 303 45.45454545454545
 108 50.50505050505051
 79 55.55555555555555
 0 60.6060606060606
 250 65.65656565656565
 191 70.7070707070707
 558 75.75757575757575
 0 80.8080808080808
 2 85.85858585858585
 49 90.90909090909091
 3 95.95959595959596
 4 101.010101010101
 185 106.060606060606
 171 111.1111111111111
 371 116.1616161616162
 191 121.2121212121212
 82 126.2626262626263
 1 131.3131313131313
 0 136.3636363636363
 72 141.4141414141414
 75 146.4646464646464
 453 151.5151515151515
 290 156.5656565656566
 4 161.6161616161616
 0 166.6666666666667
 64 171.7171717171717
 28 176.7676767676768
 0 181.8181818181818
 1 186.8686868686869
 184 191.9191919191919
 239 196.969696969697
 36 202.020202020202
 61 207.070707070707
 178 212.1212121212121
 64 217.1717171717171
 97 222.2222222222222
 215 227.2727272727273
 110 232.3232323232323
 1 237.3737373737374
 22 242.4242424242424
 141 247.4747474747475
 11 252.5252525252525
 106 257.5757575757576
 147 262.6262626262626
 33 267.6767676767677
 250 272.7272727272727
 124 277.7777777777778
 410 282.8282828282828
 185 287.8787878787879
 2 292.9292929292929
 1 297.979797979798
 0 303.030303030303
 190 308.0808080808081
 21 313.1313131313131
 29 318.1818181818182
 31 323.2323232323232
 27 328.2828282828282
 154 333.3333333333333
 52 338.3838383838383
 14 343.4343434343434
 208 348.4848484848484
 94 353.5353535353535
 31 358.5858585858585
 2 363.6363636363636
 35 368.6868686868686
 32 373.7373737373737
 29 378.7878787878788
 0 383.8383838383838
 1 388.8888888888889
 306 393.9393939393939
 47 398.989898989899
 65 404.040404040404
 171 409.0909090909091
 147 414.1414141414141
 526 419.1919191919192
 23 424.2424242424242
 196 429.2929292929293
 174 434.3434343434343
 2 439.3939393939394
 52 444.4444444444444
 86 449.4949494949495
 57 454.5454545454545
 0 459.5959595959596
 1 464.6464646464646
 0 469.6969696969697
 2 474.7474747474747
 0 479.7979797979798
 16 484.8484848484848
 10 489.8989898989898
 86 494.9494949494949
 0 500


