# Created by Octave 3.8.2, Sat Jun 20 02:47:02 2020 CEST <damian@fptrucha.inv.usc.es>
# name: hd
# type: matrix
# rows: 100
# columns: 2
 3 0
 5 5.05050505050505
 1 10.1010101010101
 221 15.15151515151515
 0 20.2020202020202
 2 25.25252525252525
 122 30.3030303030303
 381 35.35353535353535
 451 40.4040404040404
 201 45.45454545454545
 102 50.50505050505051
 51 55.55555555555555
 1 60.6060606060606
 207 65.65656565656565
 133 70.7070707070707
 411 75.75757575757575
 0 80.8080808080808
 0 85.85858585858585
 36 90.90909090909091
 4 95.95959595959596
 1 101.010101010101
 147 106.060606060606
 134 111.1111111111111
 332 116.1616161616162
 133 121.2121212121212
 63 126.2626262626263
 2 131.3131313131313
 0 136.3636363636363
 44 141.4141414141414
 60 146.4646464646464
 339 151.5151515151515
 176 156.5656565656566
 1 161.6161616161616
 0 166.6666666666667
 47 171.7171717171717
 17 176.7676767676768
 1 181.8181818181818
 1 186.8686868686869
 142 191.9191919191919
 187 196.969696969697
 38 202.020202020202
 71 207.070707070707
 119 212.1212121212121
 47 217.1717171717171
 81 222.2222222222222
 174 227.2727272727273
 86 232.3232323232323
 0 237.3737373737374
 19 242.4242424242424
 80 247.4747474747475
 9 252.5252525252525
 105 257.5757575757576
 105 262.6262626262626
 18 267.6767676767677
 167 272.7272727272727
 106 277.7777777777778
 347 282.8282828282828
 140 287.8787878787879
 0 292.9292929292929
 0 297.979797979798
 0 303.030303030303
 166 308.0808080808081
 16 313.1313131313131
 42 318.1818181818182
 19 323.2323232323232
 22 328.2828282828282
 133 333.3333333333333
 53 338.3838383838383
 10 343.4343434343434
 114 348.4848484848484
 70 353.5353535353535
 18 358.5858585858585
 3 363.6363636363636
 37 368.6868686868686
 33 373.7373737373737
 29 378.7878787878788
 0 383.8383838383838
 0 388.8888888888889
 257 393.9393939393939
 36 398.989898989899
 43 404.040404040404
 112 409.0909090909091
 91 414.1414141414141
 372 419.1919191919192
 14 424.2424242424242
 143 429.2929292929293
 120 434.3434343434343
 0 439.3939393939394
 34 444.4444444444444
 49 449.4949494949495
 45 454.5454545454545
 0 459.5959595959596
 0 464.6464646464646
 1 469.6969696969697
 0 474.7474747474747
 2 479.7979797979798
 10 484.8484848484848
 11 489.8989898989898
 37 494.9494949494949
 0 500


