# Created by Octave 3.8.2, Mon Jun 22 20:54:35 2020 CEST <damian@fptrucha.inv.usc.es>
# name: hd
# type: matrix
# rows: 100
# columns: 2
 3 0
 5 5.05050505050505
 0 10.1010101010101
 309 15.15151515151515
 4 20.2020202020202
 0 25.25252525252525
 193 30.3030303030303
 544 35.35353535353535
 600 40.4040404040404
 309 45.45454545454545
 130 50.50505050505051
 63 55.55555555555555
 2 60.6060606060606
 309 65.65656565656565
 227 70.7070707070707
 593 75.75757575757575
 1 80.8080808080808
 1 85.85858585858585
 59 90.90909090909091
 4 95.95959595959596
 1 101.010101010101
 194 106.060606060606
 182 111.1111111111111
 405 116.1616161616162
 211 121.2121212121212
 93 126.2626262626263
 1 131.3131313131313
 1 136.3636363636363
 93 141.4141414141414
 103 146.4646464646464
 482 151.5151515151515
 308 156.5656565656566
 3 161.6161616161616
 0 166.6666666666667
 79 171.7171717171717
 28 176.7676767676768
 2 181.8181818181818
 3 186.8686868686869
 189 191.9191919191919
 271 196.969696969697
 49 202.020202020202
 112 207.070707070707
 212 212.1212121212121
 53 217.1717171717171
 119 222.2222222222222
 224 227.2727272727273
 139 232.3232323232323
 1 237.3737373737374
 31 242.4242424242424
 155 247.4747474747475
 26 252.5252525252525
 133 257.5757575757576
 120 262.6262626262626
 45 267.6767676767677
 280 272.7272727272727
 131 277.7777777777778
 468 282.8282828282828
 226 287.8787878787879
 3 292.9292929292929
 0 297.979797979798
 2 303.030303030303
 239 308.0808080808081
 39 313.1313131313131
 48 318.1818181818182
 38 323.2323232323232
 40 328.2828282828282
 168 333.3333333333333
 82 338.3838383838383
 27 343.4343434343434
 204 348.4848484848484
 91 353.5353535353535
 30 358.5858585858585
 0 363.6363636363636
 46 368.6868686868686
 39 373.7373737373737
 49 378.7878787878788
 1 383.8383838383838
 1 388.8888888888889
 316 393.9393939393939
 62 398.989898989899
 45 404.040404040404
 188 409.0909090909091
 146 414.1414141414141
 603 419.1919191919192
 18 424.2424242424242
 253 429.2929292929293
 183 434.3434343434343
 5 439.3939393939394
 67 444.4444444444444
 86 449.4949494949495
 63 454.5454545454545
 0 459.5959595959596
 1 464.6464646464646
 2 469.6969696969697
 0 474.7474747474747
 3 479.7979797979798
 24 484.8484848484848
 25 489.8989898989898
 80 494.9494949494949
 0 500


