# Created by Octave 3.8.2, Sat Jun 20 07:44:58 2020 CEST <damian@fptrucha.inv.usc.es>
# name: hd
# type: matrix
# rows: 100
# columns: 2
 1 0
 5 5.05050505050505
 1 10.1010101010101
 313 15.15151515151515
 2 20.2020202020202
 0 25.25252525252525
 159 30.3030303030303
 648 35.35353535353535
 653 40.4040404040404
 379 45.45454545454545
 150 50.50505050505051
 63 55.55555555555555
 0 60.6060606060606
 324 65.65656565656565
 219 70.7070707070707
 610 75.75757575757575
 2 80.8080808080808
 0 85.85858585858585
 71 90.90909090909091
 1 95.95959595959596
 5 101.010101010101
 202 106.060606060606
 177 111.1111111111111
 472 116.1616161616162
 223 121.2121212121212
 98 126.2626262626263
 0 131.3131313131313
 3 136.3636363636363
 87 141.4141414141414
 102 146.4646464646464
 498 151.5151515151515
 304 156.5656565656566
 2 161.6161616161616
 1 166.6666666666667
 82 171.7171717171717
 33 176.7676767676768
 0 181.8181818181818
 3 186.8686868686869
 236 191.9191919191919
 261 196.969696969697
 50 202.020202020202
 129 207.070707070707
 209 212.1212121212121
 78 217.1717171717171
 124 222.2222222222222
 241 227.2727272727273
 169 232.3232323232323
 2 237.3737373737374
 25 242.4242424242424
 157 247.4747474747475
 27 252.5252525252525
 134 257.5757575757576
 140 262.6262626262626
 40 267.6767676767677
 283 272.7272727272727
 159 277.7777777777778
 474 282.8282828282828
 249 287.8787878787879
 0 292.9292929292929
 1 297.979797979798
 1 303.030303030303
 259 308.0808080808081
 27 313.1313131313131
 49 318.1818181818182
 30 323.2323232323232
 50 328.2828282828282
 187 333.3333333333333
 76 338.3838383838383
 15 343.4343434343434
 224 348.4848484848484
 112 353.5353535353535
 17 358.5858585858585
 2 363.6363636363636
 47 368.6868686868686
 48 373.7373737373737
 34 378.7878787878788
 0 383.8383838383838
 0 388.8888888888889
 358 393.9393939393939
 57 398.989898989899
 63 404.040404040404
 198 409.0909090909091
 142 414.1414141414141
 597 419.1919191919192
 22 424.2424242424242
 275 429.2929292929293
 216 434.3434343434343
 2 439.3939393939394
 66 444.4444444444444
 82 449.4949494949495
 69 454.5454545454545
 0 459.5959595959596
 1 464.6464646464646
 0 469.6969696969697
 2 474.7474747474747
 1 479.7979797979798
 21 484.8484848484848
 27 489.8989898989898
 75 494.9494949494949
 0 500


