# Created by Octave 3.8.2, Sat Jun 20 02:49:46 2020 CEST <damian@fptrucha.inv.usc.es>
# name: hd
# type: matrix
# rows: 100
# columns: 2
 4 0
 3 5.05050505050505
 1 10.1010101010101
 302 15.15151515151515
 3 20.2020202020202
 0 25.25252525252525
 169 30.3030303030303
 589 35.35353535353535
 694 40.4040404040404
 338 45.45454545454545
 133 50.50505050505051
 79 55.55555555555555
 0 60.6060606060606
 320 65.65656565656565
 246 70.7070707070707
 630 75.75757575757575
 4 80.8080808080808
 0 85.85858585858585
 74 90.90909090909091
 2 95.95959595959596
 3 101.010101010101
 203 106.060606060606
 182 111.1111111111111
 448 116.1616161616162
 211 121.2121212121212
 89 126.2626262626263
 1 131.3131313131313
 1 136.3636363636363
 81 141.4141414141414
 96 146.4646464646464
 463 151.5151515151515
 283 156.5656565656566
 1 161.6161616161616
 1 166.6666666666667
 80 171.7171717171717
 20 176.7676767676768
 2 181.8181818181818
 1 186.8686868686869
 233 191.9191919191919
 262 196.969696969697
 62 202.020202020202
 89 207.070707070707
 203 212.1212121212121
 72 217.1717171717171
 102 222.2222222222222
 255 227.2727272727273
 138 232.3232323232323
 1 237.3737373737374
 23 242.4242424242424
 147 247.4747474747475
 21 252.5252525252525
 149 257.5757575757576
 131 262.6262626262626
 46 267.6767676767677
 250 272.7272727272727
 145 277.7777777777778
 451 282.8282828282828
 216 287.8787878787879
 2 292.9292929292929
 1 297.979797979798
 0 303.030303030303
 240 308.0808080808081
 23 313.1313131313131
 48 318.1818181818182
 44 323.2323232323232
 43 328.2828282828282
 185 333.3333333333333
 75 338.3838383838383
 13 343.4343434343434
 205 348.4848484848484
 111 353.5353535353535
 32 358.5858585858585
 1 363.6363636363636
 57 368.6868686868686
 39 373.7373737373737
 37 378.7878787878788
 0 383.8383838383838
 0 388.8888888888889
 324 393.9393939393939
 63 398.989898989899
 72 404.040404040404
 182 409.0909090909091
 152 414.1414141414141
 697 419.1919191919192
 12 424.2424242424242
 245 429.2929292929293
 206 434.3434343434343
 2 439.3939393939394
 52 444.4444444444444
 87 449.4949494949495
 59 454.5454545454545
 1 459.5959595959596
 0 464.6464646464646
 2 469.6969696969697
 1 474.7474747474747
 0 479.7979797979798
 19 484.8484848484848
 16 489.8989898989898
 77 494.9494949494949
 0 500


