# Created by Octave 3.8.2, Sat Jun 20 12:09:07 2020 CEST <damian@fptrucha.inv.usc.es>
# name: hd
# type: matrix
# rows: 100
# columns: 2
 2 0
 4 5.05050505050505
 1 10.1010101010101
 294 15.15151515151515
 0 20.2020202020202
 1 25.25252525252525
 152 30.3030303030303
 558 35.35353535353535
 676 40.4040404040404
 326 45.45454545454545
 135 50.50505050505051
 68 55.55555555555555
 2 60.6060606060606
 310 65.65656565656565
 212 70.7070707070707
 596 75.75757575757575
 2 80.8080808080808
 0 85.85858585858585
 70 90.90909090909091
 7 95.95959595959596
 4 101.010101010101
 174 106.060606060606
 196 111.1111111111111
 446 116.1616161616162
 211 121.2121212121212
 79 126.2626262626263
 2 131.3131313131313
 1 136.3636363636363
 66 141.4141414141414
 83 146.4646464646464
 470 151.5151515151515
 285 156.5656565656566
 2 161.6161616161616
 1 166.6666666666667
 85 171.7171717171717
 38 176.7676767676768
 0 181.8181818181818
 0 186.8686868686869
 190 191.9191919191919
 270 196.969696969697
 60 202.020202020202
 105 207.070707070707
 194 212.1212121212121
 69 217.1717171717171
 97 222.2222222222222
 224 227.2727272727273
 146 232.3232323232323
 1 237.3737373737374
 21 242.4242424242424
 145 247.4747474747475
 26 252.5252525252525
 131 257.5757575757576
 122 262.6262626262626
 37 267.6767676767677
 287 272.7272727272727
 153 277.7777777777778
 505 282.8282828282828
 219 287.8787878787879
 1 292.9292929292929
 1 297.979797979798
 2 303.030303030303
 218 308.0808080808081
 28 313.1313131313131
 45 318.1818181818182
 29 323.2323232323232
 46 328.2828282828282
 179 333.3333333333333
 90 338.3838383838383
 15 343.4343434343434
 220 348.4848484848484
 130 353.5353535353535
 26 358.5858585858585
 1 363.6363636363636
 41 368.6868686868686
 45 373.7373737373737
 44 378.7878787878788
 1 383.8383838383838
 0 388.8888888888889
 357 393.9393939393939
 50 398.989898989899
 57 404.040404040404
 171 409.0909090909091
 155 414.1414141414141
 603 419.1919191919192
 18 424.2424242424242
 252 429.2929292929293
 183 434.3434343434343
 1 439.3939393939394
 54 444.4444444444444
 72 449.4949494949495
 60 454.5454545454545
 1 459.5959595959596
 2 464.6464646464646
 0 469.6969696969697
 0 474.7474747474747
 0 479.7979797979798
 17 484.8484848484848
 18 489.8989898989898
 78 494.9494949494949
 0 500


