# Created by Octave 3.8.2, Mon Jun 22 21:55:59 2020 CEST <damian@fptrucha.inv.usc.es>
# name: hd
# type: matrix
# rows: 100
# columns: 2
 4 0
 3 5.05050505050505
 1 10.1010101010101
 289 15.15151515151515
 2 20.2020202020202
 0 25.25252525252525
 164 30.3030303030303
 592 35.35353535353535
 616 40.4040404040404
 338 45.45454545454545
 131 50.50505050505051
 61 55.55555555555555
 3 60.6060606060606
 283 65.65656565656565
 228 70.7070707070707
 598 75.75757575757575
 1 80.8080808080808
 0 85.85858585858585
 73 90.90909090909091
 7 95.95959595959596
 6 101.010101010101
 194 106.060606060606
 176 111.1111111111111
 424 116.1616161616162
 227 121.2121212121212
 87 126.2626262626263
 0 131.3131313131313
 0 136.3636363636363
 78 141.4141414141414
 97 146.4646464646464
 473 151.5151515151515
 260 156.5656565656566
 6 161.6161616161616
 1 166.6666666666667
 83 171.7171717171717
 25 176.7676767676768
 0 181.8181818181818
 3 186.8686868686869
 222 191.9191919191919
 310 196.969696969697
 57 202.020202020202
 88 207.070707070707
 158 212.1212121212121
 62 217.1717171717171
 109 222.2222222222222
 239 227.2727272727273
 160 232.3232323232323
 2 237.3737373737374
 23 242.4242424242424
 152 247.4747474747475
 25 252.5252525252525
 116 257.5757575757576
 159 262.6262626262626
 47 267.6767676767677
 308 272.7272727272727
 141 277.7777777777778
 438 282.8282828282828
 232 287.8787878787879
 0 292.9292929292929
 2 297.979797979798
 0 303.030303030303
 202 308.0808080808081
 24 313.1313131313131
 50 318.1818181818182
 30 323.2323232323232
 41 328.2828282828282
 196 333.3333333333333
 69 338.3838383838383
 15 343.4343434343434
 190 348.4848484848484
 96 353.5353535353535
 31 358.5858585858585
 2 363.6363636363636
 42 368.6868686868686
 42 373.7373737373737
 43 378.7878787878788
 1 383.8383838383838
 0 388.8888888888889
 347 393.9393939393939
 68 398.989898989899
 61 404.040404040404
 210 409.0909090909091
 163 414.1414141414141
 582 419.1919191919192
 23 424.2424242424242
 215 429.2929292929293
 189 434.3434343434343
 6 439.3939393939394
 60 444.4444444444444
 77 449.4949494949495
 59 454.5454545454545
 0 459.5959595959596
 3 464.6464646464646
 3 469.6969696969697
 1 474.7474747474747
 1 479.7979797979798
 18 484.8484848484848
 22 489.8989898989898
 62 494.9494949494949
 0 500


