# Created by Octave 3.8.2, Mon Jun 22 20:28:19 2020 CEST <damian@fptrucha.inv.usc.es>
# name: hd
# type: matrix
# rows: 100
# columns: 2
 3 0
 3 5.05050505050505
 0 10.1010101010101
 289 15.15151515151515
 2 20.2020202020202
 1 25.25252525252525
 153 30.3030303030303
 513 35.35353535353535
 612 40.4040404040404
 360 45.45454545454545
 132 50.50505050505051
 70 55.55555555555555
 5 60.6060606060606
 266 65.65656565656565
 243 70.7070707070707
 578 75.75757575757575
 0 80.8080808080808
 2 85.85858585858585
 77 90.90909090909091
 5 95.95959595959596
 5 101.010101010101
 200 106.060606060606
 143 111.1111111111111
 416 116.1616161616162
 193 121.2121212121212
 93 126.2626262626263
 0 131.3131313131313
 4 136.3636363636363
 65 141.4141414141414
 108 146.4646464646464
 503 151.5151515151515
 287 156.5656565656566
 3 161.6161616161616
 2 166.6666666666667
 89 171.7171717171717
 27 176.7676767676768
 0 181.8181818181818
 1 186.8686868686869
 179 191.9191919191919
 262 196.969696969697
 63 202.020202020202
 112 207.070707070707
 202 212.1212121212121
 67 217.1717171717171
 134 222.2222222222222
 235 227.2727272727273
 125 232.3232323232323
 0 237.3737373737374
 27 242.4242424242424
 146 247.4747474747475
 31 252.5252525252525
 120 257.5757575757576
 137 262.6262626262626
 35 267.6767676767677
 276 272.7272727272727
 139 277.7777777777778
 469 282.8282828282828
 204 287.8787878787879
 0 292.9292929292929
 1 297.979797979798
 1 303.030303030303
 231 308.0808080808081
 33 313.1313131313131
 45 318.1818181818182
 36 323.2323232323232
 38 328.2828282828282
 179 333.3333333333333
 90 338.3838383838383
 26 343.4343434343434
 216 348.4848484848484
 98 353.5353535353535
 30 358.5858585858585
 1 363.6363636363636
 35 368.6868686868686
 34 373.7373737373737
 36 378.7878787878788
 1 383.8383838383838
 1 388.8888888888889
 314 393.9393939393939
 65 398.989898989899
 52 404.040404040404
 178 409.0909090909091
 158 414.1414141414141
 543 419.1919191919192
 19 424.2424242424242
 259 429.2929292929293
 175 434.3434343434343
 7 439.3939393939394
 76 444.4444444444444
 67 449.4949494949495
 61 454.5454545454545
 2 459.5959595959596
 1 464.6464646464646
 0 469.6969696969697
 0 474.7474747474747
 1 479.7979797979798
 23 484.8484848484848
 18 489.8989898989898
 64 494.9494949494949
 0 500


