# Created by Octave 3.8.2, Mon Jun 22 16:42:57 2020 CEST <damian@fptrucha.inv.usc.es>
# name: hd
# type: matrix
# rows: 100
# columns: 2
 1 0
 5 5.05050505050505
 3 10.1010101010101
 319 15.15151515151515
 3 20.2020202020202
 1 25.25252525252525
 154 30.3030303030303
 516 35.35353535353535
 614 40.4040404040404
 358 45.45454545454545
 120 50.50505050505051
 71 55.55555555555555
 2 60.6060606060606
 281 65.65656565656565
 216 70.7070707070707
 575 75.75757575757575
 0 80.8080808080808
 2 85.85858585858585
 67 90.90909090909091
 4 95.95959595959596
 3 101.010101010101
 191 106.060606060606
 163 111.1111111111111
 404 116.1616161616162
 222 121.2121212121212
 99 126.2626262626263
 0 131.3131313131313
 1 136.3636363636363
 66 141.4141414141414
 95 146.4646464646464
 458 151.5151515151515
 258 156.5656565656566
 2 161.6161616161616
 0 166.6666666666667
 82 171.7171717171717
 35 176.7676767676768
 1 181.8181818181818
 1 186.8686868686869
 202 191.9191919191919
 262 196.969696969697
 49 202.020202020202
 97 207.070707070707
 185 212.1212121212121
 59 217.1717171717171
 118 222.2222222222222
 211 227.2727272727273
 140 232.3232323232323
 1 237.3737373737374
 23 242.4242424242424
 130 247.4747474747475
 20 252.5252525252525
 125 257.5757575757576
 127 262.6262626262626
 45 267.6767676767677
 267 272.7272727272727
 144 277.7777777777778
 445 282.8282828282828
 218 287.8787878787879
 1 292.9292929292929
 2 297.979797979798
 1 303.030303030303
 212 308.0808080808081
 27 313.1313131313131
 56 318.1818181818182
 36 323.2323232323232
 35 328.2828282828282
 175 333.3333333333333
 79 338.3838383838383
 27 343.4343434343434
 214 348.4848484848484
 92 353.5353535353535
 39 358.5858585858585
 2 363.6363636363636
 44 368.6868686868686
 45 373.7373737373737
 31 378.7878787878788
 1 383.8383838383838
 2 388.8888888888889
 321 393.9393939393939
 61 398.989898989899
 67 404.040404040404
 195 409.0909090909091
 152 414.1414141414141
 558 419.1919191919192
 28 424.2424242424242
 259 429.2929292929293
 202 434.3434343434343
 6 439.3939393939394
 64 444.4444444444444
 96 449.4949494949495
 57 454.5454545454545
 3 459.5959595959596
 1 464.6464646464646
 1 469.6969696969697
 2 474.7474747474747
 3 479.7979797979798
 15 484.8484848484848
 17 489.8989898989898
 70 494.9494949494949
 0 500


