# Created by Octave 3.8.2, Mon Jun 22 12:56:33 2020 CEST <damian@fptrucha.inv.usc.es>
# name: hd
# type: matrix
# rows: 100
# columns: 2
 1 0
 4 5.05050505050505
 3 10.1010101010101
 297 15.15151515151515
 2 20.2020202020202
 3 25.25252525252525
 158 30.3030303030303
 543 35.35353535353535
 543 40.4040404040404
 361 45.45454545454545
 138 50.50505050505051
 89 55.55555555555555
 2 60.6060606060606
 290 65.65656565656565
 192 70.7070707070707
 525 75.75757575757575
 5 80.8080808080808
 0 85.85858585858585
 51 90.90909090909091
 6 95.95959595959596
 5 101.010101010101
 183 106.060606060606
 184 111.1111111111111
 386 116.1616161616162
 199 121.2121212121212
 70 126.2626262626263
 1 131.3131313131313
 2 136.3636363636363
 67 141.4141414141414
 88 146.4646464646464
 473 151.5151515151515
 260 156.5656565656566
 0 161.6161616161616
 0 166.6666666666667
 72 171.7171717171717
 36 176.7676767676768
 0 181.8181818181818
 1 186.8686868686869
 188 191.9191919191919
 273 196.969696969697
 45 202.020202020202
 101 207.070707070707
 190 212.1212121212121
 64 217.1717171717171
 105 222.2222222222222
 222 227.2727272727273
 134 232.3232323232323
 1 237.3737373737374
 31 242.4242424242424
 131 247.4747474747475
 32 252.5252525252525
 106 257.5757575757576
 118 262.6262626262626
 50 267.6767676767677
 277 272.7272727272727
 121 277.7777777777778
 449 282.8282828282828
 214 287.8787878787879
 2 292.9292929292929
 0 297.979797979798
 1 303.030303030303
 205 308.0808080808081
 25 313.1313131313131
 45 318.1818181818182
 29 323.2323232323232
 37 328.2828282828282
 182 333.3333333333333
 82 338.3838383838383
 23 343.4343434343434
 189 348.4848484848484
 92 353.5353535353535
 31 358.5858585858585
 1 363.6363636363636
 46 368.6868686868686
 44 373.7373737373737
 32 378.7878787878788
 1 383.8383838383838
 0 388.8888888888889
 308 393.9393939393939
 57 398.989898989899
 63 404.040404040404
 169 409.0909090909091
 147 414.1414141414141
 570 419.1919191919192
 14 424.2424242424242
 286 429.2929292929293
 164 434.3434343434343
 9 439.3939393939394
 81 444.4444444444444
 76 449.4949494949495
 49 454.5454545454545
 1 459.5959595959596
 2 464.6464646464646
 1 469.6969696969697
 2 474.7474747474747
 1 479.7979797979798
 20 484.8484848484848
 26 489.8989898989898
 77 494.9494949494949
 0 500


