# Created by Octave 3.8.2, Sun Jun 21 03:02:35 2020 CEST <damian@fptrucha.inv.usc.es>
# name: hd
# type: matrix
# rows: 100
# columns: 2
 0 0
 2 5.05050505050505
 3 10.1010101010101
 269 15.15151515151515
 0 20.2020202020202
 2 25.25252525252525
 164 30.3030303030303
 500 35.35353535353535
 568 40.4040404040404
 271 45.45454545454545
 114 50.50505050505051
 47 55.55555555555555
 3 60.6060606060606
 245 65.65656565656565
 181 70.7070707070707
 534 75.75757575757575
 0 80.8080808080808
 0 85.85858585858585
 61 90.90909090909091
 2 95.95959595959596
 1 101.010101010101
 183 106.060606060606
 185 111.1111111111111
 357 116.1616161616162
 177 121.2121212121212
 84 126.2626262626263
 1 131.3131313131313
 1 136.3636363636363
 52 141.4141414141414
 101 146.4646464646464
 438 151.5151515151515
 278 156.5656565656566
 4 161.6161616161616
 0 166.6666666666667
 80 171.7171717171717
 30 176.7676767676768
 1 181.8181818181818
 0 186.8686868686869
 190 191.9191919191919
 229 196.969696969697
 42 202.020202020202
 76 207.070707070707
 200 212.1212121212121
 79 217.1717171717171
 102 222.2222222222222
 208 227.2727272727273
 118 232.3232323232323
 0 237.3737373737374
 19 242.4242424242424
 118 247.4747474747475
 15 252.5252525252525
 108 257.5757575757576
 139 262.6262626262626
 39 267.6767676767677
 247 272.7272727272727
 133 277.7777777777778
 454 282.8282828282828
 202 287.8787878787879
 0 292.9292929292929
 0 297.979797979798
 0 303.030303030303
 172 308.0808080808081
 28 313.1313131313131
 39 318.1818181818182
 29 323.2323232323232
 28 328.2828282828282
 154 333.3333333333333
 60 338.3838383838383
 15 343.4343434343434
 164 348.4848484848484
 98 353.5353535353535
 21 358.5858585858585
 0 363.6363636363636
 51 368.6868686868686
 42 373.7373737373737
 31 378.7878787878788
 0 383.8383838383838
 2 388.8888888888889
 297 393.9393939393939
 52 398.989898989899
 67 404.040404040404
 161 409.0909090909091
 131 414.1414141414141
 520 419.1919191919192
 23 424.2424242424242
 221 429.2929292929293
 144 434.3434343434343
 3 439.3939393939394
 49 444.4444444444444
 84 449.4949494949495
 54 454.5454545454545
 1 459.5959595959596
 0 464.6464646464646
 3 469.6969696969697
 2 474.7474747474747
 1 479.7979797979798
 15 484.8484848484848
 9 489.8989898989898
 57 494.9494949494949
 0 500


