# Created by Octave 3.8.2, Mon Jun 22 16:20:04 2020 CEST <damian@fptrucha.inv.usc.es>
# name: hd
# type: matrix
# rows: 100
# columns: 2
 4 0
 2 5.05050505050505
 2 10.1010101010101
 272 15.15151515151515
 1 20.2020202020202
 0 25.25252525252525
 163 30.3030303030303
 516 35.35353535353535
 584 40.4040404040404
 314 45.45454545454545
 121 50.50505050505051
 66 55.55555555555555
 2 60.6060606060606
 276 65.65656565656565
 215 70.7070707070707
 555 75.75757575757575
 1 80.8080808080808
 0 85.85858585858585
 56 90.90909090909091
 2 95.95959595959596
 5 101.010101010101
 176 106.060606060606
 155 111.1111111111111
 417 116.1616161616162
 212 121.2121212121212
 85 126.2626262626263
 0 131.3131313131313
 4 136.3636363636363
 66 141.4141414141414
 97 146.4646464646464
 475 151.5151515151515
 248 156.5656565656566
 1 161.6161616161616
 0 166.6666666666667
 96 171.7171717171717
 35 176.7676767676768
 0 181.8181818181818
 2 186.8686868686869
 203 191.9191919191919
 272 196.969696969697
 54 202.020202020202
 98 207.070707070707
 179 212.1212121212121
 72 217.1717171717171
 104 222.2222222222222
 245 227.2727272727273
 135 232.3232323232323
 0 237.3737373737374
 30 242.4242424242424
 148 247.4747474747475
 26 252.5252525252525
 105 257.5757575757576
 144 262.6262626262626
 40 267.6767676767677
 295 272.7272727272727
 164 277.7777777777778
 466 282.8282828282828
 188 287.8787878787879
 4 292.9292929292929
 4 297.979797979798
 0 303.030303030303
 216 308.0808080808081
 24 313.1313131313131
 43 318.1818181818182
 25 323.2323232323232
 34 328.2828282828282
 166 333.3333333333333
 74 338.3838383838383
 25 343.4343434343434
 199 348.4848484848484
 110 353.5353535353535
 42 358.5858585858585
 4 363.6363636363636
 49 368.6868686868686
 56 373.7373737373737
 39 378.7878787878788
 0 383.8383838383838
 0 388.8888888888889
 306 393.9393939393939
 57 398.989898989899
 70 404.040404040404
 174 409.0909090909091
 158 414.1414141414141
 534 419.1919191919192
 21 424.2424242424242
 239 429.2929292929293
 167 434.3434343434343
 2 439.3939393939394
 57 444.4444444444444
 78 449.4949494949495
 51 454.5454545454545
 1 459.5959595959596
 0 464.6464646464646
 2 469.6969696969697
 0 474.7474747474747
 1 479.7979797979798
 30 484.8484848484848
 26 489.8989898989898
 79 494.9494949494949
 0 500


