# Created by Octave 3.8.2, Sat Jun 20 10:09:05 2020 CEST <damian@fptrucha.inv.usc.es>
# name: hd
# type: matrix
# rows: 100
# columns: 2
 0 0
 1 5.05050505050505
 0 10.1010101010101
 281 15.15151515151515
 1 20.2020202020202
 1 25.25252525252525
 155 30.3030303030303
 558 35.35353535353535
 671 40.4040404040404
 355 45.45454545454545
 147 50.50505050505051
 96 55.55555555555555
 4 60.6060606060606
 325 65.65656565656565
 222 70.7070707070707
 638 75.75757575757575
 1 80.8080808080808
 1 85.85858585858585
 80 90.90909090909091
 6 95.95959595959596
 6 101.010101010101
 202 106.060606060606
 184 111.1111111111111
 452 116.1616161616162
 229 121.2121212121212
 108 126.2626262626263
 0 131.3131313131313
 0 136.3636363636363
 91 141.4141414141414
 96 146.4646464646464
 501 151.5151515151515
 300 156.5656565656566
 4 161.6161616161616
 2 166.6666666666667
 74 171.7171717171717
 48 176.7676767676768
 0 181.8181818181818
 3 186.8686868686869
 196 191.9191919191919
 303 196.969696969697
 50 202.020202020202
 108 207.070707070707
 217 212.1212121212121
 78 217.1717171717171
 97 222.2222222222222
 234 227.2727272727273
 142 232.3232323232323
 1 237.3737373737374
 28 242.4242424242424
 162 247.4747474747475
 12 252.5252525252525
 122 257.5757575757576
 145 262.6262626262626
 60 267.6767676767677
 291 272.7272727272727
 178 277.7777777777778
 515 282.8282828282828
 229 287.8787878787879
 1 292.9292929292929
 1 297.979797979798
 1 303.030303030303
 268 308.0808080808081
 16 313.1313131313131
 49 318.1818181818182
 38 323.2323232323232
 42 328.2828282828282
 202 333.3333333333333
 86 338.3838383838383
 14 343.4343434343434
 197 348.4848484848484
 114 353.5353535353535
 24 358.5858585858585
 0 363.6363636363636
 46 368.6868686868686
 46 373.7373737373737
 39 378.7878787878788
 1 383.8383838383838
 0 388.8888888888889
 367 393.9393939393939
 64 398.989898989899
 59 404.040404040404
 191 409.0909090909091
 155 414.1414141414141
 646 419.1919191919192
 34 424.2424242424242
 289 429.2929292929293
 203 434.3434343434343
 11 439.3939393939394
 75 444.4444444444444
 112 449.4949494949495
 53 454.5454545454545
 0 459.5959595959596
 0 464.6464646464646
 0 469.6969696969697
 1 474.7474747474747
 2 479.7979797979798
 27 484.8484848484848
 24 489.8989898989898
 74 494.9494949494949
 0 500


