# Created by Octave 3.8.2, Mon Jun 22 19:14:47 2020 CEST <damian@fptrucha.inv.usc.es>
# name: hd
# type: matrix
# rows: 100
# columns: 2
 2 0
 3 5.05050505050505
 5 10.1010101010101
 290 15.15151515151515
 3 20.2020202020202
 3 25.25252525252525
 150 30.3030303030303
 534 35.35353535353535
 653 40.4040404040404
 321 45.45454545454545
 130 50.50505050505051
 79 55.55555555555555
 0 60.6060606060606
 293 65.65656565656565
 210 70.7070707070707
 584 75.75757575757575
 2 80.8080808080808
 2 85.85858585858585
 62 90.90909090909091
 4 95.95959595959596
 4 101.010101010101
 198 106.060606060606
 181 111.1111111111111
 430 116.1616161616162
 187 121.2121212121212
 75 126.2626262626263
 1 131.3131313131313
 0 136.3636363636363
 77 141.4141414141414
 96 146.4646464646464
 512 151.5151515151515
 265 156.5656565656566
 2 161.6161616161616
 0 166.6666666666667
 88 171.7171717171717
 36 176.7676767676768
 1 181.8181818181818
 0 186.8686868686869
 209 191.9191919191919
 261 196.969696969697
 39 202.020202020202
 94 207.070707070707
 168 212.1212121212121
 59 217.1717171717171
 119 222.2222222222222
 272 227.2727272727273
 132 232.3232323232323
 0 237.3737373737374
 25 242.4242424242424
 158 247.4747474747475
 32 252.5252525252525
 131 257.5757575757576
 122 262.6262626262626
 38 267.6767676767677
 287 272.7272727272727
 147 277.7777777777778
 489 282.8282828282828
 193 287.8787878787879
 1 292.9292929292929
 0 297.979797979798
 0 303.030303030303
 223 308.0808080808081
 14 313.1313131313131
 49 318.1818181818182
 30 323.2323232323232
 40 328.2828282828282
 195 333.3333333333333
 80 338.3838383838383
 21 343.4343434343434
 203 348.4848484848484
 98 353.5353535353535
 27 358.5858585858585
 3 363.6363636363636
 51 368.6868686868686
 48 373.7373737373737
 38 378.7878787878788
 0 383.8383838383838
 0 388.8888888888889
 317 393.9393939393939
 48 398.989898989899
 75 404.040404040404
 191 409.0909090909091
 149 414.1414141414141
 579 419.1919191919192
 24 424.2424242424242
 269 429.2929292929293
 192 434.3434343434343
 4 439.3939393939394
 61 444.4444444444444
 66 449.4949494949495
 73 454.5454545454545
 2 459.5959595959596
 1 464.6464646464646
 1 469.6969696969697
 1 474.7474747474747
 2 479.7979797979798
 24 484.8484848484848
 18 489.8989898989898
 76 494.9494949494949
 0 500


