# Created by Octave 3.8.2, Sat Jun 20 14:36:15 2020 CEST <damian@fptrucha.inv.usc.es>
# name: hd
# type: matrix
# rows: 100
# columns: 2
 1 0
 2 5.05050505050505
 0 10.1010101010101
 294 15.15151515151515
 2 20.2020202020202
 2 25.25252525252525
 165 30.3030303030303
 529 35.35353535353535
 652 40.4040404040404
 336 45.45454545454545
 122 50.50505050505051
 54 55.55555555555555
 3 60.6060606060606
 274 65.65656565656565
 198 70.7070707070707
 667 75.75757575757575
 1 80.8080808080808
 0 85.85858585858585
 66 90.90909090909091
 2 95.95959595959596
 2 101.010101010101
 174 106.060606060606
 191 111.1111111111111
 413 116.1616161616162
 211 121.2121212121212
 96 126.2626262626263
 0 131.3131313131313
 1 136.3636363636363
 51 141.4141414141414
 92 146.4646464646464
 463 151.5151515151515
 276 156.5656565656566
 2 161.6161616161616
 0 166.6666666666667
 83 171.7171717171717
 43 176.7676767676768
 2 181.8181818181818
 0 186.8686868686869
 222 191.9191919191919
 288 196.969696969697
 61 202.020202020202
 99 207.070707070707
 194 212.1212121212121
 68 217.1717171717171
 105 222.2222222222222
 234 227.2727272727273
 146 232.3232323232323
 0 237.3737373737374
 23 242.4242424242424
 146 247.4747474747475
 18 252.5252525252525
 120 257.5757575757576
 164 262.6262626262626
 41 267.6767676767677
 291 272.7272727272727
 145 277.7777777777778
 448 282.8282828282828
 213 287.8787878787879
 1 292.9292929292929
 1 297.979797979798
 0 303.030303030303
 238 308.0808080808081
 30 313.1313131313131
 47 318.1818181818182
 39 323.2323232323232
 42 328.2828282828282
 183 333.3333333333333
 68 338.3838383838383
 20 343.4343434343434
 203 348.4848484848484
 76 353.5353535353535
 26 358.5858585858585
 0 363.6363636363636
 52 368.6868686868686
 37 373.7373737373737
 33 378.7878787878788
 0 383.8383838383838
 2 388.8888888888889
 316 393.9393939393939
 51 398.989898989899
 81 404.040404040404
 182 409.0909090909091
 144 414.1414141414141
 570 419.1919191919192
 29 424.2424242424242
 229 429.2929292929293
 194 434.3434343434343
 4 439.3939393939394
 61 444.4444444444444
 90 449.4949494949495
 59 454.5454545454545
 0 459.5959595959596
 0 464.6464646464646
 1 469.6969696969697
 1 474.7474747474747
 1 479.7979797979798
 18 484.8484848484848
 15 489.8989898989898
 78 494.9494949494949
 0 500


