# Created by Octave 3.8.2, Mon Jun 22 08:15:21 2020 CEST <damian@fptrucha.inv.usc.es>
# name: hd
# type: matrix
# rows: 100
# columns: 2
 2 0
 3 5.05050505050505
 1 10.1010101010101
 272 15.15151515151515
 3 20.2020202020202
 0 25.25252525252525
 169 30.3030303030303
 527 35.35353535353535
 610 40.4040404040404
 329 45.45454545454545
 147 50.50505050505051
 61 55.55555555555555
 2 60.6060606060606
 276 65.65656565656565
 200 70.7070707070707
 548 75.75757575757575
 1 80.8080808080808
 1 85.85858585858585
 58 90.90909090909091
 2 95.95959595959596
 8 101.010101010101
 196 106.060606060606
 175 111.1111111111111
 389 116.1616161616162
 192 121.2121212121212
 80 126.2626262626263
 0 131.3131313131313
 1 136.3636363636363
 86 141.4141414141414
 81 146.4646464646464
 425 151.5151515151515
 238 156.5656565656566
 0 161.6161616161616
 1 166.6666666666667
 66 171.7171717171717
 27 176.7676767676768
 0 181.8181818181818
 2 186.8686868686869
 170 191.9191919191919
 262 196.969696969697
 38 202.020202020202
 87 207.070707070707
 185 212.1212121212121
 49 217.1717171717171
 88 222.2222222222222
 223 227.2727272727273
 111 232.3232323232323
 2 237.3737373737374
 29 242.4242424242424
 123 247.4747474747475
 20 252.5252525252525
 134 257.5757575757576
 114 262.6262626262626
 38 267.6767676767677
 273 272.7272727272727
 129 277.7777777777778
 396 282.8282828282828
 204 287.8787878787879
 1 292.9292929292929
 1 297.979797979798
 2 303.030303030303
 211 308.0808080808081
 24 313.1313131313131
 39 318.1818181818182
 28 323.2323232323232
 42 328.2828282828282
 174 333.3333333333333
 47 338.3838383838383
 19 343.4343434343434
 199 348.4848484848484
 92 353.5353535353535
 30 358.5858585858585
 2 363.6363636363636
 41 368.6868686868686
 36 373.7373737373737
 39 378.7878787878788
 2 383.8383838383838
 1 388.8888888888889
 290 393.9393939393939
 62 398.989898989899
 65 404.040404040404
 170 409.0909090909091
 148 414.1414141414141
 511 419.1919191919192
 21 424.2424242424242
 234 429.2929292929293
 177 434.3434343434343
 2 439.3939393939394
 59 444.4444444444444
 79 449.4949494949495
 52 454.5454545454545
 0 459.5959595959596
 0 464.6464646464646
 2 469.6969696969697
 1 474.7474747474747
 3 479.7979797979798
 22 484.8484848484848
 18 489.8989898989898
 76 494.9494949494949
 0 500


