# Created by Octave 3.8.2, Mon Jun 22 04:53:53 2020 CEST <damian@fptrucha.inv.usc.es>
# name: hd
# type: matrix
# rows: 100
# columns: 2
 0 0
 5 5.05050505050505
 5 10.1010101010101
 287 15.15151515151515
 6 20.2020202020202
 1 25.25252525252525
 144 30.3030303030303
 491 35.35353535353535
 513 40.4040404040404
 261 45.45454545454545
 113 50.50505050505051
 66 55.55555555555555
 1 60.6060606060606
 276 65.65656565656565
 178 70.7070707070707
 493 75.75757575757575
 3 80.8080808080808
 0 85.85858585858585
 51 90.90909090909091
 9 95.95959595959596
 5 101.010101010101
 178 106.060606060606
 152 111.1111111111111
 352 116.1616161616162
 193 121.2121212121212
 75 126.2626262626263
 0 131.3131313131313
 2 136.3636363636363
 60 141.4141414141414
 76 146.4646464646464
 373 151.5151515151515
 232 156.5656565656566
 4 161.6161616161616
 2 166.6666666666667
 63 171.7171717171717
 25 176.7676767676768
 0 181.8181818181818
 1 186.8686868686869
 175 191.9191919191919
 271 196.969696969697
 51 202.020202020202
 83 207.070707070707
 156 212.1212121212121
 57 217.1717171717171
 98 222.2222222222222
 215 227.2727272727273
 104 232.3232323232323
 4 237.3737373737374
 23 242.4242424242424
 115 247.4747474747475
 18 252.5252525252525
 90 257.5757575757576
 126 262.6262626262626
 39 267.6767676767677
 267 272.7272727272727
 119 277.7777777777778
 397 282.8282828282828
 181 287.8787878787879
 0 292.9292929292929
 0 297.979797979798
 1 303.030303030303
 184 308.0808080808081
 23 313.1313131313131
 34 318.1818181818182
 31 323.2323232323232
 35 328.2828282828282
 141 333.3333333333333
 67 338.3838383838383
 31 343.4343434343434
 163 348.4848484848484
 93 353.5353535353535
 19 358.5858585858585
 5 363.6363636363636
 44 368.6868686868686
 39 373.7373737373737
 37 378.7878787878788
 1 383.8383838383838
 2 388.8888888888889
 286 393.9393939393939
 54 398.989898989899
 55 404.040404040404
 161 409.0909090909091
 132 414.1414141414141
 462 419.1919191919192
 17 424.2424242424242
 237 429.2929292929293
 158 434.3434343434343
 3 439.3939393939394
 47 444.4444444444444
 54 449.4949494949495
 42 454.5454545454545
 0 459.5959595959596
 0 464.6464646464646
 0 469.6969696969697
 1 474.7474747474747
 1 479.7979797979798
 15 484.8484848484848
 21 489.8989898989898
 66 494.9494949494949
 0 500


