# Created by Octave 3.8.2, Mon Jun 22 03:34:56 2020 CEST <damian@fptrucha.inv.usc.es>
# name: hd
# type: matrix
# rows: 100
# columns: 2
 1 0
 1 5.05050505050505
 0 10.1010101010101
 267 15.15151515151515
 7 20.2020202020202
 1 25.25252525252525
 135 30.3030303030303
 468 35.35353535353535
 522 40.4040404040404
 316 45.45454545454545
 124 50.50505050505051
 63 55.55555555555555
 3 60.6060606060606
 273 65.65656565656565
 188 70.7070707070707
 547 75.75757575757575
 4 80.8080808080808
 3 85.85858585858585
 66 90.90909090909091
 4 95.95959595959596
 8 101.010101010101
 175 106.060606060606
 164 111.1111111111111
 357 116.1616161616162
 164 121.2121212121212
 97 126.2626262626263
 1 131.3131313131313
 4 136.3636363636363
 68 141.4141414141414
 89 146.4646464646464
 443 151.5151515151515
 212 156.5656565656566
 1 161.6161616161616
 0 166.6666666666667
 60 171.7171717171717
 19 176.7676767676768
 2 181.8181818181818
 3 186.8686868686869
 158 191.9191919191919
 242 196.969696969697
 56 202.020202020202
 87 207.070707070707
 143 212.1212121212121
 65 217.1717171717171
 100 222.2222222222222
 179 227.2727272727273
 122 232.3232323232323
 6 237.3737373737374
 23 242.4242424242424
 135 247.4747474747475
 19 252.5252525252525
 117 257.5757575757576
 111 262.6262626262626
 29 267.6767676767677
 225 272.7272727272727
 150 277.7777777777778
 421 282.8282828282828
 191 287.8787878787879
 0 292.9292929292929
 1 297.979797979798
 1 303.030303030303
 166 308.0808080808081
 18 313.1313131313131
 26 318.1818181818182
 28 323.2323232323232
 50 328.2828282828282
 155 333.3333333333333
 68 338.3838383838383
 18 343.4343434343434
 178 348.4848484848484
 91 353.5353535353535
 30 358.5858585858585
 2 363.6363636363636
 24 368.6868686868686
 43 373.7373737373737
 34 378.7878787878788
 2 383.8383838383838
 3 388.8888888888889
 308 393.9393939393939
 48 398.989898989899
 53 404.040404040404
 158 409.0909090909091
 151 414.1414141414141
 543 419.1919191919192
 20 424.2424242424242
 210 429.2929292929293
 163 434.3434343434343
 6 439.3939393939394
 61 444.4444444444444
 73 449.4949494949495
 48 454.5454545454545
 1 459.5959595959596
 1 464.6464646464646
 1 469.6969696969697
 2 474.7474747474747
 1 479.7979797979798
 20 484.8484848484848
 19 489.8989898989898
 69 494.9494949494949
 0 500


