# Created by Octave 3.8.2, Sat Jun 20 22:06:44 2020 CEST <damian@fptrucha.inv.usc.es>
# name: hd
# type: matrix
# rows: 100
# columns: 2
 2 0
 1 5.05050505050505
 0 10.1010101010101
 252 15.15151515151515
 3 20.2020202020202
 0 25.25252525252525
 134 30.3030303030303
 501 35.35353535353535
 567 40.4040404040404
 293 45.45454545454545
 161 50.50505050505051
 82 55.55555555555555
 0 60.6060606060606
 248 65.65656565656565
 195 70.7070707070707
 579 75.75757575757575
 1 80.8080808080808
 3 85.85858585858585
 57 90.90909090909091
 3 95.95959595959596
 1 101.010101010101
 166 106.060606060606
 192 111.1111111111111
 372 116.1616161616162
 185 121.2121212121212
 84 126.2626262626263
 1 131.3131313131313
 0 136.3636363636363
 58 141.4141414141414
 106 146.4646464646464
 424 151.5151515151515
 244 156.5656565656566
 3 161.6161616161616
 1 166.6666666666667
 61 171.7171717171717
 30 176.7676767676768
 1 181.8181818181818
 0 186.8686868686869
 157 191.9191919191919
 265 196.969696969697
 45 202.020202020202
 86 207.070707070707
 175 212.1212121212121
 63 217.1717171717171
 95 222.2222222222222
 235 227.2727272727273
 121 232.3232323232323
 0 237.3737373737374
 14 242.4242424242424
 127 247.4747474747475
 16 252.5252525252525
 128 257.5757575757576
 137 262.6262626262626
 34 267.6767676767677
 289 272.7272727272727
 143 277.7777777777778
 446 282.8282828282828
 194 287.8787878787879
 0 292.9292929292929
 0 297.979797979798
 0 303.030303030303
 196 308.0808080808081
 20 313.1313131313131
 42 318.1818181818182
 30 323.2323232323232
 35 328.2828282828282
 163 333.3333333333333
 72 338.3838383838383
 17 343.4343434343434
 180 348.4848484848484
 85 353.5353535353535
 30 358.5858585858585
 2 363.6363636363636
 41 368.6868686868686
 34 373.7373737373737
 27 378.7878787878788
 0 383.8383838383838
 0 388.8888888888889
 308 393.9393939393939
 51 398.989898989899
 69 404.040404040404
 158 409.0909090909091
 125 414.1414141414141
 489 419.1919191919192
 21 424.2424242424242
 247 429.2929292929293
 190 434.3434343434343
 5 439.3939393939394
 54 444.4444444444444
 84 449.4949494949495
 49 454.5454545454545
 1 459.5959595959596
 0 464.6464646464646
 1 469.6969696969697
 2 474.7474747474747
 0 479.7979797979798
 14 484.8484848484848
 15 489.8989898989898
 65 494.9494949494949
 0 500


