# Created by Octave 3.8.2, Mon Jun 22 02:36:56 2020 CEST <damian@fptrucha.inv.usc.es>
# name: hd
# type: matrix
# rows: 100
# columns: 2
 5 0
 4 5.05050505050505
 1 10.1010101010101
 281 15.15151515151515
 6 20.2020202020202
 0 25.25252525252525
 147 30.3030303030303
 492 35.35353535353535
 531 40.4040404040404
 317 45.45454545454545
 130 50.50505050505051
 72 55.55555555555555
 5 60.6060606060606
 293 65.65656565656565
 218 70.7070707070707
 513 75.75757575757575
 0 80.8080808080808
 3 85.85858585858585
 58 90.90909090909091
 4 95.95959595959596
 3 101.010101010101
 138 106.060606060606
 156 111.1111111111111
 351 116.1616161616162
 173 121.2121212121212
 72 126.2626262626263
 1 131.3131313131313
 0 136.3636363636363
 62 141.4141414141414
 97 146.4646464646464
 398 151.5151515151515
 228 156.5656565656566
 2 161.6161616161616
 2 166.6666666666667
 83 171.7171717171717
 32 176.7676767676768
 1 181.8181818181818
 1 186.8686868686869
 162 191.9191919191919
 241 196.969696969697
 58 202.020202020202
 85 207.070707070707
 167 212.1212121212121
 39 217.1717171717171
 85 222.2222222222222
 198 227.2727272727273
 130 232.3232323232323
 1 237.3737373737374
 23 242.4242424242424
 135 247.4747474747475
 27 252.5252525252525
 96 257.5757575757576
 114 262.6262626262626
 39 267.6767676767677
 252 272.7272727272727
 110 277.7777777777778
 417 282.8282828282828
 195 287.8787878787879
 1 292.9292929292929
 1 297.979797979798
 1 303.030303030303
 183 308.0808080808081
 34 313.1313131313131
 35 318.1818181818182
 27 323.2323232323232
 36 328.2828282828282
 147 333.3333333333333
 58 338.3838383838383
 17 343.4343434343434
 164 348.4848484848484
 103 353.5353535353535
 22 358.5858585858585
 3 363.6363636363636
 43 368.6868686868686
 30 373.7373737373737
 34 378.7878787878788
 1 383.8383838383838
 1 388.8888888888889
 287 393.9393939393939
 58 398.989898989899
 61 404.040404040404
 146 409.0909090909091
 115 414.1414141414141
 508 419.1919191919192
 28 424.2424242424242
 221 429.2929292929293
 155 434.3434343434343
 3 439.3939393939394
 53 444.4444444444444
 64 449.4949494949495
 58 454.5454545454545
 2 459.5959595959596
 0 464.6464646464646
 2 469.6969696969697
 1 474.7474747474747
 2 479.7979797979798
 25 484.8484848484848
 19 489.8989898989898
 71 494.9494949494949
 0 500


