# Created by Octave 3.8.2, Sun Jun 21 03:06:31 2020 CEST <damian@fptrucha.inv.usc.es>
# name: hd
# type: matrix
# rows: 100
# columns: 2
 3 0
 1 5.05050505050505
 0 10.1010101010101
 243 15.15151515151515
 1 20.2020202020202
 0 25.25252525252525
 160 30.3030303030303
 538 35.35353535353535
 551 40.4040404040404
 295 45.45454545454545
 113 50.50505050505051
 43 55.55555555555555
 0 60.6060606060606
 273 65.65656565656565
 181 70.7070707070707
 556 75.75757575757575
 1 80.8080808080808
 0 85.85858585858585
 51 90.90909090909091
 2 95.95959595959596
 4 101.010101010101
 190 106.060606060606
 197 111.1111111111111
 371 116.1616161616162
 194 121.2121212121212
 102 126.2626262626263
 0 131.3131313131313
 1 136.3636363636363
 67 141.4141414141414
 84 146.4646464646464
 475 151.5151515151515
 249 156.5656565656566
 2 161.6161616161616
 0 166.6666666666667
 55 171.7171717171717
 22 176.7676767676768
 0 181.8181818181818
 0 186.8686868686869
 191 191.9191919191919
 253 196.969696969697
 44 202.020202020202
 86 207.070707070707
 200 212.1212121212121
 79 217.1717171717171
 113 222.2222222222222
 216 227.2727272727273
 119 232.3232323232323
 0 237.3737373737374
 22 242.4242424242424
 136 247.4747474747475
 13 252.5252525252525
 118 257.5757575757576
 126 262.6262626262626
 29 267.6767676767677
 244 272.7272727272727
 122 277.7777777777778
 463 282.8282828282828
 194 287.8787878787879
 2 292.9292929292929
 1 297.979797979798
 0 303.030303030303
 190 308.0808080808081
 22 313.1313131313131
 51 318.1818181818182
 26 323.2323232323232
 42 328.2828282828282
 176 333.3333333333333
 61 338.3838383838383
 15 343.4343434343434
 210 348.4848484848484
 109 353.5353535353535
 37 358.5858585858585
 0 363.6363636363636
 34 368.6868686868686
 34 373.7373737373737
 37 378.7878787878788
 0 383.8383838383838
 2 388.8888888888889
 300 393.9393939393939
 51 398.989898989899
 76 404.040404040404
 155 409.0909090909091
 148 414.1414141414141
 587 419.1919191919192
 26 424.2424242424242
 206 429.2929292929293
 184 434.3434343434343
 6 439.3939393939394
 56 444.4444444444444
 63 449.4949494949495
 48 454.5454545454545
 1 459.5959595959596
 2 464.6464646464646
 3 469.6969696969697
 1 474.7474747474747
 0 479.7979797979798
 29 484.8484848484848
 21 489.8989898989898
 59 494.9494949494949
 0 500


