# Created by Octave 3.8.2, Mon Jun 22 16:17:11 2020 CEST <damian@fptrucha.inv.usc.es>
# name: hd
# type: matrix
# rows: 100
# columns: 2
 3 0
 3 5.05050505050505
 0 10.1010101010101
 301 15.15151515151515
 1 20.2020202020202
 0 25.25252525252525
 151 30.3030303030303
 529 35.35353535353535
 558 40.4040404040404
 327 45.45454545454545
 148 50.50505050505051
 80 55.55555555555555
 2 60.6060606060606
 300 65.65656565656565
 210 70.7070707070707
 535 75.75757575757575
 0 80.8080808080808
 3 85.85858585858585
 57 90.90909090909091
 5 95.95959595959596
 5 101.010101010101
 189 106.060606060606
 159 111.1111111111111
 404 116.1616161616162
 213 121.2121212121212
 70 126.2626262626263
 0 131.3131313131313
 2 136.3636363636363
 70 141.4141414141414
 103 146.4646464646464
 431 151.5151515151515
 253 156.5656565656566
 2 161.6161616161616
 0 166.6666666666667
 77 171.7171717171717
 24 176.7676767676768
 0 181.8181818181818
 1 186.8686868686869
 217 191.9191919191919
 257 196.969696969697
 48 202.020202020202
 102 207.070707070707
 209 212.1212121212121
 51 217.1717171717171
 102 222.2222222222222
 220 227.2727272727273
 134 232.3232323232323
 0 237.3737373737374
 26 242.4242424242424
 132 247.4747474747475
 21 252.5252525252525
 129 257.5757575757576
 136 262.6262626262626
 47 267.6767676767677
 295 272.7272727272727
 141 277.7777777777778
 459 282.8282828282828
 185 287.8787878787879
 3 292.9292929292929
 2 297.979797979798
 0 303.030303030303
 236 308.0808080808081
 30 313.1313131313131
 40 318.1818181818182
 39 323.2323232323232
 54 328.2828282828282
 201 333.3333333333333
 74 338.3838383838383
 26 343.4343434343434
 181 348.4848484848484
 121 353.5353535353535
 36 358.5858585858585
 3 363.6363636363636
 54 368.6868686868686
 34 373.7373737373737
 37 378.7878787878788
 0 383.8383838383838
 0 388.8888888888889
 325 393.9393939393939
 58 398.989898989899
 64 404.040404040404
 195 409.0909090909091
 161 414.1414141414141
 539 419.1919191919192
 22 424.2424242424242
 257 429.2929292929293
 189 434.3434343434343
 6 439.3939393939394
 63 444.4444444444444
 79 449.4949494949495
 36 454.5454545454545
 1 459.5959595959596
 2 464.6464646464646
 3 469.6969696969697
 0 474.7474747474747
 0 479.7979797979798
 24 484.8484848484848
 20 489.8989898989898
 62 494.9494949494949
 0 500


