# Created by Octave 3.8.2, Sat Jun 20 04:46:40 2020 CEST <damian@fptrucha.inv.usc.es>
# name: hd
# type: matrix
# rows: 100
# columns: 2
 1 0
 1 5.05050505050505
 2 10.1010101010101
 305 15.15151515151515
 0 20.2020202020202
 0 25.25252525252525
 169 30.3030303030303
 560 35.35353535353535
 667 40.4040404040404
 359 45.45454545454545
 151 50.50505050505051
 92 55.55555555555555
 0 60.6060606060606
 327 65.65656565656565
 212 70.7070707070707
 595 75.75757575757575
 2 80.8080808080808
 1 85.85858585858585
 72 90.90909090909091
 4 95.95959595959596
 1 101.010101010101
 186 106.060606060606
 188 111.1111111111111
 431 116.1616161616162
 200 121.2121212121212
 90 126.2626262626263
 1 131.3131313131313
 2 136.3636363636363
 78 141.4141414141414
 92 146.4646464646464
 496 151.5151515151515
 288 156.5656565656566
 1 161.6161616161616
 0 166.6666666666667
 84 171.7171717171717
 34 176.7676767676768
 0 181.8181818181818
 0 186.8686868686869
 197 191.9191919191919
 310 196.969696969697
 50 202.020202020202
 101 207.070707070707
 210 212.1212121212121
 64 217.1717171717171
 120 222.2222222222222
 245 227.2727272727273
 170 232.3232323232323
 0 237.3737373737374
 16 242.4242424242424
 136 247.4747474747475
 19 252.5252525252525
 133 257.5757575757576
 146 262.6262626262626
 36 267.6767676767677
 264 272.7272727272727
 139 277.7777777777778
 481 282.8282828282828
 247 287.8787878787879
 2 292.9292929292929
 0 297.979797979798
 2 303.030303030303
 217 308.0808080808081
 34 313.1313131313131
 46 318.1818181818182
 38 323.2323232323232
 50 328.2828282828282
 148 333.3333333333333
 79 338.3838383838383
 15 343.4343434343434
 193 348.4848484848484
 111 353.5353535353535
 26 358.5858585858585
 0 363.6363636363636
 49 368.6868686868686
 41 373.7373737373737
 44 378.7878787878788
 1 383.8383838383838
 0 388.8888888888889
 331 393.9393939393939
 68 398.989898989899
 90 404.040404040404
 183 409.0909090909091
 143 414.1414141414141
 624 419.1919191919192
 22 424.2424242424242
 249 429.2929292929293
 212 434.3434343434343
 8 439.3939393939394
 60 444.4444444444444
 98 449.4949494949495
 65 454.5454545454545
 1 459.5959595959596
 2 464.6464646464646
 0 469.6969696969697
 1 474.7474747474747
 3 479.7979797979798
 23 484.8484848484848
 25 489.8989898989898
 80 494.9494949494949
 0 500


