# Created by Octave 3.8.2, Sun Jun 21 06:55:27 2020 CEST <damian@fptrucha.inv.usc.es>
# name: hd
# type: matrix
# rows: 100
# columns: 2
 3 0
 0 5.05050505050505
 2 10.1010101010101
 261 15.15151515151515
 3 20.2020202020202
 0 25.25252525252525
 148 30.3030303030303
 467 35.35353535353535
 584 40.4040404040404
 267 45.45454545454545
 134 50.50505050505051
 56 55.55555555555555
 1 60.6060606060606
 234 65.65656565656565
 195 70.7070707070707
 584 75.75757575757575
 1 80.8080808080808
 1 85.85858585858585
 40 90.90909090909091
 1 95.95959595959596
 1 101.010101010101
 186 106.060606060606
 169 111.1111111111111
 373 116.1616161616162
 200 121.2121212121212
 83 126.2626262626263
 0 131.3131313131313
 0 136.3636363636363
 61 141.4141414141414
 86 146.4646464646464
 416 151.5151515151515
 281 156.5656565656566
 1 161.6161616161616
 1 166.6666666666667
 68 171.7171717171717
 28 176.7676767676768
 0 181.8181818181818
 0 186.8686868686869
 165 191.9191919191919
 263 196.969696969697
 39 202.020202020202
 87 207.070707070707
 188 212.1212121212121
 55 217.1717171717171
 110 222.2222222222222
 210 227.2727272727273
 130 232.3232323232323
 0 237.3737373737374
 19 242.4242424242424
 133 247.4747474747475
 14 252.5252525252525
 120 257.5757575757576
 120 262.6262626262626
 39 267.6767676767677
 261 272.7272727272727
 125 277.7777777777778
 407 282.8282828282828
 183 287.8787878787879
 1 292.9292929292929
 1 297.979797979798
 0 303.030303030303
 186 308.0808080808081
 21 313.1313131313131
 36 318.1818181818182
 26 323.2323232323232
 34 328.2828282828282
 182 333.3333333333333
 73 338.3838383838383
 9 343.4343434343434
 165 348.4848484848484
 99 353.5353535353535
 27 358.5858585858585
 0 363.6363636363636
 37 368.6868686868686
 29 373.7373737373737
 31 378.7878787878788
 0 383.8383838383838
 0 388.8888888888889
 330 393.9393939393939
 45 398.989898989899
 55 404.040404040404
 151 409.0909090909091
 125 414.1414141414141
 596 419.1919191919192
 11 424.2424242424242
 217 429.2929292929293
 174 434.3434343434343
 1 439.3939393939394
 54 444.4444444444444
 61 449.4949494949495
 46 454.5454545454545
 2 459.5959595959596
 0 464.6464646464646
 1 469.6969696969697
 0 474.7474747474747
 3 479.7979797979798
 23 484.8484848484848
 21 489.8989898989898
 80 494.9494949494949
 0 500


