# Created by Octave 3.8.2, Sun Jun 21 01:29:12 2020 CEST <damian@fptrucha.inv.usc.es>
# name: hd
# type: matrix
# rows: 100
# columns: 2
 0 0
 1 5.05050505050505
 0 10.1010101010101
 284 15.15151515151515
 0 20.2020202020202
 1 25.25252525252525
 143 30.3030303030303
 475 35.35353535353535
 596 40.4040404040404
 327 45.45454545454545
 126 50.50505050505051
 74 55.55555555555555
 1 60.6060606060606
 263 65.65656565656565
 174 70.7070707070707
 541 75.75757575757575
 6 80.8080808080808
 0 85.85858585858585
 60 90.90909090909091
 0 95.95959595959596
 4 101.010101010101
 202 106.060606060606
 161 111.1111111111111
 399 116.1616161616162
 213 121.2121212121212
 95 126.2626262626263
 1 131.3131313131313
 1 136.3636363636363
 66 141.4141414141414
 67 146.4646464646464
 399 151.5151515151515
 267 156.5656565656566
 2 161.6161616161616
 0 166.6666666666667
 77 171.7171717171717
 27 176.7676767676768
 0 181.8181818181818
 1 186.8686868686869
 183 191.9191919191919
 247 196.969696969697
 47 202.020202020202
 90 207.070707070707
 189 212.1212121212121
 65 217.1717171717171
 91 222.2222222222222
 235 227.2727272727273
 134 232.3232323232323
 0 237.3737373737374
 18 242.4242424242424
 111 247.4747474747475
 12 252.5252525252525
 117 257.5757575757576
 123 262.6262626262626
 31 267.6767676767677
 250 272.7272727272727
 128 277.7777777777778
 479 282.8282828282828
 221 287.8787878787879
 1 292.9292929292929
 0 297.979797979798
 0 303.030303030303
 202 308.0808080808081
 28 313.1313131313131
 48 318.1818181818182
 24 323.2323232323232
 40 328.2828282828282
 177 333.3333333333333
 53 338.3838383838383
 14 343.4343434343434
 167 348.4848484848484
 102 353.5353535353535
 21 358.5858585858585
 2 363.6363636363636
 41 368.6868686868686
 30 373.7373737373737
 33 378.7878787878788
 0 383.8383838383838
 1 388.8888888888889
 299 393.9393939393939
 51 398.989898989899
 71 404.040404040404
 166 409.0909090909091
 126 414.1414141414141
 587 419.1919191919192
 17 424.2424242424242
 237 429.2929292929293
 173 434.3434343434343
 3 439.3939393939394
 59 444.4444444444444
 78 449.4949494949495
 50 454.5454545454545
 1 459.5959595959596
 0 464.6464646464646
 1 469.6969696969697
 1 474.7474747474747
 1 479.7979797979798
 22 484.8484848484848
 26 489.8989898989898
 65 494.9494949494949
 0 500


