# Created by Octave 3.8.2, Mon Jun 22 04:22:49 2020 CEST <damian@fptrucha.inv.usc.es>
# name: hd
# type: matrix
# rows: 100
# columns: 2
 3 0
 5 5.05050505050505
 0 10.1010101010101
 276 15.15151515151515
 4 20.2020202020202
 2 25.25252525252525
 149 30.3030303030303
 480 35.35353535353535
 515 40.4040404040404
 276 45.45454545454545
 103 50.50505050505051
 58 55.55555555555555
 2 60.6060606060606
 255 65.65656565656565
 179 70.7070707070707
 467 75.75757575757575
 2 80.8080808080808
 2 85.85858585858585
 53 90.90909090909091
 5 95.95959595959596
 3 101.010101010101
 168 106.060606060606
 175 111.1111111111111
 331 116.1616161616162
 165 121.2121212121212
 63 126.2626262626263
 1 131.3131313131313
 2 136.3636363636363
 54 141.4141414141414
 88 146.4646464646464
 381 151.5151515151515
 214 156.5656565656566
 4 161.6161616161616
 2 166.6666666666667
 55 171.7171717171717
 32 176.7676767676768
 1 181.8181818181818
 0 186.8686868686869
 179 191.9191919191919
 235 196.969696969697
 45 202.020202020202
 79 207.070707070707
 145 212.1212121212121
 49 217.1717171717171
 98 222.2222222222222
 188 227.2727272727273
 96 232.3232323232323
 1 237.3737373737374
 17 242.4242424242424
 137 247.4747474747475
 21 252.5252525252525
 87 257.5757575757576
 109 262.6262626262626
 45 267.6767676767677
 246 272.7272727272727
 141 277.7777777777778
 385 282.8282828282828
 192 287.8787878787879
 1 292.9292929292929
 1 297.979797979798
 1 303.030303030303
 180 308.0808080808081
 30 313.1313131313131
 34 318.1818181818182
 24 323.2323232323232
 30 328.2828282828282
 173 333.3333333333333
 61 338.3838383838383
 20 343.4343434343434
 149 348.4848484848484
 93 353.5353535353535
 29 358.5858585858585
 2 363.6363636363636
 40 368.6868686868686
 20 373.7373737373737
 27 378.7878787878788
 1 383.8383838383838
 2 388.8888888888889
 264 393.9393939393939
 62 398.989898989899
 62 404.040404040404
 160 409.0909090909091
 129 414.1414141414141
 479 419.1919191919192
 19 424.2424242424242
 219 429.2929292929293
 168 434.3434343434343
 2 439.3939393939394
 51 444.4444444444444
 70 449.4949494949495
 62 454.5454545454545
 1 459.5959595959596
 0 464.6464646464646
 1 469.6969696969697
 1 474.7474747474747
 0 479.7979797979798
 24 484.8484848484848
 14 489.8989898989898
 70 494.9494949494949
 0 500


