# Created by Octave 3.8.2, Mon Jun 22 05:50:28 2020 CEST <damian@fptrucha.inv.usc.es>
# name: hd
# type: matrix
# rows: 100
# columns: 2
 2 0
 1 5.05050505050505
 3 10.1010101010101
 273 15.15151515151515
 4 20.2020202020202
 2 25.25252525252525
 143 30.3030303030303
 460 35.35353535353535
 527 40.4040404040404
 306 45.45454545454545
 129 50.50505050505051
 72 55.55555555555555
 1 60.6060606060606
 265 65.65656565656565
 191 70.7070707070707
 531 75.75757575757575
 2 80.8080808080808
 3 85.85858585858585
 52 90.90909090909091
 7 95.95959595959596
 6 101.010101010101
 178 106.060606060606
 167 111.1111111111111
 372 116.1616161616162
 183 121.2121212121212
 66 126.2626262626263
 3 131.3131313131313
 1 136.3636363636363
 58 141.4141414141414
 90 146.4646464646464
 444 151.5151515151515
 246 156.5656565656566
 2 161.6161616161616
 2 166.6666666666667
 70 171.7171717171717
 35 176.7676767676768
 1 181.8181818181818
 0 186.8686868686869
 159 191.9191919191919
 184 196.969696969697
 41 202.020202020202
 99 207.070707070707
 183 212.1212121212121
 49 217.1717171717171
 91 222.2222222222222
 222 227.2727272727273
 134 232.3232323232323
 0 237.3737373737374
 26 242.4242424242424
 131 247.4747474747475
 18 252.5252525252525
 114 257.5757575757576
 116 262.6262626262626
 38 267.6767676767677
 238 272.7272727272727
 139 277.7777777777778
 411 282.8282828282828
 170 287.8787878787879
 1 292.9292929292929
 4 297.979797979798
 1 303.030303030303
 190 308.0808080808081
 21 313.1313131313131
 44 318.1818181818182
 26 323.2323232323232
 48 328.2828282828282
 144 333.3333333333333
 61 338.3838383838383
 18 343.4343434343434
 189 348.4848484848484
 85 353.5353535353535
 27 358.5858585858585
 1 363.6363636363636
 52 368.6868686868686
 39 373.7373737373737
 39 378.7878787878788
 0 383.8383838383838
 3 388.8888888888889
 291 393.9393939393939
 62 398.989898989899
 73 404.040404040404
 150 409.0909090909091
 143 414.1414141414141
 535 419.1919191919192
 19 424.2424242424242
 230 429.2929292929293
 181 434.3434343434343
 3 439.3939393939394
 44 444.4444444444444
 73 449.4949494949495
 51 454.5454545454545
 3 459.5959595959596
 1 464.6464646464646
 3 469.6969696969697
 1 474.7474747474747
 1 479.7979797979798
 29 484.8484848484848
 18 489.8989898989898
 66 494.9494949494949
 0 500


