# Created by Octave 3.8.2, Sat Jun 20 15:17:34 2020 CEST <damian@fptrucha.inv.usc.es>
# name: hd
# type: matrix
# rows: 100
# columns: 2
 0 0
 2 5.05050505050505
 1 10.1010101010101
 294 15.15151515151515
 2 20.2020202020202
 0 25.25252525252525
 162 30.3030303030303
 488 35.35353535353535
 659 40.4040404040404
 312 45.45454545454545
 119 50.50505050505051
 59 55.55555555555555
 1 60.6060606060606
 282 65.65656565656565
 192 70.7070707070707
 589 75.75757575757575
 1 80.8080808080808
 0 85.85858585858585
 51 90.90909090909091
 6 95.95959595959596
 3 101.010101010101
 199 106.060606060606
 199 111.1111111111111
 376 116.1616161616162
 175 121.2121212121212
 86 126.2626262626263
 0 131.3131313131313
 0 136.3636363636363
 61 141.4141414141414
 75 146.4646464646464
 439 151.5151515151515
 270 156.5656565656566
 2 161.6161616161616
 1 166.6666666666667
 96 171.7171717171717
 37 176.7676767676768
 0 181.8181818181818
 1 186.8686868686869
 178 191.9191919191919
 302 196.969696969697
 48 202.020202020202
 99 207.070707070707
 191 212.1212121212121
 74 217.1717171717171
 120 222.2222222222222
 188 227.2727272727273
 123 232.3232323232323
 0 237.3737373737374
 25 242.4242424242424
 138 247.4747474747475
 15 252.5252525252525
 124 257.5757575757576
 116 262.6262626262626
 44 267.6767676767677
 270 272.7272727272727
 147 277.7777777777778
 468 282.8282828282828
 187 287.8787878787879
 2 292.9292929292929
 1 297.979797979798
 1 303.030303030303
 212 308.0808080808081
 21 313.1313131313131
 47 318.1818181818182
 33 323.2323232323232
 43 328.2828282828282
 165 333.3333333333333
 54 338.3838383838383
 18 343.4343434343434
 218 348.4848484848484
 98 353.5353535353535
 25 358.5858585858585
 1 363.6363636363636
 54 368.6868686868686
 50 373.7373737373737
 40 378.7878787878788
 1 383.8383838383838
 1 388.8888888888889
 352 393.9393939393939
 48 398.989898989899
 56 404.040404040404
 152 409.0909090909091
 130 414.1414141414141
 572 419.1919191919192
 17 424.2424242424242
 245 429.2929292929293
 203 434.3434343434343
 3 439.3939393939394
 61 444.4444444444444
 80 449.4949494949495
 53 454.5454545454545
 2 459.5959595959596
 1 464.6464646464646
 2 469.6969696969697
 3 474.7474747474747
 0 479.7979797979798
 13 484.8484848484848
 20 489.8989898989898
 77 494.9494949494949
 0 500


