# Created by Octave 3.8.2, Mon Jun 22 13:53:18 2020 CEST <damian@fptrucha.inv.usc.es>
# name: hd
# type: matrix
# rows: 100
# columns: 2
 3 0
 5 5.05050505050505
 3 10.1010101010101
 314 15.15151515151515
 4 20.2020202020202
 1 25.25252525252525
 149 30.3030303030303
 516 35.35353535353535
 539 40.4040404040404
 315 45.45454545454545
 149 50.50505050505051
 69 55.55555555555555
 0 60.6060606060606
 279 65.65656565656565
 230 70.7070707070707
 558 75.75757575757575
 2 80.8080808080808
 0 85.85858585858585
 58 90.90909090909091
 6 95.95959595959596
 4 101.010101010101
 210 106.060606060606
 186 111.1111111111111
 373 116.1616161616162
 207 121.2121212121212
 88 126.2626262626263
 2 131.3131313131313
 1 136.3636363636363
 84 141.4141414141414
 105 146.4646464646464
 434 151.5151515151515
 242 156.5656565656566
 3 161.6161616161616
 2 166.6666666666667
 78 171.7171717171717
 38 176.7676767676768
 1 181.8181818181818
 3 186.8686868686869
 171 191.9191919191919
 269 196.969696969697
 49 202.020202020202
 91 207.070707070707
 178 212.1212121212121
 70 217.1717171717171
 93 222.2222222222222
 225 227.2727272727273
 152 232.3232323232323
 1 237.3737373737374
 23 242.4242424242424
 124 247.4747474747475
 21 252.5252525252525
 92 257.5757575757576
 100 262.6262626262626
 47 267.6767676767677
 270 272.7272727272727
 137 277.7777777777778
 425 282.8282828282828
 210 287.8787878787879
 0 292.9292929292929
 1 297.979797979798
 1 303.030303030303
 214 308.0808080808081
 34 313.1313131313131
 34 318.1818181818182
 35 323.2323232323232
 27 328.2828282828282
 168 333.3333333333333
 80 338.3838383838383
 25 343.4343434343434
 182 348.4848484848484
 125 353.5353535353535
 22 358.5858585858585
 2 363.6363636363636
 52 368.6868686868686
 39 373.7373737373737
 43 378.7878787878788
 1 383.8383838383838
 0 388.8888888888889
 340 393.9393939393939
 62 398.989898989899
 62 404.040404040404
 169 409.0909090909091
 165 414.1414141414141
 534 419.1919191919192
 15 424.2424242424242
 222 429.2929292929293
 178 434.3434343434343
 5 439.3939393939394
 63 444.4444444444444
 86 449.4949494949495
 50 454.5454545454545
 1 459.5959595959596
 1 464.6464646464646
 1 469.6969696969697
 1 474.7474747474747
 2 479.7979797979798
 18 484.8484848484848
 25 489.8989898989898
 67 494.9494949494949
 0 500


