# Created by Octave 3.8.2, Sat Jun 20 16:22:43 2020 CEST <damian@fptrucha.inv.usc.es>
# name: hd
# type: matrix
# rows: 100
# columns: 2
 1 0
 1 5.05050505050505
 0 10.1010101010101
 305 15.15151515151515
 2 20.2020202020202
 2 25.25252525252525
 160 30.3030303030303
 509 35.35353535353535
 599 40.4040404040404
 320 45.45454545454545
 143 50.50505050505051
 76 55.55555555555555
 0 60.6060606060606
 299 65.65656565656565
 195 70.7070707070707
 568 75.75757575757575
 0 80.8080808080808
 0 85.85858585858585
 72 90.90909090909091
 6 95.95959595959596
 1 101.010101010101
 175 106.060606060606
 161 111.1111111111111
 392 116.1616161616162
 216 121.2121212121212
 104 126.2626262626263
 0 131.3131313131313
 0 136.3636363636363
 79 141.4141414141414
 101 146.4646464646464
 442 151.5151515151515
 278 156.5656565656566
 1 161.6161616161616
 2 166.6666666666667
 60 171.7171717171717
 36 176.7676767676768
 0 181.8181818181818
 0 186.8686868686869
 187 191.9191919191919
 284 196.969696969697
 44 202.020202020202
 95 207.070707070707
 192 212.1212121212121
 64 217.1717171717171
 97 222.2222222222222
 221 227.2727272727273
 141 232.3232323232323
 0 237.3737373737374
 25 242.4242424242424
 137 247.4747474747475
 22 252.5252525252525
 127 257.5757575757576
 144 262.6262626262626
 32 267.6767676767677
 265 272.7272727272727
 136 277.7777777777778
 467 282.8282828282828
 202 287.8787878787879
 1 292.9292929292929
 0 297.979797979798
 0 303.030303030303
 218 308.0808080808081
 22 313.1313131313131
 33 318.1818181818182
 32 323.2323232323232
 44 328.2828282828282
 168 333.3333333333333
 50 338.3838383838383
 18 343.4343434343434
 190 348.4848484848484
 110 353.5353535353535
 32 358.5858585858585
 2 363.6363636363636
 56 368.6868686868686
 39 373.7373737373737
 33 378.7878787878788
 1 383.8383838383838
 0 388.8888888888889
 296 393.9393939393939
 47 398.989898989899
 56 404.040404040404
 176 409.0909090909091
 139 414.1414141414141
 563 419.1919191919192
 27 424.2424242424242
 238 429.2929292929293
 205 434.3434343434343
 3 439.3939393939394
 62 444.4444444444444
 67 449.4949494949495
 60 454.5454545454545
 0 459.5959595959596
 0 464.6464646464646
 0 469.6969696969697
 0 474.7474747474747
 2 479.7979797979798
 17 484.8484848484848
 11 489.8989898989898
 72 494.9494949494949
 0 500


