# Created by Octave 3.8.2, Mon Jun 22 02:26:56 2020 CEST <damian@fptrucha.inv.usc.es>
# name: hd
# type: matrix
# rows: 100
# columns: 2
 2 0
 0 5.05050505050505
 2 10.1010101010101
 17 15.15151515151515
 1 20.2020202020202
 3 25.25252525252525
 25 30.3030303030303
 4 35.35353535353535
 50 40.4040404040404
 17 45.45454545454545
 8 50.50505050505051
 3 55.55555555555555
 1 60.6060606060606
 9 65.65656565656565
 21 70.7070707070707
 70 75.75757575757575
 1 80.8080808080808
 0 85.85858585858585
 8 90.90909090909091
 0 95.95959595959596
 2 101.010101010101
 18 106.060606060606
 18 111.1111111111111
 48 116.1616161616162
 8 121.2121212121212
 3 126.2626262626263
 0 131.3131313131313
 0 136.3636363636363
 2 141.4141414141414
 2 146.4646464646464
 12 151.5151515151515
 45 156.5656565656566
 2 161.6161616161616
 0 166.6666666666667
 10 171.7171717171717
 2 176.7676767676768
 0 181.8181818181818
 0 186.8686868686869
 21 191.9191919191919
 55 196.969696969697
 5 202.020202020202
 3 207.070707070707
 12 212.1212121212121
 12 217.1717171717171
 16 222.2222222222222
 19 227.2727272727273
 17 232.3232323232323
 1 237.3737373737374
 0 242.4242424242424
 0 247.4747474747475
 1 252.5252525252525
 4 257.5757575757576
 9 262.6262626262626
 1 267.6767676767677
 3 272.7272727272727
 9 277.7777777777778
 23 282.8282828282828
 2 287.8787878787879
 1 292.9292929292929
 1 297.979797979798
 0 303.030303030303
 5 308.0808080808081
 3 313.1313131313131
 2 318.1818181818182
 3 323.2323232323232
 1 328.2828282828282
 6 333.3333333333333
 5 338.3838383838383
 1 343.4343434343434
 17 348.4848484848484
 1 353.5353535353535
 0 358.5858585858585
 0 363.6363636363636
 0 368.6868686868686
 0 373.7373737373737
 1 378.7878787878788
 2 383.8383838383838
 0 388.8888888888889
 6 393.9393939393939
 4 398.989898989899
 0 404.040404040404
 10 409.0909090909091
 1 414.1414141414141
 10 419.1919191919192
 0 424.2424242424242
 27 429.2929292929293
 21 434.3434343434343
 0 439.3939393939394
 1 444.4444444444444
 5 449.4949494949495
 0 454.5454545454545
 0 459.5959595959596
 1 464.6464646464646
 1 469.6969696969697
 1 474.7474747474747
 2 479.7979797979798
 2 484.8484848484848
 13 489.8989898989898
 11 494.9494949494949
 0 500


