# Created by Octave 3.8.2, Mon Jun 22 06:19:50 2020 CEST <damian@fptrucha.inv.usc.es>
# name: hd
# type: matrix
# rows: 100
# columns: 2
 3 0
 6 5.05050505050505
 4 10.1010101010101
 260 15.15151515151515
 8 20.2020202020202
 1 25.25252525252525
 160 30.3030303030303
 511 35.35353535353535
 564 40.4040404040404
 288 45.45454545454545
 136 50.50505050505051
 66 55.55555555555555
 1 60.6060606060606
 237 65.65656565656565
 208 70.7070707070707
 555 75.75757575757575
 0 80.8080808080808
 1 85.85858585858585
 55 90.90909090909091
 6 95.95959595959596
 5 101.010101010101
 181 106.060606060606
 156 111.1111111111111
 407 116.1616161616162
 158 121.2121212121212
 75 126.2626262626263
 0 131.3131313131313
 1 136.3636363636363
 59 141.4141414141414
 99 146.4646464646464
 429 151.5151515151515
 267 156.5656565656566
 4 161.6161616161616
 0 166.6666666666667
 66 171.7171717171717
 37 176.7676767676768
 2 181.8181818181818
 4 186.8686868686869
 209 191.9191919191919
 251 196.969696969697
 36 202.020202020202
 94 207.070707070707
 167 212.1212121212121
 50 217.1717171717171
 101 222.2222222222222
 237 227.2727272727273
 142 232.3232323232323
 0 237.3737373737374
 19 242.4242424242424
 121 247.4747474747475
 19 252.5252525252525
 86 257.5757575757576
 115 262.6262626262626
 34 267.6767676767677
 283 272.7272727272727
 122 277.7777777777778
 438 282.8282828282828
 194 287.8787878787879
 2 292.9292929292929
 1 297.979797979798
 1 303.030303030303
 184 308.0808080808081
 21 313.1313131313131
 36 318.1818181818182
 27 323.2323232323232
 55 328.2828282828282
 166 333.3333333333333
 73 338.3838383838383
 23 343.4343434343434
 176 348.4848484848484
 95 353.5353535353535
 32 358.5858585858585
 6 363.6363636363636
 48 368.6868686868686
 25 373.7373737373737
 36 378.7878787878788
 2 383.8383838383838
 0 388.8888888888889
 286 393.9393939393939
 60 398.989898989899
 52 404.040404040404
 179 409.0909090909091
 133 414.1414141414141
 548 419.1919191919192
 25 424.2424242424242
 215 429.2929292929293
 144 434.3434343434343
 2 439.3939393939394
 47 444.4444444444444
 73 449.4949494949495
 66 454.5454545454545
 0 459.5959595959596
 1 464.6464646464646
 0 469.6969696969697
 0 474.7474747474747
 3 479.7979797979798
 19 484.8484848484848
 22 489.8989898989898
 74 494.9494949494949
 0 500


