# Created by Octave 3.8.2, Mon Jun 22 21:07:15 2020 CEST <damian@fptrucha.inv.usc.es>
# name: hd
# type: matrix
# rows: 100
# columns: 2
 2 0
 5 5.05050505050505
 0 10.1010101010101
 314 15.15151515151515
 3 20.2020202020202
 0 25.25252525252525
 170 30.3030303030303
 584 35.35353535353535
 658 40.4040404040404
 341 45.45454545454545
 139 50.50505050505051
 70 55.55555555555555
 1 60.6060606060606
 285 65.65656565656565
 201 70.7070707070707
 564 75.75757575757575
 3 80.8080808080808
 2 85.85858585858585
 71 90.90909090909091
 3 95.95959595959596
 7 101.010101010101
 177 106.060606060606
 180 111.1111111111111
 393 116.1616161616162
 210 121.2121212121212
 95 126.2626262626263
 1 131.3131313131313
 0 136.3636363636363
 79 141.4141414141414
 112 146.4646464646464
 481 151.5151515151515
 265 156.5656565656566
 2 161.6161616161616
 0 166.6666666666667
 67 171.7171717171717
 40 176.7676767676768
 1 181.8181818181818
 1 186.8686868686869
 204 191.9191919191919
 271 196.969696969697
 35 202.020202020202
 115 207.070707070707
 182 212.1212121212121
 63 217.1717171717171
 109 222.2222222222222
 256 227.2727272727273
 146 232.3232323232323
 1 237.3737373737374
 25 242.4242424242424
 174 247.4747474747475
 25 252.5252525252525
 121 257.5757575757576
 127 262.6262626262626
 46 267.6767676767677
 271 272.7272727272727
 135 277.7777777777778
 479 282.8282828282828
 206 287.8787878787879
 1 292.9292929292929
 1 297.979797979798
 0 303.030303030303
 209 308.0808080808081
 26 313.1313131313131
 48 318.1818181818182
 28 323.2323232323232
 40 328.2828282828282
 180 333.3333333333333
 63 338.3838383838383
 15 343.4343434343434
 200 348.4848484848484
 109 353.5353535353535
 34 358.5858585858585
 1 363.6363636363636
 58 368.6868686868686
 52 373.7373737373737
 37 378.7878787878788
 4 383.8383838383838
 1 388.8888888888889
 329 393.9393939393939
 54 398.989898989899
 54 404.040404040404
 223 409.0909090909091
 151 414.1414141414141
 564 419.1919191919192
 25 424.2424242424242
 228 429.2929292929293
 171 434.3434343434343
 3 439.3939393939394
 53 444.4444444444444
 76 449.4949494949495
 50 454.5454545454545
 1 459.5959595959596
 2 464.6464646464646
 0 469.6969696969697
 0 474.7474747474747
 3 479.7979797979798
 24 484.8484848484848
 24 489.8989898989898
 80 494.9494949494949
 0 500


