# Created by Octave 3.8.2, Sat Jun 20 02:48:25 2020 CEST <damian@fptrucha.inv.usc.es>
# name: hd
# type: matrix
# rows: 100
# columns: 2
 1 0
 4 5.05050505050505
 0 10.1010101010101
 305 15.15151515151515
 0 20.2020202020202
 0 25.25252525252525
 163 30.3030303030303
 518 35.35353535353535
 658 40.4040404040404
 332 45.45454545454545
 155 50.50505050505051
 67 55.55555555555555
 1 60.6060606060606
 292 65.65656565656565
 252 70.7070707070707
 586 75.75757575757575
 2 80.8080808080808
 0 85.85858585858585
 53 90.90909090909091
 6 95.95959595959596
 3 101.010101010101
 189 106.060606060606
 210 111.1111111111111
 443 116.1616161616162
 222 121.2121212121212
 83 126.2626262626263
 2 131.3131313131313
 0 136.3636363636363
 72 141.4141414141414
 97 146.4646464646464
 514 151.5151515151515
 317 156.5656565656566
 1 161.6161616161616
 1 166.6666666666667
 76 171.7171717171717
 28 176.7676767676768
 0 181.8181818181818
 0 186.8686868686869
 208 191.9191919191919
 251 196.969696969697
 48 202.020202020202
 94 207.070707070707
 201 212.1212121212121
 71 217.1717171717171
 101 222.2222222222222
 281 227.2727272727273
 116 232.3232323232323
 1 237.3737373737374
 19 242.4242424242424
 143 247.4747474747475
 23 252.5252525252525
 119 257.5757575757576
 117 262.6262626262626
 47 267.6767676767677
 254 272.7272727272727
 161 277.7777777777778
 483 282.8282828282828
 212 287.8787878787879
 1 292.9292929292929
 0 297.979797979798
 0 303.030303030303
 233 308.0808080808081
 23 313.1313131313131
 48 318.1818181818182
 36 323.2323232323232
 40 328.2828282828282
 177 333.3333333333333
 77 338.3838383838383
 24 343.4343434343434
 197 348.4848484848484
 124 353.5353535353535
 33 358.5858585858585
 0 363.6363636363636
 45 368.6868686868686
 34 373.7373737373737
 39 378.7878787878788
 0 383.8383838383838
 1 388.8888888888889
 323 393.9393939393939
 65 398.989898989899
 68 404.040404040404
 165 409.0909090909091
 144 414.1414141414141
 631 419.1919191919192
 24 424.2424242424242
 260 429.2929292929293
 211 434.3434343434343
 2 439.3939393939394
 56 444.4444444444444
 83 449.4949494949495
 56 454.5454545454545
 0 459.5959595959596
 0 464.6464646464646
 2 469.6969696969697
 4 474.7474747474747
 1 479.7979797979798
 16 484.8484848484848
 15 489.8989898989898
 57 494.9494949494949
 0 500


