# Created by Octave 3.8.2, Mon Jun 22 10:36:58 2020 CEST <damian@fptrucha.inv.usc.es>
# name: hd
# type: matrix
# rows: 100
# columns: 2
 4 0
 1 5.05050505050505
 1 10.1010101010101
 219 15.15151515151515
 4 20.2020202020202
 0 25.25252525252525
 115 30.3030303030303
 341 35.35353535353535
 377 40.4040404040404
 209 45.45454545454545
 86 50.50505050505051
 47 55.55555555555555
 2 60.6060606060606
 177 65.65656565656565
 133 70.7070707070707
 379 75.75757575757575
 0 80.8080808080808
 0 85.85858585858585
 44 90.90909090909091
 2 95.95959595959596
 3 101.010101010101
 115 106.060606060606
 118 111.1111111111111
 263 116.1616161616162
 128 121.2121212121212
 55 126.2626262626263
 1 131.3131313131313
 2 136.3636363636363
 51 141.4141414141414
 48 146.4646464646464
 259 151.5151515151515
 198 156.5656565656566
 3 161.6161616161616
 0 166.6666666666667
 44 171.7171717171717
 23 176.7676767676768
 1 181.8181818181818
 0 186.8686868686869
 110 191.9191919191919
 181 196.969696969697
 31 202.020202020202
 57 207.070707070707
 113 212.1212121212121
 46 217.1717171717171
 66 222.2222222222222
 124 227.2727272727273
 95 232.3232323232323
 1 237.3737373737374
 18 242.4242424242424
 94 247.4747474747475
 15 252.5252525252525
 79 257.5757575757576
 106 262.6262626262626
 15 267.6767676767677
 187 272.7272727272727
 104 277.7777777777778
 292 282.8282828282828
 150 287.8787878787879
 1 292.9292929292929
 1 297.979797979798
 0 303.030303030303
 151 308.0808080808081
 19 313.1313131313131
 35 318.1818181818182
 22 323.2323232323232
 31 328.2828282828282
 102 333.3333333333333
 45 338.3838383838383
 12 343.4343434343434
 121 348.4848484848484
 58 353.5353535353535
 17 358.5858585858585
 1 363.6363636363636
 30 368.6868686868686
 23 373.7373737373737
 21 378.7878787878788
 0 383.8383838383838
 1 388.8888888888889
 213 393.9393939393939
 33 398.989898989899
 35 404.040404040404
 89 409.0909090909091
 79 414.1414141414141
 335 419.1919191919192
 15 424.2424242424242
 156 429.2929292929293
 135 434.3434343434343
 3 439.3939393939394
 40 444.4444444444444
 48 449.4949494949495
 33 454.5454545454545
 1 459.5959595959596
 3 464.6464646464646
 1 469.6969696969697
 0 474.7474747474747
 0 479.7979797979798
 12 484.8484848484848
 11 489.8989898989898
 30 494.9494949494949
 0 500


