# Created by Octave 3.8.2, Mon Jun 22 16:33:22 2020 CEST <damian@fptrucha.inv.usc.es>
# name: hd
# type: matrix
# rows: 100
# columns: 2
 1 0
 4 5.05050505050505
 2 10.1010101010101
 294 15.15151515151515
 5 20.2020202020202
 2 25.25252525252525
 145 30.3030303030303
 537 35.35353535353535
 598 40.4040404040404
 314 45.45454545454545
 131 50.50505050505051
 70 55.55555555555555
 2 60.6060606060606
 286 65.65656565656565
 193 70.7070707070707
 570 75.75757575757575
 1 80.8080808080808
 4 85.85858585858585
 83 90.90909090909091
 6 95.95959595959596
 5 101.010101010101
 190 106.060606060606
 169 111.1111111111111
 446 116.1616161616162
 200 121.2121212121212
 66 126.2626262626263
 0 131.3131313131313
 3 136.3636363636363
 77 141.4141414141414
 97 146.4646464646464
 475 151.5151515151515
 241 156.5656565656566
 3 161.6161616161616
 2 166.6666666666667
 68 171.7171717171717
 37 176.7676767676768
 1 181.8181818181818
 2 186.8686868686869
 191 191.9191919191919
 251 196.969696969697
 40 202.020202020202
 108 207.070707070707
 174 212.1212121212121
 49 217.1717171717171
 105 222.2222222222222
 217 227.2727272727273
 145 232.3232323232323
 1 237.3737373737374
 23 242.4242424242424
 134 247.4747474747475
 21 252.5252525252525
 129 257.5757575757576
 143 262.6262626262626
 42 267.6767676767677
 266 272.7272727272727
 175 277.7777777777778
 476 282.8282828282828
 212 287.8787878787879
 2 292.9292929292929
 0 297.979797979798
 0 303.030303030303
 206 308.0808080808081
 24 313.1313131313131
 46 318.1818181818182
 40 323.2323232323232
 39 328.2828282828282
 183 333.3333333333333
 70 338.3838383838383
 22 343.4343434343434
 169 348.4848484848484
 85 353.5353535353535
 27 358.5858585858585
 1 363.6363636363636
 54 368.6868686868686
 37 373.7373737373737
 36 378.7878787878788
 1 383.8383838383838
 1 388.8888888888889
 281 393.9393939393939
 65 398.989898989899
 70 404.040404040404
 179 409.0909090909091
 137 414.1414141414141
 577 419.1919191919192
 18 424.2424242424242
 256 429.2929292929293
 186 434.3434343434343
 1 439.3939393939394
 59 444.4444444444444
 75 449.4949494949495
 52 454.5454545454545
 1 459.5959595959596
 2 464.6464646464646
 0 469.6969696969697
 0 474.7474747474747
 0 479.7979797979798
 17 484.8484848484848
 25 489.8989898989898
 69 494.9494949494949
 0 500


