# Created by Octave 3.8.2, Sat Jun 20 05:32:46 2020 CEST <damian@fptrucha.inv.usc.es>
# name: hd
# type: matrix
# rows: 100
# columns: 2
 3 0
 2 5.05050505050505
 2 10.1010101010101
 313 15.15151515151515
 2 20.2020202020202
 2 25.25252525252525
 183 30.3030303030303
 537 35.35353535353535
 647 40.4040404040404
 333 45.45454545454545
 156 50.50505050505051
 65 55.55555555555555
 4 60.6060606060606
 298 65.65656565656565
 243 70.7070707070707
 641 75.75757575757575
 4 80.8080808080808
 3 85.85858585858585
 77 90.90909090909091
 2 95.95959595959596
 1 101.010101010101
 206 106.060606060606
 198 111.1111111111111
 468 116.1616161616162
 240 121.2121212121212
 92 126.2626262626263
 2 131.3131313131313
 2 136.3636363636363
 75 141.4141414141414
 103 146.4646464646464
 510 151.5151515151515
 292 156.5656565656566
 1 161.6161616161616
 3 166.6666666666667
 49 171.7171717171717
 25 176.7676767676768
 0 181.8181818181818
 0 186.8686868686869
 184 191.9191919191919
 275 196.969696969697
 57 202.020202020202
 107 207.070707070707
 222 212.1212121212121
 76 217.1717171717171
 103 222.2222222222222
 263 227.2727272727273
 160 232.3232323232323
 0 237.3737373737374
 23 242.4242424242424
 140 247.4747474747475
 18 252.5252525252525
 150 257.5757575757576
 132 262.6262626262626
 35 267.6767676767677
 288 272.7272727272727
 186 277.7777777777778
 510 282.8282828282828
 218 287.8787878787879
 3 292.9292929292929
 1 297.979797979798
 1 303.030303030303
 247 308.0808080808081
 24 313.1313131313131
 43 318.1818181818182
 48 323.2323232323232
 49 328.2828282828282
 179 333.3333333333333
 70 338.3838383838383
 23 343.4343434343434
 217 348.4848484848484
 130 353.5353535353535
 34 358.5858585858585
 1 363.6363636363636
 51 368.6868686868686
 47 373.7373737373737
 47 378.7878787878788
 3 383.8383838383838
 0 388.8888888888889
 355 393.9393939393939
 61 398.989898989899
 79 404.040404040404
 215 409.0909090909091
 149 414.1414141414141
 616 419.1919191919192
 24 424.2424242424242
 264 429.2929292929293
 203 434.3434343434343
 5 439.3939393939394
 62 444.4444444444444
 82 449.4949494949495
 63 454.5454545454545
 0 459.5959595959596
 0 464.6464646464646
 1 469.6969696969697
 2 474.7474747474747
 1 479.7979797979798
 24 484.8484848484848
 14 489.8989898989898
 73 494.9494949494949
 0 500


