# Created by Octave 3.8.2, Mon Jun 22 22:02:40 2020 CEST <damian@fptrucha.inv.usc.es>
# name: hd
# type: matrix
# rows: 100
# columns: 2
 3 0
 3 5.05050505050505
 1 10.1010101010101
 268 15.15151515151515
 4 20.2020202020202
 2 25.25252525252525
 152 30.3030303030303
 566 35.35353535353535
 633 40.4040404040404
 330 45.45454545454545
 131 50.50505050505051
 76 55.55555555555555
 3 60.6060606060606
 273 65.65656565656565
 230 70.7070707070707
 574 75.75757575757575
 0 80.8080808080808
 2 85.85858585858585
 65 90.90909090909091
 5 95.95959595959596
 5 101.010101010101
 198 106.060606060606
 177 111.1111111111111
 436 116.1616161616162
 214 121.2121212121212
 74 126.2626262626263
 1 131.3131313131313
 0 136.3636363636363
 69 141.4141414141414
 105 146.4646464646464
 493 151.5151515151515
 248 156.5656565656566
 2 161.6161616161616
 1 166.6666666666667
 77 171.7171717171717
 29 176.7676767676768
 1 181.8181818181818
 1 186.8686868686869
 207 191.9191919191919
 291 196.969696969697
 43 202.020202020202
 104 207.070707070707
 203 212.1212121212121
 62 217.1717171717171
 115 222.2222222222222
 259 227.2727272727273
 155 232.3232323232323
 1 237.3737373737374
 24 242.4242424242424
 145 247.4747474747475
 25 252.5252525252525
 123 257.5757575757576
 109 262.6262626262626
 29 267.6767676767677
 258 272.7272727272727
 155 277.7777777777778
 460 282.8282828282828
 218 287.8787878787879
 3 292.9292929292929
 2 297.979797979798
 1 303.030303030303
 225 308.0808080808081
 30 313.1313131313131
 45 318.1818181818182
 36 323.2323232323232
 34 328.2828282828282
 177 333.3333333333333
 86 338.3838383838383
 12 343.4343434343434
 199 348.4848484848484
 99 353.5353535353535
 27 358.5858585858585
 2 363.6363636363636
 60 368.6868686868686
 34 373.7373737373737
 32 378.7878787878788
 0 383.8383838383838
 0 388.8888888888889
 369 393.9393939393939
 68 398.989898989899
 68 404.040404040404
 201 409.0909090909091
 168 414.1414141414141
 607 419.1919191919192
 21 424.2424242424242
 242 429.2929292929293
 162 434.3434343434343
 5 439.3939393939394
 53 444.4444444444444
 91 449.4949494949495
 56 454.5454545454545
 2 459.5959595959596
 1 464.6464646464646
 1 469.6969696969697
 3 474.7474747474747
 1 479.7979797979798
 27 484.8484848484848
 32 489.8989898989898
 99 494.9494949494949
 0 500


