# Created by Octave 3.8.2, Sun Jun 21 06:37:45 2020 CEST <damian@fptrucha.inv.usc.es>
# name: hd
# type: matrix
# rows: 100
# columns: 2
 2 0
 4 5.05050505050505
 0 10.1010101010101
 271 15.15151515151515
 3 20.2020202020202
 1 25.25252525252525
 128 30.3030303030303
 491 35.35353535353535
 587 40.4040404040404
 298 45.45454545454545
 132 50.50505050505051
 73 55.55555555555555
 1 60.6060606060606
 286 65.65656565656565
 193 70.7070707070707
 611 75.75757575757575
 2 80.8080808080808
 1 85.85858585858585
 46 90.90909090909091
 0 95.95959595959596
 2 101.010101010101
 184 106.060606060606
 177 111.1111111111111
 418 116.1616161616162
 192 121.2121212121212
 89 126.2626262626263
 0 131.3131313131313
 0 136.3636363636363
 74 141.4141414141414
 88 146.4646464646464
 413 151.5151515151515
 247 156.5656565656566
 3 161.6161616161616
 0 166.6666666666667
 66 171.7171717171717
 31 176.7676767676768
 2 181.8181818181818
 0 186.8686868686869
 187 191.9191919191919
 235 196.969696969697
 58 202.020202020202
 83 207.070707070707
 193 212.1212121212121
 56 217.1717171717171
 114 222.2222222222222
 240 227.2727272727273
 135 232.3232323232323
 0 237.3737373737374
 32 242.4242424242424
 145 247.4747474747475
 26 252.5252525252525
 131 257.5757575757576
 152 262.6262626262626
 45 267.6767676767677
 287 272.7272727272727
 158 277.7777777777778
 455 282.8282828282828
 201 287.8787878787879
 0 292.9292929292929
 0 297.979797979798
 0 303.030303030303
 222 308.0808080808081
 28 313.1313131313131
 47 318.1818181818182
 42 323.2323232323232
 47 328.2828282828282
 158 333.3333333333333
 68 338.3838383838383
 19 343.4343434343434
 170 348.4848484848484
 114 353.5353535353535
 27 358.5858585858585
 0 363.6363636363636
 36 368.6868686868686
 42 373.7373737373737
 35 378.7878787878788
 0 383.8383838383838
 0 388.8888888888889
 368 393.9393939393939
 60 398.989898989899
 72 404.040404040404
 190 409.0909090909091
 150 414.1414141414141
 553 419.1919191919192
 21 424.2424242424242
 237 429.2929292929293
 178 434.3434343434343
 3 439.3939393939394
 59 444.4444444444444
 74 449.4949494949495
 65 454.5454545454545
 0 459.5959595959596
 1 464.6464646464646
 0 469.6969696969697
 2 474.7474747474747
 4 479.7979797979798
 22 484.8484848484848
 24 489.8989898989898
 90 494.9494949494949
 0 500


