# Created by Octave 3.8.2, Sat Jun 20 03:57:55 2020 CEST <damian@fptrucha.inv.usc.es>
# name: hd
# type: matrix
# rows: 100
# columns: 2
 1 0
 2 5.05050505050505
 4 10.1010101010101
 257 15.15151515151515
 3 20.2020202020202
 0 25.25252525252525
 189 30.3030303030303
 587 35.35353535353535
 651 40.4040404040404
 323 45.45454545454545
 139 50.50505050505051
 83 55.55555555555555
 2 60.6060606060606
 290 65.65656565656565
 209 70.7070707070707
 564 75.75757575757575
 0 80.8080808080808
 1 85.85858585858585
 66 90.90909090909091
 2 95.95959595959596
 4 101.010101010101
 189 106.060606060606
 203 111.1111111111111
 414 116.1616161616162
 225 121.2121212121212
 78 126.2626262626263
 0 131.3131313131313
 0 136.3636363636363
 78 141.4141414141414
 90 146.4646464646464
 484 151.5151515151515
 274 156.5656565656566
 2 161.6161616161616
 1 166.6666666666667
 78 171.7171717171717
 31 176.7676767676768
 0 181.8181818181818
 0 186.8686868686869
 217 191.9191919191919
 286 196.969696969697
 72 202.020202020202
 108 207.070707070707
 205 212.1212121212121
 68 217.1717171717171
 101 222.2222222222222
 265 227.2727272727273
 123 232.3232323232323
 0 237.3737373737374
 23 242.4242424242424
 157 247.4747474747475
 28 252.5252525252525
 141 257.5757575757576
 161 262.6262626262626
 44 267.6767676767677
 316 272.7272727272727
 147 277.7777777777778
 489 282.8282828282828
 244 287.8787878787879
 2 292.9292929292929
 0 297.979797979798
 0 303.030303030303
 255 308.0808080808081
 32 313.1313131313131
 40 318.1818181818182
 32 323.2323232323232
 35 328.2828282828282
 198 333.3333333333333
 69 338.3838383838383
 19 343.4343434343434
 215 348.4848484848484
 125 353.5353535353535
 27 358.5858585858585
 2 363.6363636363636
 35 368.6868686868686
 41 373.7373737373737
 36 378.7878787878788
 1 383.8383838383838
 0 388.8888888888889
 343 393.9393939393939
 63 398.989898989899
 68 404.040404040404
 189 409.0909090909091
 144 414.1414141414141
 627 419.1919191919192
 17 424.2424242424242
 267 429.2929292929293
 206 434.3434343434343
 2 439.3939393939394
 55 444.4444444444444
 95 449.4949494949495
 68 454.5454545454545
 0 459.5959595959596
 2 464.6464646464646
 0 469.6969696969697
 0 474.7474747474747
 3 479.7979797979798
 16 484.8484848484848
 21 489.8989898989898
 63 494.9494949494949
 0 500


