# Created by Octave 3.8.2, Sat Jun 20 02:08:17 2020 CEST <damian@fptrucha.inv.usc.es>
# name: hd
# type: matrix
# rows: 100
# columns: 2
 4 0
 3 5.05050505050505
 1 10.1010101010101
 275 15.15151515151515
 0 20.2020202020202
 0 25.25252525252525
 185 30.3030303030303
 542 35.35353535353535
 690 40.4040404040404
 340 45.45454545454545
 166 50.50505050505051
 82 55.55555555555555
 1 60.6060606060606
 265 65.65656565656565
 212 70.7070707070707
 627 75.75757575757575
 2 80.8080808080808
 0 85.85858585858585
 60 90.90909090909091
 2 95.95959595959596
 0 101.010101010101
 206 106.060606060606
 183 111.1111111111111
 400 116.1616161616162
 206 121.2121212121212
 85 126.2626262626263
 0 131.3131313131313
 2 136.3636363636363
 76 141.4141414141414
 108 146.4646464646464
 463 151.5151515151515
 280 156.5656565656566
 6 161.6161616161616
 1 166.6666666666667
 83 171.7171717171717
 36 176.7676767676768
 0 181.8181818181818
 1 186.8686868686869
 181 191.9191919191919
 282 196.969696969697
 51 202.020202020202
 102 207.070707070707
 216 212.1212121212121
 71 217.1717171717171
 112 222.2222222222222
 229 227.2727272727273
 149 232.3232323232323
 0 237.3737373737374
 23 242.4242424242424
 129 247.4747474747475
 24 252.5252525252525
 144 257.5757575757576
 148 262.6262626262626
 42 267.6767676767677
 269 272.7272727272727
 162 277.7777777777778
 508 282.8282828282828
 193 287.8787878787879
 0 292.9292929292929
 0 297.979797979798
 0 303.030303030303
 220 308.0808080808081
 19 313.1313131313131
 50 318.1818181818182
 30 323.2323232323232
 50 328.2828282828282
 163 333.3333333333333
 62 338.3838383838383
 23 343.4343434343434
 198 348.4848484848484
 105 353.5353535353535
 40 358.5858585858585
 0 363.6363636363636
 50 368.6868686868686
 37 373.7373737373737
 38 378.7878787878788
 1 383.8383838383838
 2 388.8888888888889
 333 393.9393939393939
 48 398.989898989899
 66 404.040404040404
 197 409.0909090909091
 167 414.1414141414141
 578 419.1919191919192
 23 424.2424242424242
 211 429.2929292929293
 194 434.3434343434343
 5 439.3939393939394
 67 444.4444444444444
 71 449.4949494949495
 61 454.5454545454545
 1 459.5959595959596
 1 464.6464646464646
 4 469.6969696969697
 1 474.7474747474747
 1 479.7979797979798
 13 484.8484848484848
 15 489.8989898989898
 66 494.9494949494949
 0 500


