# Created by Octave 3.8.2, Mon Jun 22 03:03:02 2020 CEST <damian@fptrucha.inv.usc.es>
# name: hd
# type: matrix
# rows: 100
# columns: 2
 3 0
 10 5.05050505050505
 3 10.1010101010101
 272 15.15151515151515
 7 20.2020202020202
 0 25.25252525252525
 124 30.3030303030303
 481 35.35353535353535
 544 40.4040404040404
 300 45.45454545454545
 122 50.50505050505051
 72 55.55555555555555
 4 60.6060606060606
 243 65.65656565656565
 187 70.7070707070707
 548 75.75757575757575
 3 80.8080808080808
 3 85.85858585858585
 66 90.90909090909091
 6 95.95959595959596
 7 101.010101010101
 181 106.060606060606
 169 111.1111111111111
 369 116.1616161616162
 187 121.2121212121212
 92 126.2626262626263
 2 131.3131313131313
 3 136.3636363636363
 61 141.4141414141414
 79 146.4646464646464
 412 151.5151515151515
 214 156.5656565656566
 2 161.6161616161616
 2 166.6666666666667
 65 171.7171717171717
 33 176.7676767676768
 1 181.8181818181818
 0 186.8686868686869
 183 191.9191919191919
 239 196.969696969697
 64 202.020202020202
 76 207.070707070707
 145 212.1212121212121
 60 217.1717171717171
 94 222.2222222222222
 236 227.2727272727273
 139 232.3232323232323
 1 237.3737373737374
 28 242.4242424242424
 122 247.4747474747475
 26 252.5252525252525
 98 257.5757575757576
 125 262.6262626262626
 34 267.6767676767677
 244 272.7272727272727
 127 277.7777777777778
 424 282.8282828282828
 177 287.8787878787879
 0 292.9292929292929
 1 297.979797979798
 1 303.030303030303
 198 308.0808080808081
 30 313.1313131313131
 31 318.1818181818182
 34 323.2323232323232
 33 328.2828282828282
 156 333.3333333333333
 62 338.3838383838383
 12 343.4343434343434
 184 348.4848484848484
 100 353.5353535353535
 32 358.5858585858585
 0 363.6363636363636
 33 368.6868686868686
 41 373.7373737373737
 35 378.7878787878788
 0 383.8383838383838
 1 388.8888888888889
 265 393.9393939393939
 62 398.989898989899
 67 404.040404040404
 163 409.0909090909091
 142 414.1414141414141
 486 419.1919191919192
 28 424.2424242424242
 200 429.2929292929293
 139 434.3434343434343
 5 439.3939393939394
 47 444.4444444444444
 70 449.4949494949495
 54 454.5454545454545
 2 459.5959595959596
 1 464.6464646464646
 0 469.6969696969697
 4 474.7474747474747
 3 479.7979797979798
 23 484.8484848484848
 19 489.8989898989898
 53 494.9494949494949
 0 500


