# Created by Octave 3.8.2, Sat Jun 20 23:06:41 2020 CEST <damian@fptrucha.inv.usc.es>
# name: hd
# type: matrix
# rows: 100
# columns: 2
 1 0
 2 5.05050505050505
 2 10.1010101010101
 262 15.15151515151515
 2 20.2020202020202
 0 25.25252525252525
 154 30.3030303030303
 494 35.35353535353535
 519 40.4040404040404
 303 45.45454545454545
 123 50.50505050505051
 70 55.55555555555555
 3 60.6060606060606
 274 65.65656565656565
 203 70.7070707070707
 567 75.75757575757575
 0 80.8080808080808
 0 85.85858585858585
 54 90.90909090909091
 6 95.95959595959596
 1 101.010101010101
 187 106.060606060606
 158 111.1111111111111
 377 116.1616161616162
 208 121.2121212121212
 101 126.2626262626263
 1 131.3131313131313
 1 136.3636363636363
 70 141.4141414141414
 98 146.4646464646464
 441 151.5151515151515
 295 156.5656565656566
 0 161.6161616161616
 2 166.6666666666667
 72 171.7171717171717
 33 176.7676767676768
 0 181.8181818181818
 0 186.8686868686869
 191 191.9191919191919
 223 196.969696969697
 44 202.020202020202
 87 207.070707070707
 200 212.1212121212121
 75 217.1717171717171
 97 222.2222222222222
 206 227.2727272727273
 116 232.3232323232323
 0 237.3737373737374
 23 242.4242424242424
 121 247.4747474747475
 14 252.5252525252525
 122 257.5757575757576
 170 262.6262626262626
 40 267.6767676767677
 229 272.7272727272727
 159 277.7777777777778
 444 282.8282828282828
 201 287.8787878787879
 2 292.9292929292929
 1 297.979797979798
 0 303.030303030303
 206 308.0808080808081
 30 313.1313131313131
 39 318.1818181818182
 27 323.2323232323232
 43 328.2828282828282
 136 333.3333333333333
 60 338.3838383838383
 14 343.4343434343434
 183 348.4848484848484
 86 353.5353535353535
 34 358.5858585858585
 1 363.6363636363636
 52 368.6868686868686
 29 373.7373737373737
 43 378.7878787878788
 0 383.8383838383838
 0 388.8888888888889
 316 393.9393939393939
 62 398.989898989899
 67 404.040404040404
 188 409.0909090909091
 124 414.1414141414141
 560 419.1919191919192
 21 424.2424242424242
 200 429.2929292929293
 166 434.3434343434343
 5 439.3939393939394
 49 444.4444444444444
 69 449.4949494949495
 53 454.5454545454545
 1 459.5959595959596
 1 464.6464646464646
 1 469.6969696969697
 0 474.7474747474747
 2 479.7979797979798
 27 484.8484848484848
 23 489.8989898989898
 58 494.9494949494949
 0 500


