# Created by Octave 3.8.2, Mon Jun 22 11:17:18 2020 CEST <damian@fptrucha.inv.usc.es>
# name: hd
# type: matrix
# rows: 100
# columns: 2
 0 0
 3 5.05050505050505
 0 10.1010101010101
 285 15.15151515151515
 2 20.2020202020202
 1 25.25252525252525
 138 30.3030303030303
 506 35.35353535353535
 585 40.4040404040404
 337 45.45454545454545
 110 50.50505050505051
 72 55.55555555555555
 3 60.6060606060606
 272 65.65656565656565
 210 70.7070707070707
 510 75.75757575757575
 1 80.8080808080808
 3 85.85858585858585
 62 90.90909090909091
 6 95.95959595959596
 4 101.010101010101
 198 106.060606060606
 194 111.1111111111111
 373 116.1616161616162
 203 121.2121212121212
 95 126.2626262626263
 1 131.3131313131313
 2 136.3636363636363
 53 141.4141414141414
 78 146.4646464646464
 460 151.5151515151515
 250 156.5656565656566
 4 161.6161616161616
 0 166.6666666666667
 78 171.7171717171717
 29 176.7676767676768
 1 181.8181818181818
 2 186.8686868686869
 184 191.9191919191919
 256 196.969696969697
 48 202.020202020202
 99 207.070707070707
 170 212.1212121212121
 60 217.1717171717171
 93 222.2222222222222
 223 227.2727272727273
 144 232.3232323232323
 4 237.3737373737374
 25 242.4242424242424
 139 247.4747474747475
 16 252.5252525252525
 120 257.5757575757576
 134 262.6262626262626
 39 267.6767676767677
 269 272.7272727272727
 141 277.7777777777778
 428 282.8282828282828
 200 287.8787878787879
 3 292.9292929292929
 0 297.979797979798
 2 303.030303030303
 200 308.0808080808081
 17 313.1313131313131
 31 318.1818181818182
 35 323.2323232323232
 61 328.2828282828282
 189 333.3333333333333
 60 338.3838383838383
 20 343.4343434343434
 164 348.4848484848484
 95 353.5353535353535
 31 358.5858585858585
 1 363.6363636363636
 44 368.6868686868686
 32 373.7373737373737
 29 378.7878787878788
 0 383.8383838383838
 2 388.8888888888889
 272 393.9393939393939
 49 398.989898989899
 63 404.040404040404
 172 409.0909090909091
 160 414.1414141414141
 581 419.1919191919192
 15 424.2424242424242
 219 429.2929292929293
 175 434.3434343434343
 7 439.3939393939394
 44 444.4444444444444
 53 449.4949494949495
 56 454.5454545454545
 1 459.5959595959596
 1 464.6464646464646
 0 469.6969696969697
 0 474.7474747474747
 1 479.7979797979798
 23 484.8484848484848
 22 489.8989898989898
 70 494.9494949494949
 0 500


