# Created by Octave 3.8.2, Mon Jun 22 16:28:53 2020 CEST <damian@fptrucha.inv.usc.es>
# name: hd
# type: matrix
# rows: 100
# columns: 2
 0 0
 5 5.05050505050505
 1 10.1010101010101
 289 15.15151515151515
 3 20.2020202020202
 0 25.25252525252525
 153 30.3030303030303
 539 35.35353535353535
 605 40.4040404040404
 329 45.45454545454545
 125 50.50505050505051
 62 55.55555555555555
 1 60.6060606060606
 277 65.65656565656565
 212 70.7070707070707
 542 75.75757575757575
 0 80.8080808080808
 2 85.85858585858585
 73 90.90909090909091
 2 95.95959595959596
 2 101.010101010101
 190 106.060606060606
 175 111.1111111111111
 361 116.1616161616162
 223 121.2121212121212
 71 126.2626262626263
 2 131.3131313131313
 3 136.3636363636363
 83 141.4141414141414
 104 146.4646464646464
 436 151.5151515151515
 261 156.5656565656566
 2 161.6161616161616
 1 166.6666666666667
 82 171.7171717171717
 31 176.7676767676768
 0 181.8181818181818
 3 186.8686868686869
 208 191.9191919191919
 272 196.969696969697
 52 202.020202020202
 89 207.070707070707
 164 212.1212121212121
 72 217.1717171717171
 111 222.2222222222222
 219 227.2727272727273
 124 232.3232323232323
 4 237.3737373737374
 27 242.4242424242424
 147 247.4747474747475
 19 252.5252525252525
 111 257.5757575757576
 118 262.6262626262626
 40 267.6767676767677
 281 272.7272727272727
 143 277.7777777777778
 435 282.8282828282828
 201 287.8787878787879
 3 292.9292929292929
 1 297.979797979798
 0 303.030303030303
 219 308.0808080808081
 27 313.1313131313131
 41 318.1818181818182
 28 323.2323232323232
 31 328.2828282828282
 191 333.3333333333333
 53 338.3838383838383
 20 343.4343434343434
 187 348.4848484848484
 107 353.5353535353535
 24 358.5858585858585
 1 363.6363636363636
 42 368.6868686868686
 30 373.7373737373737
 43 378.7878787878788
 1 383.8383838383838
 0 388.8888888888889
 333 393.9393939393939
 69 398.989898989899
 72 404.040404040404
 198 409.0909090909091
 141 414.1414141414141
 563 419.1919191919192
 15 424.2424242424242
 227 429.2929292929293
 195 434.3434343434343
 3 439.3939393939394
 66 444.4444444444444
 74 449.4949494949495
 62 454.5454545454545
 0 459.5959595959596
 2 464.6464646464646
 1 469.6969696969697
 1 474.7474747474747
 4 479.7979797979798
 23 484.8484848484848
 19 489.8989898989898
 71 494.9494949494949
 0 500


