# Created by Octave 3.8.2, Mon Jun 22 16:34:31 2020 CEST <damian@fptrucha.inv.usc.es>
# name: hd
# type: matrix
# rows: 100
# columns: 2
 1 0
 3 5.05050505050505
 2 10.1010101010101
 287 15.15151515151515
 2 20.2020202020202
 0 25.25252525252525
 161 30.3030303030303
 551 35.35353535353535
 560 40.4040404040404
 297 45.45454545454545
 124 50.50505050505051
 69 55.55555555555555
 4 60.6060606060606
 269 65.65656565656565
 206 70.7070707070707
 536 75.75757575757575
 2 80.8080808080808
 1 85.85858585858585
 55 90.90909090909091
 3 95.95959595959596
 5 101.010101010101
 191 106.060606060606
 190 111.1111111111111
 387 116.1616161616162
 213 121.2121212121212
 89 126.2626262626263
 0 131.3131313131313
 3 136.3636363636363
 76 141.4141414141414
 114 146.4646464646464
 419 151.5151515151515
 252 156.5656565656566
 5 161.6161616161616
 0 166.6666666666667
 71 171.7171717171717
 33 176.7676767676768
 2 181.8181818181818
 0 186.8686868686869
 212 191.9191919191919
 281 196.969696969697
 43 202.020202020202
 89 207.070707070707
 160 212.1212121212121
 55 217.1717171717171
 122 222.2222222222222
 251 227.2727272727273
 159 232.3232323232323
 3 237.3737373737374
 27 242.4242424242424
 132 247.4747474747475
 20 252.5252525252525
 110 257.5757575757576
 119 262.6262626262626
 39 267.6767676767677
 272 272.7272727272727
 133 277.7777777777778
 473 282.8282828282828
 214 287.8787878787879
 4 292.9292929292929
 1 297.979797979798
 1 303.030303030303
 214 308.0808080808081
 24 313.1313131313131
 38 318.1818181818182
 39 323.2323232323232
 48 328.2828282828282
 202 333.3333333333333
 85 338.3838383838383
 22 343.4343434343434
 190 348.4848484848484
 108 353.5353535353535
 34 358.5858585858585
 1 363.6363636363636
 51 368.6868686868686
 34 373.7373737373737
 37 378.7878787878788
 0 383.8383838383838
 0 388.8888888888889
 318 393.9393939393939
 56 398.989898989899
 57 404.040404040404
 171 409.0909090909091
 157 414.1414141414141
 537 419.1919191919192
 28 424.2424242424242
 239 429.2929292929293
 174 434.3434343434343
 2 439.3939393939394
 52 444.4444444444444
 72 449.4949494949495
 57 454.5454545454545
 4 459.5959595959596
 1 464.6464646464646
 0 469.6969696969697
 0 474.7474747474747
 4 479.7979797979798
 18 484.8484848484848
 24 489.8989898989898
 84 494.9494949494949
 0 500


