# Created by Octave 3.8.2, Mon Jun 22 11:35:49 2020 CEST <damian@fptrucha.inv.usc.es>
# name: hd
# type: matrix
# rows: 100
# columns: 2
 1 0
 6 5.05050505050505
 0 10.1010101010101
 272 15.15151515151515
 2 20.2020202020202
 1 25.25252525252525
 192 30.3030303030303
 543 35.35353535353535
 602 40.4040404040404
 289 45.45454545454545
 115 50.50505050505051
 65 55.55555555555555
 3 60.6060606060606
 284 65.65656565656565
 186 70.7070707070707
 543 75.75757575757575
 0 80.8080808080808
 2 85.85858585858585
 56 90.90909090909091
 7 95.95959595959596
 1 101.010101010101
 191 106.060606060606
 158 111.1111111111111
 389 116.1616161616162
 184 121.2121212121212
 98 126.2626262626263
 1 131.3131313131313
 1 136.3636363636363
 78 141.4141414141414
 95 146.4646464646464
 445 151.5151515151515
 259 156.5656565656566
 5 161.6161616161616
 1 166.6666666666667
 58 171.7171717171717
 30 176.7676767676768
 1 181.8181818181818
 2 186.8686868686869
 184 191.9191919191919
 251 196.969696969697
 48 202.020202020202
 80 207.070707070707
 174 212.1212121212121
 74 217.1717171717171
 105 222.2222222222222
 242 227.2727272727273
 127 232.3232323232323
 4 237.3737373737374
 17 242.4242424242424
 147 247.4747474747475
 27 252.5252525252525
 117 257.5757575757576
 138 262.6262626262626
 48 267.6767676767677
 272 272.7272727272727
 137 277.7777777777778
 451 282.8282828282828
 188 287.8787878787879
 1 292.9292929292929
 1 297.979797979798
 0 303.030303030303
 200 308.0808080808081
 27 313.1313131313131
 48 318.1818181818182
 25 323.2323232323232
 41 328.2828282828282
 194 333.3333333333333
 76 338.3838383838383
 20 343.4343434343434
 155 348.4848484848484
 91 353.5353535353535
 23 358.5858585858585
 3 363.6363636363636
 38 368.6868686868686
 40 373.7373737373737
 38 378.7878787878788
 0 383.8383838383838
 2 388.8888888888889
 286 393.9393939393939
 67 398.989898989899
 65 404.040404040404
 164 409.0909090909091
 134 414.1414141414141
 538 419.1919191919192
 24 424.2424242424242
 245 429.2929292929293
 157 434.3434343434343
 7 439.3939393939394
 45 444.4444444444444
 69 449.4949494949495
 56 454.5454545454545
 0 459.5959595959596
 3 464.6464646464646
 3 469.6969696969697
 2 474.7474747474747
 2 479.7979797979798
 26 484.8484848484848
 19 489.8989898989898
 72 494.9494949494949
 0 500


