# Created by Octave 3.8.2, Mon Jun 22 06:50:10 2020 CEST <damian@fptrucha.inv.usc.es>
# name: hd
# type: matrix
# rows: 100
# columns: 2
 1 0
 2 5.05050505050505
 2 10.1010101010101
 275 15.15151515151515
 3 20.2020202020202
 1 25.25252525252525
 162 30.3030303030303
 500 35.35353535353535
 550 40.4040404040404
 308 45.45454545454545
 126 50.50505050505051
 72 55.55555555555555
 0 60.6060606060606
 240 65.65656565656565
 219 70.7070707070707
 582 75.75757575757575
 2 80.8080808080808
 2 85.85858585858585
 66 90.90909090909091
 5 95.95959595959596
 3 101.010101010101
 175 106.060606060606
 173 111.1111111111111
 358 116.1616161616162
 189 121.2121212121212
 86 126.2626262626263
 2 131.3131313131313
 1 136.3636363636363
 70 141.4141414141414
 82 146.4646464646464
 392 151.5151515151515
 240 156.5656565656566
 3 161.6161616161616
 0 166.6666666666667
 78 171.7171717171717
 37 176.7676767676768
 1 181.8181818181818
 2 186.8686868686869
 146 191.9191919191919
 259 196.969696969697
 47 202.020202020202
 75 207.070707070707
 175 212.1212121212121
 50 217.1717171717171
 94 222.2222222222222
 222 227.2727272727273
 113 232.3232323232323
 2 237.3737373737374
 19 242.4242424242424
 126 247.4747474747475
 26 252.5252525252525
 118 257.5757575757576
 129 262.6262626262626
 37 267.6767676767677
 255 272.7272727272727
 119 277.7777777777778
 395 282.8282828282828
 186 287.8787878787879
 2 292.9292929292929
 1 297.979797979798
 0 303.030303030303
 198 308.0808080808081
 24 313.1313131313131
 30 318.1818181818182
 34 323.2323232323232
 32 328.2828282828282
 164 333.3333333333333
 63 338.3838383838383
 17 343.4343434343434
 182 348.4848484848484
 89 353.5353535353535
 26 358.5858585858585
 3 363.6363636363636
 46 368.6868686868686
 35 373.7373737373737
 35 378.7878787878788
 2 383.8383838383838
 0 388.8888888888889
 302 393.9393939393939
 50 398.989898989899
 57 404.040404040404
 154 409.0909090909091
 144 414.1414141414141
 531 419.1919191919192
 29 424.2424242424242
 239 429.2929292929293
 176 434.3434343434343
 5 439.3939393939394
 50 444.4444444444444
 68 449.4949494949495
 56 454.5454545454545
 3 459.5959595959596
 2 464.6464646464646
 4 469.6969696969697
 0 474.7474747474747
 2 479.7979797979798
 27 484.8484848484848
 23 489.8989898989898
 74 494.9494949494949
 0 500


