# Created by Octave 3.8.2, Mon Jun 22 23:50:23 2020 CEST <damian@fptrucha.inv.usc.es>
# name: hd
# type: matrix
# rows: 100
# columns: 2
 2 0
 3 5.05050505050505
 3 10.1010101010101
 284 15.15151515151515
 2 20.2020202020202
 2 25.25252525252525
 185 30.3030303030303
 506 35.35353535353535
 621 40.4040404040404
 327 45.45454545454545
 144 50.50505050505051
 69 55.55555555555555
 1 60.6060606060606
 290 65.65656565656565
 247 70.7070707070707
 606 75.75757575757575
 0 80.8080808080808
 0 85.85858585858585
 63 90.90909090909091
 7 95.95959595959596
 4 101.010101010101
 195 106.060606060606
 186 111.1111111111111
 440 116.1616161616162
 224 121.2121212121212
 84 126.2626262626263
 0 131.3131313131313
 2 136.3636363636363
 89 141.4141414141414
 114 146.4646464646464
 454 151.5151515151515
 266 156.5656565656566
 2 161.6161616161616
 1 166.6666666666667
 78 171.7171717171717
 32 176.7676767676768
 0 181.8181818181818
 0 186.8686868686869
 194 191.9191919191919
 263 196.969696969697
 56 202.020202020202
 115 207.070707070707
 171 212.1212121212121
 65 217.1717171717171
 110 222.2222222222222
 232 227.2727272727273
 126 232.3232323232323
 0 237.3737373737374
 28 242.4242424242424
 173 247.4747474747475
 34 252.5252525252525
 116 257.5757575757576
 135 262.6262626262626
 37 267.6767676767677
 320 272.7272727272727
 140 277.7777777777778
 443 282.8282828282828
 161 287.8787878787879
 0 292.9292929292929
 1 297.979797979798
 1 303.030303030303
 213 308.0808080808081
 26 313.1313131313131
 49 318.1818181818182
 49 323.2323232323232
 43 328.2828282828282
 177 333.3333333333333
 74 338.3838383838383
 18 343.4343434343434
 232 348.4848484848484
 114 353.5353535353535
 32 358.5858585858585
 1 363.6363636363636
 48 368.6868686868686
 43 373.7373737373737
 35 378.7878787878788
 1 383.8383838383838
 1 388.8888888888889
 324 393.9393939393939
 70 398.989898989899
 63 404.040404040404
 162 409.0909090909091
 151 414.1414141414141
 590 419.1919191919192
 32 424.2424242424242
 268 429.2929292929293
 185 434.3434343434343
 6 439.3939393939394
 55 444.4444444444444
 92 449.4949494949495
 54 454.5454545454545
 0 459.5959595959596
 1 464.6464646464646
 2 469.6969696969697
 1 474.7474747474747
 1 479.7979797979798
 23 484.8484848484848
 28 489.8989898989898
 84 494.9494949494949
 0 500


