# Created by Octave 3.8.2, Mon Jun 22 20:23:36 2020 CEST <damian@fptrucha.inv.usc.es>
# name: hd
# type: matrix
# rows: 100
# columns: 2
 1 0
 4 5.05050505050505
 2 10.1010101010101
 299 15.15151515151515
 1 20.2020202020202
 0 25.25252525252525
 167 30.3030303030303
 550 35.35353535353535
 597 40.4040404040404
 344 45.45454545454545
 121 50.50505050505051
 78 55.55555555555555
 0 60.6060606060606
 295 65.65656565656565
 228 70.7070707070707
 591 75.75757575757575
 1 80.8080808080808
 3 85.85858585858585
 65 90.90909090909091
 7 95.95959595959596
 3 101.010101010101
 200 106.060606060606
 183 111.1111111111111
 414 116.1616161616162
 216 121.2121212121212
 80 126.2626262626263
 3 131.3131313131313
 1 136.3636363636363
 82 141.4141414141414
 92 146.4646464646464
 455 151.5151515151515
 251 156.5656565656566
 3 161.6161616161616
 4 166.6666666666667
 76 171.7171717171717
 32 176.7676767676768
 1 181.8181818181818
 1 186.8686868686869
 216 191.9191919191919
 277 196.969696969697
 46 202.020202020202
 100 207.070707070707
 194 212.1212121212121
 62 217.1717171717171
 102 222.2222222222222
 251 227.2727272727273
 130 232.3232323232323
 1 237.3737373737374
 21 242.4242424242424
 127 247.4747474747475
 24 252.5252525252525
 122 257.5757575757576
 124 262.6262626262626
 40 267.6767676767677
 283 272.7272727272727
 146 277.7777777777778
 427 282.8282828282828
 226 287.8787878787879
 3 292.9292929292929
 1 297.979797979798
 1 303.030303030303
 208 308.0808080808081
 26 313.1313131313131
 44 318.1818181818182
 36 323.2323232323232
 52 328.2828282828282
 185 333.3333333333333
 82 338.3838383838383
 23 343.4343434343434
 178 348.4848484848484
 120 353.5353535353535
 22 358.5858585858585
 1 363.6363636363636
 62 368.6868686868686
 43 373.7373737373737
 41 378.7878787878788
 3 383.8383838383838
 1 388.8888888888889
 346 393.9393939393939
 58 398.989898989899
 83 404.040404040404
 174 409.0909090909091
 139 414.1414141414141
 583 419.1919191919192
 27 424.2424242424242
 267 429.2929292929293
 172 434.3434343434343
 1 439.3939393939394
 64 444.4444444444444
 74 449.4949494949495
 59 454.5454545454545
 0 459.5959595959596
 3 464.6464646464646
 0 469.6969696969697
 1 474.7474747474747
 1 479.7979797979798
 37 484.8484848484848
 26 489.8989898989898
 93 494.9494949494949
 0 500


