# Created by Octave 3.8.2, Sat Jun 20 07:46:30 2020 CEST <damian@fptrucha.inv.usc.es>
# name: hd
# type: matrix
# rows: 100
# columns: 2
 0 0
 0 5.05050505050505
 2 10.1010101010101
 303 15.15151515151515
 1 20.2020202020202
 0 25.25252525252525
 182 30.3030303030303
 596 35.35353535353535
 707 40.4040404040404
 325 45.45454545454545
 143 50.50505050505051
 87 55.55555555555555
 0 60.6060606060606
 309 65.65656565656565
 218 70.7070707070707
 633 75.75757575757575
 1 80.8080808080808
 0 85.85858585858585
 70 90.90909090909091
 6 95.95959595959596
 2 101.010101010101
 212 106.060606060606
 211 111.1111111111111
 479 116.1616161616162
 227 121.2121212121212
 99 126.2626262626263
 0 131.3131313131313
 3 136.3636363636363
 72 141.4141414141414
 109 146.4646464646464
 486 151.5151515151515
 285 156.5656565656566
 1 161.6161616161616
 0 166.6666666666667
 85 171.7171717171717
 34 176.7676767676768
 1 181.8181818181818
 1 186.8686868686869
 211 191.9191919191919
 292 196.969696969697
 53 202.020202020202
 100 207.070707070707
 224 212.1212121212121
 60 217.1717171717171
 119 222.2222222222222
 248 227.2727272727273
 152 232.3232323232323
 1 237.3737373737374
 26 242.4242424242424
 153 247.4747474747475
 31 252.5252525252525
 154 257.5757575757576
 149 262.6262626262626
 50 267.6767676767677
 314 272.7272727272727
 153 277.7777777777778
 519 282.8282828282828
 249 287.8787878787879
 1 292.9292929292929
 0 297.979797979798
 0 303.030303030303
 216 308.0808080808081
 27 313.1313131313131
 55 318.1818181818182
 42 323.2323232323232
 60 328.2828282828282
 179 333.3333333333333
 68 338.3838383838383
 17 343.4343434343434
 203 348.4848484848484
 114 353.5353535353535
 37 358.5858585858585
 1 363.6363636363636
 38 368.6868686868686
 46 373.7373737373737
 43 378.7878787878788
 1 383.8383838383838
 1 388.8888888888889
 317 393.9393939393939
 64 398.989898989899
 64 404.040404040404
 195 409.0909090909091
 151 414.1414141414141
 669 419.1919191919192
 28 424.2424242424242
 271 429.2929292929293
 218 434.3434343434343
 4 439.3939393939394
 72 444.4444444444444
 95 449.4949494949495
 70 454.5454545454545
 0 459.5959595959596
 0 464.6464646464646
 1 469.6969696969697
 0 474.7474747474747
 0 479.7979797979798
 24 484.8484848484848
 19 489.8989898989898
 81 494.9494949494949
 0 500


