# Created by Octave 3.8.2, Mon Jun 22 11:46:20 2020 CEST <damian@fptrucha.inv.usc.es>
# name: hd
# type: matrix
# rows: 100
# columns: 2
 2 0
 3 5.05050505050505
 0 10.1010101010101
 297 15.15151515151515
 4 20.2020202020202
 1 25.25252525252525
 149 30.3030303030303
 512 35.35353535353535
 556 40.4040404040404
 293 45.45454545454545
 118 50.50505050505051
 68 55.55555555555555
 0 60.6060606060606
 275 65.65656565656565
 203 70.7070707070707
 514 75.75757575757575
 2 80.8080808080808
 0 85.85858585858585
 61 90.90909090909091
 4 95.95959595959596
 2 101.010101010101
 174 106.060606060606
 176 111.1111111111111
 399 116.1616161616162
 182 121.2121212121212
 72 126.2626262626263
 0 131.3131313131313
 2 136.3636363636363
 59 141.4141414141414
 105 146.4646464646464
 449 151.5151515151515
 240 156.5656565656566
 3 161.6161616161616
 0 166.6666666666667
 60 171.7171717171717
 16 176.7676767676768
 2 181.8181818181818
 1 186.8686868686869
 192 191.9191919191919
 259 196.969696969697
 50 202.020202020202
 97 207.070707070707
 176 212.1212121212121
 54 217.1717171717171
 114 222.2222222222222
 212 227.2727272727273
 157 232.3232323232323
 2 237.3737373737374
 32 242.4242424242424
 140 247.4747474747475
 18 252.5252525252525
 120 257.5757575757576
 142 262.6262626262626
 44 267.6767676767677
 265 272.7272727272727
 135 277.7777777777778
 459 282.8282828282828
 190 287.8787878787879
 1 292.9292929292929
 1 297.979797979798
 0 303.030303030303
 240 308.0808080808081
 26 313.1313131313131
 27 318.1818181818182
 28 323.2323232323232
 42 328.2828282828282
 171 333.3333333333333
 66 338.3838383838383
 23 343.4343434343434
 175 348.4848484848484
 103 353.5353535353535
 22 358.5858585858585
 1 363.6363636363636
 57 368.6868686868686
 49 373.7373737373737
 30 378.7878787878788
 3 383.8383838383838
 1 388.8888888888889
 307 393.9393939393939
 51 398.989898989899
 55 404.040404040404
 182 409.0909090909091
 131 414.1414141414141
 528 419.1919191919192
 16 424.2424242424242
 252 429.2929292929293
 179 434.3434343434343
 4 439.3939393939394
 51 444.4444444444444
 77 449.4949494949495
 66 454.5454545454545
 0 459.5959595959596
 1 464.6464646464646
 0 469.6969696969697
 3 474.7474747474747
 1 479.7979797979798
 11 484.8484848484848
 22 489.8989898989898
 70 494.9494949494949
 0 500


