# Created by Octave 3.8.2, Sat Jun 20 20:25:09 2020 CEST <damian@fptrucha.inv.usc.es>
# name: hd
# type: matrix
# rows: 100
# columns: 2
 1 0
 3 5.05050505050505
 0 10.1010101010101
 295 15.15151515151515
 4 20.2020202020202
 0 25.25252525252525
 144 30.3030303030303
 555 35.35353535353535
 596 40.4040404040404
 316 45.45454545454545
 140 50.50505050505051
 74 55.55555555555555
 4 60.6060606060606
 230 65.65656565656565
 219 70.7070707070707
 586 75.75757575757575
 0 80.8080808080808
 2 85.85858585858585
 49 90.90909090909091
 5 95.95959595959596
 4 101.010101010101
 169 106.060606060606
 176 111.1111111111111
 378 116.1616161616162
 180 121.2121212121212
 90 126.2626262626263
 1 131.3131313131313
 1 136.3636363636363
 90 141.4141414141414
 88 146.4646464646464
 446 151.5151515151515
 261 156.5656565656566
 2 161.6161616161616
 1 166.6666666666667
 79 171.7171717171717
 23 176.7676767676768
 2 181.8181818181818
 0 186.8686868686869
 184 191.9191919191919
 276 196.969696969697
 54 202.020202020202
 101 207.070707070707
 209 212.1212121212121
 67 217.1717171717171
 103 222.2222222222222
 236 227.2727272727273
 122 232.3232323232323
 0 237.3737373737374
 23 242.4242424242424
 130 247.4747474747475
 24 252.5252525252525
 112 257.5757575757576
 156 262.6262626262626
 29 267.6767676767677
 226 272.7272727272727
 145 277.7777777777778
 468 282.8282828282828
 196 287.8787878787879
 2 292.9292929292929
 4 297.979797979798
 1 303.030303030303
 214 308.0808080808081
 30 313.1313131313131
 36 318.1818181818182
 26 323.2323232323232
 45 328.2828282828282
 171 333.3333333333333
 67 338.3838383838383
 17 343.4343434343434
 190 348.4848484848484
 91 353.5353535353535
 22 358.5858585858585
 1 363.6363636363636
 43 368.6868686868686
 45 373.7373737373737
 32 378.7878787878788
 0 383.8383838383838
 1 388.8888888888889
 337 393.9393939393939
 45 398.989898989899
 58 404.040404040404
 158 409.0909090909091
 139 414.1414141414141
 574 419.1919191919192
 32 424.2424242424242
 212 429.2929292929293
 187 434.3434343434343
 8 439.3939393939394
 73 444.4444444444444
 79 449.4949494949495
 58 454.5454545454545
 0 459.5959595959596
 0 464.6464646464646
 0 469.6969696969697
 1 474.7474747474747
 3 479.7979797979798
 18 484.8484848484848
 14 489.8989898989898
 67 494.9494949494949
 0 500


