# Created by Octave 3.8.2, Mon Jun 22 19:28:11 2020 CEST <damian@fptrucha.inv.usc.es>
# name: hd
# type: matrix
# rows: 100
# columns: 2
 1 0
 9 5.05050505050505
 4 10.1010101010101
 277 15.15151515151515
 3 20.2020202020202
 0 25.25252525252525
 163 30.3030303030303
 550 35.35353535353535
 602 40.4040404040404
 296 45.45454545454545
 139 50.50505050505051
 67 55.55555555555555
 0 60.6060606060606
 297 65.65656565656565
 195 70.7070707070707
 559 75.75757575757575
 2 80.8080808080808
 1 85.85858585858585
 60 90.90909090909091
 6 95.95959595959596
 6 101.010101010101
 180 106.060606060606
 196 111.1111111111111
 440 116.1616161616162
 198 121.2121212121212
 91 126.2626262626263
 0 131.3131313131313
 2 136.3636363636363
 74 141.4141414141414
 111 146.4646464646464
 463 151.5151515151515
 286 156.5656565656566
 5 161.6161616161616
 1 166.6666666666667
 70 171.7171717171717
 30 176.7676767676768
 2 181.8181818181818
 4 186.8686868686869
 194 191.9191919191919
 276 196.969696969697
 41 202.020202020202
 87 207.070707070707
 198 212.1212121212121
 70 217.1717171717171
 96 222.2222222222222
 248 227.2727272727273
 145 232.3232323232323
 0 237.3737373737374
 25 242.4242424242424
 142 247.4747474747475
 19 252.5252525252525
 116 257.5757575757576
 125 262.6262626262626
 38 267.6767676767677
 243 272.7272727272727
 135 277.7777777777778
 438 282.8282828282828
 213 287.8787878787879
 1 292.9292929292929
 0 297.979797979798
 0 303.030303030303
 244 308.0808080808081
 26 313.1313131313131
 43 318.1818181818182
 31 323.2323232323232
 38 328.2828282828282
 174 333.3333333333333
 61 338.3838383838383
 21 343.4343434343434
 210 348.4848484848484
 122 353.5353535353535
 21 358.5858585858585
 1 363.6363636363636
 33 368.6868686868686
 51 373.7373737373737
 31 378.7878787878788
 0 383.8383838383838
 0 388.8888888888889
 337 393.9393939393939
 65 398.989898989899
 67 404.040404040404
 192 409.0909090909091
 156 414.1414141414141
 596 419.1919191919192
 26 424.2424242424242
 241 429.2929292929293
 181 434.3434343434343
 3 439.3939393939394
 55 444.4444444444444
 82 449.4949494949495
 64 454.5454545454545
 0 459.5959595959596
 0 464.6464646464646
 1 469.6969696969697
 2 474.7474747474747
 1 479.7979797979798
 20 484.8484848484848
 27 489.8989898989898
 95 494.9494949494949
 0 500


