# Created by Octave 3.8.2, Sun Jun 21 06:09:56 2020 CEST <damian@fptrucha.inv.usc.es>
# name: hd
# type: matrix
# rows: 100
# columns: 2
 1 0
 3 5.05050505050505
 1 10.1010101010101
 279 15.15151515151515
 0 20.2020202020202
 0 25.25252525252525
 145 30.3030303030303
 464 35.35353535353535
 625 40.4040404040404
 284 45.45454545454545
 128 50.50505050505051
 54 55.55555555555555
 0 60.6060606060606
 253 65.65656565656565
 196 70.7070707070707
 554 75.75757575757575
 0 80.8080808080808
 1 85.85858585858585
 75 90.90909090909091
 1 95.95959595959596
 0 101.010101010101
 192 106.060606060606
 194 111.1111111111111
 411 116.1616161616162
 196 121.2121212121212
 88 126.2626262626263
 2 131.3131313131313
 2 136.3636363636363
 71 141.4141414141414
 89 146.4646464646464
 454 151.5151515151515
 288 156.5656565656566
 1 161.6161616161616
 1 166.6666666666667
 63 171.7171717171717
 37 176.7676767676768
 1 181.8181818181818
 1 186.8686868686869
 175 191.9191919191919
 247 196.969696969697
 49 202.020202020202
 77 207.070707070707
 193 212.1212121212121
 51 217.1717171717171
 88 222.2222222222222
 234 227.2727272727273
 137 232.3232323232323
 1 237.3737373737374
 23 242.4242424242424
 147 247.4747474747475
 21 252.5252525252525
 111 257.5757575757576
 130 262.6262626262626
 32 267.6767676767677
 240 272.7272727272727
 128 277.7777777777778
 421 282.8282828282828
 189 287.8787878787879
 1 292.9292929292929
 0 297.979797979798
 0 303.030303030303
 214 308.0808080808081
 32 313.1313131313131
 42 318.1818181818182
 37 323.2323232323232
 48 328.2828282828282
 168 333.3333333333333
 62 338.3838383838383
 19 343.4343434343434
 191 348.4848484848484
 83 353.5353535353535
 20 358.5858585858585
 2 363.6363636363636
 46 368.6868686868686
 33 373.7373737373737
 36 378.7878787878788
 0 383.8383838383838
 0 388.8888888888889
 286 393.9393939393939
 68 398.989898989899
 66 404.040404040404
 170 409.0909090909091
 150 414.1414141414141
 543 419.1919191919192
 13 424.2424242424242
 208 429.2929292929293
 179 434.3434343434343
 2 439.3939393939394
 50 444.4444444444444
 83 449.4949494949495
 50 454.5454545454545
 0 459.5959595959596
 1 464.6464646464646
 1 469.6969696969697
 0 474.7474747474747
 0 479.7979797979798
 17 484.8484848484848
 25 489.8989898989898
 85 494.9494949494949
 0 500


