# Created by Octave 3.8.2, Mon Jun 22 06:04:16 2020 CEST <damian@fptrucha.inv.usc.es>
# name: hd
# type: matrix
# rows: 100
# columns: 2
 4 0
 3 5.05050505050505
 3 10.1010101010101
 260 15.15151515151515
 3 20.2020202020202
 2 25.25252525252525
 152 30.3030303030303
 490 35.35353535353535
 554 40.4040404040404
 332 45.45454545454545
 130 50.50505050505051
 69 55.55555555555555
 3 60.6060606060606
 259 65.65656565656565
 206 70.7070707070707
 515 75.75757575757575
 4 80.8080808080808
 0 85.85858585858585
 59 90.90909090909091
 8 95.95959595959596
 2 101.010101010101
 186 106.060606060606
 152 111.1111111111111
 342 116.1616161616162
 197 121.2121212121212
 71 126.2626262626263
 0 131.3131313131313
 2 136.3636363636363
 71 141.4141414141414
 86 146.4646464646464
 414 151.5151515151515
 234 156.5656565656566
 1 161.6161616161616
 2 166.6666666666667
 66 171.7171717171717
 30 176.7676767676768
 2 181.8181818181818
 0 186.8686868686869
 192 191.9191919191919
 278 196.969696969697
 55 202.020202020202
 68 207.070707070707
 164 212.1212121212121
 63 217.1717171717171
 87 222.2222222222222
 229 227.2727272727273
 126 232.3232323232323
 0 237.3737373737374
 30 242.4242424242424
 147 247.4747474747475
 17 252.5252525252525
 116 257.5757575757576
 123 262.6262626262626
 39 267.6767676767677
 254 272.7272727272727
 139 277.7777777777778
 412 282.8282828282828
 179 287.8787878787879
 3 292.9292929292929
 0 297.979797979798
 2 303.030303030303
 193 308.0808080808081
 26 313.1313131313131
 22 318.1818181818182
 28 323.2323232323232
 35 328.2828282828282
 161 333.3333333333333
 71 338.3838383838383
 20 343.4343434343434
 176 348.4848484848484
 98 353.5353535353535
 21 358.5858585858585
 1 363.6363636363636
 46 368.6868686868686
 38 373.7373737373737
 25 378.7878787878788
 2 383.8383838383838
 1 388.8888888888889
 320 393.9393939393939
 60 398.989898989899
 54 404.040404040404
 160 409.0909090909091
 144 414.1414141414141
 559 419.1919191919192
 32 424.2424242424242
 244 429.2929292929293
 170 434.3434343434343
 3 439.3939393939394
 51 444.4444444444444
 61 449.4949494949495
 49 454.5454545454545
 1 459.5959595959596
 0 464.6464646464646
 1 469.6969696969697
 1 474.7474747474747
 7 479.7979797979798
 19 484.8484848484848
 23 489.8989898989898
 75 494.9494949494949
 0 500


