# Created by Octave 3.8.2, Sat Jun 20 09:23:23 2020 CEST <damian@fptrucha.inv.usc.es>
# name: hd
# type: matrix
# rows: 100
# columns: 2
 3 0
 4 5.05050505050505
 2 10.1010101010101
 334 15.15151515151515
 1 20.2020202020202
 0 25.25252525252525
 184 30.3030303030303
 567 35.35353535353535
 699 40.4040404040404
 304 45.45454545454545
 155 50.50505050505051
 74 55.55555555555555
 0 60.6060606060606
 288 65.65656565656565
 221 70.7070707070707
 625 75.75757575757575
 2 80.8080808080808
 0 85.85858585858585
 71 90.90909090909091
 2 95.95959595959596
 0 101.010101010101
 219 106.060606060606
 189 111.1111111111111
 449 116.1616161616162
 219 121.2121212121212
 80 126.2626262626263
 0 131.3131313131313
 3 136.3636363636363
 77 141.4141414141414
 100 146.4646464646464
 482 151.5151515151515
 282 156.5656565656566
 2 161.6161616161616
 0 166.6666666666667
 89 171.7171717171717
 40 176.7676767676768
 2 181.8181818181818
 0 186.8686868686869
 217 191.9191919191919
 280 196.969696969697
 51 202.020202020202
 115 207.070707070707
 203 212.1212121212121
 70 217.1717171717171
 132 222.2222222222222
 273 227.2727272727273
 160 232.3232323232323
 1 237.3737373737374
 25 242.4242424242424
 151 247.4747474747475
 32 252.5252525252525
 139 257.5757575757576
 162 262.6262626262626
 50 267.6767676767677
 289 272.7272727272727
 191 277.7777777777778
 490 282.8282828282828
 227 287.8787878787879
 2 292.9292929292929
 0 297.979797979798
 0 303.030303030303
 257 308.0808080808081
 35 313.1313131313131
 42 318.1818181818182
 39 323.2323232323232
 46 328.2828282828282
 198 333.3333333333333
 75 338.3838383838383
 21 343.4343434343434
 226 348.4848484848484
 111 353.5353535353535
 30 358.5858585858585
 2 363.6363636363636
 61 368.6868686868686
 45 373.7373737373737
 51 378.7878787878788
 1 383.8383838383838
 1 388.8888888888889
 346 393.9393939393939
 55 398.989898989899
 69 404.040404040404
 184 409.0909090909091
 162 414.1414141414141
 645 419.1919191919192
 20 424.2424242424242
 264 429.2929292929293
 218 434.3434343434343
 5 439.3939393939394
 70 444.4444444444444
 82 449.4949494949495
 63 454.5454545454545
 1 459.5959595959596
 1 464.6464646464646
 4 469.6969696969697
 2 474.7474747474747
 0 479.7979797979798
 17 484.8484848484848
 23 489.8989898989898
 85 494.9494949494949
 0 500


