# Created by Octave 3.8.2, Sun Jun 21 07:48:17 2020 CEST <damian@fptrucha.inv.usc.es>
# name: hd
# type: matrix
# rows: 100
# columns: 2
 0 0
 4 5.05050505050505
 1 10.1010101010101
 282 15.15151515151515
 1 20.2020202020202
 1 25.25252525252525
 174 30.3030303030303
 533 35.35353535353535
 609 40.4040404040404
 294 45.45454545454545
 120 50.50505050505051
 66 55.55555555555555
 0 60.6060606060606
 242 65.65656565656565
 201 70.7070707070707
 523 75.75757575757575
 0 80.8080808080808
 1 85.85858585858585
 57 90.90909090909091
 4 95.95959595959596
 2 101.010101010101
 176 106.060606060606
 194 111.1111111111111
 342 116.1616161616162
 213 121.2121212121212
 74 126.2626262626263
 2 131.3131313131313
 1 136.3636363636363
 67 141.4141414141414
 91 146.4646464646464
 427 151.5151515151515
 261 156.5656565656566
 0 161.6161616161616
 1 166.6666666666667
 75 171.7171717171717
 34 176.7676767676768
 2 181.8181818181818
 0 186.8686868686869
 186 191.9191919191919
 274 196.969696969697
 37 202.020202020202
 99 207.070707070707
 176 212.1212121212121
 67 217.1717171717171
 103 222.2222222222222
 238 227.2727272727273
 124 232.3232323232323
 2 237.3737373737374
 24 242.4242424242424
 143 247.4747474747475
 29 252.5252525252525
 123 257.5757575757576
 122 262.6262626262626
 34 267.6767676767677
 263 272.7272727272727
 155 277.7777777777778
 446 282.8282828282828
 184 287.8787878787879
 0 292.9292929292929
 2 297.979797979798
 1 303.030303030303
 236 308.0808080808081
 24 313.1313131313131
 36 318.1818181818182
 30 323.2323232323232
 33 328.2828282828282
 168 333.3333333333333
 54 338.3838383838383
 19 343.4343434343434
 183 348.4848484848484
 113 353.5353535353535
 21 358.5858585858585
 2 363.6363636363636
 46 368.6868686868686
 26 373.7373737373737
 46 378.7878787878788
 2 383.8383838383838
 0 388.8888888888889
 346 393.9393939393939
 62 398.989898989899
 55 404.040404040404
 166 409.0909090909091
 123 414.1414141414141
 584 419.1919191919192
 24 424.2424242424242
 223 429.2929292929293
 181 434.3434343434343
 1 439.3939393939394
 58 444.4444444444444
 77 449.4949494949495
 44 454.5454545454545
 0 459.5959595959596
 0 464.6464646464646
 2 469.6969696969697
 1 474.7474747474747
 3 479.7979797979798
 16 484.8484848484848
 20 489.8989898989898
 67 494.9494949494949
 0 500


