# Created by Octave 3.8.2, Mon Jun 22 12:29:10 2020 CEST <damian@fptrucha.inv.usc.es>
# name: hd
# type: matrix
# rows: 100
# columns: 2
 3 0
 4 5.05050505050505
 4 10.1010101010101
 260 15.15151515151515
 3 20.2020202020202
 2 25.25252525252525
 162 30.3030303030303
 555 35.35353535353535
 587 40.4040404040404
 315 45.45454545454545
 117 50.50505050505051
 80 55.55555555555555
 0 60.6060606060606
 283 65.65656565656565
 211 70.7070707070707
 588 75.75757575757575
 4 80.8080808080808
 2 85.85858585858585
 58 90.90909090909091
 9 95.95959595959596
 4 101.010101010101
 181 106.060606060606
 183 111.1111111111111
 412 116.1616161616162
 197 121.2121212121212
 85 126.2626262626263
 1 131.3131313131313
 2 136.3636363636363
 68 141.4141414141414
 119 146.4646464646464
 461 151.5151515151515
 250 156.5656565656566
 3 161.6161616161616
 0 166.6666666666667
 77 171.7171717171717
 28 176.7676767676768
 1 181.8181818181818
 3 186.8686868686869
 188 191.9191919191919
 275 196.969696969697
 43 202.020202020202
 104 207.070707070707
 167 212.1212121212121
 74 217.1717171717171
 96 222.2222222222222
 215 227.2727272727273
 130 232.3232323232323
 1 237.3737373737374
 23 242.4242424242424
 145 247.4747474747475
 21 252.5252525252525
 119 257.5757575757576
 142 262.6262626262626
 29 267.6767676767677
 265 272.7272727272727
 142 277.7777777777778
 459 282.8282828282828
 217 287.8787878787879
 1 292.9292929292929
 2 297.979797979798
 0 303.030303030303
 197 308.0808080808081
 27 313.1313131313131
 43 318.1818181818182
 37 323.2323232323232
 51 328.2828282828282
 158 333.3333333333333
 71 338.3838383838383
 25 343.4343434343434
 199 348.4848484848484
 86 353.5353535353535
 34 358.5858585858585
 4 363.6363636363636
 43 368.6868686868686
 30 373.7373737373737
 34 378.7878787878788
 1 383.8383838383838
 0 388.8888888888889
 324 393.9393939393939
 66 398.989898989899
 79 404.040404040404
 174 409.0909090909091
 139 414.1414141414141
 599 419.1919191919192
 18 424.2424242424242
 250 429.2929292929293
 183 434.3434343434343
 4 439.3939393939394
 66 444.4444444444444
 66 449.4949494949495
 47 454.5454545454545
 1 459.5959595959596
 3 464.6464646464646
 1 469.6969696969697
 0 474.7474747474747
 1 479.7979797979798
 18 484.8484848484848
 20 489.8989898989898
 70 494.9494949494949
 0 500


