# Created by Octave 3.8.2, Mon Jun 22 02:41:39 2020 CEST <damian@fptrucha.inv.usc.es>
# name: hd
# type: matrix
# rows: 100
# columns: 2
 4 0
 3 5.05050505050505
 4 10.1010101010101
 221 15.15151515151515
 8 20.2020202020202
 1 25.25252525252525
 166 30.3030303030303
 487 35.35353535353535
 518 40.4040404040404
 321 45.45454545454545
 149 50.50505050505051
 81 55.55555555555555
 0 60.6060606060606
 251 65.65656565656565
 187 70.7070707070707
 510 75.75757575757575
 1 80.8080808080808
 2 85.85858585858585
 61 90.90909090909091
 1 95.95959595959596
 7 101.010101010101
 183 106.060606060606
 157 111.1111111111111
 365 116.1616161616162
 150 121.2121212121212
 71 126.2626262626263
 1 131.3131313131313
 2 136.3636363636363
 58 141.4141414141414
 92 146.4646464646464
 373 151.5151515151515
 213 156.5656565656566
 3 161.6161616161616
 1 166.6666666666667
 48 171.7171717171717
 27 176.7676767676768
 0 181.8181818181818
 0 186.8686868686869
 191 191.9191919191919
 255 196.969696969697
 42 202.020202020202
 78 207.070707070707
 156 212.1212121212121
 62 217.1717171717171
 101 222.2222222222222
 210 227.2727272727273
 132 232.3232323232323
 1 237.3737373737374
 28 242.4242424242424
 127 247.4747474747475
 21 252.5252525252525
 105 257.5757575757576
 115 262.6262626262626
 32 267.6767676767677
 243 272.7272727272727
 128 277.7777777777778
 386 282.8282828282828
 205 287.8787878787879
 0 292.9292929292929
 1 297.979797979798
 0 303.030303030303
 168 308.0808080808081
 38 313.1313131313131
 32 318.1818181818182
 28 323.2323232323232
 39 328.2828282828282
 161 333.3333333333333
 57 338.3838383838383
 19 343.4343434343434
 203 348.4848484848484
 92 353.5353535353535
 32 358.5858585858585
 5 363.6363636363636
 51 368.6868686868686
 48 373.7373737373737
 35 378.7878787878788
 2 383.8383838383838
 1 388.8888888888889
 300 393.9393939393939
 52 398.989898989899
 51 404.040404040404
 183 409.0909090909091
 142 414.1414141414141
 565 419.1919191919192
 14 424.2424242424242
 242 429.2929292929293
 174 434.3434343434343
 3 439.3939393939394
 57 444.4444444444444
 56 449.4949494949495
 56 454.5454545454545
 0 459.5959595959596
 4 464.6464646464646
 0 469.6969696969697
 2 474.7474747474747
 2 479.7979797979798
 24 484.8484848484848
 16 489.8989898989898
 77 494.9494949494949
 0 500


