# Created by Octave 3.8.2, Mon Jun 22 18:28:41 2020 CEST <damian@fptrucha.inv.usc.es>
# name: hd
# type: matrix
# rows: 100
# columns: 2
 2 0
 3 5.05050505050505
 0 10.1010101010101
 301 15.15151515151515
 6 20.2020202020202
 1 25.25252525252525
 176 30.3030303030303
 524 35.35353535353535
 658 40.4040404040404
 292 45.45454545454545
 137 50.50505050505051
 67 55.55555555555555
 2 60.6060606060606
 265 65.65656565656565
 205 70.7070707070707
 612 75.75757575757575
 1 80.8080808080808
 0 85.85858585858585
 53 90.90909090909091
 3 95.95959595959596
 6 101.010101010101
 201 106.060606060606
 169 111.1111111111111
 405 116.1616161616162
 212 121.2121212121212
 83 126.2626262626263
 1 131.3131313131313
 1 136.3636363636363
 89 141.4141414141414
 124 146.4646464646464
 487 151.5151515151515
 221 156.5656565656566
 2 161.6161616161616
 0 166.6666666666667
 78 171.7171717171717
 29 176.7676767676768
 3 181.8181818181818
 1 186.8686868686869
 190 191.9191919191919
 234 196.969696969697
 45 202.020202020202
 87 207.070707070707
 191 212.1212121212121
 69 217.1717171717171
 109 222.2222222222222
 266 227.2727272727273
 126 232.3232323232323
 1 237.3737373737374
 20 242.4242424242424
 146 247.4747474747475
 15 252.5252525252525
 120 257.5757575757576
 124 262.6262626262626
 48 267.6767676767677
 277 272.7272727272727
 133 277.7777777777778
 474 282.8282828282828
 200 287.8787878787879
 3 292.9292929292929
 1 297.979797979798
 0 303.030303030303
 224 308.0808080808081
 36 313.1313131313131
 40 318.1818181818182
 37 323.2323232323232
 43 328.2828282828282
 221 333.3333333333333
 82 338.3838383838383
 21 343.4343434343434
 201 348.4848484848484
 103 353.5353535353535
 34 358.5858585858585
 2 363.6363636363636
 49 368.6868686868686
 39 373.7373737373737
 35 378.7878787878788
 0 383.8383838383838
 1 388.8888888888889
 303 393.9393939393939
 73 398.989898989899
 72 404.040404040404
 185 409.0909090909091
 143 414.1414141414141
 577 419.1919191919192
 16 424.2424242424242
 261 429.2929292929293
 182 434.3434343434343
 2 439.3939393939394
 61 444.4444444444444
 77 449.4949494949495
 56 454.5454545454545
 1 459.5959595959596
 2 464.6464646464646
 0 469.6969696969697
 1 474.7474747474747
 0 479.7979797979798
 19 484.8484848484848
 30 489.8989898989898
 89 494.9494949494949
 0 500


