# Created by Octave 3.8.2, Tue Jun 23 00:43:46 2020 CEST <damian@fptrucha.inv.usc.es>
# name: hd
# type: matrix
# rows: 100
# columns: 2
 2 0
 3 5.05050505050505
 2 10.1010101010101
 312 15.15151515151515
 3 20.2020202020202
 0 25.25252525252525
 155 30.3030303030303
 550 35.35353535353535
 659 40.4040404040404
 335 45.45454545454545
 119 50.50505050505051
 59 55.55555555555555
 0 60.6060606060606
 280 65.65656565656565
 229 70.7070707070707
 623 75.75757575757575
 0 80.8080808080808
 2 85.85858585858585
 65 90.90909090909091
 5 95.95959595959596
 3 101.010101010101
 212 106.060606060606
 181 111.1111111111111
 453 116.1616161616162
 216 121.2121212121212
 93 126.2626262626263
 0 131.3131313131313
 0 136.3636363636363
 80 141.4141414141414
 107 146.4646464646464
 471 151.5151515151515
 261 156.5656565656566
 1 161.6161616161616
 0 166.6666666666667
 100 171.7171717171717
 36 176.7676767676768
 2 181.8181818181818
 2 186.8686868686869
 215 191.9191919191919
 281 196.969696969697
 50 202.020202020202
 95 207.070707070707
 188 212.1212121212121
 57 217.1717171717171
 123 222.2222222222222
 274 227.2727272727273
 128 232.3232323232323
 2 237.3737373737374
 33 242.4242424242424
 137 247.4747474747475
 21 252.5252525252525
 108 257.5757575757576
 137 262.6262626262626
 45 267.6767676767677
 290 272.7272727272727
 160 277.7777777777778
 493 282.8282828282828
 210 287.8787878787879
 0 292.9292929292929
 2 297.979797979798
 0 303.030303030303
 235 308.0808080808081
 23 313.1313131313131
 39 318.1818181818182
 29 323.2323232323232
 44 328.2828282828282
 184 333.3333333333333
 71 338.3838383838383
 13 343.4343434343434
 190 348.4848484848484
 117 353.5353535353535
 34 358.5858585858585
 1 363.6363636363636
 48 368.6868686868686
 36 373.7373737373737
 44 378.7878787878788
 2 383.8383838383838
 1 388.8888888888889
 287 393.9393939393939
 52 398.989898989899
 69 404.040404040404
 167 409.0909090909091
 155 414.1414141414141
 571 419.1919191919192
 23 424.2424242424242
 267 429.2929292929293
 187 434.3434343434343
 1 439.3939393939394
 58 444.4444444444444
 74 449.4949494949495
 57 454.5454545454545
 0 459.5959595959596
 1 464.6464646464646
 1 469.6969696969697
 5 474.7474747474747
 2 479.7979797979798
 22 484.8484848484848
 17 489.8989898989898
 82 494.9494949494949
 0 500


