# Created by Octave 3.8.2, Sat Jun 20 06:05:26 2020 CEST <damian@fptrucha.inv.usc.es>
# name: hd
# type: matrix
# rows: 100
# columns: 2
 0 0
 2 5.05050505050505
 1 10.1010101010101
 292 15.15151515151515
 2 20.2020202020202
 0 25.25252525252525
 167 30.3030303030303
 582 35.35353535353535
 693 40.4040404040404
 347 45.45454545454545
 137 50.50505050505051
 75 55.55555555555555
 2 60.6060606060606
 285 65.65656565656565
 227 70.7070707070707
 607 75.75757575757575
 1 80.8080808080808
 0 85.85858585858585
 54 90.90909090909091
 3 95.95959595959596
 3 101.010101010101
 192 106.060606060606
 214 111.1111111111111
 460 116.1616161616162
 216 121.2121212121212
 96 126.2626262626263
 2 131.3131313131313
 3 136.3636363636363
 73 141.4141414141414
 89 146.4646464646464
 516 151.5151515151515
 319 156.5656565656566
 4 161.6161616161616
 1 166.6666666666667
 70 171.7171717171717
 44 176.7676767676768
 2 181.8181818181818
 0 186.8686868686869
 183 191.9191919191919
 304 196.969696969697
 62 202.020202020202
 123 207.070707070707
 182 212.1212121212121
 85 217.1717171717171
 115 222.2222222222222
 257 227.2727272727273
 159 232.3232323232323
 0 237.3737373737374
 33 242.4242424242424
 148 247.4747474747475
 18 252.5252525252525
 129 257.5757575757576
 144 262.6262626262626
 52 267.6767676767677
 293 272.7272727272727
 143 277.7777777777778
 510 282.8282828282828
 216 287.8787878787879
 0 292.9292929292929
 1 297.979797979798
 0 303.030303030303
 219 308.0808080808081
 34 313.1313131313131
 31 318.1818181818182
 44 323.2323232323232
 53 328.2828282828282
 191 333.3333333333333
 71 338.3838383838383
 20 343.4343434343434
 184 348.4848484848484
 94 353.5353535353535
 32 358.5858585858585
 0 363.6363636363636
 57 368.6868686868686
 44 373.7373737373737
 53 378.7878787878788
 3 383.8383838383838
 0 388.8888888888889
 353 393.9393939393939
 71 398.989898989899
 66 404.040404040404
 179 409.0909090909091
 153 414.1414141414141
 625 419.1919191919192
 25 424.2424242424242
 267 429.2929292929293
 217 434.3434343434343
 2 439.3939393939394
 69 444.4444444444444
 89 449.4949494949495
 59 454.5454545454545
 0 459.5959595959596
 1 464.6464646464646
 0 469.6969696969697
 2 474.7474747474747
 2 479.7979797979798
 26 484.8484848484848
 28 489.8989898989898
 93 494.9494949494949
 0 500


