# Created by Octave 3.8.2, Mon Jun 22 11:23:36 2020 CEST <damian@fptrucha.inv.usc.es>
# name: hd
# type: matrix
# rows: 100
# columns: 2
 4 0
 4 5.05050505050505
 3 10.1010101010101
 285 15.15151515151515
 5 20.2020202020202
 0 25.25252525252525
 151 30.3030303030303
 526 35.35353535353535
 587 40.4040404040404
 321 45.45454545454545
 134 50.50505050505051
 69 55.55555555555555
 3 60.6060606060606
 285 65.65656565656565
 201 70.7070707070707
 520 75.75757575757575
 0 80.8080808080808
 1 85.85858585858585
 50 90.90909090909091
 8 95.95959595959596
 3 101.010101010101
 226 106.060606060606
 164 111.1111111111111
 380 116.1616161616162
 185 121.2121212121212
 82 126.2626262626263
 0 131.3131313131313
 1 136.3636363636363
 66 141.4141414141414
 84 146.4646464646464
 407 151.5151515151515
 249 156.5656565656566
 3 161.6161616161616
 1 166.6666666666667
 76 171.7171717171717
 34 176.7676767676768
 3 181.8181818181818
 3 186.8686868686869
 191 191.9191919191919
 256 196.969696969697
 49 202.020202020202
 93 207.070707070707
 195 212.1212121212121
 73 217.1717171717171
 102 222.2222222222222
 220 227.2727272727273
 143 232.3232323232323
 1 237.3737373737374
 27 242.4242424242424
 138 247.4747474747475
 20 252.5252525252525
 109 257.5757575757576
 125 262.6262626262626
 40 267.6767676767677
 282 272.7272727272727
 137 277.7777777777778
 437 282.8282828282828
 199 287.8787878787879
 3 292.9292929292929
 3 297.979797979798
 0 303.030303030303
 204 308.0808080808081
 35 313.1313131313131
 33 318.1818181818182
 24 323.2323232323232
 42 328.2828282828282
 213 333.3333333333333
 61 338.3838383838383
 23 343.4343434343434
 190 348.4848484848484
 101 353.5353535353535
 30 358.5858585858585
 5 363.6363636363636
 49 368.6868686868686
 36 373.7373737373737
 39 378.7878787878788
 1 383.8383838383838
 0 388.8888888888889
 335 393.9393939393939
 47 398.989898989899
 60 404.040404040404
 168 409.0909090909091
 148 414.1414141414141
 557 419.1919191919192
 20 424.2424242424242
 228 429.2929292929293
 183 434.3434343434343
 4 439.3939393939394
 62 444.4444444444444
 85 449.4949494949495
 58 454.5454545454545
 0 459.5959595959596
 1 464.6464646464646
 0 469.6969696969697
 0 474.7474747474747
 0 479.7979797979798
 20 484.8484848484848
 16 489.8989898989898
 59 494.9494949494949
 0 500


