# Created by Octave 3.8.2, Sun Jun 21 01:16:33 2020 CEST <damian@fptrucha.inv.usc.es>
# name: hd
# type: matrix
# rows: 100
# columns: 2
 1 0
 5 5.05050505050505
 2 10.1010101010101
 256 15.15151515151515
 1 20.2020202020202
 0 25.25252525252525
 155 30.3030303030303
 524 35.35353535353535
 579 40.4040404040404
 288 45.45454545454545
 128 50.50505050505051
 60 55.55555555555555
 1 60.6060606060606
 257 65.65656565656565
 210 70.7070707070707
 563 75.75757575757575
 1 80.8080808080808
 4 85.85858585858585
 60 90.90909090909091
 3 95.95959595959596
 0 101.010101010101
 186 106.060606060606
 184 111.1111111111111
 395 116.1616161616162
 215 121.2121212121212
 99 126.2626262626263
 1 131.3131313131313
 0 136.3636363636363
 77 141.4141414141414
 89 146.4646464646464
 433 151.5151515151515
 230 156.5656565656566
 2 161.6161616161616
 0 166.6666666666667
 50 171.7171717171717
 27 176.7676767676768
 0 181.8181818181818
 0 186.8686868686869
 164 191.9191919191919
 272 196.969696969697
 60 202.020202020202
 96 207.070707070707
 185 212.1212121212121
 58 217.1717171717171
 86 222.2222222222222
 212 227.2727272727273
 121 232.3232323232323
 0 237.3737373737374
 15 242.4242424242424
 134 247.4747474747475
 21 252.5252525252525
 119 257.5757575757576
 148 262.6262626262626
 31 267.6767676767677
 264 272.7272727272727
 128 277.7777777777778
 470 282.8282828282828
 192 287.8787878787879
 2 292.9292929292929
 0 297.979797979798
 0 303.030303030303
 215 308.0808080808081
 19 313.1313131313131
 43 318.1818181818182
 36 323.2323232323232
 47 328.2828282828282
 160 333.3333333333333
 59 338.3838383838383
 19 343.4343434343434
 171 348.4848484848484
 74 353.5353535353535
 28 358.5858585858585
 0 363.6363636363636
 44 368.6868686868686
 35 373.7373737373737
 30 378.7878787878788
 1 383.8383838383838
 0 388.8888888888889
 265 393.9393939393939
 51 398.989898989899
 64 404.040404040404
 171 409.0909090909091
 142 414.1414141414141
 541 419.1919191919192
 29 424.2424242424242
 213 429.2929292929293
 201 434.3434343434343
 3 439.3939393939394
 54 444.4444444444444
 76 449.4949494949495
 57 454.5454545454545
 1 459.5959595959596
 1 464.6464646464646
 0 469.6969696969697
 1 474.7474747474747
 1 479.7979797979798
 18 484.8484848484848
 26 489.8989898989898
 57 494.9494949494949
 0 500


