# Created by Octave 3.8.2, Sun Jun 21 01:07:52 2020 CEST <damian@fptrucha.inv.usc.es>
# name: hd
# type: matrix
# rows: 100
# columns: 2
 0 0
 0 5.05050505050505
 1 10.1010101010101
 159 15.15151515151515
 0 20.2020202020202
 0 25.25252525252525
 115 30.3030303030303
 327 35.35353535353535
 389 40.4040404040404
 159 45.45454545454545
 76 50.50505050505051
 39 55.55555555555555
 0 60.6060606060606
 207 65.65656565656565
 136 70.7070707070707
 346 75.75757575757575
 0 80.8080808080808
 2 85.85858585858585
 40 90.90909090909091
 2 95.95959595959596
 0 101.010101010101
 125 106.060606060606
 119 111.1111111111111
 253 116.1616161616162
 126 121.2121212121212
 60 126.2626262626263
 1 131.3131313131313
 0 136.3636363636363
 47 141.4141414141414
 56 146.4646464646464
 281 151.5151515151515
 162 156.5656565656566
 2 161.6161616161616
 1 166.6666666666667
 28 171.7171717171717
 18 176.7676767676768
 1 181.8181818181818
 1 186.8686868686869
 122 191.9191919191919
 143 196.969696969697
 33 202.020202020202
 61 207.070707070707
 119 212.1212121212121
 52 217.1717171717171
 58 222.2222222222222
 129 227.2727272727273
 97 232.3232323232323
 1 237.3737373737374
 15 242.4242424242424
 84 247.4747474747475
 10 252.5252525252525
 63 257.5757575757576
 86 262.6262626262626
 26 267.6767676767677
 166 272.7272727272727
 90 277.7777777777778
 308 282.8282828282828
 149 287.8787878787879
 0 292.9292929292929
 1 297.979797979798
 0 303.030303030303
 138 308.0808080808081
 25 313.1313131313131
 30 318.1818181818182
 24 323.2323232323232
 33 328.2828282828282
 110 333.3333333333333
 35 338.3838383838383
 8 343.4343434343434
 114 348.4848484848484
 53 353.5353535353535
 20 358.5858585858585
 1 363.6363636363636
 38 368.6868686868686
 28 373.7373737373737
 24 378.7878787878788
 0 383.8383838383838
 1 388.8888888888889
 203 393.9393939393939
 28 398.989898989899
 48 404.040404040404
 120 409.0909090909091
 86 414.1414141414141
 323 419.1919191919192
 8 424.2424242424242
 141 429.2929292929293
 118 434.3434343434343
 5 439.3939393939394
 32 444.4444444444444
 54 449.4949494949495
 39 454.5454545454545
 2 459.5959595959596
 0 464.6464646464646
 1 469.6969696969697
 0 474.7474747474747
 1 479.7979797979798
 7 484.8484848484848
 16 489.8989898989898
 41 494.9494949494949
 0 500


