# Created by Octave 3.8.2, Sat Jun 20 11:50:02 2020 CEST <damian@fptrucha.inv.usc.es>
# name: hd
# type: matrix
# rows: 100
# columns: 2
 1 0
 1 5.05050505050505
 2 10.1010101010101
 306 15.15151515151515
 0 20.2020202020202
 2 25.25252525252525
 163 30.3030303030303
 523 35.35353535353535
 662 40.4040404040404
 349 45.45454545454545
 141 50.50505050505051
 67 55.55555555555555
 3 60.6060606060606
 269 65.65656565656565
 244 70.7070707070707
 605 75.75757575757575
 0 80.8080808080808
 2 85.85858585858585
 65 90.90909090909091
 1 95.95959595959596
 1 101.010101010101
 197 106.060606060606
 184 111.1111111111111
 425 116.1616161616162
 217 121.2121212121212
 100 126.2626262626263
 0 131.3131313131313
 2 136.3636363636363
 71 141.4141414141414
 88 146.4646464646464
 482 151.5151515151515
 259 156.5656565656566
 2 161.6161616161616
 0 166.6666666666667
 82 171.7171717171717
 31 176.7676767676768
 0 181.8181818181818
 1 186.8686868686869
 187 191.9191919191919
 271 196.969696969697
 51 202.020202020202
 102 207.070707070707
 206 212.1212121212121
 68 217.1717171717171
 113 222.2222222222222
 230 227.2727272727273
 141 232.3232323232323
 1 237.3737373737374
 28 242.4242424242424
 142 247.4747474747475
 19 252.5252525252525
 117 257.5757575757576
 168 262.6262626262626
 42 267.6767676767677
 281 272.7272727272727
 152 277.7777777777778
 503 282.8282828282828
 217 287.8787878787879
 1 292.9292929292929
 0 297.979797979798
 0 303.030303030303
 235 308.0808080808081
 29 313.1313131313131
 47 318.1818181818182
 35 323.2323232323232
 49 328.2828282828282
 191 333.3333333333333
 80 338.3838383838383
 22 343.4343434343434
 195 348.4848484848484
 98 353.5353535353535
 29 358.5858585858585
 1 363.6363636363636
 62 368.6868686868686
 45 373.7373737373737
 34 378.7878787878788
 0 383.8383838383838
 1 388.8888888888889
 349 393.9393939393939
 67 398.989898989899
 68 404.040404040404
 185 409.0909090909091
 169 414.1414141414141
 624 419.1919191919192
 22 424.2424242424242
 245 429.2929292929293
 192 434.3434343434343
 3 439.3939393939394
 65 444.4444444444444
 88 449.4949494949495
 61 454.5454545454545
 1 459.5959595959596
 0 464.6464646464646
 0 469.6969696969697
 2 474.7474747474747
 2 479.7979797979798
 9 484.8484848484848
 29 489.8989898989898
 76 494.9494949494949
 0 500


