# Created by Octave 3.8.2, Mon Jun 22 16:59:25 2020 CEST <damian@fptrucha.inv.usc.es>
# name: hd
# type: matrix
# rows: 100
# columns: 2
 5 0
 3 5.05050505050505
 1 10.1010101010101
 298 15.15151515151515
 4 20.2020202020202
 1 25.25252525252525
 153 30.3030303030303
 529 35.35353535353535
 628 40.4040404040404
 336 45.45454545454545
 150 50.50505050505051
 69 55.55555555555555
 3 60.6060606060606
 301 65.65656565656565
 211 70.7070707070707
 590 75.75757575757575
 3 80.8080808080808
 2 85.85858585858585
 69 90.90909090909091
 4 95.95959595959596
 2 101.010101010101
 177 106.060606060606
 164 111.1111111111111
 434 116.1616161616162
 217 121.2121212121212
 87 126.2626262626263
 1 131.3131313131313
 0 136.3636363636363
 69 141.4141414141414
 97 146.4646464646464
 452 151.5151515151515
 272 156.5656565656566
 3 161.6161616161616
 1 166.6666666666667
 69 171.7171717171717
 29 176.7676767676768
 0 181.8181818181818
 2 186.8686868686869
 206 191.9191919191919
 266 196.969696969697
 51 202.020202020202
 112 207.070707070707
 180 212.1212121212121
 57 217.1717171717171
 92 222.2222222222222
 246 227.2727272727273
 158 232.3232323232323
 2 237.3737373737374
 28 242.4242424242424
 133 247.4747474747475
 22 252.5252525252525
 114 257.5757575757576
 122 262.6262626262626
 36 267.6767676767677
 260 272.7272727272727
 152 277.7777777777778
 454 282.8282828282828
 219 287.8787878787879
 4 292.9292929292929
 0 297.979797979798
 1 303.030303030303
 207 308.0808080808081
 36 313.1313131313131
 41 318.1818181818182
 37 323.2323232323232
 36 328.2828282828282
 202 333.3333333333333
 102 338.3838383838383
 20 343.4343434343434
 186 348.4848484848484
 91 353.5353535353535
 30 358.5858585858585
 2 363.6363636363636
 47 368.6868686868686
 43 373.7373737373737
 28 378.7878787878788
 1 383.8383838383838
 1 388.8888888888889
 327 393.9393939393939
 55 398.989898989899
 52 404.040404040404
 171 409.0909090909091
 157 414.1414141414141
 592 419.1919191919192
 27 424.2424242424242
 237 429.2929292929293
 178 434.3434343434343
 4 439.3939393939394
 61 444.4444444444444
 59 449.4949494949495
 70 454.5454545454545
 0 459.5959595959596
 0 464.6464646464646
 2 469.6969696969697
 0 474.7474747474747
 1 479.7979797979798
 29 484.8484848484848
 24 489.8989898989898
 68 494.9494949494949
 0 500


