# Created by Octave 3.8.2, Tue Jun 23 00:26:21 2020 CEST <damian@fptrucha.inv.usc.es>
# name: hd
# type: matrix
# rows: 100
# columns: 2
 4 0
 4 5.05050505050505
 2 10.1010101010101
 288 15.15151515151515
 2 20.2020202020202
 3 25.25252525252525
 155 30.3030303030303
 525 35.35353535353535
 664 40.4040404040404
 308 45.45454545454545
 143 50.50505050505051
 61 55.55555555555555
 4 60.6060606060606
 285 65.65656565656565
 249 70.7070707070707
 591 75.75757575757575
 1 80.8080808080808
 1 85.85858585858585
 66 90.90909090909091
 3 95.95959595959596
 2 101.010101010101
 216 106.060606060606
 194 111.1111111111111
 434 116.1616161616162
 234 121.2121212121212
 86 126.2626262626263
 2 131.3131313131313
 1 136.3636363636363
 53 141.4141414141414
 101 146.4646464646464
 499 151.5151515151515
 283 156.5656565656566
 4 161.6161616161616
 0 166.6666666666667
 84 171.7171717171717
 27 176.7676767676768
 0 181.8181818181818
 1 186.8686868686869
 229 191.9191919191919
 277 196.969696969697
 43 202.020202020202
 92 207.070707070707
 165 212.1212121212121
 59 217.1717171717171
 105 222.2222222222222
 255 227.2727272727273
 133 232.3232323232323
 0 237.3737373737374
 25 242.4242424242424
 159 247.4747474747475
 24 252.5252525252525
 130 257.5757575757576
 113 262.6262626262626
 52 267.6767676767677
 287 272.7272727272727
 156 277.7777777777778
 481 282.8282828282828
 198 287.8787878787879
 0 292.9292929292929
 2 297.979797979798
 1 303.030303030303
 235 308.0808080808081
 21 313.1313131313131
 56 318.1818181818182
 31 323.2323232323232
 48 328.2828282828282
 198 333.3333333333333
 47 338.3838383838383
 14 343.4343434343434
 215 348.4848484848484
 93 353.5353535353535
 46 358.5858585858585
 2 363.6363636363636
 45 368.6868686868686
 33 373.7373737373737
 46 378.7878787878788
 0 383.8383838383838
 0 388.8888888888889
 364 393.9393939393939
 71 398.989898989899
 83 404.040404040404
 166 409.0909090909091
 139 414.1414141414141
 611 419.1919191919192
 18 424.2424242424242
 248 429.2929292929293
 190 434.3434343434343
 1 439.3939393939394
 55 444.4444444444444
 61 449.4949494949495
 57 454.5454545454545
 1 459.5959595959596
 2 464.6464646464646
 0 469.6969696969697
 3 474.7474747474747
 1 479.7979797979798
 24 484.8484848484848
 19 489.8989898989898
 88 494.9494949494949
 0 500


