# Created by Octave 3.8.2, Mon Jun 22 07:18:20 2020 CEST <damian@fptrucha.inv.usc.es>
# name: hd
# type: matrix
# rows: 100
# columns: 2
 3 0
 7 5.05050505050505
 5 10.1010101010101
 254 15.15151515151515
 4 20.2020202020202
 3 25.25252525252525
 118 30.3030303030303
 474 35.35353535353535
 509 40.4040404040404
 309 45.45454545454545
 133 50.50505050505051
 83 55.55555555555555
 1 60.6060606060606
 263 65.65656565656565
 205 70.7070707070707
 530 75.75757575757575
 1 80.8080808080808
 4 85.85858585858585
 73 90.90909090909091
 7 95.95959595959596
 4 101.010101010101
 176 106.060606060606
 157 111.1111111111111
 372 116.1616161616162
 183 121.2121212121212
 82 126.2626262626263
 0 131.3131313131313
 2 136.3636363636363
 57 141.4141414141414
 104 146.4646464646464
 403 151.5151515151515
 236 156.5656565656566
 3 161.6161616161616
 1 166.6666666666667
 73 171.7171717171717
 35 176.7676767676768
 0 181.8181818181818
 0 186.8686868686869
 178 191.9191919191919
 248 196.969696969697
 58 202.020202020202
 98 207.070707070707
 166 212.1212121212121
 59 217.1717171717171
 95 222.2222222222222
 223 227.2727272727273
 137 232.3232323232323
 1 237.3737373737374
 17 242.4242424242424
 132 247.4747474747475
 34 252.5252525252525
 118 257.5757575757576
 110 262.6262626262626
 35 267.6767676767677
 274 272.7272727272727
 114 277.7777777777778
 433 282.8282828282828
 190 287.8787878787879
 1 292.9292929292929
 1 297.979797979798
 0 303.030303030303
 186 308.0808080808081
 19 313.1313131313131
 34 318.1818181818182
 27 323.2323232323232
 31 328.2828282828282
 176 333.3333333333333
 66 338.3838383838383
 26 343.4343434343434
 169 348.4848484848484
 107 353.5353535353535
 28 358.5858585858585
 3 363.6363636363636
 34 368.6868686868686
 47 373.7373737373737
 27 378.7878787878788
 3 383.8383838383838
 1 388.8888888888889
 337 393.9393939393939
 54 398.989898989899
 59 404.040404040404
 169 409.0909090909091
 151 414.1414141414141
 551 419.1919191919192
 24 424.2424242424242
 220 429.2929292929293
 214 434.3434343434343
 5 439.3939393939394
 71 444.4444444444444
 66 449.4949494949495
 53 454.5454545454545
 1 459.5959595959596
 1 464.6464646464646
 1 469.6969696969697
 3 474.7474747474747
 2 479.7979797979798
 17 484.8484848484848
 13 489.8989898989898
 81 494.9494949494949
 0 500


