# Created by Octave 3.8.2, Mon Jun 22 17:52:12 2020 CEST <damian@fptrucha.inv.usc.es>
# name: hd
# type: matrix
# rows: 100
# columns: 2
 8 0
 2 5.05050505050505
 1 10.1010101010101
 316 15.15151515151515
 3 20.2020202020202
 3 25.25252525252525
 166 30.3030303030303
 564 35.35353535353535
 590 40.4040404040404
 330 45.45454545454545
 149 50.50505050505051
 76 55.55555555555555
 2 60.6060606060606
 277 65.65656565656565
 237 70.7070707070707
 557 75.75757575757575
 3 80.8080808080808
 2 85.85858585858585
 71 90.90909090909091
 0 95.95959595959596
 2 101.010101010101
 189 106.060606060606
 167 111.1111111111111
 424 116.1616161616162
 180 121.2121212121212
 99 126.2626262626263
 0 131.3131313131313
 2 136.3636363636363
 68 141.4141414141414
 87 146.4646464646464
 462 151.5151515151515
 271 156.5656565656566
 3 161.6161616161616
 0 166.6666666666667
 57 171.7171717171717
 29 176.7676767676768
 2 181.8181818181818
 0 186.8686868686869
 204 191.9191919191919
 270 196.969696969697
 45 202.020202020202
 108 207.070707070707
 188 212.1212121212121
 62 217.1717171717171
 104 222.2222222222222
 229 227.2727272727273
 137 232.3232323232323
 1 237.3737373737374
 26 242.4242424242424
 134 247.4747474747475
 19 252.5252525252525
 113 257.5757575757576
 131 262.6262626262626
 47 267.6767676767677
 290 272.7272727272727
 128 277.7777777777778
 438 282.8282828282828
 208 287.8787878787879
 1 292.9292929292929
 1 297.979797979798
 3 303.030303030303
 247 308.0808080808081
 29 313.1313131313131
 43 318.1818181818182
 34 323.2323232323232
 27 328.2828282828282
 166 333.3333333333333
 57 338.3838383838383
 15 343.4343434343434
 181 348.4848484848484
 112 353.5353535353535
 36 358.5858585858585
 0 363.6363636363636
 46 368.6868686868686
 31 373.7373737373737
 40 378.7878787878788
 1 383.8383838383838
 0 388.8888888888889
 284 393.9393939393939
 52 398.989898989899
 75 404.040404040404
 171 409.0909090909091
 134 414.1414141414141
 590 419.1919191919192
 25 424.2424242424242
 240 429.2929292929293
 181 434.3434343434343
 1 439.3939393939394
 67 444.4444444444444
 71 449.4949494949495
 61 454.5454545454545
 0 459.5959595959596
 2 464.6464646464646
 2 469.6969696969697
 0 474.7474747474747
 4 479.7979797979798
 14 484.8484848484848
 16 489.8989898989898
 77 494.9494949494949
 0 500


