# Created by Octave 3.8.2, Sun Jun 21 01:13:15 2020 CEST <damian@fptrucha.inv.usc.es>
# name: hd
# type: matrix
# rows: 100
# columns: 2
 1 0
 4 5.05050505050505
 1 10.1010101010101
 273 15.15151515151515
 4 20.2020202020202
 0 25.25252525252525
 144 30.3030303030303
 523 35.35353535353535
 598 40.4040404040404
 321 45.45454545454545
 106 50.50505050505051
 61 55.55555555555555
 0 60.6060606060606
 259 65.65656565656565
 205 70.7070707070707
 591 75.75757575757575
 2 80.8080808080808
 1 85.85858585858585
 56 90.90909090909091
 1 95.95959595959596
 6 101.010101010101
 170 106.060606060606
 193 111.1111111111111
 375 116.1616161616162
 190 121.2121212121212
 100 126.2626262626263
 1 131.3131313131313
 2 136.3636363636363
 63 141.4141414141414
 105 146.4646464646464
 433 151.5151515151515
 249 156.5656565656566
 1 161.6161616161616
 0 166.6666666666667
 58 171.7171717171717
 28 176.7676767676768
 0 181.8181818181818
 1 186.8686868686869
 167 191.9191919191919
 251 196.969696969697
 40 202.020202020202
 94 207.070707070707
 176 212.1212121212121
 54 217.1717171717171
 111 222.2222222222222
 216 227.2727272727273
 148 232.3232323232323
 2 237.3737373737374
 23 242.4242424242424
 157 247.4747474747475
 26 252.5252525252525
 112 257.5757575757576
 134 262.6262626262626
 33 267.6767676767677
 241 272.7272727272727
 145 277.7777777777778
 422 282.8282828282828
 209 287.8787878787879
 1 292.9292929292929
 0 297.979797979798
 0 303.030303030303
 186 308.0808080808081
 19 313.1313131313131
 44 318.1818181818182
 33 323.2323232323232
 25 328.2828282828282
 158 333.3333333333333
 67 338.3838383838383
 21 343.4343434343434
 181 348.4848484848484
 81 353.5353535353535
 26 358.5858585858585
 0 363.6363636363636
 50 368.6868686868686
 36 373.7373737373737
 42 378.7878787878788
 0 383.8383838383838
 1 388.8888888888889
 294 393.9393939393939
 53 398.989898989899
 48 404.040404040404
 146 409.0909090909091
 126 414.1414141414141
 563 419.1919191919192
 25 424.2424242424242
 230 429.2929292929293
 169 434.3434343434343
 3 439.3939393939394
 44 444.4444444444444
 63 449.4949494949495
 52 454.5454545454545
 0 459.5959595959596
 0 464.6464646464646
 1 469.6969696969697
 0 474.7474747474747
 1 479.7979797979798
 19 484.8484848484848
 20 489.8989898989898
 64 494.9494949494949
 0 500


