# Created by Octave 3.8.2, Sun Jun 21 02:25:52 2020 CEST <damian@fptrucha.inv.usc.es>
# name: hd
# type: matrix
# rows: 100
# columns: 2
 0 0
 2 5.05050505050505
 1 10.1010101010101
 278 15.15151515151515
 1 20.2020202020202
 1 25.25252525252525
 154 30.3030303030303
 509 35.35353535353535
 543 40.4040404040404
 296 45.45454545454545
 126 50.50505050505051
 71 55.55555555555555
 3 60.6060606060606
 236 65.65656565656565
 218 70.7070707070707
 572 75.75757575757575
 0 80.8080808080808
 3 85.85858585858585
 69 90.90909090909091
 1 95.95959595959596
 2 101.010101010101
 147 106.060606060606
 161 111.1111111111111
 367 116.1616161616162
 198 121.2121212121212
 114 126.2626262626263
 0 131.3131313131313
 1 136.3636363636363
 74 141.4141414141414
 85 146.4646464646464
 467 151.5151515151515
 269 156.5656565656566
 0 161.6161616161616
 0 166.6666666666667
 66 171.7171717171717
 29 176.7676767676768
 0 181.8181818181818
 1 186.8686868686869
 190 191.9191919191919
 252 196.969696969697
 57 202.020202020202
 94 207.070707070707
 184 212.1212121212121
 59 217.1717171717171
 105 222.2222222222222
 212 227.2727272727273
 131 232.3232323232323
 1 237.3737373737374
 20 242.4242424242424
 125 247.4747474747475
 15 252.5252525252525
 119 257.5757575757576
 126 262.6262626262626
 29 267.6767676767677
 229 272.7272727272727
 138 277.7777777777778
 438 282.8282828282828
 188 287.8787878787879
 0 292.9292929292929
 1 297.979797979798
 0 303.030303030303
 182 308.0808080808081
 19 313.1313131313131
 31 318.1818181818182
 25 323.2323232323232
 48 328.2828282828282
 168 333.3333333333333
 64 338.3838383838383
 20 343.4343434343434
 169 348.4848484848484
 110 353.5353535353535
 23 358.5858585858585
 1 363.6363636363636
 52 368.6868686868686
 53 373.7373737373737
 37 378.7878787878788
 1 383.8383838383838
 1 388.8888888888889
 310 393.9393939393939
 44 398.989898989899
 69 404.040404040404
 165 409.0909090909091
 145 414.1414141414141
 572 419.1919191919192
 12 424.2424242424242
 200 429.2929292929293
 195 434.3434343434343
 2 439.3939393939394
 43 444.4444444444444
 81 449.4949494949495
 44 454.5454545454545
 0 459.5959595959596
 0 464.6464646464646
 1 469.6969696969697
 0 474.7474747474747
 0 479.7979797979798
 17 484.8484848484848
 17 489.8989898989898
 87 494.9494949494949
 0 500


