# Created by Octave 3.8.2, Mon Jun 22 09:55:23 2020 CEST <damian@fptrucha.inv.usc.es>
# name: hd
# type: matrix
# rows: 100
# columns: 2
 1 0
 5 5.05050505050505
 5 10.1010101010101
 305 15.15151515151515
 1 20.2020202020202
 0 25.25252525252525
 163 30.3030303030303
 520 35.35353535353535
 604 40.4040404040404
 340 45.45454545454545
 126 50.50505050505051
 53 55.55555555555555
 4 60.6060606060606
 255 65.65656565656565
 211 70.7070707070707
 519 75.75757575757575
 1 80.8080808080808
 3 85.85858585858585
 73 90.90909090909091
 3 95.95959595959596
 5 101.010101010101
 200 106.060606060606
 182 111.1111111111111
 365 116.1616161616162
 184 121.2121212121212
 100 126.2626262626263
 0 131.3131313131313
 1 136.3636363636363
 57 141.4141414141414
 101 146.4646464646464
 464 151.5151515151515
 255 156.5656565656566
 2 161.6161616161616
 1 166.6666666666667
 67 171.7171717171717
 36 176.7676767676768
 1 181.8181818181818
 1 186.8686868686869
 177 191.9191919191919
 244 196.969696969697
 43 202.020202020202
 100 207.070707070707
 170 212.1212121212121
 52 217.1717171717171
 111 222.2222222222222
 216 227.2727272727273
 138 232.3232323232323
 2 237.3737373737374
 22 242.4242424242424
 172 247.4747474747475
 21 252.5252525252525
 118 257.5757575757576
 138 262.6262626262626
 44 267.6767676767677
 272 272.7272727272727
 151 277.7777777777778
 431 282.8282828282828
 200 287.8787878787879
 1 292.9292929292929
 0 297.979797979798
 0 303.030303030303
 223 308.0808080808081
 26 313.1313131313131
 29 318.1818181818182
 43 323.2323232323232
 37 328.2828282828282
 186 333.3333333333333
 72 338.3838383838383
 22 343.4343434343434
 175 348.4848484848484
 99 353.5353535353535
 35 358.5858585858585
 2 363.6363636363636
 45 368.6868686868686
 37 373.7373737373737
 39 378.7878787878788
 0 383.8383838383838
 1 388.8888888888889
 303 393.9393939393939
 52 398.989898989899
 59 404.040404040404
 176 409.0909090909091
 143 414.1414141414141
 519 419.1919191919192
 22 424.2424242424242
 223 429.2929292929293
 189 434.3434343434343
 3 439.3939393939394
 53 444.4444444444444
 70 449.4949494949495
 49 454.5454545454545
 0 459.5959595959596
 1 464.6464646464646
 2 469.6969696969697
 1 474.7474747474747
 0 479.7979797979798
 16 484.8484848484848
 16 489.8989898989898
 63 494.9494949494949
 0 500


