# Created by Octave 3.8.2, Mon Jun 22 04:45:23 2020 CEST <damian@fptrucha.inv.usc.es>
# name: hd
# type: matrix
# rows: 100
# columns: 2
 2 0
 8 5.05050505050505
 0 10.1010101010101
 252 15.15151515151515
 4 20.2020202020202
 0 25.25252525252525
 131 30.3030303030303
 491 35.35353535353535
 484 40.4040404040404
 282 45.45454545454545
 135 50.50505050505051
 69 55.55555555555555
 3 60.6060606060606
 268 65.65656565656565
 184 70.7070707070707
 488 75.75757575757575
 2 80.8080808080808
 1 85.85858585858585
 54 90.90909090909091
 9 95.95959595959596
 1 101.010101010101
 180 106.060606060606
 157 111.1111111111111
 343 116.1616161616162
 172 121.2121212121212
 76 126.2626262626263
 0 131.3131313131313
 0 136.3636363636363
 68 141.4141414141414
 97 146.4646464646464
 369 151.5151515151515
 218 156.5656565656566
 1 161.6161616161616
 0 166.6666666666667
 78 171.7171717171717
 27 176.7676767676768
 0 181.8181818181818
 0 186.8686868686869
 188 191.9191919191919
 237 196.969696969697
 51 202.020202020202
 88 207.070707070707
 175 212.1212121212121
 51 217.1717171717171
 95 222.2222222222222
 199 227.2727272727273
 118 232.3232323232323
 1 237.3737373737374
 27 242.4242424242424
 127 247.4747474747475
 26 252.5252525252525
 81 257.5757575757576
 96 262.6262626262626
 43 267.6767676767677
 273 272.7272727272727
 130 277.7777777777778
 413 282.8282828282828
 197 287.8787878787879
 4 292.9292929292929
 3 297.979797979798
 0 303.030303030303
 205 308.0808080808081
 18 313.1313131313131
 31 318.1818181818182
 24 323.2323232323232
 32 328.2828282828282
 183 333.3333333333333
 68 338.3838383838383
 25 343.4343434343434
 163 348.4848484848484
 90 353.5353535353535
 33 358.5858585858585
 1 363.6363636363636
 47 368.6868686868686
 34 373.7373737373737
 33 378.7878787878788
 3 383.8383838383838
 0 388.8888888888889
 245 393.9393939393939
 43 398.989898989899
 64 404.040404040404
 150 409.0909090909091
 119 414.1414141414141
 475 419.1919191919192
 20 424.2424242424242
 205 429.2929292929293
 172 434.3434343434343
 5 439.3939393939394
 53 444.4444444444444
 65 449.4949494949495
 53 454.5454545454545
 1 459.5959595959596
 2 464.6464646464646
 3 469.6969696969697
 2 474.7474747474747
 2 479.7979797979798
 21 484.8484848484848
 20 489.8989898989898
 60 494.9494949494949
 0 500


