# Created by Octave 3.8.2, Sat Jun 20 08:43:52 2020 CEST <damian@fptrucha.inv.usc.es>
# name: hd
# type: matrix
# rows: 100
# columns: 2
 1 0
 1 5.05050505050505
 3 10.1010101010101
 319 15.15151515151515
 0 20.2020202020202
 0 25.25252525252525
 182 30.3030303030303
 584 35.35353535353535
 674 40.4040404040404
 356 45.45454545454545
 157 50.50505050505051
 58 55.55555555555555
 2 60.6060606060606
 342 65.65656565656565
 263 70.7070707070707
 619 75.75757575757575
 0 80.8080808080808
 3 85.85858585858585
 69 90.90909090909091
 4 95.95959595959596
 2 101.010101010101
 213 106.060606060606
 192 111.1111111111111
 440 116.1616161616162
 203 121.2121212121212
 89 126.2626262626263
 0 131.3131313131313
 2 136.3636363636363
 83 141.4141414141414
 102 146.4646464646464
 482 151.5151515151515
 317 156.5656565656566
 1 161.6161616161616
 0 166.6666666666667
 76 171.7171717171717
 31 176.7676767676768
 0 181.8181818181818
 1 186.8686868686869
 216 191.9191919191919
 298 196.969696969697
 47 202.020202020202
 98 207.070707070707
 219 212.1212121212121
 70 217.1717171717171
 112 222.2222222222222
 227 227.2727272727273
 166 232.3232323232323
 0 237.3737373737374
 31 242.4242424242424
 184 247.4747474747475
 24 252.5252525252525
 147 257.5757575757576
 146 262.6262626262626
 37 267.6767676767677
 302 272.7272727272727
 143 277.7777777777778
 502 282.8282828282828
 215 287.8787878787879
 2 292.9292929292929
 0 297.979797979798
 0 303.030303030303
 240 308.0808080808081
 25 313.1313131313131
 45 318.1818181818182
 26 323.2323232323232
 41 328.2828282828282
 211 333.3333333333333
 64 338.3838383838383
 21 343.4343434343434
 211 348.4848484848484
 111 353.5353535353535
 26 358.5858585858585
 1 363.6363636363636
 40 368.6868686868686
 35 373.7373737373737
 38 378.7878787878788
 0 383.8383838383838
 0 388.8888888888889
 398 393.9393939393939
 57 398.989898989899
 64 404.040404040404
 203 409.0909090909091
 164 414.1414141414141
 626 419.1919191919192
 23 424.2424242424242
 261 429.2929292929293
 192 434.3434343434343
 3 439.3939393939394
 49 444.4444444444444
 90 449.4949494949495
 66 454.5454545454545
 2 459.5959595959596
 1 464.6464646464646
 0 469.6969696969697
 2 474.7474747474747
 2 479.7979797979798
 12 484.8484848484848
 21 489.8989898989898
 83 494.9494949494949
 0 500


