# Created by Octave 3.8.2, Mon Jun 22 20:56:56 2020 CEST <damian@fptrucha.inv.usc.es>
# name: hd
# type: matrix
# rows: 100
# columns: 2
 1 0
 8 5.05050505050505
 2 10.1010101010101
 294 15.15151515151515
 2 20.2020202020202
 3 25.25252525252525
 153 30.3030303030303
 554 35.35353535353535
 565 40.4040404040404
 345 45.45454545454545
 134 50.50505050505051
 79 55.55555555555555
 3 60.6060606060606
 296 65.65656565656565
 227 70.7070707070707
 588 75.75757575757575
 3 80.8080808080808
 2 85.85858585858585
 59 90.90909090909091
 4 95.95959595959596
 3 101.010101010101
 206 106.060606060606
 191 111.1111111111111
 409 116.1616161616162
 210 121.2121212121212
 86 126.2626262626263
 1 131.3131313131313
 2 136.3636363636363
 61 141.4141414141414
 104 146.4646464646464
 490 151.5151515151515
 253 156.5656565656566
 2 161.6161616161616
 2 166.6666666666667
 80 171.7171717171717
 31 176.7676767676768
 2 181.8181818181818
 2 186.8686868686869
 185 191.9191919191919
 254 196.969696969697
 62 202.020202020202
 87 207.070707070707
 196 212.1212121212121
 60 217.1717171717171
 98 222.2222222222222
 270 227.2727272727273
 143 232.3232323232323
 1 237.3737373737374
 33 242.4242424242424
 147 247.4747474747475
 27 252.5252525252525
 134 257.5757575757576
 132 262.6262626262626
 43 267.6767676767677
 268 272.7272727272727
 147 277.7777777777778
 486 282.8282828282828
 204 287.8787878787879
 1 292.9292929292929
 0 297.979797979798
 0 303.030303030303
 232 308.0808080808081
 17 313.1313131313131
 30 318.1818181818182
 35 323.2323232323232
 41 328.2828282828282
 162 333.3333333333333
 81 338.3838383838383
 22 343.4343434343434
 203 348.4848484848484
 107 353.5353535353535
 29 358.5858585858585
 3 363.6363636363636
 49 368.6868686868686
 33 373.7373737373737
 45 378.7878787878788
 3 383.8383838383838
 0 388.8888888888889
 309 393.9393939393939
 63 398.989898989899
 61 404.040404040404
 191 409.0909090909091
 176 414.1414141414141
 644 419.1919191919192
 21 424.2424242424242
 238 429.2929292929293
 174 434.3434343434343
 4 439.3939393939394
 60 444.4444444444444
 84 449.4949494949495
 68 454.5454545454545
 1 459.5959595959596
 0 464.6464646464646
 2 469.6969696969697
 3 474.7474747474747
 1 479.7979797979798
 14 484.8484848484848
 28 489.8989898989898
 62 494.9494949494949
 0 500


