# Created by Octave 3.8.2, Mon Jun 22 20:34:07 2020 CEST <damian@fptrucha.inv.usc.es>
# name: hd
# type: matrix
# rows: 100
# columns: 2
 2 0
 6 5.05050505050505
 5 10.1010101010101
 272 15.15151515151515
 0 20.2020202020202
 1 25.25252525252525
 182 30.3030303030303
 505 35.35353535353535
 632 40.4040404040404
 327 45.45454545454545
 120 50.50505050505051
 75 55.55555555555555
 2 60.6060606060606
 286 65.65656565656565
 220 70.7070707070707
 589 75.75757575757575
 1 80.8080808080808
 0 85.85858585858585
 58 90.90909090909091
 1 95.95959595959596
 5 101.010101010101
 207 106.060606060606
 191 111.1111111111111
 426 116.1616161616162
 221 121.2121212121212
 96 126.2626262626263
 1 131.3131313131313
 3 136.3636363636363
 80 141.4141414141414
 104 146.4646464646464
 479 151.5151515151515
 288 156.5656565656566
 2 161.6161616161616
 0 166.6666666666667
 69 171.7171717171717
 30 176.7676767676768
 1 181.8181818181818
 1 186.8686868686869
 200 191.9191919191919
 280 196.969696969697
 58 202.020202020202
 95 207.070707070707
 189 212.1212121212121
 75 217.1717171717171
 111 222.2222222222222
 222 227.2727272727273
 133 232.3232323232323
 0 237.3737373737374
 30 242.4242424242424
 141 247.4747474747475
 28 252.5252525252525
 114 257.5757575757576
 130 262.6262626262626
 41 267.6767676767677
 279 272.7272727272727
 154 277.7777777777778
 471 282.8282828282828
 189 287.8787878787879
 2 292.9292929292929
 0 297.979797979798
 0 303.030303030303
 220 308.0808080808081
 27 313.1313131313131
 46 318.1818181818182
 38 323.2323232323232
 41 328.2828282828282
 177 333.3333333333333
 72 338.3838383838383
 15 343.4343434343434
 186 348.4848484848484
 106 353.5353535353535
 32 358.5858585858585
 1 363.6363636363636
 44 368.6868686868686
 47 373.7373737373737
 40 378.7878787878788
 1 383.8383838383838
 2 388.8888888888889
 319 393.9393939393939
 49 398.989898989899
 68 404.040404040404
 195 409.0909090909091
 136 414.1414141414141
 563 419.1919191919192
 20 424.2424242424242
 211 429.2929292929293
 178 434.3434343434343
 3 439.3939393939394
 63 444.4444444444444
 87 449.4949494949495
 62 454.5454545454545
 0 459.5959595959596
 2 464.6464646464646
 2 469.6969696969697
 1 474.7474747474747
 0 479.7979797979798
 18 484.8484848484848
 32 489.8989898989898
 77 494.9494949494949
 0 500


