# Created by Octave 3.8.2, Mon Jun 22 03:10:44 2020 CEST <damian@fptrucha.inv.usc.es>
# name: hd
# type: matrix
# rows: 100
# columns: 2
 3 0
 8 5.05050505050505
 2 10.1010101010101
 297 15.15151515151515
 5 20.2020202020202
 2 25.25252525252525
 144 30.3030303030303
 500 35.35353535353535
 507 40.4040404040404
 334 45.45454545454545
 134 50.50505050505051
 77 55.55555555555555
 3 60.6060606060606
 269 65.65656565656565
 173 70.7070707070707
 569 75.75757575757575
 3 80.8080808080808
 0 85.85858585858585
 55 90.90909090909091
 5 95.95959595959596
 5 101.010101010101
 171 106.060606060606
 170 111.1111111111111
 376 116.1616161616162
 183 121.2121212121212
 88 126.2626262626263
 2 131.3131313131313
 6 136.3636363636363
 66 141.4141414141414
 109 146.4646464646464
 378 151.5151515151515
 219 156.5656565656566
 5 161.6161616161616
 0 166.6666666666667
 86 171.7171717171717
 32 176.7676767676768
 1 181.8181818181818
 2 186.8686868686869
 184 191.9191919191919
 252 196.969696969697
 46 202.020202020202
 88 207.070707070707
 151 212.1212121212121
 56 217.1717171717171
 93 222.2222222222222
 209 227.2727272727273
 122 232.3232323232323
 0 237.3737373737374
 30 242.4242424242424
 122 247.4747474747475
 20 252.5252525252525
 102 257.5757575757576
 111 262.6262626262626
 40 267.6767676767677
 268 272.7272727272727
 141 277.7777777777778
 420 282.8282828282828
 158 287.8787878787879
 3 292.9292929292929
 3 297.979797979798
 1 303.030303030303
 209 308.0808080808081
 18 313.1313131313131
 30 318.1818181818182
 31 323.2323232323232
 37 328.2828282828282
 172 333.3333333333333
 69 338.3838383838383
 23 343.4343434343434
 174 348.4848484848484
 89 353.5353535353535
 28 358.5858585858585
 3 363.6363636363636
 41 368.6868686868686
 38 373.7373737373737
 33 378.7878787878788
 1 383.8383838383838
 2 388.8888888888889
 276 393.9393939393939
 55 398.989898989899
 59 404.040404040404
 173 409.0909090909091
 135 414.1414141414141
 517 419.1919191919192
 20 424.2424242424242
 222 429.2929292929293
 169 434.3434343434343
 3 439.3939393939394
 47 444.4444444444444
 61 449.4949494949495
 59 454.5454545454545
 0 459.5959595959596
 3 464.6464646464646
 3 469.6969696969697
 0 474.7474747474747
 3 479.7979797979798
 17 484.8484848484848
 12 489.8989898989898
 87 494.9494949494949
 0 500


