# Created by Octave 3.8.2, Sat Jun 20 21:52:28 2020 CEST <damian@fptrucha.inv.usc.es>
# name: hd
# type: matrix
# rows: 100
# columns: 2
 1 0
 4 5.05050505050505
 1 10.1010101010101
 242 15.15151515151515
 1 20.2020202020202
 1 25.25252525252525
 164 30.3030303030303
 503 35.35353535353535
 577 40.4040404040404
 297 45.45454545454545
 136 50.50505050505051
 65 55.55555555555555
 1 60.6060606060606
 261 65.65656565656565
 194 70.7070707070707
 527 75.75757575757575
 2 80.8080808080808
 0 85.85858585858585
 67 90.90909090909091
 3 95.95959595959596
 3 101.010101010101
 185 106.060606060606
 195 111.1111111111111
 378 116.1616161616162
 202 121.2121212121212
 94 126.2626262626263
 2 131.3131313131313
 3 136.3636363636363
 57 141.4141414141414
 105 146.4646464646464
 417 151.5151515151515
 287 156.5656565656566
 1 161.6161616161616
 1 166.6666666666667
 69 171.7171717171717
 38 176.7676767676768
 0 181.8181818181818
 1 186.8686868686869
 175 191.9191919191919
 251 196.969696969697
 44 202.020202020202
 95 207.070707070707
 183 212.1212121212121
 55 217.1717171717171
 87 222.2222222222222
 215 227.2727272727273
 124 232.3232323232323
 1 237.3737373737374
 27 242.4242424242424
 122 247.4747474747475
 17 252.5252525252525
 117 257.5757575757576
 149 262.6262626262626
 36 267.6767676767677
 261 272.7272727272727
 121 277.7777777777778
 433 282.8282828282828
 196 287.8787878787879
 0 292.9292929292929
 0 297.979797979798
 0 303.030303030303
 176 308.0808080808081
 31 313.1313131313131
 49 318.1818181818182
 25 323.2323232323232
 25 328.2828282828282
 149 333.3333333333333
 56 338.3838383838383
 18 343.4343434343434
 186 348.4848484848484
 103 353.5353535353535
 25 358.5858585858585
 0 363.6363636363636
 46 368.6868686868686
 41 373.7373737373737
 37 378.7878787878788
 0 383.8383838383838
 0 388.8888888888889
 289 393.9393939393939
 54 398.989898989899
 54 404.040404040404
 163 409.0909090909091
 149 414.1414141414141
 567 419.1919191919192
 12 424.2424242424242
 206 429.2929292929293
 189 434.3434343434343
 3 439.3939393939394
 45 444.4444444444444
 72 449.4949494949495
 44 454.5454545454545
 0 459.5959595959596
 1 464.6464646464646
 1 469.6969696969697
 2 474.7474747474747
 1 479.7979797979798
 27 484.8484848484848
 16 489.8989898989898
 68 494.9494949494949
 0 500


