# Created by Octave 3.8.2, Sat Jun 20 03:56:29 2020 CEST <damian@fptrucha.inv.usc.es>
# name: hd
# type: matrix
# rows: 100
# columns: 2
 3 0
 4 5.05050505050505
 1 10.1010101010101
 304 15.15151515151515
 5 20.2020202020202
 0 25.25252525252525
 159 30.3030303030303
 571 35.35353535353535
 650 40.4040404040404
 344 45.45454545454545
 141 50.50505050505051
 70 55.55555555555555
 0 60.6060606060606
 296 65.65656565656565
 194 70.7070707070707
 631 75.75757575757575
 1 80.8080808080808
 0 85.85858585858585
 67 90.90909090909091
 3 95.95959595959596
 2 101.010101010101
 216 106.060606060606
 186 111.1111111111111
 477 116.1616161616162
 213 121.2121212121212
 98 126.2626262626263
 0 131.3131313131313
 3 136.3636363636363
 62 141.4141414141414
 105 146.4646464646464
 493 151.5151515151515
 283 156.5656565656566
 1 161.6161616161616
 0 166.6666666666667
 97 171.7171717171717
 34 176.7676767676768
 2 181.8181818181818
 0 186.8686868686869
 214 191.9191919191919
 296 196.969696969697
 41 202.020202020202
 95 207.070707070707
 228 212.1212121212121
 78 217.1717171717171
 116 222.2222222222222
 226 227.2727272727273
 121 232.3232323232323
 0 237.3737373737374
 31 242.4242424242424
 152 247.4747474747475
 16 252.5252525252525
 137 257.5757575757576
 144 262.6262626262626
 32 267.6767676767677
 290 272.7272727272727
 165 277.7777777777778
 513 282.8282828282828
 192 287.8787878787879
 0 292.9292929292929
 0 297.979797979798
 0 303.030303030303
 222 308.0808080808081
 26 313.1313131313131
 40 318.1818181818182
 33 323.2323232323232
 51 328.2828282828282
 179 333.3333333333333
 76 338.3838383838383
 22 343.4343434343434
 214 348.4848484848484
 123 353.5353535353535
 25 358.5858585858585
 0 363.6363636363636
 43 368.6868686868686
 30 373.7373737373737
 44 378.7878787878788
 0 383.8383838383838
 1 388.8888888888889
 365 393.9393939393939
 62 398.989898989899
 79 404.040404040404
 198 409.0909090909091
 151 414.1414141414141
 614 419.1919191919192
 14 424.2424242424242
 244 429.2929292929293
 203 434.3434343434343
 3 439.3939393939394
 79 444.4444444444444
 87 449.4949494949495
 64 454.5454545454545
 1 459.5959595959596
 1 464.6464646464646
 1 469.6969696969697
 2 474.7474747474747
 3 479.7979797979798
 24 484.8484848484848
 16 489.8989898989898
 78 494.9494949494949
 0 500


