# Created by Octave 3.8.2, Mon Jun 22 19:32:45 2020 CEST <damian@fptrucha.inv.usc.es>
# name: hd
# type: matrix
# rows: 100
# columns: 2
 3 0
 4 5.05050505050505
 4 10.1010101010101
 301 15.15151515151515
 1 20.2020202020202
 0 25.25252525252525
 179 30.3030303030303
 539 35.35353535353535
 598 40.4040404040404
 351 45.45454545454545
 128 50.50505050505051
 78 55.55555555555555
 2 60.6060606060606
 293 65.65656565656565
 180 70.7070707070707
 649 75.75757575757575
 3 80.8080808080808
 1 85.85858585858585
 64 90.90909090909091
 3 95.95959595959596
 3 101.010101010101
 194 106.060606060606
 198 111.1111111111111
 394 116.1616161616162
 192 121.2121212121212
 104 126.2626262626263
 0 131.3131313131313
 0 136.3636363636363
 77 141.4141414141414
 86 146.4646464646464
 466 151.5151515151515
 263 156.5656565656566
 0 161.6161616161616
 1 166.6666666666667
 66 171.7171717171717
 28 176.7676767676768
 1 181.8181818181818
 1 186.8686868686869
 225 191.9191919191919
 228 196.969696969697
 47 202.020202020202
 98 207.070707070707
 187 212.1212121212121
 70 217.1717171717171
 108 222.2222222222222
 227 227.2727272727273
 142 232.3232323232323
 0 237.3737373737374
 26 242.4242424242424
 137 247.4747474747475
 19 252.5252525252525
 137 257.5757575757576
 116 262.6262626262626
 49 267.6767676767677
 259 272.7272727272727
 138 277.7777777777778
 472 282.8282828282828
 200 287.8787878787879
 2 292.9292929292929
 0 297.979797979798
 1 303.030303030303
 207 308.0808080808081
 33 313.1313131313131
 41 318.1818181818182
 35 323.2323232323232
 35 328.2828282828282
 144 333.3333333333333
 83 338.3838383838383
 25 343.4343434343434
 188 348.4848484848484
 119 353.5353535353535
 23 358.5858585858585
 1 363.6363636363636
 53 368.6868686868686
 28 373.7373737373737
 39 378.7878787878788
 2 383.8383838383838
 1 388.8888888888889
 337 393.9393939393939
 55 398.989898989899
 77 404.040404040404
 164 409.0909090909091
 151 414.1414141414141
 589 419.1919191919192
 26 424.2424242424242
 217 429.2929292929293
 177 434.3434343434343
 3 439.3939393939394
 75 444.4444444444444
 72 449.4949494949495
 45 454.5454545454545
 0 459.5959595959596
 2 464.6464646464646
 0 469.6969696969697
 1 474.7474747474747
 1 479.7979797979798
 26 484.8484848484848
 24 489.8989898989898
 64 494.9494949494949
 0 500


