# Created by Octave 3.8.2, Sat Jun 20 17:40:49 2020 CEST <damian@fptrucha.inv.usc.es>
# name: hd
# type: matrix
# rows: 100
# columns: 2
 1 0
 5 5.05050505050505
 2 10.1010101010101
 310 15.15151515151515
 0 20.2020202020202
 1 25.25252525252525
 172 30.3030303030303
 539 35.35353535353535
 615 40.4040404040404
 302 45.45454545454545
 112 50.50505050505051
 54 55.55555555555555
 1 60.6060606060606
 272 65.65656565656565
 204 70.7070707070707
 568 75.75757575757575
 0 80.8080808080808
 2 85.85858585858585
 64 90.90909090909091
 4 95.95959595959596
 3 101.010101010101
 165 106.060606060606
 192 111.1111111111111
 399 116.1616161616162
 227 121.2121212121212
 71 126.2626262626263
 2 131.3131313131313
 3 136.3636363636363
 68 141.4141414141414
 91 146.4646464646464
 473 151.5151515151515
 292 156.5656565656566
 1 161.6161616161616
 0 166.6666666666667
 70 171.7171717171717
 29 176.7676767676768
 0 181.8181818181818
 0 186.8686868686869
 198 191.9191919191919
 271 196.969696969697
 39 202.020202020202
 75 207.070707070707
 189 212.1212121212121
 63 217.1717171717171
 117 222.2222222222222
 224 227.2727272727273
 122 232.3232323232323
 1 237.3737373737374
 16 242.4242424242424
 110 247.4747474747475
 27 252.5252525252525
 133 257.5757575757576
 146 262.6262626262626
 41 267.6767676767677
 253 272.7272727272727
 122 277.7777777777778
 474 282.8282828282828
 217 287.8787878787879
 0 292.9292929292929
 2 297.979797979798
 0 303.030303030303
 206 308.0808080808081
 24 313.1313131313131
 35 318.1818181818182
 26 323.2323232323232
 43 328.2828282828282
 192 333.3333333333333
 60 338.3838383838383
 17 343.4343434343434
 185 348.4848484848484
 110 353.5353535353535
 33 358.5858585858585
 1 363.6363636363636
 42 368.6868686868686
 37 373.7373737373737
 29 378.7878787878788
 3 383.8383838383838
 0 388.8888888888889
 301 393.9393939393939
 47 398.989898989899
 63 404.040404040404
 171 409.0909090909091
 146 414.1414141414141
 570 419.1919191919192
 31 424.2424242424242
 250 429.2929292929293
 175 434.3434343434343
 7 439.3939393939394
 49 444.4444444444444
 84 449.4949494949495
 63 454.5454545454545
 0 459.5959595959596
 0 464.6464646464646
 0 469.6969696969697
 3 474.7474747474747
 0 479.7979797979798
 15 484.8484848484848
 19 489.8989898989898
 83 494.9494949494949
 0 500


