# Created by Octave 3.8.2, Sat Jun 20 05:42:13 2020 CEST <damian@fptrucha.inv.usc.es>
# name: hd
# type: matrix
# rows: 100
# columns: 2
 2 0
 1 5.05050505050505
 1 10.1010101010101
 280 15.15151515151515
 1 20.2020202020202
 1 25.25252525252525
 171 30.3030303030303
 578 35.35353535353535
 654 40.4040404040404
 347 45.45454545454545
 159 50.50505050505051
 68 55.55555555555555
 3 60.6060606060606
 307 65.65656565656565
 185 70.7070707070707
 603 75.75757575757575
 1 80.8080808080808
 2 85.85858585858585
 64 90.90909090909091
 3 95.95959595959596
 3 101.010101010101
 219 106.060606060606
 208 111.1111111111111
 432 116.1616161616162
 237 121.2121212121212
 105 126.2626262626263
 0 131.3131313131313
 1 136.3636363636363
 62 141.4141414141414
 112 146.4646464646464
 481 151.5151515151515
 303 156.5656565656566
 1 161.6161616161616
 0 166.6666666666667
 75 171.7171717171717
 36 176.7676767676768
 1 181.8181818181818
 0 186.8686868686869
 236 191.9191919191919
 276 196.969696969697
 52 202.020202020202
 90 207.070707070707
 208 212.1212121212121
 84 217.1717171717171
 123 222.2222222222222
 238 227.2727272727273
 139 232.3232323232323
 1 237.3737373737374
 20 242.4242424242424
 149 247.4747474747475
 21 252.5252525252525
 141 257.5757575757576
 168 262.6262626262626
 42 267.6767676767677
 272 272.7272727272727
 151 277.7777777777778
 512 282.8282828282828
 233 287.8787878787879
 1 292.9292929292929
 1 297.979797979798
 0 303.030303030303
 247 308.0808080808081
 35 313.1313131313131
 35 318.1818181818182
 45 323.2323232323232
 43 328.2828282828282
 187 333.3333333333333
 72 338.3838383838383
 19 343.4343434343434
 204 348.4848484848484
 96 353.5353535353535
 41 358.5858585858585
 4 363.6363636363636
 54 368.6868686868686
 41 373.7373737373737
 54 378.7878787878788
 0 383.8383838383838
 0 388.8888888888889
 371 393.9393939393939
 55 398.989898989899
 75 404.040404040404
 174 409.0909090909091
 155 414.1414141414141
 611 419.1919191919192
 21 424.2424242424242
 280 429.2929292929293
 217 434.3434343434343
 1 439.3939393939394
 53 444.4444444444444
 70 449.4949494949495
 51 454.5454545454545
 1 459.5959595959596
 1 464.6464646464646
 1 469.6969696969697
 2 474.7474747474747
 1 479.7979797979798
 30 484.8484848484848
 18 489.8989898989898
 89 494.9494949494949
 0 500


