# Created by Octave 3.8.2, Mon Jun 22 07:03:39 2020 CEST <damian@fptrucha.inv.usc.es>
# name: hd
# type: matrix
# rows: 100
# columns: 2
 2 0
 5 5.05050505050505
 2 10.1010101010101
 289 15.15151515151515
 3 20.2020202020202
 2 25.25252525252525
 146 30.3030303030303
 491 35.35353535353535
 545 40.4040404040404
 295 45.45454545454545
 129 50.50505050505051
 73 55.55555555555555
 4 60.6060606060606
 260 65.65656565656565
 213 70.7070707070707
 515 75.75757575757575
 3 80.8080808080808
 2 85.85858585858585
 74 90.90909090909091
 4 95.95959595959596
 2 101.010101010101
 153 106.060606060606
 153 111.1111111111111
 384 116.1616161616162
 177 121.2121212121212
 82 126.2626262626263
 2 131.3131313131313
 0 136.3636363636363
 68 141.4141414141414
 96 146.4646464646464
 385 151.5151515151515
 236 156.5656565656566
 3 161.6161616161616
 2 166.6666666666667
 65 171.7171717171717
 26 176.7676767676768
 0 181.8181818181818
 1 186.8686868686869
 189 191.9191919191919
 256 196.969696969697
 48 202.020202020202
 84 207.070707070707
 142 212.1212121212121
 63 217.1717171717171
 104 222.2222222222222
 226 227.2727272727273
 127 232.3232323232323
 0 237.3737373737374
 24 242.4242424242424
 137 247.4747474747475
 20 252.5252525252525
 108 257.5757575757576
 115 262.6262626262626
 37 267.6767676767677
 287 272.7272727272727
 124 277.7777777777778
 431 282.8282828282828
 174 287.8787878787879
 2 292.9292929292929
 0 297.979797979798
 0 303.030303030303
 208 308.0808080808081
 23 313.1313131313131
 30 318.1818181818182
 22 323.2323232323232
 33 328.2828282828282
 181 333.3333333333333
 77 338.3838383838383
 23 343.4343434343434
 162 348.4848484848484
 109 353.5353535353535
 30 358.5858585858585
 4 363.6363636363636
 61 368.6868686868686
 36 373.7373737373737
 46 378.7878787878788
 3 383.8383838383838
 1 388.8888888888889
 283 393.9393939393939
 66 398.989898989899
 51 404.040404040404
 165 409.0909090909091
 138 414.1414141414141
 544 419.1919191919192
 21 424.2424242424242
 212 429.2929292929293
 149 434.3434343434343
 6 439.3939393939394
 56 444.4444444444444
 90 449.4949494949495
 40 454.5454545454545
 0 459.5959595959596
 3 464.6464646464646
 4 469.6969696969697
 0 474.7474747474747
 0 479.7979797979798
 22 484.8484848484848
 22 489.8989898989898
 69 494.9494949494949
 0 500


