# Created by Octave 3.8.2, Sun Jun 21 02:59:22 2020 CEST <damian@fptrucha.inv.usc.es>
# name: hd
# type: matrix
# rows: 100
# columns: 2
 0 0
 0 5.05050505050505
 0 10.1010101010101
 282 15.15151515151515
 3 20.2020202020202
 0 25.25252525252525
 156 30.3030303030303
 529 35.35353535353535
 571 40.4040404040404
 285 45.45454545454545
 135 50.50505050505051
 66 55.55555555555555
 1 60.6060606060606
 246 65.65656565656565
 214 70.7070707070707
 527 75.75757575757575
 1 80.8080808080808
 0 85.85858585858585
 58 90.90909090909091
 2 95.95959595959596
 4 101.010101010101
 161 106.060606060606
 177 111.1111111111111
 345 116.1616161616162
 197 121.2121212121212
 98 126.2626262626263
 0 131.3131313131313
 0 136.3636363636363
 72 141.4141414141414
 87 146.4646464646464
 451 151.5151515151515
 273 156.5656565656566
 2 161.6161616161616
 1 166.6666666666667
 63 171.7171717171717
 35 176.7676767676768
 0 181.8181818181818
 1 186.8686868686869
 166 191.9191919191919
 224 196.969696969697
 35 202.020202020202
 108 207.070707070707
 195 212.1212121212121
 63 217.1717171717171
 102 222.2222222222222
 219 227.2727272727273
 117 232.3232323232323
 1 237.3737373737374
 22 242.4242424242424
 144 247.4747474747475
 14 252.5252525252525
 105 257.5757575757576
 148 262.6262626262626
 31 267.6767676767677
 240 272.7272727272727
 146 277.7777777777778
 408 282.8282828282828
 186 287.8787878787879
 1 292.9292929292929
 0 297.979797979798
 0 303.030303030303
 189 308.0808080808081
 19 313.1313131313131
 36 318.1818181818182
 23 323.2323232323232
 51 328.2828282828282
 161 333.3333333333333
 53 338.3838383838383
 10 343.4343434343434
 210 348.4848484848484
 87 353.5353535353535
 31 358.5858585858585
 0 363.6363636363636
 48 368.6868686868686
 41 373.7373737373737
 40 378.7878787878788
 1 383.8383838383838
 0 388.8888888888889
 293 393.9393939393939
 55 398.989898989899
 57 404.040404040404
 147 409.0909090909091
 128 414.1414141414141
 561 419.1919191919192
 23 424.2424242424242
 207 429.2929292929293
 188 434.3434343434343
 2 439.3939393939394
 45 444.4444444444444
 89 449.4949494949495
 52 454.5454545454545
 0 459.5959595959596
 2 464.6464646464646
 2 469.6969696969697
 0 474.7474747474747
 1 479.7979797979798
 21 484.8484848484848
 17 489.8989898989898
 74 494.9494949494949
 0 500


