# Created by Octave 3.8.2, Sun Jun 21 02:22:57 2020 CEST <damian@fptrucha.inv.usc.es>
# name: hd
# type: matrix
# rows: 100
# columns: 2
 4 0
 2 5.05050505050505
 0 10.1010101010101
 273 15.15151515151515
 1 20.2020202020202
 0 25.25252525252525
 176 30.3030303030303
 505 35.35353535353535
 570 40.4040404040404
 320 45.45454545454545
 137 50.50505050505051
 52 55.55555555555555
 3 60.6060606060606
 272 65.65656565656565
 211 70.7070707070707
 558 75.75757575757575
 0 80.8080808080808
 0 85.85858585858585
 50 90.90909090909091
 1 95.95959595959596
 2 101.010101010101
 176 106.060606060606
 186 111.1111111111111
 374 116.1616161616162
 202 121.2121212121212
 86 126.2626262626263
 1 131.3131313131313
 2 136.3636363636363
 57 141.4141414141414
 83 146.4646464646464
 445 151.5151515151515
 262 156.5656565656566
 3 161.6161616161616
 2 166.6666666666667
 58 171.7171717171717
 27 176.7676767676768
 0 181.8181818181818
 0 186.8686868686869
 183 191.9191919191919
 234 196.969696969697
 52 202.020202020202
 83 207.070707070707
 188 212.1212121212121
 63 217.1717171717171
 95 222.2222222222222
 224 227.2727272727273
 123 232.3232323232323
 0 237.3737373737374
 31 242.4242424242424
 135 247.4747474747475
 18 252.5252525252525
 104 257.5757575757576
 122 262.6262626262626
 46 267.6767676767677
 236 272.7272727272727
 138 277.7777777777778
 468 282.8282828282828
 226 287.8787878787879
 0 292.9292929292929
 1 297.979797979798
 0 303.030303030303
 201 308.0808080808081
 28 313.1313131313131
 38 318.1818181818182
 31 323.2323232323232
 39 328.2828282828282
 174 333.3333333333333
 77 338.3838383838383
 19 343.4343434343434
 183 348.4848484848484
 98 353.5353535353535
 34 358.5858585858585
 0 363.6363636363636
 50 368.6868686868686
 37 373.7373737373737
 36 378.7878787878788
 2 383.8383838383838
 1 388.8888888888889
 302 393.9393939393939
 62 398.989898989899
 51 404.040404040404
 196 409.0909090909091
 133 414.1414141414141
 510 419.1919191919192
 17 424.2424242424242
 248 429.2929292929293
 175 434.3434343434343
 4 439.3939393939394
 46 444.4444444444444
 74 449.4949494949495
 55 454.5454545454545
 0 459.5959595959596
 0 464.6464646464646
 0 469.6969696969697
 0 474.7474747474747
 3 479.7979797979798
 20 484.8484848484848
 22 489.8989898989898
 69 494.9494949494949
 0 500


