# Created by Octave 3.8.2, Mon Jun 22 09:49:44 2020 CEST <damian@fptrucha.inv.usc.es>
# name: hd
# type: matrix
# rows: 100
# columns: 2
 1 0
 6 5.05050505050505
 1 10.1010101010101
 309 15.15151515151515
 5 20.2020202020202
 0 25.25252525252525
 142 30.3030303030303
 542 35.35353535353535
 600 40.4040404040404
 301 45.45454545454545
 147 50.50505050505051
 67 55.55555555555555
 2 60.6060606060606
 240 65.65656565656565
 173 70.7070707070707
 561 75.75757575757575
 1 80.8080808080808
 1 85.85858585858585
 55 90.90909090909091
 5 95.95959595959596
 5 101.010101010101
 175 106.060606060606
 150 111.1111111111111
 411 116.1616161616162
 203 121.2121212121212
 75 126.2626262626263
 0 131.3131313131313
 2 136.3636363636363
 59 141.4141414141414
 84 146.4646464646464
 440 151.5151515151515
 234 156.5656565656566
 2 161.6161616161616
 1 166.6666666666667
 64 171.7171717171717
 30 176.7676767676768
 2 181.8181818181818
 0 186.8686868686869
 202 191.9191919191919
 271 196.969696969697
 48 202.020202020202
 119 207.070707070707
 162 212.1212121212121
 59 217.1717171717171
 97 222.2222222222222
 231 227.2727272727273
 148 232.3232323232323
 2 237.3737373737374
 18 242.4242424242424
 139 247.4747474747475
 19 252.5252525252525
 107 257.5757575757576
 130 262.6262626262626
 44 267.6767676767677
 272 272.7272727272727
 148 277.7777777777778
 441 282.8282828282828
 212 287.8787878787879
 3 292.9292929292929
 1 297.979797979798
 1 303.030303030303
 204 308.0808080808081
 32 313.1313131313131
 27 318.1818181818182
 31 323.2323232323232
 29 328.2828282828282
 167 333.3333333333333
 69 338.3838383838383
 18 343.4343434343434
 190 348.4848484848484
 77 353.5353535353535
 38 358.5858585858585
 0 363.6363636363636
 57 368.6868686868686
 30 373.7373737373737
 35 378.7878787878788
 2 383.8383838383838
 1 388.8888888888889
 303 393.9393939393939
 56 398.989898989899
 72 404.040404040404
 175 409.0909090909091
 150 414.1414141414141
 560 419.1919191919192
 14 424.2424242424242
 220 429.2929292929293
 184 434.3434343434343
 7 439.3939393939394
 54 444.4444444444444
 72 449.4949494949495
 58 454.5454545454545
 1 459.5959595959596
 1 464.6464646464646
 2 469.6969696969697
 0 474.7474747474747
 0 479.7979797979798
 19 484.8484848484848
 14 489.8989898989898
 72 494.9494949494949
 0 500


