# Created by Octave 3.8.2, Mon Jun 22 00:50:11 2020 CEST <damian@fptrucha.inv.usc.es>
# name: hd
# type: matrix
# rows: 100
# columns: 2
 0 0
 6 5.05050505050505
 2 10.1010101010101
 252 15.15151515151515
 1 20.2020202020202
 1 25.25252525252525
 148 30.3030303030303
 462 35.35353535353535
 615 40.4040404040404
 291 45.45454545454545
 127 50.50505050505051
 56 55.55555555555555
 1 60.6060606060606
 274 65.65656565656565
 214 70.7070707070707
 546 75.75757575757575
 0 80.8080808080808
 0 85.85858585858585
 63 90.90909090909091
 3 95.95959595959596
 3 101.010101010101
 206 106.060606060606
 199 111.1111111111111
 418 116.1616161616162
 183 121.2121212121212
 91 126.2626262626263
 1 131.3131313131313
 2 136.3636363636363
 69 141.4141414141414
 82 146.4646464646464
 447 151.5151515151515
 265 156.5656565656566
 7 161.6161616161616
 1 166.6666666666667
 60 171.7171717171717
 24 176.7676767676768
 0 181.8181818181818
 0 186.8686868686869
 170 191.9191919191919
 255 196.969696969697
 52 202.020202020202
 98 207.070707070707
 182 212.1212121212121
 63 217.1717171717171
 113 222.2222222222222
 196 227.2727272727273
 126 232.3232323232323
 1 237.3737373737374
 19 242.4242424242424
 134 247.4747474747475
 15 252.5252525252525
 99 257.5757575757576
 147 262.6262626262626
 42 267.6767676767677
 251 272.7272727272727
 134 277.7777777777778
 442 282.8282828282828
 189 287.8787878787879
 0 292.9292929292929
 2 297.979797979798
 0 303.030303030303
 200 308.0808080808081
 20 313.1313131313131
 34 318.1818181818182
 38 323.2323232323232
 38 328.2828282828282
 167 333.3333333333333
 76 338.3838383838383
 23 343.4343434343434
 209 348.4848484848484
 93 353.5353535353535
 30 358.5858585858585
 3 363.6363636363636
 39 368.6868686868686
 40 373.7373737373737
 43 378.7878787878788
 0 383.8383838383838
 0 388.8888888888889
 293 393.9393939393939
 54 398.989898989899
 73 404.040404040404
 183 409.0909090909091
 130 414.1414141414141
 540 419.1919191919192
 18 424.2424242424242
 243 429.2929292929293
 176 434.3434343434343
 2 439.3939393939394
 47 444.4444444444444
 89 449.4949494949495
 39 454.5454545454545
 0 459.5959595959596
 3 464.6464646464646
 0 469.6969696969697
 0 474.7474747474747
 5 479.7979797979798
 21 484.8484848484848
 20 489.8989898989898
 74 494.9494949494949
 0 500


