# Created by Octave 3.8.2, Sat Jun 20 20:07:27 2020 CEST <damian@fptrucha.inv.usc.es>
# name: hd
# type: matrix
# rows: 100
# columns: 2
 1 0
 2 5.05050505050505
 4 10.1010101010101
 249 15.15151515151515
 0 20.2020202020202
 2 25.25252525252525
 132 30.3030303030303
 488 35.35353535353535
 554 40.4040404040404
 320 45.45454545454545
 131 50.50505050505051
 56 55.55555555555555
 3 60.6060606060606
 295 65.65656565656565
 204 70.7070707070707
 585 75.75757575757575
 3 80.8080808080808
 0 85.85858585858585
 69 90.90909090909091
 1 95.95959595959596
 1 101.010101010101
 195 106.060606060606
 174 111.1111111111111
 327 116.1616161616162
 203 121.2121212121212
 88 126.2626262626263
 0 131.3131313131313
 1 136.3636363636363
 77 141.4141414141414
 84 146.4646464646464
 457 151.5151515151515
 273 156.5656565656566
 1 161.6161616161616
 1 166.6666666666667
 58 171.7171717171717
 43 176.7676767676768
 1 181.8181818181818
 0 186.8686868686869
 192 191.9191919191919
 243 196.969696969697
 42 202.020202020202
 101 207.070707070707
 198 212.1212121212121
 52 217.1717171717171
 96 222.2222222222222
 201 227.2727272727273
 149 232.3232323232323
 0 237.3737373737374
 22 242.4242424242424
 118 247.4747474747475
 15 252.5252525252525
 132 257.5757575757576
 137 262.6262626262626
 44 267.6767676767677
 234 272.7272727272727
 139 277.7777777777778
 457 282.8282828282828
 218 287.8787878787879
 0 292.9292929292929
 3 297.979797979798
 0 303.030303030303
 201 308.0808080808081
 25 313.1313131313131
 49 318.1818181818182
 24 323.2323232323232
 37 328.2828282828282
 167 333.3333333333333
 57 338.3838383838383
 22 343.4343434343434
 194 348.4848484848484
 104 353.5353535353535
 19 358.5858585858585
 1 363.6363636363636
 44 368.6868686868686
 40 373.7373737373737
 37 378.7878787878788
 0 383.8383838383838
 3 388.8888888888889
 318 393.9393939393939
 54 398.989898989899
 54 404.040404040404
 172 409.0909090909091
 140 414.1414141414141
 607 419.1919191919192
 18 424.2424242424242
 219 429.2929292929293
 161 434.3434343434343
 5 439.3939393939394
 55 444.4444444444444
 92 449.4949494949495
 46 454.5454545454545
 2 459.5959595959596
 2 464.6464646464646
 0 469.6969696969697
 0 474.7474747474747
 0 479.7979797979798
 19 484.8484848484848
 22 489.8989898989898
 89 494.9494949494949
 0 500


