# Created by Octave 3.8.2, Mon Jun 22 14:37:31 2020 CEST <damian@fptrucha.inv.usc.es>
# name: hd
# type: matrix
# rows: 100
# columns: 2
 2 0
 4 5.05050505050505
 2 10.1010101010101
 277 15.15151515151515
 2 20.2020202020202
 0 25.25252525252525
 157 30.3030303030303
 498 35.35353535353535
 585 40.4040404040404
 343 45.45454545454545
 146 50.50505050505051
 72 55.55555555555555
 0 60.6060606060606
 276 65.65656565656565
 216 70.7070707070707
 571 75.75757575757575
 3 80.8080808080808
 3 85.85858585858585
 57 90.90909090909091
 5 95.95959595959596
 6 101.010101010101
 195 106.060606060606
 178 111.1111111111111
 414 116.1616161616162
 194 121.2121212121212
 89 126.2626262626263
 2 131.3131313131313
 4 136.3636363636363
 61 141.4141414141414
 88 146.4646464646464
 444 151.5151515151515
 269 156.5656565656566
 5 161.6161616161616
 3 166.6666666666667
 87 171.7171717171717
 29 176.7676767676768
 2 181.8181818181818
 1 186.8686868686869
 189 191.9191919191919
 245 196.969696969697
 45 202.020202020202
 89 207.070707070707
 189 212.1212121212121
 60 217.1717171717171
 99 222.2222222222222
 199 227.2727272727273
 141 232.3232323232323
 2 237.3737373737374
 21 242.4242424242424
 131 247.4747474747475
 26 252.5252525252525
 104 257.5757575757576
 130 262.6262626262626
 48 267.6767676767677
 250 272.7272727272727
 154 277.7777777777778
 457 282.8282828282828
 199 287.8787878787879
 2 292.9292929292929
 0 297.979797979798
 0 303.030303030303
 196 308.0808080808081
 28 313.1313131313131
 34 318.1818181818182
 26 323.2323232323232
 34 328.2828282828282
 182 333.3333333333333
 64 338.3838383838383
 27 343.4343434343434
 178 348.4848484848484
 107 353.5353535353535
 25 358.5858585858585
 1 363.6363636363636
 56 368.6868686868686
 38 373.7373737373737
 36 378.7878787878788
 3 383.8383838383838
 0 388.8888888888889
 317 393.9393939393939
 68 398.989898989899
 59 404.040404040404
 181 409.0909090909091
 154 414.1414141414141
 519 419.1919191919192
 24 424.2424242424242
 235 429.2929292929293
 166 434.3434343434343
 4 439.3939393939394
 61 444.4444444444444
 83 449.4949494949495
 58 454.5454545454545
 2 459.5959595959596
 1 464.6464646464646
 3 469.6969696969697
 0 474.7474747474747
 0 479.7979797979798
 28 484.8484848484848
 19 489.8989898989898
 66 494.9494949494949
 0 500


