# Created by Octave 3.8.2, Mon Jun 22 08:35:37 2020 CEST <damian@fptrucha.inv.usc.es>
# name: hd
# type: matrix
# rows: 100
# columns: 2
 1 0
 3 5.05050505050505
 1 10.1010101010101
 286 15.15151515151515
 2 20.2020202020202
 3 25.25252525252525
 142 30.3030303030303
 491 35.35353535353535
 586 40.4040404040404
 324 45.45454545454545
 137 50.50505050505051
 84 55.55555555555555
 1 60.6060606060606
 269 65.65656565656565
 209 70.7070707070707
 599 75.75757575757575
 2 80.8080808080808
 0 85.85858585858585
 55 90.90909090909091
 4 95.95959595959596
 3 101.010101010101
 188 106.060606060606
 166 111.1111111111111
 404 116.1616161616162
 198 121.2121212121212
 85 126.2626262626263
 0 131.3131313131313
 3 136.3636363636363
 60 141.4141414141414
 104 146.4646464646464
 424 151.5151515151515
 248 156.5656565656566
 2 161.6161616161616
 0 166.6666666666667
 67 171.7171717171717
 35 176.7676767676768
 0 181.8181818181818
 1 186.8686868686869
 186 191.9191919191919
 251 196.969696969697
 35 202.020202020202
 78 207.070707070707
 171 212.1212121212121
 66 217.1717171717171
 104 222.2222222222222
 248 227.2727272727273
 121 232.3232323232323
 0 237.3737373737374
 33 242.4242424242424
 145 247.4747474747475
 24 252.5252525252525
 109 257.5757575757576
 124 262.6262626262626
 40 267.6767676767677
 246 272.7272727272727
 106 277.7777777777778
 443 282.8282828282828
 202 287.8787878787879
 2 292.9292929292929
 1 297.979797979798
 0 303.030303030303
 207 308.0808080808081
 35 313.1313131313131
 43 318.1818181818182
 27 323.2323232323232
 45 328.2828282828282
 185 333.3333333333333
 70 338.3838383838383
 33 343.4343434343434
 178 348.4848484848484
 111 353.5353535353535
 23 358.5858585858585
 2 363.6363636363636
 55 368.6868686868686
 38 373.7373737373737
 24 378.7878787878788
 0 383.8383838383838
 0 388.8888888888889
 327 393.9393939393939
 62 398.989898989899
 62 404.040404040404
 180 409.0909090909091
 163 414.1414141414141
 542 419.1919191919192
 16 424.2424242424242
 231 429.2929292929293
 162 434.3434343434343
 2 439.3939393939394
 69 444.4444444444444
 83 449.4949494949495
 39 454.5454545454545
 3 459.5959595959596
 0 464.6464646464646
 1 469.6969696969697
 1 474.7474747474747
 1 479.7979797979798
 20 484.8484848484848
 20 489.8989898989898
 72 494.9494949494949
 0 500


