# Created by Octave 3.8.2, Sat Jun 20 15:18:25 2020 CEST <damian@fptrucha.inv.usc.es>
# name: hd
# type: matrix
# rows: 100
# columns: 2
 0 0
 0 5.05050505050505
 0 10.1010101010101
 183 15.15151515151515
 0 20.2020202020202
 1 25.25252525252525
 104 30.3030303030303
 358 35.35353535353535
 420 40.4040404040404
 202 45.45454545454545
 94 50.50505050505051
 43 55.55555555555555
 1 60.6060606060606
 194 65.65656565656565
 138 70.7070707070707
 426 75.75757575757575
 3 80.8080808080808
 0 85.85858585858585
 39 90.90909090909091
 3 95.95959595959596
 1 101.010101010101
 157 106.060606060606
 119 111.1111111111111
 269 116.1616161616162
 124 121.2121212121212
 62 126.2626262626263
 0 131.3131313131313
 1 136.3636363636363
 49 141.4141414141414
 66 146.4646464646464
 319 151.5151515151515
 178 156.5656565656566
 2 161.6161616161616
 0 166.6666666666667
 39 171.7171717171717
 18 176.7676767676768
 1 181.8181818181818
 0 186.8686868686869
 135 191.9191919191919
 169 196.969696969697
 25 202.020202020202
 52 207.070707070707
 133 212.1212121212121
 50 217.1717171717171
 69 222.2222222222222
 135 227.2727272727273
 86 232.3232323232323
 0 237.3737373737374
 13 242.4242424242424
 78 247.4747474747475
 14 252.5252525252525
 74 257.5757575757576
 91 262.6262626262626
 24 267.6767676767677
 160 272.7272727272727
 109 277.7777777777778
 270 282.8282828282828
 161 287.8787878787879
 3 292.9292929292929
 1 297.979797979798
 0 303.030303030303
 132 308.0808080808081
 16 313.1313131313131
 22 318.1818181818182
 18 323.2323232323232
 22 328.2828282828282
 114 333.3333333333333
 36 338.3838383838383
 4 343.4343434343434
 126 348.4848484848484
 57 353.5353535353535
 19 358.5858585858585
 2 363.6363636363636
 26 368.6868686868686
 20 373.7373737373737
 16 378.7878787878788
 0 383.8383838383838
 0 388.8888888888889
 228 393.9393939393939
 32 398.989898989899
 39 404.040404040404
 111 409.0909090909091
 110 414.1414141414141
 377 419.1919191919192
 17 424.2424242424242
 142 429.2929292929293
 126 434.3434343434343
 0 439.3939393939394
 39 444.4444444444444
 47 449.4949494949495
 50 454.5454545454545
 0 459.5959595959596
 1 464.6464646464646
 1 469.6969696969697
 0 474.7474747474747
 1 479.7979797979798
 9 484.8484848484848
 17 489.8989898989898
 37 494.9494949494949
 0 500


