# Created by Octave 3.8.2, Mon Jun 22 21:33:55 2020 CEST <damian@fptrucha.inv.usc.es>
# name: hd
# type: matrix
# rows: 100
# columns: 2
 3 0
 8 5.05050505050505
 1 10.1010101010101
 303 15.15151515151515
 0 20.2020202020202
 2 25.25252525252525
 156 30.3030303030303
 523 35.35353535353535
 638 40.4040404040404
 309 45.45454545454545
 152 50.50505050505051
 44 55.55555555555555
 1 60.6060606060606
 308 65.65656565656565
 220 70.7070707070707
 587 75.75757575757575
 1 80.8080808080808
 0 85.85858585858585
 54 90.90909090909091
 4 95.95959595959596
 1 101.010101010101
 216 106.060606060606
 161 111.1111111111111
 411 116.1616161616162
 216 121.2121212121212
 83 126.2626262626263
 2 131.3131313131313
 1 136.3636363636363
 65 141.4141414141414
 102 146.4646464646464
 486 151.5151515151515
 263 156.5656565656566
 1 161.6161616161616
 1 166.6666666666667
 91 171.7171717171717
 31 176.7676767676768
 0 181.8181818181818
 3 186.8686868686869
 217 191.9191919191919
 268 196.969696969697
 45 202.020202020202
 83 207.070707070707
 204 212.1212121212121
 60 217.1717171717171
 104 222.2222222222222
 259 227.2727272727273
 156 232.3232323232323
 4 237.3737373737374
 32 242.4242424242424
 148 247.4747474747475
 21 252.5252525252525
 159 257.5757575757576
 133 262.6262626262626
 36 267.6767676767677
 265 272.7272727272727
 154 277.7777777777778
 453 282.8282828282828
 199 287.8787878787879
 7 292.9292929292929
 1 297.979797979798
 0 303.030303030303
 246 308.0808080808081
 30 313.1313131313131
 49 318.1818181818182
 46 323.2323232323232
 34 328.2828282828282
 193 333.3333333333333
 65 338.3838383838383
 26 343.4343434343434
 202 348.4848484848484
 114 353.5353535353535
 29 358.5858585858585
 0 363.6363636363636
 42 368.6868686868686
 43 373.7373737373737
 38 378.7878787878788
 1 383.8383838383838
 0 388.8888888888889
 311 393.9393939393939
 59 398.989898989899
 65 404.040404040404
 174 409.0909090909091
 154 414.1414141414141
 547 419.1919191919192
 22 424.2424242424242
 232 429.2929292929293
 195 434.3434343434343
 6 439.3939393939394
 53 444.4444444444444
 93 449.4949494949495
 66 454.5454545454545
 2 459.5959595959596
 0 464.6464646464646
 2 469.6969696969697
 1 474.7474747474747
 0 479.7979797979798
 23 484.8484848484848
 26 489.8989898989898
 72 494.9494949494949
 0 500


