# Created by Octave 3.8.2, Sun Jun 21 04:33:08 2020 CEST <damian@fptrucha.inv.usc.es>
# name: hd
# type: matrix
# rows: 100
# columns: 2
 1 0
 2 5.05050505050505
 2 10.1010101010101
 279 15.15151515151515
 4 20.2020202020202
 0 25.25252525252525
 145 30.3030303030303
 510 35.35353535353535
 587 40.4040404040404
 317 45.45454545454545
 142 50.50505050505051
 71 55.55555555555555
 4 60.6060606060606
 263 65.65656565656565
 211 70.7070707070707
 554 75.75757575757575
 1 80.8080808080808
 2 85.85858585858585
 65 90.90909090909091
 4 95.95959595959596
 6 101.010101010101
 166 106.060606060606
 167 111.1111111111111
 360 116.1616161616162
 197 121.2121212121212
 98 126.2626262626263
 0 131.3131313131313
 0 136.3636363636363
 49 141.4141414141414
 83 146.4646464646464
 460 151.5151515151515
 276 156.5656565656566
 2 161.6161616161616
 1 166.6666666666667
 69 171.7171717171717
 24 176.7676767676768
 1 181.8181818181818
 2 186.8686868686869
 177 191.9191919191919
 269 196.969696969697
 51 202.020202020202
 97 207.070707070707
 184 212.1212121212121
 60 217.1717171717171
 77 222.2222222222222
 222 227.2727272727273
 110 232.3232323232323
 1 237.3737373737374
 16 242.4242424242424
 135 247.4747474747475
 20 252.5252525252525
 99 257.5757575757576
 145 262.6262626262626
 40 267.6767676767677
 250 272.7272727272727
 153 277.7777777777778
 471 282.8282828282828
 212 287.8787878787879
 1 292.9292929292929
 1 297.979797979798
 1 303.030303030303
 212 308.0808080808081
 21 313.1313131313131
 33 318.1818181818182
 28 323.2323232323232
 41 328.2828282828282
 171 333.3333333333333
 71 338.3838383838383
 11 343.4343434343434
 192 348.4848484848484
 99 353.5353535353535
 13 358.5858585858585
 0 363.6363636363636
 47 368.6868686868686
 26 373.7373737373737
 43 378.7878787878788
 1 383.8383838383838
 0 388.8888888888889
 321 393.9393939393939
 50 398.989898989899
 54 404.040404040404
 156 409.0909090909091
 159 414.1414141414141
 602 419.1919191919192
 19 424.2424242424242
 234 429.2929292929293
 166 434.3434343434343
 5 439.3939393939394
 54 444.4444444444444
 69 449.4949494949495
 51 454.5454545454545
 0 459.5959595959596
 1 464.6464646464646
 0 469.6969696969697
 1 474.7474747474747
 1 479.7979797979798
 16 484.8484848484848
 27 489.8989898989898
 65 494.9494949494949
 0 500


