# Created by Octave 3.8.2, Mon Jun 22 06:26:38 2020 CEST <damian@fptrucha.inv.usc.es>
# name: hd
# type: matrix
# rows: 100
# columns: 2
 2 0
 4 5.05050505050505
 2 10.1010101010101
 275 15.15151515151515
 1 20.2020202020202
 1 25.25252525252525
 139 30.3030303030303
 457 35.35353535353535
 537 40.4040404040404
 280 45.45454545454545
 130 50.50505050505051
 64 55.55555555555555
 1 60.6060606060606
 273 65.65656565656565
 217 70.7070707070707
 539 75.75757575757575
 1 80.8080808080808
 1 85.85858585858585
 56 90.90909090909091
 2 95.95959595959596
 4 101.010101010101
 185 106.060606060606
 171 111.1111111111111
 360 116.1616161616162
 166 121.2121212121212
 74 126.2626262626263
 0 131.3131313131313
 2 136.3636363636363
 74 141.4141414141414
 107 146.4646464646464
 440 151.5151515151515
 234 156.5656565656566
 2 161.6161616161616
 0 166.6666666666667
 62 171.7171717171717
 27 176.7676767676768
 2 181.8181818181818
 2 186.8686868686869
 154 191.9191919191919
 272 196.969696969697
 49 202.020202020202
 82 207.070707070707
 186 212.1212121212121
 52 217.1717171717171
 97 222.2222222222222
 225 227.2727272727273
 124 232.3232323232323
 2 237.3737373737374
 30 242.4242424242424
 145 247.4747474747475
 22 252.5252525252525
 104 257.5757575757576
 131 262.6262626262626
 43 267.6767676767677
 249 272.7272727272727
 110 277.7777777777778
 464 282.8282828282828
 236 287.8787878787879
 2 292.9292929292929
 0 297.979797979798
 0 303.030303030303
 178 308.0808080808081
 20 313.1313131313131
 47 318.1818181818182
 39 323.2323232323232
 34 328.2828282828282
 178 333.3333333333333
 63 338.3838383838383
 25 343.4343434343434
 182 348.4848484848484
 102 353.5353535353535
 28 358.5858585858585
 0 363.6363636363636
 51 368.6868686868686
 34 373.7373737373737
 25 378.7878787878788
 1 383.8383838383838
 1 388.8888888888889
 274 393.9393939393939
 54 398.989898989899
 73 404.040404040404
 180 409.0909090909091
 132 414.1414141414141
 568 419.1919191919192
 22 424.2424242424242
 258 429.2929292929293
 179 434.3434343434343
 2 439.3939393939394
 50 444.4444444444444
 77 449.4949494949495
 53 454.5454545454545
 4 459.5959595959596
 1 464.6464646464646
 0 469.6969696969697
 1 474.7474747474747
 2 479.7979797979798
 25 484.8484848484848
 23 489.8989898989898
 70 494.9494949494949
 0 500


