# Created by Octave 3.8.2, Mon Jun 22 13:20:44 2020 CEST <damian@fptrucha.inv.usc.es>
# name: hd
# type: matrix
# rows: 100
# columns: 2
 1 0
 1 5.05050505050505
 1 10.1010101010101
 313 15.15151515151515
 5 20.2020202020202
 2 25.25252525252525
 165 30.3030303030303
 532 35.35353535353535
 616 40.4040404040404
 344 45.45454545454545
 113 50.50505050505051
 61 55.55555555555555
 3 60.6060606060606
 271 65.65656565656565
 196 70.7070707070707
 587 75.75757575757575
 3 80.8080808080808
 1 85.85858585858585
 60 90.90909090909091
 4 95.95959595959596
 3 101.010101010101
 182 106.060606060606
 193 111.1111111111111
 374 116.1616161616162
 207 121.2121212121212
 98 126.2626262626263
 0 131.3131313131313
 4 136.3636363636363
 68 141.4141414141414
 105 146.4646464646464
 410 151.5151515151515
 270 156.5656565656566
 3 161.6161616161616
 0 166.6666666666667
 69 171.7171717171717
 44 176.7676767676768
 0 181.8181818181818
 0 186.8686868686869
 233 191.9191919191919
 249 196.969696969697
 44 202.020202020202
 95 207.070707070707
 170 212.1212121212121
 72 217.1717171717171
 82 222.2222222222222
 218 227.2727272727273
 158 232.3232323232323
 0 237.3737373737374
 26 242.4242424242424
 152 247.4747474747475
 29 252.5252525252525
 107 257.5757575757576
 142 262.6262626262626
 41 267.6767676767677
 273 272.7272727272727
 156 277.7777777777778
 459 282.8282828282828
 216 287.8787878787879
 2 292.9292929292929
 0 297.979797979798
 1 303.030303030303
 230 308.0808080808081
 21 313.1313131313131
 35 318.1818181818182
 25 323.2323232323232
 46 328.2828282828282
 180 333.3333333333333
 64 338.3838383838383
 22 343.4343434343434
 179 348.4848484848484
 124 353.5353535353535
 26 358.5858585858585
 0 363.6363636363636
 47 368.6868686868686
 36 373.7373737373737
 34 378.7878787878788
 1 383.8383838383838
 2 388.8888888888889
 348 393.9393939393939
 72 398.989898989899
 62 404.040404040404
 171 409.0909090909091
 141 414.1414141414141
 515 419.1919191919192
 20 424.2424242424242
 241 429.2929292929293
 186 434.3434343434343
 3 439.3939393939394
 66 444.4444444444444
 89 449.4949494949495
 59 454.5454545454545
 0 459.5959595959596
 0 464.6464646464646
 2 469.6969696969697
 0 474.7474747474747
 4 479.7979797979798
 16 484.8484848484848
 19 489.8989898989898
 63 494.9494949494949
 0 500


