# Created by Octave 3.8.2, Mon Jun 22 16:36:44 2020 CEST <damian@fptrucha.inv.usc.es>
# name: hd
# type: matrix
# rows: 100
# columns: 2
 2 0
 2 5.05050505050505
 3 10.1010101010101
 290 15.15151515151515
 3 20.2020202020202
 0 25.25252525252525
 164 30.3030303030303
 540 35.35353535353535
 551 40.4040404040404
 300 45.45454545454545
 128 50.50505050505051
 74 55.55555555555555
 1 60.6060606060606
 295 65.65656565656565
 206 70.7070707070707
 566 75.75757575757575
 2 80.8080808080808
 2 85.85858585858585
 65 90.90909090909091
 4 95.95959595959596
 3 101.010101010101
 213 106.060606060606
 170 111.1111111111111
 402 116.1616161616162
 202 121.2121212121212
 92 126.2626262626263
 0 131.3131313131313
 0 136.3636363636363
 61 141.4141414141414
 89 146.4646464646464
 397 151.5151515151515
 260 156.5656565656566
 6 161.6161616161616
 0 166.6666666666667
 61 171.7171717171717
 38 176.7676767676768
 0 181.8181818181818
 2 186.8686868686869
 172 191.9191919191919
 308 196.969696969697
 52 202.020202020202
 99 207.070707070707
 190 212.1212121212121
 70 217.1717171717171
 116 222.2222222222222
 232 227.2727272727273
 151 232.3232323232323
 2 237.3737373737374
 28 242.4242424242424
 133 247.4747474747475
 30 252.5252525252525
 121 257.5757575757576
 117 262.6262626262626
 54 267.6767676767677
 286 272.7272727272727
 160 277.7777777777778
 466 282.8282828282828
 214 287.8787878787879
 2 292.9292929292929
 1 297.979797979798
 1 303.030303030303
 202 308.0808080808081
 30 313.1313131313131
 32 318.1818181818182
 35 323.2323232323232
 41 328.2828282828282
 190 333.3333333333333
 74 338.3838383838383
 25 343.4343434343434
 178 348.4848484848484
 111 353.5353535353535
 28 358.5858585858585
 2 363.6363636363636
 60 368.6868686868686
 44 373.7373737373737
 44 378.7878787878788
 1 383.8383838383838
 1 388.8888888888889
 322 393.9393939393939
 58 398.989898989899
 68 404.040404040404
 168 409.0909090909091
 136 414.1414141414141
 573 419.1919191919192
 34 424.2424242424242
 234 429.2929292929293
 195 434.3434343434343
 1 439.3939393939394
 57 444.4444444444444
 66 449.4949494949495
 55 454.5454545454545
 0 459.5959595959596
 2 464.6464646464646
 3 469.6969696969697
 0 474.7474747474747
 1 479.7979797979798
 23 484.8484848484848
 27 489.8989898989898
 68 494.9494949494949
 0 500


