# Created by Octave 3.8.2, Sun Jun 21 03:40:02 2020 CEST <damian@fptrucha.inv.usc.es>
# name: hd
# type: matrix
# rows: 100
# columns: 2
 0 0
 3 5.05050505050505
 0 10.1010101010101
 277 15.15151515151515
 2 20.2020202020202
 1 25.25252525252525
 156 30.3030303030303
 472 35.35353535353535
 650 40.4040404040404
 327 45.45454545454545
 111 50.50505050505051
 59 55.55555555555555
 1 60.6060606060606
 269 65.65656565656565
 178 70.7070707070707
 585 75.75757575757575
 1 80.8080808080808
 1 85.85858585858585
 50 90.90909090909091
 5 95.95959595959596
 5 101.010101010101
 190 106.060606060606
 184 111.1111111111111
 387 116.1616161616162
 190 121.2121212121212
 87 126.2626262626263
 1 131.3131313131313
 1 136.3636363636363
 65 141.4141414141414
 102 146.4646464646464
 437 151.5151515151515
 270 156.5656565656566
 1 161.6161616161616
 0 166.6666666666667
 68 171.7171717171717
 35 176.7676767676768
 2 181.8181818181818
 1 186.8686868686869
 178 191.9191919191919
 255 196.969696969697
 47 202.020202020202
 92 207.070707070707
 185 212.1212121212121
 57 217.1717171717171
 112 222.2222222222222
 208 227.2727272727273
 124 232.3232323232323
 1 237.3737373737374
 26 242.4242424242424
 129 247.4747474747475
 20 252.5252525252525
 108 257.5757575757576
 124 262.6262626262626
 31 267.6767676767677
 231 272.7272727272727
 131 277.7777777777778
 432 282.8282828282828
 200 287.8787878787879
 1 292.9292929292929
 1 297.979797979798
 0 303.030303030303
 197 308.0808080808081
 21 313.1313131313131
 46 318.1818181818182
 30 323.2323232323232
 48 328.2828282828282
 168 333.3333333333333
 72 338.3838383838383
 24 343.4343434343434
 162 348.4848484848484
 102 353.5353535353535
 29 358.5858585858585
 1 363.6363636363636
 29 368.6868686868686
 29 373.7373737373737
 33 378.7878787878788
 0 383.8383838383838
 0 388.8888888888889
 255 393.9393939393939
 60 398.989898989899
 59 404.040404040404
 173 409.0909090909091
 139 414.1414141414141
 568 419.1919191919192
 24 424.2424242424242
 220 429.2929292929293
 163 434.3434343434343
 3 439.3939393939394
 56 444.4444444444444
 74 449.4949494949495
 52 454.5454545454545
 2 459.5959595959596
 0 464.6464646464646
 0 469.6969696969697
 1 474.7474747474747
 1 479.7979797979798
 21 484.8484848484848
 23 489.8989898989898
 70 494.9494949494949
 0 500


