# Created by Octave 3.8.2, Mon Jun 22 21:50:03 2020 CEST <damian@fptrucha.inv.usc.es>
# name: hd
# type: matrix
# rows: 100
# columns: 2
 1 0
 4 5.05050505050505
 0 10.1010101010101
 310 15.15151515151515
 1 20.2020202020202
 2 25.25252525252525
 176 30.3030303030303
 562 35.35353535353535
 600 40.4040404040404
 335 45.45454545454545
 126 50.50505050505051
 85 55.55555555555555
 1 60.6060606060606
 309 65.65656565656565
 257 70.7070707070707
 599 75.75757575757575
 2 80.8080808080808
 1 85.85858585858585
 64 90.90909090909091
 6 95.95959595959596
 1 101.010101010101
 199 106.060606060606
 180 111.1111111111111
 456 116.1616161616162
 209 121.2121212121212
 75 126.2626262626263
 1 131.3131313131313
 5 136.3636363636363
 83 141.4141414141414
 98 146.4646464646464
 454 151.5151515151515
 275 156.5656565656566
 1 161.6161616161616
 0 166.6666666666667
 77 171.7171717171717
 35 176.7676767676768
 0 181.8181818181818
 0 186.8686868686869
 200 191.9191919191919
 244 196.969696969697
 48 202.020202020202
 87 207.070707070707
 174 212.1212121212121
 54 217.1717171717171
 94 222.2222222222222
 250 227.2727272727273
 137 232.3232323232323
 0 237.3737373737374
 31 242.4242424242424
 145 247.4747474747475
 22 252.5252525252525
 132 257.5757575757576
 142 262.6262626262626
 38 267.6767676767677
 259 272.7272727272727
 147 277.7777777777778
 451 282.8282828282828
 194 287.8787878787879
 1 292.9292929292929
 2 297.979797979798
 0 303.030303030303
 239 308.0808080808081
 35 313.1313131313131
 42 318.1818181818182
 38 323.2323232323232
 51 328.2828282828282
 177 333.3333333333333
 77 338.3838383838383
 15 343.4343434343434
 188 348.4848484848484
 93 353.5353535353535
 27 358.5858585858585
 3 363.6363636363636
 42 368.6868686868686
 44 373.7373737373737
 41 378.7878787878788
 2 383.8383838383838
 0 388.8888888888889
 344 393.9393939393939
 65 398.989898989899
 75 404.040404040404
 190 409.0909090909091
 169 414.1414141414141
 570 419.1919191919192
 39 424.2424242424242
 251 429.2929292929293
 167 434.3434343434343
 3 439.3939393939394
 67 444.4444444444444
 78 449.4949494949495
 67 454.5454545454545
 0 459.5959595959596
 1 464.6464646464646
 1 469.6969696969697
 2 474.7474747474747
 5 479.7979797979798
 26 484.8484848484848
 23 489.8989898989898
 73 494.9494949494949
 0 500


