# Created by Octave 3.8.2, Mon Jun 22 11:03:58 2020 CEST <damian@fptrucha.inv.usc.es>
# name: hd
# type: matrix
# rows: 100
# columns: 2
 3 0
 4 5.05050505050505
 3 10.1010101010101
 274 15.15151515151515
 4 20.2020202020202
 5 25.25252525252525
 176 30.3030303030303
 534 35.35353535353535
 563 40.4040404040404
 303 45.45454545454545
 131 50.50505050505051
 85 55.55555555555555
 1 60.6060606060606
 285 65.65656565656565
 213 70.7070707070707
 588 75.75757575757575
 0 80.8080808080808
 2 85.85858585858585
 57 90.90909090909091
 7 95.95959595959596
 4 101.010101010101
 172 106.060606060606
 172 111.1111111111111
 397 116.1616161616162
 197 121.2121212121212
 75 126.2626262626263
 0 131.3131313131313
 1 136.3636363636363
 65 141.4141414141414
 89 146.4646464646464
 442 151.5151515151515
 230 156.5656565656566
 3 161.6161616161616
 2 166.6666666666667
 76 171.7171717171717
 31 176.7676767676768
 1 181.8181818181818
 1 186.8686868686869
 196 191.9191919191919
 240 196.969696969697
 51 202.020202020202
 101 207.070707070707
 207 212.1212121212121
 43 217.1717171717171
 109 222.2222222222222
 245 227.2727272727273
 132 232.3232323232323
 2 237.3737373737374
 25 242.4242424242424
 139 247.4747474747475
 30 252.5252525252525
 113 257.5757575757576
 130 262.6262626262626
 40 267.6767676767677
 251 272.7272727272727
 128 277.7777777777778
 465 282.8282828282828
 205 287.8787878787879
 1 292.9292929292929
 2 297.979797979798
 1 303.030303030303
 205 308.0808080808081
 28 313.1313131313131
 30 318.1818181818182
 26 323.2323232323232
 52 328.2828282828282
 171 333.3333333333333
 66 338.3838383838383
 13 343.4343434343434
 167 348.4848484848484
 101 353.5353535353535
 29 358.5858585858585
 1 363.6363636363636
 44 368.6868686868686
 23 373.7373737373737
 32 378.7878787878788
 2 383.8383838383838
 1 388.8888888888889
 300 393.9393939393939
 67 398.989898989899
 64 404.040404040404
 168 409.0909090909091
 147 414.1414141414141
 548 419.1919191919192
 19 424.2424242424242
 241 429.2929292929293
 169 434.3434343434343
 2 439.3939393939394
 54 444.4444444444444
 72 449.4949494949495
 67 454.5454545454545
 3 459.5959595959596
 1 464.6464646464646
 1 469.6969696969697
 1 474.7474747474747
 4 479.7979797979798
 31 484.8484848484848
 21 489.8989898989898
 69 494.9494949494949
 0 500


