# Created by Octave 3.8.2, Mon Jun 22 11:21:31 2020 CEST <damian@fptrucha.inv.usc.es>
# name: hd
# type: matrix
# rows: 100
# columns: 2
 2 0
 2 5.05050505050505
 5 10.1010101010101
 254 15.15151515151515
 4 20.2020202020202
 2 25.25252525252525
 158 30.3030303030303
 517 35.35353535353535
 573 40.4040404040404
 327 45.45454545454545
 117 50.50505050505051
 57 55.55555555555555
 4 60.6060606060606
 270 65.65656565656565
 199 70.7070707070707
 532 75.75757575757575
 3 80.8080808080808
 0 85.85858585858585
 58 90.90909090909091
 0 95.95959595959596
 3 101.010101010101
 204 106.060606060606
 179 111.1111111111111
 370 116.1616161616162
 183 121.2121212121212
 82 126.2626262626263
 1 131.3131313131313
 3 136.3636363636363
 58 141.4141414141414
 95 146.4646464646464
 436 151.5151515151515
 278 156.5656565656566
 3 161.6161616161616
 1 166.6666666666667
 64 171.7171717171717
 27 176.7676767676768
 0 181.8181818181818
 0 186.8686868686869
 194 191.9191919191919
 230 196.969696969697
 56 202.020202020202
 90 207.070707070707
 182 212.1212121212121
 66 217.1717171717171
 100 222.2222222222222
 219 227.2727272727273
 124 232.3232323232323
 2 237.3737373737374
 17 242.4242424242424
 125 247.4747474747475
 22 252.5252525252525
 114 257.5757575757576
 136 262.6262626262626
 33 267.6767676767677
 244 272.7272727272727
 135 277.7777777777778
 422 282.8282828282828
 210 287.8787878787879
 2 292.9292929292929
 0 297.979797979798
 1 303.030303030303
 204 308.0808080808081
 27 313.1313131313131
 33 318.1818181818182
 30 323.2323232323232
 40 328.2828282828282
 161 333.3333333333333
 65 338.3838383838383
 21 343.4343434343434
 199 348.4848484848484
 84 353.5353535353535
 26 358.5858585858585
 3 363.6363636363636
 49 368.6868686868686
 46 373.7373737373737
 43 378.7878787878788
 2 383.8383838383838
 1 388.8888888888889
 330 393.9393939393939
 59 398.989898989899
 65 404.040404040404
 161 409.0909090909091
 140 414.1414141414141
 526 419.1919191919192
 17 424.2424242424242
 220 429.2929292929293
 185 434.3434343434343
 4 439.3939393939394
 71 444.4444444444444
 71 449.4949494949495
 62 454.5454545454545
 1 459.5959595959596
 1 464.6464646464646
 3 469.6969696969697
 3 474.7474747474747
 2 479.7979797979798
 21 484.8484848484848
 26 489.8989898989898
 76 494.9494949494949
 0 500


