# Created by Octave 3.8.2, Mon Jun 22 13:07:53 2020 CEST <damian@fptrucha.inv.usc.es>
# name: hd
# type: matrix
# rows: 100
# columns: 2
 2 0
 5 5.05050505050505
 0 10.1010101010101
 296 15.15151515151515
 1 20.2020202020202
 4 25.25252525252525
 174 30.3030303030303
 546 35.35353535353535
 558 40.4040404040404
 344 45.45454545454545
 120 50.50505050505051
 68 55.55555555555555
 2 60.6060606060606
 265 65.65656565656565
 226 70.7070707070707
 577 75.75757575757575
 2 80.8080808080808
 0 85.85858585858585
 62 90.90909090909091
 9 95.95959595959596
 3 101.010101010101
 208 106.060606060606
 157 111.1111111111111
 426 116.1616161616162
 207 121.2121212121212
 79 126.2626262626263
 0 131.3131313131313
 2 136.3636363636363
 65 141.4141414141414
 89 146.4646464646464
 438 151.5151515151515
 273 156.5656565656566
 2 161.6161616161616
 2 166.6666666666667
 75 171.7171717171717
 39 176.7676767676768
 0 181.8181818181818
 1 186.8686868686869
 219 191.9191919191919
 281 196.969696969697
 59 202.020202020202
 97 207.070707070707
 191 212.1212121212121
 57 217.1717171717171
 113 222.2222222222222
 201 227.2727272727273
 140 232.3232323232323
 2 237.3737373737374
 25 242.4242424242424
 132 247.4747474747475
 31 252.5252525252525
 114 257.5757575757576
 145 262.6262626262626
 42 267.6767676767677
 273 272.7272727272727
 164 277.7777777777778
 447 282.8282828282828
 215 287.8787878787879
 2 292.9292929292929
 0 297.979797979798
 1 303.030303030303
 199 308.0808080808081
 30 313.1313131313131
 43 318.1818181818182
 37 323.2323232323232
 35 328.2828282828282
 183 333.3333333333333
 68 338.3838383838383
 19 343.4343434343434
 187 348.4848484848484
 104 353.5353535353535
 24 358.5858585858585
 1 363.6363636363636
 50 368.6868686868686
 39 373.7373737373737
 41 378.7878787878788
 0 383.8383838383838
 2 388.8888888888889
 356 393.9393939393939
 74 398.989898989899
 66 404.040404040404
 164 409.0909090909091
 129 414.1414141414141
 614 419.1919191919192
 17 424.2424242424242
 214 429.2929292929293
 190 434.3434343434343
 6 439.3939393939394
 68 444.4444444444444
 86 449.4949494949495
 69 454.5454545454545
 1 459.5959595959596
 1 464.6464646464646
 0 469.6969696969697
 3 474.7474747474747
 1 479.7979797979798
 14 484.8484848484848
 25 489.8989898989898
 89 494.9494949494949
 0 500


