# Created by Octave 3.8.2, Mon Jun 22 07:07:43 2020 CEST <damian@fptrucha.inv.usc.es>
# name: hd
# type: matrix
# rows: 100
# columns: 2
 4 0
 2 5.05050505050505
 2 10.1010101010101
 270 15.15151515151515
 5 20.2020202020202
 2 25.25252525252525
 141 30.3030303030303
 477 35.35353535353535
 546 40.4040404040404
 293 45.45454545454545
 110 50.50505050505051
 71 55.55555555555555
 0 60.6060606060606
 270 65.65656565656565
 206 70.7070707070707
 518 75.75757575757575
 3 80.8080808080808
 1 85.85858585858585
 77 90.90909090909091
 6 95.95959595959596
 7 101.010101010101
 177 106.060606060606
 155 111.1111111111111
 369 116.1616161616162
 208 121.2121212121212
 75 126.2626262626263
 1 131.3131313131313
 4 136.3636363636363
 56 141.4141414141414
 107 146.4646464646464
 440 151.5151515151515
 247 156.5656565656566
 4 161.6161616161616
 2 166.6666666666667
 64 171.7171717171717
 37 176.7676767676768
 2 181.8181818181818
 4 186.8686868686869
 175 191.9191919191919
 256 196.969696969697
 62 202.020202020202
 97 207.070707070707
 171 212.1212121212121
 49 217.1717171717171
 104 222.2222222222222
 212 227.2727272727273
 132 232.3232323232323
 1 237.3737373737374
 36 242.4242424242424
 139 247.4747474747475
 21 252.5252525252525
 105 257.5757575757576
 114 262.6262626262626
 33 267.6767676767677
 233 272.7272727272727
 137 277.7777777777778
 399 282.8282828282828
 202 287.8787878787879
 2 292.9292929292929
 1 297.979797979798
 0 303.030303030303
 198 308.0808080808081
 24 313.1313131313131
 44 318.1818181818182
 31 323.2323232323232
 32 328.2828282828282
 155 333.3333333333333
 59 338.3838383838383
 16 343.4343434343434
 192 348.4848484848484
 104 353.5353535353535
 22 358.5858585858585
 3 363.6363636363636
 51 368.6868686868686
 42 373.7373737373737
 39 378.7878787878788
 1 383.8383838383838
 0 388.8888888888889
 304 393.9393939393939
 71 398.989898989899
 65 404.040404040404
 158 409.0909090909091
 142 414.1414141414141
 533 419.1919191919192
 28 424.2424242424242
 231 429.2929292929293
 168 434.3434343434343
 2 439.3939393939394
 61 444.4444444444444
 60 449.4949494949495
 63 454.5454545454545
 1 459.5959595959596
 0 464.6464646464646
 1 469.6969696969697
 4 474.7474747474747
 2 479.7979797979798
 9 484.8484848484848
 14 489.8989898989898
 62 494.9494949494949
 0 500


