# Created by Octave 3.8.2, Mon Jun 22 12:26:23 2020 CEST <damian@fptrucha.inv.usc.es>
# name: hd
# type: matrix
# rows: 100
# columns: 2
 1 0
 4 5.05050505050505
 1 10.1010101010101
 266 15.15151515151515
 6 20.2020202020202
 1 25.25252525252525
 146 30.3030303030303
 524 35.35353535353535
 602 40.4040404040404
 348 45.45454545454545
 127 50.50505050505051
 62 55.55555555555555
 2 60.6060606060606
 238 65.65656565656565
 233 70.7070707070707
 521 75.75757575757575
 4 80.8080808080808
 0 85.85858585858585
 68 90.90909090909091
 2 95.95959595959596
 3 101.010101010101
 191 106.060606060606
 171 111.1111111111111
 406 116.1616161616162
 188 121.2121212121212
 82 126.2626262626263
 0 131.3131313131313
 0 136.3636363636363
 66 141.4141414141414
 88 146.4646464646464
 482 151.5151515151515
 235 156.5656565656566
 2 161.6161616161616
 1 166.6666666666667
 80 171.7171717171717
 33 176.7676767676768
 0 181.8181818181818
 0 186.8686868686869
 180 191.9191919191919
 234 196.969696969697
 45 202.020202020202
 98 207.070707070707
 182 212.1212121212121
 61 217.1717171717171
 112 222.2222222222222
 244 227.2727272727273
 141 232.3232323232323
 2 237.3737373737374
 22 242.4242424242424
 138 247.4747474747475
 24 252.5252525252525
 107 257.5757575757576
 128 262.6262626262626
 43 267.6767676767677
 274 272.7272727272727
 151 277.7777777777778
 449 282.8282828282828
 206 287.8787878787879
 0 292.9292929292929
 1 297.979797979798
 0 303.030303030303
 233 308.0808080808081
 23 313.1313131313131
 42 318.1818181818182
 41 323.2323232323232
 36 328.2828282828282
 195 333.3333333333333
 81 338.3838383838383
 16 343.4343434343434
 171 348.4848484848484
 106 353.5353535353535
 33 358.5858585858585
 2 363.6363636363636
 45 368.6868686868686
 42 373.7373737373737
 35 378.7878787878788
 0 383.8383838383838
 1 388.8888888888889
 322 393.9393939393939
 65 398.989898989899
 62 404.040404040404
 191 409.0909090909091
 158 414.1414141414141
 546 419.1919191919192
 20 424.2424242424242
 205 429.2929292929293
 164 434.3434343434343
 1 439.3939393939394
 53 444.4444444444444
 68 449.4949494949495
 53 454.5454545454545
 2 459.5959595959596
 3 464.6464646464646
 2 469.6969696969697
 5 474.7474747474747
 1 479.7979797979798
 17 484.8484848484848
 17 489.8989898989898
 73 494.9494949494949
 0 500


