# Created by Octave 3.8.2, Mon Jun 22 05:42:04 2020 CEST <damian@fptrucha.inv.usc.es>
# name: hd
# type: matrix
# rows: 100
# columns: 2
 2 0
 4 5.05050505050505
 1 10.1010101010101
 265 15.15151515151515
 3 20.2020202020202
 3 25.25252525252525
 156 30.3030303030303
 540 35.35353535353535
 571 40.4040404040404
 299 45.45454545454545
 123 50.50505050505051
 65 55.55555555555555
 0 60.6060606060606
 258 65.65656565656565
 189 70.7070707070707
 507 75.75757575757575
 1 80.8080808080808
 1 85.85858585858585
 59 90.90909090909091
 4 95.95959595959596
 4 101.010101010101
 170 106.060606060606
 186 111.1111111111111
 372 116.1616161616162
 175 121.2121212121212
 74 126.2626262626263
 0 131.3131313131313
 1 136.3636363636363
 77 141.4141414141414
 65 146.4646464646464
 413 151.5151515151515
 250 156.5656565656566
 5 161.6161616161616
 0 166.6666666666667
 66 171.7171717171717
 26 176.7676767676768
 2 181.8181818181818
 2 186.8686868686869
 194 191.9191919191919
 244 196.969696969697
 56 202.020202020202
 96 207.070707070707
 166 212.1212121212121
 59 217.1717171717171
 86 222.2222222222222
 241 227.2727272727273
 135 232.3232323232323
 2 237.3737373737374
 32 242.4242424242424
 132 247.4747474747475
 27 252.5252525252525
 110 257.5757575757576
 112 262.6262626262626
 49 267.6767676767677
 253 272.7272727272727
 138 277.7777777777778
 452 282.8282828282828
 175 287.8787878787879
 2 292.9292929292929
 3 297.979797979798
 0 303.030303030303
 186 308.0808080808081
 18 313.1313131313131
 46 318.1818181818182
 30 323.2323232323232
 41 328.2828282828282
 188 333.3333333333333
 67 338.3838383838383
 21 343.4343434343434
 168 348.4848484848484
 87 353.5353535353535
 27 358.5858585858585
 2 363.6363636363636
 40 368.6868686868686
 36 373.7373737373737
 42 378.7878787878788
 0 383.8383838383838
 0 388.8888888888889
 299 393.9393939393939
 59 398.989898989899
 52 404.040404040404
 164 409.0909090909091
 134 414.1414141414141
 503 419.1919191919192
 23 424.2424242424242
 225 429.2929292929293
 162 434.3434343434343
 4 439.3939393939394
 53 444.4444444444444
 70 449.4949494949495
 45 454.5454545454545
 2 459.5959595959596
 0 464.6464646464646
 1 469.6969696969697
 0 474.7474747474747
 2 479.7979797979798
 21 484.8484848484848
 19 489.8989898989898
 74 494.9494949494949
 0 500


