# Created by Octave 3.8.2, Sat Jun 20 13:03:28 2020 CEST <damian@fptrucha.inv.usc.es>
# name: hd
# type: matrix
# rows: 100
# columns: 2
 1 0
 1 5.05050505050505
 3 10.1010101010101
 272 15.15151515151515
 3 20.2020202020202
 1 25.25252525252525
 150 30.3030303030303
 570 35.35353535353535
 656 40.4040404040404
 278 45.45454545454545
 137 50.50505050505051
 83 55.55555555555555
 0 60.6060606060606
 294 65.65656565656565
 233 70.7070707070707
 579 75.75757575757575
 2 80.8080808080808
 0 85.85858585858585
 64 90.90909090909091
 3 95.95959595959596
 0 101.010101010101
 163 106.060606060606
 202 111.1111111111111
 437 116.1616161616162
 187 121.2121212121212
 109 126.2626262626263
 0 131.3131313131313
 1 136.3636363636363
 78 141.4141414141414
 106 146.4646464646464
 456 151.5151515151515
 273 156.5656565656566
 1 161.6161616161616
 1 166.6666666666667
 66 171.7171717171717
 46 176.7676767676768
 0 181.8181818181818
 1 186.8686868686869
 207 191.9191919191919
 297 196.969696969697
 55 202.020202020202
 71 207.070707070707
 181 212.1212121212121
 48 217.1717171717171
 106 222.2222222222222
 218 227.2727272727273
 139 232.3232323232323
 1 237.3737373737374
 25 242.4242424242424
 114 247.4747474747475
 22 252.5252525252525
 132 257.5757575757576
 168 262.6262626262626
 41 267.6767676767677
 269 272.7272727272727
 143 277.7777777777778
 483 282.8282828282828
 205 287.8787878787879
 0 292.9292929292929
 0 297.979797979798
 0 303.030303030303
 194 308.0808080808081
 28 313.1313131313131
 42 318.1818181818182
 30 323.2323232323232
 42 328.2828282828282
 194 333.3333333333333
 80 338.3838383838383
 13 343.4343434343434
 244 348.4848484848484
 83 353.5353535353535
 32 358.5858585858585
 0 363.6363636363636
 44 368.6868686868686
 38 373.7373737373737
 38 378.7878787878788
 0 383.8383838383838
 1 388.8888888888889
 329 393.9393939393939
 56 398.989898989899
 57 404.040404040404
 179 409.0909090909091
 167 414.1414141414141
 602 419.1919191919192
 19 424.2424242424242
 243 429.2929292929293
 181 434.3434343434343
 5 439.3939393939394
 64 444.4444444444444
 94 449.4949494949495
 69 454.5454545454545
 1 459.5959595959596
 0 464.6464646464646
 2 469.6969696969697
 1 474.7474747474747
 1 479.7979797979798
 18 484.8484848484848
 25 489.8989898989898
 69 494.9494949494949
 0 500


