# Created by Octave 3.8.2, Sun Jun 21 05:57:52 2020 CEST <damian@fptrucha.inv.usc.es>
# name: hd
# type: matrix
# rows: 100
# columns: 2
 2 0
 4 5.05050505050505
 1 10.1010101010101
 249 15.15151515151515
 3 20.2020202020202
 1 25.25252525252525
 131 30.3030303030303
 489 35.35353535353535
 548 40.4040404040404
 301 45.45454545454545
 117 50.50505050505051
 71 55.55555555555555
 0 60.6060606060606
 258 65.65656565656565
 195 70.7070707070707
 557 75.75757575757575
 2 80.8080808080808
 0 85.85858585858585
 60 90.90909090909091
 6 95.95959595959596
 2 101.010101010101
 161 106.060606060606
 156 111.1111111111111
 363 116.1616161616162
 190 121.2121212121212
 71 126.2626262626263
 0 131.3131313131313
 0 136.3636363636363
 49 141.4141414141414
 77 146.4646464646464
 415 151.5151515151515
 242 156.5656565656566
 3 161.6161616161616
 0 166.6666666666667
 62 171.7171717171717
 39 176.7676767676768
 2 181.8181818181818
 0 186.8686868686869
 167 191.9191919191919
 245 196.969696969697
 42 202.020202020202
 84 207.070707070707
 170 212.1212121212121
 69 217.1717171717171
 87 222.2222222222222
 218 227.2727272727273
 144 232.3232323232323
 0 237.3737373737374
 22 242.4242424242424
 131 247.4747474747475
 25 252.5252525252525
 111 257.5757575757576
 130 262.6262626262626
 35 267.6767676767677
 255 272.7272727272727
 150 277.7777777777778
 438 282.8282828282828
 197 287.8787878787879
 1 292.9292929292929
 0 297.979797979798
 0 303.030303030303
 171 308.0808080808081
 21 313.1313131313131
 39 318.1818181818182
 31 323.2323232323232
 38 328.2828282828282
 174 333.3333333333333
 63 338.3838383838383
 14 343.4343434343434
 174 348.4848484848484
 98 353.5353535353535
 21 358.5858585858585
 3 363.6363636363636
 50 368.6868686868686
 41 373.7373737373737
 30 378.7878787878788
 0 383.8383838383838
 1 388.8888888888889
 294 393.9393939393939
 49 398.989898989899
 58 404.040404040404
 148 409.0909090909091
 136 414.1414141414141
 544 419.1919191919192
 19 424.2424242424242
 208 429.2929292929293
 180 434.3434343434343
 3 439.3939393939394
 51 444.4444444444444
 75 449.4949494949495
 53 454.5454545454545
 0 459.5959595959596
 1 464.6464646464646
 0 469.6969696969697
 1 474.7474747474747
 0 479.7979797979798
 17 484.8484848484848
 21 489.8989898989898
 65 494.9494949494949
 0 500


