# Created by Octave 3.8.2, Sat Jun 20 10:45:59 2020 CEST <damian@fptrucha.inv.usc.es>
# name: hd
# type: matrix
# rows: 100
# columns: 2
 1 0
 2 5.05050505050505
 1 10.1010101010101
 311 15.15151515151515
 2 20.2020202020202
 2 25.25252525252525
 138 30.3030303030303
 583 35.35353535353535
 701 40.4040404040404
 306 45.45454545454545
 160 50.50505050505051
 85 55.55555555555555
 2 60.6060606060606
 296 65.65656565656565
 201 70.7070707070707
 629 75.75757575757575
 0 80.8080808080808
 0 85.85858585858585
 67 90.90909090909091
 4 95.95959595959596
 3 101.010101010101
 194 106.060606060606
 213 111.1111111111111
 410 116.1616161616162
 241 121.2121212121212
 89 126.2626262626263
 0 131.3131313131313
 1 136.3636363636363
 82 141.4141414141414
 111 146.4646464646464
 446 151.5151515151515
 296 156.5656565656566
 5 161.6161616161616
 2 166.6666666666667
 65 171.7171717171717
 33 176.7676767676768
 1 181.8181818181818
 1 186.8686868686869
 188 191.9191919191919
 300 196.969696969697
 53 202.020202020202
 93 207.070707070707
 196 212.1212121212121
 64 217.1717171717171
 115 222.2222222222222
 233 227.2727272727273
 179 232.3232323232323
 2 237.3737373737374
 22 242.4242424242424
 172 247.4747474747475
 36 252.5252525252525
 118 257.5757575757576
 176 262.6262626262626
 37 267.6767676767677
 261 272.7272727272727
 141 277.7777777777778
 478 282.8282828282828
 223 287.8787878787879
 2 292.9292929292929
 1 297.979797979798
 0 303.030303030303
 210 308.0808080808081
 27 313.1313131313131
 42 318.1818181818182
 39 323.2323232323232
 39 328.2828282828282
 180 333.3333333333333
 77 338.3838383838383
 17 343.4343434343434
 216 348.4848484848484
 99 353.5353535353535
 35 358.5858585858585
 2 363.6363636363636
 48 368.6868686868686
 49 373.7373737373737
 41 378.7878787878788
 2 383.8383838383838
 0 388.8888888888889
 376 393.9393939393939
 65 398.989898989899
 63 404.040404040404
 193 409.0909090909091
 190 414.1414141414141
 589 419.1919191919192
 17 424.2424242424242
 263 429.2929292929293
 198 434.3434343434343
 3 439.3939393939394
 67 444.4444444444444
 81 449.4949494949495
 70 454.5454545454545
 2 459.5959595959596
 1 464.6464646464646
 2 469.6969696969697
 1 474.7474747474747
 1 479.7979797979798
 21 484.8484848484848
 22 489.8989898989898
 87 494.9494949494949
 0 500


