# Created by Octave 3.8.2, Sat Jun 20 08:54:20 2020 CEST <damian@fptrucha.inv.usc.es>
# name: hd
# type: matrix
# rows: 100
# columns: 2
 4 0
 4 5.05050505050505
 0 10.1010101010101
 315 15.15151515151515
 4 20.2020202020202
 0 25.25252525252525
 171 30.3030303030303
 562 35.35353535353535
 673 40.4040404040404
 349 45.45454545454545
 156 50.50505050505051
 85 55.55555555555555
 2 60.6060606060606
 300 65.65656565656565
 236 70.7070707070707
 635 75.75757575757575
 1 80.8080808080808
 1 85.85858585858585
 72 90.90909090909091
 2 95.95959595959596
 5 101.010101010101
 205 106.060606060606
 200 111.1111111111111
 445 116.1616161616162
 220 121.2121212121212
 118 126.2626262626263
 0 131.3131313131313
 1 136.3636363636363
 75 141.4141414141414
 121 146.4646464646464
 513 151.5151515151515
 296 156.5656565656566
 1 161.6161616161616
 0 166.6666666666667
 65 171.7171717171717
 39 176.7676767676768
 2 181.8181818181818
 0 186.8686868686869
 208 191.9191919191919
 294 196.969696969697
 51 202.020202020202
 87 207.070707070707
 208 212.1212121212121
 66 217.1717171717171
 122 222.2222222222222
 253 227.2727272727273
 154 232.3232323232323
 1 237.3737373737374
 28 242.4242424242424
 161 247.4747474747475
 18 252.5252525252525
 123 257.5757575757576
 155 262.6262626262626
 38 267.6767676767677
 319 272.7272727272727
 164 277.7777777777778
 480 282.8282828282828
 221 287.8787878787879
 0 292.9292929292929
 1 297.979797979798
 1 303.030303030303
 249 308.0808080808081
 29 313.1313131313131
 54 318.1818181818182
 38 323.2323232323232
 55 328.2828282828282
 229 333.3333333333333
 69 338.3838383838383
 21 343.4343434343434
 235 348.4848484848484
 100 353.5353535353535
 32 358.5858585858585
 2 363.6363636363636
 63 368.6868686868686
 51 373.7373737373737
 39 378.7878787878788
 0 383.8383838383838
 0 388.8888888888889
 338 393.9393939393939
 59 398.989898989899
 65 404.040404040404
 179 409.0909090909091
 165 414.1414141414141
 637 419.1919191919192
 20 424.2424242424242
 265 429.2929292929293
 207 434.3434343434343
 2 439.3939393939394
 65 444.4444444444444
 90 449.4949494949495
 56 454.5454545454545
 0 459.5959595959596
 3 464.6464646464646
 1 469.6969696969697
 0 474.7474747474747
 2 479.7979797979798
 23 484.8484848484848
 20 489.8989898989898
 86 494.9494949494949
 0 500


