# Created by Octave 3.8.2, Sat Jun 20 06:13:37 2020 CEST <damian@fptrucha.inv.usc.es>
# name: hd
# type: matrix
# rows: 100
# columns: 2
 3 0
 4 5.05050505050505
 0 10.1010101010101
 319 15.15151515151515
 4 20.2020202020202
 0 25.25252525252525
 166 30.3030303030303
 615 35.35353535353535
 645 40.4040404040404
 320 45.45454545454545
 128 50.50505050505051
 72 55.55555555555555
 4 60.6060606060606
 312 65.65656565656565
 228 70.7070707070707
 644 75.75757575757575
 1 80.8080808080808
 0 85.85858585858585
 64 90.90909090909091
 1 95.95959595959596
 5 101.010101010101
 213 106.060606060606
 189 111.1111111111111
 454 116.1616161616162
 231 121.2121212121212
 98 126.2626262626263
 1 131.3131313131313
 0 136.3636363636363
 86 141.4141414141414
 100 146.4646464646464
 488 151.5151515151515
 316 156.5656565656566
 1 161.6161616161616
 1 166.6666666666667
 73 171.7171717171717
 40 176.7676767676768
 0 181.8181818181818
 0 186.8686868686869
 214 191.9191919191919
 291 196.969696969697
 40 202.020202020202
 90 207.070707070707
 181 212.1212121212121
 78 217.1717171717171
 122 222.2222222222222
 247 227.2727272727273
 147 232.3232323232323
 0 237.3737373737374
 13 242.4242424242424
 137 247.4747474747475
 20 252.5252525252525
 121 257.5757575757576
 129 262.6262626262626
 41 267.6767676767677
 281 272.7272727272727
 166 277.7777777777778
 496 282.8282828282828
 236 287.8787878787879
 0 292.9292929292929
 0 297.979797979798
 0 303.030303030303
 218 308.0808080808081
 22 313.1313131313131
 63 318.1818181818182
 29 323.2323232323232
 31 328.2828282828282
 181 333.3333333333333
 67 338.3838383838383
 11 343.4343434343434
 241 348.4848484848484
 106 353.5353535353535
 36 358.5858585858585
 0 363.6363636363636
 47 368.6868686868686
 33 373.7373737373737
 37 378.7878787878788
 0 383.8383838383838
 0 388.8888888888889
 341 393.9393939393939
 49 398.989898989899
 66 404.040404040404
 205 409.0909090909091
 144 414.1414141414141
 607 419.1919191919192
 28 424.2424242424242
 243 429.2929292929293
 204 434.3434343434343
 4 439.3939393939394
 58 444.4444444444444
 86 449.4949494949495
 69 454.5454545454545
 0 459.5959595959596
 2 464.6464646464646
 2 469.6969696969697
 2 474.7474747474747
 4 479.7979797979798
 21 484.8484848484848
 24 489.8989898989898
 95 494.9494949494949
 0 500


