# Created by Octave 3.8.2, Mon Jun 22 07:42:18 2020 CEST <damian@fptrucha.inv.usc.es>
# name: hd
# type: matrix
# rows: 100
# columns: 2
 6 0
 7 5.05050505050505
 1 10.1010101010101
 294 15.15151515151515
 2 20.2020202020202
 3 25.25252525252525
 138 30.3030303030303
 490 35.35353535353535
 570 40.4040404040404
 292 45.45454545454545
 125 50.50505050505051
 73 55.55555555555555
 3 60.6060606060606
 234 65.65656565656565
 197 70.7070707070707
 493 75.75757575757575
 7 80.8080808080808
 4 85.85858585858585
 55 90.90909090909091
 9 95.95959595959596
 1 101.010101010101
 183 106.060606060606
 175 111.1111111111111
 368 116.1616161616162
 170 121.2121212121212
 85 126.2626262626263
 2 131.3131313131313
 3 136.3636363636363
 54 141.4141414141414
 104 146.4646464646464
 403 151.5151515151515
 217 156.5656565656566
 1 161.6161616161616
 0 166.6666666666667
 71 171.7171717171717
 34 176.7676767676768
 1 181.8181818181818
 2 186.8686868686869
 185 191.9191919191919
 257 196.969696969697
 57 202.020202020202
 79 207.070707070707
 175 212.1212121212121
 64 217.1717171717171
 119 222.2222222222222
 208 227.2727272727273
 139 232.3232323232323
 2 237.3737373737374
 22 242.4242424242424
 114 247.4747474747475
 25 252.5252525252525
 115 257.5757575757576
 115 262.6262626262626
 40 267.6767676767677
 276 272.7272727272727
 143 277.7777777777778
 451 282.8282828282828
 214 287.8787878787879
 1 292.9292929292929
 2 297.979797979798
 0 303.030303030303
 213 308.0808080808081
 32 313.1313131313131
 32 318.1818181818182
 25 323.2323232323232
 24 328.2828282828282
 180 333.3333333333333
 84 338.3838383838383
 17 343.4343434343434
 165 348.4848484848484
 94 353.5353535353535
 26 358.5858585858585
 2 363.6363636363636
 54 368.6868686868686
 39 373.7373737373737
 38 378.7878787878788
 1 383.8383838383838
 0 388.8888888888889
 308 393.9393939393939
 56 398.989898989899
 57 404.040404040404
 146 409.0909090909091
 136 414.1414141414141
 525 419.1919191919192
 14 424.2424242424242
 225 429.2929292929293
 173 434.3434343434343
 3 439.3939393939394
 64 444.4444444444444
 80 449.4949494949495
 54 454.5454545454545
 2 459.5959595959596
 2 464.6464646464646
 1 469.6969696969697
 1 474.7474747474747
 2 479.7979797979798
 23 484.8484848484848
 20 489.8989898989898
 72 494.9494949494949
 0 500


