# Created by Octave 3.8.2, Sat Jun 20 02:56:34 2020 CEST <damian@fptrucha.inv.usc.es>
# name: hd
# type: matrix
# rows: 100
# columns: 2
 3 0
 7 5.05050505050505
 0 10.1010101010101
 279 15.15151515151515
 3 20.2020202020202
 0 25.25252525252525
 175 30.3030303030303
 572 35.35353535353535
 672 40.4040404040404
 329 45.45454545454545
 134 50.50505050505051
 76 55.55555555555555
 0 60.6060606060606
 286 65.65656565656565
 220 70.7070707070707
 600 75.75757575757575
 1 80.8080808080808
 2 85.85858585858585
 65 90.90909090909091
 2 95.95959595959596
 3 101.010101010101
 192 106.060606060606
 193 111.1111111111111
 476 116.1616161616162
 215 121.2121212121212
 78 126.2626262626263
 1 131.3131313131313
 1 136.3636363636363
 93 141.4141414141414
 97 146.4646464646464
 482 151.5151515151515
 298 156.5656565656566
 3 161.6161616161616
 0 166.6666666666667
 64 171.7171717171717
 38 176.7676767676768
 1 181.8181818181818
 0 186.8686868686869
 198 191.9191919191919
 284 196.969696969697
 55 202.020202020202
 103 207.070707070707
 192 212.1212121212121
 53 217.1717171717171
 109 222.2222222222222
 253 227.2727272727273
 132 232.3232323232323
 2 237.3737373737374
 25 242.4242424242424
 144 247.4747474747475
 15 252.5252525252525
 150 257.5757575757576
 118 262.6262626262626
 39 267.6767676767677
 281 272.7272727272727
 156 277.7777777777778
 523 282.8282828282828
 229 287.8787878787879
 0 292.9292929292929
 0 297.979797979798
 0 303.030303030303
 207 308.0808080808081
 25 313.1313131313131
 42 318.1818181818182
 39 323.2323232323232
 39 328.2828282828282
 183 333.3333333333333
 73 338.3838383838383
 16 343.4343434343434
 177 348.4848484848484
 92 353.5353535353535
 28 358.5858585858585
 1 363.6363636363636
 53 368.6868686868686
 43 373.7373737373737
 36 378.7878787878788
 0 383.8383838383838
 1 388.8888888888889
 320 393.9393939393939
 62 398.989898989899
 63 404.040404040404
 173 409.0909090909091
 139 414.1414141414141
 648 419.1919191919192
 21 424.2424242424242
 250 429.2929292929293
 191 434.3434343434343
 4 439.3939393939394
 59 444.4444444444444
 80 449.4949494949495
 56 454.5454545454545
 0 459.5959595959596
 1 464.6464646464646
 2 469.6969696969697
 0 474.7474747474747
 0 479.7979797979798
 21 484.8484848484848
 28 489.8989898989898
 66 494.9494949494949
 0 500


