# Created by Octave 3.8.2, Sat Jun 20 13:20:54 2020 CEST <damian@fptrucha.inv.usc.es>
# name: hd
# type: matrix
# rows: 100
# columns: 2
 3 0
 5 5.05050505050505
 2 10.1010101010101
 295 15.15151515151515
 1 20.2020202020202
 0 25.25252525252525
 164 30.3030303030303
 579 35.35353535353535
 637 40.4040404040404
 300 45.45454545454545
 145 50.50505050505051
 66 55.55555555555555
 2 60.6060606060606
 295 65.65656565656565
 222 70.7070707070707
 643 75.75757575757575
 1 80.8080808080808
 0 85.85858585858585
 70 90.90909090909091
 4 95.95959595959596
 2 101.010101010101
 187 106.060606060606
 201 111.1111111111111
 411 116.1616161616162
 222 121.2121212121212
 109 126.2626262626263
 0 131.3131313131313
 0 136.3636363636363
 78 141.4141414141414
 83 146.4646464646464
 517 151.5151515151515
 295 156.5656565656566
 0 161.6161616161616
 1 166.6666666666667
 76 171.7171717171717
 41 176.7676767676768
 1 181.8181818181818
 0 186.8686868686869
 193 191.9191919191919
 290 196.969696969697
 56 202.020202020202
 84 207.070707070707
 216 212.1212121212121
 66 217.1717171717171
 127 222.2222222222222
 222 227.2727272727273
 158 232.3232323232323
 2 237.3737373737374
 29 242.4242424242424
 132 247.4747474747475
 11 252.5252525252525
 122 257.5757575757576
 168 262.6262626262626
 40 267.6767676767677
 319 272.7272727272727
 158 277.7777777777778
 463 282.8282828282828
 233 287.8787878787879
 0 292.9292929292929
 1 297.979797979798
 0 303.030303030303
 251 308.0808080808081
 21 313.1313131313131
 39 318.1818181818182
 31 323.2323232323232
 48 328.2828282828282
 160 333.3333333333333
 86 338.3838383838383
 18 343.4343434343434
 189 348.4848484848484
 85 353.5353535353535
 34 358.5858585858585
 3 363.6363636363636
 43 368.6868686868686
 52 373.7373737373737
 36 378.7878787878788
 4 383.8383838383838
 1 388.8888888888889
 342 393.9393939393939
 58 398.989898989899
 70 404.040404040404
 176 409.0909090909091
 147 414.1414141414141
 602 419.1919191919192
 31 424.2424242424242
 243 429.2929292929293
 189 434.3434343434343
 4 439.3939393939394
 62 444.4444444444444
 87 449.4949494949495
 51 454.5454545454545
 1 459.5959595959596
 0 464.6464646464646
 0 469.6969696969697
 0 474.7474747474747
 1 479.7979797979798
 21 484.8484848484848
 26 489.8989898989898
 88 494.9494949494949
 0 500


