# Created by Octave 3.8.2, Sat Jun 20 06:06:20 2020 CEST <damian@fptrucha.inv.usc.es>
# name: hd
# type: matrix
# rows: 100
# columns: 2
 1 0
 0 5.05050505050505
 0 10.1010101010101
 200 15.15151515151515
 1 20.2020202020202
 0 25.25252525252525
 96 30.3030303030303
 384 35.35353535353535
 424 40.4040404040404
 244 45.45454545454545
 92 50.50505050505051
 50 55.55555555555555
 0 60.6060606060606
 206 65.65656565656565
 126 70.7070707070707
 427 75.75757575757575
 2 80.8080808080808
 0 85.85858585858585
 61 90.90909090909091
 1 95.95959595959596
 1 101.010101010101
 131 106.060606060606
 103 111.1111111111111
 311 116.1616161616162
 135 121.2121212121212
 66 126.2626262626263
 0 131.3131313131313
 1 136.3636363636363
 52 141.4141414141414
 47 146.4646464646464
 325 151.5151515151515
 188 156.5656565656566
 3 161.6161616161616
 0 166.6666666666667
 57 171.7171717171717
 25 176.7676767676768
 0 181.8181818181818
 0 186.8686868686869
 119 191.9191919191919
 181 196.969696969697
 30 202.020202020202
 63 207.070707070707
 152 212.1212121212121
 38 217.1717171717171
 72 222.2222222222222
 174 227.2727272727273
 86 232.3232323232323
 0 237.3737373737374
 16 242.4242424242424
 113 247.4747474747475
 10 252.5252525252525
 69 257.5757575757576
 95 262.6262626262626
 27 267.6767676767677
 184 272.7272727272727
 118 277.7777777777778
 337 282.8282828282828
 158 287.8787878787879
 1 292.9292929292929
 1 297.979797979798
 0 303.030303030303
 178 308.0808080808081
 19 313.1313131313131
 35 318.1818181818182
 26 323.2323232323232
 34 328.2828282828282
 138 333.3333333333333
 51 338.3838383838383
 13 343.4343434343434
 141 348.4848484848484
 58 353.5353535353535
 23 358.5858585858585
 2 363.6363636363636
 32 368.6868686868686
 30 373.7373737373737
 41 378.7878787878788
 1 383.8383838383838
 1 388.8888888888889
 237 393.9393939393939
 58 398.989898989899
 40 404.040404040404
 144 409.0909090909091
 115 414.1414141414141
 404 419.1919191919192
 6 424.2424242424242
 178 429.2929292929293
 157 434.3434343434343
 3 439.3939393939394
 37 444.4444444444444
 58 449.4949494949495
 47 454.5454545454545
 1 459.5959595959596
 2 464.6464646464646
 0 469.6969696969697
 0 474.7474747474747
 0 479.7979797979798
 15 484.8484848484848
 15 489.8989898989898
 50 494.9494949494949
 0 500


