# Created by Octave 3.8.2, Sat Jun 20 12:27:36 2020 CEST <damian@fptrucha.inv.usc.es>
# name: hd
# type: matrix
# rows: 100
# columns: 2
 3 0
 5 5.05050505050505
 1 10.1010101010101
 295 15.15151515151515
 3 20.2020202020202
 0 25.25252525252525
 175 30.3030303030303
 541 35.35353535353535
 657 40.4040404040404
 310 45.45454545454545
 151 50.50505050505051
 64 55.55555555555555
 2 60.6060606060606
 301 65.65656565656565
 213 70.7070707070707
 556 75.75757575757575
 1 80.8080808080808
 1 85.85858585858585
 78 90.90909090909091
 6 95.95959595959596
 1 101.010101010101
 232 106.060606060606
 182 111.1111111111111
 410 116.1616161616162
 195 121.2121212121212
 97 126.2626262626263
 0 131.3131313131313
 0 136.3636363636363
 71 141.4141414141414
 99 146.4646464646464
 520 151.5151515151515
 267 156.5656565656566
 4 161.6161616161616
 0 166.6666666666667
 68 171.7171717171717
 37 176.7676767676768
 3 181.8181818181818
 0 186.8686868686869
 193 191.9191919191919
 284 196.969696969697
 58 202.020202020202
 89 207.070707070707
 198 212.1212121212121
 71 217.1717171717171
 98 222.2222222222222
 206 227.2727272727273
 134 232.3232323232323
 2 237.3737373737374
 25 242.4242424242424
 120 247.4747474747475
 19 252.5252525252525
 123 257.5757575757576
 150 262.6262626262626
 42 267.6767676767677
 286 272.7272727272727
 160 277.7777777777778
 490 282.8282828282828
 239 287.8787878787879
 3 292.9292929292929
 1 297.979797979798
 0 303.030303030303
 222 308.0808080808081
 28 313.1313131313131
 43 318.1818181818182
 33 323.2323232323232
 51 328.2828282828282
 182 333.3333333333333
 66 338.3838383838383
 15 343.4343434343434
 233 348.4848484848484
 89 353.5353535353535
 24 358.5858585858585
 0 363.6363636363636
 62 368.6868686868686
 43 373.7373737373737
 38 378.7878787878788
 1 383.8383838383838
 0 388.8888888888889
 320 393.9393939393939
 61 398.989898989899
 69 404.040404040404
 192 409.0909090909091
 152 414.1414141414141
 618 419.1919191919192
 31 424.2424242424242
 225 429.2929292929293
 179 434.3434343434343
 3 439.3939393939394
 64 444.4444444444444
 88 449.4949494949495
 55 454.5454545454545
 0 459.5959595959596
 0 464.6464646464646
 0 469.6969696969697
 2 474.7474747474747
 2 479.7979797979798
 19 484.8484848484848
 28 489.8989898989898
 68 494.9494949494949
 0 500


