# Created by Octave 3.8.2, Mon Jun 22 10:21:27 2020 CEST <damian@fptrucha.inv.usc.es>
# name: hd
# type: matrix
# rows: 100
# columns: 2
 4 0
 1 5.05050505050505
 3 10.1010101010101
 276 15.15151515151515
 5 20.2020202020202
 1 25.25252525252525
 120 30.3030303030303
 509 35.35353535353535
 577 40.4040404040404
 311 45.45454545454545
 134 50.50505050505051
 76 55.55555555555555
 1 60.6060606060606
 277 65.65656565656565
 229 70.7070707070707
 578 75.75757575757575
 2 80.8080808080808
 1 85.85858585858585
 61 90.90909090909091
 6 95.95959595959596
 4 101.010101010101
 175 106.060606060606
 162 111.1111111111111
 406 116.1616161616162
 201 121.2121212121212
 83 126.2626262626263
 1 131.3131313131313
 2 136.3636363636363
 69 141.4141414141414
 76 146.4646464646464
 442 151.5151515151515
 254 156.5656565656566
 3 161.6161616161616
 0 166.6666666666667
 65 171.7171717171717
 31 176.7676767676768
 1 181.8181818181818
 2 186.8686868686869
 216 191.9191919191919
 269 196.969696969697
 39 202.020202020202
 99 207.070707070707
 192 212.1212121212121
 59 217.1717171717171
 106 222.2222222222222
 222 227.2727272727273
 125 232.3232323232323
 1 237.3737373737374
 24 242.4242424242424
 129 247.4747474747475
 30 252.5252525252525
 123 257.5757575757576
 116 262.6262626262626
 39 267.6767676767677
 244 272.7272727272727
 151 277.7777777777778
 431 282.8282828282828
 179 287.8787878787879
 1 292.9292929292929
 0 297.979797979798
 0 303.030303030303
 220 308.0808080808081
 22 313.1313131313131
 39 318.1818181818182
 24 323.2323232323232
 34 328.2828282828282
 180 333.3333333333333
 70 338.3838383838383
 18 343.4343434343434
 193 348.4848484848484
 111 353.5353535353535
 34 358.5858585858585
 1 363.6363636363636
 52 368.6868686868686
 30 373.7373737373737
 38 378.7878787878788
 5 383.8383838383838
 1 388.8888888888889
 302 393.9393939393939
 55 398.989898989899
 80 404.040404040404
 167 409.0909090909091
 138 414.1414141414141
 557 419.1919191919192
 18 424.2424242424242
 232 429.2929292929293
 181 434.3434343434343
 4 439.3939393939394
 46 444.4444444444444
 93 449.4949494949495
 57 454.5454545454545
 1 459.5959595959596
 2 464.6464646464646
 0 469.6969696969697
 2 474.7474747474747
 3 479.7979797979798
 27 484.8484848484848
 19 489.8989898989898
 71 494.9494949494949
 0 500


