# Created by Octave 3.8.2, Sat Jun 20 15:25:10 2020 CEST <damian@fptrucha.inv.usc.es>
# name: hd
# type: matrix
# rows: 100
# columns: 2
 1 0
 2 5.05050505050505
 2 10.1010101010101
 305 15.15151515151515
 1 20.2020202020202
 1 25.25252525252525
 174 30.3030303030303
 530 35.35353535353535
 618 40.4040404040404
 316 45.45454545454545
 166 50.50505050505051
 74 55.55555555555555
 2 60.6060606060606
 269 65.65656565656565
 195 70.7070707070707
 544 75.75757575757575
 0 80.8080808080808
 0 85.85858585858585
 60 90.90909090909091
 2 95.95959595959596
 0 101.010101010101
 176 106.060606060606
 189 111.1111111111111
 409 116.1616161616162
 229 121.2121212121212
 99 126.2626262626263
 0 131.3131313131313
 2 136.3636363636363
 66 141.4141414141414
 87 146.4646464646464
 457 151.5151515151515
 304 156.5656565656566
 6 161.6161616161616
 1 166.6666666666667
 75 171.7171717171717
 27 176.7676767676768
 0 181.8181818181818
 0 186.8686868686869
 188 191.9191919191919
 303 196.969696969697
 53 202.020202020202
 97 207.070707070707
 191 212.1212121212121
 62 217.1717171717171
 108 222.2222222222222
 241 227.2727272727273
 164 232.3232323232323
 0 237.3737373737374
 15 242.4242424242424
 129 247.4747474747475
 13 252.5252525252525
 121 257.5757575757576
 138 262.6262626262626
 35 267.6767676767677
 229 272.7272727272727
 151 277.7777777777778
 455 282.8282828282828
 226 287.8787878787879
 0 292.9292929292929
 0 297.979797979798
 2 303.030303030303
 196 308.0808080808081
 25 313.1313131313131
 52 318.1818181818182
 35 323.2323232323232
 34 328.2828282828282
 167 333.3333333333333
 57 338.3838383838383
 13 343.4343434343434
 198 348.4848484848484
 114 353.5353535353535
 23 358.5858585858585
 3 363.6363636363636
 39 368.6868686868686
 32 373.7373737373737
 29 378.7878787878788
 2 383.8383838383838
 0 388.8888888888889
 342 393.9393939393939
 65 398.989898989899
 61 404.040404040404
 173 409.0909090909091
 142 414.1414141414141
 622 419.1919191919192
 20 424.2424242424242
 208 429.2929292929293
 161 434.3434343434343
 3 439.3939393939394
 40 444.4444444444444
 87 449.4949494949495
 60 454.5454545454545
 0 459.5959595959596
 0 464.6464646464646
 3 469.6969696969697
 1 474.7474747474747
 0 479.7979797979798
 14 484.8484848484848
 23 489.8989898989898
 77 494.9494949494949
 0 500


