# Created by Octave 3.8.2, Mon Jun 22 14:38:37 2020 CEST <damian@fptrucha.inv.usc.es>
# name: hd
# type: matrix
# rows: 100
# columns: 2
 2 0
 5 5.05050505050505
 2 10.1010101010101
 287 15.15151515151515
 8 20.2020202020202
 2 25.25252525252525
 166 30.3030303030303
 546 35.35353535353535
 584 40.4040404040404
 318 45.45454545454545
 129 50.50505050505051
 59 55.55555555555555
 3 60.6060606060606
 288 65.65656565656565
 219 70.7070707070707
 554 75.75757575757575
 1 80.8080808080808
 1 85.85858585858585
 68 90.90909090909091
 5 95.95959595959596
 6 101.010101010101
 189 106.060606060606
 174 111.1111111111111
 421 116.1616161616162
 195 121.2121212121212
 107 126.2626262626263
 3 131.3131313131313
 1 136.3636363636363
 67 141.4141414141414
 94 146.4646464646464
 438 151.5151515151515
 247 156.5656565656566
 3 161.6161616161616
 0 166.6666666666667
 71 171.7171717171717
 33 176.7676767676768
 0 181.8181818181818
 0 186.8686868686869
 191 191.9191919191919
 252 196.969696969697
 45 202.020202020202
 96 207.070707070707
 178 212.1212121212121
 55 217.1717171717171
 101 222.2222222222222
 225 227.2727272727273
 127 232.3232323232323
 0 237.3737373737374
 18 242.4242424242424
 136 247.4747474747475
 25 252.5252525252525
 119 257.5757575757576
 151 262.6262626262626
 43 267.6767676767677
 290 272.7272727272727
 156 277.7777777777778
 469 282.8282828282828
 216 287.8787878787879
 0 292.9292929292929
 1 297.979797979798
 1 303.030303030303
 203 308.0808080808081
 34 313.1313131313131
 39 318.1818181818182
 41 323.2323232323232
 39 328.2828282828282
 184 333.3333333333333
 87 338.3838383838383
 24 343.4343434343434
 185 348.4848484848484
 109 353.5353535353535
 27 358.5858585858585
 1 363.6363636363636
 40 368.6868686868686
 29 373.7373737373737
 22 378.7878787878788
 3 383.8383838383838
 1 388.8888888888889
 293 393.9393939393939
 76 398.989898989899
 73 404.040404040404
 195 409.0909090909091
 152 414.1414141414141
 602 419.1919191919192
 21 424.2424242424242
 245 429.2929292929293
 184 434.3434343434343
 2 439.3939393939394
 73 444.4444444444444
 73 449.4949494949495
 71 454.5454545454545
 2 459.5959595959596
 1 464.6464646464646
 2 469.6969696969697
 1 474.7474747474747
 0 479.7979797979798
 25 484.8484848484848
 28 489.8989898989898
 69 494.9494949494949
 0 500


