# Created by Octave 3.8.2, Mon Jun 22 07:55:07 2020 CEST <damian@fptrucha.inv.usc.es>
# name: hd
# type: matrix
# rows: 100
# columns: 2
 2 0
 3 5.05050505050505
 1 10.1010101010101
 307 15.15151515151515
 2 20.2020202020202
 1 25.25252525252525
 159 30.3030303030303
 500 35.35353535353535
 606 40.4040404040404
 306 45.45454545454545
 123 50.50505050505051
 68 55.55555555555555
 1 60.6060606060606
 257 65.65656565656565
 191 70.7070707070707
 548 75.75757575757575
 1 80.8080808080808
 2 85.85858585858585
 64 90.90909090909091
 5 95.95959595959596
 2 101.010101010101
 199 106.060606060606
 152 111.1111111111111
 383 116.1616161616162
 190 121.2121212121212
 88 126.2626262626263
 1 131.3131313131313
 3 136.3636363636363
 76 141.4141414141414
 95 146.4646464646464
 441 151.5151515151515
 258 156.5656565656566
 3 161.6161616161616
 0 166.6666666666667
 80 171.7171717171717
 30 176.7676767676768
 2 181.8181818181818
 0 186.8686868686869
 190 191.9191919191919
 241 196.969696969697
 55 202.020202020202
 88 207.070707070707
 175 212.1212121212121
 53 217.1717171717171
 98 222.2222222222222
 231 227.2727272727273
 130 232.3232323232323
 4 237.3737373737374
 26 242.4242424242424
 135 247.4747474747475
 23 252.5252525252525
 111 257.5757575757576
 134 262.6262626262626
 46 267.6767676767677
 260 272.7272727272727
 141 277.7777777777778
 455 282.8282828282828
 176 287.8787878787879
 0 292.9292929292929
 2 297.979797979798
 1 303.030303030303
 193 308.0808080808081
 21 313.1313131313131
 26 318.1818181818182
 36 323.2323232323232
 35 328.2828282828282
 177 333.3333333333333
 70 338.3838383838383
 22 343.4343434343434
 192 348.4848484848484
 101 353.5353535353535
 33 358.5858585858585
 1 363.6363636363636
 53 368.6868686868686
 38 373.7373737373737
 39 378.7878787878788
 2 383.8383838383838
 0 388.8888888888889
 322 393.9393939393939
 70 398.989898989899
 54 404.040404040404
 161 409.0909090909091
 148 414.1414141414141
 568 419.1919191919192
 15 424.2424242424242
 239 429.2929292929293
 159 434.3434343434343
 12 439.3939393939394
 48 444.4444444444444
 87 449.4949494949495
 50 454.5454545454545
 1 459.5959595959596
 1 464.6464646464646
 1 469.6969696969697
 1 474.7474747474747
 0 479.7979797979798
 27 484.8484848484848
 18 489.8989898989898
 69 494.9494949494949
 0 500


