# Created by Octave 3.8.2, Mon Jun 22 20:12:28 2020 CEST <damian@fptrucha.inv.usc.es>
# name: hd
# type: matrix
# rows: 100
# columns: 2
 4 0
 3 5.05050505050505
 0 10.1010101010101
 312 15.15151515151515
 5 20.2020202020202
 0 25.25252525252525
 155 30.3030303030303
 524 35.35353535353535
 646 40.4040404040404
 310 45.45454545454545
 118 50.50505050505051
 70 55.55555555555555
 2 60.6060606060606
 285 65.65656565656565
 226 70.7070707070707
 569 75.75757575757575
 2 80.8080808080808
 0 85.85858585858585
 57 90.90909090909091
 4 95.95959595959596
 4 101.010101010101
 202 106.060606060606
 184 111.1111111111111
 424 116.1616161616162
 206 121.2121212121212
 88 126.2626262626263
 1 131.3131313131313
 1 136.3636363636363
 93 141.4141414141414
 98 146.4646464646464
 498 151.5151515151515
 272 156.5656565656566
 7 161.6161616161616
 0 166.6666666666667
 77 171.7171717171717
 29 176.7676767676768
 0 181.8181818181818
 2 186.8686868686869
 214 191.9191919191919
 272 196.969696969697
 49 202.020202020202
 117 207.070707070707
 201 212.1212121212121
 61 217.1717171717171
 119 222.2222222222222
 272 227.2727272727273
 133 232.3232323232323
 2 237.3737373737374
 24 242.4242424242424
 160 247.4747474747475
 19 252.5252525252525
 136 257.5757575757576
 113 262.6262626262626
 34 267.6767676767677
 267 272.7272727272727
 158 277.7777777777778
 433 282.8282828282828
 223 287.8787878787879
 1 292.9292929292929
 0 297.979797979798
 0 303.030303030303
 203 308.0808080808081
 27 313.1313131313131
 49 318.1818181818182
 31 323.2323232323232
 41 328.2828282828282
 190 333.3333333333333
 64 338.3838383838383
 30 343.4343434343434
 190 348.4848484848484
 111 353.5353535353535
 47 358.5858585858585
 0 363.6363636363636
 53 368.6868686868686
 31 373.7373737373737
 40 378.7878787878788
 2 383.8383838383838
 0 388.8888888888889
 349 393.9393939393939
 67 398.989898989899
 74 404.040404040404
 175 409.0909090909091
 144 414.1414141414141
 575 419.1919191919192
 14 424.2424242424242
 248 429.2929292929293
 209 434.3434343434343
 4 439.3939393939394
 68 444.4444444444444
 83 449.4949494949495
 52 454.5454545454545
 4 459.5959595959596
 0 464.6464646464646
 1 469.6969696969697
 0 474.7474747474747
 2 479.7979797979798
 18 484.8484848484848
 22 489.8989898989898
 68 494.9494949494949
 0 500


