# Created by Octave 3.8.2, Sat Jun 20 13:11:47 2020 CEST <damian@fptrucha.inv.usc.es>
# name: hd
# type: matrix
# rows: 100
# columns: 2
 0 0
 2 5.05050505050505
 1 10.1010101010101
 304 15.15151515151515
 1 20.2020202020202
 1 25.25252525252525
 169 30.3030303030303
 558 35.35353535353535
 682 40.4040404040404
 348 45.45454545454545
 119 50.50505050505051
 67 55.55555555555555
 2 60.6060606060606
 268 65.65656565656565
 234 70.7070707070707
 587 75.75757575757575
 0 80.8080808080808
 0 85.85858585858585
 59 90.90909090909091
 2 95.95959595959596
 3 101.010101010101
 196 106.060606060606
 188 111.1111111111111
 384 116.1616161616162
 178 121.2121212121212
 93 126.2626262626263
 0 131.3131313131313
 2 136.3636363636363
 77 141.4141414141414
 112 146.4646464646464
 440 151.5151515151515
 283 156.5656565656566
 3 161.6161616161616
 0 166.6666666666667
 57 171.7171717171717
 41 176.7676767676768
 0 181.8181818181818
 2 186.8686868686869
 190 191.9191919191919
 255 196.969696969697
 44 202.020202020202
 98 207.070707070707
 178 212.1212121212121
 71 217.1717171717171
 111 222.2222222222222
 233 227.2727272727273
 153 232.3232323232323
 1 237.3737373737374
 19 242.4242424242424
 150 247.4747474747475
 25 252.5252525252525
 122 257.5757575757576
 150 262.6262626262626
 43 267.6767676767677
 293 272.7272727272727
 159 277.7777777777778
 484 282.8282828282828
 203 287.8787878787879
 2 292.9292929292929
 0 297.979797979798
 1 303.030303030303
 226 308.0808080808081
 23 313.1313131313131
 57 318.1818181818182
 34 323.2323232323232
 38 328.2828282828282
 177 333.3333333333333
 78 338.3838383838383
 11 343.4343434343434
 215 348.4848484848484
 96 353.5353535353535
 36 358.5858585858585
 3 363.6363636363636
 48 368.6868686868686
 49 373.7373737373737
 39 378.7878787878788
 1 383.8383838383838
 0 388.8888888888889
 322 393.9393939393939
 58 398.989898989899
 64 404.040404040404
 166 409.0909090909091
 143 414.1414141414141
 590 419.1919191919192
 24 424.2424242424242
 230 429.2929292929293
 175 434.3434343434343
 6 439.3939393939394
 61 444.4444444444444
 90 449.4949494949495
 65 454.5454545454545
 0 459.5959595959596
 3 464.6464646464646
 1 469.6969696969697
 3 474.7474747474747
 0 479.7979797979798
 31 484.8484848484848
 15 489.8989898989898
 92 494.9494949494949
 0 500


