# Created by Octave 3.8.2, Sat Jun 20 04:05:51 2020 CEST <damian@fptrucha.inv.usc.es>
# name: hd
# type: matrix
# rows: 100
# columns: 2
 1 0
 4 5.05050505050505
 0 10.1010101010101
 303 15.15151515151515
 3 20.2020202020202
 1 25.25252525252525
 179 30.3030303030303
 560 35.35353535353535
 650 40.4040404040404
 375 45.45454545454545
 145 50.50505050505051
 74 55.55555555555555
 0 60.6060606060606
 283 65.65656565656565
 224 70.7070707070707
 698 75.75757575757575
 0 80.8080808080808
 1 85.85858585858585
 71 90.90909090909091
 3 95.95959595959596
 2 101.010101010101
 215 106.060606060606
 198 111.1111111111111
 460 116.1616161616162
 236 121.2121212121212
 88 126.2626262626263
 2 131.3131313131313
 0 136.3636363636363
 66 141.4141414141414
 90 146.4646464646464
 500 151.5151515151515
 276 156.5656565656566
 5 161.6161616161616
 0 166.6666666666667
 58 171.7171717171717
 25 176.7676767676768
 0 181.8181818181818
 1 186.8686868686869
 203 191.9191919191919
 277 196.969696969697
 53 202.020202020202
 99 207.070707070707
 209 212.1212121212121
 53 217.1717171717171
 90 222.2222222222222
 282 227.2727272727273
 135 232.3232323232323
 1 237.3737373737374
 26 242.4242424242424
 155 247.4747474747475
 18 252.5252525252525
 159 257.5757575757576
 163 262.6262626262626
 47 267.6767676767677
 305 272.7272727272727
 165 277.7777777777778
 497 282.8282828282828
 228 287.8787878787879
 1 292.9292929292929
 0 297.979797979798
 0 303.030303030303
 230 308.0808080808081
 29 313.1313131313131
 50 318.1818181818182
 31 323.2323232323232
 52 328.2828282828282
 168 333.3333333333333
 71 338.3838383838383
 31 343.4343434343434
 181 348.4848484848484
 115 353.5353535353535
 33 358.5858585858585
 2 363.6363636363636
 46 368.6868686868686
 43 373.7373737373737
 46 378.7878787878788
 0 383.8383838383838
 0 388.8888888888889
 332 393.9393939393939
 53 398.989898989899
 55 404.040404040404
 197 409.0909090909091
 162 414.1414141414141
 603 419.1919191919192
 18 424.2424242424242
 271 429.2929292929293
 197 434.3434343434343
 4 439.3939393939394
 64 444.4444444444444
 82 449.4949494949495
 61 454.5454545454545
 0 459.5959595959596
 0 464.6464646464646
 1 469.6969696969697
 1 474.7474747474747
 1 479.7979797979798
 20 484.8484848484848
 17 489.8989898989898
 81 494.9494949494949
 0 500


