# Created by Octave 3.8.2, Mon Jun 22 18:29:50 2020 CEST <damian@fptrucha.inv.usc.es>
# name: hd
# type: matrix
# rows: 100
# columns: 2
 3 0
 2 5.05050505050505
 0 10.1010101010101
 301 15.15151515151515
 1 20.2020202020202
 1 25.25252525252525
 149 30.3030303030303
 465 35.35353535353535
 602 40.4040404040404
 328 45.45454545454545
 119 50.50505050505051
 63 55.55555555555555
 1 60.6060606060606
 283 65.65656565656565
 213 70.7070707070707
 619 75.75757575757575
 1 80.8080808080808
 2 85.85858585858585
 64 90.90909090909091
 4 95.95959595959596
 4 101.010101010101
 194 106.060606060606
 159 111.1111111111111
 414 116.1616161616162
 221 121.2121212121212
 96 126.2626262626263
 0 131.3131313131313
 1 136.3636363636363
 64 141.4141414141414
 86 146.4646464646464
 465 151.5151515151515
 296 156.5656565656566
 2 161.6161616161616
 0 166.6666666666667
 76 171.7171717171717
 31 176.7676767676768
 1 181.8181818181818
 0 186.8686868686869
 188 191.9191919191919
 258 196.969696969697
 59 202.020202020202
 113 207.070707070707
 184 212.1212121212121
 65 217.1717171717171
 126 222.2222222222222
 245 227.2727272727273
 138 232.3232323232323
 4 237.3737373737374
 21 242.4242424242424
 147 247.4747474747475
 23 252.5252525252525
 134 257.5757575757576
 123 262.6262626262626
 44 267.6767676767677
 287 272.7272727272727
 143 277.7777777777778
 450 282.8282828282828
 217 287.8787878787879
 3 292.9292929292929
 1 297.979797979798
 0 303.030303030303
 216 308.0808080808081
 28 313.1313131313131
 41 318.1818181818182
 32 323.2323232323232
 43 328.2828282828282
 184 333.3333333333333
 73 338.3838383838383
 16 343.4343434343434
 155 348.4848484848484
 104 353.5353535353535
 38 358.5858585858585
 2 363.6363636363636
 41 368.6868686868686
 41 373.7373737373737
 45 378.7878787878788
 0 383.8383838383838
 0 388.8888888888889
 370 393.9393939393939
 65 398.989898989899
 65 404.040404040404
 177 409.0909090909091
 180 414.1414141414141
 588 419.1919191919192
 16 424.2424242424242
 244 429.2929292929293
 190 434.3434343434343
 8 439.3939393939394
 58 444.4444444444444
 68 449.4949494949495
 54 454.5454545454545
 1 459.5959595959596
 1 464.6464646464646
 1 469.6969696969697
 0 474.7474747474747
 1 479.7979797979798
 22 484.8484848484848
 26 489.8989898989898
 70 494.9494949494949
 0 500


