# Created by Octave 3.8.2, Mon Jun 22 02:16:51 2020 CEST <damian@fptrucha.inv.usc.es>
# name: hd
# type: matrix
# rows: 100
# columns: 2
 0 0
 2 5.05050505050505
 2 10.1010101010101
 280 15.15151515151515
 5 20.2020202020202
 2 25.25252525252525
 149 30.3030303030303
 479 35.35353535353535
 568 40.4040404040404
 279 45.45454545454545
 142 50.50505050505051
 57 55.55555555555555
 0 60.6060606060606
 260 65.65656565656565
 208 70.7070707070707
 540 75.75757575757575
 1 80.8080808080808
 5 85.85858585858585
 66 90.90909090909091
 5 95.95959595959596
 3 101.010101010101
 186 106.060606060606
 189 111.1111111111111
 373 116.1616161616162
 199 121.2121212121212
 90 126.2626262626263
 0 131.3131313131313
 1 136.3636363636363
 69 141.4141414141414
 100 146.4646464646464
 430 151.5151515151515
 214 156.5656565656566
 2 161.6161616161616
 1 166.6666666666667
 77 171.7171717171717
 42 176.7676767676768
 0 181.8181818181818
 2 186.8686868686869
 211 191.9191919191919
 245 196.969696969697
 47 202.020202020202
 72 207.070707070707
 169 212.1212121212121
 82 217.1717171717171
 131 222.2222222222222
 235 227.2727272727273
 139 232.3232323232323
 2 237.3737373737374
 23 242.4242424242424
 140 247.4747474747475
 24 252.5252525252525
 99 257.5757575757576
 157 262.6262626262626
 45 267.6767676767677
 273 272.7272727272727
 149 277.7777777777778
 469 282.8282828282828
 189 287.8787878787879
 0 292.9292929292929
 1 297.979797979798
 0 303.030303030303
 181 308.0808080808081
 27 313.1313131313131
 46 318.1818181818182
 28 323.2323232323232
 44 328.2828282828282
 186 333.3333333333333
 70 338.3838383838383
 23 343.4343434343434
 182 348.4848484848484
 87 353.5353535353535
 34 358.5858585858585
 0 363.6363636363636
 46 368.6868686868686
 28 373.7373737373737
 33 378.7878787878788
 0 383.8383838383838
 1 388.8888888888889
 333 393.9393939393939
 64 398.989898989899
 54 404.040404040404
 162 409.0909090909091
 138 414.1414141414141
 583 419.1919191919192
 33 424.2424242424242
 241 429.2929292929293
 187 434.3434343434343
 5 439.3939393939394
 51 444.4444444444444
 84 449.4949494949495
 56 454.5454545454545
 1 459.5959595959596
 1 464.6464646464646
 0 469.6969696969697
 0 474.7474747474747
 2 479.7979797979798
 9 484.8484848484848
 18 489.8989898989898
 76 494.9494949494949
 0 500


