# Created by Octave 3.8.2, Sat Jun 20 18:06:25 2020 CEST <damian@fptrucha.inv.usc.es>
# name: hd
# type: matrix
# rows: 100
# columns: 2
 0 0
 1 5.05050505050505
 4 10.1010101010101
 294 15.15151515151515
 3 20.2020202020202
 0 25.25252525252525
 161 30.3030303030303
 506 35.35353535353535
 606 40.4040404040404
 322 45.45454545454545
 131 50.50505050505051
 74 55.55555555555555
 0 60.6060606060606
 269 65.65656565656565
 203 70.7070707070707
 604 75.75757575757575
 1 80.8080808080808
 0 85.85858585858585
 64 90.90909090909091
 4 95.95959595959596
 3 101.010101010101
 193 106.060606060606
 176 111.1111111111111
 401 116.1616161616162
 171 121.2121212121212
 84 126.2626262626263
 1 131.3131313131313
 2 136.3636363636363
 63 141.4141414141414
 91 146.4646464646464
 435 151.5151515151515
 268 156.5656565656566
 3 161.6161616161616
 0 166.6666666666667
 72 171.7171717171717
 37 176.7676767676768
 1 181.8181818181818
 0 186.8686868686869
 188 191.9191919191919
 270 196.969696969697
 55 202.020202020202
 92 207.070707070707
 149 212.1212121212121
 68 217.1717171717171
 97 222.2222222222222
 224 227.2727272727273
 133 232.3232323232323
 0 237.3737373737374
 16 242.4242424242424
 141 247.4747474747475
 23 252.5252525252525
 114 257.5757575757576
 149 262.6262626262626
 42 267.6767676767677
 231 272.7272727272727
 130 277.7777777777778
 450 282.8282828282828
 228 287.8787878787879
 2 292.9292929292929
 0 297.979797979798
 0 303.030303030303
 185 308.0808080808081
 35 313.1313131313131
 40 318.1818181818182
 25 323.2323232323232
 30 328.2828282828282
 177 333.3333333333333
 52 338.3838383838383
 18 343.4343434343434
 193 348.4848484848484
 111 353.5353535353535
 24 358.5858585858585
 2 363.6363636363636
 42 368.6868686868686
 28 373.7373737373737
 35 378.7878787878788
 1 383.8383838383838
 1 388.8888888888889
 314 393.9393939393939
 61 398.989898989899
 60 404.040404040404
 171 409.0909090909091
 150 414.1414141414141
 524 419.1919191919192
 23 424.2424242424242
 220 429.2929292929293
 187 434.3434343434343
 8 439.3939393939394
 56 444.4444444444444
 77 449.4949494949495
 50 454.5454545454545
 1 459.5959595959596
 1 464.6464646464646
 0 469.6969696969697
 2 474.7474747474747
 0 479.7979797979798
 16 484.8484848484848
 19 489.8989898989898
 74 494.9494949494949
 0 500


