# Created by Octave 3.8.2, Sat Jun 20 16:06:44 2020 CEST <damian@fptrucha.inv.usc.es>
# name: hd
# type: matrix
# rows: 100
# columns: 2
 1 0
 3 5.05050505050505
 0 10.1010101010101
 321 15.15151515151515
 2 20.2020202020202
 0 25.25252525252525
 157 30.3030303030303
 533 35.35353535353535
 625 40.4040404040404
 289 45.45454545454545
 137 50.50505050505051
 67 55.55555555555555
 4 60.6060606060606
 287 65.65656565656565
 218 70.7070707070707
 550 75.75757575757575
 0 80.8080808080808
 0 85.85858585858585
 61 90.90909090909091
 0 95.95959595959596
 1 101.010101010101
 166 106.060606060606
 181 111.1111111111111
 389 116.1616161616162
 203 121.2121212121212
 101 126.2626262626263
 1 131.3131313131313
 1 136.3636363636363
 67 141.4141414141414
 101 146.4646464646464
 457 151.5151515151515
 261 156.5656565656566
 2 161.6161616161616
 0 166.6666666666667
 71 171.7171717171717
 31 176.7676767676768
 0 181.8181818181818
 1 186.8686868686869
 184 191.9191919191919
 304 196.969696969697
 39 202.020202020202
 94 207.070707070707
 193 212.1212121212121
 66 217.1717171717171
 101 222.2222222222222
 215 227.2727272727273
 141 232.3232323232323
 2 237.3737373737374
 12 242.4242424242424
 152 247.4747474747475
 22 252.5252525252525
 116 257.5757575757576
 147 262.6262626262626
 29 267.6767676767677
 232 272.7272727272727
 146 277.7777777777778
 480 282.8282828282828
 225 287.8787878787879
 2 292.9292929292929
 0 297.979797979798
 0 303.030303030303
 206 308.0808080808081
 18 313.1313131313131
 48 318.1818181818182
 25 323.2323232323232
 45 328.2828282828282
 170 333.3333333333333
 67 338.3838383838383
 12 343.4343434343434
 210 348.4848484848484
 108 353.5353535353535
 32 358.5858585858585
 1 363.6363636363636
 58 368.6868686868686
 35 373.7373737373737
 24 378.7878787878788
 1 383.8383838383838
 0 388.8888888888889
 311 393.9393939393939
 58 398.989898989899
 70 404.040404040404
 173 409.0909090909091
 163 414.1414141414141
 574 419.1919191919192
 22 424.2424242424242
 242 429.2929292929293
 177 434.3434343434343
 3 439.3939393939394
 46 444.4444444444444
 80 449.4949494949495
 48 454.5454545454545
 1 459.5959595959596
 3 464.6464646464646
 1 469.6969696969697
 0 474.7474747474747
 0 479.7979797979798
 23 484.8484848484848
 18 489.8989898989898
 71 494.9494949494949
 0 500


