# Created by Octave 3.8.2, Sun Jun 21 07:04:06 2020 CEST <damian@fptrucha.inv.usc.es>
# name: hd
# type: matrix
# rows: 100
# columns: 2
 1 0
 1 5.05050505050505
 0 10.1010101010101
 279 15.15151515151515
 1 20.2020202020202
 0 25.25252525252525
 150 30.3030303030303
 503 35.35353535353535
 609 40.4040404040404
 317 45.45454545454545
 129 50.50505050505051
 65 55.55555555555555
 0 60.6060606060606
 284 65.65656565656565
 209 70.7070707070707
 620 75.75757575757575
 1 80.8080808080808
 0 85.85858585858585
 52 90.90909090909091
 2 95.95959595959596
 4 101.010101010101
 216 106.060606060606
 182 111.1111111111111
 386 116.1616161616162
 198 121.2121212121212
 86 126.2626262626263
 0 131.3131313131313
 1 136.3636363636363
 64 141.4141414141414
 77 146.4646464646464
 480 151.5151515151515
 278 156.5656565656566
 1 161.6161616161616
 0 166.6666666666667
 83 171.7171717171717
 41 176.7676767676768
 2 181.8181818181818
 0 186.8686868686869
 191 191.9191919191919
 237 196.969696969697
 53 202.020202020202
 94 207.070707070707
 209 212.1212121212121
 68 217.1717171717171
 92 222.2222222222222
 217 227.2727272727273
 134 232.3232323232323
 1 237.3737373737374
 26 242.4242424242424
 154 247.4747474747475
 9 252.5252525252525
 116 257.5757575757576
 138 262.6262626262626
 37 267.6767676767677
 227 272.7272727272727
 129 277.7777777777778
 433 282.8282828282828
 229 287.8787878787879
 0 292.9292929292929
 0 297.979797979798
 0 303.030303030303
 233 308.0808080808081
 21 313.1313131313131
 48 318.1818181818182
 33 323.2323232323232
 33 328.2828282828282
 184 333.3333333333333
 62 338.3838383838383
 31 343.4343434343434
 191 348.4848484848484
 102 353.5353535353535
 25 358.5858585858585
 2 363.6363636363636
 53 368.6868686868686
 29 373.7373737373737
 20 378.7878787878788
 0 383.8383838383838
 0 388.8888888888889
 300 393.9393939393939
 69 398.989898989899
 61 404.040404040404
 153 409.0909090909091
 137 414.1414141414141
 551 419.1919191919192
 19 424.2424242424242
 258 429.2929292929293
 172 434.3434343434343
 3 439.3939393939394
 42 444.4444444444444
 82 449.4949494949495
 44 454.5454545454545
 2 459.5959595959596
 1 464.6464646464646
 0 469.6969696969697
 0 474.7474747474747
 0 479.7979797979798
 15 484.8484848484848
 22 489.8989898989898
 76 494.9494949494949
 0 500


