# Created by Octave 3.8.2, Sat Jun 20 02:51:08 2020 CEST <damian@fptrucha.inv.usc.es>
# name: hd
# type: matrix
# rows: 100
# columns: 2
 2 0
 4 5.05050505050505
 0 10.1010101010101
 314 15.15151515151515
 3 20.2020202020202
 1 25.25252525252525
 169 30.3030303030303
 544 35.35353535353535
 604 40.4040404040404
 301 45.45454545454545
 146 50.50505050505051
 71 55.55555555555555
 2 60.6060606060606
 287 65.65656565656565
 220 70.7070707070707
 577 75.75757575757575
 1 80.8080808080808
 0 85.85858585858585
 78 90.90909090909091
 5 95.95959595959596
 2 101.010101010101
 193 106.060606060606
 212 111.1111111111111
 467 116.1616161616162
 236 121.2121212121212
 95 126.2626262626263
 0 131.3131313131313
 1 136.3636363636363
 69 141.4141414141414
 101 146.4646464646464
 526 151.5151515151515
 282 156.5656565656566
 4 161.6161616161616
 0 166.6666666666667
 79 171.7171717171717
 40 176.7676767676768
 1 181.8181818181818
 1 186.8686868686869
 202 191.9191919191919
 285 196.969696969697
 58 202.020202020202
 88 207.070707070707
 181 212.1212121212121
 70 217.1717171717171
 112 222.2222222222222
 234 227.2727272727273
 147 232.3232323232323
 0 237.3737373737374
 26 242.4242424242424
 152 247.4747474747475
 25 252.5252525252525
 131 257.5757575757576
 135 262.6262626262626
 32 267.6767676767677
 260 272.7272727272727
 156 277.7777777777778
 520 282.8282828282828
 213 287.8787878787879
 1 292.9292929292929
 2 297.979797979798
 0 303.030303030303
 211 308.0808080808081
 30 313.1313131313131
 51 318.1818181818182
 26 323.2323232323232
 46 328.2828282828282
 184 333.3333333333333
 78 338.3838383838383
 17 343.4343434343434
 204 348.4848484848484
 103 353.5353535353535
 33 358.5858585858585
 1 363.6363636363636
 36 368.6868686868686
 51 373.7373737373737
 40 378.7878787878788
 0 383.8383838383838
 1 388.8888888888889
 333 393.9393939393939
 82 398.989898989899
 54 404.040404040404
 173 409.0909090909091
 145 414.1414141414141
 610 419.1919191919192
 21 424.2424242424242
 242 429.2929292929293
 215 434.3434343434343
 3 439.3939393939394
 67 444.4444444444444
 66 449.4949494949495
 62 454.5454545454545
 1 459.5959595959596
 0 464.6464646464646
 2 469.6969696969697
 0 474.7474747474747
 2 479.7979797979798
 19 484.8484848484848
 21 489.8989898989898
 79 494.9494949494949
 0 500


