# Created by Octave 3.8.2, Mon Jun 22 11:16:15 2020 CEST <damian@fptrucha.inv.usc.es>
# name: hd
# type: matrix
# rows: 100
# columns: 2
 2 0
 5 5.05050505050505
 2 10.1010101010101
 282 15.15151515151515
 3 20.2020202020202
 0 25.25252525252525
 155 30.3030303030303
 532 35.35353535353535
 596 40.4040404040404
 307 45.45454545454545
 121 50.50505050505051
 72 55.55555555555555
 1 60.6060606060606
 289 65.65656565656565
 213 70.7070707070707
 539 75.75757575757575
 2 80.8080808080808
 0 85.85858585858585
 65 90.90909090909091
 4 95.95959595959596
 4 101.010101010101
 196 106.060606060606
 169 111.1111111111111
 418 116.1616161616162
 181 121.2121212121212
 87 126.2626262626263
 0 131.3131313131313
 2 136.3636363636363
 61 141.4141414141414
 95 146.4646464646464
 419 151.5151515151515
 257 156.5656565656566
 2 161.6161616161616
 2 166.6666666666667
 78 171.7171717171717
 34 176.7676767676768
 1 181.8181818181818
 1 186.8686868686869
 221 191.9191919191919
 269 196.969696969697
 50 202.020202020202
 96 207.070707070707
 173 212.1212121212121
 66 217.1717171717171
 105 222.2222222222222
 202 227.2727272727273
 144 232.3232323232323
 4 237.3737373737374
 21 242.4242424242424
 133 247.4747474747475
 16 252.5252525252525
 109 257.5757575757576
 114 262.6262626262626
 51 267.6767676767677
 250 272.7272727272727
 142 277.7777777777778
 483 282.8282828282828
 216 287.8787878787879
 2 292.9292929292929
 2 297.979797979798
 1 303.030303030303
 210 308.0808080808081
 26 313.1313131313131
 39 318.1818181818182
 44 323.2323232323232
 36 328.2828282828282
 170 333.3333333333333
 67 338.3838383838383
 20 343.4343434343434
 173 348.4848484848484
 106 353.5353535353535
 28 358.5858585858585
 1 363.6363636363636
 53 368.6868686868686
 35 373.7373737373737
 38 378.7878787878788
 2 383.8383838383838
 0 388.8888888888889
 305 393.9393939393939
 59 398.989898989899
 62 404.040404040404
 167 409.0909090909091
 143 414.1414141414141
 539 419.1919191919192
 31 424.2424242424242
 224 429.2929292929293
 175 434.3434343434343
 7 439.3939393939394
 54 444.4444444444444
 77 449.4949494949495
 60 454.5454545454545
 1 459.5959595959596
 1 464.6464646464646
 2 469.6969696969697
 1 474.7474747474747
 1 479.7979797979798
 21 484.8484848484848
 25 489.8989898989898
 65 494.9494949494949
 0 500


