# Created by Octave 3.8.2, Sat Jun 20 18:11:37 2020 CEST <damian@fptrucha.inv.usc.es>
# name: hd
# type: matrix
# rows: 100
# columns: 2
 1 0
 3 5.05050505050505
 1 10.1010101010101
 246 15.15151515151515
 2 20.2020202020202
 0 25.25252525252525
 131 30.3030303030303
 548 35.35353535353535
 651 40.4040404040404
 306 45.45454545454545
 124 50.50505050505051
 78 55.55555555555555
 2 60.6060606060606
 264 65.65656565656565
 187 70.7070707070707
 597 75.75757575757575
 0 80.8080808080808
 1 85.85858585858585
 70 90.90909090909091
 4 95.95959595959596
 5 101.010101010101
 177 106.060606060606
 217 111.1111111111111
 406 116.1616161616162
 196 121.2121212121212
 91 126.2626262626263
 1 131.3131313131313
 0 136.3636363636363
 61 141.4141414141414
 79 146.4646464646464
 423 151.5151515151515
 277 156.5656565656566
 5 161.6161616161616
 0 166.6666666666667
 60 171.7171717171717
 35 176.7676767676768
 0 181.8181818181818
 0 186.8686868686869
 174 191.9191919191919
 253 196.969696969697
 44 202.020202020202
 92 207.070707070707
 194 212.1212121212121
 60 217.1717171717171
 118 222.2222222222222
 236 227.2727272727273
 137 232.3232323232323
 0 237.3737373737374
 27 242.4242424242424
 148 247.4747474747475
 16 252.5252525252525
 110 257.5757575757576
 140 262.6262626262626
 31 267.6767676767677
 276 272.7272727272727
 130 277.7777777777778
 444 282.8282828282828
 210 287.8787878787879
 1 292.9292929292929
 0 297.979797979798
 0 303.030303030303
 213 308.0808080808081
 24 313.1313131313131
 49 318.1818181818182
 29 323.2323232323232
 40 328.2828282828282
 166 333.3333333333333
 69 338.3838383838383
 15 343.4343434343434
 187 348.4848484848484
 102 353.5353535353535
 25 358.5858585858585
 2 363.6363636363636
 37 368.6868686868686
 36 373.7373737373737
 27 378.7878787878788
 0 383.8383838383838
 1 388.8888888888889
 299 393.9393939393939
 48 398.989898989899
 77 404.040404040404
 145 409.0909090909091
 123 414.1414141414141
 588 419.1919191919192
 22 424.2424242424242
 210 429.2929292929293
 161 434.3434343434343
 2 439.3939393939394
 64 444.4444444444444
 76 449.4949494949495
 68 454.5454545454545
 1 459.5959595959596
 0 464.6464646464646
 1 469.6969696969697
 1 474.7474747474747
 3 479.7979797979798
 8 484.8484848484848
 20 489.8989898989898
 68 494.9494949494949
 0 500


