# Created by Octave 3.8.2, Mon Jun 22 15:53:06 2020 CEST <damian@fptrucha.inv.usc.es>
# name: hd
# type: matrix
# rows: 100
# columns: 2
 1 0
 9 5.05050505050505
 1 10.1010101010101
 288 15.15151515151515
 6 20.2020202020202
 0 25.25252525252525
 153 30.3030303030303
 538 35.35353535353535
 574 40.4040404040404
 313 45.45454545454545
 128 50.50505050505051
 65 55.55555555555555
 3 60.6060606060606
 261 65.65656565656565
 207 70.7070707070707
 546 75.75757575757575
 1 80.8080808080808
 2 85.85858585858585
 64 90.90909090909091
 6 95.95959595959596
 3 101.010101010101
 192 106.060606060606
 208 111.1111111111111
 421 116.1616161616162
 201 121.2121212121212
 88 126.2626262626263
 0 131.3131313131313
 0 136.3636363636363
 77 141.4141414141414
 98 146.4646464646464
 445 151.5151515151515
 267 156.5656565656566
 2 161.6161616161616
 1 166.6666666666667
 79 171.7171717171717
 24 176.7676767676768
 2 181.8181818181818
 1 186.8686868686869
 195 191.9191919191919
 254 196.969696969697
 52 202.020202020202
 101 207.070707070707
 182 212.1212121212121
 67 217.1717171717171
 103 222.2222222222222
 220 227.2727272727273
 152 232.3232323232323
 0 237.3737373737374
 20 242.4242424242424
 137 247.4747474747475
 19 252.5252525252525
 98 257.5757575757576
 133 262.6262626262626
 50 267.6767676767677
 288 272.7272727272727
 153 277.7777777777778
 457 282.8282828282828
 200 287.8787878787879
 1 292.9292929292929
 0 297.979797979798
 1 303.030303030303
 205 308.0808080808081
 11 313.1313131313131
 51 318.1818181818182
 26 323.2323232323232
 35 328.2828282828282
 177 333.3333333333333
 55 338.3838383838383
 26 343.4343434343434
 202 348.4848484848484
 115 353.5353535353535
 35 358.5858585858585
 0 363.6363636363636
 52 368.6868686868686
 41 373.7373737373737
 41 378.7878787878788
 0 383.8383838383838
 2 388.8888888888889
 334 393.9393939393939
 63 398.989898989899
 62 404.040404040404
 197 409.0909090909091
 169 414.1414141414141
 522 419.1919191919192
 24 424.2424242424242
 211 429.2929292929293
 193 434.3434343434343
 5 439.3939393939394
 46 444.4444444444444
 93 449.4949494949495
 43 454.5454545454545
 1 459.5959595959596
 2 464.6464646464646
 0 469.6969696969697
 1 474.7474747474747
 1 479.7979797979798
 19 484.8484848484848
 22 489.8989898989898
 64 494.9494949494949
 0 500


