# Created by Octave 3.8.2, Mon Jun 22 06:37:32 2020 CEST <damian@fptrucha.inv.usc.es>
# name: hd
# type: matrix
# rows: 100
# columns: 2
 2 0
 5 5.05050505050505
 4 10.1010101010101
 278 15.15151515151515
 2 20.2020202020202
 2 25.25252525252525
 156 30.3030303030303
 483 35.35353535353535
 547 40.4040404040404
 280 45.45454545454545
 133 50.50505050505051
 65 55.55555555555555
 3 60.6060606060606
 246 65.65656565656565
 192 70.7070707070707
 524 75.75757575757575
 1 80.8080808080808
 0 85.85858585858585
 69 90.90909090909091
 5 95.95959595959596
 7 101.010101010101
 170 106.060606060606
 183 111.1111111111111
 386 116.1616161616162
 201 121.2121212121212
 86 126.2626262626263
 2 131.3131313131313
 1 136.3636363636363
 60 141.4141414141414
 107 146.4646464646464
 388 151.5151515151515
 242 156.5656565656566
 5 161.6161616161616
 2 166.6666666666667
 68 171.7171717171717
 25 176.7676767676768
 0 181.8181818181818
 0 186.8686868686869
 209 191.9191919191919
 228 196.969696969697
 48 202.020202020202
 76 207.070707070707
 165 212.1212121212121
 65 217.1717171717171
 87 222.2222222222222
 215 227.2727272727273
 129 232.3232323232323
 1 237.3737373737374
 20 242.4242424242424
 118 247.4747474747475
 27 252.5252525252525
 104 257.5757575757576
 115 262.6262626262626
 25 267.6767676767677
 251 272.7272727272727
 123 277.7777777777778
 423 282.8282828282828
 216 287.8787878787879
 2 292.9292929292929
 0 297.979797979798
 2 303.030303030303
 204 308.0808080808081
 33 313.1313131313131
 28 318.1818181818182
 30 323.2323232323232
 37 328.2828282828282
 163 333.3333333333333
 69 338.3838383838383
 20 343.4343434343434
 182 348.4848484848484
 95 353.5353535353535
 26 358.5858585858585
 2 363.6363636363636
 50 368.6868686868686
 33 373.7373737373737
 39 378.7878787878788
 1 383.8383838383838
 0 388.8888888888889
 322 393.9393939393939
 60 398.989898989899
 64 404.040404040404
 157 409.0909090909091
 145 414.1414141414141
 531 419.1919191919192
 21 424.2424242424242
 232 429.2929292929293
 164 434.3434343434343
 6 439.3939393939394
 50 444.4444444444444
 52 449.4949494949495
 53 454.5454545454545
 3 459.5959595959596
 0 464.6464646464646
 2 469.6969696969697
 1 474.7474747474747
 3 479.7979797979798
 19 484.8484848484848
 18 489.8989898989898
 61 494.9494949494949
 0 500


