# Created by Octave 3.8.2, Sat Jun 20 21:47:45 2020 CEST <damian@fptrucha.inv.usc.es>
# name: hd
# type: matrix
# rows: 100
# columns: 2
 1 0
 1 5.05050505050505
 2 10.1010101010101
 255 15.15151515151515
 6 20.2020202020202
 0 25.25252525252525
 141 30.3030303030303
 528 35.35353535353535
 630 40.4040404040404
 308 45.45454545454545
 113 50.50505050505051
 60 55.55555555555555
 1 60.6060606060606
 282 65.65656565656565
 186 70.7070707070707
 603 75.75757575757575
 2 80.8080808080808
 0 85.85858585858585
 55 90.90909090909091
 4 95.95959595959596
 3 101.010101010101
 159 106.060606060606
 169 111.1111111111111
 386 116.1616161616162
 203 121.2121212121212
 80 126.2626262626263
 0 131.3131313131313
 0 136.3636363636363
 60 141.4141414141414
 86 146.4646464646464
 443 151.5151515151515
 265 156.5656565656566
 0 161.6161616161616
 0 166.6666666666667
 67 171.7171717171717
 39 176.7676767676768
 0 181.8181818181818
 0 186.8686868686869
 174 191.9191919191919
 259 196.969696969697
 40 202.020202020202
 90 207.070707070707
 157 212.1212121212121
 64 217.1717171717171
 95 222.2222222222222
 221 227.2727272727273
 131 232.3232323232323
 1 237.3737373737374
 25 242.4242424242424
 151 247.4747474747475
 18 252.5252525252525
 110 257.5757575757576
 143 262.6262626262626
 34 267.6767676767677
 281 272.7272727272727
 137 277.7777777777778
 482 282.8282828282828
 193 287.8787878787879
 3 292.9292929292929
 0 297.979797979798
 0 303.030303030303
 193 308.0808080808081
 17 313.1313131313131
 46 318.1818181818182
 26 323.2323232323232
 38 328.2828282828282
 153 333.3333333333333
 64 338.3838383838383
 15 343.4343434343434
 183 348.4848484848484
 102 353.5353535353535
 28 358.5858585858585
 0 363.6363636363636
 47 368.6868686868686
 29 373.7373737373737
 26 378.7878787878788
 1 383.8383838383838
 1 388.8888888888889
 317 393.9393939393939
 46 398.989898989899
 68 404.040404040404
 158 409.0909090909091
 144 414.1414141414141
 548 419.1919191919192
 28 424.2424242424242
 221 429.2929292929293
 170 434.3434343434343
 3 439.3939393939394
 52 444.4444444444444
 63 449.4949494949495
 54 454.5454545454545
 0 459.5959595959596
 0 464.6464646464646
 0 469.6969696969697
 1 474.7474747474747
 1 479.7979797979798
 17 484.8484848484848
 19 489.8989898989898
 66 494.9494949494949
 0 500


