# Created by Octave 3.8.2, Mon Jun 22 14:03:35 2020 CEST <damian@fptrucha.inv.usc.es>
# name: hd
# type: matrix
# rows: 100
# columns: 2
 1 0
 7 5.05050505050505
 3 10.1010101010101
 268 15.15151515151515
 4 20.2020202020202
 2 25.25252525252525
 168 30.3030303030303
 542 35.35353535353535
 591 40.4040404040404
 337 45.45454545454545
 128 50.50505050505051
 61 55.55555555555555
 2 60.6060606060606
 267 65.65656565656565
 210 70.7070707070707
 584 75.75757575757575
 1 80.8080808080808
 0 85.85858585858585
 70 90.90909090909091
 4 95.95959595959596
 9 101.010101010101
 191 106.060606060606
 173 111.1111111111111
 422 116.1616161616162
 182 121.2121212121212
 84 126.2626262626263
 1 131.3131313131313
 2 136.3636363636363
 84 141.4141414141414
 94 146.4646464646464
 441 151.5151515151515
 232 156.5656565656566
 3 161.6161616161616
 4 166.6666666666667
 70 171.7171717171717
 39 176.7676767676768
 0 181.8181818181818
 1 186.8686868686869
 173 191.9191919191919
 265 196.969696969697
 37 202.020202020202
 97 207.070707070707
 179 212.1212121212121
 57 217.1717171717171
 108 222.2222222222222
 249 227.2727272727273
 136 232.3232323232323
 5 237.3737373737374
 26 242.4242424242424
 138 247.4747474747475
 22 252.5252525252525
 119 257.5757575757576
 126 262.6262626262626
 43 267.6767676767677
 246 272.7272727272727
 132 277.7777777777778
 464 282.8282828282828
 212 287.8787878787879
 3 292.9292929292929
 0 297.979797979798
 1 303.030303030303
 221 308.0808080808081
 22 313.1313131313131
 31 318.1818181818182
 36 323.2323232323232
 39 328.2828282828282
 175 333.3333333333333
 74 338.3838383838383
 25 343.4343434343434
 181 348.4848484848484
 118 353.5353535353535
 31 358.5858585858585
 1 363.6363636363636
 43 368.6868686868686
 41 373.7373737373737
 45 378.7878787878788
 0 383.8383838383838
 0 388.8888888888889
 326 393.9393939393939
 66 398.989898989899
 71 404.040404040404
 177 409.0909090909091
 146 414.1414141414141
 600 419.1919191919192
 19 424.2424242424242
 241 429.2929292929293
 188 434.3434343434343
 4 439.3939393939394
 62 444.4444444444444
 68 449.4949494949495
 49 454.5454545454545
 2 459.5959595959596
 2 464.6464646464646
 1 469.6969696969697
 0 474.7474747474747
 3 479.7979797979798
 19 484.8484848484848
 27 489.8989898989898
 78 494.9494949494949
 0 500


