# Created by Octave 3.8.2, Mon Jun 22 16:49:43 2020 CEST <damian@fptrucha.inv.usc.es>
# name: hd
# type: matrix
# rows: 100
# columns: 2
 1 0
 3 5.05050505050505
 0 10.1010101010101
 297 15.15151515151515
 5 20.2020202020202
 1 25.25252525252525
 126 30.3030303030303
 552 35.35353535353535
 636 40.4040404040404
 319 45.45454545454545
 117 50.50505050505051
 75 55.55555555555555
 2 60.6060606060606
 275 65.65656565656565
 207 70.7070707070707
 542 75.75757575757575
 3 80.8080808080808
 2 85.85858585858585
 69 90.90909090909091
 2 95.95959595959596
 1 101.010101010101
 191 106.060606060606
 193 111.1111111111111
 405 116.1616161616162
 206 121.2121212121212
 97 126.2626262626263
 1 131.3131313131313
 0 136.3636363636363
 66 141.4141414141414
 109 146.4646464646464
 443 151.5151515151515
 275 156.5656565656566
 1 161.6161616161616
 1 166.6666666666667
 79 171.7171717171717
 34 176.7676767676768
 0 181.8181818181818
 2 186.8686868686869
 194 191.9191919191919
 266 196.969696969697
 45 202.020202020202
 82 207.070707070707
 193 212.1212121212121
 54 217.1717171717171
 108 222.2222222222222
 248 227.2727272727273
 144 232.3232323232323
 0 237.3737373737374
 25 242.4242424242424
 152 247.4747474747475
 24 252.5252525252525
 129 257.5757575757576
 142 262.6262626262626
 31 267.6767676767677
 258 272.7272727272727
 175 277.7777777777778
 468 282.8282828282828
 200 287.8787878787879
 5 292.9292929292929
 0 297.979797979798
 2 303.030303030303
 193 308.0808080808081
 29 313.1313131313131
 33 318.1818181818182
 27 323.2323232323232
 35 328.2828282828282
 159 333.3333333333333
 60 338.3838383838383
 17 343.4343434343434
 224 348.4848484848484
 111 353.5353535353535
 30 358.5858585858585
 2 363.6363636363636
 57 368.6868686868686
 43 373.7373737373737
 42 378.7878787878788
 2 383.8383838383838
 0 388.8888888888889
 325 393.9393939393939
 66 398.989898989899
 61 404.040404040404
 192 409.0909090909091
 136 414.1414141414141
 545 419.1919191919192
 26 424.2424242424242
 232 429.2929292929293
 161 434.3434343434343
 3 439.3939393939394
 56 444.4444444444444
 78 449.4949494949495
 56 454.5454545454545
 0 459.5959595959596
 1 464.6464646464646
 0 469.6969696969697
 0 474.7474747474747
 0 479.7979797979798
 16 484.8484848484848
 27 489.8989898989898
 93 494.9494949494949
 0 500


