# Created by Octave 3.8.2, Sun Jun 21 02:47:25 2020 CEST <damian@fptrucha.inv.usc.es>
# name: hd
# type: matrix
# rows: 100
# columns: 2
 1 0
 1 5.05050505050505
 0 10.1010101010101
 260 15.15151515151515
 1 20.2020202020202
 2 25.25252525252525
 137 30.3030303030303
 470 35.35353535353535
 554 40.4040404040404
 297 45.45454545454545
 108 50.50505050505051
 63 55.55555555555555
 2 60.6060606060606
 254 65.65656565656565
 192 70.7070707070707
 526 75.75757575757575
 1 80.8080808080808
 1 85.85858585858585
 62 90.90909090909091
 4 95.95959595959596
 4 101.010101010101
 155 106.060606060606
 174 111.1111111111111
 369 116.1616161616162
 186 121.2121212121212
 94 126.2626262626263
 0 131.3131313131313
 1 136.3636363636363
 53 141.4141414141414
 120 146.4646464646464
 423 151.5151515151515
 284 156.5656565656566
 6 161.6161616161616
 1 166.6666666666667
 72 171.7171717171717
 19 176.7676767676768
 0 181.8181818181818
 1 186.8686868686869
 169 191.9191919191919
 251 196.969696969697
 51 202.020202020202
 94 207.070707070707
 186 212.1212121212121
 60 217.1717171717171
 105 222.2222222222222
 213 227.2727272727273
 129 232.3232323232323
 2 237.3737373737374
 18 242.4242424242424
 124 247.4747474747475
 14 252.5252525252525
 137 257.5757575757576
 114 262.6262626262626
 43 267.6767676767677
 233 272.7272727272727
 131 277.7777777777778
 435 282.8282828282828
 173 287.8787878787879
 0 292.9292929292929
 0 297.979797979798
 0 303.030303030303
 191 308.0808080808081
 20 313.1313131313131
 36 318.1818181818182
 19 323.2323232323232
 40 328.2828282828282
 156 333.3333333333333
 52 338.3838383838383
 19 343.4343434343434
 191 348.4848484848484
 85 353.5353535353535
 21 358.5858585858585
 1 363.6363636363636
 33 368.6868686868686
 42 373.7373737373737
 43 378.7878787878788
 0 383.8383838383838
 0 388.8888888888889
 298 393.9393939393939
 38 398.989898989899
 58 404.040404040404
 165 409.0909090909091
 124 414.1414141414141
 584 419.1919191919192
 17 424.2424242424242
 218 429.2929292929293
 150 434.3434343434343
 2 439.3939393939394
 62 444.4444444444444
 68 449.4949494949495
 42 454.5454545454545
 0 459.5959595959596
 1 464.6464646464646
 1 469.6969696969697
 1 474.7474747474747
 0 479.7979797979798
 15 484.8484848484848
 19 489.8989898989898
 78 494.9494949494949
 0 500


