# Created by Octave 3.8.2, Mon Jun 22 07:00:40 2020 CEST <damian@fptrucha.inv.usc.es>
# name: hd
# type: matrix
# rows: 100
# columns: 2
 1 0
 7 5.05050505050505
 2 10.1010101010101
 277 15.15151515151515
 5 20.2020202020202
 0 25.25252525252525
 134 30.3030303030303
 545 35.35353535353535
 574 40.4040404040404
 305 45.45454545454545
 129 50.50505050505051
 60 55.55555555555555
 6 60.6060606060606
 259 65.65656565656565
 206 70.7070707070707
 483 75.75757575757575
 0 80.8080808080808
 2 85.85858585858585
 66 90.90909090909091
 8 95.95959595959596
 3 101.010101010101
 162 106.060606060606
 146 111.1111111111111
 355 116.1616161616162
 192 121.2121212121212
 88 126.2626262626263
 0 131.3131313131313
 1 136.3636363636363
 52 141.4141414141414
 85 146.4646464646464
 399 151.5151515151515
 253 156.5656565656566
 3 161.6161616161616
 1 166.6666666666667
 67 171.7171717171717
 25 176.7676767676768
 0 181.8181818181818
 0 186.8686868686869
 163 191.9191919191919
 270 196.969696969697
 64 202.020202020202
 70 207.070707070707
 151 212.1212121212121
 65 217.1717171717171
 98 222.2222222222222
 231 227.2727272727273
 130 232.3232323232323
 2 237.3737373737374
 26 242.4242424242424
 119 247.4747474747475
 23 252.5252525252525
 108 257.5757575757576
 104 262.6262626262626
 33 267.6767676767677
 258 272.7272727272727
 139 277.7777777777778
 433 282.8282828282828
 202 287.8787878787879
 3 292.9292929292929
 0 297.979797979798
 0 303.030303030303
 201 308.0808080808081
 20 313.1313131313131
 42 318.1818181818182
 26 323.2323232323232
 46 328.2828282828282
 181 333.3333333333333
 69 338.3838383838383
 20 343.4343434343434
 185 348.4848484848484
 110 353.5353535353535
 34 358.5858585858585
 1 363.6363636363636
 33 368.6868686868686
 37 373.7373737373737
 32 378.7878787878788
 1 383.8383838383838
 1 388.8888888888889
 282 393.9393939393939
 64 398.989898989899
 67 404.040404040404
 190 409.0909090909091
 154 414.1414141414141
 492 419.1919191919192
 27 424.2424242424242
 225 429.2929292929293
 168 434.3434343434343
 5 439.3939393939394
 61 444.4444444444444
 77 449.4949494949495
 42 454.5454545454545
 1 459.5959595959596
 1 464.6464646464646
 0 469.6969696969697
 1 474.7474747474747
 0 479.7979797979798
 22 484.8484848484848
 14 489.8989898989898
 75 494.9494949494949
 0 500


