# Created by Octave 3.8.2, Mon Jun 22 02:49:04 2020 CEST <damian@fptrucha.inv.usc.es>
# name: hd
# type: matrix
# rows: 100
# columns: 2
 3 0
 5 5.05050505050505
 2 10.1010101010101
 269 15.15151515151515
 2 20.2020202020202
 0 25.25252525252525
 123 30.3030303030303
 467 35.35353535353535
 529 40.4040404040404
 290 45.45454545454545
 130 50.50505050505051
 70 55.55555555555555
 3 60.6060606060606
 260 65.65656565656565
 183 70.7070707070707
 492 75.75757575757575
 4 80.8080808080808
 2 85.85858585858585
 51 90.90909090909091
 3 95.95959595959596
 2 101.010101010101
 176 106.060606060606
 163 111.1111111111111
 354 116.1616161616162
 180 121.2121212121212
 89 126.2626262626263
 1 131.3131313131313
 1 136.3636363636363
 74 141.4141414141414
 85 146.4646464646464
 399 151.5151515151515
 252 156.5656565656566
 5 161.6161616161616
 1 166.6666666666667
 59 171.7171717171717
 26 176.7676767676768
 0 181.8181818181818
 1 186.8686868686869
 168 191.9191919191919
 261 196.969696969697
 44 202.020202020202
 90 207.070707070707
 170 212.1212121212121
 65 217.1717171717171
 93 222.2222222222222
 217 227.2727272727273
 120 232.3232323232323
 2 237.3737373737374
 28 242.4242424242424
 116 247.4747474747475
 20 252.5252525252525
 116 257.5757575757576
 115 262.6262626262626
 41 267.6767676767677
 262 272.7272727272727
 141 277.7777777777778
 412 282.8282828282828
 185 287.8787878787879
 1 292.9292929292929
 3 297.979797979798
 2 303.030303030303
 181 308.0808080808081
 20 313.1313131313131
 43 318.1818181818182
 30 323.2323232323232
 42 328.2828282828282
 186 333.3333333333333
 61 338.3838383838383
 16 343.4343434343434
 161 348.4848484848484
 102 353.5353535353535
 31 358.5858585858585
 5 363.6363636363636
 45 368.6868686868686
 41 373.7373737373737
 42 378.7878787878788
 2 383.8383838383838
 2 388.8888888888889
 296 393.9393939393939
 60 398.989898989899
 51 404.040404040404
 179 409.0909090909091
 154 414.1414141414141
 574 419.1919191919192
 11 424.2424242424242
 222 429.2929292929293
 154 434.3434343434343
 8 439.3939393939394
 50 444.4444444444444
 71 449.4949494949495
 51 454.5454545454545
 2 459.5959595959596
 0 464.6464646464646
 1 469.6969696969697
 2 474.7474747474747
 0 479.7979797979798
 18 484.8484848484848
 21 489.8989898989898
 68 494.9494949494949
 0 500


