# Created by Octave 3.8.2, Sun Jun 21 05:20:33 2020 CEST <damian@fptrucha.inv.usc.es>
# name: hd
# type: matrix
# rows: 100
# columns: 2
 1 0
 2 5.05050505050505
 2 10.1010101010101
 159 15.15151515151515
 2 20.2020202020202
 0 25.25252525252525
 100 30.3030303030303
 363 35.35353535353535
 390 40.4040404040404
 199 45.45454545454545
 76 50.50505050505051
 36 55.55555555555555
 1 60.6060606060606
 184 65.65656565656565
 137 70.7070707070707
 363 75.75757575757575
 2 80.8080808080808
 0 85.85858585858585
 46 90.90909090909091
 2 95.95959595959596
 1 101.010101010101
 111 106.060606060606
 133 111.1111111111111
 254 116.1616161616162
 134 121.2121212121212
 65 126.2626262626263
 0 131.3131313131313
 1 136.3636363636363
 37 141.4141414141414
 66 146.4646464646464
 287 151.5151515151515
 164 156.5656565656566
 1 161.6161616161616
 0 166.6666666666667
 51 171.7171717171717
 13 176.7676767676768
 0 181.8181818181818
 0 186.8686868686869
 112 191.9191919191919
 169 196.969696969697
 35 202.020202020202
 67 207.070707070707
 140 212.1212121212121
 51 217.1717171717171
 76 222.2222222222222
 138 227.2727272727273
 104 232.3232323232323
 0 237.3737373737374
 12 242.4242424242424
 104 247.4747474747475
 11 252.5252525252525
 70 257.5757575757576
 87 262.6262626262626
 22 267.6767676767677
 157 272.7272727272727
 78 277.7777777777778
 313 282.8282828282828
 131 287.8787878787879
 0 292.9292929292929
 0 297.979797979798
 0 303.030303030303
 136 308.0808080808081
 12 313.1313131313131
 22 318.1818181818182
 15 323.2323232323232
 27 328.2828282828282
 102 333.3333333333333
 42 338.3838383838383
 14 343.4343434343434
 127 348.4848484848484
 48 353.5353535353535
 10 358.5858585858585
 0 363.6363636363636
 23 368.6868686868686
 19 373.7373737373737
 29 378.7878787878788
 0 383.8383838383838
 0 388.8888888888889
 210 393.9393939393939
 38 398.989898989899
 44 404.040404040404
 117 409.0909090909091
 83 414.1414141414141
 395 419.1919191919192
 14 424.2424242424242
 144 429.2929292929293
 120 434.3434343434343
 2 439.3939393939394
 40 444.4444444444444
 48 449.4949494949495
 34 454.5454545454545
 0 459.5959595959596
 1 464.6464646464646
 1 469.6969696969697
 0 474.7474747474747
 2 479.7979797979798
 8 484.8484848484848
 12 489.8989898989898
 45 494.9494949494949
 0 500


