# Created by Octave 3.8.2, Mon Jun 22 10:09:11 2020 CEST <damian@fptrucha.inv.usc.es>
# name: hd
# type: matrix
# rows: 100
# columns: 2
 4 0
 7 5.05050505050505
 4 10.1010101010101
 272 15.15151515151515
 2 20.2020202020202
 2 25.25252525252525
 163 30.3030303030303
 550 35.35353535353535
 568 40.4040404040404
 287 45.45454545454545
 141 50.50505050505051
 66 55.55555555555555
 3 60.6060606060606
 313 65.65656565656565
 208 70.7070707070707
 512 75.75757575757575
 2 80.8080808080808
 4 85.85858585858585
 51 90.90909090909091
 5 95.95959595959596
 4 101.010101010101
 202 106.060606060606
 170 111.1111111111111
 404 116.1616161616162
 202 121.2121212121212
 71 126.2626262626263
 2 131.3131313131313
 1 136.3636363636363
 71 141.4141414141414
 82 146.4646464646464
 447 151.5151515151515
 260 156.5656565656566
 4 161.6161616161616
 2 166.6666666666667
 70 171.7171717171717
 35 176.7676767676768
 1 181.8181818181818
 3 186.8686868686869
 180 191.9191919191919
 263 196.969696969697
 36 202.020202020202
 87 207.070707070707
 174 212.1212121212121
 63 217.1717171717171
 92 222.2222222222222
 234 227.2727272727273
 136 232.3232323232323
 1 237.3737373737374
 20 242.4242424242424
 139 247.4747474747475
 21 252.5252525252525
 111 257.5757575757576
 122 262.6262626262626
 38 267.6767676767677
 252 272.7272727272727
 141 277.7777777777778
 418 282.8282828282828
 175 287.8787878787879
 4 292.9292929292929
 1 297.979797979798
 2 303.030303030303
 215 308.0808080808081
 20 313.1313131313131
 45 318.1818181818182
 38 323.2323232323232
 41 328.2828282828282
 184 333.3333333333333
 71 338.3838383838383
 19 343.4343434343434
 160 348.4848484848484
 120 353.5353535353535
 35 358.5858585858585
 0 363.6363636363636
 55 368.6868686868686
 40 373.7373737373737
 41 378.7878787878788
 1 383.8383838383838
 4 388.8888888888889
 297 393.9393939393939
 46 398.989898989899
 70 404.040404040404
 178 409.0909090909091
 148 414.1414141414141
 591 419.1919191919192
 21 424.2424242424242
 212 429.2929292929293
 158 434.3434343434343
 3 439.3939393939394
 71 444.4444444444444
 77 449.4949494949495
 47 454.5454545454545
 0 459.5959595959596
 2 464.6464646464646
 1 469.6969696969697
 2 474.7474747474747
 0 479.7979797979798
 23 484.8484848484848
 25 489.8989898989898
 78 494.9494949494949
 0 500


