# Created by Octave 3.8.2, Sat Jun 20 09:27:47 2020 CEST <damian@fptrucha.inv.usc.es>
# name: hd
# type: matrix
# rows: 100
# columns: 2
 1 0
 4 5.05050505050505
 3 10.1010101010101
 296 15.15151515151515
 1 20.2020202020202
 1 25.25252525252525
 179 30.3030303030303
 564 35.35353535353535
 676 40.4040404040404
 353 45.45454545454545
 158 50.50505050505051
 75 55.55555555555555
 2 60.6060606060606
 308 65.65656565656565
 234 70.7070707070707
 631 75.75757575757575
 1 80.8080808080808
 1 85.85858585858585
 78 90.90909090909091
 3 95.95959595959596
 4 101.010101010101
 203 106.060606060606
 223 111.1111111111111
 467 116.1616161616162
 241 121.2121212121212
 94 126.2626262626263
 0 131.3131313131313
 0 136.3636363636363
 63 141.4141414141414
 90 146.4646464646464
 501 151.5151515151515
 319 156.5656565656566
 3 161.6161616161616
 0 166.6666666666667
 61 171.7171717171717
 36 176.7676767676768
 0 181.8181818181818
 0 186.8686868686869
 212 191.9191919191919
 313 196.969696969697
 77 202.020202020202
 108 207.070707070707
 250 212.1212121212121
 77 217.1717171717171
 132 222.2222222222222
 237 227.2727272727273
 132 232.3232323232323
 0 237.3737373737374
 22 242.4242424242424
 151 247.4747474747475
 17 252.5252525252525
 142 257.5757575757576
 177 262.6262626262626
 41 267.6767676767677
 326 272.7272727272727
 170 277.7777777777778
 467 282.8282828282828
 236 287.8787878787879
 1 292.9292929292929
 1 297.979797979798
 0 303.030303030303
 237 308.0808080808081
 33 313.1313131313131
 43 318.1818181818182
 40 323.2323232323232
 49 328.2828282828282
 221 333.3333333333333
 80 338.3838383838383
 19 343.4343434343434
 204 348.4848484848484
 121 353.5353535353535
 31 358.5858585858585
 1 363.6363636363636
 58 368.6868686868686
 38 373.7373737373737
 44 378.7878787878788
 1 383.8383838383838
 1 388.8888888888889
 326 393.9393939393939
 77 398.989898989899
 86 404.040404040404
 175 409.0909090909091
 147 414.1414141414141
 599 419.1919191919192
 25 424.2424242424242
 281 429.2929292929293
 213 434.3434343434343
 2 439.3939393939394
 67 444.4444444444444
 95 449.4949494949495
 68 454.5454545454545
 0 459.5959595959596
 1 464.6464646464646
 0 469.6969696969697
 2 474.7474747474747
 2 479.7979797979798
 18 484.8484848484848
 15 489.8989898989898
 76 494.9494949494949
 0 500


