# Created by Octave 3.8.2, Sat Jun 20 10:35:57 2020 CEST <damian@fptrucha.inv.usc.es>
# name: hd
# type: matrix
# rows: 100
# columns: 2
 0 0
 3 5.05050505050505
 2 10.1010101010101
 310 15.15151515151515
 5 20.2020202020202
 1 25.25252525252525
 167 30.3030303030303
 566 35.35353535353535
 676 40.4040404040404
 345 45.45454545454545
 144 50.50505050505051
 60 55.55555555555555
 2 60.6060606060606
 291 65.65656565656565
 228 70.7070707070707
 635 75.75757575757575
 1 80.8080808080808
 1 85.85858585858585
 68 90.90909090909091
 2 95.95959595959596
 6 101.010101010101
 219 106.060606060606
 212 111.1111111111111
 440 116.1616161616162
 194 121.2121212121212
 94 126.2626262626263
 0 131.3131313131313
 2 136.3636363636363
 77 141.4141414141414
 116 146.4646464646464
 472 151.5151515151515
 293 156.5656565656566
 0 161.6161616161616
 3 166.6666666666667
 76 171.7171717171717
 30 176.7676767676768
 0 181.8181818181818
 0 186.8686868686869
 216 191.9191919191919
 299 196.969696969697
 59 202.020202020202
 98 207.070707070707
 232 212.1212121212121
 78 217.1717171717171
 126 222.2222222222222
 254 227.2727272727273
 157 232.3232323232323
 0 237.3737373737374
 27 242.4242424242424
 155 247.4747474747475
 28 252.5252525252525
 102 257.5757575757576
 150 262.6262626262626
 27 267.6767676767677
 265 272.7272727272727
 182 277.7777777777778
 496 282.8282828282828
 239 287.8787878787879
 1 292.9292929292929
 1 297.979797979798
 0 303.030303030303
 272 308.0808080808081
 16 313.1313131313131
 49 318.1818181818182
 35 323.2323232323232
 45 328.2828282828282
 218 333.3333333333333
 68 338.3838383838383
 18 343.4343434343434
 217 348.4848484848484
 94 353.5353535353535
 35 358.5858585858585
 0 363.6363636363636
 49 368.6868686868686
 39 373.7373737373737
 42 378.7878787878788
 0 383.8383838383838
 2 388.8888888888889
 333 393.9393939393939
 55 398.989898989899
 71 404.040404040404
 211 409.0909090909091
 162 414.1414141414141
 609 419.1919191919192
 31 424.2424242424242
 268 429.2929292929293
 180 434.3434343434343
 2 439.3939393939394
 64 444.4444444444444
 97 449.4949494949495
 85 454.5454545454545
 0 459.5959595959596
 2 464.6464646464646
 3 469.6969696969697
 0 474.7474747474747
 0 479.7979797979798
 18 484.8484848484848
 16 489.8989898989898
 78 494.9494949494949
 0 500


