# Created by Octave 3.8.2, Mon Jun 22 19:07:55 2020 CEST <damian@fptrucha.inv.usc.es>
# name: hd
# type: matrix
# rows: 100
# columns: 2
 1 0
 5 5.05050505050505
 1 10.1010101010101
 300 15.15151515151515
 3 20.2020202020202
 0 25.25252525252525
 166 30.3030303030303
 528 35.35353535353535
 610 40.4040404040404
 344 45.45454545454545
 124 50.50505050505051
 67 55.55555555555555
 1 60.6060606060606
 247 65.65656565656565
 233 70.7070707070707
 583 75.75757575757575
 2 80.8080808080808
 4 85.85858585858585
 72 90.90909090909091
 4 95.95959595959596
 2 101.010101010101
 201 106.060606060606
 177 111.1111111111111
 424 116.1616161616162
 219 121.2121212121212
 97 126.2626262626263
 3 131.3131313131313
 3 136.3636363636363
 69 141.4141414141414
 94 146.4646464646464
 476 151.5151515151515
 228 156.5656565656566
 2 161.6161616161616
 0 166.6666666666667
 91 171.7171717171717
 31 176.7676767676768
 0 181.8181818181818
 2 186.8686868686869
 197 191.9191919191919
 265 196.969696969697
 49 202.020202020202
 89 207.070707070707
 191 212.1212121212121
 58 217.1717171717171
 119 222.2222222222222
 257 227.2727272727273
 140 232.3232323232323
 0 237.3737373737374
 26 242.4242424242424
 127 247.4747474747475
 33 252.5252525252525
 132 257.5757575757576
 114 262.6262626262626
 46 267.6767676767677
 253 272.7272727272727
 157 277.7777777777778
 481 282.8282828282828
 237 287.8787878787879
 2 292.9292929292929
 1 297.979797979798
 1 303.030303030303
 247 308.0808080808081
 32 313.1313131313131
 45 318.1818181818182
 38 323.2323232323232
 34 328.2828282828282
 173 333.3333333333333
 83 338.3838383838383
 17 343.4343434343434
 185 348.4848484848484
 125 353.5353535353535
 26 358.5858585858585
 2 363.6363636363636
 53 368.6868686868686
 33 373.7373737373737
 40 378.7878787878788
 2 383.8383838383838
 1 388.8888888888889
 326 393.9393939393939
 45 398.989898989899
 65 404.040404040404
 178 409.0909090909091
 134 414.1414141414141
 585 419.1919191919192
 23 424.2424242424242
 276 429.2929292929293
 182 434.3434343434343
 2 439.3939393939394
 62 444.4444444444444
 77 449.4949494949495
 48 454.5454545454545
 0 459.5959595959596
 0 464.6464646464646
 0 469.6969696969697
 0 474.7474747474747
 3 479.7979797979798
 22 484.8484848484848
 16 489.8989898989898
 74 494.9494949494949
 0 500


