# Created by Octave 3.8.2, Sun Jun 21 02:04:38 2020 CEST <damian@fptrucha.inv.usc.es>
# name: hd
# type: matrix
# rows: 100
# columns: 2
 0 0
 4 5.05050505050505
 0 10.1010101010101
 267 15.15151515151515
 1 20.2020202020202
 1 25.25252525252525
 158 30.3030303030303
 511 35.35353535353535
 569 40.4040404040404
 275 45.45454545454545
 121 50.50505050505051
 72 55.55555555555555
 2 60.6060606060606
 269 65.65656565656565
 195 70.7070707070707
 572 75.75757575757575
 0 80.8080808080808
 1 85.85858585858585
 66 90.90909090909091
 6 95.95959595959596
 3 101.010101010101
 199 106.060606060606
 196 111.1111111111111
 363 116.1616161616162
 189 121.2121212121212
 79 126.2626262626263
 1 131.3131313131313
 2 136.3636363636363
 78 141.4141414141414
 79 146.4646464646464
 441 151.5151515151515
 262 156.5656565656566
 3 161.6161616161616
 0 166.6666666666667
 70 171.7171717171717
 43 176.7676767676768
 0 181.8181818181818
 1 186.8686868686869
 168 191.9191919191919
 248 196.969696969697
 50 202.020202020202
 115 207.070707070707
 183 212.1212121212121
 64 217.1717171717171
 123 222.2222222222222
 200 227.2727272727273
 133 232.3232323232323
 1 237.3737373737374
 25 242.4242424242424
 113 247.4747474747475
 16 252.5252525252525
 114 257.5757575757576
 127 262.6262626262626
 28 267.6767676767677
 237 272.7272727272727
 140 277.7777777777778
 459 282.8282828282828
 185 287.8787878787879
 1 292.9292929292929
 0 297.979797979798
 0 303.030303030303
 212 308.0808080808081
 24 313.1313131313131
 34 318.1818181818182
 31 323.2323232323232
 32 328.2828282828282
 179 333.3333333333333
 48 338.3838383838383
 20 343.4343434343434
 195 348.4848484848484
 113 353.5353535353535
 25 358.5858585858585
 3 363.6363636363636
 39 368.6868686868686
 33 373.7373737373737
 33 378.7878787878788
 1 383.8383838383838
 0 388.8888888888889
 285 393.9393939393939
 55 398.989898989899
 52 404.040404040404
 154 409.0909090909091
 119 414.1414141414141
 535 419.1919191919192
 23 424.2424242424242
 229 429.2929292929293
 169 434.3434343434343
 3 439.3939393939394
 42 444.4444444444444
 48 449.4949494949495
 67 454.5454545454545
 1 459.5959595959596
 1 464.6464646464646
 0 469.6969696969697
 4 474.7474747474747
 0 479.7979797979798
 12 484.8484848484848
 13 489.8989898989898
 62 494.9494949494949
 0 500


