# Created by Octave 3.8.2, Mon Jun 22 01:51:32 2020 CEST <damian@fptrucha.inv.usc.es>
# name: hd
# type: matrix
# rows: 100
# columns: 2
 3 0
 3 5.05050505050505
 0 10.1010101010101
 297 15.15151515151515
 1 20.2020202020202
 0 25.25252525252525
 154 30.3030303030303
 515 35.35353535353535
 596 40.4040404040404
 319 45.45454545454545
 129 50.50505050505051
 83 55.55555555555555
 2 60.6060606060606
 287 65.65656565656565
 225 70.7070707070707
 566 75.75757575757575
 1 80.8080808080808
 0 85.85858585858585
 56 90.90909090909091
 5 95.95959595959596
 2 101.010101010101
 196 106.060606060606
 173 111.1111111111111
 394 116.1616161616162
 222 121.2121212121212
 85 126.2626262626263
 1 131.3131313131313
 0 136.3636363636363
 66 141.4141414141414
 107 146.4646464646464
 445 151.5151515151515
 242 156.5656565656566
 1 161.6161616161616
 2 166.6666666666667
 81 171.7171717171717
 45 176.7676767676768
 0 181.8181818181818
 4 186.8686868686869
 178 191.9191919191919
 283 196.969696969697
 54 202.020202020202
 99 207.070707070707
 174 212.1212121212121
 58 217.1717171717171
 114 222.2222222222222
 212 227.2727272727273
 140 232.3232323232323
 3 237.3737373737374
 20 242.4242424242424
 147 247.4747474747475
 22 252.5252525252525
 102 257.5757575757576
 128 262.6262626262626
 52 267.6767676767677
 255 272.7272727272727
 152 277.7777777777778
 421 282.8282828282828
 199 287.8787878787879
 1 292.9292929292929
 0 297.979797979798
 0 303.030303030303
 204 308.0808080808081
 18 313.1313131313131
 40 318.1818181818182
 33 323.2323232323232
 41 328.2828282828282
 179 333.3333333333333
 67 338.3838383838383
 20 343.4343434343434
 180 348.4848484848484
 91 353.5353535353535
 26 358.5858585858585
 0 363.6363636363636
 54 368.6868686868686
 41 373.7373737373737
 28 378.7878787878788
 0 383.8383838383838
 0 388.8888888888889
 308 393.9393939393939
 50 398.989898989899
 70 404.040404040404
 163 409.0909090909091
 158 414.1414141414141
 546 419.1919191919192
 17 424.2424242424242
 237 429.2929292929293
 160 434.3434343434343
 3 439.3939393939394
 64 444.4444444444444
 79 449.4949494949495
 53 454.5454545454545
 0 459.5959595959596
 0 464.6464646464646
 1 469.6969696969697
 3 474.7474747474747
 2 479.7979797979798
 24 484.8484848484848
 23 489.8989898989898
 78 494.9494949494949
 0 500


