# Created by Octave 3.8.2, Mon Jun 22 12:51:14 2020 CEST <damian@fptrucha.inv.usc.es>
# name: hd
# type: matrix
# rows: 100
# columns: 2
 3 0
 3 5.05050505050505
 2 10.1010101010101
 275 15.15151515151515
 1 20.2020202020202
 1 25.25252525252525
 168 30.3030303030303
 530 35.35353535353535
 590 40.4040404040404
 316 45.45454545454545
 127 50.50505050505051
 57 55.55555555555555
 1 60.6060606060606
 284 65.65656565656565
 226 70.7070707070707
 525 75.75757575757575
 1 80.8080808080808
 1 85.85858585858585
 54 90.90909090909091
 4 95.95959595959596
 5 101.010101010101
 219 106.060606060606
 139 111.1111111111111
 384 116.1616161616162
 223 121.2121212121212
 90 126.2626262626263
 0 131.3131313131313
 5 136.3636363636363
 66 141.4141414141414
 107 146.4646464646464
 420 151.5151515151515
 277 156.5656565656566
 1 161.6161616161616
 0 166.6666666666667
 81 171.7171717171717
 29 176.7676767676768
 1 181.8181818181818
 1 186.8686868686869
 178 191.9191919191919
 265 196.969696969697
 56 202.020202020202
 101 207.070707070707
 218 212.1212121212121
 57 217.1717171717171
 89 222.2222222222222
 237 227.2727272727273
 130 232.3232323232323
 3 237.3737373737374
 19 242.4242424242424
 136 247.4747474747475
 29 252.5252525252525
 119 257.5757575757576
 136 262.6262626262626
 44 267.6767676767677
 257 272.7272727272727
 132 277.7777777777778
 470 282.8282828282828
 206 287.8787878787879
 3 292.9292929292929
 0 297.979797979798
 0 303.030303030303
 198 308.0808080808081
 24 313.1313131313131
 38 318.1818181818182
 36 323.2323232323232
 47 328.2828282828282
 194 333.3333333333333
 60 338.3838383838383
 24 343.4343434343434
 186 348.4848484848484
 107 353.5353535353535
 25 358.5858585858585
 5 363.6363636363636
 56 368.6868686868686
 35 373.7373737373737
 43 378.7878787878788
 0 383.8383838383838
 2 388.8888888888889
 356 393.9393939393939
 64 398.989898989899
 63 404.040404040404
 168 409.0909090909091
 166 414.1414141414141
 554 419.1919191919192
 15 424.2424242424242
 241 429.2929292929293
 179 434.3434343434343
 6 439.3939393939394
 66 444.4444444444444
 79 449.4949494949495
 52 454.5454545454545
 0 459.5959595959596
 3 464.6464646464646
 2 469.6969696969697
 1 474.7474747474747
 1 479.7979797979798
 18 484.8484848484848
 17 489.8989898989898
 81 494.9494949494949
 0 500


