# Created by Octave 3.8.2, Mon Jun 22 22:35:36 2020 CEST <damian@fptrucha.inv.usc.es>
# name: hd
# type: matrix
# rows: 100
# columns: 2
 1 0
 5 5.05050505050505
 2 10.1010101010101
 310 15.15151515151515
 2 20.2020202020202
 1 25.25252525252525
 162 30.3030303030303
 555 35.35353535353535
 601 40.4040404040404
 327 45.45454545454545
 148 50.50505050505051
 80 55.55555555555555
 0 60.6060606060606
 299 65.65656565656565
 224 70.7070707070707
 628 75.75757575757575
 3 80.8080808080808
 1 85.85858585858585
 55 90.90909090909091
 6 95.95959595959596
 2 101.010101010101
 231 106.060606060606
 196 111.1111111111111
 426 116.1616161616162
 202 121.2121212121212
 102 126.2626262626263
 1 131.3131313131313
 4 136.3636363636363
 77 141.4141414141414
 96 146.4646464646464
 516 151.5151515151515
 258 156.5656565656566
 1 161.6161616161616
 2 166.6666666666667
 72 171.7171717171717
 39 176.7676767676768
 1 181.8181818181818
 6 186.8686868686869
 215 191.9191919191919
 269 196.969696969697
 55 202.020202020202
 95 207.070707070707
 175 212.1212121212121
 63 217.1717171717171
 120 222.2222222222222
 237 227.2727272727273
 147 232.3232323232323
 1 237.3737373737374
 26 242.4242424242424
 154 247.4747474747475
 31 252.5252525252525
 105 257.5757575757576
 129 262.6262626262626
 31 267.6767676767677
 295 272.7272727272727
 140 277.7777777777778
 431 282.8282828282828
 215 287.8787878787879
 1 292.9292929292929
 1 297.979797979798
 0 303.030303030303
 225 308.0808080808081
 30 313.1313131313131
 42 318.1818181818182
 33 323.2323232323232
 40 328.2828282828282
 197 333.3333333333333
 60 338.3838383838383
 27 343.4343434343434
 202 348.4848484848484
 102 353.5353535353535
 34 358.5858585858585
 2 363.6363636363636
 56 368.6868686868686
 43 373.7373737373737
 33 378.7878787878788
 0 383.8383838383838
 1 388.8888888888889
 318 393.9393939393939
 66 398.989898989899
 76 404.040404040404
 188 409.0909090909091
 150 414.1414141414141
 561 419.1919191919192
 23 424.2424242424242
 238 429.2929292929293
 178 434.3434343434343
 1 439.3939393939394
 61 444.4444444444444
 89 449.4949494949495
 56 454.5454545454545
 1 459.5959595959596
 0 464.6464646464646
 2 469.6969696969697
 1 474.7474747474747
 2 479.7979797979798
 25 484.8484848484848
 20 489.8989898989898
 91 494.9494949494949
 0 500


