# Created by Octave 3.8.2, Mon Jun 22 21:01:17 2020 CEST <damian@fptrucha.inv.usc.es>
# name: hd
# type: matrix
# rows: 100
# columns: 2
 1 0
 5 5.05050505050505
 1 10.1010101010101
 274 15.15151515151515
 1 20.2020202020202
 1 25.25252525252525
 168 30.3030303030303
 552 35.35353535353535
 622 40.4040404040404
 337 45.45454545454545
 127 50.50505050505051
 79 55.55555555555555
 1 60.6060606060606
 305 65.65656565656565
 178 70.7070707070707
 564 75.75757575757575
 0 80.8080808080808
 1 85.85858585858585
 57 90.90909090909091
 4 95.95959595959596
 4 101.010101010101
 205 106.060606060606
 210 111.1111111111111
 437 116.1616161616162
 224 121.2121212121212
 93 126.2626262626263
 0 131.3131313131313
 0 136.3636363636363
 75 141.4141414141414
 98 146.4646464646464
 447 151.5151515151515
 240 156.5656565656566
 0 161.6161616161616
 0 166.6666666666667
 92 171.7171717171717
 31 176.7676767676768
 2 181.8181818181818
 1 186.8686868686869
 214 191.9191919191919
 282 196.969696969697
 38 202.020202020202
 95 207.070707070707
 168 212.1212121212121
 57 217.1717171717171
 106 222.2222222222222
 242 227.2727272727273
 122 232.3232323232323
 2 237.3737373737374
 22 242.4242424242424
 140 247.4747474747475
 26 252.5252525252525
 124 257.5757575757576
 149 262.6262626262626
 46 267.6767676767677
 280 272.7272727272727
 129 277.7777777777778
 438 282.8282828282828
 180 287.8787878787879
 2 292.9292929292929
 3 297.979797979798
 0 303.030303030303
 239 308.0808080808081
 34 313.1313131313131
 33 318.1818181818182
 26 323.2323232323232
 41 328.2828282828282
 170 333.3333333333333
 58 338.3838383838383
 18 343.4343434343434
 192 348.4848484848484
 100 353.5353535353535
 41 358.5858585858585
 2 363.6363636363636
 45 368.6868686868686
 33 373.7373737373737
 33 378.7878787878788
 4 383.8383838383838
 0 388.8888888888889
 336 393.9393939393939
 60 398.989898989899
 69 404.040404040404
 180 409.0909090909091
 164 414.1414141414141
 587 419.1919191919192
 29 424.2424242424242
 239 429.2929292929293
 185 434.3434343434343
 6 439.3939393939394
 65 444.4444444444444
 72 449.4949494949495
 61 454.5454545454545
 1 459.5959595959596
 0 464.6464646464646
 1 469.6969696969697
 4 474.7474747474747
 1 479.7979797979798
 21 484.8484848484848
 23 489.8989898989898
 88 494.9494949494949
 0 500


