# Created by Octave 3.8.2, Mon Jun 22 09:26:06 2020 CEST <damian@fptrucha.inv.usc.es>
# name: hd
# type: matrix
# rows: 100
# columns: 2
 1 0
 5 5.05050505050505
 1 10.1010101010101
 280 15.15151515151515
 1 20.2020202020202
 1 25.25252525252525
 162 30.3030303030303
 462 35.35353535353535
 531 40.4040404040404
 340 45.45454545454545
 122 50.50505050505051
 66 55.55555555555555
 1 60.6060606060606
 274 65.65656565656565
 210 70.7070707070707
 509 75.75757575757575
 3 80.8080808080808
 1 85.85858585858585
 70 90.90909090909091
 5 95.95959595959596
 2 101.010101010101
 177 106.060606060606
 149 111.1111111111111
 422 116.1616161616162
 184 121.2121212121212
 88 126.2626262626263
 1 131.3131313131313
 3 136.3636363636363
 64 141.4141414141414
 124 146.4646464646464
 423 151.5151515151515
 226 156.5656565656566
 1 161.6161616161616
 1 166.6666666666667
 74 171.7171717171717
 31 176.7676767676768
 0 181.8181818181818
 3 186.8686868686869
 172 191.9191919191919
 252 196.969696969697
 52 202.020202020202
 109 207.070707070707
 169 212.1212121212121
 61 217.1717171717171
 92 222.2222222222222
 240 227.2727272727273
 123 232.3232323232323
 1 237.3737373737374
 25 242.4242424242424
 124 247.4747474747475
 20 252.5252525252525
 123 257.5757575757576
 130 262.6262626262626
 31 267.6767676767677
 259 272.7272727272727
 149 277.7777777777778
 433 282.8282828282828
 206 287.8787878787879
 2 292.9292929292929
 0 297.979797979798
 0 303.030303030303
 191 308.0808080808081
 26 313.1313131313131
 41 318.1818181818182
 29 323.2323232323232
 37 328.2828282828282
 157 333.3333333333333
 73 338.3838383838383
 15 343.4343434343434
 169 348.4848484848484
 109 353.5353535353535
 29 358.5858585858585
 1 363.6363636363636
 45 368.6868686868686
 32 373.7373737373737
 39 378.7878787878788
 1 383.8383838383838
 1 388.8888888888889
 285 393.9393939393939
 66 398.989898989899
 62 404.040404040404
 183 409.0909090909091
 138 414.1414141414141
 570 419.1919191919192
 10 424.2424242424242
 216 429.2929292929293
 161 434.3434343434343
 4 439.3939393939394
 49 444.4444444444444
 88 449.4949494949495
 53 454.5454545454545
 2 459.5959595959596
 1 464.6464646464646
 0 469.6969696969697
 2 474.7474747474747
 1 479.7979797979798
 19 484.8484848484848
 16 489.8989898989898
 75 494.9494949494949
 0 500


