# Created by Octave 3.8.2, Mon Jun 22 12:02:34 2020 CEST <damian@fptrucha.inv.usc.es>
# name: hd
# type: matrix
# rows: 100
# columns: 2
 2 0
 2 5.05050505050505
 0 10.1010101010101
 282 15.15151515151515
 2 20.2020202020202
 1 25.25252525252525
 155 30.3030303030303
 514 35.35353535353535
 626 40.4040404040404
 274 45.45454545454545
 133 50.50505050505051
 82 55.55555555555555
 2 60.6060606060606
 248 65.65656565656565
 207 70.7070707070707
 536 75.75757575757575
 1 80.8080808080808
 1 85.85858585858585
 63 90.90909090909091
 2 95.95959595959596
 4 101.010101010101
 174 106.060606060606
 145 111.1111111111111
 405 116.1616161616162
 226 121.2121212121212
 90 126.2626262626263
 2 131.3131313131313
 4 136.3636363636363
 73 141.4141414141414
 77 146.4646464646464
 406 151.5151515151515
 282 156.5656565656566
 2 161.6161616161616
 2 166.6666666666667
 77 171.7171717171717
 37 176.7676767676768
 1 181.8181818181818
 1 186.8686868686869
 202 191.9191919191919
 244 196.969696969697
 52 202.020202020202
 92 207.070707070707
 188 212.1212121212121
 44 217.1717171717171
 96 222.2222222222222
 251 227.2727272727273
 151 232.3232323232323
 1 237.3737373737374
 30 242.4242424242424
 130 247.4747474747475
 25 252.5252525252525
 119 257.5757575757576
 118 262.6262626262626
 35 267.6767676767677
 272 272.7272727272727
 169 277.7777777777778
 436 282.8282828282828
 169 287.8787878787879
 0 292.9292929292929
 1 297.979797979798
 1 303.030303030303
 204 308.0808080808081
 32 313.1313131313131
 41 318.1818181818182
 26 323.2323232323232
 52 328.2828282828282
 171 333.3333333333333
 65 338.3838383838383
 16 343.4343434343434
 214 348.4848484848484
 87 353.5353535353535
 30 358.5858585858585
 1 363.6363636363636
 49 368.6868686868686
 48 373.7373737373737
 38 378.7878787878788
 1 383.8383838383838
 1 388.8888888888889
 306 393.9393939393939
 62 398.989898989899
 81 404.040404040404
 149 409.0909090909091
 146 414.1414141414141
 492 419.1919191919192
 14 424.2424242424242
 237 429.2929292929293
 175 434.3434343434343
 6 439.3939393939394
 43 444.4444444444444
 65 449.4949494949495
 54 454.5454545454545
 1 459.5959595959596
 1 464.6464646464646
 0 469.6969696969697
 1 474.7474747474747
 2 479.7979797979798
 25 484.8484848484848
 33 489.8989898989898
 91 494.9494949494949
 0 500


