# Created by Octave 3.8.2, Mon Jun 22 06:53:05 2020 CEST <damian@fptrucha.inv.usc.es>
# name: hd
# type: matrix
# rows: 100
# columns: 2
 5 0
 6 5.05050505050505
 2 10.1010101010101
 291 15.15151515151515
 1 20.2020202020202
 0 25.25252525252525
 141 30.3030303030303
 516 35.35353535353535
 574 40.4040404040404
 281 45.45454545454545
 120 50.50505050505051
 64 55.55555555555555
 1 60.6060606060606
 279 65.65656565656565
 186 70.7070707070707
 547 75.75757575757575
 2 80.8080808080808
 1 85.85858585858585
 61 90.90909090909091
 8 95.95959595959596
 7 101.010101010101
 198 106.060606060606
 155 111.1111111111111
 393 116.1616161616162
 177 121.2121212121212
 69 126.2626262626263
 0 131.3131313131313
 2 136.3636363636363
 75 141.4141414141414
 89 146.4646464646464
 392 151.5151515151515
 250 156.5656565656566
 5 161.6161616161616
 0 166.6666666666667
 59 171.7171717171717
 36 176.7676767676768
 1 181.8181818181818
 1 186.8686868686869
 182 191.9191919191919
 269 196.969696969697
 47 202.020202020202
 96 207.070707070707
 169 212.1212121212121
 68 217.1717171717171
 90 222.2222222222222
 231 227.2727272727273
 124 232.3232323232323
 2 237.3737373737374
 22 242.4242424242424
 124 247.4747474747475
 30 252.5252525252525
 92 257.5757575757576
 110 262.6262626262626
 43 267.6767676767677
 268 272.7272727272727
 149 277.7777777777778
 425 282.8282828282828
 148 287.8787878787879
 2 292.9292929292929
 2 297.979797979798
 1 303.030303030303
 210 308.0808080808081
 30 313.1313131313131
 36 318.1818181818182
 34 323.2323232323232
 31 328.2828282828282
 163 333.3333333333333
 71 338.3838383838383
 16 343.4343434343434
 171 348.4848484848484
 96 353.5353535353535
 29 358.5858585858585
 1 363.6363636363636
 51 368.6868686868686
 37 373.7373737373737
 34 378.7878787878788
 2 383.8383838383838
 0 388.8888888888889
 269 393.9393939393939
 57 398.989898989899
 59 404.040404040404
 141 409.0909090909091
 148 414.1414141414141
 525 419.1919191919192
 27 424.2424242424242
 222 429.2929292929293
 156 434.3434343434343
 1 439.3939393939394
 40 444.4444444444444
 77 449.4949494949495
 36 454.5454545454545
 1 459.5959595959596
 2 464.6464646464646
 0 469.6969696969697
 5 474.7474747474747
 0 479.7979797979798
 17 484.8484848484848
 18 489.8989898989898
 70 494.9494949494949
 0 500


