# Created by Octave 3.8.2, Sun Jun 21 05:47:53 2020 CEST <damian@fptrucha.inv.usc.es>
# name: hd
# type: matrix
# rows: 100
# columns: 2
 2 0
 1 5.05050505050505
 1 10.1010101010101
 256 15.15151515151515
 2 20.2020202020202
 1 25.25252525252525
 156 30.3030303030303
 508 35.35353535353535
 596 40.4040404040404
 318 45.45454545454545
 118 50.50505050505051
 56 55.55555555555555
 0 60.6060606060606
 275 65.65656565656565
 209 70.7070707070707
 566 75.75757575757575
 3 80.8080808080808
 2 85.85858585858585
 59 90.90909090909091
 3 95.95959595959596
 1 101.010101010101
 158 106.060606060606
 164 111.1111111111111
 354 116.1616161616162
 196 121.2121212121212
 76 126.2626262626263
 0 131.3131313131313
 1 136.3636363636363
 51 141.4141414141414
 74 146.4646464646464
 405 151.5151515151515
 257 156.5656565656566
 1 161.6161616161616
 0 166.6666666666667
 66 171.7171717171717
 31 176.7676767676768
 0 181.8181818181818
 0 186.8686868686869
 175 191.9191919191919
 242 196.969696969697
 40 202.020202020202
 111 207.070707070707
 171 212.1212121212121
 69 217.1717171717171
 115 222.2222222222222
 230 227.2727272727273
 134 232.3232323232323
 2 237.3737373737374
 24 242.4242424242424
 141 247.4747474747475
 24 252.5252525252525
 112 257.5757575757576
 136 262.6262626262626
 40 267.6767676767677
 262 272.7272727272727
 132 277.7777777777778
 455 282.8282828282828
 188 287.8787878787879
 0 292.9292929292929
 2 297.979797979798
 0 303.030303030303
 207 308.0808080808081
 22 313.1313131313131
 42 318.1818181818182
 30 323.2323232323232
 55 328.2828282828282
 159 333.3333333333333
 59 338.3838383838383
 10 343.4343434343434
 200 348.4848484848484
 98 353.5353535353535
 19 358.5858585858585
 1 363.6363636363636
 45 368.6868686868686
 38 373.7373737373737
 33 378.7878787878788
 1 383.8383838383838
 0 388.8888888888889
 294 393.9393939393939
 54 398.989898989899
 64 404.040404040404
 158 409.0909090909091
 129 414.1414141414141
 559 419.1919191919192
 18 424.2424242424242
 226 429.2929292929293
 171 434.3434343434343
 2 439.3939393939394
 54 444.4444444444444
 72 449.4949494949495
 43 454.5454545454545
 1 459.5959595959596
 2 464.6464646464646
 0 469.6969696969697
 0 474.7474747474747
 2 479.7979797979798
 12 484.8484848484848
 12 489.8989898989898
 70 494.9494949494949
 0 500


