# Created by Octave 3.8.2, Mon Jun 22 22:22:26 2020 CEST <damian@fptrucha.inv.usc.es>
# name: hd
# type: matrix
# rows: 100
# columns: 2
 3 0
 2 5.05050505050505
 0 10.1010101010101
 208 15.15151515151515
 1 20.2020202020202
 1 25.25252525252525
 123 30.3030303030303
 392 35.35353535353535
 433 40.4040404040404
 220 45.45454545454545
 77 50.50505050505051
 48 55.55555555555555
 1 60.6060606060606
 217 65.65656565656565
 138 70.7070707070707
 393 75.75757575757575
 1 80.8080808080808
 2 85.85858585858585
 41 90.90909090909091
 3 95.95959595959596
 3 101.010101010101
 133 106.060606060606
 117 111.1111111111111
 308 116.1616161616162
 146 121.2121212121212
 59 126.2626262626263
 0 131.3131313131313
 0 136.3636363636363
 39 141.4141414141414
 76 146.4646464646464
 281 151.5151515151515
 196 156.5656565656566
 3 161.6161616161616
 0 166.6666666666667
 44 171.7171717171717
 17 176.7676767676768
 0 181.8181818181818
 1 186.8686868686869
 167 191.9191919191919
 182 196.969696969697
 34 202.020202020202
 54 207.070707070707
 148 212.1212121212121
 48 217.1717171717171
 66 222.2222222222222
 181 227.2727272727273
 90 232.3232323232323
 2 237.3737373737374
 14 242.4242424242424
 93 247.4747474747475
 22 252.5252525252525
 97 257.5757575757576
 97 262.6262626262626
 24 267.6767676767677
 156 272.7272727272727
 98 277.7777777777778
 299 282.8282828282828
 144 287.8787878787879
 0 292.9292929292929
 1 297.979797979798
 1 303.030303030303
 133 308.0808080808081
 14 313.1313131313131
 24 318.1818181818182
 11 323.2323232323232
 33 328.2828282828282
 119 333.3333333333333
 41 338.3838383838383
 15 343.4343434343434
 124 348.4848484848484
 67 353.5353535353535
 19 358.5858585858585
 1 363.6363636363636
 30 368.6868686868686
 23 373.7373737373737
 22 378.7878787878788
 0 383.8383838383838
 0 388.8888888888889
 209 393.9393939393939
 48 398.989898989899
 38 404.040404040404
 106 409.0909090909091
 116 414.1414141414141
 378 419.1919191919192
 17 424.2424242424242
 155 429.2929292929293
 123 434.3434343434343
 1 439.3939393939394
 43 444.4444444444444
 51 449.4949494949495
 38 454.5454545454545
 0 459.5959595959596
 1 464.6464646464646
 1 469.6969696969697
 2 474.7474747474747
 1 479.7979797979798
 16 484.8484848484848
 14 489.8989898989898
 50 494.9494949494949
 0 500


