# Created by Octave 3.8.2, Sun Jun 21 02:13:01 2020 CEST <damian@fptrucha.inv.usc.es>
# name: hd
# type: matrix
# rows: 100
# columns: 2
 2 0
 2 5.05050505050505
 1 10.1010101010101
 253 15.15151515151515
 2 20.2020202020202
 0 25.25252525252525
 143 30.3030303030303
 468 35.35353535353535
 592 40.4040404040404
 305 45.45454545454545
 133 50.50505050505051
 63 55.55555555555555
 1 60.6060606060606
 254 65.65656565656565
 189 70.7070707070707
 550 75.75757575757575
 2 80.8080808080808
 0 85.85858585858585
 49 90.90909090909091
 5 95.95959595959596
 1 101.010101010101
 188 106.060606060606
 176 111.1111111111111
 377 116.1616161616162
 206 121.2121212121212
 98 126.2626262626263
 1 131.3131313131313
 3 136.3636363636363
 69 141.4141414141414
 99 146.4646464646464
 401 151.5151515151515
 294 156.5656565656566
 2 161.6161616161616
 0 166.6666666666667
 71 171.7171717171717
 37 176.7676767676768
 0 181.8181818181818
 1 186.8686868686869
 210 191.9191919191919
 254 196.969696969697
 44 202.020202020202
 106 207.070707070707
 182 212.1212121212121
 67 217.1717171717171
 111 222.2222222222222
 238 227.2727272727273
 153 232.3232323232323
 2 237.3737373737374
 22 242.4242424242424
 124 247.4747474747475
 14 252.5252525252525
 130 257.5757575757576
 130 262.6262626262626
 40 267.6767676767677
 248 272.7272727272727
 145 277.7777777777778
 473 282.8282828282828
 186 287.8787878787879
 1 292.9292929292929
 1 297.979797979798
 0 303.030303030303
 204 308.0808080808081
 19 313.1313131313131
 39 318.1818181818182
 23 323.2323232323232
 44 328.2828282828282
 172 333.3333333333333
 60 338.3838383838383
 14 343.4343434343434
 199 348.4848484848484
 96 353.5353535353535
 37 358.5858585858585
 0 363.6363636363636
 36 368.6868686868686
 41 373.7373737373737
 33 378.7878787878788
 0 383.8383838383838
 0 388.8888888888889
 306 393.9393939393939
 47 398.989898989899
 59 404.040404040404
 173 409.0909090909091
 127 414.1414141414141
 539 419.1919191919192
 23 424.2424242424242
 220 429.2929292929293
 164 434.3434343434343
 3 439.3939393939394
 57 444.4444444444444
 74 449.4949494949495
 52 454.5454545454545
 0 459.5959595959596
 0 464.6464646464646
 1 469.6969696969697
 1 474.7474747474747
 1 479.7979797979798
 24 484.8484848484848
 24 489.8989898989898
 58 494.9494949494949
 0 500


