# Created by Octave 3.8.2, Mon Jun 22 02:45:09 2020 CEST <damian@fptrucha.inv.usc.es>
# name: hd
# type: matrix
# rows: 100
# columns: 2
 4 0
 3 5.05050505050505
 2 10.1010101010101
 244 15.15151515151515
 2 20.2020202020202
 3 25.25252525252525
 144 30.3030303030303
 497 35.35353535353535
 583 40.4040404040404
 310 45.45454545454545
 119 50.50505050505051
 71 55.55555555555555
 3 60.6060606060606
 270 65.65656565656565
 192 70.7070707070707
 506 75.75757575757575
 4 80.8080808080808
 1 85.85858585858585
 73 90.90909090909091
 6 95.95959595959596
 5 101.010101010101
 173 106.060606060606
 159 111.1111111111111
 370 116.1616161616162
 189 121.2121212121212
 83 126.2626262626263
 1 131.3131313131313
 0 136.3636363636363
 68 141.4141414141414
 81 146.4646464646464
 393 151.5151515151515
 192 156.5656565656566
 4 161.6161616161616
 1 166.6666666666667
 64 171.7171717171717
 36 176.7676767676768
 1 181.8181818181818
 1 186.8686868686869
 182 191.9191919191919
 229 196.969696969697
 55 202.020202020202
 79 207.070707070707
 185 212.1212121212121
 56 217.1717171717171
 101 222.2222222222222
 204 227.2727272727273
 127 232.3232323232323
 0 237.3737373737374
 23 242.4242424242424
 153 247.4747474747475
 23 252.5252525252525
 99 257.5757575757576
 122 262.6262626262626
 40 267.6767676767677
 254 272.7272727272727
 132 277.7777777777778
 413 282.8282828282828
 194 287.8787878787879
 5 292.9292929292929
 4 297.979797979798
 4 303.030303030303
 218 308.0808080808081
 23 313.1313131313131
 48 318.1818181818182
 26 323.2323232323232
 36 328.2828282828282
 151 333.3333333333333
 80 338.3838383838383
 19 343.4343434343434
 173 348.4848484848484
 107 353.5353535353535
 21 358.5858585858585
 1 363.6363636363636
 35 368.6868686868686
 30 373.7373737373737
 37 378.7878787878788
 0 383.8383838383838
 2 388.8888888888889
 285 393.9393939393939
 43 398.989898989899
 46 404.040404040404
 167 409.0909090909091
 150 414.1414141414141
 537 419.1919191919192
 27 424.2424242424242
 195 429.2929292929293
 152 434.3434343434343
 6 439.3939393939394
 59 444.4444444444444
 74 449.4949494949495
 51 454.5454545454545
 3 459.5959595959596
 3 464.6464646464646
 1 469.6969696969697
 2 474.7474747474747
 2 479.7979797979798
 15 484.8484848484848
 13 489.8989898989898
 68 494.9494949494949
 0 500


