# Created by Octave 3.8.2, Sun Jun 21 02:44:13 2020 CEST <damian@fptrucha.inv.usc.es>
# name: hd
# type: matrix
# rows: 100
# columns: 2
 2 0
 2 5.05050505050505
 0 10.1010101010101
 176 15.15151515151515
 0 20.2020202020202
 0 25.25252525252525
 115 30.3030303030303
 303 35.35353535353535
 402 40.4040404040404
 212 45.45454545454545
 77 50.50505050505051
 46 55.55555555555555
 1 60.6060606060606
 152 65.65656565656565
 133 70.7070707070707
 377 75.75757575757575
 0 80.8080808080808
 0 85.85858585858585
 46 90.90909090909091
 1 95.95959595959596
 1 101.010101010101
 133 106.060606060606
 119 111.1111111111111
 263 116.1616161616162
 135 121.2121212121212
 48 126.2626262626263
 0 131.3131313131313
 0 136.3636363636363
 44 141.4141414141414
 54 146.4646464646464
 298 151.5151515151515
 180 156.5656565656566
 0 161.6161616161616
 0 166.6666666666667
 47 171.7171717171717
 16 176.7676767676768
 0 181.8181818181818
 0 186.8686868686869
 127 191.9191919191919
 145 196.969696969697
 31 202.020202020202
 60 207.070707070707
 120 212.1212121212121
 36 217.1717171717171
 57 222.2222222222222
 126 227.2727272727273
 79 232.3232323232323
 0 237.3737373737374
 17 242.4242424242424
 83 247.4747474747475
 12 252.5252525252525
 68 257.5757575757576
 105 262.6262626262626
 15 267.6767676767677
 150 272.7272727272727
 97 277.7777777777778
 275 282.8282828282828
 127 287.8787878787879
 1 292.9292929292929
 0 297.979797979798
 0 303.030303030303
 111 308.0808080808081
 8 313.1313131313131
 29 318.1818181818182
 13 323.2323232323232
 23 328.2828282828282
 96 333.3333333333333
 27 338.3838383838383
 13 343.4343434343434
 128 348.4848484848484
 68 353.5353535353535
 19 358.5858585858585
 3 363.6363636363636
 27 368.6868686868686
 15 373.7373737373737
 16 378.7878787878788
 0 383.8383838383838
 0 388.8888888888889
 209 393.9393939393939
 35 398.989898989899
 35 404.040404040404
 104 409.0909090909091
 106 414.1414141414141
 371 419.1919191919192
 15 424.2424242424242
 130 429.2929292929293
 131 434.3434343434343
 3 439.3939393939394
 37 444.4444444444444
 48 449.4949494949495
 24 454.5454545454545
 0 459.5959595959596
 1 464.6464646464646
 1 469.6969696969697
 1 474.7474747474747
 0 479.7979797979798
 11 484.8484848484848
 12 489.8989898989898
 39 494.9494949494949
 0 500


