# Created by Octave 3.8.2, Sat Jun 20 02:04:23 2020 CEST <damian@fptrucha.inv.usc.es>
# name: hd
# type: matrix
# rows: 100
# columns: 2
 2 0
 1 5.05050505050505
 4 10.1010101010101
 288 15.15151515151515
 2 20.2020202020202
 0 25.25252525252525
 136 30.3030303030303
 556 35.35353535353535
 675 40.4040404040404
 317 45.45454545454545
 133 50.50505050505051
 87 55.55555555555555
 0 60.6060606060606
 305 65.65656565656565
 204 70.7070707070707
 569 75.75757575757575
 2 80.8080808080808
 0 85.85858585858585
 65 90.90909090909091
 1 95.95959595959596
 5 101.010101010101
 196 106.060606060606
 210 111.1111111111111
 458 116.1616161616162
 227 121.2121212121212
 97 126.2626262626263
 0 131.3131313131313
 0 136.3636363636363
 70 141.4141414141414
 97 146.4646464646464
 467 151.5151515151515
 296 156.5656565656566
 2 161.6161616161616
 1 166.6666666666667
 68 171.7171717171717
 33 176.7676767676768
 0 181.8181818181818
 2 186.8686868686869
 191 191.9191919191919
 281 196.969696969697
 51 202.020202020202
 118 207.070707070707
 212 212.1212121212121
 65 217.1717171717171
 88 222.2222222222222
 217 227.2727272727273
 140 232.3232323232323
 0 237.3737373737374
 20 242.4242424242424
 134 247.4747474747475
 27 252.5252525252525
 124 257.5757575757576
 141 262.6262626262626
 43 267.6767676767677
 250 272.7272727272727
 164 277.7777777777778
 484 282.8282828282828
 195 287.8787878787879
 0 292.9292929292929
 0 297.979797979798
 0 303.030303030303
 192 308.0808080808081
 23 313.1313131313131
 39 318.1818181818182
 28 323.2323232323232
 34 328.2828282828282
 188 333.3333333333333
 72 338.3838383838383
 18 343.4343434343434
 195 348.4848484848484
 102 353.5353535353535
 30 358.5858585858585
 1 363.6363636363636
 60 368.6868686868686
 46 373.7373737373737
 47 378.7878787878788
 2 383.8383838383838
 2 388.8888888888889
 322 393.9393939393939
 70 398.989898989899
 72 404.040404040404
 188 409.0909090909091
 140 414.1414141414141
 606 419.1919191919192
 25 424.2424242424242
 245 429.2929292929293
 204 434.3434343434343
 0 439.3939393939394
 43 444.4444444444444
 76 449.4949494949495
 58 454.5454545454545
 1 459.5959595959596
 0 464.6464646464646
 2 469.6969696969697
 0 474.7474747474747
 1 479.7979797979798
 19 484.8484848484848
 20 489.8989898989898
 86 494.9494949494949
 0 500


