# Created by Octave 3.8.2, Mon Jun 22 20:11:17 2020 CEST <damian@fptrucha.inv.usc.es>
# name: hd
# type: matrix
# rows: 100
# columns: 2
 1 0
 1 5.05050505050505
 0 10.1010101010101
 303 15.15151515151515
 2 20.2020202020202
 1 25.25252525252525
 167 30.3030303030303
 552 35.35353535353535
 581 40.4040404040404
 338 45.45454545454545
 124 50.50505050505051
 62 55.55555555555555
 3 60.6060606060606
 296 65.65656565656565
 224 70.7070707070707
 567 75.75757575757575
 5 80.8080808080808
 1 85.85858585858585
 65 90.90909090909091
 4 95.95959595959596
 2 101.010101010101
 198 106.060606060606
 202 111.1111111111111
 403 116.1616161616162
 215 121.2121212121212
 108 126.2626262626263
 1 131.3131313131313
 2 136.3636363636363
 69 141.4141414141414
 107 146.4646464646464
 495 151.5151515151515
 271 156.5656565656566
 1 161.6161616161616
 0 166.6666666666667
 76 171.7171717171717
 40 176.7676767676768
 1 181.8181818181818
 1 186.8686868686869
 201 191.9191919191919
 283 196.969696969697
 41 202.020202020202
 107 207.070707070707
 201 212.1212121212121
 65 217.1717171717171
 99 222.2222222222222
 251 227.2727272727273
 140 232.3232323232323
 1 237.3737373737374
 32 242.4242424242424
 156 247.4747474747475
 25 252.5252525252525
 120 257.5757575757576
 116 262.6262626262626
 40 267.6767676767677
 278 272.7272727272727
 155 277.7777777777778
 480 282.8282828282828
 221 287.8787878787879
 0 292.9292929292929
 1 297.979797979798
 0 303.030303030303
 233 308.0808080808081
 27 313.1313131313131
 54 318.1818181818182
 30 323.2323232323232
 41 328.2828282828282
 195 333.3333333333333
 68 338.3838383838383
 21 343.4343434343434
 198 348.4848484848484
 110 353.5353535353535
 29 358.5858585858585
 1 363.6363636363636
 57 368.6868686868686
 29 373.7373737373737
 41 378.7878787878788
 0 383.8383838383838
 1 388.8888888888889
 338 393.9393939393939
 54 398.989898989899
 54 404.040404040404
 180 409.0909090909091
 144 414.1414141414141
 574 419.1919191919192
 22 424.2424242424242
 244 429.2929292929293
 190 434.3434343434343
 8 439.3939393939394
 59 444.4444444444444
 79 449.4949494949495
 64 454.5454545454545
 2 459.5959595959596
 0 464.6464646464646
 0 469.6969696969697
 0 474.7474747474747
 0 479.7979797979798
 14 484.8484848484848
 25 489.8989898989898
 72 494.9494949494949
 0 500


