# Created by Octave 3.8.2, Sat Jun 20 05:52:20 2020 CEST <damian@fptrucha.inv.usc.es>
# name: hd
# type: matrix
# rows: 100
# columns: 2
 0 0
 7 5.05050505050505
 0 10.1010101010101
 326 15.15151515151515
 1 20.2020202020202
 2 25.25252525252525
 158 30.3030303030303
 588 35.35353535353535
 692 40.4040404040404
 347 45.45454545454545
 160 50.50505050505051
 71 55.55555555555555
 2 60.6060606060606
 327 65.65656565656565
 222 70.7070707070707
 639 75.75757575757575
 1 80.8080808080808
 0 85.85858585858585
 81 90.90909090909091
 1 95.95959595959596
 1 101.010101010101
 211 106.060606060606
 200 111.1111111111111
 437 116.1616161616162
 202 121.2121212121212
 82 126.2626262626263
 1 131.3131313131313
 3 136.3636363636363
 64 141.4141414141414
 106 146.4646464646464
 522 151.5151515151515
 313 156.5656565656566
 0 161.6161616161616
 1 166.6666666666667
 86 171.7171717171717
 39 176.7676767676768
 1 181.8181818181818
 1 186.8686868686869
 217 191.9191919191919
 309 196.969696969697
 57 202.020202020202
 101 207.070707070707
 198 212.1212121212121
 81 217.1717171717171
 123 222.2222222222222
 271 227.2727272727273
 157 232.3232323232323
 1 237.3737373737374
 26 242.4242424242424
 145 247.4747474747475
 28 252.5252525252525
 144 257.5757575757576
 161 262.6262626262626
 39 267.6767676767677
 296 272.7272727272727
 181 277.7777777777778
 509 282.8282828282828
 230 287.8787878787879
 0 292.9292929292929
 0 297.979797979798
 0 303.030303030303
 240 308.0808080808081
 20 313.1313131313131
 49 318.1818181818182
 40 323.2323232323232
 46 328.2828282828282
 184 333.3333333333333
 75 338.3838383838383
 13 343.4343434343434
 219 348.4848484848484
 94 353.5353535353535
 19 358.5858585858585
 2 363.6363636363636
 47 368.6868686868686
 42 373.7373737373737
 32 378.7878787878788
 1 383.8383838383838
 1 388.8888888888889
 300 393.9393939393939
 70 398.989898989899
 75 404.040404040404
 193 409.0909090909091
 176 414.1414141414141
 644 419.1919191919192
 26 424.2424242424242
 225 429.2929292929293
 206 434.3434343434343
 1 439.3939393939394
 73 444.4444444444444
 92 449.4949494949495
 55 454.5454545454545
 0 459.5959595959596
 1 464.6464646464646
 0 469.6969696969697
 2 474.7474747474747
 0 479.7979797979798
 21 484.8484848484848
 25 489.8989898989898
 80 494.9494949494949
 0 500


