# Created by Octave 3.8.2, Mon Jun 22 10:59:40 2020 CEST <damian@fptrucha.inv.usc.es>
# name: hd
# type: matrix
# rows: 100
# columns: 2
 2 0
 2 5.05050505050505
 2 10.1010101010101
 279 15.15151515151515
 3 20.2020202020202
 1 25.25252525252525
 146 30.3030303030303
 523 35.35353535353535
 570 40.4040404040404
 295 45.45454545454545
 129 50.50505050505051
 64 55.55555555555555
 1 60.6060606060606
 274 65.65656565656565
 188 70.7070707070707
 543 75.75757575757575
 2 80.8080808080808
 1 85.85858585858585
 65 90.90909090909091
 4 95.95959595959596
 9 101.010101010101
 191 106.060606060606
 169 111.1111111111111
 410 116.1616161616162
 188 121.2121212121212
 76 126.2626262626263
 1 131.3131313131313
 1 136.3636363636363
 75 141.4141414141414
 110 146.4646464646464
 438 151.5151515151515
 240 156.5656565656566
 3 161.6161616161616
 3 166.6666666666667
 70 171.7171717171717
 43 176.7676767676768
 1 181.8181818181818
 2 186.8686868686869
 200 191.9191919191919
 265 196.969696969697
 43 202.020202020202
 99 207.070707070707
 190 212.1212121212121
 37 217.1717171717171
 93 222.2222222222222
 232 227.2727272727273
 145 232.3232323232323
 2 237.3737373737374
 26 242.4242424242424
 130 247.4747474747475
 27 252.5252525252525
 112 257.5757575757576
 106 262.6262626262626
 41 267.6767676767677
 287 272.7272727272727
 126 277.7777777777778
 420 282.8282828282828
 192 287.8787878787879
 2 292.9292929292929
 1 297.979797979798
 0 303.030303030303
 183 308.0808080808081
 18 313.1313131313131
 29 318.1818181818182
 36 323.2323232323232
 37 328.2828282828282
 185 333.3333333333333
 62 338.3838383838383
 22 343.4343434343434
 152 348.4848484848484
 105 353.5353535353535
 26 358.5858585858585
 3 363.6363636363636
 52 368.6868686868686
 29 373.7373737373737
 46 378.7878787878788
 0 383.8383838383838
 0 388.8888888888889
 322 393.9393939393939
 64 398.989898989899
 72 404.040404040404
 193 409.0909090909091
 148 414.1414141414141
 547 419.1919191919192
 19 424.2424242424242
 226 429.2929292929293
 156 434.3434343434343
 2 439.3939393939394
 58 444.4444444444444
 67 449.4949494949495
 48 454.5454545454545
 3 459.5959595959596
 3 464.6464646464646
 1 469.6969696969697
 2 474.7474747474747
 3 479.7979797979798
 23 484.8484848484848
 31 489.8989898989898
 55 494.9494949494949
 0 500


