# Created by Octave 3.8.2, Mon Jun 22 11:15:12 2020 CEST <damian@fptrucha.inv.usc.es>
# name: hd
# type: matrix
# rows: 100
# columns: 2
 2 0
 5 5.05050505050505
 1 10.1010101010101
 267 15.15151515151515
 2 20.2020202020202
 2 25.25252525252525
 165 30.3030303030303
 532 35.35353535353535
 566 40.4040404040404
 314 45.45454545454545
 133 50.50505050505051
 72 55.55555555555555
 2 60.6060606060606
 263 65.65656565656565
 188 70.7070707070707
 559 75.75757575757575
 5 80.8080808080808
 5 85.85858585858585
 68 90.90909090909091
 3 95.95959595959596
 7 101.010101010101
 194 106.060606060606
 171 111.1111111111111
 373 116.1616161616162
 211 121.2121212121212
 75 126.2626262626263
 2 131.3131313131313
 4 136.3636363636363
 60 141.4141414141414
 106 146.4646464646464
 444 151.5151515151515
 218 156.5656565656566
 1 161.6161616161616
 0 166.6666666666667
 68 171.7171717171717
 26 176.7676767676768
 1 181.8181818181818
 2 186.8686868686869
 180 191.9191919191919
 268 196.969696969697
 52 202.020202020202
 84 207.070707070707
 170 212.1212121212121
 53 217.1717171717171
 102 222.2222222222222
 205 227.2727272727273
 128 232.3232323232323
 0 237.3737373737374
 36 242.4242424242424
 137 247.4747474747475
 18 252.5252525252525
 116 257.5757575757576
 118 262.6262626262626
 39 267.6767676767677
 253 272.7272727272727
 167 277.7777777777778
 437 282.8282828282828
 216 287.8787878787879
 5 292.9292929292929
 3 297.979797979798
 0 303.030303030303
 227 308.0808080808081
 25 313.1313131313131
 32 318.1818181818182
 24 323.2323232323232
 36 328.2828282828282
 160 333.3333333333333
 78 338.3838383838383
 22 343.4343434343434
 177 348.4848484848484
 89 353.5353535353535
 34 358.5858585858585
 3 363.6363636363636
 44 368.6868686868686
 37 373.7373737373737
 44 378.7878787878788
 0 383.8383838383838
 0 388.8888888888889
 306 393.9393939393939
 50 398.989898989899
 59 404.040404040404
 150 409.0909090909091
 153 414.1414141414141
 530 419.1919191919192
 22 424.2424242424242
 248 429.2929292929293
 168 434.3434343434343
 5 439.3939393939394
 58 444.4444444444444
 97 449.4949494949495
 47 454.5454545454545
 2 459.5959595959596
 2 464.6464646464646
 2 469.6969696969697
 1 474.7474747474747
 2 479.7979797979798
 17 484.8484848484848
 21 489.8989898989898
 68 494.9494949494949
 0 500


