# Created by Octave 3.8.2, Mon Jun 22 06:01:18 2020 CEST <damian@fptrucha.inv.usc.es>
# name: hd
# type: matrix
# rows: 100
# columns: 2
 3 0
 1 5.05050505050505
 2 10.1010101010101
 272 15.15151515151515
 3 20.2020202020202
 1 25.25252525252525
 173 30.3030303030303
 483 35.35353535353535
 574 40.4040404040404
 298 45.45454545454545
 156 50.50505050505051
 70 55.55555555555555
 1 60.6060606060606
 248 65.65656565656565
 227 70.7070707070707
 501 75.75757575757575
 2 80.8080808080808
 1 85.85858585858585
 52 90.90909090909091
 5 95.95959595959596
 3 101.010101010101
 178 106.060606060606
 162 111.1111111111111
 348 116.1616161616162
 196 121.2121212121212
 74 126.2626262626263
 3 131.3131313131313
 6 136.3636363636363
 68 141.4141414141414
 80 146.4646464646464
 370 151.5151515151515
 243 156.5656565656566
 3 161.6161616161616
 0 166.6666666666667
 80 171.7171717171717
 24 176.7676767676768
 0 181.8181818181818
 1 186.8686868686869
 188 191.9191919191919
 242 196.969696969697
 41 202.020202020202
 96 207.070707070707
 174 212.1212121212121
 55 217.1717171717171
 94 222.2222222222222
 226 227.2727272727273
 113 232.3232323232323
 1 237.3737373737374
 32 242.4242424242424
 126 247.4747474747475
 22 252.5252525252525
 113 257.5757575757576
 119 262.6262626262626
 34 267.6767676767677
 243 272.7272727272727
 142 277.7777777777778
 427 282.8282828282828
 196 287.8787878787879
 2 292.9292929292929
 1 297.979797979798
 1 303.030303030303
 195 308.0808080808081
 30 313.1313131313131
 36 318.1818181818182
 33 323.2323232323232
 44 328.2828282828282
 172 333.3333333333333
 61 338.3838383838383
 21 343.4343434343434
 213 348.4848484848484
 105 353.5353535353535
 17 358.5858585858585
 0 363.6363636363636
 41 368.6868686868686
 42 373.7373737373737
 30 378.7878787878788
 1 383.8383838383838
 4 388.8888888888889
 296 393.9393939393939
 54 398.989898989899
 55 404.040404040404
 156 409.0909090909091
 131 414.1414141414141
 499 419.1919191919192
 16 424.2424242424242
 225 429.2929292929293
 171 434.3434343434343
 5 439.3939393939394
 49 444.4444444444444
 72 449.4949494949495
 41 454.5454545454545
 1 459.5959595959596
 1 464.6464646464646
 2 469.6969696969697
 0 474.7474747474747
 1 479.7979797979798
 17 484.8484848484848
 20 489.8989898989898
 64 494.9494949494949
 0 500


