# Created by Octave 3.8.2, Sun Jun 21 03:30:08 2020 CEST <damian@fptrucha.inv.usc.es>
# name: hd
# type: matrix
# rows: 100
# columns: 2
 1 0
 2 5.05050505050505
 1 10.1010101010101
 260 15.15151515151515
 0 20.2020202020202
 0 25.25252525252525
 154 30.3030303030303
 449 35.35353535353535
 578 40.4040404040404
 294 45.45454545454545
 111 50.50505050505051
 72 55.55555555555555
 3 60.6060606060606
 261 65.65656565656565
 179 70.7070707070707
 578 75.75757575757575
 2 80.8080808080808
 1 85.85858585858585
 43 90.90909090909091
 3 95.95959595959596
 4 101.010101010101
 190 106.060606060606
 166 111.1111111111111
 337 116.1616161616162
 179 121.2121212121212
 96 126.2626262626263
 0 131.3131313131313
 0 136.3636363636363
 65 141.4141414141414
 95 146.4646464646464
 438 151.5151515151515
 251 156.5656565656566
 3 161.6161616161616
 0 166.6666666666667
 69 171.7171717171717
 52 176.7676767676768
 0 181.8181818181818
 2 186.8686868686869
 160 191.9191919191919
 265 196.969696969697
 50 202.020202020202
 89 207.070707070707
 188 212.1212121212121
 79 217.1717171717171
 99 222.2222222222222
 230 227.2727272727273
 157 232.3232323232323
 0 237.3737373737374
 20 242.4242424242424
 117 247.4747474747475
 15 252.5252525252525
 108 257.5757575757576
 120 262.6262626262626
 38 267.6767676767677
 237 272.7272727272727
 160 277.7777777777778
 455 282.8282828282828
 193 287.8787878787879
 0 292.9292929292929
 1 297.979797979798
 0 303.030303030303
 185 308.0808080808081
 19 313.1313131313131
 41 318.1818181818182
 40 323.2323232323232
 50 328.2828282828282
 168 333.3333333333333
 72 338.3838383838383
 13 343.4343434343434
 208 348.4848484848484
 96 353.5353535353535
 32 358.5858585858585
 2 363.6363636363636
 47 368.6868686868686
 40 373.7373737373737
 25 378.7878787878788
 0 383.8383838383838
 2 388.8888888888889
 315 393.9393939393939
 53 398.989898989899
 80 404.040404040404
 174 409.0909090909091
 150 414.1414141414141
 524 419.1919191919192
 15 424.2424242424242
 206 429.2929292929293
 150 434.3434343434343
 4 439.3939393939394
 50 444.4444444444444
 67 449.4949494949495
 49 454.5454545454545
 1 459.5959595959596
 0 464.6464646464646
 1 469.6969696969697
 1 474.7474747474747
 1 479.7979797979798
 29 484.8484848484848
 18 489.8989898989898
 71 494.9494949494949
 0 500


