# Created by Octave 3.8.2, Sun Jun 21 07:19:09 2020 CEST <damian@fptrucha.inv.usc.es>
# name: hd
# type: matrix
# rows: 100
# columns: 2
 0 0
 4 5.05050505050505
 1 10.1010101010101
 263 15.15151515151515
 1 20.2020202020202
 2 25.25252525252525
 165 30.3030303030303
 488 35.35353535353535
 629 40.4040404040404
 305 45.45454545454545
 121 50.50505050505051
 67 55.55555555555555
 2 60.6060606060606
 258 65.65656565656565
 195 70.7070707070707
 548 75.75757575757575
 1 80.8080808080808
 1 85.85858585858585
 50 90.90909090909091
 4 95.95959595959596
 2 101.010101010101
 205 106.060606060606
 167 111.1111111111111
 377 116.1616161616162
 203 121.2121212121212
 90 126.2626262626263
 0 131.3131313131313
 1 136.3636363636363
 63 141.4141414141414
 70 146.4646464646464
 470 151.5151515151515
 288 156.5656565656566
 1 161.6161616161616
 0 166.6666666666667
 70 171.7171717171717
 36 176.7676767676768
 2 181.8181818181818
 1 186.8686868686869
 184 191.9191919191919
 270 196.969696969697
 55 202.020202020202
 87 207.070707070707
 175 212.1212121212121
 63 217.1717171717171
 97 222.2222222222222
 203 227.2727272727273
 137 232.3232323232323
 1 237.3737373737374
 31 242.4242424242424
 130 247.4747474747475
 17 252.5252525252525
 112 257.5757575757576
 143 262.6262626262626
 44 267.6767676767677
 256 272.7272727272727
 125 277.7777777777778
 445 282.8282828282828
 199 287.8787878787879
 0 292.9292929292929
 1 297.979797979798
 1 303.030303030303
 190 308.0808080808081
 38 313.1313131313131
 38 318.1818181818182
 36 323.2323232323232
 34 328.2828282828282
 184 333.3333333333333
 80 338.3838383838383
 18 343.4343434343434
 153 348.4848484848484
 99 353.5353535353535
 30 358.5858585858585
 2 363.6363636363636
 55 368.6868686868686
 53 373.7373737373737
 29 378.7878787878788
 0 383.8383838383838
 2 388.8888888888889
 362 393.9393939393939
 62 398.989898989899
 60 404.040404040404
 161 409.0909090909091
 137 414.1414141414141
 586 419.1919191919192
 11 424.2424242424242
 221 429.2929292929293
 197 434.3434343434343
 0 439.3939393939394
 43 444.4444444444444
 75 449.4949494949495
 53 454.5454545454545
 0 459.5959595959596
 0 464.6464646464646
 0 469.6969696969697
 1 474.7474747474747
 1 479.7979797979798
 13 484.8484848484848
 22 489.8989898989898
 74 494.9494949494949
 0 500


