# Created by Octave 3.8.2, Sat Jun 20 03:34:48 2020 CEST <damian@fptrucha.inv.usc.es>
# name: hd
# type: matrix
# rows: 100
# columns: 2
 2 0
 2 5.05050505050505
 0 10.1010101010101
 282 15.15151515151515
 3 20.2020202020202
 1 25.25252525252525
 164 30.3030303030303
 582 35.35353535353535
 651 40.4040404040404
 351 45.45454545454545
 125 50.50505050505051
 68 55.55555555555555
 1 60.6060606060606
 317 65.65656565656565
 196 70.7070707070707
 622 75.75757575757575
 2 80.8080808080808
 1 85.85858585858585
 51 90.90909090909091
 1 95.95959595959596
 2 101.010101010101
 189 106.060606060606
 178 111.1111111111111
 463 116.1616161616162
 208 121.2121212121212
 92 126.2626262626263
 2 131.3131313131313
 2 136.3636363636363
 66 141.4141414141414
 98 146.4646464646464
 483 151.5151515151515
 305 156.5656565656566
 4 161.6161616161616
 1 166.6666666666667
 80 171.7171717171717
 36 176.7676767676768
 1 181.8181818181818
 1 186.8686868686869
 194 191.9191919191919
 271 196.969696969697
 41 202.020202020202
 113 207.070707070707
 193 212.1212121212121
 65 217.1717171717171
 111 222.2222222222222
 221 227.2727272727273
 139 232.3232323232323
 4 237.3737373737374
 21 242.4242424242424
 130 247.4747474747475
 20 252.5252525252525
 111 257.5757575757576
 123 262.6262626262626
 38 267.6767676767677
 257 272.7272727272727
 134 277.7777777777778
 517 282.8282828282828
 194 287.8787878787879
 0 292.9292929292929
 0 297.979797979798
 0 303.030303030303
 234 308.0808080808081
 35 313.1313131313131
 43 318.1818181818182
 30 323.2323232323232
 43 328.2828282828282
 194 333.3333333333333
 71 338.3838383838383
 19 343.4343434343434
 196 348.4848484848484
 113 353.5353535353535
 33 358.5858585858585
 2 363.6363636363636
 44 368.6868686868686
 38 373.7373737373737
 39 378.7878787878788
 0 383.8383838383838
 0 388.8888888888889
 342 393.9393939393939
 68 398.989898989899
 66 404.040404040404
 193 409.0909090909091
 145 414.1414141414141
 657 419.1919191919192
 19 424.2424242424242
 267 429.2929292929293
 198 434.3434343434343
 7 439.3939393939394
 61 444.4444444444444
 74 449.4949494949495
 61 454.5454545454545
 0 459.5959595959596
 0 464.6464646464646
 2 469.6969696969697
 0 474.7474747474747
 1 479.7979797979798
 34 484.8484848484848
 19 489.8989898989898
 95 494.9494949494949
 0 500


