# Created by Octave 3.8.2, Sun Jun 21 03:18:27 2020 CEST <damian@fptrucha.inv.usc.es>
# name: hd
# type: matrix
# rows: 100
# columns: 2
 0 0
 1 5.05050505050505
 0 10.1010101010101
 283 15.15151515151515
 1 20.2020202020202
 2 25.25252525252525
 127 30.3030303030303
 495 35.35353535353535
 536 40.4040404040404
 320 45.45454545454545
 114 50.50505050505051
 68 55.55555555555555
 0 60.6060606060606
 256 65.65656565656565
 219 70.7070707070707
 539 75.75757575757575
 0 80.8080808080808
 2 85.85858585858585
 38 90.90909090909091
 6 95.95959595959596
 2 101.010101010101
 176 106.060606060606
 201 111.1111111111111
 391 116.1616161616162
 169 121.2121212121212
 76 126.2626262626263
 0 131.3131313131313
 2 136.3636363636363
 52 141.4141414141414
 75 146.4646464646464
 457 151.5151515151515
 285 156.5656565656566
 2 161.6161616161616
 0 166.6666666666667
 58 171.7171717171717
 23 176.7676767676768
 1 181.8181818181818
 0 186.8686868686869
 200 191.9191919191919
 242 196.969696969697
 43 202.020202020202
 94 207.070707070707
 199 212.1212121212121
 54 217.1717171717171
 74 222.2222222222222
 221 227.2727272727273
 122 232.3232323232323
 1 237.3737373737374
 24 242.4242424242424
 124 247.4747474747475
 19 252.5252525252525
 95 257.5757575757576
 134 262.6262626262626
 43 267.6767676767677
 256 272.7272727272727
 143 277.7777777777778
 433 282.8282828282828
 191 287.8787878787879
 1 292.9292929292929
 1 297.979797979798
 1 303.030303030303
 199 308.0808080808081
 19 313.1313131313131
 33 318.1818181818182
 27 323.2323232323232
 37 328.2828282828282
 160 333.3333333333333
 60 338.3838383838383
 11 343.4343434343434
 200 348.4848484848484
 81 353.5353535353535
 28 358.5858585858585
 2 363.6363636363636
 47 368.6868686868686
 39 373.7373737373737
 39 378.7878787878788
 0 383.8383838383838
 0 388.8888888888889
 316 393.9393939393939
 60 398.989898989899
 53 404.040404040404
 168 409.0909090909091
 134 414.1414141414141
 537 419.1919191919192
 20 424.2424242424242
 197 429.2929292929293
 166 434.3434343434343
 7 439.3939393939394
 30 444.4444444444444
 74 449.4949494949495
 64 454.5454545454545
 0 459.5959595959596
 0 464.6464646464646
 1 469.6969696969697
 1 474.7474747474747
 0 479.7979797979798
 23 484.8484848484848
 11 489.8989898989898
 61 494.9494949494949
 0 500


