# Created by Octave 3.8.2, Mon Jun 22 13:19:40 2020 CEST <damian@fptrucha.inv.usc.es>
# name: hd
# type: matrix
# rows: 100
# columns: 2
 3 0
 2 5.05050505050505
 2 10.1010101010101
 305 15.15151515151515
 3 20.2020202020202
 1 25.25252525252525
 158 30.3030303030303
 515 35.35353535353535
 578 40.4040404040404
 316 45.45454545454545
 120 50.50505050505051
 62 55.55555555555555
 2 60.6060606060606
 282 65.65656565656565
 194 70.7070707070707
 572 75.75757575757575
 3 80.8080808080808
 0 85.85858585858585
 71 90.90909090909091
 3 95.95959595959596
 6 101.010101010101
 180 106.060606060606
 188 111.1111111111111
 435 116.1616161616162
 172 121.2121212121212
 66 126.2626262626263
 2 131.3131313131313
 1 136.3636363636363
 66 141.4141414141414
 97 146.4646464646464
 479 151.5151515151515
 250 156.5656565656566
 3 161.6161616161616
 2 166.6666666666667
 82 171.7171717171717
 40 176.7676767676768
 1 181.8181818181818
 1 186.8686868686869
 182 191.9191919191919
 232 196.969696969697
 44 202.020202020202
 108 207.070707070707
 182 212.1212121212121
 59 217.1717171717171
 95 222.2222222222222
 245 227.2727272727273
 133 232.3232323232323
 0 237.3737373737374
 29 242.4242424242424
 143 247.4747474747475
 24 252.5252525252525
 134 257.5757575757576
 150 262.6262626262626
 34 267.6767676767677
 245 272.7272727272727
 154 277.7777777777778
 487 282.8282828282828
 204 287.8787878787879
 3 292.9292929292929
 1 297.979797979798
 0 303.030303030303
 212 308.0808080808081
 28 313.1313131313131
 31 318.1818181818182
 31 323.2323232323232
 44 328.2828282828282
 187 333.3333333333333
 75 338.3838383838383
 22 343.4343434343434
 203 348.4848484848484
 104 353.5353535353535
 36 358.5858585858585
 0 363.6363636363636
 46 368.6868686868686
 41 373.7373737373737
 34 378.7878787878788
 2 383.8383838383838
 0 388.8888888888889
 309 393.9393939393939
 50 398.989898989899
 73 404.040404040404
 176 409.0909090909091
 148 414.1414141414141
 527 419.1919191919192
 17 424.2424242424242
 203 429.2929292929293
 171 434.3434343434343
 3 439.3939393939394
 53 444.4444444444444
 60 449.4949494949495
 60 454.5454545454545
 0 459.5959595959596
 3 464.6464646464646
 5 469.6969696969697
 3 474.7474747474747
 3 479.7979797979798
 18 484.8484848484848
 19 489.8989898989898
 66 494.9494949494949
 0 500


