# Created by Octave 3.8.2, Mon Jun 22 11:58:26 2020 CEST <damian@fptrucha.inv.usc.es>
# name: hd
# type: matrix
# rows: 100
# columns: 2
 4 0
 6 5.05050505050505
 2 10.1010101010101
 299 15.15151515151515
 3 20.2020202020202
 1 25.25252525252525
 160 30.3030303030303
 493 35.35353535353535
 572 40.4040404040404
 368 45.45454545454545
 132 50.50505050505051
 68 55.55555555555555
 2 60.6060606060606
 282 65.65656565656565
 193 70.7070707070707
 567 75.75757575757575
 1 80.8080808080808
 1 85.85858585858585
 55 90.90909090909091
 10 95.95959595959596
 7 101.010101010101
 174 106.060606060606
 155 111.1111111111111
 385 116.1616161616162
 187 121.2121212121212
 89 126.2626262626263
 1 131.3131313131313
 0 136.3636363636363
 64 141.4141414141414
 77 146.4646464646464
 434 151.5151515151515
 221 156.5656565656566
 2 161.6161616161616
 0 166.6666666666667
 74 171.7171717171717
 28 176.7676767676768
 1 181.8181818181818
 1 186.8686868686869
 156 191.9191919191919
 245 196.969696969697
 52 202.020202020202
 97 207.070707070707
 183 212.1212121212121
 78 217.1717171717171
 97 222.2222222222222
 219 227.2727272727273
 132 232.3232323232323
 1 237.3737373737374
 19 242.4242424242424
 133 247.4747474747475
 27 252.5252525252525
 122 257.5757575757576
 123 262.6262626262626
 37 267.6767676767677
 257 272.7272727272727
 136 277.7777777777778
 457 282.8282828282828
 188 287.8787878787879
 1 292.9292929292929
 4 297.979797979798
 0 303.030303030303
 212 308.0808080808081
 22 313.1313131313131
 38 318.1818181818182
 36 323.2323232323232
 38 328.2828282828282
 158 333.3333333333333
 53 338.3838383838383
 20 343.4343434343434
 188 348.4848484848484
 96 353.5353535353535
 32 358.5858585858585
 2 363.6363636363636
 40 368.6868686868686
 43 373.7373737373737
 30 378.7878787878788
 2 383.8383838383838
 1 388.8888888888889
 298 393.9393939393939
 56 398.989898989899
 63 404.040404040404
 186 409.0909090909091
 146 414.1414141414141
 514 419.1919191919192
 23 424.2424242424242
 253 429.2929292929293
 163 434.3434343434343
 0 439.3939393939394
 50 444.4444444444444
 61 449.4949494949495
 56 454.5454545454545
 1 459.5959595959596
 0 464.6464646464646
 2 469.6969696969697
 0 474.7474747474747
 1 479.7979797979798
 22 484.8484848484848
 25 489.8989898989898
 78 494.9494949494949
 0 500


