# Created by Octave 3.8.2, Mon Jun 22 01:01:59 2020 CEST <damian@fptrucha.inv.usc.es>
# name: hd
# type: matrix
# rows: 100
# columns: 2
 2 0
 3 5.05050505050505
 0 10.1010101010101
 292 15.15151515151515
 4 20.2020202020202
 0 25.25252525252525
 147 30.3030303030303
 523 35.35353535353535
 627 40.4040404040404
 303 45.45454545454545
 121 50.50505050505051
 72 55.55555555555555
 0 60.6060606060606
 263 65.65656565656565
 225 70.7070707070707
 652 75.75757575757575
 2 80.8080808080808
 0 85.85858585858585
 60 90.90909090909091
 4 95.95959595959596
 2 101.010101010101
 191 106.060606060606
 179 111.1111111111111
 396 116.1616161616162
 231 121.2121212121212
 109 126.2626262626263
 0 131.3131313131313
 0 136.3636363636363
 63 141.4141414141414
 96 146.4646464646464
 417 151.5151515151515
 270 156.5656565656566
 1 161.6161616161616
 1 166.6666666666667
 71 171.7171717171717
 38 176.7676767676768
 1 181.8181818181818
 0 186.8686868686869
 189 191.9191919191919
 252 196.969696969697
 47 202.020202020202
 95 207.070707070707
 199 212.1212121212121
 59 217.1717171717171
 124 222.2222222222222
 226 227.2727272727273
 147 232.3232323232323
 1 237.3737373737374
 23 242.4242424242424
 116 247.4747474747475
 25 252.5252525252525
 119 257.5757575757576
 154 262.6262626262626
 45 267.6767676767677
 279 272.7272727272727
 147 277.7777777777778
 470 282.8282828282828
 196 287.8787878787879
 0 292.9292929292929
 0 297.979797979798
 0 303.030303030303
 238 308.0808080808081
 20 313.1313131313131
 27 318.1818181818182
 36 323.2323232323232
 35 328.2828282828282
 161 333.3333333333333
 68 338.3838383838383
 17 343.4343434343434
 206 348.4848484848484
 83 353.5353535353535
 28 358.5858585858585
 2 363.6363636363636
 58 368.6868686868686
 28 373.7373737373737
 35 378.7878787878788
 1 383.8383838383838
 1 388.8888888888889
 313 393.9393939393939
 49 398.989898989899
 60 404.040404040404
 168 409.0909090909091
 140 414.1414141414141
 591 419.1919191919192
 18 424.2424242424242
 237 429.2929292929293
 184 434.3434343434343
 2 439.3939393939394
 61 444.4444444444444
 72 449.4949494949495
 57 454.5454545454545
 0 459.5959595959596
 1 464.6464646464646
 2 469.6969696969697
 0 474.7474747474747
 0 479.7979797979798
 20 484.8484848484848
 21 489.8989898989898
 87 494.9494949494949
 0 500


