# Created by Octave 3.8.2, Mon Jun 22 22:56:44 2020 CEST <damian@fptrucha.inv.usc.es>
# name: hd
# type: matrix
# rows: 100
# columns: 2
 2 0
 6 5.05050505050505
 2 10.1010101010101
 279 15.15151515151515
 1 20.2020202020202
 1 25.25252525252525
 169 30.3030303030303
 562 35.35353535353535
 650 40.4040404040404
 294 45.45454545454545
 158 50.50505050505051
 71 55.55555555555555
 0 60.6060606060606
 293 65.65656565656565
 218 70.7070707070707
 618 75.75757575757575
 2 80.8080808080808
 0 85.85858585858585
 51 90.90909090909091
 5 95.95959595959596
 2 101.010101010101
 194 106.060606060606
 185 111.1111111111111
 400 116.1616161616162
 209 121.2121212121212
 101 126.2626262626263
 2 131.3131313131313
 3 136.3636363636363
 71 141.4141414141414
 96 146.4646464646464
 486 151.5151515151515
 253 156.5656565656566
 2 161.6161616161616
 1 166.6666666666667
 73 171.7171717171717
 24 176.7676767676768
 1 181.8181818181818
 0 186.8686868686869
 211 191.9191919191919
 282 196.969696969697
 53 202.020202020202
 110 207.070707070707
 186 212.1212121212121
 73 217.1717171717171
 113 222.2222222222222
 256 227.2727272727273
 154 232.3232323232323
 1 237.3737373737374
 26 242.4242424242424
 147 247.4747474747475
 32 252.5252525252525
 125 257.5757575757576
 146 262.6262626262626
 51 267.6767676767677
 287 272.7272727272727
 146 277.7777777777778
 510 282.8282828282828
 212 287.8787878787879
 1 292.9292929292929
 3 297.979797979798
 0 303.030303030303
 231 308.0808080808081
 22 313.1313131313131
 42 318.1818181818182
 35 323.2323232323232
 46 328.2828282828282
 200 333.3333333333333
 78 338.3838383838383
 28 343.4343434343434
 203 348.4848484848484
 111 353.5353535353535
 31 358.5858585858585
 2 363.6363636363636
 46 368.6868686868686
 46 373.7373737373737
 31 378.7878787878788
 0 383.8383838383838
 1 388.8888888888889
 314 393.9393939393939
 72 398.989898989899
 65 404.040404040404
 175 409.0909090909091
 154 414.1414141414141
 591 419.1919191919192
 27 424.2424242424242
 255 429.2929292929293
 183 434.3434343434343
 4 439.3939393939394
 55 444.4444444444444
 87 449.4949494949495
 53 454.5454545454545
 1 459.5959595959596
 0 464.6464646464646
 0 469.6969696969697
 3 474.7474747474747
 2 479.7979797979798
 16 484.8484848484848
 24 489.8989898989898
 95 494.9494949494949
 0 500


