# Created by Octave 3.8.2, Sat Jun 20 11:41:41 2020 CEST <damian@fptrucha.inv.usc.es>
# name: hd
# type: matrix
# rows: 100
# columns: 2
 5 0
 3 5.05050505050505
 0 10.1010101010101
 283 15.15151515151515
 2 20.2020202020202
 0 25.25252525252525
 154 30.3030303030303
 581 35.35353535353535
 682 40.4040404040404
 353 45.45454545454545
 127 50.50505050505051
 71 55.55555555555555
 3 60.6060606060606
 304 65.65656565656565
 241 70.7070707070707
 635 75.75757575757575
 0 80.8080808080808
 0 85.85858585858585
 56 90.90909090909091
 2 95.95959595959596
 1 101.010101010101
 209 106.060606060606
 198 111.1111111111111
 445 116.1616161616162
 192 121.2121212121212
 110 126.2626262626263
 2 131.3131313131313
 0 136.3636363636363
 84 141.4141414141414
 98 146.4646464646464
 480 151.5151515151515
 288 156.5656565656566
 1 161.6161616161616
 1 166.6666666666667
 64 171.7171717171717
 38 176.7676767676768
 2 181.8181818181818
 0 186.8686868686869
 201 191.9191919191919
 272 196.969696969697
 52 202.020202020202
 88 207.070707070707
 215 212.1212121212121
 73 217.1717171717171
 101 222.2222222222222
 230 227.2727272727273
 151 232.3232323232323
 2 237.3737373737374
 28 242.4242424242424
 141 247.4747474747475
 19 252.5252525252525
 122 257.5757575757576
 138 262.6262626262626
 36 267.6767676767677
 260 272.7272727272727
 159 277.7777777777778
 469 282.8282828282828
 236 287.8787878787879
 0 292.9292929292929
 0 297.979797979798
 2 303.030303030303
 208 308.0808080808081
 19 313.1313131313131
 42 318.1818181818182
 39 323.2323232323232
 43 328.2828282828282
 201 333.3333333333333
 83 338.3838383838383
 13 343.4343434343434
 214 348.4848484848484
 112 353.5353535353535
 25 358.5858585858585
 1 363.6363636363636
 49 368.6868686868686
 42 373.7373737373737
 43 378.7878787878788
 2 383.8383838383838
 0 388.8888888888889
 321 393.9393939393939
 60 398.989898989899
 84 404.040404040404
 183 409.0909090909091
 169 414.1414141414141
 609 419.1919191919192
 21 424.2424242424242
 278 429.2929292929293
 205 434.3434343434343
 2 439.3939393939394
 58 444.4444444444444
 76 449.4949494949495
 60 454.5454545454545
 0 459.5959595959596
 1 464.6464646464646
 0 469.6969696969697
 0 474.7474747474747
 1 479.7979797979798
 24 484.8484848484848
 21 489.8989898989898
 71 494.9494949494949
 0 500


