# Created by Octave 3.8.2, Mon Jun 22 22:06:12 2020 CEST <damian@fptrucha.inv.usc.es>
# name: hd
# type: matrix
# rows: 100
# columns: 2
 3 0
 3 5.05050505050505
 3 10.1010101010101
 278 15.15151515151515
 4 20.2020202020202
 4 25.25252525252525
 173 30.3030303030303
 538 35.35353535353535
 637 40.4040404040404
 341 45.45454545454545
 150 50.50505050505051
 63 55.55555555555555
 1 60.6060606060606
 279 65.65656565656565
 214 70.7070707070707
 622 75.75757575757575
 1 80.8080808080808
 2 85.85858585858585
 63 90.90909090909091
 5 95.95959595959596
 4 101.010101010101
 199 106.060606060606
 169 111.1111111111111
 387 116.1616161616162
 176 121.2121212121212
 104 126.2626262626263
 0 131.3131313131313
 4 136.3636363636363
 73 141.4141414141414
 98 146.4646464646464
 440 151.5151515151515
 279 156.5656565656566
 1 161.6161616161616
 0 166.6666666666667
 83 171.7171717171717
 34 176.7676767676768
 0 181.8181818181818
 2 186.8686868686869
 224 191.9191919191919
 291 196.969696969697
 59 202.020202020202
 110 207.070707070707
 215 212.1212121212121
 54 217.1717171717171
 111 222.2222222222222
 242 227.2727272727273
 165 232.3232323232323
 2 237.3737373737374
 21 242.4242424242424
 144 247.4747474747475
 24 252.5252525252525
 116 257.5757575757576
 140 262.6262626262626
 41 267.6767676767677
 282 272.7272727272727
 155 277.7777777777778
 438 282.8282828282828
 196 287.8787878787879
 1 292.9292929292929
 3 297.979797979798
 0 303.030303030303
 221 308.0808080808081
 25 313.1313131313131
 50 318.1818181818182
 39 323.2323232323232
 38 328.2828282828282
 210 333.3333333333333
 62 338.3838383838383
 17 343.4343434343434
 203 348.4848484848484
 87 353.5353535353535
 27 358.5858585858585
 1 363.6363636363636
 36 368.6868686868686
 35 373.7373737373737
 40 378.7878787878788
 3 383.8383838383838
 0 388.8888888888889
 307 393.9393939393939
 47 398.989898989899
 63 404.040404040404
 134 409.0909090909091
 168 414.1414141414141
 568 419.1919191919192
 12 424.2424242424242
 249 429.2929292929293
 197 434.3434343434343
 6 439.3939393939394
 58 444.4444444444444
 83 449.4949494949495
 65 454.5454545454545
 0 459.5959595959596
 1 464.6464646464646
 3 469.6969696969697
 1 474.7474747474747
 2 479.7979797979798
 23 484.8484848484848
 19 489.8989898989898
 99 494.9494949494949
 0 500


