# Created by Octave 3.8.2, Sat Jun 20 19:46:00 2020 CEST <damian@fptrucha.inv.usc.es>
# name: hd
# type: matrix
# rows: 100
# columns: 2
 1 0
 2 5.05050505050505
 1 10.1010101010101
 264 15.15151515151515
 0 20.2020202020202
 1 25.25252525252525
 148 30.3030303030303
 503 35.35353535353535
 609 40.4040404040404
 288 45.45454545454545
 131 50.50505050505051
 47 55.55555555555555
 2 60.6060606060606
 254 65.65656565656565
 231 70.7070707070707
 576 75.75757575757575
 1 80.8080808080808
 0 85.85858585858585
 64 90.90909090909091
 4 95.95959595959596
 5 101.010101010101
 159 106.060606060606
 176 111.1111111111111
 371 116.1616161616162
 156 121.2121212121212
 110 126.2626262626263
 0 131.3131313131313
 1 136.3636363636363
 70 141.4141414141414
 76 146.4646464646464
 455 151.5151515151515
 267 156.5656565656566
 4 161.6161616161616
 0 166.6666666666667
 70 171.7171717171717
 29 176.7676767676768
 0 181.8181818181818
 3 186.8686868686869
 197 191.9191919191919
 246 196.969696969697
 42 202.020202020202
 72 207.070707070707
 195 212.1212121212121
 60 217.1717171717171
 100 222.2222222222222
 238 227.2727272727273
 140 232.3232323232323
 0 237.3737373737374
 23 242.4242424242424
 129 247.4747474747475
 16 252.5252525252525
 109 257.5757575757576
 130 262.6262626262626
 40 267.6767676767677
 234 272.7272727272727
 127 277.7777777777778
 435 282.8282828282828
 216 287.8787878787879
 0 292.9292929292929
 1 297.979797979798
 1 303.030303030303
 216 308.0808080808081
 27 313.1313131313131
 40 318.1818181818182
 36 323.2323232323232
 40 328.2828282828282
 167 333.3333333333333
 62 338.3838383838383
 23 343.4343434343434
 193 348.4848484848484
 89 353.5353535353535
 27 358.5858585858585
 0 363.6363636363636
 38 368.6868686868686
 33 373.7373737373737
 42 378.7878787878788
 0 383.8383838383838
 0 388.8888888888889
 301 393.9393939393939
 48 398.989898989899
 68 404.040404040404
 162 409.0909090909091
 122 414.1414141414141
 599 419.1919191919192
 21 424.2424242424242
 207 429.2929292929293
 192 434.3434343434343
 2 439.3939393939394
 49 444.4444444444444
 73 449.4949494949495
 58 454.5454545454545
 1 459.5959595959596
 2 464.6464646464646
 0 469.6969696969697
 2 474.7474747474747
 2 479.7979797979798
 13 484.8484848484848
 18 489.8989898989898
 72 494.9494949494949
 0 500


