# Created by Octave 3.8.2, Mon Jun 22 20:43:00 2020 CEST <damian@fptrucha.inv.usc.es>
# name: hd
# type: matrix
# rows: 100
# columns: 2
 1 0
 2 5.05050505050505
 2 10.1010101010101
 287 15.15151515151515
 2 20.2020202020202
 0 25.25252525252525
 171 30.3030303030303
 568 35.35353535353535
 606 40.4040404040404
 335 45.45454545454545
 128 50.50505050505051
 64 55.55555555555555
 2 60.6060606060606
 287 65.65656565656565
 209 70.7070707070707
 568 75.75757575757575
 0 80.8080808080808
 3 85.85858585858585
 58 90.90909090909091
 2 95.95959595959596
 2 101.010101010101
 212 106.060606060606
 154 111.1111111111111
 404 116.1616161616162
 222 121.2121212121212
 86 126.2626262626263
 0 131.3131313131313
 1 136.3636363636363
 66 141.4141414141414
 86 146.4646464646464
 461 151.5151515151515
 249 156.5656565656566
 4 161.6161616161616
 2 166.6666666666667
 90 171.7171717171717
 40 176.7676767676768
 1 181.8181818181818
 2 186.8686868686869
 190 191.9191919191919
 249 196.969696969697
 49 202.020202020202
 100 207.070707070707
 201 212.1212121212121
 54 217.1717171717171
 107 222.2222222222222
 253 227.2727272727273
 149 232.3232323232323
 1 237.3737373737374
 21 242.4242424242424
 157 247.4747474747475
 24 252.5252525252525
 118 257.5757575757576
 132 262.6262626262626
 39 267.6767676767677
 296 272.7272727272727
 159 277.7777777777778
 463 282.8282828282828
 220 287.8787878787879
 0 292.9292929292929
 1 297.979797979798
 0 303.030303030303
 214 308.0808080808081
 18 313.1313131313131
 34 318.1818181818182
 30 323.2323232323232
 42 328.2828282828282
 174 333.3333333333333
 65 338.3838383838383
 16 343.4343434343434
 194 348.4848484848484
 109 353.5353535353535
 26 358.5858585858585
 0 363.6363636363636
 49 368.6868686868686
 36 373.7373737373737
 32 378.7878787878788
 1 383.8383838383838
 1 388.8888888888889
 319 393.9393939393939
 48 398.989898989899
 63 404.040404040404
 166 409.0909090909091
 179 414.1414141414141
 634 419.1919191919192
 22 424.2424242424242
 244 429.2929292929293
 197 434.3434343434343
 3 439.3939393939394
 66 444.4444444444444
 84 449.4949494949495
 52 454.5454545454545
 0 459.5959595959596
 0 464.6464646464646
 0 469.6969696969697
 3 474.7474747474747
 1 479.7979797979798
 16 484.8484848484848
 23 489.8989898989898
 80 494.9494949494949
 0 500


