# Created by Octave 3.8.2, Sat Jun 20 10:52:40 2020 CEST <damian@fptrucha.inv.usc.es>
# name: hd
# type: matrix
# rows: 100
# columns: 2
 2 0
 2 5.05050505050505
 2 10.1010101010101
 326 15.15151515151515
 2 20.2020202020202
 0 25.25252525252525
 164 30.3030303030303
 589 35.35353535353535
 663 40.4040404040404
 335 45.45454545454545
 142 50.50505050505051
 84 55.55555555555555
 1 60.6060606060606
 294 65.65656565656565
 228 70.7070707070707
 633 75.75757575757575
 0 80.8080808080808
 0 85.85858585858585
 62 90.90909090909091
 4 95.95959595959596
 2 101.010101010101
 207 106.060606060606
 191 111.1111111111111
 431 116.1616161616162
 220 121.2121212121212
 107 126.2626262626263
 1 131.3131313131313
 0 136.3636363636363
 86 141.4141414141414
 123 146.4646464646464
 454 151.5151515151515
 291 156.5656565656566
 1 161.6161616161616
 1 166.6666666666667
 90 171.7171717171717
 36 176.7676767676768
 0 181.8181818181818
 3 186.8686868686869
 235 191.9191919191919
 298 196.969696969697
 55 202.020202020202
 107 207.070707070707
 216 212.1212121212121
 82 217.1717171717171
 113 222.2222222222222
 231 227.2727272727273
 146 232.3232323232323
 0 237.3737373737374
 35 242.4242424242424
 149 247.4747474747475
 19 252.5252525252525
 124 257.5757575757576
 147 262.6262626262626
 43 267.6767676767677
 308 272.7272727272727
 156 277.7777777777778
 454 282.8282828282828
 231 287.8787878787879
 1 292.9292929292929
 0 297.979797979798
 0 303.030303030303
 223 308.0808080808081
 25 313.1313131313131
 58 318.1818181818182
 25 323.2323232323232
 45 328.2828282828282
 190 333.3333333333333
 68 338.3838383838383
 22 343.4343434343434
 209 348.4848484848484
 112 353.5353535353535
 30 358.5858585858585
 0 363.6363636363636
 48 368.6868686868686
 35 373.7373737373737
 45 378.7878787878788
 1 383.8383838383838
 0 388.8888888888889
 395 393.9393939393939
 66 398.989898989899
 69 404.040404040404
 181 409.0909090909091
 153 414.1414141414141
 620 419.1919191919192
 21 424.2424242424242
 242 429.2929292929293
 179 434.3434343434343
 3 439.3939393939394
 50 444.4444444444444
 87 449.4949494949495
 66 454.5454545454545
 0 459.5959595959596
 0 464.6464646464646
 0 469.6969696969697
 0 474.7474747474747
 0 479.7979797979798
 21 484.8484848484848
 12 489.8989898989898
 74 494.9494949494949
 0 500


