# Created by Octave 3.8.2, Mon Jun 22 21:17:52 2020 CEST <damian@fptrucha.inv.usc.es>
# name: hd
# type: matrix
# rows: 100
# columns: 2
 2 0
 4 5.05050505050505
 5 10.1010101010101
 291 15.15151515151515
 3 20.2020202020202
 2 25.25252525252525
 174 30.3030303030303
 569 35.35353535353535
 686 40.4040404040404
 336 45.45454545454545
 135 50.50505050505051
 64 55.55555555555555
 5 60.6060606060606
 322 65.65656565656565
 228 70.7070707070707
 556 75.75757575757575
 1 80.8080808080808
 3 85.85858585858585
 65 90.90909090909091
 6 95.95959595959596
 1 101.010101010101
 210 106.060606060606
 181 111.1111111111111
 443 116.1616161616162
 224 121.2121212121212
 85 126.2626262626263
 1 131.3131313131313
 3 136.3636363636363
 61 141.4141414141414
 96 146.4646464646464
 471 151.5151515151515
 271 156.5656565656566
 3 161.6161616161616
 1 166.6666666666667
 87 171.7171717171717
 35 176.7676767676768
 1 181.8181818181818
 1 186.8686868686869
 210 191.9191919191919
 293 196.969696969697
 57 202.020202020202
 99 207.070707070707
 203 212.1212121212121
 64 217.1717171717171
 97 222.2222222222222
 231 227.2727272727273
 143 232.3232323232323
 0 237.3737373737374
 19 242.4242424242424
 150 247.4747474747475
 28 252.5252525252525
 130 257.5757575757576
 148 262.6262626262626
 34 267.6767676767677
 280 272.7272727272727
 150 277.7777777777778
 474 282.8282828282828
 220 287.8787878787879
 2 292.9292929292929
 2 297.979797979798
 0 303.030303030303
 204 308.0808080808081
 25 313.1313131313131
 46 318.1818181818182
 35 323.2323232323232
 36 328.2828282828282
 181 333.3333333333333
 54 338.3838383838383
 25 343.4343434343434
 194 348.4848484848484
 108 353.5353535353535
 37 358.5858585858585
 1 363.6363636363636
 52 368.6868686868686
 35 373.7373737373737
 32 378.7878787878788
 1 383.8383838383838
 0 388.8888888888889
 305 393.9393939393939
 50 398.989898989899
 67 404.040404040404
 173 409.0909090909091
 163 414.1414141414141
 569 419.1919191919192
 29 424.2424242424242
 251 429.2929292929293
 172 434.3434343434343
 2 439.3939393939394
 52 444.4444444444444
 79 449.4949494949495
 54 454.5454545454545
 0 459.5959595959596
 1 464.6464646464646
 0 469.6969696969697
 3 474.7474747474747
 2 479.7979797979798
 26 484.8484848484848
 13 489.8989898989898
 88 494.9494949494949
 0 500


