# Created by Octave 3.8.2, Sat Jun 20 15:13:35 2020 CEST <damian@fptrucha.inv.usc.es>
# name: hd
# type: matrix
# rows: 100
# columns: 2
 3 0
 2 5.05050505050505
 0 10.1010101010101
 270 15.15151515151515
 0 20.2020202020202
 3 25.25252525252525
 167 30.3030303030303
 543 35.35353535353535
 625 40.4040404040404
 320 45.45454545454545
 152 50.50505050505051
 71 55.55555555555555
 1 60.6060606060606
 278 65.65656565656565
 200 70.7070707070707
 598 75.75757575757575
 0 80.8080808080808
 1 85.85858585858585
 64 90.90909090909091
 4 95.95959595959596
 1 101.010101010101
 168 106.060606060606
 156 111.1111111111111
 426 116.1616161616162
 221 121.2121212121212
 83 126.2626262626263
 1 131.3131313131313
 3 136.3636363636363
 75 141.4141414141414
 73 146.4646464646464
 500 151.5151515151515
 300 156.5656565656566
 4 161.6161616161616
 0 166.6666666666667
 65 171.7171717171717
 42 176.7676767676768
 2 181.8181818181818
 2 186.8686868686869
 195 191.9191919191919
 282 196.969696969697
 54 202.020202020202
 80 207.070707070707
 219 212.1212121212121
 56 217.1717171717171
 122 222.2222222222222
 232 227.2727272727273
 146 232.3232323232323
 3 237.3737373737374
 25 242.4242424242424
 137 247.4747474747475
 17 252.5252525252525
 134 257.5757575757576
 157 262.6262626262626
 37 267.6767676767677
 249 272.7272727272727
 151 277.7777777777778
 465 282.8282828282828
 211 287.8787878787879
 0 292.9292929292929
 2 297.979797979798
 0 303.030303030303
 239 308.0808080808081
 18 313.1313131313131
 31 318.1818181818182
 28 323.2323232323232
 46 328.2828282828282
 192 333.3333333333333
 75 338.3838383838383
 21 343.4343434343434
 193 348.4848484848484
 108 353.5353535353535
 38 358.5858585858585
 1 363.6363636363636
 52 368.6868686868686
 35 373.7373737373737
 34 378.7878787878788
 1 383.8383838383838
 1 388.8888888888889
 314 393.9393939393939
 70 398.989898989899
 57 404.040404040404
 167 409.0909090909091
 172 414.1414141414141
 551 419.1919191919192
 19 424.2424242424242
 237 429.2929292929293
 193 434.3434343434343
 1 439.3939393939394
 50 444.4444444444444
 92 449.4949494949495
 59 454.5454545454545
 1 459.5959595959596
 0 464.6464646464646
 1 469.6969696969697
 1 474.7474747474747
 1 479.7979797979798
 25 484.8484848484848
 21 489.8989898989898
 77 494.9494949494949
 0 500


