# Created by Octave 3.8.2, Mon Jun 22 02:29:25 2020 CEST <damian@fptrucha.inv.usc.es>
# name: hd
# type: matrix
# rows: 100
# columns: 2
 2 0
 2 5.05050505050505
 0 10.1010101010101
 249 15.15151515151515
 2 20.2020202020202
 3 25.25252525252525
 129 30.3030303030303
 450 35.35353535353535
 470 40.4040404040404
 260 45.45454545454545
 120 50.50505050505051
 50 55.55555555555555
 1 60.6060606060606
 259 65.65656565656565
 175 70.7070707070707
 483 75.75757575757575
 0 80.8080808080808
 0 85.85858585858585
 54 90.90909090909091
 4 95.95959595959596
 2 101.010101010101
 169 106.060606060606
 174 111.1111111111111
 350 116.1616161616162
 175 121.2121212121212
 59 126.2626262626263
 2 131.3131313131313
 1 136.3636363636363
 59 141.4141414141414
 106 146.4646464646464
 321 151.5151515151515
 213 156.5656565656566
 2 161.6161616161616
 1 166.6666666666667
 72 171.7171717171717
 18 176.7676767676768
 1 181.8181818181818
 0 186.8686868686869
 170 191.9191919191919
 225 196.969696969697
 60 202.020202020202
 69 207.070707070707
 146 212.1212121212121
 51 217.1717171717171
 85 222.2222222222222
 208 227.2727272727273
 110 232.3232323232323
 2 237.3737373737374
 28 242.4242424242424
 105 247.4747474747475
 29 252.5252525252525
 74 257.5757575757576
 126 262.6262626262626
 35 267.6767676767677
 244 272.7272727272727
 118 277.7777777777778
 393 282.8282828282828
 163 287.8787878787879
 3 292.9292929292929
 2 297.979797979798
 2 303.030303030303
 174 308.0808080808081
 18 313.1313131313131
 24 318.1818181818182
 27 323.2323232323232
 45 328.2828282828282
 158 333.3333333333333
 46 338.3838383838383
 20 343.4343434343434
 166 348.4848484848484
 74 353.5353535353535
 28 358.5858585858585
 1 363.6363636363636
 44 368.6868686868686
 44 373.7373737373737
 31 378.7878787878788
 2 383.8383838383838
 0 388.8888888888889
 248 393.9393939393939
 58 398.989898989899
 59 404.040404040404
 165 409.0909090909091
 126 414.1414141414141
 491 419.1919191919192
 25 424.2424242424242
 220 429.2929292929293
 153 434.3434343434343
 4 439.3939393939394
 50 444.4444444444444
 52 449.4949494949495
 59 454.5454545454545
 1 459.5959595959596
 3 464.6464646464646
 0 469.6969696969697
 2 474.7474747474747
 1 479.7979797979798
 22 484.8484848484848
 9 489.8989898989898
 69 494.9494949494949
 0 500


