# Created by Octave 3.8.2, Mon Jun 22 15:40:52 2020 CEST <damian@fptrucha.inv.usc.es>
# name: hd
# type: matrix
# rows: 100
# columns: 2
 0 0
 4 5.05050505050505
 2 10.1010101010101
 302 15.15151515151515
 2 20.2020202020202
 1 25.25252525252525
 159 30.3030303030303
 486 35.35353535353535
 612 40.4040404040404
 300 45.45454545454545
 140 50.50505050505051
 64 55.55555555555555
 1 60.6060606060606
 255 65.65656565656565
 199 70.7070707070707
 558 75.75757575757575
 3 80.8080808080808
 1 85.85858585858585
 62 90.90909090909091
 5 95.95959595959596
 5 101.010101010101
 174 106.060606060606
 192 111.1111111111111
 402 116.1616161616162
 215 121.2121212121212
 89 126.2626262626263
 0 131.3131313131313
 2 136.3636363636363
 81 141.4141414141414
 88 146.4646464646464
 445 151.5151515151515
 235 156.5656565656566
 2 161.6161616161616
 0 166.6666666666667
 69 171.7171717171717
 23 176.7676767676768
 0 181.8181818181818
 0 186.8686868686869
 206 191.9191919191919
 283 196.969696969697
 52 202.020202020202
 93 207.070707070707
 185 212.1212121212121
 54 217.1717171717171
 119 222.2222222222222
 232 227.2727272727273
 128 232.3232323232323
 1 237.3737373737374
 24 242.4242424242424
 130 247.4747474747475
 28 252.5252525252525
 119 257.5757575757576
 116 262.6262626262626
 34 267.6767676767677
 273 272.7272727272727
 146 277.7777777777778
 442 282.8282828282828
 194 287.8787878787879
 3 292.9292929292929
 1 297.979797979798
 1 303.030303030303
 212 308.0808080808081
 24 313.1313131313131
 30 318.1818181818182
 37 323.2323232323232
 49 328.2828282828282
 191 333.3333333333333
 72 338.3838383838383
 13 343.4343434343434
 205 348.4848484848484
 102 353.5353535353535
 28 358.5858585858585
 1 363.6363636363636
 52 368.6868686868686
 32 373.7373737373737
 38 378.7878787878788
 0 383.8383838383838
 0 388.8888888888889
 298 393.9393939393939
 61 398.989898989899
 56 404.040404040404
 167 409.0909090909091
 129 414.1414141414141
 596 419.1919191919192
 29 424.2424242424242
 240 429.2929292929293
 192 434.3434343434343
 4 439.3939393939394
 51 444.4444444444444
 71 449.4949494949495
 46 454.5454545454545
 1 459.5959595959596
 2 464.6464646464646
 1 469.6969696969697
 1 474.7474747474747
 1 479.7979797979798
 23 484.8484848484848
 23 489.8989898989898
 69 494.9494949494949
 0 500


