# Created by Octave 3.8.2, Sat Jun 20 17:37:25 2020 CEST <damian@fptrucha.inv.usc.es>
# name: hd
# type: matrix
# rows: 100
# columns: 2
 0 0
 3 5.05050505050505
 2 10.1010101010101
 294 15.15151515151515
 3 20.2020202020202
 0 25.25252525252525
 175 30.3030303030303
 467 35.35353535353535
 624 40.4040404040404
 297 45.45454545454545
 119 50.50505050505051
 69 55.55555555555555
 1 60.6060606060606
 274 65.65656565656565
 211 70.7070707070707
 635 75.75757575757575
 2 80.8080808080808
 3 85.85858585858585
 59 90.90909090909091
 4 95.95959595959596
 3 101.010101010101
 196 106.060606060606
 192 111.1111111111111
 395 116.1616161616162
 225 121.2121212121212
 93 126.2626262626263
 1 131.3131313131313
 0 136.3636363636363
 71 141.4141414141414
 84 146.4646464646464
 448 151.5151515151515
 292 156.5656565656566
 4 161.6161616161616
 2 166.6666666666667
 61 171.7171717171717
 32 176.7676767676768
 0 181.8181818181818
 1 186.8686868686869
 168 191.9191919191919
 239 196.969696969697
 39 202.020202020202
 91 207.070707070707
 196 212.1212121212121
 47 217.1717171717171
 94 222.2222222222222
 225 227.2727272727273
 135 232.3232323232323
 1 237.3737373737374
 22 242.4242424242424
 124 247.4747474747475
 16 252.5252525252525
 126 257.5757575757576
 147 262.6262626262626
 30 267.6767676767677
 265 272.7272727272727
 136 277.7777777777778
 501 282.8282828282828
 200 287.8787878787879
 0 292.9292929292929
 1 297.979797979798
 1 303.030303030303
 210 308.0808080808081
 23 313.1313131313131
 50 318.1818181818182
 27 323.2323232323232
 45 328.2828282828282
 187 333.3333333333333
 66 338.3838383838383
 18 343.4343434343434
 171 348.4848484848484
 98 353.5353535353535
 40 358.5858585858585
 0 363.6363636363636
 50 368.6868686868686
 34 373.7373737373737
 28 378.7878787878788
 0 383.8383838383838
 1 388.8888888888889
 318 393.9393939393939
 43 398.989898989899
 66 404.040404040404
 174 409.0909090909091
 155 414.1414141414141
 564 419.1919191919192
 14 424.2424242424242
 209 429.2929292929293
 188 434.3434343434343
 2 439.3939393939394
 64 444.4444444444444
 84 449.4949494949495
 55 454.5454545454545
 0 459.5959595959596
 1 464.6464646464646
 1 469.6969696969697
 2 474.7474747474747
 0 479.7979797979798
 19 484.8484848484848
 14 489.8989898989898
 61 494.9494949494949
 0 500


