# Created by Octave 3.8.2, Mon Jun 22 02:57:40 2020 CEST <damian@fptrucha.inv.usc.es>
# name: hd
# type: matrix
# rows: 100
# columns: 2
 3 0
 3 5.05050505050505
 1 10.1010101010101
 249 15.15151515151515
 6 20.2020202020202
 3 25.25252525252525
 138 30.3030303030303
 525 35.35353535353535
 571 40.4040404040404
 312 45.45454545454545
 129 50.50505050505051
 78 55.55555555555555
 4 60.6060606060606
 249 65.65656565656565
 222 70.7070707070707
 503 75.75757575757575
 3 80.8080808080808
 2 85.85858585858585
 51 90.90909090909091
 4 95.95959595959596
 5 101.010101010101
 167 106.060606060606
 155 111.1111111111111
 403 116.1616161616162
 188 121.2121212121212
 74 126.2626262626263
 1 131.3131313131313
 0 136.3636363636363
 69 141.4141414141414
 92 146.4646464646464
 381 151.5151515151515
 226 156.5656565656566
 5 161.6161616161616
 1 166.6666666666667
 76 171.7171717171717
 24 176.7676767676768
 1 181.8181818181818
 1 186.8686868686869
 171 191.9191919191919
 255 196.969696969697
 53 202.020202020202
 81 207.070707070707
 161 212.1212121212121
 44 217.1717171717171
 97 222.2222222222222
 230 227.2727272727273
 126 232.3232323232323
 1 237.3737373737374
 35 242.4242424242424
 124 247.4747474747475
 30 252.5252525252525
 93 257.5757575757576
 114 262.6262626262626
 34 267.6767676767677
 266 272.7272727272727
 142 277.7777777777778
 416 282.8282828282828
 199 287.8787878787879
 4 292.9292929292929
 1 297.979797979798
 1 303.030303030303
 180 308.0808080808081
 25 313.1313131313131
 48 318.1818181818182
 25 323.2323232323232
 43 328.2828282828282
 167 333.3333333333333
 54 338.3838383838383
 13 343.4343434343434
 191 348.4848484848484
 103 353.5353535353535
 23 358.5858585858585
 3 363.6363636363636
 43 368.6868686868686
 39 373.7373737373737
 32 378.7878787878788
 0 383.8383838383838
 2 388.8888888888889
 292 393.9393939393939
 62 398.989898989899
 74 404.040404040404
 174 409.0909090909091
 137 414.1414141414141
 566 419.1919191919192
 19 424.2424242424242
 209 429.2929292929293
 167 434.3434343434343
 3 439.3939393939394
 64 444.4444444444444
 75 449.4949494949495
 53 454.5454545454545
 0 459.5959595959596
 1 464.6464646464646
 1 469.6969696969697
 0 474.7474747474747
 0 479.7979797979798
 26 484.8484848484848
 23 489.8989898989898
 80 494.9494949494949
 0 500


