# Created by Octave 3.8.2, Mon Jun 22 23:01:32 2020 CEST <damian@fptrucha.inv.usc.es>
# name: hd
# type: matrix
# rows: 100
# columns: 2
 2 0
 3 5.05050505050505
 5 10.1010101010101
 308 15.15151515151515
 2 20.2020202020202
 2 25.25252525252525
 164 30.3030303030303
 569 35.35353535353535
 611 40.4040404040404
 319 45.45454545454545
 125 50.50505050505051
 57 55.55555555555555
 1 60.6060606060606
 291 65.65656565656565
 212 70.7070707070707
 626 75.75757575757575
 0 80.8080808080808
 0 85.85858585858585
 58 90.90909090909091
 2 95.95959595959596
 3 101.010101010101
 234 106.060606060606
 221 111.1111111111111
 406 116.1616161616162
 211 121.2121212121212
 94 126.2626262626263
 2 131.3131313131313
 0 136.3636363636363
 67 141.4141414141414
 107 146.4646464646464
 499 151.5151515151515
 262 156.5656565656566
 7 161.6161616161616
 1 166.6666666666667
 69 171.7171717171717
 39 176.7676767676768
 2 181.8181818181818
 2 186.8686868686869
 199 191.9191919191919
 263 196.969696969697
 58 202.020202020202
 121 207.070707070707
 171 212.1212121212121
 74 217.1717171717171
 112 222.2222222222222
 272 227.2727272727273
 141 232.3232323232323
 2 237.3737373737374
 24 242.4242424242424
 153 247.4747474747475
 23 252.5252525252525
 128 257.5757575757576
 118 262.6262626262626
 31 267.6767676767677
 318 272.7272727272727
 152 277.7777777777778
 458 282.8282828282828
 233 287.8787878787879
 0 292.9292929292929
 3 297.979797979798
 0 303.030303030303
 233 308.0808080808081
 22 313.1313131313131
 45 318.1818181818182
 29 323.2323232323232
 43 328.2828282828282
 208 333.3333333333333
 57 338.3838383838383
 26 343.4343434343434
 202 348.4848484848484
 107 353.5353535353535
 19 358.5858585858585
 4 363.6363636363636
 51 368.6868686868686
 44 373.7373737373737
 47 378.7878787878788
 2 383.8383838383838
 1 388.8888888888889
 323 393.9393939393939
 81 398.989898989899
 53 404.040404040404
 190 409.0909090909091
 161 414.1414141414141
 566 419.1919191919192
 32 424.2424242424242
 247 429.2929292929293
 175 434.3434343434343
 2 439.3939393939394
 44 444.4444444444444
 85 449.4949494949495
 64 454.5454545454545
 1 459.5959595959596
 0 464.6464646464646
 2 469.6969696969697
 1 474.7474747474747
 0 479.7979797979798
 20 484.8484848484848
 24 489.8989898989898
 77 494.9494949494949
 0 500


