# Created by Octave 3.8.2, Sat Jun 20 08:52:48 2020 CEST <damian@fptrucha.inv.usc.es>
# name: hd
# type: matrix
# rows: 100
# columns: 2
 0 0
 0 5.05050505050505
 0 10.1010101010101
 347 15.15151515151515
 2 20.2020202020202
 0 25.25252525252525
 163 30.3030303030303
 578 35.35353535353535
 682 40.4040404040404
 342 45.45454545454545
 168 50.50505050505051
 73 55.55555555555555
 2 60.6060606060606
 339 65.65656565656565
 234 70.7070707070707
 646 75.75757575757575
 2 80.8080808080808
 2 85.85858585858585
 73 90.90909090909091
 5 95.95959595959596
 2 101.010101010101
 190 106.060606060606
 210 111.1111111111111
 411 116.1616161616162
 213 121.2121212121212
 97 126.2626262626263
 0 131.3131313131313
 1 136.3636363636363
 81 141.4141414141414
 109 146.4646464646464
 542 151.5151515151515
 281 156.5656565656566
 4 161.6161616161616
 0 166.6666666666667
 98 171.7171717171717
 42 176.7676767676768
 2 181.8181818181818
 0 186.8686868686869
 206 191.9191919191919
 307 196.969696969697
 53 202.020202020202
 90 207.070707070707
 230 212.1212121212121
 65 217.1717171717171
 113 222.2222222222222
 263 227.2727272727273
 147 232.3232323232323
 2 237.3737373737374
 28 242.4242424242424
 142 247.4747474747475
 21 252.5252525252525
 130 257.5757575757576
 172 262.6262626262626
 41 267.6767676767677
 283 272.7272727272727
 144 277.7777777777778
 515 282.8282828282828
 219 287.8787878787879
 1 292.9292929292929
 1 297.979797979798
 0 303.030303030303
 253 308.0808080808081
 29 313.1313131313131
 44 318.1818181818182
 36 323.2323232323232
 52 328.2828282828282
 196 333.3333333333333
 57 338.3838383838383
 22 343.4343434343434
 214 348.4848484848484
 105 353.5353535353535
 33 358.5858585858585
 2 363.6363636363636
 36 368.6868686868686
 40 373.7373737373737
 40 378.7878787878788
 1 383.8383838383838
 0 388.8888888888889
 367 393.9393939393939
 69 398.989898989899
 62 404.040404040404
 187 409.0909090909091
 178 414.1414141414141
 623 419.1919191919192
 18 424.2424242424242
 287 429.2929292929293
 204 434.3434343434343
 2 439.3939393939394
 67 444.4444444444444
 84 449.4949494949495
 48 454.5454545454545
 1 459.5959595959596
 1 464.6464646464646
 0 469.6969696969697
 1 474.7474747474747
 0 479.7979797979798
 24 484.8484848484848
 20 489.8989898989898
 83 494.9494949494949
 0 500


