# Created by Octave 3.8.2, Sat Jun 20 20:26:26 2020 CEST <damian@fptrucha.inv.usc.es>
# name: hd
# type: matrix
# rows: 100
# columns: 2
 1 0
 1 5.05050505050505
 2 10.1010101010101
 260 15.15151515151515
 0 20.2020202020202
 0 25.25252525252525
 163 30.3030303030303
 491 35.35353535353535
 615 40.4040404040404
 338 45.45454545454545
 144 50.50505050505051
 54 55.55555555555555
 2 60.6060606060606
 294 65.65656565656565
 206 70.7070707070707
 574 75.75757575757575
 1 80.8080808080808
 2 85.85858585858585
 60 90.90909090909091
 4 95.95959595959596
 0 101.010101010101
 200 106.060606060606
 164 111.1111111111111
 425 116.1616161616162
 196 121.2121212121212
 77 126.2626262626263
 1 131.3131313131313
 1 136.3636363636363
 62 141.4141414141414
 85 146.4646464646464
 445 151.5151515151515
 247 156.5656565656566
 5 161.6161616161616
 3 166.6666666666667
 71 171.7171717171717
 36 176.7676767676768
 1 181.8181818181818
 0 186.8686868686869
 169 191.9191919191919
 244 196.969696969697
 54 202.020202020202
 84 207.070707070707
 197 212.1212121212121
 62 217.1717171717171
 110 222.2222222222222
 218 227.2727272727273
 154 232.3232323232323
 0 237.3737373737374
 16 242.4242424242424
 131 247.4747474747475
 25 252.5252525252525
 111 257.5757575757576
 138 262.6262626262626
 40 267.6767676767677
 271 272.7272727272727
 158 277.7777777777778
 446 282.8282828282828
 198 287.8787878787879
 0 292.9292929292929
 0 297.979797979798
 0 303.030303030303
 231 308.0808080808081
 27 313.1313131313131
 44 318.1818181818182
 39 323.2323232323232
 39 328.2828282828282
 154 333.3333333333333
 73 338.3838383838383
 15 343.4343434343434
 178 348.4848484848484
 81 353.5353535353535
 23 358.5858585858585
 0 363.6363636363636
 53 368.6868686868686
 30 373.7373737373737
 36 378.7878787878788
 2 383.8383838383838
 0 388.8888888888889
 331 393.9393939393939
 66 398.989898989899
 58 404.040404040404
 136 409.0909090909091
 136 414.1414141414141
 556 419.1919191919192
 15 424.2424242424242
 215 429.2929292929293
 175 434.3434343434343
 6 439.3939393939394
 53 444.4444444444444
 93 449.4949494949495
 55 454.5454545454545
 2 459.5959595959596
 0 464.6464646464646
 0 469.6969696969697
 1 474.7474747474747
 1 479.7979797979798
 14 484.8484848484848
 16 489.8989898989898
 68 494.9494949494949
 0 500


