# Created by Octave 3.8.2, Mon Jun 22 15:04:06 2020 CEST <damian@fptrucha.inv.usc.es>
# name: hd
# type: matrix
# rows: 100
# columns: 2
 1 0
 8 5.05050505050505
 2 10.1010101010101
 288 15.15151515151515
 3 20.2020202020202
 4 25.25252525252525
 163 30.3030303030303
 528 35.35353535353535
 636 40.4040404040404
 316 45.45454545454545
 144 50.50505050505051
 65 55.55555555555555
 0 60.6060606060606
 299 65.65656565656565
 202 70.7070707070707
 541 75.75757575757575
 2 80.8080808080808
 2 85.85858585858585
 56 90.90909090909091
 8 95.95959595959596
 1 101.010101010101
 180 106.060606060606
 172 111.1111111111111
 408 116.1616161616162
 215 121.2121212121212
 96 126.2626262626263
 1 131.3131313131313
 0 136.3636363636363
 81 141.4141414141414
 86 146.4646464646464
 430 151.5151515151515
 226 156.5656565656566
 2 161.6161616161616
 0 166.6666666666667
 59 171.7171717171717
 29 176.7676767676768
 2 181.8181818181818
 0 186.8686868686869
 229 191.9191919191919
 252 196.969696969697
 47 202.020202020202
 117 207.070707070707
 193 212.1212121212121
 45 217.1717171717171
 105 222.2222222222222
 232 227.2727272727273
 164 232.3232323232323
 1 237.3737373737374
 23 242.4242424242424
 158 247.4747474747475
 34 252.5252525252525
 127 257.5757575757576
 140 262.6262626262626
 35 267.6767676767677
 258 272.7272727272727
 155 277.7777777777778
 421 282.8282828282828
 202 287.8787878787879
 0 292.9292929292929
 1 297.979797979798
 0 303.030303030303
 222 308.0808080808081
 37 313.1313131313131
 50 318.1818181818182
 30 323.2323232323232
 42 328.2828282828282
 182 333.3333333333333
 68 338.3838383838383
 18 343.4343434343434
 176 348.4848484848484
 119 353.5353535353535
 27 358.5858585858585
 3 363.6363636363636
 57 368.6868686868686
 45 373.7373737373737
 44 378.7878787878788
 0 383.8383838383838
 0 388.8888888888889
 335 393.9393939393939
 80 398.989898989899
 66 404.040404040404
 159 409.0909090909091
 147 414.1414141414141
 559 419.1919191919192
 21 424.2424242424242
 255 429.2929292929293
 173 434.3434343434343
 2 439.3939393939394
 71 444.4444444444444
 91 449.4949494949495
 65 454.5454545454545
 0 459.5959595959596
 1 464.6464646464646
 3 469.6969696969697
 0 474.7474747474747
 2 479.7979797979798
 21 484.8484848484848
 21 489.8989898989898
 64 494.9494949494949
 0 500


