# Created by Octave 3.8.2, Sun Jun 21 03:37:52 2020 CEST <damian@fptrucha.inv.usc.es>
# name: hd
# type: matrix
# rows: 100
# columns: 2
 1 0
 2 5.05050505050505
 1 10.1010101010101
 243 15.15151515151515
 2 20.2020202020202
 1 25.25252525252525
 158 30.3030303030303
 520 35.35353535353535
 643 40.4040404040404
 276 45.45454545454545
 113 50.50505050505051
 71 55.55555555555555
 5 60.6060606060606
 296 65.65656565656565
 175 70.7070707070707
 537 75.75757575757575
 1 80.8080808080808
 1 85.85858585858585
 70 90.90909090909091
 2 95.95959595959596
 7 101.010101010101
 184 106.060606060606
 162 111.1111111111111
 405 116.1616161616162
 182 121.2121212121212
 97 126.2626262626263
 3 131.3131313131313
 1 136.3636363636363
 69 141.4141414141414
 97 146.4646464646464
 436 151.5151515151515
 234 156.5656565656566
 1 161.6161616161616
 1 166.6666666666667
 85 171.7171717171717
 23 176.7676767676768
 0 181.8181818181818
 1 186.8686868686869
 182 191.9191919191919
 259 196.969696969697
 31 202.020202020202
 85 207.070707070707
 183 212.1212121212121
 75 217.1717171717171
 110 222.2222222222222
 199 227.2727272727273
 122 232.3232323232323
 1 237.3737373737374
 17 242.4242424242424
 136 247.4747474747475
 17 252.5252525252525
 135 257.5757575757576
 152 262.6262626262626
 33 267.6767676767677
 242 272.7272727272727
 136 277.7777777777778
 459 282.8282828282828
 204 287.8787878787879
 5 292.9292929292929
 1 297.979797979798
 1 303.030303030303
 197 308.0808080808081
 26 313.1313131313131
 43 318.1818181818182
 24 323.2323232323232
 37 328.2828282828282
 148 333.3333333333333
 60 338.3838383838383
 23 343.4343434343434
 189 348.4848484848484
 103 353.5353535353535
 25 358.5858585858585
 2 363.6363636363636
 41 368.6868686868686
 33 373.7373737373737
 28 378.7878787878788
 1 383.8383838383838
 0 388.8888888888889
 276 393.9393939393939
 66 398.989898989899
 48 404.040404040404
 187 409.0909090909091
 125 414.1414141414141
 554 419.1919191919192
 20 424.2424242424242
 212 429.2929292929293
 173 434.3434343434343
 3 439.3939393939394
 59 444.4444444444444
 72 449.4949494949495
 58 454.5454545454545
 0 459.5959595959596
 0 464.6464646464646
 0 469.6969696969697
 2 474.7474747474747
 0 479.7979797979798
 20 484.8484848484848
 24 489.8989898989898
 75 494.9494949494949
 0 500


