# Created by Octave 3.8.2, Sat Jun 20 23:52:11 2020 CEST <damian@fptrucha.inv.usc.es>
# name: hd
# type: matrix
# rows: 100
# columns: 2
 1 0
 4 5.05050505050505
 2 10.1010101010101
 266 15.15151515151515
 1 20.2020202020202
 0 25.25252525252525
 150 30.3030303030303
 540 35.35353535353535
 554 40.4040404040404
 274 45.45454545454545
 113 50.50505050505051
 66 55.55555555555555
 2 60.6060606060606
 270 65.65656565656565
 196 70.7070707070707
 564 75.75757575757575
 3 80.8080808080808
 1 85.85858585858585
 71 90.90909090909091
 1 95.95959595959596
 2 101.010101010101
 166 106.060606060606
 201 111.1111111111111
 386 116.1616161616162
 181 121.2121212121212
 74 126.2626262626263
 0 131.3131313131313
 2 136.3636363636363
 66 141.4141414141414
 84 146.4646464646464
 464 151.5151515151515
 270 156.5656565656566
 4 161.6161616161616
 0 166.6666666666667
 59 171.7171717171717
 29 176.7676767676768
 1 181.8181818181818
 0 186.8686868686869
 159 191.9191919191919
 259 196.969696969697
 47 202.020202020202
 100 207.070707070707
 179 212.1212121212121
 66 217.1717171717171
 112 222.2222222222222
 212 227.2727272727273
 146 232.3232323232323
 1 237.3737373737374
 22 242.4242424242424
 159 247.4747474747475
 20 252.5252525252525
 109 257.5757575757576
 120 262.6262626262626
 35 267.6767676767677
 270 272.7272727272727
 127 277.7777777777778
 418 282.8282828282828
 158 287.8787878787879
 3 292.9292929292929
 0 297.979797979798
 1 303.030303030303
 193 308.0808080808081
 23 313.1313131313131
 30 318.1818181818182
 27 323.2323232323232
 38 328.2828282828282
 180 333.3333333333333
 61 338.3838383838383
 13 343.4343434343434
 176 348.4848484848484
 80 353.5353535353535
 30 358.5858585858585
 1 363.6363636363636
 48 368.6868686868686
 32 373.7373737373737
 35 378.7878787878788
 0 383.8383838383838
 0 388.8888888888889
 305 393.9393939393939
 57 398.989898989899
 63 404.040404040404
 150 409.0909090909091
 151 414.1414141414141
 584 419.1919191919192
 18 424.2424242424242
 235 429.2929292929293
 170 434.3434343434343
 4 439.3939393939394
 51 444.4444444444444
 87 449.4949494949495
 54 454.5454545454545
 1 459.5959595959596
 1 464.6464646464646
 0 469.6969696969697
 0 474.7474747474747
 1 479.7979797979798
 18 484.8484848484848
 17 489.8989898989898
 52 494.9494949494949
 0 500


