# Created by Octave 3.8.2, Mon Jun 22 01:00:55 2020 CEST <damian@fptrucha.inv.usc.es>
# name: hd
# type: matrix
# rows: 100
# columns: 2
 0 0
 1 5.05050505050505
 0 10.1010101010101
 273 15.15151515151515
 1 20.2020202020202
 0 25.25252525252525
 148 30.3030303030303
 533 35.35353535353535
 606 40.4040404040404
 328 45.45454545454545
 125 50.50505050505051
 66 55.55555555555555
 0 60.6060606060606
 256 65.65656565656565
 202 70.7070707070707
 535 75.75757575757575
 1 80.8080808080808
 1 85.85858585858585
 56 90.90909090909091
 5 95.95959595959596
 6 101.010101010101
 159 106.060606060606
 184 111.1111111111111
 398 116.1616161616162
 212 121.2121212121212
 95 126.2626262626263
 2 131.3131313131313
 0 136.3636363636363
 59 141.4141414141414
 97 146.4646464646464
 444 151.5151515151515
 256 156.5656565656566
 2 161.6161616161616
 1 166.6666666666667
 69 171.7171717171717
 33 176.7676767676768
 0 181.8181818181818
 0 186.8686868686869
 179 191.9191919191919
 263 196.969696969697
 53 202.020202020202
 86 207.070707070707
 218 212.1212121212121
 62 217.1717171717171
 95 222.2222222222222
 231 227.2727272727273
 145 232.3232323232323
 0 237.3737373737374
 22 242.4242424242424
 123 247.4747474747475
 12 252.5252525252525
 119 257.5757575757576
 145 262.6262626262626
 28 267.6767676767677
 256 272.7272727272727
 150 277.7777777777778
 454 282.8282828282828
 192 287.8787878787879
 0 292.9292929292929
 0 297.979797979798
 0 303.030303030303
 231 308.0808080808081
 15 313.1313131313131
 44 318.1818181818182
 36 323.2323232323232
 45 328.2828282828282
 175 333.3333333333333
 60 338.3838383838383
 21 343.4343434343434
 184 348.4848484848484
 118 353.5353535353535
 29 358.5858585858585
 3 363.6363636363636
 50 368.6868686868686
 61 373.7373737373737
 36 378.7878787878788
 1 383.8383838383838
 0 388.8888888888889
 324 393.9393939393939
 66 398.989898989899
 66 404.040404040404
 173 409.0909090909091
 141 414.1414141414141
 572 419.1919191919192
 25 424.2424242424242
 206 429.2929292929293
 188 434.3434343434343
 2 439.3939393939394
 52 444.4444444444444
 84 449.4949494949495
 52 454.5454545454545
 1 459.5959595959596
 0 464.6464646464646
 2 469.6969696969697
 1 474.7474747474747
 5 479.7979797979798
 17 484.8484848484848
 19 489.8989898989898
 63 494.9494949494949
 0 500


