# Created by Octave 3.8.2, Sat Jun 20 23:11:52 2020 CEST <damian@fptrucha.inv.usc.es>
# name: hd
# type: matrix
# rows: 100
# columns: 2
 1 0
 3 5.05050505050505
 0 10.1010101010101
 255 15.15151515151515
 4 20.2020202020202
 0 25.25252525252525
 156 30.3030303030303
 541 35.35353535353535
 651 40.4040404040404
 317 45.45454545454545
 116 50.50505050505051
 61 55.55555555555555
 0 60.6060606060606
 272 65.65656565656565
 216 70.7070707070707
 561 75.75757575757575
 0 80.8080808080808
 0 85.85858585858585
 51 90.90909090909091
 1 95.95959595959596
 1 101.010101010101
 183 106.060606060606
 167 111.1111111111111
 314 116.1616161616162
 180 121.2121212121212
 86 126.2626262626263
 1 131.3131313131313
 3 136.3636363636363
 77 141.4141414141414
 81 146.4646464646464
 427 151.5151515151515
 277 156.5656565656566
 2 161.6161616161616
 0 166.6666666666667
 67 171.7171717171717
 28 176.7676767676768
 2 181.8181818181818
 2 186.8686868686869
 180 191.9191919191919
 251 196.969696969697
 38 202.020202020202
 80 207.070707070707
 196 212.1212121212121
 72 217.1717171717171
 98 222.2222222222222
 247 227.2727272727273
 147 232.3232323232323
 1 237.3737373737374
 22 242.4242424242424
 137 247.4747474747475
 24 252.5252525252525
 124 257.5757575757576
 148 262.6262626262626
 36 267.6767676767677
 236 272.7272727272727
 152 277.7777777777778
 445 282.8282828282828
 221 287.8787878787879
 1 292.9292929292929
 1 297.979797979798
 1 303.030303030303
 202 308.0808080808081
 30 313.1313131313131
 49 318.1818181818182
 33 323.2323232323232
 45 328.2828282828282
 172 333.3333333333333
 77 338.3838383838383
 21 343.4343434343434
 191 348.4848484848484
 103 353.5353535353535
 20 358.5858585858585
 4 363.6363636363636
 46 368.6868686868686
 34 373.7373737373737
 30 378.7878787878788
 0 383.8383838383838
 1 388.8888888888889
 310 393.9393939393939
 47 398.989898989899
 61 404.040404040404
 151 409.0909090909091
 134 414.1414141414141
 604 419.1919191919192
 27 424.2424242424242
 212 429.2929292929293
 174 434.3434343434343
 1 439.3939393939394
 56 444.4444444444444
 65 449.4949494949495
 48 454.5454545454545
 0 459.5959595959596
 0 464.6464646464646
 0 469.6969696969697
 0 474.7474747474747
 2 479.7979797979798
 18 484.8484848484848
 21 489.8989898989898
 65 494.9494949494949
 0 500


