# Created by Octave 3.8.2, Sat Jun 20 22:50:05 2020 CEST <damian@fptrucha.inv.usc.es>
# name: hd
# type: matrix
# rows: 100
# columns: 2
 3 0
 3 5.05050505050505
 0 10.1010101010101
 273 15.15151515151515
 1 20.2020202020202
 0 25.25252525252525
 146 30.3030303030303
 449 35.35353535353535
 615 40.4040404040404
 314 45.45454545454545
 125 50.50505050505051
 75 55.55555555555555
 1 60.6060606060606
 264 65.65656565656565
 194 70.7070707070707
 567 75.75757575757575
 3 80.8080808080808
 0 85.85858585858585
 51 90.90909090909091
 3 95.95959595959596
 2 101.010101010101
 171 106.060606060606
 179 111.1111111111111
 364 116.1616161616162
 204 121.2121212121212
 103 126.2626262626263
 0 131.3131313131313
 2 136.3636363636363
 65 141.4141414141414
 86 146.4646464646464
 458 151.5151515151515
 278 156.5656565656566
 4 161.6161616161616
 0 166.6666666666667
 63 171.7171717171717
 32 176.7676767676768
 1 181.8181818181818
 1 186.8686868686869
 183 191.9191919191919
 260 196.969696969697
 49 202.020202020202
 71 207.070707070707
 189 212.1212121212121
 63 217.1717171717171
 103 222.2222222222222
 190 227.2727272727273
 115 232.3232323232323
 2 237.3737373737374
 24 242.4242424242424
 138 247.4747474747475
 16 252.5252525252525
 117 257.5757575757576
 148 262.6262626262626
 35 267.6767676767677
 256 272.7272727272727
 141 277.7777777777778
 433 282.8282828282828
 180 287.8787878787879
 2 292.9292929292929
 2 297.979797979798
 0 303.030303030303
 198 308.0808080808081
 27 313.1313131313131
 42 318.1818181818182
 31 323.2323232323232
 49 328.2828282828282
 172 333.3333333333333
 73 338.3838383838383
 26 343.4343434343434
 179 348.4848484848484
 100 353.5353535353535
 33 358.5858585858585
 2 363.6363636363636
 31 368.6868686868686
 37 373.7373737373737
 24 378.7878787878788
 0 383.8383838383838
 1 388.8888888888889
 298 393.9393939393939
 52 398.989898989899
 63 404.040404040404
 143 409.0909090909091
 126 414.1414141414141
 573 419.1919191919192
 16 424.2424242424242
 224 429.2929292929293
 172 434.3434343434343
 4 439.3939393939394
 54 444.4444444444444
 73 449.4949494949495
 46 454.5454545454545
 1 459.5959595959596
 0 464.6464646464646
 3 469.6969696969697
 0 474.7474747474747
 1 479.7979797979798
 17 484.8484848484848
 22 489.8989898989898
 68 494.9494949494949
 0 500


