# Created by Octave 3.8.2, Mon Jun 22 09:23:59 2020 CEST <damian@fptrucha.inv.usc.es>
# name: hd
# type: matrix
# rows: 100
# columns: 2
 0 0
 3 5.05050505050505
 1 10.1010101010101
 262 15.15151515151515
 5 20.2020202020202
 1 25.25252525252525
 163 30.3030303030303
 520 35.35353535353535
 595 40.4040404040404
 328 45.45454545454545
 138 50.50505050505051
 68 55.55555555555555
 3 60.6060606060606
 289 65.65656565656565
 212 70.7070707070707
 541 75.75757575757575
 1 80.8080808080808
 2 85.85858585858585
 58 90.90909090909091
 8 95.95959595959596
 4 101.010101010101
 188 106.060606060606
 146 111.1111111111111
 430 116.1616161616162
 177 121.2121212121212
 78 126.2626262626263
 2 131.3131313131313
 2 136.3636363636363
 76 141.4141414141414
 93 146.4646464646464
 425 151.5151515151515
 256 156.5656565656566
 2 161.6161616161616
 1 166.6666666666667
 55 171.7171717171717
 24 176.7676767676768
 1 181.8181818181818
 1 186.8686868686869
 196 191.9191919191919
 266 196.969696969697
 44 202.020202020202
 93 207.070707070707
 171 212.1212121212121
 72 217.1717171717171
 84 222.2222222222222
 213 227.2727272727273
 110 232.3232323232323
 1 237.3737373737374
 27 242.4242424242424
 138 247.4747474747475
 25 252.5252525252525
 115 257.5757575757576
 132 262.6262626262626
 43 267.6767676767677
 272 272.7272727272727
 136 277.7777777777778
 447 282.8282828282828
 203 287.8787878787879
 2 292.9292929292929
 2 297.979797979798
 1 303.030303030303
 219 308.0808080808081
 36 313.1313131313131
 35 318.1818181818182
 43 323.2323232323232
 47 328.2828282828282
 160 333.3333333333333
 65 338.3838383838383
 20 343.4343434343434
 195 348.4848484848484
 99 353.5353535353535
 27 358.5858585858585
 1 363.6363636363636
 33 368.6868686868686
 35 373.7373737373737
 39 378.7878787878788
 1 383.8383838383838
 0 388.8888888888889
 306 393.9393939393939
 62 398.989898989899
 78 404.040404040404
 174 409.0909090909091
 142 414.1414141414141
 541 419.1919191919192
 24 424.2424242424242
 234 429.2929292929293
 170 434.3434343434343
 1 439.3939393939394
 55 444.4444444444444
 76 449.4949494949495
 51 454.5454545454545
 3 459.5959595959596
 1 464.6464646464646
 3 469.6969696969697
 5 474.7474747474747
 3 479.7979797979798
 24 484.8484848484848
 18 489.8989898989898
 56 494.9494949494949
 0 500


