# Created by Octave 3.8.2, Mon Jun 22 23:22:32 2020 CEST <damian@fptrucha.inv.usc.es>
# name: hd
# type: matrix
# rows: 100
# columns: 2
 1 0
 1 5.05050505050505
 3 10.1010101010101
 304 15.15151515151515
 1 20.2020202020202
 1 25.25252525252525
 146 30.3030303030303
 541 35.35353535353535
 608 40.4040404040404
 327 45.45454545454545
 117 50.50505050505051
 61 55.55555555555555
 4 60.6060606060606
 289 65.65656565656565
 203 70.7070707070707
 581 75.75757575757575
 1 80.8080808080808
 1 85.85858585858585
 66 90.90909090909091
 8 95.95959595959596
 2 101.010101010101
 181 106.060606060606
 187 111.1111111111111
 404 116.1616161616162
 204 121.2121212121212
 98 126.2626262626263
 1 131.3131313131313
 3 136.3636363636363
 68 141.4141414141414
 83 146.4646464646464
 481 151.5151515151515
 282 156.5656565656566
 1 161.6161616161616
 1 166.6666666666667
 74 171.7171717171717
 35 176.7676767676768
 0 181.8181818181818
 2 186.8686868686869
 218 191.9191919191919
 278 196.969696969697
 58 202.020202020202
 113 207.070707070707
 210 212.1212121212121
 64 217.1717171717171
 104 222.2222222222222
 231 227.2727272727273
 151 232.3232323232323
 2 237.3737373737374
 22 242.4242424242424
 156 247.4747474747475
 26 252.5252525252525
 147 257.5757575757576
 136 262.6262626262626
 40 267.6767676767677
 260 272.7272727272727
 158 277.7777777777778
 492 282.8282828282828
 208 287.8787878787879
 1 292.9292929292929
 2 297.979797979798
 0 303.030303030303
 215 308.0808080808081
 30 313.1313131313131
 37 318.1818181818182
 34 323.2323232323232
 41 328.2828282828282
 182 333.3333333333333
 79 338.3838383838383
 20 343.4343434343434
 222 348.4848484848484
 105 353.5353535353535
 43 358.5858585858585
 0 363.6363636363636
 46 368.6868686868686
 38 373.7373737373737
 44 378.7878787878788
 1 383.8383838383838
 1 388.8888888888889
 371 393.9393939393939
 72 398.989898989899
 61 404.040404040404
 174 409.0909090909091
 164 414.1414141414141
 594 419.1919191919192
 30 424.2424242424242
 264 429.2929292929293
 215 434.3434343434343
 3 439.3939393939394
 53 444.4444444444444
 69 449.4949494949495
 49 454.5454545454545
 0 459.5959595959596
 3 464.6464646464646
 4 469.6969696969697
 0 474.7474747474747
 0 479.7979797979798
 25 484.8484848484848
 26 489.8989898989898
 79 494.9494949494949
 0 500


