# Created by Octave 3.8.2, Mon Jun 22 17:03:52 2020 CEST <damian@fptrucha.inv.usc.es>
# name: hd
# type: matrix
# rows: 100
# columns: 2
 1 0
 4 5.05050505050505
 5 10.1010101010101
 296 15.15151515151515
 4 20.2020202020202
 1 25.25252525252525
 152 30.3030303030303
 544 35.35353535353535
 593 40.4040404040404
 290 45.45454545454545
 131 50.50505050505051
 60 55.55555555555555
 2 60.6060606060606
 302 65.65656565656565
 207 70.7070707070707
 537 75.75757575757575
 0 80.8080808080808
 1 85.85858585858585
 52 90.90909090909091
 7 95.95959595959596
 6 101.010101010101
 205 106.060606060606
 184 111.1111111111111
 384 116.1616161616162
 216 121.2121212121212
 79 126.2626262626263
 1 131.3131313131313
 2 136.3636363636363
 72 141.4141414141414
 93 146.4646464646464
 452 151.5151515151515
 258 156.5656565656566
 2 161.6161616161616
 1 166.6666666666667
 78 171.7171717171717
 46 176.7676767676768
 1 181.8181818181818
 2 186.8686868686869
 190 191.9191919191919
 279 196.969696969697
 55 202.020202020202
 97 207.070707070707
 175 212.1212121212121
 72 217.1717171717171
 114 222.2222222222222
 242 227.2727272727273
 142 232.3232323232323
 1 237.3737373737374
 33 242.4242424242424
 147 247.4747474747475
 27 252.5252525252525
 123 257.5757575757576
 128 262.6262626262626
 40 267.6767676767677
 270 272.7272727272727
 134 277.7777777777778
 439 282.8282828282828
 235 287.8787878787879
 4 292.9292929292929
 1 297.979797979798
 2 303.030303030303
 253 308.0808080808081
 28 313.1313131313131
 41 318.1818181818182
 33 323.2323232323232
 45 328.2828282828282
 176 333.3333333333333
 68 338.3838383838383
 17 343.4343434343434
 191 348.4848484848484
 105 353.5353535353535
 21 358.5858585858585
 0 363.6363636363636
 46 368.6868686868686
 39 373.7373737373737
 44 378.7878787878788
 0 383.8383838383838
 1 388.8888888888889
 336 393.9393939393939
 74 398.989898989899
 71 404.040404040404
 183 409.0909090909091
 146 414.1414141414141
 582 419.1919191919192
 17 424.2424242424242
 234 429.2929292929293
 190 434.3434343434343
 3 439.3939393939394
 54 444.4444444444444
 86 449.4949494949495
 52 454.5454545454545
 0 459.5959595959596
 0 464.6464646464646
 1 469.6969696969697
 2 474.7474747474747
 2 479.7979797979798
 17 484.8484848484848
 28 489.8989898989898
 79 494.9494949494949
 0 500


