# Created by Octave 3.8.2, Sat Jun 20 17:53:47 2020 CEST <damian@fptrucha.inv.usc.es>
# name: hd
# type: matrix
# rows: 100
# columns: 2
 1 0
 1 5.05050505050505
 0 10.1010101010101
 287 15.15151515151515
 0 20.2020202020202
 0 25.25252525252525
 169 30.3030303030303
 539 35.35353535353535
 636 40.4040404040404
 328 45.45454545454545
 123 50.50505050505051
 54 55.55555555555555
 2 60.6060606060606
 256 65.65656565656565
 190 70.7070707070707
 588 75.75757575757575
 2 80.8080808080808
 0 85.85858585858585
 55 90.90909090909091
 3 95.95959595959596
 2 101.010101010101
 201 106.060606060606
 159 111.1111111111111
 391 116.1616161616162
 203 121.2121212121212
 97 126.2626262626263
 0 131.3131313131313
 1 136.3636363636363
 65 141.4141414141414
 97 146.4646464646464
 457 151.5151515151515
 283 156.5656565656566
 1 161.6161616161616
 1 166.6666666666667
 63 171.7171717171717
 41 176.7676767676768
 0 181.8181818181818
 0 186.8686868686869
 200 191.9191919191919
 262 196.969696969697
 52 202.020202020202
 88 207.070707070707
 196 212.1212121212121
 76 217.1717171717171
 90 222.2222222222222
 193 227.2727272727273
 149 232.3232323232323
 0 237.3737373737374
 21 242.4242424242424
 154 247.4747474747475
 23 252.5252525252525
 124 257.5757575757576
 141 262.6262626262626
 50 267.6767676767677
 222 272.7272727272727
 153 277.7777777777778
 448 282.8282828282828
 203 287.8787878787879
 1 292.9292929292929
 2 297.979797979798
 1 303.030303030303
 200 308.0808080808081
 21 313.1313131313131
 56 318.1818181818182
 25 323.2323232323232
 34 328.2828282828282
 179 333.3333333333333
 73 338.3838383838383
 18 343.4343434343434
 209 348.4848484848484
 102 353.5353535353535
 26 358.5858585858585
 0 363.6363636363636
 48 368.6868686868686
 47 373.7373737373737
 40 378.7878787878788
 0 383.8383838383838
 1 388.8888888888889
 327 393.9393939393939
 46 398.989898989899
 62 404.040404040404
 154 409.0909090909091
 133 414.1414141414141
 541 419.1919191919192
 14 424.2424242424242
 205 429.2929292929293
 164 434.3434343434343
 9 439.3939393939394
 51 444.4444444444444
 79 449.4949494949495
 62 454.5454545454545
 1 459.5959595959596
 1 464.6464646464646
 1 469.6969696969697
 0 474.7474747474747
 0 479.7979797979798
 16 484.8484848484848
 22 489.8989898989898
 81 494.9494949494949
 0 500


