# Created by Octave 3.8.2, Sat Jun 20 20:35:39 2020 CEST <damian@fptrucha.inv.usc.es>
# name: hd
# type: matrix
# rows: 100
# columns: 2
 2 0
 4 5.05050505050505
 0 10.1010101010101
 250 15.15151515151515
 2 20.2020202020202
 1 25.25252525252525
 137 30.3030303030303
 543 35.35353535353535
 553 40.4040404040404
 293 45.45454545454545
 154 50.50505050505051
 72 55.55555555555555
 1 60.6060606060606
 251 65.65656565656565
 188 70.7070707070707
 582 75.75757575757575
 0 80.8080808080808
 2 85.85858585858585
 52 90.90909090909091
 4 95.95959595959596
 2 101.010101010101
 199 106.060606060606
 203 111.1111111111111
 360 116.1616161616162
 204 121.2121212121212
 111 126.2626262626263
 0 131.3131313131313
 1 136.3636363636363
 64 141.4141414141414
 78 146.4646464646464
 456 151.5151515151515
 258 156.5656565656566
 3 161.6161616161616
 0 166.6666666666667
 59 171.7171717171717
 31 176.7676767676768
 0 181.8181818181818
 1 186.8686868686869
 190 191.9191919191919
 261 196.969696969697
 62 202.020202020202
 92 207.070707070707
 180 212.1212121212121
 54 217.1717171717171
 100 222.2222222222222
 218 227.2727272727273
 112 232.3232323232323
 3 237.3737373737374
 18 242.4242424242424
 137 247.4747474747475
 19 252.5252525252525
 126 257.5757575757576
 147 262.6262626262626
 38 267.6767676767677
 255 272.7272727272727
 150 277.7777777777778
 439 282.8282828282828
 195 287.8787878787879
 2 292.9292929292929
 2 297.979797979798
 0 303.030303030303
 200 308.0808080808081
 27 313.1313131313131
 48 318.1818181818182
 26 323.2323232323232
 29 328.2828282828282
 168 333.3333333333333
 68 338.3838383838383
 11 343.4343434343434
 152 348.4848484848484
 87 353.5353535353535
 23 358.5858585858585
 0 363.6363636363636
 43 368.6868686868686
 40 373.7373737373737
 44 378.7878787878788
 2 383.8383838383838
 1 388.8888888888889
 317 393.9393939393939
 48 398.989898989899
 85 404.040404040404
 167 409.0909090909091
 120 414.1414141414141
 590 419.1919191919192
 18 424.2424242424242
 221 429.2929292929293
 191 434.3434343434343
 2 439.3939393939394
 54 444.4444444444444
 84 449.4949494949495
 51 454.5454545454545
 0 459.5959595959596
 1 464.6464646464646
 0 469.6969696969697
 0 474.7474747474747
 1 479.7979797979798
 20 484.8484848484848
 22 489.8989898989898
 65 494.9494949494949
 0 500


