# Created by Octave 3.8.2, Mon Jun 22 22:00:44 2020 CEST <damian@fptrucha.inv.usc.es>
# name: hd
# type: matrix
# rows: 100
# columns: 2
 2 0
 2 5.05050505050505
 3 10.1010101010101
 285 15.15151515151515
 2 20.2020202020202
 1 25.25252525252525
 168 30.3030303030303
 521 35.35353535353535
 671 40.4040404040404
 345 45.45454545454545
 138 50.50505050505051
 81 55.55555555555555
 5 60.6060606060606
 278 65.65656565656565
 233 70.7070707070707
 562 75.75757575757575
 1 80.8080808080808
 0 85.85858585858585
 67 90.90909090909091
 3 95.95959595959596
 6 101.010101010101
 183 106.060606060606
 167 111.1111111111111
 397 116.1616161616162
 217 121.2121212121212
 80 126.2626262626263
 0 131.3131313131313
 0 136.3636363636363
 75 141.4141414141414
 104 146.4646464646464
 441 151.5151515151515
 287 156.5656565656566
 2 161.6161616161616
 0 166.6666666666667
 75 171.7171717171717
 32 176.7676767676768
 0 181.8181818181818
 2 186.8686868686869
 192 191.9191919191919
 278 196.969696969697
 43 202.020202020202
 96 207.070707070707
 182 212.1212121212121
 76 217.1717171717171
 115 222.2222222222222
 262 227.2727272727273
 165 232.3232323232323
 2 237.3737373737374
 29 242.4242424242424
 136 247.4747474747475
 21 252.5252525252525
 131 257.5757575757576
 134 262.6262626262626
 36 267.6767676767677
 282 272.7272727272727
 148 277.7777777777778
 474 282.8282828282828
 230 287.8787878787879
 2 292.9292929292929
 0 297.979797979798
 1 303.030303030303
 239 308.0808080808081
 32 313.1313131313131
 48 318.1818181818182
 41 323.2323232323232
 43 328.2828282828282
 186 333.3333333333333
 72 338.3838383838383
 27 343.4343434343434
 204 348.4848484848484
 112 353.5353535353535
 22 358.5858585858585
 3 363.6363636363636
 67 368.6868686868686
 33 373.7373737373737
 43 378.7878787878788
 1 383.8383838383838
 2 388.8888888888889
 331 393.9393939393939
 75 398.989898989899
 64 404.040404040404
 176 409.0909090909091
 177 414.1414141414141
 563 419.1919191919192
 24 424.2424242424242
 208 429.2929292929293
 187 434.3434343434343
 4 439.3939393939394
 65 444.4444444444444
 78 449.4949494949495
 46 454.5454545454545
 1 459.5959595959596
 1 464.6464646464646
 1 469.6969696969697
 1 474.7474747474747
 1 479.7979797979798
 16 484.8484848484848
 28 489.8989898989898
 73 494.9494949494949
 0 500


