# Created by Octave 3.8.2, Sat Jun 20 08:49:50 2020 CEST <damian@fptrucha.inv.usc.es>
# name: hd
# type: matrix
# rows: 100
# columns: 2
 1 0
 9 5.05050505050505
 2 10.1010101010101
 293 15.15151515151515
 2 20.2020202020202
 1 25.25252525252525
 168 30.3030303030303
 552 35.35353535353535
 711 40.4040404040404
 334 45.45454545454545
 136 50.50505050505051
 78 55.55555555555555
 2 60.6060606060606
 338 65.65656565656565
 236 70.7070707070707
 677 75.75757575757575
 0 80.8080808080808
 1 85.85858585858585
 59 90.90909090909091
 4 95.95959595959596
 7 101.010101010101
 190 106.060606060606
 213 111.1111111111111
 433 116.1616161616162
 223 121.2121212121212
 103 126.2626262626263
 0 131.3131313131313
 1 136.3636363636363
 72 141.4141414141414
 117 146.4646464646464
 502 151.5151515151515
 276 156.5656565656566
 2 161.6161616161616
 1 166.6666666666667
 71 171.7171717171717
 34 176.7676767676768
 0 181.8181818181818
 0 186.8686868686869
 192 191.9191919191919
 292 196.969696969697
 57 202.020202020202
 114 207.070707070707
 202 212.1212121212121
 85 217.1717171717171
 129 222.2222222222222
 239 227.2727272727273
 156 232.3232323232323
 2 237.3737373737374
 24 242.4242424242424
 166 247.4747474747475
 26 252.5252525252525
 133 257.5757575757576
 158 262.6262626262626
 51 267.6767676767677
 300 272.7272727272727
 193 277.7777777777778
 494 282.8282828282828
 210 287.8787878787879
 2 292.9292929292929
 0 297.979797979798
 2 303.030303030303
 241 308.0808080808081
 20 313.1313131313131
 38 318.1818181818182
 44 323.2323232323232
 55 328.2828282828282
 203 333.3333333333333
 59 338.3838383838383
 21 343.4343434343434
 214 348.4848484848484
 139 353.5353535353535
 29 358.5858585858585
 0 363.6363636363636
 54 368.6868686868686
 46 373.7373737373737
 39 378.7878787878788
 0 383.8383838383838
 0 388.8888888888889
 346 393.9393939393939
 63 398.989898989899
 77 404.040404040404
 186 409.0909090909091
 181 414.1414141414141
 624 419.1919191919192
 28 424.2424242424242
 276 429.2929292929293
 216 434.3434343434343
 5 439.3939393939394
 55 444.4444444444444
 84 449.4949494949495
 60 454.5454545454545
 1 459.5959595959596
 0 464.6464646464646
 0 469.6969696969697
 1 474.7474747474747
 0 479.7979797979798
 17 484.8484848484848
 21 489.8989898989898
 63 494.9494949494949
 0 500


