# Created by Octave 3.8.2, Mon Jun 22 18:24:04 2020 CEST <damian@fptrucha.inv.usc.es>
# name: hd
# type: matrix
# rows: 100
# columns: 2
 3 0
 1 5.05050505050505
 1 10.1010101010101
 288 15.15151515151515
 4 20.2020202020202
 0 25.25252525252525
 157 30.3030303030303
 542 35.35353535353535
 558 40.4040404040404
 330 45.45454545454545
 133 50.50505050505051
 51 55.55555555555555
 3 60.6060606060606
 321 65.65656565656565
 210 70.7070707070707
 577 75.75757575757575
 2 80.8080808080808
 2 85.85858585858585
 66 90.90909090909091
 2 95.95959595959596
 3 101.010101010101
 179 106.060606060606
 203 111.1111111111111
 406 116.1616161616162
 200 121.2121212121212
 88 126.2626262626263
 0 131.3131313131313
 2 136.3636363636363
 70 141.4141414141414
 94 146.4646464646464
 462 151.5151515151515
 251 156.5656565656566
 2 161.6161616161616
 1 166.6666666666667
 92 171.7171717171717
 40 176.7676767676768
 0 181.8181818181818
 1 186.8686868686869
 208 191.9191919191919
 270 196.969696969697
 59 202.020202020202
 87 207.070707070707
 174 212.1212121212121
 64 217.1717171717171
 108 222.2222222222222
 238 227.2727272727273
 140 232.3232323232323
 0 237.3737373737374
 29 242.4242424242424
 155 247.4747474747475
 31 252.5252525252525
 128 257.5757575757576
 121 262.6262626262626
 40 267.6767676767677
 299 272.7272727272727
 154 277.7777777777778
 460 282.8282828282828
 189 287.8787878787879
 0 292.9292929292929
 3 297.979797979798
 2 303.030303030303
 212 308.0808080808081
 22 313.1313131313131
 44 318.1818181818182
 32 323.2323232323232
 47 328.2828282828282
 208 333.3333333333333
 75 338.3838383838383
 29 343.4343434343434
 210 348.4848484848484
 114 353.5353535353535
 20 358.5858585858585
 0 363.6363636363636
 44 368.6868686868686
 42 373.7373737373737
 36 378.7878787878788
 2 383.8383838383838
 1 388.8888888888889
 310 393.9393939393939
 73 398.989898989899
 59 404.040404040404
 183 409.0909090909091
 141 414.1414141414141
 591 419.1919191919192
 23 424.2424242424242
 246 429.2929292929293
 182 434.3434343434343
 8 439.3939393939394
 62 444.4444444444444
 75 449.4949494949495
 60 454.5454545454545
 0 459.5959595959596
 0 464.6464646464646
 4 469.6969696969697
 1 474.7474747474747
 1 479.7979797979798
 15 484.8484848484848
 18 489.8989898989898
 72 494.9494949494949
 0 500


