# Created by Octave 3.8.2, Mon Jun 22 16:47:28 2020 CEST <damian@fptrucha.inv.usc.es>
# name: hd
# type: matrix
# rows: 100
# columns: 2
 4 0
 5 5.05050505050505
 0 10.1010101010101
 299 15.15151515151515
 3 20.2020202020202
 2 25.25252525252525
 154 30.3030303030303
 511 35.35353535353535
 595 40.4040404040404
 338 45.45454545454545
 116 50.50505050505051
 65 55.55555555555555
 1 60.6060606060606
 295 65.65656565656565
 221 70.7070707070707
 558 75.75757575757575
 0 80.8080808080808
 2 85.85858585858585
 81 90.90909090909091
 6 95.95959595959596
 4 101.010101010101
 206 106.060606060606
 173 111.1111111111111
 393 116.1616161616162
 193 121.2121212121212
 76 126.2626262626263
 2 131.3131313131313
 3 136.3636363636363
 75 141.4141414141414
 71 146.4646464646464
 451 151.5151515151515
 260 156.5656565656566
 1 161.6161616161616
 0 166.6666666666667
 80 171.7171717171717
 29 176.7676767676768
 2 181.8181818181818
 2 186.8686868686869
 198 191.9191919191919
 246 196.969696969697
 39 202.020202020202
 98 207.070707070707
 171 212.1212121212121
 69 217.1717171717171
 91 222.2222222222222
 216 227.2727272727273
 147 232.3232323232323
 1 237.3737373737374
 25 242.4242424242424
 160 247.4747474747475
 21 252.5252525252525
 107 257.5757575757576
 142 262.6262626262626
 45 267.6767676767677
 248 272.7272727272727
 135 277.7777777777778
 449 282.8282828282828
 179 287.8787878787879
 0 292.9292929292929
 2 297.979797979798
 0 303.030303030303
 227 308.0808080808081
 25 313.1313131313131
 47 318.1818181818182
 31 323.2323232323232
 38 328.2828282828282
 194 333.3333333333333
 64 338.3838383838383
 14 343.4343434343434
 162 348.4848484848484
 121 353.5353535353535
 30 358.5858585858585
 5 363.6363636363636
 44 368.6868686868686
 39 373.7373737373737
 42 378.7878787878788
 1 383.8383838383838
 0 388.8888888888889
 304 393.9393939393939
 69 398.989898989899
 65 404.040404040404
 170 409.0909090909091
 149 414.1414141414141
 584 419.1919191919192
 18 424.2424242424242
 239 429.2929292929293
 178 434.3434343434343
 5 439.3939393939394
 52 444.4444444444444
 67 449.4949494949495
 62 454.5454545454545
 1 459.5959595959596
 1 464.6464646464646
 2 469.6969696969697
 0 474.7474747474747
 1 479.7979797979798
 20 484.8484848484848
 23 489.8989898989898
 75 494.9494949494949
 0 500


