# Created by Octave 3.8.2, Mon Jun 22 15:45:17 2020 CEST <damian@fptrucha.inv.usc.es>
# name: hd
# type: matrix
# rows: 100
# columns: 2
 1 0
 3 5.05050505050505
 3 10.1010101010101
 296 15.15151515151515
 6 20.2020202020202
 1 25.25252525252525
 171 30.3030303030303
 518 35.35353535353535
 629 40.4040404040404
 321 45.45454545454545
 123 50.50505050505051
 69 55.55555555555555
 5 60.6060606060606
 299 65.65656565656565
 216 70.7070707070707
 634 75.75757575757575
 0 80.8080808080808
 0 85.85858585858585
 65 90.90909090909091
 5 95.95959595959596
 2 101.010101010101
 191 106.060606060606
 175 111.1111111111111
 379 116.1616161616162
 203 121.2121212121212
 86 126.2626262626263
 2 131.3131313131313
 3 136.3636363636363
 86 141.4141414141414
 89 146.4646464646464
 456 151.5151515151515
 274 156.5656565656566
 3 161.6161616161616
 0 166.6666666666667
 68 171.7171717171717
 27 176.7676767676768
 2 181.8181818181818
 1 186.8686868686869
 197 191.9191919191919
 267 196.969696969697
 54 202.020202020202
 90 207.070707070707
 195 212.1212121212121
 72 217.1717171717171
 114 222.2222222222222
 243 227.2727272727273
 139 232.3232323232323
 0 237.3737373737374
 28 242.4242424242424
 168 247.4747474747475
 25 252.5252525252525
 107 257.5757575757576
 150 262.6262626262626
 41 267.6767676767677
 282 272.7272727272727
 114 277.7777777777778
 460 282.8282828282828
 222 287.8787878787879
 3 292.9292929292929
 0 297.979797979798
 1 303.030303030303
 202 308.0808080808081
 20 313.1313131313131
 38 318.1818181818182
 31 323.2323232323232
 53 328.2828282828282
 181 333.3333333333333
 79 338.3838383838383
 18 343.4343434343434
 182 348.4848484848484
 110 353.5353535353535
 33 358.5858585858585
 3 363.6363636363636
 52 368.6868686868686
 44 373.7373737373737
 32 378.7878787878788
 0 383.8383838383838
 0 388.8888888888889
 343 393.9393939393939
 68 398.989898989899
 70 404.040404040404
 193 409.0909090909091
 159 414.1414141414141
 527 419.1919191919192
 27 424.2424242424242
 229 429.2929292929293
 181 434.3434343434343
 4 439.3939393939394
 50 444.4444444444444
 73 449.4949494949495
 55 454.5454545454545
 0 459.5959595959596
 0 464.6464646464646
 2 469.6969696969697
 2 474.7474747474747
 2 479.7979797979798
 19 484.8484848484848
 23 489.8989898989898
 81 494.9494949494949
 0 500


