# Created by Octave 3.8.2, Mon Jun 22 12:05:42 2020 CEST <damian@fptrucha.inv.usc.es>
# name: hd
# type: matrix
# rows: 100
# columns: 2
 4 0
 1 5.05050505050505
 4 10.1010101010101
 293 15.15151515151515
 3 20.2020202020202
 1 25.25252525252525
 146 30.3030303030303
 555 35.35353535353535
 597 40.4040404040404
 299 45.45454545454545
 126 50.50505050505051
 70 55.55555555555555
 2 60.6060606060606
 296 65.65656565656565
 215 70.7070707070707
 583 75.75757575757575
 2 80.8080808080808
 0 85.85858585858585
 88 90.90909090909091
 10 95.95959595959596
 3 101.010101010101
 192 106.060606060606
 185 111.1111111111111
 432 116.1616161616162
 182 121.2121212121212
 80 126.2626262626263
 4 131.3131313131313
 1 136.3636363636363
 61 141.4141414141414
 100 146.4646464646464
 438 151.5151515151515
 270 156.5656565656566
 2 161.6161616161616
 1 166.6666666666667
 68 171.7171717171717
 55 176.7676767676768
 1 181.8181818181818
 1 186.8686868686869
 196 191.9191919191919
 280 196.969696969697
 33 202.020202020202
 101 207.070707070707
 210 212.1212121212121
 69 217.1717171717171
 91 222.2222222222222
 233 227.2727272727273
 160 232.3232323232323
 2 237.3737373737374
 26 242.4242424242424
 134 247.4747474747475
 24 252.5252525252525
 129 257.5757575757576
 133 262.6262626262626
 36 267.6767676767677
 246 272.7272727272727
 136 277.7777777777778
 423 282.8282828282828
 195 287.8787878787879
 0 292.9292929292929
 0 297.979797979798
 1 303.030303030303
 196 308.0808080808081
 29 313.1313131313131
 35 318.1818181818182
 42 323.2323232323232
 34 328.2828282828282
 188 333.3333333333333
 74 338.3838383838383
 22 343.4343434343434
 168 348.4848484848484
 81 353.5353535353535
 26 358.5858585858585
 1 363.6363636363636
 36 368.6868686868686
 33 373.7373737373737
 31 378.7878787878788
 3 383.8383838383838
 1 388.8888888888889
 336 393.9393939393939
 55 398.989898989899
 72 404.040404040404
 179 409.0909090909091
 158 414.1414141414141
 585 419.1919191919192
 24 424.2424242424242
 221 429.2929292929293
 193 434.3434343434343
 2 439.3939393939394
 53 444.4444444444444
 62 449.4949494949495
 52 454.5454545454545
 2 459.5959595959596
 1 464.6464646464646
 2 469.6969696969697
 1 474.7474747474747
 0 479.7979797979798
 22 484.8484848484848
 29 489.8989898989898
 61 494.9494949494949
 0 500


