# Created by Octave 3.8.2, Sun Jun 21 03:41:10 2020 CEST <damian@fptrucha.inv.usc.es>
# name: hd
# type: matrix
# rows: 100
# columns: 2
 0 0
 4 5.05050505050505
 0 10.1010101010101
 287 15.15151515151515
 1 20.2020202020202
 0 25.25252525252525
 153 30.3030303030303
 526 35.35353535353535
 558 40.4040404040404
 278 45.45454545454545
 137 50.50505050505051
 56 55.55555555555555
 4 60.6060606060606
 258 65.65656565656565
 197 70.7070707070707
 524 75.75757575757575
 0 80.8080808080808
 2 85.85858585858585
 66 90.90909090909091
 4 95.95959595959596
 3 101.010101010101
 179 106.060606060606
 191 111.1111111111111
 361 116.1616161616162
 209 121.2121212121212
 64 126.2626262626263
 0 131.3131313131313
 1 136.3636363636363
 70 141.4141414141414
 87 146.4646464646464
 436 151.5151515151515
 251 156.5656565656566
 3 161.6161616161616
 0 166.6666666666667
 85 171.7171717171717
 26 176.7676767676768
 0 181.8181818181818
 0 186.8686868686869
 187 191.9191919191919
 270 196.969696969697
 43 202.020202020202
 97 207.070707070707
 182 212.1212121212121
 63 217.1717171717171
 86 222.2222222222222
 206 227.2727272727273
 114 232.3232323232323
 0 237.3737373737374
 15 242.4242424242424
 119 247.4747474747475
 12 252.5252525252525
 103 257.5757575757576
 135 262.6262626262626
 44 267.6767676767677
 224 272.7272727272727
 121 277.7777777777778
 441 282.8282828282828
 189 287.8787878787879
 0 292.9292929292929
 1 297.979797979798
 0 303.030303030303
 176 308.0808080808081
 24 313.1313131313131
 47 318.1818181818182
 29 323.2323232323232
 42 328.2828282828282
 168 333.3333333333333
 71 338.3838383838383
 16 343.4343434343434
 190 348.4848484848484
 101 353.5353535353535
 18 358.5858585858585
 4 363.6363636363636
 41 368.6868686868686
 46 373.7373737373737
 35 378.7878787878788
 2 383.8383838383838
 0 388.8888888888889
 322 393.9393939393939
 70 398.989898989899
 62 404.040404040404
 164 409.0909090909091
 147 414.1414141414141
 508 419.1919191919192
 18 424.2424242424242
 243 429.2929292929293
 144 434.3434343434343
 2 439.3939393939394
 45 444.4444444444444
 76 449.4949494949495
 62 454.5454545454545
 1 459.5959595959596
 1 464.6464646464646
 0 469.6969696969697
 0 474.7474747474747
 0 479.7979797979798
 14 484.8484848484848
 24 489.8989898989898
 66 494.9494949494949
 0 500


