# Created by Octave 3.8.2, Mon Jun 22 05:45:56 2020 CEST <damian@fptrucha.inv.usc.es>
# name: hd
# type: matrix
# rows: 100
# columns: 2
 3 0
 5 5.05050505050505
 3 10.1010101010101
 298 15.15151515151515
 5 20.2020202020202
 1 25.25252525252525
 131 30.3030303030303
 534 35.35353535353535
 521 40.4040404040404
 283 45.45454545454545
 132 50.50505050505051
 70 55.55555555555555
 5 60.6060606060606
 267 65.65656565656565
 220 70.7070707070707
 540 75.75757575757575
 4 80.8080808080808
 2 85.85858585858585
 58 90.90909090909091
 5 95.95959595959596
 2 101.010101010101
 158 106.060606060606
 153 111.1111111111111
 357 116.1616161616162
 189 121.2121212121212
 89 126.2626262626263
 0 131.3131313131313
 1 136.3636363636363
 67 141.4141414141414
 99 146.4646464646464
 384 151.5151515151515
 242 156.5656565656566
 5 161.6161616161616
 1 166.6666666666667
 57 171.7171717171717
 28 176.7676767676768
 2 181.8181818181818
 0 186.8686868686869
 167 191.9191919191919
 241 196.969696969697
 49 202.020202020202
 93 207.070707070707
 203 212.1212121212121
 54 217.1717171717171
 105 222.2222222222222
 226 227.2727272727273
 116 232.3232323232323
 1 237.3737373737374
 24 242.4242424242424
 137 247.4747474747475
 26 252.5252525252525
 107 257.5757575757576
 116 262.6262626262626
 28 267.6767676767677
 233 272.7272727272727
 142 277.7777777777778
 455 282.8282828282828
 206 287.8787878787879
 1 292.9292929292929
 2 297.979797979798
 1 303.030303030303
 181 308.0808080808081
 29 313.1313131313131
 41 318.1818181818182
 34 323.2323232323232
 53 328.2828282828282
 162 333.3333333333333
 60 338.3838383838383
 13 343.4343434343434
 159 348.4848484848484
 96 353.5353535353535
 27 358.5858585858585
 2 363.6363636363636
 31 368.6868686868686
 51 373.7373737373737
 36 378.7878787878788
 0 383.8383838383838
 1 388.8888888888889
 272 393.9393939393939
 59 398.989898989899
 48 404.040404040404
 162 409.0909090909091
 138 414.1414141414141
 556 419.1919191919192
 24 424.2424242424242
 214 429.2929292929293
 172 434.3434343434343
 1 439.3939393939394
 48 444.4444444444444
 84 449.4949494949495
 40 454.5454545454545
 1 459.5959595959596
 0 464.6464646464646
 1 469.6969696969697
 2 474.7474747474747
 3 479.7979797979798
 19 484.8484848484848
 17 489.8989898989898
 67 494.9494949494949
 0 500


