# Created by Octave 3.8.2, Mon Jun 22 11:54:18 2020 CEST <damian@fptrucha.inv.usc.es>
# name: hd
# type: matrix
# rows: 100
# columns: 2
 4 0
 1 5.05050505050505
 4 10.1010101010101
 282 15.15151515151515
 2 20.2020202020202
 0 25.25252525252525
 156 30.3030303030303
 493 35.35353535353535
 606 40.4040404040404
 306 45.45454545454545
 141 50.50505050505051
 75 55.55555555555555
 3 60.6060606060606
 243 65.65656565656565
 203 70.7070707070707
 540 75.75757575757575
 1 80.8080808080808
 2 85.85858585858585
 55 90.90909090909091
 4 95.95959595959596
 2 101.010101010101
 186 106.060606060606
 153 111.1111111111111
 413 116.1616161616162
 233 121.2121212121212
 86 126.2626262626263
 1 131.3131313131313
 3 136.3636363636363
 60 141.4141414141414
 70 146.4646464646464
 423 151.5151515151515
 232 156.5656565656566
 0 161.6161616161616
 1 166.6666666666667
 74 171.7171717171717
 25 176.7676767676768
 1 181.8181818181818
 0 186.8686868686869
 200 191.9191919191919
 251 196.969696969697
 49 202.020202020202
 104 207.070707070707
 177 212.1212121212121
 47 217.1717171717171
 102 222.2222222222222
 223 227.2727272727273
 114 232.3232323232323
 0 237.3737373737374
 23 242.4242424242424
 128 247.4747474747475
 16 252.5252525252525
 100 257.5757575757576
 121 262.6262626262626
 45 267.6767676767677
 275 272.7272727272727
 127 277.7777777777778
 434 282.8282828282828
 192 287.8787878787879
 2 292.9292929292929
 2 297.979797979798
 1 303.030303030303
 186 308.0808080808081
 31 313.1313131313131
 34 318.1818181818182
 42 323.2323232323232
 37 328.2828282828282
 141 333.3333333333333
 64 338.3838383838383
 24 343.4343434343434
 191 348.4848484848484
 95 353.5353535353535
 37 358.5858585858585
 0 363.6363636363636
 52 368.6868686868686
 45 373.7373737373737
 49 378.7878787878788
 3 383.8383838383838
 1 388.8888888888889
 344 393.9393939393939
 65 398.989898989899
 67 404.040404040404
 159 409.0909090909091
 121 414.1414141414141
 567 419.1919191919192
 23 424.2424242424242
 221 429.2929292929293
 155 434.3434343434343
 2 439.3939393939394
 56 444.4444444444444
 82 449.4949494949495
 58 454.5454545454545
 1 459.5959595959596
 0 464.6464646464646
 3 469.6969696969697
 0 474.7474747474747
 0 479.7979797979798
 23 484.8484848484848
 20 489.8989898989898
 69 494.9494949494949
 0 500


