# Created by Octave 3.8.2, Sat Jun 20 06:26:44 2020 CEST <damian@fptrucha.inv.usc.es>
# name: hd
# type: matrix
# rows: 100
# columns: 2
 1 0
 3 5.05050505050505
 1 10.1010101010101
 314 15.15151515151515
 2 20.2020202020202
 0 25.25252525252525
 179 30.3030303030303
 592 35.35353535353535
 698 40.4040404040404
 346 45.45454545454545
 165 50.50505050505051
 88 55.55555555555555
 0 60.6060606060606
 338 65.65656565656565
 220 70.7070707070707
 648 75.75757575757575
 1 80.8080808080808
 0 85.85858585858585
 73 90.90909090909091
 6 95.95959595959596
 1 101.010101010101
 199 106.060606060606
 211 111.1111111111111
 476 116.1616161616162
 236 121.2121212121212
 97 126.2626262626263
 0 131.3131313131313
 0 136.3636363636363
 67 141.4141414141414
 103 146.4646464646464
 493 151.5151515151515
 290 156.5656565656566
 4 161.6161616161616
 0 166.6666666666667
 92 171.7171717171717
 37 176.7676767676768
 0 181.8181818181818
 0 186.8686868686869
 209 191.9191919191919
 271 196.969696969697
 53 202.020202020202
 105 207.070707070707
 185 212.1212121212121
 79 217.1717171717171
 139 222.2222222222222
 245 227.2727272727273
 159 232.3232323232323
 2 237.3737373737374
 32 242.4242424242424
 170 247.4747474747475
 22 252.5252525252525
 144 257.5757575757576
 163 262.6262626262626
 47 267.6767676767677
 270 272.7272727272727
 156 277.7777777777778
 574 282.8282828282828
 236 287.8787878787879
 0 292.9292929292929
 1 297.979797979798
 0 303.030303030303
 237 308.0808080808081
 37 313.1313131313131
 51 318.1818181818182
 30 323.2323232323232
 46 328.2828282828282
 227 333.3333333333333
 74 338.3838383838383
 20 343.4343434343434
 209 348.4848484848484
 100 353.5353535353535
 31 358.5858585858585
 1 363.6363636363636
 52 368.6868686868686
 37 373.7373737373737
 53 378.7878787878788
 3 383.8383838383838
 0 388.8888888888889
 319 393.9393939393939
 55 398.989898989899
 65 404.040404040404
 192 409.0909090909091
 141 414.1414141414141
 603 419.1919191919192
 26 424.2424242424242
 272 429.2929292929293
 204 434.3434343434343
 4 439.3939393939394
 60 444.4444444444444
 78 449.4949494949495
 51 454.5454545454545
 3 459.5959595959596
 0 464.6464646464646
 1 469.6969696969697
 1 474.7474747474747
 0 479.7979797979798
 30 484.8484848484848
 24 489.8989898989898
 68 494.9494949494949
 0 500


