# Created by Octave 3.8.2, Sun Jun 21 00:11:40 2020 CEST <damian@fptrucha.inv.usc.es>
# name: hd
# type: matrix
# rows: 100
# columns: 2
 0 0
 2 5.05050505050505
 4 10.1010101010101
 275 15.15151515151515
 2 20.2020202020202
 0 25.25252525252525
 159 30.3030303030303
 453 35.35353535353535
 574 40.4040404040404
 283 45.45454545454545
 135 50.50505050505051
 77 55.55555555555555
 0 60.6060606060606
 267 65.65656565656565
 181 70.7070707070707
 546 75.75757575757575
 0 80.8080808080808
 0 85.85858585858585
 52 90.90909090909091
 3 95.95959595959596
 1 101.010101010101
 200 106.060606060606
 172 111.1111111111111
 387 116.1616161616162
 209 121.2121212121212
 87 126.2626262626263
 0 131.3131313131313
 0 136.3636363636363
 69 141.4141414141414
 72 146.4646464646464
 468 151.5151515151515
 245 156.5656565656566
 1 161.6161616161616
 1 166.6666666666667
 62 171.7171717171717
 28 176.7676767676768
 1 181.8181818181818
 0 186.8686868686869
 194 191.9191919191919
 279 196.969696969697
 41 202.020202020202
 98 207.070707070707
 176 212.1212121212121
 50 217.1717171717171
 88 222.2222222222222
 221 227.2727272727273
 116 232.3232323232323
 2 237.3737373737374
 21 242.4242424242424
 126 247.4747474747475
 19 252.5252525252525
 108 257.5757575757576
 128 262.6262626262626
 36 267.6767676767677
 253 272.7272727272727
 135 277.7777777777778
 471 282.8282828282828
 201 287.8787878787879
 1 292.9292929292929
 0 297.979797979798
 1 303.030303030303
 204 308.0808080808081
 15 313.1313131313131
 33 318.1818181818182
 24 323.2323232323232
 51 328.2828282828282
 171 333.3333333333333
 57 338.3838383838383
 16 343.4343434343434
 183 348.4848484848484
 87 353.5353535353535
 34 358.5858585858585
 0 363.6363636363636
 41 368.6868686868686
 47 373.7373737373737
 44 378.7878787878788
 1 383.8383838383838
 0 388.8888888888889
 293 393.9393939393939
 61 398.989898989899
 61 404.040404040404
 139 409.0909090909091
 147 414.1414141414141
 517 419.1919191919192
 22 424.2424242424242
 240 429.2929292929293
 187 434.3434343434343
 3 439.3939393939394
 59 444.4444444444444
 58 449.4949494949495
 36 454.5454545454545
 2 459.5959595959596
 0 464.6464646464646
 0 469.6969696969697
 1 474.7474747474747
 0 479.7979797979798
 13 484.8484848484848
 14 489.8989898989898
 70 494.9494949494949
 0 500


