# Created by Octave 3.8.2, Mon Jun 22 01:40:20 2020 CEST <damian@fptrucha.inv.usc.es>
# name: hd
# type: matrix
# rows: 100
# columns: 2
 0 0
 2 5.05050505050505
 1 10.1010101010101
 296 15.15151515151515
 3 20.2020202020202
 1 25.25252525252525
 153 30.3030303030303
 521 35.35353535353535
 615 40.4040404040404
 322 45.45454545454545
 133 50.50505050505051
 73 55.55555555555555
 3 60.6060606060606
 258 65.65656565656565
 220 70.7070707070707
 554 75.75757575757575
 1 80.8080808080808
 0 85.85858585858585
 68 90.90909090909091
 1 95.95959595959596
 3 101.010101010101
 190 106.060606060606
 191 111.1111111111111
 422 116.1616161616162
 215 121.2121212121212
 81 126.2626262626263
 0 131.3131313131313
 2 136.3636363636363
 63 141.4141414141414
 90 146.4646464646464
 439 151.5151515151515
 255 156.5656565656566
 1 161.6161616161616
 1 166.6666666666667
 66 171.7171717171717
 36 176.7676767676768
 1 181.8181818181818
 0 186.8686868686869
 187 191.9191919191919
 271 196.969696969697
 51 202.020202020202
 89 207.070707070707
 219 212.1212121212121
 61 217.1717171717171
 104 222.2222222222222
 251 227.2727272727273
 152 232.3232323232323
 0 237.3737373737374
 24 242.4242424242424
 137 247.4747474747475
 21 252.5252525252525
 116 257.5757575757576
 156 262.6262626262626
 37 267.6767676767677
 273 272.7272727272727
 150 277.7777777777778
 465 282.8282828282828
 191 287.8787878787879
 2 292.9292929292929
 0 297.979797979798
 0 303.030303030303
 213 308.0808080808081
 27 313.1313131313131
 40 318.1818181818182
 35 323.2323232323232
 50 328.2828282828282
 175 333.3333333333333
 70 338.3838383838383
 18 343.4343434343434
 201 348.4848484848484
 91 353.5353535353535
 33 358.5858585858585
 1 363.6363636363636
 46 368.6868686868686
 35 373.7373737373737
 33 378.7878787878788
 0 383.8383838383838
 0 388.8888888888889
 328 393.9393939393939
 56 398.989898989899
 75 404.040404040404
 158 409.0909090909091
 144 414.1414141414141
 546 419.1919191919192
 27 424.2424242424242
 244 429.2929292929293
 160 434.3434343434343
 2 439.3939393939394
 54 444.4444444444444
 70 449.4949494949495
 49 454.5454545454545
 1 459.5959595959596
 2 464.6464646464646
 0 469.6969696969697
 1 474.7474747474747
 1 479.7979797979798
 23 484.8484848484848
 21 489.8989898989898
 69 494.9494949494949
 0 500


