# Created by Octave 3.8.2, Mon Jun 22 05:09:42 2020 CEST <damian@fptrucha.inv.usc.es>
# name: hd
# type: matrix
# rows: 100
# columns: 2
 2 0
 4 5.05050505050505
 2 10.1010101010101
 282 15.15151515151515
 2 20.2020202020202
 0 25.25252525252525
 137 30.3030303030303
 452 35.35353535353535
 478 40.4040404040404
 285 45.45454545454545
 144 50.50505050505051
 49 55.55555555555555
 4 60.6060606060606
 267 65.65656565656565
 195 70.7070707070707
 514 75.75757575757575
 0 80.8080808080808
 3 85.85858585858585
 47 90.90909090909091
 4 95.95959595959596
 2 101.010101010101
 158 106.060606060606
 146 111.1111111111111
 345 116.1616161616162
 208 121.2121212121212
 75 126.2626262626263
 1 131.3131313131313
 3 136.3636363636363
 54 141.4141414141414
 87 146.4646464646464
 406 151.5151515151515
 230 156.5656565656566
 4 161.6161616161616
 2 166.6666666666667
 60 171.7171717171717
 20 176.7676767676768
 2 181.8181818181818
 1 186.8686868686869
 184 191.9191919191919
 223 196.969696969697
 51 202.020202020202
 81 207.070707070707
 150 212.1212121212121
 61 217.1717171717171
 95 222.2222222222222
 216 227.2727272727273
 123 232.3232323232323
 2 237.3737373737374
 29 242.4242424242424
 108 247.4747474747475
 26 252.5252525252525
 103 257.5757575757576
 100 262.6262626262626
 40 267.6767676767677
 255 272.7272727272727
 126 277.7777777777778
 398 282.8282828282828
 176 287.8787878787879
 2 292.9292929292929
 1 297.979797979798
 1 303.030303030303
 203 308.0808080808081
 29 313.1313131313131
 28 318.1818181818182
 16 323.2323232323232
 45 328.2828282828282
 155 333.3333333333333
 75 338.3838383838383
 21 343.4343434343434
 158 348.4848484848484
 100 353.5353535353535
 22 358.5858585858585
 2 363.6363636363636
 40 368.6868686868686
 39 373.7373737373737
 34 378.7878787878788
 0 383.8383838383838
 2 388.8888888888889
 270 393.9393939393939
 62 398.989898989899
 49 404.040404040404
 149 409.0909090909091
 129 414.1414141414141
 502 419.1919191919192
 24 424.2424242424242
 210 429.2929292929293
 157 434.3434343434343
 4 439.3939393939394
 54 444.4444444444444
 74 449.4949494949495
 59 454.5454545454545
 1 459.5959595959596
 0 464.6464646464646
 1 469.6969696969697
 3 474.7474747474747
 1 479.7979797979798
 18 484.8484848484848
 17 489.8989898989898
 61 494.9494949494949
 0 500


