# Created by Octave 3.8.2, Mon Jun 22 20:32:59 2020 CEST <damian@fptrucha.inv.usc.es>
# name: hd
# type: matrix
# rows: 100
# columns: 2
 4 0
 3 5.05050505050505
 2 10.1010101010101
 298 15.15151515151515
 2 20.2020202020202
 1 25.25252525252525
 150 30.3030303030303
 544 35.35353535353535
 596 40.4040404040404
 317 45.45454545454545
 131 50.50505050505051
 75 55.55555555555555
 2 60.6060606060606
 287 65.65656565656565
 222 70.7070707070707
 573 75.75757575757575
 2 80.8080808080808
 0 85.85858585858585
 69 90.90909090909091
 5 95.95959595959596
 6 101.010101010101
 220 106.060606060606
 161 111.1111111111111
 419 116.1616161616162
 213 121.2121212121212
 89 126.2626262626263
 0 131.3131313131313
 4 136.3636363636363
 71 141.4141414141414
 91 146.4646464646464
 458 151.5151515151515
 263 156.5656565656566
 4 161.6161616161616
 0 166.6666666666667
 61 171.7171717171717
 25 176.7676767676768
 1 181.8181818181818
 1 186.8686868686869
 197 191.9191919191919
 276 196.969696969697
 52 202.020202020202
 109 207.070707070707
 194 212.1212121212121
 71 217.1717171717171
 119 222.2222222222222
 254 227.2727272727273
 140 232.3232323232323
 1 237.3737373737374
 18 242.4242424242424
 136 247.4747474747475
 22 252.5252525252525
 148 257.5757575757576
 141 262.6262626262626
 42 267.6767676767677
 290 272.7272727272727
 151 277.7777777777778
 449 282.8282828282828
 194 287.8787878787879
 2 292.9292929292929
 0 297.979797979798
 1 303.030303030303
 224 308.0808080808081
 27 313.1313131313131
 30 318.1818181818182
 26 323.2323232323232
 35 328.2828282828282
 193 333.3333333333333
 79 338.3838383838383
 26 343.4343434343434
 189 348.4848484848484
 119 353.5353535353535
 30 358.5858585858585
 0 363.6363636363636
 64 368.6868686868686
 37 373.7373737373737
 36 378.7878787878788
 2 383.8383838383838
 2 388.8888888888889
 320 393.9393939393939
 67 398.989898989899
 78 404.040404040404
 167 409.0909090909091
 153 414.1414141414141
 530 419.1919191919192
 22 424.2424242424242
 234 429.2929292929293
 180 434.3434343434343
 3 439.3939393939394
 55 444.4444444444444
 87 449.4949494949495
 51 454.5454545454545
 0 459.5959595959596
 1 464.6464646464646
 3 469.6969696969697
 2 474.7474747474747
 2 479.7979797979798
 10 484.8484848484848
 23 489.8989898989898
 86 494.9494949494949
 0 500


