# Created by Octave 3.8.2, Mon Jun 22 12:23:14 2020 CEST <damian@fptrucha.inv.usc.es>
# name: hd
# type: matrix
# rows: 100
# columns: 2
 1 0
 5 5.05050505050505
 2 10.1010101010101
 280 15.15151515151515
 6 20.2020202020202
 0 25.25252525252525
 161 30.3030303030303
 519 35.35353535353535
 589 40.4040404040404
 324 45.45454545454545
 109 50.50505050505051
 62 55.55555555555555
 0 60.6060606060606
 294 65.65656565656565
 211 70.7070707070707
 587 75.75757575757575
 3 80.8080808080808
 0 85.85858585858585
 53 90.90909090909091
 4 95.95959595959596
 2 101.010101010101
 189 106.060606060606
 185 111.1111111111111
 384 116.1616161616162
 208 121.2121212121212
 80 126.2626262626263
 0 131.3131313131313
 1 136.3636363636363
 63 141.4141414141414
 79 146.4646464646464
 444 151.5151515151515
 272 156.5656565656566
 0 161.6161616161616
 0 166.6666666666667
 63 171.7171717171717
 23 176.7676767676768
 0 181.8181818181818
 0 186.8686868686869
 175 191.9191919191919
 238 196.969696969697
 55 202.020202020202
 114 207.070707070707
 192 212.1212121212121
 67 217.1717171717171
 102 222.2222222222222
 230 227.2727272727273
 151 232.3232323232323
 1 237.3737373737374
 22 242.4242424242424
 139 247.4747474747475
 23 252.5252525252525
 106 257.5757575757576
 123 262.6262626262626
 32 267.6767676767677
 263 272.7272727272727
 142 277.7777777777778
 435 282.8282828282828
 233 287.8787878787879
 2 292.9292929292929
 0 297.979797979798
 1 303.030303030303
 194 308.0808080808081
 35 313.1313131313131
 56 318.1818181818182
 28 323.2323232323232
 34 328.2828282828282
 163 333.3333333333333
 59 338.3838383838383
 20 343.4343434343434
 178 348.4848484848484
 79 353.5353535353535
 27 358.5858585858585
 2 363.6363636363636
 50 368.6868686868686
 43 373.7373737373737
 32 378.7878787878788
 2 383.8383838383838
 0 388.8888888888889
 302 393.9393939393939
 39 398.989898989899
 78 404.040404040404
 162 409.0909090909091
 142 414.1414141414141
 567 419.1919191919192
 18 424.2424242424242
 257 429.2929292929293
 175 434.3434343434343
 5 439.3939393939394
 58 444.4444444444444
 80 449.4949494949495
 60 454.5454545454545
 1 459.5959595959596
 1 464.6464646464646
 1 469.6969696969697
 0 474.7474747474747
 1 479.7979797979798
 17 484.8484848484848
 29 489.8989898989898
 76 494.9494949494949
 0 500


