# Created by Octave 3.8.2, Sat Jun 20 05:45:02 2020 CEST <damian@fptrucha.inv.usc.es>
# name: hd
# type: matrix
# rows: 100
# columns: 2
 1 0
 5 5.05050505050505
 0 10.1010101010101
 307 15.15151515151515
 2 20.2020202020202
 2 25.25252525252525
 170 30.3030303030303
 509 35.35353535353535
 664 40.4040404040404
 329 45.45454545454545
 138 50.50505050505051
 74 55.55555555555555
 0 60.6060606060606
 302 65.65656565656565
 237 70.7070707070707
 671 75.75757575757575
 1 80.8080808080808
 2 85.85858585858585
 59 90.90909090909091
 5 95.95959595959596
 1 101.010101010101
 222 106.060606060606
 189 111.1111111111111
 442 116.1616161616162
 215 121.2121212121212
 88 126.2626262626263
 1 131.3131313131313
 1 136.3636363636363
 80 141.4141414141414
 107 146.4646464646464
 486 151.5151515151515
 319 156.5656565656566
 3 161.6161616161616
 1 166.6666666666667
 72 171.7171717171717
 35 176.7676767676768
 3 181.8181818181818
 0 186.8686868686869
 203 191.9191919191919
 279 196.969696969697
 52 202.020202020202
 96 207.070707070707
 190 212.1212121212121
 70 217.1717171717171
 102 222.2222222222222
 241 227.2727272727273
 141 232.3232323232323
 3 237.3737373737374
 31 242.4242424242424
 161 247.4747474747475
 26 252.5252525252525
 125 257.5757575757576
 140 262.6262626262626
 30 267.6767676767677
 304 272.7272727272727
 175 277.7777777777778
 514 282.8282828282828
 223 287.8787878787879
 3 292.9292929292929
 0 297.979797979798
 0 303.030303030303
 235 308.0808080808081
 22 313.1313131313131
 53 318.1818181818182
 33 323.2323232323232
 39 328.2828282828282
 206 333.3333333333333
 73 338.3838383838383
 27 343.4343434343434
 234 348.4848484848484
 107 353.5353535353535
 32 358.5858585858585
 0 363.6363636363636
 54 368.6868686868686
 38 373.7373737373737
 52 378.7878787878788
 1 383.8383838383838
 0 388.8888888888889
 362 393.9393939393939
 67 398.989898989899
 67 404.040404040404
 199 409.0909090909091
 158 414.1414141414141
 624 419.1919191919192
 22 424.2424242424242
 235 429.2929292929293
 199 434.3434343434343
 3 439.3939393939394
 66 444.4444444444444
 106 449.4949494949495
 46 454.5454545454545
 0 459.5959595959596
 0 464.6464646464646
 1 469.6969696969697
 2 474.7474747474747
 1 479.7979797979798
 27 484.8484848484848
 23 489.8989898989898
 70 494.9494949494949
 0 500


