# Created by Octave 3.8.2, Sat Jun 20 03:06:10 2020 CEST <damian@fptrucha.inv.usc.es>
# name: hd
# type: matrix
# rows: 100
# columns: 2
 1 0
 3 5.05050505050505
 2 10.1010101010101
 308 15.15151515151515
 2 20.2020202020202
 1 25.25252525252525
 189 30.3030303030303
 587 35.35353535353535
 649 40.4040404040404
 345 45.45454545454545
 135 50.50505050505051
 75 55.55555555555555
 1 60.6060606060606
 302 65.65656565656565
 205 70.7070707070707
 603 75.75757575757575
 5 80.8080808080808
 0 85.85858585858585
 71 90.90909090909091
 6 95.95959595959596
 2 101.010101010101
 201 106.060606060606
 189 111.1111111111111
 431 116.1616161616162
 243 121.2121212121212
 92 126.2626262626263
 1 131.3131313131313
 0 136.3636363636363
 81 141.4141414141414
 104 146.4646464646464
 486 151.5151515151515
 292 156.5656565656566
 8 161.6161616161616
 0 166.6666666666667
 72 171.7171717171717
 38 176.7676767676768
 1 181.8181818181818
 0 186.8686868686869
 228 191.9191919191919
 234 196.969696969697
 58 202.020202020202
 98 207.070707070707
 199 212.1212121212121
 76 217.1717171717171
 124 222.2222222222222
 245 227.2727272727273
 125 232.3232323232323
 0 237.3737373737374
 28 242.4242424242424
 131 247.4747474747475
 19 252.5252525252525
 116 257.5757575757576
 132 262.6262626262626
 30 267.6767676767677
 290 272.7272727272727
 152 277.7777777777778
 481 282.8282828282828
 235 287.8787878787879
 2 292.9292929292929
 2 297.979797979798
 0 303.030303030303
 233 308.0808080808081
 30 313.1313131313131
 55 318.1818181818182
 31 323.2323232323232
 44 328.2828282828282
 208 333.3333333333333
 58 338.3838383838383
 20 343.4343434343434
 186 348.4848484848484
 112 353.5353535353535
 27 358.5858585858585
 1 363.6363636363636
 41 368.6868686868686
 42 373.7373737373737
 40 378.7878787878788
 1 383.8383838383838
 1 388.8888888888889
 355 393.9393939393939
 60 398.989898989899
 72 404.040404040404
 196 409.0909090909091
 145 414.1414141414141
 596 419.1919191919192
 23 424.2424242424242
 225 429.2929292929293
 211 434.3434343434343
 1 439.3939393939394
 59 444.4444444444444
 95 449.4949494949495
 56 454.5454545454545
 0 459.5959595959596
 1 464.6464646464646
 0 469.6969696969697
 0 474.7474747474747
 3 479.7979797979798
 19 484.8484848484848
 22 489.8989898989898
 80 494.9494949494949
 0 500


