# Created by Octave 3.8.2, Sun Jun 21 06:48:46 2020 CEST <damian@fptrucha.inv.usc.es>
# name: hd
# type: matrix
# rows: 100
# columns: 2
 0 0
 3 5.05050505050505
 0 10.1010101010101
 295 15.15151515151515
 3 20.2020202020202
 0 25.25252525252525
 143 30.3030303030303
 486 35.35353535353535
 563 40.4040404040404
 309 45.45454545454545
 102 50.50505050505051
 64 55.55555555555555
 3 60.6060606060606
 264 65.65656565656565
 210 70.7070707070707
 542 75.75757575757575
 1 80.8080808080808
 2 85.85858585858585
 67 90.90909090909091
 2 95.95959595959596
 3 101.010101010101
 177 106.060606060606
 170 111.1111111111111
 359 116.1616161616162
 181 121.2121212121212
 78 126.2626262626263
 0 131.3131313131313
 1 136.3636363636363
 65 141.4141414141414
 89 146.4646464646464
 461 151.5151515151515
 266 156.5656565656566
 3 161.6161616161616
 0 166.6666666666667
 71 171.7171717171717
 32 176.7676767676768
 0 181.8181818181818
 0 186.8686868686869
 177 191.9191919191919
 236 196.969696969697
 43 202.020202020202
 83 207.070707070707
 172 212.1212121212121
 64 217.1717171717171
 92 222.2222222222222
 212 227.2727272727273
 128 232.3232323232323
 2 237.3737373737374
 21 242.4242424242424
 126 247.4747474747475
 19 252.5252525252525
 109 257.5757575757576
 140 262.6262626262626
 31 267.6767676767677
 246 272.7272727272727
 129 277.7777777777778
 426 282.8282828282828
 210 287.8787878787879
 1 292.9292929292929
 2 297.979797979798
 0 303.030303030303
 189 308.0808080808081
 16 313.1313131313131
 38 318.1818181818182
 32 323.2323232323232
 45 328.2828282828282
 168 333.3333333333333
 55 338.3838383838383
 21 343.4343434343434
 183 348.4848484848484
 79 353.5353535353535
 29 358.5858585858585
 2 363.6363636363636
 50 368.6868686868686
 31 373.7373737373737
 45 378.7878787878788
 0 383.8383838383838
 0 388.8888888888889
 288 393.9393939393939
 46 398.989898989899
 64 404.040404040404
 162 409.0909090909091
 121 414.1414141414141
 567 419.1919191919192
 19 424.2424242424242
 232 429.2929292929293
 187 434.3434343434343
 3 439.3939393939394
 56 444.4444444444444
 67 449.4949494949495
 45 454.5454545454545
 1 459.5959595959596
 0 464.6464646464646
 1 469.6969696969697
 0 474.7474747474747
 0 479.7979797979798
 10 484.8484848484848
 23 489.8989898989898
 46 494.9494949494949
 0 500


