# Created by Octave 3.8.2, Mon Jun 22 05:21:50 2020 CEST <damian@fptrucha.inv.usc.es>
# name: hd
# type: matrix
# rows: 100
# columns: 2
 0 0
 3 5.05050505050505
 0 10.1010101010101
 261 15.15151515151515
 2 20.2020202020202
 0 25.25252525252525
 143 30.3030303030303
 454 35.35353535353535
 521 40.4040404040404
 299 45.45454545454545
 132 50.50505050505051
 62 55.55555555555555
 3 60.6060606060606
 276 65.65656565656565
 198 70.7070707070707
 495 75.75757575757575
 2 80.8080808080808
 2 85.85858585858585
 65 90.90909090909091
 11 95.95959595959596
 8 101.010101010101
 162 106.060606060606
 163 111.1111111111111
 366 116.1616161616162
 217 121.2121212121212
 70 126.2626262626263
 1 131.3131313131313
 0 136.3636363636363
 59 141.4141414141414
 86 146.4646464646464
 359 151.5151515151515
 218 156.5656565656566
 4 161.6161616161616
 0 166.6666666666667
 65 171.7171717171717
 38 176.7676767676768
 2 181.8181818181818
 2 186.8686868686869
 179 191.9191919191919
 239 196.969696969697
 49 202.020202020202
 76 207.070707070707
 157 212.1212121212121
 51 217.1717171717171
 88 222.2222222222222
 226 227.2727272727273
 121 232.3232323232323
 2 237.3737373737374
 24 242.4242424242424
 120 247.4747474747475
 26 252.5252525252525
 97 257.5757575757576
 111 262.6262626262626
 48 267.6767676767677
 237 272.7272727272727
 155 277.7777777777778
 380 282.8282828282828
 201 287.8787878787879
 1 292.9292929292929
 1 297.979797979798
 1 303.030303030303
 184 308.0808080808081
 30 313.1313131313131
 37 318.1818181818182
 29 323.2323232323232
 40 328.2828282828282
 153 333.3333333333333
 75 338.3838383838383
 18 343.4343434343434
 162 348.4848484848484
 86 353.5353535353535
 25 358.5858585858585
 1 363.6363636363636
 39 368.6868686868686
 39 373.7373737373737
 29 378.7878787878788
 2 383.8383838383838
 0 388.8888888888889
 291 393.9393939393939
 58 398.989898989899
 60 404.040404040404
 149 409.0909090909091
 129 414.1414141414141
 501 419.1919191919192
 23 424.2424242424242
 222 429.2929292929293
 175 434.3434343434343
 4 439.3939393939394
 61 444.4444444444444
 75 449.4949494949495
 50 454.5454545454545
 1 459.5959595959596
 2 464.6464646464646
 2 469.6969696969697
 0 474.7474747474747
 1 479.7979797979798
 21 484.8484848484848
 20 489.8989898989898
 55 494.9494949494949
 0 500


