# Created by Octave 3.8.2, Mon Jun 22 09:01:57 2020 CEST <damian@fptrucha.inv.usc.es>
# name: hd
# type: matrix
# rows: 100
# columns: 2
 0 0
 3 5.05050505050505
 3 10.1010101010101
 301 15.15151515151515
 3 20.2020202020202
 1 25.25252525252525
 140 30.3030303030303
 492 35.35353535353535
 561 40.4040404040404
 283 45.45454545454545
 119 50.50505050505051
 69 55.55555555555555
 2 60.6060606060606
 264 65.65656565656565
 192 70.7070707070707
 517 75.75757575757575
 2 80.8080808080808
 2 85.85858585858585
 67 90.90909090909091
 3 95.95959595959596
 3 101.010101010101
 162 106.060606060606
 176 111.1111111111111
 410 116.1616161616162
 182 121.2121212121212
 84 126.2626262626263
 1 131.3131313131313
 1 136.3636363636363
 63 141.4141414141414
 98 146.4646464646464
 464 151.5151515151515
 258 156.5656565656566
 7 161.6161616161616
 2 166.6666666666667
 63 171.7171717171717
 32 176.7676767676768
 0 181.8181818181818
 1 186.8686868686869
 196 191.9191919191919
 238 196.969696969697
 43 202.020202020202
 90 207.070707070707
 166 212.1212121212121
 55 217.1717171717171
 90 222.2222222222222
 214 227.2727272727273
 140 232.3232323232323
 2 237.3737373737374
 23 242.4242424242424
 126 247.4747474747475
 25 252.5252525252525
 110 257.5757575757576
 113 262.6262626262626
 34 267.6767676767677
 288 272.7272727272727
 131 277.7777777777778
 455 282.8282828282828
 194 287.8787878787879
 1 292.9292929292929
 0 297.979797979798
 1 303.030303030303
 197 308.0808080808081
 20 313.1313131313131
 36 318.1818181818182
 35 323.2323232323232
 45 328.2828282828282
 162 333.3333333333333
 56 338.3838383838383
 19 343.4343434343434
 172 348.4848484848484
 86 353.5353535353535
 27 358.5858585858585
 2 363.6363636363636
 53 368.6868686868686
 44 373.7373737373737
 40 378.7878787878788
 0 383.8383838383838
 0 388.8888888888889
 315 393.9393939393939
 69 398.989898989899
 58 404.040404040404
 182 409.0909090909091
 138 414.1414141414141
 547 419.1919191919192
 21 424.2424242424242
 234 429.2929292929293
 159 434.3434343434343
 5 439.3939393939394
 53 444.4444444444444
 80 449.4949494949495
 44 454.5454545454545
 0 459.5959595959596
 0 464.6464646464646
 1 469.6969696969697
 2 474.7474747474747
 3 479.7979797979798
 18 484.8484848484848
 14 489.8989898989898
 81 494.9494949494949
 0 500


