# Created by Octave 3.8.2, Sat Jun 20 05:50:51 2020 CEST <damian@fptrucha.inv.usc.es>
# name: hd
# type: matrix
# rows: 100
# columns: 2
 1 0
 2 5.05050505050505
 1 10.1010101010101
 301 15.15151515151515
 0 20.2020202020202
 1 25.25252525252525
 159 30.3030303030303
 572 35.35353535353535
 674 40.4040404040404
 305 45.45454545454545
 148 50.50505050505051
 83 55.55555555555555
 1 60.6060606060606
 310 65.65656565656565
 209 70.7070707070707
 586 75.75757575757575
 1 80.8080808080808
 2 85.85858585858585
 89 90.90909090909091
 1 95.95959595959596
 2 101.010101010101
 208 106.060606060606
 190 111.1111111111111
 476 116.1616161616162
 215 121.2121212121212
 98 126.2626262626263
 0 131.3131313131313
 0 136.3636363636363
 70 141.4141414141414
 87 146.4646464646464
 478 151.5151515151515
 283 156.5656565656566
 3 161.6161616161616
 0 166.6666666666667
 100 171.7171717171717
 34 176.7676767676768
 0 181.8181818181818
 0 186.8686868686869
 198 191.9191919191919
 297 196.969696969697
 52 202.020202020202
 91 207.070707070707
 185 212.1212121212121
 88 217.1717171717171
 127 222.2222222222222
 234 227.2727272727273
 160 232.3232323232323
 0 237.3737373737374
 28 242.4242424242424
 169 247.4747474747475
 25 252.5252525252525
 133 257.5757575757576
 158 262.6262626262626
 50 267.6767676767677
 287 272.7272727272727
 159 277.7777777777778
 520 282.8282828282828
 230 287.8787878787879
 0 292.9292929292929
 0 297.979797979798
 0 303.030303030303
 225 308.0808080808081
 29 313.1313131313131
 56 318.1818181818182
 33 323.2323232323232
 42 328.2828282828282
 215 333.3333333333333
 79 338.3838383838383
 29 343.4343434343434
 193 348.4848484848484
 114 353.5353535353535
 33 358.5858585858585
 4 363.6363636363636
 58 368.6868686868686
 45 373.7373737373737
 37 378.7878787878788
 0 383.8383838383838
 1 388.8888888888889
 359 393.9393939393939
 61 398.989898989899
 73 404.040404040404
 213 409.0909090909091
 156 414.1414141414141
 585 419.1919191919192
 25 424.2424242424242
 262 429.2929292929293
 205 434.3434343434343
 7 439.3939393939394
 42 444.4444444444444
 97 449.4949494949495
 54 454.5454545454545
 1 459.5959595959596
 1 464.6464646464646
 1 469.6969696969697
 1 474.7474747474747
 3 479.7979797979798
 21 484.8484848484848
 19 489.8989898989898
 90 494.9494949494949
 0 500


