# Created by Octave 3.8.2, Sat Jun 20 22:37:12 2020 CEST <damian@fptrucha.inv.usc.es>
# name: hd
# type: matrix
# rows: 100
# columns: 2
 1 0
 2 5.05050505050505
 2 10.1010101010101
 280 15.15151515151515
 2 20.2020202020202
 0 25.25252525252525
 156 30.3030303030303
 498 35.35353535353535
 577 40.4040404040404
 320 45.45454545454545
 106 50.50505050505051
 70 55.55555555555555
 1 60.6060606060606
 289 65.65656565656565
 203 70.7070707070707
 571 75.75757575757575
 2 80.8080808080808
 0 85.85858585858585
 49 90.90909090909091
 2 95.95959595959596
 2 101.010101010101
 176 106.060606060606
 171 111.1111111111111
 389 116.1616161616162
 215 121.2121212121212
 85 126.2626262626263
 2 131.3131313131313
 2 136.3636363636363
 61 141.4141414141414
 72 146.4646464646464
 469 151.5151515151515
 243 156.5656565656566
 2 161.6161616161616
 2 166.6666666666667
 87 171.7171717171717
 26 176.7676767676768
 0 181.8181818181818
 0 186.8686868686869
 194 191.9191919191919
 261 196.969696969697
 47 202.020202020202
 79 207.070707070707
 187 212.1212121212121
 76 217.1717171717171
 114 222.2222222222222
 233 227.2727272727273
 119 232.3232323232323
 1 237.3737373737374
 23 242.4242424242424
 129 247.4747474747475
 15 252.5252525252525
 102 257.5757575757576
 148 262.6262626262626
 36 267.6767676767677
 268 272.7272727272727
 154 277.7777777777778
 426 282.8282828282828
 188 287.8787878787879
 2 292.9292929292929
 1 297.979797979798
 0 303.030303030303
 206 308.0808080808081
 25 313.1313131313131
 42 318.1818181818182
 35 323.2323232323232
 40 328.2828282828282
 155 333.3333333333333
 73 338.3838383838383
 16 343.4343434343434
 208 348.4848484848484
 96 353.5353535353535
 21 358.5858585858585
 0 363.6363636363636
 33 368.6868686868686
 39 373.7373737373737
 40 378.7878787878788
 0 383.8383838383838
 1 388.8888888888889
 312 393.9393939393939
 45 398.989898989899
 65 404.040404040404
 149 409.0909090909091
 148 414.1414141414141
 543 419.1919191919192
 22 424.2424242424242
 199 429.2929292929293
 174 434.3434343434343
 2 439.3939393939394
 57 444.4444444444444
 87 449.4949494949495
 49 454.5454545454545
 0 459.5959595959596
 0 464.6464646464646
 0 469.6969696969697
 0 474.7474747474747
 1 479.7979797979798
 17 484.8484848484848
 20 489.8989898989898
 68 494.9494949494949
 0 500


