# Created by Octave 3.8.2, Mon Jun 22 09:32:22 2020 CEST <damian@fptrucha.inv.usc.es>
# name: hd
# type: matrix
# rows: 100
# columns: 2
 6 0
 6 5.05050505050505
 3 10.1010101010101
 260 15.15151515151515
 1 20.2020202020202
 0 25.25252525252525
 173 30.3030303030303
 479 35.35353535353535
 542 40.4040404040404
 263 45.45454545454545
 118 50.50505050505051
 65 55.55555555555555
 1 60.6060606060606
 266 65.65656565656565
 219 70.7070707070707
 525 75.75757575757575
 5 80.8080808080808
 0 85.85858585858585
 72 90.90909090909091
 8 95.95959595959596
 1 101.010101010101
 172 106.060606060606
 203 111.1111111111111
 371 116.1616161616162
 235 121.2121212121212
 87 126.2626262626263
 1 131.3131313131313
 2 136.3636363636363
 52 141.4141414141414
 100 146.4646464646464
 395 151.5151515151515
 221 156.5656565656566
 3 161.6161616161616
 0 166.6666666666667
 67 171.7171717171717
 41 176.7676767676768
 1 181.8181818181818
 2 186.8686868686869
 186 191.9191919191919
 261 196.969696969697
 51 202.020202020202
 82 207.070707070707
 185 212.1212121212121
 53 217.1717171717171
 110 222.2222222222222
 227 227.2727272727273
 132 232.3232323232323
 3 237.3737373737374
 31 242.4242424242424
 151 247.4747474747475
 21 252.5252525252525
 126 257.5757575757576
 121 262.6262626262626
 29 267.6767676767677
 268 272.7272727272727
 148 277.7777777777778
 390 282.8282828282828
 185 287.8787878787879
 4 292.9292929292929
 1 297.979797979798
 0 303.030303030303
 187 308.0808080808081
 33 313.1313131313131
 39 318.1818181818182
 26 323.2323232323232
 38 328.2828282828282
 164 333.3333333333333
 70 338.3838383838383
 19 343.4343434343434
 167 348.4848484848484
 108 353.5353535353535
 18 358.5858585858585
 1 363.6363636363636
 39 368.6868686868686
 39 373.7373737373737
 34 378.7878787878788
 2 383.8383838383838
 0 388.8888888888889
 307 393.9393939393939
 47 398.989898989899
 75 404.040404040404
 167 409.0909090909091
 141 414.1414141414141
 537 419.1919191919192
 16 424.2424242424242
 246 429.2929292929293
 159 434.3434343434343
 5 439.3939393939394
 64 444.4444444444444
 78 449.4949494949495
 45 454.5454545454545
 2 459.5959595959596
 2 464.6464646464646
 1 469.6969696969697
 2 474.7474747474747
 2 479.7979797979798
 23 484.8484848484848
 16 489.8989898989898
 55 494.9494949494949
 0 500


