# Created by Octave 3.8.2, Sat Jun 20 09:17:28 2020 CEST <damian@fptrucha.inv.usc.es>
# name: hd
# type: matrix
# rows: 100
# columns: 2
 2 0
 0 5.05050505050505
 1 10.1010101010101
 330 15.15151515151515
 3 20.2020202020202
 1 25.25252525252525
 173 30.3030303030303
 578 35.35353535353535
 697 40.4040404040404
 364 45.45454545454545
 143 50.50505050505051
 91 55.55555555555555
 4 60.6060606060606
 338 65.65656565656565
 235 70.7070707070707
 674 75.75757575757575
 0 80.8080808080808
 1 85.85858585858585
 70 90.90909090909091
 1 95.95959595959596
 2 101.010101010101
 203 106.060606060606
 192 111.1111111111111
 432 116.1616161616162
 222 121.2121212121212
 89 126.2626262626263
 1 131.3131313131313
 0 136.3636363636363
 70 141.4141414141414
 107 146.4646464646464
 481 151.5151515151515
 308 156.5656565656566
 0 161.6161616161616
 1 166.6666666666667
 79 171.7171717171717
 40 176.7676767676768
 0 181.8181818181818
 0 186.8686868686869
 212 191.9191919191919
 284 196.969696969697
 61 202.020202020202
 112 207.070707070707
 213 212.1212121212121
 77 217.1717171717171
 101 222.2222222222222
 238 227.2727272727273
 176 232.3232323232323
 2 237.3737373737374
 31 242.4242424242424
 179 247.4747474747475
 20 252.5252525252525
 154 257.5757575757576
 153 262.6262626262626
 47 267.6767676767677
 320 272.7272727272727
 171 277.7777777777778
 503 282.8282828282828
 244 287.8787878787879
 0 292.9292929292929
 2 297.979797979798
 0 303.030303030303
 228 308.0808080808081
 27 313.1313131313131
 54 318.1818181818182
 35 323.2323232323232
 49 328.2828282828282
 170 333.3333333333333
 71 338.3838383838383
 23 343.4343434343434
 215 348.4848484848484
 106 353.5353535353535
 37 358.5858585858585
 1 363.6363636363636
 50 368.6868686868686
 42 373.7373737373737
 38 378.7878787878788
 2 383.8383838383838
 0 388.8888888888889
 358 393.9393939393939
 76 398.989898989899
 72 404.040404040404
 195 409.0909090909091
 179 414.1414141414141
 580 419.1919191919192
 21 424.2424242424242
 311 429.2929292929293
 199 434.3434343434343
 5 439.3939393939394
 57 444.4444444444444
 84 449.4949494949495
 82 454.5454545454545
 0 459.5959595959596
 2 464.6464646464646
 0 469.6969696969697
 1 474.7474747474747
 0 479.7979797979798
 22 484.8484848484848
 20 489.8989898989898
 79 494.9494949494949
 0 500


