# Created by Octave 3.8.2, Sun Jun 21 02:18:32 2020 CEST <damian@fptrucha.inv.usc.es>
# name: hd
# type: matrix
# rows: 100
# columns: 2
 2 0
 4 5.05050505050505
 0 10.1010101010101
 293 15.15151515151515
 0 20.2020202020202
 0 25.25252525252525
 146 30.3030303030303
 491 35.35353535353535
 607 40.4040404040404
 297 45.45454545454545
 138 50.50505050505051
 64 55.55555555555555
 2 60.6060606060606
 254 65.65656565656565
 205 70.7070707070707
 605 75.75757575757575
 1 80.8080808080808
 0 85.85858585858585
 56 90.90909090909091
 1 95.95959595959596
 5 101.010101010101
 195 106.060606060606
 183 111.1111111111111
 361 116.1616161616162
 208 121.2121212121212
 97 126.2626262626263
 1 131.3131313131313
 2 136.3636363636363
 73 141.4141414141414
 75 146.4646464646464
 444 151.5151515151515
 262 156.5656565656566
 2 161.6161616161616
 0 166.6666666666667
 66 171.7171717171717
 25 176.7676767676768
 0 181.8181818181818
 0 186.8686868686869
 199 191.9191919191919
 238 196.969696969697
 45 202.020202020202
 93 207.070707070707
 181 212.1212121212121
 69 217.1717171717171
 88 222.2222222222222
 216 227.2727272727273
 113 232.3232323232323
 0 237.3737373737374
 14 242.4242424242424
 146 247.4747474747475
 23 252.5252525252525
 108 257.5757575757576
 155 262.6262626262626
 32 267.6767676767677
 248 272.7272727272727
 153 277.7777777777778
 471 282.8282828282828
 203 287.8787878787879
 0 292.9292929292929
 0 297.979797979798
 0 303.030303030303
 207 308.0808080808081
 25 313.1313131313131
 37 318.1818181818182
 25 323.2323232323232
 45 328.2828282828282
 162 333.3333333333333
 55 338.3838383838383
 16 343.4343434343434
 193 348.4848484848484
 89 353.5353535353535
 30 358.5858585858585
 1 363.6363636363636
 46 368.6868686868686
 34 373.7373737373737
 37 378.7878787878788
 0 383.8383838383838
 0 388.8888888888889
 301 393.9393939393939
 71 398.989898989899
 50 404.040404040404
 153 409.0909090909091
 144 414.1414141414141
 562 419.1919191919192
 15 424.2424242424242
 219 429.2929292929293
 178 434.3434343434343
 1 439.3939393939394
 56 444.4444444444444
 68 449.4949494949495
 54 454.5454545454545
 0 459.5959595959596
 2 464.6464646464646
 1 469.6969696969697
 5 474.7474747474747
 1 479.7979797979798
 14 484.8484848484848
 23 489.8989898989898
 80 494.9494949494949
 0 500


