# Created by Octave 3.8.2, Sat Jun 20 14:48:34 2020 CEST <damian@fptrucha.inv.usc.es>
# name: hd
# type: matrix
# rows: 100
# columns: 2
 2 0
 2 5.05050505050505
 0 10.1010101010101
 288 15.15151515151515
 2 20.2020202020202
 1 25.25252525252525
 161 30.3030303030303
 601 35.35353535353535
 588 40.4040404040404
 332 45.45454545454545
 134 50.50505050505051
 68 55.55555555555555
 2 60.6060606060606
 290 65.65656565656565
 222 70.7070707070707
 596 75.75757575757575
 0 80.8080808080808
 2 85.85858585858585
 63 90.90909090909091
 13 95.95959595959596
 1 101.010101010101
 200 106.060606060606
 202 111.1111111111111
 390 116.1616161616162
 208 121.2121212121212
 96 126.2626262626263
 2 131.3131313131313
 0 136.3636363636363
 85 141.4141414141414
 109 146.4646464646464
 464 151.5151515151515
 292 156.5656565656566
 1 161.6161616161616
 0 166.6666666666667
 69 171.7171717171717
 36 176.7676767676768
 0 181.8181818181818
 0 186.8686868686869
 176 191.9191919191919
 283 196.969696969697
 35 202.020202020202
 88 207.070707070707
 196 212.1212121212121
 75 217.1717171717171
 107 222.2222222222222
 234 227.2727272727273
 141 232.3232323232323
 1 237.3737373737374
 24 242.4242424242424
 138 247.4747474747475
 18 252.5252525252525
 124 257.5757575757576
 157 262.6262626262626
 27 267.6767676767677
 266 272.7272727272727
 166 277.7777777777778
 477 282.8282828282828
 211 287.8787878787879
 1 292.9292929292929
 1 297.979797979798
 0 303.030303030303
 247 308.0808080808081
 18 313.1313131313131
 44 318.1818181818182
 29 323.2323232323232
 35 328.2828282828282
 204 333.3333333333333
 75 338.3838383838383
 23 343.4343434343434
 199 348.4848484848484
 125 353.5353535353535
 32 358.5858585858585
 0 363.6363636363636
 60 368.6868686868686
 42 373.7373737373737
 42 378.7878787878788
 1 383.8383838383838
 0 388.8888888888889
 352 393.9393939393939
 61 398.989898989899
 57 404.040404040404
 173 409.0909090909091
 171 414.1414141414141
 596 419.1919191919192
 22 424.2424242424242
 257 429.2929292929293
 190 434.3434343434343
 3 439.3939393939394
 46 444.4444444444444
 97 449.4949494949495
 48 454.5454545454545
 1 459.5959595959596
 1 464.6464646464646
 0 469.6969696969697
 4 474.7474747474747
 3 479.7979797979798
 14 484.8484848484848
 21 489.8989898989898
 76 494.9494949494949
 0 500


