# Created by Octave 3.8.2, Mon Jun 22 21:23:13 2020 CEST <damian@fptrucha.inv.usc.es>
# name: hd
# type: matrix
# rows: 100
# columns: 2
 3 0
 5 5.05050505050505
 1 10.1010101010101
 272 15.15151515151515
 2 20.2020202020202
 0 25.25252525252525
 153 30.3030303030303
 553 35.35353535353535
 635 40.4040404040404
 359 45.45454545454545
 131 50.50505050505051
 77 55.55555555555555
 1 60.6060606060606
 312 65.65656565656565
 226 70.7070707070707
 532 75.75757575757575
 3 80.8080808080808
 2 85.85858585858585
 75 90.90909090909091
 6 95.95959595959596
 5 101.010101010101
 188 106.060606060606
 171 111.1111111111111
 398 116.1616161616162
 211 121.2121212121212
 105 126.2626262626263
 1 131.3131313131313
 0 136.3636363636363
 65 141.4141414141414
 93 146.4646464646464
 458 151.5151515151515
 288 156.5656565656566
 4 161.6161616161616
 0 166.6666666666667
 76 171.7171717171717
 28 176.7676767676768
 1 181.8181818181818
 0 186.8686868686869
 212 191.9191919191919
 253 196.969696969697
 51 202.020202020202
 90 207.070707070707
 212 212.1212121212121
 57 217.1717171717171
 126 222.2222222222222
 274 227.2727272727273
 155 232.3232323232323
 1 237.3737373737374
 19 242.4242424242424
 133 247.4747474747475
 26 252.5252525252525
 127 257.5757575757576
 116 262.6262626262626
 46 267.6767676767677
 260 272.7272727272727
 151 277.7777777777778
 499 282.8282828282828
 193 287.8787878787879
 0 292.9292929292929
 2 297.979797979798
 0 303.030303030303
 193 308.0808080808081
 21 313.1313131313131
 32 318.1818181818182
 39 323.2323232323232
 46 328.2828282828282
 181 333.3333333333333
 64 338.3838383838383
 23 343.4343434343434
 189 348.4848484848484
 92 353.5353535353535
 31 358.5858585858585
 3 363.6363636363636
 48 368.6868686868686
 44 373.7373737373737
 31 378.7878787878788
 0 383.8383838383838
 1 388.8888888888889
 329 393.9393939393939
 53 398.989898989899
 62 404.040404040404
 168 409.0909090909091
 160 414.1414141414141
 566 419.1919191919192
 22 424.2424242424242
 249 429.2929292929293
 190 434.3434343434343
 2 439.3939393939394
 67 444.4444444444444
 65 449.4949494949495
 67 454.5454545454545
 0 459.5959595959596
 2 464.6464646464646
 0 469.6969696969697
 1 474.7474747474747
 3 479.7979797979798
 14 484.8484848484848
 20 489.8989898989898
 67 494.9494949494949
 0 500


