# Created by Octave 3.8.2, Mon Jun 22 10:18:17 2020 CEST <damian@fptrucha.inv.usc.es>
# name: hd
# type: matrix
# rows: 100
# columns: 2
 6 0
 1 5.05050505050505
 2 10.1010101010101
 192 15.15151515151515
 2 20.2020202020202
 0 25.25252525252525
 105 30.3030303030303
 344 35.35353535353535
 391 40.4040404040404
 208 45.45454545454545
 94 50.50505050505051
 36 55.55555555555555
 1 60.6060606060606
 187 65.65656565656565
 132 70.7070707070707
 357 75.75757575757575
 1 80.8080808080808
 0 85.85858585858585
 31 90.90909090909091
 3 95.95959595959596
 7 101.010101010101
 112 106.060606060606
 106 111.1111111111111
 237 116.1616161616162
 114 121.2121212121212
 56 126.2626262626263
 0 131.3131313131313
 2 136.3636363636363
 51 141.4141414141414
 58 146.4646464646464
 281 151.5151515151515
 159 156.5656565656566
 1 161.6161616161616
 0 166.6666666666667
 46 171.7171717171717
 18 176.7676767676768
 1 181.8181818181818
 0 186.8686868686869
 113 191.9191919191919
 161 196.969696969697
 37 202.020202020202
 58 207.070707070707
 142 212.1212121212121
 34 217.1717171717171
 48 222.2222222222222
 150 227.2727272727273
 104 232.3232323232323
 0 237.3737373737374
 14 242.4242424242424
 103 247.4747474747475
 13 252.5252525252525
 76 257.5757575757576
 67 262.6262626262626
 28 267.6767676767677
 201 272.7272727272727
 104 277.7777777777778
 293 282.8282828282828
 134 287.8787878787879
 0 292.9292929292929
 0 297.979797979798
 1 303.030303030303
 148 308.0808080808081
 22 313.1313131313131
 26 318.1818181818182
 14 323.2323232323232
 21 328.2828282828282
 127 333.3333333333333
 42 338.3838383838383
 13 343.4343434343434
 127 348.4848484848484
 83 353.5353535353535
 21 358.5858585858585
 1 363.6363636363636
 22 368.6868686868686
 24 373.7373737373737
 27 378.7878787878788
 1 383.8383838383838
 2 388.8888888888889
 182 393.9393939393939
 33 398.989898989899
 45 404.040404040404
 98 409.0909090909091
 97 414.1414141414141
 339 419.1919191919192
 14 424.2424242424242
 143 429.2929292929293
 129 434.3434343434343
 2 439.3939393939394
 37 444.4444444444444
 56 449.4949494949495
 28 454.5454545454545
 1 459.5959595959596
 0 464.6464646464646
 1 469.6969696969697
 2 474.7474747474747
 0 479.7979797979798
 14 484.8484848484848
 11 489.8989898989898
 41 494.9494949494949
 0 500


