# Created by Octave 3.8.2, Sat Jun 20 18:57:44 2020 CEST <damian@fptrucha.inv.usc.es>
# name: hd
# type: matrix
# rows: 100
# columns: 2
 3 0
 0 5.05050505050505
 1 10.1010101010101
 295 15.15151515151515
 0 20.2020202020202
 1 25.25252525252525
 148 30.3030303030303
 523 35.35353535353535
 624 40.4040404040404
 312 45.45454545454545
 121 50.50505050505051
 65 55.55555555555555
 1 60.6060606060606
 267 65.65656565656565
 200 70.7070707070707
 571 75.75757575757575
 2 80.8080808080808
 0 85.85858585858585
 60 90.90909090909091
 2 95.95959595959596
 2 101.010101010101
 182 106.060606060606
 181 111.1111111111111
 392 116.1616161616162
 188 121.2121212121212
 86 126.2626262626263
 0 131.3131313131313
 3 136.3636363636363
 75 141.4141414141414
 103 146.4646464646464
 456 151.5151515151515
 268 156.5656565656566
 1 161.6161616161616
 0 166.6666666666667
 91 171.7171717171717
 37 176.7676767676768
 0 181.8181818181818
 0 186.8686868686869
 195 191.9191919191919
 260 196.969696969697
 47 202.020202020202
 109 207.070707070707
 194 212.1212121212121
 59 217.1717171717171
 102 222.2222222222222
 213 227.2727272727273
 118 232.3232323232323
 0 237.3737373737374
 17 242.4242424242424
 136 247.4747474747475
 20 252.5252525252525
 115 257.5757575757576
 154 262.6262626262626
 43 267.6767676767677
 261 272.7272727272727
 138 277.7777777777778
 450 282.8282828282828
 224 287.8787878787879
 1 292.9292929292929
 1 297.979797979798
 0 303.030303030303
 211 308.0808080808081
 25 313.1313131313131
 41 318.1818181818182
 45 323.2323232323232
 40 328.2828282828282
 174 333.3333333333333
 71 338.3838383838383
 15 343.4343434343434
 184 348.4848484848484
 90 353.5353535353535
 22 358.5858585858585
 0 363.6363636363636
 50 368.6868686868686
 34 373.7373737373737
 36 378.7878787878788
 0 383.8383838383838
 0 388.8888888888889
 323 393.9393939393939
 66 398.989898989899
 58 404.040404040404
 160 409.0909090909091
 134 414.1414141414141
 588 419.1919191919192
 18 424.2424242424242
 204 429.2929292929293
 178 434.3434343434343
 4 439.3939393939394
 45 444.4444444444444
 82 449.4949494949495
 45 454.5454545454545
 0 459.5959595959596
 0 464.6464646464646
 1 469.6969696969697
 1 474.7474747474747
 0 479.7979797979798
 10 484.8484848484848
 18 489.8989898989898
 83 494.9494949494949
 0 500


