# Created by Octave 3.8.2, Sun Jun 21 03:34:34 2020 CEST <damian@fptrucha.inv.usc.es>
# name: hd
# type: matrix
# rows: 100
# columns: 2
 2 0
 3 5.05050505050505
 1 10.1010101010101
 264 15.15151515151515
 1 20.2020202020202
 2 25.25252525252525
 155 30.3030303030303
 502 35.35353535353535
 571 40.4040404040404
 286 45.45454545454545
 108 50.50505050505051
 54 55.55555555555555
 0 60.6060606060606
 266 65.65656565656565
 202 70.7070707070707
 543 75.75757575757575
 1 80.8080808080808
 1 85.85858585858585
 70 90.90909090909091
 3 95.95959595959596
 3 101.010101010101
 188 106.060606060606
 152 111.1111111111111
 376 116.1616161616162
 179 121.2121212121212
 87 126.2626262626263
 0 131.3131313131313
 0 136.3636363636363
 56 141.4141414141414
 84 146.4646464646464
 430 151.5151515151515
 246 156.5656565656566
 0 161.6161616161616
 1 166.6666666666667
 60 171.7171717171717
 32 176.7676767676768
 1 181.8181818181818
 0 186.8686868686869
 171 191.9191919191919
 280 196.969696969697
 55 202.020202020202
 100 207.070707070707
 193 212.1212121212121
 55 217.1717171717171
 87 222.2222222222222
 206 227.2727272727273
 136 232.3232323232323
 0 237.3737373737374
 18 242.4242424242424
 143 247.4747474747475
 27 252.5252525252525
 104 257.5757575757576
 152 262.6262626262626
 30 267.6767676767677
 235 272.7272727272727
 153 277.7777777777778
 442 282.8282828282828
 184 287.8787878787879
 0 292.9292929292929
 1 297.979797979798
 0 303.030303030303
 189 308.0808080808081
 18 313.1313131313131
 30 318.1818181818182
 33 323.2323232323232
 40 328.2828282828282
 132 333.3333333333333
 50 338.3838383838383
 17 343.4343434343434
 181 348.4848484848484
 105 353.5353535353535
 27 358.5858585858585
 1 363.6363636363636
 40 368.6868686868686
 49 373.7373737373737
 32 378.7878787878788
 0 383.8383838383838
 1 388.8888888888889
 298 393.9393939393939
 51 398.989898989899
 53 404.040404040404
 166 409.0909090909091
 123 414.1414141414141
 545 419.1919191919192
 28 424.2424242424242
 216 429.2929292929293
 168 434.3434343434343
 3 439.3939393939394
 53 444.4444444444444
 80 449.4949494949495
 55 454.5454545454545
 0 459.5959595959596
 2 464.6464646464646
 1 469.6969696969697
 1 474.7474747474747
 0 479.7979797979798
 17 484.8484848484848
 17 489.8989898989898
 59 494.9494949494949
 0 500


