# Created by Octave 3.8.2, Sat Jun 20 04:51:43 2020 CEST <damian@fptrucha.inv.usc.es>
# name: hd
# type: matrix
# rows: 100
# columns: 2
 1 0
 1 5.05050505050505
 1 10.1010101010101
 286 15.15151515151515
 4 20.2020202020202
 1 25.25252525252525
 182 30.3030303030303
 552 35.35353535353535
 683 40.4040404040404
 339 45.45454545454545
 149 50.50505050505051
 72 55.55555555555555
 0 60.6060606060606
 279 65.65656565656565
 225 70.7070707070707
 584 75.75757575757575
 2 80.8080808080808
 1 85.85858585858585
 64 90.90909090909091
 7 95.95959595959596
 2 101.010101010101
 213 106.060606060606
 179 111.1111111111111
 403 116.1616161616162
 209 121.2121212121212
 100 126.2626262626263
 0 131.3131313131313
 1 136.3636363636363
 72 141.4141414141414
 99 146.4646464646464
 454 151.5151515151515
 283 156.5656565656566
 4 161.6161616161616
 0 166.6666666666667
 82 171.7171717171717
 38 176.7676767676768
 1 181.8181818181818
 1 186.8686868686869
 195 191.9191919191919
 282 196.969696969697
 55 202.020202020202
 106 207.070707070707
 186 212.1212121212121
 87 217.1717171717171
 102 222.2222222222222
 247 227.2727272727273
 142 232.3232323232323
 1 237.3737373737374
 23 242.4242424242424
 130 247.4747474747475
 22 252.5252525252525
 125 257.5757575757576
 139 262.6262626262626
 40 267.6767676767677
 278 272.7272727272727
 146 277.7777777777778
 505 282.8282828282828
 208 287.8787878787879
 0 292.9292929292929
 0 297.979797979798
 0 303.030303030303
 236 308.0808080808081
 28 313.1313131313131
 45 318.1818181818182
 45 323.2323232323232
 30 328.2828282828282
 224 333.3333333333333
 100 338.3838383838383
 24 343.4343434343434
 203 348.4848484848484
 122 353.5353535353535
 34 358.5858585858585
 2 363.6363636363636
 37 368.6868686868686
 36 373.7373737373737
 28 378.7878787878788
 0 383.8383838383838
 1 388.8888888888889
 351 393.9393939393939
 61 398.989898989899
 69 404.040404040404
 194 409.0909090909091
 144 414.1414141414141
 615 419.1919191919192
 22 424.2424242424242
 248 429.2929292929293
 221 434.3434343434343
 2 439.3939393939394
 48 444.4444444444444
 97 449.4949494949495
 66 454.5454545454545
 2 459.5959595959596
 1 464.6464646464646
 2 469.6969696969697
 3 474.7474747474747
 0 479.7979797979798
 21 484.8484848484848
 21 489.8989898989898
 69 494.9494949494949
 0 500


