# Created by Octave 3.8.2, Mon Jun 22 07:30:27 2020 CEST <damian@fptrucha.inv.usc.es>
# name: hd
# type: matrix
# rows: 100
# columns: 2
 3 0
 5 5.05050505050505
 4 10.1010101010101
 259 15.15151515151515
 3 20.2020202020202
 2 25.25252525252525
 149 30.3030303030303
 520 35.35353535353535
 603 40.4040404040404
 303 45.45454545454545
 118 50.50505050505051
 65 55.55555555555555
 0 60.6060606060606
 286 65.65656565656565
 191 70.7070707070707
 483 75.75757575757575
 1 80.8080808080808
 3 85.85858585858585
 57 90.90909090909091
 7 95.95959595959596
 1 101.010101010101
 175 106.060606060606
 170 111.1111111111111
 351 116.1616161616162
 200 121.2121212121212
 90 126.2626262626263
 1 131.3131313131313
 0 136.3636363636363
 60 141.4141414141414
 89 146.4646464646464
 389 151.5151515151515
 222 156.5656565656566
 0 161.6161616161616
 1 166.6666666666667
 77 171.7171717171717
 34 176.7676767676768
 0 181.8181818181818
 1 186.8686868686869
 195 191.9191919191919
 282 196.969696969697
 61 202.020202020202
 98 207.070707070707
 189 212.1212121212121
 48 217.1717171717171
 92 222.2222222222222
 235 227.2727272727273
 140 232.3232323232323
 4 237.3737373737374
 28 242.4242424242424
 131 247.4747474747475
 35 252.5252525252525
 83 257.5757575757576
 124 262.6262626262626
 48 267.6767676767677
 254 272.7272727272727
 157 277.7777777777778
 431 282.8282828282828
 184 287.8787878787879
 1 292.9292929292929
 2 297.979797979798
 1 303.030303030303
 210 308.0808080808081
 16 313.1313131313131
 30 318.1818181818182
 33 323.2323232323232
 31 328.2828282828282
 165 333.3333333333333
 78 338.3838383838383
 21 343.4343434343434
 167 348.4848484848484
 104 353.5353535353535
 26 358.5858585858585
 3 363.6363636363636
 44 368.6868686868686
 44 373.7373737373737
 37 378.7878787878788
 0 383.8383838383838
 0 388.8888888888889
 294 393.9393939393939
 57 398.989898989899
 59 404.040404040404
 162 409.0909090909091
 147 414.1414141414141
 531 419.1919191919192
 21 424.2424242424242
 199 429.2929292929293
 184 434.3434343434343
 6 439.3939393939394
 67 444.4444444444444
 74 449.4949494949495
 49 454.5454545454545
 1 459.5959595959596
 0 464.6464646464646
 0 469.6969696969697
 3 474.7474747474747
 3 479.7979797979798
 22 484.8484848484848
 23 489.8989898989898
 73 494.9494949494949
 0 500


