# Created by Octave 3.8.2, Sat Jun 20 03:22:23 2020 CEST <damian@fptrucha.inv.usc.es>
# name: hd
# type: matrix
# rows: 100
# columns: 2
 1 0
 2 5.05050505050505
 1 10.1010101010101
 310 15.15151515151515
 3 20.2020202020202
 0 25.25252525252525
 166 30.3030303030303
 561 35.35353535353535
 689 40.4040404040404
 316 45.45454545454545
 119 50.50505050505051
 78 55.55555555555555
 4 60.6060606060606
 299 65.65656565656565
 226 70.7070707070707
 642 75.75757575757575
 3 80.8080808080808
 1 85.85858585858585
 68 90.90909090909091
 3 95.95959595959596
 3 101.010101010101
 215 106.060606060606
 197 111.1111111111111
 449 116.1616161616162
 229 121.2121212121212
 86 126.2626262626263
 0 131.3131313131313
 1 136.3636363636363
 82 141.4141414141414
 104 146.4646464646464
 484 151.5151515151515
 279 156.5656565656566
 1 161.6161616161616
 1 166.6666666666667
 80 171.7171717171717
 48 176.7676767676768
 0 181.8181818181818
 0 186.8686868686869
 226 191.9191919191919
 286 196.969696969697
 53 202.020202020202
 107 207.070707070707
 188 212.1212121212121
 73 217.1717171717171
 88 222.2222222222222
 232 227.2727272727273
 136 232.3232323232323
 1 237.3737373737374
 26 242.4242424242424
 160 247.4747474747475
 21 252.5252525252525
 155 257.5757575757576
 143 262.6262626262626
 42 267.6767676767677
 257 272.7272727272727
 153 277.7777777777778
 501 282.8282828282828
 218 287.8787878787879
 0 292.9292929292929
 2 297.979797979798
 0 303.030303030303
 196 308.0808080808081
 31 313.1313131313131
 58 318.1818181818182
 37 323.2323232323232
 47 328.2828282828282
 194 333.3333333333333
 59 338.3838383838383
 20 343.4343434343434
 193 348.4848484848484
 107 353.5353535353535
 36 358.5858585858585
 1 363.6363636363636
 50 368.6868686868686
 47 373.7373737373737
 45 378.7878787878788
 2 383.8383838383838
 0 388.8888888888889
 346 393.9393939393939
 53 398.989898989899
 65 404.040404040404
 183 409.0909090909091
 162 414.1414141414141
 639 419.1919191919192
 18 424.2424242424242
 253 429.2929292929293
 215 434.3434343434343
 4 439.3939393939394
 60 444.4444444444444
 74 449.4949494949495
 69 454.5454545454545
 1 459.5959595959596
 0 464.6464646464646
 1 469.6969696969697
 2 474.7474747474747
 1 479.7979797979798
 23 484.8484848484848
 15 489.8989898989898
 77 494.9494949494949
 0 500


