# Created by Octave 3.8.2, Sun Jun 21 06:05:23 2020 CEST <damian@fptrucha.inv.usc.es>
# name: hd
# type: matrix
# rows: 100
# columns: 2
 0 0
 2 5.05050505050505
 1 10.1010101010101
 281 15.15151515151515
 1 20.2020202020202
 0 25.25252525252525
 143 30.3030303030303
 495 35.35353535353535
 538 40.4040404040404
 304 45.45454545454545
 132 50.50505050505051
 67 55.55555555555555
 1 60.6060606060606
 223 65.65656565656565
 192 70.7070707070707
 548 75.75757575757575
 0 80.8080808080808
 2 85.85858585858585
 56 90.90909090909091
 3 95.95959595959596
 5 101.010101010101
 171 106.060606060606
 179 111.1111111111111
 353 116.1616161616162
 194 121.2121212121212
 82 126.2626262626263
 0 131.3131313131313
 1 136.3636363636363
 65 141.4141414141414
 81 146.4646464646464
 458 151.5151515151515
 289 156.5656565656566
 4 161.6161616161616
 0 166.6666666666667
 89 171.7171717171717
 26 176.7676767676768
 1 181.8181818181818
 0 186.8686868686869
 187 191.9191919191919
 245 196.969696969697
 40 202.020202020202
 111 207.070707070707
 190 212.1212121212121
 71 217.1717171717171
 128 222.2222222222222
 232 227.2727272727273
 133 232.3232323232323
 1 237.3737373737374
 16 242.4242424242424
 122 247.4747474747475
 12 252.5252525252525
 104 257.5757575757576
 148 262.6262626262626
 36 267.6767676767677
 250 272.7272727272727
 132 277.7777777777778
 441 282.8282828282828
 193 287.8787878787879
 1 292.9292929292929
 0 297.979797979798
 0 303.030303030303
 185 308.0808080808081
 20 313.1313131313131
 54 318.1818181818182
 28 323.2323232323232
 49 328.2828282828282
 170 333.3333333333333
 64 338.3838383838383
 18 343.4343434343434
 164 348.4848484848484
 111 353.5353535353535
 34 358.5858585858585
 2 363.6363636363636
 46 368.6868686868686
 44 373.7373737373737
 42 378.7878787878788
 0 383.8383838383838
 1 388.8888888888889
 330 393.9393939393939
 54 398.989898989899
 68 404.040404040404
 181 409.0909090909091
 158 414.1414141414141
 552 419.1919191919192
 22 424.2424242424242
 212 429.2929292929293
 189 434.3434343434343
 1 439.3939393939394
 56 444.4444444444444
 79 449.4949494949495
 50 454.5454545454545
 0 459.5959595959596
 1 464.6464646464646
 0 469.6969696969697
 1 474.7474747474747
 1 479.7979797979798
 17 484.8484848484848
 19 489.8989898989898
 77 494.9494949494949
 0 500


