# Created by Octave 3.8.2, Mon Jun 22 04:40:44 2020 CEST <damian@fptrucha.inv.usc.es>
# name: hd
# type: matrix
# rows: 100
# columns: 2
 4 0
 7 5.05050505050505
 3 10.1010101010101
 268 15.15151515151515
 0 20.2020202020202
 2 25.25252525252525
 141 30.3030303030303
 422 35.35353535353535
 486 40.4040404040404
 253 45.45454545454545
 103 50.50505050505051
 68 55.55555555555555
 4 60.6060606060606
 253 65.65656565656565
 194 70.7070707070707
 465 75.75757575757575
 4 80.8080808080808
 2 85.85858585858585
 59 90.90909090909091
 4 95.95959595959596
 7 101.010101010101
 186 106.060606060606
 130 111.1111111111111
 338 116.1616161616162
 182 121.2121212121212
 82 126.2626262626263
 0 131.3131313131313
 0 136.3636363636363
 67 141.4141414141414
 109 146.4646464646464
 352 151.5151515151515
 232 156.5656565656566
 7 161.6161616161616
 1 166.6666666666667
 74 171.7171717171717
 26 176.7676767676768
 0 181.8181818181818
 1 186.8686868686869
 180 191.9191919191919
 224 196.969696969697
 58 202.020202020202
 79 207.070707070707
 161 212.1212121212121
 45 217.1717171717171
 94 222.2222222222222
 194 227.2727272727273
 139 232.3232323232323
 0 237.3737373737374
 25 242.4242424242424
 117 247.4747474747475
 19 252.5252525252525
 79 257.5757575757576
 120 262.6262626262626
 37 267.6767676767677
 234 272.7272727272727
 131 277.7777777777778
 400 282.8282828282828
 180 287.8787878787879
 2 292.9292929292929
 2 297.979797979798
 0 303.030303030303
 187 308.0808080808081
 31 313.1313131313131
 34 318.1818181818182
 24 323.2323232323232
 36 328.2828282828282
 183 333.3333333333333
 69 338.3838383838383
 14 343.4343434343434
 140 348.4848484848484
 94 353.5353535353535
 30 358.5858585858585
 1 363.6363636363636
 47 368.6868686868686
 31 373.7373737373737
 37 378.7878787878788
 1 383.8383838383838
 1 388.8888888888889
 294 393.9393939393939
 66 398.989898989899
 57 404.040404040404
 162 409.0909090909091
 115 414.1414141414141
 500 419.1919191919192
 21 424.2424242424242
 225 429.2929292929293
 152 434.3434343434343
 4 439.3939393939394
 53 444.4444444444444
 67 449.4949494949495
 52 454.5454545454545
 0 459.5959595959596
 0 464.6464646464646
 1 469.6969696969697
 3 474.7474747474747
 1 479.7979797979798
 18 484.8484848484848
 13 489.8989898989898
 54 494.9494949494949
 0 500


