# Created by Octave 3.8.2, Sat Jun 20 12:32:33 2020 CEST <damian@fptrucha.inv.usc.es>
# name: hd
# type: matrix
# rows: 100
# columns: 2
 3 0
 5 5.05050505050505
 2 10.1010101010101
 299 15.15151515151515
 2 20.2020202020202
 2 25.25252525252525
 154 30.3030303030303
 509 35.35353535353535
 627 40.4040404040404
 325 45.45454545454545
 149 50.50505050505051
 70 55.55555555555555
 4 60.6060606060606
 274 65.65656565656565
 243 70.7070707070707
 570 75.75757575757575
 0 80.8080808080808
 0 85.85858585858585
 57 90.90909090909091
 0 95.95959595959596
 2 101.010101010101
 176 106.060606060606
 177 111.1111111111111
 408 116.1616161616162
 223 121.2121212121212
 86 126.2626262626263
 0 131.3131313131313
 1 136.3636363636363
 71 141.4141414141414
 108 146.4646464646464
 502 151.5151515151515
 279 156.5656565656566
 1 161.6161616161616
 0 166.6666666666667
 84 171.7171717171717
 34 176.7676767676768
 0 181.8181818181818
 1 186.8686868686869
 213 191.9191919191919
 302 196.969696969697
 53 202.020202020202
 85 207.070707070707
 205 212.1212121212121
 75 217.1717171717171
 96 222.2222222222222
 226 227.2727272727273
 138 232.3232323232323
 1 237.3737373737374
 22 242.4242424242424
 145 247.4747474747475
 21 252.5252525252525
 125 257.5757575757576
 135 262.6262626262626
 39 267.6767676767677
 251 272.7272727272727
 164 277.7777777777778
 463 282.8282828282828
 229 287.8787878787879
 0 292.9292929292929
 1 297.979797979798
 0 303.030303030303
 242 308.0808080808081
 27 313.1313131313131
 52 318.1818181818182
 41 323.2323232323232
 35 328.2828282828282
 188 333.3333333333333
 73 338.3838383838383
 24 343.4343434343434
 214 348.4848484848484
 87 353.5353535353535
 35 358.5858585858585
 1 363.6363636363636
 39 368.6868686868686
 40 373.7373737373737
 44 378.7878787878788
 0 383.8383838383838
 0 388.8888888888889
 325 393.9393939393939
 65 398.989898989899
 65 404.040404040404
 184 409.0909090909091
 177 414.1414141414141
 552 419.1919191919192
 29 424.2424242424242
 273 429.2929292929293
 222 434.3434343434343
 2 439.3939393939394
 47 444.4444444444444
 74 449.4949494949495
 57 454.5454545454545
 0 459.5959595959596
 1 464.6464646464646
 0 469.6969696969697
 0 474.7474747474747
 1 479.7979797979798
 15 484.8484848484848
 24 489.8989898989898
 83 494.9494949494949
 0 500


