# Created by Octave 3.8.2, Sat Jun 20 08:38:38 2020 CEST <damian@fptrucha.inv.usc.es>
# name: hd
# type: matrix
# rows: 100
# columns: 2
 3 0
 4 5.05050505050505
 3 10.1010101010101
 305 15.15151515151515
 4 20.2020202020202
 1 25.25252525252525
 199 30.3030303030303
 575 35.35353535353535
 684 40.4040404040404
 288 45.45454545454545
 154 50.50505050505051
 74 55.55555555555555
 1 60.6060606060606
 320 65.65656565656565
 250 70.7070707070707
 672 75.75757575757575
 0 80.8080808080808
 0 85.85858585858585
 84 90.90909090909091
 4 95.95959595959596
 7 101.010101010101
 198 106.060606060606
 192 111.1111111111111
 434 116.1616161616162
 221 121.2121212121212
 101 126.2626262626263
 0 131.3131313131313
 2 136.3636363636363
 59 141.4141414141414
 106 146.4646464646464
 515 151.5151515151515
 280 156.5656565656566
 2 161.6161616161616
 0 166.6666666666667
 70 171.7171717171717
 36 176.7676767676768
 1 181.8181818181818
 0 186.8686868686869
 226 191.9191919191919
 302 196.969696969697
 62 202.020202020202
 106 207.070707070707
 223 212.1212121212121
 72 217.1717171717171
 121 222.2222222222222
 261 227.2727272727273
 164 232.3232323232323
 1 237.3737373737374
 24 242.4242424242424
 159 247.4747474747475
 20 252.5252525252525
 162 257.5757575757576
 156 262.6262626262626
 50 267.6767676767677
 301 272.7272727272727
 180 277.7777777777778
 477 282.8282828282828
 196 287.8787878787879
 1 292.9292929292929
 1 297.979797979798
 1 303.030303030303
 245 308.0808080808081
 29 313.1313131313131
 46 318.1818181818182
 39 323.2323232323232
 56 328.2828282828282
 216 333.3333333333333
 72 338.3838383838383
 26 343.4343434343434
 207 348.4848484848484
 105 353.5353535353535
 32 358.5858585858585
 2 363.6363636363636
 56 368.6868686868686
 33 373.7373737373737
 39 378.7878787878788
 0 383.8383838383838
 0 388.8888888888889
 376 393.9393939393939
 74 398.989898989899
 86 404.040404040404
 211 409.0909090909091
 146 414.1414141414141
 633 419.1919191919192
 20 424.2424242424242
 235 429.2929292929293
 216 434.3434343434343
 6 439.3939393939394
 54 444.4444444444444
 103 449.4949494949495
 62 454.5454545454545
 1 459.5959595959596
 0 464.6464646464646
 2 469.6969696969697
 0 474.7474747474747
 1 479.7979797979798
 15 484.8484848484848
 23 489.8989898989898
 93 494.9494949494949
 0 500


