# Created by Octave 3.8.2, Mon Jun 22 22:33:12 2020 CEST <damian@fptrucha.inv.usc.es>
# name: hd
# type: matrix
# rows: 100
# columns: 2
 4 0
 4 5.05050505050505
 1 10.1010101010101
 325 15.15151515151515
 5 20.2020202020202
 2 25.25252525252525
 154 30.3030303030303
 559 35.35353535353535
 654 40.4040404040404
 335 45.45454545454545
 117 50.50505050505051
 62 55.55555555555555
 1 60.6060606060606
 287 65.65656565656565
 218 70.7070707070707
 531 75.75757575757575
 2 80.8080808080808
 1 85.85858585858585
 66 90.90909090909091
 1 95.95959595959596
 5 101.010101010101
 201 106.060606060606
 194 111.1111111111111
 419 116.1616161616162
 214 121.2121212121212
 96 126.2626262626263
 0 131.3131313131313
 1 136.3636363636363
 66 141.4141414141414
 98 146.4646464646464
 489 151.5151515151515
 277 156.5656565656566
 2 161.6161616161616
 0 166.6666666666667
 92 171.7171717171717
 37 176.7676767676768
 1 181.8181818181818
 1 186.8686868686869
 211 191.9191919191919
 297 196.969696969697
 55 202.020202020202
 115 207.070707070707
 186 212.1212121212121
 67 217.1717171717171
 121 222.2222222222222
 241 227.2727272727273
 144 232.3232323232323
 0 237.3737373737374
 25 242.4242424242424
 164 247.4747474747475
 22 252.5252525252525
 133 257.5757575757576
 134 262.6262626262626
 38 267.6767676767677
 300 272.7272727272727
 171 277.7777777777778
 487 282.8282828282828
 233 287.8787878787879
 0 292.9292929292929
 3 297.979797979798
 0 303.030303030303
 222 308.0808080808081
 35 313.1313131313131
 50 318.1818181818182
 53 323.2323232323232
 49 328.2828282828282
 217 333.3333333333333
 74 338.3838383838383
 20 343.4343434343434
 187 348.4848484848484
 107 353.5353535353535
 28 358.5858585858585
 0 363.6363636363636
 50 368.6868686868686
 45 373.7373737373737
 50 378.7878787878788
 3 383.8383838383838
 0 388.8888888888889
 317 393.9393939393939
 62 398.989898989899
 60 404.040404040404
 184 409.0909090909091
 172 414.1414141414141
 590 419.1919191919192
 20 424.2424242424242
 240 429.2929292929293
 185 434.3434343434343
 3 439.3939393939394
 53 444.4444444444444
 81 449.4949494949495
 59 454.5454545454545
 1 459.5959595959596
 1 464.6464646464646
 0 469.6969696969697
 2 474.7474747474747
 2 479.7979797979798
 24 484.8484848484848
 22 489.8989898989898
 75 494.9494949494949
 0 500


