# Created by Octave 3.8.2, Sat Jun 20 04:50:17 2020 CEST <damian@fptrucha.inv.usc.es>
# name: hd
# type: matrix
# rows: 100
# columns: 2
 0 0
 0 5.05050505050505
 0 10.1010101010101
 174 15.15151515151515
 1 20.2020202020202
 1 25.25252525252525
 110 30.3030303030303
 326 35.35353535353535
 479 40.4040404040404
 224 45.45454545454545
 85 50.50505050505051
 60 55.55555555555555
 0 60.6060606060606
 201 65.65656565656565
 151 70.7070707070707
 404 75.75757575757575
 1 80.8080808080808
 0 85.85858585858585
 44 90.90909090909091
 1 95.95959595959596
 4 101.010101010101
 132 106.060606060606
 116 111.1111111111111
 265 116.1616161616162
 150 121.2121212121212
 61 126.2626262626263
 0 131.3131313131313
 0 136.3636363636363
 46 141.4141414141414
 72 146.4646464646464
 323 151.5151515151515
 195 156.5656565656566
 2 161.6161616161616
 0 166.6666666666667
 41 171.7171717171717
 23 176.7676767676768
 0 181.8181818181818
 0 186.8686868686869
 131 191.9191919191919
 179 196.969696969697
 25 202.020202020202
 66 207.070707070707
 101 212.1212121212121
 39 217.1717171717171
 74 222.2222222222222
 154 227.2727272727273
 104 232.3232323232323
 3 237.3737373737374
 17 242.4242424242424
 90 247.4747474747475
 11 252.5252525252525
 84 257.5757575757576
 100 262.6262626262626
 30 267.6767676767677
 180 272.7272727272727
 92 277.7777777777778
 345 282.8282828282828
 129 287.8787878787879
 0 292.9292929292929
 2 297.979797979798
 0 303.030303030303
 140 308.0808080808081
 14 313.1313131313131
 34 318.1818181818182
 13 323.2323232323232
 31 328.2828282828282
 106 333.3333333333333
 53 338.3838383838383
 17 343.4343434343434
 140 348.4848484848484
 76 353.5353535353535
 17 358.5858585858585
 0 363.6363636363636
 30 368.6868686868686
 25 373.7373737373737
 28 378.7878787878788
 0 383.8383838383838
 0 388.8888888888889
 238 393.9393939393939
 45 398.989898989899
 37 404.040404040404
 121 409.0909090909091
 102 414.1414141414141
 433 419.1919191919192
 18 424.2424242424242
 158 429.2929292929293
 142 434.3434343434343
 4 439.3939393939394
 39 444.4444444444444
 49 449.4949494949495
 38 454.5454545454545
 0 459.5959595959596
 1 464.6464646464646
 1 469.6969696969697
 1 474.7474747474747
 3 479.7979797979798
 10 484.8484848484848
 13 489.8989898989898
 51 494.9494949494949
 0 500


