# Created by Octave 3.8.2, Mon Jun 22 04:41:40 2020 CEST <damian@fptrucha.inv.usc.es>
# name: hd
# type: matrix
# rows: 100
# columns: 2
 3 0
 6 5.05050505050505
 3 10.1010101010101
 237 15.15151515151515
 5 20.2020202020202
 1 25.25252525252525
 124 30.3030303030303
 450 35.35353535353535
 524 40.4040404040404
 290 45.45454545454545
 125 50.50505050505051
 67 55.55555555555555
 2 60.6060606060606
 266 65.65656565656565
 187 70.7070707070707
 469 75.75757575757575
 2 80.8080808080808
 2 85.85858585858585
 54 90.90909090909091
 5 95.95959595959596
 3 101.010101010101
 154 106.060606060606
 123 111.1111111111111
 334 116.1616161616162
 195 121.2121212121212
 60 126.2626262626263
 0 131.3131313131313
 3 136.3636363636363
 66 141.4141414141414
 89 146.4646464646464
 363 151.5151515151515
 212 156.5656565656566
 5 161.6161616161616
 1 166.6666666666667
 68 171.7171717171717
 20 176.7676767676768
 2 181.8181818181818
 0 186.8686868686869
 180 191.9191919191919
 208 196.969696969697
 50 202.020202020202
 79 207.070707070707
 166 212.1212121212121
 70 217.1717171717171
 101 222.2222222222222
 198 227.2727272727273
 124 232.3232323232323
 2 237.3737373737374
 26 242.4242424242424
 125 247.4747474747475
 25 252.5252525252525
 88 257.5757575757576
 136 262.6262626262626
 32 267.6767676767677
 240 272.7272727272727
 134 277.7777777777778
 419 282.8282828282828
 168 287.8787878787879
 3 292.9292929292929
 3 297.979797979798
 0 303.030303030303
 178 308.0808080808081
 24 313.1313131313131
 31 318.1818181818182
 27 323.2323232323232
 41 328.2828282828282
 152 333.3333333333333
 64 338.3838383838383
 18 343.4343434343434
 169 348.4848484848484
 82 353.5353535353535
 27 358.5858585858585
 1 363.6363636363636
 37 368.6868686868686
 41 373.7373737373737
 34 378.7878787878788
 3 383.8383838383838
 1 388.8888888888889
 265 393.9393939393939
 59 398.989898989899
 54 404.040404040404
 146 409.0909090909091
 120 414.1414141414141
 505 419.1919191919192
 22 424.2424242424242
 238 429.2929292929293
 145 434.3434343434343
 8 439.3939393939394
 51 444.4444444444444
 71 449.4949494949495
 53 454.5454545454545
 0 459.5959595959596
 1 464.6464646464646
 1 469.6969696969697
 3 474.7474747474747
 0 479.7979797979798
 13 484.8484848484848
 19 489.8989898989898
 47 494.9494949494949
 0 500


