# Created by Octave 3.8.2, Sun Jun 21 00:08:49 2020 CEST <damian@fptrucha.inv.usc.es>
# name: hd
# type: matrix
# rows: 100
# columns: 2
 5 0
 0 5.05050505050505
 0 10.1010101010101
 302 15.15151515151515
 1 20.2020202020202
 0 25.25252525252525
 134 30.3030303030303
 514 35.35353535353535
 560 40.4040404040404
 293 45.45454545454545
 139 50.50505050505051
 70 55.55555555555555
 2 60.6060606060606
 259 65.65656565656565
 204 70.7070707070707
 559 75.75757575757575
 2 80.8080808080808
 0 85.85858585858585
 64 90.90909090909091
 4 95.95959595959596
 0 101.010101010101
 184 106.060606060606
 189 111.1111111111111
 367 116.1616161616162
 203 121.2121212121212
 87 126.2626262626263
 1 131.3131313131313
 3 136.3636363636363
 67 141.4141414141414
 81 146.4646464646464
 446 151.5151515151515
 289 156.5656565656566
 3 161.6161616161616
 1 166.6666666666667
 77 171.7171717171717
 48 176.7676767676768
 2 181.8181818181818
 2 186.8686868686869
 158 191.9191919191919
 248 196.969696969697
 48 202.020202020202
 101 207.070707070707
 215 212.1212121212121
 63 217.1717171717171
 110 222.2222222222222
 227 227.2727272727273
 143 232.3232323232323
 1 237.3737373737374
 22 242.4242424242424
 122 247.4747474747475
 15 252.5252525252525
 94 257.5757575757576
 139 262.6262626262626
 39 267.6767676767677
 249 272.7272727272727
 159 277.7777777777778
 440 282.8282828282828
 197 287.8787878787879
 2 292.9292929292929
 1 297.979797979798
 0 303.030303030303
 220 308.0808080808081
 19 313.1313131313131
 32 318.1818181818182
 41 323.2323232323232
 24 328.2828282828282
 153 333.3333333333333
 59 338.3838383838383
 9 343.4343434343434
 166 348.4848484848484
 84 353.5353535353535
 28 358.5858585858585
 0 363.6363636363636
 47 368.6868686868686
 39 373.7373737373737
 36 378.7878787878788
 1 383.8383838383838
 0 388.8888888888889
 301 393.9393939393939
 58 398.989898989899
 62 404.040404040404
 175 409.0909090909091
 150 414.1414141414141
 558 419.1919191919192
 20 424.2424242424242
 227 429.2929292929293
 181 434.3434343434343
 0 439.3939393939394
 69 444.4444444444444
 86 449.4949494949495
 64 454.5454545454545
 1 459.5959595959596
 1 464.6464646464646
 0 469.6969696969697
 1 474.7474747474747
 1 479.7979797979798
 17 484.8484848484848
 24 489.8989898989898
 70 494.9494949494949
 0 500


