# Created by Octave 3.8.2, Mon Jun 22 23:03:59 2020 CEST <damian@fptrucha.inv.usc.es>
# name: hd
# type: matrix
# rows: 100
# columns: 2
 6 0
 9 5.05050505050505
 1 10.1010101010101
 319 15.15151515151515
 6 20.2020202020202
 1 25.25252525252525
 160 30.3030303030303
 522 35.35353535353535
 629 40.4040404040404
 321 45.45454545454545
 118 50.50505050505051
 66 55.55555555555555
 1 60.6060606060606
 317 65.65656565656565
 236 70.7070707070707
 581 75.75757575757575
 3 80.8080808080808
 2 85.85858585858585
 54 90.90909090909091
 1 95.95959595959596
 3 101.010101010101
 195 106.060606060606
 186 111.1111111111111
 438 116.1616161616162
 216 121.2121212121212
 96 126.2626262626263
 0 131.3131313131313
 1 136.3636363636363
 72 141.4141414141414
 124 146.4646464646464
 488 151.5151515151515
 258 156.5656565656566
 0 161.6161616161616
 0 166.6666666666667
 79 171.7171717171717
 36 176.7676767676768
 0 181.8181818181818
 1 186.8686868686869
 210 191.9191919191919
 256 196.969696969697
 54 202.020202020202
 103 207.070707070707
 193 212.1212121212121
 77 217.1717171717171
 95 222.2222222222222
 230 227.2727272727273
 160 232.3232323232323
 1 237.3737373737374
 25 242.4242424242424
 145 247.4747474747475
 21 252.5252525252525
 115 257.5757575757576
 149 262.6262626262626
 33 267.6767676767677
 287 272.7272727272727
 157 277.7777777777778
 449 282.8282828282828
 222 287.8787878787879
 1 292.9292929292929
 0 297.979797979798
 0 303.030303030303
 223 308.0808080808081
 30 313.1313131313131
 38 318.1818181818182
 44 323.2323232323232
 37 328.2828282828282
 201 333.3333333333333
 84 338.3838383838383
 18 343.4343434343434
 227 348.4848484848484
 114 353.5353535353535
 35 358.5858585858585
 1 363.6363636363636
 41 368.6868686868686
 50 373.7373737373737
 37 378.7878787878788
 1 383.8383838383838
 1 388.8888888888889
 307 393.9393939393939
 70 398.989898989899
 68 404.040404040404
 176 409.0909090909091
 159 414.1414141414141
 595 419.1919191919192
 25 424.2424242424242
 268 429.2929292929293
 208 434.3434343434343
 6 439.3939393939394
 52 444.4444444444444
 79 449.4949494949495
 61 454.5454545454545
 1 459.5959595959596
 0 464.6464646464646
 1 469.6969696969697
 2 474.7474747474747
 1 479.7979797979798
 23 484.8484848484848
 13 489.8989898989898
 82 494.9494949494949
 0 500


