# Created by Octave 3.8.2, Mon Jun 22 19:11:19 2020 CEST <damian@fptrucha.inv.usc.es>
# name: hd
# type: matrix
# rows: 100
# columns: 2
 6 0
 4 5.05050505050505
 1 10.1010101010101
 319 15.15151515151515
 3 20.2020202020202
 0 25.25252525252525
 141 30.3030303030303
 553 35.35353535353535
 581 40.4040404040404
 313 45.45454545454545
 145 50.50505050505051
 69 55.55555555555555
 1 60.6060606060606
 269 65.65656565656565
 205 70.7070707070707
 623 75.75757575757575
 3 80.8080808080808
 1 85.85858585858585
 74 90.90909090909091
 3 95.95959595959596
 3 101.010101010101
 196 106.060606060606
 181 111.1111111111111
 453 116.1616161616162
 208 121.2121212121212
 92 126.2626262626263
 1 131.3131313131313
 3 136.3636363636363
 67 141.4141414141414
 92 146.4646464646464
 463 151.5151515151515
 246 156.5656565656566
 9 161.6161616161616
 2 166.6666666666667
 52 171.7171717171717
 27 176.7676767676768
 1 181.8181818181818
 1 186.8686868686869
 202 191.9191919191919
 259 196.969696969697
 42 202.020202020202
 106 207.070707070707
 188 212.1212121212121
 86 217.1717171717171
 104 222.2222222222222
 252 227.2727272727273
 167 232.3232323232323
 2 237.3737373737374
 18 242.4242424242424
 155 247.4747474747475
 17 252.5252525252525
 116 257.5757575757576
 117 262.6262626262626
 32 267.6767676767677
 230 272.7272727272727
 141 277.7777777777778
 483 282.8282828282828
 209 287.8787878787879
 1 292.9292929292929
 3 297.979797979798
 0 303.030303030303
 240 308.0808080808081
 34 313.1313131313131
 42 318.1818181818182
 34 323.2323232323232
 42 328.2828282828282
 163 333.3333333333333
 76 338.3838383838383
 26 343.4343434343434
 187 348.4848484848484
 98 353.5353535353535
 32 358.5858585858585
 0 363.6363636363636
 39 368.6868686868686
 39 373.7373737373737
 41 378.7878787878788
 1 383.8383838383838
 2 388.8888888888889
 318 393.9393939393939
 76 398.989898989899
 63 404.040404040404
 179 409.0909090909091
 143 414.1414141414141
 555 419.1919191919192
 17 424.2424242424242
 247 429.2929292929293
 177 434.3434343434343
 2 439.3939393939394
 52 444.4444444444444
 77 449.4949494949495
 56 454.5454545454545
 0 459.5959595959596
 2 464.6464646464646
 2 469.6969696969697
 0 474.7474747474747
 2 479.7979797979798
 13 484.8484848484848
 27 489.8989898989898
 69 494.9494949494949
 0 500


