# Created by Octave 3.8.2, Sat Jun 20 16:51:04 2020 CEST <damian@fptrucha.inv.usc.es>
# name: hd
# type: matrix
# rows: 100
# columns: 2
 2 0
 2 5.05050505050505
 0 10.1010101010101
 266 15.15151515151515
 2 20.2020202020202
 0 25.25252525252525
 158 30.3030303030303
 456 35.35353535353535
 596 40.4040404040404
 319 45.45454545454545
 115 50.50505050505051
 66 55.55555555555555
 3 60.6060606060606
 267 65.65656565656565
 199 70.7070707070707
 572 75.75757575757575
 3 80.8080808080808
 0 85.85858585858585
 61 90.90909090909091
 0 95.95959595959596
 1 101.010101010101
 169 106.060606060606
 175 111.1111111111111
 412 116.1616161616162
 209 121.2121212121212
 90 126.2626262626263
 0 131.3131313131313
 0 136.3636363636363
 49 141.4141414141414
 90 146.4646464646464
 492 151.5151515151515
 276 156.5656565656566
 0 161.6161616161616
 0 166.6666666666667
 67 171.7171717171717
 25 176.7676767676768
 0 181.8181818181818
 2 186.8686868686869
 196 191.9191919191919
 275 196.969696969697
 45 202.020202020202
 86 207.070707070707
 170 212.1212121212121
 69 217.1717171717171
 86 222.2222222222222
 219 227.2727272727273
 133 232.3232323232323
 1 237.3737373737374
 18 242.4242424242424
 118 247.4747474747475
 20 252.5252525252525
 102 257.5757575757576
 145 262.6262626262626
 41 267.6767676767677
 252 272.7272727272727
 133 277.7777777777778
 469 282.8282828282828
 222 287.8787878787879
 1 292.9292929292929
 0 297.979797979798
 0 303.030303030303
 219 308.0808080808081
 34 313.1313131313131
 47 318.1818181818182
 41 323.2323232323232
 46 328.2828282828282
 166 333.3333333333333
 62 338.3838383838383
 19 343.4343434343434
 207 348.4848484848484
 86 353.5353535353535
 32 358.5858585858585
 2 363.6363636363636
 44 368.6868686868686
 41 373.7373737373737
 37 378.7878787878788
 0 383.8383838383838
 0 388.8888888888889
 291 393.9393939393939
 73 398.989898989899
 47 404.040404040404
 161 409.0909090909091
 167 414.1414141414141
 615 419.1919191919192
 23 424.2424242424242
 212 429.2929292929293
 178 434.3434343434343
 3 439.3939393939394
 52 444.4444444444444
 89 449.4949494949495
 53 454.5454545454545
 0 459.5959595959596
 1 464.6464646464646
 1 469.6969696969697
 0 474.7474747474747
 2 479.7979797979798
 17 484.8484848484848
 21 489.8989898989898
 71 494.9494949494949
 0 500


