# Created by Octave 3.8.2, Mon Jun 22 01:56:45 2020 CEST <damian@fptrucha.inv.usc.es>
# name: hd
# type: matrix
# rows: 100
# columns: 2
 2 0
 4 5.05050505050505
 3 10.1010101010101
 276 15.15151515151515
 2 20.2020202020202
 1 25.25252525252525
 149 30.3030303030303
 480 35.35353535353535
 593 40.4040404040404
 311 45.45454545454545
 135 50.50505050505051
 78 55.55555555555555
 3 60.6060606060606
 263 65.65656565656565
 200 70.7070707070707
 535 75.75757575757575
 2 80.8080808080808
 1 85.85858585858585
 63 90.90909090909091
 2 95.95959595959596
 3 101.010101010101
 175 106.060606060606
 168 111.1111111111111
 375 116.1616161616162
 190 121.2121212121212
 88 126.2626262626263
 0 131.3131313131313
 2 136.3636363636363
 79 141.4141414141414
 114 146.4646464646464
 438 151.5151515151515
 241 156.5656565656566
 4 161.6161616161616
 1 166.6666666666667
 73 171.7171717171717
 32 176.7676767676768
 1 181.8181818181818
 1 186.8686868686869
 196 191.9191919191919
 265 196.969696969697
 48 202.020202020202
 109 207.070707070707
 184 212.1212121212121
 54 217.1717171717171
 106 222.2222222222222
 222 227.2727272727273
 113 232.3232323232323
 4 237.3737373737374
 25 242.4242424242424
 126 247.4747474747475
 22 252.5252525252525
 99 257.5757575757576
 153 262.6262626262626
 48 267.6767676767677
 273 272.7272727272727
 129 277.7777777777778
 425 282.8282828282828
 189 287.8787878787879
 3 292.9292929292929
 0 297.979797979798
 2 303.030303030303
 200 308.0808080808081
 34 313.1313131313131
 35 318.1818181818182
 34 323.2323232323232
 37 328.2828282828282
 172 333.3333333333333
 79 338.3838383838383
 16 343.4343434343434
 182 348.4848484848484
 99 353.5353535353535
 31 358.5858585858585
 2 363.6363636363636
 43 368.6868686868686
 28 373.7373737373737
 35 378.7878787878788
 0 383.8383838383838
 0 388.8888888888889
 318 393.9393939393939
 68 398.989898989899
 79 404.040404040404
 158 409.0909090909091
 134 414.1414141414141
 581 419.1919191919192
 25 424.2424242424242
 211 429.2929292929293
 186 434.3434343434343
 3 439.3939393939394
 57 444.4444444444444
 73 449.4949494949495
 72 454.5454545454545
 1 459.5959595959596
 0 464.6464646464646
 3 469.6969696969697
 1 474.7474747474747
 3 479.7979797979798
 26 484.8484848484848
 17 489.8989898989898
 75 494.9494949494949
 0 500


