# Created by Octave 3.8.2, Sun Jun 21 07:43:30 2020 CEST <damian@fptrucha.inv.usc.es>
# name: hd
# type: matrix
# rows: 100
# columns: 2
 2 0
 5 5.05050505050505
 3 10.1010101010101
 287 15.15151515151515
 1 20.2020202020202
 0 25.25252525252525
 149 30.3030303030303
 535 35.35353535353535
 582 40.4040404040404
 322 45.45454545454545
 139 50.50505050505051
 59 55.55555555555555
 2 60.6060606060606
 292 65.65656565656565
 229 70.7070707070707
 593 75.75757575757575
 0 80.8080808080808
 0 85.85858585858585
 53 90.90909090909091
 3 95.95959595959596
 0 101.010101010101
 190 106.060606060606
 199 111.1111111111111
 410 116.1616161616162
 189 121.2121212121212
 83 126.2626262626263
 1 131.3131313131313
 0 136.3636363636363
 74 141.4141414141414
 88 146.4646464646464
 491 151.5151515151515
 282 156.5656565656566
 1 161.6161616161616
 0 166.6666666666667
 69 171.7171717171717
 40 176.7676767676768
 1 181.8181818181818
 0 186.8686868686869
 200 191.9191919191919
 249 196.969696969697
 44 202.020202020202
 92 207.070707070707
 178 212.1212121212121
 69 217.1717171717171
 106 222.2222222222222
 220 227.2727272727273
 150 232.3232323232323
 2 237.3737373737374
 29 242.4242424242424
 137 247.4747474747475
 27 252.5252525252525
 134 257.5757575757576
 129 262.6262626262626
 45 267.6767676767677
 262 272.7272727272727
 163 277.7777777777778
 431 282.8282828282828
 196 287.8787878787879
 2 292.9292929292929
 0 297.979797979798
 1 303.030303030303
 187 308.0808080808081
 22 313.1313131313131
 46 318.1818181818182
 35 323.2323232323232
 33 328.2828282828282
 179 333.3333333333333
 51 338.3838383838383
 21 343.4343434343434
 193 348.4848484848484
 110 353.5353535353535
 35 358.5858585858585
 1 363.6363636363636
 52 368.6868686868686
 40 373.7373737373737
 38 378.7878787878788
 0 383.8383838383838
 1 388.8888888888889
 310 393.9393939393939
 59 398.989898989899
 42 404.040404040404
 161 409.0909090909091
 160 414.1414141414141
 559 419.1919191919192
 24 424.2424242424242
 235 429.2929292929293
 191 434.3434343434343
 3 439.3939393939394
 61 444.4444444444444
 74 449.4949494949495
 57 454.5454545454545
 0 459.5959595959596
 0 464.6464646464646
 0 469.6969696969697
 0 474.7474747474747
 2 479.7979797979798
 20 484.8484848484848
 26 489.8989898989898
 74 494.9494949494949
 0 500


