# Created by Octave 3.8.2, Sun Jun 21 03:14:03 2020 CEST <damian@fptrucha.inv.usc.es>
# name: hd
# type: matrix
# rows: 100
# columns: 2
 1 0
 2 5.05050505050505
 1 10.1010101010101
 248 15.15151515151515
 2 20.2020202020202
 0 25.25252525252525
 152 30.3030303030303
 476 35.35353535353535
 553 40.4040404040404
 290 45.45454545454545
 140 50.50505050505051
 74 55.55555555555555
 1 60.6060606060606
 292 65.65656565656565
 221 70.7070707070707
 537 75.75757575757575
 0 80.8080808080808
 1 85.85858585858585
 64 90.90909090909091
 6 95.95959595959596
 1 101.010101010101
 193 106.060606060606
 176 111.1111111111111
 390 116.1616161616162
 199 121.2121212121212
 97 126.2626262626263
 1 131.3131313131313
 3 136.3636363636363
 55 141.4141414141414
 79 146.4646464646464
 422 151.5151515151515
 245 156.5656565656566
 3 161.6161616161616
 1 166.6666666666667
 71 171.7171717171717
 23 176.7676767676768
 0 181.8181818181818
 0 186.8686868686869
 177 191.9191919191919
 258 196.969696969697
 43 202.020202020202
 84 207.070707070707
 180 212.1212121212121
 50 217.1717171717171
 99 222.2222222222222
 193 227.2727272727273
 126 232.3232323232323
 0 237.3737373737374
 20 242.4242424242424
 117 247.4747474747475
 19 252.5252525252525
 114 257.5757575757576
 137 262.6262626262626
 40 267.6767676767677
 259 272.7272727272727
 140 277.7777777777778
 431 282.8282828282828
 207 287.8787878787879
 1 292.9292929292929
 0 297.979797979798
 1 303.030303030303
 198 308.0808080808081
 25 313.1313131313131
 53 318.1818181818182
 32 323.2323232323232
 46 328.2828282828282
 170 333.3333333333333
 63 338.3838383838383
 17 343.4343434343434
 196 348.4848484848484
 92 353.5353535353535
 25 358.5858585858585
 0 363.6363636363636
 53 368.6868686868686
 32 373.7373737373737
 36 378.7878787878788
 0 383.8383838383838
 1 388.8888888888889
 321 393.9393939393939
 43 398.989898989899
 58 404.040404040404
 176 409.0909090909091
 148 414.1414141414141
 527 419.1919191919192
 20 424.2424242424242
 213 429.2929292929293
 171 434.3434343434343
 3 439.3939393939394
 51 444.4444444444444
 61 449.4949494949495
 46 454.5454545454545
 1 459.5959595959596
 0 464.6464646464646
 0 469.6969696969697
 2 474.7474747474747
 1 479.7979797979798
 17 484.8484848484848
 19 489.8989898989898
 77 494.9494949494949
 0 500


