# Created by Octave 3.8.2, Sat Jun 20 09:13:01 2020 CEST <damian@fptrucha.inv.usc.es>
# name: hd
# type: matrix
# rows: 100
# columns: 2
 4 0
 5 5.05050505050505
 0 10.1010101010101
 294 15.15151515151515
 1 20.2020202020202
 1 25.25252525252525
 179 30.3030303030303
 580 35.35353535353535
 641 40.4040404040404
 357 45.45454545454545
 136 50.50505050505051
 88 55.55555555555555
 3 60.6060606060606
 289 65.65656565656565
 238 70.7070707070707
 646 75.75757575757575
 0 80.8080808080808
 1 85.85858585858585
 66 90.90909090909091
 8 95.95959595959596
 2 101.010101010101
 222 106.060606060606
 197 111.1111111111111
 408 116.1616161616162
 234 121.2121212121212
 93 126.2626262626263
 0 131.3131313131313
 2 136.3636363636363
 86 141.4141414141414
 104 146.4646464646464
 488 151.5151515151515
 268 156.5656565656566
 3 161.6161616161616
 0 166.6666666666667
 82 171.7171717171717
 24 176.7676767676768
 2 181.8181818181818
 0 186.8686868686869
 230 191.9191919191919
 289 196.969696969697
 75 202.020202020202
 109 207.070707070707
 209 212.1212121212121
 57 217.1717171717171
 125 222.2222222222222
 241 227.2727272727273
 149 232.3232323232323
 0 237.3737373737374
 31 242.4242424242424
 131 247.4747474747475
 13 252.5252525252525
 129 257.5757575757576
 157 262.6262626262626
 36 267.6767676767677
 305 272.7272727272727
 152 277.7777777777778
 494 282.8282828282828
 226 287.8787878787879
 2 292.9292929292929
 1 297.979797979798
 0 303.030303030303
 240 308.0808080808081
 26 313.1313131313131
 45 318.1818181818182
 30 323.2323232323232
 37 328.2828282828282
 198 333.3333333333333
 54 338.3838383838383
 22 343.4343434343434
 219 348.4848484848484
 103 353.5353535353535
 27 358.5858585858585
 0 363.6363636363636
 54 368.6868686868686
 38 373.7373737373737
 48 378.7878787878788
 2 383.8383838383838
 1 388.8888888888889
 375 393.9393939393939
 62 398.989898989899
 82 404.040404040404
 174 409.0909090909091
 170 414.1414141414141
 640 419.1919191919192
 22 424.2424242424242
 251 429.2929292929293
 228 434.3434343434343
 5 439.3939393939394
 58 444.4444444444444
 90 449.4949494949495
 54 454.5454545454545
 0 459.5959595959596
 0 464.6464646464646
 0 469.6969696969697
 0 474.7474747474747
 1 479.7979797979798
 18 484.8484848484848
 32 489.8989898989898
 82 494.9494949494949
 0 500


