# Created by Octave 3.8.2, Sun Jun 21 04:32:02 2020 CEST <damian@fptrucha.inv.usc.es>
# name: hd
# type: matrix
# rows: 100
# columns: 2
 2 0
 2 5.05050505050505
 2 10.1010101010101
 251 15.15151515151515
 1 20.2020202020202
 0 25.25252525252525
 127 30.3030303030303
 503 35.35353535353535
 577 40.4040404040404
 321 45.45454545454545
 122 50.50505050505051
 64 55.55555555555555
 1 60.6060606060606
 260 65.65656565656565
 187 70.7070707070707
 560 75.75757575757575
 1 80.8080808080808
 0 85.85858585858585
 62 90.90909090909091
 4 95.95959595959596
 4 101.010101010101
 184 106.060606060606
 193 111.1111111111111
 384 116.1616161616162
 181 121.2121212121212
 92 126.2626262626263
 0 131.3131313131313
 3 136.3636363636363
 56 141.4141414141414
 76 146.4646464646464
 414 151.5151515151515
 266 156.5656565656566
 2 161.6161616161616
 0 166.6666666666667
 64 171.7171717171717
 24 176.7676767676768
 0 181.8181818181818
 0 186.8686868686869
 190 191.9191919191919
 253 196.969696969697
 42 202.020202020202
 85 207.070707070707
 187 212.1212121212121
 58 217.1717171717171
 96 222.2222222222222
 216 227.2727272727273
 142 232.3232323232323
 2 237.3737373737374
 23 242.4242424242424
 125 247.4747474747475
 13 252.5252525252525
 125 257.5757575757576
 129 262.6262626262626
 33 267.6767676767677
 251 272.7272727272727
 143 277.7777777777778
 439 282.8282828282828
 197 287.8787878787879
 0 292.9292929292929
 1 297.979797979798
 0 303.030303030303
 217 308.0808080808081
 21 313.1313131313131
 37 318.1818181818182
 40 323.2323232323232
 39 328.2828282828282
 169 333.3333333333333
 54 338.3838383838383
 16 343.4343434343434
 178 348.4848484848484
 84 353.5353535353535
 30 358.5858585858585
 2 363.6363636363636
 37 368.6868686868686
 29 373.7373737373737
 32 378.7878787878788
 1 383.8383838383838
 0 388.8888888888889
 299 393.9393939393939
 38 398.989898989899
 69 404.040404040404
 181 409.0909090909091
 125 414.1414141414141
 569 419.1919191919192
 23 424.2424242424242
 211 429.2929292929293
 199 434.3434343434343
 2 439.3939393939394
 53 444.4444444444444
 64 449.4949494949495
 55 454.5454545454545
 1 459.5959595959596
 2 464.6464646464646
 0 469.6969696969697
 1 474.7474747474747
 2 479.7979797979798
 18 484.8484848484848
 22 489.8989898989898
 83 494.9494949494949
 0 500


