# Created by Octave 3.8.2, Mon Jun 22 06:52:06 2020 CEST <damian@fptrucha.inv.usc.es>
# name: hd
# type: matrix
# rows: 100
# columns: 2
 2 0
 6 5.05050505050505
 2 10.1010101010101
 284 15.15151515151515
 1 20.2020202020202
 2 25.25252525252525
 146 30.3030303030303
 480 35.35353535353535
 545 40.4040404040404
 304 45.45454545454545
 109 50.50505050505051
 65 55.55555555555555
 1 60.6060606060606
 257 65.65656565656565
 174 70.7070707070707
 549 75.75757575757575
 2 80.8080808080808
 1 85.85858585858585
 66 90.90909090909091
 5 95.95959595959596
 5 101.010101010101
 161 106.060606060606
 150 111.1111111111111
 395 116.1616161616162
 190 121.2121212121212
 80 126.2626262626263
 1 131.3131313131313
 3 136.3636363636363
 51 141.4141414141414
 88 146.4646464646464
 432 151.5151515151515
 225 156.5656565656566
 2 161.6161616161616
 0 166.6666666666667
 61 171.7171717171717
 35 176.7676767676768
 1 181.8181818181818
 2 186.8686868686869
 179 191.9191919191919
 244 196.969696969697
 50 202.020202020202
 85 207.070707070707
 188 212.1212121212121
 54 217.1717171717171
 84 222.2222222222222
 227 227.2727272727273
 130 232.3232323232323
 2 237.3737373737374
 17 242.4242424242424
 132 247.4747474747475
 30 252.5252525252525
 101 257.5757575757576
 108 262.6262626262626
 36 267.6767676767677
 275 272.7272727272727
 141 277.7777777777778
 447 282.8282828282828
 171 287.8787878787879
 0 292.9292929292929
 1 297.979797979798
 0 303.030303030303
 198 308.0808080808081
 26 313.1313131313131
 44 318.1818181818182
 27 323.2323232323232
 26 328.2828282828282
 168 333.3333333333333
 73 338.3838383838383
 18 343.4343434343434
 193 348.4848484848484
 85 353.5353535353535
 31 358.5858585858585
 1 363.6363636363636
 39 368.6868686868686
 31 373.7373737373737
 31 378.7878787878788
 0 383.8383838383838
 1 388.8888888888889
 291 393.9393939393939
 69 398.989898989899
 55 404.040404040404
 186 409.0909090909091
 151 414.1414141414141
 533 419.1919191919192
 29 424.2424242424242
 229 429.2929292929293
 176 434.3434343434343
 1 439.3939393939394
 59 444.4444444444444
 67 449.4949494949495
 50 454.5454545454545
 1 459.5959595959596
 1 464.6464646464646
 0 469.6969696969697
 1 474.7474747474747
 1 479.7979797979798
 17 484.8484848484848
 22 489.8989898989898
 56 494.9494949494949
 0 500


