# Created by Octave 3.8.2, Mon Jun 22 17:11:43 2020 CEST <damian@fptrucha.inv.usc.es>
# name: hd
# type: matrix
# rows: 100
# columns: 2
 0 0
 1 5.05050505050505
 2 10.1010101010101
 262 15.15151515151515
 1 20.2020202020202
 0 25.25252525252525
 156 30.3030303030303
 546 35.35353535353535
 576 40.4040404040404
 316 45.45454545454545
 142 50.50505050505051
 64 55.55555555555555
 0 60.6060606060606
 294 65.65656565656565
 219 70.7070707070707
 566 75.75757575757575
 3 80.8080808080808
 3 85.85858585858585
 78 90.90909090909091
 2 95.95959595959596
 7 101.010101010101
 204 106.060606060606
 179 111.1111111111111
 432 116.1616161616162
 213 121.2121212121212
 88 126.2626262626263
 1 131.3131313131313
 1 136.3636363636363
 99 141.4141414141414
 95 146.4646464646464
 441 151.5151515151515
 257 156.5656565656566
 2 161.6161616161616
 0 166.6666666666667
 79 171.7171717171717
 31 176.7676767676768
 1 181.8181818181818
 4 186.8686868686869
 189 191.9191919191919
 255 196.969696969697
 55 202.020202020202
 123 207.070707070707
 176 212.1212121212121
 73 217.1717171717171
 89 222.2222222222222
 237 227.2727272727273
 127 232.3232323232323
 3 237.3737373737374
 31 242.4242424242424
 150 247.4747474747475
 26 252.5252525252525
 115 257.5757575757576
 153 262.6262626262626
 32 267.6767676767677
 266 272.7272727272727
 140 277.7777777777778
 448 282.8282828282828
 216 287.8787878787879
 1 292.9292929292929
 3 297.979797979798
 1 303.030303030303
 207 308.0808080808081
 24 313.1313131313131
 37 318.1818181818182
 27 323.2323232323232
 45 328.2828282828282
 171 333.3333333333333
 85 338.3838383838383
 28 343.4343434343434
 175 348.4848484848484
 108 353.5353535353535
 38 358.5858585858585
 2 363.6363636363636
 37 368.6868686868686
 36 373.7373737373737
 39 378.7878787878788
 0 383.8383838383838
 0 388.8888888888889
 358 393.9393939393939
 54 398.989898989899
 62 404.040404040404
 142 409.0909090909091
 142 414.1414141414141
 534 419.1919191919192
 23 424.2424242424242
 265 429.2929292929293
 158 434.3434343434343
 1 439.3939393939394
 51 444.4444444444444
 76 449.4949494949495
 39 454.5454545454545
 0 459.5959595959596
 3 464.6464646464646
 1 469.6969696969697
 0 474.7474747474747
 0 479.7979797979798
 24 484.8484848484848
 18 489.8989898989898
 77 494.9494949494949
 0 500


