# Created by Octave 3.8.2, Mon Jun 22 07:17:20 2020 CEST <damian@fptrucha.inv.usc.es>
# name: hd
# type: matrix
# rows: 100
# columns: 2
 2 0
 5 5.05050505050505
 3 10.1010101010101
 272 15.15151515151515
 8 20.2020202020202
 1 25.25252525252525
 147 30.3030303030303
 556 35.35353535353535
 547 40.4040404040404
 285 45.45454545454545
 128 50.50505050505051
 65 55.55555555555555
 5 60.6060606060606
 237 65.65656565656565
 209 70.7070707070707
 519 75.75757575757575
 1 80.8080808080808
 2 85.85858585858585
 58 90.90909090909091
 9 95.95959595959596
 3 101.010101010101
 171 106.060606060606
 177 111.1111111111111
 389 116.1616161616162
 205 121.2121212121212
 73 126.2626262626263
 2 131.3131313131313
 2 136.3636363636363
 67 141.4141414141414
 84 146.4646464646464
 425 151.5151515151515
 220 156.5656565656566
 4 161.6161616161616
 1 166.6666666666667
 64 171.7171717171717
 37 176.7676767676768
 1 181.8181818181818
 1 186.8686868686869
 198 191.9191919191919
 249 196.969696969697
 50 202.020202020202
 84 207.070707070707
 168 212.1212121212121
 51 217.1717171717171
 76 222.2222222222222
 237 227.2727272727273
 126 232.3232323232323
 1 237.3737373737374
 30 242.4242424242424
 123 247.4747474747475
 17 252.5252525252525
 118 257.5757575757576
 130 262.6262626262626
 39 267.6767676767677
 277 272.7272727272727
 136 277.7777777777778
 409 282.8282828282828
 192 287.8787878787879
 0 292.9292929292929
 2 297.979797979798
 2 303.030303030303
 193 308.0808080808081
 29 313.1313131313131
 51 318.1818181818182
 31 323.2323232323232
 34 328.2828282828282
 163 333.3333333333333
 64 338.3838383838383
 26 343.4343434343434
 136 348.4848484848484
 111 353.5353535353535
 22 358.5858585858585
 1 363.6363636363636
 47 368.6868686868686
 33 373.7373737373737
 32 378.7878787878788
 1 383.8383838383838
 1 388.8888888888889
 303 393.9393939393939
 58 398.989898989899
 57 404.040404040404
 176 409.0909090909091
 133 414.1414141414141
 551 419.1919191919192
 17 424.2424242424242
 244 429.2929292929293
 150 434.3434343434343
 3 439.3939393939394
 61 444.4444444444444
 63 449.4949494949495
 55 454.5454545454545
 1 459.5959595959596
 1 464.6464646464646
 2 469.6969696969697
 3 474.7474747474747
 2 479.7979797979798
 27 484.8484848484848
 22 489.8989898989898
 62 494.9494949494949
 0 500


