# Created by Octave 3.8.2, Sun Jun 21 05:28:17 2020 CEST <damian@fptrucha.inv.usc.es>
# name: hd
# type: matrix
# rows: 100
# columns: 2
 0 0
 4 5.05050505050505
 1 10.1010101010101
 268 15.15151515151515
 2 20.2020202020202
 1 25.25252525252525
 134 30.3030303030303
 506 35.35353535353535
 592 40.4040404040404
 311 45.45454545454545
 108 50.50505050505051
 60 55.55555555555555
 0 60.6060606060606
 248 65.65656565656565
 182 70.7070707070707
 602 75.75757575757575
 1 80.8080808080808
 1 85.85858585858585
 64 90.90909090909091
 3 95.95959595959596
 2 101.010101010101
 168 106.060606060606
 175 111.1111111111111
 355 116.1616161616162
 191 121.2121212121212
 92 126.2626262626263
 3 131.3131313131313
 0 136.3636363636363
 61 141.4141414141414
 85 146.4646464646464
 424 151.5151515151515
 263 156.5656565656566
 2 161.6161616161616
 1 166.6666666666667
 72 171.7171717171717
 34 176.7676767676768
 0 181.8181818181818
 0 186.8686868686869
 166 191.9191919191919
 261 196.969696969697
 47 202.020202020202
 80 207.070707070707
 153 212.1212121212121
 48 217.1717171717171
 82 222.2222222222222
 220 227.2727272727273
 136 232.3232323232323
 0 237.3737373737374
 13 242.4242424242424
 121 247.4747474747475
 17 252.5252525252525
 107 257.5757575757576
 141 262.6262626262626
 36 267.6767676767677
 237 272.7272727272727
 169 277.7777777777778
 473 282.8282828282828
 204 287.8787878787879
 0 292.9292929292929
 0 297.979797979798
 0 303.030303030303
 203 308.0808080808081
 20 313.1313131313131
 28 318.1818181818182
 24 323.2323232323232
 36 328.2828282828282
 181 333.3333333333333
 69 338.3838383838383
 18 343.4343434343434
 196 348.4848484848484
 95 353.5353535353535
 33 358.5858585858585
 1 363.6363636363636
 44 368.6868686868686
 36 373.7373737373737
 35 378.7878787878788
 0 383.8383838383838
 2 388.8888888888889
 296 393.9393939393939
 65 398.989898989899
 69 404.040404040404
 135 409.0909090909091
 135 414.1414141414141
 556 419.1919191919192
 26 424.2424242424242
 202 429.2929292929293
 153 434.3434343434343
 1 439.3939393939394
 51 444.4444444444444
 80 449.4949494949495
 49 454.5454545454545
 1 459.5959595959596
 0 464.6464646464646
 0 469.6969696969697
 1 474.7474747474747
 1 479.7979797979798
 14 484.8484848484848
 17 489.8989898989898
 64 494.9494949494949
 0 500


