# Created by Octave 3.8.2, Mon Jun 22 19:52:03 2020 CEST <damian@fptrucha.inv.usc.es>
# name: hd
# type: matrix
# rows: 100
# columns: 2
 4 0
 2 5.05050505050505
 1 10.1010101010101
 293 15.15151515151515
 2 20.2020202020202
 1 25.25252525252525
 183 30.3030303030303
 586 35.35353535353535
 569 40.4040404040404
 319 45.45454545454545
 134 50.50505050505051
 78 55.55555555555555
 1 60.6060606060606
 288 65.65656565656565
 223 70.7070707070707
 585 75.75757575757575
 6 80.8080808080808
 1 85.85858585858585
 71 90.90909090909091
 4 95.95959595959596
 3 101.010101010101
 197 106.060606060606
 182 111.1111111111111
 421 116.1616161616162
 201 121.2121212121212
 90 126.2626262626263
 1 131.3131313131313
 1 136.3636363636363
 64 141.4141414141414
 86 146.4646464646464
 451 151.5151515151515
 266 156.5656565656566
 2 161.6161616161616
 0 166.6666666666667
 92 171.7171717171717
 31 176.7676767676768
 2 181.8181818181818
 3 186.8686868686869
 212 191.9191919191919
 268 196.969696969697
 50 202.020202020202
 101 207.070707070707
 188 212.1212121212121
 66 217.1717171717171
 105 222.2222222222222
 266 227.2727272727273
 134 232.3232323232323
 1 237.3737373737374
 31 242.4242424242424
 154 247.4747474747475
 27 252.5252525252525
 132 257.5757575757576
 110 262.6262626262626
 37 267.6767676767677
 281 272.7272727272727
 138 277.7777777777778
 465 282.8282828282828
 220 287.8787878787879
 1 292.9292929292929
 1 297.979797979798
 3 303.030303030303
 196 308.0808080808081
 30 313.1313131313131
 44 318.1818181818182
 24 323.2323232323232
 43 328.2828282828282
 194 333.3333333333333
 65 338.3838383838383
 16 343.4343434343434
 206 348.4848484848484
 114 353.5353535353535
 22 358.5858585858585
 1 363.6363636363636
 36 368.6868686868686
 27 373.7373737373737
 38 378.7878787878788
 0 383.8383838383838
 0 388.8888888888889
 340 393.9393939393939
 63 398.989898989899
 59 404.040404040404
 173 409.0909090909091
 138 414.1414141414141
 610 419.1919191919192
 9 424.2424242424242
 248 429.2929292929293
 205 434.3434343434343
 7 439.3939393939394
 53 444.4444444444444
 79 449.4949494949495
 40 454.5454545454545
 1 459.5959595959596
 1 464.6464646464646
 3 469.6969696969697
 2 474.7474747474747
 1 479.7979797979798
 20 484.8484848484848
 22 489.8989898989898
 85 494.9494949494949
 0 500


