# Created by Octave 3.8.2, Tue Jun 23 00:29:31 2020 CEST <damian@fptrucha.inv.usc.es>
# name: hd
# type: matrix
# rows: 100
# columns: 2
 1 0
 4 5.05050505050505
 1 10.1010101010101
 290 15.15151515151515
 3 20.2020202020202
 0 25.25252525252525
 156 30.3030303030303
 561 35.35353535353535
 588 40.4040404040404
 312 45.45454545454545
 122 50.50505050505051
 78 55.55555555555555
 0 60.6060606060606
 260 65.65656565656565
 218 70.7070707070707
 598 75.75757575757575
 1 80.8080808080808
 1 85.85858585858585
 53 90.90909090909091
 0 95.95959595959596
 1 101.010101010101
 141 106.060606060606
 176 111.1111111111111
 415 116.1616161616162
 219 121.2121212121212
 93 126.2626262626263
 0 131.3131313131313
 0 136.3636363636363
 59 141.4141414141414
 96 146.4646464646464
 485 151.5151515151515
 275 156.5656565656566
 2 161.6161616161616
 0 166.6666666666667
 77 171.7171717171717
 40 176.7676767676768
 0 181.8181818181818
 1 186.8686868686869
 189 191.9191919191919
 271 196.969696969697
 52 202.020202020202
 113 207.070707070707
 181 212.1212121212121
 48 217.1717171717171
 113 222.2222222222222
 260 227.2727272727273
 122 232.3232323232323
 1 237.3737373737374
 19 242.4242424242424
 160 247.4747474747475
 29 252.5252525252525
 119 257.5757575757576
 118 262.6262626262626
 55 267.6767676767677
 264 272.7272727272727
 149 277.7777777777778
 486 282.8282828282828
 207 287.8787878787879
 1 292.9292929292929
 1 297.979797979798
 1 303.030303030303
 191 308.0808080808081
 23 313.1313131313131
 39 318.1818181818182
 45 323.2323232323232
 43 328.2828282828282
 214 333.3333333333333
 63 338.3838383838383
 23 343.4343434343434
 190 348.4848484848484
 93 353.5353535353535
 26 358.5858585858585
 1 363.6363636363636
 45 368.6868686868686
 48 373.7373737373737
 39 378.7878787878788
 0 383.8383838383838
 2 388.8888888888889
 336 393.9393939393939
 64 398.989898989899
 56 404.040404040404
 179 409.0909090909091
 144 414.1414141414141
 553 419.1919191919192
 23 424.2424242424242
 248 429.2929292929293
 177 434.3434343434343
 6 439.3939393939394
 64 444.4444444444444
 78 449.4949494949495
 41 454.5454545454545
 0 459.5959595959596
 0 464.6464646464646
 1 469.6969696969697
 2 474.7474747474747
 0 479.7979797979798
 23 484.8484848484848
 17 489.8989898989898
 78 494.9494949494949
 0 500


