# Created by Octave 3.8.2, Sat Jun 20 20:34:21 2020 CEST <damian@fptrucha.inv.usc.es>
# name: hd
# type: matrix
# rows: 100
# columns: 2
 2 0
 5 5.05050505050505
 1 10.1010101010101
 254 15.15151515151515
 7 20.2020202020202
 1 25.25252525252525
 146 30.3030303030303
 536 35.35353535353535
 614 40.4040404040404
 305 45.45454545454545
 107 50.50505050505051
 64 55.55555555555555
 3 60.6060606060606
 256 65.65656565656565
 188 70.7070707070707
 581 75.75757575757575
 1 80.8080808080808
 0 85.85858585858585
 70 90.90909090909091
 4 95.95959595959596
 4 101.010101010101
 204 106.060606060606
 186 111.1111111111111
 411 116.1616161616162
 185 121.2121212121212
 84 126.2626262626263
 0 131.3131313131313
 3 136.3636363636363
 57 141.4141414141414
 97 146.4646464646464
 457 151.5151515151515
 258 156.5656565656566
 0 161.6161616161616
 0 166.6666666666667
 71 171.7171717171717
 31 176.7676767676768
 1 181.8181818181818
 1 186.8686868686869
 195 191.9191919191919
 265 196.969696969697
 42 202.020202020202
 98 207.070707070707
 184 212.1212121212121
 70 217.1717171717171
 99 222.2222222222222
 220 227.2727272727273
 137 232.3232323232323
 1 237.3737373737374
 20 242.4242424242424
 137 247.4747474747475
 20 252.5252525252525
 114 257.5757575757576
 150 262.6262626262626
 35 267.6767676767677
 262 272.7272727272727
 138 277.7777777777778
 484 282.8282828282828
 206 287.8787878787879
 4 292.9292929292929
 0 297.979797979798
 0 303.030303030303
 199 308.0808080808081
 28 313.1313131313131
 33 318.1818181818182
 31 323.2323232323232
 36 328.2828282828282
 176 333.3333333333333
 64 338.3838383838383
 20 343.4343434343434
 179 348.4848484848484
 90 353.5353535353535
 21 358.5858585858585
 0 363.6363636363636
 34 368.6868686868686
 41 373.7373737373737
 33 378.7878787878788
 1 383.8383838383838
 1 388.8888888888889
 325 393.9393939393939
 49 398.989898989899
 53 404.040404040404
 170 409.0909090909091
 174 414.1414141414141
 564 419.1919191919192
 14 424.2424242424242
 193 429.2929292929293
 175 434.3434343434343
 6 439.3939393939394
 52 444.4444444444444
 78 449.4949494949495
 49 454.5454545454545
 0 459.5959595959596
 1 464.6464646464646
 0 469.6969696969697
 0 474.7474747474747
 2 479.7979797979798
 15 484.8484848484848
 8 489.8989898989898
 80 494.9494949494949
 0 500


