# Created by Octave 3.8.2, Mon Jun 22 17:41:57 2020 CEST <damian@fptrucha.inv.usc.es>
# name: hd
# type: matrix
# rows: 100
# columns: 2
 2 0
 3 5.05050505050505
 1 10.1010101010101
 301 15.15151515151515
 2 20.2020202020202
 0 25.25252525252525
 146 30.3030303030303
 568 35.35353535353535
 632 40.4040404040404
 331 45.45454545454545
 123 50.50505050505051
 71 55.55555555555555
 3 60.6060606060606
 287 65.65656565656565
 218 70.7070707070707
 555 75.75757575757575
 0 80.8080808080808
 1 85.85858585858585
 69 90.90909090909091
 3 95.95959595959596
 2 101.010101010101
 160 106.060606060606
 169 111.1111111111111
 405 116.1616161616162
 209 121.2121212121212
 88 126.2626262626263
 0 131.3131313131313
 2 136.3636363636363
 70 141.4141414141414
 94 146.4646464646464
 450 151.5151515151515
 239 156.5656565656566
 3 161.6161616161616
 1 166.6666666666667
 73 171.7171717171717
 36 176.7676767676768
 2 181.8181818181818
 1 186.8686868686869
 209 191.9191919191919
 274 196.969696969697
 54 202.020202020202
 110 207.070707070707
 186 212.1212121212121
 71 217.1717171717171
 96 222.2222222222222
 258 227.2727272727273
 150 232.3232323232323
 0 237.3737373737374
 26 242.4242424242424
 139 247.4747474747475
 20 252.5252525252525
 125 257.5757575757576
 114 262.6262626262626
 33 267.6767676767677
 289 272.7272727272727
 151 277.7777777777778
 466 282.8282828282828
 247 287.8787878787879
 0 292.9292929292929
 1 297.979797979798
 2 303.030303030303
 223 308.0808080808081
 30 313.1313131313131
 42 318.1818181818182
 30 323.2323232323232
 40 328.2828282828282
 169 333.3333333333333
 70 338.3838383838383
 27 343.4343434343434
 226 348.4848484848484
 90 353.5353535353535
 36 358.5858585858585
 0 363.6363636363636
 40 368.6868686868686
 57 373.7373737373737
 40 378.7878787878788
 0 383.8383838383838
 1 388.8888888888889
 313 393.9393939393939
 69 398.989898989899
 59 404.040404040404
 156 409.0909090909091
 137 414.1414141414141
 560 419.1919191919192
 31 424.2424242424242
 243 429.2929292929293
 182 434.3434343434343
 5 439.3939393939394
 60 444.4444444444444
 79 449.4949494949495
 54 454.5454545454545
 0 459.5959595959596
 1 464.6464646464646
 2 469.6969696969697
 2 474.7474747474747
 0 479.7979797979798
 29 484.8484848484848
 14 489.8989898989898
 81 494.9494949494949
 0 500


