# Created by Octave 3.8.2, Sat Jun 20 02:09:40 2020 CEST <damian@fptrucha.inv.usc.es>
# name: hd
# type: matrix
# rows: 100
# columns: 2
 3 0
 2 5.05050505050505
 2 10.1010101010101
 292 15.15151515151515
 2 20.2020202020202
 1 25.25252525252525
 197 30.3030303030303
 584 35.35353535353535
 643 40.4040404040404
 356 45.45454545454545
 144 50.50505050505051
 58 55.55555555555555
 2 60.6060606060606
 274 65.65656565656565
 204 70.7070707070707
 591 75.75757575757575
 2 80.8080808080808
 0 85.85858585858585
 82 90.90909090909091
 4 95.95959595959596
 4 101.010101010101
 200 106.060606060606
 184 111.1111111111111
 427 116.1616161616162
 212 121.2121212121212
 91 126.2626262626263
 0 131.3131313131313
 2 136.3636363636363
 81 141.4141414141414
 101 146.4646464646464
 451 151.5151515151515
 271 156.5656565656566
 1 161.6161616161616
 1 166.6666666666667
 73 171.7171717171717
 34 176.7676767676768
 0 181.8181818181818
 2 186.8686868686869
 176 191.9191919191919
 275 196.969696969697
 57 202.020202020202
 95 207.070707070707
 174 212.1212121212121
 71 217.1717171717171
 112 222.2222222222222
 256 227.2727272727273
 139 232.3232323232323
 1 237.3737373737374
 24 242.4242424242424
 143 247.4747474747475
 22 252.5252525252525
 139 257.5757575757576
 145 262.6262626262626
 42 267.6767676767677
 244 272.7272727272727
 129 277.7777777777778
 539 282.8282828282828
 235 287.8787878787879
 1 292.9292929292929
 0 297.979797979798
 0 303.030303030303
 208 308.0808080808081
 43 313.1313131313131
 36 318.1818181818182
 30 323.2323232323232
 49 328.2828282828282
 199 333.3333333333333
 64 338.3838383838383
 21 343.4343434343434
 206 348.4848484848484
 115 353.5353535353535
 22 358.5858585858585
 0 363.6363636363636
 36 368.6868686868686
 34 373.7373737373737
 44 378.7878787878788
 0 383.8383838383838
 0 388.8888888888889
 323 393.9393939393939
 42 398.989898989899
 65 404.040404040404
 203 409.0909090909091
 163 414.1414141414141
 618 419.1919191919192
 24 424.2424242424242
 231 429.2929292929293
 186 434.3434343434343
 2 439.3939393939394
 46 444.4444444444444
 89 449.4949494949495
 63 454.5454545454545
 2 459.5959595959596
 0 464.6464646464646
 1 469.6969696969697
 0 474.7474747474747
 2 479.7979797979798
 22 484.8484848484848
 18 489.8989898989898
 85 494.9494949494949
 0 500


