# Created by Octave 3.8.2, Mon Jun 22 10:07:03 2020 CEST <damian@fptrucha.inv.usc.es>
# name: hd
# type: matrix
# rows: 100
# columns: 2
 1 0
 4 5.05050505050505
 5 10.1010101010101
 294 15.15151515151515
 1 20.2020202020202
 0 25.25252525252525
 176 30.3030303030303
 507 35.35353535353535
 556 40.4040404040404
 318 45.45454545454545
 142 50.50505050505051
 73 55.55555555555555
 2 60.6060606060606
 267 65.65656565656565
 225 70.7070707070707
 544 75.75757575757575
 0 80.8080808080808
 0 85.85858585858585
 55 90.90909090909091
 9 95.95959595959596
 7 101.010101010101
 189 106.060606060606
 170 111.1111111111111
 377 116.1616161616162
 191 121.2121212121212
 77 126.2626262626263
 1 131.3131313131313
 0 136.3636363636363
 82 141.4141414141414
 82 146.4646464646464
 440 151.5151515151515
 250 156.5656565656566
 3 161.6161616161616
 1 166.6666666666667
 65 171.7171717171717
 28 176.7676767676768
 0 181.8181818181818
 1 186.8686868686869
 195 191.9191919191919
 221 196.969696969697
 46 202.020202020202
 93 207.070707070707
 184 212.1212121212121
 49 217.1717171717171
 102 222.2222222222222
 216 227.2727272727273
 156 232.3232323232323
 3 237.3737373737374
 19 242.4242424242424
 119 247.4747474747475
 21 252.5252525252525
 104 257.5757575757576
 130 262.6262626262626
 48 267.6767676767677
 281 272.7272727272727
 139 277.7777777777778
 473 282.8282828282828
 203 287.8787878787879
 2 292.9292929292929
 1 297.979797979798
 2 303.030303030303
 210 308.0808080808081
 19 313.1313131313131
 33 318.1818181818182
 28 323.2323232323232
 32 328.2828282828282
 172 333.3333333333333
 75 338.3838383838383
 21 343.4343434343434
 170 348.4848484848484
 98 353.5353535353535
 24 358.5858585858585
 1 363.6363636363636
 48 368.6868686868686
 54 373.7373737373737
 49 378.7878787878788
 2 383.8383838383838
 2 388.8888888888889
 306 393.9393939393939
 60 398.989898989899
 75 404.040404040404
 173 409.0909090909091
 145 414.1414141414141
 512 419.1919191919192
 25 424.2424242424242
 250 429.2929292929293
 147 434.3434343434343
 5 439.3939393939394
 56 444.4444444444444
 72 449.4949494949495
 47 454.5454545454545
 1 459.5959595959596
 4 464.6464646464646
 3 469.6969696969697
 2 474.7474747474747
 0 479.7979797979798
 25 484.8484848484848
 16 489.8989898989898
 63 494.9494949494949
 0 500


