# Created by Octave 3.8.2, Sat Jun 20 21:08:17 2020 CEST <damian@fptrucha.inv.usc.es>
# name: hd
# type: matrix
# rows: 100
# columns: 2
 0 0
 1 5.05050505050505
 2 10.1010101010101
 292 15.15151515151515
 2 20.2020202020202
 0 25.25252525252525
 166 30.3030303030303
 506 35.35353535353535
 589 40.4040404040404
 284 45.45454545454545
 131 50.50505050505051
 54 55.55555555555555
 0 60.6060606060606
 280 65.65656565656565
 211 70.7070707070707
 575 75.75757575757575
 1 80.8080808080808
 2 85.85858585858585
 65 90.90909090909091
 4 95.95959595959596
 2 101.010101010101
 174 106.060606060606
 202 111.1111111111111
 364 116.1616161616162
 213 121.2121212121212
 72 126.2626262626263
 0 131.3131313131313
 1 136.3636363636363
 50 141.4141414141414
 97 146.4646464646464
 456 151.5151515151515
 281 156.5656565656566
 2 161.6161616161616
 0 166.6666666666667
 69 171.7171717171717
 27 176.7676767676768
 0 181.8181818181818
 0 186.8686868686869
 172 191.9191919191919
 257 196.969696969697
 43 202.020202020202
 94 207.070707070707
 194 212.1212121212121
 53 217.1717171717171
 113 222.2222222222222
 224 227.2727272727273
 130 232.3232323232323
 1 237.3737373737374
 18 242.4242424242424
 132 247.4747474747475
 12 252.5252525252525
 112 257.5757575757576
 141 262.6262626262626
 42 267.6767676767677
 260 272.7272727272727
 137 277.7777777777778
 430 282.8282828282828
 186 287.8787878787879
 1 292.9292929292929
 0 297.979797979798
 0 303.030303030303
 195 308.0808080808081
 32 313.1313131313131
 51 318.1818181818182
 24 323.2323232323232
 31 328.2828282828282
 163 333.3333333333333
 61 338.3838383838383
 18 343.4343434343434
 189 348.4848484848484
 77 353.5353535353535
 24 358.5858585858585
 1 363.6363636363636
 43 368.6868686868686
 41 373.7373737373737
 38 378.7878787878788
 1 383.8383838383838
 2 388.8888888888889
 310 393.9393939393939
 39 398.989898989899
 63 404.040404040404
 173 409.0909090909091
 124 414.1414141414141
 553 419.1919191919192
 24 424.2424242424242
 232 429.2929292929293
 189 434.3434343434343
 3 439.3939393939394
 63 444.4444444444444
 82 449.4949494949495
 53 454.5454545454545
 0 459.5959595959596
 0 464.6464646464646
 0 469.6969696969697
 1 474.7474747474747
 0 479.7979797979798
 10 484.8484848484848
 13 489.8989898989898
 63 494.9494949494949
 0 500


