# Created by Octave 3.8.2, Sat Jun 20 23:33:55 2020 CEST <damian@fptrucha.inv.usc.es>
# name: hd
# type: matrix
# rows: 100
# columns: 2
 1 0
 3 5.05050505050505
 0 10.1010101010101
 259 15.15151515151515
 1 20.2020202020202
 0 25.25252525252525
 154 30.3030303030303
 499 35.35353535353535
 609 40.4040404040404
 315 45.45454545454545
 148 50.50505050505051
 61 55.55555555555555
 0 60.6060606060606
 259 65.65656565656565
 197 70.7070707070707
 545 75.75757575757575
 2 80.8080808080808
 1 85.85858585858585
 67 90.90909090909091
 2 95.95959595959596
 3 101.010101010101
 185 106.060606060606
 187 111.1111111111111
 403 116.1616161616162
 204 121.2121212121212
 86 126.2626262626263
 1 131.3131313131313
 0 136.3636363636363
 72 141.4141414141414
 97 146.4646464646464
 458 151.5151515151515
 262 156.5656565656566
 1 161.6161616161616
 2 166.6666666666667
 69 171.7171717171717
 26 176.7676767676768
 1 181.8181818181818
 0 186.8686868686869
 185 191.9191919191919
 241 196.969696969697
 43 202.020202020202
 81 207.070707070707
 162 212.1212121212121
 48 217.1717171717171
 116 222.2222222222222
 221 227.2727272727273
 142 232.3232323232323
 1 237.3737373737374
 19 242.4242424242424
 141 247.4747474747475
 21 252.5252525252525
 114 257.5757575757576
 152 262.6262626262626
 38 267.6767676767677
 264 272.7272727272727
 106 277.7777777777778
 423 282.8282828282828
 194 287.8787878787879
 1 292.9292929292929
 1 297.979797979798
 0 303.030303030303
 177 308.0808080808081
 26 313.1313131313131
 46 318.1818181818182
 24 323.2323232323232
 43 328.2828282828282
 174 333.3333333333333
 65 338.3838383838383
 18 343.4343434343434
 170 348.4848484848484
 103 353.5353535353535
 23 358.5858585858585
 0 363.6363636363636
 43 368.6868686868686
 36 373.7373737373737
 27 378.7878787878788
 0 383.8383838383838
 0 388.8888888888889
 310 393.9393939393939
 46 398.989898989899
 53 404.040404040404
 177 409.0909090909091
 151 414.1414141414141
 542 419.1919191919192
 22 424.2424242424242
 195 429.2929292929293
 178 434.3434343434343
 2 439.3939393939394
 52 444.4444444444444
 82 449.4949494949495
 55 454.5454545454545
 0 459.5959595959596
 1 464.6464646464646
 0 469.6969696969697
 0 474.7474747474747
 1 479.7979797979798
 20 484.8484848484848
 15 489.8989898989898
 87 494.9494949494949
 0 500


