# Created by Octave 3.8.2, Sat Jun 20 15:01:29 2020 CEST <damian@fptrucha.inv.usc.es>
# name: hd
# type: matrix
# rows: 100
# columns: 2
 1 0
 3 5.05050505050505
 2 10.1010101010101
 286 15.15151515151515
 2 20.2020202020202
 0 25.25252525252525
 196 30.3030303030303
 551 35.35353535353535
 648 40.4040404040404
 338 45.45454545454545
 149 50.50505050505051
 73 55.55555555555555
 1 60.6060606060606
 268 65.65656565656565
 234 70.7070707070707
 553 75.75757575757575
 2 80.8080808080808
 0 85.85858585858585
 57 90.90909090909091
 0 95.95959595959596
 2 101.010101010101
 180 106.060606060606
 190 111.1111111111111
 422 116.1616161616162
 230 121.2121212121212
 102 126.2626262626263
 1 131.3131313131313
 2 136.3636363636363
 78 141.4141414141414
 79 146.4646464646464
 485 151.5151515151515
 246 156.5656565656566
 0 161.6161616161616
 1 166.6666666666667
 67 171.7171717171717
 28 176.7676767676768
 1 181.8181818181818
 0 186.8686868686869
 194 191.9191919191919
 249 196.969696969697
 48 202.020202020202
 101 207.070707070707
 203 212.1212121212121
 57 217.1717171717171
 95 222.2222222222222
 233 227.2727272727273
 156 232.3232323232323
 0 237.3737373737374
 21 242.4242424242424
 144 247.4747474747475
 23 252.5252525252525
 130 257.5757575757576
 136 262.6262626262626
 36 267.6767676767677
 269 272.7272727272727
 145 277.7777777777778
 466 282.8282828282828
 229 287.8787878787879
 1 292.9292929292929
 0 297.979797979798
 1 303.030303030303
 218 308.0808080808081
 20 313.1313131313131
 48 318.1818181818182
 31 323.2323232323232
 53 328.2828282828282
 190 333.3333333333333
 69 338.3838383838383
 14 343.4343434343434
 198 348.4848484848484
 100 353.5353535353535
 40 358.5858585858585
 2 363.6363636363636
 42 368.6868686868686
 28 373.7373737373737
 39 378.7878787878788
 0 383.8383838383838
 2 388.8888888888889
 350 393.9393939393939
 61 398.989898989899
 69 404.040404040404
 161 409.0909090909091
 147 414.1414141414141
 598 419.1919191919192
 24 424.2424242424242
 221 429.2929292929293
 187 434.3434343434343
 3 439.3939393939394
 61 444.4444444444444
 76 449.4949494949495
 53 454.5454545454545
 0 459.5959595959596
 1 464.6464646464646
 0 469.6969696969697
 1 474.7474747474747
 0 479.7979797979798
 15 484.8484848484848
 21 489.8989898989898
 84 494.9494949494949
 0 500


