# Created by Octave 3.8.2, Mon Jun 22 08:11:14 2020 CEST <damian@fptrucha.inv.usc.es>
# name: hd
# type: matrix
# rows: 100
# columns: 2
 5 0
 4 5.05050505050505
 1 10.1010101010101
 282 15.15151515151515
 2 20.2020202020202
 1 25.25252525252525
 159 30.3030303030303
 496 35.35353535353535
 585 40.4040404040404
 319 45.45454545454545
 125 50.50505050505051
 69 55.55555555555555
 3 60.6060606060606
 260 65.65656565656565
 234 70.7070707070707
 525 75.75757575757575
 3 80.8080808080808
 2 85.85858585858585
 44 90.90909090909091
 5 95.95959595959596
 4 101.010101010101
 190 106.060606060606
 185 111.1111111111111
 387 116.1616161616162
 211 121.2121212121212
 65 126.2626262626263
 0 131.3131313131313
 3 136.3636363636363
 85 141.4141414141414
 86 146.4646464646464
 405 151.5151515151515
 237 156.5656565656566
 2 161.6161616161616
 3 166.6666666666667
 91 171.7171717171717
 38 176.7676767676768
 4 181.8181818181818
 2 186.8686868686869
 194 191.9191919191919
 229 196.969696969697
 49 202.020202020202
 100 207.070707070707
 180 212.1212121212121
 51 217.1717171717171
 108 222.2222222222222
 246 227.2727272727273
 151 232.3232323232323
 3 237.3737373737374
 25 242.4242424242424
 140 247.4747474747475
 27 252.5252525252525
 107 257.5757575757576
 135 262.6262626262626
 41 267.6767676767677
 254 272.7272727272727
 150 277.7777777777778
 421 282.8282828282828
 202 287.8787878787879
 0 292.9292929292929
 2 297.979797979798
 1 303.030303030303
 200 308.0808080808081
 34 313.1313131313131
 34 318.1818181818182
 24 323.2323232323232
 43 328.2828282828282
 170 333.3333333333333
 65 338.3838383838383
 19 343.4343434343434
 172 348.4848484848484
 72 353.5353535353535
 25 358.5858585858585
 2 363.6363636363636
 52 368.6868686868686
 37 373.7373737373737
 23 378.7878787878788
 0 383.8383838383838
 3 388.8888888888889
 308 393.9393939393939
 69 398.989898989899
 68 404.040404040404
 153 409.0909090909091
 155 414.1414141414141
 538 419.1919191919192
 19 424.2424242424242
 225 429.2929292929293
 172 434.3434343434343
 13 439.3939393939394
 64 444.4444444444444
 69 449.4949494949495
 60 454.5454545454545
 1 459.5959595959596
 2 464.6464646464646
 2 469.6969696969697
 2 474.7474747474747
 1 479.7979797979798
 16 484.8484848484848
 18 489.8989898989898
 68 494.9494949494949
 0 500


