# Created by Octave 3.8.2, Sat Jun 20 09:04:44 2020 CEST <damian@fptrucha.inv.usc.es>
# name: hd
# type: matrix
# rows: 100
# columns: 2
 1 0
 4 5.05050505050505
 0 10.1010101010101
 327 15.15151515151515
 0 20.2020202020202
 1 25.25252525252525
 169 30.3030303030303
 564 35.35353535353535
 670 40.4040404040404
 366 45.45454545454545
 144 50.50505050505051
 95 55.55555555555555
 1 60.6060606060606
 297 65.65656565656565
 265 70.7070707070707
 674 75.75757575757575
 1 80.8080808080808
 0 85.85858585858585
 73 90.90909090909091
 6 95.95959595959596
 2 101.010101010101
 201 106.060606060606
 189 111.1111111111111
 411 116.1616161616162
 239 121.2121212121212
 100 126.2626262626263
 0 131.3131313131313
 1 136.3636363636363
 83 141.4141414141414
 110 146.4646464646464
 548 151.5151515151515
 282 156.5656565656566
 3 161.6161616161616
 0 166.6666666666667
 70 171.7171717171717
 34 176.7676767676768
 3 181.8181818181818
 0 186.8686868686869
 203 191.9191919191919
 301 196.969696969697
 64 202.020202020202
 100 207.070707070707
 195 212.1212121212121
 69 217.1717171717171
 121 222.2222222222222
 263 227.2727272727273
 150 232.3232323232323
 1 237.3737373737374
 21 242.4242424242424
 159 247.4747474747475
 21 252.5252525252525
 134 257.5757575757576
 144 262.6262626262626
 46 267.6767676767677
 334 272.7272727272727
 159 277.7777777777778
 482 282.8282828282828
 205 287.8787878787879
 1 292.9292929292929
 1 297.979797979798
 0 303.030303030303
 217 308.0808080808081
 25 313.1313131313131
 41 318.1818181818182
 28 323.2323232323232
 40 328.2828282828282
 167 333.3333333333333
 82 338.3838383838383
 25 343.4343434343434
 200 348.4848484848484
 108 353.5353535353535
 22 358.5858585858585
 1 363.6363636363636
 64 368.6868686868686
 41 373.7373737373737
 38 378.7878787878788
 0 383.8383838383838
 2 388.8888888888889
 374 393.9393939393939
 54 398.989898989899
 74 404.040404040404
 192 409.0909090909091
 170 414.1414141414141
 603 419.1919191919192
 24 424.2424242424242
 259 429.2929292929293
 209 434.3434343434343
 3 439.3939393939394
 67 444.4444444444444
 95 449.4949494949495
 56 454.5454545454545
 0 459.5959595959596
 0 464.6464646464646
 0 469.6969696969697
 2 474.7474747474747
 1 479.7979797979798
 14 484.8484848484848
 30 489.8989898989898
 70 494.9494949494949
 0 500


