# Created by Octave 3.8.2, Mon Jun 22 13:26:47 2020 CEST <damian@fptrucha.inv.usc.es>
# name: hd
# type: matrix
# rows: 100
# columns: 2
 1 0
 7 5.05050505050505
 3 10.1010101010101
 292 15.15151515151515
 2 20.2020202020202
 2 25.25252525252525
 146 30.3030303030303
 498 35.35353535353535
 565 40.4040404040404
 302 45.45454545454545
 136 50.50505050505051
 71 55.55555555555555
 2 60.6060606060606
 244 65.65656565656565
 217 70.7070707070707
 603 75.75757575757575
 3 80.8080808080808
 2 85.85858585858585
 62 90.90909090909091
 6 95.95959595959596
 6 101.010101010101
 169 106.060606060606
 166 111.1111111111111
 378 116.1616161616162
 196 121.2121212121212
 87 126.2626262626263
 1 131.3131313131313
 2 136.3636363636363
 76 141.4141414141414
 105 146.4646464646464
 478 151.5151515151515
 254 156.5656565656566
 3 161.6161616161616
 1 166.6666666666667
 77 171.7171717171717
 33 176.7676767676768
 3 181.8181818181818
 1 186.8686868686869
 193 191.9191919191919
 247 196.969696969697
 44 202.020202020202
 112 207.070707070707
 185 212.1212121212121
 42 217.1717171717171
 106 222.2222222222222
 248 227.2727272727273
 160 232.3232323232323
 1 237.3737373737374
 22 242.4242424242424
 146 247.4747474747475
 22 252.5252525252525
 133 257.5757575757576
 141 262.6262626262626
 43 267.6767676767677
 240 272.7272727272727
 153 277.7777777777778
 448 282.8282828282828
 187 287.8787878787879
 0 292.9292929292929
 0 297.979797979798
 1 303.030303030303
 175 308.0808080808081
 32 313.1313131313131
 41 318.1818181818182
 34 323.2323232323232
 31 328.2828282828282
 174 333.3333333333333
 55 338.3838383838383
 19 343.4343434343434
 196 348.4848484848484
 116 353.5353535353535
 29 358.5858585858585
 0 363.6363636363636
 39 368.6868686868686
 31 373.7373737373737
 40 378.7878787878788
 3 383.8383838383838
 0 388.8888888888889
 347 393.9393939393939
 52 398.989898989899
 65 404.040404040404
 168 409.0909090909091
 163 414.1414141414141
 559 419.1919191919192
 21 424.2424242424242
 242 429.2929292929293
 189 434.3434343434343
 5 439.3939393939394
 57 444.4444444444444
 81 449.4949494949495
 57 454.5454545454545
 0 459.5959595959596
 0 464.6464646464646
 1 469.6969696969697
 5 474.7474747474747
 2 479.7979797979798
 25 484.8484848484848
 11 489.8989898989898
 75 494.9494949494949
 0 500


