# Created by Octave 3.8.2, Mon Jun 22 17:27:12 2020 CEST <damian@fptrucha.inv.usc.es>
# name: hd
# type: matrix
# rows: 100
# columns: 2
 0 0
 4 5.05050505050505
 2 10.1010101010101
 296 15.15151515151515
 2 20.2020202020202
 0 25.25252525252525
 172 30.3030303030303
 540 35.35353535353535
 616 40.4040404040404
 291 45.45454545454545
 133 50.50505050505051
 50 55.55555555555555
 1 60.6060606060606
 244 65.65656565656565
 210 70.7070707070707
 589 75.75757575757575
 1 80.8080808080808
 1 85.85858585858585
 66 90.90909090909091
 4 95.95959595959596
 4 101.010101010101
 189 106.060606060606
 169 111.1111111111111
 404 116.1616161616162
 247 121.2121212121212
 108 126.2626262626263
 1 131.3131313131313
 2 136.3636363636363
 71 141.4141414141414
 91 146.4646464646464
 476 151.5151515151515
 243 156.5656565656566
 3 161.6161616161616
 2 166.6666666666667
 72 171.7171717171717
 34 176.7676767676768
 0 181.8181818181818
 1 186.8686868686869
 194 191.9191919191919
 262 196.969696969697
 60 202.020202020202
 109 207.070707070707
 192 212.1212121212121
 66 217.1717171717171
 102 222.2222222222222
 250 227.2727272727273
 139 232.3232323232323
 0 237.3737373737374
 24 242.4242424242424
 141 247.4747474747475
 33 252.5252525252525
 107 257.5757575757576
 133 262.6262626262626
 42 267.6767676767677
 297 272.7272727272727
 145 277.7777777777778
 435 282.8282828282828
 191 287.8787878787879
 2 292.9292929292929
 1 297.979797979798
 1 303.030303030303
 211 308.0808080808081
 16 313.1313131313131
 48 318.1818181818182
 28 323.2323232323232
 38 328.2828282828282
 196 333.3333333333333
 60 338.3838383838383
 22 343.4343434343434
 188 348.4848484848484
 107 353.5353535353535
 26 358.5858585858585
 0 363.6363636363636
 52 368.6868686868686
 35 373.7373737373737
 38 378.7878787878788
 0 383.8383838383838
 0 388.8888888888889
 312 393.9393939393939
 71 398.989898989899
 65 404.040404040404
 181 409.0909090909091
 162 414.1414141414141
 571 419.1919191919192
 24 424.2424242424242
 241 429.2929292929293
 202 434.3434343434343
 2 439.3939393939394
 51 444.4444444444444
 80 449.4949494949495
 54 454.5454545454545
 1 459.5959595959596
 2 464.6464646464646
 1 469.6969696969697
 3 474.7474747474747
 1 479.7979797979798
 26 484.8484848484848
 16 489.8989898989898
 73 494.9494949494949
 0 500


