# Created by Octave 3.8.2, Mon Jun 22 08:40:43 2020 CEST <damian@fptrucha.inv.usc.es>
# name: hd
# type: matrix
# rows: 100
# columns: 2
 3 0
 1 5.05050505050505
 4 10.1010101010101
 283 15.15151515151515
 3 20.2020202020202
 0 25.25252525252525
 144 30.3030303030303
 483 35.35353535353535
 578 40.4040404040404
 306 45.45454545454545
 139 50.50505050505051
 60 55.55555555555555
 0 60.6060606060606
 254 65.65656565656565
 205 70.7070707070707
 495 75.75757575757575
 0 80.8080808080808
 1 85.85858585858585
 63 90.90909090909091
 5 95.95959595959596
 4 101.010101010101
 199 106.060606060606
 150 111.1111111111111
 394 116.1616161616162
 202 121.2121212121212
 73 126.2626262626263
 2 131.3131313131313
 4 136.3636363636363
 77 141.4141414141414
 98 146.4646464646464
 436 151.5151515151515
 258 156.5656565656566
 3 161.6161616161616
 0 166.6666666666667
 77 171.7171717171717
 32 176.7676767676768
 0 181.8181818181818
 1 186.8686868686869
 208 191.9191919191919
 258 196.969696969697
 46 202.020202020202
 85 207.070707070707
 140 212.1212121212121
 70 217.1717171717171
 96 222.2222222222222
 229 227.2727272727273
 136 232.3232323232323
 1 237.3737373737374
 25 242.4242424242424
 127 247.4747474747475
 32 252.5252525252525
 107 257.5757575757576
 104 262.6262626262626
 50 267.6767676767677
 241 272.7272727272727
 145 277.7777777777778
 465 282.8282828282828
 196 287.8787878787879
 0 292.9292929292929
 2 297.979797979798
 1 303.030303030303
 196 308.0808080808081
 22 313.1313131313131
 31 318.1818181818182
 32 323.2323232323232
 40 328.2828282828282
 161 333.3333333333333
 73 338.3838383838383
 20 343.4343434343434
 159 348.4848484848484
 116 353.5353535353535
 23 358.5858585858585
 4 363.6363636363636
 42 368.6868686868686
 40 373.7373737373737
 38 378.7878787878788
 5 383.8383838383838
 1 388.8888888888889
 312 393.9393939393939
 61 398.989898989899
 65 404.040404040404
 160 409.0909090909091
 136 414.1414141414141
 503 419.1919191919192
 25 424.2424242424242
 220 429.2929292929293
 194 434.3434343434343
 4 439.3939393939394
 57 444.4444444444444
 73 449.4949494949495
 52 454.5454545454545
 2 459.5959595959596
 1 464.6464646464646
 2 469.6969696969697
 3 474.7474747474747
 2 479.7979797979798
 20 484.8484848484848
 20 489.8989898989898
 70 494.9494949494949
 0 500


