# Created by Octave 3.8.2, Mon Jun 22 20:31:50 2020 CEST <damian@fptrucha.inv.usc.es>
# name: hd
# type: matrix
# rows: 100
# columns: 2
 1 0
 2 5.05050505050505
 1 10.1010101010101
 294 15.15151515151515
 3 20.2020202020202
 0 25.25252525252525
 158 30.3030303030303
 570 35.35353535353535
 600 40.4040404040404
 354 45.45454545454545
 145 50.50505050505051
 74 55.55555555555555
 4 60.6060606060606
 308 65.65656565656565
 212 70.7070707070707
 646 75.75757575757575
 1 80.8080808080808
 2 85.85858585858585
 79 90.90909090909091
 8 95.95959595959596
 7 101.010101010101
 204 106.060606060606
 189 111.1111111111111
 434 116.1616161616162
 235 121.2121212121212
 89 126.2626262626263
 0 131.3131313131313
 3 136.3636363636363
 88 141.4141414141414
 103 146.4646464646464
 444 151.5151515151515
 258 156.5656565656566
 0 161.6161616161616
 2 166.6666666666667
 80 171.7171717171717
 36 176.7676767676768
 0 181.8181818181818
 0 186.8686868686869
 209 191.9191919191919
 301 196.969696969697
 52 202.020202020202
 109 207.070707070707
 190 212.1212121212121
 73 217.1717171717171
 105 222.2222222222222
 240 227.2727272727273
 139 232.3232323232323
 2 237.3737373737374
 26 242.4242424242424
 133 247.4747474747475
 26 252.5252525252525
 118 257.5757575757576
 129 262.6262626262626
 43 267.6767676767677
 280 272.7272727272727
 143 277.7777777777778
 459 282.8282828282828
 231 287.8787878787879
 5 292.9292929292929
 1 297.979797979798
 1 303.030303030303
 194 308.0808080808081
 27 313.1313131313131
 38 318.1818181818182
 34 323.2323232323232
 26 328.2828282828282
 200 333.3333333333333
 74 338.3838383838383
 24 343.4343434343434
 205 348.4848484848484
 116 353.5353535353535
 26 358.5858585858585
 1 363.6363636363636
 55 368.6868686868686
 47 373.7373737373737
 35 378.7878787878788
 0 383.8383838383838
 1 388.8888888888889
 321 393.9393939393939
 67 398.989898989899
 77 404.040404040404
 196 409.0909090909091
 144 414.1414141414141
 593 419.1919191919192
 21 424.2424242424242
 263 429.2929292929293
 180 434.3434343434343
 1 439.3939393939394
 58 444.4444444444444
 84 449.4949494949495
 50 454.5454545454545
 1 459.5959595959596
 3 464.6464646464646
 2 469.6969696969697
 1 474.7474747474747
 1 479.7979797979798
 22 484.8484848484848
 18 489.8989898989898
 83 494.9494949494949
 0 500


