# Created by Octave 3.8.2, Sat Jun 20 17:33:31 2020 CEST <damian@fptrucha.inv.usc.es>
# name: hd
# type: matrix
# rows: 100
# columns: 2
 1 0
 2 5.05050505050505
 1 10.1010101010101
 285 15.15151515151515
 1 20.2020202020202
 1 25.25252525252525
 157 30.3030303030303
 546 35.35353535353535
 616 40.4040404040404
 309 45.45454545454545
 117 50.50505050505051
 76 55.55555555555555
 2 60.6060606060606
 278 65.65656565656565
 229 70.7070707070707
 553 75.75757575757575
 1 80.8080808080808
 0 85.85858585858585
 59 90.90909090909091
 3 95.95959595959596
 0 101.010101010101
 199 106.060606060606
 205 111.1111111111111
 387 116.1616161616162
 218 121.2121212121212
 92 126.2626262626263
 0 131.3131313131313
 0 136.3636363636363
 81 141.4141414141414
 87 146.4646464646464
 443 151.5151515151515
 257 156.5656565656566
 3 161.6161616161616
 2 166.6666666666667
 81 171.7171717171717
 34 176.7676767676768
 1 181.8181818181818
 1 186.8686868686869
 195 191.9191919191919
 242 196.969696969697
 52 202.020202020202
 99 207.070707070707
 173 212.1212121212121
 65 217.1717171717171
 105 222.2222222222222
 207 227.2727272727273
 138 232.3232323232323
 0 237.3737373737374
 22 242.4242424242424
 180 247.4747474747475
 12 252.5252525252525
 135 257.5757575757576
 151 262.6262626262626
 29 267.6767676767677
 277 272.7272727272727
 141 277.7777777777778
 436 282.8282828282828
 200 287.8787878787879
 1 292.9292929292929
 0 297.979797979798
 0 303.030303030303
 197 308.0808080808081
 24 313.1313131313131
 43 318.1818181818182
 43 323.2323232323232
 35 328.2828282828282
 152 333.3333333333333
 79 338.3838383838383
 16 343.4343434343434
 197 348.4848484848484
 85 353.5353535353535
 41 358.5858585858585
 0 363.6363636363636
 45 368.6868686868686
 34 373.7373737373737
 39 378.7878787878788
 0 383.8383838383838
 0 388.8888888888889
 306 393.9393939393939
 57 398.989898989899
 49 404.040404040404
 152 409.0909090909091
 150 414.1414141414141
 581 419.1919191919192
 25 424.2424242424242
 255 429.2929292929293
 165 434.3434343434343
 5 439.3939393939394
 55 444.4444444444444
 70 449.4949494949495
 61 454.5454545454545
 0 459.5959595959596
 0 464.6464646464646
 0 469.6969696969697
 0 474.7474747474747
 1 479.7979797979798
 15 484.8484848484848
 23 489.8989898989898
 59 494.9494949494949
 0 500


