# Created by Octave 3.8.2, Sun Jun 21 00:45:46 2020 CEST <damian@fptrucha.inv.usc.es>
# name: hd
# type: matrix
# rows: 100
# columns: 2
 0 0
 3 5.05050505050505
 2 10.1010101010101
 277 15.15151515151515
 3 20.2020202020202
 0 25.25252525252525
 172 30.3030303030303
 512 35.35353535353535
 608 40.4040404040404
 316 45.45454545454545
 124 50.50505050505051
 65 55.55555555555555
 1 60.6060606060606
 285 65.65656565656565
 214 70.7070707070707
 568 75.75757575757575
 1 80.8080808080808
 1 85.85858585858585
 55 90.90909090909091
 4 95.95959595959596
 4 101.010101010101
 182 106.060606060606
 164 111.1111111111111
 375 116.1616161616162
 184 121.2121212121212
 90 126.2626262626263
 0 131.3131313131313
 0 136.3636363636363
 68 141.4141414141414
 75 146.4646464646464
 440 151.5151515151515
 249 156.5656565656566
 1 161.6161616161616
 0 166.6666666666667
 73 171.7171717171717
 25 176.7676767676768
 1 181.8181818181818
 0 186.8686868686869
 195 191.9191919191919
 210 196.969696969697
 53 202.020202020202
 103 207.070707070707
 208 212.1212121212121
 55 217.1717171717171
 110 222.2222222222222
 231 227.2727272727273
 122 232.3232323232323
 0 237.3737373737374
 23 242.4242424242424
 120 247.4747474747475
 16 252.5252525252525
 103 257.5757575757576
 135 262.6262626262626
 44 267.6767676767677
 250 272.7272727272727
 141 277.7777777777778
 467 282.8282828282828
 203 287.8787878787879
 0 292.9292929292929
 0 297.979797979798
 0 303.030303030303
 189 308.0808080808081
 30 313.1313131313131
 38 318.1818181818182
 26 323.2323232323232
 34 328.2828282828282
 151 333.3333333333333
 66 338.3838383838383
 11 343.4343434343434
 184 348.4848484848484
 90 353.5353535353535
 29 358.5858585858585
 2 363.6363636363636
 44 368.6868686868686
 34 373.7373737373737
 30 378.7878787878788
 2 383.8383838383838
 0 388.8888888888889
 309 393.9393939393939
 44 398.989898989899
 47 404.040404040404
 163 409.0909090909091
 137 414.1414141414141
 516 419.1919191919192
 25 424.2424242424242
 212 429.2929292929293
 190 434.3434343434343
 2 439.3939393939394
 56 444.4444444444444
 82 449.4949494949495
 53 454.5454545454545
 0 459.5959595959596
 1 464.6464646464646
 1 469.6969696969697
 2 474.7474747474747
 1 479.7979797979798
 22 484.8484848484848
 19 489.8989898989898
 59 494.9494949494949
 0 500


