# Created by Octave 3.8.2, Mon Jun 22 17:55:33 2020 CEST <damian@fptrucha.inv.usc.es>
# name: hd
# type: matrix
# rows: 100
# columns: 2
 1 0
 4 5.05050505050505
 2 10.1010101010101
 293 15.15151515151515
 2 20.2020202020202
 0 25.25252525252525
 152 30.3030303030303
 508 35.35353535353535
 546 40.4040404040404
 342 45.45454545454545
 122 50.50505050505051
 67 55.55555555555555
 1 60.6060606060606
 306 65.65656565656565
 240 70.7070707070707
 555 75.75757575757575
 1 80.8080808080808
 2 85.85858585858585
 69 90.90909090909091
 5 95.95959595959596
 6 101.010101010101
 191 106.060606060606
 169 111.1111111111111
 355 116.1616161616162
 208 121.2121212121212
 85 126.2626262626263
 1 131.3131313131313
 1 136.3636363636363
 68 141.4141414141414
 79 146.4646464646464
 445 151.5151515151515
 261 156.5656565656566
 1 161.6161616161616
 0 166.6666666666667
 66 171.7171717171717
 33 176.7676767676768
 0 181.8181818181818
 2 186.8686868686869
 247 191.9191919191919
 271 196.969696969697
 44 202.020202020202
 80 207.070707070707
 205 212.1212121212121
 49 217.1717171717171
 118 222.2222222222222
 254 227.2727272727273
 135 232.3232323232323
 2 237.3737373737374
 26 242.4242424242424
 143 247.4747474747475
 30 252.5252525252525
 133 257.5757575757576
 133 262.6262626262626
 46 267.6767676767677
 274 272.7272727272727
 146 277.7777777777778
 426 282.8282828282828
 188 287.8787878787879
 1 292.9292929292929
 1 297.979797979798
 2 303.030303030303
 211 308.0808080808081
 21 313.1313131313131
 43 318.1818181818182
 36 323.2323232323232
 43 328.2828282828282
 194 333.3333333333333
 83 338.3838383838383
 32 343.4343434343434
 195 348.4848484848484
 93 353.5353535353535
 31 358.5858585858585
 4 363.6363636363636
 43 368.6868686868686
 33 373.7373737373737
 37 378.7878787878788
 0 383.8383838383838
 0 388.8888888888889
 319 393.9393939393939
 61 398.989898989899
 64 404.040404040404
 190 409.0909090909091
 148 414.1414141414141
 548 419.1919191919192
 40 424.2424242424242
 260 429.2929292929293
 182 434.3434343434343
 4 439.3939393939394
 45 444.4444444444444
 86 449.4949494949495
 56 454.5454545454545
 1 459.5959595959596
 2 464.6464646464646
 2 469.6969696969697
 1 474.7474747474747
 3 479.7979797979798
 17 484.8484848484848
 21 489.8989898989898
 76 494.9494949494949
 0 500


