# Created by Octave 3.8.2, Sat Jun 20 23:05:19 2020 CEST <damian@fptrucha.inv.usc.es>
# name: hd
# type: matrix
# rows: 100
# columns: 2
 0 0
 1 5.05050505050505
 0 10.1010101010101
 271 15.15151515151515
 4 20.2020202020202
 0 25.25252525252525
 157 30.3030303030303
 513 35.35353535353535
 583 40.4040404040404
 308 45.45454545454545
 98 50.50505050505051
 58 55.55555555555555
 0 60.6060606060606
 268 65.65656565656565
 220 70.7070707070707
 568 75.75757575757575
 1 80.8080808080808
 0 85.85858585858585
 67 90.90909090909091
 2 95.95959595959596
 1 101.010101010101
 172 106.060606060606
 168 111.1111111111111
 368 116.1616161616162
 202 121.2121212121212
 83 126.2626262626263
 1 131.3131313131313
 1 136.3636363636363
 64 141.4141414141414
 94 146.4646464646464
 436 151.5151515151515
 267 156.5656565656566
 1 161.6161616161616
 0 166.6666666666667
 71 171.7171717171717
 32 176.7676767676768
 0 181.8181818181818
 0 186.8686868686869
 164 191.9191919191919
 257 196.969696969697
 56 202.020202020202
 92 207.070707070707
 181 212.1212121212121
 71 217.1717171717171
 106 222.2222222222222
 245 227.2727272727273
 120 232.3232323232323
 0 237.3737373737374
 18 242.4242424242424
 129 247.4747474747475
 21 252.5252525252525
 118 257.5757575757576
 127 262.6262626262626
 37 267.6767676767677
 253 272.7272727272727
 145 277.7777777777778
 432 282.8282828282828
 202 287.8787878787879
 2 292.9292929292929
 0 297.979797979798
 0 303.030303030303
 206 308.0808080808081
 25 313.1313131313131
 45 318.1818181818182
 30 323.2323232323232
 37 328.2828282828282
 169 333.3333333333333
 62 338.3838383838383
 18 343.4343434343434
 181 348.4848484848484
 118 353.5353535353535
 23 358.5858585858585
 1 363.6363636363636
 44 368.6868686868686
 37 373.7373737373737
 39 378.7878787878788
 2 383.8383838383838
 0 388.8888888888889
 332 393.9393939393939
 64 398.989898989899
 58 404.040404040404
 158 409.0909090909091
 139 414.1414141414141
 545 419.1919191919192
 24 424.2424242424242
 198 429.2929292929293
 193 434.3434343434343
 3 439.3939393939394
 55 444.4444444444444
 85 449.4949494949495
 60 454.5454545454545
 1 459.5959595959596
 2 464.6464646464646
 0 469.6969696969697
 0 474.7474747474747
 0 479.7979797979798
 14 484.8484848484848
 17 489.8989898989898
 68 494.9494949494949
 0 500


