# Created by Octave 3.8.2, Sat Jun 20 14:21:53 2020 CEST <damian@fptrucha.inv.usc.es>
# name: hd
# type: matrix
# rows: 100
# columns: 2
 3 0
 2 5.05050505050505
 3 10.1010101010101
 282 15.15151515151515
 3 20.2020202020202
 0 25.25252525252525
 154 30.3030303030303
 558 35.35353535353535
 667 40.4040404040404
 342 45.45454545454545
 129 50.50505050505051
 61 55.55555555555555
 2 60.6060606060606
 258 65.65656565656565
 198 70.7070707070707
 577 75.75757575757575
 1 80.8080808080808
 1 85.85858585858585
 59 90.90909090909091
 1 95.95959595959596
 4 101.010101010101
 198 106.060606060606
 182 111.1111111111111
 405 116.1616161616162
 221 121.2121212121212
 80 126.2626262626263
 0 131.3131313131313
 1 136.3636363636363
 56 141.4141414141414
 96 146.4646464646464
 429 151.5151515151515
 277 156.5656565656566
 3 161.6161616161616
 1 166.6666666666667
 74 171.7171717171717
 36 176.7676767676768
 0 181.8181818181818
 0 186.8686868686869
 175 191.9191919191919
 231 196.969696969697
 43 202.020202020202
 87 207.070707070707
 210 212.1212121212121
 69 217.1717171717171
 101 222.2222222222222
 248 227.2727272727273
 155 232.3232323232323
 2 237.3737373737374
 25 242.4242424242424
 153 247.4747474747475
 15 252.5252525252525
 117 257.5757575757576
 138 262.6262626262626
 29 267.6767676767677
 268 272.7272727272727
 145 277.7777777777778
 467 282.8282828282828
 197 287.8787878787879
 1 292.9292929292929
 1 297.979797979798
 0 303.030303030303
 209 308.0808080808081
 24 313.1313131313131
 41 318.1818181818182
 32 323.2323232323232
 38 328.2828282828282
 168 333.3333333333333
 65 338.3838383838383
 24 343.4343434343434
 183 348.4848484848484
 81 353.5353535353535
 30 358.5858585858585
 3 363.6363636363636
 51 368.6868686868686
 33 373.7373737373737
 39 378.7878787878788
 0 383.8383838383838
 1 388.8888888888889
 324 393.9393939393939
 54 398.989898989899
 77 404.040404040404
 196 409.0909090909091
 147 414.1414141414141
 559 419.1919191919192
 20 424.2424242424242
 213 429.2929292929293
 198 434.3434343434343
 5 439.3939393939394
 64 444.4444444444444
 68 449.4949494949495
 68 454.5454545454545
 0 459.5959595959596
 1 464.6464646464646
 0 469.6969696969697
 0 474.7474747474747
 1 479.7979797979798
 15 484.8484848484848
 16 489.8989898989898
 80 494.9494949494949
 0 500


