# Created by Octave 3.8.2, Mon Jun 22 05:19:58 2020 CEST <damian@fptrucha.inv.usc.es>
# name: hd
# type: matrix
# rows: 100
# columns: 2
 1 0
 7 5.05050505050505
 1 10.1010101010101
 292 15.15151515151515
 4 20.2020202020202
 1 25.25252525252525
 122 30.3030303030303
 465 35.35353535353535
 535 40.4040404040404
 303 45.45454545454545
 131 50.50505050505051
 69 55.55555555555555
 2 60.6060606060606
 266 65.65656565656565
 180 70.7070707070707
 455 75.75757575757575
 3 80.8080808080808
 1 85.85858585858585
 60 90.90909090909091
 6 95.95959595959596
 3 101.010101010101
 154 106.060606060606
 131 111.1111111111111
 344 116.1616161616162
 174 121.2121212121212
 85 126.2626262626263
 1 131.3131313131313
 3 136.3636363636363
 64 141.4141414141414
 93 146.4646464646464
 400 151.5151515151515
 255 156.5656565656566
 1 161.6161616161616
 3 166.6666666666667
 75 171.7171717171717
 28 176.7676767676768
 0 181.8181818181818
 1 186.8686868686869
 185 191.9191919191919
 257 196.969696969697
 51 202.020202020202
 88 207.070707070707
 162 212.1212121212121
 60 217.1717171717171
 100 222.2222222222222
 210 227.2727272727273
 119 232.3232323232323
 4 237.3737373737374
 25 242.4242424242424
 130 247.4747474747475
 26 252.5252525252525
 91 257.5757575757576
 120 262.6262626262626
 33 267.6767676767677
 244 272.7272727272727
 127 277.7777777777778
 445 282.8282828282828
 175 287.8787878787879
 2 292.9292929292929
 1 297.979797979798
 0 303.030303030303
 203 308.0808080808081
 27 313.1313131313131
 31 318.1818181818182
 32 323.2323232323232
 28 328.2828282828282
 156 333.3333333333333
 77 338.3838383838383
 16 343.4343434343434
 145 348.4848484848484
 93 353.5353535353535
 31 358.5858585858585
 1 363.6363636363636
 39 368.6868686868686
 30 373.7373737373737
 28 378.7878787878788
 1 383.8383838383838
 0 388.8888888888889
 284 393.9393939393939
 55 398.989898989899
 63 404.040404040404
 137 409.0909090909091
 142 414.1414141414141
 513 419.1919191919192
 19 424.2424242424242
 218 429.2929292929293
 163 434.3434343434343
 5 439.3939393939394
 61 444.4444444444444
 74 449.4949494949495
 58 454.5454545454545
 0 459.5959595959596
 2 464.6464646464646
 1 469.6969696969697
 0 474.7474747474747
 4 479.7979797979798
 7 484.8484848484848
 19 489.8989898989898
 77 494.9494949494949
 0 500


