# Created by Octave 3.8.2, Sun Jun 21 05:01:43 2020 CEST <damian@fptrucha.inv.usc.es>
# name: hd
# type: matrix
# rows: 100
# columns: 2
 2 0
 4 5.05050505050505
 2 10.1010101010101
 233 15.15151515151515
 0 20.2020202020202
 0 25.25252525252525
 143 30.3030303030303
 504 35.35353535353535
 579 40.4040404040404
 319 45.45454545454545
 130 50.50505050505051
 64 55.55555555555555
 0 60.6060606060606
 291 65.65656565656565
 206 70.7070707070707
 534 75.75757575757575
 1 80.8080808080808
 0 85.85858585858585
 58 90.90909090909091
 7 95.95959595959596
 1 101.010101010101
 186 106.060606060606
 149 111.1111111111111
 361 116.1616161616162
 212 121.2121212121212
 76 126.2626262626263
 1 131.3131313131313
 3 136.3636363636363
 58 141.4141414141414
 98 146.4646464646464
 449 151.5151515151515
 266 156.5656565656566
 0 161.6161616161616
 2 166.6666666666667
 57 171.7171717171717
 33 176.7676767676768
 1 181.8181818181818
 0 186.8686868686869
 177 191.9191919191919
 237 196.969696969697
 38 202.020202020202
 89 207.070707070707
 190 212.1212121212121
 59 217.1717171717171
 117 222.2222222222222
 234 227.2727272727273
 136 232.3232323232323
 0 237.3737373737374
 21 242.4242424242424
 132 247.4747474747475
 14 252.5252525252525
 124 257.5757575757576
 135 262.6262626262626
 46 267.6767676767677
 244 272.7272727272727
 144 277.7777777777778
 426 282.8282828282828
 180 287.8787878787879
 1 292.9292929292929
 1 297.979797979798
 0 303.030303030303
 210 308.0808080808081
 22 313.1313131313131
 37 318.1818181818182
 43 323.2323232323232
 32 328.2828282828282
 160 333.3333333333333
 58 338.3838383838383
 25 343.4343434343434
 166 348.4848484848484
 106 353.5353535353535
 36 358.5858585858585
 3 363.6363636363636
 37 368.6868686868686
 36 373.7373737373737
 29 378.7878787878788
 0 383.8383838383838
 0 388.8888888888889
 297 393.9393939393939
 51 398.989898989899
 60 404.040404040404
 163 409.0909090909091
 148 414.1414141414141
 580 419.1919191919192
 25 424.2424242424242
 239 429.2929292929293
 168 434.3434343434343
 5 439.3939393939394
 51 444.4444444444444
 76 449.4949494949495
 67 454.5454545454545
 0 459.5959595959596
 2 464.6464646464646
 1 469.6969696969697
 2 474.7474747474747
 2 479.7979797979798
 17 484.8484848484848
 19 489.8989898989898
 79 494.9494949494949
 0 500


