# Created by Octave 3.8.2, Sat Jun 20 09:33:10 2020 CEST <damian@fptrucha.inv.usc.es>
# name: hd
# type: matrix
# rows: 100
# columns: 2
 3 0
 3 5.05050505050505
 2 10.1010101010101
 232 15.15151515151515
 3 20.2020202020202
 2 25.25252525252525
 86 30.3030303030303
 392 35.35353535353535
 446 40.4040404040404
 226 45.45454545454545
 81 50.50505050505051
 53 55.55555555555555
 1 60.6060606060606
 196 65.65656565656565
 144 70.7070707070707
 435 75.75757575757575
 2 80.8080808080808
 0 85.85858585858585
 44 90.90909090909091
 1 95.95959595959596
 2 101.010101010101
 155 106.060606060606
 140 111.1111111111111
 268 116.1616161616162
 174 121.2121212121212
 65 126.2626262626263
 1 131.3131313131313
 1 136.3636363636363
 45 141.4141414141414
 74 146.4646464646464
 324 151.5151515151515
 204 156.5656565656566
 1 161.6161616161616
 1 166.6666666666667
 51 171.7171717171717
 22 176.7676767676768
 0 181.8181818181818
 2 186.8686868686869
 154 191.9191919191919
 158 196.969696969697
 42 202.020202020202
 74 207.070707070707
 135 212.1212121212121
 42 217.1717171717171
 81 222.2222222222222
 157 227.2727272727273
 101 232.3232323232323
 0 237.3737373737374
 20 242.4242424242424
 99 247.4747474747475
 17 252.5252525252525
 90 257.5757575757576
 104 262.6262626262626
 32 267.6767676767677
 188 272.7272727272727
 87 277.7777777777778
 334 282.8282828282828
 140 287.8787878787879
 0 292.9292929292929
 1 297.979797979798
 0 303.030303030303
 164 308.0808080808081
 23 313.1313131313131
 33 318.1818181818182
 23 323.2323232323232
 29 328.2828282828282
 124 333.3333333333333
 34 338.3838383838383
 11 343.4343434343434
 137 348.4848484848484
 85 353.5353535353535
 22 358.5858585858585
 2 363.6363636363636
 32 368.6868686868686
 22 373.7373737373737
 31 378.7878787878788
 1 383.8383838383838
 1 388.8888888888889
 232 393.9393939393939
 43 398.989898989899
 57 404.040404040404
 128 409.0909090909091
 124 414.1414141414141
 435 419.1919191919192
 22 424.2424242424242
 184 429.2929292929293
 144 434.3434343434343
 5 439.3939393939394
 47 444.4444444444444
 68 449.4949494949495
 42 454.5454545454545
 0 459.5959595959596
 0 464.6464646464646
 0 469.6969696969697
 1 474.7474747474747
 0 479.7979797979798
 14 484.8484848484848
 13 489.8989898989898
 74 494.9494949494949
 0 500


