# Created by Octave 3.8.2, Mon Jun 22 03:42:38 2020 CEST <damian@fptrucha.inv.usc.es>
# name: hd
# type: matrix
# rows: 100
# columns: 2
 4 0
 3 5.05050505050505
 3 10.1010101010101
 268 15.15151515151515
 2 20.2020202020202
 1 25.25252525252525
 154 30.3030303030303
 455 35.35353535353535
 557 40.4040404040404
 264 45.45454545454545
 118 50.50505050505051
 55 55.55555555555555
 3 60.6060606060606
 276 65.65656565656565
 193 70.7070707070707
 507 75.75757575757575
 3 80.8080808080808
 0 85.85858585858585
 63 90.90909090909091
 3 95.95959595959596
 2 101.010101010101
 181 106.060606060606
 162 111.1111111111111
 412 116.1616161616162
 170 121.2121212121212
 75 126.2626262626263
 1 131.3131313131313
 2 136.3636363636363
 61 141.4141414141414
 74 146.4646464646464
 395 151.5151515151515
 223 156.5656565656566
 0 161.6161616161616
 0 166.6666666666667
 57 171.7171717171717
 34 176.7676767676768
 2 181.8181818181818
 4 186.8686868686869
 175 191.9191919191919
 238 196.969696969697
 53 202.020202020202
 83 207.070707070707
 160 212.1212121212121
 55 217.1717171717171
 90 222.2222222222222
 212 227.2727272727273
 116 232.3232323232323
 1 237.3737373737374
 20 242.4242424242424
 124 247.4747474747475
 18 252.5252525252525
 104 257.5757575757576
 109 262.6262626262626
 28 267.6767676767677
 269 272.7272727272727
 148 277.7777777777778
 424 282.8282828282828
 171 287.8787878787879
 0 292.9292929292929
 1 297.979797979798
 1 303.030303030303
 187 308.0808080808081
 20 313.1313131313131
 44 318.1818181818182
 29 323.2323232323232
 40 328.2828282828282
 155 333.3333333333333
 68 338.3838383838383
 17 343.4343434343434
 210 348.4848484848484
 104 353.5353535353535
 30 358.5858585858585
 2 363.6363636363636
 50 368.6868686868686
 45 373.7373737373737
 36 378.7878787878788
 5 383.8383838383838
 1 388.8888888888889
 302 393.9393939393939
 43 398.989898989899
 62 404.040404040404
 163 409.0909090909091
 145 414.1414141414141
 492 419.1919191919192
 18 424.2424242424242
 220 429.2929292929293
 150 434.3434343434343
 9 439.3939393939394
 57 444.4444444444444
 70 449.4949494949495
 51 454.5454545454545
 2 459.5959595959596
 2 464.6464646464646
 1 469.6969696969697
 1 474.7474747474747
 0 479.7979797979798
 23 484.8484848484848
 17 489.8989898989898
 62 494.9494949494949
 0 500


