# Created by Octave 3.8.2, Mon Jun 22 17:09:30 2020 CEST <damian@fptrucha.inv.usc.es>
# name: hd
# type: matrix
# rows: 100
# columns: 2
 2 0
 2 5.05050505050505
 2 10.1010101010101
 268 15.15151515151515
 3 20.2020202020202
 1 25.25252525252525
 151 30.3030303030303
 529 35.35353535353535
 590 40.4040404040404
 320 45.45454545454545
 118 50.50505050505051
 65 55.55555555555555
 3 60.6060606060606
 304 65.65656565656565
 243 70.7070707070707
 524 75.75757575757575
 0 80.8080808080808
 0 85.85858585858585
 60 90.90909090909091
 2 95.95959595959596
 5 101.010101010101
 186 106.060606060606
 182 111.1111111111111
 378 116.1616161616162
 205 121.2121212121212
 90 126.2626262626263
 1 131.3131313131313
 3 136.3636363636363
 69 141.4141414141414
 103 146.4646464646464
 472 151.5151515151515
 283 156.5656565656566
 3 161.6161616161616
 1 166.6666666666667
 85 171.7171717171717
 31 176.7676767676768
 0 181.8181818181818
 4 186.8686868686869
 211 191.9191919191919
 280 196.969696969697
 61 202.020202020202
 89 207.070707070707
 200 212.1212121212121
 64 217.1717171717171
 90 222.2222222222222
 253 227.2727272727273
 125 232.3232323232323
 3 237.3737373737374
 24 242.4242424242424
 137 247.4747474747475
 23 252.5252525252525
 128 257.5757575757576
 136 262.6262626262626
 52 267.6767676767677
 318 272.7272727272727
 169 277.7777777777778
 487 282.8282828282828
 216 287.8787878787879
 4 292.9292929292929
 1 297.979797979798
 1 303.030303030303
 229 308.0808080808081
 31 313.1313131313131
 42 318.1818181818182
 30 323.2323232323232
 48 328.2828282828282
 155 333.3333333333333
 61 338.3838383838383
 20 343.4343434343434
 190 348.4848484848484
 119 353.5353535353535
 32 358.5858585858585
 0 363.6363636363636
 43 368.6868686868686
 34 373.7373737373737
 45 378.7878787878788
 2 383.8383838383838
 2 388.8888888888889
 297 393.9393939393939
 60 398.989898989899
 65 404.040404040404
 195 409.0909090909091
 157 414.1414141414141
 567 419.1919191919192
 23 424.2424242424242
 232 429.2929292929293
 187 434.3434343434343
 9 439.3939393939394
 58 444.4444444444444
 73 449.4949494949495
 52 454.5454545454545
 0 459.5959595959596
 1 464.6464646464646
 2 469.6969696969697
 0 474.7474747474747
 3 479.7979797979798
 19 484.8484848484848
 17 489.8989898989898
 85 494.9494949494949
 0 500


