# Created by Octave 3.8.2, Sat Jun 20 15:32:59 2020 CEST <damian@fptrucha.inv.usc.es>
# name: hd
# type: matrix
# rows: 100
# columns: 2
 1 0
 2 5.05050505050505
 1 10.1010101010101
 259 15.15151515151515
 3 20.2020202020202
 0 25.25252525252525
 171 30.3030303030303
 511 35.35353535353535
 615 40.4040404040404
 298 45.45454545454545
 130 50.50505050505051
 66 55.55555555555555
 1 60.6060606060606
 281 65.65656565656565
 202 70.7070707070707
 609 75.75757575757575
 2 80.8080808080808
 1 85.85858585858585
 77 90.90909090909091
 4 95.95959595959596
 1 101.010101010101
 186 106.060606060606
 185 111.1111111111111
 413 116.1616161616162
 203 121.2121212121212
 90 126.2626262626263
 1 131.3131313131313
 0 136.3636363636363
 74 141.4141414141414
 96 146.4646464646464
 450 151.5151515151515
 308 156.5656565656566
 0 161.6161616161616
 0 166.6666666666667
 85 171.7171717171717
 32 176.7676767676768
 0 181.8181818181818
 1 186.8686868686869
 195 191.9191919191919
 260 196.969696969697
 60 202.020202020202
 92 207.070707070707
 227 212.1212121212121
 56 217.1717171717171
 105 222.2222222222222
 241 227.2727272727273
 136 232.3232323232323
 1 237.3737373737374
 21 242.4242424242424
 146 247.4747474747475
 16 252.5252525252525
 136 257.5757575757576
 143 262.6262626262626
 35 267.6767676767677
 246 272.7272727272727
 131 277.7777777777778
 468 282.8282828282828
 216 287.8787878787879
 0 292.9292929292929
 2 297.979797979798
 0 303.030303030303
 180 308.0808080808081
 21 313.1313131313131
 38 318.1818181818182
 39 323.2323232323232
 50 328.2828282828282
 171 333.3333333333333
 51 338.3838383838383
 19 343.4343434343434
 179 348.4848484848484
 100 353.5353535353535
 25 358.5858585858585
 1 363.6363636363636
 44 368.6868686868686
 46 373.7373737373737
 38 378.7878787878788
 1 383.8383838383838
 1 388.8888888888889
 315 393.9393939393939
 62 398.989898989899
 59 404.040404040404
 189 409.0909090909091
 159 414.1414141414141
 580 419.1919191919192
 27 424.2424242424242
 217 429.2929292929293
 166 434.3434343434343
 3 439.3939393939394
 60 444.4444444444444
 76 449.4949494949495
 48 454.5454545454545
 0 459.5959595959596
 2 464.6464646464646
 0 469.6969696969697
 2 474.7474747474747
 2 479.7979797979798
 26 484.8484848484848
 20 489.8989898989898
 82 494.9494949494949
 0 500


