# Created by Octave 3.8.2, Sun Jun 21 08:09:46 2020 CEST <damian@fptrucha.inv.usc.es>
# name: hd
# type: matrix
# rows: 100
# columns: 2
 1 0
 4 5.05050505050505
 1 10.1010101010101
 265 15.15151515151515
 2 20.2020202020202
 0 25.25252525252525
 155 30.3030303030303
 506 35.35353535353535
 601 40.4040404040404
 263 45.45454545454545
 157 50.50505050505051
 62 55.55555555555555
 1 60.6060606060606
 244 65.65656565656565
 216 70.7070707070707
 577 75.75757575757575
 2 80.8080808080808
 3 85.85858585858585
 57 90.90909090909091
 3 95.95959595959596
 4 101.010101010101
 177 106.060606060606
 148 111.1111111111111
 359 116.1616161616162
 198 121.2121212121212
 89 126.2626262626263
 0 131.3131313131313
 2 136.3636363636363
 63 141.4141414141414
 90 146.4646464646464
 474 151.5151515151515
 273 156.5656565656566
 5 161.6161616161616
 0 166.6666666666667
 66 171.7171717171717
 34 176.7676767676768
 1 181.8181818181818
 0 186.8686868686869
 196 191.9191919191919
 296 196.969696969697
 58 202.020202020202
 88 207.070707070707
 164 212.1212121212121
 67 217.1717171717171
 107 222.2222222222222
 191 227.2727272727273
 136 232.3232323232323
 0 237.3737373737374
 17 242.4242424242424
 137 247.4747474747475
 23 252.5252525252525
 106 257.5757575757576
 156 262.6262626262626
 33 267.6767676767677
 262 272.7272727272727
 153 277.7777777777778
 462 282.8282828282828
 204 287.8787878787879
 1 292.9292929292929
 0 297.979797979798
 0 303.030303030303
 204 308.0808080808081
 29 313.1313131313131
 41 318.1818181818182
 33 323.2323232323232
 38 328.2828282828282
 169 333.3333333333333
 58 338.3838383838383
 10 343.4343434343434
 187 348.4848484848484
 102 353.5353535353535
 27 358.5858585858585
 0 363.6363636363636
 34 368.6868686868686
 35 373.7373737373737
 43 378.7878787878788
 0 383.8383838383838
 1 388.8888888888889
 330 393.9393939393939
 56 398.989898989899
 70 404.040404040404
 186 409.0909090909091
 116 414.1414141414141
 564 419.1919191919192
 20 424.2424242424242
 218 429.2929292929293
 192 434.3434343434343
 4 439.3939393939394
 53 444.4444444444444
 72 449.4949494949495
 56 454.5454545454545
 1 459.5959595959596
 0 464.6464646464646
 0 469.6969696969697
 1 474.7474747474747
 3 479.7979797979798
 24 484.8484848484848
 19 489.8989898989898
 88 494.9494949494949
 0 500


