# Created by Octave 3.8.2, Mon Jun 22 19:05:36 2020 CEST <damian@fptrucha.inv.usc.es>
# name: hd
# type: matrix
# rows: 100
# columns: 2
 3 0
 2 5.05050505050505
 1 10.1010101010101
 304 15.15151515151515
 2 20.2020202020202
 2 25.25252525252525
 170 30.3030303030303
 544 35.35353535353535
 616 40.4040404040404
 362 45.45454545454545
 135 50.50505050505051
 71 55.55555555555555
 2 60.6060606060606
 300 65.65656565656565
 230 70.7070707070707
 595 75.75757575757575
 1 80.8080808080808
 2 85.85858585858585
 53 90.90909090909091
 8 95.95959595959596
 4 101.010101010101
 195 106.060606060606
 178 111.1111111111111
 432 116.1616161616162
 202 121.2121212121212
 85 126.2626262626263
 1 131.3131313131313
 2 136.3636363636363
 76 141.4141414141414
 97 146.4646464646464
 447 151.5151515151515
 261 156.5656565656566
 3 161.6161616161616
 0 166.6666666666667
 78 171.7171717171717
 33 176.7676767676768
 0 181.8181818181818
 2 186.8686868686869
 209 191.9191919191919
 281 196.969696969697
 51 202.020202020202
 106 207.070707070707
 219 212.1212121212121
 79 217.1717171717171
 106 222.2222222222222
 247 227.2727272727273
 151 232.3232323232323
 2 237.3737373737374
 22 242.4242424242424
 153 247.4747474747475
 26 252.5252525252525
 122 257.5757575757576
 126 262.6262626262626
 49 267.6767676767677
 294 272.7272727272727
 148 277.7777777777778
 455 282.8282828282828
 207 287.8787878787879
 1 292.9292929292929
 1 297.979797979798
 0 303.030303030303
 204 308.0808080808081
 31 313.1313131313131
 44 318.1818181818182
 33 323.2323232323232
 32 328.2828282828282
 195 333.3333333333333
 65 338.3838383838383
 22 343.4343434343434
 212 348.4848484848484
 90 353.5353535353535
 31 358.5858585858585
 4 363.6363636363636
 45 368.6868686868686
 40 373.7373737373737
 29 378.7878787878788
 1 383.8383838383838
 1 388.8888888888889
 322 393.9393939393939
 59 398.989898989899
 57 404.040404040404
 179 409.0909090909091
 178 414.1414141414141
 577 419.1919191919192
 25 424.2424242424242
 230 429.2929292929293
 198 434.3434343434343
 2 439.3939393939394
 61 444.4444444444444
 78 449.4949494949495
 48 454.5454545454545
 1 459.5959595959596
 1 464.6464646464646
 2 469.6969696969697
 0 474.7474747474747
 2 479.7979797979798
 14 484.8484848484848
 26 489.8989898989898
 79 494.9494949494949
 0 500


