# Created by Octave 3.8.2, Mon Jun 22 21:30:23 2020 CEST <damian@fptrucha.inv.usc.es>
# name: hd
# type: matrix
# rows: 100
# columns: 2
 3 0
 5 5.05050505050505
 2 10.1010101010101
 296 15.15151515151515
 3 20.2020202020202
 2 25.25252525252525
 166 30.3030303030303
 572 35.35353535353535
 591 40.4040404040404
 326 45.45454545454545
 148 50.50505050505051
 71 55.55555555555555
 0 60.6060606060606
 286 65.65656565656565
 222 70.7070707070707
 582 75.75757575757575
 0 80.8080808080808
 0 85.85858585858585
 79 90.90909090909091
 4 95.95959595959596
 3 101.010101010101
 195 106.060606060606
 180 111.1111111111111
 421 116.1616161616162
 198 121.2121212121212
 98 126.2626262626263
 0 131.3131313131313
 3 136.3636363636363
 77 141.4141414141414
 103 146.4646464646464
 478 151.5151515151515
 252 156.5656565656566
 6 161.6161616161616
 1 166.6666666666667
 80 171.7171717171717
 34 176.7676767676768
 1 181.8181818181818
 0 186.8686868686869
 215 191.9191919191919
 257 196.969696969697
 42 202.020202020202
 91 207.070707070707
 194 212.1212121212121
 67 217.1717171717171
 113 222.2222222222222
 281 227.2727272727273
 145 232.3232323232323
 1 237.3737373737374
 19 242.4242424242424
 128 247.4747474747475
 20 252.5252525252525
 127 257.5757575757576
 157 262.6262626262626
 51 267.6767676767677
 281 272.7272727272727
 130 277.7777777777778
 471 282.8282828282828
 192 287.8787878787879
 1 292.9292929292929
 3 297.979797979798
 0 303.030303030303
 210 308.0808080808081
 31 313.1313131313131
 40 318.1818181818182
 39 323.2323232323232
 51 328.2828282828282
 167 333.3333333333333
 62 338.3838383838383
 16 343.4343434343434
 185 348.4848484848484
 106 353.5353535353535
 39 358.5858585858585
 1 363.6363636363636
 46 368.6868686868686
 43 373.7373737373737
 33 378.7878787878788
 0 383.8383838383838
 0 388.8888888888889
 351 393.9393939393939
 70 398.989898989899
 70 404.040404040404
 181 409.0909090909091
 142 414.1414141414141
 595 419.1919191919192
 24 424.2424242424242
 255 429.2929292929293
 172 434.3434343434343
 6 439.3939393939394
 58 444.4444444444444
 58 449.4949494949495
 57 454.5454545454545
 0 459.5959595959596
 0 464.6464646464646
 2 469.6969696969697
 0 474.7474747474747
 2 479.7979797979798
 31 484.8484848484848
 17 489.8989898989898
 89 494.9494949494949
 0 500


