# Created by Octave 3.8.2, Sat Jun 20 04:39:30 2020 CEST <damian@fptrucha.inv.usc.es>
# name: hd
# type: matrix
# rows: 100
# columns: 2
 0 0
 6 5.05050505050505
 2 10.1010101010101
 298 15.15151515151515
 4 20.2020202020202
 0 25.25252525252525
 178 30.3030303030303
 573 35.35353535353535
 659 40.4040404040404
 288 45.45454545454545
 134 50.50505050505051
 71 55.55555555555555
 1 60.6060606060606
 290 65.65656565656565
 235 70.7070707070707
 646 75.75757575757575
 1 80.8080808080808
 0 85.85858585858585
 66 90.90909090909091
 5 95.95959595959596
 0 101.010101010101
 189 106.060606060606
 220 111.1111111111111
 471 116.1616161616162
 212 121.2121212121212
 101 126.2626262626263
 0 131.3131313131313
 1 136.3636363636363
 73 141.4141414141414
 95 146.4646464646464
 486 151.5151515151515
 283 156.5656565656566
 2 161.6161616161616
 0 166.6666666666667
 75 171.7171717171717
 31 176.7676767676768
 0 181.8181818181818
 0 186.8686868686869
 191 191.9191919191919
 268 196.969696969697
 45 202.020202020202
 96 207.070707070707
 208 212.1212121212121
 73 217.1717171717171
 106 222.2222222222222
 253 227.2727272727273
 145 232.3232323232323
 0 237.3737373737374
 21 242.4242424242424
 152 247.4747474747475
 20 252.5252525252525
 153 257.5757575757576
 164 262.6262626262626
 60 267.6767676767677
 271 272.7272727272727
 145 277.7777777777778
 457 282.8282828282828
 206 287.8787878787879
 1 292.9292929292929
 0 297.979797979798
 0 303.030303030303
 243 308.0808080808081
 20 313.1313131313131
 52 318.1818181818182
 29 323.2323232323232
 36 328.2828282828282
 174 333.3333333333333
 63 338.3838383838383
 18 343.4343434343434
 211 348.4848484848484
 109 353.5353535353535
 34 358.5858585858585
 2 363.6363636363636
 41 368.6868686868686
 41 373.7373737373737
 46 378.7878787878788
 0 383.8383838383838
 0 388.8888888888889
 346 393.9393939393939
 55 398.989898989899
 88 404.040404040404
 203 409.0909090909091
 144 414.1414141414141
 633 419.1919191919192
 29 424.2424242424242
 240 429.2929292929293
 196 434.3434343434343
 6 439.3939393939394
 52 444.4444444444444
 90 449.4949494949495
 61 454.5454545454545
 1 459.5959595959596
 0 464.6464646464646
 3 469.6969696969697
 1 474.7474747474747
 2 479.7979797979798
 16 484.8484848484848
 16 489.8989898989898
 78 494.9494949494949
 0 500


