# Created by Octave 3.8.2, Mon Jun 22 10:52:43 2020 CEST <damian@fptrucha.inv.usc.es>
# name: hd
# type: matrix
# rows: 100
# columns: 2
 1 0
 4 5.05050505050505
 0 10.1010101010101
 271 15.15151515151515
 2 20.2020202020202
 0 25.25252525252525
 167 30.3030303030303
 573 35.35353535353535
 576 40.4040404040404
 354 45.45454545454545
 129 50.50505050505051
 69 55.55555555555555
 2 60.6060606060606
 297 65.65656565656565
 208 70.7070707070707
 552 75.75757575757575
 2 80.8080808080808
 1 85.85858585858585
 55 90.90909090909091
 8 95.95959595959596
 3 101.010101010101
 177 106.060606060606
 167 111.1111111111111
 394 116.1616161616162
 212 121.2121212121212
 92 126.2626262626263
 1 131.3131313131313
 3 136.3636363636363
 56 141.4141414141414
 100 146.4646464646464
 394 151.5151515151515
 264 156.5656565656566
 5 161.6161616161616
 0 166.6666666666667
 58 171.7171717171717
 30 176.7676767676768
 0 181.8181818181818
 1 186.8686868686869
 165 191.9191919191919
 279 196.969696969697
 41 202.020202020202
 98 207.070707070707
 191 212.1212121212121
 59 217.1717171717171
 93 222.2222222222222
 221 227.2727272727273
 128 232.3232323232323
 1 237.3737373737374
 23 242.4242424242424
 129 247.4747474747475
 25 252.5252525252525
 126 257.5757575757576
 136 262.6262626262626
 34 267.6767676767677
 282 272.7272727272727
 144 277.7777777777778
 442 282.8282828282828
 180 287.8787878787879
 1 292.9292929292929
 2 297.979797979798
 1 303.030303030303
 205 308.0808080808081
 30 313.1313131313131
 38 318.1818181818182
 32 323.2323232323232
 21 328.2828282828282
 186 333.3333333333333
 79 338.3838383838383
 20 343.4343434343434
 190 348.4848484848484
 96 353.5353535353535
 34 358.5858585858585
 1 363.6363636363636
 59 368.6868686868686
 37 373.7373737373737
 33 378.7878787878788
 2 383.8383838383838
 0 388.8888888888889
 343 393.9393939393939
 40 398.989898989899
 66 404.040404040404
 173 409.0909090909091
 161 414.1414141414141
 554 419.1919191919192
 28 424.2424242424242
 247 429.2929292929293
 179 434.3434343434343
 3 439.3939393939394
 59 444.4444444444444
 69 449.4949494949495
 66 454.5454545454545
 1 459.5959595959596
 2 464.6464646464646
 1 469.6969696969697
 1 474.7474747474747
 1 479.7979797979798
 21 484.8484848484848
 26 489.8989898989898
 75 494.9494949494949
 0 500


