# Created by Octave 3.8.2, Mon Jun 22 01:48:48 2020 CEST <damian@fptrucha.inv.usc.es>
# name: hd
# type: matrix
# rows: 100
# columns: 2
 0 0
 4 5.05050505050505
 1 10.1010101010101
 265 15.15151515151515
 2 20.2020202020202
 1 25.25252525252525
 132 30.3030303030303
 478 35.35353535353535
 577 40.4040404040404
 308 45.45454545454545
 149 50.50505050505051
 66 55.55555555555555
 1 60.6060606060606
 283 65.65656565656565
 197 70.7070707070707
 539 75.75757575757575
 2 80.8080808080808
 1 85.85858585858585
 57 90.90909090909091
 4 95.95959595959596
 2 101.010101010101
 167 106.060606060606
 157 111.1111111111111
 384 116.1616161616162
 190 121.2121212121212
 93 126.2626262626263
 1 131.3131313131313
 0 136.3636363636363
 65 141.4141414141414
 102 146.4646464646464
 422 151.5151515151515
 268 156.5656565656566
 3 161.6161616161616
 1 166.6666666666667
 70 171.7171717171717
 35 176.7676767676768
 0 181.8181818181818
 0 186.8686868686869
 189 191.9191919191919
 250 196.969696969697
 47 202.020202020202
 110 207.070707070707
 166 212.1212121212121
 69 217.1717171717171
 110 222.2222222222222
 214 227.2727272727273
 140 232.3232323232323
 2 237.3737373737374
 21 242.4242424242424
 145 247.4747474747475
 25 252.5252525252525
 134 257.5757575757576
 137 262.6262626262626
 37 267.6767676767677
 266 272.7272727272727
 142 277.7777777777778
 480 282.8282828282828
 215 287.8787878787879
 2 292.9292929292929
 1 297.979797979798
 0 303.030303030303
 205 308.0808080808081
 22 313.1313131313131
 46 318.1818181818182
 28 323.2323232323232
 45 328.2828282828282
 176 333.3333333333333
 73 338.3838383838383
 19 343.4343434343434
 204 348.4848484848484
 91 353.5353535353535
 30 358.5858585858585
 1 363.6363636363636
 45 368.6868686868686
 40 373.7373737373737
 27 378.7878787878788
 0 383.8383838383838
 1 388.8888888888889
 299 393.9393939393939
 65 398.989898989899
 63 404.040404040404
 161 409.0909090909091
 145 414.1414141414141
 556 419.1919191919192
 20 424.2424242424242
 255 429.2929292929293
 161 434.3434343434343
 3 439.3939393939394
 58 444.4444444444444
 67 449.4949494949495
 61 454.5454545454545
 1 459.5959595959596
 0 464.6464646464646
 1 469.6969696969697
 1 474.7474747474747
 1 479.7979797979798
 24 484.8484848484848
 23 489.8989898989898
 59 494.9494949494949
 0 500


