# Created by Octave 3.8.2, Mon Jun 22 13:24:39 2020 CEST <damian@fptrucha.inv.usc.es>
# name: hd
# type: matrix
# rows: 100
# columns: 2
 4 0
 3 5.05050505050505
 1 10.1010101010101
 205 15.15151515151515
 2 20.2020202020202
 0 25.25252525252525
 106 30.3030303030303
 370 35.35353535353535
 384 40.4040404040404
 195 45.45454545454545
 86 50.50505050505051
 34 55.55555555555555
 1 60.6060606060606
 199 65.65656565656565
 137 70.7070707070707
 353 75.75757575757575
 3 80.8080808080808
 0 85.85858585858585
 46 90.90909090909091
 0 95.95959595959596
 0 101.010101010101
 124 106.060606060606
 130 111.1111111111111
 254 116.1616161616162
 123 121.2121212121212
 58 126.2626262626263
 0 131.3131313131313
 1 136.3636363636363
 43 141.4141414141414
 73 146.4646464646464
 294 151.5151515151515
 178 156.5656565656566
 3 161.6161616161616
 1 166.6666666666667
 39 171.7171717171717
 21 176.7676767676768
 0 181.8181818181818
 0 186.8686868686869
 126 191.9191919191919
 183 196.969696969697
 33 202.020202020202
 73 207.070707070707
 123 212.1212121212121
 46 217.1717171717171
 76 222.2222222222222
 142 227.2727272727273
 101 232.3232323232323
 0 237.3737373737374
 13 242.4242424242424
 75 247.4747474747475
 15 252.5252525252525
 74 257.5757575757576
 91 262.6262626262626
 21 267.6767676767677
 170 272.7272727272727
 119 277.7777777777778
 293 282.8282828282828
 129 287.8787878787879
 1 292.9292929292929
 0 297.979797979798
 0 303.030303030303
 132 308.0808080808081
 14 313.1313131313131
 31 318.1818181818182
 18 323.2323232323232
 18 328.2828282828282
 129 333.3333333333333
 45 338.3838383838383
 15 343.4343434343434
 108 348.4848484848484
 84 353.5353535353535
 17 358.5858585858585
 4 363.6363636363636
 41 368.6868686868686
 21 373.7373737373737
 26 378.7878787878788
 1 383.8383838383838
 1 388.8888888888889
 201 393.9393939393939
 49 398.989898989899
 43 404.040404040404
 121 409.0909090909091
 102 414.1414141414141
 385 419.1919191919192
 16 424.2424242424242
 148 429.2929292929293
 125 434.3434343434343
 2 439.3939393939394
 47 444.4444444444444
 40 449.4949494949495
 44 454.5454545454545
 0 459.5959595959596
 1 464.6464646464646
 0 469.6969696969697
 1 474.7474747474747
 0 479.7979797979798
 12 484.8484848484848
 13 489.8989898989898
 33 494.9494949494949
 0 500


