# Created by Octave 3.8.2, Sun Jun 21 06:19:41 2020 CEST <damian@fptrucha.inv.usc.es>
# name: hd
# type: matrix
# rows: 100
# columns: 2
 0 0
 0 5.05050505050505
 2 10.1010101010101
 193 15.15151515151515
 0 20.2020202020202
 2 25.25252525252525
 119 30.3030303030303
 333 35.35353535353535
 411 40.4040404040404
 198 45.45454545454545
 83 50.50505050505051
 42 55.55555555555555
 2 60.6060606060606
 196 65.65656565656565
 123 70.7070707070707
 348 75.75757575757575
 0 80.8080808080808
 0 85.85858585858585
 37 90.90909090909091
 2 95.95959595959596
 2 101.010101010101
 127 106.060606060606
 114 111.1111111111111
 257 116.1616161616162
 123 121.2121212121212
 61 126.2626262626263
 0 131.3131313131313
 1 136.3636363636363
 54 141.4141414141414
 52 146.4646464646464
 255 151.5151515151515
 186 156.5656565656566
 2 161.6161616161616
 0 166.6666666666667
 44 171.7171717171717
 27 176.7676767676768
 0 181.8181818181818
 0 186.8686868686869
 109 191.9191919191919
 136 196.969696969697
 25 202.020202020202
 58 207.070707070707
 130 212.1212121212121
 49 217.1717171717171
 65 222.2222222222222
 144 227.2727272727273
 72 232.3232323232323
 0 237.3737373737374
 15 242.4242424242424
 74 247.4747474747475
 8 252.5252525252525
 73 257.5757575757576
 79 262.6262626262626
 22 267.6767676767677
 150 272.7272727272727
 88 277.7777777777778
 307 282.8282828282828
 129 287.8787878787879
 1 292.9292929292929
 0 297.979797979798
 0 303.030303030303
 143 308.0808080808081
 23 313.1313131313131
 22 318.1818181818182
 18 323.2323232323232
 35 328.2828282828282
 117 333.3333333333333
 43 338.3838383838383
 11 343.4343434343434
 119 348.4848484848484
 65 353.5353535353535
 27 358.5858585858585
 0 363.6363636363636
 23 368.6868686868686
 21 373.7373737373737
 18 378.7878787878788
 0 383.8383838383838
 1 388.8888888888889
 214 393.9393939393939
 31 398.989898989899
 43 404.040404040404
 109 409.0909090909091
 112 414.1414141414141
 351 419.1919191919192
 11 424.2424242424242
 152 429.2929292929293
 117 434.3434343434343
 0 439.3939393939394
 35 444.4444444444444
 38 449.4949494949495
 30 454.5454545454545
 1 459.5959595959596
 1 464.6464646464646
 0 469.6969696969697
 0 474.7474747474747
 0 479.7979797979798
 9 484.8484848484848
 14 489.8989898989898
 47 494.9494949494949
 0 500


