# Created by Octave 3.8.2, Sun Jun 21 01:18:46 2020 CEST <damian@fptrucha.inv.usc.es>
# name: hd
# type: matrix
# rows: 100
# columns: 2
 1 0
 6 5.05050505050505
 2 10.1010101010101
 269 15.15151515151515
 1 20.2020202020202
 1 25.25252525252525
 160 30.3030303030303
 511 35.35353535353535
 579 40.4040404040404
 265 45.45454545454545
 150 50.50505050505051
 64 55.55555555555555
 2 60.6060606060606
 263 65.65656565656565
 199 70.7070707070707
 485 75.75757575757575
 4 80.8080808080808
 0 85.85858585858585
 66 90.90909090909091
 4 95.95959595959596
 2 101.010101010101
 152 106.060606060606
 177 111.1111111111111
 340 116.1616161616162
 190 121.2121212121212
 87 126.2626262626263
 0 131.3131313131313
 1 136.3636363636363
 64 141.4141414141414
 80 146.4646464646464
 434 151.5151515151515
 268 156.5656565656566
 1 161.6161616161616
 1 166.6666666666667
 78 171.7171717171717
 29 176.7676767676768
 0 181.8181818181818
 0 186.8686868686869
 183 191.9191919191919
 253 196.969696969697
 44 202.020202020202
 96 207.070707070707
 183 212.1212121212121
 70 217.1717171717171
 80 222.2222222222222
 211 227.2727272727273
 127 232.3232323232323
 0 237.3737373737374
 27 242.4242424242424
 142 247.4747474747475
 23 252.5252525252525
 117 257.5757575757576
 122 262.6262626262626
 38 267.6767676767677
 248 272.7272727272727
 139 277.7777777777778
 447 282.8282828282828
 202 287.8787878787879
 1 292.9292929292929
 1 297.979797979798
 0 303.030303030303
 183 308.0808080808081
 32 313.1313131313131
 38 318.1818181818182
 42 323.2323232323232
 24 328.2828282828282
 156 333.3333333333333
 55 338.3838383838383
 18 343.4343434343434
 171 348.4848484848484
 78 353.5353535353535
 23 358.5858585858585
 0 363.6363636363636
 40 368.6868686868686
 34 373.7373737373737
 30 378.7878787878788
 0 383.8383838383838
 1 388.8888888888889
 340 393.9393939393939
 54 398.989898989899
 66 404.040404040404
 167 409.0909090909091
 153 414.1414141414141
 548 419.1919191919192
 20 424.2424242424242
 231 429.2929292929293
 204 434.3434343434343
 8 439.3939393939394
 49 444.4444444444444
 61 449.4949494949495
 59 454.5454545454545
 1 459.5959595959596
 0 464.6464646464646
 2 469.6969696969697
 2 474.7474747474747
 1 479.7979797979798
 19 484.8484848484848
 20 489.8989898989898
 64 494.9494949494949
 0 500


