# Created by Octave 3.8.2, Sun Jun 21 04:36:28 2020 CEST <damian@fptrucha.inv.usc.es>
# name: hd
# type: matrix
# rows: 100
# columns: 2
 3 0
 1 5.05050505050505
 1 10.1010101010101
 273 15.15151515151515
 2 20.2020202020202
 2 25.25252525252525
 139 30.3030303030303
 515 35.35353535353535
 575 40.4040404040404
 299 45.45454545454545
 125 50.50505050505051
 65 55.55555555555555
 2 60.6060606060606
 246 65.65656565656565
 185 70.7070707070707
 608 75.75757575757575
 3 80.8080808080808
 0 85.85858585858585
 44 90.90909090909091
 4 95.95959595959596
 2 101.010101010101
 171 106.060606060606
 151 111.1111111111111
 373 116.1616161616162
 202 121.2121212121212
 88 126.2626262626263
 0 131.3131313131313
 0 136.3636363636363
 50 141.4141414141414
 95 146.4646464646464
 466 151.5151515151515
 233 156.5656565656566
 1 161.6161616161616
 0 166.6666666666667
 78 171.7171717171717
 28 176.7676767676768
 1 181.8181818181818
 1 186.8686868686869
 192 191.9191919191919
 239 196.969696969697
 57 202.020202020202
 83 207.070707070707
 175 212.1212121212121
 57 217.1717171717171
 97 222.2222222222222
 241 227.2727272727273
 154 232.3232323232323
 1 237.3737373737374
 25 242.4242424242424
 130 247.4747474747475
 23 252.5252525252525
 104 257.5757575757576
 134 262.6262626262626
 39 267.6767676767677
 302 272.7272727272727
 152 277.7777777777778
 457 282.8282828282828
 202 287.8787878787879
 1 292.9292929292929
 0 297.979797979798
 0 303.030303030303
 205 308.0808080808081
 20 313.1313131313131
 36 318.1818181818182
 28 323.2323232323232
 35 328.2828282828282
 175 333.3333333333333
 66 338.3838383838383
 19 343.4343434343434
 171 348.4848484848484
 95 353.5353535353535
 30 358.5858585858585
 1 363.6363636363636
 41 368.6868686868686
 42 373.7373737373737
 39 378.7878787878788
 2 383.8383838383838
 0 388.8888888888889
 297 393.9393939393939
 59 398.989898989899
 57 404.040404040404
 168 409.0909090909091
 115 414.1414141414141
 544 419.1919191919192
 18 424.2424242424242
 250 429.2929292929293
 158 434.3434343434343
 7 439.3939393939394
 50 444.4444444444444
 70 449.4949494949495
 44 454.5454545454545
 1 459.5959595959596
 2 464.6464646464646
 1 469.6969696969697
 1 474.7474747474747
 2 479.7979797979798
 16 484.8484848484848
 14 489.8989898989898
 67 494.9494949494949
 0 500


