# Created by Octave 3.8.2, Mon Jun 22 01:23:05 2020 CEST <damian@fptrucha.inv.usc.es>
# name: hd
# type: matrix
# rows: 100
# columns: 2
 2 0
 5 5.05050505050505
 0 10.1010101010101
 223 15.15151515151515
 0 20.2020202020202
 0 25.25252525252525
 154 30.3030303030303
 519 35.35353535353535
 588 40.4040404040404
 293 45.45454545454545
 114 50.50505050505051
 56 55.55555555555555
 4 60.6060606060606
 272 65.65656565656565
 213 70.7070707070707
 564 75.75757575757575
 0 80.8080808080808
 1 85.85858585858585
 52 90.90909090909091
 3 95.95959595959596
 1 101.010101010101
 174 106.060606060606
 184 111.1111111111111
 367 116.1616161616162
 215 121.2121212121212
 74 126.2626262626263
 2 131.3131313131313
 0 136.3636363636363
 77 141.4141414141414
 67 146.4646464646464
 448 151.5151515151515
 254 156.5656565656566
 2 161.6161616161616
 2 166.6666666666667
 66 171.7171717171717
 34 176.7676767676768
 1 181.8181818181818
 1 186.8686868686869
 175 191.9191919191919
 229 196.969696969697
 47 202.020202020202
 94 207.070707070707
 182 212.1212121212121
 59 217.1717171717171
 113 222.2222222222222
 224 227.2727272727273
 131 232.3232323232323
 0 237.3737373737374
 18 242.4242424242424
 132 247.4747474747475
 19 252.5252525252525
 121 257.5757575757576
 129 262.6262626262626
 40 267.6767676767677
 236 272.7272727272727
 133 277.7777777777778
 430 282.8282828282828
 212 287.8787878787879
 0 292.9292929292929
 0 297.979797979798
 0 303.030303030303
 202 308.0808080808081
 29 313.1313131313131
 39 318.1818181818182
 41 323.2323232323232
 33 328.2828282828282
 158 333.3333333333333
 56 338.3838383838383
 17 343.4343434343434
 189 348.4848484848484
 106 353.5353535353535
 22 358.5858585858585
 1 363.6363636363636
 37 368.6868686868686
 28 373.7373737373737
 37 378.7878787878788
 1 383.8383838383838
 1 388.8888888888889
 289 393.9393939393939
 43 398.989898989899
 67 404.040404040404
 183 409.0909090909091
 153 414.1414141414141
 525 419.1919191919192
 15 424.2424242424242
 226 429.2929292929293
 169 434.3434343434343
 2 439.3939393939394
 45 444.4444444444444
 66 449.4949494949495
 50 454.5454545454545
 0 459.5959595959596
 0 464.6464646464646
 1 469.6969696969697
 1 474.7474747474747
 1 479.7979797979798
 19 484.8484848484848
 11 489.8989898989898
 64 494.9494949494949
 0 500


