# Created by Octave 3.8.2, Mon Jun 22 02:04:05 2020 CEST <damian@fptrucha.inv.usc.es>
# name: hd
# type: matrix
# rows: 100
# columns: 2
 1 0
 5 5.05050505050505
 5 10.1010101010101
 266 15.15151515151515
 2 20.2020202020202
 0 25.25252525252525
 152 30.3030303030303
 486 35.35353535353535
 528 40.4040404040404
 306 45.45454545454545
 124 50.50505050505051
 62 55.55555555555555
 0 60.6060606060606
 286 65.65656565656565
 196 70.7070707070707
 519 75.75757575757575
 2 80.8080808080808
 0 85.85858585858585
 58 90.90909090909091
 4 95.95959595959596
 3 101.010101010101
 190 106.060606060606
 189 111.1111111111111
 381 116.1616161616162
 202 121.2121212121212
 86 126.2626262626263
 1 131.3131313131313
 1 136.3636363636363
 57 141.4141414141414
 80 146.4646464646464
 408 151.5151515151515
 231 156.5656565656566
 1 161.6161616161616
 1 166.6666666666667
 69 171.7171717171717
 38 176.7676767676768
 2 181.8181818181818
 0 186.8686868686869
 183 191.9191919191919
 242 196.969696969697
 51 202.020202020202
 87 207.070707070707
 160 212.1212121212121
 71 217.1717171717171
 101 222.2222222222222
 245 227.2727272727273
 126 232.3232323232323
 0 237.3737373737374
 23 242.4242424242424
 126 247.4747474747475
 18 252.5252525252525
 106 257.5757575757576
 121 262.6262626262626
 39 267.6767676767677
 274 272.7272727272727
 150 277.7777777777778
 411 282.8282828282828
 214 287.8787878787879
 1 292.9292929292929
 1 297.979797979798
 1 303.030303030303
 227 308.0808080808081
 19 313.1313131313131
 38 318.1818181818182
 38 323.2323232323232
 44 328.2828282828282
 150 333.3333333333333
 79 338.3838383838383
 23 343.4343434343434
 197 348.4848484848484
 97 353.5353535353535
 25 358.5858585858585
 1 363.6363636363636
 44 368.6868686868686
 30 373.7373737373737
 35 378.7878787878788
 2 383.8383838383838
 1 388.8888888888889
 270 393.9393939393939
 65 398.989898989899
 55 404.040404040404
 147 409.0909090909091
 146 414.1414141414141
 578 419.1919191919192
 28 424.2424242424242
 226 429.2929292929293
 159 434.3434343434343
 5 439.3939393939394
 54 444.4444444444444
 81 449.4949494949495
 56 454.5454545454545
 2 459.5959595959596
 1 464.6464646464646
 0 469.6969696969697
 3 474.7474747474747
 1 479.7979797979798
 23 484.8484848484848
 22 489.8989898989898
 69 494.9494949494949
 0 500


