# Created by Octave 3.8.2, Sat Jun 20 05:00:19 2020 CEST <damian@fptrucha.inv.usc.es>
# name: hd
# type: matrix
# rows: 100
# columns: 2
 2 0
 1 5.05050505050505
 0 10.1010101010101
 295 15.15151515151515
 4 20.2020202020202
 1 25.25252525252525
 169 30.3030303030303
 541 35.35353535353535
 658 40.4040404040404
 284 45.45454545454545
 153 50.50505050505051
 60 55.55555555555555
 0 60.6060606060606
 312 65.65656565656565
 206 70.7070707070707
 581 75.75757575757575
 1 80.8080808080808
 0 85.85858585858585
 67 90.90909090909091
 4 95.95959595959596
 4 101.010101010101
 203 106.060606060606
 215 111.1111111111111
 462 116.1616161616162
 192 121.2121212121212
 83 126.2626262626263
 2 131.3131313131313
 1 136.3636363636363
 84 141.4141414141414
 106 146.4646464646464
 547 151.5151515151515
 294 156.5656565656566
 0 161.6161616161616
 2 166.6666666666667
 87 171.7171717171717
 32 176.7676767676768
 1 181.8181818181818
 0 186.8686868686869
 171 191.9191919191919
 269 196.969696969697
 46 202.020202020202
 97 207.070707070707
 216 212.1212121212121
 66 217.1717171717171
 116 222.2222222222222
 260 227.2727272727273
 155 232.3232323232323
 1 237.3737373737374
 26 242.4242424242424
 108 247.4747474747475
 25 252.5252525252525
 148 257.5757575757576
 145 262.6262626262626
 37 267.6767676767677
 275 272.7272727272727
 160 277.7777777777778
 491 282.8282828282828
 207 287.8787878787879
 0 292.9292929292929
 1 297.979797979798
 0 303.030303030303
 235 308.0808080808081
 31 313.1313131313131
 37 318.1818181818182
 31 323.2323232323232
 42 328.2828282828282
 161 333.3333333333333
 69 338.3838383838383
 13 343.4343434343434
 174 348.4848484848484
 113 353.5353535353535
 34 358.5858585858585
 0 363.6363636363636
 54 368.6868686868686
 44 373.7373737373737
 38 378.7878787878788
 0 383.8383838383838
 1 388.8888888888889
 301 393.9393939393939
 49 398.989898989899
 56 404.040404040404
 186 409.0909090909091
 145 414.1414141414141
 599 419.1919191919192
 19 424.2424242424242
 231 429.2929292929293
 175 434.3434343434343
 9 439.3939393939394
 54 444.4444444444444
 70 449.4949494949495
 66 454.5454545454545
 0 459.5959595959596
 0 464.6464646464646
 0 469.6969696969697
 1 474.7474747474747
 0 479.7979797979798
 24 484.8484848484848
 23 489.8989898989898
 85 494.9494949494949
 0 500


