# Created by Octave 3.8.2, Mon Jun 22 01:21:06 2020 CEST <damian@fptrucha.inv.usc.es>
# name: hd
# type: matrix
# rows: 100
# columns: 2
 1 0
 3 5.05050505050505
 1 10.1010101010101
 273 15.15151515151515
 3 20.2020202020202
 1 25.25252525252525
 136 30.3030303030303
 506 35.35353535353535
 563 40.4040404040404
 303 45.45454545454545
 115 50.50505050505051
 74 55.55555555555555
 2 60.6060606060606
 239 65.65656565656565
 188 70.7070707070707
 554 75.75757575757575
 1 80.8080808080808
 1 85.85858585858585
 69 90.90909090909091
 3 95.95959595959596
 1 101.010101010101
 182 106.060606060606
 161 111.1111111111111
 369 116.1616161616162
 192 121.2121212121212
 107 126.2626262626263
 0 131.3131313131313
 2 136.3636363636363
 65 141.4141414141414
 98 146.4646464646464
 420 151.5151515151515
 253 156.5656565656566
 0 161.6161616161616
 0 166.6666666666667
 91 171.7171717171717
 38 176.7676767676768
 0 181.8181818181818
 1 186.8686868686869
 203 191.9191919191919
 274 196.969696969697
 47 202.020202020202
 70 207.070707070707
 192 212.1212121212121
 77 217.1717171717171
 119 222.2222222222222
 207 227.2727272727273
 123 232.3232323232323
 0 237.3737373737374
 17 242.4242424242424
 135 247.4747474747475
 18 252.5252525252525
 123 257.5757575757576
 128 262.6262626262626
 16 267.6767676767677
 241 272.7272727272727
 150 277.7777777777778
 461 282.8282828282828
 199 287.8787878787879
 0 292.9292929292929
 0 297.979797979798
 0 303.030303030303
 207 308.0808080808081
 24 313.1313131313131
 45 318.1818181818182
 40 323.2323232323232
 36 328.2828282828282
 173 333.3333333333333
 60 338.3838383838383
 16 343.4343434343434
 212 348.4848484848484
 103 353.5353535353535
 29 358.5858585858585
 1 363.6363636363636
 43 368.6868686868686
 24 373.7373737373737
 35 378.7878787878788
 0 383.8383838383838
 2 388.8888888888889
 318 393.9393939393939
 52 398.989898989899
 60 404.040404040404
 188 409.0909090909091
 157 414.1414141414141
 588 419.1919191919192
 22 424.2424242424242
 208 429.2929292929293
 139 434.3434343434343
 1 439.3939393939394
 61 444.4444444444444
 76 449.4949494949495
 59 454.5454545454545
 0 459.5959595959596
 1 464.6464646464646
 1 469.6969696969697
 0 474.7474747474747
 1 479.7979797979798
 25 484.8484848484848
 16 489.8989898989898
 69 494.9494949494949
 0 500


