# Created by Octave 3.8.2, Mon Jun 22 00:45:07 2020 CEST <damian@fptrucha.inv.usc.es>
# name: hd
# type: matrix
# rows: 100
# columns: 2
 0 0
 4 5.05050505050505
 0 10.1010101010101
 267 15.15151515151515
 2 20.2020202020202
 1 25.25252525252525
 152 30.3030303030303
 538 35.35353535353535
 592 40.4040404040404
 326 45.45454545454545
 124 50.50505050505051
 68 55.55555555555555
 2 60.6060606060606
 303 65.65656565656565
 211 70.7070707070707
 575 75.75757575757575
 1 80.8080808080808
 0 85.85858585858585
 64 90.90909090909091
 2 95.95959595959596
 2 101.010101010101
 190 106.060606060606
 188 111.1111111111111
 399 116.1616161616162
 202 121.2121212121212
 87 126.2626262626263
 1 131.3131313131313
 1 136.3636363636363
 64 141.4141414141414
 96 146.4646464646464
 433 151.5151515151515
 258 156.5656565656566
 0 161.6161616161616
 1 166.6666666666667
 59 171.7171717171717
 47 176.7676767676768
 0 181.8181818181818
 1 186.8686868686869
 197 191.9191919191919
 253 196.969696969697
 46 202.020202020202
 87 207.070707070707
 190 212.1212121212121
 67 217.1717171717171
 99 222.2222222222222
 214 227.2727272727273
 127 232.3232323232323
 3 237.3737373737374
 14 242.4242424242424
 137 247.4747474747475
 15 252.5252525252525
 111 257.5757575757576
 145 262.6262626262626
 37 267.6767676767677
 226 272.7272727272727
 147 277.7777777777778
 447 282.8282828282828
 175 287.8787878787879
 0 292.9292929292929
 0 297.979797979798
 0 303.030303030303
 214 308.0808080808081
 22 313.1313131313131
 42 318.1818181818182
 23 323.2323232323232
 30 328.2828282828282
 167 333.3333333333333
 59 338.3838383838383
 26 343.4343434343434
 170 348.4848484848484
 102 353.5353535353535
 28 358.5858585858585
 1 363.6363636363636
 39 368.6868686868686
 37 373.7373737373737
 40 378.7878787878788
 1 383.8383838383838
 0 388.8888888888889
 306 393.9393939393939
 56 398.989898989899
 54 404.040404040404
 165 409.0909090909091
 143 414.1414141414141
 547 419.1919191919192
 15 424.2424242424242
 236 429.2929292929293
 178 434.3434343434343
 4 439.3939393939394
 52 444.4444444444444
 67 449.4949494949495
 48 454.5454545454545
 0 459.5959595959596
 0 464.6464646464646
 0 469.6969696969697
 1 474.7474747474747
 1 479.7979797979798
 13 484.8484848484848
 25 489.8989898989898
 80 494.9494949494949
 0 500


