# Created by Octave 3.8.2, Sat Jun 20 11:36:30 2020 CEST <damian@fptrucha.inv.usc.es>
# name: hd
# type: matrix
# rows: 100
# columns: 2
 2 0
 5 5.05050505050505
 1 10.1010101010101
 304 15.15151515151515
 4 20.2020202020202
 0 25.25252525252525
 165 30.3030303030303
 616 35.35353535353535
 702 40.4040404040404
 329 45.45454545454545
 117 50.50505050505051
 79 55.55555555555555
 2 60.6060606060606
 283 65.65656565656565
 205 70.7070707070707
 620 75.75757575757575
 1 80.8080808080808
 2 85.85858585858585
 62 90.90909090909091
 4 95.95959595959596
 2 101.010101010101
 186 106.060606060606
 218 111.1111111111111
 415 116.1616161616162
 227 121.2121212121212
 100 126.2626262626263
 0 131.3131313131313
 1 136.3636363636363
 79 141.4141414141414
 105 146.4646464646464
 495 151.5151515151515
 263 156.5656565656566
 7 161.6161616161616
 0 166.6666666666667
 78 171.7171717171717
 29 176.7676767676768
 0 181.8181818181818
 1 186.8686868686869
 200 191.9191919191919
 273 196.969696969697
 45 202.020202020202
 98 207.070707070707
 208 212.1212121212121
 66 217.1717171717171
 127 222.2222222222222
 265 227.2727272727273
 156 232.3232323232323
 2 237.3737373737374
 21 242.4242424242424
 129 247.4747474747475
 21 252.5252525252525
 115 257.5757575757576
 166 262.6262626262626
 40 267.6767676767677
 256 272.7272727272727
 159 277.7777777777778
 477 282.8282828282828
 200 287.8787878787879
 2 292.9292929292929
 0 297.979797979798
 0 303.030303030303
 221 308.0808080808081
 21 313.1313131313131
 48 318.1818181818182
 29 323.2323232323232
 50 328.2828282828282
 176 333.3333333333333
 73 338.3838383838383
 23 343.4343434343434
 191 348.4848484848484
 104 353.5353535353535
 37 358.5858585858585
 1 363.6363636363636
 59 368.6868686868686
 39 373.7373737373737
 44 378.7878787878788
 1 383.8383838383838
 1 388.8888888888889
 316 393.9393939393939
 51 398.989898989899
 71 404.040404040404
 163 409.0909090909091
 154 414.1414141414141
 603 419.1919191919192
 24 424.2424242424242
 266 429.2929292929293
 210 434.3434343434343
 7 439.3939393939394
 50 444.4444444444444
 89 449.4949494949495
 82 454.5454545454545
 0 459.5959595959596
 0 464.6464646464646
 0 469.6969696969697
 0 474.7474747474747
 4 479.7979797979798
 21 484.8484848484848
 24 489.8989898989898
 60 494.9494949494949
 0 500


