# Created by Octave 3.8.2, Sun Jun 21 00:07:43 2020 CEST <damian@fptrucha.inv.usc.es>
# name: hd
# type: matrix
# rows: 100
# columns: 2
 5 0
 2 5.05050505050505
 1 10.1010101010101
 245 15.15151515151515
 2 20.2020202020202
 2 25.25252525252525
 178 30.3030303030303
 496 35.35353535353535
 554 40.4040404040404
 286 45.45454545454545
 114 50.50505050505051
 66 55.55555555555555
 1 60.6060606060606
 257 65.65656565656565
 179 70.7070707070707
 569 75.75757575757575
 3 80.8080808080808
 2 85.85858585858585
 57 90.90909090909091
 4 95.95959595959596
 1 101.010101010101
 167 106.060606060606
 183 111.1111111111111
 389 116.1616161616162
 216 121.2121212121212
 92 126.2626262626263
 0 131.3131313131313
 0 136.3636363636363
 73 141.4141414141414
 80 146.4646464646464
 463 151.5151515151515
 259 156.5656565656566
 2 161.6161616161616
 0 166.6666666666667
 65 171.7171717171717
 27 176.7676767676768
 0 181.8181818181818
 1 186.8686868686869
 185 191.9191919191919
 254 196.969696969697
 39 202.020202020202
 96 207.070707070707
 189 212.1212121212121
 46 217.1717171717171
 85 222.2222222222222
 221 227.2727272727273
 138 232.3232323232323
 0 237.3737373737374
 24 242.4242424242424
 132 247.4747474747475
 23 252.5252525252525
 96 257.5757575757576
 135 262.6262626262626
 31 267.6767676767677
 222 272.7272727272727
 153 277.7777777777778
 461 282.8282828282828
 217 287.8787878787879
 3 292.9292929292929
 0 297.979797979798
 1 303.030303030303
 172 308.0808080808081
 17 313.1313131313131
 38 318.1818181818182
 39 323.2323232323232
 36 328.2828282828282
 155 333.3333333333333
 64 338.3838383838383
 14 343.4343434343434
 168 348.4848484848484
 81 353.5353535353535
 28 358.5858585858585
 2 363.6363636363636
 47 368.6868686868686
 43 373.7373737373737
 36 378.7878787878788
 0 383.8383838383838
 1 388.8888888888889
 298 393.9393939393939
 60 398.989898989899
 70 404.040404040404
 169 409.0909090909091
 142 414.1414141414141
 562 419.1919191919192
 23 424.2424242424242
 210 429.2929292929293
 176 434.3434343434343
 4 439.3939393939394
 46 444.4444444444444
 68 449.4949494949495
 47 454.5454545454545
 0 459.5959595959596
 3 464.6464646464646
 0 469.6969696969697
 0 474.7474747474747
 1 479.7979797979798
 13 484.8484848484848
 17 489.8989898989898
 68 494.9494949494949
 0 500


