# Created by Octave 3.8.2, Mon Jun 22 11:27:56 2020 CEST <damian@fptrucha.inv.usc.es>
# name: hd
# type: matrix
# rows: 100
# columns: 2
 2 0
 4 5.05050505050505
 1 10.1010101010101
 306 15.15151515151515
 2 20.2020202020202
 1 25.25252525252525
 169 30.3030303030303
 530 35.35353535353535
 543 40.4040404040404
 324 45.45454545454545
 116 50.50505050505051
 63 55.55555555555555
 5 60.6060606060606
 270 65.65656565656565
 211 70.7070707070707
 545 75.75757575757575
 3 80.8080808080808
 2 85.85858585858585
 70 90.90909090909091
 6 95.95959595959596
 8 101.010101010101
 206 106.060606060606
 175 111.1111111111111
 377 116.1616161616162
 184 121.2121212121212
 83 126.2626262626263
 1 131.3131313131313
 2 136.3636363636363
 64 141.4141414141414
 85 146.4646464646464
 465 151.5151515151515
 254 156.5656565656566
 2 161.6161616161616
 0 166.6666666666667
 79 171.7171717171717
 21 176.7676767676768
 0 181.8181818181818
 2 186.8686868686869
 176 191.9191919191919
 277 196.969696969697
 46 202.020202020202
 97 207.070707070707
 180 212.1212121212121
 72 217.1717171717171
 99 222.2222222222222
 225 227.2727272727273
 155 232.3232323232323
 0 237.3737373737374
 32 242.4242424242424
 134 247.4747474747475
 29 252.5252525252525
 117 257.5757575757576
 124 262.6262626262626
 49 267.6767676767677
 253 272.7272727272727
 131 277.7777777777778
 434 282.8282828282828
 197 287.8787878787879
 2 292.9292929292929
 3 297.979797979798
 0 303.030303030303
 236 308.0808080808081
 27 313.1313131313131
 34 318.1818181818182
 26 323.2323232323232
 30 328.2828282828282
 183 333.3333333333333
 72 338.3838383838383
 21 343.4343434343434
 163 348.4848484848484
 89 353.5353535353535
 33 358.5858585858585
 3 363.6363636363636
 40 368.6868686868686
 34 373.7373737373737
 32 378.7878787878788
 2 383.8383838383838
 0 388.8888888888889
 298 393.9393939393939
 69 398.989898989899
 58 404.040404040404
 145 409.0909090909091
 154 414.1414141414141
 514 419.1919191919192
 21 424.2424242424242
 256 429.2929292929293
 187 434.3434343434343
 3 439.3939393939394
 64 444.4444444444444
 65 449.4949494949495
 48 454.5454545454545
 2 459.5959595959596
 3 464.6464646464646
 0 469.6969696969697
 2 474.7474747474747
 1 479.7979797979798
 19 484.8484848484848
 21 489.8989898989898
 77 494.9494949494949
 0 500


