# Created by Octave 3.8.2, Sat Jun 20 20:17:48 2020 CEST <damian@fptrucha.inv.usc.es>
# name: hd
# type: matrix
# rows: 100
# columns: 2
 1 0
 3 5.05050505050505
 2 10.1010101010101
 289 15.15151515151515
 3 20.2020202020202
 0 25.25252525252525
 169 30.3030303030303
 537 35.35353535353535
 601 40.4040404040404
 309 45.45454545454545
 139 50.50505050505051
 72 55.55555555555555
 0 60.6060606060606
 284 65.65656565656565
 198 70.7070707070707
 550 75.75757575757575
 2 80.8080808080808
 2 85.85858585858585
 58 90.90909090909091
 2 95.95959595959596
 2 101.010101010101
 192 106.060606060606
 173 111.1111111111111
 394 116.1616161616162
 200 121.2121212121212
 85 126.2626262626263
 0 131.3131313131313
 2 136.3636363636363
 60 141.4141414141414
 86 146.4646464646464
 446 151.5151515151515
 270 156.5656565656566
 3 161.6161616161616
 0 166.6666666666667
 59 171.7171717171717
 34 176.7676767676768
 2 181.8181818181818
 1 186.8686868686869
 176 191.9191919191919
 277 196.969696969697
 38 202.020202020202
 84 207.070707070707
 196 212.1212121212121
 73 217.1717171717171
 106 222.2222222222222
 243 227.2727272727273
 138 232.3232323232323
 0 237.3737373737374
 17 242.4242424242424
 170 247.4747474747475
 16 252.5252525252525
 102 257.5757575757576
 153 262.6262626262626
 43 267.6767676767677
 268 272.7272727272727
 147 277.7777777777778
 436 282.8282828282828
 205 287.8787878787879
 1 292.9292929292929
 0 297.979797979798
 0 303.030303030303
 202 308.0808080808081
 29 313.1313131313131
 43 318.1818181818182
 34 323.2323232323232
 39 328.2828282828282
 149 333.3333333333333
 62 338.3838383838383
 11 343.4343434343434
 197 348.4848484848484
 102 353.5353535353535
 29 358.5858585858585
 2 363.6363636363636
 61 368.6868686868686
 36 373.7373737373737
 36 378.7878787878788
 0 383.8383838383838
 0 388.8888888888889
 271 393.9393939393939
 47 398.989898989899
 72 404.040404040404
 175 409.0909090909091
 143 414.1414141414141
 558 419.1919191919192
 26 424.2424242424242
 218 429.2929292929293
 156 434.3434343434343
 1 439.3939393939394
 53 444.4444444444444
 84 449.4949494949495
 50 454.5454545454545
 0 459.5959595959596
 0 464.6464646464646
 0 469.6969696969697
 0 474.7474747474747
 1 479.7979797979798
 19 484.8484848484848
 19 489.8989898989898
 52 494.9494949494949
 0 500


