# Created by Octave 3.8.2, Mon Jun 22 07:32:27 2020 CEST <damian@fptrucha.inv.usc.es>
# name: hd
# type: matrix
# rows: 100
# columns: 2
 2 0
 5 5.05050505050505
 1 10.1010101010101
 285 15.15151515151515
 4 20.2020202020202
 3 25.25252525252525
 168 30.3030303030303
 487 35.35353535353535
 555 40.4040404040404
 300 45.45454545454545
 108 50.50505050505051
 67 55.55555555555555
 3 60.6060606060606
 306 65.65656565656565
 197 70.7070707070707
 551 75.75757575757575
 4 80.8080808080808
 3 85.85858585858585
 47 90.90909090909091
 3 95.95959595959596
 6 101.010101010101
 180 106.060606060606
 158 111.1111111111111
 376 116.1616161616162
 190 121.2121212121212
 79 126.2626262626263
 2 131.3131313131313
 3 136.3636363636363
 69 141.4141414141414
 94 146.4646464646464
 422 151.5151515151515
 258 156.5656565656566
 4 161.6161616161616
 0 166.6666666666667
 61 171.7171717171717
 28 176.7676767676768
 2 181.8181818181818
 1 186.8686868686869
 194 191.9191919191919
 238 196.969696969697
 42 202.020202020202
 83 207.070707070707
 174 212.1212121212121
 64 217.1717171717171
 89 222.2222222222222
 220 227.2727272727273
 130 232.3232323232323
 1 237.3737373737374
 26 242.4242424242424
 115 247.4747474747475
 20 252.5252525252525
 121 257.5757575757576
 98 262.6262626262626
 33 267.6767676767677
 234 272.7272727272727
 140 277.7777777777778
 401 282.8282828282828
 209 287.8787878787879
 4 292.9292929292929
 2 297.979797979798
 1 303.030303030303
 200 308.0808080808081
 18 313.1313131313131
 32 318.1818181818182
 25 323.2323232323232
 42 328.2828282828282
 161 333.3333333333333
 62 338.3838383838383
 21 343.4343434343434
 186 348.4848484848484
 108 353.5353535353535
 31 358.5858585858585
 4 363.6363636363636
 43 368.6868686868686
 41 373.7373737373737
 39 378.7878787878788
 1 383.8383838383838
 0 388.8888888888889
 304 393.9393939393939
 63 398.989898989899
 62 404.040404040404
 136 409.0909090909091
 134 414.1414141414141
 532 419.1919191919192
 26 424.2424242424242
 241 429.2929292929293
 159 434.3434343434343
 5 439.3939393939394
 71 444.4444444444444
 74 449.4949494949495
 56 454.5454545454545
 0 459.5959595959596
 0 464.6464646464646
 0 469.6969696969697
 4 474.7474747474747
 3 479.7979797979798
 22 484.8484848484848
 25 489.8989898989898
 61 494.9494949494949
 0 500


