# Created by Octave 3.8.2, Mon Jun 22 08:19:33 2020 CEST <damian@fptrucha.inv.usc.es>
# name: hd
# type: matrix
# rows: 100
# columns: 2
 2 0
 6 5.05050505050505
 1 10.1010101010101
 270 15.15151515151515
 1 20.2020202020202
 1 25.25252525252525
 151 30.3030303030303
 504 35.35353535353535
 572 40.4040404040404
 327 45.45454545454545
 127 50.50505050505051
 67 55.55555555555555
 2 60.6060606060606
 285 65.65656565656565
 239 70.7070707070707
 514 75.75757575757575
 1 80.8080808080808
 0 85.85858585858585
 84 90.90909090909091
 5 95.95959595959596
 6 101.010101010101
 185 106.060606060606
 145 111.1111111111111
 390 116.1616161616162
 172 121.2121212121212
 96 126.2626262626263
 1 131.3131313131313
 3 136.3636363636363
 61 141.4141414141414
 76 146.4646464646464
 429 151.5151515151515
 224 156.5656565656566
 3 161.6161616161616
 3 166.6666666666667
 70 171.7171717171717
 29 176.7676767676768
 0 181.8181818181818
 2 186.8686868686869
 174 191.9191919191919
 245 196.969696969697
 58 202.020202020202
 90 207.070707070707
 188 212.1212121212121
 54 217.1717171717171
 103 222.2222222222222
 233 227.2727272727273
 139 232.3232323232323
 1 237.3737373737374
 21 242.4242424242424
 124 247.4747474747475
 26 252.5252525252525
 116 257.5757575757576
 121 262.6262626262626
 32 267.6767676767677
 249 272.7272727272727
 147 277.7777777777778
 442 282.8282828282828
 199 287.8787878787879
 2 292.9292929292929
 3 297.979797979798
 2 303.030303030303
 213 308.0808080808081
 19 313.1313131313131
 43 318.1818181818182
 32 323.2323232323232
 33 328.2828282828282
 161 333.3333333333333
 61 338.3838383838383
 18 343.4343434343434
 168 348.4848484848484
 85 353.5353535353535
 29 358.5858585858585
 2 363.6363636363636
 47 368.6868686868686
 36 373.7373737373737
 37 378.7878787878788
 2 383.8383838383838
 0 388.8888888888889
 293 393.9393939393939
 72 398.989898989899
 64 404.040404040404
 156 409.0909090909091
 136 414.1414141414141
 547 419.1919191919192
 26 424.2424242424242
 221 429.2929292929293
 201 434.3434343434343
 5 439.3939393939394
 64 444.4444444444444
 89 449.4949494949495
 55 454.5454545454545
 0 459.5959595959596
 0 464.6464646464646
 0 469.6969696969697
 2 474.7474747474747
 0 479.7979797979798
 22 484.8484848484848
 22 489.8989898989898
 68 494.9494949494949
 0 500


