# Created by Octave 3.8.2, Sat Jun 20 21:13:24 2020 CEST <damian@fptrucha.inv.usc.es>
# name: hd
# type: matrix
# rows: 100
# columns: 2
 3 0
 2 5.05050505050505
 1 10.1010101010101
 270 15.15151515151515
 1 20.2020202020202
 1 25.25252525252525
 147 30.3030303030303
 491 35.35353535353535
 590 40.4040404040404
 313 45.45454545454545
 125 50.50505050505051
 70 55.55555555555555
 0 60.6060606060606
 233 65.65656565656565
 193 70.7070707070707
 559 75.75757575757575
 0 80.8080808080808
 1 85.85858585858585
 56 90.90909090909091
 3 95.95959595959596
 0 101.010101010101
 179 106.060606060606
 171 111.1111111111111
 377 116.1616161616162
 202 121.2121212121212
 94 126.2626262626263
 0 131.3131313131313
 1 136.3636363636363
 58 141.4141414141414
 74 146.4646464646464
 447 151.5151515151515
 253 156.5656565656566
 3 161.6161616161616
 0 166.6666666666667
 74 171.7171717171717
 31 176.7676767676768
 0 181.8181818181818
 0 186.8686868686869
 166 191.9191919191919
 250 196.969696969697
 43 202.020202020202
 84 207.070707070707
 187 212.1212121212121
 75 217.1717171717171
 97 222.2222222222222
 209 227.2727272727273
 151 232.3232323232323
 0 237.3737373737374
 22 242.4242424242424
 144 247.4747474747475
 11 252.5252525252525
 120 257.5757575757576
 141 262.6262626262626
 34 267.6767676767677
 236 272.7272727272727
 162 277.7777777777778
 404 282.8282828282828
 192 287.8787878787879
 1 292.9292929292929
 1 297.979797979798
 0 303.030303030303
 201 308.0808080808081
 13 313.1313131313131
 43 318.1818181818182
 38 323.2323232323232
 44 328.2828282828282
 194 333.3333333333333
 61 338.3838383838383
 18 343.4343434343434
 188 348.4848484848484
 90 353.5353535353535
 29 358.5858585858585
 1 363.6363636363636
 43 368.6868686868686
 40 373.7373737373737
 41 378.7878787878788
 0 383.8383838383838
 0 388.8888888888889
 301 393.9393939393939
 42 398.989898989899
 62 404.040404040404
 160 409.0909090909091
 158 414.1414141414141
 558 419.1919191919192
 7 424.2424242424242
 242 429.2929292929293
 180 434.3434343434343
 3 439.3939393939394
 53 444.4444444444444
 87 449.4949494949495
 48 454.5454545454545
 0 459.5959595959596
 2 464.6464646464646
 1 469.6969696969697
 2 474.7474747474747
 0 479.7979797979798
 18 484.8484848484848
 27 489.8989898989898
 76 494.9494949494949
 0 500


