# Created by Octave 3.8.2, Sat Jun 20 08:19:16 2020 CEST <damian@fptrucha.inv.usc.es>
# name: hd
# type: matrix
# rows: 100
# columns: 2
 2 0
 3 5.05050505050505
 2 10.1010101010101
 288 15.15151515151515
 4 20.2020202020202
 0 25.25252525252525
 175 30.3030303030303
 604 35.35353535353535
 699 40.4040404040404
 325 45.45454545454545
 150 50.50505050505051
 81 55.55555555555555
 2 60.6060606060606
 322 65.65656565656565
 216 70.7070707070707
 644 75.75757575757575
 1 80.8080808080808
 3 85.85858585858585
 78 90.90909090909091
 3 95.95959595959596
 2 101.010101010101
 191 106.060606060606
 188 111.1111111111111
 457 116.1616161616162
 251 121.2121212121212
 87 126.2626262626263
 0 131.3131313131313
 2 136.3636363636363
 70 141.4141414141414
 129 146.4646464646464
 495 151.5151515151515
 297 156.5656565656566
 2 161.6161616161616
 0 166.6666666666667
 83 171.7171717171717
 38 176.7676767676768
 0 181.8181818181818
 0 186.8686868686869
 222 191.9191919191919
 297 196.969696969697
 65 202.020202020202
 123 207.070707070707
 216 212.1212121212121
 80 217.1717171717171
 149 222.2222222222222
 260 227.2727272727273
 168 232.3232323232323
 0 237.3737373737374
 24 242.4242424242424
 150 247.4747474747475
 26 252.5252525252525
 139 257.5757575757576
 155 262.6262626262626
 47 267.6767676767677
 310 272.7272727272727
 152 277.7777777777778
 474 282.8282828282828
 238 287.8787878787879
 3 292.9292929292929
 3 297.979797979798
 0 303.030303030303
 229 308.0808080808081
 17 313.1313131313131
 50 318.1818181818182
 39 323.2323232323232
 55 328.2828282828282
 184 333.3333333333333
 71 338.3838383838383
 31 343.4343434343434
 203 348.4848484848484
 125 353.5353535353535
 43 358.5858585858585
 2 363.6363636363636
 47 368.6868686868686
 39 373.7373737373737
 32 378.7878787878788
 0 383.8383838383838
 0 388.8888888888889
 366 393.9393939393939
 63 398.989898989899
 90 404.040404040404
 202 409.0909090909091
 161 414.1414141414141
 613 419.1919191919192
 22 424.2424242424242
 289 429.2929292929293
 225 434.3434343434343
 3 439.3939393939394
 62 444.4444444444444
 98 449.4949494949495
 76 454.5454545454545
 1 459.5959595959596
 1 464.6464646464646
 0 469.6969696969697
 1 474.7474747474747
 2 479.7979797979798
 24 484.8484848484848
 23 489.8989898989898
 85 494.9494949494949
 0 500


