# Created by Octave 3.8.2, Mon Jun 22 04:26:14 2020 CEST <damian@fptrucha.inv.usc.es>
# name: hd
# type: matrix
# rows: 100
# columns: 2
 4 0
 2 5.05050505050505
 3 10.1010101010101
 252 15.15151515151515
 1 20.2020202020202
 0 25.25252525252525
 133 30.3030303030303
 429 35.35353535353535
 520 40.4040404040404
 266 45.45454545454545
 120 50.50505050505051
 68 55.55555555555555
 1 60.6060606060606
 252 65.65656565656565
 174 70.7070707070707
 501 75.75757575757575
 2 80.8080808080808
 1 85.85858585858585
 39 90.90909090909091
 7 95.95959595959596
 5 101.010101010101
 190 106.060606060606
 143 111.1111111111111
 335 116.1616161616162
 167 121.2121212121212
 77 126.2626262626263
 1 131.3131313131313
 3 136.3636363636363
 60 141.4141414141414
 96 146.4646464646464
 365 151.5151515151515
 206 156.5656565656566
 3 161.6161616161616
 1 166.6666666666667
 69 171.7171717171717
 31 176.7676767676768
 1 181.8181818181818
 1 186.8686868686869
 178 191.9191919191919
 243 196.969696969697
 50 202.020202020202
 91 207.070707070707
 154 212.1212121212121
 58 217.1717171717171
 96 222.2222222222222
 222 227.2727272727273
 126 232.3232323232323
 1 237.3737373737374
 30 242.4242424242424
 131 247.4747474747475
 20 252.5252525252525
 81 257.5757575757576
 124 262.6262626262626
 33 267.6767676767677
 252 272.7272727272727
 124 277.7777777777778
 449 282.8282828282828
 213 287.8787878787879
 1 292.9292929292929
 1 297.979797979798
 1 303.030303030303
 202 308.0808080808081
 32 313.1313131313131
 29 318.1818181818182
 22 323.2323232323232
 39 328.2828282828282
 173 333.3333333333333
 69 338.3838383838383
 23 343.4343434343434
 175 348.4848484848484
 98 353.5353535353535
 30 358.5858585858585
 1 363.6363636363636
 41 368.6868686868686
 28 373.7373737373737
 30 378.7878787878788
 0 383.8383838383838
 1 388.8888888888889
 272 393.9393939393939
 54 398.989898989899
 43 404.040404040404
 146 409.0909090909091
 130 414.1414141414141
 506 419.1919191919192
 11 424.2424242424242
 214 429.2929292929293
 168 434.3434343434343
 5 439.3939393939394
 55 444.4444444444444
 57 449.4949494949495
 47 454.5454545454545
 0 459.5959595959596
 1 464.6464646464646
 2 469.6969696969697
 1 474.7474747474747
 0 479.7979797979798
 17 484.8484848484848
 19 489.8989898989898
 57 494.9494949494949
 0 500


