# Created by Octave 3.8.2, Mon Jun 22 12:35:35 2020 CEST <damian@fptrucha.inv.usc.es>
# name: hd
# type: matrix
# rows: 100
# columns: 2
 1 0
 5 5.05050505050505
 3 10.1010101010101
 316 15.15151515151515
 5 20.2020202020202
 1 25.25252525252525
 173 30.3030303030303
 560 35.35353535353535
 615 40.4040404040404
 342 45.45454545454545
 130 50.50505050505051
 56 55.55555555555555
 2 60.6060606060606
 257 65.65656565656565
 187 70.7070707070707
 502 75.75757575757575
 3 80.8080808080808
 0 85.85858585858585
 80 90.90909090909091
 5 95.95959595959596
 6 101.010101010101
 198 106.060606060606
 167 111.1111111111111
 381 116.1616161616162
 192 121.2121212121212
 69 126.2626262626263
 1 131.3131313131313
 4 136.3636363636363
 75 141.4141414141414
 106 146.4646464646464
 435 151.5151515151515
 257 156.5656565656566
 2 161.6161616161616
 1 166.6666666666667
 53 171.7171717171717
 32 176.7676767676768
 1 181.8181818181818
 0 186.8686868686869
 183 191.9191919191919
 255 196.969696969697
 44 202.020202020202
 101 207.070707070707
 187 212.1212121212121
 68 217.1717171717171
 108 222.2222222222222
 234 227.2727272727273
 151 232.3232323232323
 0 237.3737373737374
 25 242.4242424242424
 129 247.4747474747475
 20 252.5252525252525
 103 257.5757575757576
 119 262.6262626262626
 60 267.6767676767677
 291 272.7272727272727
 130 277.7777777777778
 435 282.8282828282828
 199 287.8787878787879
 0 292.9292929292929
 2 297.979797979798
 2 303.030303030303
 209 308.0808080808081
 25 313.1313131313131
 49 318.1818181818182
 17 323.2323232323232
 31 328.2828282828282
 173 333.3333333333333
 75 338.3838383838383
 32 343.4343434343434
 192 348.4848484848484
 109 353.5353535353535
 28 358.5858585858585
 1 363.6363636363636
 51 368.6868686868686
 31 373.7373737373737
 33 378.7878787878788
 0 383.8383838383838
 0 388.8888888888889
 313 393.9393939393939
 53 398.989898989899
 68 404.040404040404
 200 409.0909090909091
 160 414.1414141414141
 586 419.1919191919192
 18 424.2424242424242
 235 429.2929292929293
 183 434.3434343434343
 2 439.3939393939394
 77 444.4444444444444
 77 449.4949494949495
 40 454.5454545454545
 1 459.5959595959596
 4 464.6464646464646
 0 469.6969696969697
 2 474.7474747474747
 2 479.7979797979798
 17 484.8484848484848
 15 489.8989898989898
 86 494.9494949494949
 0 500


