# Created by Octave 3.8.2, Sun Jun 21 08:12:07 2020 CEST <damian@fptrucha.inv.usc.es>
# name: hd
# type: matrix
# rows: 100
# columns: 2
 0 0
 5 5.05050505050505
 1 10.1010101010101
 288 15.15151515151515
 1 20.2020202020202
 0 25.25252525252525
 135 30.3030303030303
 476 35.35353535353535
 556 40.4040404040404
 298 45.45454545454545
 130 50.50505050505051
 62 55.55555555555555
 1 60.6060606060606
 273 65.65656565656565
 188 70.7070707070707
 538 75.75757575757575
 3 80.8080808080808
 1 85.85858585858585
 58 90.90909090909091
 1 95.95959595959596
 2 101.010101010101
 177 106.060606060606
 177 111.1111111111111
 401 116.1616161616162
 224 121.2121212121212
 75 126.2626262626263
 1 131.3131313131313
 2 136.3636363636363
 72 141.4141414141414
 99 146.4646464646464
 439 151.5151515151515
 262 156.5656565656566
 1 161.6161616161616
 0 166.6666666666667
 75 171.7171717171717
 31 176.7676767676768
 2 181.8181818181818
 0 186.8686868686869
 177 191.9191919191919
 262 196.969696969697
 62 202.020202020202
 91 207.070707070707
 204 212.1212121212121
 61 217.1717171717171
 105 222.2222222222222
 225 227.2727272727273
 124 232.3232323232323
 1 237.3737373737374
 23 242.4242424242424
 120 247.4747474747475
 13 252.5252525252525
 101 257.5757575757576
 174 262.6262626262626
 27 267.6767676767677
 242 272.7272727272727
 133 277.7777777777778
 441 282.8282828282828
 187 287.8787878787879
 0 292.9292929292929
 1 297.979797979798
 0 303.030303030303
 203 308.0808080808081
 18 313.1313131313131
 43 318.1818181818182
 37 323.2323232323232
 38 328.2828282828282
 183 333.3333333333333
 62 338.3838383838383
 17 343.4343434343434
 214 348.4848484848484
 86 353.5353535353535
 26 358.5858585858585
 0 363.6363636363636
 46 368.6868686868686
 32 373.7373737373737
 28 378.7878787878788
 0 383.8383838383838
 0 388.8888888888889
 316 393.9393939393939
 60 398.989898989899
 77 404.040404040404
 154 409.0909090909091
 144 414.1414141414141
 547 419.1919191919192
 19 424.2424242424242
 255 429.2929292929293
 167 434.3434343434343
 3 439.3939393939394
 57 444.4444444444444
 86 449.4949494949495
 54 454.5454545454545
 1 459.5959595959596
 1 464.6464646464646
 1 469.6969696969697
 1 474.7474747474747
 2 479.7979797979798
 27 484.8484848484848
 21 489.8989898989898
 56 494.9494949494949
 0 500


