# Created by Octave 3.8.2, Sun Jun 21 03:54:00 2020 CEST <damian@fptrucha.inv.usc.es>
# name: hd
# type: matrix
# rows: 100
# columns: 2
 1 0
 3 5.05050505050505
 1 10.1010101010101
 261 15.15151515151515
 1 20.2020202020202
 1 25.25252525252525
 148 30.3030303030303
 497 35.35353535353535
 601 40.4040404040404
 310 45.45454545454545
 101 50.50505050505051
 55 55.55555555555555
 1 60.6060606060606
 289 65.65656565656565
 181 70.7070707070707
 573 75.75757575757575
 2 80.8080808080808
 1 85.85858585858585
 44 90.90909090909091
 1 95.95959595959596
 4 101.010101010101
 179 106.060606060606
 188 111.1111111111111
 437 116.1616161616162
 202 121.2121212121212
 89 126.2626262626263
 0 131.3131313131313
 1 136.3636363636363
 72 141.4141414141414
 83 146.4646464646464
 454 151.5151515151515
 263 156.5656565656566
 2 161.6161616161616
 1 166.6666666666667
 66 171.7171717171717
 35 176.7676767676768
 1 181.8181818181818
 2 186.8686868686869
 198 191.9191919191919
 253 196.969696969697
 42 202.020202020202
 74 207.070707070707
 179 212.1212121212121
 61 217.1717171717171
 100 222.2222222222222
 193 227.2727272727273
 127 232.3232323232323
 0 237.3737373737374
 19 242.4242424242424
 132 247.4747474747475
 19 252.5252525252525
 107 257.5757575757576
 134 262.6262626262626
 39 267.6767676767677
 240 272.7272727272727
 136 277.7777777777778
 452 282.8282828282828
 207 287.8787878787879
 0 292.9292929292929
 0 297.979797979798
 2 303.030303030303
 198 308.0808080808081
 22 313.1313131313131
 47 318.1818181818182
 39 323.2323232323232
 39 328.2828282828282
 155 333.3333333333333
 58 338.3838383838383
 21 343.4343434343434
 173 348.4848484848484
 85 353.5353535353535
 27 358.5858585858585
 0 363.6363636363636
 50 368.6868686868686
 49 373.7373737373737
 20 378.7878787878788
 0 383.8383838383838
 1 388.8888888888889
 287 393.9393939393939
 45 398.989898989899
 61 404.040404040404
 175 409.0909090909091
 121 414.1414141414141
 600 419.1919191919192
 18 424.2424242424242
 248 429.2929292929293
 169 434.3434343434343
 1 439.3939393939394
 61 444.4444444444444
 82 449.4949494949495
 50 454.5454545454545
 1 459.5959595959596
 1 464.6464646464646
 0 469.6969696969697
 0 474.7474747474747
 0 479.7979797979798
 16 484.8484848484848
 19 489.8989898989898
 76 494.9494949494949
 0 500


