# Created by Octave 3.8.2, Mon Jun 22 20:22:25 2020 CEST <damian@fptrucha.inv.usc.es>
# name: hd
# type: matrix
# rows: 100
# columns: 2
 1 0
 2 5.05050505050505
 5 10.1010101010101
 282 15.15151515151515
 2 20.2020202020202
 1 25.25252525252525
 155 30.3030303030303
 530 35.35353535353535
 615 40.4040404040404
 318 45.45454545454545
 135 50.50505050505051
 63 55.55555555555555
 1 60.6060606060606
 294 65.65656565656565
 205 70.7070707070707
 561 75.75757575757575
 1 80.8080808080808
 1 85.85858585858585
 62 90.90909090909091
 4 95.95959595959596
 6 101.010101010101
 180 106.060606060606
 162 111.1111111111111
 463 116.1616161616162
 192 121.2121212121212
 85 126.2626262626263
 2 131.3131313131313
 1 136.3636363636363
 64 141.4141414141414
 101 146.4646464646464
 477 151.5151515151515
 258 156.5656565656566
 1 161.6161616161616
 2 166.6666666666667
 80 171.7171717171717
 31 176.7676767676768
 2 181.8181818181818
 2 186.8686868686869
 186 191.9191919191919
 306 196.969696969697
 48 202.020202020202
 99 207.070707070707
 212 212.1212121212121
 60 217.1717171717171
 97 222.2222222222222
 265 227.2727272727273
 143 232.3232323232323
 3 237.3737373737374
 27 242.4242424242424
 136 247.4747474747475
 26 252.5252525252525
 118 257.5757575757576
 110 262.6262626262626
 33 267.6767676767677
 295 272.7272727272727
 135 277.7777777777778
 497 282.8282828282828
 202 287.8787878787879
 0 292.9292929292929
 2 297.979797979798
 0 303.030303030303
 229 308.0808080808081
 25 313.1313131313131
 35 318.1818181818182
 38 323.2323232323232
 34 328.2828282828282
 182 333.3333333333333
 87 338.3838383838383
 14 343.4343434343434
 196 348.4848484848484
 99 353.5353535353535
 28 358.5858585858585
 1 363.6363636363636
 55 368.6868686868686
 32 373.7373737373737
 46 378.7878787878788
 1 383.8383838383838
 2 388.8888888888889
 317 393.9393939393939
 57 398.989898989899
 61 404.040404040404
 170 409.0909090909091
 152 414.1414141414141
 570 419.1919191919192
 35 424.2424242424242
 241 429.2929292929293
 173 434.3434343434343
 6 439.3939393939394
 56 444.4444444444444
 87 449.4949494949495
 44 454.5454545454545
 1 459.5959595959596
 0 464.6464646464646
 4 469.6969696969697
 3 474.7474747474747
 1 479.7979797979798
 25 484.8484848484848
 22 489.8989898989898
 67 494.9494949494949
 0 500


