# Created by Octave 3.8.2, Mon Jun 22 02:52:50 2020 CEST <damian@fptrucha.inv.usc.es>
# name: hd
# type: matrix
# rows: 100
# columns: 2
 3 0
 2 5.05050505050505
 4 10.1010101010101
 258 15.15151515151515
 2 20.2020202020202
 2 25.25252525252525
 140 30.3030303030303
 461 35.35353535353535
 528 40.4040404040404
 273 45.45454545454545
 147 50.50505050505051
 67 55.55555555555555
 7 60.6060606060606
 267 65.65656565656565
 186 70.7070707070707
 511 75.75757575757575
 3 80.8080808080808
 2 85.85858585858585
 46 90.90909090909091
 7 95.95959595959596
 2 101.010101010101
 166 106.060606060606
 155 111.1111111111111
 371 116.1616161616162
 181 121.2121212121212
 75 126.2626262626263
 0 131.3131313131313
 1 136.3636363636363
 72 141.4141414141414
 83 146.4646464646464
 401 151.5151515151515
 227 156.5656565656566
 5 161.6161616161616
 0 166.6666666666667
 67 171.7171717171717
 31 176.7676767676768
 2 181.8181818181818
 1 186.8686868686869
 183 191.9191919191919
 234 196.969696969697
 50 202.020202020202
 100 207.070707070707
 203 212.1212121212121
 39 217.1717171717171
 98 222.2222222222222
 209 227.2727272727273
 120 232.3232323232323
 1 237.3737373737374
 23 242.4242424242424
 139 247.4747474747475
 30 252.5252525252525
 100 257.5757575757576
 112 262.6262626262626
 43 267.6767676767677
 248 272.7272727272727
 132 277.7777777777778
 429 282.8282828282828
 215 287.8787878787879
 2 292.9292929292929
 2 297.979797979798
 0 303.030303030303
 197 308.0808080808081
 24 313.1313131313131
 34 318.1818181818182
 30 323.2323232323232
 49 328.2828282828282
 169 333.3333333333333
 59 338.3838383838383
 15 343.4343434343434
 171 348.4848484848484
 82 353.5353535353535
 27 358.5858585858585
 2 363.6363636363636
 39 368.6868686868686
 29 373.7373737373737
 46 378.7878787878788
 1 383.8383838383838
 0 388.8888888888889
 292 393.9393939393939
 65 398.989898989899
 59 404.040404040404
 187 409.0909090909091
 155 414.1414141414141
 520 419.1919191919192
 21 424.2424242424242
 194 429.2929292929293
 160 434.3434343434343
 4 439.3939393939394
 52 444.4444444444444
 49 449.4949494949495
 54 454.5454545454545
 0 459.5959595959596
 1 464.6464646464646
 1 469.6969696969697
 1 474.7474747474747
 0 479.7979797979798
 13 484.8484848484848
 20 489.8989898989898
 68 494.9494949494949
 0 500


