# Created by Octave 3.8.2, Sat Jun 20 07:20:46 2020 CEST <damian@fptrucha.inv.usc.es>
# name: hd
# type: matrix
# rows: 100
# columns: 2
 0 0
 5 5.05050505050505
 1 10.1010101010101
 317 15.15151515151515
 5 20.2020202020202
 0 25.25252525252525
 183 30.3030303030303
 576 35.35353535353535
 692 40.4040404040404
 341 45.45454545454545
 145 50.50505050505051
 81 55.55555555555555
 1 60.6060606060606
 293 65.65656565656565
 250 70.7070707070707
 642 75.75757575757575
 3 80.8080808080808
 0 85.85858585858585
 63 90.90909090909091
 2 95.95959595959596
 5 101.010101010101
 192 106.060606060606
 209 111.1111111111111
 481 116.1616161616162
 214 121.2121212121212
 72 126.2626262626263
 0 131.3131313131313
 1 136.3636363636363
 92 141.4141414141414
 88 146.4646464646464
 472 151.5151515151515
 289 156.5656565656566
 0 161.6161616161616
 0 166.6666666666667
 73 171.7171717171717
 24 176.7676767676768
 0 181.8181818181818
 0 186.8686868686869
 226 191.9191919191919
 297 196.969696969697
 55 202.020202020202
 104 207.070707070707
 223 212.1212121212121
 51 217.1717171717171
 116 222.2222222222222
 237 227.2727272727273
 144 232.3232323232323
 0 237.3737373737374
 26 242.4242424242424
 140 247.4747474747475
 21 252.5252525252525
 129 257.5757575757576
 140 262.6262626262626
 44 267.6767676767677
 335 272.7272727272727
 159 277.7777777777778
 506 282.8282828282828
 251 287.8787878787879
 1 292.9292929292929
 1 297.979797979798
 0 303.030303030303
 210 308.0808080808081
 22 313.1313131313131
 55 318.1818181818182
 34 323.2323232323232
 39 328.2828282828282
 199 333.3333333333333
 70 338.3838383838383
 20 343.4343434343434
 220 348.4848484848484
 109 353.5353535353535
 28 358.5858585858585
 2 363.6363636363636
 59 368.6868686868686
 52 373.7373737373737
 40 378.7878787878788
 0 383.8383838383838
 1 388.8888888888889
 359 393.9393939393939
 53 398.989898989899
 81 404.040404040404
 191 409.0909090909091
 181 414.1414141414141
 603 419.1919191919192
 21 424.2424242424242
 279 429.2929292929293
 220 434.3434343434343
 3 439.3939393939394
 51 444.4444444444444
 90 449.4949494949495
 64 454.5454545454545
 0 459.5959595959596
 2 464.6464646464646
 1 469.6969696969697
 4 474.7474747474747
 1 479.7979797979798
 14 484.8484848484848
 22 489.8989898989898
 84 494.9494949494949
 0 500


