# Created by Octave 3.8.2, Mon Jun 22 00:53:46 2020 CEST <damian@fptrucha.inv.usc.es>
# name: hd
# type: matrix
# rows: 100
# columns: 2
 1 0
 0 5.05050505050505
 1 10.1010101010101
 136 15.15151515151515
 0 20.2020202020202
 0 25.25252525252525
 75 30.3030303030303
 268 35.35353535353535
 286 40.4040404040404
 142 45.45454545454545
 47 50.50505050505051
 39 55.55555555555555
 2 60.6060606060606
 147 65.65656565656565
 106 70.7070707070707
 293 75.75757575757575
 0 80.8080808080808
 0 85.85858585858585
 31 90.90909090909091
 1 95.95959595959596
 1 101.010101010101
 97 106.060606060606
 86 111.1111111111111
 191 116.1616161616162
 108 121.2121212121212
 35 126.2626262626263
 0 131.3131313131313
 0 136.3636363636363
 34 141.4141414141414
 40 146.4646464646464
 243 151.5151515151515
 125 156.5656565656566
 0 161.6161616161616
 0 166.6666666666667
 35 171.7171717171717
 17 176.7676767676768
 0 181.8181818181818
 0 186.8686868686869
 97 191.9191919191919
 127 196.969696969697
 35 202.020202020202
 54 207.070707070707
 105 212.1212121212121
 29 217.1717171717171
 55 222.2222222222222
 115 227.2727272727273
 66 232.3232323232323
 1 237.3737373737374
 10 242.4242424242424
 42 247.4747474747475
 8 252.5252525252525
 66 257.5757575757576
 66 262.6262626262626
 21 267.6767676767677
 123 272.7272727272727
 77 277.7777777777778
 224 282.8282828282828
 94 287.8787878787879
 1 292.9292929292929
 0 297.979797979798
 1 303.030303030303
 110 308.0808080808081
 10 313.1313131313131
 21 318.1818181818182
 17 323.2323232323232
 31 328.2828282828282
 86 333.3333333333333
 29 338.3838383838383
 9 343.4343434343434
 84 348.4848484848484
 56 353.5353535353535
 16 358.5858585858585
 0 363.6363636363636
 19 368.6868686868686
 16 373.7373737373737
 20 378.7878787878788
 0 383.8383838383838
 0 388.8888888888889
 169 393.9393939393939
 23 398.989898989899
 33 404.040404040404
 72 409.0909090909091
 63 414.1414141414141
 262 419.1919191919192
 13 424.2424242424242
 93 429.2929292929293
 104 434.3434343434343
 0 439.3939393939394
 26 444.4444444444444
 33 449.4949494949495
 38 454.5454545454545
 0 459.5959595959596
 0 464.6464646464646
 1 469.6969696969697
 2 474.7474747474747
 0 479.7979797979798
 11 484.8484848484848
 10 489.8989898989898
 46 494.9494949494949
 0 500


