# Created by Octave 3.8.2, Sun Jun 21 05:30:37 2020 CEST <damian@fptrucha.inv.usc.es>
# name: hd
# type: matrix
# rows: 100
# columns: 2
 2 0
 1 5.05050505050505
 0 10.1010101010101
 249 15.15151515151515
 2 20.2020202020202
 0 25.25252525252525
 142 30.3030303030303
 512 35.35353535353535
 605 40.4040404040404
 319 45.45454545454545
 139 50.50505050505051
 67 55.55555555555555
 1 60.6060606060606
 269 65.65656565656565
 182 70.7070707070707
 559 75.75757575757575
 3 80.8080808080808
 1 85.85858585858585
 60 90.90909090909091
 2 95.95959595959596
 1 101.010101010101
 185 106.060606060606
 160 111.1111111111111
 359 116.1616161616162
 197 121.2121212121212
 84 126.2626262626263
 3 131.3131313131313
 0 136.3636363636363
 55 141.4141414141414
 82 146.4646464646464
 468 151.5151515151515
 266 156.5656565656566
 3 161.6161616161616
 1 166.6666666666667
 61 171.7171717171717
 34 176.7676767676768
 1 181.8181818181818
 0 186.8686868686869
 173 191.9191919191919
 237 196.969696969697
 37 202.020202020202
 81 207.070707070707
 185 212.1212121212121
 63 217.1717171717171
 93 222.2222222222222
 218 227.2727272727273
 137 232.3232323232323
 2 237.3737373737374
 21 242.4242424242424
 129 247.4747474747475
 21 252.5252525252525
 116 257.5757575757576
 139 262.6262626262626
 39 267.6767676767677
 265 272.7272727272727
 147 277.7777777777778
 453 282.8282828282828
 207 287.8787878787879
 2 292.9292929292929
 0 297.979797979798
 0 303.030303030303
 199 308.0808080808081
 33 313.1313131313131
 46 318.1818181818182
 33 323.2323232323232
 43 328.2828282828282
 159 333.3333333333333
 72 338.3838383838383
 14 343.4343434343434
 184 348.4848484848484
 87 353.5353535353535
 36 358.5858585858585
 1 363.6363636363636
 42 368.6868686868686
 38 373.7373737373737
 36 378.7878787878788
 0 383.8383838383838
 1 388.8888888888889
 284 393.9393939393939
 45 398.989898989899
 58 404.040404040404
 152 409.0909090909091
 150 414.1414141414141
 563 419.1919191919192
 22 424.2424242424242
 249 429.2929292929293
 163 434.3434343434343
 2 439.3939393939394
 54 444.4444444444444
 72 449.4949494949495
 57 454.5454545454545
 2 459.5959595959596
 1 464.6464646464646
 1 469.6969696969697
 1 474.7474747474747
 3 479.7979797979798
 15 484.8484848484848
 15 489.8989898989898
 62 494.9494949494949
 0 500


