# Created by Octave 3.8.2, Sun Jun 21 02:21:51 2020 CEST <damian@fptrucha.inv.usc.es>
# name: hd
# type: matrix
# rows: 100
# columns: 2
 1 0
 2 5.05050505050505
 1 10.1010101010101
 255 15.15151515151515
 2 20.2020202020202
 0 25.25252525252525
 162 30.3030303030303
 461 35.35353535353535
 610 40.4040404040404
 296 45.45454545454545
 128 50.50505050505051
 61 55.55555555555555
 0 60.6060606060606
 263 65.65656565656565
 204 70.7070707070707
 574 75.75757575757575
 1 80.8080808080808
 1 85.85858585858585
 73 90.90909090909091
 1 95.95959595959596
 2 101.010101010101
 170 106.060606060606
 170 111.1111111111111
 379 116.1616161616162
 200 121.2121212121212
 80 126.2626262626263
 0 131.3131313131313
 0 136.3636363636363
 72 141.4141414141414
 74 146.4646464646464
 436 151.5151515151515
 251 156.5656565656566
 3 161.6161616161616
 1 166.6666666666667
 63 171.7171717171717
 26 176.7676767676768
 0 181.8181818181818
 0 186.8686868686869
 178 191.9191919191919
 262 196.969696969697
 42 202.020202020202
 92 207.070707070707
 184 212.1212121212121
 55 217.1717171717171
 86 222.2222222222222
 224 227.2727272727273
 138 232.3232323232323
 0 237.3737373737374
 20 242.4242424242424
 123 247.4747474747475
 14 252.5252525252525
 103 257.5757575757576
 125 262.6262626262626
 41 267.6767676767677
 244 272.7272727272727
 134 277.7777777777778
 474 282.8282828282828
 198 287.8787878787879
 0 292.9292929292929
 0 297.979797979798
 0 303.030303030303
 197 308.0808080808081
 20 313.1313131313131
 37 318.1818181818182
 34 323.2323232323232
 28 328.2828282828282
 167 333.3333333333333
 64 338.3838383838383
 18 343.4343434343434
 189 348.4848484848484
 95 353.5353535353535
 29 358.5858585858585
 0 363.6363636363636
 47 368.6868686868686
 47 373.7373737373737
 33 378.7878787878788
 0 383.8383838383838
 1 388.8888888888889
 324 393.9393939393939
 51 398.989898989899
 53 404.040404040404
 142 409.0909090909091
 145 414.1414141414141
 595 419.1919191919192
 18 424.2424242424242
 220 429.2929292929293
 153 434.3434343434343
 4 439.3939393939394
 63 444.4444444444444
 70 449.4949494949495
 51 454.5454545454545
 0 459.5959595959596
 1 464.6464646464646
 0 469.6969696969697
 0 474.7474747474747
 1 479.7979797979798
 16 484.8484848484848
 11 489.8989898989898
 68 494.9494949494949
 0 500


