# Created by Octave 3.8.2, Sat Jun 20 08:35:36 2020 CEST <damian@fptrucha.inv.usc.es>
# name: hd
# type: matrix
# rows: 100
# columns: 2
 2 0
 4 5.05050505050505
 2 10.1010101010101
 332 15.15151515151515
 3 20.2020202020202
 1 25.25252525252525
 173 30.3030303030303
 616 35.35353535353535
 703 40.4040404040404
 322 45.45454545454545
 130 50.50505050505051
 78 55.55555555555555
 3 60.6060606060606
 310 65.65656565656565
 257 70.7070707070707
 601 75.75757575757575
 2 80.8080808080808
 0 85.85858585858585
 84 90.90909090909091
 7 95.95959595959596
 1 101.010101010101
 215 106.060606060606
 212 111.1111111111111
 444 116.1616161616162
 201 121.2121212121212
 79 126.2626262626263
 1 131.3131313131313
 1 136.3636363636363
 67 141.4141414141414
 103 146.4646464646464
 512 151.5151515151515
 296 156.5656565656566
 3 161.6161616161616
 0 166.6666666666667
 79 171.7171717171717
 37 176.7676767676768
 0 181.8181818181818
 0 186.8686868686869
 228 191.9191919191919
 305 196.969696969697
 41 202.020202020202
 96 207.070707070707
 218 212.1212121212121
 70 217.1717171717171
 117 222.2222222222222
 265 227.2727272727273
 176 232.3232323232323
 4 237.3737373737374
 30 242.4242424242424
 151 247.4747474747475
 20 252.5252525252525
 124 257.5757575757576
 165 262.6262626262626
 42 267.6767676767677
 317 272.7272727272727
 144 277.7777777777778
 489 282.8282828282828
 234 287.8787878787879
 2 292.9292929292929
 2 297.979797979798
 1 303.030303030303
 217 308.0808080808081
 28 313.1313131313131
 46 318.1818181818182
 32 323.2323232323232
 36 328.2828282828282
 197 333.3333333333333
 77 338.3838383838383
 21 343.4343434343434
 224 348.4848484848484
 111 353.5353535353535
 49 358.5858585858585
 0 363.6363636363636
 49 368.6868686868686
 40 373.7373737373737
 43 378.7878787878788
 0 383.8383838383838
 1 388.8888888888889
 336 393.9393939393939
 66 398.989898989899
 62 404.040404040404
 230 409.0909090909091
 151 414.1414141414141
 639 419.1919191919192
 31 424.2424242424242
 303 429.2929292929293
 208 434.3434343434343
 7 439.3939393939394
 62 444.4444444444444
 99 449.4949494949495
 74 454.5454545454545
 1 459.5959595959596
 1 464.6464646464646
 4 469.6969696969697
 1 474.7474747474747
 3 479.7979797979798
 22 484.8484848484848
 20 489.8989898989898
 76 494.9494949494949
 0 500


