# Created by Octave 3.8.2, Sat Jun 20 15:04:11 2020 CEST <damian@fptrucha.inv.usc.es>
# name: hd
# type: matrix
# rows: 100
# columns: 2
 1 0
 1 5.05050505050505
 0 10.1010101010101
 285 15.15151515151515
 3 20.2020202020202
 0 25.25252525252525
 185 30.3030303030303
 546 35.35353535353535
 593 40.4040404040404
 310 45.45454545454545
 141 50.50505050505051
 66 55.55555555555555
 3 60.6060606060606
 269 65.65656565656565
 206 70.7070707070707
 578 75.75757575757575
 1 80.8080808080808
 2 85.85858585858585
 61 90.90909090909091
 1 95.95959595959596
 3 101.010101010101
 173 106.060606060606
 180 111.1111111111111
 375 116.1616161616162
 176 121.2121212121212
 109 126.2626262626263
 1 131.3131313131313
 0 136.3636363636363
 69 141.4141414141414
 86 146.4646464646464
 489 151.5151515151515
 300 156.5656565656566
 3 161.6161616161616
 0 166.6666666666667
 82 171.7171717171717
 36 176.7676767676768
 0 181.8181818181818
 1 186.8686868686869
 180 191.9191919191919
 261 196.969696969697
 45 202.020202020202
 89 207.070707070707
 215 212.1212121212121
 62 217.1717171717171
 87 222.2222222222222
 218 227.2727272727273
 117 232.3232323232323
 0 237.3737373737374
 15 242.4242424242424
 141 247.4747474747475
 14 252.5252525252525
 107 257.5757575757576
 150 262.6262626262626
 40 267.6767676767677
 238 272.7272727272727
 143 277.7777777777778
 463 282.8282828282828
 210 287.8787878787879
 1 292.9292929292929
 0 297.979797979798
 0 303.030303030303
 196 308.0808080808081
 22 313.1313131313131
 55 318.1818181818182
 29 323.2323232323232
 40 328.2828282828282
 161 333.3333333333333
 52 338.3838383838383
 18 343.4343434343434
 217 348.4848484848484
 94 353.5353535353535
 23 358.5858585858585
 1 363.6363636363636
 45 368.6868686868686
 42 373.7373737373737
 35 378.7878787878788
 1 383.8383838383838
 0 388.8888888888889
 307 393.9393939393939
 50 398.989898989899
 63 404.040404040404
 184 409.0909090909091
 157 414.1414141414141
 533 419.1919191919192
 18 424.2424242424242
 231 429.2929292929293
 196 434.3434343434343
 3 439.3939393939394
 59 444.4444444444444
 84 449.4949494949495
 57 454.5454545454545
 0 459.5959595959596
 0 464.6464646464646
 0 469.6969696969697
 3 474.7474747474747
 1 479.7979797979798
 17 484.8484848484848
 22 489.8989898989898
 86 494.9494949494949
 0 500


