# Created by Octave 3.8.2, Sat Jun 20 18:36:00 2020 CEST <damian@fptrucha.inv.usc.es>
# name: hd
# type: matrix
# rows: 100
# columns: 2
 1 0
 3 5.05050505050505
 0 10.1010101010101
 281 15.15151515151515
 2 20.2020202020202
 1 25.25252525252525
 138 30.3030303030303
 523 35.35353535353535
 634 40.4040404040404
 290 45.45454545454545
 130 50.50505050505051
 61 55.55555555555555
 1 60.6060606060606
 286 65.65656565656565
 205 70.7070707070707
 548 75.75757575757575
 2 80.8080808080808
 0 85.85858585858585
 59 90.90909090909091
 4 95.95959595959596
 4 101.010101010101
 189 106.060606060606
 203 111.1111111111111
 378 116.1616161616162
 204 121.2121212121212
 95 126.2626262626263
 0 131.3131313131313
 2 136.3636363636363
 66 141.4141414141414
 76 146.4646464646464
 438 151.5151515151515
 219 156.5656565656566
 0 161.6161616161616
 1 166.6666666666667
 74 171.7171717171717
 32 176.7676767676768
 1 181.8181818181818
 1 186.8686868686869
 179 191.9191919191919
 232 196.969696969697
 49 202.020202020202
 84 207.070707070707
 186 212.1212121212121
 72 217.1717171717171
 101 222.2222222222222
 227 227.2727272727273
 151 232.3232323232323
 1 237.3737373737374
 27 242.4242424242424
 141 247.4747474747475
 20 252.5252525252525
 112 257.5757575757576
 137 262.6262626262626
 39 267.6767676767677
 234 272.7272727272727
 144 277.7777777777778
 452 282.8282828282828
 211 287.8787878787879
 1 292.9292929292929
 3 297.979797979798
 0 303.030303030303
 206 308.0808080808081
 16 313.1313131313131
 40 318.1818181818182
 26 323.2323232323232
 35 328.2828282828282
 193 333.3333333333333
 52 338.3838383838383
 16 343.4343434343434
 160 348.4848484848484
 100 353.5353535353535
 24 358.5858585858585
 1 363.6363636363636
 54 368.6868686868686
 39 373.7373737373737
 24 378.7878787878788
 0 383.8383838383838
 0 388.8888888888889
 315 393.9393939393939
 48 398.989898989899
 81 404.040404040404
 149 409.0909090909091
 149 414.1414141414141
 573 419.1919191919192
 19 424.2424242424242
 189 429.2929292929293
 179 434.3434343434343
 4 439.3939393939394
 41 444.4444444444444
 86 449.4949494949495
 43 454.5454545454545
 1 459.5959595959596
 1 464.6464646464646
 0 469.6969696969697
 0 474.7474747474747
 0 479.7979797979798
 20 484.8484848484848
 22 489.8989898989898
 57 494.9494949494949
 0 500


