# Created by Octave 3.8.2, Mon Jun 22 07:49:25 2020 CEST <damian@fptrucha.inv.usc.es>
# name: hd
# type: matrix
# rows: 100
# columns: 2
 2 0
 1 5.05050505050505
 3 10.1010101010101
 307 15.15151515151515
 4 20.2020202020202
 2 25.25252525252525
 160 30.3030303030303
 524 35.35353535353535
 575 40.4040404040404
 259 45.45454545454545
 114 50.50505050505051
 57 55.55555555555555
 6 60.6060606060606
 264 65.65656565656565
 191 70.7070707070707
 521 75.75757575757575
 3 80.8080808080808
 2 85.85858585858585
 56 90.90909090909091
 4 95.95959595959596
 3 101.010101010101
 203 106.060606060606
 160 111.1111111111111
 381 116.1616161616162
 195 121.2121212121212
 87 126.2626262626263
 1 131.3131313131313
 3 136.3636363636363
 53 141.4141414141414
 98 146.4646464646464
 418 151.5151515151515
 268 156.5656565656566
 1 161.6161616161616
 1 166.6666666666667
 75 171.7171717171717
 27 176.7676767676768
 0 181.8181818181818
 0 186.8686868686869
 182 191.9191919191919
 239 196.969696969697
 53 202.020202020202
 101 207.070707070707
 169 212.1212121212121
 53 217.1717171717171
 121 222.2222222222222
 206 227.2727272727273
 126 232.3232323232323
 0 237.3737373737374
 18 242.4242424242424
 150 247.4747474747475
 19 252.5252525252525
 98 257.5757575757576
 116 262.6262626262626
 34 267.6767676767677
 247 272.7272727272727
 129 277.7777777777778
 453 282.8282828282828
 181 287.8787878787879
 0 292.9292929292929
 4 297.979797979798
 0 303.030303030303
 220 308.0808080808081
 28 313.1313131313131
 29 318.1818181818182
 28 323.2323232323232
 27 328.2828282828282
 171 333.3333333333333
 59 338.3838383838383
 12 343.4343434343434
 188 348.4848484848484
 101 353.5353535353535
 26 358.5858585858585
 2 363.6363636363636
 50 368.6868686868686
 47 373.7373737373737
 32 378.7878787878788
 1 383.8383838383838
 0 388.8888888888889
 312 393.9393939393939
 54 398.989898989899
 57 404.040404040404
 171 409.0909090909091
 161 414.1414141414141
 531 419.1919191919192
 17 424.2424242424242
 246 429.2929292929293
 183 434.3434343434343
 2 439.3939393939394
 57 444.4444444444444
 78 449.4949494949495
 50 454.5454545454545
 0 459.5959595959596
 2 464.6464646464646
 0 469.6969696969697
 5 474.7474747474747
 3 479.7979797979798
 15 484.8484848484848
 21 489.8989898989898
 73 494.9494949494949
 0 500


