# Created by Octave 3.8.2, Sat Jun 20 15:06:54 2020 CEST <damian@fptrucha.inv.usc.es>
# name: hd
# type: matrix
# rows: 100
# columns: 2
 2 0
 3 5.05050505050505
 0 10.1010101010101
 268 15.15151515151515
 3 20.2020202020202
 1 25.25252525252525
 176 30.3030303030303
 522 35.35353535353535
 612 40.4040404040404
 318 45.45454545454545
 138 50.50505050505051
 72 55.55555555555555
 2 60.6060606060606
 300 65.65656565656565
 200 70.7070707070707
 583 75.75757575757575
 1 80.8080808080808
 3 85.85858585858585
 49 90.90909090909091
 0 95.95959595959596
 1 101.010101010101
 192 106.060606060606
 179 111.1111111111111
 389 116.1616161616162
 189 121.2121212121212
 81 126.2626262626263
 1 131.3131313131313
 0 136.3636363636363
 65 141.4141414141414
 97 146.4646464646464
 428 151.5151515151515
 301 156.5656565656566
 3 161.6161616161616
 0 166.6666666666667
 80 171.7171717171717
 44 176.7676767676768
 0 181.8181818181818
 2 186.8686868686869
 202 191.9191919191919
 246 196.969696969697
 49 202.020202020202
 105 207.070707070707
 198 212.1212121212121
 62 217.1717171717171
 108 222.2222222222222
 199 227.2727272727273
 131 232.3232323232323
 2 237.3737373737374
 12 242.4242424242424
 147 247.4747474747475
 12 252.5252525252525
 133 257.5757575757576
 138 262.6262626262626
 33 267.6767676767677
 269 272.7272727272727
 148 277.7777777777778
 469 282.8282828282828
 221 287.8787878787879
 2 292.9292929292929
 0 297.979797979798
 0 303.030303030303
 237 308.0808080808081
 32 313.1313131313131
 46 318.1818181818182
 30 323.2323232323232
 32 328.2828282828282
 205 333.3333333333333
 67 338.3838383838383
 22 343.4343434343434
 214 348.4848484848484
 106 353.5353535353535
 24 358.5858585858585
 5 363.6363636363636
 37 368.6868686868686
 45 373.7373737373737
 38 378.7878787878788
 1 383.8383838383838
 1 388.8888888888889
 342 393.9393939393939
 47 398.989898989899
 67 404.040404040404
 165 409.0909090909091
 150 414.1414141414141
 540 419.1919191919192
 26 424.2424242424242
 235 429.2929292929293
 165 434.3434343434343
 9 439.3939393939394
 55 444.4444444444444
 93 449.4949494949495
 63 454.5454545454545
 0 459.5959595959596
 3 464.6464646464646
 1 469.6969696969697
 2 474.7474747474747
 1 479.7979797979798
 11 484.8484848484848
 16 489.8989898989898
 87 494.9494949494949
 0 500


