# Created by Octave 3.8.2, Mon Jun 22 20:53:24 2020 CEST <damian@fptrucha.inv.usc.es>
# name: hd
# type: matrix
# rows: 100
# columns: 2
 1 0
 4 5.05050505050505
 1 10.1010101010101
 333 15.15151515151515
 1 20.2020202020202
 0 25.25252525252525
 184 30.3030303030303
 538 35.35353535353535
 616 40.4040404040404
 341 45.45454545454545
 132 50.50505050505051
 69 55.55555555555555
 3 60.6060606060606
 250 65.65656565656565
 211 70.7070707070707
 608 75.75757575757575
 2 80.8080808080808
 2 85.85858585858585
 62 90.90909090909091
 8 95.95959595959596
 1 101.010101010101
 216 106.060606060606
 188 111.1111111111111
 456 116.1616161616162
 217 121.2121212121212
 80 126.2626262626263
 0 131.3131313131313
 5 136.3636363636363
 67 141.4141414141414
 96 146.4646464646464
 443 151.5151515151515
 265 156.5656565656566
 2 161.6161616161616
 3 166.6666666666667
 64 171.7171717171717
 35 176.7676767676768
 0 181.8181818181818
 1 186.8686868686869
 201 191.9191919191919
 280 196.969696969697
 50 202.020202020202
 93 207.070707070707
 200 212.1212121212121
 64 217.1717171717171
 122 222.2222222222222
 258 227.2727272727273
 157 232.3232323232323
 3 237.3737373737374
 32 242.4242424242424
 115 247.4747474747475
 20 252.5252525252525
 113 257.5757575757576
 129 262.6262626262626
 39 267.6767676767677
 244 272.7272727272727
 142 277.7777777777778
 455 282.8282828282828
 218 287.8787878787879
 2 292.9292929292929
 1 297.979797979798
 1 303.030303030303
 207 308.0808080808081
 33 313.1313131313131
 47 318.1818181818182
 31 323.2323232323232
 41 328.2828282828282
 174 333.3333333333333
 76 338.3838383838383
 30 343.4343434343434
 180 348.4848484848484
 104 353.5353535353535
 15 358.5858585858585
 3 363.6363636363636
 63 368.6868686868686
 47 373.7373737373737
 31 378.7878787878788
 1 383.8383838383838
 1 388.8888888888889
 304 393.9393939393939
 48 398.989898989899
 68 404.040404040404
 191 409.0909090909091
 166 414.1414141414141
 561 419.1919191919192
 19 424.2424242424242
 242 429.2929292929293
 170 434.3434343434343
 2 439.3939393939394
 49 444.4444444444444
 92 449.4949494949495
 63 454.5454545454545
 1 459.5959595959596
 3 464.6464646464646
 3 469.6969696969697
 1 474.7474747474747
 1 479.7979797979798
 18 484.8484848484848
 24 489.8989898989898
 82 494.9494949494949
 0 500


