# Created by Octave 3.8.2, Mon Jun 22 22:25:57 2020 CEST <damian@fptrucha.inv.usc.es>
# name: hd
# type: matrix
# rows: 100
# columns: 2
 6 0
 7 5.05050505050505
 2 10.1010101010101
 307 15.15151515151515
 1 20.2020202020202
 2 25.25252525252525
 167 30.3030303030303
 595 35.35353535353535
 626 40.4040404040404
 339 45.45454545454545
 138 50.50505050505051
 74 55.55555555555555
 3 60.6060606060606
 291 65.65656565656565
 218 70.7070707070707
 552 75.75757575757575
 3 80.8080808080808
 2 85.85858585858585
 78 90.90909090909091
 5 95.95959595959596
 6 101.010101010101
 192 106.060606060606
 187 111.1111111111111
 439 116.1616161616162
 229 121.2121212121212
 72 126.2626262626263
 2 131.3131313131313
 2 136.3636363636363
 78 141.4141414141414
 96 146.4646464646464
 496 151.5151515151515
 286 156.5656565656566
 3 161.6161616161616
 1 166.6666666666667
 60 171.7171717171717
 23 176.7676767676768
 0 181.8181818181818
 1 186.8686868686869
 209 191.9191919191919
 276 196.969696969697
 52 202.020202020202
 95 207.070707070707
 195 212.1212121212121
 67 217.1717171717171
 114 222.2222222222222
 248 227.2727272727273
 132 232.3232323232323
 2 237.3737373737374
 20 242.4242424242424
 129 247.4747474747475
 23 252.5252525252525
 148 257.5757575757576
 129 262.6262626262626
 48 267.6767676767677
 303 272.7272727272727
 125 277.7777777777778
 438 282.8282828282828
 202 287.8787878787879
 1 292.9292929292929
 1 297.979797979798
 0 303.030303030303
 211 308.0808080808081
 27 313.1313131313131
 42 318.1818181818182
 44 323.2323232323232
 32 328.2828282828282
 142 333.3333333333333
 50 338.3838383838383
 19 343.4343434343434
 198 348.4848484848484
 129 353.5353535353535
 32 358.5858585858585
 2 363.6363636363636
 49 368.6868686868686
 43 373.7373737373737
 48 378.7878787878788
 2 383.8383838383838
 0 388.8888888888889
 314 393.9393939393939
 68 398.989898989899
 64 404.040404040404
 187 409.0909090909091
 150 414.1414141414141
 578 419.1919191919192
 18 424.2424242424242
 254 429.2929292929293
 157 434.3434343434343
 4 439.3939393939394
 60 444.4444444444444
 70 449.4949494949495
 61 454.5454545454545
 0 459.5959595959596
 2 464.6464646464646
 1 469.6969696969697
 3 474.7474747474747
 2 479.7979797979798
 16 484.8484848484848
 20 489.8989898989898
 81 494.9494949494949
 0 500


