# Created by Octave 3.8.2, Sat Jun 20 13:46:44 2020 CEST <damian@fptrucha.inv.usc.es>
# name: hd
# type: matrix
# rows: 100
# columns: 2
 0 0
 4 5.05050505050505
 1 10.1010101010101
 287 15.15151515151515
 1 20.2020202020202
 1 25.25252525252525
 156 30.3030303030303
 533 35.35353535353535
 661 40.4040404040404
 346 45.45454545454545
 119 50.50505050505051
 67 55.55555555555555
 1 60.6060606060606
 309 65.65656565656565
 220 70.7070707070707
 565 75.75757575757575
 1 80.8080808080808
 1 85.85858585858585
 51 90.90909090909091
 1 95.95959595959596
 0 101.010101010101
 204 106.060606060606
 203 111.1111111111111
 408 116.1616161616162
 211 121.2121212121212
 88 126.2626262626263
 0 131.3131313131313
 1 136.3636363636363
 71 141.4141414141414
 102 146.4646464646464
 462 151.5151515151515
 298 156.5656565656566
 2 161.6161616161616
 0 166.6666666666667
 88 171.7171717171717
 28 176.7676767676768
 0 181.8181818181818
 1 186.8686868686869
 206 191.9191919191919
 260 196.969696969697
 48 202.020202020202
 84 207.070707070707
 203 212.1212121212121
 59 217.1717171717171
 103 222.2222222222222
 242 227.2727272727273
 144 232.3232323232323
 2 237.3737373737374
 30 242.4242424242424
 156 247.4747474747475
 17 252.5252525252525
 105 257.5757575757576
 140 262.6262626262626
 37 267.6767676767677
 268 272.7272727272727
 160 277.7777777777778
 487 282.8282828282828
 193 287.8787878787879
 3 292.9292929292929
 2 297.979797979798
 0 303.030303030303
 213 308.0808080808081
 24 313.1313131313131
 48 318.1818181818182
 20 323.2323232323232
 53 328.2828282828282
 183 333.3333333333333
 71 338.3838383838383
 18 343.4343434343434
 202 348.4848484848484
 109 353.5353535353535
 37 358.5858585858585
 1 363.6363636363636
 50 368.6868686868686
 40 373.7373737373737
 42 378.7878787878788
 1 383.8383838383838
 1 388.8888888888889
 378 393.9393939393939
 56 398.989898989899
 74 404.040404040404
 174 409.0909090909091
 142 414.1414141414141
 581 419.1919191919192
 27 424.2424242424242
 238 429.2929292929293
 187 434.3434343434343
 2 439.3939393939394
 57 444.4444444444444
 94 449.4949494949495
 57 454.5454545454545
 1 459.5959595959596
 0 464.6464646464646
 2 469.6969696969697
 2 474.7474747474747
 1 479.7979797979798
 22 484.8484848484848
 22 489.8989898989898
 72 494.9494949494949
 0 500


