# Created by Octave 3.8.2, Mon Jun 22 17:06:06 2020 CEST <damian@fptrucha.inv.usc.es>
# name: hd
# type: matrix
# rows: 100
# columns: 2
 0 0
 4 5.05050505050505
 0 10.1010101010101
 308 15.15151515151515
 4 20.2020202020202
 1 25.25252525252525
 151 30.3030303030303
 558 35.35353535353535
 606 40.4040404040404
 320 45.45454545454545
 123 50.50505050505051
 71 55.55555555555555
 0 60.6060606060606
 305 65.65656565656565
 240 70.7070707070707
 558 75.75757575757575
 4 80.8080808080808
 0 85.85858585858585
 54 90.90909090909091
 1 95.95959595959596
 2 101.010101010101
 187 106.060606060606
 155 111.1111111111111
 378 116.1616161616162
 218 121.2121212121212
 80 126.2626262626263
 1 131.3131313131313
 2 136.3636363636363
 76 141.4141414141414
 91 146.4646464646464
 450 151.5151515151515
 237 156.5656565656566
 3 161.6161616161616
 2 166.6666666666667
 69 171.7171717171717
 30 176.7676767676768
 0 181.8181818181818
 2 186.8686868686869
 219 191.9191919191919
 261 196.969696969697
 73 202.020202020202
 91 207.070707070707
 203 212.1212121212121
 53 217.1717171717171
 97 222.2222222222222
 246 227.2727272727273
 126 232.3232323232323
 2 237.3737373737374
 15 242.4242424242424
 134 247.4747474747475
 22 252.5252525252525
 131 257.5757575757576
 149 262.6262626262626
 36 267.6767676767677
 290 272.7272727272727
 142 277.7777777777778
 483 282.8282828282828
 212 287.8787878787879
 2 292.9292929292929
 0 297.979797979798
 2 303.030303030303
 221 308.0808080808081
 22 313.1313131313131
 56 318.1818181818182
 34 323.2323232323232
 46 328.2828282828282
 170 333.3333333333333
 72 338.3838383838383
 25 343.4343434343434
 179 348.4848484848484
 89 353.5353535353535
 36 358.5858585858585
 4 363.6363636363636
 45 368.6868686868686
 47 373.7373737373737
 40 378.7878787878788
 0 383.8383838383838
 0 388.8888888888889
 336 393.9393939393939
 77 398.989898989899
 87 404.040404040404
 155 409.0909090909091
 150 414.1414141414141
 546 419.1919191919192
 24 424.2424242424242
 250 429.2929292929293
 183 434.3434343434343
 4 439.3939393939394
 57 444.4444444444444
 69 449.4949494949495
 61 454.5454545454545
 0 459.5959595959596
 2 464.6464646464646
 4 469.6969696969697
 0 474.7474747474747
 0 479.7979797979798
 22 484.8484848484848
 19 489.8989898989898
 84 494.9494949494949
 0 500


