# Created by Octave 3.8.2, Mon Jun 22 20:17:04 2020 CEST <damian@fptrucha.inv.usc.es>
# name: hd
# type: matrix
# rows: 100
# columns: 2
 4 0
 2 5.05050505050505
 1 10.1010101010101
 298 15.15151515151515
 2 20.2020202020202
 0 25.25252525252525
 147 30.3030303030303
 567 35.35353535353535
 600 40.4040404040404
 358 45.45454545454545
 136 50.50505050505051
 53 55.55555555555555
 3 60.6060606060606
 306 65.65656565656565
 226 70.7070707070707
 563 75.75757575757575
 3 80.8080808080808
 0 85.85858585858585
 74 90.90909090909091
 6 95.95959595959596
 5 101.010101010101
 199 106.060606060606
 155 111.1111111111111
 457 116.1616161616162
 194 121.2121212121212
 92 126.2626262626263
 1 131.3131313131313
 1 136.3636363636363
 53 141.4141414141414
 112 146.4646464646464
 457 151.5151515151515
 316 156.5656565656566
 2 161.6161616161616
 0 166.6666666666667
 89 171.7171717171717
 25 176.7676767676768
 1 181.8181818181818
 2 186.8686868686869
 190 191.9191919191919
 239 196.969696969697
 44 202.020202020202
 97 207.070707070707
 208 212.1212121212121
 57 217.1717171717171
 100 222.2222222222222
 254 227.2727272727273
 136 232.3232323232323
 1 237.3737373737374
 27 242.4242424242424
 160 247.4747474747475
 19 252.5252525252525
 150 257.5757575757576
 120 262.6262626262626
 40 267.6767676767677
 253 272.7272727272727
 140 277.7777777777778
 473 282.8282828282828
 185 287.8787878787879
 2 292.9292929292929
 2 297.979797979798
 0 303.030303030303
 211 308.0808080808081
 32 313.1313131313131
 35 318.1818181818182
 41 323.2323232323232
 46 328.2828282828282
 196 333.3333333333333
 61 338.3838383838383
 21 343.4343434343434
 206 348.4848484848484
 109 353.5353535353535
 29 358.5858585858585
 0 363.6363636363636
 57 368.6868686868686
 50 373.7373737373737
 31 378.7878787878788
 1 383.8383838383838
 0 388.8888888888889
 314 393.9393939393939
 58 398.989898989899
 66 404.040404040404
 193 409.0909090909091
 148 414.1414141414141
 575 419.1919191919192
 12 424.2424242424242
 243 429.2929292929293
 187 434.3434343434343
 7 439.3939393939394
 53 444.4444444444444
 65 449.4949494949495
 58 454.5454545454545
 3 459.5959595959596
 1 464.6464646464646
 1 469.6969696969697
 0 474.7474747474747
 1 479.7979797979798
 18 484.8484848484848
 26 489.8989898989898
 66 494.9494949494949
 0 500


