# Created by Octave 3.8.2, Sat Jun 20 18:41:13 2020 CEST <damian@fptrucha.inv.usc.es>
# name: hd
# type: matrix
# rows: 100
# columns: 2
 0 0
 0 5.05050505050505
 3 10.1010101010101
 264 15.15151515151515
 1 20.2020202020202
 0 25.25252525252525
 151 30.3030303030303
 478 35.35353535353535
 581 40.4040404040404
 320 45.45454545454545
 122 50.50505050505051
 66 55.55555555555555
 4 60.6060606060606
 258 65.65656565656565
 203 70.7070707070707
 548 75.75757575757575
 0 80.8080808080808
 1 85.85858585858585
 69 90.90909090909091
 4 95.95959595959596
 3 101.010101010101
 172 106.060606060606
 189 111.1111111111111
 400 116.1616161616162
 196 121.2121212121212
 105 126.2626262626263
 0 131.3131313131313
 0 136.3636363636363
 66 141.4141414141414
 83 146.4646464646464
 441 151.5151515151515
 301 156.5656565656566
 1 161.6161616161616
 0 166.6666666666667
 83 171.7171717171717
 32 176.7676767676768
 1 181.8181818181818
 0 186.8686868686869
 185 191.9191919191919
 264 196.969696969697
 38 202.020202020202
 92 207.070707070707
 164 212.1212121212121
 55 217.1717171717171
 109 222.2222222222222
 215 227.2727272727273
 140 232.3232323232323
 1 237.3737373737374
 19 242.4242424242424
 137 247.4747474747475
 25 252.5252525252525
 102 257.5757575757576
 133 262.6262626262626
 42 267.6767676767677
 236 272.7272727272727
 128 277.7777777777778
 439 282.8282828282828
 215 287.8787878787879
 0 292.9292929292929
 1 297.979797979798
 0 303.030303030303
 165 308.0808080808081
 25 313.1313131313131
 44 318.1818181818182
 32 323.2323232323232
 37 328.2828282828282
 182 333.3333333333333
 69 338.3838383838383
 25 343.4343434343434
 208 348.4848484848484
 89 353.5353535353535
 33 358.5858585858585
 0 363.6363636363636
 35 368.6868686868686
 28 373.7373737373737
 26 378.7878787878788
 2 383.8383838383838
 0 388.8888888888889
 299 393.9393939393939
 53 398.989898989899
 70 404.040404040404
 170 409.0909090909091
 134 414.1414141414141
 543 419.1919191919192
 19 424.2424242424242
 209 429.2929292929293
 167 434.3434343434343
 2 439.3939393939394
 50 444.4444444444444
 66 449.4949494949495
 57 454.5454545454545
 1 459.5959595959596
 1 464.6464646464646
 0 469.6969696969697
 1 474.7474747474747
 0 479.7979797979798
 11 484.8484848484848
 16 489.8989898989898
 73 494.9494949494949
 0 500


