# Created by Octave 3.8.2, Sat Jun 20 13:30:40 2020 CEST <damian@fptrucha.inv.usc.es>
# name: hd
# type: matrix
# rows: 100
# columns: 2
 1 0
 3 5.05050505050505
 0 10.1010101010101
 294 15.15151515151515
 2 20.2020202020202
 1 25.25252525252525
 155 30.3030303030303
 550 35.35353535353535
 664 40.4040404040404
 313 45.45454545454545
 148 50.50505050505051
 63 55.55555555555555
 2 60.6060606060606
 298 65.65656565656565
 225 70.7070707070707
 616 75.75757575757575
 1 80.8080808080808
 2 85.85858585858585
 76 90.90909090909091
 3 95.95959595959596
 5 101.010101010101
 198 106.060606060606
 203 111.1111111111111
 381 116.1616161616162
 212 121.2121212121212
 77 126.2626262626263
 0 131.3131313131313
 1 136.3636363636363
 71 141.4141414141414
 88 146.4646464646464
 503 151.5151515151515
 231 156.5656565656566
 1 161.6161616161616
 0 166.6666666666667
 74 171.7171717171717
 28 176.7676767676768
 0 181.8181818181818
 0 186.8686868686869
 234 191.9191919191919
 258 196.969696969697
 61 202.020202020202
 79 207.070707070707
 203 212.1212121212121
 63 217.1717171717171
 95 222.2222222222222
 224 227.2727272727273
 150 232.3232323232323
 1 237.3737373737374
 21 242.4242424242424
 131 247.4747474747475
 22 252.5252525252525
 115 257.5757575757576
 164 262.6262626262626
 28 267.6767676767677
 279 272.7272727272727
 151 277.7777777777778
 464 282.8282828282828
 212 287.8787878787879
 0 292.9292929292929
 1 297.979797979798
 1 303.030303030303
 218 308.0808080808081
 21 313.1313131313131
 43 318.1818181818182
 36 323.2323232323232
 37 328.2828282828282
 183 333.3333333333333
 65 338.3838383838383
 22 343.4343434343434
 179 348.4848484848484
 102 353.5353535353535
 27 358.5858585858585
 2 363.6363636363636
 39 368.6868686868686
 41 373.7373737373737
 50 378.7878787878788
 1 383.8383838383838
 0 388.8888888888889
 334 393.9393939393939
 61 398.989898989899
 58 404.040404040404
 187 409.0909090909091
 161 414.1414141414141
 564 419.1919191919192
 24 424.2424242424242
 242 429.2929292929293
 174 434.3434343434343
 6 439.3939393939394
 61 444.4444444444444
 96 449.4949494949495
 54 454.5454545454545
 0 459.5959595959596
 1 464.6464646464646
 2 469.6969696969697
 1 474.7474747474747
 2 479.7979797979798
 18 484.8484848484848
 27 489.8989898989898
 69 494.9494949494949
 0 500


