# Created by Octave 3.8.2, Sun Jun 21 07:31:05 2020 CEST <damian@fptrucha.inv.usc.es>
# name: hd
# type: matrix
# rows: 100
# columns: 2
 1 0
 1 5.05050505050505
 0 10.1010101010101
 226 15.15151515151515
 5 20.2020202020202
 0 25.25252525252525
 160 30.3030303030303
 477 35.35353535353535
 632 40.4040404040404
 307 45.45454545454545
 126 50.50505050505051
 66 55.55555555555555
 2 60.6060606060606
 268 65.65656565656565
 184 70.7070707070707
 566 75.75757575757575
 0 80.8080808080808
 1 85.85858585858585
 75 90.90909090909091
 4 95.95959595959596
 3 101.010101010101
 179 106.060606060606
 162 111.1111111111111
 396 116.1616161616162
 183 121.2121212121212
 75 126.2626262626263
 1 131.3131313131313
 0 136.3636363636363
 88 141.4141414141414
 87 146.4646464646464
 434 151.5151515151515
 290 156.5656565656566
 0 161.6161616161616
 0 166.6666666666667
 60 171.7171717171717
 24 176.7676767676768
 3 181.8181818181818
 0 186.8686868686869
 198 191.9191919191919
 247 196.969696969697
 56 202.020202020202
 84 207.070707070707
 192 212.1212121212121
 57 217.1717171717171
 90 222.2222222222222
 197 227.2727272727273
 125 232.3232323232323
 1 237.3737373737374
 30 242.4242424242424
 128 247.4747474747475
 16 252.5252525252525
 130 257.5757575757576
 128 262.6262626262626
 32 267.6767676767677
 227 272.7272727272727
 134 277.7777777777778
 492 282.8282828282828
 232 287.8787878787879
 1 292.9292929292929
 1 297.979797979798
 1 303.030303030303
 231 308.0808080808081
 27 313.1313131313131
 43 318.1818181818182
 36 323.2323232323232
 32 328.2828282828282
 167 333.3333333333333
 52 338.3838383838383
 13 343.4343434343434
 161 348.4848484848484
 102 353.5353535353535
 29 358.5858585858585
 2 363.6363636363636
 40 368.6868686868686
 38 373.7373737373737
 34 378.7878787878788
 0 383.8383838383838
 0 388.8888888888889
 294 393.9393939393939
 55 398.989898989899
 74 404.040404040404
 153 409.0909090909091
 133 414.1414141414141
 541 419.1919191919192
 23 424.2424242424242
 227 429.2929292929293
 172 434.3434343434343
 3 439.3939393939394
 57 444.4444444444444
 62 449.4949494949495
 62 454.5454545454545
 1 459.5959595959596
 1 464.6464646464646
 1 469.6969696969697
 0 474.7474747474747
 3 479.7979797979798
 14 484.8484848484848
 18 489.8989898989898
 66 494.9494949494949
 0 500


