# Created by Octave 3.8.2, Sat Jun 20 15:35:40 2020 CEST <damian@fptrucha.inv.usc.es>
# name: hd
# type: matrix
# rows: 100
# columns: 2
 3 0
 2 5.05050505050505
 0 10.1010101010101
 286 15.15151515151515
 3 20.2020202020202
 1 25.25252525252525
 152 30.3030303030303
 532 35.35353535353535
 601 40.4040404040404
 289 45.45454545454545
 129 50.50505050505051
 68 55.55555555555555
 3 60.6060606060606
 263 65.65656565656565
 202 70.7070707070707
 572 75.75757575757575
 1 80.8080808080808
 0 85.85858585858585
 54 90.90909090909091
 3 95.95959595959596
 1 101.010101010101
 202 106.060606060606
 186 111.1111111111111
 400 116.1616161616162
 202 121.2121212121212
 89 126.2626262626263
 1 131.3131313131313
 0 136.3636363636363
 60 141.4141414141414
 95 146.4646464646464
 463 151.5151515151515
 278 156.5656565656566
 1 161.6161616161616
 0 166.6666666666667
 69 171.7171717171717
 29 176.7676767676768
 1 181.8181818181818
 2 186.8686868686869
 153 191.9191919191919
 277 196.969696969697
 35 202.020202020202
 95 207.070707070707
 179 212.1212121212121
 59 217.1717171717171
 123 222.2222222222222
 226 227.2727272727273
 129 232.3232323232323
 0 237.3737373737374
 16 242.4242424242424
 136 247.4747474747475
 25 252.5252525252525
 143 257.5757575757576
 139 262.6262626262626
 34 267.6767676767677
 262 272.7272727272727
 143 277.7777777777778
 443 282.8282828282828
 193 287.8787878787879
 0 292.9292929292929
 1 297.979797979798
 1 303.030303030303
 210 308.0808080808081
 28 313.1313131313131
 48 318.1818181818182
 38 323.2323232323232
 42 328.2828282828282
 162 333.3333333333333
 69 338.3838383838383
 14 343.4343434343434
 213 348.4848484848484
 95 353.5353535353535
 29 358.5858585858585
 1 363.6363636363636
 53 368.6868686868686
 38 373.7373737373737
 38 378.7878787878788
 1 383.8383838383838
 1 388.8888888888889
 323 393.9393939393939
 69 398.989898989899
 85 404.040404040404
 176 409.0909090909091
 153 414.1414141414141
 587 419.1919191919192
 35 424.2424242424242
 203 429.2929292929293
 162 434.3434343434343
 4 439.3939393939394
 64 444.4444444444444
 67 449.4949494949495
 65 454.5454545454545
 1 459.5959595959596
 2 464.6464646464646
 0 469.6969696969697
 2 474.7474747474747
 0 479.7979797979798
 11 484.8484848484848
 26 489.8989898989898
 88 494.9494949494949
 0 500


