# Created by Octave 3.8.2, Sun Jun 21 05:37:12 2020 CEST <damian@fptrucha.inv.usc.es>
# name: hd
# type: matrix
# rows: 100
# columns: 2
 2 0
 3 5.05050505050505
 1 10.1010101010101
 272 15.15151515151515
 1 20.2020202020202
 0 25.25252525252525
 145 30.3030303030303
 499 35.35353535353535
 597 40.4040404040404
 315 45.45454545454545
 125 50.50505050505051
 60 55.55555555555555
 1 60.6060606060606
 270 65.65656565656565
 208 70.7070707070707
 569 75.75757575757575
 3 80.8080808080808
 2 85.85858585858585
 53 90.90909090909091
 5 95.95959595959596
 2 101.010101010101
 188 106.060606060606
 196 111.1111111111111
 382 116.1616161616162
 204 121.2121212121212
 80 126.2626262626263
 0 131.3131313131313
 2 136.3636363636363
 50 141.4141414141414
 97 146.4646464646464
 447 151.5151515151515
 307 156.5656565656566
 3 161.6161616161616
 1 166.6666666666667
 79 171.7171717171717
 37 176.7676767676768
 1 181.8181818181818
 2 186.8686868686869
 207 191.9191919191919
 227 196.969696969697
 32 202.020202020202
 91 207.070707070707
 173 212.1212121212121
 50 217.1717171717171
 125 222.2222222222222
 262 227.2727272727273
 146 232.3232323232323
 0 237.3737373737374
 24 242.4242424242424
 130 247.4747474747475
 14 252.5252525252525
 119 257.5757575757576
 125 262.6262626262626
 37 267.6767676767677
 245 272.7272727272727
 140 277.7777777777778
 458 282.8282828282828
 206 287.8787878787879
 2 292.9292929292929
 0 297.979797979798
 0 303.030303030303
 177 308.0808080808081
 22 313.1313131313131
 45 318.1818181818182
 34 323.2323232323232
 32 328.2828282828282
 147 333.3333333333333
 72 338.3838383838383
 16 343.4343434343434
 161 348.4848484848484
 84 353.5353535353535
 29 358.5858585858585
 2 363.6363636363636
 41 368.6868686868686
 41 373.7373737373737
 38 378.7878787878788
 0 383.8383838383838
 0 388.8888888888889
 318 393.9393939393939
 48 398.989898989899
 59 404.040404040404
 153 409.0909090909091
 135 414.1414141414141
 528 419.1919191919192
 21 424.2424242424242
 237 429.2929292929293
 181 434.3434343434343
 2 439.3939393939394
 51 444.4444444444444
 68 449.4949494949495
 64 454.5454545454545
 0 459.5959595959596
 0 464.6464646464646
 0 469.6969696969697
 0 474.7474747474747
 1 479.7979797979798
 13 484.8484848484848
 22 489.8989898989898
 64 494.9494949494949
 0 500


