# Created by Octave 3.8.2, Sat Jun 20 06:28:12 2020 CEST <damian@fptrucha.inv.usc.es>
# name: hd
# type: matrix
# rows: 100
# columns: 2
 2 0
 4 5.05050505050505
 3 10.1010101010101
 285 15.15151515151515
 3 20.2020202020202
 0 25.25252525252525
 188 30.3030303030303
 588 35.35353535353535
 661 40.4040404040404
 353 45.45454545454545
 143 50.50505050505051
 86 55.55555555555555
 1 60.6060606060606
 347 65.65656565656565
 223 70.7070707070707
 648 75.75757575757575
 1 80.8080808080808
 0 85.85858585858585
 60 90.90909090909091
 0 95.95959595959596
 2 101.010101010101
 192 106.060606060606
 191 111.1111111111111
 457 116.1616161616162
 251 121.2121212121212
 95 126.2626262626263
 2 131.3131313131313
 2 136.3636363636363
 72 141.4141414141414
 86 146.4646464646464
 473 151.5151515151515
 296 156.5656565656566
 3 161.6161616161616
 0 166.6666666666667
 82 171.7171717171717
 39 176.7676767676768
 0 181.8181818181818
 0 186.8686868686869
 209 191.9191919191919
 274 196.969696969697
 65 202.020202020202
 109 207.070707070707
 197 212.1212121212121
 69 217.1717171717171
 134 222.2222222222222
 289 227.2727272727273
 152 232.3232323232323
 2 237.3737373737374
 34 242.4242424242424
 138 247.4747474747475
 21 252.5252525252525
 129 257.5757575757576
 151 262.6262626262626
 61 267.6767676767677
 297 272.7272727272727
 164 277.7777777777778
 526 282.8282828282828
 222 287.8787878787879
 1 292.9292929292929
 0 297.979797979798
 2 303.030303030303
 216 308.0808080808081
 29 313.1313131313131
 39 318.1818181818182
 30 323.2323232323232
 42 328.2828282828282
 191 333.3333333333333
 71 338.3838383838383
 22 343.4343434343434
 227 348.4848484848484
 118 353.5353535353535
 39 358.5858585858585
 1 363.6363636363636
 47 368.6868686868686
 39 373.7373737373737
 41 378.7878787878788
 1 383.8383838383838
 0 388.8888888888889
 354 393.9393939393939
 71 398.989898989899
 74 404.040404040404
 189 409.0909090909091
 144 414.1414141414141
 591 419.1919191919192
 29 424.2424242424242
 263 429.2929292929293
 191 434.3434343434343
 4 439.3939393939394
 60 444.4444444444444
 89 449.4949494949495
 65 454.5454545454545
 1 459.5959595959596
 1 464.6464646464646
 1 469.6969696969697
 0 474.7474747474747
 1 479.7979797979798
 19 484.8484848484848
 22 489.8989898989898
 90 494.9494949494949
 0 500


