# Created by Octave 3.8.2, Mon Jun 22 16:16:02 2020 CEST <damian@fptrucha.inv.usc.es>
# name: hd
# type: matrix
# rows: 100
# columns: 2
 4 0
 3 5.05050505050505
 1 10.1010101010101
 277 15.15151515151515
 3 20.2020202020202
 0 25.25252525252525
 180 30.3030303030303
 521 35.35353535353535
 623 40.4040404040404
 325 45.45454545454545
 134 50.50505050505051
 72 55.55555555555555
 1 60.6060606060606
 261 65.65656565656565
 207 70.7070707070707
 560 75.75757575757575
 4 80.8080808080808
 1 85.85858585858585
 56 90.90909090909091
 3 95.95959595959596
 2 101.010101010101
 220 106.060606060606
 163 111.1111111111111
 420 116.1616161616162
 212 121.2121212121212
 87 126.2626262626263
 1 131.3131313131313
 3 136.3636363636363
 69 141.4141414141414
 101 146.4646464646464
 456 151.5151515151515
 240 156.5656565656566
 2 161.6161616161616
 1 166.6666666666667
 94 171.7171717171717
 39 176.7676767676768
 1 181.8181818181818
 1 186.8686868686869
 199 191.9191919191919
 292 196.969696969697
 55 202.020202020202
 102 207.070707070707
 196 212.1212121212121
 68 217.1717171717171
 109 222.2222222222222
 218 227.2727272727273
 158 232.3232323232323
 3 237.3737373737374
 25 242.4242424242424
 138 247.4747474747475
 15 252.5252525252525
 111 257.5757575757576
 130 262.6262626262626
 34 267.6767676767677
 270 272.7272727272727
 128 277.7777777777778
 430 282.8282828282828
 199 287.8787878787879
 1 292.9292929292929
 0 297.979797979798
 2 303.030303030303
 209 308.0808080808081
 20 313.1313131313131
 50 318.1818181818182
 32 323.2323232323232
 48 328.2828282828282
 168 333.3333333333333
 65 338.3838383838383
 28 343.4343434343434
 179 348.4848484848484
 96 353.5353535353535
 34 358.5858585858585
 3 363.6363636363636
 36 368.6868686868686
 35 373.7373737373737
 44 378.7878787878788
 3 383.8383838383838
 1 388.8888888888889
 277 393.9393939393939
 53 398.989898989899
 49 404.040404040404
 176 409.0909090909091
 175 414.1414141414141
 487 419.1919191919192
 26 424.2424242424242
 215 429.2929292929293
 185 434.3434343434343
 7 439.3939393939394
 63 444.4444444444444
 79 449.4949494949495
 62 454.5454545454545
 1 459.5959595959596
 3 464.6464646464646
 2 469.6969696969697
 0 474.7474747474747
 2 479.7979797979798
 23 484.8484848484848
 24 489.8989898989898
 96 494.9494949494949
 0 500


