# Created by Octave 3.8.2, Mon Jun 22 04:17:10 2020 CEST <damian@fptrucha.inv.usc.es>
# name: hd
# type: matrix
# rows: 100
# columns: 2
 1 0
 2 5.05050505050505
 2 10.1010101010101
 256 15.15151515151515
 4 20.2020202020202
 2 25.25252525252525
 119 30.3030303030303
 481 35.35353535353535
 496 40.4040404040404
 277 45.45454545454545
 118 50.50505050505051
 71 55.55555555555555
 1 60.6060606060606
 264 65.65656565656565
 219 70.7070707070707
 480 75.75757575757575
 2 80.8080808080808
 3 85.85858585858585
 54 90.90909090909091
 3 95.95959595959596
 3 101.010101010101
 164 106.060606060606
 160 111.1111111111111
 343 116.1616161616162
 167 121.2121212121212
 78 126.2626262626263
 1 131.3131313131313
 3 136.3636363636363
 64 141.4141414141414
 96 146.4646464646464
 421 151.5151515151515
 217 156.5656565656566
 1 161.6161616161616
 1 166.6666666666667
 67 171.7171717171717
 27 176.7676767676768
 0 181.8181818181818
 1 186.8686868686869
 172 191.9191919191919
 241 196.969696969697
 52 202.020202020202
 80 207.070707070707
 167 212.1212121212121
 38 217.1717171717171
 83 222.2222222222222
 227 227.2727272727273
 136 232.3232323232323
 1 237.3737373737374
 22 242.4242424242424
 121 247.4747474747475
 25 252.5252525252525
 94 257.5757575757576
 128 262.6262626262626
 39 267.6767676767677
 256 272.7272727272727
 141 277.7777777777778
 392 282.8282828282828
 162 287.8787878787879
 3 292.9292929292929
 2 297.979797979798
 0 303.030303030303
 192 308.0808080808081
 26 313.1313131313131
 38 318.1818181818182
 27 323.2323232323232
 42 328.2828282828282
 178 333.3333333333333
 76 338.3838383838383
 15 343.4343434343434
 178 348.4848484848484
 94 353.5353535353535
 19 358.5858585858585
 1 363.6363636363636
 48 368.6868686868686
 38 373.7373737373737
 36 378.7878787878788
 3 383.8383838383838
 0 388.8888888888889
 278 393.9393939393939
 52 398.989898989899
 55 404.040404040404
 140 409.0909090909091
 131 414.1414141414141
 521 419.1919191919192
 16 424.2424242424242
 230 429.2929292929293
 156 434.3434343434343
 5 439.3939393939394
 49 444.4444444444444
 70 449.4949494949495
 45 454.5454545454545
 1 459.5959595959596
 1 464.6464646464646
 2 469.6969696969697
 2 474.7474747474747
 2 479.7979797979798
 19 484.8484848484848
 14 489.8989898989898
 67 494.9494949494949
 0 500


