# Created by Octave 3.8.2, Mon Jun 22 09:04:41 2020 CEST <damian@fptrucha.inv.usc.es>
# name: hd
# type: matrix
# rows: 100
# columns: 2
 3 0
 6 5.05050505050505
 1 10.1010101010101
 286 15.15151515151515
 1 20.2020202020202
 1 25.25252525252525
 148 30.3030303030303
 559 35.35353535353535
 559 40.4040404040404
 284 45.45454545454545
 136 50.50505050505051
 66 55.55555555555555
 2 60.6060606060606
 269 65.65656565656565
 204 70.7070707070707
 556 75.75757575757575
 0 80.8080808080808
 0 85.85858585858585
 56 90.90909090909091
 4 95.95959595959596
 3 101.010101010101
 189 106.060606060606
 154 111.1111111111111
 410 116.1616161616162
 190 121.2121212121212
 86 126.2626262626263
 1 131.3131313131313
 3 136.3636363636363
 70 141.4141414141414
 88 146.4646464646464
 415 151.5151515151515
 219 156.5656565656566
 3 161.6161616161616
 1 166.6666666666667
 68 171.7171717171717
 31 176.7676767676768
 2 181.8181818181818
 1 186.8686868686869
 193 191.9191919191919
 281 196.969696969697
 42 202.020202020202
 76 207.070707070707
 193 212.1212121212121
 79 217.1717171717171
 111 222.2222222222222
 228 227.2727272727273
 126 232.3232323232323
 1 237.3737373737374
 21 242.4242424242424
 125 247.4747474747475
 33 252.5252525252525
 115 257.5757575757576
 122 262.6262626262626
 24 267.6767676767677
 267 272.7272727272727
 134 277.7777777777778
 448 282.8282828282828
 214 287.8787878787879
 1 292.9292929292929
 0 297.979797979798
 1 303.030303030303
 223 308.0808080808081
 20 313.1313131313131
 43 318.1818181818182
 26 323.2323232323232
 31 328.2828282828282
 172 333.3333333333333
 68 338.3838383838383
 18 343.4343434343434
 184 348.4848484848484
 108 353.5353535353535
 27 358.5858585858585
 2 363.6363636363636
 47 368.6868686868686
 33 373.7373737373737
 42 378.7878787878788
 4 383.8383838383838
 1 388.8888888888889
 329 393.9393939393939
 54 398.989898989899
 59 404.040404040404
 176 409.0909090909091
 150 414.1414141414141
 542 419.1919191919192
 21 424.2424242424242
 239 429.2929292929293
 167 434.3434343434343
 2 439.3939393939394
 57 444.4444444444444
 78 449.4949494949495
 42 454.5454545454545
 1 459.5959595959596
 3 464.6464646464646
 0 469.6969696969697
 1 474.7474747474747
 1 479.7979797979798
 22 484.8484848484848
 15 489.8989898989898
 63 494.9494949494949
 0 500


