# Created by Octave 3.8.2, Sat Jun 20 18:33:27 2020 CEST <damian@fptrucha.inv.usc.es>
# name: hd
# type: matrix
# rows: 100
# columns: 2
 1 0
 1 5.05050505050505
 1 10.1010101010101
 254 15.15151515151515
 1 20.2020202020202
 0 25.25252525252525
 151 30.3030303030303
 507 35.35353535353535
 625 40.4040404040404
 298 45.45454545454545
 143 50.50505050505051
 64 55.55555555555555
 1 60.6060606060606
 266 65.65656565656565
 206 70.7070707070707
 528 75.75757575757575
 0 80.8080808080808
 0 85.85858585858585
 54 90.90909090909091
 3 95.95959595959596
 1 101.010101010101
 190 106.060606060606
 171 111.1111111111111
 397 116.1616161616162
 200 121.2121212121212
 84 126.2626262626263
 2 131.3131313131313
 4 136.3636363636363
 65 141.4141414141414
 91 146.4646464646464
 443 151.5151515151515
 269 156.5656565656566
 1 161.6161616161616
 0 166.6666666666667
 72 171.7171717171717
 31 176.7676767676768
 0 181.8181818181818
 1 186.8686868686869
 177 191.9191919191919
 262 196.969696969697
 44 202.020202020202
 93 207.070707070707
 209 212.1212121212121
 60 217.1717171717171
 96 222.2222222222222
 206 227.2727272727273
 136 232.3232323232323
 0 237.3737373737374
 24 242.4242424242424
 124 247.4747474747475
 26 252.5252525252525
 116 257.5757575757576
 133 262.6262626262626
 39 267.6767676767677
 256 272.7272727272727
 147 277.7777777777778
 451 282.8282828282828
 194 287.8787878787879
 0 292.9292929292929
 0 297.979797979798
 0 303.030303030303
 234 308.0808080808081
 26 313.1313131313131
 39 318.1818181818182
 35 323.2323232323232
 46 328.2828282828282
 175 333.3333333333333
 55 338.3838383838383
 16 343.4343434343434
 197 348.4848484848484
 87 353.5353535353535
 23 358.5858585858585
 0 363.6363636363636
 52 368.6868686868686
 36 373.7373737373737
 36 378.7878787878788
 2 383.8383838383838
 0 388.8888888888889
 282 393.9393939393939
 53 398.989898989899
 63 404.040404040404
 168 409.0909090909091
 145 414.1414141414141
 559 419.1919191919192
 23 424.2424242424242
 240 429.2929292929293
 163 434.3434343434343
 9 439.3939393939394
 48 444.4444444444444
 76 449.4949494949495
 57 454.5454545454545
 0 459.5959595959596
 2 464.6464646464646
 3 469.6969696969697
 0 474.7474747474747
 2 479.7979797979798
 15 484.8484848484848
 23 489.8989898989898
 76 494.9494949494949
 0 500


