# Created by Octave 3.8.2, Mon Jun 22 20:55:45 2020 CEST <damian@fptrucha.inv.usc.es>
# name: hd
# type: matrix
# rows: 100
# columns: 2
 5 0
 3 5.05050505050505
 1 10.1010101010101
 306 15.15151515151515
 0 20.2020202020202
 0 25.25252525252525
 158 30.3030303030303
 547 35.35353535353535
 620 40.4040404040404
 313 45.45454545454545
 153 50.50505050505051
 76 55.55555555555555
 2 60.6060606060606
 292 65.65656565656565
 214 70.7070707070707
 600 75.75757575757575
 1 80.8080808080808
 1 85.85858585858585
 59 90.90909090909091
 5 95.95959595959596
 8 101.010101010101
 175 106.060606060606
 202 111.1111111111111
 454 116.1616161616162
 221 121.2121212121212
 81 126.2626262626263
 0 131.3131313131313
 2 136.3636363636363
 67 141.4141414141414
 103 146.4646464646464
 456 151.5151515151515
 261 156.5656565656566
 2 161.6161616161616
 0 166.6666666666667
 74 171.7171717171717
 34 176.7676767676768
 3 181.8181818181818
 1 186.8686868686869
 215 191.9191919191919
 287 196.969696969697
 51 202.020202020202
 95 207.070707070707
 172 212.1212121212121
 62 217.1717171717171
 128 222.2222222222222
 250 227.2727272727273
 130 232.3232323232323
 1 237.3737373737374
 28 242.4242424242424
 131 247.4747474747475
 32 252.5252525252525
 132 257.5757575757576
 147 262.6262626262626
 57 267.6767676767677
 301 272.7272727272727
 145 277.7777777777778
 453 282.8282828282828
 205 287.8787878787879
 3 292.9292929292929
 0 297.979797979798
 1 303.030303030303
 167 308.0808080808081
 22 313.1313131313131
 58 318.1818181818182
 30 323.2323232323232
 34 328.2828282828282
 166 333.3333333333333
 62 338.3838383838383
 26 343.4343434343434
 200 348.4848484848484
 127 353.5353535353535
 38 358.5858585858585
 2 363.6363636363636
 50 368.6868686868686
 49 373.7373737373737
 29 378.7878787878788
 0 383.8383838383838
 0 388.8888888888889
 334 393.9393939393939
 72 398.989898989899
 54 404.040404040404
 189 409.0909090909091
 178 414.1414141414141
 556 419.1919191919192
 20 424.2424242424242
 238 429.2929292929293
 207 434.3434343434343
 2 439.3939393939394
 57 444.4444444444444
 79 449.4949494949495
 68 454.5454545454545
 0 459.5959595959596
 0 464.6464646464646
 2 469.6969696969697
 3 474.7474747474747
 1 479.7979797979798
 35 484.8484848484848
 25 489.8989898989898
 86 494.9494949494949
 0 500


