# Created by Octave 3.8.2, Sun Jun 21 00:56:21 2020 CEST <damian@fptrucha.inv.usc.es>
# name: hd
# type: matrix
# rows: 100
# columns: 2
 0 0
 0 5.05050505050505
 1 10.1010101010101
 246 15.15151515151515
 2 20.2020202020202
 0 25.25252525252525
 146 30.3030303030303
 512 35.35353535353535
 579 40.4040404040404
 304 45.45454545454545
 121 50.50505050505051
 56 55.55555555555555
 2 60.6060606060606
 265 65.65656565656565
 206 70.7070707070707
 558 75.75757575757575
 2 80.8080808080808
 2 85.85858585858585
 79 90.90909090909091
 2 95.95959595959596
 5 101.010101010101
 169 106.060606060606
 172 111.1111111111111
 354 116.1616161616162
 197 121.2121212121212
 90 126.2626262626263
 0 131.3131313131313
 3 136.3636363636363
 45 141.4141414141414
 94 146.4646464646464
 435 151.5151515151515
 263 156.5656565656566
 2 161.6161616161616
 1 166.6666666666667
 62 171.7171717171717
 34 176.7676767676768
 0 181.8181818181818
 0 186.8686868686869
 169 191.9191919191919
 265 196.969696969697
 39 202.020202020202
 93 207.070707070707
 195 212.1212121212121
 64 217.1717171717171
 110 222.2222222222222
 235 227.2727272727273
 145 232.3232323232323
 0 237.3737373737374
 20 242.4242424242424
 130 247.4747474747475
 17 252.5252525252525
 126 257.5757575757576
 154 262.6262626262626
 24 267.6767676767677
 257 272.7272727272727
 139 277.7777777777778
 439 282.8282828282828
 206 287.8787878787879
 5 292.9292929292929
 0 297.979797979798
 0 303.030303030303
 201 308.0808080808081
 27 313.1313131313131
 45 318.1818181818182
 47 323.2323232323232
 24 328.2828282828282
 162 333.3333333333333
 71 338.3838383838383
 14 343.4343434343434
 192 348.4848484848484
 104 353.5353535353535
 29 358.5858585858585
 1 363.6363636363636
 46 368.6868686868686
 35 373.7373737373737
 42 378.7878787878788
 2 383.8383838383838
 1 388.8888888888889
 304 393.9393939393939
 53 398.989898989899
 72 404.040404040404
 163 409.0909090909091
 162 414.1414141414141
 575 419.1919191919192
 16 424.2424242424242
 225 429.2929292929293
 183 434.3434343434343
 4 439.3939393939394
 57 444.4444444444444
 75 449.4949494949495
 55 454.5454545454545
 0 459.5959595959596
 1 464.6464646464646
 0 469.6969696969697
 1 474.7474747474747
 2 479.7979797979798
 9 484.8484848484848
 28 489.8989898989898
 62 494.9494949494949
 0 500


