# Created by Octave 3.8.2, Sat Jun 20 14:44:22 2020 CEST <damian@fptrucha.inv.usc.es>
# name: hd
# type: matrix
# rows: 100
# columns: 2
 0 0
 3 5.05050505050505
 2 10.1010101010101
 323 15.15151515151515
 3 20.2020202020202
 0 25.25252525252525
 180 30.3030303030303
 541 35.35353535353535
 582 40.4040404040404
 348 45.45454545454545
 124 50.50505050505051
 69 55.55555555555555
 4 60.6060606060606
 271 65.65656565656565
 176 70.7070707070707
 550 75.75757575757575
 1 80.8080808080808
 1 85.85858585858585
 62 90.90909090909091
 5 95.95959595959596
 2 101.010101010101
 220 106.060606060606
 205 111.1111111111111
 414 116.1616161616162
 201 121.2121212121212
 105 126.2626262626263
 0 131.3131313131313
 2 136.3636363636363
 84 141.4141414141414
 101 146.4646464646464
 467 151.5151515151515
 282 156.5656565656566
 2 161.6161616161616
 1 166.6666666666667
 79 171.7171717171717
 35 176.7676767676768
 1 181.8181818181818
 1 186.8686868686869
 166 191.9191919191919
 275 196.969696969697
 49 202.020202020202
 110 207.070707070707
 218 212.1212121212121
 59 217.1717171717171
 103 222.2222222222222
 221 227.2727272727273
 149 232.3232323232323
 1 237.3737373737374
 23 242.4242424242424
 125 247.4747474747475
 20 252.5252525252525
 128 257.5757575757576
 128 262.6262626262626
 35 267.6767676767677
 269 272.7272727272727
 140 277.7777777777778
 495 282.8282828282828
 198 287.8787878787879
 0 292.9292929292929
 0 297.979797979798
 0 303.030303030303
 215 308.0808080808081
 29 313.1313131313131
 53 318.1818181818182
 31 323.2323232323232
 40 328.2828282828282
 192 333.3333333333333
 58 338.3838383838383
 18 343.4343434343434
 213 348.4848484848484
 105 353.5353535353535
 30 358.5858585858585
 1 363.6363636363636
 48 368.6868686868686
 41 373.7373737373737
 35 378.7878787878788
 0 383.8383838383838
 0 388.8888888888889
 343 393.9393939393939
 52 398.989898989899
 65 404.040404040404
 164 409.0909090909091
 141 414.1414141414141
 592 419.1919191919192
 21 424.2424242424242
 243 429.2929292929293
 192 434.3434343434343
 3 439.3939393939394
 54 444.4444444444444
 85 449.4949494949495
 54 454.5454545454545
 0 459.5959595959596
 1 464.6464646464646
 0 469.6969696969697
 3 474.7474747474747
 1 479.7979797979798
 26 484.8484848484848
 18 489.8989898989898
 73 494.9494949494949
 0 500


