# Created by Octave 3.8.2, Mon Jun 22 15:56:27 2020 CEST <damian@fptrucha.inv.usc.es>
# name: hd
# type: matrix
# rows: 100
# columns: 2
 1 0
 3 5.05050505050505
 1 10.1010101010101
 291 15.15151515151515
 5 20.2020202020202
 0 25.25252525252525
 149 30.3030303030303
 501 35.35353535353535
 585 40.4040404040404
 317 45.45454545454545
 134 50.50505050505051
 76 55.55555555555555
 0 60.6060606060606
 297 65.65656565656565
 207 70.7070707070707
 550 75.75757575757575
 5 80.8080808080808
 0 85.85858585858585
 66 90.90909090909091
 6 95.95959595959596
 1 101.010101010101
 173 106.060606060606
 181 111.1111111111111
 408 116.1616161616162
 217 121.2121212121212
 102 126.2626262626263
 0 131.3131313131313
 5 136.3636363636363
 77 141.4141414141414
 114 146.4646464646464
 455 151.5151515151515
 245 156.5656565656566
 2 161.6161616161616
 1 166.6666666666667
 70 171.7171717171717
 35 176.7676767676768
 1 181.8181818181818
 2 186.8686868686869
 220 191.9191919191919
 272 196.969696969697
 45 202.020202020202
 90 207.070707070707
 176 212.1212121212121
 49 217.1717171717171
 133 222.2222222222222
 235 227.2727272727273
 141 232.3232323232323
 3 237.3737373737374
 25 242.4242424242424
 149 247.4747474747475
 17 252.5252525252525
 109 257.5757575757576
 141 262.6262626262626
 44 267.6767676767677
 277 272.7272727272727
 144 277.7777777777778
 453 282.8282828282828
 183 287.8787878787879
 1 292.9292929292929
 2 297.979797979798
 2 303.030303030303
 225 308.0808080808081
 26 313.1313131313131
 39 318.1818181818182
 41 323.2323232323232
 55 328.2828282828282
 174 333.3333333333333
 55 338.3838383838383
 16 343.4343434343434
 188 348.4848484848484
 114 353.5353535353535
 27 358.5858585858585
 0 363.6363636363636
 43 368.6868686868686
 50 373.7373737373737
 41 378.7878787878788
 1 383.8383838383838
 3 388.8888888888889
 327 393.9393939393939
 65 398.989898989899
 57 404.040404040404
 184 409.0909090909091
 135 414.1414141414141
 560 419.1919191919192
 28 424.2424242424242
 241 429.2929292929293
 185 434.3434343434343
 0 439.3939393939394
 54 444.4444444444444
 81 449.4949494949495
 58 454.5454545454545
 2 459.5959595959596
 0 464.6464646464646
 0 469.6969696969697
 0 474.7474747474747
 4 479.7979797979798
 22 484.8484848484848
 23 489.8989898989898
 84 494.9494949494949
 0 500


