# Created by Octave 3.8.2, Sat Jun 20 04:14:22 2020 CEST <damian@fptrucha.inv.usc.es>
# name: hd
# type: matrix
# rows: 100
# columns: 2
 3 0
 1 5.05050505050505
 2 10.1010101010101
 301 15.15151515151515
 4 20.2020202020202
 0 25.25252525252525
 180 30.3030303030303
 608 35.35353535353535
 628 40.4040404040404
 312 45.45454545454545
 142 50.50505050505051
 77 55.55555555555555
 3 60.6060606060606
 306 65.65656565656565
 240 70.7070707070707
 587 75.75757575757575
 1 80.8080808080808
 2 85.85858585858585
 66 90.90909090909091
 2 95.95959595959596
 1 101.010101010101
 211 106.060606060606
 191 111.1111111111111
 426 116.1616161616162
 263 121.2121212121212
 102 126.2626262626263
 0 131.3131313131313
 1 136.3636363636363
 71 141.4141414141414
 89 146.4646464646464
 510 151.5151515151515
 301 156.5656565656566
 3 161.6161616161616
 1 166.6666666666667
 72 171.7171717171717
 32 176.7676767676768
 0 181.8181818181818
 2 186.8686868686869
 208 191.9191919191919
 261 196.969696969697
 41 202.020202020202
 101 207.070707070707
 176 212.1212121212121
 67 217.1717171717171
 112 222.2222222222222
 272 227.2727272727273
 123 232.3232323232323
 1 237.3737373737374
 23 242.4242424242424
 147 247.4747474747475
 28 252.5252525252525
 127 257.5757575757576
 145 262.6262626262626
 46 267.6767676767677
 252 272.7272727272727
 138 277.7777777777778
 495 282.8282828282828
 255 287.8787878787879
 1 292.9292929292929
 0 297.979797979798
 0 303.030303030303
 215 308.0808080808081
 22 313.1313131313131
 41 318.1818181818182
 31 323.2323232323232
 40 328.2828282828282
 207 333.3333333333333
 73 338.3838383838383
 17 343.4343434343434
 225 348.4848484848484
 88 353.5353535353535
 24 358.5858585858585
 0 363.6363636363636
 62 368.6868686868686
 48 373.7373737373737
 40 378.7878787878788
 0 383.8383838383838
 0 388.8888888888889
 360 393.9393939393939
 67 398.989898989899
 70 404.040404040404
 191 409.0909090909091
 135 414.1414141414141
 634 419.1919191919192
 28 424.2424242424242
 235 429.2929292929293
 201 434.3434343434343
 2 439.3939393939394
 60 444.4444444444444
 90 449.4949494949495
 61 454.5454545454545
 1 459.5959595959596
 1 464.6464646464646
 2 469.6969696969697
 0 474.7474747474747
 1 479.7979797979798
 22 484.8484848484848
 20 489.8989898989898
 83 494.9494949494949
 0 500


