# Created by Octave 3.8.2, Sat Jun 20 12:41:05 2020 CEST <damian@fptrucha.inv.usc.es>
# name: hd
# type: matrix
# rows: 100
# columns: 2
 3 0
 4 5.05050505050505
 0 10.1010101010101
 284 15.15151515151515
 0 20.2020202020202
 0 25.25252525252525
 190 30.3030303030303
 568 35.35353535353535
 635 40.4040404040404
 331 45.45454545454545
 141 50.50505050505051
 77 55.55555555555555
 1 60.6060606060606
 274 65.65656565656565
 220 70.7070707070707
 611 75.75757575757575
 2 80.8080808080808
 1 85.85858585858585
 65 90.90909090909091
 2 95.95959595959596
 0 101.010101010101
 209 106.060606060606
 206 111.1111111111111
 423 116.1616161616162
 210 121.2121212121212
 99 126.2626262626263
 0 131.3131313131313
 1 136.3636363636363
 74 141.4141414141414
 97 146.4646464646464
 492 151.5151515151515
 280 156.5656565656566
 0 161.6161616161616
 0 166.6666666666667
 70 171.7171717171717
 41 176.7676767676768
 0 181.8181818181818
 1 186.8686868686869
 192 191.9191919191919
 282 196.969696969697
 53 202.020202020202
 114 207.070707070707
 219 212.1212121212121
 65 217.1717171717171
 99 222.2222222222222
 232 227.2727272727273
 141 232.3232323232323
 1 237.3737373737374
 14 242.4242424242424
 120 247.4747474747475
 19 252.5252525252525
 119 257.5757575757576
 143 262.6262626262626
 30 267.6767676767677
 303 272.7272727272727
 147 277.7777777777778
 487 282.8282828282828
 202 287.8787878787879
 0 292.9292929292929
 1 297.979797979798
 0 303.030303030303
 220 308.0808080808081
 25 313.1313131313131
 54 318.1818181818182
 33 323.2323232323232
 43 328.2828282828282
 199 333.3333333333333
 74 338.3838383838383
 20 343.4343434343434
 212 348.4848484848484
 102 353.5353535353535
 19 358.5858585858585
 3 363.6363636363636
 46 368.6868686868686
 47 373.7373737373737
 38 378.7878787878788
 0 383.8383838383838
 0 388.8888888888889
 322 393.9393939393939
 61 398.989898989899
 96 404.040404040404
 188 409.0909090909091
 155 414.1414141414141
 590 419.1919191919192
 20 424.2424242424242
 238 429.2929292929293
 188 434.3434343434343
 3 439.3939393939394
 62 444.4444444444444
 82 449.4949494949495
 58 454.5454545454545
 1 459.5959595959596
 0 464.6464646464646
 0 469.6969696969697
 1 474.7474747474747
 2 479.7979797979798
 17 484.8484848484848
 35 489.8989898989898
 87 494.9494949494949
 0 500


