# Created by Octave 3.8.2, Sat Jun 20 04:26:45 2020 CEST <damian@fptrucha.inv.usc.es>
# name: hd
# type: matrix
# rows: 100
# columns: 2
 1 0
 2 5.05050505050505
 1 10.1010101010101
 322 15.15151515151515
 2 20.2020202020202
 1 25.25252525252525
 166 30.3030303030303
 593 35.35353535353535
 664 40.4040404040404
 332 45.45454545454545
 142 50.50505050505051
 77 55.55555555555555
 0 60.6060606060606
 290 65.65656565656565
 211 70.7070707070707
 583 75.75757575757575
 1 80.8080808080808
 0 85.85858585858585
 78 90.90909090909091
 6 95.95959595959596
 2 101.010101010101
 215 106.060606060606
 180 111.1111111111111
 474 116.1616161616162
 237 121.2121212121212
 88 126.2626262626263
 0 131.3131313131313
 3 136.3636363636363
 71 141.4141414141414
 99 146.4646464646464
 501 151.5151515151515
 319 156.5656565656566
 3 161.6161616161616
 2 166.6666666666667
 75 171.7171717171717
 26 176.7676767676768
 1 181.8181818181818
 2 186.8686868686869
 250 191.9191919191919
 293 196.969696969697
 51 202.020202020202
 99 207.070707070707
 181 212.1212121212121
 68 217.1717171717171
 119 222.2222222222222
 266 227.2727272727273
 132 232.3232323232323
 2 237.3737373737374
 27 242.4242424242424
 148 247.4747474747475
 36 252.5252525252525
 134 257.5757575757576
 168 262.6262626262626
 35 267.6767676767677
 260 272.7272727272727
 160 277.7777777777778
 542 282.8282828282828
 252 287.8787878787879
 4 292.9292929292929
 0 297.979797979798
 1 303.030303030303
 250 308.0808080808081
 29 313.1313131313131
 43 318.1818181818182
 40 323.2323232323232
 37 328.2828282828282
 191 333.3333333333333
 77 338.3838383838383
 19 343.4343434343434
 187 348.4848484848484
 103 353.5353535353535
 31 358.5858585858585
 0 363.6363636363636
 54 368.6868686868686
 38 373.7373737373737
 42 378.7878787878788
 1 383.8383838383838
 0 388.8888888888889
 344 393.9393939393939
 58 398.989898989899
 70 404.040404040404
 185 409.0909090909091
 183 414.1414141414141
 665 419.1919191919192
 22 424.2424242424242
 248 429.2929292929293
 180 434.3434343434343
 3 439.3939393939394
 52 444.4444444444444
 69 449.4949494949495
 74 454.5454545454545
 1 459.5959595959596
 0 464.6464646464646
 1 469.6969696969697
 0 474.7474747474747
 1 479.7979797979798
 24 484.8484848484848
 25 489.8989898989898
 70 494.9494949494949
 0 500


