# Created by Octave 3.8.2, Mon Jun 22 01:24:07 2020 CEST <damian@fptrucha.inv.usc.es>
# name: hd
# type: matrix
# rows: 100
# columns: 2
 1 0
 2 5.05050505050505
 4 10.1010101010101
 269 15.15151515151515
 3 20.2020202020202
 0 25.25252525252525
 145 30.3030303030303
 499 35.35353535353535
 576 40.4040404040404
 303 45.45454545454545
 112 50.50505050505051
 47 55.55555555555555
 1 60.6060606060606
 246 65.65656565656565
 207 70.7070707070707
 556 75.75757575757575
 0 80.8080808080808
 2 85.85858585858585
 76 90.90909090909091
 5 95.95959595959596
 2 101.010101010101
 182 106.060606060606
 170 111.1111111111111
 396 116.1616161616162
 200 121.2121212121212
 93 126.2626262626263
 3 131.3131313131313
 1 136.3636363636363
 57 141.4141414141414
 76 146.4646464646464
 466 151.5151515151515
 240 156.5656565656566
 4 161.6161616161616
 0 166.6666666666667
 72 171.7171717171717
 26 176.7676767676768
 2 181.8181818181818
 0 186.8686868686869
 166 191.9191919191919
 237 196.969696969697
 44 202.020202020202
 72 207.070707070707
 189 212.1212121212121
 64 217.1717171717171
 109 222.2222222222222
 230 227.2727272727273
 127 232.3232323232323
 1 237.3737373737374
 21 242.4242424242424
 121 247.4747474747475
 25 252.5252525252525
 119 257.5757575757576
 145 262.6262626262626
 34 267.6767676767677
 270 272.7272727272727
 127 277.7777777777778
 407 282.8282828282828
 170 287.8787878787879
 0 292.9292929292929
 2 297.979797979798
 0 303.030303030303
 187 308.0808080808081
 28 313.1313131313131
 37 318.1818181818182
 33 323.2323232323232
 38 328.2828282828282
 183 333.3333333333333
 46 338.3838383838383
 13 343.4343434343434
 148 348.4848484848484
 89 353.5353535353535
 20 358.5858585858585
 3 363.6363636363636
 52 368.6868686868686
 37 373.7373737373737
 30 378.7878787878788
 0 383.8383838383838
 0 388.8888888888889
 313 393.9393939393939
 49 398.989898989899
 64 404.040404040404
 179 409.0909090909091
 153 414.1414141414141
 552 419.1919191919192
 15 424.2424242424242
 216 429.2929292929293
 180 434.3434343434343
 2 439.3939393939394
 59 444.4444444444444
 74 449.4949494949495
 48 454.5454545454545
 0 459.5959595959596
 0 464.6464646464646
 0 469.6969696969697
 0 474.7474747474747
 1 479.7979797979798
 19 484.8484848484848
 18 489.8989898989898
 64 494.9494949494949
 0 500


