# Created by Octave 3.8.2, Sun Jun 21 04:30:58 2020 CEST <damian@fptrucha.inv.usc.es>
# name: hd
# type: matrix
# rows: 100
# columns: 2
 0 0
 5 5.05050505050505
 1 10.1010101010101
 262 15.15151515151515
 2 20.2020202020202
 0 25.25252525252525
 160 30.3030303030303
 473 35.35353535353535
 595 40.4040404040404
 312 45.45454545454545
 128 50.50505050505051
 56 55.55555555555555
 1 60.6060606060606
 297 65.65656565656565
 206 70.7070707070707
 504 75.75757575757575
 0 80.8080808080808
 2 85.85858585858585
 45 90.90909090909091
 3 95.95959595959596
 0 101.010101010101
 161 106.060606060606
 196 111.1111111111111
 376 116.1616161616162
 194 121.2121212121212
 82 126.2626262626263
 0 131.3131313131313
 1 136.3636363636363
 61 141.4141414141414
 86 146.4646464646464
 418 151.5151515151515
 260 156.5656565656566
 1 161.6161616161616
 0 166.6666666666667
 63 171.7171717171717
 38 176.7676767676768
 0 181.8181818181818
 0 186.8686868686869
 168 191.9191919191919
 287 196.969696969697
 55 202.020202020202
 89 207.070707070707
 177 212.1212121212121
 66 217.1717171717171
 108 222.2222222222222
 229 227.2727272727273
 121 232.3232323232323
 1 237.3737373737374
 24 242.4242424242424
 147 247.4747474747475
 21 252.5252525252525
 127 257.5757575757576
 131 262.6262626262626
 41 267.6767676767677
 267 272.7272727272727
 140 277.7777777777778
 452 282.8282828282828
 202 287.8787878787879
 0 292.9292929292929
 3 297.979797979798
 0 303.030303030303
 194 308.0808080808081
 23 313.1313131313131
 51 318.1818181818182
 30 323.2323232323232
 39 328.2828282828282
 167 333.3333333333333
 67 338.3838383838383
 17 343.4343434343434
 192 348.4848484848484
 96 353.5353535353535
 29 358.5858585858585
 3 363.6363636363636
 50 368.6868686868686
 39 373.7373737373737
 32 378.7878787878788
 1 383.8383838383838
 0 388.8888888888889
 308 393.9393939393939
 60 398.989898989899
 67 404.040404040404
 169 409.0909090909091
 132 414.1414141414141
 576 419.1919191919192
 19 424.2424242424242
 230 429.2929292929293
 177 434.3434343434343
 4 439.3939393939394
 44 444.4444444444444
 64 449.4949494949495
 47 454.5454545454545
 1 459.5959595959596
 0 464.6464646464646
 1 469.6969696969697
 0 474.7474747474747
 3 479.7979797979798
 20 484.8484848484848
 15 489.8989898989898
 62 494.9494949494949
 0 500


