# Created by Octave 3.8.2, Mon Jun 22 09:50:53 2020 CEST <damian@fptrucha.inv.usc.es>
# name: hd
# type: matrix
# rows: 100
# columns: 2
 3 0
 5 5.05050505050505
 1 10.1010101010101
 281 15.15151515151515
 5 20.2020202020202
 1 25.25252525252525
 133 30.3030303030303
 514 35.35353535353535
 642 40.4040404040404
 309 45.45454545454545
 135 50.50505050505051
 56 55.55555555555555
 2 60.6060606060606
 270 65.65656565656565
 217 70.7070707070707
 535 75.75757575757575
 2 80.8080808080808
 1 85.85858585858585
 65 90.90909090909091
 4 95.95959595959596
 0 101.010101010101
 195 106.060606060606
 162 111.1111111111111
 410 116.1616161616162
 186 121.2121212121212
 97 126.2626262626263
 1 131.3131313131313
 1 136.3636363636363
 53 141.4141414141414
 85 146.4646464646464
 467 151.5151515151515
 247 156.5656565656566
 3 161.6161616161616
 0 166.6666666666667
 80 171.7171717171717
 38 176.7676767676768
 0 181.8181818181818
 3 186.8686868686869
 154 191.9191919191919
 245 196.969696969697
 43 202.020202020202
 109 207.070707070707
 196 212.1212121212121
 53 217.1717171717171
 108 222.2222222222222
 238 227.2727272727273
 142 232.3232323232323
 0 237.3737373737374
 20 242.4242424242424
 156 247.4747474747475
 32 252.5252525252525
 109 257.5757575757576
 114 262.6262626262626
 40 267.6767676767677
 284 272.7272727272727
 136 277.7777777777778
 450 282.8282828282828
 205 287.8787878787879
 1 292.9292929292929
 2 297.979797979798
 0 303.030303030303
 193 308.0808080808081
 26 313.1313131313131
 37 318.1818181818182
 38 323.2323232323232
 45 328.2828282828282
 176 333.3333333333333
 74 338.3838383838383
 16 343.4343434343434
 181 348.4848484848484
 93 353.5353535353535
 32 358.5858585858585
 2 363.6363636363636
 49 368.6868686868686
 45 373.7373737373737
 39 378.7878787878788
 0 383.8383838383838
 1 388.8888888888889
 322 393.9393939393939
 69 398.989898989899
 73 404.040404040404
 162 409.0909090909091
 137 414.1414141414141
 522 419.1919191919192
 17 424.2424242424242
 219 429.2929292929293
 172 434.3434343434343
 0 439.3939393939394
 68 444.4444444444444
 70 449.4949494949495
 55 454.5454545454545
 0 459.5959595959596
 0 464.6464646464646
 0 469.6969696969697
 1 474.7474747474747
 3 479.7979797979798
 19 484.8484848484848
 14 489.8989898989898
 69 494.9494949494949
 0 500


