# Created by Octave 3.8.2, Mon Jun 22 05:40:04 2020 CEST <damian@fptrucha.inv.usc.es>
# name: hd
# type: matrix
# rows: 100
# columns: 2
 4 0
 7 5.05050505050505
 1 10.1010101010101
 302 15.15151515151515
 4 20.2020202020202
 1 25.25252525252525
 146 30.3030303030303
 482 35.35353535353535
 572 40.4040404040404
 317 45.45454545454545
 134 50.50505050505051
 68 55.55555555555555
 2 60.6060606060606
 251 65.65656565656565
 201 70.7070707070707
 543 75.75757575757575
 2 80.8080808080808
 1 85.85858585858585
 50 90.90909090909091
 4 95.95959595959596
 3 101.010101010101
 156 106.060606060606
 138 111.1111111111111
 350 116.1616161616162
 190 121.2121212121212
 78 126.2626262626263
 0 131.3131313131313
 2 136.3636363636363
 60 141.4141414141414
 91 146.4646464646464
 425 151.5151515151515
 234 156.5656565656566
 2 161.6161616161616
 2 166.6666666666667
 88 171.7171717171717
 34 176.7676767676768
 0 181.8181818181818
 3 186.8686868686869
 188 191.9191919191919
 232 196.969696969697
 42 202.020202020202
 63 207.070707070707
 168 212.1212121212121
 47 217.1717171717171
 116 222.2222222222222
 208 227.2727272727273
 142 232.3232323232323
 1 237.3737373737374
 21 242.4242424242424
 136 247.4747474747475
 22 252.5252525252525
 104 257.5757575757576
 99 262.6262626262626
 53 267.6767676767677
 253 272.7272727272727
 131 277.7777777777778
 410 282.8282828282828
 181 287.8787878787879
 4 292.9292929292929
 1 297.979797979798
 0 303.030303030303
 193 308.0808080808081
 30 313.1313131313131
 31 318.1818181818182
 27 323.2323232323232
 46 328.2828282828282
 171 333.3333333333333
 62 338.3838383838383
 24 343.4343434343434
 160 348.4848484848484
 76 353.5353535353535
 21 358.5858585858585
 4 363.6363636363636
 38 368.6868686868686
 40 373.7373737373737
 29 378.7878787878788
 1 383.8383838383838
 0 388.8888888888889
 262 393.9393939393939
 56 398.989898989899
 59 404.040404040404
 156 409.0909090909091
 133 414.1414141414141
 492 419.1919191919192
 24 424.2424242424242
 217 429.2929292929293
 169 434.3434343434343
 5 439.3939393939394
 58 444.4444444444444
 66 449.4949494949495
 50 454.5454545454545
 2 459.5959595959596
 1 464.6464646464646
 0 469.6969696969697
 1 474.7474747474747
 1 479.7979797979798
 23 484.8484848484848
 24 489.8989898989898
 72 494.9494949494949
 0 500


