# Created by Octave 3.8.2, Mon Jun 22 22:21:40 2020 CEST <damian@fptrucha.inv.usc.es>
# name: hd
# type: matrix
# rows: 100
# columns: 2
 1 0
 2 5.05050505050505
 1 10.1010101010101
 308 15.15151515151515
 2 20.2020202020202
 3 25.25252525252525
 173 30.3030303030303
 555 35.35353535353535
 640 40.4040404040404
 343 45.45454545454545
 130 50.50505050505051
 76 55.55555555555555
 3 60.6060606060606
 293 65.65656565656565
 210 70.7070707070707
 603 75.75757575757575
 1 80.8080808080808
 0 85.85858585858585
 62 90.90909090909091
 4 95.95959595959596
 6 101.010101010101
 212 106.060606060606
 154 111.1111111111111
 447 116.1616161616162
 226 121.2121212121212
 89 126.2626262626263
 0 131.3131313131313
 2 136.3636363636363
 63 141.4141414141414
 86 146.4646464646464
 511 151.5151515151515
 288 156.5656565656566
 1 161.6161616161616
 0 166.6666666666667
 85 171.7171717171717
 34 176.7676767676768
 0 181.8181818181818
 1 186.8686868686869
 201 191.9191919191919
 274 196.969696969697
 53 202.020202020202
 107 207.070707070707
 185 212.1212121212121
 49 217.1717171717171
 94 222.2222222222222
 252 227.2727272727273
 160 232.3232323232323
 1 237.3737373737374
 21 242.4242424242424
 169 247.4747474747475
 22 252.5252525252525
 126 257.5757575757576
 119 262.6262626262626
 48 267.6767676767677
 271 272.7272727272727
 163 277.7777777777778
 483 282.8282828282828
 220 287.8787878787879
 1 292.9292929292929
 0 297.979797979798
 0 303.030303030303
 223 308.0808080808081
 24 313.1313131313131
 52 318.1818181818182
 30 323.2323232323232
 31 328.2828282828282
 201 333.3333333333333
 59 338.3838383838383
 24 343.4343434343434
 209 348.4848484848484
 110 353.5353535353535
 25 358.5858585858585
 4 363.6363636363636
 54 368.6868686868686
 42 373.7373737373737
 43 378.7878787878788
 0 383.8383838383838
 2 388.8888888888889
 326 393.9393939393939
 62 398.989898989899
 74 404.040404040404
 178 409.0909090909091
 161 414.1414141414141
 536 419.1919191919192
 19 424.2424242424242
 239 429.2929292929293
 198 434.3434343434343
 3 439.3939393939394
 67 444.4444444444444
 79 449.4949494949495
 53 454.5454545454545
 1 459.5959595959596
 1 464.6464646464646
 0 469.6969696969697
 0 474.7474747474747
 0 479.7979797979798
 22 484.8484848484848
 29 489.8989898989898
 60 494.9494949494949
 0 500


