# Created by Octave 3.8.2, Mon Jun 22 05:13:09 2020 CEST <damian@fptrucha.inv.usc.es>
# name: hd
# type: matrix
# rows: 100
# columns: 2
 0 0
 6 5.05050505050505
 2 10.1010101010101
 177 15.15151515151515
 2 20.2020202020202
 1 25.25252525252525
 85 30.3030303030303
 329 35.35353535353535
 386 40.4040404040404
 163 45.45454545454545
 94 50.50505050505051
 35 55.55555555555555
 1 60.6060606060606
 166 65.65656565656565
 135 70.7070707070707
 339 75.75757575757575
 1 80.8080808080808
 2 85.85858585858585
 47 90.90909090909091
 7 95.95959595959596
 2 101.010101010101
 124 106.060606060606
 85 111.1111111111111
 215 116.1616161616162
 121 121.2121212121212
 47 126.2626262626263
 0 131.3131313131313
 1 136.3636363636363
 38 141.4141414141414
 75 146.4646464646464
 233 151.5151515151515
 164 156.5656565656566
 3 161.6161616161616
 0 166.6666666666667
 49 171.7171717171717
 16 176.7676767676768
 1 181.8181818181818
 0 186.8686868686869
 111 191.9191919191919
 146 196.969696969697
 33 202.020202020202
 51 207.070707070707
 114 212.1212121212121
 39 217.1717171717171
 73 222.2222222222222
 124 227.2727272727273
 91 232.3232323232323
 0 237.3737373737374
 22 242.4242424242424
 63 247.4747474747475
 13 252.5252525252525
 61 257.5757575757576
 72 262.6262626262626
 24 267.6767676767677
 165 272.7272727272727
 93 277.7777777777778
 286 282.8282828282828
 123 287.8787878787879
 1 292.9292929292929
 1 297.979797979798
 0 303.030303030303
 129 308.0808080808081
 22 313.1313131313131
 19 318.1818181818182
 16 323.2323232323232
 28 328.2828282828282
 121 333.3333333333333
 40 338.3838383838383
 14 343.4343434343434
 112 348.4848484848484
 58 353.5353535353535
 16 358.5858585858585
 4 363.6363636363636
 22 368.6868686868686
 36 373.7373737373737
 22 378.7878787878788
 0 383.8383838383838
 0 388.8888888888889
 205 393.9393939393939
 41 398.989898989899
 34 404.040404040404
 101 409.0909090909091
 95 414.1414141414141
 355 419.1919191919192
 17 424.2424242424242
 163 429.2929292929293
 107 434.3434343434343
 2 439.3939393939394
 25 444.4444444444444
 44 449.4949494949495
 39 454.5454545454545
 0 459.5959595959596
 0 464.6464646464646
 0 469.6969696969697
 0 474.7474747474747
 1 479.7979797979798
 14 484.8484848484848
 16 489.8989898989898
 41 494.9494949494949
 0 500


