# Created by Octave 3.8.2, Mon Jun 22 10:33:02 2020 CEST <damian@fptrucha.inv.usc.es>
# name: hd
# type: matrix
# rows: 100
# columns: 2
 1 0
 2 5.05050505050505
 2 10.1010101010101
 279 15.15151515151515
 5 20.2020202020202
 0 25.25252525252525
 150 30.3030303030303
 507 35.35353535353535
 577 40.4040404040404
 298 45.45454545454545
 113 50.50505050505051
 70 55.55555555555555
 2 60.6060606060606
 258 65.65656565656565
 198 70.7070707070707
 531 75.75757575757575
 6 80.8080808080808
 1 85.85858585858585
 62 90.90909090909091
 3 95.95959595959596
 5 101.010101010101
 166 106.060606060606
 172 111.1111111111111
 420 116.1616161616162
 196 121.2121212121212
 70 126.2626262626263
 0 131.3131313131313
 2 136.3636363636363
 75 141.4141414141414
 108 146.4646464646464
 422 151.5151515151515
 237 156.5656565656566
 4 161.6161616161616
 0 166.6666666666667
 59 171.7171717171717
 31 176.7676767676768
 0 181.8181818181818
 0 186.8686868686869
 167 191.9191919191919
 241 196.969696969697
 56 202.020202020202
 85 207.070707070707
 175 212.1212121212121
 54 217.1717171717171
 101 222.2222222222222
 203 227.2727272727273
 158 232.3232323232323
 1 237.3737373737374
 22 242.4242424242424
 121 247.4747474747475
 22 252.5252525252525
 115 257.5757575757576
 139 262.6262626262626
 37 267.6767676767677
 267 272.7272727272727
 135 277.7777777777778
 461 282.8282828282828
 184 287.8787878787879
 0 292.9292929292929
 0 297.979797979798
 1 303.030303030303
 202 308.0808080808081
 22 313.1313131313131
 33 318.1818181818182
 27 323.2323232323232
 44 328.2828282828282
 155 333.3333333333333
 62 338.3838383838383
 21 343.4343434343434
 196 348.4848484848484
 97 353.5353535353535
 25 358.5858585858585
 2 363.6363636363636
 46 368.6868686868686
 30 373.7373737373737
 38 378.7878787878788
 1 383.8383838383838
 0 388.8888888888889
 308 393.9393939393939
 78 398.989898989899
 72 404.040404040404
 185 409.0909090909091
 145 414.1414141414141
 518 419.1919191919192
 27 424.2424242424242
 239 429.2929292929293
 157 434.3434343434343
 5 439.3939393939394
 55 444.4444444444444
 83 449.4949494949495
 54 454.5454545454545
 0 459.5959595959596
 1 464.6464646464646
 0 469.6969696969697
 1 474.7474747474747
 2 479.7979797979798
 26 484.8484848484848
 20 489.8989898989898
 68 494.9494949494949
 0 500


