# Created by Octave 3.8.2, Sat Jun 20 22:19:15 2020 CEST <damian@fptrucha.inv.usc.es>
# name: hd
# type: matrix
# rows: 100
# columns: 2
 0 0
 2 5.05050505050505
 1 10.1010101010101
 246 15.15151515151515
 0 20.2020202020202
 1 25.25252525252525
 156 30.3030303030303
 527 35.35353535353535
 632 40.4040404040404
 304 45.45454545454545
 116 50.50505050505051
 55 55.55555555555555
 0 60.6060606060606
 278 65.65656565656565
 180 70.7070707070707
 558 75.75757575757575
 0 80.8080808080808
 0 85.85858585858585
 49 90.90909090909091
 4 95.95959595959596
 1 101.010101010101
 164 106.060606060606
 184 111.1111111111111
 393 116.1616161616162
 198 121.2121212121212
 102 126.2626262626263
 1 131.3131313131313
 1 136.3636363636363
 73 141.4141414141414
 87 146.4646464646464
 441 151.5151515151515
 241 156.5656565656566
 2 161.6161616161616
 0 166.6666666666667
 68 171.7171717171717
 31 176.7676767676768
 1 181.8181818181818
 0 186.8686868686869
 180 191.9191919191919
 262 196.969696969697
 41 202.020202020202
 82 207.070707070707
 185 212.1212121212121
 66 217.1717171717171
 118 222.2222222222222
 204 227.2727272727273
 125 232.3232323232323
 0 237.3737373737374
 16 242.4242424242424
 130 247.4747474747475
 16 252.5252525252525
 114 257.5757575757576
 137 262.6262626262626
 40 267.6767676767677
 221 272.7272727272727
 135 277.7777777777778
 487 282.8282828282828
 205 287.8787878787879
 1 292.9292929292929
 0 297.979797979798
 1 303.030303030303
 197 308.0808080808081
 22 313.1313131313131
 40 318.1818181818182
 31 323.2323232323232
 37 328.2828282828282
 182 333.3333333333333
 62 338.3838383838383
 22 343.4343434343434
 170 348.4848484848484
 83 353.5353535353535
 28 358.5858585858585
 0 363.6363636363636
 43 368.6868686868686
 34 373.7373737373737
 37 378.7878787878788
 0 383.8383838383838
 1 388.8888888888889
 319 393.9393939393939
 53 398.989898989899
 56 404.040404040404
 167 409.0909090909091
 131 414.1414141414141
 547 419.1919191919192
 28 424.2424242424242
 244 429.2929292929293
 161 434.3434343434343
 0 439.3939393939394
 69 444.4444444444444
 78 449.4949494949495
 58 454.5454545454545
 0 459.5959595959596
 1 464.6464646464646
 1 469.6969696969697
 0 474.7474747474747
 0 479.7979797979798
 22 484.8484848484848
 15 489.8989898989898
 74 494.9494949494949
 0 500


