# Created by Octave 3.8.2, Sat Jun 20 16:03:16 2020 CEST <damian@fptrucha.inv.usc.es>
# name: hd
# type: matrix
# rows: 100
# columns: 2
 0 0
 2 5.05050505050505
 1 10.1010101010101
 271 15.15151515151515
 2 20.2020202020202
 0 25.25252525252525
 151 30.3030303030303
 505 35.35353535353535
 622 40.4040404040404
 324 45.45454545454545
 124 50.50505050505051
 51 55.55555555555555
 2 60.6060606060606
 306 65.65656565656565
 182 70.7070707070707
 589 75.75757575757575
 2 80.8080808080808
 1 85.85858585858585
 55 90.90909090909091
 2 95.95959595959596
 3 101.010101010101
 180 106.060606060606
 189 111.1111111111111
 396 116.1616161616162
 234 121.2121212121212
 87 126.2626262626263
 1 131.3131313131313
 5 136.3636363636363
 60 141.4141414141414
 97 146.4646464646464
 437 151.5151515151515
 279 156.5656565656566
 3 161.6161616161616
 1 166.6666666666667
 72 171.7171717171717
 36 176.7676767676768
 0 181.8181818181818
 0 186.8686868686869
 186 191.9191919191919
 288 196.969696969697
 54 202.020202020202
 101 207.070707070707
 211 212.1212121212121
 66 217.1717171717171
 96 222.2222222222222
 224 227.2727272727273
 139 232.3232323232323
 0 237.3737373737374
 17 242.4242424242424
 156 247.4747474747475
 16 252.5252525252525
 141 257.5757575757576
 152 262.6262626262626
 36 267.6767676767677
 284 272.7272727272727
 156 277.7777777777778
 455 282.8282828282828
 208 287.8787878787879
 0 292.9292929292929
 0 297.979797979798
 1 303.030303030303
 232 308.0808080808081
 24 313.1313131313131
 45 318.1818181818182
 31 323.2323232323232
 46 328.2828282828282
 166 333.3333333333333
 70 338.3838383838383
 19 343.4343434343434
 194 348.4848484848484
 109 353.5353535353535
 29 358.5858585858585
 1 363.6363636363636
 49 368.6868686868686
 30 373.7373737373737
 35 378.7878787878788
 0 383.8383838383838
 0 388.8888888888889
 294 393.9393939393939
 64 398.989898989899
 67 404.040404040404
 171 409.0909090909091
 144 414.1414141414141
 558 419.1919191919192
 20 424.2424242424242
 263 429.2929292929293
 178 434.3434343434343
 4 439.3939393939394
 53 444.4444444444444
 76 449.4949494949495
 42 454.5454545454545
 1 459.5959595959596
 1 464.6464646464646
 2 469.6969696969697
 2 474.7474747474747
 0 479.7979797979798
 27 484.8484848484848
 24 489.8989898989898
 74 494.9494949494949
 0 500


