# Created by Octave 3.8.2, Mon Jun 22 15:54:13 2020 CEST <damian@fptrucha.inv.usc.es>
# name: hd
# type: matrix
# rows: 100
# columns: 2
 4 0
 4 5.05050505050505
 2 10.1010101010101
 252 15.15151515151515
 2 20.2020202020202
 2 25.25252525252525
 174 30.3030303030303
 579 35.35353535353535
 597 40.4040404040404
 296 45.45454545454545
 147 50.50505050505051
 71 55.55555555555555
 0 60.6060606060606
 264 65.65656565656565
 213 70.7070707070707
 537 75.75757575757575
 1 80.8080808080808
 1 85.85858585858585
 60 90.90909090909091
 5 95.95959595959596
 0 101.010101010101
 188 106.060606060606
 181 111.1111111111111
 419 116.1616161616162
 198 121.2121212121212
 95 126.2626262626263
 1 131.3131313131313
 0 136.3636363636363
 69 141.4141414141414
 96 146.4646464646464
 427 151.5151515151515
 232 156.5656565656566
 3 161.6161616161616
 0 166.6666666666667
 82 171.7171717171717
 37 176.7676767676768
 1 181.8181818181818
 0 186.8686868686869
 218 191.9191919191919
 237 196.969696969697
 58 202.020202020202
 97 207.070707070707
 217 212.1212121212121
 66 217.1717171717171
 94 222.2222222222222
 249 227.2727272727273
 146 232.3232323232323
 2 237.3737373737374
 31 242.4242424242424
 124 247.4747474747475
 22 252.5252525252525
 105 257.5757575757576
 170 262.6262626262626
 37 267.6767676767677
 272 272.7272727272727
 126 277.7777777777778
 415 282.8282828282828
 202 287.8787878787879
 2 292.9292929292929
 0 297.979797979798
 1 303.030303030303
 249 308.0808080808081
 24 313.1313131313131
 39 318.1818181818182
 32 323.2323232323232
 28 328.2828282828282
 182 333.3333333333333
 68 338.3838383838383
 30 343.4343434343434
 194 348.4848484848484
 116 353.5353535353535
 24 358.5858585858585
 1 363.6363636363636
 43 368.6868686868686
 49 373.7373737373737
 32 378.7878787878788
 2 383.8383838383838
 0 388.8888888888889
 313 393.9393939393939
 70 398.989898989899
 76 404.040404040404
 172 409.0909090909091
 150 414.1414141414141
 553 419.1919191919192
 20 424.2424242424242
 220 429.2929292929293
 176 434.3434343434343
 2 439.3939393939394
 51 444.4444444444444
 89 449.4949494949495
 65 454.5454545454545
 0 459.5959595959596
 0 464.6464646464646
 2 469.6969696969697
 0 474.7474747474747
 2 479.7979797979798
 18 484.8484848484848
 18 489.8989898989898
 70 494.9494949494949
 0 500


