# Created by Octave 3.8.2, Mon Jun 22 08:01:23 2020 CEST <damian@fptrucha.inv.usc.es>
# name: hd
# type: matrix
# rows: 100
# columns: 2
 3 0
 3 5.05050505050505
 3 10.1010101010101
 284 15.15151515151515
 1 20.2020202020202
 0 25.25252525252525
 126 30.3030303030303
 532 35.35353535353535
 560 40.4040404040404
 331 45.45454545454545
 117 50.50505050505051
 76 55.55555555555555
 1 60.6060606060606
 229 65.65656565656565
 202 70.7070707070707
 543 75.75757575757575
 0 80.8080808080808
 0 85.85858585858585
 66 90.90909090909091
 5 95.95959595959596
 6 101.010101010101
 169 106.060606060606
 182 111.1111111111111
 417 116.1616161616162
 211 121.2121212121212
 66 126.2626262626263
 2 131.3131313131313
 2 136.3636363636363
 66 141.4141414141414
 83 146.4646464646464
 402 151.5151515151515
 237 156.5656565656566
 4 161.6161616161616
 1 166.6666666666667
 75 171.7171717171717
 36 176.7676767676768
 1 181.8181818181818
 1 186.8686868686869
 196 191.9191919191919
 253 196.969696969697
 62 202.020202020202
 95 207.070707070707
 167 212.1212121212121
 52 217.1717171717171
 88 222.2222222222222
 222 227.2727272727273
 131 232.3232323232323
 1 237.3737373737374
 24 242.4242424242424
 124 247.4747474747475
 22 252.5252525252525
 102 257.5757575757576
 132 262.6262626262626
 50 267.6767676767677
 258 272.7272727272727
 136 277.7777777777778
 440 282.8282828282828
 177 287.8787878787879
 1 292.9292929292929
 2 297.979797979798
 0 303.030303030303
 244 308.0808080808081
 24 313.1313131313131
 37 318.1818181818182
 27 323.2323232323232
 47 328.2828282828282
 173 333.3333333333333
 74 338.3838383838383
 24 343.4343434343434
 173 348.4848484848484
 99 353.5353535353535
 33 358.5858585858585
 2 363.6363636363636
 53 368.6868686868686
 39 373.7373737373737
 47 378.7878787878788
 0 383.8383838383838
 0 388.8888888888889
 305 393.9393939393939
 72 398.989898989899
 55 404.040404040404
 167 409.0909090909091
 119 414.1414141414141
 498 419.1919191919192
 24 424.2424242424242
 194 429.2929292929293
 182 434.3434343434343
 6 439.3939393939394
 58 444.4444444444444
 82 449.4949494949495
 46 454.5454545454545
 3 459.5959595959596
 1 464.6464646464646
 2 469.6969696969697
 1 474.7474747474747
 1 479.7979797979798
 15 484.8484848484848
 22 489.8989898989898
 66 494.9494949494949
 0 500


