# Created by Octave 3.8.2, Mon Jun 22 18:40:46 2020 CEST <damian@fptrucha.inv.usc.es>
# name: hd
# type: matrix
# rows: 100
# columns: 2
 2 0
 5 5.05050505050505
 3 10.1010101010101
 330 15.15151515151515
 2 20.2020202020202
 1 25.25252525252525
 165 30.3030303030303
 563 35.35353535353535
 608 40.4040404040404
 306 45.45454545454545
 120 50.50505050505051
 76 55.55555555555555
 2 60.6060606060606
 242 65.65656565656565
 201 70.7070707070707
 584 75.75757575757575
 4 80.8080808080808
 1 85.85858585858585
 62 90.90909090909091
 3 95.95959595959596
 4 101.010101010101
 195 106.060606060606
 175 111.1111111111111
 434 116.1616161616162
 212 121.2121212121212
 95 126.2626262626263
 3 131.3131313131313
 1 136.3636363636363
 78 141.4141414141414
 102 146.4646464646464
 468 151.5151515151515
 272 156.5656565656566
 2 161.6161616161616
 2 166.6666666666667
 83 171.7171717171717
 32 176.7676767676768
 0 181.8181818181818
 0 186.8686868686869
 220 191.9191919191919
 280 196.969696969697
 48 202.020202020202
 96 207.070707070707
 195 212.1212121212121
 56 217.1717171717171
 98 222.2222222222222
 248 227.2727272727273
 144 232.3232323232323
 2 237.3737373737374
 28 242.4242424242424
 136 247.4747474747475
 27 252.5252525252525
 117 257.5757575757576
 131 262.6262626262626
 53 267.6767676767677
 284 272.7272727272727
 150 277.7777777777778
 458 282.8282828282828
 208 287.8787878787879
 0 292.9292929292929
 1 297.979797979798
 1 303.030303030303
 225 308.0808080808081
 19 313.1313131313131
 39 318.1818181818182
 38 323.2323232323232
 42 328.2828282828282
 192 333.3333333333333
 69 338.3838383838383
 20 343.4343434343434
 179 348.4848484848484
 115 353.5353535353535
 28 358.5858585858585
 0 363.6363636363636
 58 368.6868686868686
 36 373.7373737373737
 46 378.7878787878788
 1 383.8383838383838
 0 388.8888888888889
 336 393.9393939393939
 61 398.989898989899
 72 404.040404040404
 179 409.0909090909091
 157 414.1414141414141
 555 419.1919191919192
 19 424.2424242424242
 232 429.2929292929293
 176 434.3434343434343
 4 439.3939393939394
 69 444.4444444444444
 82 449.4949494949495
 54 454.5454545454545
 0 459.5959595959596
 1 464.6464646464646
 3 469.6969696969697
 3 474.7474747474747
 0 479.7979797979798
 16 484.8484848484848
 22 489.8989898989898
 83 494.9494949494949
 0 500


