# Created by Octave 3.8.2, Mon Jun 22 09:15:03 2020 CEST <damian@fptrucha.inv.usc.es>
# name: hd
# type: matrix
# rows: 100
# columns: 2
 3 0
 3 5.05050505050505
 1 10.1010101010101
 282 15.15151515151515
 2 20.2020202020202
 0 25.25252525252525
 137 30.3030303030303
 497 35.35353535353535
 565 40.4040404040404
 309 45.45454545454545
 127 50.50505050505051
 65 55.55555555555555
 0 60.6060606060606
 301 65.65656565656565
 194 70.7070707070707
 550 75.75757575757575
 2 80.8080808080808
 2 85.85858585858585
 53 90.90909090909091
 3 95.95959595959596
 3 101.010101010101
 189 106.060606060606
 174 111.1111111111111
 372 116.1616161616162
 205 121.2121212121212
 86 126.2626262626263
 1 131.3131313131313
 1 136.3636363636363
 58 141.4141414141414
 85 146.4646464646464
 415 151.5151515151515
 250 156.5656565656566
 3 161.6161616161616
 1 166.6666666666667
 70 171.7171717171717
 43 176.7676767676768
 0 181.8181818181818
 0 186.8686868686869
 185 191.9191919191919
 231 196.969696969697
 46 202.020202020202
 85 207.070707070707
 189 212.1212121212121
 49 217.1717171717171
 108 222.2222222222222
 228 227.2727272727273
 126 232.3232323232323
 2 237.3737373737374
 26 242.4242424242424
 129 247.4747474747475
 21 252.5252525252525
 104 257.5757575757576
 136 262.6262626262626
 37 267.6767676767677
 239 272.7272727272727
 141 277.7777777777778
 431 282.8282828282828
 192 287.8787878787879
 3 292.9292929292929
 2 297.979797979798
 0 303.030303030303
 220 308.0808080808081
 24 313.1313131313131
 41 318.1818181818182
 27 323.2323232323232
 29 328.2828282828282
 146 333.3333333333333
 60 338.3838383838383
 19 343.4343434343434
 177 348.4848484848484
 77 353.5353535353535
 31 358.5858585858585
 0 363.6363636363636
 46 368.6868686868686
 50 373.7373737373737
 33 378.7878787878788
 0 383.8383838383838
 1 388.8888888888889
 302 393.9393939393939
 46 398.989898989899
 61 404.040404040404
 157 409.0909090909091
 131 414.1414141414141
 498 419.1919191919192
 19 424.2424242424242
 241 429.2929292929293
 185 434.3434343434343
 2 439.3939393939394
 66 444.4444444444444
 74 449.4949494949495
 53 454.5454545454545
 0 459.5959595959596
 2 464.6464646464646
 1 469.6969696969697
 1 474.7474747474747
 3 479.7979797979798
 18 484.8484848484848
 19 489.8989898989898
 76 494.9494949494949
 0 500


