# Created by Octave 3.8.2, Sat Jun 20 15:26:30 2020 CEST <damian@fptrucha.inv.usc.es>
# name: hd
# type: matrix
# rows: 100
# columns: 2
 2 0
 3 5.05050505050505
 1 10.1010101010101
 292 15.15151515151515
 3 20.2020202020202
 1 25.25252525252525
 160 30.3030303030303
 541 35.35353535353535
 628 40.4040404040404
 298 45.45454545454545
 135 50.50505050505051
 75 55.55555555555555
 2 60.6060606060606
 287 65.65656565656565
 197 70.7070707070707
 601 75.75757575757575
 1 80.8080808080808
 3 85.85858585858585
 57 90.90909090909091
 5 95.95959595959596
 3 101.010101010101
 207 106.060606060606
 150 111.1111111111111
 428 116.1616161616162
 232 121.2121212121212
 113 126.2626262626263
 2 131.3131313131313
 1 136.3636363636363
 67 141.4141414141414
 93 146.4646464646464
 453 151.5151515151515
 276 156.5656565656566
 3 161.6161616161616
 0 166.6666666666667
 59 171.7171717171717
 32 176.7676767676768
 0 181.8181818181818
 0 186.8686868686869
 181 191.9191919191919
 242 196.969696969697
 54 202.020202020202
 82 207.070707070707
 199 212.1212121212121
 69 217.1717171717171
 82 222.2222222222222
 234 227.2727272727273
 137 232.3232323232323
 0 237.3737373737374
 16 242.4242424242424
 134 247.4747474747475
 18 252.5252525252525
 126 257.5757575757576
 152 262.6262626262626
 50 267.6767676767677
 262 272.7272727272727
 153 277.7777777777778
 497 282.8282828282828
 215 287.8787878787879
 1 292.9292929292929
 0 297.979797979798
 0 303.030303030303
 216 308.0808080808081
 25 313.1313131313131
 33 318.1818181818182
 39 323.2323232323232
 39 328.2828282828282
 165 333.3333333333333
 73 338.3838383838383
 15 343.4343434343434
 202 348.4848484848484
 100 353.5353535353535
 35 358.5858585858585
 1 363.6363636363636
 40 368.6868686868686
 43 373.7373737373737
 39 378.7878787878788
 1 383.8383838383838
 0 388.8888888888889
 340 393.9393939393939
 56 398.989898989899
 63 404.040404040404
 188 409.0909090909091
 148 414.1414141414141
 593 419.1919191919192
 24 424.2424242424242
 256 429.2929292929293
 193 434.3434343434343
 4 439.3939393939394
 44 444.4444444444444
 85 449.4949494949495
 48 454.5454545454545
 0 459.5959595959596
 0 464.6464646464646
 0 469.6969696969697
 1 474.7474747474747
 1 479.7979797979798
 15 484.8484848484848
 21 489.8989898989898
 78 494.9494949494949
 0 500


