# Created by Octave 3.8.2, Mon Jun 22 21:45:18 2020 CEST <damian@fptrucha.inv.usc.es>
# name: hd
# type: matrix
# rows: 100
# columns: 2
 1 0
 5 5.05050505050505
 1 10.1010101010101
 298 15.15151515151515
 1 20.2020202020202
 0 25.25252525252525
 163 30.3030303030303
 548 35.35353535353535
 589 40.4040404040404
 346 45.45454545454545
 127 50.50505050505051
 68 55.55555555555555
 1 60.6060606060606
 279 65.65656565656565
 197 70.7070707070707
 548 75.75757575757575
 3 80.8080808080808
 0 85.85858585858585
 51 90.90909090909091
 8 95.95959595959596
 3 101.010101010101
 199 106.060606060606
 195 111.1111111111111
 395 116.1616161616162
 227 121.2121212121212
 83 126.2626262626263
 0 131.3131313131313
 0 136.3636363636363
 70 141.4141414141414
 103 146.4646464646464
 491 151.5151515151515
 275 156.5656565656566
 1 161.6161616161616
 1 166.6666666666667
 85 171.7171717171717
 37 176.7676767676768
 2 181.8181818181818
 1 186.8686868686869
 215 191.9191919191919
 292 196.969696969697
 46 202.020202020202
 101 207.070707070707
 215 212.1212121212121
 50 217.1717171717171
 109 222.2222222222222
 246 227.2727272727273
 123 232.3232323232323
 1 237.3737373737374
 23 242.4242424242424
 146 247.4747474747475
 23 252.5252525252525
 130 257.5757575757576
 143 262.6262626262626
 36 267.6767676767677
 287 272.7272727272727
 143 277.7777777777778
 492 282.8282828282828
 203 287.8787878787879
 1 292.9292929292929
 0 297.979797979798
 0 303.030303030303
 240 308.0808080808081
 28 313.1313131313131
 55 318.1818181818182
 32 323.2323232323232
 48 328.2828282828282
 197 333.3333333333333
 70 338.3838383838383
 23 343.4343434343434
 189 348.4848484848484
 88 353.5353535353535
 39 358.5858585858585
 3 363.6363636363636
 56 368.6868686868686
 45 373.7373737373737
 54 378.7878787878788
 0 383.8383838383838
 1 388.8888888888889
 321 393.9393939393939
 77 398.989898989899
 66 404.040404040404
 182 409.0909090909091
 149 414.1414141414141
 529 419.1919191919192
 31 424.2424242424242
 238 429.2929292929293
 193 434.3434343434343
 1 439.3939393939394
 60 444.4444444444444
 71 449.4949494949495
 57 454.5454545454545
 2 459.5959595959596
 0 464.6464646464646
 1 469.6969696969697
 3 474.7474747474747
 1 479.7979797979798
 18 484.8484848484848
 26 489.8989898989898
 67 494.9494949494949
 0 500


