# Created by Octave 3.8.2, Mon Jun 22 04:19:01 2020 CEST <damian@fptrucha.inv.usc.es>
# name: hd
# type: matrix
# rows: 100
# columns: 2
 1 0
 3 5.05050505050505
 2 10.1010101010101
 266 15.15151515151515
 3 20.2020202020202
 2 25.25252525252525
 147 30.3030303030303
 465 35.35353535353535
 547 40.4040404040404
 289 45.45454545454545
 131 50.50505050505051
 57 55.55555555555555
 3 60.6060606060606
 245 65.65656565656565
 155 70.7070707070707
 487 75.75757575757575
 3 80.8080808080808
 1 85.85858585858585
 49 90.90909090909091
 3 95.95959595959596
 4 101.010101010101
 183 106.060606060606
 154 111.1111111111111
 342 116.1616161616162
 188 121.2121212121212
 77 126.2626262626263
 0 131.3131313131313
 0 136.3636363636363
 46 141.4141414141414
 101 146.4646464646464
 330 151.5151515151515
 207 156.5656565656566
 2 161.6161616161616
 1 166.6666666666667
 68 171.7171717171717
 26 176.7676767676768
 3 181.8181818181818
 1 186.8686868686869
 189 191.9191919191919
 221 196.969696969697
 59 202.020202020202
 84 207.070707070707
 147 212.1212121212121
 61 217.1717171717171
 108 222.2222222222222
 209 227.2727272727273
 109 232.3232323232323
 0 237.3737373737374
 19 242.4242424242424
 116 247.4747474747475
 18 252.5252525252525
 107 257.5757575757576
 126 262.6262626262626
 33 267.6767676767677
 223 272.7272727272727
 133 277.7777777777778
 421 282.8282828282828
 166 287.8787878787879
 3 292.9292929292929
 2 297.979797979798
 0 303.030303030303
 211 308.0808080808081
 30 313.1313131313131
 42 318.1818181818182
 24 323.2323232323232
 47 328.2828282828282
 165 333.3333333333333
 53 338.3838383838383
 17 343.4343434343434
 171 348.4848484848484
 105 353.5353535353535
 32 358.5858585858585
 2 363.6363636363636
 48 368.6868686868686
 43 373.7373737373737
 20 378.7878787878788
 4 383.8383838383838
 0 388.8888888888889
 279 393.9393939393939
 53 398.989898989899
 48 404.040404040404
 149 409.0909090909091
 112 414.1414141414141
 507 419.1919191919192
 13 424.2424242424242
 206 429.2929292929293
 166 434.3434343434343
 6 439.3939393939394
 44 444.4444444444444
 58 449.4949494949495
 49 454.5454545454545
 0 459.5959595959596
 2 464.6464646464646
 2 469.6969696969697
 2 474.7474747474747
 0 479.7979797979798
 28 484.8484848484848
 15 489.8989898989898
 55 494.9494949494949
 0 500


