# Created by Octave 3.8.2, Sat Jun 20 21:28:26 2020 CEST <damian@fptrucha.inv.usc.es>
# name: hd
# type: matrix
# rows: 100
# columns: 2
 1 0
 2 5.05050505050505
 2 10.1010101010101
 293 15.15151515151515
 1 20.2020202020202
 0 25.25252525252525
 143 30.3030303030303
 487 35.35353535353535
 595 40.4040404040404
 287 45.45454545454545
 102 50.50505050505051
 70 55.55555555555555
 1 60.6060606060606
 310 65.65656565656565
 192 70.7070707070707
 538 75.75757575757575
 0 80.8080808080808
 2 85.85858585858585
 73 90.90909090909091
 4 95.95959595959596
 3 101.010101010101
 176 106.060606060606
 177 111.1111111111111
 348 116.1616161616162
 166 121.2121212121212
 98 126.2626262626263
 0 131.3131313131313
 2 136.3636363636363
 65 141.4141414141414
 96 146.4646464646464
 450 151.5151515151515
 263 156.5656565656566
 1 161.6161616161616
 0 166.6666666666667
 71 171.7171717171717
 40 176.7676767676768
 0 181.8181818181818
 1 186.8686868686869
 184 191.9191919191919
 263 196.969696969697
 51 202.020202020202
 97 207.070707070707
 190 212.1212121212121
 62 217.1717171717171
 100 222.2222222222222
 211 227.2727272727273
 134 232.3232323232323
 2 237.3737373737374
 27 242.4242424242424
 126 247.4747474747475
 26 252.5252525252525
 113 257.5757575757576
 150 262.6262626262626
 39 267.6767676767677
 215 272.7272727272727
 147 277.7777777777778
 424 282.8282828282828
 219 287.8787878787879
 0 292.9292929292929
 0 297.979797979798
 1 303.030303030303
 192 308.0808080808081
 27 313.1313131313131
 37 318.1818181818182
 25 323.2323232323232
 37 328.2828282828282
 147 333.3333333333333
 66 338.3838383838383
 16 343.4343434343434
 197 348.4848484848484
 93 353.5353535353535
 22 358.5858585858585
 0 363.6363636363636
 45 368.6868686868686
 34 373.7373737373737
 35 378.7878787878788
 1 383.8383838383838
 1 388.8888888888889
 319 393.9393939393939
 51 398.989898989899
 66 404.040404040404
 156 409.0909090909091
 159 414.1414141414141
 523 419.1919191919192
 26 424.2424242424242
 203 429.2929292929293
 186 434.3434343434343
 4 439.3939393939394
 54 444.4444444444444
 66 449.4949494949495
 56 454.5454545454545
 0 459.5959595959596
 0 464.6464646464646
 1 469.6969696969697
 0 474.7474747474747
 0 479.7979797979798
 22 484.8484848484848
 26 489.8989898989898
 72 494.9494949494949
 0 500


