# Created by Octave 3.8.2, Sun Jun 21 02:03:32 2020 CEST <damian@fptrucha.inv.usc.es>
# name: hd
# type: matrix
# rows: 100
# columns: 2
 1 0
 2 5.05050505050505
 2 10.1010101010101
 261 15.15151515151515
 2 20.2020202020202
 1 25.25252525252525
 148 30.3030303030303
 529 35.35353535353535
 575 40.4040404040404
 275 45.45454545454545
 142 50.50505050505051
 67 55.55555555555555
 4 60.6060606060606
 274 65.65656565656565
 239 70.7070707070707
 564 75.75757575757575
 1 80.8080808080808
 0 85.85858585858585
 65 90.90909090909091
 8 95.95959595959596
 2 101.010101010101
 176 106.060606060606
 180 111.1111111111111
 376 116.1616161616162
 202 121.2121212121212
 73 126.2626262626263
 3 131.3131313131313
 1 136.3636363636363
 73 141.4141414141414
 77 146.4646464646464
 429 151.5151515151515
 249 156.5656565656566
 1 161.6161616161616
 0 166.6666666666667
 69 171.7171717171717
 33 176.7676767676768
 2 181.8181818181818
 0 186.8686868686869
 173 191.9191919191919
 253 196.969696969697
 48 202.020202020202
 98 207.070707070707
 180 212.1212121212121
 61 217.1717171717171
 89 222.2222222222222
 234 227.2727272727273
 147 232.3232323232323
 1 237.3737373737374
 23 242.4242424242424
 124 247.4747474747475
 20 252.5252525252525
 109 257.5757575757576
 135 262.6262626262626
 38 267.6767676767677
 240 272.7272727272727
 146 277.7777777777778
 445 282.8282828282828
 180 287.8787878787879
 0 292.9292929292929
 2 297.979797979798
 1 303.030303030303
 195 308.0808080808081
 19 313.1313131313131
 50 318.1818181818182
 36 323.2323232323232
 39 328.2828282828282
 156 333.3333333333333
 52 338.3838383838383
 12 343.4343434343434
 165 348.4848484848484
 103 353.5353535353535
 23 358.5858585858585
 1 363.6363636363636
 46 368.6868686868686
 30 373.7373737373737
 40 378.7878787878788
 0 383.8383838383838
 0 388.8888888888889
 324 393.9393939393939
 61 398.989898989899
 53 404.040404040404
 169 409.0909090909091
 126 414.1414141414141
 568 419.1919191919192
 18 424.2424242424242
 246 429.2929292929293
 166 434.3434343434343
 4 439.3939393939394
 49 444.4444444444444
 68 449.4949494949495
 52 454.5454545454545
 0 459.5959595959596
 0 464.6464646464646
 1 469.6969696969697
 0 474.7474747474747
 0 479.7979797979798
 22 484.8484848484848
 18 489.8989898989898
 63 494.9494949494949
 0 500


