# Created by Octave 3.8.2, Mon Jun 22 08:07:35 2020 CEST <damian@fptrucha.inv.usc.es>
# name: hd
# type: matrix
# rows: 100
# columns: 2
 1 0
 3 5.05050505050505
 1 10.1010101010101
 283 15.15151515151515
 5 20.2020202020202
 2 25.25252525252525
 147 30.3030303030303
 522 35.35353535353535
 560 40.4040404040404
 292 45.45454545454545
 134 50.50505050505051
 74 55.55555555555555
 0 60.6060606060606
 276 65.65656565656565
 188 70.7070707070707
 499 75.75757575757575
 3 80.8080808080808
 0 85.85858585858585
 67 90.90909090909091
 6 95.95959595959596
 4 101.010101010101
 183 106.060606060606
 187 111.1111111111111
 390 116.1616161616162
 198 121.2121212121212
 78 126.2626262626263
 0 131.3131313131313
 0 136.3636363636363
 66 141.4141414141414
 104 146.4646464646464
 439 151.5151515151515
 229 156.5656565656566
 2 161.6161616161616
 1 166.6666666666667
 84 171.7171717171717
 29 176.7676767676768
 0 181.8181818181818
 3 186.8686868686869
 168 191.9191919191919
 232 196.969696969697
 46 202.020202020202
 100 207.070707070707
 165 212.1212121212121
 59 217.1717171717171
 101 222.2222222222222
 232 227.2727272727273
 167 232.3232323232323
 2 237.3737373737374
 20 242.4242424242424
 136 247.4747474747475
 33 252.5252525252525
 122 257.5757575757576
 105 262.6262626262626
 45 267.6767676767677
 241 272.7272727272727
 122 277.7777777777778
 421 282.8282828282828
 217 287.8787878787879
 1 292.9292929292929
 1 297.979797979798
 2 303.030303030303
 199 308.0808080808081
 29 313.1313131313131
 49 318.1818181818182
 37 323.2323232323232
 31 328.2828282828282
 184 333.3333333333333
 83 338.3838383838383
 15 343.4343434343434
 190 348.4848484848484
 110 353.5353535353535
 27 358.5858585858585
 4 363.6363636363636
 39 368.6868686868686
 41 373.7373737373737
 29 378.7878787878788
 1 383.8383838383838
 1 388.8888888888889
 309 393.9393939393939
 48 398.989898989899
 62 404.040404040404
 163 409.0909090909091
 147 414.1414141414141
 573 419.1919191919192
 20 424.2424242424242
 216 429.2929292929293
 178 434.3434343434343
 6 439.3939393939394
 55 444.4444444444444
 69 449.4949494949495
 61 454.5454545454545
 0 459.5959595959596
 0 464.6464646464646
 0 469.6969696969697
 4 474.7474747474747
 3 479.7979797979798
 33 484.8484848484848
 16 489.8989898989898
 75 494.9494949494949
 0 500


