# Created by Octave 3.8.2, Sat Jun 20 02:11:02 2020 CEST <damian@fptrucha.inv.usc.es>
# name: hd
# type: matrix
# rows: 100
# columns: 2
 2 0
 3 5.05050505050505
 2 10.1010101010101
 303 15.15151515151515
 0 20.2020202020202
 1 25.25252525252525
 151 30.3030303030303
 582 35.35353535353535
 678 40.4040404040404
 358 45.45454545454545
 145 50.50505050505051
 69 55.55555555555555
 3 60.6060606060606
 271 65.65656565656565
 207 70.7070707070707
 637 75.75757575757575
 3 80.8080808080808
 0 85.85858585858585
 67 90.90909090909091
 6 95.95959595959596
 3 101.010101010101
 191 106.060606060606
 197 111.1111111111111
 413 116.1616161616162
 212 121.2121212121212
 83 126.2626262626263
 2 131.3131313131313
 1 136.3636363636363
 84 141.4141414141414
 94 146.4646464646464
 495 151.5151515151515
 291 156.5656565656566
 1 161.6161616161616
 0 166.6666666666667
 75 171.7171717171717
 28 176.7676767676768
 0 181.8181818181818
 1 186.8686868686869
 207 191.9191919191919
 266 196.969696969697
 54 202.020202020202
 96 207.070707070707
 195 212.1212121212121
 67 217.1717171717171
 106 222.2222222222222
 229 227.2727272727273
 128 232.3232323232323
 1 237.3737373737374
 17 242.4242424242424
 122 247.4747474747475
 21 252.5252525252525
 140 257.5757575757576
 130 262.6262626262626
 42 267.6767676767677
 271 272.7272727272727
 162 277.7777777777778
 479 282.8282828282828
 219 287.8787878787879
 1 292.9292929292929
 0 297.979797979798
 0 303.030303030303
 251 308.0808080808081
 26 313.1313131313131
 40 318.1818181818182
 31 323.2323232323232
 54 328.2828282828282
 172 333.3333333333333
 63 338.3838383838383
 19 343.4343434343434
 191 348.4848484848484
 126 353.5353535353535
 29 358.5858585858585
 0 363.6363636363636
 49 368.6868686868686
 41 373.7373737373737
 44 378.7878787878788
 1 383.8383838383838
 1 388.8888888888889
 365 393.9393939393939
 57 398.989898989899
 64 404.040404040404
 202 409.0909090909091
 147 414.1414141414141
 627 419.1919191919192
 24 424.2424242424242
 258 429.2929292929293
 193 434.3434343434343
 2 439.3939393939394
 58 444.4444444444444
 77 449.4949494949495
 72 454.5454545454545
 0 459.5959595959596
 1 464.6464646464646
 3 469.6969696969697
 0 474.7474747474747
 0 479.7979797979798
 27 484.8484848484848
 12 489.8989898989898
 68 494.9494949494949
 0 500


