# Created by Octave 3.8.2, Mon Jun 22 10:50:40 2020 CEST <damian@fptrucha.inv.usc.es>
# name: hd
# type: matrix
# rows: 100
# columns: 2
 1 0
 2 5.05050505050505
 2 10.1010101010101
 281 15.15151515151515
 1 20.2020202020202
 3 25.25252525252525
 149 30.3030303030303
 503 35.35353535353535
 558 40.4040404040404
 313 45.45454545454545
 111 50.50505050505051
 66 55.55555555555555
 4 60.6060606060606
 290 65.65656565656565
 202 70.7070707070707
 535 75.75757575757575
 3 80.8080808080808
 0 85.85858585858585
 65 90.90909090909091
 2 95.95959595959596
 4 101.010101010101
 174 106.060606060606
 170 111.1111111111111
 383 116.1616161616162
 172 121.2121212121212
 85 126.2626262626263
 1 131.3131313131313
 2 136.3636363636363
 75 141.4141414141414
 96 146.4646464646464
 397 151.5151515151515
 242 156.5656565656566
 2 161.6161616161616
 3 166.6666666666667
 67 171.7171717171717
 32 176.7676767676768
 1 181.8181818181818
 0 186.8686868686869
 185 191.9191919191919
 276 196.969696969697
 44 202.020202020202
 94 207.070707070707
 164 212.1212121212121
 79 217.1717171717171
 116 222.2222222222222
 229 227.2727272727273
 129 232.3232323232323
 1 237.3737373737374
 20 242.4242424242424
 125 247.4747474747475
 17 252.5252525252525
 108 257.5757575757576
 126 262.6262626262626
 51 267.6767676767677
 278 272.7272727272727
 141 277.7777777777778
 445 282.8282828282828
 187 287.8787878787879
 4 292.9292929292929
 1 297.979797979798
 1 303.030303030303
 227 308.0808080808081
 32 313.1313131313131
 46 318.1818181818182
 32 323.2323232323232
 50 328.2828282828282
 163 333.3333333333333
 57 338.3838383838383
 23 343.4343434343434
 196 348.4848484848484
 107 353.5353535353535
 23 358.5858585858585
 2 363.6363636363636
 47 368.6868686868686
 31 373.7373737373737
 42 378.7878787878788
 1 383.8383838383838
 0 388.8888888888889
 300 393.9393939393939
 64 398.989898989899
 77 404.040404040404
 160 409.0909090909091
 124 414.1414141414141
 538 419.1919191919192
 24 424.2424242424242
 235 429.2929292929293
 177 434.3434343434343
 2 439.3939393939394
 44 444.4444444444444
 88 449.4949494949495
 61 454.5454545454545
 1 459.5959595959596
 0 464.6464646464646
 0 469.6969696969697
 3 474.7474747474747
 2 479.7979797979798
 24 484.8484848484848
 19 489.8989898989898
 84 494.9494949494949
 0 500


