# Created by Octave 3.8.2, Sat Jun 20 17:30:52 2020 CEST <damian@fptrucha.inv.usc.es>
# name: hd
# type: matrix
# rows: 100
# columns: 2
 1 0
 3 5.05050505050505
 1 10.1010101010101
 262 15.15151515151515
 2 20.2020202020202
 0 25.25252525252525
 167 30.3030303030303
 510 35.35353535353535
 629 40.4040404040404
 297 45.45454545454545
 133 50.50505050505051
 59 55.55555555555555
 1 60.6060606060606
 256 65.65656565656565
 239 70.7070707070707
 565 75.75757575757575
 1 80.8080808080808
 1 85.85858585858585
 70 90.90909090909091
 3 95.95959595959596
 0 101.010101010101
 202 106.060606060606
 198 111.1111111111111
 371 116.1616161616162
 218 121.2121212121212
 84 126.2626262626263
 2 131.3131313131313
 0 136.3636363636363
 64 141.4141414141414
 105 146.4646464646464
 448 151.5151515151515
 288 156.5656565656566
 0 161.6161616161616
 0 166.6666666666667
 73 171.7171717171717
 39 176.7676767676768
 0 181.8181818181818
 1 186.8686868686869
 158 191.9191919191919
 268 196.969696969697
 41 202.020202020202
 93 207.070707070707
 213 212.1212121212121
 75 217.1717171717171
 96 222.2222222222222
 202 227.2727272727273
 134 232.3232323232323
 1 237.3737373737374
 15 242.4242424242424
 139 247.4747474747475
 26 252.5252525252525
 94 257.5757575757576
 145 262.6262626262626
 48 267.6767676767677
 254 272.7272727272727
 138 277.7777777777778
 473 282.8282828282828
 197 287.8787878787879
 1 292.9292929292929
 0 297.979797979798
 0 303.030303030303
 193 308.0808080808081
 23 313.1313131313131
 36 318.1818181818182
 39 323.2323232323232
 41 328.2828282828282
 176 333.3333333333333
 67 338.3838383838383
 16 343.4343434343434
 187 348.4848484848484
 94 353.5353535353535
 26 358.5858585858585
 0 363.6363636363636
 43 368.6868686868686
 31 373.7373737373737
 31 378.7878787878788
 1 383.8383838383838
 0 388.8888888888889
 274 393.9393939393939
 56 398.989898989899
 57 404.040404040404
 153 409.0909090909091
 123 414.1414141414141
 598 419.1919191919192
 16 424.2424242424242
 245 429.2929292929293
 181 434.3434343434343
 7 439.3939393939394
 65 444.4444444444444
 62 449.4949494949495
 48 454.5454545454545
 0 459.5959595959596
 2 464.6464646464646
 1 469.6969696969697
 2 474.7474747474747
 0 479.7979797979798
 19 484.8484848484848
 17 489.8989898989898
 83 494.9494949494949
 0 500


