# Created by Octave 3.8.2, Sun Jun 21 01:35:40 2020 CEST <damian@fptrucha.inv.usc.es>
# name: hd
# type: matrix
# rows: 100
# columns: 2
 1 0
 1 5.05050505050505
 1 10.1010101010101
 256 15.15151515151515
 2 20.2020202020202
 1 25.25252525252525
 158 30.3030303030303
 494 35.35353535353535
 571 40.4040404040404
 291 45.45454545454545
 133 50.50505050505051
 82 55.55555555555555
 2 60.6060606060606
 267 65.65656565656565
 210 70.7070707070707
 560 75.75757575757575
 0 80.8080808080808
 1 85.85858585858585
 61 90.90909090909091
 4 95.95959595959596
 2 101.010101010101
 172 106.060606060606
 184 111.1111111111111
 365 116.1616161616162
 194 121.2121212121212
 73 126.2626262626263
 1 131.3131313131313
 3 136.3636363636363
 75 141.4141414141414
 92 146.4646464646464
 452 151.5151515151515
 266 156.5656565656566
 2 161.6161616161616
 0 166.6666666666667
 68 171.7171717171717
 44 176.7676767676768
 0 181.8181818181818
 0 186.8686868686869
 190 191.9191919191919
 227 196.969696969697
 42 202.020202020202
 101 207.070707070707
 191 212.1212121212121
 46 217.1717171717171
 117 222.2222222222222
 230 227.2727272727273
 139 232.3232323232323
 0 237.3737373737374
 14 242.4242424242424
 131 247.4747474747475
 27 252.5252525252525
 120 257.5757575757576
 130 262.6262626262626
 27 267.6767676767677
 251 272.7272727272727
 143 277.7777777777778
 444 282.8282828282828
 190 287.8787878787879
 0 292.9292929292929
 1 297.979797979798
 0 303.030303030303
 201 308.0808080808081
 14 313.1313131313131
 34 318.1818181818182
 34 323.2323232323232
 41 328.2828282828282
 152 333.3333333333333
 66 338.3838383838383
 19 343.4343434343434
 169 348.4848484848484
 100 353.5353535353535
 32 358.5858585858585
 1 363.6363636363636
 46 368.6868686868686
 40 373.7373737373737
 32 378.7878787878788
 1 383.8383838383838
 0 388.8888888888889
 266 393.9393939393939
 51 398.989898989899
 48 404.040404040404
 155 409.0909090909091
 130 414.1414141414141
 542 419.1919191919192
 18 424.2424242424242
 232 429.2929292929293
 170 434.3434343434343
 3 439.3939393939394
 62 444.4444444444444
 71 449.4949494949495
 68 454.5454545454545
 1 459.5959595959596
 0 464.6464646464646
 2 469.6969696969697
 1 474.7474747474747
 0 479.7979797979798
 21 484.8484848484848
 29 489.8989898989898
 74 494.9494949494949
 0 500


