# Created by Octave 3.8.2, Mon Jun 22 00:54:53 2020 CEST <damian@fptrucha.inv.usc.es>
# name: hd
# type: matrix
# rows: 100
# columns: 2
 4 0
 2 5.05050505050505
 0 10.1010101010101
 284 15.15151515151515
 4 20.2020202020202
 0 25.25252525252525
 156 30.3030303030303
 551 35.35353535353535
 665 40.4040404040404
 308 45.45454545454545
 135 50.50505050505051
 56 55.55555555555555
 2 60.6060606060606
 276 65.65656565656565
 205 70.7070707070707
 575 75.75757575757575
 0 80.8080808080808
 1 85.85858585858585
 52 90.90909090909091
 5 95.95959595959596
 3 101.010101010101
 184 106.060606060606
 194 111.1111111111111
 428 116.1616161616162
 200 121.2121212121212
 94 126.2626262626263
 1 131.3131313131313
 1 136.3636363636363
 72 141.4141414141414
 85 146.4646464646464
 447 151.5151515151515
 257 156.5656565656566
 1 161.6161616161616
 0 166.6666666666667
 83 171.7171717171717
 29 176.7676767676768
 0 181.8181818181818
 1 186.8686868686869
 174 191.9191919191919
 251 196.969696969697
 49 202.020202020202
 92 207.070707070707
 204 212.1212121212121
 66 217.1717171717171
 115 222.2222222222222
 233 227.2727272727273
 142 232.3232323232323
 0 237.3737373737374
 16 242.4242424242424
 148 247.4747474747475
 16 252.5252525252525
 105 257.5757575757576
 134 262.6262626262626
 36 267.6767676767677
 287 272.7272727272727
 136 277.7777777777778
 424 282.8282828282828
 200 287.8787878787879
 0 292.9292929292929
 0 297.979797979798
 0 303.030303030303
 235 308.0808080808081
 20 313.1313131313131
 42 318.1818181818182
 30 323.2323232323232
 50 328.2828282828282
 157 333.3333333333333
 66 338.3838383838383
 18 343.4343434343434
 182 348.4848484848484
 88 353.5353535353535
 26 358.5858585858585
 0 363.6363636363636
 46 368.6868686868686
 45 373.7373737373737
 41 378.7878787878788
 0 383.8383838383838
 0 388.8888888888889
 310 393.9393939393939
 61 398.989898989899
 54 404.040404040404
 155 409.0909090909091
 133 414.1414141414141
 604 419.1919191919192
 24 424.2424242424242
 216 429.2929292929293
 201 434.3434343434343
 5 439.3939393939394
 70 444.4444444444444
 76 449.4949494949495
 53 454.5454545454545
 0 459.5959595959596
 0 464.6464646464646
 0 469.6969696969697
 3 474.7474747474747
 3 479.7979797979798
 25 484.8484848484848
 24 489.8989898989898
 80 494.9494949494949
 0 500


