# Created by Octave 3.8.2, Mon Jun 22 18:57:35 2020 CEST <damian@fptrucha.inv.usc.es>
# name: hd
# type: matrix
# rows: 100
# columns: 2
 2 0
 4 5.05050505050505
 2 10.1010101010101
 308 15.15151515151515
 4 20.2020202020202
 2 25.25252525252525
 169 30.3030303030303
 537 35.35353535353535
 609 40.4040404040404
 327 45.45454545454545
 138 50.50505050505051
 72 55.55555555555555
 2 60.6060606060606
 272 65.65656565656565
 240 70.7070707070707
 527 75.75757575757575
 2 80.8080808080808
 2 85.85858585858585
 72 90.90909090909091
 3 95.95959595959596
 4 101.010101010101
 222 106.060606060606
 158 111.1111111111111
 435 116.1616161616162
 214 121.2121212121212
 83 126.2626262626263
 1 131.3131313131313
 1 136.3636363636363
 59 141.4141414141414
 106 146.4646464646464
 453 151.5151515151515
 273 156.5656565656566
 3 161.6161616161616
 2 166.6666666666667
 71 171.7171717171717
 35 176.7676767676768
 3 181.8181818181818
 0 186.8686868686869
 172 191.9191919191919
 301 196.969696969697
 50 202.020202020202
 117 207.070707070707
 189 212.1212121212121
 61 217.1717171717171
 109 222.2222222222222
 240 227.2727272727273
 134 232.3232323232323
 3 237.3737373737374
 22 242.4242424242424
 142 247.4747474747475
 18 252.5252525252525
 131 257.5757575757576
 148 262.6262626262626
 46 267.6767676767677
 295 272.7272727272727
 143 277.7777777777778
 432 282.8282828282828
 204 287.8787878787879
 0 292.9292929292929
 1 297.979797979798
 1 303.030303030303
 218 308.0808080808081
 27 313.1313131313131
 45 318.1818181818182
 35 323.2323232323232
 48 328.2828282828282
 171 333.3333333333333
 57 338.3838383838383
 23 343.4343434343434
 217 348.4848484848484
 103 353.5353535353535
 25 358.5858585858585
 1 363.6363636363636
 57 368.6868686868686
 39 373.7373737373737
 30 378.7878787878788
 1 383.8383838383838
 3 388.8888888888889
 341 393.9393939393939
 56 398.989898989899
 65 404.040404040404
 174 409.0909090909091
 140 414.1414141414141
 572 419.1919191919192
 19 424.2424242424242
 243 429.2929292929293
 209 434.3434343434343
 5 439.3939393939394
 48 444.4444444444444
 70 449.4949494949495
 55 454.5454545454545
 1 459.5959595959596
 2 464.6464646464646
 1 469.6969696969697
 1 474.7474747474747
 3 479.7979797979798
 24 484.8484848484848
 25 489.8989898989898
 67 494.9494949494949
 0 500


