# Created by Octave 3.8.2, Mon Jun 22 16:38:31 2020 CEST <damian@fptrucha.inv.usc.es>
# name: hd
# type: matrix
# rows: 100
# columns: 2
 0 0
 2 5.05050505050505
 2 10.1010101010101
 318 15.15151515151515
 2 20.2020202020202
 0 25.25252525252525
 151 30.3030303030303
 501 35.35353535353535
 654 40.4040404040404
 333 45.45454545454545
 120 50.50505050505051
 54 55.55555555555555
 1 60.6060606060606
 266 65.65656565656565
 238 70.7070707070707
 591 75.75757575757575
 3 80.8080808080808
 1 85.85858585858585
 67 90.90909090909091
 6 95.95959595959596
 1 101.010101010101
 197 106.060606060606
 162 111.1111111111111
 413 116.1616161616162
 208 121.2121212121212
 78 126.2626262626263
 0 131.3131313131313
 3 136.3636363636363
 72 141.4141414141414
 69 146.4646464646464
 470 151.5151515151515
 245 156.5656565656566
 6 161.6161616161616
 0 166.6666666666667
 89 171.7171717171717
 49 176.7676767676768
 2 181.8181818181818
 0 186.8686868686869
 196 191.9191919191919
 281 196.969696969697
 49 202.020202020202
 82 207.070707070707
 166 212.1212121212121
 67 217.1717171717171
 93 222.2222222222222
 208 227.2727272727273
 152 232.3232323232323
 1 237.3737373737374
 28 242.4242424242424
 152 247.4747474747475
 27 252.5252525252525
 113 257.5757575757576
 132 262.6262626262626
 42 267.6767676767677
 283 272.7272727272727
 131 277.7777777777778
 473 282.8282828282828
 195 287.8787878787879
 0 292.9292929292929
 1 297.979797979798
 1 303.030303030303
 214 308.0808080808081
 28 313.1313131313131
 42 318.1818181818182
 33 323.2323232323232
 45 328.2828282828282
 175 333.3333333333333
 70 338.3838383838383
 20 343.4343434343434
 209 348.4848484848484
 103 353.5353535353535
 33 358.5858585858585
 1 363.6363636363636
 48 368.6868686868686
 46 373.7373737373737
 40 378.7878787878788
 1 383.8383838383838
 1 388.8888888888889
 299 393.9393939393939
 65 398.989898989899
 69 404.040404040404
 180 409.0909090909091
 148 414.1414141414141
 556 419.1919191919192
 15 424.2424242424242
 219 429.2929292929293
 183 434.3434343434343
 5 439.3939393939394
 54 444.4444444444444
 74 449.4949494949495
 83 454.5454545454545
 0 459.5959595959596
 2 464.6464646464646
 4 469.6969696969697
 1 474.7474747474747
 1 479.7979797979798
 23 484.8484848484848
 25 489.8989898989898
 84 494.9494949494949
 0 500


