# Created by Octave 3.8.2, Tue Jun 23 00:11:09 2020 CEST <damian@fptrucha.inv.usc.es>
# name: hd
# type: matrix
# rows: 100
# columns: 2
 1 0
 2 5.05050505050505
 0 10.1010101010101
 331 15.15151515151515
 3 20.2020202020202
 0 25.25252525252525
 156 30.3030303030303
 587 35.35353535353535
 638 40.4040404040404
 310 45.45454545454545
 162 50.50505050505051
 67 55.55555555555555
 3 60.6060606060606
 290 65.65656565656565
 211 70.7070707070707
 561 75.75757575757575
 4 80.8080808080808
 1 85.85858585858585
 71 90.90909090909091
 9 95.95959595959596
 1 101.010101010101
 179 106.060606060606
 185 111.1111111111111
 427 116.1616161616162
 215 121.2121212121212
 97 126.2626262626263
 1 131.3131313131313
 0 136.3636363636363
 57 141.4141414141414
 85 146.4646464646464
 493 151.5151515151515
 280 156.5656565656566
 3 161.6161616161616
 1 166.6666666666667
 86 171.7171717171717
 27 176.7676767676768
 2 181.8181818181818
 1 186.8686868686869
 221 191.9191919191919
 293 196.969696969697
 52 202.020202020202
 97 207.070707070707
 176 212.1212121212121
 74 217.1717171717171
 135 222.2222222222222
 252 227.2727272727273
 137 232.3232323232323
 2 237.3737373737374
 24 242.4242424242424
 130 247.4747474747475
 22 252.5252525252525
 139 257.5757575757576
 117 262.6262626262626
 48 267.6767676767677
 281 272.7272727272727
 141 277.7777777777778
 438 282.8282828282828
 216 287.8787878787879
 1 292.9292929292929
 0 297.979797979798
 1 303.030303030303
 238 308.0808080808081
 31 313.1313131313131
 51 318.1818181818182
 34 323.2323232323232
 37 328.2828282828282
 200 333.3333333333333
 79 338.3838383838383
 15 343.4343434343434
 189 348.4848484848484
 116 353.5353535353535
 26 358.5858585858585
 1 363.6363636363636
 51 368.6868686868686
 32 373.7373737373737
 35 378.7878787878788
 2 383.8383838383838
 0 388.8888888888889
 325 393.9393939393939
 56 398.989898989899
 59 404.040404040404
 151 409.0909090909091
 134 414.1414141414141
 562 419.1919191919192
 24 424.2424242424242
 226 429.2929292929293
 171 434.3434343434343
 1 439.3939393939394
 49 444.4444444444444
 87 449.4949494949495
 54 454.5454545454545
 0 459.5959595959596
 2 464.6464646464646
 2 469.6969696969697
 2 474.7474747474747
 1 479.7979797979798
 25 484.8484848484848
 22 489.8989898989898
 60 494.9494949494949
 0 500


