# Created by Octave 3.8.2, Sat Jun 20 16:14:44 2020 CEST <damian@fptrucha.inv.usc.es>
# name: hd
# type: matrix
# rows: 100
# columns: 2
 3 0
 1 5.05050505050505
 1 10.1010101010101
 293 15.15151515151515
 6 20.2020202020202
 1 25.25252525252525
 138 30.3030303030303
 499 35.35353535353535
 555 40.4040404040404
 292 45.45454545454545
 121 50.50505050505051
 82 55.55555555555555
 0 60.6060606060606
 287 65.65656565656565
 216 70.7070707070707
 602 75.75757575757575
 1 80.8080808080808
 2 85.85858585858585
 63 90.90909090909091
 0 95.95959595959596
 2 101.010101010101
 173 106.060606060606
 160 111.1111111111111
 407 116.1616161616162
 201 121.2121212121212
 105 126.2626262626263
 0 131.3131313131313
 2 136.3636363636363
 65 141.4141414141414
 97 146.4646464646464
 439 151.5151515151515
 253 156.5656565656566
 1 161.6161616161616
 0 166.6666666666667
 62 171.7171717171717
 39 176.7676767676768
 1 181.8181818181818
 0 186.8686868686869
 185 191.9191919191919
 263 196.969696969697
 59 202.020202020202
 82 207.070707070707
 209 212.1212121212121
 57 217.1717171717171
 91 222.2222222222222
 230 227.2727272727273
 140 232.3232323232323
 1 237.3737373737374
 14 242.4242424242424
 139 247.4747474747475
 21 252.5252525252525
 112 257.5757575757576
 140 262.6262626262626
 42 267.6767676767677
 238 272.7272727272727
 150 277.7777777777778
 441 282.8282828282828
 204 287.8787878787879
 3 292.9292929292929
 0 297.979797979798
 1 303.030303030303
 205 308.0808080808081
 18 313.1313131313131
 45 318.1818181818182
 46 323.2323232323232
 52 328.2828282828282
 182 333.3333333333333
 74 338.3838383838383
 25 343.4343434343434
 196 348.4848484848484
 112 353.5353535353535
 26 358.5858585858585
 0 363.6363636363636
 51 368.6868686868686
 39 373.7373737373737
 36 378.7878787878788
 1 383.8383838383838
 2 388.8888888888889
 323 393.9393939393939
 49 398.989898989899
 59 404.040404040404
 164 409.0909090909091
 135 414.1414141414141
 565 419.1919191919192
 23 424.2424242424242
 243 429.2929292929293
 188 434.3434343434343
 5 439.3939393939394
 43 444.4444444444444
 68 449.4949494949495
 58 454.5454545454545
 2 459.5959595959596
 1 464.6464646464646
 1 469.6969696969697
 1 474.7474747474747
 0 479.7979797979798
 20 484.8484848484848
 11 489.8989898989898
 76 494.9494949494949
 0 500


