# Created by Octave 3.8.2, Mon Jun 22 08:10:13 2020 CEST <damian@fptrucha.inv.usc.es>
# name: hd
# type: matrix
# rows: 100
# columns: 2
 1 0
 8 5.05050505050505
 3 10.1010101010101
 263 15.15151515151515
 4 20.2020202020202
 4 25.25252525252525
 162 30.3030303030303
 506 35.35353535353535
 557 40.4040404040404
 297 45.45454545454545
 130 50.50505050505051
 68 55.55555555555555
 3 60.6060606060606
 271 65.65656565656565
 205 70.7070707070707
 563 75.75757575757575
 3 80.8080808080808
 0 85.85858585858585
 60 90.90909090909091
 9 95.95959595959596
 3 101.010101010101
 175 106.060606060606
 175 111.1111111111111
 379 116.1616161616162
 194 121.2121212121212
 83 126.2626262626263
 1 131.3131313131313
 1 136.3636363636363
 59 141.4141414141414
 106 146.4646464646464
 380 151.5151515151515
 218 156.5656565656566
 2 161.6161616161616
 2 166.6666666666667
 59 171.7171717171717
 29 176.7676767676768
 1 181.8181818181818
 1 186.8686868686869
 202 191.9191919191919
 267 196.969696969697
 42 202.020202020202
 96 207.070707070707
 171 212.1212121212121
 61 217.1717171717171
 87 222.2222222222222
 228 227.2727272727273
 114 232.3232323232323
 3 237.3737373737374
 28 242.4242424242424
 141 247.4747474747475
 23 252.5252525252525
 117 257.5757575757576
 115 262.6262626262626
 48 267.6767676767677
 247 272.7272727272727
 126 277.7777777777778
 425 282.8282828282828
 185 287.8787878787879
 1 292.9292929292929
 1 297.979797979798
 0 303.030303030303
 197 308.0808080808081
 24 313.1313131313131
 36 318.1818181818182
 31 323.2323232323232
 36 328.2828282828282
 164 333.3333333333333
 51 338.3838383838383
 16 343.4343434343434
 171 348.4848484848484
 97 353.5353535353535
 16 358.5858585858585
 6 363.6363636363636
 50 368.6868686868686
 53 373.7373737373737
 31 378.7878787878788
 0 383.8383838383838
 2 388.8888888888889
 288 393.9393939393939
 60 398.989898989899
 60 404.040404040404
 148 409.0909090909091
 132 414.1414141414141
 508 419.1919191919192
 19 424.2424242424242
 214 429.2929292929293
 178 434.3434343434343
 4 439.3939393939394
 48 444.4444444444444
 66 449.4949494949495
 36 454.5454545454545
 2 459.5959595959596
 0 464.6464646464646
 0 469.6969696969697
 0 474.7474747474747
 2 479.7979797979798
 25 484.8484848484848
 16 489.8989898989898
 72 494.9494949494949
 0 500


