# Created by Octave 3.8.2, Sat Jun 20 10:59:47 2020 CEST <damian@fptrucha.inv.usc.es>
# name: hd
# type: matrix
# rows: 100
# columns: 2
 1 0
 1 5.05050505050505
 0 10.1010101010101
 302 15.15151515151515
 2 20.2020202020202
 0 25.25252525252525
 166 30.3030303030303
 588 35.35353535353535
 683 40.4040404040404
 334 45.45454545454545
 135 50.50505050505051
 82 55.55555555555555
 5 60.6060606060606
 299 65.65656565656565
 206 70.7070707070707
 643 75.75757575757575
 1 80.8080808080808
 1 85.85858585858585
 70 90.90909090909091
 5 95.95959595959596
 2 101.010101010101
 201 106.060606060606
 188 111.1111111111111
 374 116.1616161616162
 221 121.2121212121212
 115 126.2626262626263
 1 131.3131313131313
 0 136.3636363636363
 63 141.4141414141414
 106 146.4646464646464
 528 151.5151515151515
 315 156.5656565656566
 5 161.6161616161616
 0 166.6666666666667
 80 171.7171717171717
 46 176.7676767676768
 0 181.8181818181818
 0 186.8686868686869
 192 191.9191919191919
 280 196.969696969697
 38 202.020202020202
 89 207.070707070707
 223 212.1212121212121
 68 217.1717171717171
 107 222.2222222222222
 259 227.2727272727273
 195 232.3232323232323
 0 237.3737373737374
 25 242.4242424242424
 142 247.4747474747475
 21 252.5252525252525
 135 257.5757575757576
 155 262.6262626262626
 33 267.6767676767677
 300 272.7272727272727
 147 277.7777777777778
 477 282.8282828282828
 226 287.8787878787879
 0 292.9292929292929
 0 297.979797979798
 0 303.030303030303
 246 308.0808080808081
 30 313.1313131313131
 56 318.1818181818182
 28 323.2323232323232
 32 328.2828282828282
 215 333.3333333333333
 78 338.3838383838383
 21 343.4343434343434
 192 348.4848484848484
 110 353.5353535353535
 36 358.5858585858585
 0 363.6363636363636
 59 368.6868686868686
 47 373.7373737373737
 45 378.7878787878788
 0 383.8383838383838
 1 388.8888888888889
 327 393.9393939393939
 53 398.989898989899
 62 404.040404040404
 195 409.0909090909091
 165 414.1414141414141
 610 419.1919191919192
 24 424.2424242424242
 234 429.2929292929293
 200 434.3434343434343
 3 439.3939393939394
 72 444.4444444444444
 99 449.4949494949495
 75 454.5454545454545
 1 459.5959595959596
 1 464.6464646464646
 0 469.6969696969697
 1 474.7474747474747
 1 479.7979797979798
 22 484.8484848484848
 18 489.8989898989898
 82 494.9494949494949
 0 500


