# Created by Octave 3.8.2, Mon Jun 22 23:49:11 2020 CEST <damian@fptrucha.inv.usc.es>
# name: hd
# type: matrix
# rows: 100
# columns: 2
 3 0
 4 5.05050505050505
 2 10.1010101010101
 297 15.15151515151515
 2 20.2020202020202
 1 25.25252525252525
 169 30.3030303030303
 550 35.35353535353535
 611 40.4040404040404
 321 45.45454545454545
 148 50.50505050505051
 69 55.55555555555555
 3 60.6060606060606
 304 65.65656565656565
 215 70.7070707070707
 624 75.75757575757575
 2 80.8080808080808
 2 85.85858585858585
 62 90.90909090909091
 3 95.95959595959596
 3 101.010101010101
 214 106.060606060606
 173 111.1111111111111
 439 116.1616161616162
 218 121.2121212121212
 87 126.2626262626263
 1 131.3131313131313
 3 136.3636363636363
 89 141.4141414141414
 88 146.4646464646464
 439 151.5151515151515
 266 156.5656565656566
 5 161.6161616161616
 0 166.6666666666667
 59 171.7171717171717
 43 176.7676767676768
 2 181.8181818181818
 0 186.8686868686869
 193 191.9191919191919
 303 196.969696969697
 48 202.020202020202
 107 207.070707070707
 188 212.1212121212121
 58 217.1717171717171
 98 222.2222222222222
 256 227.2727272727273
 143 232.3232323232323
 2 237.3737373737374
 25 242.4242424242424
 150 247.4747474747475
 23 252.5252525252525
 126 257.5757575757576
 132 262.6262626262626
 33 267.6767676767677
 266 272.7272727272727
 154 277.7777777777778
 441 282.8282828282828
 201 287.8787878787879
 3 292.9292929292929
 1 297.979797979798
 1 303.030303030303
 206 308.0808080808081
 27 313.1313131313131
 50 318.1818181818182
 30 323.2323232323232
 48 328.2828282828282
 184 333.3333333333333
 67 338.3838383838383
 25 343.4343434343434
 183 348.4848484848484
 120 353.5353535353535
 28 358.5858585858585
 2 363.6363636363636
 51 368.6868686868686
 44 373.7373737373737
 33 378.7878787878788
 2 383.8383838383838
 2 388.8888888888889
 321 393.9393939393939
 62 398.989898989899
 68 404.040404040404
 169 409.0909090909091
 146 414.1414141414141
 628 419.1919191919192
 22 424.2424242424242
 216 429.2929292929293
 176 434.3434343434343
 3 439.3939393939394
 60 444.4444444444444
 88 449.4949494949495
 66 454.5454545454545
 0 459.5959595959596
 1 464.6464646464646
 1 469.6969696969697
 4 474.7474747474747
 1 479.7979797979798
 20 484.8484848484848
 16 489.8989898989898
 73 494.9494949494949
 0 500


