# Created by Octave 3.8.2, Mon Jun 22 21:29:13 2020 CEST <damian@fptrucha.inv.usc.es>
# name: hd
# type: matrix
# rows: 100
# columns: 2
 2 0
 5 5.05050505050505
 0 10.1010101010101
 285 15.15151515151515
 3 20.2020202020202
 0 25.25252525252525
 171 30.3030303030303
 563 35.35353535353535
 636 40.4040404040404
 322 45.45454545454545
 119 50.50505050505051
 66 55.55555555555555
 2 60.6060606060606
 276 65.65656565656565
 218 70.7070707070707
 598 75.75757575757575
 1 80.8080808080808
 3 85.85858585858585
 70 90.90909090909091
 6 95.95959595959596
 2 101.010101010101
 203 106.060606060606
 193 111.1111111111111
 424 116.1616161616162
 197 121.2121212121212
 96 126.2626262626263
 0 131.3131313131313
 0 136.3636363636363
 75 141.4141414141414
 102 146.4646464646464
 505 151.5151515151515
 260 156.5656565656566
 2 161.6161616161616
 0 166.6666666666667
 72 171.7171717171717
 33 176.7676767676768
 3 181.8181818181818
 0 186.8686868686869
 188 191.9191919191919
 262 196.969696969697
 60 202.020202020202
 91 207.070707070707
 187 212.1212121212121
 71 217.1717171717171
 111 222.2222222222222
 272 227.2727272727273
 152 232.3232323232323
 2 237.3737373737374
 23 242.4242424242424
 135 247.4747474747475
 18 252.5252525252525
 126 257.5757575757576
 146 262.6262626262626
 33 267.6767676767677
 254 272.7272727272727
 164 277.7777777777778
 484 282.8282828282828
 224 287.8787878787879
 3 292.9292929292929
 0 297.979797979798
 0 303.030303030303
 208 308.0808080808081
 20 313.1313131313131
 39 318.1818181818182
 30 323.2323232323232
 45 328.2828282828282
 170 333.3333333333333
 68 338.3838383838383
 23 343.4343434343434
 216 348.4848484848484
 112 353.5353535353535
 23 358.5858585858585
 0 363.6363636363636
 51 368.6868686868686
 37 373.7373737373737
 35 378.7878787878788
 2 383.8383838383838
 0 388.8888888888889
 326 393.9393939393939
 57 398.989898989899
 67 404.040404040404
 182 409.0909090909091
 136 414.1414141414141
 586 419.1919191919192
 16 424.2424242424242
 242 429.2929292929293
 178 434.3434343434343
 6 439.3939393939394
 56 444.4444444444444
 85 449.4949494949495
 53 454.5454545454545
 3 459.5959595959596
 1 464.6464646464646
 1 469.6969696969697
 0 474.7474747474747
 4 479.7979797979798
 28 484.8484848484848
 34 489.8989898989898
 77 494.9494949494949
 0 500


