# Created by Octave 3.8.2, Mon Jun 22 06:22:31 2020 CEST <damian@fptrucha.inv.usc.es>
# name: hd
# type: matrix
# rows: 100
# columns: 2
 2 0
 2 5.05050505050505
 3 10.1010101010101
 176 15.15151515151515
 3 20.2020202020202
 0 25.25252525252525
 103 30.3030303030303
 304 35.35353535353535
 391 40.4040404040404
 215 45.45454545454545
 64 50.50505050505051
 44 55.55555555555555
 2 60.6060606060606
 185 65.65656565656565
 140 70.7070707070707
 344 75.75757575757575
 0 80.8080808080808
 1 85.85858585858585
 29 90.90909090909091
 4 95.95959595959596
 4 101.010101010101
 131 106.060606060606
 111 111.1111111111111
 239 116.1616161616162
 122 121.2121212121212
 56 126.2626262626263
 2 131.3131313131313
 3 136.3636363636363
 48 141.4141414141414
 64 146.4646464646464
 282 151.5151515151515
 167 156.5656565656566
 1 161.6161616161616
 1 166.6666666666667
 36 171.7171717171717
 24 176.7676767676768
 0 181.8181818181818
 0 186.8686868686869
 110 191.9191919191919
 168 196.969696969697
 42 202.020202020202
 74 207.070707070707
 108 212.1212121212121
 44 217.1717171717171
 61 222.2222222222222
 152 227.2727272727273
 87 232.3232323232323
 1 237.3737373737374
 16 242.4242424242424
 92 247.4747474747475
 15 252.5252525252525
 67 257.5757575757576
 71 262.6262626262626
 29 267.6767676767677
 153 272.7272727272727
 85 277.7777777777778
 282 282.8282828282828
 133 287.8787878787879
 1 292.9292929292929
 1 297.979797979798
 0 303.030303030303
 147 308.0808080808081
 25 313.1313131313131
 21 318.1818181818182
 23 323.2323232323232
 27 328.2828282828282
 125 333.3333333333333
 42 338.3838383838383
 16 343.4343434343434
 119 348.4848484848484
 68 353.5353535353535
 24 358.5858585858585
 1 363.6363636363636
 31 368.6868686868686
 24 373.7373737373737
 19 378.7878787878788
 1 383.8383838383838
 1 388.8888888888889
 205 393.9393939393939
 41 398.989898989899
 37 404.040404040404
 101 409.0909090909091
 93 414.1414141414141
 339 419.1919191919192
 9 424.2424242424242
 153 429.2929292929293
 116 434.3434343434343
 2 439.3939393939394
 42 444.4444444444444
 50 449.4949494949495
 33 454.5454545454545
 0 459.5959595959596
 1 464.6464646464646
 2 469.6969696969697
 0 474.7474747474747
 0 479.7979797979798
 14 484.8484848484848
 8 489.8989898989898
 60 494.9494949494949
 0 500


