# Created by Octave 3.8.2, Mon Jun 22 02:07:09 2020 CEST <damian@fptrucha.inv.usc.es>
# name: hd
# type: matrix
# rows: 100
# columns: 2
 2 0
 3 5.05050505050505
 2 10.1010101010101
 284 15.15151515151515
 2 20.2020202020202
 0 25.25252525252525
 158 30.3030303030303
 520 35.35353535353535
 552 40.4040404040404
 368 45.45454545454545
 135 50.50505050505051
 69 55.55555555555555
 2 60.6060606060606
 262 65.65656565656565
 206 70.7070707070707
 549 75.75757575757575
 3 80.8080808080808
 2 85.85858585858585
 52 90.90909090909091
 2 95.95959595959596
 3 101.010101010101
 172 106.060606060606
 191 111.1111111111111
 379 116.1616161616162
 183 121.2121212121212
 89 126.2626262626263
 1 131.3131313131313
 1 136.3636363636363
 79 141.4141414141414
 102 146.4646464646464
 424 151.5151515151515
 228 156.5656565656566
 5 161.6161616161616
 0 166.6666666666667
 65 171.7171717171717
 37 176.7676767676768
 0 181.8181818181818
 0 186.8686868686869
 180 191.9191919191919
 274 196.969696969697
 43 202.020202020202
 95 207.070707070707
 174 212.1212121212121
 66 217.1717171717171
 92 222.2222222222222
 227 227.2727272727273
 142 232.3232323232323
 2 237.3737373737374
 30 242.4242424242424
 134 247.4747474747475
 23 252.5252525252525
 117 257.5757575757576
 107 262.6262626262626
 35 267.6767676767677
 249 272.7272727272727
 146 277.7777777777778
 479 282.8282828282828
 199 287.8787878787879
 5 292.9292929292929
 0 297.979797979798
 0 303.030303030303
 216 308.0808080808081
 20 313.1313131313131
 29 318.1818181818182
 31 323.2323232323232
 44 328.2828282828282
 159 333.3333333333333
 67 338.3838383838383
 17 343.4343434343434
 176 348.4848484848484
 93 353.5353535353535
 22 358.5858585858585
 0 363.6363636363636
 39 368.6868686868686
 53 373.7373737373737
 39 378.7878787878788
 0 383.8383838383838
 1 388.8888888888889
 309 393.9393939393939
 53 398.989898989899
 68 404.040404040404
 147 409.0909090909091
 129 414.1414141414141
 541 419.1919191919192
 25 424.2424242424242
 229 429.2929292929293
 169 434.3434343434343
 2 439.3939393939394
 51 444.4444444444444
 76 449.4949494949495
 58 454.5454545454545
 0 459.5959595959596
 0 464.6464646464646
 2 469.6969696969697
 1 474.7474747474747
 2 479.7979797979798
 26 484.8484848484848
 32 489.8989898989898
 63 494.9494949494949
 0 500


