# Created by Octave 3.8.2, Mon Jun 22 00:29:06 2020 CEST <damian@fptrucha.inv.usc.es>
# name: hd
# type: matrix
# rows: 100
# columns: 2
 0 0
 3 5.05050505050505
 1 10.1010101010101
 303 15.15151515151515
 1 20.2020202020202
 3 25.25252525252525
 145 30.3030303030303
 500 35.35353535353535
 632 40.4040404040404
 309 45.45454545454545
 109 50.50505050505051
 65 55.55555555555555
 2 60.6060606060606
 248 65.65656565656565
 229 70.7070707070707
 587 75.75757575757575
 0 80.8080808080808
 0 85.85858585858585
 69 90.90909090909091
 7 95.95959595959596
 1 101.010101010101
 181 106.060606060606
 175 111.1111111111111
 382 116.1616161616162
 195 121.2121212121212
 88 126.2626262626263
 0 131.3131313131313
 1 136.3636363636363
 70 141.4141414141414
 76 146.4646464646464
 495 151.5151515151515
 288 156.5656565656566
 0 161.6161616161616
 0 166.6666666666667
 68 171.7171717171717
 46 176.7676767676768
 1 181.8181818181818
 0 186.8686868686869
 213 191.9191919191919
 267 196.969696969697
 39 202.020202020202
 79 207.070707070707
 218 212.1212121212121
 55 217.1717171717171
 92 222.2222222222222
 232 227.2727272727273
 128 232.3232323232323
 1 237.3737373737374
 18 242.4242424242424
 144 247.4747474747475
 20 252.5252525252525
 120 257.5757575757576
 137 262.6262626262626
 36 267.6767676767677
 277 272.7272727272727
 152 277.7777777777778
 451 282.8282828282828
 184 287.8787878787879
 2 292.9292929292929
 1 297.979797979798
 0 303.030303030303
 200 308.0808080808081
 34 313.1313131313131
 38 318.1818181818182
 31 323.2323232323232
 48 328.2828282828282
 165 333.3333333333333
 50 338.3838383838383
 9 343.4343434343434
 200 348.4848484848484
 98 353.5353535353535
 26 358.5858585858585
 0 363.6363636363636
 45 368.6868686868686
 37 373.7373737373737
 40 378.7878787878788
 0 383.8383838383838
 2 388.8888888888889
 337 393.9393939393939
 56 398.989898989899
 55 404.040404040404
 200 409.0909090909091
 141 414.1414141414141
 581 419.1919191919192
 22 424.2424242424242
 238 429.2929292929293
 189 434.3434343434343
 4 439.3939393939394
 68 444.4444444444444
 94 449.4949494949495
 62 454.5454545454545
 2 459.5959595959596
 0 464.6464646464646
 0 469.6969696969697
 2 474.7474747474747
 0 479.7979797979798
 16 484.8484848484848
 19 489.8989898989898
 67 494.9494949494949
 0 500


