# Created by Octave 3.8.2, Mon Jun 22 08:41:49 2020 CEST <damian@fptrucha.inv.usc.es>
# name: hd
# type: matrix
# rows: 100
# columns: 2
 0 0
 6 5.05050505050505
 0 10.1010101010101
 247 15.15151515151515
 4 20.2020202020202
 0 25.25252525252525
 142 30.3030303030303
 512 35.35353535353535
 582 40.4040404040404
 307 45.45454545454545
 109 50.50505050505051
 68 55.55555555555555
 2 60.6060606060606
 282 65.65656565656565
 215 70.7070707070707
 567 75.75757575757575
 0 80.8080808080808
 0 85.85858585858585
 55 90.90909090909091
 8 95.95959595959596
 1 101.010101010101
 179 106.060606060606
 159 111.1111111111111
 411 116.1616161616162
 163 121.2121212121212
 76 126.2626262626263
 0 131.3131313131313
 4 136.3636363636363
 65 141.4141414141414
 103 146.4646464646464
 372 151.5151515151515
 227 156.5656565656566
 2 161.6161616161616
 1 166.6666666666667
 74 171.7171717171717
 34 176.7676767676768
 0 181.8181818181818
 3 186.8686868686869
 198 191.9191919191919
 267 196.969696969697
 59 202.020202020202
 114 207.070707070707
 203 212.1212121212121
 66 217.1717171717171
 86 222.2222222222222
 186 227.2727272727273
 122 232.3232323232323
 3 237.3737373737374
 22 242.4242424242424
 150 247.4747474747475
 34 252.5252525252525
 104 257.5757575757576
 106 262.6262626262626
 32 267.6767676767677
 255 272.7272727272727
 142 277.7777777777778
 412 282.8282828282828
 200 287.8787878787879
 2 292.9292929292929
 3 297.979797979798
 3 303.030303030303
 185 308.0808080808081
 30 313.1313131313131
 38 318.1818181818182
 35 323.2323232323232
 35 328.2828282828282
 201 333.3333333333333
 45 338.3838383838383
 20 343.4343434343434
 187 348.4848484848484
 82 353.5353535353535
 33 358.5858585858585
 2 363.6363636363636
 40 368.6868686868686
 29 373.7373737373737
 41 378.7878787878788
 2 383.8383838383838
 2 388.8888888888889
 282 393.9393939393939
 54 398.989898989899
 70 404.040404040404
 163 409.0909090909091
 129 414.1414141414141
 504 419.1919191919192
 25 424.2424242424242
 222 429.2929292929293
 176 434.3434343434343
 6 439.3939393939394
 62 444.4444444444444
 88 449.4949494949495
 67 454.5454545454545
 2 459.5959595959596
 1 464.6464646464646
 2 469.6969696969697
 2 474.7474747474747
 1 479.7979797979798
 25 484.8484848484848
 23 489.8989898989898
 72 494.9494949494949
 0 500


