# Created by Octave 3.8.2, Sat Jun 20 23:49:25 2020 CEST <damian@fptrucha.inv.usc.es>
# name: hd
# type: matrix
# rows: 100
# columns: 2
 2 0
 4 5.05050505050505
 1 10.1010101010101
 266 15.15151515151515
 2 20.2020202020202
 0 25.25252525252525
 149 30.3030303030303
 460 35.35353535353535
 575 40.4040404040404
 307 45.45454545454545
 128 50.50505050505051
 78 55.55555555555555
 0 60.6060606060606
 248 65.65656565656565
 179 70.7070707070707
 567 75.75757575757575
 0 80.8080808080808
 2 85.85858585858585
 63 90.90909090909091
 1 95.95959595959596
 2 101.010101010101
 182 106.060606060606
 153 111.1111111111111
 378 116.1616161616162
 190 121.2121212121212
 98 126.2626262626263
 0 131.3131313131313
 0 136.3636363636363
 70 141.4141414141414
 80 146.4646464646464
 414 151.5151515151515
 239 156.5656565656566
 2 161.6161616161616
 1 166.6666666666667
 60 171.7171717171717
 24 176.7676767676768
 0 181.8181818181818
 1 186.8686868686869
 204 191.9191919191919
 263 196.969696969697
 46 202.020202020202
 88 207.070707070707
 197 212.1212121212121
 63 217.1717171717171
 111 222.2222222222222
 210 227.2727272727273
 134 232.3232323232323
 1 237.3737373737374
 32 242.4242424242424
 133 247.4747474747475
 16 252.5252525252525
 123 257.5757575757576
 137 262.6262626262626
 39 267.6767676767677
 242 272.7272727272727
 129 277.7777777777778
 425 282.8282828282828
 197 287.8787878787879
 1 292.9292929292929
 0 297.979797979798
 0 303.030303030303
 209 308.0808080808081
 22 313.1313131313131
 46 318.1818181818182
 41 323.2323232323232
 31 328.2828282828282
 152 333.3333333333333
 62 338.3838383838383
 14 343.4343434343434
 150 348.4848484848484
 75 353.5353535353535
 26 358.5858585858585
 0 363.6363636363636
 46 368.6868686868686
 36 373.7373737373737
 28 378.7878787878788
 1 383.8383838383838
 0 388.8888888888889
 312 393.9393939393939
 68 398.989898989899
 61 404.040404040404
 144 409.0909090909091
 155 414.1414141414141
 578 419.1919191919192
 24 424.2424242424242
 236 429.2929292929293
 164 434.3434343434343
 1 439.3939393939394
 53 444.4444444444444
 81 449.4949494949495
 55 454.5454545454545
 1 459.5959595959596
 1 464.6464646464646
 0 469.6969696969697
 1 474.7474747474747
 0 479.7979797979798
 22 484.8484848484848
 20 489.8989898989898
 65 494.9494949494949
 0 500


