# Created by Octave 3.8.2, Mon Jun 22 08:06:32 2020 CEST <damian@fptrucha.inv.usc.es>
# name: hd
# type: matrix
# rows: 100
# columns: 2
 2 0
 4 5.05050505050505
 2 10.1010101010101
 256 15.15151515151515
 7 20.2020202020202
 1 25.25252525252525
 136 30.3030303030303
 515 35.35353535353535
 546 40.4040404040404
 330 45.45454545454545
 118 50.50505050505051
 65 55.55555555555555
 4 60.6060606060606
 281 65.65656565656565
 192 70.7070707070707
 532 75.75757575757575
 3 80.8080808080808
 0 85.85858585858585
 64 90.90909090909091
 4 95.95959595959596
 4 101.010101010101
 200 106.060606060606
 151 111.1111111111111
 376 116.1616161616162
 176 121.2121212121212
 97 126.2626262626263
 2 131.3131313131313
 5 136.3636363636363
 64 141.4141414141414
 77 146.4646464646464
 410 151.5151515151515
 256 156.5656565656566
 5 161.6161616161616
 3 166.6666666666667
 63 171.7171717171717
 40 176.7676767676768
 1 181.8181818181818
 4 186.8686868686869
 168 191.9191919191919
 244 196.969696969697
 43 202.020202020202
 90 207.070707070707
 173 212.1212121212121
 70 217.1717171717171
 100 222.2222222222222
 253 227.2727272727273
 136 232.3232323232323
 0 237.3737373737374
 13 242.4242424242424
 125 247.4747474747475
 19 252.5252525252525
 109 257.5757575757576
 121 262.6262626262626
 36 267.6767676767677
 257 272.7272727272727
 152 277.7777777777778
 406 282.8282828282828
 179 287.8787878787879
 1 292.9292929292929
 1 297.979797979798
 0 303.030303030303
 184 308.0808080808081
 25 313.1313131313131
 35 318.1818181818182
 25 323.2323232323232
 36 328.2828282828282
 169 333.3333333333333
 65 338.3838383838383
 18 343.4343434343434
 174 348.4848484848484
 103 353.5353535353535
 29 358.5858585858585
 1 363.6363636363636
 37 368.6868686868686
 39 373.7373737373737
 38 378.7878787878788
 1 383.8383838383838
 2 388.8888888888889
 291 393.9393939393939
 61 398.989898989899
 67 404.040404040404
 171 409.0909090909091
 135 414.1414141414141
 522 419.1919191919192
 22 424.2424242424242
 236 429.2929292929293
 147 434.3434343434343
 5 439.3939393939394
 41 444.4444444444444
 72 449.4949494949495
 59 454.5454545454545
 1 459.5959595959596
 2 464.6464646464646
 1 469.6969696969697
 3 474.7474747474747
 1 479.7979797979798
 15 484.8484848484848
 17 489.8989898989898
 76 494.9494949494949
 0 500


