# Created by Octave 3.8.2, Mon Jun 22 04:12:26 2020 CEST <damian@fptrucha.inv.usc.es>
# name: hd
# type: matrix
# rows: 100
# columns: 2
 2 0
 3 5.05050505050505
 2 10.1010101010101
 272 15.15151515151515
 5 20.2020202020202
 1 25.25252525252525
 131 30.3030303030303
 441 35.35353535353535
 513 40.4040404040404
 303 45.45454545454545
 131 50.50505050505051
 70 55.55555555555555
 5 60.6060606060606
 230 65.65656565656565
 227 70.7070707070707
 493 75.75757575757575
 4 80.8080808080808
 1 85.85858585858585
 42 90.90909090909091
 2 95.95959595959596
 5 101.010101010101
 184 106.060606060606
 153 111.1111111111111
 368 116.1616161616162
 196 121.2121212121212
 79 126.2626262626263
 0 131.3131313131313
 3 136.3636363636363
 62 141.4141414141414
 84 146.4646464646464
 365 151.5151515151515
 250 156.5656565656566
 2 161.6161616161616
 1 166.6666666666667
 53 171.7171717171717
 28 176.7676767676768
 1 181.8181818181818
 2 186.8686868686869
 162 191.9191919191919
 232 196.969696969697
 43 202.020202020202
 89 207.070707070707
 155 212.1212121212121
 46 217.1717171717171
 88 222.2222222222222
 207 227.2727272727273
 132 232.3232323232323
 1 237.3737373737374
 21 242.4242424242424
 134 247.4747474747475
 28 252.5252525252525
 100 257.5757575757576
 97 262.6262626262626
 34 267.6767676767677
 251 272.7272727272727
 138 277.7777777777778
 417 282.8282828282828
 188 287.8787878787879
 2 292.9292929292929
 0 297.979797979798
 0 303.030303030303
 198 308.0808080808081
 18 313.1313131313131
 35 318.1818181818182
 25 323.2323232323232
 38 328.2828282828282
 153 333.3333333333333
 68 338.3838383838383
 24 343.4343434343434
 167 348.4848484848484
 97 353.5353535353535
 28 358.5858585858585
 0 363.6363636363636
 44 368.6868686868686
 30 373.7373737373737
 31 378.7878787878788
 1 383.8383838383838
 1 388.8888888888889
 244 393.9393939393939
 63 398.989898989899
 67 404.040404040404
 153 409.0909090909091
 128 414.1414141414141
 551 419.1919191919192
 17 424.2424242424242
 211 429.2929292929293
 168 434.3434343434343
 4 439.3939393939394
 51 444.4444444444444
 73 449.4949494949495
 41 454.5454545454545
 1 459.5959595959596
 2 464.6464646464646
 2 469.6969696969697
 3 474.7474747474747
 0 479.7979797979798
 23 484.8484848484848
 20 489.8989898989898
 67 494.9494949494949
 0 500


