# Created by Octave 3.8.2, Mon Jun 22 04:48:16 2020 CEST <damian@fptrucha.inv.usc.es>
# name: hd
# type: matrix
# rows: 100
# columns: 2
 1 0
 4 5.05050505050505
 4 10.1010101010101
 243 15.15151515151515
 1 20.2020202020202
 1 25.25252525252525
 148 30.3030303030303
 460 35.35353535353535
 538 40.4040404040404
 301 45.45454545454545
 121 50.50505050505051
 52 55.55555555555555
 1 60.6060606060606
 233 65.65656565656565
 198 70.7070707070707
 449 75.75757575757575
 1 80.8080808080808
 2 85.85858585858585
 50 90.90909090909091
 5 95.95959595959596
 6 101.010101010101
 169 106.060606060606
 132 111.1111111111111
 338 116.1616161616162
 176 121.2121212121212
 66 126.2626262626263
 1 131.3131313131313
 2 136.3636363636363
 60 141.4141414141414
 82 146.4646464646464
 340 151.5151515151515
 224 156.5656565656566
 0 161.6161616161616
 1 166.6666666666667
 62 171.7171717171717
 18 176.7676767676768
 2 181.8181818181818
 1 186.8686868686869
 171 191.9191919191919
 196 196.969696969697
 40 202.020202020202
 91 207.070707070707
 153 212.1212121212121
 58 217.1717171717171
 94 222.2222222222222
 212 227.2727272727273
 118 232.3232323232323
 1 237.3737373737374
 23 242.4242424242424
 103 247.4747474747475
 24 252.5252525252525
 115 257.5757575757576
 130 262.6262626262626
 40 267.6767676767677
 232 272.7272727272727
 130 277.7777777777778
 411 282.8282828282828
 154 287.8787878787879
 1 292.9292929292929
 2 297.979797979798
 1 303.030303030303
 218 308.0808080808081
 37 313.1313131313131
 27 318.1818181818182
 34 323.2323232323232
 41 328.2828282828282
 178 333.3333333333333
 81 338.3838383838383
 18 343.4343434343434
 164 348.4848484848484
 93 353.5353535353535
 19 358.5858585858585
 1 363.6363636363636
 36 368.6868686868686
 30 373.7373737373737
 35 378.7878787878788
 1 383.8383838383838
 3 388.8888888888889
 250 393.9393939393939
 72 398.989898989899
 55 404.040404040404
 145 409.0909090909091
 143 414.1414141414141
 510 419.1919191919192
 16 424.2424242424242
 219 429.2929292929293
 149 434.3434343434343
 4 439.3939393939394
 43 444.4444444444444
 69 449.4949494949495
 39 454.5454545454545
 0 459.5959595959596
 0 464.6464646464646
 2 469.6969696969697
 0 474.7474747474747
 2 479.7979797979798
 22 484.8484848484848
 22 489.8989898989898
 70 494.9494949494949
 0 500


