# Created by Octave 3.8.2, Mon Jun 22 10:44:19 2020 CEST <damian@fptrucha.inv.usc.es>
# name: hd
# type: matrix
# rows: 100
# columns: 2
 5 0
 3 5.05050505050505
 1 10.1010101010101
 291 15.15151515151515
 2 20.2020202020202
 1 25.25252525252525
 152 30.3030303030303
 542 35.35353535353535
 579 40.4040404040404
 287 45.45454545454545
 125 50.50505050505051
 79 55.55555555555555
 3 60.6060606060606
 276 65.65656565656565
 213 70.7070707070707
 548 75.75757575757575
 3 80.8080808080808
 1 85.85858585858585
 51 90.90909090909091
 4 95.95959595959596
 3 101.010101010101
 188 106.060606060606
 155 111.1111111111111
 414 116.1616161616162
 209 121.2121212121212
 95 126.2626262626263
 2 131.3131313131313
 4 136.3636363636363
 71 141.4141414141414
 101 146.4646464646464
 444 151.5151515151515
 233 156.5656565656566
 2 161.6161616161616
 0 166.6666666666667
 85 171.7171717171717
 28 176.7676767676768
 1 181.8181818181818
 0 186.8686868686869
 194 191.9191919191919
 254 196.969696969697
 52 202.020202020202
 85 207.070707070707
 177 212.1212121212121
 63 217.1717171717171
 107 222.2222222222222
 258 227.2727272727273
 133 232.3232323232323
 1 237.3737373737374
 23 242.4242424242424
 118 247.4747474747475
 24 252.5252525252525
 114 257.5757575757576
 135 262.6262626262626
 44 267.6767676767677
 261 272.7272727272727
 142 277.7777777777778
 431 282.8282828282828
 188 287.8787878787879
 3 292.9292929292929
 2 297.979797979798
 1 303.030303030303
 208 308.0808080808081
 28 313.1313131313131
 36 318.1818181818182
 30 323.2323232323232
 30 328.2828282828282
 186 333.3333333333333
 62 338.3838383838383
 15 343.4343434343434
 159 348.4848484848484
 99 353.5353535353535
 30 358.5858585858585
 2 363.6363636363636
 32 368.6868686868686
 30 373.7373737373737
 40 378.7878787878788
 0 383.8383838383838
 1 388.8888888888889
 304 393.9393939393939
 65 398.989898989899
 85 404.040404040404
 185 409.0909090909091
 140 414.1414141414141
 529 419.1919191919192
 26 424.2424242424242
 230 429.2929292929293
 189 434.3434343434343
 4 439.3939393939394
 61 444.4444444444444
 60 449.4949494949495
 58 454.5454545454545
 1 459.5959595959596
 3 464.6464646464646
 4 469.6969696969697
 0 474.7474747474747
 2 479.7979797979798
 18 484.8484848484848
 19 489.8989898989898
 82 494.9494949494949
 0 500


