# Created by Octave 3.8.2, Mon Jun 22 19:10:11 2020 CEST <damian@fptrucha.inv.usc.es>
# name: hd
# type: matrix
# rows: 100
# columns: 2
 1 0
 3 5.05050505050505
 3 10.1010101010101
 280 15.15151515151515
 3 20.2020202020202
 0 25.25252525252525
 170 30.3030303030303
 531 35.35353535353535
 599 40.4040404040404
 329 45.45454545454545
 148 50.50505050505051
 66 55.55555555555555
 1 60.6060606060606
 288 65.65656565656565
 224 70.7070707070707
 599 75.75757575757575
 1 80.8080808080808
 3 85.85858585858585
 56 90.90909090909091
 3 95.95959595959596
 2 101.010101010101
 205 106.060606060606
 164 111.1111111111111
 443 116.1616161616162
 204 121.2121212121212
 84 126.2626262626263
 1 131.3131313131313
 3 136.3636363636363
 69 141.4141414141414
 113 146.4646464646464
 473 151.5151515151515
 252 156.5656565656566
 5 161.6161616161616
 0 166.6666666666667
 75 171.7171717171717
 29 176.7676767676768
 2 181.8181818181818
 1 186.8686868686869
 179 191.9191919191919
 284 196.969696969697
 55 202.020202020202
 116 207.070707070707
 191 212.1212121212121
 84 217.1717171717171
 107 222.2222222222222
 237 227.2727272727273
 130 232.3232323232323
 2 237.3737373737374
 22 242.4242424242424
 116 247.4747474747475
 27 252.5252525252525
 127 257.5757575757576
 127 262.6262626262626
 56 267.6767676767677
 271 272.7272727272727
 130 277.7777777777778
 460 282.8282828282828
 228 287.8787878787879
 2 292.9292929292929
 0 297.979797979798
 0 303.030303030303
 241 308.0808080808081
 23 313.1313131313131
 41 318.1818181818182
 24 323.2323232323232
 42 328.2828282828282
 179 333.3333333333333
 61 338.3838383838383
 23 343.4343434343434
 204 348.4848484848484
 83 353.5353535353535
 22 358.5858585858585
 2 363.6363636363636
 35 368.6868686868686
 44 373.7373737373737
 42 378.7878787878788
 0 383.8383838383838
 3 388.8888888888889
 345 393.9393939393939
 72 398.989898989899
 70 404.040404040404
 170 409.0909090909091
 137 414.1414141414141
 566 419.1919191919192
 19 424.2424242424242
 257 429.2929292929293
 199 434.3434343434343
 4 439.3939393939394
 48 444.4444444444444
 73 449.4949494949495
 58 454.5454545454545
 1 459.5959595959596
 0 464.6464646464646
 0 469.6969696969697
 2 474.7474747474747
 3 479.7979797979798
 20 484.8484848484848
 23 489.8989898989898
 81 494.9494949494949
 0 500


