# Created by Octave 3.8.2, Sat Jun 20 22:41:07 2020 CEST <damian@fptrucha.inv.usc.es>
# name: hd
# type: matrix
# rows: 100
# columns: 2
 0 0
 2 5.05050505050505
 0 10.1010101010101
 279 15.15151515151515
 2 20.2020202020202
 0 25.25252525252525
 168 30.3030303030303
 514 35.35353535353535
 631 40.4040404040404
 280 45.45454545454545
 123 50.50505050505051
 59 55.55555555555555
 1 60.6060606060606
 258 65.65656565656565
 207 70.7070707070707
 565 75.75757575757575
 0 80.8080808080808
 0 85.85858585858585
 66 90.90909090909091
 1 95.95959595959596
 1 101.010101010101
 160 106.060606060606
 191 111.1111111111111
 347 116.1616161616162
 184 121.2121212121212
 101 126.2626262626263
 0 131.3131313131313
 0 136.3636363636363
 59 141.4141414141414
 95 146.4646464646464
 445 151.5151515151515
 271 156.5656565656566
 6 161.6161616161616
 0 166.6666666666667
 60 171.7171717171717
 25 176.7676767676768
 0 181.8181818181818
 1 186.8686868686869
 169 191.9191919191919
 249 196.969696969697
 54 202.020202020202
 81 207.070707070707
 200 212.1212121212121
 62 217.1717171717171
 93 222.2222222222222
 213 227.2727272727273
 131 232.3232323232323
 0 237.3737373737374
 23 242.4242424242424
 107 247.4747474747475
 22 252.5252525252525
 123 257.5757575757576
 141 262.6262626262626
 48 267.6767676767677
 273 272.7272727272727
 150 277.7777777777778
 448 282.8282828282828
 207 287.8787878787879
 3 292.9292929292929
 2 297.979797979798
 0 303.030303030303
 203 308.0808080808081
 24 313.1313131313131
 43 318.1818181818182
 26 323.2323232323232
 42 328.2828282828282
 145 333.3333333333333
 70 338.3838383838383
 24 343.4343434343434
 183 348.4848484848484
 111 353.5353535353535
 39 358.5858585858585
 0 363.6363636363636
 35 368.6868686868686
 41 373.7373737373737
 33 378.7878787878788
 0 383.8383838383838
 1 388.8888888888889
 312 393.9393939393939
 54 398.989898989899
 87 404.040404040404
 163 409.0909090909091
 132 414.1414141414141
 582 419.1919191919192
 18 424.2424242424242
 223 429.2929292929293
 161 434.3434343434343
 3 439.3939393939394
 60 444.4444444444444
 82 449.4949494949495
 56 454.5454545454545
 1 459.5959595959596
 1 464.6464646464646
 1 469.6969696969697
 1 474.7474747474747
 2 479.7979797979798
 18 484.8484848484848
 17 489.8989898989898
 77 494.9494949494949
 0 500


