# Created by Octave 3.8.2, Sun Jun 21 01:01:43 2020 CEST <damian@fptrucha.inv.usc.es>
# name: hd
# type: matrix
# rows: 100
# columns: 2
 1 0
 3 5.05050505050505
 2 10.1010101010101
 272 15.15151515151515
 2 20.2020202020202
 0 25.25252525252525
 145 30.3030303030303
 523 35.35353535353535
 554 40.4040404040404
 287 45.45454545454545
 121 50.50505050505051
 60 55.55555555555555
 3 60.6060606060606
 265 65.65656565656565
 198 70.7070707070707
 538 75.75757575757575
 2 80.8080808080808
 0 85.85858585858585
 62 90.90909090909091
 4 95.95959595959596
 4 101.010101010101
 176 106.060606060606
 174 111.1111111111111
 346 116.1616161616162
 189 121.2121212121212
 76 126.2626262626263
 0 131.3131313131313
 2 136.3636363636363
 59 141.4141414141414
 86 146.4646464646464
 429 151.5151515151515
 225 156.5656565656566
 1 161.6161616161616
 1 166.6666666666667
 67 171.7171717171717
 31 176.7676767676768
 0 181.8181818181818
 1 186.8686868686869
 180 191.9191919191919
 236 196.969696969697
 35 202.020202020202
 81 207.070707070707
 216 212.1212121212121
 63 217.1717171717171
 119 222.2222222222222
 232 227.2727272727273
 137 232.3232323232323
 0 237.3737373737374
 26 242.4242424242424
 135 247.4747474747475
 15 252.5252525252525
 115 257.5757575757576
 136 262.6262626262626
 32 267.6767676767677
 272 272.7272727272727
 156 277.7777777777778
 418 282.8282828282828
 197 287.8787878787879
 0 292.9292929292929
 0 297.979797979798
 1 303.030303030303
 201 308.0808080808081
 24 313.1313131313131
 43 318.1818181818182
 31 323.2323232323232
 40 328.2828282828282
 174 333.3333333333333
 55 338.3838383838383
 16 343.4343434343434
 178 348.4848484848484
 93 353.5353535353535
 29 358.5858585858585
 1 363.6363636363636
 45 368.6868686868686
 46 373.7373737373737
 33 378.7878787878788
 0 383.8383838383838
 0 388.8888888888889
 295 393.9393939393939
 54 398.989898989899
 72 404.040404040404
 168 409.0909090909091
 140 414.1414141414141
 572 419.1919191919192
 21 424.2424242424242
 265 429.2929292929293
 160 434.3434343434343
 1 439.3939393939394
 52 444.4444444444444
 66 449.4949494949495
 50 454.5454545454545
 1 459.5959595959596
 1 464.6464646464646
 0 469.6969696969697
 0 474.7474747474747
 0 479.7979797979798
 15 484.8484848484848
 21 489.8989898989898
 65 494.9494949494949
 0 500


