# Created by Octave 3.8.2, Sun Jun 21 03:08:41 2020 CEST <damian@fptrucha.inv.usc.es>
# name: hd
# type: matrix
# rows: 100
# columns: 2
 1 0
 3 5.05050505050505
 0 10.1010101010101
 269 15.15151515151515
 2 20.2020202020202
 0 25.25252525252525
 140 30.3030303030303
 488 35.35353535353535
 557 40.4040404040404
 291 45.45454545454545
 112 50.50505050505051
 55 55.55555555555555
 1 60.6060606060606
 265 65.65656565656565
 208 70.7070707070707
 568 75.75757575757575
 0 80.8080808080808
 0 85.85858585858585
 51 90.90909090909091
 3 95.95959595959596
 2 101.010101010101
 190 106.060606060606
 178 111.1111111111111
 383 116.1616161616162
 200 121.2121212121212
 79 126.2626262626263
 0 131.3131313131313
 0 136.3636363636363
 67 141.4141414141414
 87 146.4646464646464
 404 151.5151515151515
 280 156.5656565656566
 1 161.6161616161616
 2 166.6666666666667
 78 171.7171717171717
 38 176.7676767676768
 0 181.8181818181818
 1 186.8686868686869
 180 191.9191919191919
 256 196.969696969697
 46 202.020202020202
 111 207.070707070707
 177 212.1212121212121
 69 217.1717171717171
 92 222.2222222222222
 219 227.2727272727273
 104 232.3232323232323
 0 237.3737373737374
 19 242.4242424242424
 142 247.4747474747475
 29 252.5252525252525
 109 257.5757575757576
 139 262.6262626262626
 27 267.6767676767677
 275 272.7272727272727
 114 277.7777777777778
 481 282.8282828282828
 191 287.8787878787879
 2 292.9292929292929
 1 297.979797979798
 1 303.030303030303
 190 308.0808080808081
 34 313.1313131313131
 47 318.1818181818182
 29 323.2323232323232
 47 328.2828282828282
 172 333.3333333333333
 60 338.3838383838383
 11 343.4343434343434
 181 348.4848484848484
 86 353.5353535353535
 36 358.5858585858585
 1 363.6363636363636
 48 368.6868686868686
 34 373.7373737373737
 36 378.7878787878788
 1 383.8383838383838
 0 388.8888888888889
 271 393.9393939393939
 53 398.989898989899
 58 404.040404040404
 147 409.0909090909091
 138 414.1414141414141
 575 419.1919191919192
 23 424.2424242424242
 260 429.2929292929293
 193 434.3434343434343
 1 439.3939393939394
 46 444.4444444444444
 74 449.4949494949495
 51 454.5454545454545
 0 459.5959595959596
 2 464.6464646464646
 0 469.6969696969697
 0 474.7474747474747
 0 479.7979797979798
 14 484.8484848484848
 18 489.8989898989898
 73 494.9494949494949
 0 500


