# Created by Octave 3.8.2, Sun Jun 21 04:55:18 2020 CEST <damian@fptrucha.inv.usc.es>
# name: hd
# type: matrix
# rows: 100
# columns: 2
 1 0
 2 5.05050505050505
 1 10.1010101010101
 291 15.15151515151515
 1 20.2020202020202
 1 25.25252525252525
 154 30.3030303030303
 495 35.35353535353535
 582 40.4040404040404
 356 45.45454545454545
 118 50.50505050505051
 75 55.55555555555555
 1 60.6060606060606
 293 65.65656565656565
 207 70.7070707070707
 534 75.75757575757575
 1 80.8080808080808
 0 85.85858585858585
 58 90.90909090909091
 1 95.95959595959596
 2 101.010101010101
 173 106.060606060606
 183 111.1111111111111
 381 116.1616161616162
 233 121.2121212121212
 98 126.2626262626263
 1 131.3131313131313
 1 136.3636363636363
 63 141.4141414141414
 100 146.4646464646464
 432 151.5151515151515
 278 156.5656565656566
 1 161.6161616161616
 0 166.6666666666667
 67 171.7171717171717
 28 176.7676767676768
 2 181.8181818181818
 1 186.8686868686869
 193 191.9191919191919
 257 196.969696969697
 59 202.020202020202
 90 207.070707070707
 192 212.1212121212121
 55 217.1717171717171
 99 222.2222222222222
 213 227.2727272727273
 134 232.3232323232323
 1 237.3737373737374
 22 242.4242424242424
 127 247.4747474747475
 26 252.5252525252525
 119 257.5757575757576
 137 262.6262626262626
 33 267.6767676767677
 248 272.7272727272727
 144 277.7777777777778
 435 282.8282828282828
 186 287.8787878787879
 1 292.9292929292929
 0 297.979797979798
 1 303.030303030303
 203 308.0808080808081
 24 313.1313131313131
 41 318.1818181818182
 35 323.2323232323232
 25 328.2828282828282
 180 333.3333333333333
 58 338.3838383838383
 13 343.4343434343434
 189 348.4848484848484
 90 353.5353535353535
 30 358.5858585858585
 0 363.6363636363636
 33 368.6868686868686
 34 373.7373737373737
 38 378.7878787878788
 3 383.8383838383838
 0 388.8888888888889
 301 393.9393939393939
 63 398.989898989899
 68 404.040404040404
 156 409.0909090909091
 130 414.1414141414141
 555 419.1919191919192
 24 424.2424242424242
 234 429.2929292929293
 186 434.3434343434343
 2 439.3939393939394
 57 444.4444444444444
 85 449.4949494949495
 45 454.5454545454545
 0 459.5959595959596
 5 464.6464646464646
 2 469.6969696969697
 1 474.7474747474747
 0 479.7979797979798
 26 484.8484848484848
 25 489.8989898989898
 80 494.9494949494949
 0 500


