# Created by Octave 3.8.2, Mon Jun 22 13:05:44 2020 CEST <damian@fptrucha.inv.usc.es>
# name: hd
# type: matrix
# rows: 100
# columns: 2
 2 0
 0 5.05050505050505
 0 10.1010101010101
 182 15.15151515151515
 3 20.2020202020202
 1 25.25252525252525
 106 30.3030303030303
 321 35.35353535353535
 372 40.4040404040404
 226 45.45454545454545
 79 50.50505050505051
 46 55.55555555555555
 1 60.6060606060606
 192 65.65656565656565
 123 70.7070707070707
 357 75.75757575757575
 1 80.8080808080808
 0 85.85858585858585
 26 90.90909090909091
 5 95.95959595959596
 3 101.010101010101
 133 106.060606060606
 101 111.1111111111111
 262 116.1616161616162
 145 121.2121212121212
 57 126.2626262626263
 0 131.3131313131313
 2 136.3636363636363
 44 141.4141414141414
 58 146.4646464646464
 275 151.5151515151515
 159 156.5656565656566
 0 161.6161616161616
 1 166.6666666666667
 61 171.7171717171717
 29 176.7676767676768
 0 181.8181818181818
 0 186.8686868686869
 131 191.9191919191919
 193 196.969696969697
 30 202.020202020202
 47 207.070707070707
 130 212.1212121212121
 47 217.1717171717171
 57 222.2222222222222
 160 227.2727272727273
 91 232.3232323232323
 0 237.3737373737374
 13 242.4242424242424
 92 247.4747474747475
 7 252.5252525252525
 86 257.5757575757576
 89 262.6262626262626
 17 267.6767676767677
 177 272.7272727272727
 95 277.7777777777778
 280 282.8282828282828
 140 287.8787878787879
 0 292.9292929292929
 1 297.979797979798
 0 303.030303030303
 134 308.0808080808081
 14 313.1313131313131
 26 318.1818181818182
 14 323.2323232323232
 31 328.2828282828282
 106 333.3333333333333
 60 338.3838383838383
 12 343.4343434343434
 135 348.4848484848484
 68 353.5353535353535
 27 358.5858585858585
 0 363.6363636363636
 24 368.6868686868686
 30 373.7373737373737
 28 378.7878787878788
 1 383.8383838383838
 0 388.8888888888889
 190 393.9393939393939
 39 398.989898989899
 40 404.040404040404
 101 409.0909090909091
 97 414.1414141414141
 376 419.1919191919192
 24 424.2424242424242
 146 429.2929292929293
 114 434.3434343434343
 3 439.3939393939394
 37 444.4444444444444
 55 449.4949494949495
 38 454.5454545454545
 1 459.5959595959596
 0 464.6464646464646
 0 469.6969696969697
 1 474.7474747474747
 0 479.7979797979798
 10 484.8484848484848
 21 489.8989898989898
 51 494.9494949494949
 0 500


