# Created by Octave 3.8.2, Sat Jun 20 23:37:54 2020 CEST <damian@fptrucha.inv.usc.es>
# name: hd
# type: matrix
# rows: 100
# columns: 2
 0 0
 1 5.05050505050505
 1 10.1010101010101
 263 15.15151515151515
 4 20.2020202020202
 0 25.25252525252525
 138 30.3030303030303
 556 35.35353535353535
 599 40.4040404040404
 258 45.45454545454545
 103 50.50505050505051
 77 55.55555555555555
 0 60.6060606060606
 301 65.65656565656565
 220 70.7070707070707
 599 75.75757575757575
 0 80.8080808080808
 1 85.85858585858585
 64 90.90909090909091
 2 95.95959595959596
 3 101.010101010101
 166 106.060606060606
 187 111.1111111111111
 390 116.1616161616162
 193 121.2121212121212
 98 126.2626262626263
 0 131.3131313131313
 1 136.3636363636363
 60 141.4141414141414
 72 146.4646464646464
 413 151.5151515151515
 285 156.5656565656566
 6 161.6161616161616
 1 166.6666666666667
 75 171.7171717171717
 32 176.7676767676768
 0 181.8181818181818
 0 186.8686868686869
 183 191.9191919191919
 257 196.969696969697
 42 202.020202020202
 110 207.070707070707
 166 212.1212121212121
 57 217.1717171717171
 103 222.2222222222222
 209 227.2727272727273
 152 232.3232323232323
 1 237.3737373737374
 28 242.4242424242424
 140 247.4747474747475
 20 252.5252525252525
 87 257.5757575757576
 144 262.6262626262626
 31 267.6767676767677
 258 272.7272727272727
 124 277.7777777777778
 414 282.8282828282828
 229 287.8787878787879
 0 292.9292929292929
 1 297.979797979798
 2 303.030303030303
 201 308.0808080808081
 20 313.1313131313131
 42 318.1818181818182
 29 323.2323232323232
 49 328.2828282828282
 151 333.3333333333333
 58 338.3838383838383
 19 343.4343434343434
 167 348.4848484848484
 81 353.5353535353535
 33 358.5858585858585
 1 363.6363636363636
 38 368.6868686868686
 30 373.7373737373737
 34 378.7878787878788
 2 383.8383838383838
 1 388.8888888888889
 286 393.9393939393939
 61 398.989898989899
 64 404.040404040404
 166 409.0909090909091
 137 414.1414141414141
 540 419.1919191919192
 20 424.2424242424242
 245 429.2929292929293
 189 434.3434343434343
 3 439.3939393939394
 50 444.4444444444444
 81 449.4949494949495
 43 454.5454545454545
 3 459.5959595959596
 0 464.6464646464646
 0 469.6969696969697
 1 474.7474747474747
 1 479.7979797979798
 13 484.8484848484848
 20 489.8989898989898
 63 494.9494949494949
 0 500


