# Created by Octave 3.8.2, Sat Jun 20 11:11:22 2020 CEST <damian@fptrucha.inv.usc.es>
# name: hd
# type: matrix
# rows: 100
# columns: 2
 0 0
 2 5.05050505050505
 0 10.1010101010101
 289 15.15151515151515
 2 20.2020202020202
 1 25.25252525252525
 188 30.3030303030303
 553 35.35353535353535
 679 40.4040404040404
 363 45.45454545454545
 134 50.50505050505051
 77 55.55555555555555
 2 60.6060606060606
 295 65.65656565656565
 203 70.7070707070707
 595 75.75757575757575
 1 80.8080808080808
 0 85.85858585858585
 69 90.90909090909091
 3 95.95959595959596
 2 101.010101010101
 218 106.060606060606
 205 111.1111111111111
 424 116.1616161616162
 246 121.2121212121212
 97 126.2626262626263
 0 131.3131313131313
 0 136.3636363636363
 65 141.4141414141414
 113 146.4646464646464
 495 151.5151515151515
 244 156.5656565656566
 2 161.6161616161616
 0 166.6666666666667
 78 171.7171717171717
 29 176.7676767676768
 0 181.8181818181818
 2 186.8686868686869
 206 191.9191919191919
 322 196.969696969697
 58 202.020202020202
 92 207.070707070707
 194 212.1212121212121
 81 217.1717171717171
 126 222.2222222222222
 255 227.2727272727273
 142 232.3232323232323
 2 237.3737373737374
 27 242.4242424242424
 172 247.4747474747475
 23 252.5252525252525
 142 257.5757575757576
 131 262.6262626262626
 46 267.6767676767677
 289 272.7272727272727
 156 277.7777777777778
 486 282.8282828282828
 205 287.8787878787879
 1 292.9292929292929
 2 297.979797979798
 1 303.030303030303
 215 308.0808080808081
 29 313.1313131313131
 54 318.1818181818182
 39 323.2323232323232
 47 328.2828282828282
 180 333.3333333333333
 78 338.3838383838383
 14 343.4343434343434
 222 348.4848484848484
 126 353.5353535353535
 28 358.5858585858585
 0 363.6363636363636
 43 368.6868686868686
 26 373.7373737373737
 38 378.7878787878788
 1 383.8383838383838
 1 388.8888888888889
 351 393.9393939393939
 65 398.989898989899
 63 404.040404040404
 164 409.0909090909091
 183 414.1414141414141
 602 419.1919191919192
 16 424.2424242424242
 246 429.2929292929293
 180 434.3434343434343
 4 439.3939393939394
 52 444.4444444444444
 84 449.4949494949495
 61 454.5454545454545
 0 459.5959595959596
 0 464.6464646464646
 0 469.6969696969697
 3 474.7474747474747
 0 479.7979797979798
 21 484.8484848484848
 18 489.8989898989898
 68 494.9494949494949
 0 500


