# Created by Octave 3.8.2, Mon Jun 22 13:42:56 2020 CEST <damian@fptrucha.inv.usc.es>
# name: hd
# type: matrix
# rows: 100
# columns: 2
 7 0
 4 5.05050505050505
 0 10.1010101010101
 298 15.15151515151515
 3 20.2020202020202
 0 25.25252525252525
 164 30.3030303030303
 511 35.35353535353535
 573 40.4040404040404
 325 45.45454545454545
 124 50.50505050505051
 73 55.55555555555555
 2 60.6060606060606
 298 65.65656565656565
 219 70.7070707070707
 561 75.75757575757575
 2 80.8080808080808
 1 85.85858585858585
 55 90.90909090909091
 3 95.95959595959596
 4 101.010101010101
 176 106.060606060606
 175 111.1111111111111
 453 116.1616161616162
 237 121.2121212121212
 99 126.2626262626263
 0 131.3131313131313
 1 136.3636363636363
 67 141.4141414141414
 89 146.4646464646464
 429 151.5151515151515
 252 156.5656565656566
 2 161.6161616161616
 4 166.6666666666667
 77 171.7171717171717
 21 176.7676767676768
 0 181.8181818181818
 0 186.8686868686869
 186 191.9191919191919
 265 196.969696969697
 53 202.020202020202
 86 207.070707070707
 185 212.1212121212121
 70 217.1717171717171
 93 222.2222222222222
 232 227.2727272727273
 125 232.3232323232323
 4 237.3737373737374
 13 242.4242424242424
 146 247.4747474747475
 31 252.5252525252525
 115 257.5757575757576
 131 262.6262626262626
 35 267.6767676767677
 279 272.7272727272727
 136 277.7777777777778
 443 282.8282828282828
 194 287.8787878787879
 0 292.9292929292929
 1 297.979797979798
 0 303.030303030303
 190 308.0808080808081
 29 313.1313131313131
 33 318.1818181818182
 26 323.2323232323232
 30 328.2828282828282
 184 333.3333333333333
 81 338.3838383838383
 29 343.4343434343434
 187 348.4848484848484
 112 353.5353535353535
 32 358.5858585858585
 4 363.6363636363636
 57 368.6868686868686
 48 373.7373737373737
 46 378.7878787878788
 1 383.8383838383838
 0 388.8888888888889
 318 393.9393939393939
 59 398.989898989899
 66 404.040404040404
 171 409.0909090909091
 153 414.1414141414141
 541 419.1919191919192
 16 424.2424242424242
 233 429.2929292929293
 169 434.3434343434343
 4 439.3939393939394
 58 444.4444444444444
 73 449.4949494949495
 40 454.5454545454545
 1 459.5959595959596
 3 464.6464646464646
 1 469.6969696969697
 2 474.7474747474747
 3 479.7979797979798
 20 484.8484848484848
 22 489.8989898989898
 78 494.9494949494949
 0 500


