# Created by Octave 3.8.2, Sun Jun 21 00:38:18 2020 CEST <damian@fptrucha.inv.usc.es>
# name: hd
# type: matrix
# rows: 100
# columns: 2
 3 0
 1 5.05050505050505
 1 10.1010101010101
 265 15.15151515151515
 4 20.2020202020202
 1 25.25252525252525
 149 30.3030303030303
 510 35.35353535353535
 598 40.4040404040404
 315 45.45454545454545
 117 50.50505050505051
 69 55.55555555555555
 1 60.6060606060606
 259 65.65656565656565
 221 70.7070707070707
 562 75.75757575757575
 0 80.8080808080808
 2 85.85858585858585
 55 90.90909090909091
 2 95.95959595959596
 1 101.010101010101
 175 106.060606060606
 163 111.1111111111111
 377 116.1616161616162
 186 121.2121212121212
 86 126.2626262626263
 1 131.3131313131313
 2 136.3636363636363
 78 141.4141414141414
 95 146.4646464646464
 469 151.5151515151515
 271 156.5656565656566
 2 161.6161616161616
 0 166.6666666666667
 68 171.7171717171717
 25 176.7676767676768
 1 181.8181818181818
 0 186.8686868686869
 193 191.9191919191919
 245 196.969696969697
 37 202.020202020202
 81 207.070707070707
 184 212.1212121212121
 62 217.1717171717171
 82 222.2222222222222
 213 227.2727272727273
 124 232.3232323232323
 2 237.3737373737374
 26 242.4242424242424
 129 247.4747474747475
 19 252.5252525252525
 120 257.5757575757576
 135 262.6262626262626
 34 267.6767676767677
 270 272.7272727272727
 116 277.7777777777778
 417 282.8282828282828
 196 287.8787878787879
 1 292.9292929292929
 1 297.979797979798
 0 303.030303030303
 190 308.0808080808081
 27 313.1313131313131
 36 318.1818181818182
 34 323.2323232323232
 44 328.2828282828282
 171 333.3333333333333
 72 338.3838383838383
 14 343.4343434343434
 165 348.4848484848484
 91 353.5353535353535
 28 358.5858585858585
 0 363.6363636363636
 47 368.6868686868686
 38 373.7373737373737
 49 378.7878787878788
 1 383.8383838383838
 0 388.8888888888889
 293 393.9393939393939
 58 398.989898989899
 63 404.040404040404
 166 409.0909090909091
 167 414.1414141414141
 544 419.1919191919192
 22 424.2424242424242
 219 429.2929292929293
 173 434.3434343434343
 2 439.3939393939394
 60 444.4444444444444
 70 449.4949494949495
 51 454.5454545454545
 0 459.5959595959596
 1 464.6464646464646
 0 469.6969696969697
 1 474.7474747474747
 1 479.7979797979798
 15 484.8484848484848
 23 489.8989898989898
 57 494.9494949494949
 0 500


