# Created by Octave 3.8.2, Sun Jun 21 00:30:41 2020 CEST <damian@fptrucha.inv.usc.es>
# name: hd
# type: matrix
# rows: 100
# columns: 2
 0 0
 1 5.05050505050505
 1 10.1010101010101
 265 15.15151515151515
 1 20.2020202020202
 0 25.25252525252525
 154 30.3030303030303
 464 35.35353535353535
 580 40.4040404040404
 309 45.45454545454545
 117 50.50505050505051
 80 55.55555555555555
 2 60.6060606060606
 266 65.65656565656565
 193 70.7070707070707
 602 75.75757575757575
 0 80.8080808080808
 0 85.85858585858585
 50 90.90909090909091
 2 95.95959595959596
 5 101.010101010101
 198 106.060606060606
 204 111.1111111111111
 386 116.1616161616162
 192 121.2121212121212
 79 126.2626262626263
 0 131.3131313131313
 2 136.3636363636363
 47 141.4141414141414
 85 146.4646464646464
 410 151.5151515151515
 250 156.5656565656566
 1 161.6161616161616
 1 166.6666666666667
 57 171.7171717171717
 31 176.7676767676768
 0 181.8181818181818
 1 186.8686868686869
 185 191.9191919191919
 272 196.969696969697
 42 202.020202020202
 103 207.070707070707
 181 212.1212121212121
 57 217.1717171717171
 97 222.2222222222222
 212 227.2727272727273
 131 232.3232323232323
 2 237.3737373737374
 21 242.4242424242424
 124 247.4747474747475
 17 252.5252525252525
 115 257.5757575757576
 141 262.6262626262626
 36 267.6767676767677
 251 272.7272727272727
 135 277.7777777777778
 470 282.8282828282828
 160 287.8787878787879
 0 292.9292929292929
 0 297.979797979798
 0 303.030303030303
 194 308.0808080808081
 31 313.1313131313131
 43 318.1818181818182
 38 323.2323232323232
 54 328.2828282828282
 153 333.3333333333333
 58 338.3838383838383
 19 343.4343434343434
 175 348.4848484848484
 75 353.5353535353535
 26 358.5858585858585
 3 363.6363636363636
 46 368.6868686868686
 49 373.7373737373737
 34 378.7878787878788
 1 383.8383838383838
 0 388.8888888888889
 291 393.9393939393939
 45 398.989898989899
 68 404.040404040404
 162 409.0909090909091
 137 414.1414141414141
 583 419.1919191919192
 24 424.2424242424242
 217 429.2929292929293
 167 434.3434343434343
 3 439.3939393939394
 64 444.4444444444444
 68 449.4949494949495
 56 454.5454545454545
 0 459.5959595959596
 0 464.6464646464646
 1 469.6969696969697
 0 474.7474747474747
 0 479.7979797979798
 22 484.8484848484848
 19 489.8989898989898
 64 494.9494949494949
 0 500


