# Created by Octave 3.8.2, Mon Jun 22 12:27:27 2020 CEST <damian@fptrucha.inv.usc.es>
# name: hd
# type: matrix
# rows: 100
# columns: 2
 3 0
 5 5.05050505050505
 5 10.1010101010101
 279 15.15151515151515
 5 20.2020202020202
 0 25.25252525252525
 150 30.3030303030303
 519 35.35353535353535
 633 40.4040404040404
 297 45.45454545454545
 143 50.50505050505051
 75 55.55555555555555
 2 60.6060606060606
 306 65.65656565656565
 229 70.7070707070707
 584 75.75757575757575
 0 80.8080808080808
 1 85.85858585858585
 58 90.90909090909091
 5 95.95959595959596
 4 101.010101010101
 183 106.060606060606
 161 111.1111111111111
 372 116.1616161616162
 194 121.2121212121212
 82 126.2626262626263
 2 131.3131313131313
 2 136.3636363636363
 64 141.4141414141414
 87 146.4646464646464
 416 151.5151515151515
 242 156.5656565656566
 0 161.6161616161616
 2 166.6666666666667
 71 171.7171717171717
 33 176.7676767676768
 0 181.8181818181818
 3 186.8686868686869
 184 191.9191919191919
 256 196.969696969697
 55 202.020202020202
 103 207.070707070707
 177 212.1212121212121
 50 217.1717171717171
 90 222.2222222222222
 226 227.2727272727273
 154 232.3232323232323
 3 237.3737373737374
 27 242.4242424242424
 142 247.4747474747475
 20 252.5252525252525
 119 257.5757575757576
 125 262.6262626262626
 40 267.6767676767677
 273 272.7272727272727
 133 277.7777777777778
 477 282.8282828282828
 182 287.8787878787879
 1 292.9292929292929
 2 297.979797979798
 1 303.030303030303
 223 308.0808080808081
 36 313.1313131313131
 47 318.1818181818182
 32 323.2323232323232
 37 328.2828282828282
 175 333.3333333333333
 68 338.3838383838383
 16 343.4343434343434
 188 348.4848484848484
 120 353.5353535353535
 24 358.5858585858585
 0 363.6363636363636
 42 368.6868686868686
 43 373.7373737373737
 31 378.7878787878788
 1 383.8383838383838
 1 388.8888888888889
 340 393.9393939393939
 67 398.989898989899
 59 404.040404040404
 162 409.0909090909091
 164 414.1414141414141
 558 419.1919191919192
 27 424.2424242424242
 241 429.2929292929293
 195 434.3434343434343
 5 439.3939393939394
 60 444.4444444444444
 73 449.4949494949495
 51 454.5454545454545
 0 459.5959595959596
 0 464.6464646464646
 3 469.6969696969697
 2 474.7474747474747
 1 479.7979797979798
 20 484.8484848484848
 28 489.8989898989898
 67 494.9494949494949
 0 500


