# Created by Octave 3.8.2, Sun Jun 21 08:18:47 2020 CEST <damian@fptrucha.inv.usc.es>
# name: hd
# type: matrix
# rows: 100
# columns: 2
 1 0
 3 5.05050505050505
 1 10.1010101010101
 234 15.15151515151515
 0 20.2020202020202
 0 25.25252525252525
 168 30.3030303030303
 503 35.35353535353535
 596 40.4040404040404
 301 45.45454545454545
 132 50.50505050505051
 57 55.55555555555555
 1 60.6060606060606
 277 65.65656565656565
 217 70.7070707070707
 582 75.75757575757575
 0 80.8080808080808
 0 85.85858585858585
 57 90.90909090909091
 5 95.95959595959596
 2 101.010101010101
 179 106.060606060606
 175 111.1111111111111
 399 116.1616161616162
 183 121.2121212121212
 86 126.2626262626263
 0 131.3131313131313
 2 136.3636363636363
 58 141.4141414141414
 71 146.4646464646464
 425 151.5151515151515
 258 156.5656565656566
 1 161.6161616161616
 2 166.6666666666667
 72 171.7171717171717
 22 176.7676767676768
 0 181.8181818181818
 0 186.8686868686869
 190 191.9191919191919
 238 196.969696969697
 40 202.020202020202
 91 207.070707070707
 186 212.1212121212121
 59 217.1717171717171
 99 222.2222222222222
 180 227.2727272727273
 135 232.3232323232323
 0 237.3737373737374
 21 242.4242424242424
 147 247.4747474747475
 23 252.5252525252525
 120 257.5757575757576
 124 262.6262626262626
 36 267.6767676767677
 252 272.7272727272727
 137 277.7777777777778
 424 282.8282828282828
 193 287.8787878787879
 2 292.9292929292929
 0 297.979797979798
 0 303.030303030303
 201 308.0808080808081
 12 313.1313131313131
 40 318.1818181818182
 27 323.2323232323232
 36 328.2828282828282
 158 333.3333333333333
 51 338.3838383838383
 13 343.4343434343434
 178 348.4848484848484
 95 353.5353535353535
 16 358.5858585858585
 1 363.6363636363636
 48 368.6868686868686
 48 373.7373737373737
 38 378.7878787878788
 1 383.8383838383838
 0 388.8888888888889
 315 393.9393939393939
 52 398.989898989899
 69 404.040404040404
 161 409.0909090909091
 136 414.1414141414141
 545 419.1919191919192
 23 424.2424242424242
 174 429.2929292929293
 190 434.3434343434343
 4 439.3939393939394
 61 444.4444444444444
 68 449.4949494949495
 51 454.5454545454545
 0 459.5959595959596
 1 464.6464646464646
 0 469.6969696969697
 1 474.7474747474747
 0 479.7979797979798
 14 484.8484848484848
 13 489.8989898989898
 69 494.9494949494949
 0 500


