# Created by Octave 3.8.2, Mon Jun 22 08:58:59 2020 CEST <damian@fptrucha.inv.usc.es>
# name: hd
# type: matrix
# rows: 100
# columns: 2
 5 0
 2 5.05050505050505
 4 10.1010101010101
 306 15.15151515151515
 2 20.2020202020202
 1 25.25252525252525
 146 30.3030303030303
 495 35.35353535353535
 537 40.4040404040404
 322 45.45454545454545
 124 50.50505050505051
 61 55.55555555555555
 4 60.6060606060606
 282 65.65656565656565
 195 70.7070707070707
 557 75.75757575757575
 1 80.8080808080808
 1 85.85858585858585
 46 90.90909090909091
 3 95.95959595959596
 6 101.010101010101
 165 106.060606060606
 179 111.1111111111111
 365 116.1616161616162
 203 121.2121212121212
 86 126.2626262626263
 1 131.3131313131313
 1 136.3636363636363
 76 141.4141414141414
 81 146.4646464646464
 411 151.5151515151515
 213 156.5656565656566
 1 161.6161616161616
 2 166.6666666666667
 70 171.7171717171717
 24 176.7676767676768
 0 181.8181818181818
 2 186.8686868686869
 216 191.9191919191919
 275 196.969696969697
 51 202.020202020202
 102 207.070707070707
 200 212.1212121212121
 66 217.1717171717171
 111 222.2222222222222
 240 227.2727272727273
 132 232.3232323232323
 0 237.3737373737374
 23 242.4242424242424
 135 247.4747474747475
 29 252.5252525252525
 117 257.5757575757576
 124 262.6262626262626
 39 267.6767676767677
 259 272.7272727272727
 137 277.7777777777778
 416 282.8282828282828
 188 287.8787878787879
 2 292.9292929292929
 0 297.979797979798
 0 303.030303030303
 210 308.0808080808081
 27 313.1313131313131
 37 318.1818181818182
 34 323.2323232323232
 36 328.2828282828282
 175 333.3333333333333
 66 338.3838383838383
 18 343.4343434343434
 180 348.4848484848484
 96 353.5353535353535
 32 358.5858585858585
 2 363.6363636363636
 53 368.6868686868686
 34 373.7373737373737
 39 378.7878787878788
 1 383.8383838383838
 2 388.8888888888889
 299 393.9393939393939
 60 398.989898989899
 56 404.040404040404
 146 409.0909090909091
 121 414.1414141414141
 492 419.1919191919192
 23 424.2424242424242
 223 429.2929292929293
 167 434.3434343434343
 3 439.3939393939394
 47 444.4444444444444
 78 449.4949494949495
 48 454.5454545454545
 0 459.5959595959596
 1 464.6464646464646
 1 469.6969696969697
 2 474.7474747474747
 3 479.7979797979798
 20 484.8484848484848
 18 489.8989898989898
 71 494.9494949494949
 0 500


