# Created by Octave 3.8.2, Sun Jun 21 03:44:05 2020 CEST <damian@fptrucha.inv.usc.es>
# name: hd
# type: matrix
# rows: 100
# columns: 2
 2 0
 5 5.05050505050505
 1 10.1010101010101
 260 15.15151515151515
 1 20.2020202020202
 1 25.25252525252525
 145 30.3030303030303
 486 35.35353535353535
 609 40.4040404040404
 277 45.45454545454545
 149 50.50505050505051
 55 55.55555555555555
 1 60.6060606060606
 292 65.65656565656565
 204 70.7070707070707
 530 75.75757575757575
 1 80.8080808080808
 0 85.85858585858585
 48 90.90909090909091
 4 95.95959595959596
 1 101.010101010101
 194 106.060606060606
 180 111.1111111111111
 373 116.1616161616162
 221 121.2121212121212
 102 126.2626262626263
 1 131.3131313131313
 1 136.3636363636363
 66 141.4141414141414
 110 146.4646464646464
 434 151.5151515151515
 270 156.5656565656566
 0 161.6161616161616
 0 166.6666666666667
 71 171.7171717171717
 25 176.7676767676768
 0 181.8181818181818
 0 186.8686868686869
 179 191.9191919191919
 256 196.969696969697
 48 202.020202020202
 99 207.070707070707
 196 212.1212121212121
 80 217.1717171717171
 104 222.2222222222222
 231 227.2727272727273
 143 232.3232323232323
 1 237.3737373737374
 16 242.4242424242424
 121 247.4747474747475
 17 252.5252525252525
 143 257.5757575757576
 150 262.6262626262626
 33 267.6767676767677
 244 272.7272727272727
 155 277.7777777777778
 453 282.8282828282828
 182 287.8787878787879
 0 292.9292929292929
 1 297.979797979798
 0 303.030303030303
 180 308.0808080808081
 21 313.1313131313131
 34 318.1818181818182
 28 323.2323232323232
 38 328.2828282828282
 177 333.3333333333333
 69 338.3838383838383
 18 343.4343434343434
 163 348.4848484848484
 89 353.5353535353535
 26 358.5858585858585
 1 363.6363636363636
 40 368.6868686868686
 33 373.7373737373737
 19 378.7878787878788
 1 383.8383838383838
 0 388.8888888888889
 315 393.9393939393939
 71 398.989898989899
 51 404.040404040404
 169 409.0909090909091
 124 414.1414141414141
 555 419.1919191919192
 22 424.2424242424242
 212 429.2929292929293
 168 434.3434343434343
 2 439.3939393939394
 54 444.4444444444444
 69 449.4949494949495
 67 454.5454545454545
 0 459.5959595959596
 0 464.6464646464646
 0 469.6969696969697
 2 474.7474747474747
 0 479.7979797979798
 12 484.8484848484848
 23 489.8989898989898
 58 494.9494949494949
 0 500


