# Created by Octave 3.8.2, Mon Jun 22 19:09:03 2020 CEST <damian@fptrucha.inv.usc.es>
# name: hd
# type: matrix
# rows: 100
# columns: 2
 2 0
 1 5.05050505050505
 2 10.1010101010101
 313 15.15151515151515
 3 20.2020202020202
 0 25.25252525252525
 137 30.3030303030303
 550 35.35353535353535
 616 40.4040404040404
 300 45.45454545454545
 125 50.50505050505051
 71 55.55555555555555
 4 60.6060606060606
 308 65.65656565656565
 219 70.7070707070707
 582 75.75757575757575
 2 80.8080808080808
 3 85.85858585858585
 67 90.90909090909091
 5 95.95959595959596
 4 101.010101010101
 194 106.060606060606
 172 111.1111111111111
 423 116.1616161616162
 206 121.2121212121212
 94 126.2626262626263
 0 131.3131313131313
 1 136.3636363636363
 80 141.4141414141414
 93 146.4646464646464
 481 151.5151515151515
 252 156.5656565656566
 2 161.6161616161616
 0 166.6666666666667
 79 171.7171717171717
 38 176.7676767676768
 1 181.8181818181818
 3 186.8686868686869
 197 191.9191919191919
 271 196.969696969697
 51 202.020202020202
 110 207.070707070707
 180 212.1212121212121
 54 217.1717171717171
 88 222.2222222222222
 248 227.2727272727273
 145 232.3232323232323
 3 237.3737373737374
 17 242.4242424242424
 144 247.4747474747475
 21 252.5252525252525
 128 257.5757575757576
 136 262.6262626262626
 56 267.6767676767677
 301 272.7272727272727
 145 277.7777777777778
 431 282.8282828282828
 199 287.8787878787879
 1 292.9292929292929
 0 297.979797979798
 0 303.030303030303
 207 308.0808080808081
 26 313.1313131313131
 44 318.1818181818182
 35 323.2323232323232
 35 328.2828282828282
 183 333.3333333333333
 62 338.3838383838383
 16 343.4343434343434
 165 348.4848484848484
 91 353.5353535353535
 33 358.5858585858585
 1 363.6363636363636
 47 368.6868686868686
 34 373.7373737373737
 38 378.7878787878788
 0 383.8383838383838
 2 388.8888888888889
 317 393.9393939393939
 66 398.989898989899
 72 404.040404040404
 177 409.0909090909091
 140 414.1414141414141
 580 419.1919191919192
 22 424.2424242424242
 256 429.2929292929293
 197 434.3434343434343
 3 439.3939393939394
 66 444.4444444444444
 72 449.4949494949495
 62 454.5454545454545
 1 459.5959595959596
 1 464.6464646464646
 1 469.6969696969697
 1 474.7474747474747
 0 479.7979797979798
 28 484.8484848484848
 25 489.8989898989898
 66 494.9494949494949
 0 500


