# Created by Octave 3.8.2, Tue Jun 23 00:23:09 2020 CEST <damian@fptrucha.inv.usc.es>
# name: hd
# type: matrix
# rows: 100
# columns: 2
 4 0
 1 5.05050505050505
 1 10.1010101010101
 313 15.15151515151515
 1 20.2020202020202
 0 25.25252525252525
 152 30.3030303030303
 539 35.35353535353535
 631 40.4040404040404
 315 45.45454545454545
 114 50.50505050505051
 62 55.55555555555555
 1 60.6060606060606
 285 65.65656565656565
 221 70.7070707070707
 572 75.75757575757575
 0 80.8080808080808
 0 85.85858585858585
 68 90.90909090909091
 2 95.95959595959596
 3 101.010101010101
 204 106.060606060606
 180 111.1111111111111
 424 116.1616161616162
 221 121.2121212121212
 100 126.2626262626263
 0 131.3131313131313
 3 136.3636363636363
 63 141.4141414141414
 98 146.4646464646464
 482 151.5151515151515
 266 156.5656565656566
 0 161.6161616161616
 0 166.6666666666667
 70 171.7171717171717
 30 176.7676767676768
 1 181.8181818181818
 1 186.8686868686869
 212 191.9191919191919
 292 196.969696969697
 57 202.020202020202
 100 207.070707070707
 200 212.1212121212121
 52 217.1717171717171
 102 222.2222222222222
 228 227.2727272727273
 129 232.3232323232323
 2 237.3737373737374
 27 242.4242424242424
 171 247.4747474747475
 30 252.5252525252525
 123 257.5757575757576
 141 262.6262626262626
 47 267.6767676767677
 293 272.7272727272727
 179 277.7777777777778
 474 282.8282828282828
 224 287.8787878787879
 0 292.9292929292929
 1 297.979797979798
 2 303.030303030303
 211 308.0808080808081
 25 313.1313131313131
 43 318.1818181818182
 33 323.2323232323232
 37 328.2828282828282
 190 333.3333333333333
 79 338.3838383838383
 25 343.4343434343434
 165 348.4848484848484
 124 353.5353535353535
 38 358.5858585858585
 1 363.6363636363636
 46 368.6868686868686
 30 373.7373737373737
 44 378.7878787878788
 2 383.8383838383838
 0 388.8888888888889
 325 393.9393939393939
 61 398.989898989899
 54 404.040404040404
 177 409.0909090909091
 159 414.1414141414141
 594 419.1919191919192
 16 424.2424242424242
 254 429.2929292929293
 193 434.3434343434343
 4 439.3939393939394
 63 444.4444444444444
 71 449.4949494949495
 48 454.5454545454545
 1 459.5959595959596
 0 464.6464646464646
 0 469.6969696969697
 1 474.7474747474747
 2 479.7979797979798
 10 484.8484848484848
 17 489.8989898989898
 93 494.9494949494949
 0 500


