# Created by Octave 3.8.2, Sun Jun 21 07:44:39 2020 CEST <damian@fptrucha.inv.usc.es>
# name: hd
# type: matrix
# rows: 100
# columns: 2
 1 0
 1 5.05050505050505
 1 10.1010101010101
 298 15.15151515151515
 1 20.2020202020202
 1 25.25252525252525
 157 30.3030303030303
 528 35.35353535353535
 647 40.4040404040404
 313 45.45454545454545
 136 50.50505050505051
 82 55.55555555555555
 0 60.6060606060606
 267 65.65656565656565
 208 70.7070707070707
 617 75.75757575757575
 0 80.8080808080808
 0 85.85858585858585
 50 90.90909090909091
 4 95.95959595959596
 1 101.010101010101
 167 106.060606060606
 188 111.1111111111111
 389 116.1616161616162
 216 121.2121212121212
 100 126.2626262626263
 2 131.3131313131313
 4 136.3636363636363
 77 141.4141414141414
 81 146.4646464646464
 436 151.5151515151515
 267 156.5656565656566
 1 161.6161616161616
 0 166.6666666666667
 63 171.7171717171717
 22 176.7676767676768
 0 181.8181818181818
 1 186.8686868686869
 191 191.9191919191919
 260 196.969696969697
 34 202.020202020202
 77 207.070707070707
 212 212.1212121212121
 63 217.1717171717171
 102 222.2222222222222
 209 227.2727272727273
 154 232.3232323232323
 0 237.3737373737374
 27 242.4242424242424
 139 247.4747474747475
 22 252.5252525252525
 113 257.5757575757576
 139 262.6262626262626
 34 267.6767676767677
 258 272.7272727272727
 141 277.7777777777778
 444 282.8282828282828
 220 287.8787878787879
 0 292.9292929292929
 0 297.979797979798
 0 303.030303030303
 212 308.0808080808081
 16 313.1313131313131
 46 318.1818181818182
 28 323.2323232323232
 38 328.2828282828282
 167 333.3333333333333
 65 338.3838383838383
 23 343.4343434343434
 232 348.4848484848484
 97 353.5353535353535
 35 358.5858585858585
 2 363.6363636363636
 51 368.6868686868686
 35 373.7373737373737
 31 378.7878787878788
 0 383.8383838383838
 1 388.8888888888889
 306 393.9393939393939
 59 398.989898989899
 64 404.040404040404
 164 409.0909090909091
 128 414.1414141414141
 551 419.1919191919192
 22 424.2424242424242
 245 429.2929292929293
 185 434.3434343434343
 4 439.3939393939394
 57 444.4444444444444
 66 449.4949494949495
 54 454.5454545454545
 0 459.5959595959596
 1 464.6464646464646
 3 469.6969696969697
 0 474.7474747474747
 0 479.7979797979798
 11 484.8484848484848
 18 489.8989898989898
 76 494.9494949494949
 0 500


