# Created by Octave 3.8.2, Mon Jun 22 04:54:48 2020 CEST <damian@fptrucha.inv.usc.es>
# name: hd
# type: matrix
# rows: 100
# columns: 2
 5 0
 8 5.05050505050505
 4 10.1010101010101
 272 15.15151515151515
 1 20.2020202020202
 1 25.25252525252525
 161 30.3030303030303
 443 35.35353535353535
 492 40.4040404040404
 262 45.45454545454545
 110 50.50505050505051
 56 55.55555555555555
 3 60.6060606060606
 240 65.65656565656565
 187 70.7070707070707
 518 75.75757575757575
 2 80.8080808080808
 2 85.85858585858585
 46 90.90909090909091
 8 95.95959595959596
 4 101.010101010101
 155 106.060606060606
 165 111.1111111111111
 331 116.1616161616162
 189 121.2121212121212
 82 126.2626262626263
 0 131.3131313131313
 3 136.3636363636363
 67 141.4141414141414
 72 146.4646464646464
 383 151.5151515151515
 244 156.5656565656566
 4 161.6161616161616
 2 166.6666666666667
 58 171.7171717171717
 19 176.7676767676768
 1 181.8181818181818
 2 186.8686868686869
 150 191.9191919191919
 253 196.969696969697
 47 202.020202020202
 79 207.070707070707
 141 212.1212121212121
 57 217.1717171717171
 87 222.2222222222222
 206 227.2727272727273
 125 232.3232323232323
 1 237.3737373737374
 20 242.4242424242424
 121 247.4747474747475
 15 252.5252525252525
 98 257.5757575757576
 111 262.6262626262626
 36 267.6767676767677
 235 272.7272727272727
 126 277.7777777777778
 401 282.8282828282828
 207 287.8787878787879
 5 292.9292929292929
 0 297.979797979798
 2 303.030303030303
 193 308.0808080808081
 29 313.1313131313131
 36 318.1818181818182
 26 323.2323232323232
 34 328.2828282828282
 158 333.3333333333333
 60 338.3838383838383
 21 343.4343434343434
 181 348.4848484848484
 84 353.5353535353535
 31 358.5858585858585
 2 363.6363636363636
 50 368.6868686868686
 36 373.7373737373737
 40 378.7878787878788
 0 383.8383838383838
 3 388.8888888888889
 276 393.9393939393939
 65 398.989898989899
 59 404.040404040404
 152 409.0909090909091
 127 414.1414141414141
 490 419.1919191919192
 25 424.2424242424242
 198 429.2929292929293
 163 434.3434343434343
 4 439.3939393939394
 53 444.4444444444444
 70 449.4949494949495
 45 454.5454545454545
 0 459.5959595959596
 0 464.6464646464646
 0 469.6969696969697
 1 474.7474747474747
 2 479.7979797979798
 18 484.8484848484848
 21 489.8989898989898
 58 494.9494949494949
 0 500


