# Created by Octave 3.8.2, Sat Jun 20 20:38:13 2020 CEST <damian@fptrucha.inv.usc.es>
# name: hd
# type: matrix
# rows: 100
# columns: 2
 0 0
 3 5.05050505050505
 0 10.1010101010101
 283 15.15151515151515
 2 20.2020202020202
 1 25.25252525252525
 141 30.3030303030303
 495 35.35353535353535
 621 40.4040404040404
 316 45.45454545454545
 122 50.50505050505051
 84 55.55555555555555
 1 60.6060606060606
 253 65.65656565656565
 184 70.7070707070707
 598 75.75757575757575
 1 80.8080808080808
 2 85.85858585858585
 56 90.90909090909091
 3 95.95959595959596
 3 101.010101010101
 214 106.060606060606
 157 111.1111111111111
 389 116.1616161616162
 183 121.2121212121212
 98 126.2626262626263
 2 131.3131313131313
 0 136.3636363636363
 66 141.4141414141414
 90 146.4646464646464
 471 151.5151515151515
 276 156.5656565656566
 3 161.6161616161616
 0 166.6666666666667
 65 171.7171717171717
 19 176.7676767676768
 0 181.8181818181818
 0 186.8686868686869
 206 191.9191919191919
 256 196.969696969697
 49 202.020202020202
 83 207.070707070707
 195 212.1212121212121
 65 217.1717171717171
 97 222.2222222222222
 254 227.2727272727273
 121 232.3232323232323
 1 237.3737373737374
 20 242.4242424242424
 146 247.4747474747475
 26 252.5252525252525
 104 257.5757575757576
 134 262.6262626262626
 41 267.6767676767677
 247 272.7272727272727
 152 277.7777777777778
 467 282.8282828282828
 221 287.8787878787879
 1 292.9292929292929
 1 297.979797979798
 0 303.030303030303
 193 308.0808080808081
 18 313.1313131313131
 39 318.1818181818182
 32 323.2323232323232
 47 328.2828282828282
 173 333.3333333333333
 56 338.3838383838383
 20 343.4343434343434
 194 348.4848484848484
 96 353.5353535353535
 26 358.5858585858585
 0 363.6363636363636
 50 368.6868686868686
 38 373.7373737373737
 27 378.7878787878788
 1 383.8383838383838
 0 388.8888888888889
 331 393.9393939393939
 63 398.989898989899
 64 404.040404040404
 193 409.0909090909091
 136 414.1414141414141
 562 419.1919191919192
 20 424.2424242424242
 204 429.2929292929293
 197 434.3434343434343
 4 439.3939393939394
 56 444.4444444444444
 75 449.4949494949495
 62 454.5454545454545
 1 459.5959595959596
 0 464.6464646464646
 1 469.6969696969697
 2 474.7474747474747
 0 479.7979797979798
 16 484.8484848484848
 19 489.8989898989898
 59 494.9494949494949
 0 500


