# Created by Octave 3.8.2, Sun Jun 21 06:38:54 2020 CEST <damian@fptrucha.inv.usc.es>
# name: hd
# type: matrix
# rows: 100
# columns: 2
 1 0
 2 5.05050505050505
 0 10.1010101010101
 277 15.15151515151515
 1 20.2020202020202
 1 25.25252525252525
 161 30.3030303030303
 522 35.35353535353535
 609 40.4040404040404
 325 45.45454545454545
 122 50.50505050505051
 62 55.55555555555555
 1 60.6060606060606
 278 65.65656565656565
 200 70.7070707070707
 601 75.75757575757575
 0 80.8080808080808
 2 85.85858585858585
 49 90.90909090909091
 3 95.95959595959596
 1 101.010101010101
 214 106.060606060606
 197 111.1111111111111
 399 116.1616161616162
 218 121.2121212121212
 75 126.2626262626263
 0 131.3131313131313
 1 136.3636363636363
 73 141.4141414141414
 86 146.4646464646464
 419 151.5151515151515
 277 156.5656565656566
 2 161.6161616161616
 0 166.6666666666667
 86 171.7171717171717
 27 176.7676767676768
 0 181.8181818181818
 2 186.8686868686869
 165 191.9191919191919
 248 196.969696969697
 49 202.020202020202
 82 207.070707070707
 204 212.1212121212121
 78 217.1717171717171
 104 222.2222222222222
 187 227.2727272727273
 144 232.3232323232323
 0 237.3737373737374
 25 242.4242424242424
 107 247.4747474747475
 12 252.5252525252525
 130 257.5757575757576
 133 262.6262626262626
 44 267.6767676767677
 273 272.7272727272727
 118 277.7777777777778
 468 282.8282828282828
 188 287.8787878787879
 1 292.9292929292929
 0 297.979797979798
 0 303.030303030303
 227 308.0808080808081
 30 313.1313131313131
 45 318.1818181818182
 36 323.2323232323232
 35 328.2828282828282
 196 333.3333333333333
 56 338.3838383838383
 10 343.4343434343434
 188 348.4848484848484
 85 353.5353535353535
 28 358.5858585858585
 0 363.6363636363636
 44 368.6868686868686
 33 373.7373737373737
 29 378.7878787878788
 0 383.8383838383838
 0 388.8888888888889
 319 393.9393939393939
 55 398.989898989899
 71 404.040404040404
 165 409.0909090909091
 111 414.1414141414141
 599 419.1919191919192
 14 424.2424242424242
 237 429.2929292929293
 192 434.3434343434343
 1 439.3939393939394
 61 444.4444444444444
 66 449.4949494949495
 51 454.5454545454545
 1 459.5959595959596
 2 464.6464646464646
 1 469.6969696969697
 1 474.7474747474747
 1 479.7979797979798
 12 484.8484848484848
 18 489.8989898989898
 56 494.9494949494949
 0 500


