# Created by Octave 3.8.2, Mon Jun 22 16:41:51 2020 CEST <damian@fptrucha.inv.usc.es>
# name: hd
# type: matrix
# rows: 100
# columns: 2
 0 0
 3 5.05050505050505
 1 10.1010101010101
 317 15.15151515151515
 6 20.2020202020202
 2 25.25252525252525
 168 30.3030303030303
 544 35.35353535353535
 607 40.4040404040404
 308 45.45454545454545
 134 50.50505050505051
 75 55.55555555555555
 1 60.6060606060606
 301 65.65656565656565
 209 70.7070707070707
 555 75.75757575757575
 4 80.8080808080808
 3 85.85858585858585
 54 90.90909090909091
 2 95.95959595959596
 3 101.010101010101
 197 106.060606060606
 184 111.1111111111111
 396 116.1616161616162
 183 121.2121212121212
 84 126.2626262626263
 0 131.3131313131313
 2 136.3636363636363
 67 141.4141414141414
 108 146.4646464646464
 466 151.5151515151515
 277 156.5656565656566
 5 161.6161616161616
 2 166.6666666666667
 78 171.7171717171717
 27 176.7676767676768
 0 181.8181818181818
 1 186.8686868686869
 193 191.9191919191919
 254 196.969696969697
 51 202.020202020202
 98 207.070707070707
 198 212.1212121212121
 70 217.1717171717171
 86 222.2222222222222
 259 227.2727272727273
 153 232.3232323232323
 0 237.3737373737374
 32 242.4242424242424
 137 247.4747474747475
 24 252.5252525252525
 118 257.5757575757576
 140 262.6262626262626
 47 267.6767676767677
 288 272.7272727272727
 151 277.7777777777778
 480 282.8282828282828
 190 287.8787878787879
 0 292.9292929292929
 1 297.979797979798
 1 303.030303030303
 227 308.0808080808081
 21 313.1313131313131
 46 318.1818181818182
 32 323.2323232323232
 47 328.2828282828282
 163 333.3333333333333
 55 338.3838383838383
 19 343.4343434343434
 177 348.4848484848484
 100 353.5353535353535
 40 358.5858585858585
 0 363.6363636363636
 49 368.6868686868686
 46 373.7373737373737
 44 378.7878787878788
 3 383.8383838383838
 2 388.8888888888889
 329 393.9393939393939
 61 398.989898989899
 57 404.040404040404
 185 409.0909090909091
 132 414.1414141414141
 580 419.1919191919192
 21 424.2424242424242
 231 429.2929292929293
 186 434.3434343434343
 8 439.3939393939394
 70 444.4444444444444
 70 449.4949494949495
 56 454.5454545454545
 3 459.5959595959596
 2 464.6464646464646
 2 469.6969696969697
 2 474.7474747474747
 0 479.7979797979798
 21 484.8484848484848
 27 489.8989898989898
 91 494.9494949494949
 0 500


