# Created by Octave 3.8.2, Sat Jun 20 04:25:17 2020 CEST <damian@fptrucha.inv.usc.es>
# name: hd
# type: matrix
# rows: 100
# columns: 2
 2 0
 2 5.05050505050505
 1 10.1010101010101
 198 15.15151515151515
 2 20.2020202020202
 0 25.25252525252525
 118 30.3030303030303
 322 35.35353535353535
 430 40.4040404040404
 191 45.45454545454545
 83 50.50505050505051
 49 55.55555555555555
 2 60.6060606060606
 197 65.65656565656565
 140 70.7070707070707
 418 75.75757575757575
 0 80.8080808080808
 2 85.85858585858585
 42 90.90909090909091
 3 95.95959595959596
 2 101.010101010101
 149 106.060606060606
 138 111.1111111111111
 285 116.1616161616162
 151 121.2121212121212
 51 126.2626262626263
 0 131.3131313131313
 0 136.3636363636363
 39 141.4141414141414
 70 146.4646464646464
 324 151.5151515151515
 165 156.5656565656566
 1 161.6161616161616
 0 166.6666666666667
 44 171.7171717171717
 27 176.7676767676768
 0 181.8181818181818
 0 186.8686868686869
 136 191.9191919191919
 186 196.969696969697
 39 202.020202020202
 67 207.070707070707
 139 212.1212121212121
 47 217.1717171717171
 83 222.2222222222222
 170 227.2727272727273
 85 232.3232323232323
 0 237.3737373737374
 13 242.4242424242424
 99 247.4747474747475
 21 252.5252525252525
 86 257.5757575757576
 94 262.6262626262626
 27 267.6767676767677
 197 272.7272727272727
 78 277.7777777777778
 331 282.8282828282828
 128 287.8787878787879
 1 292.9292929292929
 0 297.979797979798
 0 303.030303030303
 141 308.0808080808081
 26 313.1313131313131
 34 318.1818181818182
 22 323.2323232323232
 33 328.2828282828282
 133 333.3333333333333
 59 338.3838383838383
 15 343.4343434343434
 146 348.4848484848484
 61 353.5353535353535
 19 358.5858585858585
 2 363.6363636363636
 27 368.6868686868686
 26 373.7373737373737
 35 378.7878787878788
 0 383.8383838383838
 0 388.8888888888889
 246 393.9393939393939
 38 398.989898989899
 47 404.040404040404
 91 409.0909090909091
 96 414.1414141414141
 428 419.1919191919192
 8 424.2424242424242
 173 429.2929292929293
 123 434.3434343434343
 1 439.3939393939394
 40 444.4444444444444
 56 449.4949494949495
 39 454.5454545454545
 0 459.5959595959596
 2 464.6464646464646
 2 469.6969696969697
 0 474.7474747474747
 2 479.7979797979798
 12 484.8484848484848
 19 489.8989898989898
 51 494.9494949494949
 0 500


