# Created by Octave 3.8.2, Sun Jun 21 06:08:46 2020 CEST <damian@fptrucha.inv.usc.es>
# name: hd
# type: matrix
# rows: 100
# columns: 2
 0 0
 1 5.05050505050505
 1 10.1010101010101
 272 15.15151515151515
 1 20.2020202020202
 0 25.25252525252525
 150 30.3030303030303
 521 35.35353535353535
 589 40.4040404040404
 285 45.45454545454545
 117 50.50505050505051
 70 55.55555555555555
 0 60.6060606060606
 250 65.65656565656565
 184 70.7070707070707
 537 75.75757575757575
 0 80.8080808080808
 0 85.85858585858585
 58 90.90909090909091
 2 95.95959595959596
 1 101.010101010101
 176 106.060606060606
 155 111.1111111111111
 393 116.1616161616162
 210 121.2121212121212
 91 126.2626262626263
 1 131.3131313131313
 1 136.3636363636363
 68 141.4141414141414
 87 146.4646464646464
 439 151.5151515151515
 280 156.5656565656566
 4 161.6161616161616
 2 166.6666666666667
 73 171.7171717171717
 36 176.7676767676768
 1 181.8181818181818
 0 186.8686868686869
 157 191.9191919191919
 243 196.969696969697
 38 202.020202020202
 84 207.070707070707
 206 212.1212121212121
 70 217.1717171717171
 94 222.2222222222222
 212 227.2727272727273
 140 232.3232323232323
 2 237.3737373737374
 22 242.4242424242424
 133 247.4747474747475
 16 252.5252525252525
 108 257.5757575757576
 143 262.6262626262626
 32 267.6767676767677
 240 272.7272727272727
 122 277.7777777777778
 419 282.8282828282828
 202 287.8787878787879
 1 292.9292929292929
 0 297.979797979798
 0 303.030303030303
 194 308.0808080808081
 25 313.1313131313131
 45 318.1818181818182
 38 323.2323232323232
 55 328.2828282828282
 168 333.3333333333333
 48 338.3838383838383
 12 343.4343434343434
 195 348.4848484848484
 90 353.5353535353535
 37 358.5858585858585
 1 363.6363636363636
 33 368.6868686868686
 47 373.7373737373737
 45 378.7878787878788
 1 383.8383838383838
 0 388.8888888888889
 312 393.9393939393939
 47 398.989898989899
 68 404.040404040404
 159 409.0909090909091
 135 414.1414141414141
 570 419.1919191919192
 15 424.2424242424242
 233 429.2929292929293
 174 434.3434343434343
 2 439.3939393939394
 52 444.4444444444444
 56 449.4949494949495
 31 454.5454545454545
 1 459.5959595959596
 2 464.6464646464646
 0 469.6969696969697
 0 474.7474747474747
 2 479.7979797979798
 21 484.8484848484848
 19 489.8989898989898
 76 494.9494949494949
 0 500


