# Created by Octave 3.8.2, Mon Jun 22 17:26:06 2020 CEST <damian@fptrucha.inv.usc.es>
# name: hd
# type: matrix
# rows: 100
# columns: 2
 2 0
 1 5.05050505050505
 2 10.1010101010101
 292 15.15151515151515
 2 20.2020202020202
 0 25.25252525252525
 161 30.3030303030303
 512 35.35353535353535
 586 40.4040404040404
 327 45.45454545454545
 145 50.50505050505051
 69 55.55555555555555
 4 60.6060606060606
 310 65.65656565656565
 231 70.7070707070707
 552 75.75757575757575
 0 80.8080808080808
 0 85.85858585858585
 68 90.90909090909091
 4 95.95959595959596
 6 101.010101010101
 194 106.060606060606
 172 111.1111111111111
 394 116.1616161616162
 198 121.2121212121212
 99 126.2626262626263
 1 131.3131313131313
 2 136.3636363636363
 72 141.4141414141414
 106 146.4646464646464
 437 151.5151515151515
 240 156.5656565656566
 2 161.6161616161616
 0 166.6666666666667
 83 171.7171717171717
 27 176.7676767676768
 1 181.8181818181818
 1 186.8686868686869
 179 191.9191919191919
 248 196.969696969697
 58 202.020202020202
 92 207.070707070707
 213 212.1212121212121
 75 217.1717171717171
 114 222.2222222222222
 233 227.2727272727273
 138 232.3232323232323
 2 237.3737373737374
 18 242.4242424242424
 140 247.4747474747475
 23 252.5252525252525
 114 257.5757575757576
 147 262.6262626262626
 45 267.6767676767677
 272 272.7272727272727
 149 277.7777777777778
 481 282.8282828282828
 197 287.8787878787879
 1 292.9292929292929
 0 297.979797979798
 0 303.030303030303
 216 308.0808080808081
 26 313.1313131313131
 44 318.1818181818182
 28 323.2323232323232
 38 328.2828282828282
 204 333.3333333333333
 72 338.3838383838383
 21 343.4343434343434
 175 348.4848484848484
 100 353.5353535353535
 19 358.5858585858585
 2 363.6363636363636
 50 368.6868686868686
 43 373.7373737373737
 34 378.7878787878788
 3 383.8383838383838
 1 388.8888888888889
 343 393.9393939393939
 61 398.989898989899
 57 404.040404040404
 174 409.0909090909091
 149 414.1414141414141
 539 419.1919191919192
 24 424.2424242424242
 257 429.2929292929293
 209 434.3434343434343
 3 439.3939393939394
 64 444.4444444444444
 71 449.4949494949495
 62 454.5454545454545
 1 459.5959595959596
 2 464.6464646464646
 0 469.6969696969697
 2 474.7474747474747
 0 479.7979797979798
 18 484.8484848484848
 20 489.8989898989898
 75 494.9494949494949
 0 500


