# Created by Octave 3.8.2, Sun Jun 21 03:25:41 2020 CEST <damian@fptrucha.inv.usc.es>
# name: hd
# type: matrix
# rows: 100
# columns: 2
 4 0
 3 5.05050505050505
 0 10.1010101010101
 273 15.15151515151515
 2 20.2020202020202
 1 25.25252525252525
 162 30.3030303030303
 503 35.35353535353535
 544 40.4040404040404
 295 45.45454545454545
 121 50.50505050505051
 46 55.55555555555555
 2 60.6060606060606
 271 65.65656565656565
 201 70.7070707070707
 530 75.75757575757575
 1 80.8080808080808
 0 85.85858585858585
 57 90.90909090909091
 4 95.95959595959596
 2 101.010101010101
 185 106.060606060606
 159 111.1111111111111
 393 116.1616161616162
 188 121.2121212121212
 97 126.2626262626263
 0 131.3131313131313
 2 136.3636363636363
 62 141.4141414141414
 83 146.4646464646464
 426 151.5151515151515
 242 156.5656565656566
 3 161.6161616161616
 1 166.6666666666667
 79 171.7171717171717
 24 176.7676767676768
 0 181.8181818181818
 1 186.8686868686869
 177 191.9191919191919
 244 196.969696969697
 47 202.020202020202
 78 207.070707070707
 187 212.1212121212121
 66 217.1717171717171
 106 222.2222222222222
 217 227.2727272727273
 118 232.3232323232323
 2 237.3737373737374
 19 242.4242424242424
 129 247.4747474747475
 19 252.5252525252525
 123 257.5757575757576
 120 262.6262626262626
 33 267.6767676767677
 259 272.7272727272727
 117 277.7777777777778
 432 282.8282828282828
 205 287.8787878787879
 0 292.9292929292929
 1 297.979797979798
 0 303.030303030303
 196 308.0808080808081
 20 313.1313131313131
 39 318.1818181818182
 24 323.2323232323232
 34 328.2828282828282
 178 333.3333333333333
 77 338.3838383838383
 17 343.4343434343434
 194 348.4848484848484
 91 353.5353535353535
 23 358.5858585858585
 0 363.6363636363636
 42 368.6868686868686
 44 373.7373737373737
 35 378.7878787878788
 0 383.8383838383838
 0 388.8888888888889
 301 393.9393939393939
 58 398.989898989899
 55 404.040404040404
 156 409.0909090909091
 132 414.1414141414141
 567 419.1919191919192
 23 424.2424242424242
 220 429.2929292929293
 200 434.3434343434343
 3 439.3939393939394
 56 444.4444444444444
 67 449.4949494949495
 53 454.5454545454545
 0 459.5959595959596
 1 464.6464646464646
 1 469.6969696969697
 2 474.7474747474747
 1 479.7979797979798
 19 484.8484848484848
 21 489.8989898989898
 69 494.9494949494949
 0 500


