# Created by Octave 3.8.2, Sun Jun 21 05:21:38 2020 CEST <damian@fptrucha.inv.usc.es>
# name: hd
# type: matrix
# rows: 100
# columns: 2
 0 0
 1 5.05050505050505
 2 10.1010101010101
 230 15.15151515151515
 3 20.2020202020202
 1 25.25252525252525
 172 30.3030303030303
 513 35.35353535353535
 558 40.4040404040404
 279 45.45454545454545
 122 50.50505050505051
 60 55.55555555555555
 3 60.6060606060606
 258 65.65656565656565
 203 70.7070707070707
 593 75.75757575757575
 1 80.8080808080808
 2 85.85858585858585
 44 90.90909090909091
 3 95.95959595959596
 5 101.010101010101
 181 106.060606060606
 206 111.1111111111111
 359 116.1616161616162
 185 121.2121212121212
 91 126.2626262626263
 0 131.3131313131313
 0 136.3636363636363
 72 141.4141414141414
 97 146.4646464646464
 432 151.5151515151515
 252 156.5656565656566
 1 161.6161616161616
 2 166.6666666666667
 61 171.7171717171717
 38 176.7676767676768
 0 181.8181818181818
 0 186.8686868686869
 206 191.9191919191919
 284 196.969696969697
 52 202.020202020202
 90 207.070707070707
 198 212.1212121212121
 54 217.1717171717171
 118 222.2222222222222
 206 227.2727272727273
 148 232.3232323232323
 1 237.3737373737374
 21 242.4242424242424
 134 247.4747474747475
 17 252.5252525252525
 127 257.5757575757576
 134 262.6262626262626
 27 267.6767676767677
 271 272.7272727272727
 145 277.7777777777778
 425 282.8282828282828
 171 287.8787878787879
 0 292.9292929292929
 2 297.979797979798
 1 303.030303030303
 225 308.0808080808081
 20 313.1313131313131
 42 318.1818181818182
 28 323.2323232323232
 33 328.2828282828282
 183 333.3333333333333
 68 338.3838383838383
 21 343.4343434343434
 180 348.4848484848484
 100 353.5353535353535
 19 358.5858585858585
 2 363.6363636363636
 40 368.6868686868686
 35 373.7373737373737
 34 378.7878787878788
 1 383.8383838383838
 0 388.8888888888889
 302 393.9393939393939
 52 398.989898989899
 58 404.040404040404
 168 409.0909090909091
 149 414.1414141414141
 547 419.1919191919192
 15 424.2424242424242
 218 429.2929292929293
 192 434.3434343434343
 1 439.3939393939394
 46 444.4444444444444
 85 449.4949494949495
 52 454.5454545454545
 2 459.5959595959596
 2 464.6464646464646
 1 469.6969696969697
 0 474.7474747474747
 1 479.7979797979798
 11 484.8484848484848
 11 489.8989898989898
 67 494.9494949494949
 0 500


