# Created by Octave 3.8.2, Mon Jun 22 11:12:26 2020 CEST <damian@fptrucha.inv.usc.es>
# name: hd
# type: matrix
# rows: 100
# columns: 2
 1 0
 3 5.05050505050505
 2 10.1010101010101
 292 15.15151515151515
 3 20.2020202020202
 1 25.25252525252525
 179 30.3030303030303
 550 35.35353535353535
 576 40.4040404040404
 328 45.45454545454545
 110 50.50505050505051
 81 55.55555555555555
 0 60.6060606060606
 293 65.65656565656565
 189 70.7070707070707
 523 75.75757575757575
 1 80.8080808080808
 1 85.85858585858585
 52 90.90909090909091
 2 95.95959595959596
 4 101.010101010101
 187 106.060606060606
 172 111.1111111111111
 355 116.1616161616162
 182 121.2121212121212
 75 126.2626262626263
 2 131.3131313131313
 4 136.3636363636363
 66 141.4141414141414
 99 146.4646464646464
 425 151.5151515151515
 240 156.5656565656566
 3 161.6161616161616
 3 166.6666666666667
 62 171.7171717171717
 24 176.7676767676768
 1 181.8181818181818
 1 186.8686868686869
 183 191.9191919191919
 287 196.969696969697
 50 202.020202020202
 90 207.070707070707
 190 212.1212121212121
 60 217.1717171717171
 96 222.2222222222222
 237 227.2727272727273
 141 232.3232323232323
 1 237.3737373737374
 29 242.4242424242424
 147 247.4747474747475
 19 252.5252525252525
 121 257.5757575757576
 143 262.6262626262626
 45 267.6767676767677
 270 272.7272727272727
 144 277.7777777777778
 452 282.8282828282828
 209 287.8787878787879
 2 292.9292929292929
 0 297.979797979798
 0 303.030303030303
 199 308.0808080808081
 28 313.1313131313131
 45 318.1818181818182
 44 323.2323232323232
 37 328.2828282828282
 195 333.3333333333333
 68 338.3838383838383
 21 343.4343434343434
 173 348.4848484848484
 111 353.5353535353535
 27 358.5858585858585
 0 363.6363636363636
 49 368.6868686868686
 45 373.7373737373737
 38 378.7878787878788
 1 383.8383838383838
 0 388.8888888888889
 291 393.9393939393939
 52 398.989898989899
 69 404.040404040404
 168 409.0909090909091
 152 414.1414141414141
 558 419.1919191919192
 22 424.2424242424242
 243 429.2929292929293
 175 434.3434343434343
 1 439.3939393939394
 67 444.4444444444444
 59 449.4949494949495
 48 454.5454545454545
 1 459.5959595959596
 0 464.6464646464646
 2 469.6969696969697
 1 474.7474747474747
 3 479.7979797979798
 12 484.8484848484848
 16 489.8989898989898
 70 494.9494949494949
 0 500


