# Created by Octave 3.8.2, Sat Jun 20 18:28:11 2020 CEST <damian@fptrucha.inv.usc.es>
# name: hd
# type: matrix
# rows: 100
# columns: 2
 1 0
 3 5.05050505050505
 0 10.1010101010101
 248 15.15151515151515
 5 20.2020202020202
 1 25.25252525252525
 154 30.3030303030303
 522 35.35353535353535
 620 40.4040404040404
 268 45.45454545454545
 138 50.50505050505051
 70 55.55555555555555
 4 60.6060606060606
 289 65.65656565656565
 210 70.7070707070707
 598 75.75757575757575
 1 80.8080808080808
 1 85.85858585858585
 74 90.90909090909091
 2 95.95959595959596
 6 101.010101010101
 175 106.060606060606
 166 111.1111111111111
 388 116.1616161616162
 203 121.2121212121212
 82 126.2626262626263
 0 131.3131313131313
 1 136.3636363636363
 62 141.4141414141414
 87 146.4646464646464
 430 151.5151515151515
 269 156.5656565656566
 3 161.6161616161616
 1 166.6666666666667
 67 171.7171717171717
 30 176.7676767676768
 0 181.8181818181818
 0 186.8686868686869
 177 191.9191919191919
 227 196.969696969697
 30 202.020202020202
 90 207.070707070707
 198 212.1212121212121
 47 217.1717171717171
 95 222.2222222222222
 251 227.2727272727273
 125 232.3232323232323
 1 237.3737373737374
 17 242.4242424242424
 133 247.4747474747475
 12 252.5252525252525
 120 257.5757575757576
 142 262.6262626262626
 36 267.6767676767677
 269 272.7272727272727
 149 277.7777777777778
 449 282.8282828282828
 195 287.8787878787879
 2 292.9292929292929
 0 297.979797979798
 0 303.030303030303
 204 308.0808080808081
 14 313.1313131313131
 48 318.1818181818182
 37 323.2323232323232
 41 328.2828282828282
 172 333.3333333333333
 64 338.3838383838383
 15 343.4343434343434
 191 348.4848484848484
 97 353.5353535353535
 28 358.5858585858585
 2 363.6363636363636
 62 368.6868686868686
 35 373.7373737373737
 39 378.7878787878788
 0 383.8383838383838
 1 388.8888888888889
 321 393.9393939393939
 39 398.989898989899
 58 404.040404040404
 164 409.0909090909091
 147 414.1414141414141
 572 419.1919191919192
 19 424.2424242424242
 202 429.2929292929293
 153 434.3434343434343
 5 439.3939393939394
 52 444.4444444444444
 81 449.4949494949495
 58 454.5454545454545
 0 459.5959595959596
 1 464.6464646464646
 0 469.6969696969697
 2 474.7474747474747
 1 479.7979797979798
 19 484.8484848484848
 22 489.8989898989898
 61 494.9494949494949
 0 500


