# Created by Octave 3.8.2, Sat Jun 20 09:15:59 2020 CEST <damian@fptrucha.inv.usc.es>
# name: hd
# type: matrix
# rows: 100
# columns: 2
 3 0
 3 5.05050505050505
 2 10.1010101010101
 301 15.15151515151515
 4 20.2020202020202
 0 25.25252525252525
 163 30.3030303030303
 595 35.35353535353535
 681 40.4040404040404
 365 45.45454545454545
 143 50.50505050505051
 92 55.55555555555555
 2 60.6060606060606
 316 65.65656565656565
 263 70.7070707070707
 656 75.75757575757575
 2 80.8080808080808
 0 85.85858585858585
 73 90.90909090909091
 4 95.95959595959596
 6 101.010101010101
 201 106.060606060606
 197 111.1111111111111
 444 116.1616161616162
 237 121.2121212121212
 109 126.2626262626263
 0 131.3131313131313
 0 136.3636363636363
 80 141.4141414141414
 113 146.4646464646464
 502 151.5151515151515
 301 156.5656565656566
 2 161.6161616161616
 2 166.6666666666667
 81 171.7171717171717
 40 176.7676767676768
 2 181.8181818181818
 2 186.8686868686869
 202 191.9191919191919
 294 196.969696969697
 62 202.020202020202
 104 207.070707070707
 201 212.1212121212121
 81 217.1717171717171
 114 222.2222222222222
 256 227.2727272727273
 162 232.3232323232323
 1 237.3737373737374
 36 242.4242424242424
 143 247.4747474747475
 17 252.5252525252525
 136 257.5757575757576
 158 262.6262626262626
 51 267.6767676767677
 281 272.7272727272727
 160 277.7777777777778
 478 282.8282828282828
 240 287.8787878787879
 0 292.9292929292929
 3 297.979797979798
 0 303.030303030303
 237 308.0808080808081
 28 313.1313131313131
 40 318.1818181818182
 31 323.2323232323232
 47 328.2828282828282
 207 333.3333333333333
 85 338.3838383838383
 22 343.4343434343434
 239 348.4848484848484
 101 353.5353535353535
 27 358.5858585858585
 0 363.6363636363636
 55 368.6868686868686
 43 373.7373737373737
 38 378.7878787878788
 1 383.8383838383838
 0 388.8888888888889
 352 393.9393939393939
 68 398.989898989899
 63 404.040404040404
 182 409.0909090909091
 170 414.1414141414141
 643 419.1919191919192
 17 424.2424242424242
 243 429.2929292929293
 195 434.3434343434343
 6 439.3939393939394
 50 444.4444444444444
 86 449.4949494949495
 63 454.5454545454545
 1 459.5959595959596
 1 464.6464646464646
 2 469.6969696969697
 3 474.7474747474747
 1 479.7979797979798
 20 484.8484848484848
 25 489.8989898989898
 82 494.9494949494949
 0 500


