# Created by Octave 3.8.2, Sat Jun 20 13:10:27 2020 CEST <damian@fptrucha.inv.usc.es>
# name: hd
# type: matrix
# rows: 100
# columns: 2
 3 0
 2 5.05050505050505
 2 10.1010101010101
 289 15.15151515151515
 2 20.2020202020202
 2 25.25252525252525
 179 30.3030303030303
 543 35.35353535353535
 595 40.4040404040404
 303 45.45454545454545
 130 50.50505050505051
 78 55.55555555555555
 1 60.6060606060606
 305 65.65656565656565
 209 70.7070707070707
 644 75.75757575757575
 0 80.8080808080808
 1 85.85858585858585
 56 90.90909090909091
 3 95.95959595959596
 3 101.010101010101
 198 106.060606060606
 194 111.1111111111111
 458 116.1616161616162
 250 121.2121212121212
 112 126.2626262626263
 0 131.3131313131313
 1 136.3636363636363
 79 141.4141414141414
 123 146.4646464646464
 494 151.5151515151515
 258 156.5656565656566
 2 161.6161616161616
 0 166.6666666666667
 74 171.7171717171717
 37 176.7676767676768
 0 181.8181818181818
 0 186.8686868686869
 196 191.9191919191919
 280 196.969696969697
 53 202.020202020202
 103 207.070707070707
 176 212.1212121212121
 66 217.1717171717171
 113 222.2222222222222
 220 227.2727272727273
 179 232.3232323232323
 0 237.3737373737374
 33 242.4242424242424
 150 247.4747474747475
 22 252.5252525252525
 114 257.5757575757576
 130 262.6262626262626
 38 267.6767676767677
 262 272.7272727272727
 168 277.7777777777778
 504 282.8282828282828
 215 287.8787878787879
 0 292.9292929292929
 2 297.979797979798
 0 303.030303030303
 222 308.0808080808081
 27 313.1313131313131
 39 318.1818181818182
 48 323.2323232323232
 52 328.2828282828282
 200 333.3333333333333
 57 338.3838383838383
 25 343.4343434343434
 204 348.4848484848484
 105 353.5353535353535
 39 358.5858585858585
 0 363.6363636363636
 42 368.6868686868686
 41 373.7373737373737
 40 378.7878787878788
 0 383.8383838383838
 1 388.8888888888889
 311 393.9393939393939
 80 398.989898989899
 58 404.040404040404
 187 409.0909090909091
 156 414.1414141414141
 594 419.1919191919192
 28 424.2424242424242
 259 429.2929292929293
 219 434.3434343434343
 10 439.3939393939394
 55 444.4444444444444
 85 449.4949494949495
 53 454.5454545454545
 0 459.5959595959596
 2 464.6464646464646
 0 469.6969696969697
 0 474.7474747474747
 2 479.7979797979798
 16 484.8484848484848
 18 489.8989898989898
 77 494.9494949494949
 0 500


