# Created by Octave 3.8.2, Sat Jun 20 22:55:18 2020 CEST <damian@fptrucha.inv.usc.es>
# name: hd
# type: matrix
# rows: 100
# columns: 2
 3 0
 1 5.05050505050505
 0 10.1010101010101
 269 15.15151515151515
 0 20.2020202020202
 0 25.25252525252525
 147 30.3030303030303
 520 35.35353535353535
 585 40.4040404040404
 320 45.45454545454545
 128 50.50505050505051
 59 55.55555555555555
 0 60.6060606060606
 268 65.65656565656565
 190 70.7070707070707
 539 75.75757575757575
 2 80.8080808080808
 0 85.85858585858585
 50 90.90909090909091
 1 95.95959595959596
 1 101.010101010101
 207 106.060606060606
 188 111.1111111111111
 415 116.1616161616162
 211 121.2121212121212
 96 126.2626262626263
 0 131.3131313131313
 0 136.3636363636363
 61 141.4141414141414
 76 146.4646464646464
 460 151.5151515151515
 271 156.5656565656566
 1 161.6161616161616
 0 166.6666666666667
 72 171.7171717171717
 25 176.7676767676768
 0 181.8181818181818
 1 186.8686868686869
 180 191.9191919191919
 231 196.969696969697
 52 202.020202020202
 82 207.070707070707
 175 212.1212121212121
 56 217.1717171717171
 91 222.2222222222222
 202 227.2727272727273
 155 232.3232323232323
 1 237.3737373737374
 22 242.4242424242424
 131 247.4747474747475
 21 252.5252525252525
 116 257.5757575757576
 136 262.6262626262626
 35 267.6767676767677
 247 272.7272727272727
 154 277.7777777777778
 428 282.8282828282828
 203 287.8787878787879
 0 292.9292929292929
 1 297.979797979798
 0 303.030303030303
 191 308.0808080808081
 16 313.1313131313131
 41 318.1818181818182
 34 323.2323232323232
 45 328.2828282828282
 160 333.3333333333333
 64 338.3838383838383
 11 343.4343434343434
 151 348.4848484848484
 123 353.5353535353535
 45 358.5858585858585
 0 363.6363636363636
 51 368.6868686868686
 49 373.7373737373737
 34 378.7878787878788
 0 383.8383838383838
 1 388.8888888888889
 280 393.9393939393939
 55 398.989898989899
 54 404.040404040404
 178 409.0909090909091
 149 414.1414141414141
 552 419.1919191919192
 27 424.2424242424242
 247 429.2929292929293
 195 434.3434343434343
 1 439.3939393939394
 55 444.4444444444444
 63 449.4949494949495
 44 454.5454545454545
 1 459.5959595959596
 0 464.6464646464646
 3 469.6969696969697
 0 474.7474747474747
 0 479.7979797979798
 20 484.8484848484848
 29 489.8989898989898
 63 494.9494949494949
 0 500


