# Created by Octave 3.8.2, Sun Jun 21 02:07:31 2020 CEST <damian@fptrucha.inv.usc.es>
# name: hd
# type: matrix
# rows: 100
# columns: 2
 4 0
 2 5.05050505050505
 1 10.1010101010101
 243 15.15151515151515
 2 20.2020202020202
 1 25.25252525252525
 158 30.3030303030303
 457 35.35353535353535
 554 40.4040404040404
 277 45.45454545454545
 125 50.50505050505051
 69 55.55555555555555
 1 60.6060606060606
 242 65.65656565656565
 223 70.7070707070707
 530 75.75757575757575
 0 80.8080808080808
 0 85.85858585858585
 53 90.90909090909091
 5 95.95959595959596
 2 101.010101010101
 165 106.060606060606
 164 111.1111111111111
 413 116.1616161616162
 194 121.2121212121212
 73 126.2626262626263
 1 131.3131313131313
 0 136.3636363636363
 46 141.4141414141414
 90 146.4646464646464
 444 151.5151515151515
 268 156.5656565656566
 1 161.6161616161616
 0 166.6666666666667
 81 171.7171717171717
 31 176.7676767676768
 0 181.8181818181818
 0 186.8686868686869
 157 191.9191919191919
 240 196.969696969697
 41 202.020202020202
 93 207.070707070707
 205 212.1212121212121
 65 217.1717171717171
 98 222.2222222222222
 223 227.2727272727273
 125 232.3232323232323
 0 237.3737373737374
 18 242.4242424242424
 123 247.4747474747475
 15 252.5252525252525
 103 257.5757575757576
 144 262.6262626262626
 33 267.6767676767677
 255 272.7272727272727
 141 277.7777777777778
 452 282.8282828282828
 171 287.8787878787879
 3 292.9292929292929
 0 297.979797979798
 0 303.030303030303
 200 308.0808080808081
 17 313.1313131313131
 41 318.1818181818182
 33 323.2323232323232
 33 328.2828282828282
 166 333.3333333333333
 57 338.3838383838383
 25 343.4343434343434
 180 348.4848484848484
 88 353.5353535353535
 25 358.5858585858585
 0 363.6363636363636
 48 368.6868686868686
 40 373.7373737373737
 29 378.7878787878788
 1 383.8383838383838
 0 388.8888888888889
 320 393.9393939393939
 60 398.989898989899
 64 404.040404040404
 154 409.0909090909091
 128 414.1414141414141
 552 419.1919191919192
 14 424.2424242424242
 201 429.2929292929293
 173 434.3434343434343
 1 439.3939393939394
 48 444.4444444444444
 76 449.4949494949495
 53 454.5454545454545
 1 459.5959595959596
 0 464.6464646464646
 1 469.6969696969697
 0 474.7474747474747
 3 479.7979797979798
 20 484.8484848484848
 17 489.8989898989898
 72 494.9494949494949
 0 500


