# Created by Octave 3.8.2, Mon Jun 22 16:55:18 2020 CEST <damian@fptrucha.inv.usc.es>
# name: hd
# type: matrix
# rows: 100
# columns: 2
 6 0
 5 5.05050505050505
 3 10.1010101010101
 323 15.15151515151515
 3 20.2020202020202
 0 25.25252525252525
 158 30.3030303030303
 507 35.35353535353535
 617 40.4040404040404
 330 45.45454545454545
 96 50.50505050505051
 60 55.55555555555555
 2 60.6060606060606
 265 65.65656565656565
 239 70.7070707070707
 543 75.75757575757575
 1 80.8080808080808
 4 85.85858585858585
 64 90.90909090909091
 4 95.95959595959596
 7 101.010101010101
 172 106.060606060606
 177 111.1111111111111
 392 116.1616161616162
 205 121.2121212121212
 98 126.2626262626263
 1 131.3131313131313
 0 136.3636363636363
 60 141.4141414141414
 103 146.4646464646464
 428 151.5151515151515
 256 156.5656565656566
 2 161.6161616161616
 2 166.6666666666667
 71 171.7171717171717
 48 176.7676767676768
 1 181.8181818181818
 0 186.8686868686869
 201 191.9191919191919
 275 196.969696969697
 47 202.020202020202
 90 207.070707070707
 176 212.1212121212121
 48 217.1717171717171
 109 222.2222222222222
 238 227.2727272727273
 124 232.3232323232323
 1 237.3737373737374
 19 242.4242424242424
 153 247.4747474747475
 20 252.5252525252525
 109 257.5757575757576
 116 262.6262626262626
 30 267.6767676767677
 278 272.7272727272727
 139 277.7777777777778
 450 282.8282828282828
 210 287.8787878787879
 0 292.9292929292929
 1 297.979797979798
 2 303.030303030303
 219 308.0808080808081
 29 313.1313131313131
 35 318.1818181818182
 34 323.2323232323232
 33 328.2828282828282
 166 333.3333333333333
 58 338.3838383838383
 28 343.4343434343434
 188 348.4848484848484
 103 353.5353535353535
 40 358.5858585858585
 0 363.6363636363636
 48 368.6868686868686
 38 373.7373737373737
 27 378.7878787878788
 0 383.8383838383838
 2 388.8888888888889
 323 393.9393939393939
 55 398.989898989899
 63 404.040404040404
 208 409.0909090909091
 137 414.1414141414141
 547 419.1919191919192
 21 424.2424242424242
 213 429.2929292929293
 204 434.3434343434343
 5 439.3939393939394
 58 444.4444444444444
 76 449.4949494949495
 61 454.5454545454545
 1 459.5959595959596
 1 464.6464646464646
 1 469.6969696969697
 0 474.7474747474747
 0 479.7979797979798
 13 484.8484848484848
 20 489.8989898989898
 86 494.9494949494949
 0 500


