# Created by Octave 3.8.2, Mon Jun 22 06:40:11 2020 CEST <damian@fptrucha.inv.usc.es>
# name: hd
# type: matrix
# rows: 100
# columns: 2
 0 0
 2 5.05050505050505
 2 10.1010101010101
 176 15.15151515151515
 4 20.2020202020202
 0 25.25252525252525
 107 30.3030303030303
 353 35.35353535353535
 359 40.4040404040404
 163 45.45454545454545
 76 50.50505050505051
 44 55.55555555555555
 2 60.6060606060606
 168 65.65656565656565
 135 70.7070707070707
 373 75.75757575757575
 0 80.8080808080808
 1 85.85858585858585
 37 90.90909090909091
 0 95.95959595959596
 2 101.010101010101
 123 106.060606060606
 95 111.1111111111111
 250 116.1616161616162
 125 121.2121212121212
 49 126.2626262626263
 1 131.3131313131313
 0 136.3636363636363
 37 141.4141414141414
 50 146.4646464646464
 264 151.5151515151515
 135 156.5656565656566
 0 161.6161616161616
 0 166.6666666666667
 57 171.7171717171717
 25 176.7676767676768
 1 181.8181818181818
 0 186.8686868686869
 97 191.9191919191919
 160 196.969696969697
 45 202.020202020202
 58 207.070707070707
 122 212.1212121212121
 34 217.1717171717171
 62 222.2222222222222
 175 227.2727272727273
 95 232.3232323232323
 1 237.3737373737374
 22 242.4242424242424
 79 247.4747474747475
 24 252.5252525252525
 60 257.5757575757576
 71 262.6262626262626
 29 267.6767676767677
 148 272.7272727272727
 83 277.7777777777778
 289 282.8282828282828
 128 287.8787878787879
 1 292.9292929292929
 0 297.979797979798
 0 303.030303030303
 125 308.0808080808081
 17 313.1313131313131
 25 318.1818181818182
 18 323.2323232323232
 25 328.2828282828282
 109 333.3333333333333
 50 338.3838383838383
 14 343.4343434343434
 119 348.4848484848484
 63 353.5353535353535
 20 358.5858585858585
 3 363.6363636363636
 26 368.6868686868686
 17 373.7373737373737
 17 378.7878787878788
 1 383.8383838383838
 1 388.8888888888889
 190 393.9393939393939
 31 398.989898989899
 26 404.040404040404
 107 409.0909090909091
 88 414.1414141414141
 334 419.1919191919192
 14 424.2424242424242
 171 429.2929292929293
 109 434.3434343434343
 2 439.3939393939394
 36 444.4444444444444
 69 449.4949494949495
 36 454.5454545454545
 1 459.5959595959596
 0 464.6464646464646
 0 469.6969696969697
 1 474.7474747474747
 0 479.7979797979798
 15 484.8484848484848
 14 489.8989898989898
 57 494.9494949494949
 0 500


