# Created by Octave 3.8.2, Mon Jun 22 01:03:04 2020 CEST <damian@fptrucha.inv.usc.es>
# name: hd
# type: matrix
# rows: 100
# columns: 2
 0 0
 1 5.05050505050505
 1 10.1010101010101
 284 15.15151515151515
 0 20.2020202020202
 0 25.25252525252525
 154 30.3030303030303
 493 35.35353535353535
 597 40.4040404040404
 314 45.45454545454545
 137 50.50505050505051
 65 55.55555555555555
 0 60.6060606060606
 312 65.65656565656565
 242 70.7070707070707
 622 75.75757575757575
 0 80.8080808080808
 0 85.85858585858585
 77 90.90909090909091
 1 95.95959595959596
 3 101.010101010101
 189 106.060606060606
 186 111.1111111111111
 408 116.1616161616162
 203 121.2121212121212
 79 126.2626262626263
 0 131.3131313131313
 1 136.3636363636363
 62 141.4141414141414
 86 146.4646464646464
 432 151.5151515151515
 255 156.5656565656566
 4 161.6161616161616
 1 166.6666666666667
 80 171.7171717171717
 25 176.7676767676768
 1 181.8181818181818
 0 186.8686868686869
 178 191.9191919191919
 264 196.969696969697
 42 202.020202020202
 96 207.070707070707
 205 212.1212121212121
 75 217.1717171717171
 90 222.2222222222222
 205 227.2727272727273
 149 232.3232323232323
 0 237.3737373737374
 23 242.4242424242424
 149 247.4747474747475
 19 252.5252525252525
 103 257.5757575757576
 149 262.6262626262626
 42 267.6767676767677
 250 272.7272727272727
 136 277.7777777777778
 460 282.8282828282828
 204 287.8787878787879
 0 292.9292929292929
 1 297.979797979798
 0 303.030303030303
 205 308.0808080808081
 27 313.1313131313131
 39 318.1818181818182
 51 323.2323232323232
 31 328.2828282828282
 165 333.3333333333333
 64 338.3838383838383
 17 343.4343434343434
 164 348.4848484848484
 120 353.5353535353535
 36 358.5858585858585
 3 363.6363636363636
 32 368.6868686868686
 27 373.7373737373737
 32 378.7878787878788
 0 383.8383838383838
 0 388.8888888888889
 332 393.9393939393939
 52 398.989898989899
 81 404.040404040404
 195 409.0909090909091
 151 414.1414141414141
 575 419.1919191919192
 24 424.2424242424242
 217 429.2929292929293
 197 434.3434343434343
 5 439.3939393939394
 50 444.4444444444444
 83 449.4949494949495
 74 454.5454545454545
 1 459.5959595959596
 0 464.6464646464646
 1 469.6969696969697
 0 474.7474747474747
 2 479.7979797979798
 21 484.8484848484848
 18 489.8989898989898
 68 494.9494949494949
 0 500


