# Created by Octave 3.8.2, Mon Jun 22 15:24:45 2020 CEST <damian@fptrucha.inv.usc.es>
# name: hd
# type: matrix
# rows: 100
# columns: 2
 1 0
 1 5.05050505050505
 1 10.1010101010101
 294 15.15151515151515
 4 20.2020202020202
 0 25.25252525252525
 158 30.3030303030303
 572 35.35353535353535
 600 40.4040404040404
 336 45.45454545454545
 130 50.50505050505051
 78 55.55555555555555
 1 60.6060606060606
 264 65.65656565656565
 212 70.7070707070707
 516 75.75757575757575
 1 80.8080808080808
 1 85.85858585858585
 74 90.90909090909091
 5 95.95959595959596
 4 101.010101010101
 172 106.060606060606
 167 111.1111111111111
 392 116.1616161616162
 195 121.2121212121212
 104 126.2626262626263
 2 131.3131313131313
 4 136.3636363636363
 69 141.4141414141414
 89 146.4646464646464
 442 151.5151515151515
 270 156.5656565656566
 0 161.6161616161616
 2 166.6666666666667
 75 171.7171717171717
 33 176.7676767676768
 1 181.8181818181818
 1 186.8686868686869
 166 191.9191919191919
 253 196.969696969697
 44 202.020202020202
 116 207.070707070707
 188 212.1212121212121
 65 217.1717171717171
 115 222.2222222222222
 221 227.2727272727273
 148 232.3232323232323
 2 237.3737373737374
 31 242.4242424242424
 168 247.4747474747475
 27 252.5252525252525
 138 257.5757575757576
 136 262.6262626262626
 37 267.6767676767677
 256 272.7272727272727
 149 277.7777777777778
 475 282.8282828282828
 214 287.8787878787879
 2 292.9292929292929
 1 297.979797979798
 1 303.030303030303
 239 308.0808080808081
 30 313.1313131313131
 53 318.1818181818182
 38 323.2323232323232
 38 328.2828282828282
 166 333.3333333333333
 81 338.3838383838383
 20 343.4343434343434
 201 348.4848484848484
 87 353.5353535353535
 23 358.5858585858585
 3 363.6363636363636
 49 368.6868686868686
 47 373.7373737373737
 40 378.7878787878788
 2 383.8383838383838
 1 388.8888888888889
 306 393.9393939393939
 60 398.989898989899
 62 404.040404040404
 178 409.0909090909091
 136 414.1414141414141
 548 419.1919191919192
 24 424.2424242424242
 218 429.2929292929293
 202 434.3434343434343
 4 439.3939393939394
 44 444.4444444444444
 69 449.4949494949495
 65 454.5454545454545
 1 459.5959595959596
 3 464.6464646464646
 2 469.6969696969697
 0 474.7474747474747
 2 479.7979797979798
 31 484.8484848484848
 15 489.8989898989898
 71 494.9494949494949
 0 500


