# Created by Octave 3.8.2, Sat Jun 20 02:24:10 2020 CEST <damian@fptrucha.inv.usc.es>
# name: hd
# type: matrix
# rows: 100
# columns: 2
 0 0
 2 5.05050505050505
 1 10.1010101010101
 293 15.15151515151515
 0 20.2020202020202
 0 25.25252525252525
 170 30.3030303030303
 592 35.35353535353535
 673 40.4040404040404
 339 45.45454545454545
 131 50.50505050505051
 63 55.55555555555555
 0 60.6060606060606
 307 65.65656565656565
 220 70.7070707070707
 616 75.75757575757575
 0 80.8080808080808
 1 85.85858585858585
 66 90.90909090909091
 0 95.95959595959596
 5 101.010101010101
 208 106.060606060606
 220 111.1111111111111
 464 116.1616161616162
 218 121.2121212121212
 98 126.2626262626263
 0 131.3131313131313
 0 136.3636363636363
 75 141.4141414141414
 89 146.4646464646464
 487 151.5151515151515
 319 156.5656565656566
 1 161.6161616161616
 1 166.6666666666667
 81 171.7171717171717
 29 176.7676767676768
 1 181.8181818181818
 0 186.8686868686869
 199 191.9191919191919
 269 196.969696969697
 51 202.020202020202
 101 207.070707070707
 193 212.1212121212121
 77 217.1717171717171
 92 222.2222222222222
 263 227.2727272727273
 156 232.3232323232323
 0 237.3737373737374
 14 242.4242424242424
 149 247.4747474747475
 29 252.5252525252525
 139 257.5757575757576
 143 262.6262626262626
 38 267.6767676767677
 289 272.7272727272727
 158 277.7777777777778
 516 282.8282828282828
 223 287.8787878787879
 4 292.9292929292929
 0 297.979797979798
 1 303.030303030303
 203 308.0808080808081
 21 313.1313131313131
 55 318.1818181818182
 41 323.2323232323232
 44 328.2828282828282
 189 333.3333333333333
 81 338.3838383838383
 9 343.4343434343434
 187 348.4848484848484
 119 353.5353535353535
 30 358.5858585858585
 1 363.6363636363636
 53 368.6868686868686
 45 373.7373737373737
 37 378.7878787878788
 0 383.8383838383838
 0 388.8888888888889
 352 393.9393939393939
 70 398.989898989899
 81 404.040404040404
 225 409.0909090909091
 150 414.1414141414141
 618 419.1919191919192
 21 424.2424242424242
 230 429.2929292929293
 208 434.3434343434343
 3 439.3939393939394
 58 444.4444444444444
 85 449.4949494949495
 54 454.5454545454545
 0 459.5959595959596
 1 464.6464646464646
 0 469.6969696969697
 0 474.7474747474747
 0 479.7979797979798
 17 484.8484848484848
 22 489.8989898989898
 63 494.9494949494949
 0 500


