# Created by Octave 3.8.2, Sat Jun 20 17:22:59 2020 CEST <damian@fptrucha.inv.usc.es>
# name: hd
# type: matrix
# rows: 100
# columns: 2
 3 0
 3 5.05050505050505
 1 10.1010101010101
 290 15.15151515151515
 1 20.2020202020202
 0 25.25252525252525
 146 30.3030303030303
 541 35.35353535353535
 614 40.4040404040404
 277 45.45454545454545
 120 50.50505050505051
 76 55.55555555555555
 0 60.6060606060606
 298 65.65656565656565
 179 70.7070707070707
 581 75.75757575757575
 0 80.8080808080808
 0 85.85858585858585
 74 90.90909090909091
 1 95.95959595959596
 2 101.010101010101
 195 106.060606060606
 161 111.1111111111111
 390 116.1616161616162
 215 121.2121212121212
 80 126.2626262626263
 1 131.3131313131313
 0 136.3636363636363
 66 141.4141414141414
 94 146.4646464646464
 448 151.5151515151515
 282 156.5656565656566
 0 161.6161616161616
 2 166.6666666666667
 75 171.7171717171717
 35 176.7676767676768
 0 181.8181818181818
 0 186.8686868686869
 180 191.9191919191919
 259 196.969696969697
 49 202.020202020202
 86 207.070707070707
 179 212.1212121212121
 71 217.1717171717171
 112 222.2222222222222
 221 227.2727272727273
 159 232.3232323232323
 0 237.3737373737374
 22 242.4242424242424
 142 247.4747474747475
 17 252.5252525252525
 111 257.5757575757576
 137 262.6262626262626
 46 267.6767676767677
 260 272.7272727272727
 137 277.7777777777778
 460 282.8282828282828
 197 287.8787878787879
 0 292.9292929292929
 2 297.979797979798
 0 303.030303030303
 200 308.0808080808081
 34 313.1313131313131
 42 318.1818181818182
 40 323.2323232323232
 39 328.2828282828282
 179 333.3333333333333
 57 338.3838383838383
 14 343.4343434343434
 183 348.4848484848484
 106 353.5353535353535
 28 358.5858585858585
 1 363.6363636363636
 52 368.6868686868686
 51 373.7373737373737
 28 378.7878787878788
 0 383.8383838383838
 1 388.8888888888889
 297 393.9393939393939
 66 398.989898989899
 53 404.040404040404
 163 409.0909090909091
 149 414.1414141414141
 531 419.1919191919192
 16 424.2424242424242
 217 429.2929292929293
 185 434.3434343434343
 3 439.3939393939394
 55 444.4444444444444
 69 449.4949494949495
 58 454.5454545454545
 1 459.5959595959596
 2 464.6464646464646
 0 469.6969696969697
 1 474.7474747474747
 1 479.7979797979798
 15 484.8484848484848
 19 489.8989898989898
 72 494.9494949494949
 0 500


