# Created by Octave 3.8.2, Sun Jun 21 00:37:13 2020 CEST <damian@fptrucha.inv.usc.es>
# name: hd
# type: matrix
# rows: 100
# columns: 2
 3 0
 1 5.05050505050505
 2 10.1010101010101
 262 15.15151515151515
 3 20.2020202020202
 0 25.25252525252525
 157 30.3030303030303
 497 35.35353535353535
 595 40.4040404040404
 305 45.45454545454545
 127 50.50505050505051
 71 55.55555555555555
 3 60.6060606060606
 274 65.65656565656565
 233 70.7070707070707
 534 75.75757575757575
 1 80.8080808080808
 0 85.85858585858585
 55 90.90909090909091
 3 95.95959595959596
 0 101.010101010101
 168 106.060606060606
 165 111.1111111111111
 382 116.1616161616162
 220 121.2121212121212
 86 126.2626262626263
 1 131.3131313131313
 0 136.3636363636363
 80 141.4141414141414
 77 146.4646464646464
 394 151.5151515151515
 268 156.5656565656566
 4 161.6161616161616
 0 166.6666666666667
 63 171.7171717171717
 34 176.7676767676768
 1 181.8181818181818
 1 186.8686868686869
 176 191.9191919191919
 219 196.969696969697
 46 202.020202020202
 73 207.070707070707
 194 212.1212121212121
 63 217.1717171717171
 85 222.2222222222222
 211 227.2727272727273
 121 232.3232323232323
 1 237.3737373737374
 26 242.4242424242424
 125 247.4747474747475
 21 252.5252525252525
 94 257.5757575757576
 117 262.6262626262626
 40 267.6767676767677
 271 272.7272727272727
 148 277.7777777777778
 428 282.8282828282828
 191 287.8787878787879
 1 292.9292929292929
 1 297.979797979798
 0 303.030303030303
 197 308.0808080808081
 23 313.1313131313131
 49 318.1818181818182
 20 323.2323232323232
 36 328.2828282828282
 163 333.3333333333333
 64 338.3838383838383
 20 343.4343434343434
 186 348.4848484848484
 100 353.5353535353535
 28 358.5858585858585
 0 363.6363636363636
 42 368.6868686868686
 37 373.7373737373737
 31 378.7878787878788
 1 383.8383838383838
 1 388.8888888888889
 325 393.9393939393939
 54 398.989898989899
 63 404.040404040404
 173 409.0909090909091
 145 414.1414141414141
 526 419.1919191919192
 22 424.2424242424242
 251 429.2929292929293
 179 434.3434343434343
 5 439.3939393939394
 48 444.4444444444444
 81 449.4949494949495
 56 454.5454545454545
 1 459.5959595959596
 1 464.6464646464646
 0 469.6969696969697
 0 474.7474747474747
 2 479.7979797979798
 17 484.8484848484848
 29 489.8989898989898
 77 494.9494949494949
 0 500


