# Created by Octave 3.8.2, Sat Jun 20 12:33:55 2020 CEST <damian@fptrucha.inv.usc.es>
# name: hd
# type: matrix
# rows: 100
# columns: 2
 3 0
 1 5.05050505050505
 0 10.1010101010101
 327 15.15151515151515
 0 20.2020202020202
 0 25.25252525252525
 148 30.3030303030303
 581 35.35353535353535
 612 40.4040404040404
 295 45.45454545454545
 148 50.50505050505051
 65 55.55555555555555
 2 60.6060606060606
 284 65.65656565656565
 230 70.7070707070707
 603 75.75757575757575
 1 80.8080808080808
 1 85.85858585858585
 60 90.90909090909091
 2 95.95959595959596
 3 101.010101010101
 185 106.060606060606
 200 111.1111111111111
 429 116.1616161616162
 207 121.2121212121212
 100 126.2626262626263
 0 131.3131313131313
 1 136.3636363636363
 67 141.4141414141414
 95 146.4646464646464
 467 151.5151515151515
 288 156.5656565656566
 0 161.6161616161616
 1 166.6666666666667
 63 171.7171717171717
 44 176.7676767676768
 2 181.8181818181818
 2 186.8686868686869
 222 191.9191919191919
 301 196.969696969697
 58 202.020202020202
 91 207.070707070707
 203 212.1212121212121
 62 217.1717171717171
 123 222.2222222222222
 237 227.2727272727273
 158 232.3232323232323
 3 237.3737373737374
 26 242.4242424242424
 159 247.4747474747475
 18 252.5252525252525
 112 257.5757575757576
 140 262.6262626262626
 41 267.6767676767677
 275 272.7272727272727
 176 277.7777777777778
 514 282.8282828282828
 241 287.8787878787879
 1 292.9292929292929
 1 297.979797979798
 0 303.030303030303
 230 308.0808080808081
 30 313.1313131313131
 45 318.1818181818182
 33 323.2323232323232
 47 328.2828282828282
 176 333.3333333333333
 73 338.3838383838383
 14 343.4343434343434
 202 348.4848484848484
 98 353.5353535353535
 32 358.5858585858585
 4 363.6363636363636
 50 368.6868686868686
 41 373.7373737373737
 25 378.7878787878788
 0 383.8383838383838
 0 388.8888888888889
 352 393.9393939393939
 74 398.989898989899
 77 404.040404040404
 192 409.0909090909091
 152 414.1414141414141
 594 419.1919191919192
 23 424.2424242424242
 254 429.2929292929293
 182 434.3434343434343
 3 439.3939393939394
 75 444.4444444444444
 105 449.4949494949495
 53 454.5454545454545
 2 459.5959595959596
 2 464.6464646464646
 0 469.6969696969697
 1 474.7474747474747
 0 479.7979797979798
 27 484.8484848484848
 22 489.8989898989898
 71 494.9494949494949
 0 500


