# Created by Octave 3.8.2, Sat Jun 20 13:34:48 2020 CEST <damian@fptrucha.inv.usc.es>
# name: hd
# type: matrix
# rows: 100
# columns: 2
 1 0
 4 5.05050505050505
 1 10.1010101010101
 289 15.15151515151515
 0 20.2020202020202
 0 25.25252525252525
 158 30.3030303030303
 565 35.35353535353535
 631 40.4040404040404
 342 45.45454545454545
 150 50.50505050505051
 77 55.55555555555555
 4 60.6060606060606
 300 65.65656565656565
 223 70.7070707070707
 600 75.75757575757575
 1 80.8080808080808
 0 85.85858585858585
 58 90.90909090909091
 1 95.95959595959596
 5 101.010101010101
 176 106.060606060606
 186 111.1111111111111
 388 116.1616161616162
 209 121.2121212121212
 121 126.2626262626263
 1 131.3131313131313
 0 136.3636363636363
 61 141.4141414141414
 85 146.4646464646464
 462 151.5151515151515
 269 156.5656565656566
 2 161.6161616161616
 0 166.6666666666667
 59 171.7171717171717
 31 176.7676767676768
 1 181.8181818181818
 1 186.8686868686869
 219 191.9191919191919
 252 196.969696969697
 52 202.020202020202
 97 207.070707070707
 210 212.1212121212121
 69 217.1717171717171
 93 222.2222222222222
 245 227.2727272727273
 149 232.3232323232323
 0 237.3737373737374
 27 242.4242424242424
 128 247.4747474747475
 27 252.5252525252525
 141 257.5757575757576
 153 262.6262626262626
 45 267.6767676767677
 291 272.7272727272727
 167 277.7777777777778
 478 282.8282828282828
 235 287.8787878787879
 2 292.9292929292929
 1 297.979797979798
 0 303.030303030303
 210 308.0808080808081
 25 313.1313131313131
 40 318.1818181818182
 30 323.2323232323232
 42 328.2828282828282
 175 333.3333333333333
 75 338.3838383838383
 20 343.4343434343434
 197 348.4848484848484
 121 353.5353535353535
 23 358.5858585858585
 2 363.6363636363636
 48 368.6868686868686
 32 373.7373737373737
 32 378.7878787878788
 2 383.8383838383838
 1 388.8888888888889
 344 393.9393939393939
 53 398.989898989899
 78 404.040404040404
 193 409.0909090909091
 154 414.1414141414141
 573 419.1919191919192
 25 424.2424242424242
 252 429.2929292929293
 202 434.3434343434343
 3 439.3939393939394
 59 444.4444444444444
 93 449.4949494949495
 70 454.5454545454545
 1 459.5959595959596
 0 464.6464646464646
 0 469.6969696969697
 0 474.7474747474747
 2 479.7979797979798
 20 484.8484848484848
 21 489.8989898989898
 69 494.9494949494949
 0 500


