# Created by Octave 3.8.2, Sat Jun 20 03:02:06 2020 CEST <damian@fptrucha.inv.usc.es>
# name: hd
# type: matrix
# rows: 100
# columns: 2
 2 0
 1 5.05050505050505
 0 10.1010101010101
 273 15.15151515151515
 3 20.2020202020202
 1 25.25252525252525
 157 30.3030303030303
 586 35.35353535353535
 639 40.4040404040404
 350 45.45454545454545
 136 50.50505050505051
 87 55.55555555555555
 1 60.6060606060606
 280 65.65656565656565
 249 70.7070707070707
 562 75.75757575757575
 0 80.8080808080808
 2 85.85858585858585
 86 90.90909090909091
 4 95.95959595959596
 3 101.010101010101
 226 106.060606060606
 172 111.1111111111111
 383 116.1616161616162
 217 121.2121212121212
 95 126.2626262626263
 0 131.3131313131313
 1 136.3636363636363
 66 141.4141414141414
 100 146.4646464646464
 482 151.5151515151515
 282 156.5656565656566
 1 161.6161616161616
 0 166.6666666666667
 73 171.7171717171717
 43 176.7676767676768
 3 181.8181818181818
 0 186.8686868686869
 244 191.9191919191919
 308 196.969696969697
 46 202.020202020202
 91 207.070707070707
 197 212.1212121212121
 73 217.1717171717171
 106 222.2222222222222
 223 227.2727272727273
 148 232.3232323232323
 0 237.3737373737374
 17 242.4242424242424
 142 247.4747474747475
 14 252.5252525252525
 126 257.5757575757576
 140 262.6262626262626
 36 267.6767676767677
 272 272.7272727272727
 140 277.7777777777778
 508 282.8282828282828
 201 287.8787878787879
 1 292.9292929292929
 1 297.979797979798
 0 303.030303030303
 200 308.0808080808081
 27 313.1313131313131
 40 318.1818181818182
 40 323.2323232323232
 39 328.2828282828282
 190 333.3333333333333
 74 338.3838383838383
 18 343.4343434343434
 188 348.4848484848484
 102 353.5353535353535
 29 358.5858585858585
 1 363.6363636363636
 50 368.6868686868686
 42 373.7373737373737
 46 378.7878787878788
 0 383.8383838383838
 0 388.8888888888889
 349 393.9393939393939
 60 398.989898989899
 47 404.040404040404
 170 409.0909090909091
 147 414.1414141414141
 585 419.1919191919192
 19 424.2424242424242
 255 429.2929292929293
 199 434.3434343434343
 7 439.3939393939394
 65 444.4444444444444
 87 449.4949494949495
 46 454.5454545454545
 1 459.5959595959596
 2 464.6464646464646
 2 469.6969696969697
 0 474.7474747474747
 1 479.7979797979798
 23 484.8484848484848
 21 489.8989898989898
 91 494.9494949494949
 0 500


