# Created by Octave 3.8.2, Mon Jun 22 14:52:22 2020 CEST <damian@fptrucha.inv.usc.es>
# name: hd
# type: matrix
# rows: 100
# columns: 2
 6 0
 3 5.05050505050505
 2 10.1010101010101
 314 15.15151515151515
 6 20.2020202020202
 1 25.25252525252525
 158 30.3030303030303
 535 35.35353535353535
 607 40.4040404040404
 347 45.45454545454545
 138 50.50505050505051
 76 55.55555555555555
 1 60.6060606060606
 270 65.65656565656565
 205 70.7070707070707
 560 75.75757575757575
 0 80.8080808080808
 1 85.85858585858585
 64 90.90909090909091
 6 95.95959595959596
 4 101.010101010101
 209 106.060606060606
 202 111.1111111111111
 407 116.1616161616162
 186 121.2121212121212
 97 126.2626262626263
 0 131.3131313131313
 3 136.3636363636363
 76 141.4141414141414
 87 146.4646464646464
 406 151.5151515151515
 230 156.5656565656566
 2 161.6161616161616
 0 166.6666666666667
 74 171.7171717171717
 32 176.7676767676768
 0 181.8181818181818
 1 186.8686868686869
 168 191.9191919191919
 280 196.969696969697
 43 202.020202020202
 94 207.070707070707
 182 212.1212121212121
 55 217.1717171717171
 96 222.2222222222222
 234 227.2727272727273
 133 232.3232323232323
 5 237.3737373737374
 29 242.4242424242424
 112 247.4747474747475
 19 252.5252525252525
 102 257.5757575757576
 136 262.6262626262626
 41 267.6767676767677
 265 272.7272727272727
 131 277.7777777777778
 442 282.8282828282828
 203 287.8787878787879
 0 292.9292929292929
 0 297.979797979798
 0 303.030303030303
 199 308.0808080808081
 27 313.1313131313131
 49 318.1818181818182
 38 323.2323232323232
 32 328.2828282828282
 176 333.3333333333333
 74 338.3838383838383
 24 343.4343434343434
 185 348.4848484848484
 85 353.5353535353535
 35 358.5858585858585
 1 363.6363636363636
 33 368.6868686868686
 32 373.7373737373737
 28 378.7878787878788
 0 383.8383838383838
 0 388.8888888888889
 352 393.9393939393939
 63 398.989898989899
 67 404.040404040404
 183 409.0909090909091
 137 414.1414141414141
 558 419.1919191919192
 17 424.2424242424242
 228 429.2929292929293
 198 434.3434343434343
 4 439.3939393939394
 56 444.4444444444444
 82 449.4949494949495
 72 454.5454545454545
 2 459.5959595959596
 2 464.6464646464646
 2 469.6969696969697
 2 474.7474747474747
 1 479.7979797979798
 20 484.8484848484848
 20 489.8989898989898
 75 494.9494949494949
 0 500


