# Created by Octave 3.8.2, Sat Jun 20 20:39:30 2020 CEST <damian@fptrucha.inv.usc.es>
# name: hd
# type: matrix
# rows: 100
# columns: 2
 1 0
 1 5.05050505050505
 0 10.1010101010101
 253 15.15151515151515
 1 20.2020202020202
 0 25.25252525252525
 172 30.3030303030303
 512 35.35353535353535
 615 40.4040404040404
 329 45.45454545454545
 143 50.50505050505051
 73 55.55555555555555
 0 60.6060606060606
 245 65.65656565656565
 200 70.7070707070707
 552 75.75757575757575
 1 80.8080808080808
 0 85.85858585858585
 71 90.90909090909091
 2 95.95959595959596
 3 101.010101010101
 183 106.060606060606
 184 111.1111111111111
 380 116.1616161616162
 208 121.2121212121212
 77 126.2626262626263
 0 131.3131313131313
 0 136.3636363636363
 59 141.4141414141414
 73 146.4646464646464
 472 151.5151515151515
 271 156.5656565656566
 3 161.6161616161616
 0 166.6666666666667
 77 171.7171717171717
 36 176.7676767676768
 0 181.8181818181818
 0 186.8686868686869
 182 191.9191919191919
 252 196.969696969697
 45 202.020202020202
 85 207.070707070707
 191 212.1212121212121
 60 217.1717171717171
 107 222.2222222222222
 225 227.2727272727273
 142 232.3232323232323
 1 237.3737373737374
 22 242.4242424242424
 139 247.4747474747475
 27 252.5252525252525
 107 257.5757575757576
 128 262.6262626262626
 40 267.6767676767677
 253 272.7272727272727
 142 277.7777777777778
 437 282.8282828282828
 188 287.8787878787879
 1 292.9292929292929
 0 297.979797979798
 1 303.030303030303
 213 308.0808080808081
 24 313.1313131313131
 41 318.1818181818182
 14 323.2323232323232
 39 328.2828282828282
 164 333.3333333333333
 70 338.3838383838383
 17 343.4343434343434
 195 348.4848484848484
 82 353.5353535353535
 39 358.5858585858585
 1 363.6363636363636
 59 368.6868686868686
 32 373.7373737373737
 30 378.7878787878788
 1 383.8383838383838
 0 388.8888888888889
 324 393.9393939393939
 47 398.989898989899
 62 404.040404040404
 180 409.0909090909091
 116 414.1414141414141
 537 419.1919191919192
 22 424.2424242424242
 232 429.2929292929293
 178 434.3434343434343
 7 439.3939393939394
 60 444.4444444444444
 73 449.4949494949495
 57 454.5454545454545
 2 459.5959595959596
 2 464.6464646464646
 0 469.6969696969697
 1 474.7474747474747
 1 479.7979797979798
 17 484.8484848484848
 23 489.8989898989898
 76 494.9494949494949
 0 500


