# Created by Octave 3.8.2, Sat Jun 20 14:01:53 2020 CEST <damian@fptrucha.inv.usc.es>
# name: hd
# type: matrix
# rows: 100
# columns: 2
 2 0
 1 5.05050505050505
 2 10.1010101010101
 320 15.15151515151515
 1 20.2020202020202
 0 25.25252525252525
 156 30.3030303030303
 530 35.35353535353535
 690 40.4040404040404
 316 45.45454545454545
 137 50.50505050505051
 74 55.55555555555555
 0 60.6060606060606
 292 65.65656565656565
 228 70.7070707070707
 576 75.75757575757575
 0 80.8080808080808
 1 85.85858585858585
 72 90.90909090909091
 4 95.95959595959596
 4 101.010101010101
 163 106.060606060606
 171 111.1111111111111
 404 116.1616161616162
 224 121.2121212121212
 88 126.2626262626263
 0 131.3131313131313
 0 136.3636363636363
 65 141.4141414141414
 112 146.4646464646464
 486 151.5151515151515
 278 156.5656565656566
 2 161.6161616161616
 0 166.6666666666667
 69 171.7171717171717
 32 176.7676767676768
 1 181.8181818181818
 1 186.8686868686869
 198 191.9191919191919
 249 196.969696969697
 51 202.020202020202
 107 207.070707070707
 209 212.1212121212121
 87 217.1717171717171
 109 222.2222222222222
 233 227.2727272727273
 140 232.3232323232323
 0 237.3737373737374
 17 242.4242424242424
 134 247.4747474747475
 21 252.5252525252525
 131 257.5757575757576
 141 262.6262626262626
 35 267.6767676767677
 275 272.7272727272727
 125 277.7777777777778
 503 282.8282828282828
 225 287.8787878787879
 0 292.9292929292929
 2 297.979797979798
 0 303.030303030303
 190 308.0808080808081
 25 313.1313131313131
 37 318.1818181818182
 33 323.2323232323232
 53 328.2828282828282
 179 333.3333333333333
 76 338.3838383838383
 20 343.4343434343434
 192 348.4848484848484
 93 353.5353535353535
 36 358.5858585858585
 1 363.6363636363636
 57 368.6868686868686
 41 373.7373737373737
 33 378.7878787878788
 0 383.8383838383838
 0 388.8888888888889
 332 393.9393939393939
 58 398.989898989899
 78 404.040404040404
 171 409.0909090909091
 148 414.1414141414141
 587 419.1919191919192
 18 424.2424242424242
 240 429.2929292929293
 180 434.3434343434343
 3 439.3939393939394
 60 444.4444444444444
 93 449.4949494949495
 66 454.5454545454545
 0 459.5959595959596
 0 464.6464646464646
 3 469.6969696969697
 1 474.7474747474747
 2 479.7979797979798
 18 484.8484848484848
 11 489.8989898989898
 69 494.9494949494949
 0 500


