# Created by Octave 3.8.2, Sat Jun 20 07:57:41 2020 CEST <damian@fptrucha.inv.usc.es>
# name: hd
# type: matrix
# rows: 100
# columns: 2
 1 0
 3 5.05050505050505
 2 10.1010101010101
 314 15.15151515151515
 0 20.2020202020202
 1 25.25252525252525
 165 30.3030303030303
 583 35.35353535353535
 667 40.4040404040404
 314 45.45454545454545
 147 50.50505050505051
 65 55.55555555555555
 2 60.6060606060606
 301 65.65656565656565
 247 70.7070707070707
 619 75.75757575757575
 1 80.8080808080808
 1 85.85858585858585
 60 90.90909090909091
 6 95.95959595959596
 1 101.010101010101
 217 106.060606060606
 204 111.1111111111111
 441 116.1616161616162
 271 121.2121212121212
 108 126.2626262626263
 0 131.3131313131313
 4 136.3636363636363
 78 141.4141414141414
 85 146.4646464646464
 528 151.5151515151515
 306 156.5656565656566
 2 161.6161616161616
 0 166.6666666666667
 77 171.7171717171717
 34 176.7676767676768
 1 181.8181818181818
 1 186.8686868686869
 212 191.9191919191919
 299 196.969696969697
 46 202.020202020202
 124 207.070707070707
 185 212.1212121212121
 78 217.1717171717171
 110 222.2222222222222
 260 227.2727272727273
 168 232.3232323232323
 0 237.3737373737374
 21 242.4242424242424
 154 247.4747474747475
 36 252.5252525252525
 124 257.5757575757576
 131 262.6262626262626
 42 267.6767676767677
 276 272.7272727272727
 178 277.7777777777778
 529 282.8282828282828
 217 287.8787878787879
 1 292.9292929292929
 0 297.979797979798
 0 303.030303030303
 233 308.0808080808081
 29 313.1313131313131
 50 318.1818181818182
 22 323.2323232323232
 48 328.2828282828282
 225 333.3333333333333
 83 338.3838383838383
 20 343.4343434343434
 198 348.4848484848484
 100 353.5353535353535
 21 358.5858585858585
 1 363.6363636363636
 63 368.6868686868686
 50 373.7373737373737
 38 378.7878787878788
 0 383.8383838383838
 0 388.8888888888889
 347 393.9393939393939
 66 398.989898989899
 78 404.040404040404
 191 409.0909090909091
 151 414.1414141414141
 613 419.1919191919192
 23 424.2424242424242
 301 429.2929292929293
 203 434.3434343434343
 2 439.3939393939394
 55 444.4444444444444
 99 449.4949494949495
 68 454.5454545454545
 1 459.5959595959596
 0 464.6464646464646
 0 469.6969696969697
 0 474.7474747474747
 0 479.7979797979798
 24 484.8484848484848
 20 489.8989898989898
 82 494.9494949494949
 0 500


