# Created by Octave 3.8.2, Tue Jun 23 00:21:58 2020 CEST <damian@fptrucha.inv.usc.es>
# name: hd
# type: matrix
# rows: 100
# columns: 2
 2 0
 6 5.05050505050505
 3 10.1010101010101
 302 15.15151515151515
 4 20.2020202020202
 0 25.25252525252525
 157 30.3030303030303
 555 35.35353535353535
 651 40.4040404040404
 366 45.45454545454545
 136 50.50505050505051
 77 55.55555555555555
 3 60.6060606060606
 286 65.65656565656565
 227 70.7070707070707
 648 75.75757575757575
 2 80.8080808080808
 0 85.85858585858585
 75 90.90909090909091
 5 95.95959595959596
 4 101.010101010101
 192 106.060606060606
 185 111.1111111111111
 452 116.1616161616162
 240 121.2121212121212
 76 126.2626262626263
 2 131.3131313131313
 0 136.3636363636363
 75 141.4141414141414
 100 146.4646464646464
 490 151.5151515151515
 307 156.5656565656566
 3 161.6161616161616
 0 166.6666666666667
 82 171.7171717171717
 30 176.7676767676768
 1 181.8181818181818
 1 186.8686868686869
 211 191.9191919191919
 287 196.969696969697
 63 202.020202020202
 91 207.070707070707
 188 212.1212121212121
 64 217.1717171717171
 105 222.2222222222222
 266 227.2727272727273
 154 232.3232323232323
 3 237.3737373737374
 26 242.4242424242424
 135 247.4747474747475
 25 252.5252525252525
 138 257.5757575757576
 152 262.6262626262626
 42 267.6767676767677
 286 272.7272727272727
 145 277.7777777777778
 495 282.8282828282828
 218 287.8787878787879
 1 292.9292929292929
 0 297.979797979798
 0 303.030303030303
 213 308.0808080808081
 28 313.1313131313131
 46 318.1818181818182
 34 323.2323232323232
 48 328.2828282828282
 192 333.3333333333333
 82 338.3838383838383
 17 343.4343434343434
 187 348.4848484848484
 101 353.5353535353535
 34 358.5858585858585
 2 363.6363636363636
 61 368.6868686868686
 36 373.7373737373737
 52 378.7878787878788
 0 383.8383838383838
 2 388.8888888888889
 309 393.9393939393939
 67 398.989898989899
 63 404.040404040404
 177 409.0909090909091
 165 414.1414141414141
 609 419.1919191919192
 19 424.2424242424242
 265 429.2929292929293
 202 434.3434343434343
 2 439.3939393939394
 56 444.4444444444444
 91 449.4949494949495
 56 454.5454545454545
 0 459.5959595959596
 0 464.6464646464646
 2 469.6969696969697
 0 474.7474747474747
 1 479.7979797979798
 22 484.8484848484848
 32 489.8989898989898
 79 494.9494949494949
 0 500


