# Created by Octave 3.8.2, Sun Jun 21 05:02:49 2020 CEST <damian@fptrucha.inv.usc.es>
# name: hd
# type: matrix
# rows: 100
# columns: 2
 2 0
 2 5.05050505050505
 2 10.1010101010101
 257 15.15151515151515
 3 20.2020202020202
 2 25.25252525252525
 151 30.3030303030303
 559 35.35353535353535
 559 40.4040404040404
 300 45.45454545454545
 127 50.50505050505051
 73 55.55555555555555
 2 60.6060606060606
 294 65.65656565656565
 213 70.7070707070707
 571 75.75757575757575
 1 80.8080808080808
 0 85.85858585858585
 74 90.90909090909091
 3 95.95959595959596
 3 101.010101010101
 180 106.060606060606
 178 111.1111111111111
 366 116.1616161616162
 200 121.2121212121212
 104 126.2626262626263
 0 131.3131313131313
 2 136.3636363636363
 86 141.4141414141414
 85 146.4646464646464
 399 151.5151515151515
 279 156.5656565656566
 3 161.6161616161616
 1 166.6666666666667
 77 171.7171717171717
 30 176.7676767676768
 0 181.8181818181818
 0 186.8686868686869
 179 191.9191919191919
 266 196.969696969697
 43 202.020202020202
 89 207.070707070707
 191 212.1212121212121
 59 217.1717171717171
 104 222.2222222222222
 209 227.2727272727273
 145 232.3232323232323
 1 237.3737373737374
 21 242.4242424242424
 132 247.4747474747475
 19 252.5252525252525
 119 257.5757575757576
 127 262.6262626262626
 29 267.6767676767677
 266 272.7272727272727
 150 277.7777777777778
 463 282.8282828282828
 197 287.8787878787879
 1 292.9292929292929
 1 297.979797979798
 0 303.030303030303
 197 308.0808080808081
 29 313.1313131313131
 44 318.1818181818182
 30 323.2323232323232
 41 328.2828282828282
 152 333.3333333333333
 90 338.3838383838383
 18 343.4343434343434
 191 348.4848484848484
 106 353.5353535353535
 36 358.5858585858585
 1 363.6363636363636
 33 368.6868686868686
 34 373.7373737373737
 43 378.7878787878788
 2 383.8383838383838
 1 388.8888888888889
 301 393.9393939393939
 37 398.989898989899
 77 404.040404040404
 157 409.0909090909091
 122 414.1414141414141
 524 419.1919191919192
 21 424.2424242424242
 242 429.2929292929293
 162 434.3434343434343
 5 439.3939393939394
 61 444.4444444444444
 87 449.4949494949495
 52 454.5454545454545
 0 459.5959595959596
 0 464.6464646464646
 1 469.6969696969697
 0 474.7474747474747
 2 479.7979797979798
 19 484.8484848484848
 23 489.8989898989898
 71 494.9494949494949
 0 500


