# Created by Octave 3.8.2, Mon Jun 22 06:12:52 2020 CEST <damian@fptrucha.inv.usc.es>
# name: hd
# type: matrix
# rows: 100
# columns: 2
 2 0
 4 5.05050505050505
 2 10.1010101010101
 244 15.15151515151515
 2 20.2020202020202
 2 25.25252525252525
 149 30.3030303030303
 507 35.35353535353535
 578 40.4040404040404
 322 45.45454545454545
 124 50.50505050505051
 74 55.55555555555555
 4 60.6060606060606
 274 65.65656565656565
 208 70.7070707070707
 496 75.75757575757575
 1 80.8080808080808
 1 85.85858585858585
 61 90.90909090909091
 2 95.95959595959596
 3 101.010101010101
 176 106.060606060606
 163 111.1111111111111
 399 116.1616161616162
 170 121.2121212121212
 101 126.2626262626263
 0 131.3131313131313
 4 136.3636363636363
 90 141.4141414141414
 95 146.4646464646464
 428 151.5151515151515
 243 156.5656565656566
 2 161.6161616161616
 1 166.6666666666667
 85 171.7171717171717
 27 176.7676767676768
 1 181.8181818181818
 2 186.8686868686869
 181 191.9191919191919
 240 196.969696969697
 53 202.020202020202
 90 207.070707070707
 165 212.1212121212121
 46 217.1717171717171
 103 222.2222222222222
 202 227.2727272727273
 110 232.3232323232323
 1 237.3737373737374
 26 242.4242424242424
 137 247.4747474747475
 25 252.5252525252525
 115 257.5757575757576
 105 262.6262626262626
 47 267.6767676767677
 246 272.7272727272727
 131 277.7777777777778
 422 282.8282828282828
 220 287.8787878787879
 2 292.9292929292929
 0 297.979797979798
 1 303.030303030303
 196 308.0808080808081
 32 313.1313131313131
 33 318.1818181818182
 23 323.2323232323232
 42 328.2828282828282
 171 333.3333333333333
 64 338.3838383838383
 22 343.4343434343434
 182 348.4848484848484
 88 353.5353535353535
 30 358.5858585858585
 3 363.6363636363636
 41 368.6868686868686
 38 373.7373737373737
 34 378.7878787878788
 3 383.8383838383838
 2 388.8888888888889
 298 393.9393939393939
 62 398.989898989899
 58 404.040404040404
 160 409.0909090909091
 136 414.1414141414141
 513 419.1919191919192
 18 424.2424242424242
 224 429.2929292929293
 168 434.3434343434343
 2 439.3939393939394
 53 444.4444444444444
 73 449.4949494949495
 47 454.5454545454545
 0 459.5959595959596
 2 464.6464646464646
 1 469.6969696969697
 4 474.7474747474747
 1 479.7979797979798
 27 484.8484848484848
 19 489.8989898989898
 80 494.9494949494949
 0 500


