# Created by Octave 3.8.2, Mon Jun 22 05:01:03 2020 CEST <damian@fptrucha.inv.usc.es>
# name: hd
# type: matrix
# rows: 100
# columns: 2
 5 0
 3 5.05050505050505
 2 10.1010101010101
 254 15.15151515151515
 1 20.2020202020202
 1 25.25252525252525
 143 30.3030303030303
 471 35.35353535353535
 491 40.4040404040404
 293 45.45454545454545
 101 50.50505050505051
 73 55.55555555555555
 4 60.6060606060606
 229 65.65656565656565
 179 70.7070707070707
 479 75.75757575757575
 0 80.8080808080808
 1 85.85858585858585
 51 90.90909090909091
 6 95.95959595959596
 3 101.010101010101
 151 106.060606060606
 154 111.1111111111111
 341 116.1616161616162
 186 121.2121212121212
 82 126.2626262626263
 0 131.3131313131313
 2 136.3636363636363
 55 141.4141414141414
 76 146.4646464646464
 345 151.5151515151515
 203 156.5656565656566
 1 161.6161616161616
 0 166.6666666666667
 61 171.7171717171717
 15 176.7676767676768
 4 181.8181818181818
 0 186.8686868686869
 162 191.9191919191919
 239 196.969696969697
 38 202.020202020202
 98 207.070707070707
 157 212.1212121212121
 54 217.1717171717171
 95 222.2222222222222
 212 227.2727272727273
 104 232.3232323232323
 0 237.3737373737374
 31 242.4242424242424
 131 247.4747474747475
 22 252.5252525252525
 83 257.5757575757576
 118 262.6262626262626
 34 267.6767676767677
 198 272.7272727272727
 142 277.7777777777778
 416 282.8282828282828
 172 287.8787878787879
 3 292.9292929292929
 0 297.979797979798
 0 303.030303030303
 202 308.0808080808081
 27 313.1313131313131
 42 318.1818181818182
 29 323.2323232323232
 48 328.2828282828282
 183 333.3333333333333
 66 338.3838383838383
 22 343.4343434343434
 168 348.4848484848484
 99 353.5353535353535
 26 358.5858585858585
 4 363.6363636363636
 58 368.6868686868686
 32 373.7373737373737
 31 378.7878787878788
 0 383.8383838383838
 0 388.8888888888889
 260 393.9393939393939
 64 398.989898989899
 62 404.040404040404
 148 409.0909090909091
 146 414.1414141414141
 522 419.1919191919192
 24 424.2424242424242
 221 429.2929292929293
 158 434.3434343434343
 8 439.3939393939394
 44 444.4444444444444
 62 449.4949494949495
 59 454.5454545454545
 0 459.5959595959596
 0 464.6464646464646
 0 469.6969696969697
 1 474.7474747474747
 3 479.7979797979798
 18 484.8484848484848
 19 489.8989898989898
 62 494.9494949494949
 0 500


