# Created by Octave 3.8.2, Sun Jun 21 05:17:29 2020 CEST <damian@fptrucha.inv.usc.es>
# name: hd
# type: matrix
# rows: 100
# columns: 2
 3 0
 3 5.05050505050505
 3 10.1010101010101
 278 15.15151515151515
 2 20.2020202020202
 1 25.25252525252525
 169 30.3030303030303
 494 35.35353535353535
 622 40.4040404040404
 307 45.45454545454545
 115 50.50505050505051
 75 55.55555555555555
 1 60.6060606060606
 276 65.65656565656565
 173 70.7070707070707
 546 75.75757575757575
 4 80.8080808080808
 2 85.85858585858585
 72 90.90909090909091
 4 95.95959595959596
 2 101.010101010101
 182 106.060606060606
 183 111.1111111111111
 362 116.1616161616162
 201 121.2121212121212
 81 126.2626262626263
 0 131.3131313131313
 2 136.3636363636363
 61 141.4141414141414
 80 146.4646464646464
 484 151.5151515151515
 266 156.5656565656566
 3 161.6161616161616
 1 166.6666666666667
 62 171.7171717171717
 39 176.7676767676768
 0 181.8181818181818
 0 186.8686868686869
 165 191.9191919191919
 271 196.969696969697
 42 202.020202020202
 110 207.070707070707
 205 212.1212121212121
 57 217.1717171717171
 118 222.2222222222222
 208 227.2727272727273
 134 232.3232323232323
 3 237.3737373737374
 20 242.4242424242424
 150 247.4747474747475
 17 252.5252525252525
 115 257.5757575757576
 148 262.6262626262626
 40 267.6767676767677
 281 272.7272727272727
 155 277.7777777777778
 488 282.8282828282828
 212 287.8787878787879
 0 292.9292929292929
 0 297.979797979798
 0 303.030303030303
 182 308.0808080808081
 30 313.1313131313131
 38 318.1818181818182
 33 323.2323232323232
 31 328.2828282828282
 155 333.3333333333333
 68 338.3838383838383
 19 343.4343434343434
 173 348.4848484848484
 97 353.5353535353535
 31 358.5858585858585
 1 363.6363636363636
 47 368.6868686868686
 32 373.7373737373737
 37 378.7878787878788
 1 383.8383838383838
 2 388.8888888888889
 290 393.9393939393939
 56 398.989898989899
 59 404.040404040404
 172 409.0909090909091
 135 414.1414141414141
 557 419.1919191919192
 12 424.2424242424242
 233 429.2929292929293
 169 434.3434343434343
 1 439.3939393939394
 41 444.4444444444444
 76 449.4949494949495
 58 454.5454545454545
 0 459.5959595959596
 1 464.6464646464646
 0 469.6969696969697
 1 474.7474747474747
 3 479.7979797979798
 17 484.8484848484848
 16 489.8989898989898
 75 494.9494949494949
 0 500


