# Created by Octave 3.8.2, Sat Jun 20 22:33:42 2020 CEST <damian@fptrucha.inv.usc.es>
# name: hd
# type: matrix
# rows: 100
# columns: 2
 0 0
 2 5.05050505050505
 0 10.1010101010101
 269 15.15151515151515
 4 20.2020202020202
 0 25.25252525252525
 153 30.3030303030303
 509 35.35353535353535
 583 40.4040404040404
 272 45.45454545454545
 131 50.50505050505051
 68 55.55555555555555
 6 60.6060606060606
 262 65.65656565656565
 196 70.7070707070707
 577 75.75757575757575
 0 80.8080808080808
 0 85.85858585858585
 51 90.90909090909091
 1 95.95959595959596
 1 101.010101010101
 176 106.060606060606
 156 111.1111111111111
 381 116.1616161616162
 191 121.2121212121212
 104 126.2626262626263
 0 131.3131313131313
 2 136.3636363636363
 58 141.4141414141414
 73 146.4646464646464
 480 151.5151515151515
 280 156.5656565656566
 2 161.6161616161616
 2 166.6666666666667
 70 171.7171717171717
 39 176.7676767676768
 1 181.8181818181818
 0 186.8686868686869
 193 191.9191919191919
 265 196.969696969697
 42 202.020202020202
 73 207.070707070707
 165 212.1212121212121
 46 217.1717171717171
 93 222.2222222222222
 234 227.2727272727273
 129 232.3232323232323
 0 237.3737373737374
 23 242.4242424242424
 133 247.4747474747475
 21 252.5252525252525
 121 257.5757575757576
 132 262.6262626262626
 36 267.6767676767677
 257 272.7272727272727
 140 277.7777777777778
 461 282.8282828282828
 215 287.8787878787879
 0 292.9292929292929
 0 297.979797979798
 3 303.030303030303
 210 308.0808080808081
 27 313.1313131313131
 43 318.1818181818182
 35 323.2323232323232
 33 328.2828282828282
 158 333.3333333333333
 58 338.3838383838383
 19 343.4343434343434
 219 348.4848484848484
 90 353.5353535353535
 24 358.5858585858585
 1 363.6363636363636
 46 368.6868686868686
 43 373.7373737373737
 34 378.7878787878788
 0 383.8383838383838
 2 388.8888888888889
 274 393.9393939393939
 62 398.989898989899
 53 404.040404040404
 156 409.0909090909091
 149 414.1414141414141
 572 419.1919191919192
 20 424.2424242424242
 230 429.2929292929293
 200 434.3434343434343
 7 439.3939393939394
 46 444.4444444444444
 71 449.4949494949495
 49 454.5454545454545
 0 459.5959595959596
 0 464.6464646464646
 0 469.6969696969697
 0 474.7474747474747
 1 479.7979797979798
 20 484.8484848484848
 23 489.8989898989898
 75 494.9494949494949
 0 500


