# Created by Octave 3.8.2, Mon Jun 22 04:59:10 2020 CEST <damian@fptrucha.inv.usc.es>
# name: hd
# type: matrix
# rows: 100
# columns: 2
 0 0
 3 5.05050505050505
 3 10.1010101010101
 243 15.15151515151515
 1 20.2020202020202
 0 25.25252525252525
 154 30.3030303030303
 459 35.35353535353535
 484 40.4040404040404
 267 45.45454545454545
 146 50.50505050505051
 59 55.55555555555555
 2 60.6060606060606
 292 65.65656565656565
 204 70.7070707070707
 483 75.75757575757575
 2 80.8080808080808
 2 85.85858585858585
 62 90.90909090909091
 4 95.95959595959596
 3 101.010101010101
 175 106.060606060606
 167 111.1111111111111
 357 116.1616161616162
 190 121.2121212121212
 65 126.2626262626263
 0 131.3131313131313
 3 136.3636363636363
 65 141.4141414141414
 86 146.4646464646464
 386 151.5151515151515
 208 156.5656565656566
 2 161.6161616161616
 0 166.6666666666667
 67 171.7171717171717
 28 176.7676767676768
 0 181.8181818181818
 0 186.8686868686869
 175 191.9191919191919
 208 196.969696969697
 49 202.020202020202
 77 207.070707070707
 156 212.1212121212121
 58 217.1717171717171
 90 222.2222222222222
 218 227.2727272727273
 130 232.3232323232323
 2 237.3737373737374
 22 242.4242424242424
 90 247.4747474747475
 28 252.5252525252525
 82 257.5757575757576
 108 262.6262626262626
 42 267.6767676767677
 244 272.7272727272727
 141 277.7777777777778
 405 282.8282828282828
 195 287.8787878787879
 3 292.9292929292929
 3 297.979797979798
 1 303.030303030303
 207 308.0808080808081
 23 313.1313131313131
 24 318.1818181818182
 42 323.2323232323232
 40 328.2828282828282
 167 333.3333333333333
 65 338.3838383838383
 25 343.4343434343434
 175 348.4848484848484
 72 353.5353535353535
 17 358.5858585858585
 0 363.6363636363636
 33 368.6868686868686
 45 373.7373737373737
 34 378.7878787878788
 0 383.8383838383838
 0 388.8888888888889
 256 393.9393939393939
 52 398.989898989899
 48 404.040404040404
 137 409.0909090909091
 125 414.1414141414141
 460 419.1919191919192
 13 424.2424242424242
 194 429.2929292929293
 143 434.3434343434343
 1 439.3939393939394
 52 444.4444444444444
 71 449.4949494949495
 45 454.5454545454545
 1 459.5959595959596
 1 464.6464646464646
 2 469.6969696969697
 1 474.7474747474747
 1 479.7979797979798
 21 484.8484848484848
 19 489.8989898989898
 47 494.9494949494949
 0 500


