# Created by Octave 3.8.2, Mon Jun 22 13:31:07 2020 CEST <damian@fptrucha.inv.usc.es>
# name: hd
# type: matrix
# rows: 100
# columns: 2
 5 0
 1 5.05050505050505
 6 10.1010101010101
 310 15.15151515151515
 1 20.2020202020202
 0 25.25252525252525
 179 30.3030303030303
 535 35.35353535353535
 623 40.4040404040404
 336 45.45454545454545
 141 50.50505050505051
 55 55.55555555555555
 2 60.6060606060606
 276 65.65656565656565
 209 70.7070707070707
 561 75.75757575757575
 4 80.8080808080808
 0 85.85858585858585
 54 90.90909090909091
 5 95.95959595959596
 2 101.010101010101
 176 106.060606060606
 162 111.1111111111111
 346 116.1616161616162
 180 121.2121212121212
 97 126.2626262626263
 1 131.3131313131313
 1 136.3636363636363
 66 141.4141414141414
 88 146.4646464646464
 490 151.5151515151515
 275 156.5656565656566
 2 161.6161616161616
 1 166.6666666666667
 68 171.7171717171717
 27 176.7676767676768
 0 181.8181818181818
 0 186.8686868686869
 198 191.9191919191919
 252 196.969696969697
 44 202.020202020202
 83 207.070707070707
 185 212.1212121212121
 61 217.1717171717171
 114 222.2222222222222
 217 227.2727272727273
 138 232.3232323232323
 1 237.3737373737374
 25 242.4242424242424
 125 247.4747474747475
 25 252.5252525252525
 132 257.5757575757576
 135 262.6262626262626
 38 267.6767676767677
 246 272.7272727272727
 158 277.7777777777778
 478 282.8282828282828
 184 287.8787878787879
 2 292.9292929292929
 0 297.979797979798
 0 303.030303030303
 218 308.0808080808081
 23 313.1313131313131
 32 318.1818181818182
 24 323.2323232323232
 43 328.2828282828282
 163 333.3333333333333
 73 338.3838383838383
 27 343.4343434343434
 185 348.4848484848484
 94 353.5353535353535
 26 358.5858585858585
 0 363.6363636363636
 39 368.6868686868686
 36 373.7373737373737
 36 378.7878787878788
 1 383.8383838383838
 1 388.8888888888889
 286 393.9393939393939
 67 398.989898989899
 69 404.040404040404
 167 409.0909090909091
 174 414.1414141414141
 509 419.1919191919192
 20 424.2424242424242
 256 429.2929292929293
 174 434.3434343434343
 5 439.3939393939394
 55 444.4444444444444
 77 449.4949494949495
 63 454.5454545454545
 1 459.5959595959596
 3 464.6464646464646
 2 469.6969696969697
 1 474.7474747474747
 1 479.7979797979798
 24 484.8484848484848
 22 489.8989898989898
 69 494.9494949494949
 0 500


