# Created by Octave 3.8.2, Mon Jun 22 04:23:23 2020 CEST <damian@fptrucha.inv.usc.es>
# name: hd
# type: matrix
# rows: 100
# columns: 2
 2 0
 1 5.05050505050505
 2 10.1010101010101
 183 15.15151515151515
 2 20.2020202020202
 0 25.25252525252525
 84 30.3030303030303
 300 35.35353535353535
 300 40.4040404040404
 175 45.45454545454545
 71 50.50505050505051
 48 55.55555555555555
 0 60.6060606060606
 147 65.65656565656565
 139 70.7070707070707
 302 75.75757575757575
 2 80.8080808080808
 1 85.85858585858585
 28 90.90909090909091
 4 95.95959595959596
 2 101.010101010101
 112 106.060606060606
 102 111.1111111111111
 195 116.1616161616162
 112 121.2121212121212
 60 126.2626262626263
 0 131.3131313131313
 0 136.3636363636363
 39 141.4141414141414
 54 146.4646464646464
 244 151.5151515151515
 141 156.5656565656566
 1 161.6161616161616
 2 166.6666666666667
 34 171.7171717171717
 18 176.7676767676768
 0 181.8181818181818
 0 186.8686868686869
 121 191.9191919191919
 137 196.969696969697
 30 202.020202020202
 56 207.070707070707
 107 212.1212121212121
 37 217.1717171717171
 49 222.2222222222222
 119 227.2727272727273
 76 232.3232323232323
 1 237.3737373737374
 10 242.4242424242424
 96 247.4747474747475
 10 252.5252525252525
 49 257.5757575757576
 67 262.6262626262626
 27 267.6767676767677
 171 272.7272727272727
 78 277.7777777777778
 265 282.8282828282828
 132 287.8787878787879
 1 292.9292929292929
 0 297.979797979798
 2 303.030303030303
 112 308.0808080808081
 14 313.1313131313131
 20 318.1818181818182
 16 323.2323232323232
 25 328.2828282828282
 142 333.3333333333333
 38 338.3838383838383
 11 343.4343434343434
 111 348.4848484848484
 71 353.5353535353535
 23 358.5858585858585
 0 363.6363636363636
 26 368.6868686868686
 34 373.7373737373737
 20 378.7878787878788
 1 383.8383838383838
 1 388.8888888888889
 167 393.9393939393939
 45 398.989898989899
 48 404.040404040404
 97 409.0909090909091
 79 414.1414141414141
 355 419.1919191919192
 9 424.2424242424242
 123 429.2929292929293
 97 434.3434343434343
 1 439.3939393939394
 39 444.4444444444444
 41 449.4949494949495
 39 454.5454545454545
 0 459.5959595959596
 0 464.6464646464646
 0 469.6969696969697
 2 474.7474747474747
 2 479.7979797979798
 11 484.8484848484848
 12 489.8989898989898
 41 494.9494949494949
 0 500


