# Created by Octave 3.8.2, Mon Jun 22 05:24:44 2020 CEST <damian@fptrucha.inv.usc.es>
# name: hd
# type: matrix
# rows: 100
# columns: 2
 3 0
 4 5.05050505050505
 3 10.1010101010101
 280 15.15151515151515
 5 20.2020202020202
 3 25.25252525252525
 132 30.3030303030303
 481 35.35353535353535
 531 40.4040404040404
 291 45.45454545454545
 117 50.50505050505051
 71 55.55555555555555
 1 60.6060606060606
 245 65.65656565656565
 174 70.7070707070707
 517 75.75757575757575
 3 80.8080808080808
 1 85.85858585858585
 45 90.90909090909091
 3 95.95959595959596
 3 101.010101010101
 168 106.060606060606
 164 111.1111111111111
 381 116.1616161616162
 196 121.2121212121212
 88 126.2626262626263
 0 131.3131313131313
 3 136.3636363636363
 63 141.4141414141414
 96 146.4646464646464
 355 151.5151515151515
 235 156.5656565656566
 2 161.6161616161616
 3 166.6666666666667
 73 171.7171717171717
 29 176.7676767676768
 1 181.8181818181818
 2 186.8686868686869
 185 191.9191919191919
 239 196.969696969697
 58 202.020202020202
 67 207.070707070707
 148 212.1212121212121
 60 217.1717171717171
 96 222.2222222222222
 225 227.2727272727273
 129 232.3232323232323
 3 237.3737373737374
 27 242.4242424242424
 122 247.4747474747475
 23 252.5252525252525
 109 257.5757575757576
 110 262.6262626262626
 37 267.6767676767677
 285 272.7272727272727
 161 277.7777777777778
 429 282.8282828282828
 178 287.8787878787879
 1 292.9292929292929
 2 297.979797979798
 1 303.030303030303
 211 308.0808080808081
 19 313.1313131313131
 37 318.1818181818182
 26 323.2323232323232
 37 328.2828282828282
 148 333.3333333333333
 50 338.3838383838383
 27 343.4343434343434
 168 348.4848484848484
 96 353.5353535353535
 25 358.5858585858585
 3 363.6363636363636
 41 368.6868686868686
 34 373.7373737373737
 36 378.7878787878788
 0 383.8383838383838
 1 388.8888888888889
 288 393.9393939393939
 60 398.989898989899
 66 404.040404040404
 147 409.0909090909091
 126 414.1414141414141
 480 419.1919191919192
 19 424.2424242424242
 231 429.2929292929293
 155 434.3434343434343
 2 439.3939393939394
 62 444.4444444444444
 76 449.4949494949495
 50 454.5454545454545
 0 459.5959595959596
 1 464.6464646464646
 1 469.6969696969697
 0 474.7474747474747
 1 479.7979797979798
 32 484.8484848484848
 17 489.8989898989898
 64 494.9494949494949
 0 500


