# Created by Octave 3.8.2, Mon Jun 22 06:48:09 2020 CEST <damian@fptrucha.inv.usc.es>
# name: hd
# type: matrix
# rows: 100
# columns: 2
 3 0
 6 5.05050505050505
 0 10.1010101010101
 285 15.15151515151515
 1 20.2020202020202
 1 25.25252525252525
 157 30.3030303030303
 493 35.35353535353535
 557 40.4040404040404
 311 45.45454545454545
 133 50.50505050505051
 57 55.55555555555555
 3 60.6060606060606
 270 65.65656565656565
 193 70.7070707070707
 535 75.75757575757575
 3 80.8080808080808
 2 85.85858585858585
 66 90.90909090909091
 5 95.95959595959596
 4 101.010101010101
 165 106.060606060606
 163 111.1111111111111
 367 116.1616161616162
 193 121.2121212121212
 86 126.2626262626263
 1 131.3131313131313
 9 136.3636363636363
 77 141.4141414141414
 92 146.4646464646464
 428 151.5151515151515
 242 156.5656565656566
 0 161.6161616161616
 2 166.6666666666667
 70 171.7171717171717
 18 176.7676767676768
 2 181.8181818181818
 3 186.8686868686869
 176 191.9191919191919
 265 196.969696969697
 53 202.020202020202
 76 207.070707070707
 157 212.1212121212121
 62 217.1717171717171
 103 222.2222222222222
 192 227.2727272727273
 120 232.3232323232323
 3 237.3737373737374
 24 242.4242424242424
 131 247.4747474747475
 24 252.5252525252525
 100 257.5757575757576
 134 262.6262626262626
 38 267.6767676767677
 253 272.7272727272727
 141 277.7777777777778
 425 282.8282828282828
 206 287.8787878787879
 3 292.9292929292929
 2 297.979797979798
 0 303.030303030303
 203 308.0808080808081
 31 313.1313131313131
 30 318.1818181818182
 24 323.2323232323232
 36 328.2828282828282
 150 333.3333333333333
 61 338.3838383838383
 21 343.4343434343434
 181 348.4848484848484
 103 353.5353535353535
 27 358.5858585858585
 1 363.6363636363636
 52 368.6868686868686
 33 373.7373737373737
 34 378.7878787878788
 1 383.8383838383838
 1 388.8888888888889
 319 393.9393939393939
 49 398.989898989899
 62 404.040404040404
 164 409.0909090909091
 140 414.1414141414141
 527 419.1919191919192
 15 424.2424242424242
 204 429.2929292929293
 152 434.3434343434343
 7 439.3939393939394
 60 444.4444444444444
 67 449.4949494949495
 57 454.5454545454545
 1 459.5959595959596
 0 464.6464646464646
 1 469.6969696969697
 2 474.7474747474747
 0 479.7979797979798
 16 484.8484848484848
 19 489.8989898989898
 79 494.9494949494949
 0 500


