# Created by Octave 3.8.2, Mon Jun 22 04:32:44 2020 CEST <damian@fptrucha.inv.usc.es>
# name: hd
# type: matrix
# rows: 100
# columns: 2
 4 0
 3 5.05050505050505
 1 10.1010101010101
 276 15.15151515151515
 5 20.2020202020202
 1 25.25252525252525
 135 30.3030303030303
 437 35.35353535353535
 534 40.4040404040404
 262 45.45454545454545
 137 50.50505050505051
 61 55.55555555555555
 1 60.6060606060606
 233 65.65656565656565
 198 70.7070707070707
 476 75.75757575757575
 1 80.8080808080808
 0 85.85858585858585
 49 90.90909090909091
 3 95.95959595959596
 1 101.010101010101
 177 106.060606060606
 136 111.1111111111111
 325 116.1616161616162
 171 121.2121212121212
 93 126.2626262626263
 3 131.3131313131313
 3 136.3636363636363
 59 141.4141414141414
 83 146.4646464646464
 319 151.5151515151515
 233 156.5656565656566
 2 161.6161616161616
 3 166.6666666666667
 56 171.7171717171717
 38 176.7676767676768
 3 181.8181818181818
 1 186.8686868686869
 158 191.9191919191919
 230 196.969696969697
 56 202.020202020202
 80 207.070707070707
 141 212.1212121212121
 52 217.1717171717171
 80 222.2222222222222
 209 227.2727272727273
 100 232.3232323232323
 0 237.3737373737374
 23 242.4242424242424
 138 247.4747474747475
 25 252.5252525252525
 82 257.5757575757576
 113 262.6262626262626
 34 267.6767676767677
 269 272.7272727272727
 138 277.7777777777778
 406 282.8282828282828
 165 287.8787878787879
 3 292.9292929292929
 0 297.979797979798
 0 303.030303030303
 207 308.0808080808081
 24 313.1313131313131
 35 318.1818181818182
 19 323.2323232323232
 31 328.2828282828282
 146 333.3333333333333
 49 338.3838383838383
 23 343.4343434343434
 171 348.4848484848484
 105 353.5353535353535
 22 358.5858585858585
 4 363.6363636363636
 48 368.6868686868686
 35 373.7373737373737
 35 378.7878787878788
 0 383.8383838383838
 3 388.8888888888889
 260 393.9393939393939
 55 398.989898989899
 57 404.040404040404
 136 409.0909090909091
 132 414.1414141414141
 505 419.1919191919192
 19 424.2424242424242
 220 429.2929292929293
 154 434.3434343434343
 7 439.3939393939394
 48 444.4444444444444
 60 449.4949494949495
 48 454.5454545454545
 1 459.5959595959596
 1 464.6464646464646
 0 469.6969696969697
 2 474.7474747474747
 0 479.7979797979798
 14 484.8484848484848
 8 489.8989898989898
 72 494.9494949494949
 0 500


