# Created by Octave 3.8.2, Sat Jun 20 13:17:20 2020 CEST <damian@fptrucha.inv.usc.es>
# name: hd
# type: matrix
# rows: 100
# columns: 2
 1 0
 0 5.05050505050505
 1 10.1010101010101
 294 15.15151515151515
 0 20.2020202020202
 1 25.25252525252525
 170 30.3030303030303
 571 35.35353535353535
 605 40.4040404040404
 309 45.45454545454545
 127 50.50505050505051
 89 55.55555555555555
 0 60.6060606060606
 303 65.65656565656565
 217 70.7070707070707
 629 75.75757575757575
 1 80.8080808080808
 0 85.85858585858585
 74 90.90909090909091
 4 95.95959595959596
 2 101.010101010101
 206 106.060606060606
 198 111.1111111111111
 432 116.1616161616162
 198 121.2121212121212
 75 126.2626262626263
 0 131.3131313131313
 3 136.3636363636363
 93 141.4141414141414
 137 146.4646464646464
 456 151.5151515151515
 288 156.5656565656566
 1 161.6161616161616
 0 166.6666666666667
 68 171.7171717171717
 33 176.7676767676768
 1 181.8181818181818
 0 186.8686868686869
 206 191.9191919191919
 303 196.969696969697
 54 202.020202020202
 85 207.070707070707
 211 212.1212121212121
 67 217.1717171717171
 131 222.2222222222222
 205 227.2727272727273
 137 232.3232323232323
 1 237.3737373737374
 26 242.4242424242424
 143 247.4747474747475
 25 252.5252525252525
 140 257.5757575757576
 164 262.6262626262626
 36 267.6767676767677
 283 272.7272727272727
 171 277.7777777777778
 507 282.8282828282828
 210 287.8787878787879
 0 292.9292929292929
 1 297.979797979798
 0 303.030303030303
 228 308.0808080808081
 29 313.1313131313131
 44 318.1818181818182
 37 323.2323232323232
 46 328.2828282828282
 168 333.3333333333333
 64 338.3838383838383
 24 343.4343434343434
 180 348.4848484848484
 112 353.5353535353535
 39 358.5858585858585
 3 363.6363636363636
 44 368.6868686868686
 53 373.7373737373737
 31 378.7878787878788
 1 383.8383838383838
 0 388.8888888888889
 345 393.9393939393939
 62 398.989898989899
 69 404.040404040404
 177 409.0909090909091
 147 414.1414141414141
 613 419.1919191919192
 26 424.2424242424242
 250 429.2929292929293
 206 434.3434343434343
 6 439.3939393939394
 53 444.4444444444444
 89 449.4949494949495
 45 454.5454545454545
 1 459.5959595959596
 3 464.6464646464646
 0 469.6969696969697
 0 474.7474747474747
 0 479.7979797979798
 24 484.8484848484848
 15 489.8989898989898
 72 494.9494949494949
 0 500


