# Created by Octave 3.8.2, Sat Jun 20 19:05:31 2020 CEST <damian@fptrucha.inv.usc.es>
# name: hd
# type: matrix
# rows: 100
# columns: 2
 1 0
 2 5.05050505050505
 1 10.1010101010101
 279 15.15151515151515
 1 20.2020202020202
 0 25.25252525252525
 153 30.3030303030303
 517 35.35353535353535
 587 40.4040404040404
 307 45.45454545454545
 137 50.50505050505051
 60 55.55555555555555
 3 60.6060606060606
 248 65.65656565656565
 206 70.7070707070707
 560 75.75757575757575
 1 80.8080808080808
 0 85.85858585858585
 63 90.90909090909091
 0 95.95959595959596
 3 101.010101010101
 184 106.060606060606
 179 111.1111111111111
 405 116.1616161616162
 190 121.2121212121212
 111 126.2626262626263
 0 131.3131313131313
 1 136.3636363636363
 72 141.4141414141414
 98 146.4646464646464
 450 151.5151515151515
 269 156.5656565656566
 2 161.6161616161616
 0 166.6666666666667
 65 171.7171717171717
 39 176.7676767676768
 0 181.8181818181818
 0 186.8686868686869
 163 191.9191919191919
 303 196.969696969697
 47 202.020202020202
 72 207.070707070707
 180 212.1212121212121
 51 217.1717171717171
 109 222.2222222222222
 229 227.2727272727273
 132 232.3232323232323
 0 237.3737373737374
 15 242.4242424242424
 137 247.4747474747475
 21 252.5252525252525
 138 257.5757575757576
 173 262.6262626262626
 39 267.6767676767677
 251 272.7272727272727
 161 277.7777777777778
 460 282.8282828282828
 192 287.8787878787879
 1 292.9292929292929
 0 297.979797979798
 0 303.030303030303
 184 308.0808080808081
 24 313.1313131313131
 43 318.1818181818182
 28 323.2323232323232
 44 328.2828282828282
 178 333.3333333333333
 58 338.3838383838383
 23 343.4343434343434
 223 348.4848484848484
 90 353.5353535353535
 30 358.5858585858585
 0 363.6363636363636
 41 368.6868686868686
 39 373.7373737373737
 40 378.7878787878788
 1 383.8383838383838
 0 388.8888888888889
 308 393.9393939393939
 61 398.989898989899
 55 404.040404040404
 178 409.0909090909091
 140 414.1414141414141
 560 419.1919191919192
 24 424.2424242424242
 256 429.2929292929293
 196 434.3434343434343
 2 439.3939393939394
 59 444.4444444444444
 105 449.4949494949495
 66 454.5454545454545
 1 459.5959595959596
 0 464.6464646464646
 1 469.6969696969697
 0 474.7474747474747
 1 479.7979797979798
 21 484.8484848484848
 16 489.8989898989898
 73 494.9494949494949
 0 500


