# Created by Octave 3.8.2, Mon Jun 22 10:49:37 2020 CEST <damian@fptrucha.inv.usc.es>
# name: hd
# type: matrix
# rows: 100
# columns: 2
 3 0
 4 5.05050505050505
 1 10.1010101010101
 289 15.15151515151515
 5 20.2020202020202
 1 25.25252525252525
 175 30.3030303030303
 511 35.35353535353535
 568 40.4040404040404
 297 45.45454545454545
 134 50.50505050505051
 70 55.55555555555555
 2 60.6060606060606
 283 65.65656565656565
 189 70.7070707070707
 536 75.75757575757575
 2 80.8080808080808
 1 85.85858585858585
 56 90.90909090909091
 5 95.95959595959596
 3 101.010101010101
 201 106.060606060606
 168 111.1111111111111
 381 116.1616161616162
 189 121.2121212121212
 86 126.2626262626263
 0 131.3131313131313
 0 136.3636363636363
 82 141.4141414141414
 89 146.4646464646464
 410 151.5151515151515
 267 156.5656565656566
 5 161.6161616161616
 0 166.6666666666667
 72 171.7171717171717
 37 176.7676767676768
 2 181.8181818181818
 0 186.8686868686869
 183 191.9191919191919
 279 196.969696969697
 49 202.020202020202
 79 207.070707070707
 193 212.1212121212121
 74 217.1717171717171
 90 222.2222222222222
 212 227.2727272727273
 144 232.3232323232323
 2 237.3737373737374
 19 242.4242424242424
 139 247.4747474747475
 27 252.5252525252525
 99 257.5757575757576
 134 262.6262626262626
 35 267.6767676767677
 245 272.7272727272727
 148 277.7777777777778
 461 282.8282828282828
 185 287.8787878787879
 2 292.9292929292929
 5 297.979797979798
 0 303.030303030303
 216 308.0808080808081
 25 313.1313131313131
 31 318.1818181818182
 38 323.2323232323232
 28 328.2828282828282
 187 333.3333333333333
 68 338.3838383838383
 25 343.4343434343434
 184 348.4848484848484
 93 353.5353535353535
 32 358.5858585858585
 2 363.6363636363636
 42 368.6868686868686
 43 373.7373737373737
 41 378.7878787878788
 3 383.8383838383838
 1 388.8888888888889
 320 393.9393939393939
 53 398.989898989899
 53 404.040404040404
 168 409.0909090909091
 126 414.1414141414141
 517 419.1919191919192
 19 424.2424242424242
 195 429.2929292929293
 188 434.3434343434343
 6 439.3939393939394
 60 444.4444444444444
 61 449.4949494949495
 43 454.5454545454545
 0 459.5959595959596
 1 464.6464646464646
 0 469.6969696969697
 0 474.7474747474747
 4 479.7979797979798
 20 484.8484848484848
 15 489.8989898989898
 77 494.9494949494949
 0 500


