# Created by Octave 3.8.2, Mon Jun 22 12:53:21 2020 CEST <damian@fptrucha.inv.usc.es>
# name: hd
# type: matrix
# rows: 100
# columns: 2
 2 0
 2 5.05050505050505
 0 10.1010101010101
 251 15.15151515151515
 1 20.2020202020202
 0 25.25252525252525
 154 30.3030303030303
 497 35.35353535353535
 581 40.4040404040404
 305 45.45454545454545
 138 50.50505050505051
 68 55.55555555555555
 2 60.6060606060606
 295 65.65656565656565
 184 70.7070707070707
 571 75.75757575757575
 3 80.8080808080808
 0 85.85858585858585
 50 90.90909090909091
 5 95.95959595959596
 3 101.010101010101
 172 106.060606060606
 177 111.1111111111111
 389 116.1616161616162
 208 121.2121212121212
 89 126.2626262626263
 0 131.3131313131313
 2 136.3636363636363
 72 141.4141414141414
 97 146.4646464646464
 460 151.5151515151515
 262 156.5656565656566
 2 161.6161616161616
 3 166.6666666666667
 72 171.7171717171717
 37 176.7676767676768
 2 181.8181818181818
 1 186.8686868686869
 215 191.9191919191919
 273 196.969696969697
 45 202.020202020202
 95 207.070707070707
 187 212.1212121212121
 60 217.1717171717171
 86 222.2222222222222
 227 227.2727272727273
 125 232.3232323232323
 1 237.3737373737374
 29 242.4242424242424
 132 247.4747474747475
 32 252.5252525252525
 109 257.5757575757576
 133 262.6262626262626
 43 267.6767676767677
 269 272.7272727272727
 136 277.7777777777778
 410 282.8282828282828
 204 287.8787878787879
 0 292.9292929292929
 0 297.979797979798
 1 303.030303030303
 212 308.0808080808081
 26 313.1313131313131
 34 318.1818181818182
 24 323.2323232323232
 39 328.2828282828282
 159 333.3333333333333
 68 338.3838383838383
 21 343.4343434343434
 180 348.4848484848484
 87 353.5353535353535
 34 358.5858585858585
 0 363.6363636363636
 52 368.6868686868686
 34 373.7373737373737
 37 378.7878787878788
 2 383.8383838383838
 0 388.8888888888889
 308 393.9393939393939
 64 398.989898989899
 60 404.040404040404
 167 409.0909090909091
 134 414.1414141414141
 556 419.1919191919192
 20 424.2424242424242
 243 429.2929292929293
 170 434.3434343434343
 2 439.3939393939394
 58 444.4444444444444
 81 449.4949494949495
 56 454.5454545454545
 0 459.5959595959596
 1 464.6464646464646
 1 469.6969696969697
 2 474.7474747474747
 0 479.7979797979798
 17 484.8484848484848
 24 489.8989898989898
 69 494.9494949494949
 0 500


