# Created by Octave 3.8.2, Sat Jun 20 21:32:19 2020 CEST <damian@fptrucha.inv.usc.es>
# name: hd
# type: matrix
# rows: 100
# columns: 2
 2 0
 4 5.05050505050505
 0 10.1010101010101
 271 15.15151515151515
 1 20.2020202020202
 1 25.25252525252525
 157 30.3030303030303
 513 35.35353535353535
 619 40.4040404040404
 301 45.45454545454545
 118 50.50505050505051
 80 55.55555555555555
 1 60.6060606060606
 224 65.65656565656565
 192 70.7070707070707
 539 75.75757575757575
 1 80.8080808080808
 0 85.85858585858585
 53 90.90909090909091
 3 95.95959595959596
 2 101.010101010101
 184 106.060606060606
 193 111.1111111111111
 358 116.1616161616162
 202 121.2121212121212
 94 126.2626262626263
 1 131.3131313131313
 0 136.3636363636363
 85 141.4141414141414
 92 146.4646464646464
 460 151.5151515151515
 257 156.5656565656566
 2 161.6161616161616
 0 166.6666666666667
 60 171.7171717171717
 42 176.7676767676768
 1 181.8181818181818
 1 186.8686868686869
 185 191.9191919191919
 259 196.969696969697
 55 202.020202020202
 88 207.070707070707
 176 212.1212121212121
 71 217.1717171717171
 83 222.2222222222222
 222 227.2727272727273
 152 232.3232323232323
 0 237.3737373737374
 21 242.4242424242424
 120 247.4747474747475
 24 252.5252525252525
 124 257.5757575757576
 131 262.6262626262626
 27 267.6767676767677
 266 272.7272727272727
 151 277.7777777777778
 439 282.8282828282828
 200 287.8787878787879
 2 292.9292929292929
 1 297.979797979798
 0 303.030303030303
 233 308.0808080808081
 23 313.1313131313131
 35 318.1818181818182
 38 323.2323232323232
 43 328.2828282828282
 162 333.3333333333333
 61 338.3838383838383
 13 343.4343434343434
 198 348.4848484848484
 70 353.5353535353535
 25 358.5858585858585
 1 363.6363636363636
 45 368.6868686868686
 46 373.7373737373737
 25 378.7878787878788
 1 383.8383838383838
 0 388.8888888888889
 308 393.9393939393939
 60 398.989898989899
 65 404.040404040404
 157 409.0909090909091
 151 414.1414141414141
 560 419.1919191919192
 16 424.2424242424242
 217 429.2929292929293
 183 434.3434343434343
 5 439.3939393939394
 51 444.4444444444444
 76 449.4949494949495
 51 454.5454545454545
 0 459.5959595959596
 2 464.6464646464646
 1 469.6969696969697
 0 474.7474747474747
 2 479.7979797979798
 16 484.8484848484848
 15 489.8989898989898
 66 494.9494949494949
 0 500


