# Created by Octave 3.8.2, Mon Jun 22 21:16:42 2020 CEST <damian@fptrucha.inv.usc.es>
# name: hd
# type: matrix
# rows: 100
# columns: 2
 3 0
 2 5.05050505050505
 1 10.1010101010101
 316 15.15151515151515
 4 20.2020202020202
 1 25.25252525252525
 159 30.3030303030303
 536 35.35353535353535
 623 40.4040404040404
 334 45.45454545454545
 127 50.50505050505051
 59 55.55555555555555
 2 60.6060606060606
 312 65.65656565656565
 230 70.7070707070707
 573 75.75757575757575
 0 80.8080808080808
 0 85.85858585858585
 65 90.90909090909091
 2 95.95959595959596
 2 101.010101010101
 225 106.060606060606
 179 111.1111111111111
 399 116.1616161616162
 205 121.2121212121212
 86 126.2626262626263
 1 131.3131313131313
 2 136.3636363636363
 73 141.4141414141414
 93 146.4646464646464
 489 151.5151515151515
 286 156.5656565656566
 2 161.6161616161616
 1 166.6666666666667
 82 171.7171717171717
 38 176.7676767676768
 3 181.8181818181818
 0 186.8686868686869
 214 191.9191919191919
 266 196.969696969697
 57 202.020202020202
 111 207.070707070707
 214 212.1212121212121
 85 217.1717171717171
 100 222.2222222222222
 231 227.2727272727273
 160 232.3232323232323
 2 237.3737373737374
 24 242.4242424242424
 149 247.4747474747475
 18 252.5252525252525
 117 257.5757575757576
 148 262.6262626262626
 35 267.6767676767677
 312 272.7272727272727
 125 277.7777777777778
 466 282.8282828282828
 208 287.8787878787879
 1 292.9292929292929
 2 297.979797979798
 1 303.030303030303
 199 308.0808080808081
 28 313.1313131313131
 44 318.1818181818182
 20 323.2323232323232
 39 328.2828282828282
 165 333.3333333333333
 85 338.3838383838383
 16 343.4343434343434
 166 348.4848484848484
 118 353.5353535353535
 31 358.5858585858585
 1 363.6363636363636
 51 368.6868686868686
 34 373.7373737373737
 29 378.7878787878788
 0 383.8383838383838
 0 388.8888888888889
 360 393.9393939393939
 50 398.989898989899
 62 404.040404040404
 180 409.0909090909091
 177 414.1414141414141
 567 419.1919191919192
 22 424.2424242424242
 254 429.2929292929293
 201 434.3434343434343
 6 439.3939393939394
 57 444.4444444444444
 63 449.4949494949495
 41 454.5454545454545
 1 459.5959595959596
 1 464.6464646464646
 5 469.6969696969697
 3 474.7474747474747
 2 479.7979797979798
 20 484.8484848484848
 16 489.8989898989898
 94 494.9494949494949
 0 500


