# Created by Octave 3.8.2, Sat Jun 20 09:06:12 2020 CEST <damian@fptrucha.inv.usc.es>
# name: hd
# type: matrix
# rows: 100
# columns: 2
 0 0
 3 5.05050505050505
 0 10.1010101010101
 322 15.15151515151515
 2 20.2020202020202
 0 25.25252525252525
 183 30.3030303030303
 602 35.35353535353535
 723 40.4040404040404
 332 45.45454545454545
 149 50.50505050505051
 89 55.55555555555555
 1 60.6060606060606
 323 65.65656565656565
 252 70.7070707070707
 581 75.75757575757575
 1 80.8080808080808
 0 85.85858585858585
 73 90.90909090909091
 3 95.95959595959596
 7 101.010101010101
 201 106.060606060606
 205 111.1111111111111
 462 116.1616161616162
 231 121.2121212121212
 92 126.2626262626263
 0 131.3131313131313
 0 136.3636363636363
 66 141.4141414141414
 96 146.4646464646464
 502 151.5151515151515
 275 156.5656565656566
 4 161.6161616161616
 1 166.6666666666667
 86 171.7171717171717
 34 176.7676767676768
 1 181.8181818181818
 0 186.8686868686869
 230 191.9191919191919
 297 196.969696969697
 47 202.020202020202
 93 207.070707070707
 197 212.1212121212121
 62 217.1717171717171
 116 222.2222222222222
 269 227.2727272727273
 136 232.3232323232323
 1 237.3737373737374
 26 242.4242424242424
 136 247.4747474747475
 15 252.5252525252525
 127 257.5757575757576
 162 262.6262626262626
 49 267.6767676767677
 284 272.7272727272727
 183 277.7777777777778
 500 282.8282828282828
 221 287.8787878787879
 2 292.9292929292929
 0 297.979797979798
 1 303.030303030303
 229 308.0808080808081
 29 313.1313131313131
 41 318.1818181818182
 35 323.2323232323232
 50 328.2828282828282
 203 333.3333333333333
 59 338.3838383838383
 20 343.4343434343434
 216 348.4848484848484
 93 353.5353535353535
 34 358.5858585858585
 1 363.6363636363636
 55 368.6868686868686
 41 373.7373737373737
 51 378.7878787878788
 1 383.8383838383838
 0 388.8888888888889
 357 393.9393939393939
 73 398.989898989899
 59 404.040404040404
 190 409.0909090909091
 189 414.1414141414141
 691 419.1919191919192
 29 424.2424242424242
 262 429.2929292929293
 184 434.3434343434343
 4 439.3939393939394
 65 444.4444444444444
 97 449.4949494949495
 62 454.5454545454545
 0 459.5959595959596
 3 464.6464646464646
 0 469.6969696969697
 3 474.7474747474747
 3 479.7979797979798
 22 484.8484848484848
 25 489.8989898989898
 89 494.9494949494949
 0 500


