# Created by Octave 3.8.2, Sat Jun 20 14:43:03 2020 CEST <damian@fptrucha.inv.usc.es>
# name: hd
# type: matrix
# rows: 100
# columns: 2
 2 0
 3 5.05050505050505
 0 10.1010101010101
 274 15.15151515151515
 2 20.2020202020202
 0 25.25252525252525
 185 30.3030303030303
 535 35.35353535353535
 652 40.4040404040404
 303 45.45454545454545
 138 50.50505050505051
 77 55.55555555555555
 3 60.6060606060606
 282 65.65656565656565
 190 70.7070707070707
 628 75.75757575757575
 2 80.8080808080808
 2 85.85858585858585
 53 90.90909090909091
 6 95.95959595959596
 1 101.010101010101
 206 106.060606060606
 196 111.1111111111111
 415 116.1616161616162
 218 121.2121212121212
 102 126.2626262626263
 0 131.3131313131313
 1 136.3636363636363
 69 141.4141414141414
 92 146.4646464646464
 448 151.5151515151515
 303 156.5656565656566
 3 161.6161616161616
 0 166.6666666666667
 80 171.7171717171717
 36 176.7676767676768
 1 181.8181818181818
 0 186.8686868686869
 192 191.9191919191919
 261 196.969696969697
 45 202.020202020202
 96 207.070707070707
 182 212.1212121212121
 66 217.1717171717171
 103 222.2222222222222
 203 227.2727272727273
 132 232.3232323232323
 1 237.3737373737374
 25 242.4242424242424
 147 247.4747474747475
 22 252.5252525252525
 115 257.5757575757576
 144 262.6262626262626
 40 267.6767676767677
 234 272.7272727272727
 140 277.7777777777778
 453 282.8282828282828
 237 287.8787878787879
 1 292.9292929292929
 0 297.979797979798
 1 303.030303030303
 196 308.0808080808081
 25 313.1313131313131
 44 318.1818181818182
 31 323.2323232323232
 38 328.2828282828282
 179 333.3333333333333
 76 338.3838383838383
 20 343.4343434343434
 205 348.4848484848484
 91 353.5353535353535
 25 358.5858585858585
 1 363.6363636363636
 49 368.6868686868686
 38 373.7373737373737
 29 378.7878787878788
 1 383.8383838383838
 1 388.8888888888889
 360 393.9393939393939
 67 398.989898989899
 65 404.040404040404
 153 409.0909090909091
 154 414.1414141414141
 621 419.1919191919192
 21 424.2424242424242
 235 429.2929292929293
 218 434.3434343434343
 3 439.3939393939394
 70 444.4444444444444
 91 449.4949494949495
 62 454.5454545454545
 0 459.5959595959596
 1 464.6464646464646
 1 469.6969696969697
 2 474.7474747474747
 0 479.7979797979798
 18 484.8484848484848
 20 489.8989898989898
 73 494.9494949494949
 0 500


