# Created by Octave 3.8.2, Sat Jun 20 03:10:26 2020 CEST <damian@fptrucha.inv.usc.es>
# name: hd
# type: matrix
# rows: 100
# columns: 2
 4 0
 2 5.05050505050505
 3 10.1010101010101
 290 15.15151515151515
 3 20.2020202020202
 1 25.25252525252525
 163 30.3030303030303
 552 35.35353535353535
 672 40.4040404040404
 325 45.45454545454545
 144 50.50505050505051
 79 55.55555555555555
 3 60.6060606060606
 285 65.65656565656565
 223 70.7070707070707
 658 75.75757575757575
 0 80.8080808080808
 0 85.85858585858585
 63 90.90909090909091
 6 95.95959595959596
 2 101.010101010101
 211 106.060606060606
 182 111.1111111111111
 401 116.1616161616162
 218 121.2121212121212
 93 126.2626262626263
 1 131.3131313131313
 1 136.3636363636363
 65 141.4141414141414
 92 146.4646464646464
 455 151.5151515151515
 300 156.5656565656566
 3 161.6161616161616
 1 166.6666666666667
 79 171.7171717171717
 39 176.7676767676768
 0 181.8181818181818
 1 186.8686868686869
 205 191.9191919191919
 292 196.969696969697
 55 202.020202020202
 100 207.070707070707
 174 212.1212121212121
 85 217.1717171717171
 130 222.2222222222222
 246 227.2727272727273
 137 232.3232323232323
 0 237.3737373737374
 18 242.4242424242424
 142 247.4747474747475
 28 252.5252525252525
 140 257.5757575757576
 158 262.6262626262626
 40 267.6767676767677
 286 272.7272727272727
 150 277.7777777777778
 496 282.8282828282828
 217 287.8787878787879
 1 292.9292929292929
 0 297.979797979798
 0 303.030303030303
 202 308.0808080808081
 21 313.1313131313131
 40 318.1818181818182
 27 323.2323232323232
 47 328.2828282828282
 166 333.3333333333333
 87 338.3838383838383
 19 343.4343434343434
 212 348.4848484848484
 92 353.5353535353535
 45 358.5858585858585
 1 363.6363636363636
 50 368.6868686868686
 41 373.7373737373737
 42 378.7878787878788
 0 383.8383838383838
 0 388.8888888888889
 329 393.9393939393939
 58 398.989898989899
 66 404.040404040404
 175 409.0909090909091
 150 414.1414141414141
 640 419.1919191919192
 33 424.2424242424242
 225 429.2929292929293
 188 434.3434343434343
 5 439.3939393939394
 54 444.4444444444444
 78 449.4949494949495
 61 454.5454545454545
 0 459.5959595959596
 1 464.6464646464646
 1 469.6969696969697
 0 474.7474747474747
 2 479.7979797979798
 30 484.8484848484848
 14 489.8989898989898
 69 494.9494949494949
 0 500


