# Created by Octave 3.8.2, Sun Jun 21 04:20:49 2020 CEST <damian@fptrucha.inv.usc.es>
# name: hd
# type: matrix
# rows: 100
# columns: 2
 2 0
 2 5.05050505050505
 0 10.1010101010101
 169 15.15151515151515
 1 20.2020202020202
 1 25.25252525252525
 80 30.3030303030303
 310 35.35353535353535
 390 40.4040404040404
 189 45.45454545454545
 79 50.50505050505051
 49 55.55555555555555
 1 60.6060606060606
 175 65.65656565656565
 119 70.7070707070707
 344 75.75757575757575
 3 80.8080808080808
 0 85.85858585858585
 48 90.90909090909091
 3 95.95959595959596
 1 101.010101010101
 110 106.060606060606
 124 111.1111111111111
 239 116.1616161616162
 135 121.2121212121212
 58 126.2626262626263
 0 131.3131313131313
 3 136.3636363636363
 39 141.4141414141414
 70 146.4646464646464
 279 151.5151515151515
 187 156.5656565656566
 0 161.6161616161616
 0 166.6666666666667
 59 171.7171717171717
 17 176.7676767676768
 0 181.8181818181818
 0 186.8686868686869
 124 191.9191919191919
 166 196.969696969697
 27 202.020202020202
 51 207.070707070707
 118 212.1212121212121
 44 217.1717171717171
 56 222.2222222222222
 145 227.2727272727273
 63 232.3232323232323
 0 237.3737373737374
 13 242.4242424242424
 81 247.4747474747475
 15 252.5252525252525
 77 257.5757575757576
 100 262.6262626262626
 21 267.6767676767677
 156 272.7272727272727
 83 277.7777777777778
 290 282.8282828282828
 140 287.8787878787879
 1 292.9292929292929
 2 297.979797979798
 0 303.030303030303
 136 308.0808080808081
 15 313.1313131313131
 31 318.1818181818182
 29 323.2323232323232
 29 328.2828282828282
 116 333.3333333333333
 36 338.3838383838383
 10 343.4343434343434
 109 348.4848484848484
 59 353.5353535353535
 23 358.5858585858585
 2 363.6363636363636
 32 368.6868686868686
 24 373.7373737373737
 23 378.7878787878788
 0 383.8383838383838
 1 388.8888888888889
 226 393.9393939393939
 36 398.989898989899
 36 404.040404040404
 107 409.0909090909091
 93 414.1414141414141
 322 419.1919191919192
 9 424.2424242424242
 143 429.2929292929293
 107 434.3434343434343
 1 439.3939393939394
 35 444.4444444444444
 40 449.4949494949495
 32 454.5454545454545
 0 459.5959595959596
 0 464.6464646464646
 0 469.6969696969697
 1 474.7474747474747
 2 479.7979797979798
 11 484.8484848484848
 8 489.8989898989898
 44 494.9494949494949
 0 500


