# Created by Octave 3.8.2, Mon Jun 22 06:23:33 2020 CEST <damian@fptrucha.inv.usc.es>
# name: hd
# type: matrix
# rows: 100
# columns: 2
 3 0
 3 5.05050505050505
 3 10.1010101010101
 279 15.15151515151515
 5 20.2020202020202
 0 25.25252525252525
 144 30.3030303030303
 488 35.35353535353535
 545 40.4040404040404
 330 45.45454545454545
 129 50.50505050505051
 63 55.55555555555555
 0 60.6060606060606
 236 65.65656565656565
 196 70.7070707070707
 556 75.75757575757575
 2 80.8080808080808
 1 85.85858585858585
 53 90.90909090909091
 6 95.95959595959596
 4 101.010101010101
 173 106.060606060606
 176 111.1111111111111
 331 116.1616161616162
 179 121.2121212121212
 100 126.2626262626263
 1 131.3131313131313
 4 136.3636363636363
 62 141.4141414141414
 93 146.4646464646464
 386 151.5151515151515
 227 156.5656565656566
 0 161.6161616161616
 2 166.6666666666667
 58 171.7171717171717
 29 176.7676767676768
 1 181.8181818181818
 0 186.8686868686869
 198 191.9191919191919
 249 196.969696969697
 39 202.020202020202
 71 207.070707070707
 169 212.1212121212121
 45 217.1717171717171
 101 222.2222222222222
 241 227.2727272727273
 118 232.3232323232323
 1 237.3737373737374
 22 242.4242424242424
 135 247.4747474747475
 23 252.5252525252525
 114 257.5757575757576
 121 262.6262626262626
 42 267.6767676767677
 275 272.7272727272727
 153 277.7777777777778
 426 282.8282828282828
 177 287.8787878787879
 1 292.9292929292929
 1 297.979797979798
 1 303.030303030303
 182 308.0808080808081
 24 313.1313131313131
 27 318.1818181818182
 27 323.2323232323232
 32 328.2828282828282
 144 333.3333333333333
 60 338.3838383838383
 19 343.4343434343434
 191 348.4848484848484
 123 353.5353535353535
 34 358.5858585858585
 2 363.6363636363636
 33 368.6868686868686
 39 373.7373737373737
 30 378.7878787878788
 1 383.8383838383838
 1 388.8888888888889
 329 393.9393939393939
 49 398.989898989899
 53 404.040404040404
 145 409.0909090909091
 132 414.1414141414141
 528 419.1919191919192
 20 424.2424242424242
 231 429.2929292929293
 169 434.3434343434343
 3 439.3939393939394
 64 444.4444444444444
 90 449.4949494949495
 43 454.5454545454545
 4 459.5959595959596
 1 464.6464646464646
 0 469.6969696969697
 0 474.7474747474747
 1 479.7979797979798
 19 484.8484848484848
 16 489.8989898989898
 66 494.9494949494949
 0 500


