# Created by Octave 3.8.2, Mon Jun 22 12:37:43 2020 CEST <damian@fptrucha.inv.usc.es>
# name: hd
# type: matrix
# rows: 100
# columns: 2
 3 0
 2 5.05050505050505
 4 10.1010101010101
 290 15.15151515151515
 2 20.2020202020202
 0 25.25252525252525
 174 30.3030303030303
 502 35.35353535353535
 582 40.4040404040404
 275 45.45454545454545
 146 50.50505050505051
 60 55.55555555555555
 1 60.6060606060606
 271 65.65656565656565
 214 70.7070707070707
 597 75.75757575757575
 1 80.8080808080808
 3 85.85858585858585
 72 90.90909090909091
 5 95.95959595959596
 3 101.010101010101
 195 106.060606060606
 152 111.1111111111111
 436 116.1616161616162
 185 121.2121212121212
 83 126.2626262626263
 0 131.3131313131313
 1 136.3636363636363
 68 141.4141414141414
 81 146.4646464646464
 446 151.5151515151515
 245 156.5656565656566
 5 161.6161616161616
 1 166.6666666666667
 81 171.7171717171717
 38 176.7676767676768
 2 181.8181818181818
 2 186.8686868686869
 165 191.9191919191919
 251 196.969696969697
 44 202.020202020202
 112 207.070707070707
 176 212.1212121212121
 54 217.1717171717171
 89 222.2222222222222
 233 227.2727272727273
 148 232.3232323232323
 1 237.3737373737374
 17 242.4242424242424
 120 247.4747474747475
 23 252.5252525252525
 126 257.5757575757576
 149 262.6262626262626
 42 267.6767676767677
 253 272.7272727272727
 137 277.7777777777778
 435 282.8282828282828
 200 287.8787878787879
 0 292.9292929292929
 0 297.979797979798
 0 303.030303030303
 218 308.0808080808081
 25 313.1313131313131
 35 318.1818181818182
 31 323.2323232323232
 31 328.2828282828282
 179 333.3333333333333
 66 338.3838383838383
 14 343.4343434343434
 189 348.4848484848484
 96 353.5353535353535
 25 358.5858585858585
 2 363.6363636363636
 55 368.6868686868686
 28 373.7373737373737
 30 378.7878787878788
 2 383.8383838383838
 1 388.8888888888889
 308 393.9393939393939
 65 398.989898989899
 72 404.040404040404
 174 409.0909090909091
 148 414.1414141414141
 565 419.1919191919192
 25 424.2424242424242
 201 429.2929292929293
 175 434.3434343434343
 5 439.3939393939394
 63 444.4444444444444
 73 449.4949494949495
 64 454.5454545454545
 1 459.5959595959596
 4 464.6464646464646
 1 469.6969696969697
 3 474.7474747474747
 1 479.7979797979798
 20 484.8484848484848
 14 489.8989898989898
 63 494.9494949494949
 0 500


