# Created by Octave 3.8.2, Mon Jun 22 06:10:54 2020 CEST <damian@fptrucha.inv.usc.es>
# name: hd
# type: matrix
# rows: 100
# columns: 2
 5 0
 6 5.05050505050505
 2 10.1010101010101
 287 15.15151515151515
 1 20.2020202020202
 0 25.25252525252525
 155 30.3030303030303
 522 35.35353535353535
 569 40.4040404040404
 324 45.45454545454545
 122 50.50505050505051
 80 55.55555555555555
 1 60.6060606060606
 290 65.65656565656565
 231 70.7070707070707
 507 75.75757575757575
 4 80.8080808080808
 1 85.85858585858585
 60 90.90909090909091
 3 95.95959595959596
 4 101.010101010101
 166 106.060606060606
 156 111.1111111111111
 371 116.1616161616162
 194 121.2121212121212
 76 126.2626262626263
 2 131.3131313131313
 6 136.3636363636363
 83 141.4141414141414
 93 146.4646464646464
 401 151.5151515151515
 207 156.5656565656566
 2 161.6161616161616
 0 166.6666666666667
 71 171.7171717171717
 33 176.7676767676768
 1 181.8181818181818
 0 186.8686868686869
 192 191.9191919191919
 250 196.969696969697
 39 202.020202020202
 85 207.070707070707
 155 212.1212121212121
 49 217.1717171717171
 91 222.2222222222222
 202 227.2727272727273
 127 232.3232323232323
 2 237.3737373737374
 21 242.4242424242424
 134 247.4747474747475
 27 252.5252525252525
 108 257.5757575757576
 114 262.6262626262626
 37 267.6767676767677
 264 272.7272727272727
 122 277.7777777777778
 422 282.8282828282828
 176 287.8787878787879
 3 292.9292929292929
 1 297.979797979798
 1 303.030303030303
 175 308.0808080808081
 26 313.1313131313131
 31 318.1818181818182
 32 323.2323232323232
 34 328.2828282828282
 180 333.3333333333333
 72 338.3838383838383
 17 343.4343434343434
 186 348.4848484848484
 79 353.5353535353535
 40 358.5858585858585
 1 363.6363636363636
 34 368.6868686868686
 49 373.7373737373737
 28 378.7878787878788
 2 383.8383838383838
 2 388.8888888888889
 284 393.9393939393939
 55 398.989898989899
 42 404.040404040404
 156 409.0909090909091
 142 414.1414141414141
 510 419.1919191919192
 13 424.2424242424242
 226 429.2929292929293
 148 434.3434343434343
 7 439.3939393939394
 60 444.4444444444444
 81 449.4949494949495
 40 454.5454545454545
 0 459.5959595959596
 2 464.6464646464646
 5 469.6969696969697
 2 474.7474747474747
 0 479.7979797979798
 18 484.8484848484848
 15 489.8989898989898
 80 494.9494949494949
 0 500


