# Created by Octave 3.8.2, Mon Jun 22 15:57:32 2020 CEST <damian@fptrucha.inv.usc.es>
# name: hd
# type: matrix
# rows: 100
# columns: 2
 2 0
 4 5.05050505050505
 4 10.1010101010101
 257 15.15151515151515
 3 20.2020202020202
 1 25.25252525252525
 157 30.3030303030303
 497 35.35353535353535
 645 40.4040404040404
 296 45.45454545454545
 126 50.50505050505051
 55 55.55555555555555
 5 60.6060606060606
 291 65.65656565656565
 204 70.7070707070707
 542 75.75757575757575
 2 80.8080808080808
 1 85.85858585858585
 71 90.90909090909091
 4 95.95959595959596
 2 101.010101010101
 201 106.060606060606
 179 111.1111111111111
 384 116.1616161616162
 199 121.2121212121212
 89 126.2626262626263
 0 131.3131313131313
 1 136.3636363636363
 67 141.4141414141414
 97 146.4646464646464
 448 151.5151515151515
 261 156.5656565656566
 1 161.6161616161616
 3 166.6666666666667
 78 171.7171717171717
 28 176.7676767676768
 2 181.8181818181818
 1 186.8686868686869
 208 191.9191919191919
 248 196.969696969697
 39 202.020202020202
 111 207.070707070707
 178 212.1212121212121
 72 217.1717171717171
 109 222.2222222222222
 217 227.2727272727273
 144 232.3232323232323
 0 237.3737373737374
 28 242.4242424242424
 140 247.4747474747475
 24 252.5252525252525
 124 257.5757575757576
 141 262.6262626262626
 39 267.6767676767677
 258 272.7272727272727
 173 277.7777777777778
 478 282.8282828282828
 210 287.8787878787879
 0 292.9292929292929
 1 297.979797979798
 0 303.030303030303
 222 308.0808080808081
 20 313.1313131313131
 46 318.1818181818182
 42 323.2323232323232
 49 328.2828282828282
 159 333.3333333333333
 82 338.3838383838383
 23 343.4343434343434
 185 348.4848484848484
 107 353.5353535353535
 34 358.5858585858585
 0 363.6363636363636
 49 368.6868686868686
 45 373.7373737373737
 28 378.7878787878788
 2 383.8383838383838
 0 388.8888888888889
 326 393.9393939393939
 63 398.989898989899
 62 404.040404040404
 172 409.0909090909091
 149 414.1414141414141
 576 419.1919191919192
 18 424.2424242424242
 246 429.2929292929293
 171 434.3434343434343
 6 439.3939393939394
 69 444.4444444444444
 86 449.4949494949495
 55 454.5454545454545
 0 459.5959595959596
 1 464.6464646464646
 1 469.6969696969697
 1 474.7474747474747
 1 479.7979797979798
 25 484.8484848484848
 30 489.8989898989898
 71 494.9494949494949
 0 500


