# Created by Octave 3.8.2, Mon Jun 22 21:31:33 2020 CEST <damian@fptrucha.inv.usc.es>
# name: hd
# type: matrix
# rows: 100
# columns: 2
 2 0
 2 5.05050505050505
 2 10.1010101010101
 264 15.15151515151515
 6 20.2020202020202
 1 25.25252525252525
 180 30.3030303030303
 520 35.35353535353535
 619 40.4040404040404
 367 45.45454545454545
 124 50.50505050505051
 60 55.55555555555555
 3 60.6060606060606
 312 65.65656565656565
 217 70.7070707070707
 605 75.75757575757575
 1 80.8080808080808
 1 85.85858585858585
 56 90.90909090909091
 3 95.95959595959596
 7 101.010101010101
 213 106.060606060606
 209 111.1111111111111
 405 116.1616161616162
 222 121.2121212121212
 96 126.2626262626263
 1 131.3131313131313
 2 136.3636363636363
 73 141.4141414141414
 107 146.4646464646464
 441 151.5151515151515
 239 156.5656565656566
 3 161.6161616161616
 2 166.6666666666667
 71 171.7171717171717
 32 176.7676767676768
 0 181.8181818181818
 0 186.8686868686869
 197 191.9191919191919
 264 196.969696969697
 48 202.020202020202
 107 207.070707070707
 189 212.1212121212121
 53 217.1717171717171
 117 222.2222222222222
 233 227.2727272727273
 135 232.3232323232323
 3 237.3737373737374
 32 242.4242424242424
 136 247.4747474747475
 25 252.5252525252525
 126 257.5757575757576
 138 262.6262626262626
 36 267.6767676767677
 293 272.7272727272727
 144 277.7777777777778
 461 282.8282828282828
 252 287.8787878787879
 3 292.9292929292929
 0 297.979797979798
 0 303.030303030303
 227 308.0808080808081
 29 313.1313131313131
 40 318.1818181818182
 39 323.2323232323232
 36 328.2828282828282
 195 333.3333333333333
 74 338.3838383838383
 26 343.4343434343434
 209 348.4848484848484
 94 353.5353535353535
 34 358.5858585858585
 2 363.6363636363636
 47 368.6868686868686
 34 373.7373737373737
 31 378.7878787878788
 1 383.8383838383838
 2 388.8888888888889
 300 393.9393939393939
 55 398.989898989899
 59 404.040404040404
 179 409.0909090909091
 179 414.1414141414141
 566 419.1919191919192
 24 424.2424242424242
 251 429.2929292929293
 199 434.3434343434343
 3 439.3939393939394
 63 444.4444444444444
 80 449.4949494949495
 57 454.5454545454545
 2 459.5959595959596
 3 464.6464646464646
 2 469.6969696969697
 3 474.7474747474747
 0 479.7979797979798
 21 484.8484848484848
 21 489.8989898989898
 78 494.9494949494949
 0 500


