# Created by Octave 3.8.2, Mon Jun 22 11:33:44 2020 CEST <damian@fptrucha.inv.usc.es>
# name: hd
# type: matrix
# rows: 100
# columns: 2
 3 0
 4 5.05050505050505
 1 10.1010101010101
 272 15.15151515151515
 5 20.2020202020202
 2 25.25252525252525
 167 30.3030303030303
 503 35.35353535353535
 589 40.4040404040404
 307 45.45454545454545
 117 50.50505050505051
 48 55.55555555555555
 1 60.6060606060606
 291 65.65656565656565
 205 70.7070707070707
 564 75.75757575757575
 2 80.8080808080808
 1 85.85858585858585
 66 90.90909090909091
 1 95.95959595959596
 3 101.010101010101
 201 106.060606060606
 163 111.1111111111111
 408 116.1616161616162
 202 121.2121212121212
 95 126.2626262626263
 0 131.3131313131313
 1 136.3636363636363
 76 141.4141414141414
 85 146.4646464646464
 435 151.5151515151515
 248 156.5656565656566
 2 161.6161616161616
 3 166.6666666666667
 70 171.7171717171717
 43 176.7676767676768
 0 181.8181818181818
 4 186.8686868686869
 188 191.9191919191919
 268 196.969696969697
 38 202.020202020202
 103 207.070707070707
 191 212.1212121212121
 64 217.1717171717171
 101 222.2222222222222
 236 227.2727272727273
 125 232.3232323232323
 0 237.3737373737374
 23 242.4242424242424
 123 247.4747474747475
 31 252.5252525252525
 94 257.5757575757576
 127 262.6262626262626
 36 267.6767676767677
 262 272.7272727272727
 135 277.7777777777778
 419 282.8282828282828
 178 287.8787878787879
 1 292.9292929292929
 1 297.979797979798
 1 303.030303030303
 232 308.0808080808081
 27 313.1313131313131
 37 318.1818181818182
 30 323.2323232323232
 41 328.2828282828282
 184 333.3333333333333
 64 338.3838383838383
 21 343.4343434343434
 197 348.4848484848484
 110 353.5353535353535
 27 358.5858585858585
 3 363.6363636363636
 45 368.6868686868686
 34 373.7373737373737
 28 378.7878787878788
 4 383.8383838383838
 2 388.8888888888889
 305 393.9393939393939
 63 398.989898989899
 70 404.040404040404
 147 409.0909090909091
 141 414.1414141414141
 551 419.1919191919192
 21 424.2424242424242
 276 429.2929292929293
 204 434.3434343434343
 7 439.3939393939394
 47 444.4444444444444
 79 449.4949494949495
 54 454.5454545454545
 1 459.5959595959596
 0 464.6464646464646
 3 469.6969696969697
 2 474.7474747474747
 1 479.7979797979798
 31 484.8484848484848
 21 489.8989898989898
 64 494.9494949494949
 0 500


