# Created by Octave 3.8.2, Sat Jun 20 02:52:26 2020 CEST <damian@fptrucha.inv.usc.es>
# name: hd
# type: matrix
# rows: 100
# columns: 2
 3 0
 3 5.05050505050505
 2 10.1010101010101
 310 15.15151515151515
 3 20.2020202020202
 2 25.25252525252525
 163 30.3030303030303
 562 35.35353535353535
 671 40.4040404040404
 351 45.45454545454545
 157 50.50505050505051
 74 55.55555555555555
 3 60.6060606060606
 286 65.65656565656565
 238 70.7070707070707
 631 75.75757575757575
 0 80.8080808080808
 1 85.85858585858585
 64 90.90909090909091
 4 95.95959595959596
 1 101.010101010101
 223 106.060606060606
 173 111.1111111111111
 438 116.1616161616162
 213 121.2121212121212
 89 126.2626262626263
 1 131.3131313131313
 0 136.3636363636363
 70 141.4141414141414
 87 146.4646464646464
 511 151.5151515151515
 300 156.5656565656566
 3 161.6161616161616
 0 166.6666666666667
 81 171.7171717171717
 39 176.7676767676768
 0 181.8181818181818
 0 186.8686868686869
 190 191.9191919191919
 268 196.969696969697
 39 202.020202020202
 115 207.070707070707
 228 212.1212121212121
 76 217.1717171717171
 113 222.2222222222222
 226 227.2727272727273
 156 232.3232323232323
 3 237.3737373737374
 21 242.4242424242424
 145 247.4747474747475
 26 252.5252525252525
 138 257.5757575757576
 151 262.6262626262626
 44 267.6767676767677
 268 272.7272727272727
 157 277.7777777777778
 438 282.8282828282828
 201 287.8787878787879
 2 292.9292929292929
 0 297.979797979798
 1 303.030303030303
 227 308.0808080808081
 21 313.1313131313131
 40 318.1818181818182
 30 323.2323232323232
 40 328.2828282828282
 183 333.3333333333333
 71 338.3838383838383
 6 343.4343434343434
 189 348.4848484848484
 123 353.5353535353535
 32 358.5858585858585
 4 363.6363636363636
 42 368.6868686868686
 38 373.7373737373737
 29 378.7878787878788
 0 383.8383838383838
 1 388.8888888888889
 331 393.9393939393939
 68 398.989898989899
 74 404.040404040404
 174 409.0909090909091
 154 414.1414141414141
 629 419.1919191919192
 31 424.2424242424242
 227 429.2929292929293
 173 434.3434343434343
 3 439.3939393939394
 52 444.4444444444444
 89 449.4949494949495
 63 454.5454545454545
 0 459.5959595959596
 0 464.6464646464646
 1 469.6969696969697
 0 474.7474747474747
 1 479.7979797979798
 18 484.8484848484848
 18 489.8989898989898
 71 494.9494949494949
 0 500


