# Created by Octave 3.8.2, Mon Jun 22 05:00:06 2020 CEST <damian@fptrucha.inv.usc.es>
# name: hd
# type: matrix
# rows: 100
# columns: 2
 1 0
 5 5.05050505050505
 2 10.1010101010101
 272 15.15151515151515
 3 20.2020202020202
 0 25.25252525252525
 129 30.3030303030303
 437 35.35353535353535
 518 40.4040404040404
 274 45.45454545454545
 121 50.50505050505051
 42 55.55555555555555
 1 60.6060606060606
 271 65.65656565656565
 192 70.7070707070707
 490 75.75757575757575
 4 80.8080808080808
 2 85.85858585858585
 62 90.90909090909091
 3 95.95959595959596
 2 101.010101010101
 164 106.060606060606
 146 111.1111111111111
 368 116.1616161616162
 166 121.2121212121212
 71 126.2626262626263
 0 131.3131313131313
 2 136.3636363636363
 50 141.4141414141414
 76 146.4646464646464
 387 151.5151515151515
 247 156.5656565656566
 1 161.6161616161616
 1 166.6666666666667
 68 171.7171717171717
 38 176.7676767676768
 0 181.8181818181818
 1 186.8686868686869
 177 191.9191919191919
 226 196.969696969697
 38 202.020202020202
 86 207.070707070707
 166 212.1212121212121
 60 217.1717171717171
 95 222.2222222222222
 198 227.2727272727273
 119 232.3232323232323
 2 237.3737373737374
 23 242.4242424242424
 150 247.4747474747475
 18 252.5252525252525
 107 257.5757575757576
 131 262.6262626262626
 35 267.6767676767677
 242 272.7272727272727
 138 277.7777777777778
 387 282.8282828282828
 187 287.8787878787879
 1 292.9292929292929
 3 297.979797979798
 1 303.030303030303
 166 308.0808080808081
 33 313.1313131313131
 33 318.1818181818182
 25 323.2323232323232
 31 328.2828282828282
 143 333.3333333333333
 61 338.3838383838383
 29 343.4343434343434
 174 348.4848484848484
 92 353.5353535353535
 26 358.5858585858585
 3 363.6363636363636
 44 368.6868686868686
 36 373.7373737373737
 30 378.7878787878788
 2 383.8383838383838
 1 388.8888888888889
 286 393.9393939393939
 47 398.989898989899
 59 404.040404040404
 126 409.0909090909091
 115 414.1414141414141
 468 419.1919191919192
 27 424.2424242424242
 223 429.2929292929293
 145 434.3434343434343
 6 439.3939393939394
 63 444.4444444444444
 65 449.4949494949495
 55 454.5454545454545
 1 459.5959595959596
 3 464.6464646464646
 1 469.6969696969697
 1 474.7474747474747
 2 479.7979797979798
 16 484.8484848484848
 23 489.8989898989898
 69 494.9494949494949
 0 500


