# Created by Octave 3.8.2, Mon Jun 22 22:51:53 2020 CEST <damian@fptrucha.inv.usc.es>
# name: hd
# type: matrix
# rows: 100
# columns: 2
 2 0
 2 5.05050505050505
 1 10.1010101010101
 302 15.15151515151515
 2 20.2020202020202
 0 25.25252525252525
 157 30.3030303030303
 528 35.35353535353535
 627 40.4040404040404
 322 45.45454545454545
 115 50.50505050505051
 85 55.55555555555555
 2 60.6060606060606
 287 65.65656565656565
 222 70.7070707070707
 594 75.75757575757575
 4 80.8080808080808
 0 85.85858585858585
 57 90.90909090909091
 3 95.95959595959596
 4 101.010101010101
 218 106.060606060606
 176 111.1111111111111
 395 116.1616161616162
 241 121.2121212121212
 98 126.2626262626263
 2 131.3131313131313
 1 136.3636363636363
 70 141.4141414141414
 93 146.4646464646464
 433 151.5151515151515
 242 156.5656565656566
 4 161.6161616161616
 2 166.6666666666667
 85 171.7171717171717
 27 176.7676767676768
 0 181.8181818181818
 0 186.8686868686869
 210 191.9191919191919
 304 196.969696969697
 52 202.020202020202
 97 207.070707070707
 196 212.1212121212121
 74 217.1717171717171
 111 222.2222222222222
 227 227.2727272727273
 151 232.3232323232323
 1 237.3737373737374
 29 242.4242424242424
 155 247.4747474747475
 20 252.5252525252525
 127 257.5757575757576
 141 262.6262626262626
 52 267.6767676767677
 318 272.7272727272727
 143 277.7777777777778
 450 282.8282828282828
 216 287.8787878787879
 1 292.9292929292929
 2 297.979797979798
 0 303.030303030303
 213 308.0808080808081
 36 313.1313131313131
 37 318.1818181818182
 32 323.2323232323232
 43 328.2828282828282
 188 333.3333333333333
 84 338.3838383838383
 27 343.4343434343434
 203 348.4848484848484
 96 353.5353535353535
 30 358.5858585858585
 1 363.6363636363636
 65 368.6868686868686
 42 373.7373737373737
 48 378.7878787878788
 0 383.8383838383838
 1 388.8888888888889
 329 393.9393939393939
 71 398.989898989899
 54 404.040404040404
 166 409.0909090909091
 154 414.1414141414141
 563 419.1919191919192
 24 424.2424242424242
 256 429.2929292929293
 185 434.3434343434343
 3 439.3939393939394
 61 444.4444444444444
 66 449.4949494949495
 44 454.5454545454545
 1 459.5959595959596
 1 464.6464646464646
 1 469.6969696969697
 0 474.7474747474747
 2 479.7979797979798
 31 484.8484848484848
 23 489.8989898989898
 104 494.9494949494949
 0 500


