# Created by Octave 3.8.2, Sat Jun 20 23:15:52 2020 CEST <damian@fptrucha.inv.usc.es>
# name: hd
# type: matrix
# rows: 100
# columns: 2
 1 0
 5 5.05050505050505
 1 10.1010101010101
 248 15.15151515151515
 2 20.2020202020202
 1 25.25252525252525
 163 30.3030303030303
 536 35.35353535353535
 565 40.4040404040404
 313 45.45454545454545
 122 50.50505050505051
 66 55.55555555555555
 1 60.6060606060606
 259 65.65656565656565
 192 70.7070707070707
 584 75.75757575757575
 3 80.8080808080808
 1 85.85858585858585
 48 90.90909090909091
 3 95.95959595959596
 3 101.010101010101
 171 106.060606060606
 186 111.1111111111111
 412 116.1616161616162
 200 121.2121212121212
 82 126.2626262626263
 1 131.3131313131313
 3 136.3636363636363
 50 141.4141414141414
 80 146.4646464646464
 424 151.5151515151515
 254 156.5656565656566
 1 161.6161616161616
 1 166.6666666666667
 66 171.7171717171717
 31 176.7676767676768
 1 181.8181818181818
 0 186.8686868686869
 179 191.9191919191919
 265 196.969696969697
 44 202.020202020202
 94 207.070707070707
 222 212.1212121212121
 83 217.1717171717171
 96 222.2222222222222
 228 227.2727272727273
 126 232.3232323232323
 1 237.3737373737374
 19 242.4242424242424
 134 247.4747474747475
 20 252.5252525252525
 111 257.5757575757576
 122 262.6262626262626
 38 267.6767676767677
 257 272.7272727272727
 134 277.7777777777778
 425 282.8282828282828
 205 287.8787878787879
 1 292.9292929292929
 1 297.979797979798
 0 303.030303030303
 215 308.0808080808081
 16 313.1313131313131
 36 318.1818181818182
 36 323.2323232323232
 31 328.2828282828282
 148 333.3333333333333
 66 338.3838383838383
 18 343.4343434343434
 165 348.4848484848484
 74 353.5353535353535
 27 358.5858585858585
 1 363.6363636363636
 49 368.6868686868686
 39 373.7373737373737
 42 378.7878787878788
 0 383.8383838383838
 1 388.8888888888889
 311 393.9393939393939
 53 398.989898989899
 71 404.040404040404
 149 409.0909090909091
 135 414.1414141414141
 556 419.1919191919192
 17 424.2424242424242
 237 429.2929292929293
 177 434.3434343434343
 2 439.3939393939394
 64 444.4444444444444
 64 449.4949494949495
 66 454.5454545454545
 0 459.5959595959596
 0 464.6464646464646
 1 469.6969696969697
 1 474.7474747474747
 1 479.7979797979798
 18 484.8484848484848
 21 489.8989898989898
 78 494.9494949494949
 0 500


