# Created by Octave 3.8.2, Sun Jun 21 07:27:45 2020 CEST <damian@fptrucha.inv.usc.es>
# name: hd
# type: matrix
# rows: 100
# columns: 2
 2 0
 2 5.05050505050505
 1 10.1010101010101
 271 15.15151515151515
 1 20.2020202020202
 0 25.25252525252525
 157 30.3030303030303
 521 35.35353535353535
 592 40.4040404040404
 301 45.45454545454545
 122 50.50505050505051
 63 55.55555555555555
 3 60.6060606060606
 238 65.65656565656565
 198 70.7070707070707
 578 75.75757575757575
 1 80.8080808080808
 0 85.85858585858585
 51 90.90909090909091
 0 95.95959595959596
 4 101.010101010101
 182 106.060606060606
 168 111.1111111111111
 370 116.1616161616162
 209 121.2121212121212
 90 126.2626262626263
 0 131.3131313131313
 1 136.3636363636363
 74 141.4141414141414
 81 146.4646464646464
 408 151.5151515151515
 276 156.5656565656566
 2 161.6161616161616
 1 166.6666666666667
 75 171.7171717171717
 31 176.7676767676768
 0 181.8181818181818
 1 186.8686868686869
 180 191.9191919191919
 245 196.969696969697
 46 202.020202020202
 81 207.070707070707
 172 212.1212121212121
 67 217.1717171717171
 96 222.2222222222222
 248 227.2727272727273
 144 232.3232323232323
 1 237.3737373737374
 15 242.4242424242424
 139 247.4747474747475
 22 252.5252525252525
 110 257.5757575757576
 133 262.6262626262626
 37 267.6767676767677
 254 272.7272727272727
 123 277.7777777777778
 421 282.8282828282828
 213 287.8787878787879
 2 292.9292929292929
 0 297.979797979798
 0 303.030303030303
 202 308.0808080808081
 22 313.1313131313131
 55 318.1818181818182
 40 323.2323232323232
 39 328.2828282828282
 189 333.3333333333333
 60 338.3838383838383
 26 343.4343434343434
 195 348.4848484848484
 102 353.5353535353535
 33 358.5858585858585
 2 363.6363636363636
 38 368.6868686868686
 43 373.7373737373737
 34 378.7878787878788
 0 383.8383838383838
 0 388.8888888888889
 277 393.9393939393939
 58 398.989898989899
 68 404.040404040404
 173 409.0909090909091
 121 414.1414141414141
 503 419.1919191919192
 21 424.2424242424242
 249 429.2929292929293
 188 434.3434343434343
 5 439.3939393939394
 68 444.4444444444444
 71 449.4949494949495
 58 454.5454545454545
 1 459.5959595959596
 0 464.6464646464646
 1 469.6969696969697
 1 474.7474747474747
 1 479.7979797979798
 15 484.8484848484848
 20 489.8989898989898
 71 494.9494949494949
 0 500


