# Created by Octave 3.8.2, Sat Jun 20 19:25:52 2020 CEST <damian@fptrucha.inv.usc.es>
# name: hd
# type: matrix
# rows: 100
# columns: 2
 1 0
 7 5.05050505050505
 0 10.1010101010101
 270 15.15151515151515
 2 20.2020202020202
 0 25.25252525252525
 148 30.3030303030303
 549 35.35353535353535
 606 40.4040404040404
 313 45.45454545454545
 133 50.50505050505051
 65 55.55555555555555
 1 60.6060606060606
 265 65.65656565656565
 203 70.7070707070707
 542 75.75757575757575
 1 80.8080808080808
 0 85.85858585858585
 64 90.90909090909091
 4 95.95959595959596
 3 101.010101010101
 179 106.060606060606
 173 111.1111111111111
 359 116.1616161616162
 196 121.2121212121212
 62 126.2626262626263
 2 131.3131313131313
 0 136.3636363636363
 67 141.4141414141414
 86 146.4646464646464
 451 151.5151515151515
 266 156.5656565656566
 0 161.6161616161616
 0 166.6666666666667
 68 171.7171717171717
 37 176.7676767676768
 1 181.8181818181818
 0 186.8686868686869
 186 191.9191919191919
 274 196.969696969697
 49 202.020202020202
 86 207.070707070707
 187 212.1212121212121
 64 217.1717171717171
 119 222.2222222222222
 221 227.2727272727273
 139 232.3232323232323
 1 237.3737373737374
 27 242.4242424242424
 111 247.4747474747475
 11 252.5252525252525
 96 257.5757575757576
 162 262.6262626262626
 37 267.6767676767677
 263 272.7272727272727
 136 277.7777777777778
 452 282.8282828282828
 193 287.8787878787879
 1 292.9292929292929
 0 297.979797979798
 0 303.030303030303
 199 308.0808080808081
 28 313.1313131313131
 47 318.1818181818182
 38 323.2323232323232
 41 328.2828282828282
 166 333.3333333333333
 65 338.3838383838383
 19 343.4343434343434
 190 348.4848484848484
 98 353.5353535353535
 27 358.5858585858585
 0 363.6363636363636
 45 368.6868686868686
 49 373.7373737373737
 42 378.7878787878788
 1 383.8383838383838
 1 388.8888888888889
 332 393.9393939393939
 56 398.989898989899
 51 404.040404040404
 156 409.0909090909091
 134 414.1414141414141
 557 419.1919191919192
 26 424.2424242424242
 240 429.2929292929293
 155 434.3434343434343
 3 439.3939393939394
 57 444.4444444444444
 66 449.4949494949495
 51 454.5454545454545
 2 459.5959595959596
 1 464.6464646464646
 0 469.6969696969697
 3 474.7474747474747
 1 479.7979797979798
 20 484.8484848484848
 18 489.8989898989898
 78 494.9494949494949
 0 500


