# Created by Octave 3.8.2, Sun Jun 21 04:45:10 2020 CEST <damian@fptrucha.inv.usc.es>
# name: hd
# type: matrix
# rows: 100
# columns: 2
 1 0
 3 5.05050505050505
 1 10.1010101010101
 279 15.15151515151515
 2 20.2020202020202
 0 25.25252525252525
 161 30.3030303030303
 482 35.35353535353535
 601 40.4040404040404
 324 45.45454545454545
 127 50.50505050505051
 44 55.55555555555555
 3 60.6060606060606
 241 65.65656565656565
 210 70.7070707070707
 577 75.75757575757575
 0 80.8080808080808
 1 85.85858585858585
 47 90.90909090909091
 3 95.95959595959596
 3 101.010101010101
 164 106.060606060606
 178 111.1111111111111
 363 116.1616161616162
 198 121.2121212121212
 94 126.2626262626263
 0 131.3131313131313
 0 136.3636363636363
 70 141.4141414141414
 84 146.4646464646464
 454 151.5151515151515
 260 156.5656565656566
 1 161.6161616161616
 3 166.6666666666667
 77 171.7171717171717
 35 176.7676767676768
 0 181.8181818181818
 2 186.8686868686869
 166 191.9191919191919
 262 196.969696969697
 65 202.020202020202
 88 207.070707070707
 209 212.1212121212121
 63 217.1717171717171
 94 222.2222222222222
 218 227.2727272727273
 142 232.3232323232323
 0 237.3737373737374
 36 242.4242424242424
 134 247.4747474747475
 19 252.5252525252525
 130 257.5757575757576
 143 262.6262626262626
 32 267.6767676767677
 262 272.7272727272727
 135 277.7777777777778
 451 282.8282828282828
 194 287.8787878787879
 2 292.9292929292929
 1 297.979797979798
 1 303.030303030303
 210 308.0808080808081
 29 313.1313131313131
 35 318.1818181818182
 28 323.2323232323232
 37 328.2828282828282
 154 333.3333333333333
 69 338.3838383838383
 14 343.4343434343434
 204 348.4848484848484
 113 353.5353535353535
 35 358.5858585858585
 0 363.6363636363636
 44 368.6868686868686
 40 373.7373737373737
 45 378.7878787878788
 0 383.8383838383838
 1 388.8888888888889
 308 393.9393939393939
 49 398.989898989899
 55 404.040404040404
 137 409.0909090909091
 144 414.1414141414141
 554 419.1919191919192
 25 424.2424242424242
 209 429.2929292929293
 164 434.3434343434343
 2 439.3939393939394
 53 444.4444444444444
 61 449.4949494949495
 52 454.5454545454545
 0 459.5959595959596
 0 464.6464646464646
 1 469.6969696969697
 1 474.7474747474747
 1 479.7979797979798
 14 484.8484848484848
 22 489.8989898989898
 75 494.9494949494949
 0 500


