# Created by Octave 3.8.2, Mon Jun 22 02:27:03 2020 CEST <damian@fptrucha.inv.usc.es>
# name: hd
# type: matrix
# rows: 100
# columns: 2
 0 0
 2 5.05050505050505
 2 10.1010101010101
 16 15.15151515151515
 1 20.2020202020202
 0 25.25252525252525
 12 30.3030303030303
 1 35.35353535353535
 29 40.4040404040404
 9 45.45454545454545
 4 50.50505050505051
 3 55.55555555555555
 0 60.6060606060606
 13 65.65656565656565
 32 70.7070707070707
 44 75.75757575757575
 0 80.8080808080808
 2 85.85858585858585
 3 90.90909090909091
 2 95.95959595959596
 0 101.010101010101
 5 106.060606060606
 13 111.1111111111111
 31 116.1616161616162
 7 121.2121212121212
 5 126.2626262626263
 1 131.3131313131313
 0 136.3636363636363
 2 141.4141414141414
 3 146.4646464646464
 12 151.5151515151515
 17 156.5656565656566
 1 161.6161616161616
 0 166.6666666666667
 16 171.7171717171717
 0 176.7676767676768
 0 181.8181818181818
 0 186.8686868686869
 20 191.9191919191919
 28 196.969696969697
 4 202.020202020202
 1 207.070707070707
 5 212.1212121212121
 11 217.1717171717171
 12 222.2222222222222
 18 227.2727272727273
 9 232.3232323232323
 0 237.3737373737374
 0 242.4242424242424
 1 247.4747474747475
 0 252.5252525252525
 4 257.5757575757576
 12 262.6262626262626
 1 267.6767676767677
 5 272.7272727272727
 5 277.7777777777778
 17 282.8282828282828
 2 287.8787878787879
 1 292.9292929292929
 1 297.979797979798
 1 303.030303030303
 3 308.0808080808081
 3 313.1313131313131
 3 318.1818181818182
 3 323.2323232323232
 2 328.2828282828282
 1 333.3333333333333
 4 338.3838383838383
 3 343.4343434343434
 7 348.4848484848484
 2 353.5353535353535
 1 358.5858585858585
 1 363.6363636363636
 0 368.6868686868686
 0 373.7373737373737
 1 378.7878787878788
 1 383.8383838383838
 0 388.8888888888889
 3 393.9393939393939
 1 398.989898989899
 1 404.040404040404
 6 409.0909090909091
 2 414.1414141414141
 8 419.1919191919192
 2 424.2424242424242
 42 429.2929292929293
 21 434.3434343434343
 0 439.3939393939394
 4 444.4444444444444
 6 449.4949494949495
 1 454.5454545454545
 0 459.5959595959596
 1 464.6464646464646
 1 469.6969696969697
 0 474.7474747474747
 0 479.7979797979798
 2 484.8484848484848
 12 489.8989898989898
 13 494.9494949494949
 0 500


