# Created by Octave 3.8.2, Sat Jun 20 06:33:27 2020 CEST <damian@fptrucha.inv.usc.es>
# name: hd
# type: matrix
# rows: 100
# columns: 2
 2 0
 2 5.05050505050505
 1 10.1010101010101
 338 15.15151515151515
 2 20.2020202020202
 0 25.25252525252525
 177 30.3030303030303
 569 35.35353535353535
 677 40.4040404040404
 311 45.45454545454545
 139 50.50505050505051
 79 55.55555555555555
 0 60.6060606060606
 305 65.65656565656565
 203 70.7070707070707
 637 75.75757575757575
 3 80.8080808080808
 1 85.85858585858585
 61 90.90909090909091
 7 95.95959595959596
 2 101.010101010101
 207 106.060606060606
 208 111.1111111111111
 437 116.1616161616162
 231 121.2121212121212
 129 126.2626262626263
 0 131.3131313131313
 1 136.3636363636363
 75 141.4141414141414
 113 146.4646464646464
 468 151.5151515151515
 292 156.5656565656566
 1 161.6161616161616
 0 166.6666666666667
 67 171.7171717171717
 27 176.7676767676768
 0 181.8181818181818
 0 186.8686868686869
 245 191.9191919191919
 280 196.969696969697
 48 202.020202020202
 110 207.070707070707
 196 212.1212121212121
 60 217.1717171717171
 135 222.2222222222222
 249 227.2727272727273
 165 232.3232323232323
 1 237.3737373737374
 14 242.4242424242424
 161 247.4747474747475
 18 252.5252525252525
 139 257.5757575757576
 136 262.6262626262626
 22 267.6767676767677
 286 272.7272727272727
 158 277.7777777777778
 490 282.8282828282828
 194 287.8787878787879
 0 292.9292929292929
 1 297.979797979798
 0 303.030303030303
 238 308.0808080808081
 26 313.1313131313131
 57 318.1818181818182
 37 323.2323232323232
 44 328.2828282828282
 195 333.3333333333333
 69 338.3838383838383
 25 343.4343434343434
 225 348.4848484848484
 107 353.5353535353535
 33 358.5858585858585
 2 363.6363636363636
 64 368.6868686868686
 42 373.7373737373737
 51 378.7878787878788
 1 383.8383838383838
 0 388.8888888888889
 362 393.9393939393939
 68 398.989898989899
 47 404.040404040404
 204 409.0909090909091
 124 414.1414141414141
 622 419.1919191919192
 20 424.2424242424242
 256 429.2929292929293
 204 434.3434343434343
 10 439.3939393939394
 65 444.4444444444444
 84 449.4949494949495
 72 454.5454545454545
 0 459.5959595959596
 0 464.6464646464646
 0 469.6969696969697
 1 474.7474747474747
 1 479.7979797979798
 10 484.8484848484848
 26 489.8989898989898
 67 494.9494949494949
 0 500


