# Created by Octave 3.8.2, Mon Jun 22 23:25:37 2020 CEST <damian@fptrucha.inv.usc.es>
# name: hd
# type: matrix
# rows: 100
# columns: 2
 2 0
 3 5.05050505050505
 0 10.1010101010101
 191 15.15151515151515
 3 20.2020202020202
 2 25.25252525252525
 90 30.3030303030303
 378 35.35353535353535
 415 40.4040404040404
 219 45.45454545454545
 95 50.50505050505051
 54 55.55555555555555
 0 60.6060606060606
 156 65.65656565656565
 149 70.7070707070707
 370 75.75757575757575
 1 80.8080808080808
 2 85.85858585858585
 49 90.90909090909091
 2 95.95959595959596
 2 101.010101010101
 145 106.060606060606
 102 111.1111111111111
 278 116.1616161616162
 134 121.2121212121212
 70 126.2626262626263
 2 131.3131313131313
 1 136.3636363636363
 36 141.4141414141414
 76 146.4646464646464
 311 151.5151515151515
 175 156.5656565656566
 4 161.6161616161616
 2 166.6666666666667
 46 171.7171717171717
 16 176.7676767676768
 0 181.8181818181818
 2 186.8686868686869
 148 191.9191919191919
 170 196.969696969697
 31 202.020202020202
 67 207.070707070707
 115 212.1212121212121
 37 217.1717171717171
 75 222.2222222222222
 146 227.2727272727273
 98 232.3232323232323
 0 237.3737373737374
 18 242.4242424242424
 95 247.4747474747475
 14 252.5252525252525
 91 257.5757575757576
 94 262.6262626262626
 30 267.6767676767677
 204 272.7272727272727
 107 277.7777777777778
 316 282.8282828282828
 135 287.8787878787879
 1 292.9292929292929
 0 297.979797979798
 0 303.030303030303
 135 308.0808080808081
 24 313.1313131313131
 30 318.1818181818182
 32 323.2323232323232
 25 328.2828282828282
 122 333.3333333333333
 52 338.3838383838383
 12 343.4343434343434
 132 348.4848484848484
 67 353.5353535353535
 26 358.5858585858585
 1 363.6363636363636
 26 368.6868686868686
 27 373.7373737373737
 28 378.7878787878788
 1 383.8383838383838
 1 388.8888888888889
 191 393.9393939393939
 42 398.989898989899
 44 404.040404040404
 129 409.0909090909091
 132 414.1414141414141
 377 419.1919191919192
 10 424.2424242424242
 164 429.2929292929293
 121 434.3434343434343
 1 439.3939393939394
 37 444.4444444444444
 55 449.4949494949495
 47 454.5454545454545
 1 459.5959595959596
 0 464.6464646464646
 0 469.6969696969697
 0 474.7474747474747
 2 479.7979797979798
 16 484.8484848484848
 17 489.8989898989898
 68 494.9494949494949
 0 500


