# Created by Octave 3.8.2, Mon Jun 22 04:51:56 2020 CEST <damian@fptrucha.inv.usc.es>
# name: hd
# type: matrix
# rows: 100
# columns: 2
 4 0
 4 5.05050505050505
 0 10.1010101010101
 264 15.15151515151515
 1 20.2020202020202
 1 25.25252525252525
 138 30.3030303030303
 474 35.35353535353535
 499 40.4040404040404
 258 45.45454545454545
 110 50.50505050505051
 52 55.55555555555555
 2 60.6060606060606
 251 65.65656565656565
 203 70.7070707070707
 463 75.75757575757575
 3 80.8080808080808
 0 85.85858585858585
 51 90.90909090909091
 5 95.95959595959596
 3 101.010101010101
 157 106.060606060606
 144 111.1111111111111
 354 116.1616161616162
 206 121.2121212121212
 67 126.2626262626263
 0 131.3131313131313
 0 136.3636363636363
 62 141.4141414141414
 84 146.4646464646464
 372 151.5151515151515
 204 156.5656565656566
 3 161.6161616161616
 0 166.6666666666667
 74 171.7171717171717
 18 176.7676767676768
 1 181.8181818181818
 0 186.8686868686869
 159 191.9191919191919
 210 196.969696969697
 51 202.020202020202
 80 207.070707070707
 151 212.1212121212121
 58 217.1717171717171
 95 222.2222222222222
 206 227.2727272727273
 129 232.3232323232323
 1 237.3737373737374
 30 242.4242424242424
 107 247.4747474747475
 20 252.5252525252525
 90 257.5757575757576
 101 262.6262626262626
 41 267.6767676767677
 233 272.7272727272727
 141 277.7777777777778
 386 282.8282828282828
 179 287.8787878787879
 1 292.9292929292929
 2 297.979797979798
 0 303.030303030303
 184 308.0808080808081
 25 313.1313131313131
 34 318.1818181818182
 25 323.2323232323232
 35 328.2828282828282
 153 333.3333333333333
 74 338.3838383838383
 16 343.4343434343434
 165 348.4848484848484
 79 353.5353535353535
 26 358.5858585858585
 2 363.6363636363636
 46 368.6868686868686
 39 373.7373737373737
 24 378.7878787878788
 1 383.8383838383838
 0 388.8888888888889
 270 393.9393939393939
 48 398.989898989899
 60 404.040404040404
 132 409.0909090909091
 99 414.1414141414141
 482 419.1919191919192
 20 424.2424242424242
 186 429.2929292929293
 167 434.3434343434343
 6 439.3939393939394
 61 444.4444444444444
 78 449.4949494949495
 60 454.5454545454545
 0 459.5959595959596
 1 464.6464646464646
 4 469.6969696969697
 0 474.7474747474747
 1 479.7979797979798
 22 484.8484848484848
 17 489.8989898989898
 65 494.9494949494949
 0 500


