# Created by Octave 3.8.2, Sun Jun 21 06:04:16 2020 CEST <damian@fptrucha.inv.usc.es>
# name: hd
# type: matrix
# rows: 100
# columns: 2
 1 0
 1 5.05050505050505
 1 10.1010101010101
 287 15.15151515151515
 1 20.2020202020202
 0 25.25252525252525
 149 30.3030303030303
 475 35.35353535353535
 576 40.4040404040404
 306 45.45454545454545
 131 50.50505050505051
 64 55.55555555555555
 0 60.6060606060606
 273 65.65656565656565
 201 70.7070707070707
 541 75.75757575757575
 1 80.8080808080808
 0 85.85858585858585
 60 90.90909090909091
 4 95.95959595959596
 3 101.010101010101
 204 106.060606060606
 175 111.1111111111111
 380 116.1616161616162
 202 121.2121212121212
 92 126.2626262626263
 1 131.3131313131313
 0 136.3636363636363
 71 141.4141414141414
 83 146.4646464646464
 446 151.5151515151515
 238 156.5656565656566
 3 161.6161616161616
 1 166.6666666666667
 67 171.7171717171717
 29 176.7676767676768
 1 181.8181818181818
 1 186.8686868686869
 186 191.9191919191919
 235 196.969696969697
 52 202.020202020202
 71 207.070707070707
 212 212.1212121212121
 58 217.1717171717171
 89 222.2222222222222
 209 227.2727272727273
 117 232.3232323232323
 1 237.3737373737374
 23 242.4242424242424
 124 247.4747474747475
 23 252.5252525252525
 129 257.5757575757576
 157 262.6262626262626
 29 267.6767676767677
 232 272.7272727272727
 151 277.7777777777778
 396 282.8282828282828
 208 287.8787878787879
 1 292.9292929292929
 0 297.979797979798
 0 303.030303030303
 189 308.0808080808081
 24 313.1313131313131
 43 318.1818181818182
 32 323.2323232323232
 29 328.2828282828282
 167 333.3333333333333
 53 338.3838383838383
 17 343.4343434343434
 182 348.4848484848484
 97 353.5353535353535
 29 358.5858585858585
 3 363.6363636363636
 43 368.6868686868686
 35 373.7373737373737
 35 378.7878787878788
 1 383.8383838383838
 0 388.8888888888889
 312 393.9393939393939
 52 398.989898989899
 65 404.040404040404
 184 409.0909090909091
 154 414.1414141414141
 603 419.1919191919192
 22 424.2424242424242
 239 429.2929292929293
 198 434.3434343434343
 2 439.3939393939394
 58 444.4444444444444
 74 449.4949494949495
 40 454.5454545454545
 1 459.5959595959596
 0 464.6464646464646
 0 469.6969696969697
 1 474.7474747474747
 2 479.7979797979798
 13 484.8484848484848
 12 489.8989898989898
 79 494.9494949494949
 0 500


