# Created by Octave 3.8.2, Mon Jun 22 14:56:45 2020 CEST <damian@fptrucha.inv.usc.es>
# name: hd
# type: matrix
# rows: 100
# columns: 2
 1 0
 2 5.05050505050505
 3 10.1010101010101
 294 15.15151515151515
 0 20.2020202020202
 0 25.25252525252525
 149 30.3030303030303
 548 35.35353535353535
 669 40.4040404040404
 340 45.45454545454545
 145 50.50505050505051
 61 55.55555555555555
 0 60.6060606060606
 287 65.65656565656565
 228 70.7070707070707
 542 75.75757575757575
 2 80.8080808080808
 2 85.85858585858585
 57 90.90909090909091
 5 95.95959595959596
 3 101.010101010101
 171 106.060606060606
 167 111.1111111111111
 413 116.1616161616162
 216 121.2121212121212
 82 126.2626262626263
 1 131.3131313131313
 0 136.3636363636363
 84 141.4141414141414
 95 146.4646464646464
 478 151.5151515151515
 252 156.5656565656566
 4 161.6161616161616
 1 166.6666666666667
 76 171.7171717171717
 35 176.7676767676768
 3 181.8181818181818
 1 186.8686868686869
 216 191.9191919191919
 259 196.969696969697
 52 202.020202020202
 75 207.070707070707
 196 212.1212121212121
 54 217.1717171717171
 94 222.2222222222222
 245 227.2727272727273
 135 232.3232323232323
 2 237.3737373737374
 28 242.4242424242424
 142 247.4747474747475
 17 252.5252525252525
 142 257.5757575757576
 143 262.6262626262626
 40 267.6767676767677
 247 272.7272727272727
 156 277.7777777777778
 440 282.8282828282828
 205 287.8787878787879
 3 292.9292929292929
 0 297.979797979798
 0 303.030303030303
 206 308.0808080808081
 30 313.1313131313131
 50 318.1818181818182
 30 323.2323232323232
 45 328.2828282828282
 183 333.3333333333333
 77 338.3838383838383
 25 343.4343434343434
 185 348.4848484848484
 118 353.5353535353535
 32 358.5858585858585
 2 363.6363636363636
 40 368.6868686868686
 41 373.7373737373737
 38 378.7878787878788
 0 383.8383838383838
 0 388.8888888888889
 348 393.9393939393939
 55 398.989898989899
 72 404.040404040404
 154 409.0909090909091
 165 414.1414141414141
 559 419.1919191919192
 20 424.2424242424242
 218 429.2929292929293
 182 434.3434343434343
 2 439.3939393939394
 52 444.4444444444444
 87 449.4949494949495
 61 454.5454545454545
 1 459.5959595959596
 1 464.6464646464646
 2 469.6969696969697
 0 474.7474747474747
 1 479.7979797979798
 19 484.8484848484848
 17 489.8989898989898
 69 494.9494949494949
 0 500


