# Created by Octave 3.8.2, Mon Jun 22 16:01:32 2020 CEST <damian@fptrucha.inv.usc.es>
# name: hd
# type: matrix
# rows: 100
# columns: 2
 0 0
 8 5.05050505050505
 0 10.1010101010101
 345 15.15151515151515
 3 20.2020202020202
 0 25.25252525252525
 175 30.3030303030303
 535 35.35353535353535
 605 40.4040404040404
 310 45.45454545454545
 118 50.50505050505051
 63 55.55555555555555
 0 60.6060606060606
 300 65.65656565656565
 206 70.7070707070707
 593 75.75757575757575
 2 80.8080808080808
 1 85.85858585858585
 66 90.90909090909091
 7 95.95959595959596
 6 101.010101010101
 194 106.060606060606
 203 111.1111111111111
 416 116.1616161616162
 199 121.2121212121212
 88 126.2626262626263
 1 131.3131313131313
 4 136.3636363636363
 73 141.4141414141414
 81 146.4646464646464
 466 151.5151515151515
 234 156.5656565656566
 1 161.6161616161616
 1 166.6666666666667
 82 171.7171717171717
 29 176.7676767676768
 1 181.8181818181818
 2 186.8686868686869
 224 191.9191919191919
 267 196.969696969697
 46 202.020202020202
 74 207.070707070707
 173 212.1212121212121
 74 217.1717171717171
 108 222.2222222222222
 248 227.2727272727273
 139 232.3232323232323
 2 237.3737373737374
 31 242.4242424242424
 120 247.4747474747475
 17 252.5252525252525
 109 257.5757575757576
 117 262.6262626262626
 40 267.6767676767677
 262 272.7272727272727
 125 277.7777777777778
 467 282.8282828282828
 195 287.8787878787879
 4 292.9292929292929
 1 297.979797979798
 3 303.030303030303
 216 308.0808080808081
 26 313.1313131313131
 39 318.1818181818182
 22 323.2323232323232
 27 328.2828282828282
 178 333.3333333333333
 60 338.3838383838383
 20 343.4343434343434
 185 348.4848484848484
 127 353.5353535353535
 45 358.5858585858585
 0 363.6363636363636
 44 368.6868686868686
 39 373.7373737373737
 32 378.7878787878788
 0 383.8383838383838
 1 388.8888888888889
 322 393.9393939393939
 67 398.989898989899
 61 404.040404040404
 182 409.0909090909091
 164 414.1414141414141
 551 419.1919191919192
 36 424.2424242424242
 226 429.2929292929293
 205 434.3434343434343
 4 439.3939393939394
 54 444.4444444444444
 73 449.4949494949495
 52 454.5454545454545
 2 459.5959595959596
 0 464.6464646464646
 1 469.6969696969697
 0 474.7474747474747
 5 479.7979797979798
 28 484.8484848484848
 21 489.8989898989898
 78 494.9494949494949
 0 500


