# Created by Octave 3.8.2, Mon Jun 22 23:16:27 2020 CEST <damian@fptrucha.inv.usc.es>
# name: hd
# type: matrix
# rows: 100
# columns: 2
 2 0
 5 5.05050505050505
 1 10.1010101010101
 326 15.15151515151515
 3 20.2020202020202
 0 25.25252525252525
 175 30.3030303030303
 534 35.35353535353535
 650 40.4040404040404
 340 45.45454545454545
 136 50.50505050505051
 82 55.55555555555555
 5 60.6060606060606
 301 65.65656565656565
 218 70.7070707070707
 646 75.75757575757575
 1 80.8080808080808
 3 85.85858585858585
 63 90.90909090909091
 5 95.95959595959596
 2 101.010101010101
 200 106.060606060606
 188 111.1111111111111
 388 116.1616161616162
 238 121.2121212121212
 81 126.2626262626263
 0 131.3131313131313
 2 136.3636363636363
 107 141.4141414141414
 91 146.4646464646464
 440 151.5151515151515
 279 156.5656565656566
 2 161.6161616161616
 0 166.6666666666667
 90 171.7171717171717
 48 176.7676767676768
 1 181.8181818181818
 3 186.8686868686869
 195 191.9191919191919
 261 196.969696969697
 48 202.020202020202
 103 207.070707070707
 204 212.1212121212121
 67 217.1717171717171
 121 222.2222222222222
 267 227.2727272727273
 121 232.3232323232323
 2 237.3737373737374
 28 242.4242424242424
 136 247.4747474747475
 26 252.5252525252525
 137 257.5757575757576
 142 262.6262626262626
 46 267.6767676767677
 293 272.7272727272727
 150 277.7777777777778
 513 282.8282828282828
 212 287.8787878787879
 1 292.9292929292929
 0 297.979797979798
 0 303.030303030303
 226 308.0808080808081
 29 313.1313131313131
 45 318.1818181818182
 24 323.2323232323232
 39 328.2828282828282
 183 333.3333333333333
 77 338.3838383838383
 16 343.4343434343434
 241 348.4848484848484
 86 353.5353535353535
 26 358.5858585858585
 2 363.6363636363636
 57 368.6868686868686
 47 373.7373737373737
 53 378.7878787878788
 2 383.8383838383838
 0 388.8888888888889
 353 393.9393939393939
 54 398.989898989899
 65 404.040404040404
 171 409.0909090909091
 127 414.1414141414141
 572 419.1919191919192
 18 424.2424242424242
 239 429.2929292929293
 190 434.3434343434343
 4 439.3939393939394
 50 444.4444444444444
 68 449.4949494949495
 65 454.5454545454545
 2 459.5959595959596
 4 464.6464646464646
 1 469.6969696969697
 2 474.7474747474747
 0 479.7979797979798
 16 484.8484848484848
 23 489.8989898989898
 67 494.9494949494949
 0 500


