# Created by Octave 3.8.2, Mon Jun 22 22:24:46 2020 CEST <damian@fptrucha.inv.usc.es>
# name: hd
# type: matrix
# rows: 100
# columns: 2
 4 0
 4 5.05050505050505
 2 10.1010101010101
 285 15.15151515151515
 4 20.2020202020202
 0 25.25252525252525
 146 30.3030303030303
 550 35.35353535353535
 618 40.4040404040404
 331 45.45454545454545
 127 50.50505050505051
 75 55.55555555555555
 5 60.6060606060606
 319 65.65656565656565
 243 70.7070707070707
 590 75.75757575757575
 1 80.8080808080808
 3 85.85858585858585
 66 90.90909090909091
 1 95.95959595959596
 3 101.010101010101
 200 106.060606060606
 182 111.1111111111111
 382 116.1616161616162
 232 121.2121212121212
 100 126.2626262626263
 0 131.3131313131313
 1 136.3636363636363
 74 141.4141414141414
 109 146.4646464646464
 483 151.5151515151515
 270 156.5656565656566
 0 161.6161616161616
 0 166.6666666666667
 74 171.7171717171717
 28 176.7676767676768
 0 181.8181818181818
 0 186.8686868686869
 215 191.9191919191919
 272 196.969696969697
 57 202.020202020202
 111 207.070707070707
 193 212.1212121212121
 70 217.1717171717171
 117 222.2222222222222
 223 227.2727272727273
 152 232.3232323232323
 0 237.3737373737374
 29 242.4242424242424
 146 247.4747474747475
 27 252.5252525252525
 131 257.5757575757576
 141 262.6262626262626
 46 267.6767676767677
 302 272.7272727272727
 168 277.7777777777778
 495 282.8282828282828
 220 287.8787878787879
 1 292.9292929292929
 2 297.979797979798
 0 303.030303030303
 214 308.0808080808081
 35 313.1313131313131
 38 318.1818181818182
 32 323.2323232323232
 43 328.2828282828282
 199 333.3333333333333
 82 338.3838383838383
 23 343.4343434343434
 204 348.4848484848484
 124 353.5353535353535
 28 358.5858585858585
 0 363.6363636363636
 47 368.6868686868686
 41 373.7373737373737
 34 378.7878787878788
 1 383.8383838383838
 0 388.8888888888889
 341 393.9393939393939
 60 398.989898989899
 67 404.040404040404
 175 409.0909090909091
 154 414.1414141414141
 579 419.1919191919192
 28 424.2424242424242
 245 429.2929292929293
 194 434.3434343434343
 6 439.3939393939394
 64 444.4444444444444
 81 449.4949494949495
 57 454.5454545454545
 1 459.5959595959596
 0 464.6464646464646
 1 469.6969696969697
 0 474.7474747474747
 2 479.7979797979798
 29 484.8484848484848
 28 489.8989898989898
 81 494.9494949494949
 0 500


