# Created by Octave 3.8.2, Mon Jun 22 11:32:05 2020 CEST <damian@fptrucha.inv.usc.es>
# name: hd
# type: matrix
# rows: 100
# columns: 2
 0 0
 4 5.05050505050505
 0 10.1010101010101
 310 15.15151515151515
 0 20.2020202020202
 1 25.25252525252525
 139 30.3030303030303
 561 35.35353535353535
 607 40.4040404040404
 304 45.45454545454545
 146 50.50505050505051
 79 55.55555555555555
 1 60.6060606060606
 313 65.65656565656565
 213 70.7070707070707
 563 75.75757575757575
 3 80.8080808080808
 0 85.85858585858585
 55 90.90909090909091
 2 95.95959595959596
 3 101.010101010101
 187 106.060606060606
 181 111.1111111111111
 384 116.1616161616162
 190 121.2121212121212
 73 126.2626262626263
 1 131.3131313131313
 2 136.3636363636363
 60 141.4141414141414
 101 146.4646464646464
 464 151.5151515151515
 283 156.5656565656566
 5 161.6161616161616
 1 166.6666666666667
 53 171.7171717171717
 44 176.7676767676768
 2 181.8181818181818
 1 186.8686868686869
 177 191.9191919191919
 256 196.969696969697
 48 202.020202020202
 97 207.070707070707
 186 212.1212121212121
 64 217.1717171717171
 114 222.2222222222222
 253 227.2727272727273
 141 232.3232323232323
 1 237.3737373737374
 31 242.4242424242424
 126 247.4747474747475
 22 252.5252525252525
 118 257.5757575757576
 119 262.6262626262626
 42 267.6767676767677
 271 272.7272727272727
 149 277.7777777777778
 472 282.8282828282828
 191 287.8787878787879
 3 292.9292929292929
 1 297.979797979798
 0 303.030303030303
 225 308.0808080808081
 19 313.1313131313131
 41 318.1818181818182
 21 323.2323232323232
 39 328.2828282828282
 175 333.3333333333333
 73 338.3838383838383
 26 343.4343434343434
 191 348.4848484848484
 95 353.5353535353535
 23 358.5858585858585
 2 363.6363636363636
 35 368.6868686868686
 50 373.7373737373737
 24 378.7878787878788
 4 383.8383838383838
 1 388.8888888888889
 293 393.9393939393939
 63 398.989898989899
 71 404.040404040404
 153 409.0909090909091
 144 414.1414141414141
 517 419.1919191919192
 22 424.2424242424242
 223 429.2929292929293
 174 434.3434343434343
 7 439.3939393939394
 57 444.4444444444444
 83 449.4949494949495
 46 454.5454545454545
 2 459.5959595959596
 3 464.6464646464646
 3 469.6969696969697
 2 474.7474747474747
 1 479.7979797979798
 18 484.8484848484848
 20 489.8989898989898
 77 494.9494949494949
 0 500


