# Created by Octave 3.8.2, Mon Jun 22 09:47:34 2020 CEST <damian@fptrucha.inv.usc.es>
# name: hd
# type: matrix
# rows: 100
# columns: 2
 1 0
 1 5.05050505050505
 4 10.1010101010101
 268 15.15151515151515
 5 20.2020202020202
 1 25.25252525252525
 163 30.3030303030303
 515 35.35353535353535
 543 40.4040404040404
 306 45.45454545454545
 135 50.50505050505051
 61 55.55555555555555
 4 60.6060606060606
 283 65.65656565656565
 220 70.7070707070707
 541 75.75757575757575
 1 80.8080808080808
 1 85.85858585858585
 69 90.90909090909091
 5 95.95959595959596
 3 101.010101010101
 183 106.060606060606
 176 111.1111111111111
 388 116.1616161616162
 200 121.2121212121212
 80 126.2626262626263
 0 131.3131313131313
 2 136.3636363636363
 63 141.4141414141414
 95 146.4646464646464
 421 151.5151515151515
 236 156.5656565656566
 3 161.6161616161616
 0 166.6666666666667
 67 171.7171717171717
 27 176.7676767676768
 2 181.8181818181818
 2 186.8686868686869
 201 191.9191919191919
 245 196.969696969697
 48 202.020202020202
 95 207.070707070707
 167 212.1212121212121
 55 217.1717171717171
 90 222.2222222222222
 256 227.2727272727273
 101 232.3232323232323
 1 237.3737373737374
 15 242.4242424242424
 160 247.4747474747475
 23 252.5252525252525
 110 257.5757575757576
 129 262.6262626262626
 53 267.6767676767677
 287 272.7272727272727
 132 277.7777777777778
 468 282.8282828282828
 196 287.8787878787879
 2 292.9292929292929
 0 297.979797979798
 1 303.030303030303
 219 308.0808080808081
 21 313.1313131313131
 29 318.1818181818182
 34 323.2323232323232
 33 328.2828282828282
 178 333.3333333333333
 55 338.3838383838383
 28 343.4343434343434
 161 348.4848484848484
 103 353.5353535353535
 24 358.5858585858585
 0 363.6363636363636
 44 368.6868686868686
 42 373.7373737373737
 40 378.7878787878788
 3 383.8383838383838
 1 388.8888888888889
 319 393.9393939393939
 68 398.989898989899
 74 404.040404040404
 183 409.0909090909091
 149 414.1414141414141
 517 419.1919191919192
 23 424.2424242424242
 243 429.2929292929293
 175 434.3434343434343
 8 439.3939393939394
 62 444.4444444444444
 70 449.4949494949495
 52 454.5454545454545
 0 459.5959595959596
 2 464.6464646464646
 0 469.6969696969697
 3 474.7474747474747
 2 479.7979797979798
 14 484.8484848484848
 25 489.8989898989898
 63 494.9494949494949
 0 500


