# Created by Octave 3.8.2, Mon Jun 22 07:19:20 2020 CEST <damian@fptrucha.inv.usc.es>
# name: hd
# type: matrix
# rows: 100
# columns: 2
 2 0
 1 5.05050505050505
 2 10.1010101010101
 286 15.15151515151515
 2 20.2020202020202
 2 25.25252525252525
 151 30.3030303030303
 505 35.35353535353535
 526 40.4040404040404
 295 45.45454545454545
 115 50.50505050505051
 76 55.55555555555555
 5 60.6060606060606
 292 65.65656565656565
 189 70.7070707070707
 504 75.75757575757575
 3 80.8080808080808
 2 85.85858585858585
 73 90.90909090909091
 1 95.95959595959596
 2 101.010101010101
 178 106.060606060606
 161 111.1111111111111
 364 116.1616161616162
 180 121.2121212121212
 74 126.2626262626263
 1 131.3131313131313
 3 136.3636363636363
 63 141.4141414141414
 92 146.4646464646464
 462 151.5151515151515
 246 156.5656565656566
 3 161.6161616161616
 1 166.6666666666667
 66 171.7171717171717
 26 176.7676767676768
 0 181.8181818181818
 0 186.8686868686869
 180 191.9191919191919
 244 196.969696969697
 56 202.020202020202
 82 207.070707070707
 174 212.1212121212121
 75 217.1717171717171
 98 222.2222222222222
 229 227.2727272727273
 135 232.3232323232323
 0 237.3737373737374
 19 242.4242424242424
 132 247.4747474747475
 21 252.5252525252525
 121 257.5757575757576
 132 262.6262626262626
 37 267.6767676767677
 282 272.7272727272727
 133 277.7777777777778
 444 282.8282828282828
 205 287.8787878787879
 1 292.9292929292929
 1 297.979797979798
 0 303.030303030303
 168 308.0808080808081
 25 313.1313131313131
 25 318.1818181818182
 23 323.2323232323232
 38 328.2828282828282
 163 333.3333333333333
 74 338.3838383838383
 17 343.4343434343434
 153 348.4848484848484
 90 353.5353535353535
 33 358.5858585858585
 0 363.6363636363636
 59 368.6868686868686
 39 373.7373737373737
 36 378.7878787878788
 1 383.8383838383838
 1 388.8888888888889
 322 393.9393939393939
 46 398.989898989899
 49 404.040404040404
 158 409.0909090909091
 124 414.1414141414141
 560 419.1919191919192
 21 424.2424242424242
 227 429.2929292929293
 178 434.3434343434343
 5 439.3939393939394
 55 444.4444444444444
 71 449.4949494949495
 46 454.5454545454545
 2 459.5959595959596
 4 464.6464646464646
 2 469.6969696969697
 0 474.7474747474747
 1 479.7979797979798
 24 484.8484848484848
 13 489.8989898989898
 58 494.9494949494949
 0 500


