# Created by Octave 3.8.2, Sat Jun 20 13:02:08 2020 CEST <damian@fptrucha.inv.usc.es>
# name: hd
# type: matrix
# rows: 100
# columns: 2
 3 0
 2 5.05050505050505
 0 10.1010101010101
 274 15.15151515151515
 4 20.2020202020202
 1 25.25252525252525
 152 30.3030303030303
 584 35.35353535353535
 626 40.4040404040404
 353 45.45454545454545
 142 50.50505050505051
 67 55.55555555555555
 2 60.6060606060606
 274 65.65656565656565
 199 70.7070707070707
 618 75.75757575757575
 0 80.8080808080808
 0 85.85858585858585
 72 90.90909090909091
 1 95.95959595959596
 4 101.010101010101
 181 106.060606060606
 199 111.1111111111111
 418 116.1616161616162
 243 121.2121212121212
 101 126.2626262626263
 0 131.3131313131313
 1 136.3636363636363
 63 141.4141414141414
 85 146.4646464646464
 458 151.5151515151515
 289 156.5656565656566
 1 161.6161616161616
 2 166.6666666666667
 86 171.7171717171717
 29 176.7676767676768
 0 181.8181818181818
 0 186.8686868686869
 190 191.9191919191919
 280 196.969696969697
 49 202.020202020202
 92 207.070707070707
 190 212.1212121212121
 87 217.1717171717171
 109 222.2222222222222
 214 227.2727272727273
 147 232.3232323232323
 1 237.3737373737374
 24 242.4242424242424
 145 247.4747474747475
 28 252.5252525252525
 127 257.5757575757576
 153 262.6262626262626
 46 267.6767676767677
 307 272.7272727272727
 157 277.7777777777778
 497 282.8282828282828
 214 287.8787878787879
 1 292.9292929292929
 1 297.979797979798
 1 303.030303030303
 223 308.0808080808081
 32 313.1313131313131
 46 318.1818181818182
 27 323.2323232323232
 40 328.2828282828282
 155 333.3333333333333
 61 338.3838383838383
 21 343.4343434343434
 176 348.4848484848484
 106 353.5353535353535
 36 358.5858585858585
 0 363.6363636363636
 65 368.6868686868686
 47 373.7373737373737
 37 378.7878787878788
 0 383.8383838383838
 2 388.8888888888889
 331 393.9393939393939
 52 398.989898989899
 82 404.040404040404
 185 409.0909090909091
 139 414.1414141414141
 606 419.1919191919192
 19 424.2424242424242
 240 429.2929292929293
 193 434.3434343434343
 8 439.3939393939394
 45 444.4444444444444
 79 449.4949494949495
 60 454.5454545454545
 0 459.5959595959596
 0 464.6464646464646
 2 469.6969696969697
 1 474.7474747474747
 0 479.7979797979798
 12 484.8484848484848
 27 489.8989898989898
 73 494.9494949494949
 0 500


