# Created by Octave 3.8.2, Sun Jun 21 00:54:06 2020 CEST <damian@fptrucha.inv.usc.es>
# name: hd
# type: matrix
# rows: 100
# columns: 2
 3 0
 1 5.05050505050505
 1 10.1010101010101
 262 15.15151515151515
 2 20.2020202020202
 0 25.25252525252525
 140 30.3030303030303
 490 35.35353535353535
 592 40.4040404040404
 265 45.45454545454545
 124 50.50505050505051
 57 55.55555555555555
 0 60.6060606060606
 283 65.65656565656565
 232 70.7070707070707
 579 75.75757575757575
 1 80.8080808080808
 1 85.85858585858585
 53 90.90909090909091
 3 95.95959595959596
 6 101.010101010101
 169 106.060606060606
 175 111.1111111111111
 379 116.1616161616162
 182 121.2121212121212
 89 126.2626262626263
 0 131.3131313131313
 0 136.3636363636363
 64 141.4141414141414
 73 146.4646464646464
 427 151.5151515151515
 267 156.5656565656566
 3 161.6161616161616
 0 166.6666666666667
 83 171.7171717171717
 36 176.7676767676768
 0 181.8181818181818
 1 186.8686868686869
 149 191.9191919191919
 225 196.969696969697
 39 202.020202020202
 99 207.070707070707
 200 212.1212121212121
 61 217.1717171717171
 94 222.2222222222222
 201 227.2727272727273
 120 232.3232323232323
 0 237.3737373737374
 17 242.4242424242424
 119 247.4747474747475
 22 252.5252525252525
 124 257.5757575757576
 135 262.6262626262626
 34 267.6767676767677
 255 272.7272727272727
 137 277.7777777777778
 403 282.8282828282828
 190 287.8787878787879
 1 292.9292929292929
 1 297.979797979798
 1 303.030303030303
 248 308.0808080808081
 20 313.1313131313131
 34 318.1818181818182
 33 323.2323232323232
 34 328.2828282828282
 151 333.3333333333333
 62 338.3838383838383
 20 343.4343434343434
 167 348.4848484848484
 89 353.5353535353535
 28 358.5858585858585
 1 363.6363636363636
 33 368.6868686868686
 40 373.7373737373737
 35 378.7878787878788
 0 383.8383838383838
 0 388.8888888888889
 302 393.9393939393939
 48 398.989898989899
 54 404.040404040404
 178 409.0909090909091
 145 414.1414141414141
 537 419.1919191919192
 16 424.2424242424242
 236 429.2929292929293
 156 434.3434343434343
 4 439.3939393939394
 64 444.4444444444444
 73 449.4949494949495
 48 454.5454545454545
 0 459.5959595959596
 0 464.6464646464646
 0 469.6969696969697
 2 474.7474747474747
 3 479.7979797979798
 15 484.8484848484848
 18 489.8989898989898
 75 494.9494949494949
 0 500


