# Created by Octave 3.8.2, Sat Jun 20 05:04:34 2020 CEST <damian@fptrucha.inv.usc.es>
# name: hd
# type: matrix
# rows: 100
# columns: 2
 2 0
 6 5.05050505050505
 4 10.1010101010101
 287 15.15151515151515
 0 20.2020202020202
 3 25.25252525252525
 177 30.3030303030303
 540 35.35353535353535
 638 40.4040404040404
 262 45.45454545454545
 147 50.50505050505051
 86 55.55555555555555
 0 60.6060606060606
 287 65.65656565656565
 225 70.7070707070707
 619 75.75757575757575
 2 80.8080808080808
 0 85.85858585858585
 68 90.90909090909091
 7 95.95959595959596
 3 101.010101010101
 218 106.060606060606
 197 111.1111111111111
 423 116.1616161616162
 235 121.2121212121212
 90 126.2626262626263
 2 131.3131313131313
 1 136.3636363636363
 75 141.4141414141414
 91 146.4646464646464
 492 151.5151515151515
 309 156.5656565656566
 1 161.6161616161616
 1 166.6666666666667
 67 171.7171717171717
 37 176.7676767676768
 0 181.8181818181818
 1 186.8686868686869
 210 191.9191919191919
 234 196.969696969697
 48 202.020202020202
 113 207.070707070707
 197 212.1212121212121
 65 217.1717171717171
 119 222.2222222222222
 206 227.2727272727273
 147 232.3232323232323
 1 237.3737373737374
 26 242.4242424242424
 123 247.4747474747475
 17 252.5252525252525
 133 257.5757575757576
 146 262.6262626262626
 50 267.6767676767677
 278 272.7272727272727
 154 277.7777777777778
 482 282.8282828282828
 227 287.8787878787879
 0 292.9292929292929
 1 297.979797979798
 0 303.030303030303
 248 308.0808080808081
 26 313.1313131313131
 47 318.1818181818182
 32 323.2323232323232
 52 328.2828282828282
 213 333.3333333333333
 73 338.3838383838383
 17 343.4343434343434
 206 348.4848484848484
 121 353.5353535353535
 38 358.5858585858585
 1 363.6363636363636
 47 368.6868686868686
 44 373.7373737373737
 51 378.7878787878788
 1 383.8383838383838
 2 388.8888888888889
 347 393.9393939393939
 76 398.989898989899
 70 404.040404040404
 170 409.0909090909091
 159 414.1414141414141
 603 419.1919191919192
 29 424.2424242424242
 251 429.2929292929293
 208 434.3434343434343
 5 439.3939393939394
 65 444.4444444444444
 86 449.4949494949495
 67 454.5454545454545
 0 459.5959595959596
 2 464.6464646464646
 1 469.6969696969697
 3 474.7474747474747
 1 479.7979797979798
 17 484.8484848484848
 24 489.8989898989898
 71 494.9494949494949
 0 500


