# Created by Octave 3.8.2, Sat Jun 20 06:55:07 2020 CEST <damian@fptrucha.inv.usc.es>
# name: hd
# type: matrix
# rows: 100
# columns: 2
 3 0
 5 5.05050505050505
 1 10.1010101010101
 306 15.15151515151515
 0 20.2020202020202
 1 25.25252525252525
 185 30.3030303030303
 624 35.35353535353535
 683 40.4040404040404
 336 45.45454545454545
 135 50.50505050505051
 79 55.55555555555555
 1 60.6060606060606
 317 65.65656565656565
 239 70.7070707070707
 627 75.75757575757575
 1 80.8080808080808
 1 85.85858585858585
 91 90.90909090909091
 3 95.95959595959596
 2 101.010101010101
 199 106.060606060606
 217 111.1111111111111
 447 116.1616161616162
 240 121.2121212121212
 102 126.2626262626263
 0 131.3131313131313
 1 136.3636363636363
 77 141.4141414141414
 88 146.4646464646464
 495 151.5151515151515
 269 156.5656565656566
 1 161.6161616161616
 4 166.6666666666667
 89 171.7171717171717
 42 176.7676767676768
 0 181.8181818181818
 0 186.8686868686869
 241 191.9191919191919
 292 196.969696969697
 55 202.020202020202
 110 207.070707070707
 216 212.1212121212121
 79 217.1717171717171
 104 222.2222222222222
 268 227.2727272727273
 155 232.3232323232323
 2 237.3737373737374
 28 242.4242424242424
 141 247.4747474747475
 21 252.5252525252525
 128 257.5757575757576
 143 262.6262626262626
 38 267.6767676767677
 265 272.7272727272727
 154 277.7777777777778
 473 282.8282828282828
 207 287.8787878787879
 2 292.9292929292929
 1 297.979797979798
 0 303.030303030303
 209 308.0808080808081
 26 313.1313131313131
 46 318.1818181818182
 32 323.2323232323232
 49 328.2828282828282
 196 333.3333333333333
 79 338.3838383838383
 25 343.4343434343434
 220 348.4848484848484
 114 353.5353535353535
 32 358.5858585858585
 1 363.6363636363636
 65 368.6868686868686
 46 373.7373737373737
 47 378.7878787878788
 2 383.8383838383838
 2 388.8888888888889
 364 393.9393939393939
 67 398.989898989899
 74 404.040404040404
 197 409.0909090909091
 175 414.1414141414141
 656 419.1919191919192
 20 424.2424242424242
 277 429.2929292929293
 184 434.3434343434343
 4 439.3939393939394
 58 444.4444444444444
 84 449.4949494949495
 50 454.5454545454545
 1 459.5959595959596
 1 464.6464646464646
 1 469.6969696969697
 3 474.7474747474747
 0 479.7979797979798
 20 484.8484848484848
 30 489.8989898989898
 83 494.9494949494949
 0 500


