# Created by Octave 3.8.2, Sat Jun 20 18:51:12 2020 CEST <damian@fptrucha.inv.usc.es>
# name: hd
# type: matrix
# rows: 100
# columns: 2
 0 0
 5 5.05050505050505
 0 10.1010101010101
 283 15.15151515151515
 1 20.2020202020202
 1 25.25252525252525
 158 30.3030303030303
 545 35.35353535353535
 641 40.4040404040404
 321 45.45454545454545
 120 50.50505050505051
 57 55.55555555555555
 0 60.6060606060606
 262 65.65656565656565
 200 70.7070707070707
 562 75.75757575757575
 0 80.8080808080808
 0 85.85858585858585
 56 90.90909090909091
 4 95.95959595959596
 2 101.010101010101
 190 106.060606060606
 173 111.1111111111111
 382 116.1616161616162
 201 121.2121212121212
 103 126.2626262626263
 1 131.3131313131313
 0 136.3636363636363
 63 141.4141414141414
 91 146.4646464646464
 454 151.5151515151515
 263 156.5656565656566
 1 161.6161616161616
 2 166.6666666666667
 62 171.7171717171717
 24 176.7676767676768
 1 181.8181818181818
 2 186.8686868686869
 203 191.9191919191919
 297 196.969696969697
 49 202.020202020202
 91 207.070707070707
 183 212.1212121212121
 63 217.1717171717171
 108 222.2222222222222
 236 227.2727272727273
 130 232.3232323232323
 2 237.3737373737374
 21 242.4242424242424
 133 247.4747474747475
 20 252.5252525252525
 127 257.5757575757576
 127 262.6262626262626
 37 267.6767676767677
 264 272.7272727272727
 142 277.7777777777778
 439 282.8282828282828
 209 287.8787878787879
 0 292.9292929292929
 0 297.979797979798
 0 303.030303030303
 221 308.0808080808081
 25 313.1313131313131
 44 318.1818181818182
 33 323.2323232323232
 36 328.2828282828282
 171 333.3333333333333
 68 338.3838383838383
 23 343.4343434343434
 192 348.4848484848484
 89 353.5353535353535
 26 358.5858585858585
 0 363.6363636363636
 46 368.6868686868686
 35 373.7373737373737
 29 378.7878787878788
 0 383.8383838383838
 0 388.8888888888889
 314 393.9393939393939
 52 398.989898989899
 73 404.040404040404
 148 409.0909090909091
 134 414.1414141414141
 534 419.1919191919192
 27 424.2424242424242
 194 429.2929292929293
 181 434.3434343434343
 4 439.3939393939394
 47 444.4444444444444
 81 449.4949494949495
 57 454.5454545454545
 0 459.5959595959596
 3 464.6464646464646
 1 469.6969696969697
 1 474.7474747474747
 2 479.7979797979798
 24 484.8484848484848
 25 489.8989898989898
 65 494.9494949494949
 0 500


