# Created by Octave 3.8.2, Sat Jun 20 09:38:57 2020 CEST <damian@fptrucha.inv.usc.es>
# name: hd
# type: matrix
# rows: 100
# columns: 2
 3 0
 7 5.05050505050505
 0 10.1010101010101
 293 15.15151515151515
 4 20.2020202020202
 1 25.25252525252525
 175 30.3030303030303
 533 35.35353535353535
 699 40.4040404040404
 353 45.45454545454545
 163 50.50505050505051
 59 55.55555555555555
 1 60.6060606060606
 321 65.65656565656565
 249 70.7070707070707
 642 75.75757575757575
 0 80.8080808080808
 1 85.85858585858585
 68 90.90909090909091
 5 95.95959595959596
 3 101.010101010101
 190 106.060606060606
 189 111.1111111111111
 432 116.1616161616162
 230 121.2121212121212
 94 126.2626262626263
 1 131.3131313131313
 0 136.3636363636363
 91 141.4141414141414
 111 146.4646464646464
 531 151.5151515151515
 288 156.5656565656566
 2 161.6161616161616
 0 166.6666666666667
 73 171.7171717171717
 41 176.7676767676768
 0 181.8181818181818
 1 186.8686868686869
 177 191.9191919191919
 289 196.969696969697
 42 202.020202020202
 104 207.070707070707
 173 212.1212121212121
 86 217.1717171717171
 108 222.2222222222222
 264 227.2727272727273
 154 232.3232323232323
 1 237.3737373737374
 28 242.4242424242424
 148 247.4747474747475
 27 252.5252525252525
 144 257.5757575757576
 194 262.6262626262626
 42 267.6767676767677
 302 272.7272727272727
 172 277.7777777777778
 514 282.8282828282828
 241 287.8787878787879
 0 292.9292929292929
 1 297.979797979798
 0 303.030303030303
 226 308.0808080808081
 21 313.1313131313131
 52 318.1818181818182
 45 323.2323232323232
 39 328.2828282828282
 201 333.3333333333333
 80 338.3838383838383
 17 343.4343434343434
 199 348.4848484848484
 114 353.5353535353535
 46 358.5858585858585
 0 363.6363636363636
 69 368.6868686868686
 49 373.7373737373737
 35 378.7878787878788
 1 383.8383838383838
 2 388.8888888888889
 372 393.9393939393939
 75 398.989898989899
 66 404.040404040404
 192 409.0909090909091
 143 414.1414141414141
 614 419.1919191919192
 27 424.2424242424242
 305 429.2929292929293
 190 434.3434343434343
 6 439.3939393939394
 64 444.4444444444444
 86 449.4949494949495
 52 454.5454545454545
 0 459.5959595959596
 1 464.6464646464646
 1 469.6969696969697
 0 474.7474747474747
 0 479.7979797979798
 17 484.8484848484848
 27 489.8989898989898
 80 494.9494949494949
 0 500


