# Created by Octave 3.8.2, Sat Jun 20 05:53:46 2020 CEST <damian@fptrucha.inv.usc.es>
# name: hd
# type: matrix
# rows: 100
# columns: 2
 2 0
 0 5.05050505050505
 2 10.1010101010101
 305 15.15151515151515
 1 20.2020202020202
 0 25.25252525252525
 169 30.3030303030303
 557 35.35353535353535
 675 40.4040404040404
 340 45.45454545454545
 157 50.50505050505051
 89 55.55555555555555
 1 60.6060606060606
 307 65.65656565656565
 243 70.7070707070707
 630 75.75757575757575
 1 80.8080808080808
 2 85.85858585858585
 82 90.90909090909091
 4 95.95959595959596
 1 101.010101010101
 215 106.060606060606
 195 111.1111111111111
 434 116.1616161616162
 217 121.2121212121212
 91 126.2626262626263
 0 131.3131313131313
 4 136.3636363636363
 71 141.4141414141414
 108 146.4646464646464
 478 151.5151515151515
 299 156.5656565656566
 1 161.6161616161616
 1 166.6666666666667
 60 171.7171717171717
 41 176.7676767676768
 0 181.8181818181818
 0 186.8686868686869
 194 191.9191919191919
 280 196.969696969697
 49 202.020202020202
 92 207.070707070707
 204 212.1212121212121
 71 217.1717171717171
 116 222.2222222222222
 252 227.2727272727273
 152 232.3232323232323
 1 237.3737373737374
 20 242.4242424242424
 156 247.4747474747475
 17 252.5252525252525
 125 257.5757575757576
 154 262.6262626262626
 40 267.6767676767677
 273 272.7272727272727
 151 277.7777777777778
 525 282.8282828282828
 230 287.8787878787879
 1 292.9292929292929
 0 297.979797979798
 0 303.030303030303
 208 308.0808080808081
 31 313.1313131313131
 50 318.1818181818182
 30 323.2323232323232
 38 328.2828282828282
 189 333.3333333333333
 80 338.3838383838383
 18 343.4343434343434
 216 348.4848484848484
 108 353.5353535353535
 33 358.5858585858585
 2 363.6363636363636
 65 368.6868686868686
 43 373.7373737373737
 47 378.7878787878788
 1 383.8383838383838
 1 388.8888888888889
 376 393.9393939393939
 71 398.989898989899
 57 404.040404040404
 184 409.0909090909091
 171 414.1414141414141
 622 419.1919191919192
 24 424.2424242424242
 244 429.2929292929293
 182 434.3434343434343
 2 439.3939393939394
 56 444.4444444444444
 96 449.4949494949495
 59 454.5454545454545
 0 459.5959595959596
 0 464.6464646464646
 0 469.6969696969697
 1 474.7474747474747
 4 479.7979797979798
 31 484.8484848484848
 12 489.8989898989898
 81 494.9494949494949
 0 500


