# Created by Octave 3.8.2, Sat Jun 20 06:07:48 2020 CEST <damian@fptrucha.inv.usc.es>
# name: hd
# type: matrix
# rows: 100
# columns: 2
 0 0
 4 5.05050505050505
 0 10.1010101010101
 312 15.15151515151515
 3 20.2020202020202
 1 25.25252525252525
 169 30.3030303030303
 611 35.35353535353535
 604 40.4040404040404
 327 45.45454545454545
 142 50.50505050505051
 83 55.55555555555555
 2 60.6060606060606
 313 65.65656565656565
 225 70.7070707070707
 636 75.75757575757575
 1 80.8080808080808
 2 85.85858585858585
 59 90.90909090909091
 6 95.95959595959596
 0 101.010101010101
 224 106.060606060606
 193 111.1111111111111
 431 116.1616161616162
 226 121.2121212121212
 103 126.2626262626263
 2 131.3131313131313
 1 136.3636363636363
 72 141.4141414141414
 101 146.4646464646464
 504 151.5151515151515
 300 156.5656565656566
 2 161.6161616161616
 0 166.6666666666667
 89 171.7171717171717
 34 176.7676767676768
 0 181.8181818181818
 0 186.8686868686869
 187 191.9191919191919
 287 196.969696969697
 37 202.020202020202
 104 207.070707070707
 222 212.1212121212121
 62 217.1717171717171
 137 222.2222222222222
 245 227.2727272727273
 157 232.3232323232323
 0 237.3737373737374
 23 242.4242424242424
 159 247.4747474747475
 23 252.5252525252525
 137 257.5757575757576
 178 262.6262626262626
 40 267.6767676767677
 275 272.7272727272727
 163 277.7777777777778
 499 282.8282828282828
 234 287.8787878787879
 0 292.9292929292929
 0 297.979797979798
 0 303.030303030303
 235 308.0808080808081
 13 313.1313131313131
 49 318.1818181818182
 34 323.2323232323232
 38 328.2828282828282
 183 333.3333333333333
 83 338.3838383838383
 20 343.4343434343434
 197 348.4848484848484
 114 353.5353535353535
 30 358.5858585858585
 2 363.6363636363636
 49 368.6868686868686
 46 373.7373737373737
 40 378.7878787878788
 1 383.8383838383838
 1 388.8888888888889
 329 393.9393939393939
 63 398.989898989899
 66 404.040404040404
 182 409.0909090909091
 143 414.1414141414141
 627 419.1919191919192
 19 424.2424242424242
 231 429.2929292929293
 203 434.3434343434343
 3 439.3939393939394
 80 444.4444444444444
 87 449.4949494949495
 52 454.5454545454545
 0 459.5959595959596
 1 464.6464646464646
 1 469.6969696969697
 2 474.7474747474747
 2 479.7979797979798
 25 484.8484848484848
 31 489.8989898989898
 80 494.9494949494949
 0 500


