# Created by Octave 3.8.2, Sat Jun 20 18:02:30 2020 CEST <damian@fptrucha.inv.usc.es>
# name: hd
# type: matrix
# rows: 100
# columns: 2
 1 0
 4 5.05050505050505
 1 10.1010101010101
 299 15.15151515151515
 3 20.2020202020202
 0 25.25252525252525
 151 30.3030303030303
 476 35.35353535353535
 635 40.4040404040404
 293 45.45454545454545
 125 50.50505050505051
 67 55.55555555555555
 1 60.6060606060606
 241 65.65656565656565
 209 70.7070707070707
 534 75.75757575757575
 1 80.8080808080808
 0 85.85858585858585
 46 90.90909090909091
 5 95.95959595959596
 4 101.010101010101
 177 106.060606060606
 179 111.1111111111111
 420 116.1616161616162
 231 121.2121212121212
 80 126.2626262626263
 0 131.3131313131313
 1 136.3636363636363
 73 141.4141414141414
 90 146.4646464646464
 429 151.5151515151515
 288 156.5656565656566
 0 161.6161616161616
 0 166.6666666666667
 70 171.7171717171717
 30 176.7676767676768
 0 181.8181818181818
 2 186.8686868686869
 172 191.9191919191919
 243 196.969696969697
 47 202.020202020202
 91 207.070707070707
 206 212.1212121212121
 66 217.1717171717171
 109 222.2222222222222
 220 227.2727272727273
 155 232.3232323232323
 1 237.3737373737374
 21 242.4242424242424
 111 247.4747474747475
 16 252.5252525252525
 118 257.5757575757576
 156 262.6262626262626
 47 267.6767676767677
 257 272.7272727272727
 163 277.7777777777778
 491 282.8282828282828
 186 287.8787878787879
 0 292.9292929292929
 1 297.979797979798
 0 303.030303030303
 209 308.0808080808081
 23 313.1313131313131
 49 318.1818181818182
 39 323.2323232323232
 35 328.2828282828282
 160 333.3333333333333
 60 338.3838383838383
 12 343.4343434343434
 171 348.4848484848484
 85 353.5353535353535
 34 358.5858585858585
 0 363.6363636363636
 47 368.6868686868686
 27 373.7373737373737
 27 378.7878787878788
 0 383.8383838383838
 0 388.8888888888889
 296 393.9393939393939
 50 398.989898989899
 50 404.040404040404
 174 409.0909090909091
 132 414.1414141414141
 593 419.1919191919192
 21 424.2424242424242
 228 429.2929292929293
 211 434.3434343434343
 5 439.3939393939394
 53 444.4444444444444
 79 449.4949494949495
 40 454.5454545454545
 0 459.5959595959596
 1 464.6464646464646
 0 469.6969696969697
 0 474.7474747474747
 0 479.7979797979798
 20 484.8484848484848
 10 489.8989898989898
 64 494.9494949494949
 0 500


