# Created by Octave 3.8.2, Sun Jun 21 02:53:57 2020 CEST <damian@fptrucha.inv.usc.es>
# name: hd
# type: matrix
# rows: 100
# columns: 2
 3 0
 1 5.05050505050505
 2 10.1010101010101
 261 15.15151515151515
 2 20.2020202020202
 0 25.25252525252525
 127 30.3030303030303
 528 35.35353535353535
 592 40.4040404040404
 277 45.45454545454545
 134 50.50505050505051
 59 55.55555555555555
 3 60.6060606060606
 284 65.65656565656565
 214 70.7070707070707
 553 75.75757575757575
 2 80.8080808080808
 1 85.85858585858585
 46 90.90909090909091
 1 95.95959595959596
 1 101.010101010101
 169 106.060606060606
 190 111.1111111111111
 365 116.1616161616162
 200 121.2121212121212
 100 126.2626262626263
 1 131.3131313131313
 0 136.3636363636363
 56 141.4141414141414
 94 146.4646464646464
 394 151.5151515151515
 277 156.5656565656566
 2 161.6161616161616
 1 166.6666666666667
 69 171.7171717171717
 29 176.7676767676768
 0 181.8181818181818
 0 186.8686868686869
 179 191.9191919191919
 260 196.969696969697
 36 202.020202020202
 77 207.070707070707
 177 212.1212121212121
 62 217.1717171717171
 105 222.2222222222222
 231 227.2727272727273
 144 232.3232323232323
 1 237.3737373737374
 26 242.4242424242424
 116 247.4747474747475
 22 252.5252525252525
 116 257.5757575757576
 148 262.6262626262626
 30 267.6767676767677
 263 272.7272727272727
 135 277.7777777777778
 409 282.8282828282828
 199 287.8787878787879
 0 292.9292929292929
 0 297.979797979798
 0 303.030303030303
 192 308.0808080808081
 20 313.1313131313131
 33 318.1818181818182
 32 323.2323232323232
 45 328.2828282828282
 170 333.3333333333333
 60 338.3838383838383
 17 343.4343434343434
 152 348.4848484848484
 99 353.5353535353535
 34 358.5858585858585
 1 363.6363636363636
 37 368.6868686868686
 36 373.7373737373737
 36 378.7878787878788
 2 383.8383838383838
 0 388.8888888888889
 291 393.9393939393939
 52 398.989898989899
 54 404.040404040404
 182 409.0909090909091
 133 414.1414141414141
 547 419.1919191919192
 18 424.2424242424242
 205 429.2929292929293
 158 434.3434343434343
 0 439.3939393939394
 54 444.4444444444444
 74 449.4949494949495
 56 454.5454545454545
 1 459.5959595959596
 2 464.6464646464646
 0 469.6969696969697
 1 474.7474747474747
 0 479.7979797979798
 21 484.8484848484848
 12 489.8989898989898
 77 494.9494949494949
 0 500


