# Created by Octave 3.8.2, Sun Jun 21 00:23:32 2020 CEST <damian@fptrucha.inv.usc.es>
# name: hd
# type: matrix
# rows: 100
# columns: 2
 1 0
 5 5.05050505050505
 0 10.1010101010101
 237 15.15151515151515
 2 20.2020202020202
 0 25.25252525252525
 154 30.3030303030303
 513 35.35353535353535
 571 40.4040404040404
 285 45.45454545454545
 140 50.50505050505051
 78 55.55555555555555
 2 60.6060606060606
 267 65.65656565656565
 163 70.7070707070707
 566 75.75757575757575
 0 80.8080808080808
 1 85.85858585858585
 64 90.90909090909091
 2 95.95959595959596
 5 101.010101010101
 172 106.060606060606
 177 111.1111111111111
 351 116.1616161616162
 179 121.2121212121212
 92 126.2626262626263
 0 131.3131313131313
 0 136.3636363636363
 78 141.4141414141414
 84 146.4646464646464
 435 151.5151515151515
 267 156.5656565656566
 4 161.6161616161616
 2 166.6666666666667
 61 171.7171717171717
 24 176.7676767676768
 0 181.8181818181818
 2 186.8686868686869
 171 191.9191919191919
 247 196.969696969697
 48 202.020202020202
 88 207.070707070707
 199 212.1212121212121
 57 217.1717171717171
 111 222.2222222222222
 243 227.2727272727273
 121 232.3232323232323
 0 237.3737373737374
 24 242.4242424242424
 160 247.4747474747475
 20 252.5252525252525
 116 257.5757575757576
 150 262.6262626262626
 32 267.6767676767677
 265 272.7272727272727
 146 277.7777777777778
 443 282.8282828282828
 221 287.8787878787879
 0 292.9292929292929
 0 297.979797979798
 0 303.030303030303
 197 308.0808080808081
 26 313.1313131313131
 45 318.1818181818182
 32 323.2323232323232
 41 328.2828282828282
 166 333.3333333333333
 61 338.3838383838383
 14 343.4343434343434
 217 348.4848484848484
 96 353.5353535353535
 23 358.5858585858585
 1 363.6363636363636
 48 368.6868686868686
 39 373.7373737373737
 37 378.7878787878788
 1 383.8383838383838
 0 388.8888888888889
 305 393.9393939393939
 55 398.989898989899
 72 404.040404040404
 157 409.0909090909091
 137 414.1414141414141
 509 419.1919191919192
 24 424.2424242424242
 190 429.2929292929293
 175 434.3434343434343
 1 439.3939393939394
 54 444.4444444444444
 72 449.4949494949495
 41 454.5454545454545
 0 459.5959595959596
 0 464.6464646464646
 0 469.6969696969697
 0 474.7474747474747
 1 479.7979797979798
 15 484.8484848484848
 21 489.8989898989898
 56 494.9494949494949
 0 500


