# Created by Octave 3.8.2, Mon Jun 22 04:01:29 2020 CEST <damian@fptrucha.inv.usc.es>
# name: hd
# type: matrix
# rows: 100
# columns: 2
 5 0
 4 5.05050505050505
 2 10.1010101010101
 281 15.15151515151515
 6 20.2020202020202
 1 25.25252525252525
 154 30.3030303030303
 477 35.35353535353535
 544 40.4040404040404
 288 45.45454545454545
 118 50.50505050505051
 52 55.55555555555555
 2 60.6060606060606
 251 65.65656565656565
 178 70.7070707070707
 491 75.75757575757575
 2 80.8080808080808
 2 85.85858585858585
 50 90.90909090909091
 4 95.95959595959596
 3 101.010101010101
 173 106.060606060606
 154 111.1111111111111
 344 116.1616161616162
 165 121.2121212121212
 63 126.2626262626263
 1 131.3131313131313
 2 136.3636363636363
 62 141.4141414141414
 78 146.4646464646464
 383 151.5151515151515
 224 156.5656565656566
 1 161.6161616161616
 0 166.6666666666667
 74 171.7171717171717
 18 176.7676767676768
 1 181.8181818181818
 0 186.8686868686869
 188 191.9191919191919
 234 196.969696969697
 37 202.020202020202
 78 207.070707070707
 170 212.1212121212121
 68 217.1717171717171
 94 222.2222222222222
 219 227.2727272727273
 100 232.3232323232323
 2 237.3737373737374
 32 242.4242424242424
 126 247.4747474747475
 21 252.5252525252525
 95 257.5757575757576
 125 262.6262626262626
 45 267.6767676767677
 258 272.7272727272727
 122 277.7777777777778
 422 282.8282828282828
 195 287.8787878787879
 1 292.9292929292929
 0 297.979797979798
 1 303.030303030303
 176 308.0808080808081
 22 313.1313131313131
 23 318.1818181818182
 25 323.2323232323232
 43 328.2828282828282
 166 333.3333333333333
 77 338.3838383838383
 22 343.4343434343434
 167 348.4848484848484
 91 353.5353535353535
 38 358.5858585858585
 2 363.6363636363636
 43 368.6868686868686
 34 373.7373737373737
 28 378.7878787878788
 2 383.8383838383838
 0 388.8888888888889
 300 393.9393939393939
 62 398.989898989899
 51 404.040404040404
 160 409.0909090909091
 134 414.1414141414141
 497 419.1919191919192
 17 424.2424242424242
 212 429.2929292929293
 183 434.3434343434343
 8 439.3939393939394
 47 444.4444444444444
 70 449.4949494949495
 46 454.5454545454545
 1 459.5959595959596
 2 464.6464646464646
 1 469.6969696969697
 1 474.7474747474747
 2 479.7979797979798
 22 484.8484848484848
 22 489.8989898989898
 62 494.9494949494949
 0 500


