# Created by Octave 3.8.2, Mon Jun 22 12:12:39 2020 CEST <damian@fptrucha.inv.usc.es>
# name: hd
# type: matrix
# rows: 100
# columns: 2
 0 0
 3 5.05050505050505
 2 10.1010101010101
 274 15.15151515151515
 3 20.2020202020202
 3 25.25252525252525
 141 30.3030303030303
 499 35.35353535353535
 622 40.4040404040404
 303 45.45454545454545
 123 50.50505050505051
 71 55.55555555555555
 2 60.6060606060606
 279 65.65656565656565
 218 70.7070707070707
 548 75.75757575757575
 1 80.8080808080808
 0 85.85858585858585
 46 90.90909090909091
 4 95.95959595959596
 0 101.010101010101
 171 106.060606060606
 160 111.1111111111111
 390 116.1616161616162
 223 121.2121212121212
 86 126.2626262626263
 0 131.3131313131313
 3 136.3636363636363
 66 141.4141414141414
 99 146.4646464646464
 438 151.5151515151515
 239 156.5656565656566
 7 161.6161616161616
 1 166.6666666666667
 71 171.7171717171717
 35 176.7676767676768
 0 181.8181818181818
 0 186.8686868686869
 187 191.9191919191919
 280 196.969696969697
 39 202.020202020202
 88 207.070707070707
 183 212.1212121212121
 62 217.1717171717171
 116 222.2222222222222
 253 227.2727272727273
 128 232.3232323232323
 0 237.3737373737374
 21 242.4242424242424
 129 247.4747474747475
 31 252.5252525252525
 105 257.5757575757576
 132 262.6262626262626
 35 267.6767676767677
 282 272.7272727272727
 152 277.7777777777778
 451 282.8282828282828
 221 287.8787878787879
 2 292.9292929292929
 1 297.979797979798
 1 303.030303030303
 199 308.0808080808081
 21 313.1313131313131
 35 318.1818181818182
 21 323.2323232323232
 46 328.2828282828282
 174 333.3333333333333
 65 338.3838383838383
 23 343.4343434343434
 171 348.4848484848484
 100 353.5353535353535
 30 358.5858585858585
 3 363.6363636363636
 43 368.6868686868686
 47 373.7373737373737
 36 378.7878787878788
 0 383.8383838383838
 1 388.8888888888889
 298 393.9393939393939
 65 398.989898989899
 60 404.040404040404
 162 409.0909090909091
 142 414.1414141414141
 564 419.1919191919192
 22 424.2424242424242
 243 429.2929292929293
 166 434.3434343434343
 6 439.3939393939394
 59 444.4444444444444
 77 449.4949494949495
 51 454.5454545454545
 0 459.5959595959596
 2 464.6464646464646
 1 469.6969696969697
 1 474.7474747474747
 2 479.7979797979798
 18 484.8484848484848
 21 489.8989898989898
 78 494.9494949494949
 0 500


