# Created by Octave 3.8.2, Mon Jun 22 03:44:33 2020 CEST <damian@fptrucha.inv.usc.es>
# name: hd
# type: matrix
# rows: 100
# columns: 2
 3 0
 5 5.05050505050505
 0 10.1010101010101
 273 15.15151515151515
 2 20.2020202020202
 0 25.25252525252525
 145 30.3030303030303
 458 35.35353535353535
 597 40.4040404040404
 277 45.45454545454545
 140 50.50505050505051
 70 55.55555555555555
 2 60.6060606060606
 243 65.65656565656565
 207 70.7070707070707
 551 75.75757575757575
 2 80.8080808080808
 4 85.85858585858585
 59 90.90909090909091
 4 95.95959595959596
 7 101.010101010101
 145 106.060606060606
 154 111.1111111111111
 365 116.1616161616162
 166 121.2121212121212
 74 126.2626262626263
 0 131.3131313131313
 3 136.3636363636363
 52 141.4141414141414
 82 146.4646464646464
 409 151.5151515151515
 243 156.5656565656566
 1 161.6161616161616
 2 166.6666666666667
 69 171.7171717171717
 35 176.7676767676768
 2 181.8181818181818
 1 186.8686868686869
 178 191.9191919191919
 234 196.969696969697
 44 202.020202020202
 93 207.070707070707
 144 212.1212121212121
 43 217.1717171717171
 107 222.2222222222222
 219 227.2727272727273
 116 232.3232323232323
 0 237.3737373737374
 24 242.4242424242424
 127 247.4747474747475
 29 252.5252525252525
 101 257.5757575757576
 96 262.6262626262626
 35 267.6767676767677
 218 272.7272727272727
 143 277.7777777777778
 411 282.8282828282828
 169 287.8787878787879
 2 292.9292929292929
 1 297.979797979798
 0 303.030303030303
 192 308.0808080808081
 23 313.1313131313131
 39 318.1818181818182
 29 323.2323232323232
 43 328.2828282828282
 162 333.3333333333333
 68 338.3838383838383
 22 343.4343434343434
 161 348.4848484848484
 88 353.5353535353535
 33 358.5858585858585
 5 363.6363636363636
 51 368.6868686868686
 40 373.7373737373737
 36 378.7878787878788
 3 383.8383838383838
 0 388.8888888888889
 283 393.9393939393939
 56 398.989898989899
 53 404.040404040404
 146 409.0909090909091
 125 414.1414141414141
 509 419.1919191919192
 17 424.2424242424242
 214 429.2929292929293
 152 434.3434343434343
 4 439.3939393939394
 58 444.4444444444444
 68 449.4949494949495
 60 454.5454545454545
 1 459.5959595959596
 1 464.6464646464646
 3 469.6969696969697
 3 474.7474747474747
 2 479.7979797979798
 13 484.8484848484848
 18 489.8989898989898
 79 494.9494949494949
 0 500


