# Created by Octave 3.8.2, Mon Jun 22 03:00:06 2020 CEST <damian@fptrucha.inv.usc.es>
# name: hd
# type: matrix
# rows: 100
# columns: 2
 3 0
 6 5.05050505050505
 1 10.1010101010101
 281 15.15151515151515
 4 20.2020202020202
 3 25.25252525252525
 135 30.3030303030303
 472 35.35353535353535
 521 40.4040404040404
 298 45.45454545454545
 120 50.50505050505051
 67 55.55555555555555
 2 60.6060606060606
 278 65.65656565656565
 185 70.7070707070707
 515 75.75757575757575
 4 80.8080808080808
 3 85.85858585858585
 61 90.90909090909091
 6 95.95959595959596
 3 101.010101010101
 193 106.060606060606
 152 111.1111111111111
 347 116.1616161616162
 182 121.2121212121212
 86 126.2626262626263
 2 131.3131313131313
 4 136.3636363636363
 70 141.4141414141414
 97 146.4646464646464
 404 151.5151515151515
 230 156.5656565656566
 3 161.6161616161616
 2 166.6666666666667
 65 171.7171717171717
 34 176.7676767676768
 3 181.8181818181818
 3 186.8686868686869
 171 191.9191919191919
 255 196.969696969697
 46 202.020202020202
 89 207.070707070707
 171 212.1212121212121
 53 217.1717171717171
 91 222.2222222222222
 216 227.2727272727273
 131 232.3232323232323
 1 237.3737373737374
 25 242.4242424242424
 131 247.4747474747475
 13 252.5252525252525
 126 257.5757575757576
 120 262.6262626262626
 41 267.6767676767677
 246 272.7272727272727
 127 277.7777777777778
 438 282.8282828282828
 166 287.8787878787879
 2 292.9292929292929
 1 297.979797979798
 1 303.030303030303
 196 308.0808080808081
 21 313.1313131313131
 30 318.1818181818182
 31 323.2323232323232
 53 328.2828282828282
 181 333.3333333333333
 58 338.3838383838383
 15 343.4343434343434
 189 348.4848484848484
 94 353.5353535353535
 28 358.5858585858585
 1 363.6363636363636
 34 368.6868686868686
 30 373.7373737373737
 40 378.7878787878788
 0 383.8383838383838
 2 388.8888888888889
 300 393.9393939393939
 56 398.989898989899
 50 404.040404040404
 144 409.0909090909091
 160 414.1414141414141
 500 419.1919191919192
 26 424.2424242424242
 214 429.2929292929293
 168 434.3434343434343
 3 439.3939393939394
 54 444.4444444444444
 79 449.4949494949495
 52 454.5454545454545
 3 459.5959595959596
 1 464.6464646464646
 3 469.6969696969697
 1 474.7474747474747
 0 479.7979797979798
 25 484.8484848484848
 12 489.8989898989898
 64 494.9494949494949
 0 500


