# Created by Octave 3.8.2, Sun Jun 21 01:53:48 2020 CEST <damian@fptrucha.inv.usc.es>
# name: hd
# type: matrix
# rows: 100
# columns: 2
 1 0
 2 5.05050505050505
 1 10.1010101010101
 283 15.15151515151515
 2 20.2020202020202
 1 25.25252525252525
 159 30.3030303030303
 467 35.35353535353535
 549 40.4040404040404
 295 45.45454545454545
 124 50.50505050505051
 55 55.55555555555555
 3 60.6060606060606
 254 65.65656565656565
 198 70.7070707070707
 600 75.75757575757575
 1 80.8080808080808
 1 85.85858585858585
 67 90.90909090909091
 2 95.95959595959596
 4 101.010101010101
 174 106.060606060606
 185 111.1111111111111
 376 116.1616161616162
 215 121.2121212121212
 87 126.2626262626263
 0 131.3131313131313
 1 136.3636363636363
 65 141.4141414141414
 89 146.4646464646464
 418 151.5151515151515
 236 156.5656565656566
 1 161.6161616161616
 0 166.6666666666667
 63 171.7171717171717
 26 176.7676767676768
 0 181.8181818181818
 0 186.8686868686869
 207 191.9191919191919
 225 196.969696969697
 35 202.020202020202
 86 207.070707070707
 179 212.1212121212121
 69 217.1717171717171
 97 222.2222222222222
 203 227.2727272727273
 126 232.3232323232323
 1 237.3737373737374
 15 242.4242424242424
 146 247.4747474747475
 17 252.5252525252525
 108 257.5757575757576
 149 262.6262626262626
 28 267.6767676767677
 263 272.7272727272727
 121 277.7777777777778
 468 282.8282828282828
 188 287.8787878787879
 1 292.9292929292929
 0 297.979797979798
 0 303.030303030303
 211 308.0808080808081
 23 313.1313131313131
 37 318.1818181818182
 35 323.2323232323232
 43 328.2828282828282
 137 333.3333333333333
 75 338.3838383838383
 17 343.4343434343434
 170 348.4848484848484
 104 353.5353535353535
 22 358.5858585858585
 0 363.6363636363636
 36 368.6868686868686
 35 373.7373737373737
 36 378.7878787878788
 0 383.8383838383838
 0 388.8888888888889
 319 393.9393939393939
 54 398.989898989899
 52 404.040404040404
 172 409.0909090909091
 124 414.1414141414141
 576 419.1919191919192
 20 424.2424242424242
 213 429.2929292929293
 171 434.3434343434343
 2 439.3939393939394
 60 444.4444444444444
 75 449.4949494949495
 53 454.5454545454545
 0 459.5959595959596
 1 464.6464646464646
 0 469.6969696969697
 0 474.7474747474747
 1 479.7979797979798
 19 484.8484848484848
 23 489.8989898989898
 69 494.9494949494949
 0 500


