# Created by Octave 3.8.2, Sat Jun 20 21:36:09 2020 CEST <damian@fptrucha.inv.usc.es>
# name: hd
# type: matrix
# rows: 100
# columns: 2
 0 0
 3 5.05050505050505
 1 10.1010101010101
 248 15.15151515151515
 0 20.2020202020202
 1 25.25252525252525
 138 30.3030303030303
 482 35.35353535353535
 572 40.4040404040404
 300 45.45454545454545
 131 50.50505050505051
 51 55.55555555555555
 2 60.6060606060606
 261 65.65656565656565
 201 70.7070707070707
 533 75.75757575757575
 1 80.8080808080808
 1 85.85858585858585
 64 90.90909090909091
 3 95.95959595959596
 4 101.010101010101
 165 106.060606060606
 175 111.1111111111111
 375 116.1616161616162
 185 121.2121212121212
 82 126.2626262626263
 0 131.3131313131313
 4 136.3636363636363
 53 141.4141414141414
 74 146.4646464646464
 440 151.5151515151515
 247 156.5656565656566
 2 161.6161616161616
 1 166.6666666666667
 74 171.7171717171717
 32 176.7676767676768
 1 181.8181818181818
 1 186.8686868686869
 180 191.9191919191919
 237 196.969696969697
 47 202.020202020202
 88 207.070707070707
 179 212.1212121212121
 61 217.1717171717171
 107 222.2222222222222
 217 227.2727272727273
 118 232.3232323232323
 1 237.3737373737374
 21 242.4242424242424
 122 247.4747474747475
 19 252.5252525252525
 115 257.5757575757576
 117 262.6262626262626
 35 267.6767676767677
 252 272.7272727272727
 145 277.7777777777778
 492 282.8282828282828
 201 287.8787878787879
 1 292.9292929292929
 1 297.979797979798
 0 303.030303030303
 174 308.0808080808081
 21 313.1313131313131
 51 318.1818181818182
 31 323.2323232323232
 43 328.2828282828282
 145 333.3333333333333
 49 338.3838383838383
 12 343.4343434343434
 199 348.4848484848484
 90 353.5353535353535
 21 358.5858585858585
 0 363.6363636363636
 48 368.6868686868686
 32 373.7373737373737
 35 378.7878787878788
 0 383.8383838383838
 1 388.8888888888889
 303 393.9393939393939
 50 398.989898989899
 63 404.040404040404
 172 409.0909090909091
 140 414.1414141414141
 540 419.1919191919192
 18 424.2424242424242
 234 429.2929292929293
 163 434.3434343434343
 1 439.3939393939394
 44 444.4444444444444
 91 449.4949494949495
 41 454.5454545454545
 1 459.5959595959596
 0 464.6464646464646
 0 469.6969696969697
 0 474.7474747474747
 3 479.7979797979798
 20 484.8484848484848
 27 489.8989898989898
 61 494.9494949494949
 0 500


