# Created by Octave 3.8.2, Mon Jun 22 18:00:51 2020 CEST <damian@fptrucha.inv.usc.es>
# name: hd
# type: matrix
# rows: 100
# columns: 2
 1 0
 2 5.05050505050505
 3 10.1010101010101
 271 15.15151515151515
 2 20.2020202020202
 1 25.25252525252525
 165 30.3030303030303
 551 35.35353535353535
 619 40.4040404040404
 348 45.45454545454545
 125 50.50505050505051
 67 55.55555555555555
 1 60.6060606060606
 264 65.65656565656565
 227 70.7070707070707
 567 75.75757575757575
 0 80.8080808080808
 2 85.85858585858585
 60 90.90909090909091
 5 95.95959595959596
 2 101.010101010101
 190 106.060606060606
 188 111.1111111111111
 430 116.1616161616162
 211 121.2121212121212
 80 126.2626262626263
 0 131.3131313131313
 1 136.3636363636363
 53 141.4141414141414
 87 146.4646464646464
 477 151.5151515151515
 268 156.5656565656566
 5 161.6161616161616
 2 166.6666666666667
 79 171.7171717171717
 32 176.7676767676768
 0 181.8181818181818
 2 186.8686868686869
 179 191.9191919191919
 279 196.969696969697
 47 202.020202020202
 99 207.070707070707
 198 212.1212121212121
 54 217.1717171717171
 109 222.2222222222222
 258 227.2727272727273
 135 232.3232323232323
 0 237.3737373737374
 34 242.4242424242424
 169 247.4747474747475
 23 252.5252525252525
 121 257.5757575757576
 130 262.6262626262626
 41 267.6767676767677
 272 272.7272727272727
 152 277.7777777777778
 459 282.8282828282828
 189 287.8787878787879
 0 292.9292929292929
 1 297.979797979798
 0 303.030303030303
 205 308.0808080808081
 31 313.1313131313131
 39 318.1818181818182
 38 323.2323232323232
 45 328.2828282828282
 196 333.3333333333333
 54 338.3838383838383
 26 343.4343434343434
 185 348.4848484848484
 79 353.5353535353535
 37 358.5858585858585
 3 363.6363636363636
 48 368.6868686868686
 38 373.7373737373737
 30 378.7878787878788
 1 383.8383838383838
 0 388.8888888888889
 319 393.9393939393939
 64 398.989898989899
 61 404.040404040404
 158 409.0909090909091
 140 414.1414141414141
 561 419.1919191919192
 29 424.2424242424242
 231 429.2929292929293
 181 434.3434343434343
 1 439.3939393939394
 62 444.4444444444444
 72 449.4949494949495
 66 454.5454545454545
 0 459.5959595959596
 1 464.6464646464646
 2 469.6969696969697
 1 474.7474747474747
 0 479.7979797979798
 26 484.8484848484848
 22 489.8989898989898
 66 494.9494949494949
 0 500


