# Created by Octave 3.8.2, Mon Jun 22 21:02:29 2020 CEST <damian@fptrucha.inv.usc.es>
# name: hd
# type: matrix
# rows: 100
# columns: 2
 1 0
 3 5.05050505050505
 4 10.1010101010101
 290 15.15151515151515
 1 20.2020202020202
 0 25.25252525252525
 150 30.3030303030303
 533 35.35353535353535
 656 40.4040404040404
 308 45.45454545454545
 133 50.50505050505051
 81 55.55555555555555
 2 60.6060606060606
 282 65.65656565656565
 246 70.7070707070707
 550 75.75757575757575
 0 80.8080808080808
 1 85.85858585858585
 67 90.90909090909091
 2 95.95959595959596
 5 101.010101010101
 172 106.060606060606
 178 111.1111111111111
 402 116.1616161616162
 199 121.2121212121212
 86 126.2626262626263
 1 131.3131313131313
 1 136.3636363636363
 70 141.4141414141414
 92 146.4646464646464
 487 151.5151515151515
 304 156.5656565656566
 2 161.6161616161616
 2 166.6666666666667
 80 171.7171717171717
 21 176.7676767676768
 2 181.8181818181818
 2 186.8686868686869
 249 191.9191919191919
 299 196.969696969697
 54 202.020202020202
 94 207.070707070707
 181 212.1212121212121
 67 217.1717171717171
 118 222.2222222222222
 252 227.2727272727273
 168 232.3232323232323
 0 237.3737373737374
 25 242.4242424242424
 149 247.4747474747475
 23 252.5252525252525
 135 257.5757575757576
 121 262.6262626262626
 46 267.6767676767677
 259 272.7272727272727
 141 277.7777777777778
 461 282.8282828282828
 195 287.8787878787879
 1 292.9292929292929
 2 297.979797979798
 0 303.030303030303
 179 308.0808080808081
 31 313.1313131313131
 58 318.1818181818182
 46 323.2323232323232
 38 328.2828282828282
 178 333.3333333333333
 64 338.3838383838383
 25 343.4343434343434
 195 348.4848484848484
 118 353.5353535353535
 38 358.5858585858585
 1 363.6363636363636
 46 368.6868686868686
 50 373.7373737373737
 56 378.7878787878788
 3 383.8383838383838
 1 388.8888888888889
 327 393.9393939393939
 74 398.989898989899
 61 404.040404040404
 190 409.0909090909091
 150 414.1414141414141
 567 419.1919191919192
 16 424.2424242424242
 239 429.2929292929293
 194 434.3434343434343
 4 439.3939393939394
 54 444.4444444444444
 80 449.4949494949495
 44 454.5454545454545
 0 459.5959595959596
 2 464.6464646464646
 2 469.6969696969697
 1 474.7474747474747
 1 479.7979797979798
 32 484.8484848484848
 19 489.8989898989898
 76 494.9494949494949
 0 500


