# Created by Octave 3.8.2, Sun Jun 21 02:46:21 2020 CEST <damian@fptrucha.inv.usc.es>
# name: hd
# type: matrix
# rows: 100
# columns: 2
 1 0
 4 5.05050505050505
 1 10.1010101010101
 261 15.15151515151515
 4 20.2020202020202
 0 25.25252525252525
 141 30.3030303030303
 488 35.35353535353535
 604 40.4040404040404
 307 45.45454545454545
 138 50.50505050505051
 64 55.55555555555555
 2 60.6060606060606
 257 65.65656565656565
 188 70.7070707070707
 560 75.75757575757575
 2 80.8080808080808
 0 85.85858585858585
 55 90.90909090909091
 3 95.95959595959596
 3 101.010101010101
 166 106.060606060606
 169 111.1111111111111
 374 116.1616161616162
 219 121.2121212121212
 78 126.2626262626263
 1 131.3131313131313
 0 136.3636363636363
 63 141.4141414141414
 100 146.4646464646464
 432 151.5151515151515
 269 156.5656565656566
 2 161.6161616161616
 1 166.6666666666667
 60 171.7171717171717
 34 176.7676767676768
 0 181.8181818181818
 1 186.8686868686869
 191 191.9191919191919
 267 196.969696969697
 45 202.020202020202
 77 207.070707070707
 180 212.1212121212121
 61 217.1717171717171
 106 222.2222222222222
 228 227.2727272727273
 131 232.3232323232323
 1 237.3737373737374
 17 242.4242424242424
 144 247.4747474747475
 15 252.5252525252525
 107 257.5757575757576
 118 262.6262626262626
 42 267.6767676767677
 255 272.7272727272727
 130 277.7777777777778
 455 282.8282828282828
 199 287.8787878787879
 0 292.9292929292929
 1 297.979797979798
 1 303.030303030303
 202 308.0808080808081
 22 313.1313131313131
 50 318.1818181818182
 23 323.2323232323232
 45 328.2828282828282
 185 333.3333333333333
 74 338.3838383838383
 12 343.4343434343434
 164 348.4848484848484
 92 353.5353535353535
 32 358.5858585858585
 2 363.6363636363636
 43 368.6868686868686
 39 373.7373737373737
 42 378.7878787878788
 1 383.8383838383838
 1 388.8888888888889
 320 393.9393939393939
 70 398.989898989899
 55 404.040404040404
 171 409.0909090909091
 153 414.1414141414141
 559 419.1919191919192
 15 424.2424242424242
 230 429.2929292929293
 173 434.3434343434343
 2 439.3939393939394
 49 444.4444444444444
 72 449.4949494949495
 41 454.5454545454545
 0 459.5959595959596
 0 464.6464646464646
 3 469.6969696969697
 1 474.7474747474747
 3 479.7979797979798
 13 484.8484848484848
 12 489.8989898989898
 80 494.9494949494949
 0 500


