# Created by Octave 3.8.2, Mon Jun 22 06:43:06 2020 CEST <damian@fptrucha.inv.usc.es>
# name: hd
# type: matrix
# rows: 100
# columns: 2
 7 0
 5 5.05050505050505
 1 10.1010101010101
 260 15.15151515151515
 7 20.2020202020202
 1 25.25252525252525
 150 30.3030303030303
 484 35.35353535353535
 544 40.4040404040404
 284 45.45454545454545
 128 50.50505050505051
 63 55.55555555555555
 4 60.6060606060606
 275 65.65656565656565
 182 70.7070707070707
 506 75.75757575757575
 3 80.8080808080808
 3 85.85858585858585
 66 90.90909090909091
 7 95.95959595959596
 4 101.010101010101
 181 106.060606060606
 151 111.1111111111111
 399 116.1616161616162
 214 121.2121212121212
 101 126.2626262626263
 0 131.3131313131313
 5 136.3636363636363
 67 141.4141414141414
 92 146.4646464646464
 413 151.5151515151515
 226 156.5656565656566
 3 161.6161616161616
 4 166.6666666666667
 76 171.7171717171717
 36 176.7676767676768
 1 181.8181818181818
 2 186.8686868686869
 181 191.9191919191919
 250 196.969696969697
 52 202.020202020202
 77 207.070707070707
 173 212.1212121212121
 49 217.1717171717171
 91 222.2222222222222
 215 227.2727272727273
 134 232.3232323232323
 5 237.3737373737374
 28 242.4242424242424
 131 247.4747474747475
 26 252.5252525252525
 111 257.5757575757576
 133 262.6262626262626
 39 267.6767676767677
 242 272.7272727272727
 137 277.7777777777778
 419 282.8282828282828
 193 287.8787878787879
 2 292.9292929292929
 0 297.979797979798
 0 303.030303030303
 218 308.0808080808081
 31 313.1313131313131
 35 318.1818181818182
 34 323.2323232323232
 34 328.2828282828282
 162 333.3333333333333
 78 338.3838383838383
 22 343.4343434343434
 191 348.4848484848484
 77 353.5353535353535
 26 358.5858585858585
 2 363.6363636363636
 41 368.6868686868686
 35 373.7373737373737
 40 378.7878787878788
 4 383.8383838383838
 2 388.8888888888889
 287 393.9393939393939
 63 398.989898989899
 68 404.040404040404
 148 409.0909090909091
 138 414.1414141414141
 516 419.1919191919192
 11 424.2424242424242
 199 429.2929292929293
 157 434.3434343434343
 2 439.3939393939394
 55 444.4444444444444
 88 449.4949494949495
 59 454.5454545454545
 1 459.5959595959596
 2 464.6464646464646
 3 469.6969696969697
 1 474.7474747474747
 2 479.7979797979798
 32 484.8484848484848
 20 489.8989898989898
 62 494.9494949494949
 0 500


