# Created by Octave 3.8.2, Sat Jun 20 14:33:30 2020 CEST <damian@fptrucha.inv.usc.es>
# name: hd
# type: matrix
# rows: 100
# columns: 2
 5 0
 1 5.05050505050505
 1 10.1010101010101
 308 15.15151515151515
 2 20.2020202020202
 1 25.25252525252525
 163 30.3030303030303
 559 35.35353535353535
 590 40.4040404040404
 318 45.45454545454545
 130 50.50505050505051
 69 55.55555555555555
 1 60.6060606060606
 280 65.65656565656565
 206 70.7070707070707
 568 75.75757575757575
 0 80.8080808080808
 1 85.85858585858585
 54 90.90909090909091
 4 95.95959595959596
 3 101.010101010101
 167 106.060606060606
 191 111.1111111111111
 440 116.1616161616162
 213 121.2121212121212
 74 126.2626262626263
 3 131.3131313131313
 1 136.3636363636363
 71 141.4141414141414
 88 146.4646464646464
 439 151.5151515151515
 287 156.5656565656566
 3 161.6161616161616
 2 166.6666666666667
 71 171.7171717171717
 28 176.7676767676768
 0 181.8181818181818
 0 186.8686868686869
 194 191.9191919191919
 253 196.969696969697
 47 202.020202020202
 86 207.070707070707
 186 212.1212121212121
 73 217.1717171717171
 114 222.2222222222222
 236 227.2727272727273
 151 232.3232323232323
 2 237.3737373737374
 16 242.4242424242424
 135 247.4747474747475
 20 252.5252525252525
 127 257.5757575757576
 158 262.6262626262626
 48 267.6767676767677
 255 272.7272727272727
 183 277.7777777777778
 509 282.8282828282828
 200 287.8787878787879
 0 292.9292929292929
 3 297.979797979798
 0 303.030303030303
 227 308.0808080808081
 22 313.1313131313131
 56 318.1818181818182
 34 323.2323232323232
 45 328.2828282828282
 188 333.3333333333333
 61 338.3838383838383
 15 343.4343434343434
 192 348.4848484848484
 89 353.5353535353535
 25 358.5858585858585
 2 363.6363636363636
 46 368.6868686868686
 39 373.7373737373737
 36 378.7878787878788
 0 383.8383838383838
 0 388.8888888888889
 333 393.9393939393939
 47 398.989898989899
 81 404.040404040404
 152 409.0909090909091
 156 414.1414141414141
 557 419.1919191919192
 25 424.2424242424242
 255 429.2929292929293
 178 434.3434343434343
 2 439.3939393939394
 67 444.4444444444444
 93 449.4949494949495
 50 454.5454545454545
 0 459.5959595959596
 0 464.6464646464646
 0 469.6969696969697
 2 474.7474747474747
 2 479.7979797979798
 18 484.8484848484848
 20 489.8989898989898
 85 494.9494949494949
 0 500


