# Created by Octave 3.8.2, Sat Jun 20 14:54:43 2020 CEST <damian@fptrucha.inv.usc.es>
# name: hd
# type: matrix
# rows: 100
# columns: 2
 1 0
 1 5.05050505050505
 0 10.1010101010101
 201 15.15151515151515
 2 20.2020202020202
 1 25.25252525252525
 102 30.3030303030303
 346 35.35353535353535
 397 40.4040404040404
 196 45.45454545454545
 87 50.50505050505051
 49 55.55555555555555
 0 60.6060606060606
 209 65.65656565656565
 135 70.7070707070707
 381 75.75757575757575
 2 80.8080808080808
 0 85.85858585858585
 48 90.90909090909091
 4 95.95959595959596
 2 101.010101010101
 121 106.060606060606
 124 111.1111111111111
 265 116.1616161616162
 136 121.2121212121212
 49 126.2626262626263
 0 131.3131313131313
 2 136.3636363636363
 51 141.4141414141414
 59 146.4646464646464
 321 151.5151515151515
 156 156.5656565656566
 1 161.6161616161616
 1 166.6666666666667
 53 171.7171717171717
 13 176.7676767676768
 1 181.8181818181818
 1 186.8686868686869
 123 191.9191919191919
 168 196.969696969697
 25 202.020202020202
 64 207.070707070707
 128 212.1212121212121
 39 217.1717171717171
 59 222.2222222222222
 151 227.2727272727273
 105 232.3232323232323
 0 237.3737373737374
 16 242.4242424242424
 94 247.4747474747475
 11 252.5252525252525
 75 257.5757575757576
 85 262.6262626262626
 18 267.6767676767677
 171 272.7272727272727
 106 277.7777777777778
 271 282.8282828282828
 158 287.8787878787879
 0 292.9292929292929
 0 297.979797979798
 0 303.030303030303
 135 308.0808080808081
 15 313.1313131313131
 34 318.1818181818182
 26 323.2323232323232
 19 328.2828282828282
 138 333.3333333333333
 38 338.3838383838383
 17 343.4343434343434
 151 348.4848484848484
 73 353.5353535353535
 23 358.5858585858585
 1 363.6363636363636
 23 368.6868686868686
 30 373.7373737373737
 20 378.7878787878788
 0 383.8383838383838
 0 388.8888888888889
 205 393.9393939393939
 32 398.989898989899
 44 404.040404040404
 116 409.0909090909091
 93 414.1414141414141
 363 419.1919191919192
 17 424.2424242424242
 147 429.2929292929293
 140 434.3434343434343
 3 439.3939393939394
 35 444.4444444444444
 57 449.4949494949495
 35 454.5454545454545
 2 459.5959595959596
 0 464.6464646464646
 1 469.6969696969697
 2 474.7474747474747
 1 479.7979797979798
 11 484.8484848484848
 11 489.8989898989898
 43 494.9494949494949
 0 500


