# Created by Octave 3.8.2, Mon Jun 22 19:24:45 2020 CEST <damian@fptrucha.inv.usc.es>
# name: hd
# type: matrix
# rows: 100
# columns: 2
 3 0
 6 5.05050505050505
 2 10.1010101010101
 286 15.15151515151515
 3 20.2020202020202
 0 25.25252525252525
 179 30.3030303030303
 506 35.35353535353535
 613 40.4040404040404
 350 45.45454545454545
 137 50.50505050505051
 74 55.55555555555555
 3 60.6060606060606
 273 65.65656565656565
 212 70.7070707070707
 596 75.75757575757575
 1 80.8080808080808
 1 85.85858585858585
 71 90.90909090909091
 6 95.95959595959596
 5 101.010101010101
 192 106.060606060606
 170 111.1111111111111
 409 116.1616161616162
 224 121.2121212121212
 87 126.2626262626263
 1 131.3131313131313
 2 136.3636363636363
 73 141.4141414141414
 114 146.4646464646464
 452 151.5151515151515
 253 156.5656565656566
 1 161.6161616161616
 0 166.6666666666667
 86 171.7171717171717
 29 176.7676767676768
 1 181.8181818181818
 0 186.8686868686869
 207 191.9191919191919
 268 196.969696969697
 55 202.020202020202
 94 207.070707070707
 209 212.1212121212121
 69 217.1717171717171
 90 222.2222222222222
 256 227.2727272727273
 145 232.3232323232323
 3 237.3737373737374
 15 242.4242424242424
 131 247.4747474747475
 22 252.5252525252525
 108 257.5757575757576
 153 262.6262626262626
 38 267.6767676767677
 282 272.7272727272727
 165 277.7777777777778
 452 282.8282828282828
 206 287.8787878787879
 0 292.9292929292929
 3 297.979797979798
 0 303.030303030303
 195 308.0808080808081
 43 313.1313131313131
 36 318.1818181818182
 29 323.2323232323232
 43 328.2828282828282
 211 333.3333333333333
 81 338.3838383838383
 21 343.4343434343434
 174 348.4848484848484
 104 353.5353535353535
 30 358.5858585858585
 1 363.6363636363636
 43 368.6868686868686
 38 373.7373737373737
 36 378.7878787878788
 3 383.8383838383838
 1 388.8888888888889
 323 393.9393939393939
 66 398.989898989899
 53 404.040404040404
 184 409.0909090909091
 172 414.1414141414141
 564 419.1919191919192
 27 424.2424242424242
 244 429.2929292929293
 172 434.3434343434343
 2 439.3939393939394
 56 444.4444444444444
 73 449.4949494949495
 82 454.5454545454545
 2 459.5959595959596
 0 464.6464646464646
 0 469.6969696969697
 1 474.7474747474747
 1 479.7979797979798
 29 484.8484848484848
 22 489.8989898989898
 65 494.9494949494949
 0 500


