# Created by Octave 3.8.2, Mon Jun 22 06:21:53 2020 CEST <damian@fptrucha.inv.usc.es>
# name: hd
# type: matrix
# rows: 100
# columns: 2
 3 0
 0 5.05050505050505
 4 10.1010101010101
 273 15.15151515151515
 4 20.2020202020202
 3 25.25252525252525
 135 30.3030303030303
 499 35.35353535353535
 612 40.4040404040404
 296 45.45454545454545
 133 50.50505050505051
 69 55.55555555555555
 3 60.6060606060606
 265 65.65656565656565
 188 70.7070707070707
 521 75.75757575757575
 4 80.8080808080808
 3 85.85858585858585
 45 90.90909090909091
 5 95.95959595959596
 0 101.010101010101
 150 106.060606060606
 162 111.1111111111111
 350 116.1616161616162
 170 121.2121212121212
 80 126.2626262626263
 1 131.3131313131313
 1 136.3636363636363
 58 141.4141414141414
 96 146.4646464646464
 417 151.5151515151515
 239 156.5656565656566
 4 161.6161616161616
 4 166.6666666666667
 72 171.7171717171717
 39 176.7676767676768
 2 181.8181818181818
 0 186.8686868686869
 158 191.9191919191919
 237 196.969696969697
 41 202.020202020202
 91 207.070707070707
 180 212.1212121212121
 64 217.1717171717171
 98 222.2222222222222
 210 227.2727272727273
 157 232.3232323232323
 1 237.3737373737374
 36 242.4242424242424
 137 247.4747474747475
 27 252.5252525252525
 95 257.5757575757576
 125 262.6262626262626
 45 267.6767676767677
 243 272.7272727272727
 153 277.7777777777778
 423 282.8282828282828
 194 287.8787878787879
 1 292.9292929292929
 1 297.979797979798
 1 303.030303030303
 201 308.0808080808081
 24 313.1313131313131
 23 318.1818181818182
 28 323.2323232323232
 40 328.2828282828282
 167 333.3333333333333
 59 338.3838383838383
 18 343.4343434343434
 166 348.4848484848484
 90 353.5353535353535
 18 358.5858585858585
 2 363.6363636363636
 38 368.6868686868686
 36 373.7373737373737
 36 378.7878787878788
 3 383.8383838383838
 3 388.8888888888889
 288 393.9393939393939
 68 398.989898989899
 73 404.040404040404
 144 409.0909090909091
 151 414.1414141414141
 491 419.1919191919192
 24 424.2424242424242
 232 429.2929292929293
 166 434.3434343434343
 6 439.3939393939394
 64 444.4444444444444
 74 449.4949494949495
 53 454.5454545454545
 0 459.5959595959596
 3 464.6464646464646
 3 469.6969696969697
 1 474.7474747474747
 7 479.7979797979798
 14 484.8484848484848
 26 489.8989898989898
 72 494.9494949494949
 0 500


