# Created by Octave 3.8.2, Sat Jun 20 18:45:07 2020 CEST <damian@fptrucha.inv.usc.es>
# name: hd
# type: matrix
# rows: 100
# columns: 2
 3 0
 1 5.05050505050505
 2 10.1010101010101
 254 15.15151515151515
 2 20.2020202020202
 0 25.25252525252525
 143 30.3030303030303
 523 35.35353535353535
 633 40.4040404040404
 289 45.45454545454545
 130 50.50505050505051
 73 55.55555555555555
 0 60.6060606060606
 269 65.65656565656565
 203 70.7070707070707
 566 75.75757575757575
 0 80.8080808080808
 0 85.85858585858585
 63 90.90909090909091
 5 95.95959595959596
 1 101.010101010101
 150 106.060606060606
 167 111.1111111111111
 394 116.1616161616162
 192 121.2121212121212
 90 126.2626262626263
 2 131.3131313131313
 2 136.3636363636363
 71 141.4141414141414
 68 146.4646464646464
 446 151.5151515151515
 281 156.5656565656566
 0 161.6161616161616
 1 166.6666666666667
 55 171.7171717171717
 29 176.7676767676768
 0 181.8181818181818
 0 186.8686868686869
 194 191.9191919191919
 264 196.969696969697
 52 202.020202020202
 83 207.070707070707
 194 212.1212121212121
 56 217.1717171717171
 111 222.2222222222222
 225 227.2727272727273
 155 232.3232323232323
 0 237.3737373737374
 24 242.4242424242424
 130 247.4747474747475
 14 252.5252525252525
 110 257.5757575757576
 176 262.6262626262626
 42 267.6767676767677
 258 272.7272727272727
 137 277.7777777777778
 459 282.8282828282828
 183 287.8787878787879
 1 292.9292929292929
 2 297.979797979798
 0 303.030303030303
 198 308.0808080808081
 29 313.1313131313131
 49 318.1818181818182
 28 323.2323232323232
 46 328.2828282828282
 168 333.3333333333333
 54 338.3838383838383
 18 343.4343434343434
 185 348.4848484848484
 101 353.5353535353535
 24 358.5858585858585
 1 363.6363636363636
 53 368.6868686868686
 28 373.7373737373737
 39 378.7878787878788
 0 383.8383838383838
 0 388.8888888888889
 289 393.9393939393939
 56 398.989898989899
 73 404.040404040404
 186 409.0909090909091
 146 414.1414141414141
 574 419.1919191919192
 19 424.2424242424242
 217 429.2929292929293
 172 434.3434343434343
 2 439.3939393939394
 53 444.4444444444444
 80 449.4949494949495
 53 454.5454545454545
 0 459.5959595959596
 0 464.6464646464646
 0 469.6969696969697
 2 474.7474747474747
 0 479.7979797979798
 23 484.8484848484848
 15 489.8989898989898
 69 494.9494949494949
 0 500


