# Created by Octave 3.8.2, Sat Jun 20 15:48:37 2020 CEST <damian@fptrucha.inv.usc.es>
# name: hd
# type: matrix
# rows: 100
# columns: 2
 2 0
 2 5.05050505050505
 0 10.1010101010101
 309 15.15151515151515
 3 20.2020202020202
 0 25.25252525252525
 138 30.3030303030303
 532 35.35353535353535
 612 40.4040404040404
 347 45.45454545454545
 121 50.50505050505051
 63 55.55555555555555
 2 60.6060606060606
 300 65.65656565656565
 222 70.7070707070707
 544 75.75757575757575
 1 80.8080808080808
 0 85.85858585858585
 64 90.90909090909091
 2 95.95959595959596
 3 101.010101010101
 173 106.060606060606
 183 111.1111111111111
 377 116.1616161616162
 224 121.2121212121212
 92 126.2626262626263
 0 131.3131313131313
 2 136.3636363636363
 80 141.4141414141414
 96 146.4646464646464
 458 151.5151515151515
 277 156.5656565656566
 1 161.6161616161616
 0 166.6666666666667
 68 171.7171717171717
 27 176.7676767676768
 1 181.8181818181818
 0 186.8686868686869
 188 191.9191919191919
 273 196.969696969697
 62 202.020202020202
 94 207.070707070707
 213 212.1212121212121
 70 217.1717171717171
 109 222.2222222222222
 224 227.2727272727273
 138 232.3232323232323
 2 237.3737373737374
 19 242.4242424242424
 135 247.4747474747475
 13 252.5252525252525
 143 257.5757575757576
 144 262.6262626262626
 29 267.6767676767677
 269 272.7272727272727
 134 277.7777777777778
 455 282.8282828282828
 215 287.8787878787879
 0 292.9292929292929
 2 297.979797979798
 0 303.030303030303
 217 308.0808080808081
 29 313.1313131313131
 34 318.1818181818182
 25 323.2323232323232
 37 328.2828282828282
 191 333.3333333333333
 76 338.3838383838383
 21 343.4343434343434
 173 348.4848484848484
 100 353.5353535353535
 21 358.5858585858585
 0 363.6363636363636
 37 368.6868686868686
 34 373.7373737373737
 30 378.7878787878788
 0 383.8383838383838
 1 388.8888888888889
 333 393.9393939393939
 60 398.989898989899
 62 404.040404040404
 197 409.0909090909091
 166 414.1414141414141
 555 419.1919191919192
 14 424.2424242424242
 247 429.2929292929293
 175 434.3434343434343
 6 439.3939393939394
 55 444.4444444444444
 77 449.4949494949495
 53 454.5454545454545
 1 459.5959595959596
 1 464.6464646464646
 0 469.6969696969697
 2 474.7474747474747
 0 479.7979797979798
 18 484.8484848484848
 18 489.8989898989898
 91 494.9494949494949
 0 500


