# Created by Octave 3.8.2, Sat Jun 20 12:49:31 2020 CEST <damian@fptrucha.inv.usc.es>
# name: hd
# type: matrix
# rows: 100
# columns: 2
 2 0
 3 5.05050505050505
 0 10.1010101010101
 317 15.15151515151515
 5 20.2020202020202
 0 25.25252525252525
 171 30.3030303030303
 593 35.35353535353535
 621 40.4040404040404
 330 45.45454545454545
 145 50.50505050505051
 77 55.55555555555555
 2 60.6060606060606
 279 65.65656565656565
 224 70.7070707070707
 587 75.75757575757575
 0 80.8080808080808
 3 85.85858585858585
 74 90.90909090909091
 5 95.95959595959596
 1 101.010101010101
 211 106.060606060606
 177 111.1111111111111
 421 116.1616161616162
 217 121.2121212121212
 72 126.2626262626263
 0 131.3131313131313
 1 136.3636363636363
 66 141.4141414141414
 111 146.4646464646464
 476 151.5151515151515
 299 156.5656565656566
 2 161.6161616161616
 2 166.6666666666667
 75 171.7171717171717
 40 176.7676767676768
 0 181.8181818181818
 1 186.8686868686869
 199 191.9191919191919
 273 196.969696969697
 60 202.020202020202
 103 207.070707070707
 196 212.1212121212121
 69 217.1717171717171
 107 222.2222222222222
 229 227.2727272727273
 130 232.3232323232323
 1 237.3737373737374
 23 242.4242424242424
 138 247.4747474747475
 22 252.5252525252525
 133 257.5757575757576
 166 262.6262626262626
 35 267.6767676767677
 274 272.7272727272727
 158 277.7777777777778
 471 282.8282828282828
 205 287.8787878787879
 3 292.9292929292929
 0 297.979797979798
 1 303.030303030303
 216 308.0808080808081
 24 313.1313131313131
 47 318.1818181818182
 44 323.2323232323232
 38 328.2828282828282
 192 333.3333333333333
 92 338.3838383838383
 17 343.4343434343434
 226 348.4848484848484
 115 353.5353535353535
 34 358.5858585858585
 2 363.6363636363636
 42 368.6868686868686
 36 373.7373737373737
 34 378.7878787878788
 1 383.8383838383838
 1 388.8888888888889
 333 393.9393939393939
 76 398.989898989899
 70 404.040404040404
 161 409.0909090909091
 161 414.1414141414141
 620 419.1919191919192
 28 424.2424242424242
 257 429.2929292929293
 208 434.3434343434343
 10 439.3939393939394
 40 444.4444444444444
 83 449.4949494949495
 57 454.5454545454545
 0 459.5959595959596
 2 464.6464646464646
 1 469.6969696969697
 1 474.7474747474747
 1 479.7979797979798
 14 484.8484848484848
 27 489.8989898989898
 83 494.9494949494949
 0 500


