# Created by Octave 3.8.2, Sat Jun 20 16:08:07 2020 CEST <damian@fptrucha.inv.usc.es>
# name: hd
# type: matrix
# rows: 100
# columns: 2
 0 0
 5 5.05050505050505
 1 10.1010101010101
 284 15.15151515151515
 1 20.2020202020202
 0 25.25252525252525
 147 30.3030303030303
 519 35.35353535353535
 618 40.4040404040404
 295 45.45454545454545
 130 50.50505050505051
 73 55.55555555555555
 4 60.6060606060606
 291 65.65656565656565
 222 70.7070707070707
 595 75.75757575757575
 1 80.8080808080808
 1 85.85858585858585
 54 90.90909090909091
 7 95.95959595959596
 2 101.010101010101
 199 106.060606060606
 209 111.1111111111111
 379 116.1616161616162
 196 121.2121212121212
 87 126.2626262626263
 1 131.3131313131313
 1 136.3636363636363
 55 141.4141414141414
 97 146.4646464646464
 432 151.5151515151515
 289 156.5656565656566
 1 161.6161616161616
 1 166.6666666666667
 75 171.7171717171717
 42 176.7676767676768
 0 181.8181818181818
 1 186.8686868686869
 172 191.9191919191919
 247 196.969696969697
 46 202.020202020202
 93 207.070707070707
 179 212.1212121212121
 57 217.1717171717171
 111 222.2222222222222
 240 227.2727272727273
 146 232.3232323232323
 0 237.3737373737374
 22 242.4242424242424
 147 247.4747474747475
 15 252.5252525252525
 98 257.5757575757576
 131 262.6262626262626
 35 267.6767676767677
 269 272.7272727272727
 140 277.7777777777778
 440 282.8282828282828
 196 287.8787878787879
 3 292.9292929292929
 0 297.979797979798
 0 303.030303030303
 208 308.0808080808081
 24 313.1313131313131
 44 318.1818181818182
 35 323.2323232323232
 39 328.2828282828282
 170 333.3333333333333
 80 338.3838383838383
 9 343.4343434343434
 221 348.4848484848484
 103 353.5353535353535
 33 358.5858585858585
 0 363.6363636363636
 37 368.6868686868686
 38 373.7373737373737
 36 378.7878787878788
 0 383.8383838383838
 1 388.8888888888889
 336 393.9393939393939
 56 398.989898989899
 52 404.040404040404
 177 409.0909090909091
 161 414.1414141414141
 533 419.1919191919192
 25 424.2424242424242
 229 429.2929292929293
 193 434.3434343434343
 4 439.3939393939394
 62 444.4444444444444
 92 449.4949494949495
 61 454.5454545454545
 1 459.5959595959596
 1 464.6464646464646
 1 469.6969696969697
 2 474.7474747474747
 1 479.7979797979798
 14 484.8484848484848
 27 489.8989898989898
 58 494.9494949494949
 0 500


