# Created by Octave 3.8.2, Sun Jun 21 03:52:55 2020 CEST <damian@fptrucha.inv.usc.es>
# name: hd
# type: matrix
# rows: 100
# columns: 2
 1 0
 4 5.05050505050505
 1 10.1010101010101
 248 15.15151515151515
 2 20.2020202020202
 2 25.25252525252525
 189 30.3030303030303
 479 35.35353535353535
 536 40.4040404040404
 303 45.45454545454545
 138 50.50505050505051
 68 55.55555555555555
 1 60.6060606060606
 258 65.65656565656565
 204 70.7070707070707
 579 75.75757575757575
 2 80.8080808080808
 2 85.85858585858585
 69 90.90909090909091
 4 95.95959595959596
 2 101.010101010101
 173 106.060606060606
 182 111.1111111111111
 395 116.1616161616162
 201 121.2121212121212
 80 126.2626262626263
 1 131.3131313131313
 1 136.3636363636363
 51 141.4141414141414
 94 146.4646464646464
 483 151.5151515151515
 241 156.5656565656566
 6 161.6161616161616
 0 166.6666666666667
 63 171.7171717171717
 25 176.7676767676768
 2 181.8181818181818
 0 186.8686868686869
 183 191.9191919191919
 238 196.969696969697
 50 202.020202020202
 97 207.070707070707
 184 212.1212121212121
 67 217.1717171717171
 103 222.2222222222222
 207 227.2727272727273
 121 232.3232323232323
 1 237.3737373737374
 30 242.4242424242424
 123 247.4747474747475
 24 252.5252525252525
 101 257.5757575757576
 128 262.6262626262626
 36 267.6767676767677
 243 272.7272727272727
 150 277.7777777777778
 423 282.8282828282828
 199 287.8787878787879
 0 292.9292929292929
 0 297.979797979798
 0 303.030303030303
 188 308.0808080808081
 29 313.1313131313131
 50 318.1818181818182
 26 323.2323232323232
 35 328.2828282828282
 171 333.3333333333333
 50 338.3838383838383
 22 343.4343434343434
 192 348.4848484848484
 84 353.5353535353535
 34 358.5858585858585
 1 363.6363636363636
 39 368.6868686868686
 36 373.7373737373737
 23 378.7878787878788
 0 383.8383838383838
 0 388.8888888888889
 290 393.9393939393939
 56 398.989898989899
 69 404.040404040404
 159 409.0909090909091
 156 414.1414141414141
 594 419.1919191919192
 21 424.2424242424242
 211 429.2929292929293
 185 434.3434343434343
 4 439.3939393939394
 48 444.4444444444444
 61 449.4949494949495
 45 454.5454545454545
 0 459.5959595959596
 3 464.6464646464646
 1 469.6969696969697
 1 474.7474747474747
 0 479.7979797979798
 18 484.8484848484848
 26 489.8989898989898
 69 494.9494949494949
 0 500


