# Created by Octave 3.8.2, Mon Jun 22 00:36:14 2020 CEST <damian@fptrucha.inv.usc.es>
# name: hd
# type: matrix
# rows: 100
# columns: 2
 1 0
 4 5.05050505050505
 1 10.1010101010101
 270 15.15151515151515
 4 20.2020202020202
 0 25.25252525252525
 144 30.3030303030303
 502 35.35353535353535
 613 40.4040404040404
 278 45.45454545454545
 116 50.50505050505051
 57 55.55555555555555
 0 60.6060606060606
 267 65.65656565656565
 223 70.7070707070707
 558 75.75757575757575
 1 80.8080808080808
 2 85.85858585858585
 64 90.90909090909091
 2 95.95959595959596
 1 101.010101010101
 160 106.060606060606
 183 111.1111111111111
 395 116.1616161616162
 189 121.2121212121212
 90 126.2626262626263
 1 131.3131313131313
 1 136.3636363636363
 62 141.4141414141414
 107 146.4646464646464
 458 151.5151515151515
 247 156.5656565656566
 3 161.6161616161616
 0 166.6666666666667
 73 171.7171717171717
 28 176.7676767676768
 1 181.8181818181818
 1 186.8686868686869
 176 191.9191919191919
 273 196.969696969697
 37 202.020202020202
 102 207.070707070707
 187 212.1212121212121
 73 217.1717171717171
 98 222.2222222222222
 213 227.2727272727273
 120 232.3232323232323
 0 237.3737373737374
 19 242.4242424242424
 156 247.4747474747475
 17 252.5252525252525
 95 257.5757575757576
 138 262.6262626262626
 31 267.6767676767677
 270 272.7272727272727
 134 277.7777777777778
 451 282.8282828282828
 210 287.8787878787879
 1 292.9292929292929
 1 297.979797979798
 1 303.030303030303
 191 308.0808080808081
 23 313.1313131313131
 43 318.1818181818182
 31 323.2323232323232
 41 328.2828282828282
 166 333.3333333333333
 57 338.3838383838383
 15 343.4343434343434
 190 348.4848484848484
 97 353.5353535353535
 22 358.5858585858585
 2 363.6363636363636
 33 368.6868686868686
 38 373.7373737373737
 42 378.7878787878788
 1 383.8383838383838
 1 388.8888888888889
 318 393.9393939393939
 55 398.989898989899
 57 404.040404040404
 163 409.0909090909091
 142 414.1414141414141
 589 419.1919191919192
 25 424.2424242424242
 235 429.2929292929293
 186 434.3434343434343
 2 439.3939393939394
 49 444.4444444444444
 73 449.4949494949495
 40 454.5454545454545
 0 459.5959595959596
 2 464.6464646464646
 2 469.6969696969697
 2 474.7474747474747
 0 479.7979797979798
 19 484.8484848484848
 21 489.8989898989898
 91 494.9494949494949
 0 500


