# Created by Octave 3.8.2, Mon Jun 22 21:00:04 2020 CEST <damian@fptrucha.inv.usc.es>
# name: hd
# type: matrix
# rows: 100
# columns: 2
 4 0
 4 5.05050505050505
 2 10.1010101010101
 305 15.15151515151515
 3 20.2020202020202
 0 25.25252525252525
 171 30.3030303030303
 506 35.35353535353535
 615 40.4040404040404
 367 45.45454545454545
 133 50.50505050505051
 79 55.55555555555555
 2 60.6060606060606
 268 65.65656565656565
 228 70.7070707070707
 561 75.75757575757575
 0 80.8080808080808
 0 85.85858585858585
 69 90.90909090909091
 5 95.95959595959596
 3 101.010101010101
 206 106.060606060606
 170 111.1111111111111
 423 116.1616161616162
 201 121.2121212121212
 93 126.2626262626263
 2 131.3131313131313
 0 136.3636363636363
 76 141.4141414141414
 105 146.4646464646464
 473 151.5151515151515
 241 156.5656565656566
 3 161.6161616161616
 2 166.6666666666667
 86 171.7171717171717
 29 176.7676767676768
 0 181.8181818181818
 1 186.8686868686869
 192 191.9191919191919
 247 196.969696969697
 54 202.020202020202
 103 207.070707070707
 204 212.1212121212121
 62 217.1717171717171
 110 222.2222222222222
 235 227.2727272727273
 143 232.3232323232323
 4 237.3737373737374
 26 242.4242424242424
 122 247.4747474747475
 25 252.5252525252525
 122 257.5757575757576
 157 262.6262626262626
 60 267.6767676767677
 242 272.7272727272727
 162 277.7777777777778
 484 282.8282828282828
 211 287.8787878787879
 0 292.9292929292929
 2 297.979797979798
 1 303.030303030303
 208 308.0808080808081
 33 313.1313131313131
 39 318.1818181818182
 32 323.2323232323232
 35 328.2828282828282
 179 333.3333333333333
 66 338.3838383838383
 18 343.4343434343434
 186 348.4848484848484
 99 353.5353535353535
 38 358.5858585858585
 0 363.6363636363636
 49 368.6868686868686
 50 373.7373737373737
 43 378.7878787878788
 1 383.8383838383838
 1 388.8888888888889
 335 393.9393939393939
 74 398.989898989899
 66 404.040404040404
 184 409.0909090909091
 153 414.1414141414141
 589 419.1919191919192
 27 424.2424242424242
 240 429.2929292929293
 206 434.3434343434343
 1 439.3939393939394
 64 444.4444444444444
 81 449.4949494949495
 57 454.5454545454545
 1 459.5959595959596
 3 464.6464646464646
 4 469.6969696969697
 1 474.7474747474747
 1 479.7979797979798
 11 484.8484848484848
 22 489.8989898989898
 83 494.9494949494949
 0 500


