# Created by Octave 3.8.2, Mon Jun 22 09:03:02 2020 CEST <damian@fptrucha.inv.usc.es>
# name: hd
# type: matrix
# rows: 100
# columns: 2
 1 0
 3 5.05050505050505
 0 10.1010101010101
 294 15.15151515151515
 4 20.2020202020202
 2 25.25252525252525
 122 30.3030303030303
 515 35.35353535353535
 546 40.4040404040404
 326 45.45454545454545
 126 50.50505050505051
 79 55.55555555555555
 5 60.6060606060606
 268 65.65656565656565
 200 70.7070707070707
 541 75.75757575757575
 3 80.8080808080808
 1 85.85858585858585
 50 90.90909090909091
 5 95.95959595959596
 4 101.010101010101
 189 106.060606060606
 160 111.1111111111111
 427 116.1616161616162
 185 121.2121212121212
 93 126.2626262626263
 0 131.3131313131313
 5 136.3636363636363
 74 141.4141414141414
 88 146.4646464646464
 438 151.5151515151515
 231 156.5656565656566
 2 161.6161616161616
 0 166.6666666666667
 78 171.7171717171717
 36 176.7676767676768
 2 181.8181818181818
 0 186.8686868686869
 202 191.9191919191919
 250 196.969696969697
 49 202.020202020202
 96 207.070707070707
 186 212.1212121212121
 60 217.1717171717171
 91 222.2222222222222
 225 227.2727272727273
 127 232.3232323232323
 0 237.3737373737374
 28 242.4242424242424
 141 247.4747474747475
 23 252.5252525252525
 97 257.5757575757576
 124 262.6262626262626
 51 267.6767676767677
 273 272.7272727272727
 150 277.7777777777778
 442 282.8282828282828
 205 287.8787878787879
 2 292.9292929292929
 2 297.979797979798
 0 303.030303030303
 210 308.0808080808081
 22 313.1313131313131
 32 318.1818181818182
 30 323.2323232323232
 36 328.2828282828282
 160 333.3333333333333
 61 338.3838383838383
 17 343.4343434343434
 195 348.4848484848484
 96 353.5353535353535
 28 358.5858585858585
 1 363.6363636363636
 51 368.6868686868686
 48 373.7373737373737
 34 378.7878787878788
 1 383.8383838383838
 1 388.8888888888889
 301 393.9393939393939
 56 398.989898989899
 69 404.040404040404
 163 409.0909090909091
 144 414.1414141414141
 517 419.1919191919192
 23 424.2424242424242
 233 429.2929292929293
 187 434.3434343434343
 6 439.3939393939394
 74 444.4444444444444
 64 449.4949494949495
 49 454.5454545454545
 1 459.5959595959596
 1 464.6464646464646
 1 469.6969696969697
 2 474.7474747474747
 2 479.7979797979798
 22 484.8484848484848
 22 489.8989898989898
 81 494.9494949494949
 0 500


