# Created by Octave 3.8.2, Tue Jun 23 00:28:20 2020 CEST <damian@fptrucha.inv.usc.es>
# name: hd
# type: matrix
# rows: 100
# columns: 2
 0 0
 3 5.05050505050505
 0 10.1010101010101
 178 15.15151515151515
 3 20.2020202020202
 2 25.25252525252525
 127 30.3030303030303
 375 35.35353535353535
 399 40.4040404040404
 258 45.45454545454545
 81 50.50505050505051
 57 55.55555555555555
 1 60.6060606060606
 177 65.65656565656565
 136 70.7070707070707
 377 75.75757575757575
 2 80.8080808080808
 0 85.85858585858585
 35 90.90909090909091
 3 95.95959595959596
 2 101.010101010101
 130 106.060606060606
 140 111.1111111111111
 278 116.1616161616162
 131 121.2121212121212
 39 126.2626262626263
 0 131.3131313131313
 1 136.3636363636363
 51 141.4141414141414
 64 146.4646464646464
 295 151.5151515151515
 170 156.5656565656566
 3 161.6161616161616
 0 166.6666666666667
 52 171.7171717171717
 18 176.7676767676768
 0 181.8181818181818
 3 186.8686868686869
 146 191.9191919191919
 183 196.969696969697
 31 202.020202020202
 58 207.070707070707
 128 212.1212121212121
 52 217.1717171717171
 73 222.2222222222222
 177 227.2727272727273
 97 232.3232323232323
 1 237.3737373737374
 16 242.4242424242424
 99 247.4747474747475
 8 252.5252525252525
 91 257.5757575757576
 92 262.6262626262626
 28 267.6767676767677
 196 272.7272727272727
 89 277.7777777777778
 337 282.8282828282828
 134 287.8787878787879
 1 292.9292929292929
 0 297.979797979798
 0 303.030303030303
 146 308.0808080808081
 22 313.1313131313131
 36 318.1818181818182
 16 323.2323232323232
 29 328.2828282828282
 123 333.3333333333333
 45 338.3838383838383
 15 343.4343434343434
 155 348.4848484848484
 73 353.5353535353535
 29 358.5858585858585
 2 363.6363636363636
 30 368.6868686868686
 24 373.7373737373737
 30 378.7878787878788
 2 383.8383838383838
 0 388.8888888888889
 208 393.9393939393939
 29 398.989898989899
 34 404.040404040404
 147 409.0909090909091
 87 414.1414141414141
 406 419.1919191919192
 10 424.2424242424242
 182 429.2929292929293
 118 434.3434343434343
 4 439.3939393939394
 45 444.4444444444444
 53 449.4949494949495
 35 454.5454545454545
 1 459.5959595959596
 0 464.6464646464646
 1 469.6969696969697
 0 474.7474747474747
 1 479.7979797979798
 14 484.8484848484848
 12 489.8989898989898
 38 494.9494949494949
 0 500


