# Created by Octave 3.8.2, Sat Jun 20 19:11:33 2020 CEST <damian@fptrucha.inv.usc.es>
# name: hd
# type: matrix
# rows: 100
# columns: 2
 3 0
 2 5.05050505050505
 2 10.1010101010101
 261 15.15151515151515
 4 20.2020202020202
 0 25.25252525252525
 161 30.3030303030303
 516 35.35353535353535
 664 40.4040404040404
 321 45.45454545454545
 128 50.50505050505051
 69 55.55555555555555
 2 60.6060606060606
 276 65.65656565656565
 182 70.7070707070707
 583 75.75757575757575
 1 80.8080808080808
 0 85.85858585858585
 59 90.90909090909091
 1 95.95959595959596
 1 101.010101010101
 161 106.060606060606
 190 111.1111111111111
 405 116.1616161616162
 190 121.2121212121212
 105 126.2626262626263
 1 131.3131313131313
 0 136.3636363636363
 66 141.4141414141414
 85 146.4646464646464
 448 151.5151515151515
 260 156.5656565656566
 2 161.6161616161616
 0 166.6666666666667
 76 171.7171717171717
 46 176.7676767676768
 1 181.8181818181818
 1 186.8686868686869
 171 191.9191919191919
 274 196.969696969697
 40 202.020202020202
 82 207.070707070707
 191 212.1212121212121
 70 217.1717171717171
 118 222.2222222222222
 201 227.2727272727273
 131 232.3232323232323
 0 237.3737373737374
 15 242.4242424242424
 137 247.4747474747475
 17 252.5252525252525
 101 257.5757575757576
 140 262.6262626262626
 35 267.6767676767677
 285 272.7272727272727
 137 277.7777777777778
 422 282.8282828282828
 206 287.8787878787879
 1 292.9292929292929
 0 297.979797979798
 0 303.030303030303
 203 308.0808080808081
 23 313.1313131313131
 30 318.1818181818182
 23 323.2323232323232
 34 328.2828282828282
 138 333.3333333333333
 71 338.3838383838383
 19 343.4343434343434
 175 348.4848484848484
 94 353.5353535353535
 22 358.5858585858585
 0 363.6363636363636
 50 368.6868686868686
 42 373.7373737373737
 39 378.7878787878788
 2 383.8383838383838
 0 388.8888888888889
 317 393.9393939393939
 44 398.989898989899
 60 404.040404040404
 150 409.0909090909091
 138 414.1414141414141
 571 419.1919191919192
 23 424.2424242424242
 230 429.2929292929293
 192 434.3434343434343
 5 439.3939393939394
 62 444.4444444444444
 76 449.4949494949495
 48 454.5454545454545
 0 459.5959595959596
 1 464.6464646464646
 1 469.6969696969697
 1 474.7474747474747
 0 479.7979797979798
 19 484.8484848484848
 22 489.8989898989898
 61 494.9494949494949
 0 500


