# Created by Octave 3.8.2, Sat Jun 20 05:28:21 2020 CEST <damian@fptrucha.inv.usc.es>
# name: hd
# type: matrix
# rows: 100
# columns: 2
 2 0
 4 5.05050505050505
 1 10.1010101010101
 308 15.15151515151515
 2 20.2020202020202
 0 25.25252525252525
 174 30.3030303030303
 622 35.35353535353535
 663 40.4040404040404
 362 45.45454545454545
 163 50.50505050505051
 78 55.55555555555555
 0 60.6060606060606
 276 65.65656565656565
 256 70.7070707070707
 615 75.75757575757575
 2 80.8080808080808
 1 85.85858585858585
 64 90.90909090909091
 3 95.95959595959596
 2 101.010101010101
 217 106.060606060606
 193 111.1111111111111
 452 116.1616161616162
 238 121.2121212121212
 86 126.2626262626263
 0 131.3131313131313
 2 136.3636363636363
 74 141.4141414141414
 102 146.4646464646464
 511 151.5151515151515
 270 156.5656565656566
 2 161.6161616161616
 1 166.6666666666667
 73 171.7171717171717
 34 176.7676767676768
 0 181.8181818181818
 0 186.8686868686869
 197 191.9191919191919
 260 196.969696969697
 62 202.020202020202
 107 207.070707070707
 193 212.1212121212121
 68 217.1717171717171
 117 222.2222222222222
 255 227.2727272727273
 146 232.3232323232323
 1 237.3737373737374
 21 242.4242424242424
 138 247.4747474747475
 24 252.5252525252525
 128 257.5757575757576
 174 262.6262626262626
 33 267.6767676767677
 295 272.7272727272727
 162 277.7777777777778
 506 282.8282828282828
 242 287.8787878787879
 2 292.9292929292929
 1 297.979797979798
 0 303.030303030303
 236 308.0808080808081
 23 313.1313131313131
 57 318.1818181818182
 34 323.2323232323232
 37 328.2828282828282
 166 333.3333333333333
 62 338.3838383838383
 19 343.4343434343434
 210 348.4848484848484
 82 353.5353535353535
 23 358.5858585858585
 4 363.6363636363636
 49 368.6868686868686
 50 373.7373737373737
 43 378.7878787878788
 0 383.8383838383838
 0 388.8888888888889
 333 393.9393939393939
 66 398.989898989899
 68 404.040404040404
 177 409.0909090909091
 179 414.1414141414141
 594 419.1919191919192
 18 424.2424242424242
 229 429.2929292929293
 200 434.3434343434343
 2 439.3939393939394
 54 444.4444444444444
 93 449.4949494949495
 70 454.5454545454545
 1 459.5959595959596
 1 464.6464646464646
 0 469.6969696969697
 2 474.7474747474747
 2 479.7979797979798
 18 484.8484848484848
 24 489.8989898989898
 91 494.9494949494949
 0 500


