# Created by Octave 3.8.2, Mon Jun 22 12:43:06 2020 CEST <damian@fptrucha.inv.usc.es>
# name: hd
# type: matrix
# rows: 100
# columns: 2
 5 0
 4 5.05050505050505
 2 10.1010101010101
 278 15.15151515151515
 2 20.2020202020202
 0 25.25252525252525
 148 30.3030303030303
 552 35.35353535353535
 636 40.4040404040404
 303 45.45454545454545
 134 50.50505050505051
 69 55.55555555555555
 0 60.6060606060606
 264 65.65656565656565
 222 70.7070707070707
 559 75.75757575757575
 1 80.8080808080808
 2 85.85858585858585
 65 90.90909090909091
 2 95.95959595959596
 4 101.010101010101
 197 106.060606060606
 176 111.1111111111111
 392 116.1616161616162
 192 121.2121212121212
 86 126.2626262626263
 1 131.3131313131313
 1 136.3636363636363
 91 141.4141414141414
 105 146.4646464646464
 456 151.5151515151515
 269 156.5656565656566
 3 161.6161616161616
 0 166.6666666666667
 81 171.7171717171717
 24 176.7676767676768
 0 181.8181818181818
 1 186.8686868686869
 202 191.9191919191919
 273 196.969696969697
 48 202.020202020202
 87 207.070707070707
 177 212.1212121212121
 57 217.1717171717171
 99 222.2222222222222
 239 227.2727272727273
 139 232.3232323232323
 2 237.3737373737374
 22 242.4242424242424
 133 247.4747474747475
 27 252.5252525252525
 126 257.5757575757576
 148 262.6262626262626
 39 267.6767676767677
 286 272.7272727272727
 140 277.7777777777778
 441 282.8282828282828
 224 287.8787878787879
 3 292.9292929292929
 2 297.979797979798
 1 303.030303030303
 207 308.0808080808081
 28 313.1313131313131
 53 318.1818181818182
 26 323.2323232323232
 41 328.2828282828282
 178 333.3333333333333
 68 338.3838383838383
 19 343.4343434343434
 183 348.4848484848484
 100 353.5353535353535
 29 358.5858585858585
 4 363.6363636363636
 40 368.6868686868686
 37 373.7373737373737
 45 378.7878787878788
 1 383.8383838383838
 1 388.8888888888889
 290 393.9393939393939
 54 398.989898989899
 62 404.040404040404
 168 409.0909090909091
 173 414.1414141414141
 586 419.1919191919192
 27 424.2424242424242
 231 429.2929292929293
 170 434.3434343434343
 3 439.3939393939394
 50 444.4444444444444
 71 449.4949494949495
 61 454.5454545454545
 0 459.5959595959596
 1 464.6464646464646
 2 469.6969696969697
 2 474.7474747474747
 0 479.7979797979798
 17 484.8484848484848
 25 489.8989898989898
 83 494.9494949494949
 0 500


