# Created by Octave 3.8.2, Mon Jun 22 16:39:38 2020 CEST <damian@fptrucha.inv.usc.es>
# name: hd
# type: matrix
# rows: 100
# columns: 2
 1 0
 3 5.05050505050505
 1 10.1010101010101
 283 15.15151515151515
 3 20.2020202020202
 1 25.25252525252525
 164 30.3030303030303
 541 35.35353535353535
 588 40.4040404040404
 296 45.45454545454545
 127 50.50505050505051
 62 55.55555555555555
 0 60.6060606060606
 292 65.65656565656565
 218 70.7070707070707
 570 75.75757575757575
 5 80.8080808080808
 0 85.85858585858585
 72 90.90909090909091
 9 95.95959595959596
 3 101.010101010101
 175 106.060606060606
 178 111.1111111111111
 389 116.1616161616162
 173 121.2121212121212
 98 126.2626262626263
 1 131.3131313131313
 3 136.3636363636363
 61 141.4141414141414
 98 146.4646464646464
 424 151.5151515151515
 227 156.5656565656566
 2 161.6161616161616
 2 166.6666666666667
 77 171.7171717171717
 29 176.7676767676768
 2 181.8181818181818
 0 186.8686868686869
 191 191.9191919191919
 231 196.969696969697
 63 202.020202020202
 99 207.070707070707
 190 212.1212121212121
 57 217.1717171717171
 93 222.2222222222222
 238 227.2727272727273
 141 232.3232323232323
 3 237.3737373737374
 20 242.4242424242424
 122 247.4747474747475
 17 252.5252525252525
 116 257.5757575757576
 119 262.6262626262626
 41 267.6767676767677
 284 272.7272727272727
 151 277.7777777777778
 448 282.8282828282828
 212 287.8787878787879
 2 292.9292929292929
 1 297.979797979798
 1 303.030303030303
 192 308.0808080808081
 20 313.1313131313131
 38 318.1818181818182
 43 323.2323232323232
 37 328.2828282828282
 186 333.3333333333333
 64 338.3838383838383
 22 343.4343434343434
 216 348.4848484848484
 102 353.5353535353535
 40 358.5858585858585
 0 363.6363636363636
 53 368.6868686868686
 54 373.7373737373737
 39 378.7878787878788
 2 383.8383838383838
 3 388.8888888888889
 310 393.9393939393939
 64 398.989898989899
 76 404.040404040404
 191 409.0909090909091
 147 414.1414141414141
 552 419.1919191919192
 27 424.2424242424242
 237 429.2929292929293
 178 434.3434343434343
 5 439.3939393939394
 57 444.4444444444444
 86 449.4949494949495
 57 454.5454545454545
 0 459.5959595959596
 2 464.6464646464646
 2 469.6969696969697
 4 474.7474747474747
 1 479.7979797979798
 26 484.8484848484848
 26 489.8989898989898
 93 494.9494949494949
 0 500


