# Created by Octave 3.8.2, Mon Jun 22 13:11:08 2020 CEST <damian@fptrucha.inv.usc.es>
# name: hd
# type: matrix
# rows: 100
# columns: 2
 2 0
 4 5.05050505050505
 0 10.1010101010101
 319 15.15151515151515
 4 20.2020202020202
 3 25.25252525252525
 171 30.3030303030303
 508 35.35353535353535
 579 40.4040404040404
 316 45.45454545454545
 135 50.50505050505051
 77 55.55555555555555
 3 60.6060606060606
 290 65.65656565656565
 185 70.7070707070707
 559 75.75757575757575
 2 80.8080808080808
 3 85.85858585858585
 55 90.90909090909091
 8 95.95959595959596
 3 101.010101010101
 180 106.060606060606
 176 111.1111111111111
 398 116.1616161616162
 206 121.2121212121212
 82 126.2626262626263
 0 131.3131313131313
 1 136.3636363636363
 69 141.4141414141414
 92 146.4646464646464
 466 151.5151515151515
 266 156.5656565656566
 2 161.6161616161616
 1 166.6666666666667
 81 171.7171717171717
 38 176.7676767676768
 3 181.8181818181818
 0 186.8686868686869
 213 191.9191919191919
 264 196.969696969697
 47 202.020202020202
 103 207.070707070707
 199 212.1212121212121
 61 217.1717171717171
 115 222.2222222222222
 233 227.2727272727273
 138 232.3232323232323
 1 237.3737373737374
 26 242.4242424242424
 124 247.4747474747475
 17 252.5252525252525
 154 257.5757575757576
 128 262.6262626262626
 50 267.6767676767677
 262 272.7272727272727
 160 277.7777777777778
 417 282.8282828282828
 183 287.8787878787879
 2 292.9292929292929
 1 297.979797979798
 1 303.030303030303
 230 308.0808080808081
 23 313.1313131313131
 35 318.1818181818182
 36 323.2323232323232
 40 328.2828282828282
 177 333.3333333333333
 78 338.3838383838383
 22 343.4343434343434
 186 348.4848484848484
 92 353.5353535353535
 25 358.5858585858585
 1 363.6363636363636
 49 368.6868686868686
 35 373.7373737373737
 30 378.7878787878788
 0 383.8383838383838
 1 388.8888888888889
 334 393.9393939393939
 59 398.989898989899
 72 404.040404040404
 173 409.0909090909091
 135 414.1414141414141
 522 419.1919191919192
 20 424.2424242424242
 220 429.2929292929293
 168 434.3434343434343
 4 439.3939393939394
 56 444.4444444444444
 79 449.4949494949495
 63 454.5454545454545
 0 459.5959595959596
 0 464.6464646464646
 1 469.6969696969697
 3 474.7474747474747
 1 479.7979797979798
 28 484.8484848484848
 19 489.8989898989898
 75 494.9494949494949
 0 500


