# Created by Octave 3.8.2, Mon Jun 22 07:27:25 2020 CEST <damian@fptrucha.inv.usc.es>
# name: hd
# type: matrix
# rows: 100
# columns: 2
 4 0
 4 5.05050505050505
 3 10.1010101010101
 275 15.15151515151515
 1 20.2020202020202
 2 25.25252525252525
 164 30.3030303030303
 494 35.35353535353535
 536 40.4040404040404
 306 45.45454545454545
 110 50.50505050505051
 64 55.55555555555555
 2 60.6060606060606
 253 65.65656565656565
 193 70.7070707070707
 537 75.75757575757575
 5 80.8080808080808
 3 85.85858585858585
 59 90.90909090909091
 5 95.95959595959596
 2 101.010101010101
 183 106.060606060606
 156 111.1111111111111
 397 116.1616161616162
 204 121.2121212121212
 90 126.2626262626263
 0 131.3131313131313
 1 136.3636363636363
 70 141.4141414141414
 86 146.4646464646464
 402 151.5151515151515
 239 156.5656565656566
 0 161.6161616161616
 2 166.6666666666667
 67 171.7171717171717
 25 176.7676767676768
 1 181.8181818181818
 2 186.8686868686869
 184 191.9191919191919
 267 196.969696969697
 47 202.020202020202
 100 207.070707070707
 161 212.1212121212121
 56 217.1717171717171
 98 222.2222222222222
 207 227.2727272727273
 129 232.3232323232323
 3 237.3737373737374
 22 242.4242424242424
 120 247.4747474747475
 27 252.5252525252525
 112 257.5757575757576
 129 262.6262626262626
 55 267.6767676767677
 255 272.7272727272727
 129 277.7777777777778
 402 282.8282828282828
 210 287.8787878787879
 1 292.9292929292929
 1 297.979797979798
 0 303.030303030303
 217 308.0808080808081
 20 313.1313131313131
 39 318.1818181818182
 25 323.2323232323232
 36 328.2828282828282
 194 333.3333333333333
 62 338.3838383838383
 23 343.4343434343434
 191 348.4848484848484
 100 353.5353535353535
 31 358.5858585858585
 2 363.6363636363636
 48 368.6868686868686
 38 373.7373737373737
 26 378.7878787878788
 3 383.8383838383838
 1 388.8888888888889
 301 393.9393939393939
 73 398.989898989899
 59 404.040404040404
 141 409.0909090909091
 137 414.1414141414141
 508 419.1919191919192
 18 424.2424242424242
 215 429.2929292929293
 173 434.3434343434343
 3 439.3939393939394
 55 444.4444444444444
 71 449.4949494949495
 59 454.5454545454545
 1 459.5959595959596
 0 464.6464646464646
 1 469.6969696969697
 1 474.7474747474747
 0 479.7979797979798
 20 484.8484848484848
 24 489.8989898989898
 58 494.9494949494949
 0 500


