# Created by Octave 3.8.2, Sun Jun 21 06:18:54 2020 CEST <damian@fptrucha.inv.usc.es>
# name: hd
# type: matrix
# rows: 100
# columns: 2
 1 0
 2 5.05050505050505
 0 10.1010101010101
 276 15.15151515151515
 1 20.2020202020202
 0 25.25252525252525
 159 30.3030303030303
 519 35.35353535353535
 616 40.4040404040404
 314 45.45454545454545
 116 50.50505050505051
 65 55.55555555555555
 2 60.6060606060606
 290 65.65656565656565
 200 70.7070707070707
 609 75.75757575757575
 1 80.8080808080808
 0 85.85858585858585
 72 90.90909090909091
 2 95.95959595959596
 1 101.010101010101
 177 106.060606060606
 159 111.1111111111111
 394 116.1616161616162
 205 121.2121212121212
 74 126.2626262626263
 0 131.3131313131313
 1 136.3636363636363
 71 141.4141414141414
 67 146.4646464646464
 433 151.5151515151515
 270 156.5656565656566
 2 161.6161616161616
 2 166.6666666666667
 64 171.7171717171717
 37 176.7676767676768
 0 181.8181818181818
 0 186.8686868686869
 177 191.9191919191919
 248 196.969696969697
 51 202.020202020202
 87 207.070707070707
 184 212.1212121212121
 57 217.1717171717171
 94 222.2222222222222
 210 227.2727272727273
 122 232.3232323232323
 0 237.3737373737374
 18 242.4242424242424
 126 247.4747474747475
 15 252.5252525252525
 117 257.5757575757576
 152 262.6262626262626
 26 267.6767676767677
 255 272.7272727272727
 154 277.7777777777778
 492 282.8282828282828
 215 287.8787878787879
 3 292.9292929292929
 2 297.979797979798
 0 303.030303030303
 206 308.0808080808081
 19 313.1313131313131
 56 318.1818181818182
 23 323.2323232323232
 32 328.2828282828282
 162 333.3333333333333
 70 338.3838383838383
 17 343.4343434343434
 187 348.4848484848484
 105 353.5353535353535
 31 358.5858585858585
 1 363.6363636363636
 38 368.6868686868686
 39 373.7373737373737
 29 378.7878787878788
 0 383.8383838383838
 0 388.8888888888889
 289 393.9393939393939
 60 398.989898989899
 59 404.040404040404
 174 409.0909090909091
 140 414.1414141414141
 577 419.1919191919192
 28 424.2424242424242
 197 429.2929292929293
 181 434.3434343434343
 6 439.3939393939394
 65 444.4444444444444
 78 449.4949494949495
 49 454.5454545454545
 0 459.5959595959596
 0 464.6464646464646
 0 469.6969696969697
 1 474.7474747474747
 2 479.7979797979798
 17 484.8484848484848
 19 489.8989898989898
 70 494.9494949494949
 0 500


