# Created by Octave 3.8.2, Mon Jun 22 23:47:58 2020 CEST <damian@fptrucha.inv.usc.es>
# name: hd
# type: matrix
# rows: 100
# columns: 2
 3 0
 3 5.05050505050505
 0 10.1010101010101
 298 15.15151515151515
 2 20.2020202020202
 0 25.25252525252525
 160 30.3030303030303
 541 35.35353535353535
 663 40.4040404040404
 332 45.45454545454545
 139 50.50505050505051
 73 55.55555555555555
 4 60.6060606060606
 284 65.65656565656565
 229 70.7070707070707
 577 75.75757575757575
 2 80.8080808080808
 1 85.85858585858585
 73 90.90909090909091
 1 95.95959595959596
 4 101.010101010101
 194 106.060606060606
 197 111.1111111111111
 433 116.1616161616162
 211 121.2121212121212
 98 126.2626262626263
 0 131.3131313131313
 1 136.3636363636363
 70 141.4141414141414
 109 146.4646464646464
 454 151.5151515151515
 272 156.5656565656566
 5 161.6161616161616
 0 166.6666666666667
 97 171.7171717171717
 33 176.7676767676768
 2 181.8181818181818
 1 186.8686868686869
 201 191.9191919191919
 245 196.969696969697
 55 202.020202020202
 104 207.070707070707
 218 212.1212121212121
 75 217.1717171717171
 117 222.2222222222222
 245 227.2727272727273
 113 232.3232323232323
 1 237.3737373737374
 23 242.4242424242424
 143 247.4747474747475
 38 252.5252525252525
 124 257.5757575757576
 140 262.6262626262626
 38 267.6767676767677
 275 272.7272727272727
 160 277.7777777777778
 444 282.8282828282828
 174 287.8787878787879
 1 292.9292929292929
 0 297.979797979798
 1 303.030303030303
 214 308.0808080808081
 31 313.1313131313131
 40 318.1818181818182
 38 323.2323232323232
 44 328.2828282828282
 160 333.3333333333333
 68 338.3838383838383
 32 343.4343434343434
 191 348.4848484848484
 123 353.5353535353535
 29 358.5858585858585
 2 363.6363636363636
 43 368.6868686868686
 32 373.7373737373737
 29 378.7878787878788
 0 383.8383838383838
 0 388.8888888888889
 323 393.9393939393939
 65 398.989898989899
 53 404.040404040404
 196 409.0909090909091
 146 414.1414141414141
 595 419.1919191919192
 24 424.2424242424242
 222 429.2929292929293
 211 434.3434343434343
 5 439.3939393939394
 65 444.4444444444444
 73 449.4949494949495
 55 454.5454545454545
 0 459.5959595959596
 0 464.6464646464646
 2 469.6969696969697
 1 474.7474747474747
 1 479.7979797979798
 22 484.8484848484848
 21 489.8989898989898
 74 494.9494949494949
 0 500


