# Created by Octave 3.8.2, Sat Jun 20 20:04:54 2020 CEST <damian@fptrucha.inv.usc.es>
# name: hd
# type: matrix
# rows: 100
# columns: 2
 2 0
 2 5.05050505050505
 0 10.1010101010101
 272 15.15151515151515
 3 20.2020202020202
 1 25.25252525252525
 127 30.3030303030303
 506 35.35353535353535
 634 40.4040404040404
 275 45.45454545454545
 113 50.50505050505051
 62 55.55555555555555
 0 60.6060606060606
 274 65.65656565656565
 175 70.7070707070707
 565 75.75757575757575
 2 80.8080808080808
 2 85.85858585858585
 65 90.90909090909091
 7 95.95959595959596
 2 101.010101010101
 186 106.060606060606
 166 111.1111111111111
 392 116.1616161616162
 202 121.2121212121212
 93 126.2626262626263
 0 131.3131313131313
 2 136.3636363636363
 80 141.4141414141414
 79 146.4646464646464
 474 151.5151515151515
 265 156.5656565656566
 5 161.6161616161616
 2 166.6666666666667
 71 171.7171717171717
 31 176.7676767676768
 0 181.8181818181818
 0 186.8686868686869
 178 191.9191919191919
 248 196.969696969697
 54 202.020202020202
 79 207.070707070707
 198 212.1212121212121
 52 217.1717171717171
 91 222.2222222222222
 206 227.2727272727273
 132 232.3232323232323
 2 237.3737373737374
 21 242.4242424242424
 111 247.4747474747475
 24 252.5252525252525
 126 257.5757575757576
 141 262.6262626262626
 38 267.6767676767677
 234 272.7272727272727
 139 277.7777777777778
 422 282.8282828282828
 195 287.8787878787879
 0 292.9292929292929
 1 297.979797979798
 0 303.030303030303
 198 308.0808080808081
 20 313.1313131313131
 40 318.1818181818182
 35 323.2323232323232
 40 328.2828282828282
 179 333.3333333333333
 82 338.3838383838383
 14 343.4343434343434
 185 348.4848484848484
 92 353.5353535353535
 25 358.5858585858585
 2 363.6363636363636
 38 368.6868686868686
 29 373.7373737373737
 37 378.7878787878788
 1 383.8383838383838
 0 388.8888888888889
 307 393.9393939393939
 53 398.989898989899
 65 404.040404040404
 159 409.0909090909091
 141 414.1414141414141
 571 419.1919191919192
 18 424.2424242424242
 234 429.2929292929293
 178 434.3434343434343
 5 439.3939393939394
 53 444.4444444444444
 74 449.4949494949495
 48 454.5454545454545
 0 459.5959595959596
 0 464.6464646464646
 0 469.6969696969697
 2 474.7474747474747
 0 479.7979797979798
 19 484.8484848484848
 15 489.8989898989898
 65 494.9494949494949
 0 500


