# Created by Octave 3.8.2, Mon Jun 22 03:41:41 2020 CEST <damian@fptrucha.inv.usc.es>
# name: hd
# type: matrix
# rows: 100
# columns: 2
 8 0
 7 5.05050505050505
 1 10.1010101010101
 281 15.15151515151515
 2 20.2020202020202
 1 25.25252525252525
 170 30.3030303030303
 467 35.35353535353535
 544 40.4040404040404
 314 45.45454545454545
 129 50.50505050505051
 74 55.55555555555555
 2 60.6060606060606
 248 65.65656565656565
 217 70.7070707070707
 477 75.75757575757575
 4 80.8080808080808
 4 85.85858585858585
 52 90.90909090909091
 8 95.95959595959596
 5 101.010101010101
 184 106.060606060606
 162 111.1111111111111
 376 116.1616161616162
 181 121.2121212121212
 89 126.2626262626263
 0 131.3131313131313
 5 136.3636363636363
 54 141.4141414141414
 90 146.4646464646464
 414 151.5151515151515
 213 156.5656565656566
 3 161.6161616161616
 1 166.6666666666667
 61 171.7171717171717
 25 176.7676767676768
 2 181.8181818181818
 1 186.8686868686869
 185 191.9191919191919
 251 196.969696969697
 39 202.020202020202
 94 207.070707070707
 159 212.1212121212121
 46 217.1717171717171
 90 222.2222222222222
 215 227.2727272727273
 129 232.3232323232323
 0 237.3737373737374
 25 242.4242424242424
 120 247.4747474747475
 23 252.5252525252525
 113 257.5757575757576
 115 262.6262626262626
 31 267.6767676767677
 256 272.7272727272727
 112 277.7777777777778
 453 282.8282828282828
 190 287.8787878787879
 3 292.9292929292929
 1 297.979797979798
 1 303.030303030303
 168 308.0808080808081
 30 313.1313131313131
 42 318.1818181818182
 24 323.2323232323232
 41 328.2828282828282
 161 333.3333333333333
 60 338.3838383838383
 24 343.4343434343434
 159 348.4848484848484
 86 353.5353535353535
 37 358.5858585858585
 4 363.6363636363636
 46 368.6868686868686
 35 373.7373737373737
 35 378.7878787878788
 1 383.8383838383838
 1 388.8888888888889
 324 393.9393939393939
 53 398.989898989899
 65 404.040404040404
 165 409.0909090909091
 150 414.1414141414141
 507 419.1919191919192
 21 424.2424242424242
 261 429.2929292929293
 172 434.3434343434343
 1 439.3939393939394
 41 444.4444444444444
 59 449.4949494949495
 67 454.5454545454545
 2 459.5959595959596
 1 464.6464646464646
 3 469.6969696969697
 1 474.7474747474747
 3 479.7979797979798
 16 484.8484848484848
 18 489.8989898989898
 64 494.9494949494949
 0 500


