# Created by Octave 3.8.2, Sat Jun 20 21:21:04 2020 CEST <damian@fptrucha.inv.usc.es>
# name: hd
# type: matrix
# rows: 100
# columns: 2
 2 0
 3 5.05050505050505
 0 10.1010101010101
 265 15.15151515151515
 4 20.2020202020202
 0 25.25252525252525
 176 30.3030303030303
 529 35.35353535353535
 601 40.4040404040404
 277 45.45454545454545
 106 50.50505050505051
 59 55.55555555555555
 2 60.6060606060606
 242 65.65656565656565
 200 70.7070707070707
 558 75.75757575757575
 1 80.8080808080808
 1 85.85858585858585
 61 90.90909090909091
 1 95.95959595959596
 0 101.010101010101
 185 106.060606060606
 173 111.1111111111111
 390 116.1616161616162
 197 121.2121212121212
 113 126.2626262626263
 0 131.3131313131313
 3 136.3636363636363
 75 141.4141414141414
 99 146.4646464646464
 455 151.5151515151515
 279 156.5656565656566
 1 161.6161616161616
 1 166.6666666666667
 70 171.7171717171717
 42 176.7676767676768
 2 181.8181818181818
 0 186.8686868686869
 169 191.9191919191919
 252 196.969696969697
 49 202.020202020202
 80 207.070707070707
 183 212.1212121212121
 54 217.1717171717171
 105 222.2222222222222
 211 227.2727272727273
 139 232.3232323232323
 0 237.3737373737374
 22 242.4242424242424
 141 247.4747474747475
 18 252.5252525252525
 114 257.5757575757576
 136 262.6262626262626
 37 267.6767676767677
 267 272.7272727272727
 139 277.7777777777778
 465 282.8282828282828
 195 287.8787878787879
 0 292.9292929292929
 0 297.979797979798
 0 303.030303030303
 218 308.0808080808081
 26 313.1313131313131
 50 318.1818181818182
 35 323.2323232323232
 38 328.2828282828282
 173 333.3333333333333
 71 338.3838383838383
 15 343.4343434343434
 171 348.4848484848484
 101 353.5353535353535
 30 358.5858585858585
 1 363.6363636363636
 32 368.6868686868686
 35 373.7373737373737
 34 378.7878787878788
 1 383.8383838383838
 0 388.8888888888889
 274 393.9393939393939
 69 398.989898989899
 75 404.040404040404
 167 409.0909090909091
 151 414.1414141414141
 483 419.1919191919192
 16 424.2424242424242
 210 429.2929292929293
 191 434.3434343434343
 2 439.3939393939394
 39 444.4444444444444
 86 449.4949494949495
 63 454.5454545454545
 0 459.5959595959596
 0 464.6464646464646
 0 469.6969696969697
 0 474.7474747474747
 2 479.7979797979798
 13 484.8484848484848
 19 489.8989898989898
 81 494.9494949494949
 0 500


