# Created by Octave 3.8.2, Sat Jun 20 10:56:55 2020 CEST <damian@fptrucha.inv.usc.es>
# name: hd
# type: matrix
# rows: 100
# columns: 2
 4 0
 3 5.05050505050505
 1 10.1010101010101
 294 15.15151515151515
 2 20.2020202020202
 1 25.25252525252525
 163 30.3030303030303
 557 35.35353535353535
 685 40.4040404040404
 315 45.45454545454545
 119 50.50505050505051
 85 55.55555555555555
 1 60.6060606060606
 283 65.65656565656565
 215 70.7070707070707
 621 75.75757575757575
 1 80.8080808080808
 0 85.85858585858585
 83 90.90909090909091
 3 95.95959595959596
 5 101.010101010101
 205 106.060606060606
 209 111.1111111111111
 396 116.1616161616162
 186 121.2121212121212
 108 126.2626262626263
 0 131.3131313131313
 3 136.3636363636363
 65 141.4141414141414
 103 146.4646464646464
 473 151.5151515151515
 271 156.5656565656566
 2 161.6161616161616
 0 166.6666666666667
 72 171.7171717171717
 44 176.7676767676768
 0 181.8181818181818
 0 186.8686868686869
 197 191.9191919191919
 300 196.969696969697
 55 202.020202020202
 97 207.070707070707
 177 212.1212121212121
 76 217.1717171717171
 103 222.2222222222222
 250 227.2727272727273
 165 232.3232323232323
 1 237.3737373737374
 25 242.4242424242424
 139 247.4747474747475
 31 252.5252525252525
 114 257.5757575757576
 177 262.6262626262626
 35 267.6767676767677
 279 272.7272727272727
 156 277.7777777777778
 510 282.8282828282828
 220 287.8787878787879
 1 292.9292929292929
 0 297.979797979798
 0 303.030303030303
 269 308.0808080808081
 24 313.1313131313131
 47 318.1818181818182
 41 323.2323232323232
 50 328.2828282828282
 212 333.3333333333333
 78 338.3838383838383
 30 343.4343434343434
 225 348.4848484848484
 100 353.5353535353535
 33 358.5858585858585
 0 363.6363636363636
 43 368.6868686868686
 40 373.7373737373737
 31 378.7878787878788
 0 383.8383838383838
 0 388.8888888888889
 358 393.9393939393939
 69 398.989898989899
 66 404.040404040404
 182 409.0909090909091
 150 414.1414141414141
 645 419.1919191919192
 25 424.2424242424242
 240 429.2929292929293
 209 434.3434343434343
 4 439.3939393939394
 58 444.4444444444444
 83 449.4949494949495
 68 454.5454545454545
 0 459.5959595959596
 0 464.6464646464646
 4 469.6969696969697
 2 474.7474747474747
 1 479.7979797979798
 19 484.8484848484848
 24 489.8989898989898
 76 494.9494949494949
 0 500


