# Created by Octave 3.8.2, Mon Jun 22 13:58:42 2020 CEST <damian@fptrucha.inv.usc.es>
# name: hd
# type: matrix
# rows: 100
# columns: 2
 5 0
 3 5.05050505050505
 3 10.1010101010101
 294 15.15151515151515
 4 20.2020202020202
 0 25.25252525252525
 158 30.3030303030303
 510 35.35353535353535
 606 40.4040404040404
 299 45.45454545454545
 131 50.50505050505051
 56 55.55555555555555
 4 60.6060606060606
 273 65.65656565656565
 203 70.7070707070707
 541 75.75757575757575
 8 80.8080808080808
 2 85.85858585858585
 66 90.90909090909091
 6 95.95959595959596
 4 101.010101010101
 175 106.060606060606
 166 111.1111111111111
 408 116.1616161616162
 181 121.2121212121212
 80 126.2626262626263
 2 131.3131313131313
 1 136.3636363636363
 65 141.4141414141414
 80 146.4646464646464
 440 151.5151515151515
 255 156.5656565656566
 4 161.6161616161616
 1 166.6666666666667
 83 171.7171717171717
 34 176.7676767676768
 2 181.8181818181818
 0 186.8686868686869
 212 191.9191919191919
 270 196.969696969697
 52 202.020202020202
 105 207.070707070707
 178 212.1212121212121
 58 217.1717171717171
 105 222.2222222222222
 245 227.2727272727273
 155 232.3232323232323
 2 237.3737373737374
 28 242.4242424242424
 150 247.4747474747475
 18 252.5252525252525
 134 257.5757575757576
 123 262.6262626262626
 53 267.6767676767677
 273 272.7272727272727
 156 277.7777777777778
 437 282.8282828282828
 208 287.8787878787879
 2 292.9292929292929
 2 297.979797979798
 1 303.030303030303
 207 308.0808080808081
 30 313.1313131313131
 30 318.1818181818182
 31 323.2323232323232
 30 328.2828282828282
 171 333.3333333333333
 70 338.3838383838383
 18 343.4343434343434
 179 348.4848484848484
 101 353.5353535353535
 29 358.5858585858585
 2 363.6363636363636
 44 368.6868686868686
 42 373.7373737373737
 35 378.7878787878788
 3 383.8383838383838
 0 388.8888888888889
 312 393.9393939393939
 73 398.989898989899
 66 404.040404040404
 139 409.0909090909091
 141 414.1414141414141
 548 419.1919191919192
 24 424.2424242424242
 251 429.2929292929293
 176 434.3434343434343
 4 439.3939393939394
 53 444.4444444444444
 84 449.4949494949495
 57 454.5454545454545
 1 459.5959595959596
 0 464.6464646464646
 0 469.6969696969697
 1 474.7474747474747
 1 479.7979797979798
 20 484.8484848484848
 13 489.8989898989898
 80 494.9494949494949
 0 500


