# Created by Octave 3.8.2, Sat Jun 20 19:21:54 2020 CEST <damian@fptrucha.inv.usc.es>
# name: hd
# type: matrix
# rows: 100
# columns: 2
 1 0
 2 5.05050505050505
 1 10.1010101010101
 273 15.15151515151515
 2 20.2020202020202
 0 25.25252525252525
 170 30.3030303030303
 560 35.35353535353535
 614 40.4040404040404
 324 45.45454545454545
 113 50.50505050505051
 70 55.55555555555555
 0 60.6060606060606
 248 65.65656565656565
 222 70.7070707070707
 533 75.75757575757575
 3 80.8080808080808
 1 85.85858585858585
 57 90.90909090909091
 3 95.95959595959596
 1 101.010101010101
 195 106.060606060606
 194 111.1111111111111
 365 116.1616161616162
 169 121.2121212121212
 86 126.2626262626263
 0 131.3131313131313
 0 136.3636363636363
 64 141.4141414141414
 91 146.4646464646464
 465 151.5151515151515
 288 156.5656565656566
 1 161.6161616161616
 0 166.6666666666667
 71 171.7171717171717
 29 176.7676767676768
 1 181.8181818181818
 0 186.8686868686869
 167 191.9191919191919
 237 196.969696969697
 45 202.020202020202
 83 207.070707070707
 193 212.1212121212121
 76 217.1717171717171
 92 222.2222222222222
 221 227.2727272727273
 145 232.3232323232323
 0 237.3737373737374
 20 242.4242424242424
 135 247.4747474747475
 20 252.5252525252525
 109 257.5757575757576
 129 262.6262626262626
 44 267.6767676767677
 239 272.7272727272727
 141 277.7777777777778
 448 282.8282828282828
 197 287.8787878787879
 2 292.9292929292929
 0 297.979797979798
 2 303.030303030303
 189 308.0808080808081
 22 313.1313131313131
 40 318.1818181818182
 26 323.2323232323232
 55 328.2828282828282
 156 333.3333333333333
 65 338.3838383838383
 24 343.4343434343434
 189 348.4848484848484
 87 353.5353535353535
 35 358.5858585858585
 2 363.6363636363636
 38 368.6868686868686
 30 373.7373737373737
 44 378.7878787878788
 1 383.8383838383838
 0 388.8888888888889
 315 393.9393939393939
 54 398.989898989899
 58 404.040404040404
 157 409.0909090909091
 125 414.1414141414141
 538 419.1919191919192
 13 424.2424242424242
 237 429.2929292929293
 153 434.3434343434343
 5 439.3939393939394
 57 444.4444444444444
 82 449.4949494949495
 54 454.5454545454545
 0 459.5959595959596
 1 464.6464646464646
 3 469.6969696969697
 0 474.7474747474747
 1 479.7979797979798
 15 484.8484848484848
 22 489.8989898989898
 75 494.9494949494949
 0 500


