# Created by Octave 3.8.2, Mon Jun 22 23:24:54 2020 CEST <damian@fptrucha.inv.usc.es>
# name: hd
# type: matrix
# rows: 100
# columns: 2
 3 0
 6 5.05050505050505
 0 10.1010101010101
 298 15.15151515151515
 4 20.2020202020202
 3 25.25252525252525
 173 30.3030303030303
 566 35.35353535353535
 565 40.4040404040404
 327 45.45454545454545
 139 50.50505050505051
 73 55.55555555555555
 1 60.6060606060606
 281 65.65656565656565
 220 70.7070707070707
 606 75.75757575757575
 2 80.8080808080808
 1 85.85858585858585
 71 90.90909090909091
 7 95.95959595959596
 8 101.010101010101
 207 106.060606060606
 178 111.1111111111111
 431 116.1616161616162
 221 121.2121212121212
 82 126.2626262626263
 1 131.3131313131313
 1 136.3636363636363
 77 141.4141414141414
 95 146.4646464646464
 461 151.5151515151515
 246 156.5656565656566
 3 161.6161616161616
 3 166.6666666666667
 90 171.7171717171717
 29 176.7676767676768
 0 181.8181818181818
 1 186.8686868686869
 226 191.9191919191919
 290 196.969696969697
 44 202.020202020202
 99 207.070707070707
 167 212.1212121212121
 62 217.1717171717171
 121 222.2222222222222
 262 227.2727272727273
 159 232.3232323232323
 1 237.3737373737374
 29 242.4242424242424
 158 247.4747474747475
 15 252.5252525252525
 121 257.5757575757576
 145 262.6262626262626
 39 267.6767676767677
 282 272.7272727272727
 154 277.7777777777778
 481 282.8282828282828
 226 287.8787878787879
 2 292.9292929292929
 2 297.979797979798
 0 303.030303030303
 218 308.0808080808081
 26 313.1313131313131
 45 318.1818181818182
 32 323.2323232323232
 35 328.2828282828282
 197 333.3333333333333
 73 338.3838383838383
 20 343.4343434343434
 220 348.4848484848484
 78 353.5353535353535
 29 358.5858585858585
 3 363.6363636363636
 46 368.6868686868686
 40 373.7373737373737
 36 378.7878787878788
 2 383.8383838383838
 0 388.8888888888889
 323 393.9393939393939
 67 398.989898989899
 63 404.040404040404
 179 409.0909090909091
 155 414.1414141414141
 595 419.1919191919192
 20 424.2424242424242
 243 429.2929292929293
 170 434.3434343434343
 3 439.3939393939394
 65 444.4444444444444
 80 449.4949494949495
 47 454.5454545454545
 2 459.5959595959596
 1 464.6464646464646
 1 469.6969696969697
 0 474.7474747474747
 4 479.7979797979798
 28 484.8484848484848
 21 489.8989898989898
 77 494.9494949494949
 0 500


