# Created by Octave 3.8.2, Mon Jun 22 05:57:22 2020 CEST <damian@fptrucha.inv.usc.es>
# name: hd
# type: matrix
# rows: 100
# columns: 2
 2 0
 3 5.05050505050505
 3 10.1010101010101
 276 15.15151515151515
 1 20.2020202020202
 4 25.25252525252525
 158 30.3030303030303
 504 35.35353535353535
 563 40.4040404040404
 331 45.45454545454545
 132 50.50505050505051
 79 55.55555555555555
 1 60.6060606060606
 287 65.65656565656565
 223 70.7070707070707
 549 75.75757575757575
 2 80.8080808080808
 1 85.85858585858585
 58 90.90909090909091
 3 95.95959595959596
 5 101.010101010101
 192 106.060606060606
 155 111.1111111111111
 357 116.1616161616162
 198 121.2121212121212
 75 126.2626262626263
 1 131.3131313131313
 1 136.3636363636363
 53 141.4141414141414
 94 146.4646464646464
 428 151.5151515151515
 222 156.5656565656566
 5 161.6161616161616
 0 166.6666666666667
 70 171.7171717171717
 34 176.7676767676768
 1 181.8181818181818
 3 186.8686868686869
 178 191.9191919191919
 234 196.969696969697
 41 202.020202020202
 83 207.070707070707
 158 212.1212121212121
 61 217.1717171717171
 101 222.2222222222222
 227 227.2727272727273
 137 232.3232323232323
 2 237.3737373737374
 26 242.4242424242424
 151 247.4747474747475
 38 252.5252525252525
 89 257.5757575757576
 109 262.6262626262626
 31 267.6767676767677
 271 272.7272727272727
 148 277.7777777777778
 418 282.8282828282828
 195 287.8787878787879
 1 292.9292929292929
 0 297.979797979798
 0 303.030303030303
 182 308.0808080808081
 24 313.1313131313131
 42 318.1818181818182
 16 323.2323232323232
 42 328.2828282828282
 174 333.3333333333333
 79 338.3838383838383
 23 343.4343434343434
 172 348.4848484848484
 96 353.5353535353535
 36 358.5858585858585
 1 363.6363636363636
 48 368.6868686868686
 48 373.7373737373737
 27 378.7878787878788
 2 383.8383838383838
 4 388.8888888888889
 287 393.9393939393939
 44 398.989898989899
 48 404.040404040404
 162 409.0909090909091
 155 414.1414141414141
 534 419.1919191919192
 26 424.2424242424242
 214 429.2929292929293
 183 434.3434343434343
 5 439.3939393939394
 62 444.4444444444444
 80 449.4949494949495
 50 454.5454545454545
 0 459.5959595959596
 2 464.6464646464646
 2 469.6969696969697
 3 474.7474747474747
 0 479.7979797979798
 20 484.8484848484848
 18 489.8989898989898
 56 494.9494949494949
 0 500


