# Created by Octave 3.8.2, Mon Jun 22 05:43:59 2020 CEST <damian@fptrucha.inv.usc.es>
# name: hd
# type: matrix
# rows: 100
# columns: 2
 4 0
 4 5.05050505050505
 4 10.1010101010101
 283 15.15151515151515
 0 20.2020202020202
 2 25.25252525252525
 157 30.3030303030303
 525 35.35353535353535
 538 40.4040404040404
 313 45.45454545454545
 133 50.50505050505051
 78 55.55555555555555
 1 60.6060606060606
 251 65.65656565656565
 209 70.7070707070707
 489 75.75757575757575
 3 80.8080808080808
 1 85.85858585858585
 40 90.90909090909091
 3 95.95959595959596
 4 101.010101010101
 164 106.060606060606
 150 111.1111111111111
 338 116.1616161616162
 185 121.2121212121212
 83 126.2626262626263
 0 131.3131313131313
 2 136.3636363636363
 67 141.4141414141414
 89 146.4646464646464
 417 151.5151515151515
 225 156.5656565656566
 3 161.6161616161616
 1 166.6666666666667
 82 171.7171717171717
 26 176.7676767676768
 1 181.8181818181818
 1 186.8686868686869
 178 191.9191919191919
 229 196.969696969697
 45 202.020202020202
 105 207.070707070707
 160 212.1212121212121
 47 217.1717171717171
 102 222.2222222222222
 221 227.2727272727273
 116 232.3232323232323
 3 237.3737373737374
 25 242.4242424242424
 127 247.4747474747475
 29 252.5252525252525
 100 257.5757575757576
 103 262.6262626262626
 30 267.6767676767677
 248 272.7272727272727
 128 277.7777777777778
 436 282.8282828282828
 189 287.8787878787879
 2 292.9292929292929
 0 297.979797979798
 1 303.030303030303
 170 308.0808080808081
 21 313.1313131313131
 41 318.1818181818182
 18 323.2323232323232
 39 328.2828282828282
 163 333.3333333333333
 59 338.3838383838383
 19 343.4343434343434
 185 348.4848484848484
 107 353.5353535353535
 26 358.5858585858585
 1 363.6363636363636
 41 368.6868686868686
 25 373.7373737373737
 35 378.7878787878788
 1 383.8383838383838
 0 388.8888888888889
 290 393.9393939393939
 44 398.989898989899
 62 404.040404040404
 147 409.0909090909091
 137 414.1414141414141
 529 419.1919191919192
 20 424.2424242424242
 240 429.2929292929293
 169 434.3434343434343
 5 439.3939393939394
 52 444.4444444444444
 72 449.4949494949495
 46 454.5454545454545
 2 459.5959595959596
 0 464.6464646464646
 0 469.6969696969697
 3 474.7474747474747
 1 479.7979797979798
 26 484.8484848484848
 19 489.8989898989898
 54 494.9494949494949
 0 500


