# Created by Octave 3.8.2, Sat Jun 20 10:54:06 2020 CEST <damian@fptrucha.inv.usc.es>
# name: hd
# type: matrix
# rows: 100
# columns: 2
 2 0
 5 5.05050505050505
 1 10.1010101010101
 306 15.15151515151515
 3 20.2020202020202
 2 25.25252525252525
 177 30.3030303030303
 584 35.35353535353535
 673 40.4040404040404
 332 45.45454545454545
 117 50.50505050505051
 72 55.55555555555555
 1 60.6060606060606
 308 65.65656565656565
 216 70.7070707070707
 610 75.75757575757575
 0 80.8080808080808
 3 85.85858585858585
 68 90.90909090909091
 4 95.95959595959596
 3 101.010101010101
 199 106.060606060606
 206 111.1111111111111
 431 116.1616161616162
 201 121.2121212121212
 108 126.2626262626263
 0 131.3131313131313
 2 136.3636363636363
 75 141.4141414141414
 104 146.4646464646464
 456 151.5151515151515
 285 156.5656565656566
 4 161.6161616161616
 0 166.6666666666667
 88 171.7171717171717
 33 176.7676767676768
 1 181.8181818181818
 0 186.8686868686869
 211 191.9191919191919
 305 196.969696969697
 46 202.020202020202
 99 207.070707070707
 230 212.1212121212121
 63 217.1717171717171
 104 222.2222222222222
 244 227.2727272727273
 150 232.3232323232323
 3 237.3737373737374
 21 242.4242424242424
 159 247.4747474747475
 28 252.5252525252525
 123 257.5757575757576
 161 262.6262626262626
 32 267.6767676767677
 305 272.7272727272727
 158 277.7777777777778
 459 282.8282828282828
 231 287.8787878787879
 0 292.9292929292929
 0 297.979797979798
 0 303.030303030303
 231 308.0808080808081
 23 313.1313131313131
 53 318.1818181818182
 32 323.2323232323232
 56 328.2828282828282
 188 333.3333333333333
 72 338.3838383838383
 30 343.4343434343434
 221 348.4848484848484
 109 353.5353535353535
 36 358.5858585858585
 3 363.6363636363636
 49 368.6868686868686
 37 373.7373737373737
 42 378.7878787878788
 0 383.8383838383838
 2 388.8888888888889
 321 393.9393939393939
 64 398.989898989899
 59 404.040404040404
 175 409.0909090909091
 145 414.1414141414141
 673 419.1919191919192
 22 424.2424242424242
 237 429.2929292929293
 191 434.3434343434343
 3 439.3939393939394
 45 444.4444444444444
 88 449.4949494949495
 65 454.5454545454545
 0 459.5959595959596
 2 464.6464646464646
 1 469.6969696969697
 2 474.7474747474747
 2 479.7979797979798
 13 484.8484848484848
 21 489.8989898989898
 64 494.9494949494949
 0 500


