# Created by Octave 3.8.2, Sat Jun 20 15:45:57 2020 CEST <damian@fptrucha.inv.usc.es>
# name: hd
# type: matrix
# rows: 100
# columns: 2
 0 0
 3 5.05050505050505
 1 10.1010101010101
 270 15.15151515151515
 0 20.2020202020202
 0 25.25252525252525
 154 30.3030303030303
 515 35.35353535353535
 588 40.4040404040404
 321 45.45454545454545
 129 50.50505050505051
 71 55.55555555555555
 1 60.6060606060606
 272 65.65656565656565
 208 70.7070707070707
 563 75.75757575757575
 0 80.8080808080808
 0 85.85858585858585
 53 90.90909090909091
 4 95.95959595959596
 3 101.010101010101
 192 106.060606060606
 189 111.1111111111111
 411 116.1616161616162
 216 121.2121212121212
 106 126.2626262626263
 1 131.3131313131313
 0 136.3636363636363
 73 141.4141414141414
 105 146.4646464646464
 455 151.5151515151515
 264 156.5656565656566
 2 161.6161616161616
 2 166.6666666666667
 70 171.7171717171717
 36 176.7676767676768
 1 181.8181818181818
 0 186.8686868686869
 183 191.9191919191919
 275 196.969696969697
 48 202.020202020202
 83 207.070707070707
 241 212.1212121212121
 55 217.1717171717171
 90 222.2222222222222
 184 227.2727272727273
 140 232.3232323232323
 0 237.3737373737374
 18 242.4242424242424
 128 247.4747474747475
 17 252.5252525252525
 129 257.5757575757576
 121 262.6262626262626
 36 267.6767676767677
 275 272.7272727272727
 157 277.7777777777778
 471 282.8282828282828
 218 287.8787878787879
 0 292.9292929292929
 0 297.979797979798
 1 303.030303030303
 221 308.0808080808081
 13 313.1313131313131
 45 318.1818181818182
 34 323.2323232323232
 32 328.2828282828282
 176 333.3333333333333
 77 338.3838383838383
 21 343.4343434343434
 208 348.4848484848484
 108 353.5353535353535
 22 358.5858585858585
 0 363.6363636363636
 45 368.6868686868686
 50 373.7373737373737
 34 378.7878787878788
 1 383.8383838383838
 0 388.8888888888889
 315 393.9393939393939
 62 398.989898989899
 61 404.040404040404
 152 409.0909090909091
 159 414.1414141414141
 529 419.1919191919192
 29 424.2424242424242
 234 429.2929292929293
 205 434.3434343434343
 7 439.3939393939394
 60 444.4444444444444
 76 449.4949494949495
 49 454.5454545454545
 1 459.5959595959596
 0 464.6464646464646
 2 469.6969696969697
 1 474.7474747474747
 1 479.7979797979798
 14 484.8484848484848
 26 489.8989898989898
 72 494.9494949494949
 0 500


