# Created by Octave 3.8.2, Mon Jun 22 16:17:52 2020 CEST <damian@fptrucha.inv.usc.es>
# name: hd
# type: matrix
# rows: 100
# columns: 2
 1 0
 0 5.05050505050505
 1 10.1010101010101
 200 15.15151515151515
 2 20.2020202020202
 0 25.25252525252525
 117 30.3030303030303
 346 35.35353535353535
 410 40.4040404040404
 216 45.45454545454545
 94 50.50505050505051
 46 55.55555555555555
 0 60.6060606060606
 165 65.65656565656565
 150 70.7070707070707
 395 75.75757575757575
 0 80.8080808080808
 1 85.85858585858585
 48 90.90909090909091
 0 95.95959595959596
 2 101.010101010101
 130 106.060606060606
 100 111.1111111111111
 284 116.1616161616162
 138 121.2121212121212
 58 126.2626262626263
 1 131.3131313131313
 0 136.3636363636363
 46 141.4141414141414
 78 146.4646464646464
 300 151.5151515151515
 163 156.5656565656566
 4 161.6161616161616
 0 166.6666666666667
 46 171.7171717171717
 23 176.7676767676768
 1 181.8181818181818
 0 186.8686868686869
 138 191.9191919191919
 186 196.969696969697
 27 202.020202020202
 51 207.070707070707
 133 212.1212121212121
 43 217.1717171717171
 65 222.2222222222222
 142 227.2727272727273
 95 232.3232323232323
 0 237.3737373737374
 11 242.4242424242424
 105 247.4747474747475
 22 252.5252525252525
 66 257.5757575757576
 126 262.6262626262626
 34 267.6767676767677
 181 272.7272727272727
 109 277.7777777777778
 308 282.8282828282828
 154 287.8787878787879
 1 292.9292929292929
 1 297.979797979798
 0 303.030303030303
 132 308.0808080808081
 23 313.1313131313131
 30 318.1818181818182
 20 323.2323232323232
 16 328.2828282828282
 132 333.3333333333333
 46 338.3838383838383
 22 343.4343434343434
 111 348.4848484848484
 74 353.5353535353535
 15 358.5858585858585
 2 363.6363636363636
 41 368.6868686868686
 26 373.7373737373737
 25 378.7878787878788
 1 383.8383838383838
 0 388.8888888888889
 193 393.9393939393939
 46 398.989898989899
 43 404.040404040404
 115 409.0909090909091
 105 414.1414141414141
 390 419.1919191919192
 14 424.2424242424242
 174 429.2929292929293
 115 434.3434343434343
 2 439.3939393939394
 28 444.4444444444444
 45 449.4949494949495
 35 454.5454545454545
 1 459.5959595959596
 1 464.6464646464646
 1 469.6969696969697
 1 474.7474747474747
 1 479.7979797979798
 15 484.8484848484848
 18 489.8989898989898
 42 494.9494949494949
 0 500


