# Created by Octave 3.8.2, Mon Jun 22 15:27:00 2020 CEST <damian@fptrucha.inv.usc.es>
# name: hd
# type: matrix
# rows: 100
# columns: 2
 1 0
 3 5.05050505050505
 2 10.1010101010101
 282 15.15151515151515
 5 20.2020202020202
 1 25.25252525252525
 170 30.3030303030303
 525 35.35353535353535
 586 40.4040404040404
 331 45.45454545454545
 127 50.50505050505051
 61 55.55555555555555
 1 60.6060606060606
 263 65.65656565656565
 230 70.7070707070707
 619 75.75757575757575
 1 80.8080808080808
 0 85.85858585858585
 57 90.90909090909091
 5 95.95959595959596
 4 101.010101010101
 202 106.060606060606
 179 111.1111111111111
 436 116.1616161616162
 203 121.2121212121212
 84 126.2626262626263
 0 131.3131313131313
 2 136.3636363636363
 72 141.4141414141414
 103 146.4646464646464
 437 151.5151515151515
 220 156.5656565656566
 5 161.6161616161616
 0 166.6666666666667
 76 171.7171717171717
 31 176.7676767676768
 1 181.8181818181818
 0 186.8686868686869
 198 191.9191919191919
 252 196.969696969697
 56 202.020202020202
 97 207.070707070707
 191 212.1212121212121
 65 217.1717171717171
 104 222.2222222222222
 246 227.2727272727273
 123 232.3232323232323
 0 237.3737373737374
 21 242.4242424242424
 152 247.4747474747475
 22 252.5252525252525
 123 257.5757575757576
 125 262.6262626262626
 42 267.6767676767677
 271 272.7272727272727
 141 277.7777777777778
 465 282.8282828282828
 182 287.8787878787879
 0 292.9292929292929
 2 297.979797979798
 0 303.030303030303
 208 308.0808080808081
 24 313.1313131313131
 34 318.1818181818182
 31 323.2323232323232
 48 328.2828282828282
 194 333.3333333333333
 71 338.3838383838383
 19 343.4343434343434
 184 348.4848484848484
 102 353.5353535353535
 26 358.5858585858585
 3 363.6363636363636
 45 368.6868686868686
 33 373.7373737373737
 46 378.7878787878788
 2 383.8383838383838
 0 388.8888888888889
 363 393.9393939393939
 61 398.989898989899
 73 404.040404040404
 162 409.0909090909091
 146 414.1414141414141
 578 419.1919191919192
 25 424.2424242424242
 246 429.2929292929293
 167 434.3434343434343
 3 439.3939393939394
 67 444.4444444444444
 86 449.4949494949495
 50 454.5454545454545
 1 459.5959595959596
 3 464.6464646464646
 1 469.6969696969697
 0 474.7474747474747
 2 479.7979797979798
 17 484.8484848484848
 20 489.8989898989898
 81 494.9494949494949
 0 500


