# Created by Octave 3.8.2, Sun Jun 21 02:58:17 2020 CEST <damian@fptrucha.inv.usc.es>
# name: hd
# type: matrix
# rows: 100
# columns: 2
 3 0
 2 5.05050505050505
 2 10.1010101010101
 249 15.15151515151515
 2 20.2020202020202
 2 25.25252525252525
 153 30.3030303030303
 476 35.35353535353535
 573 40.4040404040404
 295 45.45454545454545
 108 50.50505050505051
 70 55.55555555555555
 4 60.6060606060606
 249 65.65656565656565
 200 70.7070707070707
 551 75.75757575757575
 1 80.8080808080808
 0 85.85858585858585
 59 90.90909090909091
 1 95.95959595959596
 4 101.010101010101
 158 106.060606060606
 182 111.1111111111111
 382 116.1616161616162
 179 121.2121212121212
 101 126.2626262626263
 1 131.3131313131313
 1 136.3636363636363
 52 141.4141414141414
 69 146.4646464646464
 401 151.5151515151515
 265 156.5656565656566
 1 161.6161616161616
 1 166.6666666666667
 65 171.7171717171717
 26 176.7676767676768
 0 181.8181818181818
 2 186.8686868686869
 187 191.9191919191919
 259 196.969696969697
 48 202.020202020202
 83 207.070707070707
 197 212.1212121212121
 73 217.1717171717171
 96 222.2222222222222
 205 227.2727272727273
 132 232.3232323232323
 0 237.3737373737374
 25 242.4242424242424
 126 247.4747474747475
 26 252.5252525252525
 124 257.5757575757576
 123 262.6262626262626
 51 267.6767676767677
 260 272.7272727272727
 146 277.7777777777778
 430 282.8282828282828
 217 287.8787878787879
 1 292.9292929292929
 1 297.979797979798
 0 303.030303030303
 181 308.0808080808081
 15 313.1313131313131
 39 318.1818181818182
 43 323.2323232323232
 42 328.2828282828282
 144 333.3333333333333
 72 338.3838383838383
 12 343.4343434343434
 173 348.4848484848484
 86 353.5353535353535
 23 358.5858585858585
 0 363.6363636363636
 48 368.6868686868686
 41 373.7373737373737
 40 378.7878787878788
 2 383.8383838383838
 0 388.8888888888889
 303 393.9393939393939
 49 398.989898989899
 75 404.040404040404
 147 409.0909090909091
 130 414.1414141414141
 566 419.1919191919192
 24 424.2424242424242
 201 429.2929292929293
 182 434.3434343434343
 3 439.3939393939394
 49 444.4444444444444
 74 449.4949494949495
 67 454.5454545454545
 0 459.5959595959596
 0 464.6464646464646
 1 469.6969696969697
 0 474.7474747474747
 1 479.7979797979798
 19 484.8484848484848
 24 489.8989898989898
 78 494.9494949494949
 0 500


