# Created by Octave 3.8.2, Mon Jun 22 19:56:40 2020 CEST <damian@fptrucha.inv.usc.es>
# name: hd
# type: matrix
# rows: 100
# columns: 2
 3 0
 5 5.05050505050505
 2 10.1010101010101
 313 15.15151515151515
 1 20.2020202020202
 1 25.25252525252525
 151 30.3030303030303
 514 35.35353535353535
 634 40.4040404040404
 352 45.45454545454545
 122 50.50505050505051
 67 55.55555555555555
 3 60.6060606060606
 299 65.65656565656565
 219 70.7070707070707
 538 75.75757575757575
 2 80.8080808080808
 1 85.85858585858585
 75 90.90909090909091
 6 95.95959595959596
 5 101.010101010101
 196 106.060606060606
 186 111.1111111111111
 425 116.1616161616162
 211 121.2121212121212
 90 126.2626262626263
 2 131.3131313131313
 1 136.3636363636363
 77 141.4141414141414
 77 146.4646464646464
 448 151.5151515151515
 249 156.5656565656566
 1 161.6161616161616
 1 166.6666666666667
 73 171.7171717171717
 33 176.7676767676768
 1 181.8181818181818
 0 186.8686868686869
 212 191.9191919191919
 282 196.969696969697
 48 202.020202020202
 84 207.070707070707
 190 212.1212121212121
 49 217.1717171717171
 83 222.2222222222222
 248 227.2727272727273
 147 232.3232323232323
 1 237.3737373737374
 35 242.4242424242424
 112 247.4747474747475
 21 252.5252525252525
 142 257.5757575757576
 125 262.6262626262626
 37 267.6767676767677
 275 272.7272727272727
 138 277.7777777777778
 466 282.8282828282828
 211 287.8787878787879
 2 292.9292929292929
 4 297.979797979798
 1 303.030303030303
 231 308.0808080808081
 27 313.1313131313131
 42 318.1818181818182
 29 323.2323232323232
 31 328.2828282828282
 188 333.3333333333333
 79 338.3838383838383
 23 343.4343434343434
 204 348.4848484848484
 104 353.5353535353535
 31 358.5858585858585
 0 363.6363636363636
 57 368.6868686868686
 37 373.7373737373737
 44 378.7878787878788
 3 383.8383838383838
 2 388.8888888888889
 310 393.9393939393939
 64 398.989898989899
 63 404.040404040404
 164 409.0909090909091
 158 414.1414141414141
 608 419.1919191919192
 23 424.2424242424242
 231 429.2929292929293
 162 434.3434343434343
 4 439.3939393939394
 56 444.4444444444444
 75 449.4949494949495
 57 454.5454545454545
 1 459.5959595959596
 0 464.6464646464646
 0 469.6969696969697
 2 474.7474747474747
 3 479.7979797979798
 26 484.8484848484848
 21 489.8989898989898
 72 494.9494949494949
 0 500


