# Created by Octave 3.8.2, Mon Jun 22 19:21:15 2020 CEST <damian@fptrucha.inv.usc.es>
# name: hd
# type: matrix
# rows: 100
# columns: 2
 4 0
 9 5.05050505050505
 4 10.1010101010101
 323 15.15151515151515
 4 20.2020202020202
 1 25.25252525252525
 151 30.3030303030303
 521 35.35353535353535
 611 40.4040404040404
 309 45.45454545454545
 131 50.50505050505051
 63 55.55555555555555
 4 60.6060606060606
 273 65.65656565656565
 255 70.7070707070707
 608 75.75757575757575
 1 80.8080808080808
 1 85.85858585858585
 54 90.90909090909091
 4 95.95959595959596
 3 101.010101010101
 192 106.060606060606
 182 111.1111111111111
 469 116.1616161616162
 193 121.2121212121212
 95 126.2626262626263
 0 131.3131313131313
 1 136.3636363636363
 68 141.4141414141414
 82 146.4646464646464
 478 151.5151515151515
 250 156.5656565656566
 3 161.6161616161616
 3 166.6666666666667
 80 171.7171717171717
 29 176.7676767676768
 1 181.8181818181818
 0 186.8686868686869
 196 191.9191919191919
 268 196.969696969697
 43 202.020202020202
 95 207.070707070707
 203 212.1212121212121
 56 217.1717171717171
 105 222.2222222222222
 238 227.2727272727273
 142 232.3232323232323
 1 237.3737373737374
 31 242.4242424242424
 114 247.4747474747475
 31 252.5252525252525
 136 257.5757575757576
 113 262.6262626262626
 45 267.6767676767677
 279 272.7272727272727
 133 277.7777777777778
 476 282.8282828282828
 223 287.8787878787879
 3 292.9292929292929
 2 297.979797979798
 1 303.030303030303
 224 308.0808080808081
 27 313.1313131313131
 49 318.1818181818182
 22 323.2323232323232
 42 328.2828282828282
 188 333.3333333333333
 65 338.3838383838383
 16 343.4343434343434
 189 348.4848484848484
 110 353.5353535353535
 30 358.5858585858585
 1 363.6363636363636
 44 368.6868686868686
 29 373.7373737373737
 41 378.7878787878788
 3 383.8383838383838
 2 388.8888888888889
 297 393.9393939393939
 62 398.989898989899
 63 404.040404040404
 151 409.0909090909091
 139 414.1414141414141
 579 419.1919191919192
 18 424.2424242424242
 247 429.2929292929293
 191 434.3434343434343
 4 439.3939393939394
 64 444.4444444444444
 69 449.4949494949495
 49 454.5454545454545
 2 459.5959595959596
 1 464.6464646464646
 2 469.6969696969697
 1 474.7474747474747
 0 479.7979797979798
 16 484.8484848484848
 22 489.8989898989898
 68 494.9494949494949
 0 500


