# Created by Octave 3.8.2, Mon Jun 22 03:07:46 2020 CEST <damian@fptrucha.inv.usc.es>
# name: hd
# type: matrix
# rows: 100
# columns: 2
 3 0
 4 5.05050505050505
 2 10.1010101010101
 271 15.15151515151515
 8 20.2020202020202
 3 25.25252525252525
 137 30.3030303030303
 502 35.35353535353535
 560 40.4040404040404
 287 45.45454545454545
 136 50.50505050505051
 65 55.55555555555555
 0 60.6060606060606
 248 65.65656565656565
 196 70.7070707070707
 515 75.75757575757575
 1 80.8080808080808
 0 85.85858585858585
 54 90.90909090909091
 2 95.95959595959596
 4 101.010101010101
 174 106.060606060606
 158 111.1111111111111
 361 116.1616161616162
 185 121.2121212121212
 98 126.2626262626263
 1 131.3131313131313
 3 136.3636363636363
 50 141.4141414141414
 84 146.4646464646464
 406 151.5151515151515
 224 156.5656565656566
 6 161.6161616161616
 1 166.6666666666667
 58 171.7171717171717
 32 176.7676767676768
 0 181.8181818181818
 1 186.8686868686869
 184 191.9191919191919
 223 196.969696969697
 59 202.020202020202
 70 207.070707070707
 175 212.1212121212121
 63 217.1717171717171
 88 222.2222222222222
 202 227.2727272727273
 124 232.3232323232323
 1 237.3737373737374
 18 242.4242424242424
 126 247.4747474747475
 28 252.5252525252525
 112 257.5757575757576
 115 262.6262626262626
 40 267.6767676767677
 257 272.7272727272727
 133 277.7777777777778
 403 282.8282828282828
 224 287.8787878787879
 2 292.9292929292929
 0 297.979797979798
 1 303.030303030303
 182 308.0808080808081
 13 313.1313131313131
 40 318.1818181818182
 30 323.2323232323232
 39 328.2828282828282
 152 333.3333333333333
 76 338.3838383838383
 26 343.4343434343434
 172 348.4848484848484
 78 353.5353535353535
 40 358.5858585858585
 1 363.6363636363636
 42 368.6868686868686
 38 373.7373737373737
 42 378.7878787878788
 0 383.8383838383838
 0 388.8888888888889
 291 393.9393939393939
 60 398.989898989899
 59 404.040404040404
 145 409.0909090909091
 156 414.1414141414141
 500 419.1919191919192
 27 424.2424242424242
 204 429.2929292929293
 148 434.3434343434343
 3 439.3939393939394
 56 444.4444444444444
 65 449.4949494949495
 47 454.5454545454545
 1 459.5959595959596
 1 464.6464646464646
 3 469.6969696969697
 1 474.7474747474747
 0 479.7979797979798
 18 484.8484848484848
 27 489.8989898989898
 63 494.9494949494949
 0 500


