# Created by Octave 3.8.2, Mon Jun 22 06:33:35 2020 CEST <damian@fptrucha.inv.usc.es>
# name: hd
# type: matrix
# rows: 100
# columns: 2
 3 0
 1 5.05050505050505
 2 10.1010101010101
 281 15.15151515151515
 6 20.2020202020202
 0 25.25252525252525
 153 30.3030303030303
 486 35.35353535353535
 546 40.4040404040404
 308 45.45454545454545
 127 50.50505050505051
 67 55.55555555555555
 6 60.6060606060606
 251 65.65656565656565
 207 70.7070707070707
 503 75.75757575757575
 2 80.8080808080808
 3 85.85858585858585
 60 90.90909090909091
 7 95.95959595959596
 3 101.010101010101
 197 106.060606060606
 163 111.1111111111111
 365 116.1616161616162
 188 121.2121212121212
 85 126.2626262626263
 0 131.3131313131313
 3 136.3636363636363
 69 141.4141414141414
 95 146.4646464646464
 408 151.5151515151515
 254 156.5656565656566
 8 161.6161616161616
 0 166.6666666666667
 83 171.7171717171717
 20 176.7676767676768
 1 181.8181818181818
 0 186.8686868686869
 187 191.9191919191919
 245 196.969696969697
 37 202.020202020202
 98 207.070707070707
 183 212.1212121212121
 56 217.1717171717171
 103 222.2222222222222
 239 227.2727272727273
 118 232.3232323232323
 4 237.3737373737374
 28 242.4242424242424
 105 247.4747474747475
 23 252.5252525252525
 106 257.5757575757576
 125 262.6262626262626
 36 267.6767676767677
 267 272.7272727272727
 144 277.7777777777778
 423 282.8282828282828
 211 287.8787878787879
 4 292.9292929292929
 5 297.979797979798
 1 303.030303030303
 201 308.0808080808081
 31 313.1313131313131
 32 318.1818181818182
 42 323.2323232323232
 43 328.2828282828282
 174 333.3333333333333
 55 338.3838383838383
 17 343.4343434343434
 185 348.4848484848484
 90 353.5353535353535
 34 358.5858585858585
 3 363.6363636363636
 48 368.6868686868686
 47 373.7373737373737
 27 378.7878787878788
 1 383.8383838383838
 3 388.8888888888889
 307 393.9393939393939
 60 398.989898989899
 64 404.040404040404
 181 409.0909090909091
 143 414.1414141414141
 496 419.1919191919192
 22 424.2424242424242
 228 429.2929292929293
 177 434.3434343434343
 1 439.3939393939394
 69 444.4444444444444
 74 449.4949494949495
 62 454.5454545454545
 3 459.5959595959596
 0 464.6464646464646
 1 469.6969696969697
 2 474.7474747474747
 3 479.7979797979798
 10 484.8484848484848
 16 489.8989898989898
 77 494.9494949494949
 0 500


