# Created by Octave 3.8.2, Mon Jun 22 22:42:47 2020 CEST <damian@fptrucha.inv.usc.es>
# name: hd
# type: matrix
# rows: 100
# columns: 2
 2 0
 4 5.05050505050505
 1 10.1010101010101
 298 15.15151515151515
 1 20.2020202020202
 1 25.25252525252525
 151 30.3030303030303
 495 35.35353535353535
 601 40.4040404040404
 320 45.45454545454545
 123 50.50505050505051
 72 55.55555555555555
 0 60.6060606060606
 269 65.65656565656565
 216 70.7070707070707
 574 75.75757575757575
 3 80.8080808080808
 3 85.85858585858585
 56 90.90909090909091
 3 95.95959595959596
 3 101.010101010101
 193 106.060606060606
 174 111.1111111111111
 438 116.1616161616162
 194 121.2121212121212
 86 126.2626262626263
 0 131.3131313131313
 2 136.3636363636363
 83 141.4141414141414
 105 146.4646464646464
 451 151.5151515151515
 284 156.5656565656566
 1 161.6161616161616
 0 166.6666666666667
 82 171.7171717171717
 31 176.7676767676768
 1 181.8181818181818
 0 186.8686868686869
 211 191.9191919191919
 279 196.969696969697
 67 202.020202020202
 106 207.070707070707
 202 212.1212121212121
 89 217.1717171717171
 107 222.2222222222222
 228 227.2727272727273
 149 232.3232323232323
 0 237.3737373737374
 31 242.4242424242424
 143 247.4747474747475
 33 252.5252525252525
 126 257.5757575757576
 129 262.6262626262626
 43 267.6767676767677
 249 272.7272727272727
 161 277.7777777777778
 473 282.8282828282828
 242 287.8787878787879
 0 292.9292929292929
 0 297.979797979798
 0 303.030303030303
 228 308.0808080808081
 25 313.1313131313131
 44 318.1818181818182
 37 323.2323232323232
 33 328.2828282828282
 197 333.3333333333333
 69 338.3838383838383
 25 343.4343434343434
 198 348.4848484848484
 109 353.5353535353535
 35 358.5858585858585
 0 363.6363636363636
 42 368.6868686868686
 40 373.7373737373737
 40 378.7878787878788
 1 383.8383838383838
 3 388.8888888888889
 317 393.9393939393939
 56 398.989898989899
 72 404.040404040404
 204 409.0909090909091
 147 414.1414141414141
 560 419.1919191919192
 20 424.2424242424242
 230 429.2929292929293
 209 434.3434343434343
 7 439.3939393939394
 52 444.4444444444444
 67 449.4949494949495
 58 454.5454545454545
 1 459.5959595959596
 0 464.6464646464646
 1 469.6969696969697
 1 474.7474747474747
 1 479.7979797979798
 19 484.8484848484848
 24 489.8989898989898
 74 494.9494949494949
 0 500


