# Created by Octave 3.8.2, Sat Jun 20 06:01:04 2020 CEST <damian@fptrucha.inv.usc.es>
# name: hd
# type: matrix
# rows: 100
# columns: 2
 3 0
 4 5.05050505050505
 2 10.1010101010101
 297 15.15151515151515
 2 20.2020202020202
 2 25.25252525252525
 154 30.3030303030303
 603 35.35353535353535
 708 40.4040404040404
 341 45.45454545454545
 124 50.50505050505051
 68 55.55555555555555
 1 60.6060606060606
 316 65.65656565656565
 256 70.7070707070707
 634 75.75757575757575
 0 80.8080808080808
 1 85.85858585858585
 73 90.90909090909091
 7 95.95959595959596
 1 101.010101010101
 200 106.060606060606
 197 111.1111111111111
 443 116.1616161616162
 240 121.2121212121212
 107 126.2626262626263
 0 131.3131313131313
 0 136.3636363636363
 68 141.4141414141414
 102 146.4646464646464
 488 151.5151515151515
 310 156.5656565656566
 3 161.6161616161616
 3 166.6666666666667
 90 171.7171717171717
 44 176.7676767676768
 2 181.8181818181818
 2 186.8686868686869
 247 191.9191919191919
 294 196.969696969697
 46 202.020202020202
 102 207.070707070707
 206 212.1212121212121
 74 217.1717171717171
 114 222.2222222222222
 244 227.2727272727273
 142 232.3232323232323
 0 237.3737373737374
 34 242.4242424242424
 145 247.4747474747475
 16 252.5252525252525
 141 257.5757575757576
 147 262.6262626262626
 38 267.6767676767677
 272 272.7272727272727
 168 277.7777777777778
 492 282.8282828282828
 208 287.8787878787879
 0 292.9292929292929
 1 297.979797979798
 0 303.030303030303
 250 308.0808080808081
 24 313.1313131313131
 37 318.1818181818182
 37 323.2323232323232
 53 328.2828282828282
 199 333.3333333333333
 69 338.3838383838383
 20 343.4343434343434
 197 348.4848484848484
 116 353.5353535353535
 27 358.5858585858585
 0 363.6363636363636
 52 368.6868686868686
 40 373.7373737373737
 39 378.7878787878788
 0 383.8383838383838
 0 388.8888888888889
 354 393.9393939393939
 76 398.989898989899
 53 404.040404040404
 173 409.0909090909091
 162 414.1414141414141
 620 419.1919191919192
 21 424.2424242424242
 236 429.2929292929293
 181 434.3434343434343
 1 439.3939393939394
 55 444.4444444444444
 93 449.4949494949495
 66 454.5454545454545
 1 459.5959595959596
 1 464.6464646464646
 1 469.6969696969697
 1 474.7474747474747
 7 479.7979797979798
 24 484.8484848484848
 18 489.8989898989898
 92 494.9494949494949
 0 500


