# Created by Octave 3.8.2, Mon Jun 22 10:46:26 2020 CEST <damian@fptrucha.inv.usc.es>
# name: hd
# type: matrix
# rows: 100
# columns: 2
 1 0
 2 5.05050505050505
 0 10.1010101010101
 314 15.15151515151515
 5 20.2020202020202
 2 25.25252525252525
 165 30.3030303030303
 524 35.35353535353535
 610 40.4040404040404
 356 45.45454545454545
 108 50.50505050505051
 61 55.55555555555555
 2 60.6060606060606
 273 65.65656565656565
 237 70.7070707070707
 532 75.75757575757575
 1 80.8080808080808
 0 85.85858585858585
 65 90.90909090909091
 6 95.95959595959596
 4 101.010101010101
 208 106.060606060606
 163 111.1111111111111
 366 116.1616161616162
 217 121.2121212121212
 91 126.2626262626263
 0 131.3131313131313
 3 136.3636363636363
 88 141.4141414141414
 103 146.4646464646464
 416 151.5151515151515
 250 156.5656565656566
 5 161.6161616161616
 0 166.6666666666667
 64 171.7171717171717
 39 176.7676767676768
 2 181.8181818181818
 1 186.8686868686869
 198 191.9191919191919
 263 196.969696969697
 38 202.020202020202
 82 207.070707070707
 185 212.1212121212121
 59 217.1717171717171
 91 222.2222222222222
 232 227.2727272727273
 146 232.3232323232323
 2 237.3737373737374
 16 242.4242424242424
 157 247.4747474747475
 21 252.5252525252525
 89 257.5757575757576
 130 262.6262626262626
 36 267.6767676767677
 252 272.7272727272727
 149 277.7777777777778
 429 282.8282828282828
 220 287.8787878787879
 0 292.9292929292929
 2 297.979797979798
 1 303.030303030303
 213 308.0808080808081
 28 313.1313131313131
 43 318.1818181818182
 21 323.2323232323232
 34 328.2828282828282
 169 333.3333333333333
 65 338.3838383838383
 23 343.4343434343434
 181 348.4848484848484
 87 353.5353535353535
 27 358.5858585858585
 1 363.6363636363636
 48 368.6868686868686
 35 373.7373737373737
 35 378.7878787878788
 2 383.8383838383838
 0 388.8888888888889
 310 393.9393939393939
 50 398.989898989899
 59 404.040404040404
 178 409.0909090909091
 134 414.1414141414141
 539 419.1919191919192
 23 424.2424242424242
 230 429.2929292929293
 171 434.3434343434343
 3 439.3939393939394
 67 444.4444444444444
 82 449.4949494949495
 51 454.5454545454545
 1 459.5959595959596
 1 464.6464646464646
 4 469.6969696969697
 0 474.7474747474747
 1 479.7979797979798
 25 484.8484848484848
 32 489.8989898989898
 97 494.9494949494949
 0 500


