# Created by Octave 3.8.2, Sun Jun 21 08:03:49 2020 CEST <damian@fptrucha.inv.usc.es>
# name: hd
# type: matrix
# rows: 100
# columns: 2
 1 0
 3 5.05050505050505
 1 10.1010101010101
 285 15.15151515151515
 3 20.2020202020202
 0 25.25252525252525
 151 30.3030303030303
 534 35.35353535353535
 605 40.4040404040404
 328 45.45454545454545
 114 50.50505050505051
 56 55.55555555555555
 3 60.6060606060606
 256 65.65656565656565
 230 70.7070707070707
 577 75.75757575757575
 1 80.8080808080808
 0 85.85858585858585
 68 90.90909090909091
 4 95.95959595959596
 1 101.010101010101
 175 106.060606060606
 182 111.1111111111111
 370 116.1616161616162
 188 121.2121212121212
 96 126.2626262626263
 1 131.3131313131313
 0 136.3636363636363
 57 141.4141414141414
 81 146.4646464646464
 480 151.5151515151515
 246 156.5656565656566
 2 161.6161616161616
 0 166.6666666666667
 87 171.7171717171717
 28 176.7676767676768
 1 181.8181818181818
 1 186.8686868686869
 172 191.9191919191919
 290 196.969696969697
 50 202.020202020202
 101 207.070707070707
 200 212.1212121212121
 58 217.1717171717171
 105 222.2222222222222
 234 227.2727272727273
 158 232.3232323232323
 0 237.3737373737374
 20 242.4242424242424
 134 247.4747474747475
 20 252.5252525252525
 115 257.5757575757576
 142 262.6262626262626
 40 267.6767676767677
 285 272.7272727272727
 124 277.7777777777778
 460 282.8282828282828
 198 287.8787878787879
 0 292.9292929292929
 0 297.979797979798
 0 303.030303030303
 207 308.0808080808081
 22 313.1313131313131
 42 318.1818181818182
 36 323.2323232323232
 32 328.2828282828282
 176 333.3333333333333
 56 338.3838383838383
 22 343.4343434343434
 193 348.4848484848484
 97 353.5353535353535
 32 358.5858585858585
 0 363.6363636363636
 58 368.6868686868686
 35 373.7373737373737
 35 378.7878787878788
 0 383.8383838383838
 0 388.8888888888889
 311 393.9393939393939
 50 398.989898989899
 62 404.040404040404
 155 409.0909090909091
 152 414.1414141414141
 564 419.1919191919192
 23 424.2424242424242
 243 429.2929292929293
 176 434.3434343434343
 9 439.3939393939394
 42 444.4444444444444
 89 449.4949494949495
 49 454.5454545454545
 0 459.5959595959596
 0 464.6464646464646
 1 469.6969696969697
 1 474.7474747474747
 3 479.7979797979798
 26 484.8484848484848
 16 489.8989898989898
 86 494.9494949494949
 0 500


