# Created by Octave 3.8.2, Sat Jun 20 22:57:52 2020 CEST <damian@fptrucha.inv.usc.es>
# name: hd
# type: matrix
# rows: 100
# columns: 2
 0 0
 2 5.05050505050505
 0 10.1010101010101
 272 15.15151515151515
 6 20.2020202020202
 0 25.25252525252525
 159 30.3030303030303
 500 35.35353535353535
 578 40.4040404040404
 287 45.45454545454545
 117 50.50505050505051
 58 55.55555555555555
 2 60.6060606060606
 265 65.65656565656565
 197 70.7070707070707
 527 75.75757575757575
 0 80.8080808080808
 1 85.85858585858585
 62 90.90909090909091
 2 95.95959595959596
 6 101.010101010101
 200 106.060606060606
 174 111.1111111111111
 356 116.1616161616162
 200 121.2121212121212
 80 126.2626262626263
 0 131.3131313131313
 2 136.3636363636363
 52 141.4141414141414
 86 146.4646464646464
 455 151.5151515151515
 236 156.5656565656566
 3 161.6161616161616
 0 166.6666666666667
 63 171.7171717171717
 24 176.7676767676768
 0 181.8181818181818
 0 186.8686868686869
 158 191.9191919191919
 257 196.969696969697
 40 202.020202020202
 86 207.070707070707
 189 212.1212121212121
 67 217.1717171717171
 92 222.2222222222222
 223 227.2727272727273
 123 232.3232323232323
 0 237.3737373737374
 24 242.4242424242424
 134 247.4747474747475
 19 252.5252525252525
 121 257.5757575757576
 171 262.6262626262626
 47 267.6767676767677
 257 272.7272727272727
 144 277.7777777777778
 430 282.8282828282828
 196 287.8787878787879
 2 292.9292929292929
 1 297.979797979798
 1 303.030303030303
 193 308.0808080808081
 31 313.1313131313131
 36 318.1818181818182
 34 323.2323232323232
 30 328.2828282828282
 159 333.3333333333333
 54 338.3838383838383
 26 343.4343434343434
 167 348.4848484848484
 88 353.5353535353535
 20 358.5858585858585
 3 363.6363636363636
 47 368.6868686868686
 54 373.7373737373737
 33 378.7878787878788
 0 383.8383838383838
 2 388.8888888888889
 335 393.9393939393939
 52 398.989898989899
 57 404.040404040404
 171 409.0909090909091
 174 414.1414141414141
 516 419.1919191919192
 20 424.2424242424242
 226 429.2929292929293
 157 434.3434343434343
 2 439.3939393939394
 54 444.4444444444444
 75 449.4949494949495
 43 454.5454545454545
 1 459.5959595959596
 1 464.6464646464646
 2 469.6969696969697
 1 474.7474747474747
 0 479.7979797979798
 19 484.8484848484848
 20 489.8989898989898
 73 494.9494949494949
 0 500


