# Created by Octave 3.8.2, Mon Jun 22 23:04:46 2020 CEST <damian@fptrucha.inv.usc.es>
# name: hd
# type: matrix
# rows: 100
# columns: 2
 2 0
 5 5.05050505050505
 1 10.1010101010101
 205 15.15151515151515
 1 20.2020202020202
 2 25.25252525252525
 107 30.3030303030303
 349 35.35353535353535
 409 40.4040404040404
 211 45.45454545454545
 97 50.50505050505051
 58 55.55555555555555
 3 60.6060606060606
 183 65.65656565656565
 144 70.7070707070707
 373 75.75757575757575
 0 80.8080808080808
 0 85.85858585858585
 41 90.90909090909091
 4 95.95959595959596
 3 101.010101010101
 120 106.060606060606
 110 111.1111111111111
 283 116.1616161616162
 119 121.2121212121212
 65 126.2626262626263
 0 131.3131313131313
 1 136.3636363636363
 52 141.4141414141414
 61 146.4646464646464
 332 151.5151515151515
 158 156.5656565656566
 0 161.6161616161616
 0 166.6666666666667
 56 171.7171717171717
 25 176.7676767676768
 0 181.8181818181818
 0 186.8686868686869
 163 191.9191919191919
 164 196.969696969697
 33 202.020202020202
 75 207.070707070707
 131 212.1212121212121
 60 217.1717171717171
 64 222.2222222222222
 182 227.2727272727273
 110 232.3232323232323
 0 237.3737373737374
 25 242.4242424242424
 103 247.4747474747475
 17 252.5252525252525
 87 257.5757575757576
 93 262.6262626262626
 31 267.6767676767677
 190 272.7272727272727
 96 277.7777777777778
 333 282.8282828282828
 155 287.8787878787879
 0 292.9292929292929
 1 297.979797979798
 1 303.030303030303
 151 308.0808080808081
 15 313.1313131313131
 27 318.1818181818182
 23 323.2323232323232
 26 328.2828282828282
 138 333.3333333333333
 56 338.3838383838383
 21 343.4343434343434
 129 348.4848484848484
 71 353.5353535353535
 28 358.5858585858585
 1 363.6363636363636
 25 368.6868686868686
 29 373.7373737373737
 25 378.7878787878788
 0 383.8383838383838
 0 388.8888888888889
 244 393.9393939393939
 56 398.989898989899
 51 404.040404040404
 117 409.0909090909091
 103 414.1414141414141
 368 419.1919191919192
 22 424.2424242424242
 158 429.2929292929293
 124 434.3434343434343
 2 439.3939393939394
 30 444.4444444444444
 40 449.4949494949495
 24 454.5454545454545
 1 459.5959595959596
 1 464.6464646464646
 2 469.6969696969697
 2 474.7474747474747
 0 479.7979797979798
 12 484.8484848484848
 21 489.8989898989898
 49 494.9494949494949
 0 500


