# Created by Octave 3.8.2, Tue Jun 23 00:07:39 2020 CEST <damian@fptrucha.inv.usc.es>
# name: hd
# type: matrix
# rows: 100
# columns: 2
 0 0
 1 5.05050505050505
 1 10.1010101010101
 191 15.15151515151515
 0 20.2020202020202
 0 25.25252525252525
 86 30.3030303030303
 385 35.35353535353535
 454 40.4040404040404
 203 45.45454545454545
 94 50.50505050505051
 41 55.55555555555555
 1 60.6060606060606
 190 65.65656565656565
 179 70.7070707070707
 390 75.75757575757575
 0 80.8080808080808
 0 85.85858585858585
 41 90.90909090909091
 1 95.95959595959596
 0 101.010101010101
 139 106.060606060606
 120 111.1111111111111
 288 116.1616161616162
 137 121.2121212121212
 59 126.2626262626263
 0 131.3131313131313
 1 136.3636363636363
 47 141.4141414141414
 72 146.4646464646464
 350 151.5151515151515
 193 156.5656565656566
 0 161.6161616161616
 0 166.6666666666667
 49 171.7171717171717
 21 176.7676767676768
 0 181.8181818181818
 0 186.8686868686869
 144 191.9191919191919
 183 196.969696969697
 46 202.020202020202
 66 207.070707070707
 146 212.1212121212121
 41 217.1717171717171
 70 222.2222222222222
 169 227.2727272727273
 97 232.3232323232323
 0 237.3737373737374
 18 242.4242424242424
 96 247.4747474747475
 19 252.5252525252525
 76 257.5757575757576
 87 262.6262626262626
 16 267.6767676767677
 196 272.7272727272727
 100 277.7777777777778
 348 282.8282828282828
 131 287.8787878787879
 1 292.9292929292929
 0 297.979797979798
 0 303.030303030303
 130 308.0808080808081
 16 313.1313131313131
 27 318.1818181818182
 20 323.2323232323232
 27 328.2828282828282
 122 333.3333333333333
 39 338.3838383838383
 8 343.4343434343434
 134 348.4848484848484
 68 353.5353535353535
 22 358.5858585858585
 1 363.6363636363636
 41 368.6868686868686
 17 373.7373737373737
 24 378.7878787878788
 0 383.8383838383838
 0 388.8888888888889
 209 393.9393939393939
 40 398.989898989899
 40 404.040404040404
 132 409.0909090909091
 107 414.1414141414141
 379 419.1919191919192
 7 424.2424242424242
 172 429.2929292929293
 136 434.3434343434343
 1 439.3939393939394
 46 444.4444444444444
 45 449.4949494949495
 33 454.5454545454545
 0 459.5959595959596
 1 464.6464646464646
 1 469.6969696969697
 1 474.7474747474747
 1 479.7979797979798
 24 484.8484848484848
 11 489.8989898989898
 55 494.9494949494949
 0 500


