# Created by Octave 3.8.2, Mon Jun 22 16:03:51 2020 CEST <damian@fptrucha.inv.usc.es>
# name: hd
# type: matrix
# rows: 100
# columns: 2
 2 0
 5 5.05050505050505
 5 10.1010101010101
 303 15.15151515151515
 2 20.2020202020202
 0 25.25252525252525
 149 30.3030303030303
 534 35.35353535353535
 582 40.4040404040404
 318 45.45454545454545
 115 50.50505050505051
 76 55.55555555555555
 3 60.6060606060606
 297 65.65656565656565
 212 70.7070707070707
 585 75.75757575757575
 2 80.8080808080808
 4 85.85858585858585
 64 90.90909090909091
 6 95.95959595959596
 3 101.010101010101
 182 106.060606060606
 172 111.1111111111111
 408 116.1616161616162
 223 121.2121212121212
 82 126.2626262626263
 0 131.3131313131313
 1 136.3636363636363
 81 141.4141414141414
 109 146.4646464646464
 437 151.5151515151515
 277 156.5656565656566
 5 161.6161616161616
 3 166.6666666666667
 79 171.7171717171717
 30 176.7676767676768
 1 181.8181818181818
 3 186.8686868686869
 185 191.9191919191919
 277 196.969696969697
 54 202.020202020202
 107 207.070707070707
 217 212.1212121212121
 57 217.1717171717171
 110 222.2222222222222
 234 227.2727272727273
 138 232.3232323232323
 2 237.3737373737374
 18 242.4242424242424
 122 247.4747474747475
 34 252.5252525252525
 129 257.5757575757576
 143 262.6262626262626
 52 267.6767676767677
 260 272.7272727272727
 149 277.7777777777778
 486 282.8282828282828
 208 287.8787878787879
 0 292.9292929292929
 0 297.979797979798
 0 303.030303030303
 222 308.0808080808081
 25 313.1313131313131
 45 318.1818181818182
 32 323.2323232323232
 40 328.2828282828282
 185 333.3333333333333
 57 338.3838383838383
 19 343.4343434343434
 183 348.4848484848484
 116 353.5353535353535
 43 358.5858585858585
 2 363.6363636363636
 57 368.6868686868686
 48 373.7373737373737
 35 378.7878787878788
 2 383.8383838383838
 1 388.8888888888889
 305 393.9393939393939
 72 398.989898989899
 68 404.040404040404
 180 409.0909090909091
 142 414.1414141414141
 551 419.1919191919192
 30 424.2424242424242
 253 429.2929292929293
 170 434.3434343434343
 2 439.3939393939394
 65 444.4444444444444
 96 449.4949494949495
 56 454.5454545454545
 1 459.5959595959596
 0 464.6464646464646
 4 469.6969696969697
 1 474.7474747474747
 0 479.7979797979798
 20 484.8484848484848
 24 489.8989898989898
 72 494.9494949494949
 0 500


