# Created by Octave 3.8.2, Mon Jun 22 19:54:20 2020 CEST <damian@fptrucha.inv.usc.es>
# name: hd
# type: matrix
# rows: 100
# columns: 2
 4 0
 3 5.05050505050505
 0 10.1010101010101
 318 15.15151515151515
 2 20.2020202020202
 2 25.25252525252525
 171 30.3030303030303
 531 35.35353535353535
 584 40.4040404040404
 326 45.45454545454545
 130 50.50505050505051
 90 55.55555555555555
 7 60.6060606060606
 281 65.65656565656565
 224 70.7070707070707
 554 75.75757575757575
 4 80.8080808080808
 2 85.85858585858585
 68 90.90909090909091
 9 95.95959595959596
 3 101.010101010101
 202 106.060606060606
 171 111.1111111111111
 428 116.1616161616162
 226 121.2121212121212
 90 126.2626262626263
 1 131.3131313131313
 0 136.3636363636363
 72 141.4141414141414
 83 146.4646464646464
 504 151.5151515151515
 272 156.5656565656566
 2 161.6161616161616
 4 166.6666666666667
 67 171.7171717171717
 38 176.7676767676768
 1 181.8181818181818
 3 186.8686868686869
 184 191.9191919191919
 298 196.969696969697
 50 202.020202020202
 110 207.070707070707
 196 212.1212121212121
 62 217.1717171717171
 115 222.2222222222222
 267 227.2727272727273
 116 232.3232323232323
 2 237.3737373737374
 18 242.4242424242424
 125 247.4747474747475
 23 252.5252525252525
 131 257.5757575757576
 117 262.6262626262626
 39 267.6767676767677
 276 272.7272727272727
 156 277.7777777777778
 468 282.8282828282828
 223 287.8787878787879
 1 292.9292929292929
 3 297.979797979798
 0 303.030303030303
 238 308.0808080808081
 28 313.1313131313131
 39 318.1818181818182
 23 323.2323232323232
 28 328.2828282828282
 187 333.3333333333333
 67 338.3838383838383
 21 343.4343434343434
 181 348.4848484848484
 102 353.5353535353535
 36 358.5858585858585
 2 363.6363636363636
 47 368.6868686868686
 37 373.7373737373737
 31 378.7878787878788
 0 383.8383838383838
 3 388.8888888888889
 330 393.9393939393939
 54 398.989898989899
 66 404.040404040404
 186 409.0909090909091
 147 414.1414141414141
 575 419.1919191919192
 17 424.2424242424242
 239 429.2929292929293
 171 434.3434343434343
 3 439.3939393939394
 58 444.4444444444444
 80 449.4949494949495
 62 454.5454545454545
 1 459.5959595959596
 2 464.6464646464646
 1 469.6969696969697
 2 474.7474747474747
 1 479.7979797979798
 17 484.8484848484848
 15 489.8989898989898
 58 494.9494949494949
 0 500


