# Created by Octave 3.8.2, Mon Jun 22 17:38:31 2020 CEST <damian@fptrucha.inv.usc.es>
# name: hd
# type: matrix
# rows: 100
# columns: 2
 1 0
 9 5.05050505050505
 3 10.1010101010101
 287 15.15151515151515
 4 20.2020202020202
 2 25.25252525252525
 143 30.3030303030303
 519 35.35353535353535
 636 40.4040404040404
 318 45.45454545454545
 139 50.50505050505051
 74 55.55555555555555
 4 60.6060606060606
 262 65.65656565656565
 222 70.7070707070707
 586 75.75757575757575
 2 80.8080808080808
 2 85.85858585858585
 63 90.90909090909091
 5 95.95959595959596
 4 101.010101010101
 189 106.060606060606
 178 111.1111111111111
 383 116.1616161616162
 203 121.2121212121212
 77 126.2626262626263
 0 131.3131313131313
 2 136.3636363636363
 68 141.4141414141414
 104 146.4646464646464
 413 151.5151515151515
 242 156.5656565656566
 3 161.6161616161616
 0 166.6666666666667
 68 171.7171717171717
 36 176.7676767676768
 0 181.8181818181818
 1 186.8686868686869
 197 191.9191919191919
 299 196.969696969697
 54 202.020202020202
 99 207.070707070707
 205 212.1212121212121
 61 217.1717171717171
 95 222.2222222222222
 250 227.2727272727273
 134 232.3232323232323
 3 237.3737373737374
 30 242.4242424242424
 135 247.4747474747475
 22 252.5252525252525
 114 257.5757575757576
 116 262.6262626262626
 40 267.6767676767677
 271 272.7272727272727
 136 277.7777777777778
 449 282.8282828282828
 200 287.8787878787879
 1 292.9292929292929
 4 297.979797979798
 0 303.030303030303
 211 308.0808080808081
 32 313.1313131313131
 46 318.1818181818182
 28 323.2323232323232
 39 328.2828282828282
 183 333.3333333333333
 71 338.3838383838383
 15 343.4343434343434
 212 348.4848484848484
 117 353.5353535353535
 27 358.5858585858585
 1 363.6363636363636
 51 368.6868686868686
 43 373.7373737373737
 30 378.7878787878788
 0 383.8383838383838
 1 388.8888888888889
 308 393.9393939393939
 63 398.989898989899
 65 404.040404040404
 199 409.0909090909091
 143 414.1414141414141
 591 419.1919191919192
 29 424.2424242424242
 262 429.2929292929293
 195 434.3434343434343
 11 439.3939393939394
 48 444.4444444444444
 83 449.4949494949495
 65 454.5454545454545
 0 459.5959595959596
 3 464.6464646464646
 2 469.6969696969697
 1 474.7474747474747
 2 479.7979797979798
 25 484.8484848484848
 16 489.8989898989898
 65 494.9494949494949
 0 500


