# Created by Octave 3.8.2, Sun Jun 21 00:41:29 2020 CEST <damian@fptrucha.inv.usc.es>
# name: hd
# type: matrix
# rows: 100
# columns: 2
 1 0
 1 5.05050505050505
 0 10.1010101010101
 276 15.15151515151515
 0 20.2020202020202
 2 25.25252525252525
 145 30.3030303030303
 487 35.35353535353535
 634 40.4040404040404
 286 45.45454545454545
 121 50.50505050505051
 59 55.55555555555555
 1 60.6060606060606
 259 65.65656565656565
 194 70.7070707070707
 563 75.75757575757575
 1 80.8080808080808
 0 85.85858585858585
 56 90.90909090909091
 9 95.95959595959596
 3 101.010101010101
 157 106.060606060606
 175 111.1111111111111
 368 116.1616161616162
 188 121.2121212121212
 73 126.2626262626263
 1 131.3131313131313
 0 136.3636363636363
 56 141.4141414141414
 80 146.4646464646464
 433 151.5151515151515
 256 156.5656565656566
 2 161.6161616161616
 0 166.6666666666667
 50 171.7171717171717
 38 176.7676767676768
 1 181.8181818181818
 0 186.8686868686869
 177 191.9191919191919
 249 196.969696969697
 41 202.020202020202
 83 207.070707070707
 175 212.1212121212121
 53 217.1717171717171
 99 222.2222222222222
 218 227.2727272727273
 136 232.3232323232323
 1 237.3737373737374
 28 242.4242424242424
 139 247.4747474747475
 16 252.5252525252525
 121 257.5757575757576
 137 262.6262626262626
 26 267.6767676767677
 234 272.7272727272727
 133 277.7777777777778
 413 282.8282828282828
 175 287.8787878787879
 1 292.9292929292929
 0 297.979797979798
 1 303.030303030303
 204 308.0808080808081
 21 313.1313131313131
 47 318.1818181818182
 26 323.2323232323232
 50 328.2828282828282
 169 333.3333333333333
 55 338.3838383838383
 20 343.4343434343434
 185 348.4848484848484
 97 353.5353535353535
 26 358.5858585858585
 0 363.6363636363636
 37 368.6868686868686
 35 373.7373737373737
 34 378.7878787878788
 1 383.8383838383838
 1 388.8888888888889
 305 393.9393939393939
 46 398.989898989899
 52 404.040404040404
 182 409.0909090909091
 123 414.1414141414141
 535 419.1919191919192
 20 424.2424242424242
 215 429.2929292929293
 193 434.3434343434343
 2 439.3939393939394
 58 444.4444444444444
 79 449.4949494949495
 56 454.5454545454545
 2 459.5959595959596
 1 464.6464646464646
 0 469.6969696969697
 0 474.7474747474747
 2 479.7979797979798
 15 484.8484848484848
 25 489.8989898989898
 64 494.9494949494949
 0 500


