# Created by Octave 3.8.2, Sat Jun 20 23:43:14 2020 CEST <damian@fptrucha.inv.usc.es>
# name: hd
# type: matrix
# rows: 100
# columns: 2
 2 0
 2 5.05050505050505
 1 10.1010101010101
 240 15.15151515151515
 2 20.2020202020202
 0 25.25252525252525
 151 30.3030303030303
 482 35.35353535353535
 548 40.4040404040404
 270 45.45454545454545
 130 50.50505050505051
 65 55.55555555555555
 0 60.6060606060606
 258 65.65656565656565
 172 70.7070707070707
 545 75.75757575757575
 0 80.8080808080808
 0 85.85858585858585
 59 90.90909090909091
 2 95.95959595959596
 0 101.010101010101
 160 106.060606060606
 178 111.1111111111111
 352 116.1616161616162
 215 121.2121212121212
 87 126.2626262626263
 1 131.3131313131313
 0 136.3636363636363
 71 141.4141414141414
 78 146.4646464646464
 412 151.5151515151515
 268 156.5656565656566
 1 161.6161616161616
 0 166.6666666666667
 57 171.7171717171717
 36 176.7676767676768
 1 181.8181818181818
 0 186.8686868686869
 177 191.9191919191919
 265 196.969696969697
 44 202.020202020202
 90 207.070707070707
 174 212.1212121212121
 50 217.1717171717171
 107 222.2222222222222
 224 227.2727272727273
 133 232.3232323232323
 1 237.3737373737374
 18 242.4242424242424
 155 247.4747474747475
 24 252.5252525252525
 98 257.5757575757576
 153 262.6262626262626
 43 267.6767676767677
 266 272.7272727272727
 141 277.7777777777778
 461 282.8282828282828
 188 287.8787878787879
 2 292.9292929292929
 0 297.979797979798
 1 303.030303030303
 175 308.0808080808081
 19 313.1313131313131
 45 318.1818181818182
 26 323.2323232323232
 43 328.2828282828282
 173 333.3333333333333
 65 338.3838383838383
 14 343.4343434343434
 190 348.4848484848484
 99 353.5353535353535
 28 358.5858585858585
 3 363.6363636363636
 50 368.6868686868686
 31 373.7373737373737
 26 378.7878787878788
 0 383.8383838383838
 0 388.8888888888889
 288 393.9393939393939
 57 398.989898989899
 57 404.040404040404
 171 409.0909090909091
 131 414.1414141414141
 540 419.1919191919192
 27 424.2424242424242
 224 429.2929292929293
 159 434.3434343434343
 4 439.3939393939394
 55 444.4444444444444
 79 449.4949494949495
 49 454.5454545454545
 0 459.5959595959596
 1 464.6464646464646
 0 469.6969696969697
 0 474.7474747474747
 0 479.7979797979798
 18 484.8484848484848
 24 489.8989898989898
 66 494.9494949494949
 0 500


