# Created by Octave 3.8.2, Sat Jun 20 09:24:48 2020 CEST <damian@fptrucha.inv.usc.es>
# name: hd
# type: matrix
# rows: 100
# columns: 2
 3 0
 6 5.05050505050505
 2 10.1010101010101
 301 15.15151515151515
 3 20.2020202020202
 0 25.25252525252525
 176 30.3030303030303
 576 35.35353535353535
 660 40.4040404040404
 354 45.45454545454545
 115 50.50505050505051
 84 55.55555555555555
 0 60.6060606060606
 332 65.65656565656565
 247 70.7070707070707
 639 75.75757575757575
 4 80.8080808080808
 0 85.85858585858585
 64 90.90909090909091
 5 95.95959595959596
 2 101.010101010101
 211 106.060606060606
 214 111.1111111111111
 495 116.1616161616162
 224 121.2121212121212
 104 126.2626262626263
 0 131.3131313131313
 1 136.3636363636363
 65 141.4141414141414
 110 146.4646464646464
 484 151.5151515151515
 284 156.5656565656566
 2 161.6161616161616
 2 166.6666666666667
 74 171.7171717171717
 30 176.7676767676768
 1 181.8181818181818
 0 186.8686868686869
 208 191.9191919191919
 306 196.969696969697
 52 202.020202020202
 95 207.070707070707
 216 212.1212121212121
 75 217.1717171717171
 104 222.2222222222222
 224 227.2727272727273
 173 232.3232323232323
 1 237.3737373737374
 22 242.4242424242424
 143 247.4747474747475
 27 252.5252525252525
 151 257.5757575757576
 160 262.6262626262626
 43 267.6767676767677
 290 272.7272727272727
 144 277.7777777777778
 510 282.8282828282828
 241 287.8787878787879
 0 292.9292929292929
 2 297.979797979798
 0 303.030303030303
 283 308.0808080808081
 31 313.1313131313131
 42 318.1818181818182
 28 323.2323232323232
 44 328.2828282828282
 219 333.3333333333333
 71 338.3838383838383
 27 343.4343434343434
 208 348.4848484848484
 125 353.5353535353535
 32 358.5858585858585
 0 363.6363636363636
 53 368.6868686868686
 49 373.7373737373737
 40 378.7878787878788
 1 383.8383838383838
 2 388.8888888888889
 365 393.9393939393939
 60 398.989898989899
 57 404.040404040404
 175 409.0909090909091
 164 414.1414141414141
 642 419.1919191919192
 19 424.2424242424242
 247 429.2929292929293
 213 434.3434343434343
 3 439.3939393939394
 59 444.4444444444444
 80 449.4949494949495
 58 454.5454545454545
 2 459.5959595959596
 2 464.6464646464646
 1 469.6969696969697
 1 474.7474747474747
 2 479.7979797979798
 22 484.8484848484848
 25 489.8989898989898
 71 494.9494949494949
 0 500


