# Created by Octave 3.8.2, Sat Jun 20 08:23:43 2020 CEST <damian@fptrucha.inv.usc.es>
# name: hd
# type: matrix
# rows: 100
# columns: 2
 0 0
 2 5.05050505050505
 0 10.1010101010101
 322 15.15151515151515
 2 20.2020202020202
 0 25.25252525252525
 201 30.3030303030303
 573 35.35353535353535
 653 40.4040404040404
 333 45.45454545454545
 159 50.50505050505051
 75 55.55555555555555
 2 60.6060606060606
 312 65.65656565656565
 264 70.7070707070707
 612 75.75757575757575
 2 80.8080808080808
 1 85.85858585858585
 73 90.90909090909091
 7 95.95959595959596
 5 101.010101010101
 203 106.060606060606
 196 111.1111111111111
 441 116.1616161616162
 232 121.2121212121212
 101 126.2626262626263
 0 131.3131313131313
 1 136.3636363636363
 72 141.4141414141414
 96 146.4646464646464
 492 151.5151515151515
 269 156.5656565656566
 2 161.6161616161616
 1 166.6666666666667
 95 171.7171717171717
 27 176.7676767676768
 0 181.8181818181818
 1 186.8686868686869
 205 191.9191919191919
 278 196.969696969697
 58 202.020202020202
 106 207.070707070707
 219 212.1212121212121
 60 217.1717171717171
 149 222.2222222222222
 228 227.2727272727273
 162 232.3232323232323
 1 237.3737373737374
 20 242.4242424242424
 160 247.4747474747475
 27 252.5252525252525
 127 257.5757575757576
 178 262.6262626262626
 49 267.6767676767677
 288 272.7272727272727
 152 277.7777777777778
 475 282.8282828282828
 229 287.8787878787879
 2 292.9292929292929
 1 297.979797979798
 1 303.030303030303
 235 308.0808080808081
 31 313.1313131313131
 39 318.1818181818182
 28 323.2323232323232
 46 328.2828282828282
 188 333.3333333333333
 65 338.3838383838383
 25 343.4343434343434
 223 348.4848484848484
 105 353.5353535353535
 34 358.5858585858585
 1 363.6363636363636
 61 368.6868686868686
 31 373.7373737373737
 35 378.7878787878788
 1 383.8383838383838
 2 388.8888888888889
 363 393.9393939393939
 71 398.989898989899
 84 404.040404040404
 203 409.0909090909091
 131 414.1414141414141
 645 419.1919191919192
 26 424.2424242424242
 266 429.2929292929293
 195 434.3434343434343
 6 439.3939393939394
 70 444.4444444444444
 92 449.4949494949495
 67 454.5454545454545
 4 459.5959595959596
 0 464.6464646464646
 2 469.6969696969697
 2 474.7474747474747
 1 479.7979797979798
 32 484.8484848484848
 18 489.8989898989898
 69 494.9494949494949
 0 500


