# Created by Octave 3.8.2, Sat Jun 20 22:58:41 2020 CEST <damian@fptrucha.inv.usc.es>
# name: hd
# type: matrix
# rows: 100
# columns: 2
 1 0
 2 5.05050505050505
 1 10.1010101010101
 201 15.15151515151515
 1 20.2020202020202
 0 25.25252525252525
 92 30.3030303030303
 380 35.35353535353535
 399 40.4040404040404
 163 45.45454545454545
 82 50.50505050505051
 43 55.55555555555555
 0 60.6060606060606
 184 65.65656565656565
 121 70.7070707070707
 381 75.75757575757575
 0 80.8080808080808
 0 85.85858585858585
 44 90.90909090909091
 1 95.95959595959596
 0 101.010101010101
 130 106.060606060606
 103 111.1111111111111
 262 116.1616161616162
 124 121.2121212121212
 54 126.2626262626263
 0 131.3131313131313
 2 136.3636363636363
 43 141.4141414141414
 61 146.4646464646464
 312 151.5151515151515
 177 156.5656565656566
 1 161.6161616161616
 0 166.6666666666667
 41 171.7171717171717
 29 176.7676767676768
 1 181.8181818181818
 0 186.8686868686869
 127 191.9191919191919
 165 196.969696969697
 28 202.020202020202
 53 207.070707070707
 107 212.1212121212121
 47 217.1717171717171
 67 222.2222222222222
 146 227.2727272727273
 83 232.3232323232323
 1 237.3737373737374
 18 242.4242424242424
 75 247.4747474747475
 17 252.5252525252525
 79 257.5757575757576
 92 262.6262626262626
 15 267.6767676767677
 169 272.7272727272727
 112 277.7777777777778
 272 282.8282828282828
 130 287.8787878787879
 1 292.9292929292929
 1 297.979797979798
 0 303.030303030303
 113 308.0808080808081
 20 313.1313131313131
 28 318.1818181818182
 17 323.2323232323232
 27 328.2828282828282
 104 333.3333333333333
 35 338.3838383838383
 14 343.4343434343434
 134 348.4848484848484
 58 353.5353535353535
 18 358.5858585858585
 1 363.6363636363636
 32 368.6868686868686
 16 373.7373737373737
 18 378.7878787878788
 0 383.8383838383838
 1 388.8888888888889
 202 393.9393939393939
 27 398.989898989899
 49 404.040404040404
 117 409.0909090909091
 83 414.1414141414141
 353 419.1919191919192
 15 424.2424242424242
 138 429.2929292929293
 101 434.3434343434343
 3 439.3939393939394
 50 444.4444444444444
 55 449.4949494949495
 38 454.5454545454545
 1 459.5959595959596
 3 464.6464646464646
 0 469.6969696969697
 0 474.7474747474747
 0 479.7979797979798
 14 484.8484848484848
 6 489.8989898989898
 45 494.9494949494949
 0 500


