# Created by Octave 3.8.2, Mon Jun 22 17:37:24 2020 CEST <damian@fptrucha.inv.usc.es>
# name: hd
# type: matrix
# rows: 100
# columns: 2
 4 0
 3 5.05050505050505
 4 10.1010101010101
 292 15.15151515151515
 2 20.2020202020202
 1 25.25252525252525
 149 30.3030303030303
 554 35.35353535353535
 599 40.4040404040404
 332 45.45454545454545
 127 50.50505050505051
 72 55.55555555555555
 3 60.6060606060606
 269 65.65656565656565
 214 70.7070707070707
 564 75.75757575757575
 1 80.8080808080808
 2 85.85858585858585
 61 90.90909090909091
 3 95.95959595959596
 5 101.010101010101
 194 106.060606060606
 181 111.1111111111111
 376 116.1616161616162
 200 121.2121212121212
 72 126.2626262626263
 1 131.3131313131313
 0 136.3636363636363
 76 141.4141414141414
 87 146.4646464646464
 477 151.5151515151515
 287 156.5656565656566
 1 161.6161616161616
 1 166.6666666666667
 72 171.7171717171717
 25 176.7676767676768
 0 181.8181818181818
 1 186.8686868686869
 198 191.9191919191919
 239 196.969696969697
 50 202.020202020202
 129 207.070707070707
 173 212.1212121212121
 66 217.1717171717171
 89 222.2222222222222
 237 227.2727272727273
 137 232.3232323232323
 0 237.3737373737374
 20 242.4242424242424
 126 247.4747474747475
 27 252.5252525252525
 128 257.5757575757576
 136 262.6262626262626
 51 267.6767676767677
 272 272.7272727272727
 152 277.7777777777778
 488 282.8282828282828
 213 287.8787878787879
 4 292.9292929292929
 0 297.979797979798
 0 303.030303030303
 204 308.0808080808081
 35 313.1313131313131
 44 318.1818181818182
 28 323.2323232323232
 31 328.2828282828282
 194 333.3333333333333
 66 338.3838383838383
 21 343.4343434343434
 200 348.4848484848484
 99 353.5353535353535
 24 358.5858585858585
 4 363.6363636363636
 47 368.6868686868686
 44 373.7373737373737
 37 378.7878787878788
 1 383.8383838383838
 1 388.8888888888889
 333 393.9393939393939
 61 398.989898989899
 63 404.040404040404
 180 409.0909090909091
 142 414.1414141414141
 562 419.1919191919192
 30 424.2424242424242
 259 429.2929292929293
 181 434.3434343434343
 2 439.3939393939394
 71 444.4444444444444
 78 449.4949494949495
 46 454.5454545454545
 1 459.5959595959596
 1 464.6464646464646
 1 469.6969696969697
 3 474.7474747474747
 1 479.7979797979798
 19 484.8484848484848
 20 489.8989898989898
 66 494.9494949494949
 0 500


