# Created by Octave 3.8.2, Sat Jun 20 18:18:15 2020 CEST <damian@fptrucha.inv.usc.es>
# name: hd
# type: matrix
# rows: 100
# columns: 2
 2 0
 1 5.05050505050505
 1 10.1010101010101
 258 15.15151515151515
 0 20.2020202020202
 1 25.25252525252525
 154 30.3030303030303
 522 35.35353535353535
 613 40.4040404040404
 294 45.45454545454545
 118 50.50505050505051
 57 55.55555555555555
 0 60.6060606060606
 267 65.65656565656565
 193 70.7070707070707
 555 75.75757575757575
 1 80.8080808080808
 0 85.85858585858585
 56 90.90909090909091
 3 95.95959595959596
 3 101.010101010101
 207 106.060606060606
 176 111.1111111111111
 398 116.1616161616162
 183 121.2121212121212
 113 126.2626262626263
 0 131.3131313131313
 0 136.3636363636363
 73 141.4141414141414
 99 146.4646464646464
 448 151.5151515151515
 271 156.5656565656566
 1 161.6161616161616
 0 166.6666666666667
 72 171.7171717171717
 30 176.7676767676768
 1 181.8181818181818
 0 186.8686868686869
 204 191.9191919191919
 275 196.969696969697
 39 202.020202020202
 98 207.070707070707
 199 212.1212121212121
 63 217.1717171717171
 109 222.2222222222222
 191 227.2727272727273
 151 232.3232323232323
 1 237.3737373737374
 24 242.4242424242424
 137 247.4747474747475
 16 252.5252525252525
 122 257.5757575757576
 136 262.6262626262626
 47 267.6767676767677
 271 272.7272727272727
 150 277.7777777777778
 485 282.8282828282828
 199 287.8787878787879
 0 292.9292929292929
 1 297.979797979798
 1 303.030303030303
 235 308.0808080808081
 36 313.1313131313131
 31 318.1818181818182
 43 323.2323232323232
 37 328.2828282828282
 186 333.3333333333333
 71 338.3838383838383
 16 343.4343434343434
 200 348.4848484848484
 85 353.5353535353535
 22 358.5858585858585
 0 363.6363636363636
 43 368.6868686868686
 37 373.7373737373737
 37 378.7878787878788
 2 383.8383838383838
 0 388.8888888888889
 306 393.9393939393939
 52 398.989898989899
 62 404.040404040404
 150 409.0909090909091
 157 414.1414141414141
 547 419.1919191919192
 27 424.2424242424242
 220 429.2929292929293
 187 434.3434343434343
 4 439.3939393939394
 38 444.4444444444444
 75 449.4949494949495
 60 454.5454545454545
 2 459.5959595959596
 0 464.6464646464646
 0 469.6969696969697
 1 474.7474747474747
 1 479.7979797979798
 24 484.8484848484848
 15 489.8989898989898
 75 494.9494949494949
 0 500


