# Created by Octave 3.8.2, Sat Jun 20 13:25:07 2020 CEST <damian@fptrucha.inv.usc.es>
# name: hd
# type: matrix
# rows: 100
# columns: 2
 3 0
 2 5.05050505050505
 1 10.1010101010101
 312 15.15151515151515
 2 20.2020202020202
 0 25.25252525252525
 157 30.3030303030303
 597 35.35353535353535
 659 40.4040404040404
 358 45.45454545454545
 144 50.50505050505051
 77 55.55555555555555
 1 60.6060606060606
 301 65.65656565656565
 220 70.7070707070707
 591 75.75757575757575
 0 80.8080808080808
 1 85.85858585858585
 82 90.90909090909091
 3 95.95959595959596
 2 101.010101010101
 184 106.060606060606
 187 111.1111111111111
 431 116.1616161616162
 219 121.2121212121212
 100 126.2626262626263
 0 131.3131313131313
 2 136.3636363636363
 79 141.4141414141414
 97 146.4646464646464
 459 151.5151515151515
 300 156.5656565656566
 4 161.6161616161616
 3 166.6666666666667
 81 171.7171717171717
 45 176.7676767676768
 0 181.8181818181818
 1 186.8686868686869
 188 191.9191919191919
 292 196.969696969697
 46 202.020202020202
 88 207.070707070707
 226 212.1212121212121
 70 217.1717171717171
 108 222.2222222222222
 250 227.2727272727273
 157 232.3232323232323
 1 237.3737373737374
 26 242.4242424242424
 119 247.4747474747475
 22 252.5252525252525
 107 257.5757575757576
 154 262.6262626262626
 37 267.6767676767677
 281 272.7272727272727
 162 277.7777777777778
 508 282.8282828282828
 202 287.8787878787879
 2 292.9292929292929
 0 297.979797979798
 1 303.030303030303
 228 308.0808080808081
 22 313.1313131313131
 45 318.1818181818182
 32 323.2323232323232
 55 328.2828282828282
 206 333.3333333333333
 70 338.3838383838383
 25 343.4343434343434
 213 348.4848484848484
 116 353.5353535353535
 28 358.5858585858585
 1 363.6363636363636
 52 368.6868686868686
 53 373.7373737373737
 47 378.7878787878788
 0 383.8383838383838
 0 388.8888888888889
 359 393.9393939393939
 50 398.989898989899
 70 404.040404040404
 177 409.0909090909091
 158 414.1414141414141
 621 419.1919191919192
 19 424.2424242424242
 238 429.2929292929293
 183 434.3434343434343
 4 439.3939393939394
 67 444.4444444444444
 75 449.4949494949495
 59 454.5454545454545
 0 459.5959595959596
 0 464.6464646464646
 0 469.6969696969697
 3 474.7474747474747
 3 479.7979797979798
 27 484.8484848484848
 21 489.8989898989898
 70 494.9494949494949
 0 500


