# Created by Octave 3.8.2, Sun Jun 21 04:42:55 2020 CEST <damian@fptrucha.inv.usc.es>
# name: hd
# type: matrix
# rows: 100
# columns: 2
 0 0
 3 5.05050505050505
 0 10.1010101010101
 267 15.15151515151515
 0 20.2020202020202
 1 25.25252525252525
 140 30.3030303030303
 558 35.35353535353535
 573 40.4040404040404
 309 45.45454545454545
 119 50.50505050505051
 68 55.55555555555555
 3 60.6060606060606
 279 65.65656565656565
 180 70.7070707070707
 546 75.75757575757575
 1 80.8080808080808
 0 85.85858585858585
 47 90.90909090909091
 3 95.95959595959596
 3 101.010101010101
 160 106.060606060606
 172 111.1111111111111
 390 116.1616161616162
 207 121.2121212121212
 75 126.2626262626263
 0 131.3131313131313
 0 136.3636363636363
 62 141.4141414141414
 85 146.4646464646464
 447 151.5151515151515
 266 156.5656565656566
 0 161.6161616161616
 2 166.6666666666667
 63 171.7171717171717
 35 176.7676767676768
 0 181.8181818181818
 0 186.8686868686869
 162 191.9191919191919
 258 196.969696969697
 66 202.020202020202
 79 207.070707070707
 189 212.1212121212121
 50 217.1717171717171
 114 222.2222222222222
 233 227.2727272727273
 142 232.3232323232323
 0 237.3737373737374
 25 242.4242424242424
 141 247.4747474747475
 18 252.5252525252525
 122 257.5757575757576
 111 262.6262626262626
 39 267.6767676767677
 244 272.7272727272727
 120 277.7777777777778
 444 282.8282828282828
 199 287.8787878787879
 1 292.9292929292929
 0 297.979797979798
 1 303.030303030303
 207 308.0808080808081
 29 313.1313131313131
 40 318.1818181818182
 23 323.2323232323232
 50 328.2828282828282
 155 333.3333333333333
 65 338.3838383838383
 14 343.4343434343434
 196 348.4848484848484
 104 353.5353535353535
 19 358.5858585858585
 3 363.6363636363636
 50 368.6868686868686
 29 373.7373737373737
 31 378.7878787878788
 1 383.8383838383838
 1 388.8888888888889
 326 393.9393939393939
 45 398.989898989899
 51 404.040404040404
 167 409.0909090909091
 144 414.1414141414141
 542 419.1919191919192
 25 424.2424242424242
 216 429.2929292929293
 166 434.3434343434343
 4 439.3939393939394
 53 444.4444444444444
 85 449.4949494949495
 66 454.5454545454545
 0 459.5959595959596
 0 464.6464646464646
 1 469.6969696969697
 1 474.7474747474747
 0 479.7979797979798
 15 484.8484848484848
 16 489.8989898989898
 76 494.9494949494949
 0 500


