# Created by Octave 3.8.2, Sat Jun 20 09:56:34 2020 CEST <damian@fptrucha.inv.usc.es>
# name: hd
# type: matrix
# rows: 100
# columns: 2
 0 0
 1 5.05050505050505
 1 10.1010101010101
 329 15.15151515151515
 2 20.2020202020202
 0 25.25252525252525
 194 30.3030303030303
 598 35.35353535353535
 656 40.4040404040404
 358 45.45454545454545
 156 50.50505050505051
 84 55.55555555555555
 0 60.6060606060606
 316 65.65656565656565
 249 70.7070707070707
 615 75.75757575757575
 0 80.8080808080808
 0 85.85858585858585
 93 90.90909090909091
 5 95.95959595959596
 2 101.010101010101
 199 106.060606060606
 189 111.1111111111111
 431 116.1616161616162
 236 121.2121212121212
 103 126.2626262626263
 1 131.3131313131313
 2 136.3636363636363
 69 141.4141414141414
 100 146.4646464646464
 487 151.5151515151515
 289 156.5656565656566
 5 161.6161616161616
 1 166.6666666666667
 80 171.7171717171717
 27 176.7676767676768
 0 181.8181818181818
 0 186.8686868686869
 202 191.9191919191919
 299 196.969696969697
 62 202.020202020202
 89 207.070707070707
 217 212.1212121212121
 62 217.1717171717171
 114 222.2222222222222
 252 227.2727272727273
 154 232.3232323232323
 0 237.3737373737374
 20 242.4242424242424
 173 247.4747474747475
 21 252.5252525252525
 113 257.5757575757576
 183 262.6262626262626
 59 267.6767676767677
 315 272.7272727272727
 154 277.7777777777778
 506 282.8282828282828
 238 287.8787878787879
 4 292.9292929292929
 0 297.979797979798
 0 303.030303030303
 251 308.0808080808081
 25 313.1313131313131
 63 318.1818181818182
 48 323.2323232323232
 61 328.2828282828282
 210 333.3333333333333
 81 338.3838383838383
 17 343.4343434343434
 233 348.4848484848484
 95 353.5353535353535
 30 358.5858585858585
 1 363.6363636363636
 53 368.6868686868686
 45 373.7373737373737
 43 378.7878787878788
 0 383.8383838383838
 1 388.8888888888889
 342 393.9393939393939
 72 398.989898989899
 83 404.040404040404
 203 409.0909090909091
 154 414.1414141414141
 662 419.1919191919192
 31 424.2424242424242
 280 429.2929292929293
 224 434.3434343434343
 2 439.3939393939394
 47 444.4444444444444
 80 449.4949494949495
 57 454.5454545454545
 0 459.5959595959596
 1 464.6464646464646
 1 469.6969696969697
 0 474.7474747474747
 1 479.7979797979798
 27 484.8484848484848
 20 489.8989898989898
 82 494.9494949494949
 0 500


