# Created by Octave 3.8.2, Mon Jun 22 17:53:20 2020 CEST <damian@fptrucha.inv.usc.es>
# name: hd
# type: matrix
# rows: 100
# columns: 2
 3 0
 2 5.05050505050505
 0 10.1010101010101
 283 15.15151515151515
 0 20.2020202020202
 0 25.25252525252525
 173 30.3030303030303
 553 35.35353535353535
 609 40.4040404040404
 334 45.45454545454545
 117 50.50505050505051
 62 55.55555555555555
 0 60.6060606060606
 268 65.65656565656565
 217 70.7070707070707
 609 75.75757575757575
 1 80.8080808080808
 2 85.85858585858585
 51 90.90909090909091
 7 95.95959595959596
 2 101.010101010101
 216 106.060606060606
 190 111.1111111111111
 404 116.1616161616162
 227 121.2121212121212
 82 126.2626262626263
 0 131.3131313131313
 4 136.3636363636363
 82 141.4141414141414
 110 146.4646464646464
 477 151.5151515151515
 306 156.5656565656566
 3 161.6161616161616
 1 166.6666666666667
 60 171.7171717171717
 35 176.7676767676768
 0 181.8181818181818
 0 186.8686868686869
 209 191.9191919191919
 256 196.969696969697
 55 202.020202020202
 85 207.070707070707
 176 212.1212121212121
 58 217.1717171717171
 90 222.2222222222222
 242 227.2727272727273
 128 232.3232323232323
 0 237.3737373737374
 41 242.4242424242424
 157 247.4747474747475
 29 252.5252525252525
 124 257.5757575757576
 120 262.6262626262626
 36 267.6767676767677
 270 272.7272727272727
 147 277.7777777777778
 452 282.8282828282828
 196 287.8787878787879
 2 292.9292929292929
 0 297.979797979798
 0 303.030303030303
 221 308.0808080808081
 40 313.1313131313131
 49 318.1818181818182
 30 323.2323232323232
 48 328.2828282828282
 183 333.3333333333333
 62 338.3838383838383
 26 343.4343434343434
 193 348.4848484848484
 103 353.5353535353535
 31 358.5858585858585
 0 363.6363636363636
 45 368.6868686868686
 33 373.7373737373737
 39 378.7878787878788
 0 383.8383838383838
 1 388.8888888888889
 307 393.9393939393939
 60 398.989898989899
 77 404.040404040404
 196 409.0909090909091
 164 414.1414141414141
 572 419.1919191919192
 20 424.2424242424242
 236 429.2929292929293
 188 434.3434343434343
 4 439.3939393939394
 59 444.4444444444444
 76 449.4949494949495
 60 454.5454545454545
 1 459.5959595959596
 1 464.6464646464646
 0 469.6969696969697
 2 474.7474747474747
 1 479.7979797979798
 27 484.8484848484848
 21 489.8989898989898
 61 494.9494949494949
 0 500


