# Created by Octave 3.8.2, Mon Jun 22 20:48:48 2020 CEST <damian@fptrucha.inv.usc.es>
# name: hd
# type: matrix
# rows: 100
# columns: 2
 1 0
 6 5.05050505050505
 1 10.1010101010101
 317 15.15151515151515
 2 20.2020202020202
 0 25.25252525252525
 171 30.3030303030303
 563 35.35353535353535
 617 40.4040404040404
 326 45.45454545454545
 149 50.50505050505051
 69 55.55555555555555
 2 60.6060606060606
 266 65.65656565656565
 240 70.7070707070707
 588 75.75757575757575
 0 80.8080808080808
 1 85.85858585858585
 75 90.90909090909091
 8 95.95959595959596
 2 101.010101010101
 200 106.060606060606
 170 111.1111111111111
 421 116.1616161616162
 220 121.2121212121212
 96 126.2626262626263
 0 131.3131313131313
 4 136.3636363636363
 76 141.4141414141414
 116 146.4646464646464
 453 151.5151515151515
 268 156.5656565656566
 4 161.6161616161616
 1 166.6666666666667
 54 171.7171717171717
 40 176.7676767676768
 0 181.8181818181818
 1 186.8686868686869
 200 191.9191919191919
 297 196.969696969697
 49 202.020202020202
 80 207.070707070707
 204 212.1212121212121
 68 217.1717171717171
 119 222.2222222222222
 242 227.2727272727273
 124 232.3232323232323
 1 237.3737373737374
 24 242.4242424242424
 135 247.4747474747475
 22 252.5252525252525
 108 257.5757575757576
 135 262.6262626262626
 34 267.6767676767677
 251 272.7272727272727
 165 277.7777777777778
 435 282.8282828282828
 218 287.8787878787879
 1 292.9292929292929
 2 297.979797979798
 1 303.030303030303
 226 308.0808080808081
 22 313.1313131313131
 46 318.1818181818182
 35 323.2323232323232
 37 328.2828282828282
 188 333.3333333333333
 84 338.3838383838383
 23 343.4343434343434
 198 348.4848484848484
 98 353.5353535353535
 25 358.5858585858585
 1 363.6363636363636
 51 368.6868686868686
 37 373.7373737373737
 44 378.7878787878788
 2 383.8383838383838
 1 388.8888888888889
 295 393.9393939393939
 60 398.989898989899
 67 404.040404040404
 170 409.0909090909091
 152 414.1414141414141
 589 419.1919191919192
 23 424.2424242424242
 267 429.2929292929293
 191 434.3434343434343
 3 439.3939393939394
 75 444.4444444444444
 81 449.4949494949495
 66 454.5454545454545
 0 459.5959595959596
 0 464.6464646464646
 2 469.6969696969697
 6 474.7474747474747
 1 479.7979797979798
 24 484.8484848484848
 24 489.8989898989898
 85 494.9494949494949
 0 500


