# Created by Octave 3.8.2, Mon Jun 22 11:45:17 2020 CEST <damian@fptrucha.inv.usc.es>
# name: hd
# type: matrix
# rows: 100
# columns: 2
 4 0
 3 5.05050505050505
 1 10.1010101010101
 276 15.15151515151515
 4 20.2020202020202
 1 25.25252525252525
 160 30.3030303030303
 522 35.35353535353535
 581 40.4040404040404
 296 45.45454545454545
 137 50.50505050505051
 62 55.55555555555555
 2 60.6060606060606
 280 65.65656565656565
 209 70.7070707070707
 503 75.75757575757575
 5 80.8080808080808
 1 85.85858585858585
 67 90.90909090909091
 4 95.95959595959596
 6 101.010101010101
 192 106.060606060606
 181 111.1111111111111
 422 116.1616161616162
 216 121.2121212121212
 78 126.2626262626263
 1 131.3131313131313
 3 136.3636363636363
 72 141.4141414141414
 99 146.4646464646464
 478 151.5151515151515
 250 156.5656565656566
 1 161.6161616161616
 0 166.6666666666667
 59 171.7171717171717
 29 176.7676767676768
 0 181.8181818181818
 1 186.8686868686869
 173 191.9191919191919
 296 196.969696969697
 44 202.020202020202
 103 207.070707070707
 154 212.1212121212121
 53 217.1717171717171
 100 222.2222222222222
 231 227.2727272727273
 151 232.3232323232323
 4 237.3737373737374
 34 242.4242424242424
 136 247.4747474747475
 29 252.5252525252525
 110 257.5757575757576
 109 262.6262626262626
 33 267.6767676767677
 288 272.7272727272727
 133 277.7777777777778
 452 282.8282828282828
 197 287.8787878787879
 1 292.9292929292929
 2 297.979797979798
 0 303.030303030303
 205 308.0808080808081
 22 313.1313131313131
 36 318.1818181818182
 38 323.2323232323232
 43 328.2828282828282
 168 333.3333333333333
 51 338.3838383838383
 20 343.4343434343434
 183 348.4848484848484
 103 353.5353535353535
 29 358.5858585858585
 2 363.6363636363636
 41 368.6868686868686
 36 373.7373737373737
 36 378.7878787878788
 0 383.8383838383838
 1 388.8888888888889
 320 393.9393939393939
 66 398.989898989899
 45 404.040404040404
 196 409.0909090909091
 153 414.1414141414141
 525 419.1919191919192
 15 424.2424242424242
 230 429.2929292929293
 177 434.3434343434343
 1 439.3939393939394
 55 444.4444444444444
 66 449.4949494949495
 59 454.5454545454545
 2 459.5959595959596
 2 464.6464646464646
 0 469.6969696969697
 4 474.7474747474747
 3 479.7979797979798
 18 484.8484848484848
 21 489.8989898989898
 70 494.9494949494949
 0 500


