# Created by Octave 3.8.2, Sat Jun 20 14:27:17 2020 CEST <damian@fptrucha.inv.usc.es>
# name: hd
# type: matrix
# rows: 100
# columns: 2
 1 0
 5 5.05050505050505
 2 10.1010101010101
 285 15.15151515151515
 3 20.2020202020202
 1 25.25252525252525
 193 30.3030303030303
 533 35.35353535353535
 610 40.4040404040404
 335 45.45454545454545
 126 50.50505050505051
 65 55.55555555555555
 1 60.6060606060606
 309 65.65656565656565
 207 70.7070707070707
 596 75.75757575757575
 1 80.8080808080808
 0 85.85858585858585
 57 90.90909090909091
 3 95.95959595959596
 7 101.010101010101
 191 106.060606060606
 199 111.1111111111111
 427 116.1616161616162
 221 121.2121212121212
 86 126.2626262626263
 1 131.3131313131313
 2 136.3636363636363
 79 141.4141414141414
 80 146.4646464646464
 475 151.5151515151515
 313 156.5656565656566
 4 161.6161616161616
 0 166.6666666666667
 89 171.7171717171717
 43 176.7676767676768
 1 181.8181818181818
 1 186.8686868686869
 171 191.9191919191919
 287 196.969696969697
 46 202.020202020202
 84 207.070707070707
 212 212.1212121212121
 56 217.1717171717171
 110 222.2222222222222
 210 227.2727272727273
 150 232.3232323232323
 1 237.3737373737374
 15 242.4242424242424
 160 247.4747474747475
 20 252.5252525252525
 118 257.5757575757576
 137 262.6262626262626
 35 267.6767676767677
 284 272.7272727272727
 175 277.7777777777778
 487 282.8282828282828
 242 287.8787878787879
 2 292.9292929292929
 0 297.979797979798
 1 303.030303030303
 221 308.0808080808081
 19 313.1313131313131
 57 318.1818181818182
 33 323.2323232323232
 47 328.2828282828282
 159 333.3333333333333
 61 338.3838383838383
 14 343.4343434343434
 169 348.4848484848484
 101 353.5353535353535
 32 358.5858585858585
 1 363.6363636363636
 47 368.6868686868686
 45 373.7373737373737
 41 378.7878787878788
 1 383.8383838383838
 1 388.8888888888889
 324 393.9393939393939
 62 398.989898989899
 86 404.040404040404
 188 409.0909090909091
 159 414.1414141414141
 596 419.1919191919192
 23 424.2424242424242
 240 429.2929292929293
 187 434.3434343434343
 8 439.3939393939394
 57 444.4444444444444
 77 449.4949494949495
 57 454.5454545454545
 0 459.5959595959596
 3 464.6464646464646
 0 469.6969696969697
 3 474.7474747474747
 1 479.7979797979798
 17 484.8484848484848
 13 489.8989898989898
 73 494.9494949494949
 0 500


