# Created by Octave 3.8.2, Mon Jun 22 23:58:41 2020 CEST <damian@fptrucha.inv.usc.es>
# name: hd
# type: matrix
# rows: 100
# columns: 2
 2 0
 6 5.05050505050505
 2 10.1010101010101
 294 15.15151515151515
 4 20.2020202020202
 3 25.25252525252525
 172 30.3030303030303
 579 35.35353535353535
 626 40.4040404040404
 346 45.45454545454545
 137 50.50505050505051
 66 55.55555555555555
 2 60.6060606060606
 294 65.65656565656565
 213 70.7070707070707
 602 75.75757575757575
 0 80.8080808080808
 2 85.85858585858585
 65 90.90909090909091
 7 95.95959595959596
 4 101.010101010101
 179 106.060606060606
 167 111.1111111111111
 413 116.1616161616162
 232 121.2121212121212
 91 126.2626262626263
 0 131.3131313131313
 0 136.3636363636363
 64 141.4141414141414
 101 146.4646464646464
 494 151.5151515151515
 235 156.5656565656566
 3 161.6161616161616
 1 166.6666666666667
 74 171.7171717171717
 36 176.7676767676768
 2 181.8181818181818
 2 186.8686868686869
 219 191.9191919191919
 277 196.969696969697
 46 202.020202020202
 102 207.070707070707
 189 212.1212121212121
 53 217.1717171717171
 106 222.2222222222222
 249 227.2727272727273
 123 232.3232323232323
 0 237.3737373737374
 15 242.4242424242424
 144 247.4747474747475
 19 252.5252525252525
 140 257.5757575757576
 132 262.6262626262626
 53 267.6767676767677
 242 272.7272727272727
 153 277.7777777777778
 461 282.8282828282828
 194 287.8787878787879
 1 292.9292929292929
 2 297.979797979798
 0 303.030303030303
 216 308.0808080808081
 24 313.1313131313131
 42 318.1818181818182
 36 323.2323232323232
 38 328.2828282828282
 204 333.3333333333333
 82 338.3838383838383
 16 343.4343434343434
 190 348.4848484848484
 86 353.5353535353535
 44 358.5858585858585
 0 363.6363636363636
 52 368.6868686868686
 43 373.7373737373737
 44 378.7878787878788
 2 383.8383838383838
 2 388.8888888888889
 322 393.9393939393939
 71 398.989898989899
 50 404.040404040404
 185 409.0909090909091
 155 414.1414141414141
 607 419.1919191919192
 28 424.2424242424242
 264 429.2929292929293
 194 434.3434343434343
 9 439.3939393939394
 56 444.4444444444444
 67 449.4949494949495
 58 454.5454545454545
 0 459.5959595959596
 0 464.6464646464646
 1 469.6969696969697
 0 474.7474747474747
 0 479.7979797979798
 22 484.8484848484848
 26 489.8989898989898
 69 494.9494949494949
 0 500


