# Created by Octave 3.8.2, Sat Jun 20 03:53:42 2020 CEST <damian@fptrucha.inv.usc.es>
# name: hd
# type: matrix
# rows: 100
# columns: 2
 1 0
 4 5.05050505050505
 2 10.1010101010101
 284 15.15151515151515
 2 20.2020202020202
 0 25.25252525252525
 170 30.3030303030303
 533 35.35353535353535
 644 40.4040404040404
 346 45.45454545454545
 133 50.50505050505051
 77 55.55555555555555
 2 60.6060606060606
 283 65.65656565656565
 239 70.7070707070707
 661 75.75757575757575
 4 80.8080808080808
 3 85.85858585858585
 52 90.90909090909091
 4 95.95959595959596
 2 101.010101010101
 199 106.060606060606
 190 111.1111111111111
 420 116.1616161616162
 250 121.2121212121212
 82 126.2626262626263
 1 131.3131313131313
 1 136.3636363636363
 67 141.4141414141414
 99 146.4646464646464
 493 151.5151515151515
 301 156.5656565656566
 1 161.6161616161616
 0 166.6666666666667
 92 171.7171717171717
 26 176.7676767676768
 0 181.8181818181818
 0 186.8686868686869
 231 191.9191919191919
 264 196.969696969697
 42 202.020202020202
 112 207.070707070707
 190 212.1212121212121
 73 217.1717171717171
 122 222.2222222222222
 212 227.2727272727273
 153 232.3232323232323
 1 237.3737373737374
 18 242.4242424242424
 136 247.4747474747475
 17 252.5252525252525
 137 257.5757575757576
 164 262.6262626262626
 43 267.6767676767677
 272 272.7272727272727
 147 277.7777777777778
 508 282.8282828282828
 231 287.8787878787879
 1 292.9292929292929
 0 297.979797979798
 2 303.030303030303
 245 308.0808080808081
 30 313.1313131313131
 37 318.1818181818182
 22 323.2323232323232
 44 328.2828282828282
 185 333.3333333333333
 67 338.3838383838383
 13 343.4343434343434
 232 348.4848484848484
 124 353.5353535353535
 39 358.5858585858585
 0 363.6363636363636
 52 368.6868686868686
 54 373.7373737373737
 42 378.7878787878788
 0 383.8383838383838
 0 388.8888888888889
 331 393.9393939393939
 49 398.989898989899
 74 404.040404040404
 187 409.0909090909091
 130 414.1414141414141
 621 419.1919191919192
 21 424.2424242424242
 235 429.2929292929293
 185 434.3434343434343
 4 439.3939393939394
 73 444.4444444444444
 86 449.4949494949495
 53 454.5454545454545
 3 459.5959595959596
 0 464.6464646464646
 0 469.6969696969697
 1 474.7474747474747
 0 479.7979797979798
 22 484.8484848484848
 27 489.8989898989898
 96 494.9494949494949
 0 500


