# Created by Octave 3.8.2, Sat Jun 20 12:01:14 2020 CEST <damian@fptrucha.inv.usc.es>
# name: hd
# type: matrix
# rows: 100
# columns: 2
 1 0
 2 5.05050505050505
 0 10.1010101010101
 334 15.15151515151515
 2 20.2020202020202
 1 25.25252525252525
 153 30.3030303030303
 528 35.35353535353535
 679 40.4040404040404
 306 45.45454545454545
 139 50.50505050505051
 64 55.55555555555555
 1 60.6060606060606
 277 65.65656565656565
 217 70.7070707070707
 594 75.75757575757575
 3 80.8080808080808
 0 85.85858585858585
 81 90.90909090909091
 4 95.95959595959596
 1 101.010101010101
 204 106.060606060606
 211 111.1111111111111
 413 116.1616161616162
 218 121.2121212121212
 89 126.2626262626263
 0 131.3131313131313
 1 136.3636363636363
 84 141.4141414141414
 106 146.4646464646464
 474 151.5151515151515
 289 156.5656565656566
 4 161.6161616161616
 1 166.6666666666667
 73 171.7171717171717
 40 176.7676767676768
 0 181.8181818181818
 0 186.8686868686869
 208 191.9191919191919
 266 196.969696969697
 52 202.020202020202
 94 207.070707070707
 194 212.1212121212121
 66 217.1717171717171
 122 222.2222222222222
 230 227.2727272727273
 154 232.3232323232323
 2 237.3737373737374
 28 242.4242424242424
 151 247.4747474747475
 20 252.5252525252525
 139 257.5757575757576
 145 262.6262626262626
 45 267.6767676767677
 287 272.7272727272727
 137 277.7777777777778
 453 282.8282828282828
 225 287.8787878787879
 2 292.9292929292929
 1 297.979797979798
 0 303.030303030303
 249 308.0808080808081
 18 313.1313131313131
 45 318.1818181818182
 40 323.2323232323232
 57 328.2828282828282
 188 333.3333333333333
 59 338.3838383838383
 28 343.4343434343434
 210 348.4848484848484
 118 353.5353535353535
 27 358.5858585858585
 2 363.6363636363636
 46 368.6868686868686
 36 373.7373737373737
 42 378.7878787878788
 1 383.8383838383838
 0 388.8888888888889
 331 393.9393939393939
 58 398.989898989899
 68 404.040404040404
 215 409.0909090909091
 159 414.1414141414141
 587 419.1919191919192
 25 424.2424242424242
 244 429.2929292929293
 185 434.3434343434343
 1 439.3939393939394
 51 444.4444444444444
 80 449.4949494949495
 52 454.5454545454545
 1 459.5959595959596
 1 464.6464646464646
 0 469.6969696969697
 2 474.7474747474747
 1 479.7979797979798
 18 484.8484848484848
 10 489.8989898989898
 68 494.9494949494949
 0 500


