# Created by Octave 3.8.2, Mon Jun 22 23:13:58 2020 CEST <damian@fptrucha.inv.usc.es>
# name: hd
# type: matrix
# rows: 100
# columns: 2
 2 0
 4 5.05050505050505
 1 10.1010101010101
 277 15.15151515151515
 3 20.2020202020202
 0 25.25252525252525
 151 30.3030303030303
 528 35.35353535353535
 635 40.4040404040404
 342 45.45454545454545
 137 50.50505050505051
 70 55.55555555555555
 1 60.6060606060606
 276 65.65656565656565
 225 70.7070707070707
 571 75.75757575757575
 2 80.8080808080808
 2 85.85858585858585
 66 90.90909090909091
 6 95.95959595959596
 6 101.010101010101
 193 106.060606060606
 194 111.1111111111111
 416 116.1616161616162
 218 121.2121212121212
 95 126.2626262626263
 0 131.3131313131313
 1 136.3636363636363
 61 141.4141414141414
 89 146.4646464646464
 473 151.5151515151515
 255 156.5656565656566
 1 161.6161616161616
 2 166.6666666666667
 78 171.7171717171717
 32 176.7676767676768
 0 181.8181818181818
 1 186.8686868686869
 214 191.9191919191919
 258 196.969696969697
 53 202.020202020202
 102 207.070707070707
 193 212.1212121212121
 57 217.1717171717171
 106 222.2222222222222
 270 227.2727272727273
 151 232.3232323232323
 2 237.3737373737374
 18 242.4242424242424
 149 247.4747474747475
 27 252.5252525252525
 116 257.5757575757576
 148 262.6262626262626
 29 267.6767676767677
 286 272.7272727272727
 149 277.7777777777778
 493 282.8282828282828
 195 287.8787878787879
 2 292.9292929292929
 1 297.979797979798
 0 303.030303030303
 256 308.0808080808081
 25 313.1313131313131
 26 318.1818181818182
 36 323.2323232323232
 39 328.2828282828282
 188 333.3333333333333
 75 338.3838383838383
 22 343.4343434343434
 195 348.4848484848484
 105 353.5353535353535
 29 358.5858585858585
 1 363.6363636363636
 47 368.6868686868686
 30 373.7373737373737
 42 378.7878787878788
 1 383.8383838383838
 0 388.8888888888889
 351 393.9393939393939
 63 398.989898989899
 58 404.040404040404
 191 409.0909090909091
 162 414.1414141414141
 576 419.1919191919192
 29 424.2424242424242
 250 429.2929292929293
 203 434.3434343434343
 5 439.3939393939394
 57 444.4444444444444
 81 449.4949494949495
 60 454.5454545454545
 1 459.5959595959596
 0 464.6464646464646
 2 469.6969696969697
 0 474.7474747474747
 0 479.7979797979798
 28 484.8484848484848
 23 489.8989898989898
 81 494.9494949494949
 0 500


