# Created by Octave 3.8.2, Mon Jun 22 06:20:53 2020 CEST <damian@fptrucha.inv.usc.es>
# name: hd
# type: matrix
# rows: 100
# columns: 2
 0 0
 5 5.05050505050505
 3 10.1010101010101
 250 15.15151515151515
 1 20.2020202020202
 2 25.25252525252525
 150 30.3030303030303
 502 35.35353535353535
 635 40.4040404040404
 300 45.45454545454545
 149 50.50505050505051
 54 55.55555555555555
 5 60.6060606060606
 265 65.65656565656565
 201 70.7070707070707
 523 75.75757575757575
 3 80.8080808080808
 1 85.85858585858585
 68 90.90909090909091
 2 95.95959595959596
 6 101.010101010101
 174 106.060606060606
 156 111.1111111111111
 375 116.1616161616162
 209 121.2121212121212
 74 126.2626262626263
 1 131.3131313131313
 2 136.3636363636363
 70 141.4141414141414
 98 146.4646464646464
 407 151.5151515151515
 249 156.5656565656566
 2 161.6161616161616
 2 166.6666666666667
 65 171.7171717171717
 41 176.7676767676768
 0 181.8181818181818
 0 186.8686868686869
 181 191.9191919191919
 257 196.969696969697
 37 202.020202020202
 79 207.070707070707
 158 212.1212121212121
 53 217.1717171717171
 93 222.2222222222222
 229 227.2727272727273
 154 232.3232323232323
 1 237.3737373737374
 32 242.4242424242424
 137 247.4747474747475
 21 252.5252525252525
 107 257.5757575757576
 133 262.6262626262626
 36 267.6767676767677
 248 272.7272727272727
 144 277.7777777777778
 427 282.8282828282828
 188 287.8787878787879
 0 292.9292929292929
 0 297.979797979798
 0 303.030303030303
 202 308.0808080808081
 18 313.1313131313131
 44 318.1818181818182
 30 323.2323232323232
 45 328.2828282828282
 160 333.3333333333333
 64 338.3838383838383
 15 343.4343434343434
 187 348.4848484848484
 116 353.5353535353535
 21 358.5858585858585
 6 363.6363636363636
 40 368.6868686868686
 28 373.7373737373737
 29 378.7878787878788
 2 383.8383838383838
 0 388.8888888888889
 320 393.9393939393939
 53 398.989898989899
 60 404.040404040404
 169 409.0909090909091
 138 414.1414141414141
 534 419.1919191919192
 20 424.2424242424242
 222 429.2929292929293
 199 434.3434343434343
 4 439.3939393939394
 45 444.4444444444444
 71 449.4949494949495
 47 454.5454545454545
 3 459.5959595959596
 2 464.6464646464646
 4 469.6969696969697
 0 474.7474747474747
 0 479.7979797979798
 18 484.8484848484848
 27 489.8989898989898
 65 494.9494949494949
 0 500


