# Created by Octave 3.8.2, Sat Jun 20 15:58:00 2020 CEST <damian@fptrucha.inv.usc.es>
# name: hd
# type: matrix
# rows: 100
# columns: 2
 2 0
 2 5.05050505050505
 2 10.1010101010101
 288 15.15151515151515
 1 20.2020202020202
 2 25.25252525252525
 175 30.3030303030303
 496 35.35353535353535
 586 40.4040404040404
 324 45.45454545454545
 104 50.50505050505051
 78 55.55555555555555
 2 60.6060606060606
 269 65.65656565656565
 196 70.7070707070707
 604 75.75757575757575
 0 80.8080808080808
 1 85.85858585858585
 58 90.90909090909091
 5 95.95959595959596
 2 101.010101010101
 194 106.060606060606
 196 111.1111111111111
 402 116.1616161616162
 209 121.2121212121212
 85 126.2626262626263
 1 131.3131313131313
 0 136.3636363636363
 73 141.4141414141414
 94 146.4646464646464
 435 151.5151515151515
 276 156.5656565656566
 3 161.6161616161616
 2 166.6666666666667
 68 171.7171717171717
 28 176.7676767676768
 1 181.8181818181818
 0 186.8686868686869
 168 191.9191919191919
 279 196.969696969697
 51 202.020202020202
 79 207.070707070707
 212 212.1212121212121
 70 217.1717171717171
 114 222.2222222222222
 258 227.2727272727273
 143 232.3232323232323
 0 237.3737373737374
 26 242.4242424242424
 156 247.4747474747475
 14 252.5252525252525
 134 257.5757575757576
 127 262.6262626262626
 46 267.6767676767677
 247 272.7272727272727
 130 277.7777777777778
 436 282.8282828282828
 204 287.8787878787879
 2 292.9292929292929
 0 297.979797979798
 0 303.030303030303
 243 308.0808080808081
 28 313.1313131313131
 45 318.1818181818182
 22 323.2323232323232
 37 328.2828282828282
 169 333.3333333333333
 84 338.3838383838383
 23 343.4343434343434
 236 348.4848484848484
 104 353.5353535353535
 30 358.5858585858585
 0 363.6363636363636
 40 368.6868686868686
 33 373.7373737373737
 37 378.7878787878788
 1 383.8383838383838
 0 388.8888888888889
 331 393.9393939393939
 39 398.989898989899
 64 404.040404040404
 164 409.0909090909091
 145 414.1414141414141
 610 419.1919191919192
 15 424.2424242424242
 249 429.2929292929293
 197 434.3434343434343
 2 439.3939393939394
 61 444.4444444444444
 90 449.4949494949495
 59 454.5454545454545
 1 459.5959595959596
 1 464.6464646464646
 2 469.6969696969697
 0 474.7474747474747
 1 479.7979797979798
 16 484.8484848484848
 28 489.8989898989898
 83 494.9494949494949
 0 500


