# Created by Octave 3.8.2, Mon Jun 22 10:24:35 2020 CEST <damian@fptrucha.inv.usc.es>
# name: hd
# type: matrix
# rows: 100
# columns: 2
 3 0
 3 5.05050505050505
 3 10.1010101010101
 295 15.15151515151515
 3 20.2020202020202
 1 25.25252525252525
 139 30.3030303030303
 510 35.35353535353535
 570 40.4040404040404
 297 45.45454545454545
 141 50.50505050505051
 75 55.55555555555555
 5 60.6060606060606
 279 65.65656565656565
 224 70.7070707070707
 558 75.75757575757575
 2 80.8080808080808
 0 85.85858585858585
 55 90.90909090909091
 7 95.95959595959596
 6 101.010101010101
 208 106.060606060606
 171 111.1111111111111
 389 116.1616161616162
 196 121.2121212121212
 88 126.2626262626263
 1 131.3131313131313
 0 136.3636363636363
 63 141.4141414141414
 98 146.4646464646464
 425 151.5151515151515
 241 156.5656565656566
 2 161.6161616161616
 2 166.6666666666667
 64 171.7171717171717
 29 176.7676767676768
 1 181.8181818181818
 2 186.8686868686869
 194 191.9191919191919
 262 196.969696969697
 54 202.020202020202
 91 207.070707070707
 158 212.1212121212121
 57 217.1717171717171
 107 222.2222222222222
 228 227.2727272727273
 126 232.3232323232323
 2 237.3737373737374
 25 242.4242424242424
 132 247.4747474747475
 20 252.5252525252525
 121 257.5757575757576
 115 262.6262626262626
 48 267.6767676767677
 302 272.7272727272727
 152 277.7777777777778
 471 282.8282828282828
 221 287.8787878787879
 1 292.9292929292929
 0 297.979797979798
 1 303.030303030303
 215 308.0808080808081
 29 313.1313131313131
 39 318.1818181818182
 33 323.2323232323232
 26 328.2828282828282
 179 333.3333333333333
 61 338.3838383838383
 25 343.4343434343434
 179 348.4848484848484
 85 353.5353535353535
 37 358.5858585858585
 3 363.6363636363636
 46 368.6868686868686
 37 373.7373737373737
 40 378.7878787878788
 1 383.8383838383838
 1 388.8888888888889
 332 393.9393939393939
 60 398.989898989899
 60 404.040404040404
 180 409.0909090909091
 128 414.1414141414141
 547 419.1919191919192
 15 424.2424242424242
 226 429.2929292929293
 189 434.3434343434343
 1 439.3939393939394
 64 444.4444444444444
 80 449.4949494949495
 45 454.5454545454545
 0 459.5959595959596
 1 464.6464646464646
 3 469.6969696969697
 2 474.7474747474747
 2 479.7979797979798
 22 484.8484848484848
 25 489.8989898989898
 91 494.9494949494949
 0 500


