# Created by Octave 3.8.2, Mon Jun 22 14:29:59 2020 CEST <damian@fptrucha.inv.usc.es>
# name: hd
# type: matrix
# rows: 100
# columns: 2
 2 0
 0 5.05050505050505
 5 10.1010101010101
 282 15.15151515151515
 1 20.2020202020202
 1 25.25252525252525
 148 30.3030303030303
 500 35.35353535353535
 621 40.4040404040404
 327 45.45454545454545
 139 50.50505050505051
 70 55.55555555555555
 4 60.6060606060606
 290 65.65656565656565
 215 70.7070707070707
 519 75.75757575757575
 1 80.8080808080808
 1 85.85858585858585
 57 90.90909090909091
 1 95.95959595959596
 4 101.010101010101
 180 106.060606060606
 165 111.1111111111111
 381 116.1616161616162
 183 121.2121212121212
 87 126.2626262626263
 0 131.3131313131313
 0 136.3636363636363
 65 141.4141414141414
 84 146.4646464646464
 426 151.5151515151515
 226 156.5656565656566
 2 161.6161616161616
 0 166.6666666666667
 87 171.7171717171717
 23 176.7676767676768
 2 181.8181818181818
 1 186.8686868686869
 208 191.9191919191919
 265 196.969696969697
 51 202.020202020202
 96 207.070707070707
 191 212.1212121212121
 60 217.1717171717171
 103 222.2222222222222
 236 227.2727272727273
 140 232.3232323232323
 3 237.3737373737374
 20 242.4242424242424
 148 247.4747474747475
 21 252.5252525252525
 97 257.5757575757576
 115 262.6262626262626
 49 267.6767676767677
 268 272.7272727272727
 152 277.7777777777778
 473 282.8282828282828
 179 287.8787878787879
 1 292.9292929292929
 0 297.979797979798
 1 303.030303030303
 211 308.0808080808081
 23 313.1313131313131
 41 318.1818181818182
 35 323.2323232323232
 55 328.2828282828282
 189 333.3333333333333
 64 338.3838383838383
 23 343.4343434343434
 179 348.4848484848484
 100 353.5353535353535
 33 358.5858585858585
 2 363.6363636363636
 54 368.6868686868686
 42 373.7373737373737
 33 378.7878787878788
 2 383.8383838383838
 1 388.8888888888889
 306 393.9393939393939
 62 398.989898989899
 58 404.040404040404
 174 409.0909090909091
 160 414.1414141414141
 571 419.1919191919192
 20 424.2424242424242
 204 429.2929292929293
 146 434.3434343434343
 2 439.3939393939394
 73 444.4444444444444
 75 449.4949494949495
 53 454.5454545454545
 0 459.5959595959596
 2 464.6464646464646
 1 469.6969696969697
 1 474.7474747474747
 3 479.7979797979798
 24 484.8484848484848
 18 489.8989898989898
 67 494.9494949494949
 0 500


