# Created by Octave 3.8.2, Mon Jun 22 20:41:52 2020 CEST <damian@fptrucha.inv.usc.es>
# name: hd
# type: matrix
# rows: 100
# columns: 2
 1 0
 5 5.05050505050505
 2 10.1010101010101
 303 15.15151515151515
 5 20.2020202020202
 0 25.25252525252525
 167 30.3030303030303
 556 35.35353535353535
 624 40.4040404040404
 315 45.45454545454545
 111 50.50505050505051
 80 55.55555555555555
 3 60.6060606060606
 273 65.65656565656565
 208 70.7070707070707
 582 75.75757575757575
 2 80.8080808080808
 0 85.85858585858585
 59 90.90909090909091
 8 95.95959595959596
 6 101.010101010101
 203 106.060606060606
 170 111.1111111111111
 426 116.1616161616162
 212 121.2121212121212
 92 126.2626262626263
 1 131.3131313131313
 2 136.3636363636363
 77 141.4141414141414
 101 146.4646464646464
 465 151.5151515151515
 281 156.5656565656566
 7 161.6161616161616
 1 166.6666666666667
 78 171.7171717171717
 32 176.7676767676768
 0 181.8181818181818
 2 186.8686868686869
 210 191.9191919191919
 258 196.969696969697
 62 202.020202020202
 112 207.070707070707
 192 212.1212121212121
 73 217.1717171717171
 114 222.2222222222222
 231 227.2727272727273
 123 232.3232323232323
 1 237.3737373737374
 28 242.4242424242424
 144 247.4747474747475
 32 252.5252525252525
 110 257.5757575757576
 147 262.6262626262626
 38 267.6767676767677
 269 272.7272727272727
 148 277.7777777777778
 495 282.8282828282828
 196 287.8787878787879
 1 292.9292929292929
 3 297.979797979798
 1 303.030303030303
 195 308.0808080808081
 27 313.1313131313131
 45 318.1818181818182
 33 323.2323232323232
 44 328.2828282828282
 201 333.3333333333333
 71 338.3838383838383
 20 343.4343434343434
 216 348.4848484848484
 127 353.5353535353535
 30 358.5858585858585
 2 363.6363636363636
 60 368.6868686868686
 34 373.7373737373737
 46 378.7878787878788
 0 383.8383838383838
 1 388.8888888888889
 332 393.9393939393939
 61 398.989898989899
 70 404.040404040404
 180 409.0909090909091
 139 414.1414141414141
 560 419.1919191919192
 23 424.2424242424242
 243 429.2929292929293
 208 434.3434343434343
 8 439.3939393939394
 58 444.4444444444444
 80 449.4949494949495
 42 454.5454545454545
 2 459.5959595959596
 3 464.6464646464646
 3 469.6969696969697
 0 474.7474747474747
 0 479.7979797979798
 14 484.8484848484848
 18 489.8989898989898
 59 494.9494949494949
 0 500


