# Created by Octave 3.8.2, Sat Jun 20 16:51:59 2020 CEST <damian@fptrucha.inv.usc.es>
# name: hd
# type: matrix
# rows: 100
# columns: 2
 1 0
 3 5.05050505050505
 0 10.1010101010101
 230 15.15151515151515
 1 20.2020202020202
 0 25.25252525252525
 121 30.3030303030303
 335 35.35353535353535
 364 40.4040404040404
 174 45.45454545454545
 73 50.50505050505051
 45 55.55555555555555
 0 60.6060606060606
 183 65.65656565656565
 131 70.7070707070707
 383 75.75757575757575
 1 80.8080808080808
 0 85.85858585858585
 38 90.90909090909091
 7 95.95959595959596
 2 101.010101010101
 135 106.060606060606
 121 111.1111111111111
 273 116.1616161616162
 124 121.2121212121212
 61 126.2626262626263
 0 131.3131313131313
 1 136.3636363636363
 40 141.4141414141414
 57 146.4646464646464
 290 151.5151515151515
 191 156.5656565656566
 2 161.6161616161616
 0 166.6666666666667
 61 171.7171717171717
 22 176.7676767676768
 0 181.8181818181818
 1 186.8686868686869
 115 191.9191919191919
 165 196.969696969697
 30 202.020202020202
 69 207.070707070707
 116 212.1212121212121
 27 217.1717171717171
 57 222.2222222222222
 181 227.2727272727273
 109 232.3232323232323
 0 237.3737373737374
 10 242.4242424242424
 86 247.4747474747475
 10 252.5252525252525
 88 257.5757575757576
 113 262.6262626262626
 22 267.6767676767677
 188 272.7272727272727
 101 277.7777777777778
 305 282.8282828282828
 146 287.8787878787879
 1 292.9292929292929
 0 297.979797979798
 0 303.030303030303
 142 308.0808080808081
 11 313.1313131313131
 36 318.1818181818182
 14 323.2323232323232
 29 328.2828282828282
 103 333.3333333333333
 37 338.3838383838383
 6 343.4343434343434
 108 348.4848484848484
 54 353.5353535353535
 24 358.5858585858585
 1 363.6363636363636
 29 368.6868686868686
 34 373.7373737373737
 24 378.7878787878788
 1 383.8383838383838
 1 388.8888888888889
 210 393.9393939393939
 36 398.989898989899
 30 404.040404040404
 103 409.0909090909091
 94 414.1414141414141
 381 419.1919191919192
 16 424.2424242424242
 145 429.2929292929293
 118 434.3434343434343
 4 439.3939393939394
 33 444.4444444444444
 56 449.4949494949495
 43 454.5454545454545
 0 459.5959595959596
 1 464.6464646464646
 0 469.6969696969697
 0 474.7474747474747
 0 479.7979797979798
 7 484.8484848484848
 20 489.8989898989898
 46 494.9494949494949
 0 500


