# Created by Octave 3.8.2, Sat Jun 20 10:19:13 2020 CEST <damian@fptrucha.inv.usc.es>
# name: hd
# type: matrix
# rows: 100
# columns: 2
 4 0
 0 5.05050505050505
 0 10.1010101010101
 308 15.15151515151515
 1 20.2020202020202
 1 25.25252525252525
 188 30.3030303030303
 571 35.35353535353535
 672 40.4040404040404
 332 45.45454545454545
 143 50.50505050505051
 71 55.55555555555555
 3 60.6060606060606
 315 65.65656565656565
 232 70.7070707070707
 624 75.75757575757575
 0 80.8080808080808
 0 85.85858585858585
 74 90.90909090909091
 4 95.95959595959596
 1 101.010101010101
 197 106.060606060606
 194 111.1111111111111
 443 116.1616161616162
 222 121.2121212121212
 120 126.2626262626263
 0 131.3131313131313
 1 136.3636363636363
 81 141.4141414141414
 119 146.4646464646464
 471 151.5151515151515
 285 156.5656565656566
 4 161.6161616161616
 1 166.6666666666667
 57 171.7171717171717
 42 176.7676767676768
 0 181.8181818181818
 2 186.8686868686869
 196 191.9191919191919
 288 196.969696969697
 58 202.020202020202
 101 207.070707070707
 192 212.1212121212121
 71 217.1717171717171
 114 222.2222222222222
 240 227.2727272727273
 140 232.3232323232323
 0 237.3737373737374
 25 242.4242424242424
 137 247.4747474747475
 17 252.5252525252525
 146 257.5757575757576
 153 262.6262626262626
 37 267.6767676767677
 326 272.7272727272727
 180 277.7777777777778
 464 282.8282828282828
 203 287.8787878787879
 1 292.9292929292929
 0 297.979797979798
 0 303.030303030303
 204 308.0808080808081
 17 313.1313131313131
 63 318.1818181818182
 34 323.2323232323232
 42 328.2828282828282
 198 333.3333333333333
 72 338.3838383838383
 27 343.4343434343434
 202 348.4848484848484
 109 353.5353535353535
 32 358.5858585858585
 1 363.6363636363636
 42 368.6868686868686
 42 373.7373737373737
 34 378.7878787878788
 2 383.8383838383838
 0 388.8888888888889
 340 393.9393939393939
 56 398.989898989899
 89 404.040404040404
 193 409.0909090909091
 149 414.1414141414141
 629 419.1919191919192
 17 424.2424242424242
 277 429.2929292929293
 202 434.3434343434343
 4 439.3939393939394
 54 444.4444444444444
 92 449.4949494949495
 66 454.5454545454545
 0 459.5959595959596
 0 464.6464646464646
 1 469.6969696969697
 1 474.7474747474747
 0 479.7979797979798
 21 484.8484848484848
 27 489.8989898989898
 66 494.9494949494949
 0 500


