# Created by Octave 3.8.2, Sat Jun 20 16:24:02 2020 CEST <damian@fptrucha.inv.usc.es>
# name: hd
# type: matrix
# rows: 100
# columns: 2
 1 0
 2 5.05050505050505
 3 10.1010101010101
 309 15.15151515151515
 1 20.2020202020202
 1 25.25252525252525
 172 30.3030303030303
 533 35.35353535353535
 617 40.4040404040404
 286 45.45454545454545
 137 50.50505050505051
 67 55.55555555555555
 2 60.6060606060606
 255 65.65656565656565
 194 70.7070707070707
 549 75.75757575757575
 0 80.8080808080808
 2 85.85858585858585
 63 90.90909090909091
 2 95.95959595959596
 1 101.010101010101
 179 106.060606060606
 172 111.1111111111111
 411 116.1616161616162
 218 121.2121212121212
 103 126.2626262626263
 0 131.3131313131313
 0 136.3636363636363
 68 141.4141414141414
 101 146.4646464646464
 454 151.5151515151515
 263 156.5656565656566
 3 161.6161616161616
 4 166.6666666666667
 66 171.7171717171717
 31 176.7676767676768
 1 181.8181818181818
 0 186.8686868686869
 190 191.9191919191919
 249 196.969696969697
 55 202.020202020202
 107 207.070707070707
 171 212.1212121212121
 67 217.1717171717171
 101 222.2222222222222
 228 227.2727272727273
 164 232.3232323232323
 1 237.3737373737374
 18 242.4242424242424
 130 247.4747474747475
 18 252.5252525252525
 133 257.5757575757576
 132 262.6262626262626
 40 267.6767676767677
 253 272.7272727272727
 138 277.7777777777778
 511 282.8282828282828
 213 287.8787878787879
 1 292.9292929292929
 0 297.979797979798
 0 303.030303030303
 228 308.0808080808081
 28 313.1313131313131
 37 318.1818181818182
 38 323.2323232323232
 39 328.2828282828282
 182 333.3333333333333
 64 338.3838383838383
 17 343.4343434343434
 205 348.4848484848484
 87 353.5353535353535
 19 358.5858585858585
 0 363.6363636363636
 47 368.6868686868686
 34 373.7373737373737
 45 378.7878787878788
 1 383.8383838383838
 0 388.8888888888889
 319 393.9393939393939
 50 398.989898989899
 73 404.040404040404
 148 409.0909090909091
 142 414.1414141414141
 581 419.1919191919192
 17 424.2424242424242
 242 429.2929292929293
 217 434.3434343434343
 5 439.3939393939394
 64 444.4444444444444
 67 449.4949494949495
 63 454.5454545454545
 1 459.5959595959596
 0 464.6464646464646
 0 469.6969696969697
 0 474.7474747474747
 0 479.7979797979798
 15 484.8484848484848
 26 489.8989898989898
 77 494.9494949494949
 0 500


