# Created by Octave 3.8.2, Mon Jun 22 01:50:28 2020 CEST <damian@fptrucha.inv.usc.es>
# name: hd
# type: matrix
# rows: 100
# columns: 2
 2 0
 2 5.05050505050505
 0 10.1010101010101
 174 15.15151515151515
 0 20.2020202020202
 1 25.25252525252525
 108 30.3030303030303
 359 35.35353535353535
 413 40.4040404040404
 212 45.45454545454545
 75 50.50505050505051
 52 55.55555555555555
 1 60.6060606060606
 194 65.65656565656565
 156 70.7070707070707
 386 75.75757575757575
 1 80.8080808080808
 1 85.85858585858585
 44 90.90909090909091
 5 95.95959595959596
 2 101.010101010101
 112 106.060606060606
 132 111.1111111111111
 292 116.1616161616162
 124 121.2121212121212
 57 126.2626262626263
 0 131.3131313131313
 0 136.3636363636363
 47 141.4141414141414
 67 146.4646464646464
 288 151.5151515151515
 159 156.5656565656566
 5 161.6161616161616
 0 166.6666666666667
 48 171.7171717171717
 33 176.7676767676768
 0 181.8181818181818
 1 186.8686868686869
 147 191.9191919191919
 187 196.969696969697
 38 202.020202020202
 62 207.070707070707
 126 212.1212121212121
 46 217.1717171717171
 80 222.2222222222222
 138 227.2727272727273
 91 232.3232323232323
 0 237.3737373737374
 17 242.4242424242424
 106 247.4747474747475
 15 252.5252525252525
 93 257.5757575757576
 96 262.6262626262626
 21 267.6767676767677
 154 272.7272727272727
 95 277.7777777777778
 289 282.8282828282828
 130 287.8787878787879
 1 292.9292929292929
 0 297.979797979798
 0 303.030303030303
 121 308.0808080808081
 25 313.1313131313131
 32 318.1818181818182
 25 323.2323232323232
 23 328.2828282828282
 126 333.3333333333333
 55 338.3838383838383
 9 343.4343434343434
 135 348.4848484848484
 72 353.5353535353535
 17 358.5858585858585
 2 363.6363636363636
 26 368.6868686868686
 27 373.7373737373737
 21 378.7878787878788
 0 383.8383838383838
 0 388.8888888888889
 196 393.9393939393939
 42 398.989898989899
 62 404.040404040404
 110 409.0909090909091
 99 414.1414141414141
 376 419.1919191919192
 18 424.2424242424242
 151 429.2929292929293
 113 434.3434343434343
 5 439.3939393939394
 31 444.4444444444444
 42 449.4949494949495
 43 454.5454545454545
 0 459.5959595959596
 1 464.6464646464646
 0 469.6969696969697
 0 474.7474747474747
 2 479.7979797979798
 8 484.8484848484848
 9 489.8989898989898
 42 494.9494949494949
 0 500


