# Created by Octave 3.8.2, Mon Jun 22 09:36:27 2020 CEST <damian@fptrucha.inv.usc.es>
# name: hd
# type: matrix
# rows: 100
# columns: 2
 4 0
 2 5.05050505050505
 0 10.1010101010101
 272 15.15151515151515
 2 20.2020202020202
 2 25.25252525252525
 160 30.3030303030303
 513 35.35353535353535
 616 40.4040404040404
 320 45.45454545454545
 130 50.50505050505051
 60 55.55555555555555
 4 60.6060606060606
 275 65.65656565656565
 206 70.7070707070707
 547 75.75757575757575
 2 80.8080808080808
 1 85.85858585858585
 55 90.90909090909091
 10 95.95959595959596
 0 101.010101010101
 179 106.060606060606
 168 111.1111111111111
 405 116.1616161616162
 198 121.2121212121212
 85 126.2626262626263
 1 131.3131313131313
 0 136.3636363636363
 54 141.4141414141414
 96 146.4646464646464
 440 151.5151515151515
 229 156.5656565656566
 5 161.6161616161616
 1 166.6666666666667
 67 171.7171717171717
 34 176.7676767676768
 1 181.8181818181818
 1 186.8686868686869
 177 191.9191919191919
 255 196.969696969697
 42 202.020202020202
 83 207.070707070707
 193 212.1212121212121
 52 217.1717171717171
 105 222.2222222222222
 239 227.2727272727273
 143 232.3232323232323
 2 237.3737373737374
 21 242.4242424242424
 124 247.4747474747475
 22 252.5252525252525
 113 257.5757575757576
 134 262.6262626262626
 34 267.6767676767677
 253 272.7272727272727
 125 277.7777777777778
 430 282.8282828282828
 191 287.8787878787879
 4 292.9292929292929
 0 297.979797979798
 0 303.030303030303
 204 308.0808080808081
 31 313.1313131313131
 37 318.1818181818182
 27 323.2323232323232
 38 328.2828282828282
 168 333.3333333333333
 64 338.3838383838383
 17 343.4343434343434
 182 348.4848484848484
 98 353.5353535353535
 32 358.5858585858585
 2 363.6363636363636
 57 368.6868686868686
 30 373.7373737373737
 37 378.7878787878788
 1 383.8383838383838
 0 388.8888888888889
 291 393.9393939393939
 76 398.989898989899
 72 404.040404040404
 167 409.0909090909091
 145 414.1414141414141
 527 419.1919191919192
 22 424.2424242424242
 236 429.2929292929293
 176 434.3434343434343
 3 439.3939393939394
 52 444.4444444444444
 77 449.4949494949495
 58 454.5454545454545
 1 459.5959595959596
 0 464.6464646464646
 2 469.6969696969697
 1 474.7474747474747
 2 479.7979797979798
 16 484.8484848484848
 18 489.8989898989898
 73 494.9494949494949
 0 500


