# Created by Octave 3.8.2, Sat Jun 20 08:12:26 2020 CEST <damian@fptrucha.inv.usc.es>
# name: hd
# type: matrix
# rows: 100
# columns: 2
 2 0
 5 5.05050505050505
 2 10.1010101010101
 321 15.15151515151515
 3 20.2020202020202
 0 25.25252525252525
 191 30.3030303030303
 582 35.35353535353535
 715 40.4040404040404
 377 45.45454545454545
 139 50.50505050505051
 69 55.55555555555555
 4 60.6060606060606
 295 65.65656565656565
 248 70.7070707070707
 664 75.75757575757575
 3 80.8080808080808
 1 85.85858585858585
 75 90.90909090909091
 2 95.95959595959596
 5 101.010101010101
 192 106.060606060606
 200 111.1111111111111
 416 116.1616161616162
 225 121.2121212121212
 105 126.2626262626263
 0 131.3131313131313
 7 136.3636363636363
 73 141.4141414141414
 93 146.4646464646464
 505 151.5151515151515
 263 156.5656565656566
 3 161.6161616161616
 1 166.6666666666667
 75 171.7171717171717
 51 176.7676767676768
 0 181.8181818181818
 0 186.8686868686869
 223 191.9191919191919
 305 196.969696969697
 44 202.020202020202
 99 207.070707070707
 202 212.1212121212121
 80 217.1717171717171
 120 222.2222222222222
 268 227.2727272727273
 168 232.3232323232323
 0 237.3737373737374
 24 242.4242424242424
 144 247.4747474747475
 23 252.5252525252525
 141 257.5757575757576
 164 262.6262626262626
 45 267.6767676767677
 324 272.7272727272727
 169 277.7777777777778
 460 282.8282828282828
 216 287.8787878787879
 2 292.9292929292929
 0 297.979797979798
 1 303.030303030303
 241 308.0808080808081
 31 313.1313131313131
 54 318.1818181818182
 31 323.2323232323232
 43 328.2828282828282
 214 333.3333333333333
 74 338.3838383838383
 24 343.4343434343434
 223 348.4848484848484
 113 353.5353535353535
 28 358.5858585858585
 1 363.6363636363636
 55 368.6868686868686
 44 373.7373737373737
 38 378.7878787878788
 1 383.8383838383838
 1 388.8888888888889
 326 393.9393939393939
 62 398.989898989899
 75 404.040404040404
 190 409.0909090909091
 147 414.1414141414141
 622 419.1919191919192
 16 424.2424242424242
 268 429.2929292929293
 207 434.3434343434343
 6 439.3939393939394
 65 444.4444444444444
 98 449.4949494949495
 66 454.5454545454545
 0 459.5959595959596
 0 464.6464646464646
 1 469.6969696969697
 2 474.7474747474747
 3 479.7979797979798
 26 484.8484848484848
 28 489.8989898989898
 70 494.9494949494949
 0 500


