# Created by Octave 3.8.2, Sat Jun 20 10:37:24 2020 CEST <damian@fptrucha.inv.usc.es>
# name: hd
# type: matrix
# rows: 100
# columns: 2
 2 0
 7 5.05050505050505
 2 10.1010101010101
 321 15.15151515151515
 1 20.2020202020202
 0 25.25252525252525
 169 30.3030303030303
 591 35.35353535353535
 662 40.4040404040404
 348 45.45454545454545
 150 50.50505050505051
 81 55.55555555555555
 4 60.6060606060606
 293 65.65656565656565
 205 70.7070707070707
 612 75.75757575757575
 2 80.8080808080808
 0 85.85858585858585
 70 90.90909090909091
 1 95.95959595959596
 3 101.010101010101
 204 106.060606060606
 196 111.1111111111111
 451 116.1616161616162
 215 121.2121212121212
 95 126.2626262626263
 0 131.3131313131313
 0 136.3636363636363
 81 141.4141414141414
 103 146.4646464646464
 447 151.5151515151515
 289 156.5656565656566
 4 161.6161616161616
 0 166.6666666666667
 81 171.7171717171717
 31 176.7676767676768
 0 181.8181818181818
 0 186.8686868686869
 196 191.9191919191919
 247 196.969696969697
 55 202.020202020202
 101 207.070707070707
 212 212.1212121212121
 81 217.1717171717171
 111 222.2222222222222
 275 227.2727272727273
 162 232.3232323232323
 0 237.3737373737374
 23 242.4242424242424
 148 247.4747474747475
 26 252.5252525252525
 119 257.5757575757576
 155 262.6262626262626
 43 267.6767676767677
 294 272.7272727272727
 144 277.7777777777778
 517 282.8282828282828
 223 287.8787878787879
 1 292.9292929292929
 2 297.979797979798
 1 303.030303030303
 226 308.0808080808081
 30 313.1313131313131
 51 318.1818181818182
 32 323.2323232323232
 37 328.2828282828282
 187 333.3333333333333
 73 338.3838383838383
 19 343.4343434343434
 209 348.4848484848484
 86 353.5353535353535
 32 358.5858585858585
 0 363.6363636363636
 55 368.6868686868686
 57 373.7373737373737
 43 378.7878787878788
 0 383.8383838383838
 1 388.8888888888889
 360 393.9393939393939
 64 398.989898989899
 64 404.040404040404
 175 409.0909090909091
 150 414.1414141414141
 604 419.1919191919192
 24 424.2424242424242
 276 429.2929292929293
 187 434.3434343434343
 4 439.3939393939394
 52 444.4444444444444
 85 449.4949494949495
 63 454.5454545454545
 0 459.5959595959596
 0 464.6464646464646
 2 469.6969696969697
 4 474.7474747474747
 1 479.7979797979798
 23 484.8484848484848
 19 489.8989898989898
 75 494.9494949494949
 0 500


