# Created by Octave 3.8.2, Mon Jun 22 03:20:50 2020 CEST <damian@fptrucha.inv.usc.es>
# name: hd
# type: matrix
# rows: 100
# columns: 2
 2 0
 3 5.05050505050505
 2 10.1010101010101
 269 15.15151515151515
 5 20.2020202020202
 0 25.25252525252525
 113 30.3030303030303
 521 35.35353535353535
 568 40.4040404040404
 306 45.45454545454545
 126 50.50505050505051
 72 55.55555555555555
 5 60.6060606060606
 235 65.65656565656565
 202 70.7070707070707
 518 75.75757575757575
 1 80.8080808080808
 4 85.85858585858585
 58 90.90909090909091
 7 95.95959595959596
 7 101.010101010101
 195 106.060606060606
 174 111.1111111111111
 351 116.1616161616162
 187 121.2121212121212
 88 126.2626262626263
 1 131.3131313131313
 4 136.3636363636363
 62 141.4141414141414
 102 146.4646464646464
 421 151.5151515151515
 221 156.5656565656566
 3 161.6161616161616
 0 166.6666666666667
 77 171.7171717171717
 25 176.7676767676768
 1 181.8181818181818
 0 186.8686868686869
 181 191.9191919191919
 237 196.969696969697
 49 202.020202020202
 79 207.070707070707
 163 212.1212121212121
 49 217.1717171717171
 105 222.2222222222222
 195 227.2727272727273
 125 232.3232323232323
 3 237.3737373737374
 19 242.4242424242424
 145 247.4747474747475
 13 252.5252525252525
 124 257.5757575757576
 125 262.6262626262626
 50 267.6767676767677
 238 272.7272727272727
 117 277.7777777777778
 454 282.8282828282828
 183 287.8787878787879
 1 292.9292929292929
 3 297.979797979798
 1 303.030303030303
 168 308.0808080808081
 18 313.1313131313131
 37 318.1818181818182
 31 323.2323232323232
 30 328.2828282828282
 169 333.3333333333333
 77 338.3838383838383
 18 343.4343434343434
 136 348.4848484848484
 94 353.5353535353535
 24 358.5858585858585
 2 363.6363636363636
 46 368.6868686868686
 37 373.7373737373737
 39 378.7878787878788
 1 383.8383838383838
 2 388.8888888888889
 284 393.9393939393939
 68 398.989898989899
 66 404.040404040404
 159 409.0909090909091
 136 414.1414141414141
 508 419.1919191919192
 25 424.2424242424242
 237 429.2929292929293
 172 434.3434343434343
 2 439.3939393939394
 49 444.4444444444444
 44 449.4949494949495
 46 454.5454545454545
 2 459.5959595959596
 1 464.6464646464646
 3 469.6969696969697
 3 474.7474747474747
 1 479.7979797979798
 16 484.8484848484848
 17 489.8989898989898
 63 494.9494949494949
 0 500


