# Created by Octave 3.8.2, Sat Jun 20 18:24:18 2020 CEST <damian@fptrucha.inv.usc.es>
# name: hd
# type: matrix
# rows: 100
# columns: 2
 0 0
 1 5.05050505050505
 0 10.1010101010101
 188 15.15151515151515
 2 20.2020202020202
 0 25.25252525252525
 100 30.3030303030303
 327 35.35353535353535
 399 40.4040404040404
 197 45.45454545454545
 84 50.50505050505051
 41 55.55555555555555
 1 60.6060606060606
 186 65.65656565656565
 143 70.7070707070707
 387 75.75757575757575
 1 80.8080808080808
 0 85.85858585858585
 55 90.90909090909091
 3 95.95959595959596
 1 101.010101010101
 116 106.060606060606
 114 111.1111111111111
 276 116.1616161616162
 148 121.2121212121212
 50 126.2626262626263
 0 131.3131313131313
 1 136.3636363636363
 38 141.4141414141414
 44 146.4646464646464
 262 151.5151515151515
 170 156.5656565656566
 1 161.6161616161616
 0 166.6666666666667
 57 171.7171717171717
 17 176.7676767676768
 1 181.8181818181818
 0 186.8686868686869
 116 191.9191919191919
 171 196.969696969697
 34 202.020202020202
 57 207.070707070707
 143 212.1212121212121
 30 217.1717171717171
 56 222.2222222222222
 132 227.2727272727273
 94 232.3232323232323
 0 237.3737373737374
 15 242.4242424242424
 77 247.4747474747475
 10 252.5252525252525
 81 257.5757575757576
 92 262.6262626262626
 22 267.6767676767677
 160 272.7272727272727
 86 277.7777777777778
 316 282.8282828282828
 146 287.8787878787879
 0 292.9292929292929
 0 297.979797979798
 0 303.030303030303
 143 308.0808080808081
 15 313.1313131313131
 32 318.1818181818182
 19 323.2323232323232
 28 328.2828282828282
 91 333.3333333333333
 36 338.3838383838383
 18 343.4343434343434
 109 348.4848484848484
 70 353.5353535353535
 15 358.5858585858585
 0 363.6363636363636
 27 368.6868686868686
 35 373.7373737373737
 27 378.7878787878788
 1 383.8383838383838
 1 388.8888888888889
 203 393.9393939393939
 35 398.989898989899
 46 404.040404040404
 114 409.0909090909091
 94 414.1414141414141
 395 419.1919191919192
 8 424.2424242424242
 138 429.2929292929293
 111 434.3434343434343
 3 439.3939393939394
 43 444.4444444444444
 44 449.4949494949495
 34 454.5454545454545
 1 459.5959595959596
 0 464.6464646464646
 2 469.6969696969697
 0 474.7474747474747
 0 479.7979797979798
 8 484.8484848484848
 9 489.8989898989898
 52 494.9494949494949
 0 500


