# Created by Octave 3.8.2, Sat Jun 20 21:41:18 2020 CEST <damian@fptrucha.inv.usc.es>
# name: hd
# type: matrix
# rows: 100
# columns: 2
 1 0
 0 5.05050505050505
 1 10.1010101010101
 287 15.15151515151515
 1 20.2020202020202
 3 25.25252525252525
 168 30.3030303030303
 498 35.35353535353535
 611 40.4040404040404
 351 45.45454545454545
 114 50.50505050505051
 62 55.55555555555555
 0 60.6060606060606
 257 65.65656565656565
 195 70.7070707070707
 534 75.75757575757575
 1 80.8080808080808
 0 85.85858585858585
 61 90.90909090909091
 3 95.95959595959596
 2 101.010101010101
 191 106.060606060606
 160 111.1111111111111
 364 116.1616161616162
 175 121.2121212121212
 93 126.2626262626263
 0 131.3131313131313
 1 136.3636363636363
 76 141.4141414141414
 95 146.4646464646464
 418 151.5151515151515
 297 156.5656565656566
 2 161.6161616161616
 1 166.6666666666667
 76 171.7171717171717
 37 176.7676767676768
 0 181.8181818181818
 2 186.8686868686869
 161 191.9191919191919
 248 196.969696969697
 45 202.020202020202
 90 207.070707070707
 221 212.1212121212121
 69 217.1717171717171
 109 222.2222222222222
 225 227.2727272727273
 141 232.3232323232323
 0 237.3737373737374
 12 242.4242424242424
 147 247.4747474747475
 26 252.5252525252525
 120 257.5757575757576
 163 262.6262626262626
 25 267.6767676767677
 265 272.7272727272727
 135 277.7777777777778
 421 282.8282828282828
 189 287.8787878787879
 2 292.9292929292929
 0 297.979797979798
 1 303.030303030303
 164 308.0808080808081
 30 313.1313131313131
 45 318.1818181818182
 37 323.2323232323232
 53 328.2828282828282
 181 333.3333333333333
 65 338.3838383838383
 15 343.4343434343434
 192 348.4848484848484
 98 353.5353535353535
 25 358.5858585858585
 2 363.6363636363636
 29 368.6868686868686
 41 373.7373737373737
 24 378.7878787878788
 1 383.8383838383838
 1 388.8888888888889
 316 393.9393939393939
 48 398.989898989899
 63 404.040404040404
 160 409.0909090909091
 114 414.1414141414141
 511 419.1919191919192
 23 424.2424242424242
 244 429.2929292929293
 207 434.3434343434343
 1 439.3939393939394
 65 444.4444444444444
 77 449.4949494949495
 50 454.5454545454545
 0 459.5959595959596
 0 464.6464646464646
 0 469.6969696969697
 1 474.7474747474747
 1 479.7979797979798
 23 484.8484848484848
 24 489.8989898989898
 78 494.9494949494949
 0 500


