# Created by Octave 3.8.2, Mon Jun 22 22:28:20 2020 CEST <damian@fptrucha.inv.usc.es>
# name: hd
# type: matrix
# rows: 100
# columns: 2
 0 0
 7 5.05050505050505
 2 10.1010101010101
 306 15.15151515151515
 3 20.2020202020202
 1 25.25252525252525
 207 30.3030303030303
 582 35.35353535353535
 630 40.4040404040404
 345 45.45454545454545
 119 50.50505050505051
 68 55.55555555555555
 3 60.6060606060606
 290 65.65656565656565
 212 70.7070707070707
 544 75.75757575757575
 0 80.8080808080808
 0 85.85858585858585
 80 90.90909090909091
 5 95.95959595959596
 7 101.010101010101
 188 106.060606060606
 203 111.1111111111111
 419 116.1616161616162
 190 121.2121212121212
 90 126.2626262626263
 1 131.3131313131313
 2 136.3636363636363
 59 141.4141414141414
 104 146.4646464646464
 434 151.5151515151515
 247 156.5656565656566
 4 161.6161616161616
 1 166.6666666666667
 77 171.7171717171717
 31 176.7676767676768
 2 181.8181818181818
 0 186.8686868686869
 185 191.9191919191919
 270 196.969696969697
 47 202.020202020202
 103 207.070707070707
 220 212.1212121212121
 64 217.1717171717171
 104 222.2222222222222
 249 227.2727272727273
 137 232.3232323232323
 3 237.3737373737374
 28 242.4242424242424
 115 247.4747474747475
 20 252.5252525252525
 156 257.5757575757576
 142 262.6262626262626
 45 267.6767676767677
 271 272.7272727272727
 136 277.7777777777778
 455 282.8282828282828
 237 287.8787878787879
 0 292.9292929292929
 3 297.979797979798
 1 303.030303030303
 242 308.0808080808081
 28 313.1313131313131
 49 318.1818181818182
 44 323.2323232323232
 50 328.2828282828282
 188 333.3333333333333
 63 338.3838383838383
 23 343.4343434343434
 179 348.4848484848484
 108 353.5353535353535
 27 358.5858585858585
 3 363.6363636363636
 33 368.6868686868686
 47 373.7373737373737
 47 378.7878787878788
 1 383.8383838383838
 2 388.8888888888889
 319 393.9393939393939
 68 398.989898989899
 64 404.040404040404
 178 409.0909090909091
 138 414.1414141414141
 615 419.1919191919192
 25 424.2424242424242
 242 429.2929292929293
 202 434.3434343434343
 7 439.3939393939394
 60 444.4444444444444
 67 449.4949494949495
 58 454.5454545454545
 0 459.5959595959596
 2 464.6464646464646
 3 469.6969696969697
 2 474.7474747474747
 0 479.7979797979798
 24 484.8484848484848
 24 489.8989898989898
 73 494.9494949494949
 0 500


