# Created by Octave 3.8.2, Mon Jun 22 09:48:38 2020 CEST <damian@fptrucha.inv.usc.es>
# name: hd
# type: matrix
# rows: 100
# columns: 2
 0 0
 4 5.05050505050505
 1 10.1010101010101
 291 15.15151515151515
 3 20.2020202020202
 1 25.25252525252525
 153 30.3030303030303
 539 35.35353535353535
 589 40.4040404040404
 315 45.45454545454545
 120 50.50505050505051
 73 55.55555555555555
 4 60.6060606060606
 281 65.65656565656565
 202 70.7070707070707
 564 75.75757575757575
 1 80.8080808080808
 2 85.85858585858585
 58 90.90909090909091
 2 95.95959595959596
 3 101.010101010101
 175 106.060606060606
 172 111.1111111111111
 385 116.1616161616162
 205 121.2121212121212
 84 126.2626262626263
 1 131.3131313131313
 1 136.3636363636363
 83 141.4141414141414
 91 146.4646464646464
 456 151.5151515151515
 258 156.5656565656566
 5 161.6161616161616
 3 166.6666666666667
 69 171.7171717171717
 23 176.7676767676768
 1 181.8181818181818
 1 186.8686868686869
 200 191.9191919191919
 273 196.969696969697
 46 202.020202020202
 90 207.070707070707
 187 212.1212121212121
 71 217.1717171717171
 76 222.2222222222222
 209 227.2727272727273
 133 232.3232323232323
 1 237.3737373737374
 25 242.4242424242424
 156 247.4747474747475
 29 252.5252525252525
 122 257.5757575757576
 121 262.6262626262626
 35 267.6767676767677
 267 272.7272727272727
 137 277.7777777777778
 443 282.8282828282828
 199 287.8787878787879
 3 292.9292929292929
 0 297.979797979798
 1 303.030303030303
 215 308.0808080808081
 22 313.1313131313131
 41 318.1818181818182
 29 323.2323232323232
 31 328.2828282828282
 176 333.3333333333333
 78 338.3838383838383
 22 343.4343434343434
 179 348.4848484848484
 93 353.5353535353535
 27 358.5858585858585
 2 363.6363636363636
 62 368.6868686868686
 47 373.7373737373737
 34 378.7878787878788
 2 383.8383838383838
 1 388.8888888888889
 328 393.9393939393939
 51 398.989898989899
 69 404.040404040404
 140 409.0909090909091
 139 414.1414141414141
 520 419.1919191919192
 18 424.2424242424242
 217 429.2929292929293
 197 434.3434343434343
 2 439.3939393939394
 64 444.4444444444444
 75 449.4949494949495
 43 454.5454545454545
 2 459.5959595959596
 3 464.6464646464646
 0 469.6969696969697
 2 474.7474747474747
 1 479.7979797979798
 20 484.8484848484848
 22 489.8989898989898
 64 494.9494949494949
 0 500


