# Created by Octave 3.8.2, Sun Jun 21 01:48:20 2020 CEST <damian@fptrucha.inv.usc.es>
# name: hd
# type: matrix
# rows: 100
# columns: 2
 2 0
 6 5.05050505050505
 0 10.1010101010101
 263 15.15151515151515
 2 20.2020202020202
 0 25.25252525252525
 149 30.3030303030303
 459 35.35353535353535
 606 40.4040404040404
 309 45.45454545454545
 134 50.50505050505051
 58 55.55555555555555
 1 60.6060606060606
 246 65.65656565656565
 212 70.7070707070707
 560 75.75757575757575
 0 80.8080808080808
 1 85.85858585858585
 52 90.90909090909091
 3 95.95959595959596
 3 101.010101010101
 189 106.060606060606
 171 111.1111111111111
 363 116.1616161616162
 184 121.2121212121212
 89 126.2626262626263
 0 131.3131313131313
 1 136.3636363636363
 75 141.4141414141414
 90 146.4646464646464
 458 151.5151515151515
 269 156.5656565656566
 2 161.6161616161616
 1 166.6666666666667
 76 171.7171717171717
 22 176.7676767676768
 0 181.8181818181818
 0 186.8686868686869
 186 191.9191919191919
 274 196.969696969697
 49 202.020202020202
 65 207.070707070707
 182 212.1212121212121
 49 217.1717171717171
 104 222.2222222222222
 227 227.2727272727273
 139 232.3232323232323
 1 237.3737373737374
 16 242.4242424242424
 122 247.4747474747475
 20 252.5252525252525
 111 257.5757575757576
 140 262.6262626262626
 38 267.6767676767677
 236 272.7272727272727
 132 277.7777777777778
 459 282.8282828282828
 197 287.8787878787879
 1 292.9292929292929
 0 297.979797979798
 1 303.030303030303
 211 308.0808080808081
 25 313.1313131313131
 48 318.1818181818182
 23 323.2323232323232
 38 328.2828282828282
 187 333.3333333333333
 54 338.3838383838383
 11 343.4343434343434
 179 348.4848484848484
 89 353.5353535353535
 24 358.5858585858585
 2 363.6363636363636
 38 368.6868686868686
 38 373.7373737373737
 36 378.7878787878788
 2 383.8383838383838
 3 388.8888888888889
 308 393.9393939393939
 55 398.989898989899
 55 404.040404040404
 172 409.0909090909091
 141 414.1414141414141
 546 419.1919191919192
 15 424.2424242424242
 219 429.2929292929293
 168 434.3434343434343
 5 439.3939393939394
 50 444.4444444444444
 88 449.4949494949495
 39 454.5454545454545
 0 459.5959595959596
 2 464.6464646464646
 0 469.6969696969697
 0 474.7474747474747
 0 479.7979797979798
 17 484.8484848484848
 14 489.8989898989898
 71 494.9494949494949
 0 500


