# Created by Octave 3.8.2, Mon Jun 22 03:28:38 2020 CEST <damian@fptrucha.inv.usc.es>
# name: hd
# type: matrix
# rows: 100
# columns: 2
 1 0
 3 5.05050505050505
 0 10.1010101010101
 254 15.15151515151515
 3 20.2020202020202
 0 25.25252525252525
 159 30.3030303030303
 481 35.35353535353535
 509 40.4040404040404
 310 45.45454545454545
 122 50.50505050505051
 58 55.55555555555555
 3 60.6060606060606
 255 65.65656565656565
 217 70.7070707070707
 506 75.75757575757575
 2 80.8080808080808
 1 85.85858585858585
 59 90.90909090909091
 5 95.95959595959596
 1 101.010101010101
 181 106.060606060606
 166 111.1111111111111
 387 116.1616161616162
 207 121.2121212121212
 81 126.2626262626263
 2 131.3131313131313
 1 136.3636363636363
 71 141.4141414141414
 104 146.4646464646464
 375 151.5151515151515
 230 156.5656565656566
 3 161.6161616161616
 1 166.6666666666667
 72 171.7171717171717
 22 176.7676767676768
 3 181.8181818181818
 0 186.8686868686869
 176 191.9191919191919
 224 196.969696969697
 48 202.020202020202
 78 207.070707070707
 152 212.1212121212121
 55 217.1717171717171
 113 222.2222222222222
 214 227.2727272727273
 106 232.3232323232323
 2 237.3737373737374
 24 242.4242424242424
 134 247.4747474747475
 23 252.5252525252525
 121 257.5757575757576
 130 262.6262626262626
 38 267.6767676767677
 250 272.7272727272727
 121 277.7777777777778
 418 282.8282828282828
 176 287.8787878787879
 2 292.9292929292929
 3 297.979797979798
 0 303.030303030303
 196 308.0808080808081
 22 313.1313131313131
 33 318.1818181818182
 27 323.2323232323232
 42 328.2828282828282
 174 333.3333333333333
 61 338.3838383838383
 17 343.4343434343434
 189 348.4848484848484
 95 353.5353535353535
 22 358.5858585858585
 1 363.6363636363636
 40 368.6868686868686
 38 373.7373737373737
 33 378.7878787878788
 1 383.8383838383838
 1 388.8888888888889
 326 393.9393939393939
 45 398.989898989899
 50 404.040404040404
 192 409.0909090909091
 150 414.1414141414141
 504 419.1919191919192
 22 424.2424242424242
 214 429.2929292929293
 169 434.3434343434343
 4 439.3939393939394
 53 444.4444444444444
 68 449.4949494949495
 54 454.5454545454545
 1 459.5959595959596
 0 464.6464646464646
 1 469.6969696969697
 3 474.7474747474747
 1 479.7979797979798
 21 484.8484848484848
 17 489.8989898989898
 56 494.9494949494949
 0 500


