# Created by Octave 3.8.2, Mon Jun 22 08:52:50 2020 CEST <damian@fptrucha.inv.usc.es>
# name: hd
# type: matrix
# rows: 100
# columns: 2
 1 0
 4 5.05050505050505
 2 10.1010101010101
 306 15.15151515151515
 7 20.2020202020202
 1 25.25252525252525
 161 30.3030303030303
 530 35.35353535353535
 560 40.4040404040404
 296 45.45454545454545
 122 50.50505050505051
 45 55.55555555555555
 3 60.6060606060606
 252 65.65656565656565
 188 70.7070707070707
 570 75.75757575757575
 1 80.8080808080808
 2 85.85858585858585
 53 90.90909090909091
 3 95.95959595959596
 2 101.010101010101
 167 106.060606060606
 183 111.1111111111111
 380 116.1616161616162
 189 121.2121212121212
 77 126.2626262626263
 0 131.3131313131313
 1 136.3636363636363
 64 141.4141414141414
 86 146.4646464646464
 397 151.5151515151515
 232 156.5656565656566
 1 161.6161616161616
 1 166.6666666666667
 78 171.7171717171717
 28 176.7676767676768
 0 181.8181818181818
 2 186.8686868686869
 186 191.9191919191919
 262 196.969696969697
 42 202.020202020202
 100 207.070707070707
 191 212.1212121212121
 57 217.1717171717171
 110 222.2222222222222
 243 227.2727272727273
 138 232.3232323232323
 2 237.3737373737374
 17 242.4242424242424
 117 247.4747474747475
 27 252.5252525252525
 126 257.5757575757576
 125 262.6262626262626
 45 267.6767676767677
 252 272.7272727272727
 144 277.7777777777778
 435 282.8282828282828
 199 287.8787878787879
 1 292.9292929292929
 0 297.979797979798
 0 303.030303030303
 171 308.0808080808081
 30 313.1313131313131
 36 318.1818181818182
 31 323.2323232323232
 43 328.2828282828282
 191 333.3333333333333
 75 338.3838383838383
 22 343.4343434343434
 189 348.4848484848484
 114 353.5353535353535
 27 358.5858585858585
 1 363.6363636363636
 39 368.6868686868686
 31 373.7373737373737
 54 378.7878787878788
 2 383.8383838383838
 1 388.8888888888889
 307 393.9393939393939
 59 398.989898989899
 63 404.040404040404
 148 409.0909090909091
 147 414.1414141414141
 559 419.1919191919192
 26 424.2424242424242
 225 429.2929292929293
 167 434.3434343434343
 4 439.3939393939394
 55 444.4444444444444
 81 449.4949494949495
 68 454.5454545454545
 0 459.5959595959596
 2 464.6464646464646
 1 469.6969696969697
 2 474.7474747474747
 1 479.7979797979798
 17 484.8484848484848
 20 489.8989898989898
 65 494.9494949494949
 0 500


