# Created by Octave 3.8.2, Mon Jun 22 01:42:27 2020 CEST <damian@fptrucha.inv.usc.es>
# name: hd
# type: matrix
# rows: 100
# columns: 2
 1 0
 2 5.05050505050505
 0 10.1010101010101
 264 15.15151515151515
 3 20.2020202020202
 0 25.25252525252525
 161 30.3030303030303
 519 35.35353535353535
 613 40.4040404040404
 302 45.45454545454545
 148 50.50505050505051
 65 55.55555555555555
 1 60.6060606060606
 275 65.65656565656565
 248 70.7070707070707
 553 75.75757575757575
 2 80.8080808080808
 1 85.85858585858585
 71 90.90909090909091
 6 95.95959595959596
 2 101.010101010101
 192 106.060606060606
 184 111.1111111111111
 396 116.1616161616162
 208 121.2121212121212
 91 126.2626262626263
 0 131.3131313131313
 2 136.3636363636363
 84 141.4141414141414
 92 146.4646464646464
 448 151.5151515151515
 262 156.5656565656566
 1 161.6161616161616
 0 166.6666666666667
 67 171.7171717171717
 34 176.7676767676768
 1 181.8181818181818
 2 186.8686868686869
 196 191.9191919191919
 262 196.969696969697
 46 202.020202020202
 91 207.070707070707
 208 212.1212121212121
 75 217.1717171717171
 101 222.2222222222222
 229 227.2727272727273
 138 232.3232323232323
 3 237.3737373737374
 24 242.4242424242424
 130 247.4747474747475
 21 252.5252525252525
 101 257.5757575757576
 158 262.6262626262626
 38 267.6767676767677
 279 272.7272727272727
 135 277.7777777777778
 458 282.8282828282828
 198 287.8787878787879
 1 292.9292929292929
 1 297.979797979798
 0 303.030303030303
 211 308.0808080808081
 27 313.1313131313131
 40 318.1818181818182
 39 323.2323232323232
 48 328.2828282828282
 171 333.3333333333333
 73 338.3838383838383
 30 343.4343434343434
 200 348.4848484848484
 86 353.5353535353535
 23 358.5858585858585
 4 363.6363636363636
 37 368.6868686868686
 36 373.7373737373737
 28 378.7878787878788
 0 383.8383838383838
 0 388.8888888888889
 294 393.9393939393939
 61 398.989898989899
 70 404.040404040404
 189 409.0909090909091
 128 414.1414141414141
 544 419.1919191919192
 16 424.2424242424242
 235 429.2929292929293
 184 434.3434343434343
 4 439.3939393939394
 78 444.4444444444444
 96 449.4949494949495
 64 454.5454545454545
 0 459.5959595959596
 1 464.6464646464646
 0 469.6969696969697
 0 474.7474747474747
 1 479.7979797979798
 19 484.8484848484848
 25 489.8989898989898
 56 494.9494949494949
 0 500


