# Created by Octave 3.8.2, Sun Jun 21 01:43:14 2020 CEST <damian@fptrucha.inv.usc.es>
# name: hd
# type: matrix
# rows: 100
# columns: 2
 2 0
 2 5.05050505050505
 1 10.1010101010101
 252 15.15151515151515
 1 20.2020202020202
 0 25.25252525252525
 135 30.3030303030303
 464 35.35353535353535
 606 40.4040404040404
 312 45.45454545454545
 118 50.50505050505051
 56 55.55555555555555
 2 60.6060606060606
 254 65.65656565656565
 197 70.7070707070707
 528 75.75757575757575
 1 80.8080808080808
 1 85.85858585858585
 55 90.90909090909091
 2 95.95959595959596
 2 101.010101010101
 190 106.060606060606
 164 111.1111111111111
 379 116.1616161616162
 176 121.2121212121212
 92 126.2626262626263
 0 131.3131313131313
 1 136.3636363636363
 74 141.4141414141414
 89 146.4646464646464
 430 151.5151515151515
 268 156.5656565656566
 1 161.6161616161616
 1 166.6666666666667
 64 171.7171717171717
 26 176.7676767676768
 1 181.8181818181818
 1 186.8686868686869
 163 191.9191919191919
 261 196.969696969697
 53 202.020202020202
 90 207.070707070707
 194 212.1212121212121
 77 217.1717171717171
 101 222.2222222222222
 213 227.2727272727273
 131 232.3232323232323
 1 237.3737373737374
 27 242.4242424242424
 118 247.4747474747475
 22 252.5252525252525
 108 257.5757575757576
 124 262.6262626262626
 23 267.6767676767677
 266 272.7272727272727
 146 277.7777777777778
 437 282.8282828282828
 211 287.8787878787879
 1 292.9292929292929
 0 297.979797979798
 0 303.030303030303
 190 308.0808080808081
 20 313.1313131313131
 39 318.1818181818182
 19 323.2323232323232
 40 328.2828282828282
 187 333.3333333333333
 64 338.3838383838383
 20 343.4343434343434
 169 348.4848484848484
 91 353.5353535353535
 26 358.5858585858585
 2 363.6363636363636
 44 368.6868686868686
 40 373.7373737373737
 33 378.7878787878788
 0 383.8383838383838
 2 388.8888888888889
 332 393.9393939393939
 52 398.989898989899
 63 404.040404040404
 164 409.0909090909091
 150 414.1414141414141
 535 419.1919191919192
 24 424.2424242424242
 209 429.2929292929293
 173 434.3434343434343
 5 439.3939393939394
 55 444.4444444444444
 70 449.4949494949495
 56 454.5454545454545
 1 459.5959595959596
 1 464.6464646464646
 0 469.6969696969697
 2 474.7474747474747
 2 479.7979797979798
 22 484.8484848484848
 21 489.8989898989898
 74 494.9494949494949
 0 500


