# Created by Octave 3.8.2, Mon Jun 22 18:20:40 2020 CEST <damian@fptrucha.inv.usc.es>
# name: hd
# type: matrix
# rows: 100
# columns: 2
 1 0
 3 5.05050505050505
 2 10.1010101010101
 293 15.15151515151515
 3 20.2020202020202
 1 25.25252525252525
 153 30.3030303030303
 538 35.35353535353535
 624 40.4040404040404
 289 45.45454545454545
 130 50.50505050505051
 56 55.55555555555555
 2 60.6060606060606
 278 65.65656565656565
 239 70.7070707070707
 542 75.75757575757575
 2 80.8080808080808
 0 85.85858585858585
 65 90.90909090909091
 5 95.95959595959596
 2 101.010101010101
 168 106.060606060606
 172 111.1111111111111
 424 116.1616161616162
 204 121.2121212121212
 103 126.2626262626263
 0 131.3131313131313
 0 136.3636363636363
 68 141.4141414141414
 96 146.4646464646464
 470 151.5151515151515
 277 156.5656565656566
 1 161.6161616161616
 1 166.6666666666667
 89 171.7171717171717
 30 176.7676767676768
 0 181.8181818181818
 2 186.8686868686869
 200 191.9191919191919
 276 196.969696969697
 55 202.020202020202
 114 207.070707070707
 188 212.1212121212121
 66 217.1717171717171
 108 222.2222222222222
 259 227.2727272727273
 126 232.3232323232323
 3 237.3737373737374
 23 242.4242424242424
 141 247.4747474747475
 28 252.5252525252525
 120 257.5757575757576
 113 262.6262626262626
 46 267.6767676767677
 260 272.7272727272727
 150 277.7777777777778
 484 282.8282828282828
 211 287.8787878787879
 0 292.9292929292929
 0 297.979797979798
 1 303.030303030303
 203 308.0808080808081
 19 313.1313131313131
 44 318.1818181818182
 24 323.2323232323232
 44 328.2828282828282
 194 333.3333333333333
 75 338.3838383838383
 21 343.4343434343434
 201 348.4848484848484
 105 353.5353535353535
 32 358.5858585858585
 2 363.6363636363636
 42 368.6868686868686
 48 373.7373737373737
 28 378.7878787878788
 1 383.8383838383838
 0 388.8888888888889
 316 393.9393939393939
 58 398.989898989899
 66 404.040404040404
 176 409.0909090909091
 142 414.1414141414141
 543 419.1919191919192
 20 424.2424242424242
 236 429.2929292929293
 194 434.3434343434343
 7 439.3939393939394
 51 444.4444444444444
 96 449.4949494949495
 48 454.5454545454545
 3 459.5959595959596
 1 464.6464646464646
 1 469.6969696969697
 1 474.7474747474747
 3 479.7979797979798
 14 484.8484848484848
 17 489.8989898989898
 83 494.9494949494949
 0 500


