# Created by Octave 3.8.2, Mon Jun 22 20:01:59 2020 CEST <damian@fptrucha.inv.usc.es>
# name: hd
# type: matrix
# rows: 100
# columns: 2
 3 0
 9 5.05050505050505
 1 10.1010101010101
 309 15.15151515151515
 4 20.2020202020202
 0 25.25252525252525
 159 30.3030303030303
 531 35.35353535353535
 602 40.4040404040404
 328 45.45454545454545
 135 50.50505050505051
 67 55.55555555555555
 1 60.6060606060606
 264 65.65656565656565
 226 70.7070707070707
 549 75.75757575757575
 2 80.8080808080808
 2 85.85858585858585
 73 90.90909090909091
 4 95.95959595959596
 6 101.010101010101
 229 106.060606060606
 157 111.1111111111111
 444 116.1616161616162
 209 121.2121212121212
 68 126.2626262626263
 2 131.3131313131313
 1 136.3636363636363
 60 141.4141414141414
 85 146.4646464646464
 499 151.5151515151515
 270 156.5656565656566
 2 161.6161616161616
 3 166.6666666666667
 92 171.7171717171717
 40 176.7676767676768
 0 181.8181818181818
 0 186.8686868686869
 192 191.9191919191919
 262 196.969696969697
 54 202.020202020202
 106 207.070707070707
 173 212.1212121212121
 71 217.1717171717171
 99 222.2222222222222
 266 227.2727272727273
 152 232.3232323232323
 1 237.3737373737374
 23 242.4242424242424
 131 247.4747474747475
 24 252.5252525252525
 129 257.5757575757576
 134 262.6262626262626
 50 267.6767676767677
 289 272.7272727272727
 158 277.7777777777778
 437 282.8282828282828
 213 287.8787878787879
 2 292.9292929292929
 2 297.979797979798
 0 303.030303030303
 198 308.0808080808081
 22 313.1313131313131
 39 318.1818181818182
 47 323.2323232323232
 30 328.2828282828282
 168 333.3333333333333
 72 338.3838383838383
 20 343.4343434343434
 191 348.4848484848484
 99 353.5353535353535
 29 358.5858585858585
 4 363.6363636363636
 57 368.6868686868686
 47 373.7373737373737
 36 378.7878787878788
 2 383.8383838383838
 0 388.8888888888889
 332 393.9393939393939
 64 398.989898989899
 69 404.040404040404
 177 409.0909090909091
 158 414.1414141414141
 591 419.1919191919192
 20 424.2424242424242
 245 429.2929292929293
 181 434.3434343434343
 5 439.3939393939394
 66 444.4444444444444
 71 449.4949494949495
 64 454.5454545454545
 2 459.5959595959596
 3 464.6464646464646
 0 469.6969696969697
 0 474.7474747474747
 2 479.7979797979798
 19 484.8484848484848
 25 489.8989898989898
 80 494.9494949494949
 0 500


