# Created by Octave 3.8.2, Mon Jun 22 13:34:20 2020 CEST <damian@fptrucha.inv.usc.es>
# name: hd
# type: matrix
# rows: 100
# columns: 2
 1 0
 4 5.05050505050505
 1 10.1010101010101
 306 15.15151515151515
 4 20.2020202020202
 0 25.25252525252525
 166 30.3030303030303
 543 35.35353535353535
 579 40.4040404040404
 295 45.45454545454545
 120 50.50505050505051
 76 55.55555555555555
 6 60.6060606060606
 295 65.65656565656565
 223 70.7070707070707
 600 75.75757575757575
 3 80.8080808080808
 2 85.85858585858585
 64 90.90909090909091
 3 95.95959595959596
 3 101.010101010101
 186 106.060606060606
 162 111.1111111111111
 400 116.1616161616162
 178 121.2121212121212
 95 126.2626262626263
 1 131.3131313131313
 2 136.3636363636363
 64 141.4141414141414
 101 146.4646464646464
 443 151.5151515151515
 244 156.5656565656566
 0 161.6161616161616
 0 166.6666666666667
 70 171.7171717171717
 39 176.7676767676768
 0 181.8181818181818
 1 186.8686868686869
 173 191.9191919191919
 245 196.969696969697
 52 202.020202020202
 94 207.070707070707
 179 212.1212121212121
 50 217.1717171717171
 92 222.2222222222222
 250 227.2727272727273
 136 232.3232323232323
 1 237.3737373737374
 30 242.4242424242424
 129 247.4747474747475
 24 252.5252525252525
 120 257.5757575757576
 135 262.6262626262626
 36 267.6767676767677
 281 272.7272727272727
 135 277.7777777777778
 437 282.8282828282828
 215 287.8787878787879
 1 292.9292929292929
 3 297.979797979798
 1 303.030303030303
 214 308.0808080808081
 29 313.1313131313131
 52 318.1818181818182
 37 323.2323232323232
 41 328.2828282828282
 193 333.3333333333333
 64 338.3838383838383
 24 343.4343434343434
 195 348.4848484848484
 101 353.5353535353535
 35 358.5858585858585
 3 363.6363636363636
 42 368.6868686868686
 39 373.7373737373737
 28 378.7878787878788
 2 383.8383838383838
 1 388.8888888888889
 312 393.9393939393939
 55 398.989898989899
 59 404.040404040404
 164 409.0909090909091
 160 414.1414141414141
 527 419.1919191919192
 26 424.2424242424242
 232 429.2929292929293
 177 434.3434343434343
 4 439.3939393939394
 55 444.4444444444444
 89 449.4949494949495
 63 454.5454545454545
 0 459.5959595959596
 1 464.6464646464646
 6 469.6969696969697
 1 474.7474747474747
 2 479.7979797979798
 18 484.8484848484848
 23 489.8989898989898
 72 494.9494949494949
 0 500


