# Created by Octave 3.8.2, Sun Jun 21 05:06:11 2020 CEST <damian@fptrucha.inv.usc.es>
# name: hd
# type: matrix
# rows: 100
# columns: 2
 4 0
 2 5.05050505050505
 2 10.1010101010101
 277 15.15151515151515
 2 20.2020202020202
 1 25.25252525252525
 150 30.3030303030303
 502 35.35353535353535
 581 40.4040404040404
 316 45.45454545454545
 111 50.50505050505051
 64 55.55555555555555
 1 60.6060606060606
 276 65.65656565656565
 202 70.7070707070707
 561 75.75757575757575
 1 80.8080808080808
 1 85.85858585858585
 59 90.90909090909091
 2 95.95959595959596
 2 101.010101010101
 178 106.060606060606
 168 111.1111111111111
 420 116.1616161616162
 161 121.2121212121212
 101 126.2626262626263
 2 131.3131313131313
 2 136.3636363636363
 72 141.4141414141414
 95 146.4646464646464
 455 151.5151515151515
 282 156.5656565656566
 3 161.6161616161616
 0 166.6666666666667
 89 171.7171717171717
 26 176.7676767676768
 1 181.8181818181818
 0 186.8686868686869
 161 191.9191919191919
 211 196.969696969697
 43 202.020202020202
 103 207.070707070707
 186 212.1212121212121
 53 217.1717171717171
 98 222.2222222222222
 213 227.2727272727273
 130 232.3232323232323
 1 237.3737373737374
 27 242.4242424242424
 133 247.4747474747475
 15 252.5252525252525
 97 257.5757575757576
 147 262.6262626262626
 39 267.6767676767677
 254 272.7272727272727
 138 277.7777777777778
 405 282.8282828282828
 189 287.8787878787879
 1 292.9292929292929
 1 297.979797979798
 0 303.030303030303
 190 308.0808080808081
 22 313.1313131313131
 43 318.1818181818182
 37 323.2323232323232
 41 328.2828282828282
 179 333.3333333333333
 55 338.3838383838383
 21 343.4343434343434
 201 348.4848484848484
 98 353.5353535353535
 24 358.5858585858585
 0 363.6363636363636
 40 368.6868686868686
 37 373.7373737373737
 33 378.7878787878788
 0 383.8383838383838
 1 388.8888888888889
 306 393.9393939393939
 40 398.989898989899
 62 404.040404040404
 175 409.0909090909091
 138 414.1414141414141
 540 419.1919191919192
 20 424.2424242424242
 241 429.2929292929293
 180 434.3434343434343
 3 439.3939393939394
 59 444.4444444444444
 74 449.4949494949495
 57 454.5454545454545
 2 459.5959595959596
 1 464.6464646464646
 0 469.6969696969697
 2 474.7474747474747
 1 479.7979797979798
 21 484.8484848484848
 27 489.8989898989898
 74 494.9494949494949
 0 500


