# Created by Octave 3.8.2, Mon Jun 22 08:13:15 2020 CEST <damian@fptrucha.inv.usc.es>
# name: hd
# type: matrix
# rows: 100
# columns: 2
 5 0
 2 5.05050505050505
 5 10.1010101010101
 294 15.15151515151515
 3 20.2020202020202
 3 25.25252525252525
 169 30.3030303030303
 489 35.35353535353535
 571 40.4040404040404
 306 45.45454545454545
 129 50.50505050505051
 64 55.55555555555555
 3 60.6060606060606
 274 65.65656565656565
 211 70.7070707070707
 574 75.75757575757575
 4 80.8080808080808
 5 85.85858585858585
 51 90.90909090909091
 6 95.95959595959596
 3 101.010101010101
 206 106.060606060606
 157 111.1111111111111
 344 116.1616161616162
 188 121.2121212121212
 78 126.2626262626263
 0 131.3131313131313
 3 136.3636363636363
 50 141.4141414141414
 101 146.4646464646464
 425 151.5151515151515
 246 156.5656565656566
 1 161.6161616161616
 0 166.6666666666667
 88 171.7171717171717
 29 176.7676767676768
 4 181.8181818181818
 0 186.8686868686869
 171 191.9191919191919
 247 196.969696969697
 55 202.020202020202
 75 207.070707070707
 191 212.1212121212121
 55 217.1717171717171
 89 222.2222222222222
 234 227.2727272727273
 158 232.3232323232323
 3 237.3737373737374
 26 242.4242424242424
 139 247.4747474747475
 21 252.5252525252525
 97 257.5757575757576
 141 262.6262626262626
 33 267.6767676767677
 265 272.7272727272727
 149 277.7777777777778
 457 282.8282828282828
 217 287.8787878787879
 1 292.9292929292929
 1 297.979797979798
 0 303.030303030303
 191 308.0808080808081
 21 313.1313131313131
 33 318.1818181818182
 27 323.2323232323232
 39 328.2828282828282
 192 333.3333333333333
 70 338.3838383838383
 16 343.4343434343434
 172 348.4848484848484
 107 353.5353535353535
 29 358.5858585858585
 4 363.6363636363636
 51 368.6868686868686
 41 373.7373737373737
 37 378.7878787878788
 5 383.8383838383838
 1 388.8888888888889
 317 393.9393939393939
 59 398.989898989899
 43 404.040404040404
 159 409.0909090909091
 131 414.1414141414141
 534 419.1919191919192
 24 424.2424242424242
 202 429.2929292929293
 178 434.3434343434343
 7 439.3939393939394
 55 444.4444444444444
 65 449.4949494949495
 52 454.5454545454545
 3 459.5959595959596
 0 464.6464646464646
 1 469.6969696969697
 1 474.7474747474747
 0 479.7979797979798
 21 484.8484848484848
 28 489.8989898989898
 66 494.9494949494949
 0 500


