# Created by Octave 3.8.2, Mon Jun 22 03:49:17 2020 CEST <damian@fptrucha.inv.usc.es>
# name: hd
# type: matrix
# rows: 100
# columns: 2
 4 0
 5 5.05050505050505
 2 10.1010101010101
 266 15.15151515151515
 2 20.2020202020202
 0 25.25252525252525
 138 30.3030303030303
 475 35.35353535353535
 548 40.4040404040404
 309 45.45454545454545
 120 50.50505050505051
 76 55.55555555555555
 1 60.6060606060606
 241 65.65656565656565
 199 70.7070707070707
 496 75.75757575757575
 2 80.8080808080808
 1 85.85858585858585
 60 90.90909090909091
 3 95.95959595959596
 6 101.010101010101
 172 106.060606060606
 148 111.1111111111111
 370 116.1616161616162
 191 121.2121212121212
 79 126.2626262626263
 2 131.3131313131313
 2 136.3636363636363
 55 141.4141414141414
 91 146.4646464646464
 375 151.5151515151515
 228 156.5656565656566
 2 161.6161616161616
 3 166.6666666666667
 75 171.7171717171717
 27 176.7676767676768
 1 181.8181818181818
 2 186.8686868686869
 169 191.9191919191919
 204 196.969696969697
 56 202.020202020202
 94 207.070707070707
 172 212.1212121212121
 70 217.1717171717171
 96 222.2222222222222
 223 227.2727272727273
 127 232.3232323232323
 0 237.3737373737374
 18 242.4242424242424
 129 247.4747474747475
 28 252.5252525252525
 111 257.5757575757576
 109 262.6262626262626
 42 267.6767676767677
 250 272.7272727272727
 129 277.7777777777778
 436 282.8282828282828
 209 287.8787878787879
 3 292.9292929292929
 0 297.979797979798
 1 303.030303030303
 181 308.0808080808081
 28 313.1313131313131
 40 318.1818181818182
 21 323.2323232323232
 39 328.2828282828282
 185 333.3333333333333
 58 338.3838383838383
 15 343.4343434343434
 175 348.4848484848484
 111 353.5353535353535
 35 358.5858585858585
 1 363.6363636363636
 37 368.6868686868686
 33 373.7373737373737
 41 378.7878787878788
 1 383.8383838383838
 0 388.8888888888889
 257 393.9393939393939
 53 398.989898989899
 49 404.040404040404
 151 409.0909090909091
 159 414.1414141414141
 497 419.1919191919192
 14 424.2424242424242
 222 429.2929292929293
 177 434.3434343434343
 3 439.3939393939394
 49 444.4444444444444
 87 449.4949494949495
 51 454.5454545454545
 1 459.5959595959596
 1 464.6464646464646
 1 469.6969696969697
 2 474.7474747474747
 1 479.7979797979798
 20 484.8484848484848
 21 489.8989898989898
 59 494.9494949494949
 0 500


