# Created by Octave 3.8.2, Mon Jun 22 22:30:44 2020 CEST <damian@fptrucha.inv.usc.es>
# name: hd
# type: matrix
# rows: 100
# columns: 2
 1 0
 6 5.05050505050505
 3 10.1010101010101
 315 15.15151515151515
 1 20.2020202020202
 2 25.25252525252525
 155 30.3030303030303
 526 35.35353535353535
 615 40.4040404040404
 324 45.45454545454545
 153 50.50505050505051
 65 55.55555555555555
 2 60.6060606060606
 269 65.65656565656565
 250 70.7070707070707
 606 75.75757575757575
 1 80.8080808080808
 1 85.85858585858585
 58 90.90909090909091
 4 95.95959595959596
 1 101.010101010101
 185 106.060606060606
 191 111.1111111111111
 413 116.1616161616162
 210 121.2121212121212
 101 126.2626262626263
 0 131.3131313131313
 0 136.3636363636363
 75 141.4141414141414
 88 146.4646464646464
 471 151.5151515151515
 291 156.5656565656566
 0 161.6161616161616
 1 166.6666666666667
 67 171.7171717171717
 31 176.7676767676768
 2 181.8181818181818
 0 186.8686868686869
 202 191.9191919191919
 265 196.969696969697
 49 202.020202020202
 78 207.070707070707
 184 212.1212121212121
 71 217.1717171717171
 99 222.2222222222222
 252 227.2727272727273
 145 232.3232323232323
 1 237.3737373737374
 21 242.4242424242424
 152 247.4747474747475
 21 252.5252525252525
 154 257.5757575757576
 132 262.6262626262626
 40 267.6767676767677
 259 272.7272727272727
 155 277.7777777777778
 475 282.8282828282828
 210 287.8787878787879
 1 292.9292929292929
 0 297.979797979798
 0 303.030303030303
 260 308.0808080808081
 30 313.1313131313131
 55 318.1818181818182
 36 323.2323232323232
 33 328.2828282828282
 187 333.3333333333333
 72 338.3838383838383
 17 343.4343434343434
 174 348.4848484848484
 118 353.5353535353535
 29 358.5858585858585
 1 363.6363636363636
 44 368.6868686868686
 45 373.7373737373737
 37 378.7878787878788
 1 383.8383838383838
 0 388.8888888888889
 332 393.9393939393939
 55 398.989898989899
 58 404.040404040404
 197 409.0909090909091
 158 414.1414141414141
 573 419.1919191919192
 26 424.2424242424242
 234 429.2929292929293
 185 434.3434343434343
 3 439.3939393939394
 49 444.4444444444444
 84 449.4949494949495
 61 454.5454545454545
 0 459.5959595959596
 0 464.6464646464646
 0 469.6969696969697
 0 474.7474747474747
 2 479.7979797979798
 23 484.8484848484848
 20 489.8989898989898
 74 494.9494949494949
 0 500


