# Created by Octave 3.8.2, Mon Jun 22 03:04:56 2020 CEST <damian@fptrucha.inv.usc.es>
# name: hd
# type: matrix
# rows: 100
# columns: 2
 3 0
 3 5.05050505050505
 1 10.1010101010101
 251 15.15151515151515
 10 20.2020202020202
 1 25.25252525252525
 153 30.3030303030303
 501 35.35353535353535
 503 40.4040404040404
 306 45.45454545454545
 128 50.50505050505051
 60 55.55555555555555
 2 60.6060606060606
 281 65.65656565656565
 180 70.7070707070707
 478 75.75757575757575
 4 80.8080808080808
 2 85.85858585858585
 52 90.90909090909091
 4 95.95959595959596
 1 101.010101010101
 178 106.060606060606
 158 111.1111111111111
 355 116.1616161616162
 183 121.2121212121212
 85 126.2626262626263
 0 131.3131313131313
 2 136.3636363636363
 70 141.4141414141414
 87 146.4646464646464
 409 151.5151515151515
 244 156.5656565656566
 2 161.6161616161616
 3 166.6666666666667
 63 171.7171717171717
 23 176.7676767676768
 2 181.8181818181818
 0 186.8686868686869
 184 191.9191919191919
 249 196.969696969697
 49 202.020202020202
 86 207.070707070707
 152 212.1212121212121
 50 217.1717171717171
 115 222.2222222222222
 213 227.2727272727273
 132 232.3232323232323
 4 237.3737373737374
 34 242.4242424242424
 128 247.4747474747475
 25 252.5252525252525
 103 257.5757575757576
 128 262.6262626262626
 43 267.6767676767677
 228 272.7272727272727
 131 277.7777777777778
 424 282.8282828282828
 175 287.8787878787879
 1 292.9292929292929
 0 297.979797979798
 1 303.030303030303
 178 308.0808080808081
 33 313.1313131313131
 36 318.1818181818182
 22 323.2323232323232
 32 328.2828282828282
 184 333.3333333333333
 75 338.3838383838383
 16 343.4343434343434
 177 348.4848484848484
 99 353.5353535353535
 28 358.5858585858585
 4 363.6363636363636
 42 368.6868686868686
 37 373.7373737373737
 36 378.7878787878788
 1 383.8383838383838
 0 388.8888888888889
 261 393.9393939393939
 62 398.989898989899
 57 404.040404040404
 168 409.0909090909091
 144 414.1414141414141
 508 419.1919191919192
 26 424.2424242424242
 239 429.2929292929293
 154 434.3434343434343
 7 439.3939393939394
 54 444.4444444444444
 67 449.4949494949495
 55 454.5454545454545
 3 459.5959595959596
 2 464.6464646464646
 5 469.6969696969697
 1 474.7474747474747
 1 479.7979797979798
 24 484.8484848484848
 20 489.8989898989898
 64 494.9494949494949
 0 500


