# Created by Octave 3.8.2, Sat Jun 20 13:00:42 2020 CEST <damian@fptrucha.inv.usc.es>
# name: hd
# type: matrix
# rows: 100
# columns: 2
 0 0
 8 5.05050505050505
 1 10.1010101010101
 321 15.15151515151515
 0 20.2020202020202
 1 25.25252525252525
 169 30.3030303030303
 550 35.35353535353535
 612 40.4040404040404
 311 45.45454545454545
 136 50.50505050505051
 61 55.55555555555555
 1 60.6060606060606
 302 65.65656565656565
 206 70.7070707070707
 616 75.75757575757575
 1 80.8080808080808
 0 85.85858585858585
 67 90.90909090909091
 4 95.95959595959596
 2 101.010101010101
 176 106.060606060606
 186 111.1111111111111
 348 116.1616161616162
 225 121.2121212121212
 85 126.2626262626263
 0 131.3131313131313
 2 136.3636363636363
 73 141.4141414141414
 82 146.4646464646464
 435 151.5151515151515
 309 156.5656565656566
 6 161.6161616161616
 1 166.6666666666667
 72 171.7171717171717
 32 176.7676767676768
 0 181.8181818181818
 0 186.8686868686869
 205 191.9191919191919
 287 196.969696969697
 52 202.020202020202
 97 207.070707070707
 186 212.1212121212121
 66 217.1717171717171
 125 222.2222222222222
 223 227.2727272727273
 160 232.3232323232323
 1 237.3737373737374
 22 242.4242424242424
 147 247.4747474747475
 22 252.5252525252525
 146 257.5757575757576
 166 262.6262626262626
 44 267.6767676767677
 315 272.7272727272727
 161 277.7777777777778
 485 282.8282828282828
 237 287.8787878787879
 0 292.9292929292929
 1 297.979797979798
 0 303.030303030303
 203 308.0808080808081
 31 313.1313131313131
 39 318.1818181818182
 28 323.2323232323232
 39 328.2828282828282
 175 333.3333333333333
 67 338.3838383838383
 21 343.4343434343434
 191 348.4848484848484
 106 353.5353535353535
 31 358.5858585858585
 1 363.6363636363636
 43 368.6868686868686
 48 373.7373737373737
 33 378.7878787878788
 1 383.8383838383838
 0 388.8888888888889
 315 393.9393939393939
 60 398.989898989899
 73 404.040404040404
 162 409.0909090909091
 154 414.1414141414141
 591 419.1919191919192
 24 424.2424242424242
 245 429.2929292929293
 198 434.3434343434343
 4 439.3939393939394
 63 444.4444444444444
 97 449.4949494949495
 51 454.5454545454545
 0 459.5959595959596
 1 464.6464646464646
 2 469.6969696969697
 0 474.7474747474747
 0 479.7979797979798
 18 484.8484848484848
 29 489.8989898989898
 84 494.9494949494949
 0 500


