# Created by Octave 3.8.2, Mon Jun 22 03:39:45 2020 CEST <damian@fptrucha.inv.usc.es>
# name: hd
# type: matrix
# rows: 100
# columns: 2
 4 0
 5 5.05050505050505
 4 10.1010101010101
 267 15.15151515151515
 3 20.2020202020202
 1 25.25252525252525
 157 30.3030303030303
 498 35.35353535353535
 543 40.4040404040404
 295 45.45454545454545
 136 50.50505050505051
 75 55.55555555555555
 2 60.6060606060606
 254 65.65656565656565
 192 70.7070707070707
 497 75.75757575757575
 1 80.8080808080808
 3 85.85858585858585
 64 90.90909090909091
 4 95.95959595959596
 2 101.010101010101
 181 106.060606060606
 181 111.1111111111111
 360 116.1616161616162
 191 121.2121212121212
 72 126.2626262626263
 2 131.3131313131313
 3 136.3636363636363
 63 141.4141414141414
 94 146.4646464646464
 413 151.5151515151515
 221 156.5656565656566
 5 161.6161616161616
 0 166.6666666666667
 56 171.7171717171717
 36 176.7676767676768
 0 181.8181818181818
 0 186.8686868686869
 180 191.9191919191919
 234 196.969696969697
 44 202.020202020202
 85 207.070707070707
 159 212.1212121212121
 60 217.1717171717171
 77 222.2222222222222
 183 227.2727272727273
 132 232.3232323232323
 5 237.3737373737374
 28 242.4242424242424
 122 247.4747474747475
 25 252.5252525252525
 105 257.5757575757576
 129 262.6262626262626
 41 267.6767676767677
 270 272.7272727272727
 124 277.7777777777778
 405 282.8282828282828
 184 287.8787878787879
 0 292.9292929292929
 1 297.979797979798
 1 303.030303030303
 201 308.0808080808081
 24 313.1313131313131
 38 318.1818181818182
 30 323.2323232323232
 47 328.2828282828282
 167 333.3333333333333
 70 338.3838383838383
 20 343.4343434343434
 166 348.4848484848484
 91 353.5353535353535
 23 358.5858585858585
 6 363.6363636363636
 44 368.6868686868686
 34 373.7373737373737
 46 378.7878787878788
 2 383.8383838383838
 1 388.8888888888889
 283 393.9393939393939
 58 398.989898989899
 60 404.040404040404
 181 409.0909090909091
 148 414.1414141414141
 506 419.1919191919192
 24 424.2424242424242
 225 429.2929292929293
 164 434.3434343434343
 4 439.3939393939394
 69 444.4444444444444
 68 449.4949494949495
 64 454.5454545454545
 0 459.5959595959596
 1 464.6464646464646
 2 469.6969696969697
 2 474.7474747474747
 3 479.7979797979798
 20 484.8484848484848
 19 489.8989898989898
 60 494.9494949494949
 0 500


