# Created by Octave 3.8.2, Sun Jun 21 04:54:11 2020 CEST <damian@fptrucha.inv.usc.es>
# name: hd
# type: matrix
# rows: 100
# columns: 2
 0 0
 3 5.05050505050505
 0 10.1010101010101
 309 15.15151515151515
 3 20.2020202020202
 0 25.25252525252525
 146 30.3030303030303
 503 35.35353535353535
 603 40.4040404040404
 273 45.45454545454545
 126 50.50505050505051
 69 55.55555555555555
 1 60.6060606060606
 256 65.65656565656565
 203 70.7070707070707
 549 75.75757575757575
 3 80.8080808080808
 1 85.85858585858585
 54 90.90909090909091
 1 95.95959595959596
 0 101.010101010101
 184 106.060606060606
 185 111.1111111111111
 368 116.1616161616162
 205 121.2121212121212
 85 126.2626262626263
 0 131.3131313131313
 1 136.3636363636363
 55 141.4141414141414
 81 146.4646464646464
 476 151.5151515151515
 248 156.5656565656566
 1 161.6161616161616
 2 166.6666666666667
 60 171.7171717171717
 28 176.7676767676768
 2 181.8181818181818
 1 186.8686868686869
 181 191.9191919191919
 269 196.969696969697
 36 202.020202020202
 84 207.070707070707
 192 212.1212121212121
 57 217.1717171717171
 114 222.2222222222222
 225 227.2727272727273
 143 232.3232323232323
 0 237.3737373737374
 22 242.4242424242424
 152 247.4747474747475
 14 252.5252525252525
 121 257.5757575757576
 129 262.6262626262626
 34 267.6767676767677
 247 272.7272727272727
 134 277.7777777777778
 427 282.8282828282828
 200 287.8787878787879
 2 292.9292929292929
 1 297.979797979798
 1 303.030303030303
 206 308.0808080808081
 18 313.1313131313131
 38 318.1818181818182
 26 323.2323232323232
 37 328.2828282828282
 147 333.3333333333333
 53 338.3838383838383
 11 343.4343434343434
 186 348.4848484848484
 98 353.5353535353535
 37 358.5858585858585
 2 363.6363636363636
 42 368.6868686868686
 24 373.7373737373737
 39 378.7878787878788
 0 383.8383838383838
 0 388.8888888888889
 274 393.9393939393939
 46 398.989898989899
 48 404.040404040404
 166 409.0909090909091
 140 414.1414141414141
 586 419.1919191919192
 12 424.2424242424242
 208 429.2929292929293
 177 434.3434343434343
 1 439.3939393939394
 57 444.4444444444444
 85 449.4949494949495
 57 454.5454545454545
 0 459.5959595959596
 0 464.6464646464646
 2 469.6969696969697
 1 474.7474747474747
 1 479.7979797979798
 19 484.8484848484848
 17 489.8989898989898
 70 494.9494949494949
 0 500


