# Created by Octave 3.8.2, Sat Jun 20 17:01:05 2020 CEST <damian@fptrucha.inv.usc.es>
# name: hd
# type: matrix
# rows: 100
# columns: 2
 0 0
 2 5.05050505050505
 1 10.1010101010101
 271 15.15151515151515
 1 20.2020202020202
 1 25.25252525252525
 153 30.3030303030303
 505 35.35353535353535
 634 40.4040404040404
 300 45.45454545454545
 117 50.50505050505051
 57 55.55555555555555
 1 60.6060606060606
 248 65.65656565656565
 200 70.7070707070707
 614 75.75757575757575
 0 80.8080808080808
 1 85.85858585858585
 45 90.90909090909091
 3 95.95959595959596
 3 101.010101010101
 189 106.060606060606
 164 111.1111111111111
 420 116.1616161616162
 199 121.2121212121212
 84 126.2626262626263
 0 131.3131313131313
 3 136.3636363636363
 66 141.4141414141414
 100 146.4646464646464
 424 151.5151515151515
 240 156.5656565656566
 2 161.6161616161616
 0 166.6666666666667
 73 171.7171717171717
 40 176.7676767676768
 1 181.8181818181818
 0 186.8686868686869
 173 191.9191919191919
 270 196.969696969697
 55 202.020202020202
 81 207.070707070707
 198 212.1212121212121
 62 217.1717171717171
 106 222.2222222222222
 217 227.2727272727273
 111 232.3232323232323
 1 237.3737373737374
 23 242.4242424242424
 138 247.4747474747475
 20 252.5252525252525
 132 257.5757575757576
 132 262.6262626262626
 32 267.6767676767677
 277 272.7272727272727
 154 277.7777777777778
 435 282.8282828282828
 204 287.8787878787879
 0 292.9292929292929
 1 297.979797979798
 0 303.030303030303
 191 308.0808080808081
 31 313.1313131313131
 26 318.1818181818182
 35 323.2323232323232
 29 328.2828282828282
 178 333.3333333333333
 55 338.3838383838383
 17 343.4343434343434
 179 348.4848484848484
 116 353.5353535353535
 31 358.5858585858585
 0 363.6363636363636
 47 368.6868686868686
 36 373.7373737373737
 39 378.7878787878788
 0 383.8383838383838
 0 388.8888888888889
 295 393.9393939393939
 58 398.989898989899
 55 404.040404040404
 191 409.0909090909091
 150 414.1414141414141
 544 419.1919191919192
 29 424.2424242424242
 221 429.2929292929293
 174 434.3434343434343
 2 439.3939393939394
 52 444.4444444444444
 82 449.4949494949495
 61 454.5454545454545
 0 459.5959595959596
 2 464.6464646464646
 1 469.6969696969697
 1 474.7474747474747
 1 479.7979797979798
 22 484.8484848484848
 15 489.8989898989898
 56 494.9494949494949
 0 500


