# Created by Octave 3.8.2, Mon Jun 22 16:08:16 2020 CEST <damian@fptrucha.inv.usc.es>
# name: hd
# type: matrix
# rows: 100
# columns: 2
 1 0
 5 5.05050505050505
 1 10.1010101010101
 273 15.15151515151515
 1 20.2020202020202
 0 25.25252525252525
 156 30.3030303030303
 508 35.35353535353535
 617 40.4040404040404
 330 45.45454545454545
 153 50.50505050505051
 68 55.55555555555555
 2 60.6060606060606
 276 65.65656565656565
 226 70.7070707070707
 569 75.75757575757575
 1 80.8080808080808
 0 85.85858585858585
 56 90.90909090909091
 6 95.95959595959596
 2 101.010101010101
 178 106.060606060606
 183 111.1111111111111
 421 116.1616161616162
 215 121.2121212121212
 83 126.2626262626263
 0 131.3131313131313
 1 136.3636363636363
 72 141.4141414141414
 101 146.4646464646464
 432 151.5151515151515
 246 156.5656565656566
 4 161.6161616161616
 2 166.6666666666667
 70 171.7171717171717
 33 176.7676767676768
 1 181.8181818181818
 0 186.8686868686869
 194 191.9191919191919
 270 196.969696969697
 62 202.020202020202
 111 207.070707070707
 172 212.1212121212121
 64 217.1717171717171
 109 222.2222222222222
 232 227.2727272727273
 135 232.3232323232323
 0 237.3737373737374
 23 242.4242424242424
 132 247.4747474747475
 27 252.5252525252525
 130 257.5757575757576
 129 262.6262626262626
 41 267.6767676767677
 278 272.7272727272727
 140 277.7777777777778
 462 282.8282828282828
 218 287.8787878787879
 2 292.9292929292929
 0 297.979797979798
 1 303.030303030303
 216 308.0808080808081
 32 313.1313131313131
 35 318.1818181818182
 31 323.2323232323232
 38 328.2828282828282
 174 333.3333333333333
 75 338.3838383838383
 23 343.4343434343434
 195 348.4848484848484
 115 353.5353535353535
 24 358.5858585858585
 0 363.6363636363636
 40 368.6868686868686
 40 373.7373737373737
 33 378.7878787878788
 2 383.8383838383838
 0 388.8888888888889
 305 393.9393939393939
 49 398.989898989899
 63 404.040404040404
 158 409.0909090909091
 163 414.1414141414141
 599 419.1919191919192
 21 424.2424242424242
 222 429.2929292929293
 180 434.3434343434343
 4 439.3939393939394
 64 444.4444444444444
 74 449.4949494949495
 53 454.5454545454545
 0 459.5959595959596
 1 464.6464646464646
 1 469.6969696969697
 2 474.7474747474747
 3 479.7979797979798
 16 484.8484848484848
 27 489.8989898989898
 69 494.9494949494949
 0 500


