# Created by Octave 3.8.2, Sat Jun 20 11:51:28 2020 CEST <damian@fptrucha.inv.usc.es>
# name: hd
# type: matrix
# rows: 100
# columns: 2
 2 0
 3 5.05050505050505
 2 10.1010101010101
 305 15.15151515151515
 5 20.2020202020202
 1 25.25252525252525
 175 30.3030303030303
 540 35.35353535353535
 692 40.4040404040404
 342 45.45454545454545
 164 50.50505050505051
 82 55.55555555555555
 1 60.6060606060606
 272 65.65656565656565
 221 70.7070707070707
 599 75.75757575757575
 1 80.8080808080808
 1 85.85858585858585
 61 90.90909090909091
 7 95.95959595959596
 2 101.010101010101
 202 106.060606060606
 218 111.1111111111111
 437 116.1616161616162
 219 121.2121212121212
 97 126.2626262626263
 0 131.3131313131313
 1 136.3636363636363
 70 141.4141414141414
 101 146.4646464646464
 429 151.5151515151515
 317 156.5656565656566
 0 161.6161616161616
 3 166.6666666666667
 69 171.7171717171717
 29 176.7676767676768
 2 181.8181818181818
 0 186.8686868686869
 195 191.9191919191919
 308 196.969696969697
 48 202.020202020202
 98 207.070707070707
 212 212.1212121212121
 69 217.1717171717171
 115 222.2222222222222
 248 227.2727272727273
 149 232.3232323232323
 0 237.3737373737374
 24 242.4242424242424
 168 247.4747474747475
 18 252.5252525252525
 140 257.5757575757576
 151 262.6262626262626
 47 267.6767676767677
 284 272.7272727272727
 153 277.7777777777778
 491 282.8282828282828
 226 287.8787878787879
 1 292.9292929292929
 1 297.979797979798
 0 303.030303030303
 250 308.0808080808081
 21 313.1313131313131
 44 318.1818181818182
 34 323.2323232323232
 55 328.2828282828282
 203 333.3333333333333
 73 338.3838383838383
 26 343.4343434343434
 219 348.4848484848484
 123 353.5353535353535
 26 358.5858585858585
 1 363.6363636363636
 43 368.6868686868686
 44 373.7373737373737
 48 378.7878787878788
 0 383.8383838383838
 0 388.8888888888889
 338 393.9393939393939
 74 398.989898989899
 64 404.040404040404
 166 409.0909090909091
 157 414.1414141414141
 631 419.1919191919192
 19 424.2424242424242
 251 429.2929292929293
 187 434.3434343434343
 4 439.3939393939394
 53 444.4444444444444
 93 449.4949494949495
 61 454.5454545454545
 1 459.5959595959596
 0 464.6464646464646
 2 469.6969696969697
 0 474.7474747474747
 0 479.7979797979798
 19 484.8484848484848
 16 489.8989898989898
 81 494.9494949494949
 0 500


