# Created by Octave 3.8.2, Sat Jun 20 19:17:59 2020 CEST <damian@fptrucha.inv.usc.es>
# name: hd
# type: matrix
# rows: 100
# columns: 2
 0 0
 2 5.05050505050505
 0 10.1010101010101
 254 15.15151515151515
 0 20.2020202020202
 0 25.25252525252525
 148 30.3030303030303
 478 35.35353535353535
 583 40.4040404040404
 271 45.45454545454545
 132 50.50505050505051
 56 55.55555555555555
 2 60.6060606060606
 278 65.65656565656565
 204 70.7070707070707
 565 75.75757575757575
 3 80.8080808080808
 2 85.85858585858585
 61 90.90909090909091
 1 95.95959595959596
 3 101.010101010101
 188 106.060606060606
 172 111.1111111111111
 407 116.1616161616162
 184 121.2121212121212
 87 126.2626262626263
 1 131.3131313131313
 2 136.3636363636363
 77 141.4141414141414
 93 146.4646464646464
 480 151.5151515151515
 310 156.5656565656566
 1 161.6161616161616
 0 166.6666666666667
 68 171.7171717171717
 32 176.7676767676768
 0 181.8181818181818
 1 186.8686868686869
 179 191.9191919191919
 251 196.969696969697
 43 202.020202020202
 101 207.070707070707
 188 212.1212121212121
 61 217.1717171717171
 115 222.2222222222222
 194 227.2727272727273
 147 232.3232323232323
 1 237.3737373737374
 27 242.4242424242424
 136 247.4747474747475
 13 252.5252525252525
 129 257.5757575757576
 160 262.6262626262626
 45 267.6767676767677
 250 272.7272727272727
 143 277.7777777777778
 452 282.8282828282828
 194 287.8787878787879
 1 292.9292929292929
 0 297.979797979798
 0 303.030303030303
 200 308.0808080808081
 17 313.1313131313131
 49 318.1818181818182
 30 323.2323232323232
 48 328.2828282828282
 162 333.3333333333333
 61 338.3838383838383
 14 343.4343434343434
 219 348.4848484848484
 98 353.5353535353535
 23 358.5858585858585
 1 363.6363636363636
 48 368.6868686868686
 44 373.7373737373737
 39 378.7878787878788
 2 383.8383838383838
 1 388.8888888888889
 343 393.9393939393939
 74 398.989898989899
 61 404.040404040404
 174 409.0909090909091
 143 414.1414141414141
 570 419.1919191919192
 28 424.2424242424242
 245 429.2929292929293
 169 434.3434343434343
 3 439.3939393939394
 69 444.4444444444444
 93 449.4949494949495
 50 454.5454545454545
 0 459.5959595959596
 0 464.6464646464646
 0 469.6969696969697
 0 474.7474747474747
 0 479.7979797979798
 11 484.8484848484848
 14 489.8989898989898
 74 494.9494949494949
 0 500


