# Created by Octave 3.8.2, Sat Jun 20 04:24:28 2020 CEST <damian@fptrucha.inv.usc.es>
# name: hd
# type: matrix
# rows: 100
# columns: 2
 2 0
 8 5.05050505050505
 2 10.1010101010101
 320 15.15151515151515
 2 20.2020202020202
 0 25.25252525252525
 179 30.3030303030303
 585 35.35353535353535
 658 40.4040404040404
 348 45.45454545454545
 156 50.50505050505051
 78 55.55555555555555
 0 60.6060606060606
 292 65.65656565656565
 228 70.7070707070707
 685 75.75757575757575
 2 80.8080808080808
 2 85.85858585858585
 35 90.90909090909091
 3 95.95959595959596
 0 101.010101010101
 205 106.060606060606
 185 111.1111111111111
 438 116.1616161616162
 218 121.2121212121212
 96 126.2626262626263
 0 131.3131313131313
 1 136.3636363636363
 58 141.4141414141414
 112 146.4646464646464
 524 151.5151515151515
 292 156.5656565656566
 2 161.6161616161616
 0 166.6666666666667
 68 171.7171717171717
 36 176.7676767676768
 2 181.8181818181818
 1 186.8686868686869
 199 191.9191919191919
 284 196.969696969697
 46 202.020202020202
 111 207.070707070707
 226 212.1212121212121
 54 217.1717171717171
 125 222.2222222222222
 233 227.2727272727273
 141 232.3232323232323
 0 237.3737373737374
 28 242.4242424242424
 143 247.4747474747475
 16 252.5252525252525
 138 257.5757575757576
 127 262.6262626262626
 42 267.6767676767677
 286 272.7272727272727
 138 277.7777777777778
 511 282.8282828282828
 245 287.8787878787879
 2 292.9292929292929
 0 297.979797979798
 0 303.030303030303
 227 308.0808080808081
 27 313.1313131313131
 61 318.1818181818182
 33 323.2323232323232
 47 328.2828282828282
 193 333.3333333333333
 81 338.3838383838383
 25 343.4343434343434
 241 348.4848484848484
 119 353.5353535353535
 28 358.5858585858585
 2 363.6363636363636
 58 368.6868686868686
 37 373.7373737373737
 50 378.7878787878788
 0 383.8383838383838
 0 388.8888888888889
 332 393.9393939393939
 64 398.989898989899
 79 404.040404040404
 181 409.0909090909091
 157 414.1414141414141
 627 419.1919191919192
 21 424.2424242424242
 249 429.2929292929293
 208 434.3434343434343
 5 439.3939393939394
 57 444.4444444444444
 90 449.4949494949495
 66 454.5454545454545
 0 459.5959595959596
 2 464.6464646464646
 0 469.6969696969697
 2 474.7474747474747
 1 479.7979797979798
 15 484.8484848484848
 28 489.8989898989898
 81 494.9494949494949
 0 500


