# Created by Octave 3.8.2, Sat Jun 20 07:28:51 2020 CEST <damian@fptrucha.inv.usc.es>
# name: hd
# type: matrix
# rows: 100
# columns: 2
 1 0
 7 5.05050505050505
 4 10.1010101010101
 321 15.15151515151515
 0 20.2020202020202
 0 25.25252525252525
 178 30.3030303030303
 541 35.35353535353535
 651 40.4040404040404
 348 45.45454545454545
 160 50.50505050505051
 78 55.55555555555555
 1 60.6060606060606
 303 65.65656565656565
 257 70.7070707070707
 678 75.75757575757575
 1 80.8080808080808
 0 85.85858585858585
 68 90.90909090909091
 8 95.95959595959596
 4 101.010101010101
 217 106.060606060606
 203 111.1111111111111
 431 116.1616161616162
 226 121.2121212121212
 90 126.2626262626263
 0 131.3131313131313
 2 136.3636363636363
 66 141.4141414141414
 101 146.4646464646464
 528 151.5151515151515
 272 156.5656565656566
 3 161.6161616161616
 1 166.6666666666667
 70 171.7171717171717
 35 176.7676767676768
 0 181.8181818181818
 0 186.8686868686869
 198 191.9191919191919
 293 196.969696969697
 56 202.020202020202
 95 207.070707070707
 213 212.1212121212121
 75 217.1717171717171
 121 222.2222222222222
 246 227.2727272727273
 135 232.3232323232323
 1 237.3737373737374
 16 242.4242424242424
 149 247.4747474747475
 21 252.5252525252525
 117 257.5757575757576
 146 262.6262626262626
 35 267.6767676767677
 260 272.7272727272727
 167 277.7777777777778
 495 282.8282828282828
 205 287.8787878787879
 1 292.9292929292929
 1 297.979797979798
 0 303.030303030303
 196 308.0808080808081
 24 313.1313131313131
 44 318.1818181818182
 40 323.2323232323232
 49 328.2828282828282
 202 333.3333333333333
 78 338.3838383838383
 18 343.4343434343434
 203 348.4848484848484
 121 353.5353535353535
 33 358.5858585858585
 2 363.6363636363636
 62 368.6868686868686
 46 373.7373737373737
 40 378.7878787878788
 0 383.8383838383838
 1 388.8888888888889
 364 393.9393939393939
 57 398.989898989899
 58 404.040404040404
 197 409.0909090909091
 148 414.1414141414141
 639 419.1919191919192
 24 424.2424242424242
 263 429.2929292929293
 208 434.3434343434343
 5 439.3939393939394
 54 444.4444444444444
 99 449.4949494949495
 71 454.5454545454545
 0 459.5959595959596
 1 464.6464646464646
 3 469.6969696969697
 0 474.7474747474747
 1 479.7979797979798
 19 484.8484848484848
 27 489.8989898989898
 73 494.9494949494949
 0 500


