# Created by Octave 3.8.2, Mon Jun 22 06:49:11 2020 CEST <damian@fptrucha.inv.usc.es>
# name: hd
# type: matrix
# rows: 100
# columns: 2
 5 0
 4 5.05050505050505
 3 10.1010101010101
 272 15.15151515151515
 4 20.2020202020202
 3 25.25252525252525
 148 30.3030303030303
 500 35.35353535353535
 545 40.4040404040404
 291 45.45454545454545
 132 50.50505050505051
 62 55.55555555555555
 4 60.6060606060606
 279 65.65656565656565
 204 70.7070707070707
 544 75.75757575757575
 2 80.8080808080808
 0 85.85858585858585
 63 90.90909090909091
 5 95.95959595959596
 5 101.010101010101
 180 106.060606060606
 155 111.1111111111111
 391 116.1616161616162
 207 121.2121212121212
 83 126.2626262626263
 1 131.3131313131313
 1 136.3636363636363
 62 141.4141414141414
 99 146.4646464646464
 406 151.5151515151515
 246 156.5656565656566
 5 161.6161616161616
 3 166.6666666666667
 63 171.7171717171717
 28 176.7676767676768
 2 181.8181818181818
 3 186.8686868686869
 159 191.9191919191919
 244 196.969696969697
 47 202.020202020202
 87 207.070707070707
 188 212.1212121212121
 69 217.1717171717171
 97 222.2222222222222
 234 227.2727272727273
 126 232.3232323232323
 3 237.3737373737374
 30 242.4242424242424
 144 247.4747474747475
 23 252.5252525252525
 117 257.5757575757576
 128 262.6262626262626
 47 267.6767676767677
 235 272.7272727272727
 124 277.7777777777778
 437 282.8282828282828
 199 287.8787878787879
 1 292.9292929292929
 1 297.979797979798
 1 303.030303030303
 201 308.0808080808081
 26 313.1313131313131
 28 318.1818181818182
 29 323.2323232323232
 29 328.2828282828282
 188 333.3333333333333
 64 338.3838383838383
 23 343.4343434343434
 174 348.4848484848484
 78 353.5353535353535
 28 358.5858585858585
 1 363.6363636363636
 53 368.6868686868686
 40 373.7373737373737
 27 378.7878787878788
 1 383.8383838383838
 0 388.8888888888889
 301 393.9393939393939
 57 398.989898989899
 55 404.040404040404
 156 409.0909090909091
 130 414.1414141414141
 552 419.1919191919192
 17 424.2424242424242
 242 429.2929292929293
 147 434.3434343434343
 1 439.3939393939394
 65 444.4444444444444
 67 449.4949494949495
 50 454.5454545454545
 1 459.5959595959596
 2 464.6464646464646
 1 469.6969696969697
 0 474.7474747474747
 1 479.7979797979798
 20 484.8484848484848
 21 489.8989898989898
 78 494.9494949494949
 0 500


