# Created by Octave 3.8.2, Sun Jun 21 00:53:00 2020 CEST <damian@fptrucha.inv.usc.es>
# name: hd
# type: matrix
# rows: 100
# columns: 2
 1 0
 2 5.05050505050505
 1 10.1010101010101
 255 15.15151515151515
 2 20.2020202020202
 0 25.25252525252525
 122 30.3030303030303
 540 35.35353535353535
 591 40.4040404040404
 294 45.45454545454545
 127 50.50505050505051
 76 55.55555555555555
 1 60.6060606060606
 248 65.65656565656565
 177 70.7070707070707
 547 75.75757575757575
 2 80.8080808080808
 1 85.85858585858585
 51 90.90909090909091
 4 95.95959595959596
 2 101.010101010101
 175 106.060606060606
 180 111.1111111111111
 374 116.1616161616162
 186 121.2121212121212
 89 126.2626262626263
 0 131.3131313131313
 1 136.3636363636363
 58 141.4141414141414
 91 146.4646464646464
 440 151.5151515151515
 255 156.5656565656566
 2 161.6161616161616
 0 166.6666666666667
 59 171.7171717171717
 21 176.7676767676768
 0 181.8181818181818
 0 186.8686868686869
 201 191.9191919191919
 266 196.969696969697
 32 202.020202020202
 86 207.070707070707
 201 212.1212121212121
 59 217.1717171717171
 99 222.2222222222222
 243 227.2727272727273
 123 232.3232323232323
 0 237.3737373737374
 25 242.4242424242424
 131 247.4747474747475
 15 252.5252525252525
 104 257.5757575757576
 146 262.6262626262626
 35 267.6767676767677
 230 272.7272727272727
 131 277.7777777777778
 468 282.8282828282828
 190 287.8787878787879
 2 292.9292929292929
 1 297.979797979798
 0 303.030303030303
 201 308.0808080808081
 18 313.1313131313131
 48 318.1818181818182
 38 323.2323232323232
 30 328.2828282828282
 151 333.3333333333333
 64 338.3838383838383
 22 343.4343434343434
 187 348.4848484848484
 106 353.5353535353535
 25 358.5858585858585
 2 363.6363636363636
 49 368.6868686868686
 39 373.7373737373737
 29 378.7878787878788
 0 383.8383838383838
 0 388.8888888888889
 286 393.9393939393939
 47 398.989898989899
 57 404.040404040404
 154 409.0909090909091
 122 414.1414141414141
 502 419.1919191919192
 29 424.2424242424242
 204 429.2929292929293
 171 434.3434343434343
 0 439.3939393939394
 58 444.4444444444444
 74 449.4949494949495
 48 454.5454545454545
 0 459.5959595959596
 3 464.6464646464646
 0 469.6969696969697
 2 474.7474747474747
 0 479.7979797979798
 17 484.8484848484848
 22 489.8989898989898
 84 494.9494949494949
 0 500


