# Created by Octave 3.8.2, Mon Jun 22 12:50:10 2020 CEST <damian@fptrucha.inv.usc.es>
# name: hd
# type: matrix
# rows: 100
# columns: 2
 0 0
 4 5.05050505050505
 3 10.1010101010101
 266 15.15151515151515
 2 20.2020202020202
 2 25.25252525252525
 161 30.3030303030303
 513 35.35353535353535
 551 40.4040404040404
 340 45.45454545454545
 130 50.50505050505051
 76 55.55555555555555
 1 60.6060606060606
 256 65.65656565656565
 210 70.7070707070707
 560 75.75757575757575
 0 80.8080808080808
 2 85.85858585858585
 72 90.90909090909091
 2 95.95959595959596
 2 101.010101010101
 203 106.060606060606
 179 111.1111111111111
 429 116.1616161616162
 182 121.2121212121212
 89 126.2626262626263
 0 131.3131313131313
 2 136.3636363636363
 67 141.4141414141414
 72 146.4646464646464
 430 151.5151515151515
 268 156.5656565656566
 4 161.6161616161616
 1 166.6666666666667
 72 171.7171717171717
 33 176.7676767676768
 0 181.8181818181818
 1 186.8686868686869
 182 191.9191919191919
 267 196.969696969697
 48 202.020202020202
 84 207.070707070707
 212 212.1212121212121
 69 217.1717171717171
 106 222.2222222222222
 218 227.2727272727273
 144 232.3232323232323
 1 237.3737373737374
 20 242.4242424242424
 133 247.4747474747475
 24 252.5252525252525
 113 257.5757575757576
 112 262.6262626262626
 52 267.6767676767677
 271 272.7272727272727
 146 277.7777777777778
 486 282.8282828282828
 189 287.8787878787879
 1 292.9292929292929
 0 297.979797979798
 0 303.030303030303
 206 308.0808080808081
 22 313.1313131313131
 39 318.1818181818182
 34 323.2323232323232
 41 328.2828282828282
 188 333.3333333333333
 70 338.3838383838383
 18 343.4343434343434
 179 348.4848484848484
 82 353.5353535353535
 30 358.5858585858585
 1 363.6363636363636
 42 368.6868686868686
 45 373.7373737373737
 43 378.7878787878788
 1 383.8383838383838
 0 388.8888888888889
 315 393.9393939393939
 58 398.989898989899
 67 404.040404040404
 178 409.0909090909091
 152 414.1414141414141
 531 419.1919191919192
 17 424.2424242424242
 239 429.2929292929293
 196 434.3434343434343
 2 439.3939393939394
 40 444.4444444444444
 71 449.4949494949495
 45 454.5454545454545
 2 459.5959595959596
 1 464.6464646464646
 2 469.6969696969697
 1 474.7474747474747
 2 479.7979797979798
 24 484.8484848484848
 23 489.8989898989898
 74 494.9494949494949
 0 500


