# Created by Octave 3.8.2, Mon Jun 22 00:59:50 2020 CEST <damian@fptrucha.inv.usc.es>
# name: hd
# type: matrix
# rows: 100
# columns: 2
 2 0
 2 5.05050505050505
 1 10.1010101010101
 291 15.15151515151515
 0 20.2020202020202
 1 25.25252525252525
 156 30.3030303030303
 524 35.35353535353535
 639 40.4040404040404
 335 45.45454545454545
 130 50.50505050505051
 71 55.55555555555555
 3 60.6060606060606
 269 65.65656565656565
 193 70.7070707070707
 561 75.75757575757575
 1 80.8080808080808
 3 85.85858585858585
 61 90.90909090909091
 3 95.95959595959596
 2 101.010101010101
 185 106.060606060606
 201 111.1111111111111
 401 116.1616161616162
 227 121.2121212121212
 107 126.2626262626263
 2 131.3131313131313
 2 136.3636363636363
 66 141.4141414141414
 96 146.4646464646464
 473 151.5151515151515
 266 156.5656565656566
 2 161.6161616161616
 0 166.6666666666667
 56 171.7171717171717
 39 176.7676767676768
 0 181.8181818181818
 0 186.8686868686869
 167 191.9191919191919
 269 196.969696969697
 40 202.020202020202
 92 207.070707070707
 204 212.1212121212121
 60 217.1717171717171
 90 222.2222222222222
 229 227.2727272727273
 137 232.3232323232323
 1 237.3737373737374
 18 242.4242424242424
 139 247.4747474747475
 18 252.5252525252525
 115 257.5757575757576
 140 262.6262626262626
 51 267.6767676767677
 271 272.7272727272727
 134 277.7777777777778
 436 282.8282828282828
 201 287.8787878787879
 0 292.9292929292929
 1 297.979797979798
 0 303.030303030303
 212 308.0808080808081
 33 313.1313131313131
 55 318.1818181818182
 32 323.2323232323232
 42 328.2828282828282
 186 333.3333333333333
 57 338.3838383838383
 20 343.4343434343434
 192 348.4848484848484
 96 353.5353535353535
 32 358.5858585858585
 1 363.6363636363636
 53 368.6868686868686
 39 373.7373737373737
 35 378.7878787878788
 2 383.8383838383838
 0 388.8888888888889
 294 393.9393939393939
 60 398.989898989899
 64 404.040404040404
 160 409.0909090909091
 159 414.1414141414141
 583 419.1919191919192
 23 424.2424242424242
 257 429.2929292929293
 192 434.3434343434343
 2 439.3939393939394
 59 444.4444444444444
 94 449.4949494949495
 63 454.5454545454545
 1 459.5959595959596
 0 464.6464646464646
 1 469.6969696969697
 0 474.7474747474747
 0 479.7979797979798
 19 484.8484848484848
 15 489.8989898989898
 80 494.9494949494949
 0 500


