# Created by Octave 3.8.2, Sun Jun 21 07:49:24 2020 CEST <damian@fptrucha.inv.usc.es>
# name: hd
# type: matrix
# rows: 100
# columns: 2
 0 0
 3 5.05050505050505
 0 10.1010101010101
 261 15.15151515151515
 2 20.2020202020202
 0 25.25252525252525
 146 30.3030303030303
 494 35.35353535353535
 647 40.4040404040404
 308 45.45454545454545
 123 50.50505050505051
 72 55.55555555555555
 0 60.6060606060606
 265 65.65656565656565
 201 70.7070707070707
 544 75.75757575757575
 0 80.8080808080808
 1 85.85858585858585
 47 90.90909090909091
 5 95.95959595959596
 3 101.010101010101
 193 106.060606060606
 196 111.1111111111111
 386 116.1616161616162
 204 121.2121212121212
 83 126.2626262626263
 0 131.3131313131313
 3 136.3636363636363
 68 141.4141414141414
 79 146.4646464646464
 419 151.5151515151515
 286 156.5656565656566
 3 161.6161616161616
 0 166.6666666666667
 70 171.7171717171717
 30 176.7676767676768
 1 181.8181818181818
 0 186.8686868686869
 184 191.9191919191919
 256 196.969696969697
 37 202.020202020202
 73 207.070707070707
 199 212.1212121212121
 64 217.1717171717171
 107 222.2222222222222
 232 227.2727272727273
 120 232.3232323232323
 0 237.3737373737374
 18 242.4242424242424
 123 247.4747474747475
 18 252.5252525252525
 123 257.5757575757576
 130 262.6262626262626
 38 267.6767676767677
 248 272.7272727272727
 151 277.7777777777778
 435 282.8282828282828
 211 287.8787878787879
 3 292.9292929292929
 1 297.979797979798
 0 303.030303030303
 213 308.0808080808081
 22 313.1313131313131
 49 318.1818181818182
 23 323.2323232323232
 40 328.2828282828282
 182 333.3333333333333
 70 338.3838383838383
 19 343.4343434343434
 179 348.4848484848484
 101 353.5353535353535
 24 358.5858585858585
 1 363.6363636363636
 39 368.6868686868686
 40 373.7373737373737
 35 378.7878787878788
 0 383.8383838383838
 1 388.8888888888889
 295 393.9393939393939
 58 398.989898989899
 84 404.040404040404
 148 409.0909090909091
 129 414.1414141414141
 520 419.1919191919192
 11 424.2424242424242
 240 429.2929292929293
 186 434.3434343434343
 3 439.3939393939394
 49 444.4444444444444
 68 449.4949494949495
 51 454.5454545454545
 0 459.5959595959596
 0 464.6464646464646
 2 469.6969696969697
 2 474.7474747474747
 2 479.7979797979798
 13 484.8484848484848
 17 489.8989898989898
 66 494.9494949494949
 0 500


