# Created by Octave 3.8.2, Sun Jun 21 02:45:17 2020 CEST <damian@fptrucha.inv.usc.es>
# name: hd
# type: matrix
# rows: 100
# columns: 2
 0 0
 1 5.05050505050505
 1 10.1010101010101
 260 15.15151515151515
 5 20.2020202020202
 0 25.25252525252525
 147 30.3030303030303
 527 35.35353535353535
 604 40.4040404040404
 296 45.45454545454545
 133 50.50505050505051
 60 55.55555555555555
 1 60.6060606060606
 240 65.65656565656565
 183 70.7070707070707
 588 75.75757575757575
 1 80.8080808080808
 2 85.85858585858585
 46 90.90909090909091
 7 95.95959595959596
 3 101.010101010101
 167 106.060606060606
 160 111.1111111111111
 373 116.1616161616162
 193 121.2121212121212
 83 126.2626262626263
 1 131.3131313131313
 1 136.3636363636363
 72 141.4141414141414
 82 146.4646464646464
 428 151.5151515151515
 260 156.5656565656566
 2 161.6161616161616
 1 166.6666666666667
 73 171.7171717171717
 18 176.7676767676768
 0 181.8181818181818
 1 186.8686868686869
 174 191.9191919191919
 238 196.969696969697
 43 202.020202020202
 70 207.070707070707
 172 212.1212121212121
 38 217.1717171717171
 93 222.2222222222222
 216 227.2727272727273
 139 232.3232323232323
 1 237.3737373737374
 21 242.4242424242424
 143 247.4747474747475
 14 252.5252525252525
 133 257.5757575757576
 123 262.6262626262626
 32 267.6767676767677
 240 272.7272727272727
 145 277.7777777777778
 431 282.8282828282828
 216 287.8787878787879
 1 292.9292929292929
 0 297.979797979798
 0 303.030303030303
 216 308.0808080808081
 15 313.1313131313131
 46 318.1818181818182
 39 323.2323232323232
 42 328.2828282828282
 171 333.3333333333333
 67 338.3838383838383
 21 343.4343434343434
 188 348.4848484848484
 95 353.5353535353535
 33 358.5858585858585
 0 363.6363636363636
 53 368.6868686868686
 34 373.7373737373737
 39 378.7878787878788
 1 383.8383838383838
 0 388.8888888888889
 298 393.9393939393939
 44 398.989898989899
 72 404.040404040404
 145 409.0909090909091
 146 414.1414141414141
 534 419.1919191919192
 21 424.2424242424242
 253 429.2929292929293
 181 434.3434343434343
 4 439.3939393939394
 58 444.4444444444444
 82 449.4949494949495
 51 454.5454545454545
 0 459.5959595959596
 1 464.6464646464646
 0 469.6969696969697
 1 474.7474747474747
 1 479.7979797979798
 20 484.8484848484848
 15 489.8989898989898
 68 494.9494949494949
 0 500


