# Created by Octave 3.8.2, Mon Jun 22 04:39:50 2020 CEST <damian@fptrucha.inv.usc.es>
# name: hd
# type: matrix
# rows: 100
# columns: 2
 3 0
 4 5.05050505050505
 0 10.1010101010101
 186 15.15151515151515
 2 20.2020202020202
 0 25.25252525252525
 92 30.3030303030303
 305 35.35353535353535
 324 40.4040404040404
 193 45.45454545454545
 95 50.50505050505051
 46 55.55555555555555
 2 60.6060606060606
 202 65.65656565656565
 126 70.7070707070707
 337 75.75757575757575
 1 80.8080808080808
 0 85.85858585858585
 48 90.90909090909091
 6 95.95959595959596
 2 101.010101010101
 117 106.060606060606
 107 111.1111111111111
 224 116.1616161616162
 106 121.2121212121212
 56 126.2626262626263
 1 131.3131313131313
 0 136.3636363636363
 44 141.4141414141414
 68 146.4646464646464
 234 151.5151515151515
 146 156.5656565656566
 2 161.6161616161616
 0 166.6666666666667
 38 171.7171717171717
 9 176.7676767676768
 1 181.8181818181818
 0 186.8686868686869
 121 191.9191919191919
 154 196.969696969697
 31 202.020202020202
 47 207.070707070707
 94 212.1212121212121
 31 217.1717171717171
 64 222.2222222222222
 147 227.2727272727273
 92 232.3232323232323
 0 237.3737373737374
 17 242.4242424242424
 87 247.4747474747475
 16 252.5252525252525
 59 257.5757575757576
 73 262.6262626262626
 23 267.6767676767677
 154 272.7272727272727
 77 277.7777777777778
 273 282.8282828282828
 123 287.8787878787879
 1 292.9292929292929
 0 297.979797979798
 1 303.030303030303
 120 308.0808080808081
 26 313.1313131313131
 24 318.1818181818182
 16 323.2323232323232
 27 328.2828282828282
 121 333.3333333333333
 37 338.3838383838383
 22 343.4343434343434
 115 348.4848484848484
 61 353.5353535353535
 9 358.5858585858585
 1 363.6363636363636
 30 368.6868686868686
 25 373.7373737373737
 19 378.7878787878788
 0 383.8383838383838
 0 388.8888888888889
 171 393.9393939393939
 31 398.989898989899
 41 404.040404040404
 106 409.0909090909091
 106 414.1414141414141
 323 419.1919191919192
 12 424.2424242424242
 139 429.2929292929293
 115 434.3434343434343
 2 439.3939393939394
 38 444.4444444444444
 36 449.4949494949495
 34 454.5454545454545
 0 459.5959595959596
 0 464.6464646464646
 1 469.6969696969697
 0 474.7474747474747
 3 479.7979797979798
 22 484.8484848484848
 12 489.8989898989898
 50 494.9494949494949
 0 500


