# Created by Octave 3.8.2, Mon Jun 22 00:37:52 2020 CEST <damian@fptrucha.inv.usc.es>
# name: hd
# type: matrix
# rows: 100
# columns: 2
 1 0
 1 5.05050505050505
 0 10.1010101010101
 192 15.15151515151515
 1 20.2020202020202
 0 25.25252525252525
 96 30.3030303030303
 317 35.35353535353535
 420 40.4040404040404
 203 45.45454545454545
 101 50.50505050505051
 36 55.55555555555555
 2 60.6060606060606
 181 65.65656565656565
 135 70.7070707070707
 387 75.75757575757575
 1 80.8080808080808
 1 85.85858585858585
 34 90.90909090909091
 3 95.95959595959596
 3 101.010101010101
 132 106.060606060606
 128 111.1111111111111
 243 116.1616161616162
 141 121.2121212121212
 53 126.2626262626263
 0 131.3131313131313
 0 136.3636363636363
 42 141.4141414141414
 67 146.4646464646464
 311 151.5151515151515
 189 156.5656565656566
 0 161.6161616161616
 0 166.6666666666667
 48 171.7171717171717
 23 176.7676767676768
 0 181.8181818181818
 0 186.8686868686869
 129 191.9191919191919
 178 196.969696969697
 33 202.020202020202
 59 207.070707070707
 141 212.1212121212121
 31 217.1717171717171
 65 222.2222222222222
 142 227.2727272727273
 77 232.3232323232323
 1 237.3737373737374
 8 242.4242424242424
 103 247.4747474747475
 8 252.5252525252525
 83 257.5757575757576
 101 262.6262626262626
 27 267.6767676767677
 171 272.7272727272727
 104 277.7777777777778
 322 282.8282828282828
 114 287.8787878787879
 1 292.9292929292929
 1 297.979797979798
 0 303.030303030303
 143 308.0808080808081
 21 313.1313131313131
 25 318.1818181818182
 27 323.2323232323232
 21 328.2828282828282
 110 333.3333333333333
 46 338.3838383838383
 12 343.4343434343434
 113 348.4848484848484
 68 353.5353535353535
 20 358.5858585858585
 1 363.6363636363636
 33 368.6868686868686
 28 373.7373737373737
 20 378.7878787878788
 0 383.8383838383838
 1 388.8888888888889
 199 393.9393939393939
 39 398.989898989899
 42 404.040404040404
 124 409.0909090909091
 88 414.1414141414141
 394 419.1919191919192
 20 424.2424242424242
 155 429.2929292929293
 133 434.3434343434343
 3 439.3939393939394
 40 444.4444444444444
 50 449.4949494949495
 37 454.5454545454545
 1 459.5959595959596
 3 464.6464646464646
 0 469.6969696969697
 1 474.7474747474747
 1 479.7979797979798
 10 484.8484848484848
 19 489.8989898989898
 44 494.9494949494949
 0 500


