# Created by Octave 3.8.2, Mon Jun 22 16:23:23 2020 CEST <damian@fptrucha.inv.usc.es>
# name: hd
# type: matrix
# rows: 100
# columns: 2
 2 0
 5 5.05050505050505
 2 10.1010101010101
 299 15.15151515151515
 1 20.2020202020202
 0 25.25252525252525
 151 30.3030303030303
 548 35.35353535353535
 576 40.4040404040404
 333 45.45454545454545
 118 50.50505050505051
 57 55.55555555555555
 2 60.6060606060606
 269 65.65656565656565
 233 70.7070707070707
 582 75.75757575757575
 3 80.8080808080808
 1 85.85858585858585
 61 90.90909090909091
 2 95.95959595959596
 3 101.010101010101
 202 106.060606060606
 172 111.1111111111111
 407 116.1616161616162
 221 121.2121212121212
 85 126.2626262626263
 2 131.3131313131313
 1 136.3636363636363
 65 141.4141414141414
 96 146.4646464646464
 470 151.5151515151515
 260 156.5656565656566
 0 161.6161616161616
 0 166.6666666666667
 94 171.7171717171717
 34 176.7676767676768
 0 181.8181818181818
 2 186.8686868686869
 188 191.9191919191919
 258 196.969696969697
 51 202.020202020202
 98 207.070707070707
 172 212.1212121212121
 70 217.1717171717171
 92 222.2222222222222
 257 227.2727272727273
 146 232.3232323232323
 0 237.3737373737374
 25 242.4242424242424
 144 247.4747474747475
 20 252.5252525252525
 101 257.5757575757576
 122 262.6262626262626
 40 267.6767676767677
 285 272.7272727272727
 161 277.7777777777778
 464 282.8282828282828
 210 287.8787878787879
 1 292.9292929292929
 0 297.979797979798
 0 303.030303030303
 217 308.0808080808081
 34 313.1313131313131
 33 318.1818181818182
 31 323.2323232323232
 36 328.2828282828282
 193 333.3333333333333
 66 338.3838383838383
 29 343.4343434343434
 175 348.4848484848484
 120 353.5353535353535
 27 358.5858585858585
 4 363.6363636363636
 52 368.6868686868686
 38 373.7373737373737
 39 378.7878787878788
 1 383.8383838383838
 0 388.8888888888889
 311 393.9393939393939
 69 398.989898989899
 65 404.040404040404
 155 409.0909090909091
 154 414.1414141414141
 533 419.1919191919192
 22 424.2424242424242
 241 429.2929292929293
 167 434.3434343434343
 8 439.3939393939394
 61 444.4444444444444
 64 449.4949494949495
 59 454.5454545454545
 0 459.5959595959596
 1 464.6464646464646
 0 469.6969696969697
 0 474.7474747474747
 0 479.7979797979798
 29 484.8484848484848
 20 489.8989898989898
 73 494.9494949494949
 0 500


