# Created by Octave 3.8.2, Mon Jun 22 07:50:27 2020 CEST <damian@fptrucha.inv.usc.es>
# name: hd
# type: matrix
# rows: 100
# columns: 2
 2 0
 2 5.05050505050505
 1 10.1010101010101
 277 15.15151515151515
 3 20.2020202020202
 1 25.25252525252525
 137 30.3030303030303
 545 35.35353535353535
 585 40.4040404040404
 324 45.45454545454545
 121 50.50505050505051
 68 55.55555555555555
 2 60.6060606060606
 269 65.65656565656565
 218 70.7070707070707
 525 75.75757575757575
 3 80.8080808080808
 0 85.85858585858585
 70 90.90909090909091
 5 95.95959595959596
 6 101.010101010101
 192 106.060606060606
 184 111.1111111111111
 371 116.1616161616162
 188 121.2121212121212
 91 126.2626262626263
 0 131.3131313131313
 1 136.3636363636363
 66 141.4141414141414
 87 146.4646464646464
 390 151.5151515151515
 268 156.5656565656566
 3 161.6161616161616
 4 166.6666666666667
 69 171.7171717171717
 37 176.7676767676768
 0 181.8181818181818
 3 186.8686868686869
 184 191.9191919191919
 259 196.969696969697
 58 202.020202020202
 87 207.070707070707
 190 212.1212121212121
 56 217.1717171717171
 92 222.2222222222222
 211 227.2727272727273
 149 232.3232323232323
 0 237.3737373737374
 27 242.4242424242424
 132 247.4747474747475
 20 252.5252525252525
 109 257.5757575757576
 116 262.6262626262626
 39 267.6767676767677
 266 272.7272727272727
 119 277.7777777777778
 453 282.8282828282828
 188 287.8787878787879
 1 292.9292929292929
 2 297.979797979798
 0 303.030303030303
 197 308.0808080808081
 24 313.1313131313131
 32 318.1818181818182
 25 323.2323232323232
 40 328.2828282828282
 173 333.3333333333333
 62 338.3838383838383
 18 343.4343434343434
 179 348.4848484848484
 82 353.5353535353535
 32 358.5858585858585
 1 363.6363636363636
 46 368.6868686868686
 33 373.7373737373737
 39 378.7878787878788
 1 383.8383838383838
 1 388.8888888888889
 302 393.9393939393939
 53 398.989898989899
 58 404.040404040404
 174 409.0909090909091
 147 414.1414141414141
 525 419.1919191919192
 19 424.2424242424242
 219 429.2929292929293
 178 434.3434343434343
 7 439.3939393939394
 52 444.4444444444444
 80 449.4949494949495
 53 454.5454545454545
 2 459.5959595959596
 2 464.6464646464646
 1 469.6969696969697
 2 474.7474747474747
 0 479.7979797979798
 29 484.8484848484848
 26 489.8989898989898
 66 494.9494949494949
 0 500


