# Created by Octave 3.8.2, Mon Jun 22 10:26:46 2020 CEST <damian@fptrucha.inv.usc.es>
# name: hd
# type: matrix
# rows: 100
# columns: 2
 1 0
 6 5.05050505050505
 3 10.1010101010101
 299 15.15151515151515
 6 20.2020202020202
 0 25.25252525252525
 147 30.3030303030303
 496 35.35353535353535
 617 40.4040404040404
 330 45.45454545454545
 143 50.50505050505051
 50 55.55555555555555
 2 60.6060606060606
 284 65.65656565656565
 212 70.7070707070707
 576 75.75757575757575
 3 80.8080808080808
 2 85.85858585858585
 57 90.90909090909091
 3 95.95959595959596
 6 101.010101010101
 174 106.060606060606
 198 111.1111111111111
 377 116.1616161616162
 235 121.2121212121212
 94 126.2626262626263
 2 131.3131313131313
 2 136.3636363636363
 86 141.4141414141414
 97 146.4646464646464
 440 151.5151515151515
 270 156.5656565656566
 3 161.6161616161616
 1 166.6666666666667
 69 171.7171717171717
 34 176.7676767676768
 1 181.8181818181818
 0 186.8686868686869
 195 191.9191919191919
 265 196.969696969697
 43 202.020202020202
 89 207.070707070707
 188 212.1212121212121
 64 217.1717171717171
 100 222.2222222222222
 234 227.2727272727273
 149 232.3232323232323
 5 237.3737373737374
 32 242.4242424242424
 132 247.4747474747475
 21 252.5252525252525
 100 257.5757575757576
 113 262.6262626262626
 43 267.6767676767677
 232 272.7272727272727
 135 277.7777777777778
 438 282.8282828282828
 177 287.8787878787879
 3 292.9292929292929
 0 297.979797979798
 0 303.030303030303
 199 308.0808080808081
 24 313.1313131313131
 41 318.1818181818182
 34 323.2323232323232
 37 328.2828282828282
 180 333.3333333333333
 67 338.3838383838383
 19 343.4343434343434
 195 348.4848484848484
 84 353.5353535353535
 27 358.5858585858585
 3 363.6363636363636
 53 368.6868686868686
 58 373.7373737373737
 36 378.7878787878788
 0 383.8383838383838
 1 388.8888888888889
 335 393.9393939393939
 53 398.989898989899
 63 404.040404040404
 190 409.0909090909091
 145 414.1414141414141
 525 419.1919191919192
 24 424.2424242424242
 250 429.2929292929293
 192 434.3434343434343
 3 439.3939393939394
 62 444.4444444444444
 72 449.4949494949495
 48 454.5454545454545
 1 459.5959595959596
 0 464.6464646464646
 0 469.6969696969697
 0 474.7474747474747
 0 479.7979797979798
 16 484.8484848484848
 12 489.8989898989898
 75 494.9494949494949
 0 500


