# Created by Octave 3.8.2, Mon Jun 22 14:34:18 2020 CEST <damian@fptrucha.inv.usc.es>
# name: hd
# type: matrix
# rows: 100
# columns: 2
 2 0
 6 5.05050505050505
 3 10.1010101010101
 288 15.15151515151515
 4 20.2020202020202
 2 25.25252525252525
 192 30.3030303030303
 523 35.35353535353535
 606 40.4040404040404
 323 45.45454545454545
 120 50.50505050505051
 66 55.55555555555555
 0 60.6060606060606
 269 65.65656565656565
 203 70.7070707070707
 539 75.75757575757575
 2 80.8080808080808
 1 85.85858585858585
 65 90.90909090909091
 4 95.95959595959596
 7 101.010101010101
 188 106.060606060606
 167 111.1111111111111
 385 116.1616161616162
 187 121.2121212121212
 91 126.2626262626263
 0 131.3131313131313
 3 136.3636363636363
 81 141.4141414141414
 81 146.4646464646464
 403 151.5151515151515
 275 156.5656565656566
 3 161.6161616161616
 2 166.6666666666667
 75 171.7171717171717
 38 176.7676767676768
 0 181.8181818181818
 1 186.8686868686869
 204 191.9191919191919
 267 196.969696969697
 39 202.020202020202
 72 207.070707070707
 161 212.1212121212121
 56 217.1717171717171
 96 222.2222222222222
 231 227.2727272727273
 144 232.3232323232323
 1 237.3737373737374
 28 242.4242424242424
 165 247.4747474747475
 26 252.5252525252525
 127 257.5757575757576
 124 262.6262626262626
 33 267.6767676767677
 274 272.7272727272727
 140 277.7777777777778
 475 282.8282828282828
 210 287.8787878787879
 0 292.9292929292929
 2 297.979797979798
 1 303.030303030303
 192 308.0808080808081
 23 313.1313131313131
 26 318.1818181818182
 30 323.2323232323232
 34 328.2828282828282
 198 333.3333333333333
 70 338.3838383838383
 18 343.4343434343434
 169 348.4848484848484
 106 353.5353535353535
 28 358.5858585858585
 3 363.6363636363636
 50 368.6868686868686
 45 373.7373737373737
 39 378.7878787878788
 0 383.8383838383838
 3 388.8888888888889
 306 393.9393939393939
 60 398.989898989899
 69 404.040404040404
 164 409.0909090909091
 160 414.1414141414141
 529 419.1919191919192
 18 424.2424242424242
 239 429.2929292929293
 212 434.3434343434343
 4 439.3939393939394
 51 444.4444444444444
 67 449.4949494949495
 57 454.5454545454545
 0 459.5959595959596
 2 464.6464646464646
 0 469.6969696969697
 3 474.7474747474747
 3 479.7979797979798
 22 484.8484848484848
 21 489.8989898989898
 87 494.9494949494949
 0 500


