# Created by Octave 3.8.2, Mon Jun 22 02:27:44 2020 CEST <damian@fptrucha.inv.usc.es>
# name: hd
# type: matrix
# rows: 100
# columns: 2
 1 0
 0 5.05050505050505
 1 10.1010101010101
 7 15.15151515151515
 1 20.2020202020202
 0 25.25252525252525
 1 30.3030303030303
 0 35.35353535353535
 16 40.4040404040404
 0 45.45454545454545
 0 50.50505050505051
 0 55.55555555555555
 1 60.6060606060606
 1 65.65656565656565
 9 70.7070707070707
 19 75.75757575757575
 1 80.8080808080808
 0 85.85858585858585
 1 90.90909090909091
 0 95.95959595959596
 0 101.010101010101
 0 106.060606060606
 0 111.1111111111111
 6 116.1616161616162
 0 121.2121212121212
 0 126.2626262626263
 0 131.3131313131313
 0 136.3636363636363
 0 141.4141414141414
 0 146.4646464646464
 0 151.5151515151515
 1 156.5656565656566
 1 161.6161616161616
 0 166.6666666666667
 6 171.7171717171717
 0 176.7676767676768
 0 181.8181818181818
 0 186.8686868686869
 3 191.9191919191919
 9 196.969696969697
 3 202.020202020202
 0 207.070707070707
 0 212.1212121212121
 1 217.1717171717171
 2 222.2222222222222
 3 227.2727272727273
 3 232.3232323232323
 0 237.3737373737374
 0 242.4242424242424
 0 247.4747474747475
 0 252.5252525252525
 1 257.5757575757576
 0 262.6262626262626
 0 267.6767676767677
 0 272.7272727272727
 2 277.7777777777778
 1 282.8282828282828
 0 287.8787878787879
 0 292.9292929292929
 0 297.979797979798
 2 303.030303030303
 0 308.0808080808081
 0 313.1313131313131
 1 318.1818181818182
 1 323.2323232323232
 0 328.2828282828282
 0 333.3333333333333
 5 338.3838383838383
 0 343.4343434343434
 0 348.4848484848484
 1 353.5353535353535
 0 358.5858585858585
 0 363.6363636363636
 0 368.6868686868686
 0 373.7373737373737
 0 378.7878787878788
 0 383.8383838383838
 0 388.8888888888889
 0 393.9393939393939
 0 398.989898989899
 1 404.040404040404
 5 409.0909090909091
 0 414.1414141414141
 1 419.1919191919192
 1 424.2424242424242
 4 429.2929292929293
 4 434.3434343434343
 0 439.3939393939394
 2 444.4444444444444
 1 449.4949494949495
 0 454.5454545454545
 0 459.5959595959596
 0 464.6464646464646
 0 469.6969696969697
 0 474.7474747474747
 0 479.7979797979798
 0 484.8484848484848
 5 489.8989898989898
 5 494.9494949494949
 0 500


