# Created by Octave 3.8.2, Mon Jun 22 07:08:42 2020 CEST <damian@fptrucha.inv.usc.es>
# name: hd
# type: matrix
# rows: 100
# columns: 2
 2 0
 8 5.05050505050505
 3 10.1010101010101
 291 15.15151515151515
 7 20.2020202020202
 0 25.25252525252525
 139 30.3030303030303
 470 35.35353535353535
 581 40.4040404040404
 298 45.45454545454545
 126 50.50505050505051
 61 55.55555555555555
 2 60.6060606060606
 276 65.65656565656565
 208 70.7070707070707
 524 75.75757575757575
 2 80.8080808080808
 3 85.85858585858585
 64 90.90909090909091
 9 95.95959595959596
 5 101.010101010101
 182 106.060606060606
 139 111.1111111111111
 360 116.1616161616162
 194 121.2121212121212
 76 126.2626262626263
 2 131.3131313131313
 3 136.3636363636363
 68 141.4141414141414
 88 146.4646464646464
 416 151.5151515151515
 227 156.5656565656566
 3 161.6161616161616
 3 166.6666666666667
 77 171.7171717171717
 37 176.7676767676768
 2 181.8181818181818
 1 186.8686868686869
 162 191.9191919191919
 234 196.969696969697
 52 202.020202020202
 113 207.070707070707
 170 212.1212121212121
 55 217.1717171717171
 114 222.2222222222222
 242 227.2727272727273
 139 232.3232323232323
 0 237.3737373737374
 25 242.4242424242424
 137 247.4747474747475
 22 252.5252525252525
 101 257.5757575757576
 102 262.6262626262626
 40 267.6767676767677
 253 272.7272727272727
 130 277.7777777777778
 457 282.8282828282828
 189 287.8787878787879
 4 292.9292929292929
 2 297.979797979798
 1 303.030303030303
 210 308.0808080808081
 24 313.1313131313131
 32 318.1818181818182
 39 323.2323232323232
 35 328.2828282828282
 169 333.3333333333333
 67 338.3838383838383
 17 343.4343434343434
 180 348.4848484848484
 101 353.5353535353535
 20 358.5858585858585
 0 363.6363636363636
 53 368.6868686868686
 36 373.7373737373737
 46 378.7878787878788
 3 383.8383838383838
 1 388.8888888888889
 300 393.9393939393939
 50 398.989898989899
 60 404.040404040404
 158 409.0909090909091
 124 414.1414141414141
 523 419.1919191919192
 17 424.2424242424242
 239 429.2929292929293
 166 434.3434343434343
 6 439.3939393939394
 54 444.4444444444444
 85 449.4949494949495
 59 454.5454545454545
 0 459.5959595959596
 2 464.6464646464646
 2 469.6969696969697
 0 474.7474747474747
 2 479.7979797979798
 23 484.8484848484848
 25 489.8989898989898
 62 494.9494949494949
 0 500


