# Created by Octave 3.8.2, Mon Jun 22 21:14:18 2020 CEST <damian@fptrucha.inv.usc.es>
# name: hd
# type: matrix
# rows: 100
# columns: 2
 4 0
 5 5.05050505050505
 0 10.1010101010101
 271 15.15151515151515
 2 20.2020202020202
 2 25.25252525252525
 159 30.3030303030303
 584 35.35353535353535
 592 40.4040404040404
 315 45.45454545454545
 161 50.50505050505051
 71 55.55555555555555
 1 60.6060606060606
 273 65.65656565656565
 239 70.7070707070707
 588 75.75757575757575
 0 80.8080808080808
 1 85.85858585858585
 57 90.90909090909091
 4 95.95959595959596
 4 101.010101010101
 193 106.060606060606
 196 111.1111111111111
 435 116.1616161616162
 189 121.2121212121212
 79 126.2626262626263
 0 131.3131313131313
 2 136.3636363636363
 85 141.4141414141414
 96 146.4646464646464
 479 151.5151515151515
 272 156.5656565656566
 5 161.6161616161616
 2 166.6666666666667
 82 171.7171717171717
 34 176.7676767676768
 0 181.8181818181818
 0 186.8686868686869
 187 191.9191919191919
 280 196.969696969697
 62 202.020202020202
 117 207.070707070707
 211 212.1212121212121
 65 217.1717171717171
 107 222.2222222222222
 238 227.2727272727273
 112 232.3232323232323
 0 237.3737373737374
 26 242.4242424242424
 157 247.4747474747475
 28 252.5252525252525
 137 257.5757575757576
 143 262.6262626262626
 55 267.6767676767677
 286 272.7272727272727
 153 277.7777777777778
 508 282.8282828282828
 192 287.8787878787879
 1 292.9292929292929
 0 297.979797979798
 0 303.030303030303
 221 308.0808080808081
 30 313.1313131313131
 48 318.1818181818182
 29 323.2323232323232
 39 328.2828282828282
 202 333.3333333333333
 66 338.3838383838383
 18 343.4343434343434
 201 348.4848484848484
 117 353.5353535353535
 26 358.5858585858585
 1 363.6363636363636
 42 368.6868686868686
 40 373.7373737373737
 46 378.7878787878788
 0 383.8383838383838
 0 388.8888888888889
 311 393.9393939393939
 64 398.989898989899
 75 404.040404040404
 190 409.0909090909091
 148 414.1414141414141
 565 419.1919191919192
 28 424.2424242424242
 243 429.2929292929293
 194 434.3434343434343
 2 439.3939393939394
 43 444.4444444444444
 91 449.4949494949495
 66 454.5454545454545
 0 459.5959595959596
 2 464.6464646464646
 4 469.6969696969697
 0 474.7474747474747
 1 479.7979797979798
 22 484.8484848484848
 19 489.8989898989898
 70 494.9494949494949
 0 500


