# Created by Octave 3.8.2, Tue Jun 23 00:40:12 2020 CEST <damian@fptrucha.inv.usc.es>
# name: hd
# type: matrix
# rows: 100
# columns: 2
 1 0
 6 5.05050505050505
 1 10.1010101010101
 264 15.15151515151515
 1 20.2020202020202
 1 25.25252525252525
 160 30.3030303030303
 519 35.35353535353535
 585 40.4040404040404
 325 45.45454545454545
 138 50.50505050505051
 86 55.55555555555555
 2 60.6060606060606
 258 65.65656565656565
 241 70.7070707070707
 604 75.75757575757575
 0 80.8080808080808
 2 85.85858585858585
 64 90.90909090909091
 5 95.95959595959596
 3 101.010101010101
 216 106.060606060606
 209 111.1111111111111
 412 116.1616161616162
 233 121.2121212121212
 82 126.2626262626263
 1 131.3131313131313
 1 136.3636363636363
 71 141.4141414141414
 110 146.4646464646464
 469 151.5151515151515
 285 156.5656565656566
 3 161.6161616161616
 2 166.6666666666667
 69 171.7171717171717
 31 176.7676767676768
 1 181.8181818181818
 0 186.8686868686869
 201 191.9191919191919
 276 196.969696969697
 62 202.020202020202
 99 207.070707070707
 203 212.1212121212121
 75 217.1717171717171
 110 222.2222222222222
 234 227.2727272727273
 161 232.3232323232323
 1 237.3737373737374
 24 242.4242424242424
 147 247.4747474747475
 23 252.5252525252525
 136 257.5757575757576
 142 262.6262626262626
 47 267.6767676767677
 265 272.7272727272727
 169 277.7777777777778
 524 282.8282828282828
 202 287.8787878787879
 1 292.9292929292929
 1 297.979797979798
 0 303.030303030303
 217 308.0808080808081
 22 313.1313131313131
 45 318.1818181818182
 34 323.2323232323232
 32 328.2828282828282
 198 333.3333333333333
 79 338.3838383838383
 22 343.4343434343434
 193 348.4848484848484
 123 353.5353535353535
 36 358.5858585858585
 1 363.6363636363636
 59 368.6868686868686
 39 373.7373737373737
 43 378.7878787878788
 1 383.8383838383838
 0 388.8888888888889
 314 393.9393939393939
 62 398.989898989899
 54 404.040404040404
 180 409.0909090909091
 149 414.1414141414141
 589 419.1919191919192
 19 424.2424242424242
 243 429.2929292929293
 195 434.3434343434343
 1 439.3939393939394
 45 444.4444444444444
 87 449.4949494949495
 65 454.5454545454545
 1 459.5959595959596
 0 464.6464646464646
 2 469.6969696969697
 2 474.7474747474747
 1 479.7979797979798
 17 484.8484848484848
 24 489.8989898989898
 91 494.9494949494949
 0 500


