# Created by Octave 3.8.2, Sun Jun 21 04:04:36 2020 CEST <damian@fptrucha.inv.usc.es>
# name: hd
# type: matrix
# rows: 100
# columns: 2
 1 0
 1 5.05050505050505
 0 10.1010101010101
 276 15.15151515151515
 3 20.2020202020202
 0 25.25252525252525
 145 30.3030303030303
 510 35.35353535353535
 581 40.4040404040404
 332 45.45454545454545
 103 50.50505050505051
 71 55.55555555555555
 0 60.6060606060606
 258 65.65656565656565
 186 70.7070707070707
 546 75.75757575757575
 2 80.8080808080808
 0 85.85858585858585
 50 90.90909090909091
 1 95.95959595959596
 3 101.010101010101
 192 106.060606060606
 166 111.1111111111111
 348 116.1616161616162
 188 121.2121212121212
 84 126.2626262626263
 1 131.3131313131313
 4 136.3636363636363
 69 141.4141414141414
 76 146.4646464646464
 454 151.5151515151515
 260 156.5656565656566
 1 161.6161616161616
 1 166.6666666666667
 69 171.7171717171717
 28 176.7676767676768
 2 181.8181818181818
 0 186.8686868686869
 190 191.9191919191919
 287 196.969696969697
 46 202.020202020202
 92 207.070707070707
 158 212.1212121212121
 51 217.1717171717171
 113 222.2222222222222
 198 227.2727272727273
 120 232.3232323232323
 3 237.3737373737374
 21 242.4242424242424
 129 247.4747474747475
 13 252.5252525252525
 102 257.5757575757576
 138 262.6262626262626
 44 267.6767676767677
 251 272.7272727272727
 142 277.7777777777778
 421 282.8282828282828
 183 287.8787878787879
 2 292.9292929292929
 1 297.979797979798
 0 303.030303030303
 175 308.0808080808081
 21 313.1313131313131
 42 318.1818181818182
 31 323.2323232323232
 37 328.2828282828282
 185 333.3333333333333
 59 338.3838383838383
 18 343.4343434343434
 189 348.4848484848484
 83 353.5353535353535
 23 358.5858585858585
 2 363.6363636363636
 40 368.6868686868686
 29 373.7373737373737
 35 378.7878787878788
 0 383.8383838383838
 1 388.8888888888889
 269 393.9393939393939
 45 398.989898989899
 60 404.040404040404
 181 409.0909090909091
 151 414.1414141414141
 544 419.1919191919192
 12 424.2424242424242
 199 429.2929292929293
 156 434.3434343434343
 1 439.3939393939394
 68 444.4444444444444
 75 449.4949494949495
 49 454.5454545454545
 2 459.5959595959596
 0 464.6464646464646
 1 469.6969696969697
 1 474.7474747474747
 0 479.7979797979798
 14 484.8484848484848
 25 489.8989898989898
 81 494.9494949494949
 0 500


