# Created by Octave 3.8.2, Sat Jun 20 20:16:28 2020 CEST <damian@fptrucha.inv.usc.es>
# name: hd
# type: matrix
# rows: 100
# columns: 2
 0 0
 1 5.05050505050505
 0 10.1010101010101
 262 15.15151515151515
 3 20.2020202020202
 1 25.25252525252525
 140 30.3030303030303
 518 35.35353535353535
 574 40.4040404040404
 278 45.45454545454545
 106 50.50505050505051
 59 55.55555555555555
 1 60.6060606060606
 269 65.65656565656565
 204 70.7070707070707
 550 75.75757575757575
 2 80.8080808080808
 1 85.85858585858585
 68 90.90909090909091
 3 95.95959595959596
 0 101.010101010101
 184 106.060606060606
 185 111.1111111111111
 378 116.1616161616162
 195 121.2121212121212
 81 126.2626262626263
 0 131.3131313131313
 2 136.3636363636363
 70 141.4141414141414
 97 146.4646464646464
 448 151.5151515151515
 264 156.5656565656566
 3 161.6161616161616
 0 166.6666666666667
 72 171.7171717171717
 25 176.7676767676768
 0 181.8181818181818
 0 186.8686868686869
 163 191.9191919191919
 273 196.969696969697
 40 202.020202020202
 80 207.070707070707
 206 212.1212121212121
 60 217.1717171717171
 107 222.2222222222222
 198 227.2727272727273
 136 232.3232323232323
 1 237.3737373737374
 29 242.4242424242424
 137 247.4747474747475
 15 252.5252525252525
 116 257.5757575757576
 130 262.6262626262626
 40 267.6767676767677
 260 272.7272727272727
 134 277.7777777777778
 479 282.8282828282828
 214 287.8787878787879
 0 292.9292929292929
 1 297.979797979798
 0 303.030303030303
 204 308.0808080808081
 27 313.1313131313131
 46 318.1818181818182
 27 323.2323232323232
 31 328.2828282828282
 162 333.3333333333333
 55 338.3838383838383
 19 343.4343434343434
 199 348.4848484848484
 124 353.5353535353535
 31 358.5858585858585
 1 363.6363636363636
 53 368.6868686868686
 35 373.7373737373737
 27 378.7878787878788
 2 383.8383838383838
 0 388.8888888888889
 324 393.9393939393939
 59 398.989898989899
 62 404.040404040404
 172 409.0909090909091
 139 414.1414141414141
 577 419.1919191919192
 26 424.2424242424242
 210 429.2929292929293
 172 434.3434343434343
 4 439.3939393939394
 45 444.4444444444444
 75 449.4949494949495
 48 454.5454545454545
 2 459.5959595959596
 1 464.6464646464646
 1 469.6969696969697
 2 474.7474747474747
 0 479.7979797979798
 18 484.8484848484848
 16 489.8989898989898
 60 494.9494949494949
 0 500


