# Created by Octave 3.8.2, Sat Jun 20 05:21:15 2020 CEST <damian@fptrucha.inv.usc.es>
# name: hd
# type: matrix
# rows: 100
# columns: 2
 2 0
 3 5.05050505050505
 2 10.1010101010101
 309 15.15151515151515
 1 20.2020202020202
 0 25.25252525252525
 176 30.3030303030303
 544 35.35353535353535
 640 40.4040404040404
 332 45.45454545454545
 132 50.50505050505051
 86 55.55555555555555
 1 60.6060606060606
 318 65.65656565656565
 206 70.7070707070707
 577 75.75757575757575
 1 80.8080808080808
 2 85.85858585858585
 71 90.90909090909091
 6 95.95959595959596
 4 101.010101010101
 210 106.060606060606
 177 111.1111111111111
 451 116.1616161616162
 203 121.2121212121212
 95 126.2626262626263
 0 131.3131313131313
 0 136.3636363636363
 61 141.4141414141414
 94 146.4646464646464
 498 151.5151515151515
 312 156.5656565656566
 4 161.6161616161616
 0 166.6666666666667
 90 171.7171717171717
 30 176.7676767676768
 2 181.8181818181818
 0 186.8686868686869
 201 191.9191919191919
 273 196.969696969697
 55 202.020202020202
 99 207.070707070707
 196 212.1212121212121
 83 217.1717171717171
 112 222.2222222222222
 216 227.2727272727273
 152 232.3232323232323
 1 237.3737373737374
 21 242.4242424242424
 134 247.4747474747475
 16 252.5252525252525
 136 257.5757575757576
 156 262.6262626262626
 37 267.6767676767677
 294 272.7272727272727
 156 277.7777777777778
 490 282.8282828282828
 213 287.8787878787879
 1 292.9292929292929
 1 297.979797979798
 0 303.030303030303
 221 308.0808080808081
 45 313.1313131313131
 44 318.1818181818182
 38 323.2323232323232
 49 328.2828282828282
 197 333.3333333333333
 66 338.3838383838383
 12 343.4343434343434
 227 348.4848484848484
 121 353.5353535353535
 29 358.5858585858585
 2 363.6363636363636
 40 368.6868686868686
 35 373.7373737373737
 42 378.7878787878788
 0 383.8383838383838
 2 388.8888888888889
 358 393.9393939393939
 54 398.989898989899
 68 404.040404040404
 171 409.0909090909091
 147 414.1414141414141
 603 419.1919191919192
 25 424.2424242424242
 243 429.2929292929293
 205 434.3434343434343
 4 439.3939393939394
 60 444.4444444444444
 86 449.4949494949495
 63 454.5454545454545
 0 459.5959595959596
 1 464.6464646464646
 1 469.6969696969697
 1 474.7474747474747
 1 479.7979797979798
 22 484.8484848484848
 14 489.8989898989898
 69 494.9494949494949
 0 500


