# Created by Octave 3.8.2, Sat Jun 20 23:27:07 2020 CEST <damian@fptrucha.inv.usc.es>
# name: hd
# type: matrix
# rows: 100
# columns: 2
 1 0
 3 5.05050505050505
 0 10.1010101010101
 251 15.15151515151515
 3 20.2020202020202
 1 25.25252525252525
 149 30.3030303030303
 498 35.35353535353535
 603 40.4040404040404
 280 45.45454545454545
 125 50.50505050505051
 55 55.55555555555555
 1 60.6060606060606
 253 65.65656565656565
 188 70.7070707070707
 550 75.75757575757575
 3 80.8080808080808
 1 85.85858585858585
 56 90.90909090909091
 6 95.95959595959596
 5 101.010101010101
 186 106.060606060606
 168 111.1111111111111
 398 116.1616161616162
 180 121.2121212121212
 105 126.2626262626263
 0 131.3131313131313
 1 136.3636363636363
 70 141.4141414141414
 84 146.4646464646464
 444 151.5151515151515
 246 156.5656565656566
 5 161.6161616161616
 1 166.6666666666667
 51 171.7171717171717
 25 176.7676767676768
 0 181.8181818181818
 1 186.8686868686869
 184 191.9191919191919
 264 196.969696969697
 38 202.020202020202
 82 207.070707070707
 193 212.1212121212121
 63 217.1717171717171
 104 222.2222222222222
 215 227.2727272727273
 123 232.3232323232323
 0 237.3737373737374
 16 242.4242424242424
 124 247.4747474747475
 16 252.5252525252525
 113 257.5757575757576
 150 262.6262626262626
 35 267.6767676767677
 241 272.7272727272727
 172 277.7777777777778
 432 282.8282828282828
 219 287.8787878787879
 1 292.9292929292929
 2 297.979797979798
 2 303.030303030303
 217 308.0808080808081
 25 313.1313131313131
 46 318.1818181818182
 25 323.2323232323232
 34 328.2828282828282
 166 333.3333333333333
 55 338.3838383838383
 11 343.4343434343434
 192 348.4848484848484
 99 353.5353535353535
 26 358.5858585858585
 0 363.6363636363636
 36 368.6868686868686
 44 373.7373737373737
 35 378.7878787878788
 0 383.8383838383838
 0 388.8888888888889
 347 393.9393939393939
 52 398.989898989899
 64 404.040404040404
 177 409.0909090909091
 151 414.1414141414141
 522 419.1919191919192
 23 424.2424242424242
 195 429.2929292929293
 189 434.3434343434343
 2 439.3939393939394
 48 444.4444444444444
 73 449.4949494949495
 50 454.5454545454545
 0 459.5959595959596
 0 464.6464646464646
 1 469.6969696969697
 2 474.7474747474747
 2 479.7979797979798
 14 484.8484848484848
 17 489.8989898989898
 59 494.9494949494949
 0 500


