# Created by Octave 3.8.2, Sun Jun 21 04:16:46 2020 CEST <damian@fptrucha.inv.usc.es>
# name: hd
# type: matrix
# rows: 100
# columns: 2
 1 0
 3 5.05050505050505
 2 10.1010101010101
 239 15.15151515151515
 0 20.2020202020202
 0 25.25252525252525
 140 30.3030303030303
 493 35.35353535353535
 566 40.4040404040404
 283 45.45454545454545
 114 50.50505050505051
 60 55.55555555555555
 1 60.6060606060606
 247 65.65656565656565
 188 70.7070707070707
 568 75.75757575757575
 0 80.8080808080808
 0 85.85858585858585
 66 90.90909090909091
 6 95.95959595959596
 1 101.010101010101
 166 106.060606060606
 186 111.1111111111111
 402 116.1616161616162
 175 121.2121212121212
 75 126.2626262626263
 1 131.3131313131313
 0 136.3636363636363
 71 141.4141414141414
 84 146.4646464646464
 423 151.5151515151515
 253 156.5656565656566
 1 161.6161616161616
 1 166.6666666666667
 60 171.7171717171717
 30 176.7676767676768
 0 181.8181818181818
 0 186.8686868686869
 159 191.9191919191919
 235 196.969696969697
 54 202.020202020202
 95 207.070707070707
 191 212.1212121212121
 52 217.1717171717171
 74 222.2222222222222
 202 227.2727272727273
 123 232.3232323232323
 0 237.3737373737374
 20 242.4242424242424
 119 247.4747474747475
 21 252.5252525252525
 104 257.5757575757576
 135 262.6262626262626
 45 267.6767676767677
 235 272.7272727272727
 133 277.7777777777778
 465 282.8282828282828
 197 287.8787878787879
 0 292.9292929292929
 0 297.979797979798
 0 303.030303030303
 186 308.0808080808081
 23 313.1313131313131
 36 318.1818181818182
 33 323.2323232323232
 46 328.2828282828282
 153 333.3333333333333
 69 338.3838383838383
 19 343.4343434343434
 195 348.4848484848484
 89 353.5353535353535
 28 358.5858585858585
 1 363.6363636363636
 40 368.6868686868686
 51 373.7373737373737
 31 378.7878787878788
 0 383.8383838383838
 1 388.8888888888889
 311 393.9393939393939
 52 398.989898989899
 64 404.040404040404
 184 409.0909090909091
 117 414.1414141414141
 530 419.1919191919192
 28 424.2424242424242
 223 429.2929292929293
 162 434.3434343434343
 4 439.3939393939394
 50 444.4444444444444
 72 449.4949494949495
 59 454.5454545454545
 1 459.5959595959596
 1 464.6464646464646
 2 469.6969696969697
 0 474.7474747474747
 4 479.7979797979798
 21 484.8484848484848
 22 489.8989898989898
 65 494.9494949494949
 0 500


