# Created by Octave 3.8.2, Sat Jun 20 07:31:45 2020 CEST <damian@fptrucha.inv.usc.es>
# name: hd
# type: matrix
# rows: 100
# columns: 2
 1 0
 2 5.05050505050505
 1 10.1010101010101
 328 15.15151515151515
 1 20.2020202020202
 0 25.25252525252525
 164 30.3030303030303
 592 35.35353535353535
 722 40.4040404040404
 341 45.45454545454545
 145 50.50505050505051
 84 55.55555555555555
 1 60.6060606060606
 279 65.65656565656565
 224 70.7070707070707
 649 75.75757575757575
 0 80.8080808080808
 0 85.85858585858585
 70 90.90909090909091
 3 95.95959595959596
 3 101.010101010101
 184 106.060606060606
 201 111.1111111111111
 408 116.1616161616162
 207 121.2121212121212
 79 126.2626262626263
 2 131.3131313131313
 3 136.3636363636363
 85 141.4141414141414
 103 146.4646464646464
 527 151.5151515151515
 314 156.5656565656566
 4 161.6161616161616
 1 166.6666666666667
 77 171.7171717171717
 39 176.7676767676768
 1 181.8181818181818
 0 186.8686868686869
 201 191.9191919191919
 271 196.969696969697
 53 202.020202020202
 95 207.070707070707
 191 212.1212121212121
 65 217.1717171717171
 117 222.2222222222222
 261 227.2727272727273
 135 232.3232323232323
 0 237.3737373737374
 23 242.4242424242424
 146 247.4747474747475
 19 252.5252525252525
 136 257.5757575757576
 182 262.6262626262626
 51 267.6767676767677
 289 272.7272727272727
 155 277.7777777777778
 475 282.8282828282828
 212 287.8787878787879
 2 292.9292929292929
 0 297.979797979798
 0 303.030303030303
 235 308.0808080808081
 26 313.1313131313131
 39 318.1818181818182
 36 323.2323232323232
 47 328.2828282828282
 194 333.3333333333333
 77 338.3838383838383
 22 343.4343434343434
 214 348.4848484848484
 119 353.5353535353535
 34 358.5858585858585
 2 363.6363636363636
 57 368.6868686868686
 44 373.7373737373737
 40 378.7878787878788
 1 383.8383838383838
 0 388.8888888888889
 353 393.9393939393939
 60 398.989898989899
 72 404.040404040404
 197 409.0909090909091
 165 414.1414141414141
 650 419.1919191919192
 23 424.2424242424242
 270 429.2929292929293
 232 434.3434343434343
 0 439.3939393939394
 63 444.4444444444444
 97 449.4949494949495
 54 454.5454545454545
 1 459.5959595959596
 0 464.6464646464646
 3 469.6969696969697
 1 474.7474747474747
 2 479.7979797979798
 25 484.8484848484848
 27 489.8989898989898
 83 494.9494949494949
 0 500


