# Created by Octave 3.8.2, Mon Jun 22 04:20:01 2020 CEST <damian@fptrucha.inv.usc.es>
# name: hd
# type: matrix
# rows: 100
# columns: 2
 0 0
 5 5.05050505050505
 1 10.1010101010101
 237 15.15151515151515
 6 20.2020202020202
 1 25.25252525252525
 131 30.3030303030303
 444 35.35353535353535
 514 40.4040404040404
 291 45.45454545454545
 116 50.50505050505051
 69 55.55555555555555
 4 60.6060606060606
 243 65.65656565656565
 176 70.7070707070707
 559 75.75757575757575
 0 80.8080808080808
 0 85.85858585858585
 56 90.90909090909091
 8 95.95959595959596
 5 101.010101010101
 180 106.060606060606
 161 111.1111111111111
 334 116.1616161616162
 194 121.2121212121212
 81 126.2626262626263
 2 131.3131313131313
 1 136.3636363636363
 61 141.4141414141414
 74 146.4646464646464
 377 151.5151515151515
 195 156.5656565656566
 4 161.6161616161616
 1 166.6666666666667
 68 171.7171717171717
 25 176.7676767676768
 3 181.8181818181818
 0 186.8686868686869
 168 191.9191919191919
 270 196.969696969697
 53 202.020202020202
 66 207.070707070707
 163 212.1212121212121
 54 217.1717171717171
 97 222.2222222222222
 196 227.2727272727273
 132 232.3232323232323
 3 237.3737373737374
 29 242.4242424242424
 120 247.4747474747475
 25 252.5252525252525
 94 257.5757575757576
 100 262.6262626262626
 29 267.6767676767677
 233 272.7272727272727
 135 277.7777777777778
 438 282.8282828282828
 175 287.8787878787879
 4 292.9292929292929
 0 297.979797979798
 1 303.030303030303
 192 308.0808080808081
 26 313.1313131313131
 28 318.1818181818182
 26 323.2323232323232
 41 328.2828282828282
 184 333.3333333333333
 77 338.3838383838383
 24 343.4343434343434
 171 348.4848484848484
 96 353.5353535353535
 22 358.5858585858585
 1 363.6363636363636
 41 368.6868686868686
 43 373.7373737373737
 26 378.7878787878788
 1 383.8383838383838
 1 388.8888888888889
 279 393.9393939393939
 63 398.989898989899
 55 404.040404040404
 157 409.0909090909091
 131 414.1414141414141
 500 419.1919191919192
 22 424.2424242424242
 221 429.2929292929293
 147 434.3434343434343
 3 439.3939393939394
 45 444.4444444444444
 70 449.4949494949495
 50 454.5454545454545
 1 459.5959595959596
 2 464.6464646464646
 0 469.6969696969697
 2 474.7474747474747
 2 479.7979797979798
 24 484.8484848484848
 22 489.8989898989898
 86 494.9494949494949
 0 500


