# Created by Octave 3.8.2, Mon Jun 22 17:51:02 2020 CEST <damian@fptrucha.inv.usc.es>
# name: hd
# type: matrix
# rows: 100
# columns: 2
 2 0
 4 5.05050505050505
 1 10.1010101010101
 303 15.15151515151515
 5 20.2020202020202
 0 25.25252525252525
 161 30.3030303030303
 536 35.35353535353535
 626 40.4040404040404
 323 45.45454545454545
 138 50.50505050505051
 67 55.55555555555555
 2 60.6060606060606
 300 65.65656565656565
 207 70.7070707070707
 547 75.75757575757575
 4 80.8080808080808
 0 85.85858585858585
 62 90.90909090909091
 5 95.95959595959596
 4 101.010101010101
 184 106.060606060606
 208 111.1111111111111
 407 116.1616161616162
 236 121.2121212121212
 79 126.2626262626263
 0 131.3131313131313
 1 136.3636363636363
 75 141.4141414141414
 110 146.4646464646464
 439 151.5151515151515
 240 156.5656565656566
 1 161.6161616161616
 0 166.6666666666667
 76 171.7171717171717
 33 176.7676767676768
 0 181.8181818181818
 0 186.8686868686869
 194 191.9191919191919
 272 196.969696969697
 49 202.020202020202
 108 207.070707070707
 198 212.1212121212121
 64 217.1717171717171
 110 222.2222222222222
 220 227.2727272727273
 136 232.3232323232323
 2 237.3737373737374
 23 242.4242424242424
 136 247.4747474747475
 35 252.5252525252525
 122 257.5757575757576
 129 262.6262626262626
 47 267.6767676767677
 277 272.7272727272727
 142 277.7777777777778
 439 282.8282828282828
 202 287.8787878787879
 1 292.9292929292929
 1 297.979797979798
 1 303.030303030303
 230 308.0808080808081
 27 313.1313131313131
 38 318.1818181818182
 23 323.2323232323232
 32 328.2828282828282
 178 333.3333333333333
 81 338.3838383838383
 25 343.4343434343434
 190 348.4848484848484
 105 353.5353535353535
 31 358.5858585858585
 4 363.6363636363636
 50 368.6868686868686
 42 373.7373737373737
 32 378.7878787878788
 1 383.8383838383838
 2 388.8888888888889
 305 393.9393939393939
 61 398.989898989899
 63 404.040404040404
 184 409.0909090909091
 148 414.1414141414141
 568 419.1919191919192
 23 424.2424242424242
 266 429.2929292929293
 166 434.3434343434343
 5 439.3939393939394
 57 444.4444444444444
 75 449.4949494949495
 58 454.5454545454545
 2 459.5959595959596
 0 464.6464646464646
 0 469.6969696969697
 0 474.7474747474747
 0 479.7979797979798
 25 484.8484848484848
 19 489.8989898989898
 81 494.9494949494949
 0 500


