# Created by Octave 3.8.2, Mon Jun 22 12:19:00 2020 CEST <damian@fptrucha.inv.usc.es>
# name: hd
# type: matrix
# rows: 100
# columns: 2
 3 0
 1 5.05050505050505
 0 10.1010101010101
 281 15.15151515151515
 3 20.2020202020202
 0 25.25252525252525
 140 30.3030303030303
 518 35.35353535353535
 591 40.4040404040404
 296 45.45454545454545
 131 50.50505050505051
 92 55.55555555555555
 2 60.6060606060606
 268 65.65656565656565
 222 70.7070707070707
 547 75.75757575757575
 3 80.8080808080808
 0 85.85858585858585
 65 90.90909090909091
 6 95.95959595959596
 5 101.010101010101
 198 106.060606060606
 187 111.1111111111111
 349 116.1616161616162
 197 121.2121212121212
 97 126.2626262626263
 0 131.3131313131313
 2 136.3636363636363
 73 141.4141414141414
 85 146.4646464646464
 461 151.5151515151515
 254 156.5656565656566
 1 161.6161616161616
 0 166.6666666666667
 68 171.7171717171717
 28 176.7676767676768
 1 181.8181818181818
 1 186.8686868686869
 186 191.9191919191919
 261 196.969696969697
 54 202.020202020202
 106 207.070707070707
 191 212.1212121212121
 57 217.1717171717171
 94 222.2222222222222
 228 227.2727272727273
 161 232.3232323232323
 2 237.3737373737374
 26 242.4242424242424
 128 247.4747474747475
 20 252.5252525252525
 105 257.5757575757576
 147 262.6262626262626
 26 267.6767676767677
 263 272.7272727272727
 136 277.7777777777778
 445 282.8282828282828
 212 287.8787878787879
 1 292.9292929292929
 0 297.979797979798
 1 303.030303030303
 219 308.0808080808081
 30 313.1313131313131
 54 318.1818181818182
 36 323.2323232323232
 34 328.2828282828282
 187 333.3333333333333
 66 338.3838383838383
 17 343.4343434343434
 206 348.4848484848484
 123 353.5353535353535
 29 358.5858585858585
 3 363.6363636363636
 51 368.6868686868686
 42 373.7373737373737
 21 378.7878787878788
 1 383.8383838383838
 2 388.8888888888889
 287 393.9393939393939
 56 398.989898989899
 69 404.040404040404
 180 409.0909090909091
 141 414.1414141414141
 525 419.1919191919192
 19 424.2424242424242
 218 429.2929292929293
 178 434.3434343434343
 8 439.3939393939394
 62 444.4444444444444
 79 449.4949494949495
 71 454.5454545454545
 3 459.5959595959596
 0 464.6464646464646
 0 469.6969696969697
 0 474.7474747474747
 2 479.7979797979798
 21 484.8484848484848
 22 489.8989898989898
 83 494.9494949494949
 0 500


