# Created by Octave 3.8.2, Mon Jun 22 18:11:01 2020 CEST <damian@fptrucha.inv.usc.es>
# name: hd
# type: matrix
# rows: 100
# columns: 2
 3 0
 1 5.05050505050505
 2 10.1010101010101
 280 15.15151515151515
 5 20.2020202020202
 1 25.25252525252525
 155 30.3030303030303
 535 35.35353535353535
 649 40.4040404040404
 324 45.45454545454545
 135 50.50505050505051
 80 55.55555555555555
 3 60.6060606060606
 288 65.65656565656565
 246 70.7070707070707
 571 75.75757575757575
 1 80.8080808080808
 3 85.85858585858585
 65 90.90909090909091
 9 95.95959595959596
 2 101.010101010101
 210 106.060606060606
 190 111.1111111111111
 396 116.1616161616162
 228 121.2121212121212
 89 126.2626262626263
 2 131.3131313131313
 0 136.3636363636363
 54 141.4141414141414
 90 146.4646464646464
 451 151.5151515151515
 283 156.5656565656566
 4 161.6161616161616
 2 166.6666666666667
 68 171.7171717171717
 32 176.7676767676768
 2 181.8181818181818
 2 186.8686868686869
 222 191.9191919191919
 286 196.969696969697
 51 202.020202020202
 95 207.070707070707
 194 212.1212121212121
 66 217.1717171717171
 94 222.2222222222222
 244 227.2727272727273
 142 232.3232323232323
 1 237.3737373737374
 32 242.4242424242424
 152 247.4747474747475
 23 252.5252525252525
 126 257.5757575757576
 136 262.6262626262626
 38 267.6767676767677
 269 272.7272727272727
 132 277.7777777777778
 419 282.8282828282828
 186 287.8787878787879
 1 292.9292929292929
 1 297.979797979798
 0 303.030303030303
 208 308.0808080808081
 31 313.1313131313131
 34 318.1818181818182
 30 323.2323232323232
 39 328.2828282828282
 186 333.3333333333333
 73 338.3838383838383
 25 343.4343434343434
 174 348.4848484848484
 91 353.5353535353535
 38 358.5858585858585
 2 363.6363636363636
 43 368.6868686868686
 30 373.7373737373737
 30 378.7878787878788
 3 383.8383838383838
 2 388.8888888888889
 329 393.9393939393939
 59 398.989898989899
 57 404.040404040404
 183 409.0909090909091
 140 414.1414141414141
 549 419.1919191919192
 23 424.2424242424242
 223 429.2929292929293
 169 434.3434343434343
 1 439.3939393939394
 57 444.4444444444444
 78 449.4949494949495
 46 454.5454545454545
 0 459.5959595959596
 1 464.6464646464646
 0 469.6969696969697
 1 474.7474747474747
 2 479.7979797979798
 37 484.8484848484848
 25 489.8989898989898
 81 494.9494949494949
 0 500


