# Created by Octave 3.8.2, Mon Jun 22 10:04:53 2020 CEST <damian@fptrucha.inv.usc.es>
# name: hd
# type: matrix
# rows: 100
# columns: 2
 1 0
 4 5.05050505050505
 3 10.1010101010101
 248 15.15151515151515
 3 20.2020202020202
 1 25.25252525252525
 140 30.3030303030303
 540 35.35353535353535
 635 40.4040404040404
 320 45.45454545454545
 128 50.50505050505051
 71 55.55555555555555
 2 60.6060606060606
 266 65.65656565656565
 212 70.7070707070707
 537 75.75757575757575
 1 80.8080808080808
 0 85.85858585858585
 64 90.90909090909091
 8 95.95959595959596
 2 101.010101010101
 195 106.060606060606
 162 111.1111111111111
 379 116.1616161616162
 229 121.2121212121212
 112 126.2626262626263
 1 131.3131313131313
 1 136.3636363636363
 63 141.4141414141414
 111 146.4646464646464
 414 151.5151515151515
 278 156.5656565656566
 2 161.6161616161616
 2 166.6666666666667
 68 171.7171717171717
 37 176.7676767676768
 2 181.8181818181818
 0 186.8686868686869
 185 191.9191919191919
 269 196.969696969697
 44 202.020202020202
 103 207.070707070707
 184 212.1212121212121
 52 217.1717171717171
 102 222.2222222222222
 228 227.2727272727273
 156 232.3232323232323
 1 237.3737373737374
 18 242.4242424242424
 151 247.4747474747475
 18 252.5252525252525
 122 257.5757575757576
 148 262.6262626262626
 61 267.6767676767677
 278 272.7272727272727
 134 277.7777777777778
 451 282.8282828282828
 202 287.8787878787879
 2 292.9292929292929
 1 297.979797979798
 1 303.030303030303
 212 308.0808080808081
 22 313.1313131313131
 48 318.1818181818182
 32 323.2323232323232
 40 328.2828282828282
 159 333.3333333333333
 66 338.3838383838383
 23 343.4343434343434
 191 348.4848484848484
 92 353.5353535353535
 31 358.5858585858585
 4 363.6363636363636
 56 368.6868686868686
 37 373.7373737373737
 30 378.7878787878788
 0 383.8383838383838
 1 388.8888888888889
 315 393.9393939393939
 46 398.989898989899
 66 404.040404040404
 139 409.0909090909091
 141 414.1414141414141
 521 419.1919191919192
 18 424.2424242424242
 214 429.2929292929293
 198 434.3434343434343
 8 439.3939393939394
 66 444.4444444444444
 83 449.4949494949495
 49 454.5454545454545
 2 459.5959595959596
 5 464.6464646464646
 2 469.6969696969697
 0 474.7474747474747
 1 479.7979797979798
 14 484.8484848484848
 24 489.8989898989898
 61 494.9494949494949
 0 500


