# Created by Octave 3.8.2, Sun Jun 21 07:14:33 2020 CEST <damian@fptrucha.inv.usc.es>
# name: hd
# type: matrix
# rows: 100
# columns: 2
 0 0
 3 5.05050505050505
 0 10.1010101010101
 294 15.15151515151515
 2 20.2020202020202
 0 25.25252525252525
 172 30.3030303030303
 519 35.35353535353535
 626 40.4040404040404
 315 45.45454545454545
 114 50.50505050505051
 67 55.55555555555555
 3 60.6060606060606
 257 65.65656565656565
 199 70.7070707070707
 558 75.75757575757575
 0 80.8080808080808
 0 85.85858585858585
 56 90.90909090909091
 3 95.95959595959596
 0 101.010101010101
 191 106.060606060606
 174 111.1111111111111
 382 116.1616161616162
 210 121.2121212121212
 85 126.2626262626263
 0 131.3131313131313
 1 136.3636363636363
 75 141.4141414141414
 87 146.4646464646464
 424 151.5151515151515
 262 156.5656565656566
 3 161.6161616161616
 0 166.6666666666667
 70 171.7171717171717
 32 176.7676767676768
 0 181.8181818181818
 0 186.8686868686869
 175 191.9191919191919
 267 196.969696969697
 61 202.020202020202
 92 207.070707070707
 179 212.1212121212121
 71 217.1717171717171
 103 222.2222222222222
 230 227.2727272727273
 143 232.3232323232323
 1 237.3737373737374
 26 242.4242424242424
 133 247.4747474747475
 18 252.5252525252525
 121 257.5757575757576
 157 262.6262626262626
 45 267.6767676767677
 243 272.7272727272727
 135 277.7777777777778
 434 282.8282828282828
 206 287.8787878787879
 1 292.9292929292929
 2 297.979797979798
 0 303.030303030303
 188 308.0808080808081
 17 313.1313131313131
 52 318.1818181818182
 29 323.2323232323232
 30 328.2828282828282
 166 333.3333333333333
 40 338.3838383838383
 25 343.4343434343434
 197 348.4848484848484
 116 353.5353535353535
 35 358.5858585858585
 0 363.6363636363636
 36 368.6868686868686
 44 373.7373737373737
 36 378.7878787878788
 2 383.8383838383838
 0 388.8888888888889
 309 393.9393939393939
 52 398.989898989899
 71 404.040404040404
 174 409.0909090909091
 160 414.1414141414141
 619 419.1919191919192
 20 424.2424242424242
 261 429.2929292929293
 165 434.3434343434343
 4 439.3939393939394
 60 444.4444444444444
 75 449.4949494949495
 46 454.5454545454545
 0 459.5959595959596
 0 464.6464646464646
 0 469.6969696969697
 1 474.7474747474747
 1 479.7979797979798
 19 484.8484848484848
 21 489.8989898989898
 76 494.9494949494949
 0 500


