# Created by Octave 3.8.2, Sat Jun 20 03:23:46 2020 CEST <damian@fptrucha.inv.usc.es>
# name: hd
# type: matrix
# rows: 100
# columns: 2
 0 0
 3 5.05050505050505
 1 10.1010101010101
 290 15.15151515151515
 2 20.2020202020202
 0 25.25252525252525
 170 30.3030303030303
 581 35.35353535353535
 625 40.4040404040404
 348 45.45454545454545
 140 50.50505050505051
 75 55.55555555555555
 3 60.6060606060606
 251 65.65656565656565
 208 70.7070707070707
 647 75.75757575757575
 2 80.8080808080808
 0 85.85858585858585
 71 90.90909090909091
 4 95.95959595959596
 4 101.010101010101
 182 106.060606060606
 196 111.1111111111111
 417 116.1616161616162
 205 121.2121212121212
 77 126.2626262626263
 0 131.3131313131313
 2 136.3636363636363
 65 141.4141414141414
 84 146.4646464646464
 444 151.5151515151515
 291 156.5656565656566
 1 161.6161616161616
 0 166.6666666666667
 85 171.7171717171717
 35 176.7676767676768
 1 181.8181818181818
 0 186.8686868686869
 209 191.9191919191919
 273 196.969696969697
 55 202.020202020202
 79 207.070707070707
 191 212.1212121212121
 71 217.1717171717171
 103 222.2222222222222
 256 227.2727272727273
 143 232.3232323232323
 1 237.3737373737374
 28 242.4242424242424
 145 247.4747474747475
 24 252.5252525252525
 141 257.5757575757576
 127 262.6262626262626
 36 267.6767676767677
 286 272.7272727272727
 158 277.7777777777778
 525 282.8282828282828
 207 287.8787878787879
 0 292.9292929292929
 1 297.979797979798
 0 303.030303030303
 220 308.0808080808081
 23 313.1313131313131
 36 318.1818181818182
 45 323.2323232323232
 41 328.2828282828282
 184 333.3333333333333
 67 338.3838383838383
 21 343.4343434343434
 210 348.4848484848484
 109 353.5353535353535
 30 358.5858585858585
 1 363.6363636363636
 50 368.6868686868686
 41 373.7373737373737
 38 378.7878787878788
 0 383.8383838383838
 2 388.8888888888889
 370 393.9393939393939
 67 398.989898989899
 55 404.040404040404
 202 409.0909090909091
 155 414.1414141414141
 628 419.1919191919192
 18 424.2424242424242
 237 429.2929292929293
 193 434.3434343434343
 5 439.3939393939394
 71 444.4444444444444
 86 449.4949494949495
 44 454.5454545454545
 0 459.5959595959596
 0 464.6464646464646
 0 469.6969696969697
 0 474.7474747474747
 1 479.7979797979798
 23 484.8484848484848
 24 489.8989898989898
 70 494.9494949494949
 0 500


