# Created by Octave 3.8.2, Mon Jun 22 04:02:24 2020 CEST <damian@fptrucha.inv.usc.es>
# name: hd
# type: matrix
# rows: 100
# columns: 2
 2 0
 2 5.05050505050505
 2 10.1010101010101
 264 15.15151515151515
 6 20.2020202020202
 1 25.25252525252525
 128 30.3030303030303
 477 35.35353535353535
 511 40.4040404040404
 297 45.45454545454545
 133 50.50505050505051
 72 55.55555555555555
 1 60.6060606060606
 270 65.65656565656565
 179 70.7070707070707
 475 75.75757575757575
 3 80.8080808080808
 4 85.85858585858585
 52 90.90909090909091
 5 95.95959595959596
 4 101.010101010101
 183 106.060606060606
 159 111.1111111111111
 368 116.1616161616162
 159 121.2121212121212
 66 126.2626262626263
 1 131.3131313131313
 1 136.3636363636363
 72 141.4141414141414
 73 146.4646464646464
 414 151.5151515151515
 204 156.5656565656566
 6 161.6161616161616
 0 166.6666666666667
 84 171.7171717171717
 31 176.7676767676768
 0 181.8181818181818
 2 186.8686868686869
 188 191.9191919191919
 238 196.969696969697
 40 202.020202020202
 69 207.070707070707
 165 212.1212121212121
 58 217.1717171717171
 99 222.2222222222222
 208 227.2727272727273
 127 232.3232323232323
 2 237.3737373737374
 18 242.4242424242424
 136 247.4747474747475
 25 252.5252525252525
 108 257.5757575757576
 114 262.6262626262626
 46 267.6767676767677
 260 272.7272727272727
 127 277.7777777777778
 443 282.8282828282828
 181 287.8787878787879
 2 292.9292929292929
 3 297.979797979798
 1 303.030303030303
 211 308.0808080808081
 27 313.1313131313131
 32 318.1818181818182
 26 323.2323232323232
 45 328.2828282828282
 157 333.3333333333333
 65 338.3838383838383
 24 343.4343434343434
 206 348.4848484848484
 107 353.5353535353535
 34 358.5858585858585
 1 363.6363636363636
 54 368.6868686868686
 33 373.7373737373737
 33 378.7878787878788
 2 383.8383838383838
 2 388.8888888888889
 307 393.9393939393939
 46 398.989898989899
 76 404.040404040404
 168 409.0909090909091
 125 414.1414141414141
 499 419.1919191919192
 20 424.2424242424242
 215 429.2929292929293
 170 434.3434343434343
 2 439.3939393939394
 63 444.4444444444444
 63 449.4949494949495
 54 454.5454545454545
 0 459.5959595959596
 1 464.6464646464646
 1 469.6969696969697
 1 474.7474747474747
 1 479.7979797979798
 25 484.8484848484848
 11 489.8989898989898
 59 494.9494949494949
 0 500


