# Created by Octave 3.8.2, Mon Jun 22 07:58:14 2020 CEST <damian@fptrucha.inv.usc.es>
# name: hd
# type: matrix
# rows: 100
# columns: 2
 4 0
 5 5.05050505050505
 3 10.1010101010101
 320 15.15151515151515
 4 20.2020202020202
 0 25.25252525252525
 148 30.3030303030303
 489 35.35353535353535
 603 40.4040404040404
 312 45.45454545454545
 126 50.50505050505051
 85 55.55555555555555
 2 60.6060606060606
 277 65.65656565656565
 202 70.7070707070707
 547 75.75757575757575
 3 80.8080808080808
 4 85.85858585858585
 55 90.90909090909091
 7 95.95959595959596
 1 101.010101010101
 178 106.060606060606
 146 111.1111111111111
 349 116.1616161616162
 189 121.2121212121212
 81 126.2626262626263
 0 131.3131313131313
 1 136.3636363636363
 70 141.4141414141414
 92 146.4646464646464
 409 151.5151515151515
 276 156.5656565656566
 1 161.6161616161616
 0 166.6666666666667
 69 171.7171717171717
 25 176.7676767676768
 1 181.8181818181818
 1 186.8686868686869
 209 191.9191919191919
 231 196.969696969697
 45 202.020202020202
 106 207.070707070707
 178 212.1212121212121
 51 217.1717171717171
 97 222.2222222222222
 220 227.2727272727273
 125 232.3232323232323
 2 237.3737373737374
 19 242.4242424242424
 152 247.4747474747475
 30 252.5252525252525
 109 257.5757575757576
 89 262.6262626262626
 35 267.6767676767677
 257 272.7272727272727
 139 277.7777777777778
 427 282.8282828282828
 178 287.8787878787879
 2 292.9292929292929
 2 297.979797979798
 1 303.030303030303
 210 308.0808080808081
 34 313.1313131313131
 24 318.1818181818182
 32 323.2323232323232
 40 328.2828282828282
 140 333.3333333333333
 64 338.3838383838383
 17 343.4343434343434
 169 348.4848484848484
 116 353.5353535353535
 34 358.5858585858585
 1 363.6363636363636
 43 368.6868686868686
 41 373.7373737373737
 39 378.7878787878788
 1 383.8383838383838
 1 388.8888888888889
 288 393.9393939393939
 58 398.989898989899
 62 404.040404040404
 169 409.0909090909091
 143 414.1414141414141
 479 419.1919191919192
 21 424.2424242424242
 205 429.2929292929293
 149 434.3434343434343
 6 439.3939393939394
 39 444.4444444444444
 73 449.4949494949495
 56 454.5454545454545
 1 459.5959595959596
 2 464.6464646464646
 1 469.6969696969697
 1 474.7474747474747
 1 479.7979797979798
 16 484.8484848484848
 11 489.8989898989898
 62 494.9494949494949
 0 500


