# Created by Octave 3.8.2, Sat Jun 20 02:29:39 2020 CEST <damian@fptrucha.inv.usc.es>
# name: hd
# type: matrix
# rows: 100
# columns: 2
 1 0
 2 5.05050505050505
 2 10.1010101010101
 305 15.15151515151515
 0 20.2020202020202
 0 25.25252525252525
 194 30.3030303030303
 553 35.35353535353535
 634 40.4040404040404
 304 45.45454545454545
 128 50.50505050505051
 75 55.55555555555555
 2 60.6060606060606
 274 65.65656565656565
 220 70.7070707070707
 620 75.75757575757575
 1 80.8080808080808
 2 85.85858585858585
 63 90.90909090909091
 3 95.95959595959596
 3 101.010101010101
 197 106.060606060606
 188 111.1111111111111
 452 116.1616161616162
 220 121.2121212121212
 74 126.2626262626263
 0 131.3131313131313
 2 136.3636363636363
 78 141.4141414141414
 106 146.4646464646464
 438 151.5151515151515
 297 156.5656565656566
 5 161.6161616161616
 1 166.6666666666667
 93 171.7171717171717
 33 176.7676767676768
 0 181.8181818181818
 0 186.8686868686869
 203 191.9191919191919
 267 196.969696969697
 55 202.020202020202
 85 207.070707070707
 193 212.1212121212121
 76 217.1717171717171
 108 222.2222222222222
 247 227.2727272727273
 163 232.3232323232323
 0 237.3737373737374
 23 242.4242424242424
 144 247.4747474747475
 29 252.5252525252525
 152 257.5757575757576
 147 262.6262626262626
 53 267.6767676767677
 282 272.7272727272727
 160 277.7777777777778
 462 282.8282828282828
 212 287.8787878787879
 2 292.9292929292929
 0 297.979797979798
 0 303.030303030303
 214 308.0808080808081
 24 313.1313131313131
 41 318.1818181818182
 45 323.2323232323232
 42 328.2828282828282
 165 333.3333333333333
 68 338.3838383838383
 28 343.4343434343434
 204 348.4848484848484
 107 353.5353535353535
 31 358.5858585858585
 3 363.6363636363636
 47 368.6868686868686
 28 373.7373737373737
 44 378.7878787878788
 2 383.8383838383838
 1 388.8888888888889
 333 393.9393939393939
 54 398.989898989899
 61 404.040404040404
 163 409.0909090909091
 150 414.1414141414141
 631 419.1919191919192
 18 424.2424242424242
 260 429.2929292929293
 218 434.3434343434343
 4 439.3939393939394
 56 444.4444444444444
 79 449.4949494949495
 47 454.5454545454545
 1 459.5959595959596
 0 464.6464646464646
 0 469.6969696969697
 2 474.7474747474747
 2 479.7979797979798
 21 484.8484848484848
 21 489.8989898989898
 99 494.9494949494949
 0 500


