# Created by Octave 3.8.2, Sat Jun 20 10:51:13 2020 CEST <damian@fptrucha.inv.usc.es>
# name: hd
# type: matrix
# rows: 100
# columns: 2
 3 0
 5 5.05050505050505
 0 10.1010101010101
 279 15.15151515151515
 2 20.2020202020202
 1 25.25252525252525
 168 30.3030303030303
 557 35.35353535353535
 650 40.4040404040404
 325 45.45454545454545
 146 50.50505050505051
 86 55.55555555555555
 1 60.6060606060606
 299 65.65656565656565
 237 70.7070707070707
 629 75.75757575757575
 0 80.8080808080808
 0 85.85858585858585
 67 90.90909090909091
 3 95.95959595959596
 1 101.010101010101
 203 106.060606060606
 195 111.1111111111111
 425 116.1616161616162
 229 121.2121212121212
 95 126.2626262626263
 1 131.3131313131313
 1 136.3636363636363
 72 141.4141414141414
 103 146.4646464646464
 481 151.5151515151515
 350 156.5656565656566
 3 161.6161616161616
 1 166.6666666666667
 87 171.7171717171717
 29 176.7676767676768
 2 181.8181818181818
 0 186.8686868686869
 208 191.9191919191919
 297 196.969696969697
 56 202.020202020202
 89 207.070707070707
 196 212.1212121212121
 77 217.1717171717171
 96 222.2222222222222
 248 227.2727272727273
 156 232.3232323232323
 1 237.3737373737374
 32 242.4242424242424
 142 247.4747474747475
 26 252.5252525252525
 136 257.5757575757576
 143 262.6262626262626
 43 267.6767676767677
 303 272.7272727272727
 173 277.7777777777778
 520 282.8282828282828
 238 287.8787878787879
 2 292.9292929292929
 1 297.979797979798
 0 303.030303030303
 199 308.0808080808081
 26 313.1313131313131
 47 318.1818181818182
 40 323.2323232323232
 39 328.2828282828282
 180 333.3333333333333
 69 338.3838383838383
 23 343.4343434343434
 218 348.4848484848484
 108 353.5353535353535
 30 358.5858585858585
 2 363.6363636363636
 51 368.6868686868686
 40 373.7373737373737
 40 378.7878787878788
 0 383.8383838383838
 0 388.8888888888889
 320 393.9393939393939
 63 398.989898989899
 69 404.040404040404
 194 409.0909090909091
 159 414.1414141414141
 640 419.1919191919192
 23 424.2424242424242
 232 429.2929292929293
 202 434.3434343434343
 4 439.3939393939394
 62 444.4444444444444
 84 449.4949494949495
 47 454.5454545454545
 2 459.5959595959596
 0 464.6464646464646
 0 469.6969696969697
 0 474.7474747474747
 0 479.7979797979798
 21 484.8484848484848
 31 489.8989898989898
 81 494.9494949494949
 0 500


