# Created by Octave 3.8.2, Mon Jun 22 03:40:42 2020 CEST <damian@fptrucha.inv.usc.es>
# name: hd
# type: matrix
# rows: 100
# columns: 2
 2 0
 4 5.05050505050505
 2 10.1010101010101
 252 15.15151515151515
 6 20.2020202020202
 0 25.25252525252525
 145 30.3030303030303
 455 35.35353535353535
 508 40.4040404040404
 294 45.45454545454545
 125 50.50505050505051
 68 55.55555555555555
 6 60.6060606060606
 247 65.65656565656565
 164 70.7070707070707
 539 75.75757575757575
 3 80.8080808080808
 0 85.85858585858585
 61 90.90909090909091
 1 95.95959595959596
 4 101.010101010101
 164 106.060606060606
 179 111.1111111111111
 365 116.1616161616162
 186 121.2121212121212
 79 126.2626262626263
 1 131.3131313131313
 2 136.3636363636363
 66 141.4141414141414
 112 146.4646464646464
 414 151.5151515151515
 248 156.5656565656566
 3 161.6161616161616
 2 166.6666666666667
 58 171.7171717171717
 28 176.7676767676768
 1 181.8181818181818
 3 186.8686868686869
 183 191.9191919191919
 248 196.969696969697
 46 202.020202020202
 89 207.070707070707
 154 212.1212121212121
 46 217.1717171717171
 119 222.2222222222222
 203 227.2727272727273
 126 232.3232323232323
 2 237.3737373737374
 25 242.4242424242424
 122 247.4747474747475
 24 252.5252525252525
 104 257.5757575757576
 102 262.6262626262626
 30 267.6767676767677
 265 272.7272727272727
 136 277.7777777777778
 420 282.8282828282828
 204 287.8787878787879
 3 292.9292929292929
 0 297.979797979798
 0 303.030303030303
 221 308.0808080808081
 28 313.1313131313131
 37 318.1818181818182
 32 323.2323232323232
 29 328.2828282828282
 174 333.3333333333333
 79 338.3838383838383
 21 343.4343434343434
 161 348.4848484848484
 84 353.5353535353535
 21 358.5858585858585
 2 363.6363636363636
 47 368.6868686868686
 45 373.7373737373737
 37 378.7878787878788
 2 383.8383838383838
 3 388.8888888888889
 304 393.9393939393939
 65 398.989898989899
 47 404.040404040404
 163 409.0909090909091
 137 414.1414141414141
 510 419.1919191919192
 21 424.2424242424242
 227 429.2929292929293
 181 434.3434343434343
 1 439.3939393939394
 62 444.4444444444444
 66 449.4949494949495
 64 454.5454545454545
 2 459.5959595959596
 0 464.6464646464646
 5 469.6969696969697
 3 474.7474747474747
 1 479.7979797979798
 16 484.8484848484848
 21 489.8989898989898
 73 494.9494949494949
 0 500


