# Created by Octave 3.8.2, Sat Jun 20 19:47:16 2020 CEST <damian@fptrucha.inv.usc.es>
# name: hd
# type: matrix
# rows: 100
# columns: 2
 0 0
 1 5.05050505050505
 0 10.1010101010101
 277 15.15151515151515
 4 20.2020202020202
 0 25.25252525252525
 157 30.3030303030303
 438 35.35353535353535
 592 40.4040404040404
 320 45.45454545454545
 137 50.50505050505051
 74 55.55555555555555
 3 60.6060606060606
 268 65.65656565656565
 215 70.7070707070707
 617 75.75757575757575
 4 80.8080808080808
 0 85.85858585858585
 68 90.90909090909091
 5 95.95959595959596
 4 101.010101010101
 214 106.060606060606
 180 111.1111111111111
 382 116.1616161616162
 176 121.2121212121212
 77 126.2626262626263
 0 131.3131313131313
 2 136.3636363636363
 71 141.4141414141414
 85 146.4646464646464
 450 151.5151515151515
 237 156.5656565656566
 2 161.6161616161616
 3 166.6666666666667
 68 171.7171717171717
 35 176.7676767676768
 1 181.8181818181818
 0 186.8686868686869
 176 191.9191919191919
 264 196.969696969697
 49 202.020202020202
 79 207.070707070707
 172 212.1212121212121
 58 217.1717171717171
 101 222.2222222222222
 249 227.2727272727273
 137 232.3232323232323
 3 237.3737373737374
 23 242.4242424242424
 111 247.4747474747475
 18 252.5252525252525
 119 257.5757575757576
 146 262.6262626262626
 37 267.6767676767677
 231 272.7272727272727
 150 277.7777777777778
 433 282.8282828282828
 208 287.8787878787879
 0 292.9292929292929
 1 297.979797979798
 0 303.030303030303
 202 308.0808080808081
 20 313.1313131313131
 37 318.1818181818182
 31 323.2323232323232
 43 328.2828282828282
 165 333.3333333333333
 71 338.3838383838383
 13 343.4343434343434
 184 348.4848484848484
 90 353.5353535353535
 30 358.5858585858585
 2 363.6363636363636
 46 368.6868686868686
 43 373.7373737373737
 28 378.7878787878788
 1 383.8383838383838
 0 388.8888888888889
 322 393.9393939393939
 57 398.989898989899
 45 404.040404040404
 161 409.0909090909091
 144 414.1414141414141
 527 419.1919191919192
 17 424.2424242424242
 244 429.2929292929293
 194 434.3434343434343
 5 439.3939393939394
 51 444.4444444444444
 70 449.4949494949495
 67 454.5454545454545
 0 459.5959595959596
 0 464.6464646464646
 1 469.6969696969697
 1 474.7474747474747
 1 479.7979797979798
 23 484.8484848484848
 17 489.8989898989898
 83 494.9494949494949
 0 500


