# Created by Octave 3.8.2, Sat Jun 20 11:48:36 2020 CEST <damian@fptrucha.inv.usc.es>
# name: hd
# type: matrix
# rows: 100
# columns: 2
 0 0
 3 5.05050505050505
 1 10.1010101010101
 316 15.15151515151515
 2 20.2020202020202
 0 25.25252525252525
 191 30.3030303030303
 590 35.35353535353535
 703 40.4040404040404
 341 45.45454545454545
 146 50.50505050505051
 80 55.55555555555555
 2 60.6060606060606
 284 65.65656565656565
 246 70.7070707070707
 632 75.75757575757575
 0 80.8080808080808
 0 85.85858585858585
 64 90.90909090909091
 2 95.95959595959596
 3 101.010101010101
 201 106.060606060606
 186 111.1111111111111
 426 116.1616161616162
 199 121.2121212121212
 112 126.2626262626263
 0 131.3131313131313
 3 136.3636363636363
 83 141.4141414141414
 121 146.4646464646464
 467 151.5151515151515
 305 156.5656565656566
 1 161.6161616161616
 1 166.6666666666667
 75 171.7171717171717
 29 176.7676767676768
 1 181.8181818181818
 0 186.8686868686869
 182 191.9191919191919
 278 196.969696969697
 48 202.020202020202
 92 207.070707070707
 198 212.1212121212121
 72 217.1717171717171
 105 222.2222222222222
 228 227.2727272727273
 145 232.3232323232323
 0 237.3737373737374
 22 242.4242424242424
 127 247.4747474747475
 13 252.5252525252525
 111 257.5757575757576
 148 262.6262626262626
 41 267.6767676767677
 249 272.7272727272727
 148 277.7777777777778
 501 282.8282828282828
 218 287.8787878787879
 0 292.9292929292929
 0 297.979797979798
 0 303.030303030303
 228 308.0808080808081
 25 313.1313131313131
 41 318.1818181818182
 40 323.2323232323232
 44 328.2828282828282
 164 333.3333333333333
 72 338.3838383838383
 19 343.4343434343434
 206 348.4848484848484
 111 353.5353535353535
 35 358.5858585858585
 2 363.6363636363636
 42 368.6868686868686
 41 373.7373737373737
 36 378.7878787878788
 0 383.8383838383838
 2 388.8888888888889
 377 393.9393939393939
 68 398.989898989899
 53 404.040404040404
 182 409.0909090909091
 170 414.1414141414141
 614 419.1919191919192
 18 424.2424242424242
 236 429.2929292929293
 228 434.3434343434343
 3 439.3939393939394
 51 444.4444444444444
 95 449.4949494949495
 49 454.5454545454545
 0 459.5959595959596
 0 464.6464646464646
 1 469.6969696969697
 1 474.7474747474747
 2 479.7979797979798
 21 484.8484848484848
 23 489.8989898989898
 65 494.9494949494949
 0 500


