# Created by Octave 3.8.2, Sat Jun 20 23:01:26 2020 CEST <damian@fptrucha.inv.usc.es>
# name: hd
# type: matrix
# rows: 100
# columns: 2
 0 0
 3 5.05050505050505
 1 10.1010101010101
 243 15.15151515151515
 0 20.2020202020202
 0 25.25252525252525
 135 30.3030303030303
 548 35.35353535353535
 557 40.4040404040404
 300 45.45454545454545
 131 50.50505050505051
 60 55.55555555555555
 0 60.6060606060606
 235 65.65656565656565
 212 70.7070707070707
 618 75.75757575757575
 3 80.8080808080808
 1 85.85858585858585
 48 90.90909090909091
 6 95.95959595959596
 7 101.010101010101
 202 106.060606060606
 219 111.1111111111111
 391 116.1616161616162
 202 121.2121212121212
 81 126.2626262626263
 0 131.3131313131313
 1 136.3636363636363
 65 141.4141414141414
 76 146.4646464646464
 443 151.5151515151515
 252 156.5656565656566
 2 161.6161616161616
 0 166.6666666666667
 90 171.7171717171717
 35 176.7676767676768
 1 181.8181818181818
 0 186.8686868686869
 169 191.9191919191919
 241 196.969696969697
 42 202.020202020202
 93 207.070707070707
 204 212.1212121212121
 53 217.1717171717171
 82 222.2222222222222
 227 227.2727272727273
 130 232.3232323232323
 0 237.3737373737374
 34 242.4242424242424
 128 247.4747474747475
 15 252.5252525252525
 115 257.5757575757576
 118 262.6262626262626
 34 267.6767676767677
 268 272.7272727272727
 133 277.7777777777778
 472 282.8282828282828
 186 287.8787878787879
 1 292.9292929292929
 0 297.979797979798
 1 303.030303030303
 206 308.0808080808081
 31 313.1313131313131
 25 318.1818181818182
 27 323.2323232323232
 40 328.2828282828282
 145 333.3333333333333
 59 338.3838383838383
 15 343.4343434343434
 169 348.4848484848484
 96 353.5353535353535
 29 358.5858585858585
 0 363.6363636363636
 40 368.6868686868686
 26 373.7373737373737
 47 378.7878787878788
 4 383.8383838383838
 1 388.8888888888889
 310 393.9393939393939
 63 398.989898989899
 59 404.040404040404
 185 409.0909090909091
 129 414.1414141414141
 522 419.1919191919192
 16 424.2424242424242
 241 429.2929292929293
 170 434.3434343434343
 1 439.3939393939394
 63 444.4444444444444
 63 449.4949494949495
 58 454.5454545454545
 0 459.5959595959596
 0 464.6464646464646
 1 469.6969696969697
 0 474.7474747474747
 0 479.7979797979798
 22 484.8484848484848
 19 489.8989898989898
 66 494.9494949494949
 0 500


