# Created by Octave 3.8.2, Mon Jun 22 04:47:16 2020 CEST <damian@fptrucha.inv.usc.es>
# name: hd
# type: matrix
# rows: 100
# columns: 2
 1 0
 1 5.05050505050505
 2 10.1010101010101
 256 15.15151515151515
 4 20.2020202020202
 1 25.25252525252525
 137 30.3030303030303
 463 35.35353535353535
 526 40.4040404040404
 240 45.45454545454545
 126 50.50505050505051
 57 55.55555555555555
 5 60.6060606060606
 237 65.65656565656565
 183 70.7070707070707
 523 75.75757575757575
 3 80.8080808080808
 0 85.85858585858585
 60 90.90909090909091
 6 95.95959595959596
 5 101.010101010101
 152 106.060606060606
 152 111.1111111111111
 332 116.1616161616162
 166 121.2121212121212
 55 126.2626262626263
 0 131.3131313131313
 3 136.3636363636363
 47 141.4141414141414
 80 146.4646464646464
 357 151.5151515151515
 223 156.5656565656566
 3 161.6161616161616
 0 166.6666666666667
 63 171.7171717171717
 24 176.7676767676768
 0 181.8181818181818
 0 186.8686868686869
 208 191.9191919191919
 212 196.969696969697
 41 202.020202020202
 78 207.070707070707
 150 212.1212121212121
 55 217.1717171717171
 89 222.2222222222222
 212 227.2727272727273
 116 232.3232323232323
 1 237.3737373737374
 26 242.4242424242424
 109 247.4747474747475
 20 252.5252525252525
 93 257.5757575757576
 130 262.6262626262626
 33 267.6767676767677
 238 272.7272727272727
 139 277.7777777777778
 394 282.8282828282828
 157 287.8787878787879
 1 292.9292929292929
 2 297.979797979798
 0 303.030303030303
 173 308.0808080808081
 27 313.1313131313131
 31 318.1818181818182
 31 323.2323232323232
 30 328.2828282828282
 159 333.3333333333333
 73 338.3838383838383
 20 343.4343434343434
 169 348.4848484848484
 79 353.5353535353535
 30 358.5858585858585
 3 363.6363636363636
 40 368.6868686868686
 39 373.7373737373737
 46 378.7878787878788
 3 383.8383838383838
 2 388.8888888888889
 270 393.9393939393939
 58 398.989898989899
 56 404.040404040404
 145 409.0909090909091
 117 414.1414141414141
 487 419.1919191919192
 29 424.2424242424242
 209 429.2929292929293
 135 434.3434343434343
 4 439.3939393939394
 64 444.4444444444444
 62 449.4949494949495
 73 454.5454545454545
 1 459.5959595959596
 2 464.6464646464646
 0 469.6969696969697
 2 474.7474747474747
 1 479.7979797979798
 21 484.8484848484848
 19 489.8989898989898
 54 494.9494949494949
 0 500


