# Created by Octave 3.8.2, Sat Jun 20 11:22:14 2020 CEST <damian@fptrucha.inv.usc.es>
# name: hd
# type: matrix
# rows: 100
# columns: 2
 1 0
 0 5.05050505050505
 1 10.1010101010101
 299 15.15151515151515
 1 20.2020202020202
 0 25.25252525252525
 169 30.3030303030303
 621 35.35353535353535
 661 40.4040404040404
 307 45.45454545454545
 164 50.50505050505051
 79 55.55555555555555
 0 60.6060606060606
 281 65.65656565656565
 238 70.7070707070707
 601 75.75757575757575
 1 80.8080808080808
 0 85.85858585858585
 60 90.90909090909091
 2 95.95959595959596
 2 101.010101010101
 193 106.060606060606
 232 111.1111111111111
 418 116.1616161616162
 228 121.2121212121212
 86 126.2626262626263
 1 131.3131313131313
 2 136.3636363636363
 77 141.4141414141414
 104 146.4646464646464
 474 151.5151515151515
 308 156.5656565656566
 1 161.6161616161616
 1 166.6666666666667
 69 171.7171717171717
 37 176.7676767676768
 0 181.8181818181818
 0 186.8686868686869
 222 191.9191919191919
 287 196.969696969697
 50 202.020202020202
 95 207.070707070707
 189 212.1212121212121
 63 217.1717171717171
 117 222.2222222222222
 226 227.2727272727273
 142 232.3232323232323
 1 237.3737373737374
 27 242.4242424242424
 169 247.4747474747475
 13 252.5252525252525
 133 257.5757575757576
 169 262.6262626262626
 33 267.6767676767677
 292 272.7272727272727
 163 277.7777777777778
 543 282.8282828282828
 249 287.8787878787879
 1 292.9292929292929
 0 297.979797979798
 0 303.030303030303
 207 308.0808080808081
 29 313.1313131313131
 44 318.1818181818182
 31 323.2323232323232
 28 328.2828282828282
 187 333.3333333333333
 67 338.3838383838383
 26 343.4343434343434
 196 348.4848484848484
 113 353.5353535353535
 33 358.5858585858585
 0 363.6363636363636
 46 368.6868686868686
 30 373.7373737373737
 45 378.7878787878788
 0 383.8383838383838
 2 388.8888888888889
 335 393.9393939393939
 54 398.989898989899
 59 404.040404040404
 196 409.0909090909091
 163 414.1414141414141
 637 419.1919191919192
 21 424.2424242424242
 256 429.2929292929293
 187 434.3434343434343
 3 439.3939393939394
 70 444.4444444444444
 95 449.4949494949495
 53 454.5454545454545
 0 459.5959595959596
 0 464.6464646464646
 0 469.6969696969697
 3 474.7474747474747
 1 479.7979797979798
 19 484.8484848484848
 21 489.8989898989898
 80 494.9494949494949
 0 500


