# Created by Octave 3.8.2, Mon Jun 22 17:18:02 2020 CEST <damian@fptrucha.inv.usc.es>
# name: hd
# type: matrix
# rows: 100
# columns: 2
 3 0
 11 5.05050505050505
 4 10.1010101010101
 307 15.15151515151515
 7 20.2020202020202
 1 25.25252525252525
 173 30.3030303030303
 559 35.35353535353535
 568 40.4040404040404
 319 45.45454545454545
 166 50.50505050505051
 60 55.55555555555555
 2 60.6060606060606
 325 65.65656565656565
 202 70.7070707070707
 592 75.75757575757575
 0 80.8080808080808
 3 85.85858585858585
 84 90.90909090909091
 5 95.95959595959596
 7 101.010101010101
 196 106.060606060606
 176 111.1111111111111
 418 116.1616161616162
 201 121.2121212121212
 96 126.2626262626263
 0 131.3131313131313
 0 136.3636363636363
 78 141.4141414141414
 117 146.4646464646464
 432 151.5151515151515
 258 156.5656565656566
 1 161.6161616161616
 0 166.6666666666667
 86 171.7171717171717
 36 176.7676767676768
 1 181.8181818181818
 1 186.8686868686869
 229 191.9191919191919
 275 196.969696969697
 41 202.020202020202
 92 207.070707070707
 211 212.1212121212121
 58 217.1717171717171
 109 222.2222222222222
 231 227.2727272727273
 136 232.3232323232323
 4 237.3737373737374
 32 242.4242424242424
 149 247.4747474747475
 20 252.5252525252525
 123 257.5757575757576
 129 262.6262626262626
 37 267.6767676767677
 289 272.7272727272727
 150 277.7777777777778
 438 282.8282828282828
 201 287.8787878787879
 2 292.9292929292929
 1 297.979797979798
 0 303.030303030303
 204 308.0808080808081
 23 313.1313131313131
 37 318.1818181818182
 32 323.2323232323232
 48 328.2828282828282
 170 333.3333333333333
 59 338.3838383838383
 19 343.4343434343434
 183 348.4848484848484
 125 353.5353535353535
 27 358.5858585858585
 1 363.6363636363636
 39 368.6868686868686
 35 373.7373737373737
 46 378.7878787878788
 2 383.8383838383838
 1 388.8888888888889
 289 393.9393939393939
 58 398.989898989899
 62 404.040404040404
 169 409.0909090909091
 155 414.1414141414141
 518 419.1919191919192
 22 424.2424242424242
 235 429.2929292929293
 183 434.3434343434343
 5 439.3939393939394
 57 444.4444444444444
 79 449.4949494949495
 57 454.5454545454545
 1 459.5959595959596
 2 464.6464646464646
 1 469.6969696969697
 0 474.7474747474747
 3 479.7979797979798
 17 484.8484848484848
 21 489.8989898989898
 72 494.9494949494949
 0 500


