# Created by Octave 3.8.2, Mon Jun 22 20:30:40 2020 CEST <damian@fptrucha.inv.usc.es>
# name: hd
# type: matrix
# rows: 100
# columns: 2
 0 0
 4 5.05050505050505
 1 10.1010101010101
 307 15.15151515151515
 3 20.2020202020202
 2 25.25252525252525
 159 30.3030303030303
 543 35.35353535353535
 621 40.4040404040404
 313 45.45454545454545
 155 50.50505050505051
 70 55.55555555555555
 4 60.6060606060606
 313 65.65656565656565
 228 70.7070707070707
 537 75.75757575757575
 1 80.8080808080808
 1 85.85858585858585
 64 90.90909090909091
 4 95.95959595959596
 5 101.010101010101
 184 106.060606060606
 172 111.1111111111111
 457 116.1616161616162
 189 121.2121212121212
 68 126.2626262626263
 1 131.3131313131313
 3 136.3636363636363
 76 141.4141414141414
 113 146.4646464646464
 480 151.5151515151515
 227 156.5656565656566
 7 161.6161616161616
 0 166.6666666666667
 85 171.7171717171717
 24 176.7676767676768
 0 181.8181818181818
 0 186.8686868686869
 206 191.9191919191919
 294 196.969696969697
 51 202.020202020202
 95 207.070707070707
 217 212.1212121212121
 57 217.1717171717171
 91 222.2222222222222
 262 227.2727272727273
 143 232.3232323232323
 1 237.3737373737374
 29 242.4242424242424
 140 247.4747474747475
 36 252.5252525252525
 119 257.5757575757576
 140 262.6262626262626
 34 267.6767676767677
 255 272.7272727272727
 157 277.7777777777778
 473 282.8282828282828
 213 287.8787878787879
 0 292.9292929292929
 0 297.979797979798
 0 303.030303030303
 229 308.0808080808081
 26 313.1313131313131
 47 318.1818181818182
 33 323.2323232323232
 41 328.2828282828282
 186 333.3333333333333
 74 338.3838383838383
 11 343.4343434343434
 182 348.4848484848484
 96 353.5353535353535
 37 358.5858585858585
 2 363.6363636363636
 43 368.6868686868686
 34 373.7373737373737
 46 378.7878787878788
 3 383.8383838383838
 0 388.8888888888889
 287 393.9393939393939
 66 398.989898989899
 61 404.040404040404
 198 409.0909090909091
 137 414.1414141414141
 546 419.1919191919192
 21 424.2424242424242
 242 429.2929292929293
 191 434.3434343434343
 3 439.3939393939394
 70 444.4444444444444
 70 449.4949494949495
 62 454.5454545454545
 2 459.5959595959596
 2 464.6464646464646
 1 469.6969696969697
 0 474.7474747474747
 1 479.7979797979798
 29 484.8484848484848
 25 489.8989898989898
 78 494.9494949494949
 0 500


