# Created by Octave 3.8.2, Mon Jun 22 20:24:46 2020 CEST <damian@fptrucha.inv.usc.es>
# name: hd
# type: matrix
# rows: 100
# columns: 2
 0 0
 4 5.05050505050505
 1 10.1010101010101
 295 15.15151515151515
 2 20.2020202020202
 2 25.25252525252525
 187 30.3030303030303
 521 35.35353535353535
 640 40.4040404040404
 297 45.45454545454545
 129 50.50505050505051
 84 55.55555555555555
 0 60.6060606060606
 316 65.65656565656565
 219 70.7070707070707
 602 75.75757575757575
 1 80.8080808080808
 2 85.85858585858585
 65 90.90909090909091
 5 95.95959595959596
 6 101.010101010101
 189 106.060606060606
 180 111.1111111111111
 417 116.1616161616162
 228 121.2121212121212
 88 126.2626262626263
 0 131.3131313131313
 1 136.3636363636363
 71 141.4141414141414
 93 146.4646464646464
 456 151.5151515151515
 265 156.5656565656566
 2 161.6161616161616
 0 166.6666666666667
 78 171.7171717171717
 41 176.7676767676768
 1 181.8181818181818
 2 186.8686868686869
 208 191.9191919191919
 275 196.969696969697
 49 202.020202020202
 115 207.070707070707
 170 212.1212121212121
 60 217.1717171717171
 100 222.2222222222222
 253 227.2727272727273
 149 232.3232323232323
 0 237.3737373737374
 23 242.4242424242424
 134 247.4747474747475
 24 252.5252525252525
 149 257.5757575757576
 129 262.6262626262626
 57 267.6767676767677
 255 272.7272727272727
 142 277.7777777777778
 469 282.8282828282828
 187 287.8787878787879
 3 292.9292929292929
 0 297.979797979798
 0 303.030303030303
 211 308.0808080808081
 29 313.1313131313131
 42 318.1818181818182
 36 323.2323232323232
 43 328.2828282828282
 190 333.3333333333333
 81 338.3838383838383
 26 343.4343434343434
 188 348.4848484848484
 98 353.5353535353535
 26 358.5858585858585
 2 363.6363636363636
 51 368.6868686868686
 41 373.7373737373737
 34 378.7878787878788
 1 383.8383838383838
 0 388.8888888888889
 343 393.9393939393939
 60 398.989898989899
 62 404.040404040404
 168 409.0909090909091
 147 414.1414141414141
 562 419.1919191919192
 24 424.2424242424242
 244 429.2929292929293
 170 434.3434343434343
 4 439.3939393939394
 60 444.4444444444444
 73 449.4949494949495
 62 454.5454545454545
 2 459.5959595959596
 0 464.6464646464646
 0 469.6969696969697
 3 474.7474747474747
 1 479.7979797979798
 21 484.8484848484848
 23 489.8989898989898
 69 494.9494949494949
 0 500


