# Created by Octave 3.8.2, Sat Jun 20 10:07:35 2020 CEST <damian@fptrucha.inv.usc.es>
# name: hd
# type: matrix
# rows: 100
# columns: 2
 2 0
 1 5.05050505050505
 3 10.1010101010101
 291 15.15151515151515
 3 20.2020202020202
 0 25.25252525252525
 190 30.3030303030303
 569 35.35353535353535
 681 40.4040404040404
 365 45.45454545454545
 136 50.50505050505051
 83 55.55555555555555
 3 60.6060606060606
 285 65.65656565656565
 261 70.7070707070707
 641 75.75757575757575
 1 80.8080808080808
 0 85.85858585858585
 75 90.90909090909091
 3 95.95959595959596
 3 101.010101010101
 205 106.060606060606
 208 111.1111111111111
 393 116.1616161616162
 218 121.2121212121212
 102 126.2626262626263
 1 131.3131313131313
 1 136.3636363636363
 78 141.4141414141414
 114 146.4646464646464
 484 151.5151515151515
 286 156.5656565656566
 2 161.6161616161616
 0 166.6666666666667
 90 171.7171717171717
 38 176.7676767676768
 0 181.8181818181818
 1 186.8686868686869
 210 191.9191919191919
 294 196.969696969697
 52 202.020202020202
 98 207.070707070707
 208 212.1212121212121
 68 217.1717171717171
 102 222.2222222222222
 248 227.2727272727273
 144 232.3232323232323
 0 237.3737373737374
 25 242.4242424242424
 170 247.4747474747475
 15 252.5252525252525
 130 257.5757575757576
 140 262.6262626262626
 36 267.6767676767677
 284 272.7272727272727
 138 277.7777777777778
 480 282.8282828282828
 214 287.8787878787879
 2 292.9292929292929
 0 297.979797979798
 1 303.030303030303
 226 308.0808080808081
 30 313.1313131313131
 51 318.1818181818182
 46 323.2323232323232
 41 328.2828282828282
 190 333.3333333333333
 69 338.3838383838383
 13 343.4343434343434
 209 348.4848484848484
 119 353.5353535353535
 38 358.5858585858585
 0 363.6363636363636
 37 368.6868686868686
 46 373.7373737373737
 36 378.7878787878788
 0 383.8383838383838
 1 388.8888888888889
 332 393.9393939393939
 59 398.989898989899
 63 404.040404040404
 172 409.0909090909091
 182 414.1414141414141
 621 419.1919191919192
 37 424.2424242424242
 258 429.2929292929293
 202 434.3434343434343
 0 439.3939393939394
 65 444.4444444444444
 96 449.4949494949495
 59 454.5454545454545
 1 459.5959595959596
 0 464.6464646464646
 1 469.6969696969697
 2 474.7474747474747
 2 479.7979797979798
 18 484.8484848484848
 20 489.8989898989898
 92 494.9494949494949
 0 500


