# Created by Octave 3.8.2, Mon Jun 22 09:37:29 2020 CEST <damian@fptrucha.inv.usc.es>
# name: hd
# type: matrix
# rows: 100
# columns: 2
 5 0
 0 5.05050505050505
 4 10.1010101010101
 291 15.15151515151515
 4 20.2020202020202
 2 25.25252525252525
 134 30.3030303030303
 488 35.35353535353535
 576 40.4040404040404
 321 45.45454545454545
 133 50.50505050505051
 74 55.55555555555555
 2 60.6060606060606
 263 65.65656565656565
 191 70.7070707070707
 544 75.75757575757575
 2 80.8080808080808
 1 85.85858585858585
 62 90.90909090909091
 5 95.95959595959596
 7 101.010101010101
 193 106.060606060606
 183 111.1111111111111
 405 116.1616161616162
 207 121.2121212121212
 91 126.2626262626263
 2 131.3131313131313
 1 136.3636363636363
 61 141.4141414141414
 98 146.4646464646464
 411 151.5151515151515
 233 156.5656565656566
 5 161.6161616161616
 1 166.6666666666667
 81 171.7171717171717
 24 176.7676767676768
 0 181.8181818181818
 0 186.8686868686869
 210 191.9191919191919
 258 196.969696969697
 43 202.020202020202
 97 207.070707070707
 196 212.1212121212121
 47 217.1717171717171
 99 222.2222222222222
 248 227.2727272727273
 133 232.3232323232323
 3 237.3737373737374
 14 242.4242424242424
 131 247.4747474747475
 25 252.5252525252525
 128 257.5757575757576
 126 262.6262626262626
 44 267.6767676767677
 243 272.7272727272727
 136 277.7777777777778
 435 282.8282828282828
 173 287.8787878787879
 1 292.9292929292929
 1 297.979797979798
 0 303.030303030303
 197 308.0808080808081
 28 313.1313131313131
 31 318.1818181818182
 34 323.2323232323232
 41 328.2828282828282
 205 333.3333333333333
 69 338.3838383838383
 25 343.4343434343434
 177 348.4848484848484
 84 353.5353535353535
 39 358.5858585858585
 0 363.6363636363636
 52 368.6868686868686
 34 373.7373737373737
 30 378.7878787878788
 1 383.8383838383838
 1 388.8888888888889
 293 393.9393939393939
 55 398.989898989899
 71 404.040404040404
 143 409.0909090909091
 138 414.1414141414141
 482 419.1919191919192
 21 424.2424242424242
 229 429.2929292929293
 145 434.3434343434343
 3 439.3939393939394
 50 444.4444444444444
 62 449.4949494949495
 45 454.5454545454545
 0 459.5959595959596
 1 464.6464646464646
 3 469.6969696969697
 0 474.7474747474747
 0 479.7979797979798
 18 484.8484848484848
 18 489.8989898989898
 67 494.9494949494949
 0 500


