# Created by Octave 3.8.2, Mon Jun 22 04:37:24 2020 CEST <damian@fptrucha.inv.usc.es>
# name: hd
# type: matrix
# rows: 100
# columns: 2
 1 0
 4 5.05050505050505
 1 10.1010101010101
 250 15.15151515151515
 6 20.2020202020202
 1 25.25252525252525
 113 30.3030303030303
 462 35.35353535353535
 522 40.4040404040404
 296 45.45454545454545
 117 50.50505050505051
 76 55.55555555555555
 3 60.6060606060606
 244 65.65656565656565
 184 70.7070707070707
 491 75.75757575757575
 1 80.8080808080808
 3 85.85858585858585
 62 90.90909090909091
 6 95.95959595959596
 3 101.010101010101
 171 106.060606060606
 137 111.1111111111111
 338 116.1616161616162
 162 121.2121212121212
 73 126.2626262626263
 2 131.3131313131313
 1 136.3636363636363
 71 141.4141414141414
 84 146.4646464646464
 409 151.5151515151515
 196 156.5656565656566
 2 161.6161616161616
 3 166.6666666666667
 81 171.7171717171717
 22 176.7676767676768
 0 181.8181818181818
 2 186.8686868686869
 144 191.9191919191919
 239 196.969696969697
 52 202.020202020202
 80 207.070707070707
 152 212.1212121212121
 54 217.1717171717171
 99 222.2222222222222
 194 227.2727272727273
 101 232.3232323232323
 1 237.3737373737374
 22 242.4242424242424
 133 247.4747474747475
 21 252.5252525252525
 103 257.5757575757576
 111 262.6262626262626
 34 267.6767676767677
 246 272.7272727272727
 108 277.7777777777778
 393 282.8282828282828
 208 287.8787878787879
 2 292.9292929292929
 1 297.979797979798
 0 303.030303030303
 195 308.0808080808081
 28 313.1313131313131
 42 318.1818181818182
 33 323.2323232323232
 39 328.2828282828282
 152 333.3333333333333
 66 338.3838383838383
 20 343.4343434343434
 186 348.4848484848484
 87 353.5353535353535
 27 358.5858585858585
 1 363.6363636363636
 37 368.6868686868686
 30 373.7373737373737
 29 378.7878787878788
 1 383.8383838383838
 1 388.8888888888889
 256 393.9393939393939
 47 398.989898989899
 69 404.040404040404
 182 409.0909090909091
 128 414.1414141414141
 512 419.1919191919192
 28 424.2424242424242
 225 429.2929292929293
 155 434.3434343434343
 9 439.3939393939394
 42 444.4444444444444
 68 449.4949494949495
 47 454.5454545454545
 0 459.5959595959596
 2 464.6464646464646
 2 469.6969696969697
 0 474.7474747474747
 1 479.7979797979798
 21 484.8484848484848
 16 489.8989898989898
 67 494.9494949494949
 0 500


