# Created by Octave 3.8.2, Sat Jun 20 13:49:27 2020 CEST <damian@fptrucha.inv.usc.es>
# name: hd
# type: matrix
# rows: 100
# columns: 2
 1 0
 3 5.05050505050505
 2 10.1010101010101
 291 15.15151515151515
 3 20.2020202020202
 2 25.25252525252525
 123 30.3030303030303
 540 35.35353535353535
 602 40.4040404040404
 330 45.45454545454545
 134 50.50505050505051
 74 55.55555555555555
 0 60.6060606060606
 285 65.65656565656565
 207 70.7070707070707
 579 75.75757575757575
 0 80.8080808080808
 2 85.85858585858585
 55 90.90909090909091
 1 95.95959595959596
 1 101.010101010101
 174 106.060606060606
 189 111.1111111111111
 390 116.1616161616162
 185 121.2121212121212
 89 126.2626262626263
 0 131.3131313131313
 1 136.3636363636363
 70 141.4141414141414
 98 146.4646464646464
 474 151.5151515151515
 293 156.5656565656566
 0 161.6161616161616
 1 166.6666666666667
 72 171.7171717171717
 38 176.7676767676768
 1 181.8181818181818
 0 186.8686868686869
 186 191.9191919191919
 285 196.969696969697
 46 202.020202020202
 95 207.070707070707
 208 212.1212121212121
 64 217.1717171717171
 118 222.2222222222222
 225 227.2727272727273
 140 232.3232323232323
 1 237.3737373737374
 21 242.4242424242424
 130 247.4747474747475
 18 252.5252525252525
 144 257.5757575757576
 162 262.6262626262626
 39 267.6767676767677
 279 272.7272727272727
 161 277.7777777777778
 451 282.8282828282828
 222 287.8787878787879
 2 292.9292929292929
 0 297.979797979798
 1 303.030303030303
 227 308.0808080808081
 29 313.1313131313131
 40 318.1818181818182
 31 323.2323232323232
 48 328.2828282828282
 189 333.3333333333333
 91 338.3838383838383
 19 343.4343434343434
 193 348.4848484848484
 116 353.5353535353535
 34 358.5858585858585
 2 363.6363636363636
 43 368.6868686868686
 39 373.7373737373737
 42 378.7878787878788
 0 383.8383838383838
 1 388.8888888888889
 303 393.9393939393939
 56 398.989898989899
 57 404.040404040404
 174 409.0909090909091
 181 414.1414141414141
 629 419.1919191919192
 18 424.2424242424242
 213 429.2929292929293
 193 434.3434343434343
 2 439.3939393939394
 74 444.4444444444444
 74 449.4949494949495
 67 454.5454545454545
 2 459.5959595959596
 1 464.6464646464646
 1 469.6969696969697
 0 474.7474747474747
 0 479.7979797979798
 13 484.8484848484848
 30 489.8989898989898
 64 494.9494949494949
 0 500


