# Created by Octave 3.8.2, Sat Jun 20 14:34:53 2020 CEST <damian@fptrucha.inv.usc.es>
# name: hd
# type: matrix
# rows: 100
# columns: 2
 1 0
 2 5.05050505050505
 1 10.1010101010101
 292 15.15151515151515
 0 20.2020202020202
 2 25.25252525252525
 186 30.3030303030303
 537 35.35353535353535
 634 40.4040404040404
 336 45.45454545454545
 139 50.50505050505051
 85 55.55555555555555
 0 60.6060606060606
 282 65.65656565656565
 218 70.7070707070707
 571 75.75757575757575
 3 80.8080808080808
 0 85.85858585858585
 60 90.90909090909091
 8 95.95959595959596
 2 101.010101010101
 179 106.060606060606
 174 111.1111111111111
 396 116.1616161616162
 239 121.2121212121212
 84 126.2626262626263
 0 131.3131313131313
 0 136.3636363636363
 55 141.4141414141414
 74 146.4646464646464
 433 151.5151515151515
 289 156.5656565656566
 2 161.6161616161616
 1 166.6666666666667
 81 171.7171717171717
 31 176.7676767676768
 0 181.8181818181818
 0 186.8686868686869
 192 191.9191919191919
 289 196.969696969697
 47 202.020202020202
 88 207.070707070707
 199 212.1212121212121
 54 217.1717171717171
 101 222.2222222222222
 218 227.2727272727273
 138 232.3232323232323
 1 237.3737373737374
 24 242.4242424242424
 131 247.4747474747475
 21 252.5252525252525
 140 257.5757575757576
 154 262.6262626262626
 44 267.6767676767677
 289 272.7272727272727
 123 277.7777777777778
 483 282.8282828282828
 203 287.8787878787879
 3 292.9292929292929
 1 297.979797979798
 0 303.030303030303
 217 308.0808080808081
 23 313.1313131313131
 46 318.1818181818182
 33 323.2323232323232
 50 328.2828282828282
 192 333.3333333333333
 66 338.3838383838383
 19 343.4343434343434
 177 348.4848484848484
 96 353.5353535353535
 36 358.5858585858585
 3 363.6363636363636
 55 368.6868686868686
 39 373.7373737373737
 38 378.7878787878788
 0 383.8383838383838
 0 388.8888888888889
 310 393.9393939393939
 72 398.989898989899
 76 404.040404040404
 164 409.0909090909091
 157 414.1414141414141
 553 419.1919191919192
 30 424.2424242424242
 224 429.2929292929293
 211 434.3434343434343
 2 439.3939393939394
 66 444.4444444444444
 82 449.4949494949495
 50 454.5454545454545
 0 459.5959595959596
 1 464.6464646464646
 2 469.6969696969697
 2 474.7474747474747
 1 479.7979797979798
 22 484.8484848484848
 24 489.8989898989898
 73 494.9494949494949
 0 500


