# Created by Octave 3.8.2, Sat Jun 20 15:59:18 2020 CEST <damian@fptrucha.inv.usc.es>
# name: hd
# type: matrix
# rows: 100
# columns: 2
 2 0
 3 5.05050505050505
 0 10.1010101010101
 300 15.15151515151515
 2 20.2020202020202
 1 25.25252525252525
 160 30.3030303030303
 544 35.35353535353535
 614 40.4040404040404
 306 45.45454545454545
 126 50.50505050505051
 60 55.55555555555555
 1 60.6060606060606
 280 65.65656565656565
 152 70.7070707070707
 604 75.75757575757575
 0 80.8080808080808
 1 85.85858585858585
 59 90.90909090909091
 2 95.95959595959596
 3 101.010101010101
 204 106.060606060606
 179 111.1111111111111
 412 116.1616161616162
 189 121.2121212121212
 87 126.2626262626263
 0 131.3131313131313
 0 136.3636363636363
 76 141.4141414141414
 108 146.4646464646464
 455 151.5151515151515
 266 156.5656565656566
 1 161.6161616161616
 2 166.6666666666667
 66 171.7171717171717
 29 176.7676767676768
 0 181.8181818181818
 1 186.8686868686869
 163 191.9191919191919
 294 196.969696969697
 45 202.020202020202
 86 207.070707070707
 188 212.1212121212121
 65 217.1717171717171
 102 222.2222222222222
 225 227.2727272727273
 129 232.3232323232323
 0 237.3737373737374
 17 242.4242424242424
 125 247.4747474747475
 18 252.5252525252525
 110 257.5757575757576
 132 262.6262626262626
 42 267.6767676767677
 245 272.7272727272727
 131 277.7777777777778
 436 282.8282828282828
 224 287.8787878787879
 2 292.9292929292929
 0 297.979797979798
 0 303.030303030303
 218 308.0808080808081
 26 313.1313131313131
 43 318.1818181818182
 19 323.2323232323232
 36 328.2828282828282
 170 333.3333333333333
 72 338.3838383838383
 10 343.4343434343434
 186 348.4848484848484
 92 353.5353535353535
 37 358.5858585858585
 0 363.6363636363636
 47 368.6868686868686
 38 373.7373737373737
 40 378.7878787878788
 0 383.8383838383838
 0 388.8888888888889
 313 393.9393939393939
 62 398.989898989899
 66 404.040404040404
 171 409.0909090909091
 153 414.1414141414141
 557 419.1919191919192
 24 424.2424242424242
 247 429.2929292929293
 164 434.3434343434343
 8 439.3939393939394
 48 444.4444444444444
 88 449.4949494949495
 59 454.5454545454545
 0 459.5959595959596
 1 464.6464646464646
 1 469.6969696969697
 2 474.7474747474747
 0 479.7979797979798
 19 484.8484848484848
 21 489.8989898989898
 70 494.9494949494949
 0 500


