# Created by Octave 3.8.2, Mon Jun 22 12:03:38 2020 CEST <damian@fptrucha.inv.usc.es>
# name: hd
# type: matrix
# rows: 100
# columns: 2
 1 0
 3 5.05050505050505
 2 10.1010101010101
 307 15.15151515151515
 6 20.2020202020202
 1 25.25252525252525
 153 30.3030303030303
 502 35.35353535353535
 578 40.4040404040404
 303 45.45454545454545
 125 50.50505050505051
 70 55.55555555555555
 2 60.6060606060606
 271 65.65656565656565
 218 70.7070707070707
 515 75.75757575757575
 0 80.8080808080808
 1 85.85858585858585
 62 90.90909090909091
 4 95.95959595959596
 1 101.010101010101
 200 106.060606060606
 160 111.1111111111111
 402 116.1616161616162
 207 121.2121212121212
 106 126.2626262626263
 0 131.3131313131313
 1 136.3636363636363
 74 141.4141414141414
 82 146.4646464646464
 447 151.5151515151515
 214 156.5656565656566
 1 161.6161616161616
 1 166.6666666666667
 66 171.7171717171717
 34 176.7676767676768
 0 181.8181818181818
 0 186.8686868686869
 193 191.9191919191919
 275 196.969696969697
 57 202.020202020202
 88 207.070707070707
 192 212.1212121212121
 78 217.1717171717171
 94 222.2222222222222
 226 227.2727272727273
 120 232.3232323232323
 4 237.3737373737374
 24 242.4242424242424
 144 247.4747474747475
 20 252.5252525252525
 121 257.5757575757576
 145 262.6262626262626
 31 267.6767676767677
 271 272.7272727272727
 140 277.7777777777778
 385 282.8282828282828
 197 287.8787878787879
 0 292.9292929292929
 2 297.979797979798
 0 303.030303030303
 210 308.0808080808081
 36 313.1313131313131
 48 318.1818181818182
 29 323.2323232323232
 30 328.2828282828282
 190 333.3333333333333
 71 338.3838383838383
 20 343.4343434343434
 216 348.4848484848484
 96 353.5353535353535
 30 358.5858585858585
 1 363.6363636363636
 55 368.6868686868686
 40 373.7373737373737
 33 378.7878787878788
 1 383.8383838383838
 0 388.8888888888889
 291 393.9393939393939
 50 398.989898989899
 58 404.040404040404
 181 409.0909090909091
 147 414.1414141414141
 533 419.1919191919192
 20 424.2424242424242
 223 429.2929292929293
 193 434.3434343434343
 5 439.3939393939394
 53 444.4444444444444
 79 449.4949494949495
 52 454.5454545454545
 1 459.5959595959596
 2 464.6464646464646
 0 469.6969696969697
 2 474.7474747474747
 1 479.7979797979798
 18 484.8484848484848
 20 489.8989898989898
 81 494.9494949494949
 0 500


