# Created by Octave 3.8.2, Mon Jun 22 22:47:04 2020 CEST <damian@fptrucha.inv.usc.es>
# name: hd
# type: matrix
# rows: 100
# columns: 2
 2 0
 3 5.05050505050505
 1 10.1010101010101
 288 15.15151515151515
 2 20.2020202020202
 1 25.25252525252525
 166 30.3030303030303
 559 35.35353535353535
 637 40.4040404040404
 339 45.45454545454545
 148 50.50505050505051
 85 55.55555555555555
 1 60.6060606060606
 296 65.65656565656565
 220 70.7070707070707
 639 75.75757575757575
 6 80.8080808080808
 0 85.85858585858585
 63 90.90909090909091
 8 95.95959595959596
 3 101.010101010101
 222 106.060606060606
 165 111.1111111111111
 418 116.1616161616162
 205 121.2121212121212
 102 126.2626262626263
 0 131.3131313131313
 0 136.3636363636363
 80 141.4141414141414
 101 146.4646464646464
 493 151.5151515151515
 276 156.5656565656566
 1 161.6161616161616
 0 166.6666666666667
 80 171.7171717171717
 32 176.7676767676768
 2 181.8181818181818
 1 186.8686868686869
 194 191.9191919191919
 267 196.969696969697
 46 202.020202020202
 95 207.070707070707
 194 212.1212121212121
 83 217.1717171717171
 102 222.2222222222222
 242 227.2727272727273
 142 232.3232323232323
 1 237.3737373737374
 37 242.4242424242424
 153 247.4747474747475
 20 252.5252525252525
 129 257.5757575757576
 142 262.6262626262626
 42 267.6767676767677
 276 272.7272727272727
 161 277.7777777777778
 495 282.8282828282828
 201 287.8787878787879
 2 292.9292929292929
 1 297.979797979798
 0 303.030303030303
 234 308.0808080808081
 20 313.1313131313131
 40 318.1818181818182
 38 323.2323232323232
 49 328.2828282828282
 201 333.3333333333333
 77 338.3838383838383
 18 343.4343434343434
 187 348.4848484848484
 102 353.5353535353535
 29 358.5858585858585
 2 363.6363636363636
 39 368.6868686868686
 40 373.7373737373737
 44 378.7878787878788
 1 383.8383838383838
 1 388.8888888888889
 330 393.9393939393939
 70 398.989898989899
 86 404.040404040404
 186 409.0909090909091
 167 414.1414141414141
 581 419.1919191919192
 25 424.2424242424242
 223 429.2929292929293
 214 434.3434343434343
 3 439.3939393939394
 60 444.4444444444444
 82 449.4949494949495
 68 454.5454545454545
 0 459.5959595959596
 0 464.6464646464646
 1 469.6969696969697
 1 474.7474747474747
 1 479.7979797979798
 29 484.8484848484848
 36 489.8989898989898
 56 494.9494949494949
 0 500


