# Created by Octave 3.8.2, Sat Jun 20 23:47:55 2020 CEST <damian@fptrucha.inv.usc.es>
# name: hd
# type: matrix
# rows: 100
# columns: 2
 1 0
 0 5.05050505050505
 4 10.1010101010101
 271 15.15151515151515
 0 20.2020202020202
 0 25.25252525252525
 148 30.3030303030303
 497 35.35353535353535
 619 40.4040404040404
 297 45.45454545454545
 151 50.50505050505051
 54 55.55555555555555
 1 60.6060606060606
 277 65.65656565656565
 211 70.7070707070707
 506 75.75757575757575
 2 80.8080808080808
 1 85.85858585858585
 59 90.90909090909091
 2 95.95959595959596
 2 101.010101010101
 171 106.060606060606
 168 111.1111111111111
 409 116.1616161616162
 182 121.2121212121212
 64 126.2626262626263
 0 131.3131313131313
 1 136.3636363636363
 52 141.4141414141414
 101 146.4646464646464
 408 151.5151515151515
 260 156.5656565656566
 1 161.6161616161616
 0 166.6666666666667
 61 171.7171717171717
 33 176.7676767676768
 0 181.8181818181818
 1 186.8686868686869
 189 191.9191919191919
 273 196.969696969697
 41 202.020202020202
 83 207.070707070707
 169 212.1212121212121
 65 217.1717171717171
 102 222.2222222222222
 204 227.2727272727273
 139 232.3232323232323
 2 237.3737373737374
 29 242.4242424242424
 143 247.4747474747475
 29 252.5252525252525
 99 257.5757575757576
 165 262.6262626262626
 43 267.6767676767677
 230 272.7272727272727
 125 277.7777777777778
 499 282.8282828282828
 202 287.8787878787879
 2 292.9292929292929
 0 297.979797979798
 0 303.030303030303
 188 308.0808080808081
 16 313.1313131313131
 46 318.1818181818182
 32 323.2323232323232
 30 328.2828282828282
 150 333.3333333333333
 66 338.3838383838383
 14 343.4343434343434
 189 348.4848484848484
 85 353.5353535353535
 27 358.5858585858585
 1 363.6363636363636
 47 368.6868686868686
 41 373.7373737373737
 32 378.7878787878788
 0 383.8383838383838
 1 388.8888888888889
 321 393.9393939393939
 57 398.989898989899
 58 404.040404040404
 153 409.0909090909091
 142 414.1414141414141
 562 419.1919191919192
 21 424.2424242424242
 239 429.2929292929293
 181 434.3434343434343
 3 439.3939393939394
 48 444.4444444444444
 78 449.4949494949495
 63 454.5454545454545
 1 459.5959595959596
 0 464.6464646464646
 1 469.6969696969697
 2 474.7474747474747
 1 479.7979797979798
 13 484.8484848484848
 21 489.8989898989898
 67 494.9494949494949
 0 500


