# Created by Octave 3.8.2, Mon Jun 22 01:30:11 2020 CEST <damian@fptrucha.inv.usc.es>
# name: hd
# type: matrix
# rows: 100
# columns: 2
 3 0
 1 5.05050505050505
 0 10.1010101010101
 281 15.15151515151515
 1 20.2020202020202
 1 25.25252525252525
 150 30.3030303030303
 503 35.35353535353535
 619 40.4040404040404
 312 45.45454545454545
 109 50.50505050505051
 55 55.55555555555555
 3 60.6060606060606
 252 65.65656565656565
 188 70.7070707070707
 573 75.75757575757575
 2 80.8080808080808
 2 85.85858585858585
 43 90.90909090909091
 3 95.95959595959596
 4 101.010101010101
 210 106.060606060606
 171 111.1111111111111
 378 116.1616161616162
 197 121.2121212121212
 90 126.2626262626263
 1 131.3131313131313
 0 136.3636363636363
 50 141.4141414141414
 81 146.4646464646464
 403 151.5151515151515
 250 156.5656565656566
 2 161.6161616161616
 0 166.6666666666667
 73 171.7171717171717
 28 176.7676767676768
 4 181.8181818181818
 1 186.8686868686869
 176 191.9191919191919
 278 196.969696969697
 48 202.020202020202
 104 207.070707070707
 176 212.1212121212121
 73 217.1717171717171
 96 222.2222222222222
 209 227.2727272727273
 130 232.3232323232323
 1 237.3737373737374
 21 242.4242424242424
 128 247.4747474747475
 15 252.5252525252525
 116 257.5757575757576
 148 262.6262626262626
 41 267.6767676767677
 242 272.7272727272727
 167 277.7777777777778
 446 282.8282828282828
 183 287.8787878787879
 0 292.9292929292929
 1 297.979797979798
 1 303.030303030303
 178 308.0808080808081
 31 313.1313131313131
 42 318.1818181818182
 33 323.2323232323232
 43 328.2828282828282
 198 333.3333333333333
 50 338.3838383838383
 21 343.4343434343434
 185 348.4848484848484
 110 353.5353535353535
 29 358.5858585858585
 0 363.6363636363636
 47 368.6868686868686
 41 373.7373737373737
 33 378.7878787878788
 0 383.8383838383838
 3 388.8888888888889
 335 393.9393939393939
 43 398.989898989899
 67 404.040404040404
 160 409.0909090909091
 142 414.1414141414141
 570 419.1919191919192
 16 424.2424242424242
 226 429.2929292929293
 177 434.3434343434343
 4 439.3939393939394
 47 444.4444444444444
 77 449.4949494949495
 48 454.5454545454545
 1 459.5959595959596
 0 464.6464646464646
 0 469.6969696969697
 3 474.7474747474747
 2 479.7979797979798
 20 484.8484848484848
 17 489.8989898989898
 77 494.9494949494949
 0 500


