# Created by Octave 3.8.2, Mon Jun 22 18:09:51 2020 CEST <damian@fptrucha.inv.usc.es>
# name: hd
# type: matrix
# rows: 100
# columns: 2
 4 0
 3 5.05050505050505
 3 10.1010101010101
 319 15.15151515151515
 4 20.2020202020202
 0 25.25252525252525
 169 30.3030303030303
 575 35.35353535353535
 564 40.4040404040404
 331 45.45454545454545
 128 50.50505050505051
 67 55.55555555555555
 2 60.6060606060606
 271 65.65656565656565
 226 70.7070707070707
 558 75.75757575757575
 0 80.8080808080808
 2 85.85858585858585
 65 90.90909090909091
 5 95.95959595959596
 4 101.010101010101
 194 106.060606060606
 200 111.1111111111111
 409 116.1616161616162
 196 121.2121212121212
 92 126.2626262626263
 1 131.3131313131313
 0 136.3636363636363
 65 141.4141414141414
 96 146.4646464646464
 472 151.5151515151515
 264 156.5656565656566
 3 161.6161616161616
 1 166.6666666666667
 81 171.7171717171717
 31 176.7676767676768
 0 181.8181818181818
 1 186.8686868686869
 193 191.9191919191919
 280 196.969696969697
 48 202.020202020202
 95 207.070707070707
 187 212.1212121212121
 63 217.1717171717171
 95 222.2222222222222
 261 227.2727272727273
 142 232.3232323232323
 0 237.3737373737374
 23 242.4242424242424
 124 247.4747474747475
 24 252.5252525252525
 108 257.5757575757576
 139 262.6262626262626
 57 267.6767676767677
 266 272.7272727272727
 127 277.7777777777778
 479 282.8282828282828
 234 287.8787878787879
 1 292.9292929292929
 1 297.979797979798
 1 303.030303030303
 247 308.0808080808081
 35 313.1313131313131
 32 318.1818181818182
 48 323.2323232323232
 45 328.2828282828282
 180 333.3333333333333
 73 338.3838383838383
 22 343.4343434343434
 185 348.4848484848484
 87 353.5353535353535
 38 358.5858585858585
 3 363.6363636363636
 52 368.6868686868686
 37 373.7373737373737
 35 378.7878787878788
 0 383.8383838383838
 1 388.8888888888889
 302 393.9393939393939
 56 398.989898989899
 70 404.040404040404
 166 409.0909090909091
 146 414.1414141414141
 579 419.1919191919192
 19 424.2424242424242
 250 429.2929292929293
 235 434.3434343434343
 3 439.3939393939394
 67 444.4444444444444
 74 449.4949494949495
 59 454.5454545454545
 1 459.5959595959596
 2 464.6464646464646
 2 469.6969696969697
 2 474.7474747474747
 1 479.7979797979798
 19 484.8484848484848
 25 489.8989898989898
 68 494.9494949494949
 0 500


