# Created by Octave 3.8.2, Sat Jun 20 08:16:16 2020 CEST <damian@fptrucha.inv.usc.es>
# name: hd
# type: matrix
# rows: 100
# columns: 2
 2 0
 4 5.05050505050505
 1 10.1010101010101
 317 15.15151515151515
 1 20.2020202020202
 1 25.25252525252525
 188 30.3030303030303
 616 35.35353535353535
 711 40.4040404040404
 364 45.45454545454545
 165 50.50505050505051
 86 55.55555555555555
 1 60.6060606060606
 309 65.65656565656565
 215 70.7070707070707
 659 75.75757575757575
 0 80.8080808080808
 2 85.85858585858585
 76 90.90909090909091
 5 95.95959595959596
 1 101.010101010101
 168 106.060606060606
 209 111.1111111111111
 456 116.1616161616162
 206 121.2121212121212
 97 126.2626262626263
 2 131.3131313131313
 4 136.3636363636363
 62 141.4141414141414
 98 146.4646464646464
 527 151.5151515151515
 298 156.5656565656566
 2 161.6161616161616
 0 166.6666666666667
 95 171.7171717171717
 34 176.7676767676768
 0 181.8181818181818
 1 186.8686868686869
 222 191.9191919191919
 281 196.969696969697
 68 202.020202020202
 94 207.070707070707
 222 212.1212121212121
 59 217.1717171717171
 114 222.2222222222222
 258 227.2727272727273
 143 232.3232323232323
 0 237.3737373737374
 16 242.4242424242424
 133 247.4747474747475
 21 252.5252525252525
 122 257.5757575757576
 175 262.6262626262626
 36 267.6767676767677
 306 272.7272727272727
 160 277.7777777777778
 490 282.8282828282828
 233 287.8787878787879
 0 292.9292929292929
 0 297.979797979798
 0 303.030303030303
 232 308.0808080808081
 21 313.1313131313131
 50 318.1818181818182
 40 323.2323232323232
 42 328.2828282828282
 212 333.3333333333333
 69 338.3838383838383
 17 343.4343434343434
 238 348.4848484848484
 108 353.5353535353535
 30 358.5858585858585
 1 363.6363636363636
 57 368.6868686868686
 52 373.7373737373737
 38 378.7878787878788
 0 383.8383838383838
 4 388.8888888888889
 372 393.9393939393939
 75 398.989898989899
 69 404.040404040404
 219 409.0909090909091
 157 414.1414141414141
 628 419.1919191919192
 15 424.2424242424242
 249 429.2929292929293
 231 434.3434343434343
 3 439.3939393939394
 61 444.4444444444444
 112 449.4949494949495
 67 454.5454545454545
 1 459.5959595959596
 0 464.6464646464646
 0 469.6969696969697
 2 474.7474747474747
 4 479.7979797979798
 17 484.8484848484848
 23 489.8989898989898
 85 494.9494949494949
 0 500


