# Created by Octave 3.8.2, Mon Jun 22 08:46:34 2020 CEST <damian@fptrucha.inv.usc.es>
# name: hd
# type: matrix
# rows: 100
# columns: 2
 1 0
 4 5.05050505050505
 1 10.1010101010101
 275 15.15151515151515
 7 20.2020202020202
 0 25.25252525252525
 153 30.3030303030303
 509 35.35353535353535
 565 40.4040404040404
 304 45.45454545454545
 126 50.50505050505051
 66 55.55555555555555
 1 60.6060606060606
 247 65.65656565656565
 212 70.7070707070707
 549 75.75757575757575
 2 80.8080808080808
 0 85.85858585858585
 55 90.90909090909091
 5 95.95959595959596
 0 101.010101010101
 200 106.060606060606
 168 111.1111111111111
 405 116.1616161616162
 190 121.2121212121212
 99 126.2626262626263
 0 131.3131313131313
 2 136.3636363636363
 75 141.4141414141414
 91 146.4646464646464
 396 151.5151515151515
 228 156.5656565656566
 2 161.6161616161616
 0 166.6666666666667
 80 171.7171717171717
 35 176.7676767676768
 3 181.8181818181818
 3 186.8686868686869
 187 191.9191919191919
 282 196.969696969697
 41 202.020202020202
 97 207.070707070707
 198 212.1212121212121
 55 217.1717171717171
 101 222.2222222222222
 216 227.2727272727273
 144 232.3232323232323
 0 237.3737373737374
 26 242.4242424242424
 138 247.4747474747475
 12 252.5252525252525
 127 257.5757575757576
 114 262.6262626262626
 28 267.6767676767677
 272 272.7272727272727
 141 277.7777777777778
 429 282.8282828282828
 204 287.8787878787879
 2 292.9292929292929
 0 297.979797979798
 1 303.030303030303
 195 308.0808080808081
 20 313.1313131313131
 36 318.1818181818182
 35 323.2323232323232
 55 328.2828282828282
 180 333.3333333333333
 72 338.3838383838383
 19 343.4343434343434
 175 348.4848484848484
 99 353.5353535353535
 39 358.5858585858585
 5 363.6363636363636
 36 368.6868686868686
 51 373.7373737373737
 41 378.7878787878788
 1 383.8383838383838
 0 388.8888888888889
 309 393.9393939393939
 59 398.989898989899
 64 404.040404040404
 158 409.0909090909091
 157 414.1414141414141
 513 419.1919191919192
 25 424.2424242424242
 245 429.2929292929293
 162 434.3434343434343
 2 439.3939393939394
 54 444.4444444444444
 74 449.4949494949495
 57 454.5454545454545
 0 459.5959595959596
 1 464.6464646464646
 1 469.6969696969697
 0 474.7474747474747
 0 479.7979797979798
 18 484.8484848484848
 21 489.8989898989898
 69 494.9494949494949
 0 500


