# Created by Octave 3.8.2, Mon Jun 22 10:54:50 2020 CEST <damian@fptrucha.inv.usc.es>
# name: hd
# type: matrix
# rows: 100
# columns: 2
 0 0
 3 5.05050505050505
 0 10.1010101010101
 246 15.15151515151515
 0 20.2020202020202
 1 25.25252525252525
 156 30.3030303030303
 500 35.35353535353535
 575 40.4040404040404
 324 45.45454545454545
 126 50.50505050505051
 64 55.55555555555555
 1 60.6060606060606
 284 65.65656565656565
 222 70.7070707070707
 543 75.75757575757575
 2 80.8080808080808
 5 85.85858585858585
 55 90.90909090909091
 3 95.95959595959596
 4 101.010101010101
 212 106.060606060606
 152 111.1111111111111
 425 116.1616161616162
 205 121.2121212121212
 108 126.2626262626263
 0 131.3131313131313
 2 136.3636363636363
 79 141.4141414141414
 54 146.4646464646464
 465 151.5151515151515
 268 156.5656565656566
 2 161.6161616161616
 1 166.6666666666667
 68 171.7171717171717
 36 176.7676767676768
 0 181.8181818181818
 1 186.8686868686869
 209 191.9191919191919
 278 196.969696969697
 48 202.020202020202
 85 207.070707070707
 171 212.1212121212121
 65 217.1717171717171
 103 222.2222222222222
 216 227.2727272727273
 131 232.3232323232323
 1 237.3737373737374
 26 242.4242424242424
 133 247.4747474747475
 31 252.5252525252525
 137 257.5757575757576
 113 262.6262626262626
 45 267.6767676767677
 276 272.7272727272727
 164 277.7777777777778
 457 282.8282828282828
 169 287.8787878787879
 1 292.9292929292929
 2 297.979797979798
 0 303.030303030303
 193 308.0808080808081
 30 313.1313131313131
 36 318.1818181818182
 36 323.2323232323232
 31 328.2828282828282
 199 333.3333333333333
 68 338.3838383838383
 17 343.4343434343434
 182 348.4848484848484
 97 353.5353535353535
 29 358.5858585858585
 5 363.6363636363636
 39 368.6868686868686
 37 373.7373737373737
 35 378.7878787878788
 1 383.8383838383838
 1 388.8888888888889
 273 393.9393939393939
 65 398.989898989899
 66 404.040404040404
 157 409.0909090909091
 136 414.1414141414141
 479 419.1919191919192
 16 424.2424242424242
 256 429.2929292929293
 172 434.3434343434343
 4 439.3939393939394
 45 444.4444444444444
 68 449.4949494949495
 56 454.5454545454545
 0 459.5959595959596
 1 464.6464646464646
 1 469.6969696969697
 4 474.7474747474747
 3 479.7979797979798
 16 484.8484848484848
 20 489.8989898989898
 61 494.9494949494949
 0 500


