# Created by Octave 3.8.2, Sat Jun 20 12:10:33 2020 CEST <damian@fptrucha.inv.usc.es>
# name: hd
# type: matrix
# rows: 100
# columns: 2
 0 0
 2 5.05050505050505
 1 10.1010101010101
 289 15.15151515151515
 4 20.2020202020202
 0 25.25252525252525
 175 30.3030303030303
 580 35.35353535353535
 684 40.4040404040404
 349 45.45454545454545
 127 50.50505050505051
 104 55.55555555555555
 1 60.6060606060606
 301 65.65656565656565
 208 70.7070707070707
 631 75.75757575757575
 1 80.8080808080808
 0 85.85858585858585
 78 90.90909090909091
 4 95.95959595959596
 3 101.010101010101
 196 106.060606060606
 208 111.1111111111111
 418 116.1616161616162
 221 121.2121212121212
 87 126.2626262626263
 0 131.3131313131313
 1 136.3636363636363
 76 141.4141414141414
 81 146.4646464646464
 449 151.5151515151515
 318 156.5656565656566
 4 161.6161616161616
 1 166.6666666666667
 73 171.7171717171717
 37 176.7676767676768
 0 181.8181818181818
 0 186.8686868686869
 191 191.9191919191919
 280 196.969696969697
 46 202.020202020202
 97 207.070707070707
 197 212.1212121212121
 64 217.1717171717171
 113 222.2222222222222
 250 227.2727272727273
 138 232.3232323232323
 0 237.3737373737374
 27 242.4242424242424
 118 247.4747474747475
 20 252.5252525252525
 129 257.5757575757576
 171 262.6262626262626
 40 267.6767676767677
 278 272.7272727272727
 180 277.7777777777778
 515 282.8282828282828
 214 287.8787878787879
 1 292.9292929292929
 0 297.979797979798
 0 303.030303030303
 236 308.0808080808081
 24 313.1313131313131
 57 318.1818181818182
 34 323.2323232323232
 48 328.2828282828282
 177 333.3333333333333
 74 338.3838383838383
 24 343.4343434343434
 221 348.4848484848484
 104 353.5353535353535
 35 358.5858585858585
 2 363.6363636363636
 51 368.6868686868686
 32 373.7373737373737
 41 378.7878787878788
 0 383.8383838383838
 0 388.8888888888889
 370 393.9393939393939
 60 398.989898989899
 75 404.040404040404
 173 409.0909090909091
 153 414.1414141414141
 596 419.1919191919192
 19 424.2424242424242
 263 429.2929292929293
 212 434.3434343434343
 6 439.3939393939394
 57 444.4444444444444
 86 449.4949494949495
 65 454.5454545454545
 2 459.5959595959596
 0 464.6464646464646
 0 469.6969696969697
 0 474.7474747474747
 0 479.7979797979798
 12 484.8484848484848
 13 489.8989898989898
 84 494.9494949494949
 0 500


