# Created by Octave 3.8.2, Sun Jun 21 03:46:19 2020 CEST <damian@fptrucha.inv.usc.es>
# name: hd
# type: matrix
# rows: 100
# columns: 2
 2 0
 2 5.05050505050505
 3 10.1010101010101
 266 15.15151515151515
 1 20.2020202020202
 0 25.25252525252525
 154 30.3030303030303
 486 35.35353535353535
 605 40.4040404040404
 311 45.45454545454545
 132 50.50505050505051
 61 55.55555555555555
 3 60.6060606060606
 263 65.65656565656565
 203 70.7070707070707
 549 75.75757575757575
 1 80.8080808080808
 0 85.85858585858585
 56 90.90909090909091
 0 95.95959595959596
 0 101.010101010101
 167 106.060606060606
 167 111.1111111111111
 404 116.1616161616162
 199 121.2121212121212
 82 126.2626262626263
 0 131.3131313131313
 1 136.3636363636363
 67 141.4141414141414
 87 146.4646464646464
 444 151.5151515151515
 275 156.5656565656566
 1 161.6161616161616
 0 166.6666666666667
 67 171.7171717171717
 29 176.7676767676768
 0 181.8181818181818
 1 186.8686868686869
 176 191.9191919191919
 278 196.969696969697
 55 202.020202020202
 88 207.070707070707
 227 212.1212121212121
 65 217.1717171717171
 110 222.2222222222222
 200 227.2727272727273
 148 232.3232323232323
 0 237.3737373737374
 16 242.4242424242424
 131 247.4747474747475
 23 252.5252525252525
 112 257.5757575757576
 126 262.6262626262626
 38 267.6767676767677
 248 272.7272727272727
 137 277.7777777777778
 436 282.8282828282828
 197 287.8787878787879
 1 292.9292929292929
 1 297.979797979798
 0 303.030303030303
 198 308.0808080808081
 25 313.1313131313131
 34 318.1818181818182
 27 323.2323232323232
 34 328.2828282828282
 162 333.3333333333333
 64 338.3838383838383
 22 343.4343434343434
 178 348.4848484848484
 75 353.5353535353535
 32 358.5858585858585
 0 363.6363636363636
 53 368.6868686868686
 35 373.7373737373737
 41 378.7878787878788
 0 383.8383838383838
 3 388.8888888888889
 305 393.9393939393939
 44 398.989898989899
 61 404.040404040404
 141 409.0909090909091
 131 414.1414141414141
 555 419.1919191919192
 16 424.2424242424242
 194 429.2929292929293
 212 434.3434343434343
 2 439.3939393939394
 55 444.4444444444444
 76 449.4949494949495
 54 454.5454545454545
 0 459.5959595959596
 1 464.6464646464646
 0 469.6969696969697
 1 474.7474747474747
 2 479.7979797979798
 16 484.8484848484848
 18 489.8989898989898
 75 494.9494949494949
 0 500


