# Created by Octave 3.8.2, Sat Jun 20 17:55:07 2020 CEST <damian@fptrucha.inv.usc.es>
# name: hd
# type: matrix
# rows: 100
# columns: 2
 1 0
 2 5.05050505050505
 1 10.1010101010101
 273 15.15151515151515
 0 20.2020202020202
 1 25.25252525252525
 149 30.3030303030303
 517 35.35353535353535
 638 40.4040404040404
 283 45.45454545454545
 124 50.50505050505051
 61 55.55555555555555
 0 60.6060606060606
 268 65.65656565656565
 195 70.7070707070707
 546 75.75757575757575
 1 80.8080808080808
 0 85.85858585858585
 78 90.90909090909091
 2 95.95959595959596
 1 101.010101010101
 166 106.060606060606
 183 111.1111111111111
 362 116.1616161616162
 185 121.2121212121212
 81 126.2626262626263
 0 131.3131313131313
 3 136.3636363636363
 63 141.4141414141414
 58 146.4646464646464
 424 151.5151515151515
 248 156.5656565656566
 2 161.6161616161616
 1 166.6666666666667
 72 171.7171717171717
 26 176.7676767676768
 0 181.8181818181818
 0 186.8686868686869
 165 191.9191919191919
 259 196.969696969697
 55 202.020202020202
 85 207.070707070707
 192 212.1212121212121
 69 217.1717171717171
 108 222.2222222222222
 213 227.2727272727273
 121 232.3232323232323
 0 237.3737373737374
 18 242.4242424242424
 156 247.4747474747475
 14 252.5252525252525
 111 257.5757575757576
 146 262.6262626262626
 39 267.6767676767677
 268 272.7272727272727
 172 277.7777777777778
 447 282.8282828282828
 177 287.8787878787879
 0 292.9292929292929
 0 297.979797979798
 0 303.030303030303
 206 308.0808080808081
 21 313.1313131313131
 49 318.1818181818182
 42 323.2323232323232
 36 328.2828282828282
 170 333.3333333333333
 69 338.3838383838383
 15 343.4343434343434
 185 348.4848484848484
 95 353.5353535353535
 24 358.5858585858585
 2 363.6363636363636
 32 368.6868686868686
 38 373.7373737373737
 43 378.7878787878788
 2 383.8383838383838
 0 388.8888888888889
 330 393.9393939393939
 46 398.989898989899
 63 404.040404040404
 179 409.0909090909091
 122 414.1414141414141
 561 419.1919191919192
 20 424.2424242424242
 211 429.2929292929293
 174 434.3434343434343
 1 439.3939393939394
 55 444.4444444444444
 79 449.4949494949495
 50 454.5454545454545
 1 459.5959595959596
 2 464.6464646464646
 0 469.6969696969697
 0 474.7474747474747
 2 479.7979797979798
 14 484.8484848484848
 32 489.8989898989898
 68 494.9494949494949
 0 500


