# Created by Octave 3.8.2, Sat Jun 20 12:55:11 2020 CEST <damian@fptrucha.inv.usc.es>
# name: hd
# type: matrix
# rows: 100
# columns: 2
 2 0
 5 5.05050505050505
 1 10.1010101010101
 300 15.15151515151515
 3 20.2020202020202
 1 25.25252525252525
 159 30.3030303030303
 574 35.35353535353535
 641 40.4040404040404
 355 45.45454545454545
 147 50.50505050505051
 80 55.55555555555555
 3 60.6060606060606
 269 65.65656565656565
 221 70.7070707070707
 613 75.75757575757575
 1 80.8080808080808
 1 85.85858585858585
 45 90.90909090909091
 4 95.95959595959596
 4 101.010101010101
 179 106.060606060606
 192 111.1111111111111
 411 116.1616161616162
 218 121.2121212121212
 109 126.2626262626263
 1 131.3131313131313
 3 136.3636363636363
 63 141.4141414141414
 103 146.4646464646464
 451 151.5151515151515
 283 156.5656565656566
 1 161.6161616161616
 1 166.6666666666667
 78 171.7171717171717
 32 176.7676767676768
 0 181.8181818181818
 0 186.8686868686869
 202 191.9191919191919
 255 196.969696969697
 49 202.020202020202
 98 207.070707070707
 198 212.1212121212121
 69 217.1717171717171
 105 222.2222222222222
 237 227.2727272727273
 160 232.3232323232323
 1 237.3737373737374
 29 242.4242424242424
 158 247.4747474747475
 17 252.5252525252525
 137 257.5757575757576
 151 262.6262626262626
 51 267.6767676767677
 282 272.7272727272727
 148 277.7777777777778
 509 282.8282828282828
 235 287.8787878787879
 2 292.9292929292929
 0 297.979797979798
 1 303.030303030303
 227 308.0808080808081
 20 313.1313131313131
 39 318.1818181818182
 28 323.2323232323232
 49 328.2828282828282
 161 333.3333333333333
 76 338.3838383838383
 20 343.4343434343434
 188 348.4848484848484
 111 353.5353535353535
 25 358.5858585858585
 0 363.6363636363636
 45 368.6868686868686
 50 373.7373737373737
 47 378.7878787878788
 1 383.8383838383838
 2 388.8888888888889
 311 393.9393939393939
 66 398.989898989899
 78 404.040404040404
 174 409.0909090909091
 162 414.1414141414141
 627 419.1919191919192
 24 424.2424242424242
 255 429.2929292929293
 195 434.3434343434343
 3 439.3939393939394
 49 444.4444444444444
 74 449.4949494949495
 41 454.5454545454545
 1 459.5959595959596
 1 464.6464646464646
 1 469.6969696969697
 3 474.7474747474747
 2 479.7979797979798
 20 484.8484848484848
 32 489.8989898989898
 69 494.9494949494949
 0 500


