# Created by Octave 3.8.2, Mon Jun 22 06:04:56 2020 CEST <damian@fptrucha.inv.usc.es>
# name: hd
# type: matrix
# rows: 100
# columns: 2
 2 0
 5 5.05050505050505
 0 10.1010101010101
 195 15.15151515151515
 3 20.2020202020202
 3 25.25252525252525
 86 30.3030303030303
 345 35.35353535353535
 352 40.4040404040404
 196 45.45454545454545
 86 50.50505050505051
 41 55.55555555555555
 4 60.6060606060606
 167 65.65656565656565
 143 70.7070707070707
 339 75.75757575757575
 1 80.8080808080808
 1 85.85858585858585
 34 90.90909090909091
 3 95.95959595959596
 1 101.010101010101
 114 106.060606060606
 110 111.1111111111111
 229 116.1616161616162
 123 121.2121212121212
 53 126.2626262626263
 0 131.3131313131313
 1 136.3636363636363
 38 141.4141414141414
 66 146.4646464646464
 269 151.5151515151515
 147 156.5656565656566
 2 161.6161616161616
 1 166.6666666666667
 50 171.7171717171717
 19 176.7676767676768
 0 181.8181818181818
 0 186.8686868686869
 107 191.9191919191919
 146 196.969696969697
 36 202.020202020202
 56 207.070707070707
 123 212.1212121212121
 32 217.1717171717171
 58 222.2222222222222
 151 227.2727272727273
 92 232.3232323232323
 4 237.3737373737374
 18 242.4242424242424
 77 247.4747474747475
 16 252.5252525252525
 81 257.5757575757576
 78 262.6262626262626
 21 267.6767676767677
 159 272.7272727272727
 98 277.7777777777778
 323 282.8282828282828
 132 287.8787878787879
 1 292.9292929292929
 0 297.979797979798
 0 303.030303030303
 124 308.0808080808081
 16 313.1313131313131
 35 318.1818181818182
 18 323.2323232323232
 28 328.2828282828282
 101 333.3333333333333
 51 338.3838383838383
 15 343.4343434343434
 106 348.4848484848484
 77 353.5353535353535
 23 358.5858585858585
 1 363.6363636363636
 28 368.6868686868686
 29 373.7373737373737
 23 378.7878787878788
 1 383.8383838383838
 0 388.8888888888889
 227 393.9393939393939
 38 398.989898989899
 40 404.040404040404
 95 409.0909090909091
 90 414.1414141414141
 314 419.1919191919192
 11 424.2424242424242
 176 429.2929292929293
 118 434.3434343434343
 1 439.3939393939394
 34 444.4444444444444
 46 449.4949494949495
 34 454.5454545454545
 1 459.5959595959596
 2 464.6464646464646
 1 469.6969696969697
 2 474.7474747474747
 2 479.7979797979798
 9 484.8484848484848
 13 489.8989898989898
 50 494.9494949494949
 0 500


