# Created by Octave 3.8.2, Sun Jun 21 04:37:36 2020 CEST <damian@fptrucha.inv.usc.es>
# name: hd
# type: matrix
# rows: 100
# columns: 2
 3 0
 1 5.05050505050505
 1 10.1010101010101
 249 15.15151515151515
 1 20.2020202020202
 3 25.25252525252525
 150 30.3030303030303
 549 35.35353535353535
 612 40.4040404040404
 300 45.45454545454545
 119 50.50505050505051
 76 55.55555555555555
 0 60.6060606060606
 267 65.65656565656565
 219 70.7070707070707
 549 75.75757575757575
 5 80.8080808080808
 2 85.85858585858585
 43 90.90909090909091
 4 95.95959595959596
 4 101.010101010101
 178 106.060606060606
 185 111.1111111111111
 371 116.1616161616162
 186 121.2121212121212
 86 126.2626262626263
 1 131.3131313131313
 0 136.3636363636363
 64 141.4141414141414
 105 146.4646464646464
 480 151.5151515151515
 265 156.5656565656566
 3 161.6161616161616
 1 166.6666666666667
 79 171.7171717171717
 29 176.7676767676768
 1 181.8181818181818
 2 186.8686868686869
 203 191.9191919191919
 262 196.969696969697
 50 202.020202020202
 74 207.070707070707
 173 212.1212121212121
 53 217.1717171717171
 82 222.2222222222222
 229 227.2727272727273
 134 232.3232323232323
 0 237.3737373737374
 19 242.4242424242424
 138 247.4747474747475
 23 252.5252525252525
 113 257.5757575757576
 142 262.6262626262626
 34 267.6767676767677
 255 272.7272727272727
 157 277.7777777777778
 464 282.8282828282828
 186 287.8787878787879
 1 292.9292929292929
 0 297.979797979798
 0 303.030303030303
 219 308.0808080808081
 22 313.1313131313131
 39 318.1818181818182
 25 323.2323232323232
 30 328.2828282828282
 140 333.3333333333333
 61 338.3838383838383
 20 343.4343434343434
 191 348.4848484848484
 107 353.5353535353535
 26 358.5858585858585
 1 363.6363636363636
 44 368.6868686868686
 36 373.7373737373737
 37 378.7878787878788
 1 383.8383838383838
 0 388.8888888888889
 314 393.9393939393939
 54 398.989898989899
 67 404.040404040404
 160 409.0909090909091
 126 414.1414141414141
 576 419.1919191919192
 16 424.2424242424242
 258 429.2929292929293
 158 434.3434343434343
 2 439.3939393939394
 51 444.4444444444444
 78 449.4949494949495
 49 454.5454545454545
 1 459.5959595959596
 0 464.6464646464646
 0 469.6969696969697
 0 474.7474747474747
 0 479.7979797979798
 13 484.8484848484848
 17 489.8989898989898
 71 494.9494949494949
 0 500


