# Created by Octave 3.8.2, Sun Jun 21 00:33:52 2020 CEST <damian@fptrucha.inv.usc.es>
# name: hd
# type: matrix
# rows: 100
# columns: 2
 1 0
 4 5.05050505050505
 1 10.1010101010101
 241 15.15151515151515
 3 20.2020202020202
 0 25.25252525252525
 161 30.3030303030303
 466 35.35353535353535
 605 40.4040404040404
 314 45.45454545454545
 107 50.50505050505051
 71 55.55555555555555
 2 60.6060606060606
 276 65.65656565656565
 190 70.7070707070707
 508 75.75757575757575
 2 80.8080808080808
 1 85.85858585858585
 70 90.90909090909091
 4 95.95959595959596
 4 101.010101010101
 189 106.060606060606
 159 111.1111111111111
 383 116.1616161616162
 206 121.2121212121212
 80 126.2626262626263
 0 131.3131313131313
 4 136.3636363636363
 76 141.4141414141414
 84 146.4646464646464
 428 151.5151515151515
 252 156.5656565656566
 3 161.6161616161616
 1 166.6666666666667
 67 171.7171717171717
 33 176.7676767676768
 0 181.8181818181818
 0 186.8686868686869
 163 191.9191919191919
 247 196.969696969697
 44 202.020202020202
 94 207.070707070707
 163 212.1212121212121
 70 217.1717171717171
 92 222.2222222222222
 212 227.2727272727273
 145 232.3232323232323
 0 237.3737373737374
 25 242.4242424242424
 118 247.4747474747475
 25 252.5252525252525
 134 257.5757575757576
 147 262.6262626262626
 40 267.6767676767677
 209 272.7272727272727
 171 277.7777777777778
 421 282.8282828282828
 215 287.8787878787879
 1 292.9292929292929
 0 297.979797979798
 0 303.030303030303
 210 308.0808080808081
 31 313.1313131313131
 32 318.1818181818182
 32 323.2323232323232
 33 328.2828282828282
 174 333.3333333333333
 59 338.3838383838383
 19 343.4343434343434
 186 348.4848484848484
 86 353.5353535353535
 31 358.5858585858585
 1 363.6363636363636
 46 368.6868686868686
 40 373.7373737373737
 32 378.7878787878788
 0 383.8383838383838
 0 388.8888888888889
 315 393.9393939393939
 69 398.989898989899
 61 404.040404040404
 144 409.0909090909091
 143 414.1414141414141
 555 419.1919191919192
 22 424.2424242424242
 207 429.2929292929293
 173 434.3434343434343
 1 439.3939393939394
 35 444.4444444444444
 64 449.4949494949495
 56 454.5454545454545
 0 459.5959595959596
 1 464.6464646464646
 0 469.6969696969697
 1 474.7474747474747
 1 479.7979797979798
 21 484.8484848484848
 24 489.8989898989898
 75 494.9494949494949
 0 500


