# Created by Octave 3.8.2, Mon Jun 22 17:10:38 2020 CEST <damian@fptrucha.inv.usc.es>
# name: hd
# type: matrix
# rows: 100
# columns: 2
 3 0
 5 5.05050505050505
 1 10.1010101010101
 312 15.15151515151515
 3 20.2020202020202
 0 25.25252525252525
 158 30.3030303030303
 537 35.35353535353535
 655 40.4040404040404
 320 45.45454545454545
 135 50.50505050505051
 62 55.55555555555555
 2 60.6060606060606
 290 65.65656565656565
 256 70.7070707070707
 559 75.75757575757575
 4 80.8080808080808
 4 85.85858585858585
 74 90.90909090909091
 3 95.95959595959596
 1 101.010101010101
 188 106.060606060606
 165 111.1111111111111
 403 116.1616161616162
 195 121.2121212121212
 92 126.2626262626263
 2 131.3131313131313
 1 136.3636363636363
 65 141.4141414141414
 100 146.4646464646464
 470 151.5151515151515
 272 156.5656565656566
 3 161.6161616161616
 1 166.6666666666667
 81 171.7171717171717
 38 176.7676767676768
 0 181.8181818181818
 0 186.8686868686869
 179 191.9191919191919
 274 196.969696969697
 40 202.020202020202
 91 207.070707070707
 175 212.1212121212121
 58 217.1717171717171
 120 222.2222222222222
 254 227.2727272727273
 163 232.3232323232323
 2 237.3737373737374
 24 242.4242424242424
 144 247.4747474747475
 30 252.5252525252525
 123 257.5757575757576
 134 262.6262626262626
 40 267.6767676767677
 299 272.7272727272727
 157 277.7777777777778
 461 282.8282828282828
 205 287.8787878787879
 0 292.9292929292929
 1 297.979797979798
 0 303.030303030303
 220 308.0808080808081
 30 313.1313131313131
 43 318.1818181818182
 24 323.2323232323232
 47 328.2828282828282
 163 333.3333333333333
 56 338.3838383838383
 26 343.4343434343434
 186 348.4848484848484
 103 353.5353535353535
 34 358.5858585858585
 3 363.6363636363636
 51 368.6868686868686
 53 373.7373737373737
 37 378.7878787878788
 2 383.8383838383838
 0 388.8888888888889
 300 393.9393939393939
 61 398.989898989899
 62 404.040404040404
 177 409.0909090909091
 165 414.1414141414141
 515 419.1919191919192
 25 424.2424242424242
 233 429.2929292929293
 202 434.3434343434343
 2 439.3939393939394
 61 444.4444444444444
 79 449.4949494949495
 52 454.5454545454545
 1 459.5959595959596
 2 464.6464646464646
 2 469.6969696969697
 1 474.7474747474747
 2 479.7979797979798
 12 484.8484848484848
 26 489.8989898989898
 98 494.9494949494949
 0 500


