# Created by Octave 3.8.2, Mon Jun 22 05:06:44 2020 CEST <damian@fptrucha.inv.usc.es>
# name: hd
# type: matrix
# rows: 100
# columns: 2
 2 0
 2 5.05050505050505
 0 10.1010101010101
 230 15.15151515151515
 2 20.2020202020202
 1 25.25252525252525
 139 30.3030303030303
 492 35.35353535353535
 522 40.4040404040404
 288 45.45454545454545
 133 50.50505050505051
 62 55.55555555555555
 4 60.6060606060606
 258 65.65656565656565
 215 70.7070707070707
 539 75.75757575757575
 0 80.8080808080808
 1 85.85858585858585
 44 90.90909090909091
 6 95.95959595959596
 5 101.010101010101
 163 106.060606060606
 167 111.1111111111111
 336 116.1616161616162
 189 121.2121212121212
 81 126.2626262626263
 2 131.3131313131313
 1 136.3636363636363
 60 141.4141414141414
 95 146.4646464646464
 344 151.5151515151515
 222 156.5656565656566
 1 161.6161616161616
 2 166.6666666666667
 71 171.7171717171717
 24 176.7676767676768
 1 181.8181818181818
 1 186.8686868686869
 161 191.9191919191919
 249 196.969696969697
 48 202.020202020202
 94 207.070707070707
 143 212.1212121212121
 49 217.1717171717171
 102 222.2222222222222
 230 227.2727272727273
 118 232.3232323232323
 0 237.3737373737374
 28 242.4242424242424
 131 247.4747474747475
 17 252.5252525252525
 91 257.5757575757576
 108 262.6262626262626
 29 267.6767676767677
 262 272.7272727272727
 141 277.7777777777778
 419 282.8282828282828
 194 287.8787878787879
 3 292.9292929292929
 2 297.979797979798
 0 303.030303030303
 181 308.0808080808081
 32 313.1313131313131
 37 318.1818181818182
 23 323.2323232323232
 32 328.2828282828282
 145 333.3333333333333
 66 338.3838383838383
 17 343.4343434343434
 174 348.4848484848484
 99 353.5353535353535
 28 358.5858585858585
 1 363.6363636363636
 40 368.6868686868686
 29 373.7373737373737
 28 378.7878787878788
 1 383.8383838383838
 1 388.8888888888889
 252 393.9393939393939
 53 398.989898989899
 57 404.040404040404
 165 409.0909090909091
 143 414.1414141414141
 512 419.1919191919192
 25 424.2424242424242
 223 429.2929292929293
 144 434.3434343434343
 8 439.3939393939394
 45 444.4444444444444
 64 449.4949494949495
 54 454.5454545454545
 0 459.5959595959596
 0 464.6464646464646
 1 469.6969696969697
 1 474.7474747474747
 0 479.7979797979798
 12 484.8484848484848
 21 489.8989898989898
 66 494.9494949494949
 0 500


