# Created by Octave 3.8.2, Sun Jun 21 07:41:11 2020 CEST <damian@fptrucha.inv.usc.es>
# name: hd
# type: matrix
# rows: 100
# columns: 2
 1 0
 2 5.05050505050505
 1 10.1010101010101
 274 15.15151515151515
 0 20.2020202020202
 2 25.25252525252525
 151 30.3030303030303
 494 35.35353535353535
 635 40.4040404040404
 301 45.45454545454545
 127 50.50505050505051
 65 55.55555555555555
 2 60.6060606060606
 273 65.65656565656565
 192 70.7070707070707
 546 75.75757575757575
 1 80.8080808080808
 0 85.85858585858585
 59 90.90909090909091
 1 95.95959595959596
 0 101.010101010101
 182 106.060606060606
 154 111.1111111111111
 403 116.1616161616162
 210 121.2121212121212
 72 126.2626262626263
 1 131.3131313131313
 3 136.3636363636363
 57 141.4141414141414
 100 146.4646464646464
 405 151.5151515151515
 291 156.5656565656566
 0 161.6161616161616
 1 166.6666666666667
 66 171.7171717171717
 19 176.7676767676768
 0 181.8181818181818
 0 186.8686868686869
 186 191.9191919191919
 248 196.969696969697
 50 202.020202020202
 75 207.070707070707
 165 212.1212121212121
 66 217.1717171717171
 107 222.2222222222222
 199 227.2727272727273
 143 232.3232323232323
 0 237.3737373737374
 24 242.4242424242424
 164 247.4747474747475
 13 252.5252525252525
 104 257.5757575757576
 137 262.6262626262626
 41 267.6767676767677
 262 272.7272727272727
 149 277.7777777777778
 433 282.8282828282828
 206 287.8787878787879
 0 292.9292929292929
 1 297.979797979798
 0 303.030303030303
 180 308.0808080808081
 29 313.1313131313131
 37 318.1818181818182
 34 323.2323232323232
 45 328.2828282828282
 162 333.3333333333333
 44 338.3838383838383
 26 343.4343434343434
 175 348.4848484848484
 105 353.5353535353535
 29 358.5858585858585
 2 363.6363636363636
 39 368.6868686868686
 34 373.7373737373737
 33 378.7878787878788
 0 383.8383838383838
 0 388.8888888888889
 317 393.9393939393939
 52 398.989898989899
 57 404.040404040404
 173 409.0909090909091
 123 414.1414141414141
 573 419.1919191919192
 17 424.2424242424242
 224 429.2929292929293
 196 434.3434343434343
 3 439.3939393939394
 56 444.4444444444444
 70 449.4949494949495
 53 454.5454545454545
 0 459.5959595959596
 0 464.6464646464646
 0 469.6969696969697
 1 474.7474747474747
 4 479.7979797979798
 11 484.8484848484848
 18 489.8989898989898
 65 494.9494949494949
 0 500


