# Created by Octave 3.8.2, Sun Jun 21 05:54:34 2020 CEST <damian@fptrucha.inv.usc.es>
# name: hd
# type: matrix
# rows: 100
# columns: 2
 2 0
 0 5.05050505050505
 1 10.1010101010101
 269 15.15151515151515
 4 20.2020202020202
 3 25.25252525252525
 156 30.3030303030303
 543 35.35353535353535
 600 40.4040404040404
 333 45.45454545454545
 122 50.50505050505051
 57 55.55555555555555
 3 60.6060606060606
 276 65.65656565656565
 200 70.7070707070707
 585 75.75757575757575
 0 80.8080808080808
 1 85.85858585858585
 59 90.90909090909091
 4 95.95959595959596
 0 101.010101010101
 178 106.060606060606
 179 111.1111111111111
 385 116.1616161616162
 199 121.2121212121212
 96 126.2626262626263
 0 131.3131313131313
 3 136.3636363636363
 61 141.4141414141414
 84 146.4646464646464
 450 151.5151515151515
 260 156.5656565656566
 4 161.6161616161616
 1 166.6666666666667
 73 171.7171717171717
 34 176.7676767676768
 1 181.8181818181818
 1 186.8686868686869
 181 191.9191919191919
 276 196.969696969697
 45 202.020202020202
 79 207.070707070707
 203 212.1212121212121
 76 217.1717171717171
 103 222.2222222222222
 180 227.2727272727273
 141 232.3232323232323
 0 237.3737373737374
 30 242.4242424242424
 127 247.4747474747475
 24 252.5252525252525
 125 257.5757575757576
 135 262.6262626262626
 35 267.6767676767677
 230 272.7272727272727
 137 277.7777777777778
 438 282.8282828282828
 208 287.8787878787879
 0 292.9292929292929
 2 297.979797979798
 1 303.030303030303
 174 308.0808080808081
 16 313.1313131313131
 42 318.1818181818182
 36 323.2323232323232
 47 328.2828282828282
 161 333.3333333333333
 49 338.3838383838383
 15 343.4343434343434
 186 348.4848484848484
 106 353.5353535353535
 28 358.5858585858585
 4 363.6363636363636
 53 368.6868686868686
 35 373.7373737373737
 40 378.7878787878788
 1 383.8383838383838
 1 388.8888888888889
 334 393.9393939393939
 57 398.989898989899
 69 404.040404040404
 157 409.0909090909091
 155 414.1414141414141
 590 419.1919191919192
 23 424.2424242424242
 197 429.2929292929293
 165 434.3434343434343
 1 439.3939393939394
 67 444.4444444444444
 83 449.4949494949495
 58 454.5454545454545
 0 459.5959595959596
 0 464.6464646464646
 1 469.6969696969697
 1 474.7474747474747
 1 479.7979797979798
 15 484.8484848484848
 19 489.8989898989898
 64 494.9494949494949
 0 500


