# Created by Octave 3.8.2, Sun Jun 21 02:34:45 2020 CEST <damian@fptrucha.inv.usc.es>
# name: hd
# type: matrix
# rows: 100
# columns: 2
 1 0
 4 5.05050505050505
 0 10.1010101010101
 287 15.15151515151515
 4 20.2020202020202
 1 25.25252525252525
 152 30.3030303030303
 497 35.35353535353535
 602 40.4040404040404
 292 45.45454545454545
 138 50.50505050505051
 56 55.55555555555555
 2 60.6060606060606
 227 65.65656565656565
 201 70.7070707070707
 531 75.75757575757575
 3 80.8080808080808
 1 85.85858585858585
 55 90.90909090909091
 4 95.95959595959596
 3 101.010101010101
 167 106.060606060606
 181 111.1111111111111
 404 116.1616161616162
 191 121.2121212121212
 83 126.2626262626263
 0 131.3131313131313
 2 136.3636363636363
 65 141.4141414141414
 83 146.4646464646464
 419 151.5151515151515
 224 156.5656565656566
 2 161.6161616161616
 2 166.6666666666667
 63 171.7171717171717
 25 176.7676767676768
 0 181.8181818181818
 0 186.8686868686869
 198 191.9191919191919
 227 196.969696969697
 31 202.020202020202
 94 207.070707070707
 199 212.1212121212121
 64 217.1717171717171
 84 222.2222222222222
 266 227.2727272727273
 138 232.3232323232323
 0 237.3737373737374
 24 242.4242424242424
 136 247.4747474747475
 16 252.5252525252525
 106 257.5757575757576
 150 262.6262626262626
 46 267.6767676767677
 239 272.7272727272727
 117 277.7777777777778
 440 282.8282828282828
 209 287.8787878787879
 1 292.9292929292929
 0 297.979797979798
 0 303.030303030303
 173 308.0808080808081
 31 313.1313131313131
 36 318.1818181818182
 31 323.2323232323232
 38 328.2828282828282
 190 333.3333333333333
 63 338.3838383838383
 22 343.4343434343434
 203 348.4848484848484
 88 353.5353535353535
 26 358.5858585858585
 0 363.6363636363636
 39 368.6868686868686
 35 373.7373737373737
 37 378.7878787878788
 1 383.8383838383838
 1 388.8888888888889
 306 393.9393939393939
 41 398.989898989899
 60 404.040404040404
 171 409.0909090909091
 155 414.1414141414141
 591 419.1919191919192
 16 424.2424242424242
 235 429.2929292929293
 176 434.3434343434343
 2 439.3939393939394
 47 444.4444444444444
 66 449.4949494949495
 46 454.5454545454545
 0 459.5959595959596
 0 464.6464646464646
 1 469.6969696969697
 2 474.7474747474747
 1 479.7979797979798
 13 484.8484848484848
 18 489.8989898989898
 72 494.9494949494949
 0 500


