# Created by Octave 3.8.2, Mon Jun 22 19:22:23 2020 CEST <damian@fptrucha.inv.usc.es>
# name: hd
# type: matrix
# rows: 100
# columns: 2
 2 0
 1 5.05050505050505
 0 10.1010101010101
 292 15.15151515151515
 2 20.2020202020202
 2 25.25252525252525
 162 30.3030303030303
 554 35.35353535353535
 661 40.4040404040404
 336 45.45454545454545
 147 50.50505050505051
 83 55.55555555555555
 0 60.6060606060606
 272 65.65656565656565
 227 70.7070707070707
 545 75.75757575757575
 2 80.8080808080808
 3 85.85858585858585
 57 90.90909090909091
 8 95.95959595959596
 7 101.010101010101
 189 106.060606060606
 149 111.1111111111111
 401 116.1616161616162
 228 121.2121212121212
 87 126.2626262626263
 1 131.3131313131313
 1 136.3636363636363
 58 141.4141414141414
 97 146.4646464646464
 488 151.5151515151515
 250 156.5656565656566
 1 161.6161616161616
 1 166.6666666666667
 85 171.7171717171717
 22 176.7676767676768
 0 181.8181818181818
 0 186.8686868686869
 190 191.9191919191919
 269 196.969696969697
 53 202.020202020202
 112 207.070707070707
 196 212.1212121212121
 69 217.1717171717171
 103 222.2222222222222
 255 227.2727272727273
 117 232.3232323232323
 2 237.3737373737374
 26 242.4242424242424
 129 247.4747474747475
 24 252.5252525252525
 124 257.5757575757576
 127 262.6262626262626
 54 267.6767676767677
 309 272.7272727272727
 123 277.7777777777778
 482 282.8282828282828
 217 287.8787878787879
 3 292.9292929292929
 0 297.979797979798
 0 303.030303030303
 208 308.0808080808081
 24 313.1313131313131
 29 318.1818181818182
 39 323.2323232323232
 45 328.2828282828282
 183 333.3333333333333
 68 338.3838383838383
 21 343.4343434343434
 188 348.4848484848484
 133 353.5353535353535
 36 358.5858585858585
 1 363.6363636363636
 37 368.6868686868686
 42 373.7373737373737
 47 378.7878787878788
 1 383.8383838383838
 1 388.8888888888889
 308 393.9393939393939
 49 398.989898989899
 65 404.040404040404
 175 409.0909090909091
 151 414.1414141414141
 566 419.1919191919192
 17 424.2424242424242
 246 429.2929292929293
 185 434.3434343434343
 5 439.3939393939394
 64 444.4444444444444
 75 449.4949494949495
 47 454.5454545454545
 1 459.5959595959596
 0 464.6464646464646
 2 469.6969696969697
 1 474.7474747474747
 2 479.7979797979798
 21 484.8484848484848
 20 489.8989898989898
 89 494.9494949494949
 0 500


