# Created by Octave 3.8.2, Sun Jun 21 04:06:51 2020 CEST <damian@fptrucha.inv.usc.es>
# name: hd
# type: matrix
# rows: 100
# columns: 2
 4 0
 2 5.05050505050505
 0 10.1010101010101
 285 15.15151515151515
 4 20.2020202020202
 1 25.25252525252525
 149 30.3030303030303
 489 35.35353535353535
 573 40.4040404040404
 307 45.45454545454545
 121 50.50505050505051
 57 55.55555555555555
 1 60.6060606060606
 257 65.65656565656565
 213 70.7070707070707
 579 75.75757575757575
 0 80.8080808080808
 0 85.85858585858585
 63 90.90909090909091
 2 95.95959595959596
 6 101.010101010101
 190 106.060606060606
 193 111.1111111111111
 382 116.1616161616162
 183 121.2121212121212
 81 126.2626262626263
 0 131.3131313131313
 1 136.3636363636363
 71 141.4141414141414
 76 146.4646464646464
 425 151.5151515151515
 285 156.5656565656566
 2 161.6161616161616
 0 166.6666666666667
 58 171.7171717171717
 43 176.7676767676768
 0 181.8181818181818
 2 186.8686868686869
 154 191.9191919191919
 228 196.969696969697
 46 202.020202020202
 81 207.070707070707
 204 212.1212121212121
 50 217.1717171717171
 104 222.2222222222222
 220 227.2727272727273
 142 232.3232323232323
 3 237.3737373737374
 17 242.4242424242424
 134 247.4747474747475
 18 252.5252525252525
 125 257.5757575757576
 150 262.6262626262626
 37 267.6767676767677
 266 272.7272727272727
 135 277.7777777777778
 404 282.8282828282828
 204 287.8787878787879
 1 292.9292929292929
 0 297.979797979798
 0 303.030303030303
 187 308.0808080808081
 23 313.1313131313131
 30 318.1818181818182
 21 323.2323232323232
 39 328.2828282828282
 180 333.3333333333333
 70 338.3838383838383
 20 343.4343434343434
 160 348.4848484848484
 101 353.5353535353535
 37 358.5858585858585
 1 363.6363636363636
 54 368.6868686868686
 32 373.7373737373737
 43 378.7878787878788
 1 383.8383838383838
 0 388.8888888888889
 292 393.9393939393939
 63 398.989898989899
 59 404.040404040404
 172 409.0909090909091
 149 414.1414141414141
 561 419.1919191919192
 16 424.2424242424242
 199 429.2929292929293
 181 434.3434343434343
 1 439.3939393939394
 49 444.4444444444444
 82 449.4949494949495
 56 454.5454545454545
 1 459.5959595959596
 2 464.6464646464646
 0 469.6969696969697
 1 474.7474747474747
 0 479.7979797979798
 15 484.8484848484848
 16 489.8989898989898
 63 494.9494949494949
 0 500


