# Created by Octave 3.8.2, Mon Jun 22 05:25:42 2020 CEST <damian@fptrucha.inv.usc.es>
# name: hd
# type: matrix
# rows: 100
# columns: 2
 3 0
 2 5.05050505050505
 0 10.1010101010101
 278 15.15151515151515
 1 20.2020202020202
 0 25.25252525252525
 141 30.3030303030303
 512 35.35353535353535
 512 40.4040404040404
 287 45.45454545454545
 141 50.50505050505051
 73 55.55555555555555
 1 60.6060606060606
 260 65.65656565656565
 220 70.7070707070707
 505 75.75757575757575
 0 80.8080808080808
 1 85.85858585858585
 51 90.90909090909091
 8 95.95959595959596
 6 101.010101010101
 171 106.060606060606
 164 111.1111111111111
 344 116.1616161616162
 203 121.2121212121212
 71 126.2626262626263
 0 131.3131313131313
 2 136.3636363636363
 69 141.4141414141414
 91 146.4646464646464
 383 151.5151515151515
 254 156.5656565656566
 3 161.6161616161616
 0 166.6666666666667
 73 171.7171717171717
 26 176.7676767676768
 0 181.8181818181818
 0 186.8686868686869
 197 191.9191919191919
 229 196.969696969697
 47 202.020202020202
 91 207.070707070707
 174 212.1212121212121
 60 217.1717171717171
 110 222.2222222222222
 223 227.2727272727273
 137 232.3232323232323
 3 237.3737373737374
 30 242.4242424242424
 109 247.4747474747475
 15 252.5252525252525
 103 257.5757575757576
 99 262.6262626262626
 42 267.6767676767677
 238 272.7272727272727
 115 277.7777777777778
 411 282.8282828282828
 174 287.8787878787879
 0 292.9292929292929
 0 297.979797979798
 1 303.030303030303
 202 308.0808080808081
 27 313.1313131313131
 26 318.1818181818182
 27 323.2323232323232
 34 328.2828282828282
 174 333.3333333333333
 65 338.3838383838383
 15 343.4343434343434
 185 348.4848484848484
 97 353.5353535353535
 32 358.5858585858585
 1 363.6363636363636
 54 368.6868686868686
 41 373.7373737373737
 29 378.7878787878788
 0 383.8383838383838
 0 388.8888888888889
 259 393.9393939393939
 73 398.989898989899
 63 404.040404040404
 164 409.0909090909091
 146 414.1414141414141
 495 419.1919191919192
 22 424.2424242424242
 239 429.2929292929293
 147 434.3434343434343
 2 439.3939393939394
 62 444.4444444444444
 82 449.4949494949495
 54 454.5454545454545
 2 459.5959595959596
 3 464.6464646464646
 1 469.6969696969697
 0 474.7474747474747
 1 479.7979797979798
 15 484.8484848484848
 17 489.8989898989898
 60 494.9494949494949
 0 500


