# Created by Octave 3.8.2, Sat Jun 20 23:13:12 2020 CEST <damian@fptrucha.inv.usc.es>
# name: hd
# type: matrix
# rows: 100
# columns: 2
 3 0
 0 5.05050505050505
 1 10.1010101010101
 272 15.15151515151515
 1 20.2020202020202
 0 25.25252525252525
 158 30.3030303030303
 527 35.35353535353535
 563 40.4040404040404
 283 45.45454545454545
 125 50.50505050505051
 64 55.55555555555555
 1 60.6060606060606
 229 65.65656565656565
 199 70.7070707070707
 550 75.75757575757575
 0 80.8080808080808
 1 85.85858585858585
 51 90.90909090909091
 6 95.95959595959596
 3 101.010101010101
 154 106.060606060606
 184 111.1111111111111
 382 116.1616161616162
 196 121.2121212121212
 87 126.2626262626263
 0 131.3131313131313
 0 136.3636363636363
 64 141.4141414141414
 93 146.4646464646464
 442 151.5151515151515
 248 156.5656565656566
 1 161.6161616161616
 0 166.6666666666667
 64 171.7171717171717
 30 176.7676767676768
 0 181.8181818181818
 0 186.8686868686869
 169 191.9191919191919
 273 196.969696969697
 39 202.020202020202
 112 207.070707070707
 206 212.1212121212121
 61 217.1717171717171
 88 222.2222222222222
 229 227.2727272727273
 127 232.3232323232323
 1 237.3737373737374
 20 242.4242424242424
 118 247.4747474747475
 17 252.5252525252525
 98 257.5757575757576
 143 262.6262626262626
 33 267.6767676767677
 249 272.7272727272727
 134 277.7777777777778
 491 282.8282828282828
 172 287.8787878787879
 0 292.9292929292929
 1 297.979797979798
 0 303.030303030303
 199 308.0808080808081
 29 313.1313131313131
 34 318.1818181818182
 34 323.2323232323232
 34 328.2828282828282
 170 333.3333333333333
 68 338.3838383838383
 14 343.4343434343434
 199 348.4848484848484
 85 353.5353535353535
 23 358.5858585858585
 0 363.6363636363636
 57 368.6868686868686
 42 373.7373737373737
 25 378.7878787878788
 2 383.8383838383838
 1 388.8888888888889
 303 393.9393939393939
 53 398.989898989899
 51 404.040404040404
 165 409.0909090909091
 148 414.1414141414141
 593 419.1919191919192
 18 424.2424242424242
 243 429.2929292929293
 166 434.3434343434343
 3 439.3939393939394
 48 444.4444444444444
 81 449.4949494949495
 62 454.5454545454545
 1 459.5959595959596
 1 464.6464646464646
 0 469.6969696969697
 2 474.7474747474747
 1 479.7979797979798
 15 484.8484848484848
 23 489.8989898989898
 79 494.9494949494949
 0 500


