# Created by Octave 3.8.2, Sat Jun 20 04:35:12 2020 CEST <damian@fptrucha.inv.usc.es>
# name: hd
# type: matrix
# rows: 100
# columns: 2
 1 0
 3 5.05050505050505
 2 10.1010101010101
 259 15.15151515151515
 2 20.2020202020202
 0 25.25252525252525
 186 30.3030303030303
 621 35.35353535353535
 638 40.4040404040404
 333 45.45454545454545
 147 50.50505050505051
 67 55.55555555555555
 1 60.6060606060606
 308 65.65656565656565
 232 70.7070707070707
 649 75.75757575757575
 1 80.8080808080808
 0 85.85858585858585
 64 90.90909090909091
 2 95.95959595959596
 3 101.010101010101
 190 106.060606060606
 200 111.1111111111111
 425 116.1616161616162
 243 121.2121212121212
 80 126.2626262626263
 1 131.3131313131313
 0 136.3636363636363
 69 141.4141414141414
 101 146.4646464646464
 487 151.5151515151515
 288 156.5656565656566
 0 161.6161616161616
 1 166.6666666666667
 74 171.7171717171717
 40 176.7676767676768
 2 181.8181818181818
 1 186.8686868686869
 187 191.9191919191919
 279 196.969696969697
 64 202.020202020202
 97 207.070707070707
 197 212.1212121212121
 70 217.1717171717171
 118 222.2222222222222
 238 227.2727272727273
 165 232.3232323232323
 1 237.3737373737374
 27 242.4242424242424
 163 247.4747474747475
 20 252.5252525252525
 132 257.5757575757576
 159 262.6262626262626
 45 267.6767676767677
 285 272.7272727272727
 156 277.7777777777778
 526 282.8282828282828
 225 287.8787878787879
 1 292.9292929292929
 2 297.979797979798
 0 303.030303030303
 249 308.0808080808081
 30 313.1313131313131
 47 318.1818181818182
 33 323.2323232323232
 55 328.2828282828282
 170 333.3333333333333
 74 338.3838383838383
 15 343.4343434343434
 208 348.4848484848484
 101 353.5353535353535
 30 358.5858585858585
 0 363.6363636363636
 43 368.6868686868686
 44 373.7373737373737
 40 378.7878787878788
 1 383.8383838383838
 1 388.8888888888889
 303 393.9393939393939
 54 398.989898989899
 51 404.040404040404
 196 409.0909090909091
 176 414.1414141414141
 609 419.1919191919192
 33 424.2424242424242
 263 429.2929292929293
 201 434.3434343434343
 6 439.3939393939394
 59 444.4444444444444
 92 449.4949494949495
 61 454.5454545454545
 1 459.5959595959596
 0 464.6464646464646
 0 469.6969696969697
 1 474.7474747474747
 2 479.7979797979798
 18 484.8484848484848
 19 489.8989898989898
 74 494.9494949494949
 0 500


