# Created by Octave 3.8.2, Mon Jun 22 08:32:29 2020 CEST <damian@fptrucha.inv.usc.es>
# name: hd
# type: matrix
# rows: 100
# columns: 2
 3 0
 5 5.05050505050505
 2 10.1010101010101
 293 15.15151515151515
 3 20.2020202020202
 1 25.25252525252525
 152 30.3030303030303
 478 35.35353535353535
 552 40.4040404040404
 311 45.45454545454545
 123 50.50505050505051
 76 55.55555555555555
 4 60.6060606060606
 308 65.65656565656565
 185 70.7070707070707
 586 75.75757575757575
 0 80.8080808080808
 2 85.85858585858585
 60 90.90909090909091
 0 95.95959595959596
 2 101.010101010101
 195 106.060606060606
 208 111.1111111111111
 384 116.1616161616162
 194 121.2121212121212
 76 126.2626262626263
 0 131.3131313131313
 1 136.3636363636363
 69 141.4141414141414
 88 146.4646464646464
 461 151.5151515151515
 221 156.5656565656566
 3 161.6161616161616
 1 166.6666666666667
 73 171.7171717171717
 37 176.7676767676768
 2 181.8181818181818
 0 186.8686868686869
 210 191.9191919191919
 232 196.969696969697
 51 202.020202020202
 112 207.070707070707
 196 212.1212121212121
 65 217.1717171717171
 83 222.2222222222222
 223 227.2727272727273
 124 232.3232323232323
 3 237.3737373737374
 24 242.4242424242424
 138 247.4747474747475
 27 252.5252525252525
 116 257.5757575757576
 120 262.6262626262626
 43 267.6767676767677
 263 272.7272727272727
 152 277.7777777777778
 455 282.8282828282828
 185 287.8787878787879
 3 292.9292929292929
 3 297.979797979798
 0 303.030303030303
 192 308.0808080808081
 19 313.1313131313131
 35 318.1818181818182
 23 323.2323232323232
 33 328.2828282828282
 185 333.3333333333333
 64 338.3838383838383
 18 343.4343434343434
 164 348.4848484848484
 89 353.5353535353535
 27 358.5858585858585
 4 363.6363636363636
 40 368.6868686868686
 40 373.7373737373737
 30 378.7878787878788
 0 383.8383838383838
 1 388.8888888888889
 292 393.9393939393939
 55 398.989898989899
 61 404.040404040404
 194 409.0909090909091
 164 414.1414141414141
 527 419.1919191919192
 23 424.2424242424242
 233 429.2929292929293
 169 434.3434343434343
 2 439.3939393939394
 63 444.4444444444444
 68 449.4949494949495
 52 454.5454545454545
 2 459.5959595959596
 2 464.6464646464646
 1 469.6969696969697
 1 474.7474747474747
 1 479.7979797979798
 15 484.8484848484848
 12 489.8989898989898
 76 494.9494949494949
 0 500


