# Created by Octave 3.8.2, Mon Jun 22 15:06:17 2020 CEST <damian@fptrucha.inv.usc.es>
# name: hd
# type: matrix
# rows: 100
# columns: 2
 3 0
 2 5.05050505050505
 1 10.1010101010101
 307 15.15151515151515
 3 20.2020202020202
 3 25.25252525252525
 172 30.3030303030303
 545 35.35353535353535
 611 40.4040404040404
 308 45.45454545454545
 119 50.50505050505051
 82 55.55555555555555
 2 60.6060606060606
 260 65.65656565656565
 221 70.7070707070707
 588 75.75757575757575
 1 80.8080808080808
 1 85.85858585858585
 70 90.90909090909091
 3 95.95959595959596
 5 101.010101010101
 173 106.060606060606
 170 111.1111111111111
 425 116.1616161616162
 221 121.2121212121212
 91 126.2626262626263
 0 131.3131313131313
 2 136.3636363636363
 68 141.4141414141414
 88 146.4646464646464
 453 151.5151515151515
 269 156.5656565656566
 1 161.6161616161616
 1 166.6666666666667
 74 171.7171717171717
 29 176.7676767676768
 1 181.8181818181818
 0 186.8686868686869
 187 191.9191919191919
 261 196.969696969697
 50 202.020202020202
 87 207.070707070707
 186 212.1212121212121
 56 217.1717171717171
 94 222.2222222222222
 250 227.2727272727273
 142 232.3232323232323
 1 237.3737373737374
 28 242.4242424242424
 135 247.4747474747475
 26 252.5252525252525
 109 257.5757575757576
 136 262.6262626262626
 35 267.6767676767677
 275 272.7272727272727
 187 277.7777777777778
 458 282.8282828282828
 201 287.8787878787879
 1 292.9292929292929
 0 297.979797979798
 1 303.030303030303
 233 308.0808080808081
 29 313.1313131313131
 36 318.1818181818182
 35 323.2323232323232
 23 328.2828282828282
 163 333.3333333333333
 101 338.3838383838383
 24 343.4343434343434
 182 348.4848484848484
 116 353.5353535353535
 32 358.5858585858585
 0 363.6363636363636
 60 368.6868686868686
 33 373.7373737373737
 30 378.7878787878788
 0 383.8383838383838
 1 388.8888888888889
 298 393.9393939393939
 61 398.989898989899
 82 404.040404040404
 171 409.0909090909091
 153 414.1414141414141
 554 419.1919191919192
 22 424.2424242424242
 262 429.2929292929293
 176 434.3434343434343
 3 439.3939393939394
 62 444.4444444444444
 82 449.4949494949495
 54 454.5454545454545
 1 459.5959595959596
 2 464.6464646464646
 1 469.6969696969697
 2 474.7474747474747
 0 479.7979797979798
 24 484.8484848484848
 21 489.8989898989898
 69 494.9494949494949
 0 500


