# Created by Octave 3.8.2, Mon Jun 22 14:55:37 2020 CEST <damian@fptrucha.inv.usc.es>
# name: hd
# type: matrix
# rows: 100
# columns: 2
 0 0
 4 5.05050505050505
 1 10.1010101010101
 298 15.15151515151515
 4 20.2020202020202
 2 25.25252525252525
 176 30.3030303030303
 590 35.35353535353535
 581 40.4040404040404
 312 45.45454545454545
 136 50.50505050505051
 92 55.55555555555555
 3 60.6060606060606
 281 65.65656565656565
 196 70.7070707070707
 587 75.75757575757575
 3 80.8080808080808
 0 85.85858585858585
 58 90.90909090909091
 8 95.95959595959596
 3 101.010101010101
 187 106.060606060606
 182 111.1111111111111
 430 116.1616161616162
 201 121.2121212121212
 97 126.2626262626263
 2 131.3131313131313
 2 136.3636363636363
 64 141.4141414141414
 91 146.4646464646464
 449 151.5151515151515
 264 156.5656565656566
 1 161.6161616161616
 0 166.6666666666667
 80 171.7171717171717
 38 176.7676767676768
 0 181.8181818181818
 2 186.8686868686869
 192 191.9191919191919
 276 196.969696969697
 45 202.020202020202
 98 207.070707070707
 164 212.1212121212121
 71 217.1717171717171
 137 222.2222222222222
 240 227.2727272727273
 138 232.3232323232323
 1 237.3737373737374
 25 242.4242424242424
 140 247.4747474747475
 24 252.5252525252525
 116 257.5757575757576
 143 262.6262626262626
 34 267.6767676767677
 253 272.7272727272727
 185 277.7777777777778
 431 282.8282828282828
 182 287.8787878787879
 2 292.9292929292929
 0 297.979797979798
 2 303.030303030303
 228 308.0808080808081
 24 313.1313131313131
 38 318.1818181818182
 28 323.2323232323232
 44 328.2828282828282
 186 333.3333333333333
 75 338.3838383838383
 27 343.4343434343434
 199 348.4848484848484
 112 353.5353535353535
 23 358.5858585858585
 0 363.6363636363636
 43 368.6868686868686
 49 373.7373737373737
 33 378.7878787878788
 2 383.8383838383838
 1 388.8888888888889
 310 393.9393939393939
 52 398.989898989899
 61 404.040404040404
 170 409.0909090909091
 137 414.1414141414141
 517 419.1919191919192
 27 424.2424242424242
 268 429.2929292929293
 183 434.3434343434343
 3 439.3939393939394
 61 444.4444444444444
 86 449.4949494949495
 51 454.5454545454545
 2 459.5959595959596
 1 464.6464646464646
 1 469.6969696969697
 0 474.7474747474747
 3 479.7979797979798
 15 484.8484848484848
 27 489.8989898989898
 91 494.9494949494949
 0 500


