# Created by Octave 3.8.2, Sat Jun 20 17:04:59 2020 CEST <damian@fptrucha.inv.usc.es>
# name: hd
# type: matrix
# rows: 100
# columns: 2
 1 0
 2 5.05050505050505
 2 10.1010101010101
 300 15.15151515151515
 4 20.2020202020202
 1 25.25252525252525
 169 30.3030303030303
 497 35.35353535353535
 615 40.4040404040404
 301 45.45454545454545
 115 50.50505050505051
 68 55.55555555555555
 2 60.6060606060606
 266 65.65656565656565
 202 70.7070707070707
 581 75.75757575757575
 1 80.8080808080808
 0 85.85858585858585
 70 90.90909090909091
 2 95.95959595959596
 1 101.010101010101
 192 106.060606060606
 180 111.1111111111111
 403 116.1616161616162
 204 121.2121212121212
 89 126.2626262626263
 0 131.3131313131313
 0 136.3636363636363
 78 141.4141414141414
 79 146.4646464646464
 411 151.5151515151515
 293 156.5656565656566
 1 161.6161616161616
 1 166.6666666666667
 65 171.7171717171717
 29 176.7676767676768
 1 181.8181818181818
 1 186.8686868686869
 192 191.9191919191919
 253 196.969696969697
 52 202.020202020202
 91 207.070707070707
 196 212.1212121212121
 59 217.1717171717171
 97 222.2222222222222
 207 227.2727272727273
 106 232.3232323232323
 1 237.3737373737374
 23 242.4242424242424
 126 247.4747474747475
 14 252.5252525252525
 81 257.5757575757576
 149 262.6262626262626
 32 267.6767676767677
 261 272.7272727272727
 137 277.7777777777778
 435 282.8282828282828
 210 287.8787878787879
 0 292.9292929292929
 1 297.979797979798
 0 303.030303030303
 243 308.0808080808081
 27 313.1313131313131
 39 318.1818181818182
 30 323.2323232323232
 42 328.2828282828282
 166 333.3333333333333
 60 338.3838383838383
 10 343.4343434343434
 204 348.4848484848484
 105 353.5353535353535
 32 358.5858585858585
 0 363.6363636363636
 44 368.6868686868686
 33 373.7373737373737
 33 378.7878787878788
 0 383.8383838383838
 0 388.8888888888889
 335 393.9393939393939
 65 398.989898989899
 79 404.040404040404
 164 409.0909090909091
 136 414.1414141414141
 563 419.1919191919192
 20 424.2424242424242
 229 429.2929292929293
 185 434.3434343434343
 5 439.3939393939394
 59 444.4444444444444
 88 449.4949494949495
 51 454.5454545454545
 1 459.5959595959596
 1 464.6464646464646
 4 469.6969696969697
 0 474.7474747474747
 0 479.7979797979798
 17 484.8484848484848
 13 489.8989898989898
 67 494.9494949494949
 0 500


