# Created by Octave 3.8.2, Mon Jun 22 20:38:20 2020 CEST <damian@fptrucha.inv.usc.es>
# name: hd
# type: matrix
# rows: 100
# columns: 2
 1 0
 3 5.05050505050505
 0 10.1010101010101
 194 15.15151515151515
 1 20.2020202020202
 1 25.25252525252525
 108 30.3030303030303
 354 35.35353535353535
 404 40.4040404040404
 202 45.45454545454545
 81 50.50505050505051
 44 55.55555555555555
 1 60.6060606060606
 173 65.65656565656565
 165 70.7070707070707
 370 75.75757575757575
 0 80.8080808080808
 1 85.85858585858585
 37 90.90909090909091
 5 95.95959595959596
 3 101.010101010101
 147 106.060606060606
 119 111.1111111111111
 291 116.1616161616162
 156 121.2121212121212
 54 126.2626262626263
 1 131.3131313131313
 0 136.3636363636363
 57 141.4141414141414
 72 146.4646464646464
 326 151.5151515151515
 173 156.5656565656566
 3 161.6161616161616
 3 166.6666666666667
 53 171.7171717171717
 26 176.7676767676768
 1 181.8181818181818
 1 186.8686868686869
 147 191.9191919191919
 172 196.969696969697
 34 202.020202020202
 69 207.070707070707
 127 212.1212121212121
 40 217.1717171717171
 64 222.2222222222222
 157 227.2727272727273
 102 232.3232323232323
 1 237.3737373737374
 13 242.4242424242424
 123 247.4747474747475
 17 252.5252525252525
 84 257.5757575757576
 86 262.6262626262626
 25 267.6767676767677
 184 272.7272727272727
 91 277.7777777777778
 302 282.8282828282828
 128 287.8787878787879
 1 292.9292929292929
 0 297.979797979798
 0 303.030303030303
 148 308.0808080808081
 15 313.1313131313131
 25 318.1818181818182
 20 323.2323232323232
 32 328.2828282828282
 119 333.3333333333333
 42 338.3838383838383
 14 343.4343434343434
 108 348.4848484848484
 74 353.5353535353535
 25 358.5858585858585
 1 363.6363636363636
 30 368.6868686868686
 25 373.7373737373737
 28 378.7878787878788
 0 383.8383838383838
 0 388.8888888888889
 193 393.9393939393939
 36 398.989898989899
 47 404.040404040404
 143 409.0909090909091
 106 414.1414141414141
 347 419.1919191919192
 11 424.2424242424242
 134 429.2929292929293
 148 434.3434343434343
 5 439.3939393939394
 46 444.4444444444444
 65 449.4949494949495
 42 454.5454545454545
 1 459.5959595959596
 2 464.6464646464646
 2 469.6969696969697
 0 474.7474747474747
 0 479.7979797979798
 8 484.8484848484848
 14 489.8989898989898
 64 494.9494949494949
 0 500


