# Created by Octave 3.8.2, Mon Jun 22 15:07:22 2020 CEST <damian@fptrucha.inv.usc.es>
# name: hd
# type: matrix
# rows: 100
# columns: 2
 1 0
 5 5.05050505050505
 2 10.1010101010101
 275 15.15151515151515
 1 20.2020202020202
 1 25.25252525252525
 140 30.3030303030303
 572 35.35353535353535
 611 40.4040404040404
 316 45.45454545454545
 123 50.50505050505051
 61 55.55555555555555
 1 60.6060606060606
 269 65.65656565656565
 214 70.7070707070707
 537 75.75757575757575
 2 80.8080808080808
 0 85.85858585858585
 61 90.90909090909091
 3 95.95959595959596
 3 101.010101010101
 182 106.060606060606
 199 111.1111111111111
 411 116.1616161616162
 184 121.2121212121212
 79 126.2626262626263
 2 131.3131313131313
 0 136.3636363636363
 69 141.4141414141414
 108 146.4646464646464
 422 151.5151515151515
 277 156.5656565656566
 6 161.6161616161616
 2 166.6666666666667
 74 171.7171717171717
 35 176.7676767676768
 1 181.8181818181818
 1 186.8686868686869
 176 191.9191919191919
 276 196.969696969697
 53 202.020202020202
 114 207.070707070707
 208 212.1212121212121
 67 217.1717171717171
 115 222.2222222222222
 210 227.2727272727273
 146 232.3232323232323
 4 237.3737373737374
 16 242.4242424242424
 124 247.4747474747475
 22 252.5252525252525
 115 257.5757575757576
 129 262.6262626262626
 40 267.6767676767677
 284 272.7272727272727
 138 277.7777777777778
 451 282.8282828282828
 212 287.8787878787879
 1 292.9292929292929
 2 297.979797979798
 0 303.030303030303
 207 308.0808080808081
 36 313.1313131313131
 45 318.1818181818182
 38 323.2323232323232
 43 328.2828282828282
 177 333.3333333333333
 68 338.3838383838383
 22 343.4343434343434
 189 348.4848484848484
 114 353.5353535353535
 38 358.5858585858585
 3 363.6363636363636
 58 368.6868686868686
 43 373.7373737373737
 40 378.7878787878788
 2 383.8383838383838
 3 388.8888888888889
 325 393.9393939393939
 63 398.989898989899
 74 404.040404040404
 164 409.0909090909091
 132 414.1414141414141
 555 419.1919191919192
 14 424.2424242424242
 209 429.2929292929293
 211 434.3434343434343
 4 439.3939393939394
 63 444.4444444444444
 80 449.4949494949495
 68 454.5454545454545
 2 459.5959595959596
 1 464.6464646464646
 1 469.6969696969697
 2 474.7474747474747
 0 479.7979797979798
 17 484.8484848484848
 29 489.8989898989898
 81 494.9494949494949
 0 500


