# Created by Octave 3.8.2, Mon Jun 22 04:13:22 2020 CEST <damian@fptrucha.inv.usc.es>
# name: hd
# type: matrix
# rows: 100
# columns: 2
 3 0
 5 5.05050505050505
 4 10.1010101010101
 284 15.15151515151515
 3 20.2020202020202
 1 25.25252525252525
 138 30.3030303030303
 477 35.35353535353535
 490 40.4040404040404
 291 45.45454545454545
 97 50.50505050505051
 66 55.55555555555555
 0 60.6060606060606
 257 65.65656565656565
 205 70.7070707070707
 469 75.75757575757575
 1 80.8080808080808
 1 85.85858585858585
 51 90.90909090909091
 5 95.95959595959596
 4 101.010101010101
 170 106.060606060606
 148 111.1111111111111
 357 116.1616161616162
 181 121.2121212121212
 70 126.2626262626263
 0 131.3131313131313
 1 136.3636363636363
 48 141.4141414141414
 82 146.4646464646464
 353 151.5151515151515
 219 156.5656565656566
 5 161.6161616161616
 1 166.6666666666667
 60 171.7171717171717
 22 176.7676767676768
 0 181.8181818181818
 1 186.8686868686869
 207 191.9191919191919
 220 196.969696969697
 50 202.020202020202
 99 207.070707070707
 170 212.1212121212121
 57 217.1717171717171
 101 222.2222222222222
 193 227.2727272727273
 116 232.3232323232323
 1 237.3737373737374
 27 242.4242424242424
 130 247.4747474747475
 24 252.5252525252525
 68 257.5757575757576
 116 262.6262626262626
 49 267.6767676767677
 247 272.7272727272727
 137 277.7777777777778
 418 282.8282828282828
 200 287.8787878787879
 0 292.9292929292929
 0 297.979797979798
 1 303.030303030303
 181 308.0808080808081
 30 313.1313131313131
 28 318.1818181818182
 34 323.2323232323232
 34 328.2828282828282
 152 333.3333333333333
 64 338.3838383838383
 19 343.4343434343434
 165 348.4848484848484
 98 353.5353535353535
 23 358.5858585858585
 2 363.6363636363636
 45 368.6868686868686
 36 373.7373737373737
 39 378.7878787878788
 4 383.8383838383838
 0 388.8888888888889
 263 393.9393939393939
 60 398.989898989899
 62 404.040404040404
 174 409.0909090909091
 121 414.1414141414141
 482 419.1919191919192
 22 424.2424242424242
 235 429.2929292929293
 172 434.3434343434343
 1 439.3939393939394
 53 444.4444444444444
 74 449.4949494949495
 59 454.5454545454545
 0 459.5959595959596
 1 464.6464646464646
 1 469.6969696969697
 2 474.7474747474747
 3 479.7979797979798
 22 484.8484848484848
 20 489.8989898989898
 73 494.9494949494949
 0 500


