# Created by Octave 3.8.2, Sun Jun 21 00:18:08 2020 CEST <damian@fptrucha.inv.usc.es>
# name: hd
# type: matrix
# rows: 100
# columns: 2
 3 0
 3 5.05050505050505
 0 10.1010101010101
 297 15.15151515151515
 3 20.2020202020202
 1 25.25252525252525
 155 30.3030303030303
 519 35.35353535353535
 558 40.4040404040404
 290 45.45454545454545
 97 50.50505050505051
 46 55.55555555555555
 0 60.6060606060606
 238 65.65656565656565
 210 70.7070707070707
 534 75.75757575757575
 3 80.8080808080808
 1 85.85858585858585
 56 90.90909090909091
 5 95.95959595959596
 4 101.010101010101
 191 106.060606060606
 165 111.1111111111111
 377 116.1616161616162
 188 121.2121212121212
 79 126.2626262626263
 1 131.3131313131313
 2 136.3636363636363
 64 141.4141414141414
 106 146.4646464646464
 413 151.5151515151515
 258 156.5656565656566
 4 161.6161616161616
 1 166.6666666666667
 63 171.7171717171717
 34 176.7676767676768
 1 181.8181818181818
 0 186.8686868686869
 124 191.9191919191919
 285 196.969696969697
 45 202.020202020202
 98 207.070707070707
 198 212.1212121212121
 56 217.1717171717171
 93 222.2222222222222
 207 227.2727272727273
 153 232.3232323232323
 1 237.3737373737374
 24 242.4242424242424
 128 247.4747474747475
 14 252.5252525252525
 115 257.5757575757576
 116 262.6262626262626
 30 267.6767676767677
 227 272.7272727272727
 128 277.7777777777778
 435 282.8282828282828
 172 287.8787878787879
 2 292.9292929292929
 0 297.979797979798
 0 303.030303030303
 194 308.0808080808081
 21 313.1313131313131
 38 318.1818181818182
 24 323.2323232323232
 39 328.2828282828282
 181 333.3333333333333
 64 338.3838383838383
 19 343.4343434343434
 163 348.4848484848484
 102 353.5353535353535
 34 358.5858585858585
 2 363.6363636363636
 48 368.6868686868686
 47 373.7373737373737
 30 378.7878787878788
 0 383.8383838383838
 0 388.8888888888889
 308 393.9393939393939
 42 398.989898989899
 73 404.040404040404
 163 409.0909090909091
 150 414.1414141414141
 551 419.1919191919192
 22 424.2424242424242
 230 429.2929292929293
 176 434.3434343434343
 2 439.3939393939394
 54 444.4444444444444
 77 449.4949494949495
 56 454.5454545454545
 0 459.5959595959596
 1 464.6464646464646
 0 469.6969696969697
 0 474.7474747474747
 0 479.7979797979798
 22 484.8484848484848
 18 489.8989898989898
 75 494.9494949494949
 0 500


