# Created by Octave 3.8.2, Sun Jun 21 07:24:22 2020 CEST <damian@fptrucha.inv.usc.es>
# name: hd
# type: matrix
# rows: 100
# columns: 2
 1 0
 1 5.05050505050505
 1 10.1010101010101
 261 15.15151515151515
 3 20.2020202020202
 0 25.25252525252525
 144 30.3030303030303
 511 35.35353535353535
 606 40.4040404040404
 284 45.45454545454545
 118 50.50505050505051
 72 55.55555555555555
 2 60.6060606060606
 237 65.65656565656565
 206 70.7070707070707
 574 75.75757575757575
 1 80.8080808080808
 0 85.85858585858585
 66 90.90909090909091
 2 95.95959595959596
 1 101.010101010101
 180 106.060606060606
 191 111.1111111111111
 396 116.1616161616162
 178 121.2121212121212
 83 126.2626262626263
 1 131.3131313131313
 0 136.3636363636363
 79 141.4141414141414
 82 146.4646464646464
 441 151.5151515151515
 268 156.5656565656566
 3 161.6161616161616
 1 166.6666666666667
 73 171.7171717171717
 22 176.7676767676768
 0 181.8181818181818
 1 186.8686868686869
 181 191.9191919191919
 249 196.969696969697
 38 202.020202020202
 82 207.070707070707
 168 212.1212121212121
 65 217.1717171717171
 111 222.2222222222222
 200 227.2727272727273
 139 232.3232323232323
 1 237.3737373737374
 17 242.4242424242424
 134 247.4747474747475
 25 252.5252525252525
 95 257.5757575757576
 145 262.6262626262626
 43 267.6767676767677
 277 272.7272727272727
 137 277.7777777777778
 504 282.8282828282828
 200 287.8787878787879
 0 292.9292929292929
 0 297.979797979798
 1 303.030303030303
 195 308.0808080808081
 20 313.1313131313131
 36 318.1818181818182
 39 323.2323232323232
 40 328.2828282828282
 166 333.3333333333333
 51 338.3838383838383
 26 343.4343434343434
 149 348.4848484848484
 90 353.5353535353535
 31 358.5858585858585
 2 363.6363636363636
 46 368.6868686868686
 30 373.7373737373737
 33 378.7878787878788
 1 383.8383838383838
 1 388.8888888888889
 286 393.9393939393939
 42 398.989898989899
 51 404.040404040404
 177 409.0909090909091
 123 414.1414141414141
 555 419.1919191919192
 19 424.2424242424242
 231 429.2929292929293
 195 434.3434343434343
 4 439.3939393939394
 56 444.4444444444444
 79 449.4949494949495
 62 454.5454545454545
 0 459.5959595959596
 0 464.6464646464646
 3 469.6969696969697
 0 474.7474747474747
 1 479.7979797979798
 17 484.8484848484848
 27 489.8989898989898
 69 494.9494949494949
 0 500


