# Created by Octave 3.8.2, Mon Jun 22 19:13:35 2020 CEST <damian@fptrucha.inv.usc.es>
# name: hd
# type: matrix
# rows: 100
# columns: 2
 3 0
 4 5.05050505050505
 5 10.1010101010101
 312 15.15151515151515
 4 20.2020202020202
 2 25.25252525252525
 151 30.3030303030303
 542 35.35353535353535
 607 40.4040404040404
 328 45.45454545454545
 121 50.50505050505051
 75 55.55555555555555
 2 60.6060606060606
 246 65.65656565656565
 226 70.7070707070707
 621 75.75757575757575
 2 80.8080808080808
 1 85.85858585858585
 67 90.90909090909091
 3 95.95959595959596
 3 101.010101010101
 186 106.060606060606
 179 111.1111111111111
 426 116.1616161616162
 219 121.2121212121212
 83 126.2626262626263
 1 131.3131313131313
 1 136.3636363636363
 82 141.4141414141414
 102 146.4646464646464
 462 151.5151515151515
 272 156.5656565656566
 0 161.6161616161616
 1 166.6666666666667
 90 171.7171717171717
 31 176.7676767676768
 1 181.8181818181818
 1 186.8686868686869
 227 191.9191919191919
 276 196.969696969697
 44 202.020202020202
 111 207.070707070707
 189 212.1212121212121
 53 217.1717171717171
 121 222.2222222222222
 258 227.2727272727273
 131 232.3232323232323
 1 237.3737373737374
 22 242.4242424242424
 127 247.4747474747475
 26 252.5252525252525
 112 257.5757575757576
 139 262.6262626262626
 27 267.6767676767677
 271 272.7272727272727
 142 277.7777777777778
 483 282.8282828282828
 189 287.8787878787879
 2 292.9292929292929
 1 297.979797979798
 0 303.030303030303
 215 308.0808080808081
 32 313.1313131313131
 46 318.1818181818182
 34 323.2323232323232
 51 328.2828282828282
 171 333.3333333333333
 75 338.3838383838383
 15 343.4343434343434
 211 348.4848484848484
 86 353.5353535353535
 34 358.5858585858585
 0 363.6363636363636
 45 368.6868686868686
 40 373.7373737373737
 42 378.7878787878788
 1 383.8383838383838
 1 388.8888888888889
 325 393.9393939393939
 60 398.989898989899
 47 404.040404040404
 198 409.0909090909091
 164 414.1414141414141
 533 419.1919191919192
 23 424.2424242424242
 231 429.2929292929293
 194 434.3434343434343
 5 439.3939393939394
 68 444.4444444444444
 61 449.4949494949495
 60 454.5454545454545
 0 459.5959595959596
 2 464.6464646464646
 2 469.6969696969697
 1 474.7474747474747
 2 479.7979797979798
 24 484.8484848484848
 23 489.8989898989898
 93 494.9494949494949
 0 500


