# Created by Octave 3.8.2, Sat Jun 20 14:40:20 2020 CEST <damian@fptrucha.inv.usc.es>
# name: hd
# type: matrix
# rows: 100
# columns: 2
 1 0
 3 5.05050505050505
 0 10.1010101010101
 284 15.15151515151515
 0 20.2020202020202
 3 25.25252525252525
 163 30.3030303030303
 498 35.35353535353535
 583 40.4040404040404
 315 45.45454545454545
 124 50.50505050505051
 62 55.55555555555555
 0 60.6060606060606
 282 65.65656565656565
 188 70.7070707070707
 561 75.75757575757575
 2 80.8080808080808
 0 85.85858585858585
 60 90.90909090909091
 4 95.95959595959596
 2 101.010101010101
 180 106.060606060606
 181 111.1111111111111
 413 116.1616161616162
 195 121.2121212121212
 91 126.2626262626263
 1 131.3131313131313
 0 136.3636363636363
 66 141.4141414141414
 103 146.4646464646464
 477 151.5151515151515
 264 156.5656565656566
 3 161.6161616161616
 0 166.6666666666667
 75 171.7171717171717
 39 176.7676767676768
 1 181.8181818181818
 1 186.8686868686869
 181 191.9191919191919
 235 196.969696969697
 47 202.020202020202
 85 207.070707070707
 187 212.1212121212121
 68 217.1717171717171
 130 222.2222222222222
 214 227.2727272727273
 147 232.3232323232323
 0 237.3737373737374
 26 242.4242424242424
 135 247.4747474747475
 13 252.5252525252525
 140 257.5757575757576
 138 262.6262626262626
 39 267.6767676767677
 271 272.7272727272727
 142 277.7777777777778
 527 282.8282828282828
 210 287.8787878787879
 2 292.9292929292929
 1 297.979797979798
 0 303.030303030303
 217 308.0808080808081
 17 313.1313131313131
 44 318.1818181818182
 33 323.2323232323232
 48 328.2828282828282
 175 333.3333333333333
 76 338.3838383838383
 15 343.4343434343434
 187 348.4848484848484
 96 353.5353535353535
 32 358.5858585858585
 2 363.6363636363636
 40 368.6868686868686
 50 373.7373737373737
 36 378.7878787878788
 0 383.8383838383838
 1 388.8888888888889
 305 393.9393939393939
 53 398.989898989899
 78 404.040404040404
 156 409.0909090909091
 155 414.1414141414141
 579 419.1919191919192
 27 424.2424242424242
 235 429.2929292929293
 183 434.3434343434343
 3 439.3939393939394
 49 444.4444444444444
 89 449.4949494949495
 58 454.5454545454545
 0 459.5959595959596
 0 464.6464646464646
 0 469.6969696969697
 0 474.7474747474747
 1 479.7979797979798
 22 484.8484848484848
 24 489.8989898989898
 73 494.9494949494949
 0 500


