# Created by Octave 3.8.2, Mon Jun 22 17:40:49 2020 CEST <damian@fptrucha.inv.usc.es>
# name: hd
# type: matrix
# rows: 100
# columns: 2
 4 0
 6 5.05050505050505
 0 10.1010101010101
 284 15.15151515151515
 4 20.2020202020202
 1 25.25252525252525
 171 30.3030303030303
 538 35.35353535353535
 612 40.4040404040404
 332 45.45454545454545
 166 50.50505050505051
 70 55.55555555555555
 2 60.6060606060606
 277 65.65656565656565
 219 70.7070707070707
 616 75.75757575757575
 1 80.8080808080808
 1 85.85858585858585
 67 90.90909090909091
 6 95.95959595959596
 4 101.010101010101
 187 106.060606060606
 213 111.1111111111111
 398 116.1616161616162
 211 121.2121212121212
 103 126.2626262626263
 3 131.3131313131313
 5 136.3636363636363
 69 141.4141414141414
 106 146.4646464646464
 451 151.5151515151515
 242 156.5656565656566
 5 161.6161616161616
 0 166.6666666666667
 63 171.7171717171717
 22 176.7676767676768
 1 181.8181818181818
 1 186.8686868686869
 196 191.9191919191919
 246 196.969696969697
 67 202.020202020202
 94 207.070707070707
 194 212.1212121212121
 61 217.1717171717171
 104 222.2222222222222
 244 227.2727272727273
 164 232.3232323232323
 2 237.3737373737374
 21 242.4242424242424
 107 247.4747474747475
 36 252.5252525252525
 128 257.5757575757576
 142 262.6262626262626
 41 267.6767676767677
 275 272.7272727272727
 161 277.7777777777778
 445 282.8282828282828
 229 287.8787878787879
 0 292.9292929292929
 2 297.979797979798
 1 303.030303030303
 204 308.0808080808081
 24 313.1313131313131
 45 318.1818181818182
 36 323.2323232323232
 34 328.2828282828282
 197 333.3333333333333
 87 338.3838383838383
 18 343.4343434343434
 200 348.4848484848484
 105 353.5353535353535
 37 358.5858585858585
 3 363.6363636363636
 48 368.6868686868686
 37 373.7373737373737
 40 378.7878787878788
 2 383.8383838383838
 0 388.8888888888889
 284 393.9393939393939
 58 398.989898989899
 71 404.040404040404
 176 409.0909090909091
 149 414.1414141414141
 581 419.1919191919192
 20 424.2424242424242
 230 429.2929292929293
 194 434.3434343434343
 3 439.3939393939394
 62 444.4444444444444
 81 449.4949494949495
 54 454.5454545454545
 3 459.5959595959596
 1 464.6464646464646
 1 469.6969696969697
 0 474.7474747474747
 2 479.7979797979798
 13 484.8484848484848
 20 489.8989898989898
 70 494.9494949494949
 0 500


