# Created by Octave 3.8.2, Mon Jun 22 10:56:30 2020 CEST <damian@fptrucha.inv.usc.es>
# name: hd
# type: matrix
# rows: 100
# columns: 2
 3 0
 3 5.05050505050505
 2 10.1010101010101
 266 15.15151515151515
 3 20.2020202020202
 0 25.25252525252525
 144 30.3030303030303
 511 35.35353535353535
 573 40.4040404040404
 334 45.45454545454545
 160 50.50505050505051
 69 55.55555555555555
 2 60.6060606060606
 301 65.65656565656565
 190 70.7070707070707
 536 75.75757575757575
 4 80.8080808080808
 2 85.85858585858585
 51 90.90909090909091
 5 95.95959595959596
 3 101.010101010101
 210 106.060606060606
 170 111.1111111111111
 364 116.1616161616162
 202 121.2121212121212
 79 126.2626262626263
 0 131.3131313131313
 2 136.3636363636363
 67 141.4141414141414
 99 146.4646464646464
 409 151.5151515151515
 249 156.5656565656566
 2 161.6161616161616
 1 166.6666666666667
 58 171.7171717171717
 27 176.7676767676768
 0 181.8181818181818
 2 186.8686868686869
 162 191.9191919191919
 252 196.969696969697
 46 202.020202020202
 109 207.070707070707
 169 212.1212121212121
 58 217.1717171717171
 93 222.2222222222222
 235 227.2727272727273
 133 232.3232323232323
 4 237.3737373737374
 21 242.4242424242424
 118 247.4747474747475
 16 252.5252525252525
 106 257.5757575757576
 110 262.6262626262626
 41 267.6767676767677
 276 272.7272727272727
 171 277.7777777777778
 407 282.8282828282828
 192 287.8787878787879
 3 292.9292929292929
 1 297.979797979798
 1 303.030303030303
 210 308.0808080808081
 27 313.1313131313131
 38 318.1818181818182
 27 323.2323232323232
 41 328.2828282828282
 168 333.3333333333333
 63 338.3838383838383
 22 343.4343434343434
 185 348.4848484848484
 122 353.5353535353535
 26 358.5858585858585
 2 363.6363636363636
 41 368.6868686868686
 47 373.7373737373737
 42 378.7878787878788
 0 383.8383838383838
 1 388.8888888888889
 297 393.9393939393939
 58 398.989898989899
 54 404.040404040404
 174 409.0909090909091
 151 414.1414141414141
 511 419.1919191919192
 21 424.2424242424242
 246 429.2929292929293
 151 434.3434343434343
 2 439.3939393939394
 50 444.4444444444444
 68 449.4949494949495
 68 454.5454545454545
 0 459.5959595959596
 1 464.6464646464646
 1 469.6969696969697
 1 474.7474747474747
 1 479.7979797979798
 28 484.8484848484848
 24 489.8989898989898
 74 494.9494949494949
 0 500


