# Created by Octave 3.8.2, Mon Jun 22 10:35:08 2020 CEST <damian@fptrucha.inv.usc.es>
# name: hd
# type: matrix
# rows: 100
# columns: 2
 1 0
 2 5.05050505050505
 2 10.1010101010101
 265 15.15151515151515
 4 20.2020202020202
 2 25.25252525252525
 170 30.3030303030303
 565 35.35353535353535
 577 40.4040404040404
 312 45.45454545454545
 134 50.50505050505051
 77 55.55555555555555
 0 60.6060606060606
 274 65.65656565656565
 216 70.7070707070707
 555 75.75757575757575
 1 80.8080808080808
 1 85.85858585858585
 58 90.90909090909091
 7 95.95959595959596
 5 101.010101010101
 208 106.060606060606
 162 111.1111111111111
 388 116.1616161616162
 228 121.2121212121212
 95 126.2626262626263
 0 131.3131313131313
 0 136.3636363636363
 68 141.4141414141414
 88 146.4646464646464
 488 151.5151515151515
 233 156.5656565656566
 1 161.6161616161616
 0 166.6666666666667
 77 171.7171717171717
 31 176.7676767676768
 0 181.8181818181818
 0 186.8686868686869
 197 191.9191919191919
 253 196.969696969697
 48 202.020202020202
 81 207.070707070707
 194 212.1212121212121
 63 217.1717171717171
 101 222.2222222222222
 255 227.2727272727273
 137 232.3232323232323
 1 237.3737373737374
 25 242.4242424242424
 135 247.4747474747475
 24 252.5252525252525
 113 257.5757575757576
 111 262.6262626262626
 32 267.6767676767677
 267 272.7272727272727
 148 277.7777777777778
 464 282.8282828282828
 193 287.8787878787879
 0 292.9292929292929
 1 297.979797979798
 1 303.030303030303
 205 308.0808080808081
 26 313.1313131313131
 37 318.1818181818182
 34 323.2323232323232
 38 328.2828282828282
 185 333.3333333333333
 75 338.3838383838383
 21 343.4343434343434
 184 348.4848484848484
 106 353.5353535353535
 31 358.5858585858585
 0 363.6363636363636
 45 368.6868686868686
 49 373.7373737373737
 27 378.7878787878788
 1 383.8383838383838
 1 388.8888888888889
 295 393.9393939393939
 62 398.989898989899
 75 404.040404040404
 164 409.0909090909091
 140 414.1414141414141
 541 419.1919191919192
 27 424.2424242424242
 246 429.2929292929293
 171 434.3434343434343
 4 439.3939393939394
 51 444.4444444444444
 77 449.4949494949495
 62 454.5454545454545
 1 459.5959595959596
 2 464.6464646464646
 0 469.6969696969697
 0 474.7474747474747
 0 479.7979797979798
 16 484.8484848484848
 19 489.8989898989898
 82 494.9494949494949
 0 500


