# Created by Octave 3.8.2, Sun Jun 21 03:03:17 2020 CEST <damian@fptrucha.inv.usc.es>
# name: hd
# type: matrix
# rows: 100
# columns: 2
 2 0
 0 5.05050505050505
 0 10.1010101010101
 162 15.15151515151515
 1 20.2020202020202
 1 25.25252525252525
 104 30.3030303030303
 333 35.35353535353535
 366 40.4040404040404
 202 45.45454545454545
 102 50.50505050505051
 35 55.55555555555555
 0 60.6060606060606
 162 65.65656565656565
 137 70.7070707070707
 352 75.75757575757575
 0 80.8080808080808
 0 85.85858585858585
 36 90.90909090909091
 2 95.95959595959596
 2 101.010101010101
 122 106.060606060606
 106 111.1111111111111
 238 116.1616161616162
 102 121.2121212121212
 50 126.2626262626263
 1 131.3131313131313
 1 136.3636363636363
 25 141.4141414141414
 50 146.4646464646464
 286 151.5151515151515
 199 156.5656565656566
 3 161.6161616161616
 0 166.6666666666667
 43 171.7171717171717
 22 176.7676767676768
 0 181.8181818181818
 0 186.8686868686869
 129 191.9191919191919
 148 196.969696969697
 31 202.020202020202
 59 207.070707070707
 108 212.1212121212121
 48 217.1717171717171
 59 222.2222222222222
 140 227.2727272727273
 81 232.3232323232323
 0 237.3737373737374
 14 242.4242424242424
 88 247.4747474747475
 8 252.5252525252525
 80 257.5757575757576
 83 262.6262626262626
 25 267.6767676767677
 168 272.7272727272727
 84 277.7777777777778
 276 282.8282828282828
 128 287.8787878787879
 0 292.9292929292929
 1 297.979797979798
 0 303.030303030303
 120 308.0808080808081
 13 313.1313131313131
 30 318.1818181818182
 15 323.2323232323232
 24 328.2828282828282
 125 333.3333333333333
 38 338.3838383838383
 17 343.4343434343434
 122 348.4848484848484
 67 353.5353535353535
 20 358.5858585858585
 1 363.6363636363636
 26 368.6868686868686
 28 373.7373737373737
 22 378.7878787878788
 1 383.8383838383838
 0 388.8888888888889
 171 393.9393939393939
 33 398.989898989899
 35 404.040404040404
 89 409.0909090909091
 99 414.1414141414141
 395 419.1919191919192
 18 424.2424242424242
 164 429.2929292929293
 119 434.3434343434343
 3 439.3939393939394
 36 444.4444444444444
 35 449.4949494949495
 32 454.5454545454545
 2 459.5959595959596
 1 464.6464646464646
 1 469.6969696969697
 0 474.7474747474747
 0 479.7979797979798
 8 484.8484848484848
 21 489.8989898989898
 34 494.9494949494949
 0 500


