# Created by Octave 3.8.2, Mon Jun 22 17:46:34 2020 CEST <damian@fptrucha.inv.usc.es>
# name: hd
# type: matrix
# rows: 100
# columns: 2
 1 0
 1 5.05050505050505
 1 10.1010101010101
 314 15.15151515151515
 3 20.2020202020202
 2 25.25252525252525
 184 30.3030303030303
 529 35.35353535353535
 595 40.4040404040404
 328 45.45454545454545
 147 50.50505050505051
 58 55.55555555555555
 3 60.6060606060606
 279 65.65656565656565
 201 70.7070707070707
 574 75.75757575757575
 1 80.8080808080808
 1 85.85858585858585
 59 90.90909090909091
 6 95.95959595959596
 4 101.010101010101
 179 106.060606060606
 186 111.1111111111111
 442 116.1616161616162
 206 121.2121212121212
 95 126.2626262626263
 1 131.3131313131313
 0 136.3636363636363
 69 141.4141414141414
 116 146.4646464646464
 491 151.5151515151515
 234 156.5656565656566
 5 161.6161616161616
 1 166.6666666666667
 75 171.7171717171717
 30 176.7676767676768
 1 181.8181818181818
 1 186.8686868686869
 198 191.9191919191919
 275 196.969696969697
 46 202.020202020202
 87 207.070707070707
 201 212.1212121212121
 51 217.1717171717171
 96 222.2222222222222
 237 227.2727272727273
 146 232.3232323232323
 0 237.3737373737374
 33 242.4242424242424
 146 247.4747474747475
 24 252.5252525252525
 124 257.5757575757576
 151 262.6262626262626
 42 267.6767676767677
 279 272.7272727272727
 155 277.7777777777778
 484 282.8282828282828
 189 287.8787878787879
 1 292.9292929292929
 1 297.979797979798
 0 303.030303030303
 230 308.0808080808081
 37 313.1313131313131
 36 318.1818181818182
 28 323.2323232323232
 40 328.2828282828282
 202 333.3333333333333
 81 338.3838383838383
 26 343.4343434343434
 196 348.4848484848484
 114 353.5353535353535
 38 358.5858585858585
 3 363.6363636363636
 52 368.6868686868686
 41 373.7373737373737
 39 378.7878787878788
 0 383.8383838383838
 0 388.8888888888889
 348 393.9393939393939
 60 398.989898989899
 62 404.040404040404
 178 409.0909090909091
 171 414.1414141414141
 522 419.1919191919192
 24 424.2424242424242
 230 429.2929292929293
 188 434.3434343434343
 4 439.3939393939394
 69 444.4444444444444
 73 449.4949494949495
 58 454.5454545454545
 2 459.5959595959596
 3 464.6464646464646
 0 469.6969696969697
 1 474.7474747474747
 3 479.7979797979798
 22 484.8484848484848
 26 489.8989898989898
 79 494.9494949494949
 0 500


