# Created by Octave 3.8.2, Mon Jun 22 15:23:41 2020 CEST <damian@fptrucha.inv.usc.es>
# name: hd
# type: matrix
# rows: 100
# columns: 2
 0 0
 2 5.05050505050505
 1 10.1010101010101
 286 15.15151515151515
 2 20.2020202020202
 0 25.25252525252525
 163 30.3030303030303
 503 35.35353535353535
 626 40.4040404040404
 336 45.45454545454545
 125 50.50505050505051
 62 55.55555555555555
 0 60.6060606060606
 290 65.65656565656565
 215 70.7070707070707
 536 75.75757575757575
 1 80.8080808080808
 1 85.85858585858585
 72 90.90909090909091
 2 95.95959595959596
 5 101.010101010101
 186 106.060606060606
 175 111.1111111111111
 415 116.1616161616162
 201 121.2121212121212
 86 126.2626262626263
 0 131.3131313131313
 1 136.3636363636363
 75 141.4141414141414
 101 146.4646464646464
 479 151.5151515151515
 245 156.5656565656566
 1 161.6161616161616
 1 166.6666666666667
 70 171.7171717171717
 29 176.7676767676768
 2 181.8181818181818
 2 186.8686868686869
 184 191.9191919191919
 275 196.969696969697
 53 202.020202020202
 100 207.070707070707
 211 212.1212121212121
 57 217.1717171717171
 122 222.2222222222222
 263 227.2727272727273
 161 232.3232323232323
 2 237.3737373737374
 19 242.4242424242424
 129 247.4747474747475
 21 252.5252525252525
 141 257.5757575757576
 147 262.6262626262626
 38 267.6767676767677
 284 272.7272727272727
 149 277.7777777777778
 429 282.8282828282828
 223 287.8787878787879
 2 292.9292929292929
 0 297.979797979798
 0 303.030303030303
 214 308.0808080808081
 30 313.1313131313131
 34 318.1818181818182
 34 323.2323232323232
 40 328.2828282828282
 168 333.3333333333333
 71 338.3838383838383
 15 343.4343434343434
 207 348.4848484848484
 104 353.5353535353535
 37 358.5858585858585
 2 363.6363636363636
 40 368.6868686868686
 38 373.7373737373737
 33 378.7878787878788
 1 383.8383838383838
 1 388.8888888888889
 328 393.9393939393939
 74 398.989898989899
 72 404.040404040404
 185 409.0909090909091
 152 414.1414141414141
 560 419.1919191919192
 27 424.2424242424242
 242 429.2929292929293
 161 434.3434343434343
 3 439.3939393939394
 54 444.4444444444444
 80 449.4949494949495
 44 454.5454545454545
 0 459.5959595959596
 1 464.6464646464646
 3 469.6969696969697
 1 474.7474747474747
 0 479.7979797979798
 24 484.8484848484848
 19 489.8989898989898
 93 494.9494949494949
 0 500


