# Created by Octave 3.8.2, Mon Jun 22 23:11:37 2020 CEST <damian@fptrucha.inv.usc.es>
# name: hd
# type: matrix
# rows: 100
# columns: 2
 0 0
 1 5.05050505050505
 1 10.1010101010101
 233 15.15151515151515
 2 20.2020202020202
 0 25.25252525252525
 116 30.3030303030303
 432 35.35353535353535
 484 40.4040404040404
 264 45.45454545454545
 112 50.50505050505051
 75 55.55555555555555
 3 60.6060606060606
 239 65.65656565656565
 178 70.7070707070707
 419 75.75757575757575
 3 80.8080808080808
 2 85.85858585858585
 44 90.90909090909091
 1 95.95959595959596
 2 101.010101010101
 141 106.060606060606
 144 111.1111111111111
 364 116.1616161616162
 153 121.2121212121212
 75 126.2626262626263
 0 131.3131313131313
 0 136.3636363636363
 46 141.4141414141414
 98 146.4646464646464
 342 151.5151515151515
 202 156.5656565656566
 1 161.6161616161616
 0 166.6666666666667
 67 171.7171717171717
 18 176.7676767676768
 1 181.8181818181818
 2 186.8686868686869
 185 191.9191919191919
 204 196.969696969697
 45 202.020202020202
 72 207.070707070707
 149 212.1212121212121
 52 217.1717171717171
 74 222.2222222222222
 214 227.2727272727273
 107 232.3232323232323
 1 237.3737373737374
 12 242.4242424242424
 127 247.4747474747475
 22 252.5252525252525
 91 257.5757575757576
 121 262.6262626262626
 39 267.6767676767677
 212 272.7272727272727
 111 277.7777777777778
 324 282.8282828282828
 173 287.8787878787879
 3 292.9292929292929
 1 297.979797979798
 0 303.030303030303
 188 308.0808080808081
 21 313.1313131313131
 29 318.1818181818182
 26 323.2323232323232
 32 328.2828282828282
 144 333.3333333333333
 49 338.3838383838383
 25 343.4343434343434
 146 348.4848484848484
 78 353.5353535353535
 31 358.5858585858585
 2 363.6363636363636
 43 368.6868686868686
 27 373.7373737373737
 43 378.7878787878788
 0 383.8383838383838
 0 388.8888888888889
 273 393.9393939393939
 35 398.989898989899
 50 404.040404040404
 159 409.0909090909091
 123 414.1414141414141
 487 419.1919191919192
 21 424.2424242424242
 170 429.2929292929293
 162 434.3434343434343
 1 439.3939393939394
 51 444.4444444444444
 58 449.4949494949495
 41 454.5454545454545
 0 459.5959595959596
 0 464.6464646464646
 2 469.6969696969697
 1 474.7474747474747
 0 479.7979797979798
 19 484.8484848484848
 19 489.8989898989898
 56 494.9494949494949
 0 500


