# Created by Octave 3.8.2, Mon Jun 22 00:32:10 2020 CEST <damian@fptrucha.inv.usc.es>
# name: hd
# type: matrix
# rows: 100
# columns: 2
 3 0
 1 5.05050505050505
 2 10.1010101010101
 268 15.15151515151515
 2 20.2020202020202
 0 25.25252525252525
 157 30.3030303030303
 535 35.35353535353535
 593 40.4040404040404
 289 45.45454545454545
 140 50.50505050505051
 60 55.55555555555555
 1 60.6060606060606
 259 65.65656565656565
 196 70.7070707070707
 563 75.75757575757575
 0 80.8080808080808
 3 85.85858585858585
 51 90.90909090909091
 5 95.95959595959596
 4 101.010101010101
 200 106.060606060606
 192 111.1111111111111
 378 116.1616161616162
 219 121.2121212121212
 88 126.2626262626263
 0 131.3131313131313
 4 136.3636363636363
 61 141.4141414141414
 98 146.4646464646464
 429 151.5151515151515
 250 156.5656565656566
 2 161.6161616161616
 0 166.6666666666667
 82 171.7171717171717
 31 176.7676767676768
 0 181.8181818181818
 0 186.8686868686869
 186 191.9191919191919
 261 196.969696969697
 42 202.020202020202
 84 207.070707070707
 180 212.1212121212121
 66 217.1717171717171
 103 222.2222222222222
 260 227.2727272727273
 150 232.3232323232323
 0 237.3737373737374
 24 242.4242424242424
 139 247.4747474747475
 17 252.5252525252525
 131 257.5757575757576
 143 262.6262626262626
 44 267.6767676767677
 244 272.7272727272727
 136 277.7777777777778
 478 282.8282828282828
 189 287.8787878787879
 3 292.9292929292929
 0 297.979797979798
 1 303.030303030303
 205 308.0808080808081
 28 313.1313131313131
 43 318.1818181818182
 36 323.2323232323232
 33 328.2828282828282
 170 333.3333333333333
 56 338.3838383838383
 20 343.4343434343434
 189 348.4848484848484
 86 353.5353535353535
 31 358.5858585858585
 1 363.6363636363636
 55 368.6868686868686
 36 373.7373737373737
 32 378.7878787878788
 0 383.8383838383838
 0 388.8888888888889
 310 393.9393939393939
 43 398.989898989899
 58 404.040404040404
 172 409.0909090909091
 135 414.1414141414141
 575 419.1919191919192
 20 424.2424242424242
 227 429.2929292929293
 175 434.3434343434343
 5 439.3939393939394
 37 444.4444444444444
 77 449.4949494949495
 51 454.5454545454545
 0 459.5959595959596
 0 464.6464646464646
 1 469.6969696969697
 1 474.7474747474747
 1 479.7979797979798
 14 484.8484848484848
 25 489.8989898989898
 67 494.9494949494949
 0 500


