# Created by Octave 3.8.2, Sat Jun 20 09:32:13 2020 CEST <damian@fptrucha.inv.usc.es>
# name: hd
# type: matrix
# rows: 100
# columns: 2
 3 0
 8 5.05050505050505
 4 10.1010101010101
 310 15.15151515151515
 3 20.2020202020202
 0 25.25252525252525
 162 30.3030303030303
 589 35.35353535353535
 679 40.4040404040404
 353 45.45454545454545
 155 50.50505050505051
 76 55.55555555555555
 3 60.6060606060606
 297 65.65656565656565
 217 70.7070707070707
 639 75.75757575757575
 0 80.8080808080808
 2 85.85858585858585
 67 90.90909090909091
 6 95.95959595959596
 4 101.010101010101
 222 106.060606060606
 193 111.1111111111111
 457 116.1616161616162
 217 121.2121212121212
 101 126.2626262626263
 0 131.3131313131313
 1 136.3636363636363
 85 141.4141414141414
 107 146.4646464646464
 460 151.5151515151515
 289 156.5656565656566
 1 161.6161616161616
 0 166.6666666666667
 71 171.7171717171717
 34 176.7676767676768
 0 181.8181818181818
 1 186.8686868686869
 204 191.9191919191919
 283 196.969696969697
 64 202.020202020202
 91 207.070707070707
 216 212.1212121212121
 63 217.1717171717171
 126 222.2222222222222
 260 227.2727272727273
 146 232.3232323232323
 1 237.3737373737374
 22 242.4242424242424
 157 247.4747474747475
 30 252.5252525252525
 145 257.5757575757576
 155 262.6262626262626
 43 267.6767676767677
 303 272.7272727272727
 153 277.7777777777778
 450 282.8282828282828
 252 287.8787878787879
 1 292.9292929292929
 0 297.979797979798
 0 303.030303030303
 216 308.0808080808081
 29 313.1313131313131
 50 318.1818181818182
 30 323.2323232323232
 44 328.2828282828282
 192 333.3333333333333
 85 338.3838383838383
 21 343.4343434343434
 200 348.4848484848484
 121 353.5353535353535
 35 358.5858585858585
 0 363.6363636363636
 51 368.6868686868686
 39 373.7373737373737
 41 378.7878787878788
 1 383.8383838383838
 0 388.8888888888889
 354 393.9393939393939
 70 398.989898989899
 76 404.040404040404
 182 409.0909090909091
 162 414.1414141414141
 601 419.1919191919192
 29 424.2424242424242
 283 429.2929292929293
 236 434.3434343434343
 2 439.3939393939394
 74 444.4444444444444
 88 449.4949494949495
 58 454.5454545454545
 0 459.5959595959596
 1 464.6464646464646
 1 469.6969696969697
 1 474.7474747474747
 2 479.7979797979798
 14 484.8484848484848
 28 489.8989898989898
 66 494.9494949494949
 0 500


