# Created by Octave 3.8.2, Mon Jun 22 03:51:51 2020 CEST <damian@fptrucha.inv.usc.es>
# name: hd
# type: matrix
# rows: 100
# columns: 2
 4 0
 2 5.05050505050505
 1 10.1010101010101
 278 15.15151515151515
 2 20.2020202020202
 0 25.25252525252525
 145 30.3030303030303
 545 35.35353535353535
 496 40.4040404040404
 285 45.45454545454545
 114 50.50505050505051
 89 55.55555555555555
 1 60.6060606060606
 254 65.65656565656565
 218 70.7070707070707
 513 75.75757575757575
 0 80.8080808080808
 3 85.85858585858585
 48 90.90909090909091
 3 95.95959595959596
 2 101.010101010101
 159 106.060606060606
 160 111.1111111111111
 374 116.1616161616162
 173 121.2121212121212
 89 126.2626262626263
 2 131.3131313131313
 2 136.3636363636363
 61 141.4141414141414
 84 146.4646464646464
 397 151.5151515151515
 219 156.5656565656566
 0 161.6161616161616
 2 166.6666666666667
 58 171.7171717171717
 24 176.7676767676768
 2 181.8181818181818
 0 186.8686868686869
 193 191.9191919191919
 230 196.969696969697
 39 202.020202020202
 89 207.070707070707
 156 212.1212121212121
 48 217.1717171717171
 98 222.2222222222222
 228 227.2727272727273
 130 232.3232323232323
 3 237.3737373737374
 33 242.4242424242424
 130 247.4747474747475
 25 252.5252525252525
 105 257.5757575757576
 119 262.6262626262626
 45 267.6767676767677
 241 272.7272727272727
 145 277.7777777777778
 433 282.8282828282828
 190 287.8787878787879
 1 292.9292929292929
 0 297.979797979798
 0 303.030303030303
 179 308.0808080808081
 24 313.1313131313131
 47 318.1818181818182
 25 323.2323232323232
 40 328.2828282828282
 165 333.3333333333333
 79 338.3838383838383
 18 343.4343434343434
 174 348.4848484848484
 105 353.5353535353535
 25 358.5858585858585
 1 363.6363636363636
 45 368.6868686868686
 34 373.7373737373737
 38 378.7878787878788
 3 383.8383838383838
 1 388.8888888888889
 267 393.9393939393939
 50 398.989898989899
 52 404.040404040404
 162 409.0909090909091
 118 414.1414141414141
 541 419.1919191919192
 25 424.2424242424242
 223 429.2929292929293
 156 434.3434343434343
 2 439.3939393939394
 51 444.4444444444444
 82 449.4949494949495
 43 454.5454545454545
 3 459.5959595959596
 0 464.6464646464646
 1 469.6969696969697
 0 474.7474747474747
 1 479.7979797979798
 23 484.8484848484848
 27 489.8989898989898
 59 494.9494949494949
 0 500


