# Created by Octave 3.8.2, Sat Jun 20 16:45:51 2020 CEST <damian@fptrucha.inv.usc.es>
# name: hd
# type: matrix
# rows: 100
# columns: 2
 0 0
 4 5.05050505050505
 0 10.1010101010101
 284 15.15151515151515
 2 20.2020202020202
 0 25.25252525252525
 175 30.3030303030303
 530 35.35353535353535
 624 40.4040404040404
 307 45.45454545454545
 137 50.50505050505051
 79 55.55555555555555
 2 60.6060606060606
 257 65.65656565656565
 188 70.7070707070707
 549 75.75757575757575
 0 80.8080808080808
 0 85.85858585858585
 69 90.90909090909091
 4 95.95959595959596
 4 101.010101010101
 169 106.060606060606
 184 111.1111111111111
 367 116.1616161616162
 210 121.2121212121212
 89 126.2626262626263
 1 131.3131313131313
 1 136.3636363636363
 68 141.4141414141414
 88 146.4646464646464
 431 151.5151515151515
 270 156.5656565656566
 5 161.6161616161616
 0 166.6666666666667
 63 171.7171717171717
 30 176.7676767676768
 1 181.8181818181818
 0 186.8686868686869
 156 191.9191919191919
 275 196.969696969697
 58 202.020202020202
 73 207.070707070707
 183 212.1212121212121
 61 217.1717171717171
 109 222.2222222222222
 232 227.2727272727273
 118 232.3232323232323
 2 237.3737373737374
 18 242.4242424242424
 139 247.4747474747475
 26 252.5252525252525
 101 257.5757575757576
 128 262.6262626262626
 31 267.6767676767677
 268 272.7272727272727
 154 277.7777777777778
 423 282.8282828282828
 193 287.8787878787879
 2 292.9292929292929
 1 297.979797979798
 0 303.030303030303
 211 308.0808080808081
 25 313.1313131313131
 45 318.1818181818182
 39 323.2323232323232
 50 328.2828282828282
 168 333.3333333333333
 72 338.3838383838383
 26 343.4343434343434
 217 348.4848484848484
 83 353.5353535353535
 23 358.5858585858585
 2 363.6363636363636
 44 368.6868686868686
 34 373.7373737373737
 36 378.7878787878788
 0 383.8383838383838
 2 388.8888888888889
 323 393.9393939393939
 75 398.989898989899
 65 404.040404040404
 163 409.0909090909091
 139 414.1414141414141
 606 419.1919191919192
 23 424.2424242424242
 229 429.2929292929293
 171 434.3434343434343
 4 439.3939393939394
 48 444.4444444444444
 78 449.4949494949495
 57 454.5454545454545
 1 459.5959595959596
 2 464.6464646464646
 0 469.6969696969697
 1 474.7474747474747
 1 479.7979797979798
 9 484.8484848484848
 23 489.8989898989898
 59 494.9494949494949
 0 500


