# Created by Octave 3.8.2, Sat Jun 20 14:41:40 2020 CEST <damian@fptrucha.inv.usc.es>
# name: hd
# type: matrix
# rows: 100
# columns: 2
 0 0
 4 5.05050505050505
 1 10.1010101010101
 296 15.15151515151515
 0 20.2020202020202
 3 25.25252525252525
 160 30.3030303030303
 527 35.35353535353535
 643 40.4040404040404
 319 45.45454545454545
 127 50.50505050505051
 78 55.55555555555555
 0 60.6060606060606
 285 65.65656565656565
 203 70.7070707070707
 571 75.75757575757575
 4 80.8080808080808
 0 85.85858585858585
 71 90.90909090909091
 4 95.95959595959596
 2 101.010101010101
 183 106.060606060606
 183 111.1111111111111
 392 116.1616161616162
 199 121.2121212121212
 93 126.2626262626263
 0 131.3131313131313
 2 136.3636363636363
 69 141.4141414141414
 106 146.4646464646464
 453 151.5151515151515
 276 156.5656565656566
 1 161.6161616161616
 0 166.6666666666667
 85 171.7171717171717
 31 176.7676767676768
 0 181.8181818181818
 0 186.8686868686869
 179 191.9191919191919
 266 196.969696969697
 41 202.020202020202
 92 207.070707070707
 202 212.1212121212121
 63 217.1717171717171
 90 222.2222222222222
 233 227.2727272727273
 144 232.3232323232323
 1 237.3737373737374
 23 242.4242424242424
 137 247.4747474747475
 16 252.5252525252525
 122 257.5757575757576
 158 262.6262626262626
 44 267.6767676767677
 280 272.7272727272727
 139 277.7777777777778
 472 282.8282828282828
 218 287.8787878787879
 0 292.9292929292929
 2 297.979797979798
 1 303.030303030303
 195 308.0808080808081
 30 313.1313131313131
 47 318.1818181818182
 33 323.2323232323232
 44 328.2828282828282
 171 333.3333333333333
 74 338.3838383838383
 18 343.4343434343434
 187 348.4848484848484
 100 353.5353535353535
 17 358.5858585858585
 1 363.6363636363636
 46 368.6868686868686
 40 373.7373737373737
 40 378.7878787878788
 2 383.8383838383838
 1 388.8888888888889
 312 393.9393939393939
 55 398.989898989899
 57 404.040404040404
 173 409.0909090909091
 152 414.1414141414141
 550 419.1919191919192
 13 424.2424242424242
 242 429.2929292929293
 174 434.3434343434343
 4 439.3939393939394
 53 444.4444444444444
 91 449.4949494949495
 58 454.5454545454545
 0 459.5959595959596
 1 464.6464646464646
 2 469.6969696969697
 1 474.7474747474747
 0 479.7979797979798
 17 484.8484848484848
 16 489.8989898989898
 81 494.9494949494949
 0 500


