# Created by Octave 3.8.2, Sun Jun 21 06:28:29 2020 CEST <damian@fptrucha.inv.usc.es>
# name: hd
# type: matrix
# rows: 100
# columns: 2
 1 0
 2 5.05050505050505
 1 10.1010101010101
 252 15.15151515151515
 1 20.2020202020202
 0 25.25252525252525
 123 30.3030303030303
 525 35.35353535353535
 606 40.4040404040404
 312 45.45454545454545
 142 50.50505050505051
 64 55.55555555555555
 1 60.6060606060606
 270 65.65656565656565
 202 70.7070707070707
 566 75.75757575757575
 0 80.8080808080808
 0 85.85858585858585
 58 90.90909090909091
 2 95.95959595959596
 0 101.010101010101
 180 106.060606060606
 180 111.1111111111111
 387 116.1616161616162
 217 121.2121212121212
 78 126.2626262626263
 1 131.3131313131313
 2 136.3636363636363
 64 141.4141414141414
 89 146.4646464646464
 419 151.5151515151515
 295 156.5656565656566
 2 161.6161616161616
 0 166.6666666666667
 66 171.7171717171717
 34 176.7676767676768
 0 181.8181818181818
 0 186.8686868686869
 170 191.9191919191919
 223 196.969696969697
 42 202.020202020202
 91 207.070707070707
 187 212.1212121212121
 71 217.1717171717171
 96 222.2222222222222
 211 227.2727272727273
 152 232.3232323232323
 1 237.3737373737374
 25 242.4242424242424
 134 247.4747474747475
 23 252.5252525252525
 118 257.5757575757576
 130 262.6262626262626
 33 267.6767676767677
 264 272.7272727272727
 145 277.7777777777778
 408 282.8282828282828
 187 287.8787878787879
 1 292.9292929292929
 0 297.979797979798
 1 303.030303030303
 180 308.0808080808081
 18 313.1313131313131
 37 318.1818181818182
 29 323.2323232323232
 44 328.2828282828282
 172 333.3333333333333
 55 338.3838383838383
 12 343.4343434343434
 183 348.4848484848484
 82 353.5353535353535
 19 358.5858585858585
 0 363.6363636363636
 47 368.6868686868686
 42 373.7373737373737
 30 378.7878787878788
 1 383.8383838383838
 0 388.8888888888889
 307 393.9393939393939
 48 398.989898989899
 46 404.040404040404
 152 409.0909090909091
 138 414.1414141414141
 551 419.1919191919192
 16 424.2424242424242
 223 429.2929292929293
 178 434.3434343434343
 3 439.3939393939394
 49 444.4444444444444
 80 449.4949494949495
 56 454.5454545454545
 1 459.5959595959596
 0 464.6464646464646
 2 469.6969696969697
 1 474.7474747474747
 1 479.7979797979798
 21 484.8484848484848
 18 489.8989898989898
 59 494.9494949494949
 0 500


