# Created by Octave 3.8.2, Sat Jun 20 16:39:19 2020 CEST <damian@fptrucha.inv.usc.es>
# name: hd
# type: matrix
# rows: 100
# columns: 2
 1 0
 4 5.05050505050505
 2 10.1010101010101
 277 15.15151515151515
 2 20.2020202020202
 0 25.25252525252525
 174 30.3030303030303
 544 35.35353535353535
 583 40.4040404040404
 320 45.45454545454545
 132 50.50505050505051
 67 55.55555555555555
 1 60.6060606060606
 266 65.65656565656565
 205 70.7070707070707
 602 75.75757575757575
 1 80.8080808080808
 0 85.85858585858585
 55 90.90909090909091
 3 95.95959595959596
 4 101.010101010101
 182 106.060606060606
 202 111.1111111111111
 391 116.1616161616162
 191 121.2121212121212
 83 126.2626262626263
 0 131.3131313131313
 6 136.3636363636363
 71 141.4141414141414
 95 146.4646464646464
 440 151.5151515151515
 272 156.5656565656566
 0 161.6161616161616
 0 166.6666666666667
 56 171.7171717171717
 45 176.7676767676768
 1 181.8181818181818
 0 186.8686868686869
 214 191.9191919191919
 246 196.969696969697
 62 202.020202020202
 103 207.070707070707
 202 212.1212121212121
 64 217.1717171717171
 96 222.2222222222222
 213 227.2727272727273
 136 232.3232323232323
 0 237.3737373737374
 25 242.4242424242424
 123 247.4747474747475
 14 252.5252525252525
 123 257.5757575757576
 155 262.6262626262626
 41 267.6767676767677
 265 272.7272727272727
 121 277.7777777777778
 448 282.8282828282828
 209 287.8787878787879
 1 292.9292929292929
 0 297.979797979798
 0 303.030303030303
 214 308.0808080808081
 32 313.1313131313131
 44 318.1818181818182
 22 323.2323232323232
 41 328.2828282828282
 172 333.3333333333333
 52 338.3838383838383
 20 343.4343434343434
 183 348.4848484848484
 101 353.5353535353535
 22 358.5858585858585
 4 363.6363636363636
 46 368.6868686868686
 36 373.7373737373737
 34 378.7878787878788
 1 383.8383838383838
 1 388.8888888888889
 306 393.9393939393939
 68 398.989898989899
 49 404.040404040404
 170 409.0909090909091
 148 414.1414141414141
 613 419.1919191919192
 21 424.2424242424242
 204 429.2929292929293
 165 434.3434343434343
 2 439.3939393939394
 60 444.4444444444444
 83 449.4949494949495
 63 454.5454545454545
 0 459.5959595959596
 2 464.6464646464646
 0 469.6969696969697
 0 474.7474747474747
 1 479.7979797979798
 15 484.8484848484848
 20 489.8989898989898
 81 494.9494949494949
 0 500


