# Created by Octave 3.8.2, Mon Jun 22 06:00:19 2020 CEST <damian@fptrucha.inv.usc.es>
# name: hd
# type: matrix
# rows: 100
# columns: 2
 0 0
 2 5.05050505050505
 4 10.1010101010101
 288 15.15151515151515
 5 20.2020202020202
 2 25.25252525252525
 166 30.3030303030303
 515 35.35353535353535
 606 40.4040404040404
 300 45.45454545454545
 133 50.50505050505051
 68 55.55555555555555
 3 60.6060606060606
 239 65.65656565656565
 204 70.7070707070707
 505 75.75757575757575
 3 80.8080808080808
 1 85.85858585858585
 63 90.90909090909091
 3 95.95959595959596
 3 101.010101010101
 188 106.060606060606
 165 111.1111111111111
 376 116.1616161616162
 188 121.2121212121212
 83 126.2626262626263
 1 131.3131313131313
 0 136.3636363636363
 67 141.4141414141414
 87 146.4646464646464
 449 151.5151515151515
 241 156.5656565656566
 4 161.6161616161616
 1 166.6666666666667
 68 171.7171717171717
 29 176.7676767676768
 0 181.8181818181818
 1 186.8686868686869
 168 191.9191919191919
 219 196.969696969697
 49 202.020202020202
 83 207.070707070707
 174 212.1212121212121
 59 217.1717171717171
 86 222.2222222222222
 210 227.2727272727273
 119 232.3232323232323
 0 237.3737373737374
 25 242.4242424242424
 120 247.4747474747475
 24 252.5252525252525
 105 257.5757575757576
 105 262.6262626262626
 36 267.6767676767677
 250 272.7272727272727
 136 277.7777777777778
 419 282.8282828282828
 189 287.8787878787879
 1 292.9292929292929
 1 297.979797979798
 1 303.030303030303
 216 308.0808080808081
 15 313.1313131313131
 45 318.1818181818182
 31 323.2323232323232
 47 328.2828282828282
 150 333.3333333333333
 69 338.3838383838383
 15 343.4343434343434
 174 348.4848484848484
 118 353.5353535353535
 34 358.5858585858585
 2 363.6363636363636
 39 368.6868686868686
 30 373.7373737373737
 37 378.7878787878788
 1 383.8383838383838
 1 388.8888888888889
 278 393.9393939393939
 46 398.989898989899
 66 404.040404040404
 191 409.0909090909091
 127 414.1414141414141
 497 419.1919191919192
 22 424.2424242424242
 220 429.2929292929293
 154 434.3434343434343
 6 439.3939393939394
 78 444.4444444444444
 73 449.4949494949495
 47 454.5454545454545
 0 459.5959595959596
 0 464.6464646464646
 2 469.6969696969697
 2 474.7474747474747
 2 479.7979797979798
 23 484.8484848484848
 19 489.8989898989898
 65 494.9494949494949
 0 500


