# Created by Octave 3.8.2, Sat Jun 20 03:15:25 2020 CEST <damian@fptrucha.inv.usc.es>
# name: hd
# type: matrix
# rows: 100
# columns: 2
 2 0
 4 5.05050505050505
 1 10.1010101010101
 281 15.15151515151515
 3 20.2020202020202
 0 25.25252525252525
 176 30.3030303030303
 550 35.35353535353535
 694 40.4040404040404
 329 45.45454545454545
 156 50.50505050505051
 80 55.55555555555555
 1 60.6060606060606
 315 65.65656565656565
 225 70.7070707070707
 610 75.75757575757575
 2 80.8080808080808
 3 85.85858585858585
 68 90.90909090909091
 3 95.95959595959596
 3 101.010101010101
 212 106.060606060606
 180 111.1111111111111
 429 116.1616161616162
 205 121.2121212121212
 106 126.2626262626263
 0 131.3131313131313
 2 136.3636363636363
 79 141.4141414141414
 85 146.4646464646464
 444 151.5151515151515
 288 156.5656565656566
 2 161.6161616161616
 0 166.6666666666667
 73 171.7171717171717
 31 176.7676767676768
 2 181.8181818181818
 1 186.8686868686869
 219 191.9191919191919
 244 196.969696969697
 51 202.020202020202
 98 207.070707070707
 215 212.1212121212121
 77 217.1717171717171
 121 222.2222222222222
 238 227.2727272727273
 131 232.3232323232323
 2 237.3737373737374
 23 242.4242424242424
 155 247.4747474747475
 18 252.5252525252525
 145 257.5757575757576
 156 262.6262626262626
 40 267.6767676767677
 275 272.7272727272727
 133 277.7777777777778
 513 282.8282828282828
 226 287.8787878787879
 5 292.9292929292929
 0 297.979797979798
 0 303.030303030303
 231 308.0808080808081
 25 313.1313131313131
 33 318.1818181818182
 39 323.2323232323232
 39 328.2828282828282
 180 333.3333333333333
 78 338.3838383838383
 11 343.4343434343434
 204 348.4848484848484
 86 353.5353535353535
 21 358.5858585858585
 1 363.6363636363636
 59 368.6868686868686
 37 373.7373737373737
 28 378.7878787878788
 0 383.8383838383838
 1 388.8888888888889
 338 393.9393939393939
 74 398.989898989899
 68 404.040404040404
 196 409.0909090909091
 144 414.1414141414141
 619 419.1919191919192
 18 424.2424242424242
 293 429.2929292929293
 199 434.3434343434343
 1 439.3939393939394
 54 444.4444444444444
 94 449.4949494949495
 46 454.5454545454545
 0 459.5959595959596
 1 464.6464646464646
 0 469.6969696969697
 0 474.7474747474747
 0 479.7979797979798
 25 484.8484848484848
 19 489.8989898989898
 64 494.9494949494949
 0 500


