# Created by Octave 3.8.2, Mon Jun 22 04:30:51 2020 CEST <damian@fptrucha.inv.usc.es>
# name: hd
# type: matrix
# rows: 100
# columns: 2
 4 0
 2 5.05050505050505
 3 10.1010101010101
 250 15.15151515151515
 4 20.2020202020202
 2 25.25252525252525
 143 30.3030303030303
 441 35.35353535353535
 550 40.4040404040404
 264 45.45454545454545
 125 50.50505050505051
 54 55.55555555555555
 1 60.6060606060606
 228 65.65656565656565
 160 70.7070707070707
 420 75.75757575757575
 4 80.8080808080808
 1 85.85858585858585
 49 90.90909090909091
 2 95.95959595959596
 1 101.010101010101
 143 106.060606060606
 151 111.1111111111111
 338 116.1616161616162
 168 121.2121212121212
 61 126.2626262626263
 0 131.3131313131313
 2 136.3636363636363
 78 141.4141414141414
 91 146.4646464646464
 355 151.5151515151515
 215 156.5656565656566
 4 161.6161616161616
 0 166.6666666666667
 64 171.7171717171717
 28 176.7676767676768
 0 181.8181818181818
 2 186.8686868686869
 158 191.9191919191919
 243 196.969696969697
 54 202.020202020202
 89 207.070707070707
 153 212.1212121212121
 51 217.1717171717171
 102 222.2222222222222
 205 227.2727272727273
 127 232.3232323232323
 1 237.3737373737374
 19 242.4242424242424
 143 247.4747474747475
 24 252.5252525252525
 97 257.5757575757576
 126 262.6262626262626
 42 267.6767676767677
 226 272.7272727272727
 134 277.7777777777778
 402 282.8282828282828
 184 287.8787878787879
 4 292.9292929292929
 0 297.979797979798
 0 303.030303030303
 213 308.0808080808081
 26 313.1313131313131
 32 318.1818181818182
 22 323.2323232323232
 39 328.2828282828282
 171 333.3333333333333
 75 338.3838383838383
 24 343.4343434343434
 175 348.4848484848484
 88 353.5353535353535
 21 358.5858585858585
 0 363.6363636363636
 48 368.6868686868686
 42 373.7373737373737
 33 378.7878787878788
 1 383.8383838383838
 2 388.8888888888889
 261 393.9393939393939
 64 398.989898989899
 58 404.040404040404
 172 409.0909090909091
 141 414.1414141414141
 497 419.1919191919192
 13 424.2424242424242
 179 429.2929292929293
 163 434.3434343434343
 2 439.3939393939394
 44 444.4444444444444
 59 449.4949494949495
 47 454.5454545454545
 3 459.5959595959596
 2 464.6464646464646
 3 469.6969696969697
 0 474.7474747474747
 1 479.7979797979798
 17 484.8484848484848
 10 489.8989898989898
 74 494.9494949494949
 0 500


