# Created by Octave 3.8.2, Mon Jun 22 03:43:35 2020 CEST <damian@fptrucha.inv.usc.es>
# name: hd
# type: matrix
# rows: 100
# columns: 2
 2 0
 3 5.05050505050505
 2 10.1010101010101
 269 15.15151515151515
 2 20.2020202020202
 3 25.25252525252525
 136 30.3030303030303
 474 35.35353535353535
 497 40.4040404040404
 290 45.45454545454545
 112 50.50505050505051
 50 55.55555555555555
 1 60.6060606060606
 249 65.65656565656565
 209 70.7070707070707
 529 75.75757575757575
 3 80.8080808080808
 2 85.85858585858585
 60 90.90909090909091
 11 95.95959595959596
 2 101.010101010101
 169 106.060606060606
 170 111.1111111111111
 365 116.1616161616162
 190 121.2121212121212
 101 126.2626262626263
 1 131.3131313131313
 2 136.3636363636363
 63 141.4141414141414
 82 146.4646464646464
 410 151.5151515151515
 219 156.5656565656566
 1 161.6161616161616
 1 166.6666666666667
 77 171.7171717171717
 30 176.7676767676768
 1 181.8181818181818
 1 186.8686868686869
 196 191.9191919191919
 247 196.969696969697
 41 202.020202020202
 82 207.070707070707
 172 212.1212121212121
 64 217.1717171717171
 100 222.2222222222222
 213 227.2727272727273
 128 232.3232323232323
 1 237.3737373737374
 19 242.4242424242424
 117 247.4747474747475
 25 252.5252525252525
 111 257.5757575757576
 128 262.6262626262626
 31 267.6767676767677
 261 272.7272727272727
 132 277.7777777777778
 450 282.8282828282828
 178 287.8787878787879
 2 292.9292929292929
 1 297.979797979798
 1 303.030303030303
 192 308.0808080808081
 27 313.1313131313131
 34 318.1818181818182
 27 323.2323232323232
 44 328.2828282828282
 177 333.3333333333333
 76 338.3838383838383
 12 343.4343434343434
 166 348.4848484848484
 100 353.5353535353535
 33 358.5858585858585
 2 363.6363636363636
 38 368.6868686868686
 28 373.7373737373737
 27 378.7878787878788
 2 383.8383838383838
 2 388.8888888888889
 290 393.9393939393939
 53 398.989898989899
 48 404.040404040404
 164 409.0909090909091
 145 414.1414141414141
 546 419.1919191919192
 16 424.2424242424242
 231 429.2929292929293
 149 434.3434343434343
 3 439.3939393939394
 44 444.4444444444444
 71 449.4949494949495
 50 454.5454545454545
 2 459.5959595959596
 3 464.6464646464646
 1 469.6969696969697
 2 474.7474747474747
 1 479.7979797979798
 18 484.8484848484848
 26 489.8989898989898
 66 494.9494949494949
 0 500


