# Created by Octave 3.8.2, Sat Jun 20 11:45:45 2020 CEST <damian@fptrucha.inv.usc.es>
# name: hd
# type: matrix
# rows: 100
# columns: 2
 1 0
 5 5.05050505050505
 0 10.1010101010101
 314 15.15151515151515
 4 20.2020202020202
 0 25.25252525252525
 157 30.3030303030303
 524 35.35353535353535
 652 40.4040404040404
 301 45.45454545454545
 138 50.50505050505051
 82 55.55555555555555
 1 60.6060606060606
 318 65.65656565656565
 213 70.7070707070707
 584 75.75757575757575
 1 80.8080808080808
 1 85.85858585858585
 53 90.90909090909091
 9 95.95959595959596
 2 101.010101010101
 207 106.060606060606
 190 111.1111111111111
 422 116.1616161616162
 217 121.2121212121212
 85 126.2626262626263
 0 131.3131313131313
 0 136.3636363636363
 82 141.4141414141414
 90 146.4646464646464
 464 151.5151515151515
 294 156.5656565656566
 4 161.6161616161616
 1 166.6666666666667
 72 171.7171717171717
 39 176.7676767676768
 0 181.8181818181818
 0 186.8686868686869
 221 191.9191919191919
 276 196.969696969697
 42 202.020202020202
 110 207.070707070707
 195 212.1212121212121
 44 217.1717171717171
 104 222.2222222222222
 243 227.2727272727273
 162 232.3232323232323
 2 237.3737373737374
 29 242.4242424242424
 138 247.4747474747475
 24 252.5252525252525
 109 257.5757575757576
 170 262.6262626262626
 35 267.6767676767677
 281 272.7272727272727
 170 277.7777777777778
 510 282.8282828282828
 209 287.8787878787879
 1 292.9292929292929
 0 297.979797979798
 0 303.030303030303
 239 308.0808080808081
 26 313.1313131313131
 40 318.1818181818182
 31 323.2323232323232
 47 328.2828282828282
 179 333.3333333333333
 70 338.3838383838383
 14 343.4343434343434
 224 348.4848484848484
 105 353.5353535353535
 24 358.5858585858585
 1 363.6363636363636
 47 368.6868686868686
 45 373.7373737373737
 38 378.7878787878788
 1 383.8383838383838
 3 388.8888888888889
 355 393.9393939393939
 73 398.989898989899
 67 404.040404040404
 175 409.0909090909091
 147 414.1414141414141
 602 419.1919191919192
 27 424.2424242424242
 284 429.2929292929293
 193 434.3434343434343
 3 439.3939393939394
 58 444.4444444444444
 99 449.4949494949495
 59 454.5454545454545
 0 459.5959595959596
 0 464.6464646464646
 1 469.6969696969697
 3 474.7474747474747
 1 479.7979797979798
 23 484.8484848484848
 20 489.8989898989898
 97 494.9494949494949
 0 500


