# Created by Octave 3.8.2, Mon Jun 22 23:21:19 2020 CEST <damian@fptrucha.inv.usc.es>
# name: hd
# type: matrix
# rows: 100
# columns: 2
 5 0
 4 5.05050505050505
 2 10.1010101010101
 269 15.15151515151515
 5 20.2020202020202
 0 25.25252525252525
 167 30.3030303030303
 541 35.35353535353535
 629 40.4040404040404
 325 45.45454545454545
 123 50.50505050505051
 54 55.55555555555555
 1 60.6060606060606
 313 65.65656565656565
 222 70.7070707070707
 587 75.75757575757575
 0 80.8080808080808
 2 85.85858585858585
 58 90.90909090909091
 2 95.95959595959596
 0 101.010101010101
 198 106.060606060606
 166 111.1111111111111
 439 116.1616161616162
 227 121.2121212121212
 83 126.2626262626263
 0 131.3131313131313
 0 136.3636363636363
 74 141.4141414141414
 85 146.4646464646464
 460 151.5151515151515
 284 156.5656565656566
 5 161.6161616161616
 1 166.6666666666667
 71 171.7171717171717
 31 176.7676767676768
 1 181.8181818181818
 2 186.8686868686869
 208 191.9191919191919
 286 196.969696969697
 58 202.020202020202
 111 207.070707070707
 194 212.1212121212121
 51 217.1717171717171
 95 222.2222222222222
 238 227.2727272727273
 150 232.3232323232323
 3 237.3737373737374
 25 242.4242424242424
 157 247.4747474747475
 17 252.5252525252525
 135 257.5757575757576
 144 262.6262626262626
 40 267.6767676767677
 277 272.7272727272727
 130 277.7777777777778
 510 282.8282828282828
 208 287.8787878787879
 1 292.9292929292929
 1 297.979797979798
 0 303.030303030303
 209 308.0808080808081
 26 313.1313131313131
 47 318.1818181818182
 36 323.2323232323232
 41 328.2828282828282
 199 333.3333333333333
 85 338.3838383838383
 20 343.4343434343434
 231 348.4848484848484
 93 353.5353535353535
 25 358.5858585858585
 2 363.6363636363636
 44 368.6868686868686
 41 373.7373737373737
 37 378.7878787878788
 2 383.8383838383838
 1 388.8888888888889
 322 393.9393939393939
 74 398.989898989899
 75 404.040404040404
 177 409.0909090909091
 152 414.1414141414141
 537 419.1919191919192
 27 424.2424242424242
 249 429.2929292929293
 177 434.3434343434343
 3 439.3939393939394
 80 444.4444444444444
 61 449.4949494949495
 60 454.5454545454545
 1 459.5959595959596
 1 464.6464646464646
 1 469.6969696969697
 2 474.7474747474747
 1 479.7979797979798
 12 484.8484848484848
 23 489.8989898989898
 70 494.9494949494949
 0 500


