# Created by Octave 3.8.2, Mon Jun 22 00:52:14 2020 CEST <damian@fptrucha.inv.usc.es>
# name: hd
# type: matrix
# rows: 100
# columns: 2
 0 0
 3 5.05050505050505
 1 10.1010101010101
 267 15.15151515151515
 1 20.2020202020202
 0 25.25252525252525
 161 30.3030303030303
 523 35.35353535353535
 614 40.4040404040404
 300 45.45454545454545
 125 50.50505050505051
 70 55.55555555555555
 1 60.6060606060606
 254 65.65656565656565
 226 70.7070707070707
 587 75.75757575757575
 1 80.8080808080808
 0 85.85858585858585
 60 90.90909090909091
 2 95.95959595959596
 4 101.010101010101
 175 106.060606060606
 196 111.1111111111111
 418 116.1616161616162
 213 121.2121212121212
 80 126.2626262626263
 1 131.3131313131313
 4 136.3636363636363
 86 141.4141414141414
 83 146.4646464646464
 472 151.5151515151515
 278 156.5656565656566
 1 161.6161616161616
 1 166.6666666666667
 63 171.7171717171717
 27 176.7676767676768
 2 181.8181818181818
 0 186.8686868686869
 180 191.9191919191919
 266 196.969696969697
 54 202.020202020202
 93 207.070707070707
 178 212.1212121212121
 79 217.1717171717171
 103 222.2222222222222
 179 227.2727272727273
 153 232.3232323232323
 0 237.3737373737374
 18 242.4242424242424
 142 247.4747474747475
 21 252.5252525252525
 100 257.5757575757576
 142 262.6262626262626
 36 267.6767676767677
 276 272.7272727272727
 160 277.7777777777778
 458 282.8282828282828
 194 287.8787878787879
 2 292.9292929292929
 2 297.979797979798
 0 303.030303030303
 219 308.0808080808081
 25 313.1313131313131
 49 318.1818181818182
 39 323.2323232323232
 45 328.2828282828282
 151 333.3333333333333
 47 338.3838383838383
 14 343.4343434343434
 169 348.4848484848484
 99 353.5353535353535
 37 358.5858585858585
 2 363.6363636363636
 42 368.6868686868686
 40 373.7373737373737
 39 378.7878787878788
 2 383.8383838383838
 0 388.8888888888889
 313 393.9393939393939
 68 398.989898989899
 59 404.040404040404
 174 409.0909090909091
 136 414.1414141414141
 605 419.1919191919192
 19 424.2424242424242
 240 429.2929292929293
 202 434.3434343434343
 6 439.3939393939394
 59 444.4444444444444
 84 449.4949494949495
 51 454.5454545454545
 0 459.5959595959596
 0 464.6464646464646
 0 469.6969696969697
 2 474.7474747474747
 0 479.7979797979798
 18 484.8484848484848
 21 489.8989898989898
 70 494.9494949494949
 0 500


