# Created by Octave 3.8.2, Mon Jun 22 15:50:52 2020 CEST <damian@fptrucha.inv.usc.es>
# name: hd
# type: matrix
# rows: 100
# columns: 2
 1 0
 3 5.05050505050505
 3 10.1010101010101
 311 15.15151515151515
 2 20.2020202020202
 1 25.25252525252525
 162 30.3030303030303
 546 35.35353535353535
 609 40.4040404040404
 329 45.45454545454545
 129 50.50505050505051
 72 55.55555555555555
 2 60.6060606060606
 316 65.65656565656565
 222 70.7070707070707
 575 75.75757575757575
 1 80.8080808080808
 1 85.85858585858585
 65 90.90909090909091
 6 95.95959595959596
 4 101.010101010101
 176 106.060606060606
 171 111.1111111111111
 395 116.1616161616162
 204 121.2121212121212
 96 126.2626262626263
 0 131.3131313131313
 2 136.3636363636363
 71 141.4141414141414
 85 146.4646464646464
 460 151.5151515151515
 249 156.5656565656566
 6 161.6161616161616
 0 166.6666666666667
 54 171.7171717171717
 37 176.7676767676768
 1 181.8181818181818
 0 186.8686868686869
 209 191.9191919191919
 265 196.969696969697
 56 202.020202020202
 98 207.070707070707
 212 212.1212121212121
 69 217.1717171717171
 107 222.2222222222222
 246 227.2727272727273
 158 232.3232323232323
 3 237.3737373737374
 29 242.4242424242424
 144 247.4747474747475
 22 252.5252525252525
 134 257.5757575757576
 145 262.6262626262626
 45 267.6767676767677
 245 272.7272727272727
 132 277.7777777777778
 463 282.8282828282828
 211 287.8787878787879
 3 292.9292929292929
 2 297.979797979798
 0 303.030303030303
 211 308.0808080808081
 29 313.1313131313131
 36 318.1818181818182
 25 323.2323232323232
 54 328.2828282828282
 170 333.3333333333333
 69 338.3838383838383
 14 343.4343434343434
 208 348.4848484848484
 100 353.5353535353535
 34 358.5858585858585
 1 363.6363636363636
 52 368.6868686868686
 45 373.7373737373737
 37 378.7878787878788
 0 383.8383838383838
 1 388.8888888888889
 379 393.9393939393939
 52 398.989898989899
 69 404.040404040404
 210 409.0909090909091
 160 414.1414141414141
 550 419.1919191919192
 24 424.2424242424242
 234 429.2929292929293
 168 434.3434343434343
 4 439.3939393939394
 62 444.4444444444444
 68 449.4949494949495
 62 454.5454545454545
 0 459.5959595959596
 1 464.6464646464646
 1 469.6969696969697
 0 474.7474747474747
 2 479.7979797979798
 35 484.8484848484848
 23 489.8989898989898
 82 494.9494949494949
 0 500


