# Created by Octave 3.8.2, Mon Jun 22 12:01:32 2020 CEST <damian@fptrucha.inv.usc.es>
# name: hd
# type: matrix
# rows: 100
# columns: 2
 1 0
 2 5.05050505050505
 4 10.1010101010101
 322 15.15151515151515
 4 20.2020202020202
 0 25.25252525252525
 150 30.3030303030303
 476 35.35353535353535
 595 40.4040404040404
 317 45.45454545454545
 118 50.50505050505051
 66 55.55555555555555
 1 60.6060606060606
 258 65.65656565656565
 188 70.7070707070707
 554 75.75757575757575
 0 80.8080808080808
 3 85.85858585858585
 65 90.90909090909091
 4 95.95959595959596
 5 101.010101010101
 171 106.060606060606
 152 111.1111111111111
 363 116.1616161616162
 220 121.2121212121212
 101 126.2626262626263
 0 131.3131313131313
 6 136.3636363636363
 61 141.4141414141414
 93 146.4646464646464
 394 151.5151515151515
 247 156.5656565656566
 5 161.6161616161616
 2 166.6666666666667
 76 171.7171717171717
 38 176.7676767676768
 0 181.8181818181818
 2 186.8686868686869
 194 191.9191919191919
 270 196.969696969697
 39 202.020202020202
 89 207.070707070707
 166 212.1212121212121
 69 217.1717171717171
 95 222.2222222222222
 222 227.2727272727273
 141 232.3232323232323
 1 237.3737373737374
 24 242.4242424242424
 134 247.4747474747475
 21 252.5252525252525
 104 257.5757575757576
 131 262.6262626262626
 23 267.6767676767677
 246 272.7272727272727
 148 277.7777777777778
 451 282.8282828282828
 216 287.8787878787879
 3 292.9292929292929
 5 297.979797979798
 0 303.030303030303
 206 308.0808080808081
 34 313.1313131313131
 42 318.1818181818182
 34 323.2323232323232
 47 328.2828282828282
 176 333.3333333333333
 66 338.3838383838383
 27 343.4343434343434
 183 348.4848484848484
 83 353.5353535353535
 33 358.5858585858585
 2 363.6363636363636
 44 368.6868686868686
 46 373.7373737373737
 36 378.7878787878788
 2 383.8383838383838
 0 388.8888888888889
 326 393.9393939393939
 56 398.989898989899
 59 404.040404040404
 173 409.0909090909091
 151 414.1414141414141
 517 419.1919191919192
 30 424.2424242424242
 232 429.2929292929293
 199 434.3434343434343
 3 439.3939393939394
 67 444.4444444444444
 88 449.4949494949495
 42 454.5454545454545
 0 459.5959595959596
 1 464.6464646464646
 1 469.6969696969697
 0 474.7474747474747
 1 479.7979797979798
 16 484.8484848484848
 12 489.8989898989898
 63 494.9494949494949
 0 500


