# Created by Octave 3.8.2, Mon Jun 22 06:46:11 2020 CEST <damian@fptrucha.inv.usc.es>
# name: hd
# type: matrix
# rows: 100
# columns: 2
 4 0
 4 5.05050505050505
 3 10.1010101010101
 268 15.15151515151515
 2 20.2020202020202
 1 25.25252525252525
 143 30.3030303030303
 474 35.35353535353535
 589 40.4040404040404
 281 45.45454545454545
 106 50.50505050505051
 58 55.55555555555555
 3 60.6060606060606
 255 65.65656565656565
 206 70.7070707070707
 530 75.75757575757575
 3 80.8080808080808
 0 85.85858585858585
 56 90.90909090909091
 6 95.95959595959596
 3 101.010101010101
 182 106.060606060606
 167 111.1111111111111
 368 116.1616161616162
 192 121.2121212121212
 92 126.2626262626263
 0 131.3131313131313
 0 136.3636363636363
 57 141.4141414141414
 70 146.4646464646464
 340 151.5151515151515
 230 156.5656565656566
 1 161.6161616161616
 1 166.6666666666667
 63 171.7171717171717
 29 176.7676767676768
 1 181.8181818181818
 2 186.8686868686869
 170 191.9191919191919
 229 196.969696969697
 56 202.020202020202
 77 207.070707070707
 175 212.1212121212121
 53 217.1717171717171
 91 222.2222222222222
 230 227.2727272727273
 136 232.3232323232323
 4 237.3737373737374
 29 242.4242424242424
 142 247.4747474747475
 32 252.5252525252525
 103 257.5757575757576
 121 262.6262626262626
 32 267.6767676767677
 249 272.7272727272727
 137 277.7777777777778
 431 282.8282828282828
 188 287.8787878787879
 0 292.9292929292929
 2 297.979797979798
 4 303.030303030303
 204 308.0808080808081
 28 313.1313131313131
 43 318.1818181818182
 27 323.2323232323232
 48 328.2828282828282
 153 333.3333333333333
 54 338.3838383838383
 23 343.4343434343434
 191 348.4848484848484
 93 353.5353535353535
 27 358.5858585858585
 0 363.6363636363636
 50 368.6868686868686
 41 373.7373737373737
 31 378.7878787878788
 1 383.8383838383838
 2 388.8888888888889
 257 393.9393939393939
 55 398.989898989899
 62 404.040404040404
 156 409.0909090909091
 144 414.1414141414141
 549 419.1919191919192
 21 424.2424242424242
 220 429.2929292929293
 162 434.3434343434343
 4 439.3939393939394
 46 444.4444444444444
 66 449.4949494949495
 50 454.5454545454545
 0 459.5959595959596
 4 464.6464646464646
 1 469.6969696969697
 1 474.7474747474747
 1 479.7979797979798
 21 484.8484848484848
 11 489.8989898989898
 62 494.9494949494949
 0 500


