# Created by Octave 3.8.2, Mon Jun 22 06:39:33 2020 CEST <damian@fptrucha.inv.usc.es>
# name: hd
# type: matrix
# rows: 100
# columns: 2
 1 0
 5 5.05050505050505
 4 10.1010101010101
 261 15.15151515151515
 6 20.2020202020202
 1 25.25252525252525
 168 30.3030303030303
 533 35.35353535353535
 558 40.4040404040404
 305 45.45454545454545
 126 50.50505050505051
 61 55.55555555555555
 0 60.6060606060606
 263 65.65656565656565
 192 70.7070707070707
 501 75.75757575757575
 1 80.8080808080808
 2 85.85858585858585
 59 90.90909090909091
 3 95.95959595959596
 0 101.010101010101
 172 106.060606060606
 157 111.1111111111111
 376 116.1616161616162
 178 121.2121212121212
 84 126.2626262626263
 0 131.3131313131313
 3 136.3636363636363
 70 141.4141414141414
 101 146.4646464646464
 435 151.5151515151515
 225 156.5656565656566
 4 161.6161616161616
 1 166.6666666666667
 63 171.7171717171717
 22 176.7676767676768
 2 181.8181818181818
 2 186.8686868686869
 177 191.9191919191919
 263 196.969696969697
 56 202.020202020202
 96 207.070707070707
 157 212.1212121212121
 58 217.1717171717171
 89 222.2222222222222
 239 227.2727272727273
 132 232.3232323232323
 3 237.3737373737374
 21 242.4242424242424
 130 247.4747474747475
 24 252.5252525252525
 118 257.5757575757576
 106 262.6262626262626
 32 267.6767676767677
 241 272.7272727272727
 122 277.7777777777778
 417 282.8282828282828
 190 287.8787878787879
 2 292.9292929292929
 0 297.979797979798
 0 303.030303030303
 164 308.0808080808081
 33 313.1313131313131
 23 318.1818181818182
 31 323.2323232323232
 38 328.2828282828282
 175 333.3333333333333
 70 338.3838383838383
 20 343.4343434343434
 194 348.4848484848484
 107 353.5353535353535
 30 358.5858585858585
 1 363.6363636363636
 47 368.6868686868686
 37 373.7373737373737
 27 378.7878787878788
 0 383.8383838383838
 2 388.8888888888889
 278 393.9393939393939
 52 398.989898989899
 66 404.040404040404
 167 409.0909090909091
 153 414.1414141414141
 512 419.1919191919192
 21 424.2424242424242
 250 429.2929292929293
 172 434.3434343434343
 2 439.3939393939394
 57 444.4444444444444
 69 449.4949494949495
 56 454.5454545454545
 2 459.5959595959596
 1 464.6464646464646
 1 469.6969696969697
 1 474.7474747474747
 2 479.7979797979798
 12 484.8484848484848
 22 489.8989898989898
 73 494.9494949494949
 0 500


