# Created by Octave 3.8.2, Sat Jun 20 05:43:38 2020 CEST <damian@fptrucha.inv.usc.es>
# name: hd
# type: matrix
# rows: 100
# columns: 2
 2 0
 2 5.05050505050505
 1 10.1010101010101
 309 15.15151515151515
 0 20.2020202020202
 2 25.25252525252525
 175 30.3030303030303
 603 35.35353535353535
 651 40.4040404040404
 346 45.45454545454545
 156 50.50505050505051
 80 55.55555555555555
 1 60.6060606060606
 303 65.65656565656565
 214 70.7070707070707
 648 75.75757575757575
 0 80.8080808080808
 1 85.85858585858585
 64 90.90909090909091
 2 95.95959595959596
 1 101.010101010101
 206 106.060606060606
 175 111.1111111111111
 473 116.1616161616162
 218 121.2121212121212
 103 126.2626262626263
 1 131.3131313131313
 1 136.3636363636363
 74 141.4141414141414
 102 146.4646464646464
 471 151.5151515151515
 268 156.5656565656566
 2 161.6161616161616
 0 166.6666666666667
 79 171.7171717171717
 35 176.7676767676768
 1 181.8181818181818
 1 186.8686868686869
 222 191.9191919191919
 255 196.969696969697
 49 202.020202020202
 108 207.070707070707
 212 212.1212121212121
 70 217.1717171717171
 120 222.2222222222222
 270 227.2727272727273
 142 232.3232323232323
 0 237.3737373737374
 28 242.4242424242424
 138 247.4747474747475
 23 252.5252525252525
 137 257.5757575757576
 145 262.6262626262626
 48 267.6767676767677
 273 272.7272727272727
 147 277.7777777777778
 549 282.8282828282828
 221 287.8787878787879
 0 292.9292929292929
 1 297.979797979798
 0 303.030303030303
 227 308.0808080808081
 33 313.1313131313131
 61 318.1818181818182
 35 323.2323232323232
 39 328.2828282828282
 168 333.3333333333333
 62 338.3838383838383
 19 343.4343434343434
 206 348.4848484848484
 130 353.5353535353535
 39 358.5858585858585
 2 363.6363636363636
 38 368.6868686868686
 39 373.7373737373737
 42 378.7878787878788
 0 383.8383838383838
 1 388.8888888888889
 374 393.9393939393939
 69 398.989898989899
 65 404.040404040404
 177 409.0909090909091
 161 414.1414141414141
 627 419.1919191919192
 19 424.2424242424242
 245 429.2929292929293
 207 434.3434343434343
 4 439.3939393939394
 59 444.4444444444444
 67 449.4949494949495
 67 454.5454545454545
 1 459.5959595959596
 0 464.6464646464646
 3 469.6969696969697
 0 474.7474747474747
 3 479.7979797979798
 15 484.8484848484848
 20 489.8989898989898
 83 494.9494949494949
 0 500


