# Created by Octave 3.8.2, Sat Jun 20 09:11:35 2020 CEST <damian@fptrucha.inv.usc.es>
# name: hd
# type: matrix
# rows: 100
# columns: 2
 2 0
 3 5.05050505050505
 1 10.1010101010101
 321 15.15151515151515
 1 20.2020202020202
 1 25.25252525252525
 192 30.3030303030303
 591 35.35353535353535
 727 40.4040404040404
 301 45.45454545454545
 149 50.50505050505051
 89 55.55555555555555
 0 60.6060606060606
 280 65.65656565656565
 237 70.7070707070707
 665 75.75757575757575
 0 80.8080808080808
 1 85.85858585858585
 69 90.90909090909091
 3 95.95959595959596
 2 101.010101010101
 193 106.060606060606
 201 111.1111111111111
 476 116.1616161616162
 242 121.2121212121212
 97 126.2626262626263
 0 131.3131313131313
 0 136.3636363636363
 68 141.4141414141414
 108 146.4646464646464
 507 151.5151515151515
 311 156.5656565656566
 4 161.6161616161616
 1 166.6666666666667
 82 171.7171717171717
 41 176.7676767676768
 0 181.8181818181818
 2 186.8686868686869
 222 191.9191919191919
 285 196.969696969697
 61 202.020202020202
 97 207.070707070707
 188 212.1212121212121
 78 217.1717171717171
 116 222.2222222222222
 263 227.2727272727273
 173 232.3232323232323
 0 237.3737373737374
 27 242.4242424242424
 147 247.4747474747475
 9 252.5252525252525
 135 257.5757575757576
 161 262.6262626262626
 47 267.6767676767677
 281 272.7272727272727
 176 277.7777777777778
 519 282.8282828282828
 245 287.8787878787879
 2 292.9292929292929
 1 297.979797979798
 1 303.030303030303
 247 308.0808080808081
 30 313.1313131313131
 50 318.1818181818182
 40 323.2323232323232
 45 328.2828282828282
 183 333.3333333333333
 78 338.3838383838383
 12 343.4343434343434
 234 348.4848484848484
 117 353.5353535353535
 36 358.5858585858585
 0 363.6363636363636
 51 368.6868686868686
 56 373.7373737373737
 44 378.7878787878788
 1 383.8383838383838
 1 388.8888888888889
 357 393.9393939393939
 71 398.989898989899
 80 404.040404040404
 205 409.0909090909091
 163 414.1414141414141
 613 419.1919191919192
 17 424.2424242424242
 259 429.2929292929293
 200 434.3434343434343
 1 439.3939393939394
 67 444.4444444444444
 96 449.4949494949495
 66 454.5454545454545
 2 459.5959595959596
 1 464.6464646464646
 1 469.6969696969697
 2 474.7474747474747
 2 479.7979797979798
 16 484.8484848484848
 20 489.8989898989898
 75 494.9494949494949
 0 500


