# Created by Octave 3.8.2, Sat Jun 20 14:57:20 2020 CEST <damian@fptrucha.inv.usc.es>
# name: hd
# type: matrix
# rows: 100
# columns: 2
 1 0
 2 5.05050505050505
 1 10.1010101010101
 290 15.15151515151515
 1 20.2020202020202
 1 25.25252525252525
 168 30.3030303030303
 505 35.35353535353535
 624 40.4040404040404
 329 45.45454545454545
 118 50.50505050505051
 64 55.55555555555555
 0 60.6060606060606
 314 65.65656565656565
 229 70.7070707070707
 570 75.75757575757575
 0 80.8080808080808
 0 85.85858585858585
 80 90.90909090909091
 2 95.95959595959596
 2 101.010101010101
 186 106.060606060606
 180 111.1111111111111
 405 116.1616161616162
 209 121.2121212121212
 96 126.2626262626263
 0 131.3131313131313
 1 136.3636363636363
 62 141.4141414141414
 99 146.4646464646464
 458 151.5151515151515
 296 156.5656565656566
 3 161.6161616161616
 2 166.6666666666667
 69 171.7171717171717
 29 176.7676767676768
 1 181.8181818181818
 0 186.8686868686869
 192 191.9191919191919
 250 196.969696969697
 49 202.020202020202
 102 207.070707070707
 211 212.1212121212121
 70 217.1717171717171
 111 222.2222222222222
 212 227.2727272727273
 144 232.3232323232323
 0 237.3737373737374
 17 242.4242424242424
 133 247.4747474747475
 20 252.5252525252525
 125 257.5757575757576
 158 262.6262626262626
 25 267.6767676767677
 249 272.7272727272727
 139 277.7777777777778
 481 282.8282828282828
 202 287.8787878787879
 1 292.9292929292929
 1 297.979797979798
 0 303.030303030303
 192 308.0808080808081
 30 313.1313131313131
 48 318.1818181818182
 33 323.2323232323232
 35 328.2828282828282
 167 333.3333333333333
 66 338.3838383838383
 10 343.4343434343434
 176 348.4848484848484
 96 353.5353535353535
 22 358.5858585858585
 1 363.6363636363636
 38 368.6868686868686
 49 373.7373737373737
 37 378.7878787878788
 1 383.8383838383838
 0 388.8888888888889
 340 393.9393939393939
 62 398.989898989899
 74 404.040404040404
 162 409.0909090909091
 126 414.1414141414141
 568 419.1919191919192
 18 424.2424242424242
 255 429.2929292929293
 181 434.3434343434343
 4 439.3939393939394
 56 444.4444444444444
 83 449.4949494949495
 52 454.5454545454545
 2 459.5959595959596
 0 464.6464646464646
 0 469.6969696969697
 2 474.7474747474747
 0 479.7979797979798
 23 484.8484848484848
 20 489.8989898989898
 72 494.9494949494949
 0 500


