# Created by Octave 3.8.2, Sat Jun 20 03:29:20 2020 CEST <damian@fptrucha.inv.usc.es>
# name: hd
# type: matrix
# rows: 100
# columns: 2
 2 0
 4 5.05050505050505
 2 10.1010101010101
 342 15.15151515151515
 5 20.2020202020202
 1 25.25252525252525
 188 30.3030303030303
 553 35.35353535353535
 689 40.4040404040404
 348 45.45454545454545
 136 50.50505050505051
 77 55.55555555555555
 0 60.6060606060606
 287 65.65656565656565
 228 70.7070707070707
 665 75.75757575757575
 0 80.8080808080808
 1 85.85858585858585
 75 90.90909090909091
 4 95.95959595959596
 8 101.010101010101
 214 106.060606060606
 206 111.1111111111111
 384 116.1616161616162
 212 121.2121212121212
 105 126.2626262626263
 0 131.3131313131313
 1 136.3636363636363
 80 141.4141414141414
 91 146.4646464646464
 493 151.5151515151515
 280 156.5656565656566
 3 161.6161616161616
 0 166.6666666666667
 77 171.7171717171717
 33 176.7676767676768
 0 181.8181818181818
 1 186.8686868686869
 215 191.9191919191919
 250 196.969696969697
 45 202.020202020202
 98 207.070707070707
 222 212.1212121212121
 70 217.1717171717171
 123 222.2222222222222
 257 227.2727272727273
 150 232.3232323232323
 0 237.3737373737374
 21 242.4242424242424
 135 247.4747474747475
 26 252.5252525252525
 153 257.5757575757576
 150 262.6262626262626
 46 267.6767676767677
 244 272.7272727272727
 144 277.7777777777778
 514 282.8282828282828
 224 287.8787878787879
 2 292.9292929292929
 1 297.979797979798
 0 303.030303030303
 234 308.0808080808081
 22 313.1313131313131
 43 318.1818181818182
 34 323.2323232323232
 55 328.2828282828282
 190 333.3333333333333
 75 338.3838383838383
 17 343.4343434343434
 190 348.4848484848484
 97 353.5353535353535
 30 358.5858585858585
 1 363.6363636363636
 48 368.6868686868686
 36 373.7373737373737
 48 378.7878787878788
 0 383.8383838383838
 0 388.8888888888889
 342 393.9393939393939
 65 398.989898989899
 82 404.040404040404
 183 409.0909090909091
 145 414.1414141414141
 645 419.1919191919192
 20 424.2424242424242
 241 429.2929292929293
 182 434.3434343434343
 4 439.3939393939394
 50 444.4444444444444
 89 449.4949494949495
 50 454.5454545454545
 0 459.5959595959596
 0 464.6464646464646
 1 469.6969696969697
 2 474.7474747474747
 1 479.7979797979798
 28 484.8484848484848
 16 489.8989898989898
 75 494.9494949494949
 0 500


