# Created by Octave 3.8.2, Mon Jun 22 16:50:48 2020 CEST <damian@fptrucha.inv.usc.es>
# name: hd
# type: matrix
# rows: 100
# columns: 2
 2 0
 3 5.05050505050505
 1 10.1010101010101
 300 15.15151515151515
 1 20.2020202020202
 0 25.25252525252525
 180 30.3030303030303
 526 35.35353535353535
 613 40.4040404040404
 267 45.45454545454545
 130 50.50505050505051
 69 55.55555555555555
 1 60.6060606060606
 262 65.65656565656565
 198 70.7070707070707
 589 75.75757575757575
 6 80.8080808080808
 2 85.85858585858585
 64 90.90909090909091
 6 95.95959595959596
 4 101.010101010101
 195 106.060606060606
 170 111.1111111111111
 421 116.1616161616162
 219 121.2121212121212
 99 126.2626262626263
 1 131.3131313131313
 3 136.3636363636363
 64 141.4141414141414
 100 146.4646464646464
 428 151.5151515151515
 241 156.5656565656566
 4 161.6161616161616
 1 166.6666666666667
 81 171.7171717171717
 41 176.7676767676768
 1 181.8181818181818
 1 186.8686868686869
 184 191.9191919191919
 273 196.969696969697
 43 202.020202020202
 99 207.070707070707
 208 212.1212121212121
 63 217.1717171717171
 96 222.2222222222222
 254 227.2727272727273
 126 232.3232323232323
 1 237.3737373737374
 15 242.4242424242424
 142 247.4747474747475
 16 252.5252525252525
 111 257.5757575757576
 150 262.6262626262626
 45 267.6767676767677
 266 272.7272727272727
 142 277.7777777777778
 448 282.8282828282828
 221 287.8787878787879
 0 292.9292929292929
 1 297.979797979798
 1 303.030303030303
 225 308.0808080808081
 23 313.1313131313131
 31 318.1818181818182
 26 323.2323232323232
 33 328.2828282828282
 177 333.3333333333333
 77 338.3838383838383
 26 343.4343434343434
 185 348.4848484848484
 105 353.5353535353535
 33 358.5858585858585
 0 363.6363636363636
 53 368.6868686868686
 40 373.7373737373737
 50 378.7878787878788
 2 383.8383838383838
 2 388.8888888888889
 327 393.9393939393939
 67 398.989898989899
 57 404.040404040404
 185 409.0909090909091
 157 414.1414141414141
 497 419.1919191919192
 17 424.2424242424242
 236 429.2929292929293
 180 434.3434343434343
 4 439.3939393939394
 67 444.4444444444444
 75 449.4949494949495
 66 454.5454545454545
 0 459.5959595959596
 1 464.6464646464646
 1 469.6969696969697
 2 474.7474747474747
 0 479.7979797979798
 23 484.8484848484848
 25 489.8989898989898
 76 494.9494949494949
 0 500


