# Created by Octave 3.8.2, Mon Jun 22 18:03:03 2020 CEST <damian@fptrucha.inv.usc.es>
# name: hd
# type: matrix
# rows: 100
# columns: 2
 2 0
 5 5.05050505050505
 1 10.1010101010101
 315 15.15151515151515
 5 20.2020202020202
 1 25.25252525252525
 158 30.3030303030303
 528 35.35353535353535
 586 40.4040404040404
 306 45.45454545454545
 124 50.50505050505051
 67 55.55555555555555
 1 60.6060606060606
 289 65.65656565656565
 230 70.7070707070707
 599 75.75757575757575
 4 80.8080808080808
 2 85.85858585858585
 47 90.90909090909091
 5 95.95959595959596
 1 101.010101010101
 176 106.060606060606
 162 111.1111111111111
 414 116.1616161616162
 191 121.2121212121212
 94 126.2626262626263
 0 131.3131313131313
 0 136.3636363636363
 75 141.4141414141414
 106 146.4646464646464
 453 151.5151515151515
 255 156.5656565656566
 3 161.6161616161616
 2 166.6666666666667
 76 171.7171717171717
 34 176.7676767676768
 0 181.8181818181818
 1 186.8686868686869
 195 191.9191919191919
 262 196.969696969697
 44 202.020202020202
 99 207.070707070707
 192 212.1212121212121
 83 217.1717171717171
 95 222.2222222222222
 256 227.2727272727273
 136 232.3232323232323
 1 237.3737373737374
 22 242.4242424242424
 133 247.4747474747475
 18 252.5252525252525
 116 257.5757575757576
 127 262.6262626262626
 50 267.6767676767677
 299 272.7272727272727
 162 277.7777777777778
 458 282.8282828282828
 220 287.8787878787879
 1 292.9292929292929
 0 297.979797979798
 1 303.030303030303
 188 308.0808080808081
 27 313.1313131313131
 32 318.1818181818182
 24 323.2323232323232
 43 328.2828282828282
 213 333.3333333333333
 60 338.3838383838383
 18 343.4343434343434
 197 348.4848484848484
 86 353.5353535353535
 23 358.5858585858585
 3 363.6363636363636
 41 368.6868686868686
 52 373.7373737373737
 31 378.7878787878788
 0 383.8383838383838
 1 388.8888888888889
 280 393.9393939393939
 51 398.989898989899
 62 404.040404040404
 186 409.0909090909091
 134 414.1414141414141
 579 419.1919191919192
 20 424.2424242424242
 230 429.2929292929293
 198 434.3434343434343
 6 439.3939393939394
 59 444.4444444444444
 74 449.4949494949495
 57 454.5454545454545
 0 459.5959595959596
 0 464.6464646464646
 4 469.6969696969697
 1 474.7474747474747
 1 479.7979797979798
 17 484.8484848484848
 22 489.8989898989898
 82 494.9494949494949
 0 500


