# Created by Octave 3.8.2, Mon Jun 22 22:12:06 2020 CEST <damian@fptrucha.inv.usc.es>
# name: hd
# type: matrix
# rows: 100
# columns: 2
 1 0
 5 5.05050505050505
 2 10.1010101010101
 307 15.15151515151515
 4 20.2020202020202
 0 25.25252525252525
 161 30.3030303030303
 522 35.35353535353535
 644 40.4040404040404
 319 45.45454545454545
 143 50.50505050505051
 69 55.55555555555555
 4 60.6060606060606
 328 65.65656565656565
 224 70.7070707070707
 631 75.75757575757575
 3 80.8080808080808
 1 85.85858585858585
 46 90.90909090909091
 6 95.95959595959596
 4 101.010101010101
 209 106.060606060606
 211 111.1111111111111
 445 116.1616161616162
 200 121.2121212121212
 80 126.2626262626263
 0 131.3131313131313
 0 136.3636363636363
 68 141.4141414141414
 104 146.4646464646464
 464 151.5151515151515
 268 156.5656565656566
 3 161.6161616161616
 0 166.6666666666667
 108 171.7171717171717
 38 176.7676767676768
 1 181.8181818181818
 1 186.8686868686869
 212 191.9191919191919
 294 196.969696969697
 55 202.020202020202
 109 207.070707070707
 219 212.1212121212121
 58 217.1717171717171
 105 222.2222222222222
 255 227.2727272727273
 126 232.3232323232323
 0 237.3737373737374
 21 242.4242424242424
 139 247.4747474747475
 27 252.5252525252525
 104 257.5757575757576
 145 262.6262626262626
 48 267.6767676767677
 305 272.7272727272727
 159 277.7777777777778
 427 282.8282828282828
 210 287.8787878787879
 0 292.9292929292929
 0 297.979797979798
 2 303.030303030303
 219 308.0808080808081
 33 313.1313131313131
 36 318.1818181818182
 31 323.2323232323232
 40 328.2828282828282
 189 333.3333333333333
 75 338.3838383838383
 17 343.4343434343434
 196 348.4848484848484
 95 353.5353535353535
 23 358.5858585858585
 1 363.6363636363636
 45 368.6868686868686
 43 373.7373737373737
 42 378.7878787878788
 0 383.8383838383838
 0 388.8888888888889
 347 393.9393939393939
 60 398.989898989899
 61 404.040404040404
 185 409.0909090909091
 142 414.1414141414141
 603 419.1919191919192
 20 424.2424242424242
 253 429.2929292929293
 201 434.3434343434343
 2 439.3939393939394
 61 444.4444444444444
 89 449.4949494949495
 46 454.5454545454545
 3 459.5959595959596
 0 464.6464646464646
 0 469.6969696969697
 1 474.7474747474747
 1 479.7979797979798
 22 484.8484848484848
 19 489.8989898989898
 80 494.9494949494949
 0 500


