# Created by Octave 3.8.2, Sun Jun 21 03:01:32 2020 CEST <damian@fptrucha.inv.usc.es>
# name: hd
# type: matrix
# rows: 100
# columns: 2
 3 0
 3 5.05050505050505
 2 10.1010101010101
 251 15.15151515151515
 1 20.2020202020202
 0 25.25252525252525
 156 30.3030303030303
 494 35.35353535353535
 566 40.4040404040404
 283 45.45454545454545
 120 50.50505050505051
 64 55.55555555555555
 0 60.6060606060606
 254 65.65656565656565
 199 70.7070707070707
 544 75.75757575757575
 2 80.8080808080808
 2 85.85858585858585
 71 90.90909090909091
 3 95.95959595959596
 0 101.010101010101
 197 106.060606060606
 170 111.1111111111111
 384 116.1616161616162
 191 121.2121212121212
 74 126.2626262626263
 0 131.3131313131313
 2 136.3636363636363
 67 141.4141414141414
 88 146.4646464646464
 412 151.5151515151515
 266 156.5656565656566
 1 161.6161616161616
 0 166.6666666666667
 64 171.7171717171717
 30 176.7676767676768
 0 181.8181818181818
 0 186.8686868686869
 160 191.9191919191919
 255 196.969696969697
 34 202.020202020202
 91 207.070707070707
 189 212.1212121212121
 57 217.1717171717171
 76 222.2222222222222
 191 227.2727272727273
 127 232.3232323232323
 3 237.3737373737374
 21 242.4242424242424
 109 247.4747474747475
 8 252.5252525252525
 102 257.5757575757576
 136 262.6262626262626
 38 267.6767676767677
 244 272.7272727272727
 136 277.7777777777778
 431 282.8282828282828
 188 287.8787878787879
 0 292.9292929292929
 1 297.979797979798
 1 303.030303030303
 200 308.0808080808081
 22 313.1313131313131
 30 318.1818181818182
 25 323.2323232323232
 37 328.2828282828282
 153 333.3333333333333
 62 338.3838383838383
 21 343.4343434343434
 170 348.4848484848484
 94 353.5353535353535
 17 358.5858585858585
 0 363.6363636363636
 38 368.6868686868686
 45 373.7373737373737
 26 378.7878787878788
 1 383.8383838383838
 0 388.8888888888889
 309 393.9393939393939
 60 398.989898989899
 62 404.040404040404
 164 409.0909090909091
 140 414.1414141414141
 577 419.1919191919192
 20 424.2424242424242
 218 429.2929292929293
 167 434.3434343434343
 3 439.3939393939394
 54 444.4444444444444
 63 449.4949494949495
 50 454.5454545454545
 0 459.5959595959596
 1 464.6464646464646
 0 469.6969696969697
 2 474.7474747474747
 2 479.7979797979798
 14 484.8484848484848
 15 489.8989898989898
 61 494.9494949494949
 0 500


