# Created by Octave 3.8.2, Sat Jun 20 02:17:56 2020 CEST <damian@fptrucha.inv.usc.es>
# name: hd
# type: matrix
# rows: 100
# columns: 2
 0 0
 1 5.05050505050505
 2 10.1010101010101
 295 15.15151515151515
 2 20.2020202020202
 0 25.25252525252525
 163 30.3030303030303
 514 35.35353535353535
 644 40.4040404040404
 332 45.45454545454545
 152 50.50505050505051
 73 55.55555555555555
 3 60.6060606060606
 294 65.65656565656565
 205 70.7070707070707
 599 75.75757575757575
 3 80.8080808080808
 1 85.85858585858585
 57 90.90909090909091
 2 95.95959595959596
 1 101.010101010101
 184 106.060606060606
 183 111.1111111111111
 469 116.1616161616162
 212 121.2121212121212
 103 126.2626262626263
 1 131.3131313131313
 0 136.3636363636363
 58 141.4141414141414
 99 146.4646464646464
 510 151.5151515151515
 248 156.5656565656566
 1 161.6161616161616
 0 166.6666666666667
 80 171.7171717171717
 31 176.7676767676768
 0 181.8181818181818
 0 186.8686868686869
 187 191.9191919191919
 290 196.969696969697
 66 202.020202020202
 87 207.070707070707
 202 212.1212121212121
 57 217.1717171717171
 118 222.2222222222222
 258 227.2727272727273
 132 232.3232323232323
 1 237.3737373737374
 25 242.4242424242424
 138 247.4747474747475
 19 252.5252525252525
 149 257.5757575757576
 155 262.6262626262626
 39 267.6767676767677
 268 272.7272727272727
 152 277.7777777777778
 452 282.8282828282828
 227 287.8787878787879
 1 292.9292929292929
 0 297.979797979798
 0 303.030303030303
 225 308.0808080808081
 23 313.1313131313131
 42 318.1818181818182
 31 323.2323232323232
 64 328.2828282828282
 197 333.3333333333333
 65 338.3838383838383
 16 343.4343434343434
 203 348.4848484848484
 106 353.5353535353535
 38 358.5858585858585
 0 363.6363636363636
 63 368.6868686868686
 36 373.7373737373737
 45 378.7878787878788
 1 383.8383838383838
 0 388.8888888888889
 311 393.9393939393939
 75 398.989898989899
 71 404.040404040404
 196 409.0909090909091
 139 414.1414141414141
 565 419.1919191919192
 20 424.2424242424242
 241 429.2929292929293
 186 434.3434343434343
 6 439.3939393939394
 56 444.4444444444444
 81 449.4949494949495
 57 454.5454545454545
 2 459.5959595959596
 0 464.6464646464646
 1 469.6969696969697
 0 474.7474747474747
 0 479.7979797979798
 16 484.8484848484848
 9 489.8989898989898
 68 494.9494949494949
 0 500


