# Created by Octave 3.8.2, Sat Jun 20 21:18:36 2020 CEST <damian@fptrucha.inv.usc.es>
# name: hd
# type: matrix
# rows: 100
# columns: 2
 1 0
 1 5.05050505050505
 1 10.1010101010101
 239 15.15151515151515
 2 20.2020202020202
 0 25.25252525252525
 163 30.3030303030303
 479 35.35353535353535
 631 40.4040404040404
 288 45.45454545454545
 108 50.50505050505051
 63 55.55555555555555
 1 60.6060606060606
 263 65.65656565656565
 189 70.7070707070707
 526 75.75757575757575
 0 80.8080808080808
 0 85.85858585858585
 57 90.90909090909091
 5 95.95959595959596
 1 101.010101010101
 183 106.060606060606
 191 111.1111111111111
 342 116.1616161616162
 200 121.2121212121212
 95 126.2626262626263
 0 131.3131313131313
 0 136.3636363636363
 70 141.4141414141414
 91 146.4646464646464
 435 151.5151515151515
 267 156.5656565656566
 1 161.6161616161616
 1 166.6666666666667
 60 171.7171717171717
 32 176.7676767676768
 0 181.8181818181818
 0 186.8686868686869
 178 191.9191919191919
 247 196.969696969697
 41 202.020202020202
 85 207.070707070707
 194 212.1212121212121
 65 217.1717171717171
 97 222.2222222222222
 221 227.2727272727273
 131 232.3232323232323
 0 237.3737373737374
 18 242.4242424242424
 127 247.4747474747475
 19 252.5252525252525
 131 257.5757575757576
 116 262.6262626262626
 37 267.6767676767677
 247 272.7272727272727
 142 277.7777777777778
 444 282.8282828282828
 184 287.8787878787879
 1 292.9292929292929
 3 297.979797979798
 0 303.030303030303
 202 308.0808080808081
 33 313.1313131313131
 48 318.1818181818182
 29 323.2323232323232
 35 328.2828282828282
 167 333.3333333333333
 58 338.3838383838383
 24 343.4343434343434
 169 348.4848484848484
 93 353.5353535353535
 21 358.5858585858585
 1 363.6363636363636
 46 368.6868686868686
 32 373.7373737373737
 34 378.7878787878788
 0 383.8383838383838
 1 388.8888888888889
 302 393.9393939393939
 49 398.989898989899
 45 404.040404040404
 144 409.0909090909091
 123 414.1414141414141
 549 419.1919191919192
 27 424.2424242424242
 223 429.2929292929293
 166 434.3434343434343
 2 439.3939393939394
 47 444.4444444444444
 68 449.4949494949495
 43 454.5454545454545
 1 459.5959595959596
 1 464.6464646464646
 0 469.6969696969697
 2 474.7474747474747
 1 479.7979797979798
 16 484.8484848484848
 22 489.8989898989898
 55 494.9494949494949
 0 500


