# Created by Octave 3.8.2, Mon Jun 22 18:54:35 2020 CEST <damian@fptrucha.inv.usc.es>
# name: hd
# type: matrix
# rows: 100
# columns: 2
 1 0
 1 5.05050505050505
 1 10.1010101010101
 312 15.15151515151515
 1 20.2020202020202
 0 25.25252525252525
 176 30.3030303030303
 520 35.35353535353535
 656 40.4040404040404
 335 45.45454545454545
 109 50.50505050505051
 65 55.55555555555555
 2 60.6060606060606
 278 65.65656565656565
 222 70.7070707070707
 581 75.75757575757575
 2 80.8080808080808
 2 85.85858585858585
 57 90.90909090909091
 5 95.95959595959596
 3 101.010101010101
 198 106.060606060606
 192 111.1111111111111
 406 116.1616161616162
 239 121.2121212121212
 83 126.2626262626263
 0 131.3131313131313
 4 136.3636363636363
 57 141.4141414141414
 97 146.4646464646464
 453 151.5151515151515
 251 156.5656565656566
 5 161.6161616161616
 2 166.6666666666667
 80 171.7171717171717
 27 176.7676767676768
 1 181.8181818181818
 1 186.8686868686869
 189 191.9191919191919
 245 196.969696969697
 45 202.020202020202
 100 207.070707070707
 176 212.1212121212121
 61 217.1717171717171
 99 222.2222222222222
 241 227.2727272727273
 151 232.3232323232323
 2 237.3737373737374
 21 242.4242424242424
 136 247.4747474747475
 16 252.5252525252525
 92 257.5757575757576
 112 262.6262626262626
 34 267.6767676767677
 280 272.7272727272727
 138 277.7777777777778
 461 282.8282828282828
 218 287.8787878787879
 0 292.9292929292929
 2 297.979797979798
 1 303.030303030303
 199 308.0808080808081
 32 313.1313131313131
 48 318.1818181818182
 35 323.2323232323232
 33 328.2828282828282
 189 333.3333333333333
 62 338.3838383838383
 26 343.4343434343434
 192 348.4848484848484
 94 353.5353535353535
 28 358.5858585858585
 0 363.6363636363636
 51 368.6868686868686
 36 373.7373737373737
 35 378.7878787878788
 0 383.8383838383838
 0 388.8888888888889
 333 393.9393939393939
 59 398.989898989899
 70 404.040404040404
 192 409.0909090909091
 137 414.1414141414141
 588 419.1919191919192
 18 424.2424242424242
 221 429.2929292929293
 172 434.3434343434343
 3 439.3939393939394
 68 444.4444444444444
 82 449.4949494949495
 66 454.5454545454545
 1 459.5959595959596
 2 464.6464646464646
 1 469.6969696969697
 0 474.7474747474747
 2 479.7979797979798
 29 484.8484848484848
 16 489.8989898989898
 93 494.9494949494949
 0 500


