# Created by Octave 3.8.2, Tue Jun 23 00:13:33 2020 CEST <damian@fptrucha.inv.usc.es>
# name: hd
# type: matrix
# rows: 100
# columns: 2
 3 0
 5 5.05050505050505
 0 10.1010101010101
 298 15.15151515151515
 4 20.2020202020202
 1 25.25252525252525
 164 30.3030303030303
 526 35.35353535353535
 581 40.4040404040404
 322 45.45454545454545
 145 50.50505050505051
 79 55.55555555555555
 1 60.6060606060606
 277 65.65656565656565
 205 70.7070707070707
 537 75.75757575757575
 3 80.8080808080808
 1 85.85858585858585
 61 90.90909090909091
 7 95.95959595959596
 1 101.010101010101
 185 106.060606060606
 180 111.1111111111111
 415 116.1616161616162
 227 121.2121212121212
 97 126.2626262626263
 1 131.3131313131313
 1 136.3636363636363
 93 141.4141414141414
 135 146.4646464646464
 474 151.5151515151515
 262 156.5656565656566
 0 161.6161616161616
 0 166.6666666666667
 79 171.7171717171717
 33 176.7676767676768
 1 181.8181818181818
 0 186.8686868686869
 197 191.9191919191919
 249 196.969696969697
 40 202.020202020202
 102 207.070707070707
 189 212.1212121212121
 70 217.1717171717171
 101 222.2222222222222
 255 227.2727272727273
 142 232.3232323232323
 0 237.3737373737374
 23 242.4242424242424
 138 247.4747474747475
 25 252.5252525252525
 148 257.5757575757576
 134 262.6262626262626
 47 267.6767676767677
 280 272.7272727272727
 134 277.7777777777778
 473 282.8282828282828
 199 287.8787878787879
 1 292.9292929292929
 2 297.979797979798
 1 303.030303030303
 230 308.0808080808081
 24 313.1313131313131
 44 318.1818181818182
 32 323.2323232323232
 38 328.2828282828282
 163 333.3333333333333
 77 338.3838383838383
 20 343.4343434343434
 210 348.4848484848484
 116 353.5353535353535
 27 358.5858585858585
 1 363.6363636363636
 54 368.6868686868686
 34 373.7373737373737
 32 378.7878787878788
 2 383.8383838383838
 1 388.8888888888889
 318 393.9393939393939
 68 398.989898989899
 58 404.040404040404
 167 409.0909090909091
 145 414.1414141414141
 610 419.1919191919192
 16 424.2424242424242
 262 429.2929292929293
 173 434.3434343434343
 0 439.3939393939394
 68 444.4444444444444
 80 449.4949494949495
 60 454.5454545454545
 1 459.5959595959596
 2 464.6464646464646
 2 469.6969696969697
 2 474.7474747474747
 1 479.7979797979798
 28 484.8484848484848
 19 489.8989898989898
 71 494.9494949494949
 0 500


