# Created by Octave 3.8.2, Sun Jun 21 06:58:43 2020 CEST <damian@fptrucha.inv.usc.es>
# name: hd
# type: matrix
# rows: 100
# columns: 2
 2 0
 2 5.05050505050505
 4 10.1010101010101
 268 15.15151515151515
 1 20.2020202020202
 1 25.25252525252525
 136 30.3030303030303
 513 35.35353535353535
 573 40.4040404040404
 297 45.45454545454545
 105 50.50505050505051
 63 55.55555555555555
 2 60.6060606060606
 269 65.65656565656565
 196 70.7070707070707
 550 75.75757575757575
 1 80.8080808080808
 0 85.85858585858585
 66 90.90909090909091
 0 95.95959595959596
 4 101.010101010101
 186 106.060606060606
 174 111.1111111111111
 382 116.1616161616162
 198 121.2121212121212
 99 126.2626262626263
 0 131.3131313131313
 1 136.3636363636363
 61 141.4141414141414
 71 146.4646464646464
 431 151.5151515151515
 225 156.5656565656566
 1 161.6161616161616
 0 166.6666666666667
 63 171.7171717171717
 32 176.7676767676768
 0 181.8181818181818
 0 186.8686868686869
 186 191.9191919191919
 258 196.969696969697
 44 202.020202020202
 90 207.070707070707
 221 212.1212121212121
 65 217.1717171717171
 94 222.2222222222222
 190 227.2727272727273
 148 232.3232323232323
 0 237.3737373737374
 31 242.4242424242424
 138 247.4747474747475
 17 252.5252525252525
 112 257.5757575757576
 134 262.6262626262626
 35 267.6767676767677
 277 272.7272727272727
 134 277.7777777777778
 488 282.8282828282828
 195 287.8787878787879
 1 292.9292929292929
 1 297.979797979798
 1 303.030303030303
 191 308.0808080808081
 24 313.1313131313131
 51 318.1818181818182
 30 323.2323232323232
 35 328.2828282828282
 176 333.3333333333333
 52 338.3838383838383
 22 343.4343434343434
 167 348.4848484848484
 107 353.5353535353535
 19 358.5858585858585
 3 363.6363636363636
 27 368.6868686868686
 38 373.7373737373737
 35 378.7878787878788
 1 383.8383838383838
 0 388.8888888888889
 293 393.9393939393939
 65 398.989898989899
 60 404.040404040404
 171 409.0909090909091
 140 414.1414141414141
 555 419.1919191919192
 13 424.2424242424242
 230 429.2929292929293
 151 434.3434343434343
 2 439.3939393939394
 43 444.4444444444444
 66 449.4949494949495
 66 454.5454545454545
 0 459.5959595959596
 1 464.6464646464646
 0 469.6969696969697
 2 474.7474747474747
 1 479.7979797979798
 20 484.8484848484848
 19 489.8989898989898
 69 494.9494949494949
 0 500


