# Created by Octave 3.8.2, Sat Jun 20 20:30:21 2020 CEST <damian@fptrucha.inv.usc.es>
# name: hd
# type: matrix
# rows: 100
# columns: 2
 0 0
 8 5.05050505050505
 0 10.1010101010101
 302 15.15151515151515
 3 20.2020202020202
 0 25.25252525252525
 136 30.3030303030303
 494 35.35353535353535
 571 40.4040404040404
 314 45.45454545454545
 115 50.50505050505051
 64 55.55555555555555
 2 60.6060606060606
 249 65.65656565656565
 213 70.7070707070707
 550 75.75757575757575
 2 80.8080808080808
 1 85.85858585858585
 46 90.90909090909091
 2 95.95959595959596
 2 101.010101010101
 193 106.060606060606
 187 111.1111111111111
 387 116.1616161616162
 211 121.2121212121212
 95 126.2626262626263
 1 131.3131313131313
 0 136.3636363636363
 69 141.4141414141414
 91 146.4646464646464
 444 151.5151515151515
 263 156.5656565656566
 1 161.6161616161616
 0 166.6666666666667
 67 171.7171717171717
 42 176.7676767676768
 2 181.8181818181818
 0 186.8686868686869
 158 191.9191919191919
 267 196.969696969697
 40 202.020202020202
 96 207.070707070707
 201 212.1212121212121
 63 217.1717171717171
 87 222.2222222222222
 228 227.2727272727273
 137 232.3232323232323
 0 237.3737373737374
 16 242.4242424242424
 130 247.4747474747475
 19 252.5252525252525
 126 257.5757575757576
 147 262.6262626262626
 39 267.6767676767677
 232 272.7272727272727
 157 277.7777777777778
 403 282.8282828282828
 219 287.8787878787879
 1 292.9292929292929
 1 297.979797979798
 1 303.030303030303
 202 308.0808080808081
 24 313.1313131313131
 32 318.1818181818182
 37 323.2323232323232
 32 328.2828282828282
 193 333.3333333333333
 60 338.3838383838383
 11 343.4343434343434
 174 348.4848484848484
 104 353.5353535353535
 33 358.5858585858585
 0 363.6363636363636
 48 368.6868686868686
 39 373.7373737373737
 35 378.7878787878788
 1 383.8383838383838
 0 388.8888888888889
 309 393.9393939393939
 50 398.989898989899
 50 404.040404040404
 168 409.0909090909091
 152 414.1414141414141
 562 419.1919191919192
 14 424.2424242424242
 237 429.2929292929293
 184 434.3434343434343
 2 439.3939393939394
 54 444.4444444444444
 85 449.4949494949495
 52 454.5454545454545
 0 459.5959595959596
 0 464.6464646464646
 0 469.6969696969697
 0 474.7474747474747
 1 479.7979797979798
 18 484.8484848484848
 16 489.8989898989898
 71 494.9494949494949
 0 500


