# Created by Octave 3.8.2, Mon Jun 22 04:15:16 2020 CEST <damian@fptrucha.inv.usc.es>
# name: hd
# type: matrix
# rows: 100
# columns: 2
 4 0
 2 5.05050505050505
 5 10.1010101010101
 252 15.15151515151515
 4 20.2020202020202
 1 25.25252525252525
 141 30.3030303030303
 424 35.35353535353535
 547 40.4040404040404
 315 45.45454545454545
 123 50.50505050505051
 64 55.55555555555555
 2 60.6060606060606
 264 65.65656565656565
 183 70.7070707070707
 470 75.75757575757575
 2 80.8080808080808
 1 85.85858585858585
 61 90.90909090909091
 6 95.95959595959596
 0 101.010101010101
 180 106.060606060606
 143 111.1111111111111
 360 116.1616161616162
 182 121.2121212121212
 75 126.2626262626263
 0 131.3131313131313
 2 136.3636363636363
 62 141.4141414141414
 100 146.4646464646464
 382 151.5151515151515
 243 156.5656565656566
 2 161.6161616161616
 1 166.6666666666667
 67 171.7171717171717
 31 176.7676767676768
 2 181.8181818181818
 2 186.8686868686869
 159 191.9191919191919
 234 196.969696969697
 59 202.020202020202
 68 207.070707070707
 166 212.1212121212121
 62 217.1717171717171
 84 222.2222222222222
 206 227.2727272727273
 120 232.3232323232323
 1 237.3737373737374
 29 242.4242424242424
 121 247.4747474747475
 28 252.5252525252525
 100 257.5757575757576
 108 262.6262626262626
 56 267.6767676767677
 242 272.7272727272727
 121 277.7777777777778
 414 282.8282828282828
 189 287.8787878787879
 1 292.9292929292929
 1 297.979797979798
 5 303.030303030303
 207 308.0808080808081
 30 313.1313131313131
 28 318.1818181818182
 32 323.2323232323232
 38 328.2828282828282
 156 333.3333333333333
 67 338.3838383838383
 20 343.4343434343434
 164 348.4848484848484
 91 353.5353535353535
 37 358.5858585858585
 1 363.6363636363636
 42 368.6868686868686
 44 373.7373737373737
 31 378.7878787878788
 5 383.8383838383838
 0 388.8888888888889
 273 393.9393939393939
 66 398.989898989899
 62 404.040404040404
 154 409.0909090909091
 136 414.1414141414141
 505 419.1919191919192
 22 424.2424242424242
 190 429.2929292929293
 146 434.3434343434343
 2 439.3939393939394
 49 444.4444444444444
 68 449.4949494949495
 59 454.5454545454545
 1 459.5959595959596
 4 464.6464646464646
 1 469.6969696969697
 1 474.7474747474747
 0 479.7979797979798
 20 484.8484848484848
 25 489.8989898989898
 70 494.9494949494949
 0 500


