# Created by Octave 3.8.2, Mon Jun 22 14:33:12 2020 CEST <damian@fptrucha.inv.usc.es>
# name: hd
# type: matrix
# rows: 100
# columns: 2
 1 0
 6 5.05050505050505
 1 10.1010101010101
 301 15.15151515151515
 3 20.2020202020202
 0 25.25252525252525
 156 30.3030303030303
 548 35.35353535353535
 630 40.4040404040404
 317 45.45454545454545
 133 50.50505050505051
 56 55.55555555555555
 1 60.6060606060606
 286 65.65656565656565
 232 70.7070707070707
 557 75.75757575757575
 4 80.8080808080808
 1 85.85858585858585
 63 90.90909090909091
 3 95.95959595959596
 3 101.010101010101
 200 106.060606060606
 182 111.1111111111111
 420 116.1616161616162
 201 121.2121212121212
 83 126.2626262626263
 1 131.3131313131313
 3 136.3636363636363
 74 141.4141414141414
 95 146.4646464646464
 441 151.5151515151515
 218 156.5656565656566
 2 161.6161616161616
 2 166.6666666666667
 68 171.7171717171717
 29 176.7676767676768
 2 181.8181818181818
 3 186.8686868686869
 211 191.9191919191919
 274 196.969696969697
 51 202.020202020202
 98 207.070707070707
 188 212.1212121212121
 65 217.1717171717171
 89 222.2222222222222
 245 227.2727272727273
 131 232.3232323232323
 1 237.3737373737374
 32 242.4242424242424
 132 247.4747474747475
 27 252.5252525252525
 120 257.5757575757576
 135 262.6262626262626
 33 267.6767676767677
 275 272.7272727272727
 152 277.7777777777778
 431 282.8282828282828
 216 287.8787878787879
 4 292.9292929292929
 0 297.979797979798
 1 303.030303030303
 222 308.0808080808081
 26 313.1313131313131
 49 318.1818181818182
 29 323.2323232323232
 32 328.2828282828282
 178 333.3333333333333
 67 338.3838383838383
 25 343.4343434343434
 179 348.4848484848484
 102 353.5353535353535
 29 358.5858585858585
 3 363.6363636363636
 44 368.6868686868686
 40 373.7373737373737
 52 378.7878787878788
 3 383.8383838383838
 1 388.8888888888889
 321 393.9393939393939
 57 398.989898989899
 58 404.040404040404
 172 409.0909090909091
 162 414.1414141414141
 559 419.1919191919192
 25 424.2424242424242
 220 429.2929292929293
 150 434.3434343434343
 5 439.3939393939394
 53 444.4444444444444
 76 449.4949494949495
 48 454.5454545454545
 1 459.5959595959596
 0 464.6464646464646
 1 469.6969696969697
 1 474.7474747474747
 2 479.7979797979798
 17 484.8484848484848
 26 489.8989898989898
 71 494.9494949494949
 0 500


