# Created by Octave 3.8.2, Sun Jun 21 04:12:19 2020 CEST <damian@fptrucha.inv.usc.es>
# name: hd
# type: matrix
# rows: 100
# columns: 2
 1 0
 3 5.05050505050505
 0 10.1010101010101
 254 15.15151515151515
 3 20.2020202020202
 1 25.25252525252525
 134 30.3030303030303
 510 35.35353535353535
 551 40.4040404040404
 301 45.45454545454545
 143 50.50505050505051
 71 55.55555555555555
 2 60.6060606060606
 245 65.65656565656565
 190 70.7070707070707
 559 75.75757575757575
 1 80.8080808080808
 2 85.85858585858585
 52 90.90909090909091
 2 95.95959595959596
 2 101.010101010101
 190 106.060606060606
 163 111.1111111111111
 372 116.1616161616162
 170 121.2121212121212
 81 126.2626262626263
 1 131.3131313131313
 4 136.3636363636363
 61 141.4141414141414
 85 146.4646464646464
 429 151.5151515151515
 262 156.5656565656566
 1 161.6161616161616
 0 166.6666666666667
 67 171.7171717171717
 35 176.7676767676768
 0 181.8181818181818
 2 186.8686868686869
 172 191.9191919191919
 250 196.969696969697
 48 202.020202020202
 93 207.070707070707
 193 212.1212121212121
 54 217.1717171717171
 112 222.2222222222222
 232 227.2727272727273
 115 232.3232323232323
 0 237.3737373737374
 16 242.4242424242424
 159 247.4747474747475
 22 252.5252525252525
 121 257.5757575757576
 139 262.6262626262626
 45 267.6767676767677
 267 272.7272727272727
 138 277.7777777777778
 434 282.8282828282828
 182 287.8787878787879
 2 292.9292929292929
 1 297.979797979798
 0 303.030303030303
 191 308.0808080808081
 25 313.1313131313131
 40 318.1818181818182
 28 323.2323232323232
 40 328.2828282828282
 158 333.3333333333333
 62 338.3838383838383
 10 343.4343434343434
 210 348.4848484848484
 105 353.5353535353535
 23 358.5858585858585
 1 363.6363636363636
 46 368.6868686868686
 42 373.7373737373737
 35 378.7878787878788
 2 383.8383838383838
 2 388.8888888888889
 305 393.9393939393939
 52 398.989898989899
 54 404.040404040404
 165 409.0909090909091
 145 414.1414141414141
 561 419.1919191919192
 20 424.2424242424242
 239 429.2929292929293
 156 434.3434343434343
 6 439.3939393939394
 49 444.4444444444444
 68 449.4949494949495
 44 454.5454545454545
 1 459.5959595959596
 0 464.6464646464646
 0 469.6969696969697
 1 474.7474747474747
 2 479.7979797979798
 18 484.8484848484848
 16 489.8989898989898
 66 494.9494949494949
 0 500


