# Created by Octave 3.8.2, Sat Jun 20 13:56:20 2020 CEST <damian@fptrucha.inv.usc.es>
# name: hd
# type: matrix
# rows: 100
# columns: 2
 1 0
 5 5.05050505050505
 1 10.1010101010101
 262 15.15151515151515
 0 20.2020202020202
 0 25.25252525252525
 141 30.3030303030303
 563 35.35353535353535
 620 40.4040404040404
 298 45.45454545454545
 131 50.50505050505051
 83 55.55555555555555
 1 60.6060606060606
 286 65.65656565656565
 223 70.7070707070707
 591 75.75757575757575
 0 80.8080808080808
 0 85.85858585858585
 72 90.90909090909091
 3 95.95959595959596
 2 101.010101010101
 202 106.060606060606
 201 111.1111111111111
 397 116.1616161616162
 192 121.2121212121212
 101 126.2626262626263
 0 131.3131313131313
 1 136.3636363636363
 74 141.4141414141414
 81 146.4646464646464
 446 151.5151515151515
 287 156.5656565656566
 3 161.6161616161616
 0 166.6666666666667
 68 171.7171717171717
 25 176.7676767676768
 0 181.8181818181818
 1 186.8686868686869
 222 191.9191919191919
 294 196.969696969697
 39 202.020202020202
 71 207.070707070707
 220 212.1212121212121
 72 217.1717171717171
 92 222.2222222222222
 237 227.2727272727273
 150 232.3232323232323
 0 237.3737373737374
 33 242.4242424242424
 143 247.4747474747475
 26 252.5252525252525
 123 257.5757575757576
 167 262.6262626262626
 30 267.6767676767677
 255 272.7272727272727
 142 277.7777777777778
 504 282.8282828282828
 213 287.8787878787879
 0 292.9292929292929
 0 297.979797979798
 0 303.030303030303
 228 308.0808080808081
 18 313.1313131313131
 51 318.1818181818182
 32 323.2323232323232
 50 328.2828282828282
 165 333.3333333333333
 66 338.3838383838383
 23 343.4343434343434
 193 348.4848484848484
 106 353.5353535353535
 36 358.5858585858585
 0 363.6363636363636
 53 368.6868686868686
 24 373.7373737373737
 36 378.7878787878788
 1 383.8383838383838
 2 388.8888888888889
 312 393.9393939393939
 66 398.989898989899
 77 404.040404040404
 176 409.0909090909091
 168 414.1414141414141
 581 419.1919191919192
 26 424.2424242424242
 223 429.2929292929293
 202 434.3434343434343
 3 439.3939393939394
 57 444.4444444444444
 81 449.4949494949495
 61 454.5454545454545
 0 459.5959595959596
 2 464.6464646464646
 1 469.6969696969697
 2 474.7474747474747
 1 479.7979797979798
 14 484.8484848484848
 17 489.8989898989898
 79 494.9494949494949
 0 500


