# Created by Octave 3.8.2, Sat Jun 20 11:58:28 2020 CEST <damian@fptrucha.inv.usc.es>
# name: hd
# type: matrix
# rows: 100
# columns: 2
 0 0
 4 5.05050505050505
 0 10.1010101010101
 298 15.15151515151515
 2 20.2020202020202
 0 25.25252525252525
 169 30.3030303030303
 545 35.35353535353535
 664 40.4040404040404
 306 45.45454545454545
 135 50.50505050505051
 70 55.55555555555555
 1 60.6060606060606
 306 65.65656565656565
 239 70.7070707070707
 613 75.75757575757575
 0 80.8080808080808
 1 85.85858585858585
 73 90.90909090909091
 5 95.95959595959596
 2 101.010101010101
 208 106.060606060606
 188 111.1111111111111
 447 116.1616161616162
 216 121.2121212121212
 114 126.2626262626263
 1 131.3131313131313
 2 136.3636363636363
 69 141.4141414141414
 95 146.4646464646464
 449 151.5151515151515
 264 156.5656565656566
 4 161.6161616161616
 0 166.6666666666667
 82 171.7171717171717
 43 176.7676767676768
 0 181.8181818181818
 0 186.8686868686869
 200 191.9191919191919
 320 196.969696969697
 42 202.020202020202
 77 207.070707070707
 207 212.1212121212121
 78 217.1717171717171
 117 222.2222222222222
 226 227.2727272727273
 164 232.3232323232323
 0 237.3737373737374
 33 242.4242424242424
 141 247.4747474747475
 17 252.5252525252525
 131 257.5757575757576
 169 262.6262626262626
 35 267.6767676767677
 280 272.7272727272727
 150 277.7777777777778
 485 282.8282828282828
 226 287.8787878787879
 2 292.9292929292929
 0 297.979797979798
 0 303.030303030303
 230 308.0808080808081
 23 313.1313131313131
 35 318.1818181818182
 31 323.2323232323232
 46 328.2828282828282
 161 333.3333333333333
 86 338.3838383838383
 15 343.4343434343434
 229 348.4848484848484
 103 353.5353535353535
 39 358.5858585858585
 1 363.6363636363636
 54 368.6868686868686
 35 373.7373737373737
 35 378.7878787878788
 1 383.8383838383838
 1 388.8888888888889
 335 393.9393939393939
 53 398.989898989899
 71 404.040404040404
 182 409.0909090909091
 149 414.1414141414141
 612 419.1919191919192
 23 424.2424242424242
 260 429.2929292929293
 185 434.3434343434343
 1 439.3939393939394
 64 444.4444444444444
 104 449.4949494949495
 69 454.5454545454545
 0 459.5959595959596
 1 464.6464646464646
 0 469.6969696969697
 2 474.7474747474747
 0 479.7979797979798
 16 484.8484848484848
 23 489.8989898989898
 80 494.9494949494949
 0 500


