# Created by Octave 3.8.2, Sat Jun 20 10:41:45 2020 CEST <damian@fptrucha.inv.usc.es>
# name: hd
# type: matrix
# rows: 100
# columns: 2
 2 0
 2 5.05050505050505
 4 10.1010101010101
 335 15.15151515151515
 1 20.2020202020202
 2 25.25252525252525
 128 30.3030303030303
 577 35.35353535353535
 707 40.4040404040404
 334 45.45454545454545
 137 50.50505050505051
 84 55.55555555555555
 0 60.6060606060606
 314 65.65656565656565
 221 70.7070707070707
 702 75.75757575757575
 2 80.8080808080808
 1 85.85858585858585
 74 90.90909090909091
 7 95.95959595959596
 2 101.010101010101
 188 106.060606060606
 192 111.1111111111111
 446 116.1616161616162
 230 121.2121212121212
 98 126.2626262626263
 2 131.3131313131313
 2 136.3636363636363
 90 141.4141414141414
 132 146.4646464646464
 513 151.5151515151515
 279 156.5656565656566
 4 161.6161616161616
 0 166.6666666666667
 89 171.7171717171717
 45 176.7676767676768
 0 181.8181818181818
 1 186.8686868686869
 198 191.9191919191919
 258 196.969696969697
 64 202.020202020202
 96 207.070707070707
 192 212.1212121212121
 76 217.1717171717171
 130 222.2222222222222
 238 227.2727272727273
 127 232.3232323232323
 1 237.3737373737374
 16 242.4242424242424
 163 247.4747474747475
 15 252.5252525252525
 127 257.5757575757576
 155 262.6262626262626
 48 267.6767676767677
 280 272.7272727272727
 162 277.7777777777778
 467 282.8282828282828
 202 287.8787878787879
 1 292.9292929292929
 1 297.979797979798
 0 303.030303030303
 252 308.0808080808081
 32 313.1313131313131
 50 318.1818181818182
 32 323.2323232323232
 41 328.2828282828282
 220 333.3333333333333
 70 338.3838383838383
 20 343.4343434343434
 199 348.4848484848484
 92 353.5353535353535
 24 358.5858585858585
 1 363.6363636363636
 50 368.6868686868686
 47 373.7373737373737
 41 378.7878787878788
 2 383.8383838383838
 1 388.8888888888889
 383 393.9393939393939
 65 398.989898989899
 68 404.040404040404
 180 409.0909090909091
 158 414.1414141414141
 636 419.1919191919192
 30 424.2424242424242
 255 429.2929292929293
 207 434.3434343434343
 4 439.3939393939394
 57 444.4444444444444
 87 449.4949494949495
 48 454.5454545454545
 1 459.5959595959596
 2 464.6464646464646
 0 469.6969696969697
 0 474.7474747474747
 0 479.7979797979798
 26 484.8484848484848
 29 489.8989898989898
 77 494.9494949494949
 0 500


