# Created by Octave 3.8.2, Sat Jun 20 04:53:12 2020 CEST <damian@fptrucha.inv.usc.es>
# name: hd
# type: matrix
# rows: 100
# columns: 2
 1 0
 1 5.05050505050505
 0 10.1010101010101
 315 15.15151515151515
 2 20.2020202020202
 1 25.25252525252525
 151 30.3030303030303
 558 35.35353535353535
 645 40.4040404040404
 310 45.45454545454545
 153 50.50505050505051
 67 55.55555555555555
 1 60.6060606060606
 311 65.65656565656565
 199 70.7070707070707
 663 75.75757575757575
 2 80.8080808080808
 0 85.85858585858585
 66 90.90909090909091
 4 95.95959595959596
 0 101.010101010101
 197 106.060606060606
 197 111.1111111111111
 426 116.1616161616162
 233 121.2121212121212
 104 126.2626262626263
 0 131.3131313131313
 0 136.3636363636363
 82 141.4141414141414
 87 146.4646464646464
 484 151.5151515151515
 295 156.5656565656566
 0 161.6161616161616
 1 166.6666666666667
 65 171.7171717171717
 34 176.7676767676768
 0 181.8181818181818
 1 186.8686868686869
 192 191.9191919191919
 249 196.969696969697
 51 202.020202020202
 102 207.070707070707
 200 212.1212121212121
 74 217.1717171717171
 140 222.2222222222222
 216 227.2727272727273
 152 232.3232323232323
 1 237.3737373737374
 22 242.4242424242424
 136 247.4747474747475
 19 252.5252525252525
 143 257.5757575757576
 143 262.6262626262626
 38 267.6767676767677
 286 272.7272727272727
 189 277.7777777777778
 497 282.8282828282828
 207 287.8787878787879
 1 292.9292929292929
 1 297.979797979798
 0 303.030303030303
 219 308.0808080808081
 23 313.1313131313131
 49 318.1818181818182
 31 323.2323232323232
 48 328.2828282828282
 187 333.3333333333333
 77 338.3838383838383
 19 343.4343434343434
 193 348.4848484848484
 111 353.5353535353535
 38 358.5858585858585
 3 363.6363636363636
 48 368.6868686868686
 45 373.7373737373737
 39 378.7878787878788
 0 383.8383838383838
 0 388.8888888888889
 319 393.9393939393939
 63 398.989898989899
 66 404.040404040404
 192 409.0909090909091
 154 414.1414141414141
 595 419.1919191919192
 21 424.2424242424242
 255 429.2929292929293
 176 434.3434343434343
 6 439.3939393939394
 53 444.4444444444444
 71 449.4949494949495
 66 454.5454545454545
 1 459.5959595959596
 1 464.6464646464646
 1 469.6969696969697
 2 474.7474747474747
 1 479.7979797979798
 16 484.8484848484848
 32 489.8989898989898
 83 494.9494949494949
 0 500


