# Created by Octave 3.8.2, Sat Jun 20 03:32:05 2020 CEST <damian@fptrucha.inv.usc.es>
# name: hd
# type: matrix
# rows: 100
# columns: 2
 2 0
 6 5.05050505050505
 1 10.1010101010101
 278 15.15151515151515
 1 20.2020202020202
 1 25.25252525252525
 165 30.3030303030303
 563 35.35353535353535
 670 40.4040404040404
 320 45.45454545454545
 151 50.50505050505051
 73 55.55555555555555
 0 60.6060606060606
 292 65.65656565656565
 214 70.7070707070707
 634 75.75757575757575
 0 80.8080808080808
 0 85.85858585858585
 54 90.90909090909091
 1 95.95959595959596
 1 101.010101010101
 197 106.060606060606
 183 111.1111111111111
 433 116.1616161616162
 200 121.2121212121212
 97 126.2626262626263
 0 131.3131313131313
 2 136.3636363636363
 74 141.4141414141414
 84 146.4646464646464
 477 151.5151515151515
 291 156.5656565656566
 4 161.6161616161616
 2 166.6666666666667
 66 171.7171717171717
 29 176.7676767676768
 0 181.8181818181818
 2 186.8686868686869
 193 191.9191919191919
 261 196.969696969697
 46 202.020202020202
 82 207.070707070707
 171 212.1212121212121
 78 217.1717171717171
 125 222.2222222222222
 220 227.2727272727273
 139 232.3232323232323
 0 237.3737373737374
 29 242.4242424242424
 131 247.4747474747475
 27 252.5252525252525
 141 257.5757575757576
 163 262.6262626262626
 51 267.6767676767677
 265 272.7272727272727
 147 277.7777777777778
 523 282.8282828282828
 204 287.8787878787879
 1 292.9292929292929
 1 297.979797979798
 0 303.030303030303
 209 308.0808080808081
 20 313.1313131313131
 50 318.1818181818182
 26 323.2323232323232
 33 328.2828282828282
 187 333.3333333333333
 97 338.3838383838383
 15 343.4343434343434
 201 348.4848484848484
 112 353.5353535353535
 31 358.5858585858585
 2 363.6363636363636
 45 368.6868686868686
 38 373.7373737373737
 35 378.7878787878788
 1 383.8383838383838
 1 388.8888888888889
 349 393.9393939393939
 54 398.989898989899
 66 404.040404040404
 212 409.0909090909091
 162 414.1414141414141
 629 419.1919191919192
 17 424.2424242424242
 240 429.2929292929293
 213 434.3434343434343
 5 439.3939393939394
 58 444.4444444444444
 81 449.4949494949495
 49 454.5454545454545
 0 459.5959595959596
 1 464.6464646464646
 2 469.6969696969697
 0 474.7474747474747
 3 479.7979797979798
 18 484.8484848484848
 20 489.8989898989898
 71 494.9494949494949
 0 500


