# Created by Octave 3.8.2, Mon Jun 22 20:04:17 2020 CEST <damian@fptrucha.inv.usc.es>
# name: hd
# type: matrix
# rows: 100
# columns: 2
 2 0
 2 5.05050505050505
 4 10.1010101010101
 316 15.15151515151515
 3 20.2020202020202
 2 25.25252525252525
 159 30.3030303030303
 593 35.35353535353535
 682 40.4040404040404
 350 45.45454545454545
 115 50.50505050505051
 78 55.55555555555555
 0 60.6060606060606
 286 65.65656565656565
 209 70.7070707070707
 594 75.75757575757575
 2 80.8080808080808
 0 85.85858585858585
 64 90.90909090909091
 6 95.95959595959596
 2 101.010101010101
 198 106.060606060606
 183 111.1111111111111
 409 116.1616161616162
 219 121.2121212121212
 95 126.2626262626263
 0 131.3131313131313
 1 136.3636363636363
 74 141.4141414141414
 102 146.4646464646464
 450 151.5151515151515
 275 156.5656565656566
 3 161.6161616161616
 1 166.6666666666667
 71 171.7171717171717
 37 176.7676767676768
 1 181.8181818181818
 0 186.8686868686869
 211 191.9191919191919
 281 196.969696969697
 59 202.020202020202
 105 207.070707070707
 175 212.1212121212121
 75 217.1717171717171
 105 222.2222222222222
 279 227.2727272727273
 144 232.3232323232323
 0 237.3737373737374
 22 242.4242424242424
 161 247.4747474747475
 24 252.5252525252525
 100 257.5757575757576
 130 262.6262626262626
 42 267.6767676767677
 261 272.7272727272727
 127 277.7777777777778
 464 282.8282828282828
 219 287.8787878787879
 4 292.9292929292929
 0 297.979797979798
 0 303.030303030303
 225 308.0808080808081
 23 313.1313131313131
 54 318.1818181818182
 42 323.2323232323232
 30 328.2828282828282
 198 333.3333333333333
 69 338.3838383838383
 19 343.4343434343434
 201 348.4848484848484
 87 353.5353535353535
 35 358.5858585858585
 5 363.6363636363636
 44 368.6868686868686
 50 373.7373737373737
 33 378.7878787878788
 0 383.8383838383838
 0 388.8888888888889
 333 393.9393939393939
 61 398.989898989899
 49 404.040404040404
 194 409.0909090909091
 172 414.1414141414141
 547 419.1919191919192
 15 424.2424242424242
 259 429.2929292929293
 201 434.3434343434343
 6 439.3939393939394
 54 444.4444444444444
 84 449.4949494949495
 82 454.5454545454545
 1 459.5959595959596
 1 464.6464646464646
 0 469.6969696969697
 3 474.7474747474747
 2 479.7979797979798
 23 484.8484848484848
 20 489.8989898989898
 78 494.9494949494949
 0 500


