# Created by Octave 3.8.2, Mon Jun 22 18:04:11 2020 CEST <damian@fptrucha.inv.usc.es>
# name: hd
# type: matrix
# rows: 100
# columns: 2
 2 0
 1 5.05050505050505
 2 10.1010101010101
 283 15.15151515151515
 3 20.2020202020202
 0 25.25252525252525
 148 30.3030303030303
 539 35.35353535353535
 599 40.4040404040404
 319 45.45454545454545
 127 50.50505050505051
 59 55.55555555555555
 4 60.6060606060606
 290 65.65656565656565
 202 70.7070707070707
 574 75.75757575757575
 0 80.8080808080808
 1 85.85858585858585
 70 90.90909090909091
 3 95.95959595959596
 0 101.010101010101
 184 106.060606060606
 179 111.1111111111111
 442 116.1616161616162
 219 121.2121212121212
 74 126.2626262626263
 0 131.3131313131313
 0 136.3636363636363
 76 141.4141414141414
 88 146.4646464646464
 440 151.5151515151515
 297 156.5656565656566
 3 161.6161616161616
 1 166.6666666666667
 94 171.7171717171717
 35 176.7676767676768
 0 181.8181818181818
 0 186.8686868686869
 195 191.9191919191919
 265 196.969696969697
 48 202.020202020202
 105 207.070707070707
 192 212.1212121212121
 63 217.1717171717171
 107 222.2222222222222
 241 227.2727272727273
 148 232.3232323232323
 0 237.3737373737374
 24 242.4242424242424
 135 247.4747474747475
 24 252.5252525252525
 123 257.5757575757576
 138 262.6262626262626
 37 267.6767676767677
 288 272.7272727272727
 173 277.7777777777778
 433 282.8282828282828
 217 287.8787878787879
 1 292.9292929292929
 2 297.979797979798
 0 303.030303030303
 204 308.0808080808081
 29 313.1313131313131
 41 318.1818181818182
 29 323.2323232323232
 32 328.2828282828282
 165 333.3333333333333
 46 338.3838383838383
 27 343.4343434343434
 193 348.4848484848484
 102 353.5353535353535
 27 358.5858585858585
 1 363.6363636363636
 34 368.6868686868686
 35 373.7373737373737
 33 378.7878787878788
 3 383.8383838383838
 0 388.8888888888889
 324 393.9393939393939
 50 398.989898989899
 76 404.040404040404
 166 409.0909090909091
 130 414.1414141414141
 572 419.1919191919192
 19 424.2424242424242
 233 429.2929292929293
 198 434.3434343434343
 1 439.3939393939394
 57 444.4444444444444
 78 449.4949494949495
 57 454.5454545454545
 1 459.5959595959596
 1 464.6464646464646
 3 469.6969696969697
 0 474.7474747474747
 1 479.7979797979798
 20 484.8484848484848
 21 489.8989898989898
 86 494.9494949494949
 0 500


