# Created by Octave 3.8.2, Mon Jun 22 06:08:54 2020 CEST <damian@fptrucha.inv.usc.es>
# name: hd
# type: matrix
# rows: 100
# columns: 2
 4 0
 3 5.05050505050505
 6 10.1010101010101
 287 15.15151515151515
 3 20.2020202020202
 2 25.25252525252525
 152 30.3030303030303
 558 35.35353535353535
 545 40.4040404040404
 285 45.45454545454545
 125 50.50505050505051
 72 55.55555555555555
 2 60.6060606060606
 264 65.65656565656565
 196 70.7070707070707
 476 75.75757575757575
 3 80.8080808080808
 2 85.85858585858585
 54 90.90909090909091
 8 95.95959595959596
 4 101.010101010101
 172 106.060606060606
 172 111.1111111111111
 369 116.1616161616162
 204 121.2121212121212
 70 126.2626262626263
 0 131.3131313131313
 3 136.3636363636363
 60 141.4141414141414
 80 146.4646464646464
 407 151.5151515151515
 230 156.5656565656566
 4 161.6161616161616
 2 166.6666666666667
 61 171.7171717171717
 41 176.7676767676768
 1 181.8181818181818
 2 186.8686868686869
 173 191.9191919191919
 255 196.969696969697
 49 202.020202020202
 95 207.070707070707
 142 212.1212121212121
 58 217.1717171717171
 90 222.2222222222222
 224 227.2727272727273
 150 232.3232323232323
 1 237.3737373737374
 37 242.4242424242424
 123 247.4747474747475
 24 252.5252525252525
 97 257.5757575757576
 108 262.6262626262626
 32 267.6767676767677
 242 272.7272727272727
 153 277.7777777777778
 443 282.8282828282828
 187 287.8787878787879
 2 292.9292929292929
 3 297.979797979798
 1 303.030303030303
 189 308.0808080808081
 27 313.1313131313131
 48 318.1818181818182
 32 323.2323232323232
 23 328.2828282828282
 166 333.3333333333333
 72 338.3838383838383
 18 343.4343434343434
 164 348.4848484848484
 98 353.5353535353535
 30 358.5858585858585
 5 363.6363636363636
 51 368.6868686868686
 32 373.7373737373737
 33 378.7878787878788
 2 383.8383838383838
 0 388.8888888888889
 288 393.9393939393939
 51 398.989898989899
 62 404.040404040404
 164 409.0909090909091
 161 414.1414141414141
 555 419.1919191919192
 18 424.2424242424242
 226 429.2929292929293
 160 434.3434343434343
 1 439.3939393939394
 61 444.4444444444444
 71 449.4949494949495
 60 454.5454545454545
 1 459.5959595959596
 1 464.6464646464646
 1 469.6969696969697
 0 474.7474747474747
 4 479.7979797979798
 17 484.8484848484848
 25 489.8989898989898
 61 494.9494949494949
 0 500


