# Created by Octave 3.8.2, Mon Jun 22 02:15:49 2020 CEST <damian@fptrucha.inv.usc.es>
# name: hd
# type: matrix
# rows: 100
# columns: 2
 2 0
 1 5.05050505050505
 0 10.1010101010101
 266 15.15151515151515
 0 20.2020202020202
 2 25.25252525252525
 164 30.3030303030303
 490 35.35353535353535
 564 40.4040404040404
 311 45.45454545454545
 140 50.50505050505051
 59 55.55555555555555
 1 60.6060606060606
 262 65.65656565656565
 195 70.7070707070707
 525 75.75757575757575
 1 80.8080808080808
 3 85.85858585858585
 71 90.90909090909091
 8 95.95959595959596
 5 101.010101010101
 165 106.060606060606
 182 111.1111111111111
 399 116.1616161616162
 219 121.2121212121212
 83 126.2626262626263
 0 131.3131313131313
 0 136.3636363636363
 71 141.4141414141414
 87 146.4646464646464
 443 151.5151515151515
 237 156.5656565656566
 2 161.6161616161616
 1 166.6666666666667
 65 171.7171717171717
 36 176.7676767676768
 0 181.8181818181818
 2 186.8686868686869
 173 191.9191919191919
 263 196.969696969697
 63 202.020202020202
 78 207.070707070707
 165 212.1212121212121
 51 217.1717171717171
 92 222.2222222222222
 223 227.2727272727273
 119 232.3232323232323
 0 237.3737373737374
 23 242.4242424242424
 133 247.4747474747475
 18 252.5252525252525
 100 257.5757575757576
 125 262.6262626262626
 42 267.6767676767677
 244 272.7272727272727
 145 277.7777777777778
 444 282.8282828282828
 193 287.8787878787879
 1 292.9292929292929
 1 297.979797979798
 1 303.030303030303
 202 308.0808080808081
 28 313.1313131313131
 43 318.1818181818182
 24 323.2323232323232
 46 328.2828282828282
 188 333.3333333333333
 64 338.3838383838383
 14 343.4343434343434
 161 348.4848484848484
 118 353.5353535353535
 34 358.5858585858585
 4 363.6363636363636
 56 368.6868686868686
 32 373.7373737373737
 47 378.7878787878788
 0 383.8383838383838
 0 388.8888888888889
 311 393.9393939393939
 60 398.989898989899
 58 404.040404040404
 157 409.0909090909091
 138 414.1414141414141
 525 419.1919191919192
 26 424.2424242424242
 224 429.2929292929293
 160 434.3434343434343
 3 439.3939393939394
 59 444.4444444444444
 67 449.4949494949495
 58 454.5454545454545
 0 459.5959595959596
 2 464.6464646464646
 1 469.6969696969697
 2 474.7474747474747
 1 479.7979797979798
 21 484.8484848484848
 19 489.8989898989898
 74 494.9494949494949
 0 500


