# Created by Octave 3.8.2, Mon Jun 22 08:28:19 2020 CEST <damian@fptrucha.inv.usc.es>
# name: hd
# type: matrix
# rows: 100
# columns: 2
 1 0
 2 5.05050505050505
 1 10.1010101010101
 282 15.15151515151515
 3 20.2020202020202
 0 25.25252525252525
 171 30.3030303030303
 516 35.35353535353535
 604 40.4040404040404
 300 45.45454545454545
 117 50.50505050505051
 50 55.55555555555555
 4 60.6060606060606
 264 65.65656565656565
 199 70.7070707070707
 520 75.75757575757575
 1 80.8080808080808
 0 85.85858585858585
 62 90.90909090909091
 6 95.95959595959596
 4 101.010101010101
 213 106.060606060606
 172 111.1111111111111
 395 116.1616161616162
 168 121.2121212121212
 92 126.2626262626263
 0 131.3131313131313
 1 136.3636363636363
 73 141.4141414141414
 85 146.4646464646464
 436 151.5151515151515
 237 156.5656565656566
 5 161.6161616161616
 2 166.6666666666667
 69 171.7171717171717
 26 176.7676767676768
 1 181.8181818181818
 1 186.8686868686869
 187 191.9191919191919
 255 196.969696969697
 53 202.020202020202
 91 207.070707070707
 182 212.1212121212121
 52 217.1717171717171
 96 222.2222222222222
 208 227.2727272727273
 136 232.3232323232323
 0 237.3737373737374
 23 242.4242424242424
 120 247.4747474747475
 19 252.5252525252525
 105 257.5757575757576
 132 262.6262626262626
 47 267.6767676767677
 266 272.7272727272727
 142 277.7777777777778
 466 282.8282828282828
 191 287.8787878787879
 2 292.9292929292929
 1 297.979797979798
 0 303.030303030303
 197 308.0808080808081
 24 313.1313131313131
 32 318.1818181818182
 43 323.2323232323232
 26 328.2828282828282
 172 333.3333333333333
 64 338.3838383838383
 30 343.4343434343434
 203 348.4848484848484
 103 353.5353535353535
 25 358.5858585858585
 1 363.6363636363636
 61 368.6868686868686
 44 373.7373737373737
 38 378.7878787878788
 1 383.8383838383838
 1 388.8888888888889
 277 393.9393939393939
 46 398.989898989899
 61 404.040404040404
 159 409.0909090909091
 149 414.1414141414141
 480 419.1919191919192
 26 424.2424242424242
 240 429.2929292929293
 167 434.3434343434343
 3 439.3939393939394
 67 444.4444444444444
 73 449.4949494949495
 60 454.5454545454545
 1 459.5959595959596
 0 464.6464646464646
 3 469.6969696969697
 2 474.7474747474747
 0 479.7979797979798
 21 484.8484848484848
 11 489.8989898989898
 58 494.9494949494949
 0 500


