# Created by Octave 3.8.2, Mon Jun 22 01:14:01 2020 CEST <damian@fptrucha.inv.usc.es>
# name: hd
# type: matrix
# rows: 100
# columns: 2
 0 0
 2 5.05050505050505
 0 10.1010101010101
 180 15.15151515151515
 1 20.2020202020202
 2 25.25252525252525
 104 30.3030303030303
 356 35.35353535353535
 410 40.4040404040404
 201 45.45454545454545
 83 50.50505050505051
 44 55.55555555555555
 1 60.6060606060606
 163 65.65656565656565
 122 70.7070707070707
 355 75.75757575757575
 1 80.8080808080808
 0 85.85858585858585
 35 90.90909090909091
 2 95.95959595959596
 2 101.010101010101
 118 106.060606060606
 123 111.1111111111111
 263 116.1616161616162
 122 121.2121212121212
 58 126.2626262626263
 0 131.3131313131313
 1 136.3636363636363
 35 141.4141414141414
 53 146.4646464646464
 291 151.5151515151515
 182 156.5656565656566
 0 161.6161616161616
 0 166.6666666666667
 43 171.7171717171717
 24 176.7676767676768
 0 181.8181818181818
 1 186.8686868686869
 127 191.9191919191919
 138 196.969696969697
 38 202.020202020202
 58 207.070707070707
 144 212.1212121212121
 45 217.1717171717171
 67 222.2222222222222
 151 227.2727272727273
 108 232.3232323232323
 0 237.3737373737374
 12 242.4242424242424
 100 247.4747474747475
 6 252.5252525252525
 64 257.5757575757576
 91 262.6262626262626
 22 267.6767676767677
 158 272.7272727272727
 85 277.7777777777778
 272 282.8282828282828
 139 287.8787878787879
 0 292.9292929292929
 0 297.979797979798
 0 303.030303030303
 138 308.0808080808081
 10 313.1313131313131
 25 318.1818181818182
 13 323.2323232323232
 18 328.2828282828282
 104 333.3333333333333
 41 338.3838383838383
 10 343.4343434343434
 120 348.4848484848484
 64 353.5353535353535
 21 358.5858585858585
 0 363.6363636363636
 34 368.6868686868686
 22 373.7373737373737
 14 378.7878787878788
 1 383.8383838383838
 1 388.8888888888889
 201 393.9393939393939
 27 398.989898989899
 41 404.040404040404
 107 409.0909090909091
 105 414.1414141414141
 365 419.1919191919192
 9 424.2424242424242
 152 429.2929292929293
 107 434.3434343434343
 2 439.3939393939394
 27 444.4444444444444
 53 449.4949494949495
 32 454.5454545454545
 0 459.5959595959596
 0 464.6464646464646
 0 469.6969696969697
 0 474.7474747474747
 1 479.7979797979798
 13 484.8484848484848
 13 489.8989898989898
 46 494.9494949494949
 0 500


