# Created by Octave 3.8.2, Mon Jun 22 12:33:25 2020 CEST <damian@fptrucha.inv.usc.es>
# name: hd
# type: matrix
# rows: 100
# columns: 2
 2 0
 5 5.05050505050505
 3 10.1010101010101
 298 15.15151515151515
 2 20.2020202020202
 2 25.25252525252525
 158 30.3030303030303
 520 35.35353535353535
 605 40.4040404040404
 327 45.45454545454545
 115 50.50505050505051
 63 55.55555555555555
 6 60.6060606060606
 281 65.65656565656565
 204 70.7070707070707
 593 75.75757575757575
 0 80.8080808080808
 1 85.85858585858585
 54 90.90909090909091
 4 95.95959595959596
 2 101.010101010101
 207 106.060606060606
 182 111.1111111111111
 396 116.1616161616162
 197 121.2121212121212
 95 126.2626262626263
 1 131.3131313131313
 1 136.3636363636363
 82 141.4141414141414
 99 146.4646464646464
 429 151.5151515151515
 249 156.5656565656566
 4 161.6161616161616
 2 166.6666666666667
 70 171.7171717171717
 43 176.7676767676768
 2 181.8181818181818
 0 186.8686868686869
 192 191.9191919191919
 270 196.969696969697
 52 202.020202020202
 91 207.070707070707
 190 212.1212121212121
 64 217.1717171717171
 94 222.2222222222222
 228 227.2727272727273
 151 232.3232323232323
 4 237.3737373737374
 25 242.4242424242424
 142 247.4747474747475
 28 252.5252525252525
 120 257.5757575757576
 130 262.6262626262626
 37 267.6767676767677
 288 272.7272727272727
 154 277.7777777777778
 422 282.8282828282828
 199 287.8787878787879
 2 292.9292929292929
 2 297.979797979798
 0 303.030303030303
 185 308.0808080808081
 34 313.1313131313131
 36 318.1818181818182
 31 323.2323232323232
 45 328.2828282828282
 201 333.3333333333333
 70 338.3838383838383
 20 343.4343434343434
 189 348.4848484848484
 104 353.5353535353535
 28 358.5858585858585
 2 363.6363636363636
 40 368.6868686868686
 42 373.7373737373737
 28 378.7878787878788
 2 383.8383838383838
 1 388.8888888888889
 300 393.9393939393939
 58 398.989898989899
 79 404.040404040404
 177 409.0909090909091
 126 414.1414141414141
 528 419.1919191919192
 20 424.2424242424242
 248 429.2929292929293
 166 434.3434343434343
 8 439.3939393939394
 55 444.4444444444444
 70 449.4949494949495
 61 454.5454545454545
 2 459.5959595959596
 1 464.6464646464646
 3 469.6969696969697
 1 474.7474747474747
 2 479.7979797979798
 26 484.8484848484848
 29 489.8989898989898
 74 494.9494949494949
 0 500


