# Created by Octave 3.8.2, Sat Jun 20 23:41:57 2020 CEST <damian@fptrucha.inv.usc.es>
# name: hd
# type: matrix
# rows: 100
# columns: 2
 4 0
 2 5.05050505050505
 0 10.1010101010101
 312 15.15151515151515
 0 20.2020202020202
 0 25.25252525252525
 183 30.3030303030303
 515 35.35353535353535
 619 40.4040404040404
 309 45.45454545454545
 122 50.50505050505051
 52 55.55555555555555
 2 60.6060606060606
 243 65.65656565656565
 214 70.7070707070707
 589 75.75757575757575
 0 80.8080808080808
 1 85.85858585858585
 72 90.90909090909091
 1 95.95959595959596
 3 101.010101010101
 164 106.060606060606
 178 111.1111111111111
 381 116.1616161616162
 191 121.2121212121212
 79 126.2626262626263
 0 131.3131313131313
 2 136.3636363636363
 59 141.4141414141414
 80 146.4646464646464
 418 151.5151515151515
 254 156.5656565656566
 0 161.6161616161616
 1 166.6666666666667
 78 171.7171717171717
 21 176.7676767676768
 0 181.8181818181818
 0 186.8686868686869
 192 191.9191919191919
 238 196.969696969697
 54 202.020202020202
 85 207.070707070707
 160 212.1212121212121
 52 217.1717171717171
 97 222.2222222222222
 180 227.2727272727273
 139 232.3232323232323
 0 237.3737373737374
 29 242.4242424242424
 152 247.4747474747475
 21 252.5252525252525
 91 257.5757575757576
 135 262.6262626262626
 32 267.6767676767677
 249 272.7272727272727
 157 277.7777777777778
 439 282.8282828282828
 167 287.8787878787879
 1 292.9292929292929
 0 297.979797979798
 0 303.030303030303
 187 308.0808080808081
 24 313.1313131313131
 45 318.1818181818182
 32 323.2323232323232
 46 328.2828282828282
 164 333.3333333333333
 54 338.3838383838383
 17 343.4343434343434
 201 348.4848484848484
 90 353.5353535353535
 29 358.5858585858585
 1 363.6363636363636
 36 368.6868686868686
 29 373.7373737373737
 26 378.7878787878788
 0 383.8383838383838
 0 388.8888888888889
 323 393.9393939393939
 62 398.989898989899
 75 404.040404040404
 147 409.0909090909091
 139 414.1414141414141
 550 419.1919191919192
 29 424.2424242424242
 223 429.2929292929293
 172 434.3434343434343
 0 439.3939393939394
 63 444.4444444444444
 85 449.4949494949495
 60 454.5454545454545
 0 459.5959595959596
 2 464.6464646464646
 0 469.6969696969697
 2 474.7474747474747
 0 479.7979797979798
 13 484.8484848484848
 24 489.8989898989898
 76 494.9494949494949
 0 500


