# Created by Octave 3.8.2, Sun Jun 21 07:11:01 2020 CEST <damian@fptrucha.inv.usc.es>
# name: hd
# type: matrix
# rows: 100
# columns: 2
 3 0
 3 5.05050505050505
 0 10.1010101010101
 266 15.15151515151515
 3 20.2020202020202
 1 25.25252525252525
 173 30.3030303030303
 497 35.35353535353535
 574 40.4040404040404
 328 45.45454545454545
 111 50.50505050505051
 50 55.55555555555555
 0 60.6060606060606
 256 65.65656565656565
 180 70.7070707070707
 524 75.75757575757575
 1 80.8080808080808
 0 85.85858585858585
 62 90.90909090909091
 4 95.95959595959596
 3 101.010101010101
 193 106.060606060606
 185 111.1111111111111
 391 116.1616161616162
 189 121.2121212121212
 102 126.2626262626263
 0 131.3131313131313
 2 136.3636363636363
 67 141.4141414141414
 87 146.4646464646464
 465 151.5151515151515
 279 156.5656565656566
 1 161.6161616161616
 1 166.6666666666667
 88 171.7171717171717
 36 176.7676767676768
 0 181.8181818181818
 0 186.8686868686869
 178 191.9191919191919
 276 196.969696969697
 52 202.020202020202
 105 207.070707070707
 181 212.1212121212121
 84 217.1717171717171
 117 222.2222222222222
 234 227.2727272727273
 127 232.3232323232323
 0 237.3737373737374
 23 242.4242424242424
 138 247.4747474747475
 25 252.5252525252525
 106 257.5757575757576
 163 262.6262626262626
 42 267.6767676767677
 236 272.7272727272727
 130 277.7777777777778
 469 282.8282828282828
 207 287.8787878787879
 2 292.9292929292929
 1 297.979797979798
 0 303.030303030303
 213 308.0808080808081
 27 313.1313131313131
 41 318.1818181818182
 32 323.2323232323232
 34 328.2828282828282
 166 333.3333333333333
 64 338.3838383838383
 22 343.4343434343434
 188 348.4848484848484
 88 353.5353535353535
 25 358.5858585858585
 0 363.6363636363636
 53 368.6868686868686
 38 373.7373737373737
 48 378.7878787878788
 0 383.8383838383838
 0 388.8888888888889
 315 393.9393939393939
 53 398.989898989899
 69 404.040404040404
 154 409.0909090909091
 130 414.1414141414141
 554 419.1919191919192
 24 424.2424242424242
 232 429.2929292929293
 206 434.3434343434343
 5 439.3939393939394
 56 444.4444444444444
 77 449.4949494949495
 59 454.5454545454545
 0 459.5959595959596
 1 464.6464646464646
 0 469.6969696969697
 0 474.7474747474747
 1 479.7979797979798
 13 484.8484848484848
 30 489.8989898989898
 73 494.9494949494949
 0 500


