# Created by Octave 3.8.2, Mon Jun 22 18:58:43 2020 CEST <damian@fptrucha.inv.usc.es>
# name: hd
# type: matrix
# rows: 100
# columns: 2
 2 0
 3 5.05050505050505
 4 10.1010101010101
 316 15.15151515151515
 2 20.2020202020202
 2 25.25252525252525
 159 30.3030303030303
 582 35.35353535353535
 587 40.4040404040404
 299 45.45454545454545
 140 50.50505050505051
 63 55.55555555555555
 4 60.6060606060606
 274 65.65656565656565
 232 70.7070707070707
 589 75.75757575757575
 1 80.8080808080808
 0 85.85858585858585
 68 90.90909090909091
 5 95.95959595959596
 6 101.010101010101
 198 106.060606060606
 186 111.1111111111111
 442 116.1616161616162
 213 121.2121212121212
 73 126.2626262626263
 0 131.3131313131313
 1 136.3636363636363
 86 141.4141414141414
 103 146.4646464646464
 451 151.5151515151515
 247 156.5656565656566
 1 161.6161616161616
 0 166.6666666666667
 81 171.7171717171717
 44 176.7676767676768
 1 181.8181818181818
 0 186.8686868686869
 214 191.9191919191919
 268 196.969696969697
 52 202.020202020202
 103 207.070707070707
 163 212.1212121212121
 63 217.1717171717171
 85 222.2222222222222
 268 227.2727272727273
 150 232.3232323232323
 1 237.3737373737374
 16 242.4242424242424
 135 247.4747474747475
 21 252.5252525252525
 129 257.5757575757576
 130 262.6262626262626
 40 267.6767676767677
 293 272.7272727272727
 141 277.7777777777778
 478 282.8282828282828
 190 287.8787878787879
 1 292.9292929292929
 0 297.979797979798
 1 303.030303030303
 223 308.0808080808081
 42 313.1313131313131
 35 318.1818181818182
 37 323.2323232323232
 35 328.2828282828282
 178 333.3333333333333
 87 338.3838383838383
 21 343.4343434343434
 177 348.4848484848484
 121 353.5353535353535
 32 358.5858585858585
 1 363.6363636363636
 51 368.6868686868686
 43 373.7373737373737
 38 378.7878787878788
 0 383.8383838383838
 1 388.8888888888889
 314 393.9393939393939
 67 398.989898989899
 61 404.040404040404
 192 409.0909090909091
 148 414.1414141414141
 607 419.1919191919192
 18 424.2424242424242
 229 429.2929292929293
 183 434.3434343434343
 5 439.3939393939394
 54 444.4444444444444
 76 449.4949494949495
 50 454.5454545454545
 0 459.5959595959596
 1 464.6464646464646
 2 469.6969696969697
 0 474.7474747474747
 4 479.7979797979798
 23 484.8484848484848
 20 489.8989898989898
 72 494.9494949494949
 0 500


