# Created by Octave 3.8.2, Mon Jun 22 06:58:39 2020 CEST <damian@fptrucha.inv.usc.es>
# name: hd
# type: matrix
# rows: 100
# columns: 2
 6 0
 4 5.05050505050505
 1 10.1010101010101
 280 15.15151515151515
 4 20.2020202020202
 0 25.25252525252525
 137 30.3030303030303
 520 35.35353535353535
 541 40.4040404040404
 288 45.45454545454545
 122 50.50505050505051
 58 55.55555555555555
 2 60.6060606060606
 254 65.65656565656565
 197 70.7070707070707
 576 75.75757575757575
 1 80.8080808080808
 1 85.85858585858585
 56 90.90909090909091
 6 95.95959595959596
 4 101.010101010101
 206 106.060606060606
 151 111.1111111111111
 362 116.1616161616162
 170 121.2121212121212
 80 126.2626262626263
 2 131.3131313131313
 1 136.3636363636363
 59 141.4141414141414
 94 146.4646464646464
 396 151.5151515151515
 239 156.5656565656566
 3 161.6161616161616
 1 166.6666666666667
 65 171.7171717171717
 29 176.7676767676768
 2 181.8181818181818
 1 186.8686868686869
 181 191.9191919191919
 256 196.969696969697
 45 202.020202020202
 84 207.070707070707
 162 212.1212121212121
 59 217.1717171717171
 107 222.2222222222222
 207 227.2727272727273
 143 232.3232323232323
 3 237.3737373737374
 26 242.4242424242424
 117 247.4747474747475
 14 252.5252525252525
 91 257.5757575757576
 113 262.6262626262626
 49 267.6767676767677
 266 272.7272727272727
 111 277.7777777777778
 443 282.8282828282828
 178 287.8787878787879
 1 292.9292929292929
 2 297.979797979798
 0 303.030303030303
 203 308.0808080808081
 22 313.1313131313131
 41 318.1818181818182
 33 323.2323232323232
 31 328.2828282828282
 145 333.3333333333333
 66 338.3838383838383
 22 343.4343434343434
 183 348.4848484848484
 106 353.5353535353535
 28 358.5858585858585
 2 363.6363636363636
 56 368.6868686868686
 33 373.7373737373737
 31 378.7878787878788
 2 383.8383838383838
 1 388.8888888888889
 313 393.9393939393939
 62 398.989898989899
 71 404.040404040404
 194 409.0909090909091
 135 414.1414141414141
 514 419.1919191919192
 14 424.2424242424242
 224 429.2929292929293
 190 434.3434343434343
 5 439.3939393939394
 69 444.4444444444444
 75 449.4949494949495
 48 454.5454545454545
 0 459.5959595959596
 1 464.6464646464646
 2 469.6969696969697
 1 474.7474747474747
 1 479.7979797979798
 23 484.8484848484848
 12 489.8989898989898
 62 494.9494949494949
 0 500


