# Created by Octave 3.8.2, Sat Jun 20 03:30:44 2020 CEST <damian@fptrucha.inv.usc.es>
# name: hd
# type: matrix
# rows: 100
# columns: 2
 2 0
 2 5.05050505050505
 1 10.1010101010101
 286 15.15151515151515
 5 20.2020202020202
 1 25.25252525252525
 173 30.3030303030303
 581 35.35353535353535
 681 40.4040404040404
 349 45.45454545454545
 146 50.50505050505051
 75 55.55555555555555
 1 60.6060606060606
 300 65.65656565656565
 233 70.7070707070707
 623 75.75757575757575
 0 80.8080808080808
 0 85.85858585858585
 68 90.90909090909091
 6 95.95959595959596
 4 101.010101010101
 220 106.060606060606
 196 111.1111111111111
 434 116.1616161616162
 215 121.2121212121212
 99 126.2626262626263
 0 131.3131313131313
 1 136.3636363636363
 62 141.4141414141414
 93 146.4646464646464
 468 151.5151515151515
 306 156.5656565656566
 0 161.6161616161616
 0 166.6666666666667
 65 171.7171717171717
 40 176.7676767676768
 0 181.8181818181818
 1 186.8686868686869
 238 191.9191919191919
 291 196.969696969697
 57 202.020202020202
 101 207.070707070707
 201 212.1212121212121
 63 217.1717171717171
 128 222.2222222222222
 248 227.2727272727273
 152 232.3232323232323
 3 237.3737373737374
 24 242.4242424242424
 168 247.4747474747475
 15 252.5252525252525
 131 257.5757575757576
 149 262.6262626262626
 44 267.6767676767677
 278 272.7272727272727
 155 277.7777777777778
 518 282.8282828282828
 201 287.8787878787879
 1 292.9292929292929
 1 297.979797979798
 1 303.030303030303
 216 308.0808080808081
 25 313.1313131313131
 54 318.1818181818182
 36 323.2323232323232
 32 328.2828282828282
 195 333.3333333333333
 75 338.3838383838383
 20 343.4343434343434
 196 348.4848484848484
 128 353.5353535353535
 31 358.5858585858585
 1 363.6363636363636
 43 368.6868686868686
 42 373.7373737373737
 50 378.7878787878788
 1 383.8383838383838
 0 388.8888888888889
 335 393.9393939393939
 55 398.989898989899
 66 404.040404040404
 187 409.0909090909091
 144 414.1414141414141
 602 419.1919191919192
 23 424.2424242424242
 224 429.2929292929293
 191 434.3434343434343
 5 439.3939393939394
 66 444.4444444444444
 88 449.4949494949495
 57 454.5454545454545
 0 459.5959595959596
 0 464.6464646464646
 1 469.6969696969697
 0 474.7474747474747
 0 479.7979797979798
 18 484.8484848484848
 16 489.8989898989898
 72 494.9494949494949
 0 500


