# Created by Octave 3.8.2, Sat Jun 20 19:04:13 2020 CEST <damian@fptrucha.inv.usc.es>
# name: hd
# type: matrix
# rows: 100
# columns: 2
 4 0
 6 5.05050505050505
 1 10.1010101010101
 275 15.15151515151515
 6 20.2020202020202
 0 25.25252525252525
 154 30.3030303030303
 511 35.35353535353535
 607 40.4040404040404
 298 45.45454545454545
 118 50.50505050505051
 57 55.55555555555555
 1 60.6060606060606
 269 65.65656565656565
 218 70.7070707070707
 609 75.75757575757575
 0 80.8080808080808
 0 85.85858585858585
 46 90.90909090909091
 2 95.95959595959596
 1 101.010101010101
 186 106.060606060606
 185 111.1111111111111
 396 116.1616161616162
 219 121.2121212121212
 80 126.2626262626263
 0 131.3131313131313
 1 136.3636363636363
 63 141.4141414141414
 92 146.4646464646464
 440 151.5151515151515
 274 156.5656565656566
 1 161.6161616161616
 0 166.6666666666667
 69 171.7171717171717
 25 176.7676767676768
 2 181.8181818181818
 0 186.8686868686869
 194 191.9191919191919
 238 196.969696969697
 44 202.020202020202
 79 207.070707070707
 171 212.1212121212121
 67 217.1717171717171
 105 222.2222222222222
 207 227.2727272727273
 147 232.3232323232323
 0 237.3737373737374
 34 242.4242424242424
 125 247.4747474747475
 22 252.5252525252525
 117 257.5757575757576
 129 262.6262626262626
 23 267.6767676767677
 275 272.7272727272727
 144 277.7777777777778
 451 282.8282828282828
 201 287.8787878787879
 0 292.9292929292929
 0 297.979797979798
 0 303.030303030303
 231 308.0808080808081
 34 313.1313131313131
 35 318.1818181818182
 32 323.2323232323232
 40 328.2828282828282
 155 333.3333333333333
 67 338.3838383838383
 12 343.4343434343434
 158 348.4848484848484
 101 353.5353535353535
 26 358.5858585858585
 0 363.6363636363636
 60 368.6868686868686
 43 373.7373737373737
 30 378.7878787878788
 1 383.8383838383838
 0 388.8888888888889
 318 393.9393939393939
 57 398.989898989899
 57 404.040404040404
 177 409.0909090909091
 148 414.1414141414141
 577 419.1919191919192
 25 424.2424242424242
 221 429.2929292929293
 186 434.3434343434343
 6 439.3939393939394
 57 444.4444444444444
 66 449.4949494949495
 50 454.5454545454545
 0 459.5959595959596
 1 464.6464646464646
 1 469.6969696969697
 1 474.7474747474747
 0 479.7979797979798
 17 484.8484848484848
 17 489.8989898989898
 77 494.9494949494949
 0 500


