# Created by Octave 3.8.2, Sat Jun 20 06:31:58 2020 CEST <damian@fptrucha.inv.usc.es>
# name: hd
# type: matrix
# rows: 100
# columns: 2
 1 0
 4 5.05050505050505
 3 10.1010101010101
 185 15.15151515151515
 2 20.2020202020202
 1 25.25252525252525
 126 30.3030303030303
 383 35.35353535353535
 470 40.4040404040404
 255 45.45454545454545
 113 50.50505050505051
 48 55.55555555555555
 3 60.6060606060606
 224 65.65656565656565
 151 70.7070707070707
 454 75.75757575757575
 0 80.8080808080808
 1 85.85858585858585
 42 90.90909090909091
 3 95.95959595959596
 1 101.010101010101
 146 106.060606060606
 123 111.1111111111111
 332 116.1616161616162
 154 121.2121212121212
 73 126.2626262626263
 0 131.3131313131313
 1 136.3636363636363
 57 141.4141414141414
 68 146.4646464646464
 324 151.5151515151515
 195 156.5656565656566
 2 161.6161616161616
 0 166.6666666666667
 58 171.7171717171717
 24 176.7676767676768
 1 181.8181818181818
 0 186.8686868686869
 166 191.9191919191919
 211 196.969696969697
 44 202.020202020202
 58 207.070707070707
 115 212.1212121212121
 31 217.1717171717171
 75 222.2222222222222
 146 227.2727272727273
 109 232.3232323232323
 1 237.3737373737374
 16 242.4242424242424
 98 247.4747474747475
 19 252.5252525252525
 101 257.5757575757576
 111 262.6262626262626
 35 267.6767676767677
 177 272.7272727272727
 115 277.7777777777778
 308 282.8282828282828
 175 287.8787878787879
 1 292.9292929292929
 0 297.979797979798
 1 303.030303030303
 145 308.0808080808081
 19 313.1313131313131
 25 318.1818181818182
 18 323.2323232323232
 33 328.2828282828282
 137 333.3333333333333
 54 338.3838383838383
 13 343.4343434343434
 144 348.4848484848484
 72 353.5353535353535
 25 358.5858585858585
 1 363.6363636363636
 35 368.6868686868686
 27 373.7373737373737
 26 378.7878787878788
 0 383.8383838383838
 0 388.8888888888889
 218 393.9393939393939
 58 398.989898989899
 41 404.040404040404
 115 409.0909090909091
 96 414.1414141414141
 454 419.1919191919192
 11 424.2424242424242
 171 429.2929292929293
 119 434.3434343434343
 1 439.3939393939394
 46 444.4444444444444
 56 449.4949494949495
 27 454.5454545454545
 1 459.5959595959596
 0 464.6464646464646
 1 469.6969696969697
 2 474.7474747474747
 2 479.7979797979798
 14 484.8484848484848
 11 489.8989898989898
 46 494.9494949494949
 0 500


