# Created by Octave 3.8.2, Mon Jun 22 20:39:28 2020 CEST <damian@fptrucha.inv.usc.es>
# name: hd
# type: matrix
# rows: 100
# columns: 2
 5 0
 5 5.05050505050505
 2 10.1010101010101
 266 15.15151515151515
 3 20.2020202020202
 1 25.25252525252525
 161 30.3030303030303
 559 35.35353535353535
 671 40.4040404040404
 328 45.45454545454545
 118 50.50505050505051
 71 55.55555555555555
 3 60.6060606060606
 271 65.65656565656565
 206 70.7070707070707
 553 75.75757575757575
 3 80.8080808080808
 0 85.85858585858585
 65 90.90909090909091
 6 95.95959595959596
 3 101.010101010101
 192 106.060606060606
 212 111.1111111111111
 423 116.1616161616162
 233 121.2121212121212
 94 126.2626262626263
 1 131.3131313131313
 1 136.3636363636363
 65 141.4141414141414
 103 146.4646464646464
 433 151.5151515151515
 274 156.5656565656566
 3 161.6161616161616
 2 166.6666666666667
 85 171.7171717171717
 38 176.7676767676768
 2 181.8181818181818
 1 186.8686868686869
 202 191.9191919191919
 287 196.969696969697
 38 202.020202020202
 85 207.070707070707
 178 212.1212121212121
 64 217.1717171717171
 111 222.2222222222222
 267 227.2727272727273
 138 232.3232323232323
 0 237.3737373737374
 33 242.4242424242424
 137 247.4747474747475
 16 252.5252525252525
 118 257.5757575757576
 123 262.6262626262626
 48 267.6767676767677
 270 272.7272727272727
 149 277.7777777777778
 458 282.8282828282828
 196 287.8787878787879
 1 292.9292929292929
 2 297.979797979798
 0 303.030303030303
 235 308.0808080808081
 31 313.1313131313131
 44 318.1818181818182
 33 323.2323232323232
 42 328.2828282828282
 183 333.3333333333333
 73 338.3838383838383
 20 343.4343434343434
 204 348.4848484848484
 100 353.5353535353535
 30 358.5858585858585
 1 363.6363636363636
 53 368.6868686868686
 42 373.7373737373737
 39 378.7878787878788
 3 383.8383838383838
 2 388.8888888888889
 309 393.9393939393939
 67 398.989898989899
 51 404.040404040404
 165 409.0909090909091
 141 414.1414141414141
 567 419.1919191919192
 25 424.2424242424242
 232 429.2929292929293
 177 434.3434343434343
 4 439.3939393939394
 59 444.4444444444444
 89 449.4949494949495
 60 454.5454545454545
 1 459.5959595959596
 1 464.6464646464646
 0 469.6969696969697
 3 474.7474747474747
 2 479.7979797979798
 14 484.8484848484848
 16 489.8989898989898
 86 494.9494949494949
 0 500


