# Created by Octave 3.8.2, Mon Jun 22 23:02:46 2020 CEST <damian@fptrucha.inv.usc.es>
# name: hd
# type: matrix
# rows: 100
# columns: 2
 2 0
 4 5.05050505050505
 1 10.1010101010101
 316 15.15151515151515
 3 20.2020202020202
 0 25.25252525252525
 164 30.3030303030303
 581 35.35353535353535
 624 40.4040404040404
 339 45.45454545454545
 129 50.50505050505051
 69 55.55555555555555
 3 60.6060606060606
 273 65.65656565656565
 209 70.7070707070707
 570 75.75757575757575
 1 80.8080808080808
 1 85.85858585858585
 73 90.90909090909091
 5 95.95959595959596
 3 101.010101010101
 209 106.060606060606
 172 111.1111111111111
 460 116.1616161616162
 183 121.2121212121212
 101 126.2626262626263
 2 131.3131313131313
 5 136.3636363636363
 71 141.4141414141414
 100 146.4646464646464
 472 151.5151515151515
 243 156.5656565656566
 7 161.6161616161616
 3 166.6666666666667
 82 171.7171717171717
 24 176.7676767676768
 1 181.8181818181818
 1 186.8686868686869
 196 191.9191919191919
 286 196.969696969697
 56 202.020202020202
 111 207.070707070707
 189 212.1212121212121
 80 217.1717171717171
 99 222.2222222222222
 251 227.2727272727273
 149 232.3232323232323
 0 237.3737373737374
 36 242.4242424242424
 151 247.4747474747475
 21 252.5252525252525
 131 257.5757575757576
 149 262.6262626262626
 52 267.6767676767677
 305 272.7272727272727
 135 277.7777777777778
 439 282.8282828282828
 211 287.8787878787879
 0 292.9292929292929
 0 297.979797979798
 0 303.030303030303
 232 308.0808080808081
 32 313.1313131313131
 46 318.1818181818182
 45 323.2323232323232
 31 328.2828282828282
 189 333.3333333333333
 71 338.3838383838383
 17 343.4343434343434
 184 348.4848484848484
 98 353.5353535353535
 24 358.5858585858585
 0 363.6363636363636
 73 368.6868686868686
 45 373.7373737373737
 47 378.7878787878788
 2 383.8383838383838
 0 388.8888888888889
 315 393.9393939393939
 60 398.989898989899
 82 404.040404040404
 193 409.0909090909091
 152 414.1414141414141
 549 419.1919191919192
 22 424.2424242424242
 256 429.2929292929293
 200 434.3434343434343
 7 439.3939393939394
 50 444.4444444444444
 87 449.4949494949495
 72 454.5454545454545
 1 459.5959595959596
 2 464.6464646464646
 1 469.6969696969697
 3 474.7474747474747
 2 479.7979797979798
 20 484.8484848484848
 25 489.8989898989898
 96 494.9494949494949
 0 500


