# Created by Octave 3.8.2, Tue Jun 23 00:42:37 2020 CEST <damian@fptrucha.inv.usc.es>
# name: hd
# type: matrix
# rows: 100
# columns: 2
 2 0
 3 5.05050505050505
 0 10.1010101010101
 290 15.15151515151515
 3 20.2020202020202
 1 25.25252525252525
 141 30.3030303030303
 517 35.35353535353535
 612 40.4040404040404
 320 45.45454545454545
 140 50.50505050505051
 72 55.55555555555555
 1 60.6060606060606
 267 65.65656565656565
 205 70.7070707070707
 632 75.75757575757575
 0 80.8080808080808
 3 85.85858585858585
 67 90.90909090909091
 6 95.95959595959596
 2 101.010101010101
 201 106.060606060606
 210 111.1111111111111
 446 116.1616161616162
 236 121.2121212121212
 82 126.2626262626263
 0 131.3131313131313
 1 136.3636363636363
 67 141.4141414141414
 117 146.4646464646464
 467 151.5151515151515
 252 156.5656565656566
 1 161.6161616161616
 2 166.6666666666667
 61 171.7171717171717
 37 176.7676767676768
 0 181.8181818181818
 1 186.8686868686869
 207 191.9191919191919
 295 196.969696969697
 56 202.020202020202
 90 207.070707070707
 191 212.1212121212121
 65 217.1717171717171
 112 222.2222222222222
 252 227.2727272727273
 148 232.3232323232323
 2 237.3737373737374
 25 242.4242424242424
 146 247.4747474747475
 27 252.5252525252525
 137 257.5757575757576
 136 262.6262626262626
 44 267.6767676767677
 270 272.7272727272727
 149 277.7777777777778
 477 282.8282828282828
 216 287.8787878787879
 1 292.9292929292929
 1 297.979797979798
 1 303.030303030303
 202 308.0808080808081
 22 313.1313131313131
 40 318.1818181818182
 35 323.2323232323232
 41 328.2828282828282
 209 333.3333333333333
 69 338.3838383838383
 22 343.4343434343434
 194 348.4848484848484
 110 353.5353535353535
 31 358.5858585858585
 4 363.6363636363636
 44 368.6868686868686
 32 373.7373737373737
 36 378.7878787878788
 3 383.8383838383838
 0 388.8888888888889
 341 393.9393939393939
 51 398.989898989899
 71 404.040404040404
 193 409.0909090909091
 167 414.1414141414141
 551 419.1919191919192
 18 424.2424242424242
 243 429.2929292929293
 187 434.3434343434343
 7 439.3939393939394
 73 444.4444444444444
 85 449.4949494949495
 44 454.5454545454545
 0 459.5959595959596
 2 464.6464646464646
 0 469.6969696969697
 1 474.7474747474747
 0 479.7979797979798
 25 484.8484848484848
 25 489.8989898989898
 82 494.9494949494949
 0 500


