# Created by Octave 3.8.2, Mon Jun 22 07:59:17 2020 CEST <damian@fptrucha.inv.usc.es>
# name: hd
# type: matrix
# rows: 100
# columns: 2
 2 0
 6 5.05050505050505
 1 10.1010101010101
 253 15.15151515151515
 2 20.2020202020202
 1 25.25252525252525
 165 30.3030303030303
 487 35.35353535353535
 589 40.4040404040404
 309 45.45454545454545
 127 50.50505050505051
 60 55.55555555555555
 4 60.6060606060606
 252 65.65656565656565
 225 70.7070707070707
 539 75.75757575757575
 2 80.8080808080808
 2 85.85858585858585
 52 90.90909090909091
 4 95.95959595959596
 0 101.010101010101
 185 106.060606060606
 155 111.1111111111111
 360 116.1616161616162
 216 121.2121212121212
 79 126.2626262626263
 0 131.3131313131313
 2 136.3636363636363
 61 141.4141414141414
 87 146.4646464646464
 412 151.5151515151515
 248 156.5656565656566
 5 161.6161616161616
 1 166.6666666666667
 77 171.7171717171717
 27 176.7676767676768
 0 181.8181818181818
 3 186.8686868686869
 203 191.9191919191919
 234 196.969696969697
 47 202.020202020202
 83 207.070707070707
 158 212.1212121212121
 58 217.1717171717171
 102 222.2222222222222
 225 227.2727272727273
 133 232.3232323232323
 3 237.3737373737374
 20 242.4242424242424
 133 247.4747474747475
 21 252.5252525252525
 110 257.5757575757576
 137 262.6262626262626
 49 267.6767676767677
 286 272.7272727272727
 125 277.7777777777778
 458 282.8282828282828
 202 287.8787878787879
 0 292.9292929292929
 1 297.979797979798
 0 303.030303030303
 207 308.0808080808081
 25 313.1313131313131
 36 318.1818181818182
 36 323.2323232323232
 37 328.2828282828282
 191 333.3333333333333
 67 338.3838383838383
 22 343.4343434343434
 193 348.4848484848484
 102 353.5353535353535
 19 358.5858585858585
 3 363.6363636363636
 41 368.6868686868686
 40 373.7373737373737
 32 378.7878787878788
 4 383.8383838383838
 1 388.8888888888889
 296 393.9393939393939
 68 398.989898989899
 54 404.040404040404
 170 409.0909090909091
 152 414.1414141414141
 559 419.1919191919192
 20 424.2424242424242
 251 429.2929292929293
 182 434.3434343434343
 3 439.3939393939394
 50 444.4444444444444
 87 449.4949494949495
 66 454.5454545454545
 1 459.5959595959596
 1 464.6464646464646
 3 469.6969696969697
 4 474.7474747474747
 4 479.7979797979798
 22 484.8484848484848
 23 489.8989898989898
 75 494.9494949494949
 0 500


