# Created by Octave 3.8.2, Mon Jun 22 17:34:28 2020 CEST <damian@fptrucha.inv.usc.es>
# name: hd
# type: matrix
# rows: 100
# columns: 2
 0 0
 1 5.05050505050505
 4 10.1010101010101
 141 15.15151515151515
 2 20.2020202020202
 0 25.25252525252525
 81 30.3030303030303
 298 35.35353535353535
 293 40.4040404040404
 161 45.45454545454545
 66 50.50505050505051
 32 55.55555555555555
 1 60.6060606060606
 126 65.65656565656565
 114 70.7070707070707
 280 75.75757575757575
 0 80.8080808080808
 1 85.85858585858585
 36 90.90909090909091
 3 95.95959595959596
 3 101.010101010101
 91 106.060606060606
 81 111.1111111111111
 203 116.1616161616162
 97 121.2121212121212
 37 126.2626262626263
 1 131.3131313131313
 0 136.3636363636363
 39 141.4141414141414
 45 146.4646464646464
 227 151.5151515151515
 121 156.5656565656566
 1 161.6161616161616
 1 166.6666666666667
 33 171.7171717171717
 17 176.7676767676768
 1 181.8181818181818
 0 186.8686868686869
 89 191.9191919191919
 147 196.969696969697
 24 202.020202020202
 48 207.070707070707
 81 212.1212121212121
 35 217.1717171717171
 49 222.2222222222222
 127 227.2727272727273
 45 232.3232323232323
 1 237.3737373737374
 14 242.4242424242424
 71 247.4747474747475
 17 252.5252525252525
 50 257.5757575757576
 70 262.6262626262626
 17 267.6767676767677
 135 272.7272727272727
 96 277.7777777777778
 258 282.8282828282828
 106 287.8787878787879
 1 292.9292929292929
 1 297.979797979798
 0 303.030303030303
 120 308.0808080808081
 15 313.1313131313131
 12 318.1818181818182
 15 323.2323232323232
 14 328.2828282828282
 94 333.3333333333333
 34 338.3838383838383
 7 343.4343434343434
 99 348.4848484848484
 45 353.5353535353535
 22 358.5858585858585
 0 363.6363636363636
 24 368.6868686868686
 16 373.7373737373737
 16 378.7878787878788
 0 383.8383838383838
 0 388.8888888888889
 183 393.9393939393939
 35 398.989898989899
 28 404.040404040404
 94 409.0909090909091
 76 414.1414141414141
 273 419.1919191919192
 9 424.2424242424242
 107 429.2929292929293
 91 434.3434343434343
 0 439.3939393939394
 38 444.4444444444444
 36 449.4949494949495
 32 454.5454545454545
 0 459.5959595959596
 1 464.6464646464646
 2 469.6969696969697
 1 474.7474747474747
 1 479.7979797979798
 10 484.8484848484848
 13 489.8989898989898
 38 494.9494949494949
 0 500


