# Created by Octave 3.8.2, Sat Jun 20 03:26:32 2020 CEST <damian@fptrucha.inv.usc.es>
# name: hd
# type: matrix
# rows: 100
# columns: 2
 1 0
 2 5.05050505050505
 0 10.1010101010101
 293 15.15151515151515
 0 20.2020202020202
 1 25.25252525252525
 135 30.3030303030303
 560 35.35353535353535
 658 40.4040404040404
 315 45.45454545454545
 154 50.50505050505051
 79 55.55555555555555
 0 60.6060606060606
 330 65.65656565656565
 233 70.7070707070707
 631 75.75757575757575
 2 80.8080808080808
 0 85.85858585858585
 76 90.90909090909091
 2 95.95959595959596
 5 101.010101010101
 207 106.060606060606
 216 111.1111111111111
 414 116.1616161616162
 226 121.2121212121212
 85 126.2626262626263
 0 131.3131313131313
 1 136.3636363636363
 64 141.4141414141414
 108 146.4646464646464
 460 151.5151515151515
 324 156.5656565656566
 1 161.6161616161616
 1 166.6666666666667
 82 171.7171717171717
 35 176.7676767676768
 0 181.8181818181818
 1 186.8686868686869
 199 191.9191919191919
 272 196.969696969697
 39 202.020202020202
 109 207.070707070707
 196 212.1212121212121
 63 217.1717171717171
 110 222.2222222222222
 245 227.2727272727273
 135 232.3232323232323
 0 237.3737373737374
 16 242.4242424242424
 155 247.4747474747475
 17 252.5252525252525
 132 257.5757575757576
 141 262.6262626262626
 37 267.6767676767677
 263 272.7272727272727
 168 277.7777777777778
 462 282.8282828282828
 208 287.8787878787879
 0 292.9292929292929
 2 297.979797979798
 1 303.030303030303
 230 308.0808080808081
 34 313.1313131313131
 63 318.1818181818182
 42 323.2323232323232
 45 328.2828282828282
 158 333.3333333333333
 66 338.3838383838383
 23 343.4343434343434
 205 348.4848484848484
 105 353.5353535353535
 35 358.5858585858585
 1 363.6363636363636
 47 368.6868686868686
 42 373.7373737373737
 38 378.7878787878788
 0 383.8383838383838
 0 388.8888888888889
 345 393.9393939393939
 51 398.989898989899
 67 404.040404040404
 197 409.0909090909091
 156 414.1414141414141
 625 419.1919191919192
 19 424.2424242424242
 253 429.2929292929293
 187 434.3434343434343
 5 439.3939393939394
 66 444.4444444444444
 91 449.4949494949495
 68 454.5454545454545
 0 459.5959595959596
 1 464.6464646464646
 1 469.6969696969697
 1 474.7474747474747
 1 479.7979797979798
 19 484.8484848484848
 25 489.8989898989898
 83 494.9494949494949
 0 500


