# Created by Octave 3.8.2, Sat Jun 20 19:36:58 2020 CEST <damian@fptrucha.inv.usc.es>
# name: hd
# type: matrix
# rows: 100
# columns: 2
 2 0
 1 5.05050505050505
 0 10.1010101010101
 247 15.15151515151515
 0 20.2020202020202
 1 25.25252525252525
 136 30.3030303030303
 519 35.35353535353535
 589 40.4040404040404
 306 45.45454545454545
 130 50.50505050505051
 63 55.55555555555555
 2 60.6060606060606
 247 65.65656565656565
 186 70.7070707070707
 554 75.75757575757575
 1 80.8080808080808
 1 85.85858585858585
 52 90.90909090909091
 2 95.95959595959596
 7 101.010101010101
 204 106.060606060606
 187 111.1111111111111
 376 116.1616161616162
 199 121.2121212121212
 85 126.2626262626263
 1 131.3131313131313
 1 136.3636363636363
 82 141.4141414141414
 100 146.4646464646464
 483 151.5151515151515
 251 156.5656565656566
 1 161.6161616161616
 0 166.6666666666667
 69 171.7171717171717
 35 176.7676767676768
 0 181.8181818181818
 1 186.8686868686869
 166 191.9191919191919
 281 196.969696969697
 44 202.020202020202
 94 207.070707070707
 196 212.1212121212121
 54 217.1717171717171
 86 222.2222222222222
 209 227.2727272727273
 109 232.3232323232323
 1 237.3737373737374
 24 242.4242424242424
 123 247.4747474747475
 21 252.5252525252525
 131 257.5757575757576
 145 262.6262626262626
 35 267.6767676767677
 246 272.7272727272727
 134 277.7777777777778
 431 282.8282828282828
 195 287.8787878787879
 0 292.9292929292929
 1 297.979797979798
 1 303.030303030303
 214 308.0808080808081
 27 313.1313131313131
 39 318.1818181818182
 31 323.2323232323232
 36 328.2828282828282
 173 333.3333333333333
 66 338.3838383838383
 17 343.4343434343434
 199 348.4848484848484
 91 353.5353535353535
 25 358.5858585858585
 3 363.6363636363636
 41 368.6868686868686
 32 373.7373737373737
 35 378.7878787878788
 0 383.8383838383838
 0 388.8888888888889
 332 393.9393939393939
 41 398.989898989899
 65 404.040404040404
 178 409.0909090909091
 155 414.1414141414141
 576 419.1919191919192
 22 424.2424242424242
 234 429.2929292929293
 161 434.3434343434343
 2 439.3939393939394
 47 444.4444444444444
 68 449.4949494949495
 52 454.5454545454545
 3 459.5959595959596
 2 464.6464646464646
 0 469.6969696969697
 3 474.7474747474747
 2 479.7979797979798
 17 484.8484848484848
 21 489.8989898989898
 61 494.9494949494949
 0 500


