# Created by Octave 3.8.2, Mon Jun 22 07:23:21 2020 CEST <damian@fptrucha.inv.usc.es>
# name: hd
# type: matrix
# rows: 100
# columns: 2
 5 0
 6 5.05050505050505
 4 10.1010101010101
 270 15.15151515151515
 3 20.2020202020202
 1 25.25252525252525
 144 30.3030303030303
 463 35.35353535353535
 556 40.4040404040404
 319 45.45454545454545
 132 50.50505050505051
 66 55.55555555555555
 2 60.6060606060606
 261 65.65656565656565
 208 70.7070707070707
 535 75.75757575757575
 0 80.8080808080808
 0 85.85858585858585
 67 90.90909090909091
 6 95.95959595959596
 6 101.010101010101
 179 106.060606060606
 169 111.1111111111111
 366 116.1616161616162
 169 121.2121212121212
 88 126.2626262626263
 1 131.3131313131313
 1 136.3636363636363
 74 141.4141414141414
 79 146.4646464646464
 404 151.5151515151515
 216 156.5656565656566
 4 161.6161616161616
 0 166.6666666666667
 61 171.7171717171717
 36 176.7676767676768
 3 181.8181818181818
 3 186.8686868686869
 188 191.9191919191919
 238 196.969696969697
 39 202.020202020202
 93 207.070707070707
 183 212.1212121212121
 54 217.1717171717171
 88 222.2222222222222
 210 227.2727272727273
 135 232.3232323232323
 0 237.3737373737374
 21 242.4242424242424
 136 247.4747474747475
 28 252.5252525252525
 100 257.5757575757576
 150 262.6262626262626
 29 267.6767676767677
 252 272.7272727272727
 160 277.7777777777778
 433 282.8282828282828
 198 287.8787878787879
 2 292.9292929292929
 3 297.979797979798
 1 303.030303030303
 192 308.0808080808081
 20 313.1313131313131
 34 318.1818181818182
 33 323.2323232323232
 20 328.2828282828282
 176 333.3333333333333
 59 338.3838383838383
 19 343.4343434343434
 148 348.4848484848484
 99 353.5353535353535
 28 358.5858585858585
 3 363.6363636363636
 50 368.6868686868686
 31 373.7373737373737
 48 378.7878787878788
 0 383.8383838383838
 1 388.8888888888889
 293 393.9393939393939
 50 398.989898989899
 60 404.040404040404
 163 409.0909090909091
 136 414.1414141414141
 505 419.1919191919192
 31 424.2424242424242
 211 429.2929292929293
 153 434.3434343434343
 7 439.3939393939394
 51 444.4444444444444
 82 449.4949494949495
 58 454.5454545454545
 3 459.5959595959596
 2 464.6464646464646
 1 469.6969696969697
 0 474.7474747474747
 0 479.7979797979798
 21 484.8484848484848
 18 489.8989898989898
 75 494.9494949494949
 0 500


