# Created by Octave 3.8.2, Mon Jun 22 07:41:19 2020 CEST <damian@fptrucha.inv.usc.es>
# name: hd
# type: matrix
# rows: 100
# columns: 2
 2 0
 9 5.05050505050505
 2 10.1010101010101
 284 15.15151515151515
 2 20.2020202020202
 1 25.25252525252525
 144 30.3030303030303
 488 35.35353535353535
 559 40.4040404040404
 294 45.45454545454545
 130 50.50505050505051
 62 55.55555555555555
 1 60.6060606060606
 273 65.65656565656565
 197 70.7070707070707
 519 75.75757575757575
 4 80.8080808080808
 5 85.85858585858585
 59 90.90909090909091
 3 95.95959595959596
 3 101.010101010101
 180 106.060606060606
 181 111.1111111111111
 368 116.1616161616162
 187 121.2121212121212
 90 126.2626262626263
 3 131.3131313131313
 2 136.3636363636363
 61 141.4141414141414
 109 146.4646464646464
 387 151.5151515151515
 238 156.5656565656566
 3 161.6161616161616
 2 166.6666666666667
 67 171.7171717171717
 43 176.7676767676768
 1 181.8181818181818
 2 186.8686868686869
 185 191.9191919191919
 249 196.969696969697
 55 202.020202020202
 81 207.070707070707
 174 212.1212121212121
 58 217.1717171717171
 94 222.2222222222222
 244 227.2727272727273
 118 232.3232323232323
 1 237.3737373737374
 31 242.4242424242424
 121 247.4747474747475
 26 252.5252525252525
 118 257.5757575757576
 139 262.6262626262626
 38 267.6767676767677
 268 272.7272727272727
 139 277.7777777777778
 414 282.8282828282828
 194 287.8787878787879
 3 292.9292929292929
 2 297.979797979798
 0 303.030303030303
 194 308.0808080808081
 25 313.1313131313131
 32 318.1818181818182
 34 323.2323232323232
 37 328.2828282828282
 172 333.3333333333333
 60 338.3838383838383
 19 343.4343434343434
 185 348.4848484848484
 78 353.5353535353535
 19 358.5858585858585
 2 363.6363636363636
 54 368.6868686868686
 41 373.7373737373737
 36 378.7878787878788
 1 383.8383838383838
 1 388.8888888888889
 311 393.9393939393939
 65 398.989898989899
 57 404.040404040404
 177 409.0909090909091
 145 414.1414141414141
 512 419.1919191919192
 21 424.2424242424242
 213 429.2929292929293
 177 434.3434343434343
 1 439.3939393939394
 58 444.4444444444444
 79 449.4949494949495
 69 454.5454545454545
 1 459.5959595959596
 4 464.6464646464646
 1 469.6969696969697
 0 474.7474747474747
 2 479.7979797979798
 18 484.8484848484848
 22 489.8989898989898
 73 494.9494949494949
 0 500


