# Created by Octave 3.8.2, Sat Jun 20 05:49:20 2020 CEST <damian@fptrucha.inv.usc.es>
# name: hd
# type: matrix
# rows: 100
# columns: 2
 0 0
 4 5.05050505050505
 0 10.1010101010101
 331 15.15151515151515
 3 20.2020202020202
 1 25.25252525252525
 188 30.3030303030303
 570 35.35353535353535
 661 40.4040404040404
 370 45.45454545454545
 132 50.50505050505051
 74 55.55555555555555
 2 60.6060606060606
 275 65.65656565656565
 231 70.7070707070707
 586 75.75757575757575
 1 80.8080808080808
 1 85.85858585858585
 55 90.90909090909091
 4 95.95959595959596
 3 101.010101010101
 201 106.060606060606
 206 111.1111111111111
 403 116.1616161616162
 201 121.2121212121212
 104 126.2626262626263
 0 131.3131313131313
 2 136.3636363636363
 73 141.4141414141414
 111 146.4646464646464
 498 151.5151515151515
 307 156.5656565656566
 0 161.6161616161616
 0 166.6666666666667
 70 171.7171717171717
 37 176.7676767676768
 2 181.8181818181818
 0 186.8686868686869
 219 191.9191919191919
 286 196.969696969697
 45 202.020202020202
 105 207.070707070707
 214 212.1212121212121
 60 217.1717171717171
 111 222.2222222222222
 264 227.2727272727273
 149 232.3232323232323
 0 237.3737373737374
 24 242.4242424242424
 151 247.4747474747475
 19 252.5252525252525
 138 257.5757575757576
 162 262.6262626262626
 53 267.6767676767677
 272 272.7272727272727
 164 277.7777777777778
 509 282.8282828282828
 218 287.8787878787879
 1 292.9292929292929
 0 297.979797979798
 0 303.030303030303
 253 308.0808080808081
 33 313.1313131313131
 46 318.1818181818182
 25 323.2323232323232
 54 328.2828282828282
 195 333.3333333333333
 81 338.3838383838383
 21 343.4343434343434
 176 348.4848484848484
 114 353.5353535353535
 43 358.5858585858585
 3 363.6363636363636
 50 368.6868686868686
 46 373.7373737373737
 60 378.7878787878788
 1 383.8383838383838
 0 388.8888888888889
 322 393.9393939393939
 67 398.989898989899
 50 404.040404040404
 172 409.0909090909091
 155 414.1414141414141
 577 419.1919191919192
 27 424.2424242424242
 248 429.2929292929293
 179 434.3434343434343
 2 439.3939393939394
 64 444.4444444444444
 94 449.4949494949495
 56 454.5454545454545
 1 459.5959595959596
 0 464.6464646464646
 0 469.6969696969697
 0 474.7474747474747
 0 479.7979797979798
 19 484.8484848484848
 21 489.8989898989898
 94 494.9494949494949
 0 500


