# Created by Octave 3.8.2, Sat Jun 20 20:02:23 2020 CEST <damian@fptrucha.inv.usc.es>
# name: hd
# type: matrix
# rows: 100
# columns: 2
 3 0
 2 5.05050505050505
 1 10.1010101010101
 265 15.15151515151515
 1 20.2020202020202
 0 25.25252525252525
 144 30.3030303030303
 510 35.35353535353535
 590 40.4040404040404
 297 45.45454545454545
 108 50.50505050505051
 63 55.55555555555555
 2 60.6060606060606
 242 65.65656565656565
 209 70.7070707070707
 613 75.75757575757575
 1 80.8080808080808
 0 85.85858585858585
 61 90.90909090909091
 3 95.95959595959596
 3 101.010101010101
 183 106.060606060606
 192 111.1111111111111
 376 116.1616161616162
 203 121.2121212121212
 83 126.2626262626263
 1 131.3131313131313
 4 136.3636363636363
 54 141.4141414141414
 92 146.4646464646464
 414 151.5151515151515
 284 156.5656565656566
 1 161.6161616161616
 1 166.6666666666667
 70 171.7171717171717
 40 176.7676767676768
 0 181.8181818181818
 0 186.8686868686869
 202 191.9191919191919
 295 196.969696969697
 37 202.020202020202
 96 207.070707070707
 212 212.1212121212121
 54 217.1717171717171
 107 222.2222222222222
 188 227.2727272727273
 129 232.3232323232323
 3 237.3737373737374
 18 242.4242424242424
 145 247.4747474747475
 16 252.5252525252525
 114 257.5757575757576
 138 262.6262626262626
 34 267.6767676767677
 241 272.7272727272727
 167 277.7777777777778
 407 282.8282828282828
 183 287.8787878787879
 0 292.9292929292929
 0 297.979797979798
 0 303.030303030303
 183 308.0808080808081
 29 313.1313131313131
 40 318.1818181818182
 35 323.2323232323232
 40 328.2828282828282
 161 333.3333333333333
 66 338.3838383838383
 11 343.4343434343434
 197 348.4848484848484
 111 353.5353535353535
 33 358.5858585858585
 1 363.6363636363636
 38 368.6868686868686
 43 373.7373737373737
 29 378.7878787878788
 1 383.8383838383838
 2 388.8888888888889
 307 393.9393939393939
 56 398.989898989899
 66 404.040404040404
 171 409.0909090909091
 144 414.1414141414141
 585 419.1919191919192
 30 424.2424242424242
 228 429.2929292929293
 160 434.3434343434343
 2 439.3939393939394
 58 444.4444444444444
 69 449.4949494949495
 54 454.5454545454545
 1 459.5959595959596
 1 464.6464646464646
 1 469.6969696969697
 2 474.7474747474747
 0 479.7979797979798
 24 484.8484848484848
 31 489.8989898989898
 75 494.9494949494949
 0 500


