# Created by Octave 3.8.2, Mon Jun 22 15:12:54 2020 CEST <damian@fptrucha.inv.usc.es>
# name: hd
# type: matrix
# rows: 100
# columns: 2
 1 0
 2 5.05050505050505
 5 10.1010101010101
 275 15.15151515151515
 2 20.2020202020202
 0 25.25252525252525
 168 30.3030303030303
 522 35.35353535353535
 605 40.4040404040404
 310 45.45454545454545
 131 50.50505050505051
 61 55.55555555555555
 3 60.6060606060606
 269 65.65656565656565
 218 70.7070707070707
 534 75.75757575757575
 2 80.8080808080808
 2 85.85858585858585
 60 90.90909090909091
 0 95.95959595959596
 5 101.010101010101
 168 106.060606060606
 172 111.1111111111111
 389 116.1616161616162
 229 121.2121212121212
 90 126.2626262626263
 1 131.3131313131313
 3 136.3636363636363
 71 141.4141414141414
 90 146.4646464646464
 478 151.5151515151515
 262 156.5656565656566
 6 161.6161616161616
 1 166.6666666666667
 73 171.7171717171717
 31 176.7676767676768
 0 181.8181818181818
 1 186.8686868686869
 174 191.9191919191919
 272 196.969696969697
 38 202.020202020202
 87 207.070707070707
 188 212.1212121212121
 66 217.1717171717171
 101 222.2222222222222
 245 227.2727272727273
 141 232.3232323232323
 2 237.3737373737374
 22 242.4242424242424
 141 247.4747474747475
 22 252.5252525252525
 110 257.5757575757576
 156 262.6262626262626
 32 267.6767676767677
 272 272.7272727272727
 183 277.7777777777778
 477 282.8282828282828
 203 287.8787878787879
 1 292.9292929292929
 0 297.979797979798
 0 303.030303030303
 222 308.0808080808081
 21 313.1313131313131
 46 318.1818181818182
 33 323.2323232323232
 45 328.2828282828282
 194 333.3333333333333
 58 338.3838383838383
 26 343.4343434343434
 195 348.4848484848484
 84 353.5353535353535
 39 358.5858585858585
 1 363.6363636363636
 55 368.6868686868686
 50 373.7373737373737
 38 378.7878787878788
 0 383.8383838383838
 0 388.8888888888889
 315 393.9393939393939
 71 398.989898989899
 51 404.040404040404
 190 409.0909090909091
 144 414.1414141414141
 566 419.1919191919192
 26 424.2424242424242
 260 429.2929292929293
 193 434.3434343434343
 4 439.3939393939394
 65 444.4444444444444
 67 449.4949494949495
 51 454.5454545454545
 0 459.5959595959596
 0 464.6464646464646
 0 469.6969696969697
 0 474.7474747474747
 0 479.7979797979798
 25 484.8484848484848
 22 489.8989898989898
 80 494.9494949494949
 0 500


