# Created by Octave 3.8.2, Mon Jun 22 21:53:37 2020 CEST <damian@fptrucha.inv.usc.es>
# name: hd
# type: matrix
# rows: 100
# columns: 2
 1 0
 3 5.05050505050505
 1 10.1010101010101
 290 15.15151515151515
 1 20.2020202020202
 0 25.25252525252525
 168 30.3030303030303
 504 35.35353535353535
 584 40.4040404040404
 340 45.45454545454545
 126 50.50505050505051
 71 55.55555555555555
 3 60.6060606060606
 301 65.65656565656565
 198 70.7070707070707
 629 75.75757575757575
 2 80.8080808080808
 0 85.85858585858585
 67 90.90909090909091
 5 95.95959595959596
 5 101.010101010101
 192 106.060606060606
 178 111.1111111111111
 442 116.1616161616162
 241 121.2121212121212
 93 126.2626262626263
 1 131.3131313131313
 4 136.3636363636363
 55 141.4141414141414
 106 146.4646464646464
 479 151.5151515151515
 274 156.5656565656566
 1 161.6161616161616
 0 166.6666666666667
 88 171.7171717171717
 33 176.7676767676768
 0 181.8181818181818
 1 186.8686868686869
 188 191.9191919191919
 312 196.969696969697
 51 202.020202020202
 103 207.070707070707
 199 212.1212121212121
 64 217.1717171717171
 110 222.2222222222222
 264 227.2727272727273
 140 232.3232323232323
 0 237.3737373737374
 24 242.4242424242424
 131 247.4747474747475
 24 252.5252525252525
 120 257.5757575757576
 143 262.6262626262626
 43 267.6767676767677
 281 272.7272727272727
 135 277.7777777777778
 438 282.8282828282828
 211 287.8787878787879
 1 292.9292929292929
 1 297.979797979798
 0 303.030303030303
 201 308.0808080808081
 25 313.1313131313131
 37 318.1818181818182
 33 323.2323232323232
 33 328.2828282828282
 196 333.3333333333333
 87 338.3838383838383
 23 343.4343434343434
 198 348.4848484848484
 111 353.5353535353535
 31 358.5858585858585
 2 363.6363636363636
 52 368.6868686868686
 36 373.7373737373737
 39 378.7878787878788
 0 383.8383838383838
 1 388.8888888888889
 345 393.9393939393939
 66 398.989898989899
 81 404.040404040404
 185 409.0909090909091
 162 414.1414141414141
 540 419.1919191919192
 26 424.2424242424242
 227 429.2929292929293
 170 434.3434343434343
 2 439.3939393939394
 75 444.4444444444444
 81 449.4949494949495
 67 454.5454545454545
 1 459.5959595959596
 0 464.6464646464646
 1 469.6969696969697
 0 474.7474747474747
 3 479.7979797979798
 21 484.8484848484848
 18 489.8989898989898
 84 494.9494949494949
 0 500


