# Created by Octave 3.8.2, Mon Jun 22 21:52:25 2020 CEST <damian@fptrucha.inv.usc.es>
# name: hd
# type: matrix
# rows: 100
# columns: 2
 2 0
 3 5.05050505050505
 0 10.1010101010101
 302 15.15151515151515
 2 20.2020202020202
 1 25.25252525252525
 161 30.3030303030303
 521 35.35353535353535
 655 40.4040404040404
 349 45.45454545454545
 139 50.50505050505051
 59 55.55555555555555
 2 60.6060606060606
 303 65.65656565656565
 223 70.7070707070707
 593 75.75757575757575
 1 80.8080808080808
 1 85.85858585858585
 63 90.90909090909091
 4 95.95959595959596
 5 101.010101010101
 192 106.060606060606
 186 111.1111111111111
 405 116.1616161616162
 235 121.2121212121212
 92 126.2626262626263
 1 131.3131313131313
 2 136.3636363636363
 77 141.4141414141414
 99 146.4646464646464
 466 151.5151515151515
 284 156.5656565656566
 3 161.6161616161616
 2 166.6666666666667
 69 171.7171717171717
 21 176.7676767676768
 2 181.8181818181818
 0 186.8686868686869
 212 191.9191919191919
 254 196.969696969697
 58 202.020202020202
 88 207.070707070707
 186 212.1212121212121
 58 217.1717171717171
 103 222.2222222222222
 247 227.2727272727273
 138 232.3232323232323
 2 237.3737373737374
 20 242.4242424242424
 136 247.4747474747475
 24 252.5252525252525
 130 257.5757575757576
 151 262.6262626262626
 36 267.6767676767677
 275 272.7272727272727
 163 277.7777777777778
 465 282.8282828282828
 224 287.8787878787879
 3 292.9292929292929
 0 297.979797979798
 0 303.030303030303
 210 308.0808080808081
 29 313.1313131313131
 50 318.1818181818182
 24 323.2323232323232
 51 328.2828282828282
 204 333.3333333333333
 78 338.3838383838383
 13 343.4343434343434
 188 348.4848484848484
 99 353.5353535353535
 32 358.5858585858585
 4 363.6363636363636
 37 368.6868686868686
 40 373.7373737373737
 38 378.7878787878788
 0 383.8383838383838
 1 388.8888888888889
 350 393.9393939393939
 60 398.989898989899
 73 404.040404040404
 194 409.0909090909091
 146 414.1414141414141
 576 419.1919191919192
 28 424.2424242424242
 246 429.2929292929293
 189 434.3434343434343
 1 439.3939393939394
 46 444.4444444444444
 82 449.4949494949495
 60 454.5454545454545
 0 459.5959595959596
 0 464.6464646464646
 3 469.6969696969697
 2 474.7474747474747
 3 479.7979797979798
 15 484.8484848484848
 13 489.8989898989898
 78 494.9494949494949
 0 500


