# Created by Octave 3.8.2, Sat Jun 20 18:25:32 2020 CEST <damian@fptrucha.inv.usc.es>
# name: hd
# type: matrix
# rows: 100
# columns: 2
 2 0
 5 5.05050505050505
 1 10.1010101010101
 292 15.15151515151515
 2 20.2020202020202
 0 25.25252525252525
 157 30.3030303030303
 549 35.35353535353535
 588 40.4040404040404
 300 45.45454545454545
 130 50.50505050505051
 58 55.55555555555555
 2 60.6060606060606
 280 65.65656565656565
 200 70.7070707070707
 558 75.75757575757575
 2 80.8080808080808
 0 85.85858585858585
 68 90.90909090909091
 1 95.95959595959596
 2 101.010101010101
 180 106.060606060606
 180 111.1111111111111
 389 116.1616161616162
 168 121.2121212121212
 84 126.2626262626263
 0 131.3131313131313
 3 136.3636363636363
 61 141.4141414141414
 103 146.4646464646464
 481 151.5151515151515
 255 156.5656565656566
 1 161.6161616161616
 1 166.6666666666667
 72 171.7171717171717
 44 176.7676767676768
 0 181.8181818181818
 0 186.8686868686869
 187 191.9191919191919
 256 196.969696969697
 54 202.020202020202
 74 207.070707070707
 185 212.1212121212121
 60 217.1717171717171
 92 222.2222222222222
 224 227.2727272727273
 124 232.3232323232323
 0 237.3737373737374
 12 242.4242424242424
 147 247.4747474747475
 25 252.5252525252525
 120 257.5757575757576
 134 262.6262626262626
 35 267.6767676767677
 240 272.7272727272727
 136 277.7777777777778
 433 282.8282828282828
 216 287.8787878787879
 1 292.9292929292929
 1 297.979797979798
 1 303.030303030303
 221 308.0808080808081
 34 313.1313131313131
 39 318.1818181818182
 28 323.2323232323232
 33 328.2828282828282
 187 333.3333333333333
 58 338.3838383838383
 18 343.4343434343434
 214 348.4848484848484
 101 353.5353535353535
 31 358.5858585858585
 1 363.6363636363636
 48 368.6868686868686
 47 373.7373737373737
 43 378.7878787878788
 1 383.8383838383838
 0 388.8888888888889
 320 393.9393939393939
 61 398.989898989899
 67 404.040404040404
 172 409.0909090909091
 143 414.1414141414141
 551 419.1919191919192
 24 424.2424242424242
 203 429.2929292929293
 159 434.3434343434343
 2 439.3939393939394
 47 444.4444444444444
 83 449.4949494949495
 54 454.5454545454545
 2 459.5959595959596
 0 464.6464646464646
 1 469.6969696969697
 1 474.7474747474747
 2 479.7979797979798
 23 484.8484848484848
 29 489.8989898989898
 78 494.9494949494949
 0 500


