# Created by Octave 3.8.2, Mon Jun 22 17:16:13 2020 CEST <damian@fptrucha.inv.usc.es>
# name: hd
# type: matrix
# rows: 100
# columns: 2
 4 0
 6 5.05050505050505
 2 10.1010101010101
 322 15.15151515151515
 4 20.2020202020202
 2 25.25252525252525
 162 30.3030303030303
 556 35.35353535353535
 587 40.4040404040404
 291 45.45454545454545
 136 50.50505050505051
 70 55.55555555555555
 1 60.6060606060606
 287 65.65656565656565
 226 70.7070707070707
 587 75.75757575757575
 1 80.8080808080808
 2 85.85858585858585
 74 90.90909090909091
 1 95.95959595959596
 6 101.010101010101
 202 106.060606060606
 180 111.1111111111111
 413 116.1616161616162
 188 121.2121212121212
 92 126.2626262626263
 1 131.3131313131313
 0 136.3636363636363
 72 141.4141414141414
 93 146.4646464646464
 413 151.5151515151515
 239 156.5656565656566
 3 161.6161616161616
 2 166.6666666666667
 81 171.7171717171717
 30 176.7676767676768
 1 181.8181818181818
 2 186.8686868686869
 210 191.9191919191919
 271 196.969696969697
 45 202.020202020202
 105 207.070707070707
 178 212.1212121212121
 67 217.1717171717171
 106 222.2222222222222
 240 227.2727272727273
 133 232.3232323232323
 0 237.3737373737374
 27 242.4242424242424
 153 247.4747474747475
 28 252.5252525252525
 122 257.5757575757576
 142 262.6262626262626
 42 267.6767676767677
 310 272.7272727272727
 121 277.7777777777778
 474 282.8282828282828
 199 287.8787878787879
 4 292.9292929292929
 0 297.979797979798
 0 303.030303030303
 217 308.0808080808081
 27 313.1313131313131
 39 318.1818181818182
 29 323.2323232323232
 38 328.2828282828282
 188 333.3333333333333
 69 338.3838383838383
 25 343.4343434343434
 186 348.4848484848484
 107 353.5353535353535
 34 358.5858585858585
 1 363.6363636363636
 52 368.6868686868686
 34 373.7373737373737
 30 378.7878787878788
 1 383.8383838383838
 4 388.8888888888889
 320 393.9393939393939
 86 398.989898989899
 65 404.040404040404
 199 409.0909090909091
 139 414.1414141414141
 581 419.1919191919192
 22 424.2424242424242
 247 429.2929292929293
 189 434.3434343434343
 3 439.3939393939394
 56 444.4444444444444
 80 449.4949494949495
 64 454.5454545454545
 3 459.5959595959596
 1 464.6464646464646
 3 469.6969696969697
 1 474.7474747474747
 0 479.7979797979798
 23 484.8484848484848
 22 489.8989898989898
 78 494.9494949494949
 0 500


