# Created by Octave 3.8.2, Mon Jun 22 07:11:42 2020 CEST <damian@fptrucha.inv.usc.es>
# name: hd
# type: matrix
# rows: 100
# columns: 2
 6 0
 6 5.05050505050505
 0 10.1010101010101
 248 15.15151515151515
 3 20.2020202020202
 1 25.25252525252525
 166 30.3030303030303
 494 35.35353535353535
 538 40.4040404040404
 288 45.45454545454545
 129 50.50505050505051
 77 55.55555555555555
 3 60.6060606060606
 282 65.65656565656565
 190 70.7070707070707
 549 75.75757575757575
 1 80.8080808080808
 1 85.85858585858585
 51 90.90909090909091
 6 95.95959595959596
 5 101.010101010101
 183 106.060606060606
 147 111.1111111111111
 378 116.1616161616162
 209 121.2121212121212
 86 126.2626262626263
 1 131.3131313131313
 2 136.3636363636363
 63 141.4141414141414
 82 146.4646464646464
 367 151.5151515151515
 247 156.5656565656566
 4 161.6161616161616
 2 166.6666666666667
 66 171.7171717171717
 28 176.7676767676768
 2 181.8181818181818
 2 186.8686868686869
 201 191.9191919191919
 251 196.969696969697
 50 202.020202020202
 86 207.070707070707
 175 212.1212121212121
 54 217.1717171717171
 74 222.2222222222222
 209 227.2727272727273
 134 232.3232323232323
 1 237.3737373737374
 16 242.4242424242424
 138 247.4747474747475
 20 252.5252525252525
 108 257.5757575757576
 117 262.6262626262626
 56 267.6767676767677
 244 272.7272727272727
 153 277.7777777777778
 455 282.8282828282828
 187 287.8787878787879
 1 292.9292929292929
 2 297.979797979798
 0 303.030303030303
 194 308.0808080808081
 32 313.1313131313131
 35 318.1818181818182
 37 323.2323232323232
 30 328.2828282828282
 184 333.3333333333333
 60 338.3838383838383
 13 343.4343434343434
 189 348.4848484848484
 82 353.5353535353535
 21 358.5858585858585
 2 363.6363636363636
 42 368.6868686868686
 37 373.7373737373737
 38 378.7878787878788
 1 383.8383838383838
 1 388.8888888888889
 302 393.9393939393939
 54 398.989898989899
 51 404.040404040404
 161 409.0909090909091
 134 414.1414141414141
 538 419.1919191919192
 24 424.2424242424242
 208 429.2929292929293
 171 434.3434343434343
 5 439.3939393939394
 53 444.4444444444444
 76 449.4949494949495
 60 454.5454545454545
 2 459.5959595959596
 1 464.6464646464646
 2 469.6969696969697
 5 474.7474747474747
 4 479.7979797979798
 22 484.8484848484848
 19 489.8989898989898
 67 494.9494949494949
 0 500


