# Created by Octave 3.8.2, Mon Jun 22 05:43:01 2020 CEST <damian@fptrucha.inv.usc.es>
# name: hd
# type: matrix
# rows: 100
# columns: 2
 3 0
 1 5.05050505050505
 3 10.1010101010101
 266 15.15151515151515
 3 20.2020202020202
 2 25.25252525252525
 146 30.3030303030303
 484 35.35353535353535
 526 40.4040404040404
 300 45.45454545454545
 106 50.50505050505051
 71 55.55555555555555
 2 60.6060606060606
 245 65.65656565656565
 206 70.7070707070707
 497 75.75757575757575
 2 80.8080808080808
 0 85.85858585858585
 48 90.90909090909091
 5 95.95959595959596
 4 101.010101010101
 174 106.060606060606
 158 111.1111111111111
 394 116.1616161616162
 191 121.2121212121212
 71 126.2626262626263
 5 131.3131313131313
 3 136.3636363636363
 51 141.4141414141414
 96 146.4646464646464
 397 151.5151515151515
 238 156.5656565656566
 2 161.6161616161616
 0 166.6666666666667
 76 171.7171717171717
 52 176.7676767676768
 1 181.8181818181818
 1 186.8686868686869
 149 191.9191919191919
 252 196.969696969697
 38 202.020202020202
 81 207.070707070707
 170 212.1212121212121
 46 217.1717171717171
 76 222.2222222222222
 199 227.2727272727273
 126 232.3232323232323
 1 237.3737373737374
 20 242.4242424242424
 89 247.4747474747475
 20 252.5252525252525
 105 257.5757575757576
 95 262.6262626262626
 43 267.6767676767677
 279 272.7272727272727
 151 277.7777777777778
 383 282.8282828282828
 186 287.8787878787879
 0 292.9292929292929
 0 297.979797979798
 0 303.030303030303
 192 308.0808080808081
 34 313.1313131313131
 38 318.1818181818182
 32 323.2323232323232
 38 328.2828282828282
 161 333.3333333333333
 70 338.3838383838383
 14 343.4343434343434
 158 348.4848484848484
 96 353.5353535353535
 20 358.5858585858585
 2 363.6363636363636
 39 368.6868686868686
 43 373.7373737373737
 33 378.7878787878788
 2 383.8383838383838
 2 388.8888888888889
 310 393.9393939393939
 70 398.989898989899
 52 404.040404040404
 164 409.0909090909091
 145 414.1414141414141
 476 419.1919191919192
 17 424.2424242424242
 213 429.2929292929293
 144 434.3434343434343
 3 439.3939393939394
 49 444.4444444444444
 62 449.4949494949495
 58 454.5454545454545
 2 459.5959595959596
 2 464.6464646464646
 0 469.6969696969697
 2 474.7474747474747
 0 479.7979797979798
 19 484.8484848484848
 22 489.8989898989898
 69 494.9494949494949
 0 500


