# Created by Octave 3.8.2, Mon Jun 22 22:10:57 2020 CEST <damian@fptrucha.inv.usc.es>
# name: hd
# type: matrix
# rows: 100
# columns: 2
 0 0
 3 5.05050505050505
 1 10.1010101010101
 298 15.15151515151515
 5 20.2020202020202
 2 25.25252525252525
 147 30.3030303030303
 572 35.35353535353535
 637 40.4040404040404
 367 45.45454545454545
 138 50.50505050505051
 70 55.55555555555555
 5 60.6060606060606
 294 65.65656565656565
 219 70.7070707070707
 569 75.75757575757575
 3 80.8080808080808
 2 85.85858585858585
 62 90.90909090909091
 5 95.95959595959596
 3 101.010101010101
 175 106.060606060606
 172 111.1111111111111
 422 116.1616161616162
 242 121.2121212121212
 88 126.2626262626263
 0 131.3131313131313
 3 136.3636363636363
 69 141.4141414141414
 102 146.4646464646464
 434 151.5151515151515
 248 156.5656565656566
 3 161.6161616161616
 0 166.6666666666667
 80 171.7171717171717
 26 176.7676767676768
 1 181.8181818181818
 1 186.8686868686869
 204 191.9191919191919
 273 196.969696969697
 55 202.020202020202
 91 207.070707070707
 219 212.1212121212121
 78 217.1717171717171
 97 222.2222222222222
 243 227.2727272727273
 170 232.3232323232323
 0 237.3737373737374
 25 242.4242424242424
 159 247.4747474747475
 31 252.5252525252525
 117 257.5757575757576
 137 262.6262626262626
 28 267.6767676767677
 271 272.7272727272727
 155 277.7777777777778
 469 282.8282828282828
 217 287.8787878787879
 1 292.9292929292929
 2 297.979797979798
 0 303.030303030303
 220 308.0808080808081
 43 313.1313131313131
 41 318.1818181818182
 31 323.2323232323232
 42 328.2828282828282
 205 333.3333333333333
 72 338.3838383838383
 22 343.4343434343434
 204 348.4848484848484
 91 353.5353535353535
 26 358.5858585858585
 1 363.6363636363636
 41 368.6868686868686
 40 373.7373737373737
 32 378.7878787878788
 0 383.8383838383838
 0 388.8888888888889
 327 393.9393939393939
 48 398.989898989899
 59 404.040404040404
 199 409.0909090909091
 161 414.1414141414141
 573 419.1919191919192
 25 424.2424242424242
 286 429.2929292929293
 201 434.3434343434343
 5 439.3939393939394
 66 444.4444444444444
 77 449.4949494949495
 48 454.5454545454545
 1 459.5959595959596
 1 464.6464646464646
 1 469.6969696969697
 2 474.7474747474747
 0 479.7979797979798
 27 484.8484848484848
 20 489.8989898989898
 71 494.9494949494949
 0 500


