# Created by Octave 3.8.2, Mon Jun 22 08:29:18 2020 CEST <damian@fptrucha.inv.usc.es>
# name: hd
# type: matrix
# rows: 100
# columns: 2
 2 0
 5 5.05050505050505
 1 10.1010101010101
 297 15.15151515151515
 6 20.2020202020202
 1 25.25252525252525
 158 30.3030303030303
 471 35.35353535353535
 525 40.4040404040404
 274 45.45454545454545
 130 50.50505050505051
 58 55.55555555555555
 4 60.6060606060606
 255 65.65656565656565
 197 70.7070707070707
 535 75.75757575757575
 1 80.8080808080808
 2 85.85858585858585
 66 90.90909090909091
 6 95.95959595959596
 4 101.010101010101
 172 106.060606060606
 179 111.1111111111111
 357 116.1616161616162
 183 121.2121212121212
 87 126.2626262626263
 1 131.3131313131313
 0 136.3636363636363
 66 141.4141414141414
 89 146.4646464646464
 382 151.5151515151515
 230 156.5656565656566
 2 161.6161616161616
 2 166.6666666666667
 60 171.7171717171717
 26 176.7676767676768
 0 181.8181818181818
 1 186.8686868686869
 172 191.9191919191919
 240 196.969696969697
 59 202.020202020202
 89 207.070707070707
 158 212.1212121212121
 66 217.1717171717171
 108 222.2222222222222
 232 227.2727272727273
 109 232.3232323232323
 1 237.3737373737374
 28 242.4242424242424
 123 247.4747474747475
 28 252.5252525252525
 111 257.5757575757576
 142 262.6262626262626
 34 267.6767676767677
 248 272.7272727272727
 125 277.7777777777778
 418 282.8282828282828
 185 287.8787878787879
 1 292.9292929292929
 1 297.979797979798
 0 303.030303030303
 220 308.0808080808081
 24 313.1313131313131
 43 318.1818181818182
 34 323.2323232323232
 38 328.2828282828282
 190 333.3333333333333
 66 338.3838383838383
 22 343.4343434343434
 194 348.4848484848484
 97 353.5353535353535
 29 358.5858585858585
 0 363.6363636363636
 55 368.6868686868686
 38 373.7373737373737
 37 378.7878787878788
 0 383.8383838383838
 2 388.8888888888889
 322 393.9393939393939
 62 398.989898989899
 71 404.040404040404
 167 409.0909090909091
 150 414.1414141414141
 552 419.1919191919192
 19 424.2424242424242
 244 429.2929292929293
 175 434.3434343434343
 6 439.3939393939394
 62 444.4444444444444
 79 449.4949494949495
 61 454.5454545454545
 0 459.5959595959596
 3 464.6464646464646
 2 469.6969696969697
 0 474.7474747474747
 2 479.7979797979798
 18 484.8484848484848
 16 489.8989898989898
 64 494.9494949494949
 0 500


