# Created by Octave 3.8.2, Sat Jun 20 13:53:34 2020 CEST <damian@fptrucha.inv.usc.es>
# name: hd
# type: matrix
# rows: 100
# columns: 2
 1 0
 3 5.05050505050505
 1 10.1010101010101
 304 15.15151515151515
 2 20.2020202020202
 0 25.25252525252525
 182 30.3030303030303
 566 35.35353535353535
 638 40.4040404040404
 353 45.45454545454545
 131 50.50505050505051
 73 55.55555555555555
 2 60.6060606060606
 276 65.65656565656565
 230 70.7070707070707
 553 75.75757575757575
 1 80.8080808080808
 0 85.85858585858585
 61 90.90909090909091
 2 95.95959595959596
 4 101.010101010101
 178 106.060606060606
 175 111.1111111111111
 407 116.1616161616162
 224 121.2121212121212
 94 126.2626262626263
 0 131.3131313131313
 0 136.3636363636363
 53 141.4141414141414
 93 146.4646464646464
 519 151.5151515151515
 286 156.5656565656566
 2 161.6161616161616
 0 166.6666666666667
 70 171.7171717171717
 31 176.7676767676768
 0 181.8181818181818
 2 186.8686868686869
 166 191.9191919191919
 255 196.969696969697
 43 202.020202020202
 101 207.070707070707
 209 212.1212121212121
 77 217.1717171717171
 121 222.2222222222222
 225 227.2727272727273
 153 232.3232323232323
 1 237.3737373737374
 23 242.4242424242424
 132 247.4747474747475
 22 252.5252525252525
 126 257.5757575757576
 138 262.6262626262626
 40 267.6767676767677
 288 272.7272727272727
 142 277.7777777777778
 471 282.8282828282828
 212 287.8787878787879
 0 292.9292929292929
 0 297.979797979798
 0 303.030303030303
 234 308.0808080808081
 29 313.1313131313131
 60 318.1818181818182
 26 323.2323232323232
 43 328.2828282828282
 218 333.3333333333333
 72 338.3838383838383
 17 343.4343434343434
 183 348.4848484848484
 104 353.5353535353535
 39 358.5858585858585
 1 363.6363636363636
 51 368.6868686868686
 50 373.7373737373737
 37 378.7878787878788
 0 383.8383838383838
 0 388.8888888888889
 356 393.9393939393939
 49 398.989898989899
 68 404.040404040404
 170 409.0909090909091
 156 414.1414141414141
 625 419.1919191919192
 18 424.2424242424242
 252 429.2929292929293
 198 434.3434343434343
 7 439.3939393939394
 51 444.4444444444444
 69 449.4949494949495
 57 454.5454545454545
 0 459.5959595959596
 0 464.6464646464646
 0 469.6969696969697
 0 474.7474747474747
 1 479.7979797979798
 13 484.8484848484848
 29 489.8989898989898
 67 494.9494949494949
 0 500


