# Created by Octave 3.8.2, Mon Jun 22 10:05:57 2020 CEST <damian@fptrucha.inv.usc.es>
# name: hd
# type: matrix
# rows: 100
# columns: 2
 3 0
 2 5.05050505050505
 1 10.1010101010101
 318 15.15151515151515
 2 20.2020202020202
 2 25.25252525252525
 148 30.3030303030303
 514 35.35353535353535
 570 40.4040404040404
 302 45.45454545454545
 140 50.50505050505051
 75 55.55555555555555
 4 60.6060606060606
 290 65.65656565656565
 222 70.7070707070707
 527 75.75757575757575
 3 80.8080808080808
 1 85.85858585858585
 53 90.90909090909091
 2 95.95959595959596
 3 101.010101010101
 179 106.060606060606
 175 111.1111111111111
 430 116.1616161616162
 189 121.2121212121212
 72 126.2626262626263
 0 131.3131313131313
 0 136.3636363636363
 72 141.4141414141414
 94 146.4646464646464
 423 151.5151515151515
 261 156.5656565656566
 4 161.6161616161616
 0 166.6666666666667
 70 171.7171717171717
 38 176.7676767676768
 0 181.8181818181818
 1 186.8686868686869
 189 191.9191919191919
 251 196.969696969697
 43 202.020202020202
 86 207.070707070707
 171 212.1212121212121
 68 217.1717171717171
 108 222.2222222222222
 220 227.2727272727273
 133 232.3232323232323
 1 237.3737373737374
 25 242.4242424242424
 139 247.4747474747475
 32 252.5252525252525
 111 257.5757575757576
 118 262.6262626262626
 38 267.6767676767677
 293 272.7272727272727
 131 277.7777777777778
 455 282.8282828282828
 198 287.8787878787879
 1 292.9292929292929
 0 297.979797979798
 2 303.030303030303
 208 308.0808080808081
 34 313.1313131313131
 36 318.1818181818182
 31 323.2323232323232
 36 328.2828282828282
 168 333.3333333333333
 60 338.3838383838383
 20 343.4343434343434
 183 348.4848484848484
 102 353.5353535353535
 38 358.5858585858585
 4 363.6363636363636
 64 368.6868686868686
 41 373.7373737373737
 41 378.7878787878788
 1 383.8383838383838
 0 388.8888888888889
 292 393.9393939393939
 57 398.989898989899
 67 404.040404040404
 162 409.0909090909091
 168 414.1414141414141
 519 419.1919191919192
 15 424.2424242424242
 228 429.2929292929293
 163 434.3434343434343
 7 439.3939393939394
 57 444.4444444444444
 85 449.4949494949495
 45 454.5454545454545
 2 459.5959595959596
 3 464.6464646464646
 0 469.6969696969697
 4 474.7474747474747
 2 479.7979797979798
 17 484.8484848484848
 13 489.8989898989898
 86 494.9494949494949
 0 500


