# Created by Octave 3.8.2, Sun Jun 21 00:04:33 2020 CEST <damian@fptrucha.inv.usc.es>
# name: hd
# type: matrix
# rows: 100
# columns: 2
 2 0
 2 5.05050505050505
 0 10.1010101010101
 296 15.15151515151515
 2 20.2020202020202
 0 25.25252525252525
 147 30.3030303030303
 512 35.35353535353535
 590 40.4040404040404
 277 45.45454545454545
 123 50.50505050505051
 70 55.55555555555555
 0 60.6060606060606
 238 65.65656565656565
 179 70.7070707070707
 539 75.75757575757575
 1 80.8080808080808
 1 85.85858585858585
 66 90.90909090909091
 4 95.95959595959596
 3 101.010101010101
 168 106.060606060606
 139 111.1111111111111
 358 116.1616161616162
 199 121.2121212121212
 85 126.2626262626263
 0 131.3131313131313
 1 136.3636363636363
 67 141.4141414141414
 85 146.4646464646464
 509 151.5151515151515
 260 156.5656565656566
 1 161.6161616161616
 0 166.6666666666667
 78 171.7171717171717
 32 176.7676767676768
 2 181.8181818181818
 0 186.8686868686869
 174 191.9191919191919
 264 196.969696969697
 41 202.020202020202
 90 207.070707070707
 206 212.1212121212121
 64 217.1717171717171
 102 222.2222222222222
 176 227.2727272727273
 136 232.3232323232323
 2 237.3737373737374
 18 242.4242424242424
 137 247.4747474747475
 13 252.5252525252525
 120 257.5757575757576
 144 262.6262626262626
 42 267.6767676767677
 248 272.7272727272727
 131 277.7777777777778
 446 282.8282828282828
 209 287.8787878787879
 0 292.9292929292929
 0 297.979797979798
 1 303.030303030303
 216 308.0808080808081
 19 313.1313131313131
 44 318.1818181818182
 41 323.2323232323232
 37 328.2828282828282
 159 333.3333333333333
 53 338.3838383838383
 14 343.4343434343434
 168 348.4848484848484
 110 353.5353535353535
 24 358.5858585858585
 0 363.6363636363636
 33 368.6868686868686
 36 373.7373737373737
 35 378.7878787878788
 0 383.8383838383838
 1 388.8888888888889
 299 393.9393939393939
 46 398.989898989899
 66 404.040404040404
 149 409.0909090909091
 127 414.1414141414141
 543 419.1919191919192
 21 424.2424242424242
 219 429.2929292929293
 166 434.3434343434343
 3 439.3939393939394
 62 444.4444444444444
 57 449.4949494949495
 60 454.5454545454545
 1 459.5959595959596
 2 464.6464646464646
 0 469.6969696969697
 1 474.7474747474747
 1 479.7979797979798
 20 484.8484848484848
 24 489.8989898989898
 80 494.9494949494949
 0 500


