# Created by Octave 3.8.2, Sat Jun 20 08:45:24 2020 CEST <damian@fptrucha.inv.usc.es>
# name: hd
# type: matrix
# rows: 100
# columns: 2
 1 0
 7 5.05050505050505
 0 10.1010101010101
 278 15.15151515151515
 3 20.2020202020202
 0 25.25252525252525
 161 30.3030303030303
 579 35.35353535353535
 713 40.4040404040404
 362 45.45454545454545
 167 50.50505050505051
 82 55.55555555555555
 0 60.6060606060606
 280 65.65656565656565
 264 70.7070707070707
 638 75.75757575757575
 3 80.8080808080808
 1 85.85858585858585
 78 90.90909090909091
 6 95.95959595959596
 1 101.010101010101
 190 106.060606060606
 192 111.1111111111111
 511 116.1616161616162
 221 121.2121212121212
 101 126.2626262626263
 0 131.3131313131313
 2 136.3636363636363
 79 141.4141414141414
 102 146.4646464646464
 543 151.5151515151515
 311 156.5656565656566
 2 161.6161616161616
 0 166.6666666666667
 81 171.7171717171717
 33 176.7676767676768
 0 181.8181818181818
 1 186.8686868686869
 222 191.9191919191919
 297 196.969696969697
 67 202.020202020202
 106 207.070707070707
 220 212.1212121212121
 68 217.1717171717171
 121 222.2222222222222
 263 227.2727272727273
 164 232.3232323232323
 2 237.3737373737374
 35 242.4242424242424
 143 247.4747474747475
 21 252.5252525252525
 122 257.5757575757576
 166 262.6262626262626
 52 267.6767676767677
 318 272.7272727272727
 167 277.7777777777778
 531 282.8282828282828
 226 287.8787878787879
 1 292.9292929292929
 0 297.979797979798
 2 303.030303030303
 248 308.0808080808081
 17 313.1313131313131
 50 318.1818181818182
 42 323.2323232323232
 50 328.2828282828282
 188 333.3333333333333
 72 338.3838383838383
 17 343.4343434343434
 226 348.4848484848484
 119 353.5353535353535
 34 358.5858585858585
 2 363.6363636363636
 45 368.6868686868686
 46 373.7373737373737
 42 378.7878787878788
 0 383.8383838383838
 0 388.8888888888889
 365 393.9393939393939
 59 398.989898989899
 59 404.040404040404
 186 409.0909090909091
 167 414.1414141414141
 595 419.1919191919192
 20 424.2424242424242
 260 429.2929292929293
 199 434.3434343434343
 3 439.3939393939394
 73 444.4444444444444
 88 449.4949494949495
 83 454.5454545454545
 2 459.5959595959596
 1 464.6464646464646
 0 469.6969696969697
 2 474.7474747474747
 1 479.7979797979798
 19 484.8484848484848
 29 489.8989898989898
 73 494.9494949494949
 0 500


