# Created by Octave 3.8.2, Sat Jun 20 11:14:14 2020 CEST <damian@fptrucha.inv.usc.es>
# name: hd
# type: matrix
# rows: 100
# columns: 2
 1 0
 1 5.05050505050505
 0 10.1010101010101
 331 15.15151515151515
 1 20.2020202020202
 2 25.25252525252525
 154 30.3030303030303
 630 35.35353535353535
 652 40.4040404040404
 331 45.45454545454545
 152 50.50505050505051
 67 55.55555555555555
 2 60.6060606060606
 286 65.65656565656565
 214 70.7070707070707
 627 75.75757575757575
 2 80.8080808080808
 3 85.85858585858585
 77 90.90909090909091
 3 95.95959595959596
 3 101.010101010101
 204 106.060606060606
 212 111.1111111111111
 450 116.1616161616162
 212 121.2121212121212
 103 126.2626262626263
 1 131.3131313131313
 3 136.3636363636363
 66 141.4141414141414
 86 146.4646464646464
 500 151.5151515151515
 281 156.5656565656566
 3 161.6161616161616
 1 166.6666666666667
 76 171.7171717171717
 44 176.7676767676768
 1 181.8181818181818
 2 186.8686868686869
 174 191.9191919191919
 277 196.969696969697
 57 202.020202020202
 97 207.070707070707
 198 212.1212121212121
 77 217.1717171717171
 119 222.2222222222222
 208 227.2727272727273
 141 232.3232323232323
 1 237.3737373737374
 35 242.4242424242424
 158 247.4747474747475
 15 252.5252525252525
 126 257.5757575757576
 163 262.6262626262626
 45 267.6767676767677
 284 272.7272727272727
 173 277.7777777777778
 480 282.8282828282828
 229 287.8787878787879
 1 292.9292929292929
 0 297.979797979798
 0 303.030303030303
 234 308.0808080808081
 21 313.1313131313131
 54 318.1818181818182
 37 323.2323232323232
 33 328.2828282828282
 176 333.3333333333333
 84 338.3838383838383
 9 343.4343434343434
 208 348.4848484848484
 117 353.5353535353535
 27 358.5858585858585
 0 363.6363636363636
 51 368.6868686868686
 47 373.7373737373737
 37 378.7878787878788
 0 383.8383838383838
 1 388.8888888888889
 324 393.9393939393939
 71 398.989898989899
 82 404.040404040404
 196 409.0909090909091
 147 414.1414141414141
 588 419.1919191919192
 27 424.2424242424242
 248 429.2929292929293
 207 434.3434343434343
 5 439.3939393939394
 54 444.4444444444444
 76 449.4949494949495
 52 454.5454545454545
 2 459.5959595959596
 0 464.6464646464646
 0 469.6969696969697
 2 474.7474747474747
 1 479.7979797979798
 20 484.8484848484848
 29 489.8989898989898
 75 494.9494949494949
 0 500


