# Created by Octave 3.8.2, Sat Jun 20 09:10:06 2020 CEST <damian@fptrucha.inv.usc.es>
# name: hd
# type: matrix
# rows: 100
# columns: 2
 1 0
 4 5.05050505050505
 0 10.1010101010101
 321 15.15151515151515
 2 20.2020202020202
 0 25.25252525252525
 140 30.3030303030303
 583 35.35353535353535
 663 40.4040404040404
 315 45.45454545454545
 172 50.50505050505051
 79 55.55555555555555
 4 60.6060606060606
 299 65.65656565656565
 224 70.7070707070707
 642 75.75757575757575
 2 80.8080808080808
 1 85.85858585858585
 72 90.90909090909091
 4 95.95959595959596
 3 101.010101010101
 211 106.060606060606
 210 111.1111111111111
 449 116.1616161616162
 215 121.2121212121212
 102 126.2626262626263
 1 131.3131313131313
 1 136.3636363636363
 96 141.4141414141414
 129 146.4646464646464
 527 151.5151515151515
 279 156.5656565656566
 3 161.6161616161616
 0 166.6666666666667
 86 171.7171717171717
 39 176.7676767676768
 2 181.8181818181818
 0 186.8686868686869
 213 191.9191919191919
 266 196.969696969697
 52 202.020202020202
 109 207.070707070707
 193 212.1212121212121
 69 217.1717171717171
 115 222.2222222222222
 242 227.2727272727273
 148 232.3232323232323
 2 237.3737373737374
 25 242.4242424242424
 139 247.4747474747475
 30 252.5252525252525
 156 257.5757575757576
 162 262.6262626262626
 40 267.6767676767677
 252 272.7272727272727
 143 277.7777777777778
 493 282.8282828282828
 244 287.8787878787879
 1 292.9292929292929
 1 297.979797979798
 0 303.030303030303
 244 308.0808080808081
 21 313.1313131313131
 50 318.1818181818182
 38 323.2323232323232
 57 328.2828282828282
 172 333.3333333333333
 91 338.3838383838383
 19 343.4343434343434
 217 348.4848484848484
 120 353.5353535353535
 27 358.5858585858585
 2 363.6363636363636
 51 368.6868686868686
 55 373.7373737373737
 41 378.7878787878788
 1 383.8383838383838
 0 388.8888888888889
 357 393.9393939393939
 74 398.989898989899
 68 404.040404040404
 192 409.0909090909091
 149 414.1414141414141
 606 419.1919191919192
 26 424.2424242424242
 261 429.2929292929293
 200 434.3434343434343
 2 439.3939393939394
 66 444.4444444444444
 94 449.4949494949495
 57 454.5454545454545
 1 459.5959595959596
 0 464.6464646464646
 1 469.6969696969697
 1 474.7474747474747
 1 479.7979797979798
 25 484.8484848484848
 18 489.8989898989898
 74 494.9494949494949
 0 500


