# Created by Octave 3.8.2, Sat Jun 20 03:20:57 2020 CEST <damian@fptrucha.inv.usc.es>
# name: hd
# type: matrix
# rows: 100
# columns: 2
 1 0
 4 5.05050505050505
 3 10.1010101010101
 308 15.15151515151515
 2 20.2020202020202
 1 25.25252525252525
 167 30.3030303030303
 565 35.35353535353535
 673 40.4040404040404
 326 45.45454545454545
 126 50.50505050505051
 66 55.55555555555555
 0 60.6060606060606
 250 65.65656565656565
 230 70.7070707070707
 633 75.75757575757575
 0 80.8080808080808
 1 85.85858585858585
 62 90.90909090909091
 4 95.95959595959596
 3 101.010101010101
 195 106.060606060606
 188 111.1111111111111
 427 116.1616161616162
 212 121.2121212121212
 85 126.2626262626263
 0 131.3131313131313
 1 136.3636363636363
 83 141.4141414141414
 106 146.4646464646464
 449 151.5151515151515
 300 156.5656565656566
 1 161.6161616161616
 0 166.6666666666667
 103 171.7171717171717
 33 176.7676767676768
 0 181.8181818181818
 1 186.8686868686869
 206 191.9191919191919
 274 196.969696969697
 51 202.020202020202
 93 207.070707070707
 243 212.1212121212121
 61 217.1717171717171
 122 222.2222222222222
 236 227.2727272727273
 145 232.3232323232323
 2 237.3737373737374
 21 242.4242424242424
 133 247.4747474747475
 14 252.5252525252525
 146 257.5757575757576
 134 262.6262626262626
 41 267.6767676767677
 268 272.7272727272727
 139 277.7777777777778
 510 282.8282828282828
 221 287.8787878787879
 0 292.9292929292929
 0 297.979797979798
 2 303.030303030303
 247 308.0808080808081
 23 313.1313131313131
 51 318.1818181818182
 34 323.2323232323232
 48 328.2828282828282
 188 333.3333333333333
 63 338.3838383838383
 19 343.4343434343434
 199 348.4848484848484
 100 353.5353535353535
 40 358.5858585858585
 0 363.6363636363636
 48 368.6868686868686
 37 373.7373737373737
 40 378.7878787878788
 1 383.8383838383838
 0 388.8888888888889
 327 393.9393939393939
 53 398.989898989899
 56 404.040404040404
 180 409.0909090909091
 148 414.1414141414141
 570 419.1919191919192
 15 424.2424242424242
 255 429.2929292929293
 196 434.3434343434343
 4 439.3939393939394
 62 444.4444444444444
 85 449.4949494949495
 56 454.5454545454545
 0 459.5959595959596
 1 464.6464646464646
 1 469.6969696969697
 1 474.7474747474747
 0 479.7979797979798
 25 484.8484848484848
 23 489.8989898989898
 75 494.9494949494949
 0 500


