# Created by Octave 3.8.2, Sat Jun 20 13:06:14 2020 CEST <damian@fptrucha.inv.usc.es>
# name: hd
# type: matrix
# rows: 100
# columns: 2
 3 0
 3 5.05050505050505
 2 10.1010101010101
 303 15.15151515151515
 2 20.2020202020202
 1 25.25252525252525
 172 30.3030303030303
 545 35.35353535353535
 630 40.4040404040404
 330 45.45454545454545
 134 50.50505050505051
 73 55.55555555555555
 1 60.6060606060606
 272 65.65656565656565
 208 70.7070707070707
 571 75.75757575757575
 1 80.8080808080808
 1 85.85858585858585
 55 90.90909090909091
 4 95.95959595959596
 2 101.010101010101
 190 106.060606060606
 176 111.1111111111111
 404 116.1616161616162
 191 121.2121212121212
 83 126.2626262626263
 0 131.3131313131313
 1 136.3636363636363
 88 141.4141414141414
 115 146.4646464646464
 441 151.5151515151515
 283 156.5656565656566
 2 161.6161616161616
 2 166.6666666666667
 66 171.7171717171717
 31 176.7676767676768
 2 181.8181818181818
 1 186.8686868686869
 217 191.9191919191919
 285 196.969696969697
 43 202.020202020202
 105 207.070707070707
 202 212.1212121212121
 80 217.1717171717171
 118 222.2222222222222
 226 227.2727272727273
 142 232.3232323232323
 0 237.3737373737374
 20 242.4242424242424
 132 247.4747474747475
 16 252.5252525252525
 117 257.5757575757576
 166 262.6262626262626
 43 267.6767676767677
 281 272.7272727272727
 152 277.7777777777778
 476 282.8282828282828
 217 287.8787878787879
 1 292.9292929292929
 2 297.979797979798
 0 303.030303030303
 215 308.0808080808081
 20 313.1313131313131
 50 318.1818181818182
 38 323.2323232323232
 51 328.2828282828282
 177 333.3333333333333
 74 338.3838383838383
 21 343.4343434343434
 200 348.4848484848484
 94 353.5353535353535
 19 358.5858585858585
 1 363.6363636363636
 58 368.6868686868686
 42 373.7373737373737
 30 378.7878787878788
 1 383.8383838383838
 1 388.8888888888889
 364 393.9393939393939
 55 398.989898989899
 65 404.040404040404
 182 409.0909090909091
 153 414.1414141414141
 584 419.1919191919192
 36 424.2424242424242
 271 429.2929292929293
 194 434.3434343434343
 1 439.3939393939394
 73 444.4444444444444
 82 449.4949494949495
 59 454.5454545454545
 0 459.5959595959596
 0 464.6464646464646
 2 469.6969696969697
 0 474.7474747474747
 1 479.7979797979798
 29 484.8484848484848
 15 489.8989898989898
 81 494.9494949494949
 0 500


