# Created by Octave 3.8.2, Mon Jun 22 23:17:41 2020 CEST <damian@fptrucha.inv.usc.es>
# name: hd
# type: matrix
# rows: 100
# columns: 2
 2 0
 4 5.05050505050505
 2 10.1010101010101
 267 15.15151515151515
 6 20.2020202020202
 2 25.25252525252525
 191 30.3030303030303
 570 35.35353535353535
 594 40.4040404040404
 344 45.45454545454545
 139 50.50505050505051
 76 55.55555555555555
 2 60.6060606060606
 244 65.65656565656565
 215 70.7070707070707
 609 75.75757575757575
 3 80.8080808080808
 2 85.85858585858585
 72 90.90909090909091
 3 95.95959595959596
 3 101.010101010101
 170 106.060606060606
 187 111.1111111111111
 408 116.1616161616162
 238 121.2121212121212
 93 126.2626262626263
 1 131.3131313131313
 1 136.3636363636363
 74 141.4141414141414
 115 146.4646464646464
 470 151.5151515151515
 261 156.5656565656566
 2 161.6161616161616
 4 166.6666666666667
 86 171.7171717171717
 41 176.7676767676768
 0 181.8181818181818
 1 186.8686868686869
 192 191.9191919191919
 284 196.969696969697
 58 202.020202020202
 102 207.070707070707
 207 212.1212121212121
 62 217.1717171717171
 97 222.2222222222222
 219 227.2727272727273
 138 232.3232323232323
 0 237.3737373737374
 29 242.4242424242424
 144 247.4747474747475
 18 252.5252525252525
 147 257.5757575757576
 162 262.6262626262626
 41 267.6767676767677
 275 272.7272727272727
 144 277.7777777777778
 484 282.8282828282828
 202 287.8787878787879
 2 292.9292929292929
 0 297.979797979798
 1 303.030303030303
 210 308.0808080808081
 28 313.1313131313131
 37 318.1818181818182
 34 323.2323232323232
 43 328.2828282828282
 196 333.3333333333333
 77 338.3838383838383
 17 343.4343434343434
 223 348.4848484848484
 124 353.5353535353535
 24 358.5858585858585
 1 363.6363636363636
 51 368.6868686868686
 48 373.7373737373737
 40 378.7878787878788
 1 383.8383838383838
 0 388.8888888888889
 314 393.9393939393939
 54 398.989898989899
 52 404.040404040404
 157 409.0909090909091
 172 414.1414141414141
 580 419.1919191919192
 22 424.2424242424242
 238 429.2929292929293
 196 434.3434343434343
 2 439.3939393939394
 54 444.4444444444444
 97 449.4949494949495
 67 454.5454545454545
 0 459.5959595959596
 1 464.6464646464646
 2 469.6969696969697
 1 474.7474747474747
 0 479.7979797979798
 12 484.8484848484848
 24 489.8989898989898
 63 494.9494949494949
 0 500


