# Created by Octave 3.8.2, Sat Jun 20 12:53:50 2020 CEST <damian@fptrucha.inv.usc.es>
# name: hd
# type: matrix
# rows: 100
# columns: 2
 0 0
 3 5.05050505050505
 0 10.1010101010101
 198 15.15151515151515
 1 20.2020202020202
 1 25.25252525252525
 111 30.3030303030303
 376 35.35353535353535
 443 40.4040404040404
 209 45.45454545454545
 87 50.50505050505051
 59 55.55555555555555
 0 60.6060606060606
 213 65.65656565656565
 160 70.7070707070707
 393 75.75757575757575
 0 80.8080808080808
 0 85.85858585858585
 45 90.90909090909091
 3 95.95959595959596
 1 101.010101010101
 134 106.060606060606
 137 111.1111111111111
 269 116.1616161616162
 132 121.2121212121212
 69 126.2626262626263
 0 131.3131313131313
 0 136.3636363636363
 54 141.4141414141414
 64 146.4646464646464
 298 151.5151515151515
 188 156.5656565656566
 0 161.6161616161616
 0 166.6666666666667
 51 171.7171717171717
 24 176.7676767676768
 0 181.8181818181818
 0 186.8686868686869
 146 191.9191919191919
 188 196.969696969697
 44 202.020202020202
 73 207.070707070707
 138 212.1212121212121
 46 217.1717171717171
 86 222.2222222222222
 143 227.2727272727273
 115 232.3232323232323
 0 237.3737373737374
 14 242.4242424242424
 91 247.4747474747475
 18 252.5252525252525
 93 257.5757575757576
 104 262.6262626262626
 17 267.6767676767677
 175 272.7272727272727
 111 277.7777777777778
 324 282.8282828282828
 156 287.8787878787879
 2 292.9292929292929
 2 297.979797979798
 0 303.030303030303
 149 308.0808080808081
 22 313.1313131313131
 33 318.1818181818182
 24 323.2323232323232
 20 328.2828282828282
 120 333.3333333333333
 37 338.3838383838383
 15 343.4343434343434
 127 348.4848484848484
 57 353.5353535353535
 19 358.5858585858585
 3 363.6363636363636
 26 368.6868686868686
 28 373.7373737373737
 23 378.7878787878788
 0 383.8383838383838
 0 388.8888888888889
 215 393.9393939393939
 45 398.989898989899
 50 404.040404040404
 113 409.0909090909091
 105 414.1414141414141
 407 419.1919191919192
 21 424.2424242424242
 177 429.2929292929293
 150 434.3434343434343
 1 439.3939393939394
 37 444.4444444444444
 65 449.4949494949495
 33 454.5454545454545
 2 459.5959595959596
 0 464.6464646464646
 0 469.6969696969697
 1 474.7474747474747
 0 479.7979797979798
 13 484.8484848484848
 12 489.8989898989898
 49 494.9494949494949
 0 500


