# Created by Octave 3.8.2, Mon Jun 22 12:20:04 2020 CEST <damian@fptrucha.inv.usc.es>
# name: hd
# type: matrix
# rows: 100
# columns: 2
 3 0
 2 5.05050505050505
 1 10.1010101010101
 275 15.15151515151515
 5 20.2020202020202
 0 25.25252525252525
 157 30.3030303030303
 502 35.35353535353535
 606 40.4040404040404
 285 45.45454545454545
 131 50.50505050505051
 66 55.55555555555555
 3 60.6060606060606
 257 65.65656565656565
 224 70.7070707070707
 584 75.75757575757575
 1 80.8080808080808
 4 85.85858585858585
 65 90.90909090909091
 4 95.95959595959596
 5 101.010101010101
 204 106.060606060606
 164 111.1111111111111
 379 116.1616161616162
 217 121.2121212121212
 90 126.2626262626263
 0 131.3131313131313
 3 136.3636363636363
 71 141.4141414141414
 68 146.4646464646464
 444 151.5151515151515
 252 156.5656565656566
 1 161.6161616161616
 1 166.6666666666667
 84 171.7171717171717
 39 176.7676767676768
 1 181.8181818181818
 1 186.8686868686869
 196 191.9191919191919
 276 196.969696969697
 47 202.020202020202
 94 207.070707070707
 203 212.1212121212121
 48 217.1717171717171
 94 222.2222222222222
 213 227.2727272727273
 133 232.3232323232323
 0 237.3737373737374
 20 242.4242424242424
 154 247.4747474747475
 21 252.5252525252525
 111 257.5757575757576
 131 262.6262626262626
 42 267.6767676767677
 271 272.7272727272727
 135 277.7777777777778
 494 282.8282828282828
 186 287.8787878787879
 2 292.9292929292929
 0 297.979797979798
 1 303.030303030303
 192 308.0808080808081
 32 313.1313131313131
 38 318.1818181818182
 30 323.2323232323232
 38 328.2828282828282
 178 333.3333333333333
 66 338.3838383838383
 22 343.4343434343434
 169 348.4848484848484
 101 353.5353535353535
 32 358.5858585858585
 2 363.6363636363636
 44 368.6868686868686
 22 373.7373737373737
 39 378.7878787878788
 1 383.8383838383838
 3 388.8888888888889
 313 393.9393939393939
 66 398.989898989899
 55 404.040404040404
 181 409.0909090909091
 134 414.1414141414141
 562 419.1919191919192
 22 424.2424242424242
 254 429.2929292929293
 187 434.3434343434343
 1 439.3939393939394
 42 444.4444444444444
 94 449.4949494949495
 56 454.5454545454545
 2 459.5959595959596
 3 464.6464646464646
 2 469.6969696969697
 1 474.7474747474747
 0 479.7979797979798
 27 484.8484848484848
 23 489.8989898989898
 57 494.9494949494949
 0 500


