# Created by Octave 3.8.2, Mon Jun 22 04:43:33 2020 CEST <damian@fptrucha.inv.usc.es>
# name: hd
# type: matrix
# rows: 100
# columns: 2
 6 0
 3 5.05050505050505
 5 10.1010101010101
 259 15.15151515151515
 4 20.2020202020202
 2 25.25252525252525
 137 30.3030303030303
 454 35.35353535353535
 521 40.4040404040404
 302 45.45454545454545
 101 50.50505050505051
 61 55.55555555555555
 4 60.6060606060606
 240 65.65656565656565
 171 70.7070707070707
 457 75.75757575757575
 1 80.8080808080808
 0 85.85858585858585
 50 90.90909090909091
 8 95.95959595959596
 2 101.010101010101
 165 106.060606060606
 134 111.1111111111111
 312 116.1616161616162
 167 121.2121212121212
 65 126.2626262626263
 1 131.3131313131313
 0 136.3636363636363
 55 141.4141414141414
 88 146.4646464646464
 350 151.5151515151515
 215 156.5656565656566
 2 161.6161616161616
 0 166.6666666666667
 66 171.7171717171717
 27 176.7676767676768
 1 181.8181818181818
 0 186.8686868686869
 177 191.9191919191919
 223 196.969696969697
 61 202.020202020202
 72 207.070707070707
 145 212.1212121212121
 59 217.1717171717171
 87 222.2222222222222
 210 227.2727272727273
 114 232.3232323232323
 2 237.3737373737374
 26 242.4242424242424
 121 247.4747474747475
 23 252.5252525252525
 93 257.5757575757576
 120 262.6262626262626
 35 267.6767676767677
 221 272.7272727272727
 121 277.7777777777778
 394 282.8282828282828
 164 287.8787878787879
 1 292.9292929292929
 1 297.979797979798
 0 303.030303030303
 191 308.0808080808081
 26 313.1313131313131
 29 318.1818181818182
 33 323.2323232323232
 30 328.2828282828282
 159 333.3333333333333
 37 338.3838383838383
 26 343.4343434343434
 182 348.4848484848484
 98 353.5353535353535
 26 358.5858585858585
 6 363.6363636363636
 33 368.6868686868686
 39 373.7373737373737
 34 378.7878787878788
 2 383.8383838383838
 1 388.8888888888889
 288 393.9393939393939
 48 398.989898989899
 60 404.040404040404
 135 409.0909090909091
 133 414.1414141414141
 510 419.1919191919192
 22 424.2424242424242
 235 429.2929292929293
 155 434.3434343434343
 6 439.3939393939394
 57 444.4444444444444
 57 449.4949494949495
 62 454.5454545454545
 1 459.5959595959596
 1 464.6464646464646
 3 469.6969696969697
 1 474.7474747474747
 2 479.7979797979798
 16 484.8484848484848
 16 489.8989898989898
 64 494.9494949494949
 0 500


