# Created by Octave 3.8.2, Sat Jun 20 16:18:40 2020 CEST <damian@fptrucha.inv.usc.es>
# name: hd
# type: matrix
# rows: 100
# columns: 2
 0 0
 1 5.05050505050505
 0 10.1010101010101
 295 15.15151515151515
 2 20.2020202020202
 0 25.25252525252525
 164 30.3030303030303
 532 35.35353535353535
 615 40.4040404040404
 276 45.45454545454545
 128 50.50505050505051
 71 55.55555555555555
 2 60.6060606060606
 276 65.65656565656565
 218 70.7070707070707
 555 75.75757575757575
 1 80.8080808080808
 1 85.85858585858585
 63 90.90909090909091
 0 95.95959595959596
 6 101.010101010101
 205 106.060606060606
 155 111.1111111111111
 406 116.1616161616162
 212 121.2121212121212
 87 126.2626262626263
 1 131.3131313131313
 1 136.3636363636363
 63 141.4141414141414
 94 146.4646464646464
 481 151.5151515151515
 282 156.5656565656566
 1 161.6161616161616
 1 166.6666666666667
 66 171.7171717171717
 42 176.7676767676768
 0 181.8181818181818
 0 186.8686868686869
 193 191.9191919191919
 254 196.969696969697
 48 202.020202020202
 105 207.070707070707
 218 212.1212121212121
 59 217.1717171717171
 109 222.2222222222222
 230 227.2727272727273
 150 232.3232323232323
 0 237.3737373737374
 28 242.4242424242424
 121 247.4747474747475
 13 252.5252525252525
 103 257.5757575757576
 151 262.6262626262626
 43 267.6767676767677
 271 272.7272727272727
 144 277.7777777777778
 439 282.8282828282828
 231 287.8787878787879
 0 292.9292929292929
 1 297.979797979798
 1 303.030303030303
 206 308.0808080808081
 29 313.1313131313131
 36 318.1818181818182
 34 323.2323232323232
 52 328.2828282828282
 154 333.3333333333333
 59 338.3838383838383
 21 343.4343434343434
 167 348.4848484848484
 87 353.5353535353535
 24 358.5858585858585
 0 363.6363636363636
 53 368.6868686868686
 35 373.7373737373737
 33 378.7878787878788
 1 383.8383838383838
 1 388.8888888888889
 301 393.9393939393939
 54 398.989898989899
 74 404.040404040404
 182 409.0909090909091
 162 414.1414141414141
 572 419.1919191919192
 16 424.2424242424242
 230 429.2929292929293
 203 434.3434343434343
 2 439.3939393939394
 55 444.4444444444444
 67 449.4949494949495
 56 454.5454545454545
 0 459.5959595959596
 2 464.6464646464646
 0 469.6969696969697
 0 474.7474747474747
 0 479.7979797979798
 14 484.8484848484848
 27 489.8989898989898
 74 494.9494949494949
 0 500


