# Created by Octave 3.8.2, Sun Jun 21 03:07:36 2020 CEST <damian@fptrucha.inv.usc.es>
# name: hd
# type: matrix
# rows: 100
# columns: 2
 1 0
 2 5.05050505050505
 1 10.1010101010101
 276 15.15151515151515
 1 20.2020202020202
 0 25.25252525252525
 139 30.3030303030303
 488 35.35353535353535
 547 40.4040404040404
 299 45.45454545454545
 106 50.50505050505051
 55 55.55555555555555
 0 60.6060606060606
 288 65.65656565656565
 205 70.7070707070707
 508 75.75757575757575
 0 80.8080808080808
 0 85.85858585858585
 63 90.90909090909091
 4 95.95959595959596
 6 101.010101010101
 193 106.060606060606
 172 111.1111111111111
 391 116.1616161616162
 186 121.2121212121212
 95 126.2626262626263
 1 131.3131313131313
 0 136.3636363636363
 57 141.4141414141414
 85 146.4646464646464
 434 151.5151515151515
 254 156.5656565656566
 2 161.6161616161616
 0 166.6666666666667
 69 171.7171717171717
 25 176.7676767676768
 0 181.8181818181818
 1 186.8686868686869
 175 191.9191919191919
 263 196.969696969697
 54 202.020202020202
 95 207.070707070707
 197 212.1212121212121
 64 217.1717171717171
 116 222.2222222222222
 233 227.2727272727273
 131 232.3232323232323
 0 237.3737373737374
 18 242.4242424242424
 136 247.4747474747475
 16 252.5252525252525
 112 257.5757575757576
 135 262.6262626262626
 28 267.6767676767677
 262 272.7272727272727
 129 277.7777777777778
 454 282.8282828282828
 217 287.8787878787879
 3 292.9292929292929
 1 297.979797979798
 1 303.030303030303
 204 308.0808080808081
 21 313.1313131313131
 43 318.1818181818182
 32 323.2323232323232
 39 328.2828282828282
 189 333.3333333333333
 69 338.3838383838383
 15 343.4343434343434
 179 348.4848484848484
 92 353.5353535353535
 28 358.5858585858585
 0 363.6363636363636
 44 368.6868686868686
 33 373.7373737373737
 37 378.7878787878788
 1 383.8383838383838
 0 388.8888888888889
 310 393.9393939393939
 52 398.989898989899
 72 404.040404040404
 149 409.0909090909091
 135 414.1414141414141
 492 419.1919191919192
 21 424.2424242424242
 235 429.2929292929293
 161 434.3434343434343
 6 439.3939393939394
 58 444.4444444444444
 77 449.4949494949495
 43 454.5454545454545
 0 459.5959595959596
 0 464.6464646464646
 0 469.6969696969697
 0 474.7474747474747
 0 479.7979797979798
 18 484.8484848484848
 24 489.8989898989898
 74 494.9494949494949
 0 500


