# Created by Octave 3.8.2, Mon Jun 22 10:28:52 2020 CEST <damian@fptrucha.inv.usc.es>
# name: hd
# type: matrix
# rows: 100
# columns: 2
 2 0
 2 5.05050505050505
 3 10.1010101010101
 296 15.15151515151515
 2 20.2020202020202
 1 25.25252525252525
 165 30.3030303030303
 501 35.35353535353535
 613 40.4040404040404
 318 45.45454545454545
 131 50.50505050505051
 70 55.55555555555555
 2 60.6060606060606
 259 65.65656565656565
 223 70.7070707070707
 549 75.75757575757575
 2 80.8080808080808
 0 85.85858585858585
 76 90.90909090909091
 2 95.95959595959596
 6 101.010101010101
 196 106.060606060606
 153 111.1111111111111
 376 116.1616161616162
 211 121.2121212121212
 108 126.2626262626263
 1 131.3131313131313
 4 136.3636363636363
 66 141.4141414141414
 102 146.4646464646464
 445 151.5151515151515
 225 156.5656565656566
 3 161.6161616161616
 2 166.6666666666667
 59 171.7171717171717
 39 176.7676767676768
 2 181.8181818181818
 2 186.8686868686869
 185 191.9191919191919
 267 196.969696969697
 57 202.020202020202
 89 207.070707070707
 177 212.1212121212121
 53 217.1717171717171
 97 222.2222222222222
 221 227.2727272727273
 122 232.3232323232323
 2 237.3737373737374
 26 242.4242424242424
 139 247.4747474747475
 17 252.5252525252525
 112 257.5757575757576
 114 262.6262626262626
 40 267.6767676767677
 236 272.7272727272727
 139 277.7777777777778
 470 282.8282828282828
 218 287.8787878787879
 1 292.9292929292929
 2 297.979797979798
 0 303.030303030303
 212 308.0808080808081
 23 313.1313131313131
 43 318.1818181818182
 32 323.2323232323232
 39 328.2828282828282
 153 333.3333333333333
 62 338.3838383838383
 19 343.4343434343434
 211 348.4848484848484
 98 353.5353535353535
 36 358.5858585858585
 1 363.6363636363636
 48 368.6868686868686
 33 373.7373737373737
 38 378.7878787878788
 0 383.8383838383838
 0 388.8888888888889
 321 393.9393939393939
 48 398.989898989899
 62 404.040404040404
 160 409.0909090909091
 132 414.1414141414141
 554 419.1919191919192
 16 424.2424242424242
 245 429.2929292929293
 179 434.3434343434343
 3 439.3939393939394
 66 444.4444444444444
 84 449.4949494949495
 57 454.5454545454545
 1 459.5959595959596
 0 464.6464646464646
 3 469.6969696969697
 2 474.7474747474747
 2 479.7979797979798
 19 484.8484848484848
 26 489.8989898989898
 75 494.9494949494949
 0 500


