# Created by Octave 3.8.2, Sat Jun 20 10:24:27 2020 CEST <damian@fptrucha.inv.usc.es>
# name: hd
# type: matrix
# rows: 100
# columns: 2
 0 0
 2 5.05050505050505
 0 10.1010101010101
 196 15.15151515151515
 1 20.2020202020202
 0 25.25252525252525
 121 30.3030303030303
 374 35.35353535353535
 437 40.4040404040404
 231 45.45454545454545
 96 50.50505050505051
 55 55.55555555555555
 2 60.6060606060606
 198 65.65656565656565
 137 70.7070707070707
 417 75.75757575757575
 0 80.8080808080808
 0 85.85858585858585
 47 90.90909090909091
 4 95.95959595959596
 1 101.010101010101
 111 106.060606060606
 137 111.1111111111111
 305 116.1616161616162
 143 121.2121212121212
 68 126.2626262626263
 0 131.3131313131313
 2 136.3636363636363
 45 141.4141414141414
 65 146.4646464646464
 328 151.5151515151515
 179 156.5656565656566
 3 161.6161616161616
 0 166.6666666666667
 45 171.7171717171717
 12 176.7676767676768
 1 181.8181818181818
 1 186.8686868686869
 143 191.9191919191919
 206 196.969696969697
 28 202.020202020202
 63 207.070707070707
 151 212.1212121212121
 41 217.1717171717171
 77 222.2222222222222
 143 227.2727272727273
 92 232.3232323232323
 1 237.3737373737374
 19 242.4242424242424
 115 247.4747474747475
 16 252.5252525252525
 71 257.5757575757576
 102 262.6262626262626
 30 267.6767676767677
 204 272.7272727272727
 105 277.7777777777778
 311 282.8282828282828
 153 287.8787878787879
 0 292.9292929292929
 1 297.979797979798
 0 303.030303030303
 136 308.0808080808081
 16 313.1313131313131
 36 318.1818181818182
 24 323.2323232323232
 26 328.2828282828282
 133 333.3333333333333
 54 338.3838383838383
 18 343.4343434343434
 124 348.4848484848484
 64 353.5353535353535
 21 358.5858585858585
 2 363.6363636363636
 33 368.6868686868686
 33 373.7373737373737
 22 378.7878787878788
 0 383.8383838383838
 0 388.8888888888889
 230 393.9393939393939
 39 398.989898989899
 37 404.040404040404
 133 409.0909090909091
 107 414.1414141414141
 398 419.1919191919192
 19 424.2424242424242
 166 429.2929292929293
 134 434.3434343434343
 3 439.3939393939394
 39 444.4444444444444
 65 449.4949494949495
 39 454.5454545454545
 3 459.5959595959596
 0 464.6464646464646
 0 469.6969696969697
 1 474.7474747474747
 2 479.7979797979798
 17 484.8484848484848
 19 489.8989898989898
 47 494.9494949494949
 0 500


