# Created by Octave 3.8.2, Mon Jun 22 20:40:38 2020 CEST <damian@fptrucha.inv.usc.es>
# name: hd
# type: matrix
# rows: 100
# columns: 2
 4 0
 2 5.05050505050505
 1 10.1010101010101
 318 15.15151515151515
 3 20.2020202020202
 3 25.25252525252525
 157 30.3030303030303
 557 35.35353535353535
 610 40.4040404040404
 345 45.45454545454545
 129 50.50505050505051
 62 55.55555555555555
 2 60.6060606060606
 297 65.65656565656565
 221 70.7070707070707
 545 75.75757575757575
 3 80.8080808080808
 0 85.85858585858585
 68 90.90909090909091
 7 95.95959595959596
 4 101.010101010101
 210 106.060606060606
 170 111.1111111111111
 441 116.1616161616162
 218 121.2121212121212
 78 126.2626262626263
 0 131.3131313131313
 4 136.3636363636363
 61 141.4141414141414
 104 146.4646464646464
 488 151.5151515151515
 247 156.5656565656566
 2 161.6161616161616
 0 166.6666666666667
 78 171.7171717171717
 33 176.7676767676768
 3 181.8181818181818
 2 186.8686868686869
 185 191.9191919191919
 249 196.969696969697
 45 202.020202020202
 112 207.070707070707
 200 212.1212121212121
 66 217.1717171717171
 105 222.2222222222222
 274 227.2727272727273
 145 232.3232323232323
 1 237.3737373737374
 20 242.4242424242424
 131 247.4747474747475
 19 252.5252525252525
 125 257.5757575757576
 120 262.6262626262626
 38 267.6767676767677
 283 272.7272727272727
 143 277.7777777777778
 472 282.8282828282828
 208 287.8787878787879
 0 292.9292929292929
 2 297.979797979798
 0 303.030303030303
 214 308.0808080808081
 28 313.1313131313131
 39 318.1818181818182
 28 323.2323232323232
 30 328.2828282828282
 201 333.3333333333333
 74 338.3838383838383
 24 343.4343434343434
 196 348.4848484848484
 106 353.5353535353535
 42 358.5858585858585
 4 363.6363636363636
 50 368.6868686868686
 40 373.7373737373737
 45 378.7878787878788
 0 383.8383838383838
 1 388.8888888888889
 328 393.9393939393939
 46 398.989898989899
 60 404.040404040404
 170 409.0909090909091
 148 414.1414141414141
 573 419.1919191919192
 28 424.2424242424242
 249 429.2929292929293
 171 434.3434343434343
 2 439.3939393939394
 70 444.4444444444444
 95 449.4949494949495
 57 454.5454545454545
 2 459.5959595959596
 0 464.6464646464646
 4 469.6969696969697
 4 474.7474747474747
 0 479.7979797979798
 18 484.8484848484848
 23 489.8989898989898
 71 494.9494949494949
 0 500


