# Created by Octave 3.8.2, Mon Jun 22 13:54:20 2020 CEST <damian@fptrucha.inv.usc.es>
# name: hd
# type: matrix
# rows: 100
# columns: 2
 3 0
 5 5.05050505050505
 2 10.1010101010101
 302 15.15151515151515
 3 20.2020202020202
 2 25.25252525252525
 158 30.3030303030303
 550 35.35353535353535
 575 40.4040404040404
 311 45.45454545454545
 158 50.50505050505051
 78 55.55555555555555
 0 60.6060606060606
 274 65.65656565656565
 232 70.7070707070707
 563 75.75757575757575
 3 80.8080808080808
 2 85.85858585858585
 59 90.90909090909091
 7 95.95959595959596
 4 101.010101010101
 191 106.060606060606
 164 111.1111111111111
 417 116.1616161616162
 228 121.2121212121212
 104 126.2626262626263
 3 131.3131313131313
 6 136.3636363636363
 70 141.4141414141414
 106 146.4646464646464
 388 151.5151515151515
 248 156.5656565656566
 8 161.6161616161616
 1 166.6666666666667
 80 171.7171717171717
 44 176.7676767676768
 1 181.8181818181818
 2 186.8686868686869
 193 191.9191919191919
 249 196.969696969697
 53 202.020202020202
 96 207.070707070707
 159 212.1212121212121
 72 217.1717171717171
 98 222.2222222222222
 252 227.2727272727273
 151 232.3232323232323
 0 237.3737373737374
 22 242.4242424242424
 156 247.4747474747475
 30 252.5252525252525
 123 257.5757575757576
 142 262.6262626262626
 40 267.6767676767677
 254 272.7272727272727
 150 277.7777777777778
 452 282.8282828282828
 197 287.8787878787879
 3 292.9292929292929
 0 297.979797979798
 2 303.030303030303
 217 308.0808080808081
 26 313.1313131313131
 32 318.1818181818182
 24 323.2323232323232
 38 328.2828282828282
 191 333.3333333333333
 77 338.3838383838383
 13 343.4343434343434
 175 348.4848484848484
 111 353.5353535353535
 31 358.5858585858585
 0 363.6363636363636
 53 368.6868686868686
 39 373.7373737373737
 40 378.7878787878788
 0 383.8383838383838
 1 388.8888888888889
 324 393.9393939393939
 51 398.989898989899
 57 404.040404040404
 155 409.0909090909091
 158 414.1414141414141
 559 419.1919191919192
 20 424.2424242424242
 249 429.2929292929293
 170 434.3434343434343
 10 439.3939393939394
 57 444.4444444444444
 83 449.4949494949495
 60 454.5454545454545
 0 459.5959595959596
 0 464.6464646464646
 1 469.6969696969697
 0 474.7474747474747
 4 479.7979797979798
 26 484.8484848484848
 20 489.8989898989898
 82 494.9494949494949
 0 500


