# Created by Octave 3.8.2, Mon Jun 22 15:17:18 2020 CEST <damian@fptrucha.inv.usc.es>
# name: hd
# type: matrix
# rows: 100
# columns: 2
 2 0
 3 5.05050505050505
 2 10.1010101010101
 303 15.15151515151515
 2 20.2020202020202
 1 25.25252525252525
 169 30.3030303030303
 519 35.35353535353535
 590 40.4040404040404
 328 45.45454545454545
 129 50.50505050505051
 87 55.55555555555555
 3 60.6060606060606
 266 65.65656565656565
 195 70.7070707070707
 571 75.75757575757575
 0 80.8080808080808
 0 85.85858585858585
 66 90.90909090909091
 5 95.95959595959596
 1 101.010101010101
 216 106.060606060606
 170 111.1111111111111
 418 116.1616161616162
 211 121.2121212121212
 94 126.2626262626263
 1 131.3131313131313
 4 136.3636363636363
 75 141.4141414141414
 94 146.4646464646464
 476 151.5151515151515
 289 156.5656565656566
 1 161.6161616161616
 1 166.6666666666667
 76 171.7171717171717
 38 176.7676767676768
 2 181.8181818181818
 3 186.8686868686869
 167 191.9191919191919
 253 196.969696969697
 48 202.020202020202
 99 207.070707070707
 194 212.1212121212121
 55 217.1717171717171
 102 222.2222222222222
 239 227.2727272727273
 156 232.3232323232323
 3 237.3737373737374
 22 242.4242424242424
 148 247.4747474747475
 19 252.5252525252525
 116 257.5757575757576
 140 262.6262626262626
 35 267.6767676767677
 251 272.7272727272727
 138 277.7777777777778
 443 282.8282828282828
 216 287.8787878787879
 2 292.9292929292929
 0 297.979797979798
 0 303.030303030303
 205 308.0808080808081
 33 313.1313131313131
 49 318.1818181818182
 41 323.2323232323232
 36 328.2828282828282
 180 333.3333333333333
 73 338.3838383838383
 23 343.4343434343434
 183 348.4848484848484
 92 353.5353535353535
 31 358.5858585858585
 2 363.6363636363636
 47 368.6868686868686
 48 373.7373737373737
 30 378.7878787878788
 1 383.8383838383838
 0 388.8888888888889
 329 393.9393939393939
 56 398.989898989899
 70 404.040404040404
 164 409.0909090909091
 125 414.1414141414141
 536 419.1919191919192
 21 424.2424242424242
 254 429.2929292929293
 168 434.3434343434343
 3 439.3939393939394
 61 444.4444444444444
 77 449.4949494949495
 53 454.5454545454545
 2 459.5959595959596
 2 464.6464646464646
 1 469.6969696969697
 0 474.7474747474747
 2 479.7979797979798
 25 484.8484848484848
 26 489.8989898989898
 73 494.9494949494949
 0 500


