# Created by Octave 3.8.2, Mon Jun 22 22:09:47 2020 CEST <damian@fptrucha.inv.usc.es>
# name: hd
# type: matrix
# rows: 100
# columns: 2
 3 0
 2 5.05050505050505
 1 10.1010101010101
 320 15.15151515151515
 0 20.2020202020202
 0 25.25252525252525
 179 30.3030303030303
 576 35.35353535353535
 597 40.4040404040404
 349 45.45454545454545
 144 50.50505050505051
 74 55.55555555555555
 2 60.6060606060606
 293 65.65656565656565
 245 70.7070707070707
 606 75.75757575757575
 5 80.8080808080808
 2 85.85858585858585
 80 90.90909090909091
 2 95.95959595959596
 6 101.010101010101
 217 106.060606060606
 174 111.1111111111111
 415 116.1616161616162
 212 121.2121212121212
 90 126.2626262626263
 2 131.3131313131313
 2 136.3636363636363
 75 141.4141414141414
 107 146.4646464646464
 466 151.5151515151515
 266 156.5656565656566
 1 161.6161616161616
 2 166.6666666666667
 57 171.7171717171717
 47 176.7676767676768
 1 181.8181818181818
 2 186.8686868686869
 214 191.9191919191919
 279 196.969696969697
 56 202.020202020202
 115 207.070707070707
 197 212.1212121212121
 67 217.1717171717171
 124 222.2222222222222
 242 227.2727272727273
 141 232.3232323232323
 1 237.3737373737374
 24 242.4242424242424
 152 247.4747474747475
 23 252.5252525252525
 136 257.5757575757576
 147 262.6262626262626
 51 267.6767676767677
 255 272.7272727272727
 140 277.7777777777778
 462 282.8282828282828
 200 287.8787878787879
 1 292.9292929292929
 1 297.979797979798
 0 303.030303030303
 207 308.0808080808081
 24 313.1313131313131
 33 318.1818181818182
 30 323.2323232323232
 35 328.2828282828282
 181 333.3333333333333
 80 338.3838383838383
 20 343.4343434343434
 185 348.4848484848484
 118 353.5353535353535
 26 358.5858585858585
 1 363.6363636363636
 55 368.6868686868686
 46 373.7373737373737
 34 378.7878787878788
 0 383.8383838383838
 1 388.8888888888889
 372 393.9393939393939
 63 398.989898989899
 70 404.040404040404
 196 409.0909090909091
 168 414.1414141414141
 586 419.1919191919192
 21 424.2424242424242
 245 429.2929292929293
 180 434.3434343434343
 6 439.3939393939394
 68 444.4444444444444
 101 449.4949494949495
 53 454.5454545454545
 2 459.5959595959596
 1 464.6464646464646
 1 469.6969696969697
 1 474.7474747474747
 4 479.7979797979798
 25 484.8484848484848
 24 489.8989898989898
 79 494.9494949494949
 0 500


