# Created by Octave 3.8.2, Mon Jun 22 13:30:06 2020 CEST <damian@fptrucha.inv.usc.es>
# name: hd
# type: matrix
# rows: 100
# columns: 2
 0 0
 4 5.05050505050505
 2 10.1010101010101
 274 15.15151515151515
 2 20.2020202020202
 2 25.25252525252525
 171 30.3030303030303
 548 35.35353535353535
 610 40.4040404040404
 314 45.45454545454545
 123 50.50505050505051
 73 55.55555555555555
 0 60.6060606060606
 238 65.65656565656565
 221 70.7070707070707
 543 75.75757575757575
 2 80.8080808080808
 0 85.85858585858585
 50 90.90909090909091
 5 95.95959595959596
 7 101.010101010101
 177 106.060606060606
 149 111.1111111111111
 372 116.1616161616162
 198 121.2121212121212
 92 126.2626262626263
 0 131.3131313131313
 2 136.3636363636363
 77 141.4141414141414
 79 146.4646464646464
 443 151.5151515151515
 277 156.5656565656566
 3 161.6161616161616
 0 166.6666666666667
 80 171.7171717171717
 27 176.7676767676768
 2 181.8181818181818
 3 186.8686868686869
 186 191.9191919191919
 257 196.969696969697
 50 202.020202020202
 88 207.070707070707
 183 212.1212121212121
 57 217.1717171717171
 95 222.2222222222222
 242 227.2727272727273
 144 232.3232323232323
 2 237.3737373737374
 37 242.4242424242424
 129 247.4747474747475
 21 252.5252525252525
 118 257.5757575757576
 130 262.6262626262626
 48 267.6767676767677
 265 272.7272727272727
 158 277.7777777777778
 467 282.8282828282828
 190 287.8787878787879
 4 292.9292929292929
 1 297.979797979798
 2 303.030303030303
 226 308.0808080808081
 24 313.1313131313131
 46 318.1818181818182
 27 323.2323232323232
 45 328.2828282828282
 194 333.3333333333333
 79 338.3838383838383
 25 343.4343434343434
 203 348.4848484848484
 86 353.5353535353535
 26 358.5858585858585
 1 363.6363636363636
 54 368.6868686868686
 48 373.7373737373737
 35 378.7878787878788
 0 383.8383838383838
 0 388.8888888888889
 317 393.9393939393939
 50 398.989898989899
 63 404.040404040404
 153 409.0909090909091
 148 414.1414141414141
 563 419.1919191919192
 22 424.2424242424242
 242 429.2929292929293
 161 434.3434343434343
 4 439.3939393939394
 51 444.4444444444444
 76 449.4949494949495
 60 454.5454545454545
 1 459.5959595959596
 1 464.6464646464646
 0 469.6969696969697
 1 474.7474747474747
 1 479.7979797979798
 16 484.8484848484848
 17 489.8989898989898
 75 494.9494949494949
 0 500


