# Created by Octave 3.8.2, Sat Jun 20 21:49:50 2020 CEST <damian@fptrucha.inv.usc.es>
# name: hd
# type: matrix
# rows: 100
# columns: 2
 0 0
 2 5.05050505050505
 2 10.1010101010101
 189 15.15151515151515
 1 20.2020202020202
 0 25.25252525252525
 116 30.3030303030303
 324 35.35353535353535
 357 40.4040404040404
 195 45.45454545454545
 96 50.50505050505051
 39 55.55555555555555
 2 60.6060606060606
 175 65.65656565656565
 135 70.7070707070707
 366 75.75757575757575
 0 80.8080808080808
 1 85.85858585858585
 42 90.90909090909091
 4 95.95959595959596
 2 101.010101010101
 140 106.060606060606
 134 111.1111111111111
 259 116.1616161616162
 114 121.2121212121212
 58 126.2626262626263
 1 131.3131313131313
 0 136.3636363636363
 36 141.4141414141414
 59 146.4646464646464
 295 151.5151515151515
 187 156.5656565656566
 1 161.6161616161616
 0 166.6666666666667
 47 171.7171717171717
 21 176.7676767676768
 0 181.8181818181818
 0 186.8686868686869
 110 191.9191919191919
 179 196.969696969697
 24 202.020202020202
 60 207.070707070707
 131 212.1212121212121
 34 217.1717171717171
 74 222.2222222222222
 137 227.2727272727273
 100 232.3232323232323
 1 237.3737373737374
 22 242.4242424242424
 100 247.4747474747475
 8 252.5252525252525
 81 257.5757575757576
 97 262.6262626262626
 20 267.6767676767677
 169 272.7272727272727
 100 277.7777777777778
 284 282.8282828282828
 125 287.8787878787879
 1 292.9292929292929
 0 297.979797979798
 0 303.030303030303
 141 308.0808080808081
 21 313.1313131313131
 24 318.1818181818182
 20 323.2323232323232
 30 328.2828282828282
 112 333.3333333333333
 47 338.3838383838383
 14 343.4343434343434
 130 348.4848484848484
 64 353.5353535353535
 36 358.5858585858585
 0 363.6363636363636
 26 368.6868686868686
 24 373.7373737373737
 13 378.7878787878788
 0 383.8383838383838
 0 388.8888888888889
 189 393.9393939393939
 36 398.989898989899
 37 404.040404040404
 122 409.0909090909091
 89 414.1414141414141
 371 419.1919191919192
 16 424.2424242424242
 166 429.2929292929293
 101 434.3434343434343
 4 439.3939393939394
 49 444.4444444444444
 49 449.4949494949495
 35 454.5454545454545
 3 459.5959595959596
 0 464.6464646464646
 0 469.6969696969697
 1 474.7474747474747
 0 479.7979797979798
 13 484.8484848484848
 4 489.8989898989898
 56 494.9494949494949
 0 500


