# Created by Octave 3.8.2, Sat Jun 20 11:47:14 2020 CEST <damian@fptrucha.inv.usc.es>
# name: hd
# type: matrix
# rows: 100
# columns: 2
 1 0
 3 5.05050505050505
 0 10.1010101010101
 292 15.15151515151515
 1 20.2020202020202
 0 25.25252525252525
 184 30.3030303030303
 579 35.35353535353535
 613 40.4040404040404
 356 45.45454545454545
 127 50.50505050505051
 70 55.55555555555555
 4 60.6060606060606
 307 65.65656565656565
 228 70.7070707070707
 598 75.75757575757575
 4 80.8080808080808
 1 85.85858585858585
 64 90.90909090909091
 2 95.95959595959596
 5 101.010101010101
 200 106.060606060606
 214 111.1111111111111
 403 116.1616161616162
 215 121.2121212121212
 107 126.2626262626263
 0 131.3131313131313
 0 136.3636363636363
 81 141.4141414141414
 94 146.4646464646464
 472 151.5151515151515
 278 156.5656565656566
 1 161.6161616161616
 0 166.6666666666667
 72 171.7171717171717
 41 176.7676767676768
 0 181.8181818181818
 0 186.8686868686869
 215 191.9191919191919
 289 196.969696969697
 57 202.020202020202
 112 207.070707070707
 224 212.1212121212121
 70 217.1717171717171
 97 222.2222222222222
 204 227.2727272727273
 154 232.3232323232323
 0 237.3737373737374
 22 242.4242424242424
 121 247.4747474747475
 24 252.5252525252525
 115 257.5757575757576
 171 262.6262626262626
 60 267.6767676767677
 286 272.7272727272727
 142 277.7777777777778
 524 282.8282828282828
 220 287.8787878787879
 1 292.9292929292929
 1 297.979797979798
 0 303.030303030303
 232 308.0808080808081
 24 313.1313131313131
 55 318.1818181818182
 26 323.2323232323232
 40 328.2828282828282
 188 333.3333333333333
 69 338.3838383838383
 25 343.4343434343434
 213 348.4848484848484
 121 353.5353535353535
 31 358.5858585858585
 0 363.6363636363636
 46 368.6868686868686
 47 373.7373737373737
 32 378.7878787878788
 2 383.8383838383838
 1 388.8888888888889
 360 393.9393939393939
 63 398.989898989899
 64 404.040404040404
 172 409.0909090909091
 158 414.1414141414141
 607 419.1919191919192
 22 424.2424242424242
 268 429.2929292929293
 179 434.3434343434343
 1 439.3939393939394
 74 444.4444444444444
 110 449.4949494949495
 62 454.5454545454545
 2 459.5959595959596
 2 464.6464646464646
 1 469.6969696969697
 1 474.7474747474747
 1 479.7979797979798
 18 484.8484848484848
 20 489.8989898989898
 87 494.9494949494949
 0 500


