# Created by Octave 3.8.2, Sat Jun 20 13:41:44 2020 CEST <damian@fptrucha.inv.usc.es>
# name: hd
# type: matrix
# rows: 100
# columns: 2
 2 0
 4 5.05050505050505
 1 10.1010101010101
 279 15.15151515151515
 1 20.2020202020202
 1 25.25252525252525
 153 30.3030303030303
 508 35.35353535353535
 636 40.4040404040404
 344 45.45454545454545
 127 50.50505050505051
 61 55.55555555555555
 3 60.6060606060606
 261 65.65656565656565
 215 70.7070707070707
 601 75.75757575757575
 1 80.8080808080808
 0 85.85858585858585
 63 90.90909090909091
 5 95.95959595959596
 2 101.010101010101
 192 106.060606060606
 186 111.1111111111111
 360 116.1616161616162
 206 121.2121212121212
 100 126.2626262626263
 0 131.3131313131313
 0 136.3636363636363
 55 141.4141414141414
 104 146.4646464646464
 441 151.5151515151515
 282 156.5656565656566
 2 161.6161616161616
 0 166.6666666666667
 79 171.7171717171717
 38 176.7676767676768
 1 181.8181818181818
 0 186.8686868686869
 201 191.9191919191919
 245 196.969696969697
 38 202.020202020202
 93 207.070707070707
 201 212.1212121212121
 71 217.1717171717171
 105 222.2222222222222
 234 227.2727272727273
 145 232.3232323232323
 2 237.3737373737374
 29 242.4242424242424
 129 247.4747474747475
 13 252.5252525252525
 110 257.5757575757576
 155 262.6262626262626
 38 267.6767676767677
 261 272.7272727272727
 145 277.7777777777778
 464 282.8282828282828
 200 287.8787878787879
 3 292.9292929292929
 0 297.979797979798
 0 303.030303030303
 195 308.0808080808081
 24 313.1313131313131
 41 318.1818181818182
 40 323.2323232323232
 58 328.2828282828282
 158 333.3333333333333
 81 338.3838383838383
 25 343.4343434343434
 195 348.4848484848484
 108 353.5353535353535
 29 358.5858585858585
 1 363.6363636363636
 56 368.6868686868686
 44 373.7373737373737
 31 378.7878787878788
 0 383.8383838383838
 1 388.8888888888889
 342 393.9393939393939
 57 398.989898989899
 74 404.040404040404
 181 409.0909090909091
 152 414.1414141414141
 601 419.1919191919192
 26 424.2424242424242
 227 429.2929292929293
 166 434.3434343434343
 3 439.3939393939394
 59 444.4444444444444
 67 449.4949494949495
 58 454.5454545454545
 0 459.5959595959596
 2 464.6464646464646
 0 469.6969696969697
 0 474.7474747474747
 3 479.7979797979798
 19 484.8484848484848
 13 489.8989898989898
 52 494.9494949494949
 0 500


