# Created by Octave 3.8.2, Mon Jun 22 15:11:45 2020 CEST <damian@fptrucha.inv.usc.es>
# name: hd
# type: matrix
# rows: 100
# columns: 2
 5 0
 4 5.05050505050505
 2 10.1010101010101
 328 15.15151515151515
 5 20.2020202020202
 2 25.25252525252525
 155 30.3030303030303
 550 35.35353535353535
 601 40.4040404040404
 331 45.45454545454545
 131 50.50505050505051
 58 55.55555555555555
 3 60.6060606060606
 281 65.65656565656565
 225 70.7070707070707
 520 75.75757575757575
 1 80.8080808080808
 1 85.85858585858585
 60 90.90909090909091
 4 95.95959595959596
 3 101.010101010101
 195 106.060606060606
 185 111.1111111111111
 398 116.1616161616162
 212 121.2121212121212
 76 126.2626262626263
 0 131.3131313131313
 0 136.3636363636363
 60 141.4141414141414
 100 146.4646464646464
 457 151.5151515151515
 239 156.5656565656566
 0 161.6161616161616
 1 166.6666666666667
 63 171.7171717171717
 33 176.7676767676768
 0 181.8181818181818
 0 186.8686868686869
 185 191.9191919191919
 256 196.969696969697
 48 202.020202020202
 90 207.070707070707
 190 212.1212121212121
 59 217.1717171717171
 120 222.2222222222222
 204 227.2727272727273
 135 232.3232323232323
 1 237.3737373737374
 29 242.4242424242424
 158 247.4747474747475
 24 252.5252525252525
 132 257.5757575757576
 139 262.6262626262626
 38 267.6767676767677
 305 272.7272727272727
 165 277.7777777777778
 457 282.8282828282828
 200 287.8787878787879
 1 292.9292929292929
 1 297.979797979798
 1 303.030303030303
 217 308.0808080808081
 36 313.1313131313131
 51 318.1818181818182
 38 323.2323232323232
 39 328.2828282828282
 159 333.3333333333333
 84 338.3838383838383
 23 343.4343434343434
 153 348.4848484848484
 98 353.5353535353535
 30 358.5858585858585
 1 363.6363636363636
 42 368.6868686868686
 45 373.7373737373737
 48 378.7878787878788
 1 383.8383838383838
 1 388.8888888888889
 308 393.9393939393939
 63 398.989898989899
 66 404.040404040404
 157 409.0909090909091
 174 414.1414141414141
 592 419.1919191919192
 19 424.2424242424242
 272 429.2929292929293
 203 434.3434343434343
 7 439.3939393939394
 55 444.4444444444444
 68 449.4949494949495
 58 454.5454545454545
 0 459.5959595959596
 1 464.6464646464646
 1 469.6969696969697
 2 474.7474747474747
 0 479.7979797979798
 17 484.8484848484848
 27 489.8989898989898
 57 494.9494949494949
 0 500


