# Created by Octave 3.8.2, Mon Jun 22 07:15:19 2020 CEST <damian@fptrucha.inv.usc.es>
# name: hd
# type: matrix
# rows: 100
# columns: 2
 2 0
 2 5.05050505050505
 4 10.1010101010101
 173 15.15151515151515
 3 20.2020202020202
 1 25.25252525252525
 98 30.3030303030303
 339 35.35353535353535
 332 40.4040404040404
 216 45.45454545454545
 72 50.50505050505051
 44 55.55555555555555
 1 60.6060606060606
 158 65.65656565656565
 131 70.7070707070707
 345 75.75757575757575
 2 80.8080808080808
 0 85.85858585858585
 34 90.90909090909091
 7 95.95959595959596
 3 101.010101010101
 126 106.060606060606
 107 111.1111111111111
 236 116.1616161616162
 114 121.2121212121212
 49 126.2626262626263
 0 131.3131313131313
 0 136.3636363636363
 42 141.4141414141414
 67 146.4646464646464
 255 151.5151515151515
 141 156.5656565656566
 1 161.6161616161616
 0 166.6666666666667
 45 171.7171717171717
 21 176.7676767676768
 4 181.8181818181818
 1 186.8686868686869
 115 191.9191919191919
 177 196.969696969697
 32 202.020202020202
 60 207.070707070707
 104 212.1212121212121
 44 217.1717171717171
 67 222.2222222222222
 158 227.2727272727273
 81 232.3232323232323
 1 237.3737373737374
 26 242.4242424242424
 80 247.4747474747475
 14 252.5252525252525
 72 257.5757575757576
 72 262.6262626262626
 22 267.6767676767677
 147 272.7272727272727
 82 277.7777777777778
 305 282.8282828282828
 139 287.8787878787879
 1 292.9292929292929
 0 297.979797979798
 0 303.030303030303
 136 308.0808080808081
 13 313.1313131313131
 26 318.1818181818182
 19 323.2323232323232
 27 328.2828282828282
 116 333.3333333333333
 49 338.3838383838383
 13 343.4343434343434
 123 348.4848484848484
 67 353.5353535353535
 21 358.5858585858585
 1 363.6363636363636
 39 368.6868686868686
 24 373.7373737373737
 19 378.7878787878788
 3 383.8383838383838
 0 388.8888888888889
 204 393.9393939393939
 32 398.989898989899
 45 404.040404040404
 117 409.0909090909091
 93 414.1414141414141
 325 419.1919191919192
 24 424.2424242424242
 167 429.2929292929293
 109 434.3434343434343
 3 439.3939393939394
 48 444.4444444444444
 55 449.4949494949495
 45 454.5454545454545
 0 459.5959595959596
 1 464.6464646464646
 0 469.6969696969697
 0 474.7474747474747
 0 479.7979797979798
 7 484.8484848484848
 13 489.8989898989898
 47 494.9494949494949
 0 500


