# Created by Octave 3.8.2, Sat Jun 20 23:23:04 2020 CEST <damian@fptrucha.inv.usc.es>
# name: hd
# type: matrix
# rows: 100
# columns: 2
 3 0
 1 5.05050505050505
 1 10.1010101010101
 259 15.15151515151515
 1 20.2020202020202
 0 25.25252525252525
 172 30.3030303030303
 513 35.35353535353535
 615 40.4040404040404
 324 45.45454545454545
 133 50.50505050505051
 61 55.55555555555555
 3 60.6060606060606
 281 65.65656565656565
 199 70.7070707070707
 566 75.75757575757575
 2 80.8080808080808
 0 85.85858585858585
 59 90.90909090909091
 1 95.95959595959596
 0 101.010101010101
 189 106.060606060606
 169 111.1111111111111
 423 116.1616161616162
 182 121.2121212121212
 89 126.2626262626263
 1 131.3131313131313
 0 136.3636363636363
 66 141.4141414141414
 85 146.4646464646464
 394 151.5151515151515
 248 156.5656565656566
 2 161.6161616161616
 1 166.6666666666667
 62 171.7171717171717
 31 176.7676767676768
 0 181.8181818181818
 1 186.8686868686869
 190 191.9191919191919
 249 196.969696969697
 60 202.020202020202
 83 207.070707070707
 183 212.1212121212121
 47 217.1717171717171
 94 222.2222222222222
 207 227.2727272727273
 143 232.3232323232323
 0 237.3737373737374
 26 242.4242424242424
 146 247.4747474747475
 19 252.5252525252525
 146 257.5757575757576
 126 262.6262626262626
 37 267.6767676767677
 253 272.7272727272727
 150 277.7777777777778
 411 282.8282828282828
 201 287.8787878787879
 0 292.9292929292929
 0 297.979797979798
 0 303.030303030303
 204 308.0808080808081
 22 313.1313131313131
 44 318.1818181818182
 34 323.2323232323232
 48 328.2828282828282
 182 333.3333333333333
 60 338.3838383838383
 15 343.4343434343434
 182 348.4848484848484
 103 353.5353535353535
 26 358.5858585858585
 1 363.6363636363636
 50 368.6868686868686
 32 373.7373737373737
 37 378.7878787878788
 1 383.8383838383838
 0 388.8888888888889
 283 393.9393939393939
 55 398.989898989899
 66 404.040404040404
 166 409.0909090909091
 134 414.1414141414141
 540 419.1919191919192
 25 424.2424242424242
 251 429.2929292929293
 195 434.3434343434343
 4 439.3939393939394
 66 444.4444444444444
 81 449.4949494949495
 42 454.5454545454545
 0 459.5959595959596
 0 464.6464646464646
 1 469.6969696969697
 0 474.7474747474747
 2 479.7979797979798
 15 484.8484848484848
 24 489.8989898989898
 68 494.9494949494949
 0 500


