# Created by Octave 3.8.2, Mon Jun 22 15:47:34 2020 CEST <damian@fptrucha.inv.usc.es>
# name: hd
# type: matrix
# rows: 100
# columns: 2
 2 0
 4 5.05050505050505
 1 10.1010101010101
 287 15.15151515151515
 2 20.2020202020202
 0 25.25252525252525
 169 30.3030303030303
 572 35.35353535353535
 605 40.4040404040404
 338 45.45454545454545
 142 50.50505050505051
 75 55.55555555555555
 4 60.6060606060606
 296 65.65656565656565
 208 70.7070707070707
 550 75.75757575757575
 0 80.8080808080808
 1 85.85858585858585
 78 90.90909090909091
 1 95.95959595959596
 5 101.010101010101
 198 106.060606060606
 189 111.1111111111111
 394 116.1616161616162
 203 121.2121212121212
 83 126.2626262626263
 1 131.3131313131313
 2 136.3636363636363
 77 141.4141414141414
 104 146.4646464646464
 453 151.5151515151515
 283 156.5656565656566
 6 161.6161616161616
 1 166.6666666666667
 78 171.7171717171717
 39 176.7676767676768
 2 181.8181818181818
 1 186.8686868686869
 219 191.9191919191919
 272 196.969696969697
 47 202.020202020202
 92 207.070707070707
 210 212.1212121212121
 51 217.1717171717171
 112 222.2222222222222
 227 227.2727272727273
 129 232.3232323232323
 2 237.3737373737374
 24 242.4242424242424
 156 247.4747474747475
 16 252.5252525252525
 111 257.5757575757576
 147 262.6262626262626
 57 267.6767676767677
 278 272.7272727272727
 145 277.7777777777778
 446 282.8282828282828
 223 287.8787878787879
 1 292.9292929292929
 1 297.979797979798
 2 303.030303030303
 216 308.0808080808081
 25 313.1313131313131
 38 318.1818181818182
 20 323.2323232323232
 39 328.2828282828282
 178 333.3333333333333
 71 338.3838383838383
 29 343.4343434343434
 188 348.4848484848484
 111 353.5353535353535
 33 358.5858585858585
 2 363.6363636363636
 45 368.6868686868686
 42 373.7373737373737
 39 378.7878787878788
 1 383.8383838383838
 1 388.8888888888889
 325 393.9393939393939
 83 398.989898989899
 80 404.040404040404
 187 409.0909090909091
 146 414.1414141414141
 538 419.1919191919192
 22 424.2424242424242
 227 429.2929292929293
 190 434.3434343434343
 8 439.3939393939394
 52 444.4444444444444
 86 449.4949494949495
 66 454.5454545454545
 0 459.5959595959596
 2 464.6464646464646
 2 469.6969696969697
 1 474.7474747474747
 2 479.7979797979798
 19 484.8484848484848
 16 489.8989898989898
 61 494.9494949494949
 0 500


