# Created by Octave 3.8.2, Mon Jun 22 23:07:07 2020 CEST <damian@fptrucha.inv.usc.es>
# name: hd
# type: matrix
# rows: 100
# columns: 2
 2 0
 6 5.05050505050505
 3 10.1010101010101
 331 15.15151515151515
 3 20.2020202020202
 1 25.25252525252525
 179 30.3030303030303
 517 35.35353535353535
 613 40.4040404040404
 315 45.45454545454545
 136 50.50505050505051
 70 55.55555555555555
 2 60.6060606060606
 318 65.65656565656565
 254 70.7070707070707
 634 75.75757575757575
 0 80.8080808080808
 1 85.85858585858585
 60 90.90909090909091
 5 95.95959595959596
 2 101.010101010101
 201 106.060606060606
 178 111.1111111111111
 431 116.1616161616162
 216 121.2121212121212
 102 126.2626262626263
 0 131.3131313131313
 0 136.3636363636363
 80 141.4141414141414
 88 146.4646464646464
 488 151.5151515151515
 277 156.5656565656566
 4 161.6161616161616
 0 166.6666666666667
 76 171.7171717171717
 31 176.7676767676768
 0 181.8181818181818
 0 186.8686868686869
 218 191.9191919191919
 285 196.969696969697
 60 202.020202020202
 85 207.070707070707
 212 212.1212121212121
 58 217.1717171717171
 102 222.2222222222222
 250 227.2727272727273
 156 232.3232323232323
 0 237.3737373737374
 26 242.4242424242424
 159 247.4747474747475
 21 252.5252525252525
 120 257.5757575757576
 123 262.6262626262626
 57 267.6767676767677
 304 272.7272727272727
 161 277.7777777777778
 460 282.8282828282828
 182 287.8787878787879
 3 292.9292929292929
 1 297.979797979798
 0 303.030303030303
 233 308.0808080808081
 38 313.1313131313131
 47 318.1818181818182
 39 323.2323232323232
 29 328.2828282828282
 178 333.3333333333333
 70 338.3838383838383
 30 343.4343434343434
 191 348.4848484848484
 98 353.5353535353535
 21 358.5858585858585
 2 363.6363636363636
 45 368.6868686868686
 39 373.7373737373737
 41 378.7878787878788
 1 383.8383838383838
 0 388.8888888888889
 328 393.9393939393939
 65 398.989898989899
 54 404.040404040404
 202 409.0909090909091
 172 414.1414141414141
 549 419.1919191919192
 21 424.2424242424242
 256 429.2929292929293
 211 434.3434343434343
 3 439.3939393939394
 61 444.4444444444444
 94 449.4949494949495
 55 454.5454545454545
 0 459.5959595959596
 1 464.6464646464646
 1 469.6969696969697
 0 474.7474747474747
 2 479.7979797979798
 18 484.8484848484848
 22 489.8989898989898
 74 494.9494949494949
 0 500


