# Created by Octave 3.8.2, Sat Jun 20 10:14:50 2020 CEST <damian@fptrucha.inv.usc.es>
# name: hd
# type: matrix
# rows: 100
# columns: 2
 1 0
 8 5.05050505050505
 2 10.1010101010101
 321 15.15151515151515
 0 20.2020202020202
 0 25.25252525252525
 173 30.3030303030303
 547 35.35353535353535
 625 40.4040404040404
 337 45.45454545454545
 146 50.50505050505051
 74 55.55555555555555
 1 60.6060606060606
 304 65.65656565656565
 243 70.7070707070707
 649 75.75757575757575
 1 80.8080808080808
 1 85.85858585858585
 85 90.90909090909091
 1 95.95959595959596
 3 101.010101010101
 215 106.060606060606
 218 111.1111111111111
 439 116.1616161616162
 226 121.2121212121212
 106 126.2626262626263
 0 131.3131313131313
 2 136.3636363636363
 80 141.4141414141414
 92 146.4646464646464
 549 151.5151515151515
 286 156.5656565656566
 0 161.6161616161616
 2 166.6666666666667
 84 171.7171717171717
 42 176.7676767676768
 0 181.8181818181818
 0 186.8686868686869
 216 191.9191919191919
 252 196.969696969697
 65 202.020202020202
 98 207.070707070707
 206 212.1212121212121
 80 217.1717171717171
 125 222.2222222222222
 267 227.2727272727273
 159 232.3232323232323
 0 237.3737373737374
 33 242.4242424242424
 137 247.4747474747475
 27 252.5252525252525
 126 257.5757575757576
 149 262.6262626262626
 49 267.6767676767677
 276 272.7272727272727
 157 277.7777777777778
 516 282.8282828282828
 215 287.8787878787879
 0 292.9292929292929
 0 297.979797979798
 0 303.030303030303
 216 308.0808080808081
 33 313.1313131313131
 50 318.1818181818182
 30 323.2323232323232
 39 328.2828282828282
 188 333.3333333333333
 72 338.3838383838383
 19 343.4343434343434
 179 348.4848484848484
 111 353.5353535353535
 37 358.5858585858585
 4 363.6363636363636
 70 368.6868686868686
 51 373.7373737373737
 42 378.7878787878788
 2 383.8383838383838
 0 388.8888888888889
 349 393.9393939393939
 65 398.989898989899
 75 404.040404040404
 189 409.0909090909091
 162 414.1414141414141
 615 419.1919191919192
 21 424.2424242424242
 254 429.2929292929293
 193 434.3434343434343
 7 439.3939393939394
 78 444.4444444444444
 94 449.4949494949495
 61 454.5454545454545
 1 459.5959595959596
 1 464.6464646464646
 0 469.6969696969697
 1 474.7474747474747
 1 479.7979797979798
 20 484.8484848484848
 24 489.8989898989898
 72 494.9494949494949
 0 500


