# Created by Octave 3.8.2, Mon Jun 22 03:18:56 2020 CEST <damian@fptrucha.inv.usc.es>
# name: hd
# type: matrix
# rows: 100
# columns: 2
 4 0
 5 5.05050505050505
 0 10.1010101010101
 268 15.15151515151515
 6 20.2020202020202
 2 25.25252525252525
 139 30.3030303030303
 443 35.35353535353535
 569 40.4040404040404
 324 45.45454545454545
 130 50.50505050505051
 73 55.55555555555555
 1 60.6060606060606
 263 65.65656565656565
 178 70.7070707070707
 546 75.75757575757575
 0 80.8080808080808
 1 85.85858585858585
 58 90.90909090909091
 5 95.95959595959596
 2 101.010101010101
 156 106.060606060606
 145 111.1111111111111
 366 116.1616161616162
 181 121.2121212121212
 81 126.2626262626263
 0 131.3131313131313
 1 136.3636363636363
 69 141.4141414141414
 79 146.4646464646464
 439 151.5151515151515
 243 156.5656565656566
 2 161.6161616161616
 1 166.6666666666667
 66 171.7171717171717
 28 176.7676767676768
 1 181.8181818181818
 2 186.8686868686869
 172 191.9191919191919
 252 196.969696969697
 50 202.020202020202
 74 207.070707070707
 148 212.1212121212121
 57 217.1717171717171
 97 222.2222222222222
 213 227.2727272727273
 118 232.3232323232323
 4 237.3737373737374
 28 242.4242424242424
 131 247.4747474747475
 23 252.5252525252525
 96 257.5757575757576
 121 262.6262626262626
 52 267.6767676767677
 241 272.7272727272727
 134 277.7777777777778
 436 282.8282828282828
 196 287.8787878787879
 4 292.9292929292929
 2 297.979797979798
 4 303.030303030303
 217 308.0808080808081
 27 313.1313131313131
 38 318.1818181818182
 35 323.2323232323232
 36 328.2828282828282
 162 333.3333333333333
 73 338.3838383838383
 28 343.4343434343434
 177 348.4848484848484
 93 353.5353535353535
 30 358.5858585858585
 5 363.6363636363636
 53 368.6868686868686
 36 373.7373737373737
 32 378.7878787878788
 0 383.8383838383838
 2 388.8888888888889
 284 393.9393939393939
 60 398.989898989899
 64 404.040404040404
 170 409.0909090909091
 133 414.1414141414141
 539 419.1919191919192
 18 424.2424242424242
 236 429.2929292929293
 149 434.3434343434343
 3 439.3939393939394
 58 444.4444444444444
 64 449.4949494949495
 44 454.5454545454545
 1 459.5959595959596
 0 464.6464646464646
 1 469.6969696969697
 0 474.7474747474747
 1 479.7979797979798
 24 484.8484848484848
 19 489.8989898989898
 71 494.9494949494949
 0 500


