# Created by Octave 3.8.2, Sun Jun 21 07:25:33 2020 CEST <damian@fptrucha.inv.usc.es>
# name: hd
# type: matrix
# rows: 100
# columns: 2
 0 0
 1 5.05050505050505
 0 10.1010101010101
 264 15.15151515151515
 2 20.2020202020202
 0 25.25252525252525
 136 30.3030303030303
 486 35.35353535353535
 566 40.4040404040404
 313 45.45454545454545
 130 50.50505050505051
 79 55.55555555555555
 2 60.6060606060606
 257 65.65656565656565
 206 70.7070707070707
 534 75.75757575757575
 2 80.8080808080808
 0 85.85858585858585
 61 90.90909090909091
 2 95.95959595959596
 0 101.010101010101
 175 106.060606060606
 178 111.1111111111111
 379 116.1616161616162
 201 121.2121212121212
 88 126.2626262626263
 0 131.3131313131313
 2 136.3636363636363
 64 141.4141414141414
 80 146.4646464646464
 458 151.5151515151515
 248 156.5656565656566
 0 161.6161616161616
 1 166.6666666666667
 65 171.7171717171717
 26 176.7676767676768
 0 181.8181818181818
 0 186.8686868686869
 166 191.9191919191919
 249 196.969696969697
 42 202.020202020202
 82 207.070707070707
 193 212.1212121212121
 68 217.1717171717171
 99 222.2222222222222
 197 227.2727272727273
 136 232.3232323232323
 1 237.3737373737374
 19 242.4242424242424
 139 247.4747474747475
 16 252.5252525252525
 113 257.5757575757576
 134 262.6262626262626
 41 267.6767676767677
 235 272.7272727272727
 149 277.7777777777778
 419 282.8282828282828
 196 287.8787878787879
 0 292.9292929292929
 0 297.979797979798
 0 303.030303030303
 200 308.0808080808081
 18 313.1313131313131
 39 318.1818181818182
 25 323.2323232323232
 38 328.2828282828282
 140 333.3333333333333
 61 338.3838383838383
 17 343.4343434343434
 181 348.4848484848484
 89 353.5353535353535
 25 358.5858585858585
 0 363.6363636363636
 41 368.6868686868686
 43 373.7373737373737
 34 378.7878787878788
 0 383.8383838383838
 0 388.8888888888889
 306 393.9393939393939
 55 398.989898989899
 67 404.040404040404
 186 409.0909090909091
 138 414.1414141414141
 522 419.1919191919192
 17 424.2424242424242
 232 429.2929292929293
 176 434.3434343434343
 3 439.3939393939394
 41 444.4444444444444
 75 449.4949494949495
 49 454.5454545454545
 0 459.5959595959596
 0 464.6464646464646
 0 469.6969696969697
 1 474.7474747474747
 0 479.7979797979798
 15 484.8484848484848
 22 489.8989898989898
 70 494.9494949494949
 0 500


