# Created by Octave 3.8.2, Mon Jun 22 11:36:54 2020 CEST <damian@fptrucha.inv.usc.es>
# name: hd
# type: matrix
# rows: 100
# columns: 2
 4 0
 5 5.05050505050505
 0 10.1010101010101
 290 15.15151515151515
 1 20.2020202020202
 1 25.25252525252525
 160 30.3030303030303
 513 35.35353535353535
 585 40.4040404040404
 304 45.45454545454545
 123 50.50505050505051
 64 55.55555555555555
 1 60.6060606060606
 256 65.65656565656565
 217 70.7070707070707
 504 75.75757575757575
 0 80.8080808080808
 4 85.85858585858585
 54 90.90909090909091
 4 95.95959595959596
 2 101.010101010101
 190 106.060606060606
 152 111.1111111111111
 395 116.1616161616162
 173 121.2121212121212
 76 126.2626262626263
 0 131.3131313131313
 1 136.3636363636363
 64 141.4141414141414
 90 146.4646464646464
 441 151.5151515151515
 266 156.5656565656566
 5 161.6161616161616
 1 166.6666666666667
 95 171.7171717171717
 26 176.7676767676768
 0 181.8181818181818
 2 186.8686868686869
 188 191.9191919191919
 228 196.969696969697
 58 202.020202020202
 99 207.070707070707
 202 212.1212121212121
 60 217.1717171717171
 99 222.2222222222222
 217 227.2727272727273
 154 232.3232323232323
 2 237.3737373737374
 32 242.4242424242424
 127 247.4747474747475
 23 252.5252525252525
 118 257.5757575757576
 132 262.6262626262626
 35 267.6767676767677
 278 272.7272727272727
 143 277.7777777777778
 448 282.8282828282828
 196 287.8787878787879
 1 292.9292929292929
 3 297.979797979798
 0 303.030303030303
 227 308.0808080808081
 24 313.1313131313131
 44 318.1818181818182
 30 323.2323232323232
 26 328.2828282828282
 185 333.3333333333333
 82 338.3838383838383
 14 343.4343434343434
 177 348.4848484848484
 101 353.5353535353535
 27 358.5858585858585
 5 363.6363636363636
 61 368.6868686868686
 40 373.7373737373737
 33 378.7878787878788
 4 383.8383838383838
 0 388.8888888888889
 293 393.9393939393939
 57 398.989898989899
 69 404.040404040404
 138 409.0909090909091
 157 414.1414141414141
 525 419.1919191919192
 18 424.2424242424242
 225 429.2929292929293
 196 434.3434343434343
 6 439.3939393939394
 72 444.4444444444444
 72 449.4949494949495
 60 454.5454545454545
 1 459.5959595959596
 1 464.6464646464646
 1 469.6969696969697
 2 474.7474747474747
 1 479.7979797979798
 22 484.8484848484848
 19 489.8989898989898
 52 494.9494949494949
 0 500


