# Created by Octave 3.8.2, Mon Jun 22 18:30:59 2020 CEST <damian@fptrucha.inv.usc.es>
# name: hd
# type: matrix
# rows: 100
# columns: 2
 2 0
 2 5.05050505050505
 2 10.1010101010101
 310 15.15151515151515
 0 20.2020202020202
 0 25.25252525252525
 158 30.3030303030303
 538 35.35353535353535
 622 40.4040404040404
 320 45.45454545454545
 144 50.50505050505051
 78 55.55555555555555
 3 60.6060606060606
 279 65.65656565656565
 195 70.7070707070707
 583 75.75757575757575
 2 80.8080808080808
 3 85.85858585858585
 61 90.90909090909091
 5 95.95959595959596
 3 101.010101010101
 217 106.060606060606
 187 111.1111111111111
 410 116.1616161616162
 200 121.2121212121212
 78 126.2626262626263
 1 131.3131313131313
 0 136.3636363636363
 64 141.4141414141414
 86 146.4646464646464
 502 151.5151515151515
 269 156.5656565656566
 3 161.6161616161616
 0 166.6666666666667
 77 171.7171717171717
 30 176.7676767676768
 1 181.8181818181818
 1 186.8686868686869
 200 191.9191919191919
 242 196.969696969697
 51 202.020202020202
 99 207.070707070707
 163 212.1212121212121
 83 217.1717171717171
 85 222.2222222222222
 268 227.2727272727273
 149 232.3232323232323
 2 237.3737373737374
 29 242.4242424242424
 136 247.4747474747475
 27 252.5252525252525
 136 257.5757575757576
 146 262.6262626262626
 59 267.6767676767677
 265 272.7272727272727
 145 277.7777777777778
 482 282.8282828282828
 218 287.8787878787879
 2 292.9292929292929
 0 297.979797979798
 0 303.030303030303
 209 308.0808080808081
 25 313.1313131313131
 34 318.1818181818182
 33 323.2323232323232
 35 328.2828282828282
 180 333.3333333333333
 72 338.3838383838383
 18 343.4343434343434
 194 348.4848484848484
 114 353.5353535353535
 31 358.5858585858585
 0 363.6363636363636
 58 368.6868686868686
 42 373.7373737373737
 30 378.7878787878788
 0 383.8383838383838
 2 388.8888888888889
 313 393.9393939393939
 62 398.989898989899
 75 404.040404040404
 186 409.0909090909091
 145 414.1414141414141
 534 419.1919191919192
 19 424.2424242424242
 227 429.2929292929293
 171 434.3434343434343
 8 439.3939393939394
 47 444.4444444444444
 74 449.4949494949495
 59 454.5454545454545
 4 459.5959595959596
 1 464.6464646464646
 0 469.6969696969697
 2 474.7474747474747
 0 479.7979797979798
 15 484.8484848484848
 28 489.8989898989898
 79 494.9494949494949
 0 500


