# Created by Octave 3.8.2, Mon Jun 22 09:30:16 2020 CEST <damian@fptrucha.inv.usc.es>
# name: hd
# type: matrix
# rows: 100
# columns: 2
 0 0
 5 5.05050505050505
 3 10.1010101010101
 272 15.15151515151515
 2 20.2020202020202
 2 25.25252525252525
 133 30.3030303030303
 521 35.35353535353535
 551 40.4040404040404
 307 45.45454545454545
 122 50.50505050505051
 75 55.55555555555555
 2 60.6060606060606
 260 65.65656565656565
 223 70.7070707070707
 518 75.75757575757575
 3 80.8080808080808
 1 85.85858585858585
 59 90.90909090909091
 7 95.95959595959596
 6 101.010101010101
 190 106.060606060606
 173 111.1111111111111
 395 116.1616161616162
 187 121.2121212121212
 74 126.2626262626263
 0 131.3131313131313
 2 136.3636363636363
 79 141.4141414141414
 112 146.4646464646464
 402 151.5151515151515
 247 156.5656565656566
 3 161.6161616161616
 0 166.6666666666667
 69 171.7171717171717
 29 176.7676767676768
 6 181.8181818181818
 0 186.8686868686869
 185 191.9191919191919
 256 196.969696969697
 56 202.020202020202
 66 207.070707070707
 168 212.1212121212121
 63 217.1717171717171
 91 222.2222222222222
 211 227.2727272727273
 149 232.3232323232323
 0 237.3737373737374
 19 242.4242424242424
 119 247.4747474747475
 30 252.5252525252525
 112 257.5757575757576
 133 262.6262626262626
 39 267.6767676767677
 273 272.7272727272727
 122 277.7777777777778
 450 282.8282828282828
 188 287.8787878787879
 1 292.9292929292929
 0 297.979797979798
 1 303.030303030303
 185 308.0808080808081
 22 313.1313131313131
 29 318.1818181818182
 36 323.2323232323232
 35 328.2828282828282
 183 333.3333333333333
 64 338.3838383838383
 22 343.4343434343434
 193 348.4848484848484
 85 353.5353535353535
 30 358.5858585858585
 1 363.6363636363636
 36 368.6868686868686
 46 373.7373737373737
 46 378.7878787878788
 2 383.8383838383838
 0 388.8888888888889
 303 393.9393939393939
 69 398.989898989899
 57 404.040404040404
 150 409.0909090909091
 134 414.1414141414141
 536 419.1919191919192
 23 424.2424242424242
 207 429.2929292929293
 192 434.3434343434343
 3 439.3939393939394
 54 444.4444444444444
 80 449.4949494949495
 59 454.5454545454545
 1 459.5959595959596
 1 464.6464646464646
 3 469.6969696969697
 0 474.7474747474747
 1 479.7979797979798
 24 484.8484848484848
 26 489.8989898989898
 77 494.9494949494949
 0 500


