# Created by Octave 3.8.2, Mon Jun 22 09:39:33 2020 CEST <damian@fptrucha.inv.usc.es>
# name: hd
# type: matrix
# rows: 100
# columns: 2
 3 0
 4 5.05050505050505
 1 10.1010101010101
 266 15.15151515151515
 4 20.2020202020202
 0 25.25252525252525
 162 30.3030303030303
 468 35.35353535353535
 603 40.4040404040404
 270 45.45454545454545
 113 50.50505050505051
 64 55.55555555555555
 2 60.6060606060606
 272 65.65656565656565
 214 70.7070707070707
 540 75.75757575757575
 2 80.8080808080808
 2 85.85858585858585
 66 90.90909090909091
 3 95.95959595959596
 3 101.010101010101
 184 106.060606060606
 176 111.1111111111111
 386 116.1616161616162
 221 121.2121212121212
 88 126.2626262626263
 0 131.3131313131313
 2 136.3636363636363
 62 141.4141414141414
 97 146.4646464646464
 445 151.5151515151515
 216 156.5656565656566
 4 161.6161616161616
 1 166.6666666666667
 76 171.7171717171717
 19 176.7676767676768
 3 181.8181818181818
 1 186.8686868686869
 196 191.9191919191919
 254 196.969696969697
 43 202.020202020202
 81 207.070707070707
 159 212.1212121212121
 46 217.1717171717171
 98 222.2222222222222
 222 227.2727272727273
 148 232.3232323232323
 3 237.3737373737374
 23 242.4242424242424
 125 247.4747474747475
 15 252.5252525252525
 109 257.5757575757576
 117 262.6262626262626
 33 267.6767676767677
 253 272.7272727272727
 132 277.7777777777778
 461 282.8282828282828
 208 287.8787878787879
 0 292.9292929292929
 1 297.979797979798
 4 303.030303030303
 187 308.0808080808081
 32 313.1313131313131
 35 318.1818181818182
 34 323.2323232323232
 52 328.2828282828282
 171 333.3333333333333
 81 338.3838383838383
 26 343.4343434343434
 174 348.4848484848484
 113 353.5353535353535
 25 358.5858585858585
 1 363.6363636363636
 47 368.6868686868686
 41 373.7373737373737
 39 378.7878787878788
 2 383.8383838383838
 1 388.8888888888889
 285 393.9393939393939
 51 398.989898989899
 56 404.040404040404
 151 409.0909090909091
 164 414.1414141414141
 563 419.1919191919192
 15 424.2424242424242
 254 429.2929292929293
 184 434.3434343434343
 4 439.3939393939394
 65 444.4444444444444
 79 449.4949494949495
 50 454.5454545454545
 4 459.5959595959596
 2 464.6464646464646
 2 469.6969696969697
 3 474.7474747474747
 2 479.7979797979798
 17 484.8484848484848
 20 489.8989898989898
 79 494.9494949494949
 0 500


