# Created by Octave 3.8.2, Mon Jun 22 08:02:25 2020 CEST <damian@fptrucha.inv.usc.es>
# name: hd
# type: matrix
# rows: 100
# columns: 2
 0 0
 4 5.05050505050505
 1 10.1010101010101
 301 15.15151515151515
 4 20.2020202020202
 0 25.25252525252525
 135 30.3030303030303
 466 35.35353535353535
 572 40.4040404040404
 319 45.45454545454545
 104 50.50505050505051
 65 55.55555555555555
 3 60.6060606060606
 274 65.65656565656565
 231 70.7070707070707
 559 75.75757575757575
 3 80.8080808080808
 2 85.85858585858585
 50 90.90909090909091
 7 95.95959595959596
 6 101.010101010101
 199 106.060606060606
 176 111.1111111111111
 373 116.1616161616162
 206 121.2121212121212
 85 126.2626262626263
 0 131.3131313131313
 4 136.3636363636363
 68 141.4141414141414
 88 146.4646464646464
 423 151.5151515151515
 257 156.5656565656566
 3 161.6161616161616
 0 166.6666666666667
 80 171.7171717171717
 33 176.7676767676768
 1 181.8181818181818
 1 186.8686868686869
 172 191.9191919191919
 241 196.969696969697
 46 202.020202020202
 99 207.070707070707
 173 212.1212121212121
 50 217.1717171717171
 99 222.2222222222222
 240 227.2727272727273
 119 232.3232323232323
 1 237.3737373737374
 25 242.4242424242424
 115 247.4747474747475
 22 252.5252525252525
 116 257.5757575757576
 105 262.6262626262626
 45 267.6767676767677
 245 272.7272727272727
 149 277.7777777777778
 432 282.8282828282828
 179 287.8787878787879
 2 292.9292929292929
 1 297.979797979798
 2 303.030303030303
 177 308.0808080808081
 26 313.1313131313131
 50 318.1818181818182
 37 323.2323232323232
 44 328.2828282828282
 181 333.3333333333333
 70 338.3838383838383
 17 343.4343434343434
 170 348.4848484848484
 112 353.5353535353535
 27 358.5858585858585
 2 363.6363636363636
 42 368.6868686868686
 33 373.7373737373737
 27 378.7878787878788
 2 383.8383838383838
 1 388.8888888888889
 295 393.9393939393939
 55 398.989898989899
 54 404.040404040404
 181 409.0909090909091
 147 414.1414141414141
 505 419.1919191919192
 17 424.2424242424242
 230 429.2929292929293
 183 434.3434343434343
 3 439.3939393939394
 62 444.4444444444444
 82 449.4949494949495
 69 454.5454545454545
 0 459.5959595959596
 0 464.6464646464646
 2 469.6969696969697
 3 474.7474747474747
 1 479.7979797979798
 18 484.8484848484848
 16 489.8989898989898
 71 494.9494949494949
 0 500


