# Created by Octave 3.8.2, Mon Jun 22 17:02:47 2020 CEST <damian@fptrucha.inv.usc.es>
# name: hd
# type: matrix
# rows: 100
# columns: 2
 2 0
 4 5.05050505050505
 0 10.1010101010101
 287 15.15151515151515
 6 20.2020202020202
 4 25.25252525252525
 165 30.3030303030303
 517 35.35353535353535
 607 40.4040404040404
 349 45.45454545454545
 124 50.50505050505051
 54 55.55555555555555
 4 60.6060606060606
 265 65.65656565656565
 230 70.7070707070707
 531 75.75757575757575
 2 80.8080808080808
 2 85.85858585858585
 71 90.90909090909091
 4 95.95959595959596
 4 101.010101010101
 184 106.060606060606
 172 111.1111111111111
 395 116.1616161616162
 213 121.2121212121212
 81 126.2626262626263
 3 131.3131313131313
 1 136.3636363636363
 70 141.4141414141414
 93 146.4646464646464
 450 151.5151515151515
 268 156.5656565656566
 4 161.6161616161616
 1 166.6666666666667
 81 171.7171717171717
 36 176.7676767676768
 1 181.8181818181818
 1 186.8686868686869
 185 191.9191919191919
 260 196.969696969697
 53 202.020202020202
 94 207.070707070707
 161 212.1212121212121
 64 217.1717171717171
 103 222.2222222222222
 238 227.2727272727273
 133 232.3232323232323
 3 237.3737373737374
 27 242.4242424242424
 146 247.4747474747475
 28 252.5252525252525
 123 257.5757575757576
 137 262.6262626262626
 47 267.6767676767677
 292 272.7272727272727
 125 277.7777777777778
 458 282.8282828282828
 184 287.8787878787879
 3 292.9292929292929
 1 297.979797979798
 0 303.030303030303
 231 308.0808080808081
 27 313.1313131313131
 39 318.1818181818182
 46 323.2323232323232
 36 328.2828282828282
 194 333.3333333333333
 72 338.3838383838383
 27 343.4343434343434
 206 348.4848484848484
 90 353.5353535353535
 37 358.5858585858585
 0 363.6363636363636
 53 368.6868686868686
 31 373.7373737373737
 29 378.7878787878788
 0 383.8383838383838
 1 388.8888888888889
 301 393.9393939393939
 75 398.989898989899
 64 404.040404040404
 174 409.0909090909091
 150 414.1414141414141
 549 419.1919191919192
 22 424.2424242424242
 247 429.2929292929293
 176 434.3434343434343
 4 439.3939393939394
 65 444.4444444444444
 81 449.4949494949495
 59 454.5454545454545
 2 459.5959595959596
 4 464.6464646464646
 1 469.6969696969697
 0 474.7474747474747
 2 479.7979797979798
 23 484.8484848484848
 24 489.8989898989898
 69 494.9494949494949
 0 500


