# Created by Octave 3.8.2, Mon Jun 22 02:20:53 2020 CEST <damian@fptrucha.inv.usc.es>
# name: hd
# type: matrix
# rows: 100
# columns: 2
 4 0
 6 5.05050505050505
 1 10.1010101010101
 278 15.15151515151515
 4 20.2020202020202
 1 25.25252525252525
 150 30.3030303030303
 518 35.35353535353535
 558 40.4040404040404
 298 45.45454545454545
 142 50.50505050505051
 73 55.55555555555555
 1 60.6060606060606
 298 65.65656565656565
 192 70.7070707070707
 521 75.75757575757575
 3 80.8080808080808
 1 85.85858585858585
 58 90.90909090909091
 7 95.95959595959596
 2 101.010101010101
 203 106.060606060606
 181 111.1111111111111
 386 116.1616161616162
 198 121.2121212121212
 87 126.2626262626263
 1 131.3131313131313
 1 136.3636363636363
 61 141.4141414141414
 100 146.4646464646464
 388 151.5151515151515
 225 156.5656565656566
 3 161.6161616161616
 4 166.6666666666667
 51 171.7171717171717
 30 176.7676767676768
 0 181.8181818181818
 2 186.8686868686869
 201 191.9191919191919
 257 196.969696969697
 61 202.020202020202
 95 207.070707070707
 173 212.1212121212121
 57 217.1717171717171
 105 222.2222222222222
 209 227.2727272727273
 153 232.3232323232323
 0 237.3737373737374
 22 242.4242424242424
 147 247.4747474747475
 28 252.5252525252525
 112 257.5757575757576
 140 262.6262626262626
 38 267.6767676767677
 265 272.7272727272727
 155 277.7777777777778
 399 282.8282828282828
 205 287.8787878787879
 1 292.9292929292929
 0 297.979797979798
 0 303.030303030303
 185 308.0808080808081
 30 313.1313131313131
 40 318.1818181818182
 40 323.2323232323232
 36 328.2828282828282
 176 333.3333333333333
 78 338.3838383838383
 22 343.4343434343434
 187 348.4848484848484
 86 353.5353535353535
 31 358.5858585858585
 2 363.6363636363636
 46 368.6868686868686
 39 373.7373737373737
 35 378.7878787878788
 2 383.8383838383838
 1 388.8888888888889
 291 393.9393939393939
 62 398.989898989899
 57 404.040404040404
 157 409.0909090909091
 137 414.1414141414141
 535 419.1919191919192
 23 424.2424242424242
 235 429.2929292929293
 186 434.3434343434343
 8 439.3939393939394
 52 444.4444444444444
 72 449.4949494949495
 66 454.5454545454545
 0 459.5959595959596
 1 464.6464646464646
 0 469.6969696969697
 3 474.7474747474747
 3 479.7979797979798
 28 484.8484848484848
 18 489.8989898989898
 70 494.9494949494949
 0 500


