# Created by Octave 3.8.2, Sat Jun 20 22:04:01 2020 CEST <damian@fptrucha.inv.usc.es>
# name: hd
# type: matrix
# rows: 100
# columns: 2
 2 0
 4 5.05050505050505
 2 10.1010101010101
 283 15.15151515151515
 1 20.2020202020202
 1 25.25252525252525
 125 30.3030303030303
 508 35.35353535353535
 577 40.4040404040404
 265 45.45454545454545
 147 50.50505050505051
 50 55.55555555555555
 3 60.6060606060606
 292 65.65656565656565
 213 70.7070707070707
 537 75.75757575757575
 0 80.8080808080808
 1 85.85858585858585
 52 90.90909090909091
 2 95.95959595959596
 4 101.010101010101
 173 106.060606060606
 186 111.1111111111111
 402 116.1616161616162
 195 121.2121212121212
 63 126.2626262626263
 1 131.3131313131313
 2 136.3636363636363
 59 141.4141414141414
 79 146.4646464646464
 406 151.5151515151515
 263 156.5656565656566
 2 161.6161616161616
 0 166.6666666666667
 82 171.7171717171717
 39 176.7676767676768
 1 181.8181818181818
 1 186.8686868686869
 194 191.9191919191919
 243 196.969696969697
 39 202.020202020202
 87 207.070707070707
 198 212.1212121212121
 58 217.1717171717171
 82 222.2222222222222
 216 227.2727272727273
 161 232.3232323232323
 0 237.3737373737374
 31 242.4242424242424
 130 247.4747474747475
 13 252.5252525252525
 105 257.5757575757576
 112 262.6262626262626
 48 267.6767676767677
 258 272.7272727272727
 144 277.7777777777778
 442 282.8282828282828
 194 287.8787878787879
 2 292.9292929292929
 1 297.979797979798
 1 303.030303030303
 204 308.0808080808081
 30 313.1313131313131
 40 318.1818181818182
 35 323.2323232323232
 50 328.2828282828282
 198 333.3333333333333
 64 338.3838383838383
 22 343.4343434343434
 173 348.4848484848484
 116 353.5353535353535
 22 358.5858585858585
 1 363.6363636363636
 47 368.6868686868686
 42 373.7373737373737
 33 378.7878787878788
 1 383.8383838383838
 2 388.8888888888889
 308 393.9393939393939
 62 398.989898989899
 61 404.040404040404
 164 409.0909090909091
 138 414.1414141414141
 574 419.1919191919192
 20 424.2424242424242
 192 429.2929292929293
 184 434.3434343434343
 3 439.3939393939394
 51 444.4444444444444
 82 449.4949494949495
 55 454.5454545454545
 0 459.5959595959596
 0 464.6464646464646
 3 469.6969696969697
 0 474.7474747474747
 3 479.7979797979798
 15 484.8484848484848
 19 489.8989898989898
 70 494.9494949494949
 0 500


