# Created by Octave 3.8.2, Sun Jun 21 02:06:26 2020 CEST <damian@fptrucha.inv.usc.es>
# name: hd
# type: matrix
# rows: 100
# columns: 2
 1 0
 2 5.05050505050505
 0 10.1010101010101
 271 15.15151515151515
 4 20.2020202020202
 0 25.25252525252525
 164 30.3030303030303
 519 35.35353535353535
 570 40.4040404040404
 303 45.45454545454545
 122 50.50505050505051
 59 55.55555555555555
 1 60.6060606060606
 263 65.65656565656565
 172 70.7070707070707
 545 75.75757575757575
 2 80.8080808080808
 1 85.85858585858585
 61 90.90909090909091
 6 95.95959595959596
 4 101.010101010101
 180 106.060606060606
 168 111.1111111111111
 404 116.1616161616162
 200 121.2121212121212
 79 126.2626262626263
 1 131.3131313131313
 1 136.3636363636363
 47 141.4141414141414
 79 146.4646464646464
 403 151.5151515151515
 259 156.5656565656566
 5 161.6161616161616
 0 166.6666666666667
 61 171.7171717171717
 22 176.7676767676768
 1 181.8181818181818
 0 186.8686868686869
 177 191.9191919191919
 244 196.969696969697
 60 202.020202020202
 73 207.070707070707
 203 212.1212121212121
 63 217.1717171717171
 113 222.2222222222222
 185 227.2727272727273
 113 232.3232323232323
 0 237.3737373737374
 15 242.4242424242424
 142 247.4747474747475
 22 252.5252525252525
 130 257.5757575757576
 141 262.6262626262626
 27 267.6767676767677
 262 272.7272727272727
 133 277.7777777777778
 512 282.8282828282828
 209 287.8787878787879
 1 292.9292929292929
 0 297.979797979798
 0 303.030303030303
 219 308.0808080808081
 10 313.1313131313131
 27 318.1818181818182
 19 323.2323232323232
 34 328.2828282828282
 181 333.3333333333333
 73 338.3838383838383
 17 343.4343434343434
 176 348.4848484848484
 85 353.5353535353535
 37 358.5858585858585
 5 363.6363636363636
 43 368.6868686868686
 32 373.7373737373737
 31 378.7878787878788
 0 383.8383838383838
 1 388.8888888888889
 323 393.9393939393939
 60 398.989898989899
 59 404.040404040404
 169 409.0909090909091
 141 414.1414141414141
 543 419.1919191919192
 19 424.2424242424242
 229 429.2929292929293
 187 434.3434343434343
 2 439.3939393939394
 42 444.4444444444444
 61 449.4949494949495
 48 454.5454545454545
 2 459.5959595959596
 1 464.6464646464646
 1 469.6969696969697
 1 474.7474747474747
 3 479.7979797979798
 18 484.8484848484848
 17 489.8989898989898
 69 494.9494949494949
 0 500


