# Created by Octave 3.8.2, Sun Jun 21 01:20:58 2020 CEST <damian@fptrucha.inv.usc.es>
# name: hd
# type: matrix
# rows: 180
# columns: 2
 2 -180
 136 -177.9888268156425
 4 -175.9776536312849
 374 -173.9664804469274
 227 -171.9553072625698
 129 -169.9441340782123
 28 -167.9329608938548
 32 -165.9217877094972
 47 -163.9106145251397
 184 -161.8994413407821
 53 -159.8882681564246
 596 -157.877094972067
 63 -155.8659217877095
 121 -153.854748603352
 36 -151.8435754189944
 65 -149.8324022346369
 196 -147.8212290502793
 619 -145.8100558659218
 123 -143.7988826815642
 89 -141.7877094972067
 168 -139.7765363128491
 115 -137.7653631284916
 1 -135.7541899441341
 171 -133.7430167597765
 144 -131.731843575419
 86 -129.7206703910614
 162 -127.7094972067039
 212 -125.6983240223464
 103 -123.6871508379888
 179 -121.6759776536313
 207 -119.6648044692737
 6 -117.6536312849162
 94 -115.6424581005587
 119 -113.6312849162011
 98 -111.6201117318436
 14 -109.608938547486
 23 -107.5977653631285
 22 -105.5865921787709
 15 -103.5754189944134
 3 -101.5642458100559
 0 -99.55307262569832
 2 -97.54189944134077
 2 -95.53072625698323
 9 -93.5195530726257
 8050 -91.50837988826815
 7 -89.49720670391061
 3 -87.48603351955308
 2 -85.47486033519553
 0 -83.46368715083798
 2 -81.45251396648044
 9 -79.44134078212289
 6 -77.43016759776536
 42 -75.41899441340782
 26 -73.40782122905027
 55 -71.39664804469274
 93 -69.38547486033519
 74 -67.37430167597765
 116 -65.3631284916201
 42 -63.35195530726256
 252 -61.34078212290503
 141 -59.32960893854748
 188 -57.31843575418993
 100 -55.3072625698324
 76 -53.29608938547486
 230 -51.28491620111731
 69 -49.27374301675977
 93 -47.26256983240222
 2 -45.25139664804468
 273 -43.24022346368713
 3 -41.22905027932961
 128 -39.21787709497207
 302 -37.20670391061452
 460 -35.19553072625698
 115 -33.18435754189943
 52 -31.17318435754188
 156 -29.16201117318434
 6 -27.15083798882682
 65 -25.13966480446928
 610 -23.12849162011173
 121 -21.11731843575419
 42 -19.10614525139664
 10 -17.09497206703909
 39 -15.08379888268155
 144 -13.072625698324
 5 -11.06145251396646
 547 -9.050279329608941
 3 -7.039106145251395
 111 -5.02793296089385
 15 -3.016759776536304
 5 -1.005586592178759
 15 1.005586592178787
 103 3.016759776536333
 3 5.02793296089385
 551 7.039106145251395
 9 9.050279329608941
 147 11.06145251396649
 40 13.07262569832403
 9 15.08379888268158
 61 17.09497206703912
 109 19.10614525139667
 531 21.11731843575421
 59 23.12849162011173
 75 25.13966480446928
 89 27.15083798882682
 50 29.16201117318437
 227 31.17318435754191
 299 33.18435754189946
 254 35.195530726257
 155 37.20670391061452
 30 39.21787709497207
 255 41.22905027932961
 1 43.24022346368716
 119 45.2513966480447
 46 47.26256983240225
 240 49.27374301675979
 83 51.28491620111734
 206 53.29608938547489
 86 55.3072625698324
 128 57.31843575418995
 245 59.32960893854749
 62 61.34078212290504
 118 63.35195530726259
 70 65.36312849162013
 105 67.37430167597768
 36 69.38547486033519
 31 71.39664804469274
 33 73.40782122905028
 6 75.41899441340783
 5 77.43016759776538
 2 79.44134078212289
 1 81.45251396648047
 1 83.46368715083798
 7 85.47486033519556
 9 87.48603351955308
 7582 89.49720670391065
 6 91.50837988826817
 3 93.51955307262574
 0 95.53072625698326
 1 97.54189944134077
 4 99.55307262569835
 13 101.5642458100559
 15 103.5754189944134
 39 105.586592178771
 23 107.5977653631285
 113 109.608938547486
 115 111.6201117318436
 133 113.6312849162011
 4 115.6424581005587
 208 117.6536312849162
 172 119.6648044692737
 100 121.6759776536313
 171 123.6871508379888
 161 125.6983240223464
 79 127.7094972067039
 147 129.7206703910614
 189 131.731843575419
 2 133.7430167597765
 134 135.7541899441341
 157 137.7653631284916
 103 139.7765363128492
 146 141.7877094972067
 399 143.7988826815642
 129 145.8100558659218
 178 147.8212290502793
 39 149.8324022346369
 155 151.8435754189944
 45 153.854748603352
 473 155.8659217877095
 51 157.8770949720671
 117 159.8882681564246
 68 161.8994413407821
 46 163.9106145251397
 19 165.9217877094972
 120 167.9329608938548
 202 169.9441340782123
 310 171.9553072625699
 2 173.9664804469274
 131 175.9776536312849
 5 177.9888268156425
 0 180


