# Created by Octave 3.8.2, Sat Jun 20 09:20:23 2020 CEST <damian@fptrucha.inv.usc.es>
# name: hd
# type: matrix
# rows: 180
# columns: 2
 1 -180
 181 -177.9888268156425
 8 -175.9776536312849
 422 -173.9664804469274
 269 -171.9553072625698
 173 -169.9441340782123
 42 -167.9329608938548
 44 -165.9217877094972
 55 -163.9106145251397
 191 -161.8994413407821
 43 -159.8882681564246
 718 -157.877094972067
 71 -155.8659217877095
 133 -153.854748603352
 41 -151.8435754189944
 82 -149.8324022346369
 220 -147.8212290502793
 745 -145.8100558659218
 139 -143.7988826815642
 90 -141.7877094972067
 199 -139.7765363128491
 120 -137.7653631284916
 1 -135.7541899441341
 179 -133.7430167597765
 182 -131.731843575419
 89 -129.7206703910614
 221 -127.7094972067039
 267 -125.6983240223464
 126 -123.6871508379888
 213 -121.6759776536313
 222 -119.6648044692737
 3 -117.6536312849162
 123 -115.6424581005587
 142 -113.6312849162011
 145 -111.6201117318436
 20 -109.608938547486
 43 -107.5977653631285
 18 -105.5865921787709
 11 -103.5754189944134
 7 -101.5642458100559
 2 -99.55307262569832
 0 -97.54189944134077
 4 -95.53072625698323
 10 -93.5195530726257
 9114 -91.50837988826815
 11 -89.49720670391061
 2 -87.48603351955308
 3 -85.47486033519553
 0 -83.46368715083798
 2 -81.45251396648044
 2 -79.44134078212289
 5 -77.43016759776536
 53 -75.41899441340782
 23 -73.40782122905027
 60 -71.39664804469274
 151 -69.38547486033519
 85 -67.37430167597765
 136 -65.3631284916201
 57 -63.35195530726256
 313 -61.34078212290503
 174 -59.32960893854748
 233 -57.31843575418993
 113 -55.3072625698324
 95 -53.29608938547486
 251 -51.28491620111731
 51 -49.27374301675977
 105 -47.26256983240222
 1 -45.25139664804468
 321 -43.24022346368713
 4 -41.22905027932961
 179 -39.21787709497207
 337 -37.20670391061452
 510 -35.19553072625698
 128 -33.18435754189943
 57 -31.17318435754188
 154 -29.16201117318434
 8 -27.15083798882682
 46 -25.13966480446928
 716 -23.12849162011173
 133 -21.11731843575419
 58 -19.10614525139664
 9 -17.09497206703909
 42 -15.08379888268155
 172 -13.072625698324
 6 -11.06145251396646
 668 -9.050279329608941
 3 -7.039106145251395
 141 -5.02793296089385
 19 -3.016759776536304
 4 -1.005586592178759
 27 1.005586592178787
 156 3.016759776536333
 0 5.02793296089385
 627 7.039106145251395
 12 9.050279329608941
 132 11.06145251396649
 62 13.07262569832403
 20 15.08379888268158
 67 17.09497206703912
 134 19.10614525139667
 634 21.11731843575421
 70 23.12849162011173
 104 25.13966480446928
 111 27.15083798882682
 54 29.16201117318437
 241 31.17318435754191
 349 33.18435754189946
 293 35.195530726257
 183 37.20670391061452
 35 39.21787709497207
 336 41.22905027932961
 3 43.24022346368716
 163 45.2513966480447
 58 47.26256983240225
 296 49.27374301675979
 113 51.28491620111734
 215 53.29608938547489
 102 55.3072625698324
 143 57.31843575418995
 313 59.32960893854749
 51 61.34078212290504
 126 63.35195530726259
 101 65.36312849162013
 129 67.37430167597768
 53 69.38547486033519
 35 71.39664804469274
 57 73.40782122905028
 4 75.41899441340783
 10 77.43016759776538
 2 79.44134078212289
 0 81.45251396648047
 0 83.46368715083798
 3 85.47486033519556
 11 87.48603351955308
 8723 89.49720670391065
 11 91.50837988826817
 3 93.51955307262574
 0 95.53072625698326
 0 97.54189944134077
 3 99.55307262569835
 16 101.5642458100559
 24 103.5754189944134
 36 105.586592178771
 31 107.5977653631285
 108 109.608938547486
 122 111.6201117318436
 126 113.6312849162011
 4 115.6424581005587
 238 117.6536312849162
 190 119.6648044692737
 102 121.6759776536313
 198 123.6871508379888
 220 125.6983240223464
 85 127.7094972067039
 189 129.7206703910614
 230 131.731843575419
 3 133.7430167597765
 141 135.7541899441341
 211 137.7653631284916
 99 139.7765363128492
 205 141.7877094972067
 561 143.7988826815642
 149 145.8100558659218
 258 147.8212290502793
 76 149.8324022346369
 192 151.8435754189944
 82 153.854748603352
 535 155.8659217877095
 48 157.8770949720671
 135 159.8882681564246
 57 161.8994413407821
 79 163.9106145251397
 18 165.9217877094972
 138 167.9329608938548
 253 169.9441340782123
 381 171.9553072625699
 3 173.9664804469274
 179 175.9776536312849
 2 177.9888268156425
 0 180


