# Created by Octave 3.8.2, Sun Jun 21 04:40:42 2020 CEST <damian@fptrucha.inv.usc.es>
# name: hd
# type: matrix
# rows: 180
# columns: 2
 2 -180
 100 -177.9888268156425
 2 -175.9776536312849
 221 -173.9664804469274
 154 -171.9553072625698
 114 -169.9441340782123
 22 -167.9329608938548
 24 -165.9217877094972
 48 -163.9106145251397
 89 -161.8994413407821
 31 -159.8882681564246
 391 -157.877094972067
 41 -155.8659217877095
 77 -153.854748603352
 36 -151.8435754189944
 38 -149.8324022346369
 142 -147.8212290502793
 411 -145.8100558659218
 91 -143.7988826815642
 53 -141.7877094972067
 115 -139.7765363128491
 72 -137.7653631284916
 2 -135.7541899441341
 94 -133.7430167597765
 106 -131.731843575419
 53 -129.7206703910614
 148 -127.7094972067039
 159 -125.6983240223464
 60 -123.6871508379888
 122 -121.6759776536313
 131 -119.6648044692737
 2 -117.6536312849162
 80 -115.6424581005587
 75 -113.6312849162011
 75 -111.6201117318436
 12 -109.608938547486
 23 -107.5977653631285
 11 -105.5865921787709
 5 -103.5754189944134
 3 -101.5642458100559
 0 -99.55307262569832
 0 -97.54189944134077
 2 -95.53072625698323
 6 -93.5195530726257
 5322 -91.50837988826815
 9 -89.49720670391061
 3 -87.48603351955308
 1 -85.47486033519553
 0 -83.46368715083798
 0 -81.45251396648044
 4 -79.44134078212289
 5 -77.43016759776536
 31 -75.41899441340782
 16 -73.40782122905027
 34 -71.39664804469274
 80 -69.38547486033519
 54 -67.37430167597765
 44 -65.3631284916201
 25 -63.35195530726256
 178 -61.34078212290503
 89 -59.32960893854748
 158 -57.31843575418993
 62 -55.3072625698324
 45 -53.29608938547486
 149 -51.28491620111731
 31 -49.27374301675977
 70 -47.26256983240222
 0 -45.25139664804468
 182 -43.24022346368713
 0 -41.22905027932961
 99 -39.21787709497207
 211 -37.20670391061452
 291 -35.19553072625698
 72 -33.18435754189943
 33 -31.17318435754188
 110 -29.16201117318434
 9 -27.15083798882682
 39 -25.13966480446928
 378 -23.12849162011173
 112 -21.11731843575419
 28 -19.10614525139664
 11 -17.09497206703909
 21 -15.08379888268155
 112 -13.072625698324
 3 -11.06145251396646
 391 -9.050279329608941
 2 -7.039106145251395
 71 -5.02793296089385
 11 -3.016759776536304
 3 -1.005586592178759
 14 1.005586592178787
 81 3.016759776536333
 3 5.02793296089385
 364 7.039106145251395
 2 9.050279329608941
 75 11.06145251396649
 31 13.07262569832403
 5 15.08379888268158
 37 17.09497206703912
 81 19.10614525139667
 343 21.11731843575421
 45 23.12849162011173
 57 25.13966480446928
 62 27.15083798882682
 27 29.16201117318437
 136 31.17318435754191
 220 33.18435754189946
 143 35.195530726257
 103 37.20670391061452
 31 39.21787709497207
 173 41.22905027932961
 2 43.24022346368716
 73 45.2513966480447
 34 47.26256983240225
 132 49.27374301675979
 51 51.28491620111734
 131 53.29608938547489
 58 55.3072625698324
 89 57.31843575418995
 170 59.32960893854749
 32 61.34078212290504
 80 63.35195530726259
 42 65.36312849162013
 81 67.37430167597768
 30 69.38547486033519
 25 71.39664804469274
 33 73.40782122905028
 7 75.41899441340783
 3 77.43016759776538
 0 79.44134078212289
 0 81.45251396648047
 0 83.46368715083798
 1 85.47486033519556
 7 87.48603351955308
 5040 89.49720670391065
 4 91.50837988826817
 1 93.51955307262574
 1 95.53072625698326
 0 97.54189944134077
 3 99.55307262569835
 3 101.5642458100559
 18 103.5754189944134
 30 105.586592178771
 15 107.5977653631285
 73 109.608938547486
 90 111.6201117318436
 85 113.6312849162011
 1 115.6424581005587
 145 117.6536312849162
 93 119.6648044692737
 73 121.6759776536313
 97 123.6871508379888
 112 125.6983240223464
 45 127.7094972067039
 112 129.7206703910614
 128 131.731843575419
 1 133.7430167597765
 87 135.7541899441341
 99 137.7653631284916
 62 139.7765363128492
 95 141.7877094972067
 324 143.7988826815642
 80 145.8100558659218
 132 147.8212290502793
 25 149.8324022346369
 102 151.8435754189944
 39 153.854748603352
 320 155.8659217877095
 34 157.8770949720671
 90 159.8882681564246
 46 161.8994413407821
 29 163.9106145251397
 14 165.9217877094972
 78 167.9329608938548
 147 169.9441340782123
 216 171.9553072625699
 3 173.9664804469274
 116 175.9776536312849
 3 177.9888268156425
 0 180


