# Created by Octave 3.8.2, Mon Jun 22 19:43:53 2020 CEST <damian@fptrucha.inv.usc.es>
# name: hd
# type: matrix
# rows: 180
# columns: 2
 7 -180
 198 -177.9888268156425
 8 -175.9776536312849
 412 -173.9664804469274
 251 -171.9553072625698
 154 -169.9441340782123
 44 -167.9329608938548
 42 -165.9217877094972
 70 -163.9106145251397
 155 -161.8994413407821
 49 -159.8882681564246
 601 -157.877094972067
 72 -155.8659217877095
 122 -153.854748603352
 50 -151.8435754189944
 65 -149.8324022346369
 244 -147.8212290502793
 641 -145.8100558659218
 157 -143.7988826815642
 127 -141.7877094972067
 199 -139.7765363128491
 135 -137.7653631284916
 4 -135.7541899441341
 170 -133.7430167597765
 163 -131.731843575419
 84 -129.7206703910614
 221 -127.7094972067039
 264 -125.6983240223464
 128 -123.6871508379888
 192 -121.6759776536313
 235 -119.6648044692737
 3 -117.6536312849162
 142 -115.6424581005587
 116 -113.6312849162011
 123 -111.6201117318436
 26 -109.608938547486
 28 -107.5977653631285
 34 -105.5865921787709
 16 -103.5754189944134
 2 -101.5642458100559
 0 -99.55307262569832
 0 -97.54189944134077
 6 -95.53072625698323
 4 -93.5195530726257
 8544 -91.50837988826815
 8 -89.49720670391061
 2 -87.48603351955308
 0 -85.47486033519553
 1 -83.46368715083798
 4 -81.45251396648044
 9 -79.44134078212289
 8 -77.43016759776536
 68 -75.41899441340782
 30 -73.40782122905027
 41 -71.39664804469274
 112 -69.38547486033519
 67 -67.37430167597765
 140 -65.3631284916201
 69 -63.35195530726256
 276 -61.34078212290503
 154 -59.32960893854748
 233 -57.31843575418993
 117 -55.3072625698324
 83 -53.29608938547486
 245 -51.28491620111731
 64 -49.27374301675977
 115 -47.26256983240222
 5 -45.25139664804468
 263 -43.24022346368713
 2 -41.22905027932961
 160 -39.21787709497207
 302 -37.20670391061452
 499 -35.19553072625698
 115 -33.18435754189943
 55 -31.17318435754188
 174 -29.16201117318434
 9 -27.15083798882682
 73 -25.13966480446928
 644 -23.12849162011173
 138 -21.11731843575419
 57 -19.10614525139664
 16 -17.09497206703909
 52 -15.08379888268155
 162 -13.072625698324
 12 -11.06145251396646
 588 -9.050279329608941
 2 -7.039106145251395
 124 -5.02793296089385
 32 -3.016759776536304
 1 -1.005586592178759
 16 1.005586592178787
 126 3.016759776536333
 2 5.02793296089385
 549 7.039106145251395
 8 9.050279329608941
 175 11.06145251396649
 44 13.07262569832403
 14 15.08379888268158
 58 17.09497206703912
 134 19.10614525139667
 544 21.11731843575421
 59 23.12849162011173
 74 25.13966480446928
 95 27.15083798882682
 68 29.16201117318437
 209 31.17318435754191
 321 33.18435754189946
 271 35.195530726257
 156 37.20670391061452
 49 39.21787709497207
 277 41.22905027932961
 3 43.24022346368716
 137 45.2513966480447
 65 47.26256983240225
 232 49.27374301675979
 92 51.28491620111734
 208 53.29608938547489
 78 55.3072625698324
 161 57.31843575418995
 306 59.32960893854749
 59 61.34078212290504
 115 63.35195530726259
 58 65.36312849162013
 108 67.37430167597768
 58 69.38547486033519
 36 71.39664804469274
 42 73.40782122905028
 10 75.41899441340783
 16 77.43016759776538
 0 79.44134078212289
 0 81.45251396648047
 1 83.46368715083798
 6 85.47486033519556
 12 87.48603351955308
 7687 89.49720670391065
 9 91.50837988826817
 6 93.51955307262574
 1 95.53072625698326
 2 97.54189944134077
 3 99.55307262569835
 17 101.5642458100559
 20 103.5754189944134
 41 105.586592178771
 23 107.5977653631285
 119 109.608938547486
 121 111.6201117318436
 139 113.6312849162011
 4 115.6424581005587
 201 117.6536312849162
 176 119.6648044692737
 110 121.6759776536313
 158 123.6871508379888
 177 125.6983240223464
 89 127.7094972067039
 200 129.7206703910614
 165 131.731843575419
 2 133.7430167597765
 125 135.7541899441341
 164 137.7653631284916
 89 139.7765363128492
 140 141.7877094972067
 527 143.7988826815642
 106 145.8100558659218
 220 147.8212290502793
 44 149.8324022346369
 138 151.8435754189944
 66 153.854748603352
 513 155.8659217877095
 42 157.8770949720671
 139 159.8882681564246
 73 161.8994413407821
 40 163.9106145251397
 30 165.9217877094972
 183 167.9329608938548
 195 169.9441340782123
 333 171.9553072625699
 6 173.9664804469274
 154 175.9776536312849
 4 177.9888268156425
 0 180


