# Created by Octave 3.8.2, Mon Jun 22 04:46:19 2020 CEST <damian@fptrucha.inv.usc.es>
# name: hd
# type: matrix
# rows: 180
# columns: 2
 8 -180
 171 -177.9888268156425
 1 -175.9776536312849
 313 -173.9664804469274
 212 -171.9553072625698
 111 -169.9441340782123
 35 -167.9329608938548
 42 -165.9217877094972
 59 -163.9106145251397
 146 -161.8994413407821
 32 -159.8882681564246
 511 -157.877094972067
 62 -155.8659217877095
 116 -153.854748603352
 47 -151.8435754189944
 67 -149.8324022346369
 211 -147.8212290502793
 540 -145.8100558659218
 115 -143.7988826815642
 87 -141.7877094972067
 165 -139.7765363128491
 100 -137.7653631284916
 6 -135.7541899441341
 163 -133.7430167597765
 162 -131.731843575419
 93 -129.7206703910614
 164 -127.7094972067039
 178 -125.6983240223464
 88 -123.6871508379888
 164 -121.6759776536313
 191 -119.6648044692737
 1 -117.6536312849162
 115 -115.6424581005587
 121 -113.6312849162011
 104 -111.6201117318436
 21 -109.608938547486
 51 -107.5977653631285
 22 -105.5865921787709
 21 -103.5754189944134
 3 -101.5642458100559
 1 -99.55307262569832
 3 -97.54189944134077
 6 -95.53072625698323
 16 -93.5195530726257
 7118 -91.50837988826815
 18 -89.49720670391061
 9 -87.48603351955308
 1 -85.47486033519553
 2 -83.46368715083798
 3 -81.45251396648044
 9 -79.44134078212289
 11 -77.43016759776536
 57 -75.41899441340782
 31 -73.40782122905027
 55 -71.39664804469274
 106 -69.38547486033519
 75 -67.37430167597765
 107 -65.3631284916201
 57 -63.35195530726256
 246 -61.34078212290503
 149 -59.32960893854748
 214 -57.31843575418993
 86 -55.3072625698324
 69 -53.29608938547486
 239 -51.28491620111731
 54 -49.27374301675977
 113 -47.26256983240222
 5 -45.25139664804468
 281 -43.24022346368713
 3 -41.22905027932961
 128 -39.21787709497207
 265 -37.20670391061452
 387 -35.19553072625698
 114 -33.18435754189943
 66 -31.17318435754188
 175 -29.16201117318434
 7 -27.15083798882682
 53 -25.13966480446928
 544 -23.12849162011173
 132 -21.11731843575419
 53 -19.10614525139664
 21 -17.09497206703909
 37 -15.08379888268155
 142 -13.072625698324
 15 -11.06145251396646
 495 -9.050279329608941
 1 -7.039106145251395
 137 -5.02793296089385
 9 -3.016759776536304
 8 -1.005586592178759
 34 1.005586592178787
 131 3.016759776536333
 1 5.02793296089385
 482 7.039106145251395
 8 9.050279329608941
 130 11.06145251396649
 43 13.07262569832403
 18 15.08379888268158
 44 17.09497206703912
 130 19.10614525139667
 464 21.11731843575421
 53 23.12849162011173
 78 25.13966480446928
 107 27.15083798882682
 51 29.16201117318437
 181 31.17318435754191
 285 33.18435754189946
 237 35.195530726257
 144 37.20670391061452
 43 39.21787709497207
 257 41.22905027932961
 3 43.24022346368716
 94 45.2513966480447
 51 47.26256983240225
 233 49.27374301675979
 85 51.28491620111734
 196 53.29608938547489
 67 55.3072625698324
 147 57.31843575418995
 231 59.32960893854749
 50 61.34078212290504
 113 63.35195530726259
 79 65.36312849162013
 98 67.37430167597768
 47 69.38547486033519
 32 71.39664804469274
 43 73.40782122905028
 7 75.41899441340783
 10 77.43016759776538
 2 79.44134078212289
 3 81.45251396648047
 3 83.46368715083798
 5 85.47486033519556
 11 87.48603351955308
 6514 89.49720670391065
 5 91.50837988826817
 4 93.51955307262574
 1 95.53072625698326
 0 97.54189944134077
 5 99.55307262569835
 16 101.5642458100559
 25 103.5754189944134
 42 105.586592178771
 25 107.5977653631285
 125 109.608938547486
 86 111.6201117318436
 102 113.6312849162011
 3 115.6424581005587
 152 117.6536312849162
 181 119.6648044692737
 89 121.6759776536313
 148 123.6871508379888
 171 125.6983240223464
 81 127.7094972067039
 152 129.7206703910614
 164 131.731843575419
 5 133.7430167597765
 105 135.7541899441341
 189 137.7653631284916
 84 139.7765363128492
 103 141.7877094972067
 453 143.7988826815642
 106 145.8100558659218
 205 147.8212290502793
 48 149.8324022346369
 135 151.8435754189944
 76 153.854748603352
 464 155.8659217877095
 56 157.8770949720671
 118 159.8882681564246
 76 161.8994413407821
 50 163.9106145251397
 25 165.9217877094972
 120 167.9329608938548
 222 169.9441340782123
 294 171.9553072625699
 5 173.9664804469274
 160 175.9776536312849
 5 177.9888268156425
 0 180


