# Created by Octave 3.8.2, Sat Jun 20 18:51:12 2020 CEST <damian@fptrucha.inv.usc.es>
# name: hd
# type: matrix
# rows: 180
# columns: 2
 6 -180
 157 -177.9888268156425
 5 -175.9776536312849
 380 -173.9664804469274
 237 -171.9553072625698
 152 -169.9441340782123
 38 -167.9329608938548
 44 -165.9217877094972
 55 -163.9106145251397
 151 -161.8994413407821
 47 -159.8882681564246
 625 -157.877094972067
 48 -155.8659217877095
 115 -153.854748603352
 40 -151.8435754189944
 70 -149.8324022346369
 205 -147.8212290502793
 632 -145.8100558659218
 121 -143.7988826815642
 78 -141.7877094972067
 174 -139.7765363128491
 111 -137.7653631284916
 0 -135.7541899441341
 163 -133.7430167597765
 151 -131.731843575419
 76 -129.7206703910614
 152 -127.7094972067039
 232 -125.6983240223464
 97 -123.6871508379888
 177 -121.6759776536313
 177 -119.6648044692737
 5 -117.6536312849162
 97 -115.6424581005587
 116 -113.6312849162011
 128 -111.6201117318436
 15 -109.608938547486
 36 -107.5977653631285
 14 -105.5865921787709
 7 -103.5754189944134
 2 -101.5642458100559
 3 -99.55307262569832
 0 -97.54189944134077
 2 -95.53072625698323
 6 -93.5195530726257
 8064 -91.50837988826815
 12 -89.49720670391061
 4 -87.48603351955308
 4 -85.47486033519553
 0 -83.46368715083798
 2 -81.45251396648044
 8 -79.44134078212289
 4 -77.43016759776536
 39 -75.41899441340782
 20 -73.40782122905027
 60 -71.39664804469274
 126 -69.38547486033519
 66 -67.37430167597765
 97 -65.3631284916201
 47 -63.35195530726256
 262 -61.34078212290503
 180 -59.32960893854748
 233 -57.31843575418993
 94 -55.3072625698324
 83 -53.29608938547486
 231 -51.28491620111731
 62 -49.27374301675977
 135 -47.26256983240222
 2 -45.25139664804468
 259 -43.24022346368713
 2 -41.22905027932961
 156 -39.21787709497207
 325 -37.20670391061452
 455 -35.19553072625698
 93 -33.18435754189943
 48 -31.17318435754188
 153 -29.16201117318434
 4 -27.15083798882682
 62 -25.13966480446928
 667 -23.12849162011173
 137 -21.11731843575419
 40 -19.10614525139664
 10 -17.09497206703909
 39 -15.08379888268155
 172 -13.072625698324
 3 -11.06145251396646
 580 -9.050279329608941
 5 -7.039106145251395
 138 -5.02793296089385
 14 -3.016759776536304
 2 -1.005586592178759
 20 1.005586592178787
 133 3.016759776536333
 4 5.02793296089385
 587 7.039106145251395
 9 9.050279329608941
 139 11.06145251396649
 38 13.07262569832403
 14 15.08379888268158
 63 17.09497206703912
 101 19.10614525139667
 524 21.11731843575421
 56 23.12849162011173
 105 25.13966480446928
 100 27.15083798882682
 45 29.16201117318437
 234 31.17318435754191
 297 33.18435754189946
 240 35.195530726257
 164 37.20670391061452
 30 39.21787709497207
 291 41.22905027932961
 0 43.24022346368716
 127 45.2513966480447
 58 47.26256983240225
 206 49.27374301675979
 82 51.28491620111734
 196 53.29608938547489
 86 55.3072625698324
 152 57.31843575418995
 229 59.32960893854749
 50 61.34078212290504
 115 63.35195530726259
 87 65.36312849162013
 86 67.37430167597768
 45 69.38547486033519
 28 71.39664804469274
 46 73.40782122905028
 4 75.41899441340783
 5 77.43016759776538
 3 79.44134078212289
 0 81.45251396648047
 0 83.46368715083798
 3 85.47486033519556
 15 87.48603351955308
 7773 89.49720670391065
 9 91.50837988826817
 1 93.51955307262574
 0 95.53072625698326
 0 97.54189944134077
 3 99.55307262569835
 11 101.5642458100559
 22 103.5754189944134
 37 105.586592178771
 13 107.5977653631285
 111 109.608938547486
 124 111.6201117318436
 124 113.6312849162011
 2 115.6424581005587
 196 117.6536312849162
 171 119.6648044692737
 98 121.6759776536313
 175 123.6871508379888
 165 125.6983240223464
 85 127.7094972067039
 163 129.7206703910614
 185 131.731843575419
 5 133.7430167597765
 139 135.7541899441341
 179 137.7653631284916
 116 139.7765363128492
 128 141.7877094972067
 458 143.7988826815642
 145 145.8100558659218
 218 147.8212290502793
 39 149.8324022346369
 139 151.8435754189944
 84 153.854748603352
 440 155.8659217877095
 61 157.8770949720671
 127 159.8882681564246
 57 161.8994413407821
 54 163.9106145251397
 19 165.9217877094972
 129 167.9329608938548
 205 169.9441340782123
 319 171.9553072625699
 3 173.9664804469274
 136 175.9776536312849
 3 177.9888268156425
 0 180


