# Created by Octave 3.8.2, Sat Jun 20 04:04:31 2020 CEST <damian@fptrucha.inv.usc.es>
# name: hd
# type: matrix
# rows: 180
# columns: 2
 2 -180
 172 -177.9888268156425
 4 -175.9776536312849
 389 -173.9664804469274
 268 -171.9553072625698
 179 -169.9441340782123
 33 -167.9329608938548
 47 -165.9217877094972
 47 -163.9106145251397
 211 -161.8994413407821
 48 -159.8882681564246
 709 -157.877094972067
 61 -155.8659217877095
 136 -153.854748603352
 47 -151.8435754189944
 86 -149.8324022346369
 269 -147.8212290502793
 679 -145.8100558659218
 165 -143.7988826815642
 100 -141.7877094972067
 209 -139.7765363128491
 135 -137.7653631284916
 2 -135.7541899441341
 171 -133.7430167597765
 177 -131.731843575419
 79 -129.7206703910614
 222 -127.7094972067039
 273 -125.6983240223464
 102 -123.6871508379888
 227 -121.6759776536313
 228 -119.6648044692737
 8 -117.6536312849162
 115 -115.6424581005587
 155 -113.6312849162011
 152 -111.6201117318436
 24 -109.608938547486
 42 -107.5977653631285
 26 -105.5865921787709
 18 -103.5754189944134
 3 -101.5642458100559
 0 -99.55307262569832
 1 -97.54189944134077
 5 -95.53072625698323
 7 -93.5195530726257
 9298 -91.50837988826815
 15 -89.49720670391061
 5 -87.48603351955308
 0 -85.47486033519553
 0 -83.46368715083798
 2 -81.45251396648044
 6 -79.44134078212289
 7 -77.43016759776536
 62 -75.41899441340782
 33 -73.40782122905027
 60 -71.39664804469274
 135 -69.38547486033519
 87 -67.37430167597765
 104 -65.3631284916201
 51 -63.35195530726256
 319 -61.34078212290503
 166 -59.32960893854748
 224 -57.31843575418993
 101 -55.3072625698324
 94 -53.29608938547486
 252 -51.28491620111731
 51 -49.27374301675977
 117 -47.26256983240222
 1 -45.25139664804468
 291 -43.24022346368713
 4 -41.22905027932961
 168 -39.21787709497207
 329 -37.20670391061452
 496 -35.19553072625698
 116 -33.18435754189943
 39 -31.17318435754188
 155 -29.16201117318434
 9 -27.15083798882682
 59 -25.13966480446928
 716 -23.12849162011173
 148 -21.11731843575419
 63 -19.10614525139664
 8 -17.09497206703909
 47 -15.08379888268155
 172 -13.072625698324
 11 -11.06145251396646
 608 -9.050279329608941
 5 -7.039106145251395
 139 -5.02793296089385
 24 -3.016759776536304
 1 -1.005586592178759
 26 1.005586592178787
 151 3.016759776536333
 3 5.02793296089385
 606 7.039106145251395
 8 9.050279329608941
 144 11.06145251396649
 41 13.07262569832403
 10 15.08379888268158
 55 17.09497206703912
 134 19.10614525139667
 569 21.11731843575421
 59 23.12849162011173
 107 25.13966480446928
 95 27.15083798882682
 54 29.16201117318437
 240 31.17318435754191
 312 33.18435754189946
 244 35.195530726257
 182 37.20670391061452
 31 39.21787709497207
 317 41.22905027932961
 2 43.24022346368716
 120 45.2513966480447
 58 47.26256983240225
 223 49.27374301675979
 74 51.28491620111734
 204 53.29608938547489
 73 55.3072625698324
 157 57.31843575418995
 256 59.32960893854749
 53 61.34078212290504
 98 63.35195530726259
 55 65.36312849162013
 111 67.37430167597768
 39 69.38547486033519
 31 71.39664804469274
 50 73.40782122905028
 6 75.41899441340783
 8 77.43016759776538
 4 79.44134078212289
 1 81.45251396648047
 1 83.46368715083798
 5 85.47486033519556
 7 87.48603351955308
 8089 89.49720670391065
 6 91.50837988826817
 4 93.51955307262574
 1 95.53072625698326
 2 97.54189944134077
 0 99.55307262569835
 14 101.5642458100559
 23 103.5754189944134
 44 105.586592178771
 25 107.5977653631285
 105 109.608938547486
 127 111.6201117318436
 121 113.6312849162011
 1 115.6424581005587
 204 117.6536312849162
 176 119.6648044692737
 93 121.6759776536313
 190 123.6871508379888
 190 125.6983240223464
 90 127.7094972067039
 169 129.7206703910614
 158 131.731843575419
 0 133.7430167597765
 112 135.7541899441341
 169 137.7653631284916
 108 139.7765363128492
 168 141.7877094972067
 541 143.7988826815642
 108 145.8100558659218
 205 147.8212290502793
 49 149.8324022346369
 179 151.8435754189944
 55 153.854748603352
 549 155.8659217877095
 44 157.8770949720671
 130 159.8882681564246
 80 161.8994413407821
 53 163.9106145251397
 15 165.9217877094972
 142 167.9329608938548
 235 169.9441340782123
 336 171.9553072625699
 2 173.9664804469274
 168 175.9776536312849
 7 177.9888268156425
 0 180


