# Created by Octave 3.8.2, Sun Jun 21 05:39:26 2020 CEST <damian@fptrucha.inv.usc.es>
# name: hd
# type: matrix
# rows: 180
# columns: 2
 7 -180
 157 -177.9888268156425
 3 -175.9776536312849
 370 -173.9664804469274
 219 -171.9553072625698
 140 -169.9441340782123
 27 -167.9329608938548
 40 -165.9217877094972
 60 -163.9106145251397
 134 -161.8994413407821
 34 -159.8882681564246
 611 -157.877094972067
 56 -155.8659217877095
 116 -153.854748603352
 31 -151.8435754189944
 64 -149.8324022346369
 209 -147.8212290502793
 655 -145.8100558659218
 115 -143.7988826815642
 81 -141.7877094972067
 153 -139.7765363128491
 89 -137.7653631284916
 3 -135.7541899441341
 143 -133.7430167597765
 152 -131.731843575419
 62 -129.7206703910614
 189 -127.7094972067039
 201 -125.6983240223464
 88 -123.6871508379888
 185 -121.6759776536313
 178 -119.6648044692737
 1 -117.6536312849162
 88 -115.6424581005587
 99 -113.6312849162011
 110 -111.6201117318436
 13 -109.608938547486
 27 -107.5977653631285
 21 -105.5865921787709
 10 -103.5754189944134
 4 -101.5642458100559
 0 -99.55307262569832
 1 -97.54189944134077
 6 -95.53072625698323
 7 -93.5195530726257
 7916 -91.50837988826815
 10 -89.49720670391061
 4 -87.48603351955308
 0 -85.47486033519553
 0 -83.46368715083798
 3 -81.45251396648044
 4 -79.44134078212289
 9 -77.43016759776536
 44 -75.41899441340782
 29 -73.40782122905027
 38 -71.39664804469274
 101 -69.38547486033519
 69 -67.37430167597765
 104 -65.3631284916201
 41 -63.35195530726256
 298 -61.34078212290503
 143 -59.32960893854748
 194 -57.31843575418993
 87 -55.3072625698324
 80 -53.29608938547486
 223 -51.28491620111731
 46 -49.27374301675977
 107 -47.26256983240222
 3 -45.25139664804468
 241 -43.24022346368713
 2 -41.22905027932961
 169 -39.21787709497207
 308 -37.20670391061452
 485 -35.19553072625698
 119 -33.18435754189943
 56 -31.17318435754188
 127 -29.16201117318434
 11 -27.15083798882682
 47 -25.13966480446928
 662 -23.12849162011173
 145 -21.11731843575419
 56 -19.10614525139664
 12 -17.09497206703909
 32 -15.08379888268155
 142 -13.072625698324
 12 -11.06145251396646
 588 -9.050279329608941
 4 -7.039106145251395
 136 -5.02793296089385
 27 -3.016759776536304
 1 -1.005586592178759
 18 1.005586592178787
 117 3.016759776536333
 4 5.02793296089385
 568 7.039106145251395
 6 9.050279329608941
 124 11.06145251396649
 45 13.07262569832403
 9 15.08379888268158
 70 17.09497206703912
 86 19.10614525139667
 517 21.11731843575421
 55 23.12849162011173
 89 25.13966480446928
 91 27.15083798882682
 45 29.16201117318437
 240 31.17318435754191
 290 33.18435754189946
 246 35.195530726257
 149 37.20670391061452
 40 39.21787709497207
 248 41.22905027932961
 0 43.24022346368716
 109 45.2513966480447
 53 47.26256983240225
 217 49.27374301675979
 66 51.28491620111734
 192 53.29608938547489
 67 55.3072625698324
 134 57.31843575418995
 249 59.32960893854749
 65 61.34078212290504
 117 63.35195530726259
 78 65.36312849162013
 115 67.37430167597768
 48 69.38547486033519
 39 71.39664804469274
 46 73.40782122905028
 9 75.41899441340783
 4 77.43016759776538
 2 79.44134078212289
 0 81.45251396648047
 1 83.46368715083798
 4 85.47486033519556
 8 87.48603351955308
 7496 89.49720670391065
 5 91.50837988826817
 1 93.51955307262574
 0 95.53072625698326
 0 97.54189944134077
 2 99.55307262569835
 11 101.5642458100559
 19 103.5754189944134
 27 105.586592178771
 17 107.5977653631285
 121 109.608938547486
 98 111.6201117318436
 114 113.6312849162011
 3 115.6424581005587
 200 117.6536312849162
 161 119.6648044692737
 84 121.6759776536313
 162 123.6871508379888
 152 125.6983240223464
 67 127.7094972067039
 173 129.7206703910614
 178 131.731843575419
 1 133.7430167597765
 119 135.7541899441341
 162 137.7653631284916
 91 139.7765363128492
 147 141.7877094972067
 471 143.7988826815642
 120 145.8100558659218
 185 147.8212290502793
 45 149.8324022346369
 154 151.8435754189944
 55 153.854748603352
 444 155.8659217877095
 58 157.8770949720671
 114 159.8882681564246
 60 161.8994413407821
 51 163.9106145251397
 21 165.9217877094972
 111 167.9329608938548
 217 169.9441340782123
 304 171.9553072625699
 3 173.9664804469274
 145 175.9776536312849
 6 177.9888268156425
 0 180


