# Created by Octave 3.8.2, Mon Jun 22 10:49:37 2020 CEST <damian@fptrucha.inv.usc.es>
# name: hd
# type: matrix
# rows: 180
# columns: 2
 6 -180
 191 -177.9888268156425
 3 -175.9776536312849
 376 -173.9664804469274
 244 -171.9553072625698
 149 -169.9441340782123
 32 -167.9329608938548
 55 -165.9217877094972
 73 -163.9106145251397
 147 -161.8994413407821
 47 -159.8882681564246
 557 -157.877094972067
 81 -155.8659217877095
 125 -153.854748603352
 27 -151.8435754189944
 75 -149.8324022346369
 216 -147.8212290502793
 551 -145.8100558659218
 126 -143.7988826815642
 93 -141.7877094972067
 185 -139.7765363128491
 108 -137.7653631284916
 4 -135.7541899441341
 166 -133.7430167597765
 126 -131.731843575419
 72 -129.7206703910614
 195 -127.7094972067039
 198 -125.6983240223464
 103 -123.6871508379888
 172 -121.6759776536313
 197 -119.6648044692737
 6 -117.6536312849162
 143 -115.6424581005587
 103 -113.6312849162011
 96 -111.6201117318436
 26 -109.608938547486
 37 -107.5977653631285
 19 -105.5865921787709
 18 -103.5754189944134
 5 -101.5642458100559
 1 -99.55307262569832
 1 -97.54189944134077
 2 -95.53072625698323
 9 -93.5195530726257
 7668 -91.50837988826815
 15 -89.49720670391061
 3 -87.48603351955308
 3 -85.47486033519553
 2 -83.46368715083798
 3 -81.45251396648044
 9 -79.44134078212289
 8 -77.43016759776536
 44 -75.41899441340782
 28 -73.40782122905027
 45 -71.39664804469274
 110 -69.38547486033519
 70 -67.37430167597765
 125 -65.3631284916201
 60 -63.35195530726256
 258 -61.34078212290503
 155 -59.32960893854748
 231 -57.31843575418993
 99 -55.3072625698324
 76 -53.29608938547486
 217 -51.28491620111731
 58 -49.27374301675977
 111 -47.26256983240222
 1 -45.25139664804468
 269 -43.24022346368713
 4 -41.22905027932961
 157 -39.21787709497207
 254 -37.20670391061452
 466 -35.19553072625698
 108 -33.18435754189943
 56 -31.17318435754188
 163 -29.16201117318434
 4 -27.15083798882682
 63 -25.13966480446928
 602 -23.12849162011173
 137 -21.11731843575419
 59 -19.10614525139664
 21 -17.09497206703909
 45 -15.08379888268155
 170 -13.072625698324
 4 -11.06145251396646
 542 -9.050279329608941
 1 -7.039106145251395
 102 -5.02793296089385
 29 -3.016759776536304
 1 -1.005586592178759
 28 1.005586592178787
 122 3.016759776536333
 1 5.02793296089385
 543 7.039106145251395
 6 9.050279329608941
 152 11.06145251396649
 42 13.07262569832403
 17 15.08379888268158
 47 17.09497206703912
 108 19.10614525139667
 538 21.11731843575421
 55 23.12849162011173
 78 25.13966480446928
 102 27.15083798882682
 61 29.16201117318437
 191 31.17318435754191
 350 33.18435754189946
 202 35.195530726257
 128 37.20670391061452
 34 39.21787709497207
 286 41.22905027932961
 1 43.24022346368716
 119 45.2513966480447
 79 47.26256983240225
 231 49.27374301675979
 93 51.28491620111734
 208 53.29608938547489
 80 55.3072625698324
 127 57.31843575418995
 280 59.32960893854749
 56 61.34078212290504
 120 63.35195530726259
 80 65.36312849162013
 106 67.37430167597768
 60 69.38547486033519
 23 71.39664804469274
 47 73.40782122905028
 11 75.41899441340783
 13 77.43016759776538
 4 79.44134078212289
 0 81.45251396648047
 3 83.46368715083798
 4 85.47486033519556
 13 87.48603351955308
 7611 89.49720670391065
 12 91.50837988826817
 5 93.51955307262574
 3 95.53072625698326
 1 97.54189944134077
 6 99.55307262569835
 13 101.5642458100559
 15 103.5754189944134
 43 105.586592178771
 19 107.5977653631285
 135 109.608938547486
 130 111.6201117318436
 115 113.6312849162011
 1 115.6424581005587
 208 117.6536312849162
 154 119.6648044692737
 94 121.6759776536313
 176 123.6871508379888
 186 125.6983240223464
 103 127.7094972067039
 156 129.7206703910614
 185 131.731843575419
 0 133.7430167597765
 133 135.7541899441341
 189 137.7653631284916
 110 139.7765363128492
 137 141.7877094972067
 485 143.7988826815642
 138 145.8100558659218
 193 147.8212290502793
 51 149.8324022346369
 142 151.8435754189944
 69 153.854748603352
 505 155.8659217877095
 50 157.8770949720671
 119 159.8882681564246
 69 161.8994413407821
 64 163.9106145251397
 22 165.9217877094972
 122 167.9329608938548
 233 169.9441340782123
 359 171.9553072625699
 2 173.9664804469274
 144 175.9776536312849
 6 177.9888268156425
 0 180


