# Created by Octave 3.8.2, Sat Jun 20 14:25:55 2020 CEST <damian@fptrucha.inv.usc.es>
# name: hd
# type: matrix
# rows: 180
# columns: 2
 2 -180
 174 -177.9888268156425
 1 -175.9776536312849
 391 -173.9664804469274
 237 -171.9553072625698
 149 -169.9441340782123
 25 -167.9329608938548
 50 -165.9217877094972
 65 -163.9106145251397
 163 -161.8994413407821
 43 -159.8882681564246
 661 -157.877094972067
 81 -155.8659217877095
 118 -153.854748603352
 39 -151.8435754189944
 71 -149.8324022346369
 221 -147.8212290502793
 637 -145.8100558659218
 142 -143.7988826815642
 95 -141.7877094972067
 193 -139.7765363128491
 101 -137.7653631284916
 1 -135.7541899441341
 157 -133.7430167597765
 162 -131.731843575419
 99 -129.7206703910614
 166 -127.7094972067039
 232 -125.6983240223464
 86 -123.6871508379888
 199 -121.6759776536313
 197 -119.6648044692737
 1 -117.6536312849162
 97 -115.6424581005587
 120 -113.6312849162011
 137 -111.6201117318436
 12 -109.608938547486
 31 -107.5977653631285
 19 -105.5865921787709
 7 -103.5754189944134
 3 -101.5642458100559
 0 -99.55307262569832
 1 -97.54189944134077
 2 -95.53072625698323
 5 -93.5195530726257
 8609 -91.50837988826815
 9 -89.49720670391061
 3 -87.48603351955308
 0 -85.47486033519553
 0 -83.46368715083798
 1 -81.45251396648044
 5 -79.44134078212289
 5 -77.43016759776536
 39 -75.41899441340782
 22 -73.40782122905027
 51 -71.39664804469274
 125 -69.38547486033519
 63 -67.37430167597765
 90 -65.3631284916201
 44 -63.35195530726256
 280 -61.34078212290503
 165 -59.32960893854748
 220 -57.31843575418993
 92 -55.3072625698324
 93 -53.29608938547486
 228 -51.28491620111731
 62 -49.27374301675977
 124 -47.26256983240222
 2 -45.25139664804468
 292 -43.24022346368713
 4 -41.22905027932961
 162 -39.21787709497207
 312 -37.20670391061452
 472 -35.19553072625698
 103 -33.18435754189943
 50 -31.17318435754188
 149 -29.16201117318434
 11 -27.15083798882682
 50 -25.13966480446928
 684 -23.12849162011173
 134 -21.11731843575419
 56 -19.10614525139664
 7 -17.09497206703909
 45 -15.08379888268155
 173 -13.072625698324
 9 -11.06145251396646
 577 -9.050279329608941
 1 -7.039106145251395
 129 -5.02793296089385
 24 -3.016759776536304
 0 -1.005586592178759
 14 1.005586592178787
 157 3.016759776536333
 2 5.02793296089385
 559 7.039106145251395
 2 9.050279329608941
 149 11.06145251396649
 56 13.07262569832403
 7 15.08379888268158
 60 17.09497206703912
 130 19.10614525139667
 541 21.11731843575421
 48 23.12849162011173
 93 25.13966480446928
 118 27.15083798882682
 76 29.16201117318437
 237 31.17318435754191
 340 33.18435754189946
 254 35.195530726257
 173 37.20670391061452
 37 39.21787709497207
 304 41.22905027932961
 2 43.24022346368716
 148 45.2513966480447
 76 47.26256983240225
 251 49.27374301675979
 100 51.28491620111734
 219 53.29608938547489
 74 55.3072625698324
 154 57.31843575418995
 288 59.32960893854749
 85 61.34078212290504
 128 63.35195530726259
 78 65.36312849162013
 126 67.37430167597768
 41 69.38547486033519
 39 71.39664804469274
 30 73.40782122905028
 9 75.41899441340783
 4 77.43016759776538
 3 79.44134078212289
 0 81.45251396648047
 2 83.46368715083798
 1 85.47486033519556
 7 87.48603351955308
 8222 89.49720670391065
 5 91.50837988826817
 1 93.51955307262574
 1 95.53072625698326
 1 97.54189944134077
 2 99.55307262569835
 9 101.5642458100559
 25 103.5754189944134
 38 105.586592178771
 15 107.5977653631285
 132 109.608938547486
 122 111.6201117318436
 117 113.6312849162011
 8 115.6424581005587
 213 117.6536312849162
 173 119.6648044692737
 91 121.6759776536313
 184 123.6871508379888
 168 125.6983240223464
 85 127.7094972067039
 202 129.7206703910614
 181 131.731843575419
 0 133.7430167597765
 111 135.7541899441341
 173 137.7653631284916
 106 139.7765363128492
 169 141.7877094972067
 506 143.7988826815642
 138 145.8100558659218
 232 147.8212290502793
 42 149.8324022346369
 160 151.8435754189944
 74 153.854748603352
 477 155.8659217877095
 51 157.8770949720671
 116 159.8882681564246
 85 161.8994413407821
 50 163.9106145251397
 16 165.9217877094972
 146 167.9329608938548
 253 169.9441340782123
 354 171.9553072625699
 2 173.9664804469274
 140 175.9776536312849
 3 177.9888268156425
 0 180


