# Created by Octave 3.8.2, Mon Jun 22 13:16:27 2020 CEST <damian@fptrucha.inv.usc.es>
# name: hd
# type: matrix
# rows: 180
# columns: 2
 6 -180
 176 -177.9888268156425
 3 -175.9776536312849
 382 -173.9664804469274
 237 -171.9553072625698
 136 -169.9441340782123
 36 -167.9329608938548
 47 -165.9217877094972
 64 -163.9106145251397
 154 -161.8994413407821
 45 -159.8882681564246
 621 -157.877094972067
 68 -155.8659217877095
 120 -153.854748603352
 42 -151.8435754189944
 73 -149.8324022346369
 223 -147.8212290502793
 627 -145.8100558659218
 137 -143.7988826815642
 90 -141.7877094972067
 177 -139.7765363128491
 129 -137.7653631284916
 1 -135.7541899441341
 178 -133.7430167597765
 171 -131.731843575419
 72 -129.7206703910614
 189 -127.7094972067039
 235 -125.6983240223464
 95 -123.6871508379888
 171 -121.6759776536313
 199 -119.6648044692737
 9 -117.6536312849162
 94 -115.6424581005587
 110 -113.6312849162011
 142 -111.6201117318436
 32 -109.608938547486
 42 -107.5977653631285
 21 -105.5865921787709
 20 -103.5754189944134
 5 -101.5642458100559
 0 -99.55307262569832
 0 -97.54189944134077
 4 -95.53072625698323
 11 -93.5195530726257
 7961 -91.50837988826815
 16 -89.49720670391061
 2 -87.48603351955308
 2 -85.47486033519553
 0 -83.46368715083798
 4 -81.45251396648044
 6 -79.44134078212289
 9 -77.43016759776536
 54 -75.41899441340782
 35 -73.40782122905027
 57 -71.39664804469274
 130 -69.38547486033519
 65 -67.37430167597765
 133 -65.3631284916201
 48 -63.35195530726256
 279 -61.34078212290503
 140 -59.32960893854748
 231 -57.31843575418993
 84 -55.3072625698324
 78 -53.29608938547486
 241 -51.28491620111731
 59 -49.27374301675977
 98 -47.26256983240222
 4 -45.25139664804468
 301 -43.24022346368713
 8 -41.22905027932961
 160 -39.21787709497207
 291 -37.20670391061452
 444 -35.19553072625698
 105 -33.18435754189943
 57 -31.17318435754188
 152 -29.16201117318434
 11 -27.15083798882682
 54 -25.13966480446928
 624 -23.12849162011173
 135 -21.11731843575419
 54 -19.10614525139664
 13 -17.09497206703909
 49 -15.08379888268155
 168 -13.072625698324
 4 -11.06145251396646
 561 -9.050279329608941
 3 -7.039106145251395
 116 -5.02793296089385
 19 -3.016759776536304
 0 -1.005586592178759
 24 1.005586592178787
 130 3.016759776536333
 4 5.02793296089385
 542 7.039106145251395
 10 9.050279329608941
 144 11.06145251396649
 46 13.07262569832403
 12 15.08379888268158
 48 17.09497206703912
 117 19.10614525139667
 553 21.11731843575421
 58 23.12849162011173
 69 25.13966480446928
 101 27.15083798882682
 73 29.16201117318437
 224 31.17318435754191
 284 33.18435754189946
 257 35.195530726257
 154 37.20670391061452
 38 39.21787709497207
 281 41.22905027932961
 1 43.24022346368716
 112 45.2513966480447
 54 47.26256983240225
 217 49.27374301675979
 82 51.28491620111734
 212 53.29608938547489
 94 55.3072625698324
 132 57.31843575418995
 288 59.32960893854749
 71 61.34078212290504
 108 63.35195530726259
 78 65.36312849162013
 115 67.37430167597768
 46 69.38547486033519
 26 71.39664804469274
 44 73.40782122905028
 7 75.41899441340783
 11 77.43016759776538
 2 79.44134078212289
 1 81.45251396648047
 1 83.46368715083798
 4 85.47486033519556
 20 87.48603351955308
 7798 89.49720670391065
 8 91.50837988826817
 3 93.51955307262574
 1 95.53072625698326
 0 97.54189944134077
 7 99.55307262569835
 16 101.5642458100559
 21 103.5754189944134
 52 105.586592178771
 30 107.5977653631285
 131 109.608938547486
 134 111.6201117318436
 145 113.6312849162011
 1 115.6424581005587
 210 117.6536312849162
 189 119.6648044692737
 88 121.6759776536313
 181 123.6871508379888
 154 125.6983240223464
 84 127.7094972067039
 174 129.7206703910614
 207 131.731843575419
 4 133.7430167597765
 116 135.7541899441341
 177 137.7653631284916
 115 139.7765363128492
 146 141.7877094972067
 589 143.7988826815642
 111 145.8100558659218
 206 147.8212290502793
 43 149.8324022346369
 140 151.8435754189944
 64 153.854748603352
 467 155.8659217877095
 46 157.8770949720671
 141 159.8882681564246
 68 161.8994413407821
 60 163.9106145251397
 19 165.9217877094972
 157 167.9329608938548
 216 169.9441340782123
 320 171.9553072625699
 6 173.9664804469274
 152 175.9776536312849
 10 177.9888268156425
 0 180


