# Created by Octave 3.8.2, Sat Jun 20 17:33:30 2020 CEST <damian@fptrucha.inv.usc.es>
# name: hd
# type: matrix
# rows: 180
# columns: 2
 5 -180
 157 -177.9888268156425
 3 -175.9776536312849
 341 -173.9664804469274
 217 -171.9553072625698
 157 -169.9441340782123
 32 -167.9329608938548
 37 -165.9217877094972
 52 -163.9106145251397
 178 -161.8994413407821
 39 -159.8882681564246
 654 -157.877094972067
 78 -155.8659217877095
 115 -153.854748603352
 42 -151.8435754189944
 79 -149.8324022346369
 236 -147.8212290502793
 639 -145.8100558659218
 104 -143.7988826815642
 103 -141.7877094972067
 160 -139.7765363128491
 112 -137.7653631284916
 1 -135.7541899441341
 143 -133.7430167597765
 130 -131.731843575419
 79 -129.7206703910614
 173 -127.7094972067039
 206 -125.6983240223464
 98 -123.6871508379888
 177 -121.6759776536313
 164 -119.6648044692737
 3 -117.6536312849162
 92 -115.6424581005587
 98 -113.6312849162011
 104 -111.6201117318436
 19 -109.608938547486
 30 -107.5977653631285
 18 -105.5865921787709
 10 -103.5754189944134
 2 -101.5642458100559
 0 -99.55307262569832
 1 -97.54189944134077
 5 -95.53072625698323
 5 -93.5195530726257
 8132 -91.50837988826815
 6 -89.49720670391061
 0 -87.48603351955308
 0 -85.47486033519553
 1 -83.46368715083798
 3 -81.45251396648044
 2 -79.44134078212289
 6 -77.43016759776536
 37 -75.41899441340782
 19 -73.40782122905027
 46 -71.39664804469274
 112 -69.38547486033519
 59 -67.37430167597765
 96 -65.3631284916201
 51 -63.35195530726256
 311 -61.34078212290503
 144 -59.32960893854748
 214 -57.31843575418993
 88 -55.3072625698324
 75 -53.29608938547486
 221 -51.28491620111731
 48 -49.27374301675977
 95 -47.26256983240222
 1 -45.25139664804468
 278 -43.24022346368713
 1 -41.22905027932961
 133 -39.21787709497207
 316 -37.20670391061452
 455 -35.19553072625698
 119 -33.18435754189943
 51 -31.17318435754188
 153 -29.16201117318434
 6 -27.15083798882682
 55 -25.13966480446928
 600 -23.12849162011173
 147 -21.11731843575419
 53 -19.10614525139664
 8 -17.09497206703909
 35 -15.08379888268155
 155 -13.072625698324
 11 -11.06145251396646
 569 -9.050279329608941
 3 -7.039106145251395
 153 -5.02793296089385
 15 -3.016759776536304
 2 -1.005586592178759
 24 1.005586592178787
 143 3.016759776536333
 0 5.02793296089385
 555 7.039106145251395
 8 9.050279329608941
 110 11.06145251396649
 44 13.07262569832403
 9 15.08379888268158
 69 17.09497206703912
 112 19.10614525139667
 520 21.11731843575421
 67 23.12849162011173
 88 25.13966480446928
 101 27.15083798882682
 58 29.16201117318437
 216 31.17318435754191
 308 33.18435754189946
 236 35.195530726257
 188 37.20670391061452
 37 39.21787709497207
 294 41.22905027932961
 2 43.24022346368716
 120 45.2513966480447
 52 47.26256983240225
 248 49.27374301675979
 88 51.28491620111734
 195 53.29608938547489
 79 55.3072625698324
 168 57.31843575418995
 225 59.32960893854749
 59 61.34078212290504
 111 63.35195530726259
 83 65.36312849162013
 118 67.37430167597768
 47 69.38547486033519
 22 71.39664804469274
 52 73.40782122905028
 6 75.41899441340783
 3 77.43016759776538
 2 79.44134078212289
 1 81.45251396648047
 0 83.46368715083798
 2 85.47486033519556
 6 87.48603351955308
 7894 89.49720670391065
 7 91.50837988826817
 3 93.51955307262574
 0 95.53072625698326
 0 97.54189944134077
 1 99.55307262569835
 18 101.5642458100559
 20 103.5754189944134
 29 105.586592178771
 19 107.5977653631285
 126 109.608938547486
 123 111.6201117318436
 117 113.6312849162011
 0 115.6424581005587
 200 117.6536312849162
 167 119.6648044692737
 95 121.6759776536313
 170 123.6871508379888
 169 125.6983240223464
 77 127.7094972067039
 187 129.7206703910614
 216 131.731843575419
 2 133.7430167597765
 133 135.7541899441341
 174 137.7653631284916
 104 139.7765363128492
 153 141.7877094972067
 509 143.7988826815642
 105 145.8100558659218
 213 147.8212290502793
 46 149.8324022346369
 177 151.8435754189944
 72 153.854748603352
 512 155.8659217877095
 44 157.8770949720671
 133 159.8882681564246
 71 161.8994413407821
 46 163.9106145251397
 12 165.9217877094972
 132 167.9329608938548
 226 169.9441340782123
 335 171.9553072625699
 4 173.9664804469274
 186 175.9776536312849
 0 177.9888268156425
 0 180


