# Created by Octave 3.8.2, Mon Jun 22 07:58:14 2020 CEST <damian@fptrucha.inv.usc.es>
# name: hd
# type: matrix
# rows: 180
# columns: 2
 4 -180
 185 -177.9888268156425
 5 -175.9776536312849
 362 -173.9664804469274
 230 -171.9553072625698
 132 -169.9441340782123
 28 -167.9329608938548
 52 -165.9217877094972
 52 -163.9106145251397
 144 -161.8994413407821
 45 -159.8882681564246
 523 -157.877094972067
 59 -155.8659217877095
 133 -153.854748603352
 51 -151.8435754189944
 63 -149.8324022346369
 221 -147.8212290502793
 547 -145.8100558659218
 99 -143.7988826815642
 94 -141.7877094972067
 162 -139.7765363128491
 109 -137.7653631284916
 1 -135.7541899441341
 135 -133.7430167597765
 170 -131.731843575419
 84 -129.7206703910614
 174 -127.7094972067039
 204 -125.6983240223464
 113 -123.6871508379888
 162 -121.6759776536313
 179 -119.6648044692737
 4 -117.6536312849162
 118 -115.6424581005587
 125 -113.6312849162011
 117 -111.6201117318436
 25 -109.608938547486
 38 -107.5977653631285
 27 -105.5865921787709
 9 -103.5754189944134
 5 -101.5642458100559
 0 -99.55307262569832
 2 -97.54189944134077
 5 -95.53072625698323
 9 -93.5195530726257
 7663 -91.50837988826815
 9 -89.49720670391061
 4 -87.48603351955308
 1 -85.47486033519553
 1 -83.46368715083798
 3 -81.45251396648044
 6 -79.44134078212289
 2 -77.43016759776536
 58 -75.41899441340782
 26 -73.40782122905027
 44 -71.39664804469274
 120 -69.38547486033519
 74 -67.37430167597765
 103 -65.3631284916201
 58 -63.35195530726256
 266 -61.34078212290503
 144 -59.32960893854748
 177 -57.31843575418993
 94 -55.3072625698324
 72 -53.29608938547486
 212 -51.28491620111731
 55 -49.27374301675977
 114 -47.26256983240222
 4 -45.25139664804468
 292 -43.24022346368713
 4 -41.22905027932961
 170 -39.21787709497207
 243 -37.20670391061452
 390 -35.19553072625698
 130 -33.18435754189943
 49 -31.17318435754188
 148 -29.16201117318434
 14 -27.15083798882682
 50 -25.13966480446928
 540 -23.12849162011173
 125 -21.11731843575419
 47 -19.10614525139664
 17 -17.09497206703909
 41 -15.08379888268155
 157 -13.072625698324
 14 -11.06145251396646
 542 -9.050279329608941
 2 -7.039106145251395
 137 -5.02793296089385
 18 -3.016759776536304
 0 -1.005586592178759
 20 1.005586592178787
 134 3.016759776536333
 1 5.02793296089385
 569 7.039106145251395
 9 9.050279329608941
 148 11.06145251396649
 39 13.07262569832403
 8 15.08379888268158
 59 17.09497206703912
 133 19.10614525139667
 537 21.11731843575421
 52 23.12849162011173
 95 25.13966480446928
 104 27.15083798882682
 51 29.16201117318437
 175 31.17318435754191
 356 33.18435754189946
 254 35.195530726257
 155 37.20670391061452
 33 39.21787709497207
 240 41.22905027932961
 2 43.24022346368716
 117 45.2513966480447
 44 47.26256983240225
 233 49.27374301675979
 90 51.28491620111734
 189 53.29608938547489
 79 55.3072625698324
 150 57.31843575418995
 235 59.32960893854749
 66 61.34078212290504
 122 63.35195530726259
 88 65.36312849162013
 116 67.37430167597768
 54 69.38547486033519
 38 71.39664804469274
 74 73.40782122905028
 12 75.41899441340783
 10 77.43016759776538
 1 79.44134078212289
 2 81.45251396648047
 3 83.46368715083798
 10 85.47486033519556
 19 87.48603351955308
 7173 89.49720670391065
 8 91.50837988826817
 2 93.51955307262574
 4 95.53072625698326
 4 97.54189944134077
 7 99.55307262569835
 21 101.5642458100559
 25 103.5754189944134
 56 105.586592178771
 24 107.5977653631285
 107 109.608938547486
 111 111.6201117318436
 133 113.6312849162011
 5 115.6424581005587
 197 117.6536312849162
 157 119.6648044692737
 105 121.6759776536313
 184 123.6871508379888
 165 125.6983240223464
 83 127.7094972067039
 181 129.7206703910614
 182 131.731843575419
 2 133.7430167597765
 117 135.7541899441341
 167 137.7653631284916
 109 139.7765363128492
 116 141.7877094972067
 444 143.7988826815642
 111 145.8100558659218
 200 147.8212290502793
 47 149.8324022346369
 110 151.8435754189944
 75 153.854748603352
 477 155.8659217877095
 36 157.8770949720671
 145 159.8882681564246
 77 161.8994413407821
 39 163.9106145251397
 19 165.9217877094972
 139 167.9329608938548
 206 169.9441340782123
 288 171.9553072625699
 7 173.9664804469274
 162 175.9776536312849
 7 177.9888268156425
 0 180


