# Created by Octave 3.8.2, Sat Jun 20 15:02:49 2020 CEST <damian@fptrucha.inv.usc.es>
# name: hd
# type: matrix
# rows: 180
# columns: 2
 1 -180
 159 -177.9888268156425
 5 -175.9776536312849
 410 -173.9664804469274
 232 -171.9553072625698
 166 -169.9441340782123
 25 -167.9329608938548
 33 -165.9217877094972
 61 -163.9106145251397
 189 -161.8994413407821
 44 -159.8882681564246
 716 -157.877094972067
 61 -155.8659217877095
 132 -153.854748603352
 43 -151.8435754189944
 62 -149.8324022346369
 204 -147.8212290502793
 646 -145.8100558659218
 124 -143.7988826815642
 89 -141.7877094972067
 171 -139.7765363128491
 93 -137.7653631284916
 3 -135.7541899441341
 148 -133.7430167597765
 171 -131.731843575419
 75 -129.7206703910614
 172 -127.7094972067039
 242 -125.6983240223464
 101 -123.6871508379888
 197 -121.6759776536313
 197 -119.6648044692737
 4 -117.6536312849162
 102 -115.6424581005587
 111 -113.6312849162011
 132 -111.6201117318436
 10 -109.608938547486
 24 -107.5977653631285
 24 -105.5865921787709
 12 -103.5754189944134
 0 -101.5642458100559
 0 -99.55307262569832
 2 -97.54189944134077
 3 -95.53072625698323
 5 -93.5195530726257
 8489 -91.50837988826815
 6 -89.49720670391061
 3 -87.48603351955308
 0 -85.47486033519553
 0 -83.46368715083798
 5 -81.45251396648044
 9 -79.44134078212289
 5 -77.43016759776536
 39 -75.41899441340782
 23 -73.40782122905027
 51 -71.39664804469274
 100 -69.38547486033519
 64 -67.37430167597765
 97 -65.3631284916201
 54 -63.35195530726256
 290 -61.34078212290503
 156 -59.32960893854748
 230 -57.31843575418993
 93 -55.3072625698324
 83 -53.29608938547486
 213 -51.28491620111731
 63 -49.27374301675977
 101 -47.26256983240222
 0 -45.25139664804468
 277 -43.24022346368713
 2 -41.22905027932961
 140 -39.21787709497207
 308 -37.20670391061452
 532 -35.19553072625698
 113 -33.18435754189943
 43 -31.17318435754188
 146 -29.16201117318434
 12 -27.15083798882682
 66 -25.13966480446928
 703 -23.12849162011173
 141 -21.11731843575419
 44 -19.10614525139664
 8 -17.09497206703909
 37 -15.08379888268155
 172 -13.072625698324
 7 -11.06145251396646
 591 -9.050279329608941
 2 -7.039106145251395
 160 -5.02793296089385
 23 -3.016759776536304
 2 -1.005586592178759
 16 1.005586592178787
 136 3.016759776536333
 4 5.02793296089385
 567 7.039106145251395
 9 9.050279329608941
 137 11.06145251396649
 57 13.07262569832403
 11 15.08379888268158
 57 17.09497206703912
 129 19.10614525139667
 542 21.11731843575421
 66 23.12849162011173
 101 25.13966480446928
 86 27.15083798882682
 50 29.16201117318437
 235 31.17318435754191
 324 33.18435754189946
 244 35.195530726257
 166 37.20670391061452
 39 39.21787709497207
 320 41.22905027932961
 3 43.24022346368716
 119 45.2513966480447
 77 47.26256983240225
 230 49.27374301675979
 92 51.28491620111734
 204 53.29608938547489
 103 55.3072625698324
 136 57.31843575418995
 303 59.32960893854749
 62 61.34078212290504
 125 63.35195530726259
 51 65.36312849162013
 129 67.37430167597768
 53 69.38547486033519
 39 71.39664804469274
 58 73.40782122905028
 8 75.41899441340783
 7 77.43016759776538
 2 79.44134078212289
 1 81.45251396648047
 1 83.46368715083798
 4 85.47486033519556
 6 87.48603351955308
 7937 89.49720670391065
 4 91.50837988826817
 3 93.51955307262574
 0 95.53072625698326
 0 97.54189944134077
 2 99.55307262569835
 13 101.5642458100559
 28 103.5754189944134
 29 105.586592178771
 26 107.5977653631285
 130 109.608938547486
 130 111.6201117318436
 135 113.6312849162011
 4 115.6424581005587
 232 117.6536312849162
 159 119.6648044692737
 76 121.6759776536313
 168 123.6871508379888
 183 125.6983240223464
 93 127.7094972067039
 176 129.7206703910614
 183 131.731843575419
 1 133.7430167597765
 120 135.7541899441341
 172 137.7653631284916
 105 139.7765363128492
 167 141.7877094972067
 487 143.7988826815642
 119 145.8100558659218
 197 147.8212290502793
 28 149.8324022346369
 156 151.8435754189944
 64 153.854748603352
 484 155.8659217877095
 54 157.8770949720671
 126 159.8882681564246
 69 161.8994413407821
 53 163.9106145251397
 20 165.9217877094972
 132 167.9329608938548
 222 169.9441340782123
 344 171.9553072625699
 3 173.9664804469274
 140 175.9776536312849
 2 177.9888268156425
 0 180


