# Created by Octave 3.8.2, Mon Jun 22 08:13:15 2020 CEST <damian@fptrucha.inv.usc.es>
# name: hd
# type: matrix
# rows: 180
# columns: 2
 3 -180
 175 -177.9888268156425
 3 -175.9776536312849
 399 -173.9664804469274
 216 -171.9553072625698
 141 -169.9441340782123
 26 -167.9329608938548
 39 -165.9217877094972
 67 -163.9106145251397
 142 -161.8994413407821
 36 -159.8882681564246
 535 -157.877094972067
 80 -155.8659217877095
 130 -153.854748603352
 45 -151.8435754189944
 56 -149.8324022346369
 222 -147.8212290502793
 550 -145.8100558659218
 120 -143.7988826815642
 91 -141.7877094972067
 139 -139.7765363128491
 125 -137.7653631284916
 4 -135.7541899441341
 186 -133.7430167597765
 169 -131.731843575419
 92 -129.7206703910614
 163 -127.7094972067039
 201 -125.6983240223464
 100 -123.6871508379888
 194 -121.6759776536313
 181 -119.6648044692737
 6 -117.6536312849162
 101 -115.6424581005587
 131 -113.6312849162011
 113 -111.6201117318436
 22 -109.608938547486
 53 -107.5977653631285
 22 -105.5865921787709
 15 -103.5754189944134
 2 -101.5642458100559
 1 -99.55307262569832
 4 -97.54189944134077
 7 -95.53072625698323
 9 -93.5195530726257
 7579 -91.50837988826815
 22 -89.49720670391061
 4 -87.48603351955308
 2 -85.47486033519553
 0 -83.46368715083798
 0 -81.45251396648044
 10 -79.44134078212289
 6 -77.43016759776536
 51 -75.41899441340782
 31 -73.40782122905027
 73 -71.39664804469274
 111 -69.38547486033519
 73 -67.37430167597765
 110 -65.3631284916201
 65 -63.35195530726256
 259 -61.34078212290503
 114 -59.32960893854748
 199 -57.31843575418993
 94 -55.3072625698324
 83 -53.29608938547486
 216 -51.28491620111731
 66 -49.27374301675977
 102 -47.26256983240222
 6 -45.25139664804468
 293 -43.24022346368713
 2 -41.22905027932961
 155 -39.21787709497207
 242 -37.20670391061452
 430 -35.19553072625698
 103 -33.18435754189943
 52 -31.17318435754188
 169 -29.16201117318434
 10 -27.15083798882682
 74 -25.13966480446928
 559 -23.12849162011173
 131 -21.11731843575419
 52 -19.10614525139664
 7 -17.09497206703909
 35 -15.08379888268155
 147 -13.072625698324
 8 -11.06145251396646
 564 -9.050279329608941
 5 -7.039106145251395
 141 -5.02793296089385
 15 -3.016759776536304
 3 -1.005586592178759
 23 1.005586592178787
 121 3.016759776536333
 5 5.02793296089385
 527 7.039106145251395
 9 9.050279329608941
 129 11.06145251396649
 33 13.07262569832403
 6 15.08379888268158
 67 17.09497206703912
 124 19.10614525139667
 527 21.11731843575421
 70 23.12849162011173
 92 25.13966480446928
 86 27.15083798882682
 59 29.16201117318437
 181 31.17318435754191
 324 33.18435754189946
 260 35.195530726257
 129 37.20670391061452
 28 39.21787709497207
 275 41.22905027932961
 2 43.24022346368716
 119 45.2513966480447
 74 47.26256983240225
 221 49.27374301675979
 66 51.28491620111734
 209 53.29608938547489
 67 55.3072625698324
 152 57.31843575418995
 266 59.32960893854749
 59 61.34078212290504
 125 63.35195530726259
 77 65.36312849162013
 101 67.37430167597768
 50 69.38547486033519
 27 71.39664804469274
 49 73.40782122905028
 5 75.41899441340783
 7 77.43016759776538
 5 79.44134078212289
 0 81.45251396648047
 1 83.46368715083798
 4 85.47486033519556
 19 87.48603351955308
 7319 89.49720670391065
 13 91.50837988826817
 4 93.51955307262574
 3 95.53072625698326
 1 97.54189944134077
 1 99.55307262569835
 21 101.5642458100559
 23 103.5754189944134
 45 105.586592178771
 22 107.5977653631285
 113 109.608938547486
 91 111.6201117318436
 120 113.6312849162011
 4 115.6424581005587
 207 117.6536312849162
 176 119.6648044692737
 107 121.6759776536313
 160 123.6871508379888
 183 125.6983240223464
 67 127.7094972067039
 171 129.7206703910614
 202 131.731843575419
 3 133.7430167597765
 110 135.7541899441341
 186 137.7653631284916
 111 139.7765363128492
 107 141.7877094972067
 493 143.7988826815642
 114 145.8100558659218
 193 147.8212290502793
 51 149.8324022346369
 129 151.8435754189944
 68 153.854748603352
 520 155.8659217877095
 49 157.8770949720671
 130 159.8882681564246
 71 161.8994413407821
 46 163.9106145251397
 17 165.9217877094972
 149 167.9329608938548
 205 169.9441340782123
 372 171.9553072625699
 6 173.9664804469274
 143 175.9776536312849
 6 177.9888268156425
 0 180


