# Created by Octave 3.8.2, Mon Jun 22 02:25:10 2020 CEST <damian@fptrucha.inv.usc.es>
# name: hd
# type: matrix
# rows: 180
# columns: 2
 6 -180
 135 -177.9888268156425
 5 -175.9776536312849
 259 -173.9664804469274
 182 -171.9553072625698
 95 -169.9441340782123
 36 -167.9329608938548
 21 -165.9217877094972
 33 -163.9106145251397
 140 -161.8994413407821
 28 -159.8882681564246
 433 -157.877094972067
 57 -155.8659217877095
 60 -153.854748603352
 34 -151.8435754189944
 58 -149.8324022346369
 134 -147.8212290502793
 503 -145.8100558659218
 67 -143.7988826815642
 60 -141.7877094972067
 129 -139.7765363128491
 90 -137.7653631284916
 2 -135.7541899441341
 121 -133.7430167597765
 98 -131.731843575419
 60 -129.7206703910614
 140 -127.7094972067039
 134 -125.6983240223464
 78 -123.6871508379888
 142 -121.6759776536313
 165 -119.6648044692737
 5 -117.6536312849162
 89 -115.6424581005587
 80 -113.6312849162011
 101 -111.6201117318436
 21 -109.608938547486
 42 -107.5977653631285
 18 -105.5865921787709
 16 -103.5754189944134
 4 -101.5642458100559
 0 -99.55307262569832
 3 -97.54189944134077
 7 -95.53072625698323
 8 -93.5195530726257
 5348 -91.50837988826815
 16 -89.49720670391061
 7 -87.48603351955308
 1 -85.47486033519553
 0 -83.46368715083798
 0 -81.45251396648044
 8 -79.44134078212289
 5 -77.43016759776536
 47 -75.41899441340782
 35 -73.40782122905027
 49 -71.39664804469274
 105 -69.38547486033519
 64 -67.37430167597765
 66 -65.3631284916201
 46 -63.35195530726256
 228 -61.34078212290503
 104 -59.32960893854748
 161 -57.31843575418993
 77 -55.3072625698324
 50 -53.29608938547486
 145 -51.28491620111731
 26 -49.27374301675977
 68 -47.26256983240222
 3 -45.25139664804468
 209 -43.24022346368713
 4 -41.22905027932961
 82 -39.21787709497207
 249 -37.20670391061452
 345 -35.19553072625698
 60 -33.18435754189943
 49 -31.17318435754188
 85 -29.16201117318434
 10 -27.15083798882682
 54 -25.13966480446928
 407 -23.12849162011173
 128 -21.11731843575419
 38 -19.10614525139664
 11 -17.09497206703909
 27 -15.08379888268155
 113 -13.072625698324
 8 -11.06145251396646
 411 -9.050279329608941
 5 -7.039106145251395
 104 -5.02793296089385
 18 -3.016759776536304
 2 -1.005586592178759
 26 1.005586592178787
 97 3.016759776536333
 2 5.02793296089385
 363 7.039106145251395
 18 9.050279329608941
 91 11.06145251396649
 42 13.07262569832403
 21 15.08379888268158
 63 17.09497206703912
 109 19.10614525139667
 303 21.11731843575421
 51 23.12849162011173
 86 25.13966480446928
 88 27.15083798882682
 47 29.16201117318437
 152 31.17318435754191
 175 33.18435754189946
 131 35.195530726257
 88 37.20670391061452
 16 39.21787709497207
 184 41.22905027932961
 4 43.24022346368716
 89 45.2513966480447
 28 47.26256983240225
 155 49.27374301675979
 55 51.28491620111734
 123 53.29608938547489
 47 55.3072625698324
 77 57.31843575418995
 143 59.32960893854749
 56 61.34078212290504
 108 63.35195530726259
 64 65.36312849162013
 77 67.37430167597768
 37 69.38547486033519
 39 71.39664804469274
 65 73.40782122905028
 7 75.41899441340783
 7 77.43016759776538
 3 79.44134078212289
 1 81.45251396648047
 3 83.46368715083798
 8 85.47486033519556
 11 87.48603351955308
 4444 89.49720670391065
 6 91.50837988826817
 4 93.51955307262574
 4 95.53072625698326
 3 97.54189944134077
 2 99.55307262569835
 12 101.5642458100559
 15 103.5754189944134
 36 105.586592178771
 20 107.5977653631285
 69 109.608938547486
 114 111.6201117318436
 91 113.6312849162011
 2 115.6424581005587
 133 117.6536312849162
 100 119.6648044692737
 48 121.6759776536313
 94 123.6871508379888
 140 125.6983240223464
 52 127.7094972067039
 135 129.7206703910614
 138 131.731843575419
 2 133.7430167597765
 111 135.7541899441341
 135 137.7653631284916
 80 139.7765363128492
 99 141.7877094972067
 275 143.7988826815642
 106 145.8100558659218
 162 147.8212290502793
 36 149.8324022346369
 133 151.8435754189944
 62 153.854748603352
 282 155.8659217877095
 52 157.8770949720671
 83 159.8882681564246
 56 161.8994413407821
 61 163.9106145251397
 20 165.9217877094972
 84 167.9329608938548
 163 169.9441340782123
 218 171.9553072625699
 3 173.9664804469274
 124 175.9776536312849
 1 177.9888268156425
 0 180


