# Created by Octave 3.8.2, Mon Jun 22 12:33:25 2020 CEST <damian@fptrucha.inv.usc.es>
# name: hd
# type: matrix
# rows: 180
# columns: 2
 1 -180
 166 -177.9888268156425
 2 -175.9776536312849
 354 -173.9664804469274
 239 -171.9553072625698
 139 -169.9441340782123
 41 -167.9329608938548
 39 -165.9217877094972
 76 -163.9106145251397
 150 -161.8994413407821
 41 -159.8882681564246
 583 -157.877094972067
 76 -155.8659217877095
 133 -153.854748603352
 57 -151.8435754189944
 61 -149.8324022346369
 223 -147.8212290502793
 607 -145.8100558659218
 129 -143.7988826815642
 96 -141.7877094972067
 189 -139.7765363128491
 122 -137.7653631284916
 3 -135.7541899441341
 178 -133.7430167597765
 151 -131.731843575419
 82 -129.7206703910614
 183 -127.7094972067039
 204 -125.6983240223464
 112 -123.6871508379888
 164 -121.6759776536313
 199 -119.6648044692737
 4 -117.6536312849162
 106 -115.6424581005587
 112 -113.6312849162011
 94 -111.6201117318436
 16 -109.608938547486
 45 -107.5977653631285
 17 -105.5865921787709
 10 -103.5754189944134
 1 -101.5642458100559
 3 -99.55307262569832
 5 -97.54189944134077
 3 -95.53072625698323
 10 -93.5195530726257
 7920 -91.50837988826815
 18 -89.49720670391061
 4 -87.48603351955308
 1 -85.47486033519553
 1 -83.46368715083798
 2 -81.45251396648044
 10 -79.44134078212289
 9 -77.43016759776536
 40 -75.41899441340782
 28 -73.40782122905027
 48 -71.39664804469274
 107 -69.38547486033519
 77 -67.37430167597765
 106 -65.3631284916201
 53 -63.35195530726256
 257 -61.34078212290503
 136 -59.32960893854748
 202 -57.31843575418993
 105 -55.3072625698324
 66 -53.29608938547486
 244 -51.28491620111731
 69 -49.27374301675977
 137 -47.26256983240222
 4 -45.25139664804468
 278 -43.24022346368713
 7 -41.22905027932961
 167 -39.21787709497207
 316 -37.20670391061452
 437 -35.19553072625698
 122 -33.18435754189943
 63 -31.17318435754188
 157 -29.16201117318434
 10 -27.15083798882682
 63 -25.13966480446928
 607 -23.12849162011173
 149 -21.11731843575419
 57 -19.10614525139664
 9 -17.09497206703909
 45 -15.08379888268155
 168 -13.072625698324
 4 -11.06145251396646
 602 -9.050279329608941
 1 -7.039106145251395
 135 -5.02793296089385
 22 -3.016759776536304
 2 -1.005586592178759
 16 1.005586592178787
 128 3.016759776536333
 2 5.02793296089385
 562 7.039106145251395
 8 9.050279329608941
 150 11.06145251396649
 41 13.07262569832403
 14 15.08379888268158
 57 17.09497206703912
 136 19.10614525139667
 548 21.11731843575421
 66 23.12849162011173
 90 25.13966480446928
 95 27.15083798882682
 57 29.16201117318437
 190 31.17318435754191
 332 33.18435754189946
 238 35.195530726257
 156 37.20670391061452
 31 39.21787709497207
 296 41.22905027932961
 1 43.24022346368716
 124 45.2513966480447
 70 47.26256983240225
 231 49.27374301675979
 72 51.28491620111734
 212 53.29608938547489
 96 55.3072625698324
 156 57.31843575418995
 261 59.32960893854749
 49 61.34078212290504
 114 63.35195530726259
 87 65.36312849162013
 129 67.37430167597768
 55 69.38547486033519
 33 71.39664804469274
 47 73.40782122905028
 6 75.41899441340783
 12 77.43016759776538
 3 79.44134078212289
 0 81.45251396648047
 2 83.46368715083798
 2 85.47486033519556
 14 87.48603351955308
 7760 89.49720670391065
 9 91.50837988826817
 7 93.51955307262574
 1 95.53072625698326
 1 97.54189944134077
 1 99.55307262569835
 16 101.5642458100559
 22 103.5754189944134
 38 105.586592178771
 21 107.5977653631285
 129 109.608938547486
 115 111.6201117318436
 119 113.6312849162011
 4 115.6424581005587
 209 117.6536312849162
 169 119.6648044692737
 115 121.6759776536313
 161 123.6871508379888
 165 125.6983240223464
 81 127.7094972067039
 162 129.7206703910614
 189 131.731843575419
 2 133.7430167597765
 123 135.7541899441341
 185 137.7653631284916
 105 139.7765363128492
 123 141.7877094972067
 530 143.7988826815642
 116 145.8100558659218
 198 147.8212290502793
 62 149.8324022346369
 130 151.8435754189944
 65 153.854748603352
 477 155.8659217877095
 42 157.8770949720671
 140 159.8882681564246
 71 161.8994413407821
 52 163.9106145251397
 18 165.9217877094972
 136 167.9329608938548
 254 169.9441340782123
 348 171.9553072625699
 5 173.9664804469274
 140 175.9776536312849
 7 177.9888268156425
 0 180


