# Created by Octave 3.8.2, Sun Jun 21 03:41:09 2020 CEST <damian@fptrucha.inv.usc.es>
# name: hd
# type: matrix
# rows: 180
# columns: 2
 3 -180
 149 -177.9888268156425
 4 -175.9776536312849
 326 -173.9664804469274
 204 -171.9553072625698
 137 -169.9441340782123
 29 -167.9329608938548
 25 -165.9217877094972
 48 -163.9106145251397
 153 -161.8994413407821
 33 -159.8882681564246
 581 -157.877094972067
 64 -155.8659217877095
 113 -153.854748603352
 38 -151.8435754189944
 62 -149.8324022346369
 200 -147.8212290502793
 653 -145.8100558659218
 117 -143.7988826815642
 87 -141.7877094972067
 176 -139.7765363128491
 105 -137.7653631284916
 2 -135.7541899441341
 124 -133.7430167597765
 151 -131.731843575419
 81 -129.7206703910614
 169 -127.7094972067039
 242 -125.6983240223464
 106 -123.6871508379888
 178 -121.6759776536313
 184 -119.6648044692737
 1 -117.6536312849162
 92 -115.6424581005587
 116 -113.6312849162011
 119 -111.6201117318436
 14 -109.608938547486
 28 -107.5977653631285
 20 -105.5865921787709
 16 -103.5754189944134
 1 -101.5642458100559
 0 -99.55307262569832
 1 -97.54189944134077
 2 -95.53072625698323
 9 -93.5195530726257
 7905 -91.50837988826815
 12 -89.49720670391061
 4 -87.48603351955308
 1 -85.47486033519553
 0 -83.46368715083798
 1 -81.45251396648044
 10 -79.44134078212289
 11 -77.43016759776536
 40 -75.41899441340782
 27 -73.40782122905027
 54 -71.39664804469274
 109 -69.38547486033519
 80 -67.37430167597765
 92 -65.3631284916201
 49 -63.35195530726256
 253 -61.34078212290503
 153 -59.32960893854748
 211 -57.31843575418993
 105 -55.3072625698324
 63 -53.29608938547486
 217 -51.28491620111731
 50 -49.27374301675977
 94 -47.26256983240222
 1 -45.25139664804468
 291 -43.24022346368713
 2 -41.22905027932961
 145 -39.21787709497207
 278 -37.20670391061452
 472 -35.19553072625698
 108 -33.18435754189943
 56 -31.17318435754188
 137 -29.16201117318434
 10 -27.15083798882682
 53 -25.13966480446928
 615 -23.12849162011173
 143 -21.11731843575419
 43 -19.10614525139664
 11 -17.09497206703909
 41 -15.08379888268155
 167 -13.072625698324
 7 -11.06145251396646
 565 -9.050279329608941
 4 -7.039106145251395
 136 -5.02793296089385
 24 -3.016759776536304
 1 -1.005586592178759
 25 1.005586592178787
 116 3.016759776536333
 1 5.02793296089385
 526 7.039106145251395
 4 9.050279329608941
 125 11.06145251396649
 34 13.07262569832403
 6 15.08379888268158
 62 17.09497206703912
 108 19.10614525139667
 522 21.11731843575421
 53 23.12849162011173
 92 25.13966480446928
 78 27.15083798882682
 67 29.16201117318437
 227 31.17318435754191
 321 33.18435754189946
 255 35.195530726257
 189 37.20670391061452
 35 39.21787709497207
 267 41.22905027932961
 3 43.24022346368716
 124 45.2513966480447
 54 47.26256983240225
 230 49.27374301675979
 91 51.28491620111734
 171 53.29608938547489
 83 55.3072625698324
 141 57.31843575418995
 232 59.32960893854749
 53 61.34078212290504
 118 63.35195530726259
 55 65.36312849162013
 106 67.37430167597768
 32 69.38547486033519
 28 71.39664804469274
 42 73.40782122905028
 3 75.41899441340783
 3 77.43016759776538
 5 79.44134078212289
 1 81.45251396648047
 1 83.46368715083798
 5 85.47486033519556
 8 87.48603351955308
 7499 89.49720670391065
 6 91.50837988826817
 3 93.51955307262574
 0 95.53072625698326
 1 97.54189944134077
 3 99.55307262569835
 10 101.5642458100559
 20 103.5754189944134
 36 105.586592178771
 16 107.5977653631285
 101 109.608938547486
 122 111.6201117318436
 123 113.6312849162011
 1 115.6424581005587
 192 117.6536312849162
 146 119.6648044692737
 81 121.6759776536313
 153 123.6871508379888
 166 125.6983240223464
 83 127.7094972067039
 168 129.7206703910614
 132 131.731843575419
 0 133.7430167597765
 103 135.7541899441341
 156 137.7653631284916
 93 139.7765363128492
 150 141.7877094972067
 478 143.7988826815642
 112 145.8100558659218
 178 147.8212290502793
 46 149.8324022346369
 130 151.8435754189944
 60 153.854748603352
 469 155.8659217877095
 49 157.8770949720671
 107 159.8882681564246
 69 161.8994413407821
 56 163.9106145251397
 16 165.9217877094972
 121 167.9329608938548
 212 169.9441340782123
 342 171.9553072625699
 2 173.9664804469274
 122 175.9776536312849
 7 177.9888268156425
 0 180


