# Created by Octave 3.8.2, Mon Jun 22 12:04:41 2020 CEST <damian@fptrucha.inv.usc.es>
# name: hd
# type: matrix
# rows: 180
# columns: 2
 7 -180
 166 -177.9888268156425
 0 -175.9776536312849
 350 -173.9664804469274
 229 -171.9553072625698
 147 -169.9441340782123
 43 -167.9329608938548
 46 -165.9217877094972
 69 -163.9106145251397
 165 -161.8994413407821
 44 -159.8882681564246
 549 -157.877094972067
 73 -155.8659217877095
 116 -153.854748603352
 34 -151.8435754189944
 61 -149.8324022346369
 211 -147.8212290502793
 577 -145.8100558659218
 155 -143.7988826815642
 95 -141.7877094972067
 165 -139.7765363128491
 132 -137.7653631284916
 3 -135.7541899441341
 152 -133.7430167597765
 127 -131.731843575419
 86 -129.7206703910614
 185 -127.7094972067039
 236 -125.6983240223464
 95 -123.6871508379888
 147 -121.6759776536313
 189 -119.6648044692737
 3 -117.6536312849162
 102 -115.6424581005587
 105 -113.6312849162011
 115 -111.6201117318436
 16 -109.608938547486
 46 -107.5977653631285
 17 -105.5865921787709
 19 -103.5754189944134
 2 -101.5642458100559
 1 -99.55307262569832
 2 -97.54189944134077
 3 -95.53072625698323
 8 -93.5195530726257
 7828 -91.50837988826815
 19 -89.49720670391061
 3 -87.48603351955308
 0 -85.47486033519553
 0 -83.46368715083798
 4 -81.45251396648044
 6 -79.44134078212289
 5 -77.43016759776536
 33 -75.41899441340782
 30 -73.40782122905027
 53 -71.39664804469274
 113 -69.38547486033519
 73 -67.37430167597765
 126 -65.3631284916201
 37 -63.35195530726256
 275 -61.34078212290503
 154 -59.32960893854748
 213 -57.31843575418993
 97 -55.3072625698324
 87 -53.29608938547486
 226 -51.28491620111731
 51 -49.27374301675977
 111 -47.26256983240222
 2 -45.25139664804468
 260 -43.24022346368713
 4 -41.22905027932961
 158 -39.21787709497207
 277 -37.20670391061452
 420 -35.19553072625698
 108 -33.18435754189943
 55 -31.17318435754188
 185 -29.16201117318434
 8 -27.15083798882682
 64 -25.13966480446928
 523 -23.12849162011173
 143 -21.11731843575419
 34 -19.10614525139664
 13 -17.09497206703909
 41 -15.08379888268155
 154 -13.072625698324
 9 -11.06145251396646
 623 -9.050279329608941
 3 -7.039106145251395
 123 -5.02793296089385
 20 -3.016759776536304
 6 -1.005586592178759
 27 1.005586592178787
 140 3.016759776536333
 5 5.02793296089385
 549 7.039106145251395
 13 9.050279329608941
 146 11.06145251396649
 46 13.07262569832403
 12 15.08379888268158
 62 17.09497206703912
 137 19.10614525139667
 554 21.11731843575421
 74 23.12849162011173
 79 25.13966480446928
 119 27.15083798882682
 56 29.16201117318437
 212 31.17318435754191
 340 33.18435754189946
 249 35.195530726257
 160 37.20670391061452
 53 39.21787709497207
 268 41.22905027932961
 7 43.24022346368716
 131 45.2513966480447
 62 47.26256983240225
 222 49.27374301675979
 70 51.28491620111734
 214 53.29608938547489
 76 55.3072625698324
 156 57.31843575418995
 278 59.32960893854749
 53 61.34078212290504
 117 63.35195530726259
 75 65.36312849162013
 95 67.37430167597768
 43 69.38547486033519
 23 71.39664804469274
 49 73.40782122905028
 10 75.41899441340783
 11 77.43016759776538
 3 79.44134078212289
 1 81.45251396648047
 0 83.46368715083798
 8 85.47486033519556
 18 87.48603351955308
 7510 89.49720670391065
 6 91.50837988826817
 3 93.51955307262574
 2 95.53072625698326
 2 97.54189944134077
 10 99.55307262569835
 22 101.5642458100559
 30 103.5754189944134
 46 105.586592178771
 23 107.5977653631285
 118 109.608938547486
 134 111.6201117318436
 110 113.6312849162011
 4 115.6424581005587
 208 117.6536312849162
 185 119.6648044692737
 93 121.6759776536313
 191 123.6871508379888
 164 125.6983240223464
 80 127.7094972067039
 175 129.7206703910614
 186 131.731843575419
 6 133.7430167597765
 131 135.7541899441341
 181 137.7653631284916
 108 139.7765363128492
 127 141.7877094972067
 484 143.7988826815642
 113 145.8100558659218
 187 147.8212290502793
 52 149.8324022346369
 126 151.8435754189944
 74 153.854748603352
 478 155.8659217877095
 58 157.8770949720671
 156 159.8882681564246
 69 161.8994413407821
 53 163.9106145251397
 23 165.9217877094972
 119 167.9329608938548
 229 169.9441340782123
 321 171.9553072625699
 4 173.9664804469274
 158 175.9776536312849
 6 177.9888268156425
 0 180


