# Created by Octave 3.8.2, Mon Jun 22 00:49:09 2020 CEST <damian@fptrucha.inv.usc.es>
# name: hd
# type: matrix
# rows: 180
# columns: 2
 5 -180
 167 -177.9888268156425
 5 -175.9776536312849
 315 -173.9664804469274
 231 -171.9553072625698
 167 -169.9441340782123
 29 -167.9329608938548
 43 -165.9217877094972
 59 -163.9106145251397
 156 -161.8994413407821
 40 -159.8882681564246
 605 -157.877094972067
 55 -155.8659217877095
 125 -153.854748603352
 43 -151.8435754189944
 52 -149.8324022346369
 231 -147.8212290502793
 601 -145.8100558659218
 113 -143.7988826815642
 70 -141.7877094972067
 146 -139.7765363128491
 101 -137.7653631284916
 1 -135.7541899441341
 153 -133.7430167597765
 147 -131.731843575419
 73 -129.7206703910614
 161 -127.7094972067039
 231 -125.6983240223464
 100 -123.6871508379888
 173 -121.6759776536313
 190 -119.6648044692737
 5 -117.6536312849162
 99 -115.6424581005587
 105 -113.6312849162011
 113 -111.6201117318436
 18 -109.608938547486
 25 -107.5977653631285
 21 -105.5865921787709
 14 -103.5754189944134
 2 -101.5642458100559
 1 -99.55307262569832
 0 -97.54189944134077
 1 -95.53072625698323
 3 -93.5195530726257
 8087 -91.50837988826815
 7 -89.49720670391061
 5 -87.48603351955308
 1 -85.47486033519553
 0 -83.46368715083798
 2 -81.45251396648044
 9 -79.44134078212289
 4 -77.43016759776536
 47 -75.41899441340782
 24 -73.40782122905027
 49 -71.39664804469274
 117 -69.38547486033519
 67 -67.37430167597765
 84 -65.3631284916201
 47 -63.35195530726256
 249 -61.34078212290503
 146 -59.32960893854748
 239 -57.31843575418993
 89 -55.3072625698324
 79 -53.29608938547486
 239 -51.28491620111731
 48 -49.27374301675977
 92 -47.26256983240222
 0 -45.25139664804468
 248 -43.24022346368713
 4 -41.22905027932961
 167 -39.21787709497207
 309 -37.20670391061452
 481 -35.19553072625698
 99 -33.18435754189943
 56 -31.17318435754188
 124 -29.16201117318434
 9 -27.15083798882682
 67 -25.13966480446928
 654 -23.12849162011173
 130 -21.11731843575419
 56 -19.10614525139664
 5 -17.09497206703909
 46 -15.08379888268155
 190 -13.072625698324
 7 -11.06145251396646
 576 -9.050279329608941
 2 -7.039106145251395
 117 -5.02793296089385
 10 -3.016759776536304
 1 -1.005586592178759
 21 1.005586592178787
 115 3.016759776536333
 0 5.02793296089385
 576 7.039106145251395
 5 9.050279329608941
 119 11.06145251396649
 31 13.07262569832403
 11 15.08379888268158
 71 17.09497206703912
 96 19.10614525139667
 523 21.11731843575421
 60 23.12849162011173
 94 25.13966480446928
 96 27.15083798882682
 53 29.16201117318437
 221 31.17318435754191
 311 33.18435754189946
 202 35.195530726257
 175 37.20670391061452
 30 39.21787709497207
 292 41.22905027932961
 2 43.24022346368716
 106 45.2513966480447
 62 47.26256983240225
 219 49.27374301675979
 79 51.28491620111734
 187 53.29608938547489
 80 55.3072625698324
 122 57.31843575418995
 249 59.32960893854749
 60 61.34078212290504
 116 63.35195530726259
 68 65.36312849162013
 112 67.37430167597768
 44 69.38547486033519
 32 71.39664804469274
 47 73.40782122905028
 4 75.41899441340783
 3 77.43016759776538
 0 79.44134078212289
 0 81.45251396648047
 2 83.46368715083798
 3 85.47486033519556
 15 87.48603351955308
 7664 89.49720670391065
 8 91.50837988826817
 5 93.51955307262574
 1 95.53072625698326
 0 97.54189944134077
 3 99.55307262569835
 8 101.5642458100559
 16 103.5754189944134
 37 105.586592178771
 15 107.5977653631285
 99 109.608938547486
 124 111.6201117318436
 123 113.6312849162011
 0 115.6424581005587
 182 117.6536312849162
 160 119.6648044692737
 77 121.6759776536313
 147 123.6871508379888
 185 125.6983240223464
 92 127.7094972067039
 138 129.7206703910614
 200 131.731843575419
 0 133.7430167597765
 114 135.7541899441341
 181 137.7653631284916
 119 139.7765363128492
 131 141.7877094972067
 465 143.7988826815642
 111 145.8100558659218
 250 147.8212290502793
 29 149.8324022346369
 134 151.8435754189944
 71 153.854748603352
 466 155.8659217877095
 50 157.8770949720671
 108 159.8882681564246
 68 161.8994413407821
 39 163.9106145251397
 17 165.9217877094972
 117 167.9329608938548
 250 169.9441340782123
 280 171.9553072625699
 2 173.9664804469274
 152 175.9776536312849
 2 177.9888268156425
 0 180


