# Created by Octave 3.8.2, Mon Jun 22 04:51:56 2020 CEST <damian@fptrucha.inv.usc.es>
# name: hd
# type: matrix
# rows: 180
# columns: 2
 4 -180
 177 -177.9888268156425
 7 -175.9776536312849
 352 -173.9664804469274
 239 -171.9553072625698
 149 -169.9441340782123
 44 -167.9329608938548
 32 -165.9217877094972
 44 -163.9106145251397
 154 -161.8994413407821
 41 -159.8882681564246
 496 -157.877094972067
 72 -155.8659217877095
 104 -153.854748603352
 40 -151.8435754189944
 71 -149.8324022346369
 216 -147.8212290502793
 520 -145.8100558659218
 117 -143.7988826815642
 82 -141.7877094972067
 178 -139.7765363128491
 127 -137.7653631284916
 4 -135.7541899441341
 141 -133.7430167597765
 185 -131.731843575419
 78 -129.7206703910614
 168 -127.7094972067039
 190 -125.6983240223464
 108 -123.6871508379888
 138 -121.6759776536313
 190 -119.6648044692737
 6 -117.6536312849162
 93 -115.6424581005587
 100 -113.6312849162011
 104 -111.6201117318436
 21 -109.608938547486
 36 -107.5977653631285
 32 -105.5865921787709
 13 -103.5754189944134
 5 -101.5642458100559
 0 -99.55307262569832
 1 -97.54189944134077
 1 -95.53072625698323
 6 -93.5195530726257
 6993 -91.50837988826815
 16 -89.49720670391061
 5 -87.48603351955308
 1 -85.47486033519553
 1 -83.46368715083798
 4 -81.45251396648044
 11 -79.44134078212289
 6 -77.43016759776536
 55 -75.41899441340782
 34 -73.40782122905027
 38 -71.39664804469274
 125 -69.38547486033519
 70 -67.37430167597765
 119 -65.3631284916201
 54 -63.35195530726256
 270 -61.34078212290503
 143 -59.32960893854748
 171 -57.31843575418993
 79 -55.3072625698324
 83 -53.29608938547486
 228 -51.28491620111731
 66 -49.27374301675977
 100 -47.26256983240222
 3 -45.25139664804468
 304 -43.24022346368713
 2 -41.22905027932961
 155 -39.21787709497207
 260 -37.20670391061452
 421 -35.19553072625698
 89 -33.18435754189943
 49 -31.17318435754188
 155 -29.16201117318434
 9 -27.15083798882682
 57 -25.13966480446928
 560 -23.12849162011173
 132 -21.11731843575419
 46 -19.10614525139664
 16 -17.09497206703909
 46 -15.08379888268155
 147 -13.072625698324
 7 -11.06145251396646
 532 -9.050279329608941
 2 -7.039106145251395
 124 -5.02793296089385
 21 -3.016759776536304
 6 -1.005586592178759
 24 1.005586592178787
 106 3.016759776536333
 1 5.02793296089385
 528 7.039106145251395
 15 9.050279329608941
 141 11.06145251396649
 40 13.07262569832403
 18 15.08379888268158
 52 17.09497206703912
 130 19.10614525139667
 464 21.11731843575421
 61 23.12849162011173
 78 25.13966480446928
 102 27.15083798882682
 52 29.16201117318437
 197 31.17318435754191
 301 33.18435754189946
 237 35.195530726257
 154 37.20670391061452
 30 39.21787709497207
 265 41.22905027932961
 2 43.24022346368716
 100 45.2513966480447
 76 47.26256983240225
 218 49.27374301675979
 76 51.28491620111734
 176 53.29608938547489
 72 55.3072625698324
 140 57.31843575418995
 220 59.32960893854749
 57 61.34078212290504
 100 63.35195530726259
 66 65.36312849162013
 104 67.37430167597768
 52 69.38547486033519
 30 71.39664804469274
 59 73.40782122905028
 10 75.41899441340783
 3 77.43016759776538
 6 79.44134078212289
 1 81.45251396648047
 2 83.46368715083798
 9 85.47486033519556
 11 87.48603351955308
 6517 89.49720670391065
 7 91.50837988826817
 4 93.51955307262574
 1 95.53072625698326
 1 97.54189944134077
 4 99.55307262569835
 14 101.5642458100559
 22 103.5754189944134
 41 105.586592178771
 19 107.5977653631285
 107 109.608938547486
 117 111.6201117318436
 118 113.6312849162011
 6 115.6424581005587
 179 117.6536312849162
 150 119.6648044692737
 67 121.6759776536313
 134 123.6871508379888
 158 125.6983240223464
 77 127.7094972067039
 148 129.7206703910614
 196 131.731843575419
 2 133.7430167597765
 97 135.7541899441341
 148 137.7653631284916
 95 139.7765363128492
 108 141.7877094972067
 443 143.7988826815642
 106 145.8100558659218
 222 147.8212290502793
 44 149.8324022346369
 138 151.8435754189944
 51 153.854748603352
 426 155.8659217877095
 42 157.8770949720671
 130 159.8882681564246
 72 161.8994413407821
 57 163.9106145251397
 18 165.9217877094972
 126 167.9329608938548
 201 169.9441340782123
 317 171.9553072625699
 4 173.9664804469274
 146 175.9776536312849
 7 177.9888268156425
 0 180


