# Created by Octave 3.8.2, Sun Jun 21 07:07:34 2020 CEST <damian@fptrucha.inv.usc.es>
# name: hd
# type: matrix
# rows: 180
# columns: 2
 5 -180
 169 -177.9888268156425
 4 -175.9776536312849
 367 -173.9664804469274
 222 -171.9553072625698
 159 -169.9441340782123
 31 -167.9329608938548
 39 -165.9217877094972
 62 -163.9106145251397
 187 -161.8994413407821
 26 -159.8882681564246
 632 -157.877094972067
 70 -155.8659217877095
 106 -153.854748603352
 42 -151.8435754189944
 66 -149.8324022346369
 224 -147.8212290502793
 669 -145.8100558659218
 131 -143.7988826815642
 79 -141.7877094972067
 171 -139.7765363128491
 91 -137.7653631284916
 0 -135.7541899441341
 167 -133.7430167597765
 152 -131.731843575419
 97 -129.7206703910614
 171 -127.7094972067039
 246 -125.6983240223464
 84 -123.6871508379888
 196 -121.6759776536313
 172 -119.6648044692737
 3 -117.6536312849162
 95 -115.6424581005587
 134 -113.6312849162011
 120 -111.6201117318436
 16 -109.608938547486
 25 -107.5977653631285
 17 -105.5865921787709
 14 -103.5754189944134
 1 -101.5642458100559
 1 -99.55307262569832
 3 -97.54189944134077
 3 -95.53072625698323
 6 -93.5195530726257
 8196 -91.50837988826815
 10 -89.49720670391061
 4 -87.48603351955308
 2 -85.47486033519553
 0 -83.46368715083798
 2 -81.45251396648044
 7 -79.44134078212289
 6 -77.43016759776536
 49 -75.41899441340782
 24 -73.40782122905027
 52 -71.39664804469274
 118 -69.38547486033519
 70 -67.37430167597765
 103 -65.3631284916201
 50 -63.35195530726256
 268 -61.34078212290503
 159 -59.32960893854748
 220 -57.31843575418993
 91 -55.3072625698324
 107 -53.29608938547486
 205 -51.28491620111731
 34 -49.27374301675977
 116 -47.26256983240222
 0 -45.25139664804468
 287 -43.24022346368713
 1 -41.22905027932961
 166 -39.21787709497207
 324 -37.20670391061452
 484 -35.19553072625698
 104 -33.18435754189943
 53 -31.17318435754188
 159 -29.16201117318434
 7 -27.15083798882682
 53 -25.13966480446928
 662 -23.12849162011173
 148 -21.11731843575419
 39 -19.10614525139664
 7 -17.09497206703909
 44 -15.08379888268155
 179 -13.072625698324
 11 -11.06145251396646
 605 -9.050279329608941
 5 -7.039106145251395
 137 -5.02793296089385
 34 -3.016759776536304
 3 -1.005586592178759
 15 1.005586592178787
 122 3.016759776536333
 1 5.02793296089385
 556 7.039106145251395
 9 9.050279329608941
 134 11.06145251396649
 48 13.07262569832403
 18 15.08379888268158
 53 17.09497206703912
 99 19.10614525139667
 556 21.11731843575421
 79 23.12849162011173
 84 25.13966480446928
 101 27.15083798882682
 62 29.16201117318437
 232 31.17318435754191
 308 33.18435754189946
 210 35.195530726257
 158 37.20670391061452
 36 39.21787709497207
 316 41.22905027932961
 0 43.24022346368716
 123 45.2513966480447
 56 47.26256983240225
 213 49.27374301675979
 80 51.28491620111734
 236 53.29608938547489
 76 55.3072625698324
 134 57.31843575418995
 251 59.32960893854749
 56 61.34078212290504
 104 63.35195530726259
 72 65.36312849162013
 115 67.37430167597768
 42 69.38547486033519
 33 71.39664804469274
 28 73.40782122905028
 5 75.41899441340783
 7 77.43016759776538
 1 79.44134078212289
 0 81.45251396648047
 0 83.46368715083798
 2 85.47486033519556
 5 87.48603351955308
 7594 89.49720670391065
 6 91.50837988826817
 1 93.51955307262574
 1 95.53072625698326
 0 97.54189944134077
 2 99.55307262569835
 14 101.5642458100559
 21 103.5754189944134
 29 105.586592178771
 17 107.5977653631285
 113 109.608938547486
 104 111.6201117318436
 127 113.6312849162011
 6 115.6424581005587
 206 117.6536312849162
 132 119.6648044692737
 100 121.6759776536313
 196 123.6871508379888
 206 125.6983240223464
 87 127.7094972067039
 163 129.7206703910614
 185 131.731843575419
 4 133.7430167597765
 109 135.7541899441341
 166 137.7653631284916
 100 139.7765363128492
 154 141.7877094972067
 478 143.7988826815642
 108 145.8100558659218
 224 147.8212290502793
 43 149.8324022346369
 165 151.8435754189944
 70 153.854748603352
 466 155.8659217877095
 52 157.8770949720671
 113 159.8882681564246
 68 161.8994413407821
 59 163.9106145251397
 20 165.9217877094972
 118 167.9329608938548
 235 169.9441340782123
 341 171.9553072625699
 2 173.9664804469274
 158 175.9776536312849
 3 177.9888268156425
 0 180


