# Created by Octave 3.8.2, Mon Jun 22 09:15:03 2020 CEST <damian@fptrucha.inv.usc.es>
# name: hd
# type: matrix
# rows: 180
# columns: 2
 4 -180
 169 -177.9888268156425
 3 -175.9776536312849
 400 -173.9664804469274
 243 -171.9553072625698
 156 -169.9441340782123
 34 -167.9329608938548
 39 -165.9217877094972
 61 -163.9106145251397
 158 -161.8994413407821
 40 -159.8882681564246
 518 -157.877094972067
 70 -155.8659217877095
 123 -153.854748603352
 48 -151.8435754189944
 75 -149.8324022346369
 227 -147.8212290502793
 533 -145.8100558659218
 125 -143.7988826815642
 75 -141.7877094972067
 166 -139.7765363128491
 104 -137.7653631284916
 1 -135.7541899441341
 166 -133.7430167597765
 157 -131.731843575419
 94 -129.7206703910614
 185 -127.7094972067039
 208 -125.6983240223464
 104 -123.6871508379888
 171 -121.6759776536313
 172 -119.6648044692737
 9 -117.6536312849162
 101 -115.6424581005587
 104 -113.6312849162011
 129 -111.6201117318436
 23 -109.608938547486
 36 -107.5977653631285
 15 -105.5865921787709
 17 -103.5754189944134
 3 -101.5642458100559
 1 -99.55307262569832
 4 -97.54189944134077
 4 -95.53072625698323
 16 -93.5195530726257
 7429 -91.50837988826815
 23 -89.49720670391061
 3 -87.48603351955308
 4 -85.47486033519553
 0 -83.46368715083798
 3 -81.45251396648044
 10 -79.44134078212289
 7 -77.43016759776536
 46 -75.41899441340782
 18 -73.40782122905027
 45 -71.39664804469274
 103 -69.38547486033519
 55 -67.37430167597765
 113 -65.3631284916201
 45 -63.35195530726256
 233 -61.34078212290503
 153 -59.32960893854748
 191 -57.31843575418993
 97 -55.3072625698324
 71 -53.29608938547486
 195 -51.28491620111731
 55 -49.27374301675977
 123 -47.26256983240222
 4 -45.25139664804468
 287 -43.24022346368713
 5 -41.22905027932961
 167 -39.21787709497207
 258 -37.20670391061452
 397 -35.19553072625698
 111 -33.18435754189943
 63 -31.17318435754188
 155 -29.16201117318434
 11 -27.15083798882682
 58 -25.13966480446928
 587 -23.12849162011173
 120 -21.11731843575419
 49 -19.10614525139664
 14 -17.09497206703909
 25 -15.08379888268155
 164 -13.072625698324
 14 -11.06145251396646
 574 -9.050279329608941
 1 -7.039106145251395
 120 -5.02793296089385
 23 -3.016759776536304
 2 -1.005586592178759
 26 1.005586592178787
 122 3.016759776536333
 7 5.02793296089385
 524 7.039106145251395
 9 9.050279329608941
 162 11.06145251396649
 40 13.07262569832403
 9 15.08379888268158
 60 17.09497206703912
 103 19.10614525139667
 499 21.11731843575421
 53 23.12849162011173
 62 25.13966480446928
 100 27.15083798882682
 57 29.16201117318437
 193 31.17318435754191
 323 33.18435754189946
 249 35.195530726257
 137 37.20670391061452
 29 39.21787709497207
 280 41.22905027932961
 1 43.24022346368716
 117 45.2513966480447
 66 47.26256983240225
 197 49.27374301675979
 82 51.28491620111734
 208 53.29608938547489
 86 55.3072625698324
 136 57.31843575418995
 235 59.32960893854749
 50 61.34078212290504
 104 63.35195530726259
 71 65.36312849162013
 116 67.37430167597768
 53 69.38547486033519
 38 71.39664804469274
 42 73.40782122905028
 10 75.41899441340783
 8 77.43016759776538
 6 79.44134078212289
 2 81.45251396648047
 3 83.46368715083798
 6 85.47486033519556
 13 87.48603351955308
 7281 89.49720670391065
 12 91.50837988826817
 5 93.51955307262574
 3 95.53072625698326
 2 97.54189944134077
 4 99.55307262569835
 14 101.5642458100559
 24 103.5754189944134
 43 105.586592178771
 22 107.5977653631285
 113 109.608938547486
 110 111.6201117318436
 112 113.6312849162011
 3 115.6424581005587
 200 117.6536312849162
 171 119.6648044692737
 93 121.6759776536313
 166 123.6871508379888
 197 125.6983240223464
 91 127.7094972067039
 161 129.7206703910614
 184 131.731843575419
 1 133.7430167597765
 96 135.7541899441341
 190 137.7653631284916
 108 139.7765363128492
 139 141.7877094972067
 529 143.7988826815642
 104 145.8100558659218
 198 147.8212290502793
 51 149.8324022346369
 114 151.8435754189944
 65 153.854748603352
 491 155.8659217877095
 47 157.8770949720671
 120 159.8882681564246
 67 161.8994413407821
 49 163.9106145251397
 31 165.9217877094972
 145 167.9329608938548
 183 169.9441340782123
 310 171.9553072625699
 2 173.9664804469274
 181 175.9776536312849
 2 177.9888268156425
 0 180


