# Created by Octave 3.8.2, Sat Jun 20 22:04:00 2020 CEST <damian@fptrucha.inv.usc.es>
# name: hd
# type: matrix
# rows: 180
# columns: 2
 3 -180
 145 -177.9888268156425
 3 -175.9776536312849
 368 -173.9664804469274
 222 -171.9553072625698
 140 -169.9441340782123
 20 -167.9329608938548
 29 -165.9217877094972
 47 -163.9106145251397
 148 -161.8994413407821
 42 -159.8882681564246
 610 -157.877094972067
 55 -155.8659217877095
 121 -153.854748603352
 49 -151.8435754189944
 54 -149.8324022346369
 192 -147.8212290502793
 610 -145.8100558659218
 114 -143.7988826815642
 93 -141.7877094972067
 177 -139.7765363128491
 99 -137.7653631284916
 0 -135.7541899441341
 157 -133.7430167597765
 168 -131.731843575419
 82 -129.7206703910614
 160 -127.7094972067039
 187 -125.6983240223464
 86 -123.6871508379888
 172 -121.6759776536313
 178 -119.6648044692737
 1 -117.6536312849162
 86 -115.6424581005587
 122 -113.6312849162011
 102 -111.6201117318436
 10 -109.608938547486
 31 -107.5977653631285
 27 -105.5865921787709
 11 -103.5754189944134
 4 -101.5642458100559
 1 -99.55307262569832
 1 -97.54189944134077
 1 -95.53072625698323
 7 -93.5195530726257
 7947 -91.50837988826815
 11 -89.49720670391061
 1 -87.48603351955308
 0 -85.47486033519553
 1 -83.46368715083798
 3 -81.45251396648044
 6 -79.44134078212289
 5 -77.43016759776536
 39 -75.41899441340782
 26 -73.40782122905027
 41 -71.39664804469274
 110 -69.38547486033519
 72 -67.37430167597765
 79 -65.3631284916201
 52 -63.35195530726256
 238 -61.34078212290503
 136 -59.32960893854748
 207 -57.31843575418993
 94 -55.3072625698324
 82 -53.29608938547486
 219 -51.28491620111731
 43 -49.27374301675977
 98 -47.26256983240222
 1 -45.25139664804468
 284 -43.24022346368713
 4 -41.22905027932961
 143 -39.21787709497207
 294 -37.20670391061452
 433 -35.19553072625698
 126 -33.18435754189943
 59 -31.17318435754188
 144 -29.16201117318434
 7 -27.15083798882682
 54 -25.13966480446928
 615 -23.12849162011173
 140 -21.11731843575419
 47 -19.10614525139664
 13 -17.09497206703909
 29 -15.08379888268155
 166 -13.072625698324
 8 -11.06145251396646
 578 -9.050279329608941
 2 -7.039106145251395
 118 -5.02793296089385
 19 -3.016759776536304
 2 -1.005586592178759
 23 1.005586592178787
 117 3.016759776536333
 1 5.02793296089385
 544 7.039106145251395
 6 9.050279329608941
 136 11.06145251396649
 53 13.07262569832403
 10 15.08379888268158
 60 17.09497206703912
 113 19.10614525139667
 498 21.11731843575421
 46 23.12849162011173
 93 25.13966480446928
 100 27.15083798882682
 56 29.16201117318437
 203 31.17318435754191
 341 33.18435754189946
 245 35.195530726257
 173 37.20670391061452
 33 39.21787709497207
 231 41.22905027932961
 2 43.24022346368716
 116 45.2513966480447
 56 47.26256983240225
 263 49.27374301675979
 94 51.28491620111734
 197 53.29608938547489
 75 55.3072625698324
 153 57.31843575418995
 257 59.32960893854749
 70 61.34078212290504
 133 63.35195530726259
 80 65.36312849162013
 92 67.37430167597768
 50 69.38547486033519
 25 71.39664804469274
 38 73.40782122905028
 5 75.41899441340783
 9 77.43016759776538
 3 79.44134078212289
 0 81.45251396648047
 1 83.46368715083798
 3 85.47486033519556
 12 87.48603351955308
 7517 89.49720670391065
 5 91.50837988826817
 4 93.51955307262574
 1 95.53072625698326
 1 97.54189944134077
 5 99.55307262569835
 11 101.5642458100559
 21 103.5754189944134
 32 105.586592178771
 23 107.5977653631285
 120 109.608938547486
 150 111.6201117318436
 121 113.6312849162011
 1 115.6424581005587
 212 117.6536312849162
 180 119.6648044692737
 82 121.6759776536313
 154 123.6871508379888
 169 125.6983240223464
 77 127.7094972067039
 163 129.7206703910614
 171 131.731843575419
 1 133.7430167597765
 100 135.7541899441341
 184 137.7653631284916
 102 139.7765363128492
 144 141.7877094972067
 454 143.7988826815642
 138 145.8100558659218
 206 147.8212290502793
 58 149.8324022346369
 151 151.8435754189944
 69 153.854748603352
 437 155.8659217877095
 57 157.8770949720671
 129 159.8882681564246
 77 161.8994413407821
 46 163.9106145251397
 11 165.9217877094972
 115 167.9329608938548
 210 169.9441340782123
 363 171.9553072625699
 1 173.9664804469274
 149 175.9776536312849
 4 177.9888268156425
 0 180


