# Created by Octave 3.8.2, Sun Jun 21 06:06:30 2020 CEST <damian@fptrucha.inv.usc.es>
# name: hd
# type: matrix
# rows: 180
# columns: 2
 3 -180
 153 -177.9888268156425
 5 -175.9776536312849
 369 -173.9664804469274
 200 -171.9553072625698
 160 -169.9441340782123
 37 -167.9329608938548
 37 -165.9217877094972
 52 -163.9106145251397
 167 -161.8994413407821
 39 -159.8882681564246
 595 -157.877094972067
 51 -155.8659217877095
 105 -153.854748603352
 41 -151.8435754189944
 55 -149.8324022346369
 193 -147.8212290502793
 597 -145.8100558659218
 134 -143.7988826815642
 88 -141.7877094972067
 157 -139.7765363128491
 111 -137.7653631284916
 2 -135.7541899441341
 145 -133.7430167597765
 140 -131.731843575419
 89 -129.7206703910614
 171 -127.7094972067039
 224 -125.6983240223464
 93 -123.6871508379888
 204 -121.6759776536313
 177 -119.6648044692737
 2 -117.6536312849162
 89 -115.6424581005587
 111 -113.6312849162011
 129 -111.6201117318436
 12 -109.608938547486
 29 -107.5977653631285
 19 -105.5865921787709
 10 -103.5754189944134
 2 -101.5642458100559
 1 -99.55307262569832
 0 -97.54189944134077
 2 -95.53072625698323
 2 -93.5195530726257
 8032 -91.50837988826815
 6 -89.49720670391061
 3 -87.48603351955308
 5 -85.47486033519553
 0 -83.46368715083798
 2 -81.45251396648044
 9 -79.44134078212289
 4 -77.43016759776536
 41 -75.41899441340782
 19 -73.40782122905027
 47 -71.39664804469274
 104 -69.38547486033519
 74 -67.37430167597765
 104 -65.3631284916201
 40 -63.35195530726256
 279 -61.34078212290503
 149 -59.32960893854748
 235 -57.31843575418993
 87 -55.3072625698324
 73 -53.29608938547486
 225 -51.28491620111731
 59 -49.27374301675977
 109 -47.26256983240222
 4 -45.25139664804468
 264 -43.24022346368713
 3 -41.22905027932961
 147 -39.21787709497207
 299 -37.20670391061452
 475 -35.19553072625698
 132 -33.18435754189943
 44 -31.17318435754188
 148 -29.16201117318434
 10 -27.15083798882682
 60 -25.13966480446928
 620 -23.12849162011173
 155 -21.11731843575419
 59 -19.10614525139664
 7 -17.09497206703909
 40 -15.08379888268155
 170 -13.072625698324
 10 -11.06145251396646
 579 -9.050279329608941
 1 -7.039106145251395
 137 -5.02793296089385
 13 -3.016759776536304
 3 -1.005586592178759
 22 1.005586592178787
 112 3.016759776536333
 2 5.02793296089385
 556 7.039106145251395
 8 9.050279329608941
 119 11.06145251396649
 43 13.07262569832403
 15 15.08379888268158
 46 17.09497206703912
 99 19.10614525139667
 520 21.11731843575421
 60 23.12849162011173
 81 25.13966480446928
 102 27.15083798882682
 57 29.16201117318437
 228 31.17318435754191
 310 33.18435754189946
 233 35.195530726257
 151 37.20670391061452
 23 39.21787709497207
 324 41.22905027932961
 3 43.24022346368716
 115 45.2513966480447
 75 47.26256983240225
 210 49.27374301675979
 83 51.28491620111734
 202 53.29608938547489
 75 55.3072625698324
 112 57.31843575418995
 237 59.32960893854749
 59 61.34078212290504
 111 63.35195530726259
 64 65.36312849162013
 101 67.37430167597768
 43 69.38547486033519
 28 71.39664804469274
 53 73.40782122905028
 6 75.41899441340783
 5 77.43016759776538
 2 79.44134078212289
 1 81.45251396648047
 0 83.46368715083798
 1 85.47486033519556
 9 87.48603351955308
 7643 89.49720670391065
 1 91.50837988826817
 2 93.51955307262574
 0 95.53072625698326
 1 97.54189944134077
 4 99.55307262569835
 15 101.5642458100559
 26 103.5754189944134
 37 105.586592178771
 19 107.5977653631285
 115 109.608938547486
 108 111.6201117318436
 124 113.6312849162011
 4 115.6424581005587
 176 117.6536312849162
 158 119.6648044692737
 78 121.6759776536313
 181 123.6871508379888
 177 125.6983240223464
 84 127.7094972067039
 145 129.7206703910614
 155 131.731843575419
 1 133.7430167597765
 121 135.7541899441341
 145 137.7653631284916
 88 139.7765363128492
 130 141.7877094972067
 466 143.7988826815642
 131 145.8100558659218
 192 147.8212290502793
 39 149.8324022346369
 179 151.8435754189944
 62 153.854748603352
 450 155.8659217877095
 45 157.8770949720671
 116 159.8882681564246
 57 161.8994413407821
 35 163.9106145251397
 22 165.9217877094972
 107 167.9329608938548
 249 169.9441340782123
 295 171.9553072625699
 6 173.9664804469274
 142 175.9776536312849
 3 177.9888268156425
 0 180


