# Created by Octave 3.8.2, Sat Jun 20 12:14:45 2020 CEST <damian@fptrucha.inv.usc.es>
# name: hd
# type: matrix
# rows: 180
# columns: 2
 6 -180
 162 -177.9888268156425
 7 -175.9776536312849
 404 -173.9664804469274
 260 -171.9553072625698
 189 -169.9441340782123
 27 -167.9329608938548
 42 -165.9217877094972
 49 -163.9106145251397
 193 -161.8994413407821
 32 -159.8882681564246
 658 -157.877094972067
 51 -155.8659217877095
 143 -153.854748603352
 42 -151.8435754189944
 79 -149.8324022346369
 204 -147.8212290502793
 686 -145.8100558659218
 148 -143.7988826815642
 94 -141.7877094972067
 188 -139.7765363128491
 107 -137.7653631284916
 7 -135.7541899441341
 171 -133.7430167597765
 167 -131.731843575419
 104 -129.7206703910614
 213 -127.7094972067039
 225 -125.6983240223464
 98 -123.6871508379888
 198 -121.6759776536313
 214 -119.6648044692737
 2 -117.6536312849162
 111 -115.6424581005587
 127 -113.6312849162011
 116 -111.6201117318436
 17 -109.608938547486
 37 -107.5977653631285
 26 -105.5865921787709
 8 -103.5754189944134
 1 -101.5642458100559
 0 -99.55307262569832
 2 -97.54189944134077
 1 -95.53072625698323
 6 -93.5195530726257
 8553 -91.50837988826815
 5 -89.49720670391061
 7 -87.48603351955308
 0 -85.47486033519553
 0 -83.46368715083798
 6 -81.45251396648044
 0 -79.44134078212289
 6 -77.43016759776536
 46 -75.41899441340782
 18 -73.40782122905027
 51 -71.39664804469274
 109 -69.38547486033519
 73 -67.37430167597765
 106 -65.3631284916201
 52 -63.35195530726256
 300 -61.34078212290503
 167 -59.32960893854748
 204 -57.31843575418993
 111 -55.3072625698324
 85 -53.29608938547486
 232 -51.28491620111731
 49 -49.27374301675977
 102 -47.26256983240222
 4 -45.25139664804468
 266 -43.24022346368713
 1 -41.22905027932961
 168 -39.21787709497207
 328 -37.20670391061452
 466 -35.19553072625698
 96 -33.18435754189943
 55 -31.17318435754188
 154 -29.16201117318434
 9 -27.15083798882682
 54 -25.13966480446928
 703 -23.12849162011173
 162 -21.11731843575419
 48 -19.10614525139664
 6 -17.09497206703909
 37 -15.08379888268155
 182 -13.072625698324
 4 -11.06145251396646
 602 -9.050279329608941
 4 -7.039106145251395
 148 -5.02793296089385
 16 -3.016759776536304
 4 -1.005586592178759
 24 1.005586592178787
 136 3.016759776536333
 1 5.02793296089385
 595 7.039106145251395
 11 9.050279329608941
 142 11.06145251396649
 40 13.07262569832403
 9 15.08379888268158
 50 17.09497206703912
 125 19.10614525139667
 564 21.11731843575421
 54 23.12849162011173
 111 25.13966480446928
 97 27.15083798882682
 64 29.16201117318437
 238 31.17318435754191
 306 33.18435754189946
 257 35.195530726257
 163 37.20670391061452
 35 39.21787709497207
 328 41.22905027932961
 1 43.24022346368716
 133 45.2513966480447
 74 47.26256983240225
 237 49.27374301675979
 91 51.28491620111734
 232 53.29608938547489
 86 55.3072625698324
 156 57.31843575418995
 270 59.32960893854749
 80 61.34078212290504
 134 63.35195530726259
 69 65.36312849162013
 119 67.37430167597768
 48 69.38547486033519
 26 71.39664804469274
 59 73.40782122905028
 5 75.41899441340783
 9 77.43016759776538
 2 79.44134078212289
 1 81.45251396648047
 1 83.46368715083798
 0 85.47486033519556
 6 87.48603351955308
 8187 89.49720670391065
 4 91.50837988826817
 5 93.51955307262574
 1 95.53072625698326
 0 97.54189944134077
 5 99.55307262569835
 16 101.5642458100559
 35 103.5754189944134
 37 105.586592178771
 19 107.5977653631285
 129 109.608938547486
 127 111.6201117318436
 121 113.6312849162011
 5 115.6424581005587
 213 117.6536312849162
 181 119.6648044692737
 90 121.6759776536313
 220 123.6871508379888
 167 125.6983240223464
 103 127.7094972067039
 195 129.7206703910614
 202 131.731843575419
 2 133.7430167597765
 117 135.7541899441341
 183 137.7653631284916
 114 139.7765363128492
 164 141.7877094972067
 535 143.7988826815642
 158 145.8100558659218
 217 147.8212290502793
 48 149.8324022346369
 183 151.8435754189944
 88 153.854748603352
 493 155.8659217877095
 71 157.8770949720671
 149 159.8882681564246
 77 161.8994413407821
 51 163.9106145251397
 12 165.9217877094972
 119 167.9329608938548
 236 169.9441340782123
 369 171.9553072625699
 0 173.9664804469274
 185 175.9776536312849
 3 177.9888268156425
 0 180


