# Created by Octave 3.8.2, Sat Jun 20 19:31:04 2020 CEST <damian@fptrucha.inv.usc.es>
# name: hd
# type: matrix
# rows: 180
# columns: 2
 2 -180
 151 -177.9888268156425
 2 -175.9776536312849
 364 -173.9664804469274
 222 -171.9553072625698
 152 -169.9441340782123
 30 -167.9329608938548
 33 -165.9217877094972
 49 -163.9106145251397
 157 -161.8994413407821
 34 -159.8882681564246
 619 -157.877094972067
 53 -155.8659217877095
 120 -153.854748603352
 37 -151.8435754189944
 68 -149.8324022346369
 216 -147.8212290502793
 632 -145.8100558659218
 141 -143.7988826815642
 88 -141.7877094972067
 176 -139.7765363128491
 116 -137.7653631284916
 3 -135.7541899441341
 151 -133.7430167597765
 149 -131.731843575419
 82 -129.7206703910614
 177 -127.7094972067039
 210 -125.6983240223464
 90 -123.6871508379888
 191 -121.6759776536313
 173 -119.6648044692737
 7 -117.6536312849162
 80 -115.6424581005587
 111 -113.6312849162011
 139 -111.6201117318436
 17 -109.608938547486
 33 -107.5977653631285
 28 -105.5865921787709
 9 -103.5754189944134
 3 -101.5642458100559
 1 -99.55307262569832
 1 -97.54189944134077
 0 -95.53072625698323
 4 -93.5195530726257
 7916 -91.50837988826815
 10 -89.49720670391061
 6 -87.48603351955308
 0 -85.47486033519553
 0 -83.46368715083798
 2 -81.45251396648044
 6 -79.44134078212289
 3 -77.43016759776536
 42 -75.41899441340782
 22 -73.40782122905027
 44 -71.39664804469274
 122 -69.38547486033519
 66 -67.37430167597765
 95 -65.3631284916201
 53 -63.35195530726256
 274 -61.34078212290503
 128 -59.32960893854748
 242 -57.31843575418993
 105 -55.3072625698324
 73 -53.29608938547486
 224 -51.28491620111731
 52 -49.27374301675977
 103 -47.26256983240222
 1 -45.25139664804468
 259 -43.24022346368713
 4 -41.22905027932961
 148 -39.21787709497207
 304 -37.20670391061452
 460 -35.19553072625698
 111 -33.18435754189943
 57 -31.17318435754188
 143 -29.16201117318434
 11 -27.15083798882682
 64 -25.13966480446928
 649 -23.12849162011173
 148 -21.11731843575419
 48 -19.10614525139664
 12 -17.09497206703909
 31 -15.08379888268155
 150 -13.072625698324
 7 -11.06145251396646
 565 -9.050279329608941
 1 -7.039106145251395
 142 -5.02793296089385
 25 -3.016759776536304
 0 -1.005586592178759
 17 1.005586592178787
 140 3.016759776536333
 1 5.02793296089385
 517 7.039106145251395
 11 9.050279329608941
 151 11.06145251396649
 55 13.07262569832403
 6 15.08379888268158
 66 17.09497206703912
 117 19.10614525139667
 506 21.11731843575421
 59 23.12849162011173
 103 25.13966480446928
 94 27.15083798882682
 49 29.16201117318437
 232 31.17318435754191
 330 33.18435754189946
 222 35.195530726257
 159 37.20670391061452
 31 39.21787709497207
 311 41.22905027932961
 1 43.24022346368716
 106 45.2513966480447
 60 47.26256983240225
 250 49.27374301675979
 77 51.28491620111734
 194 53.29608938547489
 83 55.3072625698324
 132 57.31843575418995
 267 59.32960893854749
 81 61.34078212290504
 107 63.35195530726259
 78 65.36312849162013
 92 67.37430167597768
 42 69.38547486033519
 33 71.39664804469274
 41 73.40782122905028
 6 75.41899441340783
 4 77.43016759776538
 1 79.44134078212289
 1 81.45251396648047
 0 83.46368715083798
 4 85.47486033519556
 10 87.48603351955308
 7728 89.49720670391065
 6 91.50837988826817
 2 93.51955307262574
 1 95.53072625698326
 0 97.54189944134077
 2 99.55307262569835
 16 101.5642458100559
 13 103.5754189944134
 46 105.586592178771
 19 107.5977653631285
 113 109.608938547486
 109 111.6201117318436
 117 113.6312849162011
 3 115.6424581005587
 210 117.6536312849162
 162 119.6648044692737
 103 121.6759776536313
 162 123.6871508379888
 156 125.6983240223464
 85 127.7094972067039
 153 129.7206703910614
 173 131.731843575419
 2 133.7430167597765
 105 135.7541899441341
 154 137.7653631284916
 113 139.7765363128492
 128 141.7877094972067
 501 143.7988826815642
 119 145.8100558659218
 210 147.8212290502793
 44 149.8324022346369
 152 151.8435754189944
 59 153.854748603352
 467 155.8659217877095
 46 157.8770949720671
 141 159.8882681564246
 65 161.8994413407821
 42 163.9106145251397
 15 165.9217877094972
 122 167.9329608938548
 237 169.9441340782123
 319 171.9553072625699
 1 173.9664804469274
 144 175.9776536312849
 1 177.9888268156425
 0 180


