# Created by Octave 3.8.2, Sat Jun 20 08:26:45 2020 CEST <damian@fptrucha.inv.usc.es>
# name: hd
# type: matrix
# rows: 180
# columns: 2
 4 -180
 193 -177.9888268156425
 6 -175.9776536312849
 430 -173.9664804469274
 263 -171.9553072625698
 174 -169.9441340782123
 30 -167.9329608938548
 47 -165.9217877094972
 62 -163.9106145251397
 208 -161.8994413407821
 48 -159.8882681564246
 714 -157.877094972067
 77 -155.8659217877095
 139 -153.854748603352
 55 -151.8435754189944
 82 -149.8324022346369
 245 -147.8212290502793
 694 -145.8100558659218
 150 -143.7988826815642
 104 -141.7877094972067
 198 -139.7765363128491
 139 -137.7653631284916
 1 -135.7541899441341
 197 -133.7430167597765
 183 -131.731843575419
 84 -129.7206703910614
 182 -127.7094972067039
 254 -125.6983240223464
 144 -123.6871508379888
 226 -121.6759776536313
 243 -119.6648044692737
 2 -117.6536312849162
 128 -115.6424581005587
 116 -113.6312849162011
 147 -111.6201117318436
 17 -109.608938547486
 46 -107.5977653631285
 31 -105.5865921787709
 15 -103.5754189944134
 4 -101.5642458100559
 0 -99.55307262569832
 0 -97.54189944134077
 2 -95.53072625698323
 6 -93.5195530726257
 9199 -91.50837988826815
 10 -89.49720670391061
 2 -87.48603351955308
 0 -85.47486033519553
 1 -83.46368715083798
 5 -81.45251396648044
 6 -79.44134078212289
 12 -77.43016759776536
 67 -75.41899441340782
 28 -73.40782122905027
 48 -71.39664804469274
 135 -69.38547486033519
 90 -67.37430167597765
 117 -65.3631284916201
 53 -63.35195530726256
 328 -61.34078212290503
 169 -59.32960893854748
 239 -57.31843575418993
 120 -55.3072625698324
 99 -53.29608938547486
 249 -51.28491620111731
 65 -49.27374301675977
 108 -47.26256983240222
 2 -45.25139664804468
 320 -43.24022346368713
 4 -41.22905027932961
 180 -39.21787709497207
 356 -37.20670391061452
 520 -35.19553072625698
 128 -33.18435754189943
 69 -31.17318435754188
 157 -29.16201117318434
 11 -27.15083798882682
 78 -25.13966480446928
 751 -23.12849162011173
 159 -21.11731843575419
 56 -19.10614525139664
 11 -17.09497206703909
 34 -15.08379888268155
 200 -13.072625698324
 13 -11.06145251396646
 645 -9.050279329608941
 2 -7.039106145251395
 144 -5.02793296089385
 25 -3.016759776536304
 1 -1.005586592178759
 29 1.005586592178787
 159 3.016759776536333
 2 5.02793296089385
 640 7.039106145251395
 9 9.050279329608941
 164 11.06145251396649
 59 13.07262569832403
 11 15.08379888268158
 73 17.09497206703912
 128 19.10614525139667
 580 21.11731843575421
 66 23.12849162011173
 118 25.13966480446928
 109 27.15083798882682
 67 29.16201117318437
 249 31.17318435754191
 344 33.18435754189946
 265 35.195530726257
 169 37.20670391061452
 42 39.21787709497207
 361 41.22905027932961
 2 43.24022346368716
 127 45.2513966480447
 62 47.26256983240225
 256 49.27374301675979
 87 51.28491620111734
 226 53.29608938547489
 86 55.3072625698324
 182 57.31843575418995
 291 59.32960893854749
 80 61.34078212290504
 140 63.35195530726259
 90 65.36312849162013
 132 67.37430167597768
 62 69.38547486033519
 41 71.39664804469274
 56 73.40782122905028
 6 75.41899441340783
 7 77.43016759776538
 1 79.44134078212289
 0 81.45251396648047
 4 83.46368715083798
 6 85.47486033519556
 12 87.48603351955308
 8497 89.49720670391065
 3 91.50837988826817
 1 93.51955307262574
 2 95.53072625698326
 0 97.54189944134077
 6 99.55307262569835
 18 101.5642458100559
 29 103.5754189944134
 46 105.586592178771
 26 107.5977653631285
 116 109.608938547486
 146 111.6201117318436
 122 113.6312849162011
 1 115.6424581005587
 227 117.6536312849162
 174 119.6648044692737
 108 121.6759776536313
 216 123.6871508379888
 207 125.6983240223464
 99 127.7094972067039
 191 129.7206703910614
 214 131.731843575419
 4 133.7430167597765
 158 135.7541899441341
 193 137.7653631284916
 121 139.7765363128492
 159 141.7877094972067
 549 143.7988826815642
 143 145.8100558659218
 248 147.8212290502793
 49 149.8324022346369
 180 151.8435754189944
 71 153.854748603352
 542 155.8659217877095
 60 157.8770949720671
 157 159.8882681564246
 73 161.8994413407821
 70 163.9106145251397
 22 165.9217877094972
 176 167.9329608938548
 263 169.9441340782123
 390 171.9553072625699
 4 173.9664804469274
 175 175.9776536312849
 4 177.9888268156425
 0 180


