# Created by Octave 3.8.2, Mon Jun 22 03:43:35 2020 CEST <damian@fptrucha.inv.usc.es>
# name: hd
# type: matrix
# rows: 180
# columns: 2
 6 -180
 143 -177.9888268156425
 3 -175.9776536312849
 319 -173.9664804469274
 216 -171.9553072625698
 131 -169.9441340782123
 37 -167.9329608938548
 46 -165.9217877094972
 62 -163.9106145251397
 149 -161.8994413407821
 43 -159.8882681564246
 528 -157.877094972067
 70 -155.8659217877095
 123 -153.854748603352
 37 -151.8435754189944
 66 -149.8324022346369
 245 -147.8212290502793
 544 -145.8100558659218
 106 -143.7988826815642
 83 -141.7877094972067
 166 -139.7765363128491
 98 -137.7653631284916
 4 -135.7541899441341
 184 -133.7430167597765
 137 -131.731843575419
 74 -129.7206703910614
 182 -127.7094972067039
 188 -125.6983240223464
 92 -123.6871508379888
 162 -121.6759776536313
 185 -119.6648044692737
 3 -117.6536312849162
 124 -115.6424581005587
 99 -113.6312849162011
 120 -111.6201117318436
 25 -109.608938547486
 45 -107.5977653631285
 22 -105.5865921787709
 16 -103.5754189944134
 5 -101.5642458100559
 2 -99.55307262569832
 2 -97.54189944134077
 3 -95.53072625698323
 12 -93.5195530726257
 7246 -91.50837988826815
 12 -89.49720670391061
 5 -87.48603351955308
 2 -85.47486033519553
 2 -83.46368715083798
 4 -81.45251396648044
 8 -79.44134078212289
 8 -77.43016759776536
 57 -75.41899441340782
 39 -73.40782122905027
 32 -71.39664804469274
 108 -69.38547486033519
 65 -67.37430167597765
 101 -65.3631284916201
 71 -63.35195530726256
 225 -61.34078212290503
 137 -59.32960893854748
 191 -57.31843575418993
 97 -55.3072625698324
 69 -53.29608938547486
 233 -51.28491620111731
 47 -49.27374301675977
 116 -47.26256983240222
 4 -45.25139664804468
 283 -43.24022346368713
 5 -41.22905027932961
 153 -39.21787709497207
 276 -37.20670391061452
 412 -35.19553072625698
 111 -33.18435754189943
 62 -31.17318435754188
 176 -29.16201117318434
 14 -27.15083798882682
 60 -25.13966480446928
 509 -23.12849162011173
 119 -21.11731843575419
 60 -19.10614525139664
 8 -17.09497206703909
 44 -15.08379888268155
 129 -13.072625698324
 12 -11.06145251396646
 559 -9.050279329608941
 1 -7.039106145251395
 135 -5.02793296089385
 22 -3.016759776536304
 2 -1.005586592178759
 14 1.005586592178787
 132 3.016759776536333
 5 5.02793296089385
 517 7.039106145251395
 7 9.050279329608941
 138 11.06145251396649
 32 13.07262569832403
 17 15.08379888268158
 44 17.09497206703912
 127 19.10614525139667
 509 21.11731843575421
 59 23.12849162011173
 78 25.13966480446928
 101 27.15083798882682
 57 29.16201117318437
 173 31.17318435754191
 346 33.18435754189946
 239 35.195530726257
 136 37.20670391061452
 42 39.21787709497207
 271 41.22905027932961
 0 43.24022346368716
 106 45.2513966480447
 51 47.26256983240225
 225 49.27374301675979
 97 51.28491620111734
 184 53.29608938547489
 80 55.3072625698324
 151 57.31843575418995
 239 59.32960893854749
 54 61.34078212290504
 110 63.35195530726259
 68 65.36312849162013
 105 67.37430167597768
 44 69.38547486033519
 38 71.39664804469274
 51 73.40782122905028
 7 75.41899441340783
 11 77.43016759776538
 5 79.44134078212289
 0 81.45251396648047
 3 83.46368715083798
 8 85.47486033519556
 20 87.48603351955308
 7170 89.49720670391065
 9 91.50837988826817
 7 93.51955307262574
 1 95.53072625698326
 2 97.54189944134077
 5 99.55307262569835
 15 101.5642458100559
 36 103.5754189944134
 36 105.586592178771
 20 107.5977653631285
 104 109.608938547486
 96 111.6201117318436
 121 113.6312849162011
 5 115.6424581005587
 167 117.6536312849162
 151 119.6648044692737
 84 121.6759776536313
 157 123.6871508379888
 161 125.6983240223464
 85 127.7094972067039
 159 129.7206703910614
 191 131.731843575419
 3 133.7430167597765
 129 135.7541899441341
 175 137.7653631284916
 86 139.7765363128492
 122 141.7877094972067
 467 143.7988826815642
 115 145.8100558659218
 206 147.8212290502793
 42 149.8324022346369
 138 151.8435754189944
 61 153.854748603352
 435 155.8659217877095
 38 157.8770949720671
 112 159.8882681564246
 50 161.8994413407821
 43 163.9106145251397
 21 165.9217877094972
 118 167.9329608938548
 189 169.9441340782123
 283 171.9553072625699
 9 173.9664804469274
 147 175.9776536312849
 5 177.9888268156425
 0 180


