# Created by Octave 3.8.2, Mon Jun 22 05:19:58 2020 CEST <damian@fptrucha.inv.usc.es>
# name: hd
# type: matrix
# rows: 180
# columns: 2
 6 -180
 145 -177.9888268156425
 3 -175.9776536312849
 303 -173.9664804469274
 237 -171.9553072625698
 129 -169.9441340782123
 28 -167.9329608938548
 34 -165.9217877094972
 64 -163.9106145251397
 143 -161.8994413407821
 39 -159.8882681564246
 524 -157.877094972067
 75 -155.8659217877095
 118 -153.854748603352
 53 -151.8435754189944
 72 -149.8324022346369
 182 -147.8212290502793
 527 -145.8100558659218
 138 -143.7988826815642
 79 -141.7877094972067
 158 -139.7765363128491
 97 -137.7653631284916
 6 -135.7541899441341
 172 -133.7430167597765
 163 -131.731843575419
 68 -129.7206703910614
 167 -127.7094972067039
 192 -125.6983240223464
 75 -123.6871508379888
 189 -121.6759776536313
 191 -119.6648044692737
 6 -117.6536312849162
 121 -115.6424581005587
 114 -113.6312849162011
 131 -111.6201117318436
 29 -109.608938547486
 36 -107.5977653631285
 23 -105.5865921787709
 21 -103.5754189944134
 5 -101.5642458100559
 1 -99.55307262569832
 1 -97.54189944134077
 2 -95.53072625698323
 3 -93.5195530726257
 7281 -91.50837988826815
 20 -89.49720670391061
 1 -87.48603351955308
 3 -85.47486033519553
 0 -83.46368715083798
 5 -81.45251396648044
 12 -79.44134078212289
 7 -77.43016759776536
 69 -75.41899441340782
 27 -73.40782122905027
 55 -71.39664804469274
 119 -69.38547486033519
 81 -67.37430167597765
 111 -65.3631284916201
 44 -63.35195530726256
 265 -61.34078212290503
 152 -59.32960893854748
 191 -57.31843575418993
 87 -55.3072625698324
 71 -53.29608938547486
 205 -51.28491620111731
 69 -49.27374301675977
 113 -47.26256983240222
 6 -45.25139664804468
 300 -43.24022346368713
 4 -41.22905027932961
 170 -39.21787709497207
 255 -37.20670391061452
 384 -35.19553072625698
 111 -33.18435754189943
 57 -31.17318435754188
 160 -29.16201117318434
 11 -27.15083798882682
 75 -25.13966480446928
 531 -23.12849162011173
 136 -21.11731843575419
 45 -19.10614525139664
 17 -17.09497206703909
 36 -15.08379888268155
 146 -13.072625698324
 11 -11.06145251396646
 532 -9.050279329608941
 3 -7.039106145251395
 123 -5.02793296089385
 29 -3.016759776536304
 2 -1.005586592178759
 19 1.005586592178787
 103 3.016759776536333
 3 5.02793296089385
 524 7.039106145251395
 14 9.050279329608941
 143 11.06145251396649
 46 13.07262569832403
 7 15.08379888268158
 50 17.09497206703912
 113 19.10614525139667
 494 21.11731843575421
 41 23.12849162011173
 79 25.13966480446928
 110 27.15083798882682
 58 29.16201117318437
 210 31.17318435754191
 324 33.18435754189946
 242 35.195530726257
 124 37.20670391061452
 35 39.21787709497207
 281 41.22905027932961
 2 43.24022346368716
 124 45.2513966480447
 65 47.26256983240225
 231 49.27374301675979
 77 51.28491620111734
 196 53.29608938547489
 64 55.3072625698324
 138 57.31843575418995
 240 59.32960893854749
 57 61.34078212290504
 100 63.35195530726259
 56 65.36312849162013
 105 67.37430167597768
 50 69.38547486033519
 38 71.39664804469274
 57 73.40782122905028
 10 75.41899441340783
 5 77.43016759776538
 2 79.44134078212289
 0 81.45251396648047
 1 83.46368715083798
 5 85.47486033519556
 10 87.48603351955308
 6949 89.49720670391065
 9 91.50837988826817
 4 93.51955307262574
 1 95.53072625698326
 1 97.54189944134077
 2 99.55307262569835
 9 101.5642458100559
 16 103.5754189944134
 44 105.586592178771
 19 107.5977653631285
 92 109.608938547486
 116 111.6201117318436
 123 113.6312849162011
 10 115.6424581005587
 174 117.6536312849162
 135 119.6648044692737
 80 121.6759776536313
 168 123.6871508379888
 168 125.6983240223464
 94 127.7094972067039
 153 129.7206703910614
 174 131.731843575419
 3 133.7430167597765
 104 135.7541899441341
 163 137.7653631284916
 78 139.7765363128492
 130 141.7877094972067
 458 143.7988826815642
 100 145.8100558659218
 178 147.8212290502793
 49 149.8324022346369
 136 151.8435754189944
 84 153.854748603352
 423 155.8659217877095
 52 157.8770949720671
 130 159.8882681564246
 65 161.8994413407821
 48 163.9106145251397
 20 165.9217877094972
 129 167.9329608938548
 218 169.9441340782123
 311 171.9553072625699
 6 173.9664804469274
 163 175.9776536312849
 4 177.9888268156425
 0 180


