# Created by Octave 3.8.2, Sat Jun 20 17:04:58 2020 CEST <damian@fptrucha.inv.usc.es>
# name: hd
# type: matrix
# rows: 180
# columns: 2
 1 -180
 174 -177.9888268156425
 5 -175.9776536312849
 371 -173.9664804469274
 225 -171.9553072625698
 142 -169.9441340782123
 23 -167.9329608938548
 41 -165.9217877094972
 52 -163.9106145251397
 173 -161.8994413407821
 29 -159.8882681564246
 578 -157.877094972067
 66 -155.8659217877095
 127 -153.854748603352
 39 -151.8435754189944
 80 -149.8324022346369
 215 -147.8212290502793
 661 -145.8100558659218
 122 -143.7988826815642
 91 -141.7877094972067
 168 -139.7765363128491
 101 -137.7653631284916
 0 -135.7541899441341
 169 -133.7430167597765
 143 -131.731843575419
 72 -129.7206703910614
 182 -127.7094972067039
 197 -125.6983240223464
 107 -123.6871508379888
 190 -121.6759776536313
 184 -119.6648044692737
 2 -117.6536312849162
 99 -115.6424581005587
 122 -113.6312849162011
 146 -111.6201117318436
 22 -109.608938547486
 27 -107.5977653631285
 29 -105.5865921787709
 7 -103.5754189944134
 4 -101.5642458100559
 0 -99.55307262569832
 0 -97.54189944134077
 1 -95.53072625698323
 4 -93.5195530726257
 8283 -91.50837988826815
 9 -89.49720670391061
 4 -87.48603351955308
 1 -85.47486033519553
 0 -83.46368715083798
 2 -81.45251396648044
 7 -79.44134078212289
 7 -77.43016759776536
 46 -75.41899441340782
 23 -73.40782122905027
 54 -71.39664804469274
 120 -69.38547486033519
 77 -67.37430167597765
 90 -65.3631284916201
 43 -63.35195530726256
 266 -61.34078212290503
 151 -59.32960893854748
 231 -57.31843575418993
 97 -55.3072625698324
 83 -53.29608938547486
 224 -51.28491620111731
 52 -49.27374301675977
 112 -47.26256983240222
 1 -45.25139664804468
 271 -43.24022346368713
 4 -41.22905027932961
 180 -39.21787709497207
 304 -37.20670391061452
 499 -35.19553072625698
 129 -33.18435754189943
 63 -31.17318435754188
 174 -29.16201117318434
 6 -27.15083798882682
 62 -25.13966480446928
 670 -23.12849162011173
 157 -21.11731843575419
 51 -19.10614525139664
 10 -17.09497206703909
 41 -15.08379888268155
 159 -13.072625698324
 6 -11.06145251396646
 571 -9.050279329608941
 1 -7.039106145251395
 115 -5.02793296089385
 18 -3.016759776536304
 0 -1.005586592178759
 16 1.005586592178787
 146 3.016759776536333
 2 5.02793296089385
 569 7.039106145251395
 9 9.050279329608941
 145 11.06145251396649
 40 13.07262569832403
 12 15.08379888268158
 68 17.09497206703912
 117 19.10614525139667
 508 21.11731843575421
 48 23.12849162011173
 92 25.13966480446928
 106 27.15083798882682
 57 29.16201117318437
 214 31.17318435754191
 326 33.18435754189946
 230 35.195530726257
 156 37.20670391061452
 33 39.21787709497207
 265 41.22905027932961
 0 43.24022346368716
 120 45.2513966480447
 51 47.26256983240225
 233 49.27374301675979
 75 51.28491620111734
 160 53.29608938547489
 86 55.3072625698324
 124 57.31843575418995
 241 59.32960893854749
 61 61.34078212290504
 124 63.35195530726259
 63 65.36312849162013
 96 67.37430167597768
 42 69.38547486033519
 21 71.39664804469274
 44 73.40782122905028
 4 75.41899441340783
 4 77.43016759776538
 1 79.44134078212289
 0 81.45251396648047
 0 83.46368715083798
 4 85.47486033519556
 13 87.48603351955308
 7673 89.49720670391065
 5 91.50837988826817
 2 93.51955307262574
 2 95.53072625698326
 0 97.54189944134077
 3 99.55307262569835
 10 101.5642458100559
 19 103.5754189944134
 51 105.586592178771
 19 107.5977653631285
 126 109.608938547486
 123 111.6201117318436
 117 113.6312849162011
 2 115.6424581005587
 235 117.6536312849162
 158 119.6648044692737
 80 121.6759776536313
 183 123.6871508379888
 185 125.6983240223464
 74 127.7094972067039
 181 129.7206703910614
 176 131.731843575419
 0 133.7430167597765
 115 135.7541899441341
 163 137.7653631284916
 87 139.7765363128492
 136 141.7877094972067
 489 143.7988826815642
 122 145.8100558659218
 222 147.8212290502793
 49 149.8324022346369
 165 151.8435754189944
 61 153.854748603352
 459 155.8659217877095
 38 157.8770949720671
 119 159.8882681564246
 62 161.8994413407821
 41 163.9106145251397
 11 165.9217877094972
 123 167.9329608938548
 226 169.9441340782123
 320 171.9553072625699
 3 173.9664804469274
 146 175.9776536312849
 2 177.9888268156425
 0 180


