# Created by Octave 3.8.2, Sun Jun 21 03:48:33 2020 CEST <damian@fptrucha.inv.usc.es>
# name: hd
# type: matrix
# rows: 180
# columns: 2
 2 -180
 160 -177.9888268156425
 6 -175.9776536312849
 367 -173.9664804469274
 225 -171.9553072625698
 151 -169.9441340782123
 23 -167.9329608938548
 34 -165.9217877094972
 57 -163.9106145251397
 164 -161.8994413407821
 43 -159.8882681564246
 629 -157.877094972067
 59 -155.8659217877095
 116 -153.854748603352
 40 -151.8435754189944
 62 -149.8324022346369
 193 -147.8212290502793
 610 -145.8100558659218
 124 -143.7988826815642
 80 -141.7877094972067
 179 -139.7765363128491
 99 -137.7653631284916
 2 -135.7541899441341
 147 -133.7430167597765
 167 -131.731843575419
 87 -129.7206703910614
 186 -127.7094972067039
 212 -125.6983240223464
 108 -123.6871508379888
 193 -121.6759776536313
 188 -119.6648044692737
 4 -117.6536312849162
 112 -115.6424581005587
 100 -113.6312849162011
 124 -111.6201117318436
 14 -109.608938547486
 46 -107.5977653631285
 26 -105.5865921787709
 14 -103.5754189944134
 3 -101.5642458100559
 2 -99.55307262569832
 0 -97.54189944134077
 2 -95.53072625698323
 6 -93.5195530726257
 7890 -91.50837988826815
 7 -89.49720670391061
 3 -87.48603351955308
 1 -85.47486033519553
 0 -83.46368715083798
 0 -81.45251396648044
 7 -79.44134078212289
 4 -77.43016759776536
 41 -75.41899441340782
 27 -73.40782122905027
 48 -71.39664804469274
 125 -69.38547486033519
 58 -67.37430167597765
 104 -65.3631284916201
 55 -63.35195530726256
 255 -61.34078212290503
 132 -59.32960893854748
 253 -57.31843575418993
 108 -55.3072625698324
 82 -53.29608938547486
 218 -51.28491620111731
 60 -49.27374301675977
 104 -47.26256983240222
 2 -45.25139664804468
 242 -43.24022346368713
 2 -41.22905027932961
 166 -39.21787709497207
 329 -37.20670391061452
 429 -35.19553072625698
 112 -33.18435754189943
 69 -31.17318435754188
 131 -29.16201117318434
 13 -27.15083798882682
 50 -25.13966480446928
 609 -23.12849162011173
 154 -21.11731843575419
 38 -19.10614525139664
 10 -17.09497206703909
 23 -15.08379888268155
 169 -13.072625698324
 7 -11.06145251396646
 556 -9.050279329608941
 7 -7.039106145251395
 115 -5.02793296089385
 20 -3.016759776536304
 3 -1.005586592178759
 13 1.005586592178787
 118 3.016759776536333
 0 5.02793296089385
 503 7.039106145251395
 8 9.050279329608941
 128 11.06145251396649
 41 13.07262569832403
 11 15.08379888268158
 64 17.09497206703912
 114 19.10614525139667
 505 21.11731843575421
 64 23.12849162011173
 100 25.13966480446928
 122 27.15083798882682
 53 29.16201117318437
 233 31.17318435754191
 300 33.18435754189946
 214 35.195530726257
 167 37.20670391061452
 33 39.21787709497207
 288 41.22905027932961
 0 43.24022346368716
 114 45.2513966480447
 44 47.26256983240225
 225 49.27374301675979
 76 51.28491620111734
 209 53.29608938547489
 95 55.3072625698324
 138 57.31843575418995
 238 59.32960893854749
 64 61.34078212290504
 136 63.35195530726259
 75 65.36312849162013
 102 67.37430167597768
 50 69.38547486033519
 28 71.39664804469274
 43 73.40782122905028
 10 75.41899441340783
 9 77.43016759776538
 1 79.44134078212289
 0 81.45251396648047
 2 83.46368715083798
 1 85.47486033519556
 2 87.48603351955308
 7552 89.49720670391065
 2 91.50837988826817
 2 93.51955307262574
 0 95.53072625698326
 1 97.54189944134077
 2 99.55307262569835
 16 101.5642458100559
 20 103.5754189944134
 41 105.586592178771
 22 107.5977653631285
 100 109.608938547486
 118 111.6201117318436
 104 113.6312849162011
 1 115.6424581005587
 192 117.6536312849162
 139 119.6648044692737
 100 121.6759776536313
 160 123.6871508379888
 191 125.6983240223464
 69 127.7094972067039
 152 129.7206703910614
 168 131.731843575419
 1 133.7430167597765
 107 135.7541899441341
 166 137.7653631284916
 115 139.7765363128492
 126 141.7877094972067
 428 143.7988826815642
 121 145.8100558659218
 202 147.8212290502793
 40 149.8324022346369
 136 151.8435754189944
 63 153.854748603352
 476 155.8659217877095
 45 157.8770949720671
 123 159.8882681564246
 63 161.8994413407821
 61 163.9106145251397
 16 165.9217877094972
 119 167.9329608938548
 209 169.9441340782123
 342 171.9553072625699
 3 173.9664804469274
 132 175.9776536312849
 1 177.9888268156425
 0 180


