# Created by Octave 3.8.2, Mon Jun 22 12:14:50 2020 CEST <damian@fptrucha.inv.usc.es>
# name: hd
# type: matrix
# rows: 180
# columns: 2
 2 -180
 159 -177.9888268156425
 1 -175.9776536312849
 371 -173.9664804469274
 239 -171.9553072625698
 122 -169.9441340782123
 35 -167.9329608938548
 44 -165.9217877094972
 66 -163.9106145251397
 124 -161.8994413407821
 58 -159.8882681564246
 544 -157.877094972067
 79 -155.8659217877095
 138 -153.854748603352
 36 -151.8435754189944
 64 -149.8324022346369
 240 -147.8212290502793
 603 -145.8100558659218
 121 -143.7988826815642
 99 -141.7877094972067
 191 -139.7765363128491
 129 -137.7653631284916
 3 -135.7541899441341
 173 -133.7430167597765
 144 -131.731843575419
 81 -129.7206703910614
 165 -127.7094972067039
 217 -125.6983240223464
 71 -123.6871508379888
 198 -121.6759776536313
 180 -119.6648044692737
 5 -117.6536312849162
 99 -115.6424581005587
 136 -113.6312849162011
 129 -111.6201117318436
 21 -109.608938547486
 36 -107.5977653631285
 21 -105.5865921787709
 11 -103.5754189944134
 1 -101.5642458100559
 0 -99.55307262569832
 0 -97.54189944134077
 4 -95.53072625698323
 10 -93.5195530726257
 7850 -91.50837988826815
 20 -89.49720670391061
 9 -87.48603351955308
 2 -85.47486033519553
 0 -83.46368715083798
 3 -81.45251396648044
 11 -79.44134078212289
 8 -77.43016759776536
 43 -75.41899441340782
 35 -73.40782122905027
 51 -71.39664804469274
 134 -69.38547486033519
 68 -67.37430167597765
 111 -65.3631284916201
 45 -63.35195530726256
 245 -61.34078212290503
 143 -59.32960893854748
 200 -57.31843575418993
 93 -55.3072625698324
 80 -53.29608938547486
 237 -51.28491620111731
 60 -49.27374301675977
 126 -47.26256983240222
 1 -45.25139664804468
 277 -43.24022346368713
 3 -41.22905027932961
 149 -39.21787709497207
 285 -37.20670391061452
 414 -35.19553072625698
 147 -33.18435754189943
 65 -31.17318435754188
 142 -29.16201117318434
 8 -27.15083798882682
 59 -25.13966480446928
 595 -23.12849162011173
 139 -21.11731843575419
 71 -19.10614525139664
 12 -17.09497206703909
 47 -15.08379888268155
 173 -13.072625698324
 14 -11.06145251396646
 546 -9.050279329608941
 0 -7.039106145251395
 124 -5.02793296089385
 23 -3.016759776536304
 5 -1.005586592178759
 26 1.005586592178787
 144 3.016759776536333
 4 5.02793296089385
 487 7.039106145251395
 9 9.050279329608941
 133 11.06145251396649
 46 13.07262569832403
 15 15.08379888268158
 61 17.09497206703912
 119 19.10614525139667
 515 21.11731843575421
 56 23.12849162011173
 66 25.13966480446928
 101 27.15083798882682
 50 29.16201117318437
 199 31.17318435754191
 331 33.18435754189946
 243 35.195530726257
 141 37.20670391061452
 41 39.21787709497207
 329 41.22905027932961
 2 43.24022346368716
 120 45.2513966480447
 64 47.26256983240225
 201 49.27374301675979
 84 51.28491620111734
 193 53.29608938547489
 73 55.3072625698324
 167 57.31843575418995
 276 59.32960893854749
 70 61.34078212290504
 119 63.35195530726259
 90 65.36312849162013
 129 67.37430167597768
 51 69.38547486033519
 34 71.39664804469274
 47 73.40782122905028
 9 75.41899441340783
 6 77.43016759776538
 4 79.44134078212289
 0 81.45251396648047
 3 83.46368715083798
 5 85.47486033519556
 8 87.48603351955308
 7523 89.49720670391065
 8 91.50837988826817
 3 93.51955307262574
 0 95.53072625698326
 0 97.54189944134077
 6 99.55307262569835
 23 101.5642458100559
 26 103.5754189944134
 30 105.586592178771
 20 107.5977653631285
 117 109.608938547486
 118 111.6201117318436
 128 113.6312849162011
 3 115.6424581005587
 217 117.6536312849162
 161 119.6648044692737
 91 121.6759776536313
 170 123.6871508379888
 190 125.6983240223464
 75 127.7094972067039
 174 129.7206703910614
 206 131.731843575419
 3 133.7430167597765
 131 135.7541899441341
 193 137.7653631284916
 90 139.7765363128492
 136 141.7877094972067
 491 143.7988826815642
 107 145.8100558659218
 213 147.8212290502793
 44 149.8324022346369
 151 151.8435754189944
 64 153.854748603352
 531 155.8659217877095
 51 157.8770949720671
 131 159.8882681564246
 73 161.8994413407821
 46 163.9106145251397
 15 165.9217877094972
 140 167.9329608938548
 208 169.9441340782123
 349 171.9553072625699
 5 173.9664804469274
 148 175.9776536312849
 6 177.9888268156425
 0 180


