# Created by Octave 3.8.2, Mon Jun 22 13:10:02 2020 CEST <damian@fptrucha.inv.usc.es>
# name: hd
# type: matrix
# rows: 180
# columns: 2
 3 -180
 188 -177.9888268156425
 4 -175.9776536312849
 399 -173.9664804469274
 257 -171.9553072625698
 168 -169.9441340782123
 32 -167.9329608938548
 45 -165.9217877094972
 62 -163.9106145251397
 160 -161.8994413407821
 43 -159.8882681564246
 587 -157.877094972067
 72 -155.8659217877095
 140 -153.854748603352
 48 -151.8435754189944
 73 -149.8324022346369
 223 -147.8212290502793
 619 -145.8100558659218
 123 -143.7988826815642
 90 -141.7877094972067
 163 -139.7765363128491
 117 -137.7653631284916
 3 -135.7541899441341
 165 -133.7430167597765
 139 -131.731843575419
 69 -129.7206703910614
 202 -127.7094972067039
 225 -125.6983240223464
 98 -123.6871508379888
 174 -121.6759776536313
 182 -119.6648044692737
 4 -117.6536312849162
 134 -115.6424581005587
 112 -113.6312849162011
 132 -111.6201117318436
 17 -109.608938547486
 55 -107.5977653631285
 31 -105.5865921787709
 14 -103.5754189944134
 3 -101.5642458100559
 2 -99.55307262569832
 2 -97.54189944134077
 8 -95.53072625698323
 6 -93.5195530726257
 7907 -91.50837988826815
 10 -89.49720670391061
 6 -87.48603351955308
 1 -85.47486033519553
 1 -83.46368715083798
 3 -81.45251396648044
 6 -79.44134078212289
 7 -77.43016759776536
 49 -75.41899441340782
 31 -73.40782122905027
 43 -71.39664804469274
 132 -69.38547486033519
 82 -67.37430167597765
 119 -65.3631284916201
 75 -63.35195530726256
 273 -61.34078212290503
 141 -59.32960893854748
 215 -57.31843575418993
 100 -55.3072625698324
 83 -53.29608938547486
 244 -51.28491620111731
 64 -49.27374301675977
 133 -47.26256983240222
 2 -45.25139664804468
 296 -43.24022346368713
 3 -41.22905027932961
 183 -39.21787709497207
 292 -37.20670391061452
 447 -35.19553072625698
 119 -33.18435754189943
 69 -31.17318435754188
 162 -29.16201117318434
 9 -27.15083798882682
 63 -25.13966480446928
 580 -23.12849162011173
 139 -21.11731843575419
 65 -19.10614525139664
 14 -17.09497206703909
 44 -15.08379888268155
 163 -13.072625698324
 11 -11.06145251396646
 627 -9.050279329608941
 0 -7.039106145251395
 117 -5.02793296089385
 28 -3.016759776536304
 3 -1.005586592178759
 25 1.005586592178787
 116 3.016759776536333
 3 5.02793296089385
 566 7.039106145251395
 14 9.050279329608941
 174 11.06145251396649
 50 13.07262569832403
 13 15.08379888268158
 51 17.09497206703912
 134 19.10614525139667
 522 21.11731843575421
 41 23.12849162011173
 86 25.13966480446928
 87 27.15083798882682
 58 29.16201117318437
 208 31.17318435754191
 339 33.18435754189946
 252 35.195530726257
 173 37.20670391061452
 36 39.21787709497207
 295 41.22905027932961
 4 43.24022346368716
 154 45.2513966480447
 72 47.26256983240225
 210 49.27374301675979
 82 51.28491620111734
 223 53.29608938547489
 88 55.3072625698324
 160 57.31843575418995
 290 59.32960893854749
 64 61.34078212290504
 122 63.35195530726259
 71 65.36312849162013
 140 67.37430167597768
 47 69.38547486033519
 36 71.39664804469274
 44 73.40782122905028
 11 75.41899441340783
 4 77.43016759776538
 3 79.44134078212289
 3 81.45251396648047
 0 83.46368715083798
 5 85.47486033519556
 14 87.48603351955308
 7764 89.49720670391065
 8 91.50837988826817
 5 93.51955307262574
 0 95.53072625698326
 2 97.54189944134077
 4 99.55307262569835
 18 101.5642458100559
 16 103.5754189944134
 49 105.586592178771
 23 107.5977653631285
 106 109.608938547486
 117 111.6201117318436
 123 113.6312849162011
 5 115.6424581005587
 240 117.6536312849162
 170 119.6648044692737
 92 121.6759776536313
 187 123.6871508379888
 178 125.6983240223464
 75 127.7094972067039
 175 129.7206703910614
 185 131.731843575419
 4 133.7430167597765
 142 135.7541899441341
 171 137.7653631284916
 85 139.7765363128492
 135 141.7877094972067
 545 143.7988826815642
 123 145.8100558659218
 198 147.8212290502793
 52 149.8324022346369
 140 151.8435754189944
 60 153.854748603352
 509 155.8659217877095
 63 157.8770949720671
 123 159.8882681564246
 60 161.8994413407821
 48 163.9106145251397
 13 165.9217877094972
 148 167.9329608938548
 198 169.9441340782123
 369 171.9553072625699
 7 173.9664804469274
 151 175.9776536312849
 3 177.9888268156425
 0 180


