# Created by Octave 3.8.2, Mon Jun 22 15:36:52 2020 CEST <damian@fptrucha.inv.usc.es>
# name: hd
# type: matrix
# rows: 180
# columns: 2
 4 -180
 149 -177.9888268156425
 6 -175.9776536312849
 380 -173.9664804469274
 239 -171.9553072625698
 114 -169.9441340782123
 38 -167.9329608938548
 36 -165.9217877094972
 59 -163.9106145251397
 169 -161.8994413407821
 36 -159.8882681564246
 578 -157.877094972067
 72 -155.8659217877095
 113 -153.854748603352
 39 -151.8435754189944
 55 -149.8324022346369
 238 -147.8212290502793
 604 -145.8100558659218
 143 -143.7988826815642
 85 -141.7877094972067
 179 -139.7765363128491
 103 -137.7653631284916
 3 -135.7541899441341
 175 -133.7430167597765
 145 -131.731843575419
 77 -129.7206703910614
 159 -127.7094972067039
 203 -125.6983240223464
 113 -123.6871508379888
 210 -121.6759776536313
 189 -119.6648044692737
 5 -117.6536312849162
 115 -115.6424581005587
 97 -113.6312849162011
 122 -111.6201117318436
 26 -109.608938547486
 24 -107.5977653631285
 26 -105.5865921787709
 12 -103.5754189944134
 3 -101.5642458100559
 1 -99.55307262569832
 0 -97.54189944134077
 3 -95.53072625698323
 7 -93.5195530726257
 8252 -91.50837988826815
 15 -89.49720670391061
 8 -87.48603351955308
 0 -85.47486033519553
 2 -83.46368715083798
 1 -81.45251396648044
 13 -79.44134078212289
 7 -77.43016759776536
 49 -75.41899441340782
 36 -73.40782122905027
 56 -71.39664804469274
 120 -69.38547486033519
 71 -67.37430167597765
 118 -65.3631284916201
 59 -63.35195530726256
 260 -61.34078212290503
 142 -59.32960893854748
 196 -57.31843575418993
 108 -55.3072625698324
 89 -53.29608938547486
 212 -51.28491620111731
 66 -49.27374301675977
 130 -47.26256983240222
 1 -45.25139664804468
 301 -43.24022346368713
 6 -41.22905027932961
 141 -39.21787709497207
 293 -37.20670391061452
 433 -35.19553072625698
 121 -33.18435754189943
 63 -31.17318435754188
 159 -29.16201117318434
 4 -27.15083798882682
 55 -25.13966480446928
 598 -23.12849162011173
 159 -21.11731843575419
 65 -19.10614525139664
 10 -17.09497206703909
 44 -15.08379888268155
 174 -13.072625698324
 6 -11.06145251396646
 608 -9.050279329608941
 3 -7.039106145251395
 125 -5.02793296089385
 26 -3.016759776536304
 0 -1.005586592178759
 27 1.005586592178787
 107 3.016759776536333
 2 5.02793296089385
 581 7.039106145251395
 6 9.050279329608941
 139 11.06145251396649
 41 13.07262569832403
 13 15.08379888268158
 59 17.09497206703912
 135 19.10614525139667
 563 21.11731843575421
 68 23.12849162011173
 76 25.13966480446928
 108 27.15083798882682
 66 29.16201117318437
 224 31.17318435754191
 330 33.18435754189946
 257 35.195530726257
 136 37.20670391061452
 37 39.21787709497207
 327 41.22905027932961
 1 43.24022346368716
 128 45.2513966480447
 70 47.26256983240225
 222 49.27374301675979
 87 51.28491620111734
 202 53.29608938547489
 100 55.3072625698324
 135 57.31843575418995
 288 59.32960893854749
 67 61.34078212290504
 139 63.35195530726259
 90 65.36312849162013
 139 67.37430167597768
 58 69.38547486033519
 30 71.39664804469274
 63 73.40782122905028
 14 75.41899441340783
 9 77.43016759776538
 4 79.44134078212289
 0 81.45251396648047
 0 83.46368715083798
 5 85.47486033519556
 20 87.48603351955308
 7882 89.49720670391065
 10 91.50837988826817
 5 93.51955307262574
 0 95.53072625698326
 1 97.54189944134077
 7 99.55307262569835
 17 101.5642458100559
 38 103.5754189944134
 31 105.586592178771
 28 107.5977653631285
 140 109.608938547486
 137 111.6201117318436
 125 113.6312849162011
 5 115.6424581005587
 224 117.6536312849162
 174 119.6648044692737
 118 121.6759776536313
 184 123.6871508379888
 170 125.6983240223464
 94 127.7094972067039
 185 129.7206703910614
 191 131.731843575419
 5 133.7430167597765
 123 135.7541899441341
 184 137.7653631284916
 95 139.7765363128492
 133 141.7877094972067
 522 143.7988826815642
 109 145.8100558659218
 203 147.8212290502793
 37 149.8324022346369
 154 151.8435754189944
 62 153.854748603352
 521 155.8659217877095
 61 157.8770949720671
 139 159.8882681564246
 69 161.8994413407821
 51 163.9106145251397
 19 165.9217877094972
 135 167.9329608938548
 231 169.9441340782123
 340 171.9553072625699
 1 173.9664804469274
 166 175.9776536312849
 3 177.9888268156425
 0 180


