# Created by Octave 3.8.2, Sat Jun 20 14:20:29 2020 CEST <damian@fptrucha.inv.usc.es>
# name: hd
# type: matrix
# rows: 180
# columns: 2
 3 -180
 161 -177.9888268156425
 5 -175.9776536312849
 357 -173.9664804469274
 239 -171.9553072625698
 141 -169.9441340782123
 25 -167.9329608938548
 34 -165.9217877094972
 51 -163.9106145251397
 149 -161.8994413407821
 31 -159.8882681564246
 607 -157.877094972067
 55 -155.8659217877095
 100 -153.854748603352
 41 -151.8435754189944
 67 -149.8324022346369
 184 -147.8212290502793
 585 -145.8100558659218
 120 -143.7988826815642
 78 -141.7877094972067
 141 -139.7765363128491
 84 -137.7653631284916
 2 -135.7541899441341
 116 -133.7430167597765
 147 -131.731843575419
 75 -129.7206703910614
 161 -127.7094972067039
 230 -125.6983240223464
 87 -123.6871508379888
 171 -121.6759776536313
 166 -119.6648044692737
 4 -117.6536312849162
 91 -115.6424581005587
 99 -113.6312849162011
 124 -111.6201117318436
 11 -109.608938547486
 24 -107.5977653631285
 16 -105.5865921787709
 5 -103.5754189944134
 2 -101.5642458100559
 0 -99.55307262569832
 1 -97.54189944134077
 1 -95.53072625698323
 2 -93.5195530726257
 8104 -91.50837988826815
 10 -89.49720670391061
 1 -87.48603351955308
 1 -85.47486033519553
 0 -83.46368715083798
 1 -81.45251396648044
 5 -79.44134078212289
 2 -77.43016759776536
 34 -75.41899441340782
 27 -73.40782122905027
 52 -71.39664804469274
 97 -69.38547486033519
 70 -67.37430167597765
 94 -65.3631284916201
 43 -63.35195530726256
 257 -61.34078212290503
 150 -59.32960893854748
 224 -57.31843575418993
 87 -55.3072625698324
 72 -53.29608938547486
 181 -51.28491620111731
 53 -49.27374301675977
 97 -47.26256983240222
 0 -45.25139664804468
 255 -43.24022346368713
 1 -41.22905027932961
 150 -39.21787709497207
 295 -37.20670391061452
 427 -35.19553072625698
 104 -33.18435754189943
 52 -31.17318435754188
 133 -29.16201117318434
 6 -27.15083798882682
 54 -25.13966480446928
 629 -23.12849162011173
 138 -21.11731843575419
 41 -19.10614525139664
 10 -17.09497206703909
 33 -15.08379888268155
 163 -13.072625698324
 5 -11.06145251396646
 534 -9.050279329608941
 1 -7.039106145251395
 111 -5.02793296089385
 18 -3.016759776536304
 3 -1.005586592178759
 28 1.005586592178787
 131 3.016759776536333
 1 5.02793296089385
 491 7.039106145251395
 4 9.050279329608941
 122 11.06145251396649
 35 13.07262569832403
 7 15.08379888268158
 56 17.09497206703912
 113 19.10614525139667
 492 21.11731843575421
 63 23.12849162011173
 86 25.13966480446928
 116 27.15083798882682
 54 29.16201117318437
 208 31.17318435754191
 309 33.18435754189946
 239 35.195530726257
 136 37.20670391061452
 28 39.21787709497207
 284 41.22905027932961
 4 43.24022346368716
 107 45.2513966480447
 50 47.26256983240225
 199 49.27374301675979
 75 51.28491620111734
 172 53.29608938547489
 81 55.3072625698324
 137 57.31843575418995
 238 59.32960893854749
 73 61.34078212290504
 120 63.35195530726259
 73 65.36312849162013
 115 67.37430167597768
 48 69.38547486033519
 20 71.39664804469274
 48 73.40782122905028
 6 75.41899441340783
 3 77.43016759776538
 3 79.44134078212289
 0 81.45251396648047
 1 83.46368715083798
 3 85.47486033519556
 4 87.48603351955308
 7657 89.49720670391065
 4 91.50837988826817
 0 93.51955307262574
 0 95.53072625698326
 1 97.54189944134077
 1 99.55307262569835
 14 101.5642458100559
 18 103.5754189944134
 46 105.586592178771
 20 107.5977653631285
 98 109.608938547486
 115 111.6201117318436
 119 113.6312849162011
 2 115.6424581005587
 199 117.6536312849162
 165 119.6648044692737
 73 121.6759776536313
 170 123.6871508379888
 158 125.6983240223464
 70 127.7094972067039
 152 129.7206703910614
 173 131.731843575419
 5 133.7430167597765
 127 135.7541899441341
 146 137.7653631284916
 97 139.7765363128492
 157 141.7877094972067
 471 143.7988826815642
 127 145.8100558659218
 204 147.8212290502793
 33 149.8324022346369
 161 151.8435754189944
 56 153.854748603352
 479 155.8659217877095
 53 157.8770949720671
 112 159.8882681564246
 66 161.8994413407821
 42 163.9106145251397
 10 165.9217877094972
 114 167.9329608938548
 204 169.9441340782123
 305 171.9553072625699
 1 173.9664804469274
 158 175.9776536312849
 3 177.9888268156425
 0 180


