# Created by Octave 3.8.2, Mon Jun 22 12:22:11 2020 CEST <damian@fptrucha.inv.usc.es>
# name: hd
# type: matrix
# rows: 180
# columns: 2
 2 -180
 168 -177.9888268156425
 2 -175.9776536312849
 367 -173.9664804469274
 245 -171.9553072625698
 147 -169.9441340782123
 42 -167.9329608938548
 39 -165.9217877094972
 66 -163.9106145251397
 159 -161.8994413407821
 53 -159.8882681564246
 560 -157.877094972067
 68 -155.8659217877095
 120 -153.854748603352
 35 -151.8435754189944
 86 -149.8324022346369
 221 -147.8212290502793
 599 -145.8100558659218
 137 -143.7988826815642
 98 -141.7877094972067
 199 -139.7765363128491
 122 -137.7653631284916
 3 -135.7541899441341
 154 -133.7430167597765
 140 -131.731843575419
 73 -129.7206703910614
 175 -127.7094972067039
 207 -125.6983240223464
 64 -123.6871508379888
 154 -121.6759776536313
 178 -119.6648044692737
 2 -117.6536312849162
 119 -115.6424581005587
 104 -113.6312849162011
 123 -111.6201117318436
 24 -109.608938547486
 40 -107.5977653631285
 25 -105.5865921787709
 10 -103.5754189944134
 0 -101.5642458100559
 2 -99.55307262569832
 1 -97.54189944134077
 1 -95.53072625698323
 8 -93.5195530726257
 7798 -91.50837988826815
 14 -89.49720670391061
 3 -87.48603351955308
 0 -85.47486033519553
 1 -83.46368715083798
 2 -81.45251396648044
 3 -79.44134078212289
 8 -77.43016759776536
 47 -75.41899441340782
 36 -73.40782122905027
 55 -71.39664804469274
 125 -69.38547486033519
 64 -67.37430167597765
 120 -65.3631284916201
 58 -63.35195530726256
 241 -61.34078212290503
 134 -59.32960893854748
 186 -57.31843575418993
 84 -55.3072625698324
 74 -53.29608938547486
 231 -51.28491620111731
 61 -49.27374301675977
 121 -47.26256983240222
 4 -45.25139664804468
 273 -43.24022346368713
 3 -41.22905027932961
 151 -39.21787709497207
 276 -37.20670391061452
 433 -35.19553072625698
 101 -33.18435754189943
 48 -31.17318435754188
 159 -29.16201117318434
 7 -27.15083798882682
 64 -25.13966480446928
 577 -23.12849162011173
 127 -21.11731843575419
 46 -19.10614525139664
 10 -17.09497206703909
 48 -15.08379888268155
 174 -13.072625698324
 7 -11.06145251396646
 557 -9.050279329608941
 3 -7.039106145251395
 128 -5.02793296089385
 20 -3.016759776536304
 4 -1.005586592178759
 27 1.005586592178787
 123 3.016759776536333
 3 5.02793296089385
 515 7.039106145251395
 3 9.050279329608941
 162 11.06145251396649
 36 13.07262569832403
 16 15.08379888268158
 62 17.09497206703912
 134 19.10614525139667
 530 21.11731843575421
 53 23.12849162011173
 66 25.13966480446928
 100 27.15083798882682
 76 29.16201117318437
 205 31.17318435754191
 310 33.18435754189946
 260 35.195530726257
 158 37.20670391061452
 34 39.21787709497207
 299 41.22905027932961
 2 43.24022346368716
 130 45.2513966480447
 64 47.26256983240225
 242 49.27374301675979
 78 51.28491620111734
 215 53.29608938547489
 92 55.3072625698324
 150 57.31843575418995
 250 59.32960893854749
 71 61.34078212290504
 135 63.35195530726259
 80 65.36312849162013
 119 67.37430167597768
 59 69.38547486033519
 43 71.39664804469274
 45 73.40782122905028
 12 75.41899441340783
 9 77.43016759776538
 3 79.44134078212289
 2 81.45251396648047
 1 83.46368715083798
 6 85.47486033519556
 18 87.48603351955308
 7589 89.49720670391065
 13 91.50837988826817
 4 93.51955307262574
 2 95.53072625698326
 0 97.54189944134077
 9 99.55307262569835
 15 101.5642458100559
 26 103.5754189944134
 50 105.586592178771
 24 107.5977653631285
 114 109.608938547486
 126 111.6201117318436
 122 113.6312849162011
 5 115.6424581005587
 200 117.6536312849162
 192 119.6648044692737
 106 121.6759776536313
 188 123.6871508379888
 192 125.6983240223464
 78 127.7094972067039
 155 129.7206703910614
 206 131.731843575419
 1 133.7430167597765
 120 135.7541899441341
 177 137.7653631284916
 95 139.7765363128492
 130 141.7877094972067
 505 143.7988826815642
 121 145.8100558659218
 185 147.8212290502793
 42 149.8324022346369
 137 151.8435754189944
 63 153.854748603352
 515 155.8659217877095
 44 157.8770949720671
 139 159.8882681564246
 55 161.8994413407821
 38 163.9106145251397
 22 165.9217877094972
 142 167.9329608938548
 239 169.9441340782123
 320 171.9553072625699
 4 173.9664804469274
 169 175.9776536312849
 8 177.9888268156425
 0 180


