# Created by Octave 3.8.2, Sat Jun 20 11:05:38 2020 CEST <damian@fptrucha.inv.usc.es>
# name: hd
# type: matrix
# rows: 180
# columns: 2
 8 -180
 160 -177.9888268156425
 1 -175.9776536312849
 418 -173.9664804469274
 251 -171.9553072625698
 156 -169.9441340782123
 25 -167.9329608938548
 42 -165.9217877094972
 59 -163.9106145251397
 173 -161.8994413407821
 47 -159.8882681564246
 668 -157.877094972067
 73 -155.8659217877095
 137 -153.854748603352
 35 -151.8435754189944
 64 -149.8324022346369
 236 -147.8212290502793
 690 -145.8100558659218
 134 -143.7988826815642
 97 -141.7877094972067
 167 -139.7765363128491
 123 -137.7653631284916
 1 -135.7541899441341
 172 -133.7430167597765
 172 -131.731843575419
 84 -129.7206703910614
 207 -127.7094972067039
 241 -125.6983240223464
 127 -123.6871508379888
 214 -121.6759776536313
 186 -119.6648044692737
 3 -117.6536312849162
 118 -115.6424581005587
 121 -113.6312849162011
 128 -111.6201117318436
 20 -109.608938547486
 31 -107.5977653631285
 20 -105.5865921787709
 15 -103.5754189944134
 2 -101.5642458100559
 0 -99.55307262569832
 2 -97.54189944134077
 4 -95.53072625698323
 7 -93.5195530726257
 9013 -91.50837988826815
 12 -89.49720670391061
 5 -87.48603351955308
 0 -85.47486033519553
 1 -83.46368715083798
 3 -81.45251396648044
 5 -79.44134078212289
 8 -77.43016759776536
 57 -75.41899441340782
 24 -73.40782122905027
 58 -71.39664804469274
 153 -69.38547486033519
 92 -67.37430167597765
 125 -65.3631284916201
 45 -63.35195530726256
 303 -61.34078212290503
 170 -59.32960893854748
 255 -57.31843575418993
 108 -55.3072625698324
 82 -53.29608938547486
 273 -51.28491620111731
 53 -49.27374301675977
 121 -47.26256983240222
 0 -45.25139664804468
 319 -43.24022346368713
 3 -41.22905027932961
 163 -39.21787709497207
 322 -37.20670391061452
 506 -35.19553072625698
 127 -33.18435754189943
 71 -31.17318435754188
 174 -29.16201117318434
 12 -27.15083798882682
 60 -25.13966480446928
 709 -23.12849162011173
 176 -21.11731843575419
 48 -19.10614525139664
 10 -17.09497206703909
 40 -15.08379888268155
 176 -13.072625698324
 8 -11.06145251396646
 581 -9.050279329608941
 6 -7.039106145251395
 139 -5.02793296089385
 26 -3.016759776536304
 0 -1.005586592178759
 17 1.005586592178787
 148 3.016759776536333
 2 5.02793296089385
 588 7.039106145251395
 8 9.050279329608941
 124 11.06145251396649
 50 13.07262569832403
 11 15.08379888268158
 68 17.09497206703912
 157 19.10614525139667
 596 21.11731843575421
 55 23.12849162011173
 100 25.13966480446928
 104 27.15083798882682
 71 29.16201117318437
 271 31.17318435754191
 336 33.18435754189946
 255 35.195530726257
 186 37.20670391061452
 31 39.21787709497207
 309 41.22905027932961
 1 43.24022346368716
 127 45.2513966480447
 72 47.26256983240225
 246 49.27374301675979
 105 51.28491620111734
 220 53.29608938547489
 87 55.3072625698324
 163 57.31843575418995
 300 59.32960893854749
 67 61.34078212290504
 120 63.35195530726259
 76 65.36312849162013
 138 67.37430167597768
 45 69.38547486033519
 40 71.39664804469274
 68 73.40782122905028
 6 75.41899441340783
 10 77.43016759776538
 1 79.44134078212289
 1 81.45251396648047
 2 83.46368715083798
 6 85.47486033519556
 8 87.48603351955308
 8698 89.49720670391065
 4 91.50837988826817
 3 93.51955307262574
 1 95.53072625698326
 1 97.54189944134077
 4 99.55307262569835
 22 101.5642458100559
 10 103.5754189944134
 40 105.586592178771
 17 107.5977653631285
 130 109.608938547486
 143 111.6201117318436
 147 113.6312849162011
 0 115.6424581005587
 255 117.6536312849162
 187 119.6648044692737
 107 121.6759776536313
 222 123.6871508379888
 205 125.6983240223464
 87 127.7094972067039
 162 129.7206703910614
 205 131.731843575419
 3 133.7430167597765
 133 135.7541899441341
 177 137.7653631284916
 124 139.7765363128492
 172 141.7877094972067
 494 143.7988826815642
 148 145.8100558659218
 239 147.8212290502793
 44 149.8324022346369
 180 151.8435754189944
 93 153.854748603352
 517 155.8659217877095
 52 157.8770949720671
 168 159.8882681564246
 77 161.8994413407821
 52 163.9106145251397
 5 165.9217877094972
 139 167.9329608938548
 233 169.9441340782123
 374 171.9553072625699
 2 173.9664804469274
 178 175.9776536312849
 0 177.9888268156425
 0 180


