# Created by Octave 3.8.2, Mon Jun 22 23:57:27 2020 CEST <damian@fptrucha.inv.usc.es>
# name: hd
# type: matrix
# rows: 180
# columns: 2
 4 -180
 201 -177.9888268156425
 8 -175.9776536312849
 434 -173.9664804469274
 219 -171.9553072625698
 165 -169.9441340782123
 38 -167.9329608938548
 44 -165.9217877094972
 66 -163.9106145251397
 154 -161.8994413407821
 52 -159.8882681564246
 586 -157.877094972067
 87 -155.8659217877095
 150 -153.854748603352
 42 -151.8435754189944
 68 -149.8324022346369
 249 -147.8212290502793
 672 -145.8100558659218
 154 -143.7988826815642
 120 -141.7877094972067
 195 -139.7765363128491
 113 -137.7653631284916
 5 -135.7541899441341
 199 -133.7430167597765
 194 -131.731843575419
 98 -129.7206703910614
 219 -127.7094972067039
 267 -125.6983240223464
 116 -123.6871508379888
 238 -121.6759776536313
 227 -119.6648044692737
 5 -117.6536312849162
 152 -115.6424581005587
 143 -113.6312849162011
 168 -111.6201117318436
 17 -109.608938547486
 30 -107.5977653631285
 24 -105.5865921787709
 19 -103.5754189944134
 5 -101.5642458100559
 4 -99.55307262569832
 2 -97.54189944134077
 1 -95.53072625698323
 7 -93.5195530726257
 8863 -91.50837988826815
 21 -89.49720670391061
 3 -87.48603351955308
 1 -85.47486033519553
 0 -83.46368715083798
 2 -81.45251396648044
 17 -79.44134078212289
 11 -77.43016759776536
 48 -75.41899441340782
 38 -73.40782122905027
 47 -71.39664804469274
 137 -69.38547486033519
 89 -67.37430167597765
 128 -65.3631284916201
 60 -63.35195530726256
 285 -61.34078212290503
 130 -59.32960893854748
 263 -57.31843575418993
 101 -55.3072625698324
 89 -53.29608938547486
 253 -51.28491620111731
 58 -49.27374301675977
 134 -47.26256983240222
 2 -45.25139664804468
 304 -43.24022346368713
 3 -41.22905027932961
 168 -39.21787709497207
 335 -37.20670391061452
 510 -35.19553072625698
 129 -33.18435754189943
 72 -31.17318435754188
 163 -29.16201117318434
 7 -27.15083798882682
 63 -25.13966480446928
 635 -23.12849162011173
 148 -21.11731843575419
 44 -19.10614525139664
 7 -17.09497206703909
 41 -15.08379888268155
 166 -13.072625698324
 8 -11.06145251396646
 600 -9.050279329608941
 1 -7.039106145251395
 137 -5.02793296089385
 29 -3.016759776536304
 6 -1.005586592178759
 16 1.005586592178787
 138 3.016759776536333
 1 5.02793296089385
 586 7.039106145251395
 9 9.050279329608941
 149 11.06145251396649
 44 13.07262569832403
 9 15.08379888268158
 54 17.09497206703912
 126 19.10614525139667
 566 21.11731843575421
 43 23.12849162011173
 83 25.13966480446928
 110 27.15083798882682
 87 29.16201117318437
 198 31.17318435754191
 351 33.18435754189946
 240 35.195530726257
 170 37.20670391061452
 32 39.21787709497207
 312 41.22905027932961
 6 43.24022346368716
 114 45.2513966480447
 58 47.26256983240225
 213 49.27374301675979
 79 51.28491620111734
 193 53.29608938547489
 91 55.3072625698324
 139 57.31843575418995
 270 59.32960893854749
 62 61.34078212290504
 142 63.35195530726259
 82 65.36312849162013
 104 67.37430167597768
 43 69.38547486033519
 36 71.39664804469274
 50 73.40782122905028
 11 75.41899441340783
 5 77.43016759776538
 2 79.44134078212289
 0 81.45251396648047
 0 83.46368715083798
 2 85.47486033519556
 10 87.48603351955308
 7947 89.49720670391065
 11 91.50837988826817
 1 93.51955307262574
 1 95.53072625698326
 2 97.54189944134077
 2 99.55307262569835
 17 101.5642458100559
 29 103.5754189944134
 41 105.586592178771
 21 107.5977653631285
 127 109.608938547486
 124 111.6201117318436
 121 113.6312849162011
 2 115.6424581005587
 208 117.6536312849162
 153 119.6648044692737
 113 121.6759776536313
 210 123.6871508379888
 204 125.6983240223464
 96 127.7094972067039
 168 129.7206703910614
 173 131.731843575419
 3 133.7430167597765
 128 135.7541899441341
 199 137.7653631284916
 119 139.7765363128492
 163 141.7877094972067
 546 143.7988826815642
 121 145.8100558659218
 213 147.8212290502793
 45 149.8324022346369
 158 151.8435754189944
 69 153.854748603352
 489 155.8659217877095
 49 157.8770949720671
 143 159.8882681564246
 70 161.8994413407821
 39 163.9106145251397
 20 165.9217877094972
 126 167.9329608938548
 227 169.9441340782123
 362 171.9553072625699
 8 173.9664804469274
 157 175.9776536312849
 1 177.9888268156425
 0 180


