# Created by Octave 3.8.2, Sat Jun 20 10:56:54 2020 CEST <damian@fptrucha.inv.usc.es>
# name: hd
# type: matrix
# rows: 180
# columns: 2
 1 -180
 168 -177.9888268156425
 3 -175.9776536312849
 429 -173.9664804469274
 249 -171.9553072625698
 180 -169.9441340782123
 28 -167.9329608938548
 43 -165.9217877094972
 54 -163.9106145251397
 195 -161.8994413407821
 42 -159.8882681564246
 730 -157.877094972067
 63 -155.8659217877095
 146 -153.854748603352
 42 -151.8435754189944
 60 -149.8324022346369
 227 -147.8212290502793
 696 -145.8100558659218
 112 -143.7988826815642
 96 -141.7877094972067
 202 -139.7765363128491
 129 -137.7653631284916
 1 -135.7541899441341
 158 -133.7430167597765
 155 -131.731843575419
 85 -129.7206703910614
 200 -127.7094972067039
 239 -125.6983240223464
 105 -123.6871508379888
 234 -121.6759776536313
 193 -119.6648044692737
 6 -117.6536312849162
 116 -115.6424581005587
 127 -113.6312849162011
 141 -111.6201117318436
 23 -109.608938547486
 36 -107.5977653631285
 28 -105.5865921787709
 9 -103.5754189944134
 0 -101.5642458100559
 0 -99.55307262569832
 2 -97.54189944134077
 5 -95.53072625698323
 7 -93.5195530726257
 8683 -91.50837988826815
 15 -89.49720670391061
 4 -87.48603351955308
 1 -85.47486033519553
 1 -83.46368715083798
 0 -81.45251396648044
 8 -79.44134078212289
 2 -77.43016759776536
 63 -75.41899441340782
 30 -73.40782122905027
 61 -71.39664804469274
 125 -69.38547486033519
 80 -67.37430167597765
 105 -65.3631284916201
 52 -63.35195530726256
 307 -61.34078212290503
 149 -59.32960893854748
 245 -57.31843575418993
 109 -55.3072625698324
 86 -53.29608938547486
 269 -51.28491620111731
 61 -49.27374301675977
 118 -47.26256983240222
 0 -45.25139664804468
 310 -43.24022346368713
 2 -41.22905027932961
 176 -39.21787709497207
 320 -37.20670391061452
 526 -35.19553072625698
 119 -33.18435754189943
 64 -31.17318435754188
 156 -29.16201117318434
 19 -27.15083798882682
 58 -25.13966480446928
 690 -23.12849162011173
 152 -21.11731843575419
 61 -19.10614525139664
 7 -17.09497206703909
 51 -15.08379888268155
 173 -13.072625698324
 5 -11.06145251396646
 600 -9.050279329608941
 1 -7.039106145251395
 143 -5.02793296089385
 26 -3.016759776536304
 4 -1.005586592178759
 25 1.005586592178787
 133 3.016759776536333
 3 5.02793296089385
 598 7.039106145251395
 6 9.050279329608941
 145 11.06145251396649
 46 13.07262569832403
 16 15.08379888268158
 66 17.09497206703912
 128 19.10614525139667
 533 21.11731843575421
 79 23.12849162011173
 122 25.13966480446928
 123 27.15083798882682
 55 29.16201117318437
 269 31.17318435754191
 373 33.18435754189946
 225 35.195530726257
 189 37.20670391061452
 41 39.21787709497207
 303 41.22905027932961
 4 43.24022346368716
 145 45.2513966480447
 62 47.26256983240225
 249 49.27374301675979
 95 51.28491620111734
 237 53.29608938547489
 78 55.3072625698324
 168 57.31843575418995
 304 59.32960893854749
 75 61.34078212290504
 126 63.35195530726259
 83 65.36312849162013
 116 67.37430167597768
 49 69.38547486033519
 41 71.39664804469274
 65 73.40782122905028
 7 75.41899441340783
 9 77.43016759776538
 3 79.44134078212289
 0 81.45251396648047
 0 83.46368715083798
 1 85.47486033519556
 10 87.48603351955308
 8655 89.49720670391065
 6 91.50837988826817
 1 93.51955307262574
 0 95.53072625698326
 1 97.54189944134077
 6 99.55307262569835
 12 101.5642458100559
 25 103.5754189944134
 49 105.586592178771
 33 107.5977653631285
 112 109.608938547486
 119 111.6201117318436
 156 113.6312849162011
 2 115.6424581005587
 233 117.6536312849162
 229 119.6648044692737
 104 121.6759776536313
 200 123.6871508379888
 183 125.6983240223464
 105 127.7094972067039
 186 129.7206703910614
 207 131.731843575419
 2 133.7430167597765
 129 135.7541899441341
 185 137.7653631284916
 130 139.7765363128492
 167 141.7877094972067
 518 143.7988826815642
 130 145.8100558659218
 224 147.8212290502793
 49 149.8324022346369
 163 151.8435754189944
 75 153.854748603352
 549 155.8659217877095
 54 157.8770949720671
 117 159.8882681564246
 79 161.8994413407821
 57 163.9106145251397
 26 165.9217877094972
 148 167.9329608938548
 252 169.9441340782123
 359 171.9553072625699
 10 173.9664804469274
 180 175.9776536312849
 3 177.9888268156425
 0 180


