# Created by Octave 3.8.2, Sat Jun 20 04:24:28 2020 CEST <damian@fptrucha.inv.usc.es>
# name: hd
# type: matrix
# rows: 180
# columns: 2
 3 -180
 180 -177.9888268156425
 4 -175.9776536312849
 393 -173.9664804469274
 249 -171.9553072625698
 168 -169.9441340782123
 32 -167.9329608938548
 46 -165.9217877094972
 65 -163.9106145251397
 166 -161.8994413407821
 40 -159.8882681564246
 686 -157.877094972067
 65 -155.8659217877095
 132 -153.854748603352
 42 -151.8435754189944
 88 -149.8324022346369
 235 -147.8212290502793
 683 -145.8100558659218
 129 -143.7988826815642
 95 -141.7877094972067
 201 -139.7765363128491
 125 -137.7653631284916
 5 -135.7541899441341
 216 -133.7430167597765
 208 -131.731843575419
 88 -129.7206703910614
 196 -127.7094972067039
 296 -125.6983240223464
 112 -123.6871508379888
 237 -121.6759776536313
 209 -119.6648044692737
 6 -117.6536312849162
 121 -115.6424581005587
 151 -113.6312849162011
 163 -111.6201117318436
 16 -109.608938547486
 40 -107.5977653631285
 42 -105.5865921787709
 16 -103.5754189944134
 3 -101.5642458100559
 1 -99.55307262569832
 2 -97.54189944134077
 6 -95.53072625698323
 7 -93.5195530726257
 9355 -91.50837988826815
 9 -89.49720670391061
 2 -87.48603351955308
 0 -85.47486033519553
 0 -83.46368715083798
 2 -81.45251396648044
 9 -79.44134078212289
 6 -77.43016759776536
 46 -75.41899441340782
 31 -73.40782122905027
 71 -71.39664804469274
 134 -69.38547486033519
 109 -67.37430167597765
 114 -65.3631284916201
 63 -63.35195530726256
 312 -61.34078212290503
 151 -59.32960893854748
 261 -57.31843575418993
 111 -55.3072625698324
 99 -53.29608938547486
 270 -51.28491620111731
 56 -49.27374301675977
 103 -47.26256983240222
 0 -45.25139664804468
 304 -43.24022346368713
 3 -41.22905027932961
 186 -39.21787709497207
 342 -37.20670391061452
 499 -35.19553072625698
 136 -33.18435754189943
 71 -31.17318435754188
 176 -29.16201117318434
 8 -27.15083798882682
 62 -25.13966480446928
 711 -23.12849162011173
 134 -21.11731843575419
 60 -19.10614525139664
 8 -17.09497206703909
 33 -15.08379888268155
 179 -13.072625698324
 11 -11.06145251396646
 631 -9.050279329608941
 3 -7.039106145251395
 135 -5.02793296089385
 21 -3.016759776536304
 1 -1.005586592178759
 18 1.005586592178787
 143 3.016759776536333
 6 5.02793296089385
 624 7.039106145251395
 8 9.050279329608941
 154 11.06145251396649
 50 13.07262569832403
 7 15.08379888268158
 55 17.09497206703912
 128 19.10614525139667
 624 21.11731843575421
 55 23.12849162011173
 89 25.13966480446928
 94 27.15083798882682
 57 29.16201117318437
 215 31.17318435754191
 319 33.18435754189946
 266 35.195530726257
 205 37.20670391061452
 33 39.21787709497207
 286 41.22905027932961
 3 43.24022346368716
 110 45.2513966480447
 65 47.26256983240225
 223 49.27374301675979
 75 51.28491620111734
 190 53.29608938547489
 92 55.3072625698324
 133 57.31843575418995
 256 59.32960893854749
 61 61.34078212290504
 119 63.35195530726259
 68 65.36312849162013
 110 67.37430167597768
 41 69.38547486033519
 34 71.39664804469274
 35 73.40782122905028
 5 75.41899441340783
 4 77.43016759776538
 1 79.44134078212289
 1 81.45251396648047
 1 83.46368715083798
 6 85.47486033519556
 10 87.48603351955308
 8301 89.49720670391065
 6 91.50837988826817
 3 93.51955307262574
 0 95.53072625698326
 0 97.54189944134077
 3 99.55307262569835
 14 101.5642458100559
 16 103.5754189944134
 40 105.586592178771
 30 107.5977653631285
 107 109.608938547486
 105 111.6201117318436
 114 113.6312849162011
 5 115.6424581005587
 204 117.6536312849162
 179 119.6648044692737
 85 121.6759776536313
 208 123.6871508379888
 182 125.6983240223464
 83 127.7094972067039
 163 129.7206703910614
 167 131.731843575419
 1 133.7430167597765
 124 135.7541899441341
 186 137.7653631284916
 112 139.7765363128492
 152 141.7877094972067
 580 143.7988826815642
 119 145.8100558659218
 231 147.8212290502793
 45 149.8324022346369
 162 151.8435754189944
 61 153.854748603352
 527 155.8659217877095
 50 157.8770949720671
 131 159.8882681564246
 69 161.8994413407821
 68 163.9106145251397
 20 165.9217877094972
 145 167.9329608938548
 247 169.9441340782123
 397 171.9553072625699
 2 173.9664804469274
 180 175.9776536312849
 4 177.9888268156425
 0 180


