# Created by Octave 3.8.2, Mon Jun 22 01:54:43 2020 CEST <damian@fptrucha.inv.usc.es>
# name: hd
# type: matrix
# rows: 180
# columns: 2
 2 -180
 164 -177.9888268156425
 4 -175.9776536312849
 345 -173.9664804469274
 236 -171.9553072625698
 150 -169.9441340782123
 34 -167.9329608938548
 35 -165.9217877094972
 62 -163.9106145251397
 132 -161.8994413407821
 53 -159.8882681564246
 578 -157.877094972067
 71 -155.8659217877095
 130 -153.854748603352
 36 -151.8435754189944
 70 -149.8324022346369
 229 -147.8212290502793
 603 -145.8100558659218
 122 -143.7988826815642
 94 -141.7877094972067
 189 -139.7765363128491
 119 -137.7653631284916
 8 -135.7541899441341
 155 -133.7430167597765
 153 -131.731843575419
 79 -129.7206703910614
 186 -127.7094972067039
 215 -125.6983240223464
 107 -123.6871508379888
 190 -121.6759776536313
 178 -119.6648044692737
 9 -117.6536312849162
 123 -115.6424581005587
 104 -113.6312849162011
 122 -111.6201117318436
 18 -109.608938547486
 41 -107.5977653631285
 21 -105.5865921787709
 7 -103.5754189944134
 1 -101.5642458100559
 0 -99.55307262569832
 0 -97.54189944134077
 4 -95.53072625698323
 2 -93.5195530726257
 8072 -91.50837988826815
 12 -89.49720670391061
 3 -87.48603351955308
 1 -85.47486033519553
 0 -83.46368715083798
 4 -81.45251396648044
 9 -79.44134078212289
 2 -77.43016759776536
 51 -75.41899441340782
 30 -73.40782122905027
 51 -71.39664804469274
 125 -69.38547486033519
 72 -67.37430167597765
 83 -65.3631284916201
 47 -63.35195530726256
 276 -61.34078212290503
 157 -59.32960893854748
 213 -57.31843575418993
 104 -55.3072625698324
 72 -53.29608938547486
 250 -51.28491620111731
 59 -49.27374301675977
 116 -47.26256983240222
 3 -45.25139664804468
 313 -43.24022346368713
 4 -41.22905027932961
 155 -39.21787709497207
 325 -37.20670391061452
 461 -35.19553072625698
 101 -33.18435754189943
 53 -31.17318435754188
 153 -29.16201117318434
 13 -27.15083798882682
 58 -25.13966480446928
 646 -23.12849162011173
 161 -21.11731843575419
 59 -19.10614525139664
 14 -17.09497206703909
 51 -15.08379888268155
 148 -13.072625698324
 9 -11.06145251396646
 563 -9.050279329608941
 4 -7.039106145251395
 135 -5.02793296089385
 18 -3.016759776536304
 7 -1.005586592178759
 17 1.005586592178787
 131 3.016759776536333
 0 5.02793296089385
 537 7.039106145251395
 15 9.050279329608941
 147 11.06145251396649
 42 13.07262569832403
 15 15.08379888268158
 58 17.09497206703912
 124 19.10614525139667
 512 21.11731843575421
 78 23.12849162011173
 87 25.13966480446928
 96 27.15083798882682
 51 29.16201117318437
 214 31.17318435754191
 343 33.18435754189946
 251 35.195530726257
 163 37.20670391061452
 38 39.21787709497207
 307 41.22905027932961
 2 43.24022346368716
 136 45.2513966480447
 69 47.26256983240225
 223 49.27374301675979
 88 51.28491620111734
 180 53.29608938547489
 87 55.3072625698324
 145 57.31843575418995
 268 59.32960893854749
 60 61.34078212290504
 140 63.35195530726259
 78 65.36312849162013
 118 67.37430167597768
 45 69.38547486033519
 31 71.39664804469274
 55 73.40782122905028
 9 75.41899441340783
 11 77.43016759776538
 5 79.44134078212289
 1 81.45251396648047
 1 83.46368715083798
 4 85.47486033519556
 15 87.48603351955308
 7651 89.49720670391065
 8 91.50837988826817
 3 93.51955307262574
 1 95.53072625698326
 1 97.54189944134077
 5 99.55307262569835
 12 101.5642458100559
 32 103.5754189944134
 51 105.586592178771
 26 107.5977653631285
 103 109.608938547486
 118 111.6201117318436
 131 113.6312849162011
 8 115.6424581005587
 188 117.6536312849162
 135 119.6648044692737
 97 121.6759776536313
 183 123.6871508379888
 188 125.6983240223464
 90 127.7094972067039
 180 129.7206703910614
 175 131.731843575419
 4 133.7430167597765
 133 135.7541899441341
 187 137.7653631284916
 104 139.7765363128492
 157 141.7877094972067
 495 143.7988826815642
 143 145.8100558659218
 195 147.8212290502793
 47 149.8324022346369
 159 151.8435754189944
 63 153.854748603352
 522 155.8659217877095
 44 157.8770949720671
 137 159.8882681564246
 73 161.8994413407821
 50 163.9106145251397
 20 165.9217877094972
 161 167.9329608938548
 229 169.9441340782123
 329 171.9553072625699
 3 173.9664804469274
 150 175.9776536312849
 6 177.9888268156425
 0 180


