# Created by Octave 3.8.2, Mon Jun 22 21:22:05 2020 CEST <damian@fptrucha.inv.usc.es>
# name: hd
# type: matrix
# rows: 180
# columns: 2
 2 -180
 141 -177.9888268156425
 3 -175.9776536312849
 394 -173.9664804469274
 230 -171.9553072625698
 149 -169.9441340782123
 36 -167.9329608938548
 43 -165.9217877094972
 78 -163.9106145251397
 161 -161.8994413407821
 38 -159.8882681564246
 633 -157.877094972067
 75 -155.8659217877095
 133 -153.854748603352
 49 -151.8435754189944
 92 -149.8324022346369
 262 -147.8212290502793
 676 -145.8100558659218
 143 -143.7988826815642
 82 -141.7877094972067
 172 -139.7765363128491
 121 -137.7653631284916
 7 -135.7541899441341
 179 -133.7430167597765
 167 -131.731843575419
 87 -129.7206703910614
 193 -127.7094972067039
 220 -125.6983240223464
 114 -123.6871508379888
 188 -121.6759776536313
 220 -119.6648044692737
 7 -117.6536312849162
 109 -115.6424581005587
 124 -113.6312849162011
 125 -111.6201117318436
 22 -109.608938547486
 39 -107.5977653631285
 27 -105.5865921787709
 13 -103.5754189944134
 2 -101.5642458100559
 0 -99.55307262569832
 1 -97.54189944134077
 2 -95.53072625698323
 13 -93.5195530726257
 8563 -91.50837988826815
 11 -89.49720670391061
 4 -87.48603351955308
 3 -85.47486033519553
 0 -83.46368715083798
 1 -81.45251396648044
 7 -79.44134078212289
 9 -77.43016759776536
 66 -75.41899441340782
 33 -73.40782122905027
 59 -71.39664804469274
 129 -69.38547486033519
 66 -67.37430167597765
 122 -65.3631284916201
 68 -63.35195530726256
 283 -61.34078212290503
 137 -59.32960893854748
 219 -57.31843575418993
 89 -55.3072625698324
 78 -53.29608938547486
 268 -51.28491620111731
 68 -49.27374301675977
 131 -47.26256983240222
 4 -45.25139664804468
 294 -43.24022346368713
 8 -41.22905027932961
 166 -39.21787709497207
 300 -37.20670391061452
 496 -35.19553072625698
 138 -33.18435754189943
 61 -31.17318435754188
 164 -29.16201117318434
 12 -27.15083798882682
 59 -25.13966480446928
 631 -23.12849162011173
 148 -21.11731843575419
 67 -19.10614525139664
 10 -17.09497206703909
 44 -15.08379888268155
 161 -13.072625698324
 15 -11.06145251396646
 587 -9.050279329608941
 3 -7.039106145251395
 141 -5.02793296089385
 24 -3.016759776536304
 4 -1.005586592178759
 20 1.005586592178787
 150 3.016759776536333
 7 5.02793296089385
 562 7.039106145251395
 8 9.050279329608941
 157 11.06145251396649
 35 13.07262569832403
 19 15.08379888268158
 56 17.09497206703912
 131 19.10614525139667
 537 21.11731843575421
 87 23.12849162011173
 81 25.13966480446928
 104 27.15083798882682
 53 29.16201117318437
 211 31.17318435754191
 331 33.18435754189946
 275 35.195530726257
 169 37.20670391061452
 43 39.21787709497207
 298 41.22905027932961
 3 43.24022346368716
 110 45.2513966480447
 57 47.26256983240225
 235 49.27374301675979
 62 51.28491620111734
 213 53.29608938547489
 77 55.3072625698324
 158 57.31843575418995
 261 59.32960893854749
 68 61.34078212290504
 121 63.35195530726259
 86 65.36312849162013
 110 67.37430167597768
 62 69.38547486033519
 37 71.39664804469274
 63 73.40782122905028
 9 75.41899441340783
 12 77.43016759776538
 1 79.44134078212289
 1 81.45251396648047
 0 83.46368715083798
 5 85.47486033519556
 11 87.48603351955308
 7954 89.49720670391065
 11 91.50837988826817
 2 93.51955307262574
 3 95.53072625698326
 3 97.54189944134077
 4 99.55307262569835
 15 101.5642458100559
 31 103.5754189944134
 52 105.586592178771
 28 107.5977653631285
 100 109.608938547486
 129 111.6201117318436
 120 113.6312849162011
 2 115.6424581005587
 217 117.6536312849162
 188 119.6648044692737
 88 121.6759776536313
 182 123.6871508379888
 164 125.6983240223464
 80 127.7094972067039
 148 129.7206703910614
 193 131.731843575419
 4 133.7430167597765
 112 135.7541899441341
 180 137.7653631284916
 107 139.7765363128492
 142 141.7877094972067
 566 143.7988826815642
 124 145.8100558659218
 231 147.8212290502793
 50 149.8324022346369
 158 151.8435754189944
 81 153.854748603352
 518 155.8659217877095
 46 157.8770949720671
 139 159.8882681564246
 72 161.8994413407821
 53 163.9106145251397
 13 165.9217877094972
 144 167.9329608938548
 196 169.9441340782123
 364 171.9553072625699
 2 173.9664804469274
 176 175.9776536312849
 1 177.9888268156425
 0 180


