# Created by Octave 3.8.2, Mon Jun 22 10:47:30 2020 CEST <damian@fptrucha.inv.usc.es>
# name: hd
# type: matrix
# rows: 180
# columns: 2
 6 -180
 173 -177.9888268156425
 6 -175.9776536312849
 379 -173.9664804469274
 241 -171.9553072625698
 137 -169.9441340782123
 39 -167.9329608938548
 48 -165.9217877094972
 53 -163.9106145251397
 147 -161.8994413407821
 52 -159.8882681564246
 516 -157.877094972067
 74 -155.8659217877095
 129 -153.854748603352
 41 -151.8435754189944
 55 -149.8324022346369
 212 -147.8212290502793
 589 -145.8100558659218
 117 -143.7988826815642
 86 -141.7877094972067
 160 -139.7765363128491
 110 -137.7653631284916
 2 -135.7541899441341
 180 -133.7430167597765
 164 -131.731843575419
 78 -129.7206703910614
 189 -127.7094972067039
 207 -125.6983240223464
 90 -123.6871508379888
 162 -121.6759776536313
 193 -119.6648044692737
 6 -117.6536312849162
 116 -115.6424581005587
 117 -113.6312849162011
 126 -111.6201117318436
 17 -109.608938547486
 31 -107.5977653631285
 24 -105.5865921787709
 9 -103.5754189944134
 4 -101.5642458100559
 0 -99.55307262569832
 4 -97.54189944134077
 4 -95.53072625698323
 7 -93.5195530726257
 7891 -91.50837988826815
 20 -89.49720670391061
 3 -87.48603351955308
 3 -85.47486033519553
 0 -83.46368715083798
 1 -81.45251396648044
 14 -79.44134078212289
 6 -77.43016759776536
 54 -75.41899441340782
 30 -73.40782122905027
 47 -71.39664804469274
 105 -69.38547486033519
 73 -67.37430167597765
 102 -65.3631284916201
 54 -63.35195530726256
 229 -61.34078212290503
 131 -59.32960893854748
 198 -57.31843575418993
 78 -55.3072625698324
 64 -53.29608938547486
 225 -51.28491620111731
 54 -49.27374301675977
 114 -47.26256983240222
 2 -45.25139664804468
 269 -43.24022346368713
 8 -41.22905027932961
 134 -39.21787709497207
 282 -37.20670391061452
 445 -35.19553072625698
 131 -33.18435754189943
 42 -31.17318435754188
 154 -29.16201117318434
 10 -27.15083798882682
 61 -25.13966480446928
 584 -23.12849162011173
 119 -21.11731843575419
 45 -19.10614525139664
 21 -17.09497206703909
 47 -15.08379888268155
 147 -13.072625698324
 9 -11.06145251396646
 580 -9.050279329608941
 3 -7.039106145251395
 110 -5.02793296089385
 31 -3.016759776536304
 4 -1.005586592178759
 20 1.005586592178787
 126 3.016759776536333
 1 5.02793296089385
 535 7.039106145251395
 10 9.050279329608941
 129 11.06145251396649
 48 13.07262569832403
 13 15.08379888268158
 50 17.09497206703912
 127 19.10614525139667
 546 21.11731843575421
 62 23.12849162011173
 74 25.13966480446928
 96 27.15083798882682
 63 29.16201117318437
 207 31.17318435754191
 311 33.18435754189946
 279 35.195530726257
 157 37.20670391061452
 39 39.21787709497207
 282 41.22905027932961
 3 43.24022346368716
 125 45.2513966480447
 61 47.26256983240225
 218 49.27374301675979
 79 51.28491620111734
 209 53.29608938547489
 97 55.3072625698324
 133 57.31843575418995
 254 59.32960893854749
 71 61.34078212290504
 114 63.35195530726259
 80 65.36312849162013
 133 67.37430167597768
 54 69.38547486033519
 36 71.39664804469274
 60 73.40782122905028
 7 75.41899441340783
 6 77.43016759776538
 2 79.44134078212289
 1 81.45251396648047
 3 83.46368715083798
 4 85.47486033519556
 10 87.48603351955308
 7503 89.49720670391065
 14 91.50837988826817
 4 93.51955307262574
 4 95.53072625698326
 0 97.54189944134077
 6 99.55307262569835
 18 101.5642458100559
 27 103.5754189944134
 39 105.586592178771
 29 107.5977653631285
 125 109.608938547486
 130 111.6201117318436
 129 113.6312849162011
 1 115.6424581005587
 207 117.6536312849162
 146 119.6648044692737
 88 121.6759776536313
 177 123.6871508379888
 225 125.6983240223464
 95 127.7094972067039
 159 129.7206703910614
 183 131.731843575419
 4 133.7430167597765
 124 135.7541899441341
 182 137.7653631284916
 97 139.7765363128492
 162 141.7877094972067
 490 143.7988826815642
 92 145.8100558659218
 183 147.8212290502793
 53 149.8324022346369
 148 151.8435754189944
 60 153.854748603352
 493 155.8659217877095
 54 157.8770949720671
 171 159.8882681564246
 68 161.8994413407821
 52 163.9106145251397
 21 165.9217877094972
 156 167.9329608938548
 235 169.9441340782123
 323 171.9553072625699
 3 173.9664804469274
 164 175.9776536312849
 3 177.9888268156425
 0 180


