# Created by Octave 3.8.2, Sat Jun 20 12:55:10 2020 CEST <damian@fptrucha.inv.usc.es>
# name: hd
# type: matrix
# rows: 180
# columns: 2
 4 -180
 171 -177.9888268156425
 1 -175.9776536312849
 397 -173.9664804469274
 259 -171.9553072625698
 156 -169.9441340782123
 40 -167.9329608938548
 46 -165.9217877094972
 57 -163.9106145251397
 159 -161.8994413407821
 36 -159.8882681564246
 665 -157.877094972067
 72 -155.8659217877095
 147 -153.854748603352
 26 -151.8435754189944
 78 -149.8324022346369
 201 -147.8212290502793
 686 -145.8100558659218
 129 -143.7988826815642
 94 -141.7877094972067
 181 -139.7765363128491
 108 -137.7653631284916
 4 -135.7541899441341
 176 -133.7430167597765
 181 -131.731843575419
 71 -129.7206703910614
 206 -127.7094972067039
 256 -125.6983240223464
 103 -123.6871508379888
 197 -121.6759776536313
 176 -119.6648044692737
 1 -117.6536312849162
 73 -115.6424581005587
 122 -113.6312849162011
 125 -111.6201117318436
 16 -109.608938547486
 31 -107.5977653631285
 26 -105.5865921787709
 13 -103.5754189944134
 1 -101.5642458100559
 1 -99.55307262569832
 2 -97.54189944134077
 0 -95.53072625698323
 6 -93.5195530726257
 8727 -91.50837988826815
 6 -89.49720670391061
 2 -87.48603351955308
 0 -85.47486033519553
 0 -83.46368715083798
 0 -81.45251396648044
 4 -79.44134078212289
 7 -77.43016759776536
 42 -75.41899441340782
 20 -73.40782122905027
 70 -71.39664804469274
 138 -69.38547486033519
 77 -67.37430167597765
 96 -65.3631284916201
 47 -63.35195530726256
 298 -61.34078212290503
 154 -59.32960893854748
 248 -57.31843575418993
 119 -55.3072625698324
 87 -53.29608938547486
 246 -51.28491620111731
 57 -49.27374301675977
 105 -47.26256983240222
 1 -45.25139664804468
 281 -43.24022346368713
 7 -41.22905027932961
 146 -39.21787709497207
 345 -37.20670391061452
 493 -35.19553072625698
 97 -33.18435754189943
 51 -31.17318435754188
 166 -29.16201117318434
 19 -27.15083798882682
 72 -25.13966480446928
 640 -23.12849162011173
 152 -21.11731843575419
 41 -19.10614525139664
 14 -17.09497206703909
 53 -15.08379888268155
 176 -13.072625698324
 2 -11.06145251396646
 631 -9.050279329608941
 4 -7.039106145251395
 141 -5.02793296089385
 24 -3.016759776536304
 5 -1.005586592178759
 19 1.005586592178787
 140 3.016759776536333
 1 5.02793296089385
 579 7.039106145251395
 9 9.050279329608941
 115 11.06145251396649
 59 13.07262569832403
 10 15.08379888268158
 70 17.09497206703912
 112 19.10614525139667
 538 21.11731843575421
 55 23.12849162011173
 100 25.13966480446928
 123 27.15083798882682
 55 29.16201117318437
 230 31.17318435754191
 338 33.18435754189946
 283 35.195530726257
 188 37.20670391061452
 29 39.21787709497207
 321 41.22905027932961
 0 43.24022346368716
 139 45.2513966480447
 75 47.26256983240225
 257 49.27374301675979
 92 51.28491620111734
 207 53.29608938547489
 108 55.3072625698324
 179 57.31843575418995
 282 59.32960893854749
 79 61.34078212290504
 133 63.35195530726259
 84 65.36312849162013
 131 67.37430167597768
 43 69.38547486033519
 33 71.39664804469274
 37 73.40782122905028
 9 75.41899441340783
 12 77.43016759776538
 1 79.44134078212289
 0 81.45251396648047
 1 83.46368715083798
 5 85.47486033519556
 6 87.48603351955308
 8367 89.49720670391065
 6 91.50837988826817
 1 93.51955307262574
 1 95.53072625698326
 2 97.54189944134077
 2 99.55307262569835
 20 101.5642458100559
 35 103.5754189944134
 45 105.586592178771
 21 107.5977653631285
 100 109.608938547486
 140 111.6201117318436
 127 113.6312849162011
 2 115.6424581005587
 233 117.6536312849162
 178 119.6648044692737
 107 121.6759776536313
 188 123.6871508379888
 210 125.6983240223464
 88 127.7094972067039
 174 129.7206703910614
 200 131.731843575419
 6 133.7430167597765
 141 135.7541899441341
 201 137.7653631284916
 100 139.7765363128492
 164 141.7877094972067
 523 143.7988826815642
 134 145.8100558659218
 229 147.8212290502793
 48 149.8324022346369
 191 151.8435754189944
 65 153.854748603352
 526 155.8659217877095
 62 157.8770949720671
 145 159.8882681564246
 79 161.8994413407821
 58 163.9106145251397
 19 165.9217877094972
 130 167.9329608938548
 230 169.9441340782123
 341 171.9553072625699
 2 173.9664804469274
 156 175.9776536312849
 3 177.9888268156425
 0 180


