# Created by Octave 3.8.2, Mon Jun 22 00:53:18 2020 CEST <damian@fptrucha.inv.usc.es>
# name: hd
# type: matrix
# rows: 180
# columns: 2
 2 -180
 165 -177.9888268156425
 5 -175.9776536312849
 397 -173.9664804469274
 261 -171.9553072625698
 147 -169.9441340782123
 40 -167.9329608938548
 44 -165.9217877094972
 53 -163.9106145251397
 133 -161.8994413407821
 42 -159.8882681564246
 662 -157.877094972067
 58 -155.8659217877095
 126 -153.854748603352
 40 -151.8435754189944
 67 -149.8324022346369
 208 -147.8212290502793
 641 -145.8100558659218
 141 -143.7988826815642
 97 -141.7877094972067
 194 -139.7765363128491
 91 -137.7653631284916
 1 -135.7541899441341
 143 -133.7430167597765
 151 -131.731843575419
 77 -129.7206703910614
 193 -127.7094972067039
 190 -125.6983240223464
 110 -123.6871508379888
 208 -121.6759776536313
 156 -119.6648044692737
 4 -117.6536312849162
 109 -115.6424581005587
 116 -113.6312849162011
 132 -111.6201117318436
 16 -109.608938547486
 36 -107.5977653631285
 22 -105.5865921787709
 11 -103.5754189944134
 1 -101.5642458100559
 0 -99.55307262569832
 3 -97.54189944134077
 0 -95.53072625698323
 9 -93.5195530726257
 8208 -91.50837988826815
 5 -89.49720670391061
 1 -87.48603351955308
 0 -85.47486033519553
 0 -83.46368715083798
 2 -81.45251396648044
 3 -79.44134078212289
 6 -77.43016759776536
 47 -75.41899441340782
 31 -73.40782122905027
 56 -71.39664804469274
 109 -69.38547486033519
 75 -67.37430167597765
 94 -65.3631284916201
 54 -63.35195530726256
 282 -61.34078212290503
 148 -59.32960893854748
 214 -57.31843575418993
 104 -55.3072625698324
 75 -53.29608938547486
 244 -51.28491620111731
 60 -49.27374301675977
 115 -47.26256983240222
 1 -45.25139664804468
 283 -43.24022346368713
 3 -41.22905027932961
 171 -39.21787709497207
 302 -37.20670391061452
 468 -35.19553072625698
 97 -33.18435754189943
 74 -31.17318435754188
 129 -29.16201117318434
 4 -27.15083798882682
 50 -25.13966480446928
 646 -23.12849162011173
 124 -21.11731843575419
 53 -19.10614525139664
 15 -17.09497206703909
 38 -15.08379888268155
 178 -13.072625698324
 8 -11.06145251396646
 555 -9.050279329608941
 2 -7.039106145251395
 125 -5.02793296089385
 28 -3.016759776536304
 3 -1.005586592178759
 22 1.005586592178787
 120 3.016759776536333
 3 5.02793296089385
 533 7.039106145251395
 9 9.050279329608941
 117 11.06145251396649
 47 13.07262569832403
 6 15.08379888268158
 55 17.09497206703912
 115 19.10614525139667
 493 21.11731843575421
 79 23.12849162011173
 89 25.13966480446928
 108 27.15083798882682
 50 29.16201117318437
 206 31.17318435754191
 338 33.18435754189946
 248 35.195530726257
 166 37.20670391061452
 28 39.21787709497207
 313 41.22905027932961
 0 43.24022346368716
 108 45.2513966480447
 73 47.26256983240225
 237 49.27374301675979
 86 51.28491620111734
 216 53.29608938547489
 80 55.3072625698324
 154 57.31843575418995
 273 59.32960893854749
 76 61.34078212290504
 112 63.35195530726259
 85 65.36312849162013
 105 67.37430167597768
 45 69.38547486033519
 37 71.39664804469274
 44 73.40782122905028
 3 75.41899441340783
 6 77.43016759776538
 2 79.44134078212289
 1 81.45251396648047
 0 83.46368715083798
 3 85.47486033519556
 11 87.48603351955308
 7742 89.49720670391065
 7 91.50837988826817
 2 93.51955307262574
 0 95.53072625698326
 3 97.54189944134077
 1 99.55307262569835
 8 101.5642458100559
 25 103.5754189944134
 27 105.586592178771
 17 107.5977653631285
 111 109.608938547486
 139 111.6201117318436
 118 113.6312849162011
 1 115.6424581005587
 191 117.6536312849162
 165 119.6648044692737
 94 121.6759776536313
 160 123.6871508379888
 165 125.6983240223464
 86 127.7094972067039
 150 129.7206703910614
 168 131.731843575419
 0 133.7430167597765
 107 135.7541899441341
 175 137.7653631284916
 108 139.7765363128492
 163 141.7877094972067
 446 143.7988826815642
 112 145.8100558659218
 217 147.8212290502793
 41 149.8324022346369
 157 151.8435754189944
 67 153.854748603352
 508 155.8659217877095
 54 157.8770949720671
 117 159.8882681564246
 76 161.8994413407821
 51 163.9106145251397
 13 165.9217877094972
 122 167.9329608938548
 234 169.9441340782123
 319 171.9553072625699
 0 173.9664804469274
 144 175.9776536312849
 2 177.9888268156425
 0 180


