# Created by Octave 3.8.2, Mon Jun 22 01:16:03 2020 CEST <damian@fptrucha.inv.usc.es>
# name: hd
# type: matrix
# rows: 180
# columns: 2
 2 -180
 148 -177.9888268156425
 4 -175.9776536312849
 371 -173.9664804469274
 226 -171.9553072625698
 134 -169.9441340782123
 23 -167.9329608938548
 30 -165.9217877094972
 54 -163.9106145251397
 149 -161.8994413407821
 44 -159.8882681564246
 591 -157.877094972067
 49 -155.8659217877095
 113 -153.854748603352
 33 -151.8435754189944
 64 -149.8324022346369
 204 -147.8212290502793
 632 -145.8100558659218
 86 -143.7988826815642
 94 -141.7877094972067
 156 -139.7765363128491
 87 -137.7653631284916
 1 -135.7541899441341
 157 -133.7430167597765
 151 -131.731843575419
 71 -129.7206703910614
 188 -127.7094972067039
 241 -125.6983240223464
 120 -123.6871508379888
 161 -121.6759776536313
 180 -119.6648044692737
 3 -117.6536312849162
 97 -115.6424581005587
 111 -113.6312849162011
 143 -111.6201117318436
 9 -109.608938547486
 32 -107.5977653631285
 22 -105.5865921787709
 8 -103.5754189944134
 2 -101.5642458100559
 0 -99.55307262569832
 3 -97.54189944134077
 0 -95.53072625698323
 9 -93.5195530726257
 8123 -91.50837988826815
 6 -89.49720670391061
 4 -87.48603351955308
 3 -85.47486033519553
 0 -83.46368715083798
 2 -81.45251396648044
 10 -79.44134078212289
 2 -77.43016759776536
 37 -75.41899441340782
 28 -73.40782122905027
 55 -71.39664804469274
 120 -69.38547486033519
 66 -67.37430167597765
 87 -65.3631284916201
 40 -63.35195530726256
 263 -61.34078212290503
 160 -59.32960893854748
 216 -57.31843575418993
 82 -55.3072625698324
 80 -53.29608938547486
 223 -51.28491620111731
 53 -49.27374301675977
 116 -47.26256983240222
 4 -45.25139664804468
 261 -43.24022346368713
 3 -41.22905027932961
 160 -39.21787709497207
 354 -37.20670391061452
 443 -35.19553072625698
 106 -33.18435754189943
 58 -31.17318435754188
 136 -29.16201117318434
 11 -27.15083798882682
 44 -25.13966480446928
 649 -23.12849162011173
 124 -21.11731843575419
 44 -19.10614525139664
 10 -17.09497206703909
 28 -15.08379888268155
 171 -13.072625698324
 8 -11.06145251396646
 552 -9.050279329608941
 4 -7.039106145251395
 128 -5.02793296089385
 23 -3.016759776536304
 5 -1.005586592178759
 22 1.005586592178787
 107 3.016759776536333
 1 5.02793296089385
 532 7.039106145251395
 5 9.050279329608941
 132 11.06145251396649
 55 13.07262569832403
 11 15.08379888268158
 50 17.09497206703912
 95 19.10614525139667
 519 21.11731843575421
 58 23.12849162011173
 88 25.13966480446928
 110 27.15083798882682
 45 29.16201117318437
 226 31.17318435754191
 342 33.18435754189946
 211 35.195530726257
 152 37.20670391061452
 38 39.21787709497207
 295 41.22905027932961
 0 43.24022346368716
 110 45.2513966480447
 58 47.26256983240225
 223 49.27374301675979
 80 51.28491620111734
 154 53.29608938547489
 75 55.3072625698324
 138 57.31843575418995
 249 59.32960893854749
 61 61.34078212290504
 108 63.35195530726259
 56 65.36312849162013
 95 67.37430167597768
 39 69.38547486033519
 27 71.39664804469274
 53 73.40782122905028
 8 75.41899441340783
 4 77.43016759776538
 3 79.44134078212289
 0 81.45251396648047
 2 83.46368715083798
 1 85.47486033519556
 11 87.48603351955308
 7669 89.49720670391065
 5 91.50837988826817
 2 93.51955307262574
 0 95.53072625698326
 0 97.54189944134077
 3 99.55307262569835
 11 101.5642458100559
 21 103.5754189944134
 31 105.586592178771
 27 107.5977653631285
 128 109.608938547486
 127 111.6201117318436
 127 113.6312849162011
 3 115.6424581005587
 196 117.6536312849162
 158 119.6648044692737
 99 121.6759776536313
 179 123.6871508379888
 182 125.6983240223464
 72 127.7094972067039
 153 129.7206703910614
 168 131.731843575419
 3 133.7430167597765
 114 135.7541899441341
 179 137.7653631284916
 105 139.7765363128492
 140 141.7877094972067
 418 143.7988826815642
 118 145.8100558659218
 206 147.8212290502793
 28 149.8324022346369
 146 151.8435754189944
 48 153.854748603352
 472 155.8659217877095
 49 157.8770949720671
 127 159.8882681564246
 45 161.8994413407821
 45 163.9106145251397
 16 165.9217877094972
 118 167.9329608938548
 210 169.9441340782123
 313 171.9553072625699
 2 173.9664804469274
 142 175.9776536312849
 3 177.9888268156425
 0 180


