# Created by Octave 3.8.2, Mon Jun 22 07:53:04 2020 CEST <damian@fptrucha.inv.usc.es>
# name: hd
# type: matrix
# rows: 180
# columns: 2
 4 -180
 176 -177.9888268156425
 3 -175.9776536312849
 379 -173.9664804469274
 223 -171.9553072625698
 169 -169.9441340782123
 30 -167.9329608938548
 46 -165.9217877094972
 61 -163.9106145251397
 148 -161.8994413407821
 36 -159.8882681564246
 562 -157.877094972067
 70 -155.8659217877095
 121 -153.854748603352
 40 -151.8435754189944
 69 -149.8324022346369
 235 -147.8212290502793
 576 -145.8100558659218
 110 -143.7988826815642
 109 -141.7877094972067
 157 -139.7765363128491
 94 -137.7653631284916
 6 -135.7541899441341
 163 -133.7430167597765
 158 -131.731843575419
 75 -129.7206703910614
 168 -127.7094972067039
 211 -125.6983240223464
 106 -123.6871508379888
 174 -121.6759776536313
 212 -119.6648044692737
 4 -117.6536312849162
 115 -115.6424581005587
 102 -113.6312849162011
 124 -111.6201117318436
 17 -109.608938547486
 43 -107.5977653631285
 25 -105.5865921787709
 18 -103.5754189944134
 3 -101.5642458100559
 1 -99.55307262569832
 0 -97.54189944134077
 8 -95.53072625698323
 4 -93.5195530726257
 7573 -91.50837988826815
 9 -89.49720670391061
 6 -87.48603351955308
 2 -85.47486033519553
 1 -83.46368715083798
 5 -81.45251396648044
 9 -79.44134078212289
 4 -77.43016759776536
 43 -75.41899441340782
 27 -73.40782122905027
 40 -71.39664804469274
 86 -69.38547486033519
 64 -67.37430167597765
 104 -65.3631284916201
 52 -63.35195530726256
 247 -61.34078212290503
 127 -59.32960893854748
 193 -57.31843575418993
 99 -55.3072625698324
 74 -53.29608938547486
 196 -51.28491620111731
 59 -49.27374301675977
 105 -47.26256983240222
 7 -45.25139664804468
 275 -43.24022346368713
 2 -41.22905027932961
 171 -39.21787709497207
 274 -37.20670391061452
 378 -35.19553072625698
 133 -33.18435754189943
 52 -31.17318435754188
 182 -29.16201117318434
 3 -27.15083798882682
 69 -25.13966480446928
 526 -23.12849162011173
 134 -21.11731843575419
 52 -19.10614525139664
 10 -17.09497206703909
 49 -15.08379888268155
 138 -13.072625698324
 11 -11.06145251396646
 558 -9.050279329608941
 5 -7.039106145251395
 134 -5.02793296089385
 20 -3.016759776536304
 8 -1.005586592178759
 23 1.005586592178787
 134 3.016759776536333
 1 5.02793296089385
 535 7.039106145251395
 8 9.050279329608941
 141 11.06145251396649
 49 13.07262569832403
 12 15.08379888268158
 58 17.09497206703912
 128 19.10614525139667
 521 21.11731843575421
 54 23.12849162011173
 73 25.13966480446928
 94 27.15083798882682
 57 29.16201117318437
 180 31.17318435754191
 293 33.18435754189946
 250 35.195530726257
 136 37.20670391061452
 35 39.21787709497207
 272 41.22905027932961
 3 43.24022346368716
 124 45.2513966480447
 70 47.26256983240225
 208 49.27374301675979
 91 51.28491620111734
 170 53.29608938547489
 82 55.3072625698324
 171 57.31843575418995
 272 59.32960893854749
 74 61.34078212290504
 121 63.35195530726259
 67 65.36312849162013
 117 67.37430167597768
 38 69.38547486033519
 35 71.39664804469274
 58 73.40782122905028
 9 75.41899441340783
 10 77.43016759776538
 0 79.44134078212289
 2 81.45251396648047
 6 83.46368715083798
 5 85.47486033519556
 12 87.48603351955308
 7279 89.49720670391065
 11 91.50837988826817
 1 93.51955307262574
 2 95.53072625698326
 1 97.54189944134077
 2 99.55307262569835
 15 101.5642458100559
 21 103.5754189944134
 35 105.586592178771
 26 107.5977653631285
 109 109.608938547486
 130 111.6201117318436
 125 113.6312849162011
 4 115.6424581005587
 207 117.6536312849162
 174 119.6648044692737
 101 121.6759776536313
 185 123.6871508379888
 175 125.6983240223464
 92 127.7094972067039
 176 129.7206703910614
 173 131.731843575419
 1 133.7430167597765
 108 135.7541899441341
 192 137.7653631284916
 107 139.7765363128492
 132 141.7877094972067
 483 143.7988826815642
 115 145.8100558659218
 193 147.8212290502793
 48 149.8324022346369
 130 151.8435754189944
 62 153.854748603352
 473 155.8659217877095
 47 157.8770949720671
 143 159.8882681564246
 73 161.8994413407821
 56 163.9106145251397
 20 165.9217877094972
 138 167.9329608938548
 223 169.9441340782123
 348 171.9553072625699
 6 173.9664804469274
 166 175.9776536312849
 4 177.9888268156425
 0 180


