# Created by Octave 3.8.2, Mon Jun 22 15:27:00 2020 CEST <damian@fptrucha.inv.usc.es>
# name: hd
# type: matrix
# rows: 180
# columns: 2
 5 -180
 162 -177.9888268156425
 4 -175.9776536312849
 362 -173.9664804469274
 243 -171.9553072625698
 163 -169.9441340782123
 25 -167.9329608938548
 44 -165.9217877094972
 69 -163.9106145251397
 156 -161.8994413407821
 41 -159.8882681564246
 592 -157.877094972067
 78 -155.8659217877095
 119 -153.854748603352
 42 -151.8435754189944
 80 -149.8324022346369
 250 -147.8212290502793
 606 -145.8100558659218
 130 -143.7988826815642
 113 -141.7877094972067
 177 -139.7765363128491
 124 -137.7653631284916
 3 -135.7541899441341
 166 -133.7430167597765
 204 -131.731843575419
 93 -129.7206703910614
 200 -127.7094972067039
 219 -125.6983240223464
 113 -123.6871508379888
 151 -121.6759776536313
 204 -119.6648044692737
 6 -117.6536312849162
 123 -115.6424581005587
 115 -113.6312849162011
 130 -111.6201117318436
 22 -109.608938547486
 37 -107.5977653631285
 29 -105.5865921787709
 18 -103.5754189944134
 1 -101.5642458100559
 1 -99.55307262569832
 1 -97.54189944134077
 4 -95.53072625698323
 10 -93.5195530726257
 8236 -91.50837988826815
 12 -89.49720670391061
 3 -87.48603351955308
 1 -85.47486033519553
 2 -83.46368715083798
 2 -81.45251396648044
 12 -79.44134078212289
 4 -77.43016759776536
 59 -75.41899441340782
 29 -73.40782122905027
 50 -71.39664804469274
 137 -69.38547486033519
 79 -67.37430167597765
 118 -65.3631284916201
 55 -63.35195530726256
 265 -61.34078212290503
 152 -59.32960893854748
 244 -57.31843575418993
 96 -55.3072625698324
 70 -53.29608938547486
 222 -51.28491620111731
 70 -49.27374301675977
 127 -47.26256983240222
 2 -45.25139664804468
 305 -43.24022346368713
 0 -41.22905027932961
 179 -39.21787709497207
 287 -37.20670391061452
 475 -35.19553072625698
 115 -33.18435754189943
 60 -31.17318435754188
 169 -29.16201117318434
 10 -27.15083798882682
 62 -25.13966480446928
 619 -23.12849162011173
 131 -21.11731843575419
 66 -19.10614525139664
 10 -17.09497206703909
 48 -15.08379888268155
 171 -13.072625698324
 12 -11.06145251396646
 583 -9.050279329608941
 2 -7.039106145251395
 128 -5.02793296089385
 27 -3.016759776536304
 1 -1.005586592178759
 34 1.005586592178787
 119 3.016759776536333
 5 5.02793296089385
 510 7.039106145251395
 10 9.050279329608941
 129 11.06145251396649
 41 13.07262569832403
 12 15.08379888268158
 53 17.09497206703912
 140 19.10614525139667
 566 21.11731843575421
 56 23.12849162011173
 74 25.13966480446928
 113 27.15083798882682
 69 29.16201117318437
 196 31.17318435754191
 319 33.18435754189946
 261 35.195530726257
 154 37.20670391061452
 39 39.21787709497207
 316 41.22905027932961
 2 43.24022346368716
 115 45.2513966480447
 68 47.26256983240225
 211 49.27374301675979
 91 51.28491620111734
 207 53.29608938547489
 86 55.3072625698324
 175 57.31843575418995
 247 59.32960893854749
 56 61.34078212290504
 134 63.35195530726259
 75 65.36312849162013
 123 67.37430167597768
 52 69.38547486033519
 46 71.39664804469274
 48 73.40782122905028
 2 75.41899441340783
 9 77.43016759776538
 5 79.44134078212289
 1 81.45251396648047
 3 83.46368715083798
 4 85.47486033519556
 14 87.48603351955308
 7718 89.49720670391065
 8 91.50837988826817
 4 93.51955307262574
 1 95.53072625698326
 0 97.54189944134077
 3 99.55307262569835
 23 101.5642458100559
 27 103.5754189944134
 44 105.586592178771
 23 107.5977653631285
 108 109.608938547486
 127 111.6201117318436
 121 113.6312849162011
 4 115.6424581005587
 210 117.6536312849162
 168 119.6648044692737
 98 121.6759776536313
 179 123.6871508379888
 170 125.6983240223464
 69 127.7094972067039
 183 129.7206703910614
 183 131.731843575419
 1 133.7430167597765
 120 135.7541899441341
 177 137.7653631284916
 91 139.7765363128492
 129 141.7877094972067
 516 143.7988826815642
 135 145.8100558659218
 202 147.8212290502793
 43 149.8324022346369
 153 151.8435754189944
 69 153.854748603352
 500 155.8659217877095
 61 157.8770949720671
 153 159.8882681564246
 65 161.8994413407821
 60 163.9106145251397
 19 165.9217877094972
 134 167.9329608938548
 238 169.9441340782123
 389 171.9553072625699
 6 173.9664804469274
 193 175.9776536312849
 8 177.9888268156425
 0 180


