# Created by Octave 3.8.2, Sun Jun 21 01:08:57 2020 CEST <damian@fptrucha.inv.usc.es>
# name: hd
# type: matrix
# rows: 180
# columns: 2
 6 -180
 144 -177.9888268156425
 4 -175.9776536312849
 371 -173.9664804469274
 214 -171.9553072625698
 141 -169.9441340782123
 38 -167.9329608938548
 45 -165.9217877094972
 45 -163.9106145251397
 155 -161.8994413407821
 39 -159.8882681564246
 627 -157.877094972067
 57 -155.8659217877095
 110 -153.854748603352
 32 -151.8435754189944
 64 -149.8324022346369
 218 -147.8212290502793
 614 -145.8100558659218
 126 -143.7988826815642
 97 -141.7877094972067
 167 -139.7765363128491
 91 -137.7653631284916
 3 -135.7541899441341
 146 -133.7430167597765
 151 -131.731843575419
 69 -129.7206703910614
 157 -127.7094972067039
 206 -125.6983240223464
 89 -123.6871508379888
 182 -121.6759776536313
 151 -119.6648044692737
 2 -117.6536312849162
 100 -115.6424581005587
 99 -113.6312849162011
 125 -111.6201117318436
 14 -109.608938547486
 24 -107.5977653631285
 15 -105.5865921787709
 3 -103.5754189944134
 3 -101.5642458100559
 0 -99.55307262569832
 0 -97.54189944134077
 3 -95.53072625698323
 6 -93.5195530726257
 7887 -91.50837988826815
 9 -89.49720670391061
 4 -87.48603351955308
 1 -85.47486033519553
 0 -83.46368715083798
 2 -81.45251396648044
 5 -79.44134078212289
 3 -77.43016759776536
 43 -75.41899441340782
 16 -73.40782122905027
 46 -71.39664804469274
 125 -69.38547486033519
 56 -67.37430167597765
 92 -65.3631284916201
 34 -63.35195530726256
 276 -61.34078212290503
 141 -59.32960893854748
 222 -57.31843575418993
 86 -55.3072625698324
 69 -53.29608938547486
 249 -51.28491620111731
 62 -49.27374301675977
 104 -47.26256983240222
 1 -45.25139664804468
 294 -43.24022346368713
 5 -41.22905027932961
 143 -39.21787709497207
 295 -37.20670391061452
 444 -35.19553072625698
 105 -33.18435754189943
 48 -31.17318435754188
 154 -29.16201117318434
 4 -27.15083798882682
 63 -25.13966480446928
 590 -23.12849162011173
 161 -21.11731843575419
 37 -19.10614525139664
 9 -17.09497206703909
 41 -15.08379888268155
 169 -13.072625698324
 4 -11.06145251396646
 554 -9.050279329608941
 1 -7.039106145251395
 141 -5.02793296089385
 21 -3.016759776536304
 2 -1.005586592178759
 15 1.005586592178787
 141 3.016759776536333
 2 5.02793296089385
 522 7.039106145251395
 8 9.050279329608941
 132 11.06145251396649
 41 13.07262569832403
 12 15.08379888268158
 49 17.09497206703912
 85 19.10614525139667
 500 21.11731843575421
 55 23.12849162011173
 83 25.13966480446928
 95 27.15083798882682
 57 29.16201117318437
 221 31.17318435754191
 295 33.18435754189946
 242 35.195530726257
 157 37.20670391061452
 28 39.21787709497207
 276 41.22905027932961
 1 43.24022346368716
 112 45.2513966480447
 48 47.26256983240225
 199 49.27374301675979
 83 51.28491620111734
 209 53.29608938547489
 75 55.3072625698324
 114 57.31843575418995
 249 59.32960893854749
 68 61.34078212290504
 100 63.35195530726259
 62 65.36312849162013
 96 67.37430167597768
 26 69.38547486033519
 34 71.39664804469274
 45 73.40782122905028
 1 75.41899441340783
 4 77.43016759776538
 0 79.44134078212289
 0 81.45251396648047
 1 83.46368715083798
 3 85.47486033519556
 11 87.48603351955308
 7506 89.49720670391065
 9 91.50837988826817
 1 93.51955307262574
 1 95.53072625698326
 0 97.54189944134077
 7 99.55307262569835
 14 101.5642458100559
 15 103.5754189944134
 26 105.586592178771
 29 107.5977653631285
 103 109.608938547486
 107 111.6201117318436
 113 113.6312849162011
 3 115.6424581005587
 205 117.6536312849162
 141 119.6648044692737
 83 121.6759776536313
 159 123.6871508379888
 173 125.6983240223464
 68 127.7094972067039
 172 129.7206703910614
 166 131.731843575419
 0 133.7430167597765
 98 135.7541899441341
 148 137.7653631284916
 86 139.7765363128492
 126 141.7877094972067
 450 143.7988826815642
 130 145.8100558659218
 196 147.8212290502793
 41 149.8324022346369
 155 151.8435754189944
 57 153.854748603352
 482 155.8659217877095
 45 157.8770949720671
 128 159.8882681564246
 57 161.8994413407821
 45 163.9106145251397
 22 165.9217877094972
 138 167.9329608938548
 212 169.9441340782123
 351 171.9553072625699
 3 173.9664804469274
 129 175.9776536312849
 2 177.9888268156425
 0 180


