# Created by Octave 3.8.2, Mon Jun 22 06:10:53 2020 CEST <damian@fptrucha.inv.usc.es>
# name: hd
# type: matrix
# rows: 180
# columns: 2
 5 -180
 142 -177.9888268156425
 5 -175.9776536312849
 325 -173.9664804469274
 232 -171.9553072625698
 126 -169.9441340782123
 33 -167.9329608938548
 41 -165.9217877094972
 64 -163.9106145251397
 131 -161.8994413407821
 46 -159.8882681564246
 499 -157.877094972067
 69 -155.8659217877095
 145 -153.854748603352
 48 -151.8435754189944
 67 -149.8324022346369
 213 -147.8212290502793
 561 -145.8100558659218
 117 -143.7988826815642
 101 -141.7877094972067
 169 -139.7765363128491
 125 -137.7653631284916
 7 -135.7541899441341
 167 -133.7430167597765
 126 -131.731843575419
 70 -129.7206703910614
 167 -127.7094972067039
 211 -125.6983240223464
 83 -123.6871508379888
 152 -121.6759776536313
 211 -119.6648044692737
 8 -117.6536312849162
 113 -115.6424581005587
 120 -113.6312849162011
 112 -111.6201117318436
 22 -109.608938547486
 39 -107.5977653631285
 16 -105.5865921787709
 17 -103.5754189944134
 6 -101.5642458100559
 0 -99.55307262569832
 1 -97.54189944134077
 5 -95.53072625698323
 10 -93.5195530726257
 7452 -91.50837988826815
 19 -89.49720670391061
 9 -87.48603351955308
 2 -85.47486033519553
 1 -83.46368715083798
 2 -81.45251396648044
 8 -79.44134078212289
 4 -77.43016759776536
 50 -75.41899441340782
 38 -73.40782122905027
 34 -71.39664804469274
 125 -69.38547486033519
 63 -67.37430167597765
 98 -65.3631284916201
 53 -63.35195530726256
 244 -61.34078212290503
 141 -59.32960893854748
 197 -57.31843575418993
 72 -55.3072625698324
 57 -53.29608938547486
 233 -51.28491620111731
 44 -49.27374301675977
 132 -47.26256983240222
 4 -45.25139664804468
 293 -43.24022346368713
 7 -41.22905027932961
 162 -39.21787709497207
 245 -37.20670391061452
 457 -35.19553072625698
 106 -33.18435754189943
 46 -31.17318435754188
 147 -29.16201117318434
 7 -27.15083798882682
 64 -25.13966480446928
 525 -23.12849162011173
 109 -21.11731843575419
 60 -19.10614525139664
 13 -17.09497206703909
 45 -15.08379888268155
 168 -13.072625698324
 10 -11.06145251396646
 554 -9.050279329608941
 3 -7.039106145251395
 118 -5.02793296089385
 21 -3.016759776536304
 0 -1.005586592178759
 35 1.005586592178787
 125 3.016759776536333
 5 5.02793296089385
 536 7.039106145251395
 14 9.050279329608941
 151 11.06145251396649
 41 13.07262569832403
 13 15.08379888268158
 48 17.09497206703912
 117 19.10614525139667
 500 21.11731843575421
 50 23.12849162011173
 82 25.13966480446928
 96 27.15083798882682
 60 29.16201117318437
 192 31.17318435754191
 329 33.18435754189946
 198 35.195530726257
 134 37.20670391061452
 41 39.21787709497207
 269 41.22905027932961
 2 43.24022346368716
 115 45.2513966480447
 55 47.26256983240225
 202 49.27374301675979
 79 51.28491620111734
 172 53.29608938547489
 73 55.3072625698324
 131 57.31843575418995
 268 59.32960893854749
 50 61.34078212290504
 114 63.35195530726259
 73 65.36312849162013
 113 67.37430167597768
 42 69.38547486033519
 28 71.39664804469274
 42 73.40782122905028
 10 75.41899441340783
 5 77.43016759776538
 3 79.44134078212289
 3 81.45251396648047
 5 83.46368715083798
 6 85.47486033519556
 17 87.48603351955308
 7054 89.49720670391065
 4 91.50837988826817
 6 93.51955307262574
 4 95.53072625698326
 1 97.54189944134077
 5 99.55307262569835
 10 101.5642458100559
 15 103.5754189944134
 45 105.586592178771
 20 107.5977653631285
 119 109.608938547486
 108 111.6201117318436
 106 113.6312849162011
 4 115.6424581005587
 171 117.6536312849162
 150 119.6648044692737
 85 121.6759776536313
 157 123.6871508379888
 165 125.6983240223464
 88 127.7094972067039
 183 129.7206703910614
 186 131.731843575419
 1 133.7430167597765
 122 135.7541899441341
 201 137.7653631284916
 87 139.7765363128492
 129 141.7877094972067
 444 143.7988826815642
 102 145.8100558659218
 180 147.8212290502793
 48 149.8324022346369
 122 151.8435754189944
 59 153.854748603352
 511 155.8659217877095
 46 157.8770949720671
 116 159.8882681564246
 67 161.8994413407821
 43 163.9106145251397
 25 165.9217877094972
 151 167.9329608938548
 218 169.9441340782123
 341 171.9553072625699
 6 173.9664804469274
 183 175.9776536312849
 6 177.9888268156425
 0 180


