# Created by Octave 3.8.2, Mon Jun 22 02:58:37 2020 CEST <damian@fptrucha.inv.usc.es>
# name: hd
# type: matrix
# rows: 180
# columns: 2
 4 -180
 168 -177.9888268156425
 3 -175.9776536312849
 346 -173.9664804469274
 208 -171.9553072625698
 136 -169.9441340782123
 30 -167.9329608938548
 31 -165.9217877094972
 63 -163.9106145251397
 167 -161.8994413407821
 47 -159.8882681564246
 521 -157.877094972067
 62 -155.8659217877095
 123 -153.854748603352
 49 -151.8435754189944
 66 -149.8324022346369
 230 -147.8212290502793
 529 -145.8100558659218
 133 -143.7988826815642
 86 -141.7877094972067
 154 -139.7765363128491
 115 -137.7653631284916
 6 -135.7541899441341
 147 -133.7430167597765
 148 -131.731843575419
 84 -129.7206703910614
 153 -127.7094972067039
 192 -125.6983240223464
 102 -123.6871508379888
 163 -121.6759776536313
 179 -119.6648044692737
 6 -117.6536312849162
 102 -115.6424581005587
 116 -113.6312849162011
 119 -111.6201117318436
 22 -109.608938547486
 42 -107.5977653631285
 21 -105.5865921787709
 11 -103.5754189944134
 4 -101.5642458100559
 0 -99.55307262569832
 3 -97.54189944134077
 4 -95.53072625698323
 11 -93.5195530726257
 7296 -91.50837988826815
 21 -89.49720670391061
 1 -87.48603351955308
 1 -85.47486033519553
 2 -83.46368715083798
 2 -81.45251396648044
 9 -79.44134078212289
 6 -77.43016759776536
 48 -75.41899441340782
 24 -73.40782122905027
 46 -71.39664804469274
 108 -69.38547486033519
 70 -67.37430167597765
 99 -65.3631284916201
 57 -63.35195530726256
 269 -61.34078212290503
 156 -59.32960893854748
 205 -57.31843575418993
 82 -55.3072625698324
 61 -53.29608938547486
 223 -51.28491620111731
 51 -49.27374301675977
 136 -47.26256983240222
 7 -45.25139664804468
 248 -43.24022346368713
 5 -41.22905027932961
 151 -39.21787709497207
 257 -37.20670391061452
 397 -35.19553072625698
 124 -33.18435754189943
 67 -31.17318435754188
 142 -29.16201117318434
 10 -27.15083798882682
 66 -25.13966480446928
 500 -23.12849162011173
 132 -21.11731843575419
 55 -19.10614525139664
 16 -17.09497206703909
 52 -15.08379888268155
 137 -13.072625698324
 16 -11.06145251396646
 512 -9.050279329608941
 1 -7.039106145251395
 126 -5.02793296089385
 17 -3.016759776536304
 11 -1.005586592178759
 23 1.005586592178787
 169 3.016759776536333
 10 5.02793296089385
 506 7.039106145251395
 12 9.050279329608941
 146 11.06145251396649
 41 13.07262569832403
 8 15.08379888268158
 53 17.09497206703912
 108 19.10614525139667
 479 21.11731843575421
 55 23.12849162011173
 87 25.13966480446928
 110 27.15083798882682
 58 29.16201117318437
 199 31.17318435754191
 316 33.18435754189946
 214 35.195530726257
 146 37.20670391061452
 43 39.21787709497207
 257 41.22905027932961
 2 43.24022346368716
 125 45.2513966480447
 56 47.26256983240225
 221 49.27374301675979
 86 51.28491620111734
 200 53.29608938547489
 70 55.3072625698324
 115 57.31843575418995
 245 59.32960893854749
 43 61.34078212290504
 101 63.35195530726259
 49 65.36312849162013
 104 67.37430167597768
 62 69.38547486033519
 23 71.39664804469274
 53 73.40782122905028
 8 75.41899441340783
 17 77.43016759776538
 6 79.44134078212289
 0 81.45251396648047
 4 83.46368715083798
 1 85.47486033519556
 19 87.48603351955308
 7170 89.49720670391065
 9 91.50837988826817
 8 93.51955307262574
 6 95.53072625698326
 2 97.54189944134077
 8 99.55307262569835
 11 101.5642458100559
 17 103.5754189944134
 33 105.586592178771
 26 107.5977653631285
 102 109.608938547486
 99 111.6201117318436
 103 113.6312849162011
 2 115.6424581005587
 186 117.6536312849162
 165 119.6648044692737
 102 121.6759776536313
 180 123.6871508379888
 169 125.6983240223464
 91 127.7094972067039
 172 129.7206703910614
 191 131.731843575419
 2 133.7430167597765
 112 135.7541899441341
 196 137.7653631284916
 91 139.7765363128492
 139 141.7877094972067
 468 143.7988826815642
 96 145.8100558659218
 230 147.8212290502793
 45 149.8324022346369
 135 151.8435754189944
 70 153.854748603352
 491 155.8659217877095
 48 157.8770949720671
 129 159.8882681564246
 71 161.8994413407821
 36 163.9106145251397
 21 165.9217877094972
 119 167.9329608938548
 229 169.9441340782123
 317 171.9553072625699
 5 173.9664804469274
 154 175.9776536312849
 5 177.9888268156425
 0 180


