# Created by Octave 3.8.2, Mon Jun 22 17:20:19 2020 CEST <damian@fptrucha.inv.usc.es>
# name: hd
# type: matrix
# rows: 180
# columns: 2
 6 -180
 190 -177.9888268156425
 5 -175.9776536312849
 402 -173.9664804469274
 248 -171.9553072625698
 170 -169.9441340782123
 44 -167.9329608938548
 33 -165.9217877094972
 75 -163.9106145251397
 165 -161.8994413407821
 49 -159.8882681564246
 592 -157.877094972067
 85 -155.8659217877095
 115 -153.854748603352
 36 -151.8435754189944
 80 -149.8324022346369
 229 -147.8212290502793
 622 -145.8100558659218
 136 -143.7988826815642
 104 -141.7877094972067
 167 -139.7765363128491
 117 -137.7653631284916
 3 -135.7541899441341
 176 -133.7430167597765
 140 -131.731843575419
 90 -129.7206703910614
 199 -127.7094972067039
 215 -125.6983240223464
 109 -123.6871508379888
 201 -121.6759776536313
 204 -119.6648044692737
 6 -117.6536312849162
 111 -115.6424581005587
 118 -113.6312849162011
 137 -111.6201117318436
 27 -109.608938547486
 53 -107.5977653631285
 23 -105.5865921787709
 15 -103.5754189944134
 4 -101.5642458100559
 2 -99.55307262569832
 1 -97.54189944134077
 4 -95.53072625698323
 9 -93.5195530726257
 8318 -91.50837988826815
 18 -89.49720670391061
 5 -87.48603351955308
 1 -85.47486033519553
 0 -83.46368715083798
 2 -81.45251396648044
 9 -79.44134078212289
 9 -77.43016759776536
 42 -75.41899441340782
 30 -73.40782122905027
 62 -71.39664804469274
 88 -69.38547486033519
 69 -67.37430167597765
 109 -65.3631284916201
 63 -63.35195530726256
 257 -61.34078212290503
 136 -59.32960893854748
 221 -57.31843575418993
 123 -55.3072625698324
 88 -53.29608938547486
 225 -51.28491620111731
 65 -49.27374301675977
 128 -47.26256983240222
 6 -45.25139664804468
 292 -43.24022346368713
 4 -41.22905027932961
 162 -39.21787709497207
 312 -37.20670391061452
 477 -35.19553072625698
 110 -33.18435754189943
 73 -31.17318435754188
 179 -29.16201117318434
 13 -27.15083798882682
 70 -25.13966480446928
 606 -23.12849162011173
 138 -21.11731843575419
 63 -19.10614525139664
 12 -17.09497206703909
 48 -15.08379888268155
 180 -13.072625698324
 11 -11.06145251396646
 649 -9.050279329608941
 1 -7.039106145251395
 133 -5.02793296089385
 22 -3.016759776536304
 3 -1.005586592178759
 25 1.005586592178787
 150 3.016759776536333
 2 5.02793296089385
 561 7.039106145251395
 6 9.050279329608941
 150 11.06145251396649
 57 13.07262569832403
 10 15.08379888268158
 61 17.09497206703912
 139 19.10614525139667
 513 21.11731843575421
 52 23.12849162011173
 88 25.13966480446928
 103 27.15083798882682
 65 29.16201117318437
 186 31.17318435754191
 329 33.18435754189946
 244 35.195530726257
 143 37.20670391061452
 55 39.21787709497207
 319 41.22905027932961
 2 43.24022346368716
 134 45.2513966480447
 67 47.26256983240225
 248 49.27374301675979
 75 51.28491620111734
 205 53.29608938547489
 77 55.3072625698324
 161 57.31843575418995
 279 59.32960893854749
 64 61.34078212290504
 132 63.35195530726259
 86 65.36312849162013
 126 67.37430167597768
 37 69.38547486033519
 41 71.39664804469274
 57 73.40782122905028
 9 75.41899441340783
 7 77.43016759776538
 8 79.44134078212289
 2 81.45251396648047
 3 83.46368715083798
 4 85.47486033519556
 11 87.48603351955308
 7616 89.49720670391065
 5 91.50837988826817
 3 93.51955307262574
 3 95.53072625698326
 0 97.54189944134077
 4 99.55307262569835
 18 101.5642458100559
 30 103.5754189944134
 45 105.586592178771
 33 107.5977653631285
 139 109.608938547486
 142 111.6201117318436
 154 113.6312849162011
 5 115.6424581005587
 211 117.6536312849162
 162 119.6648044692737
 75 121.6759776536313
 170 123.6871508379888
 174 125.6983240223464
 81 127.7094972067039
 195 129.7206703910614
 185 131.731843575419
 2 133.7430167597765
 122 135.7541899441341
 174 137.7653631284916
 99 139.7765363128492
 126 141.7877094972067
 511 143.7988826815642
 118 145.8100558659218
 189 147.8212290502793
 56 149.8324022346369
 150 151.8435754189944
 68 153.854748603352
 560 155.8659217877095
 55 157.8770949720671
 159 159.8882681564246
 83 161.8994413407821
 41 163.9106145251397
 22 165.9217877094972
 139 167.9329608938548
 234 169.9441340782123
 368 171.9553072625699
 3 173.9664804469274
 150 175.9776536312849
 3 177.9888268156425
 0 180


