# Created by Octave 3.8.2, Mon Jun 22 21:52:25 2020 CEST <damian@fptrucha.inv.usc.es>
# name: hd
# type: matrix
# rows: 180
# columns: 2
 3 -180
 177 -177.9888268156425
 4 -175.9776536312849
 413 -173.9664804469274
 242 -171.9553072625698
 148 -169.9441340782123
 34 -167.9329608938548
 37 -165.9217877094972
 59 -163.9106145251397
 134 -161.8994413407821
 53 -159.8882681564246
 623 -157.877094972067
 75 -155.8659217877095
 133 -153.854748603352
 49 -151.8435754189944
 87 -149.8324022346369
 253 -147.8212290502793
 622 -145.8100558659218
 130 -143.7988826815642
 106 -141.7877094972067
 199 -139.7765363128491
 117 -137.7653631284916
 6 -135.7541899441341
 174 -133.7430167597765
 153 -131.731843575419
 83 -129.7206703910614
 198 -127.7094972067039
 230 -125.6983240223464
 135 -123.6871508379888
 206 -121.6759776536313
 221 -119.6648044692737
 1 -117.6536312849162
 115 -115.6424581005587
 136 -113.6312849162011
 139 -111.6201117318436
 27 -109.608938547486
 44 -107.5977653631285
 30 -105.5865921787709
 10 -103.5754189944134
 4 -101.5642458100559
 0 -99.55307262569832
 0 -97.54189944134077
 5 -95.53072625698323
 10 -93.5195530726257
 8673 -91.50837988826815
 19 -89.49720670391061
 5 -87.48603351955308
 4 -85.47486033519553
 0 -83.46368715083798
 1 -81.45251396648044
 6 -79.44134078212289
 10 -77.43016759776536
 51 -75.41899441340782
 30 -73.40782122905027
 62 -71.39664804469274
 137 -69.38547486033519
 82 -67.37430167597765
 115 -65.3631284916201
 57 -63.35195530726256
 245 -61.34078212290503
 134 -59.32960893854748
 234 -57.31843575418993
 95 -55.3072625698324
 81 -53.29608938547486
 248 -51.28491620111731
 73 -49.27374301675977
 119 -47.26256983240222
 1 -45.25139664804468
 322 -43.24022346368713
 6 -41.22905027932961
 181 -39.21787709497207
 302 -37.20670391061452
 438 -35.19553072625698
 119 -33.18435754189943
 61 -31.17318435754188
 179 -29.16201117318434
 9 -27.15083798882682
 64 -25.13966480446928
 613 -23.12849162011173
 160 -21.11731843575419
 72 -19.10614525139664
 14 -17.09497206703909
 50 -15.08379888268155
 185 -13.072625698324
 8 -11.06145251396646
 583 -9.050279329608941
 2 -7.039106145251395
 144 -5.02793296089385
 18 -3.016759776536304
 7 -1.005586592178759
 23 1.005586592178787
 132 3.016759776536333
 4 5.02793296089385
 576 7.039106145251395
 10 9.050279329608941
 162 11.06145251396649
 53 13.07262569832403
 11 15.08379888268158
 63 17.09497206703912
 139 19.10614525139667
 563 21.11731843575421
 71 23.12849162011173
 85 25.13966480446928
 86 27.15083798882682
 57 29.16201117318437
 195 31.17318435754191
 373 33.18435754189946
 287 35.195530726257
 188 37.20670391061452
 34 39.21787709497207
 270 41.22905027932961
 7 43.24022346368716
 119 45.2513966480447
 76 47.26256983240225
 253 49.27374301675979
 78 51.28491620111734
 203 53.29608938547489
 89 55.3072625698324
 133 57.31843575418995
 276 59.32960893854749
 70 61.34078212290504
 116 63.35195530726259
 78 65.36312849162013
 140 67.37430167597768
 53 69.38547486033519
 40 71.39664804469274
 52 73.40782122905028
 14 75.41899441340783
 12 77.43016759776538
 5 79.44134078212289
 1 81.45251396648047
 2 83.46368715083798
 9 85.47486033519556
 16 87.48603351955308
 7963 89.49720670391065
 7 91.50837988826817
 4 93.51955307262574
 3 95.53072625698326
 2 97.54189944134077
 1 99.55307262569835
 12 101.5642458100559
 28 103.5754189944134
 44 105.586592178771
 24 107.5977653631285
 110 109.608938547486
 124 111.6201117318436
 133 113.6312849162011
 3 115.6424581005587
 195 117.6536312849162
 180 119.6648044692737
 94 121.6759776536313
 196 123.6871508379888
 171 125.6983240223464
 68 127.7094972067039
 196 129.7206703910614
 176 131.731843575419
 6 133.7430167597765
 128 135.7541899441341
 160 137.7653631284916
 98 139.7765363128492
 152 141.7877094972067
 506 143.7988826815642
 126 145.8100558659218
 220 147.8212290502793
 45 149.8324022346369
 153 151.8435754189944
 60 153.854748603352
 504 155.8659217877095
 49 157.8770949720671
 152 159.8882681564246
 79 161.8994413407821
 50 163.9106145251397
 23 165.9217877094972
 152 167.9329608938548
 247 169.9441340782123
 384 171.9553072625699
 10 173.9664804469274
 165 175.9776536312849
 6 177.9888268156425
 0 180


