# Created by Octave 3.8.2, Sun Jun 21 07:22:03 2020 CEST <damian@fptrucha.inv.usc.es>
# name: hd
# type: matrix
# rows: 180
# columns: 2
 5 -180
 162 -177.9888268156425
 0 -175.9776536312849
 331 -173.9664804469274
 250 -171.9553072625698
 135 -169.9441340782123
 27 -167.9329608938548
 37 -165.9217877094972
 48 -163.9106145251397
 165 -161.8994413407821
 35 -159.8882681564246
 654 -157.877094972067
 58 -155.8659217877095
 124 -153.854748603352
 35 -151.8435754189944
 63 -149.8324022346369
 209 -147.8212290502793
 618 -145.8100558659218
 114 -143.7988826815642
 90 -141.7877094972067
 163 -139.7765363128491
 89 -137.7653631284916
 2 -135.7541899441341
 140 -133.7430167597765
 172 -131.731843575419
 81 -129.7206703910614
 178 -127.7094972067039
 230 -125.6983240223464
 83 -123.6871508379888
 178 -121.6759776536313
 132 -119.6648044692737
 3 -117.6536312849162
 102 -115.6424581005587
 120 -113.6312849162011
 126 -111.6201117318436
 8 -109.608938547486
 25 -107.5977653631285
 20 -105.5865921787709
 9 -103.5754189944134
 0 -101.5642458100559
 2 -99.55307262569832
 1 -97.54189944134077
 0 -95.53072625698323
 2 -93.5195530726257
 8145 -91.50837988826815
 9 -89.49720670391061
 1 -87.48603351955308
 2 -85.47486033519553
 0 -83.46368715083798
 2 -81.45251396648044
 3 -79.44134078212289
 3 -77.43016759776536
 41 -75.41899441340782
 19 -73.40782122905027
 61 -71.39664804469274
 126 -69.38547486033519
 72 -67.37430167597765
 99 -65.3631284916201
 46 -63.35195530726256
 259 -61.34078212290503
 147 -59.32960893854748
 221 -57.31843575418993
 86 -55.3072625698324
 84 -53.29608938547486
 217 -51.28491620111731
 51 -49.27374301675977
 103 -47.26256983240222
 2 -45.25139664804468
 272 -43.24022346368713
 3 -41.22905027932961
 147 -39.21787709497207
 293 -37.20670391061452
 464 -35.19553072625698
 109 -33.18435754189943
 53 -31.17318435754188
 135 -29.16201117318434
 10 -27.15083798882682
 49 -25.13966480446928
 618 -23.12849162011173
 131 -21.11731843575419
 40 -19.10614525139664
 6 -17.09497206703909
 37 -15.08379888268155
 132 -13.072625698324
 8 -11.06145251396646
 546 -9.050279329608941
 2 -7.039106145251395
 121 -5.02793296089385
 18 -3.016759776536304
 3 -1.005586592178759
 23 1.005586592178787
 129 3.016759776536333
 4 5.02793296089385
 547 7.039106145251395
 7 9.050279329608941
 110 11.06145251396649
 45 13.07262569832403
 11 15.08379888268158
 60 17.09497206703912
 110 19.10614525139667
 506 21.11731843575421
 71 23.12849162011173
 83 25.13966480446928
 94 27.15083798882682
 57 29.16201117318437
 203 31.17318435754191
 298 33.18435754189946
 255 35.195530726257
 161 37.20670391061452
 29 39.21787709497207
 290 41.22905027932961
 0 43.24022346368716
 112 45.2513966480447
 46 47.26256983240225
 215 49.27374301675979
 72 51.28491620111734
 220 53.29608938547489
 65 55.3072625698324
 136 57.31843575418995
 242 59.32960893854749
 60 61.34078212290504
 95 63.35195530726259
 72 65.36312849162013
 113 67.37430167597768
 57 69.38547486033519
 31 71.39664804469274
 49 73.40782122905028
 9 75.41899441340783
 8 77.43016759776538
 3 79.44134078212289
 0 81.45251396648047
 0 83.46368715083798
 4 85.47486033519556
 8 87.48603351955308
 7574 89.49720670391065
 1 91.50837988826817
 2 93.51955307262574
 1 95.53072625698326
 1 97.54189944134077
 3 99.55307262569835
 15 101.5642458100559
 23 103.5754189944134
 36 105.586592178771
 20 107.5977653631285
 108 109.608938547486
 129 111.6201117318436
 95 113.6312849162011
 4 115.6424581005587
 203 117.6536312849162
 146 119.6648044692737
 78 121.6759776536313
 173 123.6871508379888
 179 125.6983240223464
 73 127.7094972067039
 130 129.7206703910614
 159 131.731843575419
 3 133.7430167597765
 104 135.7541899441341
 171 137.7653631284916
 101 139.7765363128492
 133 141.7877094972067
 455 143.7988826815642
 128 145.8100558659218
 181 147.8212290502793
 49 149.8324022346369
 144 151.8435754189944
 58 153.854748603352
 460 155.8659217877095
 55 157.8770949720671
 113 159.8882681564246
 58 161.8994413407821
 47 163.9106145251397
 16 165.9217877094972
 120 167.9329608938548
 233 169.9441340782123
 322 171.9553072625699
 2 173.9664804469274
 120 175.9776536312849
 4 177.9888268156425
 0 180


