# Created by Octave 3.8.2, Mon Jun 22 02:27:22 2020 CEST <damian@fptrucha.inv.usc.es>
# name: hd
# type: matrix
# rows: 180
# columns: 2
 1 -180
 32 -177.9888268156425
 2 -175.9776536312849
 40 -173.9664804469274
 12 -171.9553072625698
 6 -169.9441340782123
 3 -167.9329608938548
 1 -165.9217877094972
 2 -163.9106145251397
 16 -161.8994413407821
 2 -159.8882681564246
 15 -157.877094972067
 2 -155.8659217877095
 2 -153.854748603352
 1 -151.8435754189944
 3 -149.8324022346369
 12 -147.8212290502793
 35 -145.8100558659218
 4 -143.7988826815642
 3 -141.7877094972067
 8 -139.7765363128491
 0 -137.7653631284916
 1 -135.7541899441341
 2 -133.7430167597765
 15 -131.731843575419
 0 -129.7206703910614
 36 -127.7094972067039
 8 -125.6983240223464
 1 -123.6871508379888
 9 -121.6759776536313
 5 -119.6648044692737
 0 -117.6536312849162
 2 -115.6424581005587
 27 -113.6312849162011
 7 -111.6201117318436
 0 -109.608938547486
 5 -107.5977653631285
 2 -105.5865921787709
 0 -103.5754189944134
 0 -101.5642458100559
 0 -99.55307262569832
 2 -97.54189944134077
 1 -95.53072625698323
 3 -93.5195530726257
 302 -91.50837988826815
 5 -89.49720670391061
 2 -87.48603351955308
 4 -85.47486033519553
 0 -83.46368715083798
 0 -81.45251396648044
 8 -79.44134078212289
 0 -77.43016759776536
 4 -75.41899441340782
 0 -73.40782122905027
 4 -71.39664804469274
 15 -69.38547486033519
 9 -67.37430167597765
 1 -65.3631284916201
 5 -63.35195530726256
 16 -61.34078212290503
 2 -59.32960893854748
 5 -57.31843575418993
 18 -55.3072625698324
 12 -53.29608938547486
 9 -51.28491620111731
 2 -49.27374301675977
 2 -47.26256983240222
 0 -45.25139664804468
 10 -43.24022346368713
 0 -41.22905027932961
 4 -39.21787709497207
 22 -37.20670391061452
 25 -35.19553072625698
 0 -33.18435754189943
 4 -31.17318435754188
 0 -29.16201117318434
 1 -27.15083798882682
 7 -25.13966480446928
 12 -23.12849162011173
 12 -21.11731843575419
 0 -19.10614525139664
 1 -17.09497206703909
 3 -15.08379888268155
 5 -13.072625698324
 0 -11.06145251396646
 54 -9.050279329608941
 2 -7.039106145251395
 24 -5.02793296089385
 5 -3.016759776536304
 0 -1.005586592178759
 2 1.005586592178787
 0 3.016759776536333
 0 5.02793296089385
 6 7.039106145251395
 0 9.050279329608941
 3 11.06145251396649
 3 13.07262569832403
 1 15.08379888268158
 2 17.09497206703912
 1 19.10614525139667
 1 21.11731843575421
 17 23.12849162011173
 2 25.13966480446928
 3 27.15083798882682
 0 29.16201117318437
 8 31.17318435754191
 0 33.18435754189946
 3 35.195530726257
 4 37.20670391061452
 1 39.21787709497207
 26 41.22905027932961
 0 43.24022346368716
 10 45.2513966480447
 1 47.26256983240225
 1 49.27374301675979
 1 51.28491620111734
 1 53.29608938547489
 2 55.3072625698324
 2 57.31843575418995
 3 59.32960893854749
 1 61.34078212290504
 12 63.35195530726259
 0 65.36312849162013
 2 67.37430167597768
 0 69.38547486033519
 8 71.39664804469274
 1 73.40782122905028
 0 75.41899441340783
 0 77.43016759776538
 0 79.44134078212289
 0 81.45251396648047
 1 83.46368715083798
 0 85.47486033519556
 6 87.48603351955308
 100 89.49720670391065
 3 91.50837988826817
 0 93.51955307262574
 1 95.53072625698326
 0 97.54189944134077
 0 99.55307262569835
 2 101.5642458100559
 0 103.5754189944134
 5 105.586592178771
 5 107.5977653631285
 0 109.608938547486
 0 111.6201117318436
 10 113.6312849162011
 0 115.6424581005587
 9 117.6536312849162
 0 119.6648044692737
 8 121.6759776536313
 0 123.6871508379888
 3 125.6983240223464
 0 127.7094972067039
 2 129.7206703910614
 7 131.731843575419
 0 133.7430167597765
 10 135.7541899441341
 18 137.7653631284916
 0 139.7765363128492
 3 141.7877094972067
 0 143.7988826815642
 4 145.8100558659218
 4 147.8212290502793
 0 149.8324022346369
 4 151.8435754189944
 18 153.854748603352
 0 155.8659217877095
 2 157.8770949720671
 0 159.8882681564246
 5 161.8994413407821
 3 163.9106145251397
 1 165.9217877094972
 0 167.9329608938548
 2 169.9441340782123
 0 171.9553072625699
 0 173.9664804469274
 1 175.9776536312849
 0 177.9888268156425
 0 180


