# Created by Octave 3.8.2, Mon Jun 22 08:19:33 2020 CEST <damian@fptrucha.inv.usc.es>
# name: hd
# type: matrix
# rows: 180
# columns: 2
 2 -180
 154 -177.9888268156425
 5 -175.9776536312849
 371 -173.9664804469274
 188 -171.9553072625698
 154 -169.9441340782123
 30 -167.9329608938548
 47 -165.9217877094972
 72 -163.9106145251397
 157 -161.8994413407821
 40 -159.8882681564246
 481 -157.877094972067
 73 -155.8659217877095
 133 -153.854748603352
 34 -151.8435754189944
 61 -149.8324022346369
 240 -147.8212290502793
 531 -145.8100558659218
 123 -143.7988826815642
 93 -141.7877094972067
 187 -139.7765363128491
 112 -137.7653631284916
 6 -135.7541899441341
 165 -133.7430167597765
 166 -131.731843575419
 87 -129.7206703910614
 173 -127.7094972067039
 206 -125.6983240223464
 104 -123.6871508379888
 152 -121.6759776536313
 166 -119.6648044692737
 5 -117.6536312849162
 124 -115.6424581005587
 127 -113.6312849162011
 132 -111.6201117318436
 23 -109.608938547486
 42 -107.5977653631285
 24 -105.5865921787709
 18 -103.5754189944134
 4 -101.5642458100559
 2 -99.55307262569832
 2 -97.54189944134077
 7 -95.53072625698323
 11 -93.5195530726257
 7572 -91.50837988826815
 16 -89.49720670391061
 2 -87.48603351955308
 1 -85.47486033519553
 0 -83.46368715083798
 5 -81.45251396648044
 6 -79.44134078212289
 9 -77.43016759776536
 46 -75.41899441340782
 28 -73.40782122905027
 54 -71.39664804469274
 112 -69.38547486033519
 83 -67.37430167597765
 110 -65.3631284916201
 58 -63.35195530726256
 270 -61.34078212290503
 153 -59.32960893854748
 200 -57.31843575418993
 94 -55.3072625698324
 87 -53.29608938547486
 211 -51.28491620111731
 49 -49.27374301675977
 101 -47.26256983240222
 5 -45.25139664804468
 291 -43.24022346368713
 3 -41.22905027932961
 153 -39.21787709497207
 289 -37.20670391061452
 413 -35.19553072625698
 115 -33.18435754189943
 56 -31.17318435754188
 148 -29.16201117318434
 14 -27.15083798882682
 64 -25.13966480446928
 569 -23.12849162011173
 143 -21.11731843575419
 55 -19.10614525139664
 9 -17.09497206703909
 34 -15.08379888268155
 143 -13.072625698324
 11 -11.06145251396646
 596 -9.050279329608941
 5 -7.039106145251395
 138 -5.02793296089385
 20 -3.016759776536304
 2 -1.005586592178759
 25 1.005586592178787
 113 3.016759776536333
 6 5.02793296089385
 530 7.039106145251395
 14 9.050279329608941
 148 11.06145251396649
 39 13.07262569832403
 15 15.08379888268158
 44 17.09497206703912
 124 19.10614525139667
 538 21.11731843575421
 69 23.12849162011173
 67 25.13966480446928
 86 27.15083798882682
 68 29.16201117318437
 207 31.17318435754191
 337 33.18435754189946
 253 35.195530726257
 159 37.20670391061452
 42 39.21787709497207
 305 41.22905027932961
 1 43.24022346368716
 117 45.2513966480447
 63 47.26256983240225
 205 49.27374301675979
 71 51.28491620111734
 194 53.29608938547489
 79 55.3072625698324
 142 57.31843575418995
 297 59.32960893854749
 57 61.34078212290504
 124 63.35195530726259
 74 65.36312849162013
 108 67.37430167597768
 45 69.38547486033519
 32 71.39664804469274
 51 73.40782122905028
 5 75.41899441340783
 16 77.43016759776538
 6 79.44134078212289
 2 81.45251396648047
 2 83.46368715083798
 6 85.47486033519556
 14 87.48603351955308
 7463 89.49720670391065
 11 91.50837988826817
 8 93.51955307262574
 1 95.53072625698326
 1 97.54189944134077
 4 99.55307262569835
 18 101.5642458100559
 26 103.5754189944134
 34 105.586592178771
 21 107.5977653631285
 92 109.608938547486
 125 111.6201117318436
 127 113.6312849162011
 5 115.6424581005587
 211 117.6536312849162
 180 119.6648044692737
 96 121.6759776536313
 166 123.6871508379888
 180 125.6983240223464
 73 127.7094972067039
 175 129.7206703910614
 189 131.731843575419
 4 133.7430167597765
 107 135.7541899441341
 157 137.7653631284916
 107 139.7765363128492
 135 141.7877094972067
 457 143.7988826815642
 113 145.8100558659218
 214 147.8212290502793
 36 149.8324022346369
 146 151.8435754189944
 63 153.854748603352
 476 155.8659217877095
 56 157.8770949720671
 125 159.8882681564246
 76 161.8994413407821
 44 163.9106145251397
 22 165.9217877094972
 129 167.9329608938548
 234 169.9441340782123
 350 171.9553072625699
 5 173.9664804469274
 154 175.9776536312849
 1 177.9888268156425
 0 180


