# Created by Octave 3.8.2, Mon Jun 22 02:19:53 2020 CEST <damian@fptrucha.inv.usc.es>
# name: hd
# type: matrix
# rows: 180
# columns: 2
 5 -180
 189 -177.9888268156425
 7 -175.9776536312849
 367 -173.9664804469274
 187 -171.9553072625698
 141 -169.9441340782123
 36 -167.9329608938548
 46 -165.9217877094972
 67 -163.9106145251397
 184 -161.8994413407821
 41 -159.8882681564246
 562 -157.877094972067
 70 -155.8659217877095
 138 -153.854748603352
 42 -151.8435754189944
 69 -149.8324022346369
 188 -147.8212290502793
 584 -145.8100558659218
 109 -143.7988826815642
 107 -141.7877094972067
 167 -139.7765363128491
 129 -137.7653631284916
 6 -135.7541899441341
 161 -133.7430167597765
 160 -131.731843575419
 84 -129.7206703910614
 203 -127.7094972067039
 205 -125.6983240223464
 111 -123.6871508379888
 167 -121.6759776536313
 174 -119.6648044692737
 3 -117.6536312849162
 114 -115.6424581005587
 128 -113.6312849162011
 116 -111.6201117318436
 24 -109.608938547486
 36 -107.5977653631285
 33 -105.5865921787709
 6 -103.5754189944134
 3 -101.5642458100559
 0 -99.55307262569832
 1 -97.54189944134077
 6 -95.53072625698323
 6 -93.5195530726257
 7768 -91.50837988826815
 14 -89.49720670391061
 2 -87.48603351955308
 0 -85.47486033519553
 1 -83.46368715083798
 5 -81.45251396648044
 6 -79.44134078212289
 7 -77.43016759776536
 48 -75.41899441340782
 19 -73.40782122905027
 53 -71.39664804469274
 113 -69.38547486033519
 81 -67.37430167597765
 112 -65.3631284916201
 63 -63.35195530726256
 270 -61.34078212290503
 135 -59.32960893854748
 196 -57.31843575418993
 91 -55.3072625698324
 67 -53.29608938547486
 259 -51.28491620111731
 45 -49.27374301675977
 105 -47.26256983240222
 3 -45.25139664804468
 312 -43.24022346368713
 4 -41.22905027932961
 169 -39.21787709497207
 279 -37.20670391061452
 422 -35.19553072625698
 108 -33.18435754189943
 62 -31.17318435754188
 162 -29.16201117318434
 11 -27.15083798882682
 59 -25.13966480446928
 546 -23.12849162011173
 146 -21.11731843575419
 46 -19.10614525139664
 19 -17.09497206703909
 48 -15.08379888268155
 166 -13.072625698324
 16 -11.06145251396646
 550 -9.050279329608941
 4 -7.039106145251395
 128 -5.02793296089385
 18 -3.016759776536304
 5 -1.005586592178759
 23 1.005586592178787
 121 3.016759776536333
 4 5.02793296089385
 537 7.039106145251395
 13 9.050279329608941
 174 11.06145251396649
 46 13.07262569832403
 15 15.08379888268158
 54 17.09497206703912
 130 19.10614525139667
 498 21.11731843575421
 59 23.12849162011173
 89 25.13966480446928
 101 27.15083798882682
 71 29.16201117318437
 216 31.17318435754191
 305 33.18435754189946
 249 35.195530726257
 157 37.20670391061452
 29 39.21787709497207
 310 41.22905027932961
 4 43.24022346368716
 111 45.2513966480447
 68 47.26256983240225
 221 49.27374301675979
 89 51.28491620111734
 209 53.29608938547489
 74 55.3072625698324
 140 57.31843575418995
 220 59.32960893854749
 67 61.34078212290504
 105 63.35195530726259
 80 65.36312849162013
 97 67.37430167597768
 47 69.38547486033519
 33 71.39664804469274
 49 73.40782122905028
 14 75.41899441340783
 8 77.43016759776538
 1 79.44134078212289
 1 81.45251396648047
 2 83.46368715083798
 4 85.47486033519556
 13 87.48603351955308
 7293 89.49720670391065
 9 91.50837988826817
 4 93.51955307262574
 0 95.53072625698326
 1 97.54189944134077
 4 99.55307262569835
 23 101.5642458100559
 20 103.5754189944134
 39 105.586592178771
 21 107.5977653631285
 132 109.608938547486
 115 111.6201117318436
 121 113.6312849162011
 1 115.6424581005587
 208 117.6536312849162
 154 119.6648044692737
 94 121.6759776536313
 174 123.6871508379888
 172 125.6983240223464
 78 127.7094972067039
 151 129.7206703910614
 168 131.731843575419
 4 133.7430167597765
 109 135.7541899441341
 194 137.7653631284916
 100 139.7765363128492
 142 141.7877094972067
 447 143.7988826815642
 132 145.8100558659218
 164 147.8212290502793
 44 149.8324022346369
 169 151.8435754189944
 59 153.854748603352
 437 155.8659217877095
 54 157.8770949720671
 134 159.8882681564246
 68 161.8994413407821
 62 163.9106145251397
 27 165.9217877094972
 128 167.9329608938548
 218 169.9441340782123
 312 171.9553072625699
 7 173.9664804469274
 173 175.9776536312849
 5 177.9888268156425
 0 180


