# Created by Octave 3.8.2, Sat Jun 20 22:52:42 2020 CEST <damian@fptrucha.inv.usc.es>
# name: hd
# type: matrix
# rows: 180
# columns: 2
 1 -180
 173 -177.9888268156425
 4 -175.9776536312849
 336 -173.9664804469274
 241 -171.9553072625698
 172 -169.9441340782123
 40 -167.9329608938548
 35 -165.9217877094972
 48 -163.9106145251397
 149 -161.8994413407821
 33 -159.8882681564246
 580 -157.877094972067
 65 -155.8659217877095
 125 -153.854748603352
 32 -151.8435754189944
 67 -149.8324022346369
 234 -147.8212290502793
 642 -145.8100558659218
 118 -143.7988826815642
 73 -141.7877094972067
 176 -139.7765363128491
 86 -137.7653631284916
 5 -135.7541899441341
 141 -133.7430167597765
 131 -131.731843575419
 72 -129.7206703910614
 160 -127.7094972067039
 204 -125.6983240223464
 90 -123.6871508379888
 189 -121.6759776536313
 189 -119.6648044692737
 3 -117.6536312849162
 102 -115.6424581005587
 107 -113.6312849162011
 115 -111.6201117318436
 22 -109.608938547486
 30 -107.5977653631285
 17 -105.5865921787709
 14 -103.5754189944134
 1 -101.5642458100559
 0 -99.55307262569832
 3 -97.54189944134077
 0 -95.53072625698323
 7 -93.5195530726257
 7912 -91.50837988826815
 9 -89.49720670391061
 1 -87.48603351955308
 0 -85.47486033519553
 0 -83.46368715083798
 1 -81.45251396648044
 7 -79.44134078212289
 5 -77.43016759776536
 44 -75.41899441340782
 28 -73.40782122905027
 53 -71.39664804469274
 121 -69.38547486033519
 66 -67.37430167597765
 98 -65.3631284916201
 39 -63.35195530726256
 289 -61.34078212290503
 154 -59.32960893854748
 213 -57.31843575418993
 84 -55.3072625698324
 72 -53.29608938547486
 209 -51.28491620111731
 55 -49.27374301675977
 105 -47.26256983240222
 2 -45.25139664804468
 232 -43.24022346368713
 0 -41.22905027932961
 141 -39.21787709497207
 319 -37.20670391061452
 439 -35.19553072625698
 99 -33.18435754189943
 56 -31.17318435754188
 130 -29.16201117318434
 12 -27.15083798882682
 63 -25.13966480446928
 636 -23.12849162011173
 135 -21.11731843575419
 46 -19.10614525139664
 15 -17.09497206703909
 40 -15.08379888268155
 160 -13.072625698324
 5 -11.06145251396646
 529 -9.050279329608941
 2 -7.039106145251395
 131 -5.02793296089385
 22 -3.016759776536304
 5 -1.005586592178759
 20 1.005586592178787
 120 3.016759776536333
 2 5.02793296089385
 520 7.039106145251395
 6 9.050279329608941
 118 11.06145251396649
 49 13.07262569832403
 14 15.08379888268158
 48 17.09497206703912
 108 19.10614525139667
 525 21.11731843575421
 56 23.12849162011173
 94 25.13966480446928
 119 27.15083798882682
 51 29.16201117318437
 253 31.17318435754191
 305 33.18435754189946
 239 35.195530726257
 146 37.20670391061452
 29 39.21787709497207
 262 41.22905027932961
 2 43.24022346368716
 128 45.2513966480447
 59 47.26256983240225
 235 49.27374301675979
 92 51.28491620111734
 176 53.29608938547489
 80 55.3072625698324
 147 57.31843575418995
 230 59.32960893854749
 73 61.34078212290504
 117 63.35195530726259
 71 65.36312849162013
 104 67.37430167597768
 42 69.38547486033519
 33 71.39664804469274
 40 73.40782122905028
 3 75.41899441340783
 10 77.43016759776538
 1 79.44134078212289
 1 81.45251396648047
 2 83.46368715083798
 3 85.47486033519556
 5 87.48603351955308
 7625 89.49720670391065
 5 91.50837988826817
 3 93.51955307262574
 2 95.53072625698326
 1 97.54189944134077
 3 99.55307262569835
 11 101.5642458100559
 30 103.5754189944134
 32 105.586592178771
 15 107.5977653631285
 116 109.608938547486
 119 111.6201117318436
 105 113.6312849162011
 2 115.6424581005587
 197 117.6536312849162
 139 119.6648044692737
 102 121.6759776536313
 154 123.6871508379888
 182 125.6983240223464
 74 127.7094972067039
 146 129.7206703910614
 162 131.731843575419
 1 133.7430167597765
 119 135.7541899441341
 182 137.7653631284916
 86 139.7765363128492
 127 141.7877094972067
 445 143.7988826815642
 114 145.8100558659218
 200 147.8212290502793
 42 149.8324022346369
 152 151.8435754189944
 54 153.854748603352
 465 155.8659217877095
 54 157.8770949720671
 111 159.8882681564246
 73 161.8994413407821
 57 163.9106145251397
 18 165.9217877094972
 128 167.9329608938548
 208 169.9441340782123
 311 171.9553072625699
 4 173.9664804469274
 157 175.9776536312849
 2 177.9888268156425
 0 180


