# Created by Octave 3.8.2, Mon Jun 22 11:11:21 2020 CEST <damian@fptrucha.inv.usc.es>
# name: hd
# type: matrix
# rows: 180
# columns: 2
 0 -180
 162 -177.9888268156425
 7 -175.9776536312849
 358 -173.9664804469274
 234 -171.9553072625698
 138 -169.9441340782123
 37 -167.9329608938548
 32 -165.9217877094972
 70 -163.9106145251397
 167 -161.8994413407821
 47 -159.8882681564246
 501 -157.877094972067
 68 -155.8659217877095
 137 -153.854748603352
 44 -151.8435754189944
 64 -149.8324022346369
 202 -147.8212290502793
 576 -145.8100558659218
 133 -143.7988826815642
 94 -141.7877094972067
 183 -139.7765363128491
 124 -137.7653631284916
 0 -135.7541899441341
 153 -133.7430167597765
 143 -131.731843575419
 68 -129.7206703910614
 187 -127.7094972067039
 216 -125.6983240223464
 101 -123.6871508379888
 166 -121.6759776536313
 188 -119.6648044692737
 6 -117.6536312849162
 105 -115.6424581005587
 125 -113.6312849162011
 117 -111.6201117318436
 36 -109.608938547486
 34 -107.5977653631285
 21 -105.5865921787709
 11 -103.5754189944134
 4 -101.5642458100559
 2 -99.55307262569832
 2 -97.54189944134077
 3 -95.53072625698323
 4 -93.5195530726257
 7863 -91.50837988826815
 17 -89.49720670391061
 4 -87.48603351955308
 1 -85.47486033519553
 3 -83.46368715083798
 3 -81.45251396648044
 8 -79.44134078212289
 3 -77.43016759776536
 63 -75.41899441340782
 32 -73.40782122905027
 64 -71.39664804469274
 102 -69.38547486033519
 72 -67.37430167597765
 84 -65.3631284916201
 44 -63.35195530726256
 218 -61.34078212290503
 155 -59.32960893854748
 212 -57.31843575418993
 80 -55.3072625698324
 74 -53.29608938547486
 217 -51.28491620111731
 54 -49.27374301675977
 123 -47.26256983240222
 0 -45.25139664804468
 272 -43.24022346368713
 5 -41.22905027932961
 179 -39.21787709497207
 272 -37.20670391061452
 446 -35.19553072625698
 109 -33.18435754189943
 57 -31.17318435754188
 158 -29.16201117318434
 7 -27.15083798882682
 58 -25.13966480446928
 569 -23.12849162011173
 126 -21.11731843575419
 45 -19.10614525139664
 18 -17.09497206703909
 56 -15.08379888268155
 163 -13.072625698324
 9 -11.06145251396646
 599 -9.050279329608941
 3 -7.039106145251395
 140 -5.02793296089385
 14 -3.016759776536304
 5 -1.005586592178759
 26 1.005586592178787
 134 3.016759776536333
 2 5.02793296089385
 542 7.039106145251395
 11 9.050279329608941
 150 11.06145251396649
 46 13.07262569832403
 11 15.08379888268158
 73 17.09497206703912
 136 19.10614525139667
 534 21.11731843575421
 65 23.12849162011173
 93 25.13966480446928
 87 27.15083798882682
 63 29.16201117318437
 192 31.17318435754191
 371 33.18435754189946
 249 35.195530726257
 146 37.20670391061452
 42 39.21787709497207
 291 41.22905027932961
 4 43.24022346368716
 136 45.2513966480447
 63 47.26256983240225
 257 49.27374301675979
 91 51.28491620111734
 202 53.29608938547489
 60 55.3072625698324
 154 57.31843575418995
 286 59.32960893854749
 67 61.34078212290504
 132 63.35195530726259
 80 65.36312849162013
 115 67.37430167597768
 51 69.38547486033519
 32 71.39664804469274
 63 73.40782122905028
 6 75.41899441340783
 5 77.43016759776538
 3 79.44134078212289
 1 81.45251396648047
 2 83.46368715083798
 3 85.47486033519556
 12 87.48603351955308
 7468 89.49720670391065
 8 91.50837988826817
 4 93.51955307262574
 4 95.53072625698326
 2 97.54189944134077
 6 99.55307262569835
 14 101.5642458100559
 25 103.5754189944134
 42 105.586592178771
 22 107.5977653631285
 134 109.608938547486
 130 111.6201117318436
 144 113.6312849162011
 3 115.6424581005587
 201 117.6536312849162
 169 119.6648044692737
 106 121.6759776536313
 218 123.6871508379888
 171 125.6983240223464
 85 127.7094972067039
 173 129.7206703910614
 192 131.731843575419
 3 133.7430167597765
 113 135.7541899441341
 204 137.7653631284916
 108 139.7765363128492
 124 141.7877094972067
 544 143.7988826815642
 113 145.8100558659218
 210 147.8212290502793
 44 149.8324022346369
 135 151.8435754189944
 84 153.854748603352
 492 155.8659217877095
 35 157.8770949720671
 142 159.8882681564246
 68 161.8994413407821
 41 163.9106145251397
 20 165.9217877094972
 124 167.9329608938548
 228 169.9441340782123
 318 171.9553072625699
 6 173.9664804469274
 168 175.9776536312849
 4 177.9888268156425
 0 180


