# Created by Octave 3.8.2, Mon Jun 22 20:41:51 2020 CEST <damian@fptrucha.inv.usc.es>
# name: hd
# type: matrix
# rows: 180
# columns: 2
 0 -180
 184 -177.9888268156425
 2 -175.9776536312849
 429 -173.9664804469274
 256 -171.9553072625698
 140 -169.9441340782123
 33 -167.9329608938548
 54 -165.9217877094972
 62 -163.9106145251397
 166 -161.8994413407821
 43 -159.8882681564246
 653 -157.877094972067
 68 -155.8659217877095
 157 -153.854748603352
 48 -151.8435754189944
 76 -149.8324022346369
 247 -147.8212290502793
 639 -145.8100558659218
 162 -143.7988826815642
 104 -141.7877094972067
 162 -139.7765363128491
 107 -137.7653631284916
 3 -135.7541899441341
 192 -133.7430167597765
 183 -131.731843575419
 81 -129.7206703910614
 178 -127.7094972067039
 250 -125.6983240223464
 113 -123.6871508379888
 185 -121.6759776536313
 203 -119.6648044692737
 3 -117.6536312849162
 136 -115.6424581005587
 112 -113.6312849162011
 138 -111.6201117318436
 24 -109.608938547486
 38 -107.5977653631285
 37 -105.5865921787709
 21 -103.5754189944134
 5 -101.5642458100559
 0 -99.55307262569832
 3 -97.54189944134077
 3 -95.53072625698323
 4 -93.5195530726257
 8437 -91.50837988826815
 20 -89.49720670391061
 5 -87.48603351955308
 2 -85.47486033519553
 2 -83.46368715083798
 1 -81.45251396648044
 8 -79.44134078212289
 11 -77.43016759776536
 51 -75.41899441340782
 33 -73.40782122905027
 47 -71.39664804469274
 104 -69.38547486033519
 85 -67.37430167597765
 101 -65.3631284916201
 49 -63.35195530726256
 288 -61.34078212290503
 135 -59.32960893854748
 216 -57.31843575418993
 108 -55.3072625698324
 90 -53.29608938547486
 254 -51.28491620111731
 55 -49.27374301675977
 101 -47.26256983240222
 5 -45.25139664804468
 274 -43.24022346368713
 3 -41.22905027932961
 190 -39.21787709497207
 313 -37.20670391061452
 454 -35.19553072625698
 134 -33.18435754189943
 81 -31.17318435754188
 190 -29.16201117318434
 9 -27.15083798882682
 68 -25.13966480446928
 611 -23.12849162011173
 136 -21.11731843575419
 57 -19.10614525139664
 10 -17.09497206703909
 58 -15.08379888268155
 154 -13.072625698324
 7 -11.06145251396646
 657 -9.050279329608941
 3 -7.039106145251395
 148 -5.02793296089385
 26 -3.016759776536304
 2 -1.005586592178759
 27 1.005586592178787
 123 3.016759776536333
 6 5.02793296089385
 532 7.039106145251395
 6 9.050279329608941
 151 11.06145251396649
 34 13.07262569832403
 8 15.08379888268158
 47 17.09497206703912
 124 19.10614525139667
 581 21.11731843575421
 70 23.12849162011173
 78 25.13966480446928
 99 27.15083798882682
 62 29.16201117318437
 205 31.17318435754191
 383 33.18435754189946
 253 35.195530726257
 169 37.20670391061452
 48 39.21787709497207
 330 41.22905027932961
 0 43.24022346368716
 141 45.2513966480447
 68 47.26256983240225
 218 49.27374301675979
 76 51.28491620111734
 231 53.29608938547489
 81 55.3072625698324
 159 57.31843575418995
 263 59.32960893854749
 71 61.34078212290504
 108 63.35195530726259
 82 65.36312849162013
 109 67.37430167597768
 52 69.38547486033519
 44 71.39664804469274
 56 73.40782122905028
 11 75.41899441340783
 14 77.43016759776538
 3 79.44134078212289
 0 81.45251396648047
 3 83.46368715083798
 8 85.47486033519556
 18 87.48603351955308
 7725 89.49720670391065
 5 91.50837988826817
 7 93.51955307262574
 0 95.53072625698326
 1 97.54189944134077
 3 99.55307262569835
 11 101.5642458100559
 26 103.5754189944134
 47 105.586592178771
 26 107.5977653631285
 127 109.608938547486
 124 111.6201117318436
 155 113.6312849162011
 3 115.6424581005587
 218 117.6536312849162
 194 119.6648044692737
 95 121.6759776536313
 174 123.6871508379888
 193 125.6983240223464
 77 127.7094972067039
 153 129.7206703910614
 212 131.731843575419
 5 133.7430167597765
 126 135.7541899441341
 179 137.7653631284916
 96 139.7765363128492
 120 141.7877094972067
 583 143.7988826815642
 113 145.8100558659218
 224 147.8212290502793
 53 149.8324022346369
 124 151.8435754189944
 62 153.854748603352
 520 155.8659217877095
 47 157.8770949720671
 150 159.8882681564246
 71 161.8994413407821
 45 163.9106145251397
 19 165.9217877094972
 136 167.9329608938548
 219 169.9441340782123
 375 171.9553072625699
 9 173.9664804469274
 158 175.9776536312849
 4 177.9888268156425
 0 180


