# Created by Octave 3.8.2, Mon Jun 22 22:57:57 2020 CEST <damian@fptrucha.inv.usc.es>
# name: hd
# type: matrix
# rows: 180
# columns: 2
 3 -180
 178 -177.9888268156425
 2 -175.9776536312849
 391 -173.9664804469274
 248 -171.9553072625698
 154 -169.9441340782123
 41 -167.9329608938548
 60 -165.9217877094972
 69 -163.9106145251397
 177 -161.8994413407821
 53 -159.8882681564246
 620 -157.877094972067
 77 -155.8659217877095
 166 -153.854748603352
 42 -151.8435754189944
 77 -149.8324022346369
 237 -147.8212290502793
 637 -145.8100558659218
 156 -143.7988826815642
 98 -141.7877094972067
 197 -139.7765363128491
 122 -137.7653631284916
 3 -135.7541899441341
 185 -133.7430167597765
 195 -131.731843575419
 93 -129.7206703910614
 202 -127.7094972067039
 210 -125.6983240223464
 114 -123.6871508379888
 196 -121.6759776536313
 210 -119.6648044692737
 1 -117.6536312849162
 143 -115.6424581005587
 126 -113.6312849162011
 120 -111.6201117318436
 26 -109.608938547486
 41 -107.5977653631285
 28 -105.5865921787709
 15 -103.5754189944134
 3 -101.5642458100559
 1 -99.55307262569832
 2 -97.54189944134077
 4 -95.53072625698323
 8 -93.5195530726257
 8418 -91.50837988826815
 13 -89.49720670391061
 4 -87.48603351955308
 2 -85.47486033519553
 0 -83.46368715083798
 4 -81.45251396648044
 6 -79.44134078212289
 5 -77.43016759776536
 50 -75.41899441340782
 37 -73.40782122905027
 54 -71.39664804469274
 144 -69.38547486033519
 78 -67.37430167597765
 125 -65.3631284916201
 70 -63.35195530726256
 291 -61.34078212290503
 157 -59.32960893854748
 229 -57.31843575418993
 98 -55.3072625698324
 72 -53.29608938547486
 248 -51.28491620111731
 64 -49.27374301675977
 136 -47.26256983240222
 2 -45.25139664804468
 288 -43.24022346368713
 0 -41.22905027932961
 169 -39.21787709497207
 319 -37.20670391061452
 459 -35.19553072625698
 116 -33.18435754189943
 60 -31.17318435754188
 199 -29.16201117318434
 14 -27.15083798882682
 54 -25.13966480446928
 615 -23.12849162011173
 156 -21.11731843575419
 59 -19.10614525139664
 13 -17.09497206703909
 37 -15.08379888268155
 171 -13.072625698324
 9 -11.06145251396646
 595 -9.050279329608941
 3 -7.039106145251395
 125 -5.02793296089385
 24 -3.016759776536304
 3 -1.005586592178759
 21 1.005586592178787
 161 3.016759776536333
 2 5.02793296089385
 621 7.039106145251395
 5 9.050279329608941
 160 11.06145251396649
 52 13.07262569832403
 19 15.08379888268158
 58 17.09497206703912
 129 19.10614525139667
 598 21.11731843575421
 78 23.12849162011173
 72 25.13966480446928
 111 27.15083798882682
 76 29.16201117318437
 234 31.17318435754191
 348 33.18435754189946
 269 35.195530726257
 181 37.20670391061452
 37 39.21787709497207
 326 41.22905027932961
 3 43.24022346368716
 120 45.2513966480447
 68 47.26256983240225
 236 49.27374301675979
 73 51.28491620111734
 199 53.29608938547489
 95 55.3072625698324
 163 57.31843575418995
 267 59.32960893854749
 65 61.34078212290504
 124 63.35195530726259
 86 65.36312849162013
 125 67.37430167597768
 54 69.38547486033519
 39 71.39664804469274
 57 73.40782122905028
 10 75.41899441340783
 7 77.43016759776538
 4 79.44134078212289
 2 81.45251396648047
 2 83.46368715083798
 2 85.47486033519556
 17 87.48603351955308
 8162 89.49720670391065
 4 91.50837988826817
 4 93.51955307262574
 1 95.53072625698326
 0 97.54189944134077
 5 99.55307262569835
 20 101.5642458100559
 32 103.5754189944134
 60 105.586592178771
 30 107.5977653631285
 102 109.608938547486
 132 111.6201117318436
 127 113.6312849162011
 5 115.6424581005587
 247 117.6536312849162
 185 119.6648044692737
 106 121.6759776536313
 191 123.6871508379888
 184 125.6983240223464
 86 127.7094972067039
 168 129.7206703910614
 198 131.731843575419
 4 133.7430167597765
 135 135.7541899441341
 184 137.7653631284916
 119 139.7765363128492
 160 141.7877094972067
 537 143.7988826815642
 132 145.8100558659218
 222 147.8212290502793
 56 149.8324022346369
 167 151.8435754189944
 74 153.854748603352
 549 155.8659217877095
 66 157.8770949720671
 173 159.8882681564246
 76 161.8994413407821
 51 163.9106145251397
 29 165.9217877094972
 130 167.9329608938548
 232 169.9441340782123
 360 171.9553072625699
 5 173.9664804469274
 174 175.9776536312849
 6 177.9888268156425
 0 180


