# Created by Octave 3.8.2, Sun Jun 21 06:47:39 2020 CEST <damian@fptrucha.inv.usc.es>
# name: hd
# type: matrix
# rows: 180
# columns: 2
 7 -180
 156 -177.9888268156425
 2 -175.9776536312849
 337 -173.9664804469274
 228 -171.9553072625698
 136 -169.9441340782123
 35 -167.9329608938548
 37 -165.9217877094972
 55 -163.9106145251397
 145 -161.8994413407821
 23 -159.8882681564246
 622 -157.877094972067
 59 -155.8659217877095
 103 -153.854748603352
 30 -151.8435754189944
 61 -149.8324022346369
 175 -147.8212290502793
 625 -145.8100558659218
 119 -143.7988826815642
 100 -141.7877094972067
 148 -139.7765363128491
 100 -137.7653631284916
 1 -135.7541899441341
 133 -133.7430167597765
 140 -131.731843575419
 78 -129.7206703910614
 168 -127.7094972067039
 214 -125.6983240223464
 89 -123.6871508379888
 200 -121.6759776536313
 195 -119.6648044692737
 5 -117.6536312849162
 70 -115.6424581005587
 110 -113.6312849162011
 131 -111.6201117318436
 12 -109.608938547486
 27 -107.5977653631285
 22 -105.5865921787709
 7 -103.5754189944134
 2 -101.5642458100559
 1 -99.55307262569832
 0 -97.54189944134077
 0 -95.53072625698323
 5 -93.5195530726257
 8023 -91.50837988826815
 11 -89.49720670391061
 3 -87.48603351955308
 0 -85.47486033519553
 1 -83.46368715083798
 4 -81.45251396648044
 10 -79.44134078212289
 2 -77.43016759776536
 52 -75.41899441340782
 22 -73.40782122905027
 49 -71.39664804469274
 108 -69.38547486033519
 55 -67.37430167597765
 92 -65.3631284916201
 38 -63.35195530726256
 261 -61.34078212290503
 132 -59.32960893854748
 234 -57.31843575418993
 102 -55.3072625698324
 74 -53.29608938547486
 211 -51.28491620111731
 45 -49.27374301675977
 101 -47.26256983240222
 2 -45.25139664804468
 265 -43.24022346368713
 3 -41.22905027932961
 136 -39.21787709497207
 286 -37.20670391061452
 436 -35.19553072625698
 95 -33.18435754189943
 46 -31.17318435754188
 135 -29.16201117318434
 14 -27.15083798882682
 51 -25.13966480446928
 606 -23.12849162011173
 151 -21.11731843575419
 49 -19.10614525139664
 6 -17.09497206703909
 45 -15.08379888268155
 158 -13.072625698324
 10 -11.06145251396646
 558 -9.050279329608941
 2 -7.039106145251395
 137 -5.02793296089385
 18 -3.016759776536304
 1 -1.005586592178759
 16 1.005586592178787
 123 3.016759776536333
 1 5.02793296089385
 586 7.039106145251395
 4 9.050279329608941
 148 11.06145251396649
 33 13.07262569832403
 10 15.08379888268158
 50 17.09497206703912
 105 19.10614525139667
 470 21.11731843575421
 50 23.12849162011173
 79 25.13966480446928
 98 27.15083798882682
 54 29.16201117318437
 207 31.17318435754191
 304 33.18435754189946
 238 35.195530726257
 174 37.20670391061452
 28 39.21787709497207
 271 41.22905027932961
 2 43.24022346368716
 121 45.2513966480447
 63 47.26256983240225
 230 49.27374301675979
 85 51.28491620111734
 202 53.29608938547489
 65 55.3072625698324
 135 57.31843575418995
 230 59.32960893854749
 50 61.34078212290504
 109 63.35195530726259
 73 65.36312849162013
 102 67.37430167597768
 49 69.38547486033519
 29 71.39664804469274
 30 73.40782122905028
 2 75.41899441340783
 4 77.43016759776538
 2 79.44134078212289
 0 81.45251396648047
 2 83.46368715083798
 3 85.47486033519556
 13 87.48603351955308
 7586 89.49720670391065
 2 91.50837988826817
 0 93.51955307262574
 1 95.53072625698326
 0 97.54189944134077
 0 99.55307262569835
 12 101.5642458100559
 12 103.5754189944134
 34 105.586592178771
 26 107.5977653631285
 103 109.608938547486
 119 111.6201117318436
 95 113.6312849162011
 2 115.6424581005587
 190 117.6536312849162
 149 119.6648044692737
 87 121.6759776536313
 159 123.6871508379888
 188 125.6983240223464
 68 127.7094972067039
 142 129.7206703910614
 183 131.731843575419
 2 133.7430167597765
 101 135.7541899441341
 156 137.7653631284916
 111 139.7765363128492
 152 141.7877094972067
 430 143.7988826815642
 109 145.8100558659218
 219 147.8212290502793
 41 149.8324022346369
 154 151.8435754189944
 73 153.854748603352
 493 155.8659217877095
 53 157.8770949720671
 119 159.8882681564246
 71 161.8994413407821
 52 163.9106145251397
 18 165.9217877094972
 135 167.9329608938548
 231 169.9441340782123
 349 171.9553072625699
 0 173.9664804469274
 138 175.9776536312849
 4 177.9888268156425
 0 180


