# Created by Octave 3.8.2, Sat Jun 20 23:58:38 2020 CEST <damian@fptrucha.inv.usc.es>
# name: hd
# type: matrix
# rows: 180
# columns: 2
 1 -180
 146 -177.9888268156425
 2 -175.9776536312849
 349 -173.9664804469274
 210 -171.9553072625698
 142 -169.9441340782123
 23 -167.9329608938548
 26 -165.9217877094972
 46 -163.9106145251397
 169 -161.8994413407821
 27 -159.8882681564246
 598 -157.877094972067
 40 -155.8659217877095
 115 -153.854748603352
 42 -151.8435754189944
 58 -149.8324022346369
 203 -147.8212290502793
 588 -145.8100558659218
 110 -143.7988826815642
 67 -141.7877094972067
 151 -139.7765363128491
 90 -137.7653631284916
 3 -135.7541899441341
 145 -133.7430167597765
 153 -131.731843575419
 65 -129.7206703910614
 163 -127.7094972067039
 235 -125.6983240223464
 97 -123.6871508379888
 179 -121.6759776536313
 175 -119.6648044692737
 2 -117.6536312849162
 89 -115.6424581005587
 87 -113.6312849162011
 111 -111.6201117318436
 21 -109.608938547486
 33 -107.5977653631285
 17 -105.5865921787709
 10 -103.5754189944134
 2 -101.5642458100559
 0 -99.55307262569832
 0 -97.54189944134077
 2 -95.53072625698323
 4 -93.5195530726257
 7795 -91.50837988826815
 8 -89.49720670391061
 1 -87.48603351955308
 0 -85.47486033519553
 0 -83.46368715083798
 1 -81.45251396648044
 13 -79.44134078212289
 5 -77.43016759776536
 41 -75.41899441340782
 18 -73.40782122905027
 47 -71.39664804469274
 125 -69.38547486033519
 68 -67.37430167597765
 81 -65.3631284916201
 51 -63.35195530726256
 256 -61.34078212290503
 145 -59.32960893854748
 220 -57.31843575418993
 81 -55.3072625698324
 66 -53.29608938547486
 219 -51.28491620111731
 55 -49.27374301675977
 102 -47.26256983240222
 3 -45.25139664804468
 231 -43.24022346368713
 3 -41.22905027932961
 153 -39.21787709497207
 287 -37.20670391061452
 421 -35.19553072625698
 117 -33.18435754189943
 74 -31.17318435754188
 130 -29.16201117318434
 8 -27.15083798882682
 54 -25.13966480446928
 670 -23.12849162011173
 153 -21.11731843575419
 53 -19.10614525139664
 10 -17.09497206703909
 36 -15.08379888268155
 150 -13.072625698324
 7 -11.06145251396646
 569 -9.050279329608941
 1 -7.039106145251395
 117 -5.02793296089385
 18 -3.016759776536304
 3 -1.005586592178759
 11 1.005586592178787
 120 3.016759776536333
 3 5.02793296089385
 554 7.039106145251395
 5 9.050279329608941
 134 11.06145251396649
 43 13.07262569832403
 12 15.08379888268158
 59 17.09497206703912
 116 19.10614525139667
 500 21.11731843575421
 47 23.12849162011173
 91 25.13966480446928
 93 27.15083798882682
 60 29.16201117318437
 222 31.17318435754191
 305 33.18435754189946
 206 35.195530726257
 157 37.20670391061452
 23 39.21787709497207
 273 41.22905027932961
 3 43.24022346368716
 113 45.2513966480447
 50 47.26256983240225
 226 49.27374301675979
 67 51.28491620111734
 199 53.29608938547489
 87 55.3072625698324
 126 57.31843575418995
 249 59.32960893854749
 62 61.34078212290504
 116 63.35195530726259
 72 65.36312849162013
 86 67.37430167597768
 31 69.38547486033519
 22 71.39664804469274
 39 73.40782122905028
 5 75.41899441340783
 9 77.43016759776538
 3 79.44134078212289
 1 81.45251396648047
 0 83.46368715083798
 7 85.47486033519556
 9 87.48603351955308
 7604 89.49720670391065
 5 91.50837988826817
 2 93.51955307262574
 0 95.53072625698326
 0 97.54189944134077
 2 99.55307262569835
 9 101.5642458100559
 19 103.5754189944134
 39 105.586592178771
 32 107.5977653631285
 107 109.608938547486
 117 111.6201117318436
 115 113.6312849162011
 4 115.6424581005587
 231 117.6536312849162
 152 119.6648044692737
 91 121.6759776536313
 191 123.6871508379888
 156 125.6983240223464
 80 127.7094972067039
 151 129.7206703910614
 161 131.731843575419
 1 133.7430167597765
 106 135.7541899441341
 165 137.7653631284916
 92 139.7765363128492
 130 141.7877094972067
 455 143.7988826815642
 115 145.8100558659218
 189 147.8212290502793
 39 149.8324022346369
 158 151.8435754189944
 51 153.854748603352
 443 155.8659217877095
 48 157.8770949720671
 124 159.8882681564246
 73 161.8994413407821
 53 163.9106145251397
 15 165.9217877094972
 131 167.9329608938548
 195 169.9441340782123
 308 171.9553072625699
 4 173.9664804469274
 138 175.9776536312849
 3 177.9888268156425
 0 180


