# Created by Octave 3.8.2, Mon Jun 22 05:29:40 2020 CEST <damian@fptrucha.inv.usc.es>
# name: hd
# type: matrix
# rows: 180
# columns: 2
 7 -180
 159 -177.9888268156425
 3 -175.9776536312849
 338 -173.9664804469274
 207 -171.9553072625698
 112 -169.9441340782123
 36 -167.9329608938548
 38 -165.9217877094972
 61 -163.9106145251397
 164 -161.8994413407821
 53 -159.8882681564246
 477 -157.877094972067
 72 -155.8659217877095
 111 -153.854748603352
 35 -151.8435754189944
 74 -149.8324022346369
 205 -147.8212290502793
 544 -145.8100558659218
 154 -143.7988826815642
 99 -141.7877094972067
 171 -139.7765363128491
 101 -137.7653631284916
 3 -135.7541899441341
 171 -133.7430167597765
 168 -131.731843575419
 101 -129.7206703910614
 150 -127.7094972067039
 193 -125.6983240223464
 102 -123.6871508379888
 175 -121.6759776536313
 166 -119.6648044692737
 7 -117.6536312849162
 130 -115.6424581005587
 120 -113.6312849162011
 112 -111.6201117318436
 27 -109.608938547486
 51 -107.5977653631285
 17 -105.5865921787709
 17 -103.5754189944134
 3 -101.5642458100559
 1 -99.55307262569832
 0 -97.54189944134077
 2 -95.53072625698323
 6 -93.5195530726257
 7308 -91.50837988826815
 11 -89.49720670391061
 8 -87.48603351955308
 0 -85.47486033519553
 1 -83.46368715083798
 1 -81.45251396648044
 8 -79.44134078212289
 7 -77.43016759776536
 44 -75.41899441340782
 27 -73.40782122905027
 57 -71.39664804469274
 101 -69.38547486033519
 80 -67.37430167597765
 130 -65.3631284916201
 52 -63.35195530726256
 249 -61.34078212290503
 136 -59.32960893854748
 202 -57.31843575418993
 100 -55.3072625698324
 80 -53.29608938547486
 233 -51.28491620111731
 51 -49.27374301675977
 101 -47.26256983240222
 4 -45.25139664804468
 281 -43.24022346368713
 4 -41.22905027932961
 164 -39.21787709497207
 258 -37.20670391061452
 443 -35.19553072625698
 119 -33.18435754189943
 60 -31.17318435754188
 148 -29.16201117318434
 12 -27.15083798882682
 69 -25.13966480446928
 503 -23.12849162011173
 100 -21.11731843575419
 53 -19.10614525139664
 18 -17.09497206703909
 33 -15.08379888268155
 153 -13.072625698324
 6 -11.06145251396646
 539 -9.050279329608941
 5 -7.039106145251395
 113 -5.02793296089385
 22 -3.016759776536304
 5 -1.005586592178759
 20 1.005586592178787
 127 3.016759776536333
 4 5.02793296089385
 514 7.039106145251395
 8 9.050279329608941
 154 11.06145251396649
 42 13.07262569832403
 10 15.08379888268158
 51 17.09497206703912
 120 19.10614525139667
 506 21.11731843575421
 45 23.12849162011173
 81 25.13966480446928
 103 27.15083798882682
 60 29.16201117318437
 186 31.17318435754191
 287 33.18435754189946
 227 35.195530726257
 153 37.20670391061452
 48 39.21787709497207
 246 41.22905027932961
 4 43.24022346368716
 114 45.2513966480447
 59 47.26256983240225
 222 49.27374301675979
 85 51.28491620111734
 166 53.29608938547489
 77 55.3072625698324
 133 57.31843575418995
 219 59.32960893854749
 49 61.34078212290504
 95 63.35195530726259
 84 65.36312849162013
 99 67.37430167597768
 50 69.38547486033519
 38 71.39664804469274
 47 73.40782122905028
 4 75.41899441340783
 10 77.43016759776538
 1 79.44134078212289
 2 81.45251396648047
 1 83.46368715083798
 1 85.47486033519556
 13 87.48603351955308
 6844 89.49720670391065
 9 91.50837988826817
 5 93.51955307262574
 3 95.53072625698326
 3 97.54189944134077
 2 99.55307262569835
 16 101.5642458100559
 30 103.5754189944134
 42 105.586592178771
 30 107.5977653631285
 122 109.608938547486
 102 111.6201117318436
 142 113.6312849162011
 2 115.6424581005587
 202 117.6536312849162
 170 119.6648044692737
 84 121.6759776536313
 158 123.6871508379888
 142 125.6983240223464
 81 127.7094972067039
 145 129.7206703910614
 169 131.731843575419
 3 133.7430167597765
 119 135.7541899441341
 156 137.7653631284916
 104 139.7765363128492
 128 141.7877094972067
 423 143.7988826815642
 123 145.8100558659218
 205 147.8212290502793
 50 149.8324022346369
 115 151.8435754189944
 62 153.854748603352
 441 155.8659217877095
 43 157.8770949720671
 142 159.8882681564246
 56 161.8994413407821
 40 163.9106145251397
 17 165.9217877094972
 137 167.9329608938548
 209 169.9441340782123
 320 171.9553072625699
 8 173.9664804469274
 150 175.9776536312849
 5 177.9888268156425
 0 180


