# Created by Octave 3.8.2, Sat Jun 20 16:24:02 2020 CEST <damian@fptrucha.inv.usc.es>
# name: hd
# type: matrix
# rows: 180
# columns: 2
 2 -180
 145 -177.9888268156425
 5 -175.9776536312849
 382 -173.9664804469274
 239 -171.9553072625698
 149 -169.9441340782123
 25 -167.9329608938548
 42 -165.9217877094972
 61 -163.9106145251397
 165 -161.8994413407821
 26 -159.8882681564246
 617 -157.877094972067
 58 -155.8659217877095
 108 -153.854748603352
 40 -151.8435754189944
 74 -149.8324022346369
 196 -147.8212290502793
 663 -145.8100558659218
 115 -143.7988826815642
 88 -141.7877094972067
 162 -139.7765363128491
 105 -137.7653631284916
 2 -135.7541899441341
 156 -133.7430167597765
 160 -131.731843575419
 79 -129.7206703910614
 172 -127.7094972067039
 230 -125.6983240223464
 106 -123.6871508379888
 208 -121.6759776536313
 191 -119.6648044692737
 2 -117.6536312849162
 90 -115.6424581005587
 115 -113.6312849162011
 135 -111.6201117318436
 15 -109.608938547486
 33 -107.5977653631285
 24 -105.5865921787709
 12 -103.5754189944134
 2 -101.5642458100559
 2 -99.55307262569832
 1 -97.54189944134077
 3 -95.53072625698323
 2 -93.5195530726257
 8289 -91.50837988826815
 11 -89.49720670391061
 3 -87.48603351955308
 0 -85.47486033519553
 0 -83.46368715083798
 1 -81.45251396648044
 3 -79.44134078212289
 7 -77.43016759776536
 35 -75.41899441340782
 18 -73.40782122905027
 50 -71.39664804469274
 105 -69.38547486033519
 82 -67.37430167597765
 86 -65.3631284916201
 42 -63.35195530726256
 286 -61.34078212290503
 141 -59.32960893854748
 210 -57.31843575418993
 83 -55.3072625698324
 70 -53.29608938547486
 232 -51.28491620111731
 57 -49.27374301675977
 106 -47.26256983240222
 1 -45.25139664804468
 268 -43.24022346368713
 3 -41.22905027932961
 163 -39.21787709497207
 310 -37.20670391061452
 459 -35.19553072625698
 127 -33.18435754189943
 51 -31.17318435754188
 136 -29.16201117318434
 7 -27.15083798882682
 50 -25.13966480446928
 646 -23.12849162011173
 135 -21.11731843575419
 54 -19.10614525139664
 14 -17.09497206703909
 40 -15.08379888268155
 156 -13.072625698324
 5 -11.06145251396646
 571 -9.050279329608941
 3 -7.039106145251395
 137 -5.02793296089385
 19 -3.016759776536304
 3 -1.005586592178759
 22 1.005586592178787
 132 3.016759776536333
 2 5.02793296089385
 577 7.039106145251395
 9 9.050279329608941
 140 11.06145251396649
 46 13.07262569832403
 13 15.08379888268158
 51 17.09497206703912
 87 19.10614525139667
 519 21.11731843575421
 64 23.12849162011173
 96 25.13966480446928
 97 27.15083798882682
 54 29.16201117318437
 240 31.17318435754191
 327 33.18435754189946
 222 35.195530726257
 149 37.20670391061452
 42 39.21787709497207
 290 41.22905027932961
 2 43.24022346368716
 123 45.2513966480447
 49 47.26256983240225
 255 49.27374301675979
 78 51.28491620111734
 207 53.29608938547489
 84 55.3072625698324
 149 57.31843575418995
 260 59.32960893854749
 63 61.34078212290504
 108 63.35195530726259
 77 65.36312849162013
 107 67.37430167597768
 52 69.38547486033519
 32 71.39664804469274
 58 73.40782122905028
 7 75.41899441340783
 9 77.43016759776538
 4 79.44134078212289
 0 81.45251396648047
 1 83.46368715083798
 5 85.47486033519556
 9 87.48603351955308
 8032 89.49720670391065
 3 91.50837988826817
 1 93.51955307262574
 1 95.53072625698326
 0 97.54189944134077
 4 99.55307262569835
 8 101.5642458100559
 17 103.5754189944134
 38 105.586592178771
 16 107.5977653631285
 123 109.608938547486
 108 111.6201117318436
 101 113.6312849162011
 4 115.6424581005587
 204 117.6536312849162
 162 119.6648044692737
 95 121.6759776536313
 167 123.6871508379888
 194 125.6983240223464
 75 127.7094972067039
 164 129.7206703910614
 172 131.731843575419
 1 133.7430167597765
 137 135.7541899441341
 171 137.7653631284916
 131 139.7765363128492
 146 141.7877094972067
 480 143.7988826815642
 113 145.8100558659218
 226 147.8212290502793
 46 149.8324022346369
 138 151.8435754189944
 60 153.854748603352
 490 155.8659217877095
 48 157.8770949720671
 139 159.8882681564246
 58 161.8994413407821
 59 163.9106145251397
 16 165.9217877094972
 155 167.9329608938548
 218 169.9441340782123
 377 171.9553072625699
 4 173.9664804469274
 152 175.9776536312849
 1 177.9888268156425
 0 180


