# Created by Octave 3.8.2, Mon Jun 22 12:46:57 2020 CEST <damian@fptrucha.inv.usc.es>
# name: hd
# type: matrix
# rows: 180
# columns: 2
 5 -180
 107 -177.9888268156425
 6 -175.9776536312849
 267 -173.9664804469274
 175 -171.9553072625698
 79 -169.9441340782123
 27 -167.9329608938548
 24 -165.9217877094972
 46 -163.9106145251397
 98 -161.8994413407821
 29 -159.8882681564246
 386 -157.877094972067
 46 -155.8659217877095
 96 -153.854748603352
 19 -151.8435754189944
 41 -149.8324022346369
 166 -147.8212290502793
 364 -145.8100558659218
 65 -143.7988826815642
 47 -141.7877094972067
 123 -139.7765363128491
 86 -137.7653631284916
 3 -135.7541899441341
 87 -133.7430167597765
 111 -131.731843575419
 52 -129.7206703910614
 125 -127.7094972067039
 122 -125.6983240223464
 66 -123.6871508379888
 98 -121.6759776536313
 135 -119.6648044692737
 2 -117.6536312849162
 77 -115.6424581005587
 69 -113.6312849162011
 82 -111.6201117318436
 17 -109.608938547486
 18 -107.5977653631285
 9 -105.5865921787709
 6 -103.5754189944134
 4 -101.5642458100559
 0 -99.55307262569832
 2 -97.54189944134077
 1 -95.53072625698323
 6 -93.5195530726257
 5241 -91.50837988826815
 9 -89.49720670391061
 2 -87.48603351955308
 2 -85.47486033519553
 0 -83.46368715083798
 1 -81.45251396648044
 4 -79.44134078212289
 4 -77.43016759776536
 31 -75.41899441340782
 25 -73.40782122905027
 35 -71.39664804469274
 74 -69.38547486033519
 54 -67.37430167597765
 64 -65.3631284916201
 36 -63.35195530726256
 160 -61.34078212290503
 82 -59.32960893854748
 150 -57.31843575418993
 53 -55.3072625698324
 60 -53.29608938547486
 145 -51.28491620111731
 33 -49.27374301675977
 75 -47.26256983240222
 1 -45.25139664804468
 185 -43.24022346368713
 4 -41.22905027932961
 96 -39.21787709497207
 204 -37.20670391061452
 341 -35.19553072625698
 63 -33.18435754189943
 42 -31.17318435754188
 117 -29.16201117318434
 9 -27.15083798882682
 44 -25.13966480446928
 376 -23.12849162011173
 94 -21.11731843575419
 31 -19.10614525139664
 8 -17.09497206703909
 27 -15.08379888268155
 115 -13.072625698324
 7 -11.06145251396646
 362 -9.050279329608941
 2 -7.039106145251395
 100 -5.02793296089385
 18 -3.016759776536304
 2 -1.005586592178759
 12 1.005586592178787
 81 3.016759776536333
 2 5.02793296089385
 364 7.039106145251395
 7 9.050279329608941
 97 11.06145251396649
 23 13.07262569832403
 9 15.08379888268158
 37 17.09497206703912
 83 19.10614525139667
 371 21.11731843575421
 56 23.12849162011173
 61 25.13966480446928
 67 27.15083798882682
 52 29.16201117318437
 128 31.17318435754191
 208 33.18435754189946
 178 35.195530726257
 91 37.20670391061452
 26 39.21787709497207
 195 41.22905027932961
 1 43.24022346368716
 86 45.2513966480447
 45 47.26256983240225
 162 49.27374301675979
 63 51.28491620111734
 123 53.29608938547489
 53 55.3072625698324
 86 57.31843575418995
 189 59.32960893854749
 38 61.34078212290504
 81 63.35195530726259
 52 65.36312849162013
 64 67.37430167597768
 37 69.38547486033519
 20 71.39664804469274
 35 73.40782122905028
 13 75.41899441340783
 7 77.43016759776538
 3 79.44134078212289
 0 81.45251396648047
 1 83.46368715083798
 3 85.47486033519556
 7 87.48603351955308
 5070 89.49720670391065
 3 91.50837988826817
 2 93.51955307262574
 0 95.53072625698326
 1 97.54189944134077
 7 99.55307262569835
 12 101.5642458100559
 19 103.5754189944134
 41 105.586592178771
 18 107.5977653631285
 88 109.608938547486
 87 111.6201117318436
 81 113.6312849162011
 2 115.6424581005587
 134 117.6536312849162
 106 119.6648044692737
 59 121.6759776536313
 112 123.6871508379888
 125 125.6983240223464
 42 127.7094972067039
 135 129.7206703910614
 118 131.731843575419
 2 133.7430167597765
 75 135.7541899441341
 115 137.7653631284916
 67 139.7765363128492
 95 141.7877094972067
 350 143.7988826815642
 74 145.8100558659218
 133 147.8212290502793
 39 149.8324022346369
 86 151.8435754189944
 42 153.854748603352
 311 155.8659217877095
 21 157.8770949720671
 92 159.8882681564246
 44 161.8994413407821
 26 163.9106145251397
 19 165.9217877094972
 103 167.9329608938548
 131 169.9441340782123
 231 171.9553072625699
 3 173.9664804469274
 122 175.9776536312849
 2 177.9888268156425
 0 180


