# Created by Octave 3.8.2, Mon Jun 22 20:08:55 2020 CEST <damian@fptrucha.inv.usc.es>
# name: hd
# type: matrix
# rows: 180
# columns: 2
 4 -180
 162 -177.9888268156425
 3 -175.9776536312849
 428 -173.9664804469274
 240 -171.9553072625698
 160 -169.9441340782123
 41 -167.9329608938548
 43 -165.9217877094972
 60 -163.9106145251397
 157 -161.8994413407821
 41 -159.8882681564246
 601 -157.877094972067
 56 -155.8659217877095
 126 -153.854748603352
 43 -151.8435754189944
 59 -149.8324022346369
 264 -147.8212290502793
 628 -145.8100558659218
 136 -143.7988826815642
 99 -141.7877094972067
 199 -139.7765363128491
 112 -137.7653631284916
 3 -135.7541899441341
 185 -133.7430167597765
 171 -131.731843575419
 88 -129.7206703910614
 229 -127.7094972067039
 258 -125.6983240223464
 110 -123.6871508379888
 208 -121.6759776536313
 197 -119.6648044692737
 11 -117.6536312849162
 103 -115.6424581005587
 125 -113.6312849162011
 141 -111.6201117318436
 25 -109.608938547486
 33 -107.5977653631285
 24 -105.5865921787709
 18 -103.5754189944134
 4 -101.5642458100559
 1 -99.55307262569832
 5 -97.54189944134077
 7 -95.53072625698323
 4 -93.5195530726257
 8503 -91.50837988826815
 16 -89.49720670391061
 5 -87.48603351955308
 3 -85.47486033519553
 0 -83.46368715083798
 2 -81.45251396648044
 13 -79.44134078212289
 6 -77.43016759776536
 62 -75.41899441340782
 30 -73.40782122905027
 41 -71.39664804469274
 116 -69.38547486033519
 99 -67.37430167597765
 116 -65.3631284916201
 66 -63.35195530726256
 311 -61.34078212290503
 182 -59.32960893854748
 197 -57.31843575418993
 113 -55.3072625698324
 80 -53.29608938547486
 237 -51.28491620111731
 50 -49.27374301675977
 121 -47.26256983240222
 0 -45.25139664804468
 297 -43.24022346368713
 1 -41.22905027932961
 179 -39.21787709497207
 323 -37.20670391061452
 440 -35.19553072625698
 138 -33.18435754189943
 68 -31.17318435754188
 146 -29.16201117318434
 13 -27.15083798882682
 55 -25.13966480446928
 602 -23.12849162011173
 147 -21.11731843575419
 37 -19.10614525139664
 9 -17.09497206703909
 38 -15.08379888268155
 170 -13.072625698324
 8 -11.06145251396646
 520 -9.050279329608941
 3 -7.039106145251395
 153 -5.02793296089385
 20 -3.016759776536304
 3 -1.005586592178759
 22 1.005586592178787
 129 3.016759776536333
 3 5.02793296089385
 590 7.039106145251395
 10 9.050279329608941
 124 11.06145251396649
 43 13.07262569832403
 13 15.08379888268158
 41 17.09497206703912
 134 19.10614525139667
 580 21.11731843575421
 67 23.12849162011173
 106 25.13966480446928
 116 27.15083798882682
 54 29.16201117318437
 190 31.17318435754191
 387 33.18435754189946
 269 35.195530726257
 190 37.20670391061452
 48 39.21787709497207
 303 41.22905027932961
 2 43.24022346368716
 117 45.2513966480447
 60 47.26256983240225
 229 49.27374301675979
 83 51.28491620111734
 220 53.29608938547489
 72 55.3072625698324
 163 57.31843575418995
 268 59.32960893854749
 56 61.34078212290504
 121 63.35195530726259
 80 65.36312849162013
 111 67.37430167597768
 37 69.38547486033519
 32 71.39664804469274
 41 73.40782122905028
 11 75.41899441340783
 5 77.43016759776538
 3 79.44134078212289
 1 81.45251396648047
 4 83.46368715083798
 6 85.47486033519556
 11 87.48603351955308
 7691 89.49720670391065
 5 91.50837988826817
 1 93.51955307262574
 5 95.53072625698326
 2 97.54189944134077
 3 99.55307262569835
 14 101.5642458100559
 23 103.5754189944134
 42 105.586592178771
 19 107.5977653631285
 117 109.608938547486
 110 111.6201117318436
 110 113.6312849162011
 5 115.6424581005587
 225 117.6536312849162
 175 119.6648044692737
 118 121.6759776536313
 150 123.6871508379888
 195 125.6983240223464
 81 127.7094972067039
 188 129.7206703910614
 195 131.731843575419
 3 133.7430167597765
 112 135.7541899441341
 165 137.7653631284916
 100 139.7765363128492
 135 141.7877094972067
 485 143.7988826815642
 118 145.8100558659218
 189 147.8212290502793
 43 149.8324022346369
 119 151.8435754189944
 59 153.854748603352
 468 155.8659217877095
 58 157.8770949720671
 132 159.8882681564246
 61 161.8994413407821
 56 163.9106145251397
 14 165.9217877094972
 137 167.9329608938548
 221 169.9441340782123
 357 171.9553072625699
 7 173.9664804469274
 128 175.9776536312849
 6 177.9888268156425
 0 180


