# Created by Octave 3.8.2, Sun Jun 21 07:47:04 2020 CEST <damian@fptrucha.inv.usc.es>
# name: hd
# type: matrix
# rows: 180
# columns: 2
 3 -180
 196 -177.9888268156425
 3 -175.9776536312849
 370 -173.9664804469274
 245 -171.9553072625698
 122 -169.9441340782123
 26 -167.9329608938548
 42 -165.9217877094972
 56 -163.9106145251397
 170 -161.8994413407821
 42 -159.8882681564246
 601 -157.877094972067
 59 -155.8659217877095
 125 -153.854748603352
 36 -151.8435754189944
 64 -149.8324022346369
 197 -147.8212290502793
 622 -145.8100558659218
 136 -143.7988826815642
 94 -141.7877094972067
 156 -139.7765363128491
 96 -137.7653631284916
 2 -135.7541899441341
 164 -133.7430167597765
 145 -131.731843575419
 74 -129.7206703910614
 206 -127.7094972067039
 220 -125.6983240223464
 112 -123.6871508379888
 185 -121.6759776536313
 200 -119.6648044692737
 4 -117.6536312849162
 86 -115.6424581005587
 118 -113.6312849162011
 117 -111.6201117318436
 15 -109.608938547486
 21 -107.5977653631285
 17 -105.5865921787709
 12 -103.5754189944134
 1 -101.5642458100559
 0 -99.55307262569832
 2 -97.54189944134077
 1 -95.53072625698323
 3 -93.5195530726257
 8143 -91.50837988826815
 11 -89.49720670391061
 2 -87.48603351955308
 0 -85.47486033519553
 0 -83.46368715083798
 3 -81.45251396648044
 4 -79.44134078212289
 9 -77.43016759776536
 54 -75.41899441340782
 26 -73.40782122905027
 55 -71.39664804469274
 119 -69.38547486033519
 84 -67.37430167597765
 95 -65.3631284916201
 62 -63.35195530726256
 291 -61.34078212290503
 147 -59.32960893854748
 239 -57.31843575418993
 89 -55.3072625698324
 71 -53.29608938547486
 231 -51.28491620111731
 49 -49.27374301675977
 112 -47.26256983240222
 0 -45.25139664804468
 290 -43.24022346368713
 4 -41.22905027932961
 145 -39.21787709497207
 305 -37.20670391061452
 444 -35.19553072625698
 121 -33.18435754189943
 73 -31.17318435754188
 134 -29.16201117318434
 11 -27.15083798882682
 60 -25.13966480446928
 668 -23.12849162011173
 151 -21.11731843575419
 59 -19.10614525139664
 16 -17.09497206703909
 52 -15.08379888268155
 167 -13.072625698324
 7 -11.06145251396646
 576 -9.050279329608941
 3 -7.039106145251395
 130 -5.02793296089385
 22 -3.016759776536304
 1 -1.005586592178759
 18 1.005586592178787
 141 3.016759776536333
 2 5.02793296089385
 532 7.039106145251395
 10 9.050279329608941
 139 11.06145251396649
 54 13.07262569832403
 14 15.08379888268158
 57 17.09497206703912
 124 19.10614525139667
 544 21.11731843575421
 58 23.12849162011173
 92 25.13966480446928
 97 27.15083798882682
 58 29.16201117318437
 244 31.17318435754191
 328 33.18435754189946
 260 35.195530726257
 182 37.20670391061452
 36 39.21787709497207
 290 41.22905027932961
 1 43.24022346368716
 129 45.2513966480447
 63 47.26256983240225
 247 49.27374301675979
 85 51.28491620111734
 189 53.29608938547489
 64 55.3072625698324
 120 57.31843575418995
 256 59.32960893854749
 68 61.34078212290504
 134 63.35195530726259
 86 65.36312849162013
 105 67.37430167597768
 40 69.38547486033519
 24 71.39664804469274
 41 73.40782122905028
 7 75.41899441340783
 6 77.43016759776538
 4 79.44134078212289
 0 81.45251396648047
 2 83.46368715083798
 3 85.47486033519556
 5 87.48603351955308
 7767 89.49720670391065
 8 91.50837988826817
 4 93.51955307262574
 1 95.53072625698326
 1 97.54189944134077
 2 99.55307262569835
 12 101.5642458100559
 20 103.5754189944134
 42 105.586592178771
 19 107.5977653631285
 120 109.608938547486
 124 111.6201117318436
 131 113.6312849162011
 4 115.6424581005587
 200 117.6536312849162
 156 119.6648044692737
 78 121.6759776536313
 177 123.6871508379888
 172 125.6983240223464
 67 127.7094972067039
 165 129.7206703910614
 195 131.731843575419
 2 133.7430167597765
 133 135.7541899441341
 160 137.7653631284916
 103 139.7765363128492
 142 141.7877094972067
 501 143.7988826815642
 119 145.8100558659218
 214 147.8212290502793
 39 149.8324022346369
 157 151.8435754189944
 57 153.854748603352
 487 155.8659217877095
 60 157.8770949720671
 108 159.8882681564246
 61 161.8994413407821
 58 163.9106145251397
 19 165.9217877094972
 148 167.9329608938548
 231 169.9441340782123
 349 171.9553072625699
 5 173.9664804469274
 155 175.9776536312849
 3 177.9888268156425
 0 180


