# Created by Octave 3.8.2, Sat Jun 20 14:34:52 2020 CEST <damian@fptrucha.inv.usc.es>
# name: hd
# type: matrix
# rows: 180
# columns: 2
 3 -180
 152 -177.9888268156425
 1 -175.9776536312849
 400 -173.9664804469274
 248 -171.9553072625698
 175 -169.9441340782123
 48 -167.9329608938548
 31 -165.9217877094972
 62 -163.9106145251397
 200 -161.8994413407821
 41 -159.8882681564246
 638 -157.877094972067
 54 -155.8659217877095
 120 -153.854748603352
 43 -151.8435754189944
 70 -149.8324022346369
 205 -147.8212290502793
 673 -145.8100558659218
 118 -143.7988826815642
 84 -141.7877094972067
 152 -139.7765363128491
 105 -137.7653631284916
 3 -135.7541899441341
 152 -133.7430167597765
 154 -131.731843575419
 80 -129.7206703910614
 178 -127.7094972067039
 262 -125.6983240223464
 122 -123.6871508379888
 214 -121.6759776536313
 195 -119.6648044692737
 4 -117.6536312849162
 97 -115.6424581005587
 120 -113.6312849162011
 121 -111.6201117318436
 11 -109.608938547486
 40 -107.5977653631285
 24 -105.5865921787709
 8 -103.5754189944134
 2 -101.5642458100559
 1 -99.55307262569832
 0 -97.54189944134077
 3 -95.53072625698323
 10 -93.5195530726257
 8308 -91.50837988826815
 8 -89.49720670391061
 1 -87.48603351955308
 0 -85.47486033519553
 0 -83.46368715083798
 2 -81.45251396648044
 4 -79.44134078212289
 2 -77.43016759776536
 35 -75.41899441340782
 19 -73.40782122905027
 49 -71.39664804469274
 107 -69.38547486033519
 72 -67.37430167597765
 104 -65.3631284916201
 55 -63.35195530726256
 287 -61.34078212290503
 147 -59.32960893854748
 230 -57.31843575418993
 106 -55.3072625698324
 83 -53.29608938547486
 242 -51.28491620111731
 59 -49.27374301675977
 101 -47.26256983240222
 3 -45.25139664804468
 301 -43.24022346368713
 5 -41.22905027932961
 138 -39.21787709497207
 291 -37.20670391061452
 474 -35.19553072625698
 103 -33.18435754189943
 50 -31.17318435754188
 156 -29.16201117318434
 14 -27.15083798882682
 56 -25.13966480446928
 695 -23.12849162011173
 150 -21.11731843575419
 71 -19.10614525139664
 14 -17.09497206703909
 34 -15.08379888268155
 194 -13.072625698324
 9 -11.06145251396646
 542 -9.050279329608941
 2 -7.039106145251395
 138 -5.02793296089385
 23 -3.016759776536304
 0 -1.005586592178759
 13 1.005586592178787
 137 3.016759776536333
 2 5.02793296089385
 577 7.039106145251395
 10 9.050279329608941
 138 11.06145251396649
 47 13.07262569832403
 15 15.08379888268158
 56 17.09497206703912
 109 19.10614525139667
 481 21.11731843575421
 50 23.12849162011173
 109 25.13966480446928
 114 27.15083798882682
 54 29.16201117318437
 236 31.17318435754191
 320 33.18435754189946
 237 35.195530726257
 186 37.20670391061452
 29 39.21787709497207
 305 41.22905027932961
 3 43.24022346368716
 118 45.2513966480447
 67 47.26256983240225
 218 49.27374301675979
 82 51.28491620111734
 197 53.29608938547489
 89 55.3072625698324
 139 57.31843575418995
 258 59.32960893854749
 72 61.34078212290504
 126 63.35195530726259
 68 65.36312849162013
 118 67.37430167597768
 48 69.38547486033519
 26 71.39664804469274
 47 73.40782122905028
 6 75.41899441340783
 11 77.43016759776538
 2 79.44134078212289
 0 81.45251396648047
 0 83.46368715083798
 5 85.47486033519556
 9 87.48603351955308
 8249 89.49720670391065
 5 91.50837988826817
 4 93.51955307262574
 0 95.53072625698326
 0 97.54189944134077
 2 99.55307262569835
 13 101.5642458100559
 24 103.5754189944134
 55 105.586592178771
 17 107.5977653631285
 109 109.608938547486
 131 111.6201117318436
 130 113.6312849162011
 2 115.6424581005587
 212 117.6536312849162
 158 119.6648044692737
 70 121.6759776536313
 205 123.6871508379888
 190 125.6983240223464
 80 127.7094972067039
 172 129.7206703910614
 187 131.731843575419
 1 133.7430167597765
 128 135.7541899441341
 183 137.7653631284916
 127 139.7765363128492
 170 141.7877094972067
 473 143.7988826815642
 144 145.8100558659218
 216 147.8212290502793
 42 149.8324022346369
 137 151.8435754189944
 76 153.854748603352
 510 155.8659217877095
 49 157.8770949720671
 112 159.8882681564246
 92 161.8994413407821
 57 163.9106145251397
 16 165.9217877094972
 137 167.9329608938548
 234 169.9441340782123
 379 171.9553072625699
 0 173.9664804469274
 163 175.9776536312849
 4 177.9888268156425
 0 180


