# Created by Octave 3.8.2, Mon Jun 22 05:02:57 2020 CEST <damian@fptrucha.inv.usc.es>
# name: hd
# type: matrix
# rows: 180
# columns: 2
 6 -180
 156 -177.9888268156425
 7 -175.9776536312849
 318 -173.9664804469274
 207 -171.9553072625698
 116 -169.9441340782123
 38 -167.9329608938548
 43 -165.9217877094972
 68 -163.9106145251397
 126 -161.8994413407821
 43 -159.8882681564246
 550 -157.877094972067
 69 -155.8659217877095
 134 -153.854748603352
 44 -151.8435754189944
 72 -149.8324022346369
 194 -147.8212290502793
 504 -145.8100558659218
 143 -143.7988826815642
 103 -141.7877094972067
 169 -139.7765363128491
 116 -137.7653631284916
 1 -135.7541899441341
 169 -133.7430167597765
 143 -131.731843575419
 68 -129.7206703910614
 156 -127.7094972067039
 207 -125.6983240223464
 81 -123.6871508379888
 175 -121.6759776536313
 195 -119.6648044692737
 12 -117.6536312849162
 116 -115.6424581005587
 113 -113.6312849162011
 111 -111.6201117318436
 23 -109.608938547486
 44 -107.5977653631285
 21 -105.5865921787709
 14 -103.5754189944134
 5 -101.5642458100559
 0 -99.55307262569832
 1 -97.54189944134077
 2 -95.53072625698323
 7 -93.5195530726257
 7198 -91.50837988826815
 12 -89.49720670391061
 2 -87.48603351955308
 2 -85.47486033519553
 0 -83.46368715083798
 5 -81.45251396648044
 14 -79.44134078212289
 7 -77.43016759776536
 53 -75.41899441340782
 36 -73.40782122905027
 51 -71.39664804469274
 126 -69.38547486033519
 72 -67.37430167597765
 114 -65.3631284916201
 48 -63.35195530726256
 239 -61.34078212290503
 142 -59.32960893854748
 195 -57.31843575418993
 80 -55.3072625698324
 73 -53.29608938547486
 232 -51.28491620111731
 60 -49.27374301675977
 103 -47.26256983240222
 3 -45.25139664804468
 301 -43.24022346368713
 5 -41.22905027932961
 129 -39.21787709497207
 294 -37.20670391061452
 407 -35.19553072625698
 108 -33.18435754189943
 61 -31.17318435754188
 140 -29.16201117318434
 12 -27.15083798882682
 53 -25.13966480446928
 483 -23.12849162011173
 130 -21.11731843575419
 51 -19.10614525139664
 16 -17.09497206703909
 37 -15.08379888268155
 168 -13.072625698324
 10 -11.06145251396646
 497 -9.050279329608941
 6 -7.039106145251395
 124 -5.02793296089385
 19 -3.016759776536304
 5 -1.005586592178759
 24 1.005586592178787
 112 3.016759776536333
 6 5.02793296089385
 515 7.039106145251395
 11 9.050279329608941
 125 11.06145251396649
 39 13.07262569832403
 13 15.08379888268158
 63 17.09497206703912
 116 19.10614525139667
 481 21.11731843575421
 33 23.12849162011173
 81 25.13966480446928
 82 27.15083798882682
 63 29.16201117318437
 198 31.17318435754191
 315 33.18435754189946
 232 35.195530726257
 122 37.20670391061452
 23 39.21787709497207
 268 41.22905027932961
 2 43.24022346368716
 127 45.2513966480447
 51 47.26256983240225
 218 49.27374301675979
 83 51.28491620111734
 187 53.29608938547489
 65 55.3072625698324
 134 57.31843575418995
 250 59.32960893854749
 69 61.34078212290504
 124 63.35195530726259
 72 65.36312849162013
 118 67.37430167597768
 40 69.38547486033519
 30 71.39664804469274
 47 73.40782122905028
 13 75.41899441340783
 10 77.43016759776538
 4 79.44134078212289
 0 81.45251396648047
 1 83.46368715083798
 4 85.47486033519556
 13 87.48603351955308
 6628 89.49720670391065
 8 91.50837988826817
 4 93.51955307262574
 0 95.53072625698326
 0 97.54189944134077
 9 99.55307262569835
 7 101.5642458100559
 20 103.5754189944134
 45 105.586592178771
 29 107.5977653631285
 96 109.608938547486
 106 111.6201117318436
 116 113.6312849162011
 2 115.6424581005587
 178 117.6536312849162
 144 119.6648044692737
 92 121.6759776536313
 164 123.6871508379888
 169 125.6983240223464
 69 127.7094972067039
 160 129.7206703910614
 172 131.731843575419
 2 133.7430167597765
 106 135.7541899441341
 161 137.7653631284916
 92 139.7765363128492
 121 141.7877094972067
 402 143.7988826815642
 131 145.8100558659218
 183 147.8212290502793
 61 149.8324022346369
 152 151.8435754189944
 72 153.854748603352
 440 155.8659217877095
 40 157.8770949720671
 128 159.8882681564246
 81 161.8994413407821
 44 163.9106145251397
 20 165.9217877094972
 137 167.9329608938548
 205 169.9441340782123
 323 171.9553072625699
 9 173.9664804469274
 156 175.9776536312849
 7 177.9888268156425
 0 180


