# Created by Octave 3.8.2, Mon Jun 22 02:01:58 2020 CEST <damian@fptrucha.inv.usc.es>
# name: hd
# type: matrix
# rows: 180
# columns: 2
 5 -180
 145 -177.9888268156425
 5 -175.9776536312849
 372 -173.9664804469274
 251 -171.9553072625698
 143 -169.9441340782123
 34 -167.9329608938548
 43 -165.9217877094972
 54 -163.9106145251397
 168 -161.8994413407821
 56 -159.8882681564246
 589 -157.877094972067
 75 -155.8659217877095
 121 -153.854748603352
 53 -151.8435754189944
 77 -149.8324022346369
 234 -147.8212290502793
 592 -145.8100558659218
 127 -143.7988826815642
 98 -141.7877094972067
 169 -139.7765363128491
 113 -137.7653631284916
 2 -135.7541899441341
 153 -133.7430167597765
 184 -131.731843575419
 75 -129.7206703910614
 169 -127.7094972067039
 204 -125.6983240223464
 94 -123.6871508379888
 247 -121.6759776536313
 212 -119.6648044692737
 4 -117.6536312849162
 120 -115.6424581005587
 126 -113.6312849162011
 135 -111.6201117318436
 19 -109.608938547486
 39 -107.5977653631285
 31 -105.5865921787709
 9 -103.5754189944134
 6 -101.5642458100559
 1 -99.55307262569832
 1 -97.54189944134077
 3 -95.53072625698323
 5 -93.5195530726257
 7971 -91.50837988826815
 14 -89.49720670391061
 3 -87.48603351955308
 0 -85.47486033519553
 1 -83.46368715083798
 4 -81.45251396648044
 12 -79.44134078212289
 6 -77.43016759776536
 60 -75.41899441340782
 43 -73.40782122905027
 54 -71.39664804469274
 121 -69.38547486033519
 60 -67.37430167597765
 116 -65.3631284916201
 58 -63.35195530726256
 276 -61.34078212290503
 141 -59.32960893854748
 194 -57.31843575418993
 108 -55.3072625698324
 70 -53.29608938547486
 228 -51.28491620111731
 59 -49.27374301675977
 127 -47.26256983240222
 1 -45.25139664804468
 291 -43.24022346368713
 3 -41.22905027932961
 170 -39.21787709497207
 295 -37.20670391061452
 463 -35.19553072625698
 124 -33.18435754189943
 58 -31.17318435754188
 161 -29.16201117318434
 11 -27.15083798882682
 62 -25.13966480446928
 602 -23.12849162011173
 123 -21.11731843575419
 55 -19.10614525139664
 13 -17.09497206703909
 56 -15.08379888268155
 168 -13.072625698324
 9 -11.06145251396646
 541 -9.050279329608941
 5 -7.039106145251395
 141 -5.02793296089385
 26 -3.016759776536304
 6 -1.005586592178759
 25 1.005586592178787
 120 3.016759776536333
 2 5.02793296089385
 531 7.039106145251395
 13 9.050279329608941
 153 11.06145251396649
 48 13.07262569832403
 6 15.08379888268158
 75 17.09497206703912
 136 19.10614525139667
 511 21.11731843575421
 66 23.12849162011173
 103 25.13966480446928
 108 27.15083798882682
 67 29.16201117318437
 231 31.17318435754191
 299 33.18435754189946
 214 35.195530726257
 168 37.20670391061452
 39 39.21787709497207
 290 41.22905027932961
 2 43.24022346368716
 125 45.2513966480447
 59 47.26256983240225
 239 49.27374301675979
 78 51.28491620111734
 189 53.29608938547489
 82 55.3072625698324
 142 57.31843575418995
 252 59.32960893854749
 85 61.34078212290504
 142 63.35195530726259
 75 65.36312849162013
 108 67.37430167597768
 44 69.38547486033519
 29 71.39664804469274
 52 73.40782122905028
 9 75.41899441340783
 8 77.43016759776538
 3 79.44134078212289
 0 81.45251396648047
 1 83.46368715083798
 1 85.47486033519556
 12 87.48603351955308
 7478 89.49720670391065
 7 91.50837988826817
 8 93.51955307262574
 2 95.53072625698326
 2 97.54189944134077
 3 99.55307262569835
 11 101.5642458100559
 23 103.5754189944134
 50 105.586592178771
 25 107.5977653631285
 105 109.608938547486
 133 111.6201117318436
 130 113.6312849162011
 2 115.6424581005587
 242 117.6536312849162
 173 119.6648044692737
 87 121.6759776536313
 160 123.6871508379888
 201 125.6983240223464
 80 127.7094972067039
 181 129.7206703910614
 214 131.731843575419
 4 133.7430167597765
 123 135.7541899441341
 164 137.7653631284916
 114 139.7765363128492
 130 141.7877094972067
 473 143.7988826815642
 108 145.8100558659218
 198 147.8212290502793
 58 149.8324022346369
 168 151.8435754189944
 77 153.854748603352
 493 155.8659217877095
 51 157.8770949720671
 125 159.8882681564246
 80 161.8994413407821
 56 163.9106145251397
 27 165.9217877094972
 142 167.9329608938548
 218 169.9441340782123
 317 171.9553072625699
 5 173.9664804469274
 148 175.9776536312849
 1 177.9888268156425
 0 180


