# Created by Octave 3.8.2, Mon Jun 22 20:54:35 2020 CEST <damian@fptrucha.inv.usc.es>
# name: hd
# type: matrix
# rows: 180
# columns: 2
 2 -180
 166 -177.9888268156425
 2 -175.9776536312849
 372 -173.9664804469274
 244 -171.9553072625698
 135 -169.9441340782123
 30 -167.9329608938548
 38 -165.9217877094972
 40 -163.9106145251397
 136 -161.8994413407821
 45 -159.8882681564246
 624 -157.877094972067
 80 -155.8659217877095
 131 -153.854748603352
 49 -151.8435754189944
 77 -149.8324022346369
 234 -147.8212290502793
 615 -145.8100558659218
 167 -143.7988826815642
 108 -141.7877094972067
 194 -139.7765363128491
 133 -137.7653631284916
 7 -135.7541899441341
 198 -133.7430167597765
 171 -131.731843575419
 97 -129.7206703910614
 198 -127.7094972067039
 246 -125.6983240223464
 122 -123.6871508379888
 181 -121.6759776536313
 198 -119.6648044692737
 4 -117.6536312849162
 122 -115.6424581005587
 121 -113.6312849162011
 160 -111.6201117318436
 23 -109.608938547486
 36 -107.5977653631285
 22 -105.5865921787709
 12 -103.5754189944134
 4 -101.5642458100559
 0 -99.55307262569832
 0 -97.54189944134077
 5 -95.53072625698323
 9 -93.5195530726257
 8539 -91.50837988826815
 16 -89.49720670391061
 6 -87.48603351955308
 2 -85.47486033519553
 0 -83.46368715083798
 3 -81.45251396648044
 8 -79.44134078212289
 10 -77.43016759776536
 52 -75.41899441340782
 33 -73.40782122905027
 61 -71.39664804469274
 141 -69.38547486033519
 104 -67.37430167597765
 111 -65.3631284916201
 55 -63.35195530726256
 253 -61.34078212290503
 135 -59.32960893854748
 232 -57.31843575418993
 111 -55.3072625698324
 71 -53.29608938547486
 252 -51.28491620111731
 56 -49.27374301675977
 129 -47.26256983240222
 7 -45.25139664804468
 300 -43.24022346368713
 0 -41.22905027932961
 178 -39.21787709497207
 296 -37.20670391061452
 443 -35.19553072625698
 143 -33.18435754189943
 70 -31.17318435754188
 179 -29.16201117318434
 11 -27.15083798882682
 67 -25.13966480446928
 661 -23.12849162011173
 142 -21.11731843575419
 52 -19.10614525139664
 9 -17.09497206703909
 45 -15.08379888268155
 165 -13.072625698324
 10 -11.06145251396646
 567 -9.050279329608941
 3 -7.039106145251395
 130 -5.02793296089385
 22 -3.016759776536304
 2 -1.005586592178759
 20 1.005586592178787
 136 3.016759776536333
 2 5.02793296089385
 561 7.039106145251395
 9 9.050279329608941
 159 11.06145251396649
 54 13.07262569832403
 17 15.08379888268158
 57 17.09497206703912
 133 19.10614525139667
 572 21.11731843575421
 54 23.12849162011173
 91 25.13966480446928
 106 27.15083798882682
 74 29.16201117318437
 190 31.17318435754191
 324 33.18435754189946
 281 35.195530726257
 178 37.20670391061452
 33 39.21787709497207
 266 41.22905027932961
 2 43.24022346368716
 123 45.2513966480447
 70 47.26256983240225
 213 49.27374301675979
 80 51.28491620111734
 192 53.29608938547489
 83 55.3072625698324
 159 57.31843575418995
 261 59.32960893854749
 69 61.34078212290504
 124 63.35195530726259
 78 65.36312849162013
 117 67.37430167597768
 42 69.38547486033519
 35 71.39664804469274
 65 73.40782122905028
 8 75.41899441340783
 18 77.43016759776538
 1 79.44134078212289
 0 81.45251396648047
 1 83.46368715083798
 5 85.47486033519556
 18 87.48603351955308
 7971 89.49720670391065
 9 91.50837988826817
 3 93.51955307262574
 3 95.53072625698326
 0 97.54189944134077
 7 99.55307262569835
 22 101.5642458100559
 25 103.5754189944134
 42 105.586592178771
 27 107.5977653631285
 120 109.608938547486
 133 111.6201117318436
 122 113.6312849162011
 3 115.6424581005587
 224 117.6536312849162
 191 119.6648044692737
 105 121.6759776536313
 169 123.6871508379888
 183 125.6983240223464
 76 127.7094972067039
 150 129.7206703910614
 194 131.731843575419
 5 133.7430167597765
 115 135.7541899441341
 195 137.7653631284916
 104 139.7765363128492
 164 141.7877094972067
 528 143.7988826815642
 133 145.8100558659218
 226 147.8212290502793
 61 149.8324022346369
 130 151.8435754189944
 84 153.854748603352
 529 155.8659217877095
 53 157.8770949720671
 163 159.8882681564246
 79 161.8994413407821
 49 163.9106145251397
 17 165.9217877094972
 157 167.9329608938548
 220 169.9441340782123
 373 171.9553072625699
 4 173.9664804469274
 185 175.9776536312849
 6 177.9888268156425
 0 180


