# Created by Octave 3.8.2, Mon Jun 22 23:28:02 2020 CEST <damian@fptrucha.inv.usc.es>
# name: hd
# type: matrix
# rows: 180
# columns: 2
 5 -180
 180 -177.9888268156425
 5 -175.9776536312849
 406 -173.9664804469274
 294 -171.9553072625698
 154 -169.9441340782123
 39 -167.9329608938548
 54 -165.9217877094972
 72 -163.9106145251397
 196 -161.8994413407821
 51 -159.8882681564246
 639 -157.877094972067
 71 -155.8659217877095
 135 -153.854748603352
 42 -151.8435754189944
 89 -149.8324022346369
 227 -147.8212290502793
 626 -145.8100558659218
 146 -143.7988826815642
 95 -141.7877094972067
 234 -139.7765363128491
 120 -137.7653631284916
 4 -135.7541899441341
 181 -133.7430167597765
 173 -131.731843575419
 78 -129.7206703910614
 198 -127.7094972067039
 220 -125.6983240223464
 113 -123.6871508379888
 173 -121.6759776536313
 198 -119.6648044692737
 5 -117.6536312849162
 126 -115.6424581005587
 136 -113.6312849162011
 126 -111.6201117318436
 23 -109.608938547486
 34 -107.5977653631285
 32 -105.5865921787709
 12 -103.5754189944134
 5 -101.5642458100559
 2 -99.55307262569832
 3 -97.54189944134077
 5 -95.53072625698323
 14 -93.5195530726257
 8609 -91.50837988826815
 13 -89.49720670391061
 6 -87.48603351955308
 2 -85.47486033519553
 1 -83.46368715083798
 1 -81.45251396648044
 14 -79.44134078212289
 8 -77.43016759776536
 57 -75.41899441340782
 34 -73.40782122905027
 55 -71.39664804469274
 136 -69.38547486033519
 90 -67.37430167597765
 104 -65.3631284916201
 71 -63.35195530726256
 294 -61.34078212290503
 140 -59.32960893854748
 225 -57.31843575418993
 95 -55.3072625698324
 78 -53.29608938547486
 226 -51.28491620111731
 59 -49.27374301675977
 127 -47.26256983240222
 1 -45.25139664804468
 313 -43.24022346368713
 9 -41.22905027932961
 170 -39.21787709497207
 319 -37.20670391061452
 484 -35.19553072625698
 127 -33.18435754189943
 69 -31.17318435754188
 171 -29.16201117318434
 12 -27.15083798882682
 74 -25.13966480446928
 624 -23.12849162011173
 164 -21.11731843575419
 52 -19.10614525139664
 11 -17.09497206703909
 35 -15.08379888268155
 188 -13.072625698324
 13 -11.06145251396646
 653 -9.050279329608941
 5 -7.039106145251395
 118 -5.02793296089385
 25 -3.016759776536304
 3 -1.005586592178759
 27 1.005586592178787
 124 3.016759776536333
 2 5.02793296089385
 589 7.039106145251395
 10 9.050279329608941
 163 11.06145251396649
 57 13.07262569832403
 13 15.08379888268158
 46 17.09497206703912
 115 19.10614525139667
 595 21.11731843575421
 68 23.12849162011173
 86 25.13966480446928
 119 27.15083798882682
 56 29.16201117318437
 218 31.17318435754191
 355 33.18435754189946
 279 35.195530726257
 159 37.20670391061452
 47 39.21787709497207
 313 41.22905027932961
 4 43.24022346368716
 144 45.2513966480447
 56 47.26256983240225
 268 49.27374301675979
 100 51.28491620111734
 237 53.29608938547489
 94 55.3072625698324
 186 57.31843575418995
 299 59.32960893854749
 58 61.34078212290504
 134 63.35195530726259
 98 65.36312849162013
 126 67.37430167597768
 73 69.38547486033519
 38 71.39664804469274
 62 73.40782122905028
 9 75.41899441340783
 15 77.43016759776538
 6 79.44134078212289
 0 81.45251396648047
 3 83.46368715083798
 4 85.47486033519556
 19 87.48603351955308
 8146 89.49720670391065
 12 91.50837988826817
 2 93.51955307262574
 2 95.53072625698326
 0 97.54189944134077
 5 99.55307262569835
 15 101.5642458100559
 39 103.5754189944134
 50 105.586592178771
 18 107.5977653631285
 108 109.608938547486
 148 111.6201117318436
 129 113.6312849162011
 3 115.6424581005587
 239 117.6536312849162
 176 119.6648044692737
 105 121.6759776536313
 203 123.6871508379888
 177 125.6983240223464
 102 127.7094972067039
 171 129.7206703910614
 191 131.731843575419
 1 133.7430167597765
 143 135.7541899441341
 191 137.7653631284916
 119 139.7765363128492
 164 141.7877094972067
 535 143.7988826815642
 142 145.8100558659218
 211 147.8212290502793
 44 149.8324022346369
 154 151.8435754189944
 69 153.854748603352
 520 155.8659217877095
 46 157.8770949720671
 151 159.8882681564246
 96 161.8994413407821
 58 163.9106145251397
 26 165.9217877094972
 144 167.9329608938548
 263 169.9441340782123
 332 171.9553072625699
 1 173.9664804469274
 161 175.9776536312849
 3 177.9888268156425
 0 180


