# Created by Octave 3.8.2, Mon Jun 22 16:24:29 2020 CEST <damian@fptrucha.inv.usc.es>
# name: hd
# type: matrix
# rows: 180
# columns: 2
 10 -180
 164 -177.9888268156425
 9 -175.9776536312849
 391 -173.9664804469274
 214 -171.9553072625698
 159 -169.9441340782123
 20 -167.9329608938548
 46 -165.9217877094972
 66 -163.9106145251397
 156 -161.8994413407821
 41 -159.8882681564246
 615 -157.877094972067
 67 -155.8659217877095
 118 -153.854748603352
 43 -151.8435754189944
 86 -149.8324022346369
 229 -147.8212290502793
 619 -145.8100558659218
 125 -143.7988826815642
 104 -141.7877094972067
 196 -139.7765363128491
 103 -137.7653631284916
 5 -135.7541899441341
 162 -133.7430167597765
 177 -131.731843575419
 90 -129.7206703910614
 179 -127.7094972067039
 253 -125.6983240223464
 112 -123.6871508379888
 192 -121.6759776536313
 185 -119.6648044692737
 4 -117.6536312849162
 115 -115.6424581005587
 138 -113.6312849162011
 133 -111.6201117318436
 27 -109.608938547486
 35 -107.5977653631285
 22 -105.5865921787709
 13 -103.5754189944134
 1 -101.5642458100559
 0 -99.55307262569832
 1 -97.54189944134077
 2 -95.53072625698323
 9 -93.5195530726257
 8040 -91.50837988826815
 14 -89.49720670391061
 7 -87.48603351955308
 0 -85.47486033519553
 1 -83.46368715083798
 3 -81.45251396648044
 9 -79.44134078212289
 8 -77.43016759776536
 64 -75.41899441340782
 35 -73.40782122905027
 65 -71.39664804469274
 120 -69.38547486033519
 78 -67.37430167597765
 114 -65.3631284916201
 67 -63.35195530726256
 295 -61.34078212290503
 144 -59.32960893854748
 214 -57.31843575418993
 83 -55.3072625698324
 82 -53.29608938547486
 232 -51.28491620111731
 49 -49.27374301675977
 147 -47.26256983240222
 3 -45.25139664804468
 352 -43.24022346368713
 7 -41.22905027932961
 163 -39.21787709497207
 297 -37.20670391061452
 462 -35.19553072625698
 110 -33.18435754189943
 65 -31.17318435754188
 146 -29.16201117318434
 10 -27.15083798882682
 62 -25.13966480446928
 598 -23.12849162011173
 164 -21.11731843575419
 67 -19.10614525139664
 14 -17.09497206703909
 33 -15.08379888268155
 140 -13.072625698324
 12 -11.06145251396646
 616 -9.050279329608941
 1 -7.039106145251395
 126 -5.02793296089385
 16 -3.016759776536304
 4 -1.005586592178759
 24 1.005586592178787
 129 3.016759776536333
 4 5.02793296089385
 556 7.039106145251395
 9 9.050279329608941
 149 11.06145251396649
 47 13.07262569832403
 13 15.08379888268158
 61 17.09497206703912
 124 19.10614525139667
 520 21.11731843575421
 64 23.12849162011173
 72 25.13966480446928
 94 27.15083798882682
 58 29.16201117318437
 195 31.17318435754191
 347 33.18435754189946
 253 35.195530726257
 164 37.20670391061452
 41 39.21787709497207
 260 41.22905027932961
 3 43.24022346368716
 130 45.2513966480447
 68 47.26256983240225
 265 49.27374301675979
 69 51.28491620111734
 237 53.29608938547489
 83 55.3072625698324
 154 57.31843575418995
 281 59.32960893854749
 75 61.34078212290504
 131 63.35195530726259
 74 65.36312849162013
 136 67.37430167597768
 50 69.38547486033519
 32 71.39664804469274
 54 73.40782122905028
 17 75.41899441340783
 5 77.43016759776538
 4 79.44134078212289
 0 81.45251396648047
 3 83.46368715083798
 2 85.47486033519556
 21 87.48603351955308
 7800 89.49720670391065
 8 91.50837988826817
 4 93.51955307262574
 2 95.53072625698326
 1 97.54189944134077
 4 99.55307262569835
 19 101.5642458100559
 31 103.5754189944134
 52 105.586592178771
 24 107.5977653631285
 140 109.608938547486
 144 111.6201117318436
 138 113.6312849162011
 4 115.6424581005587
 203 117.6536312849162
 168 119.6648044692737
 93 121.6759776536313
 178 123.6871508379888
 186 125.6983240223464
 75 127.7094972067039
 179 129.7206703910614
 186 131.731843575419
 3 133.7430167597765
 141 135.7541899441341
 171 137.7653631284916
 108 139.7765363128492
 158 141.7877094972067
 514 143.7988826815642
 119 145.8100558659218
 199 147.8212290502793
 52 149.8324022346369
 149 151.8435754189944
 69 153.854748603352
 517 155.8659217877095
 56 157.8770949720671
 147 159.8882681564246
 88 161.8994413407821
 58 163.9106145251397
 9 165.9217877094972
 124 167.9329608938548
 213 169.9441340782123
 350 171.9553072625699
 3 173.9664804469274
 174 175.9776536312849
 2 177.9888268156425
 0 180


