# Created by Octave 3.8.2, Sat Jun 20 12:11:56 2020 CEST <damian@fptrucha.inv.usc.es>
# name: hd
# type: matrix
# rows: 180
# columns: 2
 1 -180
 183 -177.9888268156425
 2 -175.9776536312849
 419 -173.9664804469274
 263 -171.9553072625698
 150 -169.9441340782123
 31 -167.9329608938548
 32 -165.9217877094972
 71 -163.9106145251397
 170 -161.8994413407821
 52 -159.8882681564246
 710 -157.877094972067
 61 -155.8659217877095
 116 -153.854748603352
 37 -151.8435754189944
 62 -149.8324022346369
 218 -147.8212290502793
 680 -145.8100558659218
 135 -143.7988826815642
 100 -141.7877094972067
 163 -139.7765363128491
 103 -137.7653631284916
 5 -135.7541899441341
 187 -133.7430167597765
 168 -131.731843575419
 79 -129.7206703910614
 189 -127.7094972067039
 257 -125.6983240223464
 122 -123.6871508379888
 207 -121.6759776536313
 177 -119.6648044692737
 9 -117.6536312849162
 98 -115.6424581005587
 150 -113.6312849162011
 124 -111.6201117318436
 15 -109.608938547486
 29 -107.5977653631285
 23 -105.5865921787709
 14 -103.5754189944134
 3 -101.5642458100559
 1 -99.55307262569832
 2 -97.54189944134077
 3 -95.53072625698323
 6 -93.5195530726257
 8564 -91.50837988826815
 10 -89.49720670391061
 4 -87.48603351955308
 0 -85.47486033519553
 0 -83.46368715083798
 5 -81.45251396648044
 12 -79.44134078212289
 3 -77.43016759776536
 47 -75.41899441340782
 22 -73.40782122905027
 50 -71.39664804469274
 126 -69.38547486033519
 67 -67.37430167597765
 123 -65.3631284916201
 42 -63.35195530726256
 274 -61.34078212290503
 154 -59.32960893854748
 207 -57.31843575418993
 103 -55.3072625698324
 75 -53.29608938547486
 232 -51.28491620111731
 62 -49.27374301675977
 108 -47.26256983240222
 3 -45.25139664804468
 277 -43.24022346368713
 3 -41.22905027932961
 162 -39.21787709497207
 306 -37.20670391061452
 501 -35.19553072625698
 109 -33.18435754189943
 67 -31.17318435754188
 139 -29.16201117318434
 7 -27.15083798882682
 54 -25.13966480446928
 627 -23.12849162011173
 162 -21.11731843575419
 53 -19.10614525139664
 12 -17.09497206703909
 48 -15.08379888268155
 182 -13.072625698324
 8 -11.06145251396646
 630 -9.050279329608941
 2 -7.039106145251395
 149 -5.02793296089385
 26 -3.016759776536304
 1 -1.005586592178759
 21 1.005586592178787
 121 3.016759776536333
 2 5.02793296089385
 630 7.039106145251395
 4 9.050279329608941
 152 11.06145251396649
 44 13.07262569832403
 12 15.08379888268158
 60 17.09497206703912
 117 19.10614525139667
 553 21.11731843575421
 44 23.12849162011173
 105 25.13966480446928
 109 27.15083798882682
 60 29.16201117318437
 266 31.17318435754191
 354 33.18435754189946
 252 35.195530726257
 168 37.20670391061452
 29 39.21787709497207
 318 41.22905027932961
 1 43.24022346368716
 155 45.2513966480447
 62 47.26256983240225
 256 49.27374301675979
 71 51.28491620111734
 204 53.29608938547489
 62 55.3072625698324
 145 57.31843575418995
 268 59.32960893854749
 71 61.34078212290504
 134 63.35195530726259
 77 65.36312849162013
 121 67.37430167597768
 58 69.38547486033519
 37 71.39664804469274
 60 73.40782122905028
 12 75.41899441340783
 8 77.43016759776538
 1 79.44134078212289
 0 81.45251396648047
 0 83.46368715083798
 4 85.47486033519556
 9 87.48603351955308
 8589 89.49720670391065
 1 91.50837988826817
 1 93.51955307262574
 1 95.53072625698326
 1 97.54189944134077
 0 99.55307262569835
 15 101.5642458100559
 27 103.5754189944134
 37 105.586592178771
 30 107.5977653631285
 140 109.608938547486
 130 111.6201117318436
 153 113.6312849162011
 1 115.6424581005587
 222 117.6536312849162
 183 119.6648044692737
 112 121.6759776536313
 186 123.6871508379888
 198 125.6983240223464
 83 127.7094972067039
 182 129.7206703910614
 204 131.731843575419
 2 133.7430167597765
 117 135.7541899441341
 191 137.7653631284916
 95 139.7765363128492
 163 141.7877094972067
 528 143.7988826815642
 151 145.8100558659218
 222 147.8212290502793
 47 149.8324022346369
 195 151.8435754189944
 76 153.854748603352
 520 155.8659217877095
 62 157.8770949720671
 157 159.8882681564246
 77 161.8994413407821
 63 163.9106145251397
 19 165.9217877094972
 154 167.9329608938548
 244 169.9441340782123
 373 171.9553072625699
 1 173.9664804469274
 170 175.9776536312849
 1 177.9888268156425
 0 180


