# Created by Octave 3.8.2, Sun Jun 21 05:28:17 2020 CEST <damian@fptrucha.inv.usc.es>
# name: hd
# type: matrix
# rows: 180
# columns: 2
 4 -180
 159 -177.9888268156425
 1 -175.9776536312849
 348 -173.9664804469274
 202 -171.9553072625698
 153 -169.9441340782123
 31 -167.9329608938548
 27 -165.9217877094972
 42 -163.9106145251397
 145 -161.8994413407821
 37 -159.8882681564246
 642 -157.877094972067
 72 -155.8659217877095
 111 -153.854748603352
 48 -151.8435754189944
 76 -149.8324022346369
 182 -147.8212290502793
 576 -145.8100558659218
 109 -143.7988826815642
 84 -141.7877094972067
 166 -139.7765363128491
 92 -137.7653631284916
 0 -135.7541899441341
 160 -133.7430167597765
 129 -131.731843575419
 74 -129.7206703910614
 177 -127.7094972067039
 207 -125.6983240223464
 97 -123.6871508379888
 182 -121.6759776536313
 178 -119.6648044692737
 4 -117.6536312849162
 95 -115.6424581005587
 99 -113.6312849162011
 104 -111.6201117318436
 9 -109.608938547486
 30 -107.5977653631285
 14 -105.5865921787709
 12 -103.5754189944134
 1 -101.5642458100559
 0 -99.55307262569832
 0 -97.54189944134077
 2 -95.53072625698323
 3 -93.5195530726257
 7952 -91.50837988826815
 15 -89.49720670391061
 2 -87.48603351955308
 1 -85.47486033519553
 0 -83.46368715083798
 1 -81.45251396648044
 5 -79.44134078212289
 6 -77.43016759776536
 49 -75.41899441340782
 28 -73.40782122905027
 45 -71.39664804469274
 108 -69.38547486033519
 63 -67.37430167597765
 87 -65.3631284916201
 51 -63.35195530726256
 284 -61.34078212290503
 137 -59.32960893854748
 191 -57.31843575418993
 86 -55.3072625698324
 89 -53.29608938547486
 215 -51.28491620111731
 50 -49.27374301675977
 93 -47.26256983240222
 2 -45.25139664804468
 255 -43.24022346368713
 2 -41.22905027932961
 174 -39.21787709497207
 305 -37.20670391061452
 420 -35.19553072625698
 122 -33.18435754189943
 62 -31.17318435754188
 136 -29.16201117318434
 13 -27.15083798882682
 48 -25.13966480446928
 606 -23.12849162011173
 142 -21.11731843575419
 57 -19.10614525139664
 16 -17.09497206703909
 43 -15.08379888268155
 178 -13.072625698324
 4 -11.06145251396646
 545 -9.050279329608941
 3 -7.039106145251395
 119 -5.02793296089385
 22 -3.016759776536304
 1 -1.005586592178759
 23 1.005586592178787
 107 3.016759776536333
 2 5.02793296089385
 524 7.039106145251395
 10 9.050279329608941
 137 11.06145251396649
 38 13.07262569832403
 6 15.08379888268158
 45 17.09497206703912
 117 19.10614525139667
 470 21.11731843575421
 46 23.12849162011173
 78 25.13966480446928
 126 27.15083798882682
 55 29.16201117318437
 226 31.17318435754191
 305 33.18435754189946
 239 35.195530726257
 155 37.20670391061452
 26 39.21787709497207
 294 41.22905027932961
 1 43.24022346368716
 110 45.2513966480447
 67 47.26256983240225
 194 49.27374301675979
 76 51.28491620111734
 183 53.29608938547489
 61 55.3072625698324
 141 57.31843575418995
 232 59.32960893854749
 53 61.34078212290504
 126 63.35195530726259
 84 65.36312849162013
 104 67.37430167597768
 42 69.38547486033519
 26 71.39664804469274
 48 73.40782122905028
 4 75.41899441340783
 6 77.43016759776538
 4 79.44134078212289
 2 81.45251396648047
 1 83.46368715083798
 6 85.47486033519556
 5 87.48603351955308
 7597 89.49720670391065
 5 91.50837988826817
 1 93.51955307262574
 3 95.53072625698326
 0 97.54189944134077
 4 99.55307262569835
 13 101.5642458100559
 27 103.5754189944134
 43 105.586592178771
 20 107.5977653631285
 97 109.608938547486
 114 111.6201117318436
 121 113.6312849162011
 3 115.6424581005587
 197 117.6536312849162
 137 119.6648044692737
 66 121.6759776536313
 166 123.6871508379888
 166 125.6983240223464
 95 127.7094972067039
 162 129.7206703910614
 148 131.731843575419
 5 133.7430167597765
 116 135.7541899441341
 185 137.7653631284916
 99 139.7765363128492
 131 141.7877094972067
 433 143.7988826815642
 122 145.8100558659218
 206 147.8212290502793
 40 149.8324022346369
 149 151.8435754189944
 61 153.854748603352
 434 155.8659217877095
 46 157.8770949720671
 118 159.8882681564246
 63 161.8994413407821
 50 163.9106145251397
 18 165.9217877094972
 123 167.9329608938548
 210 169.9441340782123
 336 171.9553072625699
 1 173.9664804469274
 130 175.9776536312849
 1 177.9888268156425
 0 180


