# Created by Octave 3.8.2, Mon Jun 22 13:00:50 2020 CEST <damian@fptrucha.inv.usc.es>
# name: hd
# type: matrix
# rows: 180
# columns: 2
 4 -180
 170 -177.9888268156425
 3 -175.9776536312849
 376 -173.9664804469274
 236 -171.9553072625698
 144 -169.9441340782123
 28 -167.9329608938548
 48 -165.9217877094972
 55 -163.9106145251397
 175 -161.8994413407821
 45 -159.8882681564246
 586 -157.877094972067
 61 -155.8659217877095
 112 -153.854748603352
 39 -151.8435754189944
 86 -149.8324022346369
 247 -147.8212290502793
 560 -145.8100558659218
 137 -143.7988826815642
 90 -141.7877094972067
 165 -139.7765363128491
 128 -137.7653631284916
 5 -135.7541899441341
 158 -133.7430167597765
 181 -131.731843575419
 75 -129.7206703910614
 188 -127.7094972067039
 225 -125.6983240223464
 105 -123.6871508379888
 186 -121.6759776536313
 212 -119.6648044692737
 8 -117.6536312849162
 122 -115.6424581005587
 110 -113.6312849162011
 119 -111.6201117318436
 19 -109.608938547486
 37 -107.5977653631285
 31 -105.5865921787709
 14 -103.5754189944134
 4 -101.5642458100559
 2 -99.55307262569832
 2 -97.54189944134077
 3 -95.53072625698323
 6 -93.5195530726257
 7819 -91.50837988826815
 8 -89.49720670391061
 6 -87.48603351955308
 2 -85.47486033519553
 1 -83.46368715083798
 3 -81.45251396648044
 5 -79.44134078212289
 8 -77.43016759776536
 53 -75.41899441340782
 31 -73.40782122905027
 51 -71.39664804469274
 115 -69.38547486033519
 91 -67.37430167597765
 112 -65.3631284916201
 54 -63.35195530726256
 254 -61.34078212290503
 131 -59.32960893854748
 217 -57.31843575418993
 85 -55.3072625698324
 80 -53.29608938547486
 228 -51.28491620111731
 63 -49.27374301675977
 108 -47.26256983240222
 0 -45.25139664804468
 315 -43.24022346368713
 3 -41.22905027932961
 172 -39.21787709497207
 284 -37.20670391061452
 466 -35.19553072625698
 104 -33.18435754189943
 66 -31.17318435754188
 157 -29.16201117318434
 16 -27.15083798882682
 60 -25.13966480446928
 547 -23.12849162011173
 116 -21.11731843575419
 53 -19.10614525139664
 13 -17.09497206703909
 33 -15.08379888268155
 158 -13.072625698324
 6 -11.06145251396646
 555 -9.050279329608941
 0 -7.039106145251395
 102 -5.02793296089385
 25 -3.016759776536304
 9 -1.005586592178759
 29 1.005586592178787
 132 3.016759776536333
 6 5.02793296089385
 569 7.039106145251395
 11 9.050279329608941
 150 11.06145251396649
 31 13.07262569832403
 19 15.08379888268158
 61 17.09497206703912
 127 19.10614525139667
 551 21.11731843575421
 63 23.12849162011173
 85 25.13966480446928
 97 27.15083798882682
 61 29.16201117318437
 197 31.17318435754191
 342 33.18435754189946
 275 35.195530726257
 150 37.20670391061452
 38 39.21787709497207
 293 41.22905027932961
 1 43.24022346368716
 127 45.2513966480447
 62 47.26256983240225
 222 49.27374301675979
 74 51.28491620111734
 197 53.29608938547489
 70 55.3072625698324
 145 57.31843575418995
 266 59.32960893854749
 72 61.34078212290504
 109 63.35195530726259
 81 65.36312849162013
 132 67.37430167597768
 42 69.38547486033519
 29 71.39664804469274
 59 73.40782122905028
 8 75.41899441340783
 10 77.43016759776538
 2 79.44134078212289
 1 81.45251396648047
 6 83.46368715083798
 8 85.47486033519556
 17 87.48603351955308
 7540 89.49720670391065
 8 91.50837988826817
 3 93.51955307262574
 1 95.53072625698326
 1 97.54189944134077
 1 99.55307262569835
 14 101.5642458100559
 33 103.5754189944134
 45 105.586592178771
 19 107.5977653631285
 121 109.608938547486
 125 111.6201117318436
 128 113.6312849162011
 2 115.6424581005587
 211 117.6536312849162
 171 119.6648044692737
 91 121.6759776536313
 154 123.6871508379888
 196 125.6983240223464
 75 127.7094972067039
 177 129.7206703910614
 211 131.731843575419
 3 133.7430167597765
 131 135.7541899441341
 175 137.7653631284916
 103 139.7765363128492
 135 141.7877094972067
 486 143.7988826815642
 128 145.8100558659218
 202 147.8212290502793
 44 149.8324022346369
 137 151.8435754189944
 79 153.854748603352
 514 155.8659217877095
 57 157.8770949720671
 155 159.8882681564246
 82 161.8994413407821
 57 163.9106145251397
 15 165.9217877094972
 130 167.9329608938548
 228 169.9441340782123
 339 171.9553072625699
 8 173.9664804469274
 148 175.9776536312849
 4 177.9888268156425
 0 180


