# Created by Octave 3.8.2, Sun Jun 21 05:50:11 2020 CEST <damian@fptrucha.inv.usc.es>
# name: hd
# type: matrix
# rows: 180
# columns: 2
 2 -180
 154 -177.9888268156425
 5 -175.9776536312849
 371 -173.9664804469274
 221 -171.9553072625698
 158 -169.9441340782123
 22 -167.9329608938548
 35 -165.9217877094972
 52 -163.9106145251397
 149 -161.8994413407821
 40 -159.8882681564246
 567 -157.877094972067
 72 -155.8659217877095
 105 -153.854748603352
 37 -151.8435754189944
 70 -149.8324022346369
 204 -147.8212290502793
 603 -145.8100558659218
 125 -143.7988826815642
 94 -141.7877094972067
 166 -139.7765363128491
 121 -137.7653631284916
 2 -135.7541899441341
 144 -133.7430167597765
 126 -131.731843575419
 77 -129.7206703910614
 186 -127.7094972067039
 223 -125.6983240223464
 91 -123.6871508379888
 204 -121.6759776536313
 179 -119.6648044692737
 5 -117.6536312849162
 93 -115.6424581005587
 108 -113.6312849162011
 122 -111.6201117318436
 10 -109.608938547486
 23 -107.5977653631285
 18 -105.5865921787709
 11 -103.5754189944134
 4 -101.5642458100559
 0 -99.55307262569832
 1 -97.54189944134077
 1 -95.53072625698323
 6 -93.5195530726257
 7992 -91.50837988826815
 10 -89.49720670391061
 5 -87.48603351955308
 1 -85.47486033519553
 0 -83.46368715083798
 2 -81.45251396648044
 7 -79.44134078212289
 2 -77.43016759776536
 46 -75.41899441340782
 26 -73.40782122905027
 43 -71.39664804469274
 113 -69.38547486033519
 70 -67.37430167597765
 88 -65.3631284916201
 55 -63.35195530726256
 264 -61.34078212290503
 137 -59.32960893854748
 205 -57.31843575418993
 102 -55.3072625698324
 76 -53.29608938547486
 184 -51.28491620111731
 62 -49.27374301675977
 97 -47.26256983240222
 3 -45.25139664804468
 268 -43.24022346368713
 3 -41.22905027932961
 127 -39.21787709497207
 307 -37.20670391061452
 435 -35.19553072625698
 91 -33.18435754189943
 63 -31.17318435754188
 154 -29.16201117318434
 10 -27.15083798882682
 54 -25.13966480446928
 628 -23.12849162011173
 128 -21.11731843575419
 48 -19.10614525139664
 7 -17.09497206703909
 34 -15.08379888268155
 174 -13.072625698324
 9 -11.06145251396646
 574 -9.050279329608941
 2 -7.039106145251395
 121 -5.02793296089385
 13 -3.016759776536304
 1 -1.005586592178759
 19 1.005586592178787
 126 3.016759776536333
 0 5.02793296089385
 518 7.039106145251395
 8 9.050279329608941
 132 11.06145251396649
 40 13.07262569832403
 10 15.08379888268158
 53 17.09497206703912
 113 19.10614525139667
 530 21.11731843575421
 62 23.12849162011173
 92 25.13966480446928
 119 27.15083798882682
 54 29.16201117318437
 247 31.17318435754191
 326 33.18435754189946
 259 35.195530726257
 179 37.20670391061452
 28 39.21787709497207
 288 41.22905027932961
 1 43.24022346368716
 125 45.2513966480447
 51 47.26256983240225
 234 49.27374301675979
 84 51.28491620111734
 217 53.29608938547489
 70 55.3072625698324
 131 57.31843575418995
 257 59.32960893854749
 55 61.34078212290504
 112 63.35195530726259
 81 65.36312849162013
 101 67.37430167597768
 43 69.38547486033519
 30 71.39664804469274
 42 73.40782122905028
 8 75.41899441340783
 7 77.43016759776538
 2 79.44134078212289
 0 81.45251396648047
 1 83.46368715083798
 3 85.47486033519556
 10 87.48603351955308
 7446 89.49720670391065
 6 91.50837988826817
 2 93.51955307262574
 0 95.53072625698326
 1 97.54189944134077
 1 99.55307262569835
 7 101.5642458100559
 27 103.5754189944134
 37 105.586592178771
 34 107.5977653631285
 105 109.608938547486
 116 111.6201117318436
 108 113.6312849162011
 1 115.6424581005587
 184 117.6536312849162
 141 119.6648044692737
 82 121.6759776536313
 178 123.6871508379888
 172 125.6983240223464
 89 127.7094972067039
 152 129.7206703910614
 167 131.731843575419
 2 133.7430167597765
 125 135.7541899441341
 163 137.7653631284916
 70 139.7765363128492
 148 141.7877094972067
 450 143.7988826815642
 133 145.8100558659218
 217 147.8212290502793
 35 149.8324022346369
 130 151.8435754189944
 64 153.854748603352
 484 155.8659217877095
 49 157.8770949720671
 150 159.8882681564246
 64 161.8994413407821
 42 163.9106145251397
 19 165.9217877094972
 131 167.9329608938548
 220 169.9441340782123
 322 171.9553072625699
 4 173.9664804469274
 154 175.9776536312849
 3 177.9888268156425
 0 180


