# Created by Octave 3.8.2, Sun Jun 21 04:27:29 2020 CEST <damian@fptrucha.inv.usc.es>
# name: hd
# type: matrix
# rows: 180
# columns: 2
 5 -180
 156 -177.9888268156425
 3 -175.9776536312849
 349 -173.9664804469274
 247 -171.9553072625698
 157 -169.9441340782123
 33 -167.9329608938548
 26 -165.9217877094972
 54 -163.9106145251397
 145 -161.8994413407821
 42 -159.8882681564246
 609 -157.877094972067
 53 -155.8659217877095
 103 -153.854748603352
 40 -151.8435754189944
 45 -149.8324022346369
 182 -147.8212290502793
 573 -145.8100558659218
 114 -143.7988826815642
 74 -141.7877094972067
 149 -139.7765363128491
 96 -137.7653631284916
 2 -135.7541899441341
 136 -133.7430167597765
 140 -131.731843575419
 67 -129.7206703910614
 183 -127.7094972067039
 207 -125.6983240223464
 91 -123.6871508379888
 159 -121.6759776536313
 171 -119.6648044692737
 1 -117.6536312849162
 90 -115.6424581005587
 115 -113.6312849162011
 117 -111.6201117318436
 21 -109.608938547486
 31 -107.5977653631285
 22 -105.5865921787709
 17 -103.5754189944134
 3 -101.5642458100559
 2 -99.55307262569832
 1 -97.54189944134077
 1 -95.53072625698323
 6 -93.5195530726257
 7864 -91.50837988826815
 17 -89.49720670391061
 1 -87.48603351955308
 1 -85.47486033519553
 0 -83.46368715083798
 2 -81.45251396648044
 5 -79.44134078212289
 5 -77.43016759776536
 36 -75.41899441340782
 22 -73.40782122905027
 47 -71.39664804469274
 119 -69.38547486033519
 71 -67.37430167597765
 89 -65.3631284916201
 54 -63.35195530726256
 266 -61.34078212290503
 149 -59.32960893854748
 252 -57.31843575418993
 73 -55.3072625698324
 74 -53.29608938547486
 240 -51.28491620111731
 48 -49.27374301675977
 92 -47.26256983240222
 6 -45.25139664804468
 248 -43.24022346368713
 1 -41.22905027932961
 145 -39.21787709497207
 300 -37.20670391061452
 477 -35.19553072625698
 107 -33.18435754189943
 59 -31.17318435754188
 154 -29.16201117318434
 7 -27.15083798882682
 46 -25.13966480446928
 632 -23.12849162011173
 135 -21.11731843575419
 49 -19.10614525139664
 5 -17.09497206703909
 37 -15.08379888268155
 179 -13.072625698324
 11 -11.06145251396646
 542 -9.050279329608941
 0 -7.039106145251395
 130 -5.02793296089385
 18 -3.016759776536304
 3 -1.005586592178759
 19 1.005586592178787
 119 3.016759776536333
 1 5.02793296089385
 539 7.039106145251395
 5 9.050279329608941
 112 11.06145251396649
 45 13.07262569832403
 10 15.08379888268158
 61 17.09497206703912
 124 19.10614525139667
 500 21.11731843575421
 57 23.12849162011173
 82 25.13966480446928
 88 27.15083798882682
 54 29.16201117318437
 220 31.17318435754191
 284 33.18435754189946
 222 35.195530726257
 152 37.20670391061452
 29 39.21787709497207
 263 41.22905027932961
 2 43.24022346368716
 125 45.2513966480447
 57 47.26256983240225
 210 49.27374301675979
 71 51.28491620111734
 191 53.29608938547489
 103 55.3072625698324
 137 57.31843575418995
 231 59.32960893854749
 69 61.34078212290504
 110 63.35195530726259
 74 65.36312849162013
 96 67.37430167597768
 39 69.38547486033519
 30 71.39664804469274
 37 73.40782122905028
 6 75.41899441340783
 6 77.43016759776538
 1 79.44134078212289
 0 81.45251396648047
 1 83.46368715083798
 3 85.47486033519556
 11 87.48603351955308
 7523 89.49720670391065
 4 91.50837988826817
 3 93.51955307262574
 3 95.53072625698326
 1 97.54189944134077
 2 99.55307262569835
 17 101.5642458100559
 13 103.5754189944134
 26 105.586592178771
 18 107.5977653631285
 86 109.608938547486
 122 111.6201117318436
 133 113.6312849162011
 2 115.6424581005587
 189 117.6536312849162
 155 119.6648044692737
 90 121.6759776536313
 166 123.6871508379888
 178 125.6983240223464
 64 127.7094972067039
 152 129.7206703910614
 186 131.731843575419
 1 133.7430167597765
 114 135.7541899441341
 167 137.7653631284916
 118 139.7765363128492
 128 141.7877094972067
 482 143.7988826815642
 107 145.8100558659218
 209 147.8212290502793
 41 149.8324022346369
 136 151.8435754189944
 65 153.854748603352
 461 155.8659217877095
 47 157.8770949720671
 109 159.8882681564246
 72 161.8994413407821
 50 163.9106145251397
 18 165.9217877094972
 107 167.9329608938548
 204 169.9441340782123
 345 171.9553072625699
 2 173.9664804469274
 135 175.9776536312849
 3 177.9888268156425
 0 180


