# Created by Octave 3.8.2, Mon Jun 22 22:45:53 2020 CEST <damian@fptrucha.inv.usc.es>
# name: hd
# type: matrix
# rows: 180
# columns: 2
 5 -180
 177 -177.9888268156425
 6 -175.9776536312849
 411 -173.9664804469274
 260 -171.9553072625698
 168 -169.9441340782123
 41 -167.9329608938548
 58 -165.9217877094972
 63 -163.9106145251397
 166 -161.8994413407821
 55 -159.8882681564246
 644 -157.877094972067
 72 -155.8659217877095
 143 -153.854748603352
 43 -151.8435754189944
 69 -149.8324022346369
 272 -147.8212290502793
 640 -145.8100558659218
 151 -143.7988826815642
 110 -141.7877094972067
 211 -139.7765363128491
 129 -137.7653631284916
 1 -135.7541899441341
 200 -133.7430167597765
 190 -131.731843575419
 78 -129.7206703910614
 201 -127.7094972067039
 238 -125.6983240223464
 103 -123.6871508379888
 213 -121.6759776536313
 193 -119.6648044692737
 1 -117.6536312849162
 124 -115.6424581005587
 126 -113.6312849162011
 121 -111.6201117318436
 21 -109.608938547486
 31 -107.5977653631285
 27 -105.5865921787709
 13 -103.5754189944134
 1 -101.5642458100559
 0 -99.55307262569832
 2 -97.54189944134077
 2 -95.53072625698323
 6 -93.5195530726257
 8533 -91.50837988826815
 9 -89.49720670391061
 6 -87.48603351955308
 3 -85.47486033519553
 0 -83.46368715083798
 2 -81.45251396648044
 15 -79.44134078212289
 2 -77.43016759776536
 51 -75.41899441340782
 28 -73.40782122905027
 59 -71.39664804469274
 117 -69.38547486033519
 100 -67.37430167597765
 131 -65.3631284916201
 40 -63.35195530726256
 311 -61.34078212290503
 154 -59.32960893854748
 256 -57.31843575418993
 97 -55.3072625698324
 81 -53.29608938547486
 235 -51.28491620111731
 65 -49.27374301675977
 119 -47.26256983240222
 0 -45.25139664804468
 316 -43.24022346368713
 5 -41.22905027932961
 160 -39.21787709497207
 304 -37.20670391061452
 470 -35.19553072625698
 138 -33.18435754189943
 68 -31.17318435754188
 213 -29.16201117318434
 14 -27.15083798882682
 65 -25.13966480446928
 587 -23.12849162011173
 150 -21.11731843575419
 58 -19.10614525139664
 16 -17.09497206703909
 42 -15.08379888268155
 169 -13.072625698324
 13 -11.06145251396646
 598 -9.050279329608941
 3 -7.039106145251395
 159 -5.02793296089385
 20 -3.016759776536304
 2 -1.005586592178759
 30 1.005586592178787
 131 3.016759776536333
 2 5.02793296089385
 545 7.039106145251395
 9 9.050279329608941
 170 11.06145251396649
 37 13.07262569832403
 10 15.08379888268158
 63 17.09497206703912
 142 19.10614525139667
 580 21.11731843575421
 62 23.12849162011173
 87 25.13966480446928
 119 27.15083798882682
 56 29.16201117318437
 229 31.17318435754191
 364 33.18435754189946
 263 35.195530726257
 147 37.20670391061452
 34 39.21787709497207
 296 41.22905027932961
 5 43.24022346368716
 109 45.2513966480447
 70 47.26256983240225
 242 49.27374301675979
 79 51.28491620111734
 229 53.29608938547489
 107 55.3072625698324
 166 57.31843575418995
 268 59.32960893854749
 70 61.34078212290504
 122 63.35195530726259
 77 65.36312849162013
 128 67.37430167597768
 54 69.38547486033519
 36 71.39664804469274
 41 73.40782122905028
 6 75.41899441340783
 9 77.43016759776538
 3 79.44134078212289
 0 81.45251396648047
 1 83.46368715083798
 1 85.47486033519556
 12 87.48603351955308
 8065 89.49720670391065
 8 91.50837988826817
 5 93.51955307262574
 2 95.53072625698326
 0 97.54189944134077
 3 99.55307262569835
 12 101.5642458100559
 25 103.5754189944134
 55 105.586592178771
 25 107.5977653631285
 131 109.608938547486
 120 111.6201117318436
 119 113.6312849162011
 1 115.6424581005587
 211 117.6536312849162
 173 119.6648044692737
 100 121.6759776536313
 204 123.6871508379888
 188 125.6983240223464
 84 127.7094972067039
 163 129.7206703910614
 213 131.731843575419
 0 133.7430167597765
 119 135.7541899441341
 177 137.7653631284916
 109 139.7765363128492
 157 141.7877094972067
 536 143.7988826815642
 109 145.8100558659218
 205 147.8212290502793
 46 149.8324022346369
 162 151.8435754189944
 65 153.854748603352
 528 155.8659217877095
 54 157.8770949720671
 145 159.8882681564246
 77 161.8994413407821
 35 163.9106145251397
 19 165.9217877094972
 158 167.9329608938548
 220 169.9441340782123
 365 171.9553072625699
 3 173.9664804469274
 177 175.9776536312849
 7 177.9888268156425
 0 180


