# Created by Octave 3.8.2, Sun Jun 21 03:14:03 2020 CEST <damian@fptrucha.inv.usc.es>
# name: hd
# type: matrix
# rows: 180
# columns: 2
 6 -180
 140 -177.9888268156425
 3 -175.9776536312849
 365 -173.9664804469274
 196 -171.9553072625698
 154 -169.9441340782123
 31 -167.9329608938548
 35 -165.9217877094972
 59 -163.9106145251397
 172 -161.8994413407821
 37 -159.8882681564246
 582 -157.877094972067
 63 -155.8659217877095
 132 -153.854748603352
 48 -151.8435754189944
 70 -149.8324022346369
 217 -147.8212290502793
 612 -145.8100558659218
 128 -143.7988826815642
 71 -141.7877094972067
 165 -139.7765363128491
 83 -137.7653631284916
 2 -135.7541899441341
 138 -133.7430167597765
 140 -131.731843575419
 87 -129.7206703910614
 175 -127.7094972067039
 213 -125.6983240223464
 111 -123.6871508379888
 158 -121.6759776536313
 175 -119.6648044692737
 8 -117.6536312849162
 106 -115.6424581005587
 117 -113.6312849162011
 114 -111.6201117318436
 13 -109.608938547486
 30 -107.5977653631285
 24 -105.5865921787709
 13 -103.5754189944134
 2 -101.5642458100559
 1 -99.55307262569832
 0 -97.54189944134077
 2 -95.53072625698323
 5 -93.5195530726257
 7951 -91.50837988826815
 5 -89.49720670391061
 1 -87.48603351955308
 0 -85.47486033519553
 0 -83.46368715083798
 0 -81.45251396648044
 5 -79.44134078212289
 7 -77.43016759776536
 45 -75.41899441340782
 18 -73.40782122905027
 46 -71.39664804469274
 106 -69.38547486033519
 87 -67.37430167597765
 94 -65.3631284916201
 54 -63.35195530726256
 245 -61.34078212290503
 143 -59.32960893854748
 213 -57.31843575418993
 92 -55.3072625698324
 89 -53.29608938547486
 204 -51.28491620111731
 47 -49.27374301675977
 118 -47.26256983240222
 1 -45.25139664804468
 280 -43.24022346368713
 1 -41.22905027932961
 141 -39.21787709497207
 288 -37.20670391061452
 469 -35.19553072625698
 130 -33.18435754189943
 61 -31.17318435754188
 144 -29.16201117318434
 8 -27.15083798882682
 49 -25.13966480446928
 619 -23.12849162011173
 178 -21.11731843575419
 51 -19.10614525139664
 5 -17.09497206703909
 31 -15.08379888268155
 130 -13.072625698324
 5 -11.06145251396646
 547 -9.050279329608941
 3 -7.039106145251395
 136 -5.02793296089385
 20 -3.016759776536304
 1 -1.005586592178759
 12 1.005586592178787
 132 3.016759776536333
 4 5.02793296089385
 501 7.039106145251395
 9 9.050279329608941
 134 11.06145251396649
 39 13.07262569832403
 14 15.08379888268158
 39 17.09497206703912
 112 19.10614525139667
 500 21.11731843575421
 51 23.12849162011173
 89 25.13966480446928
 103 27.15083798882682
 61 29.16201117318437
 213 31.17318435754191
 316 33.18435754189946
 237 35.195530726257
 160 37.20670391061452
 32 39.21787709497207
 252 41.22905027932961
 4 43.24022346368716
 100 45.2513966480447
 58 47.26256983240225
 183 49.27374301675979
 78 51.28491620111734
 215 53.29608938547489
 77 55.3072625698324
 125 57.31843575418995
 240 59.32960893854749
 43 61.34078212290504
 124 63.35195530726259
 82 65.36312849162013
 114 67.37430167597768
 39 69.38547486033519
 34 71.39664804469274
 36 73.40782122905028
 7 75.41899441340783
 3 77.43016759776538
 1 79.44134078212289
 1 81.45251396648047
 2 83.46368715083798
 1 85.47486033519556
 14 87.48603351955308
 7454 89.49720670391065
 7 91.50837988826817
 2 93.51955307262574
 1 95.53072625698326
 0 97.54189944134077
 3 99.55307262569835
 21 101.5642458100559
 21 103.5754189944134
 32 105.586592178771
 16 107.5977653631285
 104 109.608938547486
 127 111.6201117318436
 111 113.6312849162011
 4 115.6424581005587
 214 117.6536312849162
 164 119.6648044692737
 89 121.6759776536313
 152 123.6871508379888
 151 125.6983240223464
 83 127.7094972067039
 157 129.7206703910614
 172 131.731843575419
 3 133.7430167597765
 107 135.7541899441341
 179 137.7653631284916
 109 139.7765363128492
 135 141.7877094972067
 456 143.7988826815642
 120 145.8100558659218
 216 147.8212290502793
 44 149.8324022346369
 139 151.8435754189944
 63 153.854748603352
 490 155.8659217877095
 50 157.8770949720671
 115 159.8882681564246
 67 161.8994413407821
 48 163.9106145251397
 11 165.9217877094972
 137 167.9329608938548
 227 169.9441340782123
 323 171.9553072625699
 2 173.9664804469274
 140 175.9776536312849
 1 177.9888268156425
 0 180


