# Created by Octave 3.8.2, Sun Jun 21 03:37:51 2020 CEST <damian@fptrucha.inv.usc.es>
# name: hd
# type: matrix
# rows: 180
# columns: 2
 3 -180
 176 -177.9888268156425
 1 -175.9776536312849
 349 -173.9664804469274
 221 -171.9553072625698
 134 -169.9441340782123
 31 -167.9329608938548
 34 -165.9217877094972
 60 -163.9106145251397
 167 -161.8994413407821
 40 -159.8882681564246
 639 -157.877094972067
 68 -155.8659217877095
 103 -153.854748603352
 32 -151.8435754189944
 78 -149.8324022346369
 224 -147.8212290502793
 545 -145.8100558659218
 131 -143.7988826815642
 110 -141.7877094972067
 153 -139.7765363128491
 110 -137.7653631284916
 1 -135.7541899441341
 137 -133.7430167597765
 165 -131.731843575419
 77 -129.7206703910614
 179 -127.7094972067039
 232 -125.6983240223464
 99 -123.6871508379888
 179 -121.6759776536313
 198 -119.6648044692737
 3 -117.6536312849162
 118 -115.6424581005587
 121 -113.6312849162011
 133 -111.6201117318436
 16 -109.608938547486
 28 -107.5977653631285
 24 -105.5865921787709
 11 -103.5754189944134
 2 -101.5642458100559
 1 -99.55307262569832
 1 -97.54189944134077
 4 -95.53072625698323
 8 -93.5195530726257
 8063 -91.50837988826815
 9 -89.49720670391061
 2 -87.48603351955308
 0 -85.47486033519553
 0 -83.46368715083798
 2 -81.45251396648044
 4 -79.44134078212289
 11 -77.43016759776536
 39 -75.41899441340782
 19 -73.40782122905027
 55 -71.39664804469274
 95 -69.38547486033519
 64 -67.37430167597765
 113 -65.3631284916201
 56 -63.35195530726256
 267 -61.34078212290503
 140 -59.32960893854748
 234 -57.31843575418993
 84 -55.3072625698324
 70 -53.29608938547486
 210 -51.28491620111731
 39 -49.27374301675977
 117 -47.26256983240222
 2 -45.25139664804468
 287 -43.24022346368713
 2 -41.22905027932961
 166 -39.21787709497207
 291 -37.20670391061452
 463 -35.19553072625698
 104 -33.18435754189943
 50 -31.17318435754188
 132 -29.16201117318434
 9 -27.15083798882682
 44 -25.13966480446928
 637 -23.12849162011173
 147 -21.11731843575419
 48 -19.10614525139664
 10 -17.09497206703909
 41 -15.08379888268155
 166 -13.072625698324
 4 -11.06145251396646
 576 -9.050279329608941
 0 -7.039106145251395
 98 -5.02793296089385
 18 -3.016759776536304
 5 -1.005586592178759
 22 1.005586592178787
 130 3.016759776536333
 1 5.02793296089385
 559 7.039106145251395
 6 9.050279329608941
 119 11.06145251396649
 40 13.07262569832403
 6 15.08379888268158
 70 17.09497206703912
 123 19.10614525139667
 504 21.11731843575421
 58 23.12849162011173
 98 25.13966480446928
 116 27.15083798882682
 53 29.16201117318437
 215 31.17318435754191
 309 33.18435754189946
 254 35.195530726257
 147 37.20670391061452
 29 39.21787709497207
 283 41.22905027932961
 2 43.24022346368716
 107 45.2513966480447
 62 47.26256983240225
 238 49.27374301675979
 70 51.28491620111734
 186 53.29608938547489
 74 55.3072625698324
 132 57.31843575418995
 238 59.32960893854749
 52 61.34078212290504
 103 63.35195530726259
 70 65.36312849162013
 102 67.37430167597768
 47 69.38547486033519
 28 71.39664804469274
 37 73.40782122905028
 6 75.41899441340783
 5 77.43016759776538
 3 79.44134078212289
 1 81.45251396648047
 1 83.46368715083798
 4 85.47486033519556
 13 87.48603351955308
 7523 89.49720670391065
 8 91.50837988826817
 1 93.51955307262574
 1 95.53072625698326
 2 97.54189944134077
 0 99.55307262569835
 8 101.5642458100559
 23 103.5754189944134
 43 105.586592178771
 14 107.5977653631285
 124 109.608938547486
 120 111.6201117318436
 124 113.6312849162011
 3 115.6424581005587
 193 117.6536312849162
 167 119.6648044692737
 82 121.6759776536313
 157 123.6871508379888
 155 125.6983240223464
 72 127.7094972067039
 163 129.7206703910614
 171 131.731843575419
 1 133.7430167597765
 107 135.7541899441341
 165 137.7653631284916
 89 139.7765363128492
 128 141.7877094972067
 477 143.7988826815642
 120 145.8100558659218
 209 147.8212290502793
 41 149.8324022346369
 150 151.8435754189944
 46 153.854748603352
 508 155.8659217877095
 59 157.8770949720671
 111 159.8882681564246
 62 161.8994413407821
 49 163.9106145251397
 22 165.9217877094972
 118 167.9329608938548
 235 169.9441340782123
 294 171.9553072625699
 1 173.9664804469274
 145 175.9776536312849
 6 177.9888268156425
 0 180


