# Created by Octave 3.8.2, Sat Jun 20 12:04:58 2020 CEST <damian@fptrucha.inv.usc.es>
# name: hd
# type: matrix
# rows: 180
# columns: 2
 3 -180
 116 -177.9888268156425
 3 -175.9776536312849
 270 -173.9664804469274
 164 -171.9553072625698
 136 -169.9441340782123
 20 -167.9329608938548
 29 -165.9217877094972
 33 -163.9106145251397
 132 -161.8994413407821
 26 -159.8882681564246
 434 -157.877094972067
 39 -155.8659217877095
 70 -153.854748603352
 26 -151.8435754189944
 51 -149.8324022346369
 147 -147.8212290502793
 425 -145.8100558659218
 88 -143.7988826815642
 61 -141.7877094972067
 111 -139.7765363128491
 82 -137.7653631284916
 1 -135.7541899441341
 110 -133.7430167597765
 116 -131.731843575419
 68 -129.7206703910614
 104 -127.7094972067039
 168 -125.6983240223464
 68 -123.6871508379888
 148 -121.6759776536313
 125 -119.6648044692737
 4 -117.6536312849162
 70 -115.6424581005587
 96 -113.6312849162011
 83 -111.6201117318436
 12 -109.608938547486
 14 -107.5977653631285
 16 -105.5865921787709
 6 -103.5754189944134
 1 -101.5642458100559
 0 -99.55307262569832
 0 -97.54189944134077
 1 -95.53072625698323
 3 -93.5195530726257
 5753 -91.50837988826815
 6 -89.49720670391061
 2 -87.48603351955308
 0 -85.47486033519553
 0 -83.46368715083798
 0 -81.45251396648044
 6 -79.44134078212289
 3 -77.43016759776536
 33 -75.41899441340782
 23 -73.40782122905027
 42 -71.39664804469274
 77 -69.38547486033519
 57 -67.37430167597765
 73 -65.3631284916201
 43 -63.35195530726256
 178 -61.34078212290503
 102 -59.32960893854748
 167 -57.31843575418993
 77 -55.3072625698324
 54 -53.29608938547486
 154 -51.28491620111731
 28 -49.27374301675977
 69 -47.26256983240222
 1 -45.25139664804468
 192 -43.24022346368713
 3 -41.22905027932961
 105 -39.21787709497207
 205 -37.20670391061452
 308 -35.19553072625698
 80 -33.18435754189943
 32 -31.17318435754188
 100 -29.16201117318434
 8 -27.15083798882682
 36 -25.13966480446928
 448 -23.12849162011173
 107 -21.11731843575419
 23 -19.10614525139664
 8 -17.09497206703909
 16 -15.08379888268155
 100 -13.072625698324
 4 -11.06145251396646
 439 -9.050279329608941
 0 -7.039106145251395
 97 -5.02793296089385
 13 -3.016759776536304
 0 -1.005586592178759
 17 1.005586592178787
 99 3.016759776536333
 2 5.02793296089385
 372 7.039106145251395
 8 9.050279329608941
 110 11.06145251396649
 22 13.07262569832403
 11 15.08379888268158
 41 17.09497206703912
 69 19.10614525139667
 363 21.11731843575421
 51 23.12849162011173
 56 25.13966480446928
 71 27.15083798882682
 43 29.16201117318437
 159 31.17318435754191
 260 33.18435754189946
 173 35.195530726257
 125 37.20670391061452
 24 39.21787709497207
 226 41.22905027932961
 3 43.24022346368716
 94 45.2513966480447
 41 47.26256983240225
 163 49.27374301675979
 58 51.28491620111734
 149 53.29608938547489
 43 55.3072625698324
 101 57.31843575418995
 189 59.32960893854749
 34 61.34078212290504
 106 63.35195530726259
 56 65.36312849162013
 71 67.37430167597768
 24 69.38547486033519
 18 71.39664804469274
 41 73.40782122905028
 5 75.41899441340783
 8 77.43016759776538
 2 79.44134078212289
 0 81.45251396648047
 2 83.46368715083798
 0 85.47486033519556
 8 87.48603351955308
 5624 89.49720670391065
 4 91.50837988826817
 1 93.51955307262574
 3 95.53072625698326
 0 97.54189944134077
 3 99.55307262569835
 13 101.5642458100559
 21 103.5754189944134
 35 105.586592178771
 8 107.5977653631285
 75 109.608938547486
 89 111.6201117318436
 79 113.6312849162011
 1 115.6424581005587
 155 117.6536312849162
 117 119.6648044692737
 63 121.6759776536313
 128 123.6871508379888
 115 125.6983240223464
 51 127.7094972067039
 112 129.7206703910614
 126 131.731843575419
 2 133.7430167597765
 79 135.7541899441341
 117 137.7653631284916
 84 139.7765363128492
 99 141.7877094972067
 313 143.7988826815642
 76 145.8100558659218
 167 147.8212290502793
 32 149.8324022346369
 119 151.8435754189944
 45 153.854748603352
 332 155.8659217877095
 40 157.8770949720671
 89 159.8882681564246
 41 161.8994413407821
 47 163.9106145251397
 11 165.9217877094972
 94 167.9329608938548
 145 169.9441340782123
 252 171.9553072625699
 1 173.9664804469274
 103 175.9776536312849
 2 177.9888268156425
 0 180


