# Created by Octave 3.8.2, Mon Jun 22 11:05:00 2020 CEST <damian@fptrucha.inv.usc.es>
# name: hd
# type: matrix
# rows: 180
# columns: 2
 1 -180
 174 -177.9888268156425
 4 -175.9776536312849
 380 -173.9664804469274
 276 -171.9553072625698
 163 -169.9441340782123
 40 -167.9329608938548
 51 -165.9217877094972
 64 -163.9106145251397
 144 -161.8994413407821
 51 -159.8882681564246
 560 -157.877094972067
 80 -155.8659217877095
 134 -153.854748603352
 42 -151.8435754189944
 67 -149.8324022346369
 231 -147.8212290502793
 553 -145.8100558659218
 119 -143.7988826815642
 95 -141.7877094972067
 171 -139.7765363128491
 121 -137.7653631284916
 4 -135.7541899441341
 176 -133.7430167597765
 171 -131.731843575419
 85 -129.7206703910614
 179 -127.7094972067039
 208 -125.6983240223464
 99 -123.6871508379888
 197 -121.6759776536313
 184 -119.6648044692737
 4 -117.6536312849162
 113 -115.6424581005587
 111 -113.6312849162011
 107 -111.6201117318436
 13 -109.608938547486
 34 -107.5977653631285
 22 -105.5865921787709
 21 -103.5754189944134
 1 -101.5642458100559
 0 -99.55307262569832
 2 -97.54189944134077
 2 -95.53072625698323
 14 -93.5195530726257
 8013 -91.50837988826815
 12 -89.49720670391061
 1 -87.48603351955308
 4 -85.47486033519553
 1 -83.46368715083798
 1 -81.45251396648044
 13 -79.44134078212289
 9 -77.43016759776536
 58 -75.41899441340782
 28 -73.40782122905027
 39 -71.39664804469274
 121 -69.38547486033519
 63 -67.37430167597765
 111 -65.3631284916201
 60 -63.35195530726256
 255 -61.34078212290503
 129 -59.32960893854748
 191 -57.31843575418993
 93 -55.3072625698324
 73 -53.29608938547486
 200 -51.28491620111731
 50 -49.27374301675977
 143 -47.26256983240222
 4 -45.25139664804468
 259 -43.24022346368713
 4 -41.22905027932961
 152 -39.21787709497207
 279 -37.20670391061452
 446 -35.19553072625698
 121 -33.18435754189943
 48 -31.17318435754188
 141 -29.16201117318434
 5 -27.15083798882682
 49 -25.13966480446928
 565 -23.12849162011173
 121 -21.11731843575419
 53 -19.10614525139664
 10 -17.09497206703909
 45 -15.08379888268155
 162 -13.072625698324
 13 -11.06145251396646
 569 -9.050279329608941
 9 -7.039106145251395
 135 -5.02793296089385
 25 -3.016759776536304
 4 -1.005586592178759
 23 1.005586592178787
 153 3.016759776536333
 2 5.02793296089385
 520 7.039106145251395
 12 9.050279329608941
 138 11.06145251396649
 54 13.07262569832403
 13 15.08379888268158
 53 17.09497206703912
 128 19.10614525139667
 583 21.11731843575421
 55 23.12849162011173
 80 25.13966480446928
 116 27.15083798882682
 64 29.16201117318437
 184 31.17318435754191
 344 33.18435754189946
 261 35.195530726257
 150 37.20670391061452
 28 39.21787709497207
 264 41.22905027932961
 4 43.24022346368716
 145 45.2513966480447
 70 47.26256983240225
 221 49.27374301675979
 79 51.28491620111734
 201 53.29608938547489
 85 55.3072625698324
 160 57.31843575418995
 277 59.32960893854749
 69 61.34078212290504
 129 63.35195530726259
 90 65.36312849162013
 112 67.37430167597768
 53 69.38547486033519
 34 71.39664804469274
 50 73.40782122905028
 5 75.41899441340783
 18 77.43016759776538
 2 79.44134078212289
 0 81.45251396648047
 1 83.46368715083798
 6 85.47486033519556
 14 87.48603351955308
 7419 89.49720670391065
 13 91.50837988826817
 8 93.51955307262574
 3 95.53072625698326
 0 97.54189944134077
 2 99.55307262569835
 18 101.5642458100559
 31 103.5754189944134
 36 105.586592178771
 20 107.5977653631285
 99 109.608938547486
 116 111.6201117318436
 113 113.6312849162011
 3 115.6424581005587
 215 117.6536312849162
 183 119.6648044692737
 94 121.6759776536313
 170 123.6871508379888
 187 125.6983240223464
 84 127.7094972067039
 171 129.7206703910614
 209 131.731843575419
 2 133.7430167597765
 120 135.7541899441341
 178 137.7653631284916
 92 139.7765363128492
 126 141.7877094972067
 462 143.7988826815642
 104 145.8100558659218
 217 147.8212290502793
 37 149.8324022346369
 135 151.8435754189944
 63 153.854748603352
 489 155.8659217877095
 65 157.8770949720671
 144 159.8882681564246
 81 161.8994413407821
 50 163.9106145251397
 25 165.9217877094972
 140 167.9329608938548
 237 169.9441340782123
 344 171.9553072625699
 5 173.9664804469274
 154 175.9776536312849
 2 177.9888268156425
 0 180


