# Created by Octave 3.8.2, Mon Jun 22 15:29:12 2020 CEST <damian@fptrucha.inv.usc.es>
# name: hd
# type: matrix
# rows: 180
# columns: 2
 3 -180
 169 -177.9888268156425
 3 -175.9776536312849
 381 -173.9664804469274
 240 -171.9553072625698
 175 -169.9441340782123
 31 -167.9329608938548
 45 -165.9217877094972
 60 -163.9106145251397
 177 -161.8994413407821
 38 -159.8882681564246
 603 -157.877094972067
 55 -155.8659217877095
 143 -153.854748603352
 39 -151.8435754189944
 86 -149.8324022346369
 236 -147.8212290502793
 670 -145.8100558659218
 125 -143.7988826815642
 86 -141.7877094972067
 202 -139.7765363128491
 134 -137.7653631284916
 5 -135.7541899441341
 165 -133.7430167597765
 161 -131.731843575419
 93 -129.7206703910614
 204 -127.7094972067039
 249 -125.6983240223464
 106 -123.6871508379888
 189 -121.6759776536313
 192 -119.6648044692737
 5 -117.6536312849162
 118 -115.6424581005587
 130 -113.6312849162011
 141 -111.6201117318436
 20 -109.608938547486
 46 -107.5977653631285
 21 -105.5865921787709
 20 -103.5754189944134
 2 -101.5642458100559
 1 -99.55307262569832
 2 -97.54189944134077
 3 -95.53072625698323
 5 -93.5195530726257
 8185 -91.50837988826815
 11 -89.49720670391061
 4 -87.48603351955308
 3 -85.47486033519553
 0 -83.46368715083798
 3 -81.45251396648044
 11 -79.44134078212289
 6 -77.43016759776536
 48 -75.41899441340782
 37 -73.40782122905027
 48 -71.39664804469274
 137 -69.38547486033519
 66 -67.37430167597765
 122 -65.3631284916201
 67 -63.35195530726256
 246 -61.34078212290503
 147 -59.32960893854748
 208 -57.31843575418993
 99 -55.3072625698324
 75 -53.29608938547486
 262 -51.28491620111731
 56 -49.27374301675977
 117 -47.26256983240222
 5 -45.25139664804468
 295 -43.24022346368713
 3 -41.22905027932961
 180 -39.21787709497207
 283 -37.20670391061452
 457 -35.19553072625698
 104 -33.18435754189943
 71 -31.17318435754188
 165 -29.16201117318434
 17 -27.15083798882682
 68 -25.13966480446928
 588 -23.12849162011173
 148 -21.11731843575419
 52 -19.10614525139664
 12 -17.09497206703909
 47 -15.08379888268155
 162 -13.072625698324
 12 -11.06145251396646
 611 -9.050279329608941
 2 -7.039106145251395
 138 -5.02793296089385
 21 -3.016759776536304
 3 -1.005586592178759
 21 1.005586592178787
 126 3.016759776536333
 4 5.02793296089385
 556 7.039106145251395
 12 9.050279329608941
 147 11.06145251396649
 36 13.07262569832403
 12 15.08379888268158
 58 17.09497206703912
 126 19.10614525139667
 572 21.11731843575421
 58 23.12849162011173
 94 25.13966480446928
 127 27.15083798882682
 59 29.16201117318437
 221 31.17318435754191
 351 33.18435754189946
 234 35.195530726257
 158 37.20670391061452
 37 39.21787709497207
 320 41.22905027932961
 3 43.24022346368716
 122 45.2513966480447
 72 47.26256983240225
 228 49.27374301675979
 90 51.28491620111734
 230 53.29608938547489
 96 55.3072625698324
 140 57.31843575418995
 258 59.32960893854749
 71 61.34078212290504
 109 63.35195530726259
 71 65.36312849162013
 124 67.37430167597768
 56 69.38547486033519
 28 71.39664804469274
 65 73.40782122905028
 8 75.41899441340783
 13 77.43016759776538
 2 79.44134078212289
 0 81.45251396648047
 1 83.46368715083798
 2 85.47486033519556
 12 87.48603351955308
 7920 89.49720670391065
 11 91.50837988826817
 2 93.51955307262574
 4 95.53072625698326
 1 97.54189944134077
 4 99.55307262569835
 13 101.5642458100559
 23 103.5754189944134
 38 105.586592178771
 36 107.5977653631285
 100 109.608938547486
 145 111.6201117318436
 136 113.6312849162011
 3 115.6424581005587
 190 117.6536312849162
 161 119.6648044692737
 82 121.6759776536313
 156 123.6871508379888
 204 125.6983240223464
 81 127.7094972067039
 157 129.7206703910614
 190 131.731843575419
 1 133.7430167597765
 102 135.7541899441341
 186 137.7653631284916
 101 139.7765363128492
 140 141.7877094972067
 503 143.7988826815642
 120 145.8100558659218
 207 147.8212290502793
 66 149.8324022346369
 145 151.8435754189944
 72 153.854748603352
 534 155.8659217877095
 53 157.8770949720671
 152 159.8882681564246
 70 161.8994413407821
 49 163.9106145251397
 23 165.9217877094972
 150 167.9329608938548
 223 169.9441340782123
 361 171.9553072625699
 6 173.9664804469274
 186 175.9776536312849
 5 177.9888268156425
 0 180


