# Created by Octave 3.8.2, Mon Jun 22 20:58:57 2020 CEST <damian@fptrucha.inv.usc.es>
# name: hd
# type: matrix
# rows: 180
# columns: 2
 2 -180
 105 -177.9888268156425
 1 -175.9776536312849
 257 -173.9664804469274
 168 -171.9553072625698
 105 -169.9441340782123
 27 -167.9329608938548
 29 -165.9217877094972
 40 -163.9106145251397
 110 -161.8994413407821
 30 -159.8882681564246
 351 -157.877094972067
 47 -155.8659217877095
 86 -153.854748603352
 34 -151.8435754189944
 56 -149.8324022346369
 174 -147.8212290502793
 402 -145.8100558659218
 96 -143.7988826815642
 78 -141.7877094972067
 135 -139.7765363128491
 71 -137.7653631284916
 2 -135.7541899441341
 113 -133.7430167597765
 112 -131.731843575419
 68 -129.7206703910614
 115 -127.7094972067039
 158 -125.6983240223464
 72 -123.6871508379888
 136 -121.6759776536313
 148 -119.6648044692737
 0 -117.6536312849162
 88 -115.6424581005587
 81 -113.6312849162011
 93 -111.6201117318436
 10 -109.608938547486
 24 -107.5977653631285
 18 -105.5865921787709
 15 -103.5754189944134
 4 -101.5642458100559
 1 -99.55307262569832
 1 -97.54189944134077
 2 -95.53072625698323
 5 -93.5195530726257
 5624 -91.50837988826815
 7 -89.49720670391061
 4 -87.48603351955308
 2 -85.47486033519553
 0 -83.46368715083798
 2 -81.45251396648044
 6 -79.44134078212289
 6 -77.43016759776536
 36 -75.41899441340782
 14 -73.40782122905027
 35 -71.39664804469274
 82 -69.38547486033519
 57 -67.37430167597765
 71 -65.3631284916201
 36 -63.35195530726256
 196 -61.34078212290503
 142 -59.32960893854748
 149 -57.31843575418993
 69 -55.3072625698324
 59 -53.29608938547486
 154 -51.28491620111731
 37 -49.27374301675977
 95 -47.26256983240222
 2 -45.25139664804468
 199 -43.24022346368713
 2 -41.22905027932961
 120 -39.21787709497207
 183 -37.20670391061452
 299 -35.19553072625698
 80 -33.18435754189943
 39 -31.17318435754188
 122 -29.16201117318434
 8 -27.15083798882682
 42 -25.13966480446928
 382 -23.12849162011173
 106 -21.11731843575419
 46 -19.10614525139664
 10 -17.09497206703909
 29 -15.08379888268155
 116 -13.072625698324
 3 -11.06145251396646
 392 -9.050279329608941
 3 -7.039106145251395
 87 -5.02793296089385
 18 -3.016759776536304
 2 -1.005586592178759
 8 1.005586592178787
 68 3.016759776536333
 4 5.02793296089385
 358 7.039106145251395
 7 9.050279329608941
 107 11.06145251396649
 32 13.07262569832403
 13 15.08379888268158
 38 17.09497206703912
 65 19.10614525139667
 391 21.11731843575421
 44 23.12849162011173
 60 25.13966480446928
 82 27.15083798882682
 32 29.16201117318437
 120 31.17318435754191
 232 33.18435754189946
 191 35.195530726257
 117 37.20670391061452
 28 39.21787709497207
 197 41.22905027932961
 3 43.24022346368716
 99 45.2513966480447
 43 47.26256983240225
 164 49.27374301675979
 56 51.28491620111734
 151 53.29608938547489
 56 55.3072625698324
 92 57.31843575418995
 184 59.32960893854749
 45 61.34078212290504
 93 63.35195530726259
 42 65.36312849162013
 80 67.37430167597768
 38 69.38547486033519
 25 71.39664804469274
 43 73.40782122905028
 6 75.41899441340783
 3 77.43016759776538
 0 79.44134078212289
 1 81.45251396648047
 1 83.46368715083798
 1 85.47486033519556
 12 87.48603351955308
 5253 89.49720670391065
 7 91.50837988826817
 7 93.51955307262574
 0 95.53072625698326
 0 97.54189944134077
 2 99.55307262569835
 12 101.5642458100559
 22 103.5754189944134
 29 105.586592178771
 16 107.5977653631285
 68 109.608938547486
 104 111.6201117318436
 95 113.6312849162011
 0 115.6424581005587
 133 117.6536312849162
 132 119.6648044692737
 73 121.6759776536313
 113 123.6871508379888
 109 125.6983240223464
 49 127.7094972067039
 119 129.7206703910614
 135 131.731843575419
 3 133.7430167597765
 71 135.7541899441341
 113 137.7653631284916
 66 139.7765363128492
 110 141.7877094972067
 337 143.7988826815642
 95 145.8100558659218
 136 147.8212290502793
 24 149.8324022346369
 101 151.8435754189944
 45 153.854748603352
 360 155.8659217877095
 36 157.8770949720671
 103 159.8882681564246
 46 161.8994413407821
 27 163.9106145251397
 18 165.9217877094972
 101 167.9329608938548
 141 169.9441340782123
 256 171.9553072625699
 3 173.9664804469274
 110 175.9776536312849
 2 177.9888268156425
 0 180


