# Created by Octave 3.8.2, Tue Jun 23 00:13:33 2020 CEST <damian@fptrucha.inv.usc.es>
# name: hd
# type: matrix
# rows: 180
# columns: 2
 3 -180
 167 -177.9888268156425
 1 -175.9776536312849
 369 -173.9664804469274
 260 -171.9553072625698
 170 -169.9441340782123
 36 -167.9329608938548
 45 -165.9217877094972
 69 -163.9106145251397
 182 -161.8994413407821
 46 -159.8882681564246
 639 -157.877094972067
 76 -155.8659217877095
 149 -153.854748603352
 50 -151.8435754189944
 77 -149.8324022346369
 240 -147.8212290502793
 643 -145.8100558659218
 136 -143.7988826815642
 114 -141.7877094972067
 233 -139.7765363128491
 149 -137.7653631284916
 1 -135.7541899441341
 191 -133.7430167597765
 204 -131.731843575419
 74 -129.7206703910614
 163 -127.7094972067039
 284 -125.6983240223464
 123 -123.6871508379888
 256 -121.6759776536313
 222 -119.6648044692737
 4 -117.6536312849162
 141 -115.6424581005587
 131 -113.6312849162011
 166 -111.6201117318436
 24 -109.608938547486
 42 -107.5977653631285
 24 -105.5865921787709
 15 -103.5754189944134
 2 -101.5642458100559
 0 -99.55307262569832
 1 -97.54189944134077
 3 -95.53072625698323
 6 -93.5195530726257
 8883 -91.50837988826815
 12 -89.49720670391061
 4 -87.48603351955308
 1 -85.47486033519553
 0 -83.46368715083798
 5 -81.45251396648044
 9 -79.44134078212289
 7 -77.43016759776536
 57 -75.41899441340782
 36 -73.40782122905027
 53 -71.39664804469274
 122 -69.38547486033519
 69 -67.37430167597765
 120 -65.3631284916201
 80 -63.35195530726256
 290 -61.34078212290503
 179 -59.32960893854748
 254 -57.31843575418993
 116 -55.3072625698324
 79 -53.29608938547486
 280 -51.28491620111731
 62 -49.27374301675977
 145 -47.26256983240222
 4 -45.25139664804468
 313 -43.24022346368713
 5 -41.22905027932961
 193 -39.21787709497207
 330 -37.20670391061452
 518 -35.19553072625698
 131 -33.18435754189943
 62 -31.17318435754188
 163 -29.16201117318434
 10 -27.15083798882682
 54 -25.13966480446928
 639 -23.12849162011173
 149 -21.11731843575419
 67 -19.10614525139664
 20 -17.09497206703909
 33 -15.08379888268155
 174 -13.072625698324
 17 -11.06145251396646
 583 -9.050279329608941
 0 -7.039106145251395
 121 -5.02793296089385
 33 -3.016759776536304
 4 -1.005586592178759
 20 1.005586592178787
 157 3.016759776536333
 3 5.02793296089385
 572 7.039106145251395
 7 9.050279329608941
 144 11.06145251396649
 51 13.07262569832403
 9 15.08379888268158
 61 17.09497206703912
 124 19.10614525139667
 568 21.11731843575421
 56 23.12849162011173
 73 25.13966480446928
 100 27.15083798882682
 81 29.16201117318437
 250 31.17318435754191
 352 33.18435754189946
 287 35.195530726257
 160 37.20670391061452
 37 39.21787709497207
 261 41.22905027932961
 2 43.24022346368716
 122 45.2513966480447
 59 47.26256983240225
 227 49.27374301675979
 78 51.28491620111734
 231 53.29608938547489
 81 55.3072625698324
 161 57.31843575418995
 282 59.32960893854749
 56 61.34078212290504
 107 63.35195530726259
 81 65.36312849162013
 101 67.37430167597768
 39 69.38547486033519
 38 71.39664804469274
 29 73.40782122905028
 9 75.41899441340783
 5 77.43016759776538
 3 79.44134078212289
 2 81.45251396648047
 0 83.46368715083798
 3 85.47486033519556
 18 87.48603351955308
 7671 89.49720670391065
 6 91.50837988826817
 3 93.51955307262574
 0 95.53072625698326
 1 97.54189944134077
 3 99.55307262569835
 15 101.5642458100559
 25 103.5754189944134
 39 105.586592178771
 28 107.5977653631285
 90 109.608938547486
 114 111.6201117318436
 121 113.6312849162011
 3 115.6424581005587
 193 117.6536312849162
 172 119.6648044692737
 87 121.6759776536313
 171 123.6871508379888
 187 125.6983240223464
 88 127.7094972067039
 165 129.7206703910614
 168 131.731843575419
 1 133.7430167597765
 98 135.7541899441341
 181 137.7653631284916
 100 139.7765363128492
 145 141.7877094972067
 527 143.7988826815642
 104 145.8100558659218
 222 147.8212290502793
 42 149.8324022346369
 132 151.8435754189944
 54 153.854748603352
 508 155.8659217877095
 55 157.8770949720671
 141 159.8882681564246
 71 161.8994413407821
 48 163.9106145251397
 21 165.9217877094972
 147 167.9329608938548
 244 169.9441340782123
 318 171.9553072625699
 1 173.9664804469274
 161 175.9776536312849
 2 177.9888268156425
 0 180


