# Created by Octave 3.8.2, Sat Jun 20 09:58:01 2020 CEST <damian@fptrucha.inv.usc.es>
# name: hd
# type: matrix
# rows: 180
# columns: 2
 1 -180
 181 -177.9888268156425
 4 -175.9776536312849
 464 -173.9664804469274
 252 -171.9553072625698
 180 -169.9441340782123
 31 -167.9329608938548
 43 -165.9217877094972
 69 -163.9106145251397
 189 -161.8994413407821
 48 -159.8882681564246
 663 -157.877094972067
 54 -155.8659217877095
 136 -153.854748603352
 37 -151.8435754189944
 84 -149.8324022346369
 235 -147.8212290502793
 682 -145.8100558659218
 125 -143.7988826815642
 101 -141.7877094972067
 192 -139.7765363128491
 113 -137.7653631284916
 1 -135.7541899441341
 174 -133.7430167597765
 164 -131.731843575419
 71 -129.7206703910614
 232 -127.7094972067039
 253 -125.6983240223464
 109 -123.6871508379888
 235 -121.6759776536313
 223 -119.6648044692737
 3 -117.6536312849162
 122 -115.6424581005587
 130 -113.6312849162011
 125 -111.6201117318436
 22 -109.608938547486
 33 -107.5977653631285
 20 -105.5865921787709
 10 -103.5754189944134
 1 -101.5642458100559
 0 -99.55307262569832
 1 -97.54189944134077
 3 -95.53072625698323
 12 -93.5195530726257
 8975 -91.50837988826815
 9 -89.49720670391061
 5 -87.48603351955308
 0 -85.47486033519553
 0 -83.46368715083798
 4 -81.45251396648044
 7 -79.44134078212289
 3 -77.43016759776536
 46 -75.41899441340782
 28 -73.40782122905027
 54 -71.39664804469274
 118 -69.38547486033519
 87 -67.37430167597765
 104 -65.3631284916201
 39 -63.35195530726256
 279 -61.34078212290503
 166 -59.32960893854748
 243 -57.31843575418993
 94 -55.3072625698324
 94 -53.29608938547486
 249 -51.28491620111731
 68 -49.27374301675977
 106 -47.26256983240222
 3 -45.25139664804468
 317 -43.24022346368713
 5 -41.22905027932961
 173 -39.21787709497207
 345 -37.20670391061452
 512 -35.19553072625698
 129 -33.18435754189943
 62 -31.17318435754188
 174 -29.16201117318434
 4 -27.15083798882682
 69 -25.13966480446928
 691 -23.12849162011173
 136 -21.11731843575419
 55 -19.10614525139664
 10 -17.09497206703909
 35 -15.08379888268155
 200 -13.072625698324
 9 -11.06145251396646
 667 -9.050279329608941
 2 -7.039106145251395
 153 -5.02793296089385
 28 -3.016759776536304
 4 -1.005586592178759
 22 1.005586592178787
 141 3.016759776536333
 3 5.02793296089385
 609 7.039106145251395
 6 9.050279329608941
 162 11.06145251396649
 50 13.07262569832403
 12 15.08379888268158
 65 17.09497206703912
 140 19.10614525139667
 556 21.11731843575421
 72 23.12849162011173
 110 25.13966480446928
 101 27.15083798882682
 54 29.16201117318437
 222 31.17318435754191
 364 33.18435754189946
 255 35.195530726257
 191 37.20670391061452
 42 39.21787709497207
 297 41.22905027932961
 1 43.24022346368716
 131 45.2513966480447
 73 47.26256983240225
 260 49.27374301675979
 103 51.28491620111734
 226 53.29608938547489
 78 55.3072625698324
 161 57.31843575418995
 271 59.32960893854749
 70 61.34078212290504
 128 63.35195530726259
 82 65.36312849162013
 119 67.37430167597768
 58 69.38547486033519
 34 71.39664804469274
 49 73.40782122905028
 8 75.41899441340783
 10 77.43016759776538
 4 79.44134078212289
 1 81.45251396648047
 2 83.46368715083798
 4 85.47486033519556
 13 87.48603351955308
 8728 89.49720670391065
 8 91.50837988826817
 2 93.51955307262574
 0 95.53072625698326
 2 97.54189944134077
 7 99.55307262569835
 13 101.5642458100559
 18 103.5754189944134
 42 105.586592178771
 27 107.5977653631285
 135 109.608938547486
 140 111.6201117318436
 162 113.6312849162011
 2 115.6424581005587
 264 117.6536312849162
 200 119.6648044692737
 106 121.6759776536313
 185 123.6871508379888
 185 125.6983240223464
 86 127.7094972067039
 202 129.7206703910614
 204 131.731843575419
 3 133.7430167597765
 123 135.7541899441341
 219 137.7653631284916
 118 139.7765363128492
 174 141.7877094972067
 466 143.7988826815642
 167 145.8100558659218
 236 147.8212290502793
 56 149.8324022346369
 175 151.8435754189944
 77 153.854748603352
 529 155.8659217877095
 66 157.8770949720671
 136 159.8882681564246
 81 161.8994413407821
 60 163.9106145251397
 26 165.9217877094972
 132 167.9329608938548
 236 169.9441340782123
 396 171.9553072625699
 2 173.9664804469274
 170 175.9776536312849
 1 177.9888268156425
 0 180


