# Created by Octave 3.8.2, Mon Jun 22 03:51:51 2020 CEST <damian@fptrucha.inv.usc.es>
# name: hd
# type: matrix
# rows: 180
# columns: 2
 7 -180
 159 -177.9888268156425
 5 -175.9776536312849
 356 -173.9664804469274
 237 -171.9553072625698
 145 -169.9441340782123
 34 -167.9329608938548
 41 -165.9217877094972
 60 -163.9106145251397
 152 -161.8994413407821
 48 -159.8882681564246
 513 -157.877094972067
 71 -155.8659217877095
 125 -153.854748603352
 50 -151.8435754189944
 66 -149.8324022346369
 189 -147.8212290502793
 567 -145.8100558659218
 104 -143.7988826815642
 85 -141.7877094972067
 157 -139.7765363128491
 112 -137.7653631284916
 8 -135.7541899441341
 152 -133.7430167597765
 163 -131.731843575419
 74 -129.7206703910614
 165 -127.7094972067039
 193 -125.6983240223464
 94 -123.6871508379888
 169 -121.6759776536313
 190 -119.6648044692737
 7 -117.6536312849162
 121 -115.6424581005587
 118 -113.6312849162011
 109 -111.6201117318436
 19 -109.608938547486
 45 -107.5977653631285
 17 -105.5865921787709
 19 -103.5754189944134
 3 -101.5642458100559
 1 -99.55307262569832
 2 -97.54189944134077
 6 -95.53072625698323
 8 -93.5195530726257
 7330 -91.50837988826815
 19 -89.49720670391061
 5 -87.48603351955308
 1 -85.47486033519553
 0 -83.46368715083798
 4 -81.45251396648044
 10 -79.44134078212289
 4 -77.43016759776536
 56 -75.41899441340782
 34 -73.40782122905027
 54 -71.39664804469274
 106 -69.38547486033519
 88 -67.37430167597765
 109 -65.3631284916201
 61 -63.35195530726256
 265 -61.34078212290503
 123 -59.32960893854748
 189 -57.31843575418993
 94 -55.3072625698324
 71 -53.29608938547486
 222 -51.28491620111731
 68 -49.27374301675977
 116 -47.26256983240222
 1 -45.25139664804468
 270 -43.24022346368713
 6 -41.22905027932961
 151 -39.21787709497207
 245 -37.20670391061452
 411 -35.19553072625698
 121 -33.18435754189943
 59 -31.17318435754188
 167 -29.16201117318434
 10 -27.15083798882682
 51 -25.13966480446928
 519 -23.12849162011173
 145 -21.11731843575419
 56 -19.10614525139664
 8 -17.09497206703909
 50 -15.08379888268155
 148 -13.072625698324
 11 -11.06145251396646
 526 -9.050279329608941
 2 -7.039106145251395
 112 -5.02793296089385
 24 -3.016759776536304
 2 -1.005586592178759
 17 1.005586592178787
 119 3.016759776536333
 3 5.02793296089385
 495 7.039106145251395
 14 9.050279329608941
 159 11.06145251396649
 40 13.07262569832403
 10 15.08379888268158
 44 17.09497206703912
 116 19.10614525139667
 488 21.11731843575421
 68 23.12849162011173
 87 25.13966480446928
 105 27.15083798882682
 62 29.16201117318437
 163 31.17318435754191
 315 33.18435754189946
 219 35.195530726257
 147 37.20670391061452
 32 39.21787709497207
 267 41.22905027932961
 3 43.24022346368716
 133 45.2513966480447
 68 47.26256983240225
 190 49.27374301675979
 58 51.28491620111734
 202 53.29608938547489
 67 55.3072625698324
 158 57.31843575418995
 239 59.32960893854749
 65 61.34078212290504
 99 63.35195530726259
 74 65.36312849162013
 125 67.37430167597768
 34 69.38547486033519
 24 71.39664804469274
 48 73.40782122905028
 8 75.41899441340783
 12 77.43016759776538
 6 79.44134078212289
 0 81.45251396648047
 3 83.46368715083798
 10 85.47486033519556
 14 87.48603351955308
 7059 89.49720670391065
 4 91.50837988826817
 5 93.51955307262574
 2 95.53072625698326
 1 97.54189944134077
 1 99.55307262569835
 15 101.5642458100559
 25 103.5754189944134
 43 105.586592178771
 24 107.5977653631285
 106 109.608938547486
 134 111.6201117318436
 126 113.6312849162011
 3 115.6424581005587
 195 117.6536312849162
 167 119.6648044692737
 95 121.6759776536313
 153 123.6871508379888
 187 125.6983240223464
 78 127.7094972067039
 165 129.7206703910614
 171 131.731843575419
 7 133.7430167597765
 117 135.7541899441341
 152 137.7653631284916
 100 139.7765363128492
 128 141.7877094972067
 461 143.7988826815642
 108 145.8100558659218
 203 147.8212290502793
 48 149.8324022346369
 120 151.8435754189944
 67 153.854748603352
 457 155.8659217877095
 41 157.8770949720671
 139 159.8882681564246
 70 161.8994413407821
 54 163.9106145251397
 20 165.9217877094972
 129 167.9329608938548
 220 169.9441340782123
 315 171.9553072625699
 7 173.9664804469274
 168 175.9776536312849
 2 177.9888268156425
 0 180


