# Created by Octave 3.8.2, Sun Jun 21 01:04:59 2020 CEST <damian@fptrucha.inv.usc.es>
# name: hd
# type: matrix
# rows: 180
# columns: 2
 3 -180
 163 -177.9888268156425
 2 -175.9776536312849
 326 -173.9664804469274
 230 -171.9553072625698
 170 -169.9441340782123
 26 -167.9329608938548
 31 -165.9217877094972
 59 -163.9106145251397
 153 -161.8994413407821
 44 -159.8882681564246
 567 -157.877094972067
 59 -155.8659217877095
 128 -153.854748603352
 31 -151.8435754189944
 70 -149.8324022346369
 192 -147.8212290502793
 644 -145.8100558659218
 126 -143.7988826815642
 84 -141.7877094972067
 146 -139.7765363128491
 87 -137.7653631284916
 3 -135.7541899441341
 134 -133.7430167597765
 173 -131.731843575419
 66 -129.7206703910614
 146 -127.7094972067039
 219 -125.6983240223464
 100 -123.6871508379888
 173 -121.6759776536313
 181 -119.6648044692737
 3 -117.6536312849162
 90 -115.6424581005587
 111 -113.6312849162011
 109 -111.6201117318436
 14 -109.608938547486
 30 -107.5977653631285
 30 -105.5865921787709
 9 -103.5754189944134
 1 -101.5642458100559
 0 -99.55307262569832
 0 -97.54189944134077
 4 -95.53072625698323
 5 -93.5195530726257
 7838 -91.50837988826815
 11 -89.49720670391061
 1 -87.48603351955308
 1 -85.47486033519553
 1 -83.46368715083798
 1 -81.45251396648044
 4 -79.44134078212289
 6 -77.43016759776536
 35 -75.41899441340782
 19 -73.40782122905027
 64 -71.39664804469274
 122 -69.38547486033519
 62 -67.37430167597765
 91 -65.3631284916201
 53 -63.35195530726256
 275 -61.34078212290503
 132 -59.32960893854748
 211 -57.31843575418993
 92 -55.3072625698324
 67 -53.29608938547486
 215 -51.28491620111731
 44 -49.27374301675977
 106 -47.26256983240222
 3 -45.25139664804468
 232 -43.24022346368713
 3 -41.22905027932961
 153 -39.21787709497207
 282 -37.20670391061452
 452 -35.19553072625698
 106 -33.18435754189943
 59 -31.17318435754188
 137 -29.16201117318434
 9 -27.15083798882682
 52 -25.13966480446928
 654 -23.12849162011173
 148 -21.11731843575419
 39 -19.10614525139664
 15 -17.09497206703909
 34 -15.08379888268155
 174 -13.072625698324
 9 -11.06145251396646
 589 -9.050279329608941
 5 -7.039106145251395
 125 -5.02793296089385
 20 -3.016759776536304
 0 -1.005586592178759
 10 1.005586592178787
 115 3.016759776536333
 2 5.02793296089385
 539 7.039106145251395
 8 9.050279329608941
 116 11.06145251396649
 42 13.07262569832403
 8 15.08379888268158
 49 17.09497206703912
 93 19.10614525139667
 540 21.11731843575421
 70 23.12849162011173
 87 25.13966480446928
 123 27.15083798882682
 51 29.16201117318437
 219 31.17318435754191
 311 33.18435754189946
 249 35.195530726257
 165 37.20670391061452
 28 39.21787709497207
 265 41.22905027932961
 1 43.24022346368716
 123 45.2513966480447
 60 47.26256983240225
 222 49.27374301675979
 77 51.28491620111734
 201 53.29608938547489
 73 55.3072625698324
 120 57.31843575418995
 244 59.32960893854749
 74 61.34078212290504
 103 63.35195530726259
 72 65.36312849162013
 84 67.37430167597768
 53 69.38547486033519
 19 71.39664804469274
 46 73.40782122905028
 5 75.41899441340783
 5 77.43016759776538
 0 79.44134078212289
 0 81.45251396648047
 1 83.46368715083798
 3 85.47486033519556
 3 87.48603351955308
 7484 89.49720670391065
 7 91.50837988826817
 0 93.51955307262574
 2 95.53072625698326
 0 97.54189944134077
 6 99.55307262569835
 10 101.5642458100559
 26 103.5754189944134
 47 105.586592178771
 21 107.5977653631285
 100 109.608938547486
 105 111.6201117318436
 118 113.6312849162011
 5 115.6424581005587
 193 117.6536312849162
 162 119.6648044692737
 68 121.6759776536313
 161 123.6871508379888
 189 125.6983240223464
 83 127.7094972067039
 141 129.7206703910614
 167 131.731843575419
 2 133.7430167597765
 136 135.7541899441341
 193 137.7653631284916
 105 139.7765363128492
 151 141.7877094972067
 474 143.7988826815642
 121 145.8100558659218
 177 147.8212290502793
 35 149.8324022346369
 172 151.8435754189944
 74 153.854748603352
 458 155.8659217877095
 53 157.8770949720671
 131 159.8882681564246
 62 161.8994413407821
 47 163.9106145251397
 11 165.9217877094972
 119 167.9329608938548
 212 169.9441340782123
 334 171.9553072625699
 1 173.9664804469274
 156 175.9776536312849
 3 177.9888268156425
 0 180


