# Created by Octave 3.8.2, Sun Jun 21 02:51:46 2020 CEST <damian@fptrucha.inv.usc.es>
# name: hd
# type: matrix
# rows: 180
# columns: 2
 4 -180
 152 -177.9888268156425
 3 -175.9776536312849
 330 -173.9664804469274
 211 -171.9553072625698
 146 -169.9441340782123
 32 -167.9329608938548
 35 -165.9217877094972
 63 -163.9106145251397
 152 -161.8994413407821
 37 -159.8882681564246
 647 -157.877094972067
 59 -155.8659217877095
 113 -153.854748603352
 35 -151.8435754189944
 74 -149.8324022346369
 204 -147.8212290502793
 583 -145.8100558659218
 125 -143.7988826815642
 83 -141.7877094972067
 173 -139.7765363128491
 101 -137.7653631284916
 3 -135.7541899441341
 151 -133.7430167597765
 163 -131.731843575419
 59 -129.7206703910614
 164 -127.7094972067039
 202 -125.6983240223464
 97 -123.6871508379888
 186 -121.6759776536313
 182 -119.6648044692737
 5 -117.6536312849162
 90 -115.6424581005587
 119 -113.6312849162011
 102 -111.6201117318436
 13 -109.608938547486
 20 -107.5977653631285
 21 -105.5865921787709
 13 -103.5754189944134
 1 -101.5642458100559
 2 -99.55307262569832
 0 -97.54189944134077
 3 -95.53072625698323
 3 -93.5195530726257
 7882 -91.50837988826815
 7 -89.49720670391061
 0 -87.48603351955308
 1 -85.47486033519553
 0 -83.46368715083798
 2 -81.45251396648044
 3 -79.44134078212289
 5 -77.43016759776536
 43 -75.41899441340782
 35 -73.40782122905027
 56 -71.39664804469274
 107 -69.38547486033519
 73 -67.37430167597765
 101 -65.3631284916201
 51 -63.35195530726256
 248 -61.34078212290503
 148 -59.32960893854748
 248 -57.31843575418993
 80 -55.3072625698324
 82 -53.29608938547486
 223 -51.28491620111731
 55 -49.27374301675977
 100 -47.26256983240222
 3 -45.25139664804468
 282 -43.24022346368713
 2 -41.22905027932961
 167 -39.21787709497207
 308 -37.20670391061452
 461 -35.19553072625698
 109 -33.18435754189943
 66 -31.17318435754188
 147 -29.16201117318434
 11 -27.15083798882682
 52 -25.13966480446928
 643 -23.12849162011173
 158 -21.11731843575419
 56 -19.10614525139664
 8 -17.09497206703909
 29 -15.08379888268155
 164 -13.072625698324
 4 -11.06145251396646
 542 -9.050279329608941
 5 -7.039106145251395
 120 -5.02793296089385
 19 -3.016759776536304
 1 -1.005586592178759
 15 1.005586592178787
 110 3.016759776536333
 2 5.02793296089385
 516 7.039106145251395
 8 9.050279329608941
 148 11.06145251396649
 37 13.07262569832403
 14 15.08379888268158
 74 17.09497206703912
 112 19.10614525139667
 495 21.11731843575421
 53 23.12849162011173
 77 25.13966480446928
 104 27.15083798882682
 62 29.16201117318437
 225 31.17318435754191
 278 33.18435754189946
 224 35.195530726257
 156 37.20670391061452
 32 39.21787709497207
 278 41.22905027932961
 1 43.24022346368716
 86 45.2513966480447
 55 47.26256983240225
 226 49.27374301675979
 85 51.28491620111734
 159 53.29608938547489
 75 55.3072625698324
 142 57.31843575418995
 254 59.32960893854749
 59 61.34078212290504
 110 63.35195530726259
 70 65.36312849162013
 109 67.37430167597768
 49 69.38547486033519
 31 71.39664804469274
 47 73.40782122905028
 9 75.41899441340783
 10 77.43016759776538
 0 79.44134078212289
 2 81.45251396648047
 0 83.46368715083798
 6 85.47486033519556
 12 87.48603351955308
 7372 89.49720670391065
 2 91.50837988826817
 6 93.51955307262574
 2 95.53072625698326
 1 97.54189944134077
 2 99.55307262569835
 8 101.5642458100559
 25 103.5754189944134
 38 105.586592178771
 17 107.5977653631285
 115 109.608938547486
 101 111.6201117318436
 129 113.6312849162011
 0 115.6424581005587
 193 117.6536312849162
 166 119.6648044692737
 78 121.6759776536313
 179 123.6871508379888
 184 125.6983240223464
 89 127.7094972067039
 143 129.7206703910614
 191 131.731843575419
 0 133.7430167597765
 108 135.7541899441341
 184 137.7653631284916
 72 139.7765363128492
 156 141.7877094972067
 479 143.7988826815642
 104 145.8100558659218
 216 147.8212290502793
 47 149.8324022346369
 150 151.8435754189944
 43 153.854748603352
 469 155.8659217877095
 56 157.8770949720671
 110 159.8882681564246
 62 161.8994413407821
 48 163.9106145251397
 17 165.9217877094972
 124 167.9329608938548
 203 169.9441340782123
 343 171.9553072625699
 2 173.9664804469274
 147 175.9776536312849
 3 177.9888268156425
 0 180


