# Created by Octave 3.8.2, Sat Jun 20 06:55:07 2020 CEST <damian@fptrucha.inv.usc.es>
# name: hd
# type: matrix
# rows: 180
# columns: 2
 3 -180
 150 -177.9888268156425
 2 -175.9776536312849
 417 -173.9664804469274
 297 -171.9553072625698
 169 -169.9441340782123
 35 -167.9329608938548
 46 -165.9217877094972
 64 -163.9106145251397
 177 -161.8994413407821
 63 -159.8882681564246
 699 -157.877094972067
 76 -155.8659217877095
 139 -153.854748603352
 48 -151.8435754189944
 79 -149.8324022346369
 266 -147.8212290502793
 716 -145.8100558659218
 145 -143.7988826815642
 99 -141.7877094972067
 218 -139.7765363128491
 148 -137.7653631284916
 2 -135.7541899441341
 194 -133.7430167597765
 191 -131.731843575419
 95 -129.7206703910614
 227 -127.7094972067039
 282 -125.6983240223464
 109 -123.6871508379888
 232 -121.6759776536313
 232 -119.6648044692737
 2 -117.6536312849162
 114 -115.6424581005587
 137 -113.6312849162011
 144 -111.6201117318436
 19 -109.608938547486
 43 -107.5977653631285
 33 -105.5865921787709
 15 -103.5754189944134
 2 -101.5642458100559
 2 -99.55307262569832
 1 -97.54189944134077
 2 -95.53072625698323
 7 -93.5195530726257
 9544 -91.50837988826815
 15 -89.49720670391061
 4 -87.48603351955308
 0 -85.47486033519553
 0 -83.46368715083798
 1 -81.45251396648044
 5 -79.44134078212289
 8 -77.43016759776536
 50 -75.41899441340782
 23 -73.40782122905027
 62 -71.39664804469274
 143 -69.38547486033519
 83 -67.37430167597765
 100 -65.3631284916201
 64 -63.35195530726256
 324 -61.34078212290503
 161 -59.32960893854748
 238 -57.31843575418993
 121 -55.3072625698324
 98 -53.29608938547486
 263 -51.28491620111731
 66 -49.27374301675977
 122 -47.26256983240222
 4 -45.25139664804468
 308 -43.24022346368713
 3 -41.22905027932961
 170 -39.21787709497207
 358 -37.20670391061452
 478 -35.19553072625698
 120 -33.18435754189943
 56 -31.17318435754188
 168 -29.16201117318434
 13 -27.15083798882682
 71 -25.13966480446928
 692 -23.12849162011173
 140 -21.11731843575419
 51 -19.10614525139664
 6 -17.09497206703909
 35 -15.08379888268155
 174 -13.072625698324
 12 -11.06145251396646
 657 -9.050279329608941
 5 -7.039106145251395
 130 -5.02793296089385
 23 -3.016759776536304
 3 -1.005586592178759
 29 1.005586592178787
 130 3.016759776536333
 3 5.02793296089385
 572 7.039106145251395
 6 9.050279329608941
 147 11.06145251396649
 48 13.07262569832403
 13 15.08379888268158
 61 17.09497206703912
 135 19.10614525139667
 598 21.11731843575421
 78 23.12849162011173
 108 25.13966480446928
 114 27.15083798882682
 52 29.16201117318437
 231 31.17318435754191
 331 33.18435754189946
 287 35.195530726257
 172 37.20670391061452
 42 39.21787709497207
 290 41.22905027932961
 3 43.24022346368716
 122 45.2513966480447
 59 47.26256983240225
 215 49.27374301675979
 83 51.28491620111734
 203 53.29608938547489
 80 55.3072625698324
 134 57.31843575418995
 253 59.32960893854749
 68 61.34078212290504
 114 63.35195530726259
 77 65.36312849162013
 124 67.37430167597768
 54 69.38547486033519
 33 71.39664804469274
 49 73.40782122905028
 6 75.41899441340783
 6 77.43016759776538
 3 79.44134078212289
 0 81.45251396648047
 0 83.46368715083798
 2 85.47486033519556
 8 87.48603351955308
 8174 89.49720670391065
 6 91.50837988826817
 3 93.51955307262574
 2 95.53072625698326
 1 97.54189944134077
 3 99.55307262569835
 12 101.5642458100559
 12 103.5754189944134
 41 105.586592178771
 21 107.5977653631285
 110 109.608938547486
 126 111.6201117318436
 125 113.6312849162011
 3 115.6424581005587
 223 117.6536312849162
 161 119.6648044692737
 89 121.6759776536313
 216 123.6871508379888
 207 125.6983240223464
 100 127.7094972067039
 161 129.7206703910614
 217 131.731843575419
 2 133.7430167597765
 124 135.7541899441341
 193 137.7653631284916
 110 139.7765363128492
 152 141.7877094972067
 561 143.7988826815642
 137 145.8100558659218
 214 147.8212290502793
 50 149.8324022346369
 166 151.8435754189944
 76 153.854748603352
 573 155.8659217877095
 55 157.8770949720671
 155 159.8882681564246
 73 161.8994413407821
 51 163.9106145251397
 25 165.9217877094972
 151 167.9329608938548
 267 169.9441340782123
 363 171.9553072625699
 3 173.9664804469274
 177 175.9776536312849
 2 177.9888268156425
 0 180


