# Created by Octave 3.8.2, Mon Jun 22 15:04:06 2020 CEST <damian@fptrucha.inv.usc.es>
# name: hd
# type: matrix
# rows: 180
# columns: 2
 3 -180
 168 -177.9888268156425
 3 -175.9776536312849
 423 -173.9664804469274
 254 -171.9553072625698
 157 -169.9441340782123
 43 -167.9329608938548
 49 -165.9217877094972
 79 -163.9106145251397
 134 -161.8994413407821
 54 -159.8882681564246
 535 -157.877094972067
 77 -155.8659217877095
 124 -153.854748603352
 42 -151.8435754189944
 66 -149.8324022346369
 255 -147.8212290502793
 681 -145.8100558659218
 147 -143.7988826815642
 100 -141.7877094972067
 157 -139.7765363128491
 97 -137.7653631284916
 2 -135.7541899441341
 206 -133.7430167597765
 185 -131.731843575419
 95 -129.7206703910614
 171 -127.7094972067039
 213 -125.6983240223464
 108 -123.6871508379888
 184 -121.6759776536313
 194 -119.6648044692737
 1 -117.6536312849162
 108 -115.6424581005587
 120 -113.6312849162011
 136 -111.6201117318436
 20 -109.608938547486
 43 -107.5977653631285
 31 -105.5865921787709
 18 -103.5754189944134
 4 -101.5642458100559
 0 -99.55307262569832
 2 -97.54189944134077
 5 -95.53072625698323
 8 -93.5195530726257
 8143 -91.50837988826815
 12 -89.49720670391061
 4 -87.48603351955308
 4 -85.47486033519553
 0 -83.46368715083798
 3 -81.45251396648044
 4 -79.44134078212289
 12 -77.43016759776536
 33 -75.41899441340782
 26 -73.40782122905027
 55 -71.39664804469274
 114 -69.38547486033519
 80 -67.37430167597765
 126 -65.3631284916201
 58 -63.35195530726256
 251 -61.34078212290503
 128 -59.32960893854748
 215 -57.31843575418993
 122 -55.3072625698324
 95 -53.29608938547486
 235 -51.28491620111731
 60 -49.27374301675977
 126 -47.26256983240222
 4 -45.25139664804468
 279 -43.24022346368713
 2 -41.22905027932961
 163 -39.21787709497207
 310 -37.20670391061452
 433 -35.19553072625698
 103 -33.18435754189943
 51 -31.17318435754188
 188 -29.16201117318434
 12 -27.15083798882682
 63 -25.13966480446928
 588 -23.12849162011173
 140 -21.11731843575419
 55 -19.10614525139664
 8 -17.09497206703909
 39 -15.08379888268155
 153 -13.072625698324
 5 -11.06145251396646
 617 -9.050279329608941
 1 -7.039106145251395
 139 -5.02793296089385
 23 -3.016759776536304
 2 -1.005586592178759
 13 1.005586592178787
 125 3.016759776536333
 0 5.02793296089385
 574 7.039106145251395
 13 9.050279329608941
 148 11.06145251396649
 44 13.07262569832403
 15 15.08379888268158
 57 17.09497206703912
 108 19.10614525139667
 525 21.11731843575421
 65 23.12849162011173
 82 25.13966480446928
 100 27.15083798882682
 62 29.16201117318437
 215 31.17318435754191
 336 33.18435754189946
 234 35.195530726257
 180 37.20670391061452
 31 39.21787709497207
 270 41.22905027932961
 2 43.24022346368716
 137 45.2513966480447
 60 47.26256983240225
 263 49.27374301675979
 85 51.28491620111734
 199 53.29608938547489
 107 55.3072625698324
 172 57.31843575418995
 264 59.32960893854749
 62 61.34078212290504
 141 63.35195530726259
 79 65.36312849162013
 120 67.37430167597768
 50 69.38547486033519
 31 71.39664804469274
 57 73.40782122905028
 8 75.41899441340783
 12 77.43016759776538
 1 79.44134078212289
 2 81.45251396648047
 3 83.46368715083798
 7 85.47486033519556
 13 87.48603351955308
 7760 89.49720670391065
 7 91.50837988826817
 3 93.51955307262574
 4 95.53072625698326
 0 97.54189944134077
 7 99.55307262569835
 14 101.5642458100559
 28 103.5754189944134
 36 105.586592178771
 17 107.5977653631285
 122 109.608938547486
 140 111.6201117318436
 122 113.6312849162011
 2 115.6424581005587
 229 117.6536312849162
 173 119.6648044692737
 120 121.6759776536313
 190 123.6871508379888
 210 125.6983240223464
 83 127.7094972067039
 174 129.7206703910614
 196 131.731843575419
 2 133.7430167597765
 126 135.7541899441341
 184 137.7653631284916
 102 139.7765363128492
 144 141.7877094972067
 526 143.7988826815642
 128 145.8100558659218
 212 147.8212290502793
 48 149.8324022346369
 127 151.8435754189944
 67 153.854748603352
 510 155.8659217877095
 41 157.8770949720671
 148 159.8882681564246
 72 161.8994413407821
 61 163.9106145251397
 22 165.9217877094972
 129 167.9329608938548
 227 169.9441340782123
 346 171.9553072625699
 3 173.9664804469274
 162 175.9776536312849
 6 177.9888268156425
 0 180


