# Created by Octave 3.8.2, Sat Jun 20 09:35:57 2020 CEST <damian@fptrucha.inv.usc.es>
# name: hd
# type: matrix
# rows: 180
# columns: 2
 3 -180
 192 -177.9888268156425
 4 -175.9776536312849
 428 -173.9664804469274
 269 -171.9553072625698
 185 -169.9441340782123
 30 -167.9329608938548
 34 -165.9217877094972
 55 -163.9106145251397
 177 -161.8994413407821
 53 -159.8882681564246
 718 -157.877094972067
 60 -155.8659217877095
 135 -153.854748603352
 46 -151.8435754189944
 81 -149.8324022346369
 245 -147.8212290502793
 688 -145.8100558659218
 141 -143.7988826815642
 97 -141.7877094972067
 197 -139.7765363128491
 118 -137.7653631284916
 3 -135.7541899441341
 168 -133.7430167597765
 154 -131.731843575419
 89 -129.7206703910614
 208 -127.7094972067039
 241 -125.6983240223464
 109 -123.6871508379888
 237 -121.6759776536313
 220 -119.6648044692737
 6 -117.6536312849162
 111 -115.6424581005587
 137 -113.6312849162011
 128 -111.6201117318436
 19 -109.608938547486
 41 -107.5977653631285
 22 -105.5865921787709
 17 -103.5754189944134
 2 -101.5642458100559
 1 -99.55307262569832
 3 -97.54189944134077
 2 -95.53072625698323
 7 -93.5195530726257
 8970 -91.50837988826815
 12 -89.49720670391061
 3 -87.48603351955308
 1 -85.47486033519553
 0 -83.46368715083798
 1 -81.45251396648044
 4 -79.44134078212289
 3 -77.43016759776536
 60 -75.41899441340782
 24 -73.40782122905027
 59 -71.39664804469274
 139 -69.38547486033519
 77 -67.37430167597765
 101 -65.3631284916201
 63 -63.35195530726256
 327 -61.34078212290503
 164 -59.32960893854748
 273 -57.31843575418993
 108 -55.3072625698324
 83 -53.29608938547486
 264 -51.28491620111731
 57 -49.27374301675977
 131 -47.26256983240222
 2 -45.25139664804468
 322 -43.24022346368713
 1 -41.22905027932961
 156 -39.21787709497207
 335 -37.20670391061452
 526 -35.19553072625698
 122 -33.18435754189943
 63 -31.17318435754188
 157 -29.16201117318434
 12 -27.15083798882682
 81 -25.13966480446928
 691 -23.12849162011173
 131 -21.11731843575419
 40 -19.10614525139664
 6 -17.09497206703909
 45 -15.08379888268155
 150 -13.072625698324
 7 -11.06145251396646
 622 -9.050279329608941
 4 -7.039106145251395
 145 -5.02793296089385
 22 -3.016759776536304
 1 -1.005586592178759
 19 1.005586592178787
 139 3.016759776536333
 3 5.02793296089385
 557 7.039106145251395
 11 9.050279329608941
 156 11.06145251396649
 50 13.07262569832403
 12 15.08379888268158
 50 17.09497206703912
 109 19.10614525139667
 600 21.11731843575421
 56 23.12849162011173
 122 25.13966480446928
 104 27.15083798882682
 71 29.16201117318437
 272 31.17318435754191
 375 33.18435754189946
 282 35.195530726257
 181 37.20670391061452
 36 39.21787709497207
 318 41.22905027932961
 3 43.24022346368716
 147 45.2513966480447
 64 47.26256983240225
 248 49.27374301675979
 83 51.28491620111734
 215 53.29608938547489
 96 55.3072625698324
 154 57.31843575418995
 293 59.32960893854749
 68 61.34078212290504
 148 63.35195530726259
 106 65.36312849162013
 109 67.37430167597768
 58 69.38547486033519
 38 71.39664804469274
 55 73.40782122905028
 9 75.41899441340783
 10 77.43016759776538
 2 79.44134078212289
 1 81.45251396648047
 2 83.46368715083798
 2 85.47486033519556
 10 87.48603351955308
 8605 89.49720670391065
 7 91.50837988826817
 2 93.51955307262574
 2 95.53072625698326
 0 97.54189944134077
 7 99.55307262569835
 17 101.5642458100559
 26 103.5754189944134
 32 105.586592178771
 24 107.5977653631285
 118 109.608938547486
 150 111.6201117318436
 149 113.6312849162011
 5 115.6424581005587
 221 117.6536312849162
 187 119.6648044692737
 95 121.6759776536313
 202 123.6871508379888
 190 125.6983240223464
 96 127.7094972067039
 198 129.7206703910614
 214 131.731843575419
 4 133.7430167597765
 136 135.7541899441341
 203 137.7653631284916
 131 139.7765363128492
 200 141.7877094972067
 552 143.7988826815642
 132 145.8100558659218
 256 147.8212290502793
 49 149.8324022346369
 197 151.8435754189944
 72 153.854748603352
 527 155.8659217877095
 68 157.8770949720671
 156 159.8882681564246
 81 161.8994413407821
 58 163.9106145251397
 14 165.9217877094972
 124 167.9329608938548
 219 169.9441340782123
 378 171.9553072625699
 3 173.9664804469274
 172 175.9776536312849
 6 177.9888268156425
 0 180


