# Created by Octave 3.8.2, Sat Jun 20 12:56:31 2020 CEST <damian@fptrucha.inv.usc.es>
# name: hd
# type: matrix
# rows: 180
# columns: 2
 0 -180
 184 -177.9888268156425
 1 -175.9776536312849
 413 -173.9664804469274
 220 -171.9553072625698
 175 -169.9441340782123
 31 -167.9329608938548
 43 -165.9217877094972
 55 -163.9106145251397
 165 -161.8994413407821
 49 -159.8882681564246
 657 -157.877094972067
 58 -155.8659217877095
 138 -153.854748603352
 64 -151.8435754189944
 70 -149.8324022346369
 242 -147.8212290502793
 703 -145.8100558659218
 129 -143.7988826815642
 91 -141.7877094972067
 174 -139.7765363128491
 139 -137.7653631284916
 3 -135.7541899441341
 175 -133.7430167597765
 160 -131.731843575419
 78 -129.7206703910614
 170 -127.7094972067039
 243 -125.6983240223464
 115 -123.6871508379888
 212 -121.6759776536313
 197 -119.6648044692737
 2 -117.6536312849162
 110 -115.6424581005587
 105 -113.6312849162011
 127 -111.6201117318436
 25 -109.608938547486
 44 -107.5977653631285
 21 -105.5865921787709
 12 -103.5754189944134
 3 -101.5642458100559
 0 -99.55307262569832
 0 -97.54189944134077
 2 -95.53072625698323
 7 -93.5195530726257
 8639 -91.50837988826815
 8 -89.49720670391061
 4 -87.48603351955308
 2 -85.47486033519553
 0 -83.46368715083798
 0 -81.45251396648044
 7 -79.44134078212289
 7 -77.43016759776536
 52 -75.41899441340782
 23 -73.40782122905027
 46 -71.39664804469274
 134 -69.38547486033519
 75 -67.37430167597765
 113 -65.3631284916201
 49 -63.35195530726256
 290 -61.34078212290503
 166 -59.32960893854748
 225 -57.31843575418993
 80 -55.3072625698324
 84 -53.29608938547486
 226 -51.28491620111731
 61 -49.27374301675977
 104 -47.26256983240222
 0 -45.25139664804468
 301 -43.24022346368713
 1 -41.22905027932961
 156 -39.21787709497207
 357 -37.20670391061452
 500 -35.19553072625698
 113 -33.18435754189943
 67 -31.17318435754188
 151 -29.16201117318434
 10 -27.15083798882682
 59 -25.13966480446928
 680 -23.12849162011173
 152 -21.11731843575419
 42 -19.10614525139664
 9 -17.09497206703909
 34 -15.08379888268155
 185 -13.072625698324
 9 -11.06145251396646
 596 -9.050279329608941
 3 -7.039106145251395
 125 -5.02793296089385
 25 -3.016759776536304
 2 -1.005586592178759
 19 1.005586592178787
 127 3.016759776536333
 1 5.02793296089385
 524 7.039106145251395
 8 9.050279329608941
 157 11.06145251396649
 51 13.07262569832403
 16 15.08379888268158
 65 17.09497206703912
 100 19.10614525139667
 529 21.11731843575421
 63 23.12849162011173
 94 25.13966480446928
 124 27.15083798882682
 75 29.16201117318437
 257 31.17318435754191
 338 33.18435754189946
 302 35.195530726257
 179 37.20670391061452
 46 39.21787709497207
 305 41.22905027932961
 1 43.24022346368716
 109 45.2513966480447
 63 47.26256983240225
 239 49.27374301675979
 97 51.28491620111734
 205 53.29608938547489
 91 55.3072625698324
 158 57.31843575418995
 271 59.32960893854749
 67 61.34078212290504
 134 63.35195530726259
 77 65.36312849162013
 110 67.37430167597768
 50 69.38547486033519
 30 71.39664804469274
 54 73.40782122905028
 12 75.41899441340783
 11 77.43016759776538
 1 79.44134078212289
 0 81.45251396648047
 2 83.46368715083798
 2 85.47486033519556
 7 87.48603351955308
 8478 89.49720670391065
 3 91.50837988826817
 1 93.51955307262574
 1 95.53072625698326
 0 97.54189944134077
 6 99.55307262569835
 13 101.5642458100559
 23 103.5754189944134
 53 105.586592178771
 25 107.5977653631285
 116 109.608938547486
 125 111.6201117318436
 124 113.6312849162011
 4 115.6424581005587
 239 117.6536312849162
 170 119.6648044692737
 110 121.6759776536313
 203 123.6871508379888
 181 125.6983240223464
 96 127.7094972067039
 179 129.7206703910614
 187 131.731843575419
 4 133.7430167597765
 124 135.7541899441341
 167 137.7653631284916
 115 139.7765363128492
 158 141.7877094972067
 516 143.7988826815642
 136 145.8100558659218
 244 147.8212290502793
 58 149.8324022346369
 191 151.8435754189944
 63 153.854748603352
 456 155.8659217877095
 65 157.8770949720671
 165 159.8882681564246
 82 161.8994413407821
 56 163.9106145251397
 22 165.9217877094972
 136 167.9329608938548
 245 169.9441340782123
 356 171.9553072625699
 1 173.9664804469274
 150 175.9776536312849
 3 177.9888268156425
 0 180


