# Created by Octave 3.8.2, Sat Jun 20 12:32:33 2020 CEST <damian@fptrucha.inv.usc.es>
# name: hd
# type: matrix
# rows: 180
# columns: 2
 4 -180
 174 -177.9888268156425
 5 -175.9776536312849
 414 -173.9664804469274
 254 -171.9553072625698
 193 -169.9441340782123
 38 -167.9329608938548
 48 -165.9217877094972
 67 -163.9106145251397
 207 -161.8994413407821
 37 -159.8882681564246
 713 -157.877094972067
 74 -155.8659217877095
 132 -153.854748603352
 43 -151.8435754189944
 70 -149.8324022346369
 218 -147.8212290502793
 745 -145.8100558659218
 116 -143.7988826815642
 88 -141.7877094972067
 177 -139.7765363128491
 113 -137.7653631284916
 5 -135.7541899441341
 169 -133.7430167597765
 167 -131.731843575419
 88 -129.7206703910614
 195 -127.7094972067039
 222 -125.6983240223464
 103 -123.6871508379888
 184 -121.6759776536313
 203 -119.6648044692737
 2 -117.6536312849162
 112 -115.6424581005587
 92 -113.6312849162011
 132 -111.6201117318436
 14 -109.608938547486
 26 -107.5977653631285
 30 -105.5865921787709
 11 -103.5754189944134
 3 -101.5642458100559
 0 -99.55307262569832
 1 -97.54189944134077
 5 -95.53072625698323
 6 -93.5195530726257
 8539 -91.50837988826815
 13 -89.49720670391061
 4 -87.48603351955308
 2 -85.47486033519553
 0 -83.46368715083798
 2 -81.45251396648044
 4 -79.44134078212289
 4 -77.43016759776536
 52 -75.41899441340782
 18 -73.40782122905027
 47 -71.39664804469274
 101 -69.38547486033519
 65 -67.37430167597765
 111 -65.3631284916201
 47 -63.35195530726256
 279 -61.34078212290503
 157 -59.32960893854748
 219 -57.31843575418993
 106 -55.3072625698324
 68 -53.29608938547486
 260 -51.28491620111731
 51 -49.27374301675977
 124 -47.26256983240222
 0 -45.25139664804468
 304 -43.24022346368713
 6 -41.22905027932961
 143 -39.21787709497207
 342 -37.20670391061452
 489 -35.19553072625698
 105 -33.18435754189943
 74 -31.17318435754188
 157 -29.16201117318434
 10 -27.15083798882682
 64 -25.13966480446928
 669 -23.12849162011173
 161 -21.11731843575419
 40 -19.10614525139664
 9 -17.09497206703909
 40 -15.08379888268155
 185 -13.072625698324
 8 -11.06145251396646
 609 -9.050279329608941
 2 -7.039106145251395
 154 -5.02793296089385
 24 -3.016759776536304
 4 -1.005586592178759
 25 1.005586592178787
 149 3.016759776536333
 3 5.02793296089385
 570 7.039106145251395
 15 9.050279329608941
 145 11.06145251396649
 50 13.07262569832403
 13 15.08379888268158
 65 17.09497206703912
 116 19.10614525139667
 517 21.11731843575421
 66 23.12849162011173
 92 25.13966480446928
 105 27.15083798882682
 58 29.16201117318437
 239 31.17318435754191
 357 33.18435754189946
 259 35.195530726257
 195 37.20670391061452
 30 39.21787709497207
 322 41.22905027932961
 1 43.24022346368716
 106 45.2513966480447
 73 47.26256983240225
 246 49.27374301675979
 84 51.28491620111734
 200 53.29608938547489
 93 55.3072625698324
 157 57.31843575418995
 295 59.32960893854749
 60 61.34078212290504
 146 63.35195530726259
 90 65.36312849162013
 119 67.37430167597768
 49 69.38547486033519
 36 71.39664804469274
 62 73.40782122905028
 5 75.41899441340783
 5 77.43016759776538
 4 79.44134078212289
 0 81.45251396648047
 1 83.46368715083798
 4 85.47486033519556
 10 87.48603351955308
 8278 89.49720670391065
 9 91.50837988826817
 4 93.51955307262574
 1 95.53072625698326
 0 97.54189944134077
 5 99.55307262569835
 20 101.5642458100559
 25 103.5754189944134
 47 105.586592178771
 21 107.5977653631285
 129 109.608938547486
 155 111.6201117318436
 121 113.6312849162011
 0 115.6424581005587
 243 117.6536312849162
 169 119.6648044692737
 108 121.6759776536313
 193 123.6871508379888
 184 125.6983240223464
 72 127.7094972067039
 152 129.7206703910614
 212 131.731843575419
 1 133.7430167597765
 126 135.7541899441341
 172 137.7653631284916
 123 139.7765363128492
 178 141.7877094972067
 504 143.7988826815642
 142 145.8100558659218
 227 147.8212290502793
 50 149.8324022346369
 163 151.8435754189944
 69 153.854748603352
 476 155.8659217877095
 59 157.8770949720671
 156 159.8882681564246
 79 161.8994413407821
 52 163.9106145251397
 18 165.9217877094972
 134 167.9329608938548
 241 169.9441340782123
 369 171.9553072625699
 1 173.9664804469274
 162 175.9776536312849
 3 177.9888268156425
 0 180


