# Created by Octave 3.8.2, Mon Jun 22 07:49:25 2020 CEST <damian@fptrucha.inv.usc.es>
# name: hd
# type: matrix
# rows: 180
# columns: 2
 3 -180
 159 -177.9888268156425
 10 -175.9776536312849
 381 -173.9664804469274
 207 -171.9553072625698
 150 -169.9441340782123
 38 -167.9329608938548
 31 -165.9217877094972
 54 -163.9106145251397
 143 -161.8994413407821
 39 -159.8882681564246
 510 -157.877094972067
 46 -155.8659217877095
 105 -153.854748603352
 48 -151.8435754189944
 84 -149.8324022346369
 196 -147.8212290502793
 555 -145.8100558659218
 114 -143.7988826815642
 83 -141.7877094972067
 173 -139.7765363128491
 96 -137.7653631284916
 4 -135.7541899441341
 166 -133.7430167597765
 166 -131.731843575419
 71 -129.7206703910614
 162 -127.7094972067039
 216 -125.6983240223464
 107 -123.6871508379888
 159 -121.6759776536313
 188 -119.6648044692737
 6 -117.6536312849162
 95 -115.6424581005587
 103 -113.6312849162011
 98 -111.6201117318436
 28 -109.608938547486
 45 -107.5977653631285
 34 -105.5865921787709
 16 -103.5754189944134
 5 -101.5642458100559
 0 -99.55307262569832
 0 -97.54189944134077
 7 -95.53072625698323
 5 -93.5195530726257
 7774 -91.50837988826815
 8 -89.49720670391061
 8 -87.48603351955308
 2 -85.47486033519553
 0 -83.46368715083798
 1 -81.45251396648044
 11 -79.44134078212289
 6 -77.43016759776536
 48 -75.41899441340782
 28 -73.40782122905027
 42 -71.39664804469274
 116 -69.38547486033519
 73 -67.37430167597765
 115 -65.3631284916201
 64 -63.35195530726256
 257 -61.34078212290503
 131 -59.32960893854748
 186 -57.31843575418993
 105 -55.3072625698324
 72 -53.29608938547486
 222 -51.28491620111731
 57 -49.27374301675977
 105 -47.26256983240222
 3 -45.25139664804468
 287 -43.24022346368713
 3 -41.22905027932961
 176 -39.21787709497207
 254 -37.20670391061452
 406 -35.19553072625698
 143 -33.18435754189943
 44 -31.17318435754188
 153 -29.16201117318434
 18 -27.15083798882682
 53 -25.13966480446928
 547 -23.12849162011173
 133 -21.11731843575419
 51 -19.10614525139664
 11 -17.09497206703909
 57 -15.08379888268155
 137 -13.072625698324
 10 -11.06145251396646
 580 -9.050279329608941
 4 -7.039106145251395
 138 -5.02793296089385
 16 -3.016759776536304
 4 -1.005586592178759
 26 1.005586592178787
 104 3.016759776536333
 5 5.02793296089385
 520 7.039106145251395
 11 9.050279329608941
 149 11.06145251396649
 37 13.07262569832403
 10 15.08379888268158
 54 17.09497206703912
 121 19.10614525139667
 538 21.11731843575421
 60 23.12849162011173
 70 25.13966480446928
 81 27.15083798882682
 48 29.16201117318437
 202 31.17318435754191
 314 33.18435754189946
 234 35.195530726257
 124 37.20670391061452
 46 39.21787709497207
 287 41.22905027932961
 1 43.24022346368716
 124 45.2513966480447
 81 47.26256983240225
 223 49.27374301675979
 95 51.28491620111734
 206 53.29608938547489
 79 55.3072625698324
 142 57.31843575418995
 276 59.32960893854749
 57 61.34078212290504
 140 63.35195530726259
 81 65.36312849162013
 135 67.37430167597768
 43 69.38547486033519
 30 71.39664804469274
 54 73.40782122905028
 7 75.41899441340783
 7 77.43016759776538
 1 79.44134078212289
 2 81.45251396648047
 1 83.46368715083798
 8 85.47486033519556
 18 87.48603351955308
 7215 89.49720670391065
 6 91.50837988826817
 2 93.51955307262574
 4 95.53072625698326
 0 97.54189944134077
 3 99.55307262569835
 18 101.5642458100559
 22 103.5754189944134
 31 105.586592178771
 25 107.5977653631285
 96 109.608938547486
 110 111.6201117318436
 121 113.6312849162011
 6 115.6424581005587
 183 117.6536312849162
 179 119.6648044692737
 85 121.6759776536313
 173 123.6871508379888
 163 125.6983240223464
 90 127.7094972067039
 166 129.7206703910614
 169 131.731843575419
 5 133.7430167597765
 113 135.7541899441341
 173 137.7653631284916
 109 139.7765363128492
 138 141.7877094972067
 507 143.7988826815642
 103 145.8100558659218
 182 147.8212290502793
 41 149.8324022346369
 127 151.8435754189944
 60 153.854748603352
 508 155.8659217877095
 50 157.8770949720671
 138 159.8882681564246
 63 161.8994413407821
 37 163.9106145251397
 23 165.9217877094972
 140 167.9329608938548
 181 169.9441340782123
 333 171.9553072625699
 4 173.9664804469274
 148 175.9776536312849
 5 177.9888268156425
 0 180


