# Created by Octave 3.8.2, Mon Jun 22 17:53:20 2020 CEST <damian@fptrucha.inv.usc.es>
# name: hd
# type: matrix
# rows: 180
# columns: 2
 4 -180
 210 -177.9888268156425
 3 -175.9776536312849
 365 -173.9664804469274
 256 -171.9553072625698
 151 -169.9441340782123
 43 -167.9329608938548
 41 -165.9217877094972
 76 -163.9106145251397
 159 -161.8994413407821
 43 -159.8882681564246
 605 -157.877094972067
 65 -155.8659217877095
 140 -153.854748603352
 42 -151.8435754189944
 75 -149.8324022346369
 245 -147.8212290502793
 585 -145.8100558659218
 133 -143.7988826815642
 102 -141.7877094972067
 193 -139.7765363128491
 122 -137.7653631284916
 2 -135.7541899441341
 152 -133.7430167597765
 183 -131.731843575419
 81 -129.7206703910614
 202 -127.7094972067039
 217 -125.6983240223464
 96 -123.6871508379888
 178 -121.6759776536313
 212 -119.6648044692737
 5 -117.6536312849162
 119 -115.6424581005587
 144 -113.6312849162011
 133 -111.6201117318436
 18 -109.608938547486
 38 -107.5977653631285
 24 -105.5865921787709
 17 -103.5754189944134
 1 -101.5642458100559
 0 -99.55307262569832
 0 -97.54189944134077
 6 -95.53072625698323
 8 -93.5195530726257
 8474 -91.50837988826815
 16 -89.49720670391061
 5 -87.48603351955308
 2 -85.47486033519553
 0 -83.46368715083798
 2 -81.45251396648044
 3 -79.44134078212289
 5 -77.43016759776536
 63 -75.41899441340782
 30 -73.40782122905027
 46 -71.39664804469274
 145 -69.38547486033519
 88 -67.37430167597765
 117 -65.3631284916201
 58 -63.35195530726256
 278 -61.34078212290503
 143 -59.32960893854748
 206 -57.31843575418993
 111 -55.3072625698324
 75 -53.29608938547486
 225 -51.28491620111731
 66 -49.27374301675977
 120 -47.26256983240222
 0 -45.25139664804468
 299 -43.24022346368713
 4 -41.22905027932961
 158 -39.21787709497207
 267 -37.20670391061452
 462 -35.19553072625698
 132 -33.18435754189943
 78 -31.17318435754188
 168 -29.16201117318434
 13 -27.15083798882682
 67 -25.13966480446928
 588 -23.12849162011173
 130 -21.11731843575419
 60 -19.10614525139664
 12 -17.09497206703909
 44 -15.08379888268155
 167 -13.072625698324
 10 -11.06145251396646
 565 -9.050279329608941
 6 -7.039106145251395
 130 -5.02793296089385
 21 -3.016759776536304
 2 -1.005586592178759
 20 1.005586592178787
 150 3.016759776536333
 4 5.02793296089385
 557 7.039106145251395
 12 9.050279329608941
 159 11.06145251396649
 47 13.07262569832403
 16 15.08379888268158
 67 17.09497206703912
 139 19.10614525139667
 577 21.11731843575421
 52 23.12849162011173
 90 25.13966480446928
 106 27.15083798882682
 64 29.16201117318437
 218 31.17318435754191
 328 33.18435754189946
 250 35.195530726257
 179 37.20670391061452
 33 39.21787709497207
 294 41.22905027932961
 1 43.24022346368716
 125 45.2513966480447
 59 47.26256983240225
 223 49.27374301675979
 93 51.28491620111734
 228 53.29608938547489
 84 55.3072625698324
 153 57.31843575418995
 274 59.32960893854749
 56 61.34078212290504
 114 63.35195530726259
 92 65.36312849162013
 122 67.37430167597768
 47 69.38547486033519
 29 71.39664804469274
 56 73.40782122905028
 10 75.41899441340783
 12 77.43016759776538
 6 79.44134078212289
 3 81.45251396648047
 1 83.46368715083798
 2 85.47486033519556
 15 87.48603351955308
 7804 89.49720670391065
 4 91.50837988826817
 3 93.51955307262574
 3 95.53072625698326
 1 97.54189944134077
 3 99.55307262569835
 17 101.5642458100559
 41 103.5754189944134
 32 105.586592178771
 25 107.5977653631285
 117 109.608938547486
 135 111.6201117318436
 131 113.6312849162011
 3 115.6424581005587
 217 117.6536312849162
 183 119.6648044692737
 85 121.6759776536313
 178 123.6871508379888
 169 125.6983240223464
 94 127.7094972067039
 168 129.7206703910614
 152 131.731843575419
 3 133.7430167597765
 119 135.7541899441341
 187 137.7653631284916
 109 139.7765363128492
 159 141.7877094972067
 527 143.7988826815642
 91 145.8100558659218
 170 147.8212290502793
 76 149.8324022346369
 164 151.8435754189944
 62 153.854748603352
 495 155.8659217877095
 48 157.8770949720671
 137 159.8882681564246
 83 161.8994413407821
 52 163.9106145251397
 27 165.9217877094972
 131 167.9329608938548
 232 169.9441340782123
 354 171.9553072625699
 4 173.9664804469274
 155 175.9776536312849
 3 177.9888268156425
 0 180


