# Created by Octave 3.8.2, Mon Jun 22 11:19:26 2020 CEST <damian@fptrucha.inv.usc.es>
# name: hd
# type: matrix
# rows: 180
# columns: 2
 9 -180
 205 -177.9888268156425
 5 -175.9776536312849
 394 -173.9664804469274
 247 -171.9553072625698
 153 -169.9441340782123
 38 -167.9329608938548
 38 -165.9217877094972
 61 -163.9106145251397
 153 -161.8994413407821
 25 -159.8882681564246
 559 -157.877094972067
 79 -155.8659217877095
 115 -153.854748603352
 46 -151.8435754189944
 71 -149.8324022346369
 248 -147.8212290502793
 578 -145.8100558659218
 140 -143.7988826815642
 102 -141.7877094972067
 173 -139.7765363128491
 119 -137.7653631284916
 5 -135.7541899441341
 170 -133.7430167597765
 158 -131.731843575419
 68 -129.7206703910614
 156 -127.7094972067039
 215 -125.6983240223464
 98 -123.6871508379888
 171 -121.6759776536313
 202 -119.6648044692737
 2 -117.6536312849162
 112 -115.6424581005587
 120 -113.6312849162011
 107 -111.6201117318436
 20 -109.608938547486
 31 -107.5977653631285
 21 -105.5865921787709
 5 -103.5754189944134
 2 -101.5642458100559
 0 -99.55307262569832
 4 -97.54189944134077
 3 -95.53072625698323
 14 -93.5195530726257
 7649 -91.50837988826815
 19 -89.49720670391061
 5 -87.48603351955308
 4 -85.47486033519553
 0 -83.46368715083798
 4 -81.45251396648044
 2 -79.44134078212289
 10 -77.43016759776536
 58 -75.41899441340782
 30 -73.40782122905027
 41 -71.39664804469274
 103 -69.38547486033519
 80 -67.37430167597765
 105 -65.3631284916201
 61 -63.35195530726256
 233 -61.34078212290503
 145 -59.32960893854748
 233 -57.31843575418993
 89 -55.3072625698324
 78 -53.29608938547486
 213 -51.28491620111731
 59 -49.27374301675977
 125 -47.26256983240222
 7 -45.25139664804468
 277 -43.24022346368713
 0 -41.22905027932961
 181 -39.21787709497207
 274 -37.20670391061452
 413 -35.19553072625698
 125 -33.18435754189943
 57 -31.17318435754188
 164 -29.16201117318434
 8 -27.15083798882682
 83 -25.13966480446928
 554 -23.12849162011173
 137 -21.11731843575419
 51 -19.10614525139664
 13 -17.09497206703909
 41 -15.08379888268155
 171 -13.072625698324
 12 -11.06145251396646
 581 -9.050279329608941
 4 -7.039106145251395
 139 -5.02793296089385
 20 -3.016759776536304
 4 -1.005586592178759
 31 1.005586592178787
 138 3.016759776536333
 6 5.02793296089385
 500 7.039106145251395
 12 9.050279329608941
 153 11.06145251396649
 28 13.07262569832403
 15 15.08379888268158
 63 17.09497206703912
 127 19.10614525139667
 512 21.11731843575421
 62 23.12849162011173
 69 25.13966480446928
 112 27.15083798882682
 76 29.16201117318437
 176 31.17318435754191
 336 33.18435754189946
 244 35.195530726257
 162 37.20670391061452
 32 39.21787709497207
 262 41.22905027932961
 1 43.24022346368716
 141 45.2513966480447
 70 47.26256983240225
 234 49.27374301675979
 82 51.28491620111734
 181 53.29608938547489
 87 55.3072625698324
 145 57.31843575418995
 279 59.32960893854749
 58 61.34078212290504
 111 63.35195530726259
 83 65.36312849162013
 112 67.37430167597768
 46 69.38547486033519
 23 71.39664804469274
 51 73.40782122905028
 8 75.41899441340783
 5 77.43016759776538
 2 79.44134078212289
 1 81.45251396648047
 0 83.46368715083798
 7 85.47486033519556
 13 87.48603351955308
 7587 89.49720670391065
 13 91.50837988826817
 3 93.51955307262574
 2 95.53072625698326
 1 97.54189944134077
 4 99.55307262569835
 19 101.5642458100559
 30 103.5754189944134
 41 105.586592178771
 30 107.5977653631285
 124 109.608938547486
 135 111.6201117318436
 138 113.6312849162011
 5 115.6424581005587
 197 117.6536312849162
 171 119.6648044692737
 97 121.6759776536313
 212 123.6871508379888
 181 125.6983240223464
 93 127.7094972067039
 153 129.7206703910614
 174 131.731843575419
 1 133.7430167597765
 124 135.7541899441341
 201 137.7653631284916
 121 139.7765363128492
 138 141.7877094972067
 506 143.7988826815642
 135 145.8100558659218
 194 147.8212290502793
 55 149.8324022346369
 156 151.8435754189944
 64 153.854748603352
 464 155.8659217877095
 43 157.8770949720671
 136 159.8882681564246
 73 161.8994413407821
 45 163.9106145251397
 30 165.9217877094972
 150 167.9329608938548
 207 169.9441340782123
 331 171.9553072625699
 5 173.9664804469274
 160 175.9776536312849
 4 177.9888268156425
 0 180


