# Created by Octave 3.8.2, Sun Jun 21 07:20:56 2020 CEST <damian@fptrucha.inv.usc.es>
# name: hd
# type: matrix
# rows: 180
# columns: 2
 3 -180
 170 -177.9888268156425
 6 -175.9776536312849
 366 -173.9664804469274
 210 -171.9553072625698
 154 -169.9441340782123
 32 -167.9329608938548
 32 -165.9217877094972
 47 -163.9106145251397
 127 -161.8994413407821
 38 -159.8882681564246
 619 -157.877094972067
 51 -155.8659217877095
 104 -153.854748603352
 38 -151.8435754189944
 60 -149.8324022346369
 222 -147.8212290502793
 610 -145.8100558659218
 128 -143.7988826815642
 70 -141.7877094972067
 149 -139.7765363128491
 113 -137.7653631284916
 0 -135.7541899441341
 141 -133.7430167597765
 131 -131.731843575419
 74 -129.7206703910614
 176 -127.7094972067039
 237 -125.6983240223464
 104 -123.6871508379888
 183 -121.6759776536313
 175 -119.6648044692737
 1 -117.6536312849162
 83 -115.6424581005587
 104 -113.6312849162011
 125 -111.6201117318436
 13 -109.608938547486
 29 -107.5977653631285
 21 -105.5865921787709
 9 -103.5754189944134
 4 -101.5642458100559
 0 -99.55307262569832
 1 -97.54189944134077
 2 -95.53072625698323
 5 -93.5195530726257
 8002 -91.50837988826815
 6 -89.49720670391061
 4 -87.48603351955308
 1 -85.47486033519553
 1 -83.46368715083798
 0 -81.45251396648044
 7 -79.44134078212289
 2 -77.43016759776536
 35 -75.41899441340782
 13 -73.40782122905027
 49 -71.39664804469274
 127 -69.38547486033519
 58 -67.37430167597765
 98 -65.3631284916201
 33 -63.35195530726256
 260 -61.34078212290503
 153 -59.32960893854748
 218 -57.31843575418993
 110 -55.3072625698324
 65 -53.29608938547486
 240 -51.28491620111731
 50 -49.27374301675977
 110 -47.26256983240222
 2 -45.25139664804468
 229 -43.24022346368713
 1 -41.22905027932961
 136 -39.21787709497207
 301 -37.20670391061452
 437 -35.19553072625698
 103 -33.18435754189943
 52 -31.17318435754188
 142 -29.16201117318434
 7 -27.15083798882682
 58 -25.13966480446928
 613 -23.12849162011173
 139 -21.11731843575419
 49 -19.10614525139664
 6 -17.09497206703909
 25 -15.08379888268155
 158 -13.072625698324
 5 -11.06145251396646
 544 -9.050279329608941
 4 -7.039106145251395
 128 -5.02793296089385
 14 -3.016759776536304
 1 -1.005586592178759
 20 1.005586592178787
 133 3.016759776536333
 0 5.02793296089385
 512 7.039106145251395
 6 9.050279329608941
 117 11.06145251396649
 41 13.07262569832403
 12 15.08379888268158
 59 17.09497206703912
 97 19.10614525139667
 501 21.11731843575421
 50 23.12849162011173
 89 25.13966480446928
 90 27.15083798882682
 55 29.16201117318437
 205 31.17318435754191
 297 33.18435754189946
 224 35.195530726257
 154 37.20670391061452
 40 39.21787709497207
 287 41.22905027932961
 2 43.24022346368716
 121 45.2513966480447
 61 47.26256983240225
 218 49.27374301675979
 92 51.28491620111734
 186 53.29608938547489
 75 55.3072625698324
 150 57.31843575418995
 251 59.32960893854749
 58 61.34078212290504
 126 63.35195530726259
 59 65.36312849162013
 114 67.37430167597768
 47 69.38547486033519
 27 71.39664804469274
 43 73.40782122905028
 4 75.41899441340783
 11 77.43016759776538
 3 79.44134078212289
 0 81.45251396648047
 0 83.46368715083798
 2 85.47486033519556
 12 87.48603351955308
 7429 89.49720670391065
 4 91.50837988826817
 3 93.51955307262574
 1 95.53072625698326
 0 97.54189944134077
 1 99.55307262569835
 9 101.5642458100559
 20 103.5754189944134
 30 105.586592178771
 23 107.5977653631285
 96 109.608938547486
 102 111.6201117318436
 111 113.6312849162011
 1 115.6424581005587
 205 117.6536312849162
 135 119.6648044692737
 81 121.6759776536313
 174 123.6871508379888
 160 125.6983240223464
 69 127.7094972067039
 148 129.7206703910614
 163 131.731843575419
 0 133.7430167597765
 109 135.7541899441341
 163 137.7653631284916
 94 139.7765363128492
 117 141.7877094972067
 492 143.7988826815642
 127 145.8100558659218
 205 147.8212290502793
 55 149.8324022346369
 158 151.8435754189944
 62 153.854748603352
 463 155.8659217877095
 46 157.8770949720671
 121 159.8882681564246
 79 161.8994413407821
 53 163.9106145251397
 22 165.9217877094972
 135 167.9329608938548
 204 169.9441340782123
 304 171.9553072625699
 0 173.9664804469274
 138 175.9776536312849
 1 177.9888268156425
 0 180


