# Created by Octave 3.8.2, Sun Jun 21 05:15:13 2020 CEST <damian@fptrucha.inv.usc.es>
# name: hd
# type: matrix
# rows: 180
# columns: 2
 2 -180
 159 -177.9888268156425
 4 -175.9776536312849
 353 -173.9664804469274
 228 -171.9553072625698
 146 -169.9441340782123
 24 -167.9329608938548
 32 -165.9217877094972
 44 -163.9106145251397
 143 -161.8994413407821
 34 -159.8882681564246
 631 -157.877094972067
 71 -155.8659217877095
 108 -153.854748603352
 37 -151.8435754189944
 64 -149.8324022346369
 199 -147.8212290502793
 615 -145.8100558659218
 125 -143.7988826815642
 79 -141.7877094972067
 172 -139.7765363128491
 111 -137.7653631284916
 0 -135.7541899441341
 162 -133.7430167597765
 143 -131.731843575419
 82 -129.7206703910614
 176 -127.7094972067039
 230 -125.6983240223464
 87 -123.6871508379888
 213 -121.6759776536313
 198 -119.6648044692737
 2 -117.6536312849162
 108 -115.6424581005587
 106 -113.6312849162011
 119 -111.6201117318436
 21 -109.608938547486
 36 -107.5977653631285
 18 -105.5865921787709
 8 -103.5754189944134
 1 -101.5642458100559
 2 -99.55307262569832
 0 -97.54189944134077
 0 -95.53072625698323
 2 -93.5195530726257
 7966 -91.50837988826815
 9 -89.49720670391061
 5 -87.48603351955308
 0 -85.47486033519553
 0 -83.46368715083798
 3 -81.45251396648044
 6 -79.44134078212289
 10 -77.43016759776536
 41 -75.41899441340782
 17 -73.40782122905027
 53 -71.39664804469274
 123 -69.38547486033519
 92 -67.37430167597765
 87 -65.3631284916201
 59 -63.35195530726256
 272 -61.34078212290503
 120 -59.32960893854748
 206 -57.31843575418993
 98 -55.3072625698324
 80 -53.29608938547486
 206 -51.28491620111731
 42 -49.27374301675977
 103 -47.26256983240222
 3 -45.25139664804468
 265 -43.24022346368713
 5 -41.22905027932961
 146 -39.21787709497207
 301 -37.20670391061452
 454 -35.19553072625698
 82 -33.18435754189943
 62 -31.17318435754188
 168 -29.16201117318434
 9 -27.15083798882682
 45 -25.13966480446928
 585 -23.12849162011173
 131 -21.11731843575419
 50 -19.10614525139664
 9 -17.09497206703909
 42 -15.08379888268155
 159 -13.072625698324
 6 -11.06145251396646
 537 -9.050279329608941
 0 -7.039106145251395
 121 -5.02793296089385
 16 -3.016759776536304
 2 -1.005586592178759
 30 1.005586592178787
 118 3.016759776536333
 0 5.02793296089385
 529 7.039106145251395
 3 9.050279329608941
 126 11.06145251396649
 47 13.07262569832403
 6 15.08379888268158
 58 17.09497206703912
 101 19.10614525139667
 517 21.11731843575421
 57 23.12849162011173
 100 25.13966480446928
 95 27.15083798882682
 56 29.16201117318437
 221 31.17318435754191
 298 33.18435754189946
 232 35.195530726257
 171 37.20670391061452
 37 39.21787709497207
 286 41.22905027932961
 0 43.24022346368716
 123 45.2513966480447
 65 47.26256983240225
 226 49.27374301675979
 62 51.28491620111734
 166 53.29608938547489
 81 55.3072625698324
 149 57.31843575418995
 279 59.32960893854749
 55 61.34078212290504
 103 63.35195530726259
 68 65.36312849162013
 94 67.37430167597768
 53 69.38547486033519
 32 71.39664804469274
 44 73.40782122905028
 7 75.41899441340783
 10 77.43016759776538
 1 79.44134078212289
 0 81.45251396648047
 1 83.46368715083798
 4 85.47486033519556
 12 87.48603351955308
 7592 89.49720670391065
 8 91.50837988826817
 2 93.51955307262574
 1 95.53072625698326
 1 97.54189944134077
 4 99.55307262569835
 6 101.5642458100559
 16 103.5754189944134
 33 105.586592178771
 20 107.5977653631285
 96 109.608938547486
 92 111.6201117318436
 124 113.6312849162011
 3 115.6424581005587
 196 117.6536312849162
 147 119.6648044692737
 100 121.6759776536313
 154 123.6871508379888
 168 125.6983240223464
 75 127.7094972067039
 151 129.7206703910614
 172 131.731843575419
 2 133.7430167597765
 99 135.7541899441341
 162 137.7653631284916
 90 139.7765363128492
 119 141.7877094972067
 461 143.7988826815642
 106 145.8100558659218
 213 147.8212290502793
 55 149.8324022346369
 143 151.8435754189944
 65 153.854748603352
 425 155.8659217877095
 45 157.8770949720671
 133 159.8882681564246
 69 161.8994413407821
 48 163.9106145251397
 14 165.9217877094972
 103 167.9329608938548
 222 169.9441340782123
 326 171.9553072625699
 2 173.9664804469274
 152 175.9776536312849
 3 177.9888268156425
 0 180


