# Created by Octave 3.8.2, Sat Jun 20 21:33:33 2020 CEST <damian@fptrucha.inv.usc.es>
# name: hd
# type: matrix
# rows: 180
# columns: 2
 3 -180
 165 -177.9888268156425
 1 -175.9776536312849
 333 -173.9664804469274
 214 -171.9553072625698
 162 -169.9441340782123
 32 -167.9329608938548
 48 -165.9217877094972
 52 -163.9106145251397
 158 -161.8994413407821
 33 -159.8882681564246
 607 -157.877094972067
 64 -155.8659217877095
 123 -153.854748603352
 51 -151.8435754189944
 53 -149.8324022346369
 195 -147.8212290502793
 627 -145.8100558659218
 142 -143.7988826815642
 89 -141.7877094972067
 168 -139.7765363128491
 99 -137.7653631284916
 2 -135.7541899441341
 137 -133.7430167597765
 146 -131.731843575419
 71 -129.7206703910614
 168 -127.7094972067039
 214 -125.6983240223464
 94 -123.6871508379888
 185 -121.6759776536313
 160 -119.6648044692737
 3 -117.6536312849162
 81 -115.6424581005587
 129 -113.6312849162011
 121 -111.6201117318436
 11 -109.608938547486
 28 -107.5977653631285
 22 -105.5865921787709
 6 -103.5754189944134
 1 -101.5642458100559
 1 -99.55307262569832
 0 -97.54189944134077
 0 -95.53072625698323
 5 -93.5195530726257
 8016 -91.50837988826815
 14 -89.49720670391061
 4 -87.48603351955308
 0 -85.47486033519553
 0 -83.46368715083798
 2 -81.45251396648044
 6 -79.44134078212289
 6 -77.43016759776536
 57 -75.41899441340782
 19 -73.40782122905027
 47 -71.39664804469274
 122 -69.38547486033519
 80 -67.37430167597765
 97 -65.3631284916201
 46 -63.35195530726256
 256 -61.34078212290503
 140 -59.32960893854748
 254 -57.31843575418993
 104 -55.3072625698324
 89 -53.29608938547486
 210 -51.28491620111731
 53 -49.27374301675977
 104 -47.26256983240222
 2 -45.25139664804468
 266 -43.24022346368713
 3 -41.22905027932961
 154 -39.21787709497207
 321 -37.20670391061452
 433 -35.19553072625698
 91 -33.18435754189943
 54 -31.17318435754188
 143 -29.16201117318434
 9 -27.15083798882682
 57 -25.13966480446928
 610 -23.12849162011173
 138 -21.11731843575419
 46 -19.10614525139664
 5 -17.09497206703909
 36 -15.08379888268155
 157 -13.072625698324
 2 -11.06145251396646
 548 -9.050279329608941
 0 -7.039106145251395
 128 -5.02793296089385
 14 -3.016759776536304
 2 -1.005586592178759
 18 1.005586592178787
 122 3.016759776536333
 1 5.02793296089385
 531 7.039106145251395
 10 9.050279329608941
 142 11.06145251396649
 37 13.07262569832403
 14 15.08379888268158
 50 17.09497206703912
 115 19.10614525139667
 512 21.11731843575421
 63 23.12849162011173
 97 25.13966480446928
 117 27.15083798882682
 71 29.16201117318437
 209 31.17318435754191
 313 33.18435754189946
 217 35.195530726257
 161 37.20670391061452
 27 39.21787709497207
 303 41.22905027932961
 3 43.24022346368716
 127 45.2513966480447
 57 47.26256983240225
 222 49.27374301675979
 67 51.28491620111734
 195 53.29608938547489
 70 55.3072625698324
 132 57.31843575418995
 244 59.32960893854749
 70 61.34078212290504
 120 63.35195530726259
 80 65.36312849162013
 122 67.37430167597768
 54 69.38547486033519
 37 71.39664804469274
 54 73.40782122905028
 7 75.41899441340783
 10 77.43016759776538
 0 79.44134078212289
 3 81.45251396648047
 2 83.46368715083798
 4 85.47486033519556
 12 87.48603351955308
 7639 89.49720670391065
 8 91.50837988826817
 1 93.51955307262574
 1 95.53072625698326
 0 97.54189944134077
 2 99.55307262569835
 11 101.5642458100559
 22 103.5754189944134
 33 105.586592178771
 29 107.5977653631285
 114 109.608938547486
 122 111.6201117318436
 121 113.6312849162011
 1 115.6424581005587
 207 117.6536312849162
 170 119.6648044692737
 86 121.6759776536313
 176 123.6871508379888
 171 125.6983240223464
 74 127.7094972067039
 163 129.7206703910614
 171 131.731843575419
 4 133.7430167597765
 116 135.7541899441341
 157 137.7653631284916
 103 139.7765363128492
 138 141.7877094972067
 447 143.7988826815642
 134 145.8100558659218
 188 147.8212290502793
 44 149.8324022346369
 165 151.8435754189944
 58 153.854748603352
 497 155.8659217877095
 57 157.8770949720671
 129 159.8882681564246
 70 161.8994413407821
 58 163.9106145251397
 14 165.9217877094972
 115 167.9329608938548
 190 169.9441340782123
 326 171.9553072625699
 1 173.9664804469274
 160 175.9776536312849
 5 177.9888268156425
 0 180


