# Created by Octave 3.8.2, Mon Jun 22 09:14:01 2020 CEST <damian@fptrucha.inv.usc.es>
# name: hd
# type: matrix
# rows: 180
# columns: 2
 3 -180
 182 -177.9888268156425
 5 -175.9776536312849
 344 -173.9664804469274
 224 -171.9553072625698
 132 -169.9441340782123
 45 -167.9329608938548
 40 -165.9217877094972
 59 -163.9106145251397
 148 -161.8994413407821
 47 -159.8882681564246
 512 -157.877094972067
 65 -155.8659217877095
 120 -153.854748603352
 40 -151.8435754189944
 80 -149.8324022346369
 245 -147.8212290502793
 560 -145.8100558659218
 127 -143.7988826815642
 90 -141.7877094972067
 181 -139.7765363128491
 114 -137.7653631284916
 6 -135.7541899441341
 148 -133.7430167597765
 150 -131.731843575419
 67 -129.7206703910614
 170 -127.7094972067039
 198 -125.6983240223464
 107 -123.6871508379888
 165 -121.6759776536313
 198 -119.6648044692737
 0 -117.6536312849162
 118 -115.6424581005587
 98 -113.6312849162011
 108 -111.6201117318436
 18 -109.608938547486
 43 -107.5977653631285
 20 -105.5865921787709
 10 -103.5754189944134
 5 -101.5642458100559
 0 -99.55307262569832
 5 -97.54189944134077
 4 -95.53072625698323
 14 -93.5195530726257
 7665 -91.50837988826815
 18 -89.49720670391061
 5 -87.48603351955308
 1 -85.47486033519553
 0 -83.46368715083798
 2 -81.45251396648044
 10 -79.44134078212289
 10 -77.43016759776536
 38 -75.41899441340782
 29 -73.40782122905027
 43 -71.39664804469274
 99 -69.38547486033519
 83 -67.37430167597765
 100 -65.3631284916201
 56 -63.35195530726256
 250 -61.34078212290503
 129 -59.32960893854748
 194 -57.31843575418993
 92 -55.3072625698324
 62 -53.29608938547486
 231 -51.28491620111731
 57 -49.27374301675977
 107 -47.26256983240222
 1 -45.25139664804468
 288 -43.24022346368713
 4 -41.22905027932961
 150 -39.21787709497207
 291 -37.20670391061452
 397 -35.19553072625698
 129 -33.18435754189943
 61 -31.17318435754188
 158 -29.16201117318434
 13 -27.15083798882682
 69 -25.13966480446928
 525 -23.12849162011173
 123 -21.11731843575419
 59 -19.10614525139664
 13 -17.09497206703909
 33 -15.08379888268155
 144 -13.072625698324
 12 -11.06145251396646
 533 -9.050279329608941
 2 -7.039106145251395
 114 -5.02793296089385
 23 -3.016759776536304
 3 -1.005586592178759
 26 1.005586592178787
 135 3.016759776536333
 3 5.02793296089385
 513 7.039106145251395
 12 9.050279329608941
 131 11.06145251396649
 37 13.07262569832403
 14 15.08379888268158
 57 17.09497206703912
 122 19.10614525139667
 525 21.11731843575421
 69 23.12849162011173
 84 25.13966480446928
 93 27.15083798882682
 65 29.16201117318437
 184 31.17318435754191
 349 33.18435754189946
 240 35.195530726257
 147 37.20670391061452
 38 39.21787709497207
 277 41.22905027932961
 1 43.24022346368716
 125 45.2513966480447
 66 47.26256983240225
 250 49.27374301675979
 80 51.28491620111734
 215 53.29608938547489
 80 55.3072625698324
 151 57.31843575418995
 268 59.32960893854749
 58 61.34078212290504
 115 63.35195530726259
 83 65.36312849162013
 118 67.37430167597768
 41 69.38547486033519
 28 71.39664804469274
 45 73.40782122905028
 3 75.41899441340783
 13 77.43016759776538
 0 79.44134078212289
 0 81.45251396648047
 1 83.46368715083798
 5 85.47486033519556
 13 87.48603351955308
 7318 89.49720670391065
 14 91.50837988826817
 7 93.51955307262574
 3 95.53072625698326
 2 97.54189944134077
 7 99.55307262569835
 16 101.5642458100559
 27 103.5754189944134
 42 105.586592178771
 23 107.5977653631285
 105 109.608938547486
 119 111.6201117318436
 115 113.6312849162011
 3 115.6424581005587
 221 117.6536312849162
 183 119.6648044692737
 101 121.6759776536313
 160 123.6871508379888
 177 125.6983240223464
 95 127.7094972067039
 165 129.7206703910614
 207 131.731843575419
 3 133.7430167597765
 128 135.7541899441341
 152 137.7653631284916
 96 139.7765363128492
 147 141.7877094972067
 504 143.7988826815642
 115 145.8100558659218
 185 147.8212290502793
 51 149.8324022346369
 122 151.8435754189944
 77 153.854748603352
 500 155.8659217877095
 41 157.8770949720671
 139 159.8882681564246
 62 161.8994413407821
 49 163.9106145251397
 18 165.9217877094972
 155 167.9329608938548
 206 169.9441340782123
 364 171.9553072625699
 3 173.9664804469274
 161 175.9776536312849
 6 177.9888268156425
 0 180


