# Created by Octave 3.8.2, Sat Jun 20 05:50:50 2020 CEST <damian@fptrucha.inv.usc.es>
# name: hd
# type: matrix
# rows: 180
# columns: 2
 5 -180
 166 -177.9888268156425
 4 -175.9776536312849
 450 -173.9664804469274
 252 -171.9553072625698
 172 -169.9441340782123
 24 -167.9329608938548
 44 -165.9217877094972
 65 -163.9106145251397
 169 -161.8994413407821
 48 -159.8882681564246
 714 -157.877094972067
 71 -155.8659217877095
 131 -153.854748603352
 51 -151.8435754189944
 77 -149.8324022346369
 262 -147.8212290502793
 749 -145.8100558659218
 164 -143.7988826815642
 104 -141.7877094972067
 207 -139.7765363128491
 130 -137.7653631284916
 3 -135.7541899441341
 196 -133.7430167597765
 201 -131.731843575419
 84 -129.7206703910614
 201 -127.7094972067039
 242 -125.6983240223464
 124 -123.6871508379888
 220 -121.6759776536313
 228 -119.6648044692737
 9 -117.6536312849162
 123 -115.6424581005587
 147 -113.6312849162011
 144 -111.6201117318436
 24 -109.608938547486
 44 -107.5977653631285
 28 -105.5865921787709
 11 -103.5754189944134
 5 -101.5642458100559
 1 -99.55307262569832
 3 -97.54189944134077
 4 -95.53072625698323
 6 -93.5195530726257
 9248 -91.50837988826815
 9 -89.49720670391061
 3 -87.48603351955308
 1 -85.47486033519553
 1 -83.46368715083798
 2 -81.45251396648044
 7 -79.44134078212289
 10 -77.43016759776536
 47 -75.41899441340782
 33 -73.40782122905027
 83 -71.39664804469274
 151 -69.38547486033519
 74 -67.37430167597765
 127 -65.3631284916201
 53 -63.35195530726256
 325 -61.34078212290503
 168 -59.32960893854748
 263 -57.31843575418993
 97 -55.3072625698324
 90 -53.29608938547486
 254 -51.28491620111731
 52 -49.27374301675977
 135 -47.26256983240222
 2 -45.25139664804468
 315 -43.24022346368713
 4 -41.22905027932961
 171 -39.21787709497207
 335 -37.20670391061452
 467 -35.19553072625698
 124 -33.18435754189943
 68 -31.17318435754188
 173 -29.16201117318434
 13 -27.15083798882682
 65 -25.13966480446928
 693 -23.12849162011173
 174 -21.11731843575419
 57 -19.10614525139664
 8 -17.09497206703909
 43 -15.08379888268155
 156 -13.072625698324
 12 -11.06145251396646
 637 -9.050279329608941
 1 -7.039106145251395
 114 -5.02793296089385
 18 -3.016759776536304
 1 -1.005586592178759
 14 1.005586592178787
 143 3.016759776536333
 2 5.02793296089385
 597 7.039106145251395
 9 9.050279329608941
 119 11.06145251396649
 42 13.07262569832403
 14 15.08379888268158
 61 17.09497206703912
 131 19.10614525139667
 564 21.11731843575421
 56 23.12849162011173
 112 25.13966480446928
 126 27.15083798882682
 65 29.16201117318437
 237 31.17318435754191
 366 33.18435754189946
 283 35.195530726257
 198 37.20670391061452
 27 39.21787709497207
 291 41.22905027932961
 3 43.24022346368716
 124 45.2513966480447
 59 47.26256983240225
 225 49.27374301675979
 98 51.28491620111734
 192 53.29608938547489
 114 55.3072625698324
 138 57.31843575418995
 274 59.32960893854749
 70 61.34078212290504
 105 63.35195530726259
 70 65.36312849162013
 117 67.37430167597768
 47 69.38547486033519
 31 71.39664804469274
 56 73.40782122905028
 3 75.41899441340783
 11 77.43016759776538
 2 79.44134078212289
 0 81.45251396648047
 1 83.46368715083798
 8 85.47486033519556
 8 87.48603351955308
 8288 89.49720670391065
 9 91.50837988826817
 1 93.51955307262574
 1 95.53072625698326
 0 97.54189944134077
 4 99.55307262569835
 17 101.5642458100559
 21 103.5754189944134
 34 105.586592178771
 19 107.5977653631285
 103 109.608938547486
 102 111.6201117318436
 112 113.6312849162011
 4 115.6424581005587
 209 117.6536312849162
 177 119.6648044692737
 98 121.6759776536313
 198 123.6871508379888
 199 125.6983240223464
 82 127.7094972067039
 174 129.7206703910614
 201 131.731843575419
 3 133.7430167597765
 126 135.7541899441341
 175 137.7653631284916
 110 139.7765363128492
 148 141.7877094972067
 557 143.7988826815642
 122 145.8100558659218
 242 147.8212290502793
 55 149.8324022346369
 176 151.8435754189944
 71 153.854748603352
 530 155.8659217877095
 60 157.8770949720671
 153 159.8882681564246
 68 161.8994413407821
 53 163.9106145251397
 23 165.9217877094972
 144 167.9329608938548
 262 169.9441340782123
 392 171.9553072625699
 5 173.9664804469274
 184 175.9776536312849
 7 177.9888268156425
 0 180


