# Created by Octave 3.8.2, Mon Jun 22 17:33:56 2020 CEST <damian@fptrucha.inv.usc.es>
# name: hd
# type: matrix
# rows: 180
# columns: 2
 3 -180
 186 -177.9888268156425
 3 -175.9776536312849
 351 -173.9664804469274
 233 -171.9553072625698
 164 -169.9441340782123
 38 -167.9329608938548
 49 -165.9217877094972
 72 -163.9106145251397
 157 -161.8994413407821
 52 -159.8882681564246
 622 -157.877094972067
 73 -155.8659217877095
 122 -153.854748603352
 60 -151.8435754189944
 70 -149.8324022346369
 240 -147.8212290502793
 626 -145.8100558659218
 153 -143.7988826815642
 102 -141.7877094972067
 187 -139.7765363128491
 141 -137.7653631284916
 3 -135.7541899441341
 183 -133.7430167597765
 158 -131.731843575419
 101 -129.7206703910614
 183 -127.7094972067039
 235 -125.6983240223464
 103 -123.6871508379888
 197 -121.6759776536313
 209 -119.6648044692737
 7 -117.6536312849162
 126 -115.6424581005587
 123 -113.6312849162011
 128 -111.6201117318436
 17 -109.608938547486
 50 -107.5977653631285
 26 -105.5865921787709
 20 -103.5754189944134
 2 -101.5642458100559
 1 -99.55307262569832
 2 -97.54189944134077
 3 -95.53072625698323
 5 -93.5195530726257
 8229 -91.50837988826815
 9 -89.49720670391061
 6 -87.48603351955308
 1 -85.47486033519553
 0 -83.46368715083798
 3 -81.45251396648044
 10 -79.44134078212289
 7 -77.43016759776536
 58 -75.41899441340782
 26 -73.40782122905027
 57 -71.39664804469274
 138 -69.38547486033519
 80 -67.37430167597765
 121 -65.3631284916201
 55 -63.35195530726256
 293 -61.34078212290503
 166 -59.32960893854748
 202 -57.31843575418993
 98 -55.3072625698324
 79 -53.29608938547486
 236 -51.28491620111731
 62 -49.27374301675977
 128 -47.26256983240222
 2 -45.25139664804468
 298 -43.24022346368713
 4 -41.22905027932961
 191 -39.21787709497207
 271 -37.20670391061452
 450 -35.19553072625698
 111 -33.18435754189943
 74 -31.17318435754188
 191 -29.16201117318434
 10 -27.15083798882682
 51 -25.13966480446928
 573 -23.12849162011173
 146 -21.11731843575419
 59 -19.10614525139664
 15 -17.09497206703909
 55 -15.08379888268155
 158 -13.072625698324
 10 -11.06145251396646
 595 -9.050279329608941
 3 -7.039106145251395
 134 -5.02793296089385
 20 -3.016759776536304
 1 -1.005586592178759
 28 1.005586592178787
 134 3.016759776536333
 3 5.02793296089385
 551 7.039106145251395
 7 9.050279329608941
 155 11.06145251396649
 55 13.07262569832403
 10 15.08379888268158
 70 17.09497206703912
 138 19.10614525139667
 562 21.11731843575421
 70 23.12849162011173
 97 25.13966480446928
 98 27.15083798882682
 83 29.16201117318437
 227 31.17318435754191
 324 33.18435754189946
 259 35.195530726257
 152 37.20670391061452
 46 39.21787709497207
 300 41.22905027932961
 0 43.24022346368716
 117 45.2513966480447
 56 47.26256983240225
 225 49.27374301675979
 90 51.28491620111734
 178 53.29608938547489
 78 55.3072625698324
 147 57.31843575418995
 255 59.32960893854749
 44 61.34078212290504
 127 63.35195530726259
 75 65.36312849162013
 110 67.37430167597768
 50 69.38547486033519
 46 71.39664804469274
 47 73.40782122905028
 13 75.41899441340783
 6 77.43016759776538
 1 79.44134078212289
 2 81.45251396648047
 1 83.46368715083798
 6 85.47486033519556
 11 87.48603351955308
 7637 89.49720670391065
 11 91.50837988826817
 3 93.51955307262574
 0 95.53072625698326
 3 97.54189944134077
 4 99.55307262569835
 27 101.5642458100559
 40 103.5754189944134
 42 105.586592178771
 23 107.5977653631285
 123 109.608938547486
 109 111.6201117318436
 118 113.6312849162011
 2 115.6424581005587
 216 117.6536312849162
 170 119.6648044692737
 101 121.6759776536313
 187 123.6871508379888
 173 125.6983240223464
 87 127.7094972067039
 178 129.7206703910614
 179 131.731843575419
 3 133.7430167597765
 130 135.7541899441341
 176 137.7653631284916
 108 139.7765363128492
 142 141.7877094972067
 524 143.7988826815642
 125 145.8100558659218
 207 147.8212290502793
 50 149.8324022346369
 133 151.8435754189944
 69 153.854748603352
 528 155.8659217877095
 56 157.8770949720671
 143 159.8882681564246
 58 161.8994413407821
 50 163.9106145251397
 28 165.9217877094972
 143 167.9329608938548
 235 169.9441340782123
 369 171.9553072625699
 6 173.9664804469274
 159 175.9776536312849
 7 177.9888268156425
 0 180


