# Created by Octave 3.8.2, Sun Jun 21 03:01:32 2020 CEST <damian@fptrucha.inv.usc.es>
# name: hd
# type: matrix
# rows: 180
# columns: 2
 3 -180
 153 -177.9888268156425
 2 -175.9776536312849
 357 -173.9664804469274
 201 -171.9553072625698
 161 -169.9441340782123
 22 -167.9329608938548
 34 -165.9217877094972
 70 -163.9106145251397
 149 -161.8994413407821
 28 -159.8882681564246
 625 -157.877094972067
 64 -155.8659217877095
 121 -153.854748603352
 40 -151.8435754189944
 67 -149.8324022346369
 215 -147.8212290502793
 575 -145.8100558659218
 128 -143.7988826815642
 94 -141.7877094972067
 153 -139.7765363128491
 96 -137.7653631284916
 2 -135.7541899441341
 159 -133.7430167597765
 137 -131.731843575419
 74 -129.7206703910614
 171 -127.7094972067039
 225 -125.6983240223464
 102 -123.6871508379888
 180 -121.6759776536313
 186 -119.6648044692737
 2 -117.6536312849162
 97 -115.6424581005587
 106 -113.6312849162011
 122 -111.6201117318436
 13 -109.608938547486
 30 -107.5977653631285
 16 -105.5865921787709
 9 -103.5754189944134
 1 -101.5642458100559
 0 -99.55307262569832
 0 -97.54189944134077
 2 -95.53072625698323
 9 -93.5195530726257
 7785 -91.50837988826815
 9 -89.49720670391061
 6 -87.48603351955308
 1 -85.47486033519553
 0 -83.46368715083798
 1 -81.45251396648044
 9 -79.44134078212289
 10 -77.43016759776536
 38 -75.41899441340782
 21 -73.40782122905027
 43 -71.39664804469274
 103 -69.38547486033519
 60 -67.37430167597765
 113 -65.3631284916201
 58 -63.35195530726256
 240 -61.34078212290503
 134 -59.32960893854748
 213 -57.31843575418993
 85 -55.3072625698324
 65 -53.29608938547486
 229 -51.28491620111731
 43 -49.27374301675977
 85 -47.26256983240222
 2 -45.25139664804468
 273 -43.24022346368713
 4 -41.22905027932961
 158 -39.21787709497207
 283 -37.20670391061452
 460 -35.19553072625698
 102 -33.18435754189943
 64 -31.17318435754188
 148 -29.16201117318434
 8 -27.15083798882682
 69 -25.13966480446928
 627 -23.12849162011173
 146 -21.11731843575419
 50 -19.10614525139664
 16 -17.09497206703909
 30 -15.08379888268155
 142 -13.072625698324
 7 -11.06145251396646
 553 -9.050279329608941
 1 -7.039106145251395
 122 -5.02793296089385
 15 -3.016759776536304
 5 -1.005586592178759
 16 1.005586592178787
 113 3.016759776536333
 0 5.02793296089385
 535 7.039106145251395
 6 9.050279329608941
 128 11.06145251396649
 39 13.07262569832403
 6 15.08379888268158
 52 17.09497206703912
 112 19.10614525139667
 503 21.11731843575421
 53 23.12849162011173
 90 25.13966480446928
 81 27.15083798882682
 57 29.16201117318437
 219 31.17318435754191
 289 33.18435754189946
 208 35.195530726257
 136 37.20670391061452
 30 39.21787709497207
 254 41.22905027932961
 1 43.24022346368716
 112 45.2513966480447
 51 47.26256983240225
 208 49.27374301675979
 80 51.28491620111734
 168 53.29608938547489
 77 55.3072625698324
 118 57.31843575418995
 217 59.32960893854749
 51 61.34078212290504
 108 63.35195530726259
 74 65.36312849162013
 106 67.37430167597768
 37 69.38547486033519
 22 71.39664804469274
 42 73.40782122905028
 1 75.41899441340783
 3 77.43016759776538
 1 79.44134078212289
 0 81.45251396648047
 3 83.46368715083798
 1 85.47486033519556
 5 87.48603351955308
 7267 89.49720670391065
 6 91.50837988826817
 1 93.51955307262574
 0 95.53072625698326
 1 97.54189944134077
 1 99.55307262569835
 17 101.5642458100559
 19 103.5754189944134
 28 105.586592178771
 13 107.5977653631285
 92 109.608938547486
 130 111.6201117318436
 131 113.6312849162011
 0 115.6424581005587
 176 117.6536312849162
 169 119.6648044692737
 87 121.6759776536313
 185 123.6871508379888
 172 125.6983240223464
 84 127.7094972067039
 161 129.7206703910614
 146 131.731843575419
 6 133.7430167597765
 128 135.7541899441341
 140 137.7653631284916
 98 139.7765363128492
 133 141.7877094972067
 435 143.7988826815642
 120 145.8100558659218
 203 147.8212290502793
 39 149.8324022346369
 147 151.8435754189944
 54 153.854748603352
 448 155.8659217877095
 57 157.8770949720671
 126 159.8882681564246
 62 161.8994413407821
 54 163.9106145251397
 24 165.9217877094972
 107 167.9329608938548
 214 169.9441340782123
 308 171.9553072625699
 2 173.9664804469274
 144 175.9776536312849
 3 177.9888268156425
 0 180


