# Created by Octave 3.8.2, Sat Jun 20 09:56:33 2020 CEST <damian@fptrucha.inv.usc.es>
# name: hd
# type: matrix
# rows: 180
# columns: 2
 4 -180
 186 -177.9888268156425
 3 -175.9776536312849
 434 -173.9664804469274
 236 -171.9553072625698
 172 -169.9441340782123
 39 -167.9329608938548
 44 -165.9217877094972
 63 -163.9106145251397
 186 -161.8994413407821
 37 -159.8882681564246
 709 -157.877094972067
 58 -155.8659217877095
 138 -153.854748603352
 47 -151.8435754189944
 76 -149.8324022346369
 249 -147.8212290502793
 700 -145.8100558659218
 166 -143.7988826815642
 108 -141.7877094972067
 215 -139.7765363128491
 122 -137.7653631284916
 3 -135.7541899441341
 169 -133.7430167597765
 192 -131.731843575419
 101 -129.7206703910614
 207 -127.7094972067039
 261 -125.6983240223464
 115 -123.6871508379888
 226 -121.6759776536313
 210 -119.6648044692737
 6 -117.6536312849162
 123 -115.6424581005587
 127 -113.6312849162011
 130 -111.6201117318436
 21 -109.608938547486
 35 -107.5977653631285
 34 -105.5865921787709
 15 -103.5754189944134
 1 -101.5642458100559
 0 -99.55307262569832
 1 -97.54189944134077
 1 -95.53072625698323
 5 -93.5195530726257
 9031 -91.50837988826815
 10 -89.49720670391061
 2 -87.48603351955308
 1 -85.47486033519553
 0 -83.46368715083798
 3 -81.45251396648044
 7 -79.44134078212289
 8 -77.43016759776536
 55 -75.41899441340782
 25 -73.40782122905027
 61 -71.39664804469274
 140 -69.38547486033519
 79 -67.37430167597765
 117 -65.3631284916201
 56 -63.35195530726256
 287 -61.34078212290503
 174 -59.32960893854748
 245 -57.31843575418993
 110 -55.3072625698324
 87 -53.29608938547486
 264 -51.28491620111731
 57 -49.27374301675977
 132 -47.26256983240222
 3 -45.25139664804468
 311 -43.24022346368713
 0 -41.22905027932961
 204 -39.21787709497207
 338 -37.20670391061452
 512 -35.19553072625698
 114 -33.18435754189943
 66 -31.17318435754188
 163 -29.16201117318434
 10 -27.15083798882682
 73 -25.13966480446928
 697 -23.12849162011173
 152 -21.11731843575419
 50 -19.10614525139664
 11 -17.09497206703909
 46 -15.08379888268155
 162 -13.072625698324
 3 -11.06145251396646
 645 -9.050279329608941
 3 -7.039106145251395
 142 -5.02793296089385
 23 -3.016759776536304
 0 -1.005586592178759
 28 1.005586592178787
 161 3.016759776536333
 4 5.02793296089385
 628 7.039106145251395
 9 9.050279329608941
 149 11.06145251396649
 58 13.07262569832403
 13 15.08379888268158
 66 17.09497206703912
 127 19.10614525139667
 596 21.11731843575421
 73 23.12849162011173
 134 25.13966480446928
 111 27.15083798882682
 65 29.16201117318437
 267 31.17318435754191
 372 33.18435754189946
 276 35.195530726257
 206 37.20670391061452
 33 39.21787709497207
 311 41.22905027932961
 2 43.24022346368716
 138 45.2513966480447
 60 47.26256983240225
 250 49.27374301675979
 105 51.28491620111734
 217 53.29608938547489
 81 55.3072625698324
 141 57.31843575418995
 315 59.32960893854749
 83 61.34078212290504
 116 63.35195530726259
 110 65.36312849162013
 141 67.37430167597768
 39 69.38547486033519
 33 71.39664804469274
 59 73.40782122905028
 10 75.41899441340783
 4 77.43016759776538
 2 79.44134078212289
 2 81.45251396648047
 3 83.46368715083798
 5 85.47486033519556
 13 87.48603351955308
 8742 89.49720670391065
 3 91.50837988826817
 2 93.51955307262574
 1 95.53072625698326
 1 97.54189944134077
 2 99.55307262569835
 19 101.5642458100559
 31 103.5754189944134
 52 105.586592178771
 24 107.5977653631285
 113 109.608938547486
 146 111.6201117318436
 140 113.6312849162011
 3 115.6424581005587
 245 117.6536312849162
 161 119.6648044692737
 107 121.6759776536313
 186 123.6871508379888
 199 125.6983240223464
 93 127.7094972067039
 178 129.7206703910614
 215 131.731843575419
 3 133.7430167597765
 138 135.7541899441341
 174 137.7653631284916
 119 139.7765363128492
 171 141.7877094972067
 543 143.7988826815642
 160 145.8100558659218
 258 147.8212290502793
 50 149.8324022346369
 188 151.8435754189944
 62 153.854748603352
 535 155.8659217877095
 62 157.8770949720671
 133 159.8882681564246
 93 161.8994413407821
 69 163.9106145251397
 20 165.9217877094972
 177 167.9329608938548
 268 169.9441340782123
 405 171.9553072625699
 1 173.9664804469274
 180 175.9776536312849
 2 177.9888268156425
 0 180


