# Created by Octave 3.8.2, Mon Jun 22 23:01:32 2020 CEST <damian@fptrucha.inv.usc.es>
# name: hd
# type: matrix
# rows: 180
# columns: 2
 3 -180
 179 -177.9888268156425
 3 -175.9776536312849
 409 -173.9664804469274
 240 -171.9553072625698
 188 -169.9441340782123
 30 -167.9329608938548
 36 -165.9217877094972
 58 -163.9106145251397
 186 -161.8994413407821
 52 -159.8882681564246
 657 -157.877094972067
 83 -155.8659217877095
 134 -153.854748603352
 44 -151.8435754189944
 75 -149.8324022346369
 235 -147.8212290502793
 624 -145.8100558659218
 158 -143.7988826815642
 106 -141.7877094972067
 211 -139.7765363128491
 132 -137.7653631284916
 7 -135.7541899441341
 188 -133.7430167597765
 187 -131.731843575419
 80 -129.7206703910614
 212 -127.7094972067039
 246 -125.6983240223464
 112 -123.6871508379888
 195 -121.6759776536313
 215 -119.6648044692737
 1 -117.6536312849162
 110 -115.6424581005587
 134 -113.6312849162011
 137 -111.6201117318436
 23 -109.608938547486
 53 -107.5977653631285
 29 -105.5865921787709
 16 -103.5754189944134
 1 -101.5642458100559
 0 -99.55307262569832
 1 -97.54189944134077
 2 -95.53072625698323
 7 -93.5195530726257
 8779 -91.50837988826815
 9 -89.49720670391061
 9 -87.48603351955308
 1 -85.47486033519553
 0 -83.46368715083798
 3 -81.45251396648044
 7 -79.44134078212289
 9 -77.43016759776536
 57 -75.41899441340782
 36 -73.40782122905027
 56 -71.39664804469274
 132 -69.38547486033519
 99 -67.37430167597765
 117 -65.3631284916201
 70 -63.35195530726256
 273 -61.34078212290503
 149 -59.32960893854748
 236 -57.31843575418993
 94 -55.3072625698324
 77 -53.29608938547486
 229 -51.28491620111731
 53 -49.27374301675977
 105 -47.26256983240222
 0 -45.25139664804468
 310 -43.24022346368713
 5 -41.22905027932961
 159 -39.21787709497207
 313 -37.20670391061452
 490 -35.19553072625698
 136 -33.18435754189943
 68 -31.17318435754188
 169 -29.16201117318434
 4 -27.15083798882682
 71 -25.13966480446928
 621 -23.12849162011173
 149 -21.11731843575419
 71 -19.10614525139664
 18 -17.09497206703909
 48 -15.08379888268155
 142 -13.072625698324
 7 -11.06145251396646
 610 -9.050279329608941
 4 -7.039106145251395
 140 -5.02793296089385
 17 -3.016759776536304
 4 -1.005586592178759
 27 1.005586592178787
 117 3.016759776536333
 6 5.02793296089385
 601 7.039106145251395
 11 9.050279329608941
 150 11.06145251396649
 52 13.07262569832403
 11 15.08379888268158
 63 17.09497206703912
 119 19.10614525139667
 550 21.11731843575421
 59 23.12849162011173
 85 25.13966480446928
 100 27.15083798882682
 67 29.16201117318437
 165 31.17318435754191
 319 33.18435754189946
 280 35.195530726257
 146 37.20670391061452
 24 39.21787709497207
 297 41.22905027932961
 2 43.24022346368716
 112 45.2513966480447
 62 47.26256983240225
 229 49.27374301675979
 95 51.28491620111734
 189 53.29608938547489
 83 55.3072625698324
 162 57.31843575418995
 280 59.32960893854749
 58 61.34078212290504
 122 63.35195530726259
 83 65.36312849162013
 123 67.37430167597768
 49 69.38547486033519
 37 71.39664804469274
 62 73.40782122905028
 10 75.41899441340783
 7 77.43016759776538
 6 79.44134078212289
 1 81.45251396648047
 1 83.46368715083798
 3 85.47486033519556
 16 87.48603351955308
 8182 89.49720670391065
 8 91.50837988826817
 3 93.51955307262574
 0 95.53072625698326
 1 97.54189944134077
 5 99.55307262569835
 21 101.5642458100559
 17 103.5754189944134
 36 105.586592178771
 26 107.5977653631285
 113 109.608938547486
 144 111.6201117318436
 115 113.6312849162011
 6 115.6424581005587
 231 117.6536312849162
 173 119.6648044692737
 114 121.6759776536313
 224 123.6871508379888
 195 125.6983240223464
 78 127.7094972067039
 174 129.7206703910614
 219 131.731843575419
 5 133.7430167597765
 146 135.7541899441341
 227 137.7653631284916
 109 139.7765363128492
 130 141.7877094972067
 514 143.7988826815642
 124 145.8100558659218
 233 147.8212290502793
 48 149.8324022346369
 148 151.8435754189944
 64 153.854748603352
 556 155.8659217877095
 50 157.8770949720671
 152 159.8882681564246
 66 161.8994413407821
 52 163.9106145251397
 24 165.9217877094972
 155 167.9329608938548
 231 169.9441340782123
 390 171.9553072625699
 5 173.9664804469274
 167 175.9776536312849
 6 177.9888268156425
 0 180


