# Created by Octave 3.8.2, Tue Jun 23 00:17:05 2020 CEST <damian@fptrucha.inv.usc.es>
# name: hd
# type: matrix
# rows: 180
# columns: 2
 9 -180
 158 -177.9888268156425
 3 -175.9776536312849
 405 -173.9664804469274
 257 -171.9553072625698
 159 -169.9441340782123
 30 -167.9329608938548
 61 -165.9217877094972
 74 -163.9106145251397
 171 -161.8994413407821
 43 -159.8882681564246
 617 -157.877094972067
 91 -155.8659217877095
 138 -153.854748603352
 53 -151.8435754189944
 84 -149.8324022346369
 267 -147.8212290502793
 637 -145.8100558659218
 152 -143.7988826815642
 93 -141.7877094972067
 182 -139.7765363128491
 129 -137.7653631284916
 1 -135.7541899441341
 180 -133.7430167597765
 179 -131.731843575419
 84 -129.7206703910614
 188 -127.7094972067039
 241 -125.6983240223464
 119 -123.6871508379888
 209 -121.6759776536313
 234 -119.6648044692737
 7 -117.6536312849162
 122 -115.6424581005587
 136 -113.6312849162011
 153 -111.6201117318436
 33 -109.608938547486
 41 -107.5977653631285
 28 -105.5865921787709
 14 -103.5754189944134
 3 -101.5642458100559
 0 -99.55307262569832
 1 -97.54189944134077
 0 -95.53072625698323
 6 -93.5195530726257
 9029 -91.50837988826815
 6 -89.49720670391061
 9 -87.48603351955308
 3 -85.47486033519553
 0 -83.46368715083798
 2 -81.45251396648044
 8 -79.44134078212289
 11 -77.43016759776536
 68 -75.41899441340782
 31 -73.40782122905027
 62 -71.39664804469274
 138 -69.38547486033519
 98 -67.37430167597765
 111 -65.3631284916201
 60 -63.35195530726256
 313 -61.34078212290503
 164 -59.32960893854748
 253 -57.31843575418993
 110 -55.3072625698324
 93 -53.29608938547486
 257 -51.28491620111731
 75 -49.27374301675977
 132 -47.26256983240222
 7 -45.25139664804468
 347 -43.24022346368713
 6 -41.22905027932961
 169 -39.21787709497207
 331 -37.20670391061452
 469 -35.19553072625698
 112 -33.18435754189943
 70 -31.17318435754188
 188 -29.16201117318434
 9 -27.15083798882682
 69 -25.13966480446928
 633 -23.12849162011173
 154 -21.11731843575419
 54 -19.10614525139664
 12 -17.09497206703909
 43 -15.08379888268155
 178 -13.072625698324
 8 -11.06145251396646
 609 -9.050279329608941
 4 -7.039106145251395
 129 -5.02793296089385
 20 -3.016759776536304
 2 -1.005586592178759
 27 1.005586592178787
 124 3.016759776536333
 3 5.02793296089385
 534 7.039106145251395
 5 9.050279329608941
 144 11.06145251396649
 36 13.07262569832403
 14 15.08379888268158
 57 17.09497206703912
 135 19.10614525139667
 585 21.11731843575421
 61 23.12849162011173
 81 25.13966480446928
 97 27.15083798882682
 51 29.16201117318437
 224 31.17318435754191
 349 33.18435754189946
 258 35.195530726257
 171 37.20670391061452
 34 39.21787709497207
 294 41.22905027932961
 3 43.24022346368716
 126 45.2513966480447
 63 47.26256983240225
 220 49.27374301675979
 82 51.28491620111734
 184 53.29608938547489
 88 55.3072625698324
 152 57.31843575418995
 271 59.32960893854749
 47 61.34078212290504
 124 63.35195530726259
 75 65.36312849162013
 111 67.37430167597768
 46 69.38547486033519
 23 71.39664804469274
 46 73.40782122905028
 3 75.41899441340783
 2 77.43016759776538
 7 79.44134078212289
 0 81.45251396648047
 2 83.46368715083798
 2 85.47486033519556
 13 87.48603351955308
 7899 89.49720670391065
 8 91.50837988826817
 2 93.51955307262574
 2 95.53072625698326
 0 97.54189944134077
 3 99.55307262569835
 14 101.5642458100559
 36 103.5754189944134
 31 105.586592178771
 29 107.5977653631285
 125 109.608938547486
 118 111.6201117318436
 111 113.6312849162011
 0 115.6424581005587
 214 117.6536312849162
 175 119.6648044692737
 100 121.6759776536313
 165 123.6871508379888
 174 125.6983240223464
 102 127.7094972067039
 130 129.7206703910614
 180 131.731843575419
 2 133.7430167597765
 112 135.7541899441341
 188 137.7653631284916
 123 139.7765363128492
 147 141.7877094972067
 513 143.7988826815642
 113 145.8100558659218
 234 147.8212290502793
 55 149.8324022346369
 146 151.8435754189944
 78 153.854748603352
 539 155.8659217877095
 63 157.8770949720671
 136 159.8882681564246
 71 161.8994413407821
 46 163.9106145251397
 28 165.9217877094972
 143 167.9329608938548
 242 169.9441340782123
 347 171.9553072625699
 5 173.9664804469274
 158 175.9776536312849
 7 177.9888268156425
 0 180


