# Created by Octave 3.8.2, Sat Jun 20 10:33:09 2020 CEST <damian@fptrucha.inv.usc.es>
# name: hd
# type: matrix
# rows: 180
# columns: 2
 4 -180
 172 -177.9888268156425
 5 -175.9776536312849
 411 -173.9664804469274
 256 -171.9553072625698
 165 -169.9441340782123
 31 -167.9329608938548
 41 -165.9217877094972
 60 -163.9106145251397
 182 -161.8994413407821
 49 -159.8882681564246
 695 -157.877094972067
 57 -155.8659217877095
 135 -153.854748603352
 36 -151.8435754189944
 74 -149.8324022346369
 240 -147.8212290502793
 718 -145.8100558659218
 134 -143.7988826815642
 93 -141.7877094972067
 195 -139.7765363128491
 124 -137.7653631284916
 1 -135.7541899441341
 165 -133.7430167597765
 185 -131.731843575419
 89 -129.7206703910614
 179 -127.7094972067039
 252 -125.6983240223464
 128 -123.6871508379888
 199 -121.6759776536313
 196 -119.6648044692737
 1 -117.6536312849162
 102 -115.6424581005587
 146 -113.6312849162011
 146 -111.6201117318436
 20 -109.608938547486
 35 -107.5977653631285
 25 -105.5865921787709
 10 -103.5754189944134
 3 -101.5642458100559
 0 -99.55307262569832
 0 -97.54189944134077
 4 -95.53072625698323
 5 -93.5195530726257
 8868 -91.50837988826815
 18 -89.49720670391061
 2 -87.48603351955308
 0 -85.47486033519553
 0 -83.46368715083798
 1 -81.45251396648044
 9 -79.44134078212289
 5 -77.43016759776536
 55 -75.41899441340782
 27 -73.40782122905027
 48 -71.39664804469274
 123 -69.38547486033519
 77 -67.37430167597765
 115 -65.3631284916201
 41 -63.35195530726256
 285 -61.34078212290503
 173 -59.32960893854748
 262 -57.31843575418993
 101 -55.3072625698324
 82 -53.29608938547486
 253 -51.28491620111731
 68 -49.27374301675977
 111 -47.26256983240222
 2 -45.25139664804468
 302 -43.24022346368713
 3 -41.22905027932961
 148 -39.21787709497207
 338 -37.20670391061452
 506 -35.19553072625698
 108 -33.18435754189943
 74 -31.17318435754188
 160 -29.16201117318434
 10 -27.15083798882682
 85 -25.13966480446928
 713 -23.12849162011173
 164 -21.11731843575419
 48 -19.10614525139664
 8 -17.09497206703909
 42 -15.08379888268155
 186 -13.072625698324
 6 -11.06145251396646
 635 -9.050279329608941
 2 -7.039106145251395
 131 -5.02793296089385
 25 -3.016759776536304
 6 -1.005586592178759
 14 1.005586592178787
 129 3.016759776536333
 1 5.02793296089385
 565 7.039106145251395
 2 9.050279329608941
 150 11.06145251396649
 58 13.07262569832403
 16 15.08379888268158
 66 17.09497206703912
 125 19.10614525139667
 537 21.11731843575421
 69 23.12849162011173
 94 25.13966480446928
 90 27.15083798882682
 62 29.16201117318437
 261 31.17318435754191
 378 33.18435754189946
 284 35.195530726257
 188 37.20670391061452
 37 39.21787709497207
 319 41.22905027932961
 3 43.24022346368716
 138 45.2513966480447
 66 47.26256983240225
 227 49.27374301675979
 116 51.28491620111734
 241 53.29608938547489
 68 55.3072625698324
 166 57.31843575418995
 308 59.32960893854749
 85 61.34078212290504
 154 63.35195530726259
 81 65.36312849162013
 134 67.37430167597768
 68 69.38547486033519
 30 71.39664804469274
 56 73.40782122905028
 8 75.41899441340783
 5 77.43016759776538
 1 79.44134078212289
 1 81.45251396648047
 0 83.46368715083798
 6 85.47486033519556
 6 87.48603351955308
 8672 89.49720670391065
 5 91.50837988826817
 6 93.51955307262574
 2 95.53072625698326
 1 97.54189944134077
 5 99.55307262569835
 12 101.5642458100559
 26 103.5754189944134
 51 105.586592178771
 22 107.5977653631285
 119 109.608938547486
 168 111.6201117318436
 153 113.6312849162011
 7 115.6424581005587
 218 117.6536312849162
 190 119.6648044692737
 98 121.6759776536313
 199 123.6871508379888
 197 125.6983240223464
 86 127.7094972067039
 201 129.7206703910614
 189 131.731843575419
 3 133.7430167597765
 146 135.7541899441341
 199 137.7653631284916
 101 139.7765363128492
 169 141.7877094972067
 530 143.7988826815642
 143 145.8100558659218
 222 147.8212290502793
 36 149.8324022346369
 159 151.8435754189944
 58 153.854748603352
 523 155.8659217877095
 64 157.8770949720671
 154 159.8882681564246
 71 161.8994413407821
 59 163.9106145251397
 29 165.9217877094972
 115 167.9329608938548
 273 169.9441340782123
 398 171.9553072625699
 1 173.9664804469274
 201 175.9776536312849
 2 177.9888268156425
 0 180


