# Created by Octave 3.8.2, Sat Jun 20 22:25:48 2020 CEST <damian@fptrucha.inv.usc.es>
# name: hd
# type: matrix
# rows: 180
# columns: 2
 4 -180
 163 -177.9888268156425
 2 -175.9776536312849
 360 -173.9664804469274
 212 -171.9553072625698
 155 -169.9441340782123
 30 -167.9329608938548
 34 -165.9217877094972
 60 -163.9106145251397
 171 -161.8994413407821
 33 -159.8882681564246
 623 -157.877094972067
 47 -155.8659217877095
 121 -153.854748603352
 47 -151.8435754189944
 57 -149.8324022346369
 207 -147.8212290502793
 638 -145.8100558659218
 113 -143.7988826815642
 86 -141.7877094972067
 167 -139.7765363128491
 89 -137.7653631284916
 1 -135.7541899441341
 144 -133.7430167597765
 170 -131.731843575419
 82 -129.7206703910614
 179 -127.7094972067039
 257 -125.6983240223464
 99 -123.6871508379888
 143 -121.6759776536313
 172 -119.6648044692737
 4 -117.6536312849162
 96 -115.6424581005587
 102 -113.6312849162011
 129 -111.6201117318436
 17 -109.608938547486
 37 -107.5977653631285
 24 -105.5865921787709
 12 -103.5754189944134
 3 -101.5642458100559
 2 -99.55307262569832
 1 -97.54189944134077
 1 -95.53072625698323
 7 -93.5195530726257
 7861 -91.50837988826815
 13 -89.49720670391061
 3 -87.48603351955308
 0 -85.47486033519553
 1 -83.46368715083798
 1 -81.45251396648044
 7 -79.44134078212289
 3 -77.43016759776536
 45 -75.41899441340782
 27 -73.40782122905027
 47 -71.39664804469274
 141 -69.38547486033519
 55 -67.37430167597765
 100 -65.3631284916201
 38 -63.35195530726256
 248 -61.34078212290503
 158 -59.32960893854748
 250 -57.31843575418993
 92 -55.3072625698324
 60 -53.29608938547486
 244 -51.28491620111731
 43 -49.27374301675977
 94 -47.26256983240222
 0 -45.25139664804468
 259 -43.24022346368713
 2 -41.22905027932961
 146 -39.21787709497207
 316 -37.20670391061452
 450 -35.19553072625698
 109 -33.18435754189943
 50 -31.17318435754188
 135 -29.16201117318434
 9 -27.15083798882682
 71 -25.13966480446928
 636 -23.12849162011173
 150 -21.11731843575419
 51 -19.10614525139664
 11 -17.09497206703909
 32 -15.08379888268155
 175 -13.072625698324
 5 -11.06145251396646
 539 -9.050279329608941
 3 -7.039106145251395
 128 -5.02793296089385
 10 -3.016759776536304
 0 -1.005586592178759
 19 1.005586592178787
 126 3.016759776536333
 1 5.02793296089385
 492 7.039106145251395
 6 9.050279329608941
 122 11.06145251396649
 52 13.07262569832403
 8 15.08379888268158
 59 17.09497206703912
 102 19.10614525139667
 537 21.11731843575421
 61 23.12849162011173
 87 25.13966480446928
 126 27.15083798882682
 58 29.16201117318437
 252 31.17318435754191
 307 33.18435754189946
 205 35.195530726257
 169 37.20670391061452
 28 39.21787709497207
 286 41.22905027932961
 2 43.24022346368716
 101 45.2513966480447
 67 47.26256983240225
 199 49.27374301675979
 72 51.28491620111734
 190 53.29608938547489
 85 55.3072625698324
 126 57.31843575418995
 253 59.32960893854749
 62 61.34078212290504
 118 63.35195530726259
 80 65.36312849162013
 115 67.37430167597768
 42 69.38547486033519
 29 71.39664804469274
 34 73.40782122905028
 3 75.41899441340783
 4 77.43016759776538
 1 79.44134078212289
 1 81.45251396648047
 0 83.46368715083798
 1 85.47486033519556
 12 87.48603351955308
 7611 89.49720670391065
 5 91.50837988826817
 1 93.51955307262574
 1 95.53072625698326
 1 97.54189944134077
 5 99.55307262569835
 13 101.5642458100559
 28 103.5754189944134
 34 105.586592178771
 22 107.5977653631285
 94 109.608938547486
 112 111.6201117318436
 137 113.6312849162011
 7 115.6424581005587
 173 117.6536312849162
 151 119.6648044692737
 94 121.6759776536313
 176 123.6871508379888
 157 125.6983240223464
 82 127.7094972067039
 152 129.7206703910614
 175 131.731843575419
 4 133.7430167597765
 100 135.7541899441341
 191 137.7653631284916
 103 139.7765363128492
 154 141.7877094972067
 497 143.7988826815642
 114 145.8100558659218
 207 147.8212290502793
 37 149.8324022346369
 172 151.8435754189944
 59 153.854748603352
 475 155.8659217877095
 60 157.8770949720671
 136 159.8882681564246
 69 161.8994413407821
 44 163.9106145251397
 13 165.9217877094972
 134 167.9329608938548
 226 169.9441340782123
 315 171.9553072625699
 3 173.9664804469274
 137 175.9776536312849
 2 177.9888268156425
 0 180


