# Created by Octave 3.8.2, Mon Jun 22 23:46:46 2020 CEST <damian@fptrucha.inv.usc.es>
# name: hd
# type: matrix
# rows: 180
# columns: 2
 3 -180
 130 -177.9888268156425
 1 -175.9776536312849
 292 -173.9664804469274
 198 -171.9553072625698
 95 -169.9441340782123
 21 -167.9329608938548
 31 -165.9217877094972
 40 -163.9106145251397
 113 -161.8994413407821
 27 -159.8882681564246
 445 -157.877094972067
 48 -155.8659217877095
 91 -153.854748603352
 43 -151.8435754189944
 50 -149.8324022346369
 151 -147.8212290502793
 412 -145.8100558659218
 115 -143.7988826815642
 58 -141.7877094972067
 122 -139.7765363128491
 91 -137.7653631284916
 2 -135.7541899441341
 122 -133.7430167597765
 120 -131.731843575419
 63 -129.7206703910614
 114 -127.7094972067039
 161 -125.6983240223464
 73 -123.6871508379888
 132 -121.6759776536313
 126 -119.6648044692737
 6 -117.6536312849162
 83 -115.6424581005587
 73 -113.6312849162011
 101 -111.6201117318436
 12 -109.608938547486
 27 -107.5977653631285
 15 -105.5865921787709
 18 -103.5754189944134
 1 -101.5642458100559
 1 -99.55307262569832
 0 -97.54189944134077
 1 -95.53072625698323
 12 -93.5195530726257
 5736 -91.50837988826815
 16 -89.49720670391061
 1 -87.48603351955308
 0 -85.47486033519553
 0 -83.46368715083798
 3 -81.45251396648044
 7 -79.44134078212289
 4 -77.43016759776536
 40 -75.41899441340782
 23 -73.40782122905027
 35 -71.39664804469274
 93 -69.38547486033519
 58 -67.37430167597765
 90 -65.3631284916201
 41 -63.35195530726256
 188 -61.34078212290503
 122 -59.32960893854748
 141 -57.31843575418993
 70 -55.3072625698324
 49 -53.29608938547486
 166 -51.28491620111731
 44 -49.27374301675977
 73 -47.26256983240222
 1 -45.25139664804468
 211 -43.24022346368713
 1 -41.22905027932961
 148 -39.21787709497207
 219 -37.20670391061452
 324 -35.19553072625698
 79 -33.18435754189943
 43 -31.17318435754188
 112 -29.16201117318434
 7 -27.15083798882682
 45 -25.13966480446928
 415 -23.12849162011173
 93 -21.11731843575419
 31 -19.10614525139664
 8 -17.09497206703909
 28 -15.08379888268155
 124 -13.072625698324
 7 -11.06145251396646
 408 -9.050279329608941
 2 -7.039106145251395
 87 -5.02793296089385
 19 -3.016759776536304
 3 -1.005586592178759
 21 1.005586592178787
 98 3.016759776536333
 0 5.02793296089385
 364 7.039106145251395
 5 9.050279329608941
 98 11.06145251396649
 42 13.07262569832403
 11 15.08379888268158
 39 17.09497206703912
 93 19.10614525139667
 412 21.11731843575421
 37 23.12849162011173
 57 25.13966480446928
 58 27.15083798882682
 46 29.16201117318437
 131 31.17318435754191
 233 33.18435754189946
 166 35.195530726257
 110 37.20670391061452
 30 39.21787709497207
 216 41.22905027932961
 3 43.24022346368716
 75 45.2513966480447
 46 47.26256983240225
 155 49.27374301675979
 51 51.28491620111734
 148 53.29608938547489
 66 55.3072625698324
 100 57.31843575418995
 184 59.32960893854749
 49 61.34078212290504
 71 63.35195530726259
 51 65.36312849162013
 76 67.37430167597768
 35 69.38547486033519
 23 71.39664804469274
 37 73.40782122905028
 3 75.41899441340783
 1 77.43016759776538
 3 79.44134078212289
 2 81.45251396648047
 4 83.46368715083798
 4 85.47486033519556
 7 87.48603351955308
 5291 89.49720670391065
 4 91.50837988826817
 3 93.51955307262574
 1 95.53072625698326
 0 97.54189944134077
 0 99.55307262569835
 10 101.5642458100559
 21 103.5754189944134
 40 105.586592178771
 17 107.5977653631285
 76 109.608938547486
 86 111.6201117318436
 81 113.6312849162011
 2 115.6424581005587
 138 117.6536312849162
 110 119.6648044692737
 47 121.6759776536313
 118 123.6871508379888
 132 125.6983240223464
 60 127.7094972067039
 118 129.7206703910614
 130 131.731843575419
 2 133.7430167597765
 79 135.7541899441341
 115 137.7653631284916
 58 139.7765363128492
 115 141.7877094972067
 383 143.7988826815642
 79 145.8100558659218
 136 147.8212290502793
 26 149.8324022346369
 95 151.8435754189944
 43 153.854748603352
 338 155.8659217877095
 34 157.8770949720671
 90 159.8882681564246
 45 161.8994413407821
 28 163.9106145251397
 15 165.9217877094972
 78 167.9329608938548
 178 169.9441340782123
 220 171.9553072625699
 2 173.9664804469274
 98 175.9776536312849
 4 177.9888268156425
 0 180


