# Created by Octave 3.8.2, Sun Jun 21 06:07:37 2020 CEST <damian@fptrucha.inv.usc.es>
# name: hd
# type: matrix
# rows: 180
# columns: 2
 2 -180
 152 -177.9888268156425
 7 -175.9776536312849
 356 -173.9664804469274
 235 -171.9553072625698
 147 -169.9441340782123
 33 -167.9329608938548
 29 -165.9217877094972
 40 -163.9106145251397
 150 -161.8994413407821
 36 -159.8882681564246
 681 -157.877094972067
 54 -155.8659217877095
 107 -153.854748603352
 31 -151.8435754189944
 65 -149.8324022346369
 180 -147.8212290502793
 651 -145.8100558659218
 138 -143.7988826815642
 77 -141.7877094972067
 146 -139.7765363128491
 112 -137.7653631284916
 1 -135.7541899441341
 156 -133.7430167597765
 150 -131.731843575419
 74 -129.7206703910614
 162 -127.7094972067039
 219 -125.6983240223464
 100 -123.6871508379888
 173 -121.6759776536313
 181 -119.6648044692737
 3 -117.6536312849162
 88 -115.6424581005587
 106 -113.6312849162011
 106 -111.6201117318436
 13 -109.608938547486
 35 -107.5977653631285
 27 -105.5865921787709
 11 -103.5754189944134
 2 -101.5642458100559
 0 -99.55307262569832
 0 -97.54189944134077
 2 -95.53072625698323
 3 -93.5195530726257
 8030 -91.50837988826815
 10 -89.49720670391061
 3 -87.48603351955308
 1 -85.47486033519553
 0 -83.46368715083798
 1 -81.45251396648044
 5 -79.44134078212289
 5 -77.43016759776536
 46 -75.41899441340782
 21 -73.40782122905027
 49 -71.39664804469274
 116 -69.38547486033519
 65 -67.37430167597765
 97 -65.3631284916201
 51 -63.35195530726256
 281 -61.34078212290503
 140 -59.32960893854748
 225 -57.31843575418993
 91 -55.3072625698324
 84 -53.29608938547486
 209 -51.28491620111731
 48 -49.27374301675977
 106 -47.26256983240222
 3 -45.25139664804468
 286 -43.24022346368713
 0 -41.22905027932961
 157 -39.21787709497207
 274 -37.20670391061452
 453 -35.19553072625698
 104 -33.18435754189943
 54 -31.17318435754188
 142 -29.16201117318434
 11 -27.15083798882682
 47 -25.13966480446928
 627 -23.12849162011173
 158 -21.11731843575419
 48 -19.10614525139664
 12 -17.09497206703909
 34 -15.08379888268155
 146 -13.072625698324
 6 -11.06145251396646
 571 -9.050279329608941
 4 -7.039106145251395
 119 -5.02793296089385
 12 -3.016759776536304
 1 -1.005586592178759
 16 1.005586592178787
 128 3.016759776536333
 2 5.02793296089385
 556 7.039106145251395
 8 9.050279329608941
 124 11.06145251396649
 44 13.07262569832403
 16 15.08379888268158
 62 17.09497206703912
 127 19.10614525139667
 486 21.11731843575421
 46 23.12849162011173
 94 25.13966480446928
 80 27.15083798882682
 55 29.16201117318437
 239 31.17318435754191
 264 33.18435754189946
 234 35.195530726257
 157 37.20670391061452
 31 39.21787709497207
 279 41.22905027932961
 1 43.24022346368716
 98 45.2513966480447
 63 47.26256983240225
 213 49.27374301675979
 95 51.28491620111734
 208 53.29608938547489
 73 55.3072625698324
 129 57.31843575418995
 285 59.32960893854749
 50 61.34078212290504
 126 63.35195530726259
 63 65.36312849162013
 104 67.37430167597768
 42 69.38547486033519
 22 71.39664804469274
 40 73.40782122905028
 5 75.41899441340783
 5 77.43016759776538
 4 79.44134078212289
 0 81.45251396648047
 0 83.46368715083798
 5 85.47486033519556
 10 87.48603351955308
 7362 89.49720670391065
 3 91.50837988826817
 3 93.51955307262574
 0 95.53072625698326
 1 97.54189944134077
 3 99.55307262569835
 5 101.5642458100559
 19 103.5754189944134
 35 105.586592178771
 17 107.5977653631285
 103 109.608938547486
 111 111.6201117318436
 105 113.6312849162011
 2 115.6424581005587
 204 117.6536312849162
 120 119.6648044692737
 88 121.6759776536313
 165 123.6871508379888
 175 125.6983240223464
 89 127.7094972067039
 145 129.7206703910614
 178 131.731843575419
 1 133.7430167597765
 103 135.7541899441341
 157 137.7653631284916
 97 139.7765363128492
 128 141.7877094972067
 458 143.7988826815642
 117 145.8100558659218
 199 147.8212290502793
 46 149.8324022346369
 149 151.8435754189944
 58 153.854748603352
 459 155.8659217877095
 36 157.8770949720671
 132 159.8882681564246
 78 161.8994413407821
 47 163.9106145251397
 17 165.9217877094972
 134 167.9329608938548
 206 169.9441340782123
 326 171.9553072625699
 1 173.9664804469274
 139 175.9776536312849
 6 177.9888268156425
 0 180


