# Created by Octave 3.8.2, Sat Jun 20 04:03:08 2020 CEST <damian@fptrucha.inv.usc.es>
# name: hd
# type: matrix
# rows: 180
# columns: 2
 5 -180
 183 -177.9888268156425
 2 -175.9776536312849
 390 -173.9664804469274
 257 -171.9553072625698
 136 -169.9441340782123
 35 -167.9329608938548
 53 -165.9217877094972
 50 -163.9106145251397
 173 -161.8994413407821
 42 -159.8882681564246
 682 -157.877094972067
 61 -155.8659217877095
 145 -153.854748603352
 55 -151.8435754189944
 94 -149.8324022346369
 279 -147.8212290502793
 701 -145.8100558659218
 147 -143.7988826815642
 94 -141.7877094972067
 200 -139.7765363128491
 110 -137.7653631284916
 0 -135.7541899441341
 186 -133.7430167597765
 193 -131.731843575419
 103 -129.7206703910614
 230 -127.7094972067039
 255 -125.6983240223464
 106 -123.6871508379888
 210 -121.6759776536313
 212 -119.6648044692737
 2 -117.6536312849162
 118 -115.6424581005587
 149 -113.6312849162011
 169 -111.6201117318436
 14 -109.608938547486
 34 -107.5977653631285
 26 -105.5865921787709
 9 -103.5754189944134
 1 -101.5642458100559
 0 -99.55307262569832
 3 -97.54189944134077
 0 -95.53072625698323
 7 -93.5195530726257
 9424 -91.50837988826815
 7 -89.49720670391061
 3 -87.48603351955308
 4 -85.47486033519553
 1 -83.46368715083798
 2 -81.45251396648044
 8 -79.44134078212289
 5 -77.43016759776536
 59 -75.41899441340782
 33 -73.40782122905027
 57 -71.39664804469274
 159 -69.38547486033519
 80 -67.37430167597765
 117 -65.3631284916201
 51 -63.35195530726256
 309 -61.34078212290503
 171 -59.32960893854748
 248 -57.31843575418993
 91 -55.3072625698324
 94 -53.29608938547486
 253 -51.28491620111731
 58 -49.27374301675977
 126 -47.26256983240222
 0 -45.25139664804468
 318 -43.24022346368713
 5 -41.22905027932961
 190 -39.21787709497207
 344 -37.20670391061452
 511 -35.19553072625698
 102 -33.18435754189943
 66 -31.17318435754188
 156 -29.16201117318434
 12 -27.15083798882682
 62 -25.13966480446928
 717 -23.12849162011173
 156 -21.11731843575419
 47 -19.10614525139664
 12 -17.09497206703909
 47 -15.08379888268155
 172 -13.072625698324
 5 -11.06145251396646
 639 -9.050279329608941
 3 -7.039106145251395
 164 -5.02793296089385
 16 -3.016759776536304
 2 -1.005586592178759
 19 1.005586592178787
 134 3.016759776536333
 2 5.02793296089385
 634 7.039106145251395
 12 9.050279329608941
 144 11.06145251396649
 46 13.07262569832403
 13 15.08379888268158
 64 17.09497206703912
 133 19.10614525139667
 537 21.11731843575421
 64 23.12849162011173
 97 25.13966480446928
 102 27.15083798882682
 51 29.16201117318437
 229 31.17318435754191
 366 33.18435754189946
 256 35.195530726257
 156 37.20670391061452
 39 39.21787709497207
 278 41.22905027932961
 3 43.24022346368716
 123 45.2513966480447
 52 47.26256983240225
 219 49.27374301675979
 78 51.28491620111734
 179 53.29608938547489
 81 55.3072625698324
 139 57.31843575418995
 268 59.32960893854749
 51 61.34078212290504
 115 63.35195530726259
 74 65.36312849162013
 114 67.37430167597768
 50 69.38547486033519
 23 71.39664804469274
 45 73.40782122905028
 6 75.41899441340783
 9 77.43016759776538
 0 79.44134078212289
 1 81.45251396648047
 0 83.46368715083798
 2 85.47486033519556
 9 87.48603351955308
 8328 89.49720670391065
 3 91.50837988826817
 3 93.51955307262574
 1 95.53072625698326
 0 97.54189944134077
 2 99.55307262569835
 12 101.5642458100559
 14 103.5754189944134
 42 105.586592178771
 16 107.5977653631285
 114 109.608938547486
 103 111.6201117318436
 122 113.6312849162011
 1 115.6424581005587
 197 117.6536312849162
 167 119.6648044692737
 90 121.6759776536313
 194 123.6871508379888
 220 125.6983240223464
 67 127.7094972067039
 171 129.7206703910614
 174 131.731843575419
 3 133.7430167597765
 116 135.7541899441341
 178 137.7653631284916
 123 139.7765363128492
 144 141.7877094972067
 504 143.7988826815642
 115 145.8100558659218
 225 147.8212290502793
 45 149.8324022346369
 179 151.8435754189944
 63 153.854748603352
 554 155.8659217877095
 46 157.8770949720671
 161 159.8882681564246
 64 161.8994413407821
 53 163.9106145251397
 17 165.9217877094972
 130 167.9329608938548
 245 169.9441340782123
 369 171.9553072625699
 4 173.9664804469274
 169 175.9776536312849
 3 177.9888268156425
 0 180


