# Created by Octave 3.8.2, Mon Jun 22 05:11:31 2020 CEST <damian@fptrucha.inv.usc.es>
# name: hd
# type: matrix
# rows: 180
# columns: 2
 2 -180
 157 -177.9888268156425
 4 -175.9776536312849
 328 -173.9664804469274
 232 -171.9553072625698
 126 -169.9441340782123
 38 -167.9329608938548
 43 -165.9217877094972
 61 -163.9106145251397
 146 -161.8994413407821
 46 -159.8882681564246
 524 -157.877094972067
 69 -155.8659217877095
 120 -153.854748603352
 41 -151.8435754189944
 58 -149.8324022346369
 200 -147.8212290502793
 513 -145.8100558659218
 121 -143.7988826815642
 77 -141.7877094972067
 170 -139.7765363128491
 119 -137.7653631284916
 4 -135.7541899441341
 160 -133.7430167597765
 164 -131.731843575419
 84 -129.7206703910614
 139 -127.7094972067039
 208 -125.6983240223464
 89 -123.6871508379888
 152 -121.6759776536313
 162 -119.6648044692737
 6 -117.6536312849162
 133 -115.6424581005587
 119 -113.6312849162011
 128 -111.6201117318436
 20 -109.608938547486
 39 -107.5977653631285
 17 -105.5865921787709
 17 -103.5754189944134
 7 -101.5642458100559
 2 -99.55307262569832
 0 -97.54189944134077
 2 -95.53072625698323
 14 -93.5195530726257
 7291 -91.50837988826815
 15 -89.49720670391061
 7 -87.48603351955308
 3 -85.47486033519553
 4 -83.46368715083798
 1 -81.45251396648044
 6 -79.44134078212289
 4 -77.43016759776536
 52 -75.41899441340782
 34 -73.40782122905027
 49 -71.39664804469274
 135 -69.38547486033519
 75 -67.37430167597765
 113 -65.3631284916201
 53 -63.35195530726256
 244 -61.34078212290503
 135 -59.32960893854748
 179 -57.31843575418993
 96 -55.3072625698324
 67 -53.29608938547486
 230 -51.28491620111731
 55 -49.27374301675977
 131 -47.26256983240222
 2 -45.25139664804468
 285 -43.24022346368713
 3 -41.22905027932961
 169 -39.21787709497207
 234 -37.20670391061452
 377 -35.19553072625698
 104 -33.18435754189943
 67 -31.17318435754188
 137 -29.16201117318434
 9 -27.15083798882682
 66 -25.13966480446928
 570 -23.12849162011173
 130 -21.11731843575419
 54 -19.10614525139664
 12 -17.09497206703909
 52 -15.08379888268155
 153 -13.072625698324
 12 -11.06145251396646
 519 -9.050279329608941
 5 -7.039106145251395
 137 -5.02793296089385
 23 -3.016759776536304
 5 -1.005586592178759
 21 1.005586592178787
 137 3.016759776536333
 2 5.02793296089385
 514 7.039106145251395
 12 9.050279329608941
 164 11.06145251396649
 37 13.07262569832403
 10 15.08379888268158
 49 17.09497206703912
 132 19.10614525139667
 480 21.11731843575421
 61 23.12849162011173
 75 25.13966480446928
 108 27.15083798882682
 55 29.16201117318437
 182 31.17318435754191
 302 33.18435754189946
 231 35.195530726257
 141 37.20670391061452
 38 39.21787709497207
 255 41.22905027932961
 3 43.24022346368716
 116 45.2513966480447
 62 47.26256983240225
 206 49.27374301675979
 80 51.28491620111734
 187 53.29608938547489
 73 55.3072625698324
 122 57.31843575418995
 233 59.32960893854749
 47 61.34078212290504
 101 63.35195530726259
 77 65.36312849162013
 99 67.37430167597768
 49 69.38547486033519
 27 71.39664804469274
 39 73.40782122905028
 13 75.41899441340783
 9 77.43016759776538
 2 79.44134078212289
 1 81.45251396648047
 2 83.46368715083798
 4 85.47486033519556
 13 87.48603351955308
 6858 89.49720670391065
 7 91.50837988826817
 4 93.51955307262574
 1 95.53072625698326
 3 97.54189944134077
 4 99.55307262569835
 23 101.5642458100559
 35 103.5754189944134
 31 105.586592178771
 26 107.5977653631285
 102 109.608938547486
 122 111.6201117318436
 132 113.6312849162011
 1 115.6424581005587
 168 117.6536312849162
 150 119.6648044692737
 93 121.6759776536313
 150 123.6871508379888
 158 125.6983240223464
 84 127.7094972067039
 130 129.7206703910614
 187 131.731843575419
 2 133.7430167597765
 112 135.7541899441341
 168 137.7653631284916
 99 139.7765363128492
 122 141.7877094972067
 461 143.7988826815642
 118 145.8100558659218
 184 147.8212290502793
 55 149.8324022346369
 120 151.8435754189944
 79 153.854748603352
 456 155.8659217877095
 52 157.8770949720671
 130 159.8882681564246
 72 161.8994413407821
 42 163.9106145251397
 25 165.9217877094972
 111 167.9329608938548
 200 169.9441340782123
 295 171.9553072625699
 6 173.9664804469274
 157 175.9776536312849
 6 177.9888268156425
 0 180


