# Created by Octave 3.8.2, Sat Jun 20 20:36:56 2020 CEST <damian@fptrucha.inv.usc.es>
# name: hd
# type: matrix
# rows: 180
# columns: 2
 5 -180
 155 -177.9888268156425
 5 -175.9776536312849
 346 -173.9664804469274
 210 -171.9553072625698
 144 -169.9441340782123
 24 -167.9329608938548
 41 -165.9217877094972
 57 -163.9106145251397
 145 -161.8994413407821
 37 -159.8882681564246
 600 -157.877094972067
 60 -155.8659217877095
 118 -153.854748603352
 41 -151.8435754189944
 70 -149.8324022346369
 221 -147.8212290502793
 595 -145.8100558659218
 146 -143.7988826815642
 96 -141.7877094972067
 154 -139.7765363128491
 114 -137.7653631284916
 4 -135.7541899441341
 154 -133.7430167597765
 158 -131.731843575419
 75 -129.7206703910614
 178 -127.7094972067039
 229 -125.6983240223464
 111 -123.6871508379888
 194 -121.6759776536313
 168 -119.6648044692737
 1 -117.6536312849162
 86 -115.6424581005587
 108 -113.6312849162011
 131 -111.6201117318436
 22 -109.608938547486
 30 -107.5977653631285
 21 -105.5865921787709
 10 -103.5754189944134
 7 -101.5642458100559
 0 -99.55307262569832
 0 -97.54189944134077
 1 -95.53072625698323
 3 -93.5195530726257
 8208 -91.50837988826815
 10 -89.49720670391061
 3 -87.48603351955308
 0 -85.47486033519553
 0 -83.46368715083798
 3 -81.45251396648044
 4 -79.44134078212289
 3 -77.43016759776536
 54 -75.41899441340782
 25 -73.40782122905027
 50 -71.39664804469274
 131 -69.38547486033519
 59 -67.37430167597765
 94 -65.3631284916201
 53 -63.35195530726256
 270 -61.34078212290503
 149 -59.32960893854748
 217 -57.31843575418993
 98 -55.3072625698324
 86 -53.29608938547486
 218 -51.28491620111731
 52 -49.27374301675977
 99 -47.26256983240222
 2 -45.25139664804468
 252 -43.24022346368713
 3 -41.22905027932961
 147 -39.21787709497207
 329 -37.20670391061452
 479 -35.19553072625698
 96 -33.18435754189943
 62 -31.17318435754188
 151 -29.16201117318434
 7 -27.15083798882682
 49 -25.13966480446928
 611 -23.12849162011173
 153 -21.11731843575419
 40 -19.10614525139664
 9 -17.09497206703909
 35 -15.08379888268155
 169 -13.072625698324
 7 -11.06145251396646
 571 -9.050279329608941
 4 -7.039106145251395
 127 -5.02793296089385
 12 -3.016759776536304
 3 -1.005586592178759
 15 1.005586592178787
 130 3.016759776536333
 2 5.02793296089385
 565 7.039106145251395
 8 9.050279329608941
 136 11.06145251396649
 45 13.07262569832403
 10 15.08379888268158
 63 17.09497206703912
 113 19.10614525139667
 548 21.11731843575421
 62 23.12849162011173
 103 25.13966480446928
 122 27.15083798882682
 59 29.16201117318437
 233 31.17318435754191
 316 33.18435754189946
 236 35.195530726257
 142 37.20670391061452
 31 39.21787709497207
 281 41.22905027932961
 3 43.24022346368716
 118 45.2513966480447
 54 47.26256983240225
 207 49.27374301675979
 93 51.28491620111734
 180 53.29608938547489
 74 55.3072625698324
 138 57.31843575418995
 253 59.32960893854749
 60 61.34078212290504
 115 63.35195530726259
 66 65.36312849162013
 108 67.37430167597768
 44 69.38547486033519
 25 71.39664804469274
 50 73.40782122905028
 6 75.41899441340783
 10 77.43016759776538
 1 79.44134078212289
 0 81.45251396648047
 0 83.46368715083798
 2 85.47486033519556
 5 87.48603351955308
 7733 89.49720670391065
 3 91.50837988826817
 3 93.51955307262574
 0 95.53072625698326
 1 97.54189944134077
 0 99.55307262569835
 11 101.5642458100559
 20 103.5754189944134
 43 105.586592178771
 26 107.5977653631285
 109 109.608938547486
 132 111.6201117318436
 118 113.6312849162011
 1 115.6424581005587
 182 117.6536312849162
 150 119.6648044692737
 78 121.6759776536313
 164 123.6871508379888
 166 125.6983240223464
 68 127.7094972067039
 166 129.7206703910614
 166 131.731843575419
 5 133.7430167597765
 140 135.7541899441341
 172 137.7653631284916
 105 139.7765363128492
 151 141.7877094972067
 508 143.7988826815642
 105 145.8100558659218
 237 147.8212290502793
 36 149.8324022346369
 142 151.8435754189944
 52 153.854748603352
 482 155.8659217877095
 49 157.8770949720671
 122 159.8882681564246
 54 161.8994413407821
 60 163.9106145251397
 10 165.9217877094972
 147 167.9329608938548
 242 169.9441340782123
 333 171.9553072625699
 3 173.9664804469274
 156 175.9776536312849
 1 177.9888268156425
 0 180


