# Created by Octave 3.8.2, Mon Jun 22 14:06:48 2020 CEST <damian@fptrucha.inv.usc.es>
# name: hd
# type: matrix
# rows: 180
# columns: 2
 4 -180
 184 -177.9888268156425
 2 -175.9776536312849
 368 -173.9664804469274
 231 -171.9553072625698
 150 -169.9441340782123
 30 -167.9329608938548
 38 -165.9217877094972
 77 -163.9106145251397
 143 -161.8994413407821
 41 -159.8882681564246
 544 -157.877094972067
 74 -155.8659217877095
 136 -153.854748603352
 43 -151.8435754189944
 62 -149.8324022346369
 256 -147.8212290502793
 600 -145.8100558659218
 121 -143.7988826815642
 99 -141.7877094972067
 177 -139.7765363128491
 116 -137.7653631284916
 3 -135.7541899441341
 193 -133.7430167597765
 158 -131.731843575419
 68 -129.7206703910614
 172 -127.7094972067039
 211 -125.6983240223464
 119 -123.6871508379888
 185 -121.6759776536313
 193 -119.6648044692737
 6 -117.6536312849162
 130 -115.6424581005587
 141 -113.6312849162011
 113 -111.6201117318436
 23 -109.608938547486
 32 -107.5977653631285
 18 -105.5865921787709
 11 -103.5754189944134
 6 -101.5642458100559
 1 -99.55307262569832
 2 -97.54189944134077
 7 -95.53072625698323
 14 -93.5195530726257
 7971 -91.50837988826815
 9 -89.49720670391061
 6 -87.48603351955308
 4 -85.47486033519553
 1 -83.46368715083798
 3 -81.45251396648044
 4 -79.44134078212289
 12 -77.43016759776536
 59 -75.41899441340782
 30 -73.40782122905027
 45 -71.39664804469274
 113 -69.38547486033519
 76 -67.37430167597765
 107 -65.3631284916201
 66 -63.35195530726256
 285 -61.34078212290503
 141 -59.32960893854748
 184 -57.31843575418993
 99 -55.3072625698324
 58 -53.29608938547486
 220 -51.28491620111731
 60 -49.27374301675977
 109 -47.26256983240222
 5 -45.25139664804468
 291 -43.24022346368713
 4 -41.22905027932961
 157 -39.21787709497207
 289 -37.20670391061452
 430 -35.19553072625698
 104 -33.18435754189943
 73 -31.17318435754188
 174 -29.16201117318434
 14 -27.15083798882682
 62 -25.13966480446928
 570 -23.12849162011173
 123 -21.11731843575419
 71 -19.10614525139664
 21 -17.09497206703909
 35 -15.08379888268155
 158 -13.072625698324
 9 -11.06145251396646
 538 -9.050279329608941
 5 -7.039106145251395
 116 -5.02793296089385
 38 -3.016759776536304
 5 -1.005586592178759
 32 1.005586592178787
 137 3.016759776536333
 3 5.02793296089385
 588 7.039106145251395
 9 9.050279329608941
 152 11.06145251396649
 37 13.07262569832403
 11 15.08379888268158
 52 17.09497206703912
 115 19.10614525139667
 529 21.11731843575421
 65 23.12849162011173
 87 25.13966480446928
 101 27.15083798882682
 60 29.16201117318437
 180 31.17318435754191
 325 33.18435754189946
 260 35.195530726257
 150 37.20670391061452
 35 39.21787709497207
 301 41.22905027932961
 1 43.24022346368716
 134 45.2513966480447
 51 47.26256983240225
 199 49.27374301675979
 88 51.28491620111734
 180 53.29608938547489
 78 55.3072625698324
 177 57.31843575418995
 273 59.32960893854749
 60 61.34078212290504
 131 63.35195530726259
 70 65.36312849162013
 116 67.37430167597768
 52 69.38547486033519
 39 71.39664804469274
 38 73.40782122905028
 6 75.41899441340783
 11 77.43016759776538
 0 79.44134078212289
 3 81.45251396648047
 0 83.46368715083798
 5 85.47486033519556
 13 87.48603351955308
 7670 89.49720670391065
 10 91.50837988826817
 4 93.51955307262574
 2 95.53072625698326
 2 97.54189944134077
 6 99.55307262569835
 20 101.5642458100559
 25 103.5754189944134
 44 105.586592178771
 12 107.5977653631285
 128 109.608938547486
 134 111.6201117318436
 161 113.6312849162011
 4 115.6424581005587
 224 117.6536312849162
 181 119.6648044692737
 107 121.6759776536313
 165 123.6871508379888
 143 125.6983240223464
 88 127.7094972067039
 181 129.7206703910614
 203 131.731843575419
 2 133.7430167597765
 117 135.7541899441341
 189 137.7653631284916
 114 139.7765363128492
 139 141.7877094972067
 472 143.7988826815642
 111 145.8100558659218
 163 147.8212290502793
 51 149.8324022346369
 145 151.8435754189944
 68 153.854748603352
 508 155.8659217877095
 59 157.8770949720671
 154 159.8882681564246
 69 161.8994413407821
 43 163.9106145251397
 18 165.9217877094972
 155 167.9329608938548
 250 169.9441340782123
 380 171.9553072625699
 7 173.9664804469274
 157 175.9776536312849
 2 177.9888268156425
 0 180


