# Created by Octave 3.8.2, Sat Jun 20 22:19:15 2020 CEST <damian@fptrucha.inv.usc.es>
# name: hd
# type: matrix
# rows: 180
# columns: 2
 0 -180
 144 -177.9888268156425
 2 -175.9776536312849
 350 -173.9664804469274
 217 -171.9553072625698
 171 -169.9441340782123
 28 -167.9329608938548
 22 -165.9217877094972
 53 -163.9106145251397
 166 -161.8994413407821
 43 -159.8882681564246
 595 -157.877094972067
 52 -155.8659217877095
 116 -153.854748603352
 42 -151.8435754189944
 60 -149.8324022346369
 183 -147.8212290502793
 646 -145.8100558659218
 111 -143.7988826815642
 100 -141.7877094972067
 151 -139.7765363128491
 88 -137.7653631284916
 0 -135.7541899441341
 143 -133.7430167597765
 131 -131.731843575419
 74 -129.7206703910614
 171 -127.7094972067039
 224 -125.6983240223464
 108 -123.6871508379888
 193 -121.6759776536313
 178 -119.6648044692737
 1 -117.6536312849162
 96 -115.6424581005587
 114 -113.6312849162011
 136 -111.6201117318436
 18 -109.608938547486
 38 -107.5977653631285
 23 -105.5865921787709
 9 -103.5754189944134
 5 -101.5642458100559
 0 -99.55307262569832
 1 -97.54189944134077
 2 -95.53072625698323
 4 -93.5195530726257
 7967 -91.50837988826815
 5 -89.49720670391061
 2 -87.48603351955308
 2 -85.47486033519553
 0 -83.46368715083798
 4 -81.45251396648044
 3 -79.44134078212289
 4 -77.43016759776536
 30 -75.41899441340782
 24 -73.40782122905027
 47 -71.39664804469274
 100 -69.38547486033519
 65 -67.37430167597765
 85 -65.3631284916201
 43 -63.35195530726256
 258 -61.34078212290503
 145 -59.32960893854748
 219 -57.31843575418993
 90 -55.3072625698324
 93 -53.29608938547486
 209 -51.28491620111731
 37 -49.27374301675977
 114 -47.26256983240222
 0 -45.25139664804468
 253 -43.24022346368713
 4 -41.22905027932961
 138 -39.21787709497207
 329 -37.20670391061452
 438 -35.19553072625698
 116 -33.18435754189943
 53 -31.17318435754188
 133 -29.16201117318434
 5 -27.15083798882682
 44 -25.13966480446928
 668 -23.12849162011173
 142 -21.11731843575419
 51 -19.10614525139664
 13 -17.09497206703909
 35 -15.08379888268155
 181 -13.072625698324
 8 -11.06145251396646
 549 -9.050279329608941
 1 -7.039106145251395
 141 -5.02793296089385
 15 -3.016759776536304
 2 -1.005586592178759
 24 1.005586592178787
 134 3.016759776536333
 3 5.02793296089385
 542 7.039106145251395
 9 9.050279329608941
 107 11.06145251396649
 53 13.07262569832403
 12 15.08379888268158
 53 17.09497206703912
 112 19.10614525139667
 552 21.11731843575421
 64 23.12849162011173
 101 25.13966480446928
 101 27.15083798882682
 63 29.16201117318437
 247 31.17318435754191
 300 33.18435754189946
 232 35.195530726257
 179 37.20670391061452
 26 39.21787709497207
 273 41.22905027932961
 0 43.24022346368716
 109 45.2513966480447
 56 47.26256983240225
 217 49.27374301675979
 81 51.28491620111734
 206 53.29608938547489
 77 55.3072625698324
 142 57.31843575418995
 257 59.32960893854749
 64 61.34078212290504
 110 63.35195530726259
 62 65.36312849162013
 116 67.37430167597768
 59 69.38547486033519
 29 71.39664804469274
 40 73.40782122905028
 5 75.41899441340783
 7 77.43016759776538
 3 79.44134078212289
 2 81.45251396648047
 1 83.46368715083798
 4 85.47486033519556
 12 87.48603351955308
 7680 89.49720670391065
 4 91.50837988826817
 3 93.51955307262574
 1 95.53072625698326
 3 97.54189944134077
 1 99.55307262569835
 21 101.5642458100559
 30 103.5754189944134
 26 105.586592178771
 26 107.5977653631285
 118 109.608938547486
 114 111.6201117318436
 127 113.6312849162011
 1 115.6424581005587
 191 117.6536312849162
 163 119.6648044692737
 94 121.6759776536313
 176 123.6871508379888
 216 125.6983240223464
 66 127.7094972067039
 167 129.7206703910614
 165 131.731843575419
 2 133.7430167597765
 120 135.7541899441341
 162 137.7653631284916
 95 139.7765363128492
 139 141.7877094972067
 492 143.7988826815642
 132 145.8100558659218
 220 147.8212290502793
 42 149.8324022346369
 143 151.8435754189944
 57 153.854748603352
 460 155.8659217877095
 42 157.8770949720671
 124 159.8882681564246
 74 161.8994413407821
 55 163.9106145251397
 14 165.9217877094972
 109 167.9329608938548
 193 169.9441340782123
 323 171.9553072625699
 3 173.9664804469274
 145 175.9776536312849
 1 177.9888268156425
 0 180


