# Created by Octave 3.8.2, Sat Jun 20 02:25:34 2020 CEST <damian@fptrucha.inv.usc.es>
# name: hd
# type: matrix
# rows: 180
# columns: 2
 4 -180
 171 -177.9888268156425
 6 -175.9776536312849
 376 -173.9664804469274
 253 -171.9553072625698
 169 -169.9441340782123
 26 -167.9329608938548
 37 -165.9217877094972
 65 -163.9106145251397
 154 -161.8994413407821
 36 -159.8882681564246
 728 -157.877094972067
 66 -155.8659217877095
 133 -153.854748603352
 41 -151.8435754189944
 85 -149.8324022346369
 279 -147.8212290502793
 697 -145.8100558659218
 144 -143.7988826815642
 112 -141.7877094972067
 212 -139.7765363128491
 110 -137.7653631284916
 3 -135.7541899441341
 203 -133.7430167597765
 160 -131.731843575419
 81 -129.7206703910614
 202 -127.7094972067039
 264 -125.6983240223464
 113 -123.6871508379888
 192 -121.6759776536313
 217 -119.6648044692737
 7 -117.6536312849162
 114 -115.6424581005587
 156 -113.6312849162011
 128 -111.6201117318436
 21 -109.608938547486
 32 -107.5977653631285
 19 -105.5865921787709
 9 -103.5754189944134
 1 -101.5642458100559
 1 -99.55307262569832
 0 -97.54189944134077
 1 -95.53072625698323
 4 -93.5195530726257
 9188 -91.50837988826815
 8 -89.49720670391061
 1 -87.48603351955308
 0 -85.47486033519553
 0 -83.46368715083798
 1 -81.45251396648044
 6 -79.44134078212289
 1 -77.43016759776536
 56 -75.41899441340782
 29 -73.40782122905027
 70 -71.39664804469274
 142 -69.38547486033519
 73 -67.37430167597765
 120 -65.3631284916201
 59 -63.35195530726256
 301 -61.34078212290503
 175 -59.32960893854748
 228 -57.31843575418993
 122 -55.3072625698324
 98 -53.29608938547486
 216 -51.28491620111731
 68 -49.27374301675977
 110 -47.26256983240222
 0 -45.25139664804468
 295 -43.24022346368713
 5 -41.22905027932961
 161 -39.21787709497207
 317 -37.20670391061452
 516 -35.19553072625698
 129 -33.18435754189943
 56 -31.17318435754188
 150 -29.16201117318434
 4 -27.15083798882682
 68 -25.13966480446928
 644 -23.12849162011173
 153 -21.11731843575419
 49 -19.10614525139664
 13 -17.09497206703909
 37 -15.08379888268155
 168 -13.072625698324
 7 -11.06145251396646
 624 -9.050279329608941
 1 -7.039106145251395
 123 -5.02793296089385
 16 -3.016759776536304
 3 -1.005586592178759
 25 1.005586592178787
 115 3.016759776536333
 2 5.02793296089385
 571 7.039106145251395
 10 9.050279329608941
 129 11.06145251396649
 54 13.07262569832403
 9 15.08379888268158
 65 17.09497206703912
 142 19.10614525139667
 545 21.11731843575421
 51 23.12849162011173
 96 25.13966480446928
 90 27.15083798882682
 58 29.16201117318437
 221 31.17318435754191
 327 33.18435754189946
 258 35.195530726257
 169 37.20670391061452
 31 39.21787709497207
 275 41.22905027932961
 2 43.24022346368716
 115 45.2513966480447
 72 47.26256983240225
 221 49.27374301675979
 97 51.28491620111734
 199 53.29608938547489
 76 55.3072625698324
 121 57.31843575418995
 274 59.32960893854749
 53 61.34078212290504
 118 63.35195530726259
 82 65.36312849162013
 124 67.37430167597768
 50 69.38547486033519
 29 71.39664804469274
 40 73.40782122905028
 10 75.41899441340783
 10 77.43016759776538
 0 79.44134078212289
 0 81.45251396648047
 0 83.46368715083798
 1 85.47486033519556
 7 87.48603351955308
 8003 89.49720670391065
 7 91.50837988826817
 2 93.51955307262574
 1 95.53072625698326
 0 97.54189944134077
 0 99.55307262569835
 7 101.5642458100559
 15 103.5754189944134
 25 105.586592178771
 22 107.5977653631285
 113 109.608938547486
 123 111.6201117318436
 122 113.6312849162011
 2 115.6424581005587
 185 117.6536312849162
 147 119.6648044692737
 80 121.6759776536313
 184 123.6871508379888
 189 125.6983240223464
 73 127.7094972067039
 159 129.7206703910614
 184 131.731843575419
 3 133.7430167597765
 127 135.7541899441341
 171 137.7653631284916
 84 139.7765363128492
 144 141.7877094972067
 563 143.7988826815642
 146 145.8100558659218
 207 147.8212290502793
 48 149.8324022346369
 163 151.8435754189944
 69 153.854748603352
 514 155.8659217877095
 54 157.8770949720671
 150 159.8882681564246
 65 161.8994413407821
 48 163.9106145251397
 18 165.9217877094972
 126 167.9329608938548
 240 169.9441340782123
 377 171.9553072625699
 2 173.9664804469274
 143 175.9776536312849
 3 177.9888268156425
 0 180


