# Created by Octave 3.8.2, Sat Jun 20 07:41:59 2020 CEST <damian@fptrucha.inv.usc.es>
# name: hd
# type: matrix
# rows: 180
# columns: 2
 4 -180
 155 -177.9888268156425
 6 -175.9776536312849
 452 -173.9664804469274
 243 -171.9553072625698
 177 -169.9441340782123
 40 -167.9329608938548
 39 -165.9217877094972
 76 -163.9106145251397
 191 -161.8994413407821
 44 -159.8882681564246
 675 -157.877094972067
 70 -155.8659217877095
 139 -153.854748603352
 50 -151.8435754189944
 78 -149.8324022346369
 235 -147.8212290502793
 736 -145.8100558659218
 169 -143.7988826815642
 105 -141.7877094972067
 204 -139.7765363128491
 125 -137.7653631284916
 3 -135.7541899441341
 194 -133.7430167597765
 200 -131.731843575419
 80 -129.7206703910614
 214 -127.7094972067039
 250 -125.6983240223464
 113 -123.6871508379888
 234 -121.6759776536313
 200 -119.6648044692737
 3 -117.6536312849162
 137 -115.6424581005587
 153 -113.6312849162011
 166 -111.6201117318436
 17 -109.608938547486
 50 -107.5977653631285
 26 -105.5865921787709
 18 -103.5754189944134
 0 -101.5642458100559
 1 -99.55307262569832
 1 -97.54189944134077
 1 -95.53072625698323
 3 -93.5195530726257
 9325 -91.50837988826815
 17 -89.49720670391061
 2 -87.48603351955308
 0 -85.47486033519553
 0 -83.46368715083798
 3 -81.45251396648044
 6 -79.44134078212289
 10 -77.43016759776536
 60 -75.41899441340782
 32 -73.40782122905027
 69 -71.39664804469274
 145 -69.38547486033519
 98 -67.37430167597765
 98 -65.3631284916201
 44 -63.35195530726256
 328 -61.34078212290503
 184 -59.32960893854748
 244 -57.31843575418993
 119 -55.3072625698324
 108 -53.29608938547486
 273 -51.28491620111731
 72 -49.27374301675977
 100 -47.26256983240222
 1 -45.25139664804468
 332 -43.24022346368713
 5 -41.22905027932961
 172 -39.21787709497207
 371 -37.20670391061452
 518 -35.19553072625698
 144 -33.18435754189943
 58 -31.17318435754188
 182 -29.16201117318434
 13 -27.15083798882682
 68 -25.13966480446928
 700 -23.12849162011173
 160 -21.11731843575419
 68 -19.10614525139664
 7 -17.09497206703909
 50 -15.08379888268155
 201 -13.072625698324
 10 -11.06145251396646
 591 -9.050279329608941
 2 -7.039106145251395
 146 -5.02793296089385
 27 -3.016759776536304
 1 -1.005586592178759
 33 1.005586592178787
 143 3.016759776536333
 0 5.02793296089385
 633 7.039106145251395
 6 9.050279329608941
 145 11.06145251396649
 58 13.07262569832403
 9 15.08379888268158
 68 17.09497206703912
 118 19.10614525139667
 581 21.11731843575421
 63 23.12849162011173
 101 25.13966480446928
 114 27.15083798882682
 59 29.16201117318437
 230 31.17318435754191
 301 33.18435754189946
 257 35.195530726257
 153 37.20670391061452
 24 39.21787709497207
 300 41.22905027932961
 2 43.24022346368716
 122 45.2513966480447
 59 47.26256983240225
 234 49.27374301675979
 78 51.28491620111734
 204 53.29608938547489
 98 55.3072625698324
 150 57.31843575418995
 259 59.32960893854749
 57 61.34078212290504
 117 63.35195530726259
 80 65.36312849162013
 128 67.37430167597768
 46 69.38547486033519
 33 71.39664804469274
 45 73.40782122905028
 9 75.41899441340783
 13 77.43016759776538
 0 79.44134078212289
 1 81.45251396648047
 2 83.46368715083798
 4 85.47486033519556
 15 87.48603351955308
 8572 89.49720670391065
 4 91.50837988826817
 4 93.51955307262574
 1 95.53072625698326
 1 97.54189944134077
 3 99.55307262569835
 20 101.5642458100559
 26 103.5754189944134
 45 105.586592178771
 22 107.5977653631285
 120 109.608938547486
 134 111.6201117318436
 129 113.6312849162011
 3 115.6424581005587
 214 117.6536312849162
 187 119.6648044692737
 93 121.6759776536313
 186 123.6871508379888
 206 125.6983240223464
 77 127.7094972067039
 159 129.7206703910614
 201 131.731843575419
 0 133.7430167597765
 140 135.7541899441341
 178 137.7653631284916
 124 139.7765363128492
 173 141.7877094972067
 550 143.7988826815642
 133 145.8100558659218
 241 147.8212290502793
 41 149.8324022346369
 163 151.8435754189944
 67 153.854748603352
 534 155.8659217877095
 61 157.8770949720671
 145 159.8882681564246
 71 161.8994413407821
 45 163.9106145251397
 11 165.9217877094972
 153 167.9329608938548
 227 169.9441340782123
 417 171.9553072625699
 5 173.9664804469274
 163 175.9776536312849
 1 177.9888268156425
 0 180


