# Created by Octave 3.8.2, Sun Jun 21 02:41:16 2020 CEST <damian@fptrucha.inv.usc.es>
# name: hd
# type: matrix
# rows: 180
# columns: 2
 2 -180
 166 -177.9888268156425
 2 -175.9776536312849
 364 -173.9664804469274
 236 -171.9553072625698
 164 -169.9441340782123
 35 -167.9329608938548
 30 -165.9217877094972
 52 -163.9106145251397
 188 -161.8994413407821
 42 -159.8882681564246
 631 -157.877094972067
 62 -155.8659217877095
 101 -153.854748603352
 47 -151.8435754189944
 57 -149.8324022346369
 231 -147.8212290502793
 632 -145.8100558659218
 116 -143.7988826815642
 81 -141.7877094972067
 156 -139.7765363128491
 100 -137.7653631284916
 2 -135.7541899441341
 154 -133.7430167597765
 141 -131.731843575419
 59 -129.7206703910614
 197 -127.7094972067039
 196 -125.6983240223464
 108 -123.6871508379888
 197 -121.6759776536313
 163 -119.6648044692737
 2 -117.6536312849162
 98 -115.6424581005587
 121 -113.6312849162011
 108 -111.6201117318436
 14 -109.608938547486
 32 -107.5977653631285
 28 -105.5865921787709
 14 -103.5754189944134
 1 -101.5642458100559
 1 -99.55307262569832
 0 -97.54189944134077
 2 -95.53072625698323
 4 -93.5195530726257
 8074 -91.50837988826815
 14 -89.49720670391061
 6 -87.48603351955308
 1 -85.47486033519553
 0 -83.46368715083798
 0 -81.45251396648044
 10 -79.44134078212289
 7 -77.43016759776536
 57 -75.41899441340782
 17 -73.40782122905027
 47 -71.39664804469274
 117 -69.38547486033519
 73 -67.37430167597765
 81 -65.3631284916201
 47 -63.35195530726256
 291 -61.34078212290503
 137 -59.32960893854748
 208 -57.31843575418993
 101 -55.3072625698324
 62 -53.29608938547486
 232 -51.28491620111731
 43 -49.27374301675977
 99 -47.26256983240222
 1 -45.25139664804468
 267 -43.24022346368713
 0 -41.22905027932961
 155 -39.21787709497207
 310 -37.20670391061452
 452 -35.19553072625698
 134 -33.18435754189943
 55 -31.17318435754188
 138 -29.16201117318434
 12 -27.15083798882682
 54 -25.13966480446928
 634 -23.12849162011173
 126 -21.11731843575419
 60 -19.10614525139664
 7 -17.09497206703909
 37 -15.08379888268155
 156 -13.072625698324
 7 -11.06145251396646
 553 -9.050279329608941
 4 -7.039106145251395
 117 -5.02793296089385
 14 -3.016759776536304
 0 -1.005586592178759
 15 1.005586592178787
 131 3.016759776536333
 3 5.02793296089385
 535 7.039106145251395
 4 9.050279329608941
 147 11.06145251396649
 57 13.07262569832403
 9 15.08379888268158
 54 17.09497206703912
 104 19.10614525139667
 472 21.11731843575421
 55 23.12849162011173
 100 25.13966480446928
 89 27.15083798882682
 65 29.16201117318437
 220 31.17318435754191
 307 33.18435754189946
 229 35.195530726257
 160 37.20670391061452
 25 39.21787709497207
 268 41.22905027932961
 1 43.24022346368716
 94 45.2513966480447
 60 47.26256983240225
 198 49.27374301675979
 85 51.28491620111734
 138 53.29608938547489
 73 55.3072625698324
 125 57.31843575418995
 223 59.32960893854749
 50 61.34078212290504
 98 63.35195530726259
 71 65.36312849162013
 106 67.37430167597768
 34 69.38547486033519
 28 71.39664804469274
 50 73.40782122905028
 9 75.41899441340783
 8 77.43016759776538
 3 79.44134078212289
 0 81.45251396648047
 2 83.46368715083798
 4 85.47486033519556
 11 87.48603351955308
 7393 89.49720670391065
 4 91.50837988826817
 4 93.51955307262574
 1 95.53072625698326
 0 97.54189944134077
 2 99.55307262569835
 17 101.5642458100559
 24 103.5754189944134
 29 105.586592178771
 15 107.5977653631285
 103 109.608938547486
 122 111.6201117318436
 105 113.6312849162011
 2 115.6424581005587
 202 117.6536312849162
 147 119.6648044692737
 73 121.6759776536313
 167 123.6871508379888
 177 125.6983240223464
 88 127.7094972067039
 160 129.7206703910614
 185 131.731843575419
 1 133.7430167597765
 102 135.7541899441341
 173 137.7653631284916
 83 139.7765363128492
 129 141.7877094972067
 455 143.7988826815642
 121 145.8100558659218
 194 147.8212290502793
 42 149.8324022346369
 154 151.8435754189944
 53 153.854748603352
 464 155.8659217877095
 37 157.8770949720671
 106 159.8882681564246
 59 161.8994413407821
 38 163.9106145251397
 16 165.9217877094972
 121 167.9329608938548
 213 169.9441340782123
 299 171.9553072625699
 5 173.9664804469274
 162 175.9776536312849
 4 177.9888268156425
 0 180


