# Created by Octave 3.8.2, Mon Jun 22 11:30:01 2020 CEST <damian@fptrucha.inv.usc.es>
# name: hd
# type: matrix
# rows: 180
# columns: 2
 3 -180
 186 -177.9888268156425
 4 -175.9776536312849
 346 -173.9664804469274
 227 -171.9553072625698
 144 -169.9441340782123
 31 -167.9329608938548
 46 -165.9217877094972
 64 -163.9106145251397
 146 -161.8994413407821
 41 -159.8882681564246
 589 -157.877094972067
 74 -155.8659217877095
 115 -153.854748603352
 46 -151.8435754189944
 58 -149.8324022346369
 239 -147.8212290502793
 609 -145.8100558659218
 130 -143.7988826815642
 96 -141.7877094972067
 197 -139.7765363128491
 116 -137.7653631284916
 3 -135.7541899441341
 172 -133.7430167597765
 146 -131.731843575419
 77 -129.7206703910614
 158 -127.7094972067039
 220 -125.6983240223464
 88 -123.6871508379888
 170 -121.6759776536313
 206 -119.6648044692737
 5 -117.6536312849162
 103 -115.6424581005587
 129 -113.6312849162011
 109 -111.6201117318436
 21 -109.608938547486
 35 -107.5977653631285
 17 -105.5865921787709
 11 -103.5754189944134
 3 -101.5642458100559
 4 -99.55307262569832
 1 -97.54189944134077
 2 -95.53072625698323
 5 -93.5195530726257
 7781 -91.50837988826815
 17 -89.49720670391061
 5 -87.48603351955308
 3 -85.47486033519553
 0 -83.46368715083798
 5 -81.45251396648044
 5 -79.44134078212289
 9 -77.43016759776536
 43 -75.41899441340782
 36 -73.40782122905027
 61 -71.39664804469274
 93 -69.38547486033519
 68 -67.37430167597765
 114 -65.3631284916201
 65 -63.35195530726256
 239 -61.34078212290503
 144 -59.32960893854748
 208 -57.31843575418993
 103 -55.3072625698324
 74 -53.29608938547486
 237 -51.28491620111731
 60 -49.27374301675977
 119 -47.26256983240222
 3 -45.25139664804468
 265 -43.24022346368713
 5 -41.22905027932961
 158 -39.21787709497207
 276 -37.20670391061452
 411 -35.19553072625698
 118 -33.18435754189943
 68 -31.17318435754188
 158 -29.16201117318434
 14 -27.15083798882682
 63 -25.13966480446928
 582 -23.12849162011173
 145 -21.11731843575419
 62 -19.10614525139664
 9 -17.09497206703909
 53 -15.08379888268155
 139 -13.072625698324
 9 -11.06145251396646
 563 -9.050279329608941
 3 -7.039106145251395
 124 -5.02793296089385
 22 -3.016759776536304
 1 -1.005586592178759
 17 1.005586592178787
 116 3.016759776536333
 6 5.02793296089385
 540 7.039106145251395
 7 9.050279329608941
 151 11.06145251396649
 34 13.07262569832403
 11 15.08379888268158
 51 17.09497206703912
 118 19.10614525139667
 511 21.11731843575421
 53 23.12849162011173
 61 25.13966480446928
 103 27.15083798882682
 62 29.16201117318437
 207 31.17318435754191
 326 33.18435754189946
 220 35.195530726257
 136 37.20670391061452
 52 39.21787709497207
 277 41.22905027932961
 1 43.24022346368716
 126 45.2513966480447
 60 47.26256983240225
 223 49.27374301675979
 77 51.28491620111734
 194 53.29608938547489
 80 55.3072625698324
 150 57.31843575418995
 246 59.32960893854749
 44 61.34078212290504
 112 63.35195530726259
 59 65.36312849162013
 104 67.37430167597768
 54 69.38547486033519
 38 71.39664804469274
 53 73.40782122905028
 11 75.41899441340783
 13 77.43016759776538
 6 79.44134078212289
 0 81.45251396648047
 3 83.46368715083798
 5 85.47486033519556
 19 87.48603351955308
 7523 89.49720670391065
 9 91.50837988826817
 4 93.51955307262574
 0 95.53072625698326
 1 97.54189944134077
 4 99.55307262569835
 20 101.5642458100559
 30 103.5754189944134
 53 105.586592178771
 21 107.5977653631285
 117 109.608938547486
 133 111.6201117318436
 142 113.6312849162011
 5 115.6424581005587
 214 117.6536312849162
 170 119.6648044692737
 91 121.6759776536313
 192 123.6871508379888
 166 125.6983240223464
 89 127.7094972067039
 148 129.7206703910614
 188 131.731843575419
 2 133.7430167597765
 123 135.7541899441341
 182 137.7653631284916
 89 139.7765363128492
 132 141.7877094972067
 534 143.7988826815642
 106 145.8100558659218
 200 147.8212290502793
 48 149.8324022346369
 141 151.8435754189944
 58 153.854748603352
 511 155.8659217877095
 42 157.8770949720671
 130 159.8882681564246
 73 161.8994413407821
 40 163.9106145251397
 14 165.9217877094972
 160 167.9329608938548
 230 169.9441340782123
 333 171.9553072625699
 0 173.9664804469274
 162 175.9776536312849
 4 177.9888268156425
 0 180


