# Created by Octave 3.8.2, Sat Jun 20 21:08:17 2020 CEST <damian@fptrucha.inv.usc.es>
# name: hd
# type: matrix
# rows: 180
# columns: 2
 2 -180
 168 -177.9888268156425
 6 -175.9776536312849
 376 -173.9664804469274
 245 -171.9553072625698
 162 -169.9441340782123
 30 -167.9329608938548
 42 -165.9217877094972
 63 -163.9106145251397
 161 -161.8994413407821
 29 -159.8882681564246
 655 -157.877094972067
 51 -155.8659217877095
 101 -153.854748603352
 42 -151.8435754189944
 56 -149.8324022346369
 203 -147.8212290502793
 584 -145.8100558659218
 131 -143.7988826815642
 78 -141.7877094972067
 177 -139.7765363128491
 96 -137.7653631284916
 1 -135.7541899441341
 142 -133.7430167597765
 163 -131.731843575419
 80 -129.7206703910614
 156 -127.7094972067039
 215 -125.6983240223464
 94 -123.6871508379888
 195 -121.6759776536313
 186 -119.6648044692737
 0 -117.6536312849162
 89 -115.6424581005587
 99 -113.6312849162011
 112 -111.6201117318436
 18 -109.608938547486
 30 -107.5977653631285
 32 -105.5865921787709
 6 -103.5754189944134
 0 -101.5642458100559
 1 -99.55307262569832
 0 -97.54189944134077
 2 -95.53072625698323
 4 -93.5195530726257
 8006 -91.50837988826815
 14 -89.49720670391061
 3 -87.48603351955308
 1 -85.47486033519553
 0 -83.46368715083798
 3 -81.45251396648044
 4 -79.44134078212289
 1 -77.43016759776536
 39 -75.41899441340782
 15 -73.40782122905027
 50 -71.39664804469274
 104 -69.38547486033519
 71 -67.37430167597765
 97 -65.3631284916201
 48 -63.35195530726256
 259 -61.34078212290503
 190 -59.32960893854748
 230 -57.31843575418993
 100 -55.3072625698324
 91 -53.29608938547486
 227 -51.28491620111731
 50 -49.27374301675977
 85 -47.26256983240222
 0 -45.25139664804468
 256 -43.24022346368713
 2 -41.22905027932961
 128 -39.21787709497207
 283 -37.20670391061452
 456 -35.19553072625698
 110 -33.18435754189943
 56 -31.17318435754188
 140 -29.16201117318434
 10 -27.15083798882682
 49 -25.13966480446928
 679 -23.12849162011173
 153 -21.11731843575419
 47 -19.10614525139664
 9 -17.09497206703909
 35 -15.08379888268155
 175 -13.072625698324
 5 -11.06145251396646
 560 -9.050279329608941
 4 -7.039106145251395
 112 -5.02793296089385
 19 -3.016759776536304
 1 -1.005586592178759
 18 1.005586592178787
 112 3.016759776536333
 4 5.02793296089385
 562 7.039106145251395
 6 9.050279329608941
 130 11.06145251396649
 38 13.07262569832403
 9 15.08379888268158
 52 17.09497206703912
 130 19.10614525139667
 511 21.11731843575421
 65 23.12849162011173
 78 25.13966480446928
 98 27.15083798882682
 52 29.16201117318437
 231 31.17318435754191
 321 33.18435754189946
 202 35.195530726257
 154 37.20670391061452
 32 39.21787709497207
 271 41.22905027932961
 0 43.24022346368716
 129 45.2513966480447
 68 47.26256983240225
 208 49.27374301675979
 77 51.28491620111734
 201 53.29608938547489
 73 55.3072625698324
 115 57.31843575418995
 264 59.32960893854749
 72 61.34078212290504
 131 63.35195530726259
 81 65.36312849162013
 84 67.37430167597768
 43 69.38547486033519
 29 71.39664804469274
 43 73.40782122905028
 8 75.41899441340783
 4 77.43016759776538
 3 79.44134078212289
 0 81.45251396648047
 1 83.46368715083798
 3 85.47486033519556
 10 87.48603351955308
 7656 89.49720670391065
 4 91.50837988826817
 3 93.51955307262574
 1 95.53072625698326
 0 97.54189944134077
 2 99.55307262569835
 12 101.5642458100559
 19 103.5754189944134
 37 105.586592178771
 27 107.5977653631285
 96 109.608938547486
 96 111.6201117318436
 129 113.6312849162011
 4 115.6424581005587
 217 117.6536312849162
 165 119.6648044692737
 83 121.6759776536313
 172 123.6871508379888
 200 125.6983240223464
 86 127.7094972067039
 173 129.7206703910614
 145 131.731843575419
 3 133.7430167597765
 106 135.7541899441341
 180 137.7653631284916
 90 139.7765363128492
 143 141.7877094972067
 439 143.7988826815642
 108 145.8100558659218
 209 147.8212290502793
 41 149.8324022346369
 147 151.8435754189944
 66 153.854748603352
 471 155.8659217877095
 46 157.8770949720671
 116 159.8882681564246
 68 161.8994413407821
 43 163.9106145251397
 19 165.9217877094972
 111 167.9329608938548
 237 169.9441340782123
 332 171.9553072625699
 3 173.9664804469274
 158 175.9776536312849
 8 177.9888268156425
 0 180


