# Created by Octave 3.8.2, Mon Jun 22 07:24:23 2020 CEST <damian@fptrucha.inv.usc.es>
# name: hd
# type: matrix
# rows: 180
# columns: 2
 4 -180
 160 -177.9888268156425
 2 -175.9776536312849
 367 -173.9664804469274
 237 -171.9553072625698
 117 -169.9441340782123
 19 -167.9329608938548
 55 -165.9217877094972
 73 -163.9106145251397
 166 -161.8994413407821
 41 -159.8882681564246
 540 -157.877094972067
 77 -155.8659217877095
 120 -153.854748603352
 36 -151.8435754189944
 86 -149.8324022346369
 221 -147.8212290502793
 570 -145.8100558659218
 106 -143.7988826815642
 81 -141.7877094972067
 169 -139.7765363128491
 129 -137.7653631284916
 7 -135.7541899441341
 153 -133.7430167597765
 165 -131.731843575419
 76 -129.7206703910614
 175 -127.7094972067039
 209 -125.6983240223464
 101 -123.6871508379888
 181 -121.6759776536313
 171 -119.6648044692737
 8 -117.6536312849162
 130 -115.6424581005587
 106 -113.6312849162011
 104 -111.6201117318436
 24 -109.608938547486
 43 -107.5977653631285
 21 -105.5865921787709
 18 -103.5754189944134
 4 -101.5642458100559
 0 -99.55307262569832
 1 -97.54189944134077
 2 -95.53072625698323
 5 -93.5195530726257
 7365 -91.50837988826815
 13 -89.49720670391061
 5 -87.48603351955308
 2 -85.47486033519553
 2 -83.46368715083798
 4 -81.45251396648044
 9 -79.44134078212289
 8 -77.43016759776536
 46 -75.41899441340782
 39 -73.40782122905027
 41 -71.39664804469274
 86 -69.38547486033519
 66 -67.37430167597765
 112 -65.3631284916201
 67 -63.35195530726256
 272 -61.34078212290503
 145 -59.32960893854748
 189 -57.31843575418993
 82 -55.3072625698324
 80 -53.29608938547486
 196 -51.28491620111731
 55 -49.27374301675977
 123 -47.26256983240222
 3 -45.25139664804468
 304 -43.24022346368713
 4 -41.22905027932961
 164 -39.21787709497207
 300 -37.20670391061452
 424 -35.19553072625698
 116 -33.18435754189943
 67 -31.17318435754188
 143 -29.16201117318434
 11 -27.15083798882682
 43 -25.13966480446928
 549 -23.12849162011173
 121 -21.11731843575419
 67 -19.10614525139664
 8 -17.09497206703909
 53 -15.08379888268155
 135 -13.072625698324
 8 -11.06145251396646
 553 -9.050279329608941
 3 -7.039106145251395
 138 -5.02793296089385
 22 -3.016759776536304
 5 -1.005586592178759
 17 1.005586592178787
 129 3.016759776536333
 1 5.02793296089385
 561 7.039106145251395
 15 9.050279329608941
 154 11.06145251396649
 60 13.07262569832403
 9 15.08379888268158
 47 17.09497206703912
 120 19.10614525139667
 497 21.11731843575421
 58 23.12849162011173
 77 25.13966480446928
 96 27.15083798882682
 54 29.16201117318437
 170 31.17318435754191
 319 33.18435754189946
 230 35.195530726257
 162 37.20670391061452
 40 39.21787709497207
 253 41.22905027932961
 3 43.24022346368716
 96 45.2513966480447
 55 47.26256983240225
 233 49.27374301675979
 81 51.28491620111734
 191 53.29608938547489
 82 55.3072625698324
 158 57.31843575418995
 260 59.32960893854749
 67 61.34078212290504
 128 63.35195530726259
 85 65.36312849162013
 104 67.37430167597768
 34 69.38547486033519
 29 71.39664804469274
 57 73.40782122905028
 12 75.41899441340783
 11 77.43016759776538
 2 79.44134078212289
 0 81.45251396648047
 0 83.46368715083798
 6 85.47486033519556
 19 87.48603351955308
 7154 89.49720670391065
 12 91.50837988826817
 5 93.51955307262574
 3 95.53072625698326
 2 97.54189944134077
 2 99.55307262569835
 17 101.5642458100559
 25 103.5754189944134
 42 105.586592178771
 20 107.5977653631285
 115 109.608938547486
 128 111.6201117318436
 101 113.6312849162011
 2 115.6424581005587
 193 117.6536312849162
 152 119.6648044692737
 98 121.6759776536313
 192 123.6871508379888
 186 125.6983240223464
 66 127.7094972067039
 161 129.7206703910614
 185 131.731843575419
 5 133.7430167597765
 92 135.7541899441341
 199 137.7653631284916
 90 139.7765363128492
 146 141.7877094972067
 456 143.7988826815642
 115 145.8100558659218
 186 147.8212290502793
 49 149.8324022346369
 112 151.8435754189944
 64 153.854748603352
 511 155.8659217877095
 37 157.8770949720671
 141 159.8882681564246
 75 161.8994413407821
 45 163.9106145251397
 19 165.9217877094972
 118 167.9329608938548
 215 169.9441340782123
 344 171.9553072625699
 2 173.9664804469274
 160 175.9776536312849
 5 177.9888268156425
 0 180


