# Created by Octave 3.8.2, Mon Jun 22 10:40:05 2020 CEST <damian@fptrucha.inv.usc.es>
# name: hd
# type: matrix
# rows: 180
# columns: 2
 4 -180
 166 -177.9888268156425
 4 -175.9776536312849
 368 -173.9664804469274
 267 -171.9553072625698
 156 -169.9441340782123
 38 -167.9329608938548
 37 -165.9217877094972
 67 -163.9106145251397
 157 -161.8994413407821
 44 -159.8882681564246
 558 -157.877094972067
 83 -155.8659217877095
 147 -153.854748603352
 38 -151.8435754189944
 76 -149.8324022346369
 225 -147.8212290502793
 601 -145.8100558659218
 132 -143.7988826815642
 82 -141.7877094972067
 192 -139.7765363128491
 114 -137.7653631284916
 2 -135.7541899441341
 146 -133.7430167597765
 139 -131.731843575419
 76 -129.7206703910614
 150 -127.7094972067039
 210 -125.6983240223464
 85 -123.6871508379888
 164 -121.6759776536313
 182 -119.6648044692737
 1 -117.6536312849162
 91 -115.6424581005587
 113 -113.6312849162011
 124 -111.6201117318436
 22 -109.608938547486
 33 -107.5977653631285
 22 -105.5865921787709
 13 -103.5754189944134
 3 -101.5642458100559
 2 -99.55307262569832
 2 -97.54189944134077
 2 -95.53072625698323
 6 -93.5195530726257
 7539 -91.50837988826815
 17 -89.49720670391061
 5 -87.48603351955308
 1 -85.47486033519553
 3 -83.46368715083798
 1 -81.45251396648044
 5 -79.44134078212289
 7 -77.43016759776536
 49 -75.41899441340782
 30 -73.40782122905027
 50 -71.39664804469274
 110 -69.38547486033519
 64 -67.37430167597765
 112 -65.3631284916201
 63 -63.35195530726256
 271 -61.34078212290503
 164 -59.32960893854748
 186 -57.31843575418993
 82 -55.3072625698324
 72 -53.29608938547486
 227 -51.28491620111731
 67 -49.27374301675977
 117 -47.26256983240222
 4 -45.25139664804468
 285 -43.24022346368713
 4 -41.22905027932961
 154 -39.21787709497207
 291 -37.20670391061452
 419 -35.19553072625698
 113 -33.18435754189943
 75 -31.17318435754188
 147 -29.16201117318434
 4 -27.15083798882682
 62 -25.13966480446928
 587 -23.12849162011173
 121 -21.11731843575419
 46 -19.10614525139664
 11 -17.09497206703909
 36 -15.08379888268155
 154 -13.072625698324
 4 -11.06145251396646
 571 -9.050279329608941
 2 -7.039106145251395
 125 -5.02793296089385
 30 -3.016759776536304
 5 -1.005586592178759
 19 1.005586592178787
 128 3.016759776536333
 3 5.02793296089385
 509 7.039106145251395
 8 9.050279329608941
 155 11.06145251396649
 37 13.07262569832403
 17 15.08379888268158
 58 17.09497206703912
 126 19.10614525139667
 501 21.11731843575421
 64 23.12849162011173
 82 25.13966480446928
 84 27.15083798882682
 59 29.16201117318437
 173 31.17318435754191
 358 33.18435754189946
 222 35.195530726257
 147 37.20670391061452
 50 39.21787709497207
 263 41.22905027932961
 3 43.24022346368716
 135 45.2513966480447
 74 47.26256983240225
 262 49.27374301675979
 72 51.28491620111734
 185 53.29608938547489
 74 55.3072625698324
 148 57.31843575418995
 249 59.32960893854749
 75 61.34078212290504
 106 63.35195530726259
 73 65.36312849162013
 126 67.37430167597768
 56 69.38547486033519
 28 71.39664804469274
 49 73.40782122905028
 9 75.41899441340783
 8 77.43016759776538
 3 79.44134078212289
 0 81.45251396648047
 2 83.46368715083798
 7 85.47486033519556
 12 87.48603351955308
 7675 89.49720670391065
 6 91.50837988826817
 1 93.51955307262574
 1 95.53072625698326
 1 97.54189944134077
 4 99.55307262569835
 25 101.5642458100559
 28 103.5754189944134
 33 105.586592178771
 20 107.5977653631285
 113 109.608938547486
 114 111.6201117318436
 104 113.6312849162011
 3 115.6424581005587
 220 117.6536312849162
 160 119.6648044692737
 95 121.6759776536313
 168 123.6871508379888
 180 125.6983240223464
 98 127.7094972067039
 185 129.7206703910614
 175 131.731843575419
 2 133.7430167597765
 115 135.7541899441341
 152 137.7653631284916
 115 139.7765363128492
 143 141.7877094972067
 475 143.7988826815642
 130 145.8100558659218
 181 147.8212290502793
 46 149.8324022346369
 130 151.8435754189944
 63 153.854748603352
 461 155.8659217877095
 63 157.8770949720671
 143 159.8882681564246
 54 161.8994413407821
 30 163.9106145251397
 23 165.9217877094972
 144 167.9329608938548
 204 169.9441340782123
 349 171.9553072625699
 6 173.9664804469274
 142 175.9776536312849
 1 177.9888268156425
 0 180


