# Created by Octave 3.8.2, Sat Jun 20 18:06:25 2020 CEST <damian@fptrucha.inv.usc.es>
# name: hd
# type: matrix
# rows: 180
# columns: 2
 3 -180
 173 -177.9888268156425
 2 -175.9776536312849
 341 -173.9664804469274
 263 -171.9553072625698
 158 -169.9441340782123
 39 -167.9329608938548
 38 -165.9217877094972
 54 -163.9106145251397
 168 -161.8994413407821
 41 -159.8882681564246
 699 -157.877094972067
 53 -155.8659217877095
 119 -153.854748603352
 47 -151.8435754189944
 60 -149.8324022346369
 211 -147.8212290502793
 642 -145.8100558659218
 135 -143.7988826815642
 74 -141.7877094972067
 163 -139.7765363128491
 93 -137.7653631284916
 2 -135.7541899441341
 163 -133.7430167597765
 139 -131.731843575419
 77 -129.7206703910614
 171 -127.7094972067039
 219 -125.6983240223464
 101 -123.6871508379888
 211 -121.6759776536313
 176 -119.6648044692737
 3 -117.6536312849162
 100 -115.6424581005587
 97 -113.6312849162011
 119 -111.6201117318436
 14 -109.608938547486
 39 -107.5977653631285
 22 -105.5865921787709
 11 -103.5754189944134
 0 -101.5642458100559
 0 -99.55307262569832
 0 -97.54189944134077
 0 -95.53072625698323
 5 -93.5195530726257
 8183 -91.50837988826815
 12 -89.49720670391061
 3 -87.48603351955308
 3 -85.47486033519553
 0 -83.46368715083798
 0 -81.45251396648044
 7 -79.44134078212289
 6 -77.43016759776536
 35 -75.41899441340782
 27 -73.40782122905027
 57 -71.39664804469274
 110 -69.38547486033519
 66 -67.37430167597765
 105 -65.3631284916201
 49 -63.35195530726256
 280 -61.34078212290503
 130 -59.32960893854748
 223 -57.31843575418993
 81 -55.3072625698324
 76 -53.29608938547486
 218 -51.28491620111731
 41 -49.27374301675977
 108 -47.26256983240222
 2 -45.25139664804468
 277 -43.24022346368713
 4 -41.22905027932961
 151 -39.21787709497207
 280 -37.20670391061452
 453 -35.19553072625698
 95 -33.18435754189943
 68 -31.17318435754188
 161 -29.16201117318434
 8 -27.15083798882682
 61 -25.13966480446928
 613 -23.12849162011173
 127 -21.11731843575419
 43 -19.10614525139664
 6 -17.09497206703909
 37 -15.08379888268155
 165 -13.072625698324
 3 -11.06145251396646
 604 -9.050279329608941
 5 -7.039106145251395
 136 -5.02793296089385
 14 -3.016759776536304
 2 -1.005586592178759
 19 1.005586592178787
 131 3.016759776536333
 1 5.02793296089385
 605 7.039106145251395
 5 9.050279329608941
 145 11.06145251396649
 46 13.07262569832403
 16 15.08379888268158
 51 17.09497206703912
 106 19.10614525139667
 537 21.11731843575421
 53 23.12849162011173
 105 25.13966480446928
 110 27.15083798882682
 53 29.16201117318437
 219 31.17318435754191
 307 33.18435754189946
 267 35.195530726257
 155 37.20670391061452
 30 39.21787709497207
 293 41.22905027932961
 3 43.24022346368716
 112 45.2513966480447
 58 47.26256983240225
 221 49.27374301675979
 79 51.28491620111734
 215 53.29608938547489
 66 55.3072625698324
 136 57.31843575418995
 238 59.32960893854749
 65 61.34078212290504
 107 63.35195530726259
 67 65.36312849162013
 92 67.37430167597768
 44 69.38547486033519
 30 71.39664804469274
 51 73.40782122905028
 6 75.41899441340783
 6 77.43016759776538
 1 79.44134078212289
 1 81.45251396648047
 2 83.46368715083798
 3 85.47486033519556
 5 87.48603351955308
 7639 89.49720670391065
 7 91.50837988826817
 2 93.51955307262574
 1 95.53072625698326
 1 97.54189944134077
 3 99.55307262569835
 14 101.5642458100559
 17 103.5754189944134
 32 105.586592178771
 18 107.5977653631285
 98 109.608938547486
 120 111.6201117318436
 95 113.6312849162011
 1 115.6424581005587
 218 117.6536312849162
 156 119.6648044692737
 73 121.6759776536313
 175 123.6871508379888
 155 125.6983240223464
 77 127.7094972067039
 144 129.7206703910614
 186 131.731843575419
 1 133.7430167597765
 122 135.7541899441341
 174 137.7653631284916
 102 139.7765363128492
 129 141.7877094972067
 510 143.7988826815642
 115 145.8100558659218
 199 147.8212290502793
 40 149.8324022346369
 178 151.8435754189944
 68 153.854748603352
 456 155.8659217877095
 70 157.8770949720671
 106 159.8882681564246
 63 161.8994413407821
 62 163.9106145251397
 15 165.9217877094972
 139 167.9329608938548
 202 169.9441340782123
 344 171.9553072625699
 0 173.9664804469274
 145 175.9776536312849
 1 177.9888268156425
 0 180


