# Created by Octave 3.8.2, Sat Jun 20 22:10:39 2020 CEST <damian@fptrucha.inv.usc.es>
# name: hd
# type: matrix
# rows: 180
# columns: 2
 5 -180
 152 -177.9888268156425
 3 -175.9776536312849
 359 -173.9664804469274
 227 -171.9553072625698
 151 -169.9441340782123
 30 -167.9329608938548
 42 -165.9217877094972
 41 -163.9106145251397
 154 -161.8994413407821
 42 -159.8882681564246
 610 -157.877094972067
 59 -155.8659217877095
 124 -153.854748603352
 38 -151.8435754189944
 81 -149.8324022346369
 194 -147.8212290502793
 598 -145.8100558659218
 119 -143.7988826815642
 93 -141.7877094972067
 158 -139.7765363128491
 73 -137.7653631284916
 1 -135.7541899441341
 152 -133.7430167597765
 140 -131.731843575419
 78 -129.7206703910614
 200 -127.7094972067039
 223 -125.6983240223464
 99 -123.6871508379888
 197 -121.6759776536313
 217 -119.6648044692737
 0 -117.6536312849162
 97 -115.6424581005587
 125 -113.6312849162011
 108 -111.6201117318436
 14 -109.608938547486
 28 -107.5977653631285
 18 -105.5865921787709
 9 -103.5754189944134
 1 -101.5642458100559
 0 -99.55307262569832
 0 -97.54189944134077
 1 -95.53072625698323
 3 -93.5195530726257
 7904 -91.50837988826815
 12 -89.49720670391061
 1 -87.48603351955308
 1 -85.47486033519553
 0 -83.46368715083798
 0 -81.45251396648044
 6 -79.44134078212289
 4 -77.43016759776536
 40 -75.41899441340782
 24 -73.40782122905027
 53 -71.39664804469274
 105 -69.38547486033519
 60 -67.37430167597765
 94 -65.3631284916201
 46 -63.35195530726256
 262 -61.34078212290503
 115 -59.32960893854748
 217 -57.31843575418993
 99 -55.3072625698324
 71 -53.29608938547486
 240 -51.28491620111731
 70 -49.27374301675977
 99 -47.26256983240222
 2 -45.25139664804468
 289 -43.24022346368713
 1 -41.22905027932961
 134 -39.21787709497207
 308 -37.20670391061452
 468 -35.19553072625698
 95 -33.18435754189943
 47 -31.17318435754188
 175 -29.16201117318434
 7 -27.15083798882682
 48 -25.13966480446928
 661 -23.12849162011173
 144 -21.11731843575419
 42 -19.10614525139664
 12 -17.09497206703909
 37 -15.08379888268155
 159 -13.072625698324
 9 -11.06145251396646
 553 -9.050279329608941
 4 -7.039106145251395
 124 -5.02793296089385
 22 -3.016759776536304
 2 -1.005586592178759
 20 1.005586592178787
 122 3.016759776536333
 1 5.02793296089385
 549 7.039106145251395
 6 9.050279329608941
 146 11.06145251396649
 42 13.07262569832403
 11 15.08379888268158
 43 17.09497206703912
 102 19.10614525139667
 556 21.11731843575421
 57 23.12849162011173
 98 25.13966480446928
 101 27.15083798882682
 53 29.16201117318437
 226 31.17318435754191
 340 33.18435754189946
 236 35.195530726257
 181 37.20670391061452
 41 39.21787709497207
 271 41.22905027932961
 1 43.24022346368716
 108 45.2513966480447
 51 47.26256983240225
 199 49.27374301675979
 76 51.28491620111734
 199 53.29608938547489
 79 55.3072625698324
 168 57.31843575418995
 268 59.32960893854749
 61 61.34078212290504
 118 63.35195530726259
 62 65.36312849162013
 107 67.37430167597768
 53 69.38547486033519
 34 71.39664804469274
 57 73.40782122905028
 6 75.41899441340783
 7 77.43016759776538
 0 79.44134078212289
 0 81.45251396648047
 2 83.46368715083798
 3 85.47486033519556
 12 87.48603351955308
 7692 89.49720670391065
 6 91.50837988826817
 1 93.51955307262574
 1 95.53072625698326
 1 97.54189944134077
 4 99.55307262569835
 14 101.5642458100559
 21 103.5754189944134
 47 105.586592178771
 20 107.5977653631285
 95 109.608938547486
 106 111.6201117318436
 114 113.6312849162011
 1 115.6424581005587
 191 117.6536312849162
 161 119.6648044692737
 83 121.6759776536313
 166 123.6871508379888
 179 125.6983240223464
 78 127.7094972067039
 159 129.7206703910614
 162 131.731843575419
 5 133.7430167597765
 125 135.7541899441341
 176 137.7653631284916
 105 139.7765363128492
 160 141.7877094972067
 436 143.7988826815642
 109 145.8100558659218
 204 147.8212290502793
 39 149.8324022346369
 157 151.8435754189944
 60 153.854748603352
 489 155.8659217877095
 35 157.8770949720671
 106 159.8882681564246
 80 161.8994413407821
 51 163.9106145251397
 12 165.9217877094972
 128 167.9329608938548
 211 169.9441340782123
 333 171.9553072625699
 2 173.9664804469274
 158 175.9776536312849
 6 177.9888268156425
 0 180


