# Created by Octave 3.8.2, Mon Jun 22 11:10:18 2020 CEST <damian@fptrucha.inv.usc.es>
# name: hd
# type: matrix
# rows: 180
# columns: 2
 3 -180
 164 -177.9888268156425
 3 -175.9776536312849
 427 -173.9664804469274
 264 -171.9553072625698
 129 -169.9441340782123
 27 -167.9329608938548
 49 -165.9217877094972
 70 -163.9106145251397
 151 -161.8994413407821
 47 -159.8882681564246
 536 -157.877094972067
 63 -155.8659217877095
 127 -153.854748603352
 48 -151.8435754189944
 67 -149.8324022346369
 255 -147.8212290502793
 572 -145.8100558659218
 129 -143.7988826815642
 103 -141.7877094972067
 192 -139.7765363128491
 115 -137.7653631284916
 4 -135.7541899441341
 173 -133.7430167597765
 160 -131.731843575419
 77 -129.7206703910614
 174 -127.7094972067039
 206 -125.6983240223464
 100 -123.6871508379888
 194 -121.6759776536313
 190 -119.6648044692737
 4 -117.6536312849162
 125 -115.6424581005587
 106 -113.6312849162011
 106 -111.6201117318436
 13 -109.608938547486
 43 -107.5977653631285
 19 -105.5865921787709
 15 -103.5754189944134
 2 -101.5642458100559
 2 -99.55307262569832
 0 -97.54189944134077
 5 -95.53072625698323
 6 -93.5195530726257
 7803 -91.50837988826815
 24 -89.49720670391061
 7 -87.48603351955308
 1 -85.47486033519553
 1 -83.46368715083798
 2 -81.45251396648044
 7 -79.44134078212289
 7 -77.43016759776536
 52 -75.41899441340782
 30 -73.40782122905027
 54 -71.39664804469274
 107 -69.38547486033519
 63 -67.37430167597765
 102 -65.3631284916201
 34 -63.35195530726256
 245 -61.34078212290503
 133 -59.32960893854748
 199 -57.31843575418993
 94 -55.3072625698324
 80 -53.29608938547486
 250 -51.28491620111731
 72 -49.27374301675977
 106 -47.26256983240222
 3 -45.25139664804468
 303 -43.24022346368713
 7 -41.22905027932961
 157 -39.21787709497207
 287 -37.20670391061452
 402 -35.19553072625698
 116 -33.18435754189943
 56 -31.17318435754188
 159 -29.16201117318434
 17 -27.15083798882682
 58 -25.13966480446928
 531 -23.12849162011173
 119 -21.11731843575419
 57 -19.10614525139664
 7 -17.09497206703909
 50 -15.08379888268155
 151 -13.072625698324
 10 -11.06145251396646
 583 -9.050279329608941
 2 -7.039106145251395
 119 -5.02793296089385
 25 -3.016759776536304
 4 -1.005586592178759
 29 1.005586592178787
 118 3.016759776536333
 7 5.02793296089385
 492 7.039106145251395
 13 9.050279329608941
 143 11.06145251396649
 43 13.07262569832403
 14 15.08379888268158
 45 17.09497206703912
 134 19.10614525139667
 530 21.11731843575421
 55 23.12849162011173
 89 25.13966480446928
 112 27.15083798882682
 67 29.16201117318437
 210 31.17318435754191
 314 33.18435754189946
 245 35.195530726257
 148 37.20670391061452
 37 39.21787709497207
 253 41.22905027932961
 1 43.24022346368716
 135 45.2513966480447
 62 47.26256983240225
 247 49.27374301675979
 97 51.28491620111734
 241 53.29608938547489
 88 55.3072625698324
 151 57.31843575418995
 287 59.32960893854749
 57 61.34078212290504
 127 63.35195530726259
 83 65.36312849162013
 121 67.37430167597768
 58 69.38547486033519
 37 71.39664804469274
 48 73.40782122905028
 11 75.41899441340783
 12 77.43016759776538
 2 79.44134078212289
 1 81.45251396648047
 0 83.46368715083798
 4 85.47486033519556
 18 87.48603351955308
 7729 89.49720670391065
 14 91.50837988826817
 4 93.51955307262574
 1 95.53072625698326
 1 97.54189944134077
 6 99.55307262569835
 12 101.5642458100559
 27 103.5754189944134
 55 105.586592178771
 26 107.5977653631285
 125 109.608938547486
 135 111.6201117318436
 134 113.6312849162011
 1 115.6424581005587
 200 117.6536312849162
 185 119.6648044692737
 91 121.6759776536313
 205 123.6871508379888
 196 125.6983240223464
 82 127.7094972067039
 172 129.7206703910614
 187 131.731843575419
 6 133.7430167597765
 137 135.7541899441341
 170 137.7653631284916
 105 139.7765363128492
 149 141.7877094972067
 514 143.7988826815642
 133 145.8100558659218
 218 147.8212290502793
 53 149.8324022346369
 137 151.8435754189944
 66 153.854748603352
 478 155.8659217877095
 55 157.8770949720671
 155 159.8882681564246
 59 161.8994413407821
 51 163.9106145251397
 23 165.9217877094972
 151 167.9329608938548
 203 169.9441340782123
 344 171.9553072625699
 4 173.9664804469274
 157 175.9776536312849
 3 177.9888268156425
 0 180


