# Created by Octave 3.8.2, Sun Jun 21 04:05:42 2020 CEST <damian@fptrucha.inv.usc.es>
# name: hd
# type: matrix
# rows: 180
# columns: 2
 8 -180
 135 -177.9888268156425
 1 -175.9776536312849
 344 -173.9664804469274
 243 -171.9553072625698
 135 -169.9441340782123
 42 -167.9329608938548
 35 -165.9217877094972
 59 -163.9106145251397
 156 -161.8994413407821
 28 -159.8882681564246
 613 -157.877094972067
 53 -155.8659217877095
 130 -153.854748603352
 40 -151.8435754189944
 55 -149.8324022346369
 207 -147.8212290502793
 612 -145.8100558659218
 109 -143.7988826815642
 87 -141.7877094972067
 197 -139.7765363128491
 108 -137.7653631284916
 1 -135.7541899441341
 162 -133.7430167597765
 146 -131.731843575419
 79 -129.7206703910614
 170 -127.7094972067039
 219 -125.6983240223464
 80 -123.6871508379888
 190 -121.6759776536313
 196 -119.6648044692737
 2 -117.6536312849162
 99 -115.6424581005587
 95 -113.6312849162011
 111 -111.6201117318436
 18 -109.608938547486
 22 -107.5977653631285
 18 -105.5865921787709
 6 -103.5754189944134
 2 -101.5642458100559
 1 -99.55307262569832
 1 -97.54189944134077
 0 -95.53072625698323
 8 -93.5195530726257
 7985 -91.50837988826815
 8 -89.49720670391061
 5 -87.48603351955308
 3 -85.47486033519553
 0 -83.46368715083798
 0 -81.45251396648044
 5 -79.44134078212289
 5 -77.43016759776536
 48 -75.41899441340782
 24 -73.40782122905027
 57 -71.39664804469274
 107 -69.38547486033519
 56 -67.37430167597765
 76 -65.3631284916201
 46 -63.35195530726256
 257 -61.34078212290503
 154 -59.32960893854748
 203 -57.31843575418993
 86 -55.3072625698324
 81 -53.29608938547486
 187 -51.28491620111731
 33 -49.27374301675977
 99 -47.26256983240222
 2 -45.25139664804468
 261 -43.24022346368713
 1 -41.22905027932961
 160 -39.21787709497207
 314 -37.20670391061452
 442 -35.19553072625698
 123 -33.18435754189943
 45 -31.17318435754188
 161 -29.16201117318434
 10 -27.15083798882682
 54 -25.13966480446928
 638 -23.12849162011173
 141 -21.11731843575419
 57 -19.10614525139664
 16 -17.09497206703909
 34 -15.08379888268155
 143 -13.072625698324
 12 -11.06145251396646
 591 -9.050279329608941
 5 -7.039106145251395
 95 -5.02793296089385
 26 -3.016759776536304
 1 -1.005586592178759
 18 1.005586592178787
 110 3.016759776536333
 1 5.02793296089385
 522 7.039106145251395
 5 9.050279329608941
 135 11.06145251396649
 50 13.07262569832403
 9 15.08379888268158
 60 17.09497206703912
 93 19.10614525139667
 489 21.11731843575421
 59 23.12849162011173
 102 25.13966480446928
 105 27.15083798882682
 65 29.16201117318437
 217 31.17318435754191
 291 33.18435754189946
 220 35.195530726257
 154 37.20670391061452
 33 39.21787709497207
 269 41.22905027932961
 1 43.24022346368716
 135 45.2513966480447
 52 47.26256983240225
 228 49.27374301675979
 84 51.28491620111734
 178 53.29608938547489
 81 55.3072625698324
 143 57.31843575418995
 222 59.32960893854749
 68 61.34078212290504
 100 63.35195530726259
 71 65.36312849162013
 126 67.37430167597768
 49 69.38547486033519
 31 71.39664804469274
 55 73.40782122905028
 4 75.41899441340783
 9 77.43016759776538
 0 79.44134078212289
 1 81.45251396648047
 0 83.46368715083798
 5 85.47486033519556
 11 87.48603351955308
 7611 89.49720670391065
 9 91.50837988826817
 1 93.51955307262574
 0 95.53072625698326
 0 97.54189944134077
 3 99.55307262569835
 12 101.5642458100559
 19 103.5754189944134
 36 105.586592178771
 27 107.5977653631285
 101 109.608938547486
 123 111.6201117318436
 101 113.6312849162011
 2 115.6424581005587
 209 117.6536312849162
 150 119.6648044692737
 91 121.6759776536313
 181 123.6871508379888
 162 125.6983240223464
 94 127.7094972067039
 159 129.7206703910614
 185 131.731843575419
 5 133.7430167597765
 117 135.7541899441341
 166 137.7653631284916
 92 139.7765363128492
 133 141.7877094972067
 461 143.7988826815642
 123 145.8100558659218
 186 147.8212290502793
 42 149.8324022346369
 151 151.8435754189944
 59 153.854748603352
 427 155.8659217877095
 53 157.8770949720671
 117 159.8882681564246
 72 161.8994413407821
 53 163.9106145251397
 15 165.9217877094972
 130 167.9329608938548
 221 169.9441340782123
 313 171.9553072625699
 3 173.9664804469274
 140 175.9776536312849
 1 177.9888268156425
 0 180


