# Created by Octave 3.8.2, Sat Jun 20 05:11:48 2020 CEST <damian@fptrucha.inv.usc.es>
# name: hd
# type: matrix
# rows: 180
# columns: 2
 2 -180
 188 -177.9888268156425
 3 -175.9776536312849
 406 -173.9664804469274
 257 -171.9553072625698
 176 -169.9441340782123
 37 -167.9329608938548
 48 -165.9217877094972
 70 -163.9106145251397
 187 -161.8994413407821
 48 -159.8882681564246
 716 -157.877094972067
 58 -155.8659217877095
 142 -153.854748603352
 43 -151.8435754189944
 60 -149.8324022346369
 265 -147.8212290502793
 703 -145.8100558659218
 165 -143.7988826815642
 102 -141.7877094972067
 188 -139.7765363128491
 119 -137.7653631284916
 4 -135.7541899441341
 197 -133.7430167597765
 198 -131.731843575419
 93 -129.7206703910614
 182 -127.7094972067039
 289 -125.6983240223464
 132 -123.6871508379888
 233 -121.6759776536313
 200 -119.6648044692737
 2 -117.6536312849162
 126 -115.6424581005587
 122 -113.6312849162011
 147 -111.6201117318436
 20 -109.608938547486
 34 -107.5977653631285
 23 -105.5865921787709
 9 -103.5754189944134
 3 -101.5642458100559
 0 -99.55307262569832
 1 -97.54189944134077
 2 -95.53072625698323
 13 -93.5195530726257
 9075 -91.50837988826815
 9 -89.49720670391061
 1 -87.48603351955308
 1 -85.47486033519553
 1 -83.46368715083798
 4 -81.45251396648044
 10 -79.44134078212289
 6 -77.43016759776536
 57 -75.41899441340782
 28 -73.40782122905027
 53 -71.39664804469274
 116 -69.38547486033519
 78 -67.37430167597765
 86 -65.3631284916201
 50 -63.35195530726256
 274 -61.34078212290503
 153 -59.32960893854748
 235 -57.31843575418993
 117 -55.3072625698324
 77 -53.29608938547486
 236 -51.28491620111731
 70 -49.27374301675977
 95 -47.26256983240222
 1 -45.25139664804468
 305 -43.24022346368713
 6 -41.22905027932961
 151 -39.21787709497207
 319 -37.20670391061452
 464 -35.19553072625698
 116 -33.18435754189943
 75 -31.17318435754188
 153 -29.16201117318434
 10 -27.15083798882682
 64 -25.13966480446928
 700 -23.12849162011173
 164 -21.11731843575419
 61 -19.10614525139664
 10 -17.09497206703909
 36 -15.08379888268155
 165 -13.072625698324
 7 -11.06145251396646
 626 -9.050279329608941
 4 -7.039106145251395
 144 -5.02793296089385
 26 -3.016759776536304
 0 -1.005586592178759
 18 1.005586592178787
 147 3.016759776536333
 4 5.02793296089385
 585 7.039106145251395
 5 9.050279329608941
 152 11.06145251396649
 45 13.07262569832403
 7 15.08379888268158
 54 17.09497206703912
 116 19.10614525139667
 568 21.11731843575421
 61 23.12849162011173
 98 25.13966480446928
 100 27.15083798882682
 56 29.16201117318437
 243 31.17318435754191
 323 33.18435754189946
 261 35.195530726257
 172 37.20670391061452
 34 39.21787709497207
 288 41.22905027932961
 3 43.24022346368716
 120 45.2513966480447
 67 47.26256983240225
 233 49.27374301675979
 84 51.28491620111734
 203 53.29608938547489
 79 55.3072625698324
 146 57.31843575418995
 280 59.32960893854749
 69 61.34078212290504
 133 63.35195530726259
 80 65.36312849162013
 120 67.37430167597768
 46 69.38547486033519
 32 71.39664804469274
 38 73.40782122905028
 8 75.41899441340783
 9 77.43016759776538
 2 79.44134078212289
 1 81.45251396648047
 0 83.46368715083798
 1 85.47486033519556
 11 87.48603351955308
 8340 89.49720670391065
 3 91.50837988826817
 3 93.51955307262574
 1 95.53072625698326
 0 97.54189944134077
 2 99.55307262569835
 16 101.5642458100559
 21 103.5754189944134
 38 105.586592178771
 19 107.5977653631285
 86 109.608938547486
 120 111.6201117318436
 126 113.6312849162011
 1 115.6424581005587
 229 117.6536312849162
 181 119.6648044692737
 114 121.6759776536313
 194 123.6871508379888
 170 125.6983240223464
 94 127.7094972067039
 172 129.7206703910614
 192 131.731843575419
 2 133.7430167597765
 130 135.7541899441341
 181 137.7653631284916
 117 139.7765363128492
 161 141.7877094972067
 551 143.7988826815642
 136 145.8100558659218
 221 147.8212290502793
 37 149.8324022346369
 175 151.8435754189944
 68 153.854748603352
 481 155.8659217877095
 55 157.8770949720671
 143 159.8882681564246
 74 161.8994413407821
 50 163.9106145251397
 21 165.9217877094972
 149 167.9329608938548
 261 169.9441340782123
 354 171.9553072625699
 2 173.9664804469274
 179 175.9776536312849
 1 177.9888268156425
 0 180


