# Created by Octave 3.8.2, Sun Jun 21 00:44:40 2020 CEST <damian@fptrucha.inv.usc.es>
# name: hd
# type: matrix
# rows: 180
# columns: 2
 2 -180
 176 -177.9888268156425
 5 -175.9776536312849
 339 -173.9664804469274
 229 -171.9553072625698
 154 -169.9441340782123
 29 -167.9329608938548
 43 -165.9217877094972
 53 -163.9106145251397
 151 -161.8994413407821
 22 -159.8882681564246
 611 -157.877094972067
 56 -155.8659217877095
 117 -153.854748603352
 29 -151.8435754189944
 55 -149.8324022346369
 192 -147.8212290502793
 607 -145.8100558659218
 131 -143.7988826815642
 86 -141.7877094972067
 147 -139.7765363128491
 95 -137.7653631284916
 3 -135.7541899441341
 128 -133.7430167597765
 137 -131.731843575419
 74 -129.7206703910614
 166 -127.7094972067039
 216 -125.6983240223464
 81 -123.6871508379888
 188 -121.6759776536313
 158 -119.6648044692737
 1 -117.6536312849162
 96 -115.6424581005587
 115 -113.6312849162011
 93 -111.6201117318436
 13 -109.608938547486
 32 -107.5977653631285
 17 -105.5865921787709
 8 -103.5754189944134
 0 -101.5642458100559
 0 -99.55307262569832
 0 -97.54189944134077
 1 -95.53072625698323
 6 -93.5195530726257
 7874 -91.50837988826815
 10 -89.49720670391061
 1 -87.48603351955308
 1 -85.47486033519553
 0 -83.46368715083798
 0 -81.45251396648044
 4 -79.44134078212289
 3 -77.43016759776536
 49 -75.41899441340782
 14 -73.40782122905027
 70 -71.39664804469274
 119 -69.38547486033519
 78 -67.37430167597765
 97 -65.3631284916201
 33 -63.35195530726256
 269 -61.34078212290503
 139 -59.32960893854748
 210 -57.31843575418993
 95 -55.3072625698324
 66 -53.29608938547486
 209 -51.28491620111731
 51 -49.27374301675977
 93 -47.26256983240222
 5 -45.25139664804468
 261 -43.24022346368713
 1 -41.22905027932961
 125 -39.21787709497207
 307 -37.20670391061452
 412 -35.19553072625698
 112 -33.18435754189943
 60 -31.17318435754188
 134 -29.16201117318434
 9 -27.15083798882682
 61 -25.13966480446928
 666 -23.12849162011173
 141 -21.11731843575419
 42 -19.10614525139664
 8 -17.09497206703909
 41 -15.08379888268155
 147 -13.072625698324
 6 -11.06145251396646
 577 -9.050279329608941
 4 -7.039106145251395
 127 -5.02793296089385
 22 -3.016759776536304
 2 -1.005586592178759
 17 1.005586592178787
 136 3.016759776536333
 6 5.02793296089385
 510 7.039106145251395
 6 9.050279329608941
 141 11.06145251396649
 46 13.07262569832403
 15 15.08379888268158
 62 17.09497206703912
 102 19.10614525139667
 506 21.11731843575421
 56 23.12849162011173
 94 25.13966480446928
 93 27.15083798882682
 64 29.16201117318437
 212 31.17318435754191
 315 33.18435754189946
 214 35.195530726257
 157 37.20670391061452
 30 39.21787709497207
 296 41.22905027932961
 0 43.24022346368716
 112 45.2513966480447
 75 47.26256983240225
 226 49.27374301675979
 77 51.28491620111734
 193 53.29608938547489
 77 55.3072625698324
 118 57.31843575418995
 228 59.32960893854749
 61 61.34078212290504
 118 63.35195530726259
 54 65.36312849162013
 100 67.37430167597768
 49 69.38547486033519
 35 71.39664804469274
 56 73.40782122905028
 8 75.41899441340783
 8 77.43016759776538
 1 79.44134078212289
 0 81.45251396648047
 0 83.46368715083798
 3 85.47486033519556
 11 87.48603351955308
 7466 89.49720670391065
 4 91.50837988826817
 2 93.51955307262574
 0 95.53072625698326
 2 97.54189944134077
 3 99.55307262569835
 17 101.5642458100559
 22 103.5754189944134
 25 105.586592178771
 18 107.5977653631285
 76 109.608938547486
 118 111.6201117318436
 109 113.6312849162011
 1 115.6424581005587
 213 117.6536312849162
 184 119.6648044692737
 93 121.6759776536313
 161 123.6871508379888
 173 125.6983240223464
 78 127.7094972067039
 147 129.7206703910614
 176 131.731843575419
 3 133.7430167597765
 111 135.7541899441341
 169 137.7653631284916
 99 139.7765363128492
 148 141.7877094972067
 434 143.7988826815642
 100 145.8100558659218
 178 147.8212290502793
 41 149.8324022346369
 174 151.8435754189944
 68 153.854748603352
 433 155.8659217877095
 49 157.8770949720671
 115 159.8882681564246
 57 161.8994413407821
 41 163.9106145251397
 13 165.9217877094972
 112 167.9329608938548
 204 169.9441340782123
 320 171.9553072625699
 2 173.9664804469274
 156 175.9776536312849
 4 177.9888268156425
 0 180


