# Created by Octave 3.8.2, Mon Jun 22 06:51:08 2020 CEST <damian@fptrucha.inv.usc.es>
# name: hd
# type: matrix
# rows: 180
# columns: 2
 4 -180
 184 -177.9888268156425
 3 -175.9776536312849
 340 -173.9664804469274
 210 -171.9553072625698
 101 -169.9441340782123
 34 -167.9329608938548
 38 -165.9217877094972
 61 -163.9106145251397
 121 -161.8994413407821
 38 -159.8882681564246
 509 -157.877094972067
 81 -155.8659217877095
 97 -153.854748603352
 36 -151.8435754189944
 66 -149.8324022346369
 168 -147.8212290502793
 533 -145.8100558659218
 137 -143.7988826815642
 82 -141.7877094972067
 164 -139.7765363128491
 117 -137.7653631284916
 1 -135.7541899441341
 153 -133.7430167597765
 153 -131.731843575419
 80 -129.7206703910614
 184 -127.7094972067039
 201 -125.6983240223464
 81 -123.6871508379888
 171 -121.6759776536313
 155 -119.6648044692737
 4 -117.6536312849162
 110 -115.6424581005587
 122 -113.6312849162011
 93 -111.6201117318436
 19 -109.608938547486
 42 -107.5977653631285
 25 -105.5865921787709
 14 -103.5754189944134
 2 -101.5642458100559
 1 -99.55307262569832
 0 -97.54189944134077
 4 -95.53072625698323
 12 -93.5195530726257
 7396 -91.50837988826815
 21 -89.49720670391061
 4 -87.48603351955308
 3 -85.47486033519553
 1 -83.46368715083798
 3 -81.45251396648044
 5 -79.44134078212289
 13 -77.43016759776536
 51 -75.41899441340782
 24 -73.40782122905027
 37 -71.39664804469274
 99 -69.38547486033519
 66 -67.37430167597765
 128 -65.3631284916201
 55 -63.35195530726256
 228 -61.34078212290503
 123 -59.32960893854748
 195 -57.31843575418993
 97 -55.3072625698324
 80 -53.29608938547486
 231 -51.28491620111731
 65 -49.27374301675977
 112 -47.26256983240222
 3 -45.25139664804468
 287 -43.24022346368713
 4 -41.22905027932961
 134 -39.21787709497207
 256 -37.20670391061452
 432 -35.19553072625698
 115 -33.18435754189943
 46 -31.17318435754188
 154 -29.16201117318434
 12 -27.15083798882682
 52 -25.13966480446928
 479 -23.12849162011173
 133 -21.11731843575419
 73 -19.10614525139664
 24 -17.09497206703909
 39 -15.08379888268155
 155 -13.072625698324
 17 -11.06145251396646
 545 -9.050279329608941
 4 -7.039106145251395
 130 -5.02793296089385
 25 -3.016759776536304
 5 -1.005586592178759
 23 1.005586592178787
 121 3.016759776536333
 1 5.02793296089385
 523 7.039106145251395
 12 9.050279329608941
 156 11.06145251396649
 41 13.07262569832403
 17 15.08379888268158
 55 17.09497206703912
 120 19.10614525139667
 540 21.11731843575421
 60 23.12849162011173
 63 25.13966480446928
 78 27.15083798882682
 64 29.16201117318437
 184 31.17318435754191
 326 33.18435754189946
 234 35.195530726257
 136 37.20670391061452
 32 39.21787709497207
 306 41.22905027932961
 3 43.24022346368716
 110 45.2513966480447
 59 47.26256983240225
 237 49.27374301675979
 84 51.28491620111734
 181 53.29608938547489
 75 55.3072625698324
 143 57.31843575418995
 248 59.32960893854749
 59 61.34078212290504
 90 63.35195530726259
 65 65.36312849162013
 119 67.37430167597768
 55 69.38547486033519
 31 71.39664804469274
 47 73.40782122905028
 7 75.41899441340783
 11 77.43016759776538
 1 79.44134078212289
 3 81.45251396648047
 1 83.46368715083798
 7 85.47486033519556
 15 87.48603351955308
 7106 89.49720670391065
 14 91.50837988826817
 3 93.51955307262574
 1 95.53072625698326
 5 97.54189944134077
 2 99.55307262569835
 11 101.5642458100559
 26 103.5754189944134
 51 105.586592178771
 20 107.5977653631285
 114 109.608938547486
 109 111.6201117318436
 133 113.6312849162011
 4 115.6424581005587
 200 117.6536312849162
 171 119.6648044692737
 100 121.6759776536313
 155 123.6871508379888
 184 125.6983240223464
 78 127.7094972067039
 147 129.7206703910614
 202 131.731843575419
 3 133.7430167597765
 107 135.7541899441341
 167 137.7653631284916
 89 139.7765363128492
 114 141.7877094972067
 508 143.7988826815642
 105 145.8100558659218
 196 147.8212290502793
 45 149.8324022346369
 136 151.8435754189944
 62 153.854748603352
 492 155.8659217877095
 47 157.8770949720671
 143 159.8882681564246
 72 161.8994413407821
 35 163.9106145251397
 18 165.9217877094972
 144 167.9329608938548
 227 169.9441340782123
 345 171.9553072625699
 6 173.9664804469274
 155 175.9776536312849
 6 177.9888268156425
 0 180


