# Created by Octave 3.8.2, Mon Jun 22 04:02:24 2020 CEST <damian@fptrucha.inv.usc.es>
# name: hd
# type: matrix
# rows: 180
# columns: 2
 3 -180
 146 -177.9888268156425
 4 -175.9776536312849
 316 -173.9664804469274
 201 -171.9553072625698
 151 -169.9441340782123
 43 -167.9329608938548
 43 -165.9217877094972
 56 -163.9106145251397
 144 -161.8994413407821
 40 -159.8882681564246
 514 -157.877094972067
 63 -155.8659217877095
 125 -153.854748603352
 55 -151.8435754189944
 81 -149.8324022346369
 217 -147.8212290502793
 554 -145.8100558659218
 111 -143.7988826815642
 92 -141.7877094972067
 158 -139.7765363128491
 102 -137.7653631284916
 7 -135.7541899441341
 156 -133.7430167597765
 152 -131.731843575419
 77 -129.7206703910614
 135 -127.7094972067039
 209 -125.6983240223464
 89 -123.6871508379888
 195 -121.6759776536313
 154 -119.6648044692737
 5 -117.6536312849162
 129 -115.6424581005587
 133 -113.6312849162011
 124 -111.6201117318436
 22 -109.608938547486
 47 -107.5977653631285
 24 -105.5865921787709
 24 -103.5754189944134
 1 -101.5642458100559
 1 -99.55307262569832
 2 -97.54189944134077
 4 -95.53072625698323
 11 -93.5195530726257
 7235 -91.50837988826815
 15 -89.49720670391061
 3 -87.48603351955308
 2 -85.47486033519553
 0 -83.46368715083798
 4 -81.45251396648044
 6 -79.44134078212289
 9 -77.43016759776536
 46 -75.41899441340782
 38 -73.40782122905027
 63 -71.39664804469274
 111 -69.38547486033519
 72 -67.37430167597765
 95 -65.3631284916201
 56 -63.35195530726256
 258 -61.34078212290503
 154 -59.32960893854748
 167 -57.31843575418993
 95 -55.3072625698324
 75 -53.29608938547486
 239 -51.28491620111731
 65 -49.27374301675977
 110 -47.26256983240222
 4 -45.25139664804468
 280 -43.24022346368713
 3 -41.22905027932961
 157 -39.21787709497207
 262 -37.20670391061452
 401 -35.19553072625698
 121 -33.18435754189943
 71 -31.17318435754188
 151 -29.16201117318434
 16 -27.15083798882682
 58 -25.13966480446928
 531 -23.12849162011173
 146 -21.11731843575419
 46 -19.10614525139664
 15 -17.09497206703909
 41 -15.08379888268155
 160 -13.072625698324
 12 -11.06145251396646
 517 -9.050279329608941
 4 -7.039106145251395
 134 -5.02793296089385
 23 -3.016759776536304
 2 -1.005586592178759
 33 1.005586592178787
 121 3.016759776536333
 5 5.02793296089385
 538 7.039106145251395
 12 9.050279329608941
 126 11.06145251396649
 40 13.07262569832403
 19 15.08379888268158
 58 17.09497206703912
 148 19.10614525139667
 484 21.11731843575421
 55 23.12849162011173
 97 25.13966480446928
 101 27.15083798882682
 65 29.16201117318437
 208 31.17318435754191
 296 33.18435754189946
 226 35.195530726257
 125 37.20670391061452
 43 39.21787709497207
 233 41.22905027932961
 1 43.24022346368716
 129 45.2513966480447
 52 47.26256983240225
 241 49.27374301675979
 95 51.28491620111734
 215 53.29608938547489
 83 55.3072625698324
 135 57.31843575418995
 261 59.32960893854749
 54 61.34078212290504
 119 63.35195530726259
 71 65.36312849162013
 106 67.37430167597768
 41 69.38547486033519
 34 71.39664804469274
 47 73.40782122905028
 13 75.41899441340783
 7 77.43016759776538
 2 79.44134078212289
 1 81.45251396648047
 2 83.46368715083798
 7 85.47486033519556
 12 87.48603351955308
 6930 89.49720670391065
 9 91.50837988826817
 6 93.51955307262574
 3 95.53072625698326
 1 97.54189944134077
 3 99.55307262569835
 22 101.5642458100559
 28 103.5754189944134
 38 105.586592178771
 25 107.5977653631285
 93 109.608938547486
 121 111.6201117318436
 109 113.6312849162011
 3 115.6424581005587
 197 117.6536312849162
 159 119.6648044692737
 88 121.6759776536313
 144 123.6871508379888
 143 125.6983240223464
 76 127.7094972067039
 167 129.7206703910614
 199 131.731843575419
 3 133.7430167597765
 122 135.7541899441341
 184 137.7653631284916
 82 139.7765363128492
 126 141.7877094972067
 512 143.7988826815642
 115 145.8100558659218
 209 147.8212290502793
 43 149.8324022346369
 145 151.8435754189944
 64 153.854748603352
 421 155.8659217877095
 52 157.8770949720671
 132 159.8882681564246
 68 161.8994413407821
 48 163.9106145251397
 26 165.9217877094972
 122 167.9329608938548
 205 169.9441340782123
 310 171.9553072625699
 6 173.9664804469274
 152 175.9776536312849
 7 177.9888268156425
 0 180


