# Created by Octave 3.8.2, Sun Jun 21 05:42:25 2020 CEST <damian@fptrucha.inv.usc.es>
# name: hd
# type: matrix
# rows: 180
# columns: 2
 3 -180
 148 -177.9888268156425
 6 -175.9776536312849
 354 -173.9664804469274
 225 -171.9553072625698
 145 -169.9441340782123
 33 -167.9329608938548
 43 -165.9217877094972
 43 -163.9106145251397
 139 -161.8994413407821
 36 -159.8882681564246
 624 -157.877094972067
 64 -155.8659217877095
 128 -153.854748603352
 37 -151.8435754189944
 66 -149.8324022346369
 210 -147.8212290502793
 577 -145.8100558659218
 142 -143.7988826815642
 89 -141.7877094972067
 183 -139.7765363128491
 101 -137.7653631284916
 4 -135.7541899441341
 172 -133.7430167597765
 159 -131.731843575419
 77 -129.7206703910614
 167 -127.7094972067039
 225 -125.6983240223464
 102 -123.6871508379888
 175 -121.6759776536313
 165 -119.6648044692737
 4 -117.6536312849162
 103 -115.6424581005587
 118 -113.6312849162011
 100 -111.6201117318436
 17 -109.608938547486
 31 -107.5977653631285
 29 -105.5865921787709
 12 -103.5754189944134
 1 -101.5642458100559
 1 -99.55307262569832
 0 -97.54189944134077
 3 -95.53072625698323
 5 -93.5195530726257
 7997 -91.50837988826815
 9 -89.49720670391061
 3 -87.48603351955308
 1 -85.47486033519553
 1 -83.46368715083798
 1 -81.45251396648044
 8 -79.44134078212289
 4 -77.43016759776536
 52 -75.41899441340782
 30 -73.40782122905027
 47 -71.39664804469274
 113 -69.38547486033519
 81 -67.37430167597765
 95 -65.3631284916201
 49 -63.35195530726256
 268 -61.34078212290503
 151 -59.32960893854748
 217 -57.31843575418993
 101 -55.3072625698324
 74 -53.29608938547486
 206 -51.28491620111731
 52 -49.27374301675977
 117 -47.26256983240222
 1 -45.25139664804468
 275 -43.24022346368713
 1 -41.22905027932961
 162 -39.21787709497207
 289 -37.20670391061452
 478 -35.19553072625698
 109 -33.18435754189943
 36 -31.17318435754188
 138 -29.16201117318434
 11 -27.15083798882682
 49 -25.13966480446928
 621 -23.12849162011173
 126 -21.11731843575419
 52 -19.10614525139664
 9 -17.09497206703909
 43 -15.08379888268155
 155 -13.072625698324
 8 -11.06145251396646
 581 -9.050279329608941
 5 -7.039106145251395
 130 -5.02793296089385
 12 -3.016759776536304
 2 -1.005586592178759
 9 1.005586592178787
 127 3.016759776536333
 2 5.02793296089385
 513 7.039106145251395
 5 9.050279329608941
 125 11.06145251396649
 45 13.07262569832403
 22 15.08379888268158
 50 17.09497206703912
 112 19.10614525139667
 496 21.11731843575421
 51 23.12849162011173
 95 25.13966480446928
 119 27.15083798882682
 57 29.16201117318437
 211 31.17318435754191
 310 33.18435754189946
 263 35.195530726257
 158 37.20670391061452
 28 39.21787709497207
 245 41.22905027932961
 0 43.24022346368716
 111 45.2513966480447
 63 47.26256983240225
 211 49.27374301675979
 85 51.28491620111734
 175 53.29608938547489
 73 55.3072625698324
 136 57.31843575418995
 243 59.32960893854749
 57 61.34078212290504
 135 63.35195530726259
 83 65.36312849162013
 99 67.37430167597768
 56 69.38547486033519
 35 71.39664804469274
 34 73.40782122905028
 9 75.41899441340783
 5 77.43016759776538
 1 79.44134078212289
 1 81.45251396648047
 1 83.46368715083798
 4 85.47486033519556
 9 87.48603351955308
 7511 89.49720670391065
 5 91.50837988826817
 2 93.51955307262574
 0 95.53072625698326
 0 97.54189944134077
 2 99.55307262569835
 10 101.5642458100559
 26 103.5754189944134
 35 105.586592178771
 19 107.5977653631285
 96 109.608938547486
 119 111.6201117318436
 110 113.6312849162011
 3 115.6424581005587
 198 117.6536312849162
 144 119.6648044692737
 97 121.6759776536313
 158 123.6871508379888
 153 125.6983240223464
 69 127.7094972067039
 178 129.7206703910614
 164 131.731843575419
 3 133.7430167597765
 111 135.7541899441341
 179 137.7653631284916
 101 139.7765363128492
 130 141.7877094972067
 492 143.7988826815642
 122 145.8100558659218
 196 147.8212290502793
 47 149.8324022346369
 174 151.8435754189944
 53 153.854748603352
 429 155.8659217877095
 50 157.8770949720671
 123 159.8882681564246
 51 161.8994413407821
 50 163.9106145251397
 19 165.9217877094972
 107 167.9329608938548
 225 169.9441340782123
 327 171.9553072625699
 2 173.9664804469274
 133 175.9776536312849
 5 177.9888268156425
 0 180


