# Created by Octave 3.8.2, Mon Jun 22 04:06:48 2020 CEST <damian@fptrucha.inv.usc.es>
# name: hd
# type: matrix
# rows: 180
# columns: 2
 1 -180
 121 -177.9888268156425
 2 -175.9776536312849
 240 -173.9664804469274
 160 -171.9553072625698
 81 -169.9441340782123
 21 -167.9329608938548
 33 -165.9217877094972
 37 -163.9106145251397
 88 -161.8994413407821
 29 -159.8882681564246
 300 -157.877094972067
 35 -155.8659217877095
 84 -153.854748603352
 33 -151.8435754189944
 50 -149.8324022346369
 144 -147.8212290502793
 363 -145.8100558659218
 66 -143.7988826815642
 68 -141.7877094972067
 118 -139.7765363128491
 76 -137.7653631284916
 1 -135.7541899441341
 96 -133.7430167597765
 89 -131.731843575419
 51 -129.7206703910614
 100 -127.7094972067039
 133 -125.6983240223464
 63 -123.6871508379888
 98 -121.6759776536313
 122 -119.6648044692737
 1 -117.6536312849162
 79 -115.6424581005587
 69 -113.6312849162011
 83 -111.6201117318436
 16 -109.608938547486
 34 -107.5977653631285
 14 -105.5865921787709
 8 -103.5754189944134
 2 -101.5642458100559
 0 -99.55307262569832
 0 -97.54189944134077
 2 -95.53072625698323
 7 -93.5195530726257
 4775 -91.50837988826815
 12 -89.49720670391061
 2 -87.48603351955308
 3 -85.47486033519553
 1 -83.46368715083798
 4 -81.45251396648044
 6 -79.44134078212289
 6 -77.43016759776536
 29 -75.41899441340782
 22 -73.40782122905027
 33 -71.39664804469274
 69 -69.38547486033519
 50 -67.37430167597765
 83 -65.3631284916201
 29 -63.35195530726256
 173 -61.34078212290503
 90 -59.32960893854748
 128 -57.31843575418993
 56 -55.3072625698324
 48 -53.29608938547486
 140 -51.28491620111731
 46 -49.27374301675977
 64 -47.26256983240222
 2 -45.25139664804468
 204 -43.24022346368713
 1 -41.22905027932961
 107 -39.21787709497207
 152 -37.20670391061452
 273 -35.19553072625698
 70 -33.18435754189943
 42 -31.17318435754188
 103 -29.16201117318434
 7 -27.15083798882682
 43 -25.13966480446928
 343 -23.12849162011173
 86 -21.11731843575419
 29 -19.10614525139664
 11 -17.09497206703909
 31 -15.08379888268155
 98 -13.072625698324
 6 -11.06145251396646
 353 -9.050279329608941
 2 -7.039106145251395
 71 -5.02793296089385
 11 -3.016759776536304
 5 -1.005586592178759
 15 1.005586592178787
 95 3.016759776536333
 4 5.02793296089385
 331 7.039106145251395
 2 9.050279329608941
 92 11.06145251396649
 23 13.07262569832403
 5 15.08379888268158
 38 17.09497206703912
 90 19.10614525139667
 316 21.11731843575421
 34 23.12849162011173
 57 25.13966480446928
 58 27.15083798882682
 34 29.16201117318437
 122 31.17318435754191
 192 33.18435754189946
 154 35.195530726257
 111 37.20670391061452
 24 39.21787709497207
 193 41.22905027932961
 1 43.24022346368716
 78 45.2513966480447
 42 47.26256983240225
 141 49.27374301675979
 47 51.28491620111734
 118 53.29608938547489
 43 55.3072625698324
 81 57.31843575418995
 145 59.32960893854749
 41 61.34078212290504
 69 63.35195530726259
 54 65.36312849162013
 80 67.37430167597768
 33 69.38547486033519
 20 71.39664804469274
 37 73.40782122905028
 6 75.41899441340783
 4 77.43016759776538
 2 79.44134078212289
 2 81.45251396648047
 4 83.46368715083798
 3 85.47486033519556
 10 87.48603351955308
 4436 89.49720670391065
 3 91.50837988826817
 3 93.51955307262574
 1 95.53072625698326
 0 97.54189944134077
 0 99.55307262569835
 7 101.5642458100559
 16 103.5754189944134
 27 105.586592178771
 23 107.5977653631285
 76 109.608938547486
 71 111.6201117318436
 84 113.6312849162011
 2 115.6424581005587
 131 117.6536312849162
 84 119.6648044692737
 57 121.6759776536313
 103 123.6871508379888
 100 125.6983240223464
 50 127.7094972067039
 106 129.7206703910614
 129 131.731843575419
 4 133.7430167597765
 86 135.7541899441341
 110 137.7653631284916
 64 139.7765363128492
 70 141.7877094972067
 284 143.7988826815642
 79 145.8100558659218
 134 147.8212290502793
 29 149.8324022346369
 81 151.8435754189944
 42 153.854748603352
 279 155.8659217877095
 30 157.8770949720671
 86 159.8882681564246
 46 161.8994413407821
 32 163.9106145251397
 19 165.9217877094972
 89 167.9329608938548
 135 169.9441340782123
 192 171.9553072625699
 2 173.9664804469274
 98 175.9776536312849
 0 177.9888268156425
 0 180


