# Created by Octave 3.8.2, Mon Jun 22 03:34:56 2020 CEST <damian@fptrucha.inv.usc.es>
# name: hd
# type: matrix
# rows: 180
# columns: 2
 8 -180
 166 -177.9888268156425
 3 -175.9776536312849
 335 -173.9664804469274
 215 -171.9553072625698
 127 -169.9441340782123
 34 -167.9329608938548
 45 -165.9217877094972
 61 -163.9106145251397
 154 -161.8994413407821
 43 -159.8882681564246
 509 -157.877094972067
 67 -155.8659217877095
 118 -153.854748603352
 54 -151.8435754189944
 70 -149.8324022346369
 215 -147.8212290502793
 518 -145.8100558659218
 102 -143.7988826815642
 78 -141.7877094972067
 165 -139.7765363128491
 102 -137.7653631284916
 6 -135.7541899441341
 174 -133.7430167597765
 160 -131.731843575419
 74 -129.7206703910614
 131 -127.7094972067039
 188 -125.6983240223464
 95 -123.6871508379888
 158 -121.6759776536313
 182 -119.6648044692737
 12 -117.6536312849162
 109 -115.6424581005587
 123 -113.6312849162011
 135 -111.6201117318436
 25 -109.608938547486
 39 -107.5977653631285
 28 -105.5865921787709
 19 -103.5754189944134
 2 -101.5642458100559
 2 -99.55307262569832
 2 -97.54189944134077
 2 -95.53072625698323
 9 -93.5195530726257
 7242 -91.50837988826815
 18 -89.49720670391061
 3 -87.48603351955308
 1 -85.47486033519553
 0 -83.46368715083798
 6 -81.45251396648044
 10 -79.44134078212289
 5 -77.43016759776536
 56 -75.41899441340782
 23 -73.40782122905027
 51 -71.39664804469274
 119 -69.38547486033519
 73 -67.37430167597765
 99 -65.3631284916201
 53 -63.35195530726256
 262 -61.34078212290503
 122 -59.32960893854748
 198 -57.31843575418993
 108 -55.3072625698324
 80 -53.29608938547486
 204 -51.28491620111731
 57 -49.27374301675977
 107 -47.26256983240222
 6 -45.25139664804468
 263 -43.24022346368713
 4 -41.22905027932961
 153 -39.21787709497207
 261 -37.20670391061452
 411 -35.19553072625698
 112 -33.18435754189943
 77 -31.17318435754188
 135 -29.16201117318434
 7 -27.15083798882682
 52 -25.13966480446928
 520 -23.12849162011173
 150 -21.11731843575419
 36 -19.10614525139664
 14 -17.09497206703909
 40 -15.08379888268155
 136 -13.072625698324
 10 -11.06145251396646
 536 -9.050279329608941
 6 -7.039106145251395
 120 -5.02793296089385
 19 -3.016759776536304
 1 -1.005586592178759
 20 1.005586592178787
 128 3.016759776536333
 3 5.02793296089385
 504 7.039106145251395
 10 9.050279329608941
 155 11.06145251396649
 51 13.07262569832403
 16 15.08379888268158
 68 17.09497206703912
 134 19.10614525139667
 521 21.11731843575421
 59 23.12849162011173
 87 25.13966480446928
 101 27.15083798882682
 45 29.16201117318437
 200 31.17318435754191
 306 33.18435754189946
 254 35.195530726257
 123 37.20670391061452
 32 39.21787709497207
 246 41.22905027932961
 5 43.24022346368716
 113 45.2513966480447
 54 47.26256983240225
 198 49.27374301675979
 78 51.28491620111734
 198 53.29608938547489
 73 55.3072625698324
 138 57.31843575418995
 237 59.32960893854749
 37 61.34078212290504
 108 63.35195530726259
 68 65.36312849162013
 103 67.37430167597768
 51 69.38547486033519
 24 71.39664804469274
 57 73.40782122905028
 7 75.41899441340783
 6 77.43016759776538
 6 79.44134078212289
 0 81.45251396648047
 2 83.46368715083798
 7 85.47486033519556
 14 87.48603351955308
 7002 89.49720670391065
 8 91.50837988826817
 8 93.51955307262574
 0 95.53072625698326
 2 97.54189944134077
 1 99.55307262569835
 20 101.5642458100559
 20 103.5754189944134
 50 105.586592178771
 24 107.5977653631285
 110 109.608938547486
 112 111.6201117318436
 106 113.6312849162011
 6 115.6424581005587
 163 117.6536312849162
 168 119.6648044692737
 110 121.6759776536313
 171 123.6871508379888
 151 125.6983240223464
 77 127.7094972067039
 118 129.7206703910614
 186 131.731843575419
 4 133.7430167597765
 93 135.7541899441341
 158 137.7653631284916
 84 139.7765363128492
 134 141.7877094972067
 453 143.7988826815642
 112 145.8100558659218
 182 147.8212290502793
 44 149.8324022346369
 147 151.8435754189944
 68 153.854748603352
 439 155.8659217877095
 41 157.8770949720671
 132 159.8882681564246
 59 161.8994413407821
 48 163.9106145251397
 20 165.9217877094972
 138 167.9329608938548
 191 169.9441340782123
 313 171.9553072625699
 7 173.9664804469274
 147 175.9776536312849
 5 177.9888268156425
 0 180


