# Created by Octave 3.8.2, Mon Jun 22 02:17:52 2020 CEST <damian@fptrucha.inv.usc.es>
# name: hd
# type: matrix
# rows: 180
# columns: 2
 7 -180
 165 -177.9888268156425
 5 -175.9776536312849
 346 -173.9664804469274
 234 -171.9553072625698
 159 -169.9441340782123
 27 -167.9329608938548
 45 -165.9217877094972
 69 -163.9106145251397
 182 -161.8994413407821
 40 -159.8882681564246
 560 -157.877094972067
 64 -155.8659217877095
 139 -153.854748603352
 51 -151.8435754189944
 60 -149.8324022346369
 241 -147.8212290502793
 607 -145.8100558659218
 128 -143.7988826815642
 74 -141.7877094972067
 209 -139.7765363128491
 120 -137.7653631284916
 2 -135.7541899441341
 177 -133.7430167597765
 184 -131.731843575419
 71 -129.7206703910614
 161 -127.7094972067039
 224 -125.6983240223464
 100 -123.6871508379888
 201 -121.6759776536313
 203 -119.6648044692737
 10 -117.6536312849162
 103 -115.6424581005587
 115 -113.6312849162011
 117 -111.6201117318436
 24 -109.608938547486
 46 -107.5977653631285
 24 -105.5865921787709
 17 -103.5754189944134
 1 -101.5642458100559
 0 -99.55307262569832
 1 -97.54189944134077
 2 -95.53072625698323
 7 -93.5195530726257
 7890 -91.50837988826815
 15 -89.49720670391061
 3 -87.48603351955308
 1 -85.47486033519553
 0 -83.46368715083798
 2 -81.45251396648044
 5 -79.44134078212289
 10 -77.43016759776536
 53 -75.41899441340782
 36 -73.40782122905027
 48 -71.39664804469274
 110 -69.38547486033519
 86 -67.37430167597765
 100 -65.3631284916201
 63 -63.35195530726256
 275 -61.34078212290503
 147 -59.32960893854748
 188 -57.31843575418993
 90 -55.3072625698324
 73 -53.29608938547486
 232 -51.28491620111731
 54 -49.27374301675977
 114 -47.26256983240222
 6 -45.25139664804468
 315 -43.24022346368713
 2 -41.22905027932961
 143 -39.21787709497207
 303 -37.20670391061452
 434 -35.19553072625698
 106 -33.18435754189943
 60 -31.17318435754188
 153 -29.16201117318434
 12 -27.15083798882682
 60 -25.13966480446928
 588 -23.12849162011173
 145 -21.11731843575419
 55 -19.10614525139664
 9 -17.09497206703909
 46 -15.08379888268155
 165 -13.072625698324
 7 -11.06145251396646
 572 -9.050279329608941
 12 -7.039106145251395
 118 -5.02793296089385
 21 -3.016759776536304
 6 -1.005586592178759
 19 1.005586592178787
 131 3.016759776536333
 6 5.02793296089385
 542 7.039106145251395
 12 9.050279329608941
 146 11.06145251396649
 40 13.07262569832403
 23 15.08379888268158
 70 17.09497206703912
 138 19.10614525139667
 507 21.11731843575421
 58 23.12849162011173
 109 25.13966480446928
 111 27.15083798882682
 73 29.16201117318437
 229 31.17318435754191
 283 33.18435754189946
 243 35.195530726257
 161 37.20670391061452
 43 39.21787709497207
 269 41.22905027932961
 4 43.24022346368716
 123 45.2513966480447
 49 47.26256983240225
 232 49.27374301675979
 84 51.28491620111734
 177 53.29608938547489
 89 55.3072625698324
 129 57.31843575418995
 247 59.32960893854749
 54 61.34078212290504
 125 63.35195530726259
 86 65.36312849162013
 116 67.37430167597768
 49 69.38547486033519
 33 71.39664804469274
 50 73.40782122905028
 7 75.41899441340783
 7 77.43016759776538
 6 79.44134078212289
 2 81.45251396648047
 5 83.46368715083798
 6 85.47486033519556
 13 87.48603351955308
 7215 89.49720670391065
 10 91.50837988826817
 4 93.51955307262574
 1 95.53072625698326
 4 97.54189944134077
 2 99.55307262569835
 28 101.5642458100559
 32 103.5754189944134
 37 105.586592178771
 25 107.5977653631285
 112 109.608938547486
 131 111.6201117318436
 133 113.6312849162011
 2 115.6424581005587
 207 117.6536312849162
 156 119.6648044692737
 79 121.6759776536313
 177 123.6871508379888
 180 125.6983240223464
 81 127.7094972067039
 162 129.7206703910614
 196 131.731843575419
 0 133.7430167597765
 115 135.7541899441341
 188 137.7653631284916
 117 139.7765363128492
 123 141.7877094972067
 462 143.7988826815642
 127 145.8100558659218
 211 147.8212290502793
 45 149.8324022346369
 153 151.8435754189944
 41 153.854748603352
 448 155.8659217877095
 46 157.8770949720671
 139 159.8882681564246
 72 161.8994413407821
 45 163.9106145251397
 12 165.9217877094972
 133 167.9329608938548
 237 169.9441340782123
 327 171.9553072625699
 4 173.9664804469274
 177 175.9776536312849
 7 177.9888268156425
 0 180


