# Created by Octave 3.8.2, Sat Jun 20 15:56:39 2020 CEST <damian@fptrucha.inv.usc.es>
# name: hd
# type: matrix
# rows: 180
# columns: 2
 7 -180
 156 -177.9888268156425
 3 -175.9776536312849
 354 -173.9664804469274
 254 -171.9553072625698
 149 -169.9441340782123
 28 -167.9329608938548
 37 -165.9217877094972
 56 -163.9106145251397
 143 -161.8994413407821
 44 -159.8882681564246
 687 -157.877094972067
 61 -155.8659217877095
 126 -153.854748603352
 47 -151.8435754189944
 45 -149.8324022346369
 177 -147.8212290502793
 702 -145.8100558659218
 113 -143.7988826815642
 88 -141.7877094972067
 173 -139.7765363128491
 121 -137.7653631284916
 1 -135.7541899441341
 148 -133.7430167597765
 160 -131.731843575419
 83 -129.7206703910614
 188 -127.7094972067039
 235 -125.6983240223464
 90 -123.6871508379888
 177 -121.6759776536313
 178 -119.6648044692737
 3 -117.6536312849162
 107 -115.6424581005587
 120 -113.6312849162011
 140 -111.6201117318436
 12 -109.608938547486
 32 -107.5977653631285
 28 -105.5865921787709
 11 -103.5754189944134
 4 -101.5642458100559
 0 -99.55307262569832
 2 -97.54189944134077
 2 -95.53072625698323
 7 -93.5195530726257
 8319 -91.50837988826815
 6 -89.49720670391061
 4 -87.48603351955308
 0 -85.47486033519553
 3 -83.46368715083798
 3 -81.45251396648044
 8 -79.44134078212289
 6 -77.43016759776536
 38 -75.41899441340782
 24 -73.40782122905027
 52 -71.39664804469274
 117 -69.38547486033519
 73 -67.37430167597765
 88 -65.3631284916201
 48 -63.35195530726256
 279 -61.34078212290503
 133 -59.32960893854748
 227 -57.31843575418993
 104 -55.3072625698324
 89 -53.29608938547486
 233 -51.28491620111731
 55 -49.27374301675977
 94 -47.26256983240222
 2 -45.25139664804468
 266 -43.24022346368713
 3 -41.22905027932961
 165 -39.21787709497207
 287 -37.20670391061452
 491 -35.19553072625698
 104 -33.18435754189943
 68 -31.17318435754188
 164 -29.16201117318434
 10 -27.15083798882682
 56 -25.13966480446928
 679 -23.12849162011173
 137 -21.11731843575419
 46 -19.10614525139664
 6 -17.09497206703909
 43 -15.08379888268155
 173 -13.072625698324
 3 -11.06145251396646
 586 -9.050279329608941
 0 -7.039106145251395
 135 -5.02793296089385
 21 -3.016759776536304
 4 -1.005586592178759
 25 1.005586592178787
 115 3.016759776536333
 5 5.02793296089385
 559 7.039106145251395
 7 9.050279329608941
 137 11.06145251396649
 45 13.07262569832403
 8 15.08379888268158
 57 17.09497206703912
 104 19.10614525139667
 529 21.11731843575421
 64 23.12849162011173
 95 25.13966480446928
 96 27.15083798882682
 52 29.16201117318437
 242 31.17318435754191
 322 33.18435754189946
 246 35.195530726257
 174 37.20670391061452
 29 39.21787709497207
 326 41.22905027932961
 1 43.24022346368716
 115 45.2513966480447
 66 47.26256983240225
 225 49.27374301675979
 74 51.28491620111734
 197 53.29608938547489
 77 55.3072625698324
 131 57.31843575418995
 281 59.32960893854749
 74 61.34078212290504
 112 63.35195530726259
 85 65.36312849162013
 109 67.37430167597768
 47 69.38547486033519
 39 71.39664804469274
 60 73.40782122905028
 6 75.41899441340783
 7 77.43016759776538
 2 79.44134078212289
 0 81.45251396648047
 0 83.46368715083798
 2 85.47486033519556
 10 87.48603351955308
 7840 89.49720670391065
 8 91.50837988826817
 1 93.51955307262574
 0 95.53072625698326
 1 97.54189944134077
 5 99.55307262569835
 19 101.5642458100559
 24 103.5754189944134
 38 105.586592178771
 23 107.5977653631285
 103 109.608938547486
 138 111.6201117318436
 129 113.6312849162011
 6 115.6424581005587
 227 117.6536312849162
 162 119.6648044692737
 98 121.6759776536313
 185 123.6871508379888
 198 125.6983240223464
 91 127.7094972067039
 183 129.7206703910614
 177 131.731843575419
 0 133.7430167597765
 120 135.7541899441341
 182 137.7653631284916
 101 139.7765363128492
 142 141.7877094972067
 480 143.7988826815642
 125 145.8100558659218
 214 147.8212290502793
 50 149.8324022346369
 180 151.8435754189944
 57 153.854748603352
 457 155.8659217877095
 61 157.8770949720671
 143 159.8882681564246
 74 161.8994413407821
 43 163.9106145251397
 23 165.9217877094972
 113 167.9329608938548
 218 169.9441340782123
 332 171.9553072625699
 1 173.9664804469274
 167 175.9776536312849
 3 177.9888268156425
 0 180


