# Created by Octave 3.8.2, Mon Jun 22 23:35:16 2020 CEST <damian@fptrucha.inv.usc.es>
# name: hd
# type: matrix
# rows: 180
# columns: 2
 8 -180
 178 -177.9888268156425
 4 -175.9776536312849
 391 -173.9664804469274
 221 -171.9553072625698
 155 -169.9441340782123
 33 -167.9329608938548
 37 -165.9217877094972
 71 -163.9106145251397
 154 -161.8994413407821
 46 -159.8882681564246
 608 -157.877094972067
 71 -155.8659217877095
 143 -153.854748603352
 37 -151.8435754189944
 79 -149.8324022346369
 263 -147.8212290502793
 607 -145.8100558659218
 143 -143.7988826815642
 100 -141.7877094972067
 219 -139.7765363128491
 120 -137.7653631284916
 4 -135.7541899441341
 168 -133.7430167597765
 169 -131.731843575419
 82 -129.7206703910614
 201 -127.7094972067039
 224 -125.6983240223464
 124 -123.6871508379888
 208 -121.6759776536313
 207 -119.6648044692737
 3 -117.6536312849162
 130 -115.6424581005587
 160 -113.6312849162011
 136 -111.6201117318436
 21 -109.608938547486
 44 -107.5977653631285
 28 -105.5865921787709
 16 -103.5754189944134
 2 -101.5642458100559
 1 -99.55307262569832
 1 -97.54189944134077
 4 -95.53072625698323
 6 -93.5195530726257
 8589 -91.50837988826815
 14 -89.49720670391061
 5 -87.48603351955308
 4 -85.47486033519553
 1 -83.46368715083798
 1 -81.45251396648044
 11 -79.44134078212289
 6 -77.43016759776536
 59 -75.41899441340782
 35 -73.40782122905027
 59 -71.39664804469274
 134 -69.38547486033519
 76 -67.37430167597765
 113 -65.3631284916201
 52 -63.35195530726256
 275 -61.34078212290503
 178 -59.32960893854748
 231 -57.31843575418993
 114 -55.3072625698324
 85 -53.29608938547486
 239 -51.28491620111731
 71 -49.27374301675977
 145 -47.26256983240222
 3 -45.25139664804468
 315 -43.24022346368713
 3 -41.22905027932961
 150 -39.21787709497207
 341 -37.20670391061452
 458 -35.19553072625698
 124 -33.18435754189943
 56 -31.17318435754188
 191 -29.16201117318434
 12 -27.15083798882682
 62 -25.13966480446928
 616 -23.12849162011173
 165 -21.11731843575419
 57 -19.10614525139664
 14 -17.09497206703909
 54 -15.08379888268155
 154 -13.072625698324
 13 -11.06145251396646
 580 -9.050279329608941
 3 -7.039106145251395
 151 -5.02793296089385
 19 -3.016759776536304
 3 -1.005586592178759
 17 1.005586592178787
 127 3.016759776536333
 3 5.02793296089385
 564 7.039106145251395
 16 9.050279329608941
 151 11.06145251396649
 48 13.07262569832403
 11 15.08379888268158
 58 17.09497206703912
 124 19.10614525139667
 562 21.11731843575421
 61 23.12849162011173
 104 25.13966480446928
 103 27.15083798882682
 63 29.16201117318437
 212 31.17318435754191
 339 33.18435754189946
 306 35.195530726257
 146 37.20670391061452
 30 39.21787709497207
 275 41.22905027932961
 1 43.24022346368716
 139 45.2513966480447
 68 47.26256983240225
 242 49.27374301675979
 98 51.28491620111734
 187 53.29608938547489
 94 55.3072625698324
 156 57.31843575418995
 263 59.32960893854749
 63 61.34078212290504
 137 63.35195530726259
 82 65.36312849162013
 115 67.37430167597768
 47 69.38547486033519
 28 71.39664804469274
 40 73.40782122905028
 4 75.41899441340783
 12 77.43016759776538
 2 79.44134078212289
 0 81.45251396648047
 2 83.46368715083798
 4 85.47486033519556
 13 87.48603351955308
 7999 89.49720670391065
 9 91.50837988826817
 6 93.51955307262574
 0 95.53072625698326
 0 97.54189944134077
 7 99.55307262569835
 13 101.5642458100559
 30 103.5754189944134
 34 105.586592178771
 20 107.5977653631285
 123 109.608938547486
 114 111.6201117318436
 142 113.6312849162011
 7 115.6424581005587
 205 117.6536312849162
 192 119.6648044692737
 120 121.6759776536313
 194 123.6871508379888
 199 125.6983240223464
 90 127.7094972067039
 171 129.7206703910614
 205 131.731843575419
 4 133.7430167597765
 136 135.7541899441341
 192 137.7653631284916
 132 139.7765363128492
 117 141.7877094972067
 574 143.7988826815642
 118 145.8100558659218
 224 147.8212290502793
 43 149.8324022346369
 137 151.8435754189944
 54 153.854748603352
 532 155.8659217877095
 56 157.8770949720671
 134 159.8882681564246
 70 161.8994413407821
 52 163.9106145251397
 18 165.9217877094972
 134 167.9329608938548
 229 169.9441340782123
 358 171.9553072625699
 6 173.9664804469274
 164 175.9776536312849
 6 177.9888268156425
 0 180


