# Created by Octave 3.8.2, Sat Jun 20 02:03:03 2020 CEST <damian@fptrucha.inv.usc.es>
# name: hd
# type: matrix
# rows: 180
# columns: 2
 1 -180
 148 -177.9888268156425
 5 -175.9776536312849
 411 -173.9664804469274
 267 -171.9553072625698
 175 -169.9441340782123
 37 -167.9329608938548
 51 -165.9217877094972
 70 -163.9106145251397
 152 -161.8994413407821
 48 -159.8882681564246
 716 -157.877094972067
 70 -155.8659217877095
 115 -153.854748603352
 47 -151.8435754189944
 71 -149.8324022346369
 265 -147.8212290502793
 667 -145.8100558659218
 159 -143.7988826815642
 88 -141.7877094972067
 199 -139.7765363128491
 133 -137.7653631284916
 2 -135.7541899441341
 190 -133.7430167597765
 166 -131.731843575419
 101 -129.7206703910614
 212 -127.7094972067039
 271 -125.6983240223464
 123 -123.6871508379888
 223 -121.6759776536313
 230 -119.6648044692737
 3 -117.6536312849162
 131 -115.6424581005587
 150 -113.6312849162011
 139 -111.6201117318436
 19 -109.608938547486
 42 -107.5977653631285
 32 -105.5865921787709
 26 -103.5754189944134
 2 -101.5642458100559
 3 -99.55307262569832
 1 -97.54189944134077
 2 -95.53072625698323
 9 -93.5195530726257
 8969 -91.50837988826815
 10 -89.49720670391061
 3 -87.48603351955308
 0 -85.47486033519553
 0 -83.46368715083798
 4 -81.45251396648044
 10 -79.44134078212289
 4 -77.43016759776536
 54 -75.41899441340782
 29 -73.40782122905027
 50 -71.39664804469274
 130 -69.38547486033519
 77 -67.37430167597765
 108 -65.3631284916201
 58 -63.35195530726256
 295 -61.34078212290503
 152 -59.32960893854748
 225 -57.31843575418993
 127 -55.3072625698324
 67 -53.29608938547486
 218 -51.28491620111731
 58 -49.27374301675977
 123 -47.26256983240222
 3 -45.25139664804468
 304 -43.24022346368713
 3 -41.22905027932961
 181 -39.21787709497207
 346 -37.20670391061452
 472 -35.19553072625698
 124 -33.18435754189943
 60 -31.17318435754188
 157 -29.16201117318434
 6 -27.15083798882682
 55 -25.13966480446928
 668 -23.12849162011173
 138 -21.11731843575419
 52 -19.10614525139664
 8 -17.09497206703909
 37 -15.08379888268155
 157 -13.072625698324
 7 -11.06145251396646
 617 -9.050279329608941
 1 -7.039106145251395
 122 -5.02793296089385
 17 -3.016759776536304
 3 -1.005586592178759
 19 1.005586592178787
 109 3.016759776536333
 0 5.02793296089385
 622 7.039106145251395
 8 9.050279329608941
 155 11.06145251396649
 50 13.07262569832403
 14 15.08379888268158
 66 17.09497206703912
 128 19.10614525139667
 527 21.11731843575421
 53 23.12849162011173
 80 25.13966480446928
 92 27.15083798882682
 49 29.16201117318437
 189 31.17318435754191
 319 33.18435754189946
 216 35.195530726257
 173 37.20670391061452
 27 39.21787709497207
 291 41.22905027932961
 0 43.24022346368716
 109 45.2513966480447
 55 47.26256983240225
 202 49.27374301675979
 75 51.28491620111734
 232 53.29608938547489
 84 55.3072625698324
 139 57.31843575418995
 243 59.32960893854749
 52 61.34078212290504
 99 63.35195530726259
 59 65.36312849162013
 105 67.37430167597768
 47 69.38547486033519
 24 71.39664804469274
 33 73.40782122905028
 5 75.41899441340783
 4 77.43016759776538
 0 79.44134078212289
 3 81.45251396648047
 1 83.46368715083798
 2 85.47486033519556
 11 87.48603351955308
 7961 89.49720670391065
 4 91.50837988826817
 3 93.51955307262574
 0 95.53072625698326
 0 97.54189944134077
 1 99.55307262569835
 8 101.5642458100559
 24 103.5754189944134
 27 105.586592178771
 17 107.5977653631285
 105 109.608938547486
 99 111.6201117318436
 107 113.6312849162011
 3 115.6424581005587
 194 117.6536312849162
 157 119.6648044692737
 75 121.6759776536313
 179 123.6871508379888
 204 125.6983240223464
 87 127.7094972067039
 152 129.7206703910614
 172 131.731843575419
 1 133.7430167597765
 127 135.7541899441341
 170 137.7653631284916
 98 139.7765363128492
 141 141.7877094972067
 531 143.7988826815642
 119 145.8100558659218
 202 147.8212290502793
 47 149.8324022346369
 158 151.8435754189944
 75 153.854748603352
 523 155.8659217877095
 50 157.8770949720671
 143 159.8882681564246
 81 161.8994413407821
 46 163.9106145251397
 18 165.9217877094972
 129 167.9329608938548
 235 169.9441340782123
 383 171.9553072625699
 2 173.9664804469274
 153 175.9776536312849
 2 177.9888268156425
 0 180


