# Created by Octave 3.8.2, Mon Jun 22 06:06:57 2020 CEST <damian@fptrucha.inv.usc.es>
# name: hd
# type: matrix
# rows: 180
# columns: 2
 4 -180
 163 -177.9888268156425
 3 -175.9776536312849
 361 -173.9664804469274
 229 -171.9553072625698
 120 -169.9441340782123
 29 -167.9329608938548
 53 -165.9217877094972
 54 -163.9106145251397
 113 -161.8994413407821
 40 -159.8882681564246
 522 -157.877094972067
 64 -155.8659217877095
 148 -153.854748603352
 51 -151.8435754189944
 62 -149.8324022346369
 206 -147.8212290502793
 481 -145.8100558659218
 135 -143.7988826815642
 76 -141.7877094972067
 158 -139.7765363128491
 130 -137.7653631284916
 3 -135.7541899441341
 162 -133.7430167597765
 176 -131.731843575419
 72 -129.7206703910614
 149 -127.7094972067039
 189 -125.6983240223464
 97 -123.6871508379888
 170 -121.6759776536313
 186 -119.6648044692737
 4 -117.6536312849162
 123 -115.6424581005587
 136 -113.6312849162011
 112 -111.6201117318436
 16 -109.608938547486
 35 -107.5977653631285
 15 -105.5865921787709
 17 -103.5754189944134
 3 -101.5642458100559
 0 -99.55307262569832
 2 -97.54189944134077
 6 -95.53072625698323
 7 -93.5195530726257
 7448 -91.50837988826815
 17 -89.49720670391061
 8 -87.48603351955308
 0 -85.47486033519553
 0 -83.46368715083798
 3 -81.45251396648044
 9 -79.44134078212289
 7 -77.43016759776536
 55 -75.41899441340782
 34 -73.40782122905027
 63 -71.39664804469274
 120 -69.38547486033519
 70 -67.37430167597765
 125 -65.3631284916201
 62 -63.35195530726256
 242 -61.34078212290503
 134 -59.32960893854748
 176 -57.31843575418993
 82 -55.3072625698324
 69 -53.29608938547486
 232 -51.28491620111731
 55 -49.27374301675977
 115 -47.26256983240222
 4 -45.25139664804468
 281 -43.24022346368713
 3 -41.22905027932961
 154 -39.21787709497207
 259 -37.20670391061452
 422 -35.19553072625698
 103 -33.18435754189943
 50 -31.17318435754188
 161 -29.16201117318434
 7 -27.15083798882682
 70 -25.13966480446928
 508 -23.12849162011173
 105 -21.11731843575419
 55 -19.10614525139664
 15 -17.09497206703909
 40 -15.08379888268155
 143 -13.072625698324
 15 -11.06145251396646
 545 -9.050279329608941
 4 -7.039106145251395
 130 -5.02793296089385
 26 -3.016759776536304
 6 -1.005586592178759
 8 1.005586592178787
 103 3.016759776536333
 3 5.02793296089385
 542 7.039106145251395
 7 9.050279329608941
 138 11.06145251396649
 45 13.07262569832403
 13 15.08379888268158
 47 17.09497206703912
 131 19.10614525139667
 577 21.11731843575421
 66 23.12849162011173
 79 25.13966480446928
 94 27.15083798882682
 59 29.16201117318437
 176 31.17318435754191
 300 33.18435754189946
 221 35.195530726257
 120 37.20670391061452
 35 39.21787709497207
 300 41.22905027932961
 3 43.24022346368716
 106 45.2513966480447
 72 47.26256983240225
 217 49.27374301675979
 79 51.28491620111734
 197 53.29608938547489
 75 55.3072625698324
 145 57.31843575418995
 247 59.32960893854749
 57 61.34078212290504
 114 63.35195530726259
 89 65.36312849162013
 107 67.37430167597768
 47 69.38547486033519
 25 71.39664804469274
 37 73.40782122905028
 5 75.41899441340783
 10 77.43016759776538
 4 79.44134078212289
 2 81.45251396648047
 1 83.46368715083798
 3 85.47486033519556
 18 87.48603351955308
 7116 89.49720670391065
 9 91.50837988826817
 4 93.51955307262574
 5 95.53072625698326
 2 97.54189944134077
 3 99.55307262569835
 11 101.5642458100559
 15 103.5754189944134
 32 105.586592178771
 21 107.5977653631285
 102 109.608938547486
 104 111.6201117318436
 108 113.6312849162011
 2 115.6424581005587
 193 117.6536312849162
 174 119.6648044692737
 91 121.6759776536313
 170 123.6871508379888
 193 125.6983240223464
 85 127.7094972067039
 147 129.7206703910614
 180 131.731843575419
 4 133.7430167597765
 103 135.7541899441341
 151 137.7653631284916
 102 139.7765363128492
 132 141.7877094972067
 478 143.7988826815642
 113 145.8100558659218
 183 147.8212290502793
 58 149.8324022346369
 154 151.8435754189944
 59 153.854748603352
 457 155.8659217877095
 47 157.8770949720671
 161 159.8882681564246
 62 161.8994413407821
 50 163.9106145251397
 17 165.9217877094972
 146 167.9329608938548
 208 169.9441340782123
 333 171.9553072625699
 8 173.9664804469274
 145 175.9776536312849
 4 177.9888268156425
 0 180


