# Created by Octave 3.8.2, Mon Jun 22 12:45:11 2020 CEST <damian@fptrucha.inv.usc.es>
# name: hd
# type: matrix
# rows: 180
# columns: 2
 5 -180
 187 -177.9888268156425
 3 -175.9776536312849
 362 -173.9664804469274
 243 -171.9553072625698
 141 -169.9441340782123
 28 -167.9329608938548
 40 -165.9217877094972
 66 -163.9106145251397
 165 -161.8994413407821
 39 -159.8882681564246
 528 -157.877094972067
 72 -155.8659217877095
 126 -153.854748603352
 39 -151.8435754189944
 55 -149.8324022346369
 243 -147.8212290502793
 589 -145.8100558659218
 139 -143.7988826815642
 97 -141.7877094972067
 171 -139.7765363128491
 115 -137.7653631284916
 4 -135.7541899441341
 163 -133.7430167597765
 168 -131.731843575419
 57 -129.7206703910614
 154 -127.7094972067039
 245 -125.6983240223464
 87 -123.6871508379888
 177 -121.6759776536313
 218 -119.6648044692737
 5 -117.6536312849162
 109 -115.6424581005587
 116 -113.6312849162011
 125 -111.6201117318436
 20 -109.608938547486
 49 -107.5977653631285
 20 -105.5865921787709
 12 -103.5754189944134
 9 -101.5642458100559
 0 -99.55307262569832
 1 -97.54189944134077
 5 -95.53072625698323
 11 -93.5195530726257
 7978 -91.50837988826815
 20 -89.49720670391061
 0 -87.48603351955308
 0 -85.47486033519553
 0 -83.46368715083798
 4 -81.45251396648044
 7 -79.44134078212289
 4 -77.43016759776536
 48 -75.41899441340782
 30 -73.40782122905027
 47 -71.39664804469274
 113 -69.38547486033519
 87 -67.37430167597765
 92 -65.3631284916201
 60 -63.35195530726256
 243 -61.34078212290503
 132 -59.32960893854748
 212 -57.31843575418993
 95 -55.3072625698324
 80 -53.29608938547486
 203 -51.28491620111731
 63 -49.27374301675977
 113 -47.26256983240222
 2 -45.25139664804468
 302 -43.24022346368713
 2 -41.22905027932961
 152 -39.21787709497207
 252 -37.20670391061452
 452 -35.19553072625698
 131 -33.18435754189943
 52 -31.17318435754188
 165 -29.16201117318434
 14 -27.15083798882682
 61 -25.13966480446928
 588 -23.12849162011173
 152 -21.11731843575419
 62 -19.10614525139664
 7 -17.09497206703909
 36 -15.08379888268155
 144 -13.072625698324
 7 -11.06145251396646
 528 -9.050279329608941
 0 -7.039106145251395
 115 -5.02793296089385
 13 -3.016759776536304
 6 -1.005586592178759
 30 1.005586592178787
 140 3.016759776536333
 4 5.02793296089385
 566 7.039106145251395
 12 9.050279329608941
 150 11.06145251396649
 59 13.07262569832403
 11 15.08379888268158
 58 17.09497206703912
 122 19.10614525139667
 535 21.11731843575421
 58 23.12849162011173
 80 25.13966480446928
 92 27.15083798882682
 60 29.16201117318437
 192 31.17318435754191
 328 33.18435754189946
 256 35.195530726257
 169 37.20670391061452
 30 39.21787709497207
 308 41.22905027932961
 3 43.24022346368716
 128 45.2513966480447
 57 47.26256983240225
 236 49.27374301675979
 76 51.28491620111734
 201 53.29608938547489
 89 55.3072625698324
 151 57.31843575418995
 269 59.32960893854749
 55 61.34078212290504
 133 63.35195530726259
 81 65.36312849162013
 148 67.37430167597768
 48 69.38547486033519
 30 71.39664804469274
 48 73.40782122905028
 5 75.41899441340783
 9 77.43016759776538
 4 79.44134078212289
 3 81.45251396648047
 1 83.46368715083798
 4 85.47486033519556
 27 87.48603351955308
 7522 89.49720670391065
 10 91.50837988826817
 6 93.51955307262574
 1 95.53072625698326
 0 97.54189944134077
 9 99.55307262569835
 11 101.5642458100559
 22 103.5754189944134
 39 105.586592178771
 23 107.5977653631285
 129 109.608938547486
 113 111.6201117318436
 140 113.6312849162011
 2 115.6424581005587
 208 117.6536312849162
 166 119.6648044692737
 95 121.6759776536313
 189 123.6871508379888
 199 125.6983240223464
 84 127.7094972067039
 155 129.7206703910614
 179 131.731843575419
 4 133.7430167597765
 134 135.7541899441341
 199 137.7653631284916
 101 139.7765363128492
 145 141.7877094972067
 491 143.7988826815642
 111 145.8100558659218
 185 147.8212290502793
 60 149.8324022346369
 153 151.8435754189944
 67 153.854748603352
 479 155.8659217877095
 47 157.8770949720671
 150 159.8882681564246
 67 161.8994413407821
 40 163.9106145251397
 25 165.9217877094972
 140 167.9329608938548
 220 169.9441340782123
 332 171.9553072625699
 5 173.9664804469274
 153 175.9776536312849
 10 177.9888268156425
 0 180


