# Created by Octave 3.8.2, Mon Jun 22 12:34:29 2020 CEST <damian@fptrucha.inv.usc.es>
# name: hd
# type: matrix
# rows: 180
# columns: 2
 3 -180
 178 -177.9888268156425
 5 -175.9776536312849
 372 -173.9664804469274
 223 -171.9553072625698
 143 -169.9441340782123
 37 -167.9329608938548
 47 -165.9217877094972
 63 -163.9106145251397
 165 -161.8994413407821
 52 -159.8882681564246
 594 -157.877094972067
 73 -155.8659217877095
 143 -153.854748603352
 27 -151.8435754189944
 73 -149.8324022346369
 237 -147.8212290502793
 599 -145.8100558659218
 127 -143.7988826815642
 95 -141.7877094972067
 170 -139.7765363128491
 119 -137.7653631284916
 3 -135.7541899441341
 167 -133.7430167597765
 157 -131.731843575419
 90 -129.7206703910614
 196 -127.7094972067039
 220 -125.6983240223464
 102 -123.6871508379888
 174 -121.6759776536313
 186 -119.6648044692737
 6 -117.6536312849162
 96 -115.6424581005587
 112 -113.6312849162011
 131 -111.6201117318436
 19 -109.608938547486
 35 -107.5977653631285
 21 -105.5865921787709
 14 -103.5754189944134
 9 -101.5642458100559
 0 -99.55307262569832
 0 -97.54189944134077
 4 -95.53072625698323
 12 -93.5195530726257
 7778 -91.50837988826815
 14 -89.49720670391061
 5 -87.48603351955308
 2 -85.47486033519553
 1 -83.46368715083798
 3 -81.45251396648044
 5 -79.44134078212289
 6 -77.43016759776536
 58 -75.41899441340782
 27 -73.40782122905027
 55 -71.39664804469274
 114 -69.38547486033519
 80 -67.37430167597765
 107 -65.3631284916201
 51 -63.35195530726256
 248 -61.34078212290503
 130 -59.32960893854748
 219 -57.31843575418993
 86 -55.3072625698324
 85 -53.29608938547486
 233 -51.28491620111731
 57 -49.27374301675977
 114 -47.26256983240222
 3 -45.25139664804468
 307 -43.24022346368713
 4 -41.22905027932961
 155 -39.21787709497207
 295 -37.20670391061452
 426 -35.19553072625698
 99 -33.18435754189943
 58 -31.17318435754188
 174 -29.16201117318434
 16 -27.15083798882682
 53 -25.13966480446928
 571 -23.12849162011173
 135 -21.11731843575419
 58 -19.10614525139664
 12 -17.09497206703909
 50 -15.08379888268155
 214 -13.072625698324
 12 -11.06145251396646
 565 -9.050279329608941
 1 -7.039106145251395
 107 -5.02793296089385
 27 -3.016759776536304
 3 -1.005586592178759
 17 1.005586592178787
 116 3.016759776536333
 6 5.02793296089385
 509 7.039106145251395
 6 9.050279329608941
 139 11.06145251396649
 36 13.07262569832403
 11 15.08379888268158
 45 17.09497206703912
 119 19.10614525139667
 532 21.11731843575421
 62 23.12849162011173
 87 25.13966480446928
 103 27.15083798882682
 61 29.16201117318437
 204 31.17318435754191
 319 33.18435754189946
 258 35.195530726257
 148 37.20670391061452
 30 39.21787709497207
 273 41.22905027932961
 2 43.24022346368716
 125 45.2513966480447
 50 47.26256983240225
 274 49.27374301675979
 89 51.28491620111734
 220 53.29608938547489
 97 55.3072625698324
 171 57.31843575418995
 262 59.32960893854749
 68 61.34078212290504
 129 63.35195530726259
 80 65.36312849162013
 104 67.37430167597768
 42 69.38547486033519
 29 71.39664804469274
 41 73.40782122905028
 7 75.41899441340783
 6 77.43016759776538
 5 79.44134078212289
 0 81.45251396648047
 3 83.46368715083798
 5 85.47486033519556
 19 87.48603351955308
 7591 89.49720670391065
 21 91.50837988826817
 6 93.51955307262574
 2 95.53072625698326
 0 97.54189944134077
 2 99.55307262569835
 18 101.5642458100559
 27 103.5754189944134
 51 105.586592178771
 26 107.5977653631285
 137 109.608938547486
 125 111.6201117318436
 107 113.6312849162011
 3 115.6424581005587
 205 117.6536312849162
 176 119.6648044692737
 98 121.6759776536313
 200 123.6871508379888
 204 125.6983240223464
 68 127.7094972067039
 191 129.7206703910614
 193 131.731843575419
 4 133.7430167597765
 110 135.7541899441341
 208 137.7653631284916
 135 139.7765363128492
 133 141.7877094972067
 533 143.7988826815642
 126 145.8100558659218
 193 147.8212290502793
 46 149.8324022346369
 129 151.8435754189944
 71 153.854748603352
 510 155.8659217877095
 42 157.8770949720671
 141 159.8882681564246
 64 161.8994413407821
 49 163.9106145251397
 16 165.9217877094972
 161 167.9329608938548
 236 169.9441340782123
 328 171.9553072625699
 0 173.9664804469274
 155 175.9776536312849
 3 177.9888268156425
 0 180


