# Created by Octave 3.8.2, Mon Jun 22 11:37:56 2020 CEST <damian@fptrucha.inv.usc.es>
# name: hd
# type: matrix
# rows: 180
# columns: 2
 6 -180
 175 -177.9888268156425
 4 -175.9776536312849
 360 -173.9664804469274
 249 -171.9553072625698
 150 -169.9441340782123
 33 -167.9329608938548
 52 -165.9217877094972
 38 -163.9106145251397
 135 -161.8994413407821
 38 -159.8882681564246
 533 -157.877094972067
 68 -155.8659217877095
 138 -153.854748603352
 50 -151.8435754189944
 78 -149.8324022346369
 206 -147.8212290502793
 587 -145.8100558659218
 125 -143.7988826815642
 91 -141.7877094972067
 163 -139.7765363128491
 115 -137.7653631284916
 5 -135.7541899441341
 164 -133.7430167597765
 160 -131.731843575419
 81 -129.7206703910614
 187 -127.7094972067039
 187 -125.6983240223464
 120 -123.6871508379888
 182 -121.6759776536313
 157 -119.6648044692737
 3 -117.6536312849162
 110 -115.6424581005587
 132 -113.6312849162011
 128 -111.6201117318436
 25 -109.608938547486
 35 -107.5977653631285
 27 -105.5865921787709
 17 -103.5754189944134
 7 -101.5642458100559
 3 -99.55307262569832
 0 -97.54189944134077
 4 -95.53072625698323
 7 -93.5195530726257
 7719 -91.50837988826815
 10 -89.49720670391061
 8 -87.48603351955308
 1 -85.47486033519553
 1 -83.46368715083798
 3 -81.45251396648044
 6 -79.44134078212289
 3 -77.43016759776536
 45 -75.41899441340782
 24 -73.40782122905027
 60 -71.39664804469274
 94 -69.38547486033519
 74 -67.37430167597765
 110 -65.3631284916201
 43 -63.35195530726256
 227 -61.34078212290503
 148 -59.32960893854748
 213 -57.31843575418993
 91 -55.3072625698324
 78 -53.29608938547486
 212 -51.28491620111731
 58 -49.27374301675977
 126 -47.26256983240222
 4 -45.25139664804468
 301 -43.24022346368713
 4 -41.22905027932961
 162 -39.21787709497207
 291 -37.20670391061452
 439 -35.19553072625698
 120 -33.18435754189943
 62 -31.17318435754188
 193 -29.16201117318434
 12 -27.15083798882682
 63 -25.13966480446928
 530 -23.12849162011173
 136 -21.11731843575419
 72 -19.10614525139664
 15 -17.09497206703909
 50 -15.08379888268155
 148 -13.072625698324
 9 -11.06145251396646
 583 -9.050279329608941
 2 -7.039106145251395
 129 -5.02793296089385
 23 -3.016759776536304
 3 -1.005586592178759
 25 1.005586592178787
 129 3.016759776536333
 4 5.02793296089385
 553 7.039106145251395
 10 9.050279329608941
 151 11.06145251396649
 33 13.07262569832403
 12 15.08379888268158
 63 17.09497206703912
 148 19.10614525139667
 544 21.11731843575421
 77 23.12849162011173
 74 25.13966480446928
 87 27.15083798882682
 61 29.16201117318437
 199 31.17318435754191
 326 33.18435754189946
 260 35.195530726257
 144 37.20670391061452
 39 39.21787709497207
 311 41.22905027932961
 1 43.24022346368716
 99 45.2513966480447
 60 47.26256983240225
 220 49.27374301675979
 98 51.28491620111734
 172 53.29608938547489
 80 55.3072625698324
 153 57.31843575418995
 275 59.32960893854749
 61 61.34078212290504
 126 63.35195530726259
 70 65.36312849162013
 118 67.37430167597768
 50 69.38547486033519
 36 71.39664804469274
 53 73.40782122905028
 2 75.41899441340783
 10 77.43016759776538
 2 79.44134078212289
 1 81.45251396648047
 3 83.46368715083798
 5 85.47486033519556
 18 87.48603351955308
 7661 89.49720670391065
 4 91.50837988826817
 5 93.51955307262574
 3 95.53072625698326
 3 97.54189944134077
 5 99.55307262569835
 17 101.5642458100559
 26 103.5754189944134
 37 105.586592178771
 25 107.5977653631285
 120 109.608938547486
 129 111.6201117318436
 128 113.6312849162011
 6 115.6424581005587
 196 117.6536312849162
 191 119.6648044692737
 86 121.6759776536313
 179 123.6871508379888
 137 125.6983240223464
 72 127.7094972067039
 172 129.7206703910614
 190 131.731843575419
 9 133.7430167597765
 118 135.7541899441341
 175 137.7653631284916
 105 139.7765363128492
 127 141.7877094972067
 515 143.7988826815642
 110 145.8100558659218
 194 147.8212290502793
 50 149.8324022346369
 125 151.8435754189944
 76 153.854748603352
 492 155.8659217877095
 53 157.8770949720671
 154 159.8882681564246
 77 161.8994413407821
 38 163.9106145251397
 20 165.9217877094972
 139 167.9329608938548
 247 169.9441340782123
 328 171.9553072625699
 6 173.9664804469274
 168 175.9776536312849
 2 177.9888268156425
 0 180


