# Created by Octave 3.8.2, Mon Jun 22 17:26:06 2020 CEST <damian@fptrucha.inv.usc.es>
# name: hd
# type: matrix
# rows: 180
# columns: 2
 4 -180
 156 -177.9888268156425
 6 -175.9776536312849
 396 -173.9664804469274
 259 -171.9553072625698
 155 -169.9441340782123
 31 -167.9329608938548
 45 -165.9217877094972
 49 -163.9106145251397
 170 -161.8994413407821
 55 -159.8882681564246
 595 -157.877094972067
 62 -155.8659217877095
 135 -153.854748603352
 51 -151.8435754189944
 66 -149.8324022346369
 246 -147.8212290502793
 604 -145.8100558659218
 131 -143.7988826815642
 108 -141.7877094972067
 178 -139.7765363128491
 120 -137.7653631284916
 4 -135.7541899441341
 185 -133.7430167597765
 176 -131.731843575419
 73 -129.7206703910614
 197 -127.7094972067039
 232 -125.6983240223464
 113 -123.6871508379888
 170 -121.6759776536313
 220 -119.6648044692737
 3 -117.6536312849162
 119 -115.6424581005587
 124 -113.6312849162011
 133 -111.6201117318436
 26 -109.608938547486
 39 -107.5977653631285
 25 -105.5865921787709
 9 -103.5754189944134
 4 -101.5642458100559
 2 -99.55307262569832
 2 -97.54189944134077
 3 -95.53072625698323
 13 -93.5195530726257
 8186 -91.50837988826815
 16 -89.49720670391061
 1 -87.48603351955308
 1 -85.47486033519553
 0 -83.46368715083798
 5 -81.45251396648044
 9 -79.44134078212289
 9 -77.43016759776536
 50 -75.41899441340782
 43 -73.40782122905027
 40 -71.39664804469274
 143 -69.38547486033519
 75 -67.37430167597765
 120 -65.3631284916201
 55 -63.35195530726256
 276 -61.34078212290503
 168 -59.32960893854748
 224 -57.31843575418993
 107 -55.3072625698324
 74 -53.29608938547486
 245 -51.28491620111731
 60 -49.27374301675977
 111 -47.26256983240222
 0 -45.25139664804468
 317 -43.24022346368713
 2 -41.22905027932961
 141 -39.21787709497207
 298 -37.20670391061452
 472 -35.19553072625698
 108 -33.18435754189943
 63 -31.17318435754188
 193 -29.16201117318434
 11 -27.15083798882682
 64 -25.13966480446928
 601 -23.12849162011173
 148 -21.11731843575419
 59 -19.10614525139664
 7 -17.09497206703909
 40 -15.08379888268155
 148 -13.072625698324
 7 -11.06145251396646
 570 -9.050279329608941
 1 -7.039106145251395
 146 -5.02793296089385
 34 -3.016759776536304
 3 -1.005586592178759
 19 1.005586592178787
 130 3.016759776536333
 2 5.02793296089385
 565 7.039106145251395
 9 9.050279329608941
 137 11.06145251396649
 36 13.07262569832403
 14 15.08379888268158
 67 17.09497206703912
 141 19.10614525139667
 564 21.11731843575421
 77 23.12849162011173
 80 25.13966480446928
 90 27.15083798882682
 61 29.16201117318437
 206 31.17318435754191
 326 33.18435754189946
 281 35.195530726257
 151 37.20670391061452
 49 39.21787709497207
 286 41.22905027932961
 1 43.24022346368716
 129 45.2513966480447
 63 47.26256983240225
 261 49.27374301675979
 88 51.28491620111734
 189 53.29608938547489
 86 55.3072625698324
 159 57.31843575418995
 273 59.32960893854749
 61 61.34078212290504
 98 63.35195530726259
 74 65.36312849162013
 122 67.37430167597768
 57 69.38547486033519
 40 71.39664804469274
 59 73.40782122905028
 8 75.41899441340783
 9 77.43016759776538
 5 79.44134078212289
 1 81.45251396648047
 0 83.46368715083798
 1 85.47486033519556
 14 87.48603351955308
 7724 89.49720670391065
 9 91.50837988826817
 3 93.51955307262574
 2 95.53072625698326
 3 97.54189944134077
 7 99.55307262569835
 14 101.5642458100559
 31 103.5754189944134
 29 105.586592178771
 24 107.5977653631285
 105 109.608938547486
 156 111.6201117318436
 123 113.6312849162011
 3 115.6424581005587
 225 117.6536312849162
 202 119.6648044692737
 110 121.6759776536313
 189 123.6871508379888
 184 125.6983240223464
 100 127.7094972067039
 173 129.7206703910614
 193 131.731843575419
 7 133.7430167597765
 135 135.7541899441341
 172 137.7653631284916
 112 139.7765363128492
 150 141.7877094972067
 539 143.7988826815642
 117 145.8100558659218
 199 147.8212290502793
 35 149.8324022346369
 122 151.8435754189944
 76 153.854748603352
 499 155.8659217877095
 58 157.8770949720671
 159 159.8882681564246
 62 161.8994413407821
 47 163.9106145251397
 29 165.9217877094972
 155 167.9329608938548
 239 169.9441340782123
 389 171.9553072625699
 10 173.9664804469274
 195 175.9776536312849
 4 177.9888268156425
 0 180


