# Created by Octave 3.8.2, Sat Jun 20 16:41:57 2020 CEST <damian@fptrucha.inv.usc.es>
# name: hd
# type: matrix
# rows: 180
# columns: 2
 5 -180
 162 -177.9888268156425
 1 -175.9776536312849
 344 -173.9664804469274
 253 -171.9553072625698
 165 -169.9441340782123
 23 -167.9329608938548
 31 -165.9217877094972
 47 -163.9106145251397
 150 -161.8994413407821
 42 -159.8882681564246
 608 -157.877094972067
 67 -155.8659217877095
 105 -153.854748603352
 40 -151.8435754189944
 75 -149.8324022346369
 216 -147.8212290502793
 655 -145.8100558659218
 137 -143.7988826815642
 100 -141.7877094972067
 163 -139.7765363128491
 79 -137.7653631284916
 3 -135.7541899441341
 164 -133.7430167597765
 148 -131.731843575419
 69 -129.7206703910614
 186 -127.7094972067039
 223 -125.6983240223464
 97 -123.6871508379888
 204 -121.6759776536313
 211 -119.6648044692737
 4 -117.6536312849162
 101 -115.6424581005587
 110 -113.6312849162011
 139 -111.6201117318436
 18 -109.608938547486
 34 -107.5977653631285
 25 -105.5865921787709
 6 -103.5754189944134
 4 -101.5642458100559
 0 -99.55307262569832
 0 -97.54189944134077
 4 -95.53072625698323
 4 -93.5195530726257
 8340 -91.50837988826815
 6 -89.49720670391061
 3 -87.48603351955308
 0 -85.47486033519553
 0 -83.46368715083798
 1 -81.45251396648044
 7 -79.44134078212289
 4 -77.43016759776536
 55 -75.41899441340782
 22 -73.40782122905027
 34 -71.39664804469274
 112 -69.38547486033519
 77 -67.37430167597765
 95 -65.3631284916201
 42 -63.35195530726256
 295 -61.34078212290503
 156 -59.32960893854748
 208 -57.31843575418993
 101 -55.3072625698324
 67 -53.29608938547486
 252 -51.28491620111731
 49 -49.27374301675977
 106 -47.26256983240222
 1 -45.25139664804468
 308 -43.24022346368713
 4 -41.22905027932961
 146 -39.21787709497207
 311 -37.20670391061452
 469 -35.19553072625698
 99 -33.18435754189943
 51 -31.17318435754188
 145 -29.16201117318434
 5 -27.15083798882682
 53 -25.13966480446928
 632 -23.12849162011173
 161 -21.11731843575419
 51 -19.10614525139664
 11 -17.09497206703909
 34 -15.08379888268155
 175 -13.072625698324
 9 -11.06145251396646
 571 -9.050279329608941
 6 -7.039106145251395
 129 -5.02793296089385
 22 -3.016759776536304
 1 -1.005586592178759
 15 1.005586592178787
 131 3.016759776536333
 1 5.02793296089385
 566 7.039106145251395
 6 9.050279329608941
 127 11.06145251396649
 53 13.07262569832403
 13 15.08379888268158
 61 17.09497206703912
 109 19.10614525139667
 514 21.11731843575421
 71 23.12849162011173
 106 25.13966480446928
 100 27.15083798882682
 47 29.16201117318437
 229 31.17318435754191
 314 33.18435754189946
 236 35.195530726257
 148 37.20670391061452
 28 39.21787709497207
 287 41.22905027932961
 1 43.24022346368716
 116 45.2513966480447
 63 47.26256983240225
 236 49.27374301675979
 81 51.28491620111734
 194 53.29608938547489
 69 55.3072625698324
 148 57.31843575418995
 279 59.32960893854749
 52 61.34078212290504
 100 63.35195530726259
 77 65.36312849162013
 111 67.37430167597768
 41 69.38547486033519
 36 71.39664804469274
 49 73.40782122905028
 5 75.41899441340783
 7 77.43016759776538
 2 79.44134078212289
 0 81.45251396648047
 0 83.46368715083798
 2 85.47486033519556
 6 87.48603351955308
 7850 89.49720670391065
 3 91.50837988826817
 2 93.51955307262574
 0 95.53072625698326
 2 97.54189944134077
 5 99.55307262569835
 14 101.5642458100559
 26 103.5754189944134
 22 105.586592178771
 26 107.5977653631285
 108 109.608938547486
 131 111.6201117318436
 133 113.6312849162011
 1 115.6424581005587
 225 117.6536312849162
 149 119.6648044692737
 81 121.6759776536313
 179 123.6871508379888
 168 125.6983240223464
 77 127.7094972067039
 160 129.7206703910614
 166 131.731843575419
 1 133.7430167597765
 131 135.7541899441341
 194 137.7653631284916
 101 139.7765363128492
 168 141.7877094972067
 460 143.7988826815642
 128 145.8100558659218
 218 147.8212290502793
 42 149.8324022346369
 162 151.8435754189944
 54 153.854748603352
 475 155.8659217877095
 47 157.8770949720671
 105 159.8882681564246
 67 161.8994413407821
 53 163.9106145251397
 18 165.9217877094972
 104 167.9329608938548
 239 169.9441340782123
 338 171.9553072625699
 1 173.9664804469274
 125 175.9776536312849
 4 177.9888268156425
 0 180


