# Created by Octave 3.8.2, Sat Jun 20 11:26:31 2020 CEST <damian@fptrucha.inv.usc.es>
# name: hd
# type: matrix
# rows: 180
# columns: 2
 4 -180
 193 -177.9888268156425
 5 -175.9776536312849
 392 -173.9664804469274
 252 -171.9553072625698
 178 -169.9441340782123
 37 -167.9329608938548
 48 -165.9217877094972
 71 -163.9106145251397
 180 -161.8994413407821
 39 -159.8882681564246
 689 -157.877094972067
 58 -155.8659217877095
 141 -153.854748603352
 53 -151.8435754189944
 74 -149.8324022346369
 237 -147.8212290502793
 691 -145.8100558659218
 136 -143.7988826815642
 119 -141.7877094972067
 182 -139.7765363128491
 107 -137.7653631284916
 3 -135.7541899441341
 167 -133.7430167597765
 156 -131.731843575419
 88 -129.7206703910614
 216 -127.7094972067039
 280 -125.6983240223464
 103 -123.6871508379888
 234 -121.6759776536313
 222 -119.6648044692737
 1 -117.6536312849162
 116 -115.6424581005587
 137 -113.6312849162011
 119 -111.6201117318436
 20 -109.608938547486
 29 -107.5977653631285
 25 -105.5865921787709
 13 -103.5754189944134
 2 -101.5642458100559
 0 -99.55307262569832
 1 -97.54189944134077
 3 -95.53072625698323
 4 -93.5195530726257
 8802 -91.50837988826815
 5 -89.49720670391061
 4 -87.48603351955308
 1 -85.47486033519553
 0 -83.46368715083798
 3 -81.45251396648044
 7 -79.44134078212289
 4 -77.43016759776536
 51 -75.41899441340782
 29 -73.40782122905027
 50 -71.39664804469274
 115 -69.38547486033519
 80 -67.37430167597765
 103 -65.3631284916201
 52 -63.35195530726256
 289 -61.34078212290503
 174 -59.32960893854748
 214 -57.31843575418993
 121 -55.3072625698324
 80 -53.29608938547486
 254 -51.28491620111731
 58 -49.27374301675977
 99 -47.26256983240222
 2 -45.25139664804468
 278 -43.24022346368713
 4 -41.22905027932961
 165 -39.21787709497207
 321 -37.20670391061452
 508 -35.19553072625698
 105 -33.18435754189943
 69 -31.17318435754188
 168 -29.16201117318434
 9 -27.15083798882682
 61 -25.13966480446928
 663 -23.12849162011173
 151 -21.11731843575419
 43 -19.10614525139664
 11 -17.09497206703909
 48 -15.08379888268155
 187 -13.072625698324
 5 -11.06145251396646
 598 -9.050279329608941
 4 -7.039106145251395
 135 -5.02793296089385
 17 -3.016759776536304
 4 -1.005586592178759
 26 1.005586592178787
 152 3.016759776536333
 1 5.02793296089385
 649 7.039106145251395
 9 9.050279329608941
 130 11.06145251396649
 57 13.07262569832403
 15 15.08379888268158
 55 17.09497206703912
 118 19.10614525139667
 569 21.11731843575421
 79 23.12849162011173
 97 25.13966480446928
 106 27.15083798882682
 80 29.16201117318437
 249 31.17318435754191
 358 33.18435754189946
 257 35.195530726257
 167 37.20670391061452
 38 39.21787709497207
 344 41.22905027932961
 1 43.24022346368716
 139 45.2513966480447
 76 47.26256983240225
 236 49.27374301675979
 117 51.28491620111734
 244 53.29608938547489
 80 55.3072625698324
 173 57.31843575418995
 270 59.32960893854749
 86 61.34078212290504
 140 63.35195530726259
 76 65.36312849162013
 110 67.37430167597768
 46 69.38547486033519
 41 71.39664804469274
 50 73.40782122905028
 6 75.41899441340783
 10 77.43016759776538
 0 79.44134078212289
 0 81.45251396648047
 1 83.46368715083798
 2 85.47486033519556
 14 87.48603351955308
 8389 89.49720670391065
 7 91.50837988826817
 4 93.51955307262574
 0 95.53072625698326
 1 97.54189944134077
 5 99.55307262569835
 15 101.5642458100559
 30 103.5754189944134
 51 105.586592178771
 23 107.5977653631285
 118 109.608938547486
 131 111.6201117318436
 137 113.6312849162011
 3 115.6424581005587
 242 117.6536312849162
 171 119.6648044692737
 113 121.6759776536313
 190 123.6871508379888
 183 125.6983240223464
 100 127.7094972067039
 182 129.7206703910614
 207 131.731843575419
 4 133.7430167597765
 149 135.7541899441341
 208 137.7653631284916
 91 139.7765363128492
 154 141.7877094972067
 501 143.7988826815642
 151 145.8100558659218
 243 147.8212290502793
 37 149.8324022346369
 180 151.8435754189944
 73 153.854748603352
 481 155.8659217877095
 54 157.8770949720671
 153 159.8882681564246
 70 161.8994413407821
 66 163.9106145251397
 20 165.9217877094972
 129 167.9329608938548
 231 169.9441340782123
 363 171.9553072625699
 2 173.9664804469274
 154 175.9776536312849
 2 177.9888268156425
 0 180


