# Created by Octave 3.8.2, Mon Jun 22 11:20:29 2020 CEST <damian@fptrucha.inv.usc.es>
# name: hd
# type: matrix
# rows: 180
# columns: 2
 6 -180
 173 -177.9888268156425
 4 -175.9776536312849
 331 -173.9664804469274
 243 -171.9553072625698
 154 -169.9441340782123
 39 -167.9329608938548
 53 -165.9217877094972
 74 -163.9106145251397
 148 -161.8994413407821
 37 -159.8882681564246
 573 -157.877094972067
 88 -155.8659217877095
 130 -153.854748603352
 46 -151.8435754189944
 60 -149.8324022346369
 240 -147.8212290502793
 582 -145.8100558659218
 145 -143.7988826815642
 112 -141.7877094972067
 185 -139.7765363128491
 107 -137.7653631284916
 3 -135.7541899441341
 166 -133.7430167597765
 162 -131.731843575419
 74 -129.7206703910614
 182 -127.7094972067039
 222 -125.6983240223464
 89 -123.6871508379888
 182 -121.6759776536313
 196 -119.6648044692737
 3 -117.6536312849162
 128 -115.6424581005587
 119 -113.6312849162011
 128 -111.6201117318436
 22 -109.608938547486
 36 -107.5977653631285
 18 -105.5865921787709
 14 -103.5754189944134
 3 -101.5642458100559
 1 -99.55307262569832
 0 -97.54189944134077
 3 -95.53072625698323
 7 -93.5195530726257
 7799 -91.50837988826815
 11 -89.49720670391061
 4 -87.48603351955308
 1 -85.47486033519553
 1 -83.46368715083798
 2 -81.45251396648044
 12 -79.44134078212289
 9 -77.43016759776536
 49 -75.41899441340782
 26 -73.40782122905027
 40 -71.39664804469274
 96 -69.38547486033519
 64 -67.37430167597765
 112 -65.3631284916201
 59 -63.35195530726256
 241 -61.34078212290503
 134 -59.32960893854748
 200 -57.31843575418993
 84 -55.3072625698324
 77 -53.29608938547486
 210 -51.28491620111731
 46 -49.27374301675977
 112 -47.26256983240222
 3 -45.25139664804468
 294 -43.24022346368713
 4 -41.22905027932961
 187 -39.21787709497207
 291 -37.20670391061452
 413 -35.19553072625698
 120 -33.18435754189943
 65 -31.17318435754188
 147 -29.16201117318434
 12 -27.15083798882682
 64 -25.13966480446928
 564 -23.12849162011173
 129 -21.11731843575419
 53 -19.10614525139664
 10 -17.09497206703909
 47 -15.08379888268155
 141 -13.072625698324
 16 -11.06145251396646
 584 -9.050279329608941
 2 -7.039106145251395
 125 -5.02793296089385
 24 -3.016759776536304
 2 -1.005586592178759
 17 1.005586592178787
 122 3.016759776536333
 5 5.02793296089385
 560 7.039106145251395
 11 9.050279329608941
 149 11.06145251396649
 36 13.07262569832403
 11 15.08379888268158
 60 17.09497206703912
 128 19.10614525139667
 546 21.11731843575421
 67 23.12849162011173
 72 25.13966480446928
 138 27.15083798882682
 57 29.16201117318437
 204 31.17318435754191
 352 33.18435754189946
 226 35.195530726257
 128 37.20670391061452
 51 39.21787709497207
 269 41.22905027932961
 3 43.24022346368716
 133 45.2513966480447
 63 47.26256983240225
 216 49.27374301675979
 75 51.28491620111734
 203 53.29608938547489
 80 55.3072625698324
 163 57.31843575418995
 265 59.32960893854749
 58 61.34078212290504
 140 63.35195530726259
 77 65.36312849162013
 113 67.37430167597768
 44 69.38547486033519
 26 71.39664804469274
 50 73.40782122905028
 9 75.41899441340783
 16 77.43016759776538
 1 79.44134078212289
 3 81.45251396648047
 2 83.46368715083798
 5 85.47486033519556
 18 87.48603351955308
 7575 89.49720670391065
 7 91.50837988826817
 2 93.51955307262574
 3 95.53072625698326
 0 97.54189944134077
 3 99.55307262569835
 25 101.5642458100559
 32 103.5754189944134
 29 105.586592178771
 22 107.5977653631285
 116 109.608938547486
 119 111.6201117318436
 150 113.6312849162011
 4 115.6424581005587
 195 117.6536312849162
 167 119.6648044692737
 110 121.6759776536313
 183 123.6871508379888
 194 125.6983240223464
 79 127.7094972067039
 148 129.7206703910614
 202 131.731843575419
 5 133.7430167597765
 120 135.7541899441341
 191 137.7653631284916
 93 139.7765363128492
 143 141.7877094972067
 502 143.7988826815642
 115 145.8100558659218
 241 147.8212290502793
 54 149.8324022346369
 123 151.8435754189944
 70 153.854748603352
 505 155.8659217877095
 40 157.8770949720671
 137 159.8882681564246
 69 161.8994413407821
 53 163.9106145251397
 24 165.9217877094972
 133 167.9329608938548
 204 169.9441340782123
 325 171.9553072625699
 3 173.9664804469274
 171 175.9776536312849
 4 177.9888268156425
 0 180


