# Created by Octave 3.8.2, Sat Jun 20 06:36:17 2020 CEST <damian@fptrucha.inv.usc.es>
# name: hd
# type: matrix
# rows: 180
# columns: 2
 1 -180
 176 -177.9888268156425
 2 -175.9776536312849
 428 -173.9664804469274
 259 -171.9553072625698
 173 -169.9441340782123
 39 -167.9329608938548
 49 -165.9217877094972
 83 -163.9106145251397
 170 -161.8994413407821
 38 -159.8882681564246
 713 -157.877094972067
 73 -155.8659217877095
 149 -153.854748603352
 50 -151.8435754189944
 76 -149.8324022346369
 254 -147.8212290502793
 706 -145.8100558659218
 152 -143.7988826815642
 94 -141.7877094972067
 185 -139.7765363128491
 137 -137.7653631284916
 3 -135.7541899441341
 195 -133.7430167597765
 211 -131.731843575419
 89 -129.7206703910614
 226 -127.7094972067039
 292 -125.6983240223464
 131 -123.6871508379888
 256 -121.6759776536313
 219 -119.6648044692737
 2 -117.6536312849162
 107 -115.6424581005587
 138 -113.6312849162011
 169 -111.6201117318436
 23 -109.608938547486
 46 -107.5977653631285
 24 -105.5865921787709
 8 -103.5754189944134
 3 -101.5642458100559
 3 -99.55307262569832
 2 -97.54189944134077
 3 -95.53072625698323
 7 -93.5195530726257
 9525 -91.50837988826815
 10 -89.49720670391061
 2 -87.48603351955308
 1 -85.47486033519553
 0 -83.46368715083798
 1 -81.45251396648044
 8 -79.44134078212289
 9 -77.43016759776536
 61 -75.41899441340782
 34 -73.40782122905027
 64 -71.39664804469274
 150 -69.38547486033519
 89 -67.37430167597765
 130 -65.3631284916201
 55 -63.35195530726256
 328 -61.34078212290503
 186 -59.32960893854748
 234 -57.31843575418993
 101 -55.3072625698324
 98 -53.29608938547486
 284 -51.28491620111731
 60 -49.27374301675977
 130 -47.26256983240222
 2 -45.25139664804468
 323 -43.24022346368713
 3 -41.22905027932961
 179 -39.21787709497207
 331 -37.20670391061452
 517 -35.19553072625698
 122 -33.18435754189943
 54 -31.17318435754188
 162 -29.16201117318434
 5 -27.15083798882682
 77 -25.13966480446928
 657 -23.12849162011173
 155 -21.11731843575419
 63 -19.10614525139664
 8 -17.09497206703909
 49 -15.08379888268155
 164 -13.072625698324
 5 -11.06145251396646
 623 -9.050279329608941
 2 -7.039106145251395
 134 -5.02793296089385
 26 -3.016759776536304
 1 -1.005586592178759
 21 1.005586592178787
 183 3.016759776536333
 3 5.02793296089385
 593 7.039106145251395
 9 9.050279329608941
 142 11.06145251396649
 54 13.07262569832403
 10 15.08379888268158
 56 17.09497206703912
 112 19.10614525139667
 540 21.11731843575421
 57 23.12849162011173
 104 25.13966480446928
 106 27.15083798882682
 60 29.16201117318437
 230 31.17318435754191
 334 33.18435754189946
 240 35.195530726257
 167 37.20670391061452
 27 39.21787709497207
 308 41.22905027932961
 0 43.24022346368716
 118 45.2513966480447
 55 47.26256983240225
 255 49.27374301675979
 67 51.28491620111734
 220 53.29608938547489
 77 55.3072625698324
 133 57.31843575418995
 268 59.32960893854749
 55 61.34078212290504
 112 63.35195530726259
 69 65.36312849162013
 113 67.37430167597768
 40 69.38547486033519
 30 71.39664804469274
 52 73.40782122905028
 6 75.41899441340783
 7 77.43016759776538
 2 79.44134078212289
 0 81.45251396648047
 1 83.46368715083798
 7 85.47486033519556
 16 87.48603351955308
 8243 89.49720670391065
 8 91.50837988826817
 1 93.51955307262574
 2 95.53072625698326
 0 97.54189944134077
 5 99.55307262569835
 17 101.5642458100559
 22 103.5754189944134
 36 105.586592178771
 25 107.5977653631285
 121 109.608938547486
 137 111.6201117318436
 148 113.6312849162011
 2 115.6424581005587
 213 117.6536312849162
 169 119.6648044692737
 99 121.6759776536313
 209 123.6871508379888
 186 125.6983240223464
 90 127.7094972067039
 167 129.7206703910614
 186 131.731843575419
 4 133.7430167597765
 120 135.7541899441341
 193 137.7653631284916
 106 139.7765363128492
 170 141.7877094972067
 515 143.7988826815642
 160 145.8100558659218
 243 147.8212290502793
 43 149.8324022346369
 172 151.8435754189944
 85 153.854748603352
 553 155.8659217877095
 60 157.8770949720671
 155 159.8882681564246
 70 161.8994413407821
 62 163.9106145251397
 24 165.9217877094972
 152 167.9329608938548
 257 169.9441340782123
 380 171.9553072625699
 4 173.9664804469274
 176 175.9776536312849
 3 177.9888268156425
 0 180


