# Created by Octave 3.8.2, Mon Jun 22 21:51:14 2020 CEST <damian@fptrucha.inv.usc.es>
# name: hd
# type: matrix
# rows: 180
# columns: 2
 3 -180
 193 -177.9888268156425
 3 -175.9776536312849
 390 -173.9664804469274
 240 -171.9553072625698
 161 -169.9441340782123
 34 -167.9329608938548
 42 -165.9217877094972
 56 -163.9106145251397
 164 -161.8994413407821
 59 -159.8882681564246
 599 -157.877094972067
 88 -155.8659217877095
 147 -153.854748603352
 37 -151.8435754189944
 88 -149.8324022346369
 231 -147.8212290502793
 645 -145.8100558659218
 174 -143.7988826815642
 110 -141.7877094972067
 185 -139.7765363128491
 132 -137.7653631284916
 3 -135.7541899441341
 172 -133.7430167597765
 174 -131.731843575419
 90 -129.7206703910614
 228 -127.7094972067039
 251 -125.6983240223464
 94 -123.6871508379888
 206 -121.6759776536313
 207 -119.6648044692737
 6 -117.6536312849162
 130 -115.6424581005587
 136 -113.6312849162011
 145 -111.6201117318436
 22 -109.608938547486
 55 -107.5977653631285
 37 -105.5865921787709
 12 -103.5754189944134
 5 -101.5642458100559
 0 -99.55307262569832
 3 -97.54189944134077
 4 -95.53072625698323
 5 -93.5195530726257
 8537 -91.50837988826815
 13 -89.49720670391061
 7 -87.48603351955308
 1 -85.47486033519553
 1 -83.46368715083798
 2 -81.45251396648044
 9 -79.44134078212289
 2 -77.43016759776536
 47 -75.41899441340782
 32 -73.40782122905027
 66 -71.39664804469274
 131 -69.38547486033519
 86 -67.37430167597765
 136 -65.3631284916201
 74 -63.35195530726256
 289 -61.34078212290503
 142 -59.32960893854748
 225 -57.31843575418993
 84 -55.3072625698324
 85 -53.29608938547486
 240 -51.28491620111731
 67 -49.27374301675977
 128 -47.26256983240222
 2 -45.25139664804468
 312 -43.24022346368713
 2 -41.22905027932961
 188 -39.21787709497207
 329 -37.20670391061452
 450 -35.19553072625698
 126 -33.18435754189943
 70 -31.17318435754188
 178 -29.16201117318434
 7 -27.15083798882682
 74 -25.13966480446928
 627 -23.12849162011173
 150 -21.11731843575419
 55 -19.10614525139664
 19 -17.09497206703909
 47 -15.08379888268155
 201 -13.072625698324
 13 -11.06145251396646
 557 -9.050279329608941
 3 -7.039106145251395
 167 -5.02793296089385
 29 -3.016759776536304
 3 -1.005586592178759
 28 1.005586592178787
 123 3.016759776536333
 6 5.02793296089385
 548 7.039106145251395
 10 9.050279329608941
 128 11.06145251396649
 42 13.07262569832403
 10 15.08379888268158
 50 17.09497206703912
 144 19.10614525139667
 529 21.11731843575421
 69 23.12849162011173
 98 25.13966480446928
 108 27.15083798882682
 63 29.16201117318437
 185 31.17318435754191
 347 33.18435754189946
 266 35.195530726257
 147 37.20670391061452
 47 39.21787709497207
 299 41.22905027932961
 2 43.24022346368716
 140 45.2513966480447
 70 47.26256983240225
 220 49.27374301675979
 102 51.28491620111734
 205 53.29608938547489
 92 55.3072625698324
 146 57.31843575418995
 287 59.32960893854749
 66 61.34078212290504
 117 63.35195530726259
 81 65.36312849162013
 138 67.37430167597768
 53 69.38547486033519
 21 71.39664804469274
 56 73.40782122905028
 15 75.41899441340783
 11 77.43016759776538
 2 79.44134078212289
 1 81.45251396648047
 2 83.46368715083798
 3 85.47486033519556
 7 87.48603351955308
 7789 89.49720670391065
 7 91.50837988826817
 4 93.51955307262574
 1 95.53072625698326
 0 97.54189944134077
 5 99.55307262569835
 17 101.5642458100559
 25 103.5754189944134
 53 105.586592178771
 26 107.5977653631285
 134 109.608938547486
 123 111.6201117318436
 140 113.6312849162011
 3 115.6424581005587
 234 117.6536312849162
 166 119.6648044692737
 90 121.6759776536313
 196 123.6871508379888
 190 125.6983240223464
 80 127.7094972067039
 184 129.7206703910614
 189 131.731843575419
 3 133.7430167597765
 106 135.7541899441341
 188 137.7653631284916
 109 139.7765363128492
 160 141.7877094972067
 530 143.7988826815642
 113 145.8100558659218
 215 147.8212290502793
 54 149.8324022346369
 163 151.8435754189944
 62 153.854748603352
 536 155.8659217877095
 59 157.8770949720671
 155 159.8882681564246
 66 161.8994413407821
 63 163.9106145251397
 21 165.9217877094972
 150 167.9329608938548
 246 169.9441340782123
 390 171.9553072625699
 6 173.9664804469274
 146 175.9776536312849
 3 177.9888268156425
 0 180


