# Created by Octave 3.8.2, Mon Jun 22 09:03:42 2020 CEST <damian@fptrucha.inv.usc.es>
# name: hd
# type: matrix
# rows: 180
# columns: 2
 3 -180
 118 -177.9888268156425
 4 -175.9776536312849
 219 -173.9664804469274
 172 -171.9553072625698
 94 -169.9441340782123
 20 -167.9329608938548
 24 -165.9217877094972
 35 -163.9106145251397
 116 -161.8994413407821
 30 -159.8882681564246
 339 -157.877094972067
 49 -155.8659217877095
 93 -153.854748603352
 33 -151.8435754189944
 45 -149.8324022346369
 136 -147.8212290502793
 338 -145.8100558659218
 88 -143.7988826815642
 67 -141.7877094972067
 113 -139.7765363128491
 70 -137.7653631284916
 3 -135.7541899441341
 103 -133.7430167597765
 85 -131.731843575419
 47 -129.7206703910614
 119 -127.7094972067039
 133 -125.6983240223464
 56 -123.6871508379888
 114 -121.6759776536313
 116 -119.6648044692737
 0 -117.6536312849162
 63 -115.6424581005587
 75 -113.6312849162011
 66 -111.6201117318436
 15 -109.608938547486
 13 -107.5977653631285
 16 -105.5865921787709
 21 -103.5754189944134
 2 -101.5642458100559
 0 -99.55307262569832
 2 -97.54189944134077
 3 -95.53072625698323
 4 -93.5195530726257
 5039 -91.50837988826815
 5 -89.49720670391061
 2 -87.48603351955308
 0 -85.47486033519553
 1 -83.46368715083798
 0 -81.45251396648044
 3 -79.44134078212289
 8 -77.43016759776536
 24 -75.41899441340782
 25 -73.40782122905027
 41 -71.39664804469274
 73 -69.38547486033519
 38 -67.37430167597765
 75 -65.3631284916201
 31 -63.35195530726256
 164 -61.34078212290503
 108 -59.32960893854748
 130 -57.31843575418993
 68 -55.3072625698324
 43 -53.29608938547486
 157 -51.28491620111731
 31 -49.27374301675977
 65 -47.26256983240222
 0 -45.25139664804468
 176 -43.24022346368713
 3 -41.22905027932961
 118 -39.21787709497207
 170 -37.20670391061452
 272 -35.19553072625698
 61 -33.18435754189943
 37 -31.17318435754188
 97 -29.16201117318434
 8 -27.15083798882682
 32 -25.13966480446928
 378 -23.12849162011173
 102 -21.11731843575419
 34 -19.10614525139664
 11 -17.09497206703909
 21 -15.08379888268155
 94 -13.072625698324
 4 -11.06145251396646
 366 -9.050279329608941
 1 -7.039106145251395
 100 -5.02793296089385
 10 -3.016759776536304
 0 -1.005586592178759
 15 1.005586592178787
 88 3.016759776536333
 2 5.02793296089385
 368 7.039106145251395
 9 9.050279329608941
 108 11.06145251396649
 28 13.07262569832403
 8 15.08379888268158
 30 17.09497206703912
 81 19.10614525139667
 307 21.11731843575421
 52 23.12849162011173
 53 25.13966480446928
 62 27.15083798882682
 31 29.16201117318437
 118 31.17318435754191
 211 33.18435754189946
 159 35.195530726257
 114 37.20670391061452
 31 39.21787709497207
 165 41.22905027932961
 2 43.24022346368716
 69 45.2513966480447
 45 47.26256983240225
 127 49.27374301675979
 51 51.28491620111734
 127 53.29608938547489
 52 55.3072625698324
 87 57.31843575418995
 168 59.32960893854749
 44 61.34078212290504
 79 63.35195530726259
 38 65.36312849162013
 73 67.37430167597768
 35 69.38547486033519
 17 71.39664804469274
 28 73.40782122905028
 6 75.41899441340783
 4 77.43016759776538
 3 79.44134078212289
 2 81.45251396648047
 0 83.46368715083798
 1 85.47486033519556
 17 87.48603351955308
 4811 89.49720670391065
 5 91.50837988826817
 4 93.51955307262574
 2 95.53072625698326
 0 97.54189944134077
 2 99.55307262569835
 5 101.5642458100559
 14 103.5754189944134
 36 105.586592178771
 19 107.5977653631285
 70 109.608938547486
 92 111.6201117318436
 77 113.6312849162011
 1 115.6424581005587
 124 117.6536312849162
 116 119.6648044692737
 69 121.6759776536313
 123 123.6871508379888
 112 125.6983240223464
 61 127.7094972067039
 114 129.7206703910614
 125 131.731843575419
 3 133.7430167597765
 84 135.7541899441341
 102 137.7653631284916
 97 139.7765363128492
 83 141.7877094972067
 335 143.7988826815642
 69 145.8100558659218
 107 147.8212290502793
 40 149.8324022346369
 76 151.8435754189944
 36 153.854748603352
 296 155.8659217877095
 37 157.8770949720671
 111 159.8882681564246
 45 161.8994413407821
 39 163.9106145251397
 20 165.9217877094972
 88 167.9329608938548
 134 169.9441340782123
 199 171.9553072625699
 3 173.9664804469274
 114 175.9776536312849
 2 177.9888268156425
 0 180


