# Created by Octave 3.8.2, Sat Jun 20 05:32:46 2020 CEST <damian@fptrucha.inv.usc.es>
# name: hd
# type: matrix
# rows: 180
# columns: 2
 8 -180
 196 -177.9888268156425
 5 -175.9776536312849
 396 -173.9664804469274
 267 -171.9553072625698
 172 -169.9441340782123
 32 -167.9329608938548
 49 -165.9217877094972
 55 -163.9106145251397
 177 -161.8994413407821
 51 -159.8882681564246
 678 -157.877094972067
 83 -155.8659217877095
 135 -153.854748603352
 48 -151.8435754189944
 80 -149.8324022346369
 199 -147.8212290502793
 721 -145.8100558659218
 137 -143.7988826815642
 117 -141.7877094972067
 228 -139.7765363128491
 116 -137.7653631284916
 3 -135.7541899441341
 203 -133.7430167597765
 194 -131.731843575419
 96 -129.7206703910614
 216 -127.7094972067039
 265 -125.6983240223464
 126 -123.6871508379888
 244 -121.6759776536313
 223 -119.6648044692737
 2 -117.6536312849162
 129 -115.6424581005587
 133 -113.6312849162011
 146 -111.6201117318436
 12 -109.608938547486
 41 -107.5977653631285
 34 -105.5865921787709
 16 -103.5754189944134
 3 -101.5642458100559
 2 -99.55307262569832
 1 -97.54189944134077
 2 -95.53072625698323
 4 -93.5195530726257
 9248 -91.50837988826815
 5 -89.49720670391061
 2 -87.48603351955308
 1 -85.47486033519553
 0 -83.46368715083798
 2 -81.45251396648044
 6 -79.44134078212289
 7 -77.43016759776536
 41 -75.41899441340782
 24 -73.40782122905027
 69 -71.39664804469274
 120 -69.38547486033519
 86 -67.37430167597765
 128 -65.3631284916201
 45 -63.35195530726256
 289 -61.34078212290503
 156 -59.32960893854748
 232 -57.31843575418993
 124 -55.3072625698324
 84 -53.29608938547486
 239 -51.28491620111731
 64 -49.27374301675977
 135 -47.26256983240222
 5 -45.25139664804468
 261 -43.24022346368713
 1 -41.22905027932961
 165 -39.21787709497207
 331 -37.20670391061452
 486 -35.19553072625698
 116 -33.18435754189943
 63 -31.17318435754188
 174 -29.16201117318434
 9 -27.15083798882682
 61 -25.13966480446928
 683 -23.12849162011173
 159 -21.11731843575419
 47 -19.10614525139664
 9 -17.09497206703909
 51 -15.08379888268155
 168 -13.072625698324
 12 -11.06145251396646
 627 -9.050279329608941
 4 -7.039106145251395
 136 -5.02793296089385
 16 -3.016759776536304
 3 -1.005586592178759
 12 1.005586592178787
 147 3.016759776536333
 0 5.02793296089385
 639 7.039106145251395
 13 9.050279329608941
 135 11.06145251396649
 49 13.07262569832403
 17 15.08379888268158
 69 17.09497206703912
 117 19.10614525139667
 575 21.11731843575421
 61 23.12849162011173
 97 25.13966480446928
 135 27.15083798882682
 57 29.16201117318437
 210 31.17318435754191
 331 33.18435754189946
 282 35.195530726257
 195 37.20670391061452
 30 39.21787709497207
 285 41.22905027932961
 2 43.24022346368716
 105 45.2513966480447
 64 47.26256983240225
 239 49.27374301675979
 87 51.28491620111734
 205 53.29608938547489
 92 55.3072625698324
 144 57.31843575418995
 264 59.32960893854749
 57 61.34078212290504
 107 63.35195530726259
 78 65.36312849162013
 102 67.37430167597768
 42 69.38547486033519
 31 71.39664804469274
 47 73.40782122905028
 5 75.41899441340783
 9 77.43016759776538
 2 79.44134078212289
 0 81.45251396648047
 3 83.46368715083798
 5 85.47486033519556
 8 87.48603351955308
 8436 89.49720670391065
 5 91.50837988826817
 4 93.51955307262574
 1 95.53072625698326
 0 97.54189944134077
 4 99.55307262569835
 13 101.5642458100559
 20 103.5754189944134
 23 105.586592178771
 15 107.5977653631285
 114 109.608938547486
 113 111.6201117318436
 126 113.6312849162011
 3 115.6424581005587
 232 117.6536312849162
 167 119.6648044692737
 101 121.6759776536313
 194 123.6871508379888
 193 125.6983240223464
 98 127.7094972067039
 181 129.7206703910614
 193 131.731843575419
 0 133.7430167597765
 118 135.7541899441341
 166 137.7653631284916
 111 139.7765363128492
 166 141.7877094972067
 532 143.7988826815642
 150 145.8100558659218
 223 147.8212290502793
 41 149.8324022346369
 173 151.8435754189944
 56 153.854748603352
 531 155.8659217877095
 60 157.8770949720671
 165 159.8882681564246
 66 161.8994413407821
 53 163.9106145251397
 22 165.9217877094972
 149 167.9329608938548
 239 169.9441340782123
 374 171.9553072625699
 3 173.9664804469274
 173 175.9776536312849
 3 177.9888268156425
 0 180


