# Created by Octave 3.8.2, Mon Jun 22 20:34:06 2020 CEST <damian@fptrucha.inv.usc.es>
# name: hd
# type: matrix
# rows: 180
# columns: 2
 6 -180
 172 -177.9888268156425
 4 -175.9776536312849
 397 -173.9664804469274
 252 -171.9553072625698
 144 -169.9441340782123
 35 -167.9329608938548
 40 -165.9217877094972
 71 -163.9106145251397
 140 -161.8994413407821
 51 -159.8882681564246
 631 -157.877094972067
 74 -155.8659217877095
 130 -153.854748603352
 45 -151.8435754189944
 64 -149.8324022346369
 229 -147.8212290502793
 632 -145.8100558659218
 147 -143.7988826815642
 92 -141.7877094972067
 186 -139.7765363128491
 111 -137.7653631284916
 3 -135.7541899441341
 187 -133.7430167597765
 166 -131.731843575419
 88 -129.7206703910614
 200 -127.7094972067039
 237 -125.6983240223464
 109 -123.6871508379888
 193 -121.6759776536313
 212 -119.6648044692737
 2 -117.6536312849162
 109 -115.6424581005587
 126 -113.6312849162011
 143 -111.6201117318436
 18 -109.608938547486
 49 -107.5977653631285
 19 -105.5865921787709
 24 -103.5754189944134
 9 -101.5642458100559
 1 -99.55307262569832
 0 -97.54189944134077
 4 -95.53072625698323
 7 -93.5195530726257
 8562 -91.50837988826815
 6 -89.49720670391061
 4 -87.48603351955308
 1 -85.47486033519553
 0 -83.46368715083798
 3 -81.45251396648044
 9 -79.44134078212289
 10 -77.43016759776536
 49 -75.41899441340782
 51 -73.40782122905027
 55 -71.39664804469274
 103 -69.38547486033519
 94 -67.37430167597765
 103 -65.3631284916201
 53 -63.35195530726256
 298 -61.34078212290503
 163 -59.32960893854748
 244 -57.31843575418993
 105 -55.3072625698324
 86 -53.29608938547486
 244 -51.28491620111731
 67 -49.27374301675977
 123 -47.26256983240222
 3 -45.25139664804468
 293 -43.24022346368713
 3 -41.22905027932961
 175 -39.21787709497207
 322 -37.20670391061452
 457 -35.19553072625698
 134 -33.18435754189943
 55 -31.17318435754188
 181 -29.16201117318434
 7 -27.15083798882682
 71 -25.13966480446928
 638 -23.12849162011173
 143 -21.11731843575419
 52 -19.10614525139664
 13 -17.09497206703909
 39 -15.08379888268155
 183 -13.072625698324
 11 -11.06145251396646
 600 -9.050279329608941
 2 -7.039106145251395
 140 -5.02793296089385
 27 -3.016759776536304
 1 -1.005586592178759
 21 1.005586592178787
 118 3.016759776536333
 3 5.02793296089385
 561 7.039106145251395
 13 9.050279329608941
 159 11.06145251396649
 54 13.07262569832403
 12 15.08379888268158
 71 17.09497206703912
 113 19.10614525139667
 534 21.11731843575421
 57 23.12849162011173
 83 25.13966480446928
 96 27.15083798882682
 63 29.16201117318437
 196 31.17318435754191
 356 33.18435754189946
 257 35.195530726257
 172 37.20670391061452
 33 39.21787709497207
 317 41.22905027932961
 2 43.24022346368716
 135 45.2513966480447
 53 47.26256983240225
 245 49.27374301675979
 84 51.28491620111734
 200 53.29608938547489
 85 55.3072625698324
 181 57.31843575418995
 283 59.32960893854749
 64 61.34078212290504
 138 63.35195530726259
 92 65.36312849162013
 105 67.37430167597768
 57 69.38547486033519
 34 71.39664804469274
 44 73.40782122905028
 4 75.41899441340783
 6 77.43016759776538
 4 79.44134078212289
 0 81.45251396648047
 2 83.46368715083798
 5 85.47486033519556
 16 87.48603351955308
 7897 89.49720670391065
 9 91.50837988826817
 2 93.51955307262574
 0 95.53072625698326
 1 97.54189944134077
 5 99.55307262569835
 25 101.5642458100559
 24 103.5754189944134
 38 105.586592178771
 26 107.5977653631285
 103 109.608938547486
 152 111.6201117318436
 125 113.6312849162011
 3 115.6424581005587
 211 117.6536312849162
 162 119.6648044692737
 110 121.6759776536313
 160 123.6871508379888
 205 125.6983240223464
 78 127.7094972067039
 182 129.7206703910614
 181 131.731843575419
 2 133.7430167597765
 128 135.7541899441341
 205 137.7653631284916
 108 139.7765363128492
 146 141.7877094972067
 523 143.7988826815642
 92 145.8100558659218
 197 147.8212290502793
 44 149.8324022346369
 144 151.8435754189944
 68 153.854748603352
 519 155.8659217877095
 53 157.8770949720671
 132 159.8882681564246
 70 161.8994413407821
 43 163.9106145251397
 30 165.9217877094972
 132 167.9329608938548
 199 169.9441340782123
 349 171.9553072625699
 4 173.9664804469274
 174 175.9776536312849
 6 177.9888268156425
 0 180


