# Created by Octave 3.8.2, Sat Jun 20 22:02:45 2020 CEST <damian@fptrucha.inv.usc.es>
# name: hd
# type: matrix
# rows: 180
# columns: 2
 2 -180
 154 -177.9888268156425
 4 -175.9776536312849
 368 -173.9664804469274
 207 -171.9553072625698
 143 -169.9441340782123
 33 -167.9329608938548
 37 -165.9217877094972
 52 -163.9106145251397
 157 -161.8994413407821
 32 -159.8882681564246
 630 -157.877094972067
 53 -155.8659217877095
 121 -153.854748603352
 46 -151.8435754189944
 50 -149.8324022346369
 206 -147.8212290502793
 638 -145.8100558659218
 121 -143.7988826815642
 93 -141.7877094972067
 157 -139.7765363128491
 100 -137.7653631284916
 1 -135.7541899441341
 154 -133.7430167597765
 154 -131.731843575419
 87 -129.7206703910614
 163 -127.7094972067039
 188 -125.6983240223464
 99 -123.6871508379888
 188 -121.6759776536313
 150 -119.6648044692737
 0 -117.6536312849162
 111 -115.6424581005587
 102 -113.6312849162011
 107 -111.6201117318436
 17 -109.608938547486
 20 -107.5977653631285
 24 -105.5865921787709
 11 -103.5754189944134
 3 -101.5642458100559
 0 -99.55307262569832
 0 -97.54189944134077
 0 -95.53072625698323
 3 -93.5195530726257
 7680 -91.50837988826815
 10 -89.49720670391061
 3 -87.48603351955308
 1 -85.47486033519553
 1 -83.46368715083798
 2 -81.45251396648044
 5 -79.44134078212289
 3 -77.43016759776536
 40 -75.41899441340782
 18 -73.40782122905027
 47 -71.39664804469274
 113 -69.38547486033519
 71 -67.37430167597765
 93 -65.3631284916201
 38 -63.35195530726256
 298 -61.34078212290503
 148 -59.32960893854748
 215 -57.31843575418993
 100 -55.3072625698324
 82 -53.29608938547486
 238 -51.28491620111731
 47 -49.27374301675977
 101 -47.26256983240222
 1 -45.25139664804468
 259 -43.24022346368713
 1 -41.22905027932961
 152 -39.21787709497207
 297 -37.20670391061452
 454 -35.19553072625698
 104 -33.18435754189943
 62 -31.17318435754188
 148 -29.16201117318434
 6 -27.15083798882682
 55 -25.13966480446928
 604 -23.12849162011173
 138 -21.11731843575419
 43 -19.10614525139664
 7 -17.09497206703909
 34 -15.08379888268155
 151 -13.072625698324
 6 -11.06145251396646
 543 -9.050279329608941
 1 -7.039106145251395
 121 -5.02793296089385
 11 -3.016759776536304
 0 -1.005586592178759
 20 1.005586592178787
 102 3.016759776536333
 0 5.02793296089385
 559 7.039106145251395
 14 9.050279329608941
 142 11.06145251396649
 50 13.07262569832403
 8 15.08379888268158
 55 17.09497206703912
 103 19.10614525139667
 548 21.11731843575421
 54 23.12849162011173
 101 25.13966480446928
 105 27.15083798882682
 61 29.16201117318437
 208 31.17318435754191
 304 33.18435754189946
 222 35.195530726257
 142 37.20670391061452
 29 39.21787709497207
 292 41.22905027932961
 1 43.24022346368716
 99 45.2513966480447
 57 47.26256983240225
 225 49.27374301675979
 80 51.28491620111734
 186 53.29608938547489
 77 55.3072625698324
 134 57.31843575418995
 233 59.32960893854749
 48 61.34078212290504
 109 63.35195530726259
 80 65.36312849162013
 102 67.37430167597768
 51 69.38547486033519
 19 71.39664804469274
 51 73.40782122905028
 7 75.41899441340783
 6 77.43016759776538
 1 79.44134078212289
 0 81.45251396648047
 1 83.46368715083798
 5 85.47486033519556
 15 87.48603351955308
 7562 89.49720670391065
 1 91.50837988826817
 2 93.51955307262574
 1 95.53072625698326
 0 97.54189944134077
 1 99.55307262569835
 19 101.5642458100559
 29 103.5754189944134
 35 105.586592178771
 38 107.5977653631285
 109 109.608938547486
 112 111.6201117318436
 119 113.6312849162011
 3 115.6424581005587
 195 117.6536312849162
 169 119.6648044692737
 78 121.6759776536313
 162 123.6871508379888
 188 125.6983240223464
 88 127.7094972067039
 145 129.7206703910614
 161 131.731843575419
 0 133.7430167597765
 105 135.7541899441341
 184 137.7653631284916
 104 139.7765363128492
 159 141.7877094972067
 458 143.7988826815642
 107 145.8100558659218
 207 147.8212290502793
 40 149.8324022346369
 150 151.8435754189944
 59 153.854748603352
 459 155.8659217877095
 53 157.8770949720671
 138 159.8882681564246
 57 161.8994413407821
 51 163.9106145251397
 18 165.9217877094972
 133 167.9329608938548
 204 169.9441340782123
 322 171.9553072625699
 4 173.9664804469274
 141 175.9776536312849
 2 177.9888268156425
 0 180


