# Created by Octave 3.8.2, Sun Jun 21 03:09:44 2020 CEST <damian@fptrucha.inv.usc.es>
# name: hd
# type: matrix
# rows: 180
# columns: 2
 3 -180
 144 -177.9888268156425
 2 -175.9776536312849
 386 -173.9664804469274
 244 -171.9553072625698
 132 -169.9441340782123
 29 -167.9329608938548
 38 -165.9217877094972
 58 -163.9106145251397
 150 -161.8994413407821
 42 -159.8882681564246
 555 -157.877094972067
 61 -155.8659217877095
 126 -153.854748603352
 34 -151.8435754189944
 70 -149.8324022346369
 204 -147.8212290502793
 640 -145.8100558659218
 104 -143.7988826815642
 99 -141.7877094972067
 145 -139.7765363128491
 114 -137.7653631284916
 1 -135.7541899441341
 132 -133.7430167597765
 153 -131.731843575419
 79 -129.7206703910614
 165 -127.7094972067039
 193 -125.6983240223464
 85 -123.6871508379888
 167 -121.6759776536313
 181 -119.6648044692737
 3 -117.6536312849162
 79 -115.6424581005587
 112 -113.6312849162011
 100 -111.6201117318436
 15 -109.608938547486
 30 -107.5977653631285
 17 -105.5865921787709
 17 -103.5754189944134
 3 -101.5642458100559
 1 -99.55307262569832
 0 -97.54189944134077
 0 -95.53072625698323
 6 -93.5195530726257
 7855 -91.50837988826815
 8 -89.49720670391061
 0 -87.48603351955308
 1 -85.47486033519553
 0 -83.46368715083798
 1 -81.45251396648044
 9 -79.44134078212289
 5 -77.43016759776536
 46 -75.41899441340782
 31 -73.40782122905027
 41 -71.39664804469274
 107 -69.38547486033519
 74 -67.37430167597765
 88 -65.3631284916201
 42 -63.35195530726256
 268 -61.34078212290503
 144 -59.32960893854748
 213 -57.31843575418993
 97 -55.3072625698324
 79 -53.29608938547486
 198 -51.28491620111731
 56 -49.27374301675977
 102 -47.26256983240222
 3 -45.25139664804468
 278 -43.24022346368713
 1 -41.22905027932961
 147 -39.21787709497207
 294 -37.20670391061452
 443 -35.19553072625698
 115 -33.18435754189943
 53 -31.17318435754188
 159 -29.16201117318434
 10 -27.15083798882682
 63 -25.13966480446928
 640 -23.12849162011173
 130 -21.11731843575419
 46 -19.10614525139664
 9 -17.09497206703909
 35 -15.08379888268155
 140 -13.072625698324
 9 -11.06145251396646
 519 -9.050279329608941
 4 -7.039106145251395
 116 -5.02793296089385
 17 -3.016759776536304
 1 -1.005586592178759
 18 1.005586592178787
 128 3.016759776536333
 2 5.02793296089385
 507 7.039106145251395
 7 9.050279329608941
 123 11.06145251396649
 51 13.07262569832403
 7 15.08379888268158
 66 17.09497206703912
 99 19.10614525139667
 498 21.11731843575421
 54 23.12849162011173
 90 25.13966480446928
 91 27.15083798882682
 65 29.16201117318437
 226 31.17318435754191
 296 33.18435754189946
 228 35.195530726257
 139 37.20670391061452
 33 39.21787709497207
 284 41.22905027932961
 1 43.24022346368716
 116 45.2513966480447
 60 47.26256983240225
 225 49.27374301675979
 82 51.28491620111734
 205 53.29608938547489
 79 55.3072625698324
 127 57.31843575418995
 268 59.32960893854749
 68 61.34078212290504
 95 63.35195530726259
 64 65.36312849162013
 94 67.37430167597768
 44 69.38547486033519
 39 71.39664804469274
 42 73.40782122905028
 12 75.41899441340783
 6 77.43016759776538
 2 79.44134078212289
 1 81.45251396648047
 2 83.46368715083798
 4 85.47486033519556
 12 87.48603351955308
 7431 89.49720670391065
 4 91.50837988826817
 3 93.51955307262574
 0 95.53072625698326
 1 97.54189944134077
 0 99.55307262569835
 13 101.5642458100559
 25 103.5754189944134
 40 105.586592178771
 18 107.5977653631285
 119 109.608938547486
 113 111.6201117318436
 108 113.6312849162011
 2 115.6424581005587
 206 117.6536312849162
 158 119.6648044692737
 94 121.6759776536313
 147 123.6871508379888
 149 125.6983240223464
 68 127.7094972067039
 152 129.7206703910614
 173 131.731843575419
 2 133.7430167597765
 111 135.7541899441341
 148 137.7653631284916
 90 139.7765363128492
 120 141.7877094972067
 467 143.7988826815642
 91 145.8100558659218
 209 147.8212290502793
 37 149.8324022346369
 156 151.8435754189944
 56 153.854748603352
 451 155.8659217877095
 46 157.8770949720671
 121 159.8882681564246
 71 161.8994413407821
 39 163.9106145251397
 12 165.9217877094972
 114 167.9329608938548
 235 169.9441340782123
 307 171.9553072625699
 2 173.9664804469274
 125 175.9776536312849
 1 177.9888268156425
 0 180


