# Created by Octave 3.8.2, Sun Jun 21 05:59:44 2020 CEST <damian@fptrucha.inv.usc.es>
# name: hd
# type: matrix
# rows: 180
# columns: 2
 0 -180
 93 -177.9888268156425
 3 -175.9776536312849
 236 -173.9664804469274
 141 -171.9553072625698
 105 -169.9441340782123
 16 -167.9329608938548
 14 -165.9217877094972
 38 -163.9106145251397
 71 -161.8994413407821
 15 -159.8882681564246
 406 -157.877094972067
 33 -155.8659217877095
 67 -153.854748603352
 30 -151.8435754189944
 50 -149.8324022346369
 142 -147.8212290502793
 395 -145.8100558659218
 68 -143.7988826815642
 59 -141.7877094972067
 122 -139.7765363128491
 57 -137.7653631284916
 1 -135.7541899441341
 88 -133.7430167597765
 96 -131.731843575419
 41 -129.7206703910614
 125 -127.7094972067039
 159 -125.6983240223464
 66 -123.6871508379888
 113 -121.6759776536313
 98 -119.6648044692737
 0 -117.6536312849162
 63 -115.6424581005587
 55 -113.6312849162011
 68 -111.6201117318436
 7 -109.608938547486
 24 -107.5977653631285
 18 -105.5865921787709
 7 -103.5754189944134
 3 -101.5642458100559
 0 -99.55307262569832
 0 -97.54189944134077
 0 -95.53072625698323
 1 -93.5195530726257
 5178 -91.50837988826815
 6 -89.49720670391061
 4 -87.48603351955308
 0 -85.47486033519553
 0 -83.46368715083798
 0 -81.45251396648044
 5 -79.44134078212289
 2 -77.43016759776536
 29 -75.41899441340782
 15 -73.40782122905027
 32 -71.39664804469274
 71 -69.38547486033519
 48 -67.37430167597765
 51 -65.3631284916201
 31 -63.35195530726256
 154 -61.34078212290503
 102 -59.32960893854748
 134 -57.31843575418993
 66 -55.3072625698324
 58 -53.29608938547486
 140 -51.28491620111731
 39 -49.27374301675977
 72 -47.26256983240222
 0 -45.25139664804468
 167 -43.24022346368713
 0 -41.22905027932961
 83 -39.21787709497207
 177 -37.20670391061452
 297 -35.19553072625698
 63 -33.18435754189943
 39 -31.17318435754188
 87 -29.16201117318434
 5 -27.15083798882682
 31 -25.13966480446928
 419 -23.12849162011173
 81 -21.11731843575419
 35 -19.10614525139664
 4 -17.09497206703909
 22 -15.08379888268155
 114 -13.072625698324
 12 -11.06145251396646
 354 -9.050279329608941
 0 -7.039106145251395
 73 -5.02793296089385
 14 -3.016759776536304
 0 -1.005586592178759
 6 1.005586592178787
 83 3.016759776536333
 1 5.02793296089385
 313 7.039106145251395
 2 9.050279329608941
 78 11.06145251396649
 30 13.07262569832403
 4 15.08379888268158
 37 17.09497206703912
 71 19.10614525139667
 317 21.11731843575421
 38 23.12849162011173
 61 25.13966480446928
 58 27.15083798882682
 39 29.16201117318437
 143 31.17318435754191
 192 33.18435754189946
 162 35.195530726257
 103 37.20670391061452
 31 39.21787709497207
 169 41.22905027932961
 3 43.24022346368716
 72 45.2513966480447
 34 47.26256983240225
 152 49.27374301675979
 55 51.28491620111734
 116 53.29608938547489
 59 55.3072625698324
 84 57.31843575418995
 146 59.32960893854749
 35 61.34078212290504
 76 63.35195530726259
 52 65.36312849162013
 53 67.37430167597768
 35 69.38547486033519
 15 71.39664804469274
 27 73.40782122905028
 3 75.41899441340783
 6 77.43016759776538
 1 79.44134078212289
 1 81.45251396648047
 1 83.46368715083798
 1 85.47486033519556
 2 87.48603351955308
 4811 89.49720670391065
 2 91.50837988826817
 1 93.51955307262574
 0 95.53072625698326
 1 97.54189944134077
 2 99.55307262569835
 6 101.5642458100559
 7 103.5754189944134
 26 105.586592178771
 11 107.5977653631285
 78 109.608938547486
 70 111.6201117318436
 63 113.6312849162011
 5 115.6424581005587
 135 117.6536312849162
 111 119.6648044692737
 56 121.6759776536313
 104 123.6871508379888
 121 125.6983240223464
 43 127.7094972067039
 96 129.7206703910614
 101 131.731843575419
 1 133.7430167597765
 88 135.7541899441341
 112 137.7653631284916
 61 139.7765363128492
 88 141.7877094972067
 278 143.7988826815642
 91 145.8100558659218
 131 147.8212290502793
 26 149.8324022346369
 89 151.8435754189944
 40 153.854748603352
 309 155.8659217877095
 35 157.8770949720671
 78 159.8882681564246
 34 161.8994413407821
 32 163.9106145251397
 6 165.9217877094972
 95 167.9329608938548
 141 169.9441340782123
 217 171.9553072625699
 1 173.9664804469274
 93 175.9776536312849
 2 177.9888268156425
 0 180


