# Created by Octave 3.8.2, Sat Jun 20 12:49:31 2020 CEST <damian@fptrucha.inv.usc.es>
# name: hd
# type: matrix
# rows: 180
# columns: 2
 3 -180
 159 -177.9888268156425
 5 -175.9776536312849
 406 -173.9664804469274
 261 -171.9553072625698
 181 -169.9441340782123
 36 -167.9329608938548
 43 -165.9217877094972
 48 -163.9106145251397
 184 -161.8994413407821
 42 -159.8882681564246
 632 -157.877094972067
 43 -155.8659217877095
 130 -153.854748603352
 42 -151.8435754189944
 90 -149.8324022346369
 241 -147.8212290502793
 650 -145.8100558659218
 138 -143.7988826815642
 84 -141.7877094972067
 164 -139.7765363128491
 97 -137.7653631284916
 1 -135.7541899441341
 158 -133.7430167597765
 185 -131.731843575419
 87 -129.7206703910614
 201 -127.7094972067039
 209 -125.6983240223464
 106 -123.6871508379888
 207 -121.6759776536313
 192 -119.6648044692737
 4 -117.6536312849162
 121 -115.6424581005587
 109 -113.6312849162011
 123 -111.6201117318436
 24 -109.608938547486
 35 -107.5977653631285
 12 -105.5865921787709
 7 -103.5754189944134
 1 -101.5642458100559
 1 -99.55307262569832
 0 -97.54189944134077
 4 -95.53072625698323
 4 -93.5195530726257
 8710 -91.50837988826815
 14 -89.49720670391061
 1 -87.48603351955308
 0 -85.47486033519553
 0 -83.46368715083798
 1 -81.45251396648044
 6 -79.44134078212289
 8 -77.43016759776536
 42 -75.41899441340782
 32 -73.40782122905027
 58 -71.39664804469274
 120 -69.38547486033519
 76 -67.37430167597765
 107 -65.3631284916201
 70 -63.35195530726256
 300 -61.34078212290503
 161 -59.32960893854748
 239 -57.31843575418993
 94 -55.3072625698324
 78 -53.29608938547486
 225 -51.28491620111731
 62 -49.27374301675977
 108 -47.26256983240222
 0 -45.25139664804468
 300 -43.24022346368713
 1 -41.22905027932961
 173 -39.21787709497207
 339 -37.20670391061452
 489 -35.19553072625698
 115 -33.18435754189943
 64 -31.17318435754188
 163 -29.16201117318434
 6 -27.15083798882682
 62 -25.13966480446928
 681 -23.12849162011173
 140 -21.11731843575419
 53 -19.10614525139664
 8 -17.09497206703909
 29 -15.08379888268155
 159 -13.072625698324
 3 -11.06145251396646
 573 -9.050279329608941
 3 -7.039106145251395
 138 -5.02793296089385
 30 -3.016759776536304
 5 -1.005586592178759
 15 1.005586592178787
 139 3.016759776536333
 5 5.02793296089385
 548 7.039106145251395
 10 9.050279329608941
 138 11.06145251396649
 47 13.07262569832403
 12 15.08379888268158
 73 17.09497206703912
 154 19.10614525139667
 523 21.11731843575421
 62 23.12849162011173
 110 25.13966480446928
 115 27.15083798882682
 66 29.16201117318437
 253 31.17318435754191
 355 33.18435754189946
 271 35.195530726257
 190 37.20670391061452
 32 39.21787709497207
 317 41.22905027932961
 2 43.24022346368716
 105 45.2513966480447
 83 47.26256983240225
 245 49.27374301675979
 92 51.28491620111734
 191 53.29608938547489
 83 55.3072625698324
 145 57.31843575418995
 277 59.32960893854749
 77 61.34078212290504
 142 63.35195530726259
 99 65.36312849162013
 138 67.37430167597768
 62 69.38547486033519
 41 71.39664804469274
 61 73.40782122905028
 8 75.41899441340783
 6 77.43016759776538
 3 79.44134078212289
 0 81.45251396648047
 3 83.46368715083798
 4 85.47486033519556
 12 87.48603351955308
 8373 89.49720670391065
 7 91.50837988826817
 3 93.51955307262574
 1 95.53072625698326
 1 97.54189944134077
 2 99.55307262569835
 26 101.5642458100559
 25 103.5754189944134
 39 105.586592178771
 24 107.5977653631285
 151 109.608938547486
 131 111.6201117318436
 151 113.6312849162011
 3 115.6424581005587
 239 117.6536312849162
 163 119.6648044692737
 99 121.6759776536313
 191 123.6871508379888
 215 125.6983240223464
 102 127.7094972067039
 177 129.7206703910614
 195 131.731843575419
 6 133.7430167597765
 138 135.7541899441341
 205 137.7653631284916
 125 139.7765363128492
 177 141.7877094972067
 518 143.7988826815642
 139 145.8100558659218
 217 147.8212290502793
 46 149.8324022346369
 171 151.8435754189944
 63 153.854748603352
 523 155.8659217877095
 48 157.8770949720671
 152 159.8882681564246
 84 161.8994413407821
 60 163.9106145251397
 29 165.9217877094972
 144 167.9329608938548
 254 169.9441340782123
 361 171.9553072625699
 4 173.9664804469274
 169 175.9776536312849
 7 177.9888268156425
 0 180


