# Created by Octave 3.8.2, Mon Jun 22 09:00:57 2020 CEST <damian@fptrucha.inv.usc.es>
# name: hd
# type: matrix
# rows: 180
# columns: 2
 4 -180
 140 -177.9888268156425
 5 -175.9776536312849
 383 -173.9664804469274
 238 -171.9553072625698
 140 -169.9441340782123
 41 -167.9329608938548
 42 -165.9217877094972
 52 -163.9106145251397
 147 -161.8994413407821
 39 -159.8882681564246
 504 -157.877094972067
 64 -155.8659217877095
 131 -153.854748603352
 41 -151.8435754189944
 59 -149.8324022346369
 216 -147.8212290502793
 550 -145.8100558659218
 132 -143.7988826815642
 97 -141.7877094972067
 167 -139.7765363128491
 109 -137.7653631284916
 3 -135.7541899441341
 169 -133.7430167597765
 181 -131.731843575419
 79 -129.7206703910614
 178 -127.7094972067039
 208 -125.6983240223464
 104 -123.6871508379888
 168 -121.6759776536313
 179 -119.6648044692737
 3 -117.6536312849162
 138 -115.6424581005587
 135 -113.6312849162011
 125 -111.6201117318436
 25 -109.608938547486
 45 -107.5977653631285
 33 -105.5865921787709
 14 -103.5754189944134
 1 -101.5642458100559
 1 -99.55307262569832
 0 -97.54189944134077
 5 -95.53072625698323
 10 -93.5195530726257
 7530 -91.50837988826815
 17 -89.49720670391061
 7 -87.48603351955308
 2 -85.47486033519553
 0 -83.46368715083798
 2 -81.45251396648044
 16 -79.44134078212289
 3 -77.43016759776536
 49 -75.41899441340782
 37 -73.40782122905027
 43 -71.39664804469274
 123 -69.38547486033519
 61 -67.37430167597765
 134 -65.3631284916201
 38 -63.35195530726256
 238 -61.34078212290503
 118 -59.32960893854748
 186 -57.31843575418993
 78 -55.3072625698324
 89 -53.29608938547486
 201 -51.28491620111731
 64 -49.27374301675977
 124 -47.26256983240222
 6 -45.25139664804468
 279 -43.24022346368713
 3 -41.22905027932961
 173 -39.21787709497207
 245 -37.20670391061452
 433 -35.19553072625698
 127 -33.18435754189943
 55 -31.17318435754188
 154 -29.16201117318434
 8 -27.15083798882682
 61 -25.13966480446928
 528 -23.12849162011173
 138 -21.11731843575419
 42 -19.10614525139664
 8 -17.09497206703909
 40 -15.08379888268155
 159 -13.072625698324
 15 -11.06145251396646
 556 -9.050279329608941
 3 -7.039106145251395
 139 -5.02793296089385
 21 -3.016759776536304
 2 -1.005586592178759
 21 1.005586592178787
 125 3.016759776536333
 3 5.02793296089385
 535 7.039106145251395
 10 9.050279329608941
 161 11.06145251396649
 51 13.07262569832403
 16 15.08379888268158
 52 17.09497206703912
 116 19.10614525139667
 496 21.11731843575421
 59 23.12849162011173
 82 25.13966480446928
 95 27.15083798882682
 79 29.16201117318437
 178 31.17318435754191
 326 33.18435754189946
 251 35.195530726257
 138 37.20670391061452
 40 39.21787709497207
 293 41.22905027932961
 4 43.24022346368716
 126 45.2513966480447
 63 47.26256983240225
 214 49.27374301675979
 79 51.28491620111734
 199 53.29608938547489
 84 55.3072625698324
 153 57.31843575418995
 264 59.32960893854749
 63 61.34078212290504
 134 63.35195530726259
 80 65.36312849162013
 96 67.37430167597768
 55 69.38547486033519
 30 71.39664804469274
 45 73.40782122905028
 10 75.41899441340783
 12 77.43016759776538
 4 79.44134078212289
 3 81.45251396648047
 1 83.46368715083798
 4 85.47486033519556
 9 87.48603351955308
 7245 89.49720670391065
 13 91.50837988826817
 1 93.51955307262574
 1 95.53072625698326
 2 97.54189944134077
 6 99.55307262569835
 18 101.5642458100559
 35 103.5754189944134
 47 105.586592178771
 22 107.5977653631285
 117 109.608938547486
 110 111.6201117318436
 130 113.6312849162011
 1 115.6424581005587
 187 117.6536312849162
 171 119.6648044692737
 108 121.6759776536313
 182 123.6871508379888
 178 125.6983240223464
 76 127.7094972067039
 176 129.7206703910614
 173 131.731843575419
 1 133.7430167597765
 98 135.7541899441341
 165 137.7653631284916
 123 139.7765363128492
 116 141.7877094972067
 480 143.7988826815642
 101 145.8100558659218
 185 147.8212290502793
 49 149.8324022346369
 137 151.8435754189944
 68 153.854748603352
 514 155.8659217877095
 46 157.8770949720671
 129 159.8882681564246
 67 161.8994413407821
 55 163.9106145251397
 26 165.9217877094972
 140 167.9329608938548
 214 169.9441340782123
 318 171.9553072625699
 2 173.9664804469274
 167 175.9776536312849
 5 177.9888268156425
 0 180


