# Created by Octave 3.8.2, Sat Jun 20 21:27:11 2020 CEST <damian@fptrucha.inv.usc.es>
# name: hd
# type: matrix
# rows: 180
# columns: 2
 2 -180
 82 -177.9888268156425
 4 -175.9776536312849
 218 -173.9664804469274
 154 -171.9553072625698
 117 -169.9441340782123
 19 -167.9329608938548
 23 -165.9217877094972
 29 -163.9106145251397
 120 -161.8994413407821
 20 -159.8882681564246
 399 -157.877094972067
 43 -155.8659217877095
 85 -153.854748603352
 28 -151.8435754189944
 41 -149.8324022346369
 129 -147.8212290502793
 416 -145.8100558659218
 86 -143.7988826815642
 65 -141.7877094972067
 100 -139.7765363128491
 83 -137.7653631284916
 1 -135.7541899441341
 116 -133.7430167597765
 100 -131.731843575419
 54 -129.7206703910614
 112 -127.7094972067039
 119 -125.6983240223464
 65 -123.6871508379888
 121 -121.6759776536313
 155 -119.6648044692737
 4 -117.6536312849162
 56 -115.6424581005587
 73 -113.6312849162011
 80 -111.6201117318436
 6 -109.608938547486
 23 -107.5977653631285
 18 -105.5865921787709
 6 -103.5754189944134
 3 -101.5642458100559
 1 -99.55307262569832
 0 -97.54189944134077
 1 -95.53072625698323
 3 -93.5195530726257
 5135 -91.50837988826815
 9 -89.49720670391061
 4 -87.48603351955308
 1 -85.47486033519553
 0 -83.46368715083798
 2 -81.45251396648044
 2 -79.44134078212289
 1 -77.43016759776536
 29 -75.41899441340782
 13 -73.40782122905027
 31 -71.39664804469274
 69 -69.38547486033519
 39 -67.37430167597765
 49 -65.3631284916201
 35 -63.35195530726256
 162 -61.34078212290503
 80 -59.32960893854748
 142 -57.31843575418993
 61 -55.3072625698324
 38 -53.29608938547486
 144 -51.28491620111731
 40 -49.27374301675977
 71 -47.26256983240222
 5 -45.25139664804468
 184 -43.24022346368713
 1 -41.22905027932961
 104 -39.21787709497207
 187 -37.20670391061452
 267 -35.19553072625698
 73 -33.18435754189943
 42 -31.17318435754188
 98 -29.16201117318434
 5 -27.15083798882682
 33 -25.13966480446928
 408 -23.12849162011173
 91 -21.11731843575419
 26 -19.10614525139664
 4 -17.09497206703909
 16 -15.08379888268155
 120 -13.072625698324
 5 -11.06145251396646
 366 -9.050279329608941
 0 -7.039106145251395
 87 -5.02793296089385
 9 -3.016759776536304
 1 -1.005586592178759
 6 1.005586592178787
 77 3.016759776536333
 4 5.02793296089385
 353 7.039106145251395
 8 9.050279329608941
 79 11.06145251396649
 22 13.07262569832403
 9 15.08379888268158
 40 17.09497206703912
 69 19.10614525139667
 355 21.11731843575421
 42 23.12849162011173
 66 25.13966480446928
 61 27.15083798882682
 42 29.16201117318437
 154 31.17318435754191
 219 33.18435754189946
 140 35.195530726257
 107 37.20670391061452
 22 39.21787709497207
 198 41.22905027932961
 0 43.24022346368716
 79 45.2513966480447
 42 47.26256983240225
 151 49.27374301675979
 49 51.28491620111734
 127 53.29608938547489
 53 55.3072625698324
 71 57.31843575418995
 193 59.32960893854749
 50 61.34078212290504
 74 63.35195530726259
 55 65.36312849162013
 55 67.37430167597768
 27 69.38547486033519
 23 71.39664804469274
 30 73.40782122905028
 3 75.41899441340783
 4 77.43016759776538
 1 79.44134078212289
 1 81.45251396648047
 0 83.46368715083798
 2 85.47486033519556
 10 87.48603351955308
 4940 89.49720670391065
 3 91.50837988826817
 1 93.51955307262574
 0 95.53072625698326
 0 97.54189944134077
 2 99.55307262569835
 8 101.5642458100559
 18 103.5754189944134
 32 105.586592178771
 18 107.5977653631285
 60 109.608938547486
 74 111.6201117318436
 71 113.6312849162011
 1 115.6424581005587
 148 117.6536312849162
 96 119.6648044692737
 50 121.6759776536313
 116 123.6871508379888
 113 125.6983240223464
 50 127.7094972067039
 108 129.7206703910614
 138 131.731843575419
 3 133.7430167597765
 68 135.7541899441341
 137 137.7653631284916
 73 139.7765363128492
 81 141.7877094972067
 291 143.7988826815642
 80 145.8100558659218
 120 147.8212290502793
 22 149.8324022346369
 103 151.8435754189944
 47 153.854748603352
 299 155.8659217877095
 36 157.8770949720671
 84 159.8882681564246
 46 161.8994413407821
 42 163.9106145251397
 12 165.9217877094972
 73 167.9329608938548
 136 169.9441340782123
 198 171.9553072625699
 2 173.9664804469274
 101 175.9776536312849
 4 177.9888268156425
 0 180


