# Created by Octave 3.8.2, Sat Jun 20 16:25:20 2020 CEST <damian@fptrucha.inv.usc.es>
# name: hd
# type: matrix
# rows: 180
# columns: 2
 2 -180
 145 -177.9888268156425
 5 -175.9776536312849
 392 -173.9664804469274
 239 -171.9553072625698
 152 -169.9441340782123
 25 -167.9329608938548
 43 -165.9217877094972
 37 -163.9106145251397
 151 -161.8994413407821
 35 -159.8882681564246
 604 -157.877094972067
 63 -155.8659217877095
 126 -153.854748603352
 41 -151.8435754189944
 70 -149.8324022346369
 201 -147.8212290502793
 619 -145.8100558659218
 121 -143.7988826815642
 101 -141.7877094972067
 171 -139.7765363128491
 112 -137.7653631284916
 2 -135.7541899441341
 165 -133.7430167597765
 159 -131.731843575419
 67 -129.7206703910614
 172 -127.7094972067039
 237 -125.6983240223464
 97 -123.6871508379888
 173 -121.6759776536313
 169 -119.6648044692737
 8 -117.6536312849162
 90 -115.6424581005587
 110 -113.6312849162011
 119 -111.6201117318436
 17 -109.608938547486
 33 -107.5977653631285
 21 -105.5865921787709
 8 -103.5754189944134
 2 -101.5642458100559
 0 -99.55307262569832
 0 -97.54189944134077
 0 -95.53072625698323
 5 -93.5195530726257
 8343 -91.50837988826815
 7 -89.49720670391061
 5 -87.48603351955308
 1 -85.47486033519553
 0 -83.46368715083798
 0 -81.45251396648044
 8 -79.44134078212289
 3 -77.43016759776536
 35 -75.41899441340782
 22 -73.40782122905027
 50 -71.39664804469274
 105 -69.38547486033519
 72 -67.37430167597765
 114 -65.3631284916201
 64 -63.35195530726256
 250 -61.34078212290503
 143 -59.32960893854748
 218 -57.31843575418993
 85 -55.3072625698324
 76 -53.29608938547486
 238 -51.28491620111731
 54 -49.27374301675977
 119 -47.26256983240222
 2 -45.25139664804468
 269 -43.24022346368713
 1 -41.22905027932961
 138 -39.21787709497207
 329 -37.20670391061452
 455 -35.19553072625698
 99 -33.18435754189943
 76 -31.17318435754188
 147 -29.16201117318434
 18 -27.15083798882682
 56 -25.13966480446928
 612 -23.12849162011173
 156 -21.11731843575419
 41 -19.10614525139664
 12 -17.09497206703909
 33 -15.08379888268155
 158 -13.072625698324
 6 -11.06145251396646
 586 -9.050279329608941
 3 -7.039106145251395
 134 -5.02793296089385
 19 -3.016759776536304
 0 -1.005586592178759
 22 1.005586592178787
 117 3.016759776536333
 2 5.02793296089385
 573 7.039106145251395
 11 9.050279329608941
 138 11.06145251396649
 45 13.07262569832403
 8 15.08379888268158
 45 17.09497206703912
 111 19.10614525139667
 568 21.11731843575421
 57 23.12849162011173
 80 25.13966480446928
 111 27.15083798882682
 66 29.16201117318437
 235 31.17318435754191
 320 33.18435754189946
 251 35.195530726257
 169 37.20670391061452
 31 39.21787709497207
 303 41.22905027932961
 1 43.24022346368716
 117 45.2513966480447
 59 47.26256983240225
 212 49.27374301675979
 89 51.28491620111734
 193 53.29608938547489
 70 55.3072625698324
 137 57.31843575418995
 278 59.32960893854749
 63 61.34078212290504
 123 63.35195530726259
 89 65.36312849162013
 97 67.37430167597768
 50 69.38547486033519
 32 71.39664804469274
 50 73.40782122905028
 8 75.41899441340783
 4 77.43016759776538
 2 79.44134078212289
 2 81.45251396648047
 1 83.46368715083798
 3 85.47486033519556
 10 87.48603351955308
 8071 89.49720670391065
 7 91.50837988826817
 3 93.51955307262574
 1 95.53072625698326
 1 97.54189944134077
 5 99.55307262569835
 12 101.5642458100559
 16 103.5754189944134
 41 105.586592178771
 21 107.5977653631285
 112 109.608938547486
 132 111.6201117318436
 108 113.6312849162011
 2 115.6424581005587
 219 117.6536312849162
 164 119.6648044692737
 100 121.6759776536313
 183 123.6871508379888
 177 125.6983240223464
 73 127.7094972067039
 173 129.7206703910614
 180 131.731843575419
 2 133.7430167597765
 118 135.7541899441341
 178 137.7653631284916
 106 139.7765363128492
 153 141.7877094972067
 503 143.7988826815642
 107 145.8100558659218
 207 147.8212290502793
 42 149.8324022346369
 173 151.8435754189944
 59 153.854748603352
 434 155.8659217877095
 50 157.8770949720671
 126 159.8882681564246
 77 161.8994413407821
 45 163.9106145251397
 12 165.9217877094972
 123 167.9329608938548
 220 169.9441340782123
 328 171.9553072625699
 5 173.9664804469274
 158 175.9776536312849
 2 177.9888268156425
 0 180


