# Created by Octave 3.8.2, Mon Jun 22 14:00:50 2020 CEST <damian@fptrucha.inv.usc.es>
# name: hd
# type: matrix
# rows: 180
# columns: 2
 5 -180
 161 -177.9888268156425
 5 -175.9776536312849
 333 -173.9664804469274
 241 -171.9553072625698
 154 -169.9441340782123
 28 -167.9329608938548
 52 -165.9217877094972
 68 -163.9106145251397
 151 -161.8994413407821
 37 -159.8882681564246
 561 -157.877094972067
 79 -155.8659217877095
 138 -153.854748603352
 45 -151.8435754189944
 72 -149.8324022346369
 226 -147.8212290502793
 586 -145.8100558659218
 143 -143.7988826815642
 93 -141.7877094972067
 189 -139.7765363128491
 114 -137.7653631284916
 2 -135.7541899441341
 160 -133.7430167597765
 161 -131.731843575419
 71 -129.7206703910614
 183 -127.7094972067039
 217 -125.6983240223464
 105 -123.6871508379888
 177 -121.6759776536313
 235 -119.6648044692737
 6 -117.6536312849162
 134 -115.6424581005587
 100 -113.6312849162011
 113 -111.6201117318436
 24 -109.608938547486
 45 -107.5977653631285
 28 -105.5865921787709
 15 -103.5754189944134
 5 -101.5642458100559
 0 -99.55307262569832
 0 -97.54189944134077
 2 -95.53072625698323
 9 -93.5195530726257
 7902 -91.50837988826815
 19 -89.49720670391061
 4 -87.48603351955308
 3 -85.47486033519553
 0 -83.46368715083798
 3 -81.45251396648044
 8 -79.44134078212289
 8 -77.43016759776536
 52 -75.41899441340782
 39 -73.40782122905027
 45 -71.39664804469274
 106 -69.38547486033519
 70 -67.37430167597765
 103 -65.3631284916201
 67 -63.35195530726256
 260 -61.34078212290503
 138 -59.32960893854748
 226 -57.31843575418993
 99 -55.3072625698324
 79 -53.29608938547486
 227 -51.28491620111731
 51 -49.27374301675977
 120 -47.26256983240222
 3 -45.25139664804468
 332 -43.24022346368713
 3 -41.22905027932961
 150 -39.21787709497207
 300 -37.20670391061452
 414 -35.19553072625698
 131 -33.18435754189943
 58 -31.17318435754188
 152 -29.16201117318434
 11 -27.15083798882682
 60 -25.13966480446928
 601 -23.12849162011173
 104 -21.11731843575419
 51 -19.10614525139664
 19 -17.09497206703909
 49 -15.08379888268155
 161 -13.072625698324
 16 -11.06145251396646
 613 -9.050279329608941
 5 -7.039106145251395
 151 -5.02793296089385
 30 -3.016759776536304
 7 -1.005586592178759
 22 1.005586592178787
 135 3.016759776536333
 1 5.02793296089385
 550 7.039106145251395
 8 9.050279329608941
 133 11.06145251396649
 43 13.07262569832403
 21 15.08379888268158
 54 17.09497206703912
 136 19.10614525139667
 517 21.11731843575421
 64 23.12849162011173
 83 25.13966480446928
 97 27.15083798882682
 63 29.16201117318437
 185 31.17318435754191
 319 33.18435754189946
 266 35.195530726257
 131 37.20670391061452
 38 39.21787709497207
 296 41.22905027932961
 3 43.24022346368716
 116 45.2513966480447
 43 47.26256983240225
 239 49.27374301675979
 85 51.28491620111734
 203 53.29608938547489
 87 55.3072625698324
 155 57.31843575418995
 275 59.32960893854749
 57 61.34078212290504
 123 63.35195530726259
 82 65.36312849162013
 98 67.37430167597768
 53 69.38547486033519
 27 71.39664804469274
 59 73.40782122905028
 8 75.41899441340783
 5 77.43016759776538
 4 79.44134078212289
 0 81.45251396648047
 1 83.46368715083798
 9 85.47486033519556
 9 87.48603351955308
 7624 89.49720670391065
 9 91.50837988826817
 8 93.51955307262574
 2 95.53072625698326
 1 97.54189944134077
 7 99.55307262569835
 18 101.5642458100559
 23 103.5754189944134
 44 105.586592178771
 28 107.5977653631285
 119 109.608938547486
 138 111.6201117318436
 140 113.6312849162011
 2 115.6424581005587
 194 117.6536312849162
 189 119.6648044692737
 96 121.6759776536313
 188 123.6871508379888
 167 125.6983240223464
 80 127.7094972067039
 177 129.7206703910614
 181 131.731843575419
 4 133.7430167597765
 114 135.7541899441341
 185 137.7653631284916
 110 139.7765363128492
 138 141.7877094972067
 501 143.7988826815642
 113 145.8100558659218
 215 147.8212290502793
 46 149.8324022346369
 119 151.8435754189944
 70 153.854748603352
 492 155.8659217877095
 55 157.8770949720671
 149 159.8882681564246
 52 161.8994413407821
 50 163.9106145251397
 22 165.9217877094972
 127 167.9329608938548
 245 169.9441340782123
 362 171.9553072625699
 6 173.9664804469274
 157 175.9776536312849
 3 177.9888268156425
 0 180


