# Created by Octave 3.8.2, Mon Jun 22 02:33:09 2020 CEST <damian@fptrucha.inv.usc.es>
# name: hd
# type: matrix
# rows: 180
# columns: 2
 7 -180
 148 -177.9888268156425
 2 -175.9776536312849
 347 -173.9664804469274
 204 -171.9553072625698
 116 -169.9441340782123
 34 -167.9329608938548
 55 -165.9217877094972
 64 -163.9106145251397
 144 -161.8994413407821
 36 -159.8882681564246
 471 -157.877094972067
 64 -155.8659217877095
 121 -153.854748603352
 32 -151.8435754189944
 63 -149.8324022346369
 180 -147.8212290502793
 589 -145.8100558659218
 134 -143.7988826815642
 85 -141.7877094972067
 167 -139.7765363128491
 103 -137.7653631284916
 5 -135.7541899441341
 180 -133.7430167597765
 134 -131.731843575419
 69 -129.7206703910614
 177 -127.7094972067039
 175 -125.6983240223464
 94 -123.6871508379888
 182 -121.6759776536313
 195 -119.6648044692737
 0 -117.6536312849162
 111 -115.6424581005587
 101 -113.6312849162011
 105 -111.6201117318436
 22 -109.608938547486
 48 -107.5977653631285
 31 -105.5865921787709
 7 -103.5754189944134
 2 -101.5642458100559
 2 -99.55307262569832
 1 -97.54189944134077
 2 -95.53072625698323
 14 -93.5195530726257
 7308 -91.50837988826815
 17 -89.49720670391061
 8 -87.48603351955308
 3 -85.47486033519553
 0 -83.46368715083798
 4 -81.45251396648044
 8 -79.44134078212289
 10 -77.43016759776536
 50 -75.41899441340782
 22 -73.40782122905027
 34 -71.39664804469274
 95 -69.38547486033519
 80 -67.37430167597765
 115 -65.3631284916201
 52 -63.35195530726256
 257 -61.34078212290503
 129 -59.32960893854748
 211 -57.31843575418993
 94 -55.3072625698324
 73 -53.29608938547486
 235 -51.28491620111731
 56 -49.27374301675977
 114 -47.26256983240222
 3 -45.25139664804468
 237 -43.24022346368713
 3 -41.22905027932961
 171 -39.21787709497207
 268 -37.20670391061452
 358 -35.19553072625698
 118 -33.18435754189943
 58 -31.17318435754188
 143 -29.16201117318434
 7 -27.15083798882682
 75 -25.13966480446928
 508 -23.12849162011173
 127 -21.11731843575419
 54 -19.10614525139664
 9 -17.09497206703909
 32 -15.08379888268155
 141 -13.072625698324
 12 -11.06145251396646
 514 -9.050279329608941
 7 -7.039106145251395
 125 -5.02793296089385
 11 -3.016759776536304
 4 -1.005586592178759
 25 1.005586592178787
 117 3.016759776536333
 5 5.02793296089385
 539 7.039106145251395
 11 9.050279329608941
 155 11.06145251396649
 46 13.07262569832403
 8 15.08379888268158
 48 17.09497206703912
 124 19.10614525139667
 490 21.11731843575421
 61 23.12849162011173
 78 25.13966480446928
 97 27.15083798882682
 62 29.16201117318437
 186 31.17318435754191
 298 33.18435754189946
 243 35.195530726257
 123 37.20670391061452
 47 39.21787709497207
 241 41.22905027932961
 2 43.24022346368716
 119 45.2513966480447
 66 47.26256983240225
 215 49.27374301675979
 79 51.28491620111734
 185 53.29608938547489
 78 55.3072625698324
 142 57.31843575418995
 265 59.32960893854749
 60 61.34078212290504
 108 63.35195530726259
 67 65.36312849162013
 122 67.37430167597768
 61 69.38547486033519
 30 71.39664804469274
 50 73.40782122905028
 7 75.41899441340783
 7 77.43016759776538
 3 79.44134078212289
 1 81.45251396648047
 5 83.46368715083798
 5 85.47486033519556
 17 87.48603351955308
 7167 89.49720670391065
 4 91.50837988826817
 5 93.51955307262574
 2 95.53072625698326
 1 97.54189944134077
 5 99.55307262569835
 16 101.5642458100559
 23 103.5754189944134
 45 105.586592178771
 29 107.5977653631285
 111 109.608938547486
 112 111.6201117318436
 125 113.6312849162011
 3 115.6424581005587
 195 117.6536312849162
 164 119.6648044692737
 103 121.6759776536313
 186 123.6871508379888
 189 125.6983240223464
 77 127.7094972067039
 160 129.7206703910614
 163 131.731843575419
 2 133.7430167597765
 105 135.7541899441341
 148 137.7653631284916
 88 139.7765363128492
 103 141.7877094972067
 463 143.7988826815642
 98 145.8100558659218
 172 147.8212290502793
 44 149.8324022346369
 121 151.8435754189944
 77 153.854748603352
 458 155.8659217877095
 53 157.8770949720671
 127 159.8882681564246
 60 161.8994413407821
 42 163.9106145251397
 35 165.9217877094972
 119 167.9329608938548
 204 169.9441340782123
 333 171.9553072625699
 7 173.9664804469274
 162 175.9776536312849
 10 177.9888268156425
 0 180


