# Created by Octave 3.8.2, Mon Jun 22 12:28:07 2020 CEST <damian@fptrucha.inv.usc.es>
# name: hd
# type: matrix
# rows: 180
# columns: 2
 3 -180
 116 -177.9888268156425
 1 -175.9776536312849
 250 -173.9664804469274
 154 -171.9553072625698
 88 -169.9441340782123
 12 -167.9329608938548
 25 -165.9217877094972
 45 -163.9106145251397
 107 -161.8994413407821
 32 -159.8882681564246
 379 -157.877094972067
 49 -155.8659217877095
 82 -153.854748603352
 31 -151.8435754189944
 46 -149.8324022346369
 149 -147.8212290502793
 382 -145.8100558659218
 81 -143.7988826815642
 70 -141.7877094972067
 119 -139.7765363128491
 92 -137.7653631284916
 3 -135.7541899441341
 112 -133.7430167597765
 97 -131.731843575419
 45 -129.7206703910614
 124 -127.7094972067039
 140 -125.6983240223464
 77 -123.6871508379888
 114 -121.6759776536313
 127 -119.6648044692737
 5 -117.6536312849162
 88 -115.6424581005587
 71 -113.6312849162011
 91 -111.6201117318436
 4 -109.608938547486
 22 -107.5977653631285
 19 -105.5865921787709
 5 -103.5754189944134
 4 -101.5642458100559
 0 -99.55307262569832
 2 -97.54189944134077
 2 -95.53072625698323
 3 -93.5195530726257
 5205 -91.50837988826815
 8 -89.49720670391061
 6 -87.48603351955308
 0 -85.47486033519553
 0 -83.46368715083798
 0 -81.45251396648044
 6 -79.44134078212289
 6 -77.43016759776536
 44 -75.41899441340782
 20 -73.40782122905027
 38 -71.39664804469274
 71 -69.38547486033519
 51 -67.37430167597765
 69 -65.3631284916201
 40 -63.35195530726256
 177 -61.34078212290503
 84 -59.32960893854748
 138 -57.31843575418993
 65 -55.3072625698324
 54 -53.29608938547486
 157 -51.28491620111731
 45 -49.27374301675977
 73 -47.26256983240222
 2 -45.25139664804468
 190 -43.24022346368713
 1 -41.22905027932961
 119 -39.21787709497207
 176 -37.20670391061452
 300 -35.19553072625698
 79 -33.18435754189943
 48 -31.17318435754188
 118 -29.16201117318434
 8 -27.15083798882682
 40 -25.13966480446928
 389 -23.12849162011173
 96 -21.11731843575419
 34 -19.10614525139664
 11 -17.09497206703909
 29 -15.08379888268155
 89 -13.072625698324
 6 -11.06145251396646
 382 -9.050279329608941
 1 -7.039106145251395
 96 -5.02793296089385
 13 -3.016759776536304
 4 -1.005586592178759
 16 1.005586592178787
 107 3.016759776536333
 2 5.02793296089385
 346 7.039106145251395
 3 9.050279329608941
 96 11.06145251396649
 27 13.07262569832403
 7 15.08379888268158
 42 17.09497206703912
 94 19.10614525139667
 350 21.11731843575421
 46 23.12849162011173
 44 25.13966480446928
 60 27.15083798882682
 46 29.16201117318437
 147 31.17318435754191
 243 33.18435754189946
 161 35.195530726257
 109 37.20670391061452
 19 39.21787709497207
 198 41.22905027932961
 1 43.24022346368716
 81 45.2513966480447
 41 47.26256983240225
 156 49.27374301675979
 51 51.28491620111734
 160 53.29608938547489
 56 55.3072625698324
 106 57.31843575418995
 166 59.32960893854749
 30 61.34078212290504
 80 63.35195530726259
 47 65.36312849162013
 70 67.37430167597768
 38 69.38547486033519
 21 71.39664804469274
 39 73.40782122905028
 7 75.41899441340783
 4 77.43016759776538
 3 79.44134078212289
 1 81.45251396648047
 0 83.46368715083798
 2 85.47486033519556
 8 87.48603351955308
 5071 89.49720670391065
 7 91.50837988826817
 0 93.51955307262574
 0 95.53072625698326
 1 97.54189944134077
 3 99.55307262569835
 6 101.5642458100559
 32 103.5754189944134
 19 105.586592178771
 18 107.5977653631285
 96 109.608938547486
 72 111.6201117318436
 91 113.6312849162011
 1 115.6424581005587
 132 117.6536312849162
 113 119.6648044692737
 68 121.6759776536313
 132 123.6871508379888
 115 125.6983240223464
 58 127.7094972067039
 107 129.7206703910614
 127 131.731843575419
 4 133.7430167597765
 80 135.7541899441341
 113 137.7653631284916
 62 139.7765363128492
 82 141.7877094972067
 352 143.7988826815642
 84 145.8100558659218
 137 147.8212290502793
 46 149.8324022346369
 108 151.8435754189944
 31 153.854748603352
 334 155.8659217877095
 35 157.8770949720671
 99 159.8882681564246
 31 161.8994413407821
 35 163.9106145251397
 18 165.9217877094972
 105 167.9329608938548
 136 169.9441340782123
 243 171.9553072625699
 3 173.9664804469274
 112 175.9776536312849
 3 177.9888268156425
 0 180


