# Created by Octave 3.8.2, Mon Jun 22 11:45:17 2020 CEST <damian@fptrucha.inv.usc.es>
# name: hd
# type: matrix
# rows: 180
# columns: 2
 9 -180
 190 -177.9888268156425
 5 -175.9776536312849
 372 -173.9664804469274
 225 -171.9553072625698
 121 -169.9441340782123
 29 -167.9329608938548
 49 -165.9217877094972
 66 -163.9106145251397
 140 -161.8994413407821
 47 -159.8882681564246
 564 -157.877094972067
 69 -155.8659217877095
 124 -153.854748603352
 61 -151.8435754189944
 100 -149.8324022346369
 223 -147.8212290502793
 572 -145.8100558659218
 126 -143.7988826815642
 106 -141.7877094972067
 168 -139.7765363128491
 122 -137.7653631284916
 3 -135.7541899441341
 177 -133.7430167597765
 178 -131.731843575419
 87 -129.7206703910614
 169 -127.7094972067039
 192 -125.6983240223464
 96 -123.6871508379888
 175 -121.6759776536313
 187 -119.6648044692737
 3 -117.6536312849162
 120 -115.6424581005587
 111 -113.6312849162011
 124 -111.6201117318436
 30 -109.608938547486
 33 -107.5977653631285
 22 -105.5865921787709
 11 -103.5754189944134
 4 -101.5642458100559
 2 -99.55307262569832
 0 -97.54189944134077
 1 -95.53072625698323
 5 -93.5195530726257
 7769 -91.50837988826815
 15 -89.49720670391061
 4 -87.48603351955308
 2 -85.47486033519553
 1 -83.46368715083798
 2 -81.45251396648044
 9 -79.44134078212289
 7 -77.43016759776536
 51 -75.41899441340782
 34 -73.40782122905027
 45 -71.39664804469274
 98 -69.38547486033519
 85 -67.37430167597765
 109 -65.3631284916201
 65 -63.35195530726256
 237 -61.34078212290503
 149 -59.32960893854748
 226 -57.31843575418993
 89 -55.3072625698324
 71 -53.29608938547486
 242 -51.28491620111731
 65 -49.27374301675977
 115 -47.26256983240222
 4 -45.25139664804468
 304 -43.24022346368713
 2 -41.22905027932961
 164 -39.21787709497207
 276 -37.20670391061452
 398 -35.19553072625698
 124 -33.18435754189943
 76 -31.17318435754188
 176 -29.16201117318434
 11 -27.15083798882682
 61 -25.13966480446928
 600 -23.12849162011173
 127 -21.11731843575419
 55 -19.10614525139664
 9 -17.09497206703909
 42 -15.08379888268155
 160 -13.072625698324
 6 -11.06145251396646
 608 -9.050279329608941
 1 -7.039106145251395
 128 -5.02793296089385
 19 -3.016759776536304
 5 -1.005586592178759
 21 1.005586592178787
 131 3.016759776536333
 6 5.02793296089385
 570 7.039106145251395
 15 9.050279329608941
 132 11.06145251396649
 44 13.07262569832403
 13 15.08379888268158
 67 17.09497206703912
 116 19.10614525139667
 546 21.11731843575421
 58 23.12849162011173
 64 25.13966480446928
 102 27.15083798882682
 61 29.16201117318437
 183 31.17318435754191
 339 33.18435754189946
 251 35.195530726257
 125 37.20670391061452
 49 39.21787709497207
 301 41.22905027932961
 1 43.24022346368716
 132 45.2513966480447
 64 47.26256983240225
 200 49.27374301675979
 83 51.28491620111734
 185 53.29608938547489
 75 55.3072625698324
 146 57.31843575418995
 260 59.32960893854749
 59 61.34078212290504
 142 63.35195530726259
 86 65.36312849162013
 108 67.37430167597768
 66 69.38547486033519
 33 71.39664804469274
 59 73.40782122905028
 5 75.41899441340783
 4 77.43016759776538
 3 79.44134078212289
 2 81.45251396648047
 3 83.46368715083798
 4 85.47486033519556
 12 87.48603351955308
 7451 89.49720670391065
 8 91.50837988826817
 5 93.51955307262574
 0 95.53072625698326
 1 97.54189944134077
 5 99.55307262569835
 18 101.5642458100559
 24 103.5754189944134
 44 105.586592178771
 22 107.5977653631285
 127 109.608938547486
 128 111.6201117318436
 144 113.6312849162011
 4 115.6424581005587
 223 117.6536312849162
 166 119.6648044692737
 96 121.6759776536313
 167 123.6871508379888
 156 125.6983240223464
 104 127.7094972067039
 165 129.7206703910614
 198 131.731843575419
 1 133.7430167597765
 141 135.7541899441341
 176 137.7653631284916
 102 139.7765363128492
 129 141.7877094972067
 512 143.7988826815642
 102 145.8100558659218
 192 147.8212290502793
 55 149.8324022346369
 137 151.8435754189944
 66 153.854748603352
 496 155.8659217877095
 45 157.8770949720671
 142 159.8882681564246
 74 161.8994413407821
 41 163.9106145251397
 16 165.9217877094972
 121 167.9329608938548
 226 169.9441340782123
 324 171.9553072625699
 6 173.9664804469274
 141 175.9776536312849
 3 177.9888268156425
 0 180


