# Created by Octave 3.8.2, Sat Jun 20 23:11:52 2020 CEST <damian@fptrucha.inv.usc.es>
# name: hd
# type: matrix
# rows: 180
# columns: 2
 5 -180
 138 -177.9888268156425
 6 -175.9776536312849
 359 -173.9664804469274
 222 -171.9553072625698
 135 -169.9441340782123
 37 -167.9329608938548
 31 -165.9217877094972
 56 -163.9106145251397
 166 -161.8994413407821
 40 -159.8882681564246
 624 -157.877094972067
 59 -155.8659217877095
 128 -153.854748603352
 44 -151.8435754189944
 51 -149.8324022346369
 188 -147.8212290502793
 587 -145.8100558659218
 127 -143.7988826815642
 93 -141.7877094972067
 155 -139.7765363128491
 111 -137.7653631284916
 0 -135.7541899441341
 151 -133.7430167597765
 147 -131.731843575419
 91 -129.7206703910614
 178 -127.7094972067039
 202 -125.6983240223464
 94 -123.6871508379888
 180 -121.6759776536313
 166 -119.6648044692737
 2 -117.6536312849162
 96 -115.6424581005587
 105 -113.6312849162011
 134 -111.6201117318436
 10 -109.608938547486
 36 -107.5977653631285
 27 -105.5865921787709
 10 -103.5754189944134
 3 -101.5642458100559
 0 -99.55307262569832
 1 -97.54189944134077
 2 -95.53072625698323
 10 -93.5195530726257
 8078 -91.50837988826815
 10 -89.49720670391061
 10 -87.48603351955308
 1 -85.47486033519553
 0 -83.46368715083798
 2 -81.45251396648044
 6 -79.44134078212289
 3 -77.43016759776536
 39 -75.41899441340782
 25 -73.40782122905027
 39 -71.39664804469274
 105 -69.38547486033519
 67 -67.37430167597765
 110 -65.3631284916201
 46 -63.35195530726256
 253 -61.34078212290503
 138 -59.32960893854748
 239 -57.31843575418993
 91 -55.3072625698324
 74 -53.29608938547486
 230 -51.28491620111731
 47 -49.27374301675977
 92 -47.26256983240222
 1 -45.25139664804468
 236 -43.24022346368713
 1 -41.22905027932961
 163 -39.21787709497207
 298 -37.20670391061452
 472 -35.19553072625698
 97 -33.18435754189943
 59 -31.17318435754188
 161 -29.16201117318434
 10 -27.15083798882682
 53 -25.13966480446928
 592 -23.12849162011173
 143 -21.11731843575419
 41 -19.10614525139664
 12 -17.09497206703909
 37 -15.08379888268155
 174 -13.072625698324
 10 -11.06145251396646
 532 -9.050279329608941
 6 -7.039106145251395
 126 -5.02793296089385
 11 -3.016759776536304
 1 -1.005586592178759
 23 1.005586592178787
 129 3.016759776536333
 3 5.02793296089385
 535 7.039106145251395
 5 9.050279329608941
 119 11.06145251396649
 36 13.07262569832403
 11 15.08379888268158
 41 17.09497206703912
 129 19.10614525139667
 540 21.11731843575421
 55 23.12849162011173
 109 25.13966480446928
 104 27.15083798882682
 53 29.16201117318437
 205 31.17318435754191
 316 33.18435754189946
 225 35.195530726257
 179 37.20670391061452
 42 39.21787709497207
 262 41.22905027932961
 3 43.24022346368716
 115 45.2513966480447
 55 47.26256983240225
 218 49.27374301675979
 75 51.28491620111734
 196 53.29608938547489
 78 55.3072625698324
 135 57.31843575418995
 282 59.32960893854749
 61 61.34078212290504
 125 63.35195530726259
 93 65.36312849162013
 121 67.37430167597768
 49 69.38547486033519
 31 71.39664804469274
 34 73.40782122905028
 9 75.41899441340783
 8 77.43016759776538
 1 79.44134078212289
 0 81.45251396648047
 2 83.46368715083798
 4 85.47486033519556
 11 87.48603351955308
 7628 89.49720670391065
 6 91.50837988826817
 1 93.51955307262574
 1 95.53072625698326
 0 97.54189944134077
 2 99.55307262569835
 15 101.5642458100559
 29 103.5754189944134
 44 105.586592178771
 15 107.5977653631285
 109 109.608938547486
 130 111.6201117318436
 114 113.6312849162011
 3 115.6424581005587
 223 117.6536312849162
 166 119.6648044692737
 88 121.6759776536313
 192 123.6871508379888
 186 125.6983240223464
 79 127.7094972067039
 153 129.7206703910614
 183 131.731843575419
 0 133.7430167597765
 126 135.7541899441341
 137 137.7653631284916
 100 139.7765363128492
 174 141.7877094972067
 480 143.7988826815642
 125 145.8100558659218
 205 147.8212290502793
 45 149.8324022346369
 151 151.8435754189944
 68 153.854748603352
 440 155.8659217877095
 53 157.8770949720671
 127 159.8882681564246
 54 161.8994413407821
 56 163.9106145251397
 13 165.9217877094972
 115 167.9329608938548
 226 169.9441340782123
 321 171.9553072625699
 3 173.9664804469274
 155 175.9776536312849
 1 177.9888268156425
 0 180


