# Created by Octave 3.8.2, Mon Jun 22 06:48:08 2020 CEST <damian@fptrucha.inv.usc.es>
# name: hd
# type: matrix
# rows: 180
# columns: 2
 2 -180
 154 -177.9888268156425
 3 -175.9776536312849
 331 -173.9664804469274
 217 -171.9553072625698
 118 -169.9441340782123
 36 -167.9329608938548
 41 -165.9217877094972
 64 -163.9106145251397
 139 -161.8994413407821
 51 -159.8882681564246
 523 -157.877094972067
 77 -155.8659217877095
 110 -153.854748603352
 43 -151.8435754189944
 62 -149.8324022346369
 215 -147.8212290502793
 493 -145.8100558659218
 129 -143.7988826815642
 91 -141.7877094972067
 150 -139.7765363128491
 122 -137.7653631284916
 3 -135.7541899441341
 167 -133.7430167597765
 147 -131.731843575419
 75 -129.7206703910614
 154 -127.7094972067039
 216 -125.6983240223464
 79 -123.6871508379888
 165 -121.6759776536313
 181 -119.6648044692737
 2 -117.6536312849162
 114 -115.6424581005587
 115 -113.6312849162011
 119 -111.6201117318436
 21 -109.608938547486
 40 -107.5977653631285
 25 -105.5865921787709
 15 -103.5754189944134
 2 -101.5642458100559
 1 -99.55307262569832
 1 -97.54189944134077
 5 -95.53072625698323
 10 -93.5195530726257
 7382 -91.50837988826815
 16 -89.49720670391061
 5 -87.48603351955308
 2 -85.47486033519553
 0 -83.46368715083798
 1 -81.45251396648044
 10 -79.44134078212289
 10 -77.43016759776536
 52 -75.41899441340782
 33 -73.40782122905027
 54 -71.39664804469274
 114 -69.38547486033519
 74 -67.37430167597765
 103 -65.3631284916201
 62 -63.35195530726256
 212 -61.34078212290503
 145 -59.32960893854748
 193 -57.31843575418993
 90 -55.3072625698324
 73 -53.29608938547486
 198 -51.28491620111731
 56 -49.27374301675977
 102 -47.26256983240222
 3 -45.25139664804468
 247 -43.24022346368713
 5 -41.22905027932961
 171 -39.21787709497207
 278 -37.20670391061452
 403 -35.19553072625698
 110 -33.18435754189943
 64 -31.17318435754188
 158 -29.16201117318434
 11 -27.15083798882682
 63 -25.13966480446928
 533 -23.12849162011173
 150 -21.11731843575419
 64 -19.10614525139664
 8 -17.09497206703909
 37 -15.08379888268155
 156 -13.072625698324
 10 -11.06145251396646
 547 -9.050279329608941
 5 -7.039106145251395
 124 -5.02793296089385
 25 -3.016759776536304
 1 -1.005586592178759
 28 1.005586592178787
 122 3.016759776536333
 5 5.02793296089385
 534 7.039106145251395
 7 9.050279329608941
 166 11.06145251396649
 49 13.07262569832403
 12 15.08379888268158
 51 17.09497206703912
 127 19.10614525139667
 488 21.11731843575421
 60 23.12849162011173
 58 25.13966480446928
 87 27.15083798882682
 56 29.16201117318437
 198 31.17318435754191
 294 33.18435754189946
 259 35.195530726257
 149 37.20670391061452
 37 39.21787709497207
 293 41.22905027932961
 3 43.24022346368716
 127 45.2513966480447
 59 47.26256983240225
 215 49.27374301675979
 91 51.28491620111734
 236 53.29608938547489
 74 55.3072625698324
 143 57.31843575418995
 239 59.32960893854749
 56 61.34078212290504
 124 63.35195530726259
 70 65.36312849162013
 121 67.37430167597768
 61 69.38547486033519
 21 71.39664804469274
 48 73.40782122905028
 8 75.41899441340783
 10 77.43016759776538
 2 79.44134078212289
 1 81.45251396648047
 0 83.46368715083798
 4 85.47486033519556
 14 87.48603351955308
 7129 89.49720670391065
 10 91.50837988826817
 6 93.51955307262574
 2 95.53072625698326
 2 97.54189944134077
 10 99.55307262569835
 14 101.5642458100559
 26 103.5754189944134
 41 105.586592178771
 26 107.5977653631285
 115 109.608938547486
 109 111.6201117318436
 129 113.6312849162011
 3 115.6424581005587
 196 117.6536312849162
 169 119.6648044692737
 90 121.6759776536313
 134 123.6871508379888
 174 125.6983240223464
 76 127.7094972067039
 151 129.7206703910614
 171 131.731843575419
 1 133.7430167597765
 103 135.7541899441341
 179 137.7653631284916
 98 139.7765363128492
 132 141.7877094972067
 486 143.7988826815642
 111 145.8100558659218
 205 147.8212290502793
 44 149.8324022346369
 136 151.8435754189944
 59 153.854748603352
 438 155.8659217877095
 43 157.8770949720671
 134 159.8882681564246
 65 161.8994413407821
 43 163.9106145251397
 27 165.9217877094972
 142 167.9329608938548
 202 169.9441340782123
 288 171.9553072625699
 7 173.9664804469274
 153 175.9776536312849
 7 177.9888268156425
 0 180


