# Created by Octave 3.8.2, Tue Jun 23 00:19:34 2020 CEST <damian@fptrucha.inv.usc.es>
# name: hd
# type: matrix
# rows: 180
# columns: 2
 8 -180
 163 -177.9888268156425
 7 -175.9776536312849
 395 -173.9664804469274
 276 -171.9553072625698
 164 -169.9441340782123
 35 -167.9329608938548
 42 -165.9217877094972
 79 -163.9106145251397
 185 -161.8994413407821
 49 -159.8882681564246
 625 -157.877094972067
 90 -155.8659217877095
 161 -153.854748603352
 54 -151.8435754189944
 56 -149.8324022346369
 277 -147.8212290502793
 677 -145.8100558659218
 162 -143.7988826815642
 89 -141.7877094972067
 180 -139.7765363128491
 141 -137.7653631284916
 4 -135.7541899441341
 186 -133.7430167597765
 207 -131.731843575419
 105 -129.7206703910614
 234 -127.7094972067039
 250 -125.6983240223464
 139 -123.6871508379888
 212 -121.6759776536313
 194 -119.6648044692737
 5 -117.6536312849162
 148 -115.6424581005587
 146 -113.6312849162011
 149 -111.6201117318436
 19 -109.608938547486
 42 -107.5977653631285
 32 -105.5865921787709
 18 -103.5754189944134
 3 -101.5642458100559
 1 -99.55307262569832
 2 -97.54189944134077
 2 -95.53072625698323
 9 -93.5195530726257
 8930 -91.50837988826815
 14 -89.49720670391061
 3 -87.48603351955308
 0 -85.47486033519553
 0 -83.46368715083798
 4 -81.45251396648044
 9 -79.44134078212289
 7 -77.43016759776536
 71 -75.41899441340782
 31 -73.40782122905027
 68 -71.39664804469274
 146 -69.38547486033519
 86 -67.37430167597765
 103 -65.3631284916201
 67 -63.35195530726256
 293 -61.34078212290503
 154 -59.32960893854748
 246 -57.31843575418993
 115 -55.3072625698324
 96 -53.29608938547486
 255 -51.28491620111731
 54 -49.27374301675977
 99 -47.26256983240222
 3 -45.25139664804468
 314 -43.24022346368713
 5 -41.22905027932961
 152 -39.21787709497207
 326 -37.20670391061452
 477 -35.19553072625698
 129 -33.18435754189943
 79 -31.17318435754188
 167 -29.16201117318434
 11 -27.15083798882682
 57 -25.13966480446928
 651 -23.12849162011173
 156 -21.11731843575419
 55 -19.10614525139664
 10 -17.09497206703909
 50 -15.08379888268155
 160 -13.072625698324
 7 -11.06145251396646
 587 -9.050279329608941
 3 -7.039106145251395
 126 -5.02793296089385
 26 -3.016759776536304
 5 -1.005586592178759
 21 1.005586592178787
 138 3.016759776536333
 2 5.02793296089385
 583 7.039106145251395
 10 9.050279329608941
 158 11.06145251396649
 49 13.07262569832403
 14 15.08379888268158
 52 17.09497206703912
 132 19.10614525139667
 604 21.11731843575421
 56 23.12849162011173
 95 25.13966480446928
 106 27.15083798882682
 76 29.16201117318437
 208 31.17318435754191
 331 33.18435754189946
 262 35.195530726257
 173 37.20670391061452
 43 39.21787709497207
 293 41.22905027932961
 5 43.24022346368716
 107 45.2513966480447
 68 47.26256983240225
 234 49.27374301675979
 89 51.28491620111734
 203 53.29608938547489
 82 55.3072625698324
 137 57.31843575418995
 286 59.32960893854749
 57 61.34078212290504
 107 63.35195530726259
 71 65.36312849162013
 131 67.37430167597768
 61 69.38547486033519
 28 71.39664804469274
 50 73.40782122905028
 4 75.41899441340783
 8 77.43016759776538
 7 79.44134078212289
 2 81.45251396648047
 1 83.46368715083798
 3 85.47486033519556
 13 87.48603351955308
 7773 89.49720670391065
 9 91.50837988826817
 3 93.51955307262574
 1 95.53072625698326
 1 97.54189944134077
 2 99.55307262569835
 19 101.5642458100559
 19 103.5754189944134
 38 105.586592178771
 34 107.5977653631285
 93 109.608938547486
 121 111.6201117318436
 121 113.6312849162011
 1 115.6424581005587
 205 117.6536312849162
 197 119.6648044692737
 79 121.6759776536313
 148 123.6871508379888
 180 125.6983240223464
 71 127.7094972067039
 154 129.7206703910614
 162 131.731843575419
 4 133.7430167597765
 117 135.7541899441341
 190 137.7653631284916
 127 139.7765363128492
 133 141.7877094972067
 505 143.7988826815642
 111 145.8100558659218
 208 147.8212290502793
 47 149.8324022346369
 141 151.8435754189944
 66 153.854748603352
 531 155.8659217877095
 46 157.8770949720671
 152 159.8882681564246
 68 161.8994413407821
 51 163.9106145251397
 12 165.9217877094972
 138 167.9329608938548
 245 169.9441340782123
 333 171.9553072625699
 4 173.9664804469274
 162 175.9776536312849
 2 177.9888268156425
 0 180


