# Created by Octave 3.8.2, Sat Jun 20 15:17:33 2020 CEST <damian@fptrucha.inv.usc.es>
# name: hd
# type: matrix
# rows: 180
# columns: 2
 2 -180
 156 -177.9888268156425
 1 -175.9776536312849
 389 -173.9664804469274
 265 -171.9553072625698
 175 -169.9441340782123
 24 -167.9329608938548
 43 -165.9217877094972
 41 -163.9106145251397
 173 -161.8994413407821
 27 -159.8882681564246
 628 -157.877094972067
 58 -155.8659217877095
 122 -153.854748603352
 25 -151.8435754189944
 52 -149.8324022346369
 208 -147.8212290502793
 586 -145.8100558659218
 136 -143.7988826815642
 91 -141.7877094972067
 166 -139.7765363128491
 95 -137.7653631284916
 1 -135.7541899441341
 144 -133.7430167597765
 140 -131.731843575419
 81 -129.7206703910614
 180 -127.7094972067039
 267 -125.6983240223464
 121 -123.6871508379888
 190 -121.6759776536313
 193 -119.6648044692737
 2 -117.6536312849162
 95 -115.6424581005587
 103 -113.6312849162011
 121 -111.6201117318436
 15 -109.608938547486
 28 -107.5977653631285
 19 -105.5865921787709
 7 -103.5754189944134
 2 -101.5642458100559
 1 -99.55307262569832
 0 -97.54189944134077
 0 -95.53072625698323
 8 -93.5195530726257
 8163 -91.50837988826815
 3 -89.49720670391061
 3 -87.48603351955308
 2 -85.47486033519553
 0 -83.46368715083798
 1 -81.45251396648044
 4 -79.44134078212289
 4 -77.43016759776536
 40 -75.41899441340782
 22 -73.40782122905027
 54 -71.39664804469274
 118 -69.38547486033519
 66 -67.37430167597765
 99 -65.3631284916201
 45 -63.35195530726256
 262 -61.34078212290503
 163 -59.32960893854748
 215 -57.31843575418993
 86 -55.3072625698324
 79 -53.29608938547486
 231 -51.28491620111731
 44 -49.27374301675977
 117 -47.26256983240222
 0 -45.25139664804468
 286 -43.24022346368713
 2 -41.22905027932961
 137 -39.21787709497207
 326 -37.20670391061452
 466 -35.19553072625698
 98 -33.18435754189943
 67 -31.17318435754188
 141 -29.16201117318434
 15 -27.15083798882682
 60 -25.13966480446928
 639 -23.12849162011173
 147 -21.11731843575419
 49 -19.10614525139664
 9 -17.09497206703909
 41 -15.08379888268155
 183 -13.072625698324
 8 -11.06145251396646
 592 -9.050279329608941
 2 -7.039106145251395
 135 -5.02793296089385
 14 -3.016759776536304
 1 -1.005586592178759
 12 1.005586592178787
 128 3.016759776536333
 2 5.02793296089385
 533 7.039106145251395
 11 9.050279329608941
 136 11.06145251396649
 45 13.07262569832403
 7 15.08379888268158
 50 17.09497206703912
 121 19.10614525139667
 593 21.11731843575421
 58 23.12849162011173
 84 25.13966480446928
 106 27.15083798882682
 49 29.16201117318437
 234 31.17318435754191
 307 33.18435754189946
 247 35.195530726257
 173 37.20670391061452
 44 39.21787709497207
 309 41.22905027932961
 0 43.24022346368716
 119 45.2513966480447
 76 47.26256983240225
 245 49.27374301675979
 87 51.28491620111734
 202 53.29608938547489
 81 55.3072625698324
 143 57.31843575418995
 283 59.32960893854749
 65 61.34078212290504
 121 63.35195530726259
 80 65.36312849162013
 105 67.37430167597768
 36 69.38547486033519
 28 71.39664804469274
 35 73.40782122905028
 7 75.41899441340783
 9 77.43016759776538
 1 79.44134078212289
 0 81.45251396648047
 0 83.46368715083798
 1 85.47486033519556
 13 87.48603351955308
 7827 89.49720670391065
 3 91.50837988826817
 1 93.51955307262574
 2 95.53072625698326
 1 97.54189944134077
 2 99.55307262569835
 15 101.5642458100559
 32 103.5754189944134
 40 105.586592178771
 15 107.5977653631285
 142 109.608938547486
 122 111.6201117318436
 136 113.6312849162011
 2 115.6424581005587
 210 117.6536312849162
 162 119.6648044692737
 104 121.6759776536313
 166 123.6871508379888
 191 125.6983240223464
 81 127.7094972067039
 177 129.7206703910614
 188 131.731843575419
 4 133.7430167597765
 157 135.7541899441341
 196 137.7653631284916
 98 139.7765363128492
 153 141.7877094972067
 527 143.7988826815642
 129 145.8100558659218
 212 147.8212290502793
 41 149.8324022346369
 169 151.8435754189944
 61 153.854748603352
 488 155.8659217877095
 64 157.8770949720671
 132 159.8882681564246
 74 161.8994413407821
 45 163.9106145251397
 20 165.9217877094972
 129 167.9329608938548
 208 169.9441340782123
 307 171.9553072625699
 3 173.9664804469274
 178 175.9776536312849
 2 177.9888268156425
 0 180


