# Created by Octave 3.8.2, Sat Jun 20 03:25:08 2020 CEST <damian@fptrucha.inv.usc.es>
# name: hd
# type: matrix
# rows: 180
# columns: 2
 4 -180
 178 -177.9888268156425
 1 -175.9776536312849
 376 -173.9664804469274
 250 -171.9553072625698
 148 -169.9441340782123
 21 -167.9329608938548
 41 -165.9217877094972
 63 -163.9106145251397
 167 -161.8994413407821
 39 -159.8882681564246
 677 -157.877094972067
 61 -155.8659217877095
 119 -153.854748603352
 44 -151.8435754189944
 59 -149.8324022346369
 214 -147.8212290502793
 667 -145.8100558659218
 144 -143.7988826815642
 102 -141.7877094972067
 204 -139.7765363128491
 145 -137.7653631284916
 1 -135.7541899441341
 195 -133.7430167597765
 176 -131.731843575419
 72 -129.7206703910614
 223 -127.7094972067039
 247 -125.6983240223464
 96 -123.6871508379888
 206 -121.6759776536313
 206 -119.6648044692737
 2 -117.6536312849162
 126 -115.6424581005587
 146 -113.6312849162011
 126 -111.6201117318436
 19 -109.608938547486
 30 -107.5977653631285
 32 -105.5865921787709
 8 -103.5754189944134
 4 -101.5642458100559
 0 -99.55307262569832
 1 -97.54189944134077
 2 -95.53072625698323
 8 -93.5195530726257
 8967 -91.50837988826815
 4 -89.49720670391061
 3 -87.48603351955308
 2 -85.47486033519553
 0 -83.46368715083798
 0 -81.45251396648044
 9 -79.44134078212289
 5 -77.43016759776536
 40 -75.41899441340782
 26 -73.40782122905027
 54 -71.39664804469274
 136 -69.38547486033519
 85 -67.37430167597765
 91 -65.3631284916201
 54 -63.35195530726256
 298 -61.34078212290503
 150 -59.32960893854748
 230 -57.31843575418993
 107 -55.3072625698324
 69 -53.29608938547486
 239 -51.28491620111731
 61 -49.27374301675977
 120 -47.26256983240222
 2 -45.25139664804468
 289 -43.24022346368713
 3 -41.22905027932961
 148 -39.21787709497207
 343 -37.20670391061452
 461 -35.19553072625698
 135 -33.18435754189943
 63 -31.17318435754188
 152 -29.16201117318434
 14 -27.15083798882682
 60 -25.13966480446928
 697 -23.12849162011173
 134 -21.11731843575419
 48 -19.10614525139664
 8 -17.09497206703909
 37 -15.08379888268155
 150 -13.072625698324
 5 -11.06145251396646
 592 -9.050279329608941
 2 -7.039106145251395
 120 -5.02793296089385
 17 -3.016759776536304
 3 -1.005586592178759
 21 1.005586592178787
 123 3.016759776536333
 0 5.02793296089385
 597 7.039106145251395
 11 9.050279329608941
 122 11.06145251396649
 46 13.07262569832403
 9 15.08379888268158
 60 17.09497206703912
 115 19.10614525139667
 535 21.11731843575421
 56 23.12849162011173
 100 25.13966480446928
 107 27.15083798882682
 49 29.16201117318437
 225 31.17318435754191
 335 33.18435754189946
 255 35.195530726257
 168 37.20670391061452
 32 39.21787709497207
 266 41.22905027932961
 3 43.24022346368716
 109 45.2513966480447
 56 47.26256983240225
 213 49.27374301675979
 84 51.28491620111734
 212 53.29608938547489
 84 55.3072625698324
 139 57.31843575418995
 243 59.32960893854749
 62 61.34078212290504
 100 63.35195530726259
 65 65.36312849162013
 107 67.37430167597768
 48 69.38547486033519
 32 71.39664804469274
 52 73.40782122905028
 8 75.41899441340783
 8 77.43016759776538
 1 79.44134078212289
 0 81.45251396648047
 0 83.46368715083798
 2 85.47486033519556
 7 87.48603351955308
 8313 89.49720670391065
 13 91.50837988826817
 2 93.51955307262574
 4 95.53072625698326
 1 97.54189944134077
 4 99.55307262569835
 15 101.5642458100559
 25 103.5754189944134
 25 105.586592178771
 17 107.5977653631285
 135 109.608938547486
 116 111.6201117318436
 117 113.6312849162011
 2 115.6424581005587
 203 117.6536312849162
 142 119.6648044692737
 93 121.6759776536313
 182 123.6871508379888
 170 125.6983240223464
 100 127.7094972067039
 174 129.7206703910614
 167 131.731843575419
 2 133.7430167597765
 106 135.7541899441341
 186 137.7653631284916
 106 139.7765363128492
 159 141.7877094972067
 496 143.7988826815642
 119 145.8100558659218
 222 147.8212290502793
 35 149.8324022346369
 148 151.8435754189944
 86 153.854748603352
 567 155.8659217877095
 64 157.8770949720671
 136 159.8882681564246
 64 161.8994413407821
 57 163.9106145251397
 19 165.9217877094972
 143 167.9329608938548
 217 169.9441340782123
 355 171.9553072625699
 1 173.9664804469274
 182 175.9776536312849
 4 177.9888268156425
 0 180


