# Created by Octave 3.8.2, Mon Jun 22 21:41:48 2020 CEST <damian@fptrucha.inv.usc.es>
# name: hd
# type: matrix
# rows: 180
# columns: 2
 6 -180
 173 -177.9888268156425
 2 -175.9776536312849
 426 -173.9664804469274
 255 -171.9553072625698
 161 -169.9441340782123
 43 -167.9329608938548
 51 -165.9217877094972
 76 -163.9106145251397
 156 -161.8994413407821
 46 -159.8882681564246
 595 -157.877094972067
 80 -155.8659217877095
 136 -153.854748603352
 40 -151.8435754189944
 76 -149.8324022346369
 237 -147.8212290502793
 636 -145.8100558659218
 136 -143.7988826815642
 89 -141.7877094972067
 193 -139.7765363128491
 126 -137.7653631284916
 2 -135.7541899441341
 197 -133.7430167597765
 159 -131.731843575419
 77 -129.7206703910614
 213 -127.7094972067039
 245 -125.6983240223464
 116 -123.6871508379888
 204 -121.6759776536313
 192 -119.6648044692737
 4 -117.6536312849162
 133 -115.6424581005587
 134 -113.6312849162011
 126 -111.6201117318436
 23 -109.608938547486
 35 -107.5977653631285
 19 -105.5865921787709
 21 -103.5754189944134
 3 -101.5642458100559
 0 -99.55307262569832
 0 -97.54189944134077
 0 -95.53072625698323
 10 -93.5195530726257
 8674 -91.50837988826815
 14 -89.49720670391061
 4 -87.48603351955308
 3 -85.47486033519553
 1 -83.46368715083798
 3 -81.45251396648044
 17 -79.44134078212289
 8 -77.43016759776536
 50 -75.41899441340782
 44 -73.40782122905027
 42 -71.39664804469274
 133 -69.38547486033519
 82 -67.37430167597765
 136 -65.3631284916201
 69 -63.35195530726256
 276 -61.34078212290503
 149 -59.32960893854748
 249 -57.31843575418993
 101 -55.3072625698324
 92 -53.29608938547486
 265 -51.28491620111731
 64 -49.27374301675977
 131 -47.26256983240222
 5 -45.25139664804468
 304 -43.24022346368713
 0 -41.22905027932961
 173 -39.21787709497207
 323 -37.20670391061452
 493 -35.19553072625698
 111 -33.18435754189943
 74 -31.17318435754188
 183 -29.16201117318434
 15 -27.15083798882682
 57 -25.13966480446928
 657 -23.12849162011173
 141 -21.11731843575419
 44 -19.10614525139664
 11 -17.09497206703909
 45 -15.08379888268155
 174 -13.072625698324
 7 -11.06145251396646
 617 -9.050279329608941
 6 -7.039106145251395
 115 -5.02793296089385
 23 -3.016759776536304
 6 -1.005586592178759
 18 1.005586592178787
 122 3.016759776536333
 3 5.02793296089385
 607 7.039106145251395
 13 9.050279329608941
 166 11.06145251396649
 43 13.07262569832403
 13 15.08379888268158
 66 17.09497206703912
 126 19.10614525139667
 563 21.11731843575421
 54 23.12849162011173
 92 25.13966480446928
 91 27.15083798882682
 63 29.16201117318437
 212 31.17318435754191
 344 33.18435754189946
 276 35.195530726257
 165 37.20670391061452
 34 39.21787709497207
 300 41.22905027932961
 3 43.24022346368716
 116 45.2513966480447
 58 47.26256983240225
 210 49.27374301675979
 81 51.28491620111734
 188 53.29608938547489
 67 55.3072625698324
 168 57.31843575418995
 263 59.32960893854749
 51 61.34078212290504
 114 63.35195530726259
 76 65.36312849162013
 102 67.37430167597768
 50 69.38547486033519
 29 71.39664804469274
 42 73.40782122905028
 8 75.41899441340783
 5 77.43016759776538
 3 79.44134078212289
 0 81.45251396648047
 0 83.46368715083798
 7 85.47486033519556
 14 87.48603351955308
 7765 89.49720670391065
 3 91.50837988826817
 4 93.51955307262574
 3 95.53072625698326
 1 97.54189944134077
 2 99.55307262569835
 16 101.5642458100559
 18 103.5754189944134
 41 105.586592178771
 21 107.5977653631285
 109 109.608938547486
 106 111.6201117318436
 143 113.6312849162011
 2 115.6424581005587
 225 117.6536312849162
 157 119.6648044692737
 77 121.6759776536313
 205 123.6871508379888
 192 125.6983240223464
 95 127.7094972067039
 163 129.7206703910614
 211 131.731843575419
 1 133.7430167597765
 122 135.7541899441341
 190 137.7653631284916
 100 139.7765363128492
 133 141.7877094972067
 528 143.7988826815642
 114 145.8100558659218
 206 147.8212290502793
 51 149.8324022346369
 132 151.8435754189944
 63 153.854748603352
 477 155.8659217877095
 55 157.8770949720671
 152 159.8882681564246
 73 161.8994413407821
 55 163.9106145251397
 16 165.9217877094972
 139 167.9329608938548
 235 169.9441340782123
 350 171.9553072625699
 4 173.9664804469274
 157 175.9776536312849
 10 177.9888268156425
 0 180


