# Created by Octave 3.8.2, Mon Jun 22 06:30:38 2020 CEST <damian@fptrucha.inv.usc.es>
# name: hd
# type: matrix
# rows: 180
# columns: 2
 3 -180
 148 -177.9888268156425
 4 -175.9776536312849
 361 -173.9664804469274
 238 -171.9553072625698
 129 -169.9441340782123
 27 -167.9329608938548
 57 -165.9217877094972
 65 -163.9106145251397
 140 -161.8994413407821
 43 -159.8882681564246
 498 -157.877094972067
 81 -155.8659217877095
 116 -153.854748603352
 38 -151.8435754189944
 66 -149.8324022346369
 189 -147.8212290502793
 526 -145.8100558659218
 123 -143.7988826815642
 94 -141.7877094972067
 176 -139.7765363128491
 118 -137.7653631284916
 3 -135.7541899441341
 167 -133.7430167597765
 175 -131.731843575419
 93 -129.7206703910614
 178 -127.7094972067039
 200 -125.6983240223464
 91 -123.6871508379888
 167 -121.6759776536313
 201 -119.6648044692737
 4 -117.6536312849162
 129 -115.6424581005587
 110 -113.6312849162011
 100 -111.6201117318436
 19 -109.608938547486
 44 -107.5977653631285
 22 -105.5865921787709
 13 -103.5754189944134
 3 -101.5642458100559
 1 -99.55307262569832
 0 -97.54189944134077
 3 -95.53072625698323
 11 -93.5195530726257
 7434 -91.50837988826815
 12 -89.49720670391061
 9 -87.48603351955308
 2 -85.47486033519553
 2 -83.46368715083798
 2 -81.45251396648044
 7 -79.44134078212289
 8 -77.43016759776536
 53 -75.41899441340782
 35 -73.40782122905027
 56 -71.39664804469274
 97 -69.38547486033519
 84 -67.37430167597765
 108 -65.3631284916201
 50 -63.35195530726256
 253 -61.34078212290503
 160 -59.32960893854748
 209 -57.31843575418993
 73 -55.3072625698324
 54 -53.29608938547486
 216 -51.28491620111731
 65 -49.27374301675977
 112 -47.26256983240222
 4 -45.25139664804468
 292 -43.24022346368713
 7 -41.22905027932961
 161 -39.21787709497207
 255 -37.20670391061452
 410 -35.19553072625698
 103 -33.18435754189943
 54 -31.17318435754188
 167 -29.16201117318434
 10 -27.15083798882682
 76 -25.13966480446928
 553 -23.12849162011173
 129 -21.11731843575419
 68 -19.10614525139664
 16 -17.09497206703909
 30 -15.08379888268155
 144 -13.072625698324
 10 -11.06145251396646
 508 -9.050279329608941
 5 -7.039106145251395
 120 -5.02793296089385
 25 -3.016759776536304
 1 -1.005586592178759
 16 1.005586592178787
 103 3.016759776536333
 2 5.02793296089385
 486 7.039106145251395
 14 9.050279329608941
 139 11.06145251396649
 35 13.07262569832403
 15 15.08379888268158
 48 17.09497206703912
 119 19.10614525139667
 536 21.11731843575421
 66 23.12849162011173
 89 25.13966480446928
 97 27.15083798882682
 65 29.16201117318437
 169 31.17318435754191
 319 33.18435754189946
 237 35.195530726257
 147 37.20670391061452
 45 39.21787709497207
 309 41.22905027932961
 5 43.24022346368716
 120 45.2513966480447
 69 47.26256983240225
 225 49.27374301675979
 77 51.28491620111734
 189 53.29608938547489
 83 55.3072625698324
 139 57.31843575418995
 249 59.32960893854749
 58 61.34078212290504
 122 63.35195530726259
 63 65.36312849162013
 107 67.37430167597768
 50 69.38547486033519
 33 71.39664804469274
 69 73.40782122905028
 15 75.41899441340783
 10 77.43016759776538
 2 79.44134078212289
 0 81.45251396648047
 2 83.46368715083798
 5 85.47486033519556
 17 87.48603351955308
 7228 89.49720670391065
 12 91.50837988826817
 2 93.51955307262574
 1 95.53072625698326
 0 97.54189944134077
 9 99.55307262569835
 18 101.5642458100559
 28 103.5754189944134
 31 105.586592178771
 18 107.5977653631285
 112 109.608938547486
 103 111.6201117318436
 118 113.6312849162011
 4 115.6424581005587
 183 117.6536312849162
 143 119.6648044692737
 74 121.6759776536313
 163 123.6871508379888
 173 125.6983240223464
 71 127.7094972067039
 163 129.7206703910614
 196 131.731843575419
 3 133.7430167597765
 125 135.7541899441341
 147 137.7653631284916
 82 139.7765363128492
 132 141.7877094972067
 469 143.7988826815642
 114 145.8100558659218
 211 147.8212290502793
 58 149.8324022346369
 134 151.8435754189944
 69 153.854748603352
 454 155.8659217877095
 37 157.8770949720671
 156 159.8882681564246
 67 161.8994413407821
 36 163.9106145251397
 17 165.9217877094972
 156 167.9329608938548
 224 169.9441340782123
 320 171.9553072625699
 4 173.9664804469274
 153 175.9776536312849
 6 177.9888268156425
 0 180


