# Created by Octave 3.8.2, Sat Jun 20 02:08:17 2020 CEST <damian@fptrucha.inv.usc.es>
# name: hd
# type: matrix
# rows: 180
# columns: 2
 1 -180
 160 -177.9888268156425
 2 -175.9776536312849
 393 -173.9664804469274
 234 -171.9553072625698
 184 -169.9441340782123
 26 -167.9329608938548
 46 -165.9217877094972
 74 -163.9106145251397
 166 -161.8994413407821
 55 -159.8882681564246
 685 -157.877094972067
 67 -155.8659217877095
 129 -153.854748603352
 39 -151.8435754189944
 75 -149.8324022346369
 205 -147.8212290502793
 693 -145.8100558659218
 156 -143.7988826815642
 103 -141.7877094972067
 203 -139.7765363128491
 119 -137.7653631284916
 4 -135.7541899441341
 195 -133.7430167597765
 182 -131.731843575419
 93 -129.7206703910614
 222 -127.7094972067039
 276 -125.6983240223464
 132 -123.6871508379888
 223 -121.6759776536313
 202 -119.6648044692737
 2 -117.6536312849162
 134 -115.6424581005587
 120 -113.6312849162011
 129 -111.6201117318436
 24 -109.608938547486
 44 -107.5977653631285
 30 -105.5865921787709
 11 -103.5754189944134
 1 -101.5642458100559
 1 -99.55307262569832
 0 -97.54189944134077
 3 -95.53072625698323
 9 -93.5195530726257
 9274 -91.50837988826815
 6 -89.49720670391061
 5 -87.48603351955308
 1 -85.47486033519553
 0 -83.46368715083798
 0 -81.45251396648044
 13 -79.44134078212289
 0 -77.43016759776536
 52 -75.41899441340782
 30 -73.40782122905027
 74 -71.39664804469274
 118 -69.38547486033519
 86 -67.37430167597765
 119 -65.3631284916201
 46 -63.35195530726256
 297 -61.34078212290503
 171 -59.32960893854748
 235 -57.31843575418993
 115 -55.3072625698324
 117 -53.29608938547486
 255 -51.28491620111731
 64 -49.27374301675977
 127 -47.26256983240222
 3 -45.25139664804468
 287 -43.24022346368713
 2 -41.22905027932961
 158 -39.21787709497207
 317 -37.20670391061452
 469 -35.19553072625698
 116 -33.18435754189943
 57 -31.17318435754188
 151 -29.16201117318434
 8 -27.15083798882682
 63 -25.13966480446928
 660 -23.12849162011173
 132 -21.11731843575419
 47 -19.10614525139664
 17 -17.09497206703909
 35 -15.08379888268155
 158 -13.072625698324
 10 -11.06145251396646
 568 -9.050279329608941
 5 -7.039106145251395
 119 -5.02793296089385
 14 -3.016759776536304
 0 -1.005586592178759
 16 1.005586592178787
 130 3.016759776536333
 2 5.02793296089385
 567 7.039106145251395
 4 9.050279329608941
 139 11.06145251396649
 55 13.07262569832403
 15 15.08379888268158
 60 17.09497206703912
 108 19.10614525139667
 550 21.11731843575421
 66 23.12849162011173
 89 25.13966480446928
 99 27.15083798882682
 46 29.16201117318437
 212 31.17318435754191
 340 33.18435754189946
 247 35.195530726257
 166 37.20670391061452
 36 39.21787709497207
 322 41.22905027932961
 2 43.24022346368716
 125 45.2513966480447
 45 47.26256983240225
 225 49.27374301675979
 91 51.28491620111734
 214 53.29608938547489
 85 55.3072625698324
 122 57.31843575418995
 266 59.32960893854749
 61 61.34078212290504
 109 63.35195530726259
 74 65.36312849162013
 86 67.37430167597768
 45 69.38547486033519
 23 71.39664804469274
 36 73.40782122905028
 2 75.41899441340783
 10 77.43016759776538
 2 79.44134078212289
 0 81.45251396648047
 1 83.46368715083798
 1 85.47486033519556
 9 87.48603351955308
 8034 89.49720670391065
 8 91.50837988826817
 2 93.51955307262574
 2 95.53072625698326
 0 97.54189944134077
 2 99.55307262569835
 17 101.5642458100559
 19 103.5754189944134
 33 105.586592178771
 14 107.5977653631285
 92 109.608938547486
 108 111.6201117318436
 112 113.6312849162011
 2 115.6424581005587
 200 117.6536312849162
 143 119.6648044692737
 82 121.6759776536313
 181 123.6871508379888
 186 125.6983240223464
 78 127.7094972067039
 140 129.7206703910614
 178 131.731843575419
 1 133.7430167597765
 108 135.7541899441341
 158 137.7653631284916
 106 139.7765363128492
 148 141.7877094972067
 505 143.7988826815642
 105 145.8100558659218
 229 147.8212290502793
 42 149.8324022346369
 133 151.8435754189944
 84 153.854748603352
 513 155.8659217877095
 55 157.8770949720671
 167 159.8882681564246
 73 161.8994413407821
 32 163.9106145251397
 19 165.9217877094972
 138 167.9329608938548
 250 169.9441340782123
 369 171.9553072625699
 3 173.9664804469274
 150 175.9776536312849
 3 177.9888268156425
 0 180


