# Created by Octave 3.8.2, Sun Jun 21 04:19:00 2020 CEST <damian@fptrucha.inv.usc.es>
# name: hd
# type: matrix
# rows: 180
# columns: 2
 3 -180
 162 -177.9888268156425
 3 -175.9776536312849
 386 -173.9664804469274
 212 -171.9553072625698
 166 -169.9441340782123
 29 -167.9329608938548
 49 -165.9217877094972
 51 -163.9106145251397
 145 -161.8994413407821
 36 -159.8882681564246
 571 -157.877094972067
 60 -155.8659217877095
 117 -153.854748603352
 53 -151.8435754189944
 71 -149.8324022346369
 225 -147.8212290502793
 598 -145.8100558659218
 121 -143.7988826815642
 81 -141.7877094972067
 173 -139.7765363128491
 89 -137.7653631284916
 0 -135.7541899441341
 163 -133.7430167597765
 161 -131.731843575419
 80 -129.7206703910614
 165 -127.7094972067039
 214 -125.6983240223464
 113 -123.6871508379888
 214 -121.6759776536313
 157 -119.6648044692737
 5 -117.6536312849162
 93 -115.6424581005587
 119 -113.6312849162011
 145 -111.6201117318436
 12 -109.608938547486
 23 -107.5977653631285
 19 -105.5865921787709
 13 -103.5754189944134
 1 -101.5642458100559
 0 -99.55307262569832
 0 -97.54189944134077
 2 -95.53072625698323
 6 -93.5195530726257
 7777 -91.50837988826815
 11 -89.49720670391061
 4 -87.48603351955308
 0 -85.47486033519553
 0 -83.46368715083798
 0 -81.45251396648044
 3 -79.44134078212289
 6 -77.43016759776536
 41 -75.41899441340782
 29 -73.40782122905027
 59 -71.39664804469274
 100 -69.38547486033519
 63 -67.37430167597765
 105 -65.3631284916201
 49 -63.35195530726256
 259 -61.34078212290503
 155 -59.32960893854748
 207 -57.31843575418993
 89 -55.3072625698324
 78 -53.29608938547486
 219 -51.28491620111731
 43 -49.27374301675977
 95 -47.26256983240222
 1 -45.25139664804468
 249 -43.24022346368713
 3 -41.22905027932961
 152 -39.21787709497207
 326 -37.20670391061452
 445 -35.19553072625698
 105 -33.18435754189943
 51 -31.17318435754188
 135 -29.16201117318434
 10 -27.15083798882682
 55 -25.13966480446928
 658 -23.12849162011173
 161 -21.11731843575419
 51 -19.10614525139664
 12 -17.09497206703909
 40 -15.08379888268155
 154 -13.072625698324
 8 -11.06145251396646
 553 -9.050279329608941
 2 -7.039106145251395
 116 -5.02793296089385
 21 -3.016759776536304
 0 -1.005586592178759
 18 1.005586592178787
 122 3.016759776536333
 1 5.02793296089385
 543 7.039106145251395
 2 9.050279329608941
 129 11.06145251396649
 31 13.07262569832403
 9 15.08379888268158
 54 17.09497206703912
 124 19.10614525139667
 508 21.11731843575421
 48 23.12849162011173
 78 25.13966480446928
 116 27.15083798882682
 62 29.16201117318437
 222 31.17318435754191
 316 33.18435754189946
 228 35.195530726257
 138 37.20670391061452
 30 39.21787709497207
 282 41.22905027932961
 0 43.24022346368716
 111 45.2513966480447
 59 47.26256983240225
 223 49.27374301675979
 71 51.28491620111734
 241 53.29608938547489
 86 55.3072625698324
 144 57.31843575418995
 254 59.32960893854749
 65 61.34078212290504
 125 63.35195530726259
 67 65.36312849162013
 95 67.37430167597768
 48 69.38547486033519
 22 71.39664804469274
 41 73.40782122905028
 8 75.41899441340783
 9 77.43016759776538
 3 79.44134078212289
 0 81.45251396648047
 0 83.46368715083798
 3 85.47486033519556
 14 87.48603351955308
 7495 89.49720670391065
 8 91.50837988826817
 2 93.51955307262574
 1 95.53072625698326
 0 97.54189944134077
 5 99.55307262569835
 9 101.5642458100559
 30 103.5754189944134
 31 105.586592178771
 21 107.5977653631285
 116 109.608938547486
 106 111.6201117318436
 117 113.6312849162011
 6 115.6424581005587
 162 117.6536312849162
 142 119.6648044692737
 72 121.6759776536313
 180 123.6871508379888
 160 125.6983240223464
 82 127.7094972067039
 154 129.7206703910614
 188 131.731843575419
 0 133.7430167597765
 114 135.7541899441341
 176 137.7653631284916
 81 139.7765363128492
 140 141.7877094972067
 479 143.7988826815642
 109 145.8100558659218
 210 147.8212290502793
 37 149.8324022346369
 162 151.8435754189944
 55 153.854748603352
 416 155.8659217877095
 48 157.8770949720671
 134 159.8882681564246
 66 161.8994413407821
 52 163.9106145251397
 21 165.9217877094972
 118 167.9329608938548
 208 169.9441340782123
 325 171.9553072625699
 4 173.9664804469274
 130 175.9776536312849
 2 177.9888268156425
 0 180


