# Created by Octave 3.8.2, Sat Jun 20 23:44:28 2020 CEST <damian@fptrucha.inv.usc.es>
# name: hd
# type: matrix
# rows: 180
# columns: 2
 4 -180
 159 -177.9888268156425
 3 -175.9776536312849
 364 -173.9664804469274
 221 -171.9553072625698
 157 -169.9441340782123
 17 -167.9329608938548
 36 -165.9217877094972
 54 -163.9106145251397
 149 -161.8994413407821
 36 -159.8882681564246
 583 -157.877094972067
 57 -155.8659217877095
 101 -153.854748603352
 34 -151.8435754189944
 68 -149.8324022346369
 215 -147.8212290502793
 580 -145.8100558659218
 105 -143.7988826815642
 85 -141.7877094972067
 153 -139.7765363128491
 91 -137.7653631284916
 1 -135.7541899441341
 161 -133.7430167597765
 146 -131.731843575419
 83 -129.7206703910614
 145 -127.7094972067039
 223 -125.6983240223464
 90 -123.6871508379888
 163 -121.6759776536313
 186 -119.6648044692737
 6 -117.6536312849162
 79 -115.6424581005587
 116 -113.6312849162011
 98 -111.6201117318436
 16 -109.608938547486
 25 -107.5977653631285
 28 -105.5865921787709
 9 -103.5754189944134
 1 -101.5642458100559
 0 -99.55307262569832
 1 -97.54189944134077
 3 -95.53072625698323
 8 -93.5195530726257
 7939 -91.50837988826815
 14 -89.49720670391061
 3 -87.48603351955308
 0 -85.47486033519553
 0 -83.46368715083798
 2 -81.45251396648044
 8 -79.44134078212289
 3 -77.43016759776536
 41 -75.41899441340782
 24 -73.40782122905027
 32 -71.39664804469274
 143 -69.38547486033519
 67 -67.37430167597765
 75 -65.3631284916201
 43 -63.35195530726256
 278 -61.34078212290503
 146 -59.32960893854748
 234 -57.31843575418993
 85 -55.3072625698324
 88 -53.29608938547486
 225 -51.28491620111731
 57 -49.27374301675977
 107 -47.26256983240222
 0 -45.25139664804468
 260 -43.24022346368713
 2 -41.22905027932961
 154 -39.21787709497207
 283 -37.20670391061452
 467 -35.19553072625698
 100 -33.18435754189943
 56 -31.17318435754188
 121 -29.16201117318434
 6 -27.15083798882682
 57 -25.13966480446928
 625 -23.12849162011173
 129 -21.11731843575419
 46 -19.10614525139664
 9 -17.09497206703909
 34 -15.08379888268155
 153 -13.072625698324
 4 -11.06145251396646
 635 -9.050279329608941
 3 -7.039106145251395
 132 -5.02793296089385
 11 -3.016759776536304
 2 -1.005586592178759
 16 1.005586592178787
 138 3.016759776536333
 3 5.02793296089385
 522 7.039106145251395
 8 9.050279329608941
 111 11.06145251396649
 50 13.07262569832403
 9 15.08379888268158
 64 17.09497206703912
 104 19.10614525139667
 483 21.11731843575421
 63 23.12849162011173
 102 25.13966480446928
 90 27.15083798882682
 54 29.16201117318437
 239 31.17318435754191
 305 33.18435754189946
 226 35.195530726257
 169 37.20670391061452
 33 39.21787709497207
 282 41.22905027932961
 0 43.24022346368716
 118 45.2513966480447
 44 47.26256983240225
 222 49.27374301675979
 68 51.28491620111734
 211 53.29608938547489
 76 55.3072625698324
 130 57.31843575418995
 281 59.32960893854749
 53 61.34078212290504
 117 63.35195530726259
 71 65.36312849162013
 128 67.37430167597768
 45 69.38547486033519
 22 71.39664804469274
 45 73.40782122905028
 5 75.41899441340783
 5 77.43016759776538
 3 79.44134078212289
 0 81.45251396648047
 0 83.46368715083798
 1 85.47486033519556
 7 87.48603351955308
 7622 89.49720670391065
 4 91.50837988826817
 0 93.51955307262574
 0 95.53072625698326
 1 97.54189944134077
 2 99.55307262569835
 16 101.5642458100559
 30 103.5754189944134
 28 105.586592178771
 29 107.5977653631285
 122 109.608938547486
 115 111.6201117318436
 108 113.6312849162011
 5 115.6424581005587
 198 117.6536312849162
 149 119.6648044692737
 84 121.6759776536313
 207 123.6871508379888
 177 125.6983240223464
 74 127.7094972067039
 167 129.7206703910614
 165 131.731843575419
 1 133.7430167597765
 130 135.7541899441341
 181 137.7653631284916
 101 139.7765363128492
 134 141.7877094972067
 425 143.7988826815642
 122 145.8100558659218
 190 147.8212290502793
 48 149.8324022346369
 159 151.8435754189944
 44 153.854748603352
 473 155.8659217877095
 49 157.8770949720671
 124 159.8882681564246
 72 161.8994413407821
 43 163.9106145251397
 13 165.9217877094972
 103 167.9329608938548
 233 169.9441340782123
 318 171.9553072625699
 2 173.9664804469274
 143 175.9776536312849
 2 177.9888268156425
 0 180


