# Created by Octave 3.8.2, Mon Jun 22 07:03:39 2020 CEST <damian@fptrucha.inv.usc.es>
# name: hd
# type: matrix
# rows: 180
# columns: 2
 8 -180
 160 -177.9888268156425
 1 -175.9776536312849
 349 -173.9664804469274
 229 -171.9553072625698
 115 -169.9441340782123
 34 -167.9329608938548
 38 -165.9217877094972
 51 -163.9106145251397
 136 -161.8994413407821
 37 -159.8882681564246
 504 -157.877094972067
 68 -155.8659217877095
 122 -153.854748603352
 48 -151.8435754189944
 68 -149.8324022346369
 243 -147.8212290502793
 533 -145.8100558659218
 125 -143.7988826815642
 95 -141.7877094972067
 165 -139.7765363128491
 129 -137.7653631284916
 1 -135.7541899441341
 160 -133.7430167597765
 162 -131.731843575419
 73 -129.7206703910614
 171 -127.7094972067039
 180 -125.6983240223464
 100 -123.6871508379888
 155 -121.6759776536313
 180 -119.6648044692737
 4 -117.6536312849162
 128 -115.6424581005587
 120 -113.6312849162011
 107 -111.6201117318436
 14 -109.608938547486
 44 -107.5977653631285
 34 -105.5865921787709
 15 -103.5754189944134
 4 -101.5642458100559
 1 -99.55307262569832
 0 -97.54189944134077
 3 -95.53072625698323
 13 -93.5195530726257
 7397 -91.50837988826815
 14 -89.49720670391061
 3 -87.48603351955308
 3 -85.47486033519553
 1 -83.46368715083798
 6 -81.45251396648044
 5 -79.44134078212289
 13 -77.43016759776536
 51 -75.41899441340782
 30 -73.40782122905027
 50 -71.39664804469274
 112 -69.38547486033519
 75 -67.37430167597765
 118 -65.3631284916201
 67 -63.35195530726256
 236 -61.34078212290503
 137 -59.32960893854748
 190 -57.31843575418993
 92 -55.3072625698324
 95 -53.29608938547486
 221 -51.28491620111731
 54 -49.27374301675977
 124 -47.26256983240222
 3 -45.25139664804468
 290 -43.24022346368713
 3 -41.22905027932961
 119 -39.21787709497207
 246 -37.20670391061452
 399 -35.19553072625698
 112 -33.18435754189943
 66 -31.17318435754188
 133 -29.16201117318434
 9 -27.15083798882682
 55 -25.13966480446928
 516 -23.12849162011173
 131 -21.11731843575419
 43 -19.10614525139664
 14 -17.09497206703909
 45 -15.08379888268155
 145 -13.072625698324
 9 -11.06145251396646
 550 -9.050279329608941
 1 -7.039106145251395
 142 -5.02793296089385
 22 -3.016759776536304
 3 -1.005586592178759
 17 1.005586592178787
 120 3.016759776536333
 2 5.02793296089385
 484 7.039106145251395
 4 9.050279329608941
 123 11.06145251396649
 47 13.07262569832403
 8 15.08379888268158
 51 17.09497206703912
 133 19.10614525139667
 454 21.11731843575421
 66 23.12849162011173
 73 25.13966480446928
 87 27.15083798882682
 59 29.16201117318437
 191 31.17318435754191
 306 33.18435754189946
 260 35.195530726257
 144 37.20670391061452
 32 39.21787709497207
 248 41.22905027932961
 1 43.24022346368716
 144 45.2513966480447
 63 47.26256983240225
 196 49.27374301675979
 92 51.28491620111734
 195 53.29608938547489
 82 55.3072625698324
 140 57.31843575418995
 242 59.32960893854749
 64 61.34078212290504
 121 63.35195530726259
 83 65.36312849162013
 102 67.37430167597768
 62 69.38547486033519
 25 71.39664804469274
 51 73.40782122905028
 6 75.41899441340783
 11 77.43016759776538
 3 79.44134078212289
 0 81.45251396648047
 4 83.46368715083798
 8 85.47486033519556
 14 87.48603351955308
 7164 89.49720670391065
 12 91.50837988826817
 3 93.51955307262574
 3 95.53072625698326
 2 97.54189944134077
 2 99.55307262569835
 14 101.5642458100559
 30 103.5754189944134
 38 105.586592178771
 25 107.5977653631285
 107 109.608938547486
 104 111.6201117318436
 135 113.6312849162011
 3 115.6424581005587
 218 117.6536312849162
 168 119.6648044692737
 86 121.6759776536313
 186 123.6871508379888
 180 125.6983240223464
 74 127.7094972067039
 162 129.7206703910614
 173 131.731843575419
 3 133.7430167597765
 113 135.7541899441341
 171 137.7653631284916
 102 139.7765363128492
 125 141.7877094972067
 484 143.7988826815642
 118 145.8100558659218
 184 147.8212290502793
 54 149.8324022346369
 154 151.8435754189944
 55 153.854748603352
 473 155.8659217877095
 38 157.8770949720671
 127 159.8882681564246
 57 161.8994413407821
 52 163.9106145251397
 16 165.9217877094972
 139 167.9329608938548
 212 169.9441340782123
 356 171.9553072625699
 3 173.9664804469274
 140 175.9776536312849
 8 177.9888268156425
 0 180


