# Created by Octave 3.8.2, Mon Jun 22 03:04:56 2020 CEST <damian@fptrucha.inv.usc.es>
# name: hd
# type: matrix
# rows: 180
# columns: 2
 4 -180
 139 -177.9888268156425
 4 -175.9776536312849
 335 -173.9664804469274
 196 -171.9553072625698
 133 -169.9441340782123
 32 -167.9329608938548
 38 -165.9217877094972
 69 -163.9106145251397
 150 -161.8994413407821
 38 -159.8882681564246
 508 -157.877094972067
 58 -155.8659217877095
 114 -153.854748603352
 51 -151.8435754189944
 75 -149.8324022346369
 202 -147.8212290502793
 558 -145.8100558659218
 96 -143.7988826815642
 103 -141.7877094972067
 190 -139.7765363128491
 109 -137.7653631284916
 5 -135.7541899441341
 196 -133.7430167597765
 148 -131.731843575419
 78 -129.7206703910614
 152 -127.7094972067039
 170 -125.6983240223464
 89 -123.6871508379888
 166 -121.6759776536313
 164 -119.6648044692737
 4 -117.6536312849162
 110 -115.6424581005587
 112 -113.6312849162011
 114 -111.6201117318436
 20 -109.608938547486
 43 -107.5977653631285
 13 -105.5865921787709
 25 -103.5754189944134
 4 -101.5642458100559
 0 -99.55307262569832
 2 -97.54189944134077
 2 -95.53072625698323
 16 -93.5195530726257
 7473 -91.50837988826815
 21 -89.49720670391061
 9 -87.48603351955308
 1 -85.47486033519553
 1 -83.46368715083798
 5 -81.45251396648044
 10 -79.44134078212289
 8 -77.43016759776536
 47 -75.41899441340782
 26 -73.40782122905027
 56 -71.39664804469274
 133 -69.38547486033519
 69 -67.37430167597765
 91 -65.3631284916201
 53 -63.35195530726256
 231 -61.34078212290503
 123 -59.32960893854748
 188 -57.31843575418993
 78 -55.3072625698324
 63 -53.29608938547486
 205 -51.28491620111731
 53 -49.27374301675977
 110 -47.26256983240222
 3 -45.25139664804468
 286 -43.24022346368713
 5 -41.22905027932961
 151 -39.21787709497207
 260 -37.20670391061452
 417 -35.19553072625698
 113 -33.18435754189943
 47 -31.17318435754188
 164 -29.16201117318434
 15 -27.15083798882682
 70 -25.13966480446928
 502 -23.12849162011173
 118 -21.11731843575419
 54 -19.10614525139664
 14 -17.09497206703909
 46 -15.08379888268155
 171 -13.072625698324
 6 -11.06145251396646
 526 -9.050279329608941
 3 -7.039106145251395
 106 -5.02793296089385
 15 -3.016759776536304
 4 -1.005586592178759
 18 1.005586592178787
 115 3.016759776536333
 5 5.02793296089385
 480 7.039106145251395
 11 9.050279329608941
 145 11.06145251396649
 44 13.07262569832403
 11 15.08379888268158
 40 17.09497206703912
 112 19.10614525139667
 487 21.11731843575421
 52 23.12849162011173
 71 25.13966480446928
 93 27.15083798882682
 63 29.16201117318437
 182 31.17318435754191
 292 33.18435754189946
 262 35.195530726257
 138 37.20670391061452
 36 39.21787709497207
 242 41.22905027932961
 2 43.24022346368716
 134 45.2513966480447
 56 47.26256983240225
 194 49.27374301675979
 78 51.28491620111734
 194 53.29608938547489
 69 55.3072625698324
 149 57.31843575418995
 235 59.32960893854749
 72 61.34078212290504
 109 63.35195530726259
 67 65.36312849162013
 117 67.37430167597768
 46 69.38547486033519
 37 71.39664804469274
 60 73.40782122905028
 9 75.41899441340783
 10 77.43016759776538
 2 79.44134078212289
 2 81.45251396648047
 5 83.46368715083798
 4 85.47486033519556
 20 87.48603351955308
 7079 89.49720670391065
 12 91.50837988826817
 6 93.51955307262574
 0 95.53072625698326
 2 97.54189944134077
 4 99.55307262569835
 16 101.5642458100559
 28 103.5754189944134
 48 105.586592178771
 27 107.5977653631285
 101 109.608938547486
 136 111.6201117318436
 114 113.6312849162011
 1 115.6424581005587
 190 117.6536312849162
 156 119.6648044692737
 92 121.6759776536313
 151 123.6871508379888
 155 125.6983240223464
 73 127.7094972067039
 151 129.7206703910614
 178 131.731843575419
 3 133.7430167597765
 89 135.7541899441341
 160 137.7653631284916
 97 139.7765363128492
 134 141.7877094972067
 467 143.7988826815642
 105 145.8100558659218
 188 147.8212290502793
 56 149.8324022346369
 148 151.8435754189944
 66 153.854748603352
 465 155.8659217877095
 59 157.8770949720671
 141 159.8882681564246
 61 161.8994413407821
 43 163.9106145251397
 25 165.9217877094972
 130 167.9329608938548
 208 169.9441340782123
 323 171.9553072625699
 4 173.9664804469274
 162 175.9776536312849
 9 177.9888268156425
 0 180


