# Created by Octave 3.8.2, Sun Jun 21 01:54:51 2020 CEST <damian@fptrucha.inv.usc.es>
# name: hd
# type: matrix
# rows: 180
# columns: 2
 4 -180
 157 -177.9888268156425
 3 -175.9776536312849
 356 -173.9664804469274
 227 -171.9553072625698
 189 -169.9441340782123
 28 -167.9329608938548
 32 -165.9217877094972
 61 -163.9106145251397
 170 -161.8994413407821
 32 -159.8882681564246
 610 -157.877094972067
 53 -155.8659217877095
 140 -153.854748603352
 37 -151.8435754189944
 60 -149.8324022346369
 207 -147.8212290502793
 600 -145.8100558659218
 154 -143.7988826815642
 79 -141.7877094972067
 166 -139.7765363128491
 113 -137.7653631284916
 6 -135.7541899441341
 160 -133.7430167597765
 137 -131.731843575419
 68 -129.7206703910614
 174 -127.7094972067039
 205 -125.6983240223464
 101 -123.6871508379888
 185 -121.6759776536313
 161 -119.6648044692737
 3 -117.6536312849162
 109 -115.6424581005587
 106 -113.6312849162011
 109 -111.6201117318436
 15 -109.608938547486
 39 -107.5977653631285
 26 -105.5865921787709
 8 -103.5754189944134
 0 -101.5642458100559
 1 -99.55307262569832
 0 -97.54189944134077
 2 -95.53072625698323
 5 -93.5195530726257
 7769 -91.50837988826815
 17 -89.49720670391061
 4 -87.48603351955308
 2 -85.47486033519553
 1 -83.46368715083798
 1 -81.45251396648044
 4 -79.44134078212289
 6 -77.43016759776536
 35 -75.41899441340782
 25 -73.40782122905027
 52 -71.39664804469274
 115 -69.38547486033519
 74 -67.37430167597765
 98 -65.3631284916201
 56 -63.35195530726256
 259 -61.34078212290503
 147 -59.32960893854748
 217 -57.31843575418993
 91 -55.3072625698324
 84 -53.29608938547486
 228 -51.28491620111731
 44 -49.27374301675977
 111 -47.26256983240222
 1 -45.25139664804468
 246 -43.24022346368713
 3 -41.22905027932961
 151 -39.21787709497207
 291 -37.20670391061452
 416 -35.19553072625698
 81 -33.18435754189943
 50 -31.17318435754188
 137 -29.16201117318434
 9 -27.15083798882682
 49 -25.13966480446928
 641 -23.12849162011173
 114 -21.11731843575419
 46 -19.10614525139664
 9 -17.09497206703909
 36 -15.08379888268155
 160 -13.072625698324
 5 -11.06145251396646
 513 -9.050279329608941
 1 -7.039106145251395
 104 -5.02793296089385
 15 -3.016759776536304
 3 -1.005586592178759
 21 1.005586592178787
 119 3.016759776536333
 3 5.02793296089385
 532 7.039106145251395
 5 9.050279329608941
 116 11.06145251396649
 43 13.07262569832403
 9 15.08379888268158
 55 17.09497206703912
 106 19.10614525139667
 529 21.11731843575421
 58 23.12849162011173
 67 25.13966480446928
 100 27.15083798882682
 54 29.16201117318437
 226 31.17318435754191
 301 33.18435754189946
 233 35.195530726257
 163 37.20670391061452
 35 39.21787709497207
 283 41.22905027932961
 2 43.24022346368716
 96 45.2513966480447
 47 47.26256983240225
 203 49.27374301675979
 91 51.28491620111734
 180 53.29608938547489
 70 55.3072625698324
 117 57.31843575418995
 239 59.32960893854749
 49 61.34078212290504
 122 63.35195530726259
 70 65.36312849162013
 98 67.37430167597768
 49 69.38547486033519
 17 71.39664804469274
 34 73.40782122905028
 5 75.41899441340783
 6 77.43016759776538
 2 79.44134078212289
 0 81.45251396648047
 0 83.46368715083798
 4 85.47486033519556
 9 87.48603351955308
 7455 89.49720670391065
 6 91.50837988826817
 2 93.51955307262574
 2 95.53072625698326
 1 97.54189944134077
 3 99.55307262569835
 12 101.5642458100559
 24 103.5754189944134
 35 105.586592178771
 14 107.5977653631285
 118 109.608938547486
 132 111.6201117318436
 110 113.6312849162011
 7 115.6424581005587
 190 117.6536312849162
 151 119.6648044692737
 72 121.6759776536313
 200 123.6871508379888
 179 125.6983240223464
 86 127.7094972067039
 123 129.7206703910614
 153 131.731843575419
 2 133.7430167597765
 120 135.7541899441341
 171 137.7653631284916
 89 139.7765363128492
 121 141.7877094972067
 493 143.7988826815642
 116 145.8100558659218
 211 147.8212290502793
 42 149.8324022346369
 155 151.8435754189944
 57 153.854748603352
 440 155.8659217877095
 43 157.8770949720671
 123 159.8882681564246
 62 161.8994413407821
 37 163.9106145251397
 18 165.9217877094972
 125 167.9329608938548
 212 169.9441340782123
 304 171.9553072625699
 3 173.9664804469274
 142 175.9776536312849
 0 177.9888268156425
 0 180


