# Created by Octave 3.8.2, Mon Jun 22 05:37:07 2020 CEST <damian@fptrucha.inv.usc.es>
# name: hd
# type: matrix
# rows: 180
# columns: 2
 6 -180
 162 -177.9888268156425
 6 -175.9776536312849
 359 -173.9664804469274
 216 -171.9553072625698
 121 -169.9441340782123
 37 -167.9329608938548
 43 -165.9217877094972
 63 -163.9106145251397
 121 -161.8994413407821
 42 -159.8882681564246
 562 -157.877094972067
 60 -155.8659217877095
 128 -153.854748603352
 52 -151.8435754189944
 76 -149.8324022346369
 222 -147.8212290502793
 490 -145.8100558659218
 132 -143.7988826815642
 94 -141.7877094972067
 164 -139.7765363128491
 132 -137.7653631284916
 7 -135.7541899441341
 161 -133.7430167597765
 177 -131.731843575419
 67 -129.7206703910614
 166 -127.7094972067039
 210 -125.6983240223464
 91 -123.6871508379888
 158 -121.6759776536313
 187 -119.6648044692737
 5 -117.6536312849162
 115 -115.6424581005587
 118 -113.6312849162011
 111 -111.6201117318436
 23 -109.608938547486
 45 -107.5977653631285
 27 -105.5865921787709
 14 -103.5754189944134
 3 -101.5642458100559
 1 -99.55307262569832
 2 -97.54189944134077
 4 -95.53072625698323
 9 -93.5195530726257
 7369 -91.50837988826815
 12 -89.49720670391061
 4 -87.48603351955308
 4 -85.47486033519553
 0 -83.46368715083798
 4 -81.45251396648044
 8 -79.44134078212289
 12 -77.43016759776536
 53 -75.41899441340782
 23 -73.40782122905027
 47 -71.39664804469274
 133 -69.38547486033519
 76 -67.37430167597765
 118 -65.3631284916201
 54 -63.35195530726256
 243 -61.34078212290503
 129 -59.32960893854748
 184 -57.31843575418993
 75 -55.3072625698324
 77 -53.29608938547486
 221 -51.28491620111731
 59 -49.27374301675977
 121 -47.26256983240222
 2 -45.25139664804468
 281 -43.24022346368713
 7 -41.22905027932961
 145 -39.21787709497207
 223 -37.20670391061452
 414 -35.19553072625698
 102 -33.18435754189943
 55 -31.17318435754188
 150 -29.16201117318434
 4 -27.15083798882682
 58 -25.13966480446928
 531 -23.12849162011173
 113 -21.11731843575419
 45 -19.10614525139664
 10 -17.09497206703909
 45 -15.08379888268155
 151 -13.072625698324
 9 -11.06145251396646
 528 -9.050279329608941
 2 -7.039106145251395
 112 -5.02793296089385
 23 -3.016759776536304
 1 -1.005586592178759
 26 1.005586592178787
 128 3.016759776536333
 3 5.02793296089385
 490 7.039106145251395
 11 9.050279329608941
 144 11.06145251396649
 46 13.07262569832403
 9 15.08379888268158
 42 17.09497206703912
 132 19.10614525139667
 479 21.11731843575421
 50 23.12849162011173
 63 25.13966480446928
 101 27.15083798882682
 61 29.16201117318437
 143 31.17318435754191
 299 33.18435754189946
 241 35.195530726257
 118 37.20670391061452
 42 39.21787709497207
 243 41.22905027932961
 3 43.24022346368716
 108 45.2513966480447
 50 47.26256983240225
 197 49.27374301675979
 84 51.28491620111734
 183 53.29608938547489
 71 55.3072625698324
 133 57.31843575418995
 225 59.32960893854749
 62 61.34078212290504
 106 63.35195530726259
 72 65.36312849162013
 94 67.37430167597768
 55 69.38547486033519
 28 71.39664804469274
 49 73.40782122905028
 15 75.41899441340783
 9 77.43016759776538
 0 79.44134078212289
 0 81.45251396648047
 2 83.46368715083798
 3 85.47486033519556
 10 87.48603351955308
 7028 89.49720670391065
 6 91.50837988826817
 4 93.51955307262574
 3 95.53072625698326
 0 97.54189944134077
 6 99.55307262569835
 10 101.5642458100559
 21 103.5754189944134
 29 105.586592178771
 22 107.5977653631285
 89 109.608938547486
 126 111.6201117318436
 109 113.6312849162011
 1 115.6424581005587
 203 117.6536312849162
 180 119.6648044692737
 90 121.6759776536313
 164 123.6871508379888
 166 125.6983240223464
 68 127.7094972067039
 164 129.7206703910614
 205 131.731843575419
 1 133.7430167597765
 102 135.7541899441341
 152 137.7653631284916
 99 139.7765363128492
 122 141.7877094972067
 476 143.7988826815642
 107 145.8100558659218
 221 147.8212290502793
 57 149.8324022346369
 119 151.8435754189944
 61 153.854748603352
 529 155.8659217877095
 45 157.8770949720671
 133 159.8882681564246
 71 161.8994413407821
 44 163.9106145251397
 23 165.9217877094972
 130 167.9329608938548
 216 169.9441340782123
 303 171.9553072625699
 3 173.9664804469274
 136 175.9776536312849
 4 177.9888268156425
 0 180


