# Created by Octave 3.8.2, Mon Jun 22 14:34:18 2020 CEST <damian@fptrucha.inv.usc.es>
# name: hd
# type: matrix
# rows: 180
# columns: 2
 4 -180
 179 -177.9888268156425
 7 -175.9776536312849
 376 -173.9664804469274
 252 -171.9553072625698
 147 -169.9441340782123
 40 -167.9329608938548
 42 -165.9217877094972
 61 -163.9106145251397
 166 -161.8994413407821
 44 -159.8882681564246
 525 -157.877094972067
 80 -155.8659217877095
 115 -153.854748603352
 46 -151.8435754189944
 62 -149.8324022346369
 236 -147.8212290502793
 600 -145.8100558659218
 120 -143.7988826815642
 94 -141.7877094972067
 170 -139.7765363128491
 105 -137.7653631284916
 8 -135.7541899441341
 171 -133.7430167597765
 184 -131.731843575419
 70 -129.7206703910614
 212 -127.7094972067039
 231 -125.6983240223464
 93 -123.6871508379888
 180 -121.6759776536313
 199 -119.6648044692737
 5 -117.6536312849162
 114 -115.6424581005587
 104 -113.6312849162011
 139 -111.6201117318436
 23 -109.608938547486
 34 -107.5977653631285
 24 -105.5865921787709
 17 -103.5754189944134
 5 -101.5642458100559
 1 -99.55307262569832
 2 -97.54189944134077
 3 -95.53072625698323
 9 -93.5195530726257
 7960 -91.50837988826815
 17 -89.49720670391061
 1 -87.48603351955308
 3 -85.47486033519553
 0 -83.46368715083798
 5 -81.45251396648044
 9 -79.44134078212289
 11 -77.43016759776536
 41 -75.41899441340782
 37 -73.40782122905027
 45 -71.39664804469274
 116 -69.38547486033519
 77 -67.37430167597765
 107 -65.3631284916201
 68 -63.35195530726256
 255 -61.34078212290503
 128 -59.32960893854748
 218 -57.31843575418993
 98 -55.3072625698324
 72 -53.29608938547486
 224 -51.28491620111731
 64 -49.27374301675977
 121 -47.26256983240222
 3 -45.25139664804468
 278 -43.24022346368713
 4 -41.22905027932961
 168 -39.21787709497207
 256 -37.20670391061452
 420 -35.19553072625698
 107 -33.18435754189943
 52 -31.17318435754188
 151 -29.16201117318434
 10 -27.15083798882682
 65 -25.13966480446928
 604 -23.12849162011173
 134 -21.11731843575419
 45 -19.10614525139664
 12 -17.09497206703909
 51 -15.08379888268155
 142 -13.072625698324
 12 -11.06145251396646
 601 -9.050279329608941
 5 -7.039106145251395
 142 -5.02793296089385
 25 -3.016759776536304
 4 -1.005586592178759
 25 1.005586592178787
 134 3.016759776536333
 4 5.02793296089385
 564 7.039106145251395
 6 9.050279329608941
 141 11.06145251396649
 49 13.07262569832403
 16 15.08379888268158
 62 17.09497206703912
 127 19.10614525139667
 531 21.11731843575421
 62 23.12849162011173
 84 25.13966480446928
 119 27.15083798882682
 47 29.16201117318437
 206 31.17318435754191
 316 33.18435754189946
 252 35.195530726257
 138 37.20670391061452
 42 39.21787709497207
 307 41.22905027932961
 2 43.24022346368716
 139 45.2513966480447
 68 47.26256983240225
 228 49.27374301675979
 95 51.28491620111734
 191 53.29608938547489
 81 55.3072625698324
 135 57.31843575418995
 238 59.32960893854749
 70 61.34078212290504
 127 63.35195530726259
 70 65.36312849162013
 126 67.37430167597768
 57 69.38547486033519
 26 71.39664804469274
 59 73.40782122905028
 10 75.41899441340783
 13 77.43016759776538
 6 79.44134078212289
 2 81.45251396648047
 0 83.46368715083798
 6 85.47486033519556
 11 87.48603351955308
 7731 89.49720670391065
 13 91.50837988826817
 4 93.51955307262574
 0 95.53072625698326
 1 97.54189944134077
 5 99.55307262569835
 31 101.5642458100559
 23 103.5754189944134
 39 105.586592178771
 18 107.5977653631285
 115 109.608938547486
 119 111.6201117318436
 160 113.6312849162011
 4 115.6424581005587
 223 117.6536312849162
 200 119.6648044692737
 92 121.6759776536313
 174 123.6871508379888
 198 125.6983240223464
 65 127.7094972067039
 171 129.7206703910614
 199 131.731843575419
 2 133.7430167597765
 121 135.7541899441341
 184 137.7653631284916
 122 139.7765363128492
 149 141.7877094972067
 515 143.7988826815642
 114 145.8100558659218
 199 147.8212290502793
 62 149.8324022346369
 141 151.8435754189944
 55 153.854748603352
 515 155.8659217877095
 57 157.8770949720671
 135 159.8882681564246
 78 161.8994413407821
 48 163.9106145251397
 20 165.9217877094972
 147 167.9329608938548
 253 169.9441340782123
 377 171.9553072625699
 4 173.9664804469274
 139 175.9776536312849
 6 177.9888268156425
 0 180


