# Created by Octave 3.8.2, Sun Jun 21 04:56:23 2020 CEST <damian@fptrucha.inv.usc.es>
# name: hd
# type: matrix
# rows: 180
# columns: 2
 1 -180
 150 -177.9888268156425
 2 -175.9776536312849
 342 -173.9664804469274
 239 -171.9553072625698
 162 -169.9441340782123
 32 -167.9329608938548
 31 -165.9217877094972
 55 -163.9106145251397
 153 -161.8994413407821
 34 -159.8882681564246
 629 -157.877094972067
 57 -155.8659217877095
 110 -153.854748603352
 37 -151.8435754189944
 73 -149.8324022346369
 222 -147.8212290502793
 607 -145.8100558659218
 122 -143.7988826815642
 85 -141.7877094972067
 140 -139.7765363128491
 98 -137.7653631284916
 2 -135.7541899441341
 159 -133.7430167597765
 142 -131.731843575419
 89 -129.7206703910614
 156 -127.7094972067039
 222 -125.6983240223464
 98 -123.6871508379888
 174 -121.6759776536313
 203 -119.6648044692737
 4 -117.6536312849162
 110 -115.6424581005587
 105 -113.6312849162011
 115 -111.6201117318436
 10 -109.608938547486
 39 -107.5977653631285
 22 -105.5865921787709
 7 -103.5754189944134
 3 -101.5642458100559
 2 -99.55307262569832
 0 -97.54189944134077
 1 -95.53072625698323
 3 -93.5195530726257
 8042 -91.50837988826815
 12 -89.49720670391061
 2 -87.48603351955308
 0 -85.47486033519553
 0 -83.46368715083798
 0 -81.45251396648044
 12 -79.44134078212289
 5 -77.43016759776536
 60 -75.41899441340782
 26 -73.40782122905027
 51 -71.39664804469274
 122 -69.38547486033519
 76 -67.37430167597765
 83 -65.3631284916201
 54 -63.35195530726256
 270 -61.34078212290503
 159 -59.32960893854748
 229 -57.31843575418993
 95 -55.3072625698324
 75 -53.29608938547486
 240 -51.28491620111731
 35 -49.27374301675977
 111 -47.26256983240222
 2 -45.25139664804468
 266 -43.24022346368713
 4 -41.22905027932961
 156 -39.21787709497207
 333 -37.20670391061452
 453 -35.19553072625698
 97 -33.18435754189943
 64 -31.17318435754188
 140 -29.16201117318434
 15 -27.15083798882682
 43 -25.13966480446928
 642 -23.12849162011173
 153 -21.11731843575419
 47 -19.10614525139664
 9 -17.09497206703909
 32 -15.08379888268155
 139 -13.072625698324
 8 -11.06145251396646
 585 -9.050279329608941
 2 -7.039106145251395
 126 -5.02793296089385
 17 -3.016759776536304
 4 -1.005586592178759
 20 1.005586592178787
 111 3.016759776536333
 0 5.02793296089385
 504 7.039106145251395
 10 9.050279329608941
 154 11.06145251396649
 54 13.07262569832403
 10 15.08379888268158
 64 17.09497206703912
 109 19.10614525139667
 486 21.11731843575421
 66 23.12849162011173
 77 25.13966480446928
 111 27.15083798882682
 64 29.16201117318437
 190 31.17318435754191
 322 33.18435754189946
 236 35.195530726257
 147 37.20670391061452
 30 39.21787709497207
 265 41.22905027932961
 2 43.24022346368716
 122 45.2513966480447
 49 47.26256983240225
 226 49.27374301675979
 81 51.28491620111734
 177 53.29608938547489
 76 55.3072625698324
 156 57.31843575418995
 248 59.32960893854749
 61 61.34078212290504
 85 63.35195530726259
 66 65.36312849162013
 108 67.37430167597768
 51 69.38547486033519
 23 71.39664804469274
 39 73.40782122905028
 5 75.41899441340783
 7 77.43016759776538
 3 79.44134078212289
 2 81.45251396648047
 0 83.46368715083798
 5 85.47486033519556
 11 87.48603351955308
 7494 89.49720670391065
 5 91.50837988826817
 3 93.51955307262574
 1 95.53072625698326
 1 97.54189944134077
 2 99.55307262569835
 7 101.5642458100559
 20 103.5754189944134
 33 105.586592178771
 13 107.5977653631285
 112 109.608938547486
 121 111.6201117318436
 104 113.6312849162011
 2 115.6424581005587
 222 117.6536312849162
 156 119.6648044692737
 89 121.6759776536313
 165 123.6871508379888
 172 125.6983240223464
 74 127.7094972067039
 167 129.7206703910614
 188 131.731843575419
 0 133.7430167597765
 94 135.7541899441341
 154 137.7653631284916
 99 139.7765363128492
 122 141.7877094972067
 439 143.7988826815642
 111 145.8100558659218
 186 147.8212290502793
 32 149.8324022346369
 129 151.8435754189944
 59 153.854748603352
 485 155.8659217877095
 65 157.8770949720671
 126 159.8882681564246
 62 161.8994413407821
 43 163.9106145251397
 13 165.9217877094972
 127 167.9329608938548
 232 169.9441340782123
 329 171.9553072625699
 4 173.9664804469274
 158 175.9776536312849
 3 177.9888268156425
 0 180


