# Created by Octave 3.8.2, Sat Jun 20 19:27:11 2020 CEST <damian@fptrucha.inv.usc.es>
# name: hd
# type: matrix
# rows: 180
# columns: 2
 1 -180
 158 -177.9888268156425
 5 -175.9776536312849
 394 -173.9664804469274
 251 -171.9553072625698
 168 -169.9441340782123
 31 -167.9329608938548
 37 -165.9217877094972
 50 -163.9106145251397
 155 -161.8994413407821
 34 -159.8882681564246
 612 -157.877094972067
 67 -155.8659217877095
 104 -153.854748603352
 58 -151.8435754189944
 68 -149.8324022346369
 221 -147.8212290502793
 651 -145.8100558659218
 143 -143.7988826815642
 87 -141.7877094972067
 181 -139.7765363128491
 104 -137.7653631284916
 1 -135.7541899441341
 162 -133.7430167597765
 148 -131.731843575419
 61 -129.7206703910614
 183 -127.7094972067039
 235 -125.6983240223464
 108 -123.6871508379888
 183 -121.6759776536313
 188 -119.6648044692737
 4 -117.6536312849162
 107 -115.6424581005587
 118 -113.6312849162011
 97 -111.6201117318436
 8 -109.608938547486
 41 -107.5977653631285
 20 -105.5865921787709
 12 -103.5754189944134
 2 -101.5642458100559
 0 -99.55307262569832
 0 -97.54189944134077
 2 -95.53072625698323
 4 -93.5195530726257
 8151 -91.50837988826815
 5 -89.49720670391061
 8 -87.48603351955308
 0 -85.47486033519553
 1 -83.46368715083798
 1 -81.45251396648044
 2 -79.44134078212289
 7 -77.43016759776536
 48 -75.41899441340782
 17 -73.40782122905027
 56 -71.39664804469274
 122 -69.38547486033519
 75 -67.37430167597765
 95 -65.3631284916201
 53 -63.35195530726256
 249 -61.34078212290503
 136 -59.32960893854748
 232 -57.31843575418993
 88 -55.3072625698324
 68 -53.29608938547486
 232 -51.28491620111731
 54 -49.27374301675977
 119 -47.26256983240222
 2 -45.25139664804468
 242 -43.24022346368713
 3 -41.22905027932961
 152 -39.21787709497207
 344 -37.20670391061452
 498 -35.19553072625698
 102 -33.18435754189943
 67 -31.17318435754188
 151 -29.16201117318434
 10 -27.15083798882682
 59 -25.13966480446928
 663 -23.12849162011173
 129 -21.11731843575419
 56 -19.10614525139664
 7 -17.09497206703909
 41 -15.08379888268155
 179 -13.072625698324
 8 -11.06145251396646
 574 -9.050279329608941
 2 -7.039106145251395
 121 -5.02793296089385
 18 -3.016759776536304
 1 -1.005586592178759
 17 1.005586592178787
 117 3.016759776536333
 3 5.02793296089385
 565 7.039106145251395
 8 9.050279329608941
 130 11.06145251396649
 49 13.07262569832403
 8 15.08379888268158
 57 17.09497206703912
 117 19.10614525139667
 545 21.11731843575421
 64 23.12849162011173
 84 25.13966480446928
 109 27.15083798882682
 61 29.16201117318437
 220 31.17318435754191
 310 33.18435754189946
 258 35.195530726257
 173 37.20670391061452
 28 39.21787709497207
 296 41.22905027932961
 1 43.24022346368716
 129 45.2513966480447
 58 47.26256983240225
 200 49.27374301675979
 79 51.28491620111734
 173 53.29608938547489
 81 55.3072625698324
 129 57.31843575418995
 262 59.32960893854749
 44 61.34078212290504
 134 63.35195530726259
 80 65.36312849162013
 100 67.37430167597768
 47 69.38547486033519
 35 71.39664804469274
 45 73.40782122905028
 4 75.41899441340783
 8 77.43016759776538
 1 79.44134078212289
 0 81.45251396648047
 2 83.46368715083798
 7 85.47486033519556
 10 87.48603351955308
 7661 89.49720670391065
 6 91.50837988826817
 2 93.51955307262574
 1 95.53072625698326
 2 97.54189944134077
 1 99.55307262569835
 12 101.5642458100559
 22 103.5754189944134
 38 105.586592178771
 29 107.5977653631285
 118 109.608938547486
 136 111.6201117318436
 144 113.6312849162011
 4 115.6424581005587
 190 117.6536312849162
 163 119.6648044692737
 81 121.6759776536313
 186 123.6871508379888
 176 125.6983240223464
 64 127.7094972067039
 150 129.7206703910614
 161 131.731843575419
 2 133.7430167597765
 130 135.7541899441341
 170 137.7653631284916
 103 139.7765363128492
 153 141.7877094972067
 423 143.7988826815642
 121 145.8100558659218
 227 147.8212290502793
 41 149.8324022346369
 153 151.8435754189944
 57 153.854748603352
 503 155.8659217877095
 49 157.8770949720671
 121 159.8882681564246
 70 161.8994413407821
 51 163.9106145251397
 15 165.9217877094972
 134 167.9329608938548
 199 169.9441340782123
 335 171.9553072625699
 2 173.9664804469274
 171 175.9776536312849
 1 177.9888268156425
 0 180


