# Created by Octave 3.8.2, Mon Jun 22 17:24:58 2020 CEST <damian@fptrucha.inv.usc.es>
# name: hd
# type: matrix
# rows: 180
# columns: 2
 3 -180
 166 -177.9888268156425
 5 -175.9776536312849
 355 -173.9664804469274
 262 -171.9553072625698
 151 -169.9441340782123
 38 -167.9329608938548
 49 -165.9217877094972
 56 -163.9106145251397
 172 -161.8994413407821
 44 -159.8882681564246
 589 -157.877094972067
 71 -155.8659217877095
 124 -153.854748603352
 46 -151.8435754189944
 99 -149.8324022346369
 238 -147.8212290502793
 560 -145.8100558659218
 148 -143.7988826815642
 109 -141.7877094972067
 183 -139.7765363128491
 111 -137.7653631284916
 6 -135.7541899441341
 161 -133.7430167597765
 173 -131.731843575419
 90 -129.7206703910614
 203 -127.7094972067039
 263 -125.6983240223464
 91 -123.6871508379888
 159 -121.6759776536313
 228 -119.6648044692737
 0 -117.6536312849162
 114 -115.6424581005587
 119 -113.6312849162011
 127 -111.6201117318436
 22 -109.608938547486
 49 -107.5977653631285
 34 -105.5865921787709
 26 -103.5754189944134
 2 -101.5642458100559
 1 -99.55307262569832
 0 -97.54189944134077
 2 -95.53072625698323
 7 -93.5195530726257
 8344 -91.50837988826815
 8 -89.49720670391061
 5 -87.48603351955308
 2 -85.47486033519553
 1 -83.46368715083798
 2 -81.45251396648044
 9 -79.44134078212289
 11 -77.43016759776536
 54 -75.41899441340782
 35 -73.40782122905027
 42 -71.39664804469274
 126 -69.38547486033519
 77 -67.37430167597765
 118 -65.3631284916201
 71 -63.35195530726256
 268 -61.34078212290503
 141 -59.32960893854748
 221 -57.31843575418993
 102 -55.3072625698324
 87 -53.29608938547486
 272 -51.28491620111731
 55 -49.27374301675977
 107 -47.26256983240222
 7 -45.25139664804468
 336 -43.24022346368713
 4 -41.22905027932961
 180 -39.21787709497207
 296 -37.20670391061452
 419 -35.19553072625698
 138 -33.18435754189943
 65 -31.17318435754188
 162 -29.16201117318434
 12 -27.15083798882682
 73 -25.13966480446928
 579 -23.12849162011173
 140 -21.11731843575419
 53 -19.10614525139664
 12 -17.09497206703909
 36 -15.08379888268155
 149 -13.072625698324
 16 -11.06145251396646
 584 -9.050279329608941
 3 -7.039106145251395
 151 -5.02793296089385
 27 -3.016759776536304
 5 -1.005586592178759
 22 1.005586592178787
 133 3.016759776536333
 4 5.02793296089385
 533 7.039106145251395
 9 9.050279329608941
 171 11.06145251396649
 54 13.07262569832403
 12 15.08379888268158
 53 17.09497206703912
 107 19.10614525139667
 592 21.11731843575421
 54 23.12849162011173
 84 25.13966480446928
 108 27.15083798882682
 47 29.16201117318437
 215 31.17318435754191
 346 33.18435754189946
 274 35.195530726257
 148 37.20670391061452
 52 39.21787709497207
 332 41.22905027932961
 2 43.24022346368716
 121 45.2513966480447
 52 47.26256983240225
 216 49.27374301675979
 86 51.28491620111734
 185 53.29608938547489
 78 55.3072625698324
 186 57.31843575418995
 261 59.32960893854749
 62 61.34078212290504
 136 63.35195530726259
 84 65.36312849162013
 112 67.37430167597768
 44 69.38547486033519
 26 71.39664804469274
 35 73.40782122905028
 9 75.41899441340783
 7 77.43016759776538
 4 79.44134078212289
 0 81.45251396648047
 1 83.46368715083798
 2 85.47486033519556
 18 87.48603351955308
 7662 89.49720670391065
 10 91.50837988826817
 5 93.51955307262574
 2 95.53072625698326
 1 97.54189944134077
 3 99.55307262569835
 23 101.5642458100559
 30 103.5754189944134
 50 105.586592178771
 22 107.5977653631285
 104 109.608938547486
 125 111.6201117318436
 125 113.6312849162011
 3 115.6424581005587
 194 117.6536312849162
 178 119.6648044692737
 87 121.6759776536313
 199 123.6871508379888
 177 125.6983240223464
 82 127.7094972067039
 176 129.7206703910614
 197 131.731843575419
 1 133.7430167597765
 112 135.7541899441341
 192 137.7653631284916
 95 139.7765363128492
 130 141.7877094972067
 484 143.7988826815642
 118 145.8100558659218
 191 147.8212290502793
 47 149.8324022346369
 130 151.8435754189944
 68 153.854748603352
 508 155.8659217877095
 49 157.8770949720671
 111 159.8882681564246
 67 161.8994413407821
 54 163.9106145251397
 21 165.9217877094972
 143 167.9329608938548
 213 169.9441340782123
 334 171.9553072625699
 4 173.9664804469274
 150 175.9776536312849
 8 177.9888268156425
 0 180


