# Created by Octave 3.8.2, Mon Jun 22 13:44:41 2020 CEST <damian@fptrucha.inv.usc.es>
# name: hd
# type: matrix
# rows: 180
# columns: 2
 7 -180
 176 -177.9888268156425
 6 -175.9776536312849
 382 -173.9664804469274
 242 -171.9553072625698
 133 -169.9441340782123
 29 -167.9329608938548
 50 -165.9217877094972
 68 -163.9106145251397
 159 -161.8994413407821
 45 -159.8882681564246
 528 -157.877094972067
 69 -155.8659217877095
 136 -153.854748603352
 46 -151.8435754189944
 77 -149.8324022346369
 247 -147.8212290502793
 588 -145.8100558659218
 114 -143.7988826815642
 101 -141.7877094972067
 184 -139.7765363128491
 118 -137.7653631284916
 10 -135.7541899441341
 161 -133.7430167597765
 186 -131.731843575419
 74 -129.7206703910614
 181 -127.7094972067039
 232 -125.6983240223464
 99 -123.6871508379888
 193 -121.6759776536313
 174 -119.6648044692737
 5 -117.6536312849162
 138 -115.6424581005587
 114 -113.6312849162011
 118 -111.6201117318436
 17 -109.608938547486
 40 -107.5977653631285
 16 -105.5865921787709
 10 -103.5754189944134
 3 -101.5642458100559
 1 -99.55307262569832
 2 -97.54189944134077
 7 -95.53072625698323
 11 -93.5195530726257
 7937 -91.50837988826815
 11 -89.49720670391061
 7 -87.48603351955308
 2 -85.47486033519553
 1 -83.46368715083798
 4 -81.45251396648044
 7 -79.44134078212289
 4 -77.43016759776536
 61 -75.41899441340782
 29 -73.40782122905027
 49 -71.39664804469274
 99 -69.38547486033519
 75 -67.37430167597765
 132 -65.3631284916201
 63 -63.35195530726256
 268 -61.34078212290503
 155 -59.32960893854748
 194 -57.31843575418993
 88 -55.3072625698324
 81 -53.29608938547486
 236 -51.28491620111731
 54 -49.27374301675977
 132 -47.26256983240222
 1 -45.25139664804468
 293 -43.24022346368713
 3 -41.22905027932961
 162 -39.21787709497207
 287 -37.20670391061452
 439 -35.19553072625698
 112 -33.18435754189943
 72 -31.17318435754188
 175 -29.16201117318434
 14 -27.15083798882682
 67 -25.13966480446928
 601 -23.12849162011173
 133 -21.11731843575419
 36 -19.10614525139664
 17 -17.09497206703909
 54 -15.08379888268155
 166 -13.072625698324
 2 -11.06145251396646
 569 -9.050279329608941
 1 -7.039106145251395
 142 -5.02793296089385
 19 -3.016759776536304
 4 -1.005586592178759
 28 1.005586592178787
 143 3.016759776536333
 9 5.02793296089385
 537 7.039106145251395
 11 9.050279329608941
 126 11.06145251396649
 40 13.07262569832403
 9 15.08379888268158
 58 17.09497206703912
 134 19.10614525139667
 508 21.11731843575421
 71 23.12849162011173
 73 25.13966480446928
 118 27.15083798882682
 70 29.16201117318437
 195 31.17318435754191
 350 33.18435754189946
 237 35.195530726257
 156 37.20670391061452
 53 39.21787709497207
 276 41.22905027932961
 1 43.24022346368716
 129 45.2513966480447
 71 47.26256983240225
 204 49.27374301675979
 96 51.28491620111734
 192 53.29608938547489
 109 55.3072625698324
 148 57.31843575418995
 246 59.32960893854749
 66 61.34078212290504
 120 63.35195530726259
 85 65.36312849162013
 124 67.37430167597768
 51 69.38547486033519
 37 71.39664804469274
 63 73.40782122905028
 10 75.41899441340783
 10 77.43016759776538
 5 79.44134078212289
 1 81.45251396648047
 5 83.46368715083798
 5 85.47486033519556
 10 87.48603351955308
 7671 89.49720670391065
 9 91.50837988826817
 4 93.51955307262574
 0 95.53072625698326
 0 97.54189944134077
 5 99.55307262569835
 16 101.5642458100559
 28 103.5754189944134
 47 105.586592178771
 14 107.5977653631285
 90 109.608938547486
 121 111.6201117318436
 118 113.6312849162011
 6 115.6424581005587
 222 117.6536312849162
 194 119.6648044692737
 82 121.6759776536313
 165 123.6871508379888
 186 125.6983240223464
 104 127.7094972067039
 159 129.7206703910614
 200 131.731843575419
 3 133.7430167597765
 143 135.7541899441341
 173 137.7653631284916
 127 139.7765363128492
 134 141.7877094972067
 558 143.7988826815642
 106 145.8100558659218
 205 147.8212290502793
 46 149.8324022346369
 164 151.8435754189944
 75 153.854748603352
 484 155.8659217877095
 45 157.8770949720671
 142 159.8882681564246
 64 161.8994413407821
 59 163.9106145251397
 25 165.9217877094972
 136 167.9329608938548
 207 169.9441340782123
 337 171.9553072625699
 9 173.9664804469274
 173 175.9776536312849
 5 177.9888268156425
 0 180


