# Created by Octave 3.8.2, Sun Jun 21 08:13:15 2020 CEST <damian@fptrucha.inv.usc.es>
# name: hd
# type: matrix
# rows: 180
# columns: 2
 4 -180
 153 -177.9888268156425
 2 -175.9776536312849
 351 -173.9664804469274
 226 -171.9553072625698
 153 -169.9441340782123
 27 -167.9329608938548
 38 -165.9217877094972
 50 -163.9106145251397
 173 -161.8994413407821
 37 -159.8882681564246
 670 -157.877094972067
 50 -155.8659217877095
 106 -153.854748603352
 49 -151.8435754189944
 44 -149.8324022346369
 215 -147.8212290502793
 626 -145.8100558659218
 121 -143.7988826815642
 107 -141.7877094972067
 167 -139.7765363128491
 99 -137.7653631284916
 2 -135.7541899441341
 181 -133.7430167597765
 154 -131.731843575419
 93 -129.7206703910614
 163 -127.7094972067039
 240 -125.6983240223464
 83 -123.6871508379888
 186 -121.6759776536313
 172 -119.6648044692737
 3 -117.6536312849162
 89 -115.6424581005587
 114 -113.6312849162011
 102 -111.6201117318436
 24 -109.608938547486
 35 -107.5977653631285
 25 -105.5865921787709
 13 -103.5754189944134
 1 -101.5642458100559
 0 -99.55307262569832
 0 -97.54189944134077
 0 -95.53072625698323
 7 -93.5195530726257
 8036 -91.50837988826815
 12 -89.49720670391061
 2 -87.48603351955308
 2 -85.47486033519553
 0 -83.46368715083798
 0 -81.45251396648044
 6 -79.44134078212289
 6 -77.43016759776536
 39 -75.41899441340782
 26 -73.40782122905027
 68 -71.39664804469274
 129 -69.38547486033519
 75 -67.37430167597765
 109 -65.3631284916201
 52 -63.35195530726256
 257 -61.34078212290503
 166 -59.32960893854748
 213 -57.31843575418993
 85 -55.3072625698324
 81 -53.29608938547486
 229 -51.28491620111731
 65 -49.27374301675977
 114 -47.26256983240222
 2 -45.25139664804468
 291 -43.24022346368713
 2 -41.22905027932961
 151 -39.21787709497207
 322 -37.20670391061452
 450 -35.19553072625698
 100 -33.18435754189943
 56 -31.17318435754188
 132 -29.16201117318434
 7 -27.15083798882682
 45 -25.13966480446928
 617 -23.12849162011173
 134 -21.11731843575419
 53 -19.10614525139664
 11 -17.09497206703909
 46 -15.08379888268155
 152 -13.072625698324
 8 -11.06145251396646
 567 -9.050279329608941
 2 -7.039106145251395
 121 -5.02793296089385
 17 -3.016759776536304
 1 -1.005586592178759
 19 1.005586592178787
 128 3.016759776536333
 0 5.02793296089385
 524 7.039106145251395
 8 9.050279329608941
 133 11.06145251396649
 47 13.07262569832403
 5 15.08379888268158
 53 17.09497206703912
 112 19.10614525139667
 510 21.11731843575421
 42 23.12849162011173
 77 25.13966480446928
 120 27.15083798882682
 45 29.16201117318437
 241 31.17318435754191
 293 33.18435754189946
 205 35.195530726257
 173 37.20670391061452
 41 39.21787709497207
 259 41.22905027932961
 0 43.24022346368716
 126 45.2513966480447
 63 47.26256983240225
 232 49.27374301675979
 80 51.28491620111734
 174 53.29608938547489
 75 55.3072625698324
 125 57.31843575418995
 252 59.32960893854749
 62 61.34078212290504
 100 63.35195530726259
 73 65.36312849162013
 97 67.37430167597768
 40 69.38547486033519
 35 71.39664804469274
 41 73.40782122905028
 6 75.41899441340783
 4 77.43016759776538
 1 79.44134078212289
 0 81.45251396648047
 1 83.46368715083798
 1 85.47486033519556
 8 87.48603351955308
 7526 89.49720670391065
 5 91.50837988826817
 1 93.51955307262574
 1 95.53072625698326
 1 97.54189944134077
 4 99.55307262569835
 15 101.5642458100559
 24 103.5754189944134
 21 105.586592178771
 23 107.5977653631285
 108 109.608938547486
 122 111.6201117318436
 133 113.6312849162011
 2 115.6424581005587
 214 117.6536312849162
 159 119.6648044692737
 85 121.6759776536313
 176 123.6871508379888
 180 125.6983240223464
 85 127.7094972067039
 146 129.7206703910614
 188 131.731843575419
 1 133.7430167597765
 124 135.7541899441341
 174 137.7653631284916
 93 139.7765363128492
 144 141.7877094972067
 455 143.7988826815642
 114 145.8100558659218
 175 147.8212290502793
 50 149.8324022346369
 160 151.8435754189944
 58 153.854748603352
 483 155.8659217877095
 60 157.8770949720671
 129 159.8882681564246
 57 161.8994413407821
 46 163.9106145251397
 16 165.9217877094972
 119 167.9329608938548
 188 169.9441340782123
 329 171.9553072625699
 1 173.9664804469274
 134 175.9776536312849
 3 177.9888268156425
 0 180


