# Created by Octave 3.8.2, Mon Jun 22 13:17:33 2020 CEST <damian@fptrucha.inv.usc.es>
# name: hd
# type: matrix
# rows: 180
# columns: 2
 9 -180
 211 -177.9888268156425
 3 -175.9776536312849
 384 -173.9664804469274
 246 -171.9553072625698
 133 -169.9441340782123
 34 -167.9329608938548
 48 -165.9217877094972
 64 -163.9106145251397
 145 -161.8994413407821
 47 -159.8882681564246
 603 -157.877094972067
 75 -155.8659217877095
 123 -153.854748603352
 53 -151.8435754189944
 66 -149.8324022346369
 235 -147.8212290502793
 609 -145.8100558659218
 129 -143.7988826815642
 104 -141.7877094972067
 165 -139.7765363128491
 109 -137.7653631284916
 3 -135.7541899441341
 177 -133.7430167597765
 167 -131.731843575419
 77 -129.7206703910614
 178 -127.7094972067039
 257 -125.6983240223464
 90 -123.6871508379888
 176 -121.6759776536313
 190 -119.6648044692737
 6 -117.6536312849162
 117 -115.6424581005587
 128 -113.6312849162011
 123 -111.6201117318436
 34 -109.608938547486
 50 -107.5977653631285
 22 -105.5865921787709
 20 -103.5754189944134
 1 -101.5642458100559
 0 -99.55307262569832
 1 -97.54189944134077
 4 -95.53072625698323
 6 -93.5195530726257
 7951 -91.50837988826815
 24 -89.49720670391061
 8 -87.48603351955308
 0 -85.47486033519553
 0 -83.46368715083798
 1 -81.45251396648044
 11 -79.44134078212289
 4 -77.43016759776536
 55 -75.41899441340782
 44 -73.40782122905027
 46 -71.39664804469274
 125 -69.38547486033519
 84 -67.37430167597765
 102 -65.3631284916201
 47 -63.35195530726256
 251 -61.34078212290503
 143 -59.32960893854748
 225 -57.31843575418993
 103 -55.3072625698324
 76 -53.29608938547486
 230 -51.28491620111731
 56 -49.27374301675977
 115 -47.26256983240222
 2 -45.25139664804468
 328 -43.24022346368713
 4 -41.22905027932961
 182 -39.21787709497207
 284 -37.20670391061452
 428 -35.19553072625698
 115 -33.18435754189943
 56 -31.17318435754188
 163 -29.16201117318434
 11 -27.15083798882682
 83 -25.13966480446928
 563 -23.12849162011173
 113 -21.11731843575419
 53 -19.10614525139664
 10 -17.09497206703909
 50 -15.08379888268155
 151 -13.072625698324
 15 -11.06145251396646
 562 -9.050279329608941
 2 -7.039106145251395
 121 -5.02793296089385
 26 -3.016759776536304
 3 -1.005586592178759
 22 1.005586592178787
 127 3.016759776536333
 1 5.02793296089385
 491 7.039106145251395
 9 9.050279329608941
 138 11.06145251396649
 42 13.07262569832403
 13 15.08379888268158
 50 17.09497206703912
 121 19.10614525139667
 578 21.11731843575421
 62 23.12849162011173
 91 25.13966480446928
 99 27.15083798882682
 76 29.16201117318437
 201 31.17318435754191
 332 33.18435754189946
 258 35.195530726257
 146 37.20670391061452
 26 39.21787709497207
 274 41.22905027932961
 1 43.24022346368716
 136 45.2513966480447
 66 47.26256983240225
 247 49.27374301675979
 86 51.28491620111734
 203 53.29608938547489
 81 55.3072625698324
 181 57.31843575418995
 276 59.32960893854749
 56 61.34078212290504
 120 63.35195530726259
 77 65.36312849162013
 117 67.37430167597768
 40 69.38547486033519
 39 71.39664804469274
 48 73.40782122905028
 9 75.41899441340783
 13 77.43016759776538
 3 79.44134078212289
 1 81.45251396648047
 3 83.46368715083798
 2 85.47486033519556
 16 87.48603351955308
 7716 89.49720670391065
 8 91.50837988826817
 7 93.51955307262574
 1 95.53072625698326
 1 97.54189944134077
 2 99.55307262569835
 10 101.5642458100559
 31 103.5754189944134
 55 105.586592178771
 23 107.5977653631285
 125 109.608938547486
 120 111.6201117318436
 124 113.6312849162011
 2 115.6424581005587
 190 117.6536312849162
 177 119.6648044692737
 88 121.6759776536313
 190 123.6871508379888
 190 125.6983240223464
 95 127.7094972067039
 164 129.7206703910614
 169 131.731843575419
 0 133.7430167597765
 117 135.7541899441341
 183 137.7653631284916
 121 139.7765363128492
 148 141.7877094972067
 516 143.7988826815642
 114 145.8100558659218
 214 147.8212290502793
 58 149.8324022346369
 129 151.8435754189944
 64 153.854748603352
 543 155.8659217877095
 57 157.8770949720671
 139 159.8882681564246
 65 161.8994413407821
 57 163.9106145251397
 19 165.9217877094972
 129 167.9329608938548
 217 169.9441340782123
 362 171.9553072625699
 5 173.9664804469274
 158 175.9776536312849
 4 177.9888268156425
 0 180


