# Created by Octave 3.8.2, Sat Jun 20 03:45:18 2020 CEST <damian@fptrucha.inv.usc.es>
# name: hd
# type: matrix
# rows: 180
# columns: 2
 3 -180
 193 -177.9888268156425
 2 -175.9776536312849
 389 -173.9664804469274
 248 -171.9553072625698
 172 -169.9441340782123
 42 -167.9329608938548
 54 -165.9217877094972
 77 -163.9106145251397
 186 -161.8994413407821
 44 -159.8882681564246
 727 -157.877094972067
 66 -155.8659217877095
 140 -153.854748603352
 40 -151.8435754189944
 96 -149.8324022346369
 247 -147.8212290502793
 697 -145.8100558659218
 148 -143.7988826815642
 100 -141.7877094972067
 183 -139.7765363128491
 127 -137.7653631284916
 2 -135.7541899441341
 203 -133.7430167597765
 222 -131.731843575419
 90 -129.7206703910614
 212 -127.7094972067039
 262 -125.6983240223464
 138 -123.6871508379888
 207 -121.6759776536313
 216 -119.6648044692737
 3 -117.6536312849162
 130 -115.6424581005587
 158 -113.6312849162011
 148 -111.6201117318436
 18 -109.608938547486
 48 -107.5977653631285
 34 -105.5865921787709
 14 -103.5754189944134
 2 -101.5642458100559
 1 -99.55307262569832
 0 -97.54189944134077
 4 -95.53072625698323
 3 -93.5195530726257
 9357 -91.50837988826815
 15 -89.49720670391061
 6 -87.48603351955308
 1 -85.47486033519553
 0 -83.46368715083798
 1 -81.45251396648044
 9 -79.44134078212289
 10 -77.43016759776536
 51 -75.41899441340782
 24 -73.40782122905027
 60 -71.39664804469274
 142 -69.38547486033519
 104 -67.37430167597765
 106 -65.3631284916201
 60 -63.35195530726256
 331 -61.34078212290503
 153 -59.32960893854748
 248 -57.31843575418993
 136 -55.3072625698324
 94 -53.29608938547486
 248 -51.28491620111731
 55 -49.27374301675977
 143 -47.26256983240222
 2 -45.25139664804468
 321 -43.24022346368713
 4 -41.22905027932961
 170 -39.21787709497207
 360 -37.20670391061452
 500 -35.19553072625698
 122 -33.18435754189943
 60 -31.17318435754188
 187 -29.16201117318434
 10 -27.15083798882682
 71 -25.13966480446928
 656 -23.12849162011173
 152 -21.11731843575419
 65 -19.10614525139664
 17 -17.09497206703909
 33 -15.08379888268155
 160 -13.072625698324
 6 -11.06145251396646
 609 -9.050279329608941
 0 -7.039106145251395
 128 -5.02793296089385
 15 -3.016759776536304
 2 -1.005586592178759
 24 1.005586592178787
 115 3.016759776536333
 1 5.02793296089385
 538 7.039106145251395
 9 9.050279329608941
 130 11.06145251396649
 27 13.07262569832403
 9 15.08379888268158
 53 17.09497206703912
 118 19.10614525139667
 587 21.11731843575421
 49 23.12849162011173
 114 25.13966480446928
 108 27.15083798882682
 56 29.16201117318437
 242 31.17318435754191
 336 33.18435754189946
 255 35.195530726257
 151 37.20670391061452
 42 39.21787709497207
 290 41.22905027932961
 0 43.24022346368716
 103 45.2513966480447
 64 47.26256983240225
 238 49.27374301675979
 78 51.28491620111734
 188 53.29608938547489
 81 55.3072625698324
 139 57.31843575418995
 249 59.32960893854749
 56 61.34078212290504
 92 63.35195530726259
 74 65.36312849162013
 108 67.37430167597768
 40 69.38547486033519
 22 71.39664804469274
 43 73.40782122905028
 6 75.41899441340783
 12 77.43016759776538
 4 79.44134078212289
 0 81.45251396648047
 1 83.46368715083798
 5 85.47486033519556
 5 87.48603351955308
 8095 89.49720670391065
 7 91.50837988826817
 1 93.51955307262574
 0 95.53072625698326
 0 97.54189944134077
 1 99.55307262569835
 8 101.5642458100559
 20 103.5754189944134
 38 105.586592178771
 24 107.5977653631285
 103 109.608938547486
 106 111.6201117318436
 112 113.6312849162011
 5 115.6424581005587
 208 117.6536312849162
 181 119.6648044692737
 88 121.6759776536313
 159 123.6871508379888
 170 125.6983240223464
 88 127.7094972067039
 150 129.7206703910614
 160 131.731843575419
 1 133.7430167597765
 123 135.7541899441341
 156 137.7653631284916
 125 139.7765363128492
 142 141.7877094972067
 558 143.7988826815642
 133 145.8100558659218
 188 147.8212290502793
 41 149.8324022346369
 145 151.8435754189944
 64 153.854748603352
 497 155.8659217877095
 47 157.8770949720671
 128 159.8882681564246
 76 161.8994413407821
 54 163.9106145251397
 15 165.9217877094972
 146 167.9329608938548
 234 169.9441340782123
 381 171.9553072625699
 8 173.9664804469274
 199 175.9776536312849
 0 177.9888268156425
 0 180


