# Created by Octave 3.8.2, Mon Jun 22 13:12:11 2020 CEST <damian@fptrucha.inv.usc.es>
# name: hd
# type: matrix
# rows: 180
# columns: 2
 3 -180
 171 -177.9888268156425
 7 -175.9776536312849
 357 -173.9664804469274
 241 -171.9553072625698
 142 -169.9441340782123
 38 -167.9329608938548
 35 -165.9217877094972
 70 -163.9106145251397
 153 -161.8994413407821
 42 -159.8882681564246
 534 -157.877094972067
 59 -155.8659217877095
 118 -153.854748603352
 46 -151.8435754189944
 79 -149.8324022346369
 219 -147.8212290502793
 597 -145.8100558659218
 119 -143.7988826815642
 102 -141.7877094972067
 185 -139.7765363128491
 111 -137.7653631284916
 6 -135.7541899441341
 156 -133.7430167597765
 157 -131.731843575419
 73 -129.7206703910614
 194 -127.7094972067039
 218 -125.6983240223464
 114 -123.6871508379888
 184 -121.6759776536313
 219 -119.6648044692737
 7 -117.6536312849162
 118 -115.6424581005587
 107 -113.6312849162011
 121 -111.6201117318436
 15 -109.608938547486
 32 -107.5977653631285
 21 -105.5865921787709
 18 -103.5754189944134
 2 -101.5642458100559
 1 -99.55307262569832
 2 -97.54189944134077
 4 -95.53072625698323
 6 -93.5195530726257
 8058 -91.50837988826815
 15 -89.49720670391061
 6 -87.48603351955308
 2 -85.47486033519553
 2 -83.46368715083798
 4 -81.45251396648044
 12 -79.44134078212289
 9 -77.43016759776536
 61 -75.41899441340782
 28 -73.40782122905027
 62 -71.39664804469274
 110 -69.38547486033519
 65 -67.37430167597765
 101 -65.3631284916201
 54 -63.35195530726256
 259 -61.34078212290503
 145 -59.32960893854748
 219 -57.31843575418993
 86 -55.3072625698324
 72 -53.29608938547486
 228 -51.28491620111731
 66 -49.27374301675977
 111 -47.26256983240222
 5 -45.25139664804468
 291 -43.24022346368713
 8 -41.22905027932961
 161 -39.21787709497207
 266 -37.20670391061452
 459 -35.19553072625698
 103 -33.18435754189943
 70 -31.17318435754188
 163 -29.16201117318434
 10 -27.15083798882682
 57 -25.13966480446928
 596 -23.12849162011173
 127 -21.11731843575419
 63 -19.10614525139664
 11 -17.09497206703909
 43 -15.08379888268155
 162 -13.072625698324
 10 -11.06145251396646
 575 -9.050279329608941
 2 -7.039106145251395
 138 -5.02793296089385
 19 -3.016759776536304
 4 -1.005586592178759
 21 1.005586592178787
 151 3.016759776536333
 4 5.02793296089385
 535 7.039106145251395
 9 9.050279329608941
 149 11.06145251396649
 33 13.07262569832403
 10 15.08379888268158
 48 17.09497206703912
 127 19.10614525139667
 475 21.11731843575421
 71 23.12849162011173
 80 25.13966480446928
 107 27.15083798882682
 64 29.16201117318437
 200 31.17318435754191
 293 33.18435754189946
 275 35.195530726257
 152 37.20670391061452
 32 39.21787709497207
 269 41.22905027932961
 1 43.24022346368716
 128 45.2513966480447
 61 47.26256983240225
 205 49.27374301675979
 89 51.28491620111734
 194 53.29608938547489
 74 55.3072625698324
 157 57.31843575418995
 271 59.32960893854749
 66 61.34078212290504
 139 63.35195530726259
 69 65.36312849162013
 128 67.37430167597768
 51 69.38547486033519
 34 71.39664804469274
 50 73.40782122905028
 9 75.41899441340783
 12 77.43016759776538
 3 79.44134078212289
 1 81.45251396648047
 3 83.46368715083798
 5 85.47486033519556
 15 87.48603351955308
 7581 89.49720670391065
 4 91.50837988826817
 4 93.51955307262574
 3 95.53072625698326
 4 97.54189944134077
 3 99.55307262569835
 17 101.5642458100559
 29 103.5754189944134
 42 105.586592178771
 17 107.5977653631285
 119 109.608938547486
 112 111.6201117318436
 132 113.6312849162011
 1 115.6424581005587
 221 117.6536312849162
 197 119.6648044692737
 85 121.6759776536313
 189 123.6871508379888
 175 125.6983240223464
 79 127.7094972067039
 163 129.7206703910614
 185 131.731843575419
 2 133.7430167597765
 126 135.7541899441341
 152 137.7653631284916
 94 139.7765363128492
 150 141.7877094972067
 532 143.7988826815642
 89 145.8100558659218
 213 147.8212290502793
 60 149.8324022346369
 127 151.8435754189944
 75 153.854748603352
 476 155.8659217877095
 59 157.8770949720671
 162 159.8882681564246
 70 161.8994413407821
 56 163.9106145251397
 26 165.9217877094972
 129 167.9329608938548
 220 169.9441340782123
 365 171.9553072625699
 5 173.9664804469274
 162 175.9776536312849
 5 177.9888268156425
 0 180


