# Created by Octave 3.8.2, Mon Jun 22 17:10:38 2020 CEST <damian@fptrucha.inv.usc.es>
# name: hd
# type: matrix
# rows: 180
# columns: 2
 8 -180
 160 -177.9888268156425
 4 -175.9776536312849
 442 -173.9664804469274
 220 -171.9553072625698
 133 -169.9441340782123
 42 -167.9329608938548
 49 -165.9217877094972
 65 -163.9106145251397
 136 -161.8994413407821
 49 -159.8882681564246
 571 -157.877094972067
 56 -155.8659217877095
 141 -153.854748603352
 34 -151.8435754189944
 78 -149.8324022346369
 243 -147.8212290502793
 576 -145.8100558659218
 132 -143.7988826815642
 89 -141.7877094972067
 178 -139.7765363128491
 105 -137.7653631284916
 6 -135.7541899441341
 183 -133.7430167597765
 167 -131.731843575419
 90 -129.7206703910614
 170 -127.7094972067039
 214 -125.6983240223464
 113 -123.6871508379888
 204 -121.6759776536313
 225 -119.6648044692737
 6 -117.6536312849162
 125 -115.6424581005587
 125 -113.6312849162011
 113 -111.6201117318436
 22 -109.608938547486
 45 -107.5977653631285
 32 -105.5865921787709
 13 -103.5754189944134
 7 -101.5642458100559
 1 -99.55307262569832
 3 -97.54189944134077
 2 -95.53072625698323
 5 -93.5195530726257
 8234 -91.50837988826815
 19 -89.49720670391061
 9 -87.48603351955308
 0 -85.47486033519553
 0 -83.46368715083798
 2 -81.45251396648044
 3 -79.44134078212289
 14 -77.43016759776536
 65 -75.41899441340782
 30 -73.40782122905027
 60 -71.39664804469274
 131 -69.38547486033519
 68 -67.37430167597765
 133 -65.3631284916201
 70 -63.35195530726256
 252 -61.34078212290503
 153 -59.32960893854748
 233 -57.31843575418993
 99 -55.3072625698324
 83 -53.29608938547486
 224 -51.28491620111731
 58 -49.27374301675977
 114 -47.26256983240222
 2 -45.25139664804468
 343 -43.24022346368713
 9 -41.22905027932961
 154 -39.21787709497207
 254 -37.20670391061452
 465 -35.19553072625698
 133 -33.18435754189943
 65 -31.17318435754188
 160 -29.16201117318434
 8 -27.15083798882682
 65 -25.13966480446928
 564 -23.12849162011173
 140 -21.11731843575419
 59 -19.10614525139664
 10 -17.09497206703909
 49 -15.08379888268155
 167 -13.072625698324
 12 -11.06145251396646
 573 -9.050279329608941
 6 -7.039106145251395
 138 -5.02793296089385
 14 -3.016759776536304
 5 -1.005586592178759
 25 1.005586592178787
 155 3.016759776536333
 3 5.02793296089385
 529 7.039106145251395
 12 9.050279329608941
 137 11.06145251396649
 49 13.07262569832403
 19 15.08379888268158
 48 17.09497206703912
 140 19.10614525139667
 598 21.11731843575421
 67 23.12849162011173
 81 25.13966480446928
 103 27.15083798882682
 63 29.16201117318437
 239 31.17318435754191
 361 33.18435754189946
 261 35.195530726257
 148 37.20670391061452
 52 39.21787709497207
 345 41.22905027932961
 1 43.24022346368716
 118 45.2513966480447
 64 47.26256983240225
 245 49.27374301675979
 87 51.28491620111734
 200 53.29608938547489
 78 55.3072625698324
 151 57.31843575418995
 241 59.32960893854749
 56 61.34078212290504
 135 63.35195530726259
 86 65.36312849162013
 111 67.37430167597768
 51 69.38547486033519
 34 71.39664804469274
 44 73.40782122905028
 8 75.41899441340783
 10 77.43016759776538
 2 79.44134078212289
 2 81.45251396648047
 2 83.46368715083798
 3 85.47486033519556
 16 87.48603351955308
 7596 89.49720670391065
 10 91.50837988826817
 4 93.51955307262574
 1 95.53072625698326
 2 97.54189944134077
 4 99.55307262569835
 23 101.5642458100559
 25 103.5754189944134
 41 105.586592178771
 22 107.5977653631285
 121 109.608938547486
 137 111.6201117318436
 159 113.6312849162011
 2 115.6424581005587
 207 117.6536312849162
 186 119.6648044692737
 91 121.6759776536313
 185 123.6871508379888
 229 125.6983240223464
 90 127.7094972067039
 174 129.7206703910614
 210 131.731843575419
 3 133.7430167597765
 129 135.7541899441341
 193 137.7653631284916
 100 139.7765363128492
 144 141.7877094972067
 496 143.7988826815642
 140 145.8100558659218
 173 147.8212290502793
 52 149.8324022346369
 130 151.8435754189944
 75 153.854748603352
 514 155.8659217877095
 51 157.8770949720671
 145 159.8882681564246
 60 161.8994413407821
 44 163.9106145251397
 24 165.9217877094972
 155 167.9329608938548
 258 169.9441340782123
 336 171.9553072625699
 7 173.9664804469274
 175 175.9776536312849
 5 177.9888268156425
 0 180


