# Created by Octave 3.8.2, Sat Jun 20 15:04:11 2020 CEST <damian@fptrucha.inv.usc.es>
# name: hd
# type: matrix
# rows: 180
# columns: 2
 1 -180
 148 -177.9888268156425
 3 -175.9776536312849
 371 -173.9664804469274
 215 -171.9553072625698
 167 -169.9441340782123
 27 -167.9329608938548
 35 -165.9217877094972
 57 -163.9106145251397
 161 -161.8994413407821
 39 -159.8882681564246
 632 -157.877094972067
 52 -155.8659217877095
 116 -153.854748603352
 41 -151.8435754189944
 68 -149.8324022346369
 200 -147.8212290502793
 660 -145.8100558659218
 115 -143.7988826815642
 89 -141.7877094972067
 162 -139.7765363128491
 99 -137.7653631284916
 2 -135.7541899441341
 142 -133.7430167597765
 152 -131.731843575419
 61 -129.7206703910614
 181 -127.7094972067039
 218 -125.6983240223464
 81 -123.6871508379888
 202 -121.6759776536313
 188 -119.6648044692737
 1 -117.6536312849162
 98 -115.6424581005587
 111 -113.6312849162011
 124 -111.6201117318436
 14 -109.608938547486
 27 -107.5977653631285
 22 -105.5865921787709
 10 -103.5754189944134
 3 -101.5642458100559
 1 -99.55307262569832
 0 -97.54189944134077
 2 -95.53072625698323
 12 -93.5195530726257
 8326 -91.50837988826815
 10 -89.49720670391061
 3 -87.48603351955308
 0 -85.47486033519553
 1 -83.46368715083798
 3 -81.45251396648044
 3 -79.44134078212289
 10 -77.43016759776536
 45 -75.41899441340782
 19 -73.40782122905027
 42 -71.39664804469274
 110 -69.38547486033519
 64 -67.37430167597765
 110 -65.3631284916201
 58 -63.35195530726256
 245 -61.34078212290503
 153 -59.32960893854748
 228 -57.31843575418993
 94 -55.3072625698324
 82 -53.29608938547486
 228 -51.28491620111731
 40 -49.27374301675977
 112 -47.26256983240222
 3 -45.25139664804468
 284 -43.24022346368713
 4 -41.22905027932961
 152 -39.21787709497207
 316 -37.20670391061452
 512 -35.19553072625698
 108 -33.18435754189943
 63 -31.17318435754188
 136 -29.16201117318434
 7 -27.15083798882682
 54 -25.13966480446928
 685 -23.12849162011173
 142 -21.11731843575419
 55 -19.10614525139664
 14 -17.09497206703909
 29 -15.08379888268155
 162 -13.072625698324
 11 -11.06145251396646
 582 -9.050279329608941
 3 -7.039106145251395
 115 -5.02793296089385
 14 -3.016759776536304
 0 -1.005586592178759
 17 1.005586592178787
 130 3.016759776536333
 2 5.02793296089385
 579 7.039106145251395
 3 9.050279329608941
 135 11.06145251396649
 48 13.07262569832403
 12 15.08379888268158
 58 17.09497206703912
 109 19.10614525139667
 526 21.11731843575421
 56 23.12849162011173
 106 25.13966480446928
 86 27.15083798882682
 53 29.16201117318437
 246 31.17318435754191
 338 33.18435754189946
 246 35.195530726257
 208 37.20670391061452
 31 39.21787709497207
 334 41.22905027932961
 2 43.24022346368716
 99 45.2513966480447
 57 47.26256983240225
 236 49.27374301675979
 93 51.28491620111734
 209 53.29608938547489
 81 55.3072625698324
 115 57.31843575418995
 266 59.32960893854749
 65 61.34078212290504
 132 63.35195530726259
 71 65.36312849162013
 101 67.37430167597768
 38 69.38547486033519
 37 71.39664804469274
 55 73.40782122905028
 5 75.41899441340783
 4 77.43016759776538
 3 79.44134078212289
 0 81.45251396648047
 1 83.46368715083798
 2 85.47486033519556
 6 87.48603351955308
 8189 89.49720670391065
 2 91.50837988826817
 0 93.51955307262574
 0 95.53072625698326
 0 97.54189944134077
 3 99.55307262569835
 14 101.5642458100559
 18 103.5754189944134
 36 105.586592178771
 26 107.5977653631285
 112 109.608938547486
 121 111.6201117318436
 131 113.6312849162011
 5 115.6424581005587
 198 117.6536312849162
 167 119.6648044692737
 89 121.6759776536313
 180 123.6871508379888
 194 125.6983240223464
 88 127.7094972067039
 170 129.7206703910614
 208 131.731843575419
 2 133.7430167597765
 127 135.7541899441341
 181 137.7653631284916
 94 139.7765363128492
 149 141.7877094972067
 473 143.7988826815642
 122 145.8100558659218
 212 147.8212290502793
 47 149.8324022346369
 152 151.8435754189944
 67 153.854748603352
 453 155.8659217877095
 62 157.8770949720671
 128 159.8882681564246
 81 161.8994413407821
 66 163.9106145251397
 18 165.9217877094972
 137 167.9329608938548
 209 169.9441340782123
 301 171.9553072625699
 2 173.9664804469274
 148 175.9776536312849
 2 177.9888268156425
 0 180


