# Created by Octave 3.8.2, Mon Jun 22 08:54:51 2020 CEST <damian@fptrucha.inv.usc.es>
# name: hd
# type: matrix
# rows: 180
# columns: 2
 7 -180
 159 -177.9888268156425
 7 -175.9776536312849
 347 -173.9664804469274
 231 -171.9553072625698
 137 -169.9441340782123
 31 -167.9329608938548
 38 -165.9217877094972
 62 -163.9106145251397
 154 -161.8994413407821
 39 -159.8882681564246
 548 -157.877094972067
 90 -155.8659217877095
 122 -153.854748603352
 44 -151.8435754189944
 68 -149.8324022346369
 209 -147.8212290502793
 574 -145.8100558659218
 124 -143.7988826815642
 103 -141.7877094972067
 177 -139.7765363128491
 101 -137.7653631284916
 4 -135.7541899441341
 180 -133.7430167597765
 167 -131.731843575419
 71 -129.7206703910614
 181 -127.7094972067039
 182 -125.6983240223464
 111 -123.6871508379888
 155 -121.6759776536313
 186 -119.6648044692737
 2 -117.6536312849162
 102 -115.6424581005587
 115 -113.6312849162011
 117 -111.6201117318436
 33 -109.608938547486
 36 -107.5977653631285
 24 -105.5865921787709
 17 -103.5754189944134
 4 -101.5642458100559
 2 -99.55307262569832
 2 -97.54189944134077
 2 -95.53072625698323
 9 -93.5195530726257
 7548 -91.50837988826815
 15 -89.49720670391061
 5 -87.48603351955308
 4 -85.47486033519553
 1 -83.46368715083798
 2 -81.45251396648044
 8 -79.44134078212289
 7 -77.43016759776536
 49 -75.41899441340782
 29 -73.40782122905027
 45 -71.39664804469274
 113 -69.38547486033519
 73 -67.37430167597765
 119 -65.3631284916201
 62 -63.35195530726256
 260 -61.34078212290503
 138 -59.32960893854748
 195 -57.31843575418993
 91 -55.3072625698324
 85 -53.29608938547486
 218 -51.28491620111731
 63 -49.27374301675977
 115 -47.26256983240222
 3 -45.25139664804468
 251 -43.24022346368713
 4 -41.22905027932961
 142 -39.21787709497207
 273 -37.20670391061452
 427 -35.19553072625698
 124 -33.18435754189943
 65 -31.17318435754188
 139 -29.16201117318434
 12 -27.15083798882682
 62 -25.13966480446928
 585 -23.12849162011173
 119 -21.11731843575419
 50 -19.10614525139664
 18 -17.09497206703909
 42 -15.08379888268155
 151 -13.072625698324
 14 -11.06145251396646
 545 -9.050279329608941
 3 -7.039106145251395
 140 -5.02793296089385
 31 -3.016759776536304
 3 -1.005586592178759
 21 1.005586592178787
 153 3.016759776536333
 2 5.02793296089385
 564 7.039106145251395
 10 9.050279329608941
 149 11.06145251396649
 39 13.07262569832403
 12 15.08379888268158
 62 17.09497206703912
 133 19.10614525139667
 558 21.11731843575421
 65 23.12849162011173
 89 25.13966480446928
 87 27.15083798882682
 78 29.16201117318437
 183 31.17318435754191
 317 33.18435754189946
 233 35.195530726257
 159 37.20670391061452
 38 39.21787709497207
 295 41.22905027932961
 3 43.24022346368716
 109 45.2513966480447
 56 47.26256983240225
 214 49.27374301675979
 92 51.28491620111734
 202 53.29608938547489
 85 55.3072625698324
 145 57.31843575418995
 262 59.32960893854749
 60 61.34078212290504
 106 63.35195530726259
 82 65.36312849162013
 108 67.37430167597768
 43 69.38547486033519
 31 71.39664804469274
 59 73.40782122905028
 11 75.41899441340783
 14 77.43016759776538
 3 79.44134078212289
 1 81.45251396648047
 1 83.46368715083798
 9 85.47486033519556
 16 87.48603351955308
 7436 89.49720670391065
 9 91.50837988826817
 8 93.51955307262574
 5 95.53072625698326
 4 97.54189944134077
 5 99.55307262569835
 11 101.5642458100559
 27 103.5754189944134
 41 105.586592178771
 16 107.5977653631285
 131 109.608938547486
 124 111.6201117318436
 124 113.6312849162011
 2 115.6424581005587
 178 117.6536312849162
 162 119.6648044692737
 120 121.6759776536313
 205 123.6871508379888
 163 125.6983240223464
 87 127.7094972067039
 133 129.7206703910614
 199 131.731843575419
 1 133.7430167597765
 115 135.7541899441341
 185 137.7653631284916
 96 139.7765363128492
 144 141.7877094972067
 452 143.7988826815642
 109 145.8100558659218
 188 147.8212290502793
 62 149.8324022346369
 149 151.8435754189944
 58 153.854748603352
 449 155.8659217877095
 53 157.8770949720671
 137 159.8882681564246
 70 161.8994413407821
 38 163.9106145251397
 19 165.9217877094972
 141 167.9329608938548
 172 169.9441340782123
 323 171.9553072625699
 6 173.9664804469274
 163 175.9776536312849
 4 177.9888268156425
 0 180


