# Created by Octave 3.8.2, Mon Jun 22 02:27:55 2020 CEST <damian@fptrucha.inv.usc.es>
# name: hd
# type: matrix
# rows: 180
# columns: 2
 1 -180
 6 -177.9888268156425
 0 -175.9776536312849
 4 -173.9664804469274
 4 -171.9553072625698
 2 -169.9441340782123
 1 -167.9329608938548
 0 -165.9217877094972
 1 -163.9106145251397
 1 -161.8994413407821
 0 -159.8882681564246
 2 -157.877094972067
 0 -155.8659217877095
 0 -153.854748603352
 1 -151.8435754189944
 1 -149.8324022346369
 2 -147.8212290502793
 2 -145.8100558659218
 0 -143.7988826815642
 0 -141.7877094972067
 1 -139.7765363128491
 0 -137.7653631284916
 0 -135.7541899441341
 1 -133.7430167597765
 1 -131.731843575419
 2 -129.7206703910614
 6 -127.7094972067039
 0 -125.6983240223464
 1 -123.6871508379888
 0 -121.6759776536313
 0 -119.6648044692737
 1 -117.6536312849162
 0 -115.6424581005587
 8 -113.6312849162011
 1 -111.6201117318436
 1 -109.608938547486
 2 -107.5977653631285
 0 -105.5865921787709
 1 -103.5754189944134
 0 -101.5642458100559
 0 -99.55307262569832
 1 -97.54189944134077
 0 -95.53072625698323
 0 -93.5195530726257
 56 -91.50837988826815
 0 -89.49720670391061
 1 -87.48603351955308
 1 -85.47486033519553
 1 -83.46368715083798
 1 -81.45251396648044
 0 -79.44134078212289
 0 -77.43016759776536
 0 -75.41899441340782
 0 -73.40782122905027
 0 -71.39664804469274
 3 -69.38547486033519
 6 -67.37430167597765
 0 -65.3631284916201
 0 -63.35195530726256
 1 -61.34078212290503
 0 -59.32960893854748
 0 -57.31843575418993
 1 -55.3072625698324
 2 -53.29608938547486
 6 -51.28491620111731
 1 -49.27374301675977
 0 -47.26256983240222
 2 -45.25139664804468
 2 -43.24022346368713
 0 -41.22905027932961
 1 -39.21787709497207
 1 -37.20670391061452
 3 -35.19553072625698
 0 -33.18435754189943
 0 -31.17318435754188
 0 -29.16201117318434
 0 -27.15083798882682
 1 -25.13966480446928
 2 -23.12849162011173
 2 -21.11731843575419
 0 -19.10614525139664
 0 -17.09497206703909
 2 -15.08379888268155
 1 -13.072625698324
 0 -11.06145251396646
 10 -9.050279329608941
 1 -7.039106145251395
 7 -5.02793296089385
 1 -3.016759776536304
 1 -1.005586592178759
 1 1.005586592178787
 0 3.016759776536333
 0 5.02793296089385
 0 7.039106145251395
 0 9.050279329608941
 0 11.06145251396649
 0 13.07262569832403
 0 15.08379888268158
 0 17.09497206703912
 0 19.10614525139667
 1 21.11731843575421
 4 23.12849162011173
 0 25.13966480446928
 1 27.15083798882682
 1 29.16201117318437
 0 31.17318435754191
 0 33.18435754189946
 0 35.195530726257
 2 37.20670391061452
 1 39.21787709497207
 3 41.22905027932961
 0 43.24022346368716
 0 45.2513966480447
 0 47.26256983240225
 0 49.27374301675979
 0 51.28491620111734
 0 53.29608938547489
 1 55.3072625698324
 2 57.31843575418995
 2 59.32960893854749
 0 61.34078212290504
 4 63.35195530726259
 0 65.36312849162013
 0 67.37430167597768
 0 69.38547486033519
 0 71.39664804469274
 0 73.40782122905028
 0 75.41899441340783
 2 77.43016759776538
 0 79.44134078212289
 0 81.45251396648047
 3 83.46368715083798
 0 85.47486033519556
 1 87.48603351955308
 19 89.49720670391065
 0 91.50837988826817
 1 93.51955307262574
 0 95.53072625698326
 0 97.54189944134077
 0 99.55307262569835
 0 101.5642458100559
 0 103.5754189944134
 1 105.586592178771
 1 107.5977653631285
 0 109.608938547486
 0 111.6201117318436
 2 113.6312849162011
 0 115.6424581005587
 0 117.6536312849162
 1 119.6648044692737
 3 121.6759776536313
 1 123.6871508379888
 0 125.6983240223464
 1 127.7094972067039
 1 129.7206703910614
 4 131.731843575419
 0 133.7430167597765
 1 135.7541899441341
 5 137.7653631284916
 0 139.7765363128492
 0 141.7877094972067
 0 143.7988826815642
 0 145.8100558659218
 1 147.8212290502793
 0 149.8324022346369
 1 151.8435754189944
 4 153.854748603352
 1 155.8659217877095
 1 157.8770949720671
 0 159.8882681564246
 0 161.8994413407821
 0 163.9106145251397
 0 165.9217877094972
 0 167.9329608938548
 0 169.9441340782123
 0 171.9553072625699
 0 173.9664804469274
 0 175.9776536312849
 0 177.9888268156425
 0 180


