# Created by Octave 3.8.2, Mon Jun 22 11:46:20 2020 CEST <damian@fptrucha.inv.usc.es>
# name: hd
# type: matrix
# rows: 180
# columns: 2
 7 -180
 185 -177.9888268156425
 2 -175.9776536312849
 346 -173.9664804469274
 219 -171.9553072625698
 116 -169.9441340782123
 34 -167.9329608938548
 34 -165.9217877094972
 82 -163.9106145251397
 175 -161.8994413407821
 36 -159.8882681564246
 556 -157.877094972067
 70 -155.8659217877095
 137 -153.854748603352
 44 -151.8435754189944
 67 -149.8324022346369
 220 -147.8212290502793
 563 -145.8100558659218
 121 -143.7988826815642
 84 -141.7877094972067
 181 -139.7765363128491
 83 -137.7653631284916
 5 -135.7541899441341
 178 -133.7430167597765
 162 -131.731843575419
 89 -129.7206703910614
 161 -127.7094972067039
 206 -125.6983240223464
 93 -123.6871508379888
 148 -121.6759776536313
 187 -119.6648044692737
 2 -117.6536312849162
 111 -115.6424581005587
 116 -113.6312849162011
 105 -111.6201117318436
 16 -109.608938547486
 43 -107.5977653631285
 19 -105.5865921787709
 17 -103.5754189944134
 2 -101.5642458100559
 1 -99.55307262569832
 0 -97.54189944134077
 1 -95.53072625698323
 7 -93.5195530726257
 7690 -91.50837988826815
 22 -89.49720670391061
 6 -87.48603351955308
 2 -85.47486033519553
 2 -83.46368715083798
 2 -81.45251396648044
 12 -79.44134078212289
 10 -77.43016759776536
 45 -75.41899441340782
 27 -73.40782122905027
 41 -71.39664804469274
 107 -69.38547486033519
 67 -67.37430167597765
 119 -65.3631284916201
 58 -63.35195530726256
 246 -61.34078212290503
 154 -59.32960893854748
 207 -57.31843575418993
 95 -55.3072625698324
 78 -53.29608938547486
 268 -51.28491620111731
 45 -49.27374301675977
 107 -47.26256983240222
 3 -45.25139664804468
 287 -43.24022346368713
 8 -41.22905027932961
 153 -39.21787709497207
 292 -37.20670391061452
 449 -35.19553072625698
 111 -33.18435754189943
 65 -31.17318435754188
 162 -29.16201117318434
 7 -27.15083798882682
 65 -25.13966480446928
 568 -23.12849162011173
 132 -21.11731843575419
 55 -19.10614525139664
 12 -17.09497206703909
 38 -15.08379888268155
 155 -13.072625698324
 9 -11.06145251396646
 566 -9.050279329608941
 6 -7.039106145251395
 130 -5.02793296089385
 17 -3.016759776536304
 4 -1.005586592178759
 14 1.005586592178787
 117 3.016759776536333
 5 5.02793296089385
 536 7.039106145251395
 8 9.050279329608941
 135 11.06145251396649
 33 13.07262569832403
 12 15.08379888268158
 45 17.09497206703912
 123 19.10614525139667
 507 21.11731843575421
 64 23.12849162011173
 85 25.13966480446928
 91 27.15083798882682
 62 29.16201117318437
 212 31.17318435754191
 324 33.18435754189946
 241 35.195530726257
 152 37.20670391061452
 39 39.21787709497207
 249 41.22905027932961
 4 43.24022346368716
 128 45.2513966480447
 67 47.26256983240225
 232 49.27374301675979
 95 51.28491620111734
 208 53.29608938547489
 91 55.3072625698324
 168 57.31843575418995
 285 59.32960893854749
 71 61.34078212290504
 106 63.35195530726259
 70 65.36312849162013
 114 67.37430167597768
 44 69.38547486033519
 25 71.39664804469274
 43 73.40782122905028
 5 75.41899441340783
 2 77.43016759776538
 6 79.44134078212289
 3 81.45251396648047
 0 83.46368715083798
 8 85.47486033519556
 16 87.48603351955308
 7566 89.49720670391065
 10 91.50837988826817
 5 93.51955307262574
 2 95.53072625698326
 0 97.54189944134077
 2 99.55307262569835
 15 101.5642458100559
 22 103.5754189944134
 38 105.586592178771
 27 107.5977653631285
 104 109.608938547486
 132 111.6201117318436
 109 113.6312849162011
 2 115.6424581005587
 215 117.6536312849162
 184 119.6648044692737
 95 121.6759776536313
 165 123.6871508379888
 204 125.6983240223464
 85 127.7094972067039
 152 129.7206703910614
 174 131.731843575419
 2 133.7430167597765
 120 135.7541899441341
 178 137.7653631284916
 93 139.7765363128492
 151 141.7877094972067
 473 143.7988826815642
 117 145.8100558659218
 213 147.8212290502793
 45 149.8324022346369
 122 151.8435754189944
 62 153.854748603352
 469 155.8659217877095
 60 157.8770949720671
 151 159.8882681564246
 74 161.8994413407821
 54 163.9106145251397
 23 165.9217877094972
 145 167.9329608938548
 239 169.9441340782123
 359 171.9553072625699
 5 173.9664804469274
 159 175.9776536312849
 7 177.9888268156425
 0 180


