# Created by Octave 3.8.2, Sun Jun 21 07:32:12 2020 CEST <damian@fptrucha.inv.usc.es>
# name: hd
# type: matrix
# rows: 180
# columns: 2
 2 -180
 160 -177.9888268156425
 6 -175.9776536312849
 319 -173.9664804469274
 223 -171.9553072625698
 142 -169.9441340782123
 20 -167.9329608938548
 31 -165.9217877094972
 55 -163.9106145251397
 169 -161.8994413407821
 39 -159.8882681564246
 603 -157.877094972067
 55 -155.8659217877095
 117 -153.854748603352
 31 -151.8435754189944
 72 -149.8324022346369
 187 -147.8212290502793
 567 -145.8100558659218
 124 -143.7988826815642
 78 -141.7877094972067
 168 -139.7765363128491
 97 -137.7653631284916
 2 -135.7541899441341
 152 -133.7430167597765
 155 -131.731843575419
 71 -129.7206703910614
 166 -127.7094972067039
 199 -125.6983240223464
 104 -123.6871508379888
 175 -121.6759776536313
 181 -119.6648044692737
 6 -117.6536312849162
 97 -115.6424581005587
 115 -113.6312849162011
 110 -111.6201117318436
 19 -109.608938547486
 24 -107.5977653631285
 27 -105.5865921787709
 12 -103.5754189944134
 3 -101.5642458100559
 0 -99.55307262569832
 1 -97.54189944134077
 2 -95.53072625698323
 3 -93.5195530726257
 8043 -91.50837988826815
 6 -89.49720670391061
 6 -87.48603351955308
 2 -85.47486033519553
 0 -83.46368715083798
 0 -81.45251396648044
 3 -79.44134078212289
 4 -77.43016759776536
 45 -75.41899441340782
 24 -73.40782122905027
 49 -71.39664804469274
 90 -69.38547486033519
 85 -67.37430167597765
 82 -65.3631284916201
 47 -63.35195530726256
 244 -61.34078212290503
 145 -59.32960893854748
 217 -57.31843575418993
 90 -55.3072625698324
 93 -53.29608938547486
 232 -51.28491620111731
 57 -49.27374301675977
 105 -47.26256983240222
 1 -45.25139664804468
 254 -43.24022346368713
 1 -41.22905027932961
 154 -39.21787709497207
 327 -37.20670391061452
 458 -35.19553072625698
 102 -33.18435754189943
 61 -31.17318435754188
 151 -29.16201117318434
 12 -27.15083798882682
 62 -25.13966480446928
 620 -23.12849162011173
 113 -21.11731843575419
 41 -19.10614525139664
 9 -17.09497206703909
 36 -15.08379888268155
 152 -13.072625698324
 3 -11.06145251396646
 559 -9.050279329608941
 3 -7.039106145251395
 121 -5.02793296089385
 15 -3.016759776536304
 2 -1.005586592178759
 12 1.005586592178787
 112 3.016759776536333
 1 5.02793296089385
 538 7.039106145251395
 10 9.050279329608941
 136 11.06145251396649
 36 13.07262569832403
 12 15.08379888268158
 68 17.09497206703912
 108 19.10614525139667
 517 21.11731843575421
 53 23.12849162011173
 93 25.13966480446928
 107 27.15083798882682
 47 29.16201117318437
 229 31.17318435754191
 319 33.18435754189946
 246 35.195530726257
 162 37.20670391061452
 27 39.21787709497207
 274 41.22905027932961
 1 43.24022346368716
 129 45.2513966480447
 52 47.26256983240225
 224 49.27374301675979
 86 51.28491620111734
 170 53.29608938547489
 81 55.3072625698324
 157 57.31843575418995
 240 59.32960893854749
 70 61.34078212290504
 105 63.35195530726259
 67 65.36312849162013
 104 67.37430167597768
 34 69.38547486033519
 26 71.39664804469274
 37 73.40782122905028
 4 75.41899441340783
 2 77.43016759776538
 4 79.44134078212289
 0 81.45251396648047
 4 83.46368715083798
 3 85.47486033519556
 12 87.48603351955308
 7509 89.49720670391065
 4 91.50837988826817
 2 93.51955307262574
 0 95.53072625698326
 1 97.54189944134077
 1 99.55307262569835
 7 101.5642458100559
 24 103.5754189944134
 42 105.586592178771
 20 107.5977653631285
 99 109.608938547486
 111 111.6201117318436
 130 113.6312849162011
 5 115.6424581005587
 192 117.6536312849162
 168 119.6648044692737
 94 121.6759776536313
 169 123.6871508379888
 152 125.6983240223464
 80 127.7094972067039
 160 129.7206703910614
 149 131.731843575419
 5 133.7430167597765
 122 135.7541899441341
 160 137.7653631284916
 100 139.7765363128492
 137 141.7877094972067
 470 143.7988826815642
 119 145.8100558659218
 198 147.8212290502793
 51 149.8324022346369
 162 151.8435754189944
 57 153.854748603352
 440 155.8659217877095
 42 157.8770949720671
 112 159.8882681564246
 56 161.8994413407821
 55 163.9106145251397
 7 165.9217877094972
 103 167.9329608938548
 203 169.9441340782123
 316 171.9553072625699
 0 173.9664804469274
 139 175.9776536312849
 3 177.9888268156425
 0 180


