# Created by Octave 3.8.2, Sat Jun 20 15:08:13 2020 CEST <damian@fptrucha.inv.usc.es>
# name: hd
# type: matrix
# rows: 180
# columns: 2
 5 -180
 162 -177.9888268156425
 1 -175.9776536312849
 364 -173.9664804469274
 257 -171.9553072625698
 135 -169.9441340782123
 29 -167.9329608938548
 30 -165.9217877094972
 53 -163.9106145251397
 168 -161.8994413407821
 49 -159.8882681564246
 679 -157.877094972067
 71 -155.8659217877095
 107 -153.854748603352
 38 -151.8435754189944
 59 -149.8324022346369
 218 -147.8212290502793
 649 -145.8100558659218
 113 -143.7988826815642
 96 -141.7877094972067
 139 -139.7765363128491
 92 -137.7653631284916
 1 -135.7541899441341
 166 -133.7430167597765
 159 -131.731843575419
 80 -129.7206703910614
 172 -127.7094972067039
 219 -125.6983240223464
 90 -123.6871508379888
 185 -121.6759776536313
 180 -119.6648044692737
 2 -117.6536312849162
 72 -115.6424581005587
 101 -113.6312849162011
 124 -111.6201117318436
 30 -109.608938547486
 30 -107.5977653631285
 20 -105.5865921787709
 8 -103.5754189944134
 2 -101.5642458100559
 0 -99.55307262569832
 2 -97.54189944134077
 2 -95.53072625698323
 6 -93.5195530726257
 8379 -91.50837988826815
 7 -89.49720670391061
 4 -87.48603351955308
 0 -85.47486033519553
 0 -83.46368715083798
 0 -81.45251396648044
 1 -79.44134078212289
 6 -77.43016759776536
 43 -75.41899441340782
 22 -73.40782122905027
 45 -71.39664804469274
 116 -69.38547486033519
 70 -67.37430167597765
 89 -65.3631284916201
 49 -63.35195530726256
 288 -61.34078212290503
 154 -59.32960893854748
 226 -57.31843575418993
 83 -55.3072625698324
 92 -53.29608938547486
 201 -51.28491620111731
 56 -49.27374301675977
 93 -47.26256983240222
 1 -45.25139664804468
 259 -43.24022346368713
 2 -41.22905027932961
 164 -39.21787709497207
 308 -37.20670391061452
 504 -35.19553072625698
 116 -33.18435754189943
 56 -31.17318435754188
 151 -29.16201117318434
 6 -27.15083798882682
 62 -25.13966480446928
 671 -23.12849162011173
 144 -21.11731843575419
 59 -19.10614525139664
 13 -17.09497206703909
 41 -15.08379888268155
 169 -13.072625698324
 4 -11.06145251396646
 599 -9.050279329608941
 5 -7.039106145251395
 126 -5.02793296089385
 19 -3.016759776536304
 0 -1.005586592178759
 28 1.005586592178787
 138 3.016759776536333
 1 5.02793296089385
 536 7.039106145251395
 7 9.050279329608941
 119 11.06145251396649
 48 13.07262569832403
 10 15.08379888268158
 75 17.09497206703912
 117 19.10614525139667
 502 21.11731843575421
 58 23.12849162011173
 102 25.13966480446928
 115 27.15083798882682
 61 29.16201117318437
 246 31.17318435754191
 274 33.18435754189946
 214 35.195530726257
 163 37.20670391061452
 39 39.21787709497207
 294 41.22905027932961
 0 43.24022346368716
 117 45.2513966480447
 70 47.26256983240225
 249 49.27374301675979
 88 51.28491620111734
 230 53.29608938547489
 86 55.3072625698324
 133 57.31843575418995
 270 59.32960893854749
 70 61.34078212290504
 112 63.35195530726259
 81 65.36312849162013
 114 67.37430167597768
 53 69.38547486033519
 31 71.39664804469274
 46 73.40782122905028
 6 75.41899441340783
 7 77.43016759776538
 0 79.44134078212289
 2 81.45251396648047
 1 83.46368715083798
 4 85.47486033519556
 9 87.48603351955308
 8033 89.49720670391065
 5 91.50837988826817
 4 93.51955307262574
 1 95.53072625698326
 0 97.54189944134077
 1 99.55307262569835
 11 101.5642458100559
 18 103.5754189944134
 34 105.586592178771
 24 107.5977653631285
 124 109.608938547486
 119 111.6201117318436
 148 113.6312849162011
 2 115.6424581005587
 234 117.6536312849162
 186 119.6648044692737
 105 121.6759776536313
 198 123.6871508379888
 172 125.6983240223464
 73 127.7094972067039
 174 129.7206703910614
 180 131.731843575419
 2 133.7430167597765
 108 135.7541899441341
 166 137.7653631284916
 98 139.7765363128492
 124 141.7877094972067
 470 143.7988826815642
 144 145.8100558659218
 192 147.8212290502793
 45 149.8324022346369
 161 151.8435754189944
 75 153.854748603352
 425 155.8659217877095
 45 157.8770949720671
 106 159.8882681564246
 63 161.8994413407821
 55 163.9106145251397
 24 165.9217877094972
 138 167.9329608938548
 230 169.9441340782123
 359 171.9553072625699
 1 173.9664804469274
 176 175.9776536312849
 2 177.9888268156425
 0 180


