# Created by Octave 3.8.2, Mon Jun 22 00:23:59 2020 CEST <damian@fptrucha.inv.usc.es>
# name: hd
# type: matrix
# rows: 180
# columns: 2
 2 -180
 156 -177.9888268156425
 2 -175.9776536312849
 342 -173.9664804469274
 229 -171.9553072625698
 155 -169.9441340782123
 24 -167.9329608938548
 33 -165.9217877094972
 58 -163.9106145251397
 154 -161.8994413407821
 38 -159.8882681564246
 641 -157.877094972067
 46 -155.8659217877095
 108 -153.854748603352
 43 -151.8435754189944
 72 -149.8324022346369
 198 -147.8212290502793
 642 -145.8100558659218
 127 -143.7988826815642
 100 -141.7877094972067
 173 -139.7765363128491
 104 -137.7653631284916
 0 -135.7541899441341
 160 -133.7430167597765
 150 -131.731843575419
 85 -129.7206703910614
 174 -127.7094972067039
 208 -125.6983240223464
 91 -123.6871508379888
 191 -121.6759776536313
 174 -119.6648044692737
 2 -117.6536312849162
 121 -115.6424581005587
 114 -113.6312849162011
 128 -111.6201117318436
 21 -109.608938547486
 33 -107.5977653631285
 21 -105.5865921787709
 5 -103.5754189944134
 6 -101.5642458100559
 0 -99.55307262569832
 0 -97.54189944134077
 4 -95.53072625698323
 4 -93.5195530726257
 8190 -91.50837988826815
 11 -89.49720670391061
 1 -87.48603351955308
 0 -85.47486033519553
 0 -83.46368715083798
 1 -81.45251396648044
 11 -79.44134078212289
 4 -77.43016759776536
 48 -75.41899441340782
 20 -73.40782122905027
 42 -71.39664804469274
 115 -69.38547486033519
 76 -67.37430167597765
 114 -65.3631284916201
 57 -63.35195530726256
 237 -61.34078212290503
 159 -59.32960893854748
 222 -57.31843575418993
 92 -55.3072625698324
 84 -53.29608938547486
 249 -51.28491620111731
 57 -49.27374301675977
 116 -47.26256983240222
 1 -45.25139664804468
 234 -43.24022346368713
 6 -41.22905027932961
 151 -39.21787709497207
 311 -37.20670391061452
 470 -35.19553072625698
 93 -33.18435754189943
 73 -31.17318435754188
 147 -29.16201117318434
 5 -27.15083798882682
 64 -25.13966480446928
 646 -23.12849162011173
 125 -21.11731843575419
 54 -19.10614525139664
 10 -17.09497206703909
 38 -15.08379888268155
 168 -13.072625698324
 8 -11.06145251396646
 601 -9.050279329608941
 2 -7.039106145251395
 143 -5.02793296089385
 22 -3.016759776536304
 2 -1.005586592178759
 25 1.005586592178787
 116 3.016759776536333
 7 5.02793296089385
 586 7.039106145251395
 11 9.050279329608941
 146 11.06145251396649
 56 13.07262569832403
 10 15.08379888268158
 65 17.09497206703912
 130 19.10614525139667
 541 21.11731843575421
 55 23.12849162011173
 100 25.13966480446928
 106 27.15083798882682
 46 29.16201117318437
 228 31.17318435754191
 333 33.18435754189946
 236 35.195530726257
 159 37.20670391061452
 39 39.21787709497207
 273 41.22905027932961
 2 43.24022346368716
 121 45.2513966480447
 45 47.26256983240225
 243 49.27374301675979
 90 51.28491620111734
 196 53.29608938547489
 80 55.3072625698324
 143 57.31843575418995
 271 59.32960893854749
 57 61.34078212290504
 111 63.35195530726259
 71 65.36312849162013
 115 67.37430167597768
 38 69.38547486033519
 21 71.39664804469274
 54 73.40782122905028
 5 75.41899441340783
 10 77.43016759776538
 1 79.44134078212289
 0 81.45251396648047
 1 83.46368715083798
 5 85.47486033519556
 8 87.48603351955308
 7676 89.49720670391065
 4 91.50837988826817
 0 93.51955307262574
 2 95.53072625698326
 1 97.54189944134077
 5 99.55307262569835
 12 101.5642458100559
 15 103.5754189944134
 36 105.586592178771
 21 107.5977653631285
 102 109.608938547486
 104 111.6201117318436
 122 113.6312849162011
 0 115.6424581005587
 232 117.6536312849162
 169 119.6648044692737
 100 121.6759776536313
 167 123.6871508379888
 176 125.6983240223464
 90 127.7094972067039
 178 129.7206703910614
 186 131.731843575419
 3 133.7430167597765
 134 135.7541899441341
 161 137.7653631284916
 95 139.7765363128492
 141 141.7877094972067
 450 143.7988826815642
 137 145.8100558659218
 226 147.8212290502793
 42 149.8324022346369
 157 151.8435754189944
 65 153.854748603352
 454 155.8659217877095
 53 157.8770949720671
 118 159.8882681564246
 51 161.8994413407821
 58 163.9106145251397
 19 165.9217877094972
 119 167.9329608938548
 232 169.9441340782123
 338 171.9553072625699
 2 173.9664804469274
 154 175.9776536312849
 3 177.9888268156425
 0 180


