# Created by Octave 3.8.2, Sat Jun 20 04:29:41 2020 CEST <damian@fptrucha.inv.usc.es>
# name: hd
# type: matrix
# rows: 180
# columns: 2
 5 -180
 193 -177.9888268156425
 2 -175.9776536312849
 350 -173.9664804469274
 255 -171.9553072625698
 173 -169.9441340782123
 24 -167.9329608938548
 33 -165.9217877094972
 66 -163.9106145251397
 176 -161.8994413407821
 53 -159.8882681564246
 687 -157.877094972067
 82 -155.8659217877095
 140 -153.854748603352
 44 -151.8435754189944
 81 -149.8324022346369
 247 -147.8212290502793
 727 -145.8100558659218
 154 -143.7988826815642
 103 -141.7877094972067
 203 -139.7765363128491
 130 -137.7653631284916
 2 -135.7541899441341
 195 -133.7430167597765
 204 -131.731843575419
 88 -129.7206703910614
 218 -127.7094972067039
 242 -125.6983240223464
 115 -123.6871508379888
 242 -121.6759776536313
 230 -119.6648044692737
 6 -117.6536312849162
 129 -115.6424581005587
 130 -113.6312849162011
 150 -111.6201117318436
 21 -109.608938547486
 35 -107.5977653631285
 29 -105.5865921787709
 16 -103.5754189944134
 1 -101.5642458100559
 2 -99.55307262569832
 0 -97.54189944134077
 5 -95.53072625698323
 10 -93.5195530726257
 9346 -91.50837988826815
 9 -89.49720670391061
 2 -87.48603351955308
 1 -85.47486033519553
 0 -83.46368715083798
 1 -81.45251396648044
 10 -79.44134078212289
 6 -77.43016759776536
 59 -75.41899441340782
 28 -73.40782122905027
 54 -71.39664804469274
 135 -69.38547486033519
 98 -67.37430167597765
 108 -65.3631284916201
 58 -63.35195530726256
 285 -61.34078212290503
 166 -59.32960893854748
 254 -57.31843575418993
 102 -55.3072625698324
 88 -53.29608938547486
 259 -51.28491620111731
 61 -49.27374301675977
 115 -47.26256983240222
 2 -45.25139664804468
 327 -43.24022346368713
 6 -41.22905027932961
 192 -39.21787709497207
 351 -37.20670391061452
 513 -35.19553072625698
 139 -33.18435754189943
 59 -31.17318435754188
 176 -29.16201117318434
 13 -27.15083798882682
 63 -25.13966480446928
 688 -23.12849162011173
 129 -21.11731843575419
 57 -19.10614525139664
 12 -17.09497206703909
 30 -15.08379888268155
 176 -13.072625698324
 8 -11.06145251396646
 629 -9.050279329608941
 2 -7.039106145251395
 146 -5.02793296089385
 30 -3.016759776536304
 4 -1.005586592178759
 26 1.005586592178787
 134 3.016759776536333
 4 5.02793296089385
 637 7.039106145251395
 11 9.050279329608941
 151 11.06145251396649
 42 13.07262569832403
 9 15.08379888268158
 60 17.09497206703912
 113 19.10614525139667
 571 21.11731843575421
 58 23.12849162011173
 87 25.13966480446928
 111 27.15083798882682
 48 29.16201117318437
 236 31.17318435754191
 382 33.18435754189946
 284 35.195530726257
 167 37.20670391061452
 36 39.21787709497207
 332 41.22905027932961
 1 43.24022346368716
 117 45.2513966480447
 57 47.26256983240225
 221 49.27374301675979
 92 51.28491620111734
 182 53.29608938547489
 90 55.3072625698324
 144 57.31843575418995
 248 59.32960893854749
 65 61.34078212290504
 122 63.35195530726259
 81 65.36312849162013
 123 67.37430167597768
 50 69.38547486033519
 19 71.39664804469274
 44 73.40782122905028
 9 75.41899441340783
 9 77.43016759776538
 3 79.44134078212289
 0 81.45251396648047
 1 83.46368715083798
 3 85.47486033519556
 13 87.48603351955308
 8176 89.49720670391065
 6 91.50837988826817
 2 93.51955307262574
 0 95.53072625698326
 0 97.54189944134077
 8 99.55307262569835
 7 101.5642458100559
 17 103.5754189944134
 42 105.586592178771
 18 107.5977653631285
 100 109.608938547486
 135 111.6201117318436
 126 113.6312849162011
 3 115.6424581005587
 184 117.6536312849162
 173 119.6648044692737
 92 121.6759776536313
 193 123.6871508379888
 163 125.6983240223464
 76 127.7094972067039
 158 129.7206703910614
 173 131.731843575419
 1 133.7430167597765
 121 135.7541899441341
 186 137.7653631284916
 120 139.7765363128492
 142 141.7877094972067
 509 143.7988826815642
 122 145.8100558659218
 222 147.8212290502793
 44 149.8324022346369
 172 151.8435754189944
 67 153.854748603352
 531 155.8659217877095
 57 157.8770949720671
 147 159.8882681564246
 72 161.8994413407821
 52 163.9106145251397
 10 165.9217877094972
 137 167.9329608938548
 274 169.9441340782123
 403 171.9553072625699
 1 173.9664804469274
 163 175.9776536312849
 4 177.9888268156425
 0 180


