# Created by Octave 3.8.2, Mon Jun 22 16:08:16 2020 CEST <damian@fptrucha.inv.usc.es>
# name: hd
# type: matrix
# rows: 180
# columns: 2
 4 -180
 167 -177.9888268156425
 7 -175.9776536312849
 358 -173.9664804469274
 258 -171.9553072625698
 139 -169.9441340782123
 33 -167.9329608938548
 45 -165.9217877094972
 80 -163.9106145251397
 184 -161.8994413407821
 52 -159.8882681564246
 604 -157.877094972067
 66 -155.8659217877095
 117 -153.854748603352
 53 -151.8435754189944
 79 -149.8324022346369
 227 -147.8212290502793
 611 -145.8100558659218
 116 -143.7988826815642
 116 -141.7877094972067
 181 -139.7765363128491
 97 -137.7653631284916
 2 -135.7541899441341
 188 -133.7430167597765
 192 -131.731843575419
 78 -129.7206703910614
 164 -127.7094972067039
 231 -125.6983240223464
 113 -123.6871508379888
 181 -121.6759776536313
 189 -119.6648044692737
 5 -117.6536312849162
 118 -115.6424581005587
 126 -113.6312849162011
 149 -111.6201117318436
 19 -109.608938547486
 47 -107.5977653631285
 28 -105.5865921787709
 11 -103.5754189944134
 5 -101.5642458100559
 1 -99.55307262569832
 1 -97.54189944134077
 6 -95.53072625698323
 7 -93.5195530726257
 8219 -91.50837988826815
 15 -89.49720670391061
 8 -87.48603351955308
 0 -85.47486033519553
 2 -83.46368715083798
 2 -81.45251396648044
 8 -79.44134078212289
 8 -77.43016759776536
 45 -75.41899441340782
 35 -73.40782122905027
 42 -71.39664804469274
 118 -69.38547486033519
 76 -67.37430167597765
 112 -65.3631284916201
 48 -63.35195530726256
 234 -61.34078212290503
 160 -59.32960893854748
 198 -57.31843575418993
 95 -55.3072625698324
 74 -53.29608938547486
 245 -51.28491620111731
 60 -49.27374301675977
 114 -47.26256983240222
 4 -45.25139664804468
 296 -43.24022346368713
 3 -41.22905027932961
 180 -39.21787709497207
 285 -37.20670391061452
 414 -35.19553072625698
 112 -33.18435754189943
 48 -31.17318435754188
 177 -29.16201117318434
 12 -27.15083798882682
 81 -25.13966480446928
 561 -23.12849162011173
 126 -21.11731843575419
 48 -19.10614525139664
 15 -17.09497206703909
 46 -15.08379888268155
 157 -13.072625698324
 9 -11.06145251396646
 568 -9.050279329608941
 2 -7.039106145251395
 155 -5.02793296089385
 20 -3.016759776536304
 4 -1.005586592178759
 18 1.005586592178787
 113 3.016759776536333
 1 5.02793296089385
 533 7.039106145251395
 12 9.050279329608941
 168 11.06145251396649
 43 13.07262569832403
 15 15.08379888268158
 50 17.09497206703912
 133 19.10614525139667
 571 21.11731843575421
 60 23.12849162011173
 83 25.13966480446928
 113 27.15083798882682
 68 29.16201117318437
 190 31.17318435754191
 333 33.18435754189946
 256 35.195530726257
 157 37.20670391061452
 37 39.21787709497207
 294 41.22905027932961
 2 43.24022346368716
 127 45.2513966480447
 70 47.26256983240225
 225 49.27374301675979
 85 51.28491620111734
 211 53.29608938547489
 89 55.3072625698324
 167 57.31843575418995
 263 59.32960893854749
 73 61.34078212290504
 143 63.35195530726259
 94 65.36312849162013
 122 67.37430167597768
 53 69.38547486033519
 37 71.39664804469274
 53 73.40782122905028
 11 75.41899441340783
 12 77.43016759776538
 5 79.44134078212289
 3 81.45251396648047
 1 83.46368715083798
 7 85.47486033519556
 22 87.48603351955308
 7880 89.49720670391065
 7 91.50837988826817
 2 93.51955307262574
 2 95.53072625698326
 1 97.54189944134077
 5 99.55307262569835
 22 101.5642458100559
 33 103.5754189944134
 51 105.586592178771
 25 107.5977653631285
 109 109.608938547486
 152 111.6201117318436
 145 113.6312849162011
 3 115.6424581005587
 225 117.6536312849162
 186 119.6648044692737
 112 121.6759776536313
 194 123.6871508379888
 183 125.6983240223464
 98 127.7094972067039
 164 129.7206703910614
 205 131.731843575419
 4 133.7430167597765
 127 135.7541899441341
 206 137.7653631284916
 111 139.7765363128492
 127 141.7877094972067
 507 143.7988826815642
 126 145.8100558659218
 223 147.8212290502793
 38 149.8324022346369
 141 151.8435754189944
 86 153.854748603352
 464 155.8659217877095
 45 157.8770949720671
 140 159.8882681564246
 79 161.8994413407821
 48 163.9106145251397
 24 165.9217877094972
 134 167.9329608938548
 212 169.9441340782123
 340 171.9553072625699
 5 173.9664804469274
 148 175.9776536312849
 3 177.9888268156425
 0 180


