# Created by Octave 3.8.2, Sun Jun 21 04:44:02 2020 CEST <damian@fptrucha.inv.usc.es>
# name: hd
# type: matrix
# rows: 180
# columns: 2
 3 -180
 149 -177.9888268156425
 1 -175.9776536312849
 379 -173.9664804469274
 245 -171.9553072625698
 148 -169.9441340782123
 18 -167.9329608938548
 49 -165.9217877094972
 53 -163.9106145251397
 169 -161.8994413407821
 30 -159.8882681564246
 616 -157.877094972067
 51 -155.8659217877095
 121 -153.854748603352
 44 -151.8435754189944
 59 -149.8324022346369
 213 -147.8212290502793
 597 -145.8100558659218
 139 -143.7988826815642
 87 -141.7877094972067
 152 -139.7765363128491
 112 -137.7653631284916
 2 -135.7541899441341
 154 -133.7430167597765
 153 -131.731843575419
 63 -129.7206703910614
 169 -127.7094972067039
 227 -125.6983240223464
 106 -123.6871508379888
 185 -121.6759776536313
 173 -119.6648044692737
 2 -117.6536312849162
 124 -115.6424581005587
 132 -113.6312849162011
 118 -111.6201117318436
 20 -109.608938547486
 41 -107.5977653631285
 28 -105.5865921787709
 11 -103.5754189944134
 0 -101.5642458100559
 0 -99.55307262569832
 0 -97.54189944134077
 2 -95.53072625698323
 3 -93.5195530726257
 8105 -91.50837988826815
 11 -89.49720670391061
 2 -87.48603351955308
 3 -85.47486033519553
 0 -83.46368715083798
 0 -81.45251396648044
 5 -79.44134078212289
 9 -77.43016759776536
 35 -75.41899441340782
 22 -73.40782122905027
 63 -71.39664804469274
 121 -69.38547486033519
 60 -67.37430167597765
 90 -65.3631284916201
 48 -63.35195530726256
 268 -61.34078212290503
 139 -59.32960893854748
 214 -57.31843575418993
 86 -55.3072625698324
 84 -53.29608938547486
 184 -51.28491620111731
 51 -49.27374301675977
 108 -47.26256983240222
 3 -45.25139664804468
 297 -43.24022346368713
 1 -41.22905027932961
 148 -39.21787709497207
 276 -37.20670391061452
 465 -35.19553072625698
 118 -33.18435754189943
 54 -31.17318435754188
 152 -29.16201117318434
 11 -27.15083798882682
 51 -25.13966480446928
 640 -23.12849162011173
 144 -21.11731843575419
 49 -19.10614525139664
 11 -17.09497206703909
 35 -15.08379888268155
 152 -13.072625698324
 7 -11.06145251396646
 580 -9.050279329608941
 2 -7.039106145251395
 126 -5.02793296089385
 13 -3.016759776536304
 5 -1.005586592178759
 25 1.005586592178787
 115 3.016759776536333
 3 5.02793296089385
 554 7.039106145251395
 7 9.050279329608941
 139 11.06145251396649
 52 13.07262569832403
 10 15.08379888268158
 57 17.09497206703912
 118 19.10614525139667
 505 21.11731843575421
 65 23.12849162011173
 96 25.13966480446928
 103 27.15083798882682
 56 29.16201117318437
 219 31.17318435754191
 268 33.18435754189946
 240 35.195530726257
 132 37.20670391061452
 28 39.21787709497207
 264 41.22905027932961
 1 43.24022346368716
 121 45.2513966480447
 64 47.26256983240225
 230 49.27374301675979
 79 51.28491620111734
 193 53.29608938547489
 83 55.3072625698324
 127 57.31843575418995
 239 59.32960893854749
 55 61.34078212290504
 97 63.35195530726259
 82 65.36312849162013
 101 67.37430167597768
 42 69.38547486033519
 27 71.39664804469274
 34 73.40782122905028
 4 75.41899441340783
 5 77.43016759776538
 0 79.44134078212289
 0 81.45251396648047
 0 83.46368715083798
 5 85.47486033519556
 9 87.48603351955308
 7579 89.49720670391065
 9 91.50837988826817
 4 93.51955307262574
 0 95.53072625698326
 2 97.54189944134077
 2 99.55307262569835
 11 101.5642458100559
 24 103.5754189944134
 36 105.586592178771
 19 107.5977653631285
 96 109.608938547486
 111 111.6201117318436
 118 113.6312849162011
 1 115.6424581005587
 200 117.6536312849162
 149 119.6648044692737
 82 121.6759776536313
 174 123.6871508379888
 186 125.6983240223464
 65 127.7094972067039
 158 129.7206703910614
 157 131.731843575419
 4 133.7430167597765
 102 135.7541899441341
 162 137.7653631284916
 102 139.7765363128492
 124 141.7877094972067
 453 143.7988826815642
 107 145.8100558659218
 212 147.8212290502793
 49 149.8324022346369
 147 151.8435754189944
 39 153.854748603352
 459 155.8659217877095
 47 157.8770949720671
 126 159.8882681564246
 64 161.8994413407821
 45 163.9106145251397
 20 165.9217877094972
 106 167.9329608938548
 249 169.9441340782123
 338 171.9553072625699
 1 173.9664804469274
 131 175.9776536312849
 3 177.9888268156425
 0 180


