# Created by Octave 3.8.2, Sat Jun 20 20:46:51 2020 CEST <damian@fptrucha.inv.usc.es>
# name: hd
# type: matrix
# rows: 180
# columns: 2
 2 -180
 154 -177.9888268156425
 2 -175.9776536312849
 396 -173.9664804469274
 241 -171.9553072625698
 153 -169.9441340782123
 27 -167.9329608938548
 48 -165.9217877094972
 42 -163.9106145251397
 154 -161.8994413407821
 57 -159.8882681564246
 625 -157.877094972067
 63 -155.8659217877095
 129 -153.854748603352
 59 -151.8435754189944
 57 -149.8324022346369
 200 -147.8212290502793
 621 -145.8100558659218
 132 -143.7988826815642
 84 -141.7877094972067
 157 -139.7765363128491
 88 -137.7653631284916
 1 -135.7541899441341
 167 -133.7430167597765
 163 -131.731843575419
 73 -129.7206703910614
 167 -127.7094972067039
 208 -125.6983240223464
 116 -123.6871508379888
 159 -121.6759776536313
 175 -119.6648044692737
 3 -117.6536312849162
 83 -115.6424581005587
 115 -113.6312849162011
 111 -111.6201117318436
 18 -109.608938547486
 26 -107.5977653631285
 25 -105.5865921787709
 18 -103.5754189944134
 5 -101.5642458100559
 1 -99.55307262569832
 0 -97.54189944134077
 1 -95.53072625698323
 4 -93.5195530726257
 7949 -91.50837988826815
 7 -89.49720670391061
 2 -87.48603351955308
 1 -85.47486033519553
 0 -83.46368715083798
 1 -81.45251396648044
 8 -79.44134078212289
 4 -77.43016759776536
 36 -75.41899441340782
 14 -73.40782122905027
 47 -71.39664804469274
 117 -69.38547486033519
 73 -67.37430167597765
 79 -65.3631284916201
 56 -63.35195530726256
 267 -61.34078212290503
 144 -59.32960893854748
 230 -57.31843575418993
 86 -55.3072625698324
 68 -53.29608938547486
 199 -51.28491620111731
 43 -49.27374301675977
 94 -47.26256983240222
 1 -45.25139664804468
 243 -43.24022346368713
 4 -41.22905027932961
 138 -39.21787709497207
 312 -37.20670391061452
 489 -35.19553072625698
 105 -33.18435754189943
 56 -31.17318435754188
 146 -29.16201117318434
 12 -27.15083798882682
 59 -25.13966480446928
 589 -23.12849162011173
 141 -21.11731843575419
 50 -19.10614525139664
 10 -17.09497206703909
 35 -15.08379888268155
 139 -13.072625698324
 4 -11.06145251396646
 561 -9.050279329608941
 1 -7.039106145251395
 122 -5.02793296089385
 20 -3.016759776536304
 2 -1.005586592178759
 17 1.005586592178787
 130 3.016759776536333
 0 5.02793296089385
 512 7.039106145251395
 11 9.050279329608941
 113 11.06145251396649
 39 13.07262569832403
 15 15.08379888268158
 53 17.09497206703912
 91 19.10614525139667
 468 21.11731843575421
 58 23.12849162011173
 97 25.13966480446928
 94 27.15083798882682
 59 29.16201117318437
 255 31.17318435754191
 297 33.18435754189946
 244 35.195530726257
 157 37.20670391061452
 39 39.21787709497207
 290 41.22905027932961
 3 43.24022346368716
 122 45.2513966480447
 62 47.26256983240225
 224 49.27374301675979
 75 51.28491620111734
 188 53.29608938547489
 67 55.3072625698324
 130 57.31843575418995
 239 59.32960893854749
 56 61.34078212290504
 114 63.35195530726259
 77 65.36312849162013
 104 67.37430167597768
 57 69.38547486033519
 26 71.39664804469274
 53 73.40782122905028
 3 75.41899441340783
 11 77.43016759776538
 1 79.44134078212289
 0 81.45251396648047
 2 83.46368715083798
 4 85.47486033519556
 10 87.48603351955308
 7638 89.49720670391065
 10 91.50837988826817
 1 93.51955307262574
 1 95.53072625698326
 0 97.54189944134077
 3 99.55307262569835
 15 101.5642458100559
 27 103.5754189944134
 37 105.586592178771
 20 107.5977653631285
 109 109.608938547486
 123 111.6201117318436
 109 113.6312849162011
 6 115.6424581005587
 224 117.6536312849162
 156 119.6648044692737
 93 121.6759776536313
 173 123.6871508379888
 156 125.6983240223464
 81 127.7094972067039
 174 129.7206703910614
 190 131.731843575419
 2 133.7430167597765
 112 135.7541899441341
 167 137.7653631284916
 123 139.7765363128492
 148 141.7877094972067
 492 143.7988826815642
 131 145.8100558659218
 183 147.8212290502793
 40 149.8324022346369
 172 151.8435754189944
 60 153.854748603352
 461 155.8659217877095
 55 157.8770949720671
 113 159.8882681564246
 71 161.8994413407821
 45 163.9106145251397
 12 165.9217877094972
 150 167.9329608938548
 221 169.9441340782123
 331 171.9553072625699
 2 173.9664804469274
 122 175.9776536312849
 5 177.9888268156425
 0 180


