# Created by Octave 3.8.2, Sun Jun 21 00:34:59 2020 CEST <damian@fptrucha.inv.usc.es>
# name: hd
# type: matrix
# rows: 180
# columns: 2
 2 -180
 140 -177.9888268156425
 1 -175.9776536312849
 349 -173.9664804469274
 211 -171.9553072625698
 156 -169.9441340782123
 23 -167.9329608938548
 34 -165.9217877094972
 51 -163.9106145251397
 179 -161.8994413407821
 49 -159.8882681564246
 583 -157.877094972067
 49 -155.8659217877095
 116 -153.854748603352
 25 -151.8435754189944
 52 -149.8324022346369
 189 -147.8212290502793
 570 -145.8100558659218
 128 -143.7988826815642
 85 -141.7877094972067
 194 -139.7765363128491
 84 -137.7653631284916
 0 -135.7541899441341
 151 -133.7430167597765
 156 -131.731843575419
 72 -129.7206703910614
 158 -127.7094972067039
 213 -125.6983240223464
 106 -123.6871508379888
 183 -121.6759776536313
 197 -119.6648044692737
 3 -117.6536312849162
 86 -115.6424581005587
 87 -113.6312849162011
 114 -111.6201117318436
 10 -109.608938547486
 32 -107.5977653631285
 21 -105.5865921787709
 13 -103.5754189944134
 2 -101.5642458100559
 0 -99.55307262569832
 0 -97.54189944134077
 0 -95.53072625698323
 4 -93.5195530726257
 7709 -91.50837988826815
 8 -89.49720670391061
 5 -87.48603351955308
 2 -85.47486033519553
 0 -83.46368715083798
 0 -81.45251396648044
 3 -79.44134078212289
 5 -77.43016759776536
 46 -75.41899441340782
 31 -73.40782122905027
 44 -71.39664804469274
 118 -69.38547486033519
 60 -67.37430167597765
 103 -65.3631284916201
 28 -63.35195530726256
 256 -61.34078212290503
 154 -59.32960893854748
 198 -57.31843575418993
 95 -55.3072625698324
 70 -53.29608938547486
 225 -51.28491620111731
 69 -49.27374301675977
 91 -47.26256983240222
 2 -45.25139664804468
 269 -43.24022346368713
 3 -41.22905027932961
 163 -39.21787709497207
 309 -37.20670391061452
 433 -35.19553072625698
 106 -33.18435754189943
 71 -31.17318435754188
 127 -29.16201117318434
 10 -27.15083798882682
 47 -25.13966480446928
 649 -23.12849162011173
 123 -21.11731843575419
 58 -19.10614525139664
 14 -17.09497206703909
 30 -15.08379888268155
 146 -13.072625698324
 7 -11.06145251396646
 570 -9.050279329608941
 1 -7.039106145251395
 113 -5.02793296089385
 21 -3.016759776536304
 3 -1.005586592178759
 22 1.005586592178787
 112 3.016759776536333
 1 5.02793296089385
 532 7.039106145251395
 6 9.050279329608941
 126 11.06145251396649
 48 13.07262569832403
 6 15.08379888268158
 70 17.09497206703912
 125 19.10614525139667
 478 21.11731843575421
 57 23.12849162011173
 95 25.13966480446928
 98 27.15083798882682
 45 29.16201117318437
 212 31.17318435754191
 336 33.18435754189946
 221 35.195530726257
 163 37.20670391061452
 38 39.21787709497207
 318 41.22905027932961
 1 43.24022346368716
 105 45.2513966480447
 63 47.26256983240225
 217 49.27374301675979
 86 51.28491620111734
 163 53.29608938547489
 72 55.3072625698324
 135 57.31843575418995
 258 59.32960893854749
 65 61.34078212290504
 107 63.35195530726259
 77 65.36312849162013
 121 67.37430167597768
 44 69.38547486033519
 25 71.39664804469274
 42 73.40782122905028
 6 75.41899441340783
 9 77.43016759776538
 1 79.44134078212289
 0 81.45251396648047
 2 83.46368715083798
 1 85.47486033519556
 15 87.48603351955308
 7676 89.49720670391065
 5 91.50837988826817
 4 93.51955307262574
 1 95.53072625698326
 0 97.54189944134077
 3 99.55307262569835
 6 101.5642458100559
 16 103.5754189944134
 46 105.586592178771
 14 107.5977653631285
 96 109.608938547486
 122 111.6201117318436
 141 113.6312849162011
 3 115.6424581005587
 211 117.6536312849162
 143 119.6648044692737
 88 121.6759776536313
 162 123.6871508379888
 188 125.6983240223464
 84 127.7094972067039
 160 129.7206703910614
 190 131.731843575419
 3 133.7430167597765
 105 135.7541899441341
 205 137.7653631284916
 101 139.7765363128492
 140 141.7877094972067
 456 143.7988826815642
 128 145.8100558659218
 209 147.8212290502793
 41 149.8324022346369
 160 151.8435754189944
 51 153.854748603352
 492 155.8659217877095
 44 157.8770949720671
 131 159.8882681564246
 60 161.8994413407821
 50 163.9106145251397
 16 165.9217877094972
 94 167.9329608938548
 217 169.9441340782123
 310 171.9553072625699
 1 173.9664804469274
 153 175.9776536312849
 2 177.9888268156425
 0 180


