# Created by Octave 3.8.2, Mon Jun 22 19:45:01 2020 CEST <damian@fptrucha.inv.usc.es>
# name: hd
# type: matrix
# rows: 180
# columns: 2
 5 -180
 178 -177.9888268156425
 7 -175.9776536312849
 349 -173.9664804469274
 257 -171.9553072625698
 151 -169.9441340782123
 40 -167.9329608938548
 54 -165.9217877094972
 56 -163.9106145251397
 158 -161.8994413407821
 49 -159.8882681564246
 599 -157.877094972067
 92 -155.8659217877095
 152 -153.854748603352
 46 -151.8435754189944
 85 -149.8324022346369
 248 -147.8212290502793
 599 -145.8100558659218
 156 -143.7988826815642
 114 -141.7877094972067
 204 -139.7765363128491
 145 -137.7653631284916
 4 -135.7541899441341
 188 -133.7430167597765
 172 -131.731843575419
 81 -129.7206703910614
 183 -127.7094972067039
 258 -125.6983240223464
 112 -123.6871508379888
 193 -121.6759776536313
 189 -119.6648044692737
 2 -117.6536312849162
 121 -115.6424581005587
 124 -113.6312849162011
 154 -111.6201117318436
 19 -109.608938547486
 56 -107.5977653631285
 26 -105.5865921787709
 14 -103.5754189944134
 4 -101.5642458100559
 1 -99.55307262569832
 3 -97.54189944134077
 8 -95.53072625698323
 7 -93.5195530726257
 8555 -91.50837988826815
 15 -89.49720670391061
 8 -87.48603351955308
 1 -85.47486033519553
 0 -83.46368715083798
 1 -81.45251396648044
 8 -79.44134078212289
 4 -77.43016759776536
 59 -75.41899441340782
 31 -73.40782122905027
 52 -71.39664804469274
 130 -69.38547486033519
 78 -67.37430167597765
 116 -65.3631284916201
 49 -63.35195530726256
 259 -61.34078212290503
 154 -59.32960893854748
 227 -57.31843575418993
 103 -55.3072625698324
 89 -53.29608938547486
 246 -51.28491620111731
 70 -49.27374301675977
 149 -47.26256983240222
 2 -45.25139664804468
 318 -43.24022346368713
 5 -41.22905027932961
 187 -39.21787709497207
 310 -37.20670391061452
 478 -35.19553072625698
 145 -33.18435754189943
 67 -31.17318435754188
 158 -29.16201117318434
 9 -27.15083798882682
 67 -25.13966480446928
 655 -23.12849162011173
 117 -21.11731843575419
 53 -19.10614525139664
 19 -17.09497206703909
 56 -15.08379888268155
 158 -13.072625698324
 7 -11.06145251396646
 630 -9.050279329608941
 1 -7.039106145251395
 142 -5.02793296089385
 22 -3.016759776536304
 4 -1.005586592178759
 19 1.005586592178787
 133 3.016759776536333
 9 5.02793296089385
 591 7.039106145251395
 8 9.050279329608941
 139 11.06145251396649
 55 13.07262569832403
 12 15.08379888268158
 57 17.09497206703912
 126 19.10614525139667
 559 21.11731843575421
 85 23.12849162011173
 86 25.13966480446928
 95 27.15083798882682
 51 29.16201117318437
 225 31.17318435754191
 332 33.18435754189946
 257 35.195530726257
 148 37.20670391061452
 42 39.21787709497207
 292 41.22905027932961
 5 43.24022346368716
 119 45.2513966480447
 58 47.26256983240225
 208 49.27374301675979
 93 51.28491620111734
 208 53.29608938547489
 93 55.3072625698324
 151 57.31843575418995
 282 59.32960893854749
 53 61.34078212290504
 121 63.35195530726259
 76 65.36312849162013
 110 67.37430167597768
 58 69.38547486033519
 33 71.39664804469274
 49 73.40782122905028
 2 75.41899441340783
 7 77.43016759776538
 2 79.44134078212289
 0 81.45251396648047
 0 83.46368715083798
 8 85.47486033519556
 9 87.48603351955308
 7808 89.49720670391065
 6 91.50837988826817
 3 93.51955307262574
 0 95.53072625698326
 2 97.54189944134077
 3 99.55307262569835
 20 101.5642458100559
 30 103.5754189944134
 50 105.586592178771
 23 107.5977653631285
 101 109.608938547486
 112 111.6201117318436
 117 113.6312849162011
 5 115.6424581005587
 218 117.6536312849162
 203 119.6648044692737
 92 121.6759776536313
 168 123.6871508379888
 184 125.6983240223464
 86 127.7094972067039
 162 129.7206703910614
 200 131.731843575419
 1 133.7430167597765
 103 135.7541899441341
 206 137.7653631284916
 112 139.7765363128492
 121 141.7877094972067
 531 143.7988826815642
 112 145.8100558659218
 202 147.8212290502793
 56 149.8324022346369
 132 151.8435754189944
 63 153.854748603352
 517 155.8659217877095
 60 157.8770949720671
 142 159.8882681564246
 63 161.8994413407821
 41 163.9106145251397
 17 165.9217877094972
 137 167.9329608938548
 222 169.9441340782123
 331 171.9553072625699
 5 173.9664804469274
 166 175.9776536312849
 0 177.9888268156425
 0 180


