# Created by Octave 3.8.2, Sat Jun 20 15:59:18 2020 CEST <damian@fptrucha.inv.usc.es>
# name: hd
# type: matrix
# rows: 180
# columns: 2
 6 -180
 157 -177.9888268156425
 4 -175.9776536312849
 366 -173.9664804469274
 204 -171.9553072625698
 147 -169.9441340782123
 31 -167.9329608938548
 33 -165.9217877094972
 71 -163.9106145251397
 154 -161.8994413407821
 33 -159.8882681564246
 644 -157.877094972067
 60 -155.8659217877095
 128 -153.854748603352
 24 -151.8435754189944
 71 -149.8324022346369
 200 -147.8212290502793
 696 -145.8100558659218
 131 -143.7988826815642
 93 -141.7877094972067
 171 -139.7765363128491
 101 -137.7653631284916
 2 -135.7541899441341
 153 -133.7430167597765
 160 -131.731843575419
 88 -129.7206703910614
 170 -127.7094972067039
 230 -125.6983240223464
 105 -123.6871508379888
 218 -121.6759776536313
 164 -119.6648044692737
 1 -117.6536312849162
 87 -115.6424581005587
 84 -113.6312849162011
 101 -111.6201117318436
 19 -109.608938547486
 28 -107.5977653631285
 20 -105.5865921787709
 10 -103.5754189944134
 2 -101.5642458100559
 0 -99.55307262569832
 0 -97.54189944134077
 3 -95.53072625698323
 9 -93.5195530726257
 8129 -91.50837988826815
 8 -89.49720670391061
 3 -87.48603351955308
 2 -85.47486033519553
 0 -83.46368715083798
 0 -81.45251396648044
 7 -79.44134078212289
 7 -77.43016759776536
 57 -75.41899441340782
 22 -73.40782122905027
 70 -71.39664804469274
 137 -69.38547486033519
 74 -67.37430167597765
 84 -65.3631284916201
 50 -63.35195530726256
 263 -61.34078212290503
 138 -59.32960893854748
 247 -57.31843575418993
 104 -55.3072625698324
 74 -53.29608938547486
 217 -51.28491620111731
 55 -49.27374301675977
 103 -47.26256983240222
 1 -45.25139664804468
 246 -43.24022346368713
 1 -41.22905027932961
 146 -39.21787709497207
 279 -37.20670391061452
 479 -35.19553072625698
 98 -33.18435754189943
 60 -31.17318435754188
 140 -29.16201117318434
 12 -27.15083798882682
 58 -25.13966480446928
 666 -23.12849162011173
 137 -21.11731843575419
 52 -19.10614525139664
 14 -17.09497206703909
 40 -15.08379888268155
 152 -13.072625698324
 3 -11.06145251396646
 571 -9.050279329608941
 4 -7.039106145251395
 156 -5.02793296089385
 23 -3.016759776536304
 3 -1.005586592178759
 11 1.005586592178787
 133 3.016759776536333
 3 5.02793296089385
 609 7.039106145251395
 4 9.050279329608941
 152 11.06145251396649
 36 13.07262569832403
 9 15.08379888268158
 53 17.09497206703912
 117 19.10614525139667
 558 21.11731843575421
 59 23.12849162011173
 91 25.13966480446928
 108 27.15083798882682
 55 29.16201117318437
 222 31.17318435754191
 327 33.18435754189946
 227 35.195530726257
 162 37.20670391061452
 25 39.21787709497207
 290 41.22905027932961
 2 43.24022346368716
 123 45.2513966480447
 66 47.26256983240225
 225 49.27374301675979
 83 51.28491620111734
 195 53.29608938547489
 81 55.3072625698324
 153 57.31843575418995
 274 59.32960893854749
 64 61.34078212290504
 113 63.35195530726259
 84 65.36312849162013
 115 67.37430167597768
 43 69.38547486033519
 35 71.39664804469274
 49 73.40782122905028
 4 75.41899441340783
 3 77.43016759776538
 4 79.44134078212289
 0 81.45251396648047
 2 83.46368715083798
 1 85.47486033519556
 3 87.48603351955308
 8004 89.49720670391065
 4 91.50837988826817
 2 93.51955307262574
 0 95.53072625698326
 0 97.54189944134077
 2 99.55307262569835
 16 101.5642458100559
 20 103.5754189944134
 40 105.586592178771
 23 107.5977653631285
 112 109.608938547486
 137 111.6201117318436
 125 113.6312849162011
 5 115.6424581005587
 196 117.6536312849162
 168 119.6648044692737
 99 121.6759776536313
 206 123.6871508379888
 180 125.6983240223464
 81 127.7094972067039
 176 129.7206703910614
 193 131.731843575419
 3 133.7430167597765
 135 135.7541899441341
 167 137.7653631284916
 85 139.7765363128492
 154 141.7877094972067
 506 143.7988826815642
 120 145.8100558659218
 229 147.8212290502793
 43 149.8324022346369
 160 151.8435754189944
 57 153.854748603352
 445 155.8659217877095
 62 157.8770949720671
 131 159.8882681564246
 77 161.8994413407821
 55 163.9106145251397
 18 165.9217877094972
 134 167.9329608938548
 199 169.9441340782123
 327 171.9553072625699
 4 173.9664804469274
 130 175.9776536312849
 5 177.9888268156425
 0 180


