# Created by Octave 3.8.2, Sat Jun 20 13:45:20 2020 CEST <damian@fptrucha.inv.usc.es>
# name: hd
# type: matrix
# rows: 180
# columns: 2
 3 -180
 148 -177.9888268156425
 2 -175.9776536312849
 353 -173.9664804469274
 249 -171.9553072625698
 153 -169.9441340782123
 32 -167.9329608938548
 29 -165.9217877094972
 57 -163.9106145251397
 137 -161.8994413407821
 38 -159.8882681564246
 631 -157.877094972067
 61 -155.8659217877095
 133 -153.854748603352
 42 -151.8435754189944
 57 -149.8324022346369
 195 -147.8212290502793
 695 -145.8100558659218
 126 -143.7988826815642
 95 -141.7877094972067
 153 -139.7765363128491
 109 -137.7653631284916
 1 -135.7541899441341
 186 -133.7430167597765
 158 -131.731843575419
 76 -129.7206703910614
 192 -127.7094972067039
 282 -125.6983240223464
 101 -123.6871508379888
 200 -121.6759776536313
 194 -119.6648044692737
 7 -117.6536312849162
 94 -115.6424581005587
 125 -113.6312849162011
 136 -111.6201117318436
 11 -109.608938547486
 28 -107.5977653631285
 22 -105.5865921787709
 8 -103.5754189944134
 3 -101.5642458100559
 1 -99.55307262569832
 0 -97.54189944134077
 4 -95.53072625698323
 7 -93.5195530726257
 8474 -91.50837988826815
 11 -89.49720670391061
 0 -87.48603351955308
 1 -85.47486033519553
 0 -83.46368715083798
 3 -81.45251396648044
 5 -79.44134078212289
 2 -77.43016759776536
 49 -75.41899441340782
 27 -73.40782122905027
 53 -71.39664804469274
 114 -69.38547486033519
 72 -67.37430167597765
 95 -65.3631284916201
 42 -63.35195530726256
 309 -61.34078212290503
 154 -59.32960893854748
 238 -57.31843575418993
 99 -55.3072625698324
 87 -53.29608938547486
 241 -51.28491620111731
 65 -49.27374301675977
 122 -47.26256983240222
 0 -45.25139664804468
 308 -43.24022346368713
 1 -41.22905027932961
 153 -39.21787709497207
 349 -37.20670391061452
 462 -35.19553072625698
 121 -33.18435754189943
 52 -31.17318435754188
 145 -29.16201117318434
 8 -27.15083798882682
 64 -25.13966480446928
 659 -23.12849162011173
 166 -21.11731843575419
 39 -19.10614525139664
 7 -17.09497206703909
 26 -15.08379888268155
 159 -13.072625698324
 6 -11.06145251396646
 632 -9.050279329608941
 0 -7.039106145251395
 142 -5.02793296089385
 17 -3.016759776536304
 3 -1.005586592178759
 20 1.005586592178787
 136 3.016759776536333
 0 5.02793296089385
 556 7.039106145251395
 9 9.050279329608941
 128 11.06145251396649
 46 13.07262569832403
 12 15.08379888268158
 64 17.09497206703912
 122 19.10614525139667
 544 21.11731843575421
 63 23.12849162011173
 99 25.13966480446928
 109 27.15083798882682
 58 29.16201117318437
 258 31.17318435754191
 344 33.18435754189946
 242 35.195530726257
 182 37.20670391061452
 31 39.21787709497207
 336 41.22905027932961
 4 43.24022346368716
 141 45.2513966480447
 70 47.26256983240225
 250 49.27374301675979
 86 51.28491620111734
 209 53.29608938547489
 88 55.3072625698324
 142 57.31843575418995
 287 59.32960893854749
 63 61.34078212290504
 127 63.35195530726259
 73 65.36312849162013
 124 67.37430167597768
 63 69.38547486033519
 37 71.39664804469274
 39 73.40782122905028
 8 75.41899441340783
 4 77.43016759776538
 2 79.44134078212289
 0 81.45251396648047
 1 83.46368715083798
 0 85.47486033519556
 8 87.48603351955308
 8187 89.49720670391065
 7 91.50837988826817
 2 93.51955307262574
 0 95.53072625698326
 0 97.54189944134077
 4 99.55307262569835
 16 101.5642458100559
 25 103.5754189944134
 48 105.586592178771
 25 107.5977653631285
 132 109.608938547486
 139 111.6201117318436
 135 113.6312849162011
 1 115.6424581005587
 220 117.6536312849162
 219 119.6648044692737
 89 121.6759776536313
 175 123.6871508379888
 207 125.6983240223464
 91 127.7094972067039
 189 129.7206703910614
 204 131.731843575419
 2 133.7430167597765
 133 135.7541899441341
 183 137.7653631284916
 110 139.7765363128492
 144 141.7877094972067
 512 143.7988826815642
 123 145.8100558659218
 185 147.8212290502793
 53 149.8324022346369
 178 151.8435754189944
 71 153.854748603352
 520 155.8659217877095
 61 157.8770949720671
 114 159.8882681564246
 72 161.8994413407821
 61 163.9106145251397
 26 165.9217877094972
 125 167.9329608938548
 266 169.9441340782123
 359 171.9553072625699
 1 173.9664804469274
 160 175.9776536312849
 3 177.9888268156425
 0 180


