# Created by Octave 3.8.2, Sun Jun 21 03:46:18 2020 CEST <damian@fptrucha.inv.usc.es>
# name: hd
# type: matrix
# rows: 180
# columns: 2
 4 -180
 154 -177.9888268156425
 2 -175.9776536312849
 373 -173.9664804469274
 210 -171.9553072625698
 169 -169.9441340782123
 27 -167.9329608938548
 35 -165.9217877094972
 47 -163.9106145251397
 153 -161.8994413407821
 40 -159.8882681564246
 636 -157.877094972067
 52 -155.8659217877095
 109 -153.854748603352
 38 -151.8435754189944
 75 -149.8324022346369
 205 -147.8212290502793
 597 -145.8100558659218
 122 -143.7988826815642
 102 -141.7877094972067
 151 -139.7765363128491
 94 -137.7653631284916
 5 -135.7541899441341
 148 -133.7430167597765
 155 -131.731843575419
 76 -129.7206703910614
 186 -127.7094972067039
 237 -125.6983240223464
 83 -123.6871508379888
 187 -121.6759776536313
 194 -119.6648044692737
 1 -117.6536312849162
 105 -115.6424581005587
 116 -113.6312849162011
 114 -111.6201117318436
 19 -109.608938547486
 30 -107.5977653631285
 30 -105.5865921787709
 7 -103.5754189944134
 2 -101.5642458100559
 0 -99.55307262569832
 0 -97.54189944134077
 3 -95.53072625698323
 3 -93.5195530726257
 8010 -91.50837988826815
 12 -89.49720670391061
 2 -87.48603351955308
 1 -85.47486033519553
 2 -83.46368715083798
 3 -81.45251396648044
 9 -79.44134078212289
 6 -77.43016759776536
 46 -75.41899441340782
 28 -73.40782122905027
 41 -71.39664804469274
 99 -69.38547486033519
 69 -67.37430167597765
 112 -65.3631284916201
 55 -63.35195530726256
 261 -61.34078212290503
 144 -59.32960893854748
 230 -57.31843575418993
 111 -55.3072625698324
 87 -53.29608938547486
 233 -51.28491620111731
 61 -49.27374301675977
 97 -47.26256983240222
 1 -45.25139664804468
 269 -43.24022346368713
 5 -41.22905027932961
 136 -39.21787709497207
 316 -37.20670391061452
 434 -35.19553072625698
 115 -33.18435754189943
 72 -31.17318435754188
 164 -29.16201117318434
 10 -27.15083798882682
 44 -25.13966480446928
 654 -23.12849162011173
 150 -21.11731843575419
 43 -19.10614525139664
 12 -17.09497206703909
 36 -15.08379888268155
 168 -13.072625698324
 8 -11.06145251396646
 552 -9.050279329608941
 2 -7.039106145251395
 122 -5.02793296089385
 16 -3.016759776536304
 5 -1.005586592178759
 17 1.005586592178787
 123 3.016759776536333
 2 5.02793296089385
 566 7.039106145251395
 7 9.050279329608941
 116 11.06145251396649
 42 13.07262569832403
 14 15.08379888268158
 64 17.09497206703912
 101 19.10614525139667
 504 21.11731843575421
 50 23.12849162011173
 85 25.13966480446928
 96 27.15083798882682
 50 29.16201117318437
 221 31.17318435754191
 291 33.18435754189946
 259 35.195530726257
 147 37.20670391061452
 29 39.21787709497207
 265 41.22905027932961
 1 43.24022346368716
 107 45.2513966480447
 53 47.26256983240225
 206 49.27374301675979
 82 51.28491620111734
 181 53.29608938547489
 60 55.3072625698324
 143 57.31843575418995
 265 59.32960893854749
 54 61.34078212290504
 117 63.35195530726259
 73 65.36312849162013
 103 67.37430167597768
 42 69.38547486033519
 31 71.39664804469274
 38 73.40782122905028
 6 75.41899441340783
 5 77.43016759776538
 3 79.44134078212289
 0 81.45251396648047
 1 83.46368715083798
 6 85.47486033519556
 7 87.48603351955308
 7621 89.49720670391065
 8 91.50837988826817
 3 93.51955307262574
 1 95.53072625698326
 0 97.54189944134077
 2 99.55307262569835
 12 101.5642458100559
 23 103.5754189944134
 38 105.586592178771
 18 107.5977653631285
 117 109.608938547486
 101 111.6201117318436
 118 113.6312849162011
 2 115.6424581005587
 215 117.6536312849162
 180 119.6648044692737
 86 121.6759776536313
 154 123.6871508379888
 174 125.6983240223464
 80 127.7094972067039
 174 129.7206703910614
 171 131.731843575419
 2 133.7430167597765
 96 135.7541899441341
 177 137.7653631284916
 85 139.7765363128492
 142 141.7877094972067
 464 143.7988826815642
 106 145.8100558659218
 221 147.8212290502793
 42 149.8324022346369
 145 151.8435754189944
 53 153.854748603352
 434 155.8659217877095
 47 157.8770949720671
 135 159.8882681564246
 77 161.8994413407821
 40 163.9106145251397
 21 165.9217877094972
 138 167.9329608938548
 228 169.9441340782123
 335 171.9553072625699
 2 173.9664804469274
 134 175.9776536312849
 3 177.9888268156425
 0 180


