# Created by Octave 3.8.2, Sat Jun 20 23:49:24 2020 CEST <damian@fptrucha.inv.usc.es>
# name: hd
# type: matrix
# rows: 180
# columns: 2
 3 -180
 147 -177.9888268156425
 3 -175.9776536312849
 336 -173.9664804469274
 227 -171.9553072625698
 127 -169.9441340782123
 27 -167.9329608938548
 30 -165.9217877094972
 53 -163.9106145251397
 135 -161.8994413407821
 37 -159.8882681564246
 585 -157.877094972067
 67 -155.8659217877095
 128 -153.854748603352
 46 -151.8435754189944
 71 -149.8324022346369
 197 -147.8212290502793
 608 -145.8100558659218
 120 -143.7988826815642
 83 -141.7877094972067
 171 -139.7765363128491
 100 -137.7653631284916
 1 -135.7541899441341
 124 -133.7430167597765
 140 -131.731843575419
 76 -129.7206703910614
 139 -127.7094972067039
 222 -125.6983240223464
 83 -123.6871508379888
 186 -121.6759776536313
 152 -119.6648044692737
 1 -117.6536312849162
 77 -115.6424581005587
 92 -113.6312849162011
 121 -111.6201117318436
 16 -109.608938547486
 36 -107.5977653631285
 32 -105.5865921787709
 5 -103.5754189944134
 6 -101.5642458100559
 0 -99.55307262569832
 0 -97.54189944134077
 2 -95.53072625698323
 5 -93.5195530726257
 7859 -91.50837988826815
 7 -89.49720670391061
 2 -87.48603351955308
 0 -85.47486033519553
 0 -83.46368715083798
 0 -81.45251396648044
 5 -79.44134078212289
 6 -77.43016759776536
 41 -75.41899441340782
 36 -73.40782122905027
 49 -71.39664804469274
 104 -69.38547486033519
 66 -67.37430167597765
 99 -65.3631284916201
 42 -63.35195530726256
 271 -61.34078212290503
 147 -59.32960893854748
 205 -57.31843575418993
 89 -55.3072625698324
 67 -53.29608938547486
 195 -51.28491620111731
 46 -49.27374301675977
 99 -47.26256983240222
 3 -45.25139664804468
 237 -43.24022346368713
 3 -41.22905027932961
 132 -39.21787709497207
 315 -37.20670391061452
 406 -35.19553072625698
 105 -33.18435754189943
 49 -31.17318435754188
 159 -29.16201117318434
 9 -27.15083798882682
 45 -25.13966480446928
 639 -23.12849162011173
 128 -21.11731843575419
 31 -19.10614525139664
 10 -17.09497206703909
 46 -15.08379888268155
 149 -13.072625698324
 7 -11.06145251396646
 514 -9.050279329608941
 4 -7.039106145251395
 128 -5.02793296089385
 16 -3.016759776536304
 0 -1.005586592178759
 21 1.005586592178787
 138 3.016759776536333
 3 5.02793296089385
 462 7.039106145251395
 10 9.050279329608941
 131 11.06145251396649
 41 13.07262569832403
 7 15.08379888268158
 56 17.09497206703912
 101 19.10614525139667
 509 21.11731843575421
 62 23.12849162011173
 86 25.13966480446928
 99 27.15083798882682
 49 29.16201117318437
 232 31.17318435754191
 310 33.18435754189946
 241 35.195530726257
 170 37.20670391061452
 30 39.21787709497207
 301 41.22905027932961
 0 43.24022346368716
 122 45.2513966480447
 52 47.26256983240225
 220 49.27374301675979
 83 51.28491620111734
 222 53.29608938547489
 76 55.3072625698324
 147 57.31843575418995
 260 59.32960893854749
 63 61.34078212290504
 114 63.35195530726259
 73 65.36312849162013
 98 67.37430167597768
 51 69.38547486033519
 41 71.39664804469274
 39 73.40782122905028
 5 75.41899441340783
 8 77.43016759776538
 1 79.44134078212289
 0 81.45251396648047
 1 83.46368715083798
 1 85.47486033519556
 7 87.48603351955308
 7551 89.49720670391065
 6 91.50837988826817
 1 93.51955307262574
 0 95.53072625698326
 0 97.54189944134077
 3 99.55307262569835
 12 101.5642458100559
 20 103.5754189944134
 53 105.586592178771
 18 107.5977653631285
 102 109.608938547486
 100 111.6201117318436
 136 113.6312849162011
 4 115.6424581005587
 183 117.6536312849162
 144 119.6648044692737
 102 121.6759776536313
 161 123.6871508379888
 176 125.6983240223464
 67 127.7094972067039
 149 129.7206703910614
 181 131.731843575419
 4 133.7430167597765
 116 135.7541899441341
 148 137.7653631284916
 100 139.7765363128492
 147 141.7877094972067
 478 143.7988826815642
 138 145.8100558659218
 187 147.8212290502793
 43 149.8324022346369
 188 151.8435754189944
 78 153.854748603352
 453 155.8659217877095
 62 157.8770949720671
 124 159.8882681564246
 71 161.8994413407821
 63 163.9106145251397
 16 165.9217877094972
 135 167.9329608938548
 205 169.9441340782123
 318 171.9553072625699
 3 173.9664804469274
 149 175.9776536312849
 4 177.9888268156425
 0 180


