# Created by Octave 3.8.2, Mon Jun 22 07:43:18 2020 CEST <damian@fptrucha.inv.usc.es>
# name: hd
# type: matrix
# rows: 180
# columns: 2
 5 -180
 168 -177.9888268156425
 4 -175.9776536312849
 356 -173.9664804469274
 247 -171.9553072625698
 159 -169.9441340782123
 34 -167.9329608938548
 45 -165.9217877094972
 82 -163.9106145251397
 129 -161.8994413407821
 55 -159.8882681564246
 507 -157.877094972067
 72 -155.8659217877095
 105 -153.854748603352
 48 -151.8435754189944
 82 -149.8324022346369
 215 -147.8212290502793
 549 -145.8100558659218
 138 -143.7988826815642
 84 -141.7877094972067
 162 -139.7765363128491
 112 -137.7653631284916
 7 -135.7541899441341
 163 -133.7430167597765
 145 -131.731843575419
 83 -129.7206703910614
 197 -127.7094972067039
 180 -125.6983240223464
 101 -123.6871508379888
 164 -121.6759776536313
 173 -119.6648044692737
 2 -117.6536312849162
 109 -115.6424581005587
 112 -113.6312849162011
 110 -111.6201117318436
 23 -109.608938547486
 33 -107.5977653631285
 15 -105.5865921787709
 20 -103.5754189944134
 4 -101.5642458100559
 1 -99.55307262569832
 4 -97.54189944134077
 5 -95.53072625698323
 9 -93.5195530726257
 7518 -91.50837988826815
 10 -89.49720670391061
 8 -87.48603351955308
 4 -85.47486033519553
 0 -83.46368715083798
 5 -81.45251396648044
 11 -79.44134078212289
 3 -77.43016759776536
 41 -75.41899441340782
 34 -73.40782122905027
 54 -71.39664804469274
 109 -69.38547486033519
 80 -67.37430167597765
 90 -65.3631284916201
 55 -63.35195530726256
 250 -61.34078212290503
 101 -59.32960893854748
 206 -57.31843575418993
 100 -55.3072625698324
 80 -53.29608938547486
 241 -51.28491620111731
 50 -49.27374301675977
 127 -47.26256983240222
 2 -45.25139664804468
 282 -43.24022346368713
 3 -41.22905027932961
 163 -39.21787709497207
 237 -37.20670391061452
 417 -35.19553072625698
 131 -33.18435754189943
 62 -31.17318435754188
 167 -29.16201117318434
 11 -27.15083798882682
 64 -25.13966480446928
 549 -23.12849162011173
 110 -21.11731843575419
 46 -19.10614525139664
 14 -17.09497206703909
 41 -15.08379888268155
 155 -13.072625698324
 14 -11.06145251396646
 578 -9.050279329608941
 2 -7.039106145251395
 126 -5.02793296089385
 18 -3.016759776536304
 2 -1.005586592178759
 19 1.005586592178787
 115 3.016759776536333
 2 5.02793296089385
 520 7.039106145251395
 11 9.050279329608941
 134 11.06145251396649
 37 13.07262569832403
 14 15.08379888268158
 38 17.09497206703912
 121 19.10614525139667
 521 21.11731843575421
 72 23.12849162011173
 74 25.13966480446928
 101 27.15083798882682
 59 29.16201117318437
 165 31.17318435754191
 292 33.18435754189946
 286 35.195530726257
 164 37.20670391061452
 45 39.21787709497207
 319 41.22905027932961
 3 43.24022346368716
 100 45.2513966480447
 78 47.26256983240225
 250 49.27374301675979
 84 51.28491620111734
 199 53.29608938547489
 81 55.3072625698324
 137 57.31843575418995
 265 59.32960893854749
 45 61.34078212290504
 125 63.35195530726259
 76 65.36312849162013
 119 67.37430167597768
 46 69.38547486033519
 32 71.39664804469274
 58 73.40782122905028
 3 75.41899441340783
 14 77.43016759776538
 1 79.44134078212289
 2 81.45251396648047
 4 83.46368715083798
 7 85.47486033519556
 18 87.48603351955308
 7246 89.49720670391065
 11 91.50837988826817
 3 93.51955307262574
 3 95.53072625698326
 2 97.54189944134077
 2 99.55307262569835
 24 101.5642458100559
 29 103.5754189944134
 28 105.586592178771
 23 107.5977653631285
 121 109.608938547486
 116 111.6201117318436
 140 113.6312849162011
 2 115.6424581005587
 198 117.6536312849162
 155 119.6648044692737
 101 121.6759776536313
 169 123.6871508379888
 187 125.6983240223464
 73 127.7094972067039
 167 129.7206703910614
 192 131.731843575419
 2 133.7430167597765
 115 135.7541899441341
 188 137.7653631284916
 94 139.7765363128492
 106 141.7877094972067
 468 143.7988826815642
 105 145.8100558659218
 192 147.8212290502793
 35 149.8324022346369
 147 151.8435754189944
 65 153.854748603352
 499 155.8659217877095
 42 157.8770949720671
 125 159.8882681564246
 72 161.8994413407821
 51 163.9106145251397
 26 165.9217877094972
 126 167.9329608938548
 240 169.9441340782123
 304 171.9553072625699
 1 173.9664804469274
 174 175.9776536312849
 5 177.9888268156425
 0 180


