# Created by Octave 3.8.2, Mon Jun 22 02:25:54 2020 CEST <damian@fptrucha.inv.usc.es>
# name: hd
# type: matrix
# rows: 180
# columns: 2
 4 -180
 102 -177.9888268156425
 2 -175.9776536312849
 204 -173.9664804469274
 129 -171.9553072625698
 70 -169.9441340782123
 20 -167.9329608938548
 9 -165.9217877094972
 14 -163.9106145251397
 129 -161.8994413407821
 13 -159.8882681564246
 272 -157.877094972067
 29 -155.8659217877095
 22 -153.854748603352
 22 -151.8435754189944
 42 -149.8324022346369
 70 -147.8212290502793
 416 -145.8100558659218
 47 -143.7988826815642
 34 -141.7877094972067
 99 -139.7765363128491
 39 -137.7653631284916
 1 -135.7541899441341
 68 -133.7430167597765
 68 -131.731843575419
 33 -129.7206703910614
 110 -127.7094972067039
 107 -125.6983240223464
 44 -123.6871508379888
 136 -121.6759776536313
 98 -119.6648044692737
 3 -117.6536312849162
 51 -115.6424581005587
 91 -113.6312849162011
 82 -111.6201117318436
 13 -109.608938547486
 25 -107.5977653631285
 12 -105.5865921787709
 9 -103.5754189944134
 3 -101.5642458100559
 0 -99.55307262569832
 4 -97.54189944134077
 8 -95.53072625698323
 9 -93.5195530726257
 3239 -91.50837988826815
 15 -89.49720670391061
 4 -87.48603351955308
 2 -85.47486033519553
 1 -83.46368715083798
 1 -81.45251396648044
 7 -79.44134078212289
 10 -77.43016759776536
 31 -75.41899441340782
 20 -73.40782122905027
 29 -71.39664804469274
 92 -69.38547486033519
 55 -67.37430167597765
 40 -65.3631284916201
 16 -63.35195530726256
 163 -61.34078212290503
 75 -59.32960893854748
 97 -57.31843575418993
 67 -55.3072625698324
 42 -53.29608938547486
 96 -51.28491620111731
 22 -49.27374301675977
 46 -47.26256983240222
 3 -45.25139664804468
 123 -43.24022346368713
 2 -41.22905027932961
 44 -39.21787709497207
 185 -37.20670391061452
 228 -35.19553072625698
 18 -33.18435754189943
 25 -31.17318435754188
 34 -29.16201117318434
 10 -27.15083798882682
 31 -25.13966480446928
 272 -23.12849162011173
 106 -21.11731843575419
 16 -19.10614525139664
 11 -17.09497206703909
 8 -15.08379888268155
 83 -13.072625698324
 4 -11.06145251396646
 281 -9.050279329608941
 8 -7.039106145251395
 85 -5.02793296089385
 17 -3.016759776536304
 4 -1.005586592178759
 8 1.005586592178787
 38 3.016759776536333
 1 5.02793296089385
 160 7.039106145251395
 4 9.050279329608941
 51 11.06145251396649
 36 13.07262569832403
 14 15.08379888268158
 28 17.09497206703912
 23 19.10614525139667
 139 21.11731843575421
 55 23.12849162011173
 64 25.13966480446928
 70 27.15083798882682
 21 29.16201117318437
 111 31.17318435754191
 63 33.18435754189946
 65 35.195530726257
 75 37.20670391061452
 13 39.21787709497207
 169 41.22905027932961
 1 43.24022346368716
 55 45.2513966480447
 22 47.26256983240225
 69 49.27374301675979
 24 51.28491620111734
 52 53.29608938547489
 18 55.3072625698324
 20 57.31843575418995
 83 59.32960893854749
 44 61.34078212290504
 60 63.35195530726259
 33 65.36312849162013
 34 67.37430167597768
 16 69.38547486033519
 31 71.39664804469274
 25 73.40782122905028
 7 75.41899441340783
 7 77.43016759776538
 7 79.44134078212289
 3 81.45251396648047
 1 83.46368715083798
 2 85.47486033519556
 12 87.48603351955308
 2234 89.49720670391065
 5 91.50837988826817
 4 93.51955307262574
 3 95.53072625698326
 1 97.54189944134077
 1 99.55307262569835
 11 101.5642458100559
 15 103.5754189944134
 31 105.586592178771
 16 107.5977653631285
 31 109.608938547486
 52 111.6201117318436
 70 113.6312849162011
 4 115.6424581005587
 95 117.6536312849162
 40 119.6648044692737
 26 121.6759776536313
 34 123.6871508379888
 41 125.6983240223464
 21 127.7094972067039
 51 129.7206703910614
 81 131.731843575419
 2 133.7430167597765
 87 135.7541899441341
 74 137.7653631284916
 40 139.7765363128492
 51 141.7877094972067
 95 143.7988826815642
 64 145.8100558659218
 76 147.8212290502793
 16 149.8324022346369
 102 151.8435754189944
 39 153.854748603352
 107 155.8659217877095
 25 157.8770949720671
 41 159.8882681564246
 60 161.8994413407821
 43 163.9106145251397
 7 165.9217877094972
 41 167.9329608938548
 81 169.9441340782123
 115 171.9553072625699
 5 173.9664804469274
 68 175.9776536312849
 6 177.9888268156425
 0 180


