# Created by Octave 3.8.2, Mon Jun 22 09:53:11 2020 CEST <damian@fptrucha.inv.usc.es>
# name: hd
# type: matrix
# rows: 180
# columns: 2
 7 -180
 172 -177.9888268156425
 1 -175.9776536312849
 376 -173.9664804469274
 239 -171.9553072625698
 139 -169.9441340782123
 44 -167.9329608938548
 41 -165.9217877094972
 67 -163.9106145251397
 155 -161.8994413407821
 38 -159.8882681564246
 530 -157.877094972067
 62 -155.8659217877095
 116 -153.854748603352
 49 -151.8435754189944
 74 -149.8324022346369
 225 -147.8212290502793
 568 -145.8100558659218
 135 -143.7988826815642
 106 -141.7877094972067
 158 -139.7765363128491
 118 -137.7653631284916
 2 -135.7541899441341
 190 -133.7430167597765
 129 -131.731843575419
 86 -129.7206703910614
 193 -127.7094972067039
 208 -125.6983240223464
 94 -123.6871508379888
 207 -121.6759776536313
 210 -119.6648044692737
 3 -117.6536312849162
 126 -115.6424581005587
 125 -113.6312849162011
 118 -111.6201117318436
 26 -109.608938547486
 39 -107.5977653631285
 24 -105.5865921787709
 21 -103.5754189944134
 2 -101.5642458100559
 0 -99.55307262569832
 0 -97.54189944134077
 1 -95.53072625698323
 9 -93.5195530726257
 7800 -91.50837988826815
 12 -89.49720670391061
 7 -87.48603351955308
 3 -85.47486033519553
 2 -83.46368715083798
 2 -81.45251396648044
 8 -79.44134078212289
 8 -77.43016759776536
 48 -75.41899441340782
 28 -73.40782122905027
 35 -71.39664804469274
 108 -69.38547486033519
 78 -67.37430167597765
 112 -65.3631284916201
 48 -63.35195530726256
 259 -61.34078212290503
 145 -59.32960893854748
 210 -57.31843575418993
 101 -55.3072625698324
 65 -53.29608938547486
 214 -51.28491620111731
 56 -49.27374301675977
 126 -47.26256983240222
 7 -45.25139664804468
 264 -43.24022346368713
 0 -41.22905027932961
 126 -39.21787709497207
 284 -37.20670391061452
 444 -35.19553072625698
 106 -33.18435754189943
 76 -31.17318435754188
 159 -29.16201117318434
 10 -27.15083798882682
 52 -25.13966480446928
 595 -23.12849162011173
 120 -21.11731843575419
 58 -19.10614525139664
 6 -17.09497206703909
 43 -15.08379888268155
 166 -13.072625698324
 18 -11.06145251396646
 569 -9.050279329608941
 4 -7.039106145251395
 123 -5.02793296089385
 26 -3.016759776536304
 4 -1.005586592178759
 26 1.005586592178787
 148 3.016759776536333
 6 5.02793296089385
 554 7.039106145251395
 8 9.050279329608941
 145 11.06145251396649
 45 13.07262569832403
 13 15.08379888268158
 50 17.09497206703912
 129 19.10614525139667
 481 21.11731843575421
 52 23.12849162011173
 80 25.13966480446928
 101 27.15083798882682
 54 29.16201117318437
 183 31.17318435754191
 337 33.18435754189946
 261 35.195530726257
 141 37.20670391061452
 32 39.21787709497207
 308 41.22905027932961
 2 43.24022346368716
 125 45.2513966480447
 67 47.26256983240225
 251 49.27374301675979
 94 51.28491620111734
 219 53.29608938547489
 88 55.3072625698324
 147 57.31843575418995
 260 59.32960893854749
 57 61.34078212290504
 117 63.35195530726259
 75 65.36312849162013
 102 67.37430167597768
 60 69.38547486033519
 33 71.39664804469274
 46 73.40782122905028
 5 75.41899441340783
 15 77.43016759776538
 6 79.44134078212289
 1 81.45251396648047
 1 83.46368715083798
 5 85.47486033519556
 16 87.48603351955308
 7581 89.49720670391065
 14 91.50837988826817
 5 93.51955307262574
 1 95.53072625698326
 2 97.54189944134077
 5 99.55307262569835
 21 101.5642458100559
 17 103.5754189944134
 38 105.586592178771
 15 107.5977653631285
 122 109.608938547486
 117 111.6201117318436
 111 113.6312849162011
 4 115.6424581005587
 229 117.6536312849162
 189 119.6648044692737
 113 121.6759776536313
 166 123.6871508379888
 178 125.6983240223464
 91 127.7094972067039
 173 129.7206703910614
 181 131.731843575419
 0 133.7430167597765
 111 135.7541899441341
 180 137.7653631284916
 103 139.7765363128492
 134 141.7877094972067
 482 143.7988826815642
 121 145.8100558659218
 205 147.8212290502793
 41 149.8324022346369
 115 151.8435754189944
 60 153.854748603352
 459 155.8659217877095
 55 157.8770949720671
 174 159.8882681564246
 61 161.8994413407821
 58 163.9106145251397
 20 165.9217877094972
 137 167.9329608938548
 218 169.9441340782123
 321 171.9553072625699
 5 173.9664804469274
 160 175.9776536312849
 5 177.9888268156425
 0 180


