# Created by Octave 3.8.2, Mon Jun 22 23:29:16 2020 CEST <damian@fptrucha.inv.usc.es>
# name: hd
# type: matrix
# rows: 180
# columns: 2
 4 -180
 175 -177.9888268156425
 7 -175.9776536312849
 362 -173.9664804469274
 283 -171.9553072625698
 172 -169.9441340782123
 33 -167.9329608938548
 38 -165.9217877094972
 65 -163.9106145251397
 189 -161.8994413407821
 51 -159.8882681564246
 597 -157.877094972067
 80 -155.8659217877095
 147 -153.854748603352
 40 -151.8435754189944
 70 -149.8324022346369
 248 -147.8212290502793
 626 -145.8100558659218
 140 -143.7988826815642
 113 -141.7877094972067
 195 -139.7765363128491
 114 -137.7653631284916
 1 -135.7541899441341
 187 -133.7430167597765
 173 -131.731843575419
 96 -129.7206703910614
 190 -127.7094972067039
 241 -125.6983240223464
 98 -123.6871508379888
 182 -121.6759776536313
 238 -119.6648044692737
 3 -117.6536312849162
 118 -115.6424581005587
 138 -113.6312849162011
 147 -111.6201117318436
 30 -109.608938547486
 37 -107.5977653631285
 28 -105.5865921787709
 12 -103.5754189944134
 3 -101.5642458100559
 1 -99.55307262569832
 2 -97.54189944134077
 2 -95.53072625698323
 5 -93.5195530726257
 8632 -91.50837988826815
 13 -89.49720670391061
 5 -87.48603351955308
 0 -85.47486033519553
 3 -83.46368715083798
 1 -81.45251396648044
 7 -79.44134078212289
 9 -77.43016759776536
 60 -75.41899441340782
 25 -73.40782122905027
 54 -71.39664804469274
 120 -69.38547486033519
 89 -67.37430167597765
 123 -65.3631284916201
 51 -63.35195530726256
 288 -61.34078212290503
 167 -59.32960893854748
 220 -57.31843575418993
 117 -55.3072625698324
 91 -53.29608938547486
 250 -51.28491620111731
 79 -49.27374301675977
 110 -47.26256983240222
 0 -45.25139664804468
 331 -43.24022346368713
 4 -41.22905027932961
 169 -39.21787709497207
 330 -37.20670391061452
 485 -35.19553072625698
 121 -33.18435754189943
 70 -31.17318435754188
 148 -29.16201117318434
 10 -27.15083798882682
 87 -25.13966480446928
 631 -23.12849162011173
 132 -21.11731843575419
 61 -19.10614525139664
 21 -17.09497206703909
 39 -15.08379888268155
 183 -13.072625698324
 8 -11.06145251396646
 599 -9.050279329608941
 1 -7.039106145251395
 139 -5.02793296089385
 27 -3.016759776536304
 4 -1.005586592178759
 23 1.005586592178787
 135 3.016759776536333
 5 5.02793296089385
 637 7.039106145251395
 10 9.050279329608941
 140 11.06145251396649
 52 13.07262569832403
 17 15.08379888268158
 53 17.09497206703912
 126 19.10614525139667
 583 21.11731843575421
 62 23.12849162011173
 83 25.13966480446928
 117 27.15083798882682
 73 29.16201117318437
 205 31.17318435754191
 354 33.18435754189946
 275 35.195530726257
 175 37.20670391061452
 40 39.21787709497207
 314 41.22905027932961
 1 43.24022346368716
 137 45.2513966480447
 65 47.26256983240225
 266 49.27374301675979
 103 51.28491620111734
 218 53.29608938547489
 91 55.3072625698324
 158 57.31843575418995
 299 59.32960893854749
 80 61.34078212290504
 116 63.35195530726259
 86 65.36312849162013
 125 67.37430167597768
 58 69.38547486033519
 39 71.39664804469274
 42 73.40782122905028
 6 75.41899441340783
 9 77.43016759776538
 1 79.44134078212289
 0 81.45251396648047
 3 83.46368715083798
 7 85.47486033519556
 21 87.48603351955308
 7982 89.49720670391065
 7 91.50837988826817
 1 93.51955307262574
 3 95.53072625698326
 0 97.54189944134077
 1 99.55307262569835
 20 101.5642458100559
 29 103.5754189944134
 43 105.586592178771
 24 107.5977653631285
 125 109.608938547486
 136 111.6201117318436
 149 113.6312849162011
 5 115.6424581005587
 225 117.6536312849162
 179 119.6648044692737
 87 121.6759776536313
 192 123.6871508379888
 199 125.6983240223464
 86 127.7094972067039
 162 129.7206703910614
 198 131.731843575419
 6 133.7430167597765
 139 135.7541899441341
 181 137.7653631284916
 118 139.7765363128492
 145 141.7877094972067
 537 143.7988826815642
 110 145.8100558659218
 215 147.8212290502793
 62 149.8324022346369
 174 151.8435754189944
 76 153.854748603352
 525 155.8659217877095
 67 157.8770949720671
 124 159.8882681564246
 78 161.8994413407821
 54 163.9106145251397
 31 165.9217877094972
 153 167.9329608938548
 241 169.9441340782123
 351 171.9553072625699
 5 173.9664804469274
 172 175.9776536312849
 2 177.9888268156425
 0 180


