# Created by Octave 3.8.2, Mon Jun 22 08:11:14 2020 CEST <damian@fptrucha.inv.usc.es>
# name: hd
# type: matrix
# rows: 180
# columns: 2
 7 -180
 153 -177.9888268156425
 2 -175.9776536312849
 367 -173.9664804469274
 237 -171.9553072625698
 132 -169.9441340782123
 34 -167.9329608938548
 45 -165.9217877094972
 57 -163.9106145251397
 139 -161.8994413407821
 41 -159.8882681564246
 536 -157.877094972067
 65 -155.8659217877095
 126 -153.854748603352
 43 -151.8435754189944
 57 -149.8324022346369
 227 -147.8212290502793
 532 -145.8100558659218
 138 -143.7988826815642
 96 -141.7877094972067
 172 -139.7765363128491
 120 -137.7653631284916
 3 -135.7541899441341
 181 -133.7430167597765
 157 -131.731843575419
 78 -129.7206703910614
 159 -127.7094972067039
 196 -125.6983240223464
 96 -123.6871508379888
 144 -121.6759776536313
 194 -119.6648044692737
 7 -117.6536312849162
 95 -115.6424581005587
 127 -113.6312849162011
 128 -111.6201117318436
 21 -109.608938547486
 43 -107.5977653631285
 27 -105.5865921787709
 17 -103.5754189944134
 5 -101.5642458100559
 3 -99.55307262569832
 3 -97.54189944134077
 2 -95.53072625698323
 1 -93.5195530726257
 7607 -91.50837988826815
 12 -89.49720670391061
 5 -87.48603351955308
 1 -85.47486033519553
 1 -83.46368715083798
 1 -81.45251396648044
 16 -79.44134078212289
 11 -77.43016759776536
 49 -75.41899441340782
 30 -73.40782122905027
 38 -71.39664804469274
 118 -69.38547486033519
 62 -67.37430167597765
 119 -65.3631284916201
 48 -63.35195530726256
 230 -61.34078212290503
 129 -59.32960893854748
 159 -57.31843575418993
 90 -55.3072625698324
 76 -53.29608938547486
 209 -51.28491620111731
 55 -49.27374301675977
 117 -47.26256983240222
 5 -45.25139664804468
 285 -43.24022346368713
 4 -41.22905027932961
 173 -39.21787709497207
 266 -37.20670391061452
 408 -35.19553072625698
 117 -33.18435754189943
 60 -31.17318435754188
 144 -29.16201117318434
 9 -27.15083798882682
 73 -25.13966480446928
 547 -23.12849162011173
 130 -21.11731843575419
 52 -19.10614525139664
 13 -17.09497206703909
 30 -15.08379888268155
 129 -13.072625698324
 15 -11.06145251396646
 604 -9.050279329608941
 0 -7.039106145251395
 124 -5.02793296089385
 21 -3.016759776536304
 2 -1.005586592178759
 21 1.005586592178787
 120 3.016759776536333
 3 5.02793296089385
 540 7.039106145251395
 18 9.050279329608941
 155 11.06145251396649
 38 13.07262569832403
 8 15.08379888268158
 53 17.09497206703912
 125 19.10614525139667
 547 21.11731843575421
 49 23.12849162011173
 72 25.13966480446928
 105 27.15083798882682
 60 29.16201117318437
 189 31.17318435754191
 312 33.18435754189946
 239 35.195530726257
 136 37.20670391061452
 34 39.21787709497207
 298 41.22905027932961
 1 43.24022346368716
 78 45.2513966480447
 52 47.26256983240225
 201 49.27374301675979
 80 51.28491620111734
 205 53.29608938547489
 100 55.3072625698324
 135 57.31843575418995
 239 59.32960893854749
 61 61.34078212290504
 115 63.35195530726259
 76 65.36312849162013
 93 67.37430167597768
 42 69.38547486033519
 39 71.39664804469274
 44 73.40782122905028
 7 75.41899441340783
 3 77.43016759776538
 5 79.44134078212289
 0 81.45251396648047
 1 83.46368715083798
 5 85.47486033519556
 17 87.48603351955308
 7352 89.49720670391065
 5 91.50837988826817
 6 93.51955307262574
 3 95.53072625698326
 2 97.54189944134077
 3 99.55307262569835
 16 101.5642458100559
 15 103.5754189944134
 41 105.586592178771
 22 107.5977653631285
 121 109.608938547486
 140 111.6201117318436
 132 113.6312849162011
 5 115.6424581005587
 186 117.6536312849162
 166 119.6648044692737
 107 121.6759776536313
 178 123.6871508379888
 186 125.6983240223464
 89 127.7094972067039
 151 129.7206703910614
 174 131.731843575419
 5 133.7430167597765
 109 135.7541899441341
 174 137.7653631284916
 112 139.7765363128492
 151 141.7877094972067
 506 143.7988826815642
 117 145.8100558659218
 182 147.8212290502793
 61 149.8324022346369
 141 151.8435754189944
 74 153.854748603352
 499 155.8659217877095
 44 157.8770949720671
 148 159.8882681564246
 62 161.8994413407821
 48 163.9106145251397
 31 165.9217877094972
 142 167.9329608938548
 217 169.9441340782123
 339 171.9553072625699
 10 173.9664804469274
 169 175.9776536312849
 7 177.9888268156425
 0 180


