# Created by Octave 3.8.2, Sat Jun 20 10:48:55 2020 CEST <damian@fptrucha.inv.usc.es>
# name: hd
# type: matrix
# rows: 180
# columns: 2
 1 -180
 182 -177.9888268156425
 2 -175.9776536312849
 407 -173.9664804469274
 242 -171.9553072625698
 173 -169.9441340782123
 31 -167.9329608938548
 53 -165.9217877094972
 64 -163.9106145251397
 177 -161.8994413407821
 42 -159.8882681564246
 674 -157.877094972067
 67 -155.8659217877095
 126 -153.854748603352
 50 -151.8435754189944
 66 -149.8324022346369
 255 -147.8212290502793
 671 -145.8100558659218
 134 -143.7988826815642
 84 -141.7877094972067
 189 -139.7765363128491
 97 -137.7653631284916
 1 -135.7541899441341
 182 -133.7430167597765
 166 -131.731843575419
 93 -129.7206703910614
 186 -127.7094972067039
 222 -125.6983240223464
 104 -123.6871508379888
 233 -121.6759776536313
 207 -119.6648044692737
 6 -117.6536312849162
 115 -115.6424581005587
 107 -113.6312849162011
 122 -111.6201117318436
 17 -109.608938547486
 32 -107.5977653631285
 29 -105.5865921787709
 10 -103.5754189944134
 1 -101.5642458100559
 1 -99.55307262569832
 1 -97.54189944134077
 4 -95.53072625698323
 3 -93.5195530726257
 8871 -91.50837988826815
 10 -89.49720670391061
 3 -87.48603351955308
 0 -85.47486033519553
 0 -83.46368715083798
 2 -81.45251396648044
 9 -79.44134078212289
 3 -77.43016759776536
 54 -75.41899441340782
 27 -73.40782122905027
 62 -71.39664804469274
 137 -69.38547486033519
 76 -67.37430167597765
 91 -65.3631284916201
 58 -63.35195530726256
 313 -61.34078212290503
 186 -59.32960893854748
 255 -57.31843575418993
 97 -55.3072625698324
 103 -53.29608938547486
 263 -51.28491620111731
 69 -49.27374301675977
 102 -47.26256983240222
 2 -45.25139664804468
 261 -43.24022346368713
 3 -41.22905027932961
 171 -39.21787709497207
 345 -37.20670391061452
 482 -35.19553072625698
 127 -33.18435754189943
 67 -31.17318435754188
 167 -29.16201117318434
 10 -27.15083798882682
 57 -25.13966480446928
 649 -23.12849162011173
 155 -21.11731843575419
 50 -19.10614525139664
 8 -17.09497206703909
 44 -15.08379888268155
 160 -13.072625698324
 7 -11.06145251396646
 660 -9.050279329608941
 3 -7.039106145251395
 149 -5.02793296089385
 15 -3.016759776536304
 1 -1.005586592178759
 23 1.005586592178787
 129 3.016759776536333
 3 5.02793296089385
 621 7.039106145251395
 12 9.050279329608941
 151 11.06145251396649
 68 13.07262569832403
 17 15.08379888268158
 66 17.09497206703912
 136 19.10614525139667
 529 21.11731843575421
 63 23.12849162011173
 112 25.13966480446928
 119 27.15083798882682
 57 29.16201117318437
 265 31.17318435754191
 307 33.18435754189946
 257 35.195530726257
 172 37.20670391061452
 43 39.21787709497207
 311 41.22905027932961
 1 43.24022346368716
 132 45.2513966480447
 82 47.26256983240225
 264 49.27374301675979
 90 51.28491620111734
 231 53.29608938547489
 109 55.3072625698324
 157 57.31843575418995
 300 59.32960893854749
 79 61.34078212290504
 117 63.35195530726259
 75 65.36312849162013
 122 67.37430167597768
 63 69.38547486033519
 36 71.39664804469274
 62 73.40782122905028
 11 75.41899441340783
 5 77.43016759776538
 0 79.44134078212289
 0 81.45251396648047
 1 83.46368715083798
 1 85.47486033519556
 10 87.48603351955308
 8620 89.49720670391065
 6 91.50837988826817
 3 93.51955307262574
 1 95.53072625698326
 2 97.54189944134077
 2 99.55307262569835
 19 101.5642458100559
 19 103.5754189944134
 37 105.586592178771
 20 107.5977653631285
 115 109.608938547486
 122 111.6201117318436
 170 113.6312849162011
 3 115.6424581005587
 235 117.6536312849162
 208 119.6648044692737
 107 121.6759776536313
 205 123.6871508379888
 204 125.6983240223464
 79 127.7094972067039
 190 129.7206703910614
 206 131.731843575419
 3 133.7430167597765
 146 135.7541899441341
 201 137.7653631284916
 96 139.7765363128492
 157 141.7877094972067
 533 143.7988826815642
 146 145.8100558659218
 244 147.8212290502793
 38 149.8324022346369
 189 151.8435754189944
 70 153.854748603352
 532 155.8659217877095
 47 157.8770949720671
 141 159.8882681564246
 66 161.8994413407821
 58 163.9106145251397
 20 165.9217877094972
 136 167.9329608938548
 239 169.9441340782123
 380 171.9553072625699
 2 173.9664804469274
 180 175.9776536312849
 4 177.9888268156425
 0 180


