# Created by Octave 3.8.2, Mon Jun 22 21:19:04 2020 CEST <damian@fptrucha.inv.usc.es>
# name: hd
# type: matrix
# rows: 180
# columns: 2
 3 -180
 157 -177.9888268156425
 5 -175.9776536312849
 369 -173.9664804469274
 231 -171.9553072625698
 166 -169.9441340782123
 36 -167.9329608938548
 52 -165.9217877094972
 76 -163.9106145251397
 169 -161.8994413407821
 47 -159.8882681564246
 618 -157.877094972067
 78 -155.8659217877095
 111 -153.854748603352
 32 -151.8435754189944
 79 -149.8324022346369
 219 -147.8212290502793
 663 -145.8100558659218
 150 -143.7988826815642
 90 -141.7877094972067
 186 -139.7765363128491
 127 -137.7653631284916
 2 -135.7541899441341
 187 -133.7430167597765
 196 -131.731843575419
 81 -129.7206703910614
 197 -127.7094972067039
 201 -125.6983240223464
 117 -123.6871508379888
 178 -121.6759776536313
 235 -119.6648044692737
 1 -117.6536312849162
 129 -115.6424581005587
 140 -113.6312849162011
 120 -111.6201117318436
 22 -109.608938547486
 45 -107.5977653631285
 32 -105.5865921787709
 8 -103.5754189944134
 2 -101.5642458100559
 1 -99.55307262569832
 3 -97.54189944134077
 3 -95.53072625698323
 7 -93.5195530726257
 8686 -91.50837988826815
 16 -89.49720670391061
 6 -87.48603351955308
 1 -85.47486033519553
 1 -83.46368715083798
 0 -81.45251396648044
 5 -79.44134078212289
 11 -77.43016759776536
 52 -75.41899441340782
 23 -73.40782122905027
 57 -71.39664804469274
 134 -69.38547486033519
 70 -67.37430167597765
 126 -65.3631284916201
 78 -63.35195530726256
 265 -61.34078212290503
 160 -59.32960893854748
 222 -57.31843575418993
 96 -55.3072625698324
 76 -53.29608938547486
 230 -51.28491620111731
 61 -49.27374301675977
 142 -47.26256983240222
 3 -45.25139664804468
 309 -43.24022346368713
 4 -41.22905027932961
 163 -39.21787709497207
 317 -37.20670391061452
 457 -35.19553072625698
 125 -33.18435754189943
 62 -31.17318435754188
 158 -29.16201117318434
 7 -27.15083798882682
 60 -25.13966480446928
 609 -23.12849162011173
 158 -21.11731843575419
 63 -19.10614525139664
 12 -17.09497206703909
 40 -15.08379888268155
 180 -13.072625698324
 9 -11.06145251396646
 638 -9.050279329608941
 4 -7.039106145251395
 134 -5.02793296089385
 20 -3.016759776536304
 2 -1.005586592178759
 19 1.005586592178787
 134 3.016759776536333
 3 5.02793296089385
 569 7.039106145251395
 12 9.050279329608941
 162 11.06145251396649
 49 13.07262569832403
 12 15.08379888268158
 70 17.09497206703912
 128 19.10614525139667
 570 21.11731843575421
 85 23.12849162011173
 87 25.13966480446928
 94 27.15083798882682
 61 29.16201117318437
 209 31.17318435754191
 295 33.18435754189946
 244 35.195530726257
 155 37.20670391061452
 40 39.21787709497207
 334 41.22905027932961
 1 43.24022346368716
 125 45.2513966480447
 62 47.26256983240225
 227 49.27374301675979
 90 51.28491620111734
 225 53.29608938547489
 85 55.3072625698324
 133 57.31843575418995
 252 59.32960893854749
 59 61.34078212290504
 133 63.35195530726259
 77 65.36312849162013
 126 67.37430167597768
 51 69.38547486033519
 34 71.39664804469274
 58 73.40782122905028
 11 75.41899441340783
 11 77.43016759776538
 3 79.44134078212289
 1 81.45251396648047
 2 83.46368715083798
 4 85.47486033519556
 9 87.48603351955308
 8036 89.49720670391065
 8 91.50837988826817
 3 93.51955307262574
 0 95.53072625698326
 3 97.54189944134077
 2 99.55307262569835
 7 101.5642458100559
 29 103.5754189944134
 51 105.586592178771
 28 107.5977653631285
 137 109.608938547486
 117 111.6201117318436
 124 113.6312849162011
 2 115.6424581005587
 202 117.6536312849162
 193 119.6648044692737
 100 121.6759776536313
 178 123.6871508379888
 204 125.6983240223464
 80 127.7094972067039
 178 129.7206703910614
 209 131.731843575419
 0 133.7430167597765
 135 135.7541899441341
 191 137.7653631284916
 113 139.7765363128492
 119 141.7877094972067
 538 143.7988826815642
 104 145.8100558659218
 196 147.8212290502793
 51 149.8324022346369
 163 151.8435754189944
 68 153.854748603352
 528 155.8659217877095
 61 157.8770949720671
 137 159.8882681564246
 69 161.8994413407821
 52 163.9106145251397
 28 165.9217877094972
 158 167.9329608938548
 257 169.9441340782123
 387 171.9553072625699
 2 173.9664804469274
 172 175.9776536312849
 2 177.9888268156425
 0 180


