# Created by Octave 3.8.2, Sat Jun 20 20:45:32 2020 CEST <damian@fptrucha.inv.usc.es>
# name: hd
# type: matrix
# rows: 180
# columns: 2
 0 -180
 168 -177.9888268156425
 3 -175.9776536312849
 337 -173.9664804469274
 221 -171.9553072625698
 146 -169.9441340782123
 21 -167.9329608938548
 32 -165.9217877094972
 54 -163.9106145251397
 168 -161.8994413407821
 36 -159.8882681564246
 587 -157.877094972067
 79 -155.8659217877095
 111 -153.854748603352
 37 -151.8435754189944
 59 -149.8324022346369
 202 -147.8212290502793
 648 -145.8100558659218
 113 -143.7988826815642
 88 -141.7877094972067
 147 -139.7765363128491
 95 -137.7653631284916
 0 -135.7541899441341
 145 -133.7430167597765
 160 -131.731843575419
 76 -129.7206703910614
 181 -127.7094972067039
 220 -125.6983240223464
 83 -123.6871508379888
 213 -121.6759776536313
 177 -119.6648044692737
 2 -117.6536312849162
 98 -115.6424581005587
 106 -113.6312849162011
 123 -111.6201117318436
 12 -109.608938547486
 22 -107.5977653631285
 25 -105.5865921787709
 13 -103.5754189944134
 5 -101.5642458100559
 1 -99.55307262569832
 2 -97.54189944134077
 0 -95.53072625698323
 6 -93.5195530726257
 8135 -91.50837988826815
 4 -89.49720670391061
 2 -87.48603351955308
 0 -85.47486033519553
 0 -83.46368715083798
 1 -81.45251396648044
 5 -79.44134078212289
 6 -77.43016759776536
 41 -75.41899441340782
 15 -73.40782122905027
 53 -71.39664804469274
 124 -69.38547486033519
 63 -67.37430167597765
 92 -65.3631284916201
 47 -63.35195530726256
 260 -61.34078212290503
 133 -59.32960893854748
 234 -57.31843575418993
 103 -55.3072625698324
 76 -53.29608938547486
 234 -51.28491620111731
 48 -49.27374301675977
 105 -47.26256983240222
 2 -45.25139664804468
 270 -43.24022346368713
 2 -41.22905027932961
 133 -39.21787709497207
 289 -37.20670391061452
 449 -35.19553072625698
 101 -33.18435754189943
 55 -31.17318435754188
 150 -29.16201117318434
 5 -27.15083798882682
 44 -25.13966480446928
 593 -23.12849162011173
 156 -21.11731843575419
 50 -19.10614525139664
 9 -17.09497206703909
 31 -15.08379888268155
 159 -13.072625698324
 10 -11.06145251396646
 583 -9.050279329608941
 3 -7.039106145251395
 118 -5.02793296089385
 15 -3.016759776536304
 2 -1.005586592178759
 17 1.005586592178787
 155 3.016759776536333
 4 5.02793296089385
 526 7.039106145251395
 2 9.050279329608941
 139 11.06145251396649
 51 13.07262569832403
 14 15.08379888268158
 62 17.09497206703912
 121 19.10614525139667
 466 21.11731843575421
 43 23.12849162011173
 97 25.13966480446928
 94 27.15083798882682
 57 29.16201117318437
 223 31.17318435754191
 339 33.18435754189946
 257 35.195530726257
 166 37.20670391061452
 32 39.21787709497207
 301 41.22905027932961
 3 43.24022346368716
 115 45.2513966480447
 65 47.26256983240225
 218 49.27374301675979
 90 51.28491620111734
 205 53.29608938547489
 71 55.3072625698324
 130 57.31843575418995
 258 59.32960893854749
 45 61.34078212290504
 128 63.35195530726259
 51 65.36312849162013
 103 67.37430167597768
 57 69.38547486033519
 27 71.39664804469274
 37 73.40782122905028
 6 75.41899441340783
 6 77.43016759776538
 2 79.44134078212289
 0 81.45251396648047
 5 83.46368715083798
 3 85.47486033519556
 9 87.48603351955308
 7671 89.49720670391065
 2 91.50837988826817
 3 93.51955307262574
 1 95.53072625698326
 0 97.54189944134077
 2 99.55307262569835
 9 101.5642458100559
 17 103.5754189944134
 49 105.586592178771
 20 107.5977653631285
 114 109.608938547486
 130 111.6201117318436
 132 113.6312849162011
 2 115.6424581005587
 198 117.6536312849162
 127 119.6648044692737
 89 121.6759776536313
 214 123.6871508379888
 202 125.6983240223464
 82 127.7094972067039
 179 129.7206703910614
 190 131.731843575419
 3 133.7430167597765
 111 135.7541899441341
 159 137.7653631284916
 99 139.7765363128492
 138 141.7877094972067
 486 143.7988826815642
 116 145.8100558659218
 242 147.8212290502793
 37 149.8324022346369
 160 151.8435754189944
 58 153.854748603352
 460 155.8659217877095
 48 157.8770949720671
 133 159.8882681564246
 66 161.8994413407821
 58 163.9106145251397
 18 165.9217877094972
 127 167.9329608938548
 205 169.9441340782123
 339 171.9553072625699
 3 173.9664804469274
 146 175.9776536312849
 3 177.9888268156425
 0 180


