# Created by Octave 3.8.2, Sat Jun 20 07:44:58 2020 CEST <damian@fptrucha.inv.usc.es>
# name: hd
# type: matrix
# rows: 180
# columns: 2
 4 -180
 171 -177.9888268156425
 3 -175.9776536312849
 428 -173.9664804469274
 275 -171.9553072625698
 187 -169.9441340782123
 32 -167.9329608938548
 42 -165.9217877094972
 66 -163.9106145251397
 176 -161.8994413407821
 54 -159.8882681564246
 690 -157.877094972067
 83 -155.8659217877095
 132 -153.854748603352
 48 -151.8435754189944
 73 -149.8324022346369
 255 -147.8212290502793
 689 -145.8100558659218
 181 -143.7988826815642
 101 -141.7877094972067
 199 -139.7765363128491
 131 -137.7653631284916
 7 -135.7541899441341
 182 -133.7430167597765
 168 -131.731843575419
 89 -129.7206703910614
 209 -127.7094972067039
 250 -125.6983240223464
 114 -123.6871508379888
 236 -121.6759776536313
 242 -119.6648044692737
 5 -117.6536312849162
 122 -115.6424581005587
 136 -113.6312849162011
 153 -111.6201117318436
 24 -109.608938547486
 43 -107.5977653631285
 26 -105.5865921787709
 15 -103.5754189944134
 2 -101.5642458100559
 3 -99.55307262569832
 1 -97.54189944134077
 1 -95.53072625698323
 7 -93.5195530726257
 9544 -91.50837988826815
 9 -89.49720670391061
 3 -87.48603351955308
 1 -85.47486033519553
 0 -83.46368715083798
 2 -81.45251396648044
 8 -79.44134078212289
 10 -77.43016759776536
 51 -75.41899441340782
 29 -73.40782122905027
 58 -71.39664804469274
 142 -69.38547486033519
 95 -67.37430167597765
 133 -65.3631284916201
 71 -63.35195530726256
 347 -61.34078212290503
 184 -59.32960893854748
 252 -57.31843575418993
 95 -55.3072625698324
 95 -53.29608938547486
 263 -51.28491620111731
 57 -49.27374301675977
 135 -47.26256983240222
 1 -45.25139664804468
 305 -43.24022346368713
 2 -41.22905027932961
 189 -39.21787709497207
 341 -37.20670391061452
 517 -35.19553072625698
 111 -33.18435754189943
 67 -31.17318435754188
 195 -29.16201117318434
 11 -27.15083798882682
 70 -25.13966480446928
 694 -23.12849162011173
 140 -21.11731843575419
 62 -19.10614525139664
 14 -17.09497206703909
 47 -15.08379888268155
 165 -13.072625698324
 9 -11.06145251396646
 641 -9.050279329608941
 6 -7.039106145251395
 131 -5.02793296089385
 27 -3.016759776536304
 0 -1.005586592178759
 28 1.005586592178787
 134 3.016759776536333
 3 5.02793296089385
 578 7.039106145251395
 6 9.050279329608941
 146 11.06145251396649
 60 13.07262569832403
 13 15.08379888268158
 48 17.09497206703912
 139 19.10614525139667
 574 21.11731843575421
 63 23.12849162011173
 105 25.13966480446928
 104 27.15083798882682
 68 29.16201117318437
 253 31.17318435754191
 337 33.18435754189946
 251 35.195530726257
 169 37.20670391061452
 39 39.21787709497207
 325 41.22905027932961
 2 43.24022346368716
 126 45.2513966480447
 56 47.26256983240225
 239 49.27374301675979
 101 51.28491620111734
 200 53.29608938547489
 85 55.3072625698324
 168 57.31843575418995
 303 59.32960893854749
 67 61.34078212290504
 121 63.35195530726259
 97 65.36312849162013
 103 67.37430167597768
 58 69.38547486033519
 36 71.39664804469274
 54 73.40782122905028
 4 75.41899441340783
 15 77.43016759776538
 0 79.44134078212289
 2 81.45251396648047
 1 83.46368715083798
 2 85.47486033519556
 11 87.48603351955308
 8469 89.49720670391065
 10 91.50837988826817
 4 93.51955307262574
 1 95.53072625698326
 0 97.54189944134077
 2 99.55307262569835
 18 101.5642458100559
 29 103.5754189944134
 37 105.586592178771
 26 107.5977653631285
 105 109.608938547486
 131 111.6201117318436
 117 113.6312849162011
 1 115.6424581005587
 206 117.6536312849162
 195 119.6648044692737
 104 121.6759776536313
 207 123.6871508379888
 193 125.6983240223464
 103 127.7094972067039
 172 129.7206703910614
 192 131.731843575419
 1 133.7430167597765
 123 135.7541899441341
 184 137.7653631284916
 115 139.7765363128492
 192 141.7877094972067
 563 143.7988826815642
 143 145.8100558659218
 185 147.8212290502793
 42 149.8324022346369
 170 151.8435754189944
 64 153.854748603352
 552 155.8659217877095
 52 157.8770949720671
 141 159.8882681564246
 81 161.8994413407821
 53 163.9106145251397
 20 165.9217877094972
 139 167.9329608938548
 256 169.9441340782123
 387 171.9553072625699
 4 173.9664804469274
 169 175.9776536312849
 2 177.9888268156425
 0 180


