# Created by Octave 3.8.2, Mon Jun 22 13:48:58 2020 CEST <damian@fptrucha.inv.usc.es>
# name: hd
# type: matrix
# rows: 180
# columns: 2
 4 -180
 173 -177.9888268156425
 1 -175.9776536312849
 356 -173.9664804469274
 219 -171.9553072625698
 154 -169.9441340782123
 35 -167.9329608938548
 43 -165.9217877094972
 67 -163.9106145251397
 154 -161.8994413407821
 50 -159.8882681564246
 543 -157.877094972067
 68 -155.8659217877095
 113 -153.854748603352
 48 -151.8435754189944
 80 -149.8324022346369
 242 -147.8212290502793
 586 -145.8100558659218
 136 -143.7988826815642
 100 -141.7877094972067
 177 -139.7765363128491
 128 -137.7653631284916
 1 -135.7541899441341
 175 -133.7430167597765
 153 -131.731843575419
 100 -129.7206703910614
 164 -127.7094972067039
 218 -125.6983240223464
 114 -123.6871508379888
 225 -121.6759776536313
 196 -119.6648044692737
 8 -117.6536312849162
 106 -115.6424581005587
 135 -113.6312849162011
 114 -111.6201117318436
 23 -109.608938547486
 52 -107.5977653631285
 36 -105.5865921787709
 19 -103.5754189944134
 4 -101.5642458100559
 3 -99.55307262569832
 2 -97.54189944134077
 3 -95.53072625698323
 8 -93.5195530726257
 8006 -91.50837988826815
 14 -89.49720670391061
 7 -87.48603351955308
 2 -85.47486033519553
 0 -83.46368715083798
 3 -81.45251396648044
 12 -79.44134078212289
 7 -77.43016759776536
 57 -75.41899441340782
 40 -73.40782122905027
 62 -71.39664804469274
 138 -69.38547486033519
 57 -67.37430167597765
 83 -65.3631284916201
 62 -63.35195530726256
 289 -61.34078212290503
 143 -59.32960893854748
 237 -57.31843575418993
 107 -55.3072625698324
 67 -53.29608938547486
 200 -51.28491620111731
 52 -49.27374301675977
 120 -47.26256983240222
 3 -45.25139664804468
 315 -43.24022346368713
 4 -41.22905027932961
 190 -39.21787709497207
 298 -37.20670391061452
 459 -35.19553072625698
 94 -33.18435754189943
 63 -31.17318435754188
 171 -29.16201117318434
 10 -27.15083798882682
 56 -25.13966480446928
 576 -23.12849162011173
 130 -21.11731843575419
 57 -19.10614525139664
 13 -17.09497206703909
 46 -15.08379888268155
 160 -13.072625698324
 11 -11.06145251396646
 578 -9.050279329608941
 5 -7.039106145251395
 149 -5.02793296089385
 27 -3.016759776536304
 6 -1.005586592178759
 15 1.005586592178787
 128 3.016759776536333
 4 5.02793296089385
 556 7.039106145251395
 10 9.050279329608941
 169 11.06145251396649
 33 13.07262569832403
 13 15.08379888268158
 50 17.09497206703912
 132 19.10614525139667
 592 21.11731843575421
 62 23.12849162011173
 75 25.13966480446928
 108 27.15083798882682
 66 29.16201117318437
 180 31.17318435754191
 333 33.18435754189946
 246 35.195530726257
 155 37.20670391061452
 47 39.21787709497207
 292 41.22905027932961
 1 43.24022346368716
 122 45.2513966480447
 60 47.26256983240225
 232 49.27374301675979
 76 51.28491620111734
 185 53.29608938547489
 82 55.3072625698324
 148 57.31843575418995
 230 59.32960893854749
 67 61.34078212290504
 114 63.35195530726259
 74 65.36312849162013
 122 67.37430167597768
 49 69.38547486033519
 26 71.39664804469274
 47 73.40782122905028
 10 75.41899441340783
 9 77.43016759776538
 3 79.44134078212289
 1 81.45251396648047
 1 83.46368715083798
 2 85.47486033519556
 14 87.48603351955308
 7605 89.49720670391065
 8 91.50837988826817
 5 93.51955307262574
 2 95.53072625698326
 2 97.54189944134077
 10 99.55307262569835
 19 101.5642458100559
 20 103.5754189944134
 58 105.586592178771
 19 107.5977653631285
 129 109.608938547486
 107 111.6201117318436
 128 113.6312849162011
 5 115.6424581005587
 205 117.6536312849162
 176 119.6648044692737
 93 121.6759776536313
 178 123.6871508379888
 156 125.6983240223464
 89 127.7094972067039
 174 129.7206703910614
 186 131.731843575419
 0 133.7430167597765
 118 135.7541899441341
 201 137.7653631284916
 118 139.7765363128492
 144 141.7877094972067
 531 143.7988826815642
 121 145.8100558659218
 230 147.8212290502793
 62 149.8324022346369
 138 151.8435754189944
 67 153.854748603352
 498 155.8659217877095
 63 157.8770949720671
 148 159.8882681564246
 62 161.8994413407821
 43 163.9106145251397
 19 165.9217877094972
 132 167.9329608938548
 238 169.9441340782123
 311 171.9553072625699
 7 173.9664804469274
 161 175.9776536312849
 8 177.9888268156425
 0 180


