# Created by Octave 3.8.2, Sat Jun 20 23:10:36 2020 CEST <damian@fptrucha.inv.usc.es>
# name: hd
# type: matrix
# rows: 180
# columns: 2
 3 -180
 159 -177.9888268156425
 3 -175.9776536312849
 340 -173.9664804469274
 231 -171.9553072625698
 165 -169.9441340782123
 29 -167.9329608938548
 37 -165.9217877094972
 49 -163.9106145251397
 160 -161.8994413407821
 45 -159.8882681564246
 614 -157.877094972067
 56 -155.8659217877095
 99 -153.854748603352
 38 -151.8435754189944
 58 -149.8324022346369
 175 -147.8212290502793
 602 -145.8100558659218
 116 -143.7988826815642
 78 -141.7877094972067
 168 -139.7765363128491
 76 -137.7653631284916
 3 -135.7541899441341
 156 -133.7430167597765
 133 -131.731843575419
 66 -129.7206703910614
 189 -127.7094972067039
 233 -125.6983240223464
 97 -123.6871508379888
 174 -121.6759776536313
 177 -119.6648044692737
 2 -117.6536312849162
 98 -115.6424581005587
 110 -113.6312849162011
 116 -111.6201117318436
 14 -109.608938547486
 26 -107.5977653631285
 22 -105.5865921787709
 8 -103.5754189944134
 3 -101.5642458100559
 1 -99.55307262569832
 1 -97.54189944134077
 1 -95.53072625698323
 10 -93.5195530726257
 7997 -91.50837988826815
 8 -89.49720670391061
 1 -87.48603351955308
 1 -85.47486033519553
 0 -83.46368715083798
 0 -81.45251396648044
 5 -79.44134078212289
 9 -77.43016759776536
 42 -75.41899441340782
 26 -73.40782122905027
 47 -71.39664804469274
 113 -69.38547486033519
 63 -67.37430167597765
 103 -65.3631284916201
 45 -63.35195530726256
 270 -61.34078212290503
 154 -59.32960893854748
 199 -57.31843575418993
 92 -55.3072625698324
 76 -53.29608938547486
 199 -51.28491620111731
 48 -49.27374301675977
 77 -47.26256983240222
 5 -45.25139664804468
 245 -43.24022346368713
 0 -41.22905027932961
 158 -39.21787709497207
 314 -37.20670391061452
 442 -35.19553072625698
 99 -33.18435754189943
 44 -31.17318435754188
 139 -29.16201117318434
 9 -27.15083798882682
 55 -25.13966480446928
 629 -23.12849162011173
 148 -21.11731843575419
 50 -19.10614525139664
 12 -17.09497206703909
 31 -15.08379888268155
 172 -13.072625698324
 10 -11.06145251396646
 547 -9.050279329608941
 4 -7.039106145251395
 140 -5.02793296089385
 20 -3.016759776536304
 1 -1.005586592178759
 25 1.005586592178787
 131 3.016759776536333
 4 5.02793296089385
 507 7.039106145251395
 10 9.050279329608941
 138 11.06145251396649
 49 13.07262569832403
 12 15.08379888268158
 50 17.09497206703912
 124 19.10614525139667
 531 21.11731843575421
 61 23.12849162011173
 83 25.13966480446928
 98 27.15083798882682
 58 29.16201117318437
 224 31.17318435754191
 305 33.18435754189946
 245 35.195530726257
 160 37.20670391061452
 45 39.21787709497207
 318 41.22905027932961
 2 43.24022346368716
 125 45.2513966480447
 47 47.26256983240225
 184 49.27374301675979
 102 51.28491620111734
 193 53.29608938547489
 91 55.3072625698324
 122 57.31843575418995
 236 59.32960893854749
 59 61.34078212290504
 128 63.35195530726259
 75 65.36312849162013
 97 67.37430167597768
 36 69.38547486033519
 29 71.39664804469274
 53 73.40782122905028
 7 75.41899441340783
 9 77.43016759776538
 1 79.44134078212289
 3 81.45251396648047
 0 83.46368715083798
 2 85.47486033519556
 10 87.48603351955308
 7800 89.49720670391065
 6 91.50837988826817
 3 93.51955307262574
 0 95.53072625698326
 0 97.54189944134077
 4 99.55307262569835
 10 101.5642458100559
 26 103.5754189944134
 30 105.586592178771
 25 107.5977653631285
 115 109.608938547486
 111 111.6201117318436
 110 113.6312849162011
 8 115.6424581005587
 217 117.6536312849162
 154 119.6648044692737
 106 121.6759776536313
 181 123.6871508379888
 211 125.6983240223464
 76 127.7094972067039
 163 129.7206703910614
 148 131.731843575419
 0 133.7430167597765
 112 135.7541899441341
 164 137.7653631284916
 97 139.7765363128492
 139 141.7877094972067
 439 143.7988826815642
 113 145.8100558659218
 189 147.8212290502793
 39 149.8324022346369
 158 151.8435754189944
 61 153.854748603352
 478 155.8659217877095
 37 157.8770949720671
 115 159.8882681564246
 70 161.8994413407821
 51 163.9106145251397
 14 165.9217877094972
 132 167.9329608938548
 214 169.9441340782123
 297 171.9553072625699
 3 173.9664804469274
 166 175.9776536312849
 4 177.9888268156425
 0 180


