# Created by Octave 3.8.2, Mon Jun 22 14:08:55 2020 CEST <damian@fptrucha.inv.usc.es>
# name: hd
# type: matrix
# rows: 180
# columns: 2
 3 -180
 171 -177.9888268156425
 5 -175.9776536312849
 365 -173.9664804469274
 241 -171.9553072625698
 141 -169.9441340782123
 37 -167.9329608938548
 35 -165.9217877094972
 58 -163.9106145251397
 153 -161.8994413407821
 54 -159.8882681564246
 547 -157.877094972067
 72 -155.8659217877095
 130 -153.854748603352
 49 -151.8435754189944
 70 -149.8324022346369
 217 -147.8212290502793
 521 -145.8100558659218
 141 -143.7988826815642
 107 -141.7877094972067
 165 -139.7765363128491
 125 -137.7653631284916
 6 -135.7541899441341
 174 -133.7430167597765
 172 -131.731843575419
 66 -129.7206703910614
 178 -127.7094972067039
 200 -125.6983240223464
 92 -123.6871508379888
 189 -121.6759776536313
 184 -119.6648044692737
 8 -117.6536312849162
 113 -115.6424581005587
 135 -113.6312849162011
 103 -111.6201117318436
 24 -109.608938547486
 41 -107.5977653631285
 29 -105.5865921787709
 14 -103.5754189944134
 1 -101.5642458100559
 1 -99.55307262569832
 2 -97.54189944134077
 3 -95.53072625698323
 4 -93.5195530726257
 7854 -91.50837988826815
 11 -89.49720670391061
 1 -87.48603351955308
 0 -85.47486033519553
 0 -83.46368715083798
 1 -81.45251396648044
 11 -79.44134078212289
 10 -77.43016759776536
 67 -75.41899441340782
 36 -73.40782122905027
 50 -71.39664804469274
 131 -69.38547486033519
 69 -67.37430167597765
 103 -65.3631284916201
 60 -63.35195530726256
 246 -61.34078212290503
 142 -59.32960893854748
 180 -57.31843575418993
 84 -55.3072625698324
 91 -53.29608938547486
 266 -51.28491620111731
 69 -49.27374301675977
 111 -47.26256983240222
 2 -45.25139664804468
 333 -43.24022346368713
 0 -41.22905027932961
 172 -39.21787709497207
 294 -37.20670391061452
 410 -35.19553072625698
 118 -33.18435754189943
 44 -31.17318435754188
 157 -29.16201117318434
 10 -27.15083798882682
 64 -25.13966480446928
 577 -23.12849162011173
 126 -21.11731843575419
 65 -19.10614525139664
 12 -17.09497206703909
 47 -15.08379888268155
 177 -13.072625698324
 12 -11.06145251396646
 584 -9.050279329608941
 1 -7.039106145251395
 129 -5.02793296089385
 21 -3.016759776536304
 5 -1.005586592178759
 29 1.005586592178787
 132 3.016759776536333
 2 5.02793296089385
 538 7.039106145251395
 8 9.050279329608941
 148 11.06145251396649
 33 13.07262569832403
 9 15.08379888268158
 48 17.09497206703912
 134 19.10614525139667
 566 21.11731843575421
 65 23.12849162011173
 82 25.13966480446928
 106 27.15083798882682
 59 29.16201117318437
 188 31.17318435754191
 332 33.18435754189946
 254 35.195530726257
 143 37.20670391061452
 41 39.21787709497207
 320 41.22905027932961
 1 43.24022346368716
 129 45.2513966480447
 60 47.26256983240225
 260 49.27374301675979
 90 51.28491620111734
 194 53.29608938547489
 88 55.3072625698324
 143 57.31843575418995
 267 59.32960893854749
 58 61.34078212290504
 127 63.35195530726259
 82 65.36312849162013
 110 67.37430167597768
 49 69.38547486033519
 30 71.39664804469274
 51 73.40782122905028
 5 75.41899441340783
 8 77.43016759776538
 3 79.44134078212289
 0 81.45251396648047
 4 83.46368715083798
 6 85.47486033519556
 10 87.48603351955308
 7588 89.49720670391065
 9 91.50837988826817
 4 93.51955307262574
 1 95.53072625698326
 0 97.54189944134077
 7 99.55307262569835
 11 101.5642458100559
 30 103.5754189944134
 44 105.586592178771
 28 107.5977653631285
 104 109.608938547486
 124 111.6201117318436
 129 113.6312849162011
 5 115.6424581005587
 223 117.6536312849162
 190 119.6648044692737
 78 121.6759776536313
 180 123.6871508379888
 173 125.6983240223464
 103 127.7094972067039
 165 129.7206703910614
 185 131.731843575419
 5 133.7430167597765
 127 135.7541899441341
 172 137.7653631284916
 95 139.7765363128492
 140 141.7877094972067
 474 143.7988826815642
 118 145.8100558659218
 210 147.8212290502793
 59 149.8324022346369
 147 151.8435754189944
 52 153.854748603352
 521 155.8659217877095
 65 157.8770949720671
 132 159.8882681564246
 59 161.8994413407821
 56 163.9106145251397
 15 165.9217877094972
 143 167.9329608938548
 245 169.9441340782123
 304 171.9553072625699
 4 173.9664804469274
 163 175.9776536312849
 4 177.9888268156425
 0 180


