# Created by Octave 3.8.2, Sun Jun 21 08:06:11 2020 CEST <damian@fptrucha.inv.usc.es>
# name: hd
# type: matrix
# rows: 180
# columns: 2
 5 -180
 163 -177.9888268156425
 2 -175.9776536312849
 418 -173.9664804469274
 221 -171.9553072625698
 160 -169.9441340782123
 34 -167.9329608938548
 32 -165.9217877094972
 45 -163.9106145251397
 157 -161.8994413407821
 27 -159.8882681564246
 639 -157.877094972067
 63 -155.8659217877095
 129 -153.854748603352
 45 -151.8435754189944
 75 -149.8324022346369
 214 -147.8212290502793
 630 -145.8100558659218
 128 -143.7988826815642
 87 -141.7877094972067
 171 -139.7765363128491
 106 -137.7653631284916
 2 -135.7541899441341
 146 -133.7430167597765
 147 -131.731843575419
 64 -129.7206703910614
 194 -127.7094972067039
 205 -125.6983240223464
 105 -123.6871508379888
 217 -121.6759776536313
 184 -119.6648044692737
 3 -117.6536312849162
 109 -115.6424581005587
 97 -113.6312849162011
 122 -111.6201117318436
 13 -109.608938547486
 37 -107.5977653631285
 12 -105.5865921787709
 8 -103.5754189944134
 3 -101.5642458100559
 0 -99.55307262569832
 0 -97.54189944134077
 3 -95.53072625698323
 0 -93.5195530726257
 8208 -91.50837988826815
 9 -89.49720670391061
 2 -87.48603351955308
 0 -85.47486033519553
 1 -83.46368715083798
 0 -81.45251396648044
 3 -79.44134078212289
 9 -77.43016759776536
 55 -75.41899441340782
 24 -73.40782122905027
 41 -71.39664804469274
 131 -69.38547486033519
 78 -67.37430167597765
 96 -65.3631284916201
 56 -63.35195530726256
 272 -61.34078212290503
 173 -59.32960893854748
 246 -57.31843575418993
 92 -55.3072625698324
 81 -53.29608938547486
 215 -51.28491620111731
 59 -49.27374301675977
 117 -47.26256983240222
 0 -45.25139664804468
 255 -43.24022346368713
 2 -41.22905027932961
 125 -39.21787709497207
 312 -37.20670391061452
 470 -35.19553072625698
 110 -33.18435754189943
 61 -31.17318435754188
 147 -29.16201117318434
 9 -27.15083798882682
 55 -25.13966480446928
 700 -23.12849162011173
 155 -21.11731843575419
 40 -19.10614525139664
 7 -17.09497206703909
 38 -15.08379888268155
 149 -13.072625698324
 4 -11.06145251396646
 585 -9.050279329608941
 1 -7.039106145251395
 130 -5.02793296089385
 18 -3.016759776536304
 2 -1.005586592178759
 22 1.005586592178787
 125 3.016759776536333
 0 5.02793296089385
 536 7.039106145251395
 12 9.050279329608941
 142 11.06145251396649
 43 13.07262569832403
 8 15.08379888268158
 60 17.09497206703912
 111 19.10614525139667
 563 21.11731843575421
 74 23.12849162011173
 77 25.13966480446928
 107 27.15083798882682
 55 29.16201117318437
 196 31.17318435754191
 327 33.18435754189946
 275 35.195530726257
 172 37.20670391061452
 45 39.21787709497207
 316 41.22905027932961
 2 43.24022346368716
 134 45.2513966480447
 70 47.26256983240225
 243 49.27374301675979
 76 51.28491620111734
 211 53.29608938547489
 70 55.3072625698324
 146 57.31843575418995
 263 59.32960893854749
 66 61.34078212290504
 117 63.35195530726259
 62 65.36312849162013
 87 67.37430167597768
 48 69.38547486033519
 29 71.39664804469274
 39 73.40782122905028
 6 75.41899441340783
 5 77.43016759776538
 1 79.44134078212289
 0 81.45251396648047
 0 83.46368715083798
 7 85.47486033519556
 11 87.48603351955308
 7701 89.49720670391065
 7 91.50837988826817
 5 93.51955307262574
 1 95.53072625698326
 0 97.54189944134077
 1 99.55307262569835
 8 101.5642458100559
 19 103.5754189944134
 35 105.586592178771
 23 107.5977653631285
 95 109.608938547486
 116 111.6201117318436
 120 113.6312849162011
 0 115.6424581005587
 191 117.6536312849162
 151 119.6648044692737
 90 121.6759776536313
 177 123.6871508379888
 204 125.6983240223464
 81 127.7094972067039
 169 129.7206703910614
 176 131.731843575419
 2 133.7430167597765
 114 135.7541899441341
 171 137.7653631284916
 120 139.7765363128492
 135 141.7877094972067
 480 143.7988826815642
 99 145.8100558659218
 195 147.8212290502793
 55 149.8324022346369
 175 151.8435754189944
 63 153.854748603352
 485 155.8659217877095
 47 157.8770949720671
 124 159.8882681564246
 73 161.8994413407821
 46 163.9106145251397
 18 165.9217877094972
 130 167.9329608938548
 222 169.9441340782123
 361 171.9553072625699
 3 173.9664804469274
 140 175.9776536312849
 4 177.9888268156425
 0 180


