# Created by Octave 3.8.2, Sat Jun 20 05:31:17 2020 CEST <damian@fptrucha.inv.usc.es>
# name: hd
# type: matrix
# rows: 180
# columns: 2
 5 -180
 201 -177.9888268156425
 2 -175.9776536312849
 437 -173.9664804469274
 242 -171.9553072625698
 153 -169.9441340782123
 26 -167.9329608938548
 32 -165.9217877094972
 57 -163.9106145251397
 165 -161.8994413407821
 50 -159.8882681564246
 664 -157.877094972067
 59 -155.8659217877095
 133 -153.854748603352
 44 -151.8435754189944
 95 -149.8324022346369
 261 -147.8212290502793
 719 -145.8100558659218
 162 -143.7988826815642
 86 -141.7877094972067
 197 -139.7765363128491
 107 -137.7653631284916
 4 -135.7541899441341
 206 -133.7430167597765
 210 -131.731843575419
 97 -129.7206703910614
 213 -127.7094972067039
 239 -125.6983240223464
 118 -123.6871508379888
 211 -121.6759776536313
 243 -119.6648044692737
 2 -117.6536312849162
 121 -115.6424581005587
 153 -113.6312849162011
 177 -111.6201117318436
 30 -109.608938547486
 40 -107.5977653631285
 16 -105.5865921787709
 9 -103.5754189944134
 6 -101.5642458100559
 0 -99.55307262569832
 1 -97.54189944134077
 2 -95.53072625698323
 9 -93.5195530726257
 9183 -91.50837988826815
 12 -89.49720670391061
 1 -87.48603351955308
 0 -85.47486033519553
 1 -83.46368715083798
 1 -81.45251396648044
 5 -79.44134078212289
 12 -77.43016759776536
 47 -75.41899441340782
 40 -73.40782122905027
 46 -71.39664804469274
 148 -69.38547486033519
 90 -67.37430167597765
 133 -65.3631284916201
 51 -63.35195530726256
 291 -61.34078212290503
 179 -59.32960893854748
 249 -57.31843575418993
 107 -55.3072625698324
 90 -53.29608938547486
 231 -51.28491620111731
 67 -49.27374301675977
 127 -47.26256983240222
 3 -45.25139664804468
 287 -43.24022346368713
 1 -41.22905027932961
 166 -39.21787709497207
 354 -37.20670391061452
 495 -35.19553072625698
 115 -33.18435754189943
 64 -31.17318435754188
 156 -29.16201117318434
 11 -27.15083798882682
 61 -25.13966480446928
 662 -23.12849162011173
 165 -21.11731843575419
 40 -19.10614525139664
 12 -17.09497206703909
 30 -15.08379888268155
 166 -13.072625698324
 9 -11.06145251396646
 602 -9.050279329608941
 3 -7.039106145251395
 138 -5.02793296089385
 23 -3.016759776536304
 2 -1.005586592178759
 23 1.005586592178787
 145 3.016759776536333
 4 5.02793296089385
 599 7.039106145251395
 17 9.050279329608941
 159 11.06145251396649
 43 13.07262569832403
 9 15.08379888268158
 58 17.09497206703912
 126 19.10614525139667
 574 21.11731843575421
 61 23.12849162011173
 95 25.13966480446928
 115 27.15083798882682
 55 29.16201117318437
 238 31.17318435754191
 340 33.18435754189946
 291 35.195530726257
 168 37.20670391061452
 27 39.21787709497207
 306 41.22905027932961
 1 43.24022346368716
 125 45.2513966480447
 69 47.26256983240225
 256 49.27374301675979
 94 51.28491620111734
 198 53.29608938547489
 80 55.3072625698324
 131 57.31843575418995
 268 59.32960893854749
 69 61.34078212290504
 141 63.35195530726259
 83 65.36312849162013
 113 67.37430167597768
 49 69.38547486033519
 40 71.39664804469274
 49 73.40782122905028
 10 75.41899441340783
 6 77.43016759776538
 1 79.44134078212289
 2 81.45251396648047
 0 83.46368715083798
 3 85.47486033519556
 8 87.48603351955308
 8335 89.49720670391065
 7 91.50837988826817
 1 93.51955307262574
 0 95.53072625698326
 0 97.54189944134077
 3 99.55307262569835
 16 101.5642458100559
 23 103.5754189944134
 40 105.586592178771
 19 107.5977653631285
 102 109.608938547486
 118 111.6201117318436
 120 113.6312849162011
 1 115.6424581005587
 234 117.6536312849162
 191 119.6648044692737
 95 121.6759776536313
 177 123.6871508379888
 194 125.6983240223464
 73 127.7094972067039
 156 129.7206703910614
 228 131.731843575419
 3 133.7430167597765
 142 135.7541899441341
 209 137.7653631284916
 112 139.7765363128492
 144 141.7877094972067
 542 143.7988826815642
 118 145.8100558659218
 210 147.8212290502793
 41 149.8324022346369
 158 151.8435754189944
 75 153.854748603352
 562 155.8659217877095
 52 157.8770949720671
 149 159.8882681564246
 60 161.8994413407821
 64 163.9106145251397
 22 165.9217877094972
 133 167.9329608938548
 251 169.9441340782123
 403 171.9553072625699
 2 173.9664804469274
 137 175.9776536312849
 3 177.9888268156425
 0 180


