# Created by Octave 3.8.2, Mon Jun 22 18:48:50 2020 CEST <damian@fptrucha.inv.usc.es>
# name: hd
# type: matrix
# rows: 180
# columns: 2
 2 -180
 169 -177.9888268156425
 5 -175.9776536312849
 357 -173.9664804469274
 239 -171.9553072625698
 171 -169.9441340782123
 26 -167.9329608938548
 55 -165.9217877094972
 62 -163.9106145251397
 137 -161.8994413407821
 48 -159.8882681564246
 595 -157.877094972067
 75 -155.8659217877095
 139 -153.854748603352
 47 -151.8435754189944
 93 -149.8324022346369
 260 -147.8212290502793
 605 -145.8100558659218
 135 -143.7988826815642
 105 -141.7877094972067
 183 -139.7765363128491
 129 -137.7653631284916
 3 -135.7541899441341
 177 -133.7430167597765
 180 -131.731843575419
 81 -129.7206703910614
 205 -127.7094972067039
 236 -125.6983240223464
 92 -123.6871508379888
 196 -121.6759776536313
 217 -119.6648044692737
 3 -117.6536312849162
 112 -115.6424581005587
 131 -113.6312849162011
 170 -111.6201117318436
 21 -109.608938547486
 41 -107.5977653631285
 23 -105.5865921787709
 15 -103.5754189944134
 1 -101.5642458100559
 1 -99.55307262569832
 1 -97.54189944134077
 2 -95.53072625698323
 12 -93.5195530726257
 8643 -91.50837988826815
 15 -89.49720670391061
 8 -87.48603351955308
 2 -85.47486033519553
 2 -83.46368715083798
 7 -81.45251396648044
 4 -79.44134078212289
 5 -77.43016759776536
 58 -75.41899441340782
 40 -73.40782122905027
 51 -71.39664804469274
 127 -69.38547486033519
 85 -67.37430167597765
 119 -65.3631284916201
 60 -63.35195530726256
 293 -61.34078212290503
 159 -59.32960893854748
 232 -57.31843575418993
 89 -55.3072625698324
 92 -53.29608938547486
 241 -51.28491620111731
 73 -49.27374301675977
 117 -47.26256983240222
 3 -45.25139664804468
 315 -43.24022346368713
 4 -41.22905027932961
 204 -39.21787709497207
 305 -37.20670391061452
 451 -35.19553072625698
 137 -33.18435754189943
 62 -31.17318435754188
 180 -29.16201117318434
 11 -27.15083798882682
 52 -25.13966480446928
 621 -23.12849162011173
 165 -21.11731843575419
 64 -19.10614525139664
 10 -17.09497206703909
 61 -15.08379888268155
 164 -13.072625698324
 13 -11.06145251396646
 615 -9.050279329608941
 1 -7.039106145251395
 158 -5.02793296089385
 21 -3.016759776536304
 5 -1.005586592178759
 20 1.005586592178787
 134 3.016759776536333
 6 5.02793296089385
 579 7.039106145251395
 7 9.050279329608941
 151 11.06145251396649
 44 13.07262569832403
 5 15.08379888268158
 59 17.09497206703912
 141 19.10614525139667
 523 21.11731843575421
 56 23.12849162011173
 93 25.13966480446928
 96 27.15083798882682
 59 29.16201117318437
 179 31.17318435754191
 355 33.18435754189946
 287 35.195530726257
 139 37.20670391061452
 47 39.21787709497207
 289 41.22905027932961
 2 43.24022346368716
 118 45.2513966480447
 61 47.26256983240225
 242 49.27374301675979
 74 51.28491620111734
 206 53.29608938547489
 89 55.3072625698324
 136 57.31843575418995
 267 59.32960893854749
 48 61.34078212290504
 99 63.35195530726259
 87 65.36312849162013
 116 67.37430167597768
 32 69.38547486033519
 32 71.39664804469274
 41 73.40782122905028
 5 75.41899441340783
 10 77.43016759776538
 2 79.44134078212289
 0 81.45251396648047
 3 83.46368715083798
 7 85.47486033519556
 18 87.48603351955308
 7653 89.49720670391065
 12 91.50837988826817
 2 93.51955307262574
 2 95.53072625698326
 0 97.54189944134077
 3 99.55307262569835
 11 101.5642458100559
 26 103.5754189944134
 36 105.586592178771
 24 107.5977653631285
 126 109.608938547486
 116 111.6201117318436
 136 113.6312849162011
 7 115.6424581005587
 204 117.6536312849162
 171 119.6648044692737
 92 121.6759776536313
 191 123.6871508379888
 170 125.6983240223464
 79 127.7094972067039
 163 129.7206703910614
 172 131.731843575419
 3 133.7430167597765
 116 135.7541899441341
 181 137.7653631284916
 97 139.7765363128492
 117 141.7877094972067
 521 143.7988826815642
 114 145.8100558659218
 209 147.8212290502793
 37 149.8324022346369
 141 151.8435754189944
 74 153.854748603352
 516 155.8659217877095
 71 157.8770949720671
 136 159.8882681564246
 86 161.8994413407821
 47 163.9106145251397
 16 165.9217877094972
 141 167.9329608938548
 234 169.9441340782123
 325 171.9553072625699
 4 173.9664804469274
 168 175.9776536312849
 3 177.9888268156425
 0 180


