# Created by Octave 3.8.2, Sat Jun 20 20:41:35 2020 CEST <damian@fptrucha.inv.usc.es>
# name: hd
# type: matrix
# rows: 180
# columns: 2
 1 -180
 115 -177.9888268156425
 3 -175.9776536312849
 230 -173.9664804469274
 145 -171.9553072625698
 118 -169.9441340782123
 22 -167.9329608938548
 29 -165.9217877094972
 34 -163.9106145251397
 102 -161.8994413407821
 26 -159.8882681564246
 404 -157.877094972067
 36 -155.8659217877095
 74 -153.854748603352
 21 -151.8435754189944
 35 -149.8324022346369
 142 -147.8212290502793
 426 -145.8100558659218
 76 -143.7988826815642
 52 -141.7877094972067
 106 -139.7765363128491
 54 -137.7653631284916
 1 -135.7541899441341
 119 -133.7430167597765
 108 -131.731843575419
 51 -129.7206703910614
 101 -127.7094972067039
 144 -125.6983240223464
 45 -123.6871508379888
 123 -121.6759776536313
 110 -119.6648044692737
 4 -117.6536312849162
 74 -115.6424581005587
 70 -113.6312849162011
 80 -111.6201117318436
 14 -109.608938547486
 19 -107.5977653631285
 14 -105.5865921787709
 6 -103.5754189944134
 1 -101.5642458100559
 0 -99.55307262569832
 0 -97.54189944134077
 1 -95.53072625698323
 2 -93.5195530726257
 5327 -91.50837988826815
 9 -89.49720670391061
 1 -87.48603351955308
 0 -85.47486033519553
 0 -83.46368715083798
 0 -81.45251396648044
 0 -79.44134078212289
 7 -77.43016759776536
 27 -75.41899441340782
 15 -73.40782122905027
 35 -71.39664804469274
 73 -69.38547486033519
 41 -67.37430167597765
 69 -65.3631284916201
 30 -63.35195530726256
 169 -61.34078212290503
 104 -59.32960893854748
 161 -57.31843575418993
 65 -55.3072625698324
 56 -53.29608938547486
 154 -51.28491620111731
 43 -49.27374301675977
 64 -47.26256983240222
 0 -45.25139664804468
 181 -43.24022346368713
 0 -41.22905027932961
 106 -39.21787709497207
 190 -37.20670391061452
 306 -35.19553072625698
 72 -33.18435754189943
 36 -31.17318435754188
 110 -29.16201117318434
 5 -27.15083798882682
 36 -25.13966480446928
 446 -23.12849162011173
 102 -21.11731843575419
 32 -19.10614525139664
 2 -17.09497206703909
 19 -15.08379888268155
 99 -13.072625698324
 2 -11.06145251396646
 370 -9.050279329608941
 0 -7.039106145251395
 74 -5.02793296089385
 14 -3.016759776536304
 3 -1.005586592178759
 18 1.005586592178787
 79 3.016759776536333
 1 5.02793296089385
 360 7.039106145251395
 5 9.050279329608941
 86 11.06145251396649
 28 13.07262569832403
 10 15.08379888268158
 37 17.09497206703912
 68 19.10614525139667
 354 21.11731843575421
 42 23.12849162011173
 62 25.13966480446928
 67 27.15083798882682
 36 29.16201117318437
 165 31.17318435754191
 207 33.18435754189946
 144 35.195530726257
 90 37.20670391061452
 33 39.21787709497207
 183 41.22905027932961
 1 43.24022346368716
 85 45.2513966480447
 51 47.26256983240225
 147 49.27374301675979
 53 51.28491620111734
 122 53.29608938547489
 49 55.3072625698324
 97 57.31843575418995
 197 59.32960893854749
 39 61.34078212290504
 70 63.35195530726259
 52 65.36312849162013
 78 67.37430167597768
 25 69.38547486033519
 18 71.39664804469274
 18 73.40782122905028
 1 75.41899441340783
 5 77.43016759776538
 0 79.44134078212289
 0 81.45251396648047
 2 83.46368715083798
 2 85.47486033519556
 9 87.48603351955308
 5064 89.49720670391065
 2 91.50837988826817
 1 93.51955307262574
 2 95.53072625698326
 2 97.54189944134077
 0 99.55307262569835
 13 101.5642458100559
 15 103.5754189944134
 33 105.586592178771
 19 107.5977653631285
 75 109.608938547486
 71 111.6201117318436
 76 113.6312849162011
 0 115.6424581005587
 145 117.6536312849162
 120 119.6648044692737
 48 121.6759776536313
 136 123.6871508379888
 104 125.6983240223464
 51 127.7094972067039
 103 129.7206703910614
 123 131.731843575419
 4 133.7430167597765
 76 135.7541899441341
 92 137.7653631284916
 67 139.7765363128492
 110 141.7877094972067
 322 143.7988826815642
 68 145.8100558659218
 137 147.8212290502793
 37 149.8324022346369
 106 151.8435754189944
 46 153.854748603352
 344 155.8659217877095
 24 157.8770949720671
 74 159.8882681564246
 53 161.8994413407821
 22 163.9106145251397
 12 165.9217877094972
 70 167.9329608938548
 140 169.9441340782123
 219 171.9553072625699
 2 173.9664804469274
 94 175.9776536312849
 1 177.9888268156425
 0 180


