# Created by Octave 3.8.2, Mon Jun 22 06:04:16 2020 CEST <damian@fptrucha.inv.usc.es>
# name: hd
# type: matrix
# rows: 180
# columns: 2
 3 -180
 140 -177.9888268156425
 3 -175.9776536312849
 346 -173.9664804469274
 227 -171.9553072625698
 119 -169.9441340782123
 35 -167.9329608938548
 42 -165.9217877094972
 49 -163.9106145251397
 165 -161.8994413407821
 38 -159.8882681564246
 501 -157.877094972067
 75 -155.8659217877095
 115 -153.854748603352
 41 -151.8435754189944
 81 -149.8324022346369
 214 -147.8212290502793
 534 -145.8100558659218
 108 -143.7988826815642
 78 -141.7877094972067
 172 -139.7765363128491
 116 -137.7653631284916
 6 -135.7541899441341
 187 -133.7430167597765
 161 -131.731843575419
 85 -129.7206703910614
 158 -127.7094972067039
 196 -125.6983240223464
 92 -123.6871508379888
 147 -121.6759776536313
 186 -119.6648044692737
 3 -117.6536312849162
 108 -115.6424581005587
 128 -113.6312849162011
 107 -111.6201117318436
 26 -109.608938547486
 49 -107.5977653631285
 23 -105.5865921787709
 15 -103.5754189944134
 6 -101.5642458100559
 1 -99.55307262569832
 3 -97.54189944134077
 3 -95.53072625698323
 17 -93.5195530726257
 7511 -91.50837988826815
 14 -89.49720670391061
 7 -87.48603351955308
 3 -85.47486033519553
 1 -83.46368715083798
 5 -81.45251396648044
 4 -79.44134078212289
 5 -77.43016759776536
 52 -75.41899441340782
 20 -73.40782122905027
 35 -71.39664804469274
 118 -69.38547486033519
 76 -67.37430167597765
 93 -65.3631284916201
 51 -63.35195530726256
 260 -61.34078212290503
 116 -59.32960893854748
 178 -57.31843575418993
 92 -55.3072625698324
 70 -53.29608938547486
 204 -51.28491620111731
 57 -49.27374301675977
 128 -47.26256983240222
 6 -45.25139664804468
 289 -43.24022346368713
 4 -41.22905027932961
 135 -39.21787709497207
 243 -37.20670391061452
 383 -35.19553072625698
 113 -33.18435754189943
 46 -31.17318435754188
 161 -29.16201117318434
 14 -27.15083798882682
 65 -25.13966480446928
 563 -23.12849162011173
 108 -21.11731843575419
 58 -19.10614525139664
 8 -17.09497206703909
 40 -15.08379888268155
 163 -13.072625698324
 13 -11.06145251396646
 524 -9.050279329608941
 4 -7.039106145251395
 129 -5.02793296089385
 26 -3.016759776536304
 5 -1.005586592178759
 22 1.005586592178787
 134 3.016759776536333
 8 5.02793296089385
 503 7.039106145251395
 7 9.050279329608941
 141 11.06145251396649
 55 13.07262569832403
 9 15.08379888268158
 50 17.09497206703912
 117 19.10614525139667
 491 21.11731843575421
 67 23.12849162011173
 91 25.13966480446928
 96 27.15083798882682
 63 29.16201117318437
 177 31.17318435754191
 306 33.18435754189946
 241 35.195530726257
 128 37.20670391061452
 42 39.21787709497207
 265 41.22905027932961
 6 43.24022346368716
 112 45.2513966480447
 55 47.26256983240225
 201 49.27374301675979
 79 51.28491620111734
 197 53.29608938547489
 81 55.3072625698324
 164 57.31843575418995
 229 59.32960893854749
 54 61.34078212290504
 116 63.35195530726259
 72 65.36312849162013
 111 67.37430167597768
 49 69.38547486033519
 30 71.39664804469274
 44 73.40782122905028
 12 75.41899441340783
 7 77.43016759776538
 2 79.44134078212289
 2 81.45251396648047
 3 83.46368715083798
 2 85.47486033519556
 17 87.48603351955308
 7104 89.49720670391065
 7 91.50837988826817
 4 93.51955307262574
 1 95.53072625698326
 0 97.54189944134077
 4 99.55307262569835
 9 101.5642458100559
 27 103.5754189944134
 31 105.586592178771
 17 107.5977653631285
 122 109.608938547486
 94 111.6201117318436
 103 113.6312849162011
 0 115.6424581005587
 195 117.6536312849162
 147 119.6648044692737
 80 121.6759776536313
 166 123.6871508379888
 170 125.6983240223464
 94 127.7094972067039
 156 129.7206703910614
 176 131.731843575419
 4 133.7430167597765
 122 135.7541899441341
 179 137.7653631284916
 90 139.7765363128492
 135 141.7877094972067
 453 143.7988826815642
 129 145.8100558659218
 210 147.8212290502793
 47 149.8324022346369
 124 151.8435754189944
 74 153.854748603352
 459 155.8659217877095
 43 157.8770949720671
 147 159.8882681564246
 62 161.8994413407821
 44 163.9106145251397
 15 165.9217877094972
 142 167.9329608938548
 211 169.9441340782123
 304 171.9553072625699
 4 173.9664804469274
 168 175.9776536312849
 9 177.9888268156425
 0 180


