# Created by Octave 3.8.2, Mon Jun 22 12:07:47 2020 CEST <damian@fptrucha.inv.usc.es>
# name: hd
# type: matrix
# rows: 180
# columns: 2
 3 -180
 172 -177.9888268156425
 4 -175.9776536312849
 360 -173.9664804469274
 217 -171.9553072625698
 144 -169.9441340782123
 30 -167.9329608938548
 47 -165.9217877094972
 61 -163.9106145251397
 147 -161.8994413407821
 44 -159.8882681564246
 588 -157.877094972067
 75 -155.8659217877095
 120 -153.854748603352
 38 -151.8435754189944
 83 -149.8324022346369
 227 -147.8212290502793
 565 -145.8100558659218
 144 -143.7988826815642
 95 -141.7877094972067
 171 -139.7765363128491
 119 -137.7653631284916
 4 -135.7541899441341
 161 -133.7430167597765
 151 -131.731843575419
 81 -129.7206703910614
 150 -127.7094972067039
 216 -125.6983240223464
 90 -123.6871508379888
 180 -121.6759776536313
 194 -119.6648044692737
 7 -117.6536312849162
 113 -115.6424581005587
 119 -113.6312849162011
 126 -111.6201117318436
 22 -109.608938547486
 30 -107.5977653631285
 18 -105.5865921787709
 18 -103.5754189944134
 2 -101.5642458100559
 0 -99.55307262569832
 3 -97.54189944134077
 6 -95.53072625698323
 6 -93.5195530726257
 7723 -91.50837988826815
 13 -89.49720670391061
 4 -87.48603351955308
 2 -85.47486033519553
 0 -83.46368715083798
 0 -81.45251396648044
 8 -79.44134078212289
 3 -77.43016759776536
 54 -75.41899441340782
 29 -73.40782122905027
 51 -71.39664804469274
 113 -69.38547486033519
 88 -67.37430167597765
 104 -65.3631284916201
 47 -63.35195530726256
 261 -61.34078212290503
 131 -59.32960893854748
 205 -57.31843575418993
 78 -55.3072625698324
 92 -53.29608938547486
 206 -51.28491620111731
 55 -49.27374301675977
 99 -47.26256983240222
 3 -45.25139664804468
 294 -43.24022346368713
 3 -41.22905027932961
 162 -39.21787709497207
 310 -37.20670391061452
 406 -35.19553072625698
 110 -33.18435754189943
 65 -31.17318435754188
 141 -29.16201117318434
 12 -27.15083798882682
 68 -25.13966480446928
 577 -23.12849162011173
 133 -21.11731843575419
 53 -19.10614525139664
 16 -17.09497206703909
 42 -15.08379888268155
 178 -13.072625698324
 7 -11.06145251396646
 559 -9.050279329608941
 1 -7.039106145251395
 119 -5.02793296089385
 27 -3.016759776536304
 3 -1.005586592178759
 16 1.005586592178787
 125 3.016759776536333
 3 5.02793296089385
 564 7.039106145251395
 10 9.050279329608941
 155 11.06145251396649
 27 13.07262569832403
 16 15.08379888268158
 56 17.09497206703912
 118 19.10614525139667
 527 21.11731843575421
 54 23.12849162011173
 82 25.13966480446928
 89 27.15083798882682
 56 29.16201117318437
 206 31.17318435754191
 306 33.18435754189946
 283 35.195530726257
 136 37.20670391061452
 31 39.21787709497207
 309 41.22905027932961
 3 43.24022346368716
 124 45.2513966480447
 59 47.26256983240225
 253 49.27374301675979
 77 51.28491620111734
 208 53.29608938547489
 80 55.3072625698324
 137 57.31843575418995
 272 59.32960893854749
 81 61.34078212290504
 124 63.35195530726259
 84 65.36312849162013
 132 67.37430167597768
 59 69.38547486033519
 38 71.39664804469274
 49 73.40782122905028
 11 75.41899441340783
 10 77.43016759776538
 4 79.44134078212289
 1 81.45251396648047
 5 83.46368715083798
 6 85.47486033519556
 16 87.48603351955308
 7737 89.49720670391065
 7 91.50837988826817
 1 93.51955307262574
 1 95.53072625698326
 0 97.54189944134077
 1 99.55307262569835
 13 101.5642458100559
 25 103.5754189944134
 36 105.586592178771
 23 107.5977653631285
 113 109.608938547486
 133 111.6201117318436
 136 113.6312849162011
 4 115.6424581005587
 207 117.6536312849162
 184 119.6648044692737
 92 121.6759776536313
 186 123.6871508379888
 169 125.6983240223464
 69 127.7094972067039
 189 129.7206703910614
 174 131.731843575419
 2 133.7430167597765
 111 135.7541899441341
 184 137.7653631284916
 92 139.7765363128492
 125 141.7877094972067
 503 143.7988826815642
 121 145.8100558659218
 198 147.8212290502793
 57 149.8324022346369
 130 151.8435754189944
 61 153.854748603352
 486 155.8659217877095
 55 157.8770949720671
 143 159.8882681564246
 66 161.8994413407821
 45 163.9106145251397
 19 165.9217877094972
 151 167.9329608938548
 244 169.9441340782123
 356 171.9553072625699
 4 173.9664804469274
 160 175.9776536312849
 4 177.9888268156425
 0 180


