# Created by Octave 3.8.2, Mon Jun 22 17:36:18 2020 CEST <damian@fptrucha.inv.usc.es>
# name: hd
# type: matrix
# rows: 180
# columns: 2
 2 -180
 136 -177.9888268156425
 3 -175.9776536312849
 272 -173.9664804469274
 151 -171.9553072625698
 89 -169.9441340782123
 31 -167.9329608938548
 26 -165.9217877094972
 49 -163.9106145251397
 104 -161.8994413407821
 26 -159.8882681564246
 394 -157.877094972067
 47 -155.8659217877095
 93 -153.854748603352
 28 -151.8435754189944
 58 -149.8324022346369
 166 -147.8212290502793
 370 -145.8100558659218
 98 -143.7988826815642
 70 -141.7877094972067
 109 -139.7765363128491
 75 -137.7653631284916
 4 -135.7541899441341
 110 -133.7430167597765
 107 -131.731843575419
 54 -129.7206703910614
 125 -127.7094972067039
 146 -125.6983240223464
 68 -123.6871508379888
 111 -121.6759776536313
 169 -119.6648044692737
 3 -117.6536312849162
 78 -115.6424581005587
 76 -113.6312849162011
 84 -111.6201117318436
 21 -109.608938547486
 25 -107.5977653631285
 23 -105.5865921787709
 13 -103.5754189944134
 5 -101.5642458100559
 1 -99.55307262569832
 0 -97.54189944134077
 2 -95.53072625698323
 3 -93.5195530726257
 5404 -91.50837988826815
 12 -89.49720670391061
 3 -87.48603351955308
 3 -85.47486033519553
 0 -83.46368715083798
 0 -81.45251396648044
 8 -79.44134078212289
 5 -77.43016759776536
 30 -75.41899441340782
 23 -73.40782122905027
 30 -71.39664804469274
 89 -69.38547486033519
 56 -67.37430167597765
 67 -65.3631284916201
 40 -63.35195530726256
 170 -61.34078212290503
 112 -59.32960893854748
 166 -57.31843575418993
 57 -55.3072625698324
 56 -53.29608938547486
 156 -51.28491620111731
 49 -49.27374301675977
 81 -47.26256983240222
 4 -45.25139664804468
 198 -43.24022346368713
 2 -41.22905027932961
 116 -39.21787709497207
 202 -37.20670391061452
 302 -35.19553072625698
 83 -33.18435754189943
 45 -31.17318435754188
 101 -29.16201117318434
 11 -27.15083798882682
 47 -25.13966480446928
 398 -23.12849162011173
 92 -21.11731843575419
 34 -19.10614525139664
 7 -17.09497206703909
 28 -15.08379888268155
 125 -13.072625698324
 10 -11.06145251396646
 420 -9.050279329608941
 1 -7.039106145251395
 89 -5.02793296089385
 12 -3.016759776536304
 4 -1.005586592178759
 16 1.005586592178787
 87 3.016759776536333
 2 5.02793296089385
 387 7.039106145251395
 8 9.050279329608941
 107 11.06145251396649
 28 13.07262569832403
 7 15.08379888268158
 30 17.09497206703912
 81 19.10614525139667
 360 21.11731843575421
 41 23.12849162011173
 58 25.13966480446928
 64 27.15083798882682
 50 29.16201117318437
 140 31.17318435754191
 224 33.18435754189946
 196 35.195530726257
 98 37.20670391061452
 28 39.21787709497207
 210 41.22905027932961
 1 43.24022346368716
 107 45.2513966480447
 45 47.26256983240225
 159 49.27374301675979
 53 51.28491620111734
 138 53.29608938547489
 52 55.3072625698324
 88 57.31843575418995
 181 59.32960893854749
 43 61.34078212290504
 94 63.35195530726259
 56 65.36312849162013
 93 67.37430167597768
 40 69.38547486033519
 17 71.39664804469274
 39 73.40782122905028
 6 75.41899441340783
 6 77.43016759776538
 3 79.44134078212289
 1 81.45251396648047
 0 83.46368715083798
 4 85.47486033519556
 12 87.48603351955308
 5129 89.49720670391065
 12 91.50837988826817
 2 93.51955307262574
 1 95.53072625698326
 0 97.54189944134077
 3 99.55307262569835
 6 101.5642458100559
 20 103.5754189944134
 33 105.586592178771
 19 107.5977653631285
 88 109.608938547486
 101 111.6201117318436
 71 113.6312849162011
 3 115.6424581005587
 156 117.6536312849162
 118 119.6648044692737
 55 121.6759776536313
 94 123.6871508379888
 114 125.6983240223464
 60 127.7094972067039
 114 129.7206703910614
 120 131.731843575419
 1 133.7430167597765
 77 135.7541899441341
 112 137.7653631284916
 81 139.7765363128492
 97 141.7877094972067
 327 143.7988826815642
 75 145.8100558659218
 131 147.8212290502793
 35 149.8324022346369
 106 151.8435754189944
 41 153.854748603352
 346 155.8659217877095
 28 157.8770949720671
 103 159.8882681564246
 38 161.8994413407821
 25 163.9106145251397
 16 165.9217877094972
 102 167.9329608938548
 155 169.9441340782123
 223 171.9553072625699
 0 173.9664804469274
 112 175.9776536312849
 4 177.9888268156425
 0 180


