# Created by Octave 3.8.2, Sat Jun 20 11:32:10 2020 CEST <damian@fptrucha.inv.usc.es>
# name: hd
# type: matrix
# rows: 180
# columns: 2
 5 -180
 182 -177.9888268156425
 2 -175.9776536312849
 392 -173.9664804469274
 243 -171.9553072625698
 169 -169.9441340782123
 28 -167.9329608938548
 56 -165.9217877094972
 53 -163.9106145251397
 153 -161.8994413407821
 54 -159.8882681564246
 658 -157.877094972067
 64 -155.8659217877095
 126 -153.854748603352
 48 -151.8435754189944
 63 -149.8324022346369
 234 -147.8212290502793
 666 -145.8100558659218
 150 -143.7988826815642
 110 -141.7877094972067
 173 -139.7765363128491
 117 -137.7653631284916
 1 -135.7541899441341
 176 -133.7430167597765
 181 -131.731843575419
 78 -129.7206703910614
 189 -127.7094972067039
 250 -125.6983240223464
 96 -123.6871508379888
 215 -121.6759776536313
 201 -119.6648044692737
 4 -117.6536312849162
 109 -115.6424581005587
 111 -113.6312849162011
 127 -111.6201117318436
 17 -109.608938547486
 36 -107.5977653631285
 26 -105.5865921787709
 13 -103.5754189944134
 2 -101.5642458100559
 1 -99.55307262569832
 0 -97.54189944134077
 1 -95.53072625698323
 2 -93.5195530726257
 8739 -91.50837988826815
 17 -89.49720670391061
 3 -87.48603351955308
 4 -85.47486033519553
 0 -83.46368715083798
 1 -81.45251396648044
 4 -79.44134078212289
 4 -77.43016759776536
 51 -75.41899441340782
 29 -73.40782122905027
 52 -71.39664804469274
 99 -69.38547486033519
 82 -67.37430167597765
 80 -65.3631284916201
 55 -63.35195530726256
 282 -61.34078212290503
 155 -59.32960893854748
 239 -57.31843575418993
 101 -55.3072625698324
 120 -53.29608938547486
 242 -51.28491620111731
 55 -49.27374301675977
 125 -47.26256983240222
 0 -45.25139664804468
 285 -43.24022346368713
 4 -41.22905027932961
 139 -39.21787709497207
 361 -37.20670391061452
 495 -35.19553072625698
 100 -33.18435754189943
 50 -31.17318435754188
 156 -29.16201117318434
 9 -27.15083798882682
 58 -25.13966480446928
 704 -23.12849162011173
 160 -21.11731843575419
 51 -19.10614525139664
 11 -17.09497206703909
 37 -15.08379888268155
 144 -13.072625698324
 15 -11.06145251396646
 665 -9.050279329608941
 2 -7.039106145251395
 110 -5.02793296089385
 14 -3.016759776536304
 1 -1.005586592178759
 23 1.005586592178787
 142 3.016759776536333
 5 5.02793296089385
 563 7.039106145251395
 3 9.050279329608941
 147 11.06145251396649
 47 13.07262569832403
 8 15.08379888268158
 53 17.09497206703912
 100 19.10614525139667
 519 21.11731843575421
 54 23.12849162011173
 97 25.13966480446928
 123 27.15083798882682
 61 29.16201117318437
 236 31.17318435754191
 356 33.18435754189946
 265 35.195530726257
 195 37.20670391061452
 48 39.21787709497207
 313 41.22905027932961
 0 43.24022346368716
 138 45.2513966480447
 65 47.26256983240225
 288 49.27374301675979
 105 51.28491620111734
 225 53.29608938547489
 76 55.3072625698324
 151 57.31843575418995
 263 59.32960893854749
 55 61.34078212290504
 118 63.35195530726259
 74 65.36312849162013
 140 67.37430167597768
 51 69.38547486033519
 34 71.39664804469274
 61 73.40782122905028
 16 75.41899441340783
 9 77.43016759776538
 4 79.44134078212289
 2 81.45251396648047
 2 83.46368715083798
 1 85.47486033519556
 7 87.48603351955308
 8439 89.49720670391065
 4 91.50837988826817
 3 93.51955307262574
 2 95.53072625698326
 0 97.54189944134077
 3 99.55307262569835
 16 101.5642458100559
 21 103.5754189944134
 39 105.586592178771
 21 107.5977653631285
 117 109.608938547486
 122 111.6201117318436
 134 113.6312849162011
 4 115.6424581005587
 211 117.6536312849162
 177 119.6648044692737
 98 121.6759776536313
 204 123.6871508379888
 196 125.6983240223464
 90 127.7094972067039
 184 129.7206703910614
 193 131.731843575419
 3 133.7430167597765
 151 135.7541899441341
 198 137.7653631284916
 111 139.7765363128492
 176 141.7877094972067
 512 143.7988826815642
 148 145.8100558659218
 224 147.8212290502793
 51 149.8324022346369
 180 151.8435754189944
 82 153.854748603352
 505 155.8659217877095
 56 157.8770949720671
 140 159.8882681564246
 65 161.8994413407821
 62 163.9106145251397
 16 165.9217877094972
 137 167.9329608938548
 252 169.9441340782123
 385 171.9553072625699
 4 173.9664804469274
 172 175.9776536312849
 4 177.9888268156425
 0 180


