# Created by Octave 3.8.2, Sat Jun 20 20:32:59 2020 CEST <damian@fptrucha.inv.usc.es>
# name: hd
# type: matrix
# rows: 180
# columns: 2
 4 -180
 157 -177.9888268156425
 2 -175.9776536312849
 362 -173.9664804469274
 214 -171.9553072625698
 157 -169.9441340782123
 26 -167.9329608938548
 31 -165.9217877094972
 63 -163.9106145251397
 152 -161.8994413407821
 40 -159.8882681564246
 610 -157.877094972067
 68 -155.8659217877095
 111 -153.854748603352
 49 -151.8435754189944
 58 -149.8324022346369
 217 -147.8212290502793
 619 -145.8100558659218
 117 -143.7988826815642
 93 -141.7877094972067
 160 -139.7765363128491
 98 -137.7653631284916
 2 -135.7541899441341
 154 -133.7430167597765
 135 -131.731843575419
 87 -129.7206703910614
 165 -127.7094972067039
 224 -125.6983240223464
 100 -123.6871508379888
 194 -121.6759776536313
 182 -119.6648044692737
 4 -117.6536312849162
 114 -115.6424581005587
 119 -113.6312849162011
 100 -111.6201117318436
 15 -109.608938547486
 38 -107.5977653631285
 16 -105.5865921787709
 13 -103.5754189944134
 1 -101.5642458100559
 2 -99.55307262569832
 1 -97.54189944134077
 0 -95.53072625698323
 11 -93.5195530726257
 8139 -91.50837988826815
 12 -89.49720670391061
 5 -87.48603351955308
 1 -85.47486033519553
 1 -83.46368715083798
 2 -81.45251396648044
 4 -79.44134078212289
 2 -77.43016759776536
 48 -75.41899441340782
 31 -73.40782122905027
 50 -71.39664804469274
 114 -69.38547486033519
 77 -67.37430167597765
 101 -65.3631284916201
 40 -63.35195530726256
 291 -61.34078212290503
 151 -59.32960893854748
 227 -57.31843575418993
 90 -55.3072625698324
 81 -53.29608938547486
 235 -51.28491620111731
 57 -49.27374301675977
 103 -47.26256983240222
 3 -45.25139664804468
 262 -43.24022346368713
 3 -41.22905027932961
 147 -39.21787709497207
 304 -37.20670391061452
 465 -35.19553072625698
 98 -33.18435754189943
 58 -31.17318435754188
 166 -29.16201117318434
 8 -27.15083798882682
 63 -25.13966480446928
 612 -23.12849162011173
 158 -21.11731843575419
 46 -19.10614525139664
 17 -17.09497206703909
 43 -15.08379888268155
 172 -13.072625698324
 5 -11.06145251396646
 578 -9.050279329608941
 3 -7.039106145251395
 135 -5.02793296089385
 12 -3.016759776536304
 1 -1.005586592178759
 11 1.005586592178787
 113 3.016759776536333
 2 5.02793296089385
 539 7.039106145251395
 7 9.050279329608941
 145 11.06145251396649
 53 13.07262569832403
 9 15.08379888268158
 68 17.09497206703912
 107 19.10614525139667
 557 21.11731843575421
 60 23.12849162011173
 84 25.13966480446928
 91 27.15083798882682
 67 29.16201117318437
 218 31.17318435754191
 337 33.18435754189946
 216 35.195530726257
 154 37.20670391061452
 31 39.21787709497207
 307 41.22905027932961
 2 43.24022346368716
 116 45.2513966480447
 56 47.26256983240225
 252 49.27374301675979
 68 51.28491620111734
 211 53.29608938547489
 92 55.3072625698324
 156 57.31843575418995
 247 59.32960893854749
 62 61.34078212290504
 115 63.35195530726259
 80 65.36312849162013
 114 67.37430167597768
 44 69.38547486033519
 31 71.39664804469274
 44 73.40782122905028
 4 75.41899441340783
 5 77.43016759776538
 3 79.44134078212289
 1 81.45251396648047
 0 83.46368715083798
 3 85.47486033519556
 16 87.48603351955308
 7645 89.49720670391065
 9 91.50837988826817
 0 93.51955307262574
 0 95.53072625698326
 1 97.54189944134077
 1 99.55307262569835
 8 101.5642458100559
 21 103.5754189944134
 39 105.586592178771
 20 107.5977653631285
 126 109.608938547486
 118 111.6201117318436
 112 113.6312849162011
 1 115.6424581005587
 195 117.6536312849162
 169 119.6648044692737
 104 121.6759776536313
 185 123.6871508379888
 185 125.6983240223464
 83 127.7094972067039
 163 129.7206703910614
 182 131.731843575419
 4 133.7430167597765
 136 135.7541899441341
 165 137.7653631284916
 128 139.7765363128492
 140 141.7877094972067
 476 143.7988826815642
 115 145.8100558659218
 207 147.8212290502793
 45 149.8324022346369
 151 151.8435754189944
 60 153.854748603352
 444 155.8659217877095
 52 157.8770949720671
 140 159.8882681564246
 70 161.8994413407821
 48 163.9106145251397
 15 165.9217877094972
 118 167.9329608938548
 229 169.9441340782123
 320 171.9553072625699
 1 173.9664804469274
 141 175.9776536312849
 0 177.9888268156425
 0 180


