# Created by Octave 3.8.2, Mon Jun 22 15:12:54 2020 CEST <damian@fptrucha.inv.usc.es>
# name: hd
# type: matrix
# rows: 180
# columns: 2
 4 -180
 172 -177.9888268156425
 4 -175.9776536312849
 392 -173.9664804469274
 259 -171.9553072625698
 143 -169.9441340782123
 29 -167.9329608938548
 39 -165.9217877094972
 49 -163.9106145251397
 180 -161.8994413407821
 35 -159.8882681564246
 599 -157.877094972067
 64 -155.8659217877095
 110 -153.854748603352
 51 -151.8435754189944
 72 -149.8324022346369
 218 -147.8212290502793
 616 -145.8100558659218
 131 -143.7988826815642
 101 -141.7877094972067
 172 -139.7765363128491
 101 -137.7653631284916
 4 -135.7541899441341
 158 -133.7430167597765
 156 -131.731843575419
 87 -129.7206703910614
 190 -127.7094972067039
 227 -125.6983240223464
 106 -123.6871508379888
 198 -121.6759776536313
 207 -119.6648044692737
 4 -117.6536312849162
 118 -115.6424581005587
 111 -113.6312849162011
 116 -111.6201117318436
 17 -109.608938547486
 41 -107.5977653631285
 28 -105.5865921787709
 16 -103.5754189944134
 3 -101.5642458100559
 1 -99.55307262569832
 4 -97.54189944134077
 5 -95.53072625698323
 10 -93.5195530726257
 8179 -91.50837988826815
 12 -89.49720670391061
 4 -87.48603351955308
 0 -85.47486033519553
 1 -83.46368715083798
 2 -81.45251396648044
 5 -79.44134078212289
 10 -77.43016759776536
 53 -75.41899441340782
 28 -73.40782122905027
 55 -71.39664804469274
 109 -69.38547486033519
 92 -67.37430167597765
 95 -65.3631284916201
 49 -63.35195530726256
 272 -61.34078212290503
 149 -59.32960893854748
 188 -57.31843575418993
 98 -55.3072625698324
 91 -53.29608938547486
 237 -51.28491620111731
 76 -49.27374301675977
 117 -47.26256983240222
 4 -45.25139664804468
 286 -43.24022346368713
 3 -41.22905027932961
 157 -39.21787709497207
 279 -37.20670391061452
 468 -35.19553072625698
 114 -33.18435754189943
 66 -31.17318435754188
 147 -29.16201117318434
 4 -27.15083798882682
 64 -25.13966480446928
 616 -23.12849162011173
 147 -21.11731843575419
 62 -19.10614525139664
 11 -17.09497206703909
 48 -15.08379888268155
 157 -13.072625698324
 11 -11.06145251396646
 590 -9.050279329608941
 3 -7.039106145251395
 147 -5.02793296089385
 20 -3.016759776536304
 2 -1.005586592178759
 31 1.005586592178787
 120 3.016759776536333
 5 5.02793296089385
 581 7.039106145251395
 6 9.050279329608941
 125 11.06145251396649
 51 13.07262569832403
 16 15.08379888268158
 73 17.09497206703912
 154 19.10614525139667
 551 21.11731843575421
 66 23.12849162011173
 91 25.13966480446928
 108 27.15083798882682
 69 29.16201117318437
 199 31.17318435754191
 303 33.18435754189946
 269 35.195530726257
 171 37.20670391061452
 35 39.21787709497207
 306 41.22905027932961
 2 43.24022346368716
 121 45.2513966480447
 71 47.26256983240225
 229 49.27374301675979
 114 51.28491620111734
 217 53.29608938547489
 66 55.3072625698324
 164 57.31843575418995
 271 59.32960893854749
 76 61.34078212290504
 131 63.35195530726259
 76 65.36312849162013
 111 67.37430167597768
 49 69.38547486033519
 39 71.39664804469274
 56 73.40782122905028
 13 75.41899441340783
 15 77.43016759776538
 4 79.44134078212289
 2 81.45251396648047
 1 83.46368715083798
 10 85.47486033519556
 13 87.48603351955308
 7987 89.49720670391065
 9 91.50837988826817
 2 93.51955307262574
 2 95.53072625698326
 0 97.54189944134077
 5 99.55307262569835
 15 101.5642458100559
 30 103.5754189944134
 41 105.586592178771
 32 107.5977653631285
 118 109.608938547486
 127 111.6201117318436
 141 113.6312849162011
 2 115.6424581005587
 218 117.6536312849162
 182 119.6648044692737
 102 121.6759776536313
 201 123.6871508379888
 197 125.6983240223464
 83 127.7094972067039
 178 129.7206703910614
 203 131.731843575419
 4 133.7430167597765
 132 135.7541899441341
 178 137.7653631284916
 115 139.7765363128492
 136 141.7877094972067
 502 143.7988826815642
 133 145.8100558659218
 199 147.8212290502793
 38 149.8324022346369
 140 151.8435754189944
 79 153.854748603352
 501 155.8659217877095
 49 157.8770949720671
 181 159.8882681564246
 65 161.8994413407821
 40 163.9106145251397
 21 165.9217877094972
 133 167.9329608938548
 217 169.9441340782123
 347 171.9553072625699
 3 173.9664804469274
 169 175.9776536312849
 0 177.9888268156425
 0 180


