# Created by Octave 3.8.2, Mon Jun 22 11:58:26 2020 CEST <damian@fptrucha.inv.usc.es>
# name: hd
# type: matrix
# rows: 180
# columns: 2
 3 -180
 191 -177.9888268156425
 6 -175.9776536312849
 337 -173.9664804469274
 238 -171.9553072625698
 153 -169.9441340782123
 36 -167.9329608938548
 52 -165.9217877094972
 57 -163.9106145251397
 148 -161.8994413407821
 40 -159.8882681564246
 597 -157.877094972067
 66 -155.8659217877095
 124 -153.854748603352
 42 -151.8435754189944
 69 -149.8324022346369
 222 -147.8212290502793
 550 -145.8100558659218
 126 -143.7988826815642
 94 -141.7877094972067
 159 -139.7765363128491
 122 -137.7653631284916
 5 -135.7541899441341
 151 -133.7430167597765
 158 -131.731843575419
 87 -129.7206703910614
 165 -127.7094972067039
 224 -125.6983240223464
 86 -123.6871508379888
 160 -121.6759776536313
 187 -119.6648044692737
 2 -117.6536312849162
 110 -115.6424581005587
 100 -113.6312849162011
 111 -111.6201117318436
 22 -109.608938547486
 39 -107.5977653631285
 23 -105.5865921787709
 18 -103.5754189944134
 3 -101.5642458100559
 0 -99.55307262569832
 3 -97.54189944134077
 1 -95.53072625698323
 10 -93.5195530726257
 7756 -91.50837988826815
 15 -89.49720670391061
 4 -87.48603351955308
 2 -85.47486033519553
 0 -83.46368715083798
 4 -81.45251396648044
 8 -79.44134078212289
 5 -77.43016759776536
 48 -75.41899441340782
 33 -73.40782122905027
 49 -71.39664804469274
 118 -69.38547486033519
 80 -67.37430167597765
 107 -65.3631284916201
 47 -63.35195530726256
 232 -61.34078212290503
 131 -59.32960893854748
 222 -57.31843575418993
 80 -55.3072625698324
 58 -53.29608938547486
 220 -51.28491620111731
 59 -49.27374301675977
 114 -47.26256983240222
 6 -45.25139664804468
 285 -43.24022346368713
 3 -41.22905027932961
 183 -39.21787709497207
 248 -37.20670391061452
 406 -35.19553072625698
 81 -33.18435754189943
 59 -31.17318435754188
 171 -29.16201117318434
 8 -27.15083798882682
 67 -25.13966480446928
 549 -23.12849162011173
 119 -21.11731843575419
 50 -19.10614525139664
 8 -17.09497206703909
 35 -15.08379888268155
 151 -13.072625698324
 11 -11.06145251396646
 564 -9.050279329608941
 4 -7.039106145251395
 136 -5.02793296089385
 21 -3.016759776536304
 3 -1.005586592178759
 27 1.005586592178787
 125 3.016759776536333
 7 5.02793296089385
 562 7.039106145251395
 8 9.050279329608941
 155 11.06145251396649
 47 13.07262569832403
 22 15.08379888268158
 47 17.09497206703912
 140 19.10614525139667
 521 21.11731843575421
 58 23.12849162011173
 76 25.13966480446928
 99 27.15083798882682
 62 29.16201117318437
 200 31.17318435754191
 330 33.18435754189946
 255 35.195530726257
 141 37.20670391061452
 34 39.21787709497207
 299 41.22905027932961
 0 43.24022346368716
 108 45.2513966480447
 65 47.26256983240225
 244 49.27374301675979
 76 51.28491620111734
 181 53.29608938547489
 84 55.3072625698324
 155 57.31843575418995
 276 59.32960893854749
 59 61.34078212290504
 112 63.35195530726259
 79 65.36312849162013
 122 67.37430167597768
 51 69.38547486033519
 38 71.39664804469274
 56 73.40782122905028
 13 75.41899441340783
 7 77.43016759776538
 1 79.44134078212289
 0 81.45251396648047
 2 83.46368715083798
 6 85.47486033519556
 15 87.48603351955308
 7641 89.49720670391065
 6 91.50837988826817
 3 93.51955307262574
 2 95.53072625698326
 2 97.54189944134077
 4 99.55307262569835
 10 101.5642458100559
 31 103.5754189944134
 42 105.586592178771
 38 107.5977653631285
 121 109.608938547486
 147 111.6201117318436
 115 113.6312849162011
 1 115.6424581005587
 193 117.6536312849162
 196 119.6648044692737
 92 121.6759776536313
 150 123.6871508379888
 189 125.6983240223464
 72 127.7094972067039
 175 129.7206703910614
 194 131.731843575419
 4 133.7430167597765
 108 135.7541899441341
 157 137.7653631284916
 116 139.7765363128492
 147 141.7877094972067
 494 143.7988826815642
 117 145.8100558659218
 176 147.8212290502793
 37 149.8324022346369
 142 151.8435754189944
 68 153.854748603352
 503 155.8659217877095
 63 157.8770949720671
 148 159.8882681564246
 65 161.8994413407821
 46 163.9106145251397
 21 165.9217877094972
 137 167.9329608938548
 226 169.9441340782123
 344 171.9553072625699
 3 173.9664804469274
 157 175.9776536312849
 7 177.9888268156425
 0 180


