# Created by Octave 3.8.2, Sat Jun 20 13:14:32 2020 CEST <damian@fptrucha.inv.usc.es>
# name: hd
# type: matrix
# rows: 180
# columns: 2
 1 -180
 163 -177.9888268156425
 8 -175.9776536312849
 412 -173.9664804469274
 219 -171.9553072625698
 159 -169.9441340782123
 39 -167.9329608938548
 45 -165.9217877094972
 56 -163.9106145251397
 172 -161.8994413407821
 44 -159.8882681564246
 641 -157.877094972067
 66 -155.8659217877095
 113 -153.854748603352
 53 -151.8435754189944
 68 -149.8324022346369
 222 -147.8212290502793
 666 -145.8100558659218
 132 -143.7988826815642
 106 -141.7877094972067
 180 -139.7765363128491
 100 -137.7653631284916
 6 -135.7541899441341
 163 -133.7430167597765
 133 -131.731843575419
 79 -129.7206703910614
 175 -127.7094972067039
 248 -125.6983240223464
 93 -123.6871508379888
 199 -121.6759776536313
 205 -119.6648044692737
 0 -117.6536312849162
 97 -115.6424581005587
 129 -113.6312849162011
 125 -111.6201117318436
 18 -109.608938547486
 26 -107.5977653631285
 20 -105.5865921787709
 11 -103.5754189944134
 3 -101.5642458100559
 0 -99.55307262569832
 0 -97.54189944134077
 3 -95.53072625698323
 4 -93.5195530726257
 8519 -91.50837988826815
 9 -89.49720670391061
 2 -87.48603351955308
 4 -85.47486033519553
 0 -83.46368715083798
 1 -81.45251396648044
 8 -79.44134078212289
 5 -77.43016759776536
 50 -75.41899441340782
 20 -73.40782122905027
 46 -71.39664804469274
 99 -69.38547486033519
 60 -67.37430167597765
 109 -65.3631284916201
 45 -63.35195530726256
 289 -61.34078212290503
 145 -59.32960893854748
 256 -57.31843575418993
 99 -55.3072625698324
 98 -53.29608938547486
 251 -51.28491620111731
 47 -49.27374301675977
 112 -47.26256983240222
 2 -45.25139664804468
 317 -43.24022346368713
 3 -41.22905027932961
 153 -39.21787709497207
 314 -37.20670391061452
 496 -35.19553072625698
 104 -33.18435754189943
 57 -31.17318435754188
 141 -29.16201117318434
 10 -27.15083798882682
 55 -25.13966480446928
 638 -23.12849162011173
 137 -21.11731843575419
 49 -19.10614525139664
 15 -17.09497206703909
 36 -15.08379888268155
 167 -13.072625698324
 9 -11.06145251396646
 617 -9.050279329608941
 1 -7.039106145251395
 131 -5.02793296089385
 25 -3.016759776536304
 2 -1.005586592178759
 15 1.005586592178787
 159 3.016759776536333
 4 5.02793296089385
 585 7.039106145251395
 12 9.050279329608941
 155 11.06145251396649
 54 13.07262569832403
 11 15.08379888268158
 51 17.09497206703912
 109 19.10614525139667
 564 21.11731843575421
 72 23.12849162011173
 124 25.13966480446928
 110 27.15083798882682
 55 29.16201117318437
 233 31.17318435754191
 319 33.18435754189946
 228 35.195530726257
 190 37.20670391061452
 29 39.21787709497207
 299 41.22905027932961
 2 43.24022346368716
 116 45.2513966480447
 88 47.26256983240225
 241 49.27374301675979
 93 51.28491620111734
 233 53.29608938547489
 97 55.3072625698324
 140 57.31843575418995
 277 59.32960893854749
 62 61.34078212290504
 147 63.35195530726259
 83 65.36312849162013
 122 67.37430167597768
 41 69.38547486033519
 35 71.39664804469274
 44 73.40782122905028
 9 75.41899441340783
 11 77.43016759776538
 5 79.44134078212289
 0 81.45251396648047
 0 83.46368715083798
 3 85.47486033519556
 5 87.48603351955308
 8234 89.49720670391065
 4 91.50837988826817
 4 93.51955307262574
 1 95.53072625698326
 0 97.54189944134077
 4 99.55307262569835
 15 101.5642458100559
 23 103.5754189944134
 37 105.586592178771
 22 107.5977653631285
 98 109.608938547486
 133 111.6201117318436
 133 113.6312849162011
 5 115.6424581005587
 221 117.6536312849162
 170 119.6648044692737
 96 121.6759776536313
 176 123.6871508379888
 171 125.6983240223464
 78 127.7094972067039
 208 129.7206703910614
 210 131.731843575419
 0 133.7430167597765
 144 135.7541899441341
 192 137.7653631284916
 113 139.7765363128492
 156 141.7877094972067
 495 143.7988826815642
 131 145.8100558659218
 202 147.8212290502793
 46 149.8324022346369
 163 151.8435754189944
 68 153.854748603352
 497 155.8659217877095
 48 157.8770949720671
 137 159.8882681564246
 75 161.8994413407821
 44 163.9106145251397
 15 165.9217877094972
 147 167.9329608938548
 189 169.9441340782123
 355 171.9553072625699
 4 173.9664804469274
 160 175.9776536312849
 2 177.9888268156425
 0 180


