# Created by Octave 3.8.2, Sat Jun 20 23:05:19 2020 CEST <damian@fptrucha.inv.usc.es>
# name: hd
# type: matrix
# rows: 180
# columns: 2
 1 -180
 154 -177.9888268156425
 2 -175.9776536312849
 365 -173.9664804469274
 218 -171.9553072625698
 140 -169.9441340782123
 22 -167.9329608938548
 36 -165.9217877094972
 62 -163.9106145251397
 165 -161.8994413407821
 37 -159.8882681564246
 622 -157.877094972067
 56 -155.8659217877095
 105 -153.854748603352
 33 -151.8435754189944
 53 -149.8324022346369
 180 -147.8212290502793
 641 -145.8100558659218
 128 -143.7988826815642
 79 -141.7877094972067
 165 -139.7765363128491
 93 -137.7653631284916
 1 -135.7541899441341
 147 -133.7430167597765
 147 -131.731843575419
 81 -129.7206703910614
 172 -127.7094972067039
 216 -125.6983240223464
 103 -123.6871508379888
 186 -121.6759776536313
 181 -119.6648044692737
 3 -117.6536312849162
 71 -115.6424581005587
 109 -113.6312849162011
 125 -111.6201117318436
 11 -109.608938547486
 31 -107.5977653631285
 15 -105.5865921787709
 10 -103.5754189944134
 3 -101.5642458100559
 2 -99.55307262569832
 2 -97.54189944134077
 1 -95.53072625698323
 1 -93.5195530726257
 7966 -91.50837988826815
 9 -89.49720670391061
 4 -87.48603351955308
 2 -85.47486033519553
 0 -83.46368715083798
 0 -81.45251396648044
 7 -79.44134078212289
 3 -77.43016759776536
 35 -75.41899441340782
 25 -73.40782122905027
 53 -71.39664804469274
 93 -69.38547486033519
 67 -67.37430167597765
 119 -65.3631284916201
 48 -63.35195530726256
 275 -61.34078212290503
 145 -59.32960893854748
 208 -57.31843575418993
 86 -55.3072625698324
 68 -53.29608938547486
 193 -51.28491620111731
 55 -49.27374301675977
 102 -47.26256983240222
 2 -45.25139664804468
 264 -43.24022346368713
 4 -41.22905027932961
 165 -39.21787709497207
 302 -37.20670391061452
 457 -35.19553072625698
 103 -33.18435754189943
 53 -31.17318435754188
 149 -29.16201117318434
 5 -27.15083798882682
 56 -25.13966480446928
 625 -23.12849162011173
 122 -21.11731843575419
 50 -19.10614525139664
 6 -17.09497206703909
 35 -15.08379888268155
 171 -13.072625698324
 6 -11.06145251396646
 549 -9.050279329608941
 5 -7.039106145251395
 118 -5.02793296089385
 12 -3.016759776536304
 0 -1.005586592178759
 19 1.005586592178787
 147 3.016759776536333
 1 5.02793296089385
 554 7.039106145251395
 8 9.050279329608941
 127 11.06145251396649
 53 13.07262569832403
 9 15.08379888268158
 63 17.09497206703912
 94 19.10614525139667
 507 21.11731843575421
 45 23.12849162011173
 95 25.13966480446928
 94 27.15083798882682
 63 29.16201117318437
 219 31.17318435754191
 308 33.18435754189946
 250 35.195530726257
 193 37.20670391061452
 42 39.21787709497207
 284 41.22905027932961
 1 43.24022346368716
 133 45.2513966480447
 63 47.26256983240225
 232 49.27374301675979
 72 51.28491620111734
 202 53.29608938547489
 67 55.3072625698324
 132 57.31843575418995
 260 59.32960893854749
 53 61.34078212290504
 129 63.35195530726259
 49 65.36312849162013
 99 67.37430167597768
 59 69.38547486033519
 24 71.39664804469274
 43 73.40782122905028
 7 75.41899441340783
 7 77.43016759776538
 5 79.44134078212289
 2 81.45251396648047
 1 83.46368715083798
 2 85.47486033519556
 10 87.48603351955308
 7549 89.49720670391065
 10 91.50837988826817
 2 93.51955307262574
 3 95.53072625698326
 0 97.54189944134077
 4 99.55307262569835
 14 101.5642458100559
 30 103.5754189944134
 31 105.586592178771
 20 107.5977653631285
 102 109.608938547486
 130 111.6201117318436
 112 113.6312849162011
 5 115.6424581005587
 178 117.6536312849162
 150 119.6648044692737
 74 121.6759776536313
 172 123.6871508379888
 168 125.6983240223464
 76 127.7094972067039
 168 129.7206703910614
 186 131.731843575419
 1 133.7430167597765
 119 135.7541899441341
 167 137.7653631284916
 83 139.7765363128492
 127 141.7877094972067
 484 143.7988826815642
 131 145.8100558659218
 201 147.8212290502793
 49 149.8324022346369
 165 151.8435754189944
 61 153.854748603352
 454 155.8659217877095
 50 157.8770949720671
 140 159.8882681564246
 73 161.8994413407821
 39 163.9106145251397
 25 165.9217877094972
 122 167.9329608938548
 219 169.9441340782123
 333 171.9553072625699
 3 173.9664804469274
 133 175.9776536312849
 2 177.9888268156425
 0 180


