# Created by Octave 3.8.2, Sun Jun 21 05:29:29 2020 CEST <damian@fptrucha.inv.usc.es>
# name: hd
# type: matrix
# rows: 180
# columns: 2
 3 -180
 156 -177.9888268156425
 3 -175.9776536312849
 328 -173.9664804469274
 240 -171.9553072625698
 128 -169.9441340782123
 27 -167.9329608938548
 36 -165.9217877094972
 49 -163.9106145251397
 140 -161.8994413407821
 41 -159.8882681564246
 624 -157.877094972067
 56 -155.8659217877095
 112 -153.854748603352
 55 -151.8435754189944
 78 -149.8324022346369
 238 -147.8212290502793
 585 -145.8100558659218
 141 -143.7988826815642
 95 -141.7877094972067
 146 -139.7765363128491
 89 -137.7653631284916
 2 -135.7541899441341
 152 -133.7430167597765
 162 -131.731843575419
 90 -129.7206703910614
 179 -127.7094972067039
 227 -125.6983240223464
 98 -123.6871508379888
 177 -121.6759776536313
 172 -119.6648044692737
 0 -117.6536312849162
 89 -115.6424581005587
 95 -113.6312849162011
 101 -111.6201117318436
 14 -109.608938547486
 17 -107.5977653631285
 21 -105.5865921787709
 9 -103.5754189944134
 2 -101.5642458100559
 0 -99.55307262569832
 1 -97.54189944134077
 4 -95.53072625698323
 8 -93.5195530726257
 8011 -91.50837988826815
 10 -89.49720670391061
 2 -87.48603351955308
 3 -85.47486033519553
 0 -83.46368715083798
 3 -81.45251396648044
 5 -79.44134078212289
 4 -77.43016759776536
 49 -75.41899441340782
 17 -73.40782122905027
 62 -71.39664804469274
 120 -69.38547486033519
 77 -67.37430167597765
 86 -65.3631284916201
 49 -63.35195530726256
 250 -61.34078212290503
 170 -59.32960893854748
 183 -57.31843575418993
 88 -55.3072625698324
 74 -53.29608938547486
 222 -51.28491620111731
 57 -49.27374301675977
 101 -47.26256983240222
 3 -45.25139664804468
 266 -43.24022346368713
 3 -41.22905027932961
 158 -39.21787709497207
 287 -37.20670391061452
 411 -35.19553072625698
 115 -33.18435754189943
 56 -31.17318435754188
 146 -29.16201117318434
 10 -27.15083798882682
 43 -25.13966480446928
 678 -23.12849162011173
 120 -21.11731843575419
 50 -19.10614525139664
 17 -17.09497206703909
 29 -15.08379888268155
 163 -13.072625698324
 9 -11.06145251396646
 528 -9.050279329608941
 2 -7.039106145251395
 109 -5.02793296089385
 19 -3.016759776536304
 2 -1.005586592178759
 14 1.005586592178787
 107 3.016759776536333
 2 5.02793296089385
 535 7.039106145251395
 9 9.050279329608941
 151 11.06145251396649
 34 13.07262569832403
 9 15.08379888268158
 42 17.09497206703912
 101 19.10614525139667
 478 21.11731843575421
 54 23.12849162011173
 84 25.13966480446928
 102 27.15083798882682
 59 29.16201117318437
 203 31.17318435754191
 302 33.18435754189946
 246 35.195530726257
 157 37.20670391061452
 37 39.21787709497207
 295 41.22905027932961
 0 43.24022346368716
 124 45.2513966480447
 53 47.26256983240225
 212 49.27374301675979
 84 51.28491620111734
 188 53.29608938547489
 70 55.3072625698324
 130 57.31843575418995
 242 59.32960893854749
 65 61.34078212290504
 121 63.35195530726259
 55 65.36312849162013
 109 67.37430167597768
 48 69.38547486033519
 28 71.39664804469274
 36 73.40782122905028
 4 75.41899441340783
 13 77.43016759776538
 3 79.44134078212289
 0 81.45251396648047
 1 83.46368715083798
 3 85.47486033519556
 8 87.48603351955308
 7438 89.49720670391065
 3 91.50837988826817
 3 93.51955307262574
 1 95.53072625698326
 0 97.54189944134077
 1 99.55307262569835
 15 101.5642458100559
 19 103.5754189944134
 32 105.586592178771
 20 107.5977653631285
 95 109.608938547486
 117 111.6201117318436
 105 113.6312849162011
 3 115.6424581005587
 188 117.6536312849162
 175 119.6648044692737
 90 121.6759776536313
 167 123.6871508379888
 174 125.6983240223464
 71 127.7094972067039
 166 129.7206703910614
 175 131.731843575419
 0 133.7430167597765
 98 135.7541899441341
 187 137.7653631284916
 82 139.7765363128492
 140 141.7877094972067
 444 143.7988826815642
 128 145.8100558659218
 208 147.8212290502793
 45 149.8324022346369
 144 151.8435754189944
 52 153.854748603352
 464 155.8659217877095
 35 157.8770949720671
 128 159.8882681564246
 69 161.8994413407821
 41 163.9106145251397
 21 165.9217877094972
 123 167.9329608938548
 184 169.9441340782123
 329 171.9553072625699
 1 173.9664804469274
 154 175.9776536312849
 5 177.9888268156425
 0 180


