# Created by Octave 3.8.2, Sun Jun 21 01:44:20 2020 CEST <damian@fptrucha.inv.usc.es>
# name: hd
# type: matrix
# rows: 180
# columns: 2
 4 -180
 143 -177.9888268156425
 4 -175.9776536312849
 339 -173.9664804469274
 222 -171.9553072625698
 135 -169.9441340782123
 26 -167.9329608938548
 38 -165.9217877094972
 56 -163.9106145251397
 161 -161.8994413407821
 38 -159.8882681564246
 629 -157.877094972067
 61 -155.8659217877095
 115 -153.854748603352
 33 -151.8435754189944
 63 -149.8324022346369
 199 -147.8212290502793
 603 -145.8100558659218
 113 -143.7988826815642
 79 -141.7877094972067
 163 -139.7765363128491
 105 -137.7653631284916
 4 -135.7541899441341
 143 -133.7430167597765
 146 -131.731843575419
 78 -129.7206703910614
 152 -127.7094972067039
 222 -125.6983240223464
 108 -123.6871508379888
 185 -121.6759776536313
 170 -119.6648044692737
 2 -117.6536312849162
 107 -115.6424581005587
 122 -113.6312849162011
 123 -111.6201117318436
 17 -109.608938547486
 44 -107.5977653631285
 20 -105.5865921787709
 12 -103.5754189944134
 1 -101.5642458100559
 0 -99.55307262569832
 1 -97.54189944134077
 3 -95.53072625698323
 6 -93.5195530726257
 7953 -91.50837988826815
 15 -89.49720670391061
 1 -87.48603351955308
 0 -85.47486033519553
 0 -83.46368715083798
 1 -81.45251396648044
 6 -79.44134078212289
 4 -77.43016759776536
 39 -75.41899441340782
 28 -73.40782122905027
 52 -71.39664804469274
 126 -69.38547486033519
 60 -67.37430167597765
 76 -65.3631284916201
 42 -63.35195530726256
 252 -61.34078212290503
 144 -59.32960893854748
 227 -57.31843575418993
 79 -55.3072625698324
 74 -53.29608938547486
 250 -51.28491620111731
 44 -49.27374301675977
 116 -47.26256983240222
 3 -45.25139664804468
 284 -43.24022346368713
 0 -41.22905027932961
 129 -39.21787709497207
 346 -37.20670391061452
 475 -35.19553072625698
 96 -33.18435754189943
 73 -31.17318435754188
 152 -29.16201117318434
 11 -27.15083798882682
 50 -25.13966480446928
 624 -23.12849162011173
 153 -21.11731843575419
 44 -19.10614525139664
 10 -17.09497206703909
 27 -15.08379888268155
 174 -13.072625698324
 7 -11.06145251396646
 539 -9.050279329608941
 2 -7.039106145251395
 127 -5.02793296089385
 21 -3.016759776536304
 2 -1.005586592178759
 23 1.005586592178787
 119 3.016759776536333
 3 5.02793296089385
 534 7.039106145251395
 7 9.050279329608941
 104 11.06145251396649
 39 13.07262569832403
 13 15.08379888268158
 33 17.09497206703912
 105 19.10614525139667
 494 21.11731843575421
 48 23.12849162011173
 77 25.13966480446928
 90 27.15083798882682
 54 29.16201117318437
 218 31.17318435754191
 303 33.18435754189946
 215 35.195530726257
 164 37.20670391061452
 29 39.21787709497207
 265 41.22905027932961
 2 43.24022346368716
 109 45.2513966480447
 45 47.26256983240225
 222 49.27374301675979
 70 51.28491620111734
 189 53.29608938547489
 78 55.3072625698324
 132 57.31843575418995
 225 59.32960893854749
 57 61.34078212290504
 107 63.35195530726259
 61 65.36312849162013
 100 67.37430167597768
 37 69.38547486033519
 25 71.39664804469274
 43 73.40782122905028
 3 75.41899441340783
 6 77.43016759776538
 1 79.44134078212289
 0 81.45251396648047
 1 83.46368715083798
 3 85.47486033519556
 11 87.48603351955308
 7443 89.49720670391065
 8 91.50837988826817
 3 93.51955307262574
 0 95.53072625698326
 0 97.54189944134077
 3 99.55307262569835
 14 101.5642458100559
 28 103.5754189944134
 37 105.586592178771
 19 107.5977653631285
 106 109.608938547486
 97 111.6201117318436
 117 113.6312849162011
 0 115.6424581005587
 198 117.6536312849162
 166 119.6648044692737
 82 121.6759776536313
 132 123.6871508379888
 178 125.6983240223464
 94 127.7094972067039
 132 129.7206703910614
 166 131.731843575419
 2 133.7430167597765
 125 135.7541899441341
 156 137.7653631284916
 101 139.7765363128492
 148 141.7877094972067
 469 143.7988826815642
 107 145.8100558659218
 202 147.8212290502793
 46 149.8324022346369
 145 151.8435754189944
 65 153.854748603352
 447 155.8659217877095
 52 157.8770949720671
 131 159.8882681564246
 75 161.8994413407821
 44 163.9106145251397
 24 165.9217877094972
 145 167.9329608938548
 235 169.9441340782123
 329 171.9553072625699
 2 173.9664804469274
 161 175.9776536312849
 3 177.9888268156425
 0 180


