# Created by Octave 3.8.2, Mon Jun 22 13:32:11 2020 CEST <damian@fptrucha.inv.usc.es>
# name: hd
# type: matrix
# rows: 180
# columns: 2
 7 -180
 225 -177.9888268156425
 3 -175.9776536312849
 339 -173.9664804469274
 217 -171.9553072625698
 142 -169.9441340782123
 41 -167.9329608938548
 41 -165.9217877094972
 67 -163.9106145251397
 148 -161.8994413407821
 37 -159.8882681564246
 568 -157.877094972067
 77 -155.8659217877095
 149 -153.854748603352
 41 -151.8435754189944
 65 -149.8324022346369
 233 -147.8212290502793
 552 -145.8100558659218
 128 -143.7988826815642
 72 -141.7877094972067
 169 -139.7765363128491
 128 -137.7653631284916
 0 -135.7541899441341
 162 -133.7430167597765
 175 -131.731843575419
 64 -129.7206703910614
 166 -127.7094972067039
 214 -125.6983240223464
 98 -123.6871508379888
 159 -121.6759776536313
 202 -119.6648044692737
 10 -117.6536312849162
 111 -115.6424581005587
 96 -113.6312849162011
 137 -111.6201117318436
 16 -109.608938547486
 45 -107.5977653631285
 30 -105.5865921787709
 14 -103.5754189944134
 6 -101.5642458100559
 1 -99.55307262569832
 2 -97.54189944134077
 2 -95.53072625698323
 13 -93.5195530726257
 8014 -91.50837988826815
 11 -89.49720670391061
 4 -87.48603351955308
 0 -85.47486033519553
 2 -83.46368715083798
 1 -81.45251396648044
 10 -79.44134078212289
 4 -77.43016759776536
 49 -75.41899441340782
 30 -73.40782122905027
 56 -71.39664804469274
 122 -69.38547486033519
 94 -67.37430167597765
 114 -65.3631284916201
 68 -63.35195530726256
 261 -61.34078212290503
 143 -59.32960893854748
 219 -57.31843575418993
 105 -55.3072625698324
 86 -53.29608938547486
 232 -51.28491620111731
 65 -49.27374301675977
 110 -47.26256983240222
 4 -45.25139664804468
 292 -43.24022346368713
 4 -41.22905027932961
 157 -39.21787709497207
 256 -37.20670391061452
 411 -35.19553072625698
 131 -33.18435754189943
 72 -31.17318435754188
 168 -29.16201117318434
 11 -27.15083798882682
 64 -25.13966480446928
 594 -23.12849162011173
 144 -21.11731843575419
 52 -19.10614525139664
 13 -17.09497206703909
 43 -15.08379888268155
 183 -13.072625698324
 14 -11.06145251396646
 584 -9.050279329608941
 2 -7.039106145251395
 126 -5.02793296089385
 30 -3.016759776536304
 1 -1.005586592178759
 24 1.005586592178787
 128 3.016759776536333
 2 5.02793296089385
 518 7.039106145251395
 6 9.050279329608941
 152 11.06145251396649
 46 13.07262569832403
 15 15.08379888268158
 57 17.09497206703912
 118 19.10614525139667
 547 21.11731843575421
 62 23.12849162011173
 87 25.13966480446928
 92 27.15083798882682
 63 29.16201117318437
 192 31.17318435754191
 352 33.18435754189946
 234 35.195530726257
 145 37.20670391061452
 36 39.21787709497207
 297 41.22905027932961
 1 43.24022346368716
 135 45.2513966480447
 68 47.26256983240225
 227 49.27374301675979
 84 51.28491620111734
 210 53.29608938547489
 79 55.3072625698324
 157 57.31843575418995
 248 59.32960893854749
 53 61.34078212290504
 121 63.35195530726259
 85 65.36312849162013
 111 67.37430167597768
 58 69.38547486033519
 30 71.39664804469274
 63 73.40782122905028
 8 75.41899441340783
 13 77.43016759776538
 5 79.44134078212289
 3 81.45251396648047
 1 83.46368715083798
 5 85.47486033519556
 23 87.48603351955308
 7563 89.49720670391065
 7 91.50837988826817
 0 93.51955307262574
 0 95.53072625698326
 1 97.54189944134077
 5 99.55307262569835
 13 101.5642458100559
 32 103.5754189944134
 41 105.586592178771
 24 107.5977653631285
 117 109.608938547486
 123 111.6201117318436
 123 113.6312849162011
 0 115.6424581005587
 188 117.6536312849162
 173 119.6648044692737
 95 121.6759776536313
 187 123.6871508379888
 191 125.6983240223464
 83 127.7094972067039
 171 129.7206703910614
 200 131.731843575419
 0 133.7430167597765
 138 135.7541899441341
 192 137.7653631284916
 114 139.7765363128492
 147 141.7877094972067
 490 143.7988826815642
 112 145.8100558659218
 178 147.8212290502793
 63 149.8324022346369
 129 151.8435754189944
 64 153.854748603352
 552 155.8659217877095
 50 157.8770949720671
 145 159.8882681564246
 65 161.8994413407821
 57 163.9106145251397
 24 165.9217877094972
 119 167.9329608938548
 231 169.9441340782123
 347 171.9553072625699
 3 173.9664804469274
 163 175.9776536312849
 5 177.9888268156425
 0 180


