# Created by Octave 3.8.2, Mon Jun 22 19:02:07 2020 CEST <damian@fptrucha.inv.usc.es>
# name: hd
# type: matrix
# rows: 180
# columns: 2
 2 -180
 173 -177.9888268156425
 5 -175.9776536312849
 358 -173.9664804469274
 239 -171.9553072625698
 149 -169.9441340782123
 36 -167.9329608938548
 44 -165.9217877094972
 73 -163.9106145251397
 149 -161.8994413407821
 54 -159.8882681564246
 598 -157.877094972067
 78 -155.8659217877095
 130 -153.854748603352
 53 -151.8435754189944
 75 -149.8324022346369
 274 -147.8212290502793
 575 -145.8100558659218
 127 -143.7988826815642
 108 -141.7877094972067
 192 -139.7765363128491
 119 -137.7653631284916
 4 -135.7541899441341
 176 -133.7430167597765
 176 -131.731843575419
 87 -129.7206703910614
 177 -127.7094972067039
 246 -125.6983240223464
 112 -123.6871508379888
 195 -121.6759776536313
 200 -119.6648044692737
 5 -117.6536312849162
 118 -115.6424581005587
 147 -113.6312849162011
 133 -111.6201117318436
 21 -109.608938547486
 39 -107.5977653631285
 28 -105.5865921787709
 19 -103.5754189944134
 1 -101.5642458100559
 0 -99.55307262569832
 2 -97.54189944134077
 7 -95.53072625698323
 4 -93.5195530726257
 8633 -91.50837988826815
 23 -89.49720670391061
 5 -87.48603351955308
 0 -85.47486033519553
 1 -83.46368715083798
 1 -81.45251396648044
 7 -79.44134078212289
 9 -77.43016759776536
 42 -75.41899441340782
 40 -73.40782122905027
 55 -71.39664804469274
 118 -69.38547486033519
 86 -67.37430167597765
 144 -65.3631284916201
 70 -63.35195530726256
 260 -61.34078212290503
 152 -59.32960893854748
 235 -57.31843575418993
 102 -55.3072625698324
 85 -53.29608938547486
 237 -51.28491620111731
 52 -49.27374301675977
 107 -47.26256983240222
 4 -45.25139664804468
 314 -43.24022346368713
 5 -41.22905027932961
 150 -39.21787709497207
 317 -37.20670391061452
 436 -35.19553072625698
 119 -33.18435754189943
 59 -31.17318435754188
 180 -29.16201117318434
 9 -27.15083798882682
 62 -25.13966480446928
 614 -23.12849162011173
 126 -21.11731843575419
 55 -19.10614525139664
 12 -17.09497206703909
 44 -15.08379888268155
 174 -13.072625698324
 10 -11.06145251396646
 613 -9.050279329608941
 2 -7.039106145251395
 118 -5.02793296089385
 14 -3.016759776536304
 0 -1.005586592178759
 24 1.005586592178787
 114 3.016759776536333
 6 5.02793296089385
 576 7.039106145251395
 7 9.050279329608941
 150 11.06145251396649
 40 13.07262569832403
 11 15.08379888268158
 48 17.09497206703912
 117 19.10614525139667
 572 21.11731843575421
 58 23.12849162011173
 81 25.13966480446928
 89 27.15083798882682
 64 29.16201117318437
 198 31.17318435754191
 371 33.18435754189946
 261 35.195530726257
 148 37.20670391061452
 48 39.21787709497207
 325 41.22905027932961
 1 43.24022346368716
 130 45.2513966480447
 68 47.26256983240225
 236 49.27374301675979
 86 51.28491620111734
 218 53.29608938547489
 77 55.3072625698324
 158 57.31843575418995
 269 59.32960893854749
 66 61.34078212290504
 106 63.35195530726259
 62 65.36312849162013
 110 67.37430167597768
 69 69.38547486033519
 40 71.39664804469274
 63 73.40782122905028
 9 75.41899441340783
 5 77.43016759776538
 5 79.44134078212289
 0 81.45251396648047
 0 83.46368715083798
 5 85.47486033519556
 11 87.48603351955308
 7893 89.49720670391065
 13 91.50837988826817
 7 93.51955307262574
 1 95.53072625698326
 0 97.54189944134077
 3 99.55307262569835
 14 101.5642458100559
 23 103.5754189944134
 55 105.586592178771
 22 107.5977653631285
 128 109.608938547486
 135 111.6201117318436
 125 113.6312849162011
 5 115.6424581005587
 191 117.6536312849162
 190 119.6648044692737
 92 121.6759776536313
 194 123.6871508379888
 180 125.6983240223464
 84 127.7094972067039
 166 129.7206703910614
 193 131.731843575419
 3 133.7430167597765
 116 135.7541899441341
 189 137.7653631284916
 99 139.7765363128492
 128 141.7877094972067
 508 143.7988826815642
 109 145.8100558659218
 196 147.8212290502793
 46 149.8324022346369
 135 151.8435754189944
 56 153.854748603352
 507 155.8659217877095
 45 157.8770949720671
 133 159.8882681564246
 70 161.8994413407821
 39 163.9106145251397
 20 165.9217877094972
 150 167.9329608938548
 218 169.9441340782123
 350 171.9553072625699
 5 173.9664804469274
 165 175.9776536312849
 3 177.9888268156425
 0 180


