# Created by Octave 3.8.2, Sun Jun 21 07:29:57 2020 CEST <damian@fptrucha.inv.usc.es>
# name: hd
# type: matrix
# rows: 180
# columns: 2
 2 -180
 160 -177.9888268156425
 1 -175.9776536312849
 350 -173.9664804469274
 198 -171.9553072625698
 149 -169.9441340782123
 28 -167.9329608938548
 42 -165.9217877094972
 50 -163.9106145251397
 142 -161.8994413407821
 31 -159.8882681564246
 633 -157.877094972067
 45 -155.8659217877095
 113 -153.854748603352
 42 -151.8435754189944
 50 -149.8324022346369
 206 -147.8212290502793
 547 -145.8100558659218
 121 -143.7988826815642
 83 -141.7877094972067
 174 -139.7765363128491
 100 -137.7653631284916
 1 -135.7541899441341
 125 -133.7430167597765
 149 -131.731843575419
 88 -129.7206703910614
 161 -127.7094972067039
 204 -125.6983240223464
 103 -123.6871508379888
 187 -121.6759776536313
 171 -119.6648044692737
 1 -117.6536312849162
 80 -115.6424581005587
 112 -113.6312849162011
 109 -111.6201117318436
 13 -109.608938547486
 32 -107.5977653631285
 26 -105.5865921787709
 10 -103.5754189944134
 5 -101.5642458100559
 0 -99.55307262569832
 0 -97.54189944134077
 3 -95.53072625698323
 4 -93.5195530726257
 7894 -91.50837988826815
 5 -89.49720670391061
 1 -87.48603351955308
 1 -85.47486033519553
 0 -83.46368715083798
 2 -81.45251396648044
 2 -79.44134078212289
 3 -77.43016759776536
 37 -75.41899441340782
 25 -73.40782122905027
 45 -71.39664804469274
 103 -69.38547486033519
 73 -67.37430167597765
 108 -65.3631284916201
 39 -63.35195530726256
 275 -61.34078212290503
 130 -59.32960893854748
 204 -57.31843575418993
 91 -55.3072625698324
 88 -53.29608938547486
 218 -51.28491620111731
 52 -49.27374301675977
 109 -47.26256983240222
 2 -45.25139664804468
 288 -43.24022346368713
 2 -41.22905027932961
 138 -39.21787709497207
 292 -37.20670391061452
 491 -35.19553072625698
 98 -33.18435754189943
 56 -31.17318435754188
 138 -29.16201117318434
 8 -27.15083798882682
 59 -25.13966480446928
 607 -23.12849162011173
 149 -21.11731843575419
 67 -19.10614525139664
 7 -17.09497206703909
 45 -15.08379888268155
 187 -13.072625698324
 9 -11.06145251396646
 565 -9.050279329608941
 2 -7.039106145251395
 131 -5.02793296089385
 20 -3.016759776536304
 4 -1.005586592178759
 21 1.005586592178787
 117 3.016759776536333
 2 5.02793296089385
 503 7.039106145251395
 6 9.050279329608941
 102 11.06145251396649
 46 13.07262569832403
 11 15.08379888268158
 48 17.09497206703912
 104 19.10614525139667
 532 21.11731843575421
 52 23.12849162011173
 86 25.13966480446928
 98 27.15083798882682
 45 29.16201117318437
 212 31.17318435754191
 323 33.18435754189946
 202 35.195530726257
 181 37.20670391061452
 30 39.21787709497207
 276 41.22905027932961
 2 43.24022346368716
 100 45.2513966480447
 53 47.26256983240225
 203 49.27374301675979
 76 51.28491620111734
 182 53.29608938547489
 60 55.3072625698324
 131 57.31843575418995
 250 59.32960893854749
 69 61.34078212290504
 105 63.35195530726259
 56 65.36312849162013
 96 67.37430167597768
 43 69.38547486033519
 30 71.39664804469274
 35 73.40782122905028
 4 75.41899441340783
 9 77.43016759776538
 2 79.44134078212289
 0 81.45251396648047
 0 83.46368715083798
 3 85.47486033519556
 6 87.48603351955308
 7509 89.49720670391065
 8 91.50837988826817
 0 93.51955307262574
 0 95.53072625698326
 0 97.54189944134077
 2 99.55307262569835
 14 101.5642458100559
 17 103.5754189944134
 46 105.586592178771
 17 107.5977653631285
 99 109.608938547486
 107 111.6201117318436
 120 113.6312849162011
 1 115.6424581005587
 190 117.6536312849162
 138 119.6648044692737
 85 121.6759776536313
 149 123.6871508379888
 158 125.6983240223464
 81 127.7094972067039
 141 129.7206703910614
 159 131.731843575419
 1 133.7430167597765
 99 135.7541899441341
 186 137.7653631284916
 102 139.7765363128492
 130 141.7877094972067
 476 143.7988826815642
 102 145.8100558659218
 198 147.8212290502793
 46 149.8324022346369
 159 151.8435754189944
 51 153.854748603352
 448 155.8659217877095
 49 157.8770949720671
 107 159.8882681564246
 62 161.8994413407821
 47 163.9106145251397
 21 165.9217877094972
 115 167.9329608938548
 227 169.9441340782123
 333 171.9553072625699
 0 173.9664804469274
 166 175.9776536312849
 2 177.9888268156425
 0 180


