# Created by Octave 3.8.2, Sun Jun 21 00:37:13 2020 CEST <damian@fptrucha.inv.usc.es>
# name: hd
# type: matrix
# rows: 180
# columns: 2
 4 -180
 139 -177.9888268156425
 2 -175.9776536312849
 350 -173.9664804469274
 244 -171.9553072625698
 148 -169.9441340782123
 26 -167.9329608938548
 45 -165.9217877094972
 46 -163.9106145251397
 144 -161.8994413407821
 33 -159.8882681564246
 630 -157.877094972067
 56 -155.8659217877095
 116 -153.854748603352
 36 -151.8435754189944
 71 -149.8324022346369
 181 -147.8212290502793
 634 -145.8100558659218
 117 -143.7988826815642
 93 -141.7877094972067
 169 -139.7765363128491
 100 -137.7653631284916
 4 -135.7541899441341
 154 -133.7430167597765
 136 -131.731843575419
 71 -129.7206703910614
 167 -127.7094972067039
 244 -125.6983240223464
 87 -123.6871508379888
 178 -121.6759776536313
 186 -119.6648044692737
 1 -117.6536312849162
 93 -115.6424581005587
 110 -113.6312849162011
 100 -111.6201117318436
 15 -109.608938547486
 30 -107.5977653631285
 13 -105.5865921787709
 11 -103.5754189944134
 3 -101.5642458100559
 2 -99.55307262569832
 1 -97.54189944134077
 1 -95.53072625698323
 3 -93.5195530726257
 7784 -91.50837988826815
 11 -89.49720670391061
 0 -87.48603351955308
 1 -85.47486033519553
 0 -83.46368715083798
 0 -81.45251396648044
 3 -79.44134078212289
 4 -77.43016759776536
 39 -75.41899441340782
 36 -73.40782122905027
 38 -71.39664804469274
 119 -69.38547486033519
 73 -67.37430167597765
 93 -65.3631284916201
 44 -63.35195530726256
 249 -61.34078212290503
 150 -59.32960893854748
 202 -57.31843575418993
 87 -55.3072625698324
 69 -53.29608938547486
 228 -51.28491620111731
 46 -49.27374301675977
 101 -47.26256983240222
 2 -45.25139664804468
 280 -43.24022346368713
 2 -41.22905027932961
 164 -39.21787709497207
 287 -37.20670391061452
 426 -35.19553072625698
 101 -33.18435754189943
 44 -31.17318435754188
 143 -29.16201117318434
 9 -27.15083798882682
 45 -25.13966480446928
 639 -23.12849162011173
 147 -21.11731843575419
 40 -19.10614525139664
 11 -17.09497206703909
 35 -15.08379888268155
 163 -13.072625698324
 7 -11.06145251396646
 557 -9.050279329608941
 1 -7.039106145251395
 131 -5.02793296089385
 14 -3.016759776536304
 2 -1.005586592178759
 24 1.005586592178787
 123 3.016759776536333
 1 5.02793296089385
 540 7.039106145251395
 4 9.050279329608941
 137 11.06145251396649
 52 13.07262569832403
 15 15.08379888268158
 54 17.09497206703912
 125 19.10614525139667
 518 21.11731843575421
 62 23.12849162011173
 94 25.13966480446928
 107 27.15083798882682
 52 29.16201117318437
 237 31.17318435754191
 320 33.18435754189946
 219 35.195530726257
 174 37.20670391061452
 27 39.21787709497207
 286 41.22905027932961
 1 43.24022346368716
 104 45.2513966480447
 62 47.26256983240225
 213 49.27374301675979
 83 51.28491620111734
 175 53.29608938547489
 74 55.3072625698324
 124 57.31843575418995
 269 59.32960893854749
 84 61.34078212290504
 98 63.35195530726259
 69 65.36312849162013
 113 67.37430167597768
 40 69.38547486033519
 21 71.39664804469274
 39 73.40782122905028
 9 75.41899441340783
 4 77.43016759776538
 2 79.44134078212289
 1 81.45251396648047
 2 83.46368715083798
 3 85.47486033519556
 8 87.48603351955308
 7573 89.49720670391065
 8 91.50837988826817
 3 93.51955307262574
 1 95.53072625698326
 3 97.54189944134077
 1 99.55307262569835
 8 101.5642458100559
 17 103.5754189944134
 33 105.586592178771
 20 107.5977653631285
 136 109.608938547486
 87 111.6201117318436
 115 113.6312849162011
 1 115.6424581005587
 178 117.6536312849162
 146 119.6648044692737
 86 121.6759776536313
 153 123.6871508379888
 173 125.6983240223464
 82 127.7094972067039
 153 129.7206703910614
 193 131.731843575419
 3 133.7430167597765
 108 135.7541899441341
 179 137.7653631284916
 104 139.7765363128492
 127 141.7877094972067
 448 143.7988826815642
 103 145.8100558659218
 229 147.8212290502793
 40 149.8324022346369
 147 151.8435754189944
 61 153.854748603352
 474 155.8659217877095
 52 157.8770949720671
 123 159.8882681564246
 65 161.8994413407821
 46 163.9106145251397
 13 165.9217877094972
 127 167.9329608938548
 233 169.9441340782123
 335 171.9553072625699
 4 173.9664804469274
 176 175.9776536312849
 4 177.9888268156425
 0 180


