# Created by Octave 3.8.2, Mon Jun 22 00:43:03 2020 CEST <damian@fptrucha.inv.usc.es>
# name: hd
# type: matrix
# rows: 180
# columns: 2
 3 -180
 145 -177.9888268156425
 0 -175.9776536312849
 369 -173.9664804469274
 239 -171.9553072625698
 147 -169.9441340782123
 23 -167.9329608938548
 34 -165.9217877094972
 46 -163.9106145251397
 170 -161.8994413407821
 39 -159.8882681564246
 646 -157.877094972067
 64 -155.8659217877095
 108 -153.854748603352
 39 -151.8435754189944
 59 -149.8324022346369
 197 -147.8212290502793
 612 -145.8100558659218
 117 -143.7988826815642
 85 -141.7877094972067
 154 -139.7765363128491
 108 -137.7653631284916
 1 -135.7541899441341
 152 -133.7430167597765
 151 -131.731843575419
 69 -129.7206703910614
 179 -127.7094972067039
 209 -125.6983240223464
 100 -123.6871508379888
 210 -121.6759776536313
 180 -119.6648044692737
 1 -117.6536312849162
 108 -115.6424581005587
 100 -113.6312849162011
 122 -111.6201117318436
 17 -109.608938547486
 29 -107.5977653631285
 11 -105.5865921787709
 16 -103.5754189944134
 0 -101.5642458100559
 0 -99.55307262569832
 0 -97.54189944134077
 3 -95.53072625698323
 6 -93.5195530726257
 8209 -91.50837988826815
 9 -89.49720670391061
 1 -87.48603351955308
 2 -85.47486033519553
 0 -83.46368715083798
 3 -81.45251396648044
 1 -79.44134078212289
 4 -77.43016759776536
 47 -75.41899441340782
 21 -73.40782122905027
 60 -71.39664804469274
 118 -69.38547486033519
 78 -67.37430167597765
 79 -65.3631284916201
 55 -63.35195530726256
 280 -61.34078212290503
 152 -59.32960893854748
 223 -57.31843575418993
 98 -55.3072625698324
 81 -53.29608938547486
 232 -51.28491620111731
 53 -49.27374301675977
 111 -47.26256983240222
 4 -45.25139664804468
 275 -43.24022346368713
 2 -41.22905027932961
 172 -39.21787709497207
 291 -37.20670391061452
 497 -35.19553072625698
 94 -33.18435754189943
 53 -31.17318435754188
 143 -29.16201117318434
 8 -27.15083798882682
 62 -25.13966480446928
 666 -23.12849162011173
 135 -21.11731843575419
 63 -19.10614525139664
 11 -17.09497206703909
 29 -15.08379888268155
 143 -13.072625698324
 4 -11.06145251396646
 555 -9.050279329608941
 0 -7.039106145251395
 105 -5.02793296089385
 16 -3.016759776536304
 1 -1.005586592178759
 25 1.005586592178787
 139 3.016759776536333
 3 5.02793296089385
 538 7.039106145251395
 7 9.050279329608941
 143 11.06145251396649
 50 13.07262569832403
 7 15.08379888268158
 67 17.09497206703912
 118 19.10614525139667
 496 21.11731843575421
 52 23.12849162011173
 103 25.13966480446928
 117 27.15083798882682
 55 29.16201117318437
 230 31.17318435754191
 309 33.18435754189946
 232 35.195530726257
 166 37.20670391061452
 28 39.21787709497207
 314 41.22905027932961
 2 43.24022346368716
 111 45.2513966480447
 47 47.26256983240225
 232 49.27374301675979
 97 51.28491620111734
 196 53.29608938547489
 71 55.3072625698324
 120 57.31843575418995
 267 59.32960893854749
 56 61.34078212290504
 111 63.35195530726259
 70 65.36312849162013
 106 67.37430167597768
 36 69.38547486033519
 29 71.39664804469274
 43 73.40782122905028
 5 75.41899441340783
 10 77.43016759776538
 2 79.44134078212289
 0 81.45251396648047
 1 83.46368715083798
 3 85.47486033519556
 8 87.48603351955308
 7521 89.49720670391065
 4 91.50837988826817
 4 93.51955307262574
 2 95.53072625698326
 0 97.54189944134077
 2 99.55307262569835
 13 101.5642458100559
 17 103.5754189944134
 30 105.586592178771
 20 107.5977653631285
 110 109.608938547486
 113 111.6201117318436
 106 113.6312849162011
 3 115.6424581005587
 207 117.6536312849162
 150 119.6648044692737
 83 121.6759776536313
 169 123.6871508379888
 169 125.6983240223464
 86 127.7094972067039
 165 129.7206703910614
 187 131.731843575419
 2 133.7430167597765
 99 135.7541899441341
 168 137.7653631284916
 100 139.7765363128492
 126 141.7877094972067
 509 143.7988826815642
 121 145.8100558659218
 200 147.8212290502793
 40 149.8324022346369
 166 151.8435754189944
 57 153.854748603352
 472 155.8659217877095
 46 157.8770949720671
 118 159.8882681564246
 54 161.8994413407821
 61 163.9106145251397
 15 165.9217877094972
 133 167.9329608938548
 218 169.9441340782123
 294 171.9553072625699
 2 173.9664804469274
 156 175.9776536312849
 2 177.9888268156425
 0 180


