# Created by Octave 3.8.2, Mon Jun 22 13:35:22 2020 CEST <damian@fptrucha.inv.usc.es>
# name: hd
# type: matrix
# rows: 180
# columns: 2
 1 -180
 186 -177.9888268156425
 5 -175.9776536312849
 368 -173.9664804469274
 236 -171.9553072625698
 155 -169.9441340782123
 41 -167.9329608938548
 41 -165.9217877094972
 70 -163.9106145251397
 162 -161.8994413407821
 47 -159.8882681564246
 585 -157.877094972067
 66 -155.8659217877095
 131 -153.854748603352
 39 -151.8435754189944
 91 -149.8324022346369
 244 -147.8212290502793
 615 -145.8100558659218
 123 -143.7988826815642
 101 -141.7877094972067
 214 -139.7765363128491
 119 -137.7653631284916
 3 -135.7541899441341
 174 -133.7430167597765
 160 -131.731843575419
 76 -129.7206703910614
 170 -127.7094972067039
 226 -125.6983240223464
 94 -123.6871508379888
 183 -121.6759776536313
 196 -119.6648044692737
 11 -117.6536312849162
 126 -115.6424581005587
 119 -113.6312849162011
 110 -111.6201117318436
 32 -109.608938547486
 47 -107.5977653631285
 21 -105.5865921787709
 18 -103.5754189944134
 4 -101.5642458100559
 0 -99.55307262569832
 1 -97.54189944134077
 1 -95.53072625698323
 11 -93.5195530726257
 7850 -91.50837988826815
 10 -89.49720670391061
 5 -87.48603351955308
 2 -85.47486033519553
 1 -83.46368715083798
 2 -81.45251396648044
 9 -79.44134078212289
 9 -77.43016759776536
 47 -75.41899441340782
 28 -73.40782122905027
 56 -71.39664804469274
 116 -69.38547486033519
 69 -67.37430167597765
 117 -65.3631284916201
 48 -63.35195530726256
 263 -61.34078212290503
 152 -59.32960893854748
 209 -57.31843575418993
 98 -55.3072625698324
 67 -53.29608938547486
 204 -51.28491620111731
 55 -49.27374301675977
 107 -47.26256983240222
 1 -45.25139664804468
 275 -43.24022346368713
 3 -41.22905027932961
 165 -39.21787709497207
 289 -37.20670391061452
 442 -35.19553072625698
 136 -33.18435754189943
 65 -31.17318435754188
 175 -29.16201117318434
 14 -27.15083798882682
 78 -25.13966480446928
 561 -23.12849162011173
 124 -21.11731843575419
 58 -19.10614525139664
 18 -17.09497206703909
 43 -15.08379888268155
 153 -13.072625698324
 12 -11.06145251396646
 609 -9.050279329608941
 4 -7.039106145251395
 127 -5.02793296089385
 15 -3.016759776536304
 3 -1.005586592178759
 17 1.005586592178787
 121 3.016759776536333
 5 5.02793296089385
 519 7.039106145251395
 14 9.050279329608941
 147 11.06145251396649
 52 13.07262569832403
 12 15.08379888268158
 55 17.09497206703912
 112 19.10614525139667
 559 21.11731843575421
 65 23.12849162011173
 76 25.13966480446928
 112 27.15083798882682
 47 29.16201117318437
 204 31.17318435754191
 332 33.18435754189946
 233 35.195530726257
 150 37.20670391061452
 34 39.21787709497207
 279 41.22905027932961
 4 43.24022346368716
 116 45.2513966480447
 57 47.26256983240225
 219 49.27374301675979
 72 51.28491620111734
 181 53.29608938547489
 80 55.3072625698324
 142 57.31843575418995
 268 59.32960893854749
 81 61.34078212290504
 128 63.35195530726259
 92 65.36312849162013
 120 67.37430167597768
 48 69.38547486033519
 29 71.39664804469274
 69 73.40782122905028
 8 75.41899441340783
 10 77.43016759776538
 0 79.44134078212289
 0 81.45251396648047
 1 83.46368715083798
 9 85.47486033519556
 11 87.48603351955308
 7644 89.49720670391065
 10 91.50837988826817
 2 93.51955307262574
 4 95.53072625698326
 1 97.54189944134077
 1 99.55307262569835
 19 101.5642458100559
 21 103.5754189944134
 50 105.586592178771
 16 107.5977653631285
 120 109.608938547486
 116 111.6201117318436
 147 113.6312849162011
 2 115.6424581005587
 214 117.6536312849162
 175 119.6648044692737
 78 121.6759776536313
 182 123.6871508379888
 178 125.6983240223464
 83 127.7094972067039
 170 129.7206703910614
 197 131.731843575419
 3 133.7430167597765
 120 135.7541899441341
 189 137.7653631284916
 90 139.7765363128492
 142 141.7877094972067
 529 143.7988826815642
 109 145.8100558659218
 183 147.8212290502793
 51 149.8324022346369
 116 151.8435754189944
 65 153.854748603352
 537 155.8659217877095
 56 157.8770949720671
 160 159.8882681564246
 59 161.8994413407821
 52 163.9106145251397
 27 165.9217877094972
 117 167.9329608938548
 218 169.9441340782123
 325 171.9553072625699
 3 173.9664804469274
 163 175.9776536312849
 4 177.9888268156425
 0 180


