# Created by Octave 3.8.2, Mon Jun 22 06:27:38 2020 CEST <damian@fptrucha.inv.usc.es>
# name: hd
# type: matrix
# rows: 180
# columns: 2
 7 -180
 161 -177.9888268156425
 4 -175.9776536312849
 341 -173.9664804469274
 231 -171.9553072625698
 143 -169.9441340782123
 35 -167.9329608938548
 58 -165.9217877094972
 64 -163.9106145251397
 131 -161.8994413407821
 40 -159.8882681564246
 498 -157.877094972067
 61 -155.8659217877095
 123 -153.854748603352
 32 -151.8435754189944
 74 -149.8324022346369
 235 -147.8212290502793
 478 -145.8100558659218
 122 -143.7988826815642
 78 -141.7877094972067
 195 -139.7765363128491
 125 -137.7653631284916
 1 -135.7541899441341
 176 -133.7430167597765
 170 -131.731843575419
 77 -129.7206703910614
 149 -127.7094972067039
 198 -125.6983240223464
 97 -123.6871508379888
 181 -121.6759776536313
 186 -119.6648044692737
 4 -117.6536312849162
 118 -115.6424581005587
 111 -113.6312849162011
 111 -111.6201117318436
 20 -109.608938547486
 53 -107.5977653631285
 16 -105.5865921787709
 18 -103.5754189944134
 2 -101.5642458100559
 1 -99.55307262569832
 1 -97.54189944134077
 3 -95.53072625698323
 8 -93.5195530726257
 7410 -91.50837988826815
 12 -89.49720670391061
 4 -87.48603351955308
 3 -85.47486033519553
 0 -83.46368715083798
 2 -81.45251396648044
 10 -79.44134078212289
 8 -77.43016759776536
 54 -75.41899441340782
 28 -73.40782122905027
 60 -71.39664804469274
 130 -69.38547486033519
 59 -67.37430167597765
 119 -65.3631284916201
 61 -63.35195530726256
 235 -61.34078212290503
 128 -59.32960893854748
 189 -57.31843575418993
 87 -55.3072625698324
 65 -53.29608938547486
 262 -51.28491620111731
 68 -49.27374301675977
 111 -47.26256983240222
 1 -45.25139664804468
 278 -43.24022346368713
 3 -41.22905027932961
 163 -39.21787709497207
 248 -37.20670391061452
 395 -35.19553072625698
 122 -33.18435754189943
 78 -31.17318435754188
 166 -29.16201117318434
 12 -27.15083798882682
 60 -25.13966480446928
 570 -23.12849162011173
 144 -21.11731843575419
 60 -19.10614525139664
 13 -17.09497206703909
 49 -15.08379888268155
 144 -13.072625698324
 12 -11.06145251396646
 507 -9.050279329608941
 5 -7.039106145251395
 113 -5.02793296089385
 24 -3.016759776536304
 5 -1.005586592178759
 19 1.005586592178787
 142 3.016759776536333
 7 5.02793296089385
 523 7.039106145251395
 9 9.050279329608941
 156 11.06145251396649
 39 13.07262569832403
 12 15.08379888268158
 52 17.09497206703912
 108 19.10614525139667
 565 21.11731843575421
 49 23.12849162011173
 76 25.13966480446928
 93 27.15083798882682
 77 29.16201117318437
 192 31.17318435754191
 307 33.18435754189946
 258 35.195530726257
 129 37.20670391061452
 54 39.21787709497207
 294 41.22905027932961
 4 43.24022346368716
 121 45.2513966480447
 63 47.26256983240225
 223 49.27374301675979
 75 51.28491620111734
 199 53.29608938547489
 83 55.3072625698324
 154 57.31843575418995
 244 59.32960893854749
 52 61.34078212290504
 113 63.35195530726259
 64 65.36312849162013
 103 67.37430167597768
 49 69.38547486033519
 22 71.39664804469274
 48 73.40782122905028
 11 75.41899441340783
 13 77.43016759776538
 2 79.44134078212289
 1 81.45251396648047
 0 83.46368715083798
 5 85.47486033519556
 13 87.48603351955308
 7018 89.49720670391065
 9 91.50837988826817
 8 93.51955307262574
 0 95.53072625698326
 1 97.54189944134077
 7 99.55307262569835
 15 101.5642458100559
 25 103.5754189944134
 32 105.586592178771
 16 107.5977653631285
 95 109.608938547486
 108 111.6201117318436
 128 113.6312849162011
 4 115.6424581005587
 205 117.6536312849162
 153 119.6648044692737
 84 121.6759776536313
 171 123.6871508379888
 153 125.6983240223464
 89 127.7094972067039
 144 129.7206703910614
 159 131.731843575419
 3 133.7430167597765
 98 135.7541899441341
 172 137.7653631284916
 93 139.7765363128492
 109 141.7877094972067
 502 143.7988826815642
 120 145.8100558659218
 193 147.8212290502793
 47 149.8324022346369
 139 151.8435754189944
 65 153.854748603352
 464 155.8659217877095
 55 157.8770949720671
 154 159.8882681564246
 75 161.8994413407821
 38 163.9106145251397
 26 165.9217877094972
 136 167.9329608938548
 211 169.9441340782123
 332 171.9553072625699
 4 173.9664804469274
 156 175.9776536312849
 2 177.9888268156425
 0 180


