# Created by Octave 3.8.2, Sat Jun 20 13:46:44 2020 CEST <damian@fptrucha.inv.usc.es>
# name: hd
# type: matrix
# rows: 180
# columns: 2
 1 -180
 177 -177.9888268156425
 1 -175.9776536312849
 385 -173.9664804469274
 237 -171.9553072625698
 168 -169.9441340782123
 40 -167.9329608938548
 29 -165.9217877094972
 50 -163.9106145251397
 156 -161.8994413407821
 35 -159.8882681564246
 623 -157.877094972067
 70 -155.8659217877095
 129 -153.854748603352
 44 -151.8435754189944
 72 -149.8324022346369
 231 -147.8212290502793
 649 -145.8100558659218
 140 -143.7988826815642
 98 -141.7877094972067
 163 -139.7765363128491
 115 -137.7653631284916
 4 -135.7541899441341
 138 -133.7430167597765
 171 -131.731843575419
 81 -129.7206703910614
 180 -127.7094972067039
 239 -125.6983240223464
 104 -123.6871508379888
 213 -121.6759776536313
 216 -119.6648044692737
 3 -117.6536312849162
 99 -115.6424581005587
 107 -113.6312849162011
 148 -111.6201117318436
 22 -109.608938547486
 38 -107.5977653631285
 30 -105.5865921787709
 12 -103.5754189944134
 0 -101.5642458100559
 0 -99.55307262569832
 2 -97.54189944134077
 3 -95.53072625698323
 4 -93.5195530726257
 8426 -91.50837988826815
 5 -89.49720670391061
 4 -87.48603351955308
 2 -85.47486033519553
 1 -83.46368715083798
 0 -81.45251396648044
 5 -79.44134078212289
 4 -77.43016759776536
 40 -75.41899441340782
 25 -73.40782122905027
 63 -71.39664804469274
 101 -69.38547486033519
 71 -67.37430167597765
 99 -65.3631284916201
 51 -63.35195530726256
 311 -61.34078212290503
 175 -59.32960893854748
 227 -57.31843575418993
 88 -55.3072625698324
 88 -53.29608938547486
 249 -51.28491620111731
 61 -49.27374301675977
 122 -47.26256983240222
 3 -45.25139664804468
 294 -43.24022346368713
 4 -41.22905027932961
 150 -39.21787709497207
 314 -37.20670391061452
 471 -35.19553072625698
 120 -33.18435754189943
 59 -31.17318435754188
 161 -29.16201117318434
 13 -27.15083798882682
 69 -25.13966480446928
 714 -23.12849162011173
 161 -21.11731843575419
 46 -19.10614525139664
 14 -17.09497206703909
 38 -15.08379888268155
 174 -13.072625698324
 7 -11.06145251396646
 602 -9.050279329608941
 4 -7.039106145251395
 117 -5.02793296089385
 17 -3.016759776536304
 1 -1.005586592178759
 22 1.005586592178787
 152 3.016759776536333
 2 5.02793296089385
 576 7.039106145251395
 8 9.050279329608941
 152 11.06145251396649
 58 13.07262569832403
 14 15.08379888268158
 58 17.09497206703912
 122 19.10614525139667
 532 21.11731843575421
 51 23.12849162011173
 108 25.13966480446928
 108 27.15083798882682
 54 29.16201117318437
 232 31.17318435754191
 321 33.18435754189946
 249 35.195530726257
 184 37.20670391061452
 25 39.21787709497207
 310 41.22905027932961
 4 43.24022346368716
 138 45.2513966480447
 70 47.26256983240225
 266 49.27374301675979
 94 51.28491620111734
 224 53.29608938547489
 88 55.3072625698324
 152 57.31843575418995
 270 59.32960893854749
 85 61.34078212290504
 129 63.35195530726259
 77 65.36312849162013
 128 67.37430167597768
 62 69.38547486033519
 25 71.39664804469274
 56 73.40782122905028
 5 75.41899441340783
 7 77.43016759776538
 3 79.44134078212289
 0 81.45251396648047
 2 83.46368715083798
 4 85.47486033519556
 10 87.48603351955308
 8266 89.49720670391065
 5 91.50837988826817
 1 93.51955307262574
 0 95.53072625698326
 1 97.54189944134077
 1 99.55307262569835
 17 101.5642458100559
 22 103.5754189944134
 41 105.586592178771
 30 107.5977653631285
 119 109.608938547486
 156 111.6201117318436
 123 113.6312849162011
 3 115.6424581005587
 238 117.6536312849162
 146 119.6648044692737
 95 121.6759776536313
 195 123.6871508379888
 189 125.6983240223464
 85 127.7094972067039
 164 129.7206703910614
 159 131.731843575419
 3 133.7430167597765
 116 135.7541899441341
 170 137.7653631284916
 94 139.7765363128492
 151 141.7877094972067
 498 143.7988826815642
 145 145.8100558659218
 234 147.8212290502793
 46 149.8324022346369
 164 151.8435754189944
 60 153.854748603352
 521 155.8659217877095
 55 157.8770949720671
 120 159.8882681564246
 83 161.8994413407821
 43 163.9106145251397
 18 165.9217877094972
 117 167.9329608938548
 252 169.9441340782123
 338 171.9553072625699
 1 173.9664804469274
 167 175.9776536312849
 5 177.9888268156425
 0 180


