# Created by Octave 3.8.2, Mon Jun 22 06:31:38 2020 CEST <damian@fptrucha.inv.usc.es>
# name: hd
# type: matrix
# rows: 180
# columns: 2
 2 -180
 181 -177.9888268156425
 0 -175.9776536312849
 337 -173.9664804469274
 229 -171.9553072625698
 129 -169.9441340782123
 29 -167.9329608938548
 40 -165.9217877094972
 65 -163.9106145251397
 168 -161.8994413407821
 46 -159.8882681564246
 541 -157.877094972067
 66 -155.8659217877095
 131 -153.854748603352
 46 -151.8435754189944
 79 -149.8324022346369
 215 -147.8212290502793
 516 -145.8100558659218
 118 -143.7988826815642
 91 -141.7877094972067
 190 -139.7765363128491
 122 -137.7653631284916
 4 -135.7541899441341
 165 -133.7430167597765
 167 -131.731843575419
 77 -129.7206703910614
 160 -127.7094972067039
 218 -125.6983240223464
 87 -123.6871508379888
 157 -121.6759776536313
 189 -119.6648044692737
 6 -117.6536312849162
 112 -115.6424581005587
 112 -113.6312849162011
 109 -111.6201117318436
 25 -109.608938547486
 44 -107.5977653631285
 23 -105.5865921787709
 9 -103.5754189944134
 3 -101.5642458100559
 1 -99.55307262569832
 1 -97.54189944134077
 1 -95.53072625698323
 11 -93.5195530726257
 7409 -91.50837988826815
 14 -89.49720670391061
 4 -87.48603351955308
 4 -85.47486033519553
 1 -83.46368715083798
 2 -81.45251396648044
 8 -79.44134078212289
 7 -77.43016759776536
 35 -75.41899441340782
 26 -73.40782122905027
 43 -71.39664804469274
 138 -69.38547486033519
 77 -67.37430167597765
 117 -65.3631284916201
 47 -63.35195530726256
 247 -61.34078212290503
 139 -59.32960893854748
 202 -57.31843575418993
 90 -55.3072625698324
 68 -53.29608938547486
 193 -51.28491620111731
 44 -49.27374301675977
 117 -47.26256983240222
 0 -45.25139664804468
 250 -43.24022346368713
 0 -41.22905027932961
 159 -39.21787709497207
 224 -37.20670391061452
 416 -35.19553072625698
 109 -33.18435754189943
 71 -31.17318435754188
 162 -29.16201117318434
 12 -27.15083798882682
 72 -25.13966480446928
 538 -23.12849162011173
 118 -21.11731843575419
 43 -19.10614525139664
 15 -17.09497206703909
 39 -15.08379888268155
 146 -13.072625698324
 7 -11.06145251396646
 533 -9.050279329608941
 5 -7.039106145251395
 124 -5.02793296089385
 28 -3.016759776536304
 8 -1.005586592178759
 23 1.005586592178787
 126 3.016759776536333
 3 5.02793296089385
 535 7.039106145251395
 11 9.050279329608941
 131 11.06145251396649
 28 13.07262569832403
 17 15.08379888268158
 50 17.09497206703912
 128 19.10614525139667
 526 21.11731843575421
 72 23.12849162011173
 71 25.13966480446928
 100 27.15083798882682
 47 29.16201117318437
 200 31.17318435754191
 349 33.18435754189946
 245 35.195530726257
 140 37.20670391061452
 44 39.21787709497207
 259 41.22905027932961
 4 43.24022346368716
 128 45.2513966480447
 71 47.26256983240225
 198 49.27374301675979
 90 51.28491620111734
 179 53.29608938547489
 71 55.3072625698324
 151 57.31843575418995
 224 59.32960893854749
 64 61.34078212290504
 100 63.35195530726259
 74 65.36312849162013
 109 67.37430167597768
 49 69.38547486033519
 26 71.39664804469274
 39 73.40782122905028
 9 75.41899441340783
 6 77.43016759776538
 3 79.44134078212289
 2 81.45251396648047
 4 83.46368715083798
 3 85.47486033519556
 21 87.48603351955308
 7022 89.49720670391065
 11 91.50837988826817
 5 93.51955307262574
 0 95.53072625698326
 0 97.54189944134077
 2 99.55307262569835
 19 101.5642458100559
 27 103.5754189944134
 38 105.586592178771
 15 107.5977653631285
 118 109.608938547486
 121 111.6201117318436
 126 113.6312849162011
 2 115.6424581005587
 222 117.6536312849162
 172 119.6648044692737
 101 121.6759776536313
 171 123.6871508379888
 165 125.6983240223464
 82 127.7094972067039
 176 129.7206703910614
 178 131.731843575419
 3 133.7430167597765
 107 135.7541899441341
 168 137.7653631284916
 115 139.7765363128492
 111 141.7877094972067
 488 143.7988826815642
 97 145.8100558659218
 203 147.8212290502793
 45 149.8324022346369
 135 151.8435754189944
 66 153.854748603352
 490 155.8659217877095
 57 157.8770949720671
 157 159.8882681564246
 67 161.8994413407821
 51 163.9106145251397
 20 165.9217877094972
 135 167.9329608938548
 196 169.9441340782123
 343 171.9553072625699
 4 173.9664804469274
 156 175.9776536312849
 6 177.9888268156425
 0 180


