# Created by Octave 3.8.2, Sat Jun 20 20:57:16 2020 CEST <damian@fptrucha.inv.usc.es>
# name: hd
# type: matrix
# rows: 180
# columns: 2
 2 -180
 159 -177.9888268156425
 4 -175.9776536312849
 372 -173.9664804469274
 236 -171.9553072625698
 153 -169.9441340782123
 24 -167.9329608938548
 44 -165.9217877094972
 42 -163.9106145251397
 146 -161.8994413407821
 36 -159.8882681564246
 642 -157.877094972067
 57 -155.8659217877095
 135 -153.854748603352
 32 -151.8435754189944
 68 -149.8324022346369
 202 -147.8212290502793
 557 -145.8100558659218
 112 -143.7988826815642
 78 -141.7877094972067
 169 -139.7765363128491
 101 -137.7653631284916
 1 -135.7541899441341
 127 -133.7430167597765
 157 -131.731843575419
 77 -129.7206703910614
 174 -127.7094972067039
 203 -125.6983240223464
 89 -123.6871508379888
 204 -121.6759776536313
 168 -119.6648044692737
 5 -117.6536312849162
 89 -115.6424581005587
 107 -113.6312849162011
 111 -111.6201117318436
 17 -109.608938547486
 24 -107.5977653631285
 24 -105.5865921787709
 9 -103.5754189944134
 2 -101.5642458100559
 1 -99.55307262569832
 2 -97.54189944134077
 2 -95.53072625698323
 3 -93.5195530726257
 7943 -91.50837988826815
 10 -89.49720670391061
 3 -87.48603351955308
 1 -85.47486033519553
 0 -83.46368715083798
 1 -81.45251396648044
 2 -79.44134078212289
 5 -77.43016759776536
 47 -75.41899441340782
 18 -73.40782122905027
 51 -71.39664804469274
 103 -69.38547486033519
 61 -67.37430167597765
 87 -65.3631284916201
 52 -63.35195530726256
 258 -61.34078212290503
 145 -59.32960893854748
 203 -57.31843575418993
 97 -55.3072625698324
 75 -53.29608938547486
 225 -51.28491620111731
 58 -49.27374301675977
 98 -47.26256983240222
 2 -45.25139664804468
 247 -43.24022346368713
 6 -41.22905027932961
 140 -39.21787709497207
 292 -37.20670391061452
 462 -35.19553072625698
 101 -33.18435754189943
 55 -31.17318435754188
 130 -29.16201117318434
 6 -27.15083798882682
 64 -25.13966480446928
 615 -23.12849162011173
 134 -21.11731843575419
 31 -19.10614525139664
 7 -17.09497206703909
 30 -15.08379888268155
 168 -13.072625698324
 5 -11.06145251396646
 535 -9.050279329608941
 1 -7.039106145251395
 116 -5.02793296089385
 17 -3.016759776536304
 4 -1.005586592178759
 19 1.005586592178787
 133 3.016759776536333
 2 5.02793296089385
 545 7.039106145251395
 7 9.050279329608941
 130 11.06145251396649
 47 13.07262569832403
 18 15.08379888268158
 56 17.09497206703912
 108 19.10614525139667
 550 21.11731843575421
 58 23.12849162011173
 104 25.13966480446928
 101 27.15083798882682
 64 29.16201117318437
 239 31.17318435754191
 299 33.18435754189946
 217 35.195530726257
 181 37.20670391061452
 32 39.21787709497207
 275 41.22905027932961
 2 43.24022346368716
 135 45.2513966480447
 57 47.26256983240225
 226 49.27374301675979
 71 51.28491620111734
 192 53.29608938547489
 67 55.3072625698324
 122 57.31843575418995
 276 59.32960893854749
 61 61.34078212290504
 117 63.35195530726259
 62 65.36312849162013
 119 67.37430167597768
 38 69.38547486033519
 33 71.39664804469274
 44 73.40782122905028
 9 75.41899441340783
 13 77.43016759776538
 2 79.44134078212289
 0 81.45251396648047
 2 83.46368715083798
 2 85.47486033519556
 9 87.48603351955308
 7813 89.49720670391065
 8 91.50837988826817
 5 93.51955307262574
 1 95.53072625698326
 1 97.54189944134077
 2 99.55307262569835
 17 101.5642458100559
 26 103.5754189944134
 36 105.586592178771
 17 107.5977653631285
 102 109.608938547486
 107 111.6201117318436
 129 113.6312849162011
 3 115.6424581005587
 202 117.6536312849162
 177 119.6648044692737
 93 121.6759776536313
 173 123.6871508379888
 191 125.6983240223464
 80 127.7094972067039
 153 129.7206703910614
 157 131.731843575419
 0 133.7430167597765
 124 135.7541899441341
 157 137.7653631284916
 96 139.7765363128492
 118 141.7877094972067
 489 143.7988826815642
 120 145.8100558659218
 214 147.8212290502793
 43 149.8324022346369
 142 151.8435754189944
 58 153.854748603352
 512 155.8659217877095
 45 157.8770949720671
 132 159.8882681564246
 66 161.8994413407821
 49 163.9106145251397
 19 165.9217877094972
 130 167.9329608938548
 223 169.9441340782123
 314 171.9553072625699
 2 173.9664804469274
 147 175.9776536312849
 0 177.9888268156425
 0 180


