# Created by Octave 3.8.2, Sat Jun 20 07:33:11 2020 CEST <damian@fptrucha.inv.usc.es>
# name: hd
# type: matrix
# rows: 180
# columns: 2
 5 -180
 154 -177.9888268156425
 4 -175.9776536312849
 402 -173.9664804469274
 246 -171.9553072625698
 175 -169.9441340782123
 34 -167.9329608938548
 49 -165.9217877094972
 60 -163.9106145251397
 190 -161.8994413407821
 42 -159.8882681564246
 680 -157.877094972067
 87 -155.8659217877095
 135 -153.854748603352
 39 -151.8435754189944
 90 -149.8324022346369
 232 -147.8212290502793
 738 -145.8100558659218
 152 -143.7988826815642
 110 -141.7877094972067
 205 -139.7765363128491
 132 -137.7653631284916
 5 -135.7541899441341
 216 -133.7430167597765
 186 -131.731843575419
 92 -129.7206703910614
 173 -127.7094972067039
 275 -125.6983240223464
 102 -123.6871508379888
 228 -121.6759776536313
 240 -119.6648044692737
 5 -117.6536312849162
 118 -115.6424581005587
 151 -113.6312849162011
 145 -111.6201117318436
 20 -109.608938547486
 31 -107.5977653631285
 35 -105.5865921787709
 16 -103.5754189944134
 3 -101.5642458100559
 1 -99.55307262569832
 1 -97.54189944134077
 1 -95.53072625698323
 3 -93.5195530726257
 9397 -91.50837988826815
 9 -89.49720670391061
 1 -87.48603351955308
 1 -85.47486033519553
 1 -83.46368715083798
 4 -81.45251396648044
 11 -79.44134078212289
 7 -77.43016759776536
 45 -75.41899441340782
 32 -73.40782122905027
 61 -71.39664804469274
 133 -69.38547486033519
 91 -67.37430167597765
 133 -65.3631284916201
 66 -63.35195530726256
 344 -61.34078212290503
 161 -59.32960893854748
 268 -57.31843575418993
 127 -55.3072625698324
 90 -53.29608938547486
 237 -51.28491620111731
 63 -49.27374301675977
 130 -47.26256983240222
 1 -45.25139664804468
 316 -43.24022346368713
 4 -41.22905027932961
 171 -39.21787709497207
 354 -37.20670391061452
 482 -35.19553072625698
 119 -33.18435754189943
 73 -31.17318435754188
 178 -29.16201117318434
 14 -27.15083798882682
 66 -25.13966480446928
 687 -23.12849162011173
 161 -21.11731843575419
 53 -19.10614525139664
 9 -17.09497206703909
 41 -15.08379888268155
 196 -13.072625698324
 7 -11.06145251396646
 639 -9.050279329608941
 4 -7.039106145251395
 139 -5.02793296089385
 19 -3.016759776536304
 4 -1.005586592178759
 22 1.005586592178787
 136 3.016759776536333
 1 5.02793296089385
 568 7.039106145251395
 14 9.050279329608941
 158 11.06145251396649
 57 13.07262569832403
 13 15.08379888268158
 62 17.09497206703912
 115 19.10614525139667
 572 21.11731843575421
 45 23.12849162011173
 85 25.13966480446928
 104 27.15083798882682
 56 29.16201117318437
 250 31.17318435754191
 383 33.18435754189946
 234 35.195530726257
 167 37.20670391061452
 34 39.21787709497207
 324 41.22905027932961
 1 43.24022346368716
 100 45.2513966480447
 61 47.26256983240225
 254 49.27374301675979
 95 51.28491620111734
 198 53.29608938547489
 87 55.3072625698324
 148 57.31843575418995
 281 59.32960893854749
 61 61.34078212290504
 132 63.35195530726259
 79 65.36312849162013
 117 67.37430167597768
 44 69.38547486033519
 27 71.39664804469274
 48 73.40782122905028
 5 75.41899441340783
 6 77.43016759776538
 0 79.44134078212289
 1 81.45251396648047
 2 83.46368715083798
 4 85.47486033519556
 12 87.48603351955308
 8293 89.49720670391065
 9 91.50837988826817
 3 93.51955307262574
 0 95.53072625698326
 4 97.54189944134077
 3 99.55307262569835
 15 101.5642458100559
 27 103.5754189944134
 28 105.586592178771
 18 107.5977653631285
 116 109.608938547486
 127 111.6201117318436
 134 113.6312849162011
 1 115.6424581005587
 213 117.6536312849162
 199 119.6648044692737
 83 121.6759776536313
 196 123.6871508379888
 192 125.6983240223464
 92 127.7094972067039
 170 129.7206703910614
 190 131.731843575419
 1 133.7430167597765
 109 135.7541899441341
 176 137.7653631284916
 121 139.7765363128492
 155 141.7877094972067
 523 143.7988826815642
 132 145.8100558659218
 219 147.8212290502793
 50 149.8324022346369
 166 151.8435754189944
 78 153.854748603352
 560 155.8659217877095
 53 157.8770949720671
 147 159.8882681564246
 96 161.8994413407821
 54 163.9106145251397
 13 165.9217877094972
 137 167.9329608938548
 274 169.9441340782123
 370 171.9553072625699
 0 173.9664804469274
 181 175.9776536312849
 4 177.9888268156425
 0 180


