# Created by Octave 3.8.2, Sun Jun 21 02:47:25 2020 CEST <damian@fptrucha.inv.usc.es>
# name: hd
# type: matrix
# rows: 180
# columns: 2
 4 -180
 146 -177.9888268156425
 3 -175.9776536312849
 339 -173.9664804469274
 213 -171.9553072625698
 180 -169.9441340782123
 35 -167.9329608938548
 33 -165.9217877094972
 58 -163.9106145251397
 160 -161.8994413407821
 41 -159.8882681564246
 596 -157.877094972067
 52 -155.8659217877095
 120 -153.854748603352
 48 -151.8435754189944
 58 -149.8324022346369
 186 -147.8212290502793
 598 -145.8100558659218
 123 -143.7988826815642
 80 -141.7877094972067
 166 -139.7765363128491
 95 -137.7653631284916
 3 -135.7541899441341
 140 -133.7430167597765
 140 -131.731843575419
 73 -129.7206703910614
 180 -127.7094972067039
 230 -125.6983240223464
 107 -123.6871508379888
 188 -121.6759776536313
 183 -119.6648044692737
 3 -117.6536312849162
 103 -115.6424581005587
 109 -113.6312849162011
 121 -111.6201117318436
 23 -109.608938547486
 36 -107.5977653631285
 16 -105.5865921787709
 7 -103.5754189944134
 1 -101.5642458100559
 0 -99.55307262569832
 0 -97.54189944134077
 3 -95.53072625698323
 9 -93.5195530726257
 7855 -91.50837988826815
 8 -89.49720670391061
 0 -87.48603351955308
 3 -85.47486033519553
 0 -83.46368715083798
 3 -81.45251396648044
 3 -79.44134078212289
 3 -77.43016759776536
 37 -75.41899441340782
 20 -73.40782122905027
 50 -71.39664804469274
 111 -69.38547486033519
 67 -67.37430167597765
 79 -65.3631284916201
 61 -63.35195530726256
 245 -61.34078212290503
 144 -59.32960893854748
 234 -57.31843575418993
 87 -55.3072625698324
 74 -53.29608938547486
 214 -51.28491620111731
 39 -49.27374301675977
 95 -47.26256983240222
 0 -45.25139664804468
 257 -43.24022346368713
 2 -41.22905027932961
 148 -39.21787709497207
 319 -37.20670391061452
 448 -35.19553072625698
 115 -33.18435754189943
 50 -31.17318435754188
 137 -29.16201117318434
 8 -27.15083798882682
 75 -25.13966480446928
 603 -23.12849162011173
 134 -21.11731843575419
 47 -19.10614525139664
 13 -17.09497206703909
 49 -15.08379888268155
 162 -13.072625698324
 9 -11.06145251396646
 526 -9.050279329608941
 3 -7.039106145251395
 118 -5.02793296089385
 27 -3.016759776536304
 2 -1.005586592178759
 21 1.005586592178787
 115 3.016759776536333
 3 5.02793296089385
 466 7.039106145251395
 8 9.050279329608941
 125 11.06145251396649
 47 13.07262569832403
 15 15.08379888268158
 63 17.09497206703912
 99 19.10614525139667
 519 21.11731843575421
 67 23.12849162011173
 77 25.13966480446928
 93 27.15083798882682
 62 29.16201117318437
 246 31.17318435754191
 333 33.18435754189946
 249 35.195530726257
 135 37.20670391061452
 33 39.21787709497207
 277 41.22905027932961
 3 43.24022346368716
 106 45.2513966480447
 57 47.26256983240225
 222 49.27374301675979
 81 51.28491620111734
 192 53.29608938547489
 81 55.3072625698324
 134 57.31843575418995
 227 59.32960893854749
 61 61.34078212290504
 115 63.35195530726259
 68 65.36312849162013
 91 67.37430167597768
 32 69.38547486033519
 31 71.39664804469274
 46 73.40782122905028
 7 75.41899441340783
 5 77.43016759776538
 3 79.44134078212289
 0 81.45251396648047
 0 83.46368715083798
 4 85.47486033519556
 9 87.48603351955308
 7379 89.49720670391065
 5 91.50837988826817
 1 93.51955307262574
 1 95.53072625698326
 0 97.54189944134077
 4 99.55307262569835
 16 101.5642458100559
 21 103.5754189944134
 31 105.586592178771
 13 107.5977653631285
 100 109.608938547486
 115 111.6201117318436
 121 113.6312849162011
 2 115.6424581005587
 193 117.6536312849162
 155 119.6648044692737
 74 121.6759776536313
 169 123.6871508379888
 164 125.6983240223464
 82 127.7094972067039
 144 129.7206703910614
 166 131.731843575419
 3 133.7430167597765
 94 135.7541899441341
 166 137.7653631284916
 81 139.7765363128492
 140 141.7877094972067
 476 143.7988826815642
 123 145.8100558659218
 194 147.8212290502793
 37 149.8324022346369
 155 151.8435754189944
 49 153.854748603352
 449 155.8659217877095
 56 157.8770949720671
 90 159.8882681564246
 67 161.8994413407821
 53 163.9106145251397
 21 165.9217877094972
 126 167.9329608938548
 191 169.9441340782123
 322 171.9553072625699
 3 173.9664804469274
 144 175.9776536312849
 0 177.9888268156425
 0 180


