# Created by Octave 3.8.2, Sun Jun 21 00:54:06 2020 CEST <damian@fptrucha.inv.usc.es>
# name: hd
# type: matrix
# rows: 180
# columns: 2
 4 -180
 152 -177.9888268156425
 5 -175.9776536312849
 371 -173.9664804469274
 227 -171.9553072625698
 139 -169.9441340782123
 27 -167.9329608938548
 38 -165.9217877094972
 52 -163.9106145251397
 155 -161.8994413407821
 33 -159.8882681564246
 611 -157.877094972067
 62 -155.8659217877095
 105 -153.854748603352
 40 -151.8435754189944
 64 -149.8324022346369
 190 -147.8212290502793
 628 -145.8100558659218
 113 -143.7988826815642
 95 -141.7877094972067
 151 -139.7765363128491
 105 -137.7653631284916
 2 -135.7541899441341
 149 -133.7430167597765
 164 -131.731843575419
 70 -129.7206703910614
 172 -127.7094972067039
 202 -125.6983240223464
 86 -123.6871508379888
 189 -121.6759776536313
 170 -119.6648044692737
 2 -117.6536312849162
 97 -115.6424581005587
 124 -113.6312849162011
 109 -111.6201117318436
 16 -109.608938547486
 23 -107.5977653631285
 25 -105.5865921787709
 2 -103.5754189944134
 2 -101.5642458100559
 0 -99.55307262569832
 0 -97.54189944134077
 1 -95.53072625698323
 4 -93.5195530726257
 7884 -91.50837988826815
 8 -89.49720670391061
 4 -87.48603351955308
 1 -85.47486033519553
 0 -83.46368715083798
 1 -81.45251396648044
 7 -79.44134078212289
 6 -77.43016759776536
 30 -75.41899441340782
 20 -73.40782122905027
 50 -71.39664804469274
 130 -69.38547486033519
 85 -67.37430167597765
 93 -65.3631284916201
 43 -63.35195530726256
 282 -61.34078212290503
 147 -59.32960893854748
 188 -57.31843575418993
 97 -55.3072625698324
 68 -53.29608938547486
 238 -51.28491620111731
 50 -49.27374301675977
 97 -47.26256983240222
 1 -45.25139664804468
 255 -43.24022346368713
 2 -41.22905027932961
 157 -39.21787709497207
 328 -37.20670391061452
 419 -35.19553072625698
 92 -33.18435754189943
 50 -31.17318435754188
 140 -29.16201117318434
 6 -27.15083798882682
 45 -25.13966480446928
 650 -23.12849162011173
 136 -21.11731843575419
 47 -19.10614525139664
 6 -17.09497206703909
 23 -15.08379888268155
 172 -13.072625698324
 2 -11.06145251396646
 581 -9.050279329608941
 0 -7.039106145251395
 136 -5.02793296089385
 20 -3.016759776536304
 4 -1.005586592178759
 25 1.005586592178787
 138 3.016759776536333
 1 5.02793296089385
 525 7.039106145251395
 11 9.050279329608941
 105 11.06145251396649
 41 13.07262569832403
 13 15.08379888268158
 56 17.09497206703912
 104 19.10614525139667
 474 21.11731843575421
 48 23.12849162011173
 78 25.13966480446928
 98 27.15083798882682
 46 29.16201117318437
 191 31.17318435754191
 283 33.18435754189946
 217 35.195530726257
 149 37.20670391061452
 32 39.21787709497207
 295 41.22905027932961
 1 43.24022346368716
 102 45.2513966480447
 56 47.26256983240225
 218 49.27374301675979
 88 51.28491620111734
 197 53.29608938547489
 80 55.3072625698324
 143 57.31843575418995
 252 59.32960893854749
 48 61.34078212290504
 109 63.35195530726259
 71 65.36312849162013
 96 67.37430167597768
 46 69.38547486033519
 23 71.39664804469274
 50 73.40782122905028
 7 75.41899441340783
 4 77.43016759776538
 3 79.44134078212289
 1 81.45251396648047
 1 83.46368715083798
 4 85.47486033519556
 13 87.48603351955308
 7399 89.49720670391065
 10 91.50837988826817
 4 93.51955307262574
 1 95.53072625698326
 1 97.54189944134077
 2 99.55307262569835
 17 101.5642458100559
 29 103.5754189944134
 35 105.586592178771
 22 107.5977653631285
 114 109.608938547486
 105 111.6201117318436
 129 113.6312849162011
 1 115.6424581005587
 216 117.6536312849162
 170 119.6648044692737
 85 121.6759776536313
 170 123.6871508379888
 158 125.6983240223464
 78 127.7094972067039
 164 129.7206703910614
 189 131.731843575419
 1 133.7430167597765
 120 135.7541899441341
 156 137.7653631284916
 109 139.7765363128492
 133 141.7877094972067
 491 143.7988826815642
 150 145.8100558659218
 195 147.8212290502793
 31 149.8324022346369
 145 151.8435754189944
 57 153.854748603352
 474 155.8659217877095
 44 157.8770949720671
 139 159.8882681564246
 65 161.8994413407821
 56 163.9106145251397
 15 165.9217877094972
 124 167.9329608938548
 216 169.9441340782123
 299 171.9553072625699
 1 173.9664804469274
 165 175.9776536312849
 2 177.9888268156425
 0 180


