# Created by Octave 3.8.2, Mon Jun 22 17:44:19 2020 CEST <damian@fptrucha.inv.usc.es>
# name: hd
# type: matrix
# rows: 180
# columns: 2
 4 -180
 202 -177.9888268156425
 7 -175.9776536312849
 385 -173.9664804469274
 257 -171.9553072625698
 156 -169.9441340782123
 25 -167.9329608938548
 57 -165.9217877094972
 59 -163.9106145251397
 169 -161.8994413407821
 34 -159.8882681564246
 544 -157.877094972067
 79 -155.8659217877095
 134 -153.854748603352
 38 -151.8435754189944
 79 -149.8324022346369
 245 -147.8212290502793
 611 -145.8100558659218
 139 -143.7988826815642
 99 -141.7877094972067
 192 -139.7765363128491
 124 -137.7653631284916
 1 -135.7541899441341
 179 -133.7430167597765
 183 -131.731843575419
 85 -129.7206703910614
 185 -127.7094972067039
 234 -125.6983240223464
 96 -123.6871508379888
 194 -121.6759776536313
 193 -119.6648044692737
 6 -117.6536312849162
 138 -115.6424581005587
 123 -113.6312849162011
 133 -111.6201117318436
 25 -109.608938547486
 42 -107.5977653631285
 28 -105.5865921787709
 24 -103.5754189944134
 7 -101.5642458100559
 2 -99.55307262569832
 2 -97.54189944134077
 4 -95.53072625698323
 9 -93.5195530726257
 8328 -91.50837988826815
 15 -89.49720670391061
 7 -87.48603351955308
 1 -85.47486033519553
 0 -83.46368715083798
 2 -81.45251396648044
 11 -79.44134078212289
 8 -77.43016759776536
 70 -75.41899441340782
 39 -73.40782122905027
 71 -71.39664804469274
 135 -69.38547486033519
 87 -67.37430167597765
 141 -65.3631284916201
 60 -63.35195530726256
 281 -61.34078212290503
 175 -59.32960893854748
 247 -57.31843575418993
 103 -55.3072625698324
 75 -53.29608938547486
 264 -51.28491620111731
 67 -49.27374301675977
 123 -47.26256983240222
 3 -45.25139664804468
 281 -43.24022346368713
 3 -41.22905027932961
 152 -39.21787709497207
 321 -37.20670391061452
 451 -35.19553072625698
 148 -33.18435754189943
 55 -31.17318435754188
 176 -29.16201117318434
 7 -27.15083798882682
 67 -25.13966480446928
 582 -23.12849162011173
 133 -21.11731843575419
 65 -19.10614525139664
 17 -17.09497206703909
 39 -15.08379888268155
 160 -13.072625698324
 10 -11.06145251396646
 616 -9.050279329608941
 0 -7.039106145251395
 136 -5.02793296089385
 15 -3.016759776536304
 5 -1.005586592178759
 16 1.005586592178787
 136 3.016759776536333
 4 5.02793296089385
 577 7.039106145251395
 6 9.050279329608941
 147 11.06145251396649
 42 13.07262569832403
 15 15.08379888268158
 52 17.09497206703912
 133 19.10614525139667
 522 21.11731843575421
 58 23.12849162011173
 83 25.13966480446928
 107 27.15083798882682
 85 29.16201117318437
 219 31.17318435754191
 342 33.18435754189946
 242 35.195530726257
 165 37.20670391061452
 46 39.21787709497207
 321 41.22905027932961
 3 43.24022346368716
 136 45.2513966480447
 65 47.26256983240225
 274 49.27374301675979
 76 51.28491620111734
 188 53.29608938547489
 73 55.3072625698324
 144 57.31843575418995
 259 59.32960893854749
 69 61.34078212290504
 141 63.35195530726259
 91 65.36312849162013
 110 67.37430167597768
 44 69.38547486033519
 33 71.39664804469274
 40 73.40782122905028
 7 75.41899441340783
 13 77.43016759776538
 4 79.44134078212289
 0 81.45251396648047
 2 83.46368715083798
 5 85.47486033519556
 17 87.48603351955308
 7858 89.49720670391065
 11 91.50837988826817
 5 93.51955307262574
 1 95.53072625698326
 2 97.54189944134077
 6 99.55307262569835
 18 101.5642458100559
 29 103.5754189944134
 46 105.586592178771
 13 107.5977653631285
 125 109.608938547486
 149 111.6201117318436
 143 113.6312849162011
 3 115.6424581005587
 195 117.6536312849162
 151 119.6648044692737
 102 121.6759776536313
 178 123.6871508379888
 192 125.6983240223464
 87 127.7094972067039
 175 129.7206703910614
 183 131.731843575419
 3 133.7430167597765
 141 135.7541899441341
 193 137.7653631284916
 117 139.7765363128492
 158 141.7877094972067
 537 143.7988826815642
 124 145.8100558659218
 215 147.8212290502793
 30 149.8324022346369
 154 151.8435754189944
 82 153.854748603352
 527 155.8659217877095
 62 157.8770949720671
 128 159.8882681564246
 66 161.8994413407821
 55 163.9106145251397
 27 165.9217877094972
 148 167.9329608938548
 242 169.9441340782123
 335 171.9553072625699
 4 173.9664804469274
 153 175.9776536312849
 4 177.9888268156425
 0 180


