# Created by Octave 3.8.2, Sun Jun 21 00:26:45 2020 CEST <damian@fptrucha.inv.usc.es>
# name: hd
# type: matrix
# rows: 180
# columns: 2
 1 -180
 158 -177.9888268156425
 2 -175.9776536312849
 353 -173.9664804469274
 224 -171.9553072625698
 150 -169.9441340782123
 24 -167.9329608938548
 30 -165.9217877094972
 44 -163.9106145251397
 147 -161.8994413407821
 37 -159.8882681564246
 606 -157.877094972067
 54 -155.8659217877095
 88 -153.854748603352
 37 -151.8435754189944
 69 -149.8324022346369
 180 -147.8212290502793
 640 -145.8100558659218
 109 -143.7988826815642
 79 -141.7877094972067
 180 -139.7765363128491
 103 -137.7653631284916
 2 -135.7541899441341
 135 -133.7430167597765
 149 -131.731843575419
 63 -129.7206703910614
 178 -127.7094972067039
 205 -125.6983240223464
 96 -123.6871508379888
 192 -121.6759776536313
 171 -119.6648044692737
 6 -117.6536312849162
 82 -115.6424581005587
 100 -113.6312849162011
 123 -111.6201117318436
 26 -109.608938547486
 29 -107.5977653631285
 24 -105.5865921787709
 11 -103.5754189944134
 3 -101.5642458100559
 0 -99.55307262569832
 2 -97.54189944134077
 2 -95.53072625698323
 1 -93.5195530726257
 7688 -91.50837988826815
 8 -89.49720670391061
 2 -87.48603351955308
 0 -85.47486033519553
 0 -83.46368715083798
 0 -81.45251396648044
 4 -79.44134078212289
 8 -77.43016759776536
 36 -75.41899441340782
 21 -73.40782122905027
 38 -71.39664804469274
 107 -69.38547486033519
 84 -67.37430167597765
 93 -65.3631284916201
 39 -63.35195530726256
 285 -61.34078212290503
 134 -59.32960893854748
 210 -57.31843575418993
 102 -55.3072625698324
 87 -53.29608938547486
 228 -51.28491620111731
 39 -49.27374301675977
 95 -47.26256983240222
 2 -45.25139664804468
 266 -43.24022346368713
 0 -41.22905027932961
 164 -39.21787709497207
 301 -37.20670391061452
 462 -35.19553072625698
 93 -33.18435754189943
 33 -31.17318435754188
 129 -29.16201117318434
 9 -27.15083798882682
 51 -25.13966480446928
 625 -23.12849162011173
 135 -21.11731843575419
 41 -19.10614525139664
 8 -17.09497206703909
 35 -15.08379888268155
 175 -13.072625698324
 8 -11.06145251396646
 516 -9.050279329608941
 2 -7.039106145251395
 125 -5.02793296089385
 23 -3.016759776536304
 2 -1.005586592178759
 13 1.005586592178787
 117 3.016759776536333
 3 5.02793296089385
 523 7.039106145251395
 9 9.050279329608941
 124 11.06145251396649
 46 13.07262569832403
 9 15.08379888268158
 60 17.09497206703912
 107 19.10614525139667
 515 21.11731843575421
 58 23.12849162011173
 92 25.13966480446928
 92 27.15083798882682
 52 29.16201117318437
 238 31.17318435754191
 315 33.18435754189946
 223 35.195530726257
 151 37.20670391061452
 33 39.21787709497207
 273 41.22905027932961
 0 43.24022346368716
 105 45.2513966480447
 62 47.26256983240225
 239 49.27374301675979
 79 51.28491620111734
 192 53.29608938547489
 78 55.3072625698324
 130 57.31843575418995
 253 59.32960893854749
 62 61.34078212290504
 121 63.35195530726259
 71 65.36312849162013
 109 67.37430167597768
 38 69.38547486033519
 22 71.39664804469274
 45 73.40782122905028
 5 75.41899441340783
 8 77.43016759776538
 5 79.44134078212289
 0 81.45251396648047
 0 83.46368715083798
 2 85.47486033519556
 17 87.48603351955308
 7543 89.49720670391065
 9 91.50837988826817
 3 93.51955307262574
 0 95.53072625698326
 0 97.54189944134077
 3 99.55307262569835
 11 101.5642458100559
 22 103.5754189944134
 36 105.586592178771
 11 107.5977653631285
 96 109.608938547486
 99 111.6201117318436
 100 113.6312849162011
 0 115.6424581005587
 183 117.6536312849162
 147 119.6648044692737
 98 121.6759776536313
 180 123.6871508379888
 160 125.6983240223464
 72 127.7094972067039
 142 129.7206703910614
 162 131.731843575419
 2 133.7430167597765
 123 135.7541899441341
 183 137.7653631284916
 94 139.7765363128492
 138 141.7877094972067
 479 143.7988826815642
 121 145.8100558659218
 196 147.8212290502793
 62 149.8324022346369
 159 151.8435754189944
 63 153.854748603352
 425 155.8659217877095
 51 157.8770949720671
 123 159.8882681564246
 70 161.8994413407821
 50 163.9106145251397
 15 165.9217877094972
 125 167.9329608938548
 207 169.9441340782123
 289 171.9553072625699
 4 173.9664804469274
 148 175.9776536312849
 3 177.9888268156425
 0 180


