# Created by Octave 3.8.2, Sat Jun 20 21:17:18 2020 CEST <damian@fptrucha.inv.usc.es>
# name: hd
# type: matrix
# rows: 180
# columns: 2
 2 -180
 177 -177.9888268156425
 4 -175.9776536312849
 322 -173.9664804469274
 222 -171.9553072625698
 129 -169.9441340782123
 27 -167.9329608938548
 40 -165.9217877094972
 53 -163.9106145251397
 158 -161.8994413407821
 54 -159.8882681564246
 592 -157.877094972067
 52 -155.8659217877095
 87 -153.854748603352
 43 -151.8435754189944
 50 -149.8324022346369
 203 -147.8212290502793
 617 -145.8100558659218
 128 -143.7988826815642
 101 -141.7877094972067
 177 -139.7765363128491
 87 -137.7653631284916
 0 -135.7541899441341
 163 -133.7430167597765
 145 -131.731843575419
 83 -129.7206703910614
 175 -127.7094972067039
 228 -125.6983240223464
 97 -123.6871508379888
 184 -121.6759776536313
 182 -119.6648044692737
 5 -117.6536312849162
 83 -115.6424581005587
 97 -113.6312849162011
 115 -111.6201117318436
 13 -109.608938547486
 26 -107.5977653631285
 21 -105.5865921787709
 6 -103.5754189944134
 3 -101.5642458100559
 1 -99.55307262569832
 1 -97.54189944134077
 4 -95.53072625698323
 7 -93.5195530726257
 7926 -91.50837988826815
 24 -89.49720670391061
 5 -87.48603351955308
 0 -85.47486033519553
 0 -83.46368715083798
 5 -81.45251396648044
 6 -79.44134078212289
 7 -77.43016759776536
 38 -75.41899441340782
 20 -73.40782122905027
 67 -71.39664804469274
 98 -69.38547486033519
 63 -67.37430167597765
 73 -65.3631284916201
 39 -63.35195530726256
 251 -61.34078212290503
 140 -59.32960893854748
 210 -57.31843575418993
 84 -55.3072625698324
 59 -53.29608938547486
 217 -51.28491620111731
 56 -49.27374301675977
 118 -47.26256983240222
 3 -45.25139664804468
 287 -43.24022346368713
 4 -41.22905027932961
 165 -39.21787709497207
 339 -37.20670391061452
 450 -35.19553072625698
 106 -33.18435754189943
 72 -31.17318435754188
 154 -29.16201117318434
 7 -27.15083798882682
 36 -25.13966480446928
 709 -23.12849162011173
 156 -21.11731843575419
 46 -19.10614525139664
 7 -17.09497206703909
 45 -15.08379888268155
 179 -13.072625698324
 7 -11.06145251396646
 580 -9.050279329608941
 4 -7.039106145251395
 121 -5.02793296089385
 12 -3.016759776536304
 3 -1.005586592178759
 11 1.005586592178787
 118 3.016759776536333
 1 5.02793296089385
 535 7.039106145251395
 8 9.050279329608941
 134 11.06145251396649
 39 13.07262569832403
 10 15.08379888268158
 58 17.09497206703912
 92 19.10614525139667
 530 21.11731843575421
 47 23.12849162011173
 99 25.13966480446928
 114 27.15083798882682
 53 29.16201117318437
 231 31.17318435754191
 305 33.18435754189946
 201 35.195530726257
 159 37.20670391061452
 31 39.21787709497207
 294 41.22905027932961
 5 43.24022346368716
 117 45.2513966480447
 56 47.26256983240225
 236 49.27374301675979
 77 51.28491620111734
 190 53.29608938547489
 75 55.3072625698324
 123 57.31843575418995
 262 59.32960893854749
 65 61.34078212290504
 108 63.35195530726259
 68 65.36312849162013
 113 67.37430167597768
 45 69.38547486033519
 24 71.39664804469274
 46 73.40782122905028
 11 75.41899441340783
 6 77.43016759776538
 0 79.44134078212289
 1 81.45251396648047
 1 83.46368715083798
 3 85.47486033519556
 9 87.48603351955308
 7664 89.49720670391065
 2 91.50837988826817
 3 93.51955307262574
 0 95.53072625698326
 0 97.54189944134077
 9 99.55307262569835
 19 101.5642458100559
 25 103.5754189944134
 32 105.586592178771
 29 107.5977653631285
 106 109.608938547486
 124 111.6201117318436
 127 113.6312849162011
 4 115.6424581005587
 196 117.6536312849162
 150 119.6648044692737
 81 121.6759776536313
 186 123.6871508379888
 166 125.6983240223464
 81 127.7094972067039
 138 129.7206703910614
 149 131.731843575419
 1 133.7430167597765
 111 135.7541899441341
 163 137.7653631284916
 98 139.7765363128492
 129 141.7877094972067
 455 143.7988826815642
 135 145.8100558659218
 218 147.8212290502793
 33 149.8324022346369
 171 151.8435754189944
 59 153.854748603352
 435 155.8659217877095
 58 157.8770949720671
 143 159.8882681564246
 84 161.8994413407821
 49 163.9106145251397
 9 165.9217877094972
 132 167.9329608938548
 215 169.9441340782123
 367 171.9553072625699
 1 173.9664804469274
 148 175.9776536312849
 2 177.9888268156425
 0 180


