# Created by Octave 3.8.2, Mon Jun 22 04:31:48 2020 CEST <damian@fptrucha.inv.usc.es>
# name: hd
# type: matrix
# rows: 180
# columns: 2
 5 -180
 166 -177.9888268156425
 4 -175.9776536312849
 311 -173.9664804469274
 218 -171.9553072625698
 158 -169.9441340782123
 30 -167.9329608938548
 35 -165.9217877094972
 55 -163.9106145251397
 139 -161.8994413407821
 46 -159.8882681564246
 465 -157.877094972067
 66 -155.8659217877095
 120 -153.854748603352
 39 -151.8435754189944
 74 -149.8324022346369
 176 -147.8212290502793
 502 -145.8100558659218
 135 -143.7988826815642
 73 -141.7877094972067
 169 -139.7765363128491
 113 -137.7653631284916
 5 -135.7541899441341
 148 -133.7430167597765
 154 -131.731843575419
 66 -129.7206703910614
 156 -127.7094972067039
 176 -125.6983240223464
 84 -123.6871508379888
 192 -121.6759776536313
 190 -119.6648044692737
 5 -117.6536312849162
 93 -115.6424581005587
 118 -113.6312849162011
 136 -111.6201117318436
 25 -109.608938547486
 36 -107.5977653631285
 22 -105.5865921787709
 20 -103.5754189944134
 4 -101.5642458100559
 0 -99.55307262569832
 0 -97.54189944134077
 6 -95.53072625698323
 13 -93.5195530726257
 6970 -91.50837988826815
 13 -89.49720670391061
 4 -87.48603351955308
 2 -85.47486033519553
 2 -83.46368715083798
 1 -81.45251396648044
 8 -79.44134078212289
 6 -77.43016759776536
 50 -75.41899441340782
 28 -73.40782122905027
 54 -71.39664804469274
 118 -69.38547486033519
 71 -67.37430167597765
 123 -65.3631284916201
 64 -63.35195530726256
 244 -61.34078212290503
 134 -59.32960893854748
 179 -57.31843575418993
 81 -55.3072625698324
 69 -53.29608938547486
 226 -51.28491620111731
 62 -49.27374301675977
 98 -47.26256983240222
 2 -45.25139664804468
 269 -43.24022346368713
 4 -41.22905027932961
 125 -39.21787709497207
 273 -37.20670391061452
 412 -35.19553072625698
 118 -33.18435754189943
 64 -31.17318435754188
 143 -29.16201117318434
 11 -27.15083798882682
 55 -25.13966480446928
 490 -23.12849162011173
 128 -21.11731843575419
 47 -19.10614525139664
 11 -17.09497206703909
 54 -15.08379888268155
 146 -13.072625698324
 13 -11.06145251396646
 541 -9.050279329608941
 0 -7.039106145251395
 140 -5.02793296089385
 26 -3.016759776536304
 5 -1.005586592178759
 29 1.005586592178787
 132 3.016759776536333
 3 5.02793296089385
 484 7.039106145251395
 10 9.050279329608941
 153 11.06145251396649
 36 13.07262569832403
 10 15.08379888268158
 59 17.09497206703912
 121 19.10614525139667
 449 21.11731843575421
 64 23.12849162011173
 75 25.13966480446928
 89 27.15083798882682
 73 29.16201117318437
 183 31.17318435754191
 290 33.18435754189946
 222 35.195530726257
 131 37.20670391061452
 26 39.21787709497207
 251 41.22905027932961
 0 43.24022346368716
 117 45.2513966480447
 60 47.26256983240225
 222 49.27374301675979
 68 51.28491620111734
 165 53.29608938547489
 72 55.3072625698324
 112 57.31843575418995
 240 59.32960893854749
 52 61.34078212290504
 127 63.35195530726259
 69 65.36312849162013
 117 67.37430167597768
 47 69.38547486033519
 40 71.39664804469274
 48 73.40782122905028
 9 75.41899441340783
 7 77.43016759776538
 2 79.44134078212289
 0 81.45251396648047
 3 83.46368715083798
 6 85.47486033519556
 15 87.48603351955308
 6459 89.49720670391065
 7 91.50837988826817
 3 93.51955307262574
 1 95.53072625698326
 0 97.54189944134077
 3 99.55307262569835
 17 101.5642458100559
 20 103.5754189944134
 37 105.586592178771
 26 107.5977653631285
 90 109.608938547486
 118 111.6201117318436
 125 113.6312849162011
 2 115.6424581005587
 192 117.6536312849162
 154 119.6648044692737
 82 121.6759776536313
 149 123.6871508379888
 158 125.6983240223464
 85 127.7094972067039
 150 129.7206703910614
 167 131.731843575419
 4 133.7430167597765
 112 135.7541899441341
 155 137.7653631284916
 102 139.7765363128492
 118 141.7877094972067
 457 143.7988826815642
 114 145.8100558659218
 182 147.8212290502793
 45 149.8324022346369
 120 151.8435754189944
 61 153.854748603352
 421 155.8659217877095
 38 157.8770949720671
 132 159.8882681564246
 80 161.8994413407821
 55 163.9106145251397
 13 165.9217877094972
 112 167.9329608938548
 182 169.9441340782123
 343 171.9553072625699
 3 173.9664804469274
 173 175.9776536312849
 7 177.9888268156425
 0 180


