# Created by Octave 3.8.2, Mon Jun 22 08:27:19 2020 CEST <damian@fptrucha.inv.usc.es>
# name: hd
# type: matrix
# rows: 180
# columns: 2
 2 -180
 106 -177.9888268156425
 3 -175.9776536312849
 248 -173.9664804469274
 149 -171.9553072625698
 93 -169.9441340782123
 19 -167.9329608938548
 27 -165.9217877094972
 35 -163.9106145251397
 97 -161.8994413407821
 33 -159.8882681564246
 349 -157.877094972067
 33 -155.8659217877095
 95 -153.854748603352
 32 -151.8435754189944
 44 -149.8324022346369
 152 -147.8212290502793
 355 -145.8100558659218
 72 -143.7988826815642
 48 -141.7877094972067
 129 -139.7765363128491
 80 -137.7653631284916
 3 -135.7541899441341
 97 -133.7430167597765
 103 -131.731843575419
 55 -129.7206703910614
 120 -127.7094972067039
 137 -125.6983240223464
 57 -123.6871508379888
 105 -121.6759776536313
 124 -119.6648044692737
 4 -117.6536312849162
 68 -115.6424581005587
 85 -113.6312849162011
 81 -111.6201117318436
 16 -109.608938547486
 34 -107.5977653631285
 11 -105.5865921787709
 11 -103.5754189944134
 2 -101.5642458100559
 2 -99.55307262569832
 4 -97.54189944134077
 0 -95.53072625698323
 6 -93.5195530726257
 4976 -91.50837988826815
 12 -89.49720670391061
 2 -87.48603351955308
 0 -85.47486033519553
 0 -83.46368715083798
 0 -81.45251396648044
 3 -79.44134078212289
 4 -77.43016759776536
 29 -75.41899441340782
 27 -73.40782122905027
 30 -71.39664804469274
 70 -69.38547486033519
 47 -67.37430167597765
 67 -65.3631284916201
 36 -63.35195530726256
 172 -61.34078212290503
 93 -59.32960893854748
 143 -57.31843575418993
 66 -55.3072625698324
 48 -53.29608938547486
 149 -51.28491620111731
 40 -49.27374301675977
 69 -47.26256983240222
 3 -45.25139664804468
 181 -43.24022346368713
 5 -41.22905027932961
 112 -39.21787709497207
 197 -37.20670391061452
 268 -35.19553072625698
 82 -33.18435754189943
 48 -31.17318435754188
 106 -29.16201117318434
 7 -27.15083798882682
 50 -25.13966480446928
 378 -23.12849162011173
 74 -21.11731843575419
 40 -19.10614525139664
 4 -17.09497206703909
 30 -15.08379888268155
 114 -13.072625698324
 9 -11.06145251396646
 376 -9.050279329608941
 1 -7.039106145251395
 88 -5.02793296089385
 19 -3.016759776536304
 0 -1.005586592178759
 17 1.005586592178787
 92 3.016759776536333
 1 5.02793296089385
 346 7.039106145251395
 3 9.050279329608941
 93 11.06145251396649
 29 13.07262569832403
 7 15.08379888268158
 18 17.09497206703912
 77 19.10614525139667
 347 21.11731843575421
 37 23.12849162011173
 47 25.13966480446928
 59 27.15083798882682
 41 29.16201117318437
 128 31.17318435754191
 201 33.18435754189946
 165 35.195530726257
 87 37.20670391061452
 21 39.21787709497207
 196 41.22905027932961
 1 43.24022346368716
 83 45.2513966480447
 35 47.26256983240225
 145 49.27374301675979
 35 51.28491620111734
 142 53.29608938547489
 64 55.3072625698324
 108 57.31843575418995
 153 59.32960893854749
 46 61.34078212290504
 75 63.35195530726259
 48 65.36312849162013
 71 67.37430167597768
 28 69.38547486033519
 18 71.39664804469274
 45 73.40782122905028
 9 75.41899441340783
 5 77.43016759776538
 5 79.44134078212289
 1 81.45251396648047
 2 83.46368715083798
 6 85.47486033519556
 7 87.48603351955308
 4799 89.49720670391065
 6 91.50837988826817
 3 93.51955307262574
 1 95.53072625698326
 2 97.54189944134077
 3 99.55307262569835
 11 101.5642458100559
 19 103.5754189944134
 30 105.586592178771
 14 107.5977653631285
 96 109.608938547486
 71 111.6201117318436
 72 113.6312849162011
 1 115.6424581005587
 117 117.6536312849162
 104 119.6648044692737
 45 121.6759776536313
 145 123.6871508379888
 140 125.6983240223464
 53 127.7094972067039
 114 129.7206703910614
 113 131.731843575419
 2 133.7430167597765
 75 135.7541899441341
 106 137.7653631284916
 62 139.7765363128492
 103 141.7877094972067
 322 143.7988826815642
 82 145.8100558659218
 119 147.8212290502793
 41 149.8324022346369
 81 151.8435754189944
 42 153.854748603352
 329 155.8659217877095
 29 157.8770949720671
 85 159.8882681564246
 52 161.8994413407821
 37 163.9106145251397
 11 165.9217877094972
 115 167.9329608938548
 123 169.9441340782123
 236 171.9553072625699
 2 173.9664804469274
 96 175.9776536312849
 3 177.9888268156425
 0 180


