# Created by Octave 3.8.2, Mon Jun 22 09:48:38 2020 CEST <damian@fptrucha.inv.usc.es>
# name: hd
# type: matrix
# rows: 180
# columns: 2
 6 -180
 166 -177.9888268156425
 8 -175.9776536312849
 385 -173.9664804469274
 257 -171.9553072625698
 132 -169.9441340782123
 31 -167.9329608938548
 40 -165.9217877094972
 57 -163.9106145251397
 140 -161.8994413407821
 56 -159.8882681564246
 589 -157.877094972067
 67 -155.8659217877095
 134 -153.854748603352
 52 -151.8435754189944
 71 -149.8324022346369
 236 -147.8212290502793
 566 -145.8100558659218
 108 -143.7988826815642
 100 -141.7877094972067
 167 -139.7765363128491
 107 -137.7653631284916
 3 -135.7541899441341
 160 -133.7430167597765
 167 -131.731843575419
 67 -129.7206703910614
 181 -127.7094972067039
 196 -125.6983240223464
 94 -123.6871508379888
 159 -121.6759776536313
 174 -119.6648044692737
 4 -117.6536312849162
 114 -115.6424581005587
 113 -113.6312849162011
 110 -111.6201117318436
 31 -109.608938547486
 43 -107.5977653631285
 22 -105.5865921787709
 18 -103.5754189944134
 2 -101.5642458100559
 3 -99.55307262569832
 3 -97.54189944134077
 7 -95.53072625698323
 8 -93.5195530726257
 7624 -91.50837988826815
 9 -89.49720670391061
 3 -87.48603351955308
 1 -85.47486033519553
 2 -83.46368715083798
 7 -81.45251396648044
 5 -79.44134078212289
 8 -77.43016759776536
 48 -75.41899441340782
 31 -73.40782122905027
 49 -71.39664804469274
 119 -69.38547486033519
 68 -67.37430167597765
 116 -65.3631284916201
 54 -63.35195530726256
 244 -61.34078212290503
 129 -59.32960893854748
 206 -57.31843575418993
 92 -55.3072625698324
 75 -53.29608938547486
 239 -51.28491620111731
 46 -49.27374301675977
 109 -47.26256983240222
 0 -45.25139664804468
 254 -43.24022346368713
 6 -41.22905027932961
 163 -39.21787709497207
 276 -37.20670391061452
 424 -35.19553072625698
 126 -33.18435754189943
 60 -31.17318435754188
 152 -29.16201117318434
 8 -27.15083798882682
 63 -25.13966480446928
 533 -23.12849162011173
 131 -21.11731843575419
 62 -19.10614525139664
 13 -17.09497206703909
 52 -15.08379888268155
 141 -13.072625698324
 13 -11.06145251396646
 553 -9.050279329608941
 3 -7.039106145251395
 109 -5.02793296089385
 21 -3.016759776536304
 3 -1.005586592178759
 25 1.005586592178787
 143 3.016759776536333
 3 5.02793296089385
 590 7.039106145251395
 9 9.050279329608941
 141 11.06145251396649
 44 13.07262569832403
 17 15.08379888268158
 69 17.09497206703912
 115 19.10614525139667
 506 21.11731843575421
 54 23.12849162011173
 60 25.13966480446928
 104 27.15083798882682
 47 29.16201117318437
 203 31.17318435754191
 304 33.18435754189946
 276 35.195530726257
 171 37.20670391061452
 34 39.21787709497207
 260 41.22905027932961
 4 43.24022346368716
 116 45.2513966480447
 54 47.26256983240225
 251 49.27374301675979
 80 51.28491620111734
 176 53.29608938547489
 82 55.3072625698324
 156 57.31843575418995
 261 59.32960893854749
 57 61.34078212290504
 131 63.35195530726259
 71 65.36312849162013
 115 67.37430167597768
 40 69.38547486033519
 30 71.39664804469274
 59 73.40782122905028
 13 75.41899441340783
 11 77.43016759776538
 8 79.44134078212289
 1 81.45251396648047
 2 83.46368715083798
 7 85.47486033519556
 9 87.48603351955308
 7506 89.49720670391065
 14 91.50837988826817
 5 93.51955307262574
 2 95.53072625698326
 0 97.54189944134077
 3 99.55307262569835
 20 101.5642458100559
 19 103.5754189944134
 36 105.586592178771
 25 107.5977653631285
 108 109.608938547486
 127 111.6201117318436
 142 113.6312849162011
 0 115.6424581005587
 201 117.6536312849162
 179 119.6648044692737
 107 121.6759776536313
 178 123.6871508379888
 188 125.6983240223464
 83 127.7094972067039
 185 129.7206703910614
 191 131.731843575419
 4 133.7430167597765
 101 135.7541899441341
 151 137.7653631284916
 105 139.7765363128492
 122 141.7877094972067
 481 143.7988826815642
 119 145.8100558659218
 233 147.8212290502793
 39 149.8324022346369
 130 151.8435754189944
 57 153.854748603352
 492 155.8659217877095
 47 157.8770949720671
 119 159.8882681564246
 75 161.8994413407821
 57 163.9106145251397
 21 165.9217877094972
 140 167.9329608938548
 236 169.9441340782123
 333 171.9553072625699
 3 173.9664804469274
 164 175.9776536312849
 7 177.9888268156425
 0 180


