# Created by Octave 3.8.2, Sat Jun 20 17:52:30 2020 CEST <damian@fptrucha.inv.usc.es>
# name: hd
# type: matrix
# rows: 180
# columns: 2
 5 -180
 167 -177.9888268156425
 3 -175.9776536312849
 358 -173.9664804469274
 243 -171.9553072625698
 151 -169.9441340782123
 22 -167.9329608938548
 32 -165.9217877094972
 44 -163.9106145251397
 150 -161.8994413407821
 30 -159.8882681564246
 635 -157.877094972067
 72 -155.8659217877095
 117 -153.854748603352
 32 -151.8435754189944
 48 -149.8324022346369
 183 -147.8212290502793
 620 -145.8100558659218
 136 -143.7988826815642
 96 -141.7877094972067
 163 -139.7765363128491
 93 -137.7653631284916
 2 -135.7541899441341
 167 -133.7430167597765
 137 -131.731843575419
 75 -129.7206703910614
 172 -127.7094972067039
 222 -125.6983240223464
 90 -123.6871508379888
 196 -121.6759776536313
 218 -119.6648044692737
 2 -117.6536312849162
 105 -115.6424581005587
 104 -113.6312849162011
 128 -111.6201117318436
 16 -109.608938547486
 32 -107.5977653631285
 22 -105.5865921787709
 9 -103.5754189944134
 0 -101.5642458100559
 2 -99.55307262569832
 0 -97.54189944134077
 3 -95.53072625698323
 5 -93.5195530726257
 8075 -91.50837988826815
 7 -89.49720670391061
 3 -87.48603351955308
 0 -85.47486033519553
 0 -83.46368715083798
 1 -81.45251396648044
 4 -79.44134078212289
 1 -77.43016759776536
 47 -75.41899441340782
 16 -73.40782122905027
 50 -71.39664804469274
 114 -69.38547486033519
 75 -67.37430167597765
 82 -65.3631284916201
 44 -63.35195530726256
 272 -61.34078212290503
 164 -59.32960893854748
 226 -57.31843575418993
 91 -55.3072625698324
 105 -53.29608938547486
 237 -51.28491620111731
 43 -49.27374301675977
 101 -47.26256983240222
 4 -45.25139664804468
 240 -43.24022346368713
 1 -41.22905027932961
 160 -39.21787709497207
 339 -37.20670391061452
 488 -35.19553072625698
 124 -33.18435754189943
 48 -31.17318435754188
 157 -29.16201117318434
 7 -27.15083798882682
 44 -25.13966480446928
 631 -23.12849162011173
 147 -21.11731843575419
 50 -19.10614525139664
 6 -17.09497206703909
 30 -15.08379888268155
 153 -13.072625698324
 6 -11.06145251396646
 576 -9.050279329608941
 1 -7.039106145251395
 140 -5.02793296089385
 24 -3.016759776536304
 1 -1.005586592178759
 19 1.005586592178787
 136 3.016759776536333
 0 5.02793296089385
 539 7.039106145251395
 2 9.050279329608941
 123 11.06145251396649
 51 13.07262569832403
 5 15.08379888268158
 58 17.09497206703912
 108 19.10614525139667
 547 21.11731843575421
 54 23.12849162011173
 102 25.13966480446928
 104 27.15083798882682
 58 29.16201117318437
 214 31.17318435754191
 320 33.18435754189946
 226 35.195530726257
 164 37.20670391061452
 33 39.21787709497207
 280 41.22905027932961
 1 43.24022346368716
 114 45.2513966480447
 57 47.26256983240225
 219 49.27374301675979
 93 51.28491620111734
 208 53.29608938547489
 75 55.3072625698324
 123 57.31843575418995
 252 59.32960893854749
 58 61.34078212290504
 123 63.35195530726259
 81 65.36312849162013
 96 67.37430167597768
 47 69.38547486033519
 34 71.39664804469274
 37 73.40782122905028
 2 75.41899441340783
 9 77.43016759776538
 2 79.44134078212289
 1 81.45251396648047
 1 83.46368715083798
 3 85.47486033519556
 12 87.48603351955308
 7752 89.49720670391065
 5 91.50837988826817
 3 93.51955307262574
 2 95.53072625698326
 1 97.54189944134077
 1 99.55307262569835
 8 101.5642458100559
 16 103.5754189944134
 33 105.586592178771
 20 107.5977653631285
 112 109.608938547486
 115 111.6201117318436
 103 113.6312849162011
 3 115.6424581005587
 211 117.6536312849162
 173 119.6648044692737
 99 121.6759776536313
 163 123.6871508379888
 151 125.6983240223464
 76 127.7094972067039
 146 129.7206703910614
 151 131.731843575419
 2 133.7430167597765
 103 135.7541899441341
 155 137.7653631284916
 114 139.7765363128492
 132 141.7877094972067
 457 143.7988826815642
 125 145.8100558659218
 212 147.8212290502793
 37 149.8324022346369
 165 151.8435754189944
 58 153.854748603352
 468 155.8659217877095
 47 157.8770949720671
 119 159.8882681564246
 62 161.8994413407821
 49 163.9106145251397
 11 165.9217877094972
 135 167.9329608938548
 187 169.9441340782123
 337 171.9553072625699
 0 173.9664804469274
 137 175.9776536312849
 1 177.9888268156425
 0 180


