# Created by Octave 3.8.2, Mon Jun 22 02:00:55 2020 CEST <damian@fptrucha.inv.usc.es>
# name: hd
# type: matrix
# rows: 180
# columns: 2
 3 -180
 161 -177.9888268156425
 0 -175.9776536312849
 323 -173.9664804469274
 255 -171.9553072625698
 147 -169.9441340782123
 33 -167.9329608938548
 37 -165.9217877094972
 61 -163.9106145251397
 154 -161.8994413407821
 44 -159.8882681564246
 605 -157.877094972067
 66 -155.8659217877095
 123 -153.854748603352
 49 -151.8435754189944
 67 -149.8324022346369
 216 -147.8212290502793
 623 -145.8100558659218
 139 -143.7988826815642
 89 -141.7877094972067
 176 -139.7765363128491
 116 -137.7653631284916
 7 -135.7541899441341
 162 -133.7430167597765
 174 -131.731843575419
 67 -129.7206703910614
 183 -127.7094972067039
 242 -125.6983240223464
 127 -123.6871508379888
 186 -121.6759776536313
 214 -119.6648044692737
 3 -117.6536312849162
 113 -115.6424581005587
 131 -113.6312849162011
 120 -111.6201117318436
 19 -109.608938547486
 37 -107.5977653631285
 24 -105.5865921787709
 12 -103.5754189944134
 4 -101.5642458100559
 0 -99.55307262569832
 0 -97.54189944134077
 3 -95.53072625698323
 4 -93.5195530726257
 8038 -91.50837988826815
 11 -89.49720670391061
 5 -87.48603351955308
 1 -85.47486033519553
 0 -83.46368715083798
 2 -81.45251396648044
 11 -79.44134078212289
 6 -77.43016759776536
 48 -75.41899441340782
 33 -73.40782122905027
 49 -71.39664804469274
 106 -69.38547486033519
 85 -67.37430167597765
 104 -65.3631284916201
 57 -63.35195530726256
 308 -61.34078212290503
 139 -59.32960893854748
 190 -57.31843575418993
 106 -55.3072625698324
 75 -53.29608938547486
 230 -51.28491620111731
 49 -49.27374301675977
 112 -47.26256983240222
 2 -45.25139664804468
 270 -43.24022346368713
 4 -41.22905027932961
 163 -39.21787709497207
 317 -37.20670391061452
 436 -35.19553072625698
 102 -33.18435754189943
 66 -31.17318435754188
 160 -29.16201117318434
 12 -27.15083798882682
 69 -25.13966480446928
 611 -23.12849162011173
 141 -21.11731843575419
 52 -19.10614525139664
 15 -17.09497206703909
 53 -15.08379888268155
 173 -13.072625698324
 10 -11.06145251396646
 592 -9.050279329608941
 5 -7.039106145251395
 141 -5.02793296089385
 19 -3.016759776536304
 2 -1.005586592178759
 10 1.005586592178787
 136 3.016759776536333
 5 5.02793296089385
 541 7.039106145251395
 10 9.050279329608941
 154 11.06145251396649
 49 13.07262569832403
 15 15.08379888268158
 62 17.09497206703912
 89 19.10614525139667
 541 21.11731843575421
 71 23.12849162011173
 95 25.13966480446928
 128 27.15083798882682
 58 29.16201117318437
 210 31.17318435754191
 325 33.18435754189946
 218 35.195530726257
 156 37.20670391061452
 33 39.21787709497207
 293 41.22905027932961
 2 43.24022346368716
 113 45.2513966480447
 67 47.26256983240225
 245 49.27374301675979
 80 51.28491620111734
 192 53.29608938547489
 91 55.3072625698324
 159 57.31843575418995
 273 59.32960893854749
 60 61.34078212290504
 137 63.35195530726259
 71 65.36312849162013
 103 67.37430167597768
 43 69.38547486033519
 24 71.39664804469274
 47 73.40782122905028
 4 75.41899441340783
 7 77.43016759776538
 3 79.44134078212289
 1 81.45251396648047
 3 83.46368715083798
 4 85.47486033519556
 15 87.48603351955308
 7449 89.49720670391065
 5 91.50837988826817
 2 93.51955307262574
 1 95.53072625698326
 1 97.54189944134077
 3 99.55307262569835
 10 101.5642458100559
 23 103.5754189944134
 36 105.586592178771
 27 107.5977653631285
 113 109.608938547486
 117 111.6201117318436
 122 113.6312849162011
 5 115.6424581005587
 212 117.6536312849162
 178 119.6648044692737
 102 121.6759776536313
 178 123.6871508379888
 194 125.6983240223464
 86 127.7094972067039
 192 129.7206703910614
 202 131.731843575419
 2 133.7430167597765
 129 135.7541899441341
 190 137.7653631284916
 129 139.7765363128492
 131 141.7877094972067
 480 143.7988826815642
 117 145.8100558659218
 230 147.8212290502793
 33 149.8324022346369
 194 151.8435754189944
 83 153.854748603352
 461 155.8659217877095
 59 157.8770949720671
 122 159.8882681564246
 66 161.8994413407821
 66 163.9106145251397
 14 165.9217877094972
 161 167.9329608938548
 231 169.9441340782123
 334 171.9553072625699
 7 173.9664804469274
 159 175.9776536312849
 2 177.9888268156425
 0 180


