# Created by Octave 3.8.2, Sat Jun 20 19:48:35 2020 CEST <damian@fptrucha.inv.usc.es>
# name: hd
# type: matrix
# rows: 180
# columns: 2
 4 -180
 160 -177.9888268156425
 2 -175.9776536312849
 373 -173.9664804469274
 211 -171.9553072625698
 143 -169.9441340782123
 23 -167.9329608938548
 35 -165.9217877094972
 50 -163.9106145251397
 168 -161.8994413407821
 30 -159.8882681564246
 614 -157.877094972067
 68 -155.8659217877095
 123 -153.854748603352
 42 -151.8435754189944
 64 -149.8324022346369
 215 -147.8212290502793
 587 -145.8100558659218
 137 -143.7988826815642
 63 -141.7877094972067
 171 -139.7765363128491
 116 -137.7653631284916
 0 -135.7541899441341
 157 -133.7430167597765
 146 -131.731843575419
 73 -129.7206703910614
 178 -127.7094972067039
 231 -125.6983240223464
 99 -123.6871508379888
 182 -121.6759776536313
 177 -119.6648044692737
 4 -117.6536312849162
 106 -115.6424581005587
 117 -113.6312849162011
 113 -111.6201117318436
 13 -109.608938547486
 22 -107.5977653631285
 25 -105.5865921787709
 11 -103.5754189944134
 1 -101.5642458100559
 0 -99.55307262569832
 0 -97.54189944134077
 2 -95.53072625698323
 2 -93.5195530726257
 8143 -91.50837988826815
 12 -89.49720670391061
 2 -87.48603351955308
 2 -85.47486033519553
 0 -83.46368715083798
 2 -81.45251396648044
 7 -79.44134078212289
 5 -77.43016759776536
 55 -75.41899441340782
 18 -73.40782122905027
 53 -71.39664804469274
 109 -69.38547486033519
 67 -67.37430167597765
 95 -65.3631284916201
 40 -63.35195530726256
 294 -61.34078212290503
 134 -59.32960893854748
 224 -57.31843575418993
 89 -55.3072625698324
 64 -53.29608938547486
 228 -51.28491620111731
 54 -49.27374301675977
 102 -47.26256983240222
 3 -45.25139664804468
 251 -43.24022346368713
 1 -41.22905027932961
 152 -39.21787709497207
 307 -37.20670391061452
 445 -35.19553072625698
 98 -33.18435754189943
 51 -31.17318435754188
 163 -29.16201117318434
 8 -27.15083798882682
 59 -25.13966480446928
 658 -23.12849162011173
 142 -21.11731843575419
 41 -19.10614525139664
 13 -17.09497206703909
 37 -15.08379888268155
 192 -13.072625698324
 6 -11.06145251396646
 560 -9.050279329608941
 3 -7.039106145251395
 118 -5.02793296089385
 16 -3.016759776536304
 3 -1.005586592178759
 24 1.005586592178787
 123 3.016759776536333
 2 5.02793296089385
 607 7.039106145251395
 2 9.050279329608941
 123 11.06145251396649
 32 13.07262569832403
 7 15.08379888268158
 57 17.09497206703912
 105 19.10614525139667
 567 21.11731843575421
 39 23.12849162011173
 95 25.13966480446928
 95 27.15083798882682
 56 29.16201117318437
 237 31.17318435754191
 348 33.18435754189946
 216 35.195530726257
 181 37.20670391061452
 29 39.21787709497207
 281 41.22905027932961
 3 43.24022346368716
 116 45.2513966480447
 65 47.26256983240225
 209 49.27374301675979
 76 51.28491620111734
 202 53.29608938547489
 71 55.3072625698324
 140 57.31843575418995
 250 59.32960893854749
 72 61.34078212290504
 130 63.35195530726259
 69 65.36312849162013
 100 67.37430167597768
 56 69.38547486033519
 33 71.39664804469274
 31 73.40782122905028
 9 75.41899441340783
 12 77.43016759776538
 0 79.44134078212289
 3 81.45251396648047
 1 83.46368715083798
 0 85.47486033519556
 8 87.48603351955308
 7573 89.49720670391065
 4 91.50837988826817
 0 93.51955307262574
 0 95.53072625698326
 0 97.54189944134077
 2 99.55307262569835
 14 101.5642458100559
 20 103.5754189944134
 25 105.586592178771
 20 107.5977653631285
 116 109.608938547486
 136 111.6201117318436
 127 113.6312849162011
 2 115.6424581005587
 200 117.6536312849162
 154 119.6648044692737
 95 121.6759776536313
 162 123.6871508379888
 189 125.6983240223464
 79 127.7094972067039
 152 129.7206703910614
 177 131.731843575419
 3 133.7430167597765
 104 135.7541899441341
 170 137.7653631284916
 102 139.7765363128492
 147 141.7877094972067
 486 143.7988826815642
 120 145.8100558659218
 207 147.8212290502793
 47 149.8324022346369
 145 151.8435754189944
 69 153.854748603352
 431 155.8659217877095
 40 157.8770949720671
 148 159.8882681564246
 64 161.8994413407821
 46 163.9106145251397
 22 165.9217877094972
 112 167.9329608938548
 182 169.9441340782123
 312 171.9553072625699
 1 173.9664804469274
 165 175.9776536312849
 1 177.9888268156425
 0 180


