# Created by Octave 3.8.2, Tue Jun 23 00:44:59 2020 CEST <damian@fptrucha.inv.usc.es>
# name: hd
# type: matrix
# rows: 180
# columns: 2
 5 -180
 174 -177.9888268156425
 6 -175.9776536312849
 378 -173.9664804469274
 266 -171.9553072625698
 179 -169.9441340782123
 34 -167.9329608938548
 51 -165.9217877094972
 52 -163.9106145251397
 170 -161.8994413407821
 61 -159.8882681564246
 608 -157.877094972067
 87 -155.8659217877095
 135 -153.854748603352
 44 -151.8435754189944
 69 -149.8324022346369
 244 -147.8212290502793
 654 -145.8100558659218
 181 -143.7988826815642
 101 -141.7877094972067
 193 -139.7765363128491
 104 -137.7653631284916
 2 -135.7541899441341
 214 -133.7430167597765
 192 -131.731843575419
 81 -129.7206703910614
 186 -127.7094972067039
 223 -125.6983240223464
 113 -123.6871508379888
 220 -121.6759776536313
 228 -119.6648044692737
 5 -117.6536312849162
 126 -115.6424581005587
 156 -113.6312849162011
 143 -111.6201117318436
 24 -109.608938547486
 47 -107.5977653631285
 36 -105.5865921787709
 12 -103.5754189944134
 6 -101.5642458100559
 2 -99.55307262569832
 1 -97.54189944134077
 3 -95.53072625698323
 5 -93.5195530726257
 8791 -91.50837988826815
 5 -89.49720670391061
 1 -87.48603351955308
 2 -85.47486033519553
 0 -83.46368715083798
 7 -81.45251396648044
 11 -79.44134078212289
 9 -77.43016759776536
 49 -75.41899441340782
 37 -73.40782122905027
 53 -71.39664804469274
 140 -69.38547486033519
 75 -67.37430167597765
 123 -65.3631284916201
 50 -63.35195530726256
 303 -61.34078212290503
 173 -59.32960893854748
 247 -57.31843575418993
 102 -55.3072625698324
 81 -53.29608938547486
 263 -51.28491620111731
 69 -49.27374301675977
 117 -47.26256983240222
 3 -45.25139664804468
 323 -43.24022346368713
 2 -41.22905027932961
 179 -39.21787709497207
 303 -37.20670391061452
 466 -35.19553072625698
 128 -33.18435754189943
 61 -31.17318435754188
 164 -29.16201117318434
 15 -27.15083798882682
 74 -25.13966480446928
 661 -23.12849162011173
 145 -21.11731843575419
 53 -19.10614525139664
 18 -17.09497206703909
 50 -15.08379888268155
 145 -13.072625698324
 11 -11.06145251396646
 626 -9.050279329608941
 4 -7.039106145251395
 131 -5.02793296089385
 25 -3.016759776536304
 4 -1.005586592178759
 26 1.005586592178787
 106 3.016759776536333
 7 5.02793296089385
 574 7.039106145251395
 15 9.050279329608941
 139 11.06145251396649
 45 13.07262569832403
 16 15.08379888268158
 55 17.09497206703912
 117 19.10614525139667
 593 21.11731843575421
 67 23.12849162011173
 90 25.13966480446928
 104 27.15083798882682
 59 29.16201117318437
 219 31.17318435754191
 327 33.18435754189946
 262 35.195530726257
 167 37.20670391061452
 34 39.21787709497207
 301 41.22905027932961
 4 43.24022346368716
 125 45.2513966480447
 52 47.26256983240225
 228 49.27374301675979
 75 51.28491620111734
 198 53.29608938547489
 81 55.3072625698324
 138 57.31843575418995
 304 59.32960893854749
 63 61.34078212290504
 112 63.35195530726259
 81 65.36312849162013
 112 67.37430167597768
 65 69.38547486033519
 29 71.39664804469274
 73 73.40782122905028
 7 75.41899441340783
 8 77.43016759776538
 2 79.44134078212289
 3 81.45251396648047
 1 83.46368715083798
 5 85.47486033519556
 15 87.48603351955308
 7956 89.49720670391065
 13 91.50837988826817
 4 93.51955307262574
 1 95.53072625698326
 0 97.54189944134077
 4 99.55307262569835
 19 101.5642458100559
 31 103.5754189944134
 31 105.586592178771
 23 107.5977653631285
 111 109.608938547486
 109 111.6201117318436
 145 113.6312849162011
 5 115.6424581005587
 222 117.6536312849162
 186 119.6648044692737
 100 121.6759776536313
 195 123.6871508379888
 202 125.6983240223464
 78 127.7094972067039
 177 129.7206703910614
 208 131.731843575419
 2 133.7430167597765
 124 135.7541899441341
 203 137.7653631284916
 103 139.7765363128492
 144 141.7877094972067
 522 143.7988826815642
 117 145.8100558659218
 208 147.8212290502793
 57 149.8324022346369
 156 151.8435754189944
 74 153.854748603352
 478 155.8659217877095
 52 157.8770949720671
 154 159.8882681564246
 66 161.8994413407821
 73 163.9106145251397
 17 165.9217877094972
 152 167.9329608938548
 206 169.9441340782123
 370 171.9553072625699
 2 173.9664804469274
 187 175.9776536312849
 7 177.9888268156425
 0 180


