# Created by Octave 3.8.2, Sun Jun 21 07:58:26 2020 CEST <damian@fptrucha.inv.usc.es>
# name: hd
# type: matrix
# rows: 180
# columns: 2
 4 -180
 150 -177.9888268156425
 1 -175.9776536312849
 389 -173.9664804469274
 235 -171.9553072625698
 126 -169.9441340782123
 35 -167.9329608938548
 34 -165.9217877094972
 57 -163.9106145251397
 148 -161.8994413407821
 35 -159.8882681564246
 600 -157.877094972067
 57 -155.8659217877095
 132 -153.854748603352
 35 -151.8435754189944
 55 -149.8324022346369
 207 -147.8212290502793
 617 -145.8100558659218
 102 -143.7988826815642
 83 -141.7877094972067
 157 -139.7765363128491
 106 -137.7653631284916
 1 -135.7541899441341
 173 -133.7430167597765
 147 -131.731843575419
 92 -129.7206703910614
 190 -127.7094972067039
 209 -125.6983240223464
 90 -123.6871508379888
 191 -121.6759776536313
 168 -119.6648044692737
 3 -117.6536312849162
 107 -115.6424581005587
 110 -113.6312849162011
 111 -111.6201117318436
 9 -109.608938547486
 21 -107.5977653631285
 19 -105.5865921787709
 13 -103.5754189944134
 2 -101.5642458100559
 0 -99.55307262569832
 3 -97.54189944134077
 1 -95.53072625698323
 5 -93.5195530726257
 7959 -91.50837988826815
 8 -89.49720670391061
 5 -87.48603351955308
 1 -85.47486033519553
 0 -83.46368715083798
 0 -81.45251396648044
 5 -79.44134078212289
 3 -77.43016759776536
 41 -75.41899441340782
 20 -73.40782122905027
 36 -71.39664804469274
 116 -69.38547486033519
 77 -67.37430167597765
 105 -65.3631284916201
 54 -63.35195530726256
 288 -61.34078212290503
 169 -59.32960893854748
 222 -57.31843575418993
 99 -55.3072625698324
 68 -53.29608938547486
 235 -51.28491620111731
 44 -49.27374301675977
 116 -47.26256983240222
 0 -45.25139664804468
 265 -43.24022346368713
 2 -41.22905027932961
 133 -39.21787709497207
 306 -37.20670391061452
 439 -35.19553072625698
 111 -33.18435754189943
 56 -31.17318435754188
 131 -29.16201117318434
 8 -27.15083798882682
 42 -25.13966480446928
 643 -23.12849162011173
 137 -21.11731843575419
 58 -19.10614525139664
 11 -17.09497206703909
 34 -15.08379888268155
 154 -13.072625698324
 4 -11.06145251396646
 561 -9.050279329608941
 2 -7.039106145251395
 135 -5.02793296089385
 18 -3.016759776536304
 4 -1.005586592178759
 19 1.005586592178787
 122 3.016759776536333
 2 5.02793296089385
 544 7.039106145251395
 14 9.050279329608941
 129 11.06145251396649
 41 13.07262569832403
 5 15.08379888268158
 49 17.09497206703912
 103 19.10614525139667
 444 21.11731843575421
 52 23.12849162011173
 80 25.13966480446928
 95 27.15083798882682
 46 29.16201117318437
 215 31.17318435754191
 302 33.18435754189946
 206 35.195530726257
 187 37.20670391061452
 30 39.21787709497207
 248 41.22905027932961
 2 43.24022346368716
 107 45.2513966480447
 54 47.26256983240225
 186 49.27374301675979
 87 51.28491620111734
 176 53.29608938547489
 78 55.3072625698324
 138 57.31843575418995
 271 59.32960893854749
 60 61.34078212290504
 124 63.35195530726259
 72 65.36312849162013
 96 67.37430167597768
 51 69.38547486033519
 24 71.39664804469274
 40 73.40782122905028
 5 75.41899441340783
 5 77.43016759776538
 1 79.44134078212289
 1 81.45251396648047
 1 83.46368715083798
 3 85.47486033519556
 3 87.48603351955308
 7428 89.49720670391065
 4 91.50837988826817
 0 93.51955307262574
 3 95.53072625698326
 0 97.54189944134077
 1 99.55307262569835
 13 101.5642458100559
 23 103.5754189944134
 28 105.586592178771
 10 107.5977653631285
 96 109.608938547486
 106 111.6201117318436
 122 113.6312849162011
 3 115.6424581005587
 169 117.6536312849162
 155 119.6648044692737
 84 121.6759776536313
 176 123.6871508379888
 174 125.6983240223464
 94 127.7094972067039
 141 129.7206703910614
 175 131.731843575419
 3 133.7430167597765
 99 135.7541899441341
 159 137.7653631284916
 96 139.7765363128492
 133 141.7877094972067
 489 143.7988826815642
 125 145.8100558659218
 193 147.8212290502793
 30 149.8324022346369
 153 151.8435754189944
 63 153.854748603352
 440 155.8659217877095
 55 157.8770949720671
 127 159.8882681564246
 62 161.8994413407821
 55 163.9106145251397
 12 165.9217877094972
 116 167.9329608938548
 201 169.9441340782123
 310 171.9553072625699
 2 173.9664804469274
 147 175.9776536312849
 2 177.9888268156425
 0 180


