# Created by Octave 3.8.2, Sat Jun 20 22:23:12 2020 CEST <damian@fptrucha.inv.usc.es>
# name: hd
# type: matrix
# rows: 180
# columns: 2
 4 -180
 155 -177.9888268156425
 2 -175.9776536312849
 376 -173.9664804469274
 230 -171.9553072625698
 139 -169.9441340782123
 31 -167.9329608938548
 32 -165.9217877094972
 44 -163.9106145251397
 177 -161.8994413407821
 49 -159.8882681564246
 657 -157.877094972067
 58 -155.8659217877095
 103 -153.854748603352
 39 -151.8435754189944
 69 -149.8324022346369
 195 -147.8212290502793
 639 -145.8100558659218
 148 -143.7988826815642
 97 -141.7877094972067
 152 -139.7765363128491
 91 -137.7653631284916
 1 -135.7541899441341
 142 -133.7430167597765
 130 -131.731843575419
 77 -129.7206703910614
 154 -127.7094972067039
 224 -125.6983240223464
 91 -123.6871508379888
 182 -121.6759776536313
 172 -119.6648044692737
 5 -117.6536312849162
 96 -115.6424581005587
 115 -113.6312849162011
 124 -111.6201117318436
 20 -109.608938547486
 32 -107.5977653631285
 17 -105.5865921787709
 6 -103.5754189944134
 5 -101.5642458100559
 0 -99.55307262569832
 0 -97.54189944134077
 4 -95.53072625698323
 5 -93.5195530726257
 7900 -91.50837988826815
 13 -89.49720670391061
 3 -87.48603351955308
 0 -85.47486033519553
 0 -83.46368715083798
 3 -81.45251396648044
 6 -79.44134078212289
 4 -77.43016759776536
 41 -75.41899441340782
 19 -73.40782122905027
 48 -71.39664804469274
 129 -69.38547486033519
 54 -67.37430167597765
 99 -65.3631284916201
 49 -63.35195530726256
 270 -61.34078212290503
 153 -59.32960893854748
 200 -57.31843575418993
 96 -55.3072625698324
 78 -53.29608938547486
 217 -51.28491620111731
 59 -49.27374301675977
 94 -47.26256983240222
 1 -45.25139664804468
 254 -43.24022346368713
 3 -41.22905027932961
 151 -39.21787709497207
 307 -37.20670391061452
 458 -35.19553072625698
 105 -33.18435754189943
 61 -31.17318435754188
 153 -29.16201117318434
 7 -27.15083798882682
 63 -25.13966480446928
 634 -23.12849162011173
 135 -21.11731843575419
 47 -19.10614525139664
 10 -17.09497206703909
 27 -15.08379888268155
 176 -13.072625698324
 7 -11.06145251396646
 591 -9.050279329608941
 5 -7.039106145251395
 101 -5.02793296089385
 14 -3.016759776536304
 2 -1.005586592178759
 20 1.005586592178787
 117 3.016759776536333
 4 5.02793296089385
 589 7.039106145251395
 7 9.050279329608941
 124 11.06145251396649
 36 13.07262569832403
 8 15.08379888268158
 57 17.09497206703912
 122 19.10614525139667
 521 21.11731843575421
 45 23.12849162011173
 71 25.13966480446928
 96 27.15083798882682
 59 29.16201117318437
 241 31.17318435754191
 304 33.18435754189946
 222 35.195530726257
 166 37.20670391061452
 42 39.21787709497207
 270 41.22905027932961
 1 43.24022346368716
 108 45.2513966480447
 67 47.26256983240225
 233 49.27374301675979
 78 51.28491620111734
 202 53.29608938547489
 74 55.3072625698324
 133 57.31843575418995
 260 59.32960893854749
 67 61.34078212290504
 115 63.35195530726259
 72 65.36312849162013
 99 67.37430167597768
 46 69.38547486033519
 23 71.39664804469274
 45 73.40782122905028
 2 75.41899441340783
 4 77.43016759776538
 2 79.44134078212289
 0 81.45251396648047
 1 83.46368715083798
 6 85.47486033519556
 9 87.48603351955308
 7563 89.49720670391065
 6 91.50837988826817
 1 93.51955307262574
 0 95.53072625698326
 2 97.54189944134077
 2 99.55307262569835
 14 101.5642458100559
 20 103.5754189944134
 34 105.586592178771
 22 107.5977653631285
 94 109.608938547486
 113 111.6201117318436
 112 113.6312849162011
 2 115.6424581005587
 187 117.6536312849162
 147 119.6648044692737
 92 121.6759776536313
 147 123.6871508379888
 169 125.6983240223464
 95 127.7094972067039
 156 129.7206703910614
 162 131.731843575419
 1 133.7430167597765
 109 135.7541899441341
 164 137.7653631284916
 109 139.7765363128492
 162 141.7877094972067
 452 143.7988826815642
 107 145.8100558659218
 207 147.8212290502793
 64 149.8324022346369
 149 151.8435754189944
 71 153.854748603352
 443 155.8659217877095
 35 157.8770949720671
 120 159.8882681564246
 68 161.8994413407821
 78 163.9106145251397
 12 165.9217877094972
 111 167.9329608938548
 198 169.9441340782123
 333 171.9553072625699
 1 173.9664804469274
 141 175.9776536312849
 2 177.9888268156425
 0 180


