# Created by Octave 3.8.2, Mon Jun 22 09:29:14 2020 CEST <damian@fptrucha.inv.usc.es>
# name: hd
# type: matrix
# rows: 180
# columns: 2
 4 -180
 156 -177.9888268156425
 2 -175.9776536312849
 378 -173.9664804469274
 214 -171.9553072625698
 139 -169.9441340782123
 27 -167.9329608938548
 54 -165.9217877094972
 68 -163.9106145251397
 141 -161.8994413407821
 45 -159.8882681564246
 535 -157.877094972067
 69 -155.8659217877095
 123 -153.854748603352
 48 -151.8435754189944
 75 -149.8324022346369
 198 -147.8212290502793
 551 -145.8100558659218
 143 -143.7988826815642
 87 -141.7877094972067
 158 -139.7765363128491
 132 -137.7653631284916
 2 -135.7541899441341
 140 -133.7430167597765
 148 -131.731843575419
 70 -129.7206703910614
 194 -127.7094972067039
 182 -125.6983240223464
 91 -123.6871508379888
 191 -121.6759776536313
 180 -119.6648044692737
 2 -117.6536312849162
 112 -115.6424581005587
 112 -113.6312849162011
 115 -111.6201117318436
 15 -109.608938547486
 50 -107.5977653631285
 22 -105.5865921787709
 11 -103.5754189944134
 5 -101.5642458100559
 1 -99.55307262569832
 2 -97.54189944134077
 3 -95.53072625698323
 12 -93.5195530726257
 7545 -91.50837988826815
 8 -89.49720670391061
 2 -87.48603351955308
 2 -85.47486033519553
 2 -83.46368715083798
 2 -81.45251396648044
 8 -79.44134078212289
 11 -77.43016759776536
 49 -75.41899441340782
 32 -73.40782122905027
 45 -71.39664804469274
 94 -69.38547486033519
 61 -67.37430167597765
 117 -65.3631284916201
 54 -63.35195530726256
 221 -61.34078212290503
 132 -59.32960893854748
 172 -57.31843575418993
 84 -55.3072625698324
 76 -53.29608938547486
 213 -51.28491620111731
 68 -49.27374301675977
 133 -47.26256983240222
 3 -45.25139664804468
 280 -43.24022346368713
 1 -41.22905027932961
 168 -39.21787709497207
 259 -37.20670391061452
 412 -35.19553072625698
 127 -33.18435754189943
 66 -31.17318435754188
 145 -29.16201117318434
 8 -27.15083798882682
 52 -25.13966480446928
 533 -23.12849162011173
 107 -21.11731843575419
 48 -19.10614525139664
 13 -17.09497206703909
 49 -15.08379888268155
 134 -13.072625698324
 9 -11.06145251396646
 574 -9.050279329608941
 5 -7.039106145251395
 117 -5.02793296089385
 21 -3.016759776536304
 4 -1.005586592178759
 18 1.005586592178787
 126 3.016759776536333
 0 5.02793296089385
 537 7.039106145251395
 11 9.050279329608941
 146 11.06145251396649
 27 13.07262569832403
 11 15.08379888268158
 39 17.09497206703912
 100 19.10614525139667
 545 21.11731843575421
 51 23.12849162011173
 88 25.13966480446928
 96 27.15083798882682
 58 29.16201117318437
 188 31.17318435754191
 365 33.18435754189946
 233 35.195530726257
 144 37.20670391061452
 30 39.21787709497207
 284 41.22905027932961
 0 43.24022346368716
 129 45.2513966480447
 52 47.26256983240225
 215 49.27374301675979
 86 51.28491620111734
 229 53.29608938547489
 83 55.3072625698324
 153 57.31843575418995
 282 59.32960893854749
 58 61.34078212290504
 124 63.35195530726259
 68 65.36312849162013
 104 67.37430167597768
 51 69.38547486033519
 21 71.39664804469274
 48 73.40782122905028
 9 75.41899441340783
 11 77.43016759776538
 2 79.44134078212289
 2 81.45251396648047
 1 83.46368715083798
 10 85.47486033519556
 20 87.48603351955308
 7457 89.49720670391065
 11 91.50837988826817
 2 93.51955307262574
 0 95.53072625698326
 0 97.54189944134077
 4 99.55307262569835
 14 101.5642458100559
 20 103.5754189944134
 40 105.586592178771
 19 107.5977653631285
 95 109.608938547486
 135 111.6201117318436
 124 113.6312849162011
 3 115.6424581005587
 192 117.6536312849162
 148 119.6648044692737
 96 121.6759776536313
 172 123.6871508379888
 206 125.6983240223464
 86 127.7094972067039
 150 129.7206703910614
 197 131.731843575419
 1 133.7430167597765
 111 135.7541899441341
 155 137.7653631284916
 99 139.7765363128492
 130 141.7877094972067
 486 143.7988826815642
 116 145.8100558659218
 190 147.8212290502793
 60 149.8324022346369
 157 151.8435754189944
 64 153.854748603352
 491 155.8659217877095
 56 157.8770949720671
 147 159.8882681564246
 68 161.8994413407821
 45 163.9106145251397
 17 165.9217877094972
 126 167.9329608938548
 210 169.9441340782123
 350 171.9553072625699
 9 173.9664804469274
 144 175.9776536312849
 0 177.9888268156425
 0 180


