# Created by Octave 3.8.2, Sat Jun 20 08:07:56 2020 CEST <damian@fptrucha.inv.usc.es>
# name: hd
# type: matrix
# rows: 180
# columns: 2
 2 -180
 191 -177.9888268156425
 4 -175.9776536312849
 394 -173.9664804469274
 277 -171.9553072625698
 168 -169.9441340782123
 30 -167.9329608938548
 43 -165.9217877094972
 68 -163.9106145251397
 179 -161.8994413407821
 49 -159.8882681564246
 696 -157.877094972067
 80 -155.8659217877095
 121 -153.854748603352
 56 -151.8435754189944
 76 -149.8324022346369
 253 -147.8212290502793
 699 -145.8100558659218
 142 -143.7988826815642
 133 -141.7877094972067
 200 -139.7765363128491
 135 -137.7653631284916
 1 -135.7541899441341
 203 -133.7430167597765
 198 -131.731843575419
 84 -129.7206703910614
 225 -127.7094972067039
 226 -125.6983240223464
 121 -123.6871508379888
 232 -121.6759776536313
 238 -119.6648044692737
 3 -117.6536312849162
 132 -115.6424581005587
 130 -113.6312849162011
 143 -111.6201117318436
 15 -109.608938547486
 35 -107.5977653631285
 22 -105.5865921787709
 15 -103.5754189944134
 3 -101.5642458100559
 2 -99.55307262569832
 0 -97.54189944134077
 2 -95.53072625698323
 4 -93.5195530726257
 9493 -91.50837988826815
 15 -89.49720670391061
 4 -87.48603351955308
 1 -85.47486033519553
 2 -83.46368715083798
 1 -81.45251396648044
 4 -79.44134078212289
 4 -77.43016759776536
 60 -75.41899441340782
 38 -73.40782122905027
 64 -71.39664804469274
 126 -69.38547486033519
 99 -67.37430167597765
 139 -65.3631284916201
 59 -63.35195530726256
 312 -61.34078212290503
 161 -59.32960893854748
 227 -57.31843575418993
 108 -55.3072625698324
 81 -53.29608938547486
 292 -51.28491620111731
 55 -49.27374301675977
 110 -47.26256983240222
 2 -45.25139664804468
 318 -43.24022346368713
 0 -41.22905027932961
 204 -39.21787709497207
 342 -37.20670391061452
 484 -35.19553072625698
 115 -33.18435754189943
 71 -31.17318435754188
 185 -29.16201117318434
 7 -27.15083798882682
 66 -25.13966480446928
 674 -23.12849162011173
 165 -21.11731843575419
 57 -19.10614525139664
 8 -17.09497206703909
 49 -15.08379888268155
 181 -13.072625698324
 4 -11.06145251396646
 609 -9.050279329608941
 3 -7.039106145251395
 144 -5.02793296089385
 21 -3.016759776536304
 4 -1.005586592178759
 23 1.005586592178787
 144 3.016759776536333
 1 5.02793296089385
 606 7.039106145251395
 5 9.050279329608941
 155 11.06145251396649
 55 13.07262569832403
 11 15.08379888268158
 68 17.09497206703912
 133 19.10614525139667
 588 21.11731843575421
 70 23.12849162011173
 101 25.13966480446928
 110 27.15083798882682
 50 29.16201117318437
 249 31.17318435754191
 367 33.18435754189946
 238 35.195530726257
 178 37.20670391061452
 39 39.21787709497207
 300 41.22905027932961
 1 43.24022346368716
 124 45.2513966480447
 70 47.26256983240225
 211 49.27374301675979
 85 51.28491620111734
 214 53.29608938547489
 84 55.3072625698324
 153 57.31843575418995
 274 59.32960893854749
 75 61.34078212290504
 116 63.35195530726259
 74 65.36312849162013
 90 67.37430167597768
 56 69.38547486033519
 20 71.39664804469274
 49 73.40782122905028
 8 75.41899441340783
 10 77.43016759776538
 2 79.44134078212289
 1 81.45251396648047
 2 83.46368715083798
 1 85.47486033519556
 8 87.48603351955308
 8527 89.49720670391065
 3 91.50837988826817
 2 93.51955307262574
 1 95.53072625698326
 0 97.54189944134077
 2 99.55307262569835
 8 101.5642458100559
 20 103.5754189944134
 37 105.586592178771
 27 107.5977653631285
 111 109.608938547486
 127 111.6201117318436
 132 113.6312849162011
 0 115.6424581005587
 227 117.6536312849162
 164 119.6648044692737
 93 121.6759776536313
 196 123.6871508379888
 198 125.6983240223464
 96 127.7094972067039
 166 129.7206703910614
 203 131.731843575419
 2 133.7430167597765
 132 135.7541899441341
 174 137.7653631284916
 103 139.7765363128492
 163 141.7877094972067
 546 143.7988826815642
 112 145.8100558659218
 240 147.8212290502793
 61 149.8324022346369
 165 151.8435754189944
 80 153.854748603352
 518 155.8659217877095
 57 157.8770949720671
 158 159.8882681564246
 80 161.8994413407821
 44 163.9106145251397
 14 165.9217877094972
 165 167.9329608938548
 229 169.9441340782123
 445 171.9553072625699
 0 173.9664804469274
 157 175.9776536312849
 1 177.9888268156425
 0 180


