# Created by Octave 3.8.2, Mon Jun 22 13:40:50 2020 CEST <damian@fptrucha.inv.usc.es>
# name: hd
# type: matrix
# rows: 180
# columns: 2
 4 -180
 170 -177.9888268156425
 4 -175.9776536312849
 404 -173.9664804469274
 239 -171.9553072625698
 123 -169.9441340782123
 42 -167.9329608938548
 48 -165.9217877094972
 63 -163.9106145251397
 153 -161.8994413407821
 50 -159.8882681564246
 570 -157.877094972067
 61 -155.8659217877095
 133 -153.854748603352
 38 -151.8435754189944
 74 -149.8324022346369
 242 -147.8212290502793
 577 -145.8100558659218
 123 -143.7988826815642
 97 -141.7877094972067
 167 -139.7765363128491
 137 -137.7653631284916
 2 -135.7541899441341
 201 -133.7430167597765
 175 -131.731843575419
 71 -129.7206703910614
 167 -127.7094972067039
 225 -125.6983240223464
 93 -123.6871508379888
 162 -121.6759776536313
 197 -119.6648044692737
 5 -117.6536312849162
 100 -115.6424581005587
 110 -113.6312849162011
 126 -111.6201117318436
 17 -109.608938547486
 33 -107.5977653631285
 21 -105.5865921787709
 16 -103.5754189944134
 3 -101.5642458100559
 4 -99.55307262569832
 4 -97.54189944134077
 4 -95.53072625698323
 8 -93.5195530726257
 7953 -91.50837988826815
 17 -89.49720670391061
 5 -87.48603351955308
 1 -85.47486033519553
 0 -83.46368715083798
 0 -81.45251396648044
 4 -79.44134078212289
 6 -77.43016759776536
 48 -75.41899441340782
 32 -73.40782122905027
 64 -71.39664804469274
 126 -69.38547486033519
 71 -67.37430167597765
 110 -65.3631284916201
 65 -63.35195530726256
 277 -61.34078212290503
 165 -59.32960893854748
 194 -57.31843575418993
 118 -55.3072625698324
 91 -53.29608938547486
 215 -51.28491620111731
 57 -49.27374301675977
 101 -47.26256983240222
 0 -45.25139664804468
 253 -43.24022346368713
 0 -41.22905027932961
 155 -39.21787709497207
 293 -37.20670391061452
 438 -35.19553072625698
 113 -33.18435754189943
 64 -31.17318435754188
 173 -29.16201117318434
 10 -27.15083798882682
 61 -25.13966480446928
 585 -23.12849162011173
 122 -21.11731843575419
 51 -19.10614525139664
 14 -17.09497206703909
 45 -15.08379888268155
 156 -13.072625698324
 9 -11.06145251396646
 579 -9.050279329608941
 6 -7.039106145251395
 150 -5.02793296089385
 18 -3.016759776536304
 5 -1.005586592178759
 16 1.005586592178787
 139 3.016759776536333
 4 5.02793296089385
 527 7.039106145251395
 11 9.050279329608941
 157 11.06145251396649
 57 13.07262569832403
 12 15.08379888268158
 54 17.09497206703912
 136 19.10614525139667
 580 21.11731843575421
 57 23.12849162011173
 76 25.13966480446928
 114 27.15083798882682
 68 29.16201117318437
 187 31.17318435754191
 345 33.18435754189946
 248 35.195530726257
 141 37.20670391061452
 49 39.21787709497207
 303 41.22905027932961
 1 43.24022346368716
 139 45.2513966480447
 60 47.26256983240225
 243 49.27374301675979
 80 51.28491620111734
 196 53.29608938547489
 82 55.3072625698324
 160 57.31843575418995
 269 59.32960893854749
 63 61.34078212290504
 139 63.35195530726259
 71 65.36312849162013
 112 67.37430167597768
 41 69.38547486033519
 27 71.39664804469274
 62 73.40782122905028
 9 75.41899441340783
 10 77.43016759776538
 3 79.44134078212289
 1 81.45251396648047
 2 83.46368715083798
 8 85.47486033519556
 17 87.48603351955308
 7581 89.49720670391065
 7 91.50837988826817
 3 93.51955307262574
 2 95.53072625698326
 4 97.54189944134077
 9 99.55307262569835
 16 101.5642458100559
 26 103.5754189944134
 42 105.586592178771
 20 107.5977653631285
 120 109.608938547486
 132 111.6201117318436
 141 113.6312849162011
 4 115.6424581005587
 211 117.6536312849162
 185 119.6648044692737
 116 121.6759776536313
 183 123.6871508379888
 199 125.6983240223464
 78 127.7094972067039
 158 129.7206703910614
 195 131.731843575419
 6 133.7430167597765
 109 135.7541899441341
 181 137.7653631284916
 109 139.7765363128492
 131 141.7877094972067
 555 143.7988826815642
 119 145.8100558659218
 209 147.8212290502793
 54 149.8324022346369
 152 151.8435754189944
 60 153.854748603352
 506 155.8659217877095
 50 157.8770949720671
 137 159.8882681564246
 85 161.8994413407821
 49 163.9106145251397
 28 165.9217877094972
 131 167.9329608938548
 206 169.9441340782123
 330 171.9553072625699
 3 173.9664804469274
 163 175.9776536312849
 4 177.9888268156425
 0 180


