# Created by Octave 3.8.2, Sat Jun 20 03:00:43 2020 CEST <damian@fptrucha.inv.usc.es>
# name: hd
# type: matrix
# rows: 180
# columns: 2
 3 -180
 192 -177.9888268156425
 3 -175.9776536312849
 377 -173.9664804469274
 254 -171.9553072625698
 168 -169.9441340782123
 39 -167.9329608938548
 43 -165.9217877094972
 63 -163.9106145251397
 182 -161.8994413407821
 51 -159.8882681564246
 696 -157.877094972067
 78 -155.8659217877095
 135 -153.854748603352
 41 -151.8435754189944
 82 -149.8324022346369
 259 -147.8212290502793
 698 -145.8100558659218
 132 -143.7988826815642
 89 -141.7877094972067
 184 -139.7765363128491
 130 -137.7653631284916
 3 -135.7541899441341
 194 -133.7430167597765
 171 -131.731843575419
 108 -129.7206703910614
 200 -127.7094972067039
 291 -125.6983240223464
 114 -123.6871508379888
 211 -121.6759776536313
 208 -119.6648044692737
 3 -117.6536312849162
 103 -115.6424581005587
 151 -113.6312849162011
 154 -111.6201117318436
 27 -109.608938547486
 41 -107.5977653631285
 34 -105.5865921787709
 10 -103.5754189944134
 1 -101.5642458100559
 1 -99.55307262569832
 0 -97.54189944134077
 0 -95.53072625698323
 1 -93.5195530726257
 9209 -91.50837988826815
 11 -89.49720670391061
 1 -87.48603351955308
 1 -85.47486033519553
 0 -83.46368715083798
 0 -81.45251396648044
 7 -79.44134078212289
 7 -77.43016759776536
 59 -75.41899441340782
 21 -73.40782122905027
 51 -71.39664804469274
 124 -69.38547486033519
 84 -67.37430167597765
 105 -65.3631284916201
 59 -63.35195530726256
 297 -61.34078212290503
 172 -59.32960893854748
 240 -57.31843575418993
 100 -55.3072625698324
 102 -53.29608938547486
 272 -51.28491620111731
 50 -49.27374301675977
 134 -47.26256983240222
 2 -45.25139664804468
 319 -43.24022346368713
 2 -41.22905027932961
 156 -39.21787709497207
 342 -37.20670391061452
 464 -35.19553072625698
 129 -33.18435754189943
 50 -31.17318435754188
 169 -29.16201117318434
 16 -27.15083798882682
 58 -25.13966480446928
 676 -23.12849162011173
 160 -21.11731843575419
 57 -19.10614525139664
 2 -17.09497206703909
 36 -15.08379888268155
 159 -13.072625698324
 3 -11.06145251396646
 576 -9.050279329608941
 3 -7.039106145251395
 117 -5.02793296089385
 20 -3.016759776536304
 2 -1.005586592178759
 17 1.005586592178787
 130 3.016759776536333
 4 5.02793296089385
 568 7.039106145251395
 10 9.050279329608941
 147 11.06145251396649
 41 13.07262569832403
 9 15.08379888268158
 44 17.09497206703912
 131 19.10614525139667
 541 21.11731843575421
 69 23.12849162011173
 102 25.13966480446928
 109 27.15083798882682
 57 29.16201117318437
 220 31.17318435754191
 323 33.18435754189946
 248 35.195530726257
 177 37.20670391061452
 33 39.21787709497207
 288 41.22905027932961
 0 43.24022346368716
 112 45.2513966480447
 54 47.26256983240225
 220 49.27374301675979
 83 51.28491620111734
 191 53.29608938547489
 67 55.3072625698324
 143 57.31843575418995
 259 59.32960893854749
 65 61.34078212290504
 103 63.35195530726259
 61 65.36312849162013
 106 67.37430167597768
 46 69.38547486033519
 26 71.39664804469274
 43 73.40782122905028
 8 75.41899441340783
 6 77.43016759776538
 3 79.44134078212289
 0 81.45251396648047
 0 83.46368715083798
 3 85.47486033519556
 13 87.48603351955308
 8176 89.49720670391065
 5 91.50837988826817
 5 93.51955307262574
 2 95.53072625698326
 1 97.54189944134077
 0 99.55307262569835
 10 101.5642458100559
 21 103.5754189944134
 27 105.586592178771
 20 107.5977653631285
 94 109.608938547486
 138 111.6201117318436
 104 113.6312849162011
 2 115.6424581005587
 216 117.6536312849162
 168 119.6648044692737
 96 121.6759776536313
 187 123.6871508379888
 193 125.6983240223464
 87 127.7094972067039
 159 129.7206703910614
 182 131.731843575419
 0 133.7430167597765
 112 135.7541899441341
 175 137.7653631284916
 107 139.7765363128492
 153 141.7877094972067
 542 143.7988826815642
 133 145.8100558659218
 237 147.8212290502793
 36 149.8324022346369
 163 151.8435754189944
 65 153.854748603352
 509 155.8659217877095
 53 157.8770949720671
 129 159.8882681564246
 72 161.8994413407821
 62 163.9106145251397
 15 165.9217877094972
 117 167.9329608938548
 248 169.9441340782123
 357 171.9553072625699
 5 173.9664804469274
 155 175.9776536312849
 2 177.9888268156425
 0 180


