# Created by Octave 3.8.2, Mon Jun 22 02:09:46 2020 CEST <damian@fptrucha.inv.usc.es>
# name: hd
# type: matrix
# rows: 180
# columns: 2
 5 -180
 174 -177.9888268156425
 5 -175.9776536312849
 377 -173.9664804469274
 230 -171.9553072625698
 160 -169.9441340782123
 32 -167.9329608938548
 45 -165.9217877094972
 67 -163.9106145251397
 152 -161.8994413407821
 40 -159.8882681564246
 561 -157.877094972067
 64 -155.8659217877095
 139 -153.854748603352
 50 -151.8435754189944
 66 -149.8324022346369
 216 -147.8212290502793
 590 -145.8100558659218
 124 -143.7988826815642
 79 -141.7877094972067
 173 -139.7765363128491
 112 -137.7653631284916
 6 -135.7541899441341
 179 -133.7430167597765
 139 -131.731843575419
 80 -129.7206703910614
 170 -127.7094972067039
 209 -125.6983240223464
 97 -123.6871508379888
 194 -121.6759776536313
 173 -119.6648044692737
 7 -117.6536312849162
 119 -115.6424581005587
 131 -113.6312849162011
 106 -111.6201117318436
 20 -109.608938547486
 43 -107.5977653631285
 27 -105.5865921787709
 20 -103.5754189944134
 4 -101.5642458100559
 1 -99.55307262569832
 3 -97.54189944134077
 1 -95.53072625698323
 5 -93.5195530726257
 7716 -91.50837988826815
 14 -89.49720670391061
 5 -87.48603351955308
 1 -85.47486033519553
 0 -83.46368715083798
 2 -81.45251396648044
 6 -79.44134078212289
 6 -77.43016759776536
 67 -75.41899441340782
 29 -73.40782122905027
 63 -71.39664804469274
 127 -69.38547486033519
 97 -67.37430167597765
 91 -65.3631284916201
 38 -63.35195530726256
 273 -61.34078212290503
 137 -59.32960893854748
 214 -57.31843575418993
 91 -55.3072625698324
 70 -53.29608938547486
 228 -51.28491620111731
 58 -49.27374301675977
 123 -47.26256983240222
 2 -45.25139664804468
 275 -43.24022346368713
 7 -41.22905027932961
 153 -39.21787709497207
 324 -37.20670391061452
 445 -35.19553072625698
 102 -33.18435754189943
 63 -31.17318435754188
 171 -29.16201117318434
 11 -27.15083798882682
 76 -25.13966480446928
 576 -23.12849162011173
 126 -21.11731843575419
 64 -19.10614525139664
 15 -17.09497206703909
 38 -15.08379888268155
 137 -13.072625698324
 8 -11.06145251396646
 561 -9.050279329608941
 1 -7.039106145251395
 127 -5.02793296089385
 15 -3.016759776536304
 4 -1.005586592178759
 33 1.005586592178787
 125 3.016759776536333
 3 5.02793296089385
 529 7.039106145251395
 13 9.050279329608941
 169 11.06145251396649
 53 13.07262569832403
 14 15.08379888268158
 52 17.09497206703912
 123 19.10614525139667
 538 21.11731843575421
 65 23.12849162011173
 101 25.13966480446928
 118 27.15083798882682
 66 29.16201117318437
 229 31.17318435754191
 305 33.18435754189946
 251 35.195530726257
 151 37.20670391061452
 40 39.21787709497207
 256 41.22905027932961
 2 43.24022346368716
 111 45.2513966480447
 62 47.26256983240225
 246 49.27374301675979
 89 51.28491620111734
 229 53.29608938547489
 89 55.3072625698324
 136 57.31843575418995
 240 59.32960893854749
 56 61.34078212290504
 110 63.35195530726259
 86 65.36312849162013
 120 67.37430167597768
 40 69.38547486033519
 43 71.39664804469274
 51 73.40782122905028
 6 75.41899441340783
 13 77.43016759776538
 5 79.44134078212289
 4 81.45251396648047
 2 83.46368715083798
 8 85.47486033519556
 14 87.48603351955308
 7429 89.49720670391065
 13 91.50837988826817
 1 93.51955307262574
 2 95.53072625698326
 1 97.54189944134077
 8 99.55307262569835
 20 101.5642458100559
 26 103.5754189944134
 42 105.586592178771
 16 107.5977653631285
 109 109.608938547486
 115 111.6201117318436
 111 113.6312849162011
 2 115.6424581005587
 200 117.6536312849162
 164 119.6648044692737
 98 121.6759776536313
 187 123.6871508379888
 174 125.6983240223464
 77 127.7094972067039
 158 129.7206703910614
 181 131.731843575419
 4 133.7430167597765
 114 135.7541899441341
 159 137.7653631284916
 114 139.7765363128492
 133 141.7877094972067
 460 143.7988826815642
 115 145.8100558659218
 255 147.8212290502793
 54 149.8324022346369
 154 151.8435754189944
 67 153.854748603352
 445 155.8659217877095
 55 157.8770949720671
 131 159.8882681564246
 68 161.8994413407821
 50 163.9106145251397
 14 165.9217877094972
 138 167.9329608938548
 208 169.9441340782123
 329 171.9553072625699
 5 173.9664804469274
 166 175.9776536312849
 2 177.9888268156425
 0 180


