# Created by Octave 3.8.2, Mon Jun 22 21:26:45 2020 CEST <damian@fptrucha.inv.usc.es>
# name: hd
# type: matrix
# rows: 180
# columns: 2
 4 -180
 172 -177.9888268156425
 6 -175.9776536312849
 378 -173.9664804469274
 220 -171.9553072625698
 151 -169.9441340782123
 40 -167.9329608938548
 48 -165.9217877094972
 59 -163.9106145251397
 144 -161.8994413407821
 42 -159.8882681564246
 589 -157.877094972067
 76 -155.8659217877095
 136 -153.854748603352
 41 -151.8435754189944
 68 -149.8324022346369
 269 -147.8212290502793
 652 -145.8100558659218
 159 -143.7988826815642
 96 -141.7877094972067
 198 -139.7765363128491
 101 -137.7653631284916
 4 -135.7541899441341
 162 -133.7430167597765
 167 -131.731843575419
 67 -129.7206703910614
 214 -127.7094972067039
 247 -125.6983240223464
 111 -123.6871508379888
 187 -121.6759776536313
 196 -119.6648044692737
 1 -117.6536312849162
 126 -115.6424581005587
 137 -113.6312849162011
 133 -111.6201117318436
 29 -109.608938547486
 45 -107.5977653631285
 44 -105.5865921787709
 18 -103.5754189944134
 3 -101.5642458100559
 3 -99.55307262569832
 1 -97.54189944134077
 5 -95.53072625698323
 8 -93.5195530726257
 8499 -91.50837988826815
 11 -89.49720670391061
 5 -87.48603351955308
 2 -85.47486033519553
 0 -83.46368715083798
 3 -81.45251396648044
 15 -79.44134078212289
 4 -77.43016759776536
 69 -75.41899441340782
 35 -73.40782122905027
 52 -71.39664804469274
 124 -69.38547486033519
 70 -67.37430167597765
 115 -65.3631284916201
 62 -63.35195530726256
 248 -61.34078212290503
 135 -59.32960893854748
 227 -57.31843575418993
 96 -55.3072625698324
 77 -53.29608938547486
 212 -51.28491620111731
 80 -49.27374301675977
 126 -47.26256983240222
 2 -45.25139664804468
 322 -43.24022346368713
 6 -41.22905027932961
 163 -39.21787709497207
 305 -37.20670391061452
 478 -35.19553072625698
 129 -33.18435754189943
 61 -31.17318435754188
 164 -29.16201117318434
 7 -27.15083798882682
 76 -25.13966480446928
 628 -23.12849162011173
 136 -21.11731843575419
 59 -19.10614525139664
 15 -17.09497206703909
 49 -15.08379888268155
 180 -13.072625698324
 6 -11.06145251396646
 607 -9.050279329608941
 4 -7.039106145251395
 164 -5.02793296089385
 19 -3.016759776536304
 3 -1.005586592178759
 26 1.005586592178787
 134 3.016759776536333
 2 5.02793296089385
 527 7.039106145251395
 13 9.050279329608941
 148 11.06145251396649
 35 13.07262569832403
 16 15.08379888268158
 57 17.09497206703912
 134 19.10614525139667
 575 21.11731843575421
 71 23.12849162011173
 70 25.13966480446928
 101 27.15083798882682
 56 29.16201117318437
 219 31.17318435754191
 341 33.18435754189946
 305 35.195530726257
 149 37.20670391061452
 48 39.21787709497207
 322 41.22905027932961
 3 43.24022346368716
 127 45.2513966480447
 55 47.26256983240225
 237 49.27374301675979
 97 51.28491620111734
 207 53.29608938547489
 78 55.3072625698324
 133 57.31843575418995
 312 59.32960893854749
 60 61.34078212290504
 120 63.35195530726259
 76 65.36312849162013
 112 67.37430167597768
 38 69.38547486033519
 36 71.39664804469274
 57 73.40782122905028
 4 75.41899441340783
 17 77.43016759776538
 5 79.44134078212289
 2 81.45251396648047
 0 83.46368715083798
 3 85.47486033519556
 11 87.48603351955308
 7932 89.49720670391065
 6 91.50837988826817
 4 93.51955307262574
 0 95.53072625698326
 0 97.54189944134077
 2 99.55307262569835
 19 101.5642458100559
 27 103.5754189944134
 49 105.586592178771
 21 107.5977653631285
 117 109.608938547486
 122 111.6201117318436
 130 113.6312849162011
 1 115.6424581005587
 192 117.6536312849162
 169 119.6648044692737
 82 121.6759776536313
 183 123.6871508379888
 191 125.6983240223464
 97 127.7094972067039
 167 129.7206703910614
 207 131.731843575419
 4 133.7430167597765
 123 135.7541899441341
 176 137.7653631284916
 117 139.7765363128492
 147 141.7877094972067
 523 143.7988826815642
 104 145.8100558659218
 192 147.8212290502793
 55 149.8324022346369
 168 151.8435754189944
 82 153.854748603352
 509 155.8659217877095
 54 157.8770949720671
 160 159.8882681564246
 64 161.8994413407821
 44 163.9106145251397
 22 165.9217877094972
 157 167.9329608938548
 225 169.9441340782123
 354 171.9553072625699
 6 173.9664804469274
 177 175.9776536312849
 6 177.9888268156425
 0 180


