# Created by Octave 3.8.2, Sat Jun 20 21:42:32 2020 CEST <damian@fptrucha.inv.usc.es>
# name: hd
# type: matrix
# rows: 180
# columns: 2
 0 -180
 148 -177.9888268156425
 2 -175.9776536312849
 336 -173.9664804469274
 216 -171.9553072625698
 156 -169.9441340782123
 29 -167.9329608938548
 36 -165.9217877094972
 51 -163.9106145251397
 125 -161.8994413407821
 38 -159.8882681564246
 631 -157.877094972067
 57 -155.8659217877095
 104 -153.854748603352
 30 -151.8435754189944
 75 -149.8324022346369
 180 -147.8212290502793
 599 -145.8100558659218
 127 -143.7988826815642
 97 -141.7877094972067
 160 -139.7765363128491
 112 -137.7653631284916
 3 -135.7541899441341
 131 -133.7430167597765
 145 -131.731843575419
 71 -129.7206703910614
 200 -127.7094972067039
 232 -125.6983240223464
 82 -123.6871508379888
 207 -121.6759776536313
 165 -119.6648044692737
 3 -117.6536312849162
 76 -115.6424581005587
 99 -113.6312849162011
 131 -111.6201117318436
 18 -109.608938547486
 35 -107.5977653631285
 23 -105.5865921787709
 7 -103.5754189944134
 2 -101.5642458100559
 0 -99.55307262569832
 0 -97.54189944134077
 2 -95.53072625698323
 2 -93.5195530726257
 7925 -91.50837988826815
 9 -89.49720670391061
 1 -87.48603351955308
 1 -85.47486033519553
 0 -83.46368715083798
 2 -81.45251396648044
 8 -79.44134078212289
 4 -77.43016759776536
 48 -75.41899441340782
 12 -73.40782122905027
 32 -71.39664804469274
 111 -69.38547486033519
 51 -67.37430167597765
 80 -65.3631284916201
 55 -63.35195530726256
 265 -61.34078212290503
 154 -59.32960893854748
 211 -57.31843575418993
 105 -55.3072625698324
 61 -53.29608938547486
 230 -51.28491620111731
 45 -49.27374301675977
 111 -47.26256983240222
 3 -45.25139664804468
 265 -43.24022346368713
 3 -41.22905027932961
 121 -39.21787709497207
 316 -37.20670391061452
 452 -35.19553072625698
 106 -33.18435754189943
 64 -31.17318435754188
 139 -29.16201117318434
 8 -27.15083798882682
 58 -25.13966480446928
 606 -23.12849162011173
 142 -21.11731843575419
 47 -19.10614525139664
 7 -17.09497206703909
 39 -15.08379888268155
 157 -13.072625698324
 7 -11.06145251396646
 574 -9.050279329608941
 0 -7.039106145251395
 138 -5.02793296089385
 15 -3.016759776536304
 1 -1.005586592178759
 20 1.005586592178787
 141 3.016759776536333
 0 5.02793296089385
 542 7.039106145251395
 6 9.050279329608941
 149 11.06145251396649
 35 13.07262569832403
 10 15.08379888268158
 48 17.09497206703912
 118 19.10614525139667
 492 21.11731843575421
 53 23.12849162011173
 105 25.13966480446928
 104 27.15083798882682
 51 29.16201117318437
 231 31.17318435754191
 302 33.18435754189946
 233 35.195530726257
 176 37.20670391061452
 45 39.21787709497207
 251 41.22905027932961
 4 43.24022346368716
 126 45.2513966480447
 52 47.26256983240225
 217 49.27374301675979
 86 51.28491620111734
 186 53.29608938547489
 80 55.3072625698324
 130 57.31843575418995
 268 59.32960893854749
 52 61.34078212290504
 115 63.35195530726259
 75 65.36312849162013
 100 67.37430167597768
 35 69.38547486033519
 27 71.39664804469274
 45 73.40782122905028
 6 75.41899441340783
 6 77.43016759776538
 0 79.44134078212289
 0 81.45251396648047
 0 83.46368715083798
 1 85.47486033519556
 8 87.48603351955308
 7690 89.49720670391065
 4 91.50837988826817
 3 93.51955307262574
 0 95.53072625698326
 0 97.54189944134077
 0 99.55307262569835
 8 101.5642458100559
 25 103.5754189944134
 34 105.586592178771
 26 107.5977653631285
 107 109.608938547486
 115 111.6201117318436
 127 113.6312849162011
 1 115.6424581005587
 240 117.6536312849162
 155 119.6648044692737
 64 121.6759776536313
 158 123.6871508379888
 181 125.6983240223464
 75 127.7094972067039
 147 129.7206703910614
 204 131.731843575419
 1 133.7430167597765
 116 135.7541899441341
 164 137.7653631284916
 94 139.7765363128492
 158 141.7877094972067
 487 143.7988826815642
 129 145.8100558659218
 238 147.8212290502793
 42 149.8324022346369
 171 151.8435754189944
 60 153.854748603352
 464 155.8659217877095
 57 157.8770949720671
 136 159.8882681564246
 72 161.8994413407821
 42 163.9106145251397
 20 165.9217877094972
 124 167.9329608938548
 223 169.9441340782123
 325 171.9553072625699
 1 173.9664804469274
 167 175.9776536312849
 5 177.9888268156425
 0 180


