# Created by Octave 3.8.2, Sat Jun 20 12:33:55 2020 CEST <damian@fptrucha.inv.usc.es>
# name: hd
# type: matrix
# rows: 180
# columns: 2
 0 -180
 162 -177.9888268156425
 4 -175.9776536312849
 376 -173.9664804469274
 256 -171.9553072625698
 175 -169.9441340782123
 22 -167.9329608938548
 43 -165.9217877094972
 61 -163.9106145251397
 169 -161.8994413407821
 37 -159.8882681564246
 695 -157.877094972067
 60 -155.8659217877095
 97 -153.854748603352
 40 -151.8435754189944
 73 -149.8324022346369
 226 -147.8212290502793
 733 -145.8100558659218
 113 -143.7988826815642
 83 -141.7877094972067
 177 -139.7765363128491
 112 -137.7653631284916
 0 -135.7541899441341
 169 -133.7430167597765
 156 -131.731843575419
 81 -129.7206703910614
 169 -127.7094972067039
 247 -125.6983240223464
 110 -123.6871508379888
 197 -121.6759776536313
 201 -119.6648044692737
 4 -117.6536312849162
 100 -115.6424581005587
 87 -113.6312849162011
 137 -111.6201117318436
 13 -109.608938547486
 31 -107.5977653631285
 17 -105.5865921787709
 17 -103.5754189944134
 3 -101.5642458100559
 0 -99.55307262569832
 1 -97.54189944134077
 1 -95.53072625698323
 5 -93.5195530726257
 8816 -91.50837988826815
 9 -89.49720670391061
 3 -87.48603351955308
 1 -85.47486033519553
 0 -83.46368715083798
 1 -81.45251396648044
 3 -79.44134078212289
 6 -77.43016759776536
 35 -75.41899441340782
 21 -73.40782122905027
 45 -71.39664804469274
 133 -69.38547486033519
 70 -67.37430167597765
 95 -65.3631284916201
 46 -63.35195530726256
 285 -61.34078212290503
 141 -59.32960893854748
 230 -57.31843575418993
 87 -55.3072625698324
 84 -53.29608938547486
 240 -51.28491620111731
 59 -49.27374301675977
 128 -47.26256983240222
 0 -45.25139664804468
 273 -43.24022346368713
 0 -41.22905027932961
 159 -39.21787709497207
 359 -37.20670391061452
 546 -35.19553072625698
 107 -33.18435754189943
 63 -31.17318435754188
 154 -29.16201117318434
 8 -27.15083798882682
 66 -25.13966480446928
 615 -23.12849162011173
 185 -21.11731843575419
 46 -19.10614525139664
 12 -17.09497206703909
 52 -15.08379888268155
 168 -13.072625698324
 7 -11.06145251396646
 591 -9.050279329608941
 3 -7.039106145251395
 131 -5.02793296089385
 29 -3.016759776536304
 3 -1.005586592178759
 26 1.005586592178787
 118 3.016759776536333
 4 5.02793296089385
 536 7.039106145251395
 11 9.050279329608941
 132 11.06145251396649
 40 13.07262569832403
 18 15.08379888268158
 63 17.09497206703912
 127 19.10614525139667
 545 21.11731843575421
 61 23.12849162011173
 107 25.13966480446928
 100 27.15083798882682
 60 29.16201117318437
 254 31.17318435754191
 349 33.18435754189946
 227 35.195530726257
 175 37.20670391061452
 38 39.21787709497207
 317 41.22905027932961
 3 43.24022346368716
 125 45.2513966480447
 69 47.26256983240225
 232 49.27374301675979
 99 51.28491620111734
 194 53.29608938547489
 121 55.3072625698324
 134 57.31843575418995
 296 59.32960893854749
 67 61.34078212290504
 124 63.35195530726259
 92 65.36312849162013
 113 67.37430167597768
 55 69.38547486033519
 41 71.39664804469274
 57 73.40782122905028
 5 75.41899441340783
 11 77.43016759776538
 6 79.44134078212289
 1 81.45251396648047
 2 83.46368715083798
 3 85.47486033519556
 9 87.48603351955308
 8422 89.49720670391065
 7 91.50837988826817
 2 93.51955307262574
 1 95.53072625698326
 0 97.54189944134077
 4 99.55307262569835
 18 101.5642458100559
 24 103.5754189944134
 44 105.586592178771
 24 107.5977653631285
 142 109.608938547486
 135 111.6201117318436
 144 113.6312849162011
 3 115.6424581005587
 236 117.6536312849162
 185 119.6648044692737
 100 121.6759776536313
 199 123.6871508379888
 208 125.6983240223464
 80 127.7094972067039
 188 129.7206703910614
 207 131.731843575419
 0 133.7430167597765
 135 135.7541899441341
 197 137.7653631284916
 118 139.7765363128492
 164 141.7877094972067
 490 143.7988826815642
 127 145.8100558659218
 238 147.8212290502793
 60 149.8324022346369
 175 151.8435754189944
 86 153.854748603352
 530 155.8659217877095
 60 157.8770949720671
 149 159.8882681564246
 78 161.8994413407821
 59 163.9106145251397
 13 165.9217877094972
 136 167.9329608938548
 235 169.9441340782123
 372 171.9553072625699
 3 173.9664804469274
 177 175.9776536312849
 4 177.9888268156425
 0 180


