# Created by Octave 3.8.2, Mon Jun 22 02:26:26 2020 CEST <damian@fptrucha.inv.usc.es>
# name: hd
# type: matrix
# rows: 180
# columns: 2
 1 -180
 87 -177.9888268156425
 6 -175.9776536312849
 120 -173.9664804469274
 62 -171.9553072625698
 59 -169.9441340782123
 21 -167.9329608938548
 7 -165.9217877094972
 1 -163.9106145251397
 60 -161.8994413407821
 2 -159.8882681564246
 192 -157.877094972067
 9 -155.8659217877095
 10 -153.854748603352
 13 -151.8435754189944
 18 -149.8324022346369
 30 -147.8212290502793
 243 -145.8100558659218
 22 -143.7988826815642
 26 -141.7877094972067
 45 -139.7765363128491
 15 -137.7653631284916
 0 -135.7541899441341
 15 -133.7430167597765
 34 -131.731843575419
 12 -129.7206703910614
 79 -127.7094972067039
 69 -125.6983240223464
 19 -123.6871508379888
 78 -121.6759776536313
 55 -119.6648044692737
 2 -117.6536312849162
 17 -115.6424581005587
 50 -113.6312849162011
 45 -111.6201117318436
 4 -109.608938547486
 10 -107.5977653631285
 15 -105.5865921787709
 8 -103.5754189944134
 6 -101.5642458100559
 1 -99.55307262569832
 0 -97.54189944134077
 3 -95.53072625698323
 4 -93.5195530726257
 1769 -91.50837988826815
 6 -89.49720670391061
 5 -87.48603351955308
 1 -85.47486033519553
 2 -83.46368715083798
 2 -81.45251396648044
 5 -79.44134078212289
 4 -77.43016759776536
 28 -75.41899441340782
 9 -73.40782122905027
 22 -71.39664804469274
 56 -69.38547486033519
 40 -67.37430167597765
 10 -65.3631284916201
 13 -63.35195530726256
 119 -61.34078212290503
 47 -59.32960893854748
 66 -57.31843575418993
 42 -55.3072625698324
 26 -53.29608938547486
 46 -51.28491620111731
 7 -49.27374301675977
 21 -47.26256983240222
 0 -45.25139664804468
 53 -43.24022346368713
 3 -41.22905027932961
 18 -39.21787709497207
 137 -37.20670391061452
 168 -35.19553072625698
 4 -33.18435754189943
 14 -31.17318435754188
 16 -29.16201117318434
 6 -27.15083798882682
 13 -25.13966480446928
 193 -23.12849162011173
 62 -21.11731843575419
 4 -19.10614525139664
 0 -17.09497206703909
 7 -15.08379888268155
 58 -13.072625698324
 3 -11.06145251396646
 191 -9.050279329608941
 3 -7.039106145251395
 56 -5.02793296089385
 13 -3.016759776536304
 1 -1.005586592178759
 2 1.005586592178787
 10 3.016759776536333
 1 5.02793296089385
 38 7.039106145251395
 9 9.050279329608941
 10 11.06145251396649
 26 13.07262569832403
 9 15.08379888268158
 18 17.09497206703912
 9 19.10614525139667
 38 21.11731843575421
 34 23.12849162011173
 40 25.13966480446928
 44 27.15083798882682
 5 29.16201117318437
 62 31.17318435754191
 12 33.18435754189946
 17 35.195530726257
 52 37.20670391061452
 1 39.21787709497207
 106 41.22905027932961
 1 43.24022346368716
 33 45.2513966480447
 7 47.26256983240225
 20 49.27374301675979
 9 51.28491620111734
 10 53.29608938547489
 6 55.3072625698324
 8 57.31843575418995
 45 59.32960893854749
 19 61.34078212290504
 43 63.35195530726259
 11 65.36312849162013
 11 67.37430167597768
 5 69.38547486033519
 23 71.39664804469274
 14 73.40782122905028
 6 75.41899441340783
 1 77.43016759776538
 1 79.44134078212289
 2 81.45251396648047
 1 83.46368715083798
 2 85.47486033519556
 9 87.48603351955308
 934 89.49720670391065
 5 91.50837988826817
 1 93.51955307262574
 0 95.53072625698326
 1 97.54189944134077
 1 99.55307262569835
 8 101.5642458100559
 3 103.5754189944134
 14 105.586592178771
 14 107.5977653631285
 9 109.608938547486
 19 111.6201117318436
 48 113.6312849162011
 4 115.6424581005587
 64 117.6536312849162
 10 119.6648044692737
 16 121.6759776536313
 6 123.6871508379888
 15 125.6983240223464
 4 127.7094972067039
 18 129.7206703910614
 28 131.731843575419
 3 133.7430167597765
 70 135.7541899441341
 65 137.7653631284916
 17 139.7765363128492
 35 141.7877094972067
 29 143.7988826815642
 40 145.8100558659218
 42 147.8212290502793
 9 149.8324022346369
 76 151.8435754189944
 27 153.854748603352
 25 155.8659217877095
 26 157.8770949720671
 9 159.8882681564246
 35 161.8994413407821
 34 163.9106145251397
 2 165.9217877094972
 6 167.9329608938548
 30 169.9441340782123
 37 171.9553072625699
 3 173.9664804469274
 23 175.9776536312849
 4 177.9888268156425
 0 180


