# Created by Octave 3.8.2, Sun Jun 21 00:49:46 2020 CEST <damian@fptrucha.inv.usc.es>
# name: hd
# type: matrix
# rows: 180
# columns: 2
 3 -180
 111 -177.9888268156425
 1 -175.9776536312849
 336 -173.9664804469274
 224 -171.9553072625698
 152 -169.9441340782123
 28 -167.9329608938548
 36 -165.9217877094972
 44 -163.9106145251397
 160 -161.8994413407821
 30 -159.8882681564246
 644 -157.877094972067
 58 -155.8659217877095
 130 -153.854748603352
 40 -151.8435754189944
 67 -149.8324022346369
 182 -147.8212290502793
 592 -145.8100558659218
 126 -143.7988826815642
 83 -141.7877094972067
 173 -139.7765363128491
 115 -137.7653631284916
 2 -135.7541899441341
 149 -133.7430167597765
 155 -131.731843575419
 61 -129.7206703910614
 172 -127.7094972067039
 224 -125.6983240223464
 101 -123.6871508379888
 199 -121.6759776536313
 184 -119.6648044692737
 2 -117.6536312849162
 94 -115.6424581005587
 87 -113.6312849162011
 136 -111.6201117318436
 19 -109.608938547486
 23 -107.5977653631285
 22 -105.5865921787709
 6 -103.5754189944134
 1 -101.5642458100559
 1 -99.55307262569832
 2 -97.54189944134077
 5 -95.53072625698323
 8 -93.5195530726257
 8104 -91.50837988826815
 10 -89.49720670391061
 4 -87.48603351955308
 0 -85.47486033519553
 0 -83.46368715083798
 1 -81.45251396648044
 3 -79.44134078212289
 9 -77.43016759776536
 42 -75.41899441340782
 24 -73.40782122905027
 45 -71.39664804469274
 111 -69.38547486033519
 70 -67.37430167597765
 95 -65.3631284916201
 46 -63.35195530726256
 268 -61.34078212290503
 150 -59.32960893854748
 244 -57.31843575418993
 112 -55.3072625698324
 77 -53.29608938547486
 221 -51.28491620111731
 45 -49.27374301675977
 101 -47.26256983240222
 1 -45.25139664804468
 278 -43.24022346368713
 1 -41.22905027932961
 155 -39.21787709497207
 295 -37.20670391061452
 436 -35.19553072625698
 125 -33.18435754189943
 51 -31.17318435754188
 128 -29.16201117318434
 9 -27.15083798882682
 53 -25.13966480446928
 617 -23.12849162011173
 136 -21.11731843575419
 60 -19.10614525139664
 11 -17.09497206703909
 32 -15.08379888268155
 169 -13.072625698324
 6 -11.06145251396646
 596 -9.050279329608941
 5 -7.039106145251395
 141 -5.02793296089385
 16 -3.016759776536304
 1 -1.005586592178759
 20 1.005586592178787
 106 3.016759776536333
 4 5.02793296089385
 543 7.039106145251395
 4 9.050279329608941
 128 11.06145251396649
 53 13.07262569832403
 14 15.08379888268158
 59 17.09497206703912
 128 19.10614525139667
 484 21.11731843575421
 56 23.12849162011173
 65 25.13966480446928
 88 27.15083798882682
 49 29.16201117318437
 238 31.17318435754191
 311 33.18435754189946
 229 35.195530726257
 148 37.20670391061452
 32 39.21787709497207
 256 41.22905027932961
 2 43.24022346368716
 103 45.2513966480447
 78 47.26256983240225
 200 49.27374301675979
 88 51.28491620111734
 150 53.29608938547489
 73 55.3072625698324
 114 57.31843575418995
 242 59.32960893854749
 61 61.34078212290504
 138 63.35195530726259
 64 65.36312849162013
 113 67.37430167597768
 51 69.38547486033519
 20 71.39664804469274
 53 73.40782122905028
 10 75.41899441340783
 5 77.43016759776538
 3 79.44134078212289
 0 81.45251396648047
 0 83.46368715083798
 2 85.47486033519556
 8 87.48603351955308
 7435 89.49720670391065
 4 91.50837988826817
 2 93.51955307262574
 1 95.53072625698326
 2 97.54189944134077
 6 99.55307262569835
 9 101.5642458100559
 25 103.5754189944134
 47 105.586592178771
 18 107.5977653631285
 108 109.608938547486
 91 111.6201117318436
 110 113.6312849162011
 4 115.6424581005587
 206 117.6536312849162
 138 119.6648044692737
 80 121.6759776536313
 173 123.6871508379888
 179 125.6983240223464
 85 127.7094972067039
 173 129.7206703910614
 196 131.731843575419
 3 133.7430167597765
 112 135.7541899441341
 169 137.7653631284916
 95 139.7765363128492
 126 141.7877094972067
 473 143.7988826815642
 120 145.8100558659218
 170 147.8212290502793
 54 149.8324022346369
 154 151.8435754189944
 56 153.854748603352
 441 155.8659217877095
 57 157.8770949720671
 120 159.8882681564246
 65 161.8994413407821
 51 163.9106145251397
 21 165.9217877094972
 117 167.9329608938548
 220 169.9441340782123
 372 171.9553072625699
 0 173.9664804469274
 144 175.9776536312849
 0 177.9888268156425
 0 180


