# Created by Octave 3.8.2, Mon Jun 22 08:38:41 2020 CEST <damian@fptrucha.inv.usc.es>
# name: hd
# type: matrix
# rows: 180
# columns: 2
 6 -180
 155 -177.9888268156425
 4 -175.9776536312849
 357 -173.9664804469274
 241 -171.9553072625698
 128 -169.9441340782123
 40 -167.9329608938548
 48 -165.9217877094972
 56 -163.9106145251397
 155 -161.8994413407821
 35 -159.8882681564246
 530 -157.877094972067
 55 -155.8659217877095
 114 -153.854748603352
 42 -151.8435754189944
 68 -149.8324022346369
 204 -147.8212290502793
 548 -145.8100558659218
 127 -143.7988826815642
 105 -141.7877094972067
 171 -139.7765363128491
 102 -137.7653631284916
 6 -135.7541899441341
 165 -133.7430167597765
 155 -131.731843575419
 77 -129.7206703910614
 161 -127.7094972067039
 202 -125.6983240223464
 95 -123.6871508379888
 157 -121.6759776536313
 177 -119.6648044692737
 4 -117.6536312849162
 127 -115.6424581005587
 114 -113.6312849162011
 101 -111.6201117318436
 31 -109.608938547486
 45 -107.5977653631285
 29 -105.5865921787709
 21 -103.5754189944134
 2 -101.5642458100559
 1 -99.55307262569832
 1 -97.54189944134077
 1 -95.53072625698323
 8 -93.5195530726257
 7747 -91.50837988826815
 16 -89.49720670391061
 7 -87.48603351955308
 3 -85.47486033519553
 1 -83.46368715083798
 3 -81.45251396648044
 14 -79.44134078212289
 12 -77.43016759776536
 43 -75.41899441340782
 23 -73.40782122905027
 54 -71.39664804469274
 124 -69.38547486033519
 74 -67.37430167597765
 105 -65.3631284916201
 45 -63.35195530726256
 270 -61.34078212290503
 139 -59.32960893854748
 169 -57.31843575418993
 97 -55.3072625698324
 94 -53.29608938547486
 232 -51.28491620111731
 64 -49.27374301675977
 109 -47.26256983240222
 5 -45.25139664804468
 295 -43.24022346368713
 4 -41.22905027932961
 146 -39.21787709497207
 264 -37.20670391061452
 399 -35.19553072625698
 113 -33.18435754189943
 62 -31.17318435754188
 130 -29.16201117318434
 10 -27.15083798882682
 65 -25.13966480446928
 576 -23.12849162011173
 125 -21.11731843575419
 59 -19.10614525139664
 13 -17.09497206703909
 43 -15.08379888268155
 148 -13.072625698324
 8 -11.06145251396646
 564 -9.050279329608941
 2 -7.039106145251395
 111 -5.02793296089385
 22 -3.016759776536304
 6 -1.005586592178759
 19 1.005586592178787
 153 3.016759776536333
 2 5.02793296089385
 501 7.039106145251395
 11 9.050279329608941
 159 11.06145251396649
 46 13.07262569832403
 13 15.08379888268158
 50 17.09497206703912
 110 19.10614525139667
 497 21.11731843575421
 61 23.12849162011173
 82 25.13966480446928
 107 27.15083798882682
 54 29.16201117318437
 176 31.17318435754191
 342 33.18435754189946
 252 35.195530726257
 139 37.20670391061452
 36 39.21787709497207
 265 41.22905027932961
 1 43.24022346368716
 124 45.2513966480447
 61 47.26256983240225
 212 49.27374301675979
 55 51.28491620111734
 204 53.29608938547489
 76 55.3072625698324
 126 57.31843575418995
 242 59.32960893854749
 64 61.34078212290504
 105 63.35195530726259
 81 65.36312849162013
 104 67.37430167597768
 45 69.38547486033519
 33 71.39664804469274
 49 73.40782122905028
 6 75.41899441340783
 11 77.43016759776538
 3 79.44134078212289
 2 81.45251396648047
 1 83.46368715083798
 3 85.47486033519556
 17 87.48603351955308
 7309 89.49720670391065
 8 91.50837988826817
 4 93.51955307262574
 2 95.53072625698326
 3 97.54189944134077
 2 99.55307262569835
 18 101.5642458100559
 23 103.5754189944134
 42 105.586592178771
 25 107.5977653631285
 110 109.608938547486
 119 111.6201117318436
 135 113.6312849162011
 2 115.6424581005587
 183 117.6536312849162
 173 119.6648044692737
 95 121.6759776536313
 192 123.6871508379888
 176 125.6983240223464
 78 127.7094972067039
 169 129.7206703910614
 210 131.731843575419
 3 133.7430167597765
 110 135.7541899441341
 181 137.7653631284916
 85 139.7765363128492
 131 141.7877094972067
 508 143.7988826815642
 120 145.8100558659218
 202 147.8212290502793
 47 149.8324022346369
 145 151.8435754189944
 62 153.854748603352
 503 155.8659217877095
 52 157.8770949720671
 136 159.8882681564246
 78 161.8994413407821
 43 163.9106145251397
 25 165.9217877094972
 146 167.9329608938548
 211 169.9441340782123
 333 171.9553072625699
 5 173.9664804469274
 131 175.9776536312849
 5 177.9888268156425
 0 180


