# Created by Octave 3.8.2, Sun Jun 21 01:03:52 2020 CEST <damian@fptrucha.inv.usc.es>
# name: hd
# type: matrix
# rows: 180
# columns: 2
 5 -180
 149 -177.9888268156425
 4 -175.9776536312849
 322 -173.9664804469274
 225 -171.9553072625698
 146 -169.9441340782123
 14 -167.9329608938548
 37 -165.9217877094972
 51 -163.9106145251397
 157 -161.8994413407821
 40 -159.8882681564246
 640 -157.877094972067
 57 -155.8659217877095
 136 -153.854748603352
 35 -151.8435754189944
 56 -149.8324022346369
 189 -147.8212290502793
 608 -145.8100558659218
 129 -143.7988826815642
 94 -141.7877094972067
 153 -139.7765363128491
 82 -137.7653631284916
 1 -135.7541899441341
 145 -133.7430167597765
 157 -131.731843575419
 64 -129.7206703910614
 166 -127.7094972067039
 217 -125.6983240223464
 100 -123.6871508379888
 190 -121.6759776536313
 204 -119.6648044692737
 1 -117.6536312849162
 105 -115.6424581005587
 110 -113.6312849162011
 118 -111.6201117318436
 20 -109.608938547486
 31 -107.5977653631285
 24 -105.5865921787709
 7 -103.5754189944134
 1 -101.5642458100559
 2 -99.55307262569832
 2 -97.54189944134077
 5 -95.53072625698323
 4 -93.5195530726257
 7784 -91.50837988826815
 11 -89.49720670391061
 4 -87.48603351955308
 0 -85.47486033519553
 0 -83.46368715083798
 1 -81.45251396648044
 6 -79.44134078212289
 6 -77.43016759776536
 45 -75.41899441340782
 20 -73.40782122905027
 46 -71.39664804469274
 96 -69.38547486033519
 76 -67.37430167597765
 113 -65.3631284916201
 38 -63.35195530726256
 266 -61.34078212290503
 144 -59.32960893854748
 235 -57.31843575418993
 80 -55.3072625698324
 72 -53.29608938547486
 216 -51.28491620111731
 56 -49.27374301675977
 94 -47.26256983240222
 0 -45.25139664804468
 294 -43.24022346368713
 1 -41.22905027932961
 154 -39.21787709497207
 308 -37.20670391061452
 444 -35.19553072625698
 95 -33.18435754189943
 58 -31.17318435754188
 160 -29.16201117318434
 8 -27.15083798882682
 54 -25.13966480446928
 615 -23.12849162011173
 145 -21.11731843575419
 48 -19.10614525139664
 11 -17.09497206703909
 34 -15.08379888268155
 169 -13.072625698324
 3 -11.06145251396646
 584 -9.050279329608941
 3 -7.039106145251395
 136 -5.02793296089385
 20 -3.016759776536304
 0 -1.005586592178759
 10 1.005586592178787
 112 3.016759776536333
 0 5.02793296089385
 518 7.039106145251395
 9 9.050279329608941
 132 11.06145251396649
 53 13.07262569832403
 4 15.08379888268158
 45 17.09497206703912
 100 19.10614525139667
 483 21.11731843575421
 58 23.12849162011173
 87 25.13966480446928
 92 27.15083798882682
 64 29.16201117318437
 234 31.17318435754191
 311 33.18435754189946
 244 35.195530726257
 165 37.20670391061452
 31 39.21787709497207
 276 41.22905027932961
 1 43.24022346368716
 126 45.2513966480447
 52 47.26256983240225
 224 49.27374301675979
 80 51.28491620111734
 174 53.29608938547489
 84 55.3072625698324
 132 57.31843575418995
 220 59.32960893854749
 64 61.34078212290504
 122 63.35195530726259
 76 65.36312849162013
 95 67.37430167597768
 48 69.38547486033519
 16 71.39664804469274
 43 73.40782122905028
 5 75.41899441340783
 4 77.43016759776538
 3 79.44134078212289
 0 81.45251396648047
 2 83.46368715083798
 2 85.47486033519556
 7 87.48603351955308
 7487 89.49720670391065
 10 91.50837988826817
 2 93.51955307262574
 0 95.53072625698326
 1 97.54189944134077
 4 99.55307262569835
 11 101.5642458100559
 28 103.5754189944134
 37 105.586592178771
 26 107.5977653631285
 93 109.608938547486
 101 111.6201117318436
 120 113.6312849162011
 3 115.6424581005587
 219 117.6536312849162
 154 119.6648044692737
 87 121.6759776536313
 162 123.6871508379888
 174 125.6983240223464
 77 127.7094972067039
 153 129.7206703910614
 164 131.731843575419
 1 133.7430167597765
 125 135.7541899441341
 169 137.7653631284916
 116 139.7765363128492
 137 141.7877094972067
 490 143.7988826815642
 127 145.8100558659218
 205 147.8212290502793
 32 149.8324022346369
 150 151.8435754189944
 44 153.854748603352
 434 155.8659217877095
 40 157.8770949720671
 116 159.8882681564246
 73 161.8994413407821
 45 163.9106145251397
 20 165.9217877094972
 109 167.9329608938548
 213 169.9441340782123
 338 171.9553072625699
 3 173.9664804469274
 118 175.9776536312849
 0 177.9888268156425
 0 180


