# Created by Octave 3.8.2, Mon Jun 22 10:02:41 2020 CEST <damian@fptrucha.inv.usc.es>
# name: hd
# type: matrix
# rows: 180
# columns: 2
 5 -180
 193 -177.9888268156425
 11 -175.9776536312849
 347 -173.9664804469274
 222 -171.9553072625698
 129 -169.9441340782123
 32 -167.9329608938548
 33 -165.9217877094972
 66 -163.9106145251397
 153 -161.8994413407821
 39 -159.8882681564246
 551 -157.877094972067
 71 -155.8659217877095
 117 -153.854748603352
 41 -151.8435754189944
 74 -149.8324022346369
 226 -147.8212290502793
 566 -145.8100558659218
 136 -143.7988826815642
 106 -141.7877094972067
 192 -139.7765363128491
 128 -137.7653631284916
 1 -135.7541899441341
 198 -133.7430167597765
 166 -131.731843575419
 70 -129.7206703910614
 172 -127.7094972067039
 213 -125.6983240223464
 81 -123.6871508379888
 158 -121.6759776536313
 176 -119.6648044692737
 3 -117.6536312849162
 114 -115.6424581005587
 123 -113.6312849162011
 115 -111.6201117318436
 19 -109.608938547486
 38 -107.5977653631285
 20 -105.5865921787709
 21 -103.5754189944134
 7 -101.5642458100559
 0 -99.55307262569832
 2 -97.54189944134077
 6 -95.53072625698323
 7 -93.5195530726257
 7913 -91.50837988826815
 11 -89.49720670391061
 7 -87.48603351955308
 2 -85.47486033519553
 2 -83.46368715083798
 3 -81.45251396648044
 7 -79.44134078212289
 11 -77.43016759776536
 37 -75.41899441340782
 30 -73.40782122905027
 53 -71.39664804469274
 116 -69.38547486033519
 64 -67.37430167597765
 107 -65.3631284916201
 54 -63.35195530726256
 275 -61.34078212290503
 127 -59.32960893854748
 206 -57.31843575418993
 110 -55.3072625698324
 76 -53.29608938547486
 226 -51.28491620111731
 53 -49.27374301675977
 107 -47.26256983240222
 5 -45.25139664804468
 324 -43.24022346368713
 2 -41.22905027932961
 193 -39.21787709497207
 285 -37.20670391061452
 436 -35.19553072625698
 107 -33.18435754189943
 56 -31.17318435754188
 171 -29.16201117318434
 11 -27.15083798882682
 63 -25.13966480446928
 572 -23.12849162011173
 119 -21.11731843575419
 54 -19.10614525139664
 13 -17.09497206703909
 41 -15.08379888268155
 145 -13.072625698324
 10 -11.06145251396646
 548 -9.050279329608941
 3 -7.039106145251395
 139 -5.02793296089385
 12 -3.016759776536304
 1 -1.005586592178759
 20 1.005586592178787
 139 3.016759776536333
 4 5.02793296089385
 529 7.039106145251395
 17 9.050279329608941
 162 11.06145251396649
 44 13.07262569832403
 13 15.08379888268158
 65 17.09497206703912
 146 19.10614525139667
 564 21.11731843575421
 65 23.12849162011173
 76 25.13966480446928
 123 27.15083798882682
 57 29.16201117318437
 180 31.17318435754191
 334 33.18435754189946
 242 35.195530726257
 162 37.20670391061452
 37 39.21787709497207
 264 41.22905027932961
 4 43.24022346368716
 124 45.2513966480447
 79 47.26256983240225
 238 49.27374301675979
 73 51.28491620111734
 200 53.29608938547489
 83 55.3072625698324
 160 57.31843575418995
 251 59.32960893854749
 42 61.34078212290504
 114 63.35195530726259
 75 65.36312849162013
 114 67.37430167597768
 46 69.38547486033519
 36 71.39664804469274
 41 73.40782122905028
 11 75.41899441340783
 8 77.43016759776538
 3 79.44134078212289
 2 81.45251396648047
 0 83.46368715083798
 0 85.47486033519556
 12 87.48603351955308
 7636 89.49720670391065
 7 91.50837988826817
 6 93.51955307262574
 2 95.53072625698326
 2 97.54189944134077
 1 99.55307262569835
 13 101.5642458100559
 25 103.5754189944134
 47 105.586592178771
 15 107.5977653631285
 127 109.608938547486
 144 111.6201117318436
 118 113.6312849162011
 2 115.6424581005587
 196 117.6536312849162
 187 119.6648044692737
 97 121.6759776536313
 187 123.6871508379888
 172 125.6983240223464
 79 127.7094972067039
 179 129.7206703910614
 195 131.731843575419
 1 133.7430167597765
 122 135.7541899441341
 192 137.7653631284916
 91 139.7765363128492
 112 141.7877094972067
 508 143.7988826815642
 114 145.8100558659218
 171 147.8212290502793
 41 149.8324022346369
 144 151.8435754189944
 66 153.854748603352
 501 155.8659217877095
 49 157.8770949720671
 125 159.8882681564246
 65 161.8994413407821
 34 163.9106145251397
 24 165.9217877094972
 120 167.9329608938548
 230 169.9441340782123
 356 171.9553072625699
 4 173.9664804469274
 173 175.9776536312849
 4 177.9888268156425
 0 180


