# Created by Octave 3.8.2, Sun Jun 21 03:00:26 2020 CEST <damian@fptrucha.inv.usc.es>
# name: hd
# type: matrix
# rows: 180
# columns: 2
 3 -180
 166 -177.9888268156425
 2 -175.9776536312849
 357 -173.9664804469274
 219 -171.9553072625698
 145 -169.9441340782123
 30 -167.9329608938548
 22 -165.9217877094972
 62 -163.9106145251397
 153 -161.8994413407821
 39 -159.8882681564246
 629 -157.877094972067
 56 -155.8659217877095
 122 -153.854748603352
 34 -151.8435754189944
 66 -149.8324022346369
 203 -147.8212290502793
 652 -145.8100558659218
 110 -143.7988826815642
 97 -141.7877094972067
 171 -139.7765363128491
 95 -137.7653631284916
 1 -135.7541899441341
 153 -133.7430167597765
 142 -131.731843575419
 78 -129.7206703910614
 165 -127.7094972067039
 210 -125.6983240223464
 119 -123.6871508379888
 182 -121.6759776536313
 163 -119.6648044692737
 1 -117.6536312849162
 97 -115.6424581005587
 113 -113.6312849162011
 100 -111.6201117318436
 19 -109.608938547486
 28 -107.5977653631285
 23 -105.5865921787709
 7 -103.5754189944134
 2 -101.5642458100559
 0 -99.55307262569832
 1 -97.54189944134077
 4 -95.53072625698323
 4 -93.5195530726257
 7950 -91.50837988826815
 12 -89.49720670391061
 3 -87.48603351955308
 1 -85.47486033519553
 0 -83.46368715083798
 2 -81.45251396648044
 6 -79.44134078212289
 5 -77.43016759776536
 56 -75.41899441340782
 28 -73.40782122905027
 49 -71.39664804469274
 112 -69.38547486033519
 67 -67.37430167597765
 106 -65.3631284916201
 38 -63.35195530726256
 240 -61.34078212290503
 128 -59.32960893854748
 218 -57.31843575418993
 99 -55.3072625698324
 64 -53.29608938547486
 223 -51.28491620111731
 42 -49.27374301675977
 116 -47.26256983240222
 4 -45.25139664804468
 264 -43.24022346368713
 1 -41.22905027932961
 140 -39.21787709497207
 300 -37.20670391061452
 453 -35.19553072625698
 94 -33.18435754189943
 47 -31.17318435754188
 152 -29.16201117318434
 9 -27.15083798882682
 60 -25.13966480446928
 616 -23.12849162011173
 144 -21.11731843575419
 49 -19.10614525139664
 7 -17.09497206703909
 36 -15.08379888268155
 169 -13.072625698324
 1 -11.06145251396646
 520 -9.050279329608941
 2 -7.039106145251395
 134 -5.02793296089385
 24 -3.016759776536304
 0 -1.005586592178759
 21 1.005586592178787
 118 3.016759776536333
 2 5.02793296089385
 563 7.039106145251395
 7 9.050279329608941
 125 11.06145251396649
 48 13.07262569832403
 10 15.08379888268158
 66 17.09497206703912
 107 19.10614525139667
 524 21.11731843575421
 51 23.12849162011173
 88 25.13966480446928
 115 27.15083798882682
 46 29.16201117318437
 221 31.17318435754191
 310 33.18435754189946
 247 35.195530726257
 166 37.20670391061452
 33 39.21787709497207
 269 41.22905027932961
 3 43.24022346368716
 118 45.2513966480447
 61 47.26256983240225
 234 49.27374301675979
 75 51.28491620111734
 211 53.29608938547489
 86 55.3072625698324
 121 57.31843575418995
 231 59.32960893854749
 54 61.34078212290504
 107 63.35195530726259
 76 65.36312849162013
 107 67.37430167597768
 44 69.38547486033519
 23 71.39664804469274
 41 73.40782122905028
 7 75.41899441340783
 7 77.43016759776538
 2 79.44134078212289
 0 81.45251396648047
 2 83.46368715083798
 3 85.47486033519556
 12 87.48603351955308
 7384 89.49720670391065
 4 91.50837988826817
 4 93.51955307262574
 0 95.53072625698326
 0 97.54189944134077
 2 99.55307262569835
 10 101.5642458100559
 23 103.5754189944134
 34 105.586592178771
 26 107.5977653631285
 110 109.608938547486
 114 111.6201117318436
 121 113.6312849162011
 3 115.6424581005587
 184 117.6536312849162
 153 119.6648044692737
 86 121.6759776536313
 164 123.6871508379888
 155 125.6983240223464
 84 127.7094972067039
 146 129.7206703910614
 146 131.731843575419
 2 133.7430167597765
 104 135.7541899441341
 176 137.7653631284916
 72 139.7765363128492
 129 141.7877094972067
 429 143.7988826815642
 103 145.8100558659218
 211 147.8212290502793
 36 149.8324022346369
 144 151.8435754189944
 66 153.854748603352
 457 155.8659217877095
 43 157.8770949720671
 125 159.8882681564246
 70 161.8994413407821
 44 163.9106145251397
 22 165.9217877094972
 133 167.9329608938548
 210 169.9441340782123
 323 171.9553072625699
 0 173.9664804469274
 135 175.9776536312849
 4 177.9888268156425
 0 180


