# Created by Octave 3.8.2, Sat Jun 20 22:24:27 2020 CEST <damian@fptrucha.inv.usc.es>
# name: hd
# type: matrix
# rows: 180
# columns: 2
 4 -180
 143 -177.9888268156425
 4 -175.9776536312849
 364 -173.9664804469274
 249 -171.9553072625698
 157 -169.9441340782123
 34 -167.9329608938548
 37 -165.9217877094972
 51 -163.9106145251397
 136 -161.8994413407821
 41 -159.8882681564246
 627 -157.877094972067
 51 -155.8659217877095
 121 -153.854748603352
 37 -151.8435754189944
 69 -149.8324022346369
 190 -147.8212290502793
 622 -145.8100558659218
 119 -143.7988826815642
 86 -141.7877094972067
 180 -139.7765363128491
 99 -137.7653631284916
 3 -135.7541899441341
 146 -133.7430167597765
 147 -131.731843575419
 70 -129.7206703910614
 161 -127.7094972067039
 230 -125.6983240223464
 96 -123.6871508379888
 199 -121.6759776536313
 160 -119.6648044692737
 6 -117.6536312849162
 101 -115.6424581005587
 118 -113.6312849162011
 123 -111.6201117318436
 11 -109.608938547486
 23 -107.5977653631285
 23 -105.5865921787709
 4 -103.5754189944134
 0 -101.5642458100559
 2 -99.55307262569832
 0 -97.54189944134077
 2 -95.53072625698323
 5 -93.5195530726257
 8043 -91.50837988826815
 5 -89.49720670391061
 2 -87.48603351955308
 1 -85.47486033519553
 0 -83.46368715083798
 0 -81.45251396648044
 7 -79.44134078212289
 1 -77.43016759776536
 49 -75.41899441340782
 16 -73.40782122905027
 52 -71.39664804469274
 106 -69.38547486033519
 61 -67.37430167597765
 80 -65.3631284916201
 44 -63.35195530726256
 267 -61.34078212290503
 165 -59.32960893854748
 222 -57.31843575418993
 93 -55.3072625698324
 89 -53.29608938547486
 237 -51.28491620111731
 39 -49.27374301675977
 96 -47.26256983240222
 5 -45.25139664804468
 247 -43.24022346368713
 2 -41.22905027932961
 158 -39.21787709497207
 297 -37.20670391061452
 418 -35.19553072625698
 84 -33.18435754189943
 53 -31.17318435754188
 127 -29.16201117318434
 8 -27.15083798882682
 60 -25.13966480446928
 596 -23.12849162011173
 157 -21.11731843575419
 39 -19.10614525139664
 6 -17.09497206703909
 36 -15.08379888268155
 165 -13.072625698324
 5 -11.06145251396646
 574 -9.050279329608941
 1 -7.039106145251395
 133 -5.02793296089385
 18 -3.016759776536304
 1 -1.005586592178759
 12 1.005586592178787
 109 3.016759776536333
 2 5.02793296089385
 498 7.039106145251395
 6 9.050279329608941
 130 11.06145251396649
 45 13.07262569832403
 8 15.08379888268158
 52 17.09497206703912
 113 19.10614525139667
 511 21.11731843575421
 59 23.12849162011173
 86 25.13966480446928
 95 27.15083798882682
 53 29.16201117318437
 221 31.17318435754191
 283 33.18435754189946
 237 35.195530726257
 163 37.20670391061452
 39 39.21787709497207
 268 41.22905027932961
 1 43.24022346368716
 104 45.2513966480447
 53 47.26256983240225
 213 49.27374301675979
 88 51.28491620111734
 187 53.29608938547489
 66 55.3072625698324
 119 57.31843575418995
 243 59.32960893854749
 61 61.34078212290504
 97 63.35195530726259
 86 65.36312849162013
 120 67.37430167597768
 48 69.38547486033519
 32 71.39664804469274
 51 73.40782122905028
 6 75.41899441340783
 5 77.43016759776538
 3 79.44134078212289
 0 81.45251396648047
 0 83.46368715083798
 1 85.47486033519556
 12 87.48603351955308
 7683 89.49720670391065
 7 91.50837988826817
 0 93.51955307262574
 2 95.53072625698326
 0 97.54189944134077
 1 99.55307262569835
 9 101.5642458100559
 22 103.5754189944134
 40 105.586592178771
 21 107.5977653631285
 101 109.608938547486
 109 111.6201117318436
 129 113.6312849162011
 5 115.6424581005587
 213 117.6536312849162
 155 119.6648044692737
 90 121.6759776536313
 162 123.6871508379888
 163 125.6983240223464
 76 127.7094972067039
 162 129.7206703910614
 155 131.731843575419
 3 133.7430167597765
 119 135.7541899441341
 169 137.7653631284916
 104 139.7765363128492
 126 141.7877094972067
 423 143.7988826815642
 115 145.8100558659218
 177 147.8212290502793
 32 149.8324022346369
 168 151.8435754189944
 60 153.854748603352
 487 155.8659217877095
 42 157.8770949720671
 129 159.8882681564246
 83 161.8994413407821
 56 163.9106145251397
 18 165.9217877094972
 127 167.9329608938548
 230 169.9441340782123
 303 171.9553072625699
 6 173.9664804469274
 130 175.9776536312849
 3 177.9888268156425
 0 180


