# Created by Octave 3.8.2, Sun Jun 21 07:48:16 2020 CEST <damian@fptrucha.inv.usc.es>
# name: hd
# type: matrix
# rows: 180
# columns: 2
 5 -180
 159 -177.9888268156425
 5 -175.9776536312849
 358 -173.9664804469274
 231 -171.9553072625698
 168 -169.9441340782123
 26 -167.9329608938548
 35 -165.9217877094972
 54 -163.9106145251397
 182 -161.8994413407821
 43 -159.8882681564246
 624 -157.877094972067
 54 -155.8659217877095
 120 -153.854748603352
 46 -151.8435754189944
 56 -149.8324022346369
 181 -147.8212290502793
 629 -145.8100558659218
 99 -143.7988826815642
 99 -141.7877094972067
 166 -139.7765363128491
 111 -137.7653631284916
 3 -135.7541899441341
 147 -133.7430167597765
 159 -131.731843575419
 79 -129.7206703910614
 182 -127.7094972067039
 202 -125.6983240223464
 116 -123.6871508379888
 204 -121.6759776536313
 158 -119.6648044692737
 3 -117.6536312849162
 97 -115.6424581005587
 110 -113.6312849162011
 109 -111.6201117318436
 13 -109.608938547486
 28 -107.5977653631285
 34 -105.5865921787709
 10 -103.5754189944134
 3 -101.5642458100559
 0 -99.55307262569832
 2 -97.54189944134077
 2 -95.53072625698323
 5 -93.5195530726257
 8368 -91.50837988826815
 10 -89.49720670391061
 3 -87.48603351955308
 0 -85.47486033519553
 0 -83.46368715083798
 1 -81.45251396648044
 6 -79.44134078212289
 5 -77.43016759776536
 49 -75.41899441340782
 27 -73.40782122905027
 48 -71.39664804469274
 128 -69.38547486033519
 65 -67.37430167597765
 100 -65.3631284916201
 61 -63.35195530726256
 261 -61.34078212290503
 169 -59.32960893854748
 222 -57.31843575418993
 106 -55.3072625698324
 84 -53.29608938547486
 255 -51.28491620111731
 51 -49.27374301675977
 118 -47.26256983240222
 2 -45.25139664804468
 266 -43.24022346368713
 1 -41.22905027932961
 146 -39.21787709497207
 307 -37.20670391061452
 445 -35.19553072625698
 96 -33.18435754189943
 57 -31.17318435754188
 150 -29.16201117318434
 8 -27.15083798882682
 62 -25.13966480446928
 659 -23.12849162011173
 144 -21.11731843575419
 47 -19.10614525139664
 12 -17.09497206703909
 45 -15.08379888268155
 181 -13.072625698324
 5 -11.06145251396646
 546 -9.050279329608941
 2 -7.039106145251395
 147 -5.02793296089385
 19 -3.016759776536304
 0 -1.005586592178759
 19 1.005586592178787
 120 3.016759776536333
 2 5.02793296089385
 521 7.039106145251395
 4 9.050279329608941
 139 11.06145251396649
 33 13.07262569832403
 8 15.08379888268158
 55 17.09497206703912
 117 19.10614525139667
 482 21.11731843575421
 69 23.12849162011173
 88 25.13966480446928
 112 27.15083798882682
 54 29.16201117318437
 225 31.17318435754191
 288 33.18435754189946
 256 35.195530726257
 166 37.20670391061452
 42 39.21787709497207
 263 41.22905027932961
 2 43.24022346368716
 124 45.2513966480447
 71 47.26256983240225
 219 49.27374301675979
 80 51.28491620111734
 209 53.29608938547489
 71 55.3072625698324
 141 57.31843575418995
 249 59.32960893854749
 59 61.34078212290504
 116 63.35195530726259
 84 65.36312849162013
 122 67.37430167597768
 39 69.38547486033519
 32 71.39664804469274
 38 73.40782122905028
 6 75.41899441340783
 6 77.43016759776538
 3 79.44134078212289
 0 81.45251396648047
 1 83.46368715083798
 6 85.47486033519556
 6 87.48603351955308
 7528 89.49720670391065
 3 91.50837988826817
 2 93.51955307262574
 1 95.53072625698326
 0 97.54189944134077
 5 99.55307262569835
 6 101.5642458100559
 20 103.5754189944134
 38 105.586592178771
 25 107.5977653631285
 90 109.608938547486
 129 111.6201117318436
 119 113.6312849162011
 2 115.6424581005587
 180 117.6536312849162
 140 119.6648044692737
 73 121.6759776536313
 167 123.6871508379888
 157 125.6983240223464
 73 127.7094972067039
 157 129.7206703910614
 175 131.731843575419
 1 133.7430167597765
 110 135.7541899441341
 148 137.7653631284916
 116 139.7765363128492
 139 141.7877094972067
 447 143.7988826815642
 126 145.8100558659218
 243 147.8212290502793
 41 149.8324022346369
 143 151.8435754189944
 60 153.854748603352
 447 155.8659217877095
 55 157.8770949720671
 114 159.8882681564246
 89 161.8994413407821
 52 163.9106145251397
 12 165.9217877094972
 125 167.9329608938548
 222 169.9441340782123
 320 171.9553072625699
 2 173.9664804469274
 152 175.9776536312849
 2 177.9888268156425
 0 180


