# Created by Octave 3.8.2, Sat Jun 20 19:49:55 2020 CEST <damian@fptrucha.inv.usc.es>
# name: hd
# type: matrix
# rows: 180
# columns: 2
 1 -180
 179 -177.9888268156425
 3 -175.9776536312849
 357 -173.9664804469274
 214 -171.9553072625698
 171 -169.9441340782123
 39 -167.9329608938548
 29 -165.9217877094972
 49 -163.9106145251397
 157 -161.8994413407821
 27 -159.8882681564246
 640 -157.877094972067
 67 -155.8659217877095
 115 -153.854748603352
 46 -151.8435754189944
 50 -149.8324022346369
 215 -147.8212290502793
 637 -145.8100558659218
 130 -143.7988826815642
 77 -141.7877094972067
 144 -139.7765363128491
 102 -137.7653631284916
 2 -135.7541899441341
 142 -133.7430167597765
 138 -131.731843575419
 82 -129.7206703910614
 161 -127.7094972067039
 233 -125.6983240223464
 102 -123.6871508379888
 188 -121.6759776536313
 196 -119.6648044692737
 2 -117.6536312849162
 84 -115.6424581005587
 99 -113.6312849162011
 113 -111.6201117318436
 17 -109.608938547486
 37 -107.5977653631285
 16 -105.5865921787709
 13 -103.5754189944134
 1 -101.5642458100559
 0 -99.55307262569832
 1 -97.54189944134077
 1 -95.53072625698323
 8 -93.5195530726257
 8155 -91.50837988826815
 2 -89.49720670391061
 4 -87.48603351955308
 3 -85.47486033519553
 0 -83.46368715083798
 0 -81.45251396648044
 5 -79.44134078212289
 7 -77.43016759776536
 54 -75.41899441340782
 28 -73.40782122905027
 41 -71.39664804469274
 123 -69.38547486033519
 81 -67.37430167597765
 85 -65.3631284916201
 36 -63.35195530726256
 270 -61.34078212290503
 150 -59.32960893854748
 202 -57.31843575418993
 107 -55.3072625698324
 67 -53.29608938547486
 195 -51.28491620111731
 55 -49.27374301675977
 89 -47.26256983240222
 0 -45.25139664804468
 301 -43.24022346368713
 3 -41.22905027932961
 161 -39.21787709497207
 309 -37.20670391061452
 479 -35.19553072625698
 110 -33.18435754189943
 55 -31.17318435754188
 133 -29.16201117318434
 10 -27.15083798882682
 58 -25.13966480446928
 605 -23.12849162011173
 155 -21.11731843575419
 45 -19.10614525139664
 13 -17.09497206703909
 41 -15.08379888268155
 152 -13.072625698324
 7 -11.06145251396646
 566 -9.050279329608941
 2 -7.039106145251395
 135 -5.02793296089385
 23 -3.016759776536304
 0 -1.005586592178759
 14 1.005586592178787
 145 3.016759776536333
 1 5.02793296089385
 548 7.039106145251395
 5 9.050279329608941
 145 11.06145251396649
 39 13.07262569832403
 5 15.08379888268158
 47 17.09497206703912
 111 19.10614525139667
 495 21.11731843575421
 61 23.12849162011173
 87 25.13966480446928
 90 27.15083798882682
 55 29.16201117318437
 233 31.17318435754191
 322 33.18435754189946
 217 35.195530726257
 171 37.20670391061452
 31 39.21787709497207
 310 41.22905027932961
 1 43.24022346368716
 100 45.2513966480447
 55 47.26256983240225
 224 49.27374301675979
 86 51.28491620111734
 206 53.29608938547489
 87 55.3072625698324
 135 57.31843575418995
 234 59.32960893854749
 65 61.34078212290504
 101 63.35195530726259
 82 65.36312849162013
 102 67.37430167597768
 55 69.38547486033519
 30 71.39664804469274
 48 73.40782122905028
 10 75.41899441340783
 4 77.43016759776538
 4 79.44134078212289
 0 81.45251396648047
 0 83.46368715083798
 1 85.47486033519556
 8 87.48603351955308
 7577 89.49720670391065
 6 91.50837988826817
 2 93.51955307262574
 1 95.53072625698326
 0 97.54189944134077
 3 99.55307262569835
 15 101.5642458100559
 22 103.5754189944134
 41 105.586592178771
 16 107.5977653631285
 97 109.608938547486
 94 111.6201117318436
 111 113.6312849162011
 2 115.6424581005587
 220 117.6536312849162
 156 119.6648044692737
 68 121.6759776536313
 168 123.6871508379888
 173 125.6983240223464
 64 127.7094972067039
 160 129.7206703910614
 178 131.731843575419
 3 133.7430167597765
 117 135.7541899441341
 174 137.7653631284916
 92 139.7765363128492
 145 141.7877094972067
 476 143.7988826815642
 141 145.8100558659218
 219 147.8212290502793
 40 149.8324022346369
 135 151.8435754189944
 61 153.854748603352
 431 155.8659217877095
 68 157.8770949720671
 126 159.8882681564246
 79 161.8994413407821
 57 163.9106145251397
 17 165.9217877094972
 103 167.9329608938548
 204 169.9441340782123
 353 171.9553072625699
 4 173.9664804469274
 141 175.9776536312849
 3 177.9888268156425
 0 180


