# Created by Octave 3.8.2, Sat Jun 20 05:29:49 2020 CEST <damian@fptrucha.inv.usc.es>
# name: hd
# type: matrix
# rows: 180
# columns: 2
 4 -180
 183 -177.9888268156425
 3 -175.9776536312849
 456 -173.9664804469274
 288 -171.9553072625698
 178 -169.9441340782123
 39 -167.9329608938548
 42 -165.9217877094972
 75 -163.9106145251397
 186 -161.8994413407821
 47 -159.8882681564246
 683 -157.877094972067
 68 -155.8659217877095
 119 -153.854748603352
 49 -151.8435754189944
 62 -149.8324022346369
 263 -147.8212290502793
 712 -145.8100558659218
 150 -143.7988826815642
 89 -141.7877094972067
 206 -139.7765363128491
 116 -137.7653631284916
 2 -135.7541899441341
 184 -133.7430167597765
 180 -131.731843575419
 100 -129.7206703910614
 234 -127.7094972067039
 275 -125.6983240223464
 115 -123.6871508379888
 210 -121.6759776536313
 195 -119.6648044692737
 4 -117.6536312849162
 109 -115.6424581005587
 138 -113.6312849162011
 164 -111.6201117318436
 20 -109.608938547486
 46 -107.5977653631285
 29 -105.5865921787709
 11 -103.5754189944134
 3 -101.5642458100559
 0 -99.55307262569832
 0 -97.54189944134077
 0 -95.53072625698323
 5 -93.5195530726257
 9076 -91.50837988826815
 15 -89.49720670391061
 0 -87.48603351955308
 4 -85.47486033519553
 0 -83.46368715083798
 2 -81.45251396648044
 5 -79.44134078212289
 5 -77.43016759776536
 52 -75.41899441340782
 23 -73.40782122905027
 50 -71.39664804469274
 150 -69.38547486033519
 78 -67.37430167597765
 98 -65.3631284916201
 63 -63.35195530726256
 313 -61.34078212290503
 178 -59.32960893854748
 238 -57.31843575418993
 114 -55.3072625698324
 78 -53.29608938547486
 250 -51.28491620111731
 63 -49.27374301675977
 125 -47.26256983240222
 2 -45.25139664804468
 298 -43.24022346368713
 2 -41.22905027932961
 175 -39.21787709497207
 393 -37.20670391061452
 473 -35.19553072625698
 148 -33.18435754189943
 81 -31.17318435754188
 165 -29.16201117318434
 13 -27.15083798882682
 59 -25.13966480446928
 677 -23.12849162011173
 146 -21.11731843575419
 53 -19.10614525139664
 5 -17.09497206703909
 54 -15.08379888268155
 171 -13.072625698324
 7 -11.06145251396646
 588 -9.050279329608941
 4 -7.039106145251395
 158 -5.02793296089385
 26 -3.016759776536304
 2 -1.005586592178759
 21 1.005586592178787
 128 3.016759776536333
 3 5.02793296089385
 614 7.039106145251395
 13 9.050279329608941
 141 11.06145251396649
 52 13.07262569832403
 16 15.08379888268158
 66 17.09497206703912
 146 19.10614525139667
 546 21.11731843575421
 68 23.12849162011173
 91 25.13966480446928
 124 27.15083798882682
 57 29.16201117318437
 245 31.17318435754191
 352 33.18435754189946
 265 35.195530726257
 174 37.20670391061452
 37 39.21787709497207
 305 41.22905027932961
 2 43.24022346368716
 121 45.2513966480447
 48 47.26256983240225
 240 49.27374301675979
 97 51.28491620111734
 200 53.29608938547489
 89 55.3072625698324
 149 57.31843575418995
 273 59.32960893854749
 59 61.34078212290504
 118 63.35195530726259
 86 65.36312849162013
 106 67.37430167597768
 33 69.38547486033519
 33 71.39664804469274
 62 73.40782122905028
 4 75.41899441340783
 6 77.43016759776538
 1 79.44134078212289
 0 81.45251396648047
 0 83.46368715083798
 2 85.47486033519556
 10 87.48603351955308
 8416 89.49720670391065
 1 91.50837988826817
 0 93.51955307262574
 0 95.53072625698326
 0 97.54189944134077
 5 99.55307262569835
 14 101.5642458100559
 27 103.5754189944134
 43 105.586592178771
 23 107.5977653631285
 116 109.608938547486
 133 111.6201117318436
 146 113.6312849162011
 2 115.6424581005587
 212 117.6536312849162
 157 119.6648044692737
 113 121.6759776536313
 183 123.6871508379888
 149 125.6983240223464
 94 127.7094972067039
 188 129.7206703910614
 186 131.731843575419
 3 133.7430167597765
 149 135.7541899441341
 176 137.7653631284916
 110 139.7765363128492
 168 141.7877094972067
 516 143.7988826815642
 138 145.8100558659218
 206 147.8212290502793
 48 149.8324022346369
 188 151.8435754189944
 75 153.854748603352
 576 155.8659217877095
 50 157.8770949720671
 143 159.8882681564246
 74 161.8994413407821
 50 163.9106145251397
 12 165.9217877094972
 153 167.9329608938548
 240 169.9441340782123
 341 171.9553072625699
 2 173.9664804469274
 190 175.9776536312849
 1 177.9888268156425
 0 180


