# Created by Octave 3.8.2, Mon Jun 22 07:01:39 2020 CEST <damian@fptrucha.inv.usc.es>
# name: hd
# type: matrix
# rows: 180
# columns: 2
 2 -180
 169 -177.9888268156425
 5 -175.9776536312849
 342 -173.9664804469274
 196 -171.9553072625698
 123 -169.9441340782123
 19 -167.9329608938548
 23 -165.9217877094972
 72 -163.9106145251397
 130 -161.8994413407821
 48 -159.8882681564246
 508 -157.877094972067
 58 -155.8659217877095
 129 -153.854748603352
 66 -151.8435754189944
 71 -149.8324022346369
 233 -147.8212290502793
 513 -145.8100558659218
 112 -143.7988826815642
 90 -141.7877094972067
 174 -139.7765363128491
 134 -137.7653631284916
 1 -135.7541899441341
 171 -133.7430167597765
 158 -131.731843575419
 79 -129.7206703910614
 156 -127.7094972067039
 228 -125.6983240223464
 91 -123.6871508379888
 153 -121.6759776536313
 179 -119.6648044692737
 5 -117.6536312849162
 121 -115.6424581005587
 110 -113.6312849162011
 101 -111.6201117318436
 28 -109.608938547486
 41 -107.5977653631285
 32 -105.5865921787709
 13 -103.5754189944134
 6 -101.5642458100559
 1 -99.55307262569832
 2 -97.54189944134077
 1 -95.53072625698323
 7 -93.5195530726257
 7398 -91.50837988826815
 15 -89.49720670391061
 10 -87.48603351955308
 3 -85.47486033519553
 2 -83.46368715083798
 5 -81.45251396648044
 5 -79.44134078212289
 5 -77.43016759776536
 48 -75.41899441340782
 34 -73.40782122905027
 53 -71.39664804469274
 94 -69.38547486033519
 75 -67.37430167597765
 112 -65.3631284916201
 48 -63.35195530726256
 251 -61.34078212290503
 137 -59.32960893854748
 225 -57.31843575418993
 89 -55.3072625698324
 70 -53.29608938547486
 221 -51.28491620111731
 50 -49.27374301675977
 110 -47.26256983240222
 4 -45.25139664804468
 246 -43.24022346368713
 4 -41.22905027932961
 145 -39.21787709497207
 277 -37.20670391061452
 408 -35.19553072625698
 122 -33.18435754189943
 62 -31.17318435754188
 153 -29.16201117318434
 7 -27.15083798882682
 66 -25.13966480446928
 530 -23.12849162011173
 138 -21.11731843575419
 46 -19.10614525139664
 20 -17.09497206703909
 34 -15.08379888268155
 146 -13.072625698324
 7 -11.06145251396646
 561 -9.050279329608941
 0 -7.039106145251395
 127 -5.02793296089385
 20 -3.016759776536304
 8 -1.005586592178759
 22 1.005586592178787
 112 3.016759776536333
 2 5.02793296089385
 515 7.039106145251395
 6 9.050279329608941
 133 11.06145251396649
 44 13.07262569832403
 14 15.08379888268158
 44 17.09497206703912
 127 19.10614525139667
 477 21.11731843575421
 70 23.12849162011173
 67 25.13966480446928
 101 27.15083798882682
 64 29.16201117318437
 196 31.17318435754191
 314 33.18435754189946
 228 35.195530726257
 137 37.20670391061452
 34 39.21787709497207
 266 41.22905027932961
 3 43.24022346368716
 111 45.2513966480447
 49 47.26256983240225
 218 49.27374301675979
 79 51.28491620111734
 208 53.29608938547489
 84 55.3072625698324
 136 57.31843575418995
 240 59.32960893854749
 43 61.34078212290504
 128 63.35195530726259
 81 65.36312849162013
 93 67.37430167597768
 43 69.38547486033519
 23 71.39664804469274
 51 73.40782122905028
 16 75.41899441340783
 6 77.43016759776538
 3 79.44134078212289
 0 81.45251396648047
 1 83.46368715083798
 3 85.47486033519556
 17 87.48603351955308
 7096 89.49720670391065
 10 91.50837988826817
 5 93.51955307262574
 0 95.53072625698326
 3 97.54189944134077
 3 99.55307262569835
 18 101.5642458100559
 38 103.5754189944134
 22 105.586592178771
 21 107.5977653631285
 101 109.608938547486
 122 111.6201117318436
 119 113.6312849162011
 3 115.6424581005587
 192 117.6536312849162
 177 119.6648044692737
 99 121.6759776536313
 159 123.6871508379888
 187 125.6983240223464
 73 127.7094972067039
 144 129.7206703910614
 191 131.731843575419
 3 133.7430167597765
 120 135.7541899441341
 131 137.7653631284916
 98 139.7765363128492
 127 141.7877094972067
 482 143.7988826815642
 116 145.8100558659218
 185 147.8212290502793
 52 149.8324022346369
 129 151.8435754189944
 73 153.854748603352
 460 155.8659217877095
 49 157.8770949720671
 157 159.8882681564246
 67 161.8994413407821
 45 163.9106145251397
 15 165.9217877094972
 125 167.9329608938548
 223 169.9441340782123
 302 171.9553072625699
 7 173.9664804469274
 162 175.9776536312849
 8 177.9888268156425
 0 180


