# Created by Octave 3.8.2, Mon Jun 22 16:17:52 2020 CEST <damian@fptrucha.inv.usc.es>
# name: hd
# type: matrix
# rows: 180
# columns: 2
 2 -180
 100 -177.9888268156425
 4 -175.9776536312849
 273 -173.9664804469274
 167 -171.9553072625698
 90 -169.9441340782123
 30 -167.9329608938548
 30 -165.9217877094972
 42 -163.9106145251397
 94 -161.8994413407821
 30 -159.8882681564246
 380 -157.877094972067
 44 -155.8659217877095
 97 -153.854748603352
 25 -151.8435754189944
 51 -149.8324022346369
 193 -147.8212290502793
 426 -145.8100558659218
 78 -143.7988826815642
 65 -141.7877094972067
 116 -139.7765363128491
 98 -137.7653631284916
 5 -135.7541899441341
 113 -133.7430167597765
 120 -131.731843575419
 60 -129.7206703910614
 137 -127.7094972067039
 170 -125.6983240223464
 69 -123.6871508379888
 125 -121.6759776536313
 131 -119.6648044692737
 0 -117.6536312849162
 82 -115.6424581005587
 80 -113.6312849162011
 84 -111.6201117318436
 17 -109.608938547486
 23 -107.5977653631285
 19 -105.5865921787709
 14 -103.5754189944134
 0 -101.5642458100559
 2 -99.55307262569832
 1 -97.54189944134077
 2 -95.53072625698323
 5 -93.5195530726257
 5458 -91.50837988826815
 8 -89.49720670391061
 4 -87.48603351955308
 2 -85.47486033519553
 0 -83.46368715083798
 1 -81.45251396648044
 7 -79.44134078212289
 4 -77.43016759776536
 38 -75.41899441340782
 21 -73.40782122905027
 39 -71.39664804469274
 81 -69.38547486033519
 37 -67.37430167597765
 69 -65.3631284916201
 37 -63.35195530726256
 162 -61.34078212290503
 97 -59.32960893854748
 148 -57.31843575418993
 62 -55.3072625698324
 48 -53.29608938547486
 144 -51.28491620111731
 43 -49.27374301675977
 81 -47.26256983240222
 1 -45.25139664804468
 183 -43.24022346368713
 2 -41.22905027932961
 133 -39.21787709497207
 226 -37.20670391061452
 308 -35.19553072625698
 82 -33.18435754189943
 36 -31.17318435754188
 109 -29.16201117318434
 8 -27.15083798882682
 42 -25.13966480446928
 406 -23.12849162011173
 97 -21.11731843575419
 39 -19.10614525139664
 10 -17.09497206703909
 25 -15.08379888268155
 113 -13.072625698324
 9 -11.06145251396646
 383 -9.050279329608941
 3 -7.039106145251395
 107 -5.02793296089385
 11 -3.016759776536304
 2 -1.005586592178759
 17 1.005586592178787
 77 3.016759776536333
 1 5.02793296089385
 377 7.039106145251395
 4 9.050279329608941
 103 11.06145251396649
 42 13.07262569832403
 5 15.08379888268158
 39 17.09497206703912
 82 19.10614525139667
 327 21.11731843575421
 46 23.12849162011173
 42 25.13966480446928
 90 27.15083798882682
 43 29.16201117318437
 143 31.17318435754191
 242 33.18435754189946
 162 35.195530726257
 108 37.20670391061452
 29 39.21787709497207
 198 41.22905027932961
 0 43.24022346368716
 74 45.2513966480447
 45 47.26256983240225
 156 49.27374301675979
 56 51.28491620111734
 120 53.29608938547489
 58 55.3072625698324
 99 57.31843575418995
 163 59.32960893854749
 45 61.34078212290504
 78 63.35195530726259
 61 65.36312849162013
 80 67.37430167597768
 27 69.38547486033519
 23 71.39664804469274
 42 73.40782122905028
 6 75.41899441340783
 11 77.43016759776538
 3 79.44134078212289
 0 81.45251396648047
 1 83.46368715083798
 3 85.47486033519556
 16 87.48603351955308
 5170 89.49720670391065
 5 91.50837988826817
 0 93.51955307262574
 1 95.53072625698326
 0 97.54189944134077
 6 99.55307262569835
 7 101.5642458100559
 16 103.5754189944134
 28 105.586592178771
 14 107.5977653631285
 77 109.608938547486
 74 111.6201117318436
 93 113.6312849162011
 4 115.6424581005587
 137 117.6536312849162
 131 119.6648044692737
 51 121.6759776536313
 103 123.6871508379888
 136 125.6983240223464
 69 127.7094972067039
 107 129.7206703910614
 120 131.731843575419
 1 133.7430167597765
 70 135.7541899441341
 121 137.7653631284916
 78 139.7765363128492
 96 141.7877094972067
 316 143.7988826815642
 70 145.8100558659218
 136 147.8212290502793
 28 149.8324022346369
 93 151.8435754189944
 46 153.854748603352
 319 155.8659217877095
 29 157.8770949720671
 113 159.8882681564246
 45 161.8994413407821
 31 163.9106145251397
 19 165.9217877094972
 85 167.9329608938548
 140 169.9441340782123
 236 171.9553072625699
 3 173.9664804469274
 112 175.9776536312849
 6 177.9888268156425
 0 180


