# Created by Octave 3.8.2, Mon Jun 22 18:34:22 2020 CEST <damian@fptrucha.inv.usc.es>
# name: hd
# type: matrix
# rows: 180
# columns: 2
 4 -180
 183 -177.9888268156425
 1 -175.9776536312849
 394 -173.9664804469274
 259 -171.9553072625698
 139 -169.9441340782123
 31 -167.9329608938548
 36 -165.9217877094972
 62 -163.9106145251397
 155 -161.8994413407821
 49 -159.8882681564246
 574 -157.877094972067
 73 -155.8659217877095
 130 -153.854748603352
 49 -151.8435754189944
 65 -149.8324022346369
 227 -147.8212290502793
 607 -145.8100558659218
 141 -143.7988826815642
 89 -141.7877094972067
 183 -139.7765363128491
 113 -137.7653631284916
 1 -135.7541899441341
 177 -133.7430167597765
 154 -131.731843575419
 88 -129.7206703910614
 196 -127.7094972067039
 229 -125.6983240223464
 96 -123.6871508379888
 177 -121.6759776536313
 206 -119.6648044692737
 3 -117.6536312849162
 143 -115.6424581005587
 130 -113.6312849162011
 130 -111.6201117318436
 25 -109.608938547486
 44 -107.5977653631285
 20 -105.5865921787709
 21 -103.5754189944134
 6 -101.5642458100559
 0 -99.55307262569832
 1 -97.54189944134077
 3 -95.53072625698323
 16 -93.5195530726257
 8368 -91.50837988826815
 15 -89.49720670391061
 6 -87.48603351955308
 1 -85.47486033519553
 0 -83.46368715083798
 3 -81.45251396648044
 9 -79.44134078212289
 7 -77.43016759776536
 62 -75.41899441340782
 40 -73.40782122905027
 51 -71.39664804469274
 131 -69.38547486033519
 84 -67.37430167597765
 110 -65.3631284916201
 61 -63.35195530726256
 269 -61.34078212290503
 146 -59.32960893854748
 247 -57.31843575418993
 108 -55.3072625698324
 83 -53.29608938547486
 231 -51.28491620111731
 75 -49.27374301675977
 113 -47.26256983240222
 8 -45.25139664804468
 308 -43.24022346368713
 2 -41.22905027932961
 181 -39.21787709497207
 314 -37.20670391061452
 466 -35.19553072625698
 141 -33.18435754189943
 75 -31.17318435754188
 183 -29.16201117318434
 7 -27.15083798882682
 65 -25.13966480446928
 582 -23.12849162011173
 148 -21.11731843575419
 54 -19.10614525139664
 12 -17.09497206703909
 48 -15.08379888268155
 158 -13.072625698324
 15 -11.06145251396646
 603 -9.050279329608941
 2 -7.039106145251395
 137 -5.02793296089385
 26 -3.016759776536304
 4 -1.005586592178759
 35 1.005586592178787
 153 3.016759776536333
 3 5.02793296089385
 615 7.039106145251395
 14 9.050279329608941
 161 11.06145251396649
 52 13.07262569832403
 12 15.08379888268158
 52 17.09497206703912
 122 19.10614525139667
 574 21.11731843575421
 61 23.12849162011173
 73 25.13966480446928
 103 27.15083798882682
 56 29.16201117318437
 223 31.17318435754191
 318 33.18435754189946
 305 35.195530726257
 173 37.20670391061452
 39 39.21787709497207
 323 41.22905027932961
 3 43.24022346368716
 99 45.2513966480447
 60 47.26256983240225
 220 49.27374301675979
 73 51.28491620111734
 184 53.29608938547489
 82 55.3072625698324
 148 57.31843575418995
 277 59.32960893854749
 55 61.34078212290504
 137 63.35195530726259
 83 65.36312849162013
 110 67.37430167597768
 42 69.38547486033519
 35 71.39664804469274
 45 73.40782122905028
 11 75.41899441340783
 11 77.43016759776538
 5 79.44134078212289
 2 81.45251396648047
 2 83.46368715083798
 12 85.47486033519556
 13 87.48603351955308
 7661 89.49720670391065
 10 91.50837988826817
 5 93.51955307262574
 1 95.53072625698326
 0 97.54189944134077
 3 99.55307262569835
 19 101.5642458100559
 25 103.5754189944134
 53 105.586592178771
 20 107.5977653631285
 126 109.608938547486
 129 111.6201117318436
 143 113.6312849162011
 5 115.6424581005587
 193 117.6536312849162
 161 119.6648044692737
 106 121.6759776536313
 166 123.6871508379888
 180 125.6983240223464
 84 127.7094972067039
 151 129.7206703910614
 199 131.731843575419
 2 133.7430167597765
 99 135.7541899441341
 189 137.7653631284916
 105 139.7765363128492
 130 141.7877094972067
 477 143.7988826815642
 126 145.8100558659218
 217 147.8212290502793
 53 149.8324022346369
 141 151.8435754189944
 67 153.854748603352
 493 155.8659217877095
 51 157.8770949720671
 148 159.8882681564246
 75 161.8994413407821
 42 163.9106145251397
 25 165.9217877094972
 163 167.9329608938548
 244 169.9441340782123
 352 171.9553072625699
 2 173.9664804469274
 167 175.9776536312849
 3 177.9888268156425
 0 180


