# Created by Octave 3.8.2, Mon Jun 22 16:41:50 2020 CEST <damian@fptrucha.inv.usc.es>
# name: hd
# type: matrix
# rows: 180
# columns: 2
 2 -180
 170 -177.9888268156425
 6 -175.9776536312849
 373 -173.9664804469274
 247 -171.9553072625698
 154 -169.9441340782123
 37 -167.9329608938548
 40 -165.9217877094972
 61 -163.9106145251397
 177 -161.8994413407821
 48 -159.8882681564246
 587 -157.877094972067
 67 -155.8659217877095
 139 -153.854748603352
 55 -151.8435754189944
 66 -149.8324022346369
 224 -147.8212290502793
 631 -145.8100558659218
 130 -143.7988826815642
 101 -141.7877094972067
 206 -139.7765363128491
 118 -137.7653631284916
 1 -135.7541899441341
 172 -133.7430167597765
 194 -131.731843575419
 83 -129.7206703910614
 197 -127.7094972067039
 212 -125.6983240223464
 105 -123.6871508379888
 152 -121.6759776536313
 212 -119.6648044692737
 2 -117.6536312849162
 126 -115.6424581005587
 112 -113.6312849162011
 121 -111.6201117318436
 26 -109.608938547486
 39 -107.5977653631285
 26 -105.5865921787709
 15 -103.5754189944134
 2 -101.5642458100559
 0 -99.55307262569832
 1 -97.54189944134077
 1 -95.53072625698323
 5 -93.5195530726257
 8152 -91.50837988826815
 14 -89.49720670391061
 5 -87.48603351955308
 1 -85.47486033519553
 1 -83.46368715083798
 2 -81.45251396648044
 9 -79.44134078212289
 7 -77.43016759776536
 46 -75.41899441340782
 36 -73.40782122905027
 59 -71.39664804469274
 109 -69.38547486033519
 92 -67.37430167597765
 117 -65.3631284916201
 58 -63.35195530726256
 257 -61.34078212290503
 155 -59.32960893854748
 200 -57.31843575418993
 101 -55.3072625698324
 66 -53.29608938547486
 242 -51.28491620111731
 72 -49.27374301675977
 150 -47.26256983240222
 3 -45.25139664804468
 285 -43.24022346368713
 4 -41.22905027932961
 170 -39.21787709497207
 307 -37.20670391061452
 447 -35.19553072625698
 120 -33.18435754189943
 75 -31.17318435754188
 154 -29.16201117318434
 15 -27.15083798882682
 63 -25.13966480446928
 623 -23.12849162011173
 145 -21.11731843575419
 50 -19.10614525139664
 18 -17.09497206703909
 54 -15.08379888268155
 156 -13.072625698324
 15 -11.06145251396646
 573 -9.050279329608941
 1 -7.039106145251395
 135 -5.02793296089385
 21 -3.016759776536304
 5 -1.005586592178759
 19 1.005586592178787
 135 3.016759776536333
 1 5.02793296089385
 574 7.039106145251395
 4 9.050279329608941
 144 11.06145251396649
 48 13.07262569832403
 14 15.08379888268158
 61 17.09497206703912
 138 19.10614525139667
 559 21.11731843575421
 68 23.12849162011173
 88 25.13966480446928
 93 27.15083798882682
 57 29.16201117318437
 213 31.17318435754191
 309 33.18435754189946
 262 35.195530726257
 141 37.20670391061452
 41 39.21787709497207
 302 41.22905027932961
 3 43.24022346368716
 129 45.2513966480447
 85 47.26256983240225
 259 49.27374301675979
 90 51.28491620111734
 202 53.29608938547489
 89 55.3072625698324
 153 57.31843575418995
 268 59.32960893854749
 58 61.34078212290504
 130 63.35195530726259
 80 65.36312849162013
 137 67.37430167597768
 68 69.38547486033519
 39 71.39664804469274
 58 73.40782122905028
 10 75.41899441340783
 8 77.43016759776538
 3 79.44134078212289
 3 81.45251396648047
 2 83.46368715083798
 4 85.47486033519556
 27 87.48603351955308
 7746 89.49720670391065
 12 91.50837988826817
 6 93.51955307262574
 1 95.53072625698326
 0 97.54189944134077
 5 99.55307262569835
 22 101.5642458100559
 14 103.5754189944134
 44 105.586592178771
 21 107.5977653631285
 121 109.608938547486
 156 111.6201117318436
 112 113.6312849162011
 3 115.6424581005587
 208 117.6536312849162
 179 119.6648044692737
 90 121.6759776536313
 192 123.6871508379888
 193 125.6983240223464
 102 127.7094972067039
 163 129.7206703910614
 192 131.731843575419
 5 133.7430167597765
 121 135.7541899441341
 188 137.7653631284916
 110 139.7765363128492
 138 141.7877094972067
 495 143.7988826815642
 119 145.8100558659218
 201 147.8212290502793
 47 149.8324022346369
 145 151.8435754189944
 55 153.854748603352
 519 155.8659217877095
 49 157.8770949720671
 156 159.8882681564246
 69 161.8994413407821
 41 163.9106145251397
 25 165.9217877094972
 130 167.9329608938548
 223 169.9441340782123
 353 171.9553072625699
 7 173.9664804469274
 149 175.9776536312849
 6 177.9888268156425
 0 180


