# Created by Octave 3.8.2, Sat Jun 20 15:09:31 2020 CEST <damian@fptrucha.inv.usc.es>
# name: hd
# type: matrix
# rows: 180
# columns: 2
 3 -180
 151 -177.9888268156425
 1 -175.9776536312849
 383 -173.9664804469274
 248 -171.9553072625698
 138 -169.9441340782123
 26 -167.9329608938548
 38 -165.9217877094972
 47 -163.9106145251397
 154 -161.8994413407821
 42 -159.8882681564246
 641 -157.877094972067
 61 -155.8659217877095
 127 -153.854748603352
 40 -151.8435754189944
 51 -149.8324022346369
 204 -147.8212290502793
 666 -145.8100558659218
 136 -143.7988826815642
 97 -141.7877094972067
 207 -139.7765363128491
 112 -137.7653631284916
 1 -135.7541899441341
 151 -133.7430167597765
 169 -131.731843575419
 79 -129.7206703910614
 160 -127.7094972067039
 222 -125.6983240223464
 106 -123.6871508379888
 202 -121.6759776536313
 184 -119.6648044692737
 5 -117.6536312849162
 108 -115.6424581005587
 109 -113.6312849162011
 130 -111.6201117318436
 11 -109.608938547486
 30 -107.5977653631285
 23 -105.5865921787709
 5 -103.5754189944134
 2 -101.5642458100559
 1 -99.55307262569832
 0 -97.54189944134077
 0 -95.53072625698323
 6 -93.5195530726257
 8358 -91.50837988826815
 9 -89.49720670391061
 3 -87.48603351955308
 1 -85.47486033519553
 2 -83.46368715083798
 3 -81.45251396648044
 3 -79.44134078212289
 4 -77.43016759776536
 53 -75.41899441340782
 27 -73.40782122905027
 51 -71.39664804469274
 115 -69.38547486033519
 72 -67.37430167597765
 91 -65.3631284916201
 56 -63.35195530726256
 282 -61.34078212290503
 143 -59.32960893854748
 215 -57.31843575418993
 78 -55.3072625698324
 84 -53.29608938547486
 204 -51.28491620111731
 52 -49.27374301675977
 96 -47.26256983240222
 3 -45.25139664804468
 291 -43.24022346368713
 3 -41.22905027932961
 146 -39.21787709497207
 297 -37.20670391061452
 495 -35.19553072625698
 87 -33.18435754189943
 52 -31.17318435754188
 179 -29.16201117318434
 10 -27.15083798882682
 65 -25.13966480446928
 657 -23.12849162011173
 154 -21.11731843575419
 47 -19.10614525139664
 8 -17.09497206703909
 44 -15.08379888268155
 164 -13.072625698324
 4 -11.06145251396646
 585 -9.050279329608941
 2 -7.039106145251395
 128 -5.02793296089385
 22 -3.016759776536304
 2 -1.005586592178759
 28 1.005586592178787
 154 3.016759776536333
 3 5.02793296089385
 586 7.039106145251395
 8 9.050279329608941
 140 11.06145251396649
 62 13.07262569832403
 6 15.08379888268158
 62 17.09497206703912
 119 19.10614525139667
 543 21.11731843575421
 47 23.12849162011173
 87 25.13966480446928
 123 27.15083798882682
 55 29.16201117318437
 242 31.17318435754191
 320 33.18435754189946
 247 35.195530726257
 186 37.20670391061452
 37 39.21787709497207
 340 41.22905027932961
 4 43.24022346368716
 125 45.2513966480447
 53 47.26256983240225
 229 49.27374301675979
 79 51.28491620111734
 217 53.29608938547489
 82 55.3072625698324
 143 57.31843575418995
 260 59.32960893854749
 58 61.34078212290504
 104 63.35195530726259
 60 65.36312849162013
 115 67.37430167597768
 57 69.38547486033519
 30 71.39664804469274
 44 73.40782122905028
 9 75.41899441340783
 11 77.43016759776538
 1 79.44134078212289
 0 81.45251396648047
 0 83.46368715083798
 3 85.47486033519556
 11 87.48603351955308
 7938 89.49720670391065
 8 91.50837988826817
 1 93.51955307262574
 0 95.53072625698326
 0 97.54189944134077
 0 99.55307262569835
 10 101.5642458100559
 17 103.5754189944134
 44 105.586592178771
 25 107.5977653631285
 117 109.608938547486
 136 111.6201117318436
 128 113.6312849162011
 2 115.6424581005587
 195 117.6536312849162
 166 119.6648044692737
 92 121.6759776536313
 187 123.6871508379888
 210 125.6983240223464
 106 127.7094972067039
 188 129.7206703910614
 181 131.731843575419
 2 133.7430167597765
 135 135.7541899441341
 177 137.7653631284916
 100 139.7765363128492
 154 141.7877094972067
 523 143.7988826815642
 129 145.8100558659218
 208 147.8212290502793
 37 149.8324022346369
 165 151.8435754189944
 71 153.854748603352
 539 155.8659217877095
 71 157.8770949720671
 145 159.8882681564246
 66 161.8994413407821
 37 163.9106145251397
 19 165.9217877094972
 136 167.9329608938548
 214 169.9441340782123
 327 171.9553072625699
 3 173.9664804469274
 168 175.9776536312849
 4 177.9888268156425
 0 180


