# Created by Octave 3.8.2, Mon Jun 22 14:38:36 2020 CEST <damian@fptrucha.inv.usc.es>
# name: hd
# type: matrix
# rows: 180
# columns: 2
 5 -180
 195 -177.9888268156425
 5 -175.9776536312849
 353 -173.9664804469274
 240 -171.9553072625698
 146 -169.9441340782123
 30 -167.9329608938548
 38 -165.9217877094972
 68 -163.9106145251397
 149 -161.8994413407821
 47 -159.8882681564246
 542 -157.877094972067
 66 -155.8659217877095
 128 -153.854748603352
 43 -151.8435754189944
 88 -149.8324022346369
 229 -147.8212290502793
 565 -145.8100558659218
 142 -143.7988826815642
 99 -141.7877094972067
 161 -139.7765363128491
 137 -137.7653631284916
 2 -135.7541899441341
 173 -133.7430167597765
 162 -131.731843575419
 74 -129.7206703910614
 150 -127.7094972067039
 228 -125.6983240223464
 93 -123.6871508379888
 179 -121.6759776536313
 206 -119.6648044692737
 3 -117.6536312849162
 118 -115.6424581005587
 109 -113.6312849162011
 118 -111.6201117318436
 25 -109.608938547486
 40 -107.5977653631285
 21 -105.5865921787709
 20 -103.5754189944134
 3 -101.5642458100559
 1 -99.55307262569832
 0 -97.54189944134077
 3 -95.53072625698323
 5 -93.5195530726257
 8244 -91.50837988826815
 15 -89.49720670391061
 5 -87.48603351955308
 2 -85.47486033519553
 0 -83.46368715083798
 2 -81.45251396648044
 7 -79.44134078212289
 10 -77.43016759776536
 45 -75.41899441340782
 28 -73.40782122905027
 42 -71.39664804469274
 112 -69.38547486033519
 68 -67.37430167597765
 100 -65.3631284916201
 58 -63.35195530726256
 275 -61.34078212290503
 144 -59.32960893854748
 203 -57.31843575418993
 95 -55.3072625698324
 69 -53.29608938547486
 226 -51.28491620111731
 56 -49.27374301675977
 131 -47.26256983240222
 0 -45.25139664804468
 318 -43.24022346368713
 4 -41.22905027932961
 157 -39.21787709497207
 259 -37.20670391061452
 434 -35.19553072625698
 106 -33.18435754189943
 66 -31.17318435754188
 154 -29.16201117318434
 9 -27.15083798882682
 69 -25.13966480446928
 548 -23.12849162011173
 118 -21.11731843575419
 57 -19.10614525139664
 20 -17.09497206703909
 44 -15.08379888268155
 163 -13.072625698324
 12 -11.06145251396646
 605 -9.050279329608941
 1 -7.039106145251395
 127 -5.02793296089385
 17 -3.016759776536304
 6 -1.005586592178759
 19 1.005586592178787
 126 3.016759776536333
 4 5.02793296089385
 539 7.039106145251395
 5 9.050279329608941
 124 11.06145251396649
 51 13.07262569832403
 9 15.08379888268158
 42 17.09497206703912
 110 19.10614525139667
 550 21.11731843575421
 54 23.12849162011173
 74 25.13966480446928
 114 27.15083798882682
 62 29.16201117318437
 201 31.17318435754191
 328 33.18435754189946
 238 35.195530726257
 154 37.20670391061452
 39 39.21787709497207
 312 41.22905027932961
 6 43.24022346368716
 122 45.2513966480447
 67 47.26256983240225
 263 49.27374301675979
 87 51.28491620111734
 212 53.29608938547489
 79 55.3072625698324
 152 57.31843575418995
 298 59.32960893854749
 60 61.34078212290504
 113 63.35195530726259
 72 65.36312849162013
 131 67.37430167597768
 59 69.38547486033519
 24 71.39664804469274
 49 73.40782122905028
 8 75.41899441340783
 16 77.43016759776538
 4 79.44134078212289
 0 81.45251396648047
 1 83.46368715083798
 4 85.47486033519556
 20 87.48603351955308
 7735 89.49720670391065
 9 91.50837988826817
 3 93.51955307262574
 2 95.53072625698326
 0 97.54189944134077
 3 99.55307262569835
 24 101.5642458100559
 28 103.5754189944134
 48 105.586592178771
 26 107.5977653631285
 136 109.608938547486
 136 111.6201117318436
 144 113.6312849162011
 6 115.6424581005587
 231 117.6536312849162
 169 119.6648044692737
 88 121.6759776536313
 193 123.6871508379888
 150 125.6983240223464
 79 127.7094972067039
 160 129.7206703910614
 197 131.731843575419
 4 133.7430167597765
 113 135.7541899441341
 180 137.7653631284916
 123 139.7765363128492
 139 141.7877094972067
 521 143.7988826815642
 121 145.8100558659218
 198 147.8212290502793
 44 149.8324022346369
 138 151.8435754189944
 62 153.854748603352
 473 155.8659217877095
 47 157.8770949720671
 136 159.8882681564246
 80 161.8994413407821
 45 163.9106145251397
 27 165.9217877094972
 158 167.9329608938548
 241 169.9441340782123
 328 171.9553072625699
 8 173.9664804469274
 170 175.9776536312849
 6 177.9888268156425
 0 180


