# Created by Octave 3.8.2, Sat Jun 20 10:30:14 2020 CEST <damian@fptrucha.inv.usc.es>
# name: hd
# type: matrix
# rows: 180
# columns: 2
 1 -180
 179 -177.9888268156425
 4 -175.9776536312849
 425 -173.9664804469274
 247 -171.9553072625698
 170 -169.9441340782123
 33 -167.9329608938548
 42 -165.9217877094972
 65 -163.9106145251397
 167 -161.8994413407821
 36 -159.8882681564246
 704 -157.877094972067
 68 -155.8659217877095
 135 -153.854748603352
 30 -151.8435754189944
 79 -149.8324022346369
 233 -147.8212290502793
 679 -145.8100558659218
 145 -143.7988826815642
 95 -141.7877094972067
 176 -139.7765363128491
 101 -137.7653631284916
 2 -135.7541899441341
 174 -133.7430167597765
 162 -131.731843575419
 88 -129.7206703910614
 216 -127.7094972067039
 260 -125.6983240223464
 116 -123.6871508379888
 204 -121.6759776536313
 208 -119.6648044692737
 5 -117.6536312849162
 111 -115.6424581005587
 133 -113.6312849162011
 138 -111.6201117318436
 18 -109.608938547486
 35 -107.5977653631285
 28 -105.5865921787709
 12 -103.5754189944134
 6 -101.5642458100559
 0 -99.55307262569832
 1 -97.54189944134077
 4 -95.53072625698323
 7 -93.5195530726257
 8899 -91.50837988826815
 8 -89.49720670391061
 4 -87.48603351955308
 0 -85.47486033519553
 0 -83.46368715083798
 3 -81.45251396648044
 4 -79.44134078212289
 6 -77.43016759776536
 54 -75.41899441340782
 27 -73.40782122905027
 48 -71.39664804469274
 142 -69.38547486033519
 95 -67.37430167597765
 105 -65.3631284916201
 58 -63.35195530726256
 291 -61.34078212290503
 190 -59.32960893854748
 247 -57.31843575418993
 106 -55.3072625698324
 79 -53.29608938547486
 207 -51.28491620111731
 65 -49.27374301675977
 125 -47.26256983240222
 0 -45.25139664804468
 300 -43.24022346368713
 5 -41.22905027932961
 158 -39.21787709497207
 318 -37.20670391061452
 501 -35.19553072625698
 129 -33.18435754189943
 65 -31.17318435754188
 180 -29.16201117318434
 13 -27.15083798882682
 71 -25.13966480446928
 697 -23.12849162011173
 158 -21.11731843575419
 62 -19.10614525139664
 8 -17.09497206703909
 53 -15.08379888268155
 157 -13.072625698324
 8 -11.06145251396646
 605 -9.050279329608941
 3 -7.039106145251395
 123 -5.02793296089385
 26 -3.016759776536304
 1 -1.005586592178759
 29 1.005586592178787
 129 3.016759776536333
 3 5.02793296089385
 631 7.039106145251395
 6 9.050279329608941
 138 11.06145251396649
 39 13.07262569832403
 15 15.08379888268158
 80 17.09497206703912
 137 19.10614525139667
 578 21.11731843575421
 76 23.12849162011173
 111 25.13966480446928
 117 27.15083798882682
 70 29.16201117318437
 252 31.17318435754191
 369 33.18435754189946
 260 35.195530726257
 182 37.20670391061452
 43 39.21787709497207
 316 41.22905027932961
 2 43.24022346368716
 131 45.2513966480447
 74 47.26256983240225
 243 49.27374301675979
 90 51.28491620111734
 211 53.29608938547489
 86 55.3072625698324
 155 57.31843575418995
 286 59.32960893854749
 58 61.34078212290504
 140 63.35195530726259
 98 65.36312849162013
 113 67.37430167597768
 51 69.38547486033519
 41 71.39664804469274
 50 73.40782122905028
 7 75.41899441340783
 6 77.43016759776538
 1 79.44134078212289
 0 81.45251396648047
 1 83.46368715083798
 3 85.47486033519556
 8 87.48603351955308
 8604 89.49720670391065
 5 91.50837988826817
 4 93.51955307262574
 1 95.53072625698326
 1 97.54189944134077
 4 99.55307262569835
 18 101.5642458100559
 31 103.5754189944134
 43 105.586592178771
 27 107.5977653631285
 127 109.608938547486
 134 111.6201117318436
 137 113.6312849162011
 4 115.6424581005587
 258 117.6536312849162
 181 119.6648044692737
 85 121.6759776536313
 217 123.6871508379888
 231 125.6983240223464
 95 127.7094972067039
 165 129.7206703910614
 225 131.731843575419
 1 133.7430167597765
 147 135.7541899441341
 202 137.7653631284916
 131 139.7765363128492
 153 141.7877094972067
 525 143.7988826815642
 139 145.8100558659218
 240 147.8212290502793
 45 149.8324022346369
 186 151.8435754189944
 74 153.854748603352
 541 155.8659217877095
 63 157.8770949720671
 144 159.8882681564246
 81 161.8994413407821
 69 163.9106145251397
 24 165.9217877094972
 152 167.9329608938548
 255 169.9441340782123
 334 171.9553072625699
 6 173.9664804469274
 182 175.9776536312849
 2 177.9888268156425
 0 180


