# Created by Octave 3.8.2, Mon Jun 22 03:16:05 2020 CEST <damian@fptrucha.inv.usc.es>
# name: hd
# type: matrix
# rows: 180
# columns: 2
 5 -180
 110 -177.9888268156425
 3 -175.9776536312849
 235 -173.9664804469274
 157 -171.9553072625698
 91 -169.9441340782123
 21 -167.9329608938548
 27 -165.9217877094972
 41 -163.9106145251397
 114 -161.8994413407821
 26 -159.8882681564246
 357 -157.877094972067
 50 -155.8659217877095
 75 -153.854748603352
 34 -151.8435754189944
 44 -149.8324022346369
 150 -147.8212290502793
 353 -145.8100558659218
 82 -143.7988826815642
 71 -141.7877094972067
 105 -139.7765363128491
 71 -137.7653631284916
 3 -135.7541899441341
 134 -133.7430167597765
 102 -131.731843575419
 61 -129.7206703910614
 112 -127.7094972067039
 125 -125.6983240223464
 69 -123.6871508379888
 111 -121.6759776536313
 118 -119.6648044692737
 3 -117.6536312849162
 76 -115.6424581005587
 67 -113.6312849162011
 71 -111.6201117318436
 17 -109.608938547486
 24 -107.5977653631285
 12 -105.5865921787709
 9 -103.5754189944134
 2 -101.5642458100559
 2 -99.55307262569832
 1 -97.54189944134077
 2 -95.53072625698323
 4 -93.5195530726257
 4887 -91.50837988826815
 9 -89.49720670391061
 1 -87.48603351955308
 3 -85.47486033519553
 0 -83.46368715083798
 0 -81.45251396648044
 7 -79.44134078212289
 3 -77.43016759776536
 30 -75.41899441340782
 28 -73.40782122905027
 29 -71.39664804469274
 91 -69.38547486033519
 45 -67.37430167597765
 69 -65.3631284916201
 34 -63.35195530726256
 176 -61.34078212290503
 80 -59.32960893854748
 133 -57.31843575418993
 51 -55.3072625698324
 41 -53.29608938547486
 149 -51.28491620111731
 48 -49.27374301675977
 68 -47.26256983240222
 3 -45.25139664804468
 164 -43.24022346368713
 3 -41.22905027932961
 98 -39.21787709497207
 162 -37.20670391061452
 270 -35.19553072625698
 64 -33.18435754189943
 42 -31.17318435754188
 119 -29.16201117318434
 9 -27.15083798882682
 37 -25.13966480446928
 353 -23.12849162011173
 101 -21.11731843575419
 43 -19.10614525139664
 12 -17.09497206703909
 22 -15.08379888268155
 98 -13.072625698324
 8 -11.06145251396646
 313 -9.050279329608941
 0 -7.039106145251395
 81 -5.02793296089385
 8 -3.016759776536304
 1 -1.005586592178759
 11 1.005586592178787
 79 3.016759776536333
 1 5.02793296089385
 357 7.039106145251395
 10 9.050279329608941
 96 11.06145251396649
 25 13.07262569832403
 8 15.08379888268158
 33 17.09497206703912
 80 19.10614525139667
 328 21.11731843575421
 33 23.12849162011173
 46 25.13966480446928
 52 27.15083798882682
 41 29.16201117318437
 126 31.17318435754191
 210 33.18435754189946
 140 35.195530726257
 100 37.20670391061452
 24 39.21787709497207
 169 41.22905027932961
 3 43.24022346368716
 77 45.2513966480447
 36 47.26256983240225
 157 49.27374301675979
 56 51.28491620111734
 104 53.29608938547489
 46 55.3072625698324
 72 57.31843575418995
 185 59.32960893854749
 39 61.34078212290504
 71 63.35195530726259
 54 65.36312849162013
 83 67.37430167597768
 22 69.38547486033519
 18 71.39664804469274
 37 73.40782122905028
 3 75.41899441340783
 8 77.43016759776538
 2 79.44134078212289
 1 81.45251396648047
 1 83.46368715083798
 5 85.47486033519556
 14 87.48603351955308
 4703 89.49720670391065
 2 91.50837988826817
 2 93.51955307262574
 1 95.53072625698326
 0 97.54189944134077
 3 99.55307262569835
 18 101.5642458100559
 15 103.5754189944134
 28 105.586592178771
 15 107.5977653631285
 75 109.608938547486
 84 111.6201117318436
 69 113.6312849162011
 1 115.6424581005587
 139 117.6536312849162
 91 119.6648044692737
 55 121.6759776536313
 125 123.6871508379888
 123 125.6983240223464
 59 127.7094972067039
 99 129.7206703910614
 110 131.731843575419
 4 133.7430167597765
 59 135.7541899441341
 113 137.7653631284916
 65 139.7765363128492
 70 141.7877094972067
 317 143.7988826815642
 70 145.8100558659218
 132 147.8212290502793
 20 149.8324022346369
 114 151.8435754189944
 42 153.854748603352
 279 155.8659217877095
 47 157.8770949720671
 80 159.8882681564246
 46 161.8994413407821
 42 163.9106145251397
 17 165.9217877094972
 85 167.9329608938548
 138 169.9441340782123
 190 171.9553072625699
 2 173.9664804469274
 87 175.9776536312849
 4 177.9888268156425
 0 180


