# Created by Octave 3.8.2, Sat Jun 20 11:02:46 2020 CEST <damian@fptrucha.inv.usc.es>
# name: hd
# type: matrix
# rows: 180
# columns: 2
 5 -180
 163 -177.9888268156425
 2 -175.9776536312849
 426 -173.9664804469274
 255 -171.9553072625698
 180 -169.9441340782123
 34 -167.9329608938548
 59 -165.9217877094972
 65 -163.9106145251397
 183 -161.8994413407821
 33 -159.8882681564246
 735 -157.877094972067
 59 -155.8659217877095
 147 -153.854748603352
 43 -151.8435754189944
 69 -149.8324022346369
 255 -147.8212290502793
 655 -145.8100558659218
 149 -143.7988826815642
 99 -141.7877094972067
 186 -139.7765363128491
 106 -137.7653631284916
 2 -135.7541899441341
 166 -133.7430167597765
 165 -131.731843575419
 100 -129.7206703910614
 204 -127.7094972067039
 237 -125.6983240223464
 133 -123.6871508379888
 215 -121.6759776536313
 187 -119.6648044692737
 4 -117.6536312849162
 130 -115.6424581005587
 130 -113.6312849162011
 159 -111.6201117318436
 17 -109.608938547486
 36 -107.5977653631285
 25 -105.5865921787709
 7 -103.5754189944134
 5 -101.5642458100559
 1 -99.55307262569832
 3 -97.54189944134077
 0 -95.53072625698323
 11 -93.5195530726257
 8922 -91.50837988826815
 16 -89.49720670391061
 1 -87.48603351955308
 0 -85.47486033519553
 1 -83.46368715083798
 1 -81.45251396648044
 12 -79.44134078212289
 7 -77.43016759776536
 42 -75.41899441340782
 27 -73.40782122905027
 60 -71.39664804469274
 128 -69.38547486033519
 78 -67.37430167597765
 100 -65.3631284916201
 58 -63.35195530726256
 298 -61.34078212290503
 156 -59.32960893854748
 239 -57.31843575418993
 92 -55.3072625698324
 64 -53.29608938547486
 236 -51.28491620111731
 77 -49.27374301675977
 119 -47.26256983240222
 1 -45.25139664804468
 320 -43.24022346368713
 2 -41.22905027932961
 164 -39.21787709497207
 346 -37.20670391061452
 475 -35.19553072625698
 112 -33.18435754189943
 80 -31.17318435754188
 169 -29.16201117318434
 11 -27.15083798882682
 59 -25.13966480446928
 747 -23.12849162011173
 167 -21.11731843575419
 48 -19.10614525139664
 4 -17.09497206703909
 24 -15.08379888268155
 191 -13.072625698324
 7 -11.06145251396646
 602 -9.050279329608941
 2 -7.039106145251395
 134 -5.02793296089385
 23 -3.016759776536304
 3 -1.005586592178759
 28 1.005586592178787
 146 3.016759776536333
 3 5.02793296089385
 628 7.039106145251395
 8 9.050279329608941
 154 11.06145251396649
 70 13.07262569832403
 18 15.08379888268158
 63 17.09497206703912
 114 19.10614525139667
 587 21.11731843575421
 58 23.12849162011173
 92 25.13966480446928
 125 27.15083798882682
 59 29.16201117318437
 242 31.17318435754191
 336 33.18435754189946
 248 35.195530726257
 187 37.20670391061452
 31 39.21787709497207
 314 41.22905027932961
 2 43.24022346368716
 136 45.2513966480447
 56 47.26256983240225
 261 49.27374301675979
 87 51.28491620111734
 205 53.29608938547489
 92 55.3072625698324
 155 57.31843575418995
 269 59.32960893854749
 67 61.34078212290504
 125 63.35195530726259
 79 65.36312849162013
 117 67.37430167597768
 59 69.38547486033519
 24 71.39664804469274
 48 73.40782122905028
 9 75.41899441340783
 4 77.43016759776538
 3 79.44134078212289
 0 81.45251396648047
 1 83.46368715083798
 2 85.47486033519556
 6 87.48603351955308
 8549 89.49720670391065
 7 91.50837988826817
 0 93.51955307262574
 1 95.53072625698326
 0 97.54189944134077
 8 99.55307262569835
 12 101.5642458100559
 24 103.5754189944134
 55 105.586592178771
 24 107.5977653631285
 124 109.608938547486
 142 111.6201117318436
 146 113.6312849162011
 5 115.6424581005587
 239 117.6536312849162
 179 119.6648044692737
 89 121.6759776536313
 191 123.6871508379888
 232 125.6983240223464
 97 127.7094972067039
 180 129.7206703910614
 188 131.731843575419
 2 133.7430167597765
 154 135.7541899441341
 195 137.7653631284916
 115 139.7765363128492
 152 141.7877094972067
 527 143.7988826815642
 151 145.8100558659218
 232 147.8212290502793
 54 149.8324022346369
 191 151.8435754189944
 59 153.854748603352
 510 155.8659217877095
 62 157.8770949720671
 138 159.8882681564246
 79 161.8994413407821
 70 163.9106145251397
 20 165.9217877094972
 139 167.9329608938548
 213 169.9441340782123
 375 171.9553072625699
 2 173.9664804469274
 190 175.9776536312849
 1 177.9888268156425
 0 180


