# Created by Octave 3.8.2, Sat Jun 20 18:03:45 2020 CEST <damian@fptrucha.inv.usc.es>
# name: hd
# type: matrix
# rows: 180
# columns: 2
 5 -180
 184 -177.9888268156425
 3 -175.9776536312849
 342 -173.9664804469274
 210 -171.9553072625698
 158 -169.9441340782123
 32 -167.9329608938548
 33 -165.9217877094972
 43 -163.9106145251397
 173 -161.8994413407821
 33 -159.8882681564246
 661 -157.877094972067
 72 -155.8659217877095
 135 -153.854748603352
 45 -151.8435754189944
 72 -149.8324022346369
 197 -147.8212290502793
 663 -145.8100558659218
 123 -143.7988826815642
 86 -141.7877094972067
 168 -139.7765363128491
 89 -137.7653631284916
 3 -135.7541899441341
 158 -133.7430167597765
 138 -131.731843575419
 75 -129.7206703910614
 202 -127.7094972067039
 210 -125.6983240223464
 111 -123.6871508379888
 183 -121.6759776536313
 181 -119.6648044692737
 2 -117.6536312849162
 99 -115.6424581005587
 96 -113.6312849162011
 126 -111.6201117318436
 17 -109.608938547486
 39 -107.5977653631285
 20 -105.5865921787709
 19 -103.5754189944134
 1 -101.5642458100559
 2 -99.55307262569832
 0 -97.54189944134077
 5 -95.53072625698323
 5 -93.5195530726257
 8084 -91.50837988826815
 15 -89.49720670391061
 5 -87.48603351955308
 1 -85.47486033519553
 0 -83.46368715083798
 1 -81.45251396648044
 3 -79.44134078212289
 4 -77.43016759776536
 36 -75.41899441340782
 21 -73.40782122905027
 42 -71.39664804469274
 109 -69.38547486033519
 69 -67.37430167597765
 105 -65.3631284916201
 45 -63.35195530726256
 283 -61.34078212290503
 135 -59.32960893854748
 219 -57.31843575418993
 97 -55.3072625698324
 76 -53.29608938547486
 229 -51.28491620111731
 56 -49.27374301675977
 102 -47.26256983240222
 1 -45.25139664804468
 242 -43.24022346368713
 6 -41.22905027932961
 141 -39.21787709497207
 310 -37.20670391061452
 440 -35.19553072625698
 104 -33.18435754189943
 53 -31.17318435754188
 142 -29.16201117318434
 9 -27.15083798882682
 52 -25.13966480446928
 634 -23.12849162011173
 147 -21.11731843575419
 46 -19.10614525139664
 8 -17.09497206703909
 30 -15.08379888268155
 166 -13.072625698324
 7 -11.06145251396646
 591 -9.050279329608941
 3 -7.039106145251395
 127 -5.02793296089385
 19 -3.016759776536304
 2 -1.005586592178759
 18 1.005586592178787
 129 3.016759776536333
 0 5.02793296089385
 564 7.039106145251395
 9 9.050279329608941
 134 11.06145251396649
 46 13.07262569832403
 10 15.08379888268158
 73 17.09497206703912
 98 19.10614525139667
 525 21.11731843575421
 57 23.12849162011173
 109 25.13966480446928
 126 27.15083798882682
 70 29.16201117318437
 223 31.17318435754191
 333 33.18435754189946
 268 35.195530726257
 175 37.20670391061452
 26 39.21787709497207
 290 41.22905027932961
 3 43.24022346368716
 115 45.2513966480447
 55 47.26256983240225
 223 49.27374301675979
 76 51.28491620111734
 190 53.29608938547489
 70 55.3072625698324
 141 57.31843575418995
 245 59.32960893854749
 72 61.34078212290504
 129 63.35195530726259
 74 65.36312849162013
 111 67.37430167597768
 36 69.38547486033519
 31 71.39664804469274
 35 73.40782122905028
 2 75.41899441340783
 7 77.43016759776538
 2 79.44134078212289
 0 81.45251396648047
 2 83.46368715083798
 4 85.47486033519556
 8 87.48603351955308
 7645 89.49720670391065
 6 91.50837988826817
 1 93.51955307262574
 0 95.53072625698326
 0 97.54189944134077
 2 99.55307262569835
 12 101.5642458100559
 23 103.5754189944134
 43 105.586592178771
 24 107.5977653631285
 113 109.608938547486
 125 111.6201117318436
 116 113.6312849162011
 6 115.6424581005587
 227 117.6536312849162
 165 119.6648044692737
 80 121.6759776536313
 168 123.6871508379888
 181 125.6983240223464
 75 127.7094972067039
 198 129.7206703910614
 184 131.731843575419
 3 133.7430167597765
 127 135.7541899441341
 169 137.7653631284916
 89 139.7765363128492
 124 141.7877094972067
 492 143.7988826815642
 114 145.8100558659218
 184 147.8212290502793
 33 149.8324022346369
 181 151.8435754189944
 78 153.854748603352
 468 155.8659217877095
 43 157.8770949720671
 108 159.8882681564246
 63 161.8994413407821
 36 163.9106145251397
 20 165.9217877094972
 120 167.9329608938548
 231 169.9441340782123
 329 171.9553072625699
 2 173.9664804469274
 134 175.9776536312849
 3 177.9888268156425
 0 180


