# Created by Octave 3.8.2, Mon Jun 22 18:29:49 2020 CEST <damian@fptrucha.inv.usc.es>
# name: hd
# type: matrix
# rows: 180
# columns: 2
 6 -180
 167 -177.9888268156425
 4 -175.9776536312849
 383 -173.9664804469274
 254 -171.9553072625698
 155 -169.9441340782123
 34 -167.9329608938548
 39 -165.9217877094972
 60 -163.9106145251397
 174 -161.8994413407821
 44 -159.8882681564246
 599 -157.877094972067
 77 -155.8659217877095
 128 -153.854748603352
 54 -151.8435754189944
 83 -149.8324022346369
 247 -147.8212290502793
 636 -145.8100558659218
 142 -143.7988826815642
 104 -141.7877094972067
 186 -139.7765363128491
 127 -137.7653631284916
 1 -135.7541899441341
 169 -133.7430167597765
 158 -131.731843575419
 93 -129.7206703910614
 202 -127.7094972067039
 254 -125.6983240223464
 99 -123.6871508379888
 198 -121.6759776536313
 220 -119.6648044692737
 1 -117.6536312849162
 113 -115.6424581005587
 116 -113.6312849162011
 151 -111.6201117318436
 18 -109.608938547486
 47 -107.5977653631285
 36 -105.5865921787709
 16 -103.5754189944134
 5 -101.5642458100559
 0 -99.55307262569832
 1 -97.54189944134077
 3 -95.53072625698323
 6 -93.5195530726257
 8567 -91.50837988826815
 15 -89.49720670391061
 4 -87.48603351955308
 1 -85.47486033519553
 1 -83.46368715083798
 2 -81.45251396648044
 7 -79.44134078212289
 10 -77.43016759776536
 43 -75.41899441340782
 29 -73.40782122905027
 58 -71.39664804469274
 141 -69.38547486033519
 80 -67.37430167597765
 138 -65.3631284916201
 51 -63.35195530726256
 293 -61.34078212290503
 152 -59.32960893854748
 228 -57.31843575418993
 111 -55.3072625698324
 63 -53.29608938547486
 242 -51.28491620111731
 59 -49.27374301675977
 117 -47.26256983240222
 2 -45.25139664804468
 283 -43.24022346368713
 2 -41.22905027932961
 166 -39.21787709497207
 302 -37.20670391061452
 449 -35.19553072625698
 128 -33.18435754189943
 65 -31.17318435754188
 181 -29.16201117318434
 7 -27.15083798882682
 71 -25.13966480446928
 578 -23.12849162011173
 144 -21.11731843575419
 61 -19.10614525139664
 18 -17.09497206703909
 47 -15.08379888268155
 144 -13.072625698324
 7 -11.06145251396646
 574 -9.050279329608941
 5 -7.039106145251395
 147 -5.02793296089385
 27 -3.016759776536304
 2 -1.005586592178759
 30 1.005586592178787
 117 3.016759776536333
 4 5.02793296089385
 572 7.039106145251395
 6 9.050279329608941
 156 11.06145251396649
 39 13.07262569832403
 7 15.08379888268158
 52 17.09497206703912
 165 19.10614525139667
 553 21.11731843575421
 61 23.12849162011173
 86 25.13966480446928
 93 27.15083798882682
 70 29.16201117318437
 216 31.17318435754191
 361 33.18435754189946
 260 35.195530726257
 155 37.20670391061452
 50 39.21787709497207
 281 41.22905027932961
 0 43.24022346368716
 129 45.2513966480447
 72 47.26256983240225
 228 49.27374301675979
 91 51.28491620111734
 193 53.29608938547489
 92 55.3072625698324
 148 57.31843575418995
 277 59.32960893854749
 46 61.34078212290504
 124 63.35195530726259
 81 65.36312849162013
 121 67.37430167597768
 46 69.38547486033519
 37 71.39664804469274
 44 73.40782122905028
 4 75.41899441340783
 7 77.43016759776538
 3 79.44134078212289
 1 81.45251396648047
 4 83.46368715083798
 4 85.47486033519556
 18 87.48603351955308
 7794 89.49720670391065
 9 91.50837988826817
 1 93.51955307262574
 1 95.53072625698326
 0 97.54189944134077
 7 99.55307262569835
 19 101.5642458100559
 21 103.5754189944134
 42 105.586592178771
 19 107.5977653631285
 116 109.608938547486
 105 111.6201117318436
 123 113.6312849162011
 4 115.6424581005587
 204 117.6536312849162
 172 119.6648044692737
 90 121.6759776536313
 191 123.6871508379888
 183 125.6983240223464
 67 127.7094972067039
 169 129.7206703910614
 206 131.731843575419
 1 133.7430167597765
 118 135.7541899441341
 167 137.7653631284916
 112 139.7765363128492
 163 141.7877094972067
 502 143.7988826815642
 125 145.8100558659218
 188 147.8212290502793
 55 149.8324022346369
 147 151.8435754189944
 59 153.854748603352
 532 155.8659217877095
 57 157.8770949720671
 139 159.8882681564246
 67 161.8994413407821
 48 163.9106145251397
 15 165.9217877094972
 130 167.9329608938548
 236 169.9441340782123
 344 171.9553072625699
 6 173.9664804469274
 163 175.9776536312849
 1 177.9888268156425
 0 180


