# Created by Octave 3.8.2, Mon Jun 22 12:55:28 2020 CEST <damian@fptrucha.inv.usc.es>
# name: hd
# type: matrix
# rows: 180
# columns: 2
 6 -180
 182 -177.9888268156425
 4 -175.9776536312849
 347 -173.9664804469274
 260 -171.9553072625698
 147 -169.9441340782123
 37 -167.9329608938548
 38 -165.9217877094972
 85 -163.9106145251397
 146 -161.8994413407821
 40 -159.8882681564246
 584 -157.877094972067
 71 -155.8659217877095
 158 -153.854748603352
 51 -151.8435754189944
 62 -149.8324022346369
 218 -147.8212290502793
 597 -145.8100558659218
 144 -143.7988826815642
 97 -141.7877094972067
 185 -139.7765363128491
 96 -137.7653631284916
 3 -135.7541899441341
 179 -133.7430167597765
 150 -131.731843575419
 73 -129.7206703910614
 164 -127.7094972067039
 181 -125.6983240223464
 92 -123.6871508379888
 185 -121.6759776536313
 199 -119.6648044692737
 8 -117.6536312849162
 109 -115.6424581005587
 139 -113.6312849162011
 125 -111.6201117318436
 28 -109.608938547486
 32 -107.5977653631285
 25 -105.5865921787709
 15 -103.5754189944134
 4 -101.5642458100559
 0 -99.55307262569832
 3 -97.54189944134077
 3 -95.53072625698323
 10 -93.5195530726257
 8076 -91.50837988826815
 11 -89.49720670391061
 10 -87.48603351955308
 1 -85.47486033519553
 1 -83.46368715083798
 4 -81.45251396648044
 10 -79.44134078212289
 8 -77.43016759776536
 52 -75.41899441340782
 31 -73.40782122905027
 50 -71.39664804469274
 113 -69.38547486033519
 75 -67.37430167597765
 113 -65.3631284916201
 61 -63.35195530726256
 259 -61.34078212290503
 145 -59.32960893854748
 217 -57.31843575418993
 108 -55.3072625698324
 72 -53.29608938547486
 236 -51.28491620111731
 53 -49.27374301675977
 112 -47.26256983240222
 1 -45.25139664804468
 301 -43.24022346368713
 1 -41.22905027932961
 163 -39.21787709497207
 266 -37.20670391061452
 414 -35.19553072625698
 137 -33.18435754189943
 69 -31.17318435754188
 163 -29.16201117318434
 10 -27.15083798882682
 69 -25.13966480446928
 569 -23.12849162011173
 121 -21.11731843575419
 61 -19.10614525139664
 15 -17.09497206703909
 53 -15.08379888268155
 160 -13.072625698324
 9 -11.06145251396646
 611 -9.050279329608941
 7 -7.039106145251395
 126 -5.02793296089385
 21 -3.016759776536304
 5 -1.005586592178759
 26 1.005586592178787
 133 3.016759776536333
 0 5.02793296089385
 586 7.039106145251395
 11 9.050279329608941
 124 11.06145251396649
 40 13.07262569832403
 22 15.08379888268158
 57 17.09497206703912
 119 19.10614525139667
 521 21.11731843575421
 69 23.12849162011173
 72 25.13966480446928
 81 27.15083798882682
 62 29.16201117318437
 205 31.17318435754191
 343 33.18435754189946
 258 35.195530726257
 131 37.20670391061452
 35 39.21787709497207
 260 41.22905027932961
 3 43.24022346368716
 112 45.2513966480447
 65 47.26256983240225
 212 49.27374301675979
 82 51.28491620111734
 189 53.29608938547489
 87 55.3072625698324
 144 57.31843575418995
 250 59.32960893854749
 61 61.34078212290504
 128 63.35195530726259
 78 65.36312849162013
 113 67.37430167597768
 56 69.38547486033519
 33 71.39664804469274
 47 73.40782122905028
 5 75.41899441340783
 10 77.43016759776538
 4 79.44134078212289
 2 81.45251396648047
 1 83.46368715083798
 2 85.47486033519556
 9 87.48603351955308
 7483 89.49720670391065
 11 91.50837988826817
 6 93.51955307262574
 1 95.53072625698326
 0 97.54189944134077
 5 99.55307262569835
 22 101.5642458100559
 32 103.5754189944134
 39 105.586592178771
 29 107.5977653631285
 119 109.608938547486
 142 111.6201117318436
 136 113.6312849162011
 3 115.6424581005587
 201 117.6536312849162
 182 119.6648044692737
 99 121.6759776536313
 208 123.6871508379888
 204 125.6983240223464
 83 127.7094972067039
 167 129.7206703910614
 222 131.731843575419
 1 133.7430167597765
 116 135.7541899441341
 190 137.7653631284916
 105 139.7765363128492
 125 141.7877094972067
 516 143.7988826815642
 98 145.8100558659218
 202 147.8212290502793
 49 149.8324022346369
 117 151.8435754189944
 91 153.854748603352
 513 155.8659217877095
 46 157.8770949720671
 158 159.8882681564246
 62 161.8994413407821
 46 163.9106145251397
 14 165.9217877094972
 156 167.9329608938548
 221 169.9441340782123
 331 171.9553072625699
 3 173.9664804469274
 162 175.9776536312849
 2 177.9888268156425
 0 180


