# Created by Octave 3.8.2, Sat Jun 20 18:19:33 2020 CEST <damian@fptrucha.inv.usc.es>
# name: hd
# type: matrix
# rows: 180
# columns: 2
 3 -180
 149 -177.9888268156425
 2 -175.9776536312849
 378 -173.9664804469274
 220 -171.9553072625698
 147 -169.9441340782123
 22 -167.9329608938548
 32 -165.9217877094972
 49 -163.9106145251397
 166 -161.8994413407821
 38 -159.8882681564246
 635 -157.877094972067
 75 -155.8659217877095
 123 -153.854748603352
 47 -151.8435754189944
 65 -149.8324022346369
 205 -147.8212290502793
 671 -145.8100558659218
 121 -143.7988826815642
 67 -141.7877094972067
 176 -139.7765363128491
 104 -137.7653631284916
 1 -135.7541899441341
 178 -133.7430167597765
 141 -131.731843575419
 81 -129.7206703910614
 182 -127.7094972067039
 243 -125.6983240223464
 88 -123.6871508379888
 200 -121.6759776536313
 181 -119.6648044692737
 1 -117.6536312849162
 99 -115.6424581005587
 106 -113.6312849162011
 123 -111.6201117318436
 11 -109.608938547486
 26 -107.5977653631285
 17 -105.5865921787709
 18 -103.5754189944134
 4 -101.5642458100559
 0 -99.55307262569832
 0 -97.54189944134077
 4 -95.53072625698323
 3 -93.5195530726257
 8110 -91.50837988826815
 12 -89.49720670391061
 2 -87.48603351955308
 2 -85.47486033519553
 0 -83.46368715083798
 1 -81.45251396648044
 7 -79.44134078212289
 5 -77.43016759776536
 55 -75.41899441340782
 29 -73.40782122905027
 53 -71.39664804469274
 114 -69.38547486033519
 71 -67.37430167597765
 83 -65.3631284916201
 53 -63.35195530726256
 267 -61.34078212290503
 130 -59.32960893854748
 241 -57.31843575418993
 107 -55.3072625698324
 69 -53.29608938547486
 217 -51.28491620111731
 48 -49.27374301675977
 94 -47.26256983240222
 2 -45.25139664804468
 287 -43.24022346368713
 1 -41.22905027932961
 141 -39.21787709497207
 304 -37.20670391061452
 455 -35.19553072625698
 105 -33.18435754189943
 67 -31.17318435754188
 144 -29.16201117318434
 16 -27.15083798882682
 63 -25.13966480446928
 619 -23.12849162011173
 147 -21.11731843575419
 45 -19.10614525139664
 10 -17.09497206703909
 27 -15.08379888268155
 179 -13.072625698324
 5 -11.06145251396646
 549 -9.050279329608941
 3 -7.039106145251395
 117 -5.02793296089385
 10 -3.016759776536304
 1 -1.005586592178759
 8 1.005586592178787
 126 3.016759776536333
 1 5.02793296089385
 544 7.039106145251395
 8 9.050279329608941
 148 11.06145251396649
 49 13.07262569832403
 17 15.08379888268158
 50 17.09497206703912
 110 19.10614525139667
 569 21.11731843575421
 60 23.12849162011173
 74 25.13966480446928
 112 27.15083798882682
 55 29.16201117318437
 197 31.17318435754191
 325 33.18435754189946
 235 35.195530726257
 154 37.20670391061452
 30 39.21787709497207
 264 41.22905027932961
 2 43.24022346368716
 111 45.2513966480447
 56 47.26256983240225
 200 49.27374301675979
 69 51.28491620111734
 210 53.29608938547489
 69 55.3072625698324
 146 57.31843575418995
 262 59.32960893854749
 58 61.34078212290504
 112 63.35195530726259
 72 65.36312849162013
 94 67.37430167597768
 44 69.38547486033519
 32 71.39664804469274
 51 73.40782122905028
 7 75.41899441340783
 4 77.43016759776538
 3 79.44134078212289
 1 81.45251396648047
 0 83.46368715083798
 6 85.47486033519556
 10 87.48603351955308
 7923 89.49720670391065
 5 91.50837988826817
 2 93.51955307262574
 0 95.53072625698326
 0 97.54189944134077
 3 99.55307262569835
 17 101.5642458100559
 17 103.5754189944134
 27 105.586592178771
 14 107.5977653631285
 97 109.608938547486
 123 111.6201117318436
 123 113.6312849162011
 3 115.6424581005587
 212 117.6536312849162
 181 119.6648044692737
 79 121.6759776536313
 191 123.6871508379888
 157 125.6983240223464
 73 127.7094972067039
 182 129.7206703910614
 186 131.731843575419
 3 133.7430167597765
 109 135.7541899441341
 185 137.7653631284916
 89 139.7765363128492
 127 141.7877094972067
 449 143.7988826815642
 117 145.8100558659218
 231 147.8212290502793
 44 149.8324022346369
 172 151.8435754189944
 68 153.854748603352
 477 155.8659217877095
 60 157.8770949720671
 135 159.8882681564246
 64 161.8994413407821
 59 163.9106145251397
 15 165.9217877094972
 126 167.9329608938548
 215 169.9441340782123
 371 171.9553072625699
 1 173.9664804469274
 158 175.9776536312849
 2 177.9888268156425
 0 180


