# Created by Octave 3.8.2, Sat Jun 20 02:53:49 2020 CEST <damian@fptrucha.inv.usc.es>
# name: hd
# type: matrix
# rows: 180
# columns: 2
 4 -180
 182 -177.9888268156425
 1 -175.9776536312849
 378 -173.9664804469274
 281 -171.9553072625698
 155 -169.9441340782123
 30 -167.9329608938548
 38 -165.9217877094972
 59 -163.9106145251397
 168 -161.8994413407821
 45 -159.8882681564246
 698 -157.877094972067
 79 -155.8659217877095
 140 -153.854748603352
 42 -151.8435754189944
 74 -149.8324022346369
 247 -147.8212290502793
 684 -145.8100558659218
 137 -143.7988826815642
 81 -141.7877094972067
 204 -139.7765363128491
 129 -137.7653631284916
 6 -135.7541899441341
 183 -133.7430167597765
 174 -131.731843575419
 104 -129.7206703910614
 198 -127.7094972067039
 279 -125.6983240223464
 113 -123.6871508379888
 210 -121.6759776536313
 247 -119.6648044692737
 6 -117.6536312849162
 117 -115.6424581005587
 137 -113.6312849162011
 148 -111.6201117318436
 14 -109.608938547486
 41 -107.5977653631285
 28 -105.5865921787709
 9 -103.5754189944134
 1 -101.5642458100559
 0 -99.55307262569832
 0 -97.54189944134077
 2 -95.53072625698323
 5 -93.5195530726257
 9194 -91.50837988826815
 7 -89.49720670391061
 6 -87.48603351955308
 2 -85.47486033519553
 0 -83.46368715083798
 1 -81.45251396648044
 7 -79.44134078212289
 6 -77.43016759776536
 44 -75.41899441340782
 22 -73.40782122905027
 64 -71.39664804469274
 142 -69.38547486033519
 79 -67.37430167597765
 123 -65.3631284916201
 59 -63.35195530726256
 319 -61.34078212290503
 166 -59.32960893854748
 227 -57.31843575418993
 103 -55.3072625698324
 70 -53.29608938547486
 246 -51.28491620111731
 62 -49.27374301675977
 117 -47.26256983240222
 2 -45.25139664804468
 309 -43.24022346368713
 2 -41.22905027932961
 171 -39.21787709497207
 351 -37.20670391061452
 446 -35.19553072625698
 117 -33.18435754189943
 49 -31.17318435754188
 164 -29.16201117318434
 12 -27.15083798882682
 54 -25.13966480446928
 714 -23.12849162011173
 149 -21.11731843575419
 53 -19.10614525139664
 10 -17.09497206703909
 33 -15.08379888268155
 164 -13.072625698324
 6 -11.06145251396646
 598 -9.050279329608941
 1 -7.039106145251395
 123 -5.02793296089385
 15 -3.016759776536304
 1 -1.005586592178759
 14 1.005586592178787
 122 3.016759776536333
 3 5.02793296089385
 581 7.039106145251395
 6 9.050279329608941
 149 11.06145251396649
 51 13.07262569832403
 14 15.08379888268158
 54 17.09497206703912
 120 19.10614525139667
 586 21.11731843575421
 58 23.12849162011173
 83 25.13966480446928
 98 27.15083798882682
 58 29.16201117318437
 238 31.17318435754191
 339 33.18435754189946
 229 35.195530726257
 145 37.20670391061452
 27 39.21787709497207
 260 41.22905027932961
 2 43.24022346368716
 110 45.2513966480447
 54 47.26256983240225
 226 49.27374301675979
 85 51.28491620111734
 194 53.29608938547489
 85 55.3072625698324
 136 57.31843575418995
 257 59.32960893854749
 61 61.34078212290504
 97 63.35195530726259
 61 65.36312849162013
 117 67.37430167597768
 38 69.38547486033519
 32 71.39664804469274
 46 73.40782122905028
 4 75.41899441340783
 4 77.43016759776538
 1 79.44134078212289
 1 81.45251396648047
 1 83.46368715083798
 0 85.47486033519556
 5 87.48603351955308
 8166 89.49720670391065
 10 91.50837988826817
 3 93.51955307262574
 0 95.53072625698326
 0 97.54189944134077
 1 99.55307262569835
 13 101.5642458100559
 13 103.5754189944134
 27 105.586592178771
 18 107.5977653631285
 96 109.608938547486
 120 111.6201117318436
 111 113.6312849162011
 1 115.6424581005587
 203 117.6536312849162
 154 119.6648044692737
 81 121.6759776536313
 164 123.6871508379888
 171 125.6983240223464
 88 127.7094972067039
 150 129.7206703910614
 171 131.731843575419
 2 133.7430167597765
 129 135.7541899441341
 168 137.7653631284916
 90 139.7765363128492
 139 141.7877094972067
 509 143.7988826815642
 110 145.8100558659218
 216 147.8212290502793
 47 149.8324022346369
 161 151.8435754189944
 58 153.854748603352
 504 155.8659217877095
 56 157.8770949720671
 144 159.8882681564246
 66 161.8994413407821
 57 163.9106145251397
 16 165.9217877094972
 135 167.9329608938548
 247 169.9441340782123
 397 171.9553072625699
 4 173.9664804469274
 163 175.9776536312849
 4 177.9888268156425
 0 180


