# Created by Octave 3.8.2, Sat Jun 20 10:16:13 2020 CEST <damian@fptrucha.inv.usc.es>
# name: hd
# type: matrix
# rows: 180
# columns: 2
 3 -180
 185 -177.9888268156425
 0 -175.9776536312849
 450 -173.9664804469274
 247 -171.9553072625698
 180 -169.9441340782123
 38 -167.9329608938548
 30 -165.9217877094972
 68 -163.9106145251397
 161 -161.8994413407821
 44 -159.8882681564246
 715 -157.877094972067
 58 -155.8659217877095
 118 -153.854748603352
 49 -151.8435754189944
 69 -149.8324022346369
 223 -147.8212290502793
 678 -145.8100558659218
 125 -143.7988826815642
 97 -141.7877094972067
 195 -139.7765363128491
 107 -137.7653631284916
 2 -135.7541899441341
 183 -133.7430167597765
 148 -131.731843575419
 85 -129.7206703910614
 199 -127.7094972067039
 225 -125.6983240223464
 127 -123.6871508379888
 205 -121.6759776536313
 228 -119.6648044692737
 1 -117.6536312849162
 111 -115.6424581005587
 133 -113.6312849162011
 118 -111.6201117318436
 19 -109.608938547486
 21 -107.5977653631285
 27 -105.5865921787709
 13 -103.5754189944134
 2 -101.5642458100559
 1 -99.55307262569832
 1 -97.54189944134077
 2 -95.53072625698323
 4 -93.5195530726257
 8920 -91.50837988826815
 16 -89.49720670391061
 8 -87.48603351955308
 0 -85.47486033519553
 0 -83.46368715083798
 1 -81.45251396648044
 8 -79.44134078212289
 5 -77.43016759776536
 55 -75.41899441340782
 27 -73.40782122905027
 58 -71.39664804469274
 120 -69.38547486033519
 83 -67.37430167597765
 100 -65.3631284916201
 42 -63.35195530726256
 323 -61.34078212290503
 145 -59.32960893854748
 220 -57.31843575418993
 92 -55.3072625698324
 80 -53.29608938547486
 242 -51.28491620111731
 51 -49.27374301675977
 126 -47.26256983240222
 1 -45.25139664804468
 324 -43.24022346368713
 5 -41.22905027932961
 177 -39.21787709497207
 366 -37.20670391061452
 537 -35.19553072625698
 96 -33.18435754189943
 73 -31.17318435754188
 143 -29.16201117318434
 14 -27.15083798882682
 67 -25.13966480446928
 660 -23.12849162011173
 150 -21.11731843575419
 48 -19.10614525139664
 7 -17.09497206703909
 46 -15.08379888268155
 182 -13.072625698324
 8 -11.06145251396646
 656 -9.050279329608941
 1 -7.039106145251395
 144 -5.02793296089385
 16 -3.016759776536304
 4 -1.005586592178759
 23 1.005586592178787
 136 3.016759776536333
 2 5.02793296089385
 574 7.039106145251395
 7 9.050279329608941
 126 11.06145251396649
 48 13.07262569832403
 8 15.08379888268158
 64 17.09497206703912
 123 19.10614525139667
 563 21.11731843575421
 76 23.12849162011173
 111 25.13966480446928
 123 27.15083798882682
 66 29.16201117318437
 279 31.17318435754191
 339 33.18435754189946
 264 35.195530726257
 203 37.20670391061452
 32 39.21787709497207
 319 41.22905027932961
 2 43.24022346368716
 144 45.2513966480447
 77 47.26256983240225
 248 49.27374301675979
 88 51.28491620111734
 230 53.29608938547489
 92 55.3072625698324
 152 57.31843575418995
 282 59.32960893854749
 74 61.34078212290504
 144 63.35195530726259
 83 65.36312849162013
 136 67.37430167597768
 47 69.38547486033519
 35 71.39664804469274
 59 73.40782122905028
 4 75.41899441340783
 9 77.43016759776538
 4 79.44134078212289
 0 81.45251396648047
 2 83.46368715083798
 6 85.47486033519556
 10 87.48603351955308
 8465 89.49720670391065
 8 91.50837988826817
 3 93.51955307262574
 0 95.53072625698326
 1 97.54189944134077
 2 99.55307262569835
 14 101.5642458100559
 23 103.5754189944134
 38 105.586592178771
 23 107.5977653631285
 120 109.608938547486
 106 111.6201117318436
 136 113.6312849162011
 4 115.6424581005587
 221 117.6536312849162
 186 119.6648044692737
 124 121.6759776536313
 210 123.6871508379888
 211 125.6983240223464
 96 127.7094972067039
 173 129.7206703910614
 215 131.731843575419
 5 133.7430167597765
 144 135.7541899441341
 176 137.7653631284916
 104 139.7765363128492
 199 141.7877094972067
 504 143.7988826815642
 146 145.8100558659218
 221 147.8212290502793
 50 149.8324022346369
 189 151.8435754189944
 82 153.854748603352
 537 155.8659217877095
 53 157.8770949720671
 143 159.8882681564246
 94 161.8994413407821
 68 163.9106145251397
 13 165.9217877094972
 132 167.9329608938548
 230 169.9441340782123
 366 171.9553072625699
 0 173.9664804469274
 189 175.9776536312849
 3 177.9888268156425
 0 180


