# Created by Octave 3.8.2, Sat Jun 20 07:04:43 2020 CEST <damian@fptrucha.inv.usc.es>
# name: hd
# type: matrix
# rows: 180
# columns: 2
 2 -180
 176 -177.9888268156425
 1 -175.9776536312849
 443 -173.9664804469274
 283 -171.9553072625698
 132 -169.9441340782123
 32 -167.9329608938548
 45 -165.9217877094972
 76 -163.9106145251397
 198 -161.8994413407821
 54 -159.8882681564246
 727 -157.877094972067
 69 -155.8659217877095
 133 -153.854748603352
 39 -151.8435754189944
 95 -149.8324022346369
 261 -147.8212290502793
 737 -145.8100558659218
 165 -143.7988826815642
 118 -141.7877094972067
 198 -139.7765363128491
 134 -137.7653631284916
 2 -135.7541899441341
 212 -133.7430167597765
 177 -131.731843575419
 112 -129.7206703910614
 232 -127.7094972067039
 257 -125.6983240223464
 145 -123.6871508379888
 228 -121.6759776536313
 223 -119.6648044692737
 5 -117.6536312849162
 124 -115.6424581005587
 155 -113.6312849162011
 166 -111.6201117318436
 25 -109.608938547486
 49 -107.5977653631285
 36 -105.5865921787709
 13 -103.5754189944134
 3 -101.5642458100559
 0 -99.55307262569832
 3 -97.54189944134077
 3 -95.53072625698323
 4 -93.5195530726257
 9543 -91.50837988826815
 8 -89.49720670391061
 3 -87.48603351955308
 0 -85.47486033519553
 0 -83.46368715083798
 1 -81.45251396648044
 8 -79.44134078212289
 9 -77.43016759776536
 55 -75.41899441340782
 29 -73.40782122905027
 66 -71.39664804469274
 136 -69.38547486033519
 97 -67.37430167597765
 128 -65.3631284916201
 65 -63.35195530726256
 353 -61.34078212290503
 179 -59.32960893854748
 256 -57.31843575418993
 109 -55.3072625698324
 102 -53.29608938547486
 289 -51.28491620111731
 81 -49.27374301675977
 140 -47.26256983240222
 4 -45.25139664804468
 320 -43.24022346368713
 5 -41.22905027932961
 187 -39.21787709497207
 354 -37.20670391061452
 522 -35.19553072625698
 121 -33.18435754189943
 69 -31.17318435754188
 176 -29.16201117318434
 14 -27.15083798882682
 63 -25.13966480446928
 664 -23.12849162011173
 144 -21.11731843575419
 47 -19.10614525139664
 17 -17.09497206703909
 41 -15.08379888268155
 203 -13.072625698324
 5 -11.06145251396646
 640 -9.050279329608941
 3 -7.039106145251395
 148 -5.02793296089385
 18 -3.016759776536304
 4 -1.005586592178759
 19 1.005586592178787
 145 3.016759776536333
 2 5.02793296089385
 609 7.039106145251395
 14 9.050279329608941
 143 11.06145251396649
 49 13.07262569832403
 12 15.08379888268158
 68 17.09497206703912
 126 19.10614525139667
 578 21.11731843575421
 67 23.12849162011173
 97 25.13966480446928
 115 27.15083798882682
 59 29.16201117318437
 227 31.17318435754191
 338 33.18435754189946
 266 35.195530726257
 185 37.20670391061452
 31 39.21787709497207
 297 41.22905027932961
 1 43.24022346368716
 119 45.2513966480447
 58 47.26256983240225
 243 49.27374301675979
 104 51.28491620111734
 233 53.29608938547489
 85 55.3072625698324
 166 57.31843575418995
 257 59.32960893854749
 68 61.34078212290504
 124 63.35195530726259
 72 65.36312849162013
 115 67.37430167597768
 44 69.38547486033519
 26 71.39664804469274
 44 73.40782122905028
 9 75.41899441340783
 11 77.43016759776538
 2 79.44134078212289
 1 81.45251396648047
 1 83.46368715083798
 2 85.47486033519556
 16 87.48603351955308
 8388 89.49720670391065
 4 91.50837988826817
 3 93.51955307262574
 0 95.53072625698326
 0 97.54189944134077
 1 99.55307262569835
 9 101.5642458100559
 20 103.5754189944134
 32 105.586592178771
 22 107.5977653631285
 107 109.608938547486
 139 111.6201117318436
 116 113.6312849162011
 0 115.6424581005587
 207 117.6536312849162
 206 119.6648044692737
 111 121.6759776536313
 198 123.6871508379888
 200 125.6983240223464
 93 127.7094972067039
 154 129.7206703910614
 195 131.731843575419
 0 133.7430167597765
 136 135.7541899441341
 168 137.7653631284916
 118 139.7765363128492
 153 141.7877094972067
 561 143.7988826815642
 138 145.8100558659218
 228 147.8212290502793
 52 149.8324022346369
 166 151.8435754189944
 57 153.854748603352
 555 155.8659217877095
 55 157.8770949720671
 139 159.8882681564246
 75 161.8994413407821
 56 163.9106145251397
 15 165.9217877094972
 150 167.9329608938548
 266 169.9441340782123
 383 171.9553072625699
 5 173.9664804469274
 170 175.9776536312849
 5 177.9888268156425
 0 180


