# Created by Octave 3.8.2, Tue Jun 23 00:42:36 2020 CEST <damian@fptrucha.inv.usc.es>
# name: hd
# type: matrix
# rows: 180
# columns: 2
 5 -180
 170 -177.9888268156425
 5 -175.9776536312849
 372 -173.9664804469274
 246 -171.9553072625698
 173 -169.9441340782123
 38 -167.9329608938548
 46 -165.9217877094972
 70 -163.9106145251397
 201 -161.8994413407821
 50 -159.8882681564246
 646 -157.877094972067
 70 -155.8659217877095
 141 -153.854748603352
 43 -151.8435754189944
 83 -149.8324022346369
 244 -147.8212290502793
 656 -145.8100558659218
 161 -143.7988826815642
 110 -141.7877094972067
 202 -139.7765363128491
 126 -137.7653631284916
 5 -135.7541899441341
 187 -133.7430167597765
 204 -131.731843575419
 84 -129.7206703910614
 190 -127.7094972067039
 245 -125.6983240223464
 114 -123.6871508379888
 212 -121.6759776536313
 236 -119.6648044692737
 1 -117.6536312849162
 137 -115.6424581005587
 130 -113.6312849162011
 126 -111.6201117318436
 29 -109.608938547486
 50 -107.5977653631285
 29 -105.5865921787709
 9 -103.5754189944134
 0 -101.5642458100559
 0 -99.55307262569832
 2 -97.54189944134077
 4 -95.53072625698323
 16 -93.5195530726257
 8723 -91.50837988826815
 9 -89.49720670391061
 5 -87.48603351955308
 2 -85.47486033519553
 0 -83.46368715083798
 4 -81.45251396648044
 5 -79.44134078212289
 7 -77.43016759776536
 59 -75.41899441340782
 32 -73.40782122905027
 60 -71.39664804469274
 161 -69.38547486033519
 103 -67.37430167597765
 128 -65.3631284916201
 65 -63.35195530726256
 284 -61.34078212290503
 156 -59.32960893854748
 251 -57.31843575418993
 121 -55.3072625698324
 80 -53.29608938547486
 244 -51.28491620111731
 59 -49.27374301675977
 123 -47.26256983240222
 4 -45.25139664804468
 288 -43.24022346368713
 1 -41.22905027932961
 177 -39.21787709497207
 299 -37.20670391061452
 480 -35.19553072625698
 124 -33.18435754189943
 49 -31.17318435754188
 181 -29.16201117318434
 13 -27.15083798882682
 67 -25.13966480446928
 624 -23.12849162011173
 163 -21.11731843575419
 51 -19.10614525139664
 14 -17.09497206703909
 44 -15.08379888268155
 157 -13.072625698324
 7 -11.06145251396646
 597 -9.050279329608941
 4 -7.039106145251395
 154 -5.02793296089385
 16 -3.016759776536304
 4 -1.005586592178759
 25 1.005586592178787
 143 3.016759776536333
 7 5.02793296089385
 566 7.039106145251395
 10 9.050279329608941
 143 11.06145251396649
 52 13.07262569832403
 14 15.08379888268158
 78 17.09497206703912
 135 19.10614525139667
 572 21.11731843575421
 78 23.12849162011173
 84 25.13966480446928
 92 27.15083798882682
 65 29.16201117318437
 206 31.17318435754191
 350 33.18435754189946
 279 35.195530726257
 155 37.20670391061452
 38 39.21787709497207
 285 41.22905027932961
 1 43.24022346368716
 121 45.2513966480447
 72 47.26256983240225
 213 49.27374301675979
 86 51.28491620111734
 220 53.29608938547489
 92 55.3072625698324
 163 57.31843575418995
 298 59.32960893854749
 67 61.34078212290504
 121 63.35195530726259
 73 65.36312849162013
 126 67.37430167597768
 55 69.38547486033519
 33 71.39664804469274
 65 73.40782122905028
 8 75.41899441340783
 8 77.43016759776538
 1 79.44134078212289
 2 81.45251396648047
 1 83.46368715083798
 6 85.47486033519556
 10 87.48603351955308
 7986 89.49720670391065
 6 91.50837988826817
 4 93.51955307262574
 2 95.53072625698326
 0 97.54189944134077
 3 99.55307262569835
 15 101.5642458100559
 22 103.5754189944134
 46 105.586592178771
 28 107.5977653631285
 119 109.608938547486
 130 111.6201117318436
 150 113.6312849162011
 6 115.6424581005587
 212 117.6536312849162
 188 119.6648044692737
 105 121.6759776536313
 167 123.6871508379888
 188 125.6983240223464
 90 127.7094972067039
 155 129.7206703910614
 198 131.731843575419
 3 133.7430167597765
 121 135.7541899441341
 216 137.7653631284916
 112 139.7765363128492
 137 141.7877094972067
 532 143.7988826815642
 130 145.8100558659218
 203 147.8212290502793
 48 149.8324022346369
 149 151.8435754189944
 59 153.854748603352
 478 155.8659217877095
 51 157.8770949720671
 144 159.8882681564246
 73 161.8994413407821
 54 163.9106145251397
 26 165.9217877094972
 165 167.9329608938548
 241 169.9441340782123
 360 171.9553072625699
 7 173.9664804469274
 174 175.9776536312849
 1 177.9888268156425
 0 180


