# Created by Octave 3.8.2, Mon Jun 22 02:52:50 2020 CEST <damian@fptrucha.inv.usc.es>
# name: hd
# type: matrix
# rows: 180
# columns: 2
 4 -180
 146 -177.9888268156425
 5 -175.9776536312849
 345 -173.9664804469274
 215 -171.9553072625698
 136 -169.9441340782123
 32 -167.9329608938548
 49 -165.9217877094972
 54 -163.9106145251397
 150 -161.8994413407821
 42 -159.8882681564246
 488 -157.877094972067
 50 -155.8659217877095
 125 -153.854748603352
 28 -151.8435754189944
 71 -149.8324022346369
 205 -147.8212290502793
 537 -145.8100558659218
 120 -143.7988826815642
 81 -141.7877094972067
 144 -139.7765363128491
 111 -137.7653631284916
 3 -135.7541899441341
 176 -133.7430167597765
 132 -131.731843575419
 75 -129.7206703910614
 162 -127.7094972067039
 211 -125.6983240223464
 84 -123.6871508379888
 174 -121.6759776536313
 195 -119.6648044692737
 5 -117.6536312849162
 128 -115.6424581005587
 112 -113.6312849162011
 109 -111.6201117318436
 18 -109.608938547486
 38 -107.5977653631285
 18 -105.5865921787709
 15 -103.5754189944134
 3 -101.5642458100559
 1 -99.55307262569832
 2 -97.54189944134077
 5 -95.53072625698323
 9 -93.5195530726257
 7217 -91.50837988826815
 12 -89.49720670391061
 5 -87.48603351955308
 4 -85.47486033519553
 0 -83.46368715083798
 1 -81.45251396648044
 1 -79.44134078212289
 8 -77.43016759776536
 47 -75.41899441340782
 24 -73.40782122905027
 41 -71.39664804469274
 100 -69.38547486033519
 55 -67.37430167597765
 112 -65.3631284916201
 49 -63.35195530726256
 237 -61.34078212290503
 138 -59.32960893854748
 172 -57.31843575418993
 76 -55.3072625698324
 63 -53.29608938547486
 208 -51.28491620111731
 69 -49.27374301675977
 124 -47.26256983240222
 4 -45.25139664804468
 257 -43.24022346368713
 3 -41.22905027932961
 137 -39.21787709497207
 268 -37.20670391061452
 412 -35.19553072625698
 105 -33.18435754189943
 54 -31.17318435754188
 168 -29.16201117318434
 12 -27.15083798882682
 64 -25.13966480446928
 547 -23.12849162011173
 126 -21.11731843575419
 57 -19.10614525139664
 9 -17.09497206703909
 48 -15.08379888268155
 154 -13.072625698324
 3 -11.06145251396646
 551 -9.050279329608941
 2 -7.039106145251395
 128 -5.02793296089385
 20 -3.016759776536304
 3 -1.005586592178759
 17 1.005586592178787
 119 3.016759776536333
 7 5.02793296089385
 522 7.039106145251395
 14 9.050279329608941
 143 11.06145251396649
 54 13.07262569832403
 14 15.08379888268158
 52 17.09497206703912
 132 19.10614525139667
 502 21.11731843575421
 61 23.12849162011173
 85 25.13966480446928
 89 27.15083798882682
 58 29.16201117318437
 179 31.17318435754191
 316 33.18435754189946
 229 35.195530726257
 129 37.20670391061452
 39 39.21787709497207
 260 41.22905027932961
 2 43.24022346368716
 123 45.2513966480447
 57 47.26256983240225
 227 49.27374301675979
 69 51.28491620111734
 163 53.29608938547489
 86 55.3072625698324
 133 57.31843575418995
 265 59.32960893854749
 68 61.34078212290504
 112 63.35195530726259
 84 65.36312849162013
 115 67.37430167597768
 47 69.38547486033519
 26 71.39664804469274
 58 73.40782122905028
 11 75.41899441340783
 13 77.43016759776538
 3 79.44134078212289
 1 81.45251396648047
 4 83.46368715083798
 8 85.47486033519556
 11 87.48603351955308
 7063 89.49720670391065
 10 91.50837988826817
 3 93.51955307262574
 1 95.53072625698326
 1 97.54189944134077
 10 99.55307262569835
 13 101.5642458100559
 23 103.5754189944134
 47 105.586592178771
 13 107.5977653631285
 116 109.608938547486
 118 111.6201117318436
 100 113.6312849162011
 5 115.6424581005587
 167 117.6536312849162
 177 119.6648044692737
 99 121.6759776536313
 174 123.6871508379888
 173 125.6983240223464
 94 127.7094972067039
 152 129.7206703910614
 190 131.731843575419
 3 133.7430167597765
 105 135.7541899441341
 151 137.7653631284916
 93 139.7765363128492
 130 141.7877094972067
 462 143.7988826815642
 99 145.8100558659218
 172 147.8212290502793
 45 149.8324022346369
 131 151.8435754189944
 66 153.854748603352
 472 155.8659217877095
 53 157.8770949720671
 143 159.8882681564246
 77 161.8994413407821
 55 163.9106145251397
 19 165.9217877094972
 136 167.9329608938548
 179 169.9441340782123
 333 171.9553072625699
 9 173.9664804469274
 146 175.9776536312849
 8 177.9888268156425
 0 180


