# Created by Octave 3.8.2, Mon Jun 22 23:09:32 2020 CEST <damian@fptrucha.inv.usc.es>
# name: hd
# type: matrix
# rows: 180
# columns: 2
 4 -180
 194 -177.9888268156425
 4 -175.9776536312849
 377 -173.9664804469274
 234 -171.9553072625698
 169 -169.9441340782123
 29 -167.9329608938548
 46 -165.9217877094972
 86 -163.9106145251397
 163 -161.8994413407821
 62 -159.8882681564246
 599 -157.877094972067
 80 -155.8659217877095
 133 -153.854748603352
 43 -151.8435754189944
 76 -149.8324022346369
 244 -147.8212290502793
 621 -145.8100558659218
 151 -143.7988826815642
 120 -141.7877094972067
 193 -139.7765363128491
 147 -137.7653631284916
 3 -135.7541899441341
 170 -133.7430167597765
 197 -131.731843575419
 82 -129.7206703910614
 218 -127.7094972067039
 271 -125.6983240223464
 87 -123.6871508379888
 227 -121.6759776536313
 188 -119.6648044692737
 0 -117.6536312849162
 138 -115.6424581005587
 139 -113.6312849162011
 145 -111.6201117318436
 16 -109.608938547486
 42 -107.5977653631285
 26 -105.5865921787709
 14 -103.5754189944134
 3 -101.5642458100559
 1 -99.55307262569832
 4 -97.54189944134077
 1 -95.53072625698323
 11 -93.5195530726257
 8479 -91.50837988826815
 14 -89.49720670391061
 5 -87.48603351955308
 1 -85.47486033519553
 0 -83.46368715083798
 4 -81.45251396648044
 6 -79.44134078212289
 4 -77.43016759776536
 66 -75.41899441340782
 28 -73.40782122905027
 46 -71.39664804469274
 126 -69.38547486033519
 91 -67.37430167597765
 115 -65.3631284916201
 69 -63.35195530726256
 269 -61.34078212290503
 170 -59.32960893854748
 240 -57.31843575418993
 84 -55.3072625698324
 73 -53.29608938547486
 210 -51.28491620111731
 69 -49.27374301675977
 120 -47.26256983240222
 2 -45.25139664804468
 306 -43.24022346368713
 5 -41.22905027932961
 158 -39.21787709497207
 311 -37.20670391061452
 491 -35.19553072625698
 135 -33.18435754189943
 71 -31.17318435754188
 154 -29.16201117318434
 11 -27.15083798882682
 87 -25.13966480446928
 646 -23.12849162011173
 168 -21.11731843575419
 62 -19.10614525139664
 13 -17.09497206703909
 31 -15.08379888268155
 183 -13.072625698324
 14 -11.06145251396646
 603 -9.050279329608941
 2 -7.039106145251395
 117 -5.02793296089385
 22 -3.016759776536304
 5 -1.005586592178759
 22 1.005586592178787
 151 3.016759776536333
 2 5.02793296089385
 583 7.039106145251395
 11 9.050279329608941
 139 11.06145251396649
 43 13.07262569832403
 16 15.08379888268158
 59 17.09497206703912
 118 19.10614525139667
 593 21.11731843575421
 97 23.12849162011173
 99 25.13966480446928
 117 27.15083798882682
 64 29.16201117318437
 203 31.17318435754191
 360 33.18435754189946
 284 35.195530726257
 149 37.20670391061452
 34 39.21787709497207
 342 41.22905027932961
 2 43.24022346368716
 119 45.2513966480447
 57 47.26256983240225
 244 49.27374301675979
 103 51.28491620111734
 187 53.29608938547489
 71 55.3072625698324
 165 57.31843575418995
 282 59.32960893854749
 67 61.34078212290504
 146 63.35195530726259
 85 65.36312849162013
 129 67.37430167597768
 57 69.38547486033519
 42 71.39664804469274
 45 73.40782122905028
 14 75.41899441340783
 8 77.43016759776538
 1 79.44134078212289
 0 81.45251396648047
 1 83.46368715083798
 3 85.47486033519556
 7 87.48603351955308
 7998 89.49720670391065
 7 91.50837988826817
 6 93.51955307262574
 1 95.53072625698326
 1 97.54189944134077
 6 99.55307262569835
 26 101.5642458100559
 27 103.5754189944134
 42 105.586592178771
 28 107.5977653631285
 113 109.608938547486
 131 111.6201117318436
 165 113.6312849162011
 5 115.6424581005587
 212 117.6536312849162
 205 119.6648044692737
 110 121.6759776536313
 201 123.6871508379888
 185 125.6983240223464
 98 127.7094972067039
 174 129.7206703910614
 195 131.731843575419
 3 133.7430167597765
 123 135.7541899441341
 200 137.7653631284916
 118 139.7765363128492
 164 141.7877094972067
 519 143.7988826815642
 125 145.8100558659218
 240 147.8212290502793
 55 149.8324022346369
 149 151.8435754189944
 72 153.854748603352
 490 155.8659217877095
 64 157.8770949720671
 154 159.8882681564246
 77 161.8994413407821
 57 163.9106145251397
 14 165.9217877094972
 147 167.9329608938548
 214 169.9441340782123
 366 171.9553072625699
 7 173.9664804469274
 167 175.9776536312849
 8 177.9888268156425
 0 180


