# Created by Octave 3.8.2, Mon Jun 22 23:18:54 2020 CEST <damian@fptrucha.inv.usc.es>
# name: hd
# type: matrix
# rows: 180
# columns: 2
 4 -180
 205 -177.9888268156425
 1 -175.9776536312849
 392 -173.9664804469274
 218 -171.9553072625698
 152 -169.9441340782123
 39 -167.9329608938548
 43 -165.9217877094972
 65 -163.9106145251397
 148 -161.8994413407821
 55 -159.8882681564246
 603 -157.877094972067
 72 -155.8659217877095
 139 -153.854748603352
 47 -151.8435754189944
 68 -149.8324022346369
 274 -147.8212290502793
 678 -145.8100558659218
 156 -143.7988826815642
 95 -141.7877094972067
 205 -139.7765363128491
 125 -137.7653631284916
 1 -135.7541899441341
 163 -133.7430167597765
 176 -131.731843575419
 106 -129.7206703910614
 201 -127.7094972067039
 255 -125.6983240223464
 114 -123.6871508379888
 192 -121.6759776536313
 223 -119.6648044692737
 3 -117.6536312849162
 129 -115.6424581005587
 135 -113.6312849162011
 149 -111.6201117318436
 27 -109.608938547486
 42 -107.5977653631285
 36 -105.5865921787709
 14 -103.5754189944134
 3 -101.5642458100559
 1 -99.55307262569832
 0 -97.54189944134077
 1 -95.53072625698323
 4 -93.5195530726257
 8609 -91.50837988826815
 20 -89.49720670391061
 8 -87.48603351955308
 4 -85.47486033519553
 0 -83.46368715083798
 3 -81.45251396648044
 9 -79.44134078212289
 12 -77.43016759776536
 62 -75.41899441340782
 26 -73.40782122905027
 76 -71.39664804469274
 125 -69.38547486033519
 64 -67.37430167597765
 93 -65.3631284916201
 54 -63.35195530726256
 257 -61.34078212290503
 156 -59.32960893854748
 230 -57.31843575418993
 98 -55.3072625698324
 93 -53.29608938547486
 245 -51.28491620111731
 61 -49.27374301675977
 110 -47.26256983240222
 2 -45.25139664804468
 314 -43.24022346368713
 3 -41.22905027932961
 168 -39.21787709497207
 320 -37.20670391061452
 546 -35.19553072625698
 148 -33.18435754189943
 47 -31.17318435754188
 195 -29.16201117318434
 10 -27.15083798882682
 68 -25.13966480446928
 626 -23.12849162011173
 160 -21.11731843575419
 54 -19.10614525139664
 9 -17.09497206703909
 40 -15.08379888268155
 152 -13.072625698324
 6 -11.06145251396646
 598 -9.050279329608941
 1 -7.039106145251395
 129 -5.02793296089385
 27 -3.016759776536304
 6 -1.005586592178759
 19 1.005586592178787
 127 3.016759776536333
 1 5.02793296089385
 577 7.039106145251395
 9 9.050279329608941
 175 11.06145251396649
 43 13.07262569832403
 18 15.08379888268158
 65 17.09497206703912
 124 19.10614525139667
 567 21.11731843575421
 63 23.12849162011173
 83 25.13966480446928
 112 27.15083798882682
 54 29.16201117318437
 191 31.17318435754191
 318 33.18435754189946
 250 35.195530726257
 193 37.20670391061452
 51 39.21787709497207
 276 41.22905027932961
 3 43.24022346368716
 125 45.2513966480447
 88 47.26256983240225
 225 49.27374301675979
 81 51.28491620111734
 211 53.29608938547489
 89 55.3072625698324
 149 57.31843575418995
 290 59.32960893854749
 76 61.34078212290504
 124 63.35195530726259
 74 65.36312849162013
 142 67.37430167597768
 47 69.38547486033519
 51 71.39664804469274
 52 73.40782122905028
 10 75.41899441340783
 7 77.43016759776538
 5 79.44134078212289
 0 81.45251396648047
 2 83.46368715083798
 6 85.47486033519556
 14 87.48603351955308
 8257 89.49720670391065
 8 91.50837988826817
 2 93.51955307262574
 2 95.53072625698326
 0 97.54189944134077
 6 99.55307262569835
 24 101.5642458100559
 19 103.5754189944134
 40 105.586592178771
 26 107.5977653631285
 119 109.608938547486
 124 111.6201117318436
 142 113.6312849162011
 2 115.6424581005587
 205 117.6536312849162
 188 119.6648044692737
 99 121.6759776536313
 188 123.6871508379888
 214 125.6983240223464
 93 127.7094972067039
 168 129.7206703910614
 194 131.731843575419
 1 133.7430167597765
 126 135.7541899441341
 189 137.7653631284916
 111 139.7765363128492
 147 141.7877094972067
 516 143.7988826815642
 148 145.8100558659218
 236 147.8212290502793
 50 149.8324022346369
 155 151.8435754189944
 56 153.854748603352
 510 155.8659217877095
 51 157.8770949720671
 140 159.8882681564246
 65 161.8994413407821
 52 163.9106145251397
 14 165.9217877094972
 144 167.9329608938548
 259 169.9441340782123
 382 171.9553072625699
 5 173.9664804469274
 181 175.9776536312849
 3 177.9888268156425
 0 180


