# Created by Octave 3.8.2, Sat Jun 20 22:56:34 2020 CEST <damian@fptrucha.inv.usc.es>
# name: hd
# type: matrix
# rows: 180
# columns: 2
 4 -180
 145 -177.9888268156425
 2 -175.9776536312849
 360 -173.9664804469274
 230 -171.9553072625698
 141 -169.9441340782123
 37 -167.9329608938548
 37 -165.9217877094972
 45 -163.9106145251397
 128 -161.8994413407821
 34 -159.8882681564246
 614 -157.877094972067
 44 -155.8659217877095
 111 -153.854748603352
 35 -151.8435754189944
 51 -149.8324022346369
 192 -147.8212290502793
 614 -145.8100558659218
 118 -143.7988826815642
 83 -141.7877094972067
 132 -139.7765363128491
 90 -137.7653631284916
 4 -135.7541899441341
 157 -133.7430167597765
 145 -131.731843575419
 79 -129.7206703910614
 179 -127.7094972067039
 218 -125.6983240223464
 80 -123.6871508379888
 196 -121.6759776536313
 185 -119.6648044692737
 4 -117.6536312849162
 83 -115.6424581005587
 109 -113.6312849162011
 124 -111.6201117318436
 12 -109.608938547486
 28 -107.5977653631285
 19 -105.5865921787709
 11 -103.5754189944134
 5 -101.5642458100559
 0 -99.55307262569832
 0 -97.54189944134077
 0 -95.53072625698323
 4 -93.5195530726257
 7944 -91.50837988826815
 13 -89.49720670391061
 2 -87.48603351955308
 2 -85.47486033519553
 0 -83.46368715083798
 1 -81.45251396648044
 7 -79.44134078212289
 4 -77.43016759776536
 41 -75.41899441340782
 28 -73.40782122905027
 43 -71.39664804469274
 116 -69.38547486033519
 61 -67.37430167597765
 91 -65.3631284916201
 53 -63.35195530726256
 226 -61.34078212290503
 131 -59.32960893854748
 206 -57.31843575418993
 105 -55.3072625698324
 72 -53.29608938547486
 217 -51.28491620111731
 48 -49.27374301675977
 96 -47.26256983240222
 1 -45.25139664804468
 270 -43.24022346368713
 0 -41.22905027932961
 174 -39.21787709497207
 284 -37.20670391061452
 449 -35.19553072625698
 78 -33.18435754189943
 39 -31.17318435754188
 122 -29.16201117318434
 6 -27.15083798882682
 56 -25.13966480446928
 651 -23.12849162011173
 145 -21.11731843575419
 48 -19.10614525139664
 4 -17.09497206703909
 30 -15.08379888268155
 141 -13.072625698324
 9 -11.06145251396646
 592 -9.050279329608941
 3 -7.039106145251395
 118 -5.02793296089385
 19 -3.016759776536304
 4 -1.005586592178759
 25 1.005586592178787
 117 3.016759776536333
 4 5.02793296089385
 543 7.039106145251395
 9 9.050279329608941
 127 11.06145251396649
 45 13.07262569832403
 9 15.08379888268158
 55 17.09497206703912
 98 19.10614525139667
 506 21.11731843575421
 51 23.12849162011173
 82 25.13966480446928
 110 27.15083798882682
 50 29.16201117318437
 219 31.17318435754191
 335 33.18435754189946
 234 35.195530726257
 165 37.20670391061452
 39 39.21787709497207
 305 41.22905027932961
 1 43.24022346368716
 111 45.2513966480447
 68 47.26256983240225
 227 49.27374301675979
 97 51.28491620111734
 203 53.29608938547489
 74 55.3072625698324
 132 57.31843575418995
 245 59.32960893854749
 61 61.34078212290504
 117 63.35195530726259
 81 65.36312849162013
 99 67.37430167597768
 40 69.38547486033519
 23 71.39664804469274
 48 73.40782122905028
 5 75.41899441340783
 4 77.43016759776538
 1 79.44134078212289
 1 81.45251396648047
 3 83.46368715083798
 1 85.47486033519556
 9 87.48603351955308
 7534 89.49720670391065
 5 91.50837988826817
 4 93.51955307262574
 1 95.53072625698326
 0 97.54189944134077
 3 99.55307262569835
 14 101.5642458100559
 13 103.5754189944134
 30 105.586592178771
 27 107.5977653631285
 92 109.608938547486
 116 111.6201117318436
 111 113.6312849162011
 4 115.6424581005587
 219 117.6536312849162
 159 119.6648044692737
 87 121.6759776536313
 174 123.6871508379888
 181 125.6983240223464
 90 127.7094972067039
 157 129.7206703910614
 165 131.731843575419
 4 133.7430167597765
 123 135.7541899441341
 158 137.7653631284916
 96 139.7765363128492
 137 141.7877094972067
 451 143.7988826815642
 119 145.8100558659218
 223 147.8212290502793
 39 149.8324022346369
 152 151.8435754189944
 68 153.854748603352
 434 155.8659217877095
 46 157.8770949720671
 130 159.8882681564246
 66 161.8994413407821
 51 163.9106145251397
 24 165.9217877094972
 116 167.9329608938548
 232 169.9441340782123
 356 171.9553072625699
 2 173.9664804469274
 149 175.9776536312849
 0 177.9888268156425
 0 180


