# Created by Octave 3.8.2, Sun Jun 21 01:32:24 2020 CEST <damian@fptrucha.inv.usc.es>
# name: hd
# type: matrix
# rows: 180
# columns: 2
 6 -180
 129 -177.9888268156425
 4 -175.9776536312849
 355 -173.9664804469274
 209 -171.9553072625698
 140 -169.9441340782123
 31 -167.9329608938548
 42 -165.9217877094972
 46 -163.9106145251397
 153 -161.8994413407821
 37 -159.8882681564246
 595 -157.877094972067
 59 -155.8659217877095
 100 -153.854748603352
 49 -151.8435754189944
 50 -149.8324022346369
 206 -147.8212290502793
 605 -145.8100558659218
 109 -143.7988826815642
 72 -141.7877094972067
 168 -139.7765363128491
 107 -137.7653631284916
 4 -135.7541899441341
 155 -133.7430167597765
 139 -131.731843575419
 66 -129.7206703910614
 183 -127.7094972067039
 238 -125.6983240223464
 99 -123.6871508379888
 165 -121.6759776536313
 163 -119.6648044692737
 5 -117.6536312849162
 74 -115.6424581005587
 122 -113.6312849162011
 110 -111.6201117318436
 14 -109.608938547486
 39 -107.5977653631285
 30 -105.5865921787709
 8 -103.5754189944134
 4 -101.5642458100559
 0 -99.55307262569832
 1 -97.54189944134077
 1 -95.53072625698323
 10 -93.5195530726257
 7778 -91.50837988826815
 13 -89.49720670391061
 1 -87.48603351955308
 2 -85.47486033519553
 0 -83.46368715083798
 2 -81.45251396648044
 3 -79.44134078212289
 2 -77.43016759776536
 44 -75.41899441340782
 21 -73.40782122905027
 46 -71.39664804469274
 121 -69.38547486033519
 49 -67.37430167597765
 74 -65.3631284916201
 44 -63.35195530726256
 239 -61.34078212290503
 134 -59.32960893854748
 225 -57.31843575418993
 77 -55.3072625698324
 82 -53.29608938547486
 217 -51.28491620111731
 43 -49.27374301675977
 106 -47.26256983240222
 1 -45.25139664804468
 241 -43.24022346368713
 0 -41.22905027932961
 134 -39.21787709497207
 300 -37.20670391061452
 403 -35.19553072625698
 116 -33.18435754189943
 55 -31.17318435754188
 137 -29.16201117318434
 13 -27.15083798882682
 42 -25.13966480446928
 599 -23.12849162011173
 123 -21.11731843575419
 46 -19.10614525139664
 6 -17.09497206703909
 44 -15.08379888268155
 165 -13.072625698324
 9 -11.06145251396646
 557 -9.050279329608941
 3 -7.039106145251395
 125 -5.02793296089385
 23 -3.016759776536304
 1 -1.005586592178759
 13 1.005586592178787
 115 3.016759776536333
 5 5.02793296089385
 535 7.039106145251395
 4 9.050279329608941
 142 11.06145251396649
 41 13.07262569832403
 10 15.08379888268158
 53 17.09497206703912
 100 19.10614525139667
 504 21.11731843575421
 72 23.12849162011173
 102 25.13966480446928
 113 27.15083798882682
 52 29.16201117318437
 214 31.17318435754191
 277 33.18435754189946
 229 35.195530726257
 154 37.20670391061452
 31 39.21787709497207
 275 41.22905027932961
 1 43.24022346368716
 123 45.2513966480447
 64 47.26256983240225
 236 49.27374301675979
 90 51.28491620111734
 185 53.29608938547489
 55 55.3072625698324
 132 57.31843575418995
 244 59.32960893854749
 43 61.34078212290504
 94 63.35195530726259
 69 65.36312849162013
 95 67.37430167597768
 43 69.38547486033519
 31 71.39664804469274
 57 73.40782122905028
 6 75.41899441340783
 3 77.43016759776538
 1 79.44134078212289
 1 81.45251396648047
 0 83.46368715083798
 4 85.47486033519556
 9 87.48603351955308
 7534 89.49720670391065
 6 91.50837988826817
 4 93.51955307262574
 1 95.53072625698326
 0 97.54189944134077
 0 99.55307262569835
 11 101.5642458100559
 31 103.5754189944134
 26 105.586592178771
 18 107.5977653631285
 106 109.608938547486
 105 111.6201117318436
 110 113.6312849162011
 1 115.6424581005587
 208 117.6536312849162
 144 119.6648044692737
 86 121.6759776536313
 179 123.6871508379888
 199 125.6983240223464
 76 127.7094972067039
 149 129.7206703910614
 170 131.731843575419
 3 133.7430167597765
 116 135.7541899441341
 158 137.7653631284916
 90 139.7765363128492
 153 141.7877094972067
 452 143.7988826815642
 104 145.8100558659218
 221 147.8212290502793
 32 149.8324022346369
 132 151.8435754189944
 55 153.854748603352
 428 155.8659217877095
 48 157.8770949720671
 116 159.8882681564246
 74 161.8994413407821
 57 163.9106145251397
 17 165.9217877094972
 123 167.9329608938548
 212 169.9441340782123
 336 171.9553072625699
 3 173.9664804469274
 150 175.9776536312849
 1 177.9888268156425
 0 180


