# Created by Octave 3.8.2, Sun Jun 21 04:16:46 2020 CEST <damian@fptrucha.inv.usc.es>
# name: hd
# type: matrix
# rows: 180
# columns: 2
 2 -180
 161 -177.9888268156425
 6 -175.9776536312849
 315 -173.9664804469274
 220 -171.9553072625698
 170 -169.9441340782123
 41 -167.9329608938548
 38 -165.9217877094972
 39 -163.9106145251397
 130 -161.8994413407821
 41 -159.8882681564246
 603 -157.877094972067
 61 -155.8659217877095
 119 -153.854748603352
 35 -151.8435754189944
 68 -149.8324022346369
 194 -147.8212290502793
 565 -145.8100558659218
 119 -143.7988826815642
 85 -141.7877094972067
 184 -139.7765363128491
 110 -137.7653631284916
 6 -135.7541899441341
 141 -133.7430167597765
 123 -131.731843575419
 59 -129.7206703910614
 177 -127.7094972067039
 197 -125.6983240223464
 82 -123.6871508379888
 177 -121.6759776536313
 193 -119.6648044692737
 5 -117.6536312849162
 92 -115.6424581005587
 104 -113.6312849162011
 111 -111.6201117318436
 11 -109.608938547486
 31 -107.5977653631285
 20 -105.5865921787709
 10 -103.5754189944134
 0 -101.5642458100559
 0 -99.55307262569832
 0 -97.54189944134077
 4 -95.53072625698323
 7 -93.5195530726257
 7907 -91.50837988826815
 8 -89.49720670391061
 2 -87.48603351955308
 2 -85.47486033519553
 0 -83.46368715083798
 0 -81.45251396648044
 8 -79.44134078212289
 2 -77.43016759776536
 53 -75.41899441340782
 30 -73.40782122905027
 48 -71.39664804469274
 103 -69.38547486033519
 82 -67.37430167597765
 87 -65.3631284916201
 55 -63.35195530726256
 266 -61.34078212290503
 160 -59.32960893854748
 215 -57.31843575418993
 88 -55.3072625698324
 70 -53.29608938547486
 225 -51.28491620111731
 60 -49.27374301675977
 117 -47.26256983240222
 3 -45.25139664804468
 259 -43.24022346368713
 3 -41.22905027932961
 147 -39.21787709497207
 288 -37.20670391061452
 482 -35.19553072625698
 110 -33.18435754189943
 48 -31.17318435754188
 157 -29.16201117318434
 10 -27.15083798882682
 59 -25.13966480446928
 624 -23.12849162011173
 136 -21.11731843575419
 47 -19.10614525139664
 8 -17.09497206703909
 27 -15.08379888268155
 160 -13.072625698324
 12 -11.06145251396646
 512 -9.050279329608941
 1 -7.039106145251395
 131 -5.02793296089385
 18 -3.016759776536304
 5 -1.005586592178759
 18 1.005586592178787
 143 3.016759776536333
 2 5.02793296089385
 508 7.039106145251395
 5 9.050279329608941
 125 11.06145251396649
 47 13.07262569832403
 12 15.08379888268158
 50 17.09497206703912
 129 19.10614525139667
 503 21.11731843575421
 56 23.12849162011173
 107 25.13966480446928
 97 27.15083798882682
 53 29.16201117318437
 222 31.17318435754191
 305 33.18435754189946
 241 35.195530726257
 153 37.20670391061452
 29 39.21787709497207
 281 41.22905027932961
 0 43.24022346368716
 114 45.2513966480447
 59 47.26256983240225
 214 49.27374301675979
 90 51.28491620111734
 203 53.29608938547489
 82 55.3072625698324
 123 57.31843575418995
 259 59.32960893854749
 59 61.34078212290504
 117 63.35195530726259
 80 65.36312849162013
 109 67.37430167597768
 43 69.38547486033519
 29 71.39664804469274
 36 73.40782122905028
 8 75.41899441340783
 8 77.43016759776538
 2 79.44134078212289
 0 81.45251396648047
 0 83.46368715083798
 3 85.47486033519556
 16 87.48603351955308
 7418 89.49720670391065
 4 91.50837988826817
 0 93.51955307262574
 1 95.53072625698326
 0 97.54189944134077
 4 99.55307262569835
 9 101.5642458100559
 19 103.5754189944134
 35 105.586592178771
 14 107.5977653631285
 82 109.608938547486
 130 111.6201117318436
 127 113.6312849162011
 0 115.6424581005587
 217 117.6536312849162
 138 119.6648044692737
 102 121.6759776536313
 179 123.6871508379888
 161 125.6983240223464
 75 127.7094972067039
 162 129.7206703910614
 163 131.731843575419
 4 133.7430167597765
 129 135.7541899441341
 145 137.7653631284916
 104 139.7765363128492
 158 141.7877094972067
 439 143.7988826815642
 124 145.8100558659218
 228 147.8212290502793
 43 149.8324022346369
 150 151.8435754189944
 74 153.854748603352
 424 155.8659217877095
 50 157.8770949720671
 124 159.8882681564246
 63 161.8994413407821
 47 163.9106145251397
 16 165.9217877094972
 133 167.9329608938548
 212 169.9441340782123
 318 171.9553072625699
 2 173.9664804469274
 142 175.9776536312849
 6 177.9888268156425
 0 180


