# Created by Octave 3.8.2, Sat Jun 20 20:10:03 2020 CEST <damian@fptrucha.inv.usc.es>
# name: hd
# type: matrix
# rows: 180
# columns: 2
 4 -180
 165 -177.9888268156425
 3 -175.9776536312849
 407 -173.9664804469274
 251 -171.9553072625698
 162 -169.9441340782123
 33 -167.9329608938548
 34 -165.9217877094972
 47 -163.9106145251397
 171 -161.8994413407821
 29 -159.8882681564246
 607 -157.877094972067
 69 -155.8659217877095
 123 -153.854748603352
 45 -151.8435754189944
 52 -149.8324022346369
 182 -147.8212290502793
 615 -145.8100558659218
 141 -143.7988826815642
 84 -141.7877094972067
 161 -139.7765363128491
 110 -137.7653631284916
 3 -135.7541899441341
 147 -133.7430167597765
 140 -131.731843575419
 73 -129.7206703910614
 161 -127.7094972067039
 205 -125.6983240223464
 93 -123.6871508379888
 187 -121.6759776536313
 178 -119.6648044692737
 1 -117.6536312849162
 82 -115.6424581005587
 97 -113.6312849162011
 125 -111.6201117318436
 14 -109.608938547486
 37 -107.5977653631285
 20 -105.5865921787709
 13 -103.5754189944134
 1 -101.5642458100559
 2 -99.55307262569832
 0 -97.54189944134077
 3 -95.53072625698323
 3 -93.5195530726257
 8188 -91.50837988826815
 13 -89.49720670391061
 2 -87.48603351955308
 1 -85.47486033519553
 0 -83.46368715083798
 1 -81.45251396648044
 5 -79.44134078212289
 5 -77.43016759776536
 49 -75.41899441340782
 28 -73.40782122905027
 62 -71.39664804469274
 116 -69.38547486033519
 75 -67.37430167597765
 97 -65.3631284916201
 38 -63.35195530726256
 293 -61.34078212290503
 132 -59.32960893854748
 217 -57.31843575418993
 93 -55.3072625698324
 68 -53.29608938547486
 210 -51.28491620111731
 48 -49.27374301675977
 118 -47.26256983240222
 0 -45.25139664804468
 267 -43.24022346368713
 0 -41.22905027932961
 150 -39.21787709497207
 287 -37.20670391061452
 447 -35.19553072625698
 101 -33.18435754189943
 53 -31.17318435754188
 158 -29.16201117318434
 9 -27.15083798882682
 54 -25.13966480446928
 612 -23.12849162011173
 158 -21.11731843575419
 39 -19.10614525139664
 8 -17.09497206703909
 28 -15.08379888268155
 169 -13.072625698324
 8 -11.06145251396646
 553 -9.050279329608941
 3 -7.039106145251395
 145 -5.02793296089385
 18 -3.016759776536304
 2 -1.005586592178759
 19 1.005586592178787
 114 3.016759776536333
 4 5.02793296089385
 517 7.039106145251395
 4 9.050279329608941
 126 11.06145251396649
 45 13.07262569832403
 11 15.08379888268158
 57 17.09497206703912
 98 19.10614525139667
 553 21.11731843575421
 47 23.12849162011173
 92 25.13966480446928
 118 27.15083798882682
 64 29.16201117318437
 213 31.17318435754191
 335 33.18435754189946
 245 35.195530726257
 154 37.20670391061452
 34 39.21787709497207
 257 41.22905027932961
 0 43.24022346368716
 105 45.2513966480447
 60 47.26256983240225
 212 49.27374301675979
 86 51.28491620111734
 185 53.29608938547489
 69 55.3072625698324
 123 57.31843575418995
 255 59.32960893854749
 70 61.34078212290504
 118 63.35195530726259
 87 65.36312849162013
 115 67.37430167597768
 47 69.38547486033519
 30 71.39664804469274
 47 73.40782122905028
 5 75.41899441340783
 2 77.43016759776538
 2 79.44134078212289
 0 81.45251396648047
 0 83.46368715083798
 2 85.47486033519556
 5 87.48603351955308
 7627 89.49720670391065
 4 91.50837988826817
 1 93.51955307262574
 0 95.53072625698326
 0 97.54189944134077
 0 99.55307262569835
 9 101.5642458100559
 20 103.5754189944134
 34 105.586592178771
 15 107.5977653631285
 105 109.608938547486
 122 111.6201117318436
 115 113.6312849162011
 5 115.6424581005587
 230 117.6536312849162
 151 119.6648044692737
 86 121.6759776536313
 204 123.6871508379888
 166 125.6983240223464
 102 127.7094972067039
 164 129.7206703910614
 175 131.731843575419
 4 133.7430167597765
 111 135.7541899441341
 160 137.7653631284916
 121 139.7765363128492
 132 141.7877094972067
 463 143.7988826815642
 121 145.8100558659218
 219 147.8212290502793
 29 149.8324022346369
 169 151.8435754189944
 65 153.854748603352
 428 155.8659217877095
 52 157.8770949720671
 122 159.8882681564246
 66 161.8994413407821
 57 163.9106145251397
 16 165.9217877094972
 125 167.9329608938548
 217 169.9441340782123
 314 171.9553072625699
 3 173.9664804469274
 143 175.9776536312849
 3 177.9888268156425
 0 180


