# Created by Octave 3.8.2, Sat Jun 20 23:27:07 2020 CEST <damian@fptrucha.inv.usc.es>
# name: hd
# type: matrix
# rows: 180
# columns: 2
 3 -180
 160 -177.9888268156425
 3 -175.9776536312849
 384 -173.9664804469274
 225 -171.9553072625698
 159 -169.9441340782123
 36 -167.9329608938548
 30 -165.9217877094972
 44 -163.9106145251397
 158 -161.8994413407821
 30 -159.8882681564246
 565 -157.877094972067
 62 -155.8659217877095
 125 -153.854748603352
 38 -151.8435754189944
 60 -149.8324022346369
 216 -147.8212290502793
 608 -145.8100558659218
 135 -143.7988826815642
 77 -141.7877094972067
 179 -139.7765363128491
 87 -137.7653631284916
 0 -135.7541899441341
 136 -133.7430167597765
 151 -131.731843575419
 67 -129.7206703910614
 187 -127.7094972067039
 216 -125.6983240223464
 98 -123.6871508379888
 200 -121.6759776536313
 199 -119.6648044692737
 2 -117.6536312849162
 83 -115.6424581005587
 115 -113.6312849162011
 125 -111.6201117318436
 19 -109.608938547486
 31 -107.5977653631285
 18 -105.5865921787709
 6 -103.5754189944134
 4 -101.5642458100559
 1 -99.55307262569832
 0 -97.54189944134077
 3 -95.53072625698323
 7 -93.5195530726257
 7828 -91.50837988826815
 7 -89.49720670391061
 3 -87.48603351955308
 0 -85.47486033519553
 1 -83.46368715083798
 0 -81.45251396648044
 6 -79.44134078212289
 3 -77.43016759776536
 47 -75.41899441340782
 26 -73.40782122905027
 50 -71.39664804469274
 114 -69.38547486033519
 73 -67.37430167597765
 82 -65.3631284916201
 31 -63.35195530726256
 258 -61.34078212290503
 144 -59.32960893854748
 239 -57.31843575418993
 98 -55.3072625698324
 63 -53.29608938547486
 219 -51.28491620111731
 48 -49.27374301675977
 99 -47.26256983240222
 3 -45.25139664804468
 273 -43.24022346368713
 1 -41.22905027932961
 133 -39.21787709497207
 313 -37.20670391061452
 449 -35.19553072625698
 99 -33.18435754189943
 56 -31.17318435754188
 152 -29.16201117318434
 13 -27.15083798882682
 45 -25.13966480446928
 633 -23.12849162011173
 153 -21.11731843575419
 45 -19.10614525139664
 13 -17.09497206703909
 33 -15.08379888268155
 135 -13.072625698324
 9 -11.06145251396646
 589 -9.050279329608941
 3 -7.039106145251395
 110 -5.02793296089385
 17 -3.016759776536304
 1 -1.005586592178759
 20 1.005586592178787
 107 3.016759776536333
 2 5.02793296089385
 530 7.039106145251395
 7 9.050279329608941
 136 11.06145251396649
 50 13.07262569832403
 7 15.08379888268158
 64 17.09497206703912
 104 19.10614525139667
 534 21.11731843575421
 57 23.12849162011173
 74 25.13966480446928
 92 27.15083798882682
 47 29.16201117318437
 200 31.17318435754191
 307 33.18435754189946
 231 35.195530726257
 133 37.20670391061452
 35 39.21787709497207
 285 41.22905027932961
 2 43.24022346368716
 129 45.2513966480447
 57 47.26256983240225
 253 49.27374301675979
 99 51.28491620111734
 182 53.29608938547489
 76 55.3072625698324
 113 57.31843575418995
 271 59.32960893854749
 50 61.34078212290504
 106 63.35195530726259
 58 65.36312849162013
 118 67.37430167597768
 48 69.38547486033519
 27 71.39664804469274
 35 73.40782122905028
 7 75.41899441340783
 7 77.43016759776538
 3 79.44134078212289
 0 81.45251396648047
 0 83.46368715083798
 5 85.47486033519556
 6 87.48603351955308
 7561 89.49720670391065
 4 91.50837988826817
 7 93.51955307262574
 1 95.53072625698326
 1 97.54189944134077
 4 99.55307262569835
 11 101.5642458100559
 18 103.5754189944134
 33 105.586592178771
 17 107.5977653631285
 100 109.608938547486
 98 111.6201117318436
 113 113.6312849162011
 3 115.6424581005587
 207 117.6536312849162
 156 119.6648044692737
 90 121.6759776536313
 174 123.6871508379888
 171 125.6983240223464
 76 127.7094972067039
 129 129.7206703910614
 165 131.731843575419
 2 133.7430167597765
 117 135.7541899441341
 150 137.7653631284916
 92 139.7765363128492
 175 141.7877094972067
 452 143.7988826815642
 132 145.8100558659218
 202 147.8212290502793
 36 149.8324022346369
 174 151.8435754189944
 55 153.854748603352
 442 155.8659217877095
 57 157.8770949720671
 150 159.8882681564246
 68 161.8994413407821
 36 163.9106145251397
 16 165.9217877094972
 120 167.9329608938548
 187 169.9441340782123
 311 171.9553072625699
 1 173.9664804469274
 140 175.9776536312849
 2 177.9888268156425
 0 180


