# Created by Octave 3.8.2, Sat Jun 20 02:04:23 2020 CEST <damian@fptrucha.inv.usc.es>
# name: hd
# type: matrix
# rows: 180
# columns: 2
 3 -180
 169 -177.9888268156425
 4 -175.9776536312849
 444 -173.9664804469274
 269 -171.9553072625698
 168 -169.9441340782123
 34 -167.9329608938548
 47 -165.9217877094972
 61 -163.9106145251397
 194 -161.8994413407821
 50 -159.8882681564246
 689 -157.877094972067
 77 -155.8659217877095
 146 -153.854748603352
 52 -151.8435754189944
 92 -149.8324022346369
 219 -147.8212290502793
 690 -145.8100558659218
 139 -143.7988826815642
 105 -141.7877094972067
 190 -139.7765363128491
 109 -137.7653631284916
 4 -135.7541899441341
 180 -133.7430167597765
 172 -131.731843575419
 88 -129.7206703910614
 198 -127.7094972067039
 243 -125.6983240223464
 107 -123.6871508379888
 205 -121.6759776536313
 215 -119.6648044692737
 2 -117.6536312849162
 107 -115.6424581005587
 146 -113.6312849162011
 147 -111.6201117318436
 20 -109.608938547486
 30 -107.5977653631285
 29 -105.5865921787709
 16 -103.5754189944134
 4 -101.5642458100559
 0 -99.55307262569832
 1 -97.54189944134077
 1 -95.53072625698323
 8 -93.5195530726257
 9177 -91.50837988826815
 11 -89.49720670391061
 0 -87.48603351955308
 1 -85.47486033519553
 1 -83.46368715083798
 2 -81.45251396648044
 3 -79.44134078212289
 3 -77.43016759776536
 49 -75.41899441340782
 26 -73.40782122905027
 61 -71.39664804469274
 113 -69.38547486033519
 79 -67.37430167597765
 114 -65.3631284916201
 50 -63.35195530726256
 317 -61.34078212290503
 172 -59.32960893854748
 280 -57.31843575418993
 108 -55.3072625698324
 83 -53.29608938547486
 226 -51.28491620111731
 59 -49.27374301675977
 122 -47.26256983240222
 5 -45.25139664804468
 315 -43.24022346368713
 3 -41.22905027932961
 150 -39.21787709497207
 343 -37.20670391061452
 505 -35.19553072625698
 119 -33.18435754189943
 55 -31.17318435754188
 154 -29.16201117318434
 6 -27.15083798882682
 67 -25.13966480446928
 662 -23.12849162011173
 174 -21.11731843575419
 51 -19.10614525139664
 9 -17.09497206703909
 44 -15.08379888268155
 149 -13.072625698324
 11 -11.06145251396646
 597 -9.050279329608941
 0 -7.039106145251395
 125 -5.02793296089385
 13 -3.016759776536304
 3 -1.005586592178759
 12 1.005586592178787
 132 3.016759776536333
 3 5.02793296089385
 570 7.039106145251395
 4 9.050279329608941
 144 11.06145251396649
 52 13.07262569832403
 9 15.08379888268158
 60 17.09497206703912
 126 19.10614525139667
 558 21.11731843575421
 63 23.12849162011173
 89 25.13966480446928
 90 27.15083798882682
 58 29.16201117318437
 245 31.17318435754191
 337 33.18435754189946
 241 35.195530726257
 145 37.20670391061452
 24 39.21787709497207
 274 41.22905027932961
 0 43.24022346368716
 104 45.2513966480447
 49 47.26256983240225
 225 49.27374301675979
 94 51.28491620111734
 171 53.29608938547489
 78 55.3072625698324
 124 57.31843575418995
 212 59.32960893854749
 61 61.34078212290504
 115 63.35195530726259
 77 65.36312849162013
 101 67.37430167597768
 57 69.38547486033519
 26 71.39664804469274
 35 73.40782122905028
 4 75.41899441340783
 3 77.43016759776538
 1 79.44134078212289
 0 81.45251396648047
 4 83.46368715083798
 4 85.47486033519556
 14 87.48603351955308
 7798 89.49720670391065
 6 91.50837988826817
 4 93.51955307262574
 1 95.53072625698326
 0 97.54189944134077
 2 99.55307262569835
 17 101.5642458100559
 15 103.5754189944134
 30 105.586592178771
 20 107.5977653631285
 108 109.608938547486
 120 111.6201117318436
 111 113.6312849162011
 1 115.6424581005587
 186 117.6536312849162
 164 119.6648044692737
 85 121.6759776536313
 175 123.6871508379888
 187 125.6983240223464
 75 127.7094972067039
 176 129.7206703910614
 185 131.731843575419
 3 133.7430167597765
 127 135.7541899441341
 173 137.7653631284916
 97 139.7765363128492
 143 141.7877094972067
 528 143.7988826815642
 114 145.8100558659218
 184 147.8212290502793
 37 149.8324022346369
 174 151.8435754189944
 75 153.854748603352
 547 155.8659217877095
 46 157.8770949720671
 145 159.8882681564246
 67 161.8994413407821
 47 163.9106145251397
 16 165.9217877094972
 119 167.9329608938548
 250 169.9441340782123
 373 171.9553072625699
 2 173.9664804469274
 153 175.9776536312849
 4 177.9888268156425
 0 180


