# Created by Octave 3.8.2, Sat Jun 20 13:22:20 2020 CEST <damian@fptrucha.inv.usc.es>
# name: hd
# type: matrix
# rows: 180
# columns: 2
 3 -180
 193 -177.9888268156425
 3 -175.9776536312849
 391 -173.9664804469274
 252 -171.9553072625698
 157 -169.9441340782123
 29 -167.9329608938548
 33 -165.9217877094972
 60 -163.9106145251397
 174 -161.8994413407821
 43 -159.8882681564246
 671 -157.877094972067
 51 -155.8659217877095
 135 -153.854748603352
 34 -151.8435754189944
 78 -149.8324022346369
 228 -147.8212290502793
 740 -145.8100558659218
 99 -143.7988826815642
 108 -141.7877094972067
 211 -139.7765363128491
 112 -137.7653631284916
 4 -135.7541899441341
 156 -133.7430167597765
 165 -131.731843575419
 82 -129.7206703910614
 203 -127.7094972067039
 260 -125.6983240223464
 115 -123.6871508379888
 215 -121.6759776536313
 192 -119.6648044692737
 2 -117.6536312849162
 107 -115.6424581005587
 124 -113.6312849162011
 113 -111.6201117318436
 9 -109.608938547486
 40 -107.5977653631285
 21 -105.5865921787709
 11 -103.5754189944134
 2 -101.5642458100559
 0 -99.55307262569832
 2 -97.54189944134077
 4 -95.53072625698323
 4 -93.5195530726257
 8538 -91.50837988826815
 10 -89.49720670391061
 5 -87.48603351955308
 0 -85.47486033519553
 0 -83.46368715083798
 1 -81.45251396648044
 3 -79.44134078212289
 4 -77.43016759776536
 39 -75.41899441340782
 24 -73.40782122905027
 51 -71.39664804469274
 132 -69.38547486033519
 86 -67.37430167597765
 94 -65.3631284916201
 63 -63.35195530726256
 280 -61.34078212290503
 150 -59.32960893854748
 238 -57.31843575418993
 113 -55.3072625698324
 91 -53.29608938547486
 220 -51.28491620111731
 62 -49.27374301675977
 94 -47.26256983240222
 4 -45.25139664804468
 297 -43.24022346368713
 5 -41.22905027932961
 148 -39.21787709497207
 319 -37.20670391061452
 460 -35.19553072625698
 115 -33.18435754189943
 63 -31.17318435754188
 151 -29.16201117318434
 15 -27.15083798882682
 54 -25.13966480446928
 679 -23.12849162011173
 135 -21.11731843575419
 56 -19.10614525139664
 14 -17.09497206703909
 39 -15.08379888268155
 161 -13.072625698324
 9 -11.06145251396646
 637 -9.050279329608941
 5 -7.039106145251395
 151 -5.02793296089385
 19 -3.016759776536304
 4 -1.005586592178759
 28 1.005586592178787
 134 3.016759776536333
 2 5.02793296089385
 524 7.039106145251395
 7 9.050279329608941
 135 11.06145251396649
 55 13.07262569832403
 6 15.08379888268158
 59 17.09497206703912
 124 19.10614525139667
 577 21.11731843575421
 67 23.12849162011173
 108 25.13966480446928
 122 27.15083798882682
 77 29.16201117318437
 253 31.17318435754191
 334 33.18435754189946
 273 35.195530726257
 165 37.20670391061452
 37 39.21787709497207
 286 41.22905027932961
 1 43.24022346368716
 127 45.2513966480447
 75 47.26256983240225
 252 49.27374301675979
 95 51.28491620111734
 200 53.29608938547489
 91 55.3072625698324
 154 57.31843575418995
 285 59.32960893854749
 65 61.34078212290504
 137 63.35195530726259
 85 65.36312849162013
 118 67.37430167597768
 53 69.38547486033519
 32 71.39664804469274
 62 73.40782122905028
 6 75.41899441340783
 5 77.43016759776538
 0 79.44134078212289
 0 81.45251396648047
 2 83.46368715083798
 7 85.47486033519556
 14 87.48603351955308
 8314 89.49720670391065
 7 91.50837988826817
 3 93.51955307262574
 0 95.53072625698326
 1 97.54189944134077
 5 99.55307262569835
 17 101.5642458100559
 28 103.5754189944134
 45 105.586592178771
 18 107.5977653631285
 123 109.608938547486
 143 111.6201117318436
 134 113.6312849162011
 5 115.6424581005587
 219 117.6536312849162
 142 119.6648044692737
 88 121.6759776536313
 197 123.6871508379888
 195 125.6983240223464
 75 127.7094972067039
 174 129.7206703910614
 209 131.731843575419
 1 133.7430167597765
 162 135.7541899441341
 196 137.7653631284916
 97 139.7765363128492
 152 141.7877094972067
 481 143.7988826815642
 127 145.8100558659218
 218 147.8212290502793
 43 149.8324022346369
 179 151.8435754189944
 65 153.854748603352
 509 155.8659217877095
 65 157.8770949720671
 136 159.8882681564246
 60 161.8994413407821
 57 163.9106145251397
 16 165.9217877094972
 117 167.9329608938548
 248 169.9441340782123
 368 171.9553072625699
 3 173.9664804469274
 155 175.9776536312849
 3 177.9888268156425
 0 180


