# Created by Octave 3.8.2, Mon Jun 22 18:59:48 2020 CEST <damian@fptrucha.inv.usc.es>
# name: hd
# type: matrix
# rows: 180
# columns: 2
 5 -180
 186 -177.9888268156425
 2 -175.9776536312849
 367 -173.9664804469274
 256 -171.9553072625698
 155 -169.9441340782123
 36 -167.9329608938548
 42 -165.9217877094972
 79 -163.9106145251397
 173 -161.8994413407821
 33 -159.8882681564246
 544 -157.877094972067
 72 -155.8659217877095
 154 -153.854748603352
 41 -151.8435754189944
 71 -149.8324022346369
 240 -147.8212290502793
 586 -145.8100558659218
 130 -143.7988826815642
 88 -141.7877094972067
 195 -139.7765363128491
 119 -137.7653631284916
 2 -135.7541899441341
 168 -133.7430167597765
 161 -131.731843575419
 100 -129.7206703910614
 206 -127.7094972067039
 213 -125.6983240223464
 106 -123.6871508379888
 190 -121.6759776536313
 221 -119.6648044692737
 5 -117.6536312849162
 120 -115.6424581005587
 116 -113.6312849162011
 134 -111.6201117318436
 31 -109.608938547486
 52 -107.5977653631285
 30 -105.5865921787709
 19 -103.5754189944134
 4 -101.5642458100559
 1 -99.55307262569832
 2 -97.54189944134077
 6 -95.53072625698323
 6 -93.5195530726257
 8540 -91.50837988826815
 22 -89.49720670391061
 4 -87.48603351955308
 5 -85.47486033519553
 1 -83.46368715083798
 4 -81.45251396648044
 4 -79.44134078212289
 15 -77.43016759776536
 67 -75.41899441340782
 29 -73.40782122905027
 68 -71.39664804469274
 135 -69.38547486033519
 75 -67.37430167597765
 127 -65.3631284916201
 63 -63.35195530726256
 285 -61.34078212290503
 141 -59.32960893854748
 223 -57.31843575418993
 111 -55.3072625698324
 68 -53.29608938547486
 264 -51.28491620111731
 69 -49.27374301675977
 124 -47.26256983240222
 3 -45.25139664804468
 323 -43.24022346368713
 4 -41.22905027932961
 167 -39.21787709497207
 297 -37.20670391061452
 433 -35.19553072625698
 133 -33.18435754189943
 49 -31.17318435754188
 156 -29.16201117318434
 9 -27.15083798882682
 72 -25.13966480446928
 622 -23.12849162011173
 143 -21.11731843575419
 51 -19.10614525139664
 16 -17.09497206703909
 51 -15.08379888268155
 173 -13.072625698324
 16 -11.06145251396646
 617 -9.050279329608941
 2 -7.039106145251395
 145 -5.02793296089385
 21 -3.016759776536304
 1 -1.005586592178759
 13 1.005586592178787
 135 3.016759776536333
 4 5.02793296089385
 570 7.039106145251395
 12 9.050279329608941
 145 11.06145251396649
 47 13.07262569832403
 19 15.08379888268158
 65 17.09497206703912
 136 19.10614525139667
 541 21.11731843575421
 55 23.12849162011173
 77 25.13966480446928
 97 27.15083798882682
 61 29.16201117318437
 224 31.17318435754191
 372 33.18435754189946
 287 35.195530726257
 154 37.20670391061452
 34 39.21787709497207
 269 41.22905027932961
 6 43.24022346368716
 118 45.2513966480447
 64 47.26256983240225
 241 49.27374301675979
 92 51.28491620111734
 199 53.29608938547489
 76 55.3072625698324
 138 57.31843575418995
 272 59.32960893854749
 64 61.34078212290504
 120 63.35195530726259
 79 65.36312849162013
 126 67.37430167597768
 47 69.38547486033519
 34 71.39664804469274
 57 73.40782122905028
 6 75.41899441340783
 9 77.43016759776538
 3 79.44134078212289
 1 81.45251396648047
 2 83.46368715083798
 2 85.47486033519556
 15 87.48603351955308
 7674 89.49720670391065
 8 91.50837988826817
 2 93.51955307262574
 0 95.53072625698326
 1 97.54189944134077
 4 99.55307262569835
 12 101.5642458100559
 16 103.5754189944134
 44 105.586592178771
 32 107.5977653631285
 101 109.608938547486
 127 111.6201117318436
 142 113.6312849162011
 5 115.6424581005587
 212 117.6536312849162
 163 119.6648044692737
 107 121.6759776536313
 213 123.6871508379888
 197 125.6983240223464
 91 127.7094972067039
 176 129.7206703910614
 188 131.731843575419
 4 133.7430167597765
 117 135.7541899441341
 189 137.7653631284916
 116 139.7765363128492
 151 141.7877094972067
 504 143.7988826815642
 95 145.8100558659218
 206 147.8212290502793
 52 149.8324022346369
 126 151.8435754189944
 73 153.854748603352
 478 155.8659217877095
 43 157.8770949720671
 121 159.8882681564246
 80 161.8994413407821
 40 163.9106145251397
 28 165.9217877094972
 137 167.9329608938548
 243 169.9441340782123
 353 171.9553072625699
 4 173.9664804469274
 141 175.9776536312849
 3 177.9888268156425
 0 180


