# Created by Octave 3.8.2, Sat Jun 20 23:46:37 2020 CEST <damian@fptrucha.inv.usc.es>
# name: hd
# type: matrix
# rows: 180
# columns: 2
 1 -180
 164 -177.9888268156425
 2 -175.9776536312849
 409 -173.9664804469274
 211 -171.9553072625698
 152 -169.9441340782123
 20 -167.9329608938548
 37 -165.9217877094972
 52 -163.9106145251397
 148 -161.8994413407821
 37 -159.8882681564246
 622 -157.877094972067
 65 -155.8659217877095
 106 -153.854748603352
 33 -151.8435754189944
 71 -149.8324022346369
 214 -147.8212290502793
 598 -145.8100558659218
 113 -143.7988826815642
 88 -141.7877094972067
 142 -139.7765363128491
 105 -137.7653631284916
 2 -135.7541899441341
 129 -133.7430167597765
 154 -131.731843575419
 70 -129.7206703910614
 171 -127.7094972067039
 206 -125.6983240223464
 98 -123.6871508379888
 184 -121.6759776536313
 153 -119.6648044692737
 6 -117.6536312849162
 96 -115.6424581005587
 112 -113.6312849162011
 104 -111.6201117318436
 16 -109.608938547486
 22 -107.5977653631285
 23 -105.5865921787709
 7 -103.5754189944134
 5 -101.5642458100559
 1 -99.55307262569832
 1 -97.54189944134077
 4 -95.53072625698323
 2 -93.5195530726257
 7903 -91.50837988826815
 15 -89.49720670391061
 6 -87.48603351955308
 0 -85.47486033519553
 0 -83.46368715083798
 2 -81.45251396648044
 3 -79.44134078212289
 5 -77.43016759776536
 39 -75.41899441340782
 31 -73.40782122905027
 43 -71.39664804469274
 115 -69.38547486033519
 83 -67.37430167597765
 94 -65.3631284916201
 40 -63.35195530726256
 261 -61.34078212290503
 148 -59.32960893854748
 240 -57.31843575418993
 91 -55.3072625698324
 74 -53.29608938547486
 209 -51.28491620111731
 47 -49.27374301675977
 94 -47.26256983240222
 2 -45.25139664804468
 273 -43.24022346368713
 3 -41.22905027932961
 162 -39.21787709497207
 313 -37.20670391061452
 489 -35.19553072625698
 122 -33.18435754189943
 61 -31.17318435754188
 135 -29.16201117318434
 14 -27.15083798882682
 48 -25.13966480446928
 614 -23.12849162011173
 136 -21.11731843575419
 37 -19.10614525139664
 7 -17.09497206703909
 36 -15.08379888268155
 163 -13.072625698324
 7 -11.06145251396646
 514 -9.050279329608941
 2 -7.039106145251395
 119 -5.02793296089385
 14 -3.016759776536304
 1 -1.005586592178759
 23 1.005586592178787
 106 3.016759776536333
 4 5.02793296089385
 537 7.039106145251395
 9 9.050279329608941
 105 11.06145251396649
 43 13.07262569832403
 13 15.08379888268158
 56 17.09497206703912
 107 19.10614525139667
 522 21.11731843575421
 57 23.12849162011173
 101 25.13966480446928
 103 27.15083798882682
 59 29.16201117318437
 232 31.17318435754191
 311 33.18435754189946
 234 35.195530726257
 139 37.20670391061452
 43 39.21787709497207
 308 41.22905027932961
 4 43.24022346368716
 128 45.2513966480447
 48 47.26256983240225
 213 49.27374301675979
 83 51.28491620111734
 184 53.29608938547489
 96 55.3072625698324
 124 57.31843575418995
 261 59.32960893854749
 62 61.34078212290504
 127 63.35195530726259
 84 65.36312849162013
 107 67.37430167597768
 52 69.38547486033519
 27 71.39664804469274
 37 73.40782122905028
 5 75.41899441340783
 7 77.43016759776538
 1 79.44134078212289
 0 81.45251396648047
 1 83.46368715083798
 5 85.47486033519556
 8 87.48603351955308
 7526 89.49720670391065
 6 91.50837988826817
 2 93.51955307262574
 2 95.53072625698326
 1 97.54189944134077
 6 99.55307262569835
 12 101.5642458100559
 19 103.5754189944134
 36 105.586592178771
 25 107.5977653631285
 107 109.608938547486
 119 111.6201117318436
 112 113.6312849162011
 6 115.6424581005587
 215 117.6536312849162
 155 119.6648044692737
 89 121.6759776536313
 183 123.6871508379888
 184 125.6983240223464
 88 127.7094972067039
 190 129.7206703910614
 192 131.731843575419
 1 133.7430167597765
 105 135.7541899441341
 176 137.7653631284916
 104 139.7765363128492
 119 141.7877094972067
 486 143.7988826815642
 139 145.8100558659218
 193 147.8212290502793
 53 149.8324022346369
 150 151.8435754189944
 61 153.854748603352
 464 155.8659217877095
 49 157.8770949720671
 140 159.8882681564246
 57 161.8994413407821
 47 163.9106145251397
 10 165.9217877094972
 121 167.9329608938548
 201 169.9441340782123
 328 171.9553072625699
 6 173.9664804469274
 147 175.9776536312849
 1 177.9888268156425
 0 180


