# Created by Octave 3.8.2, Sun Jun 21 07:00:32 2020 CEST <damian@fptrucha.inv.usc.es>
# name: hd
# type: matrix
# rows: 180
# columns: 2
 2 -180
 154 -177.9888268156425
 4 -175.9776536312849
 377 -173.9664804469274
 203 -171.9553072625698
 138 -169.9441340782123
 26 -167.9329608938548
 35 -165.9217877094972
 49 -163.9106145251397
 141 -161.8994413407821
 38 -159.8882681564246
 619 -157.877094972067
 59 -155.8659217877095
 119 -153.854748603352
 37 -151.8435754189944
 73 -149.8324022346369
 200 -147.8212290502793
 596 -145.8100558659218
 108 -143.7988826815642
 92 -141.7877094972067
 134 -139.7765363128491
 90 -137.7653631284916
 2 -135.7541899441341
 143 -133.7430167597765
 167 -131.731843575419
 73 -129.7206703910614
 159 -127.7094972067039
 228 -125.6983240223464
 95 -123.6871508379888
 179 -121.6759776536313
 195 -119.6648044692737
 4 -117.6536312849162
 91 -115.6424581005587
 112 -113.6312849162011
 105 -111.6201117318436
 25 -109.608938547486
 32 -107.5977653631285
 22 -105.5865921787709
 11 -103.5754189944134
 1 -101.5642458100559
 0 -99.55307262569832
 0 -97.54189944134077
 5 -95.53072625698323
 4 -93.5195530726257
 7967 -91.50837988826815
 9 -89.49720670391061
 2 -87.48603351955308
 0 -85.47486033519553
 0 -83.46368715083798
 3 -81.45251396648044
 10 -79.44134078212289
 2 -77.43016759776536
 35 -75.41899441340782
 23 -73.40782122905027
 55 -71.39664804469274
 104 -69.38547486033519
 70 -67.37430167597765
 100 -65.3631284916201
 43 -63.35195530726256
 281 -61.34078212290503
 141 -59.32960893854748
 240 -57.31843575418993
 103 -55.3072625698324
 81 -53.29608938547486
 250 -51.28491620111731
 56 -49.27374301675977
 117 -47.26256983240222
 4 -45.25139664804468
 275 -43.24022346368713
 1 -41.22905027932961
 151 -39.21787709497207
 309 -37.20670391061452
 496 -35.19553072625698
 84 -33.18435754189943
 44 -31.17318435754188
 158 -29.16201117318434
 12 -27.15083798882682
 66 -25.13966480446928
 649 -23.12849162011173
 148 -21.11731843575419
 49 -19.10614525139664
 6 -17.09497206703909
 34 -15.08379888268155
 156 -13.072625698324
 6 -11.06145251396646
 586 -9.050279329608941
 4 -7.039106145251395
 132 -5.02793296089385
 18 -3.016759776536304
 2 -1.005586592178759
 22 1.005586592178787
 132 3.016759776536333
 1 5.02793296089385
 540 7.039106145251395
 6 9.050279329608941
 122 11.06145251396649
 39 13.07262569832403
 8 15.08379888268158
 57 17.09497206703912
 93 19.10614525139667
 524 21.11731843575421
 54 23.12849162011173
 82 25.13966480446928
 86 27.15083798882682
 44 29.16201117318437
 217 31.17318435754191
 298 33.18435754189946
 242 35.195530726257
 169 37.20670391061452
 42 39.21787709497207
 289 41.22905027932961
 0 43.24022346368716
 109 45.2513966480447
 56 47.26256983240225
 240 49.27374301675979
 87 51.28491620111734
 194 53.29608938547489
 85 55.3072625698324
 139 57.31843575418995
 249 59.32960893854749
 82 61.34078212290504
 86 63.35195530726259
 67 65.36312849162013
 88 67.37430167597768
 33 69.38547486033519
 25 71.39664804469274
 36 73.40782122905028
 8 75.41899441340783
 6 77.43016759776538
 1 79.44134078212289
 0 81.45251396648047
 0 83.46368715083798
 0 85.47486033519556
 3 87.48603351955308
 7623 89.49720670391065
 8 91.50837988826817
 1 93.51955307262574
 1 95.53072625698326
 0 97.54189944134077
 5 99.55307262569835
 18 101.5642458100559
 26 103.5754189944134
 32 105.586592178771
 20 107.5977653631285
 104 109.608938547486
 106 111.6201117318436
 133 113.6312849162011
 3 115.6424581005587
 177 117.6536312849162
 156 119.6648044692737
 68 121.6759776536313
 166 123.6871508379888
 173 125.6983240223464
 94 127.7094972067039
 142 129.7206703910614
 153 131.731843575419
 1 133.7430167597765
 129 135.7541899441341
 168 137.7653631284916
 80 139.7765363128492
 134 141.7877094972067
 438 143.7988826815642
 120 145.8100558659218
 181 147.8212290502793
 44 149.8324022346369
 170 151.8435754189944
 58 153.854748603352
 477 155.8659217877095
 47 157.8770949720671
 126 159.8882681564246
 72 161.8994413407821
 49 163.9106145251397
 18 165.9217877094972
 112 167.9329608938548
 191 169.9441340782123
 334 171.9553072625699
 3 173.9664804469274
 172 175.9776536312849
 2 177.9888268156425
 0 180


