# Created by Octave 3.8.2, Sat Jun 20 11:19:21 2020 CEST <damian@fptrucha.inv.usc.es>
# name: hd
# type: matrix
# rows: 180
# columns: 2
 3 -180
 183 -177.9888268156425
 5 -175.9776536312849
 396 -173.9664804469274
 248 -171.9553072625698
 179 -169.9441340782123
 36 -167.9329608938548
 46 -165.9217877094972
 60 -163.9106145251397
 183 -161.8994413407821
 47 -159.8882681564246
 651 -157.877094972067
 56 -155.8659217877095
 132 -153.854748603352
 50 -151.8435754189944
 78 -149.8324022346369
 237 -147.8212290502793
 732 -145.8100558659218
 140 -143.7988826815642
 101 -141.7877094972067
 186 -139.7765363128491
 100 -137.7653631284916
 2 -135.7541899441341
 156 -133.7430167597765
 172 -131.731843575419
 98 -129.7206703910614
 173 -127.7094972067039
 210 -125.6983240223464
 101 -123.6871508379888
 239 -121.6759776536313
 201 -119.6648044692737
 2 -117.6536312849162
 113 -115.6424581005587
 133 -113.6312849162011
 137 -111.6201117318436
 17 -109.608938547486
 39 -107.5977653631285
 21 -105.5865921787709
 12 -103.5754189944134
 5 -101.5642458100559
 1 -99.55307262569832
 1 -97.54189944134077
 0 -95.53072625698323
 7 -93.5195530726257
 8747 -91.50837988826815
 11 -89.49720670391061
 2 -87.48603351955308
 1 -85.47486033519553
 0 -83.46368715083798
 0 -81.45251396648044
 2 -79.44134078212289
 6 -77.43016759776536
 52 -75.41899441340782
 28 -73.40782122905027
 55 -71.39664804469274
 130 -69.38547486033519
 76 -67.37430167597765
 102 -65.3631284916201
 38 -63.35195530726256
 300 -61.34078212290503
 154 -59.32960893854748
 239 -57.31843575418993
 85 -55.3072625698324
 94 -53.29608938547486
 247 -51.28491620111731
 52 -49.27374301675977
 106 -47.26256983240222
 2 -45.25139664804468
 266 -43.24022346368713
 1 -41.22905027932961
 167 -39.21787709497207
 383 -37.20670391061452
 510 -35.19553072625698
 113 -33.18435754189943
 62 -31.17318435754188
 170 -29.16201117318434
 7 -27.15083798882682
 64 -25.13966480446928
 673 -23.12849162011173
 156 -21.11731843575419
 53 -19.10614525139664
 7 -17.09497206703909
 35 -15.08379888268155
 167 -13.072625698324
 3 -11.06145251396646
 638 -9.050279329608941
 5 -7.039106145251395
 153 -5.02793296089385
 22 -3.016759776536304
 3 -1.005586592178759
 26 1.005586592178787
 133 3.016759776536333
 0 5.02793296089385
 598 7.039106145251395
 10 9.050279329608941
 125 11.06145251396649
 42 13.07262569832403
 14 15.08379888268158
 58 17.09497206703912
 139 19.10614525139667
 594 21.11731843575421
 62 23.12849162011173
 104 25.13966480446928
 115 27.15083798882682
 65 29.16201117318437
 221 31.17318435754191
 366 33.18435754189946
 276 35.195530726257
 177 37.20670391061452
 40 39.21787709497207
 334 41.22905027932961
 3 43.24022346368716
 137 45.2513966480447
 69 47.26256983240225
 224 49.27374301675979
 98 51.28491620111734
 202 53.29608938547489
 94 55.3072625698324
 193 57.31843575418995
 283 59.32960893854749
 76 61.34078212290504
 140 63.35195530726259
 93 65.36312849162013
 100 67.37430167597768
 55 69.38547486033519
 37 71.39664804469274
 57 73.40782122905028
 11 75.41899441340783
 7 77.43016759776538
 2 79.44134078212289
 0 81.45251396648047
 0 83.46368715083798
 3 85.47486033519556
 5 87.48603351955308
 8408 89.49720670391065
 4 91.50837988826817
 2 93.51955307262574
 1 95.53072625698326
 2 97.54189944134077
 2 99.55307262569835
 13 101.5642458100559
 27 103.5754189944134
 34 105.586592178771
 31 107.5977653631285
 131 109.608938547486
 124 111.6201117318436
 153 113.6312849162011
 1 115.6424581005587
 245 117.6536312849162
 152 119.6648044692737
 95 121.6759776536313
 202 123.6871508379888
 178 125.6983240223464
 86 127.7094972067039
 211 129.7206703910614
 185 131.731843575419
 1 133.7430167597765
 133 135.7541899441341
 186 137.7653631284916
 129 139.7765363128492
 166 141.7877094972067
 540 143.7988826815642
 149 145.8100558659218
 238 147.8212290502793
 48 149.8324022346369
 173 151.8435754189944
 79 153.854748603352
 536 155.8659217877095
 63 157.8770949720671
 135 159.8882681564246
 76 161.8994413407821
 60 163.9106145251397
 13 165.9217877094972
 143 167.9329608938548
 246 169.9441340782123
 339 171.9553072625699
 2 173.9664804469274
 159 175.9776536312849
 5 177.9888268156425
 0 180


