# Created by Octave 3.8.2, Mon Jun 22 03:41:41 2020 CEST <damian@fptrucha.inv.usc.es>
# name: hd
# type: matrix
# rows: 180
# columns: 2
 8 -180
 154 -177.9888268156425
 2 -175.9776536312849
 361 -173.9664804469274
 208 -171.9553072625698
 135 -169.9441340782123
 30 -167.9329608938548
 54 -165.9217877094972
 67 -163.9106145251397
 141 -161.8994413407821
 48 -159.8882681564246
 471 -157.877094972067
 61 -155.8659217877095
 106 -153.854748603352
 44 -151.8435754189944
 74 -149.8324022346369
 198 -147.8212290502793
 550 -145.8100558659218
 114 -143.7988826815642
 78 -141.7877094972067
 190 -139.7765363128491
 111 -137.7653631284916
 3 -135.7541899441341
 146 -133.7430167597765
 130 -131.731843575419
 76 -129.7206703910614
 170 -127.7094972067039
 192 -125.6983240223464
 85 -123.6871508379888
 181 -121.6759776536313
 183 -119.6648044692737
 9 -117.6536312849162
 106 -115.6424581005587
 115 -113.6312849162011
 119 -111.6201117318436
 21 -109.608938547486
 50 -107.5977653631285
 26 -105.5865921787709
 17 -103.5754189944134
 3 -101.5642458100559
 1 -99.55307262569832
 2 -97.54189944134077
 6 -95.53072625698323
 5 -93.5195530726257
 7348 -91.50837988826815
 16 -89.49720670391061
 5 -87.48603351955308
 2 -85.47486033519553
 0 -83.46368715083798
 1 -81.45251396648044
 10 -79.44134078212289
 12 -77.43016759776536
 45 -75.41899441340782
 34 -73.40782122905027
 41 -71.39664804469274
 111 -69.38547486033519
 66 -67.37430167597765
 91 -65.3631284916201
 56 -63.35195530726256
 270 -61.34078212290503
 124 -59.32960893854748
 193 -57.31843575418993
 88 -55.3072625698324
 71 -53.29608938547486
 236 -51.28491620111731
 59 -49.27374301675977
 106 -47.26256983240222
 1 -45.25139664804468
 296 -43.24022346368713
 6 -41.22905027932961
 133 -39.21787709497207
 266 -37.20670391061452
 399 -35.19553072625698
 127 -33.18435754189943
 63 -31.17318435754188
 150 -29.16201117318434
 14 -27.15083798882682
 61 -25.13966480446928
 526 -23.12849162011173
 110 -21.11731843575419
 52 -19.10614525139664
 16 -17.09497206703909
 45 -15.08379888268155
 174 -13.072625698324
 10 -11.06145251396646
 537 -9.050279329608941
 1 -7.039106145251395
 140 -5.02793296089385
 25 -3.016759776536304
 6 -1.005586592178759
 27 1.005586592178787
 116 3.016759776536333
 0 5.02793296089385
 508 7.039106145251395
 8 9.050279329608941
 130 11.06145251396649
 42 13.07262569832403
 20 15.08379888268158
 60 17.09497206703912
 117 19.10614525139667
 476 21.11731843575421
 65 23.12849162011173
 92 25.13966480446928
 116 27.15083798882682
 62 29.16201117318437
 189 31.17318435754191
 326 33.18435754189946
 215 35.195530726257
 143 37.20670391061452
 43 39.21787709497207
 262 41.22905027932961
 1 43.24022346368716
 113 45.2513966480447
 54 47.26256983240225
 227 49.27374301675979
 83 51.28491620111734
 162 53.29608938547489
 82 55.3072625698324
 143 57.31843575418995
 244 59.32960893854749
 62 61.34078212290504
 121 63.35195530726259
 59 65.36312849162013
 123 67.37430167597768
 54 69.38547486033519
 32 71.39664804469274
 50 73.40782122905028
 4 75.41899441340783
 8 77.43016759776538
 4 79.44134078212289
 2 81.45251396648047
 0 83.46368715083798
 2 85.47486033519556
 17 87.48603351955308
 7149 89.49720670391065
 13 91.50837988826817
 6 93.51955307262574
 2 95.53072625698326
 2 97.54189944134077
 2 99.55307262569835
 8 101.5642458100559
 26 103.5754189944134
 34 105.586592178771
 19 107.5977653631285
 95 109.608938547486
 114 111.6201117318436
 121 113.6312849162011
 4 115.6424581005587
 166 117.6536312849162
 169 119.6648044692737
 103 121.6759776536313
 167 123.6871508379888
 198 125.6983240223464
 88 127.7094972067039
 158 129.7206703910614
 179 131.731843575419
 3 133.7430167597765
 108 135.7541899441341
 155 137.7653631284916
 89 139.7765363128492
 133 141.7877094972067
 456 143.7988826815642
 119 145.8100558659218
 188 147.8212290502793
 52 149.8324022346369
 151 151.8435754189944
 74 153.854748603352
 504 155.8659217877095
 41 157.8770949720671
 148 159.8882681564246
 72 161.8994413407821
 49 163.9106145251397
 20 165.9217877094972
 134 167.9329608938548
 230 169.9441340782123
 314 171.9553072625699
 5 173.9664804469274
 170 175.9776536312849
 8 177.9888268156425
 0 180


