# Created by Octave 3.8.2, Mon Jun 22 08:35:37 2020 CEST <damian@fptrucha.inv.usc.es>
# name: hd
# type: matrix
# rows: 180
# columns: 2
 4 -180
 192 -177.9888268156425
 2 -175.9776536312849
 339 -173.9664804469274
 222 -171.9553072625698
 127 -169.9441340782123
 38 -167.9329608938548
 45 -165.9217877094972
 57 -163.9106145251397
 143 -161.8994413407821
 54 -159.8882681564246
 538 -157.877094972067
 74 -155.8659217877095
 147 -153.854748603352
 45 -151.8435754189944
 87 -149.8324022346369
 232 -147.8212290502793
 520 -145.8100558659218
 122 -143.7988826815642
 102 -141.7877094972067
 182 -139.7765363128491
 117 -137.7653631284916
 5 -135.7541899441341
 176 -133.7430167597765
 173 -131.731843575419
 82 -129.7206703910614
 148 -127.7094972067039
 196 -125.6983240223464
 107 -123.6871508379888
 187 -121.6759776536313
 192 -119.6648044692737
 5 -117.6536312849162
 101 -115.6424581005587
 118 -113.6312849162011
 111 -111.6201117318436
 19 -109.608938547486
 38 -107.5977653631285
 18 -105.5865921787709
 11 -103.5754189944134
 3 -101.5642458100559
 1 -99.55307262569832
 1 -97.54189944134077
 5 -95.53072625698323
 6 -93.5195530726257
 7802 -91.50837988826815
 11 -89.49720670391061
 2 -87.48603351955308
 3 -85.47486033519553
 1 -83.46368715083798
 2 -81.45251396648044
 12 -79.44134078212289
 12 -77.43016759776536
 52 -75.41899441340782
 28 -73.40782122905027
 57 -71.39664804469274
 107 -69.38547486033519
 67 -67.37430167597765
 98 -65.3631284916201
 45 -63.35195530726256
 263 -61.34078212290503
 151 -59.32960893854748
 204 -57.31843575418993
 94 -55.3072625698324
 80 -53.29608938547486
 245 -51.28491620111731
 63 -49.27374301675977
 115 -47.26256983240222
 6 -45.25139664804468
 275 -43.24022346368713
 2 -41.22905027932961
 150 -39.21787709497207
 279 -37.20670391061452
 443 -35.19553072625698
 114 -33.18435754189943
 63 -31.17318435754188
 180 -29.16201117318434
 8 -27.15083798882682
 79 -25.13966480446928
 548 -23.12849162011173
 108 -21.11731843575419
 56 -19.10614525139664
 15 -17.09497206703909
 44 -15.08379888268155
 164 -13.072625698324
 14 -11.06145251396646
 556 -9.050279329608941
 5 -7.039106145251395
 130 -5.02793296089385
 18 -3.016759776536304
 6 -1.005586592178759
 23 1.005586592178787
 124 3.016759776536333
 6 5.02793296089385
 546 7.039106145251395
 11 9.050279329608941
 144 11.06145251396649
 46 13.07262569832403
 15 15.08379888268158
 60 17.09497206703912
 151 19.10614525139667
 510 21.11731843575421
 65 23.12849162011173
 73 25.13966480446928
 92 27.15083798882682
 50 29.16201117318437
 175 31.17318435754191
 316 33.18435754189946
 244 35.195530726257
 161 37.20670391061452
 34 39.21787709497207
 235 41.22905027932961
 2 43.24022346368716
 111 45.2513966480447
 65 47.26256983240225
 202 49.27374301675979
 89 51.28491620111734
 169 53.29608938547489
 77 55.3072625698324
 140 57.31843575418995
 262 59.32960893854749
 65 61.34078212290504
 99 63.35195530726259
 75 65.36312849162013
 121 67.37430167597768
 52 69.38547486033519
 39 71.39664804469274
 39 73.40782122905028
 8 75.41899441340783
 15 77.43016759776538
 5 79.44134078212289
 2 81.45251396648047
 1 83.46368715083798
 5 85.47486033519556
 20 87.48603351955308
 7316 89.49720670391065
 15 91.50837988826817
 5 93.51955307262574
 1 95.53072625698326
 2 97.54189944134077
 5 99.55307262569835
 11 101.5642458100559
 17 103.5754189944134
 39 105.586592178771
 26 107.5977653631285
 116 109.608938547486
 131 111.6201117318436
 112 113.6312849162011
 5 115.6424581005587
 206 117.6536312849162
 184 119.6648044692737
 111 121.6759776536313
 174 123.6871508379888
 176 125.6983240223464
 63 127.7094972067039
 162 129.7206703910614
 184 131.731843575419
 3 133.7430167597765
 119 135.7541899441341
 199 137.7653631284916
 86 139.7765363128492
 151 141.7877094972067
 500 143.7988826815642
 116 145.8100558659218
 208 147.8212290502793
 47 149.8324022346369
 124 151.8435754189944
 88 153.854748603352
 455 155.8659217877095
 53 157.8770949720671
 124 159.8882681564246
 58 161.8994413407821
 53 163.9106145251397
 30 165.9217877094972
 159 167.9329608938548
 247 169.9441340782123
 342 171.9553072625699
 3 173.9664804469274
 136 175.9776536312849
 3 177.9888268156425
 0 180


