# Created by Octave 3.8.2, Sat Jun 20 16:12:05 2020 CEST <damian@fptrucha.inv.usc.es>
# name: hd
# type: matrix
# rows: 180
# columns: 2
 3 -180
 153 -177.9888268156425
 2 -175.9776536312849
 371 -173.9664804469274
 213 -171.9553072625698
 163 -169.9441340782123
 26 -167.9329608938548
 35 -165.9217877094972
 50 -163.9106145251397
 143 -161.8994413407821
 43 -159.8882681564246
 613 -157.877094972067
 66 -155.8659217877095
 121 -153.854748603352
 36 -151.8435754189944
 73 -149.8324022346369
 203 -147.8212290502793
 642 -145.8100558659218
 130 -143.7988826815642
 85 -141.7877094972067
 184 -139.7765363128491
 116 -137.7653631284916
 3 -135.7541899441341
 137 -133.7430167597765
 150 -131.731843575419
 80 -129.7206703910614
 162 -127.7094972067039
 234 -125.6983240223464
 86 -123.6871508379888
 168 -121.6759776536313
 160 -119.6648044692737
 1 -117.6536312849162
 86 -115.6424581005587
 126 -113.6312849162011
 108 -111.6201117318436
 17 -109.608938547486
 24 -107.5977653631285
 16 -105.5865921787709
 11 -103.5754189944134
 3 -101.5642458100559
 0 -99.55307262569832
 2 -97.54189944134077
 2 -95.53072625698323
 10 -93.5195530726257
 8163 -91.50837988826815
 12 -89.49720670391061
 7 -87.48603351955308
 1 -85.47486033519553
 1 -83.46368715083798
 1 -81.45251396648044
 6 -79.44134078212289
 9 -77.43016759776536
 40 -75.41899441340782
 25 -73.40782122905027
 46 -71.39664804469274
 124 -69.38547486033519
 66 -67.37430167597765
 109 -65.3631284916201
 43 -63.35195530726256
 241 -61.34078212290503
 161 -59.32960893854748
 228 -57.31843575418993
 93 -55.3072625698324
 78 -53.29608938547486
 232 -51.28491620111731
 65 -49.27374301675977
 90 -47.26256983240222
 2 -45.25139664804468
 241 -43.24022346368713
 7 -41.22905027932961
 145 -39.21787709497207
 338 -37.20670391061452
 464 -35.19553072625698
 96 -33.18435754189943
 51 -31.17318435754188
 152 -29.16201117318434
 9 -27.15083798882682
 60 -25.13966480446928
 677 -23.12849162011173
 145 -21.11731843575419
 54 -19.10614525139664
 6 -17.09497206703909
 45 -15.08379888268155
 169 -13.072625698324
 6 -11.06145251396646
 546 -9.050279329608941
 1 -7.039106145251395
 118 -5.02793296089385
 15 -3.016759776536304
 4 -1.005586592178759
 13 1.005586592178787
 139 3.016759776536333
 4 5.02793296089385
 531 7.039106145251395
 7 9.050279329608941
 136 11.06145251396649
 42 13.07262569832403
 9 15.08379888268158
 67 17.09497206703912
 122 19.10614525139667
 548 21.11731843575421
 56 23.12849162011173
 84 25.13966480446928
 96 27.15083798882682
 71 29.16201117318437
 231 31.17318435754191
 343 33.18435754189946
 236 35.195530726257
 165 37.20670391061452
 27 39.21787709497207
 272 41.22905027932961
 2 43.24022346368716
 114 45.2513966480447
 45 47.26256983240225
 224 49.27374301675979
 83 51.28491620111734
 205 53.29608938547489
 74 55.3072625698324
 146 57.31843575418995
 219 59.32960893854749
 78 61.34078212290504
 113 63.35195530726259
 80 65.36312849162013
 110 67.37430167597768
 41 69.38547486033519
 29 71.39664804469274
 47 73.40782122905028
 11 75.41899441340783
 6 77.43016759776538
 3 79.44134078212289
 1 81.45251396648047
 2 83.46368715083798
 2 85.47486033519556
 6 87.48603351955308
 7966 89.49720670391065
 5 91.50837988826817
 3 93.51955307262574
 1 95.53072625698326
 0 97.54189944134077
 1 99.55307262569835
 14 101.5642458100559
 24 103.5754189944134
 35 105.586592178771
 25 107.5977653631285
 111 109.608938547486
 135 111.6201117318436
 125 113.6312849162011
 1 115.6424581005587
 219 117.6536312849162
 147 119.6648044692737
 88 121.6759776536313
 195 123.6871508379888
 195 125.6983240223464
 83 127.7094972067039
 182 129.7206703910614
 204 131.731843575419
 1 133.7430167597765
 113 135.7541899441341
 186 137.7653631284916
 97 139.7765363128492
 171 141.7877094972067
 491 143.7988826815642
 132 145.8100558659218
 246 147.8212290502793
 32 149.8324022346369
 140 151.8435754189944
 65 153.854748603352
 430 155.8659217877095
 59 157.8770949720671
 140 159.8882681564246
 79 161.8994413407821
 39 163.9106145251397
 13 165.9217877094972
 124 167.9329608938548
 215 169.9441340782123
 331 171.9553072625699
 1 173.9664804469274
 149 175.9776536312849
 4 177.9888268156425
 0 180


