# Created by Octave 3.8.2, Sat Jun 20 13:52:10 2020 CEST <damian@fptrucha.inv.usc.es>
# name: hd
# type: matrix
# rows: 180
# columns: 2
 2 -180
 157 -177.9888268156425
 2 -175.9776536312849
 365 -173.9664804469274
 251 -171.9553072625698
 163 -169.9441340782123
 30 -167.9329608938548
 46 -165.9217877094972
 51 -163.9106145251397
 184 -161.8994413407821
 39 -159.8882681564246
 635 -157.877094972067
 63 -155.8659217877095
 132 -153.854748603352
 51 -151.8435754189944
 88 -149.8324022346369
 207 -147.8212290502793
 712 -145.8100558659218
 138 -143.7988826815642
 74 -141.7877094972067
 188 -139.7765363128491
 110 -137.7653631284916
 4 -135.7541899441341
 152 -133.7430167597765
 162 -131.731843575419
 70 -129.7206703910614
 195 -127.7094972067039
 216 -125.6983240223464
 93 -123.6871508379888
 189 -121.6759776536313
 181 -119.6648044692737
 2 -117.6536312849162
 91 -115.6424581005587
 96 -113.6312849162011
 110 -111.6201117318436
 15 -109.608938547486
 30 -107.5977653631285
 22 -105.5865921787709
 11 -103.5754189944134
 0 -101.5642458100559
 0 -99.55307262569832
 0 -97.54189944134077
 3 -95.53072625698323
 5 -93.5195530726257
 8683 -91.50837988826815
 8 -89.49720670391061
 2 -87.48603351955308
 0 -85.47486033519553
 1 -83.46368715083798
 4 -81.45251396648044
 11 -79.44134078212289
 4 -77.43016759776536
 43 -75.41899441340782
 23 -73.40782122905027
 57 -71.39664804469274
 118 -69.38547486033519
 67 -67.37430167597765
 95 -65.3631284916201
 48 -63.35195530726256
 261 -61.34078212290503
 151 -59.32960893854748
 233 -57.31843575418993
 87 -55.3072625698324
 94 -53.29608938547486
 228 -51.28491620111731
 38 -49.27374301675977
 134 -47.26256983240222
 1 -45.25139664804468
 306 -43.24022346368713
 4 -41.22905027932961
 145 -39.21787709497207
 324 -37.20670391061452
 471 -35.19553072625698
 116 -33.18435754189943
 60 -31.17318435754188
 126 -29.16201117318434
 16 -27.15083798882682
 56 -25.13966480446928
 667 -23.12849162011173
 127 -21.11731843575419
 45 -19.10614525139664
 12 -17.09497206703909
 48 -15.08379888268155
 189 -13.072625698324
 8 -11.06145251396646
 579 -9.050279329608941
 4 -7.039106145251395
 124 -5.02793296089385
 25 -3.016759776536304
 5 -1.005586592178759
 28 1.005586592178787
 137 3.016759776536333
 2 5.02793296089385
 593 7.039106145251395
 10 9.050279329608941
 138 11.06145251396649
 47 13.07262569832403
 14 15.08379888268158
 82 17.09497206703912
 133 19.10614525139667
 560 21.11731843575421
 68 23.12849162011173
 112 25.13966480446928
 108 27.15083798882682
 73 29.16201117318437
 242 31.17318435754191
 325 33.18435754189946
 248 35.195530726257
 154 37.20670391061452
 38 39.21787709497207
 289 41.22905027932961
 1 43.24022346368716
 120 45.2513966480447
 73 47.26256983240225
 212 49.27374301675979
 103 51.28491620111734
 200 53.29608938547489
 84 55.3072625698324
 137 57.31843575418995
 302 59.32960893854749
 80 61.34078212290504
 128 63.35195530726259
 74 65.36312849162013
 121 67.37430167597768
 51 69.38547486033519
 33 71.39664804469274
 58 73.40782122905028
 7 75.41899441340783
 10 77.43016759776538
 5 79.44134078212289
 3 81.45251396648047
 4 83.46368715083798
 4 85.47486033519556
 16 87.48603351955308
 8285 89.49720670391065
 6 91.50837988826817
 3 93.51955307262574
 0 95.53072625698326
 0 97.54189944134077
 3 99.55307262569835
 10 101.5642458100559
 25 103.5754189944134
 28 105.586592178771
 40 107.5977653631285
 118 109.608938547486
 136 111.6201117318436
 142 113.6312849162011
 4 115.6424581005587
 221 117.6536312849162
 145 119.6648044692737
 97 121.6759776536313
 184 123.6871508379888
 211 125.6983240223464
 91 127.7094972067039
 187 129.7206703910614
 182 131.731843575419
 2 133.7430167597765
 130 135.7541899441341
 201 137.7653631284916
 97 139.7765363128492
 168 141.7877094972067
 509 143.7988826815642
 132 145.8100558659218
 229 147.8212290502793
 43 149.8324022346369
 172 151.8435754189944
 85 153.854748603352
 510 155.8659217877095
 41 157.8770949720671
 139 159.8882681564246
 74 161.8994413407821
 56 163.9106145251397
 23 165.9217877094972
 130 167.9329608938548
 248 169.9441340782123
 364 171.9553072625699
 1 173.9664804469274
 141 175.9776536312849
 5 177.9888268156425
 0 180


