# Created by Octave 3.8.2, Mon Jun 22 20:27:06 2020 CEST <damian@fptrucha.inv.usc.es>
# name: hd
# type: matrix
# rows: 180
# columns: 2
 5 -180
 174 -177.9888268156425
 4 -175.9776536312849
 379 -173.9664804469274
 236 -171.9553072625698
 149 -169.9441340782123
 34 -167.9329608938548
 66 -165.9217877094972
 62 -163.9106145251397
 177 -161.8994413407821
 49 -159.8882681564246
 563 -157.877094972067
 67 -155.8659217877095
 130 -153.854748603352
 58 -151.8435754189944
 82 -149.8324022346369
 220 -147.8212290502793
 607 -145.8100558659218
 157 -143.7988826815642
 108 -141.7877094972067
 196 -139.7765363128491
 134 -137.7653631284916
 1 -135.7541899441341
 195 -133.7430167597765
 178 -131.731843575419
 82 -129.7206703910614
 189 -127.7094972067039
 226 -125.6983240223464
 116 -123.6871508379888
 187 -121.6759776536313
 207 -119.6648044692737
 2 -117.6536312849162
 130 -115.6424581005587
 156 -113.6312849162011
 165 -111.6201117318436
 30 -109.608938547486
 53 -107.5977653631285
 22 -105.5865921787709
 12 -103.5754189944134
 2 -101.5642458100559
 1 -99.55307262569832
 1 -97.54189944134077
 1 -95.53072625698323
 15 -93.5195530726257
 8598 -91.50837988826815
 9 -89.49720670391061
 4 -87.48603351955308
 1 -85.47486033519553
 0 -83.46368715083798
 3 -81.45251396648044
 11 -79.44134078212289
 7 -77.43016759776536
 53 -75.41899441340782
 22 -73.40782122905027
 53 -71.39664804469274
 114 -69.38547486033519
 94 -67.37430167597765
 147 -65.3631284916201
 55 -63.35195530726256
 277 -61.34078212290503
 149 -59.32960893854748
 240 -57.31843575418993
 111 -55.3072625698324
 84 -53.29608938547486
 237 -51.28491620111731
 52 -49.27374301675977
 124 -47.26256983240222
 5 -45.25139664804468
 314 -43.24022346368713
 2 -41.22905027932961
 190 -39.21787709497207
 325 -37.20670391061452
 472 -35.19553072625698
 129 -33.18435754189943
 71 -31.17318435754188
 156 -29.16201117318434
 12 -27.15083798882682
 70 -25.13966480446928
 646 -23.12849162011173
 136 -21.11731843575419
 60 -19.10614525139664
 12 -17.09497206703909
 54 -15.08379888268155
 138 -13.072625698324
 9 -11.06145251396646
 590 -9.050279329608941
 1 -7.039106145251395
 145 -5.02793296089385
 18 -3.016759776536304
 4 -1.005586592178759
 24 1.005586592178787
 121 3.016759776536333
 2 5.02793296089385
 548 7.039106145251395
 9 9.050279329608941
 144 11.06145251396649
 46 13.07262569832403
 10 15.08379888268158
 50 17.09497206703912
 149 19.10614525139667
 560 21.11731843575421
 61 23.12849162011173
 84 25.13966480446928
 102 27.15083798882682
 75 29.16201117318437
 218 31.17318435754191
 313 33.18435754189946
 258 35.195530726257
 165 37.20670391061452
 35 39.21787709497207
 287 41.22905027932961
 4 43.24022346368716
 139 45.2513966480447
 64 47.26256983240225
 239 49.27374301675979
 82 51.28491620111734
 220 53.29608938547489
 88 55.3072625698324
 148 57.31843575418995
 281 59.32960893854749
 67 61.34078212290504
 127 63.35195530726259
 97 65.36312849162013
 125 67.37430167597768
 51 69.38547486033519
 35 71.39664804469274
 50 73.40782122905028
 4 75.41899441340783
 11 77.43016759776538
 4 79.44134078212289
 0 81.45251396648047
 1 83.46368715083798
 5 85.47486033519556
 20 87.48603351955308
 7993 89.49720670391065
 11 91.50837988826817
 6 93.51955307262574
 1 95.53072625698326
 1 97.54189944134077
 6 99.55307262569835
 9 101.5642458100559
 14 103.5754189944134
 42 105.586592178771
 18 107.5977653631285
 110 109.608938547486
 136 111.6201117318436
 127 113.6312849162011
 6 115.6424581005587
 212 117.6536312849162
 196 119.6648044692737
 69 121.6759776536313
 170 123.6871508379888
 203 125.6983240223464
 94 127.7094972067039
 162 129.7206703910614
 192 131.731843575419
 4 133.7430167597765
 116 135.7541899441341
 174 137.7653631284916
 92 139.7765363128492
 148 141.7877094972067
 543 143.7988826815642
 133 145.8100558659218
 219 147.8212290502793
 46 149.8324022346369
 157 151.8435754189944
 74 153.854748603352
 528 155.8659217877095
 49 157.8770949720671
 149 159.8882681564246
 68 161.8994413407821
 60 163.9106145251397
 23 165.9217877094972
 156 167.9329608938548
 246 169.9441340782123
 363 171.9553072625699
 10 173.9664804469274
 153 175.9776536312849
 6 177.9888268156425
 0 180


