# Created by Octave 3.8.2, Sat Jun 20 22:09:22 2020 CEST <damian@fptrucha.inv.usc.es>
# name: hd
# type: matrix
# rows: 180
# columns: 2
 0 -180
 181 -177.9888268156425
 5 -175.9776536312849
 372 -173.9664804469274
 234 -171.9553072625698
 166 -169.9441340782123
 28 -167.9329608938548
 45 -165.9217877094972
 51 -163.9106145251397
 169 -161.8994413407821
 31 -159.8882681564246
 630 -157.877094972067
 47 -155.8659217877095
 105 -153.854748603352
 52 -151.8435754189944
 61 -149.8324022346369
 189 -147.8212290502793
 606 -145.8100558659218
 113 -143.7988826815642
 85 -141.7877094972067
 163 -139.7765363128491
 92 -137.7653631284916
 5 -135.7541899441341
 143 -133.7430167597765
 143 -131.731843575419
 83 -129.7206703910614
 188 -127.7094972067039
 224 -125.6983240223464
 76 -123.6871508379888
 171 -121.6759776536313
 174 -119.6648044692737
 2 -117.6536312849162
 112 -115.6424581005587
 100 -113.6312849162011
 111 -111.6201117318436
 17 -109.608938547486
 31 -107.5977653631285
 16 -105.5865921787709
 2 -103.5754189944134
 0 -101.5642458100559
 2 -99.55307262569832
 3 -97.54189944134077
 3 -95.53072625698323
 7 -93.5195530726257
 7864 -91.50837988826815
 9 -89.49720670391061
 2 -87.48603351955308
 1 -85.47486033519553
 0 -83.46368715083798
 2 -81.45251396648044
 7 -79.44134078212289
 6 -77.43016759776536
 42 -75.41899441340782
 26 -73.40782122905027
 43 -71.39664804469274
 117 -69.38547486033519
 64 -67.37430167597765
 104 -65.3631284916201
 55 -63.35195530726256
 290 -61.34078212290503
 136 -59.32960893854748
 246 -57.31843575418993
 96 -55.3072625698324
 70 -53.29608938547486
 212 -51.28491620111731
 45 -49.27374301675977
 119 -47.26256983240222
 5 -45.25139664804468
 262 -43.24022346368713
 4 -41.22905027932961
 137 -39.21787709497207
 300 -37.20670391061452
 444 -35.19553072625698
 99 -33.18435754189943
 59 -31.17318435754188
 131 -29.16201117318434
 10 -27.15083798882682
 61 -25.13966480446928
 598 -23.12849162011173
 145 -21.11731843575419
 45 -19.10614525139664
 13 -17.09497206703909
 33 -15.08379888268155
 182 -13.072625698324
 6 -11.06145251396646
 562 -9.050279329608941
 1 -7.039106145251395
 144 -5.02793296089385
 18 -3.016759776536304
 2 -1.005586592178759
 25 1.005586592178787
 133 3.016759776536333
 0 5.02793296089385
 556 7.039106145251395
 6 9.050279329608941
 119 11.06145251396649
 42 13.07262569832403
 9 15.08379888268158
 59 17.09497206703912
 133 19.10614525139667
 527 21.11731843575421
 52 23.12849162011173
 102 25.13966480446928
 98 27.15083798882682
 43 29.16201117318437
 208 31.17318435754191
 307 33.18435754189946
 225 35.195530726257
 138 37.20670391061452
 25 39.21787709497207
 290 41.22905027932961
 0 43.24022346368716
 113 45.2513966480447
 63 47.26256983240225
 247 49.27374301675979
 78 51.28491620111734
 190 53.29608938547489
 63 55.3072625698324
 143 57.31843575418995
 270 59.32960893854749
 51 61.34078212290504
 139 63.35195530726259
 75 65.36312849162013
 113 67.37430167597768
 57 69.38547486033519
 38 71.39664804469274
 45 73.40782122905028
 4 75.41899441340783
 4 77.43016759776538
 2 79.44134078212289
 0 81.45251396648047
 0 83.46368715083798
 0 85.47486033519556
 9 87.48603351955308
 7626 89.49720670391065
 6 91.50837988826817
 0 93.51955307262574
 1 95.53072625698326
 0 97.54189944134077
 1 99.55307262569835
 15 101.5642458100559
 19 103.5754189944134
 37 105.586592178771
 18 107.5977653631285
 103 109.608938547486
 127 111.6201117318436
 130 113.6312849162011
 2 115.6424581005587
 216 117.6536312849162
 169 119.6648044692737
 72 121.6759776536313
 171 123.6871508379888
 166 125.6983240223464
 90 127.7094972067039
 164 129.7206703910614
 156 131.731843575419
 1 133.7430167597765
 140 135.7541899441341
 185 137.7653631284916
 100 139.7765363128492
 123 141.7877094972067
 464 143.7988826815642
 138 145.8100558659218
 178 147.8212290502793
 39 149.8324022346369
 148 151.8435754189944
 67 153.854748603352
 456 155.8659217877095
 53 157.8770949720671
 129 159.8882681564246
 73 161.8994413407821
 47 163.9106145251397
 22 165.9217877094972
 118 167.9329608938548
 213 169.9441340782123
 336 171.9553072625699
 3 173.9664804469274
 152 175.9776536312849
 3 177.9888268156425
 0 180


