# Created by Octave 3.8.2, Sat Jun 20 16:09:25 2020 CEST <damian@fptrucha.inv.usc.es>
# name: hd
# type: matrix
# rows: 180
# columns: 2
 5 -180
 161 -177.9888268156425
 3 -175.9776536312849
 397 -173.9664804469274
 248 -171.9553072625698
 170 -169.9441340782123
 21 -167.9329608938548
 32 -165.9217877094972
 56 -163.9106145251397
 179 -161.8994413407821
 41 -159.8882681564246
 625 -157.877094972067
 71 -155.8659217877095
 109 -153.854748603352
 41 -151.8435754189944
 73 -149.8324022346369
 171 -147.8212290502793
 631 -145.8100558659218
 127 -143.7988826815642
 103 -141.7877094972067
 169 -139.7765363128491
 102 -137.7653631284916
 1 -135.7541899441341
 148 -133.7430167597765
 147 -131.731843575419
 70 -129.7206703910614
 179 -127.7094972067039
 232 -125.6983240223464
 97 -123.6871508379888
 200 -121.6759776536313
 207 -119.6648044692737
 1 -117.6536312849162
 113 -115.6424581005587
 113 -113.6312849162011
 107 -111.6201117318436
 18 -109.608938547486
 37 -107.5977653631285
 21 -105.5865921787709
 5 -103.5754189944134
 3 -101.5642458100559
 0 -99.55307262569832
 3 -97.54189944134077
 3 -95.53072625698323
 4 -93.5195530726257
 8053 -91.50837988826815
 9 -89.49720670391061
 2 -87.48603351955308
 1 -85.47486033519553
 0 -83.46368715083798
 3 -81.45251396648044
 9 -79.44134078212289
 5 -77.43016759776536
 38 -75.41899441340782
 32 -73.40782122905027
 61 -71.39664804469274
 103 -69.38547486033519
 61 -67.37430167597765
 99 -65.3631284916201
 37 -63.35195530726256
 300 -61.34078212290503
 150 -59.32960893854748
 231 -57.31843575418993
 75 -55.3072625698324
 71 -53.29608938547486
 243 -51.28491620111731
 44 -49.27374301675977
 87 -47.26256983240222
 1 -45.25139664804468
 270 -43.24022346368713
 2 -41.22905027932961
 149 -39.21787709497207
 338 -37.20670391061452
 424 -35.19553072625698
 110 -33.18435754189943
 49 -31.17318435754188
 162 -29.16201117318434
 12 -27.15083798882682
 60 -25.13966480446928
 697 -23.12849162011173
 153 -21.11731843575419
 49 -19.10614525139664
 12 -17.09497206703909
 28 -15.08379888268155
 168 -13.072625698324
 6 -11.06145251396646
 594 -9.050279329608941
 4 -7.039106145251395
 122 -5.02793296089385
 20 -3.016759776536304
 3 -1.005586592178759
 22 1.005586592178787
 145 3.016759776536333
 5 5.02793296089385
 550 7.039106145251395
 10 9.050279329608941
 139 11.06145251396649
 56 13.07262569832403
 9 15.08379888268158
 63 17.09497206703912
 109 19.10614525139667
 510 21.11731843575421
 63 23.12849162011173
 92 25.13966480446928
 104 27.15083798882682
 56 29.16201117318437
 249 31.17318435754191
 313 33.18435754189946
 229 35.195530726257
 165 37.20670391061452
 33 39.21787709497207
 301 41.22905027932961
 2 43.24022346368716
 110 45.2513966480447
 49 47.26256983240225
 213 49.27374301675979
 94 51.28491620111734
 225 53.29608938547489
 89 55.3072625698324
 128 57.31843575418995
 268 59.32960893854749
 56 61.34078212290504
 117 63.35195530726259
 84 65.36312849162013
 125 67.37430167597768
 47 69.38547486033519
 22 71.39664804469274
 50 73.40782122905028
 5 75.41899441340783
 8 77.43016759776538
 2 79.44134078212289
 0 81.45251396648047
 1 83.46368715083798
 4 85.47486033519556
 9 87.48603351955308
 7974 89.49720670391065
 5 91.50837988826817
 4 93.51955307262574
 0 95.53072625698326
 0 97.54189944134077
 5 99.55307262569835
 14 101.5642458100559
 25 103.5754189944134
 34 105.586592178771
 18 107.5977653631285
 103 109.608938547486
 123 111.6201117318436
 138 113.6312849162011
 1 115.6424581005587
 215 117.6536312849162
 179 119.6648044692737
 111 121.6759776536313
 197 123.6871508379888
 206 125.6983240223464
 85 127.7094972067039
 173 129.7206703910614
 181 131.731843575419
 0 133.7430167597765
 136 135.7541899441341
 181 137.7653631284916
 114 139.7765363128492
 177 141.7877094972067
 492 143.7988826815642
 139 145.8100558659218
 205 147.8212290502793
 53 149.8324022346369
 162 151.8435754189944
 66 153.854748603352
 475 155.8659217877095
 44 157.8770949720671
 152 159.8882681564246
 85 161.8994413407821
 45 163.9106145251397
 14 165.9217877094972
 120 167.9329608938548
 258 169.9441340782123
 332 171.9553072625699
 2 173.9664804469274
 163 175.9776536312849
 7 177.9888268156425
 0 180


