# Created by Octave 3.8.2, Mon Jun 22 23:13:58 2020 CEST <damian@fptrucha.inv.usc.es>
# name: hd
# type: matrix
# rows: 180
# columns: 2
 5 -180
 192 -177.9888268156425
 5 -175.9776536312849
 392 -173.9664804469274
 250 -171.9553072625698
 159 -169.9441340782123
 34 -167.9329608938548
 46 -165.9217877094972
 73 -163.9106145251397
 191 -161.8994413407821
 48 -159.8882681564246
 614 -157.877094972067
 85 -155.8659217877095
 144 -153.854748603352
 43 -151.8435754189944
 80 -149.8324022346369
 244 -147.8212290502793
 654 -145.8100558659218
 120 -143.7988826815642
 97 -141.7877094972067
 181 -139.7765363128491
 145 -137.7653631284916
 5 -135.7541899441341
 189 -133.7430167597765
 175 -131.731843575419
 103 -129.7206703910614
 177 -127.7094972067039
 281 -125.6983240223464
 114 -123.6871508379888
 218 -121.6759776536313
 205 -119.6648044692737
 2 -117.6536312849162
 116 -115.6424581005587
 127 -113.6312849162011
 133 -111.6201117318436
 34 -109.608938547486
 41 -107.5977653631285
 28 -105.5865921787709
 10 -103.5754189944134
 4 -101.5642458100559
 0 -99.55307262569832
 0 -97.54189944134077
 3 -95.53072625698323
 7 -93.5195530726257
 8521 -91.50837988826815
 14 -89.49720670391061
 8 -87.48603351955308
 4 -85.47486033519553
 0 -83.46368715083798
 3 -81.45251396648044
 16 -79.44134078212289
 5 -77.43016759776536
 58 -75.41899441340782
 35 -73.40782122905027
 72 -71.39664804469274
 117 -69.38547486033519
 59 -67.37430167597765
 127 -65.3631284916201
 70 -63.35195530726256
 274 -61.34078212290503
 186 -59.32960893854748
 218 -57.31843575418993
 98 -55.3072625698324
 89 -53.29608938547486
 236 -51.28491620111731
 67 -49.27374301675977
 119 -47.26256983240222
 4 -45.25139664804468
 287 -43.24022346368713
 7 -41.22905027932961
 167 -39.21787709497207
 318 -37.20670391061452
 468 -35.19553072625698
 115 -33.18435754189943
 58 -31.17318435754188
 142 -29.16201117318434
 7 -27.15083798882682
 75 -25.13966480446928
 606 -23.12849162011173
 137 -21.11731843575419
 52 -19.10614525139664
 9 -17.09497206703909
 44 -15.08379888268155
 158 -13.072625698324
 14 -11.06145251396646
 644 -9.050279329608941
 3 -7.039106145251395
 132 -5.02793296089385
 20 -3.016759776536304
 5 -1.005586592178759
 22 1.005586592178787
 126 3.016759776536333
 2 5.02793296089385
 606 7.039106145251395
 11 9.050279329608941
 156 11.06145251396649
 41 13.07262569832403
 16 15.08379888268158
 54 17.09497206703912
 128 19.10614525139667
 613 21.11731843575421
 72 23.12849162011173
 82 25.13966480446928
 118 27.15083798882682
 70 29.16201117318437
 193 31.17318435754191
 377 33.18435754189946
 292 35.195530726257
 163 37.20670391061452
 36 39.21787709497207
 341 41.22905027932961
 4 43.24022346368716
 157 45.2513966480447
 54 47.26256983240225
 236 49.27374301675979
 72 51.28491620111734
 226 53.29608938547489
 81 55.3072625698324
 151 57.31843575418995
 269 59.32960893854749
 70 61.34078212290504
 112 63.35195530726259
 80 65.36312849162013
 112 67.37430167597768
 47 69.38547486033519
 30 71.39664804469274
 54 73.40782122905028
 11 75.41899441340783
 11 77.43016759776538
 2 79.44134078212289
 0 81.45251396648047
 1 83.46368715083798
 4 85.47486033519556
 15 87.48603351955308
 7994 89.49720670391065
 6 91.50837988826817
 3 93.51955307262574
 0 95.53072625698326
 1 97.54189944134077
 5 99.55307262569835
 17 101.5642458100559
 39 103.5754189944134
 38 105.586592178771
 25 107.5977653631285
 118 109.608938547486
 119 111.6201117318436
 135 113.6312849162011
 5 115.6424581005587
 238 117.6536312849162
 198 119.6648044692737
 104 121.6759776536313
 205 123.6871508379888
 193 125.6983240223464
 87 127.7094972067039
 177 129.7206703910614
 220 131.731843575419
 3 133.7430167597765
 138 135.7541899441341
 198 137.7653631284916
 121 139.7765363128492
 165 141.7877094972067
 561 143.7988826815642
 113 145.8100558659218
 224 147.8212290502793
 51 149.8324022346369
 164 151.8435754189944
 63 153.854748603352
 506 155.8659217877095
 51 157.8770949720671
 158 159.8882681564246
 82 161.8994413407821
 54 163.9106145251397
 20 165.9217877094972
 154 167.9329608938548
 229 169.9441340782123
 353 171.9553072625699
 4 173.9664804469274
 172 175.9776536312849
 6 177.9888268156425
 0 180


