# Created by Octave 3.8.2, Sat Jun 20 16:39:19 2020 CEST <damian@fptrucha.inv.usc.es>
# name: hd
# type: matrix
# rows: 180
# columns: 2
 2 -180
 180 -177.9888268156425
 3 -175.9776536312849
 331 -173.9664804469274
 252 -171.9553072625698
 168 -169.9441340782123
 27 -167.9329608938548
 33 -165.9217877094972
 49 -163.9106145251397
 159 -161.8994413407821
 38 -159.8882681564246
 666 -157.877094972067
 61 -155.8659217877095
 110 -153.854748603352
 49 -151.8435754189944
 60 -149.8324022346369
 225 -147.8212290502793
 645 -145.8100558659218
 117 -143.7988826815642
 98 -141.7877094972067
 165 -139.7765363128491
 88 -137.7653631284916
 0 -135.7541899441341
 159 -133.7430167597765
 130 -131.731843575419
 75 -129.7206703910614
 183 -127.7094972067039
 207 -125.6983240223464
 93 -123.6871508379888
 191 -121.6759776536313
 186 -119.6648044692737
 2 -117.6536312849162
 87 -115.6424581005587
 107 -113.6312849162011
 139 -111.6201117318436
 11 -109.608938547486
 29 -107.5977653631285
 34 -105.5865921787709
 9 -103.5754189944134
 5 -101.5642458100559
 0 -99.55307262569832
 0 -97.54189944134077
 6 -95.53072625698323
 6 -93.5195530726257
 8225 -91.50837988826815
 7 -89.49720670391061
 1 -87.48603351955308
 0 -85.47486033519553
 0 -83.46368715083798
 0 -81.45251396648044
 3 -79.44134078212289
 3 -77.43016759776536
 53 -75.41899441340782
 28 -73.40782122905027
 52 -71.39664804469274
 113 -69.38547486033519
 66 -67.37430167597765
 90 -65.3631284916201
 50 -63.35195530726256
 275 -61.34078212290503
 147 -59.32960893854748
 200 -57.31843575418993
 85 -55.3072625698324
 77 -53.29608938547486
 227 -51.28491620111731
 41 -49.27374301675977
 105 -47.26256983240222
 1 -45.25139664804468
 259 -43.24022346368713
 2 -41.22905027932961
 158 -39.21787709497207
 294 -37.20670391061452
 466 -35.19553072625698
 122 -33.18435754189943
 56 -31.17318435754188
 147 -29.16201117318434
 11 -27.15083798882682
 52 -25.13966480446928
 666 -23.12849162011173
 132 -21.11731843575419
 42 -19.10614525139664
 9 -17.09497206703909
 36 -15.08379888268155
 177 -13.072625698324
 9 -11.06145251396646
 516 -9.050279329608941
 3 -7.039106145251395
 140 -5.02793296089385
 12 -3.016759776536304
 3 -1.005586592178759
 15 1.005586592178787
 122 3.016759776536333
 2 5.02793296089385
 542 7.039106145251395
 5 9.050279329608941
 130 11.06145251396649
 49 13.07262569832403
 12 15.08379888268158
 54 17.09497206703912
 100 19.10614525139667
 494 21.11731843575421
 66 23.12849162011173
 102 25.13966480446928
 98 27.15083798882682
 65 29.16201117318437
 224 31.17318435754191
 313 33.18435754189946
 236 35.195530726257
 164 37.20670391061452
 34 39.21787709497207
 304 41.22905027932961
 0 43.24022346368716
 124 45.2513966480447
 54 47.26256983240225
 239 49.27374301675979
 85 51.28491620111734
 199 53.29608938547489
 83 55.3072625698324
 122 57.31843575418995
 278 59.32960893854749
 71 61.34078212290504
 119 63.35195530726259
 66 65.36312849162013
 107 67.37430167597768
 56 69.38547486033519
 19 71.39664804469274
 56 73.40782122905028
 7 75.41899441340783
 9 77.43016759776538
 3 79.44134078212289
 0 81.45251396648047
 0 83.46368715083798
 2 85.47486033519556
 11 87.48603351955308
 7916 89.49720670391065
 7 91.50837988826817
 1 93.51955307262574
 1 95.53072625698326
 0 97.54189944134077
 1 99.55307262569835
 15 101.5642458100559
 30 103.5754189944134
 30 105.586592178771
 21 107.5977653631285
 102 109.608938547486
 129 111.6201117318436
 141 113.6312849162011
 7 115.6424581005587
 208 117.6536312849162
 167 119.6648044692737
 102 121.6759776536313
 185 123.6871508379888
 172 125.6983240223464
 90 127.7094972067039
 180 129.7206703910614
 182 131.731843575419
 2 133.7430167597765
 122 135.7541899441341
 188 137.7653631284916
 107 139.7765363128492
 148 141.7877094972067
 476 143.7988826815642
 142 145.8100558659218
 212 147.8212290502793
 44 149.8324022346369
 168 151.8435754189944
 58 153.854748603352
 473 155.8659217877095
 36 157.8770949720671
 132 159.8882681564246
 68 161.8994413407821
 46 163.9106145251397
 14 165.9217877094972
 133 167.9329608938548
 204 169.9441340782123
 340 171.9553072625699
 4 173.9664804469274
 146 175.9776536312849
 1 177.9888268156425
 0 180


