# Created by Octave 3.8.2, Mon Jun 22 11:22:32 2020 CEST <damian@fptrucha.inv.usc.es>
# name: hd
# type: matrix
# rows: 180
# columns: 2
 5 -180
 166 -177.9888268156425
 2 -175.9776536312849
 360 -173.9664804469274
 218 -171.9553072625698
 158 -169.9441340782123
 40 -167.9329608938548
 44 -165.9217877094972
 67 -163.9106145251397
 142 -161.8994413407821
 37 -159.8882681564246
 572 -157.877094972067
 57 -155.8659217877095
 142 -153.854748603352
 35 -151.8435754189944
 76 -149.8324022346369
 235 -147.8212290502793
 600 -145.8100558659218
 131 -143.7988826815642
 89 -141.7877094972067
 177 -139.7765363128491
 98 -137.7653631284916
 5 -135.7541899441341
 199 -133.7430167597765
 158 -131.731843575419
 77 -129.7206703910614
 179 -127.7094972067039
 185 -125.6983240223464
 100 -123.6871508379888
 177 -121.6759776536313
 165 -119.6648044692737
 3 -117.6536312849162
 97 -115.6424581005587
 125 -113.6312849162011
 124 -111.6201117318436
 26 -109.608938547486
 39 -107.5977653631285
 24 -105.5865921787709
 11 -103.5754189944134
 4 -101.5642458100559
 0 -99.55307262569832
 1 -97.54189944134077
 2 -95.53072625698323
 9 -93.5195530726257
 7650 -91.50837988826815
 18 -89.49720670391061
 5 -87.48603351955308
 2 -85.47486033519553
 0 -83.46368715083798
 0 -81.45251396648044
 11 -79.44134078212289
 5 -77.43016759776536
 46 -75.41899441340782
 27 -73.40782122905027
 36 -71.39664804469274
 120 -69.38547486033519
 71 -67.37430167597765
 116 -65.3631284916201
 50 -63.35195530726256
 244 -61.34078212290503
 132 -59.32960893854748
 171 -57.31843575418993
 80 -55.3072625698324
 83 -53.29608938547486
 224 -51.28491620111731
 62 -49.27374301675977
 103 -47.26256983240222
 6 -45.25139664804468
 257 -43.24022346368713
 2 -41.22905027932961
 154 -39.21787709497207
 284 -37.20670391061452
 443 -35.19553072625698
 111 -33.18435754189943
 64 -31.17318435754188
 185 -29.16201117318434
 16 -27.15083798882682
 56 -25.13966480446928
 543 -23.12849162011173
 133 -21.11731843575419
 53 -19.10614525139664
 9 -17.09497206703909
 43 -15.08379888268155
 138 -13.072625698324
 13 -11.06145251396646
 601 -9.050279329608941
 3 -7.039106145251395
 137 -5.02793296089385
 19 -3.016759776536304
 5 -1.005586592178759
 28 1.005586592178787
 128 3.016759776536333
 8 5.02793296089385
 576 7.039106145251395
 12 9.050279329608941
 131 11.06145251396649
 50 13.07262569832403
 13 15.08379888268158
 65 17.09497206703912
 138 19.10614525139667
 516 21.11731843575421
 63 23.12849162011173
 93 25.13966480446928
 100 27.15083798882682
 61 29.16201117318437
 176 31.17318435754191
 355 33.18435754189946
 235 35.195530726257
 147 37.20670391061452
 36 39.21787709497207
 260 41.22905027932961
 1 43.24022346368716
 123 45.2513966480447
 73 47.26256983240225
 243 49.27374301675979
 93 51.28491620111734
 232 53.29608938547489
 82 55.3072625698324
 139 57.31843575418995
 250 59.32960893854749
 64 61.34078212290504
 102 63.35195530726259
 79 65.36312849162013
 115 67.37430167597768
 47 69.38547486033519
 38 71.39664804469274
 55 73.40782122905028
 12 75.41899441340783
 9 77.43016759776538
 4 79.44134078212289
 1 81.45251396648047
 3 83.46368715083798
 5 85.47486033519556
 12 87.48603351955308
 7548 89.49720670391065
 4 91.50837988826817
 7 93.51955307262574
 2 95.53072625698326
 2 97.54189944134077
 5 99.55307262569835
 15 101.5642458100559
 28 103.5754189944134
 48 105.586592178771
 21 107.5977653631285
 113 109.608938547486
 115 111.6201117318436
 142 113.6312849162011
 5 115.6424581005587
 195 117.6536312849162
 186 119.6648044692737
 86 121.6759776536313
 186 123.6871508379888
 174 125.6983240223464
 80 127.7094972067039
 164 129.7206703910614
 158 131.731843575419
 5 133.7430167597765
 131 135.7541899441341
 189 137.7653631284916
 101 139.7765363128492
 128 141.7877094972067
 490 143.7988826815642
 96 145.8100558659218
 184 147.8212290502793
 49 149.8324022346369
 136 151.8435754189944
 72 153.854748603352
 481 155.8659217877095
 54 157.8770949720671
 154 159.8882681564246
 64 161.8994413407821
 53 163.9106145251397
 19 165.9217877094972
 148 167.9329608938548
 234 169.9441340782123
 359 171.9553072625699
 6 173.9664804469274
 174 175.9776536312849
 4 177.9888268156425
 0 180


