# Created by Octave 3.8.2, Sun Jun 21 06:40:49 2020 CEST <damian@fptrucha.inv.usc.es>
# name: hd
# type: matrix
# rows: 180
# columns: 2
 1 -180
 144 -177.9888268156425
 3 -175.9776536312849
 383 -173.9664804469274
 239 -171.9553072625698
 160 -169.9441340782123
 41 -167.9329608938548
 36 -165.9217877094972
 42 -163.9106145251397
 189 -161.8994413407821
 35 -159.8882681564246
 616 -157.877094972067
 60 -155.8659217877095
 106 -153.854748603352
 38 -151.8435754189944
 62 -149.8324022346369
 205 -147.8212290502793
 597 -145.8100558659218
 118 -143.7988826815642
 94 -141.7877094972067
 184 -139.7765363128491
 121 -137.7653631284916
 4 -135.7541899441341
 146 -133.7430167597765
 158 -131.731843575419
 77 -129.7206703910614
 169 -127.7094972067039
 235 -125.6983240223464
 93 -123.6871508379888
 190 -121.6759776536313
 167 -119.6648044692737
 3 -117.6536312849162
 106 -115.6424581005587
 112 -113.6312849162011
 145 -111.6201117318436
 9 -109.608938547486
 30 -107.5977653631285
 27 -105.5865921787709
 11 -103.5754189944134
 2 -101.5642458100559
 0 -99.55307262569832
 1 -97.54189944134077
 6 -95.53072625698323
 4 -93.5195530726257
 8264 -91.50837988826815
 6 -89.49720670391061
 3 -87.48603351955308
 2 -85.47486033519553
 1 -83.46368715083798
 3 -81.45251396648044
 5 -79.44134078212289
 3 -77.43016759776536
 41 -75.41899441340782
 26 -73.40782122905027
 51 -71.39664804469274
 101 -69.38547486033519
 71 -67.37430167597765
 107 -65.3631284916201
 45 -63.35195530726256
 299 -61.34078212290503
 151 -59.32960893854748
 207 -57.31843575418993
 94 -55.3072625698324
 84 -53.29608938547486
 230 -51.28491620111731
 50 -49.27374301675977
 122 -47.26256983240222
 5 -45.25139664804468
 234 -43.24022346368713
 2 -41.22905027932961
 143 -39.21787709497207
 333 -37.20670391061452
 485 -35.19553072625698
 101 -33.18435754189943
 60 -31.17318435754188
 151 -29.16201117318434
 5 -27.15083798882682
 58 -25.13966480446928
 632 -23.12849162011173
 149 -21.11731843575419
 38 -19.10614525139664
 9 -17.09497206703909
 33 -15.08379888268155
 160 -13.072625698324
 11 -11.06145251396646
 589 -9.050279329608941
 3 -7.039106145251395
 130 -5.02793296089385
 15 -3.016759776536304
 1 -1.005586592178759
 19 1.005586592178787
 140 3.016759776536333
 4 5.02793296089385
 557 7.039106145251395
 5 9.050279329608941
 142 11.06145251396649
 45 13.07262569832403
 5 15.08379888268158
 53 17.09497206703912
 102 19.10614525139667
 505 21.11731843575421
 39 23.12849162011173
 99 25.13966480446928
 112 27.15083798882682
 72 29.16201117318437
 232 31.17318435754191
 318 33.18435754189946
 232 35.195530726257
 161 37.20670391061452
 27 39.21787709497207
 273 41.22905027932961
 2 43.24022346368716
 115 45.2513966480447
 55 47.26256983240225
 248 49.27374301675979
 93 51.28491620111734
 174 53.29608938547489
 78 55.3072625698324
 130 57.31843575418995
 248 59.32960893854749
 53 61.34078212290504
 131 63.35195530726259
 72 65.36312849162013
 95 67.37430167597768
 50 69.38547486033519
 25 71.39664804469274
 41 73.40782122905028
 8 75.41899441340783
 6 77.43016759776538
 1 79.44134078212289
 0 81.45251396648047
 1 83.46368715083798
 3 85.47486033519556
 12 87.48603351955308
 7682 89.49720670391065
 5 91.50837988826817
 2 93.51955307262574
 0 95.53072625698326
 0 97.54189944134077
 1 99.55307262569835
 17 101.5642458100559
 17 103.5754189944134
 35 105.586592178771
 21 107.5977653631285
 117 109.608938547486
 129 111.6201117318436
 107 113.6312849162011
 4 115.6424581005587
 189 117.6536312849162
 163 119.6648044692737
 94 121.6759776536313
 187 123.6871508379888
 185 125.6983240223464
 68 127.7094972067039
 169 129.7206703910614
 166 131.731843575419
 2 133.7430167597765
 128 135.7541899441341
 171 137.7653631284916
 103 139.7765363128492
 136 141.7877094972067
 471 143.7988826815642
 117 145.8100558659218
 181 147.8212290502793
 49 149.8324022346369
 158 151.8435754189944
 61 153.854748603352
 464 155.8659217877095
 58 157.8770949720671
 133 159.8882681564246
 88 161.8994413407821
 48 163.9106145251397
 19 165.9217877094972
 120 167.9329608938548
 217 169.9441340782123
 362 171.9553072625699
 1 173.9664804469274
 151 175.9776536312849
 4 177.9888268156425
 0 180


