# Created by Octave 3.8.2, Sat Jun 20 07:50:21 2020 CEST <damian@fptrucha.inv.usc.es>
# name: hd
# type: matrix
# rows: 180
# columns: 2
 8 -180
 193 -177.9888268156425
 1 -175.9776536312849
 387 -173.9664804469274
 276 -171.9553072625698
 168 -169.9441340782123
 33 -167.9329608938548
 58 -165.9217877094972
 60 -163.9106145251397
 177 -161.8994413407821
 42 -159.8882681564246
 661 -157.877094972067
 81 -155.8659217877095
 135 -153.854748603352
 57 -151.8435754189944
 98 -149.8324022346369
 243 -147.8212290502793
 756 -145.8100558659218
 140 -143.7988826815642
 103 -141.7877094972067
 218 -139.7765363128491
 137 -137.7653631284916
 4 -135.7541899441341
 209 -133.7430167597765
 186 -131.731843575419
 100 -129.7206703910614
 209 -127.7094972067039
 258 -125.6983240223464
 124 -123.6871508379888
 236 -121.6759776536313
 230 -119.6648044692737
 3 -117.6536312849162
 141 -115.6424581005587
 150 -113.6312849162011
 143 -111.6201117318436
 17 -109.608938547486
 42 -107.5977653631285
 22 -105.5865921787709
 12 -103.5754189944134
 5 -101.5642458100559
 1 -99.55307262569832
 1 -97.54189944134077
 2 -95.53072625698323
 6 -93.5195530726257
 9393 -91.50837988826815
 8 -89.49720670391061
 4 -87.48603351955308
 2 -85.47486033519553
 1 -83.46368715083798
 0 -81.45251396648044
 9 -79.44134078212289
 7 -77.43016759776536
 65 -75.41899441340782
 31 -73.40782122905027
 74 -71.39664804469274
 147 -69.38547486033519
 88 -67.37430167597765
 116 -65.3631284916201
 51 -63.35195530726256
 299 -61.34078212290503
 153 -59.32960893854748
 246 -57.31843575418993
 115 -55.3072625698324
 77 -53.29608938547486
 269 -51.28491620111731
 58 -49.27374301675977
 132 -47.26256983240222
 1 -45.25139664804468
 348 -43.24022346368713
 2 -41.22905027932961
 165 -39.21787709497207
 343 -37.20670391061452
 530 -35.19553072625698
 126 -33.18435754189943
 78 -31.17318435754188
 168 -29.16201117318434
 19 -27.15083798882682
 76 -25.13966480446928
 672 -23.12849162011173
 136 -21.11731843575419
 55 -19.10614525139664
 16 -17.09497206703909
 44 -15.08379888268155
 181 -13.072625698324
 9 -11.06145251396646
 628 -9.050279329608941
 3 -7.039106145251395
 154 -5.02793296089385
 18 -3.016759776536304
 2 -1.005586592178759
 25 1.005586592178787
 134 3.016759776536333
 2 5.02793296089385
 653 7.039106145251395
 6 9.050279329608941
 159 11.06145251396649
 54 13.07262569832403
 12 15.08379888268158
 63 17.09497206703912
 117 19.10614525139667
 569 21.11731843575421
 62 23.12849162011173
 96 25.13966480446928
 123 27.15083798882682
 63 29.16201117318437
 262 31.17318435754191
 337 33.18435754189946
 255 35.195530726257
 200 37.20670391061452
 27 39.21787709497207
 310 41.22905027932961
 1 43.24022346368716
 127 45.2513966480447
 63 47.26256983240225
 243 49.27374301675979
 97 51.28491620111734
 221 53.29608938547489
 90 55.3072625698324
 156 57.31843575418995
 307 59.32960893854749
 62 61.34078212290504
 126 63.35195530726259
 64 65.36312849162013
 121 67.37430167597768
 52 69.38547486033519
 28 71.39664804469274
 60 73.40782122905028
 6 75.41899441340783
 8 77.43016759776538
 4 79.44134078212289
 0 81.45251396648047
 1 83.46368715083798
 2 85.47486033519556
 13 87.48603351955308
 8412 89.49720670391065
 6 91.50837988826817
 6 93.51955307262574
 3 95.53072625698326
 0 97.54189944134077
 5 99.55307262569835
 13 101.5642458100559
 27 103.5754189944134
 34 105.586592178771
 16 107.5977653631285
 121 109.608938547486
 126 111.6201117318436
 122 113.6312849162011
 1 115.6424581005587
 230 117.6536312849162
 185 119.6648044692737
 92 121.6759776536313
 198 123.6871508379888
 197 125.6983240223464
 104 127.7094972067039
 166 129.7206703910614
 209 131.731843575419
 2 133.7430167597765
 149 135.7541899441341
 178 137.7653631284916
 121 139.7765363128492
 141 141.7877094972067
 535 143.7988826815642
 130 145.8100558659218
 247 147.8212290502793
 41 149.8324022346369
 193 151.8435754189944
 69 153.854748603352
 547 155.8659217877095
 54 157.8770949720671
 152 159.8882681564246
 93 161.8994413407821
 51 163.9106145251397
 21 165.9217877094972
 147 167.9329608938548
 264 169.9441340782123
 393 171.9553072625699
 3 173.9664804469274
 174 175.9776536312849
 6 177.9888268156425
 0 180


