# Created by Octave 3.8.2, Mon Jun 22 08:12:14 2020 CEST <damian@fptrucha.inv.usc.es>
# name: hd
# type: matrix
# rows: 180
# columns: 2
 4 -180
 156 -177.9888268156425
 3 -175.9776536312849
 335 -173.9664804469274
 236 -171.9553072625698
 146 -169.9441340782123
 30 -167.9329608938548
 27 -165.9217877094972
 64 -163.9106145251397
 136 -161.8994413407821
 42 -159.8882681564246
 521 -157.877094972067
 61 -155.8659217877095
 139 -153.854748603352
 39 -151.8435754189944
 63 -149.8324022346369
 210 -147.8212290502793
 551 -145.8100558659218
 135 -143.7988826815642
 97 -141.7877094972067
 165 -139.7765363128491
 117 -137.7653631284916
 0 -135.7541899441341
 177 -133.7430167597765
 151 -131.731843575419
 59 -129.7206703910614
 170 -127.7094972067039
 226 -125.6983240223464
 97 -123.6871508379888
 169 -121.6759776536313
 161 -119.6648044692737
 4 -117.6536312849162
 102 -115.6424581005587
 121 -113.6312849162011
 103 -111.6201117318436
 28 -109.608938547486
 45 -107.5977653631285
 20 -105.5865921787709
 15 -103.5754189944134
 4 -101.5642458100559
 2 -99.55307262569832
 3 -97.54189944134077
 3 -95.53072625698323
 9 -93.5195530726257
 7621 -91.50837988826815
 14 -89.49720670391061
 7 -87.48603351955308
 2 -85.47486033519553
 0 -83.46368715083798
 2 -81.45251396648044
 11 -79.44134078212289
 6 -77.43016759776536
 53 -75.41899441340782
 26 -73.40782122905027
 50 -71.39664804469274
 109 -69.38547486033519
 70 -67.37430167597765
 119 -65.3631284916201
 62 -63.35195530726256
 236 -61.34078212290503
 131 -59.32960893854748
 202 -57.31843575418993
 98 -55.3072625698324
 69 -53.29608938547486
 197 -51.28491620111731
 42 -49.27374301675977
 121 -47.26256983240222
 4 -45.25139664804468
 273 -43.24022346368713
 5 -41.22905027932961
 165 -39.21787709497207
 288 -37.20670391061452
 414 -35.19553072625698
 113 -33.18435754189943
 65 -31.17318435754188
 150 -29.16201117318434
 13 -27.15083798882682
 61 -25.13966480446928
 551 -23.12849162011173
 135 -21.11731843575419
 59 -19.10614525139664
 16 -17.09497206703909
 41 -15.08379888268155
 137 -13.072625698324
 8 -11.06145251396646
 542 -9.050279329608941
 0 -7.039106145251395
 120 -5.02793296089385
 24 -3.016759776536304
 4 -1.005586592178759
 26 1.005586592178787
 116 3.016759776536333
 4 5.02793296089385
 500 7.039106145251395
 8 9.050279329608941
 162 11.06145251396649
 39 13.07262569832403
 17 15.08379888268158
 48 17.09497206703912
 121 19.10614525139667
 497 21.11731843575421
 55 23.12849162011173
 67 25.13966480446928
 92 27.15083798882682
 58 29.16201117318437
 206 31.17318435754191
 314 33.18435754189946
 240 35.195530726257
 163 37.20670391061452
 44 39.21787709497207
 267 41.22905027932961
 4 43.24022346368716
 136 45.2513966480447
 63 47.26256983240225
 217 49.27374301675979
 80 51.28491620111734
 185 53.29608938547489
 97 55.3072625698324
 160 57.31843575418995
 233 59.32960893854749
 60 61.34078212290504
 126 63.35195530726259
 71 65.36312849162013
 122 67.37430167597768
 38 69.38547486033519
 34 71.39664804469274
 52 73.40782122905028
 17 75.41899441340783
 3 77.43016759776538
 2 79.44134078212289
 0 81.45251396648047
 1 83.46368715083798
 5 85.47486033519556
 10 87.48603351955308
 7293 89.49720670391065
 19 91.50837988826817
 8 93.51955307262574
 0 95.53072625698326
 0 97.54189944134077
 3 99.55307262569835
 17 101.5642458100559
 21 103.5754189944134
 37 105.586592178771
 27 107.5977653631285
 121 109.608938547486
 111 111.6201117318436
 115 113.6312849162011
 2 115.6424581005587
 183 117.6536312849162
 138 119.6648044692737
 105 121.6759776536313
 161 123.6871508379888
 165 125.6983240223464
 84 127.7094972067039
 180 129.7206703910614
 186 131.731843575419
 3 133.7430167597765
 125 135.7541899441341
 173 137.7653631284916
 111 139.7765363128492
 104 141.7877094972067
 492 143.7988826815642
 116 145.8100558659218
 194 147.8212290502793
 53 149.8324022346369
 119 151.8435754189944
 54 153.854748603352
 459 155.8659217877095
 53 157.8770949720671
 157 159.8882681564246
 70 161.8994413407821
 41 163.9106145251397
 22 165.9217877094972
 138 167.9329608938548
 199 169.9441340782123
 377 171.9553072625699
 3 173.9664804469274
 147 175.9776536312849
 1 177.9888268156425
 0 180


