# Created by Octave 3.8.2, Mon Jun 22 08:16:22 2020 CEST <damian@fptrucha.inv.usc.es>
# name: hd
# type: matrix
# rows: 180
# columns: 2
 2 -180
 138 -177.9888268156425
 4 -175.9776536312849
 329 -173.9664804469274
 234 -171.9553072625698
 155 -169.9441340782123
 38 -167.9329608938548
 45 -165.9217877094972
 69 -163.9106145251397
 153 -161.8994413407821
 36 -159.8882681564246
 501 -157.877094972067
 68 -155.8659217877095
 122 -153.854748603352
 41 -151.8435754189944
 82 -149.8324022346369
 248 -147.8212290502793
 567 -145.8100558659218
 123 -143.7988826815642
 83 -141.7877094972067
 195 -139.7765363128491
 132 -137.7653631284916
 6 -135.7541899441341
 179 -133.7430167597765
 153 -131.731843575419
 69 -129.7206703910614
 139 -127.7094972067039
 213 -125.6983240223464
 105 -123.6871508379888
 161 -121.6759776536313
 182 -119.6648044692737
 2 -117.6536312849162
 108 -115.6424581005587
 142 -113.6312849162011
 126 -111.6201117318436
 24 -109.608938547486
 61 -107.5977653631285
 21 -105.5865921787709
 19 -103.5754189944134
 4 -101.5642458100559
 1 -99.55307262569832
 1 -97.54189944134077
 1 -95.53072625698323
 7 -93.5195530726257
 7600 -91.50837988826815
 17 -89.49720670391061
 4 -87.48603351955308
 3 -85.47486033519553
 1 -83.46368715083798
 4 -81.45251396648044
 8 -79.44134078212289
 8 -77.43016759776536
 50 -75.41899441340782
 26 -73.40782122905027
 37 -71.39664804469274
 103 -69.38547486033519
 65 -67.37430167597765
 114 -65.3631284916201
 49 -63.35195530726256
 241 -61.34078212290503
 113 -59.32960893854748
 181 -57.31843575418993
 115 -55.3072625698324
 77 -53.29608938547486
 220 -51.28491620111731
 60 -49.27374301675977
 125 -47.26256983240222
 1 -45.25139664804468
 280 -43.24022346368713
 5 -41.22905027932961
 144 -39.21787709497207
 252 -37.20670391061452
 390 -35.19553072625698
 116 -33.18435754189943
 73 -31.17318435754188
 153 -29.16201117318434
 5 -27.15083798882682
 56 -25.13966480446928
 528 -23.12849162011173
 129 -21.11731843575419
 74 -19.10614525139664
 23 -17.09497206703909
 44 -15.08379888268155
 137 -13.072625698324
 15 -11.06145251396646
 540 -9.050279329608941
 4 -7.039106145251395
 149 -5.02793296089385
 19 -3.016759776536304
 3 -1.005586592178759
 22 1.005586592178787
 129 3.016759776536333
 5 5.02793296089385
 540 7.039106145251395
 8 9.050279329608941
 150 11.06145251396649
 52 13.07262569832403
 9 15.08379888268158
 57 17.09497206703912
 113 19.10614525139667
 521 21.11731843575421
 55 23.12849162011173
 84 25.13966480446928
 104 27.15083798882682
 55 29.16201117318437
 186 31.17318435754191
 361 33.18435754189946
 236 35.195530726257
 149 37.20670391061452
 34 39.21787709497207
 288 41.22905027932961
 2 43.24022346368716
 113 45.2513966480447
 74 47.26256983240225
 199 49.27374301675979
 79 51.28491620111734
 189 53.29608938547489
 85 55.3072625698324
 145 57.31843575418995
 243 59.32960893854749
 54 61.34078212290504
 118 63.35195530726259
 70 65.36312849162013
 104 67.37430167597768
 42 69.38547486033519
 35 71.39664804469274
 64 73.40782122905028
 10 75.41899441340783
 11 77.43016759776538
 6 79.44134078212289
 1 81.45251396648047
 1 83.46368715083798
 5 85.47486033519556
 20 87.48603351955308
 7475 89.49720670391065
 14 91.50837988826817
 3 93.51955307262574
 2 95.53072625698326
 3 97.54189944134077
 3 99.55307262569835
 13 101.5642458100559
 25 103.5754189944134
 34 105.586592178771
 23 107.5977653631285
 117 109.608938547486
 125 111.6201117318436
 130 113.6312849162011
 5 115.6424581005587
 217 117.6536312849162
 151 119.6648044692737
 88 121.6759776536313
 148 123.6871508379888
 189 125.6983240223464
 75 127.7094972067039
 169 129.7206703910614
 186 131.731843575419
 2 133.7430167597765
 117 135.7541899441341
 168 137.7653631284916
 94 139.7765363128492
 150 141.7877094972067
 487 143.7988826815642
 101 145.8100558659218
 196 147.8212290502793
 48 149.8324022346369
 114 151.8435754189944
 72 153.854748603352
 540 155.8659217877095
 46 157.8770949720671
 145 159.8882681564246
 70 161.8994413407821
 40 163.9106145251397
 17 165.9217877094972
 146 167.9329608938548
 210 169.9441340782123
 318 171.9553072625699
 2 173.9664804469274
 178 175.9776536312849
 4 177.9888268156425
 0 180


