# Created by Octave 3.8.2, Sat Jun 20 10:00:26 2020 CEST <damian@fptrucha.inv.usc.es>
# name: hd
# type: matrix
# rows: 180
# columns: 2
 8 -180
 183 -177.9888268156425
 4 -175.9776536312849
 426 -173.9664804469274
 248 -171.9553072625698
 176 -169.9441340782123
 33 -167.9329608938548
 49 -165.9217877094972
 65 -163.9106145251397
 189 -161.8994413407821
 34 -159.8882681564246
 713 -157.877094972067
 79 -155.8659217877095
 137 -153.854748603352
 37 -151.8435754189944
 70 -149.8324022346369
 238 -147.8212290502793
 743 -145.8100558659218
 140 -143.7988826815642
 107 -141.7877094972067
 195 -139.7765363128491
 122 -137.7653631284916
 3 -135.7541899441341
 179 -133.7430167597765
 181 -131.731843575419
 88 -129.7206703910614
 194 -127.7094972067039
 258 -125.6983240223464
 108 -123.6871508379888
 210 -121.6759776536313
 235 -119.6648044692737
 3 -117.6536312849162
 119 -115.6424581005587
 120 -113.6312849162011
 133 -111.6201117318436
 19 -109.608938547486
 38 -107.5977653631285
 26 -105.5865921787709
 19 -103.5754189944134
 3 -101.5642458100559
 0 -99.55307262569832
 0 -97.54189944134077
 5 -95.53072625698323
 7 -93.5195530726257
 9113 -91.50837988826815
 5 -89.49720670391061
 6 -87.48603351955308
 0 -85.47486033519553
 1 -83.46368715083798
 1 -81.45251396648044
 9 -79.44134078212289
 7 -77.43016759776536
 58 -75.41899441340782
 29 -73.40782122905027
 58 -71.39664804469274
 129 -69.38547486033519
 96 -67.37430167597765
 113 -65.3631284916201
 50 -63.35195530726256
 304 -61.34078212290503
 182 -59.32960893854748
 222 -57.31843575418993
 105 -55.3072625698324
 88 -53.29608938547486
 261 -51.28491620111731
 73 -49.27374301675977
 125 -47.26256983240222
 0 -45.25139664804468
 311 -43.24022346368713
 2 -41.22905027932961
 159 -39.21787709497207
 324 -37.20670391061452
 499 -35.19553072625698
 120 -33.18435754189943
 55 -31.17318435754188
 166 -29.16201117318434
 10 -27.15083798882682
 55 -25.13966480446928
 686 -23.12849162011173
 152 -21.11731843575419
 57 -19.10614525139664
 11 -17.09497206703909
 39 -15.08379888268155
 179 -13.072625698324
 5 -11.06145251396646
 654 -9.050279329608941
 2 -7.039106145251395
 119 -5.02793296089385
 15 -3.016759776536304
 1 -1.005586592178759
 25 1.005586592178787
 136 3.016759776536333
 4 5.02793296089385
 642 7.039106145251395
 9 9.050279329608941
 155 11.06145251396649
 51 13.07262569832403
 11 15.08379888268158
 64 17.09497206703912
 114 19.10614525139667
 582 21.11731843575421
 72 23.12849162011173
 100 25.13966480446928
 129 27.15083798882682
 67 29.16201117318437
 279 31.17318435754191
 366 33.18435754189946
 266 35.195530726257
 188 37.20670391061452
 29 39.21787709497207
 315 41.22905027932961
 4 43.24022346368716
 134 45.2513966480447
 74 47.26256983240225
 286 49.27374301675979
 99 51.28491620111734
 211 53.29608938547489
 82 55.3072625698324
 168 57.31843575418995
 293 59.32960893854749
 72 61.34078212290504
 135 63.35195530726259
 86 65.36312849162013
 110 67.37430167597768
 47 69.38547486033519
 40 71.39664804469274
 60 73.40782122905028
 9 75.41899441340783
 5 77.43016759776538
 2 79.44134078212289
 1 81.45251396648047
 1 83.46368715083798
 4 85.47486033519556
 14 87.48603351955308
 8641 89.49720670391065
 11 91.50837988826817
 3 93.51955307262574
 1 95.53072625698326
 0 97.54189944134077
 1 99.55307262569835
 11 101.5642458100559
 25 103.5754189944134
 60 105.586592178771
 29 107.5977653631285
 135 109.608938547486
 129 111.6201117318436
 138 113.6312849162011
 1 115.6424581005587
 255 117.6536312849162
 190 119.6648044692737
 102 121.6759776536313
 187 123.6871508379888
 197 125.6983240223464
 84 127.7094972067039
 183 129.7206703910614
 202 131.731843575419
 5 133.7430167597765
 147 135.7541899441341
 191 137.7653631284916
 105 139.7765363128492
 190 141.7877094972067
 533 143.7988826815642
 150 145.8100558659218
 245 147.8212290502793
 44 149.8324022346369
 199 151.8435754189944
 80 153.854748603352
 516 155.8659217877095
 65 157.8770949720671
 154 159.8882681564246
 93 161.8994413407821
 53 163.9106145251397
 13 165.9217877094972
 142 167.9329608938548
 266 169.9441340782123
 379 171.9553072625699
 5 173.9664804469274
 177 175.9776536312849
 3 177.9888268156425
 0 180


