# Created by Octave 3.8.2, Mon Jun 22 13:14:18 2020 CEST <damian@fptrucha.inv.usc.es>
# name: hd
# type: matrix
# rows: 180
# columns: 2
 3 -180
 185 -177.9888268156425
 5 -175.9776536312849
 346 -173.9664804469274
 237 -171.9553072625698
 150 -169.9441340782123
 36 -167.9329608938548
 29 -165.9217877094972
 74 -163.9106145251397
 156 -161.8994413407821
 31 -159.8882681564246
 614 -157.877094972067
 73 -155.8659217877095
 139 -153.854748603352
 52 -151.8435754189944
 55 -149.8324022346369
 196 -147.8212290502793
 606 -145.8100558659218
 157 -143.7988826815642
 90 -141.7877094972067
 182 -139.7765363128491
 108 -137.7653631284916
 4 -135.7541899441341
 177 -133.7430167597765
 160 -131.731843575419
 81 -129.7206703910614
 186 -127.7094972067039
 204 -125.6983240223464
 117 -123.6871508379888
 205 -121.6759776536313
 196 -119.6648044692737
 8 -117.6536312849162
 117 -115.6424581005587
 113 -113.6312849162011
 119 -111.6201117318436
 22 -109.608938547486
 47 -107.5977653631285
 23 -105.5865921787709
 15 -103.5754189944134
 6 -101.5642458100559
 1 -99.55307262569832
 1 -97.54189944134077
 1 -95.53072625698323
 9 -93.5195530726257
 7976 -91.50837988826815
 17 -89.49720670391061
 5 -87.48603351955308
 1 -85.47486033519553
 1 -83.46368715083798
 2 -81.45251396648044
 13 -79.44134078212289
 5 -77.43016759776536
 46 -75.41899441340782
 33 -73.40782122905027
 65 -71.39664804469274
 120 -69.38547486033519
 71 -67.37430167597765
 113 -65.3631284916201
 66 -63.35195530726256
 231 -61.34078212290503
 144 -59.32960893854748
 235 -57.31843575418993
 94 -55.3072625698324
 91 -53.29608938547486
 217 -51.28491620111731
 61 -49.27374301675977
 100 -47.26256983240222
 3 -45.25139664804468
 300 -43.24022346368713
 1 -41.22905027932961
 171 -39.21787709497207
 284 -37.20670391061452
 452 -35.19553072625698
 138 -33.18435754189943
 55 -31.17318435754188
 157 -29.16201117318434
 10 -27.15083798882682
 62 -25.13966480446928
 572 -23.12849162011173
 120 -21.11731843575419
 39 -19.10614525139664
 15 -17.09497206703909
 33 -15.08379888268155
 155 -13.072625698324
 12 -11.06145251396646
 557 -9.050279329608941
 5 -7.039106145251395
 132 -5.02793296089385
 21 -3.016759776536304
 2 -1.005586592178759
 19 1.005586592178787
 123 3.016759776536333
 1 5.02793296089385
 540 7.039106145251395
 9 9.050279329608941
 144 11.06145251396649
 44 13.07262569832403
 16 15.08379888268158
 45 17.09497206703912
 137 19.10614525139667
 561 21.11731843575421
 64 23.12849162011173
 74 25.13966480446928
 111 27.15083798882682
 62 29.16201117318437
 190 31.17318435754191
 340 33.18435754189946
 245 35.195530726257
 153 37.20670391061452
 29 39.21787709497207
 283 41.22905027932961
 3 43.24022346368716
 135 45.2513966480447
 73 47.26256983240225
 257 49.27374301675979
 85 51.28491620111734
 199 53.29608938547489
 96 55.3072625698324
 142 57.31843575418995
 247 59.32960893854749
 54 61.34078212290504
 107 63.35195530726259
 84 65.36312849162013
 114 67.37430167597768
 56 69.38547486033519
 36 71.39664804469274
 58 73.40782122905028
 8 75.41899441340783
 9 77.43016759776538
 6 79.44134078212289
 0 81.45251396648047
 3 83.46368715083798
 9 85.47486033519556
 18 87.48603351955308
 7573 89.49720670391065
 7 91.50837988826817
 0 93.51955307262574
 0 95.53072625698326
 0 97.54189944134077
 0 99.55307262569835
 10 101.5642458100559
 18 103.5754189944134
 44 105.586592178771
 18 107.5977653631285
 130 109.608938547486
 123 111.6201117318436
 124 113.6312849162011
 1 115.6424581005587
 199 117.6536312849162
 173 119.6648044692737
 94 121.6759776536313
 182 123.6871508379888
 185 125.6983240223464
 80 127.7094972067039
 149 129.7206703910614
 199 131.731843575419
 4 133.7430167597765
 109 135.7541899441341
 177 137.7653631284916
 91 139.7765363128492
 123 141.7877094972067
 531 143.7988826815642
 121 145.8100558659218
 179 147.8212290502793
 52 149.8324022346369
 117 151.8435754189944
 72 153.854748603352
 519 155.8659217877095
 56 157.8770949720671
 138 159.8882681564246
 67 161.8994413407821
 52 163.9106145251397
 29 165.9217877094972
 136 167.9329608938548
 215 169.9441340782123
 337 171.9553072625699
 5 173.9664804469274
 148 175.9776536312849
 7 177.9888268156425
 0 180


