# Created by Octave 3.8.2, Mon Jun 22 06:52:06 2020 CEST <damian@fptrucha.inv.usc.es>
# name: hd
# type: matrix
# rows: 180
# columns: 2
 8 -180
 159 -177.9888268156425
 2 -175.9776536312849
 371 -173.9664804469274
 207 -171.9553072625698
 123 -169.9441340782123
 37 -167.9329608938548
 41 -165.9217877094972
 74 -163.9106145251397
 137 -161.8994413407821
 45 -159.8882681564246
 493 -157.877094972067
 76 -155.8659217877095
 124 -153.854748603352
 46 -151.8435754189944
 62 -149.8324022346369
 239 -147.8212290502793
 502 -145.8100558659218
 130 -143.7988826815642
 78 -141.7877094972067
 160 -139.7765363128491
 108 -137.7653631284916
 3 -135.7541899441341
 161 -133.7430167597765
 155 -131.731843575419
 65 -129.7206703910614
 144 -127.7094972067039
 197 -125.6983240223464
 85 -123.6871508379888
 162 -121.6759776536313
 161 -119.6648044692737
 5 -117.6536312849162
 123 -115.6424581005587
 113 -113.6312849162011
 114 -111.6201117318436
 24 -109.608938547486
 46 -107.5977653631285
 24 -105.5865921787709
 14 -103.5754189944134
 4 -101.5642458100559
 2 -99.55307262569832
 0 -97.54189944134077
 4 -95.53072625698323
 15 -93.5195530726257
 7469 -91.50837988826815
 18 -89.49720670391061
 2 -87.48603351955308
 2 -85.47486033519553
 0 -83.46368715083798
 1 -81.45251396648044
 7 -79.44134078212289
 7 -77.43016759776536
 63 -75.41899441340782
 39 -73.40782122905027
 39 -71.39664804469274
 94 -69.38547486033519
 74 -67.37430167597765
 87 -65.3631284916201
 59 -63.35195530726256
 230 -61.34078212290503
 114 -59.32960893854748
 203 -57.31843575418993
 94 -55.3072625698324
 76 -53.29608938547486
 218 -51.28491620111731
 55 -49.27374301675977
 120 -47.26256983240222
 3 -45.25139664804468
 276 -43.24022346368713
 5 -41.22905027932961
 144 -39.21787709497207
 235 -37.20670391061452
 389 -35.19553072625698
 123 -33.18435754189943
 56 -31.17318435754188
 160 -29.16201117318434
 9 -27.15083798882682
 58 -25.13966480446928
 508 -23.12849162011173
 114 -21.11731843575419
 64 -19.10614525139664
 13 -17.09497206703909
 47 -15.08379888268155
 152 -13.072625698324
 16 -11.06145251396646
 549 -9.050279329608941
 2 -7.039106145251395
 110 -5.02793296089385
 19 -3.016759776536304
 6 -1.005586592178759
 24 1.005586592178787
 131 3.016759776536333
 6 5.02793296089385
 489 7.039106145251395
 5 9.050279329608941
 153 11.06145251396649
 28 13.07262569832403
 13 15.08379888268158
 53 17.09497206703912
 118 19.10614525139667
 483 21.11731843575421
 63 23.12849162011173
 62 25.13966480446928
 86 27.15083798882682
 86 29.16201117318437
 180 31.17318435754191
 350 33.18435754189946
 218 35.195530726257
 141 37.20670391061452
 40 39.21787709497207
 280 41.22905027932961
 2 43.24022346368716
 117 45.2513966480447
 67 47.26256983240225
 209 49.27374301675979
 67 51.28491620111734
 180 53.29608938547489
 62 55.3072625698324
 138 57.31843575418995
 259 59.32960893854749
 56 61.34078212290504
 112 63.35195530726259
 73 65.36312849162013
 107 67.37430167597768
 35 69.38547486033519
 30 71.39664804469274
 53 73.40782122905028
 6 75.41899441340783
 13 77.43016759776538
 3 79.44134078212289
 0 81.45251396648047
 3 83.46368715083798
 7 85.47486033519556
 10 87.48603351955308
 7258 89.49720670391065
 13 91.50837988826817
 8 93.51955307262574
 2 95.53072625698326
 1 97.54189944134077
 6 99.55307262569835
 16 101.5642458100559
 21 103.5754189944134
 41 105.586592178771
 25 107.5977653631285
 112 109.608938547486
 109 111.6201117318436
 113 113.6312849162011
 1 115.6424581005587
 172 117.6536312849162
 186 119.6648044692737
 98 121.6759776536313
 171 123.6871508379888
 170 125.6983240223464
 89 127.7094972067039
 151 129.7206703910614
 177 131.731843575419
 4 133.7430167597765
 94 135.7541899441341
 167 137.7653631284916
 96 139.7765363128492
 112 141.7877094972067
 494 143.7988826815642
 103 145.8100558659218
 177 147.8212290502793
 46 149.8324022346369
 128 151.8435754189944
 61 153.854748603352
 458 155.8659217877095
 44 157.8770949720671
 144 159.8882681564246
 74 161.8994413407821
 37 163.9106145251397
 26 165.9217877094972
 126 167.9329608938548
 174 169.9441340782123
 336 171.9553072625699
 4 173.9664804469274
 150 175.9776536312849
 3 177.9888268156425
 0 180


