# Created by Octave 3.8.2, Mon Jun 22 17:28:19 2020 CEST <damian@fptrucha.inv.usc.es>
# name: hd
# type: matrix
# rows: 180
# columns: 2
 3 -180
 177 -177.9888268156425
 8 -175.9776536312849
 378 -173.9664804469274
 248 -171.9553072625698
 137 -169.9441340782123
 48 -167.9329608938548
 53 -165.9217877094972
 77 -163.9106145251397
 152 -161.8994413407821
 53 -159.8882681564246
 612 -157.877094972067
 78 -155.8659217877095
 126 -153.854748603352
 43 -151.8435754189944
 75 -149.8324022346369
 274 -147.8212290502793
 626 -145.8100558659218
 145 -143.7988826815642
 80 -141.7877094972067
 161 -139.7765363128491
 136 -137.7653631284916
 3 -135.7541899441341
 177 -133.7430167597765
 183 -131.731843575419
 88 -129.7206703910614
 173 -127.7094972067039
 213 -125.6983240223464
 107 -123.6871508379888
 201 -121.6759776536313
 196 -119.6648044692737
 4 -117.6536312849162
 117 -115.6424581005587
 125 -113.6312849162011
 130 -111.6201117318436
 24 -109.608938547486
 47 -107.5977653631285
 23 -105.5865921787709
 25 -103.5754189944134
 4 -101.5642458100559
 1 -99.55307262569832
 1 -97.54189944134077
 9 -95.53072625698323
 7 -93.5195530726257
 8214 -91.50837988826815
 16 -89.49720670391061
 4 -87.48603351955308
 1 -85.47486033519553
 1 -83.46368715083798
 2 -81.45251396648044
 9 -79.44134078212289
 4 -77.43016759776536
 62 -75.41899441340782
 27 -73.40782122905027
 43 -71.39664804469274
 134 -69.38547486033519
 76 -67.37430167597765
 116 -65.3631284916201
 59 -63.35195530726256
 272 -61.34078212290503
 148 -59.32960893854748
 242 -57.31843575418993
 90 -55.3072625698324
 69 -53.29608938547486
 235 -51.28491620111731
 53 -49.27374301675977
 112 -47.26256983240222
 3 -45.25139664804468
 314 -43.24022346368713
 3 -41.22905027932961
 153 -39.21787709497207
 307 -37.20670391061452
 459 -35.19553072625698
 101 -33.18435754189943
 74 -31.17318435754188
 164 -29.16201117318434
 4 -27.15083798882682
 67 -25.13966480446928
 605 -23.12849162011173
 132 -21.11731843575419
 62 -19.10614525139664
 14 -17.09497206703909
 52 -15.08379888268155
 150 -13.072625698324
 10 -11.06145251396646
 604 -9.050279329608941
 3 -7.039106145251395
 154 -5.02793296089385
 22 -3.016759776536304
 2 -1.005586592178759
 22 1.005586592178787
 126 3.016759776536333
 4 5.02793296089385
 573 7.039106145251395
 8 9.050279329608941
 165 11.06145251396649
 53 13.07262569832403
 16 15.08379888268158
 49 17.09497206703912
 145 19.10614525139667
 564 21.11731843575421
 77 23.12849162011173
 79 25.13966480446928
 110 27.15083798882682
 56 29.16201117318437
 192 31.17318435754191
 353 33.18435754189946
 222 35.195530726257
 142 37.20670391061452
 40 39.21787709497207
 305 41.22905027932961
 4 43.24022346368716
 113 45.2513966480447
 68 47.26256983240225
 224 49.27374301675979
 85 51.28491620111734
 193 53.29608938547489
 87 55.3072625698324
 159 57.31843575418995
 292 59.32960893854749
 51 61.34078212290504
 121 63.35195530726259
 77 65.36312849162013
 116 67.37430167597768
 44 69.38547486033519
 41 71.39664804469274
 56 73.40782122905028
 9 75.41899441340783
 13 77.43016759776538
 2 79.44134078212289
 1 81.45251396648047
 5 83.46368715083798
 5 85.47486033519556
 15 87.48603351955308
 7748 89.49720670391065
 15 91.50837988826817
 4 93.51955307262574
 3 95.53072625698326
 3 97.54189944134077
 4 99.55307262569835
 22 101.5642458100559
 31 103.5754189944134
 52 105.586592178771
 32 107.5977653631285
 145 109.608938547486
 130 111.6201117318436
 144 113.6312849162011
 4 115.6424581005587
 184 117.6536312849162
 165 119.6648044692737
 107 121.6759776536313
 186 123.6871508379888
 189 125.6983240223464
 92 127.7094972067039
 151 129.7206703910614
 208 131.731843575419
 2 133.7430167597765
 130 135.7541899441341
 181 137.7653631284916
 111 139.7765363128492
 162 141.7877094972067
 528 143.7988826815642
 113 145.8100558659218
 210 147.8212290502793
 40 149.8324022346369
 121 151.8435754189944
 76 153.854748603352
 507 155.8659217877095
 42 157.8770949720671
 147 159.8882681564246
 77 161.8994413407821
 51 163.9106145251397
 25 165.9217877094972
 144 167.9329608938548
 221 169.9441340782123
 375 171.9553072625699
 2 173.9664804469274
 143 175.9776536312849
 6 177.9888268156425
 0 180


