# Created by Octave 3.8.2, Mon Jun 22 05:01:03 2020 CEST <damian@fptrucha.inv.usc.es>
# name: hd
# type: matrix
# rows: 180
# columns: 2
 6 -180
 156 -177.9888268156425
 2 -175.9776536312849
 362 -173.9664804469274
 205 -171.9553072625698
 157 -169.9441340782123
 32 -167.9329608938548
 36 -165.9217877094972
 57 -163.9106145251397
 142 -161.8994413407821
 39 -159.8882681564246
 501 -157.877094972067
 59 -155.8659217877095
 126 -153.854748603352
 29 -151.8435754189944
 61 -149.8324022346369
 189 -147.8212290502793
 523 -145.8100558659218
 98 -143.7988826815642
 85 -141.7877094972067
 163 -139.7765363128491
 96 -137.7653631284916
 1 -135.7541899441341
 154 -133.7430167597765
 155 -131.731843575419
 87 -129.7206703910614
 165 -127.7094972067039
 187 -125.6983240223464
 92 -123.6871508379888
 188 -121.6759776536313
 175 -119.6648044692737
 2 -117.6536312849162
 103 -115.6424581005587
 87 -113.6312849162011
 117 -111.6201117318436
 24 -109.608938547486
 53 -107.5977653631285
 22 -105.5865921787709
 18 -103.5754189944134
 7 -101.5642458100559
 1 -99.55307262569832
 0 -97.54189944134077
 3 -95.53072625698323
 7 -93.5195530726257
 7082 -91.50837988826815
 12 -89.49720670391061
 8 -87.48603351955308
 3 -85.47486033519553
 1 -83.46368715083798
 8 -81.45251396648044
 10 -79.44134078212289
 7 -77.43016759776536
 44 -75.41899441340782
 27 -73.40782122905027
 59 -71.39664804469274
 132 -69.38547486033519
 74 -67.37430167597765
 99 -65.3631284916201
 54 -63.35195530726256
 230 -61.34078212290503
 151 -59.32960893854748
 198 -57.31843575418993
 107 -55.3072625698324
 67 -53.29608938547486
 200 -51.28491620111731
 60 -49.27374301675977
 108 -47.26256983240222
 7 -45.25139664804468
 264 -43.24022346368713
 5 -41.22905027932961
 144 -39.21787709497207
 293 -37.20670391061452
 422 -35.19553072625698
 93 -33.18435754189943
 42 -31.17318435754188
 158 -29.16201117318434
 12 -27.15083798882682
 78 -25.13966480446928
 498 -23.12849162011173
 148 -21.11731843575419
 56 -19.10614525139664
 7 -17.09497206703909
 36 -15.08379888268155
 155 -13.072625698324
 12 -11.06145251396646
 501 -9.050279329608941
 4 -7.039106145251395
 121 -5.02793296089385
 26 -3.016759776536304
 5 -1.005586592178759
 28 1.005586592178787
 119 3.016759776536333
 6 5.02793296089385
 456 7.039106145251395
 9 9.050279329608941
 155 11.06145251396649
 42 13.07262569832403
 7 15.08379888268158
 51 17.09497206703912
 113 19.10614525139667
 505 21.11731843575421
 65 23.12849162011173
 78 25.13966480446928
 111 27.15083798882682
 53 29.16201117318437
 188 31.17318435754191
 305 33.18435754189946
 191 35.195530726257
 152 37.20670391061452
 35 39.21787709497207
 272 41.22905027932961
 1 43.24022346368716
 109 45.2513966480447
 61 47.26256983240225
 226 49.27374301675979
 61 51.28491620111734
 162 53.29608938547489
 80 55.3072625698324
 150 57.31843575418995
 223 59.32960893854749
 60 61.34078212290504
 128 63.35195530726259
 82 65.36312849162013
 112 67.37430167597768
 50 69.38547486033519
 31 71.39664804469274
 41 73.40782122905028
 11 75.41899441340783
 15 77.43016759776538
 5 79.44134078212289
 0 81.45251396648047
 4 83.46368715083798
 7 85.47486033519556
 12 87.48603351955308
 6510 89.49720670391065
 12 91.50837988826817
 1 93.51955307262574
 3 95.53072625698326
 0 97.54189944134077
 5 99.55307262569835
 14 101.5642458100559
 26 103.5754189944134
 46 105.586592178771
 26 107.5977653631285
 97 109.608938547486
 112 111.6201117318436
 100 113.6312849162011
 2 115.6424581005587
 197 117.6536312849162
 168 119.6648044692737
 84 121.6759776536313
 157 123.6871508379888
 149 125.6983240223464
 69 127.7094972067039
 149 129.7206703910614
 162 131.731843575419
 5 133.7430167597765
 118 135.7541899441341
 132 137.7653631284916
 98 139.7765363128492
 114 141.7877094972067
 456 143.7988826815642
 112 145.8100558659218
 170 147.8212290502793
 52 149.8324022346369
 123 151.8435754189944
 59 153.854748603352
 443 155.8659217877095
 42 157.8770949720671
 138 159.8882681564246
 64 161.8994413407821
 48 163.9106145251397
 21 165.9217877094972
 116 167.9329608938548
 195 169.9441340782123
 333 171.9553072625699
 7 173.9664804469274
 166 175.9776536312849
 8 177.9888268156425
 0 180


