# Created by Octave 3.8.2, Sat Jun 20 19:19:14 2020 CEST <damian@fptrucha.inv.usc.es>
# name: hd
# type: matrix
# rows: 180
# columns: 2
 5 -180
 170 -177.9888268156425
 2 -175.9776536312849
 368 -173.9664804469274
 233 -171.9553072625698
 154 -169.9441340782123
 31 -167.9329608938548
 28 -165.9217877094972
 56 -163.9106145251397
 154 -161.8994413407821
 37 -159.8882681564246
 646 -157.877094972067
 61 -155.8659217877095
 133 -153.854748603352
 39 -151.8435754189944
 65 -149.8324022346369
 202 -147.8212290502793
 607 -145.8100558659218
 111 -143.7988826815642
 95 -141.7877094972067
 175 -139.7765363128491
 95 -137.7653631284916
 3 -135.7541899441341
 131 -133.7430167597765
 152 -131.731843575419
 63 -129.7206703910614
 185 -127.7094972067039
 228 -125.6983240223464
 92 -123.6871508379888
 204 -121.6759776536313
 212 -119.6648044692737
 1 -117.6536312849162
 97 -115.6424581005587
 112 -113.6312849162011
 115 -111.6201117318436
 22 -109.608938547486
 19 -107.5977653631285
 24 -105.5865921787709
 11 -103.5754189944134
 0 -101.5642458100559
 1 -99.55307262569832
 2 -97.54189944134077
 4 -95.53072625698323
 6 -93.5195530726257
 8182 -91.50837988826815
 10 -89.49720670391061
 4 -87.48603351955308
 2 -85.47486033519553
 0 -83.46368715083798
 3 -81.45251396648044
 1 -79.44134078212289
 5 -77.43016759776536
 42 -75.41899441340782
 20 -73.40782122905027
 57 -71.39664804469274
 118 -69.38547486033519
 75 -67.37430167597765
 91 -65.3631284916201
 39 -63.35195530726256
 252 -61.34078212290503
 168 -59.32960893854748
 220 -57.31843575418993
 87 -55.3072625698324
 75 -53.29608938547486
 191 -51.28491620111731
 44 -49.27374301675977
 121 -47.26256983240222
 3 -45.25139664804468
 271 -43.24022346368713
 1 -41.22905027932961
 171 -39.21787709497207
 314 -37.20670391061452
 480 -35.19553072625698
 106 -33.18435754189943
 62 -31.17318435754188
 151 -29.16201117318434
 5 -27.15083798882682
 50 -25.13966480446928
 653 -23.12849162011173
 162 -21.11731843575419
 59 -19.10614525139664
 10 -17.09497206703909
 44 -15.08379888268155
 132 -13.072625698324
 11 -11.06145251396646
 571 -9.050279329608941
 2 -7.039106145251395
 108 -5.02793296089385
 25 -3.016759776536304
 2 -1.005586592178759
 27 1.005586592178787
 116 3.016759776536333
 3 5.02793296089385
 579 7.039106145251395
 6 9.050279329608941
 136 11.06145251396649
 51 13.07262569832403
 12 15.08379888268158
 76 17.09497206703912
 109 19.10614525139667
 565 21.11731843575421
 75 23.12849162011173
 98 25.13966480446928
 97 27.15083798882682
 52 29.16201117318437
 241 31.17318435754191
 305 33.18435754189946
 196 35.195530726257
 189 37.20670391061452
 44 39.21787709497207
 290 41.22905027932961
 0 43.24022346368716
 127 45.2513966480447
 63 47.26256983240225
 233 49.27374301675979
 81 51.28491620111734
 214 53.29608938547489
 90 55.3072625698324
 150 57.31843575418995
 268 59.32960893854749
 53 61.34078212290504
 113 63.35195530726259
 67 65.36312849162013
 106 67.37430167597768
 54 69.38547486033519
 39 71.39664804469274
 43 73.40782122905028
 5 75.41899441340783
 4 77.43016759776538
 5 79.44134078212289
 1 81.45251396648047
 0 83.46368715083798
 4 85.47486033519556
 5 87.48603351955308
 7844 89.49720670391065
 7 91.50837988826817
 1 93.51955307262574
 1 95.53072625698326
 0 97.54189944134077
 2 99.55307262569835
 9 101.5642458100559
 34 103.5754189944134
 43 105.586592178771
 22 107.5977653631285
 108 109.608938547486
 140 111.6201117318436
 139 113.6312849162011
 5 115.6424581005587
 231 117.6536312849162
 170 119.6648044692737
 83 121.6759776536313
 180 123.6871508379888
 202 125.6983240223464
 80 127.7094972067039
 163 129.7206703910614
 188 131.731843575419
 2 133.7430167597765
 111 135.7541899441341
 160 137.7653631284916
 89 139.7765363128492
 167 141.7877094972067
 484 143.7988826815642
 121 145.8100558659218
 213 147.8212290502793
 54 149.8324022346369
 165 151.8435754189944
 60 153.854748603352
 487 155.8659217877095
 44 157.8770949720671
 124 159.8882681564246
 73 161.8994413407821
 50 163.9106145251397
 19 165.9217877094972
 125 167.9329608938548
 216 169.9441340782123
 343 171.9553072625699
 3 173.9664804469274
 137 175.9776536312849
 3 177.9888268156425
 0 180


