# Created by Octave 3.8.2, Sun Jun 21 01:52:42 2020 CEST <damian@fptrucha.inv.usc.es>
# name: hd
# type: matrix
# rows: 180
# columns: 2
 4 -180
 160 -177.9888268156425
 3 -175.9776536312849
 334 -173.9664804469274
 226 -171.9553072625698
 140 -169.9441340782123
 28 -167.9329608938548
 30 -165.9217877094972
 49 -163.9106145251397
 147 -161.8994413407821
 33 -159.8882681564246
 585 -157.877094972067
 61 -155.8659217877095
 111 -153.854748603352
 28 -151.8435754189944
 62 -149.8324022346369
 203 -147.8212290502793
 652 -145.8100558659218
 131 -143.7988826815642
 98 -141.7877094972067
 172 -139.7765363128491
 117 -137.7653631284916
 1 -135.7541899441341
 160 -133.7430167597765
 153 -131.731843575419
 69 -129.7206703910614
 178 -127.7094972067039
 233 -125.6983240223464
 99 -123.6871508379888
 197 -121.6759776536313
 184 -119.6648044692737
 3 -117.6536312849162
 91 -115.6424581005587
 101 -113.6312849162011
 121 -111.6201117318436
 12 -109.608938547486
 18 -107.5977653631285
 22 -105.5865921787709
 14 -103.5754189944134
 6 -101.5642458100559
 0 -99.55307262569832
 0 -97.54189944134077
 3 -95.53072625698323
 3 -93.5195530726257
 8094 -91.50837988826815
 6 -89.49720670391061
 0 -87.48603351955308
 2 -85.47486033519553
 1 -83.46368715083798
 4 -81.45251396648044
 4 -79.44134078212289
 5 -77.43016759776536
 41 -75.41899441340782
 26 -73.40782122905027
 39 -71.39664804469274
 128 -69.38547486033519
 51 -67.37430167597765
 97 -65.3631284916201
 47 -63.35195530726256
 272 -61.34078212290503
 166 -59.32960893854748
 211 -57.31843575418993
 110 -55.3072625698324
 68 -53.29608938547486
 215 -51.28491620111731
 47 -49.27374301675977
 118 -47.26256983240222
 3 -45.25139664804468
 232 -43.24022346368713
 1 -41.22905027932961
 148 -39.21787709497207
 313 -37.20670391061452
 459 -35.19553072625698
 114 -33.18435754189943
 48 -31.17318435754188
 141 -29.16201117318434
 9 -27.15083798882682
 44 -25.13966480446928
 663 -23.12849162011173
 130 -21.11731843575419
 55 -19.10614525139664
 7 -17.09497206703909
 40 -15.08379888268155
 179 -13.072625698324
 8 -11.06145251396646
 544 -9.050279329608941
 1 -7.039106145251395
 114 -5.02793296089385
 19 -3.016759776536304
 2 -1.005586592178759
 15 1.005586592178787
 123 3.016759776536333
 2 5.02793296089385
 534 7.039106145251395
 9 9.050279329608941
 120 11.06145251396649
 55 13.07262569832403
 11 15.08379888268158
 58 17.09497206703912
 107 19.10614525139667
 501 21.11731843575421
 60 23.12849162011173
 101 25.13966480446928
 90 27.15083798882682
 67 29.16201117318437
 196 31.17318435754191
 292 33.18435754189946
 229 35.195530726257
 159 37.20670391061452
 36 39.21787709497207
 257 41.22905027932961
 1 43.24022346368716
 101 45.2513966480447
 56 47.26256983240225
 214 49.27374301675979
 87 51.28491620111734
 173 53.29608938547489
 79 55.3072625698324
 127 57.31843575418995
 268 59.32960893854749
 50 61.34078212290504
 104 63.35195530726259
 63 65.36312849162013
 78 67.37430167597768
 42 69.38547486033519
 21 71.39664804469274
 39 73.40782122905028
 8 75.41899441340783
 11 77.43016759776538
 2 79.44134078212289
 0 81.45251396648047
 3 83.46368715083798
 5 85.47486033519556
 10 87.48603351955308
 7397 89.49720670391065
 4 91.50837988826817
 2 93.51955307262574
 0 95.53072625698326
 0 97.54189944134077
 2 99.55307262569835
 10 101.5642458100559
 17 103.5754189944134
 35 105.586592178771
 19 107.5977653631285
 109 109.608938547486
 110 111.6201117318436
 103 113.6312849162011
 7 115.6424581005587
 190 117.6536312849162
 144 119.6648044692737
 88 121.6759776536313
 171 123.6871508379888
 180 125.6983240223464
 97 127.7094972067039
 140 129.7206703910614
 167 131.731843575419
 1 133.7430167597765
 123 135.7541899441341
 166 137.7653631284916
 92 139.7765363128492
 140 141.7877094972067
 431 143.7988826815642
 135 145.8100558659218
 180 147.8212290502793
 48 149.8324022346369
 146 151.8435754189944
 52 153.854748603352
 476 155.8659217877095
 41 157.8770949720671
 125 159.8882681564246
 63 161.8994413407821
 45 163.9106145251397
 20 165.9217877094972
 109 167.9329608938548
 230 169.9441340782123
 314 171.9553072625699
 1 173.9664804469274
 141 175.9776536312849
 2 177.9888268156425
 0 180


