# Created by Octave 3.8.2, Mon Jun 22 20:40:38 2020 CEST <damian@fptrucha.inv.usc.es>
# name: hd
# type: matrix
# rows: 180
# columns: 2
 2 -180
 176 -177.9888268156425
 3 -175.9776536312849
 393 -173.9664804469274
 270 -171.9553072625698
 148 -169.9441340782123
 35 -167.9329608938548
 46 -165.9217877094972
 68 -163.9106145251397
 161 -161.8994413407821
 29 -159.8882681564246
 614 -157.877094972067
 68 -155.8659217877095
 135 -153.854748603352
 52 -151.8435754189944
 77 -149.8324022346369
 251 -147.8212290502793
 632 -145.8100558659218
 145 -143.7988826815642
 104 -141.7877094972067
 211 -139.7765363128491
 127 -137.7653631284916
 5 -135.7541899441341
 187 -133.7430167597765
 162 -131.731843575419
 88 -129.7206703910614
 200 -127.7094972067039
 218 -125.6983240223464
 135 -123.6871508379888
 201 -121.6759776536313
 230 -119.6648044692737
 2 -117.6536312849162
 150 -115.6424581005587
 126 -113.6312849162011
 130 -111.6201117318436
 29 -109.608938547486
 44 -107.5977653631285
 29 -105.5865921787709
 17 -103.5754189944134
 3 -101.5642458100559
 0 -99.55307262569832
 0 -97.54189944134077
 3 -95.53072625698323
 6 -93.5195530726257
 8460 -91.50837988826815
 13 -89.49720670391061
 4 -87.48603351955308
 3 -85.47486033519553
 0 -83.46368715083798
 2 -81.45251396648044
 6 -79.44134078212289
 9 -77.43016759776536
 51 -75.41899441340782
 40 -73.40782122905027
 58 -71.39664804469274
 118 -69.38547486033519
 83 -67.37430167597765
 128 -65.3631284916201
 57 -63.35195530726256
 293 -61.34078212290503
 148 -59.32960893854748
 223 -57.31843575418993
 101 -55.3072625698324
 91 -53.29608938547486
 270 -51.28491620111731
 73 -49.27374301675977
 123 -47.26256983240222
 5 -45.25139664804468
 302 -43.24022346368713
 4 -41.22905027932961
 172 -39.21787709497207
 286 -37.20670391061452
 432 -35.19553072625698
 125 -33.18435754189943
 83 -31.17318435754188
 175 -29.16201117318434
 12 -27.15083798882682
 68 -25.13966480446928
 578 -23.12849162011173
 132 -21.11731843575419
 55 -19.10614525139664
 15 -17.09497206703909
 53 -15.08379888268155
 187 -13.072625698324
 8 -11.06145251396646
 614 -9.050279329608941
 2 -7.039106145251395
 125 -5.02793296089385
 26 -3.016759776536304
 0 -1.005586592178759
 20 1.005586592178787
 137 3.016759776536333
 6 5.02793296089385
 570 7.039106145251395
 7 9.050279329608941
 168 11.06145251396649
 43 13.07262569832403
 13 15.08379888268158
 53 17.09497206703912
 136 19.10614525139667
 585 21.11731843575421
 65 23.12849162011173
 74 25.13966480446928
 101 27.15083798882682
 51 29.16201117318437
 229 31.17318435754191
 393 33.18435754189946
 278 35.195530726257
 162 37.20670391061452
 42 39.21787709497207
 309 41.22905027932961
 0 43.24022346368716
 123 45.2513966480447
 55 47.26256983240225
 218 49.27374301675979
 79 51.28491620111734
 204 53.29608938547489
 86 55.3072625698324
 149 57.31843575418995
 271 59.32960893854749
 55 61.34078212290504
 124 63.35195530726259
 67 65.36312849162013
 123 67.37430167597768
 59 69.38547486033519
 25 71.39664804469274
 49 73.40782122905028
 4 75.41899441340783
 14 77.43016759776538
 2 79.44134078212289
 0 81.45251396648047
 0 83.46368715083798
 7 85.47486033519556
 7 87.48603351955308
 7820 89.49720670391065
 9 91.50837988826817
 5 93.51955307262574
 2 95.53072625698326
 0 97.54189944134077
 4 99.55307262569835
 12 101.5642458100559
 27 103.5754189944134
 50 105.586592178771
 29 107.5977653631285
 118 109.608938547486
 121 111.6201117318436
 141 113.6312849162011
 3 115.6424581005587
 233 117.6536312849162
 170 119.6648044692737
 106 121.6759776536313
 166 123.6871508379888
 176 125.6983240223464
 82 127.7094972067039
 180 129.7206703910614
 201 131.731843575419
 3 133.7430167597765
 134 135.7541899441341
 174 137.7653631284916
 89 139.7765363128492
 149 141.7877094972067
 509 143.7988826815642
 119 145.8100558659218
 188 147.8212290502793
 33 149.8324022346369
 144 151.8435754189944
 67 153.854748603352
 506 155.8659217877095
 53 157.8770949720671
 118 159.8882681564246
 83 161.8994413407821
 52 163.9106145251397
 23 165.9217877094972
 161 167.9329608938548
 219 169.9441340782123
 386 171.9553072625699
 8 173.9664804469274
 175 175.9776536312849
 2 177.9888268156425
 0 180


