# Created by Octave 3.8.2, Mon Jun 22 14:51:18 2020 CEST <damian@fptrucha.inv.usc.es>
# name: hd
# type: matrix
# rows: 180
# columns: 2
 4 -180
 182 -177.9888268156425
 4 -175.9776536312849
 384 -173.9664804469274
 257 -171.9553072625698
 152 -169.9441340782123
 32 -167.9329608938548
 52 -165.9217877094972
 65 -163.9106145251397
 151 -161.8994413407821
 49 -159.8882681564246
 624 -157.877094972067
 71 -155.8659217877095
 118 -153.854748603352
 36 -151.8435754189944
 71 -149.8324022346369
 217 -147.8212290502793
 596 -145.8100558659218
 141 -143.7988826815642
 92 -141.7877094972067
 188 -139.7765363128491
 121 -137.7653631284916
 7 -135.7541899441341
 183 -133.7430167597765
 179 -131.731843575419
 81 -129.7206703910614
 187 -127.7094972067039
 208 -125.6983240223464
 108 -123.6871508379888
 196 -121.6759776536313
 182 -119.6648044692737
 4 -117.6536312849162
 109 -115.6424581005587
 106 -113.6312849162011
 121 -111.6201117318436
 16 -109.608938547486
 27 -107.5977653631285
 27 -105.5865921787709
 17 -103.5754189944134
 2 -101.5642458100559
 0 -99.55307262569832
 1 -97.54189944134077
 4 -95.53072625698323
 10 -93.5195530726257
 8112 -91.50837988826815
 16 -89.49720670391061
 3 -87.48603351955308
 3 -85.47486033519553
 0 -83.46368715083798
 4 -81.45251396648044
 5 -79.44134078212289
 8 -77.43016759776536
 48 -75.41899441340782
 28 -73.40782122905027
 49 -71.39664804469274
 115 -69.38547486033519
 78 -67.37430167597765
 110 -65.3631284916201
 56 -63.35195530726256
 274 -61.34078212290503
 145 -59.32960893854748
 230 -57.31843575418993
 90 -55.3072625698324
 77 -53.29608938547486
 221 -51.28491620111731
 61 -49.27374301675977
 110 -47.26256983240222
 3 -45.25139664804468
 303 -43.24022346368713
 1 -41.22905027932961
 168 -39.21787709497207
 277 -37.20670391061452
 435 -35.19553072625698
 114 -33.18435754189943
 50 -31.17318435754188
 146 -29.16201117318434
 8 -27.15083798882682
 71 -25.13966480446928
 563 -23.12849162011173
 135 -21.11731843575419
 59 -19.10614525139664
 14 -17.09497206703909
 51 -15.08379888268155
 151 -13.072625698324
 4 -11.06145251396646
 541 -9.050279329608941
 2 -7.039106145251395
 143 -5.02793296089385
 27 -3.016759776536304
 6 -1.005586592178759
 28 1.005586592178787
 117 3.016759776536333
 2 5.02793296089385
 531 7.039106145251395
 16 9.050279329608941
 160 11.06145251396649
 46 13.07262569832403
 13 15.08379888268158
 58 17.09497206703912
 154 19.10614525139667
 525 21.11731843575421
 64 23.12849162011173
 84 25.13966480446928
 114 27.15083798882682
 56 29.16201117318437
 203 31.17318435754191
 344 33.18435754189946
 268 35.195530726257
 169 37.20670391061452
 41 39.21787709497207
 295 41.22905027932961
 3 43.24022346368716
 122 45.2513966480447
 58 47.26256983240225
 236 49.27374301675979
 88 51.28491620111734
 237 53.29608938547489
 87 55.3072625698324
 163 57.31843575418995
 268 59.32960893854749
 47 61.34078212290504
 128 63.35195530726259
 78 65.36312849162013
 122 67.37430167597768
 53 69.38547486033519
 30 71.39664804469274
 60 73.40782122905028
 9 75.41899441340783
 9 77.43016759776538
 1 79.44134078212289
 3 81.45251396648047
 1 83.46368715083798
 7 85.47486033519556
 17 87.48603351955308
 7881 89.49720670391065
 13 91.50837988826817
 1 93.51955307262574
 2 95.53072625698326
 0 97.54189944134077
 6 99.55307262569835
 18 101.5642458100559
 32 103.5754189944134
 50 105.586592178771
 23 107.5977653631285
 121 109.608938547486
 119 111.6201117318436
 139 113.6312849162011
 4 115.6424581005587
 203 117.6536312849162
 217 119.6648044692737
 82 121.6759776536313
 203 123.6871508379888
 189 125.6983240223464
 94 127.7094972067039
 170 129.7206703910614
 175 131.731843575419
 3 133.7430167597765
 147 135.7541899441341
 191 137.7653631284916
 114 139.7765363128492
 164 141.7877094972067
 523 143.7988826815642
 121 145.8100558659218
 236 147.8212290502793
 59 149.8324022346369
 146 151.8435754189944
 85 153.854748603352
 508 155.8659217877095
 51 157.8770949720671
 152 159.8882681564246
 88 161.8994413407821
 41 163.9106145251397
 33 165.9217877094972
 150 167.9329608938548
 230 169.9441340782123
 352 171.9553072625699
 3 173.9664804469274
 172 175.9776536312849
 3 177.9888268156425
 0 180


