# Created by Octave 3.8.2, Mon Jun 22 23:11:37 2020 CEST <damian@fptrucha.inv.usc.es>
# name: hd
# type: matrix
# rows: 180
# columns: 2
 3 -180
 143 -177.9888268156425
 4 -175.9776536312849
 301 -173.9664804469274
 212 -171.9553072625698
 117 -169.9441340782123
 22 -167.9329608938548
 25 -165.9217877094972
 48 -163.9106145251397
 137 -161.8994413407821
 38 -159.8882681564246
 508 -157.877094972067
 46 -155.8659217877095
 119 -153.854748603352
 30 -151.8435754189944
 65 -149.8324022346369
 209 -147.8212290502793
 494 -145.8100558659218
 91 -143.7988826815642
 70 -141.7877094972067
 149 -139.7765363128491
 98 -137.7653631284916
 3 -135.7541899441341
 152 -133.7430167597765
 135 -131.731843575419
 63 -129.7206703910614
 162 -127.7094972067039
 166 -125.6983240223464
 85 -123.6871508379888
 162 -121.6759776536313
 154 -119.6648044692737
 3 -117.6536312849162
 90 -115.6424581005587
 111 -113.6312849162011
 91 -111.6201117318436
 18 -109.608938547486
 43 -107.5977653631285
 12 -105.5865921787709
 8 -103.5754189944134
 2 -101.5642458100559
 1 -99.55307262569832
 1 -97.54189944134077
 1 -95.53072625698323
 9 -93.5195530726257
 6713 -91.50837988826815
 5 -89.49720670391061
 4 -87.48603351955308
 2 -85.47486033519553
 1 -83.46368715083798
 1 -81.45251396648044
 8 -79.44134078212289
 3 -77.43016759776536
 44 -75.41899441340782
 30 -73.40782122905027
 43 -71.39664804469274
 95 -69.38547486033519
 69 -67.37430167597765
 76 -65.3631284916201
 45 -63.35195530726256
 239 -61.34078212290503
 90 -59.32960893854748
 186 -57.31843575418993
 87 -55.3072625698324
 69 -53.29608938547486
 180 -51.28491620111731
 40 -49.27374301675977
 84 -47.26256983240222
 1 -45.25139664804468
 260 -43.24022346368713
 0 -41.22905027932961
 162 -39.21787709497207
 237 -37.20670391061452
 375 -35.19553072625698
 87 -33.18435754189943
 40 -31.17318435754188
 162 -29.16201117318434
 6 -27.15083798882682
 46 -25.13966480446928
 468 -23.12849162011173
 109 -21.11731843575419
 50 -19.10614525139664
 13 -17.09497206703909
 42 -15.08379888268155
 134 -13.072625698324
 10 -11.06145251396646
 467 -9.050279329608941
 0 -7.039106145251395
 110 -5.02793296089385
 21 -3.016759776536304
 3 -1.005586592178759
 18 1.005586592178787
 121 3.016759776536333
 2 5.02793296089385
 433 7.039106145251395
 9 9.050279329608941
 121 11.06145251396649
 39 13.07262569832403
 14 15.08379888268158
 46 17.09497206703912
 85 19.10614525139667
 410 21.11731843575421
 50 23.12849162011173
 64 25.13966480446928
 96 27.15083798882682
 49 29.16201117318437
 167 31.17318435754191
 267 33.18435754189946
 198 35.195530726257
 117 37.20670391061452
 37 39.21787709497207
 264 41.22905027932961
 1 43.24022346368716
 113 45.2513966480447
 49 47.26256983240225
 194 49.27374301675979
 70 51.28491620111734
 164 53.29608938547489
 70 55.3072625698324
 126 57.31843575418995
 204 59.32960893854749
 52 61.34078212290504
 109 63.35195530726259
 65 65.36312849162013
 99 67.37430167597768
 44 69.38547486033519
 42 71.39664804469274
 47 73.40782122905028
 3 75.41899441340783
 11 77.43016759776538
 0 79.44134078212289
 1 81.45251396648047
 6 83.46368715083798
 1 85.47486033519556
 17 87.48603351955308
 6145 89.49720670391065
 7 91.50837988826817
 3 93.51955307262574
 3 95.53072625698326
 0 97.54189944134077
 3 99.55307262569835
 9 101.5642458100559
 29 103.5754189944134
 30 105.586592178771
 26 107.5977653631285
 115 109.608938547486
 115 111.6201117318436
 106 113.6312849162011
 1 115.6424581005587
 166 117.6536312849162
 145 119.6648044692737
 99 121.6759776536313
 124 123.6871508379888
 140 125.6983240223464
 72 127.7094972067039
 131 129.7206703910614
 166 131.731843575419
 4 133.7430167597765
 98 135.7541899441341
 134 137.7653631284916
 94 139.7765363128492
 104 141.7877094972067
 407 143.7988826815642
 94 145.8100558659218
 167 147.8212290502793
 32 149.8324022346369
 119 151.8435754189944
 61 153.854748603352
 389 155.8659217877095
 37 157.8770949720671
 116 159.8882681564246
 61 161.8994413407821
 30 163.9106145251397
 16 165.9217877094972
 142 167.9329608938548
 200 169.9441340782123
 278 171.9553072625699
 3 173.9664804469274
 123 175.9776536312849
 4 177.9888268156425
 0 180


