# Created by Octave 3.8.2, Sat Jun 20 10:51:13 2020 CEST <damian@fptrucha.inv.usc.es>
# name: hd
# type: matrix
# rows: 180
# columns: 2
 3 -180
 180 -177.9888268156425
 2 -175.9776536312849
 415 -173.9664804469274
 299 -171.9553072625698
 161 -169.9441340782123
 36 -167.9329608938548
 48 -165.9217877094972
 57 -163.9106145251397
 189 -161.8994413407821
 36 -159.8882681564246
 683 -157.877094972067
 57 -155.8659217877095
 133 -153.854748603352
 54 -151.8435754189944
 88 -149.8324022346369
 205 -147.8212290502793
 691 -145.8100558659218
 139 -143.7988826815642
 101 -141.7877094972067
 180 -139.7765363128491
 107 -137.7653631284916
 4 -135.7541899441341
 166 -133.7430167597765
 154 -131.731843575419
 74 -129.7206703910614
 196 -127.7094972067039
 236 -125.6983240223464
 116 -123.6871508379888
 222 -121.6759776536313
 203 -119.6648044692737
 4 -117.6536312849162
 100 -115.6424581005587
 113 -113.6312849162011
 117 -111.6201117318436
 20 -109.608938547486
 36 -107.5977653631285
 22 -105.5865921787709
 9 -103.5754189944134
 2 -101.5642458100559
 0 -99.55307262569832
 1 -97.54189944134077
 5 -95.53072625698323
 8 -93.5195530726257
 8990 -91.50837988826815
 15 -89.49720670391061
 1 -87.48603351955308
 0 -85.47486033519553
 1 -83.46368715083798
 0 -81.45251396648044
 5 -79.44134078212289
 5 -77.43016759776536
 59 -75.41899441340782
 19 -73.40782122905027
 47 -71.39664804469274
 139 -69.38547486033519
 98 -67.37430167597765
 113 -65.3631284916201
 48 -63.35195530726256
 314 -61.34078212290503
 173 -59.32960893854748
 228 -57.31843575418993
 105 -55.3072625698324
 106 -53.29608938547486
 244 -51.28491620111731
 66 -49.27374301675977
 119 -47.26256983240222
 0 -45.25139664804468
 318 -43.24022346368713
 1 -41.22905027932961
 179 -39.21787709497207
 305 -37.20670391061452
 494 -35.19553072625698
 128 -33.18435754189943
 58 -31.17318435754188
 163 -29.16201117318434
 11 -27.15083798882682
 67 -25.13966480446928
 692 -23.12849162011173
 157 -21.11731843575419
 43 -19.10614525139664
 12 -17.09497206703909
 45 -15.08379888268155
 168 -13.072625698324
 8 -11.06145251396646
 614 -9.050279329608941
 1 -7.039106145251395
 132 -5.02793296089385
 20 -3.016759776536304
 2 -1.005586592178759
 19 1.005586592178787
 135 3.016759776536333
 3 5.02793296089385
 595 7.039106145251395
 8 9.050279329608941
 121 11.06145251396649
 60 13.07262569832403
 8 15.08379888268158
 66 17.09497206703912
 129 19.10614525139667
 539 21.11731843575421
 51 23.12849162011173
 107 25.13966480446928
 110 27.15083798882682
 60 29.16201117318437
 270 31.17318435754191
 326 33.18435754189946
 267 35.195530726257
 204 37.20670391061452
 38 39.21787709497207
 336 41.22905027932961
 2 43.24022346368716
 134 45.2513966480447
 60 47.26256983240225
 254 49.27374301675979
 87 51.28491620111734
 222 53.29608938547489
 77 55.3072625698324
 195 57.31843575418995
 266 59.32960893854749
 88 61.34078212290504
 148 63.35195530726259
 69 65.36312849162013
 131 67.37430167597768
 53 69.38547486033519
 33 71.39664804469274
 47 73.40782122905028
 6 75.41899441340783
 6 77.43016759776538
 4 79.44134078212289
 0 81.45251396648047
 0 83.46368715083798
 3 85.47486033519556
 11 87.48603351955308
 8473 89.49720670391065
 5 91.50837988826817
 2 93.51955307262574
 1 95.53072625698326
 1 97.54189944134077
 4 99.55307262569835
 8 101.5642458100559
 23 103.5754189944134
 47 105.586592178771
 33 107.5977653631285
 130 109.608938547486
 128 111.6201117318436
 143 113.6312849162011
 2 115.6424581005587
 231 117.6536312849162
 181 119.6648044692737
 93 121.6759776536313
 207 123.6871508379888
 188 125.6983240223464
 88 127.7094972067039
 176 129.7206703910614
 204 131.731843575419
 4 133.7430167597765
 137 135.7541899441341
 200 137.7653631284916
 107 139.7765363128492
 140 141.7877094972067
 510 143.7988826815642
 122 145.8100558659218
 231 147.8212290502793
 55 149.8324022346369
 185 151.8435754189944
 71 153.854748603352
 537 155.8659217877095
 52 157.8770949720671
 123 159.8882681564246
 79 161.8994413407821
 56 163.9106145251397
 24 165.9217877094972
 159 167.9329608938548
 227 169.9441340782123
 372 171.9553072625699
 3 173.9664804469274
 157 175.9776536312849
 3 177.9888268156425
 0 180


