# Created by Octave 3.8.2, Mon Jun 22 03:03:02 2020 CEST <damian@fptrucha.inv.usc.es>
# name: hd
# type: matrix
# rows: 180
# columns: 2
 7 -180
 174 -177.9888268156425
 6 -175.9776536312849
 332 -173.9664804469274
 218 -171.9553072625698
 139 -169.9441340782123
 32 -167.9329608938548
 45 -165.9217877094972
 62 -163.9106145251397
 137 -161.8994413407821
 48 -159.8882681564246
 547 -157.877094972067
 76 -155.8659217877095
 130 -153.854748603352
 43 -151.8435754189944
 67 -149.8324022346369
 241 -147.8212290502793
 549 -145.8100558659218
 120 -143.7988826815642
 78 -141.7877094972067
 172 -139.7765363128491
 120 -137.7653631284916
 6 -135.7541899441341
 168 -133.7430167597765
 140 -131.731843575419
 62 -129.7206703910614
 171 -127.7094972067039
 185 -125.6983240223464
 91 -123.6871508379888
 185 -121.6759776536313
 193 -119.6648044692737
 7 -117.6536312849162
 106 -115.6424581005587
 119 -113.6312849162011
 122 -111.6201117318436
 24 -109.608938547486
 43 -107.5977653631285
 29 -105.5865921787709
 15 -103.5754189944134
 2 -101.5642458100559
 2 -99.55307262569832
 4 -97.54189944134077
 5 -95.53072625698323
 11 -93.5195530726257
 7364 -91.50837988826815
 16 -89.49720670391061
 3 -87.48603351955308
 1 -85.47486033519553
 2 -83.46368715083798
 4 -81.45251396648044
 13 -79.44134078212289
 6 -77.43016759776536
 46 -75.41899441340782
 30 -73.40782122905027
 68 -71.39664804469274
 111 -69.38547486033519
 70 -67.37430167597765
 121 -65.3631284916201
 53 -63.35195530726256
 254 -61.34078212290503
 148 -59.32960893854748
 190 -57.31843575418993
 95 -55.3072625698324
 50 -53.29608938547486
 230 -51.28491620111731
 83 -49.27374301675977
 102 -47.26256983240222
 4 -45.25139664804468
 261 -43.24022346368713
 1 -41.22905027932961
 138 -39.21787709497207
 265 -37.20670391061452
 390 -35.19553072625698
 112 -33.18435754189943
 63 -31.17318435754188
 155 -29.16201117318434
 14 -27.15083798882682
 64 -25.13966480446928
 514 -23.12849162011173
 116 -21.11731843575419
 50 -19.10614525139664
 22 -17.09497206703909
 40 -15.08379888268155
 128 -13.072625698324
 7 -11.06145251396646
 519 -9.050279329608941
 2 -7.039106145251395
 114 -5.02793296089385
 18 -3.016759776536304
 8 -1.005586592178759
 22 1.005586592178787
 128 3.016759776536333
 3 5.02793296089385
 502 7.039106145251395
 10 9.050279329608941
 118 11.06145251396649
 40 13.07262569832403
 22 15.08379888268158
 48 17.09497206703912
 119 19.10614525139667
 491 21.11731843575421
 70 23.12849162011173
 67 25.13966480446928
 102 27.15083798882682
 81 29.16201117318437
 187 31.17318435754191
 292 33.18435754189946
 223 35.195530726257
 138 37.20670391061452
 49 39.21787709497207
 266 41.22905027932961
 2 43.24022346368716
 133 45.2513966480447
 62 47.26256983240225
 233 49.27374301675979
 88 51.28491620111734
 170 53.29608938547489
 68 55.3072625698324
 151 57.31843575418995
 225 59.32960893854749
 59 61.34078212290504
 124 63.35195530726259
 65 65.36312849162013
 117 67.37430167597768
 51 69.38547486033519
 22 71.39664804469274
 55 73.40782122905028
 12 75.41899441340783
 9 77.43016759776538
 4 79.44134078212289
 0 81.45251396648047
 0 83.46368715083798
 4 85.47486033519556
 15 87.48603351955308
 7103 89.49720670391065
 10 91.50837988826817
 1 93.51955307262574
 2 95.53072625698326
 1 97.54189944134077
 4 99.55307262569835
 20 101.5642458100559
 26 103.5754189944134
 44 105.586592178771
 15 107.5977653631285
 113 109.608938547486
 124 111.6201117318436
 108 113.6312849162011
 0 115.6424581005587
 164 117.6536312849162
 146 119.6648044692737
 84 121.6759776536313
 177 123.6871508379888
 156 125.6983240223464
 71 127.7094972067039
 161 129.7206703910614
 193 131.731843575419
 4 133.7430167597765
 109 135.7541899441341
 142 137.7653631284916
 102 139.7765363128492
 108 141.7877094972067
 452 143.7988826815642
 102 145.8100558659218
 196 147.8212290502793
 42 149.8324022346369
 142 151.8435754189944
 53 153.854748603352
 418 155.8659217877095
 46 157.8770949720671
 130 159.8882681564246
 82 161.8994413407821
 47 163.9106145251397
 21 165.9217877094972
 133 167.9329608938548
 191 169.9441340782123
 341 171.9553072625699
 8 173.9664804469274
 145 175.9776536312849
 2 177.9888268156425
 0 180


