# Created by Octave 3.8.2, Sat Jun 20 06:02:30 2020 CEST <damian@fptrucha.inv.usc.es>
# name: hd
# type: matrix
# rows: 180
# columns: 2
 8 -180
 176 -177.9888268156425
 7 -175.9776536312849
 426 -173.9664804469274
 265 -171.9553072625698
 170 -169.9441340782123
 22 -167.9329608938548
 51 -165.9217877094972
 62 -163.9106145251397
 176 -161.8994413407821
 50 -159.8882681564246
 747 -157.877094972067
 68 -155.8659217877095
 155 -153.854748603352
 49 -151.8435754189944
 78 -149.8324022346369
 256 -147.8212290502793
 690 -145.8100558659218
 160 -143.7988826815642
 98 -141.7877094972067
 177 -139.7765363128491
 117 -137.7653631284916
 4 -135.7541899441341
 202 -133.7430167597765
 190 -131.731843575419
 79 -129.7206703910614
 232 -127.7094972067039
 274 -125.6983240223464
 133 -123.6871508379888
 226 -121.6759776536313
 248 -119.6648044692737
 7 -117.6536312849162
 121 -115.6424581005587
 143 -113.6312849162011
 130 -111.6201117318436
 31 -109.608938547486
 39 -107.5977653631285
 33 -105.5865921787709
 15 -103.5754189944134
 2 -101.5642458100559
 0 -99.55307262569832
 0 -97.54189944134077
 1 -95.53072625698323
 6 -93.5195530726257
 9335 -91.50837988826815
 9 -89.49720670391061
 4 -87.48603351955308
 2 -85.47486033519553
 0 -83.46368715083798
 1 -81.45251396648044
 7 -79.44134078212289
 3 -77.43016759776536
 50 -75.41899441340782
 35 -73.40782122905027
 47 -71.39664804469274
 138 -69.38547486033519
 88 -67.37430167597765
 111 -65.3631284916201
 62 -63.35195530726256
 306 -61.34078212290503
 161 -59.32960893854748
 241 -57.31843575418993
 110 -55.3072625698324
 79 -53.29608938547486
 273 -51.28491620111731
 62 -49.27374301675977
 137 -47.26256983240222
 2 -45.25139664804468
 272 -43.24022346368713
 3 -41.22905027932961
 173 -39.21787709497207
 324 -37.20670391061452
 474 -35.19553072625698
 128 -33.18435754189943
 59 -31.17318435754188
 174 -29.16201117318434
 12 -27.15083798882682
 71 -25.13966480446928
 723 -23.12849162011173
 159 -21.11731843575419
 52 -19.10614525139664
 18 -17.09497206703909
 36 -15.08379888268155
 162 -13.072625698324
 7 -11.06145251396646
 626 -9.050279329608941
 2 -7.039106145251395
 120 -5.02793296089385
 16 -3.016759776536304
 2 -1.005586592178759
 27 1.005586592178787
 145 3.016759776536333
 1 5.02793296089385
 636 7.039106145251395
 6 9.050279329608941
 149 11.06145251396649
 41 13.07262569832403
 10 15.08379888268158
 62 17.09497206703912
 124 19.10614525139667
 540 21.11731843575421
 52 23.12849162011173
 104 25.13966480446928
 101 27.15083798882682
 61 29.16201117318437
 224 31.17318435754191
 316 33.18435754189946
 258 35.195530726257
 181 37.20670391061452
 36 39.21787709497207
 306 41.22905027932961
 0 43.24022346368716
 132 45.2513966480447
 63 47.26256983240225
 235 49.27374301675979
 103 51.28491620111734
 194 53.29608938547489
 84 55.3072625698324
 133 57.31843575418995
 266 59.32960893854749
 68 61.34078212290504
 128 63.35195530726259
 83 65.36312849162013
 130 67.37430167597768
 54 69.38547486033519
 35 71.39664804469274
 41 73.40782122905028
 8 75.41899441340783
 13 77.43016759776538
 1 79.44134078212289
 1 81.45251396648047
 0 83.46368715083798
 3 85.47486033519556
 8 87.48603351955308
 8287 89.49720670391065
 7 91.50837988826817
 1 93.51955307262574
 0 95.53072625698326
 0 97.54189944134077
 3 99.55307262569835
 9 101.5642458100559
 25 103.5754189944134
 39 105.586592178771
 20 107.5977653631285
 106 109.608938547486
 95 111.6201117318436
 137 113.6312849162011
 6 115.6424581005587
 233 117.6536312849162
 195 119.6648044692737
 85 121.6759776536313
 204 123.6871508379888
 181 125.6983240223464
 78 127.7094972067039
 183 129.7206703910614
 214 131.731843575419
 3 133.7430167597765
 166 135.7541899441341
 182 137.7653631284916
 110 139.7765363128492
 172 141.7877094972067
 531 143.7988826815642
 144 145.8100558659218
 209 147.8212290502793
 39 149.8324022346369
 183 151.8435754189944
 81 153.854748603352
 563 155.8659217877095
 67 157.8770949720671
 154 159.8882681564246
 62 161.8994413407821
 66 163.9106145251397
 16 165.9217877094972
 164 167.9329608938548
 272 169.9441340782123
 414 171.9553072625699
 0 173.9664804469274
 152 175.9776536312849
 4 177.9888268156425
 0 180


