# Created by Octave 3.8.2, Tue Jun 23 00:15:53 2020 CEST <damian@fptrucha.inv.usc.es>
# name: hd
# type: matrix
# rows: 180
# columns: 2
 4 -180
 177 -177.9888268156425
 7 -175.9776536312849
 357 -173.9664804469274
 239 -171.9553072625698
 148 -169.9441340782123
 45 -167.9329608938548
 58 -165.9217877094972
 79 -163.9106145251397
 161 -161.8994413407821
 42 -159.8882681564246
 595 -157.877094972067
 71 -155.8659217877095
 163 -153.854748603352
 49 -151.8435754189944
 91 -149.8324022346369
 271 -147.8212290502793
 660 -145.8100558659218
 144 -143.7988826815642
 94 -141.7877094972067
 183 -139.7765363128491
 117 -137.7653631284916
 3 -135.7541899441341
 192 -133.7430167597765
 216 -131.731843575419
 115 -129.7206703910614
 220 -127.7094972067039
 233 -125.6983240223464
 94 -123.6871508379888
 219 -121.6759776536313
 239 -119.6648044692737
 4 -117.6536312849162
 120 -115.6424581005587
 127 -113.6312849162011
 145 -111.6201117318436
 26 -109.608938547486
 50 -107.5977653631285
 30 -105.5865921787709
 17 -103.5754189944134
 5 -101.5642458100559
 3 -99.55307262569832
 1 -97.54189944134077
 0 -95.53072625698323
 5 -93.5195530726257
 8732 -91.50837988826815
 10 -89.49720670391061
 5 -87.48603351955308
 1 -85.47486033519553
 0 -83.46368715083798
 1 -81.45251396648044
 10 -79.44134078212289
 8 -77.43016759776536
 71 -75.41899441340782
 33 -73.40782122905027
 56 -71.39664804469274
 128 -69.38547486033519
 92 -67.37430167597765
 134 -65.3631284916201
 70 -63.35195530726256
 321 -61.34078212290503
 170 -59.32960893854748
 246 -57.31843575418993
 107 -55.3072625698324
 101 -53.29608938547486
 267 -51.28491620111731
 64 -49.27374301675977
 139 -47.26256983240222
 3 -45.25139664804468
 318 -43.24022346368713
 2 -41.22905027932961
 181 -39.21787709497207
 300 -37.20670391061452
 474 -35.19553072625698
 131 -33.18435754189943
 64 -31.17318435754188
 172 -29.16201117318434
 15 -27.15083798882682
 63 -25.13966480446928
 608 -23.12849162011173
 169 -21.11731843575419
 61 -19.10614525139664
 14 -17.09497206703909
 44 -15.08379888268155
 181 -13.072625698324
 10 -11.06145251396646
 646 -9.050279329608941
 5 -7.039106145251395
 148 -5.02793296089385
 18 -3.016759776536304
 2 -1.005586592178759
 23 1.005586592178787
 134 3.016759776536333
 5 5.02793296089385
 569 7.039106145251395
 6 9.050279329608941
 141 11.06145251396649
 51 13.07262569832403
 11 15.08379888268158
 45 17.09497206703912
 144 19.10614525139667
 575 21.11731843575421
 66 23.12849162011173
 70 25.13966480446928
 106 27.15083798882682
 65 29.16201117318437
 212 31.17318435754191
 350 33.18435754189946
 266 35.195530726257
 154 37.20670391061452
 35 39.21787709497207
 266 41.22905027932961
 1 43.24022346368716
 125 45.2513966480447
 79 47.26256983240225
 243 49.27374301675979
 86 51.28491620111734
 198 53.29608938547489
 86 55.3072625698324
 158 57.31843575418995
 268 59.32960893854749
 65 61.34078212290504
 94 63.35195530726259
 74 65.36312849162013
 114 67.37430167597768
 49 69.38547486033519
 35 71.39664804469274
 35 73.40782122905028
 10 75.41899441340783
 8 77.43016759776538
 3 79.44134078212289
 2 81.45251396648047
 4 83.46368715083798
 6 85.47486033519556
 17 87.48603351955308
 7742 89.49720670391065
 8 91.50837988826817
 3 93.51955307262574
 1 95.53072625698326
 1 97.54189944134077
 2 99.55307262569835
 17 101.5642458100559
 21 103.5754189944134
 41 105.586592178771
 22 107.5977653631285
 92 109.608938547486
 114 111.6201117318436
 134 113.6312849162011
 2 115.6424581005587
 236 117.6536312849162
 186 119.6648044692737
 87 121.6759776536313
 183 123.6871508379888
 201 125.6983240223464
 89 127.7094972067039
 175 129.7206703910614
 204 131.731843575419
 2 133.7430167597765
 125 135.7541899441341
 161 137.7653631284916
 106 139.7765363128492
 143 141.7877094972067
 536 143.7988826815642
 133 145.8100558659218
 187 147.8212290502793
 56 149.8324022346369
 147 151.8435754189944
 68 153.854748603352
 510 155.8659217877095
 54 157.8770949720671
 128 159.8882681564246
 74 161.8994413407821
 51 163.9106145251397
 27 165.9217877094972
 152 167.9329608938548
 232 169.9441340782123
 379 171.9553072625699
 8 173.9664804469274
 148 175.9776536312849
 3 177.9888268156425
 0 180


