# Created by Octave 3.8.2, Mon Jun 22 11:08:14 2020 CEST <damian@fptrucha.inv.usc.es>
# name: hd
# type: matrix
# rows: 180
# columns: 2
 7 -180
 162 -177.9888268156425
 3 -175.9776536312849
 384 -173.9664804469274
 240 -171.9553072625698
 141 -169.9441340782123
 22 -167.9329608938548
 48 -165.9217877094972
 67 -163.9106145251397
 133 -161.8994413407821
 49 -159.8882681564246
 567 -157.877094972067
 62 -155.8659217877095
 124 -153.854748603352
 47 -151.8435754189944
 64 -149.8324022346369
 249 -147.8212290502793
 585 -145.8100558659218
 134 -143.7988826815642
 74 -141.7877094972067
 175 -139.7765363128491
 103 -137.7653631284916
 4 -135.7541899441341
 161 -133.7430167597765
 166 -131.731843575419
 86 -129.7206703910614
 161 -127.7094972067039
 207 -125.6983240223464
 96 -123.6871508379888
 168 -121.6759776536313
 185 -119.6648044692737
 5 -117.6536312849162
 111 -115.6424581005587
 125 -113.6312849162011
 124 -111.6201117318436
 15 -109.608938547486
 30 -107.5977653631285
 21 -105.5865921787709
 22 -103.5754189944134
 1 -101.5642458100559
 0 -99.55307262569832
 1 -97.54189944134077
 6 -95.53072625698323
 10 -93.5195530726257
 7881 -91.50837988826815
 15 -89.49720670391061
 5 -87.48603351955308
 3 -85.47486033519553
 0 -83.46368715083798
 1 -81.45251396648044
 7 -79.44134078212289
 9 -77.43016759776536
 41 -75.41899441340782
 28 -73.40782122905027
 58 -71.39664804469274
 119 -69.38547486033519
 66 -67.37430167597765
 113 -65.3631284916201
 43 -63.35195530726256
 250 -61.34078212290503
 155 -59.32960893854748
 206 -57.31843575418993
 86 -55.3072625698324
 77 -53.29608938547486
 224 -51.28491620111731
 68 -49.27374301675977
 111 -47.26256983240222
 7 -45.25139664804468
 294 -43.24022346368713
 2 -41.22905027932961
 179 -39.21787709497207
 285 -37.20670391061452
 422 -35.19553072625698
 115 -33.18435754189943
 62 -31.17318435754188
 159 -29.16201117318434
 9 -27.15083798882682
 67 -25.13966480446928
 578 -23.12849162011173
 145 -21.11731843575419
 49 -19.10614525139664
 13 -17.09497206703909
 42 -15.08379888268155
 148 -13.072625698324
 17 -11.06145251396646
 598 -9.050279329608941
 1 -7.039106145251395
 136 -5.02793296089385
 19 -3.016759776536304
 9 -1.005586592178759
 20 1.005586592178787
 108 3.016759776536333
 4 5.02793296089385
 559 7.039106145251395
 9 9.050279329608941
 129 11.06145251396649
 53 13.07262569832403
 15 15.08379888268158
 53 17.09497206703912
 129 19.10614525139667
 549 21.11731843575421
 54 23.12849162011173
 97 25.13966480446928
 87 27.15083798882682
 61 29.16201117318437
 213 31.17318435754191
 318 33.18435754189946
 241 35.195530726257
 169 37.20670391061452
 40 39.21787709497207
 279 41.22905027932961
 2 43.24022346368716
 122 45.2513966480447
 72 47.26256983240225
 228 49.27374301675979
 92 51.28491620111734
 179 53.29608938547489
 87 55.3072625698324
 149 57.31843575418995
 270 59.32960893854749
 72 61.34078212290504
 144 63.35195530726259
 74 65.36312849162013
 102 67.37430167597768
 47 69.38547486033519
 27 71.39664804469274
 49 73.40782122905028
 3 75.41899441340783
 16 77.43016759776538
 2 79.44134078212289
 2 81.45251396648047
 0 83.46368715083798
 10 85.47486033519556
 13 87.48603351955308
 7595 89.49720670391065
 11 91.50837988826817
 5 93.51955307262574
 0 95.53072625698326
 1 97.54189944134077
 8 99.55307262569835
 21 101.5642458100559
 23 103.5754189944134
 50 105.586592178771
 25 107.5977653631285
 126 109.608938547486
 126 111.6201117318436
 133 113.6312849162011
 7 115.6424581005587
 203 117.6536312849162
 175 119.6648044692737
 104 121.6759776536313
 190 123.6871508379888
 189 125.6983240223464
 74 127.7094972067039
 171 129.7206703910614
 173 131.731843575419
 1 133.7430167597765
 125 135.7541899441341
 170 137.7653631284916
 99 139.7765363128492
 146 141.7877094972067
 516 143.7988826815642
 112 145.8100558659218
 213 147.8212290502793
 59 149.8324022346369
 161 151.8435754189944
 54 153.854748603352
 504 155.8659217877095
 55 157.8770949720671
 130 159.8882681564246
 80 161.8994413407821
 43 163.9106145251397
 23 165.9217877094972
 145 167.9329608938548
 221 169.9441340782123
 332 171.9553072625699
 7 173.9664804469274
 177 175.9776536312849
 3 177.9888268156425
 0 180


