# Created by Octave 3.8.2, Sat Jun 20 22:37:11 2020 CEST <damian@fptrucha.inv.usc.es>
# name: hd
# type: matrix
# rows: 180
# columns: 2
 6 -180
 162 -177.9888268156425
 3 -175.9776536312849
 358 -173.9664804469274
 229 -171.9553072625698
 156 -169.9441340782123
 26 -167.9329608938548
 36 -165.9217877094972
 42 -163.9106145251397
 159 -161.8994413407821
 43 -159.8882681564246
 624 -157.877094972067
 60 -155.8659217877095
 99 -153.854748603352
 34 -151.8435754189944
 55 -149.8324022346369
 203 -147.8212290502793
 647 -145.8100558659218
 121 -143.7988826815642
 73 -141.7877094972067
 178 -139.7765363128491
 101 -137.7653631284916
 2 -135.7541899441341
 154 -133.7430167597765
 144 -131.731843575419
 77 -129.7206703910614
 183 -127.7094972067039
 234 -125.6983240223464
 95 -123.6871508379888
 143 -121.6759776536313
 162 -119.6648044692737
 4 -117.6536312849162
 95 -115.6424581005587
 104 -113.6312849162011
 114 -111.6201117318436
 9 -109.608938547486
 35 -107.5977653631285
 15 -105.5865921787709
 11 -103.5754189944134
 5 -101.5642458100559
 1 -99.55307262569832
 0 -97.54189944134077
 4 -95.53072625698323
 5 -93.5195530726257
 7753 -91.50837988826815
 7 -89.49720670391061
 3 -87.48603351955308
 0 -85.47486033519553
 0 -83.46368715083798
 1 -81.45251396648044
 2 -79.44134078212289
 4 -77.43016759776536
 37 -75.41899441340782
 22 -73.40782122905027
 41 -71.39664804469274
 97 -69.38547486033519
 60 -67.37430167597765
 78 -65.3631284916201
 46 -63.35195530726256
 267 -61.34078212290503
 151 -59.32960893854748
 236 -57.31843575418993
 100 -55.3072625698324
 76 -53.29608938547486
 220 -51.28491620111731
 41 -49.27374301675977
 111 -47.26256983240222
 2 -45.25139664804468
 313 -43.24022346368713
 1 -41.22905027932961
 137 -39.21787709497207
 338 -37.20670391061452
 411 -35.19553072625698
 103 -33.18435754189943
 61 -31.17318435754188
 129 -29.16201117318434
 8 -27.15083798882682
 71 -25.13966480446928
 616 -23.12849162011173
 172 -21.11731843575419
 59 -19.10614525139664
 11 -17.09497206703909
 34 -15.08379888268155
 177 -13.072625698324
 7 -11.06145251396646
 554 -9.050279329608941
 2 -7.039106145251395
 119 -5.02793296089385
 17 -3.016759776536304
 1 -1.005586592178759
 19 1.005586592178787
 119 3.016759776536333
 1 5.02793296089385
 543 7.039106145251395
 11 9.050279329608941
 119 11.06145251396649
 39 13.07262569832403
 7 15.08379888268158
 60 17.09497206703912
 106 19.10614525139667
 500 21.11731843575421
 54 23.12849162011173
 117 25.13966480446928
 106 27.15083798882682
 45 29.16201117318437
 217 31.17318435754191
 328 33.18435754189946
 230 35.195530726257
 181 37.20670391061452
 35 39.21787709497207
 270 41.22905027932961
 2 43.24022346368716
 116 45.2513966480447
 67 47.26256983240225
 220 49.27374301675979
 100 51.28491620111734
 176 53.29608938547489
 74 55.3072625698324
 121 57.31843575418995
 267 59.32960893854749
 58 61.34078212290504
 139 63.35195530726259
 75 65.36312849162013
 100 67.37430167597768
 52 69.38547486033519
 39 71.39664804469274
 54 73.40782122905028
 5 75.41899441340783
 11 77.43016759776538
 0 79.44134078212289
 0 81.45251396648047
 3 83.46368715083798
 4 85.47486033519556
 4 87.48603351955308
 7555 89.49720670391065
 4 91.50837988826817
 5 93.51955307262574
 1 95.53072625698326
 0 97.54189944134077
 2 99.55307262569835
 16 101.5642458100559
 16 103.5754189944134
 35 105.586592178771
 13 107.5977653631285
 120 109.608938547486
 149 111.6201117318436
 113 113.6312849162011
 7 115.6424581005587
 201 117.6536312849162
 167 119.6648044692737
 76 121.6759776536313
 179 123.6871508379888
 148 125.6983240223464
 87 127.7094972067039
 144 129.7206703910614
 194 131.731843575419
 4 133.7430167597765
 115 135.7541899441341
 180 137.7653631284916
 106 139.7765363128492
 138 141.7877094972067
 505 143.7988826815642
 122 145.8100558659218
 188 147.8212290502793
 54 149.8324022346369
 182 151.8435754189944
 67 153.854748603352
 461 155.8659217877095
 39 157.8770949720671
 124 159.8882681564246
 69 161.8994413407821
 43 163.9106145251397
 20 165.9217877094972
 125 167.9329608938548
 205 169.9441340782123
 323 171.9553072625699
 1 173.9664804469274
 137 175.9776536312849
 1 177.9888268156425
 0 180


