# Created by Octave 3.8.2, Sat Jun 20 12:29:53 2020 CEST <damian@fptrucha.inv.usc.es>
# name: hd
# type: matrix
# rows: 180
# columns: 2
 2 -180
 113 -177.9888268156425
 1 -175.9776536312849
 256 -173.9664804469274
 151 -171.9553072625698
 107 -169.9441340782123
 23 -167.9329608938548
 25 -165.9217877094972
 33 -163.9106145251397
 133 -161.8994413407821
 25 -159.8882681564246
 431 -157.877094972067
 39 -155.8659217877095
 78 -153.854748603352
 25 -151.8435754189944
 39 -149.8324022346369
 149 -147.8212290502793
 497 -145.8100558659218
 81 -143.7988826815642
 61 -141.7877094972067
 135 -139.7765363128491
 73 -137.7653631284916
 2 -135.7541899441341
 116 -133.7430167597765
 104 -131.731843575419
 63 -129.7206703910614
 136 -127.7094972067039
 176 -125.6983240223464
 81 -123.6871508379888
 141 -121.6759776536313
 152 -119.6648044692737
 3 -117.6536312849162
 74 -115.6424581005587
 86 -113.6312849162011
 91 -111.6201117318436
 12 -109.608938547486
 26 -107.5977653631285
 21 -105.5865921787709
 9 -103.5754189944134
 0 -101.5642458100559
 0 -99.55307262569832
 1 -97.54189944134077
 0 -95.53072625698323
 2 -93.5195530726257
 5772 -91.50837988826815
 8 -89.49720670391061
 5 -87.48603351955308
 1 -85.47486033519553
 1 -83.46368715083798
 2 -81.45251396648044
 8 -79.44134078212289
 4 -77.43016759776536
 37 -75.41899441340782
 17 -73.40782122905027
 35 -71.39664804469274
 85 -69.38547486033519
 43 -67.37430167597765
 67 -65.3631284916201
 28 -63.35195530726256
 174 -61.34078212290503
 117 -59.32960893854748
 141 -57.31843575418993
 49 -55.3072625698324
 57 -53.29608938547486
 155 -51.28491620111731
 46 -49.27374301675977
 73 -47.26256983240222
 3 -45.25139664804468
 206 -43.24022346368713
 2 -41.22905027932961
 121 -39.21787709497207
 233 -37.20670391061452
 348 -35.19553072625698
 88 -33.18435754189943
 41 -31.17318435754188
 104 -29.16201117318434
 10 -27.15083798882682
 47 -25.13966480446928
 479 -23.12849162011173
 99 -21.11731843575419
 32 -19.10614525139664
 11 -17.09497206703909
 21 -15.08379888268155
 129 -13.072625698324
 2 -11.06145251396646
 414 -9.050279329608941
 2 -7.039106145251395
 99 -5.02793296089385
 13 -3.016759776536304
 2 -1.005586592178759
 10 1.005586592178787
 85 3.016759776536333
 0 5.02793296089385
 403 7.039106145251395
 2 9.050279329608941
 91 11.06145251396649
 38 13.07262569832403
 5 15.08379888268158
 46 17.09497206703912
 65 19.10614525139667
 358 21.11731843575421
 45 23.12849162011173
 71 25.13966480446928
 89 27.15083798882682
 41 29.16201117318437
 178 31.17318435754191
 231 33.18435754189946
 175 35.195530726257
 124 37.20670391061452
 23 39.21787709497207
 210 41.22905027932961
 2 43.24022346368716
 87 45.2513966480447
 34 47.26256983240225
 151 49.27374301675979
 72 51.28491620111734
 162 53.29608938547489
 57 55.3072625698324
 82 57.31843575418995
 182 59.32960893854749
 43 61.34078212290504
 98 63.35195530726259
 56 65.36312849162013
 81 67.37430167597768
 42 69.38547486033519
 29 71.39664804469274
 46 73.40782122905028
 7 75.41899441340783
 7 77.43016759776538
 3 79.44134078212289
 1 81.45251396648047
 1 83.46368715083798
 0 85.47486033519556
 6 87.48603351955308
 5595 89.49720670391065
 9 91.50837988826817
 1 93.51955307262574
 0 95.53072625698326
 1 97.54189944134077
 1 99.55307262569835
 9 101.5642458100559
 15 103.5754189944134
 33 105.586592178771
 22 107.5977653631285
 90 109.608938547486
 94 111.6201117318436
 80 113.6312849162011
 3 115.6424581005587
 158 117.6536312849162
 133 119.6648044692737
 61 121.6759776536313
 136 123.6871508379888
 154 125.6983240223464
 62 127.7094972067039
 128 129.7206703910614
 130 131.731843575419
 5 133.7430167597765
 100 135.7541899441341
 120 137.7653631284916
 66 139.7765363128492
 95 141.7877094972067
 345 143.7988826815642
 86 145.8100558659218
 168 147.8212290502793
 26 149.8324022346369
 108 151.8435754189944
 53 153.854748603352
 344 155.8659217877095
 31 157.8770949720671
 76 159.8882681564246
 57 161.8994413407821
 45 163.9106145251397
 11 165.9217877094972
 100 167.9329608938548
 157 169.9441340782123
 229 171.9553072625699
 4 173.9664804469274
 146 175.9776536312849
 4 177.9888268156425
 0 180


