# Created by Octave 3.8.2, Sat Jun 20 16:21:21 2020 CEST <damian@fptrucha.inv.usc.es>
# name: hd
# type: matrix
# rows: 180
# columns: 2
 3 -180
 163 -177.9888268156425
 6 -175.9776536312849
 374 -173.9664804469274
 205 -171.9553072625698
 150 -169.9441340782123
 27 -167.9329608938548
 40 -165.9217877094972
 56 -163.9106145251397
 159 -161.8994413407821
 30 -159.8882681564246
 655 -157.877094972067
 71 -155.8659217877095
 106 -153.854748603352
 57 -151.8435754189944
 62 -149.8324022346369
 198 -147.8212290502793
 710 -145.8100558659218
 114 -143.7988826815642
 86 -141.7877094972067
 155 -139.7765363128491
 88 -137.7653631284916
 1 -135.7541899441341
 149 -133.7430167597765
 142 -131.731843575419
 85 -129.7206703910614
 185 -127.7094972067039
 206 -125.6983240223464
 87 -123.6871508379888
 203 -121.6759776536313
 189 -119.6648044692737
 3 -117.6536312849162
 117 -115.6424581005587
 103 -113.6312849162011
 110 -111.6201117318436
 18 -109.608938547486
 27 -107.5977653631285
 19 -105.5865921787709
 10 -103.5754189944134
 4 -101.5642458100559
 1 -99.55307262569832
 0 -97.54189944134077
 3 -95.53072625698323
 4 -93.5195530726257
 8283 -91.50837988826815
 14 -89.49720670391061
 1 -87.48603351955308
 1 -85.47486033519553
 0 -83.46368715083798
 2 -81.45251396648044
 6 -79.44134078212289
 5 -77.43016759776536
 44 -75.41899441340782
 23 -73.40782122905027
 51 -71.39664804469274
 120 -69.38547486033519
 69 -67.37430167597765
 85 -65.3631284916201
 53 -63.35195530726256
 258 -61.34078212290503
 165 -59.32960893854748
 232 -57.31843575418993
 86 -55.3072625698324
 76 -53.29608938547486
 223 -51.28491620111731
 47 -49.27374301675977
 101 -47.26256983240222
 0 -45.25139664804468
 280 -43.24022346368713
 2 -41.22905027932961
 170 -39.21787709497207
 311 -37.20670391061452
 443 -35.19553072625698
 94 -33.18435754189943
 55 -31.17318435754188
 146 -29.16201117318434
 9 -27.15083798882682
 60 -25.13966480446928
 667 -23.12849162011173
 132 -21.11731843575419
 48 -19.10614525139664
 9 -17.09497206703909
 34 -15.08379888268155
 178 -13.072625698324
 9 -11.06145251396646
 589 -9.050279329608941
 4 -7.039106145251395
 113 -5.02793296089385
 19 -3.016759776536304
 1 -1.005586592178759
 17 1.005586592178787
 137 3.016759776536333
 2 5.02793296089385
 577 7.039106145251395
 7 9.050279329608941
 126 11.06145251396649
 37 13.07262569832403
 13 15.08379888268158
 57 17.09497206703912
 104 19.10614525139667
 546 21.11731843575421
 45 23.12849162011173
 114 25.13966480446928
 109 27.15083798882682
 55 29.16201117318437
 246 31.17318435754191
 360 33.18435754189946
 235 35.195530726257
 169 37.20670391061452
 25 39.21787709497207
 290 41.22905027932961
 1 43.24022346368716
 81 45.2513966480447
 60 47.26256983240225
 243 49.27374301675979
 87 51.28491620111734
 205 53.29608938547489
 86 55.3072625698324
 136 57.31843575418995
 250 59.32960893854749
 63 61.34078212290504
 127 63.35195530726259
 61 65.36312849162013
 112 67.37430167597768
 42 69.38547486033519
 25 71.39664804469274
 54 73.40782122905028
 10 75.41899441340783
 7 77.43016759776538
 0 79.44134078212289
 0 81.45251396648047
 0 83.46368715083798
 3 85.47486033519556
 11 87.48603351955308
 7873 89.49720670391065
 6 91.50837988826817
 2 93.51955307262574
 0 95.53072625698326
 1 97.54189944134077
 3 99.55307262569835
 13 101.5642458100559
 27 103.5754189944134
 28 105.586592178771
 23 107.5977653631285
 108 109.608938547486
 107 111.6201117318436
 127 113.6312849162011
 2 115.6424581005587
 219 117.6536312849162
 165 119.6648044692737
 96 121.6759776536313
 192 123.6871508379888
 176 125.6983240223464
 99 127.7094972067039
 166 129.7206703910614
 174 131.731843575419
 1 133.7430167597765
 137 135.7541899441341
 172 137.7653631284916
 99 139.7765363128492
 169 141.7877094972067
 480 143.7988826815642
 134 145.8100558659218
 204 147.8212290502793
 44 149.8324022346369
 164 151.8435754189944
 65 153.854748603352
 446 155.8659217877095
 56 157.8770949720671
 117 159.8882681564246
 64 161.8994413407821
 48 163.9106145251397
 16 165.9217877094972
 129 167.9329608938548
 199 169.9441340782123
 372 171.9553072625699
 2 173.9664804469274
 144 175.9776536312849
 4 177.9888268156425
 0 180


