# Created by Octave 3.8.2, Sat Jun 20 15:01:28 2020 CEST <damian@fptrucha.inv.usc.es>
# name: hd
# type: matrix
# rows: 180
# columns: 2
 2 -180
 148 -177.9888268156425
 4 -175.9776536312849
 389 -173.9664804469274
 255 -171.9553072625698
 150 -169.9441340782123
 32 -167.9329608938548
 33 -165.9217877094972
 59 -163.9106145251397
 158 -161.8994413407821
 39 -159.8882681564246
 577 -157.877094972067
 60 -155.8659217877095
 125 -153.854748603352
 45 -151.8435754189944
 64 -149.8324022346369
 232 -147.8212290502793
 634 -145.8100558659218
 126 -143.7988826815642
 102 -141.7877094972067
 181 -139.7765363128491
 93 -137.7653631284916
 1 -135.7541899441341
 150 -133.7430167597765
 157 -131.731843575419
 81 -129.7206703910614
 171 -127.7094972067039
 222 -125.6983240223464
 108 -123.6871508379888
 190 -121.6759776536313
 197 -119.6648044692737
 3 -117.6536312849162
 98 -115.6424581005587
 100 -113.6312849162011
 105 -111.6201117318436
 11 -109.608938547486
 29 -107.5977653631285
 25 -105.5865921787709
 6 -103.5754189944134
 3 -101.5642458100559
 0 -99.55307262569832
 0 -97.54189944134077
 3 -95.53072625698323
 8 -93.5195530726257
 8241 -91.50837988826815
 14 -89.49720670391061
 2 -87.48603351955308
 1 -85.47486033519553
 0 -83.46368715083798
 1 -81.45251396648044
 2 -79.44134078212289
 3 -77.43016759776536
 42 -75.41899441340782
 30 -73.40782122905027
 47 -71.39664804469274
 115 -69.38547486033519
 82 -67.37430167597765
 99 -65.3631284916201
 42 -63.35195530726256
 307 -61.34078212290503
 159 -59.32960893854748
 221 -57.31843575418993
 110 -55.3072625698324
 93 -53.29608938547486
 210 -51.28491620111731
 55 -49.27374301675977
 122 -47.26256983240222
 0 -45.25139664804468
 289 -43.24022346368713
 3 -41.22905027932961
 144 -39.21787709497207
 329 -37.20670391061452
 488 -35.19553072625698
 125 -33.18435754189943
 77 -31.17318435754188
 133 -29.16201117318434
 7 -27.15083798882682
 55 -25.13966480446928
 712 -23.12849162011173
 160 -21.11731843575419
 43 -19.10614525139664
 14 -17.09497206703909
 42 -15.08379888268155
 196 -13.072625698324
 7 -11.06145251396646
 593 -9.050279329608941
 1 -7.039106145251395
 125 -5.02793296089385
 25 -3.016759776536304
 0 -1.005586592178759
 20 1.005586592178787
 116 3.016759776536333
 2 5.02793296089385
 581 7.039106145251395
 10 9.050279329608941
 124 11.06145251396649
 50 13.07262569832403
 9 15.08379888268158
 51 17.09497206703912
 94 19.10614525139667
 520 21.11731843575421
 43 23.12849162011173
 111 25.13966480446928
 99 27.15083798882682
 73 29.16201117318437
 215 31.17318435754191
 326 33.18435754189946
 256 35.195530726257
 155 37.20670391061452
 36 39.21787709497207
 303 41.22905027932961
 0 43.24022346368716
 109 45.2513966480447
 78 47.26256983240225
 239 49.27374301675979
 72 51.28491620111734
 177 53.29608938547489
 73 55.3072625698324
 149 57.31843575418995
 261 59.32960893854749
 76 61.34078212290504
 138 63.35195530726259
 76 65.36312849162013
 100 67.37430167597768
 62 69.38547486033519
 36 71.39664804469274
 53 73.40782122905028
 8 75.41899441340783
 5 77.43016759776538
 3 79.44134078212289
 0 81.45251396648047
 1 83.46368715083798
 5 85.47486033519556
 13 87.48603351955308
 8105 89.49720670391065
 3 91.50837988826817
 1 93.51955307262574
 1 95.53072625698326
 0 97.54189944134077
 7 99.55307262569835
 9 101.5642458100559
 27 103.5754189944134
 37 105.586592178771
 19 107.5977653631285
 122 109.608938547486
 134 111.6201117318436
 134 113.6312849162011
 3 115.6424581005587
 230 117.6536312849162
 166 119.6648044692737
 93 121.6759776536313
 165 123.6871508379888
 182 125.6983240223464
 80 127.7094972067039
 155 129.7206703910614
 196 131.731843575419
 3 133.7430167597765
 112 135.7541899441341
 187 137.7653631284916
 89 139.7765363128492
 190 141.7877094972067
 457 143.7988826815642
 123 145.8100558659218
 243 147.8212290502793
 38 149.8324022346369
 155 151.8435754189944
 57 153.854748603352
 523 155.8659217877095
 43 157.8770949720671
 129 159.8882681564246
 75 161.8994413407821
 44 163.9106145251397
 18 165.9217877094972
 134 167.9329608938548
 239 169.9441340782123
 381 171.9553072625699
 5 173.9664804469274
 164 175.9776536312849
 0 177.9888268156425
 0 180


