# Created by Octave 3.8.2, Mon Jun 22 23:38:49 2020 CEST <damian@fptrucha.inv.usc.es>
# name: hd
# type: matrix
# rows: 180
# columns: 2
 1 -180
 150 -177.9888268156425
 6 -175.9776536312849
 377 -173.9664804469274
 230 -171.9553072625698
 164 -169.9441340782123
 31 -167.9329608938548
 34 -165.9217877094972
 68 -163.9106145251397
 143 -161.8994413407821
 42 -159.8882681564246
 618 -157.877094972067
 71 -155.8659217877095
 151 -153.854748603352
 55 -151.8435754189944
 79 -149.8324022346369
 254 -147.8212290502793
 686 -145.8100558659218
 137 -143.7988826815642
 96 -141.7877094972067
 192 -139.7765363128491
 113 -137.7653631284916
 3 -135.7541899441341
 176 -133.7430167597765
 172 -131.731843575419
 79 -129.7206703910614
 216 -127.7094972067039
 256 -125.6983240223464
 94 -123.6871508379888
 195 -121.6759776536313
 220 -119.6648044692737
 5 -117.6536312849162
 105 -115.6424581005587
 117 -113.6312849162011
 124 -111.6201117318436
 21 -109.608938547486
 45 -107.5977653631285
 29 -105.5865921787709
 15 -103.5754189944134
 3 -101.5642458100559
 0 -99.55307262569832
 2 -97.54189944134077
 4 -95.53072625698323
 6 -93.5195530726257
 8513 -91.50837988826815
 15 -89.49720670391061
 4 -87.48603351955308
 0 -85.47486033519553
 1 -83.46368715083798
 2 -81.45251396648044
 7 -79.44134078212289
 5 -77.43016759776536
 65 -75.41899441340782
 31 -73.40782122905027
 56 -71.39664804469274
 143 -69.38547486033519
 89 -67.37430167597765
 104 -65.3631284916201
 61 -63.35195530726256
 282 -61.34078212290503
 162 -59.32960893854748
 239 -57.31843575418993
 109 -55.3072625698324
 99 -53.29608938547486
 241 -51.28491620111731
 68 -49.27374301675977
 129 -47.26256983240222
 0 -45.25139664804468
 314 -43.24022346368713
 4 -41.22905027932961
 177 -39.21787709497207
 305 -37.20670391061452
 467 -35.19553072625698
 135 -33.18435754189943
 73 -31.17318435754188
 172 -29.16201117318434
 8 -27.15083798882682
 56 -25.13966480446928
 623 -23.12849162011173
 157 -21.11731843575419
 66 -19.10614525139664
 16 -17.09497206703909
 50 -15.08379888268155
 159 -13.072625698324
 7 -11.06145251396646
 575 -9.050279329608941
 2 -7.039106145251395
 134 -5.02793296089385
 12 -3.016759776536304
 3 -1.005586592178759
 21 1.005586592178787
 123 3.016759776536333
 2 5.02793296089385
 588 7.039106145251395
 6 9.050279329608941
 133 11.06145251396649
 44 13.07262569832403
 18 15.08379888268158
 53 17.09497206703912
 127 19.10614525139667
 555 21.11731843575421
 70 23.12849162011173
 67 25.13966480446928
 120 27.15083798882682
 65 29.16201117318437
 210 31.17318435754191
 353 33.18435754189946
 291 35.195530726257
 178 37.20670391061452
 39 39.21787709497207
 299 41.22905027932961
 2 43.24022346368716
 131 45.2513966480447
 66 47.26256983240225
 254 49.27374301675979
 70 51.28491620111734
 223 53.29608938547489
 66 55.3072625698324
 171 57.31843575418995
 303 59.32960893854749
 61 61.34078212290504
 126 63.35195530726259
 92 65.36312849162013
 131 67.37430167597768
 49 69.38547486033519
 27 71.39664804469274
 52 73.40782122905028
 9 75.41899441340783
 14 77.43016759776538
 3 79.44134078212289
 1 81.45251396648047
 1 83.46368715083798
 5 85.47486033519556
 22 87.48603351955308
 7989 89.49720670391065
 12 91.50837988826817
 7 93.51955307262574
 5 95.53072625698326
 1 97.54189944134077
 3 99.55307262569835
 21 101.5642458100559
 24 103.5754189944134
 40 105.586592178771
 24 107.5977653631285
 122 109.608938547486
 128 111.6201117318436
 146 113.6312849162011
 2 115.6424581005587
 219 117.6536312849162
 192 119.6648044692737
 103 121.6759776536313
 201 123.6871508379888
 201 125.6983240223464
 68 127.7094972067039
 191 129.7206703910614
 195 131.731843575419
 2 133.7430167597765
 148 135.7541899441341
 202 137.7653631284916
 96 139.7765363128492
 149 141.7877094972067
 529 143.7988826815642
 107 145.8100558659218
 202 147.8212290502793
 47 149.8324022346369
 131 151.8435754189944
 75 153.854748603352
 535 155.8659217877095
 52 157.8770949720671
 162 159.8882681564246
 68 161.8994413407821
 60 163.9106145251397
 21 165.9217877094972
 126 167.9329608938548
 244 169.9441340782123
 350 171.9553072625699
 3 173.9664804469274
 167 175.9776536312849
 6 177.9888268156425
 0 180


