# Created by Octave 3.8.2, Mon Jun 22 04:35:28 2020 CEST <damian@fptrucha.inv.usc.es>
# name: hd
# type: matrix
# rows: 180
# columns: 2
 1 -180
 164 -177.9888268156425
 2 -175.9776536312849
 327 -173.9664804469274
 212 -171.9553072625698
 138 -169.9441340782123
 42 -167.9329608938548
 46 -165.9217877094972
 55 -163.9106145251397
 124 -161.8994413407821
 44 -159.8882681564246
 476 -157.877094972067
 75 -155.8659217877095
 121 -153.854748603352
 41 -151.8435754189944
 72 -149.8324022346369
 202 -147.8212290502793
 529 -145.8100558659218
 112 -143.7988826815642
 75 -141.7877094972067
 160 -139.7765363128491
 113 -137.7653631284916
 3 -135.7541899441341
 174 -133.7430167597765
 148 -131.731843575419
 88 -129.7206703910614
 149 -127.7094972067039
 178 -125.6983240223464
 100 -123.6871508379888
 182 -121.6759776536313
 163 -119.6648044692737
 4 -117.6536312849162
 108 -115.6424581005587
 134 -113.6312849162011
 96 -111.6201117318436
 24 -109.608938547486
 52 -107.5977653631285
 25 -105.5865921787709
 20 -103.5754189944134
 4 -101.5642458100559
 0 -99.55307262569832
 0 -97.54189944134077
 3 -95.53072625698323
 12 -93.5195530726257
 7234 -91.50837988826815
 8 -89.49720670391061
 6 -87.48603351955308
 0 -85.47486033519553
 0 -83.46368715083798
 3 -81.45251396648044
 12 -79.44134078212289
 11 -77.43016759776536
 73 -75.41899441340782
 31 -73.40782122905027
 59 -71.39664804469274
 118 -69.38547486033519
 74 -67.37430167597765
 131 -65.3631284916201
 47 -63.35195530726256
 239 -61.34078212290503
 148 -59.32960893854748
 158 -57.31843575418993
 86 -55.3072625698324
 73 -53.29608938547486
 190 -51.28491620111731
 56 -49.27374301675977
 119 -47.26256983240222
 1 -45.25139664804468
 274 -43.24022346368713
 4 -41.22905027932961
 120 -39.21787709497207
 278 -37.20670391061452
 384 -35.19553072625698
 98 -33.18435754189943
 67 -31.17318435754188
 135 -29.16201117318434
 9 -27.15083798882682
 62 -25.13966480446928
 494 -23.12849162011173
 115 -21.11731843575419
 49 -19.10614525139664
 13 -17.09497206703909
 39 -15.08379888268155
 169 -13.072625698324
 9 -11.06145251396646
 508 -9.050279329608941
 3 -7.039106145251395
 121 -5.02793296089385
 15 -3.016759776536304
 6 -1.005586592178759
 16 1.005586592178787
 134 3.016759776536333
 3 5.02793296089385
 507 7.039106145251395
 13 9.050279329608941
 148 11.06145251396649
 62 13.07262569832403
 16 15.08379888268158
 59 17.09497206703912
 124 19.10614525139667
 471 21.11731843575421
 49 23.12849162011173
 87 25.13966480446928
 85 27.15083798882682
 61 29.16201117318437
 199 31.17318435754191
 280 33.18435754189946
 240 35.195530726257
 121 37.20670391061452
 31 39.21787709497207
 270 41.22905027932961
 0 43.24022346368716
 104 45.2513966480447
 53 47.26256983240225
 194 49.27374301675979
 75 51.28491620111734
 179 53.29608938547489
 80 55.3072625698324
 135 57.31843575418995
 204 59.32960893854749
 65 61.34078212290504
 109 63.35195530726259
 71 65.36312849162013
 101 67.37430167597768
 40 69.38547486033519
 22 71.39664804469274
 56 73.40782122905028
 10 75.41899441340783
 8 77.43016759776538
 1 79.44134078212289
 1 81.45251396648047
 2 83.46368715083798
 9 85.47486033519556
 24 87.48603351955308
 6598 89.49720670391065
 8 91.50837988826817
 1 93.51955307262574
 0 95.53072625698326
 0 97.54189944134077
 5 99.55307262569835
 14 101.5642458100559
 19 103.5754189944134
 43 105.586592178771
 21 107.5977653631285
 107 109.608938547486
 115 111.6201117318436
 130 113.6312849162011
 3 115.6424581005587
 189 117.6536312849162
 139 119.6648044692737
 78 121.6759776536313
 150 123.6871508379888
 165 125.6983240223464
 83 127.7094972067039
 162 129.7206703910614
 176 131.731843575419
 1 133.7430167597765
 100 135.7541899441341
 154 137.7653631284916
 88 139.7765363128492
 124 141.7877094972067
 425 143.7988826815642
 104 145.8100558659218
 182 147.8212290502793
 50 149.8324022346369
 142 151.8435754189944
 62 153.854748603352
 466 155.8659217877095
 56 157.8770949720671
 134 159.8882681564246
 67 161.8994413407821
 47 163.9106145251397
 22 165.9217877094972
 124 167.9329608938548
 180 169.9441340782123
 291 171.9553072625699
 8 173.9664804469274
 166 175.9776536312849
 7 177.9888268156425
 0 180


