# Created by Octave 3.8.2, Sun Jun 21 07:51:36 2020 CEST <damian@fptrucha.inv.usc.es>
# name: hd
# type: matrix
# rows: 180
# columns: 2
 1 -180
 168 -177.9888268156425
 3 -175.9776536312849
 347 -173.9664804469274
 224 -171.9553072625698
 162 -169.9441340782123
 29 -167.9329608938548
 39 -165.9217877094972
 48 -163.9106145251397
 143 -161.8994413407821
 33 -159.8882681564246
 606 -157.877094972067
 53 -155.8659217877095
 131 -153.854748603352
 46 -151.8435754189944
 67 -149.8324022346369
 189 -147.8212290502793
 627 -145.8100558659218
 122 -143.7988826815642
 101 -141.7877094972067
 163 -139.7765363128491
 97 -137.7653631284916
 3 -135.7541899441341
 164 -133.7430167597765
 163 -131.731843575419
 80 -129.7206703910614
 169 -127.7094972067039
 236 -125.6983240223464
 95 -123.6871508379888
 183 -121.6759776536313
 168 -119.6648044692737
 0 -117.6536312849162
 91 -115.6424581005587
 118 -113.6312849162011
 114 -111.6201117318436
 17 -109.608938547486
 30 -107.5977653631285
 36 -105.5865921787709
 10 -103.5754189944134
 4 -101.5642458100559
 0 -99.55307262569832
 2 -97.54189944134077
 2 -95.53072625698323
 9 -93.5195530726257
 8019 -91.50837988826815
 11 -89.49720670391061
 4 -87.48603351955308
 0 -85.47486033519553
 0 -83.46368715083798
 0 -81.45251396648044
 7 -79.44134078212289
 7 -77.43016759776536
 40 -75.41899441340782
 29 -73.40782122905027
 53 -71.39664804469274
 118 -69.38547486033519
 72 -67.37430167597765
 83 -65.3631284916201
 40 -63.35195530726256
 258 -61.34078212290503
 167 -59.32960893854748
 224 -57.31843575418993
 83 -55.3072625698324
 78 -53.29608938547486
 222 -51.28491620111731
 45 -49.27374301675977
 93 -47.26256983240222
 1 -45.25139664804468
 288 -43.24022346368713
 3 -41.22905027932961
 144 -39.21787709497207
 332 -37.20670391061452
 467 -35.19553072625698
 108 -33.18435754189943
 64 -31.17318435754188
 131 -29.16201117318434
 5 -27.15083798882682
 54 -25.13966480446928
 656 -23.12849162011173
 125 -21.11731843575419
 30 -19.10614525139664
 9 -17.09497206703909
 46 -15.08379888268155
 149 -13.072625698324
 10 -11.06145251396646
 563 -9.050279329608941
 2 -7.039106145251395
 132 -5.02793296089385
 20 -3.016759776536304
 1 -1.005586592178759
 18 1.005586592178787
 138 3.016759776536333
 2 5.02793296089385
 530 7.039106145251395
 12 9.050279329608941
 113 11.06145251396649
 50 13.07262569832403
 11 15.08379888268158
 76 17.09497206703912
 96 19.10614525139667
 528 21.11731843575421
 55 23.12849162011173
 101 25.13966480446928
 89 27.15083798882682
 63 29.16201117318437
 225 31.17318435754191
 276 33.18435754189946
 231 35.195530726257
 176 37.20670391061452
 40 39.21787709497207
 277 41.22905027932961
 1 43.24022346368716
 114 45.2513966480447
 55 47.26256983240225
 203 49.27374301675979
 90 51.28491620111734
 167 53.29608938547489
 62 55.3072625698324
 122 57.31843575418995
 234 59.32960893854749
 67 61.34078212290504
 120 63.35195530726259
 62 65.36312849162013
 109 67.37430167597768
 41 69.38547486033519
 32 71.39664804469274
 48 73.40782122905028
 10 75.41899441340783
 9 77.43016759776538
 2 79.44134078212289
 0 81.45251396648047
 0 83.46368715083798
 4 85.47486033519556
 11 87.48603351955308
 7514 89.49720670391065
 2 91.50837988826817
 2 93.51955307262574
 0 95.53072625698326
 1 97.54189944134077
 1 99.55307262569835
 12 101.5642458100559
 21 103.5754189944134
 35 105.586592178771
 17 107.5977653631285
 104 109.608938547486
 106 111.6201117318436
 98 113.6312849162011
 4 115.6424581005587
 201 117.6536312849162
 138 119.6648044692737
 91 121.6759776536313
 152 123.6871508379888
 171 125.6983240223464
 74 127.7094972067039
 172 129.7206703910614
 175 131.731843575419
 2 133.7430167597765
 118 135.7541899441341
 171 137.7653631284916
 117 139.7765363128492
 125 141.7877094972067
 473 143.7988826815642
 103 145.8100558659218
 191 147.8212290502793
 34 149.8324022346369
 145 151.8435754189944
 57 153.854748603352
 463 155.8659217877095
 38 157.8770949720671
 120 159.8882681564246
 68 161.8994413407821
 47 163.9106145251397
 11 165.9217877094972
 141 167.9329608938548
 225 169.9441340782123
 293 171.9553072625699
 2 173.9664804469274
 158 175.9776536312849
 2 177.9888268156425
 0 180


