# Created by Octave 3.8.2, Sat Jun 20 12:09:07 2020 CEST <damian@fptrucha.inv.usc.es>
# name: hd
# type: matrix
# rows: 180
# columns: 2
 5 -180
 185 -177.9888268156425
 4 -175.9776536312849
 382 -173.9664804469274
 254 -171.9553072625698
 185 -169.9441340782123
 36 -167.9329608938548
 49 -165.9217877094972
 59 -163.9106145251397
 175 -161.8994413407821
 47 -159.8882681564246
 677 -157.877094972067
 64 -155.8659217877095
 137 -153.854748603352
 45 -151.8435754189944
 83 -149.8324022346369
 258 -147.8212290502793
 680 -145.8100558659218
 134 -143.7988826815642
 96 -141.7877094972067
 160 -139.7765363128491
 125 -137.7653631284916
 2 -135.7541899441341
 165 -133.7430167597765
 164 -131.731843575419
 74 -129.7206703910614
 198 -127.7094972067039
 222 -125.6983240223464
 92 -123.6871508379888
 222 -121.6759776536313
 208 -119.6648044692737
 3 -117.6536312849162
 114 -115.6424581005587
 127 -113.6312849162011
 109 -111.6201117318436
 14 -109.608938547486
 29 -107.5977653631285
 18 -105.5865921787709
 15 -103.5754189944134
 1 -101.5642458100559
 1 -99.55307262569832
 0 -97.54189944134077
 0 -95.53072625698323
 2 -93.5195530726257
 8729 -91.50837988826815
 10 -89.49720670391061
 6 -87.48603351955308
 3 -85.47486033519553
 0 -83.46368715083798
 1 -81.45251396648044
 4 -79.44134078212289
 2 -77.43016759776536
 54 -75.41899441340782
 21 -73.40782122905027
 57 -71.39664804469274
 126 -69.38547486033519
 72 -67.37430167597765
 110 -65.3631284916201
 43 -63.35195530726256
 295 -61.34078212290503
 160 -59.32960893854748
 243 -57.31843575418993
 96 -55.3072625698324
 79 -53.29608938547486
 220 -51.28491620111731
 62 -49.27374301675977
 124 -47.26256983240222
 0 -45.25139664804468
 296 -43.24022346368713
 2 -41.22905027932961
 173 -39.21787709497207
 334 -37.20670391061452
 483 -35.19553072625698
 109 -33.18435754189943
 73 -31.17318435754188
 136 -29.16201117318434
 14 -27.15083798882682
 59 -25.13966480446928
 636 -23.12849162011173
 146 -21.11731843575419
 38 -19.10614525139664
 20 -17.09497206703909
 38 -15.08379888268155
 186 -13.072625698324
 9 -11.06145251396646
 628 -9.050279329608941
 0 -7.039106145251395
 146 -5.02793296089385
 20 -3.016759776536304
 1 -1.005586592178759
 23 1.005586592178787
 144 3.016759776536333
 1 5.02793296089385
 607 7.039106145251395
 9 9.050279329608941
 156 11.06145251396649
 44 13.07262569832403
 11 15.08379888268158
 57 17.09497206703912
 140 19.10614525139667
 555 21.11731843575421
 60 23.12849162011173
 106 25.13966480446928
 110 27.15083798882682
 54 29.16201117318437
 268 31.17318435754191
 345 33.18435754189946
 245 35.195530726257
 179 37.20670391061452
 33 39.21787709497207
 296 41.22905027932961
 3 43.24022346368716
 144 45.2513966480447
 63 47.26256983240225
 257 49.27374301675979
 83 51.28491620111734
 186 53.29608938547489
 100 55.3072625698324
 157 57.31843575418995
 286 59.32960893854749
 64 61.34078212290504
 148 63.35195530726259
 74 65.36312849162013
 126 67.37430167597768
 50 69.38547486033519
 40 71.39664804469274
 54 73.40782122905028
 8 75.41899441340783
 15 77.43016759776538
 0 79.44134078212289
 0 81.45251396648047
 1 83.46368715083798
 4 85.47486033519556
 8 87.48603351955308
 8349 89.49720670391065
 6 91.50837988826817
 0 93.51955307262574
 0 95.53072625698326
 0 97.54189944134077
 3 99.55307262569835
 15 101.5642458100559
 24 103.5754189944134
 44 105.586592178771
 23 107.5977653631285
 126 109.608938547486
 129 111.6201117318436
 155 113.6312849162011
 2 115.6424581005587
 250 117.6536312849162
 178 119.6648044692737
 112 121.6759776536313
 153 123.6871508379888
 201 125.6983240223464
 111 127.7094972067039
 171 129.7206703910614
 196 131.731843575419
 6 133.7430167597765
 144 135.7541899441341
 181 137.7653631284916
 105 139.7765363128492
 176 141.7877094972067
 509 143.7988826815642
 133 145.8100558659218
 209 147.8212290502793
 47 149.8324022346369
 191 151.8435754189944
 70 153.854748603352
 500 155.8659217877095
 42 157.8770949720671
 140 159.8882681564246
 82 161.8994413407821
 57 163.9106145251397
 29 165.9217877094972
 115 167.9329608938548
 226 169.9441340782123
 375 171.9553072625699
 1 173.9664804469274
 192 175.9776536312849
 3 177.9888268156425
 0 180


