# Created by Octave 3.8.2, Sat Jun 20 03:46:40 2020 CEST <damian@fptrucha.inv.usc.es>
# name: hd
# type: matrix
# rows: 180
# columns: 2
 6 -180
 160 -177.9888268156425
 3 -175.9776536312849
 394 -173.9664804469274
 238 -171.9553072625698
 165 -169.9441340782123
 41 -167.9329608938548
 43 -165.9217877094972
 63 -163.9106145251397
 166 -161.8994413407821
 54 -159.8882681564246
 682 -157.877094972067
 90 -155.8659217877095
 121 -153.854748603352
 45 -151.8435754189944
 80 -149.8324022346369
 251 -147.8212290502793
 686 -145.8100558659218
 148 -143.7988826815642
 106 -141.7877094972067
 215 -139.7765363128491
 119 -137.7653631284916
 1 -135.7541899441341
 185 -133.7430167597765
 207 -131.731843575419
 94 -129.7206703910614
 218 -127.7094972067039
 245 -125.6983240223464
 112 -123.6871508379888
 236 -121.6759776536313
 240 -119.6648044692737
 7 -117.6536312849162
 135 -115.6424581005587
 153 -113.6312849162011
 151 -111.6201117318436
 19 -109.608938547486
 40 -107.5977653631285
 35 -105.5865921787709
 19 -103.5754189944134
 1 -101.5642458100559
 0 -99.55307262569832
 2 -97.54189944134077
 4 -95.53072625698323
 5 -93.5195530726257
 9117 -91.50837988826815
 15 -89.49720670391061
 4 -87.48603351955308
 3 -85.47486033519553
 1 -83.46368715083798
 5 -81.45251396648044
 7 -79.44134078212289
 7 -77.43016759776536
 48 -75.41899441340782
 23 -73.40782122905027
 58 -71.39664804469274
 150 -69.38547486033519
 86 -67.37430167597765
 111 -65.3631284916201
 52 -63.35195530726256
 300 -61.34078212290503
 166 -59.32960893854748
 248 -57.31843575418993
 96 -55.3072625698324
 80 -53.29608938547486
 263 -51.28491620111731
 68 -49.27374301675977
 116 -47.26256983240222
 4 -45.25139664804468
 304 -43.24022346368713
 7 -41.22905027932961
 190 -39.21787709497207
 332 -37.20670391061452
 450 -35.19553072625698
 119 -33.18435754189943
 66 -31.17318435754188
 206 -29.16201117318434
 20 -27.15083798882682
 56 -25.13966480446928
 716 -23.12849162011173
 139 -21.11731843575419
 59 -19.10614525139664
 8 -17.09497206703909
 44 -15.08379888268155
 151 -13.072625698324
 5 -11.06145251396646
 623 -9.050279329608941
 4 -7.039106145251395
 117 -5.02793296089385
 17 -3.016759776536304
 2 -1.005586592178759
 21 1.005586592178787
 143 3.016759776536333
 1 5.02793296089385
 584 7.039106145251395
 9 9.050279329608941
 162 11.06145251396649
 42 13.07262569832403
 5 15.08379888268158
 61 17.09497206703912
 121 19.10614525139667
 572 21.11731843575421
 53 23.12849162011173
 92 25.13966480446928
 101 27.15083798882682
 46 29.16201117318437
 245 31.17318435754191
 305 33.18435754189946
 264 35.195530726257
 163 37.20670391061452
 27 39.21787709497207
 279 41.22905027932961
 1 43.24022346368716
 103 45.2513966480447
 49 47.26256983240225
 234 49.27374301675979
 91 51.28491620111734
 203 53.29608938547489
 66 55.3072625698324
 148 57.31843575418995
 251 59.32960893854749
 60 61.34078212290504
 113 63.35195530726259
 63 65.36312849162013
 85 67.37430167597768
 35 69.38547486033519
 24 71.39664804469274
 45 73.40782122905028
 4 75.41899441340783
 4 77.43016759776538
 3 79.44134078212289
 0 81.45251396648047
 0 83.46368715083798
 3 85.47486033519556
 13 87.48603351955308
 8101 89.49720670391065
 10 91.50837988826817
 5 93.51955307262574
 1 95.53072625698326
 1 97.54189944134077
 2 99.55307262569835
 12 101.5642458100559
 28 103.5754189944134
 41 105.586592178771
 9 107.5977653631285
 99 109.608938547486
 124 111.6201117318436
 95 113.6312849162011
 5 115.6424581005587
 194 117.6536312849162
 153 119.6648044692737
 79 121.6759776536313
 193 123.6871508379888
 168 125.6983240223464
 63 127.7094972067039
 154 129.7206703910614
 177 131.731843575419
 1 133.7430167597765
 109 135.7541899441341
 191 137.7653631284916
 107 139.7765363128492
 140 141.7877094972067
 511 143.7988826815642
 107 145.8100558659218
 198 147.8212290502793
 44 149.8324022346369
 161 151.8435754189944
 68 153.854748603352
 570 155.8659217877095
 52 157.8770949720671
 162 159.8882681564246
 77 161.8994413407821
 57 163.9106145251397
 14 165.9217877094972
 143 167.9329608938548
 273 169.9441340782123
 356 171.9553072625699
 1 173.9664804469274
 205 175.9776536312849
 4 177.9888268156425
 0 180


