# Created by Octave 3.8.2, Mon Jun 22 16:03:51 2020 CEST <damian@fptrucha.inv.usc.es>
# name: hd
# type: matrix
# rows: 180
# columns: 2
 5 -180
 175 -177.9888268156425
 5 -175.9776536312849
 372 -173.9664804469274
 262 -171.9553072625698
 138 -169.9441340782123
 41 -167.9329608938548
 52 -165.9217877094972
 59 -163.9106145251397
 157 -161.8994413407821
 51 -159.8882681564246
 563 -157.877094972067
 56 -155.8659217877095
 118 -153.854748603352
 49 -151.8435754189944
 82 -149.8324022346369
 226 -147.8212290502793
 588 -145.8100558659218
 136 -143.7988826815642
 95 -141.7877094972067
 175 -139.7765363128491
 109 -137.7653631284916
 9 -135.7541899441341
 164 -133.7430167597765
 187 -131.731843575419
 85 -129.7206703910614
 166 -127.7094972067039
 205 -125.6983240223464
 108 -123.6871508379888
 179 -121.6759776536313
 178 -119.6648044692737
 4 -117.6536312849162
 108 -115.6424581005587
 142 -113.6312849162011
 151 -111.6201117318436
 16 -109.608938547486
 43 -107.5977653631285
 20 -105.5865921787709
 14 -103.5754189944134
 2 -101.5642458100559
 1 -99.55307262569832
 1 -97.54189944134077
 2 -95.53072625698323
 10 -93.5195530726257
 8109 -91.50837988826815
 26 -89.49720670391061
 3 -87.48603351955308
 3 -85.47486033519553
 0 -83.46368715083798
 5 -81.45251396648044
 6 -79.44134078212289
 4 -77.43016759776536
 66 -75.41899441340782
 33 -73.40782122905027
 54 -71.39664804469274
 135 -69.38547486033519
 68 -67.37430167597765
 110 -65.3631284916201
 53 -63.35195530726256
 256 -61.34078212290503
 138 -59.32960893854748
 208 -57.31843575418993
 95 -55.3072625698324
 92 -53.29608938547486
 241 -51.28491620111731
 68 -49.27374301675977
 113 -47.26256983240222
 6 -45.25139664804468
 264 -43.24022346368713
 2 -41.22905027932961
 190 -39.21787709497207
 289 -37.20670391061452
 476 -35.19553072625698
 115 -33.18435754189943
 70 -31.17318435754188
 158 -29.16201117318434
 11 -27.15083798882682
 68 -25.13966480446928
 621 -23.12849162011173
 154 -21.11731843575419
 48 -19.10614525139664
 15 -17.09497206703909
 46 -15.08379888268155
 177 -13.072625698324
 8 -11.06145251396646
 605 -9.050279329608941
 2 -7.039106145251395
 138 -5.02793296089385
 25 -3.016759776536304
 3 -1.005586592178759
 26 1.005586592178787
 138 3.016759776536333
 4 5.02793296089385
 551 7.039106145251395
 8 9.050279329608941
 144 11.06145251396649
 46 13.07262569832403
 18 15.08379888268158
 58 17.09497206703912
 130 19.10614525139667
 538 21.11731843575421
 62 23.12849162011173
 85 25.13966480446928
 102 27.15083798882682
 55 29.16201117318437
 216 31.17318435754191
 358 33.18435754189946
 293 35.195530726257
 139 37.20670391061452
 42 39.21787709497207
 301 41.22905027932961
 2 43.24022346368716
 122 45.2513966480447
 76 47.26256983240225
 244 49.27374301675979
 98 51.28491620111734
 215 53.29608938547489
 89 55.3072625698324
 150 57.31843575418995
 292 59.32960893854749
 69 61.34078212290504
 137 63.35195530726259
 93 65.36312849162013
 117 67.37430167597768
 50 69.38547486033519
 47 71.39664804469274
 57 73.40782122905028
 12 75.41899441340783
 13 77.43016759776538
 3 79.44134078212289
 0 81.45251396648047
 2 83.46368715083798
 6 85.47486033519556
 18 87.48603351955308
 7827 89.49720670391065
 4 91.50837988826817
 4 93.51955307262574
 1 95.53072625698326
 1 97.54189944134077
 8 99.55307262569835
 17 101.5642458100559
 33 103.5754189944134
 46 105.586592178771
 23 107.5977653631285
 123 109.608938547486
 116 111.6201117318436
 122 113.6312849162011
 2 115.6424581005587
 229 117.6536312849162
 199 119.6648044692737
 103 121.6759776536313
 194 123.6871508379888
 174 125.6983240223464
 72 127.7094972067039
 193 129.7206703910614
 223 131.731843575419
 1 133.7430167597765
 135 135.7541899441341
 179 137.7653631284916
 105 139.7765363128492
 138 141.7877094972067
 501 143.7988826815642
 108 145.8100558659218
 184 147.8212290502793
 39 149.8324022346369
 143 151.8435754189944
 75 153.854748603352
 513 155.8659217877095
 52 157.8770949720671
 122 159.8882681564246
 78 161.8994413407821
 60 163.9106145251397
 17 165.9217877094972
 155 167.9329608938548
 242 169.9441340782123
 351 171.9553072625699
 3 173.9664804469274
 166 175.9776536312849
 10 177.9888268156425
 0 180


