# Created by Octave 3.8.2, Mon Jun 22 02:48:05 2020 CEST <damian@fptrucha.inv.usc.es>
# name: hd
# type: matrix
# rows: 180
# columns: 2
 3 -180
 158 -177.9888268156425
 3 -175.9776536312849
 365 -173.9664804469274
 223 -171.9553072625698
 130 -169.9441340782123
 38 -167.9329608938548
 47 -165.9217877094972
 52 -163.9106145251397
 153 -161.8994413407821
 48 -159.8882681564246
 491 -157.877094972067
 79 -155.8659217877095
 117 -153.854748603352
 40 -151.8435754189944
 74 -149.8324022346369
 239 -147.8212290502793
 549 -145.8100558659218
 109 -143.7988826815642
 70 -141.7877094972067
 168 -139.7765363128491
 107 -137.7653631284916
 4 -135.7541899441341
 175 -133.7430167597765
 143 -131.731843575419
 92 -129.7206703910614
 164 -127.7094972067039
 202 -125.6983240223464
 112 -123.6871508379888
 158 -121.6759776536313
 208 -119.6648044692737
 5 -117.6536312849162
 126 -115.6424581005587
 125 -113.6312849162011
 106 -111.6201117318436
 15 -109.608938547486
 34 -107.5977653631285
 19 -105.5865921787709
 11 -103.5754189944134
 2 -101.5642458100559
 2 -99.55307262569832
 0 -97.54189944134077
 2 -95.53072625698323
 10 -93.5195530726257
 7320 -91.50837988826815
 19 -89.49720670391061
 7 -87.48603351955308
 1 -85.47486033519553
 1 -83.46368715083798
 1 -81.45251396648044
 6 -79.44134078212289
 3 -77.43016759776536
 48 -75.41899441340782
 22 -73.40782122905027
 39 -71.39664804469274
 103 -69.38547486033519
 73 -67.37430167597765
 85 -65.3631284916201
 52 -63.35195530726256
 275 -61.34078212290503
 150 -59.32960893854748
 165 -57.31843575418993
 105 -55.3072625698324
 73 -53.29608938547486
 223 -51.28491620111731
 48 -49.27374301675977
 108 -47.26256983240222
 6 -45.25139664804468
 295 -43.24022346368713
 8 -41.22905027932961
 156 -39.21787709497207
 245 -37.20670391061452
 401 -35.19553072625698
 111 -33.18435754189943
 64 -31.17318435754188
 177 -29.16201117318434
 13 -27.15083798882682
 68 -25.13966480446928
 518 -23.12849162011173
 121 -21.11731843575419
 43 -19.10614525139664
 11 -17.09497206703909
 43 -15.08379888268155
 164 -13.072625698324
 9 -11.06145251396646
 506 -9.050279329608941
 2 -7.039106145251395
 142 -5.02793296089385
 22 -3.016759776536304
 4 -1.005586592178759
 26 1.005586592178787
 115 3.016759776536333
 2 5.02793296089385
 501 7.039106145251395
 10 9.050279329608941
 146 11.06145251396649
 54 13.07262569832403
 6 15.08379888268158
 59 17.09497206703912
 120 19.10614525139667
 505 21.11731843575421
 46 23.12849162011173
 86 25.13966480446928
 109 27.15083798882682
 66 29.16201117318437
 198 31.17318435754191
 306 33.18435754189946
 221 35.195530726257
 124 37.20670391061452
 37 39.21787709497207
 268 41.22905027932961
 3 43.24022346368716
 118 45.2513966480447
 57 47.26256983240225
 226 49.27374301675979
 76 51.28491620111734
 168 53.29608938547489
 75 55.3072625698324
 128 57.31843575418995
 245 59.32960893854749
 56 61.34078212290504
 107 63.35195530726259
 82 65.36312849162013
 111 67.37430167597768
 47 69.38547486033519
 21 71.39664804469274
 54 73.40782122905028
 9 75.41899441340783
 9 77.43016759776538
 5 79.44134078212289
 1 81.45251396648047
 2 83.46368715083798
 8 85.47486033519556
 13 87.48603351955308
 7080 89.49720670391065
 13 91.50837988826817
 5 93.51955307262574
 2 95.53072625698326
 2 97.54189944134077
 4 99.55307262569835
 20 101.5642458100559
 26 103.5754189944134
 35 105.586592178771
 18 107.5977653631285
 124 109.608938547486
 101 111.6201117318436
 113 113.6312849162011
 3 115.6424581005587
 199 117.6536312849162
 175 119.6648044692737
 86 121.6759776536313
 157 123.6871508379888
 188 125.6983240223464
 87 127.7094972067039
 165 129.7206703910614
 190 131.731843575419
 5 133.7430167597765
 100 135.7541899441341
 157 137.7653631284916
 106 139.7765363128492
 124 141.7877094972067
 469 143.7988826815642
 109 145.8100558659218
 213 147.8212290502793
 51 149.8324022346369
 169 151.8435754189944
 60 153.854748603352
 456 155.8659217877095
 57 157.8770949720671
 135 159.8882681564246
 67 161.8994413407821
 43 163.9106145251397
 28 165.9217877094972
 141 167.9329608938548
 216 169.9441340782123
 318 171.9553072625699
 5 173.9664804469274
 145 175.9776536312849
 6 177.9888268156425
 0 180


