# Created by Octave 3.8.2, Sat Jun 20 23:53:41 2020 CEST <damian@fptrucha.inv.usc.es>
# name: hd
# type: matrix
# rows: 180
# columns: 2
 0 -180
 158 -177.9888268156425
 3 -175.9776536312849
 342 -173.9664804469274
 235 -171.9553072625698
 163 -169.9441340782123
 28 -167.9329608938548
 40 -165.9217877094972
 61 -163.9106145251397
 133 -161.8994413407821
 25 -159.8882681564246
 639 -157.877094972067
 60 -155.8659217877095
 125 -153.854748603352
 45 -151.8435754189944
 57 -149.8324022346369
 201 -147.8212290502793
 577 -145.8100558659218
 131 -143.7988826815642
 75 -141.7877094972067
 148 -139.7765363128491
 93 -137.7653631284916
 3 -135.7541899441341
 139 -133.7430167597765
 148 -131.731843575419
 73 -129.7206703910614
 189 -127.7094972067039
 236 -125.6983240223464
 82 -123.6871508379888
 179 -121.6759776536313
 179 -119.6648044692737
 2 -117.6536312849162
 97 -115.6424581005587
 136 -113.6312849162011
 115 -111.6201117318436
 13 -109.608938547486
 36 -107.5977653631285
 30 -105.5865921787709
 16 -103.5754189944134
 2 -101.5642458100559
 0 -99.55307262569832
 1 -97.54189944134077
 1 -95.53072625698323
 6 -93.5195530726257
 8032 -91.50837988826815
 12 -89.49720670391061
 4 -87.48603351955308
 1 -85.47486033519553
 0 -83.46368715083798
 0 -81.45251396648044
 4 -79.44134078212289
 5 -77.43016759776536
 44 -75.41899441340782
 28 -73.40782122905027
 43 -71.39664804469274
 116 -69.38547486033519
 77 -67.37430167597765
 97 -65.3631284916201
 31 -63.35195530726256
 226 -61.34078212290503
 134 -59.32960893854748
 228 -57.31843575418993
 91 -55.3072625698324
 62 -53.29608938547486
 195 -51.28491620111731
 51 -49.27374301675977
 104 -47.26256983240222
 0 -45.25139664804468
 230 -43.24022346368713
 1 -41.22905027932961
 153 -39.21787709497207
 309 -37.20670391061452
 441 -35.19553072625698
 98 -33.18435754189943
 44 -31.17318435754188
 147 -29.16201117318434
 12 -27.15083798882682
 52 -25.13966480446928
 623 -23.12849162011173
 142 -21.11731843575419
 38 -19.10614525139664
 18 -17.09497206703909
 41 -15.08379888268155
 175 -13.072625698324
 5 -11.06145251396646
 550 -9.050279329608941
 0 -7.039106145251395
 118 -5.02793296089385
 19 -3.016759776536304
 2 -1.005586592178759
 18 1.005586592178787
 117 3.016759776536333
 2 5.02793296089385
 508 7.039106145251395
 3 9.050279329608941
 133 11.06145251396649
 51 13.07262569832403
 10 15.08379888268158
 58 17.09497206703912
 132 19.10614525139667
 468 21.11731843575421
 49 23.12849162011173
 98 25.13966480446928
 111 27.15083798882682
 62 29.16201117318437
 219 31.17318435754191
 309 33.18435754189946
 232 35.195530726257
 173 37.20670391061452
 33 39.21787709497207
 278 41.22905027932961
 1 43.24022346368716
 122 45.2513966480447
 43 47.26256983240225
 206 49.27374301675979
 71 51.28491620111734
 197 53.29608938547489
 91 55.3072625698324
 155 57.31843575418995
 253 59.32960893854749
 61 61.34078212290504
 118 63.35195530726259
 86 65.36312849162013
 99 67.37430167597768
 46 69.38547486033519
 23 71.39664804469274
 48 73.40782122905028
 8 75.41899441340783
 9 77.43016759776538
 2 79.44134078212289
 1 81.45251396648047
 0 83.46368715083798
 5 85.47486033519556
 16 87.48603351955308
 7592 89.49720670391065
 3 91.50837988826817
 0 93.51955307262574
 1 95.53072625698326
 1 97.54189944134077
 3 99.55307262569835
 14 101.5642458100559
 21 103.5754189944134
 36 105.586592178771
 23 107.5977653631285
 114 109.608938547486
 114 111.6201117318436
 136 113.6312849162011
 0 115.6424581005587
 196 117.6536312849162
 142 119.6648044692737
 95 121.6759776536313
 184 123.6871508379888
 167 125.6983240223464
 89 127.7094972067039
 173 129.7206703910614
 167 131.731843575419
 1 133.7430167597765
 106 135.7541899441341
 192 137.7653631284916
 84 139.7765363128492
 117 141.7877094972067
 469 143.7988826815642
 121 145.8100558659218
 232 147.8212290502793
 33 149.8324022346369
 154 151.8435754189944
 51 153.854748603352
 414 155.8659217877095
 45 157.8770949720671
 113 159.8882681564246
 73 161.8994413407821
 68 163.9106145251397
 18 165.9217877094972
 126 167.9329608938548
 204 169.9441340782123
 319 171.9553072625699
 2 173.9664804469274
 156 175.9776536312849
 3 177.9888268156425
 0 180


