# Created by Octave 3.8.2, Sun Jun 21 04:12:18 2020 CEST <damian@fptrucha.inv.usc.es>
# name: hd
# type: matrix
# rows: 180
# columns: 2
 2 -180
 174 -177.9888268156425
 1 -175.9776536312849
 336 -173.9664804469274
 224 -171.9553072625698
 149 -169.9441340782123
 19 -167.9329608938548
 32 -165.9217877094972
 58 -163.9106145251397
 140 -161.8994413407821
 30 -159.8882681564246
 575 -157.877094972067
 66 -155.8659217877095
 114 -153.854748603352
 38 -151.8435754189944
 63 -149.8324022346369
 227 -147.8212290502793
 631 -145.8100558659218
 118 -143.7988826815642
 82 -141.7877094972067
 173 -139.7765363128491
 106 -137.7653631284916
 2 -135.7541899441341
 168 -133.7430167597765
 154 -131.731843575419
 80 -129.7206703910614
 140 -127.7094972067039
 226 -125.6983240223464
 87 -123.6871508379888
 186 -121.6759776536313
 184 -119.6648044692737
 2 -117.6536312849162
 79 -115.6424581005587
 101 -113.6312849162011
 142 -111.6201117318436
 19 -109.608938547486
 29 -107.5977653631285
 20 -105.5865921787709
 7 -103.5754189944134
 5 -101.5642458100559
 1 -99.55307262569832
 1 -97.54189944134077
 1 -95.53072625698323
 6 -93.5195530726257
 7988 -91.50837988826815
 4 -89.49720670391061
 5 -87.48603351955308
 2 -85.47486033519553
 0 -83.46368715083798
 1 -81.45251396648044
 7 -79.44134078212289
 4 -77.43016759776536
 49 -75.41899441340782
 23 -73.40782122905027
 48 -71.39664804469274
 83 -69.38547486033519
 67 -67.37430167597765
 94 -65.3631284916201
 50 -63.35195530726256
 280 -61.34078212290503
 135 -59.32960893854748
 210 -57.31843575418993
 86 -55.3072625698324
 69 -53.29608938547486
 227 -51.28491620111731
 51 -49.27374301675977
 112 -47.26256983240222
 3 -45.25139664804468
 259 -43.24022346368713
 1 -41.22905027932961
 152 -39.21787709497207
 330 -37.20670391061452
 440 -35.19553072625698
 98 -33.18435754189943
 57 -31.17318435754188
 143 -29.16201117318434
 9 -27.15083798882682
 45 -25.13966480446928
 670 -23.12849162011173
 147 -21.11731843575419
 47 -19.10614525139664
 9 -17.09497206703909
 41 -15.08379888268155
 141 -13.072625698324
 6 -11.06145251396646
 559 -9.050279329608941
 0 -7.039106145251395
 123 -5.02793296089385
 16 -3.016759776536304
 5 -1.005586592178759
 21 1.005586592178787
 124 3.016759776536333
 3 5.02793296089385
 522 7.039106145251395
 5 9.050279329608941
 133 11.06145251396649
 58 13.07262569832403
 11 15.08379888268158
 62 17.09497206703912
 104 19.10614525139667
 517 21.11731843575421
 41 23.12849162011173
 103 25.13966480446928
 95 27.15083798882682
 43 29.16201117318437
 242 31.17318435754191
 326 33.18435754189946
 227 35.195530726257
 159 37.20670391061452
 37 39.21787709497207
 277 41.22905027932961
 0 43.24022346368716
 111 45.2513966480447
 60 47.26256983240225
 178 49.27374301675979
 95 51.28491620111734
 179 53.29608938547489
 77 55.3072625698324
 141 57.31843575418995
 250 59.32960893854749
 64 61.34078212290504
 97 63.35195530726259
 78 65.36312849162013
 109 67.37430167597768
 53 69.38547486033519
 25 71.39664804469274
 44 73.40782122905028
 9 75.41899441340783
 6 77.43016759776538
 0 79.44134078212289
 0 81.45251396648047
 0 83.46368715083798
 5 85.47486033519556
 9 87.48603351955308
 7539 89.49720670391065
 1 91.50837988826817
 1 93.51955307262574
 1 95.53072625698326
 0 97.54189944134077
 4 99.55307262569835
 8 101.5642458100559
 24 103.5754189944134
 29 105.586592178771
 21 107.5977653631285
 111 109.608938547486
 92 111.6201117318436
 141 113.6312849162011
 7 115.6424581005587
 212 117.6536312849162
 153 119.6648044692737
 74 121.6759776536313
 176 123.6871508379888
 193 125.6983240223464
 85 127.7094972067039
 151 129.7206703910614
 180 131.731843575419
 1 133.7430167597765
 116 135.7541899441341
 163 137.7653631284916
 106 139.7765363128492
 141 141.7877094972067
 524 143.7988826815642
 113 145.8100558659218
 197 147.8212290502793
 34 149.8324022346369
 143 151.8435754189944
 52 153.854748603352
 435 155.8659217877095
 62 157.8770949720671
 130 159.8882681564246
 73 161.8994413407821
 47 163.9106145251397
 13 165.9217877094972
 130 167.9329608938548
 210 169.9441340782123
 327 171.9553072625699
 2 173.9664804469274
 136 175.9776536312849
 3 177.9888268156425
 0 180


