# Created by Octave 3.8.2, Mon Jun 22 09:46:29 2020 CEST <damian@fptrucha.inv.usc.es>
# name: hd
# type: matrix
# rows: 180
# columns: 2
 4 -180
 169 -177.9888268156425
 4 -175.9776536312849
 394 -173.9664804469274
 228 -171.9553072625698
 141 -169.9441340782123
 36 -167.9329608938548
 42 -165.9217877094972
 59 -163.9106145251397
 163 -161.8994413407821
 35 -159.8882681564246
 601 -157.877094972067
 64 -155.8659217877095
 118 -153.854748603352
 34 -151.8435754189944
 65 -149.8324022346369
 220 -147.8212290502793
 536 -145.8100558659218
 113 -143.7988826815642
 85 -141.7877094972067
 172 -139.7765363128491
 112 -137.7653631284916
 8 -135.7541899441341
 166 -133.7430167597765
 167 -131.731843575419
 80 -129.7206703910614
 170 -127.7094972067039
 226 -125.6983240223464
 105 -123.6871508379888
 168 -121.6759776536313
 182 -119.6648044692737
 4 -117.6536312849162
 104 -115.6424581005587
 110 -113.6312849162011
 115 -111.6201117318436
 22 -109.608938547486
 53 -107.5977653631285
 27 -105.5865921787709
 13 -103.5754189944134
 3 -101.5642458100559
 2 -99.55307262569832
 0 -97.54189944134077
 5 -95.53072625698323
 13 -93.5195530726257
 7745 -91.50837988826815
 8 -89.49720670391061
 1 -87.48603351955308
 5 -85.47486033519553
 2 -83.46368715083798
 4 -81.45251396648044
 3 -79.44134078212289
 7 -77.43016759776536
 44 -75.41899441340782
 36 -73.40782122905027
 51 -71.39664804469274
 94 -69.38547486033519
 79 -67.37430167597765
 98 -65.3631284916201
 47 -63.35195530726256
 259 -61.34078212290503
 134 -59.32960893854748
 185 -57.31843575418993
 103 -55.3072625698324
 81 -53.29608938547486
 233 -51.28491620111731
 60 -49.27374301675977
 119 -47.26256983240222
 4 -45.25139664804468
 270 -43.24022346368713
 3 -41.22905027932961
 145 -39.21787709497207
 293 -37.20670391061452
 403 -35.19553072625698
 119 -33.18435754189943
 78 -31.17318435754188
 179 -29.16201117318434
 9 -27.15083798882682
 59 -25.13966480446928
 541 -23.12849162011173
 124 -21.11731843575419
 44 -19.10614525139664
 12 -17.09497206703909
 33 -15.08379888268155
 138 -13.072625698324
 9 -11.06145251396646
 594 -9.050279329608941
 2 -7.039106145251395
 122 -5.02793296089385
 23 -3.016759776536304
 4 -1.005586592178759
 16 1.005586592178787
 129 3.016759776536333
 3 5.02793296089385
 502 7.039106145251395
 11 9.050279329608941
 126 11.06145251396649
 51 13.07262569832403
 10 15.08379888268158
 61 17.09497206703912
 134 19.10614525139667
 509 21.11731843575421
 75 23.12849162011173
 74 25.13966480446928
 92 27.15083798882682
 65 29.16201117318437
 193 31.17318435754191
 342 33.18435754189946
 217 35.195530726257
 136 37.20670391061452
 39 39.21787709497207
 270 41.22905027932961
 1 43.24022346368716
 107 45.2513966480447
 69 47.26256983240225
 216 49.27374301675979
 79 51.28491620111734
 226 53.29608938547489
 80 55.3072625698324
 148 57.31843575418995
 258 59.32960893854749
 63 61.34078212290504
 120 63.35195530726259
 69 65.36312849162013
 122 67.37430167597768
 60 69.38547486033519
 31 71.39664804469274
 53 73.40782122905028
 9 75.41899441340783
 12 77.43016759776538
 2 79.44134078212289
 2 81.45251396648047
 1 83.46368715083798
 6 85.47486033519556
 11 87.48603351955308
 7396 89.49720670391065
 11 91.50837988826817
 7 93.51955307262574
 2 95.53072625698326
 0 97.54189944134077
 7 99.55307262569835
 12 101.5642458100559
 37 103.5754189944134
 46 105.586592178771
 25 107.5977653631285
 113 109.608938547486
 125 111.6201117318436
 121 113.6312849162011
 2 115.6424581005587
 190 117.6536312849162
 166 119.6648044692737
 95 121.6759776536313
 193 123.6871508379888
 182 125.6983240223464
 87 127.7094972067039
 156 129.7206703910614
 195 131.731843575419
 0 133.7430167597765
 101 135.7541899441341
 173 137.7653631284916
 87 139.7765363128492
 154 141.7877094972067
 525 143.7988826815642
 104 145.8100558659218
 204 147.8212290502793
 40 149.8324022346369
 149 151.8435754189944
 75 153.854748603352
 518 155.8659217877095
 52 157.8770949720671
 153 159.8882681564246
 66 161.8994413407821
 45 163.9106145251397
 23 165.9217877094972
 146 167.9329608938548
 226 169.9441340782123
 341 171.9553072625699
 4 173.9664804469274
 148 175.9776536312849
 4 177.9888268156425
 0 180


