# Created by Octave 3.8.2, Mon Jun 22 01:29:07 2020 CEST <damian@fptrucha.inv.usc.es>
# name: hd
# type: matrix
# rows: 180
# columns: 2
 3 -180
 162 -177.9888268156425
 1 -175.9776536312849
 388 -173.9664804469274
 200 -171.9553072625698
 159 -169.9441340782123
 24 -167.9329608938548
 33 -165.9217877094972
 51 -163.9106145251397
 157 -161.8994413407821
 37 -159.8882681564246
 647 -157.877094972067
 54 -155.8659217877095
 121 -153.854748603352
 41 -151.8435754189944
 72 -149.8324022346369
 186 -147.8212290502793
 631 -145.8100558659218
 109 -143.7988826815642
 82 -141.7877094972067
 166 -139.7765363128491
 113 -137.7653631284916
 1 -135.7541899441341
 155 -133.7430167597765
 155 -131.731843575419
 87 -129.7206703910614
 171 -127.7094972067039
 209 -125.6983240223464
 97 -123.6871508379888
 183 -121.6759776536313
 212 -119.6648044692737
 5 -117.6536312849162
 111 -115.6424581005587
 127 -113.6312849162011
 112 -111.6201117318436
 15 -109.608938547486
 32 -107.5977653631285
 22 -105.5865921787709
 7 -103.5754189944134
 5 -101.5642458100559
 0 -99.55307262569832
 0 -97.54189944134077
 4 -95.53072625698323
 9 -93.5195530726257
 8133 -91.50837988826815
 9 -89.49720670391061
 4 -87.48603351955308
 2 -85.47486033519553
 1 -83.46368715083798
 1 -81.45251396648044
 5 -79.44134078212289
 9 -77.43016759776536
 41 -75.41899441340782
 25 -73.40782122905027
 50 -71.39664804469274
 136 -69.38547486033519
 69 -67.37430167597765
 103 -65.3631284916201
 63 -63.35195530726256
 268 -61.34078212290503
 166 -59.32960893854748
 205 -57.31843575418993
 104 -55.3072625698324
 79 -53.29608938547486
 235 -51.28491620111731
 40 -49.27374301675977
 110 -47.26256983240222
 1 -45.25139664804468
 273 -43.24022346368713
 3 -41.22905027932961
 138 -39.21787709497207
 286 -37.20670391061452
 420 -35.19553072625698
 99 -33.18435754189943
 63 -31.17318435754188
 156 -29.16201117318434
 7 -27.15083798882682
 58 -25.13966480446928
 668 -23.12849162011173
 150 -21.11731843575419
 39 -19.10614525139664
 8 -17.09497206703909
 30 -15.08379888268155
 160 -13.072625698324
 5 -11.06145251396646
 574 -9.050279329608941
 1 -7.039106145251395
 125 -5.02793296089385
 20 -3.016759776536304
 6 -1.005586592178759
 21 1.005586592178787
 130 3.016759776536333
 0 5.02793296089385
 551 7.039106145251395
 8 9.050279329608941
 123 11.06145251396649
 35 13.07262569832403
 10 15.08379888268158
 55 17.09497206703912
 136 19.10614525139667
 536 21.11731843575421
 61 23.12849162011173
 79 25.13966480446928
 118 27.15083798882682
 53 29.16201117318437
 234 31.17318435754191
 348 33.18435754189946
 261 35.195530726257
 156 37.20670391061452
 34 39.21787709497207
 285 41.22905027932961
 4 43.24022346368716
 105 45.2513966480447
 62 47.26256983240225
 241 49.27374301675979
 80 51.28491620111734
 191 53.29608938547489
 80 55.3072625698324
 145 57.31843575418995
 249 59.32960893854749
 63 61.34078212290504
 124 63.35195530726259
 85 65.36312849162013
 109 67.37430167597768
 37 69.38547486033519
 24 71.39664804469274
 55 73.40782122905028
 6 75.41899441340783
 11 77.43016759776538
 1 79.44134078212289
 1 81.45251396648047
 0 83.46368715083798
 0 85.47486033519556
 10 87.48603351955308
 7421 89.49720670391065
 4 91.50837988826817
 0 93.51955307262574
 0 95.53072625698326
 0 97.54189944134077
 3 99.55307262569835
 18 101.5642458100559
 22 103.5754189944134
 29 105.586592178771
 15 107.5977653631285
 99 109.608938547486
 132 111.6201117318436
 117 113.6312849162011
 3 115.6424581005587
 191 117.6536312849162
 157 119.6648044692737
 82 121.6759776536313
 179 123.6871508379888
 162 125.6983240223464
 87 127.7094972067039
 156 129.7206703910614
 175 131.731843575419
 2 133.7430167597765
 105 135.7541899441341
 183 137.7653631284916
 135 139.7765363128492
 146 141.7877094972067
 413 143.7988826815642
 114 145.8100558659218
 202 147.8212290502793
 34 149.8324022346369
 141 151.8435754189944
 54 153.854748603352
 445 155.8659217877095
 49 157.8770949720671
 130 159.8882681564246
 60 161.8994413407821
 41 163.9106145251397
 19 165.9217877094972
 118 167.9329608938548
 227 169.9441340782123
 301 171.9553072625699
 2 173.9664804469274
 148 175.9776536312849
 2 177.9888268156425
 0 180


