# Created by Octave 3.8.2, Mon Jun 22 09:25:04 2020 CEST <damian@fptrucha.inv.usc.es>
# name: hd
# type: matrix
# rows: 180
# columns: 2
 3 -180
 156 -177.9888268156425
 3 -175.9776536312849
 361 -173.9664804469274
 243 -171.9553072625698
 150 -169.9441340782123
 43 -167.9329608938548
 54 -165.9217877094972
 64 -163.9106145251397
 148 -161.8994413407821
 52 -159.8882681564246
 536 -157.877094972067
 74 -155.8659217877095
 136 -153.854748603352
 60 -151.8435754189944
 65 -149.8324022346369
 216 -147.8212290502793
 494 -145.8100558659218
 124 -143.7988826815642
 89 -141.7877094972067
 168 -139.7765363128491
 128 -137.7653631284916
 5 -135.7541899441341
 159 -133.7430167597765
 162 -131.731843575419
 75 -129.7206703910614
 171 -127.7094972067039
 170 -125.6983240223464
 90 -123.6871508379888
 153 -121.6759776536313
 186 -119.6648044692737
 5 -117.6536312849162
 114 -115.6424581005587
 130 -113.6312849162011
 96 -111.6201117318436
 22 -109.608938547486
 49 -107.5977653631285
 23 -105.5865921787709
 16 -103.5754189944134
 4 -101.5642458100559
 1 -99.55307262569832
 3 -97.54189944134077
 1 -95.53072625698323
 15 -93.5195530726257
 7723 -91.50837988826815
 17 -89.49720670391061
 7 -87.48603351955308
 4 -85.47486033519553
 1 -83.46368715083798
 6 -81.45251396648044
 4 -79.44134078212289
 4 -77.43016759776536
 53 -75.41899441340782
 31 -73.40782122905027
 56 -71.39664804469274
 94 -69.38547486033519
 70 -67.37430167597765
 112 -65.3631284916201
 60 -63.35195530726256
 235 -61.34078212290503
 166 -59.32960893854748
 176 -57.31843575418993
 88 -55.3072625698324
 63 -53.29608938547486
 231 -51.28491620111731
 71 -49.27374301675977
 120 -47.26256983240222
 4 -45.25139664804468
 302 -43.24022346368713
 1 -41.22905027932961
 174 -39.21787709497207
 249 -37.20670391061452
 412 -35.19553072625698
 115 -33.18435754189943
 56 -31.17318435754188
 159 -29.16201117318434
 10 -27.15083798882682
 62 -25.13966480446928
 550 -23.12849162011173
 120 -21.11731843575419
 76 -19.10614525139664
 12 -17.09497206703909
 42 -15.08379888268155
 131 -13.072625698324
 14 -11.06145251396646
 543 -9.050279329608941
 5 -7.039106145251395
 135 -5.02793296089385
 34 -3.016759776536304
 7 -1.005586592178759
 27 1.005586592178787
 140 3.016759776536333
 5 5.02793296089385
 528 7.039106145251395
 7 9.050279329608941
 155 11.06145251396649
 44 13.07262569832403
 21 15.08379888268158
 41 17.09497206703912
 118 19.10614525139667
 532 21.11731843575421
 61 23.12849162011173
 60 25.13966480446928
 85 27.15083798882682
 55 29.16201117318437
 176 31.17318435754191
 327 33.18435754189946
 240 35.195530726257
 153 37.20670391061452
 38 39.21787709497207
 282 41.22905027932961
 1 43.24022346368716
 108 45.2513966480447
 59 47.26256983240225
 200 49.27374301675979
 74 51.28491620111734
 186 53.29608938547489
 78 55.3072625698324
 111 57.31843575418995
 237 59.32960893854749
 58 61.34078212290504
 111 63.35195530726259
 78 65.36312849162013
 92 67.37430167597768
 48 69.38547486033519
 37 71.39664804469274
 57 73.40782122905028
 11 75.41899441340783
 10 77.43016759776538
 6 79.44134078212289
 1 81.45251396648047
 4 83.46368715083798
 6 85.47486033519556
 14 87.48603351955308
 7348 89.49720670391065
 8 91.50837988826817
 5 93.51955307262574
 0 95.53072625698326
 0 97.54189944134077
 4 99.55307262569835
 16 101.5642458100559
 34 103.5754189944134
 35 105.586592178771
 25 107.5977653631285
 112 109.608938547486
 116 111.6201117318436
 111 113.6312849162011
 4 115.6424581005587
 194 117.6536312849162
 187 119.6648044692737
 88 121.6759776536313
 163 123.6871508379888
 194 125.6983240223464
 93 127.7094972067039
 164 129.7206703910614
 169 131.731843575419
 2 133.7430167597765
 115 135.7541899441341
 185 137.7653631284916
 90 139.7765363128492
 113 141.7877094972067
 506 143.7988826815642
 94 145.8100558659218
 164 147.8212290502793
 37 149.8324022346369
 122 151.8435754189944
 55 153.854748603352
 490 155.8659217877095
 56 157.8770949720671
 147 159.8882681564246
 78 161.8994413407821
 37 163.9106145251397
 15 165.9217877094972
 160 167.9329608938548
 202 169.9441340782123
 288 171.9553072625699
 5 173.9664804469274
 183 175.9776536312849
 2 177.9888268156425
 0 180


