# Created by Octave 3.8.2, Sun Jun 21 02:10:48 2020 CEST <damian@fptrucha.inv.usc.es>
# name: hd
# type: matrix
# rows: 180
# columns: 2
 3 -180
 165 -177.9888268156425
 5 -175.9776536312849
 355 -173.9664804469274
 228 -171.9553072625698
 162 -169.9441340782123
 33 -167.9329608938548
 37 -165.9217877094972
 54 -163.9106145251397
 140 -161.8994413407821
 35 -159.8882681564246
 605 -157.877094972067
 59 -155.8659217877095
 129 -153.854748603352
 35 -151.8435754189944
 57 -149.8324022346369
 202 -147.8212290502793
 644 -145.8100558659218
 133 -143.7988826815642
 93 -141.7877094972067
 166 -139.7765363128491
 115 -137.7653631284916
 1 -135.7541899441341
 158 -133.7430167597765
 156 -131.731843575419
 75 -129.7206703910614
 164 -127.7094972067039
 251 -125.6983240223464
 113 -123.6871508379888
 189 -121.6759776536313
 183 -119.6648044692737
 1 -117.6536312849162
 91 -115.6424581005587
 118 -113.6312849162011
 111 -111.6201117318436
 17 -109.608938547486
 22 -107.5977653631285
 20 -105.5865921787709
 20 -103.5754189944134
 2 -101.5642458100559
 0 -99.55307262569832
 1 -97.54189944134077
 5 -95.53072625698323
 3 -93.5195530726257
 7940 -91.50837988826815
 9 -89.49720670391061
 0 -87.48603351955308
 0 -85.47486033519553
 1 -83.46368715083798
 3 -81.45251396648044
 5 -79.44134078212289
 3 -77.43016759776536
 39 -75.41899441340782
 23 -73.40782122905027
 46 -71.39664804469274
 135 -69.38547486033519
 67 -67.37430167597765
 87 -65.3631284916201
 42 -63.35195530726256
 272 -61.34078212290503
 165 -59.32960893854748
 216 -57.31843575418993
 87 -55.3072625698324
 75 -53.29608938547486
 227 -51.28491620111731
 52 -49.27374301675977
 114 -47.26256983240222
 1 -45.25139664804468
 276 -43.24022346368713
 1 -41.22905027932961
 139 -39.21787709497207
 273 -37.20670391061452
 454 -35.19553072625698
 102 -33.18435754189943
 68 -31.17318435754188
 134 -29.16201117318434
 7 -27.15083798882682
 47 -25.13966480446928
 641 -23.12849162011173
 144 -21.11731843575419
 44 -19.10614525139664
 12 -17.09497206703909
 39 -15.08379888268155
 159 -13.072625698324
 12 -11.06145251396646
 556 -9.050279329608941
 1 -7.039106145251395
 118 -5.02793296089385
 21 -3.016759776536304
 0 -1.005586592178759
 10 1.005586592178787
 133 3.016759776536333
 4 5.02793296089385
 536 7.039106145251395
 4 9.050279329608941
 129 11.06145251396649
 48 13.07262569832403
 4 15.08379888268158
 53 17.09497206703912
 99 19.10614525139667
 515 21.11731843575421
 56 23.12849162011173
 83 25.13966480446928
 103 27.15083798882682
 56 29.16201117318437
 241 31.17318435754191
 299 33.18435754189946
 227 35.195530726257
 144 37.20670391061452
 21 39.21787709497207
 270 41.22905027932961
 3 43.24022346368716
 92 45.2513966480447
 53 47.26256983240225
 203 49.27374301675979
 80 51.28491620111734
 179 53.29608938547489
 71 55.3072625698324
 141 57.31843575418995
 257 59.32960893854749
 56 61.34078212290504
 112 63.35195530726259
 60 65.36312849162013
 122 67.37430167597768
 28 69.38547486033519
 20 71.39664804469274
 42 73.40782122905028
 8 75.41899441340783
 3 77.43016759776538
 0 79.44134078212289
 0 81.45251396648047
 2 83.46368715083798
 5 85.47486033519556
 7 87.48603351955308
 7568 89.49720670391065
 4 91.50837988826817
 2 93.51955307262574
 1 95.53072625698326
 2 97.54189944134077
 1 99.55307262569835
 11 101.5642458100559
 14 103.5754189944134
 51 105.586592178771
 18 107.5977653631285
 95 109.608938547486
 111 111.6201117318436
 123 113.6312849162011
 2 115.6424581005587
 223 117.6536312849162
 159 119.6648044692737
 84 121.6759776536313
 170 123.6871508379888
 171 125.6983240223464
 89 127.7094972067039
 161 129.7206703910614
 167 131.731843575419
 1 133.7430167597765
 96 135.7541899441341
 159 137.7653631284916
 101 139.7765363128492
 122 141.7877094972067
 472 143.7988826815642
 121 145.8100558659218
 207 147.8212290502793
 46 149.8324022346369
 137 151.8435754189944
 73 153.854748603352
 433 155.8659217877095
 44 157.8770949720671
 125 159.8882681564246
 54 161.8994413407821
 34 163.9106145251397
 17 165.9217877094972
 115 167.9329608938548
 215 169.9441340782123
 305 171.9553072625699
 1 173.9664804469274
 146 175.9776536312849
 4 177.9888268156425
 0 180


