# Created by Octave 3.8.2, Mon Jun 22 15:52:01 2020 CEST <damian@fptrucha.inv.usc.es>
# name: hd
# type: matrix
# rows: 180
# columns: 2
 9 -180
 172 -177.9888268156425
 1 -175.9776536312849
 390 -173.9664804469274
 261 -171.9553072625698
 164 -169.9441340782123
 29 -167.9329608938548
 61 -165.9217877094972
 65 -163.9106145251397
 164 -161.8994413407821
 59 -159.8882681564246
 568 -157.877094972067
 78 -155.8659217877095
 118 -153.854748603352
 52 -151.8435754189944
 71 -149.8324022346369
 214 -147.8212290502793
 646 -145.8100558659218
 130 -143.7988826815642
 100 -141.7877094972067
 181 -139.7765363128491
 128 -137.7653631284916
 2 -135.7541899441341
 155 -133.7430167597765
 146 -131.731843575419
 66 -129.7206703910614
 198 -127.7094972067039
 215 -125.6983240223464
 101 -123.6871508379888
 188 -121.6759776536313
 187 -119.6648044692737
 2 -117.6536312849162
 137 -115.6424581005587
 117 -113.6312849162011
 133 -111.6201117318436
 28 -109.608938547486
 41 -107.5977653631285
 28 -105.5865921787709
 11 -103.5754189944134
 2 -101.5642458100559
 2 -99.55307262569832
 0 -97.54189944134077
 3 -95.53072625698323
 9 -93.5195530726257
 8067 -91.50837988826815
 20 -89.49720670391061
 8 -87.48603351955308
 0 -85.47486033519553
 0 -83.46368715083798
 2 -81.45251396648044
 7 -79.44134078212289
 5 -77.43016759776536
 42 -75.41899441340782
 31 -73.40782122905027
 55 -71.39664804469274
 104 -69.38547486033519
 69 -67.37430167597765
 117 -65.3631284916201
 58 -63.35195530726256
 280 -61.34078212290503
 130 -59.32960893854748
 204 -57.31843575418993
 105 -55.3072625698324
 91 -53.29608938547486
 275 -51.28491620111731
 55 -49.27374301675977
 119 -47.26256983240222
 5 -45.25139664804468
 284 -43.24022346368713
 4 -41.22905027932961
 156 -39.21787709497207
 296 -37.20670391061452
 454 -35.19553072625698
 134 -33.18435754189943
 74 -31.17318435754188
 171 -29.16201117318434
 14 -27.15083798882682
 64 -25.13966480446928
 579 -23.12849162011173
 157 -21.11731843575419
 50 -19.10614525139664
 15 -17.09497206703909
 43 -15.08379888268155
 177 -13.072625698324
 8 -11.06145251396646
 555 -9.050279329608941
 2 -7.039106145251395
 135 -5.02793296089385
 27 -3.016759776536304
 5 -1.005586592178759
 23 1.005586592178787
 130 3.016759776536333
 3 5.02793296089385
 565 7.039106145251395
 12 9.050279329608941
 125 11.06145251396649
 56 13.07262569832403
 15 15.08379888268158
 53 17.09497206703912
 149 19.10614525139667
 555 21.11731843575421
 63 23.12849162011173
 84 25.13966480446928
 112 27.15083798882682
 72 29.16201117318437
 215 31.17318435754191
 343 33.18435754189946
 271 35.195530726257
 146 37.20670391061452
 45 39.21787709497207
 292 41.22905027932961
 2 43.24022346368716
 105 45.2513966480447
 73 47.26256983240225
 288 49.27374301675979
 100 51.28491620111734
 207 53.29608938547489
 82 55.3072625698324
 148 57.31843575418995
 322 59.32960893854749
 56 61.34078212290504
 122 63.35195530726259
 66 65.36312849162013
 113 67.37430167597768
 72 69.38547486033519
 38 71.39664804469274
 57 73.40782122905028
 8 75.41899441340783
 7 77.43016759776538
 3 79.44134078212289
 2 81.45251396648047
 0 83.46368715083798
 6 85.47486033519556
 9 87.48603351955308
 7832 89.49720670391065
 13 91.50837988826817
 5 93.51955307262574
 1 95.53072625698326
 0 97.54189944134077
 4 99.55307262569835
 11 101.5642458100559
 27 103.5754189944134
 40 105.586592178771
 27 107.5977653631285
 138 109.608938547486
 129 111.6201117318436
 149 113.6312849162011
 2 115.6424581005587
 210 117.6536312849162
 177 119.6648044692737
 96 121.6759776536313
 191 123.6871508379888
 208 125.6983240223464
 67 127.7094972067039
 171 129.7206703910614
 217 131.731843575419
 4 133.7430167597765
 122 135.7541899441341
 173 137.7653631284916
 109 139.7765363128492
 135 141.7877094972067
 515 143.7988826815642
 115 145.8100558659218
 209 147.8212290502793
 54 149.8324022346369
 152 151.8435754189944
 69 153.854748603352
 496 155.8659217877095
 52 157.8770949720671
 123 159.8882681564246
 48 161.8994413407821
 42 163.9106145251397
 30 165.9217877094972
 166 167.9329608938548
 249 169.9441340782123
 379 171.9553072625699
 2 173.9664804469274
 178 175.9776536312849
 5 177.9888268156425
 0 180


