# Created by Octave 3.8.2, Mon Jun 22 02:56:39 2020 CEST <damian@fptrucha.inv.usc.es>
# name: hd
# type: matrix
# rows: 180
# columns: 2
 3 -180
 172 -177.9888268156425
 12 -175.9776536312849
 348 -173.9664804469274
 203 -171.9553072625698
 146 -169.9441340782123
 46 -167.9329608938548
 41 -165.9217877094972
 61 -163.9106145251397
 139 -161.8994413407821
 36 -159.8882681564246
 496 -157.877094972067
 68 -155.8659217877095
 123 -153.854748603352
 52 -151.8435754189944
 62 -149.8324022346369
 189 -147.8212290502793
 544 -145.8100558659218
 123 -143.7988826815642
 83 -141.7877094972067
 179 -139.7765363128491
 111 -137.7653631284916
 2 -135.7541899441341
 142 -133.7430167597765
 148 -131.731843575419
 76 -129.7206703910614
 145 -127.7094972067039
 188 -125.6983240223464
 90 -123.6871508379888
 160 -121.6759776536313
 193 -119.6648044692737
 3 -117.6536312849162
 116 -115.6424581005587
 103 -113.6312849162011
 109 -111.6201117318436
 24 -109.608938547486
 41 -107.5977653631285
 19 -105.5865921787709
 15 -103.5754189944134
 5 -101.5642458100559
 0 -99.55307262569832
 2 -97.54189944134077
 2 -95.53072625698323
 13 -93.5195530726257
 7349 -91.50837988826815
 12 -89.49720670391061
 5 -87.48603351955308
 3 -85.47486033519553
 0 -83.46368715083798
 2 -81.45251396648044
 13 -79.44134078212289
 7 -77.43016759776536
 54 -75.41899441340782
 40 -73.40782122905027
 43 -71.39664804469274
 108 -69.38547486033519
 57 -67.37430167597765
 104 -65.3631284916201
 57 -63.35195530726256
 279 -61.34078212290503
 109 -59.32960893854748
 198 -57.31843575418993
 82 -55.3072625698324
 70 -53.29608938547486
 201 -51.28491620111731
 51 -49.27374301675977
 96 -47.26256983240222
 4 -45.25139664804468
 295 -43.24022346368713
 4 -41.22905027932961
 144 -39.21787709497207
 265 -37.20670391061452
 405 -35.19553072625698
 114 -33.18435754189943
 64 -31.17318435754188
 175 -29.16201117318434
 7 -27.15083798882682
 55 -25.13966480446928
 508 -23.12849162011173
 114 -21.11731843575419
 50 -19.10614525139664
 9 -17.09497206703909
 41 -15.08379888268155
 133 -13.072625698324
 11 -11.06145251396646
 523 -9.050279329608941
 5 -7.039106145251395
 123 -5.02793296089385
 18 -3.016759776536304
 3 -1.005586592178759
 27 1.005586592178787
 131 3.016759776536333
 4 5.02793296089385
 526 7.039106145251395
 6 9.050279329608941
 143 11.06145251396649
 42 13.07262569832403
 15 15.08379888268158
 66 17.09497206703912
 107 19.10614525139667
 496 21.11731843575421
 61 23.12849162011173
 85 25.13966480446928
 101 27.15083798882682
 65 29.16201117318437
 151 31.17318435754191
 311 33.18435754189946
 216 35.195530726257
 145 37.20670391061452
 37 39.21787709497207
 266 41.22905027932961
 0 43.24022346368716
 106 45.2513966480447
 63 47.26256983240225
 202 49.27374301675979
 65 51.28491620111734
 200 53.29608938547489
 94 55.3072625698324
 137 57.31843575418995
 236 59.32960893854749
 51 61.34078212290504
 122 63.35195530726259
 95 65.36312849162013
 124 67.37430167597768
 51 69.38547486033519
 29 71.39664804469274
 47 73.40782122905028
 10 75.41899441340783
 7 77.43016759776538
 6 79.44134078212289
 3 81.45251396648047
 1 83.46368715083798
 8 85.47486033519556
 11 87.48603351955308
 6962 89.49720670391065
 11 91.50837988826817
 5 93.51955307262574
 1 95.53072625698326
 2 97.54189944134077
 3 99.55307262569835
 23 101.5642458100559
 27 103.5754189944134
 35 105.586592178771
 19 107.5977653631285
 101 109.608938547486
 121 111.6201117318436
 118 113.6312849162011
 5 115.6424581005587
 180 117.6536312849162
 140 119.6648044692737
 92 121.6759776536313
 158 123.6871508379888
 187 125.6983240223464
 83 127.7094972067039
 174 129.7206703910614
 200 131.731843575419
 6 133.7430167597765
 120 135.7541899441341
 170 137.7653631284916
 97 139.7765363128492
 111 141.7877094972067
 471 143.7988826815642
 133 145.8100558659218
 203 147.8212290502793
 49 149.8324022346369
 151 151.8435754189944
 55 153.854748603352
 477 155.8659217877095
 56 157.8770949720671
 124 159.8882681564246
 62 161.8994413407821
 50 163.9106145251397
 23 165.9217877094972
 125 167.9329608938548
 213 169.9441340782123
 352 171.9553072625699
 4 173.9664804469274
 156 175.9776536312849
 4 177.9888268156425
 0 180


