# Created by Octave 3.8.2, Sat Jun 20 13:33:26 2020 CEST <damian@fptrucha.inv.usc.es>
# name: hd
# type: matrix
# rows: 180
# columns: 2
 2 -180
 177 -177.9888268156425
 5 -175.9776536312849
 396 -173.9664804469274
 233 -171.9553072625698
 182 -169.9441340782123
 27 -167.9329608938548
 34 -165.9217877094972
 56 -163.9106145251397
 179 -161.8994413407821
 46 -159.8882681564246
 693 -157.877094972067
 60 -155.8659217877095
 134 -153.854748603352
 34 -151.8435754189944
 64 -149.8324022346369
 237 -147.8212290502793
 650 -145.8100558659218
 133 -143.7988826815642
 76 -141.7877094972067
 189 -139.7765363128491
 85 -137.7653631284916
 2 -135.7541899441341
 179 -133.7430167597765
 178 -131.731843575419
 77 -129.7206703910614
 199 -127.7094972067039
 249 -125.6983240223464
 119 -123.6871508379888
 220 -121.6759776536313
 194 -119.6648044692737
 4 -117.6536312849162
 96 -115.6424581005587
 119 -113.6312849162011
 134 -111.6201117318436
 22 -109.608938547486
 27 -107.5977653631285
 19 -105.5865921787709
 7 -103.5754189944134
 6 -101.5642458100559
 1 -99.55307262569832
 2 -97.54189944134077
 4 -95.53072625698323
 3 -93.5195530726257
 8662 -91.50837988826815
 19 -89.49720670391061
 1 -87.48603351955308
 0 -85.47486033519553
 0 -83.46368715083798
 3 -81.45251396648044
 4 -79.44134078212289
 8 -77.43016759776536
 57 -75.41899441340782
 29 -73.40782122905027
 49 -71.39664804469274
 110 -69.38547486033519
 76 -67.37430167597765
 91 -65.3631284916201
 46 -63.35195530726256
 279 -61.34078212290503
 146 -59.32960893854748
 255 -57.31843575418993
 94 -55.3072625698324
 78 -53.29608938547486
 209 -51.28491620111731
 60 -49.27374301675977
 105 -47.26256983240222
 5 -45.25139664804468
 279 -43.24022346368713
 2 -41.22905027932961
 155 -39.21787709497207
 335 -37.20670391061452
 501 -35.19553072625698
 116 -33.18435754189943
 52 -31.17318435754188
 160 -29.16201117318434
 12 -27.15083798882682
 58 -25.13966480446928
 663 -23.12849162011173
 153 -21.11731843575419
 50 -19.10614525139664
 13 -17.09497206703909
 38 -15.08379888268155
 171 -13.072625698324
 7 -11.06145251396646
 606 -9.050279329608941
 5 -7.039106145251395
 152 -5.02793296089385
 17 -3.016759776536304
 1 -1.005586592178759
 10 1.005586592178787
 152 3.016759776536333
 1 5.02793296089385
 593 7.039106145251395
 5 9.050279329608941
 130 11.06145251396649
 52 13.07262569832403
 9 15.08379888268158
 76 17.09497206703912
 135 19.10614525139667
 523 21.11731843575421
 61 23.12849162011173
 89 25.13966480446928
 126 27.15083798882682
 67 29.16201117318437
 231 31.17318435754191
 337 33.18435754189946
 251 35.195530726257
 184 37.20670391061452
 35 39.21787709497207
 316 41.22905027932961
 1 43.24022346368716
 118 45.2513966480447
 71 47.26256983240225
 239 49.27374301675979
 87 51.28491620111734
 226 53.29608938547489
 72 55.3072625698324
 128 57.31843575418995
 271 59.32960893854749
 73 61.34078212290504
 143 63.35195530726259
 80 65.36312849162013
 128 67.37430167597768
 40 69.38547486033519
 36 71.39664804469274
 54 73.40782122905028
 9 75.41899441340783
 8 77.43016759776538
 2 79.44134078212289
 0 81.45251396648047
 1 83.46368715083798
 1 85.47486033519556
 13 87.48603351955308
 8203 89.49720670391065
 5 91.50837988826817
 1 93.51955307262574
 1 95.53072625698326
 1 97.54189944134077
 7 99.55307262569835
 15 101.5642458100559
 21 103.5754189944134
 33 105.586592178771
 26 107.5977653631285
 123 109.608938547486
 135 111.6201117318436
 130 113.6312849162011
 3 115.6424581005587
 206 117.6536312849162
 217 119.6648044692737
 89 121.6759776536313
 196 123.6871508379888
 173 125.6983240223464
 73 127.7094972067039
 193 129.7206703910614
 156 131.731843575419
 3 133.7430167597765
 124 135.7541899441341
 179 137.7653631284916
 121 139.7765363128492
 146 141.7877094972067
 527 143.7988826815642
 135 145.8100558659218
 226 147.8212290502793
 48 149.8324022346369
 162 151.8435754189944
 52 153.854748603352
 474 155.8659217877095
 60 157.8770949720671
 130 159.8882681564246
 79 161.8994413407821
 59 163.9106145251397
 11 165.9217877094972
 128 167.9329608938548
 231 169.9441340782123
 374 171.9553072625699
 6 173.9664804469274
 166 175.9776536312849
 3 177.9888268156425
 0 180


