# Created by Octave 3.8.2, Sat Jun 20 05:46:32 2020 CEST <damian@fptrucha.inv.usc.es>
# name: hd
# type: matrix
# rows: 180
# columns: 2
 3 -180
 169 -177.9888268156425
 2 -175.9776536312849
 409 -173.9664804469274
 270 -171.9553072625698
 180 -169.9441340782123
 31 -167.9329608938548
 43 -165.9217877094972
 74 -163.9106145251397
 175 -161.8994413407821
 42 -159.8882681564246
 736 -157.877094972067
 60 -155.8659217877095
 121 -153.854748603352
 44 -151.8435754189944
 73 -149.8324022346369
 233 -147.8212290502793
 656 -145.8100558659218
 147 -143.7988826815642
 113 -141.7877094972067
 189 -139.7765363128491
 123 -137.7653631284916
 3 -135.7541899441341
 182 -133.7430167597765
 180 -131.731843575419
 97 -129.7206703910614
 207 -127.7094972067039
 264 -125.6983240223464
 138 -123.6871508379888
 245 -121.6759776536313
 245 -119.6648044692737
 3 -117.6536312849162
 117 -115.6424581005587
 144 -113.6312849162011
 134 -111.6201117318436
 19 -109.608938547486
 34 -107.5977653631285
 28 -105.5865921787709
 16 -103.5754189944134
 2 -101.5642458100559
 1 -99.55307262569832
 2 -97.54189944134077
 1 -95.53072625698323
 7 -93.5195530726257
 9166 -91.50837988826815
 12 -89.49720670391061
 4 -87.48603351955308
 0 -85.47486033519553
 0 -83.46368715083798
 2 -81.45251396648044
 5 -79.44134078212289
 10 -77.43016759776536
 61 -75.41899441340782
 41 -73.40782122905027
 69 -71.39664804469274
 122 -69.38547486033519
 67 -67.37430167597765
 123 -65.3631284916201
 58 -63.35195530726256
 324 -61.34078212290503
 150 -59.32960893854748
 261 -57.31843575418993
 119 -55.3072625698324
 85 -53.29608938547486
 250 -51.28491620111731
 54 -49.27374301675977
 120 -47.26256983240222
 1 -45.25139664804468
 291 -43.24022346368713
 1 -41.22905027932961
 169 -39.21787709497207
 374 -37.20670391061452
 467 -35.19553072625698
 137 -33.18435754189943
 72 -31.17318435754188
 176 -29.16201117318434
 5 -27.15083798882682
 71 -25.13966480446928
 635 -23.12849162011173
 141 -21.11731843575419
 47 -19.10614525139664
 7 -17.09497206703909
 46 -15.08379888268155
 176 -13.072625698324
 9 -11.06145251396646
 631 -9.050279329608941
 1 -7.039106145251395
 148 -5.02793296089385
 18 -3.016759776536304
 2 -1.005586592178759
 24 1.005586592178787
 166 3.016759776536333
 3 5.02793296089385
 611 7.039106145251395
 8 9.050279329608941
 119 11.06145251396649
 45 13.07262569832403
 4 15.08379888268158
 51 17.09497206703912
 107 19.10614525139667
 579 21.11731843575421
 60 23.12849162011173
 94 25.13966480446928
 99 27.15083798882682
 64 29.16201117318437
 250 31.17318435754191
 353 33.18435754189946
 275 35.195530726257
 175 37.20670391061452
 27 39.21787709497207
 297 41.22905027932961
 3 43.24022346368716
 120 45.2513966480447
 70 47.26256983240225
 247 49.27374301675979
 107 51.28491620111734
 199 53.29608938547489
 89 55.3072625698324
 161 57.31843575418995
 254 59.32960893854749
 67 61.34078212290504
 124 63.35195530726259
 71 65.36312849162013
 123 67.37430167597768
 52 69.38547486033519
 32 71.39664804469274
 44 73.40782122905028
 9 75.41899441340783
 8 77.43016759776538
 4 79.44134078212289
 2 81.45251396648047
 0 83.46368715083798
 1 85.47486033519556
 9 87.48603351955308
 8462 89.49720670391065
 6 91.50837988826817
 4 93.51955307262574
 2 95.53072625698326
 1 97.54189944134077
 4 99.55307262569835
 20 101.5642458100559
 21 103.5754189944134
 27 105.586592178771
 29 107.5977653631285
 112 109.608938547486
 134 111.6201117318436
 130 113.6312849162011
 6 115.6424581005587
 174 117.6536312849162
 167 119.6648044692737
 106 121.6759776536313
 170 123.6871508379888
 213 125.6983240223464
 95 127.7094972067039
 176 129.7206703910614
 179 131.731843575419
 0 133.7430167597765
 135 135.7541899441341
 196 137.7653631284916
 112 139.7765363128492
 161 141.7877094972067
 510 143.7988826815642
 146 145.8100558659218
 243 147.8212290502793
 51 149.8324022346369
 172 151.8435754189944
 73 153.854748603352
 556 155.8659217877095
 54 157.8770949720671
 150 159.8882681564246
 69 161.8994413407821
 55 163.9106145251397
 19 165.9217877094972
 157 167.9329608938548
 246 169.9441340782123
 337 171.9553072625699
 4 173.9664804469274
 184 175.9776536312849
 6 177.9888268156425
 0 180


