# Created by Octave 3.8.2, Sat Jun 20 14:33:30 2020 CEST <damian@fptrucha.inv.usc.es>
# name: hd
# type: matrix
# rows: 180
# columns: 2
 0 -180
 160 -177.9888268156425
 8 -175.9776536312849
 395 -173.9664804469274
 281 -171.9553072625698
 151 -169.9441340782123
 46 -167.9329608938548
 36 -165.9217877094972
 52 -163.9106145251397
 155 -161.8994413407821
 32 -159.8882681564246
 646 -157.877094972067
 59 -155.8659217877095
 124 -153.854748603352
 42 -151.8435754189944
 59 -149.8324022346369
 216 -147.8212290502793
 661 -145.8100558659218
 117 -143.7988826815642
 88 -141.7877094972067
 139 -139.7765363128491
 97 -137.7653631284916
 0 -135.7541899441341
 159 -133.7430167597765
 158 -131.731843575419
 72 -129.7206703910614
 181 -127.7094972067039
 231 -125.6983240223464
 106 -123.6871508379888
 186 -121.6759776536313
 197 -119.6648044692737
 4 -117.6536312849162
 95 -115.6424581005587
 116 -113.6312849162011
 112 -111.6201117318436
 15 -109.608938547486
 33 -107.5977653631285
 18 -105.5865921787709
 5 -103.5754189944134
 2 -101.5642458100559
 0 -99.55307262569832
 0 -97.54189944134077
 1 -95.53072625698323
 5 -93.5195530726257
 8321 -91.50837988826815
 9 -89.49720670391061
 6 -87.48603351955308
 1 -85.47486033519553
 0 -83.46368715083798
 1 -81.45251396648044
 9 -79.44134078212289
 5 -77.43016759776536
 35 -75.41899441340782
 27 -73.40782122905027
 53 -71.39664804469274
 106 -69.38547486033519
 64 -67.37430167597765
 112 -65.3631284916201
 45 -63.35195530726256
 275 -61.34078212290503
 161 -59.32960893854748
 245 -57.31843575418993
 91 -55.3072625698324
 86 -53.29608938547486
 236 -51.28491620111731
 47 -49.27374301675977
 104 -47.26256983240222
 0 -45.25139664804468
 300 -43.24022346368713
 4 -41.22905027932961
 169 -39.21787709497207
 320 -37.20670391061452
 454 -35.19553072625698
 113 -33.18435754189943
 59 -31.17318435754188
 142 -29.16201117318434
 10 -27.15083798882682
 56 -25.13966480446928
 632 -23.12849162011173
 157 -21.11731843575419
 48 -19.10614525139664
 9 -17.09497206703909
 44 -15.08379888268155
 167 -13.072625698324
 6 -11.06145251396646
 609 -9.050279329608941
 2 -7.039106145251395
 130 -5.02793296089385
 27 -3.016759776536304
 3 -1.005586592178759
 21 1.005586592178787
 127 3.016759776536333
 3 5.02793296089385
 572 7.039106145251395
 5 9.050279329608941
 155 11.06145251396649
 54 13.07262569832403
 8 15.08379888268158
 50 17.09497206703912
 120 19.10614525139667
 546 21.11731843575421
 80 23.12849162011173
 87 25.13966480446928
 94 27.15083798882682
 46 29.16201117318437
 236 31.17318435754191
 329 33.18435754189946
 261 35.195530726257
 202 37.20670391061452
 36 39.21787709497207
 320 41.22905027932961
 2 43.24022346368716
 115 45.2513966480447
 70 47.26256983240225
 221 49.27374301675979
 74 51.28491620111734
 210 53.29608938547489
 100 55.3072625698324
 146 57.31843575418995
 272 59.32960893854749
 70 61.34078212290504
 134 63.35195530726259
 73 65.36312849162013
 121 67.37430167597768
 51 69.38547486033519
 32 71.39664804469274
 52 73.40782122905028
 5 75.41899441340783
 10 77.43016759776538
 3 79.44134078212289
 0 81.45251396648047
 1 83.46368715083798
 2 85.47486033519556
 5 87.48603351955308
 8179 89.49720670391065
 6 91.50837988826817
 1 93.51955307262574
 1 95.53072625698326
 1 97.54189944134077
 3 99.55307262569835
 23 101.5642458100559
 26 103.5754189944134
 46 105.586592178771
 14 107.5977653631285
 106 109.608938547486
 134 111.6201117318436
 139 113.6312849162011
 4 115.6424581005587
 235 117.6536312849162
 172 119.6648044692737
 97 121.6759776536313
 205 123.6871508379888
 198 125.6983240223464
 74 127.7094972067039
 176 129.7206703910614
 169 131.731843575419
 1 133.7430167597765
 106 135.7541899441341
 178 137.7653631284916
 112 139.7765363128492
 143 141.7877094972067
 521 143.7988826815642
 146 145.8100558659218
 227 147.8212290502793
 37 149.8324022346369
 164 151.8435754189944
 48 153.854748603352
 505 155.8659217877095
 52 157.8770949720671
 132 159.8882681564246
 83 161.8994413407821
 63 163.9106145251397
 16 165.9217877094972
 137 167.9329608938548
 216 169.9441340782123
 360 171.9553072625699
 4 173.9664804469274
 167 175.9776536312849
 0 177.9888268156425
 0 180


