# Created by Octave 3.8.2, Sat Jun 20 22:06:44 2020 CEST <damian@fptrucha.inv.usc.es>
# name: hd
# type: matrix
# rows: 180
# columns: 2
 4 -180
 145 -177.9888268156425
 3 -175.9776536312849
 326 -173.9664804469274
 230 -171.9553072625698
 154 -169.9441340782123
 25 -167.9329608938548
 35 -165.9217877094972
 50 -163.9106145251397
 151 -161.8994413407821
 48 -159.8882681564246
 583 -157.877094972067
 58 -155.8659217877095
 132 -153.854748603352
 26 -151.8435754189944
 70 -149.8324022346369
 180 -147.8212290502793
 623 -145.8100558659218
 122 -143.7988826815642
 104 -141.7877094972067
 182 -139.7765363128491
 98 -137.7653631284916
 3 -135.7541899441341
 143 -133.7430167597765
 128 -131.731843575419
 72 -129.7206703910614
 175 -127.7094972067039
 205 -125.6983240223464
 93 -123.6871508379888
 185 -121.6759776536313
 170 -119.6648044692737
 1 -117.6536312849162
 83 -115.6424581005587
 106 -113.6312849162011
 123 -111.6201117318436
 18 -109.608938547486
 35 -107.5977653631285
 22 -105.5865921787709
 12 -103.5754189944134
 4 -101.5642458100559
 0 -99.55307262569832
 0 -97.54189944134077
 3 -95.53072625698323
 8 -93.5195530726257
 8016 -91.50837988826815
 8 -89.49720670391061
 2 -87.48603351955308
 1 -85.47486033519553
 2 -83.46368715083798
 1 -81.45251396648044
 5 -79.44134078212289
 4 -77.43016759776536
 41 -75.41899441340782
 15 -73.40782122905027
 38 -71.39664804469274
 100 -69.38547486033519
 69 -67.37430167597765
 83 -65.3631284916201
 56 -63.35195530726256
 255 -61.34078212290503
 150 -59.32960893854748
 208 -57.31843575418993
 85 -55.3072625698324
 76 -53.29608938547486
 217 -51.28491620111731
 54 -49.27374301675977
 102 -47.26256983240222
 3 -45.25139664804468
 272 -43.24022346368713
 4 -41.22905027932961
 140 -39.21787709497207
 304 -37.20670391061452
 436 -35.19553072625698
 109 -33.18435754189943
 53 -31.17318435754188
 146 -29.16201117318434
 6 -27.15083798882682
 50 -25.13966480446928
 604 -23.12849162011173
 142 -21.11731843575419
 52 -19.10614525139664
 11 -17.09497206703909
 43 -15.08379888268155
 161 -13.072625698324
 6 -11.06145251396646
 544 -9.050279329608941
 2 -7.039106145251395
 133 -5.02793296089385
 12 -3.016759776536304
 2 -1.005586592178759
 12 1.005586592178787
 132 3.016759776536333
 0 5.02793296089385
 519 7.039106145251395
 6 9.050279329608941
 147 11.06145251396649
 49 13.07262569832403
 13 15.08379888268158
 70 17.09497206703912
 118 19.10614525139667
 499 21.11731843575421
 58 23.12849162011173
 80 25.13966480446928
 104 27.15083798882682
 53 29.16201117318437
 215 31.17318435754191
 285 33.18435754189946
 223 35.195530726257
 140 37.20670391061452
 34 39.21787709497207
 270 41.22905027932961
 1 43.24022346368716
 104 45.2513966480447
 56 47.26256983240225
 215 49.27374301675979
 73 51.28491620111734
 176 53.29608938547489
 72 55.3072625698324
 116 57.31843575418995
 229 59.32960893854749
 59 61.34078212290504
 118 63.35195530726259
 77 65.36312849162013
 116 67.37430167597768
 33 69.38547486033519
 25 71.39664804469274
 47 73.40782122905028
 3 75.41899441340783
 5 77.43016759776538
 1 79.44134078212289
 0 81.45251396648047
 2 83.46368715083798
 3 85.47486033519556
 7 87.48603351955308
 7474 89.49720670391065
 4 91.50837988826817
 3 93.51955307262574
 0 95.53072625698326
 0 97.54189944134077
 2 99.55307262569835
 17 101.5642458100559
 17 103.5754189944134
 32 105.586592178771
 19 107.5977653631285
 85 109.608938547486
 141 111.6201117318436
 114 113.6312849162011
 3 115.6424581005587
 200 117.6536312849162
 160 119.6648044692737
 86 121.6759776536313
 173 123.6871508379888
 151 125.6983240223464
 74 127.7094972067039
 188 129.7206703910614
 175 131.731843575419
 0 133.7430167597765
 127 135.7541899441341
 174 137.7653631284916
 90 139.7765363128492
 131 141.7877094972067
 455 143.7988826815642
 126 145.8100558659218
 200 147.8212290502793
 39 149.8324022346369
 166 151.8435754189944
 60 153.854748603352
 448 155.8659217877095
 54 157.8770949720671
 118 159.8882681564246
 70 161.8994413407821
 61 163.9106145251397
 15 165.9217877094972
 136 167.9329608938548
 221 169.9441340782123
 358 171.9553072625699
 4 173.9664804469274
 151 175.9776536312849
 4 177.9888268156425
 0 180


