# Created by Octave 3.8.2, Sat Jun 20 02:52:26 2020 CEST <damian@fptrucha.inv.usc.es>
# name: hd
# type: matrix
# rows: 180
# columns: 2
 3 -180
 170 -177.9888268156425
 4 -175.9776536312849
 399 -173.9664804469274
 246 -171.9553072625698
 162 -169.9441340782123
 30 -167.9329608938548
 40 -165.9217877094972
 51 -163.9106145251397
 161 -161.8994413407821
 47 -159.8882681564246
 679 -157.877094972067
 65 -155.8659217877095
 154 -153.854748603352
 36 -151.8435754189944
 74 -149.8324022346369
 240 -147.8212290502793
 692 -145.8100558659218
 175 -143.7988826815642
 87 -141.7877094972067
 205 -139.7765363128491
 118 -137.7653631284916
 2 -135.7541899441341
 174 -133.7430167597765
 203 -131.731843575419
 79 -129.7206703910614
 210 -127.7094972067039
 263 -125.6983240223464
 110 -123.6871508379888
 218 -121.6759776536313
 195 -119.6648044692737
 3 -117.6536312849162
 122 -115.6424581005587
 133 -113.6312849162011
 133 -111.6201117318436
 19 -109.608938547486
 24 -107.5977653631285
 28 -105.5865921787709
 11 -103.5754189944134
 2 -101.5642458100559
 0 -99.55307262569832
 1 -97.54189944134077
 2 -95.53072625698323
 7 -93.5195530726257
 9151 -91.50837988826815
 11 -89.49720670391061
 4 -87.48603351955308
 1 -85.47486033519553
 0 -83.46368715083798
 1 -81.45251396648044
 7 -79.44134078212289
 7 -77.43016759776536
 52 -75.41899441340782
 27 -73.40782122905027
 76 -71.39664804469274
 111 -69.38547486033519
 62 -67.37430167597765
 139 -65.3631284916201
 63 -63.35195530726256
 328 -61.34078212290503
 147 -59.32960893854748
 253 -57.31843575418993
 86 -55.3072625698324
 77 -53.29608938547486
 247 -51.28491620111731
 66 -49.27374301675977
 125 -47.26256983240222
 1 -45.25139664804468
 329 -43.24022346368713
 0 -41.22905027932961
 166 -39.21787709497207
 310 -37.20670391061452
 459 -35.19553072625698
 111 -33.18435754189943
 49 -31.17318435754188
 164 -29.16201117318434
 19 -27.15083798882682
 58 -25.13966480446928
 708 -23.12849162011173
 143 -21.11731843575419
 60 -19.10614525139664
 11 -17.09497206703909
 52 -15.08379888268155
 168 -13.072625698324
 11 -11.06145251396646
 605 -9.050279329608941
 3 -7.039106145251395
 120 -5.02793296089385
 25 -3.016759776536304
 6 -1.005586592178759
 22 1.005586592178787
 131 3.016759776536333
 3 5.02793296089385
 618 7.039106145251395
 8 9.050279329608941
 145 11.06145251396649
 47 13.07262569832403
 13 15.08379888268158
 51 17.09497206703912
 115 19.10614525139667
 540 21.11731843575421
 58 23.12849162011173
 104 25.13966480446928
 95 27.15083798882682
 60 29.16201117318437
 229 31.17318435754191
 335 33.18435754189946
 247 35.195530726257
 184 37.20670391061452
 32 39.21787709497207
 280 41.22905027932961
 0 43.24022346368716
 115 45.2513966480447
 62 47.26256983240225
 244 49.27374301675979
 86 51.28491620111734
 220 53.29608938547489
 73 55.3072625698324
 123 57.31843575418995
 258 59.32960893854749
 59 61.34078212290504
 122 63.35195530726259
 72 65.36312849162013
 88 67.37430167597768
 37 69.38547486033519
 23 71.39664804469274
 44 73.40782122905028
 7 75.41899441340783
 6 77.43016759776538
 1 79.44134078212289
 0 81.45251396648047
 2 83.46368715083798
 2 85.47486033519556
 7 87.48603351955308
 8142 89.49720670391065
 6 91.50837988826817
 1 93.51955307262574
 1 95.53072625698326
 1 97.54189944134077
 3 99.55307262569835
 11 101.5642458100559
 13 103.5754189944134
 22 105.586592178771
 15 107.5977653631285
 113 109.608938547486
 132 111.6201117318436
 127 113.6312849162011
 5 115.6424581005587
 195 117.6536312849162
 171 119.6648044692737
 86 121.6759776536313
 181 123.6871508379888
 154 125.6983240223464
 74 127.7094972067039
 156 129.7206703910614
 186 131.731843575419
 3 133.7430167597765
 135 135.7541899441341
 163 137.7653631284916
 99 139.7765363128492
 136 141.7877094972067
 510 143.7988826815642
 121 145.8100558659218
 206 147.8212290502793
 46 149.8324022346369
 148 151.8435754189944
 74 153.854748603352
 527 155.8659217877095
 61 157.8770949720671
 140 159.8882681564246
 72 161.8994413407821
 57 163.9106145251397
 8 165.9217877094972
 150 167.9329608938548
 254 169.9441340782123
 351 171.9553072625699
 4 173.9664804469274
 168 175.9776536312849
 1 177.9888268156425
 0 180


