# Created by Octave 3.8.2, Sat Jun 20 06:31:02 2020 CEST <damian@fptrucha.inv.usc.es>
# name: hd
# type: matrix
# rows: 180
# columns: 2
 4 -180
 174 -177.9888268156425
 4 -175.9776536312849
 403 -173.9664804469274
 253 -171.9553072625698
 210 -169.9441340782123
 27 -167.9329608938548
 31 -165.9217877094972
 59 -163.9106145251397
 189 -161.8994413407821
 54 -159.8882681564246
 703 -157.877094972067
 71 -155.8659217877095
 146 -153.854748603352
 44 -151.8435754189944
 106 -149.8324022346369
 266 -147.8212290502793
 679 -145.8100558659218
 144 -143.7988826815642
 101 -141.7877094972067
 201 -139.7765363128491
 131 -137.7653631284916
 2 -135.7541899441341
 200 -133.7430167597765
 169 -131.731843575419
 102 -129.7206703910614
 218 -127.7094972067039
 274 -125.6983240223464
 135 -123.6871508379888
 224 -121.6759776536313
 219 -119.6648044692737
 1 -117.6536312849162
 143 -115.6424581005587
 133 -113.6312849162011
 160 -111.6201117318436
 23 -109.608938547486
 40 -107.5977653631285
 29 -105.5865921787709
 16 -103.5754189944134
 3 -101.5642458100559
 0 -99.55307262569832
 2 -97.54189944134077
 0 -95.53072625698323
 9 -93.5195530726257
 9521 -91.50837988826815
 15 -89.49720670391061
 2 -87.48603351955308
 1 -85.47486033519553
 1 -83.46368715083798
 1 -81.45251396648044
 11 -79.44134078212289
 2 -77.43016759776536
 65 -75.41899441340782
 30 -73.40782122905027
 48 -71.39664804469274
 133 -69.38547486033519
 81 -67.37430167597765
 109 -65.3631284916201
 60 -63.35195530726256
 325 -61.34078212290503
 161 -59.32960893854748
 227 -57.31843575418993
 107 -55.3072625698324
 89 -53.29608938547486
 283 -51.28491620111731
 42 -49.27374301675977
 119 -47.26256983240222
 2 -45.25139664804468
 296 -43.24022346368713
 1 -41.22905027932961
 154 -39.21787709497207
 331 -37.20670391061452
 474 -35.19553072625698
 103 -33.18435754189943
 74 -31.17318435754188
 149 -29.16201117318434
 11 -27.15083798882682
 62 -25.13966480446928
 715 -23.12849162011173
 167 -21.11731843575419
 58 -19.10614525139664
 13 -17.09497206703909
 38 -15.08379888268155
 193 -13.072625698324
 11 -11.06145251396646
 644 -9.050279329608941
 0 -7.039106145251395
 141 -5.02793296089385
 21 -3.016759776536304
 3 -1.005586592178759
 27 1.005586592178787
 144 3.016759776536333
 2 5.02793296089385
 617 7.039106145251395
 5 9.050279329608941
 158 11.06145251396649
 52 13.07262569832403
 11 15.08379888268158
 43 17.09497206703912
 100 19.10614525139667
 531 21.11731843575421
 55 23.12849162011173
 112 25.13966480446928
 100 27.15083798882682
 60 29.16201117318437
 245 31.17318435754191
 377 33.18435754189946
 273 35.195530726257
 175 37.20670391061452
 27 39.21787709497207
 331 41.22905027932961
 2 43.24022346368716
 118 45.2513966480447
 54 47.26256983240225
 221 49.27374301675979
 88 51.28491620111734
 189 53.29608938547489
 91 55.3072625698324
 123 57.31843575418995
 283 59.32960893854749
 58 61.34078212290504
 130 63.35195530726259
 64 65.36312849162013
 105 67.37430167597768
 56 69.38547486033519
 37 71.39664804469274
 46 73.40782122905028
 8 75.41899441340783
 4 77.43016759776538
 5 79.44134078212289
 1 81.45251396648047
 0 83.46368715083798
 4 85.47486033519556
 9 87.48603351955308
 8305 89.49720670391065
 6 91.50837988826817
 2 93.51955307262574
 0 95.53072625698326
 0 97.54189944134077
 1 99.55307262569835
 14 101.5642458100559
 25 103.5754189944134
 32 105.586592178771
 16 107.5977653631285
 95 109.608938547486
 110 111.6201117318436
 116 113.6312849162011
 2 115.6424581005587
 227 117.6536312849162
 163 119.6648044692737
 106 121.6759776536313
 189 123.6871508379888
 192 125.6983240223464
 94 127.7094972067039
 183 129.7206703910614
 205 131.731843575419
 5 133.7430167597765
 106 135.7541899441341
 182 137.7653631284916
 94 139.7765363128492
 171 141.7877094972067
 533 143.7988826815642
 126 145.8100558659218
 204 147.8212290502793
 46 149.8324022346369
 163 151.8435754189944
 70 153.854748603352
 563 155.8659217877095
 58 157.8770949720671
 139 159.8882681564246
 93 161.8994413407821
 60 163.9106145251397
 25 165.9217877094972
 139 167.9329608938548
 273 169.9441340782123
 361 171.9553072625699
 2 173.9664804469274
 202 175.9776536312849
 3 177.9888268156425
 0 180


