# Created by Octave 3.8.2, Sun Jun 21 00:58:28 2020 CEST <damian@fptrucha.inv.usc.es>
# name: hd
# type: matrix
# rows: 180
# columns: 2
 4 -180
 171 -177.9888268156425
 5 -175.9776536312849
 336 -173.9664804469274
 264 -171.9553072625698
 150 -169.9441340782123
 28 -167.9329608938548
 29 -165.9217877094972
 44 -163.9106145251397
 148 -161.8994413407821
 37 -159.8882681564246
 615 -157.877094972067
 60 -155.8659217877095
 125 -153.854748603352
 34 -151.8435754189944
 58 -149.8324022346369
 206 -147.8212290502793
 611 -145.8100558659218
 132 -143.7988826815642
 74 -141.7877094972067
 160 -139.7765363128491
 116 -137.7653631284916
 0 -135.7541899441341
 148 -133.7430167597765
 141 -131.731843575419
 72 -129.7206703910614
 178 -127.7094972067039
 213 -125.6983240223464
 83 -123.6871508379888
 170 -121.6759776536313
 179 -119.6648044692737
 2 -117.6536312849162
 88 -115.6424581005587
 91 -113.6312849162011
 114 -111.6201117318436
 13 -109.608938547486
 30 -107.5977653631285
 23 -105.5865921787709
 12 -103.5754189944134
 1 -101.5642458100559
 0 -99.55307262569832
 0 -97.54189944134077
 1 -95.53072625698323
 5 -93.5195530726257
 7844 -91.50837988826815
 7 -89.49720670391061
 1 -87.48603351955308
 1 -85.47486033519553
 0 -83.46368715083798
 0 -81.45251396648044
 8 -79.44134078212289
 3 -77.43016759776536
 42 -75.41899441340782
 30 -73.40782122905027
 50 -71.39664804469274
 114 -69.38547486033519
 60 -67.37430167597765
 95 -65.3631284916201
 51 -63.35195530726256
 283 -61.34078212290503
 155 -59.32960893854748
 200 -57.31843575418993
 90 -55.3072625698324
 70 -53.29608938547486
 214 -51.28491620111731
 52 -49.27374301675977
 102 -47.26256983240222
 3 -45.25139664804468
 258 -43.24022346368713
 3 -41.22905027932961
 176 -39.21787709497207
 321 -37.20670391061452
 461 -35.19553072625698
 104 -33.18435754189943
 47 -31.17318435754188
 147 -29.16201117318434
 10 -27.15083798882682
 57 -25.13966480446928
 624 -23.12849162011173
 160 -21.11731843575419
 67 -19.10614525139664
 11 -17.09497206703909
 37 -15.08379888268155
 184 -13.072625698324
 15 -11.06145251396646
 536 -9.050279329608941
 1 -7.039106145251395
 136 -5.02793296089385
 19 -3.016759776536304
 1 -1.005586592178759
 13 1.005586592178787
 120 3.016759776536333
 0 5.02793296089385
 540 7.039106145251395
 6 9.050279329608941
 142 11.06145251396649
 54 13.07262569832403
 15 15.08379888268158
 57 17.09497206703912
 111 19.10614525139667
 446 21.11731843575421
 58 23.12849162011173
 89 25.13966480446928
 99 27.15083798882682
 73 29.16201117318437
 207 31.17318435754191
 308 33.18435754189946
 258 35.195530726257
 160 37.20670391061452
 34 39.21787709497207
 285 41.22905027932961
 1 43.24022346368716
 114 45.2513966480447
 52 47.26256983240225
 185 49.27374301675979
 70 51.28491620111734
 190 53.29608938547489
 74 55.3072625698324
 135 57.31843575418995
 260 59.32960893854749
 62 61.34078212290504
 131 63.35195530726259
 72 65.36312849162013
 94 67.37430167597768
 47 69.38547486033519
 24 71.39664804469274
 41 73.40782122905028
 11 75.41899441340783
 6 77.43016759776538
 0 79.44134078212289
 0 81.45251396648047
 1 83.46368715083798
 6 85.47486033519556
 11 87.48603351955308
 7329 89.49720670391065
 5 91.50837988826817
 2 93.51955307262574
 1 95.53072625698326
 0 97.54189944134077
 3 99.55307262569835
 8 101.5642458100559
 24 103.5754189944134
 35 105.586592178771
 23 107.5977653631285
 82 109.608938547486
 118 111.6201117318436
 113 113.6312849162011
 2 115.6424581005587
 198 117.6536312849162
 175 119.6648044692737
 86 121.6759776536313
 175 123.6871508379888
 161 125.6983240223464
 64 127.7094972067039
 169 129.7206703910614
 185 131.731843575419
 5 133.7430167597765
 117 135.7541899441341
 183 137.7653631284916
 106 139.7765363128492
 125 141.7877094972067
 438 143.7988826815642
 137 145.8100558659218
 185 147.8212290502793
 38 149.8324022346369
 164 151.8435754189944
 46 153.854748603352
 448 155.8659217877095
 63 157.8770949720671
 123 159.8882681564246
 61 161.8994413407821
 39 163.9106145251397
 15 165.9217877094972
 123 167.9329608938548
 230 169.9441340782123
 298 171.9553072625699
 2 173.9664804469274
 170 175.9776536312849
 0 177.9888268156425
 0 180


