# Created by Octave 3.8.2, Mon Jun 22 13:34:19 2020 CEST <damian@fptrucha.inv.usc.es>
# name: hd
# type: matrix
# rows: 180
# columns: 2
 3 -180
 191 -177.9888268156425
 3 -175.9776536312849
 338 -173.9664804469274
 273 -171.9553072625698
 145 -169.9441340782123
 32 -167.9329608938548
 50 -165.9217877094972
 66 -163.9106145251397
 163 -161.8994413407821
 52 -159.8882681564246
 533 -157.877094972067
 62 -155.8659217877095
 121 -153.854748603352
 50 -151.8435754189944
 74 -149.8324022346369
 230 -147.8212290502793
 549 -145.8100558659218
 138 -143.7988826815642
 96 -141.7877094972067
 189 -139.7765363128491
 111 -137.7653631284916
 5 -135.7541899441341
 164 -133.7430167597765
 161 -131.731843575419
 93 -129.7206703910614
 176 -127.7094972067039
 201 -125.6983240223464
 117 -123.6871508379888
 162 -121.6759776536313
 183 -119.6648044692737
 8 -117.6536312849162
 120 -115.6424581005587
 132 -113.6312849162011
 113 -111.6201117318436
 18 -109.608938547486
 47 -107.5977653631285
 19 -105.5865921787709
 27 -103.5754189944134
 4 -101.5642458100559
 3 -99.55307262569832
 1 -97.54189944134077
 2 -95.53072625698323
 12 -93.5195530726257
 7922 -91.50837988826815
 20 -89.49720670391061
 4 -87.48603351955308
 2 -85.47486033519553
 0 -83.46368715083798
 4 -81.45251396648044
 5 -79.44134078212289
 12 -77.43016759776536
 63 -75.41899441340782
 32 -73.40782122905027
 41 -71.39664804469274
 115 -69.38547486033519
 85 -67.37430167597765
 118 -65.3631284916201
 69 -63.35195530726256
 250 -61.34078212290503
 146 -59.32960893854748
 183 -57.31843575418993
 102 -55.3072625698324
 84 -53.29608938547486
 231 -51.28491620111731
 79 -49.27374301675977
 116 -47.26256983240222
 1 -45.25139664804468
 272 -43.24022346368713
 3 -41.22905027932961
 156 -39.21787709497207
 314 -37.20670391061452
 418 -35.19553072625698
 94 -33.18435754189943
 62 -31.17318435754188
 176 -29.16201117318434
 10 -27.15083798882682
 55 -25.13966480446928
 555 -23.12849162011173
 122 -21.11731843575419
 54 -19.10614525139664
 16 -17.09497206703909
 55 -15.08379888268155
 150 -13.072625698324
 6 -11.06145251396646
 564 -9.050279329608941
 5 -7.039106145251395
 154 -5.02793296089385
 21 -3.016759776536304
 3 -1.005586592178759
 18 1.005586592178787
 116 3.016759776536333
 2 5.02793296089385
 539 7.039106145251395
 11 9.050279329608941
 140 11.06145251396649
 50 13.07262569832403
 11 15.08379888268158
 54 17.09497206703912
 130 19.10614525139667
 518 21.11731843575421
 66 23.12849162011173
 98 25.13966480446928
 99 27.15083798882682
 60 29.16201117318437
 214 31.17318435754191
 320 33.18435754189946
 238 35.195530726257
 149 37.20670391061452
 36 39.21787709497207
 286 41.22905027932961
 2 43.24022346368716
 114 45.2513966480447
 46 47.26256983240225
 233 49.27374301675979
 97 51.28491620111734
 195 53.29608938547489
 79 55.3072625698324
 159 57.31843575418995
 273 59.32960893854749
 67 61.34078212290504
 126 63.35195530726259
 71 65.36312849162013
 125 67.37430167597768
 58 69.38547486033519
 37 71.39664804469274
 41 73.40782122905028
 7 75.41899441340783
 7 77.43016759776538
 4 79.44134078212289
 2 81.45251396648047
 0 83.46368715083798
 5 85.47486033519556
 16 87.48603351955308
 7515 89.49720670391065
 9 91.50837988826817
 6 93.51955307262574
 2 95.53072625698326
 2 97.54189944134077
 6 99.55307262569835
 11 101.5642458100559
 34 103.5754189944134
 48 105.586592178771
 24 107.5977653631285
 110 109.608938547486
 108 111.6201117318436
 149 113.6312849162011
 4 115.6424581005587
 230 117.6536312849162
 178 119.6648044692737
 76 121.6759776536313
 189 123.6871508379888
 171 125.6983240223464
 69 127.7094972067039
 185 129.7206703910614
 221 131.731843575419
 3 133.7430167597765
 120 135.7541899441341
 187 137.7653631284916
 93 139.7765363128492
 150 141.7877094972067
 460 143.7988826815642
 105 145.8100558659218
 217 147.8212290502793
 54 149.8324022346369
 146 151.8435754189944
 66 153.854748603352
 506 155.8659217877095
 52 157.8770949720671
 183 159.8882681564246
 59 161.8994413407821
 47 163.9106145251397
 26 165.9217877094972
 156 167.9329608938548
 246 169.9441340782123
 348 171.9553072625699
 8 173.9664804469274
 156 175.9776536312849
 3 177.9888268156425
 0 180


