# Created by Octave 3.8.2, Sun Jun 21 02:50:41 2020 CEST <damian@fptrucha.inv.usc.es>
# name: hd
# type: matrix
# rows: 180
# columns: 2
 1 -180
 150 -177.9888268156425
 3 -175.9776536312849
 372 -173.9664804469274
 185 -171.9553072625698
 145 -169.9441340782123
 23 -167.9329608938548
 41 -165.9217877094972
 65 -163.9106145251397
 161 -161.8994413407821
 35 -159.8882681564246
 599 -157.877094972067
 57 -155.8659217877095
 97 -153.854748603352
 29 -151.8435754189944
 69 -149.8324022346369
 213 -147.8212290502793
 605 -145.8100558659218
 136 -143.7988826815642
 100 -141.7877094972067
 156 -139.7765363128491
 99 -137.7653631284916
 5 -135.7541899441341
 145 -133.7430167597765
 161 -131.731843575419
 76 -129.7206703910614
 194 -127.7094972067039
 233 -125.6983240223464
 95 -123.6871508379888
 185 -121.6759776536313
 159 -119.6648044692737
 4 -117.6536312849162
 88 -115.6424581005587
 111 -113.6312849162011
 112 -111.6201117318436
 14 -109.608938547486
 32 -107.5977653631285
 22 -105.5865921787709
 13 -103.5754189944134
 2 -101.5642458100559
 0 -99.55307262569832
 0 -97.54189944134077
 2 -95.53072625698323
 5 -93.5195530726257
 7900 -91.50837988826815
 5 -89.49720670391061
 3 -87.48603351955308
 1 -85.47486033519553
 3 -83.46368715083798
 2 -81.45251396648044
 9 -79.44134078212289
 5 -77.43016759776536
 35 -75.41899441340782
 23 -73.40782122905027
 49 -71.39664804469274
 118 -69.38547486033519
 77 -67.37430167597765
 96 -65.3631284916201
 58 -63.35195530726256
 275 -61.34078212290503
 144 -59.32960893854748
 213 -57.31843575418993
 91 -55.3072625698324
 80 -53.29608938547486
 209 -51.28491620111731
 38 -49.27374301675977
 86 -47.26256983240222
 1 -45.25139664804468
 251 -43.24022346368713
 3 -41.22905027932961
 140 -39.21787709497207
 318 -37.20670391061452
 456 -35.19553072625698
 95 -33.18435754189943
 64 -31.17318435754188
 147 -29.16201117318434
 18 -27.15083798882682
 54 -25.13966480446928
 676 -23.12849162011173
 118 -21.11731843575419
 44 -19.10614525139664
 10 -17.09497206703909
 33 -15.08379888268155
 167 -13.072625698324
 10 -11.06145251396646
 580 -9.050279329608941
 4 -7.039106145251395
 129 -5.02793296089385
 18 -3.016759776536304
 1 -1.005586592178759
 25 1.005586592178787
 105 3.016759776536333
 2 5.02793296089385
 589 7.039106145251395
 6 9.050279329608941
 126 11.06145251396649
 46 13.07262569832403
 10 15.08379888268158
 48 17.09497206703912
 136 19.10614525139667
 515 21.11731843575421
 58 23.12849162011173
 86 25.13966480446928
 103 27.15083798882682
 38 29.16201117318437
 193 31.17318435754191
 314 33.18435754189946
 211 35.195530726257
 157 37.20670391061452
 31 39.21787709497207
 252 41.22905027932961
 2 43.24022346368716
 123 45.2513966480447
 49 47.26256983240225
 214 49.27374301675979
 87 51.28491620111734
 181 53.29608938547489
 90 55.3072625698324
 114 57.31843575418995
 246 59.32960893854749
 52 61.34078212290504
 118 63.35195530726259
 80 65.36312849162013
 88 67.37430167597768
 42 69.38547486033519
 32 71.39664804469274
 34 73.40782122905028
 4 75.41899441340783
 5 77.43016759776538
 2 79.44134078212289
 0 81.45251396648047
 1 83.46368715083798
 7 85.47486033519556
 11 87.48603351955308
 7446 89.49720670391065
 6 91.50837988826817
 1 93.51955307262574
 0 95.53072625698326
 0 97.54189944134077
 3 99.55307262569835
 8 101.5642458100559
 14 103.5754189944134
 33 105.586592178771
 24 107.5977653631285
 92 109.608938547486
 111 111.6201117318436
 121 113.6312849162011
 4 115.6424581005587
 170 117.6536312849162
 160 119.6648044692737
 89 121.6759776536313
 151 123.6871508379888
 168 125.6983240223464
 65 127.7094972067039
 158 129.7206703910614
 176 131.731843575419
 1 133.7430167597765
 102 135.7541899441341
 170 137.7653631284916
 98 139.7765363128492
 153 141.7877094972067
 471 143.7988826815642
 115 145.8100558659218
 173 147.8212290502793
 45 149.8324022346369
 168 151.8435754189944
 54 153.854748603352
 471 155.8659217877095
 47 157.8770949720671
 137 159.8882681564246
 59 161.8994413407821
 41 163.9106145251397
 28 165.9217877094972
 135 167.9329608938548
 230 169.9441340782123
 348 171.9553072625699
 0 173.9664804469274
 119 175.9776536312849
 5 177.9888268156425
 0 180


