# Created by Octave 3.8.2, Sat Jun 20 19:52:30 2020 CEST <damian@fptrucha.inv.usc.es>
# name: hd
# type: matrix
# rows: 180
# columns: 2
 5 -180
 172 -177.9888268156425
 4 -175.9776536312849
 365 -173.9664804469274
 230 -171.9553072625698
 156 -169.9441340782123
 37 -167.9329608938548
 32 -165.9217877094972
 52 -163.9106145251397
 151 -161.8994413407821
 33 -159.8882681564246
 618 -157.877094972067
 67 -155.8659217877095
 132 -153.854748603352
 42 -151.8435754189944
 61 -149.8324022346369
 226 -147.8212290502793
 588 -145.8100558659218
 113 -143.7988826815642
 92 -141.7877094972067
 179 -139.7765363128491
 101 -137.7653631284916
 3 -135.7541899441341
 149 -133.7430167597765
 161 -131.731843575419
 74 -129.7206703910614
 156 -127.7094972067039
 237 -125.6983240223464
 101 -123.6871508379888
 181 -121.6759776536313
 180 -119.6648044692737
 2 -117.6536312849162
 106 -115.6424581005587
 129 -113.6312849162011
 110 -111.6201117318436
 22 -109.608938547486
 35 -107.5977653631285
 26 -105.5865921787709
 9 -103.5754189944134
 4 -101.5642458100559
 0 -99.55307262569832
 1 -97.54189944134077
 1 -95.53072625698323
 5 -93.5195530726257
 8124 -91.50837988826815
 6 -89.49720670391061
 3 -87.48603351955308
 1 -85.47486033519553
 0 -83.46368715083798
 2 -81.45251396648044
 4 -79.44134078212289
 6 -77.43016759776536
 35 -75.41899441340782
 29 -73.40782122905027
 46 -71.39664804469274
 119 -69.38547486033519
 60 -67.37430167597765
 111 -65.3631284916201
 49 -63.35195530726256
 271 -61.34078212290503
 133 -59.32960893854748
 239 -57.31843575418993
 88 -55.3072625698324
 85 -53.29608938547486
 248 -51.28491620111731
 55 -49.27374301675977
 89 -47.26256983240222
 2 -45.25139664804468
 267 -43.24022346368713
 1 -41.22905027932961
 193 -39.21787709497207
 308 -37.20670391061452
 511 -35.19553072625698
 118 -33.18435754189943
 64 -31.17318435754188
 144 -29.16201117318434
 14 -27.15083798882682
 54 -25.13966480446928
 641 -23.12849162011173
 153 -21.11731843575419
 45 -19.10614525139664
 10 -17.09497206703909
 32 -15.08379888268155
 176 -13.072625698324
 4 -11.06145251396646
 590 -9.050279329608941
 1 -7.039106145251395
 126 -5.02793296089385
 20 -3.016759776536304
 3 -1.005586592178759
 19 1.005586592178787
 128 3.016759776536333
 2 5.02793296089385
 508 7.039106145251395
 3 9.050279329608941
 127 11.06145251396649
 42 13.07262569832403
 6 15.08379888268158
 65 17.09497206703912
 101 19.10614525139667
 538 21.11731843575421
 50 23.12849162011173
 78 25.13966480446928
 92 27.15083798882682
 56 29.16201117318437
 217 31.17318435754191
 326 33.18435754189946
 269 35.195530726257
 167 37.20670391061452
 28 39.21787709497207
 297 41.22905027932961
 1 43.24022346368716
 111 45.2513966480447
 61 47.26256983240225
 235 49.27374301675979
 107 51.28491620111734
 201 53.29608938547489
 72 55.3072625698324
 138 57.31843575418995
 259 59.32960893854749
 62 61.34078212290504
 108 63.35195530726259
 77 65.36312849162013
 125 67.37430167597768
 45 69.38547486033519
 35 71.39664804469274
 42 73.40782122905028
 8 75.41899441340783
 8 77.43016759776538
 1 79.44134078212289
 0 81.45251396648047
 1 83.46368715083798
 5 85.47486033519556
 13 87.48603351955308
 7877 89.49720670391065
 2 91.50837988826817
 3 93.51955307262574
 1 95.53072625698326
 0 97.54189944134077
 2 99.55307262569835
 10 101.5642458100559
 29 103.5754189944134
 37 105.586592178771
 31 107.5977653631285
 112 109.608938547486
 109 111.6201117318436
 118 113.6312849162011
 3 115.6424581005587
 214 117.6536312849162
 162 119.6648044692737
 74 121.6759776536313
 165 123.6871508379888
 167 125.6983240223464
 103 127.7094972067039
 161 129.7206703910614
 185 131.731843575419
 0 133.7430167597765
 118 135.7541899441341
 163 137.7653631284916
 115 139.7765363128492
 121 141.7877094972067
 452 143.7988826815642
 115 145.8100558659218
 225 147.8212290502793
 39 149.8324022346369
 157 151.8435754189944
 62 153.854748603352
 472 155.8659217877095
 51 157.8770949720671
 127 159.8882681564246
 69 161.8994413407821
 41 163.9106145251397
 26 165.9217877094972
 124 167.9329608938548
 194 169.9441340782123
 343 171.9553072625699
 3 173.9664804469274
 141 175.9776536312849
 1 177.9888268156425
 0 180


