# Created by Octave 3.8.2, Sat Jun 20 16:08:06 2020 CEST <damian@fptrucha.inv.usc.es>
# name: hd
# type: matrix
# rows: 180
# columns: 2
 2 -180
 179 -177.9888268156425
 4 -175.9776536312849
 359 -173.9664804469274
 260 -171.9553072625698
 147 -169.9441340782123
 34 -167.9329608938548
 37 -165.9217877094972
 52 -163.9106145251397
 160 -161.8994413407821
 37 -159.8882681564246
 617 -157.877094972067
 62 -155.8659217877095
 106 -153.854748603352
 56 -151.8435754189944
 60 -149.8324022346369
 220 -147.8212290502793
 649 -145.8100558659218
 125 -143.7988826815642
 78 -141.7877094972067
 162 -139.7765363128491
 85 -137.7653631284916
 0 -135.7541899441341
 162 -133.7430167597765
 172 -131.731843575419
 99 -129.7206703910614
 184 -127.7094972067039
 204 -125.6983240223464
 83 -123.6871508379888
 184 -121.6759776536313
 188 -119.6648044692737
 2 -117.6536312849162
 108 -115.6424581005587
 118 -113.6312849162011
 122 -111.6201117318436
 15 -109.608938547486
 35 -107.5977653631285
 21 -105.5865921787709
 17 -103.5754189944134
 3 -101.5642458100559
 0 -99.55307262569832
 0 -97.54189944134077
 3 -95.53072625698323
 2 -93.5195530726257
 8331 -91.50837988826815
 13 -89.49720670391061
 2 -87.48603351955308
 2 -85.47486033519553
 1 -83.46368715083798
 2 -81.45251396648044
 7 -79.44134078212289
 4 -77.43016759776536
 41 -75.41899441340782
 19 -73.40782122905027
 58 -71.39664804469274
 120 -69.38547486033519
 95 -67.37430167597765
 81 -65.3631284916201
 41 -63.35195530726256
 284 -61.34078212290503
 160 -59.32960893854748
 218 -57.31843575418993
 87 -55.3072625698324
 92 -53.29608938547486
 260 -51.28491620111731
 67 -49.27374301675977
 108 -47.26256983240222
 3 -45.25139664804468
 254 -43.24022346368713
 4 -41.22905027932961
 165 -39.21787709497207
 321 -37.20670391061452
 498 -35.19553072625698
 98 -33.18435754189943
 54 -31.17318435754188
 132 -29.16201117318434
 6 -27.15083798882682
 45 -25.13966480446928
 644 -23.12849162011173
 129 -21.11731843575419
 39 -19.10614525139664
 7 -17.09497206703909
 44 -15.08379888268155
 163 -13.072625698324
 9 -11.06145251396646
 552 -9.050279329608941
 4 -7.039106145251395
 123 -5.02793296089385
 19 -3.016759776536304
 1 -1.005586592178759
 13 1.005586592178787
 122 3.016759776536333
 1 5.02793296089385
 572 7.039106145251395
 9 9.050279329608941
 122 11.06145251396649
 45 13.07262569832403
 10 15.08379888268158
 63 17.09497206703912
 95 19.10614525139667
 531 21.11731843575421
 71 23.12849162011173
 105 25.13966480446928
 102 27.15083798882682
 50 29.16201117318437
 221 31.17318435754191
 331 33.18435754189946
 220 35.195530726257
 165 37.20670391061452
 32 39.21787709497207
 307 41.22905027932961
 1 43.24022346368716
 123 45.2513966480447
 62 47.26256983240225
 220 49.27374301675979
 82 51.28491620111734
 187 53.29608938547489
 78 55.3072625698324
 146 57.31843575418995
 261 59.32960893854749
 60 61.34078212290504
 143 63.35195530726259
 97 65.36312849162013
 109 67.37430167597768
 46 69.38547486033519
 35 71.39664804469274
 43 73.40782122905028
 3 75.41899441340783
 10 77.43016759776538
 3 79.44134078212289
 1 81.45251396648047
 1 83.46368715083798
 2 85.47486033519556
 7 87.48603351955308
 7915 89.49720670391065
 5 91.50837988826817
 4 93.51955307262574
 1 95.53072625698326
 1 97.54189944134077
 6 99.55307262569835
 13 101.5642458100559
 31 103.5754189944134
 32 105.586592178771
 31 107.5977653631285
 93 109.608938547486
 125 111.6201117318436
 145 113.6312849162011
 3 115.6424581005587
 218 117.6536312849162
 145 119.6648044692737
 85 121.6759776536313
 178 123.6871508379888
 202 125.6983240223464
 73 127.7094972067039
 170 129.7206703910614
 187 131.731843575419
 1 133.7430167597765
 117 135.7541899441341
 178 137.7653631284916
 93 139.7765363128492
 126 141.7877094972067
 467 143.7988826815642
 118 145.8100558659218
 219 147.8212290502793
 48 149.8324022346369
 146 151.8435754189944
 62 153.854748603352
 485 155.8659217877095
 69 157.8770949720671
 151 159.8882681564246
 79 161.8994413407821
 58 163.9106145251397
 12 165.9217877094972
 136 167.9329608938548
 231 169.9441340782123
 336 171.9553072625699
 5 173.9664804469274
 158 175.9776536312849
 2 177.9888268156425
 0 180


