# Created by Octave 3.8.2, Mon Jun 22 10:26:46 2020 CEST <damian@fptrucha.inv.usc.es>
# name: hd
# type: matrix
# rows: 180
# columns: 2
 1 -180
 163 -177.9888268156425
 1 -175.9776536312849
 409 -173.9664804469274
 258 -171.9553072625698
 143 -169.9441340782123
 37 -167.9329608938548
 69 -165.9217877094972
 61 -163.9106145251397
 161 -161.8994413407821
 46 -159.8882681564246
 548 -157.877094972067
 55 -155.8659217877095
 120 -153.854748603352
 39 -151.8435754189944
 74 -149.8324022346369
 223 -147.8212290502793
 572 -145.8100558659218
 116 -143.7988826815642
 89 -141.7877094972067
 141 -139.7765363128491
 120 -137.7653631284916
 3 -135.7541899441341
 160 -133.7430167597765
 175 -131.731843575419
 66 -129.7206703910614
 167 -127.7094972067039
 185 -125.6983240223464
 91 -123.6871508379888
 169 -121.6759776536313
 198 -119.6648044692737
 3 -117.6536312849162
 114 -115.6424581005587
 87 -113.6312849162011
 125 -111.6201117318436
 19 -109.608938547486
 42 -107.5977653631285
 22 -105.5865921787709
 12 -103.5754189944134
 2 -101.5642458100559
 3 -99.55307262569832
 0 -97.54189944134077
 4 -95.53072625698323
 6 -93.5195530726257
 7810 -91.50837988826815
 14 -89.49720670391061
 3 -87.48603351955308
 3 -85.47486033519553
 0 -83.46368715083798
 1 -81.45251396648044
 6 -79.44134078212289
 4 -77.43016759776536
 51 -75.41899441340782
 30 -73.40782122905027
 32 -71.39664804469274
 110 -69.38547486033519
 73 -67.37430167597765
 105 -65.3631284916201
 62 -63.35195530726256
 236 -61.34078212290503
 128 -59.32960893854748
 228 -57.31843575418993
 88 -55.3072625698324
 82 -53.29608938547486
 213 -51.28491620111731
 49 -49.27374301675977
 129 -47.26256983240222
 4 -45.25139664804468
 284 -43.24022346368713
 2 -41.22905027932961
 154 -39.21787709497207
 276 -37.20670391061452
 448 -35.19553072625698
 134 -33.18435754189943
 60 -31.17318435754188
 160 -29.16201117318434
 12 -27.15083798882682
 65 -25.13966480446928
 582 -23.12849162011173
 131 -21.11731843575419
 48 -19.10614525139664
 12 -17.09497206703909
 46 -15.08379888268155
 163 -13.072625698324
 13 -11.06145251396646
 585 -9.050279329608941
 4 -7.039106145251395
 130 -5.02793296089385
 25 -3.016759776536304
 4 -1.005586592178759
 17 1.005586592178787
 113 3.016759776536333
 1 5.02793296089385
 571 7.039106145251395
 12 9.050279329608941
 152 11.06145251396649
 56 13.07262569832403
 12 15.08379888268158
 54 17.09497206703912
 117 19.10614525139667
 538 21.11731843575421
 75 23.12849162011173
 66 25.13966480446928
 98 27.15083798882682
 54 29.16201117318437
 200 31.17318435754191
 349 33.18435754189946
 243 35.195530726257
 143 37.20670391061452
 48 39.21787709497207
 261 41.22905027932961
 2 43.24022346368716
 107 45.2513966480447
 69 47.26256983240225
 240 49.27374301675979
 99 51.28491620111734
 217 53.29608938547489
 71 55.3072625698324
 158 57.31843575418995
 262 59.32960893854749
 57 61.34078212290504
 117 63.35195530726259
 73 65.36312849162013
 117 67.37430167597768
 48 69.38547486033519
 32 71.39664804469274
 44 73.40782122905028
 14 75.41899441340783
 9 77.43016759776538
 4 79.44134078212289
 0 81.45251396648047
 4 83.46368715083798
 5 85.47486033519556
 12 87.48603351955308
 7482 89.49720670391065
 9 91.50837988826817
 6 93.51955307262574
 4 95.53072625698326
 0 97.54189944134077
 4 99.55307262569835
 25 101.5642458100559
 20 103.5754189944134
 53 105.586592178771
 34 107.5977653631285
 99 109.608938547486
 129 111.6201117318436
 151 113.6312849162011
 3 115.6424581005587
 223 117.6536312849162
 194 119.6648044692737
 106 121.6759776536313
 183 123.6871508379888
 178 125.6983240223464
 78 127.7094972067039
 160 129.7206703910614
 188 131.731843575419
 2 133.7430167597765
 121 135.7541899441341
 166 137.7653631284916
 110 139.7765363128492
 162 141.7877094972067
 485 143.7988826815642
 113 145.8100558659218
 209 147.8212290502793
 59 149.8324022346369
 115 151.8435754189944
 67 153.854748603352
 489 155.8659217877095
 45 157.8770949720671
 133 159.8882681564246
 58 161.8994413407821
 43 163.9106145251397
 27 165.9217877094972
 149 167.9329608938548
 235 169.9441340782123
 342 171.9553072625699
 2 173.9664804469274
 162 175.9776536312849
 2 177.9888268156425
 0 180


