# Created by Octave 3.8.2, Sun Jun 21 06:34:15 2020 CEST <damian@fptrucha.inv.usc.es>
# name: hd
# type: matrix
# rows: 180
# columns: 2
 2 -180
 148 -177.9888268156425
 4 -175.9776536312849
 355 -173.9664804469274
 224 -171.9553072625698
 139 -169.9441340782123
 27 -167.9329608938548
 29 -165.9217877094972
 56 -163.9106145251397
 186 -161.8994413407821
 36 -159.8882681564246
 617 -157.877094972067
 60 -155.8659217877095
 121 -153.854748603352
 47 -151.8435754189944
 68 -149.8324022346369
 208 -147.8212290502793
 647 -145.8100558659218
 131 -143.7988826815642
 93 -141.7877094972067
 164 -139.7765363128491
 112 -137.7653631284916
 2 -135.7541899441341
 164 -133.7430167597765
 141 -131.731843575419
 68 -129.7206703910614
 185 -127.7094972067039
 240 -125.6983240223464
 91 -123.6871508379888
 189 -121.6759776536313
 187 -119.6648044692737
 3 -117.6536312849162
 98 -115.6424581005587
 114 -113.6312849162011
 129 -111.6201117318436
 19 -109.608938547486
 27 -107.5977653631285
 28 -105.5865921787709
 14 -103.5754189944134
 3 -101.5642458100559
 0 -99.55307262569832
 1 -97.54189944134077
 2 -95.53072625698323
 4 -93.5195530726257
 8240 -91.50837988826815
 10 -89.49720670391061
 0 -87.48603351955308
 2 -85.47486033519553
 0 -83.46368715083798
 0 -81.45251396648044
 8 -79.44134078212289
 11 -77.43016759776536
 43 -75.41899441340782
 31 -73.40782122905027
 64 -71.39664804469274
 116 -69.38547486033519
 89 -67.37430167597765
 104 -65.3631284916201
 46 -63.35195530726256
 306 -61.34078212290503
 172 -59.32960893854748
 209 -57.31843575418993
 94 -55.3072625698324
 82 -53.29608938547486
 248 -51.28491620111731
 56 -49.27374301675977
 120 -47.26256983240222
 0 -45.25139664804468
 280 -43.24022346368713
 5 -41.22905027932961
 156 -39.21787709497207
 316 -37.20670391061452
 473 -35.19553072625698
 95 -33.18435754189943
 67 -31.17318435754188
 193 -29.16201117318434
 9 -27.15083798882682
 52 -25.13966480446928
 616 -23.12849162011173
 155 -21.11731843575419
 52 -19.10614525139664
 9 -17.09497206703909
 48 -15.08379888268155
 152 -13.072625698324
 8 -11.06145251396646
 602 -9.050279329608941
 4 -7.039106145251395
 146 -5.02793296089385
 25 -3.016759776536304
 3 -1.005586592178759
 24 1.005586592178787
 120 3.016759776536333
 0 5.02793296089385
 552 7.039106145251395
 7 9.050279329608941
 139 11.06145251396649
 56 13.07262569832403
 7 15.08379888268158
 63 17.09497206703912
 121 19.10614525139667
 496 21.11731843575421
 50 23.12849162011173
 82 25.13966480446928
 123 27.15083798882682
 60 29.16201117318437
 219 31.17318435754191
 324 33.18435754189946
 226 35.195530726257
 167 37.20670391061452
 39 39.21787709497207
 284 41.22905027932961
 1 43.24022346368716
 132 45.2513966480447
 60 47.26256983240225
 212 49.27374301675979
 102 51.28491620111734
 201 53.29608938547489
 72 55.3072625698324
 120 57.31843575418995
 226 59.32960893854749
 47 61.34078212290504
 120 63.35195530726259
 67 65.36312849162013
 102 67.37430167597768
 42 69.38547486033519
 28 71.39664804469274
 43 73.40782122905028
 12 75.41899441340783
 10 77.43016759776538
 2 79.44134078212289
 1 81.45251396648047
 1 83.46368715083798
 4 85.47486033519556
 19 87.48603351955308
 7712 89.49720670391065
 2 91.50837988826817
 1 93.51955307262574
 2 95.53072625698326
 0 97.54189944134077
 3 99.55307262569835
 10 101.5642458100559
 14 103.5754189944134
 32 105.586592178771
 24 107.5977653631285
 108 109.608938547486
 108 111.6201117318436
 116 113.6312849162011
 5 115.6424581005587
 206 117.6536312849162
 158 119.6648044692737
 81 121.6759776536313
 192 123.6871508379888
 151 125.6983240223464
 92 127.7094972067039
 123 129.7206703910614
 180 131.731843575419
 1 133.7430167597765
 109 135.7541899441341
 183 137.7653631284916
 90 139.7765363128492
 132 141.7877094972067
 466 143.7988826815642
 136 145.8100558659218
 208 147.8212290502793
 47 149.8324022346369
 166 151.8435754189944
 50 153.854748603352
 463 155.8659217877095
 59 157.8770949720671
 122 159.8882681564246
 69 161.8994413407821
 43 163.9106145251397
 9 165.9217877094972
 127 167.9329608938548
 210 169.9441340782123
 324 171.9553072625699
 4 173.9664804469274
 145 175.9776536312849
 3 177.9888268156425
 0 180


