# Created by Octave 3.8.2, Mon Jun 22 02:27:10 2020 CEST <damian@fptrucha.inv.usc.es>
# name: hd
# type: matrix
# rows: 180
# columns: 2
 0 -180
 32 -177.9888268156425
 2 -175.9776536312849
 44 -173.9664804469274
 35 -171.9553072625698
 12 -169.9441340782123
 8 -167.9329608938548
 1 -165.9217877094972
 2 -163.9106145251397
 21 -161.8994413407821
 0 -159.8882681564246
 30 -157.877094972067
 3 -155.8659217877095
 1 -153.854748603352
 1 -151.8435754189944
 4 -149.8324022346369
 12 -147.8212290502793
 75 -145.8100558659218
 5 -143.7988826815642
 3 -141.7877094972067
 10 -139.7765363128491
 0 -137.7653631284916
 1 -135.7541899441341
 5 -133.7430167597765
 11 -131.731843575419
 1 -129.7206703910614
 40 -127.7094972067039
 6 -125.6983240223464
 3 -123.6871508379888
 28 -121.6759776536313
 8 -119.6648044692737
 0 -117.6536312849162
 3 -115.6424581005587
 24 -113.6312849162011
 12 -111.6201117318436
 2 -109.608938547486
 3 -107.5977653631285
 5 -105.5865921787709
 4 -103.5754189944134
 1 -101.5642458100559
 0 -99.55307262569832
 0 -97.54189944134077
 1 -95.53072625698323
 1 -93.5195530726257
 480 -91.50837988826815
 7 -89.49720670391061
 3 -87.48603351955308
 2 -85.47486033519553
 0 -83.46368715083798
 1 -81.45251396648044
 3 -79.44134078212289
 2 -77.43016759776536
 4 -75.41899441340782
 0 -73.40782122905027
 5 -71.39664804469274
 16 -69.38547486033519
 10 -67.37430167597765
 2 -65.3631284916201
 2 -63.35195530726256
 33 -61.34078212290503
 10 -59.32960893854748
 15 -57.31843575418993
 24 -55.3072625698324
 10 -53.29608938547486
 23 -51.28491620111731
 3 -49.27374301675977
 2 -47.26256983240222
 0 -45.25139664804468
 9 -43.24022346368713
 1 -41.22905027932961
 8 -39.21787709497207
 38 -37.20670391061452
 50 -35.19553072625698
 1 -33.18435754189943
 9 -31.17318435754188
 5 -29.16201117318434
 2 -27.15083798882682
 1 -25.13966480446928
 31 -23.12849162011173
 35 -21.11731843575419
 3 -19.10614525139664
 2 -17.09497206703909
 0 -15.08379888268155
 11 -13.072625698324
 3 -11.06145251396646
 76 -9.050279329608941
 1 -7.039106145251395
 26 -5.02793296089385
 6 -3.016759776536304
 1 -1.005586592178759
 0 1.005586592178787
 0 3.016759776536333
 0 5.02793296089385
 1 7.039106145251395
 2 9.050279329608941
 5 11.06145251396649
 8 13.07262569832403
 6 15.08379888268158
 2 17.09497206703912
 1 19.10614525139667
 5 21.11731843575421
 19 23.12849162011173
 11 25.13966480446928
 11 27.15083798882682
 0 29.16201117318437
 12 31.17318435754191
 1 33.18435754189946
 1 35.195530726257
 15 37.20670391061452
 0 39.21787709497207
 42 41.22905027932961
 2 43.24022346368716
 20 45.2513966480447
 1 47.26256983240225
 2 49.27374301675979
 0 51.28491620111734
 0 53.29608938547489
 1 55.3072625698324
 9 57.31843575418995
 11 59.32960893854749
 5 61.34078212290504
 18 63.35195530726259
 3 65.36312849162013
 1 67.37430167597768
 2 69.38547486033519
 15 71.39664804469274
 1 73.40782122905028
 2 75.41899441340783
 0 77.43016759776538
 0 79.44134078212289
 1 81.45251396648047
 0 83.46368715083798
 1 85.47486033519556
 3 87.48603351955308
 189 89.49720670391065
 6 91.50837988826817
 3 93.51955307262574
 0 95.53072625698326
 0 97.54189944134077
 1 99.55307262569835
 2 101.5642458100559
 2 103.5754189944134
 6 105.586592178771
 8 107.5977653631285
 1 109.608938547486
 3 111.6201117318436
 7 113.6312849162011
 1 115.6424581005587
 15 117.6536312849162
 3 119.6648044692737
 8 121.6759776536313
 3 123.6871508379888
 0 125.6983240223464
 1 127.7094972067039
 2 129.7206703910614
 14 131.731843575419
 2 133.7430167597765
 20 135.7541899441341
 24 137.7653631284916
 3 139.7765363128492
 7 141.7877094972067
 2 143.7988826815642
 4 145.8100558659218
 12 147.8212290502793
 0 149.8324022346369
 19 151.8435754189944
 22 153.854748603352
 1 155.8659217877095
 2 157.8770949720671
 0 159.8882681564246
 9 161.8994413407821
 5 163.9106145251397
 0 165.9217877094972
 1 167.9329608938548
 3 169.9441340782123
 3 171.9553072625699
 3 173.9664804469274
 1 175.9776536312849
 0 177.9888268156425
 0 180


