# Created by Octave 3.8.2, Sun Jun 21 06:14:24 2020 CEST <damian@fptrucha.inv.usc.es>
# name: hd
# type: matrix
# rows: 180
# columns: 2
 1 -180
 147 -177.9888268156425
 5 -175.9776536312849
 374 -173.9664804469274
 237 -171.9553072625698
 188 -169.9441340782123
 37 -167.9329608938548
 26 -165.9217877094972
 55 -163.9106145251397
 175 -161.8994413407821
 31 -159.8882681564246
 643 -157.877094972067
 49 -155.8659217877095
 111 -153.854748603352
 34 -151.8435754189944
 71 -149.8324022346369
 173 -147.8212290502793
 568 -145.8100558659218
 129 -143.7988826815642
 95 -141.7877094972067
 155 -139.7765363128491
 98 -137.7653631284916
 2 -135.7541899441341
 146 -133.7430167597765
 140 -131.731843575419
 83 -129.7206703910614
 174 -127.7094972067039
 231 -125.6983240223464
 86 -123.6871508379888
 230 -121.6759776536313
 181 -119.6648044692737
 4 -117.6536312849162
 80 -115.6424581005587
 102 -113.6312849162011
 121 -111.6201117318436
 17 -109.608938547486
 21 -107.5977653631285
 18 -105.5865921787709
 8 -103.5754189944134
 1 -101.5642458100559
 0 -99.55307262569832
 0 -97.54189944134077
 3 -95.53072625698323
 6 -93.5195530726257
 8014 -91.50837988826815
 9 -89.49720670391061
 2 -87.48603351955308
 1 -85.47486033519553
 0 -83.46368715083798
 1 -81.45251396648044
 6 -79.44134078212289
 4 -77.43016759776536
 49 -75.41899441340782
 20 -73.40782122905027
 54 -71.39664804469274
 126 -69.38547486033519
 56 -67.37430167597765
 86 -65.3631284916201
 46 -63.35195530726256
 248 -61.34078212290503
 149 -59.32960893854748
 209 -57.31843575418993
 91 -55.3072625698324
 76 -53.29608938547486
 203 -51.28491620111731
 63 -49.27374301675977
 107 -47.26256983240222
 2 -45.25139664804468
 266 -43.24022346368713
 0 -41.22905027932961
 157 -39.21787709497207
 315 -37.20670391061452
 426 -35.19553072625698
 113 -33.18435754189943
 65 -31.17318435754188
 151 -29.16201117318434
 12 -27.15083798882682
 44 -25.13966480446928
 653 -23.12849162011173
 140 -21.11731843575419
 40 -19.10614525139664
 9 -17.09497206703909
 32 -15.08379888268155
 168 -13.072625698324
 2 -11.06145251396646
 557 -9.050279329608941
 1 -7.039106145251395
 129 -5.02793296089385
 24 -3.016759776536304
 0 -1.005586592178759
 19 1.005586592178787
 125 3.016759776536333
 0 5.02793296089385
 567 7.039106145251395
 6 9.050279329608941
 111 11.06145251396649
 48 13.07262569832403
 14 15.08379888268158
 47 17.09497206703912
 96 19.10614525139667
 498 21.11731843575421
 59 23.12849162011173
 102 25.13966480446928
 111 27.15083798882682
 47 29.16201117318437
 226 31.17318435754191
 305 33.18435754189946
 216 35.195530726257
 154 37.20670391061452
 25 39.21787709497207
 279 41.22905027932961
 1 43.24022346368716
 111 45.2513966480447
 57 47.26256983240225
 199 49.27374301675979
 66 51.28491620111734
 205 53.29608938547489
 89 55.3072625698324
 120 57.31843575418995
 252 59.32960893854749
 60 61.34078212290504
 137 63.35195530726259
 73 65.36312849162013
 98 67.37430167597768
 43 69.38547486033519
 27 71.39664804469274
 34 73.40782122905028
 4 75.41899441340783
 7 77.43016759776538
 3 79.44134078212289
 0 81.45251396648047
 0 83.46368715083798
 4 85.47486033519556
 8 87.48603351955308
 7363 89.49720670391065
 1 91.50837988826817
 0 93.51955307262574
 2 95.53072625698326
 0 97.54189944134077
 6 99.55307262569835
 11 101.5642458100559
 19 103.5754189944134
 34 105.586592178771
 18 107.5977653631285
 112 109.608938547486
 111 111.6201117318436
 106 113.6312849162011
 2 115.6424581005587
 224 117.6536312849162
 168 119.6648044692737
 85 121.6759776536313
 167 123.6871508379888
 173 125.6983240223464
 77 127.7094972067039
 153 129.7206703910614
 173 131.731843575419
 0 133.7430167597765
 101 135.7541899441341
 178 137.7653631284916
 97 139.7765363128492
 132 141.7877094972067
 443 143.7988826815642
 112 145.8100558659218
 202 147.8212290502793
 44 149.8324022346369
 143 151.8435754189944
 71 153.854748603352
 482 155.8659217877095
 40 157.8770949720671
 102 159.8882681564246
 76 161.8994413407821
 49 163.9106145251397
 16 165.9217877094972
 108 167.9329608938548
 208 169.9441340782123
 306 171.9553072625699
 1 173.9664804469274
 152 175.9776536312849
 4 177.9888268156425
 0 180


