# Created by Octave 3.8.2, Sat Jun 20 02:56:33 2020 CEST <damian@fptrucha.inv.usc.es>
# name: hd
# type: matrix
# rows: 180
# columns: 2
 2 -180
 177 -177.9888268156425
 3 -175.9776536312849
 406 -173.9664804469274
 234 -171.9553072625698
 182 -169.9441340782123
 31 -167.9329608938548
 33 -165.9217877094972
 57 -163.9106145251397
 173 -161.8994413407821
 36 -159.8882681564246
 678 -157.877094972067
 74 -155.8659217877095
 144 -153.854748603352
 49 -151.8435754189944
 76 -149.8324022346369
 262 -147.8212290502793
 665 -145.8100558659218
 151 -143.7988826815642
 98 -141.7877094972067
 208 -139.7765363128491
 123 -137.7653631284916
 1 -135.7541899441341
 185 -133.7430167597765
 177 -131.731843575419
 87 -129.7206703910614
 193 -127.7094972067039
 291 -125.6983240223464
 118 -123.6871508379888
 243 -121.6759776536313
 226 -119.6648044692737
 3 -117.6536312849162
 106 -115.6424581005587
 143 -113.6312849162011
 151 -111.6201117318436
 20 -109.608938547486
 38 -107.5977653631285
 22 -105.5865921787709
 10 -103.5754189944134
 4 -101.5642458100559
 1 -99.55307262569832
 2 -97.54189944134077
 1 -95.53072625698323
 8 -93.5195530726257
 9306 -91.50837988826815
 11 -89.49720670391061
 2 -87.48603351955308
 2 -85.47486033519553
 0 -83.46368715083798
 1 -81.45251396648044
 8 -79.44134078212289
 6 -77.43016759776536
 57 -75.41899441340782
 27 -73.40782122905027
 69 -71.39664804469274
 150 -69.38547486033519
 85 -67.37430167597765
 126 -65.3631284916201
 47 -63.35195530726256
 279 -61.34078212290503
 162 -59.32960893854748
 213 -57.31843575418993
 102 -55.3072625698324
 89 -53.29608938547486
 234 -51.28491620111731
 53 -49.27374301675977
 127 -47.26256983240222
 1 -45.25139664804468
 281 -43.24022346368713
 2 -41.22905027932961
 169 -39.21787709497207
 324 -37.20670391061452
 474 -35.19553072625698
 112 -33.18435754189943
 62 -31.17318435754188
 145 -29.16201117318434
 9 -27.15083798882682
 62 -25.13966480446928
 642 -23.12849162011173
 145 -21.11731843575419
 58 -19.10614525139664
 10 -17.09497206703909
 41 -15.08379888268155
 182 -13.072625698324
 5 -11.06145251396646
 620 -9.050279329608941
 0 -7.039106145251395
 125 -5.02793296089385
 17 -3.016759776536304
 4 -1.005586592178759
 15 1.005586592178787
 122 3.016759776536333
 1 5.02793296089385
 566 7.039106145251395
 8 9.050279329608941
 126 11.06145251396649
 45 13.07262569832403
 13 15.08379888268158
 60 17.09497206703912
 115 19.10614525139667
 594 21.11731843575421
 45 23.12849162011173
 85 25.13966480446928
 126 27.15083798882682
 62 29.16201117318437
 239 31.17318435754191
 330 33.18435754189946
 260 35.195530726257
 176 37.20670391061452
 38 39.21787709497207
 284 41.22905027932961
 3 43.24022346368716
 109 45.2513966480447
 69 47.26256983240225
 209 49.27374301675979
 92 51.28491620111734
 174 53.29608938547489
 58 55.3072625698324
 129 57.31843575418995
 244 59.32960893854749
 59 61.34078212290504
 117 63.35195530726259
 77 65.36312849162013
 87 67.37430167597768
 33 69.38547486033519
 24 71.39664804469274
 31 73.40782122905028
 4 75.41899441340783
 8 77.43016759776538
 3 79.44134078212289
 1 81.45251396648047
 3 83.46368715083798
 6 85.47486033519556
 8 87.48603351955308
 7960 89.49720670391065
 10 91.50837988826817
 5 93.51955307262574
 0 95.53072625698326
 1 97.54189944134077
 4 99.55307262569835
 13 101.5642458100559
 20 103.5754189944134
 32 105.586592178771
 22 107.5977653631285
 86 109.608938547486
 104 111.6201117318436
 119 113.6312849162011
 2 115.6424581005587
 178 117.6536312849162
 143 119.6648044692737
 75 121.6759776536313
 169 123.6871508379888
 169 125.6983240223464
 68 127.7094972067039
 176 129.7206703910614
 191 131.731843575419
 2 133.7430167597765
 125 135.7541899441341
 187 137.7653631284916
 106 139.7765363128492
 163 141.7877094972067
 504 143.7988826815642
 133 145.8100558659218
 202 147.8212290502793
 48 149.8324022346369
 139 151.8435754189944
 72 153.854748603352
 535 155.8659217877095
 53 157.8770949720671
 131 159.8882681564246
 71 161.8994413407821
 49 163.9106145251397
 13 165.9217877094972
 140 167.9329608938548
 246 169.9441340782123
 396 171.9553072625699
 4 173.9664804469274
 141 175.9776536312849
 2 177.9888268156425
 0 180


