# Created by Octave 3.8.2, Mon Jun 22 14:55:37 2020 CEST <damian@fptrucha.inv.usc.es>
# name: hd
# type: matrix
# rows: 180
# columns: 2
 3 -180
 188 -177.9888268156425
 3 -175.9776536312849
 392 -173.9664804469274
 246 -171.9553072625698
 121 -169.9441340782123
 26 -167.9329608938548
 43 -165.9217877094972
 65 -163.9106145251397
 147 -161.8994413407821
 55 -159.8882681564246
 563 -157.877094972067
 68 -155.8659217877095
 158 -153.854748603352
 44 -151.8435754189944
 65 -149.8324022346369
 224 -147.8212290502793
 634 -145.8100558659218
 119 -143.7988826815642
 89 -141.7877094972067
 180 -139.7765363128491
 104 -137.7653631284916
 5 -135.7541899441341
 193 -133.7430167597765
 187 -131.731843575419
 80 -129.7206703910614
 171 -127.7094972067039
 217 -125.6983240223464
 94 -123.6871508379888
 164 -121.6759776536313
 218 -119.6648044692737
 7 -117.6536312849162
 125 -115.6424581005587
 123 -113.6312849162011
 144 -111.6201117318436
 16 -109.608938547486
 40 -107.5977653631285
 32 -105.5865921787709
 10 -103.5754189944134
 1 -101.5642458100559
 0 -99.55307262569832
 2 -97.54189944134077
 3 -95.53072625698323
 7 -93.5195530726257
 8003 -91.50837988826815
 12 -89.49720670391061
 4 -87.48603351955308
 1 -85.47486033519553
 0 -83.46368715083798
 2 -81.45251396648044
 9 -79.44134078212289
 5 -77.43016759776536
 55 -75.41899441340782
 31 -73.40782122905027
 39 -71.39664804469274
 131 -69.38547486033519
 80 -67.37430167597765
 121 -65.3631284916201
 60 -63.35195530726256
 270 -61.34078212290503
 140 -59.32960893854748
 220 -57.31843575418993
 79 -55.3072625698324
 77 -53.29608938547486
 233 -51.28491620111731
 63 -49.27374301675977
 123 -47.26256983240222
 1 -45.25139664804468
 308 -43.24022346368713
 2 -41.22905027932961
 179 -39.21787709497207
 313 -37.20670391061452
 454 -35.19553072625698
 128 -33.18435754189943
 43 -31.17318435754188
 192 -29.16201117318434
 9 -27.15083798882682
 58 -25.13966480446928
 595 -23.12849162011173
 149 -21.11731843575419
 67 -19.10614525139664
 15 -17.09497206703909
 39 -15.08379888268155
 157 -13.072625698324
 6 -11.06145251396646
 629 -9.050279329608941
 3 -7.039106145251395
 123 -5.02793296089385
 30 -3.016759776536304
 6 -1.005586592178759
 18 1.005586592178787
 114 3.016759776536333
 3 5.02793296089385
 582 7.039106145251395
 11 9.050279329608941
 150 11.06145251396649
 59 13.07262569832403
 20 15.08379888268158
 47 17.09497206703912
 129 19.10614525139667
 522 21.11731843575421
 63 23.12849162011173
 98 25.13966480446928
 113 27.15083798882682
 65 29.16201117318437
 211 31.17318435754191
 310 33.18435754189946
 214 35.195530726257
 148 37.20670391061452
 32 39.21787709497207
 290 41.22905027932961
 1 43.24022346368716
 122 45.2513966480447
 78 47.26256983240225
 241 49.27374301675979
 106 51.28491620111734
 182 53.29608938547489
 82 55.3072625698324
 152 57.31843575418995
 250 59.32960893854749
 78 61.34078212290504
 145 63.35195530726259
 79 65.36312849162013
 122 67.37430167597768
 53 69.38547486033519
 39 71.39664804469274
 56 73.40782122905028
 10 75.41899441340783
 6 77.43016759776538
 3 79.44134078212289
 2 81.45251396648047
 3 83.46368715083798
 1 85.47486033519556
 16 87.48603351955308
 7763 89.49720670391065
 3 91.50837988826817
 6 93.51955307262574
 1 95.53072625698326
 2 97.54189944134077
 4 99.55307262569835
 19 101.5642458100559
 30 103.5754189944134
 37 105.586592178771
 20 107.5977653631285
 92 109.608938547486
 125 111.6201117318436
 115 113.6312849162011
 4 115.6424581005587
 232 117.6536312849162
 196 119.6648044692737
 99 121.6759776536313
 196 123.6871508379888
 189 125.6983240223464
 85 127.7094972067039
 154 129.7206703910614
 191 131.731843575419
 3 133.7430167597765
 129 135.7541899441341
 180 137.7653631284916
 110 139.7765363128492
 152 141.7877094972067
 540 143.7988826815642
 108 145.8100558659218
 190 147.8212290502793
 56 149.8324022346369
 125 151.8435754189944
 64 153.854748603352
 525 155.8659217877095
 47 157.8770949720671
 172 159.8882681564246
 60 161.8994413407821
 56 163.9106145251397
 27 165.9217877094972
 117 167.9329608938548
 209 169.9441340782123
 341 171.9553072625699
 4 173.9664804469274
 148 175.9776536312849
 3 177.9888268156425
 0 180


