# Created by Octave 3.8.2, Mon Jun 22 04:51:00 2020 CEST <damian@fptrucha.inv.usc.es>
# name: hd
# type: matrix
# rows: 180
# columns: 2
 5 -180
 173 -177.9888268156425
 2 -175.9776536312849
 326 -173.9664804469274
 205 -171.9553072625698
 154 -169.9441340782123
 37 -167.9329608938548
 41 -165.9217877094972
 52 -163.9106145251397
 160 -161.8994413407821
 45 -159.8882681564246
 489 -157.877094972067
 60 -155.8659217877095
 112 -153.854748603352
 43 -151.8435754189944
 84 -149.8324022346369
 193 -147.8212290502793
 542 -145.8100558659218
 114 -143.7988826815642
 80 -141.7877094972067
 170 -139.7765363128491
 123 -137.7653631284916
 7 -135.7541899441341
 164 -133.7430167597765
 152 -131.731843575419
 84 -129.7206703910614
 154 -127.7094972067039
 182 -125.6983240223464
 96 -123.6871508379888
 158 -121.6759776536313
 175 -119.6648044692737
 3 -117.6536312849162
 128 -115.6424581005587
 117 -113.6312849162011
 122 -111.6201117318436
 23 -109.608938547486
 49 -107.5977653631285
 23 -105.5865921787709
 10 -103.5754189944134
 3 -101.5642458100559
 1 -99.55307262569832
 0 -97.54189944134077
 3 -95.53072625698323
 8 -93.5195530726257
 7092 -91.50837988826815
 16 -89.49720670391061
 4 -87.48603351955308
 0 -85.47486033519553
 0 -83.46368715083798
 1 -81.45251396648044
 10 -79.44134078212289
 8 -77.43016759776536
 51 -75.41899441340782
 43 -73.40782122905027
 60 -71.39664804469274
 121 -69.38547486033519
 69 -67.37430167597765
 115 -65.3631284916201
 42 -63.35195530726256
 256 -61.34078212290503
 125 -59.32960893854748
 172 -57.31843575418993
 97 -55.3072625698324
 67 -53.29608938547486
 219 -51.28491620111731
 62 -49.27374301675977
 116 -47.26256983240222
 3 -45.25139664804468
 285 -43.24022346368713
 5 -41.22905027932961
 157 -39.21787709497207
 226 -37.20670391061452
 403 -35.19553072625698
 109 -33.18435754189943
 62 -31.17318435754188
 145 -29.16201117318434
 13 -27.15083798882682
 55 -25.13966480446928
 495 -23.12849162011173
 133 -21.11731843575419
 55 -19.10614525139664
 5 -17.09497206703909
 56 -15.08379888268155
 147 -13.072625698324
 16 -11.06145251396646
 497 -9.050279329608941
 3 -7.039106145251395
 125 -5.02793296089385
 17 -3.016759776536304
 4 -1.005586592178759
 26 1.005586592178787
 122 3.016759776536333
 5 5.02793296089385
 491 7.039106145251395
 5 9.050279329608941
 149 11.06145251396649
 44 13.07262569832403
 8 15.08379888268158
 52 17.09497206703912
 112 19.10614525139667
 495 21.11731843575421
 49 23.12849162011173
 80 25.13966480446928
 109 27.15083798882682
 47 29.16201117318437
 168 31.17318435754191
 304 33.18435754189946
 249 35.195530726257
 136 37.20670391061452
 41 39.21787709497207
 259 41.22905027932961
 1 43.24022346368716
 130 45.2513966480447
 63 47.26256983240225
 212 49.27374301675979
 82 51.28491620111734
 167 53.29608938547489
 75 55.3072625698324
 135 57.31843575418995
 228 59.32960893854749
 65 61.34078212290504
 124 63.35195530726259
 84 65.36312849162013
 104 67.37430167597768
 44 69.38547486033519
 36 71.39664804469274
 45 73.40782122905028
 14 75.41899441340783
 14 77.43016759776538
 2 79.44134078212289
 1 81.45251396648047
 3 83.46368715083798
 2 85.47486033519556
 18 87.48603351955308
 6462 89.49720670391065
 3 91.50837988826817
 3 93.51955307262574
 1 95.53072625698326
 3 97.54189944134077
 4 99.55307262569835
 14 101.5642458100559
 20 103.5754189944134
 42 105.586592178771
 23 107.5977653631285
 117 109.608938547486
 113 111.6201117318436
 131 113.6312849162011
 2 115.6424581005587
 198 117.6536312849162
 141 119.6648044692737
 80 121.6759776536313
 155 123.6871508379888
 151 125.6983240223464
 79 127.7094972067039
 162 129.7206703910614
 181 131.731843575419
 4 133.7430167597765
 99 135.7541899441341
 147 137.7653631284916
 84 139.7765363128492
 116 141.7877094972067
 407 143.7988826815642
 103 145.8100558659218
 186 147.8212290502793
 44 149.8324022346369
 134 151.8435754189944
 55 153.854748603352
 438 155.8659217877095
 46 157.8770949720671
 140 159.8882681564246
 68 161.8994413407821
 53 163.9106145251397
 22 165.9217877094972
 138 167.9329608938548
 208 169.9441340782123
 302 171.9553072625699
 3 173.9664804469274
 137 175.9776536312849
 4 177.9888268156425
 0 180


