# Created by Octave 3.8.2, Mon Jun 22 05:12:30 2020 CEST <damian@fptrucha.inv.usc.es>
# name: hd
# type: matrix
# rows: 180
# columns: 2
 4 -180
 141 -177.9888268156425
 2 -175.9776536312849
 341 -173.9664804469274
 227 -171.9553072625698
 124 -169.9441340782123
 41 -167.9329608938548
 38 -165.9217877094972
 70 -163.9106145251397
 141 -161.8994413407821
 41 -159.8882681564246
 517 -157.877094972067
 66 -155.8659217877095
 126 -153.854748603352
 43 -151.8435754189944
 71 -149.8324022346369
 197 -147.8212290502793
 577 -145.8100558659218
 130 -143.7988826815642
 100 -141.7877094972067
 146 -139.7765363128491
 127 -137.7653631284916
 5 -135.7541899441341
 169 -133.7430167597765
 167 -131.731843575419
 67 -129.7206703910614
 150 -127.7094972067039
 190 -125.6983240223464
 88 -123.6871508379888
 189 -121.6759776536313
 190 -119.6648044692737
 1 -117.6536312849162
 106 -115.6424581005587
 106 -113.6312849162011
 114 -111.6201117318436
 22 -109.608938547486
 49 -107.5977653631285
 20 -105.5865921787709
 16 -103.5754189944134
 3 -101.5642458100559
 0 -99.55307262569832
 4 -97.54189944134077
 2 -95.53072625698323
 6 -93.5195530726257
 7183 -91.50837988826815
 18 -89.49720670391061
 4 -87.48603351955308
 1 -85.47486033519553
 2 -83.46368715083798
 2 -81.45251396648044
 14 -79.44134078212289
 8 -77.43016759776536
 57 -75.41899441340782
 31 -73.40782122905027
 49 -71.39664804469274
 131 -69.38547486033519
 68 -67.37430167597765
 101 -65.3631284916201
 53 -63.35195530726256
 260 -61.34078212290503
 161 -59.32960893854748
 175 -57.31843575418993
 84 -55.3072625698324
 78 -53.29608938547486
 236 -51.28491620111731
 48 -49.27374301675977
 110 -47.26256983240222
 2 -45.25139664804468
 264 -43.24022346368713
 3 -41.22905027932961
 148 -39.21787709497207
 253 -37.20670391061452
 420 -35.19553072625698
 115 -33.18435754189943
 67 -31.17318435754188
 159 -29.16201117318434
 8 -27.15083798882682
 63 -25.13966480446928
 489 -23.12849162011173
 129 -21.11731843575419
 61 -19.10614525139664
 19 -17.09497206703909
 36 -15.08379888268155
 145 -13.072625698324
 10 -11.06145251396646
 526 -9.050279329608941
 2 -7.039106145251395
 149 -5.02793296089385
 17 -3.016759776536304
 2 -1.005586592178759
 32 1.005586592178787
 108 3.016759776536333
 7 5.02793296089385
 497 7.039106145251395
 12 9.050279329608941
 152 11.06145251396649
 41 13.07262569832403
 18 15.08379888268158
 52 17.09497206703912
 143 19.10614525139667
 516 21.11731843575421
 41 23.12849162011173
 73 25.13966480446928
 89 27.15083798882682
 55 29.16201117318437
 195 31.17318435754191
 307 33.18435754189946
 237 35.195530726257
 112 37.20670391061452
 39 39.21787709497207
 267 41.22905027932961
 2 43.24022346368716
 106 45.2513966480447
 58 47.26256983240225
 212 49.27374301675979
 66 51.28491620111734
 187 53.29608938547489
 69 55.3072625698324
 137 57.31843575418995
 222 59.32960893854749
 46 61.34078212290504
 115 63.35195530726259
 83 65.36312849162013
 114 67.37430167597768
 42 69.38547486033519
 39 71.39664804469274
 48 73.40782122905028
 5 75.41899441340783
 13 77.43016759776538
 3 79.44134078212289
 3 81.45251396648047
 2 83.46368715083798
 6 85.47486033519556
 16 87.48603351955308
 6803 89.49720670391065
 9 91.50837988826817
 6 93.51955307262574
 3 95.53072625698326
 2 97.54189944134077
 6 99.55307262569835
 14 101.5642458100559
 20 103.5754189944134
 42 105.586592178771
 17 107.5977653631285
 120 109.608938547486
 110 111.6201117318436
 136 113.6312849162011
 5 115.6424581005587
 209 117.6536312849162
 149 119.6648044692737
 77 121.6759776536313
 162 123.6871508379888
 187 125.6983240223464
 66 127.7094972067039
 162 129.7206703910614
 195 131.731843575419
 2 133.7430167597765
 107 135.7541899441341
 147 137.7653631284916
 83 139.7765363128492
 105 141.7877094972067
 445 143.7988826815642
 110 145.8100558659218
 196 147.8212290502793
 47 149.8324022346369
 139 151.8435754189944
 53 153.854748603352
 417 155.8659217877095
 48 157.8770949720671
 137 159.8882681564246
 68 161.8994413407821
 52 163.9106145251397
 22 165.9217877094972
 125 167.9329608938548
 237 169.9441340782123
 310 171.9553072625699
 4 173.9664804469274
 146 175.9776536312849
 5 177.9888268156425
 0 180


