# Created by Octave 3.8.2, Mon Jun 22 07:45:19 2020 CEST <damian@fptrucha.inv.usc.es>
# name: hd
# type: matrix
# rows: 180
# columns: 2
 2 -180
 153 -177.9888268156425
 4 -175.9776536312849
 350 -173.9664804469274
 224 -171.9553072625698
 118 -169.9441340782123
 25 -167.9329608938548
 38 -165.9217877094972
 62 -163.9106145251397
 143 -161.8994413407821
 37 -159.8882681564246
 542 -157.877094972067
 67 -155.8659217877095
 130 -153.854748603352
 41 -151.8435754189944
 76 -149.8324022346369
 203 -147.8212290502793
 547 -145.8100558659218
 125 -143.7988826815642
 91 -141.7877094972067
 151 -139.7765363128491
 123 -137.7653631284916
 6 -135.7541899441341
 189 -133.7430167597765
 172 -131.731843575419
 71 -129.7206703910614
 168 -127.7094972067039
 200 -125.6983240223464
 98 -123.6871508379888
 157 -121.6759776536313
 152 -119.6648044692737
 6 -117.6536312849162
 110 -115.6424581005587
 109 -113.6312849162011
 114 -111.6201117318436
 19 -109.608938547486
 40 -107.5977653631285
 28 -105.5865921787709
 13 -103.5754189944134
 2 -101.5642458100559
 1 -99.55307262569832
 1 -97.54189944134077
 5 -95.53072625698323
 3 -93.5195530726257
 7452 -91.50837988826815
 11 -89.49720670391061
 7 -87.48603351955308
 2 -85.47486033519553
 0 -83.46368715083798
 6 -81.45251396648044
 6 -79.44134078212289
 9 -77.43016759776536
 60 -75.41899441340782
 24 -73.40782122905027
 46 -71.39664804469274
 116 -69.38547486033519
 78 -67.37430167597765
 106 -65.3631284916201
 61 -63.35195530726256
 254 -61.34078212290503
 137 -59.32960893854748
 177 -57.31843575418993
 91 -55.3072625698324
 82 -53.29608938547486
 238 -51.28491620111731
 60 -49.27374301675977
 119 -47.26256983240222
 6 -45.25139664804468
 267 -43.24022346368713
 3 -41.22905027932961
 153 -39.21787709497207
 269 -37.20670391061452
 432 -35.19553072625698
 110 -33.18435754189943
 51 -31.17318435754188
 158 -29.16201117318434
 5 -27.15083798882682
 65 -25.13966480446928
 538 -23.12849162011173
 102 -21.11731843575419
 55 -19.10614525139664
 12 -17.09497206703909
 36 -15.08379888268155
 124 -13.072625698324
 13 -11.06145251396646
 556 -9.050279329608941
 3 -7.039106145251395
 120 -5.02793296089385
 25 -3.016759776536304
 6 -1.005586592178759
 28 1.005586592178787
 134 3.016759776536333
 3 5.02793296089385
 519 7.039106145251395
 7 9.050279329608941
 153 11.06145251396649
 42 13.07262569832403
 19 15.08379888268158
 50 17.09497206703912
 114 19.10614525139667
 534 21.11731843575421
 43 23.12849162011173
 75 25.13966480446928
 94 27.15083798882682
 74 29.16201117318437
 197 31.17318435754191
 336 33.18435754189946
 269 35.195530726257
 166 37.20670391061452
 35 39.21787709497207
 291 41.22905027932961
 2 43.24022346368716
 138 45.2513966480447
 62 47.26256983240225
 230 49.27374301675979
 91 51.28491620111734
 202 53.29608938547489
 86 55.3072625698324
 160 57.31843575418995
 272 59.32960893854749
 46 61.34078212290504
 133 63.35195530726259
 72 65.36312849162013
 98 67.37430167597768
 48 69.38547486033519
 38 71.39664804469274
 39 73.40782122905028
 13 75.41899441340783
 8 77.43016759776538
 4 79.44134078212289
 1 81.45251396648047
 1 83.46368715083798
 4 85.47486033519556
 7 87.48603351955308
 7382 89.49720670391065
 12 91.50837988826817
 6 93.51955307262574
 3 95.53072625698326
 1 97.54189944134077
 5 99.55307262569835
 11 101.5642458100559
 21 103.5754189944134
 37 105.586592178771
 24 107.5977653631285
 126 109.608938547486
 131 111.6201117318436
 145 113.6312849162011
 5 115.6424581005587
 185 117.6536312849162
 194 119.6648044692737
 80 121.6759776536313
 167 123.6871508379888
 174 125.6983240223464
 61 127.7094972067039
 168 129.7206703910614
 193 131.731843575419
 3 133.7430167597765
 104 135.7541899441341
 186 137.7653631284916
 112 139.7765363128492
 156 141.7877094972067
 491 143.7988826815642
 126 145.8100558659218
 181 147.8212290502793
 43 149.8324022346369
 136 151.8435754189944
 73 153.854748603352
 481 155.8659217877095
 46 157.8770949720671
 145 159.8882681564246
 71 161.8994413407821
 49 163.9106145251397
 29 165.9217877094972
 130 167.9329608938548
 239 169.9441340782123
 346 171.9553072625699
 8 173.9664804469274
 145 175.9776536312849
 4 177.9888268156425
 0 180


