# Created by Octave 3.8.2, Mon Jun 22 02:55:40 2020 CEST <damian@fptrucha.inv.usc.es>
# name: hd
# type: matrix
# rows: 180
# columns: 2
 4 -180
 161 -177.9888268156425
 4 -175.9776536312849
 317 -173.9664804469274
 244 -171.9553072625698
 140 -169.9441340782123
 27 -167.9329608938548
 51 -165.9217877094972
 66 -163.9106145251397
 161 -161.8994413407821
 34 -159.8882681564246
 505 -157.877094972067
 70 -155.8659217877095
 146 -153.854748603352
 35 -151.8435754189944
 71 -149.8324022346369
 211 -147.8212290502793
 562 -145.8100558659218
 115 -143.7988826815642
 86 -141.7877094972067
 165 -139.7765363128491
 102 -137.7653631284916
 4 -135.7541899441341
 156 -133.7430167597765
 153 -131.731843575419
 71 -129.7206703910614
 172 -127.7094972067039
 201 -125.6983240223464
 79 -123.6871508379888
 158 -121.6759776536313
 162 -119.6648044692737
 5 -117.6536312849162
 115 -115.6424581005587
 128 -113.6312849162011
 108 -111.6201117318436
 30 -109.608938547486
 39 -107.5977653631285
 23 -105.5865921787709
 15 -103.5754189944134
 3 -101.5642458100559
 3 -99.55307262569832
 2 -97.54189944134077
 10 -95.53072625698323
 8 -93.5195530726257
 7258 -91.50837988826815
 19 -89.49720670391061
 7 -87.48603351955308
 2 -85.47486033519553
 2 -83.46368715083798
 0 -81.45251396648044
 9 -79.44134078212289
 11 -77.43016759776536
 45 -75.41899441340782
 38 -73.40782122905027
 47 -71.39664804469274
 115 -69.38547486033519
 58 -67.37430167597765
 117 -65.3631284916201
 58 -63.35195530726256
 247 -61.34078212290503
 120 -59.32960893854748
 189 -57.31843575418993
 82 -55.3072625698324
 86 -53.29608938547486
 226 -51.28491620111731
 59 -49.27374301675977
 120 -47.26256983240222
 1 -45.25139664804468
 264 -43.24022346368713
 4 -41.22905027932961
 173 -39.21787709497207
 295 -37.20670391061452
 406 -35.19553072625698
 113 -33.18435754189943
 62 -31.17318435754188
 152 -29.16201117318434
 10 -27.15083798882682
 53 -25.13966480446928
 488 -23.12849162011173
 137 -21.11731843575419
 63 -19.10614525139664
 13 -17.09497206703909
 43 -15.08379888268155
 154 -13.072625698324
 9 -11.06145251396646
 539 -9.050279329608941
 1 -7.039106145251395
 126 -5.02793296089385
 16 -3.016759776536304
 2 -1.005586592178759
 23 1.005586592178787
 133 3.016759776536333
 8 5.02793296089385
 574 7.039106145251395
 10 9.050279329608941
 157 11.06145251396649
 51 13.07262569832403
 20 15.08379888268158
 54 17.09497206703912
 104 19.10614525139667
 486 21.11731843575421
 62 23.12849162011173
 88 25.13966480446928
 106 27.15083798882682
 68 29.16201117318437
 194 31.17318435754191
 308 33.18435754189946
 208 35.195530726257
 117 37.20670391061452
 45 39.21787709497207
 248 41.22905027932961
 2 43.24022346368716
 121 45.2513966480447
 58 47.26256983240225
 230 49.27374301675979
 77 51.28491620111734
 200 53.29608938547489
 67 55.3072625698324
 134 57.31843575418995
 237 59.32960893854749
 59 61.34078212290504
 125 63.35195530726259
 66 65.36312849162013
 126 67.37430167597768
 36 69.38547486033519
 33 71.39664804469274
 43 73.40782122905028
 5 75.41899441340783
 9 77.43016759776538
 1 79.44134078212289
 1 81.45251396648047
 3 83.46368715083798
 4 85.47486033519556
 17 87.48603351955308
 7070 89.49720670391065
 13 91.50837988826817
 0 93.51955307262574
 4 95.53072625698326
 3 97.54189944134077
 6 99.55307262569835
 16 101.5642458100559
 30 103.5754189944134
 31 105.586592178771
 34 107.5977653631285
 117 109.608938547486
 116 111.6201117318436
 103 113.6312849162011
 7 115.6424581005587
 205 117.6536312849162
 156 119.6648044692737
 96 121.6759776536313
 159 123.6871508379888
 215 125.6983240223464
 68 127.7094972067039
 162 129.7206703910614
 165 131.731843575419
 3 133.7430167597765
 92 135.7541899441341
 174 137.7653631284916
 106 139.7765363128492
 129 141.7877094972067
 470 143.7988826815642
 91 145.8100558659218
 181 147.8212290502793
 45 149.8324022346369
 139 151.8435754189944
 69 153.854748603352
 472 155.8659217877095
 52 157.8770949720671
 136 159.8882681564246
 65 161.8994413407821
 55 163.9106145251397
 31 165.9217877094972
 134 167.9329608938548
 202 169.9441340782123
 288 171.9553072625699
 8 173.9664804469274
 140 175.9776536312849
 3 177.9888268156425
 0 180


