# Created by Octave 3.8.2, Sat Jun 20 18:38:36 2020 CEST <damian@fptrucha.inv.usc.es>
# name: hd
# type: matrix
# rows: 180
# columns: 2
 1 -180
 134 -177.9888268156425
 3 -175.9776536312849
 362 -173.9664804469274
 231 -171.9553072625698
 165 -169.9441340782123
 33 -167.9329608938548
 31 -165.9217877094972
 55 -163.9106145251397
 150 -161.8994413407821
 27 -159.8882681564246
 583 -157.877094972067
 63 -155.8659217877095
 108 -153.854748603352
 41 -151.8435754189944
 55 -149.8324022346369
 201 -147.8212290502793
 603 -145.8100558659218
 96 -143.7988826815642
 87 -141.7877094972067
 159 -139.7765363128491
 82 -137.7653631284916
 1 -135.7541899441341
 149 -133.7430167597765
 172 -131.731843575419
 66 -129.7206703910614
 155 -127.7094972067039
 219 -125.6983240223464
 122 -123.6871508379888
 203 -121.6759776536313
 176 -119.6648044692737
 1 -117.6536312849162
 76 -115.6424581005587
 95 -113.6312849162011
 131 -111.6201117318436
 14 -109.608938547486
 38 -107.5977653631285
 17 -105.5865921787709
 8 -103.5754189944134
 1 -101.5642458100559
 1 -99.55307262569832
 0 -97.54189944134077
 0 -95.53072625698323
 6 -93.5195530726257
 8056 -91.50837988826815
 7 -89.49720670391061
 1 -87.48603351955308
 2 -85.47486033519553
 0 -83.46368715083798
 1 -81.45251396648044
 8 -79.44134078212289
 6 -77.43016759776536
 36 -75.41899441340782
 25 -73.40782122905027
 55 -71.39664804469274
 119 -69.38547486033519
 62 -67.37430167597765
 106 -65.3631284916201
 44 -63.35195530726256
 244 -61.34078212290503
 151 -59.32960893854748
 205 -57.31843575418993
 89 -55.3072625698324
 74 -53.29608938547486
 232 -51.28491620111731
 43 -49.27374301675977
 109 -47.26256983240222
 4 -45.25139664804468
 273 -43.24022346368713
 2 -41.22905027932961
 166 -39.21787709497207
 321 -37.20670391061452
 467 -35.19553072625698
 106 -33.18435754189943
 64 -31.17318435754188
 148 -29.16201117318434
 10 -27.15083798882682
 54 -25.13966480446928
 620 -23.12849162011173
 100 -21.11731843575419
 40 -19.10614525139664
 9 -17.09497206703909
 38 -15.08379888268155
 176 -13.072625698324
 6 -11.06145251396646
 579 -9.050279329608941
 2 -7.039106145251395
 140 -5.02793296089385
 13 -3.016759776536304
 2 -1.005586592178759
 17 1.005586592178787
 132 3.016759776536333
 3 5.02793296089385
 545 7.039106145251395
 3 9.050279329608941
 133 11.06145251396649
 60 13.07262569832403
 8 15.08379888268158
 62 17.09497206703912
 108 19.10614525139667
 515 21.11731843575421
 55 23.12849162011173
 90 25.13966480446928
 108 27.15083798882682
 52 29.16201117318437
 225 31.17318435754191
 316 33.18435754189946
 217 35.195530726257
 183 37.20670391061452
 30 39.21787709497207
 273 41.22905027932961
 2 43.24022346368716
 109 45.2513966480447
 65 47.26256983240225
 212 49.27374301675979
 83 51.28491620111734
 185 53.29608938547489
 81 55.3072625698324
 128 57.31843575418995
 262 59.32960893854749
 64 61.34078212290504
 129 63.35195530726259
 63 65.36312849162013
 119 67.37430167597768
 43 69.38547486033519
 33 71.39664804469274
 43 73.40782122905028
 10 75.41899441340783
 7 77.43016759776538
 2 79.44134078212289
 0 81.45251396648047
 1 83.46368715083798
 5 85.47486033519556
 14 87.48603351955308
 7663 89.49720670391065
 10 91.50837988826817
 3 93.51955307262574
 0 95.53072625698326
 1 97.54189944134077
 1 99.55307262569835
 18 101.5642458100559
 19 103.5754189944134
 34 105.586592178771
 23 107.5977653631285
 97 109.608938547486
 100 111.6201117318436
 111 113.6312849162011
 0 115.6424581005587
 209 117.6536312849162
 161 119.6648044692737
 91 121.6759776536313
 201 123.6871508379888
 185 125.6983240223464
 90 127.7094972067039
 153 129.7206703910614
 180 131.731843575419
 4 133.7430167597765
 116 135.7541899441341
 180 137.7653631284916
 100 139.7765363128492
 124 141.7877094972067
 480 143.7988826815642
 130 145.8100558659218
 216 147.8212290502793
 51 149.8324022346369
 158 151.8435754189944
 72 153.854748603352
 479 155.8659217877095
 45 157.8770949720671
 125 159.8882681564246
 60 161.8994413407821
 40 163.9106145251397
 18 165.9217877094972
 129 167.9329608938548
 186 169.9441340782123
 334 171.9553072625699
 7 173.9664804469274
 156 175.9776536312849
 3 177.9888268156425
 0 180


