# Created by Octave 3.8.2, Sun Jun 21 05:03:56 2020 CEST <damian@fptrucha.inv.usc.es>
# name: hd
# type: matrix
# rows: 180
# columns: 2
 3 -180
 163 -177.9888268156425
 2 -175.9776536312849
 358 -173.9664804469274
 211 -171.9553072625698
 157 -169.9441340782123
 33 -167.9329608938548
 39 -165.9217877094972
 63 -163.9106145251397
 179 -161.8994413407821
 33 -159.8882681564246
 590 -157.877094972067
 44 -155.8659217877095
 118 -153.854748603352
 35 -151.8435754189944
 57 -149.8324022346369
 191 -147.8212290502793
 634 -145.8100558659218
 132 -143.7988826815642
 91 -141.7877094972067
 158 -139.7765363128491
 120 -137.7653631284916
 1 -135.7541899441341
 148 -133.7430167597765
 168 -131.731843575419
 74 -129.7206703910614
 211 -127.7094972067039
 233 -125.6983240223464
 101 -123.6871508379888
 197 -121.6759776536313
 190 -119.6648044692737
 4 -117.6536312849162
 94 -115.6424581005587
 132 -113.6312849162011
 113 -111.6201117318436
 13 -109.608938547486
 36 -107.5977653631285
 22 -105.5865921787709
 12 -103.5754189944134
 0 -101.5642458100559
 0 -99.55307262569832
 0 -97.54189944134077
 1 -95.53072625698323
 9 -93.5195530726257
 8241 -91.50837988826815
 10 -89.49720670391061
 3 -87.48603351955308
 1 -85.47486033519553
 0 -83.46368715083798
 2 -81.45251396648044
 6 -79.44134078212289
 6 -77.43016759776536
 48 -75.41899441340782
 36 -73.40782122905027
 54 -71.39664804469274
 115 -69.38547486033519
 83 -67.37430167597765
 87 -65.3631284916201
 58 -63.35195530726256
 245 -61.34078212290503
 127 -59.32960893854748
 206 -57.31843575418993
 104 -55.3072625698324
 79 -53.29608938547486
 215 -51.28491620111731
 65 -49.27374301675977
 110 -47.26256983240222
 3 -45.25139664804468
 285 -43.24022346368713
 2 -41.22905027932961
 159 -39.21787709497207
 314 -37.20670391061452
 442 -35.19553072625698
 102 -33.18435754189943
 60 -31.17318435754188
 144 -29.16201117318434
 9 -27.15083798882682
 75 -25.13966480446928
 658 -23.12849162011173
 165 -21.11731843575419
 44 -19.10614525139664
 10 -17.09497206703909
 37 -15.08379888268155
 161 -13.072625698324
 6 -11.06145251396646
 564 -9.050279329608941
 3 -7.039106145251395
 140 -5.02793296089385
 15 -3.016759776536304
 5 -1.005586592178759
 18 1.005586592178787
 117 3.016759776536333
 1 5.02793296089385
 536 7.039106145251395
 6 9.050279329608941
 133 11.06145251396649
 46 13.07262569832403
 8 15.08379888268158
 48 17.09497206703912
 95 19.10614525139667
 511 21.11731843575421
 57 23.12849162011173
 99 25.13966480446928
 94 27.15083798882682
 59 29.16201117318437
 229 31.17318435754191
 331 33.18435754189946
 217 35.195530726257
 166 37.20670391061452
 43 39.21787709497207
 285 41.22905027932961
 0 43.24022346368716
 124 45.2513966480447
 47 47.26256983240225
 220 49.27374301675979
 82 51.28491620111734
 173 53.29608938547489
 71 55.3072625698324
 124 57.31843575418995
 246 59.32960893854749
 67 61.34078212290504
 118 63.35195530726259
 90 65.36312849162013
 109 67.37430167597768
 48 69.38547486033519
 30 71.39664804469274
 39 73.40782122905028
 6 75.41899441340783
 5 77.43016759776538
 1 79.44134078212289
 0 81.45251396648047
 1 83.46368715083798
 4 85.47486033519556
 7 87.48603351955308
 7645 89.49720670391065
 5 91.50837988826817
 2 93.51955307262574
 0 95.53072625698326
 1 97.54189944134077
 4 99.55307262569835
 14 101.5642458100559
 25 103.5754189944134
 34 105.586592178771
 16 107.5977653631285
 105 109.608938547486
 109 111.6201117318436
 139 113.6312849162011
 1 115.6424581005587
 176 117.6536312849162
 158 119.6648044692737
 96 121.6759776536313
 160 123.6871508379888
 161 125.6983240223464
 77 127.7094972067039
 166 129.7206703910614
 147 131.731843575419
 2 133.7430167597765
 107 135.7541899441341
 178 137.7653631284916
 81 139.7765363128492
 158 141.7877094972067
 456 143.7988826815642
 111 145.8100558659218
 226 147.8212290502793
 48 149.8324022346369
 150 151.8435754189944
 57 153.854748603352
 444 155.8659217877095
 47 157.8770949720671
 110 159.8882681564246
 66 161.8994413407821
 39 163.9106145251397
 16 165.9217877094972
 124 167.9329608938548
 213 169.9441340782123
 347 171.9553072625699
 4 173.9664804469274
 166 175.9776536312849
 6 177.9888268156425
 0 180


