# Created by Octave 3.8.2, Mon Jun 22 22:03:50 2020 CEST <damian@fptrucha.inv.usc.es>
# name: hd
# type: matrix
# rows: 180
# columns: 2
 8 -180
 202 -177.9888268156425
 6 -175.9776536312849
 415 -173.9664804469274
 215 -171.9553072625698
 157 -169.9441340782123
 35 -167.9329608938548
 37 -165.9217877094972
 67 -163.9106145251397
 150 -161.8994413407821
 55 -159.8882681564246
 622 -157.877094972067
 71 -155.8659217877095
 125 -153.854748603352
 46 -151.8435754189944
 68 -149.8324022346369
 249 -147.8212290502793
 648 -145.8100558659218
 135 -143.7988826815642
 87 -141.7877094972067
 177 -139.7765363128491
 114 -137.7653631284916
 4 -135.7541899441341
 199 -133.7430167597765
 192 -131.731843575419
 84 -129.7206703910614
 180 -127.7094972067039
 255 -125.6983240223464
 123 -123.6871508379888
 205 -121.6759776536313
 218 -119.6648044692737
 3 -117.6536312849162
 120 -115.6424581005587
 145 -113.6312849162011
 149 -111.6201117318436
 27 -109.608938547486
 46 -107.5977653631285
 25 -105.5865921787709
 16 -103.5754189944134
 5 -101.5642458100559
 0 -99.55307262569832
 3 -97.54189944134077
 2 -95.53072625698323
 7 -93.5195530726257
 8529 -91.50837988826815
 12 -89.49720670391061
 3 -87.48603351955308
 2 -85.47486033519553
 2 -83.46368715083798
 3 -81.45251396648044
 8 -79.44134078212289
 5 -77.43016759776536
 55 -75.41899441340782
 38 -73.40782122905027
 58 -71.39664804469274
 126 -69.38547486033519
 78 -67.37430167597765
 127 -65.3631284916201
 59 -63.35195530726256
 273 -61.34078212290503
 173 -59.32960893854748
 266 -57.31843575418993
 99 -55.3072625698324
 98 -53.29608938547486
 263 -51.28491620111731
 70 -49.27374301675977
 125 -47.26256983240222
 0 -45.25139664804468
 319 -43.24022346368713
 3 -41.22905027932961
 164 -39.21787709497207
 300 -37.20670391061452
 490 -35.19553072625698
 121 -33.18435754189943
 69 -31.17318435754188
 190 -29.16201117318434
 11 -27.15083798882682
 63 -25.13966480446928
 625 -23.12849162011173
 156 -21.11731843575419
 56 -19.10614525139664
 7 -17.09497206703909
 43 -15.08379888268155
 182 -13.072625698324
 8 -11.06145251396646
 643 -9.050279329608941
 1 -7.039106145251395
 152 -5.02793296089385
 27 -3.016759776536304
 0 -1.005586592178759
 21 1.005586592178787
 124 3.016759776536333
 2 5.02793296089385
 569 7.039106145251395
 7 9.050279329608941
 158 11.06145251396649
 52 13.07262569832403
 14 15.08379888268158
 66 17.09497206703912
 137 19.10614525139667
 597 21.11731843575421
 50 23.12849162011173
 83 25.13966480446928
 93 27.15083798882682
 52 29.16201117318437
 212 31.17318435754191
 338 33.18435754189946
 295 35.195530726257
 170 37.20670391061452
 46 39.21787709497207
 269 41.22905027932961
 3 43.24022346368716
 106 45.2513966480447
 66 47.26256983240225
 226 49.27374301675979
 76 51.28491620111734
 189 53.29608938547489
 86 55.3072625698324
 175 57.31843575418995
 284 59.32960893854749
 62 61.34078212290504
 123 63.35195530726259
 69 65.36312849162013
 120 67.37430167597768
 40 69.38547486033519
 36 71.39664804469274
 58 73.40782122905028
 13 75.41899441340783
 13 77.43016759776538
 5 79.44134078212289
 0 81.45251396648047
 0 83.46368715083798
 5 85.47486033519556
 10 87.48603351955308
 7937 89.49720670391065
 7 91.50837988826817
 3 93.51955307262574
 1 95.53072625698326
 0 97.54189944134077
 9 99.55307262569835
 18 101.5642458100559
 24 103.5754189944134
 49 105.586592178771
 22 107.5977653631285
 143 109.608938547486
 116 111.6201117318436
 145 113.6312849162011
 1 115.6424581005587
 219 117.6536312849162
 187 119.6648044692737
 83 121.6759776536313
 193 123.6871508379888
 196 125.6983240223464
 90 127.7094972067039
 166 129.7206703910614
 215 131.731843575419
 3 133.7430167597765
 134 135.7541899441341
 201 137.7653631284916
 100 139.7765363128492
 166 141.7877094972067
 578 143.7988826815642
 117 145.8100558659218
 201 147.8212290502793
 60 149.8324022346369
 134 151.8435754189944
 68 153.854748603352
 529 155.8659217877095
 54 157.8770949720671
 141 159.8882681564246
 78 161.8994413407821
 44 163.9106145251397
 29 165.9217877094972
 130 167.9329608938548
 237 169.9441340782123
 329 171.9553072625699
 6 173.9664804469274
 168 175.9776536312849
 2 177.9888268156425
 0 180


