# Created by Octave 3.8.2, Mon Jun 22 10:44:19 2020 CEST <damian@fptrucha.inv.usc.es>
# name: hd
# type: matrix
# rows: 180
# columns: 2
 7 -180
 168 -177.9888268156425
 3 -175.9776536312849
 365 -173.9664804469274
 247 -171.9553072625698
 159 -169.9441340782123
 31 -167.9329608938548
 38 -165.9217877094972
 69 -163.9106145251397
 158 -161.8994413407821
 42 -159.8882681564246
 565 -157.877094972067
 63 -155.8659217877095
 132 -153.854748603352
 35 -151.8435754189944
 79 -149.8324022346369
 222 -147.8212290502793
 545 -145.8100558659218
 139 -143.7988826815642
 90 -141.7877094972067
 163 -139.7765363128491
 129 -137.7653631284916
 2 -135.7541899441341
 184 -133.7430167597765
 163 -131.731843575419
 62 -129.7206703910614
 161 -127.7094972067039
 216 -125.6983240223464
 112 -123.6871508379888
 190 -121.6759776536313
 160 -119.6648044692737
 3 -117.6536312849162
 109 -115.6424581005587
 140 -113.6312849162011
 123 -111.6201117318436
 32 -109.608938547486
 25 -107.5977653631285
 19 -105.5865921787709
 6 -103.5754189944134
 7 -101.5642458100559
 1 -99.55307262569832
 4 -97.54189944134077
 3 -95.53072625698323
 10 -93.5195530726257
 7896 -91.50837988826815
 20 -89.49720670391061
 11 -87.48603351955308
 1 -85.47486033519553
 1 -83.46368715083798
 4 -81.45251396648044
 3 -79.44134078212289
 10 -77.43016759776536
 45 -75.41899441340782
 37 -73.40782122905027
 53 -71.39664804469274
 106 -69.38547486033519
 75 -67.37430167597765
 113 -65.3631284916201
 50 -63.35195530726256
 250 -61.34078212290503
 138 -59.32960893854748
 226 -57.31843575418993
 116 -55.3072625698324
 71 -53.29608938547486
 193 -51.28491620111731
 73 -49.27374301675977
 123 -47.26256983240222
 4 -45.25139664804468
 318 -43.24022346368713
 4 -41.22905027932961
 145 -39.21787709497207
 274 -37.20670391061452
 453 -35.19553072625698
 121 -33.18435754189943
 74 -31.17318435754188
 165 -29.16201117318434
 6 -27.15083798882682
 65 -25.13966480446928
 594 -23.12849162011173
 111 -21.11731843575419
 55 -19.10614525139664
 21 -17.09497206703909
 32 -15.08379888268155
 165 -13.072625698324
 14 -11.06145251396646
 565 -9.050279329608941
 2 -7.039106145251395
 127 -5.02793296089385
 27 -3.016759776536304
 4 -1.005586592178759
 29 1.005586592178787
 133 3.016759776536333
 1 5.02793296089385
 563 7.039106145251395
 8 9.050279329608941
 151 11.06145251396649
 45 13.07262569832403
 9 15.08379888268158
 43 17.09497206703912
 122 19.10614525139667
 530 21.11731843575421
 61 23.12849162011173
 86 25.13966480446928
 74 27.15083798882682
 63 29.16201117318437
 189 31.17318435754191
 348 33.18435754189946
 236 35.195530726257
 157 37.20670391061452
 35 39.21787709497207
 313 41.22905027932961
 4 43.24022346368716
 113 45.2513966480447
 52 47.26256983240225
 213 49.27374301675979
 74 51.28491620111734
 198 53.29608938547489
 82 55.3072625698324
 144 57.31843575418995
 271 59.32960893854749
 66 61.34078212290504
 124 63.35195530726259
 78 65.36312849162013
 100 67.37430167597768
 49 69.38547486033519
 32 71.39664804469274
 62 73.40782122905028
 5 75.41899441340783
 6 77.43016759776538
 2 79.44134078212289
 2 81.45251396648047
 1 83.46368715083798
 6 85.47486033519556
 24 87.48603351955308
 7730 89.49720670391065
 6 91.50837988826817
 7 93.51955307262574
 0 95.53072625698326
 2 97.54189944134077
 3 99.55307262569835
 22 101.5642458100559
 22 103.5754189944134
 46 105.586592178771
 14 107.5977653631285
 99 109.608938547486
 112 111.6201117318436
 124 113.6312849162011
 2 115.6424581005587
 199 117.6536312849162
 174 119.6648044692737
 91 121.6759776536313
 206 123.6871508379888
 191 125.6983240223464
 57 127.7094972067039
 161 129.7206703910614
 215 131.731843575419
 2 133.7430167597765
 124 135.7541899441341
 165 137.7653631284916
 105 139.7765363128492
 131 141.7877094972067
 498 143.7988826815642
 112 145.8100558659218
 185 147.8212290502793
 53 149.8324022346369
 132 151.8435754189944
 56 153.854748603352
 478 155.8659217877095
 46 157.8770949720671
 158 159.8882681564246
 67 161.8994413407821
 61 163.9106145251397
 17 165.9217877094972
 129 167.9329608938548
 229 169.9441340782123
 344 171.9553072625699
 4 173.9664804469274
 155 175.9776536312849
 2 177.9888268156425
 0 180


