# Created by Octave 3.8.2, Mon Jun 22 01:06:15 2020 CEST <damian@fptrucha.inv.usc.es>
# name: hd
# type: matrix
# rows: 180
# columns: 2
 6 -180
 162 -177.9888268156425
 3 -175.9776536312849
 368 -173.9664804469274
 233 -171.9553072625698
 166 -169.9441340782123
 27 -167.9329608938548
 28 -165.9217877094972
 49 -163.9106145251397
 156 -161.8994413407821
 43 -159.8882681564246
 618 -157.877094972067
 56 -155.8659217877095
 116 -153.854748603352
 31 -151.8435754189944
 74 -149.8324022346369
 208 -147.8212290502793
 659 -145.8100558659218
 113 -143.7988826815642
 92 -141.7877094972067
 173 -139.7765363128491
 121 -137.7653631284916
 2 -135.7541899441341
 148 -133.7430167597765
 163 -131.731843575419
 75 -129.7206703910614
 192 -127.7094972067039
 219 -125.6983240223464
 89 -123.6871508379888
 191 -121.6759776536313
 188 -119.6648044692737
 4 -117.6536312849162
 98 -115.6424581005587
 109 -113.6312849162011
 114 -111.6201117318436
 20 -109.608938547486
 38 -107.5977653631285
 22 -105.5865921787709
 7 -103.5754189944134
 1 -101.5642458100559
 1 -99.55307262569832
 2 -97.54189944134077
 1 -95.53072625698323
 4 -93.5195530726257
 8272 -91.50837988826815
 8 -89.49720670391061
 0 -87.48603351955308
 0 -85.47486033519553
 1 -83.46368715083798
 2 -81.45251396648044
 4 -79.44134078212289
 7 -77.43016759776536
 42 -75.41899441340782
 22 -73.40782122905027
 40 -71.39664804469274
 110 -69.38547486033519
 69 -67.37430167597765
 90 -65.3631284916201
 60 -63.35195530726256
 263 -61.34078212290503
 137 -59.32960893854748
 228 -57.31843575418993
 75 -55.3072625698324
 71 -53.29608938547486
 216 -51.28491620111731
 60 -49.27374301675977
 115 -47.26256983240222
 0 -45.25139664804468
 269 -43.24022346368713
 1 -41.22905027932961
 150 -39.21787709497207
 312 -37.20670391061452
 468 -35.19553072625698
 99 -33.18435754189943
 55 -31.17318435754188
 165 -29.16201117318434
 6 -27.15083798882682
 51 -25.13966480446928
 653 -23.12849162011173
 134 -21.11731843575419
 51 -19.10614525139664
 7 -17.09497206703909
 32 -15.08379888268155
 165 -13.072625698324
 5 -11.06145251396646
 587 -9.050279329608941
 3 -7.039106145251395
 112 -5.02793296089385
 18 -3.016759776536304
 2 -1.005586592178759
 23 1.005586592178787
 123 3.016759776536333
 0 5.02793296089385
 578 7.039106145251395
 11 9.050279329608941
 138 11.06145251396649
 46 13.07262569832403
 10 15.08379888268158
 49 17.09497206703912
 112 19.10614525139667
 557 21.11731843575421
 72 23.12849162011173
 91 25.13966480446928
 114 27.15083798882682
 45 29.16201117318437
 239 31.17318435754191
 314 33.18435754189946
 239 35.195530726257
 170 37.20670391061452
 38 39.21787709497207
 280 41.22905027932961
 2 43.24022346368716
 122 45.2513966480447
 49 47.26256983240225
 189 49.27374301675979
 84 51.28491620111734
 190 53.29608938547489
 91 55.3072625698324
 143 57.31843575418995
 258 59.32960893854749
 56 61.34078212290504
 95 63.35195530726259
 70 65.36312849162013
 105 67.37430167597768
 45 69.38547486033519
 33 71.39664804469274
 38 73.40782122905028
 8 75.41899441340783
 5 77.43016759776538
 3 79.44134078212289
 0 81.45251396648047
 0 83.46368715083798
 1 85.47486033519556
 11 87.48603351955308
 7667 89.49720670391065
 4 91.50837988826817
 0 93.51955307262574
 0 95.53072625698326
 1 97.54189944134077
 2 99.55307262569835
 9 101.5642458100559
 24 103.5754189944134
 44 105.586592178771
 22 107.5977653631285
 115 109.608938547486
 114 111.6201117318436
 117 113.6312849162011
 4 115.6424581005587
 203 117.6536312849162
 178 119.6648044692737
 93 121.6759776536313
 176 123.6871508379888
 164 125.6983240223464
 96 127.7094972067039
 183 129.7206703910614
 196 131.731843575419
 1 133.7430167597765
 130 135.7541899441341
 189 137.7653631284916
 108 139.7765363128492
 151 141.7877094972067
 490 143.7988826815642
 136 145.8100558659218
 209 147.8212290502793
 39 149.8324022346369
 177 151.8435754189944
 71 153.854748603352
 504 155.8659217877095
 48 157.8770949720671
 138 159.8882681564246
 67 161.8994413407821
 59 163.9106145251397
 18 165.9217877094972
 127 167.9329608938548
 209 169.9441340782123
 334 171.9553072625699
 2 173.9664804469274
 131 175.9776536312849
 3 177.9888268156425
 0 180


