# Created by Octave 3.8.2, Sat Jun 20 14:41:39 2020 CEST <damian@fptrucha.inv.usc.es>
# name: hd
# type: matrix
# rows: 180
# columns: 2
 6 -180
 164 -177.9888268156425
 3 -175.9776536312849
 383 -173.9664804469274
 228 -171.9553072625698
 167 -169.9441340782123
 26 -167.9329608938548
 22 -165.9217877094972
 63 -163.9106145251397
 147 -161.8994413407821
 37 -159.8882681564246
 667 -157.877094972067
 54 -155.8659217877095
 116 -153.854748603352
 43 -151.8435754189944
 61 -149.8324022346369
 231 -147.8212290502793
 626 -145.8100558659218
 139 -143.7988826815642
 84 -141.7877094972067
 163 -139.7765363128491
 116 -137.7653631284916
 1 -135.7541899441341
 156 -133.7430167597765
 173 -131.731843575419
 84 -129.7206703910614
 184 -127.7094972067039
 239 -125.6983240223464
 107 -123.6871508379888
 207 -121.6759776536313
 173 -119.6648044692737
 1 -117.6536312849162
 97 -115.6424581005587
 122 -113.6312849162011
 129 -111.6201117318436
 21 -109.608938547486
 40 -107.5977653631285
 23 -105.5865921787709
 18 -103.5754189944134
 2 -101.5642458100559
 0 -99.55307262569832
 2 -97.54189944134077
 1 -95.53072625698323
 9 -93.5195530726257
 8221 -91.50837988826815
 5 -89.49720670391061
 3 -87.48603351955308
 3 -85.47486033519553
 0 -83.46368715083798
 0 -81.45251396648044
 5 -79.44134078212289
 2 -77.43016759776536
 36 -75.41899441340782
 21 -73.40782122905027
 41 -71.39664804469274
 121 -69.38547486033519
 68 -67.37430167597765
 101 -65.3631284916201
 54 -63.35195530726256
 274 -61.34078212290503
 159 -59.32960893854748
 232 -57.31843575418993
 89 -55.3072625698324
 71 -53.29608938547486
 228 -51.28491620111731
 46 -49.27374301675977
 98 -47.26256983240222
 2 -45.25139664804468
 313 -43.24022346368713
 3 -41.22905027932961
 179 -39.21787709497207
 307 -37.20670391061452
 474 -35.19553072625698
 102 -33.18435754189943
 66 -31.17318435754188
 148 -29.16201117318434
 9 -27.15083798882682
 61 -25.13966480446928
 640 -23.12849162011173
 154 -21.11731843575419
 49 -19.10614525139664
 5 -17.09497206703909
 46 -15.08379888268155
 156 -13.072625698324
 9 -11.06145251396646
 636 -9.050279329608941
 3 -7.039106145251395
 126 -5.02793296089385
 20 -3.016759776536304
 1 -1.005586592178759
 22 1.005586592178787
 113 3.016759776536333
 3 5.02793296089385
 588 7.039106145251395
 8 9.050279329608941
 122 11.06145251396649
 44 13.07262569832403
 14 15.08379888268158
 70 17.09497206703912
 108 19.10614525139667
 526 21.11731843575421
 55 23.12849162011173
 105 25.13966480446928
 108 27.15083798882682
 49 29.16201117318437
 235 31.17318435754191
 333 33.18435754189946
 235 35.195530726257
 158 37.20670391061452
 33 39.21787709497207
 298 41.22905027932961
 2 43.24022346368716
 130 45.2513966480447
 75 47.26256983240225
 230 49.27374301675979
 93 51.28491620111734
 227 53.29608938547489
 84 55.3072625698324
 139 57.31843575418995
 258 59.32960893854749
 70 61.34078212290504
 109 63.35195530726259
 79 65.36312849162013
 107 67.37430167597768
 53 69.38547486033519
 21 71.39664804469274
 48 73.40782122905028
 11 75.41899441340783
 13 77.43016759776538
 0 79.44134078212289
 0 81.45251396648047
 2 83.46368715083798
 5 85.47486033519556
 10 87.48603351955308
 8141 89.49720670391065
 3 91.50837988826817
 1 93.51955307262574
 0 95.53072625698326
 0 97.54189944134077
 6 99.55307262569835
 13 101.5642458100559
 24 103.5754189944134
 44 105.586592178771
 28 107.5977653631285
 144 109.608938547486
 131 111.6201117318436
 131 113.6312849162011
 1 115.6424581005587
 219 117.6536312849162
 177 119.6648044692737
 87 121.6759776536313
 165 123.6871508379888
 181 125.6983240223464
 84 127.7094972067039
 186 129.7206703910614
 176 131.731843575419
 0 133.7430167597765
 128 135.7541899441341
 175 137.7653631284916
 101 139.7765363128492
 171 141.7877094972067
 494 143.7988826815642
 127 145.8100558659218
 203 147.8212290502793
 46 149.8324022346369
 140 151.8435754189944
 68 153.854748603352
 477 155.8659217877095
 56 157.8770949720671
 125 159.8882681564246
 76 161.8994413407821
 55 163.9106145251397
 18 165.9217877094972
 150 167.9329608938548
 263 169.9441340782123
 318 171.9553072625699
 4 173.9664804469274
 150 175.9776536312849
 4 177.9888268156425
 0 180


