# Created by Octave 3.8.2, Mon Jun 22 15:21:26 2020 CEST <damian@fptrucha.inv.usc.es>
# name: hd
# type: matrix
# rows: 180
# columns: 2
 7 -180
 168 -177.9888268156425
 3 -175.9776536312849
 409 -173.9664804469274
 269 -171.9553072625698
 158 -169.9441340782123
 36 -167.9329608938548
 45 -165.9217877094972
 57 -163.9106145251397
 146 -161.8994413407821
 42 -159.8882681564246
 599 -157.877094972067
 62 -155.8659217877095
 112 -153.854748603352
 39 -151.8435754189944
 95 -149.8324022346369
 237 -147.8212290502793
 630 -145.8100558659218
 142 -143.7988826815642
 92 -141.7877094972067
 169 -139.7765363128491
 115 -137.7653631284916
 3 -135.7541899441341
 186 -133.7430167597765
 152 -131.731843575419
 81 -129.7206703910614
 189 -127.7094972067039
 237 -125.6983240223464
 99 -123.6871508379888
 190 -121.6759776536313
 166 -119.6648044692737
 3 -117.6536312849162
 119 -115.6424581005587
 116 -113.6312849162011
 130 -111.6201117318436
 22 -109.608938547486
 45 -107.5977653631285
 24 -105.5865921787709
 15 -103.5754189944134
 3 -101.5642458100559
 0 -99.55307262569832
 2 -97.54189944134077
 0 -95.53072625698323
 6 -93.5195530726257
 7858 -91.50837988826815
 9 -89.49720670391061
 3 -87.48603351955308
 3 -85.47486033519553
 1 -83.46368715083798
 1 -81.45251396648044
 11 -79.44134078212289
 5 -77.43016759776536
 52 -75.41899441340782
 43 -73.40782122905027
 59 -71.39664804469274
 116 -69.38547486033519
 71 -67.37430167597765
 105 -65.3631284916201
 52 -63.35195530726256
 266 -61.34078212290503
 140 -59.32960893854748
 206 -57.31843575418993
 102 -55.3072625698324
 93 -53.29608938547486
 227 -51.28491620111731
 53 -49.27374301675977
 134 -47.26256983240222
 4 -45.25139664804468
 296 -43.24022346368713
 4 -41.22905027932961
 165 -39.21787709497207
 289 -37.20670391061452
 480 -35.19553072625698
 117 -33.18435754189943
 69 -31.17318435754188
 161 -29.16201117318434
 14 -27.15083798882682
 69 -25.13966480446928
 582 -23.12849162011173
 148 -21.11731843575419
 63 -19.10614525139664
 10 -17.09497206703909
 41 -15.08379888268155
 163 -13.072625698324
 8 -11.06145251396646
 620 -9.050279329608941
 1 -7.039106145251395
 148 -5.02793296089385
 23 -3.016759776536304
 4 -1.005586592178759
 19 1.005586592178787
 116 3.016759776536333
 7 5.02793296089385
 568 7.039106145251395
 9 9.050279329608941
 139 11.06145251396649
 51 13.07262569832403
 19 15.08379888268158
 53 17.09497206703912
 132 19.10614525139667
 526 21.11731843575421
 52 23.12849162011173
 89 25.13966480446928
 95 27.15083798882682
 77 29.16201117318437
 195 31.17318435754191
 346 33.18435754189946
 282 35.195530726257
 174 37.20670391061452
 44 39.21787709497207
 286 41.22905027932961
 3 43.24022346368716
 132 45.2513966480447
 63 47.26256983240225
 256 49.27374301675979
 107 51.28491620111734
 218 53.29608938547489
 79 55.3072625698324
 172 57.31843575418995
 286 59.32960893854749
 57 61.34078212290504
 131 63.35195530726259
 78 65.36312849162013
 113 67.37430167597768
 57 69.38547486033519
 30 71.39664804469274
 68 73.40782122905028
 9 75.41899441340783
 6 77.43016759776538
 2 79.44134078212289
 1 81.45251396648047
 4 83.46368715083798
 3 85.47486033519556
 9 87.48603351955308
 8005 89.49720670391065
 6 91.50837988826817
 2 93.51955307262574
 2 95.53072625698326
 1 97.54189944134077
 6 99.55307262569835
 27 101.5642458100559
 36 103.5754189944134
 42 105.586592178771
 24 107.5977653631285
 123 109.608938547486
 134 111.6201117318436
 139 113.6312849162011
 2 115.6424581005587
 210 117.6536312849162
 164 119.6648044692737
 101 121.6759776536313
 205 123.6871508379888
 192 125.6983240223464
 83 127.7094972067039
 215 129.7206703910614
 199 131.731843575419
 1 133.7430167597765
 131 135.7541899441341
 174 137.7653631284916
 118 139.7765363128492
 165 141.7877094972067
 528 143.7988826815642
 117 145.8100558659218
 194 147.8212290502793
 53 149.8324022346369
 154 151.8435754189944
 70 153.854748603352
 519 155.8659217877095
 65 157.8770949720671
 130 159.8882681564246
 68 161.8994413407821
 46 163.9106145251397
 16 165.9217877094972
 141 167.9329608938548
 241 169.9441340782123
 352 171.9553072625699
 3 173.9664804469274
 181 175.9776536312849
 3 177.9888268156425
 0 180


