# Created by Octave 3.8.2, Sun Jun 21 02:03:31 2020 CEST <damian@fptrucha.inv.usc.es>
# name: hd
# type: matrix
# rows: 180
# columns: 2
 3 -180
 160 -177.9888268156425
 4 -175.9776536312849
 330 -173.9664804469274
 225 -171.9553072625698
 206 -169.9441340782123
 28 -167.9329608938548
 33 -165.9217877094972
 52 -163.9106145251397
 153 -161.8994413407821
 38 -159.8882681564246
 594 -157.877094972067
 59 -155.8659217877095
 96 -153.854748603352
 39 -151.8435754189944
 52 -149.8324022346369
 181 -147.8212290502793
 619 -145.8100558659218
 131 -143.7988826815642
 89 -141.7877094972067
 159 -139.7765363128491
 94 -137.7653631284916
 2 -135.7541899441341
 139 -133.7430167597765
 174 -131.731843575419
 75 -129.7206703910614
 203 -127.7094972067039
 218 -125.6983240223464
 92 -123.6871508379888
 161 -121.6759776536313
 188 -119.6648044692737
 1 -117.6536312849162
 84 -115.6424581005587
 126 -113.6312849162011
 133 -111.6201117318436
 18 -109.608938547486
 34 -107.5977653631285
 33 -105.5865921787709
 10 -103.5754189944134
 2 -101.5642458100559
 0 -99.55307262569832
 1 -97.54189944134077
 1 -95.53072625698323
 3 -93.5195530726257
 8162 -91.50837988826815
 3 -89.49720670391061
 1 -87.48603351955308
 0 -85.47486033519553
 1 -83.46368715083798
 2 -81.45251396648044
 13 -79.44134078212289
 4 -77.43016759776536
 54 -75.41899441340782
 13 -73.40782122905027
 42 -71.39664804469274
 97 -69.38547486033519
 64 -67.37430167597765
 90 -65.3631284916201
 45 -63.35195530726256
 290 -61.34078212290503
 153 -59.32960893854748
 216 -57.31843575418993
 94 -55.3072625698324
 74 -53.29608938547486
 210 -51.28491620111731
 57 -49.27374301675977
 102 -47.26256983240222
 2 -45.25139664804468
 272 -43.24022346368713
 2 -41.22905027932961
 144 -39.21787709497207
 309 -37.20670391061452
 440 -35.19553072625698
 103 -33.18435754189943
 53 -31.17318435754188
 139 -29.16201117318434
 7 -27.15083798882682
 53 -25.13966480446928
 629 -23.12849162011173
 163 -21.11731843575419
 45 -19.10614525139664
 10 -17.09497206703909
 41 -15.08379888268155
 158 -13.072625698324
 6 -11.06145251396646
 562 -9.050279329608941
 3 -7.039106145251395
 125 -5.02793296089385
 16 -3.016759776536304
 2 -1.005586592178759
 16 1.005586592178787
 123 3.016759776536333
 0 5.02793296089385
 529 7.039106145251395
 7 9.050279329608941
 130 11.06145251396649
 44 13.07262569832403
 13 15.08379888268158
 46 17.09497206703912
 114 19.10614525139667
 483 21.11731843575421
 52 23.12849162011173
 115 25.13966480446928
 110 27.15083798882682
 52 29.16201117318437
 209 31.17318435754191
 305 33.18435754189946
 225 35.195530726257
 160 37.20670391061452
 37 39.21787709497207
 277 41.22905027932961
 1 43.24022346368716
 122 45.2513966480447
 56 47.26256983240225
 208 49.27374301675979
 78 51.28491620111734
 209 53.29608938547489
 58 55.3072625698324
 126 57.31843575418995
 297 59.32960893854749
 42 61.34078212290504
 126 63.35195530726259
 73 65.36312849162013
 102 67.37430167597768
 49 69.38547486033519
 21 71.39664804469274
 54 73.40782122905028
 6 75.41899441340783
 7 77.43016759776538
 2 79.44134078212289
 2 81.45251396648047
 0 83.46368715083798
 2 85.47486033519556
 7 87.48603351955308
 7288 89.49720670391065
 3 91.50837988826817
 2 93.51955307262574
 2 95.53072625698326
 1 97.54189944134077
 1 99.55307262569835
 11 101.5642458100559
 15 103.5754189944134
 37 105.586592178771
 25 107.5977653631285
 75 109.608938547486
 126 111.6201117318436
 105 113.6312849162011
 1 115.6424581005587
 202 117.6536312849162
 158 119.6648044692737
 76 121.6759776536313
 155 123.6871508379888
 151 125.6983240223464
 80 127.7094972067039
 141 129.7206703910614
 185 131.731843575419
 2 133.7430167597765
 122 135.7541899441341
 152 137.7653631284916
 95 139.7765363128492
 125 141.7877094972067
 475 143.7988826815642
 118 145.8100558659218
 191 147.8212290502793
 38 149.8324022346369
 131 151.8435754189944
 59 153.854748603352
 455 155.8659217877095
 60 157.8770949720671
 130 159.8882681564246
 72 161.8994413407821
 39 163.9106145251397
 15 165.9217877094972
 121 167.9329608938548
 237 169.9441340782123
 329 171.9553072625699
 3 173.9664804469274
 165 175.9776536312849
 2 177.9888268156425
 0 180


