# Created by Octave 3.8.2, Mon Jun 22 07:28:24 2020 CEST <damian@fptrucha.inv.usc.es>
# name: hd
# type: matrix
# rows: 180
# columns: 2
 4 -180
 168 -177.9888268156425
 5 -175.9776536312849
 358 -173.9664804469274
 258 -171.9553072625698
 127 -169.9441340782123
 26 -167.9329608938548
 54 -165.9217877094972
 53 -163.9106145251397
 170 -161.8994413407821
 39 -159.8882681564246
 498 -157.877094972067
 68 -155.8659217877095
 126 -153.854748603352
 50 -151.8435754189944
 62 -149.8324022346369
 213 -147.8212290502793
 541 -145.8100558659218
 130 -143.7988826815642
 86 -141.7877094972067
 156 -139.7765363128491
 112 -137.7653631284916
 5 -135.7541899441341
 151 -133.7430167597765
 146 -131.731843575419
 63 -129.7206703910614
 159 -127.7094972067039
 183 -125.6983240223464
 95 -123.6871508379888
 155 -121.6759776536313
 193 -119.6648044692737
 9 -117.6536312849162
 132 -115.6424581005587
 106 -113.6312849162011
 124 -111.6201117318436
 29 -109.608938547486
 36 -107.5977653631285
 20 -105.5865921787709
 11 -103.5754189944134
 3 -101.5642458100559
 1 -99.55307262569832
 5 -97.54189944134077
 4 -95.53072625698323
 10 -93.5195530726257
 7355 -91.50837988826815
 11 -89.49720670391061
 4 -87.48603351955308
 4 -85.47486033519553
 2 -83.46368715083798
 1 -81.45251396648044
 10 -79.44134078212289
 8 -77.43016759776536
 45 -75.41899441340782
 27 -73.40782122905027
 41 -71.39664804469274
 91 -69.38547486033519
 69 -67.37430167597765
 127 -65.3631284916201
 65 -63.35195530726256
 232 -61.34078212290503
 130 -59.32960893854748
 189 -57.31843575418993
 88 -55.3072625698324
 74 -53.29608938547486
 197 -51.28491620111731
 67 -49.27374301675977
 106 -47.26256983240222
 1 -45.25139664804468
 289 -43.24022346368713
 2 -41.22905027932961
 147 -39.21787709497207
 262 -37.20670391061452
 386 -35.19553072625698
 105 -33.18435754189943
 64 -31.17318435754188
 159 -29.16201117318434
 12 -27.15083798882682
 53 -25.13966480446928
 527 -23.12849162011173
 122 -21.11731843575419
 60 -19.10614525139664
 12 -17.09497206703909
 41 -15.08379888268155
 140 -13.072625698324
 8 -11.06145251396646
 539 -9.050279329608941
 1 -7.039106145251395
 127 -5.02793296089385
 17 -3.016759776536304
 3 -1.005586592178759
 26 1.005586592178787
 110 3.016759776536333
 8 5.02793296089385
 568 7.039106145251395
 10 9.050279329608941
 141 11.06145251396649
 44 13.07262569832403
 19 15.08379888268158
 59 17.09497206703912
 109 19.10614525139667
 533 21.11731843575421
 70 23.12849162011173
 81 25.13966480446928
 93 27.15083798882682
 47 29.16201117318437
 188 31.17318435754191
 334 33.18435754189946
 252 35.195530726257
 151 37.20670391061452
 34 39.21787709497207
 306 41.22905027932961
 2 43.24022346368716
 131 45.2513966480447
 73 47.26256983240225
 245 49.27374301675979
 81 51.28491620111734
 203 53.29608938547489
 64 55.3072625698324
 157 57.31843575418995
 260 59.32960893854749
 67 61.34078212290504
 105 63.35195530726259
 96 65.36312849162013
 107 67.37430167597768
 62 69.38547486033519
 31 71.39664804469274
 37 73.40782122905028
 12 75.41899441340783
 5 77.43016759776538
 3 79.44134078212289
 1 81.45251396648047
 0 83.46368715083798
 4 85.47486033519556
 18 87.48603351955308
 7469 89.49720670391065
 7 91.50837988826817
 4 93.51955307262574
 2 95.53072625698326
 5 97.54189944134077
 1 99.55307262569835
 19 101.5642458100559
 23 103.5754189944134
 37 105.586592178771
 14 107.5977653631285
 125 109.608938547486
 117 111.6201117318436
 114 113.6312849162011
 1 115.6424581005587
 205 117.6536312849162
 155 119.6648044692737
 98 121.6759776536313
 153 123.6871508379888
 166 125.6983240223464
 81 127.7094972067039
 144 129.7206703910614
 191 131.731843575419
 2 133.7430167597765
 115 135.7541899441341
 193 137.7653631284916
 86 139.7765363128492
 130 141.7877094972067
 460 143.7988826815642
 130 145.8100558659218
 206 147.8212290502793
 61 149.8324022346369
 141 151.8435754189944
 68 153.854748603352
 466 155.8659217877095
 38 157.8770949720671
 128 159.8882681564246
 74 161.8994413407821
 37 163.9106145251397
 21 165.9217877094972
 137 167.9329608938548
 242 169.9441340782123
 350 171.9553072625699
 12 173.9664804469274
 191 175.9776536312849
 6 177.9888268156425
 0 180


