# Created by Octave 3.8.2, Sat Jun 20 09:23:23 2020 CEST <damian@fptrucha.inv.usc.es>
# name: hd
# type: matrix
# rows: 180
# columns: 2
 3 -180
 195 -177.9888268156425
 3 -175.9776536312849
 442 -173.9664804469274
 264 -171.9553072625698
 168 -169.9441340782123
 34 -167.9329608938548
 45 -165.9217877094972
 60 -163.9106145251397
 179 -161.8994413407821
 51 -159.8882681564246
 711 -157.877094972067
 65 -155.8659217877095
 124 -153.854748603352
 49 -151.8435754189944
 75 -149.8324022346369
 251 -147.8212290502793
 627 -145.8100558659218
 128 -143.7988826815642
 86 -141.7877094972067
 187 -139.7765363128491
 96 -137.7653631284916
 6 -135.7541899441341
 177 -133.7430167597765
 186 -131.731843575419
 98 -129.7206703910614
 220 -127.7094972067039
 252 -125.6983240223464
 114 -123.6871508379888
 247 -121.6759776536313
 200 -119.6648044692737
 5 -117.6536312849162
 113 -115.6424581005587
 128 -113.6312849162011
 143 -111.6201117318436
 20 -109.608938547486
 33 -107.5977653631285
 25 -105.5865921787709
 10 -103.5754189944134
 2 -101.5642458100559
 0 -99.55307262569832
 2 -97.54189944134077
 0 -95.53072625698323
 7 -93.5195530726257
 9123 -91.50837988826815
 13 -89.49720670391061
 3 -87.48603351955308
 1 -85.47486033519553
 0 -83.46368715083798
 1 -81.45251396648044
 10 -79.44134078212289
 7 -77.43016759776536
 44 -75.41899441340782
 32 -73.40782122905027
 44 -71.39664804469274
 134 -69.38547486033519
 82 -67.37430167597765
 113 -65.3631284916201
 54 -63.35195530726256
 301 -61.34078212290503
 174 -59.32960893854748
 255 -57.31843575418993
 111 -55.3072625698324
 92 -53.29608938547486
 239 -51.28491620111731
 65 -49.27374301675977
 137 -47.26256983240222
 1 -45.25139664804468
 301 -43.24022346368713
 5 -41.22905027932961
 180 -39.21787709497207
 367 -37.20670391061452
 493 -35.19553072625698
 119 -33.18435754189943
 67 -31.17318435754188
 195 -29.16201117318434
 7 -27.15083798882682
 59 -25.13966480446928
 749 -23.12849162011173
 211 -21.11731843575419
 59 -19.10614525139664
 14 -17.09497206703909
 52 -15.08379888268155
 165 -13.072625698324
 10 -11.06145251396646
 626 -9.050279329608941
 5 -7.039106145251395
 136 -5.02793296089385
 23 -3.016759776536304
 2 -1.005586592178759
 32 1.005586592178787
 141 3.016759776536333
 1 5.02793296089385
 619 7.039106145251395
 17 9.050279329608941
 171 11.06145251396649
 65 13.07262569832403
 6 15.08379888268158
 54 17.09497206703912
 109 19.10614525139667
 560 21.11731843575421
 68 23.12849162011173
 102 25.13966480446928
 127 27.15083798882682
 60 29.16201117318437
 267 31.17318435754191
 393 33.18435754189946
 270 35.195530726257
 171 37.20670391061452
 39 39.21787709497207
 340 41.22905027932961
 2 43.24022346368716
 140 45.2513966480447
 68 47.26256983240225
 269 49.27374301675979
 102 51.28491620111734
 250 53.29608938547489
 76 55.3072625698324
 154 57.31843575418995
 279 59.32960893854749
 68 61.34078212290504
 126 63.35195530726259
 80 65.36312849162013
 124 67.37430167597768
 67 69.38547486033519
 43 71.39664804469274
 67 73.40782122905028
 11 75.41899441340783
 11 77.43016759776538
 3 79.44134078212289
 1 81.45251396648047
 0 83.46368715083798
 5 85.47486033519556
 10 87.48603351955308
 8663 89.49720670391065
 7 91.50837988826817
 0 93.51955307262574
 2 95.53072625698326
 3 97.54189944134077
 6 99.55307262569835
 23 101.5642458100559
 28 103.5754189944134
 39 105.586592178771
 26 107.5977653631285
 117 109.608938547486
 139 111.6201117318436
 158 113.6312849162011
 2 115.6424581005587
 255 117.6536312849162
 202 119.6648044692737
 103 121.6759776536313
 206 123.6871508379888
 228 125.6983240223464
 108 127.7094972067039
 178 129.7206703910614
 207 131.731843575419
 3 133.7430167597765
 142 135.7541899441341
 190 137.7653631284916
 118 139.7765363128492
 168 141.7877094972067
 525 143.7988826815642
 134 145.8100558659218
 247 147.8212290502793
 59 149.8324022346369
 174 151.8435754189944
 66 153.854748603352
 522 155.8659217877095
 68 157.8770949720671
 167 159.8882681564246
 72 161.8994413407821
 67 163.9106145251397
 32 165.9217877094972
 145 167.9329608938548
 253 169.9441340782123
 387 171.9553072625699
 5 173.9664804469274
 180 175.9776536312849
 6 177.9888268156425
 0 180


