# Created by Octave 3.8.2, Sat Jun 20 21:40:01 2020 CEST <damian@fptrucha.inv.usc.es>
# name: hd
# type: matrix
# rows: 180
# columns: 2
 2 -180
 165 -177.9888268156425
 4 -175.9776536312849
 339 -173.9664804469274
 220 -171.9553072625698
 148 -169.9441340782123
 31 -167.9329608938548
 40 -165.9217877094972
 38 -163.9106145251397
 155 -161.8994413407821
 43 -159.8882681564246
 641 -157.877094972067
 53 -155.8659217877095
 129 -153.854748603352
 29 -151.8435754189944
 66 -149.8324022346369
 191 -147.8212290502793
 619 -145.8100558659218
 104 -143.7988826815642
 85 -141.7877094972067
 160 -139.7765363128491
 92 -137.7653631284916
 2 -135.7541899441341
 152 -133.7430167597765
 155 -131.731843575419
 71 -129.7206703910614
 169 -127.7094972067039
 217 -125.6983240223464
 102 -123.6871508379888
 171 -121.6759776536313
 172 -119.6648044692737
 1 -117.6536312849162
 98 -115.6424581005587
 111 -113.6312849162011
 105 -111.6201117318436
 14 -109.608938547486
 39 -107.5977653631285
 22 -105.5865921787709
 13 -103.5754189944134
 2 -101.5642458100559
 0 -99.55307262569832
 1 -97.54189944134077
 2 -95.53072625698323
 7 -93.5195530726257
 7879 -91.50837988826815
 6 -89.49720670391061
 2 -87.48603351955308
 0 -85.47486033519553
 1 -83.46368715083798
 1 -81.45251396648044
 5 -79.44134078212289
 6 -77.43016759776536
 40 -75.41899441340782
 19 -73.40782122905027
 47 -71.39664804469274
 123 -69.38547486033519
 60 -67.37430167597765
 94 -65.3631284916201
 55 -63.35195530726256
 262 -61.34078212290503
 154 -59.32960893854748
 208 -57.31843575418993
 83 -55.3072625698324
 83 -53.29608938547486
 257 -51.28491620111731
 32 -49.27374301675977
 127 -47.26256983240222
 3 -45.25139664804468
 245 -43.24022346368713
 1 -41.22905027932961
 138 -39.21787709497207
 308 -37.20670391061452
 429 -35.19553072625698
 89 -33.18435754189943
 50 -31.17318435754188
 154 -29.16201117318434
 13 -27.15083798882682
 55 -25.13966480446928
 626 -23.12849162011173
 149 -21.11731843575419
 51 -19.10614525139664
 14 -17.09497206703909
 29 -15.08379888268155
 172 -13.072625698324
 8 -11.06145251396646
 514 -9.050279329608941
 2 -7.039106145251395
 135 -5.02793296089385
 20 -3.016759776536304
 5 -1.005586592178759
 25 1.005586592178787
 129 3.016759776536333
 2 5.02793296089385
 514 7.039106145251395
 8 9.050279329608941
 123 11.06145251396649
 47 13.07262569832403
 9 15.08379888268158
 53 17.09497206703912
 101 19.10614525139667
 534 21.11731843575421
 51 23.12849162011173
 89 25.13966480446928
 91 27.15083798882682
 57 29.16201117318437
 210 31.17318435754191
 302 33.18435754189946
 240 35.195530726257
 195 37.20670391061452
 32 39.21787709497207
 289 41.22905027932961
 2 43.24022346368716
 119 45.2513966480447
 63 47.26256983240225
 237 49.27374301675979
 72 51.28491620111734
 199 53.29608938547489
 74 55.3072625698324
 135 57.31843575418995
 234 59.32960893854749
 60 61.34078212290504
 111 63.35195530726259
 80 65.36312849162013
 122 67.37430167597768
 39 69.38547486033519
 27 71.39664804469274
 45 73.40782122905028
 7 75.41899441340783
 8 77.43016759776538
 1 79.44134078212289
 2 81.45251396648047
 0 83.46368715083798
 2 85.47486033519556
 9 87.48603351955308
 7672 89.49720670391065
 6 91.50837988826817
 1 93.51955307262574
 0 95.53072625698326
 2 97.54189944134077
 2 99.55307262569835
 13 101.5642458100559
 15 103.5754189944134
 44 105.586592178771
 17 107.5977653631285
 100 109.608938547486
 114 111.6201117318436
 129 113.6312849162011
 5 115.6424581005587
 208 117.6536312849162
 138 119.6648044692737
 95 121.6759776536313
 169 123.6871508379888
 185 125.6983240223464
 64 127.7094972067039
 154 129.7206703910614
 180 131.731843575419
 1 133.7430167597765
 116 135.7541899441341
 176 137.7653631284916
 101 139.7765363128492
 147 141.7877094972067
 461 143.7988826815642
 109 145.8100558659218
 206 147.8212290502793
 40 149.8324022346369
 142 151.8435754189944
 55 153.854748603352
 469 155.8659217877095
 57 157.8770949720671
 133 159.8882681564246
 67 161.8994413407821
 52 163.9106145251397
 21 165.9217877094972
 123 167.9329608938548
 215 169.9441340782123
 363 171.9553072625699
 3 173.9664804469274
 173 175.9776536312849
 4 177.9888268156425
 0 180


