# Created by Octave 3.8.2, Sat Jun 20 18:22:07 2020 CEST <damian@fptrucha.inv.usc.es>
# name: hd
# type: matrix
# rows: 180
# columns: 2
 0 -180
 142 -177.9888268156425
 2 -175.9776536312849
 389 -173.9664804469274
 238 -171.9553072625698
 146 -169.9441340782123
 34 -167.9329608938548
 33 -165.9217877094972
 41 -163.9106145251397
 141 -161.8994413407821
 41 -159.8882681564246
 651 -157.877094972067
 75 -155.8659217877095
 105 -153.854748603352
 52 -151.8435754189944
 76 -149.8324022346369
 201 -147.8212290502793
 624 -145.8100558659218
 128 -143.7988826815642
 103 -141.7877094972067
 174 -139.7765363128491
 96 -137.7653631284916
 2 -135.7541899441341
 165 -133.7430167597765
 150 -131.731843575419
 79 -129.7206703910614
 166 -127.7094972067039
 239 -125.6983240223464
 99 -123.6871508379888
 185 -121.6759776536313
 203 -119.6648044692737
 3 -117.6536312849162
 103 -115.6424581005587
 111 -113.6312849162011
 132 -111.6201117318436
 17 -109.608938547486
 33 -107.5977653631285
 20 -105.5865921787709
 5 -103.5754189944134
 2 -101.5642458100559
 0 -99.55307262569832
 3 -97.54189944134077
 1 -95.53072625698323
 2 -93.5195530726257
 8379 -91.50837988826815
 12 -89.49720670391061
 5 -87.48603351955308
 1 -85.47486033519553
 0 -83.46368715083798
 0 -81.45251396648044
 8 -79.44134078212289
 4 -77.43016759776536
 52 -75.41899441340782
 28 -73.40782122905027
 57 -71.39664804469274
 115 -69.38547486033519
 61 -67.37430167597765
 86 -65.3631284916201
 47 -63.35195530726256
 259 -61.34078212290503
 140 -59.32960893854748
 229 -57.31843575418993
 84 -55.3072625698324
 88 -53.29608938547486
 215 -51.28491620111731
 54 -49.27374301675977
 109 -47.26256983240222
 2 -45.25139664804468
 244 -43.24022346368713
 1 -41.22905027932961
 148 -39.21787709497207
 303 -37.20670391061452
 481 -35.19553072625698
 102 -33.18435754189943
 60 -31.17318435754188
 165 -29.16201117318434
 10 -27.15083798882682
 63 -25.13966480446928
 633 -23.12849162011173
 149 -21.11731843575419
 53 -19.10614525139664
 9 -17.09497206703909
 43 -15.08379888268155
 166 -13.072625698324
 7 -11.06145251396646
 520 -9.050279329608941
 1 -7.039106145251395
 111 -5.02793296089385
 16 -3.016759776536304
 1 -1.005586592178759
 26 1.005586592178787
 140 3.016759776536333
 3 5.02793296089385
 539 7.039106145251395
 5 9.050279329608941
 142 11.06145251396649
 46 13.07262569832403
 15 15.08379888268158
 63 17.09497206703912
 110 19.10614525139667
 531 21.11731843575421
 58 23.12849162011173
 87 25.13966480446928
 99 27.15083798882682
 65 29.16201117318437
 209 31.17318435754191
 307 33.18435754189946
 224 35.195530726257
 157 37.20670391061452
 28 39.21787709497207
 272 41.22905027932961
 1 43.24022346368716
 118 45.2513966480447
 75 47.26256983240225
 208 49.27374301675979
 72 51.28491620111734
 194 53.29608938547489
 81 55.3072625698324
 141 57.31843575418995
 255 59.32960893854749
 61 61.34078212290504
 109 63.35195530726259
 80 65.36312849162013
 109 67.37430167597768
 40 69.38547486033519
 30 71.39664804469274
 40 73.40782122905028
 14 75.41899441340783
 9 77.43016759776538
 2 79.44134078212289
 0 81.45251396648047
 0 83.46368715083798
 4 85.47486033519556
 7 87.48603351955308
 7736 89.49720670391065
 6 91.50837988826817
 5 93.51955307262574
 0 95.53072625698326
 1 97.54189944134077
 4 99.55307262569835
 14 101.5642458100559
 21 103.5754189944134
 29 105.586592178771
 20 107.5977653631285
 93 109.608938547486
 106 111.6201117318436
 131 113.6312849162011
 3 115.6424581005587
 215 117.6536312849162
 181 119.6648044692737
 87 121.6759776536313
 160 123.6871508379888
 158 125.6983240223464
 96 127.7094972067039
 141 129.7206703910614
 176 131.731843575419
 1 133.7430167597765
 118 135.7541899441341
 171 137.7653631284916
 103 139.7765363128492
 147 141.7877094972067
 458 143.7988826815642
 129 145.8100558659218
 209 147.8212290502793
 56 149.8324022346369
 143 151.8435754189944
 69 153.854748603352
 477 155.8659217877095
 49 157.8770949720671
 133 159.8882681564246
 61 161.8994413407821
 55 163.9106145251397
 13 165.9217877094972
 114 167.9329608938548
 199 169.9441340782123
 319 171.9553072625699
 2 173.9664804469274
 160 175.9776536312849
 4 177.9888268156425
 0 180


