# Created by Octave 3.8.2, Mon Jun 22 10:52:43 2020 CEST <damian@fptrucha.inv.usc.es>
# name: hd
# type: matrix
# rows: 180
# columns: 2
 2 -180
 186 -177.9888268156425
 4 -175.9776536312849
 394 -173.9664804469274
 230 -171.9553072625698
 129 -169.9441340782123
 33 -167.9329608938548
 41 -165.9217877094972
 68 -163.9106145251397
 153 -161.8994413407821
 48 -159.8882681564246
 567 -157.877094972067
 74 -155.8659217877095
 107 -153.854748603352
 30 -151.8435754189944
 64 -149.8324022346369
 223 -147.8212290502793
 582 -145.8100558659218
 133 -143.7988826815642
 83 -141.7877094972067
 171 -139.7765363128491
 102 -137.7653631284916
 5 -135.7541899441341
 183 -133.7430167597765
 161 -131.731843575419
 76 -129.7206703910614
 167 -127.7094972067039
 211 -125.6983240223464
 106 -123.6871508379888
 179 -121.6759776536313
 180 -119.6648044692737
 4 -117.6536312849162
 119 -115.6424581005587
 119 -113.6312849162011
 126 -111.6201117318436
 23 -109.608938547486
 38 -107.5977653631285
 29 -105.5865921787709
 12 -103.5754189944134
 6 -101.5642458100559
 1 -99.55307262569832
 3 -97.54189944134077
 2 -95.53072625698323
 8 -93.5195530726257
 7812 -91.50837988826815
 12 -89.49720670391061
 5 -87.48603351955308
 2 -85.47486033519553
 0 -83.46368715083798
 2 -81.45251396648044
 13 -79.44134078212289
 6 -77.43016759776536
 41 -75.41899441340782
 29 -73.40782122905027
 48 -71.39664804469274
 121 -69.38547486033519
 70 -67.37430167597765
 103 -65.3631284916201
 53 -63.35195530726256
 259 -61.34078212290503
 133 -59.32960893854748
 236 -57.31843575418993
 108 -55.3072625698324
 81 -53.29608938547486
 249 -51.28491620111731
 57 -49.27374301675977
 121 -47.26256983240222
 6 -45.25139664804468
 286 -43.24022346368713
 4 -41.22905027932961
 156 -39.21787709497207
 299 -37.20670391061452
 440 -35.19553072625698
 104 -33.18435754189943
 55 -31.17318435754188
 151 -29.16201117318434
 12 -27.15083798882682
 60 -25.13966480446928
 557 -23.12849162011173
 141 -21.11731843575419
 55 -19.10614525139664
 13 -17.09497206703909
 44 -15.08379888268155
 160 -13.072625698324
 4 -11.06145251396646
 578 -9.050279329608941
 1 -7.039106145251395
 117 -5.02793296089385
 15 -3.016759776536304
 2 -1.005586592178759
 21 1.005586592178787
 125 3.016759776536333
 4 5.02793296089385
 516 7.039106145251395
 10 9.050279329608941
 140 11.06145251396649
 45 13.07262569832403
 8 15.08379888268158
 58 17.09497206703912
 124 19.10614525139667
 538 21.11731843575421
 66 23.12849162011173
 77 25.13966480446928
 91 27.15083798882682
 74 29.16201117318437
 181 31.17318435754191
 328 33.18435754189946
 257 35.195530726257
 150 37.20670391061452
 47 39.21787709497207
 268 41.22905027932961
 1 43.24022346368716
 129 45.2513966480447
 46 47.26256983240225
 208 49.27374301675979
 75 51.28491620111734
 203 53.29608938547489
 84 55.3072625698324
 157 57.31843575418995
 245 59.32960893854749
 45 61.34078212290504
 126 63.35195530726259
 79 65.36312849162013
 118 67.37430167597768
 52 69.38547486033519
 27 71.39664804469274
 64 73.40782122905028
 6 75.41899441340783
 12 77.43016759776538
 2 79.44134078212289
 1 81.45251396648047
 2 83.46368715083798
 5 85.47486033519556
 17 87.48603351955308
 7709 89.49720670391065
 9 91.50837988826817
 6 93.51955307262574
 1 95.53072625698326
 1 97.54189944134077
 2 99.55307262569835
 18 101.5642458100559
 20 103.5754189944134
 45 105.586592178771
 28 107.5977653631285
 117 109.608938547486
 139 111.6201117318436
 141 113.6312849162011
 4 115.6424581005587
 209 117.6536312849162
 153 119.6648044692737
 98 121.6759776536313
 193 123.6871508379888
 168 125.6983240223464
 81 127.7094972067039
 157 129.7206703910614
 198 131.731843575419
 6 133.7430167597765
 123 135.7541899441341
 178 137.7653631284916
 98 139.7765363128492
 135 141.7877094972067
 486 143.7988826815642
 94 145.8100558659218
 191 147.8212290502793
 41 149.8324022346369
 138 151.8435754189944
 68 153.854748603352
 546 155.8659217877095
 60 157.8770949720671
 125 159.8882681564246
 68 161.8994413407821
 40 163.9106145251397
 19 165.9217877094972
 153 167.9329608938548
 242 169.9441340782123
 344 171.9553072625699
 4 173.9664804469274
 178 175.9776536312849
 6 177.9888268156425
 0 180


