# Created by Octave 3.8.2, Sat Jun 20 09:15:59 2020 CEST <damian@fptrucha.inv.usc.es>
# name: hd
# type: matrix
# rows: 180
# columns: 2
 4 -180
 191 -177.9888268156425
 2 -175.9776536312849
 392 -173.9664804469274
 261 -171.9553072625698
 182 -169.9441340782123
 30 -167.9329608938548
 41 -165.9217877094972
 64 -163.9106145251397
 191 -161.8994413407821
 44 -159.8882681564246
 776 -157.877094972067
 71 -155.8659217877095
 155 -153.854748603352
 55 -151.8435754189944
 83 -149.8324022346369
 233 -147.8212290502793
 780 -145.8100558659218
 157 -143.7988826815642
 117 -141.7877094972067
 181 -139.7765363128491
 139 -137.7653631284916
 2 -135.7541899441341
 167 -133.7430167597765
 177 -131.731843575419
 76 -129.7206703910614
 201 -127.7094972067039
 249 -125.6983240223464
 123 -123.6871508379888
 236 -121.6759776536313
 221 -119.6648044692737
 3 -117.6536312849162
 112 -115.6424581005587
 131 -113.6312849162011
 140 -111.6201117318436
 14 -109.608938547486
 35 -107.5977653631285
 20 -105.5865921787709
 18 -103.5754189944134
 4 -101.5642458100559
 0 -99.55307262569832
 2 -97.54189944134077
 3 -95.53072625698323
 4 -93.5195530726257
 9318 -91.50837988826815
 12 -89.49720670391061
 5 -87.48603351955308
 3 -85.47486033519553
 0 -83.46368715083798
 1 -81.45251396648044
 7 -79.44134078212289
 1 -77.43016759776536
 66 -75.41899441340782
 31 -73.40782122905027
 64 -71.39664804469274
 137 -69.38547486033519
 72 -67.37430167597765
 123 -65.3631284916201
 64 -63.35195530726256
 313 -61.34078212290503
 166 -59.32960893854748
 231 -57.31843575418993
 97 -55.3072625698324
 85 -53.29608938547486
 253 -51.28491620111731
 64 -49.27374301675977
 135 -47.26256983240222
 2 -45.25139664804468
 318 -43.24022346368713
 2 -41.22905027932961
 159 -39.21787709497207
 357 -37.20670391061452
 541 -35.19553072625698
 114 -33.18435754189943
 74 -31.17318435754188
 178 -29.16201117318434
 13 -27.15083798882682
 60 -25.13966480446928
 711 -23.12849162011173
 171 -21.11731843575419
 50 -19.10614525139664
 11 -17.09497206703909
 45 -15.08379888268155
 191 -13.072625698324
 9 -11.06145251396646
 671 -9.050279329608941
 3 -7.039106145251395
 143 -5.02793296089385
 25 -3.016759776536304
 4 -1.005586592178759
 21 1.005586592178787
 158 3.016759776536333
 6 5.02793296089385
 606 7.039106145251395
 10 9.050279329608941
 158 11.06145251396649
 67 13.07262569832403
 11 15.08379888268158
 68 17.09497206703912
 137 19.10614525139667
 571 21.11731843575421
 70 23.12849162011173
 119 25.13966480446928
 118 27.15083798882682
 71 29.16201117318437
 279 31.17318435754191
 366 33.18435754189946
 256 35.195530726257
 192 37.20670391061452
 37 39.21787709497207
 319 41.22905027932961
 0 43.24022346368716
 145 45.2513966480447
 73 47.26256983240225
 271 49.27374301675979
 98 51.28491620111734
 230 53.29608938547489
 97 55.3072625698324
 144 57.31843575418995
 304 59.32960893854749
 60 61.34078212290504
 118 63.35195530726259
 78 65.36312849162013
 125 67.37430167597768
 55 69.38547486033519
 37 71.39664804469274
 51 73.40782122905028
 10 75.41899441340783
 5 77.43016759776538
 2 79.44134078212289
 1 81.45251396648047
 0 83.46368715083798
 4 85.47486033519556
 9 87.48603351955308
 8501 89.49720670391065
 3 91.50837988826817
 0 93.51955307262574
 2 95.53072625698326
 2 97.54189944134077
 4 99.55307262569835
 14 101.5642458100559
 24 103.5754189944134
 41 105.586592178771
 21 107.5977653631285
 103 109.608938547486
 148 111.6201117318436
 145 113.6312849162011
 2 115.6424581005587
 205 117.6536312849162
 203 119.6648044692737
 92 121.6759776536313
 195 123.6871508379888
 179 125.6983240223464
 93 127.7094972067039
 200 129.7206703910614
 209 131.731843575419
 2 133.7430167597765
 143 135.7541899441341
 195 137.7653631284916
 118 139.7765363128492
 173 141.7877094972067
 548 143.7988826815642
 151 145.8100558659218
 238 147.8212290502793
 51 149.8324022346369
 194 151.8435754189944
 72 153.854748603352
 514 155.8659217877095
 59 157.8770949720671
 134 159.8882681564246
 74 161.8994413407821
 61 163.9106145251397
 19 165.9217877094972
 156 167.9329608938548
 260 169.9441340782123
 369 171.9553072625699
 3 173.9664804469274
 160 175.9776536312849
 4 177.9888268156425
 0 180


