# Created by Octave 3.8.2, Mon Jun 22 22:08:34 2020 CEST <damian@fptrucha.inv.usc.es>
# name: hd
# type: matrix
# rows: 180
# columns: 2
 4 -180
 187 -177.9888268156425
 6 -175.9776536312849
 413 -173.9664804469274
 234 -171.9553072625698
 155 -169.9441340782123
 28 -167.9329608938548
 46 -165.9217877094972
 69 -163.9106145251397
 172 -161.8994413407821
 48 -159.8882681564246
 638 -157.877094972067
 67 -155.8659217877095
 142 -153.854748603352
 54 -151.8435754189944
 68 -149.8324022346369
 233 -147.8212290502793
 682 -145.8100558659218
 150 -143.7988826815642
 111 -141.7877094972067
 201 -139.7765363128491
 141 -137.7653631284916
 1 -135.7541899441341
 197 -133.7430167597765
 205 -131.731843575419
 72 -129.7206703910614
 196 -127.7094972067039
 236 -125.6983240223464
 99 -123.6871508379888
 184 -121.6759776536313
 217 -119.6648044692737
 2 -117.6536312849162
 125 -115.6424581005587
 135 -113.6312849162011
 157 -111.6201117318436
 31 -109.608938547486
 40 -107.5977653631285
 24 -105.5865921787709
 15 -103.5754189944134
 4 -101.5642458100559
 0 -99.55307262569832
 2 -97.54189944134077
 4 -95.53072625698323
 9 -93.5195530726257
 8554 -91.50837988826815
 16 -89.49720670391061
 5 -87.48603351955308
 1 -85.47486033519553
 0 -83.46368715083798
 3 -81.45251396648044
 9 -79.44134078212289
 12 -77.43016759776536
 62 -75.41899441340782
 26 -73.40782122905027
 57 -71.39664804469274
 158 -69.38547486033519
 64 -67.37430167597765
 113 -65.3631284916201
 58 -63.35195530726256
 272 -61.34078212290503
 142 -59.32960893854748
 246 -57.31843575418993
 102 -55.3072625698324
 100 -53.29608938547486
 269 -51.28491620111731
 57 -49.27374301675977
 109 -47.26256983240222
 4 -45.25139664804468
 324 -43.24022346368713
 8 -41.22905027932961
 171 -39.21787709497207
 308 -37.20670391061452
 438 -35.19553072625698
 123 -33.18435754189943
 52 -31.17318435754188
 172 -29.16201117318434
 10 -27.15083798882682
 62 -25.13966480446928
 612 -23.12849162011173
 153 -21.11731843575419
 56 -19.10614525139664
 9 -17.09497206703909
 52 -15.08379888268155
 142 -13.072625698324
 11 -11.06145251396646
 583 -9.050279329608941
 2 -7.039106145251395
 128 -5.02793296089385
 27 -3.016759776536304
 5 -1.005586592178759
 15 1.005586592178787
 123 3.016759776536333
 5 5.02793296089385
 549 7.039106145251395
 10 9.050279329608941
 156 11.06145251396649
 46 13.07262569832403
 10 15.08379888268158
 54 17.09497206703912
 142 19.10614525139667
 518 21.11731843575421
 68 23.12849162011173
 86 25.13966480446928
 104 27.15083798882682
 67 29.16201117318437
 223 31.17318435754191
 363 33.18435754189946
 246 35.195530726257
 168 37.20670391061452
 45 39.21787709497207
 320 41.22905027932961
 3 43.24022346368716
 131 45.2513966480447
 62 47.26256983240225
 241 49.27374301675979
 85 51.28491620111734
 225 53.29608938547489
 88 55.3072625698324
 166 57.31843575418995
 262 59.32960893854749
 63 61.34078212290504
 120 63.35195530726259
 90 65.36312849162013
 104 67.37430167597768
 45 69.38547486033519
 41 71.39664804469274
 53 73.40782122905028
 8 75.41899441340783
 8 77.43016759776538
 5 79.44134078212289
 3 81.45251396648047
 2 83.46368715083798
 6 85.47486033519556
 12 87.48603351955308
 7821 89.49720670391065
 7 91.50837988826817
 5 93.51955307262574
 1 95.53072625698326
 1 97.54189944134077
 1 99.55307262569835
 21 101.5642458100559
 26 103.5754189944134
 51 105.586592178771
 16 107.5977653631285
 120 109.608938547486
 126 111.6201117318436
 152 113.6312849162011
 4 115.6424581005587
 218 117.6536312849162
 151 119.6648044692737
 91 121.6759776536313
 195 123.6871508379888
 178 125.6983240223464
 84 127.7094972067039
 160 129.7206703910614
 199 131.731843575419
 7 133.7430167597765
 126 135.7541899441341
 195 137.7653631284916
 106 139.7765363128492
 148 141.7877094972067
 575 143.7988826815642
 116 145.8100558659218
 219 147.8212290502793
 48 149.8324022346369
 166 151.8435754189944
 77 153.854748603352
 493 155.8659217877095
 52 157.8770949720671
 179 159.8882681564246
 67 161.8994413407821
 66 163.9106145251397
 23 165.9217877094972
 131 167.9329608938548
 216 169.9441340782123
 342 171.9553072625699
 6 173.9664804469274
 160 175.9776536312849
 9 177.9888268156425
 0 180


