# Created by Octave 3.8.2, Sat Jun 20 21:38:45 2020 CEST <damian@fptrucha.inv.usc.es>
# name: hd
# type: matrix
# rows: 180
# columns: 2
 1 -180
 147 -177.9888268156425
 2 -175.9776536312849
 401 -173.9664804469274
 216 -171.9553072625698
 159 -169.9441340782123
 29 -167.9329608938548
 39 -165.9217877094972
 64 -163.9106145251397
 131 -161.8994413407821
 32 -159.8882681564246
 579 -157.877094972067
 58 -155.8659217877095
 119 -153.854748603352
 32 -151.8435754189944
 54 -149.8324022346369
 177 -147.8212290502793
 606 -145.8100558659218
 115 -143.7988826815642
 88 -141.7877094972067
 169 -139.7765363128491
 98 -137.7653631284916
 1 -135.7541899441341
 144 -133.7430167597765
 143 -131.731843575419
 82 -129.7206703910614
 161 -127.7094972067039
 219 -125.6983240223464
 117 -123.6871508379888
 188 -121.6759776536313
 163 -119.6648044692737
 3 -117.6536312849162
 82 -115.6424581005587
 107 -113.6312849162011
 105 -111.6201117318436
 19 -109.608938547486
 32 -107.5977653631285
 22 -105.5865921787709
 9 -103.5754189944134
 3 -101.5642458100559
 0 -99.55307262569832
 1 -97.54189944134077
 2 -95.53072625698323
 5 -93.5195530726257
 7908 -91.50837988826815
 9 -89.49720670391061
 3 -87.48603351955308
 3 -85.47486033519553
 0 -83.46368715083798
 2 -81.45251396648044
 4 -79.44134078212289
 1 -77.43016759776536
 38 -75.41899441340782
 23 -73.40782122905027
 46 -71.39664804469274
 107 -69.38547486033519
 61 -67.37430167597765
 114 -65.3631284916201
 44 -63.35195530726256
 248 -61.34078212290503
 130 -59.32960893854748
 229 -57.31843575418993
 100 -55.3072625698324
 71 -53.29608938547486
 187 -51.28491620111731
 44 -49.27374301675977
 113 -47.26256983240222
 5 -45.25139664804468
 261 -43.24022346368713
 0 -41.22905027932961
 172 -39.21787709497207
 328 -37.20670391061452
 457 -35.19553072625698
 107 -33.18435754189943
 58 -31.17318435754188
 174 -29.16201117318434
 15 -27.15083798882682
 67 -25.13966480446928
 660 -23.12849162011173
 164 -21.11731843575419
 38 -19.10614525139664
 9 -17.09497206703909
 27 -15.08379888268155
 163 -13.072625698324
 7 -11.06145251396646
 545 -9.050279329608941
 4 -7.039106145251395
 142 -5.02793296089385
 13 -3.016759776536304
 2 -1.005586592178759
 19 1.005586592178787
 133 3.016759776536333
 2 5.02793296089385
 553 7.039106145251395
 6 9.050279329608941
 115 11.06145251396649
 47 13.07262569832403
 14 15.08379888268158
 56 17.09497206703912
 107 19.10614525139667
 516 21.11731843575421
 44 23.12849162011173
 84 25.13966480446928
 97 27.15083798882682
 50 29.16201117318437
 218 31.17318435754191
 308 33.18435754189946
 235 35.195530726257
 166 37.20670391061452
 27 39.21787709497207
 305 41.22905027932961
 1 43.24022346368716
 123 45.2513966480447
 43 47.26256983240225
 206 49.27374301675979
 97 51.28491620111734
 206 53.29608938547489
 79 55.3072625698324
 146 57.31843575418995
 218 59.32960893854749
 68 61.34078212290504
 98 63.35195530726259
 72 65.36312849162013
 112 67.37430167597768
 52 69.38547486033519
 22 71.39664804469274
 53 73.40782122905028
 9 75.41899441340783
 5 77.43016759776538
 2 79.44134078212289
 0 81.45251396648047
 3 83.46368715083798
 3 85.47486033519556
 8 87.48603351955308
 7630 89.49720670391065
 6 91.50837988826817
 3 93.51955307262574
 0 95.53072625698326
 1 97.54189944134077
 3 99.55307262569835
 17 101.5642458100559
 23 103.5754189944134
 39 105.586592178771
 15 107.5977653631285
 93 109.608938547486
 135 111.6201117318436
 125 113.6312849162011
 2 115.6424581005587
 192 117.6536312849162
 161 119.6648044692737
 84 121.6759776536313
 173 123.6871508379888
 181 125.6983240223464
 83 127.7094972067039
 146 129.7206703910614
 189 131.731843575419
 1 133.7430167597765
 102 135.7541899441341
 182 137.7653631284916
 99 139.7765363128492
 126 141.7877094972067
 458 143.7988826815642
 134 145.8100558659218
 236 147.8212290502793
 32 149.8324022346369
 146 151.8435754189944
 62 153.854748603352
 422 155.8659217877095
 53 157.8770949720671
 125 159.8882681564246
 67 161.8994413407821
 45 163.9106145251397
 14 165.9217877094972
 145 167.9329608938548
 218 169.9441340782123
 324 171.9553072625699
 3 173.9664804469274
 144 175.9776536312849
 0 177.9888268156425
 0 180


