# Created by Octave 3.8.2, Mon Jun 22 21:19:48 2020 CEST <damian@fptrucha.inv.usc.es>
# name: hd
# type: matrix
# rows: 180
# columns: 2
 1 -180
 109 -177.9888268156425
 0 -175.9776536312849
 252 -173.9664804469274
 180 -171.9553072625698
 107 -169.9441340782123
 21 -167.9329608938548
 39 -165.9217877094972
 46 -163.9106145251397
 107 -161.8994413407821
 45 -159.8882681564246
 407 -157.877094972067
 54 -155.8659217877095
 82 -153.854748603352
 40 -151.8435754189944
 59 -149.8324022346369
 138 -147.8212290502793
 419 -145.8100558659218
 91 -143.7988826815642
 77 -141.7877094972067
 120 -139.7765363128491
 75 -137.7653631284916
 2 -135.7541899441341
 115 -133.7430167597765
 125 -131.731843575419
 53 -129.7206703910614
 132 -127.7094972067039
 175 -125.6983240223464
 61 -123.6871508379888
 129 -121.6759776536313
 162 -119.6648044692737
 2 -117.6536312849162
 76 -115.6424581005587
 91 -113.6312849162011
 97 -111.6201117318436
 17 -109.608938547486
 39 -107.5977653631285
 20 -105.5865921787709
 8 -103.5754189944134
 1 -101.5642458100559
 0 -99.55307262569832
 0 -97.54189944134077
 3 -95.53072625698323
 6 -93.5195530726257
 5729 -91.50837988826815
 5 -89.49720670391061
 2 -87.48603351955308
 1 -85.47486033519553
 0 -83.46368715083798
 0 -81.45251396648044
 7 -79.44134078212289
 3 -77.43016759776536
 41 -75.41899441340782
 24 -73.40782122905027
 46 -71.39664804469274
 96 -69.38547486033519
 41 -67.37430167597765
 75 -65.3631284916201
 36 -63.35195530726256
 152 -61.34078212290503
 99 -59.32960893854748
 158 -57.31843575418993
 62 -55.3072625698324
 58 -53.29608938547486
 172 -51.28491620111731
 34 -49.27374301675977
 80 -47.26256983240222
 2 -45.25139664804468
 196 -43.24022346368713
 2 -41.22905027932961
 127 -39.21787709497207
 202 -37.20670391061452
 305 -35.19553072625698
 76 -33.18435754189943
 46 -31.17318435754188
 108 -29.16201117318434
 4 -27.15083798882682
 33 -25.13966480446928
 409 -23.12849162011173
 98 -21.11731843575419
 32 -19.10614525139664
 8 -17.09497206703909
 41 -15.08379888268155
 120 -13.072625698324
 11 -11.06145251396646
 392 -9.050279329608941
 0 -7.039106145251395
 83 -5.02793296089385
 16 -3.016759776536304
 2 -1.005586592178759
 15 1.005586592178787
 85 3.016759776536333
 0 5.02793296089385
 395 7.039106145251395
 7 9.050279329608941
 100 11.06145251396649
 31 13.07262569832403
 7 15.08379888268158
 42 17.09497206703912
 68 19.10614525139667
 363 21.11731843575421
 50 23.12849162011173
 68 25.13966480446928
 53 27.15083798882682
 31 29.16201117318437
 119 31.17318435754191
 227 33.18435754189946
 188 35.195530726257
 138 37.20670391061452
 21 39.21787709497207
 184 41.22905027932961
 2 43.24022346368716
 86 45.2513966480447
 37 47.26256983240225
 154 49.27374301675979
 56 51.28491620111734
 127 53.29608938547489
 60 55.3072625698324
 90 57.31843575418995
 171 59.32960893854749
 38 61.34078212290504
 65 63.35195530726259
 55 65.36312849162013
 96 67.37430167597768
 39 69.38547486033519
 29 71.39664804469274
 44 73.40782122905028
 7 75.41899441340783
 6 77.43016759776538
 1 79.44134078212289
 0 81.45251396648047
 1 83.46368715083798
 2 85.47486033519556
 9 87.48603351955308
 5343 89.49720670391065
 3 91.50837988826817
 2 93.51955307262574
 1 95.53072625698326
 0 97.54189944134077
 0 99.55307262569835
 14 101.5642458100559
 14 103.5754189944134
 26 105.586592178771
 13 107.5977653631285
 89 109.608938547486
 71 111.6201117318436
 77 113.6312849162011
 4 115.6424581005587
 125 117.6536312849162
 111 119.6648044692737
 82 121.6759776536313
 130 123.6871508379888
 141 125.6983240223464
 60 127.7094972067039
 123 129.7206703910614
 123 131.731843575419
 4 133.7430167597765
 87 135.7541899441341
 120 137.7653631284916
 66 139.7765363128492
 81 141.7877094972067
 377 143.7988826815642
 77 145.8100558659218
 119 147.8212290502793
 37 149.8324022346369
 72 151.8435754189944
 43 153.854748603352
 340 155.8659217877095
 32 157.8770949720671
 94 159.8882681564246
 45 161.8994413407821
 24 163.9106145251397
 16 165.9217877094972
 97 167.9329608938548
 173 169.9441340782123
 235 171.9553072625699
 2 173.9664804469274
 119 175.9776536312849
 4 177.9888268156425
 0 180


