# Created by Octave 3.8.2, Sat Jun 20 07:53:11 2020 CEST <damian@fptrucha.inv.usc.es>
# name: hd
# type: matrix
# rows: 180
# columns: 2
 6 -180
 179 -177.9888268156425
 2 -175.9776536312849
 415 -173.9664804469274
 263 -171.9553072625698
 192 -169.9441340782123
 37 -167.9329608938548
 56 -165.9217877094972
 60 -163.9106145251397
 174 -161.8994413407821
 53 -159.8882681564246
 680 -157.877094972067
 88 -155.8659217877095
 145 -153.854748603352
 52 -151.8435754189944
 80 -149.8324022346369
 243 -147.8212290502793
 731 -145.8100558659218
 153 -143.7988826815642
 107 -141.7877094972067
 203 -139.7765363128491
 123 -137.7653631284916
 1 -135.7541899441341
 199 -133.7430167597765
 192 -131.731843575419
 107 -129.7206703910614
 218 -127.7094972067039
 276 -125.6983240223464
 117 -123.6871508379888
 255 -121.6759776536313
 231 -119.6648044692737
 3 -117.6536312849162
 131 -115.6424581005587
 121 -113.6312849162011
 139 -111.6201117318436
 15 -109.608938547486
 40 -107.5977653631285
 22 -105.5865921787709
 21 -103.5754189944134
 3 -101.5642458100559
 1 -99.55307262569832
 3 -97.54189944134077
 3 -95.53072625698323
 12 -93.5195530726257
 9337 -91.50837988826815
 17 -89.49720670391061
 4 -87.48603351955308
 1 -85.47486033519553
 0 -83.46368715083798
 5 -81.45251396648044
 9 -79.44134078212289
 6 -77.43016759776536
 67 -75.41899441340782
 21 -73.40782122905027
 61 -71.39664804469274
 118 -69.38547486033519
 81 -67.37430167597765
 117 -65.3631284916201
 53 -63.35195530726256
 322 -61.34078212290503
 160 -59.32960893854748
 205 -57.31843575418993
 100 -55.3072625698324
 96 -53.29608938547486
 278 -51.28491620111731
 61 -49.27374301675977
 114 -47.26256983240222
 2 -45.25139664804468
 345 -43.24022346368713
 5 -41.22905027932961
 190 -39.21787709497207
 377 -37.20670391061452
 517 -35.19553072625698
 122 -33.18435754189943
 60 -31.17318435754188
 162 -29.16201117318434
 8 -27.15083798882682
 61 -25.13966480446928
 686 -23.12849162011173
 172 -21.11731843575419
 53 -19.10614525139664
 13 -17.09497206703909
 30 -15.08379888268155
 184 -13.072625698324
 7 -11.06145251396646
 643 -9.050279329608941
 4 -7.039106145251395
 140 -5.02793296089385
 23 -3.016759776536304
 5 -1.005586592178759
 28 1.005586592178787
 131 3.016759776536333
 3 5.02793296089385
 607 7.039106145251395
 12 9.050279329608941
 144 11.06145251396649
 53 13.07262569832403
 11 15.08379888268158
 73 17.09497206703912
 126 19.10614525139667
 613 21.11731843575421
 70 23.12849162011173
 92 25.13966480446928
 114 27.15083798882682
 60 29.16201117318437
 223 31.17318435754191
 325 33.18435754189946
 246 35.195530726257
 186 37.20670391061452
 32 39.21787709497207
 299 41.22905027932961
 3 43.24022346368716
 129 45.2513966480447
 58 47.26256983240225
 250 49.27374301675979
 98 51.28491620111734
 215 53.29608938547489
 78 55.3072625698324
 136 57.31843575418995
 261 59.32960893854749
 64 61.34078212290504
 132 63.35195530726259
 67 65.36312849162013
 108 67.37430167597768
 48 69.38547486033519
 33 71.39664804469274
 51 73.40782122905028
 8 75.41899441340783
 10 77.43016759776538
 2 79.44134078212289
 0 81.45251396648047
 0 83.46368715083798
 4 85.47486033519556
 10 87.48603351955308
 8401 89.49720670391065
 7 91.50837988826817
 4 93.51955307262574
 0 95.53072625698326
 0 97.54189944134077
 2 99.55307262569835
 12 101.5642458100559
 17 103.5754189944134
 46 105.586592178771
 33 107.5977653631285
 109 109.608938547486
 128 111.6201117318436
 126 113.6312849162011
 3 115.6424581005587
 233 117.6536312849162
 185 119.6648044692737
 102 121.6759776536313
 193 123.6871508379888
 200 125.6983240223464
 96 127.7094972067039
 145 129.7206703910614
 191 131.731843575419
 3 133.7430167597765
 132 135.7541899441341
 188 137.7653631284916
 112 139.7765363128492
 152 141.7877094972067
 550 143.7988826815642
 143 145.8100558659218
 220 147.8212290502793
 49 149.8324022346369
 158 151.8435754189944
 75 153.854748603352
 546 155.8659217877095
 66 157.8770949720671
 144 159.8882681564246
 96 161.8994413407821
 50 163.9106145251397
 18 165.9217877094972
 159 167.9329608938548
 276 169.9441340782123
 404 171.9553072625699
 4 173.9664804469274
 184 175.9776536312849
 4 177.9888268156425
 0 180


