# Created by Octave 3.8.2, Mon Jun 22 01:12:24 2020 CEST <damian@fptrucha.inv.usc.es>
# name: hd
# type: matrix
# rows: 180
# columns: 2
 3 -180
 139 -177.9888268156425
 3 -175.9776536312849
 329 -173.9664804469274
 231 -171.9553072625698
 152 -169.9441340782123
 26 -167.9329608938548
 33 -165.9217877094972
 49 -163.9106145251397
 160 -161.8994413407821
 41 -159.8882681564246
 644 -157.877094972067
 60 -155.8659217877095
 127 -153.854748603352
 40 -151.8435754189944
 60 -149.8324022346369
 234 -147.8212290502793
 618 -145.8100558659218
 125 -143.7988826815642
 78 -141.7877094972067
 175 -139.7765363128491
 113 -137.7653631284916
 2 -135.7541899441341
 142 -133.7430167597765
 157 -131.731843575419
 61 -129.7206703910614
 158 -127.7094972067039
 224 -125.6983240223464
 90 -123.6871508379888
 168 -121.6759776536313
 175 -119.6648044692737
 3 -117.6536312849162
 104 -115.6424581005587
 106 -113.6312849162011
 141 -111.6201117318436
 16 -109.608938547486
 33 -107.5977653631285
 26 -105.5865921787709
 12 -103.5754189944134
 2 -101.5642458100559
 2 -99.55307262569832
 1 -97.54189944134077
 3 -95.53072625698323
 5 -93.5195530726257
 8056 -91.50837988826815
 14 -89.49720670391061
 0 -87.48603351955308
 0 -85.47486033519553
 0 -83.46368715083798
 2 -81.45251396648044
 5 -79.44134078212289
 6 -77.43016759776536
 37 -75.41899441340782
 14 -73.40782122905027
 48 -71.39664804469274
 104 -69.38547486033519
 53 -67.37430167597765
 101 -65.3631284916201
 59 -63.35195530726256
 262 -61.34078212290503
 147 -59.32960893854748
 229 -57.31843575418993
 80 -55.3072625698324
 65 -53.29608938547486
 221 -51.28491620111731
 55 -49.27374301675977
 93 -47.26256983240222
 2 -45.25139664804468
 253 -43.24022346368713
 1 -41.22905027932961
 148 -39.21787709497207
 323 -37.20670391061452
 457 -35.19553072625698
 102 -33.18435754189943
 62 -31.17318435754188
 131 -29.16201117318434
 12 -27.15083798882682
 44 -25.13966480446928
 660 -23.12849162011173
 131 -21.11731843575419
 54 -19.10614525139664
 13 -17.09497206703909
 40 -15.08379888268155
 149 -13.072625698324
 10 -11.06145251396646
 585 -9.050279329608941
 4 -7.039106145251395
 112 -5.02793296089385
 16 -3.016759776536304
 0 -1.005586592178759
 20 1.005586592178787
 115 3.016759776536333
 3 5.02793296089385
 541 7.039106145251395
 11 9.050279329608941
 151 11.06145251396649
 49 13.07262569832403
 10 15.08379888268158
 39 17.09497206703912
 102 19.10614525139667
 523 21.11731843575421
 55 23.12849162011173
 96 25.13966480446928
 110 27.15083798882682
 47 29.16201117318437
 228 31.17318435754191
 307 33.18435754189946
 204 35.195530726257
 175 37.20670391061452
 43 39.21787709497207
 323 41.22905027932961
 0 43.24022346368716
 127 45.2513966480447
 65 47.26256983240225
 202 49.27374301675979
 70 51.28491620111734
 201 53.29608938547489
 78 55.3072625698324
 147 57.31843575418995
 271 59.32960893854749
 56 61.34078212290504
 118 63.35195530726259
 79 65.36312849162013
 126 67.37430167597768
 39 69.38547486033519
 33 71.39664804469274
 46 73.40782122905028
 7 75.41899441340783
 6 77.43016759776538
 0 79.44134078212289
 0 81.45251396648047
 0 83.46368715083798
 1 85.47486033519556
 9 87.48603351955308
 7706 89.49720670391065
 3 91.50837988826817
 1 93.51955307262574
 1 95.53072625698326
 0 97.54189944134077
 6 99.55307262569835
 9 101.5642458100559
 17 103.5754189944134
 32 105.586592178771
 24 107.5977653631285
 119 109.608938547486
 112 111.6201117318436
 109 113.6312849162011
 7 115.6424581005587
 202 117.6536312849162
 150 119.6648044692737
 78 121.6759776536313
 175 123.6871508379888
 173 125.6983240223464
 72 127.7094972067039
 154 129.7206703910614
 171 131.731843575419
 1 133.7430167597765
 117 135.7541899441341
 155 137.7653631284916
 96 139.7765363128492
 130 141.7877094972067
 480 143.7988826815642
 129 145.8100558659218
 184 147.8212290502793
 45 149.8324022346369
 187 151.8435754189944
 62 153.854748603352
 441 155.8659217877095
 40 157.8770949720671
 116 159.8882681564246
 52 161.8994413407821
 57 163.9106145251397
 12 165.9217877094972
 110 167.9329608938548
 220 169.9441340782123
 302 171.9553072625699
 5 173.9664804469274
 138 175.9776536312849
 2 177.9888268156425
 0 180


