# Created by Octave 3.8.2, Sat Jun 20 15:22:24 2020 CEST <damian@fptrucha.inv.usc.es>
# name: hd
# type: matrix
# rows: 180
# columns: 2
 3 -180
 166 -177.9888268156425
 4 -175.9776536312849
 336 -173.9664804469274
 213 -171.9553072625698
 196 -169.9441340782123
 19 -167.9329608938548
 32 -165.9217877094972
 40 -163.9106145251397
 180 -161.8994413407821
 26 -159.8882681564246
 626 -157.877094972067
 66 -155.8659217877095
 123 -153.854748603352
 40 -151.8435754189944
 62 -149.8324022346369
 211 -147.8212290502793
 642 -145.8100558659218
 119 -143.7988826815642
 94 -141.7877094972067
 166 -139.7765363128491
 122 -137.7653631284916
 1 -135.7541899441341
 178 -133.7430167597765
 157 -131.731843575419
 86 -129.7206703910614
 164 -127.7094972067039
 221 -125.6983240223464
 110 -123.6871508379888
 187 -121.6759776536313
 174 -119.6648044692737
 5 -117.6536312849162
 79 -115.6424581005587
 105 -113.6312849162011
 105 -111.6201117318436
 23 -109.608938547486
 32 -107.5977653631285
 25 -105.5865921787709
 10 -103.5754189944134
 5 -101.5642458100559
 0 -99.55307262569832
 0 -97.54189944134077
 1 -95.53072625698323
 5 -93.5195530726257
 8292 -91.50837988826815
 7 -89.49720670391061
 4 -87.48603351955308
 4 -85.47486033519553
 0 -83.46368715083798
 0 -81.45251396648044
 5 -79.44134078212289
 6 -77.43016759776536
 46 -75.41899441340782
 21 -73.40782122905027
 46 -71.39664804469274
 107 -69.38547486033519
 81 -67.37430167597765
 88 -65.3631284916201
 35 -63.35195530726256
 271 -61.34078212290503
 133 -59.32960893854748
 192 -57.31843575418993
 100 -55.3072625698324
 70 -53.29608938547486
 223 -51.28491620111731
 66 -49.27374301675977
 115 -47.26256983240222
 3 -45.25139664804468
 300 -43.24022346368713
 2 -41.22905027932961
 162 -39.21787709497207
 329 -37.20670391061452
 451 -35.19553072625698
 116 -33.18435754189943
 55 -31.17318435754188
 161 -29.16201117318434
 9 -27.15083798882682
 66 -25.13966480446928
 653 -23.12849162011173
 170 -21.11731843575419
 39 -19.10614525139664
 13 -17.09497206703909
 34 -15.08379888268155
 134 -13.072625698324
 10 -11.06145251396646
 600 -9.050279329608941
 1 -7.039106145251395
 123 -5.02793296089385
 18 -3.016759776536304
 2 -1.005586592178759
 20 1.005586592178787
 109 3.016759776536333
 0 5.02793296089385
 561 7.039106145251395
 5 9.050279329608941
 136 11.06145251396649
 44 13.07262569832403
 16 15.08379888268158
 51 17.09497206703912
 104 19.10614525139667
 481 21.11731843575421
 63 23.12849162011173
 114 25.13966480446928
 81 27.15083798882682
 65 29.16201117318437
 234 31.17318435754191
 356 33.18435754189946
 243 35.195530726257
 204 37.20670391061452
 35 39.21787709497207
 288 41.22905027932961
 3 43.24022346368716
 121 45.2513966480447
 52 47.26256983240225
 243 49.27374301675979
 87 51.28491620111734
 205 53.29608938547489
 80 55.3072625698324
 134 57.31843575418995
 297 59.32960893854749
 65 61.34078212290504
 124 63.35195530726259
 79 65.36312849162013
 110 67.37430167597768
 47 69.38547486033519
 39 71.39664804469274
 45 73.40782122905028
 3 75.41899441340783
 4 77.43016759776538
 2 79.44134078212289
 1 81.45251396648047
 0 83.46368715083798
 1 85.47486033519556
 12 87.48603351955308
 8010 89.49720670391065
 2 91.50837988826817
 3 93.51955307262574
 1 95.53072625698326
 2 97.54189944134077
 0 99.55307262569835
 15 101.5642458100559
 15 103.5754189944134
 38 105.586592178771
 16 107.5977653631285
 103 109.608938547486
 121 111.6201117318436
 124 113.6312849162011
 3 115.6424581005587
 206 117.6536312849162
 164 119.6648044692737
 101 121.6759776536313
 157 123.6871508379888
 176 125.6983240223464
 80 127.7094972067039
 149 129.7206703910614
 177 131.731843575419
 2 133.7430167597765
 112 135.7541899441341
 162 137.7653631284916
 108 139.7765363128492
 174 141.7877094972067
 530 143.7988826815642
 119 145.8100558659218
 240 147.8212290502793
 45 149.8324022346369
 163 151.8435754189944
 59 153.854748603352
 468 155.8659217877095
 62 157.8770949720671
 125 159.8882681564246
 83 161.8994413407821
 49 163.9106145251397
 17 165.9217877094972
 126 167.9329608938548
 215 169.9441340782123
 384 171.9553072625699
 3 173.9664804469274
 175 175.9776536312849
 3 177.9888268156425
 0 180


