# Created by Octave 3.8.2, Sat Jun 20 22:11:55 2020 CEST <damian@fptrucha.inv.usc.es>
# name: hd
# type: matrix
# rows: 180
# columns: 2
 4 -180
 155 -177.9888268156425
 3 -175.9776536312849
 346 -173.9664804469274
 252 -171.9553072625698
 142 -169.9441340782123
 30 -167.9329608938548
 33 -165.9217877094972
 53 -163.9106145251397
 153 -161.8994413407821
 29 -159.8882681564246
 595 -157.877094972067
 59 -155.8659217877095
 100 -153.854748603352
 37 -151.8435754189944
 65 -149.8324022346369
 199 -147.8212290502793
 591 -145.8100558659218
 117 -143.7988826815642
 85 -141.7877094972067
 158 -139.7765363128491
 113 -137.7653631284916
 1 -135.7541899441341
 157 -133.7430167597765
 151 -131.731843575419
 62 -129.7206703910614
 157 -127.7094972067039
 228 -125.6983240223464
 100 -123.6871508379888
 163 -121.6759776536313
 168 -119.6648044692737
 6 -117.6536312849162
 84 -115.6424581005587
 98 -113.6312849162011
 105 -111.6201117318436
 15 -109.608938547486
 31 -107.5977653631285
 13 -105.5865921787709
 11 -103.5754189944134
 3 -101.5642458100559
 1 -99.55307262569832
 0 -97.54189944134077
 2 -95.53072625698323
 2 -93.5195530726257
 7842 -91.50837988826815
 6 -89.49720670391061
 4 -87.48603351955308
 1 -85.47486033519553
 0 -83.46368715083798
 1 -81.45251396648044
 5 -79.44134078212289
 5 -77.43016759776536
 31 -75.41899441340782
 25 -73.40782122905027
 40 -71.39664804469274
 95 -69.38547486033519
 63 -67.37430167597765
 87 -65.3631284916201
 37 -63.35195530726256
 295 -61.34078212290503
 141 -59.32960893854748
 219 -57.31843575418993
 95 -55.3072625698324
 88 -53.29608938547486
 176 -51.28491620111731
 49 -49.27374301675977
 85 -47.26256983240222
 5 -45.25139664804468
 253 -43.24022346368713
 2 -41.22905027932961
 148 -39.21787709497207
 302 -37.20670391061452
 456 -35.19553072625698
 115 -33.18435754189943
 65 -31.17318435754188
 149 -29.16201117318434
 6 -27.15083798882682
 48 -25.13966480446928
 642 -23.12849162011173
 142 -21.11731843575419
 54 -19.10614525139664
 10 -17.09497206703909
 43 -15.08379888268155
 165 -13.072625698324
 6 -11.06145251396646
 536 -9.050279329608941
 2 -7.039106145251395
 107 -5.02793296089385
 20 -3.016759776536304
 2 -1.005586592178759
 19 1.005586592178787
 128 3.016759776536333
 3 5.02793296089385
 562 7.039106145251395
 5 9.050279329608941
 136 11.06145251396649
 49 13.07262569832403
 9 15.08379888268158
 58 17.09497206703912
 117 19.10614525139667
 521 21.11731843575421
 61 23.12849162011173
 87 25.13966480446928
 90 27.15083798882682
 58 29.16201117318437
 256 31.17318435754191
 300 33.18435754189946
 264 35.195530726257
 173 37.20670391061452
 33 39.21787709497207
 267 41.22905027932961
 0 43.24022346368716
 112 45.2513966480447
 54 47.26256983240225
 232 49.27374301675979
 85 51.28491620111734
 219 53.29608938547489
 80 55.3072625698324
 136 57.31843575418995
 272 59.32960893854749
 59 61.34078212290504
 108 63.35195530726259
 66 65.36312849162013
 110 67.37430167597768
 49 69.38547486033519
 29 71.39664804469274
 47 73.40782122905028
 4 75.41899441340783
 10 77.43016759776538
 1 79.44134078212289
 1 81.45251396648047
 2 83.46368715083798
 6 85.47486033519556
 12 87.48603351955308
 7665 89.49720670391065
 5 91.50837988826817
 6 93.51955307262574
 3 95.53072625698326
 0 97.54189944134077
 1 99.55307262569835
 21 101.5642458100559
 20 103.5754189944134
 38 105.586592178771
 17 107.5977653631285
 86 109.608938547486
 129 111.6201117318436
 114 113.6312849162011
 4 115.6424581005587
 235 117.6536312849162
 155 119.6648044692737
 75 121.6759776536313
 173 123.6871508379888
 168 125.6983240223464
 88 127.7094972067039
 144 129.7206703910614
 167 131.731843575419
 2 133.7430167597765
 143 135.7541899441341
 168 137.7653631284916
 97 139.7765363128492
 152 141.7877094972067
 474 143.7988826815642
 127 145.8100558659218
 200 147.8212290502793
 42 149.8324022346369
 155 151.8435754189944
 66 153.854748603352
 464 155.8659217877095
 55 157.8770949720671
 129 159.8882681564246
 63 161.8994413407821
 40 163.9106145251397
 19 165.9217877094972
 137 167.9329608938548
 215 169.9441340782123
 307 171.9553072625699
 5 173.9664804469274
 141 175.9776536312849
 0 177.9888268156425
 0 180


