# Created by Octave 3.8.2, Mon Jun 22 13:22:51 2020 CEST <damian@fptrucha.inv.usc.es>
# name: hd
# type: matrix
# rows: 180
# columns: 2
 7 -180
 151 -177.9888268156425
 6 -175.9776536312849
 364 -173.9664804469274
 257 -171.9553072625698
 145 -169.9441340782123
 33 -167.9329608938548
 32 -165.9217877094972
 67 -163.9106145251397
 165 -161.8994413407821
 45 -159.8882681564246
 543 -157.877094972067
 68 -155.8659217877095
 141 -153.854748603352
 45 -151.8435754189944
 66 -149.8324022346369
 246 -147.8212290502793
 578 -145.8100558659218
 100 -143.7988826815642
 95 -141.7877094972067
 188 -139.7765363128491
 117 -137.7653631284916
 3 -135.7541899441341
 177 -133.7430167597765
 178 -131.731843575419
 77 -129.7206703910614
 189 -127.7094972067039
 227 -125.6983240223464
 77 -123.6871508379888
 185 -121.6759776536313
 202 -119.6648044692737
 3 -117.6536312849162
 123 -115.6424581005587
 108 -113.6312849162011
 139 -111.6201117318436
 24 -109.608938547486
 39 -107.5977653631285
 26 -105.5865921787709
 12 -103.5754189944134
 3 -101.5642458100559
 1 -99.55307262569832
 0 -97.54189944134077
 3 -95.53072625698323
 18 -93.5195530726257
 8074 -91.50837988826815
 14 -89.49720670391061
 5 -87.48603351955308
 2 -85.47486033519553
 2 -83.46368715083798
 2 -81.45251396648044
 9 -79.44134078212289
 9 -77.43016759776536
 63 -75.41899441340782
 29 -73.40782122905027
 51 -71.39664804469274
 109 -69.38547486033519
 71 -67.37430167597765
 104 -65.3631284916201
 65 -63.35195530726256
 240 -61.34078212290503
 147 -59.32960893854748
 250 -57.31843575418993
 94 -55.3072625698324
 73 -53.29608938547486
 224 -51.28491620111731
 51 -49.27374301675977
 119 -47.26256983240222
 2 -45.25139664804468
 303 -43.24022346368713
 5 -41.22905027932961
 154 -39.21787709497207
 292 -37.20670391061452
 450 -35.19553072625698
 120 -33.18435754189943
 50 -31.17318435754188
 147 -29.16201117318434
 12 -27.15083798882682
 64 -25.13966480446928
 555 -23.12849162011173
 137 -21.11731843575419
 59 -19.10614525139664
 13 -17.09497206703909
 46 -15.08379888268155
 173 -13.072625698324
 13 -11.06145251396646
 537 -9.050279329608941
 3 -7.039106145251395
 141 -5.02793296089385
 23 -3.016759776536304
 8 -1.005586592178759
 25 1.005586592178787
 130 3.016759776536333
 1 5.02793296089385
 556 7.039106145251395
 4 9.050279329608941
 139 11.06145251396649
 50 13.07262569832403
 19 15.08379888268158
 48 17.09497206703912
 119 19.10614525139667
 537 21.11731843575421
 72 23.12849162011173
 90 25.13966480446928
 105 27.15083798882682
 53 29.16201117318437
 207 31.17318435754191
 335 33.18435754189946
 242 35.195530726257
 174 37.20670391061452
 40 39.21787709497207
 290 41.22905027932961
 1 43.24022346368716
 135 45.2513966480447
 55 47.26256983240225
 238 49.27374301675979
 76 51.28491620111734
 224 53.29608938547489
 76 55.3072625698324
 150 57.31843575418995
 242 59.32960893854749
 56 61.34078212290504
 137 63.35195530726259
 77 65.36312849162013
 115 67.37430167597768
 47 69.38547486033519
 48 71.39664804469274
 50 73.40782122905028
 9 75.41899441340783
 8 77.43016759776538
 4 79.44134078212289
 4 81.45251396648047
 2 83.46368715083798
 6 85.47486033519556
 19 87.48603351955308
 7484 89.49720670391065
 18 91.50837988826817
 3 93.51955307262574
 4 95.53072625698326
 0 97.54189944134077
 5 99.55307262569835
 13 101.5642458100559
 31 103.5754189944134
 32 105.586592178771
 24 107.5977653631285
 113 109.608938547486
 126 111.6201117318436
 127 113.6312849162011
 4 115.6424581005587
 199 117.6536312849162
 153 119.6648044692737
 89 121.6759776536313
 192 123.6871508379888
 220 125.6983240223464
 81 127.7094972067039
 153 129.7206703910614
 189 131.731843575419
 2 133.7430167597765
 125 135.7541899441341
 202 137.7653631284916
 117 139.7765363128492
 129 141.7877094972067
 526 143.7988826815642
 127 145.8100558659218
 207 147.8212290502793
 47 149.8324022346369
 148 151.8435754189944
 80 153.854748603352
 478 155.8659217877095
 55 157.8770949720671
 138 159.8882681564246
 69 161.8994413407821
 49 163.9106145251397
 33 165.9217877094972
 142 167.9329608938548
 235 169.9441340782123
 378 171.9553072625699
 7 173.9664804469274
 186 175.9776536312849
 2 177.9888268156425
 0 180


