# Created by Octave 3.8.2, Mon Jun 22 05:33:15 2020 CEST <damian@fptrucha.inv.usc.es>
# name: hd
# type: matrix
# rows: 180
# columns: 2
 2 -180
 169 -177.9888268156425
 2 -175.9776536312849
 348 -173.9664804469274
 220 -171.9553072625698
 112 -169.9441340782123
 31 -167.9329608938548
 45 -165.9217877094972
 67 -163.9106145251397
 154 -161.8994413407821
 41 -159.8882681564246
 495 -157.877094972067
 59 -155.8659217877095
 130 -153.854748603352
 41 -151.8435754189944
 76 -149.8324022346369
 209 -147.8212290502793
 536 -145.8100558659218
 107 -143.7988826815642
 82 -141.7877094972067
 200 -139.7765363128491
 109 -137.7653631284916
 1 -135.7541899441341
 153 -133.7430167597765
 154 -131.731843575419
 77 -129.7206703910614
 145 -127.7094972067039
 201 -125.6983240223464
 89 -123.6871508379888
 171 -121.6759776536313
 199 -119.6648044692737
 4 -117.6536312849162
 120 -115.6424581005587
 105 -113.6312849162011
 94 -111.6201117318436
 20 -109.608938547486
 32 -107.5977653631285
 21 -105.5865921787709
 11 -103.5754189944134
 6 -101.5642458100559
 1 -99.55307262569832
 3 -97.54189944134077
 3 -95.53072625698323
 8 -93.5195530726257
 7473 -91.50837988826815
 10 -89.49720670391061
 5 -87.48603351955308
 2 -85.47486033519553
 0 -83.46368715083798
 1 -81.45251396648044
 6 -79.44134078212289
 12 -77.43016759776536
 55 -75.41899441340782
 35 -73.40782122905027
 55 -71.39664804469274
 119 -69.38547486033519
 78 -67.37430167597765
 102 -65.3631284916201
 54 -63.35195530726256
 238 -61.34078212290503
 134 -59.32960893854748
 194 -57.31843575418993
 88 -55.3072625698324
 82 -53.29608938547486
 248 -51.28491620111731
 60 -49.27374301675977
 117 -47.26256983240222
 3 -45.25139664804468
 259 -43.24022346368713
 3 -41.22905027932961
 146 -39.21787709497207
 255 -37.20670391061452
 391 -35.19553072625698
 142 -33.18435754189943
 45 -31.17318435754188
 151 -29.16201117318434
 14 -27.15083798882682
 64 -25.13966480446928
 547 -23.12849162011173
 141 -21.11731843575419
 51 -19.10614525139664
 18 -17.09497206703909
 43 -15.08379888268155
 150 -13.072625698324
 10 -11.06145251396646
 531 -9.050279329608941
 1 -7.039106145251395
 137 -5.02793296089385
 22 -3.016759776536304
 3 -1.005586592178759
 33 1.005586592178787
 131 3.016759776536333
 5 5.02793296089385
 494 7.039106145251395
 10 9.050279329608941
 170 11.06145251396649
 52 13.07262569832403
 10 15.08379888268158
 54 17.09497206703912
 133 19.10614525139667
 460 21.11731843575421
 51 23.12849162011173
 83 25.13966480446928
 97 27.15083798882682
 60 29.16201117318437
 219 31.17318435754191
 333 33.18435754189946
 220 35.195530726257
 144 37.20670391061452
 35 39.21787709497207
 265 41.22905027932961
 3 43.24022346368716
 118 45.2513966480447
 80 47.26256983240225
 199 49.27374301675979
 77 51.28491620111734
 192 53.29608938547489
 85 55.3072625698324
 138 57.31843575418995
 242 59.32960893854749
 49 61.34078212290504
 118 63.35195530726259
 65 65.36312849162013
 101 67.37430167597768
 42 69.38547486033519
 30 71.39664804469274
 55 73.40782122905028
 13 75.41899441340783
 6 77.43016759776538
 2 79.44134078212289
 2 81.45251396648047
 2 83.46368715083798
 4 85.47486033519556
 12 87.48603351955308
 7046 89.49720670391065
 3 91.50837988826817
 4 93.51955307262574
 3 95.53072625698326
 0 97.54189944134077
 2 99.55307262569835
 16 101.5642458100559
 25 103.5754189944134
 38 105.586592178771
 36 107.5977653631285
 101 109.608938547486
 117 111.6201117318436
 147 113.6312849162011
 5 115.6424581005587
 206 117.6536312849162
 179 119.6648044692737
 80 121.6759776536313
 152 123.6871508379888
 166 125.6983240223464
 81 127.7094972067039
 160 129.7206703910614
 199 131.731843575419
 2 133.7430167597765
 105 135.7541899441341
 162 137.7653631284916
 95 139.7765363128492
 111 141.7877094972067
 438 143.7988826815642
 100 145.8100558659218
 208 147.8212290502793
 40 149.8324022346369
 142 151.8435754189944
 73 153.854748603352
 472 155.8659217877095
 58 157.8770949720671
 127 159.8882681564246
 68 161.8994413407821
 53 163.9106145251397
 27 165.9217877094972
 152 167.9329608938548
 214 169.9441340782123
 322 171.9553072625699
 9 173.9664804469274
 171 175.9776536312849
 2 177.9888268156425
 0 180


