# Created by Octave 3.8.2, Sun Jun 21 07:55:00 2020 CEST <damian@fptrucha.inv.usc.es>
# name: hd
# type: matrix
# rows: 180
# columns: 2
 6 -180
 145 -177.9888268156425
 1 -175.9776536312849
 344 -173.9664804469274
 220 -171.9553072625698
 145 -169.9441340782123
 28 -167.9329608938548
 31 -165.9217877094972
 54 -163.9106145251397
 139 -161.8994413407821
 41 -159.8882681564246
 615 -157.877094972067
 61 -155.8659217877095
 109 -153.854748603352
 23 -151.8435754189944
 64 -149.8324022346369
 202 -147.8212290502793
 602 -145.8100558659218
 128 -143.7988826815642
 73 -141.7877094972067
 159 -139.7765363128491
 87 -137.7653631284916
 3 -135.7541899441341
 150 -133.7430167597765
 167 -131.731843575419
 71 -129.7206703910614
 188 -127.7094972067039
 231 -125.6983240223464
 103 -123.6871508379888
 171 -121.6759776536313
 148 -119.6648044692737
 2 -117.6536312849162
 82 -115.6424581005587
 104 -113.6312849162011
 131 -111.6201117318436
 11 -109.608938547486
 36 -107.5977653631285
 18 -105.5865921787709
 14 -103.5754189944134
 0 -101.5642458100559
 0 -99.55307262569832
 0 -97.54189944134077
 1 -95.53072625698323
 5 -93.5195530726257
 8062 -91.50837988826815
 13 -89.49720670391061
 4 -87.48603351955308
 0 -85.47486033519553
 1 -83.46368715083798
 1 -81.45251396648044
 6 -79.44134078212289
 3 -77.43016759776536
 42 -75.41899441340782
 22 -73.40782122905027
 49 -71.39664804469274
 124 -69.38547486033519
 76 -67.37430167597765
 119 -65.3631284916201
 58 -63.35195530726256
 279 -61.34078212290503
 132 -59.32960893854748
 209 -57.31843575418993
 71 -55.3072625698324
 80 -53.29608938547486
 201 -51.28491620111731
 58 -49.27374301675977
 80 -47.26256983240222
 2 -45.25139664804468
 255 -43.24022346368713
 1 -41.22905027932961
 157 -39.21787709497207
 291 -37.20670391061452
 479 -35.19553072625698
 111 -33.18435754189943
 60 -31.17318435754188
 142 -29.16201117318434
 7 -27.15083798882682
 61 -25.13966480446928
 656 -23.12849162011173
 154 -21.11731843575419
 46 -19.10614525139664
 16 -17.09497206703909
 39 -15.08379888268155
 158 -13.072625698324
 2 -11.06145251396646
 521 -9.050279329608941
 3 -7.039106145251395
 122 -5.02793296089385
 21 -3.016759776536304
 3 -1.005586592178759
 14 1.005586592178787
 133 3.016759776536333
 2 5.02793296089385
 529 7.039106145251395
 5 9.050279329608941
 123 11.06145251396649
 35 13.07262569832403
 13 15.08379888268158
 53 17.09497206703912
 113 19.10614525139667
 480 21.11731843575421
 49 23.12849162011173
 86 25.13966480446928
 124 27.15083798882682
 50 29.16201117318437
 223 31.17318435754191
 296 33.18435754189946
 211 35.195530726257
 158 37.20670391061452
 25 39.21787709497207
 278 41.22905027932961
 2 43.24022346368716
 110 45.2513966480447
 65 47.26256983240225
 231 49.27374301675979
 92 51.28491620111734
 156 53.29608938547489
 76 55.3072625698324
 133 57.31843575418995
 233 59.32960893854749
 58 61.34078212290504
 83 63.35195530726259
 71 65.36312849162013
 106 67.37430167597768
 37 69.38547486033519
 22 71.39664804469274
 40 73.40782122905028
 9 75.41899441340783
 8 77.43016759776538
 2 79.44134078212289
 1 81.45251396648047
 0 83.46368715083798
 3 85.47486033519556
 10 87.48603351955308
 7516 89.49720670391065
 4 91.50837988826817
 1 93.51955307262574
 0 95.53072625698326
 0 97.54189944134077
 5 99.55307262569835
 17 101.5642458100559
 17 103.5754189944134
 33 105.586592178771
 13 107.5977653631285
 101 109.608938547486
 107 111.6201117318436
 118 113.6312849162011
 2 115.6424581005587
 216 117.6536312849162
 152 119.6648044692737
 95 121.6759776536313
 173 123.6871508379888
 184 125.6983240223464
 77 127.7094972067039
 154 129.7206703910614
 179 131.731843575419
 1 133.7430167597765
 112 135.7541899441341
 169 137.7653631284916
 98 139.7765363128492
 135 141.7877094972067
 451 143.7988826815642
 139 145.8100558659218
 202 147.8212290502793
 43 149.8324022346369
 162 151.8435754189944
 57 153.854748603352
 451 155.8659217877095
 43 157.8770949720671
 120 159.8882681564246
 70 161.8994413407821
 50 163.9106145251397
 9 165.9217877094972
 127 167.9329608938548
 203 169.9441340782123
 327 171.9553072625699
 3 173.9664804469274
 156 175.9776536312849
 1 177.9888268156425
 0 180


