# Created by Octave 3.8.2, Mon Jun 22 03:06:50 2020 CEST <damian@fptrucha.inv.usc.es>
# name: hd
# type: matrix
# rows: 180
# columns: 2
 2 -180
 154 -177.9888268156425
 3 -175.9776536312849
 332 -173.9664804469274
 219 -171.9553072625698
 129 -169.9441340782123
 44 -167.9329608938548
 40 -165.9217877094972
 59 -163.9106145251397
 140 -161.8994413407821
 38 -159.8882681564246
 495 -157.877094972067
 75 -155.8659217877095
 123 -153.854748603352
 46 -151.8435754189944
 68 -149.8324022346369
 208 -147.8212290502793
 542 -145.8100558659218
 120 -143.7988826815642
 90 -141.7877094972067
 173 -139.7765363128491
 125 -137.7653631284916
 5 -135.7541899441341
 160 -133.7430167597765
 150 -131.731843575419
 88 -129.7206703910614
 171 -127.7094972067039
 211 -125.6983240223464
 87 -123.6871508379888
 194 -121.6759776536313
 169 -119.6648044692737
 9 -117.6536312849162
 112 -115.6424581005587
 127 -113.6312849162011
 112 -111.6201117318436
 23 -109.608938547486
 42 -107.5977653631285
 23 -105.5865921787709
 15 -103.5754189944134
 5 -101.5642458100559
 1 -99.55307262569832
 4 -97.54189944134077
 2 -95.53072625698323
 13 -93.5195530726257
 7326 -91.50837988826815
 8 -89.49720670391061
 2 -87.48603351955308
 0 -85.47486033519553
 3 -83.46368715083798
 1 -81.45251396648044
 7 -79.44134078212289
 8 -77.43016759776536
 52 -75.41899441340782
 34 -73.40782122905027
 46 -71.39664804469274
 114 -69.38547486033519
 69 -67.37430167597765
 111 -65.3631284916201
 69 -63.35195530726256
 262 -61.34078212290503
 145 -59.32960893854748
 188 -57.31843575418993
 91 -55.3072625698324
 66 -53.29608938547486
 211 -51.28491620111731
 56 -49.27374301675977
 107 -47.26256983240222
 3 -45.25139664804468
 275 -43.24022346368713
 2 -41.22905027932961
 140 -39.21787709497207
 269 -37.20670391061452
 382 -35.19553072625698
 117 -33.18435754189943
 62 -31.17318435754188
 147 -29.16201117318434
 12 -27.15083798882682
 69 -25.13966480446928
 555 -23.12849162011173
 133 -21.11731843575419
 64 -19.10614525139664
 11 -17.09497206703909
 47 -15.08379888268155
 140 -13.072625698324
 5 -11.06145251396646
 538 -9.050279329608941
 1 -7.039106145251395
 121 -5.02793296089385
 16 -3.016759776536304
 5 -1.005586592178759
 21 1.005586592178787
 130 3.016759776536333
 3 5.02793296089385
 506 7.039106145251395
 5 9.050279329608941
 142 11.06145251396649
 54 13.07262569832403
 18 15.08379888268158
 43 17.09497206703912
 106 19.10614525139667
 481 21.11731843575421
 53 23.12849162011173
 78 25.13966480446928
 93 27.15083798882682
 59 29.16201117318437
 204 31.17318435754191
 319 33.18435754189946
 222 35.195530726257
 140 37.20670391061452
 39 39.21787709497207
 290 41.22905027932961
 1 43.24022346368716
 120 45.2513966480447
 60 47.26256983240225
 218 49.27374301675979
 84 51.28491620111734
 193 53.29608938547489
 86 55.3072625698324
 140 57.31843575418995
 277 59.32960893854749
 49 61.34078212290504
 112 63.35195530726259
 73 65.36312849162013
 106 67.37430167597768
 53 69.38547486033519
 26 71.39664804469274
 48 73.40782122905028
 6 75.41899441340783
 17 77.43016759776538
 3 79.44134078212289
 1 81.45251396648047
 1 83.46368715083798
 7 85.47486033519556
 18 87.48603351955308
 6869 89.49720670391065
 14 91.50837988826817
 4 93.51955307262574
 1 95.53072625698326
 1 97.54189944134077
 5 99.55307262569835
 20 101.5642458100559
 25 103.5754189944134
 42 105.586592178771
 15 107.5977653631285
 111 109.608938547486
 109 111.6201117318436
 121 113.6312849162011
 2 115.6424581005587
 174 117.6536312849162
 171 119.6648044692737
 72 121.6759776536313
 173 123.6871508379888
 175 125.6983240223464
 85 127.7094972067039
 142 129.7206703910614
 168 131.731843575419
 3 133.7430167597765
 106 135.7541899441341
 177 137.7653631284916
 132 139.7765363128492
 118 141.7877094972067
 457 143.7988826815642
 128 145.8100558659218
 187 147.8212290502793
 50 149.8324022346369
 138 151.8435754189944
 62 153.854748603352
 458 155.8659217877095
 45 157.8770949720671
 151 159.8882681564246
 68 161.8994413407821
 51 163.9106145251397
 23 165.9217877094972
 151 167.9329608938548
 214 169.9441340782123
 325 171.9553072625699
 5 173.9664804469274
 134 175.9776536312849
 4 177.9888268156425
 0 180


