# Created by Octave 3.8.2, Mon Jun 22 22:24:45 2020 CEST <damian@fptrucha.inv.usc.es>
# name: hd
# type: matrix
# rows: 180
# columns: 2
 2 -180
 187 -177.9888268156425
 7 -175.9776536312849
 407 -173.9664804469274
 228 -171.9553072625698
 172 -169.9441340782123
 32 -167.9329608938548
 40 -165.9217877094972
 83 -163.9106145251397
 161 -161.8994413407821
 49 -159.8882681564246
 628 -157.877094972067
 80 -155.8659217877095
 150 -153.854748603352
 42 -151.8435754189944
 72 -149.8324022346369
 229 -147.8212290502793
 654 -145.8100558659218
 136 -143.7988826815642
 99 -141.7877094972067
 194 -139.7765363128491
 140 -137.7653631284916
 5 -135.7541899441341
 198 -133.7430167597765
 173 -131.731843575419
 98 -129.7206703910614
 186 -127.7094972067039
 226 -125.6983240223464
 111 -123.6871508379888
 204 -121.6759776536313
 193 -119.6648044692737
 5 -117.6536312849162
 134 -115.6424581005587
 121 -113.6312849162011
 137 -111.6201117318436
 25 -109.608938547486
 45 -107.5977653631285
 33 -105.5865921787709
 11 -103.5754189944134
 2 -101.5642458100559
 2 -99.55307262569832
 3 -97.54189944134077
 1 -95.53072625698323
 6 -93.5195530726257
 8740 -91.50837988826815
 13 -89.49720670391061
 2 -87.48603351955308
 3 -85.47486033519553
 2 -83.46368715083798
 4 -81.45251396648044
 8 -79.44134078212289
 8 -77.43016759776536
 51 -75.41899441340782
 35 -73.40782122905027
 40 -71.39664804469274
 120 -69.38547486033519
 86 -67.37430167597765
 98 -65.3631284916201
 74 -63.35195530726256
 328 -61.34078212290503
 149 -59.32960893854748
 242 -57.31843575418993
 113 -55.3072625698324
 78 -53.29608938547486
 232 -51.28491620111731
 54 -49.27374301675977
 118 -47.26256983240222
 4 -45.25139664804468
 297 -43.24022346368713
 3 -41.22905027932961
 181 -39.21787709497207
 298 -37.20670391061452
 450 -35.19553072625698
 130 -33.18435754189943
 65 -31.17318435754188
 199 -29.16201117318434
 16 -27.15083798882682
 60 -25.13966480446928
 620 -23.12849162011173
 137 -21.11731843575419
 54 -19.10614525139664
 17 -17.09497206703909
 49 -15.08379888268155
 175 -13.072625698324
 13 -11.06145251396646
 593 -9.050279329608941
 2 -7.039106145251395
 151 -5.02793296089385
 21 -3.016759776536304
 3 -1.005586592178759
 15 1.005586592178787
 155 3.016759776536333
 3 5.02793296089385
 587 7.039106145251395
 16 9.050279329608941
 132 11.06145251396649
 45 13.07262569832403
 11 15.08379888268158
 59 17.09497206703912
 139 19.10614525139667
 590 21.11731843575421
 66 23.12849162011173
 96 25.13966480446928
 125 27.15083798882682
 69 29.16201117318437
 189 31.17318435754191
 363 33.18435754189946
 255 35.195530726257
 164 37.20670391061452
 46 39.21787709497207
 319 41.22905027932961
 4 43.24022346368716
 127 45.2513966480447
 61 47.26256983240225
 241 49.27374301675979
 87 51.28491620111734
 205 53.29608938547489
 84 55.3072625698324
 156 57.31843575418995
 251 59.32960893854749
 67 61.34078212290504
 125 63.35195530726259
 75 65.36312849162013
 130 67.37430167597768
 54 69.38547486033519
 33 71.39664804469274
 58 73.40782122905028
 7 75.41899441340783
 15 77.43016759776538
 3 79.44134078212289
 3 81.45251396648047
 0 83.46368715083798
 4 85.47486033519556
 18 87.48603351955308
 8010 89.49720670391065
 8 91.50837988826817
 2 93.51955307262574
 2 95.53072625698326
 1 97.54189944134077
 6 99.55307262569835
 24 101.5642458100559
 31 103.5754189944134
 45 105.586592178771
 20 107.5977653631285
 112 109.608938547486
 139 111.6201117318436
 112 113.6312849162011
 4 115.6424581005587
 201 117.6536312849162
 195 119.6648044692737
 93 121.6759776536313
 165 123.6871508379888
 207 125.6983240223464
 90 127.7094972067039
 150 129.7206703910614
 182 131.731843575419
 3 133.7430167597765
 147 135.7541899441341
 180 137.7653631284916
 142 139.7765363128492
 152 141.7877094972067
 549 143.7988826815642
 123 145.8100558659218
 229 147.8212290502793
 54 149.8324022346369
 155 151.8435754189944
 72 153.854748603352
 517 155.8659217877095
 58 157.8770949720671
 157 159.8882681564246
 70 161.8994413407821
 49 163.9106145251397
 34 165.9217877094972
 149 167.9329608938548
 268 169.9441340782123
 353 171.9553072625699
 3 173.9664804469274
 170 175.9776536312849
 4 177.9888268156425
 0 180


