# Created by Octave 3.8.2, Mon Jun 22 05:30:19 2020 CEST <damian@fptrucha.inv.usc.es>
# name: hd
# type: matrix
# rows: 180
# columns: 2
 3 -180
 91 -177.9888268156425
 5 -175.9776536312849
 228 -173.9664804469274
 149 -171.9553072625698
 92 -169.9441340782123
 25 -167.9329608938548
 14 -165.9217877094972
 45 -163.9106145251397
 110 -161.8994413407821
 31 -159.8882681564246
 328 -157.877094972067
 36 -155.8659217877095
 79 -153.854748603352
 20 -151.8435754189944
 60 -149.8324022346369
 124 -147.8212290502793
 375 -145.8100558659218
 76 -143.7988826815642
 51 -141.7877094972067
 116 -139.7765363128491
 76 -137.7653631284916
 0 -135.7541899441341
 120 -133.7430167597765
 117 -131.731843575419
 46 -129.7206703910614
 121 -127.7094972067039
 157 -125.6983240223464
 71 -123.6871508379888
 97 -121.6759776536313
 130 -119.6648044692737
 3 -117.6536312849162
 101 -115.6424581005587
 71 -113.6312849162011
 72 -111.6201117318436
 14 -109.608938547486
 30 -107.5977653631285
 15 -105.5865921787709
 12 -103.5754189944134
 2 -101.5642458100559
 0 -99.55307262569832
 1 -97.54189944134077
 4 -95.53072625698323
 6 -93.5195530726257
 4761 -91.50837988826815
 12 -89.49720670391061
 6 -87.48603351955308
 0 -85.47486033519553
 1 -83.46368715083798
 4 -81.45251396648044
 5 -79.44134078212289
 6 -77.43016759776536
 37 -75.41899441340782
 23 -73.40782122905027
 30 -71.39664804469274
 76 -69.38547486033519
 48 -67.37430167597765
 79 -65.3631284916201
 34 -63.35195530726256
 148 -61.34078212290503
 104 -59.32960893854748
 147 -57.31843575418993
 58 -55.3072625698324
 55 -53.29608938547486
 139 -51.28491620111731
 44 -49.27374301675977
 68 -47.26256983240222
 3 -45.25139664804468
 180 -43.24022346368713
 3 -41.22905027932961
 108 -39.21787709497207
 164 -37.20670391061452
 288 -35.19553072625698
 78 -33.18435754189943
 36 -31.17318435754188
 92 -29.16201117318434
 7 -27.15083798882682
 38 -25.13966480446928
 328 -23.12849162011173
 102 -21.11731843575419
 30 -19.10614525139664
 12 -17.09497206703909
 25 -15.08379888268155
 111 -13.072625698324
 8 -11.06145251396646
 382 -9.050279329608941
 3 -7.039106145251395
 86 -5.02793296089385
 16 -3.016759776536304
 3 -1.005586592178759
 18 1.005586592178787
 89 3.016759776536333
 3 5.02793296089385
 297 7.039106145251395
 6 9.050279329608941
 100 11.06145251396649
 23 13.07262569832403
 8 15.08379888268158
 32 17.09497206703912
 77 19.10614525139667
 335 21.11731843575421
 39 23.12849162011173
 49 25.13966480446928
 75 27.15083798882682
 43 29.16201117318437
 113 31.17318435754191
 198 33.18435754189946
 139 35.195530726257
 90 37.20670391061452
 28 39.21787709497207
 148 41.22905027932961
 1 43.24022346368716
 70 45.2513966480447
 43 47.26256983240225
 138 49.27374301675979
 53 51.28491620111734
 125 53.29608938547489
 44 55.3072625698324
 104 57.31843575418995
 148 59.32960893854749
 29 61.34078212290504
 75 63.35195530726259
 50 65.36312849162013
 63 67.37430167597768
 28 69.38547486033519
 14 71.39664804469274
 28 73.40782122905028
 4 75.41899441340783
 3 77.43016759776538
 2 79.44134078212289
 0 81.45251396648047
 1 83.46368715083798
 3 85.47486033519556
 11 87.48603351955308
 4598 89.49720670391065
 7 91.50837988826817
 3 93.51955307262574
 0 95.53072625698326
 0 97.54189944134077
 2 99.55307262569835
 15 101.5642458100559
 22 103.5754189944134
 30 105.586592178771
 15 107.5977653631285
 69 109.608938547486
 66 111.6201117318436
 68 113.6312849162011
 1 115.6424581005587
 112 117.6536312849162
 120 119.6648044692737
 59 121.6759776536313
 113 123.6871508379888
 98 125.6983240223464
 47 127.7094972067039
 96 129.7206703910614
 119 131.731843575419
 4 133.7430167597765
 77 135.7541899441341
 120 137.7653631284916
 61 139.7765363128492
 84 141.7877094972067
 340 143.7988826815642
 61 145.8100558659218
 138 147.8212290502793
 38 149.8324022346369
 105 151.8435754189944
 45 153.854748603352
 334 155.8659217877095
 30 157.8770949720671
 100 159.8882681564246
 57 161.8994413407821
 39 163.9106145251397
 8 165.9217877094972
 94 167.9329608938548
 135 169.9441340782123
 214 171.9553072625699
 1 173.9664804469274
 91 175.9776536312849
 5 177.9888268156425
 0 180


