# Created by Octave 3.8.2, Sat Jun 20 22:33:42 2020 CEST <damian@fptrucha.inv.usc.es>
# name: hd
# type: matrix
# rows: 180
# columns: 2
 3 -180
 160 -177.9888268156425
 1 -175.9776536312849
 376 -173.9664804469274
 239 -171.9553072625698
 143 -169.9441340782123
 29 -167.9329608938548
 40 -165.9217877094972
 46 -163.9106145251397
 162 -161.8994413407821
 46 -159.8882681564246
 582 -157.877094972067
 64 -155.8659217877095
 104 -153.854748603352
 38 -151.8435754189944
 66 -149.8324022346369
 203 -147.8212290502793
 641 -145.8100558659218
 124 -143.7988826815642
 84 -141.7877094972067
 169 -139.7765363128491
 110 -137.7653631284916
 3 -135.7541899441341
 152 -133.7430167597765
 140 -131.731843575419
 69 -129.7206703910614
 192 -127.7094972067039
 224 -125.6983240223464
 78 -123.6871508379888
 167 -121.6759776536313
 191 -119.6648044692737
 0 -117.6536312849162
 74 -115.6424581005587
 114 -113.6312849162011
 109 -111.6201117318436
 20 -109.608938547486
 28 -107.5977653631285
 20 -105.5865921787709
 13 -103.5754189944134
 7 -101.5642458100559
 0 -99.55307262569832
 0 -97.54189944134077
 1 -95.53072625698323
 7 -93.5195530726257
 8049 -91.50837988826815
 12 -89.49720670391061
 7 -87.48603351955308
 0 -85.47486033519553
 1 -83.46368715083798
 1 -81.45251396648044
 5 -79.44134078212289
 3 -77.43016759776536
 46 -75.41899441340782
 28 -73.40782122905027
 48 -71.39664804469274
 123 -69.38547486033519
 67 -67.37430167597765
 94 -65.3631284916201
 45 -63.35195530726256
 263 -61.34078212290503
 119 -59.32960893854748
 207 -57.31843575418993
 111 -55.3072625698324
 71 -53.29608938547486
 226 -51.28491620111731
 43 -49.27374301675977
 101 -47.26256983240222
 3 -45.25139664804468
 262 -43.24022346368713
 4 -41.22905027932961
 149 -39.21787709497207
 319 -37.20670391061452
 468 -35.19553072625698
 127 -33.18435754189943
 49 -31.17318435754188
 178 -29.16201117318434
 9 -27.15083798882682
 54 -25.13966480446928
 595 -23.12849162011173
 155 -21.11731843575419
 49 -19.10614525139664
 9 -17.09497206703909
 42 -15.08379888268155
 170 -13.072625698324
 9 -11.06145251396646
 525 -9.050279329608941
 2 -7.039106145251395
 123 -5.02793296089385
 18 -3.016759776536304
 6 -1.005586592178759
 17 1.005586592178787
 130 3.016759776536333
 0 5.02793296089385
 490 7.039106145251395
 5 9.050279329608941
 146 11.06145251396649
 42 13.07262569832403
 12 15.08379888268158
 60 17.09497206703912
 117 19.10614525139667
 519 21.11731843575421
 59 23.12849162011173
 94 25.13966480446928
 119 27.15083798882682
 42 29.16201117318437
 223 31.17318435754191
 340 33.18435754189946
 230 35.195530726257
 155 37.20670391061452
 52 39.21787709497207
 270 41.22905027932961
 2 43.24022346368716
 124 45.2513966480447
 73 47.26256983240225
 222 49.27374301675979
 86 51.28491620111734
 224 53.29608938547489
 66 55.3072625698324
 128 57.31843575418995
 249 59.32960893854749
 68 61.34078212290504
 141 63.35195530726259
 74 65.36312849162013
 83 67.37430167597768
 54 69.38547486033519
 30 71.39664804469274
 56 73.40782122905028
 3 75.41899441340783
 4 77.43016759776538
 1 79.44134078212289
 0 81.45251396648047
 2 83.46368715083798
 5 85.47486033519556
 8 87.48603351955308
 7668 89.49720670391065
 4 91.50837988826817
 2 93.51955307262574
 1 95.53072625698326
 3 97.54189944134077
 4 99.55307262569835
 13 101.5642458100559
 15 103.5754189944134
 32 105.586592178771
 17 107.5977653631285
 106 109.608938547486
 125 111.6201117318436
 121 113.6312849162011
 4 115.6424581005587
 197 117.6536312849162
 151 119.6648044692737
 93 121.6759776536313
 178 123.6871508379888
 160 125.6983240223464
 82 127.7094972067039
 159 129.7206703910614
 194 131.731843575419
 0 133.7430167597765
 112 135.7541899441341
 172 137.7653631284916
 119 139.7765363128492
 142 141.7877094972067
 488 143.7988826815642
 114 145.8100558659218
 211 147.8212290502793
 43 149.8324022346369
 146 151.8435754189944
 54 153.854748603352
 403 155.8659217877095
 62 157.8770949720671
 116 159.8882681564246
 70 161.8994413407821
 51 163.9106145251397
 18 165.9217877094972
 129 167.9329608938548
 178 169.9441340782123
 320 171.9553072625699
 1 173.9664804469274
 162 175.9776536312849
 5 177.9888268156425
 0 180


