# Created by Octave 3.8.2, Sat Jun 20 19:08:04 2020 CEST <damian@fptrucha.inv.usc.es>
# name: hd
# type: matrix
# rows: 180
# columns: 2
 2 -180
 159 -177.9888268156425
 0 -175.9776536312849
 419 -173.9664804469274
 261 -171.9553072625698
 159 -169.9441340782123
 33 -167.9329608938548
 37 -165.9217877094972
 60 -163.9106145251397
 152 -161.8994413407821
 28 -159.8882681564246
 609 -157.877094972067
 54 -155.8659217877095
 89 -153.854748603352
 43 -151.8435754189944
 54 -149.8324022346369
 247 -147.8212290502793
 660 -145.8100558659218
 139 -143.7988826815642
 76 -141.7877094972067
 176 -139.7765363128491
 99 -137.7653631284916
 0 -135.7541899441341
 147 -133.7430167597765
 123 -131.731843575419
 69 -129.7206703910614
 188 -127.7094972067039
 217 -125.6983240223464
 94 -123.6871508379888
 203 -121.6759776536313
 181 -119.6648044692737
 8 -117.6536312849162
 92 -115.6424581005587
 105 -113.6312849162011
 122 -111.6201117318436
 11 -109.608938547486
 41 -107.5977653631285
 28 -105.5865921787709
 14 -103.5754189944134
 1 -101.5642458100559
 0 -99.55307262569832
 1 -97.54189944134077
 3 -95.53072625698323
 3 -93.5195530726257
 8095 -91.50837988826815
 11 -89.49720670391061
 2 -87.48603351955308
 0 -85.47486033519553
 0 -83.46368715083798
 1 -81.45251396648044
 6 -79.44134078212289
 9 -77.43016759776536
 41 -75.41899441340782
 19 -73.40782122905027
 51 -71.39664804469274
 119 -69.38547486033519
 75 -67.37430167597765
 96 -65.3631284916201
 51 -63.35195530726256
 268 -61.34078212290503
 156 -59.32960893854748
 240 -57.31843575418993
 98 -55.3072625698324
 79 -53.29608938547486
 217 -51.28491620111731
 57 -49.27374301675977
 107 -47.26256983240222
 4 -45.25139664804468
 236 -43.24022346368713
 1 -41.22905027932961
 156 -39.21787709497207
 325 -37.20670391061452
 464 -35.19553072625698
 109 -33.18435754189943
 53 -31.17318435754188
 135 -29.16201117318434
 12 -27.15083798882682
 55 -25.13966480446928
 590 -23.12849162011173
 150 -21.11731843575419
 45 -19.10614525139664
 9 -17.09497206703909
 38 -15.08379888268155
 165 -13.072625698324
 7 -11.06145251396646
 580 -9.050279329608941
 2 -7.039106145251395
 134 -5.02793296089385
 13 -3.016759776536304
 3 -1.005586592178759
 28 1.005586592178787
 125 3.016759776536333
 3 5.02793296089385
 546 7.039106145251395
 9 9.050279329608941
 125 11.06145251396649
 41 13.07262569832403
 11 15.08379888268158
 58 17.09497206703912
 103 19.10614525139667
 512 21.11731843575421
 54 23.12849162011173
 87 25.13966480446928
 104 27.15083798882682
 56 29.16201117318437
 263 31.17318435754191
 349 33.18435754189946
 250 35.195530726257
 167 37.20670391061452
 26 39.21787709497207
 280 41.22905027932961
 0 43.24022346368716
 125 45.2513966480447
 72 47.26256983240225
 230 49.27374301675979
 80 51.28491620111734
 183 53.29608938547489
 69 55.3072625698324
 140 57.31843575418995
 243 59.32960893854749
 61 61.34078212290504
 125 63.35195530726259
 73 65.36312849162013
 119 67.37430167597768
 41 69.38547486033519
 32 71.39664804469274
 56 73.40782122905028
 8 75.41899441340783
 5 77.43016759776538
 1 79.44134078212289
 1 81.45251396648047
 2 83.46368715083798
 2 85.47486033519556
 9 87.48603351955308
 7770 89.49720670391065
 6 91.50837988826817
 1 93.51955307262574
 1 95.53072625698326
 2 97.54189944134077
 0 99.55307262569835
 15 101.5642458100559
 22 103.5754189944134
 41 105.586592178771
 26 107.5977653631285
 122 109.608938547486
 118 111.6201117318436
 139 113.6312849162011
 2 115.6424581005587
 188 117.6536312849162
 160 119.6648044692737
 83 121.6759776536313
 152 123.6871508379888
 175 125.6983240223464
 70 127.7094972067039
 135 129.7206703910614
 191 131.731843575419
 2 133.7430167597765
 103 135.7541899441341
 165 137.7653631284916
 82 139.7765363128492
 133 141.7877094972067
 411 143.7988826815642
 134 145.8100558659218
 204 147.8212290502793
 53 149.8324022346369
 169 151.8435754189944
 75 153.854748603352
 444 155.8659217877095
 40 157.8770949720671
 138 159.8882681564246
 70 161.8994413407821
 48 163.9106145251397
 13 165.9217877094972
 129 167.9329608938548
 232 169.9441340782123
 359 171.9553072625699
 4 173.9664804469274
 159 175.9776536312849
 1 177.9888268156425
 0 180


