# Created by Octave 3.8.2, Sat Jun 20 10:25:56 2020 CEST <damian@fptrucha.inv.usc.es>
# name: hd
# type: matrix
# rows: 180
# columns: 2
 3 -180
 192 -177.9888268156425
 5 -175.9776536312849
 399 -173.9664804469274
 272 -171.9553072625698
 193 -169.9441340782123
 40 -167.9329608938548
 32 -165.9217877094972
 54 -163.9106145251397
 182 -161.8994413407821
 46 -159.8882681564246
 672 -157.877094972067
 68 -155.8659217877095
 135 -153.854748603352
 43 -151.8435754189944
 86 -149.8324022346369
 215 -147.8212290502793
 667 -145.8100558659218
 136 -143.7988826815642
 125 -141.7877094972067
 188 -139.7765363128491
 112 -137.7653631284916
 4 -135.7541899441341
 153 -133.7430167597765
 185 -131.731843575419
 78 -129.7206703910614
 196 -127.7094972067039
 267 -125.6983240223464
 120 -123.6871508379888
 207 -121.6759776536313
 226 -119.6648044692737
 4 -117.6536312849162
 113 -115.6424581005587
 130 -113.6312849162011
 152 -111.6201117318436
 14 -109.608938547486
 31 -107.5977653631285
 30 -105.5865921787709
 7 -103.5754189944134
 2 -101.5642458100559
 1 -99.55307262569832
 1 -97.54189944134077
 3 -95.53072625698323
 9 -93.5195530726257
 8854 -91.50837988826815
 8 -89.49720670391061
 3 -87.48603351955308
 0 -85.47486033519553
 0 -83.46368715083798
 2 -81.45251396648044
 8 -79.44134078212289
 5 -77.43016759776536
 50 -75.41899441340782
 18 -73.40782122905027
 62 -71.39664804469274
 132 -69.38547486033519
 85 -67.37430167597765
 110 -65.3631284916201
 61 -63.35195530726256
 313 -61.34078212290503
 143 -59.32960893854748
 245 -57.31843575418993
 99 -55.3072625698324
 90 -53.29608938547486
 244 -51.28491620111731
 62 -49.27374301675977
 99 -47.26256983240222
 7 -45.25139664804468
 306 -43.24022346368713
 4 -41.22905027932961
 170 -39.21787709497207
 348 -37.20670391061452
 479 -35.19553072625698
 119 -33.18435754189943
 61 -31.17318435754188
 196 -29.16201117318434
 12 -27.15083798882682
 63 -25.13966480446928
 705 -23.12849162011173
 174 -21.11731843575419
 57 -19.10614525139664
 14 -17.09497206703909
 51 -15.08379888268155
 169 -13.072625698324
 7 -11.06145251396646
 610 -9.050279329608941
 4 -7.039106145251395
 143 -5.02793296089385
 31 -3.016759776536304
 4 -1.005586592178759
 17 1.005586592178787
 139 3.016759776536333
 3 5.02793296089385
 604 7.039106145251395
 4 9.050279329608941
 155 11.06145251396649
 50 13.07262569832403
 14 15.08379888268158
 60 17.09497206703912
 128 19.10614525139667
 563 21.11731843575421
 85 23.12849162011173
 99 25.13966480446928
 110 27.15083798882682
 58 29.16201117318437
 254 31.17318435754191
 315 33.18435754189946
 285 35.195530726257
 198 37.20670391061452
 29 39.21787709497207
 315 41.22905027932961
 0 43.24022346368716
 122 45.2513966480447
 56 47.26256983240225
 217 49.27374301675979
 89 51.28491620111734
 211 53.29608938547489
 64 55.3072625698324
 160 57.31843575418995
 309 59.32960893854749
 70 61.34078212290504
 136 63.35195530726259
 80 65.36312849162013
 116 67.37430167597768
 45 69.38547486033519
 44 71.39664804469274
 56 73.40782122905028
 11 75.41899441340783
 18 77.43016759776538
 1 79.44134078212289
 2 81.45251396648047
 1 83.46368715083798
 4 85.47486033519556
 6 87.48603351955308
 8476 89.49720670391065
 3 91.50837988826817
 2 93.51955307262574
 0 95.53072625698326
 0 97.54189944134077
 4 99.55307262569835
 19 101.5642458100559
 20 103.5754189944134
 36 105.586592178771
 31 107.5977653631285
 126 109.608938547486
 152 111.6201117318436
 159 113.6312849162011
 6 115.6424581005587
 252 117.6536312849162
 191 119.6648044692737
 120 121.6759776536313
 195 123.6871508379888
 202 125.6983240223464
 73 127.7094972067039
 186 129.7206703910614
 211 131.731843575419
 1 133.7430167597765
 162 135.7541899441341
 195 137.7653631284916
 129 139.7765363128492
 156 141.7877094972067
 546 143.7988826815642
 165 145.8100558659218
 214 147.8212290502793
 66 149.8324022346369
 189 151.8435754189944
 77 153.854748603352
 552 155.8659217877095
 62 157.8770949720671
 146 159.8882681564246
 66 161.8994413407821
 64 163.9106145251397
 23 165.9217877094972
 149 167.9329608938548
 245 169.9441340782123
 342 171.9553072625699
 4 173.9664804469274
 136 175.9776536312849
 3 177.9888268156425
 0 180


