# Created by Octave 3.8.2, Sat Jun 20 11:01:19 2020 CEST <damian@fptrucha.inv.usc.es>
# name: hd
# type: matrix
# rows: 180
# columns: 2
 5 -180
 181 -177.9888268156425
 5 -175.9776536312849
 398 -173.9664804469274
 233 -171.9553072625698
 162 -169.9441340782123
 33 -167.9329608938548
 49 -165.9217877094972
 64 -163.9106145251397
 204 -161.8994413407821
 47 -159.8882681564246
 694 -157.877094972067
 76 -155.8659217877095
 145 -153.854748603352
 52 -151.8435754189944
 81 -149.8324022346369
 219 -147.8212290502793
 696 -145.8100558659218
 125 -143.7988826815642
 100 -141.7877094972067
 208 -139.7765363128491
 101 -137.7653631284916
 0 -135.7541899441341
 154 -133.7430167597765
 170 -131.731843575419
 72 -129.7206703910614
 211 -127.7094972067039
 230 -125.6983240223464
 109 -123.6871508379888
 214 -121.6759776536313
 194 -119.6648044692737
 4 -117.6536312849162
 120 -115.6424581005587
 118 -113.6312849162011
 113 -111.6201117318436
 27 -109.608938547486
 34 -107.5977653631285
 24 -105.5865921787709
 15 -103.5754189944134
 5 -101.5642458100559
 2 -99.55307262569832
 0 -97.54189944134077
 3 -95.53072625698323
 10 -93.5195530726257
 8861 -91.50837988826815
 11 -89.49720670391061
 6 -87.48603351955308
 0 -85.47486033519553
 0 -83.46368715083798
 1 -81.45251396648044
 7 -79.44134078212289
 10 -77.43016759776536
 52 -75.41899441340782
 22 -73.40782122905027
 55 -71.39664804469274
 126 -69.38547486033519
 86 -67.37430167597765
 99 -65.3631284916201
 45 -63.35195530726256
 312 -61.34078212290503
 171 -59.32960893854748
 232 -57.31843575418993
 96 -55.3072625698324
 73 -53.29608938547486
 255 -51.28491620111731
 67 -49.27374301675977
 112 -47.26256983240222
 5 -45.25139664804468
 282 -43.24022346368713
 1 -41.22905027932961
 158 -39.21787709497207
 377 -37.20670391061452
 481 -35.19553072625698
 104 -33.18435754189943
 57 -31.17318435754188
 174 -29.16201117318434
 12 -27.15083798882682
 49 -25.13966480446928
 710 -23.12849162011173
 174 -21.11731843575419
 66 -19.10614525139664
 13 -17.09497206703909
 48 -15.08379888268155
 180 -13.072625698324
 5 -11.06145251396646
 611 -9.050279329608941
 2 -7.039106145251395
 123 -5.02793296089385
 23 -3.016759776536304
 4 -1.005586592178759
 30 1.005586592178787
 156 3.016759776536333
 1 5.02793296089385
 624 7.039106145251395
 13 9.050279329608941
 159 11.06145251396649
 62 13.07262569832403
 8 15.08379888268158
 68 17.09497206703912
 127 19.10614525139667
 568 21.11731843575421
 53 23.12849162011173
 110 25.13966480446928
 114 27.15083798882682
 69 29.16201117318437
 243 31.17318435754191
 363 33.18435754189946
 264 35.195530726257
 196 37.20670391061452
 32 39.21787709497207
 312 41.22905027932961
 5 43.24022346368716
 122 45.2513966480447
 72 47.26256983240225
 259 49.27374301675979
 100 51.28491620111734
 222 53.29608938547489
 89 55.3072625698324
 167 57.31843575418995
 318 59.32960893854749
 68 61.34078212290504
 158 63.35195530726259
 96 65.36312849162013
 146 67.37430167597768
 59 69.38547486033519
 35 71.39664804469274
 58 73.40782122905028
 6 75.41899441340783
 6 77.43016759776538
 0 79.44134078212289
 0 81.45251396648047
 2 83.46368715083798
 2 85.47486033519556
 13 87.48603351955308
 8646 89.49720670391065
 6 91.50837988826817
 2 93.51955307262574
 0 95.53072625698326
 0 97.54189944134077
 4 99.55307262569835
 15 101.5642458100559
 27 103.5754189944134
 35 105.586592178771
 31 107.5977653631285
 112 109.608938547486
 116 111.6201117318436
 147 113.6312849162011
 3 115.6424581005587
 263 117.6536312849162
 204 119.6648044692737
 92 121.6759776536313
 190 123.6871508379888
 200 125.6983240223464
 81 127.7094972067039
 204 129.7206703910614
 189 131.731843575419
 6 133.7430167597765
 140 135.7541899441341
 186 137.7653631284916
 113 139.7765363128492
 143 141.7877094972067
 506 143.7988826815642
 123 145.8100558659218
 218 147.8212290502793
 43 149.8324022346369
 174 151.8435754189944
 71 153.854748603352
 530 155.8659217877095
 70 157.8770949720671
 157 159.8882681564246
 84 161.8994413407821
 62 163.9106145251397
 20 165.9217877094972
 158 167.9329608938548
 210 169.9441340782123
 359 171.9553072625699
 0 173.9664804469274
 190 175.9776536312849
 5 177.9888268156425
 0 180


