# Created by Octave 3.8.2, Mon Jun 22 09:43:21 2020 CEST <damian@fptrucha.inv.usc.es>
# name: hd
# type: matrix
# rows: 180
# columns: 2
 6 -180
 181 -177.9888268156425
 7 -175.9776536312849
 332 -173.9664804469274
 232 -171.9553072625698
 141 -169.9441340782123
 34 -167.9329608938548
 35 -165.9217877094972
 56 -163.9106145251397
 144 -161.8994413407821
 51 -159.8882681564246
 558 -157.877094972067
 72 -155.8659217877095
 141 -153.854748603352
 44 -151.8435754189944
 66 -149.8324022346369
 229 -147.8212290502793
 541 -145.8100558659218
 140 -143.7988826815642
 74 -141.7877094972067
 164 -139.7765363128491
 89 -137.7653631284916
 5 -135.7541899441341
 168 -133.7430167597765
 165 -131.731843575419
 88 -129.7206703910614
 156 -127.7094972067039
 208 -125.6983240223464
 83 -123.6871508379888
 180 -121.6759776536313
 181 -119.6648044692737
 7 -117.6536312849162
 111 -115.6424581005587
 123 -113.6312849162011
 95 -111.6201117318436
 21 -109.608938547486
 35 -107.5977653631285
 26 -105.5865921787709
 16 -103.5754189944134
 3 -101.5642458100559
 1 -99.55307262569832
 2 -97.54189944134077
 4 -95.53072625698323
 8 -93.5195530726257
 7654 -91.50837988826815
 17 -89.49720670391061
 1 -87.48603351955308
 1 -85.47486033519553
 1 -83.46368715083798
 5 -81.45251396648044
 13 -79.44134078212289
 10 -77.43016759776536
 45 -75.41899441340782
 32 -73.40782122905027
 39 -71.39664804469274
 101 -69.38547486033519
 72 -67.37430167597765
 122 -65.3631284916201
 62 -63.35195530726256
 226 -61.34078212290503
 150 -59.32960893854748
 204 -57.31843575418993
 100 -55.3072625698324
 90 -53.29608938547486
 238 -51.28491620111731
 63 -49.27374301675977
 112 -47.26256983240222
 5 -45.25139664804468
 277 -43.24022346368713
 4 -41.22905027932961
 142 -39.21787709497207
 283 -37.20670391061452
 453 -35.19553072625698
 107 -33.18435754189943
 67 -31.17318435754188
 177 -29.16201117318434
 10 -27.15083798882682
 70 -25.13966480446928
 544 -23.12849162011173
 136 -21.11731843575419
 49 -19.10614525139664
 12 -17.09497206703909
 49 -15.08379888268155
 168 -13.072625698324
 8 -11.06145251396646
 521 -9.050279329608941
 3 -7.039106145251395
 123 -5.02793296089385
 21 -3.016759776536304
 5 -1.005586592178759
 30 1.005586592178787
 149 3.016759776536333
 3 5.02793296089385
 507 7.039106145251395
 8 9.050279329608941
 151 11.06145251396649
 38 13.07262569832403
 15 15.08379888268158
 42 17.09497206703912
 105 19.10614525139667
 537 21.11731843575421
 64 23.12849162011173
 93 25.13966480446928
 95 27.15083798882682
 68 29.16201117318437
 182 31.17318435754191
 320 33.18435754189946
 245 35.195530726257
 146 37.20670391061452
 39 39.21787709497207
 282 41.22905027932961
 3 43.24022346368716
 138 45.2513966480447
 61 47.26256983240225
 230 49.27374301675979
 77 51.28491620111734
 209 53.29608938547489
 92 55.3072625698324
 169 57.31843575418995
 248 59.32960893854749
 60 61.34078212290504
 110 63.35195530726259
 74 65.36312849162013
 112 67.37430167597768
 41 69.38547486033519
 31 71.39664804469274
 47 73.40782122905028
 8 75.41899441340783
 12 77.43016759776538
 3 79.44134078212289
 3 81.45251396648047
 1 83.46368715083798
 4 85.47486033519556
 20 87.48603351955308
 7588 89.49720670391065
 11 91.50837988826817
 1 93.51955307262574
 1 95.53072625698326
 2 97.54189944134077
 4 99.55307262569835
 16 101.5642458100559
 21 103.5754189944134
 32 105.586592178771
 27 107.5977653631285
 96 109.608938547486
 106 111.6201117318436
 141 113.6312849162011
 1 115.6424581005587
 207 117.6536312849162
 163 119.6648044692737
 98 121.6759776536313
 191 123.6871508379888
 173 125.6983240223464
 78 127.7094972067039
 160 129.7206703910614
 174 131.731843575419
 2 133.7430167597765
 104 135.7541899441341
 169 137.7653631284916
 108 139.7765363128492
 124 141.7877094972067
 550 143.7988826815642
 124 145.8100558659218
 215 147.8212290502793
 39 149.8324022346369
 144 151.8435754189944
 74 153.854748603352
 492 155.8659217877095
 53 157.8770949720671
 110 159.8882681564246
 69 161.8994413407821
 43 163.9106145251397
 17 165.9217877094972
 148 167.9329608938548
 217 169.9441340782123
 303 171.9553072625699
 3 173.9664804469274
 159 175.9776536312849
 6 177.9888268156425
 0 180


