# Created by Octave 3.8.2, Mon Jun 22 15:05:11 2020 CEST <damian@fptrucha.inv.usc.es>
# name: hd
# type: matrix
# rows: 180
# columns: 2
 3 -180
 187 -177.9888268156425
 2 -175.9776536312849
 417 -173.9664804469274
 259 -171.9553072625698
 142 -169.9441340782123
 43 -167.9329608938548
 51 -165.9217877094972
 75 -163.9106145251397
 154 -161.8994413407821
 42 -159.8882681564246
 593 -157.877094972067
 72 -155.8659217877095
 134 -153.854748603352
 56 -151.8435754189944
 71 -149.8324022346369
 246 -147.8212290502793
 588 -145.8100558659218
 114 -143.7988826815642
 99 -141.7877094972067
 189 -139.7765363128491
 105 -137.7653631284916
 3 -135.7541899441341
 159 -133.7430167597765
 166 -131.731843575419
 77 -129.7206703910614
 175 -127.7094972067039
 227 -125.6983240223464
 104 -123.6871508379888
 174 -121.6759776536313
 189 -119.6648044692737
 10 -117.6536312849162
 130 -115.6424581005587
 119 -113.6312849162011
 119 -111.6201117318436
 24 -109.608938547486
 39 -107.5977653631285
 26 -105.5865921787709
 13 -103.5754189944134
 8 -101.5642458100559
 1 -99.55307262569832
 1 -97.54189944134077
 2 -95.53072625698323
 6 -93.5195530726257
 8157 -91.50837988826815
 6 -89.49720670391061
 4 -87.48603351955308
 1 -85.47486033519553
 0 -83.46368715083798
 2 -81.45251396648044
 13 -79.44134078212289
 8 -77.43016759776536
 38 -75.41899441340782
 27 -73.40782122905027
 61 -71.39664804469274
 132 -69.38547486033519
 84 -67.37430167597765
 111 -65.3631284916201
 57 -63.35195530726256
 254 -61.34078212290503
 120 -59.32960893854748
 205 -57.31843575418993
 91 -55.3072625698324
 80 -53.29608938547486
 232 -51.28491620111731
 73 -49.27374301675977
 128 -47.26256983240222
 3 -45.25139664804468
 303 -43.24022346368713
 3 -41.22905027932961
 153 -39.21787709497207
 320 -37.20670391061452
 450 -35.19553072625698
 99 -33.18435754189943
 62 -31.17318435754188
 159 -29.16201117318434
 12 -27.15083798882682
 50 -25.13966480446928
 582 -23.12849162011173
 140 -21.11731843575419
 60 -19.10614525139664
 8 -17.09497206703909
 44 -15.08379888268155
 194 -13.072625698324
 14 -11.06145251396646
 568 -9.050279329608941
 2 -7.039106145251395
 133 -5.02793296089385
 23 -3.016759776536304
 3 -1.005586592178759
 22 1.005586592178787
 130 3.016759776536333
 2 5.02793296089385
 547 7.039106145251395
 8 9.050279329608941
 144 11.06145251396649
 36 13.07262569832403
 12 15.08379888268158
 73 17.09497206703912
 130 19.10614525139667
 583 21.11731843575421
 56 23.12849162011173
 76 25.13966480446928
 97 27.15083798882682
 62 29.16201117318437
 230 31.17318435754191
 340 33.18435754189946
 270 35.195530726257
 184 37.20670391061452
 44 39.21787709497207
 300 41.22905027932961
 2 43.24022346368716
 131 45.2513966480447
 46 47.26256983240225
 254 49.27374301675979
 78 51.28491620111734
 226 53.29608938547489
 80 55.3072625698324
 147 57.31843575418995
 249 59.32960893854749
 70 61.34078212290504
 131 63.35195530726259
 105 65.36312849162013
 120 67.37430167597768
 50 69.38547486033519
 42 71.39664804469274
 51 73.40782122905028
 10 75.41899441340783
 9 77.43016759776538
 3 79.44134078212289
 0 81.45251396648047
 0 83.46368715083798
 8 85.47486033519556
 9 87.48603351955308
 7856 89.49720670391065
 12 91.50837988826817
 1 93.51955307262574
 0 95.53072625698326
 1 97.54189944134077
 3 99.55307262569835
 14 101.5642458100559
 27 103.5754189944134
 47 105.586592178771
 21 107.5977653631285
 127 109.608938547486
 146 111.6201117318436
 133 113.6312849162011
 2 115.6424581005587
 216 117.6536312849162
 176 119.6648044692737
 98 121.6759776536313
 194 123.6871508379888
 186 125.6983240223464
 91 127.7094972067039
 184 129.7206703910614
 214 131.731843575419
 4 133.7430167597765
 119 135.7541899441341
 194 137.7653631284916
 92 139.7765363128492
 144 141.7877094972067
 517 143.7988826815642
 135 145.8100558659218
 186 147.8212290502793
 60 149.8324022346369
 124 151.8435754189944
 61 153.854748603352
 512 155.8659217877095
 51 157.8770949720671
 167 159.8882681564246
 67 161.8994413407821
 60 163.9106145251397
 19 165.9217877094972
 143 167.9329608938548
 202 169.9441340782123
 358 171.9553072625699
 4 173.9664804469274
 160 175.9776536312849
 4 177.9888268156425
 0 180


