# Created by Octave 3.8.2, Mon Jun 22 03:53:47 2020 CEST <damian@fptrucha.inv.usc.es>
# name: hd
# type: matrix
# rows: 180
# columns: 2
 6 -180
 167 -177.9888268156425
 5 -175.9776536312849
 344 -173.9664804469274
 237 -171.9553072625698
 123 -169.9441340782123
 49 -167.9329608938548
 48 -165.9217877094972
 66 -163.9106145251397
 151 -161.8994413407821
 46 -159.8882681564246
 500 -157.877094972067
 67 -155.8659217877095
 105 -153.854748603352
 31 -151.8435754189944
 73 -149.8324022346369
 198 -147.8212290502793
 523 -145.8100558659218
 115 -143.7988826815642
 86 -141.7877094972067
 153 -139.7765363128491
 112 -137.7653631284916
 3 -135.7541899441341
 171 -133.7430167597765
 156 -131.731843575419
 67 -129.7206703910614
 167 -127.7094972067039
 206 -125.6983240223464
 90 -123.6871508379888
 153 -121.6759776536313
 194 -119.6648044692737
 6 -117.6536312849162
 96 -115.6424581005587
 120 -113.6312849162011
 108 -111.6201117318436
 19 -109.608938547486
 45 -107.5977653631285
 31 -105.5865921787709
 16 -103.5754189944134
 4 -101.5642458100559
 1 -99.55307262569832
 2 -97.54189944134077
 9 -95.53072625698323
 12 -93.5195530726257
 7335 -91.50837988826815
 11 -89.49720670391061
 1 -87.48603351955308
 0 -85.47486033519553
 2 -83.46368715083798
 3 -81.45251396648044
 9 -79.44134078212289
 6 -77.43016759776536
 35 -75.41899441340782
 32 -73.40782122905027
 60 -71.39664804469274
 102 -69.38547486033519
 61 -67.37430167597765
 106 -65.3631284916201
 45 -63.35195530726256
 262 -61.34078212290503
 137 -59.32960893854748
 196 -57.31843575418993
 96 -55.3072625698324
 78 -53.29608938547486
 231 -51.28491620111731
 47 -49.27374301675977
 116 -47.26256983240222
 2 -45.25139664804468
 283 -43.24022346368713
 4 -41.22905027932961
 153 -39.21787709497207
 284 -37.20670391061452
 411 -35.19553072625698
 98 -33.18435754189943
 69 -31.17318435754188
 168 -29.16201117318434
 7 -27.15083798882682
 51 -25.13966480446928
 537 -23.12849162011173
 112 -21.11731843575419
 57 -19.10614525139664
 13 -17.09497206703909
 38 -15.08379888268155
 119 -13.072625698324
 9 -11.06145251396646
 521 -9.050279329608941
 5 -7.039106145251395
 134 -5.02793296089385
 20 -3.016759776536304
 3 -1.005586592178759
 21 1.005586592178787
 122 3.016759776536333
 7 5.02793296089385
 467 7.039106145251395
 9 9.050279329608941
 121 11.06145251396649
 47 13.07262569832403
 12 15.08379888268158
 67 17.09497206703912
 123 19.10614525139667
 466 21.11731843575421
 61 23.12849162011173
 87 25.13966480446928
 118 27.15083798882682
 66 29.16201117318437
 195 31.17318435754191
 287 33.18435754189946
 237 35.195530726257
 116 37.20670391061452
 35 39.21787709497207
 253 41.22905027932961
 1 43.24022346368716
 116 45.2513966480447
 60 47.26256983240225
 194 49.27374301675979
 82 51.28491620111734
 197 53.29608938547489
 64 55.3072625698324
 135 57.31843575418995
 263 59.32960893854749
 51 61.34078212290504
 101 63.35195530726259
 55 65.36312849162013
 113 67.37430167597768
 43 69.38547486033519
 28 71.39664804469274
 50 73.40782122905028
 9 75.41899441340783
 11 77.43016759776538
 2 79.44134078212289
 1 81.45251396648047
 1 83.46368715083798
 1 85.47486033519556
 18 87.48603351955308
 7027 89.49720670391065
 9 91.50837988826817
 5 93.51955307262574
 1 95.53072625698326
 1 97.54189944134077
 4 99.55307262569835
 13 101.5642458100559
 15 103.5754189944134
 43 105.586592178771
 17 107.5977653631285
 114 109.608938547486
 134 111.6201117318436
 113 113.6312849162011
 5 115.6424581005587
 188 117.6536312849162
 170 119.6648044692737
 85 121.6759776536313
 161 123.6871508379888
 145 125.6983240223464
 70 127.7094972067039
 167 129.7206703910614
 183 131.731843575419
 2 133.7430167597765
 113 135.7541899441341
 185 137.7653631284916
 88 139.7765363128492
 136 141.7877094972067
 474 143.7988826815642
 94 145.8100558659218
 199 147.8212290502793
 46 149.8324022346369
 146 151.8435754189944
 55 153.854748603352
 461 155.8659217877095
 63 157.8770949720671
 115 159.8882681564246
 67 161.8994413407821
 53 163.9106145251397
 20 165.9217877094972
 136 167.9329608938548
 214 169.9441340782123
 303 171.9553072625699
 6 173.9664804469274
 151 175.9776536312849
 7 177.9888268156425
 0 180


