# Created by Octave 3.8.2, Sat Jun 20 20:48:09 2020 CEST <damian@fptrucha.inv.usc.es>
# name: hd
# type: matrix
# rows: 180
# columns: 2
 5 -180
 151 -177.9888268156425
 0 -175.9776536312849
 327 -173.9664804469274
 215 -171.9553072625698
 131 -169.9441340782123
 34 -167.9329608938548
 26 -165.9217877094972
 51 -163.9106145251397
 146 -161.8994413407821
 32 -159.8882681564246
 623 -157.877094972067
 57 -155.8659217877095
 111 -153.854748603352
 35 -151.8435754189944
 66 -149.8324022346369
 173 -147.8212290502793
 575 -145.8100558659218
 113 -143.7988826815642
 79 -141.7877094972067
 161 -139.7765363128491
 92 -137.7653631284916
 3 -135.7541899441341
 151 -133.7430167597765
 139 -131.731843575419
 69 -129.7206703910614
 179 -127.7094972067039
 214 -125.6983240223464
 84 -123.6871508379888
 191 -121.6759776536313
 197 -119.6648044692737
 2 -117.6536312849162
 85 -115.6424581005587
 107 -113.6312849162011
 97 -111.6201117318436
 16 -109.608938547486
 30 -107.5977653631285
 25 -105.5865921787709
 18 -103.5754189944134
 1 -101.5642458100559
 0 -99.55307262569832
 0 -97.54189944134077
 3 -95.53072625698323
 5 -93.5195530726257
 8091 -91.50837988826815
 8 -89.49720670391061
 5 -87.48603351955308
 1 -85.47486033519553
 0 -83.46368715083798
 0 -81.45251396648044
 8 -79.44134078212289
 3 -77.43016759776536
 41 -75.41899441340782
 26 -73.40782122905027
 47 -71.39664804469274
 115 -69.38547486033519
 52 -67.37430167597765
 117 -65.3631284916201
 39 -63.35195530726256
 258 -61.34078212290503
 136 -59.32960893854748
 207 -57.31843575418993
 98 -55.3072625698324
 76 -53.29608938547486
 248 -51.28491620111731
 40 -49.27374301675977
 93 -47.26256983240222
 1 -45.25139664804468
 293 -43.24022346368713
 4 -41.22905027932961
 131 -39.21787709497207
 314 -37.20670391061452
 411 -35.19553072625698
 101 -33.18435754189943
 48 -31.17318435754188
 165 -29.16201117318434
 6 -27.15083798882682
 67 -25.13966480446928
 615 -23.12849162011173
 141 -21.11731843575419
 43 -19.10614525139664
 5 -17.09497206703909
 40 -15.08379888268155
 151 -13.072625698324
 7 -11.06145251396646
 537 -9.050279329608941
 1 -7.039106145251395
 138 -5.02793296089385
 18 -3.016759776536304
 1 -1.005586592178759
 14 1.005586592178787
 121 3.016759776536333
 0 5.02793296089385
 491 7.039106145251395
 11 9.050279329608941
 126 11.06145251396649
 34 13.07262569832403
 13 15.08379888268158
 45 17.09497206703912
 104 19.10614525139667
 479 21.11731843575421
 34 23.12849162011173
 100 25.13966480446928
 104 27.15083798882682
 57 29.16201117318437
 253 31.17318435754191
 338 33.18435754189946
 216 35.195530726257
 132 37.20670391061452
 33 39.21787709497207
 294 41.22905027932961
 2 43.24022346368716
 138 45.2513966480447
 69 47.26256983240225
 228 49.27374301675979
 87 51.28491620111734
 192 53.29608938547489
 78 55.3072625698324
 135 57.31843575418995
 281 59.32960893854749
 60 61.34078212290504
 114 63.35195530726259
 66 65.36312849162013
 116 67.37430167597768
 43 69.38547486033519
 34 71.39664804469274
 39 73.40782122905028
 9 75.41899441340783
 7 77.43016759776538
 2 79.44134078212289
 0 81.45251396648047
 0 83.46368715083798
 2 85.47486033519556
 5 87.48603351955308
 7739 89.49720670391065
 4 91.50837988826817
 1 93.51955307262574
 0 95.53072625698326
 0 97.54189944134077
 2 99.55307262569835
 17 101.5642458100559
 22 103.5754189944134
 30 105.586592178771
 29 107.5977653631285
 92 109.608938547486
 137 111.6201117318436
 135 113.6312849162011
 0 115.6424581005587
 240 117.6536312849162
 163 119.6648044692737
 93 121.6759776536313
 180 123.6871508379888
 161 125.6983240223464
 91 127.7094972067039
 162 129.7206703910614
 176 131.731843575419
 1 133.7430167597765
 132 135.7541899441341
 187 137.7653631284916
 113 139.7765363128492
 147 141.7877094972067
 490 143.7988826815642
 146 145.8100558659218
 219 147.8212290502793
 35 149.8324022346369
 153 151.8435754189944
 58 153.854748603352
 460 155.8659217877095
 42 157.8770949720671
 158 159.8882681564246
 60 161.8994413407821
 52 163.9106145251397
 17 165.9217877094972
 115 167.9329608938548
 218 169.9441340782123
 350 171.9553072625699
 1 173.9664804469274
 155 175.9776536312849
 3 177.9888268156425
 0 180


