# Created by Octave 3.8.2, Mon Jun 22 06:13:56 2020 CEST <damian@fptrucha.inv.usc.es>
# name: hd
# type: matrix
# rows: 180
# columns: 2
 5 -180
 147 -177.9888268156425
 3 -175.9776536312849
 331 -173.9664804469274
 210 -171.9553072625698
 124 -169.9441340782123
 34 -167.9329608938548
 52 -165.9217877094972
 59 -163.9106145251397
 122 -161.8994413407821
 54 -159.8882681564246
 501 -157.877094972067
 65 -155.8659217877095
 125 -153.854748603352
 41 -151.8435754189944
 65 -149.8324022346369
 210 -147.8212290502793
 519 -145.8100558659218
 108 -143.7988826815642
 84 -141.7877094972067
 178 -139.7765363128491
 118 -137.7653631284916
 4 -135.7541899441341
 168 -133.7430167597765
 172 -131.731843575419
 61 -129.7206703910614
 174 -127.7094972067039
 207 -125.6983240223464
 91 -123.6871508379888
 144 -121.6759776536313
 196 -119.6648044692737
 8 -117.6536312849162
 94 -115.6424581005587
 125 -113.6312849162011
 113 -111.6201117318436
 20 -109.608938547486
 55 -107.5977653631285
 22 -105.5865921787709
 21 -103.5754189944134
 4 -101.5642458100559
 0 -99.55307262569832
 2 -97.54189944134077
 8 -95.53072625698323
 11 -93.5195530726257
 7421 -91.50837988826815
 15 -89.49720670391061
 4 -87.48603351955308
 0 -85.47486033519553
 3 -83.46368715083798
 2 -81.45251396648044
 10 -79.44134078212289
 10 -77.43016759776536
 46 -75.41899441340782
 46 -73.40782122905027
 51 -71.39664804469274
 133 -69.38547486033519
 82 -67.37430167597765
 111 -65.3631284916201
 55 -63.35195530726256
 208 -61.34078212290503
 136 -59.32960893854748
 169 -57.31843575418993
 66 -55.3072625698324
 79 -53.29608938547486
 241 -51.28491620111731
 52 -49.27374301675977
 106 -47.26256983240222
 4 -45.25139664804468
 298 -43.24022346368713
 5 -41.22905027932961
 165 -39.21787709497207
 278 -37.20670391061452
 413 -35.19553072625698
 125 -33.18435754189943
 59 -31.17318435754188
 166 -29.16201117318434
 8 -27.15083798882682
 66 -25.13966480446928
 544 -23.12849162011173
 109 -21.11731843575419
 63 -19.10614525139664
 17 -17.09497206703909
 45 -15.08379888268155
 131 -13.072625698324
 8 -11.06145251396646
 559 -9.050279329608941
 3 -7.039106145251395
 123 -5.02793296089385
 27 -3.016759776536304
 2 -1.005586592178759
 25 1.005586592178787
 129 3.016759776536333
 3 5.02793296089385
 565 7.039106145251395
 11 9.050279329608941
 147 11.06145251396649
 47 13.07262569832403
 12 15.08379888268158
 59 17.09497206703912
 119 19.10614525139667
 537 21.11731843575421
 59 23.12849162011173
 65 25.13966480446928
 107 27.15083798882682
 77 29.16201117318437
 185 31.17318435754191
 357 33.18435754189946
 241 35.195530726257
 142 37.20670391061452
 32 39.21787709497207
 295 41.22905027932961
 4 43.24022346368716
 135 45.2513966480447
 49 47.26256983240225
 246 49.27374301675979
 79 51.28491620111734
 180 53.29608938547489
 87 55.3072625698324
 150 57.31843575418995
 250 59.32960893854749
 50 61.34078212290504
 113 63.35195530726259
 73 65.36312849162013
 104 67.37430167597768
 46 69.38547486033519
 37 71.39664804469274
 60 73.40782122905028
 9 75.41899441340783
 12 77.43016759776538
 1 79.44134078212289
 1 81.45251396648047
 3 83.46368715083798
 4 85.47486033519556
 14 87.48603351955308
 7040 89.49720670391065
 13 91.50837988826817
 5 93.51955307262574
 4 95.53072625698326
 0 97.54189944134077
 3 99.55307262569835
 22 101.5642458100559
 24 103.5754189944134
 39 105.586592178771
 24 107.5977653631285
 122 109.608938547486
 120 111.6201117318436
 117 113.6312849162011
 4 115.6424581005587
 167 117.6536312849162
 155 119.6648044692737
 105 121.6759776536313
 189 123.6871508379888
 166 125.6983240223464
 74 127.7094972067039
 174 129.7206703910614
 166 131.731843575419
 3 133.7430167597765
 103 135.7541899441341
 180 137.7653631284916
 87 139.7765363128492
 127 141.7877094972067
 516 143.7988826815642
 101 145.8100558659218
 194 147.8212290502793
 52 149.8324022346369
 130 151.8435754189944
 62 153.854748603352
 441 155.8659217877095
 40 157.8770949720671
 133 159.8882681564246
 68 161.8994413407821
 48 163.9106145251397
 20 165.9217877094972
 117 167.9329608938548
 206 169.9441340782123
 321 171.9553072625699
 7 173.9664804469274
 175 175.9776536312849
 7 177.9888268156425
 0 180


