# Created by Octave 3.8.2, Sat Jun 20 08:45:24 2020 CEST <damian@fptrucha.inv.usc.es>
# name: hd
# type: matrix
# rows: 180
# columns: 2
 5 -180
 184 -177.9888268156425
 4 -175.9776536312849
 397 -173.9664804469274
 271 -171.9553072625698
 182 -169.9441340782123
 38 -167.9329608938548
 50 -165.9217877094972
 72 -163.9106145251397
 179 -161.8994413407821
 48 -159.8882681564246
 679 -157.877094972067
 64 -155.8659217877095
 114 -153.854748603352
 58 -151.8435754189944
 73 -149.8324022346369
 281 -147.8212290502793
 687 -145.8100558659218
 163 -143.7988826815642
 93 -141.7877094972067
 163 -139.7765363128491
 130 -137.7653631284916
 1 -135.7541899441341
 188 -133.7430167597765
 183 -131.731843575419
 105 -129.7206703910614
 191 -127.7094972067039
 266 -125.6983240223464
 116 -123.6871508379888
 220 -121.6759776536313
 258 -119.6648044692737
 2 -117.6536312849162
 115 -115.6424581005587
 122 -113.6312849162011
 143 -111.6201117318436
 23 -109.608938547486
 60 -107.5977653631285
 27 -105.5865921787709
 10 -103.5754189944134
 3 -101.5642458100559
 1 -99.55307262569832
 0 -97.54189944134077
 1 -95.53072625698323
 7 -93.5195530726257
 9376 -91.50837988826815
 15 -89.49720670391061
 2 -87.48603351955308
 1 -85.47486033519553
 0 -83.46368715083798
 3 -81.45251396648044
 5 -79.44134078212289
 3 -77.43016759776536
 47 -75.41899441340782
 35 -73.40782122905027
 74 -71.39664804469274
 133 -69.38547486033519
 90 -67.37430167597765
 124 -65.3631284916201
 56 -63.35195530726256
 317 -61.34078212290503
 188 -59.32960893854748
 251 -57.31843575418993
 125 -55.3072625698324
 106 -53.29608938547486
 287 -51.28491620111731
 50 -49.27374301675977
 113 -47.26256983240222
 3 -45.25139664804468
 284 -43.24022346368713
 3 -41.22905027932961
 177 -39.21787709497207
 375 -37.20670391061452
 543 -35.19553072625698
 112 -33.18435754189943
 62 -31.17318435754188
 184 -29.16201117318434
 10 -27.15083798882682
 53 -25.13966480446928
 693 -23.12849162011173
 163 -21.11731843575419
 59 -19.10614525139664
 17 -17.09497206703909
 41 -15.08379888268155
 189 -13.072625698324
 9 -11.06145251396646
 745 -9.050279329608941
 4 -7.039106145251395
 150 -5.02793296089385
 18 -3.016759776536304
 3 -1.005586592178759
 24 1.005586592178787
 152 3.016759776536333
 6 5.02793296089385
 622 7.039106145251395
 9 9.050279329608941
 141 11.06145251396649
 52 13.07262569832403
 9 15.08379888268158
 57 17.09497206703912
 112 19.10614525139667
 565 21.11731843575421
 71 23.12849162011173
 104 25.13966480446928
 119 27.15083798882682
 67 29.16201117318437
 248 31.17318435754191
 349 33.18435754189946
 263 35.195530726257
 190 37.20670391061452
 51 39.21787709497207
 326 41.22905027932961
 1 43.24022346368716
 145 45.2513966480447
 68 47.26256983240225
 289 49.27374301675979
 93 51.28491620111734
 216 53.29608938547489
 92 55.3072625698324
 158 57.31843575418995
 296 59.32960893854749
 59 61.34078212290504
 143 63.35195530726259
 85 65.36312849162013
 120 67.37430167597768
 53 69.38547486033519
 38 71.39664804469274
 49 73.40782122905028
 10 75.41899441340783
 9 77.43016759776538
 2 79.44134078212289
 0 81.45251396648047
 0 83.46368715083798
 7 85.47486033519556
 7 87.48603351955308
 8650 89.49720670391065
 5 91.50837988826817
 2 93.51955307262574
 1 95.53072625698326
 1 97.54189944134077
 6 99.55307262569835
 11 101.5642458100559
 20 103.5754189944134
 42 105.586592178771
 21 107.5977653631285
 117 109.608938547486
 151 111.6201117318436
 137 113.6312849162011
 2 115.6424581005587
 265 117.6536312849162
 187 119.6648044692737
 104 121.6759776536313
 204 123.6871508379888
 197 125.6983240223464
 84 127.7094972067039
 190 129.7206703910614
 215 131.731843575419
 3 133.7430167597765
 153 135.7541899441341
 216 137.7653631284916
 130 139.7765363128492
 181 141.7877094972067
 560 143.7988826815642
 155 145.8100558659218
 257 147.8212290502793
 56 149.8324022346369
 180 151.8435754189944
 76 153.854748603352
 529 155.8659217877095
 60 157.8770949720671
 143 159.8882681564246
 80 161.8994413407821
 59 163.9106145251397
 14 165.9217877094972
 138 167.9329608938548
 264 169.9441340782123
 360 171.9553072625699
 3 173.9664804469274
 178 175.9776536312849
 4 177.9888268156425
 0 180


