# Created by Octave 3.8.2, Mon Jun 22 02:42:15 2020 CEST <damian@fptrucha.inv.usc.es>
# name: hd
# type: matrix
# rows: 180
# columns: 2
 6 -180
 96 -177.9888268156425
 3 -175.9776536312849
 226 -173.9664804469274
 157 -171.9553072625698
 78 -169.9441340782123
 20 -167.9329608938548
 26 -165.9217877094972
 50 -163.9106145251397
 83 -161.8994413407821
 34 -159.8882681564246
 322 -157.877094972067
 46 -155.8659217877095
 74 -153.854748603352
 36 -151.8435754189944
 46 -149.8324022346369
 141 -147.8212290502793
 349 -145.8100558659218
 77 -143.7988826815642
 59 -141.7877094972067
 107 -139.7765363128491
 87 -137.7653631284916
 4 -135.7541899441341
 114 -133.7430167597765
 103 -131.731843575419
 57 -129.7206703910614
 103 -127.7094972067039
 122 -125.6983240223464
 51 -123.6871508379888
 117 -121.6759776536313
 113 -119.6648044692737
 4 -117.6536312849162
 80 -115.6424581005587
 68 -113.6312849162011
 69 -111.6201117318436
 9 -109.608938547486
 19 -107.5977653631285
 12 -105.5865921787709
 11 -103.5754189944134
 3 -101.5642458100559
 1 -99.55307262569832
 0 -97.54189944134077
 2 -95.53072625698323
 11 -93.5195530726257
 4919 -91.50837988826815
 16 -89.49720670391061
 6 -87.48603351955308
 1 -85.47486033519553
 0 -83.46368715083798
 1 -81.45251396648044
 4 -79.44134078212289
 2 -77.43016759776536
 29 -75.41899441340782
 16 -73.40782122905027
 40 -71.39664804469274
 56 -69.38547486033519
 52 -67.37430167597765
 62 -65.3631284916201
 33 -63.35195530726256
 169 -61.34078212290503
 73 -59.32960893854748
 122 -57.31843575418993
 59 -55.3072625698324
 47 -53.29608938547486
 155 -51.28491620111731
 39 -49.27374301675977
 75 -47.26256983240222
 3 -45.25139664804468
 209 -43.24022346368713
 3 -41.22905027932961
 108 -39.21787709497207
 173 -37.20670391061452
 277 -35.19553072625698
 87 -33.18435754189943
 33 -31.17318435754188
 103 -29.16201117318434
 8 -27.15083798882682
 38 -25.13966480446928
 372 -23.12849162011173
 91 -21.11731843575419
 40 -19.10614525139664
 8 -17.09497206703909
 20 -15.08379888268155
 88 -13.072625698324
 10 -11.06145251396646
 345 -9.050279329608941
 1 -7.039106145251395
 68 -5.02793296089385
 17 -3.016759776536304
 1 -1.005586592178759
 10 1.005586592178787
 64 3.016759776536333
 7 5.02793296089385
 354 7.039106145251395
 7 9.050279329608941
 78 11.06145251396649
 34 13.07262569832403
 13 15.08379888268158
 38 17.09497206703912
 77 19.10614525139667
 351 21.11731843575421
 48 23.12849162011173
 52 25.13966480446928
 68 27.15083798882682
 42 29.16201117318437
 129 31.17318435754191
 218 33.18435754189946
 154 35.195530726257
 100 37.20670391061452
 29 39.21787709497207
 172 41.22905027932961
 0 43.24022346368716
 65 45.2513966480447
 45 47.26256983240225
 150 49.27374301675979
 48 51.28491620111734
 130 53.29608938547489
 48 55.3072625698324
 101 57.31843575418995
 171 59.32960893854749
 38 61.34078212290504
 71 63.35195530726259
 59 65.36312849162013
 82 67.37430167597768
 40 69.38547486033519
 17 71.39664804469274
 32 73.40782122905028
 5 75.41899441340783
 2 77.43016759776538
 4 79.44134078212289
 1 81.45251396648047
 0 83.46368715083798
 3 85.47486033519556
 7 87.48603351955308
 4635 89.49720670391065
 7 91.50837988826817
 2 93.51955307262574
 1 95.53072625698326
 1 97.54189944134077
 2 99.55307262569835
 14 101.5642458100559
 14 103.5754189944134
 24 105.586592178771
 18 107.5977653631285
 47 109.608938547486
 67 111.6201117318436
 78 113.6312849162011
 2 115.6424581005587
 126 117.6536312849162
 95 119.6648044692737
 70 121.6759776536313
 103 123.6871508379888
 124 125.6983240223464
 52 127.7094972067039
 99 129.7206703910614
 105 131.731843575419
 4 133.7430167597765
 77 135.7541899441341
 97 137.7653631284916
 67 139.7765363128492
 73 141.7877094972067
 297 143.7988826815642
 61 145.8100558659218
 138 147.8212290502793
 25 149.8324022346369
 102 151.8435754189944
 37 153.854748603352
 268 155.8659217877095
 31 157.8770949720671
 90 159.8882681564246
 46 161.8994413407821
 36 163.9106145251397
 20 165.9217877094972
 66 167.9329608938548
 138 169.9441340782123
 222 171.9553072625699
 3 173.9664804469274
 111 175.9776536312849
 7 177.9888268156425
 0 180


