# Created by Octave 3.8.2, Sat Jun 20 03:35:41 2020 CEST <damian@fptrucha.inv.usc.es>
# name: hd
# type: matrix
# rows: 180
# columns: 2
 0 -180
 112 -177.9888268156425
 1 -175.9776536312849
 273 -173.9664804469274
 183 -171.9553072625698
 110 -169.9441340782123
 22 -167.9329608938548
 39 -165.9217877094972
 43 -163.9106145251397
 113 -161.8994413407821
 28 -159.8882681564246
 444 -157.877094972067
 39 -155.8659217877095
 82 -153.854748603352
 33 -151.8435754189944
 48 -149.8324022346369
 158 -147.8212290502793
 424 -145.8100558659218
 96 -143.7988826815642
 58 -141.7877094972067
 119 -139.7765363128491
 86 -137.7653631284916
 0 -135.7541899441341
 122 -133.7430167597765
 107 -131.731843575419
 55 -129.7206703910614
 138 -127.7094972067039
 149 -125.6983240223464
 90 -123.6871508379888
 159 -121.6759776536313
 137 -119.6648044692737
 6 -117.6536312849162
 69 -115.6424581005587
 90 -113.6312849162011
 72 -111.6201117318436
 16 -109.608938547486
 34 -107.5977653631285
 11 -105.5865921787709
 7 -103.5754189944134
 3 -101.5642458100559
 0 -99.55307262569832
 0 -97.54189944134077
 0 -95.53072625698323
 1 -93.5195530726257
 6099 -91.50837988826815
 5 -89.49720670391061
 3 -87.48603351955308
 1 -85.47486033519553
 0 -83.46368715083798
 0 -81.45251396648044
 2 -79.44134078212289
 3 -77.43016759776536
 31 -75.41899441340782
 9 -73.40782122905027
 39 -71.39664804469274
 100 -69.38547486033519
 55 -67.37430167597765
 72 -65.3631284916201
 42 -63.35195530726256
 188 -61.34078212290503
 115 -59.32960893854748
 177 -57.31843575418993
 66 -55.3072625698324
 43 -53.29608938547486
 171 -51.28491620111731
 34 -49.27374301675977
 75 -47.26256983240222
 1 -45.25139664804468
 186 -43.24022346368713
 1 -41.22905027932961
 99 -39.21787709497207
 218 -37.20670391061452
 324 -35.19553072625698
 62 -33.18435754189943
 48 -31.17318435754188
 110 -29.16201117318434
 5 -27.15083798882682
 46 -25.13966480446928
 452 -23.12849162011173
 113 -21.11731843575419
 39 -19.10614525139664
 7 -17.09497206703909
 25 -15.08379888268155
 120 -13.072625698324
 3 -11.06145251396646
 375 -9.050279329608941
 1 -7.039106145251395
 104 -5.02793296089385
 12 -3.016759776536304
 0 -1.005586592178759
 13 1.005586592178787
 78 3.016759776536333
 4 5.02793296089385
 378 7.039106145251395
 2 9.050279329608941
 105 11.06145251396649
 35 13.07262569832403
 3 15.08379888268158
 35 17.09497206703912
 72 19.10614525139667
 338 21.11731843575421
 41 23.12849162011173
 65 25.13966480446928
 78 27.15083798882682
 44 29.16201117318437
 146 31.17318435754191
 233 33.18435754189946
 188 35.195530726257
 93 37.20670391061452
 26 39.21787709497207
 209 41.22905027932961
 2 43.24022346368716
 66 45.2513966480447
 30 47.26256983240225
 152 49.27374301675979
 63 51.28491620111734
 140 53.29608938547489
 56 55.3072625698324
 108 57.31843575418995
 161 59.32960893854749
 38 61.34078212290504
 85 63.35195530726259
 36 65.36312849162013
 82 67.37430167597768
 34 69.38547486033519
 15 71.39664804469274
 27 73.40782122905028
 1 75.41899441340783
 3 77.43016759776538
 0 79.44134078212289
 1 81.45251396648047
 0 83.46368715083798
 1 85.47486033519556
 9 87.48603351955308
 5520 89.49720670391065
 5 91.50837988826817
 0 93.51955307262574
 1 95.53072625698326
 0 97.54189944134077
 2 99.55307262569835
 5 101.5642458100559
 11 103.5754189944134
 30 105.586592178771
 13 107.5977653631285
 66 109.608938547486
 80 111.6201117318436
 97 113.6312849162011
 1 115.6424581005587
 126 117.6536312849162
 99 119.6648044692737
 76 121.6759776536313
 131 123.6871508379888
 123 125.6983240223464
 42 127.7094972067039
 111 129.7206703910614
 116 131.731843575419
 3 133.7430167597765
 88 135.7541899441341
 111 137.7653631284916
 65 139.7765363128492
 80 141.7877094972067
 322 143.7988826815642
 105 145.8100558659218
 150 147.8212290502793
 38 149.8324022346369
 124 151.8435754189944
 32 153.854748603352
 340 155.8659217877095
 29 157.8770949720671
 92 159.8882681564246
 49 161.8994413407821
 36 163.9106145251397
 13 165.9217877094972
 80 167.9329608938548
 167 169.9441340782123
 248 171.9553072625699
 3 173.9664804469274
 112 175.9776536312849
 1 177.9888268156425
 0 180


