# Created by Octave 3.8.2, Mon Jun 22 14:29:59 2020 CEST <damian@fptrucha.inv.usc.es>
# name: hd
# type: matrix
# rows: 180
# columns: 2
 6 -180
 171 -177.9888268156425
 8 -175.9776536312849
 375 -173.9664804469274
 248 -171.9553072625698
 156 -169.9441340782123
 38 -167.9329608938548
 36 -165.9217877094972
 49 -163.9106145251397
 167 -161.8994413407821
 46 -159.8882681564246
 548 -157.877094972067
 78 -155.8659217877095
 133 -153.854748603352
 44 -151.8435754189944
 79 -149.8324022346369
 234 -147.8212290502793
 594 -145.8100558659218
 129 -143.7988826815642
 103 -141.7877094972067
 190 -139.7765363128491
 129 -137.7653631284916
 6 -135.7541899441341
 183 -133.7430167597765
 133 -131.731843575419
 74 -129.7206703910614
 182 -127.7094972067039
 216 -125.6983240223464
 88 -123.6871508379888
 188 -121.6759776536313
 194 -119.6648044692737
 6 -117.6536312849162
 132 -115.6424581005587
 133 -113.6312849162011
 113 -111.6201117318436
 18 -109.608938547486
 29 -107.5977653631285
 21 -105.5865921787709
 12 -103.5754189944134
 2 -101.5642458100559
 0 -99.55307262569832
 4 -97.54189944134077
 2 -95.53072625698323
 11 -93.5195530726257
 7834 -91.50837988826815
 13 -89.49720670391061
 8 -87.48603351955308
 0 -85.47486033519553
 1 -83.46368715083798
 1 -81.45251396648044
 4 -79.44134078212289
 15 -77.43016759776536
 48 -75.41899441340782
 30 -73.40782122905027
 51 -71.39664804469274
 103 -69.38547486033519
 78 -67.37430167597765
 110 -65.3631284916201
 49 -63.35195530726256
 248 -61.34078212290503
 128 -59.32960893854748
 178 -57.31843575418993
 83 -55.3072625698324
 93 -53.29608938547486
 238 -51.28491620111731
 69 -49.27374301675977
 110 -47.26256983240222
 6 -45.25139664804468
 280 -43.24022346368713
 5 -41.22905027932961
 178 -39.21787709497207
 255 -37.20670391061452
 422 -35.19553072625698
 127 -33.18435754189943
 72 -31.17318435754188
 160 -29.16201117318434
 12 -27.15083798882682
 67 -25.13966480446928
 587 -23.12849162011173
 127 -21.11731843575419
 54 -19.10614525139664
 17 -17.09497206703909
 47 -15.08379888268155
 163 -13.072625698324
 10 -11.06145251396646
 599 -9.050279329608941
 1 -7.039106145251395
 126 -5.02793296089385
 24 -3.016759776536304
 1 -1.005586592178759
 23 1.005586592178787
 129 3.016759776536333
 2 5.02793296089385
 537 7.039106145251395
 12 9.050279329608941
 146 11.06145251396649
 27 13.07262569832403
 7 15.08379888268158
 48 17.09497206703912
 129 19.10614525139667
 558 21.11731843575421
 62 23.12849162011173
 88 25.13966480446928
 106 27.15083798882682
 70 29.16201117318437
 186 31.17318435754191
 319 33.18435754189946
 268 35.195530726257
 159 37.20670391061452
 37 39.21787709497207
 274 41.22905027932961
 4 43.24022346368716
 131 45.2513966480447
 67 47.26256983240225
 245 49.27374301675979
 70 51.28491620111734
 211 53.29608938547489
 92 55.3072625698324
 152 57.31843575418995
 297 59.32960893854749
 73 61.34078212290504
 116 63.35195530726259
 79 65.36312849162013
 126 67.37430167597768
 55 69.38547486033519
 38 71.39664804469274
 53 73.40782122905028
 8 75.41899441340783
 8 77.43016759776538
 6 79.44134078212289
 1 81.45251396648047
 1 83.46368715083798
 3 85.47486033519556
 9 87.48603351955308
 7593 89.49720670391065
 7 91.50837988826817
 3 93.51955307262574
 4 95.53072625698326
 0 97.54189944134077
 4 99.55307262569835
 14 101.5642458100559
 28 103.5754189944134
 48 105.586592178771
 26 107.5977653631285
 123 109.608938547486
 118 111.6201117318436
 129 113.6312849162011
 3 115.6424581005587
 214 117.6536312849162
 167 119.6648044692737
 92 121.6759776536313
 200 123.6871508379888
 180 125.6983240223464
 80 127.7094972067039
 185 129.7206703910614
 179 131.731843575419
 3 133.7430167597765
 139 135.7541899441341
 155 137.7653631284916
 131 139.7765363128492
 144 141.7877094972067
 477 143.7988826815642
 109 145.8100558659218
 209 147.8212290502793
 41 149.8324022346369
 143 151.8435754189944
 73 153.854748603352
 490 155.8659217877095
 47 157.8770949720671
 156 159.8882681564246
 64 161.8994413407821
 48 163.9106145251397
 19 165.9217877094972
 148 167.9329608938548
 236 169.9441340782123
 367 171.9553072625699
 2 173.9664804469274
 153 175.9776536312849
 4 177.9888268156425
 0 180


