# Created by Octave 3.8.2, Mon Jun 22 18:25:15 2020 CEST <damian@fptrucha.inv.usc.es>
# name: hd
# type: matrix
# rows: 180
# columns: 2
 4 -180
 165 -177.9888268156425
 6 -175.9776536312849
 371 -173.9664804469274
 264 -171.9553072625698
 162 -169.9441340782123
 35 -167.9329608938548
 45 -165.9217877094972
 64 -163.9106145251397
 164 -161.8994413407821
 46 -159.8882681564246
 594 -157.877094972067
 53 -155.8659217877095
 137 -153.854748603352
 53 -151.8435754189944
 80 -149.8324022346369
 233 -147.8212290502793
 584 -145.8100558659218
 147 -143.7988826815642
 97 -141.7877094972067
 188 -139.7765363128491
 127 -137.7653631284916
 2 -135.7541899441341
 177 -133.7430167597765
 180 -131.731843575419
 101 -129.7206703910614
 177 -127.7094972067039
 237 -125.6983240223464
 95 -123.6871508379888
 178 -121.6759776536313
 201 -119.6648044692737
 5 -117.6536312849162
 131 -115.6424581005587
 116 -113.6312849162011
 119 -111.6201117318436
 16 -109.608938547486
 46 -107.5977653631285
 21 -105.5865921787709
 16 -103.5754189944134
 2 -101.5642458100559
 2 -99.55307262569832
 3 -97.54189944134077
 5 -95.53072625698323
 7 -93.5195530726257
 8558 -91.50837988826815
 12 -89.49720670391061
 3 -87.48603351955308
 1 -85.47486033519553
 0 -83.46368715083798
 2 -81.45251396648044
 4 -79.44134078212289
 7 -77.43016759776536
 56 -75.41899441340782
 32 -73.40782122905027
 48 -71.39664804469274
 104 -69.38547486033519
 76 -67.37430167597765
 123 -65.3631284916201
 52 -63.35195530726256
 267 -61.34078212290503
 135 -59.32960893854748
 223 -57.31843575418993
 90 -55.3072625698324
 79 -53.29608938547486
 216 -51.28491620111731
 63 -49.27374301675977
 118 -47.26256983240222
 7 -45.25139664804468
 325 -43.24022346368713
 7 -41.22905027932961
 166 -39.21787709497207
 282 -37.20670391061452
 467 -35.19553072625698
 119 -33.18435754189943
 61 -31.17318435754188
 188 -29.16201117318434
 13 -27.15083798882682
 65 -25.13966480446928
 597 -23.12849162011173
 142 -21.11731843575419
 64 -19.10614525139664
 7 -17.09497206703909
 51 -15.08379888268155
 179 -13.072625698324
 8 -11.06145251396646
 583 -9.050279329608941
 1 -7.039106145251395
 129 -5.02793296089385
 16 -3.016759776536304
 5 -1.005586592178759
 21 1.005586592178787
 120 3.016759776536333
 1 5.02793296089385
 544 7.039106145251395
 10 9.050279329608941
 144 11.06145251396649
 36 13.07262569832403
 9 15.08379888268158
 60 17.09497206703912
 133 19.10614525139667
 544 21.11731843575421
 61 23.12849162011173
 74 25.13966480446928
 97 27.15083798882682
 69 29.16201117318437
 201 31.17318435754191
 321 33.18435754189946
 242 35.195530726257
 154 37.20670391061452
 37 39.21787709497207
 290 41.22905027932961
 2 43.24022346368716
 112 45.2513966480447
 57 47.26256983240225
 200 49.27374301675979
 80 51.28491620111734
 182 53.29608938547489
 82 55.3072625698324
 160 57.31843575418995
 238 59.32960893854749
 56 61.34078212290504
 101 63.35195530726259
 71 65.36312849162013
 106 67.37430167597768
 45 69.38547486033519
 28 71.39664804469274
 50 73.40782122905028
 9 75.41899441340783
 8 77.43016759776538
 2 79.44134078212289
 1 81.45251396648047
 1 83.46368715083798
 6 85.47486033519556
 20 87.48603351955308
 7793 89.49720670391065
 7 91.50837988826817
 4 93.51955307262574
 0 95.53072625698326
 3 97.54189944134077
 3 99.55307262569835
 15 101.5642458100559
 30 103.5754189944134
 34 105.586592178771
 20 107.5977653631285
 114 109.608938547486
 131 111.6201117318436
 124 113.6312849162011
 2 115.6424581005587
 223 117.6536312849162
 191 119.6648044692737
 81 121.6759776536313
 163 123.6871508379888
 187 125.6983240223464
 74 127.7094972067039
 173 129.7206703910614
 187 131.731843575419
 3 133.7430167597765
 95 135.7541899441341
 152 137.7653631284916
 137 139.7765363128492
 133 141.7877094972067
 483 143.7988826815642
 109 145.8100558659218
 198 147.8212290502793
 48 149.8324022346369
 124 151.8435754189944
 74 153.854748603352
 537 155.8659217877095
 58 157.8770949720671
 132 159.8882681564246
 72 161.8994413407821
 43 163.9106145251397
 25 165.9217877094972
 142 167.9329608938548
 221 169.9441340782123
 358 171.9553072625699
 4 173.9664804469274
 144 175.9776536312849
 5 177.9888268156425
 0 180


