# Created by Octave 3.8.2, Sun Jun 21 00:08:48 2020 CEST <damian@fptrucha.inv.usc.es>
# name: hd
# type: matrix
# rows: 180
# columns: 2
 4 -180
 131 -177.9888268156425
 2 -175.9776536312849
 362 -173.9664804469274
 235 -171.9553072625698
 133 -169.9441340782123
 25 -167.9329608938548
 30 -165.9217877094972
 50 -163.9106145251397
 164 -161.8994413407821
 33 -159.8882681564246
 623 -157.877094972067
 54 -155.8659217877095
 107 -153.854748603352
 36 -151.8435754189944
 70 -149.8324022346369
 216 -147.8212290502793
 595 -145.8100558659218
 101 -143.7988826815642
 77 -141.7877094972067
 166 -139.7765363128491
 99 -137.7653631284916
 2 -135.7541899441341
 157 -133.7430167597765
 146 -131.731843575419
 64 -129.7206703910614
 184 -127.7094972067039
 196 -125.6983240223464
 109 -123.6871508379888
 163 -121.6759776536313
 158 -119.6648044692737
 3 -117.6536312849162
 84 -115.6424581005587
 92 -113.6312849162011
 122 -111.6201117318436
 16 -109.608938547486
 38 -107.5977653631285
 26 -105.5865921787709
 10 -103.5754189944134
 1 -101.5642458100559
 1 -99.55307262569832
 1 -97.54189944134077
 1 -95.53072625698323
 7 -93.5195530726257
 7806 -91.50837988826815
 12 -89.49720670391061
 2 -87.48603351955308
 2 -85.47486033519553
 0 -83.46368715083798
 1 -81.45251396648044
 3 -79.44134078212289
 6 -77.43016759776536
 41 -75.41899441340782
 21 -73.40782122905027
 56 -71.39664804469274
 130 -69.38547486033519
 73 -67.37430167597765
 97 -65.3631284916201
 49 -63.35195530726256
 272 -61.34078212290503
 138 -59.32960893854748
 209 -57.31843575418993
 97 -55.3072625698324
 75 -53.29608938547486
 218 -51.28491620111731
 59 -49.27374301675977
 103 -47.26256983240222
 1 -45.25139664804468
 280 -43.24022346368713
 2 -41.22905027932961
 134 -39.21787709497207
 334 -37.20670391061452
 440 -35.19553072625698
 79 -33.18435754189943
 62 -31.17318435754188
 143 -29.16201117318434
 18 -27.15083798882682
 52 -25.13966480446928
 619 -23.12849162011173
 163 -21.11731843575419
 45 -19.10614525139664
 5 -17.09497206703909
 30 -15.08379888268155
 147 -13.072625698324
 6 -11.06145251396646
 565 -9.050279329608941
 2 -7.039106145251395
 111 -5.02793296089385
 25 -3.016759776536304
 2 -1.005586592178759
 14 1.005586592178787
 111 3.016759776536333
 1 5.02793296089385
 557 7.039106145251395
 9 9.050279329608941
 133 11.06145251396649
 43 13.07262569832403
 9 15.08379888268158
 50 17.09497206703912
 108 19.10614525139667
 488 21.11731843575421
 42 23.12849162011173
 93 25.13966480446928
 93 27.15083798882682
 52 29.16201117318437
 203 31.17318435754191
 331 33.18435754189946
 238 35.195530726257
 156 37.20670391061452
 24 39.21787709497207
 310 41.22905027932961
 3 43.24022346368716
 113 45.2513966480447
 55 47.26256983240225
 208 49.27374301675979
 82 51.28491620111734
 209 53.29608938547489
 71 55.3072625698324
 142 57.31843575418995
 266 59.32960893854749
 58 61.34078212290504
 110 63.35195530726259
 76 65.36312849162013
 111 67.37430167597768
 42 69.38547486033519
 32 71.39664804469274
 49 73.40782122905028
 7 75.41899441340783
 7 77.43016759776538
 1 79.44134078212289
 1 81.45251396648047
 0 83.46368715083798
 6 85.47486033519556
 8 87.48603351955308
 7533 89.49720670391065
 5 91.50837988826817
 2 93.51955307262574
 1 95.53072625698326
 0 97.54189944134077
 4 99.55307262569835
 13 101.5642458100559
 23 103.5754189944134
 31 105.586592178771
 16 107.5977653631285
 115 109.608938547486
 102 111.6201117318436
 143 113.6312849162011
 4 115.6424581005587
 220 117.6536312849162
 144 119.6648044692737
 93 121.6759776536313
 168 123.6871508379888
 199 125.6983240223464
 92 127.7094972067039
 144 129.7206703910614
 175 131.731843575419
 4 133.7430167597765
 118 135.7541899441341
 192 137.7653631284916
 99 139.7765363128492
 152 141.7877094972067
 430 143.7988826815642
 129 145.8100558659218
 187 147.8212290502793
 54 149.8324022346369
 155 151.8435754189944
 51 153.854748603352
 451 155.8659217877095
 50 157.8770949720671
 116 159.8882681564246
 83 161.8994413407821
 55 163.9106145251397
 15 165.9217877094972
 116 167.9329608938548
 219 169.9441340782123
 351 171.9553072625699
 1 173.9664804469274
 124 175.9776536312849
 2 177.9888268156425
 0 180


