# Created by Octave 3.8.2, Mon Jun 22 19:56:39 2020 CEST <damian@fptrucha.inv.usc.es>
# name: hd
# type: matrix
# rows: 180
# columns: 2
 3 -180
 189 -177.9888268156425
 5 -175.9776536312849
 358 -173.9664804469274
 251 -171.9553072625698
 145 -169.9441340782123
 37 -167.9329608938548
 42 -165.9217877094972
 74 -163.9106145251397
 177 -161.8994413407821
 54 -159.8882681564246
 592 -157.877094972067
 72 -155.8659217877095
 129 -153.854748603352
 45 -151.8435754189944
 91 -149.8324022346369
 247 -147.8212290502793
 649 -145.8100558659218
 149 -143.7988826815642
 83 -141.7877094972067
 195 -139.7765363128491
 130 -137.7653631284916
 1 -135.7541899441341
 191 -133.7430167597765
 183 -131.731843575419
 78 -129.7206703910614
 181 -127.7094972067039
 202 -125.6983240223464
 94 -123.6871508379888
 183 -121.6759776536313
 217 -119.6648044692737
 6 -117.6536312849162
 127 -115.6424581005587
 138 -113.6312849162011
 138 -111.6201117318436
 19 -109.608938547486
 51 -107.5977653631285
 35 -105.5865921787709
 19 -103.5754189944134
 3 -101.5642458100559
 0 -99.55307262569832
 2 -97.54189944134077
 3 -95.53072625698323
 8 -93.5195530726257
 8408 -91.50837988826815
 19 -89.49720670391061
 4 -87.48603351955308
 1 -85.47486033519553
 1 -83.46368715083798
 0 -81.45251396648044
 13 -79.44134078212289
 11 -77.43016759776536
 58 -75.41899441340782
 28 -73.40782122905027
 55 -71.39664804469274
 132 -69.38547486033519
 90 -67.37430167597765
 128 -65.3631284916201
 59 -63.35195530726256
 280 -61.34078212290503
 124 -59.32960893854748
 225 -57.31843575418993
 100 -55.3072625698324
 83 -53.29608938547486
 254 -51.28491620111731
 66 -49.27374301675977
 134 -47.26256983240222
 2 -45.25139664804468
 320 -43.24022346368713
 2 -41.22905027932961
 161 -39.21787709497207
 295 -37.20670391061452
 440 -35.19553072625698
 120 -33.18435754189943
 85 -31.17318435754188
 193 -29.16201117318434
 12 -27.15083798882682
 66 -25.13966480446928
 587 -23.12849162011173
 135 -21.11731843575419
 62 -19.10614525139664
 8 -17.09497206703909
 43 -15.08379888268155
 182 -13.072625698324
 14 -11.06145251396646
 627 -9.050279329608941
 2 -7.039106145251395
 118 -5.02793296089385
 19 -3.016759776536304
 4 -1.005586592178759
 29 1.005586592178787
 144 3.016759776536333
 2 5.02793296089385
 589 7.039106145251395
 6 9.050279329608941
 157 11.06145251396649
 45 13.07262569832403
 7 15.08379888268158
 59 17.09497206703912
 118 19.10614525139667
 557 21.11731843575421
 44 23.12849162011173
 67 25.13966480446928
 95 27.15083798882682
 65 29.16201117318437
 185 31.17318435754191
 353 33.18435754189946
 271 35.195530726257
 145 37.20670391061452
 36 39.21787709497207
 286 41.22905027932961
 0 43.24022346368716
 113 45.2513966480447
 64 47.26256983240225
 255 49.27374301675979
 77 51.28491620111734
 201 53.29608938547489
 86 55.3072625698324
 152 57.31843575418995
 278 59.32960893854749
 56 61.34078212290504
 112 63.35195530726259
 73 65.36312849162013
 105 67.37430167597768
 49 69.38547486033519
 29 71.39664804469274
 52 73.40782122905028
 9 75.41899441340783
 11 77.43016759776538
 4 79.44134078212289
 1 81.45251396648047
 2 83.46368715083798
 5 85.47486033519556
 17 87.48603351955308
 7932 89.49720670391065
 6 91.50837988826817
 4 93.51955307262574
 0 95.53072625698326
 0 97.54189944134077
 5 99.55307262569835
 17 101.5642458100559
 29 103.5754189944134
 44 105.586592178771
 24 107.5977653631285
 116 109.608938547486
 136 111.6201117318436
 108 113.6312849162011
 6 115.6424581005587
 214 117.6536312849162
 171 119.6648044692737
 104 121.6759776536313
 199 123.6871508379888
 196 125.6983240223464
 102 127.7094972067039
 186 129.7206703910614
 170 131.731843575419
 2 133.7430167597765
 117 135.7541899441341
 184 137.7653631284916
 115 139.7765363128492
 134 141.7877094972067
 522 143.7988826815642
 160 145.8100558659218
 191 147.8212290502793
 52 149.8324022346369
 125 151.8435754189944
 69 153.854748603352
 514 155.8659217877095
 39 157.8770949720671
 159 159.8882681564246
 74 161.8994413407821
 40 163.9106145251397
 19 165.9217877094972
 134 167.9329608938548
 242 169.9441340782123
 368 171.9553072625699
 3 173.9664804469274
 165 175.9776536312849
 2 177.9888268156425
 0 180


