# Created by Octave 3.8.2, Sat Jun 20 19:20:34 2020 CEST <damian@fptrucha.inv.usc.es>
# name: hd
# type: matrix
# rows: 180
# columns: 2
 3 -180
 190 -177.9888268156425
 2 -175.9776536312849
 354 -173.9664804469274
 237 -171.9553072625698
 168 -169.9441340782123
 29 -167.9329608938548
 26 -165.9217877094972
 51 -163.9106145251397
 137 -161.8994413407821
 44 -159.8882681564246
 622 -157.877094972067
 59 -155.8659217877095
 136 -153.854748603352
 29 -151.8435754189944
 49 -149.8324022346369
 180 -147.8212290502793
 595 -145.8100558659218
 129 -143.7988826815642
 78 -141.7877094972067
 144 -139.7765363128491
 106 -137.7653631284916
 2 -135.7541899441341
 171 -133.7430167597765
 138 -131.731843575419
 83 -129.7206703910614
 197 -127.7094972067039
 194 -125.6983240223464
 107 -123.6871508379888
 196 -121.6759776536313
 162 -119.6648044692737
 0 -117.6536312849162
 101 -115.6424581005587
 121 -113.6312849162011
 107 -111.6201117318436
 15 -109.608938547486
 31 -107.5977653631285
 27 -105.5865921787709
 11 -103.5754189944134
 0 -101.5642458100559
 1 -99.55307262569832
 0 -97.54189944134077
 2 -95.53072625698323
 2 -93.5195530726257
 8150 -91.50837988826815
 5 -89.49720670391061
 4 -87.48603351955308
 1 -85.47486033519553
 0 -83.46368715083798
 1 -81.45251396648044
 5 -79.44134078212289
 3 -77.43016759776536
 41 -75.41899441340782
 17 -73.40782122905027
 46 -71.39664804469274
 141 -69.38547486033519
 61 -67.37430167597765
 97 -65.3631284916201
 48 -63.35195530726256
 244 -61.34078212290503
 155 -59.32960893854748
 229 -57.31843575418993
 107 -55.3072625698324
 74 -53.29608938547486
 227 -51.28491620111731
 54 -49.27374301675977
 105 -47.26256983240222
 3 -45.25139664804468
 276 -43.24022346368713
 1 -41.22905027932961
 150 -39.21787709497207
 315 -37.20670391061452
 480 -35.19553072625698
 107 -33.18435754189943
 43 -31.17318435754188
 129 -29.16201117318434
 9 -27.15083798882682
 52 -25.13966480446928
 638 -23.12849162011173
 151 -21.11731843575419
 65 -19.10614525139664
 14 -17.09497206703909
 37 -15.08379888268155
 171 -13.072625698324
 10 -11.06145251396646
 576 -9.050279329608941
 0 -7.039106145251395
 132 -5.02793296089385
 16 -3.016759776536304
 0 -1.005586592178759
 16 1.005586592178787
 134 3.016759776536333
 2 5.02793296089385
 556 7.039106145251395
 4 9.050279329608941
 123 11.06145251396649
 44 13.07262569832403
 14 15.08379888268158
 59 17.09497206703912
 101 19.10614525139667
 504 21.11731843575421
 70 23.12849162011173
 83 25.13966480446928
 112 27.15083798882682
 58 29.16201117318437
 254 31.17318435754191
 281 33.18435754189946
 221 35.195530726257
 188 37.20670391061452
 35 39.21787709497207
 283 41.22905027932961
 0 43.24022346368716
 119 45.2513966480447
 82 47.26256983240225
 211 49.27374301675979
 78 51.28491620111734
 215 53.29608938547489
 79 55.3072625698324
 147 57.31843575418995
 230 59.32960893854749
 69 61.34078212290504
 117 63.35195530726259
 67 65.36312849162013
 107 67.37430167597768
 52 69.38547486033519
 22 71.39664804469274
 52 73.40782122905028
 10 75.41899441340783
 7 77.43016759776538
 3 79.44134078212289
 0 81.45251396648047
 2 83.46368715083798
 3 85.47486033519556
 9 87.48603351955308
 7584 89.49720670391065
 6 91.50837988826817
 1 93.51955307262574
 0 95.53072625698326
 1 97.54189944134077
 4 99.55307262569835
 13 101.5642458100559
 23 103.5754189944134
 39 105.586592178771
 16 107.5977653631285
 126 109.608938547486
 130 111.6201117318436
 115 113.6312849162011
 5 115.6424581005587
 219 117.6536312849162
 158 119.6648044692737
 73 121.6759776536313
 161 123.6871508379888
 149 125.6983240223464
 82 127.7094972067039
 152 129.7206703910614
 171 131.731843575419
 1 133.7430167597765
 117 135.7541899441341
 160 137.7653631284916
 96 139.7765363128492
 157 141.7877094972067
 488 143.7988826815642
 110 145.8100558659218
 184 147.8212290502793
 38 149.8324022346369
 162 151.8435754189944
 57 153.854748603352
 493 155.8659217877095
 59 157.8770949720671
 119 159.8882681564246
 75 161.8994413407821
 58 163.9106145251397
 19 165.9217877094972
 111 167.9329608938548
 219 169.9441340782123
 318 171.9553072625699
 1 173.9664804469274
 149 175.9776536312849
 3 177.9888268156425
 0 180


