# Created by Octave 3.8.2, Sat Jun 20 03:12:44 2020 CEST <damian@fptrucha.inv.usc.es>
# name: hd
# type: matrix
# rows: 180
# columns: 2
 0 -180
 177 -177.9888268156425
 5 -175.9776536312849
 390 -173.9664804469274
 282 -171.9553072625698
 163 -169.9441340782123
 38 -167.9329608938548
 37 -165.9217877094972
 67 -163.9106145251397
 177 -161.8994413407821
 50 -159.8882681564246
 636 -157.877094972067
 74 -155.8659217877095
 143 -153.854748603352
 47 -151.8435754189944
 80 -149.8324022346369
 221 -147.8212290502793
 716 -145.8100558659218
 155 -143.7988826815642
 125 -141.7877094972067
 181 -139.7765363128491
 125 -137.7653631284916
 1 -135.7541899441341
 177 -133.7430167597765
 176 -131.731843575419
 92 -129.7206703910614
 259 -127.7094972067039
 284 -125.6983240223464
 122 -123.6871508379888
 210 -121.6759776536313
 228 -119.6648044692737
 3 -117.6536312849162
 130 -115.6424581005587
 143 -113.6312849162011
 143 -111.6201117318436
 15 -109.608938547486
 40 -107.5977653631285
 30 -105.5865921787709
 12 -103.5754189944134
 0 -101.5642458100559
 0 -99.55307262569832
 0 -97.54189944134077
 2 -95.53072625698323
 2 -93.5195530726257
 9263 -91.50837988826815
 8 -89.49720670391061
 3 -87.48603351955308
 3 -85.47486033519553
 1 -83.46368715083798
 1 -81.45251396648044
 8 -79.44134078212289
 9 -77.43016759776536
 40 -75.41899441340782
 33 -73.40782122905027
 48 -71.39664804469274
 121 -69.38547486033519
 104 -67.37430167597765
 117 -65.3631284916201
 58 -63.35195530726256
 291 -61.34078212290503
 165 -59.32960893854748
 251 -57.31843575418993
 103 -55.3072625698324
 89 -53.29608938547486
 265 -51.28491620111731
 67 -49.27374301675977
 102 -47.26256983240222
 2 -45.25139664804468
 287 -43.24022346368713
 2 -41.22905027932961
 171 -39.21787709497207
 345 -37.20670391061452
 481 -35.19553072625698
 131 -33.18435754189943
 60 -31.17318435754188
 174 -29.16201117318434
 10 -27.15083798882682
 42 -25.13966480446928
 669 -23.12849162011173
 163 -21.11731843575419
 60 -19.10614525139664
 6 -17.09497206703909
 28 -15.08379888268155
 154 -13.072625698324
 9 -11.06145251396646
 614 -9.050279329608941
 4 -7.039106145251395
 129 -5.02793296089385
 19 -3.016759776536304
 2 -1.005586592178759
 23 1.005586592178787
 137 3.016759776536333
 3 5.02793296089385
 575 7.039106145251395
 9 9.050279329608941
 151 11.06145251396649
 50 13.07262569832403
 12 15.08379888268158
 66 17.09497206703912
 104 19.10614525139667
 573 21.11731843575421
 60 23.12849162011173
 88 25.13966480446928
 94 27.15083798882682
 60 29.16201117318437
 244 31.17318435754191
 332 33.18435754189946
 246 35.195530726257
 153 37.20670391061452
 33 39.21787709497207
 307 41.22905027932961
 1 43.24022346368716
 105 45.2513966480447
 68 47.26256983240225
 228 49.27374301675979
 88 51.28491620111734
 197 53.29608938547489
 83 55.3072625698324
 131 57.31843575418995
 240 59.32960893854749
 47 61.34078212290504
 113 63.35195530726259
 72 65.36312849162013
 116 67.37430167597768
 32 69.38547486033519
 33 71.39664804469274
 29 73.40782122905028
 11 75.41899441340783
 12 77.43016759776538
 0 79.44134078212289
 0 81.45251396648047
 1 83.46368715083798
 4 85.47486033519556
 9 87.48603351955308
 8172 89.49720670391065
 6 91.50837988826817
 1 93.51955307262574
 3 95.53072625698326
 2 97.54189944134077
 3 99.55307262569835
 8 101.5642458100559
 36 103.5754189944134
 40 105.586592178771
 21 107.5977653631285
 101 109.608938547486
 120 111.6201117318436
 120 113.6312849162011
 3 115.6424581005587
 189 117.6536312849162
 187 119.6648044692737
 86 121.6759776536313
 172 123.6871508379888
 158 125.6983240223464
 61 127.7094972067039
 149 129.7206703910614
 182 131.731843575419
 1 133.7430167597765
 97 135.7541899441341
 211 137.7653631284916
 113 139.7765363128492
 144 141.7877094972067
 536 143.7988826815642
 127 145.8100558659218
 202 147.8212290502793
 50 149.8324022346369
 149 151.8435754189944
 61 153.854748603352
 502 155.8659217877095
 49 157.8770949720671
 164 159.8882681564246
 74 161.8994413407821
 61 163.9106145251397
 21 165.9217877094972
 137 167.9329608938548
 233 169.9441340782123
 344 171.9553072625699
 1 173.9664804469274
 162 175.9776536312849
 3 177.9888268156425
 0 180


