# Created by Octave 3.8.2, Mon Jun 22 12:53:21 2020 CEST <damian@fptrucha.inv.usc.es>
# name: hd
# type: matrix
# rows: 180
# columns: 2
 7 -180
 187 -177.9888268156425
 3 -175.9776536312849
 405 -173.9664804469274
 228 -171.9553072625698
 143 -169.9441340782123
 39 -167.9329608938548
 44 -165.9217877094972
 62 -163.9106145251397
 169 -161.8994413407821
 47 -159.8882681564246
 570 -157.877094972067
 71 -155.8659217877095
 143 -153.854748603352
 49 -151.8435754189944
 77 -149.8324022346369
 213 -147.8212290502793
 570 -145.8100558659218
 127 -143.7988826815642
 89 -141.7877094972067
 145 -139.7765363128491
 122 -137.7653631284916
 4 -135.7541899441341
 186 -133.7430167597765
 150 -131.731843575419
 67 -129.7206703910614
 218 -127.7094972067039
 217 -125.6983240223464
 107 -123.6871508379888
 175 -121.6759776536313
 197 -119.6648044692737
 7 -117.6536312849162
 142 -115.6424581005587
 98 -113.6312849162011
 113 -111.6201117318436
 13 -109.608938547486
 51 -107.5977653631285
 17 -105.5865921787709
 11 -103.5754189944134
 2 -101.5642458100559
 1 -99.55307262569832
 4 -97.54189944134077
 3 -95.53072625698323
 8 -93.5195530726257
 8107 -91.50837988826815
 10 -89.49720670391061
 4 -87.48603351955308
 0 -85.47486033519553
 2 -83.46368715083798
 5 -81.45251396648044
 8 -79.44134078212289
 5 -77.43016759776536
 59 -75.41899441340782
 23 -73.40782122905027
 49 -71.39664804469274
 114 -69.38547486033519
 77 -67.37430167597765
 125 -65.3631284916201
 50 -63.35195530726256
 254 -61.34078212290503
 138 -59.32960893854748
 211 -57.31843575418993
 97 -55.3072625698324
 79 -53.29608938547486
 259 -51.28491620111731
 61 -49.27374301675977
 132 -47.26256983240222
 5 -45.25139664804468
 296 -43.24022346368713
 2 -41.22905027932961
 157 -39.21787709497207
 269 -37.20670391061452
 436 -35.19553072625698
 118 -33.18435754189943
 53 -31.17318435754188
 155 -29.16201117318434
 8 -27.15083798882682
 72 -25.13966480446928
 580 -23.12849162011173
 142 -21.11731843575419
 56 -19.10614525139664
 6 -17.09497206703909
 45 -15.08379888268155
 159 -13.072625698324
 10 -11.06145251396646
 557 -9.050279329608941
 6 -7.039106145251395
 124 -5.02793296089385
 28 -3.016759776536304
 9 -1.005586592178759
 19 1.005586592178787
 106 3.016759776536333
 2 5.02793296089385
 509 7.039106145251395
 11 9.050279329608941
 132 11.06145251396649
 53 13.07262569832403
 9 15.08379888268158
 61 17.09497206703912
 108 19.10614525139667
 558 21.11731843575421
 65 23.12849162011173
 82 25.13966480446928
 97 27.15083798882682
 63 29.16201117318437
 219 31.17318435754191
 320 33.18435754189946
 235 35.195530726257
 162 37.20670391061452
 36 39.21787709497207
 293 41.22905027932961
 2 43.24022346368716
 123 45.2513966480447
 70 47.26256983240225
 234 49.27374301675979
 82 51.28491620111734
 208 53.29608938547489
 79 55.3072625698324
 142 57.31843575418995
 247 59.32960893854749
 43 61.34078212290504
 117 63.35195530726259
 87 65.36312849162013
 113 67.37430167597768
 51 69.38547486033519
 26 71.39664804469274
 63 73.40782122905028
 8 75.41899441340783
 4 77.43016759776538
 3 79.44134078212289
 0 81.45251396648047
 2 83.46368715083798
 3 85.47486033519556
 9 87.48603351955308
 7662 89.49720670391065
 5 91.50837988826817
 0 93.51955307262574
 2 95.53072625698326
 0 97.54189944134077
 3 99.55307262569835
 18 101.5642458100559
 33 103.5754189944134
 51 105.586592178771
 19 107.5977653631285
 110 109.608938547486
 128 111.6201117318436
 144 113.6312849162011
 1 115.6424581005587
 187 117.6536312849162
 171 119.6648044692737
 113 121.6759776536313
 168 123.6871508379888
 172 125.6983240223464
 75 127.7094972067039
 178 129.7206703910614
 189 131.731843575419
 1 133.7430167597765
 119 135.7541899441341
 191 137.7653631284916
 83 139.7765363128492
 131 141.7877094972067
 502 143.7988826815642
 107 145.8100558659218
 205 147.8212290502793
 45 149.8324022346369
 142 151.8435754189944
 60 153.854748603352
 473 155.8659217877095
 43 157.8770949720671
 127 159.8882681564246
 76 161.8994413407821
 49 163.9106145251397
 25 165.9217877094972
 131 167.9329608938548
 210 169.9441340782123
 322 171.9553072625699
 6 173.9664804469274
 159 175.9776536312849
 5 177.9888268156425
 0 180


