# Created by Octave 3.8.2, Mon Jun 22 03:24:46 2020 CEST <damian@fptrucha.inv.usc.es>
# name: hd
# type: matrix
# rows: 180
# columns: 2
 5 -180
 150 -177.9888268156425
 1 -175.9776536312849
 347 -173.9664804469274
 229 -171.9553072625698
 136 -169.9441340782123
 27 -167.9329608938548
 48 -165.9217877094972
 61 -163.9106145251397
 162 -161.8994413407821
 34 -159.8882681564246
 490 -157.877094972067
 70 -155.8659217877095
 141 -153.854748603352
 44 -151.8435754189944
 69 -149.8324022346369
 202 -147.8212290502793
 573 -145.8100558659218
 121 -143.7988826815642
 94 -141.7877094972067
 184 -139.7765363128491
 141 -137.7653631284916
 3 -135.7541899441341
 165 -133.7430167597765
 157 -131.731843575419
 79 -129.7206703910614
 148 -127.7094972067039
 192 -125.6983240223464
 93 -123.6871508379888
 172 -121.6759776536313
 199 -119.6648044692737
 3 -117.6536312849162
 117 -115.6424581005587
 118 -113.6312849162011
 113 -111.6201117318436
 28 -109.608938547486
 49 -107.5977653631285
 25 -105.5865921787709
 15 -103.5754189944134
 3 -101.5642458100559
 2 -99.55307262569832
 4 -97.54189944134077
 3 -95.53072625698323
 3 -93.5195530726257
 7365 -91.50837988826815
 11 -89.49720670391061
 5 -87.48603351955308
 1 -85.47486033519553
 2 -83.46368715083798
 2 -81.45251396648044
 12 -79.44134078212289
 13 -77.43016759776536
 41 -75.41899441340782
 27 -73.40782122905027
 38 -71.39664804469274
 90 -69.38547486033519
 77 -67.37430167597765
 123 -65.3631284916201
 63 -63.35195530726256
 259 -61.34078212290503
 119 -59.32960893854748
 176 -57.31843575418993
 97 -55.3072625698324
 68 -53.29608938547486
 227 -51.28491620111731
 68 -49.27374301675977
 115 -47.26256983240222
 6 -45.25139664804468
 265 -43.24022346368713
 3 -41.22905027932961
 154 -39.21787709497207
 262 -37.20670391061452
 417 -35.19553072625698
 126 -33.18435754189943
 59 -31.17318435754188
 178 -29.16201117318434
 8 -27.15083798882682
 66 -25.13966480446928
 544 -23.12849162011173
 132 -21.11731843575419
 61 -19.10614525139664
 15 -17.09497206703909
 42 -15.08379888268155
 151 -13.072625698324
 7 -11.06145251396646
 526 -9.050279329608941
 2 -7.039106145251395
 109 -5.02793296089385
 19 -3.016759776536304
 1 -1.005586592178759
 26 1.005586592178787
 132 3.016759776536333
 3 5.02793296089385
 536 7.039106145251395
 12 9.050279329608941
 123 11.06145251396649
 41 13.07262569832403
 14 15.08379888268158
 63 17.09497206703912
 123 19.10614525139667
 498 21.11731843575421
 67 23.12849162011173
 92 25.13966480446928
 102 27.15083798882682
 60 29.16201117318437
 204 31.17318435754191
 315 33.18435754189946
 234 35.195530726257
 136 37.20670391061452
 40 39.21787709497207
 245 41.22905027932961
 1 43.24022346368716
 112 45.2513966480447
 56 47.26256983240225
 212 49.27374301675979
 83 51.28491620111734
 175 53.29608938547489
 80 55.3072625698324
 146 57.31843575418995
 238 59.32960893854749
 49 61.34078212290504
 94 63.35195530726259
 76 65.36312849162013
 136 67.37430167597768
 39 69.38547486033519
 30 71.39664804469274
 55 73.40782122905028
 10 75.41899441340783
 11 77.43016759776538
 3 79.44134078212289
 0 81.45251396648047
 1 83.46368715083798
 6 85.47486033519556
 16 87.48603351955308
 6953 89.49720670391065
 7 91.50837988826817
 6 93.51955307262574
 0 95.53072625698326
 0 97.54189944134077
 4 99.55307262569835
 16 101.5642458100559
 15 103.5754189944134
 37 105.586592178771
 26 107.5977653631285
 105 109.608938547486
 112 111.6201117318436
 135 113.6312849162011
 2 115.6424581005587
 207 117.6536312849162
 153 119.6648044692737
 93 121.6759776536313
 188 123.6871508379888
 207 125.6983240223464
 75 127.7094972067039
 159 129.7206703910614
 197 131.731843575419
 3 133.7430167597765
 106 135.7541899441341
 166 137.7653631284916
 108 139.7765363128492
 124 141.7877094972067
 417 143.7988826815642
 121 145.8100558659218
 201 147.8212290502793
 52 149.8324022346369
 143 151.8435754189944
 73 153.854748603352
 472 155.8659217877095
 44 157.8770949720671
 134 159.8882681564246
 77 161.8994413407821
 49 163.9106145251397
 20 165.9217877094972
 123 167.9329608938548
 217 169.9441340782123
 306 171.9553072625699
 4 173.9664804469274
 150 175.9776536312849
 5 177.9888268156425
 0 180


