# Created by Octave 3.8.2, Sun Jun 21 05:06:11 2020 CEST <damian@fptrucha.inv.usc.es>
# name: hd
# type: matrix
# rows: 180
# columns: 2
 8 -180
 130 -177.9888268156425
 6 -175.9776536312849
 358 -173.9664804469274
 231 -171.9553072625698
 137 -169.9441340782123
 26 -167.9329608938548
 30 -165.9217877094972
 60 -163.9106145251397
 180 -161.8994413407821
 38 -159.8882681564246
 627 -157.877094972067
 53 -155.8659217877095
 103 -153.854748603352
 50 -151.8435754189944
 60 -149.8324022346369
 195 -147.8212290502793
 657 -145.8100558659218
 134 -143.7988826815642
 89 -141.7877094972067
 152 -139.7765363128491
 109 -137.7653631284916
 2 -135.7541899441341
 162 -133.7430167597765
 156 -131.731843575419
 63 -129.7206703910614
 165 -127.7094972067039
 236 -125.6983240223464
 95 -123.6871508379888
 180 -121.6759776536313
 167 -119.6648044692737
 2 -117.6536312849162
 98 -115.6424581005587
 125 -113.6312849162011
 111 -111.6201117318436
 17 -109.608938547486
 25 -107.5977653631285
 31 -105.5865921787709
 11 -103.5754189944134
 5 -101.5642458100559
 0 -99.55307262569832
 1 -97.54189944134077
 3 -95.53072625698323
 5 -93.5195530726257
 7932 -91.50837988826815
 10 -89.49720670391061
 6 -87.48603351955308
 0 -85.47486033519553
 1 -83.46368715083798
 0 -81.45251396648044
 8 -79.44134078212289
 7 -77.43016759776536
 48 -75.41899441340782
 30 -73.40782122905027
 45 -71.39664804469274
 97 -69.38547486033519
 49 -67.37430167597765
 107 -65.3631284916201
 61 -63.35195530726256
 258 -61.34078212290503
 171 -59.32960893854748
 233 -57.31843575418993
 88 -55.3072625698324
 64 -53.29608938547486
 247 -51.28491620111731
 65 -49.27374301675977
 104 -47.26256983240222
 1 -45.25139664804468
 273 -43.24022346368713
 3 -41.22905027932961
 178 -39.21787709497207
 334 -37.20670391061452
 487 -35.19553072625698
 98 -33.18435754189943
 50 -31.17318435754188
 151 -29.16201117318434
 9 -27.15083798882682
 60 -25.13966480446928
 639 -23.12849162011173
 153 -21.11731843575419
 58 -19.10614525139664
 8 -17.09497206703909
 42 -15.08379888268155
 158 -13.072625698324
 6 -11.06145251396646
 571 -9.050279329608941
 4 -7.039106145251395
 150 -5.02793296089385
 17 -3.016759776536304
 2 -1.005586592178759
 25 1.005586592178787
 124 3.016759776536333
 0 5.02793296089385
 515 7.039106145251395
 10 9.050279329608941
 138 11.06145251396649
 39 13.07262569832403
 9 15.08379888268158
 56 17.09497206703912
 118 19.10614525139667
 482 21.11731843575421
 63 23.12849162011173
 84 25.13966480446928
 102 27.15083798882682
 47 29.16201117318437
 204 31.17318435754191
 330 33.18435754189946
 272 35.195530726257
 157 37.20670391061452
 38 39.21787709497207
 277 41.22905027932961
 3 43.24022346368716
 113 45.2513966480447
 68 47.26256983240225
 222 49.27374301675979
 80 51.28491620111734
 203 53.29608938547489
 92 55.3072625698324
 136 57.31843575418995
 226 59.32960893854749
 56 61.34078212290504
 112 63.35195530726259
 68 65.36312849162013
 117 67.37430167597768
 44 69.38547486033519
 25 71.39664804469274
 41 73.40782122905028
 3 75.41899441340783
 7 77.43016759776538
 4 79.44134078212289
 2 81.45251396648047
 0 83.46368715083798
 3 85.47486033519556
 6 87.48603351955308
 7515 89.49720670391065
 5 91.50837988826817
 1 93.51955307262574
 1 95.53072625698326
 0 97.54189944134077
 2 99.55307262569835
 15 101.5642458100559
 17 103.5754189944134
 27 105.586592178771
 26 107.5977653631285
 98 109.608938547486
 88 111.6201117318436
 102 113.6312849162011
 2 115.6424581005587
 201 117.6536312849162
 167 119.6648044692737
 93 121.6759776536313
 173 123.6871508379888
 168 125.6983240223464
 70 127.7094972067039
 171 129.7206703910614
 184 131.731843575419
 3 133.7430167597765
 118 135.7541899441341
 175 137.7653631284916
 99 139.7765363128492
 143 141.7877094972067
 462 143.7988826815642
 118 145.8100558659218
 236 147.8212290502793
 51 149.8324022346369
 165 151.8435754189944
 56 153.854748603352
 496 155.8659217877095
 54 157.8770949720671
 128 159.8882681564246
 53 161.8994413407821
 44 163.9106145251397
 16 165.9217877094972
 124 167.9329608938548
 219 169.9441340782123
 329 171.9553072625699
 4 173.9664804469274
 140 175.9776536312849
 5 177.9888268156425
 0 180


