# Created by Octave 3.8.2, Mon Jun 22 01:35:59 2020 CEST <damian@fptrucha.inv.usc.es>
# name: hd
# type: matrix
# rows: 180
# columns: 2
 4 -180
 171 -177.9888268156425
 4 -175.9776536312849
 379 -173.9664804469274
 266 -171.9553072625698
 157 -169.9441340782123
 32 -167.9329608938548
 40 -165.9217877094972
 44 -163.9106145251397
 177 -161.8994413407821
 30 -159.8882681564246
 643 -157.877094972067
 69 -155.8659217877095
 113 -153.854748603352
 62 -151.8435754189944
 71 -149.8324022346369
 203 -147.8212290502793
 632 -145.8100558659218
 115 -143.7988826815642
 109 -141.7877094972067
 175 -139.7765363128491
 112 -137.7653631284916
 2 -135.7541899441341
 156 -133.7430167597765
 180 -131.731843575419
 89 -129.7206703910614
 173 -127.7094972067039
 241 -125.6983240223464
 79 -123.6871508379888
 190 -121.6759776536313
 177 -119.6648044692737
 2 -117.6536312849162
 124 -115.6424581005587
 89 -113.6312849162011
 116 -111.6201117318436
 22 -109.608938547486
 45 -107.5977653631285
 25 -105.5865921787709
 13 -103.5754189944134
 2 -101.5642458100559
 3 -99.55307262569832
 0 -97.54189944134077
 4 -95.53072625698323
 5 -93.5195530726257
 8243 -91.50837988826815
 7 -89.49720670391061
 4 -87.48603351955308
 0 -85.47486033519553
 0 -83.46368715083798
 0 -81.45251396648044
 6 -79.44134078212289
 7 -77.43016759776536
 47 -75.41899441340782
 27 -73.40782122905027
 50 -71.39664804469274
 125 -69.38547486033519
 79 -67.37430167597765
 105 -65.3631284916201
 50 -63.35195530726256
 283 -61.34078212290503
 159 -59.32960893854748
 201 -57.31843575418993
 95 -55.3072625698324
 110 -53.29608938547486
 234 -51.28491620111731
 56 -49.27374301675977
 101 -47.26256983240222
 0 -45.25139664804468
 274 -43.24022346368713
 1 -41.22905027932961
 146 -39.21787709497207
 316 -37.20670391061452
 451 -35.19553072625698
 119 -33.18435754189943
 72 -31.17318435754188
 156 -29.16201117318434
 7 -27.15083798882682
 67 -25.13966480446928
 640 -23.12849162011173
 137 -21.11731843575419
 60 -19.10614525139664
 11 -17.09497206703909
 37 -15.08379888268155
 181 -13.072625698324
 7 -11.06145251396646
 581 -9.050279329608941
 3 -7.039106145251395
 107 -5.02793296089385
 17 -3.016759776536304
 0 -1.005586592178759
 29 1.005586592178787
 120 3.016759776536333
 2 5.02793296089385
 610 7.039106145251395
 6 9.050279329608941
 139 11.06145251396649
 42 13.07262569832403
 7 15.08379888268158
 55 17.09497206703912
 108 19.10614525139667
 543 21.11731843575421
 60 23.12849162011173
 94 25.13966480446928
 106 27.15083798882682
 62 29.16201117318437
 232 31.17318435754191
 297 33.18435754189946
 232 35.195530726257
 182 37.20670391061452
 41 39.21787709497207
 280 41.22905027932961
 4 43.24022346368716
 114 45.2513966480447
 84 47.26256983240225
 231 49.27374301675979
 101 51.28491620111734
 204 53.29608938547489
 75 55.3072625698324
 174 57.31843575418995
 274 59.32960893854749
 63 61.34078212290504
 115 63.35195530726259
 87 65.36312849162013
 115 67.37430167597768
 45 69.38547486033519
 24 71.39664804469274
 47 73.40782122905028
 8 75.41899441340783
 11 77.43016759776538
 2 79.44134078212289
 0 81.45251396648047
 1 83.46368715083798
 4 85.47486033519556
 11 87.48603351955308
 7636 89.49720670391065
 5 91.50837988826817
 3 93.51955307262574
 1 95.53072625698326
 0 97.54189944134077
 3 99.55307262569835
 14 101.5642458100559
 25 103.5754189944134
 35 105.586592178771
 18 107.5977653631285
 126 109.608938547486
 128 111.6201117318436
 142 113.6312849162011
 3 115.6424581005587
 231 117.6536312849162
 176 119.6648044692737
 83 121.6759776536313
 186 123.6871508379888
 173 125.6983240223464
 83 127.7094972067039
 175 129.7206703910614
 196 131.731843575419
 2 133.7430167597765
 122 135.7541899441341
 202 137.7653631284916
 119 139.7765363128492
 132 141.7877094972067
 501 143.7988826815642
 137 145.8100558659218
 191 147.8212290502793
 40 149.8324022346369
 152 151.8435754189944
 71 153.854748603352
 464 155.8659217877095
 43 157.8770949720671
 135 159.8882681564246
 74 161.8994413407821
 60 163.9106145251397
 14 165.9217877094972
 109 167.9329608938548
 238 169.9441340782123
 359 171.9553072625699
 3 173.9664804469274
 144 175.9776536312849
 3 177.9888268156425
 0 180


