# Created by Octave 3.8.2, Sat Jun 20 13:20:53 2020 CEST <damian@fptrucha.inv.usc.es>
# name: hd
# type: matrix
# rows: 180
# columns: 2
 1 -180
 176 -177.9888268156425
 2 -175.9776536312849
 420 -173.9664804469274
 242 -171.9553072625698
 185 -169.9441340782123
 37 -167.9329608938548
 34 -165.9217877094972
 63 -163.9106145251397
 163 -161.8994413407821
 42 -159.8882681564246
 686 -157.877094972067
 56 -155.8659217877095
 119 -153.854748603352
 40 -151.8435754189944
 75 -149.8324022346369
 204 -147.8212290502793
 682 -145.8100558659218
 129 -143.7988826815642
 97 -141.7877094972067
 167 -139.7765363128491
 107 -137.7653631284916
 0 -135.7541899441341
 169 -133.7430167597765
 148 -131.731843575419
 91 -129.7206703910614
 202 -127.7094972067039
 229 -125.6983240223464
 98 -123.6871508379888
 223 -121.6759776536313
 193 -119.6648044692737
 1 -117.6536312849162
 99 -115.6424581005587
 117 -113.6312849162011
 136 -111.6201117318436
 24 -109.608938547486
 35 -107.5977653631285
 20 -105.5865921787709
 9 -103.5754189944134
 2 -101.5642458100559
 2 -99.55307262569832
 1 -97.54189944134077
 0 -95.53072625698323
 1 -93.5195530726257
 8543 -91.50837988826815
 13 -89.49720670391061
 5 -87.48603351955308
 0 -85.47486033519553
 0 -83.46368715083798
 0 -81.45251396648044
 2 -79.44134078212289
 3 -77.43016759776536
 57 -75.41899441340782
 22 -73.40782122905027
 71 -71.39664804469274
 137 -69.38547486033519
 71 -67.37430167597765
 93 -65.3631284916201
 56 -63.35195530726256
 291 -61.34078212290503
 144 -59.32960893854748
 252 -57.31843575418993
 98 -55.3072625698324
 82 -53.29608938547486
 226 -51.28491620111731
 56 -49.27374301675977
 122 -47.26256983240222
 0 -45.25139664804468
 279 -43.24022346368713
 1 -41.22905027932961
 170 -39.21787709497207
 339 -37.20670391061452
 504 -35.19553072625698
 116 -33.18435754189943
 69 -31.17318435754188
 155 -29.16201117318434
 8 -27.15083798882682
 60 -25.13966480446928
 689 -23.12849162011173
 162 -21.11731843575419
 46 -19.10614525139664
 5 -17.09497206703909
 24 -15.08379888268155
 168 -13.072625698324
 11 -11.06145251396646
 624 -9.050279329608941
 2 -7.039106145251395
 136 -5.02793296089385
 19 -3.016759776536304
 4 -1.005586592178759
 23 1.005586592178787
 133 3.016759776536333
 2 5.02793296089385
 593 7.039106145251395
 8 9.050279329608941
 136 11.06145251396649
 47 13.07262569832403
 8 15.08379888268158
 55 17.09497206703912
 135 19.10614525139667
 521 21.11731843575421
 83 23.12849162011173
 108 25.13966480446928
 129 27.15083798882682
 75 29.16201117318437
 241 31.17318435754191
 334 33.18435754189946
 245 35.195530726257
 205 37.20670391061452
 32 39.21787709497207
 317 41.22905027932961
 1 43.24022346368716
 137 45.2513966480447
 73 47.26256983240225
 257 49.27374301675979
 116 51.28491620111734
 211 53.29608938547489
 94 55.3072625698324
 162 57.31843575418995
 264 59.32960893854749
 55 61.34078212290504
 121 63.35195530726259
 79 65.36312849162013
 109 67.37430167597768
 47 69.38547486033519
 33 71.39664804469274
 53 73.40782122905028
 7 75.41899441340783
 8 77.43016759776538
 2 79.44134078212289
 0 81.45251396648047
 1 83.46368715083798
 4 85.47486033519556
 13 87.48603351955308
 8282 89.49720670391065
 4 91.50837988826817
 2 93.51955307262574
 2 95.53072625698326
 0 97.54189944134077
 4 99.55307262569835
 17 101.5642458100559
 25 103.5754189944134
 42 105.586592178771
 17 107.5977653631285
 121 109.608938547486
 125 111.6201117318436
 143 113.6312849162011
 2 115.6424581005587
 208 117.6536312849162
 204 119.6648044692737
 105 121.6759776536313
 221 123.6871508379888
 198 125.6983240223464
 82 127.7094972067039
 160 129.7206703910614
 180 131.731843575419
 1 133.7430167597765
 142 135.7541899441341
 196 137.7653631284916
 106 139.7765363128492
 190 141.7877094972067
 518 143.7988826815642
 145 145.8100558659218
 244 147.8212290502793
 46 149.8324022346369
 183 151.8435754189944
 81 153.854748603352
 510 155.8659217877095
 57 157.8770949720671
 129 159.8882681564246
 78 161.8994413407821
 62 163.9106145251397
 23 165.9217877094972
 134 167.9329608938548
 260 169.9441340782123
 321 171.9553072625699
 4 173.9664804469274
 139 175.9776536312849
 2 177.9888268156425
 0 180


