# Created by Octave 3.8.2, Mon Jun 22 02:51:54 2020 CEST <damian@fptrucha.inv.usc.es>
# name: hd
# type: matrix
# rows: 180
# columns: 2
 9 -180
 153 -177.9888268156425
 3 -175.9776536312849
 337 -173.9664804469274
 203 -171.9553072625698
 141 -169.9441340782123
 32 -167.9329608938548
 42 -165.9217877094972
 49 -163.9106145251397
 132 -161.8994413407821
 46 -159.8882681564246
 487 -157.877094972067
 51 -155.8659217877095
 116 -153.854748603352
 48 -151.8435754189944
 72 -149.8324022346369
 205 -147.8212290502793
 548 -145.8100558659218
 115 -143.7988826815642
 82 -141.7877094972067
 181 -139.7765363128491
 107 -137.7653631284916
 2 -135.7541899441341
 175 -133.7430167597765
 139 -131.731843575419
 89 -129.7206703910614
 159 -127.7094972067039
 198 -125.6983240223464
 95 -123.6871508379888
 154 -121.6759776536313
 206 -119.6648044692737
 2 -117.6536312849162
 112 -115.6424581005587
 110 -113.6312849162011
 113 -111.6201117318436
 11 -109.608938547486
 33 -107.5977653631285
 24 -105.5865921787709
 13 -103.5754189944134
 3 -101.5642458100559
 1 -99.55307262569832
 4 -97.54189944134077
 2 -95.53072625698323
 11 -93.5195530726257
 7215 -91.50837988826815
 19 -89.49720670391061
 4 -87.48603351955308
 2 -85.47486033519553
 2 -83.46368715083798
 4 -81.45251396648044
 5 -79.44134078212289
 14 -77.43016759776536
 46 -75.41899441340782
 31 -73.40782122905027
 49 -71.39664804469274
 101 -69.38547486033519
 67 -67.37430167597765
 113 -65.3631284916201
 51 -63.35195530726256
 217 -61.34078212290503
 128 -59.32960893854748
 184 -57.31843575418993
 94 -55.3072625698324
 73 -53.29608938547486
 190 -51.28491620111731
 65 -49.27374301675977
 101 -47.26256983240222
 5 -45.25139664804468
 264 -43.24022346368713
 5 -41.22905027932961
 156 -39.21787709497207
 255 -37.20670391061452
 411 -35.19553072625698
 108 -33.18435754189943
 55 -31.17318435754188
 186 -29.16201117318434
 9 -27.15083798882682
 63 -25.13966480446928
 530 -23.12849162011173
 114 -21.11731843575419
 49 -19.10614525139664
 10 -17.09497206703909
 46 -15.08379888268155
 138 -13.072625698324
 7 -11.06145251396646
 520 -9.050279329608941
 4 -7.039106145251395
 118 -5.02793296089385
 24 -3.016759776536304
 6 -1.005586592178759
 27 1.005586592178787
 126 3.016759776536333
 3 5.02793296089385
 514 7.039106145251395
 13 9.050279329608941
 131 11.06145251396649
 42 13.07262569832403
 12 15.08379888268158
 43 17.09497206703912
 117 19.10614525139667
 494 21.11731843575421
 55 23.12849162011173
 106 25.13966480446928
 101 27.15083798882682
 62 29.16201117318437
 189 31.17318435754191
 284 33.18435754189946
 224 35.195530726257
 139 37.20670391061452
 38 39.21787709497207
 271 41.22905027932961
 3 43.24022346368716
 110 45.2513966480447
 66 47.26256983240225
 181 49.27374301675979
 76 51.28491620111734
 170 53.29608938547489
 84 55.3072625698324
 160 57.31843575418995
 241 59.32960893854749
 40 61.34078212290504
 133 63.35195530726259
 97 65.36312849162013
 115 67.37430167597768
 40 69.38547486033519
 33 71.39664804469274
 61 73.40782122905028
 10 75.41899441340783
 17 77.43016759776538
 3 79.44134078212289
 0 81.45251396648047
 2 83.46368715083798
 9 85.47486033519556
 19 87.48603351955308
 7099 89.49720670391065
 9 91.50837988826817
 8 93.51955307262574
 2 95.53072625698326
 0 97.54189944134077
 4 99.55307262569835
 19 101.5642458100559
 22 103.5754189944134
 49 105.586592178771
 30 107.5977653631285
 108 109.608938547486
 115 111.6201117318436
 110 113.6312849162011
 3 115.6424581005587
 169 117.6536312849162
 163 119.6648044692737
 90 121.6759776536313
 181 123.6871508379888
 197 125.6983240223464
 81 127.7094972067039
 149 129.7206703910614
 189 131.731843575419
 1 133.7430167597765
 116 135.7541899441341
 166 137.7653631284916
 100 139.7765363128492
 109 141.7877094972067
 475 143.7988826815642
 119 145.8100558659218
 187 147.8212290502793
 49 149.8324022346369
 153 151.8435754189944
 45 153.854748603352
 431 155.8659217877095
 55 157.8770949720671
 136 159.8882681564246
 63 161.8994413407821
 46 163.9106145251397
 26 165.9217877094972
 140 167.9329608938548
 224 169.9441340782123
 290 171.9553072625699
 3 173.9664804469274
 141 175.9776536312849
 5 177.9888268156425
 0 180


