# Created by Octave 3.8.2, Mon Jun 22 03:44:33 2020 CEST <damian@fptrucha.inv.usc.es>
# name: hd
# type: matrix
# rows: 180
# columns: 2
 3 -180
 153 -177.9888268156425
 2 -175.9776536312849
 332 -173.9664804469274
 223 -171.9553072625698
 129 -169.9441340782123
 39 -167.9329608938548
 41 -165.9217877094972
 67 -163.9106145251397
 134 -161.8994413407821
 44 -159.8882681564246
 520 -157.877094972067
 70 -155.8659217877095
 126 -153.854748603352
 51 -151.8435754189944
 68 -149.8324022346369
 205 -147.8212290502793
 581 -145.8100558659218
 133 -143.7988826815642
 92 -141.7877094972067
 150 -139.7765363128491
 105 -137.7653631284916
 8 -135.7541899441341
 146 -133.7430167597765
 143 -131.731843575419
 91 -129.7206703910614
 153 -127.7094972067039
 199 -125.6983240223464
 78 -123.6871508379888
 183 -121.6759776536313
 187 -119.6648044692737
 1 -117.6536312849162
 114 -115.6424581005587
 124 -113.6312849162011
 113 -111.6201117318436
 20 -109.608938547486
 31 -107.5977653631285
 24 -105.5865921787709
 18 -103.5754189944134
 5 -101.5642458100559
 0 -99.55307262569832
 2 -97.54189944134077
 4 -95.53072625698323
 16 -93.5195530726257
 7308 -91.50837988826815
 10 -89.49720670391061
 5 -87.48603351955308
 2 -85.47486033519553
 0 -83.46368715083798
 0 -81.45251396648044
 12 -79.44134078212289
 5 -77.43016759776536
 50 -75.41899441340782
 33 -73.40782122905027
 53 -71.39664804469274
 97 -69.38547486033519
 70 -67.37430167597765
 94 -65.3631284916201
 46 -63.35195530726256
 236 -61.34078212290503
 142 -59.32960893854748
 167 -57.31843575418993
 83 -55.3072625698324
 84 -53.29608938547486
 221 -51.28491620111731
 67 -49.27374301675977
 101 -47.26256983240222
 0 -45.25139664804468
 258 -43.24022346368713
 2 -41.22905027932961
 149 -39.21787709497207
 270 -37.20670391061452
 405 -35.19553072625698
 103 -33.18435754189943
 58 -31.17318435754188
 146 -29.16201117318434
 13 -27.15083798882682
 56 -25.13966480446928
 492 -23.12849162011173
 127 -21.11731843575419
 72 -19.10614525139664
 12 -17.09497206703909
 45 -15.08379888268155
 146 -13.072625698324
 7 -11.06145251396646
 537 -9.050279329608941
 3 -7.039106145251395
 122 -5.02793296089385
 22 -3.016759776536304
 1 -1.005586592178759
 21 1.005586592178787
 128 3.016759776536333
 2 5.02793296089385
 491 7.039106145251395
 9 9.050279329608941
 143 11.06145251396649
 47 13.07262569832403
 11 15.08379888268158
 48 17.09497206703912
 120 19.10614525139667
 496 21.11731843575421
 60 23.12849162011173
 91 25.13966480446928
 79 27.15083798882682
 61 29.16201117318437
 180 31.17318435754191
 312 33.18435754189946
 204 35.195530726257
 130 37.20670391061452
 36 39.21787709497207
 299 41.22905027932961
 2 43.24022346368716
 120 45.2513966480447
 62 47.26256983240225
 195 49.27374301675979
 83 51.28491620111734
 210 53.29608938547489
 75 55.3072625698324
 162 57.31843575418995
 245 59.32960893854749
 54 61.34078212290504
 124 63.35195530726259
 69 65.36312849162013
 98 67.37430167597768
 47 69.38547486033519
 30 71.39664804469274
 57 73.40782122905028
 5 75.41899441340783
 11 77.43016759776538
 3 79.44134078212289
 1 81.45251396648047
 2 83.46368715083798
 9 85.47486033519556
 26 87.48603351955308
 6982 89.49720670391065
 7 91.50837988826817
 4 93.51955307262574
 1 95.53072625698326
 0 97.54189944134077
 7 99.55307262569835
 22 101.5642458100559
 25 103.5754189944134
 39 105.586592178771
 14 107.5977653631285
 106 109.608938547486
 132 111.6201117318436
 115 113.6312849162011
 7 115.6424581005587
 196 117.6536312849162
 165 119.6648044692737
 92 121.6759776536313
 172 123.6871508379888
 177 125.6983240223464
 77 127.7094972067039
 151 129.7206703910614
 167 131.731843575419
 5 133.7430167597765
 96 135.7541899441341
 181 137.7653631284916
 112 139.7765363128492
 112 141.7877094972067
 452 143.7988826815642
 99 145.8100558659218
 199 147.8212290502793
 46 149.8324022346369
 146 151.8435754189944
 56 153.854748603352
 457 155.8659217877095
 37 157.8770949720671
 143 159.8882681564246
 64 161.8994413407821
 47 163.9106145251397
 16 165.9217877094972
 113 167.9329608938548
 220 169.9441340782123
 338 171.9553072625699
 6 173.9664804469274
 175 175.9776536312849
 6 177.9888268156425
 0 180


