# Created by Octave 3.8.2, Sun Jun 21 08:07:25 2020 CEST <damian@fptrucha.inv.usc.es>
# name: hd
# type: matrix
# rows: 180
# columns: 2
 2 -180
 151 -177.9888268156425
 4 -175.9776536312849
 367 -173.9664804469274
 232 -171.9553072625698
 137 -169.9441340782123
 34 -167.9329608938548
 35 -165.9217877094972
 55 -163.9106145251397
 168 -161.8994413407821
 39 -159.8882681564246
 664 -157.877094972067
 60 -155.8659217877095
 108 -153.854748603352
 47 -151.8435754189944
 80 -149.8324022346369
 214 -147.8212290502793
 594 -145.8100558659218
 153 -143.7988826815642
 81 -141.7877094972067
 165 -139.7765363128491
 98 -137.7653631284916
 1 -135.7541899441341
 160 -133.7430167597765
 157 -131.731843575419
 69 -129.7206703910614
 174 -127.7094972067039
 253 -125.6983240223464
 106 -123.6871508379888
 188 -121.6759776536313
 192 -119.6648044692737
 1 -117.6536312849162
 93 -115.6424581005587
 136 -113.6312849162011
 125 -111.6201117318436
 13 -109.608938547486
 32 -107.5977653631285
 14 -105.5865921787709
 12 -103.5754189944134
 2 -101.5642458100559
 0 -99.55307262569832
 0 -97.54189944134077
 2 -95.53072625698323
 7 -93.5195530726257
 8238 -91.50837988826815
 8 -89.49720670391061
 4 -87.48603351955308
 1 -85.47486033519553
 0 -83.46368715083798
 0 -81.45251396648044
 8 -79.44134078212289
 6 -77.43016759776536
 34 -75.41899441340782
 29 -73.40782122905027
 32 -71.39664804469274
 114 -69.38547486033519
 80 -67.37430167597765
 91 -65.3631284916201
 71 -63.35195530726256
 266 -61.34078212290503
 154 -59.32960893854748
 210 -57.31843575418993
 107 -55.3072625698324
 69 -53.29608938547486
 226 -51.28491620111731
 50 -49.27374301675977
 123 -47.26256983240222
 2 -45.25139664804468
 278 -43.24022346368713
 2 -41.22905027932961
 175 -39.21787709497207
 324 -37.20670391061452
 481 -35.19553072625698
 84 -33.18435754189943
 64 -31.17318435754188
 157 -29.16201117318434
 9 -27.15083798882682
 56 -25.13966480446928
 667 -23.12849162011173
 154 -21.11731843575419
 44 -19.10614525139664
 11 -17.09497206703909
 40 -15.08379888268155
 170 -13.072625698324
 11 -11.06145251396646
 578 -9.050279329608941
 2 -7.039106145251395
 121 -5.02793296089385
 24 -3.016759776536304
 3 -1.005586592178759
 22 1.005586592178787
 126 3.016759776536333
 4 5.02793296089385
 537 7.039106145251395
 8 9.050279329608941
 128 11.06145251396649
 54 13.07262569832403
 12 15.08379888268158
 62 17.09497206703912
 101 19.10614525139667
 542 21.11731843575421
 65 23.12849162011173
 101 25.13966480446928
 99 27.15083798882682
 58 29.16201117318437
 222 31.17318435754191
 329 33.18435754189946
 205 35.195530726257
 165 37.20670391061452
 37 39.21787709497207
 288 41.22905027932961
 3 43.24022346368716
 130 45.2513966480447
 48 47.26256983240225
 231 49.27374301675979
 67 51.28491620111734
 190 53.29608938547489
 81 55.3072625698324
 145 57.31843575418995
 280 59.32960893854749
 58 61.34078212290504
 123 63.35195530726259
 83 65.36312849162013
 101 67.37430167597768
 44 69.38547486033519
 36 71.39664804469274
 42 73.40782122905028
 4 75.41899441340783
 9 77.43016759776538
 0 79.44134078212289
 1 81.45251396648047
 0 83.46368715083798
 3 85.47486033519556
 7 87.48603351955308
 7692 89.49720670391065
 6 91.50837988826817
 2 93.51955307262574
 0 95.53072625698326
 0 97.54189944134077
 4 99.55307262569835
 15 101.5642458100559
 26 103.5754189944134
 37 105.586592178771
 25 107.5977653631285
 111 109.608938547486
 122 111.6201117318436
 144 113.6312849162011
 1 115.6424581005587
 199 117.6536312849162
 168 119.6648044692737
 75 121.6759776536313
 183 123.6871508379888
 183 125.6983240223464
 83 127.7094972067039
 150 129.7206703910614
 194 131.731843575419
 2 133.7430167597765
 141 135.7541899441341
 158 137.7653631284916
 118 139.7765363128492
 128 141.7877094972067
 463 143.7988826815642
 117 145.8100558659218
 187 147.8212290502793
 52 149.8324022346369
 141 151.8435754189944
 68 153.854748603352
 473 155.8659217877095
 47 157.8770949720671
 134 159.8882681564246
 62 161.8994413407821
 50 163.9106145251397
 11 165.9217877094972
 118 167.9329608938548
 214 169.9441340782123
 319 171.9553072625699
 2 173.9664804469274
 133 175.9776536312849
 1 177.9888268156425
 0 180


