# Created by Octave 3.8.2, Sat Jun 20 19:02:54 2020 CEST <damian@fptrucha.inv.usc.es>
# name: hd
# type: matrix
# rows: 180
# columns: 2
 1 -180
 130 -177.9888268156425
 4 -175.9776536312849
 362 -173.9664804469274
 220 -171.9553072625698
 143 -169.9441340782123
 33 -167.9329608938548
 32 -165.9217877094972
 63 -163.9106145251397
 194 -161.8994413407821
 42 -159.8882681564246
 622 -157.877094972067
 58 -155.8659217877095
 112 -153.854748603352
 29 -151.8435754189944
 70 -149.8324022346369
 206 -147.8212290502793
 616 -145.8100558659218
 123 -143.7988826815642
 70 -141.7877094972067
 148 -139.7765363128491
 109 -137.7653631284916
 3 -135.7541899441341
 183 -133.7430167597765
 137 -131.731843575419
 81 -129.7206703910614
 172 -127.7094972067039
 233 -125.6983240223464
 96 -123.6871508379888
 188 -121.6759776536313
 156 -119.6648044692737
 7 -117.6536312849162
 88 -115.6424581005587
 118 -113.6312849162011
 118 -111.6201117318436
 15 -109.608938547486
 43 -107.5977653631285
 21 -105.5865921787709
 3 -103.5754189944134
 1 -101.5642458100559
 1 -99.55307262569832
 0 -97.54189944134077
 1 -95.53072625698323
 2 -93.5195530726257
 8043 -91.50837988826815
 16 -89.49720670391061
 4 -87.48603351955308
 0 -85.47486033519553
 1 -83.46368715083798
 0 -81.45251396648044
 6 -79.44134078212289
 4 -77.43016759776536
 49 -75.41899441340782
 23 -73.40782122905027
 61 -71.39664804469274
 117 -69.38547486033519
 77 -67.37430167597765
 106 -65.3631284916201
 42 -63.35195530726256
 280 -61.34078212290503
 123 -59.32960893854748
 198 -57.31843575418993
 102 -55.3072625698324
 75 -53.29608938547486
 210 -51.28491620111731
 53 -49.27374301675977
 100 -47.26256983240222
 3 -45.25139664804468
 276 -43.24022346368713
 2 -41.22905027932961
 148 -39.21787709497207
 309 -37.20670391061452
 425 -35.19553072625698
 112 -33.18435754189943
 69 -31.17318435754188
 137 -29.16201117318434
 6 -27.15083798882682
 48 -25.13966480446928
 616 -23.12849162011173
 142 -21.11731843575419
 54 -19.10614525139664
 10 -17.09497206703909
 28 -15.08379888268155
 167 -13.072625698324
 7 -11.06145251396646
 607 -9.050279329608941
 2 -7.039106145251395
 117 -5.02793296089385
 14 -3.016759776536304
 1 -1.005586592178759
 16 1.005586592178787
 124 3.016759776536333
 3 5.02793296089385
 551 7.039106145251395
 9 9.050279329608941
 130 11.06145251396649
 50 13.07262569832403
 7 15.08379888268158
 49 17.09497206703912
 114 19.10614525139667
 489 21.11731843575421
 44 23.12849162011173
 101 25.13966480446928
 97 27.15083798882682
 54 29.16201117318437
 242 31.17318435754191
 336 33.18435754189946
 254 35.195530726257
 175 37.20670391061452
 26 39.21787709497207
 300 41.22905027932961
 1 43.24022346368716
 117 45.2513966480447
 69 47.26256983240225
 200 49.27374301675979
 81 51.28491620111734
 208 53.29608938547489
 80 55.3072625698324
 133 57.31843575418995
 245 59.32960893854749
 59 61.34078212290504
 104 63.35195530726259
 86 65.36312849162013
 114 67.37430167597768
 47 69.38547486033519
 24 71.39664804469274
 38 73.40782122905028
 4 75.41899441340783
 9 77.43016759776538
 2 79.44134078212289
 0 81.45251396648047
 3 83.46368715083798
 2 85.47486033519556
 9 87.48603351955308
 7633 89.49720670391065
 6 91.50837988826817
 3 93.51955307262574
 0 95.53072625698326
 1 97.54189944134077
 1 99.55307262569835
 14 101.5642458100559
 17 103.5754189944134
 33 105.586592178771
 19 107.5977653631285
 109 109.608938547486
 111 111.6201117318436
 129 113.6312849162011
 1 115.6424581005587
 202 117.6536312849162
 162 119.6648044692737
 85 121.6759776536313
 185 123.6871508379888
 181 125.6983240223464
 77 127.7094972067039
 160 129.7206703910614
 150 131.731843575419
 0 133.7430167597765
 131 135.7541899441341
 166 137.7653631284916
 119 139.7765363128492
 124 141.7877094972067
 451 143.7988826815642
 105 145.8100558659218
 200 147.8212290502793
 40 149.8324022346369
 147 151.8435754189944
 43 153.854748603352
 452 155.8659217877095
 46 157.8770949720671
 119 159.8882681564246
 58 161.8994413407821
 40 163.9106145251397
 13 165.9217877094972
 113 167.9329608938548
 241 169.9441340782123
 354 171.9553072625699
 3 173.9664804469274
 149 175.9776536312849
 1 177.9888268156425
 0 180


