# Created by Octave 3.8.2, Sun Jun 21 01:56:59 2020 CEST <damian@fptrucha.inv.usc.es>
# name: hd
# type: matrix
# rows: 180
# columns: 2
 3 -180
 150 -177.9888268156425
 7 -175.9776536312849
 361 -173.9664804469274
 195 -171.9553072625698
 142 -169.9441340782123
 29 -167.9329608938548
 42 -165.9217877094972
 57 -163.9106145251397
 140 -161.8994413407821
 39 -159.8882681564246
 572 -157.877094972067
 48 -155.8659217877095
 128 -153.854748603352
 36 -151.8435754189944
 67 -149.8324022346369
 202 -147.8212290502793
 610 -145.8100558659218
 118 -143.7988826815642
 90 -141.7877094972067
 149 -139.7765363128491
 89 -137.7653631284916
 0 -135.7541899441341
 147 -133.7430167597765
 153 -131.731843575419
 80 -129.7206703910614
 168 -127.7094972067039
 218 -125.6983240223464
 97 -123.6871508379888
 206 -121.6759776536313
 209 -119.6648044692737
 3 -117.6536312849162
 91 -115.6424581005587
 98 -113.6312849162011
 127 -111.6201117318436
 16 -109.608938547486
 16 -107.5977653631285
 22 -105.5865921787709
 12 -103.5754189944134
 0 -101.5642458100559
 0 -99.55307262569832
 0 -97.54189944134077
 1 -95.53072625698323
 5 -93.5195530726257
 7761 -91.50837988826815
 14 -89.49720670391061
 5 -87.48603351955308
 0 -85.47486033519553
 1 -83.46368715083798
 6 -81.45251396648044
 4 -79.44134078212289
 3 -77.43016759776536
 49 -75.41899441340782
 20 -73.40782122905027
 42 -71.39664804469274
 98 -69.38547486033519
 63 -67.37430167597765
 100 -65.3631284916201
 41 -63.35195530726256
 263 -61.34078212290503
 147 -59.32960893854748
 219 -57.31843575418993
 98 -55.3072625698324
 83 -53.29608938547486
 193 -51.28491620111731
 51 -49.27374301675977
 110 -47.26256983240222
 0 -45.25139664804468
 266 -43.24022346368713
 0 -41.22905027932961
 153 -39.21787709497207
 302 -37.20670391061452
 460 -35.19553072625698
 91 -33.18435754189943
 52 -31.17318435754188
 139 -29.16201117318434
 8 -27.15083798882682
 53 -25.13966480446928
 616 -23.12849162011173
 145 -21.11731843575419
 44 -19.10614525139664
 9 -17.09497206703909
 46 -15.08379888268155
 133 -13.072625698324
 6 -11.06145251396646
 542 -9.050279329608941
 1 -7.039106145251395
 104 -5.02793296089385
 19 -3.016759776536304
 5 -1.005586592178759
 19 1.005586592178787
 124 3.016759776536333
 1 5.02793296089385
 500 7.039106145251395
 4 9.050279329608941
 116 11.06145251396649
 45 13.07262569832403
 10 15.08379888268158
 60 17.09497206703912
 103 19.10614525139667
 497 21.11731843575421
 72 23.12849162011173
 85 25.13966480446928
 107 27.15083798882682
 52 29.16201117318437
 201 31.17318435754191
 340 33.18435754189946
 206 35.195530726257
 154 37.20670391061452
 33 39.21787709497207
 265 41.22905027932961
 1 43.24022346368716
 120 45.2513966480447
 51 47.26256983240225
 214 49.27374301675979
 76 51.28491620111734
 167 53.29608938547489
 74 55.3072625698324
 129 57.31843575418995
 254 59.32960893854749
 56 61.34078212290504
 109 63.35195530726259
 79 65.36312849162013
 113 67.37430167597768
 35 69.38547486033519
 21 71.39664804469274
 43 73.40782122905028
 2 75.41899441340783
 6 77.43016759776538
 0 79.44134078212289
 1 81.45251396648047
 2 83.46368715083798
 4 85.47486033519556
 7 87.48603351955308
 7421 89.49720670391065
 3 91.50837988826817
 1 93.51955307262574
 1 95.53072625698326
 0 97.54189944134077
 1 99.55307262569835
 11 101.5642458100559
 19 103.5754189944134
 37 105.586592178771
 14 107.5977653631285
 99 109.608938547486
 91 111.6201117318436
 88 113.6312849162011
 3 115.6424581005587
 173 117.6536312849162
 154 119.6648044692737
 85 121.6759776536313
 169 123.6871508379888
 178 125.6983240223464
 78 127.7094972067039
 145 129.7206703910614
 176 131.731843575419
 2 133.7430167597765
 137 135.7541899441341
 168 137.7653631284916
 89 139.7765363128492
 149 141.7877094972067
 456 143.7988826815642
 119 145.8100558659218
 204 147.8212290502793
 43 149.8324022346369
 152 151.8435754189944
 51 153.854748603352
 430 155.8659217877095
 39 157.8770949720671
 109 159.8882681564246
 60 161.8994413407821
 51 163.9106145251397
 10 165.9217877094972
 135 167.9329608938548
 221 169.9441340782123
 301 171.9553072625699
 0 173.9664804469274
 159 175.9776536312849
 1 177.9888268156425
 0 180


