# Created by Octave 3.8.2, Mon Jun 22 09:10:59 2020 CEST <damian@fptrucha.inv.usc.es>
# name: hd
# type: matrix
# rows: 180
# columns: 2
 5 -180
 158 -177.9888268156425
 6 -175.9776536312849
 390 -173.9664804469274
 235 -171.9553072625698
 129 -169.9441340782123
 39 -167.9329608938548
 46 -165.9217877094972
 68 -163.9106145251397
 133 -161.8994413407821
 35 -159.8882681564246
 498 -157.877094972067
 70 -155.8659217877095
 141 -153.854748603352
 35 -151.8435754189944
 69 -149.8324022346369
 220 -147.8212290502793
 573 -145.8100558659218
 121 -143.7988826815642
 89 -141.7877094972067
 165 -139.7765363128491
 119 -137.7653631284916
 2 -135.7541899441341
 156 -133.7430167597765
 124 -131.731843575419
 77 -129.7206703910614
 176 -127.7094972067039
 207 -125.6983240223464
 86 -123.6871508379888
 184 -121.6759776536313
 212 -119.6648044692737
 10 -117.6536312849162
 117 -115.6424581005587
 105 -113.6312849162011
 107 -111.6201117318436
 21 -109.608938547486
 39 -107.5977653631285
 30 -105.5865921787709
 22 -103.5754189944134
 0 -101.5642458100559
 3 -99.55307262569832
 3 -97.54189944134077
 4 -95.53072625698323
 9 -93.5195530726257
 7685 -91.50837988826815
 15 -89.49720670391061
 4 -87.48603351955308
 2 -85.47486033519553
 0 -83.46368715083798
 2 -81.45251396648044
 10 -79.44134078212289
 7 -77.43016759776536
 44 -75.41899441340782
 30 -73.40782122905027
 48 -71.39664804469274
 120 -69.38547486033519
 80 -67.37430167597765
 126 -65.3631284916201
 68 -63.35195530726256
 203 -61.34078212290503
 127 -59.32960893854748
 207 -57.31843575418993
 88 -55.3072625698324
 82 -53.29608938547486
 233 -51.28491620111731
 61 -49.27374301675977
 108 -47.26256983240222
 4 -45.25139664804468
 266 -43.24022346368713
 8 -41.22905027932961
 167 -39.21787709497207
 260 -37.20670391061452
 409 -35.19553072625698
 134 -33.18435754189943
 69 -31.17318435754188
 144 -29.16201117318434
 10 -27.15083798882682
 48 -25.13966480446928
 529 -23.12849162011173
 117 -21.11731843575419
 61 -19.10614525139664
 10 -17.09497206703909
 41 -15.08379888268155
 142 -13.072625698324
 8 -11.06145251396646
 521 -9.050279329608941
 3 -7.039106145251395
 134 -5.02793296089385
 14 -3.016759776536304
 5 -1.005586592178759
 22 1.005586592178787
 126 3.016759776536333
 4 5.02793296089385
 517 7.039106145251395
 8 9.050279329608941
 154 11.06145251396649
 33 13.07262569832403
 12 15.08379888268158
 55 17.09497206703912
 114 19.10614525139667
 513 21.11731843575421
 67 23.12849162011173
 80 25.13966480446928
 103 27.15083798882682
 71 29.16201117318437
 192 31.17318435754191
 321 33.18435754189946
 244 35.195530726257
 133 37.20670391061452
 29 39.21787709497207
 276 41.22905027932961
 0 43.24022346368716
 115 45.2513966480447
 56 47.26256983240225
 218 49.27374301675979
 84 51.28491620111734
 223 53.29608938547489
 61 55.3072625698324
 132 57.31843575418995
 231 59.32960893854749
 49 61.34078212290504
 116 63.35195530726259
 77 65.36312849162013
 116 67.37430167597768
 45 69.38547486033519
 22 71.39664804469274
 49 73.40782122905028
 7 75.41899441340783
 10 77.43016759776538
 4 79.44134078212289
 0 81.45251396648047
 0 83.46368715083798
 3 85.47486033519556
 14 87.48603351955308
 7447 89.49720670391065
 5 91.50837988826817
 2 93.51955307262574
 0 95.53072625698326
 0 97.54189944134077
 1 99.55307262569835
 15 101.5642458100559
 31 103.5754189944134
 40 105.586592178771
 13 107.5977653631285
 112 109.608938547486
 117 111.6201117318436
 138 113.6312849162011
 2 115.6424581005587
 195 117.6536312849162
 170 119.6648044692737
 98 121.6759776536313
 164 123.6871508379888
 156 125.6983240223464
 97 127.7094972067039
 140 129.7206703910614
 155 131.731843575419
 1 133.7430167597765
 127 135.7541899441341
 174 137.7653631284916
 99 139.7765363128492
 119 141.7877094972067
 436 143.7988826815642
 110 145.8100558659218
 190 147.8212290502793
 51 149.8324022346369
 130 151.8435754189944
 55 153.854748603352
 517 155.8659217877095
 49 157.8770949720671
 134 159.8882681564246
 59 161.8994413407821
 44 163.9106145251397
 17 165.9217877094972
 140 167.9329608938548
 246 169.9441340782123
 334 171.9553072625699
 5 173.9664804469274
 161 175.9776536312849
 4 177.9888268156425
 0 180


