# Created by Octave 3.8.2, Sat Jun 20 23:52:10 2020 CEST <damian@fptrucha.inv.usc.es>
# name: hd
# type: matrix
# rows: 180
# columns: 2
 2 -180
 159 -177.9888268156425
 1 -175.9776536312849
 342 -173.9664804469274
 225 -171.9553072625698
 145 -169.9441340782123
 28 -167.9329608938548
 37 -165.9217877094972
 47 -163.9106145251397
 148 -161.8994413407821
 42 -159.8882681564246
 649 -157.877094972067
 56 -155.8659217877095
 116 -153.854748603352
 36 -151.8435754189944
 59 -149.8324022346369
 199 -147.8212290502793
 594 -145.8100558659218
 103 -143.7988826815642
 101 -141.7877094972067
 156 -139.7765363128491
 109 -137.7653631284916
 2 -135.7541899441341
 136 -133.7430167597765
 134 -131.731843575419
 69 -129.7206703910614
 162 -127.7094972067039
 207 -125.6983240223464
 106 -123.6871508379888
 180 -121.6759776536313
 175 -119.6648044692737
 3 -117.6536312849162
 97 -115.6424581005587
 95 -113.6312849162011
 121 -111.6201117318436
 7 -109.608938547486
 28 -107.5977653631285
 16 -105.5865921787709
 10 -103.5754189944134
 1 -101.5642458100559
 0 -99.55307262569832
 1 -97.54189944134077
 0 -95.53072625698323
 2 -93.5195530726257
 7834 -91.50837988826815
 10 -89.49720670391061
 3 -87.48603351955308
 1 -85.47486033519553
 0 -83.46368715083798
 1 -81.45251396648044
 6 -79.44134078212289
 6 -77.43016759776536
 33 -75.41899441340782
 32 -73.40782122905027
 53 -71.39664804469274
 117 -69.38547486033519
 55 -67.37430167597765
 90 -65.3631284916201
 50 -63.35195530726256
 286 -61.34078212290503
 126 -59.32960893854748
 238 -57.31843575418993
 102 -55.3072625698324
 78 -53.29608938547486
 234 -51.28491620111731
 55 -49.27374301675977
 101 -47.26256983240222
 0 -45.25139664804468
 246 -43.24022346368713
 0 -41.22905027932961
 134 -39.21787709497207
 296 -37.20670391061452
 454 -35.19553072625698
 116 -33.18435754189943
 57 -31.17318435754188
 144 -29.16201117318434
 9 -27.15083798882682
 53 -25.13966480446928
 634 -23.12849162011173
 157 -21.11731843575419
 46 -19.10614525139664
 8 -17.09497206703909
 39 -15.08379888268155
 159 -13.072625698324
 7 -11.06145251396646
 580 -9.050279329608941
 3 -7.039106145251395
 133 -5.02793296089385
 28 -3.016759776536304
 0 -1.005586592178759
 22 1.005586592178787
 132 3.016759776536333
 3 5.02793296089385
 496 7.039106145251395
 5 9.050279329608941
 128 11.06145251396649
 45 13.07262569832403
 7 15.08379888268158
 58 17.09497206703912
 97 19.10614525139667
 549 21.11731843575421
 47 23.12849162011173
 83 25.13966480446928
 116 27.15083798882682
 57 29.16201117318437
 213 31.17318435754191
 277 33.18435754189946
 242 35.195530726257
 159 37.20670391061452
 33 39.21787709497207
 301 41.22905027932961
 2 43.24022346368716
 112 45.2513966480447
 53 47.26256983240225
 204 49.27374301675979
 77 51.28491620111734
 185 53.29608938547489
 74 55.3072625698324
 130 57.31843575418995
 261 59.32960893854749
 70 61.34078212290504
 145 63.35195530726259
 58 65.36312849162013
 99 67.37430167597768
 48 69.38547486033519
 36 71.39664804469274
 44 73.40782122905028
 6 75.41899441340783
 10 77.43016759776538
 4 79.44134078212289
 3 81.45251396648047
 0 83.46368715083798
 6 85.47486033519556
 8 87.48603351955308
 7675 89.49720670391065
 10 91.50837988826817
 1 93.51955307262574
 1 95.53072625698326
 0 97.54189944134077
 1 99.55307262569835
 9 101.5642458100559
 19 103.5754189944134
 36 105.586592178771
 27 107.5977653631285
 106 109.608938547486
 107 111.6201117318436
 110 113.6312849162011
 1 115.6424581005587
 181 117.6536312849162
 157 119.6648044692737
 80 121.6759776536313
 181 123.6871508379888
 192 125.6983240223464
 77 127.7094972067039
 156 129.7206703910614
 164 131.731843575419
 4 133.7430167597765
 100 135.7541899441341
 164 137.7653631284916
 102 139.7765363128492
 160 141.7877094972067
 482 143.7988826815642
 112 145.8100558659218
 198 147.8212290502793
 41 149.8324022346369
 136 151.8435754189944
 65 153.854748603352
 455 155.8659217877095
 63 157.8770949720671
 117 159.8882681564246
 64 161.8994413407821
 40 163.9106145251397
 14 165.9217877094972
 101 167.9329608938548
 191 169.9441340782123
 339 171.9553072625699
 2 173.9664804469274
 141 175.9776536312849
 2 177.9888268156425
 0 180


