# Created by Octave 3.8.2, Mon Jun 22 12:48:02 2020 CEST <damian@fptrucha.inv.usc.es>
# name: hd
# type: matrix
# rows: 180
# columns: 2
 7 -180
 209 -177.9888268156425
 4 -175.9776536312849
 357 -173.9664804469274
 235 -171.9553072625698
 171 -169.9441340782123
 32 -167.9329608938548
 35 -165.9217877094972
 85 -163.9106145251397
 152 -161.8994413407821
 45 -159.8882681564246
 573 -157.877094972067
 62 -155.8659217877095
 129 -153.854748603352
 37 -151.8435754189944
 94 -149.8324022346369
 241 -147.8212290502793
 618 -145.8100558659218
 128 -143.7988826815642
 98 -141.7877094972067
 164 -139.7765363128491
 117 -137.7653631284916
 2 -135.7541899441341
 165 -133.7430167597765
 191 -131.731843575419
 67 -129.7206703910614
 185 -127.7094972067039
 214 -125.6983240223464
 86 -123.6871508379888
 187 -121.6759776536313
 192 -119.6648044692737
 5 -117.6536312849162
 127 -115.6424581005587
 148 -113.6312849162011
 148 -111.6201117318436
 16 -109.608938547486
 46 -107.5977653631285
 29 -105.5865921787709
 9 -103.5754189944134
 2 -101.5642458100559
 1 -99.55307262569832
 3 -97.54189944134077
 4 -95.53072625698323
 7 -93.5195530726257
 8037 -91.50837988826815
 24 -89.49720670391061
 5 -87.48603351955308
 1 -85.47486033519553
 0 -83.46368715083798
 2 -81.45251396648044
 5 -79.44134078212289
 12 -77.43016759776536
 43 -75.41899441340782
 27 -73.40782122905027
 41 -71.39664804469274
 103 -69.38547486033519
 71 -67.37430167597765
 124 -65.3631284916201
 70 -63.35195530726256
 257 -61.34078212290503
 140 -59.32960893854748
 202 -57.31843575418993
 105 -55.3072625698324
 85 -53.29608938547486
 242 -51.28491620111731
 53 -49.27374301675977
 115 -47.26256983240222
 1 -45.25139664804468
 305 -43.24022346368713
 3 -41.22905027932961
 171 -39.21787709497207
 280 -37.20670391061452
 428 -35.19553072625698
 110 -33.18435754189943
 62 -31.17318435754188
 143 -29.16201117318434
 15 -27.15083798882682
 63 -25.13966480446928
 619 -23.12849162011173
 143 -21.11731843575419
 51 -19.10614525139664
 10 -17.09497206703909
 47 -15.08379888268155
 164 -13.072625698324
 6 -11.06145251396646
 564 -9.050279329608941
 4 -7.039106145251395
 128 -5.02793296089385
 26 -3.016759776536304
 5 -1.005586592178759
 19 1.005586592178787
 122 3.016759776536333
 3 5.02793296089385
 542 7.039106145251395
 10 9.050279329608941
 141 11.06145251396649
 41 13.07262569832403
 12 15.08379888268158
 50 17.09497206703912
 125 19.10614525139667
 539 21.11731843575421
 59 23.12849162011173
 95 25.13966480446928
 96 27.15083798882682
 68 29.16201117318437
 171 31.17318435754191
 346 33.18435754189946
 251 35.195530726257
 161 37.20670391061452
 49 39.21787709497207
 289 41.22905027932961
 1 43.24022346368716
 123 45.2513966480447
 43 47.26256983240225
 225 49.27374301675979
 93 51.28491620111734
 205 53.29608938547489
 61 55.3072625698324
 138 57.31843575418995
 252 59.32960893854749
 70 61.34078212290504
 107 63.35195530726259
 72 65.36312849162013
 123 67.37430167597768
 47 69.38547486033519
 30 71.39664804469274
 51 73.40782122905028
 7 75.41899441340783
 8 77.43016759776538
 1 79.44134078212289
 1 81.45251396648047
 1 83.46368715083798
 5 85.47486033519556
 14 87.48603351955308
 7626 89.49720670391065
 17 91.50837988826817
 6 93.51955307262574
 1 95.53072625698326
 1 97.54189944134077
 5 99.55307262569835
 15 101.5642458100559
 27 103.5754189944134
 33 105.586592178771
 23 107.5977653631285
 114 109.608938547486
 120 111.6201117318436
 119 113.6312849162011
 4 115.6424581005587
 201 117.6536312849162
 208 119.6648044692737
 89 121.6759776536313
 171 123.6871508379888
 159 125.6983240223464
 101 127.7094972067039
 159 129.7206703910614
 201 131.731843575419
 7 133.7430167597765
 116 135.7541899441341
 152 137.7653631284916
 125 139.7765363128492
 141 141.7877094972067
 514 143.7988826815642
 132 145.8100558659218
 191 147.8212290502793
 50 149.8324022346369
 143 151.8435754189944
 70 153.854748603352
 536 155.8659217877095
 63 157.8770949720671
 134 159.8882681564246
 68 161.8994413407821
 55 163.9106145251397
 22 165.9217877094972
 153 167.9329608938548
 247 169.9441340782123
 354 171.9553072625699
 2 173.9664804469274
 152 175.9776536312849
 3 177.9888268156425
 0 180


