# Created by Octave 3.8.2, Sat Jun 20 04:46:40 2020 CEST <damian@fptrucha.inv.usc.es>
# name: hd
# type: matrix
# rows: 180
# columns: 2
 2 -180
 165 -177.9888268156425
 2 -175.9776536312849
 414 -173.9664804469274
 226 -171.9553072625698
 173 -169.9441340782123
 35 -167.9329608938548
 40 -165.9217877094972
 62 -163.9106145251397
 151 -161.8994413407821
 36 -159.8882681564246
 626 -157.877094972067
 63 -155.8659217877095
 142 -153.854748603352
 45 -151.8435754189944
 75 -149.8324022346369
 218 -147.8212290502793
 705 -145.8100558659218
 150 -143.7988826815642
 102 -141.7877094972067
 196 -139.7765363128491
 111 -137.7653631284916
 3 -135.7541899441341
 171 -133.7430167597765
 170 -131.731843575419
 86 -129.7206703910614
 204 -127.7094972067039
 249 -125.6983240223464
 108 -123.6871508379888
 213 -121.6759776536313
 210 -119.6648044692737
 6 -117.6536312849162
 126 -115.6424581005587
 140 -113.6312849162011
 131 -111.6201117318436
 16 -109.608938547486
 41 -107.5977653631285
 26 -105.5865921787709
 14 -103.5754189944134
 3 -101.5642458100559
 1 -99.55307262569832
 1 -97.54189944134077
 2 -95.53072625698323
 5 -93.5195530726257
 9141 -91.50837988826815
 15 -89.49720670391061
 5 -87.48603351955308
 0 -85.47486033519553
 1 -83.46368715083798
 1 -81.45251396648044
 7 -79.44134078212289
 7 -77.43016759776536
 42 -75.41899441340782
 31 -73.40782122905027
 35 -71.39664804469274
 132 -69.38547486033519
 81 -67.37430167597765
 127 -65.3631284916201
 48 -63.35195530726256
 274 -61.34078212290503
 177 -59.32960893854748
 244 -57.31843575418993
 108 -55.3072625698324
 96 -53.29608938547486
 228 -51.28491620111731
 60 -49.27374301675977
 121 -47.26256983240222
 3 -45.25139664804468
 288 -43.24022346368713
 3 -41.22905027932961
 178 -39.21787709497207
 322 -37.20670391061452
 483 -35.19553072625698
 127 -33.18435754189943
 61 -31.17318435754188
 171 -29.16201117318434
 12 -27.15083798882682
 56 -25.13966480446928
 705 -23.12849162011173
 134 -21.11731843575419
 48 -19.10614525139664
 11 -17.09497206703909
 36 -15.08379888268155
 165 -13.072625698324
 9 -11.06145251396646
 607 -9.050279329608941
 3 -7.039106145251395
 118 -5.02793296089385
 21 -3.016759776536304
 3 -1.005586592178759
 24 1.005586592178787
 125 3.016759776536333
 2 5.02793296089385
 561 7.039106145251395
 14 9.050279329608941
 143 11.06145251396649
 46 13.07262569832403
 11 15.08379888268158
 53 17.09497206703912
 124 19.10614525139667
 554 21.11731843575421
 63 23.12849162011173
 99 25.13966480446928
 110 27.15083798882682
 63 29.16201117318437
 223 31.17318435754191
 328 33.18435754189946
 270 35.195530726257
 166 37.20670391061452
 27 39.21787709497207
 345 41.22905027932961
 0 43.24022346368716
 124 45.2513966480447
 60 47.26256983240225
 235 49.27374301675979
 72 51.28491620111734
 194 53.29608938547489
 102 55.3072625698324
 135 57.31843575418995
 272 59.32960893854749
 57 61.34078212290504
 132 63.35195530726259
 100 65.36312849162013
 123 67.37430167597768
 49 69.38547486033519
 24 71.39664804469274
 45 73.40782122905028
 3 75.41899441340783
 7 77.43016759776538
 1 79.44134078212289
 0 81.45251396648047
 0 83.46368715083798
 4 85.47486033519556
 7 87.48603351955308
 8219 89.49720670391065
 7 91.50837988826817
 1 93.51955307262574
 1 95.53072625698326
 0 97.54189944134077
 2 99.55307262569835
 16 101.5642458100559
 28 103.5754189944134
 28 105.586592178771
 23 107.5977653631285
 127 109.608938547486
 129 111.6201117318436
 142 113.6312849162011
 5 115.6424581005587
 211 117.6536312849162
 164 119.6648044692737
 97 121.6759776536313
 194 123.6871508379888
 217 125.6983240223464
 96 127.7094972067039
 181 129.7206703910614
 174 131.731843575419
 1 133.7430167597765
 124 135.7541899441341
 205 137.7653631284916
 99 139.7765363128492
 145 141.7877094972067
 531 143.7988826815642
 126 145.8100558659218
 216 147.8212290502793
 42 149.8324022346369
 150 151.8435754189944
 61 153.854748603352
 557 155.8659217877095
 45 157.8770949720671
 133 159.8882681564246
 74 161.8994413407821
 68 163.9106145251397
 16 165.9217877094972
 146 167.9329608938548
 254 169.9441340782123
 361 171.9553072625699
 1 173.9664804469274
 159 175.9776536312849
 3 177.9888268156425
 0 180


