# Created by Octave 3.8.2, Tue Jun 23 00:37:49 2020 CEST <damian@fptrucha.inv.usc.es>
# name: hd
# type: matrix
# rows: 180
# columns: 2
 5 -180
 204 -177.9888268156425
 4 -175.9776536312849
 359 -173.9664804469274
 214 -171.9553072625698
 178 -169.9441340782123
 38 -167.9329608938548
 28 -165.9217877094972
 61 -163.9106145251397
 149 -161.8994413407821
 45 -159.8882681564246
 600 -157.877094972067
 58 -155.8659217877095
 157 -153.854748603352
 34 -151.8435754189944
 79 -149.8324022346369
 234 -147.8212290502793
 670 -145.8100558659218
 160 -143.7988826815642
 120 -141.7877094972067
 194 -139.7765363128491
 122 -137.7653631284916
 1 -135.7541899441341
 173 -133.7430167597765
 196 -131.731843575419
 85 -129.7206703910614
 212 -127.7094972067039
 237 -125.6983240223464
 114 -123.6871508379888
 206 -121.6759776536313
 216 -119.6648044692737
 6 -117.6536312849162
 117 -115.6424581005587
 117 -113.6312849162011
 152 -111.6201117318436
 21 -109.608938547486
 38 -107.5977653631285
 34 -105.5865921787709
 13 -103.5754189944134
 3 -101.5642458100559
 0 -99.55307262569832
 1 -97.54189944134077
 1 -95.53072625698323
 7 -93.5195530726257
 8728 -91.50837988826815
 13 -89.49720670391061
 4 -87.48603351955308
 1 -85.47486033519553
 1 -83.46368715083798
 1 -81.45251396648044
 8 -79.44134078212289
 19 -77.43016759776536
 60 -75.41899441340782
 30 -73.40782122905027
 60 -71.39664804469274
 130 -69.38547486033519
 76 -67.37430167597765
 118 -65.3631284916201
 60 -63.35195530726256
 313 -61.34078212290503
 146 -59.32960893854748
 226 -57.31843575418993
 105 -55.3072625698324
 80 -53.29608938547486
 239 -51.28491620111731
 50 -49.27374301675977
 136 -47.26256983240222
 0 -45.25139664804468
 349 -43.24022346368713
 3 -41.22905027932961
 178 -39.21787709497207
 335 -37.20670391061452
 457 -35.19553072625698
 126 -33.18435754189943
 62 -31.17318435754188
 184 -29.16201117318434
 12 -27.15083798882682
 65 -25.13966480446928
 640 -23.12849162011173
 145 -21.11731843575419
 64 -19.10614525139664
 8 -17.09497206703909
 35 -15.08379888268155
 171 -13.072625698324
 5 -11.06145251396646
 566 -9.050279329608941
 4 -7.039106145251395
 131 -5.02793296089385
 17 -3.016759776536304
 3 -1.005586592178759
 28 1.005586592178787
 135 3.016759776536333
 3 5.02793296089385
 567 7.039106145251395
 7 9.050279329608941
 152 11.06145251396649
 51 13.07262569832403
 14 15.08379888268158
 63 17.09497206703912
 139 19.10614525139667
 562 21.11731843575421
 53 23.12849162011173
 88 25.13966480446928
 99 27.15083798882682
 60 29.16201117318437
 209 31.17318435754191
 341 33.18435754189946
 254 35.195530726257
 157 37.20670391061452
 54 39.21787709497207
 320 41.22905027932961
 2 43.24022346368716
 111 45.2513966480447
 60 47.26256983240225
 232 49.27374301675979
 80 51.28491620111734
 202 53.29608938547489
 102 55.3072625698324
 145 57.31843575418995
 281 59.32960893854749
 57 61.34078212290504
 125 63.35195530726259
 69 65.36312849162013
 108 67.37430167597768
 51 69.38547486033519
 32 71.39664804469274
 52 73.40782122905028
 7 75.41899441340783
 11 77.43016759776538
 3 79.44134078212289
 0 81.45251396648047
 0 83.46368715083798
 5 85.47486033519556
 19 87.48603351955308
 7934 89.49720670391065
 9 91.50837988826817
 4 93.51955307262574
 0 95.53072625698326
 1 97.54189944134077
 5 99.55307262569835
 14 101.5642458100559
 15 103.5754189944134
 38 105.586592178771
 20 107.5977653631285
 121 109.608938547486
 119 111.6201117318436
 108 113.6312849162011
 5 115.6424581005587
 220 117.6536312849162
 199 119.6648044692737
 93 121.6759776536313
 181 123.6871508379888
 183 125.6983240223464
 92 127.7094972067039
 150 129.7206703910614
 218 131.731843575419
 4 133.7430167597765
 159 135.7541899441341
 179 137.7653631284916
 108 139.7765363128492
 144 141.7877094972067
 534 143.7988826815642
 123 145.8100558659218
 198 147.8212290502793
 59 149.8324022346369
 162 151.8435754189944
 64 153.854748603352
 546 155.8659217877095
 54 157.8770949720671
 135 159.8882681564246
 76 161.8994413407821
 53 163.9106145251397
 24 165.9217877094972
 146 167.9329608938548
 224 169.9441340782123
 373 171.9553072625699
 4 173.9664804469274
 188 175.9776536312849
 7 177.9888268156425
 0 180


