# Created by Octave 3.8.2, Mon Jun 22 12:25:19 2020 CEST <damian@fptrucha.inv.usc.es>
# name: hd
# type: matrix
# rows: 180
# columns: 2
 5 -180
 156 -177.9888268156425
 6 -175.9776536312849
 365 -173.9664804469274
 236 -171.9553072625698
 150 -169.9441340782123
 37 -167.9329608938548
 48 -165.9217877094972
 71 -163.9106145251397
 145 -161.8994413407821
 43 -159.8882681564246
 574 -157.877094972067
 78 -155.8659217877095
 132 -153.854748603352
 51 -151.8435754189944
 80 -149.8324022346369
 244 -147.8212290502793
 525 -145.8100558659218
 106 -143.7988826815642
 98 -141.7877094972067
 170 -139.7765363128491
 130 -137.7653631284916
 5 -135.7541899441341
 176 -133.7430167597765
 173 -131.731843575419
 73 -129.7206703910614
 159 -127.7094972067039
 194 -125.6983240223464
 95 -123.6871508379888
 156 -121.6759776536313
 203 -119.6648044692737
 4 -117.6536312849162
 110 -115.6424581005587
 105 -113.6312849162011
 131 -111.6201117318436
 22 -109.608938547486
 39 -107.5977653631285
 22 -105.5865921787709
 16 -103.5754189944134
 3 -101.5642458100559
 0 -99.55307262569832
 0 -97.54189944134077
 2 -95.53072625698323
 13 -93.5195530726257
 7943 -91.50837988826815
 12 -89.49720670391061
 2 -87.48603351955308
 0 -85.47486033519553
 2 -83.46368715083798
 2 -81.45251396648044
 4 -79.44134078212289
 8 -77.43016759776536
 57 -75.41899441340782
 25 -73.40782122905027
 65 -71.39664804469274
 97 -69.38547486033519
 87 -67.37430167597765
 121 -65.3631284916201
 59 -63.35195530726256
 251 -61.34078212290503
 119 -59.32960893854748
 210 -57.31843575418993
 105 -55.3072625698324
 65 -53.29608938547486
 254 -51.28491620111731
 57 -49.27374301675977
 104 -47.26256983240222
 6 -45.25139664804468
 275 -43.24022346368713
 1 -41.22905027932961
 156 -39.21787709497207
 281 -37.20670391061452
 443 -35.19553072625698
 126 -33.18435754189943
 48 -31.17318435754188
 162 -29.16201117318434
 9 -27.15083798882682
 66 -25.13966480446928
 592 -23.12849162011173
 112 -21.11731843575419
 64 -19.10614525139664
 15 -17.09497206703909
 38 -15.08379888268155
 158 -13.072625698324
 10 -11.06145251396646
 527 -9.050279329608941
 2 -7.039106145251395
 117 -5.02793296089385
 21 -3.016759776536304
 3 -1.005586592178759
 16 1.005586592178787
 130 3.016759776536333
 9 5.02793296089385
 550 7.039106145251395
 11 9.050279329608941
 168 11.06145251396649
 54 13.07262569832403
 12 15.08379888268158
 61 17.09497206703912
 123 19.10614525139667
 531 21.11731843575421
 58 23.12849162011173
 84 25.13966480446928
 89 27.15083798882682
 73 29.16201117318437
 187 31.17318435754191
 323 33.18435754189946
 268 35.195530726257
 142 37.20670391061452
 50 39.21787709497207
 271 41.22905027932961
 3 43.24022346368716
 125 45.2513966480447
 59 47.26256983240225
 238 49.27374301675979
 96 51.28491620111734
 202 53.29608938547489
 77 55.3072625698324
 157 57.31843575418995
 270 59.32960893854749
 66 61.34078212290504
 128 63.35195530726259
 70 65.36312849162013
 112 67.37430167597768
 61 69.38547486033519
 29 71.39664804469274
 46 73.40782122905028
 15 75.41899441340783
 10 77.43016759776538
 1 79.44134078212289
 1 81.45251396648047
 0 83.46368715083798
 4 85.47486033519556
 15 87.48603351955308
 7722 89.49720670391065
 9 91.50837988826817
 11 93.51955307262574
 1 95.53072625698326
 1 97.54189944134077
 1 99.55307262569835
 21 101.5642458100559
 21 103.5754189944134
 45 105.586592178771
 28 107.5977653631285
 123 109.608938547486
 113 111.6201117318436
 136 113.6312849162011
 3 115.6424581005587
 237 117.6536312849162
 185 119.6648044692737
 102 121.6759776536313
 206 123.6871508379888
 192 125.6983240223464
 76 127.7094972067039
 197 129.7206703910614
 195 131.731843575419
 3 133.7430167597765
 119 135.7541899441341
 171 137.7653631284916
 111 139.7765363128492
 128 141.7877094972067
 544 143.7988826815642
 106 145.8100558659218
 197 147.8212290502793
 45 149.8324022346369
 129 151.8435754189944
 78 153.854748603352
 535 155.8659217877095
 48 157.8770949720671
 137 159.8882681564246
 72 161.8994413407821
 37 163.9106145251397
 23 165.9217877094972
 127 167.9329608938548
 217 169.9441340782123
 326 171.9553072625699
 7 173.9664804469274
 150 175.9776536312849
 2 177.9888268156425
 0 180


