# Created by Octave 3.8.2, Mon Jun 22 19:54:20 2020 CEST <damian@fptrucha.inv.usc.es>
# name: hd
# type: matrix
# rows: 180
# columns: 2
 2 -180
 176 -177.9888268156425
 3 -175.9776536312849
 379 -173.9664804469274
 243 -171.9553072625698
 168 -169.9441340782123
 36 -167.9329608938548
 44 -165.9217877094972
 72 -163.9106145251397
 145 -161.8994413407821
 53 -159.8882681564246
 531 -157.877094972067
 82 -155.8659217877095
 148 -153.854748603352
 45 -151.8435754189944
 78 -149.8324022346369
 234 -147.8212290502793
 630 -145.8100558659218
 145 -143.7988826815642
 92 -141.7877094972067
 200 -139.7765363128491
 127 -137.7653631284916
 2 -135.7541899441341
 186 -133.7430167597765
 178 -131.731843575419
 91 -129.7206703910614
 175 -127.7094972067039
 249 -125.6983240223464
 114 -123.6871508379888
 184 -121.6759776536313
 211 -119.6648044692737
 6 -117.6536312849162
 117 -115.6424581005587
 165 -113.6312849162011
 123 -111.6201117318436
 24 -109.608938547486
 44 -107.5977653631285
 23 -105.5865921787709
 10 -103.5754189944134
 1 -101.5642458100559
 2 -99.55307262569832
 1 -97.54189944134077
 5 -95.53072625698323
 11 -93.5195530726257
 8634 -91.50837988826815
 9 -89.49720670391061
 8 -87.48603351955308
 1 -85.47486033519553
 1 -83.46368715083798
 2 -81.45251396648044
 5 -79.44134078212289
 10 -77.43016759776536
 45 -75.41899441340782
 32 -73.40782122905027
 48 -71.39664804469274
 120 -69.38547486033519
 95 -67.37430167597765
 125 -65.3631284916201
 59 -63.35195530726256
 272 -61.34078212290503
 154 -59.32960893854748
 226 -57.31843575418993
 96 -55.3072625698324
 85 -53.29608938547486
 250 -51.28491620111731
 57 -49.27374301675977
 131 -47.26256983240222
 1 -45.25139664804468
 321 -43.24022346368713
 3 -41.22905027932961
 168 -39.21787709497207
 307 -37.20670391061452
 483 -35.19553072625698
 116 -33.18435754189943
 73 -31.17318435754188
 166 -29.16201117318434
 9 -27.15083798882682
 70 -25.13966480446928
 620 -23.12849162011173
 146 -21.11731843575419
 50 -19.10614525139664
 9 -17.09497206703909
 49 -15.08379888268155
 178 -13.072625698324
 12 -11.06145251396646
 610 -9.050279329608941
 5 -7.039106145251395
 147 -5.02793296089385
 18 -3.016759776536304
 3 -1.005586592178759
 25 1.005586592178787
 130 3.016759776536333
 5 5.02793296089385
 566 7.039106145251395
 8 9.050279329608941
 163 11.06145251396649
 49 13.07262569832403
 14 15.08379888268158
 55 17.09497206703912
 148 19.10614525139667
 575 21.11731843575421
 44 23.12849162011173
 87 25.13966480446928
 91 27.15083798882682
 75 29.16201117318437
 200 31.17318435754191
 293 33.18435754189946
 265 35.195530726257
 145 37.20670391061452
 32 39.21787709497207
 295 41.22905027932961
 2 43.24022346368716
 132 45.2513966480447
 57 47.26256983240225
 231 49.27374301675979
 89 51.28491620111734
 203 53.29608938547489
 73 55.3072625698324
 139 57.31843575418995
 280 59.32960893854749
 50 61.34078212290504
 113 63.35195530726259
 81 65.36312849162013
 144 67.37430167597768
 53 69.38547486033519
 31 71.39664804469274
 51 73.40782122905028
 8 75.41899441340783
 17 77.43016759776538
 1 79.44134078212289
 1 81.45251396648047
 4 83.46368715083798
 7 85.47486033519556
 17 87.48603351955308
 7726 89.49720670391065
 4 91.50837988826817
 4 93.51955307262574
 0 95.53072625698326
 1 97.54189944134077
 3 99.55307262569835
 12 101.5642458100559
 30 103.5754189944134
 43 105.586592178771
 24 107.5977653631285
 134 109.608938547486
 113 111.6201117318436
 137 113.6312849162011
 6 115.6424581005587
 183 117.6536312849162
 155 119.6648044692737
 100 121.6759776536313
 169 123.6871508379888
 208 125.6983240223464
 82 127.7094972067039
 170 129.7206703910614
 186 131.731843575419
 2 133.7430167597765
 109 135.7541899441341
 178 137.7653631284916
 120 139.7765363128492
 128 141.7877094972067
 516 143.7988826815642
 136 145.8100558659218
 214 147.8212290502793
 49 149.8324022346369
 145 151.8435754189944
 76 153.854748603352
 479 155.8659217877095
 66 157.8770949720671
 166 159.8882681564246
 66 161.8994413407821
 43 163.9106145251397
 22 165.9217877094972
 154 167.9329608938548
 202 169.9441340782123
 382 171.9553072625699
 2 173.9664804469274
 169 175.9776536312849
 3 177.9888268156425
 0 180


