# Created by Octave 3.8.2, Sat Jun 20 18:39:53 2020 CEST <damian@fptrucha.inv.usc.es>
# name: hd
# type: matrix
# rows: 180
# columns: 2
 3 -180
 155 -177.9888268156425
 1 -175.9776536312849
 380 -173.9664804469274
 219 -171.9553072625698
 148 -169.9441340782123
 22 -167.9329608938548
 30 -165.9217877094972
 68 -163.9106145251397
 151 -161.8994413407821
 37 -159.8882681564246
 633 -157.877094972067
 63 -155.8659217877095
 112 -153.854748603352
 45 -151.8435754189944
 61 -149.8324022346369
 215 -147.8212290502793
 587 -145.8100558659218
 112 -143.7988826815642
 87 -141.7877094972067
 157 -139.7765363128491
 98 -137.7653631284916
 6 -135.7541899441341
 152 -133.7430167597765
 147 -131.731843575419
 86 -129.7206703910614
 175 -127.7094972067039
 217 -125.6983240223464
 85 -123.6871508379888
 187 -121.6759776536313
 207 -119.6648044692737
 2 -117.6536312849162
 91 -115.6424581005587
 101 -113.6312849162011
 108 -111.6201117318436
 19 -109.608938547486
 18 -107.5977653631285
 21 -105.5865921787709
 6 -103.5754189944134
 2 -101.5642458100559
 0 -99.55307262569832
 0 -97.54189944134077
 1 -95.53072625698323
 4 -93.5195530726257
 8079 -91.50837988826815
 10 -89.49720670391061
 5 -87.48603351955308
 0 -85.47486033519553
 0 -83.46368715083798
 1 -81.45251396648044
 5 -79.44134078212289
 2 -77.43016759776536
 44 -75.41899441340782
 17 -73.40782122905027
 47 -71.39664804469274
 113 -69.38547486033519
 64 -67.37430167597765
 101 -65.3631284916201
 45 -63.35195530726256
 267 -61.34078212290503
 131 -59.32960893854748
 226 -57.31843575418993
 106 -55.3072625698324
 78 -53.29608938547486
 208 -51.28491620111731
 66 -49.27374301675977
 116 -47.26256983240222
 2 -45.25139664804468
 248 -43.24022346368713
 4 -41.22905027932961
 165 -39.21787709497207
 297 -37.20670391061452
 427 -35.19553072625698
 102 -33.18435754189943
 58 -31.17318435754188
 146 -29.16201117318434
 6 -27.15083798882682
 62 -25.13966480446928
 620 -23.12849162011173
 154 -21.11731843575419
 48 -19.10614525139664
 12 -17.09497206703909
 23 -15.08379888268155
 160 -13.072625698324
 5 -11.06145251396646
 555 -9.050279329608941
 3 -7.039106145251395
 119 -5.02793296089385
 25 -3.016759776536304
 0 -1.005586592178759
 13 1.005586592178787
 150 3.016759776536333
 1 5.02793296089385
 550 7.039106145251395
 6 9.050279329608941
 144 11.06145251396649
 42 13.07262569832403
 9 15.08379888268158
 72 17.09497206703912
 116 19.10614525139667
 513 21.11731843575421
 63 23.12849162011173
 96 25.13966480446928
 118 27.15083798882682
 57 29.16201117318437
 246 31.17318435754191
 317 33.18435754189946
 228 35.195530726257
 161 37.20670391061452
 35 39.21787709497207
 293 41.22905027932961
 1 43.24022346368716
 120 45.2513966480447
 62 47.26256983240225
 197 49.27374301675979
 74 51.28491620111734
 197 53.29608938547489
 62 55.3072625698324
 125 57.31843575418995
 243 59.32960893854749
 44 61.34078212290504
 119 63.35195530726259
 83 65.36312849162013
 118 67.37430167597768
 50 69.38547486033519
 34 71.39664804469274
 47 73.40782122905028
 3 75.41899441340783
 9 77.43016759776538
 3 79.44134078212289
 0 81.45251396648047
 0 83.46368715083798
 2 85.47486033519556
 10 87.48603351955308
 7704 89.49720670391065
 6 91.50837988826817
 4 93.51955307262574
 2 95.53072625698326
 0 97.54189944134077
 4 99.55307262569835
 12 101.5642458100559
 21 103.5754189944134
 35 105.586592178771
 14 107.5977653631285
 102 109.608938547486
 129 111.6201117318436
 115 113.6312849162011
 7 115.6424581005587
 211 117.6536312849162
 178 119.6648044692737
 82 121.6759776536313
 176 123.6871508379888
 179 125.6983240223464
 81 127.7094972067039
 170 129.7206703910614
 186 131.731843575419
 0 133.7430167597765
 114 135.7541899441341
 166 137.7653631284916
 104 139.7765363128492
 151 141.7877094972067
 515 143.7988826815642
 134 145.8100558659218
 218 147.8212290502793
 48 149.8324022346369
 162 151.8435754189944
 72 153.854748603352
 492 155.8659217877095
 46 157.8770949720671
 117 159.8882681564246
 71 161.8994413407821
 45 163.9106145251397
 14 165.9217877094972
 120 167.9329608938548
 226 169.9441340782123
 329 171.9553072625699
 2 173.9664804469274
 158 175.9776536312849
 3 177.9888268156425
 0 180


