# Created by Octave 3.8.2, Sat Jun 20 20:07:27 2020 CEST <damian@fptrucha.inv.usc.es>
# name: hd
# type: matrix
# rows: 180
# columns: 2
 7 -180
 159 -177.9888268156425
 2 -175.9776536312849
 352 -173.9664804469274
 243 -171.9553072625698
 176 -169.9441340782123
 29 -167.9329608938548
 31 -165.9217877094972
 57 -163.9106145251397
 158 -161.8994413407821
 34 -159.8882681564246
 613 -157.877094972067
 63 -155.8659217877095
 115 -153.854748603352
 35 -151.8435754189944
 68 -149.8324022346369
 215 -147.8212290502793
 598 -145.8100558659218
 121 -143.7988826815642
 95 -141.7877094972067
 177 -139.7765363128491
 90 -137.7653631284916
 1 -135.7541899441341
 141 -133.7430167597765
 144 -131.731843575419
 95 -129.7206703910614
 166 -127.7094972067039
 220 -125.6983240223464
 98 -123.6871508379888
 195 -121.6759776536313
 186 -119.6648044692737
 3 -117.6536312849162
 105 -115.6424581005587
 109 -113.6312849162011
 119 -111.6201117318436
 15 -109.608938547486
 25 -107.5977653631285
 29 -105.5865921787709
 7 -103.5754189944134
 4 -101.5642458100559
 0 -99.55307262569832
 0 -97.54189944134077
 3 -95.53072625698323
 2 -93.5195530726257
 7988 -91.50837988826815
 6 -89.49720670391061
 2 -87.48603351955308
 2 -85.47486033519553
 0 -83.46368715083798
 2 -81.45251396648044
 6 -79.44134078212289
 5 -77.43016759776536
 39 -75.41899441340782
 14 -73.40782122905027
 48 -71.39664804469274
 113 -69.38547486033519
 79 -67.37430167597765
 98 -65.3631284916201
 41 -63.35195530726256
 268 -61.34078212290503
 142 -59.32960893854748
 222 -57.31843575418993
 113 -55.3072625698324
 85 -53.29608938547486
 216 -51.28491620111731
 42 -49.27374301675977
 110 -47.26256983240222
 2 -45.25139664804468
 251 -43.24022346368713
 3 -41.22905027932961
 159 -39.21787709497207
 285 -37.20670391061452
 433 -35.19553072625698
 93 -33.18435754189943
 52 -31.17318435754188
 142 -29.16201117318434
 9 -27.15083798882682
 48 -25.13966480446928
 623 -23.12849162011173
 136 -21.11731843575419
 49 -19.10614525139664
 18 -17.09497206703909
 39 -15.08379888268155
 183 -13.072625698324
 12 -11.06145251396646
 501 -9.050279329608941
 3 -7.039106145251395
 122 -5.02793296089385
 19 -3.016759776536304
 5 -1.005586592178759
 15 1.005586592178787
 150 3.016759776536333
 5 5.02793296089385
 522 7.039106145251395
 10 9.050279329608941
 125 11.06145251396649
 54 13.07262569832403
 13 15.08379888268158
 65 17.09497206703912
 116 19.10614525139667
 537 21.11731843575421
 62 23.12849162011173
 92 25.13966480446928
 103 27.15083798882682
 52 29.16201117318437
 203 31.17318435754191
 306 33.18435754189946
 229 35.195530726257
 168 37.20670391061452
 35 39.21787709497207
 285 41.22905027932961
 2 43.24022346368716
 116 45.2513966480447
 59 47.26256983240225
 213 49.27374301675979
 78 51.28491620111734
 197 53.29608938547489
 80 55.3072625698324
 112 57.31843575418995
 225 59.32960893854749
 70 61.34078212290504
 123 63.35195530726259
 75 65.36312849162013
 110 67.37430167597768
 39 69.38547486033519
 29 71.39664804469274
 37 73.40782122905028
 7 75.41899441340783
 10 77.43016759776538
 1 79.44134078212289
 1 81.45251396648047
 2 83.46368715083798
 2 85.47486033519556
 14 87.48603351955308
 7647 89.49720670391065
 8 91.50837988826817
 4 93.51955307262574
 2 95.53072625698326
 0 97.54189944134077
 8 99.55307262569835
 16 101.5642458100559
 22 103.5754189944134
 38 105.586592178771
 22 107.5977653631285
 106 109.608938547486
 115 111.6201117318436
 137 113.6312849162011
 1 115.6424581005587
 189 117.6536312849162
 167 119.6648044692737
 87 121.6759776536313
 161 123.6871508379888
 171 125.6983240223464
 85 127.7094972067039
 170 129.7206703910614
 148 131.731843575419
 2 133.7430167597765
 139 135.7541899441341
 195 137.7653631284916
 99 139.7765363128492
 151 141.7877094972067
 479 143.7988826815642
 100 145.8100558659218
 221 147.8212290502793
 40 149.8324022346369
 169 151.8435754189944
 45 153.854748603352
 458 155.8659217877095
 59 157.8770949720671
 120 159.8882681564246
 71 161.8994413407821
 44 163.9106145251397
 18 165.9217877094972
 123 167.9329608938548
 193 169.9441340782123
 307 171.9553072625699
 3 173.9664804469274
 146 175.9776536312849
 2 177.9888268156425
 0 180


