# Created by Octave 3.8.2, Sat Jun 20 15:19:42 2020 CEST <damian@fptrucha.inv.usc.es>
# name: hd
# type: matrix
# rows: 180
# columns: 2
 2 -180
 135 -177.9888268156425
 5 -175.9776536312849
 376 -173.9664804469274
 229 -171.9553072625698
 140 -169.9441340782123
 26 -167.9329608938548
 33 -165.9217877094972
 53 -163.9106145251397
 160 -161.8994413407821
 39 -159.8882681564246
 618 -157.877094972067
 53 -155.8659217877095
 116 -153.854748603352
 41 -151.8435754189944
 58 -149.8324022346369
 216 -147.8212290502793
 642 -145.8100558659218
 125 -143.7988826815642
 103 -141.7877094972067
 171 -139.7765363128491
 93 -137.7653631284916
 1 -135.7541899441341
 140 -133.7430167597765
 143 -131.731843575419
 80 -129.7206703910614
 165 -127.7094972067039
 223 -125.6983240223464
 109 -123.6871508379888
 193 -121.6759776536313
 206 -119.6648044692737
 1 -117.6536312849162
 90 -115.6424581005587
 112 -113.6312849162011
 122 -111.6201117318436
 20 -109.608938547486
 26 -107.5977653631285
 24 -105.5865921787709
 8 -103.5754189944134
 3 -101.5642458100559
 3 -99.55307262569832
 1 -97.54189944134077
 1 -95.53072625698323
 12 -93.5195530726257
 8437 -91.50837988826815
 9 -89.49720670391061
 2 -87.48603351955308
 3 -85.47486033519553
 1 -83.46368715083798
 1 -81.45251396648044
 9 -79.44134078212289
 6 -77.43016759776536
 45 -75.41899441340782
 19 -73.40782122905027
 39 -71.39664804469274
 137 -69.38547486033519
 71 -67.37430167597765
 107 -65.3631284916201
 54 -63.35195530726256
 278 -61.34078212290503
 137 -59.32960893854748
 212 -57.31843575418993
 85 -55.3072625698324
 79 -53.29608938547486
 215 -51.28491620111731
 56 -49.27374301675977
 106 -47.26256983240222
 1 -45.25139664804468
 253 -43.24022346368713
 3 -41.22905027932961
 137 -39.21787709497207
 289 -37.20670391061452
 441 -35.19553072625698
 112 -33.18435754189943
 70 -31.17318435754188
 145 -29.16201117318434
 7 -27.15083798882682
 50 -25.13966480446928
 588 -23.12849162011173
 155 -21.11731843575419
 38 -19.10614525139664
 4 -17.09497206703909
 40 -15.08379888268155
 172 -13.072625698324
 11 -11.06145251396646
 623 -9.050279329608941
 3 -7.039106145251395
 111 -5.02793296089385
 21 -3.016759776536304
 2 -1.005586592178759
 20 1.005586592178787
 132 3.016759776536333
 2 5.02793296089385
 575 7.039106145251395
 7 9.050279329608941
 139 11.06145251396649
 40 13.07262569832403
 9 15.08379888268158
 66 17.09497206703912
 107 19.10614525139667
 529 21.11731843575421
 69 23.12849162011173
 91 25.13966480446928
 102 27.15083798882682
 67 29.16201117318437
 239 31.17318435754191
 322 33.18435754189946
 254 35.195530726257
 149 37.20670391061452
 45 39.21787709497207
 292 41.22905027932961
 1 43.24022346368716
 134 45.2513966480447
 61 47.26256983240225
 242 49.27374301675979
 83 51.28491620111734
 209 53.29608938547489
 94 55.3072625698324
 144 57.31843575418995
 273 59.32960893854749
 75 61.34078212290504
 115 63.35195530726259
 86 65.36312849162013
 127 67.37430167597768
 46 69.38547486033519
 37 71.39664804469274
 43 73.40782122905028
 3 75.41899441340783
 11 77.43016759776538
 3 79.44134078212289
 0 81.45251396648047
 0 83.46368715083798
 1 85.47486033519556
 7 87.48603351955308
 7940 89.49720670391065
 3 91.50837988826817
 3 93.51955307262574
 0 95.53072625698326
 0 97.54189944134077
 1 99.55307262569835
 15 101.5642458100559
 20 103.5754189944134
 39 105.586592178771
 19 107.5977653631285
 114 109.608938547486
 134 111.6201117318436
 124 113.6312849162011
 2 115.6424581005587
 214 117.6536312849162
 154 119.6648044692737
 84 121.6759776536313
 186 123.6871508379888
 179 125.6983240223464
 93 127.7094972067039
 158 129.7206703910614
 203 131.731843575419
 2 133.7430167597765
 133 135.7541899441341
 172 137.7653631284916
 95 139.7765363128492
 143 141.7877094972067
 463 143.7988826815642
 125 145.8100558659218
 196 147.8212290502793
 54 149.8324022346369
 159 151.8435754189944
 65 153.854748603352
 524 155.8659217877095
 68 157.8770949720671
 108 159.8882681564246
 74 161.8994413407821
 52 163.9106145251397
 13 165.9217877094972
 136 167.9329608938548
 217 169.9441340782123
 321 171.9553072625699
 0 173.9664804469274
 155 175.9776536312849
 0 177.9888268156425
 0 180


