# Created by Octave 3.8.2, Sat Jun 20 12:53:50 2020 CEST <damian@fptrucha.inv.usc.es>
# name: hd
# type: matrix
# rows: 180
# columns: 2
 1 -180
 124 -177.9888268156425
 4 -175.9776536312849
 277 -173.9664804469274
 171 -171.9553072625698
 98 -169.9441340782123
 28 -167.9329608938548
 32 -165.9217877094972
 40 -163.9106145251397
 107 -161.8994413407821
 33 -159.8882681564246
 421 -157.877094972067
 47 -155.8659217877095
 84 -153.854748603352
 30 -151.8435754189944
 45 -149.8324022346369
 134 -147.8212290502793
 464 -145.8100558659218
 82 -143.7988826815642
 70 -141.7877094972067
 105 -139.7765363128491
 66 -137.7653631284916
 2 -135.7541899441341
 93 -133.7430167597765
 98 -131.731843575419
 56 -129.7206703910614
 136 -127.7094972067039
 160 -125.6983240223464
 80 -123.6871508379888
 117 -121.6759776536313
 129 -119.6648044692737
 0 -117.6536312849162
 66 -115.6424581005587
 87 -113.6312849162011
 66 -111.6201117318436
 10 -109.608938547486
 29 -107.5977653631285
 16 -105.5865921787709
 8 -103.5754189944134
 0 -101.5642458100559
 1 -99.55307262569832
 0 -97.54189944134077
 0 -95.53072625698323
 7 -93.5195530726257
 5735 -91.50837988826815
 7 -89.49720670391061
 1 -87.48603351955308
 1 -85.47486033519553
 0 -83.46368715083798
 1 -81.45251396648044
 6 -79.44134078212289
 4 -77.43016759776536
 32 -75.41899441340782
 7 -73.40782122905027
 39 -71.39664804469274
 62 -69.38547486033519
 39 -67.37430167597765
 59 -65.3631284916201
 32 -63.35195530726256
 194 -61.34078212290503
 116 -59.32960893854748
 153 -57.31843575418993
 59 -55.3072625698324
 44 -53.29608938547486
 159 -51.28491620111731
 20 -49.27374301675977
 73 -47.26256983240222
 1 -45.25139664804468
 209 -43.24022346368713
 0 -41.22905027932961
 116 -39.21787709497207
 234 -37.20670391061452
 333 -35.19553072625698
 66 -33.18435754189943
 35 -31.17318435754188
 115 -29.16201117318434
 6 -27.15083798882682
 37 -25.13966480446928
 449 -23.12849162011173
 96 -21.11731843575419
 30 -19.10614525139664
 4 -17.09497206703909
 34 -15.08379888268155
 116 -13.072625698324
 9 -11.06145251396646
 429 -9.050279329608941
 1 -7.039106145251395
 94 -5.02793296089385
 15 -3.016759776536304
 0 -1.005586592178759
 15 1.005586592178787
 90 3.016759776536333
 2 5.02793296089385
 425 7.039106145251395
 8 9.050279329608941
 95 11.06145251396649
 34 13.07262569832403
 11 15.08379888268158
 42 17.09497206703912
 62 19.10614525139667
 394 21.11731843575421
 46 23.12849162011173
 70 25.13966480446928
 90 27.15083798882682
 42 29.16201117318437
 160 31.17318435754191
 256 33.18435754189946
 153 35.195530726257
 94 37.20670391061452
 26 39.21787709497207
 204 41.22905027932961
 0 43.24022346368716
 104 45.2513966480447
 44 47.26256983240225
 140 49.27374301675979
 69 51.28491620111734
 164 53.29608938547489
 55 55.3072625698324
 117 57.31843575418995
 199 59.32960893854749
 44 61.34078212290504
 84 63.35195530726259
 59 65.36312849162013
 89 67.37430167597768
 24 69.38547486033519
 25 71.39664804469274
 31 73.40782122905028
 9 75.41899441340783
 7 77.43016759776538
 0 79.44134078212289
 1 81.45251396648047
 1 83.46368715083798
 1 85.47486033519556
 13 87.48603351955308
 5532 89.49720670391065
 2 91.50837988826817
 2 93.51955307262574
 0 95.53072625698326
 0 97.54189944134077
 1 99.55307262569835
 9 101.5642458100559
 17 103.5754189944134
 38 105.586592178771
 13 107.5977653631285
 84 109.608938547486
 77 111.6201117318436
 91 113.6312849162011
 3 115.6424581005587
 141 117.6536312849162
 121 119.6648044692737
 76 121.6759776536313
 133 123.6871508379888
 102 125.6983240223464
 66 127.7094972067039
 124 129.7206703910614
 137 131.731843575419
 1 133.7430167597765
 93 135.7541899441341
 128 137.7653631284916
 76 139.7765363128492
 98 141.7877094972067
 352 143.7988826815642
 101 145.8100558659218
 152 147.8212290502793
 30 149.8324022346369
 131 151.8435754189944
 47 153.854748603352
 333 155.8659217877095
 34 157.8770949720671
 102 159.8882681564246
 57 161.8994413407821
 30 163.9106145251397
 8 165.9217877094972
 84 167.9329608938548
 173 169.9441340782123
 210 171.9553072625699
 3 173.9664804469274
 104 175.9776536312849
 2 177.9888268156425
 0 180


