# Created by Octave 3.8.2, Sat Jun 20 12:35:20 2020 CEST <damian@fptrucha.inv.usc.es>
# name: hd
# type: matrix
# rows: 180
# columns: 2
 2 -180
 159 -177.9888268156425
 1 -175.9776536312849
 394 -173.9664804469274
 268 -171.9553072625698
 164 -169.9441340782123
 36 -167.9329608938548
 45 -165.9217877094972
 49 -163.9106145251397
 168 -161.8994413407821
 45 -159.8882681564246
 665 -157.877094972067
 65 -155.8659217877095
 123 -153.854748603352
 32 -151.8435754189944
 69 -149.8324022346369
 220 -147.8212290502793
 705 -145.8100558659218
 144 -143.7988826815642
 95 -141.7877094972067
 180 -139.7765363128491
 125 -137.7653631284916
 4 -135.7541899441341
 156 -133.7430167597765
 156 -131.731843575419
 71 -129.7206703910614
 184 -127.7094972067039
 237 -125.6983240223464
 91 -123.6871508379888
 203 -121.6759776536313
 189 -119.6648044692737
 5 -117.6536312849162
 109 -115.6424581005587
 140 -113.6312849162011
 101 -111.6201117318436
 22 -109.608938547486
 40 -107.5977653631285
 23 -105.5865921787709
 13 -103.5754189944134
 4 -101.5642458100559
 0 -99.55307262569832
 2 -97.54189944134077
 2 -95.53072625698323
 11 -93.5195530726257
 8780 -91.50837988826815
 12 -89.49720670391061
 1 -87.48603351955308
 0 -85.47486033519553
 1 -83.46368715083798
 1 -81.45251396648044
 7 -79.44134078212289
 5 -77.43016759776536
 48 -75.41899441340782
 17 -73.40782122905027
 56 -71.39664804469274
 114 -69.38547486033519
 66 -67.37430167597765
 76 -65.3631284916201
 42 -63.35195530726256
 282 -61.34078212290503
 147 -59.32960893854748
 262 -57.31843575418993
 108 -55.3072625698324
 83 -53.29608938547486
 244 -51.28491620111731
 50 -49.27374301675977
 117 -47.26256983240222
 3 -45.25139664804468
 291 -43.24022346368713
 3 -41.22905027932961
 168 -39.21787709497207
 323 -37.20670391061452
 510 -35.19553072625698
 111 -33.18435754189943
 60 -31.17318435754188
 148 -29.16201117318434
 8 -27.15083798882682
 70 -25.13966480446928
 703 -23.12849162011173
 146 -21.11731843575419
 51 -19.10614525139664
 11 -17.09497206703909
 41 -15.08379888268155
 183 -13.072625698324
 8 -11.06145251396646
 606 -9.050279329608941
 3 -7.039106145251395
 150 -5.02793296089385
 14 -3.016759776536304
 3 -1.005586592178759
 23 1.005586592178787
 128 3.016759776536333
 1 5.02793296089385
 581 7.039106145251395
 8 9.050279329608941
 148 11.06145251396649
 56 13.07262569832403
 12 15.08379888268158
 55 17.09497206703912
 93 19.10614525139667
 527 21.11731843575421
 54 23.12849162011173
 123 25.13966480446928
 137 27.15083798882682
 52 29.16201117318437
 258 31.17318435754191
 310 33.18435754189946
 251 35.195530726257
 169 37.20670391061452
 43 39.21787709497207
 268 41.22905027932961
 0 43.24022346368716
 130 45.2513966480447
 76 47.26256983240225
 240 49.27374301675979
 95 51.28491620111734
 228 53.29608938547489
 78 55.3072625698324
 147 57.31843575418995
 270 59.32960893854749
 70 61.34078212290504
 119 63.35195530726259
 79 65.36312849162013
 119 67.37430167597768
 40 69.38547486033519
 36 71.39664804469274
 58 73.40782122905028
 8 75.41899441340783
 7 77.43016759776538
 1 79.44134078212289
 1 81.45251396648047
 1 83.46368715083798
 4 85.47486033519556
 14 87.48603351955308
 8344 89.49720670391065
 6 91.50837988826817
 3 93.51955307262574
 2 95.53072625698326
 1 97.54189944134077
 3 99.55307262569835
 20 101.5642458100559
 28 103.5754189944134
 44 105.586592178771
 22 107.5977653631285
 129 109.608938547486
 123 111.6201117318436
 154 113.6312849162011
 1 115.6424581005587
 213 117.6536312849162
 170 119.6648044692737
 101 121.6759776536313
 188 123.6871508379888
 200 125.6983240223464
 95 127.7094972067039
 162 129.7206703910614
 189 131.731843575419
 0 133.7430167597765
 149 135.7541899441341
 164 137.7653631284916
 96 139.7765363128492
 140 141.7877094972067
 506 143.7988826815642
 123 145.8100558659218
 258 147.8212290502793
 56 149.8324022346369
 195 151.8435754189944
 80 153.854748603352
 502 155.8659217877095
 70 157.8770949720671
 128 159.8882681564246
 83 161.8994413407821
 56 163.9106145251397
 23 165.9217877094972
 139 167.9329608938548
 221 169.9441340782123
 392 171.9553072625699
 2 173.9664804469274
 180 175.9776536312849
 4 177.9888268156425
 0 180


