# Created by Octave 3.8.2, Mon Jun 22 11:28:58 2020 CEST <damian@fptrucha.inv.usc.es>
# name: hd
# type: matrix
# rows: 180
# columns: 2
 3 -180
 147 -177.9888268156425
 2 -175.9776536312849
 388 -173.9664804469274
 232 -171.9553072625698
 143 -169.9441340782123
 36 -167.9329608938548
 32 -165.9217877094972
 71 -163.9106145251397
 178 -161.8994413407821
 42 -159.8882681564246
 554 -157.877094972067
 65 -155.8659217877095
 107 -153.854748603352
 34 -151.8435754189944
 56 -149.8324022346369
 215 -147.8212290502793
 566 -145.8100558659218
 118 -143.7988826815642
 99 -141.7877094972067
 159 -139.7765363128491
 122 -137.7653631284916
 2 -135.7541899441341
 162 -133.7430167597765
 148 -131.731843575419
 68 -129.7206703910614
 197 -127.7094972067039
 185 -125.6983240223464
 106 -123.6871508379888
 171 -121.6759776536313
 166 -119.6648044692737
 2 -117.6536312849162
 103 -115.6424581005587
 115 -113.6312849162011
 121 -111.6201117318436
 24 -109.608938547486
 40 -107.5977653631285
 22 -105.5865921787709
 17 -103.5754189944134
 4 -101.5642458100559
 1 -99.55307262569832
 1 -97.54189944134077
 2 -95.53072625698323
 8 -93.5195530726257
 7668 -91.50837988826815
 12 -89.49720670391061
 6 -87.48603351955308
 1 -85.47486033519553
 2 -83.46368715083798
 1 -81.45251396648044
 8 -79.44134078212289
 4 -77.43016759776536
 55 -75.41899441340782
 29 -73.40782122905027
 58 -71.39664804469274
 114 -69.38547486033519
 76 -67.37430167597765
 129 -65.3631284916201
 44 -63.35195530726256
 263 -61.34078212290503
 144 -59.32960893854748
 220 -57.31843575418993
 90 -55.3072625698324
 85 -53.29608938547486
 234 -51.28491620111731
 57 -49.27374301675977
 111 -47.26256983240222
 2 -45.25139664804468
 298 -43.24022346368713
 6 -41.22905027932961
 150 -39.21787709497207
 291 -37.20670391061452
 423 -35.19553072625698
 97 -33.18435754189943
 54 -31.17318435754188
 172 -29.16201117318434
 5 -27.15083798882682
 66 -25.13966480446928
 546 -23.12849162011173
 118 -21.11731843575419
 54 -19.10614525139664
 16 -17.09497206703909
 34 -15.08379888268155
 157 -13.072625698324
 10 -11.06145251396646
 587 -9.050279329608941
 3 -7.039106145251395
 131 -5.02793296089385
 25 -3.016759776536304
 8 -1.005586592178759
 24 1.005586592178787
 126 3.016759776536333
 2 5.02793296089385
 548 7.039106145251395
 6 9.050279329608941
 137 11.06145251396649
 44 13.07262569832403
 16 15.08379888268158
 51 17.09497206703912
 128 19.10614525139667
 523 21.11731843575421
 50 23.12849162011173
 87 25.13966480446928
 108 27.15083798882682
 60 29.16201117318437
 184 31.17318435754191
 313 33.18435754189946
 257 35.195530726257
 133 37.20670391061452
 37 39.21787709497207
 297 41.22905027932961
 1 43.24022346368716
 122 45.2513966480447
 54 47.26256983240225
 237 49.27374301675979
 82 51.28491620111734
 194 53.29608938547489
 83 55.3072625698324
 143 57.31843575418995
 225 59.32960893854749
 41 61.34078212290504
 106 63.35195530726259
 77 65.36312849162013
 131 67.37430167597768
 52 69.38547486033519
 31 71.39664804469274
 49 73.40782122905028
 5 75.41899441340783
 14 77.43016759776538
 2 79.44134078212289
 1 81.45251396648047
 2 83.46368715083798
 8 85.47486033519556
 21 87.48603351955308
 7368 89.49720670391065
 12 91.50837988826817
 2 93.51955307262574
 2 95.53072625698326
 0 97.54189944134077
 3 99.55307262569835
 11 101.5642458100559
 24 103.5754189944134
 34 105.586592178771
 25 107.5977653631285
 123 109.608938547486
 119 111.6201117318436
 131 113.6312849162011
 4 115.6424581005587
 204 117.6536312849162
 162 119.6648044692737
 87 121.6759776536313
 172 123.6871508379888
 196 125.6983240223464
 64 127.7094972067039
 149 129.7206703910614
 193 131.731843575419
 2 133.7430167597765
 140 135.7541899441341
 194 137.7653631284916
 109 139.7765363128492
 148 141.7877094972067
 505 143.7988826815642
 109 145.8100558659218
 206 147.8212290502793
 53 149.8324022346369
 134 151.8435754189944
 46 153.854748603352
 473 155.8659217877095
 51 157.8770949720671
 115 159.8882681564246
 73 161.8994413407821
 47 163.9106145251397
 19 165.9217877094972
 124 167.9329608938548
 215 169.9441340782123
 323 171.9553072625699
 5 173.9664804469274
 151 175.9776536312849
 5 177.9888268156425
 0 180


