# Created by Octave 3.8.2, Mon Jun 22 21:55:58 2020 CEST <damian@fptrucha.inv.usc.es>
# name: hd
# type: matrix
# rows: 180
# columns: 2
 5 -180
 194 -177.9888268156425
 3 -175.9776536312849
 395 -173.9664804469274
 240 -171.9553072625698
 169 -169.9441340782123
 28 -167.9329608938548
 48 -165.9217877094972
 71 -163.9106145251397
 171 -161.8994413407821
 52 -159.8882681564246
 615 -157.877094972067
 83 -155.8659217877095
 129 -153.854748603352
 56 -151.8435754189944
 82 -149.8324022346369
 261 -147.8212290502793
 662 -145.8100558659218
 129 -143.7988826815642
 113 -141.7877094972067
 205 -139.7765363128491
 136 -137.7653631284916
 0 -135.7541899441341
 194 -133.7430167597765
 173 -131.731843575419
 95 -129.7206703910614
 183 -127.7094972067039
 251 -125.6983240223464
 114 -123.6871508379888
 231 -121.6759776536313
 209 -119.6648044692737
 6 -117.6536312849162
 133 -115.6424581005587
 141 -113.6312849162011
 148 -111.6201117318436
 17 -109.608938547486
 57 -107.5977653631285
 33 -105.5865921787709
 10 -103.5754189944134
 0 -101.5642458100559
 0 -99.55307262569832
 1 -97.54189944134077
 3 -95.53072625698323
 11 -93.5195530726257
 8620 -91.50837988826815
 11 -89.49720670391061
 2 -87.48603351955308
 2 -85.47486033519553
 0 -83.46368715083798
 2 -81.45251396648044
 8 -79.44134078212289
 11 -77.43016759776536
 61 -75.41899441340782
 37 -73.40782122905027
 57 -71.39664804469274
 111 -69.38547486033519
 79 -67.37430167597765
 126 -65.3631284916201
 56 -63.35195530726256
 301 -61.34078212290503
 162 -59.32960893854748
 251 -57.31843575418993
 124 -55.3072625698324
 80 -53.29608938547486
 248 -51.28491620111731
 60 -49.27374301675977
 135 -47.26256983240222
 2 -45.25139664804468
 286 -43.24022346368713
 3 -41.22905027932961
 165 -39.21787709497207
 313 -37.20670391061452
 499 -35.19553072625698
 131 -33.18435754189943
 70 -31.17318435754188
 174 -29.16201117318434
 10 -27.15083798882682
 73 -25.13966480446928
 604 -23.12849162011173
 143 -21.11731843575419
 51 -19.10614525139664
 10 -17.09497206703909
 39 -15.08379888268155
 171 -13.072625698324
 14 -11.06145251396646
 620 -9.050279329608941
 2 -7.039106145251395
 137 -5.02793296089385
 19 -3.016759776536304
 3 -1.005586592178759
 25 1.005586592178787
 124 3.016759776536333
 6 5.02793296089385
 586 7.039106145251395
 11 9.050279329608941
 140 11.06145251396649
 28 13.07262569832403
 10 15.08379888268158
 58 17.09497206703912
 119 19.10614525139667
 552 21.11731843575421
 61 23.12849162011173
 95 25.13966480446928
 97 27.15083798882682
 70 29.16201117318437
 221 31.17318435754191
 357 33.18435754189946
 250 35.195530726257
 157 37.20670391061452
 41 39.21787709497207
 306 41.22905027932961
 3 43.24022346368716
 116 45.2513966480447
 66 47.26256983240225
 256 49.27374301675979
 91 51.28491620111734
 202 53.29608938547489
 99 55.3072625698324
 148 57.31843575418995
 280 59.32960893854749
 75 61.34078212290504
 125 63.35195530726259
 79 65.36312849162013
 100 67.37430167597768
 43 69.38547486033519
 43 71.39664804469274
 37 73.40782122905028
 9 75.41899441340783
 13 77.43016759776538
 3 79.44134078212289
 1 81.45251396648047
 0 83.46368715083798
 3 85.47486033519556
 16 87.48603351955308
 7944 89.49720670391065
 8 91.50837988826817
 3 93.51955307262574
 6 95.53072625698326
 3 97.54189944134077
 4 99.55307262569835
 14 101.5642458100559
 24 103.5754189944134
 47 105.586592178771
 24 107.5977653631285
 120 109.608938547486
 118 111.6201117318436
 135 113.6312849162011
 4 115.6424581005587
 207 117.6536312849162
 181 119.6648044692737
 97 121.6759776536313
 206 123.6871508379888
 197 125.6983240223464
 79 127.7094972067039
 172 129.7206703910614
 200 131.731843575419
 4 133.7430167597765
 129 135.7541899441341
 173 137.7653631284916
 104 139.7765363128492
 155 141.7877094972067
 512 143.7988826815642
 133 145.8100558659218
 224 147.8212290502793
 43 149.8324022346369
 160 151.8435754189944
 65 153.854748603352
 498 155.8659217877095
 49 157.8770949720671
 150 159.8882681564246
 65 161.8994413407821
 51 163.9106145251397
 19 165.9217877094972
 141 167.9329608938548
 255 169.9441340782123
 372 171.9553072625699
 3 173.9664804469274
 142 175.9776536312849
 5 177.9888268156425
 0 180


