# Created by Octave 3.8.2, Mon Jun 22 19:53:10 2020 CEST <damian@fptrucha.inv.usc.es>
# name: hd
# type: matrix
# rows: 180
# columns: 2
 6 -180
 179 -177.9888268156425
 7 -175.9776536312849
 404 -173.9664804469274
 269 -171.9553072625698
 150 -169.9441340782123
 35 -167.9329608938548
 45 -165.9217877094972
 81 -163.9106145251397
 151 -161.8994413407821
 46 -159.8882681564246
 601 -157.877094972067
 61 -155.8659217877095
 131 -153.854748603352
 42 -151.8435754189944
 74 -149.8324022346369
 213 -147.8212290502793
 615 -145.8100558659218
 128 -143.7988826815642
 89 -141.7877094972067
 214 -139.7765363128491
 118 -137.7653631284916
 4 -135.7541899441341
 166 -133.7430167597765
 182 -131.731843575419
 96 -129.7206703910614
 197 -127.7094972067039
 229 -125.6983240223464
 132 -123.6871508379888
 191 -121.6759776536313
 202 -119.6648044692737
 2 -117.6536312849162
 121 -115.6424581005587
 148 -113.6312849162011
 136 -111.6201117318436
 24 -109.608938547486
 50 -107.5977653631285
 24 -105.5865921787709
 17 -103.5754189944134
 6 -101.5642458100559
 0 -99.55307262569832
 1 -97.54189944134077
 2 -95.53072625698323
 7 -93.5195530726257
 8532 -91.50837988826815
 10 -89.49720670391061
 3 -87.48603351955308
 2 -85.47486033519553
 0 -83.46368715083798
 5 -81.45251396648044
 9 -79.44134078212289
 11 -77.43016759776536
 54 -75.41899441340782
 31 -73.40782122905027
 62 -71.39664804469274
 120 -69.38547486033519
 83 -67.37430167597765
 133 -65.3631284916201
 70 -63.35195530726256
 267 -61.34078212290503
 158 -59.32960893854748
 245 -57.31843575418993
 86 -55.3072625698324
 83 -53.29608938547486
 267 -51.28491620111731
 69 -49.27374301675977
 116 -47.26256983240222
 1 -45.25139664804468
 345 -43.24022346368713
 3 -41.22905027932961
 147 -39.21787709497207
 322 -37.20670391061452
 481 -35.19553072625698
 135 -33.18435754189943
 62 -31.17318435754188
 170 -29.16201117318434
 16 -27.15083798882682
 70 -25.13966480446928
 635 -23.12849162011173
 144 -21.11731843575419
 53 -19.10614525139664
 10 -17.09497206703909
 41 -15.08379888268155
 180 -13.072625698324
 4 -11.06145251396646
 562 -9.050279329608941
 5 -7.039106145251395
 136 -5.02793296089385
 27 -3.016759776536304
 3 -1.005586592178759
 27 1.005586592178787
 123 3.016759776536333
 3 5.02793296089385
 588 7.039106145251395
 10 9.050279329608941
 146 11.06145251396649
 45 13.07262569832403
 7 15.08379888268158
 65 17.09497206703912
 104 19.10614525139667
 514 21.11731843575421
 59 23.12849162011173
 93 25.13966480446928
 115 27.15083798882682
 57 29.16201117318437
 214 31.17318435754191
 327 33.18435754189946
 254 35.195530726257
 123 37.20670391061452
 40 39.21787709497207
 324 41.22905027932961
 2 43.24022346368716
 99 45.2513966480447
 71 47.26256983240225
 225 49.27374301675979
 91 51.28491620111734
 189 53.29608938547489
 89 55.3072625698324
 146 57.31843575418995
 278 59.32960893854749
 51 61.34078212290504
 106 63.35195530726259
 66 65.36312849162013
 115 67.37430167597768
 41 69.38547486033519
 30 71.39664804469274
 56 73.40782122905028
 9 75.41899441340783
 7 77.43016759776538
 0 79.44134078212289
 1 81.45251396648047
 3 83.46368715083798
 4 85.47486033519556
 9 87.48603351955308
 7842 89.49720670391065
 3 91.50837988826817
 3 93.51955307262574
 2 95.53072625698326
 0 97.54189944134077
 3 99.55307262569835
 14 101.5642458100559
 15 103.5754189944134
 50 105.586592178771
 16 107.5977653631285
 113 109.608938547486
 117 111.6201117318436
 117 113.6312849162011
 2 115.6424581005587
 203 117.6536312849162
 198 119.6648044692737
 103 121.6759776536313
 163 123.6871508379888
 198 125.6983240223464
 78 127.7094972067039
 170 129.7206703910614
 170 131.731843575419
 3 133.7430167597765
 135 135.7541899441341
 199 137.7653631284916
 98 139.7765363128492
 140 141.7877094972067
 509 143.7988826815642
 121 145.8100558659218
 200 147.8212290502793
 47 149.8324022346369
 123 151.8435754189944
 69 153.854748603352
 530 155.8659217877095
 51 157.8770949720671
 115 159.8882681564246
 60 161.8994413407821
 40 163.9106145251397
 17 165.9217877094972
 144 167.9329608938548
 243 169.9441340782123
 379 171.9553072625699
 2 173.9664804469274
 157 175.9776536312849
 7 177.9888268156425
 0 180


