# Created by Octave 3.8.2, Sun Jun 21 08:09:46 2020 CEST <damian@fptrucha.inv.usc.es>
# name: hd
# type: matrix
# rows: 180
# columns: 2
 1 -180
 159 -177.9888268156425
 3 -175.9776536312849
 363 -173.9664804469274
 247 -171.9553072625698
 148 -169.9441340782123
 36 -167.9329608938548
 45 -165.9217877094972
 61 -163.9106145251397
 167 -161.8994413407821
 48 -159.8882681564246
 566 -157.877094972067
 58 -155.8659217877095
 101 -153.854748603352
 33 -151.8435754189944
 71 -149.8324022346369
 194 -147.8212290502793
 678 -145.8100558659218
 119 -143.7988826815642
 93 -141.7877094972067
 162 -139.7765363128491
 116 -137.7653631284916
 2 -135.7541899441341
 155 -133.7430167597765
 147 -131.731843575419
 77 -129.7206703910614
 177 -127.7094972067039
 225 -125.6983240223464
 110 -123.6871508379888
 200 -121.6759776536313
 166 -119.6648044692737
 2 -117.6536312849162
 82 -115.6424581005587
 120 -113.6312849162011
 134 -111.6201117318436
 13 -109.608938547486
 32 -107.5977653631285
 32 -105.5865921787709
 20 -103.5754189944134
 2 -101.5642458100559
 0 -99.55307262569832
 0 -97.54189944134077
 2 -95.53072625698323
 4 -93.5195530726257
 8010 -91.50837988826815
 10 -89.49720670391061
 4 -87.48603351955308
 0 -85.47486033519553
 1 -83.46368715083798
 1 -81.45251396648044
 6 -79.44134078212289
 9 -77.43016759776536
 31 -75.41899441340782
 18 -73.40782122905027
 42 -71.39664804469274
 137 -69.38547486033519
 78 -67.37430167597765
 96 -65.3631284916201
 49 -63.35195530726256
 258 -61.34078212290503
 138 -59.32960893854748
 226 -57.31843575418993
 100 -55.3072625698324
 71 -53.29608938547486
 238 -51.28491620111731
 53 -49.27374301675977
 98 -47.26256983240222
 1 -45.25139664804468
 275 -43.24022346368713
 2 -41.22905027932961
 155 -39.21787709497207
 311 -37.20670391061452
 507 -35.19553072625698
 98 -33.18435754189943
 78 -31.17318435754188
 167 -29.16201117318434
 12 -27.15083798882682
 47 -25.13966480446928
 639 -23.12849162011173
 136 -21.11731843575419
 50 -19.10614525139664
 10 -17.09497206703909
 30 -15.08379888268155
 135 -13.072625698324
 5 -11.06145251396646
 569 -9.050279329608941
 2 -7.039106145251395
 134 -5.02793296089385
 10 -3.016759776536304
 0 -1.005586592178759
 18 1.005586592178787
 123 3.016759776536333
 4 5.02793296089385
 593 7.039106145251395
 9 9.050279329608941
 109 11.06145251396649
 51 13.07262569832403
 10 15.08379888268158
 62 17.09497206703912
 128 19.10614525139667
 510 21.11731843575421
 68 23.12849162011173
 90 25.13966480446928
 92 27.15083798882682
 48 29.16201117318437
 253 31.17318435754191
 313 33.18435754189946
 250 35.195530726257
 153 37.20670391061452
 43 39.21787709497207
 294 41.22905027932961
 3 43.24022346368716
 104 45.2513966480447
 65 47.26256983240225
 242 49.27374301675979
 82 51.28491620111734
 167 53.29608938547489
 72 55.3072625698324
 126 57.31843575418995
 250 59.32960893854749
 60 61.34078212290504
 109 63.35195530726259
 80 65.36312849162013
 109 67.37430167597768
 45 69.38547486033519
 31 71.39664804469274
 65 73.40782122905028
 11 75.41899441340783
 12 77.43016759776538
 2 79.44134078212289
 0 81.45251396648047
 2 83.46368715083798
 3 85.47486033519556
 8 87.48603351955308
 7812 89.49720670391065
 10 91.50837988826817
 3 93.51955307262574
 1 95.53072625698326
 0 97.54189944134077
 1 99.55307262569835
 14 101.5642458100559
 26 103.5754189944134
 32 105.586592178771
 23 107.5977653631285
 107 109.608938547486
 128 111.6201117318436
 124 113.6312849162011
 2 115.6424581005587
 200 117.6536312849162
 161 119.6648044692737
 74 121.6759776536313
 165 123.6871508379888
 168 125.6983240223464
 73 127.7094972067039
 158 129.7206703910614
 175 131.731843575419
 4 133.7430167597765
 100 135.7541899441341
 187 137.7653631284916
 77 139.7765363128492
 154 141.7877094972067
 431 143.7988826815642
 122 145.8100558659218
 199 147.8212290502793
 36 149.8324022346369
 174 151.8435754189944
 64 153.854748603352
 448 155.8659217877095
 51 157.8770949720671
 141 159.8882681564246
 73 161.8994413407821
 51 163.9106145251397
 13 165.9217877094972
 104 167.9329608938548
 223 169.9441340782123
 315 171.9553072625699
 3 173.9664804469274
 142 175.9776536312849
 4 177.9888268156425
 0 180


