# Created by Octave 3.8.2, Sat Jun 20 12:38:18 2020 CEST <damian@fptrucha.inv.usc.es>
# name: hd
# type: matrix
# rows: 180
# columns: 2
 2 -180
 149 -177.9888268156425
 1 -175.9776536312849
 382 -173.9664804469274
 267 -171.9553072625698
 195 -169.9441340782123
 34 -167.9329608938548
 41 -165.9217877094972
 58 -163.9106145251397
 169 -161.8994413407821
 47 -159.8882681564246
 679 -157.877094972067
 57 -155.8659217877095
 144 -153.854748603352
 45 -151.8435754189944
 76 -149.8324022346369
 217 -147.8212290502793
 678 -145.8100558659218
 111 -143.7988826815642
 79 -141.7877094972067
 172 -139.7765363128491
 119 -137.7653631284916
 2 -135.7541899441341
 152 -133.7430167597765
 173 -131.731843575419
 91 -129.7206703910614
 177 -127.7094972067039
 228 -125.6983240223464
 101 -123.6871508379888
 209 -121.6759776536313
 190 -119.6648044692737
 1 -117.6536312849162
 106 -115.6424581005587
 132 -113.6312849162011
 123 -111.6201117318436
 21 -109.608938547486
 39 -107.5977653631285
 24 -105.5865921787709
 8 -103.5754189944134
 6 -101.5642458100559
 0 -99.55307262569832
 1 -97.54189944134077
 3 -95.53072625698323
 5 -93.5195530726257
 8720 -91.50837988826815
 11 -89.49720670391061
 3 -87.48603351955308
 1 -85.47486033519553
 0 -83.46368715083798
 0 -81.45251396648044
 9 -79.44134078212289
 5 -77.43016759776536
 45 -75.41899441340782
 12 -73.40782122905027
 50 -71.39664804469274
 96 -69.38547486033519
 63 -67.37430167597765
 113 -65.3631284916201
 57 -63.35195530726256
 292 -61.34078212290503
 199 -59.32960893854748
 204 -57.31843575418993
 94 -55.3072625698324
 84 -53.29608938547486
 232 -51.28491620111731
 43 -49.27374301675977
 110 -47.26256983240222
 3 -45.25139664804468
 288 -43.24022346368713
 2 -41.22905027932961
 159 -39.21787709497207
 364 -37.20670391061452
 503 -35.19553072625698
 120 -33.18435754189943
 66 -31.17318435754188
 166 -29.16201117318434
 14 -27.15083798882682
 64 -25.13966480446928
 643 -23.12849162011173
 181 -21.11731843575419
 59 -19.10614525139664
 7 -17.09497206703909
 45 -15.08379888268155
 141 -13.072625698324
 9 -11.06145251396646
 638 -9.050279329608941
 1 -7.039106145251395
 140 -5.02793296089385
 28 -3.016759776536304
 3 -1.005586592178759
 17 1.005586592178787
 150 3.016759776536333
 0 5.02793296089385
 603 7.039106145251395
 11 9.050279329608941
 140 11.06145251396649
 61 13.07262569832403
 10 15.08379888268158
 48 17.09497206703912
 121 19.10614525139667
 595 21.11731843575421
 73 23.12849162011173
 109 25.13966480446928
 113 27.15083798882682
 55 29.16201117318437
 241 31.17318435754191
 332 33.18435754189946
 247 35.195530726257
 191 37.20670391061452
 34 39.21787709497207
 311 41.22905027932961
 0 43.24022346368716
 141 45.2513966480447
 74 47.26256983240225
 234 49.27374301675979
 102 51.28491620111734
 214 53.29608938547489
 81 55.3072625698324
 126 57.31843575418995
 287 59.32960893854749
 63 61.34078212290504
 140 63.35195530726259
 79 65.36312849162013
 115 67.37430167597768
 55 69.38547486033519
 31 71.39664804469274
 47 73.40782122905028
 9 75.41899441340783
 8 77.43016759776538
 1 79.44134078212289
 0 81.45251396648047
 1 83.46368715083798
 4 85.47486033519556
 7 87.48603351955308
 8599 89.49720670391065
 6 91.50837988826817
 3 93.51955307262574
 2 95.53072625698326
 0 97.54189944134077
 5 99.55307262569835
 11 101.5642458100559
 24 103.5754189944134
 35 105.586592178771
 23 107.5977653631285
 122 109.608938547486
 129 111.6201117318436
 141 113.6312849162011
 2 115.6424581005587
 237 117.6536312849162
 201 119.6648044692737
 96 121.6759776536313
 212 123.6871508379888
 194 125.6983240223464
 99 127.7094972067039
 186 129.7206703910614
 197 131.731843575419
 7 133.7430167597765
 138 135.7541899441341
 193 137.7653631284916
 119 139.7765363128492
 160 141.7877094972067
 483 143.7988826815642
 151 145.8100558659218
 246 147.8212290502793
 54 149.8324022346369
 168 151.8435754189944
 81 153.854748603352
 471 155.8659217877095
 61 157.8770949720671
 126 159.8882681564246
 80 161.8994413407821
 53 163.9106145251397
 17 165.9217877094972
 140 167.9329608938548
 256 169.9441340782123
 351 171.9553072625699
 3 173.9664804469274
 181 175.9776536312849
 2 177.9888268156425
 0 180


