# Created by Octave 3.8.2, Sun Jun 21 06:30:50 2020 CEST <damian@fptrucha.inv.usc.es>
# name: hd
# type: matrix
# rows: 180
# columns: 2
 4 -180
 157 -177.9888268156425
 4 -175.9776536312849
 377 -173.9664804469274
 260 -171.9553072625698
 148 -169.9441340782123
 36 -167.9329608938548
 36 -165.9217877094972
 56 -163.9106145251397
 134 -161.8994413407821
 38 -159.8882681564246
 624 -157.877094972067
 57 -155.8659217877095
 109 -153.854748603352
 36 -151.8435754189944
 53 -149.8324022346369
 209 -147.8212290502793
 655 -145.8100558659218
 101 -143.7988826815642
 97 -141.7877094972067
 155 -139.7765363128491
 87 -137.7653631284916
 0 -135.7541899441341
 168 -133.7430167597765
 157 -131.731843575419
 76 -129.7206703910614
 177 -127.7094972067039
 258 -125.6983240223464
 89 -123.6871508379888
 179 -121.6759776536313
 174 -119.6648044692737
 1 -117.6536312849162
 80 -115.6424581005587
 126 -113.6312849162011
 92 -111.6201117318436
 15 -109.608938547486
 43 -107.5977653631285
 16 -105.5865921787709
 17 -103.5754189944134
 6 -101.5642458100559
 1 -99.55307262569832
 0 -97.54189944134077
 1 -95.53072625698323
 2 -93.5195530726257
 8038 -91.50837988826815
 2 -89.49720670391061
 9 -87.48603351955308
 2 -85.47486033519553
 0 -83.46368715083798
 3 -81.45251396648044
 9 -79.44134078212289
 4 -77.43016759776536
 45 -75.41899441340782
 17 -73.40782122905027
 55 -71.39664804469274
 108 -69.38547486033519
 72 -67.37430167597765
 92 -65.3631284916201
 46 -63.35195530726256
 283 -61.34078212290503
 147 -59.32960893854748
 183 -57.31843575418993
 88 -55.3072625698324
 74 -53.29608938547486
 244 -51.28491620111731
 55 -49.27374301675977
 108 -47.26256983240222
 3 -45.25139664804468
 244 -43.24022346368713
 1 -41.22905027932961
 130 -39.21787709497207
 315 -37.20670391061452
 458 -35.19553072625698
 112 -33.18435754189943
 61 -31.17318435754188
 143 -29.16201117318434
 9 -27.15083798882682
 60 -25.13966480446928
 629 -23.12849162011173
 138 -21.11731843575419
 45 -19.10614525139664
 12 -17.09497206703909
 44 -15.08379888268155
 134 -13.072625698324
 8 -11.06145251396646
 553 -9.050279329608941
 3 -7.039106145251395
 123 -5.02793296089385
 13 -3.016759776536304
 1 -1.005586592178759
 20 1.005586592178787
 111 3.016759776536333
 3 5.02793296089385
 554 7.039106145251395
 11 9.050279329608941
 160 11.06145251396649
 38 13.07262569832403
 6 15.08379888268158
 59 17.09497206703912
 107 19.10614525139667
 516 21.11731843575421
 47 23.12849162011173
 82 25.13966480446928
 93 27.15083798882682
 60 29.16201117318437
 217 31.17318435754191
 313 33.18435754189946
 226 35.195530726257
 183 37.20670391061452
 33 39.21787709497207
 298 41.22905027932961
 3 43.24022346368716
 113 45.2513966480447
 49 47.26256983240225
 212 49.27374301675979
 66 51.28491620111734
 212 53.29608938547489
 85 55.3072625698324
 126 57.31843575418995
 253 59.32960893854749
 51 61.34078212290504
 89 63.35195530726259
 75 65.36312849162013
 104 67.37430167597768
 41 69.38547486033519
 35 71.39664804469274
 53 73.40782122905028
 4 75.41899441340783
 14 77.43016759776538
 3 79.44134078212289
 2 81.45251396648047
 0 83.46368715083798
 4 85.47486033519556
 6 87.48603351955308
 7543 89.49720670391065
 4 91.50837988826817
 4 93.51955307262574
 1 95.53072625698326
 0 97.54189944134077
 0 99.55307262569835
 17 101.5642458100559
 20 103.5754189944134
 51 105.586592178771
 18 107.5977653631285
 118 109.608938547486
 116 111.6201117318436
 112 113.6312849162011
 3 115.6424581005587
 193 117.6536312849162
 148 119.6648044692737
 91 121.6759776536313
 175 123.6871508379888
 158 125.6983240223464
 87 127.7094972067039
 159 129.7206703910614
 176 131.731843575419
 2 133.7430167597765
 110 135.7541899441341
 169 137.7653631284916
 94 139.7765363128492
 120 141.7877094972067
 462 143.7988826815642
 114 145.8100558659218
 208 147.8212290502793
 45 149.8324022346369
 154 151.8435754189944
 68 153.854748603352
 434 155.8659217877095
 44 157.8770949720671
 121 159.8882681564246
 62 161.8994413407821
 54 163.9106145251397
 17 165.9217877094972
 134 167.9329608938548
 244 169.9441340782123
 353 171.9553072625699
 3 173.9664804469274
 149 175.9776536312849
 3 177.9888268156425
 0 180


