# Created by Octave 3.8.2, Mon Jun 22 03:55:41 2020 CEST <damian@fptrucha.inv.usc.es>
# name: hd
# type: matrix
# rows: 180
# columns: 2
 8 -180
 157 -177.9888268156425
 3 -175.9776536312849
 354 -173.9664804469274
 236 -171.9553072625698
 135 -169.9441340782123
 34 -167.9329608938548
 33 -165.9217877094972
 78 -163.9106145251397
 150 -161.8994413407821
 39 -159.8882681564246
 481 -157.877094972067
 71 -155.8659217877095
 117 -153.854748603352
 44 -151.8435754189944
 68 -149.8324022346369
 171 -147.8212290502793
 534 -145.8100558659218
 116 -143.7988826815642
 95 -141.7877094972067
 180 -139.7765363128491
 91 -137.7653631284916
 1 -135.7541899441341
 158 -133.7430167597765
 152 -131.731843575419
 70 -129.7206703910614
 176 -127.7094972067039
 191 -125.6983240223464
 97 -123.6871508379888
 165 -121.6759776536313
 178 -119.6648044692737
 9 -117.6536312849162
 121 -115.6424581005587
 126 -113.6312849162011
 119 -111.6201117318436
 29 -109.608938547486
 35 -107.5977653631285
 18 -105.5865921787709
 11 -103.5754189944134
 5 -101.5642458100559
 1 -99.55307262569832
 0 -97.54189944134077
 6 -95.53072625698323
 9 -93.5195530726257
 7259 -91.50837988826815
 14 -89.49720670391061
 2 -87.48603351955308
 0 -85.47486033519553
 0 -83.46368715083798
 4 -81.45251396648044
 10 -79.44134078212289
 9 -77.43016759776536
 50 -75.41899441340782
 28 -73.40782122905027
 49 -71.39664804469274
 95 -69.38547486033519
 76 -67.37430167597765
 108 -65.3631284916201
 59 -63.35195530726256
 237 -61.34078212290503
 161 -59.32960893854748
 196 -57.31843575418993
 93 -55.3072625698324
 59 -53.29608938547486
 231 -51.28491620111731
 57 -49.27374301675977
 102 -47.26256983240222
 3 -45.25139664804468
 302 -43.24022346368713
 3 -41.22905027932961
 153 -39.21787709497207
 264 -37.20670391061452
 408 -35.19553072625698
 116 -33.18435754189943
 55 -31.17318435754188
 148 -29.16201117318434
 6 -27.15083798882682
 55 -25.13966480446928
 514 -23.12849162011173
 143 -21.11731843575419
 47 -19.10614525139664
 11 -17.09497206703909
 31 -15.08379888268155
 138 -13.072625698324
 12 -11.06145251396646
 509 -9.050279329608941
 4 -7.039106145251395
 125 -5.02793296089385
 22 -3.016759776536304
 1 -1.005586592178759
 19 1.005586592178787
 120 3.016759776536333
 4 5.02793296089385
 505 7.039106145251395
 5 9.050279329608941
 152 11.06145251396649
 47 13.07262569832403
 12 15.08379888268158
 48 17.09497206703912
 133 19.10614525139667
 481 21.11731843575421
 59 23.12849162011173
 94 25.13966480446928
 105 27.15083798882682
 68 29.16201117318437
 201 31.17318435754191
 290 33.18435754189946
 226 35.195530726257
 129 37.20670391061452
 35 39.21787709497207
 275 41.22905027932961
 0 43.24022346368716
 112 45.2513966480447
 60 47.26256983240225
 195 49.27374301675979
 73 51.28491620111734
 181 53.29608938547489
 78 55.3072625698324
 124 57.31843575418995
 224 59.32960893854749
 71 61.34078212290504
 102 63.35195530726259
 81 65.36312849162013
 95 67.37430167597768
 41 69.38547486033519
 33 71.39664804469274
 46 73.40782122905028
 10 75.41899441340783
 10 77.43016759776538
 3 79.44134078212289
 0 81.45251396648047
 1 83.46368715083798
 11 85.47486033519556
 10 87.48603351955308
 6879 89.49720670391065
 7 91.50837988826817
 8 93.51955307262574
 1 95.53072625698326
 2 97.54189944134077
 1 99.55307262569835
 15 101.5642458100559
 24 103.5754189944134
 49 105.586592178771
 27 107.5977653631285
 122 109.608938547486
 112 111.6201117318436
 106 113.6312849162011
 3 115.6424581005587
 203 117.6536312849162
 166 119.6648044692737
 89 121.6759776536313
 156 123.6871508379888
 170 125.6983240223464
 79 127.7094972067039
 154 129.7206703910614
 167 131.731843575419
 2 133.7430167597765
 120 135.7541899441341
 174 137.7653631284916
 93 139.7765363128492
 118 141.7877094972067
 465 143.7988826815642
 101 145.8100558659218
 180 147.8212290502793
 48 149.8324022346369
 124 151.8435754189944
 71 153.854748603352
 484 155.8659217877095
 45 157.8770949720671
 140 159.8882681564246
 72 161.8994413407821
 58 163.9106145251397
 20 165.9217877094972
 130 167.9329608938548
 233 169.9441340782123
 292 171.9553072625699
 5 173.9664804469274
 146 175.9776536312849
 3 177.9888268156425
 0 180


