# Created by Octave 3.8.2, Sat Jun 20 15:29:04 2020 CEST <damian@fptrucha.inv.usc.es>
# name: hd
# type: matrix
# rows: 180
# columns: 2
 2 -180
 170 -177.9888268156425
 2 -175.9776536312849
 389 -173.9664804469274
 212 -171.9553072625698
 174 -169.9441340782123
 24 -167.9329608938548
 31 -165.9217877094972
 68 -163.9106145251397
 164 -161.8994413407821
 41 -159.8882681564246
 626 -157.877094972067
 49 -155.8659217877095
 122 -153.854748603352
 36 -151.8435754189944
 65 -149.8324022346369
 196 -147.8212290502793
 616 -145.8100558659218
 141 -143.7988826815642
 88 -141.7877094972067
 177 -139.7765363128491
 113 -137.7653631284916
 3 -135.7541899441341
 171 -133.7430167597765
 160 -131.731843575419
 92 -129.7206703910614
 189 -127.7094972067039
 233 -125.6983240223464
 102 -123.6871508379888
 185 -121.6759776536313
 165 -119.6648044692737
 1 -117.6536312849162
 109 -115.6424581005587
 123 -113.6312849162011
 118 -111.6201117318436
 15 -109.608938547486
 36 -107.5977653631285
 22 -105.5865921787709
 9 -103.5754189944134
 3 -101.5642458100559
 0 -99.55307262569832
 2 -97.54189944134077
 2 -95.53072625698323
 4 -93.5195530726257
 8371 -91.50837988826815
 8 -89.49720670391061
 2 -87.48603351955308
 1 -85.47486033519553
 2 -83.46368715083798
 3 -81.45251396648044
 4 -79.44134078212289
 1 -77.43016759776536
 42 -75.41899441340782
 24 -73.40782122905027
 50 -71.39664804469274
 117 -69.38547486033519
 58 -67.37430167597765
 91 -65.3631284916201
 47 -63.35195530726256
 245 -61.34078212290503
 160 -59.32960893854748
 209 -57.31843575418993
 87 -55.3072625698324
 68 -53.29608938547486
 213 -51.28491620111731
 50 -49.27374301675977
 106 -47.26256983240222
 1 -45.25139664804468
 275 -43.24022346368713
 2 -41.22905027932961
 156 -39.21787709497207
 341 -37.20670391061452
 480 -35.19553072625698
 111 -33.18435754189943
 65 -31.17318435754188
 149 -29.16201117318434
 21 -27.15083798882682
 56 -25.13966480446928
 657 -23.12849162011173
 151 -21.11731843575419
 40 -19.10614525139664
 4 -17.09497206703909
 38 -15.08379888268155
 148 -13.072625698324
 16 -11.06145251396646
 575 -9.050279329608941
 1 -7.039106145251395
 146 -5.02793296089385
 15 -3.016759776536304
 5 -1.005586592178759
 19 1.005586592178787
 131 3.016759776536333
 2 5.02793296089385
 554 7.039106145251395
 9 9.050279329608941
 136 11.06145251396649
 43 13.07262569832403
 10 15.08379888268158
 59 17.09497206703912
 130 19.10614525139667
 538 21.11731843575421
 67 23.12849162011173
 95 25.13966480446928
 96 27.15083798882682
 54 29.16201117318437
 216 31.17318435754191
 344 33.18435754189946
 237 35.195530726257
 182 37.20670391061452
 28 39.21787709497207
 292 41.22905027932961
 0 43.24022346368716
 130 45.2513966480447
 63 47.26256983240225
 235 49.27374301675979
 83 51.28491620111734
 197 53.29608938547489
 83 55.3072625698324
 121 57.31843575418995
 281 59.32960893854749
 71 61.34078212290504
 126 63.35195530726259
 67 65.36312849162013
 111 67.37430167597768
 57 69.38547486033519
 33 71.39664804469274
 48 73.40782122905028
 8 75.41899441340783
 7 77.43016759776538
 2 79.44134078212289
 0 81.45251396648047
 1 83.46368715083798
 5 85.47486033519556
 5 87.48603351955308
 7955 89.49720670391065
 1 91.50837988826817
 1 93.51955307262574
 2 95.53072625698326
 2 97.54189944134077
 1 99.55307262569835
 11 101.5642458100559
 22 103.5754189944134
 41 105.586592178771
 12 107.5977653631285
 107 109.608938547486
 126 111.6201117318436
 116 113.6312849162011
 1 115.6424581005587
 212 117.6536312849162
 193 119.6648044692737
 74 121.6759776536313
 172 123.6871508379888
 183 125.6983240223464
 77 127.7094972067039
 187 129.7206703910614
 188 131.731843575419
 2 133.7430167597765
 97 135.7541899441341
 173 137.7653631284916
 119 139.7765363128492
 142 141.7877094972067
 490 143.7988826815642
 158 145.8100558659218
 213 147.8212290502793
 51 149.8324022346369
 153 151.8435754189944
 66 153.854748603352
 468 155.8659217877095
 49 157.8770949720671
 132 159.8882681564246
 70 161.8994413407821
 70 163.9106145251397
 15 165.9217877094972
 131 167.9329608938548
 206 169.9441340782123
 358 171.9553072625699
 4 173.9664804469274
 151 175.9776536312849
 2 177.9888268156425
 0 180


