# Created by Octave 3.8.2, Mon Jun 22 11:32:43 2020 CEST <damian@fptrucha.inv.usc.es>
# name: hd
# type: matrix
# rows: 180
# columns: 2
 3 -180
 99 -177.9888268156425
 3 -175.9776536312849
 235 -173.9664804469274
 161 -171.9553072625698
 92 -169.9441340782123
 27 -167.9329608938548
 21 -165.9217877094972
 39 -163.9106145251397
 93 -161.8994413407821
 16 -159.8882681564246
 380 -157.877094972067
 40 -155.8659217877095
 73 -153.854748603352
 26 -151.8435754189944
 56 -149.8324022346369
 146 -147.8212290502793
 361 -145.8100558659218
 84 -143.7988826815642
 55 -141.7877094972067
 134 -139.7765363128491
 85 -137.7653631284916
 1 -135.7541899441341
 99 -133.7430167597765
 113 -131.731843575419
 45 -129.7206703910614
 119 -127.7094972067039
 142 -125.6983240223464
 57 -123.6871508379888
 129 -121.6759776536313
 122 -119.6648044692737
 3 -117.6536312849162
 69 -115.6424581005587
 92 -113.6312849162011
 69 -111.6201117318436
 14 -109.608938547486
 17 -107.5977653631285
 26 -105.5865921787709
 9 -103.5754189944134
 2 -101.5642458100559
 2 -99.55307262569832
 0 -97.54189944134077
 2 -95.53072625698323
 5 -93.5195530726257
 5090 -91.50837988826815
 8 -89.49720670391061
 3 -87.48603351955308
 1 -85.47486033519553
 1 -83.46368715083798
 2 -81.45251396648044
 3 -79.44134078212289
 6 -77.43016759776536
 31 -75.41899441340782
 22 -73.40782122905027
 31 -71.39664804469274
 77 -69.38547486033519
 49 -67.37430167597765
 78 -65.3631284916201
 32 -63.35195530726256
 166 -61.34078212290503
 92 -59.32960893854748
 115 -57.31843575418993
 52 -55.3072625698324
 44 -53.29608938547486
 139 -51.28491620111731
 42 -49.27374301675977
 65 -47.26256983240222
 3 -45.25139664804468
 179 -43.24022346368713
 1 -41.22905027932961
 107 -39.21787709497207
 178 -37.20670391061452
 269 -35.19553072625698
 85 -33.18435754189943
 50 -31.17318435754188
 95 -29.16201117318434
 8 -27.15083798882682
 41 -25.13966480446928
 392 -23.12849162011173
 87 -21.11731843575419
 33 -19.10614525139664
 8 -17.09497206703909
 29 -15.08379888268155
 103 -13.072625698324
 8 -11.06145251396646
 345 -9.050279329608941
 1 -7.039106145251395
 97 -5.02793296089385
 18 -3.016759776536304
 3 -1.005586592178759
 12 1.005586592178787
 78 3.016759776536333
 3 5.02793296089385
 352 7.039106145251395
 4 9.050279329608941
 96 11.06145251396649
 32 13.07262569832403
 7 15.08379888268158
 36 17.09497206703912
 74 19.10614525139667
 382 21.11731843575421
 34 23.12849162011173
 47 25.13966480446928
 78 27.15083798882682
 39 29.16201117318437
 117 31.17318435754191
 199 33.18435754189946
 176 35.195530726257
 95 37.20670391061452
 18 39.21787709497207
 181 41.22905027932961
 1 43.24022346368716
 97 45.2513966480447
 51 47.26256983240225
 167 49.27374301675979
 49 51.28491620111734
 135 53.29608938547489
 56 55.3072625698324
 81 57.31843575418995
 157 59.32960893854749
 37 61.34078212290504
 89 63.35195530726259
 46 65.36312849162013
 75 67.37430167597768
 30 69.38547486033519
 32 71.39664804469274
 30 73.40782122905028
 6 75.41899441340783
 9 77.43016759776538
 0 79.44134078212289
 1 81.45251396648047
 0 83.46368715083798
 4 85.47486033519556
 5 87.48603351955308
 4976 89.49720670391065
 4 91.50837988826817
 5 93.51955307262574
 2 95.53072625698326
 1 97.54189944134077
 3 99.55307262569835
 11 101.5642458100559
 18 103.5754189944134
 29 105.586592178771
 12 107.5977653631285
 74 109.608938547486
 93 111.6201117318436
 77 113.6312849162011
 3 115.6424581005587
 128 117.6536312849162
 121 119.6648044692737
 61 121.6759776536313
 100 123.6871508379888
 109 125.6983240223464
 42 127.7094972067039
 126 129.7206703910614
 120 131.731843575419
 2 133.7430167597765
 76 135.7541899441341
 96 137.7653631284916
 67 139.7765363128492
 101 141.7877094972067
 313 143.7988826815642
 76 145.8100558659218
 142 147.8212290502793
 33 149.8324022346369
 97 151.8435754189944
 39 153.854748603352
 332 155.8659217877095
 33 157.8770949720671
 85 159.8882681564246
 46 161.8994413407821
 33 163.9106145251397
 19 165.9217877094972
 91 167.9329608938548
 144 169.9441340782123
 213 171.9553072625699
 5 173.9664804469274
 104 175.9776536312849
 2 177.9888268156425
 0 180


