# Created by Octave 3.8.2, Mon Jun 22 18:00:51 2020 CEST <damian@fptrucha.inv.usc.es>
# name: hd
# type: matrix
# rows: 180
# columns: 2
 6 -180
 189 -177.9888268156425
 4 -175.9776536312849
 367 -173.9664804469274
 231 -171.9553072625698
 124 -169.9441340782123
 33 -167.9329608938548
 37 -165.9217877094972
 60 -163.9106145251397
 138 -161.8994413407821
 47 -159.8882681564246
 597 -157.877094972067
 84 -155.8659217877095
 140 -153.854748603352
 46 -151.8435754189944
 75 -149.8324022346369
 246 -147.8212290502793
 569 -145.8100558659218
 115 -143.7988826815642
 97 -141.7877094972067
 179 -139.7765363128491
 137 -137.7653631284916
 1 -135.7541899441341
 195 -133.7430167597765
 158 -131.731843575419
 88 -129.7206703910614
 196 -127.7094972067039
 215 -125.6983240223464
 126 -123.6871508379888
 214 -121.6759776536313
 209 -119.6648044692737
 5 -117.6536312849162
 145 -115.6424581005587
 119 -113.6312849162011
 103 -111.6201117318436
 28 -109.608938547486
 43 -107.5977653631285
 23 -105.5865921787709
 22 -103.5754189944134
 1 -101.5642458100559
 0 -99.55307262569832
 3 -97.54189944134077
 2 -95.53072625698323
 7 -93.5195530726257
 8287 -91.50837988826815
 10 -89.49720670391061
 5 -87.48603351955308
 1 -85.47486033519553
 3 -83.46368715083798
 5 -81.45251396648044
 6 -79.44134078212289
 7 -77.43016759776536
 56 -75.41899441340782
 27 -73.40782122905027
 44 -71.39664804469274
 137 -69.38547486033519
 80 -67.37430167597765
 110 -65.3631284916201
 67 -63.35195530726256
 262 -61.34078212290503
 136 -59.32960893854748
 237 -57.31843575418993
 92 -55.3072625698324
 83 -53.29608938547486
 218 -51.28491620111731
 68 -49.27374301675977
 96 -47.26256983240222
 2 -45.25139664804468
 285 -43.24022346368713
 1 -41.22905027932961
 165 -39.21787709497207
 305 -37.20670391061452
 465 -35.19553072625698
 110 -33.18435754189943
 69 -31.17318435754188
 179 -29.16201117318434
 6 -27.15083798882682
 60 -25.13966480446928
 619 -23.12849162011173
 149 -21.11731843575419
 54 -19.10614525139664
 17 -17.09497206703909
 37 -15.08379888268155
 166 -13.072625698324
 10 -11.06145251396646
 590 -9.050279329608941
 0 -7.039106145251395
 137 -5.02793296089385
 20 -3.016759776536304
 1 -1.005586592178759
 20 1.005586592178787
 123 3.016759776536333
 4 5.02793296089385
 609 7.039106145251395
 11 9.050279329608941
 139 11.06145251396649
 38 13.07262569832403
 13 15.08379888268158
 50 17.09497206703912
 144 19.10614525139667
 534 21.11731843575421
 64 23.12849162011173
 86 25.13966480446928
 94 27.15083798882682
 53 29.16201117318437
 195 31.17318435754191
 341 33.18435754189946
 236 35.195530726257
 142 37.20670391061452
 34 39.21787709497207
 294 41.22905027932961
 0 43.24022346368716
 98 45.2513966480447
 59 47.26256983240225
 244 49.27374301675979
 84 51.28491620111734
 208 53.29608938547489
 75 55.3072625698324
 151 57.31843575418995
 260 59.32960893854749
 65 61.34078212290504
 134 63.35195530726259
 66 65.36312849162013
 115 67.37430167597768
 59 69.38547486033519
 43 71.39664804469274
 42 73.40782122905028
 7 75.41899441340783
 6 77.43016759776538
 6 79.44134078212289
 2 81.45251396648047
 2 83.46368715083798
 7 85.47486033519556
 12 87.48603351955308
 7723 89.49720670391065
 12 91.50837988826817
 5 93.51955307262574
 0 95.53072625698326
 2 97.54189944134077
 2 99.55307262569835
 18 101.5642458100559
 37 103.5754189944134
 59 105.586592178771
 26 107.5977653631285
 114 109.608938547486
 143 111.6201117318436
 129 113.6312849162011
 5 115.6424581005587
 246 117.6536312849162
 182 119.6648044692737
 91 121.6759776536313
 183 123.6871508379888
 166 125.6983240223464
 86 127.7094972067039
 180 129.7206703910614
 179 131.731843575419
 3 133.7430167597765
 112 135.7541899441341
 168 137.7653631284916
 87 139.7765363128492
 130 141.7877094972067
 505 143.7988826815642
 134 145.8100558659218
 187 147.8212290502793
 57 149.8324022346369
 146 151.8435754189944
 63 153.854748603352
 517 155.8659217877095
 56 157.8770949720671
 130 159.8882681564246
 69 161.8994413407821
 61 163.9106145251397
 21 165.9217877094972
 146 167.9329608938548
 220 169.9441340782123
 360 171.9553072625699
 6 173.9664804469274
 158 175.9776536312849
 2 177.9888268156425
 0 180


