# Created by Octave 3.8.2, Sun Jun 21 05:07:18 2020 CEST <damian@fptrucha.inv.usc.es>
# name: hd
# type: matrix
# rows: 180
# columns: 2
 2 -180
 158 -177.9888268156425
 3 -175.9776536312849
 370 -173.9664804469274
 232 -171.9553072625698
 154 -169.9441340782123
 36 -167.9329608938548
 39 -165.9217877094972
 48 -163.9106145251397
 143 -161.8994413407821
 29 -159.8882681564246
 618 -157.877094972067
 72 -155.8659217877095
 116 -153.854748603352
 34 -151.8435754189944
 54 -149.8324022346369
 202 -147.8212290502793
 606 -145.8100558659218
 126 -143.7988826815642
 93 -141.7877094972067
 165 -139.7765363128491
 105 -137.7653631284916
 1 -135.7541899441341
 162 -133.7430167597765
 144 -131.731843575419
 77 -129.7206703910614
 179 -127.7094972067039
 261 -125.6983240223464
 92 -123.6871508379888
 186 -121.6759776536313
 189 -119.6648044692737
 5 -117.6536312849162
 109 -115.6424581005587
 117 -113.6312849162011
 125 -111.6201117318436
 15 -109.608938547486
 34 -107.5977653631285
 25 -105.5865921787709
 11 -103.5754189944134
 2 -101.5642458100559
 0 -99.55307262569832
 0 -97.54189944134077
 4 -95.53072625698323
 4 -93.5195530726257
 8056 -91.50837988826815
 11 -89.49720670391061
 2 -87.48603351955308
 0 -85.47486033519553
 0 -83.46368715083798
 2 -81.45251396648044
 4 -79.44134078212289
 4 -77.43016759776536
 49 -75.41899441340782
 25 -73.40782122905027
 41 -71.39664804469274
 124 -69.38547486033519
 62 -67.37430167597765
 99 -65.3631284916201
 58 -63.35195530726256
 278 -61.34078212290503
 145 -59.32960893854748
 217 -57.31843575418993
 96 -55.3072625698324
 82 -53.29608938547486
 224 -51.28491620111731
 60 -49.27374301675977
 106 -47.26256983240222
 2 -45.25139664804468
 275 -43.24022346368713
 0 -41.22905027932961
 151 -39.21787709497207
 293 -37.20670391061452
 479 -35.19553072625698
 121 -33.18435754189943
 53 -31.17318435754188
 152 -29.16201117318434
 6 -27.15083798882682
 69 -25.13966480446928
 668 -23.12849162011173
 143 -21.11731843575419
 52 -19.10614525139664
 5 -17.09497206703909
 39 -15.08379888268155
 176 -13.072625698324
 6 -11.06145251396646
 587 -9.050279329608941
 1 -7.039106145251395
 127 -5.02793296089385
 11 -3.016759776536304
 1 -1.005586592178759
 19 1.005586592178787
 122 3.016759776536333
 0 5.02793296089385
 518 7.039106145251395
 8 9.050279329608941
 142 11.06145251396649
 37 13.07262569832403
 5 15.08379888268158
 56 17.09497206703912
 99 19.10614525139667
 533 21.11731843575421
 37 23.12849162011173
 76 25.13966480446928
 105 27.15083798882682
 67 29.16201117318437
 216 31.17318435754191
 314 33.18435754189946
 219 35.195530726257
 169 37.20670391061452
 33 39.21787709497207
 280 41.22905027932961
 3 43.24022346368716
 121 45.2513966480447
 67 47.26256983240225
 227 49.27374301675979
 84 51.28491620111734
 183 53.29608938547489
 65 55.3072625698324
 138 57.31843575418995
 282 59.32960893854749
 70 61.34078212290504
 134 63.35195530726259
 57 65.36312849162013
 110 67.37430167597768
 41 69.38547486033519
 26 71.39664804469274
 48 73.40782122905028
 8 75.41899441340783
 4 77.43016759776538
 0 79.44134078212289
 0 81.45251396648047
 0 83.46368715083798
 2 85.47486033519556
 12 87.48603351955308
 7613 89.49720670391065
 6 91.50837988826817
 5 93.51955307262574
 0 95.53072625698326
 0 97.54189944134077
 2 99.55307262569835
 10 101.5642458100559
 19 103.5754189944134
 39 105.586592178771
 17 107.5977653631285
 91 109.608938547486
 122 111.6201117318436
 130 113.6312849162011
 0 115.6424581005587
 186 117.6536312849162
 170 119.6648044692737
 88 121.6759776536313
 163 123.6871508379888
 159 125.6983240223464
 86 127.7094972067039
 186 129.7206703910614
 189 131.731843575419
 4 133.7430167597765
 138 135.7541899441341
 175 137.7653631284916
 111 139.7765363128492
 151 141.7877094972067
 459 143.7988826815642
 110 145.8100558659218
 215 147.8212290502793
 48 149.8324022346369
 151 151.8435754189944
 60 153.854748603352
 451 155.8659217877095
 42 157.8770949720671
 136 159.8882681564246
 83 161.8994413407821
 47 163.9106145251397
 21 165.9217877094972
 140 167.9329608938548
 210 169.9441340782123
 304 171.9553072625699
 5 173.9664804469274
 151 175.9776536312849
 5 177.9888268156425
 0 180


