# Created by Octave 3.8.2, Sat Jun 20 02:24:10 2020 CEST <damian@fptrucha.inv.usc.es>
# name: hd
# type: matrix
# rows: 180
# columns: 2
 2 -180
 181 -177.9888268156425
 4 -175.9776536312849
 402 -173.9664804469274
 267 -171.9553072625698
 182 -169.9441340782123
 28 -167.9329608938548
 45 -165.9217877094972
 59 -163.9106145251397
 161 -161.8994413407821
 54 -159.8882681564246
 719 -157.877094972067
 77 -155.8659217877095
 141 -153.854748603352
 45 -151.8435754189944
 85 -149.8324022346369
 253 -147.8212290502793
 709 -145.8100558659218
 158 -143.7988826815642
 112 -141.7877094972067
 207 -139.7765363128491
 139 -137.7653631284916
 2 -135.7541899441341
 176 -133.7430167597765
 189 -131.731843575419
 75 -129.7206703910614
 186 -127.7094972067039
 241 -125.6983240223464
 119 -123.6871508379888
 201 -121.6759776536313
 227 -119.6648044692737
 3 -117.6536312849162
 128 -115.6424581005587
 112 -113.6312849162011
 136 -111.6201117318436
 15 -109.608938547486
 49 -107.5977653631285
 39 -105.5865921787709
 12 -103.5754189944134
 2 -101.5642458100559
 2 -99.55307262569832
 1 -97.54189944134077
 1 -95.53072625698323
 6 -93.5195530726257
 9212 -91.50837988826815
 8 -89.49720670391061
 3 -87.48603351955308
 0 -85.47486033519553
 0 -83.46368715083798
 2 -81.45251396648044
 5 -79.44134078212289
 2 -77.43016759776536
 53 -75.41899441340782
 37 -73.40782122905027
 55 -71.39664804469274
 158 -69.38547486033519
 78 -67.37430167597765
 102 -65.3631284916201
 62 -63.35195530726256
 322 -61.34078212290503
 142 -59.32960893854748
 265 -57.31843575418993
 118 -55.3072625698324
 73 -53.29608938547486
 250 -51.28491620111731
 48 -49.27374301675977
 143 -47.26256983240222
 1 -45.25139664804468
 304 -43.24022346368713
 5 -41.22905027932961
 170 -39.21787709497207
 333 -37.20670391061452
 470 -35.19553072625698
 126 -33.18435754189943
 79 -31.17318435754188
 140 -29.16201117318434
 14 -27.15083798882682
 65 -25.13966480446928
 671 -23.12849162011173
 162 -21.11731843575419
 53 -19.10614525139664
 11 -17.09497206703909
 37 -15.08379888268155
 168 -13.072625698324
 5 -11.06145251396646
 596 -9.050279329608941
 0 -7.039106145251395
 120 -5.02793296089385
 16 -3.016759776536304
 3 -1.005586592178759
 24 1.005586592178787
 129 3.016759776536333
 2 5.02793296089385
 602 7.039106145251395
 7 9.050279329608941
 128 11.06145251396649
 39 13.07262569832403
 8 15.08379888268158
 68 17.09497206703912
 94 19.10614525139667
 556 21.11731843575421
 56 23.12849162011173
 90 25.13966480446928
 109 27.15083798882682
 63 29.16201117318437
 219 31.17318435754191
 398 33.18435754189946
 240 35.195530726257
 174 37.20670391061452
 35 39.21787709497207
 273 41.22905027932961
 2 43.24022346368716
 107 45.2513966480447
 55 47.26256983240225
 231 49.27374301675979
 100 51.28491620111734
 222 53.29608938547489
 86 55.3072625698324
 128 57.31843575418995
 267 59.32960893854749
 59 61.34078212290504
 99 63.35195530726259
 63 65.36312849162013
 100 67.37430167597768
 43 69.38547486033519
 29 71.39664804469274
 43 73.40782122905028
 8 75.41899441340783
 8 77.43016759776538
 4 79.44134078212289
 0 81.45251396648047
 1 83.46368715083798
 2 85.47486033519556
 22 87.48603351955308
 8143 89.49720670391065
 3 91.50837988826817
 3 93.51955307262574
 3 95.53072625698326
 0 97.54189944134077
 0 99.55307262569835
 9 101.5642458100559
 25 103.5754189944134
 47 105.586592178771
 12 107.5977653631285
 116 109.608938547486
 120 111.6201117318436
 118 113.6312849162011
 3 115.6424581005587
 196 117.6536312849162
 157 119.6648044692737
 80 121.6759776536313
 188 123.6871508379888
 190 125.6983240223464
 82 127.7094972067039
 160 129.7206703910614
 164 131.731843575419
 1 133.7430167597765
 118 135.7541899441341
 178 137.7653631284916
 110 139.7765363128492
 118 141.7877094972067
 497 143.7988826815642
 134 145.8100558659218
 247 147.8212290502793
 42 149.8324022346369
 174 151.8435754189944
 77 153.854748603352
 540 155.8659217877095
 57 157.8770949720671
 139 159.8882681564246
 69 161.8994413407821
 61 163.9106145251397
 17 165.9217877094972
 146 167.9329608938548
 256 169.9441340782123
 366 171.9553072625699
 3 173.9664804469274
 165 175.9776536312849
 5 177.9888268156425
 0 180


