# Created by Octave 3.8.2, Mon Jun 22 23:43:38 2020 CEST <damian@fptrucha.inv.usc.es>
# name: hd
# type: matrix
# rows: 180
# columns: 2
 7 -180
 195 -177.9888268156425
 3 -175.9776536312849
 403 -173.9664804469274
 247 -171.9553072625698
 153 -169.9441340782123
 32 -167.9329608938548
 54 -165.9217877094972
 62 -163.9106145251397
 169 -161.8994413407821
 45 -159.8882681564246
 612 -157.877094972067
 71 -155.8659217877095
 152 -153.854748603352
 50 -151.8435754189944
 73 -149.8324022346369
 231 -147.8212290502793
 608 -145.8100558659218
 124 -143.7988826815642
 94 -141.7877094972067
 192 -139.7765363128491
 127 -137.7653631284916
 4 -135.7541899441341
 178 -133.7430167597765
 169 -131.731843575419
 97 -129.7206703910614
 177 -127.7094972067039
 253 -125.6983240223464
 102 -123.6871508379888
 207 -121.6759776536313
 225 -119.6648044692737
 7 -117.6536312849162
 104 -115.6424581005587
 130 -113.6312849162011
 134 -111.6201117318436
 23 -109.608938547486
 39 -107.5977653631285
 19 -105.5865921787709
 13 -103.5754189944134
 4 -101.5642458100559
 1 -99.55307262569832
 0 -97.54189944134077
 1 -95.53072625698323
 9 -93.5195530726257
 8640 -91.50837988826815
 8 -89.49720670391061
 6 -87.48603351955308
 0 -85.47486033519553
 0 -83.46368715083798
 0 -81.45251396648044
 9 -79.44134078212289
 6 -77.43016759776536
 57 -75.41899441340782
 23 -73.40782122905027
 53 -71.39664804469274
 127 -69.38547486033519
 78 -67.37430167597765
 98 -65.3631284916201
 61 -63.35195530726256
 278 -61.34078212290503
 183 -59.32960893854748
 220 -57.31843575418993
 91 -55.3072625698324
 81 -53.29608938547486
 265 -51.28491620111731
 77 -49.27374301675977
 109 -47.26256983240222
 0 -45.25139664804468
 318 -43.24022346368713
 4 -41.22905027932961
 173 -39.21787709497207
 300 -37.20670391061452
 476 -35.19553072625698
 119 -33.18435754189943
 68 -31.17318435754188
 191 -29.16201117318434
 9 -27.15083798882682
 71 -25.13966480446928
 601 -23.12849162011173
 136 -21.11731843575419
 52 -19.10614525139664
 15 -17.09497206703909
 46 -15.08379888268155
 163 -13.072625698324
 10 -11.06145251396646
 593 -9.050279329608941
 2 -7.039106145251395
 130 -5.02793296089385
 26 -3.016759776536304
 3 -1.005586592178759
 36 1.005586592178787
 161 3.016759776536333
 4 5.02793296089385
 529 7.039106145251395
 9 9.050279329608941
 145 11.06145251396649
 41 13.07262569832403
 15 15.08379888268158
 66 17.09497206703912
 137 19.10614525139667
 608 21.11731843575421
 61 23.12849162011173
 100 25.13966480446928
 85 27.15083798882682
 64 29.16201117318437
 201 31.17318435754191
 340 33.18435754189946
 248 35.195530726257
 158 37.20670391061452
 48 39.21787709497207
 319 41.22905027932961
 1 43.24022346368716
 147 45.2513966480447
 93 47.26256983240225
 259 49.27374301675979
 102 51.28491620111734
 195 53.29608938547489
 82 55.3072625698324
 156 57.31843575418995
 305 59.32960893854749
 62 61.34078212290504
 143 63.35195530726259
 88 65.36312849162013
 129 67.37430167597768
 37 69.38547486033519
 42 71.39664804469274
 55 73.40782122905028
 10 75.41899441340783
 18 77.43016759776538
 1 79.44134078212289
 2 81.45251396648047
 1 83.46368715083798
 7 85.47486033519556
 14 87.48603351955308
 8048 89.49720670391065
 6 91.50837988826817
 5 93.51955307262574
 3 95.53072625698326
 1 97.54189944134077
 4 99.55307262569835
 20 101.5642458100559
 24 103.5754189944134
 34 105.586592178771
 31 107.5977653631285
 130 109.608938547486
 133 111.6201117318436
 130 113.6312849162011
 3 115.6424581005587
 205 117.6536312849162
 177 119.6648044692737
 83 121.6759776536313
 201 123.6871508379888
 181 125.6983240223464
 93 127.7094972067039
 161 129.7206703910614
 194 131.731843575419
 2 133.7430167597765
 137 135.7541899441341
 209 137.7653631284916
 103 139.7765363128492
 134 141.7877094972067
 543 143.7988826815642
 130 145.8100558659218
 228 147.8212290502793
 51 149.8324022346369
 172 151.8435754189944
 67 153.854748603352
 522 155.8659217877095
 62 157.8770949720671
 129 159.8882681564246
 82 161.8994413407821
 49 163.9106145251397
 21 165.9217877094972
 154 167.9329608938548
 222 169.9441340782123
 370 171.9553072625699
 3 173.9664804469274
 186 175.9776536312849
 6 177.9888268156425
 0 180


