# Created by Octave 3.8.2, Mon Jun 22 10:57:35 2020 CEST <damian@fptrucha.inv.usc.es>
# name: hd
# type: matrix
# rows: 180
# columns: 2
 5 -180
 161 -177.9888268156425
 4 -175.9776536312849
 387 -173.9664804469274
 200 -171.9553072625698
 146 -169.9441340782123
 34 -167.9329608938548
 51 -165.9217877094972
 60 -163.9106145251397
 146 -161.8994413407821
 51 -159.8882681564246
 580 -157.877094972067
 70 -155.8659217877095
 124 -153.854748603352
 32 -151.8435754189944
 80 -149.8324022346369
 243 -147.8212290502793
 532 -145.8100558659218
 129 -143.7988826815642
 109 -141.7877094972067
 186 -139.7765363128491
 110 -137.7653631284916
 3 -135.7541899441341
 187 -133.7430167597765
 178 -131.731843575419
 85 -129.7206703910614
 183 -127.7094972067039
 230 -125.6983240223464
 105 -123.6871508379888
 170 -121.6759776536313
 181 -119.6648044692737
 8 -117.6536312849162
 120 -115.6424581005587
 111 -113.6312849162011
 114 -111.6201117318436
 15 -109.608938547486
 36 -107.5977653631285
 27 -105.5865921787709
 8 -103.5754189944134
 0 -101.5642458100559
 4 -99.55307262569832
 2 -97.54189944134077
 5 -95.53072625698323
 15 -93.5195530726257
 7819 -91.50837988826815
 14 -89.49720670391061
 6 -87.48603351955308
 1 -85.47486033519553
 2 -83.46368715083798
 2 -81.45251396648044
 7 -79.44134078212289
 10 -77.43016759776536
 60 -75.41899441340782
 29 -73.40782122905027
 56 -71.39664804469274
 107 -69.38547486033519
 79 -67.37430167597765
 135 -65.3631284916201
 64 -63.35195530726256
 260 -61.34078212290503
 145 -59.32960893854748
 208 -57.31843575418993
 111 -55.3072625698324
 68 -53.29608938547486
 233 -51.28491620111731
 45 -49.27374301675977
 127 -47.26256983240222
 5 -45.25139664804468
 270 -43.24022346368713
 5 -41.22905027932961
 145 -39.21787709497207
 266 -37.20670391061452
 444 -35.19553072625698
 112 -33.18435754189943
 61 -31.17318435754188
 170 -29.16201117318434
 4 -27.15083798882682
 57 -25.13966480446928
 562 -23.12849162011173
 134 -21.11731843575419
 43 -19.10614525139664
 19 -17.09497206703909
 38 -15.08379888268155
 150 -13.072625698324
 14 -11.06145251396646
 593 -9.050279329608941
 0 -7.039106145251395
 127 -5.02793296089385
 20 -3.016759776536304
 1 -1.005586592178759
 24 1.005586592178787
 119 3.016759776536333
 5 5.02793296089385
 567 7.039106145251395
 8 9.050279329608941
 162 11.06145251396649
 49 13.07262569832403
 13 15.08379888268158
 63 17.09497206703912
 148 19.10614525139667
 526 21.11731843575421
 67 23.12849162011173
 103 25.13966480446928
 102 27.15083798882682
 60 29.16201117318437
 187 31.17318435754191
 324 33.18435754189946
 263 35.195530726257
 142 37.20670391061452
 32 39.21787709497207
 300 41.22905027932961
 0 43.24022346368716
 120 45.2513966480447
 66 47.26256983240225
 238 49.27374301675979
 90 51.28491620111734
 185 53.29608938547489
 75 55.3072625698324
 164 57.31843575418995
 239 59.32960893854749
 65 61.34078212290504
 143 63.35195530726259
 63 65.36312849162013
 113 67.37430167597768
 34 69.38547486033519
 47 71.39664804469274
 46 73.40782122905028
 11 75.41899441340783
 9 77.43016759776538
 3 79.44134078212289
 2 81.45251396648047
 0 83.46368715083798
 10 85.47486033519556
 16 87.48603351955308
 7698 89.49720670391065
 7 91.50837988826817
 8 93.51955307262574
 1 95.53072625698326
 1 97.54189944134077
 3 99.55307262569835
 18 101.5642458100559
 25 103.5754189944134
 37 105.586592178771
 18 107.5977653631285
 121 109.608938547486
 124 111.6201117318436
 130 113.6312849162011
 7 115.6424581005587
 223 117.6536312849162
 200 119.6648044692737
 95 121.6759776536313
 190 123.6871508379888
 183 125.6983240223464
 82 127.7094972067039
 155 129.7206703910614
 163 131.731843575419
 5 133.7430167597765
 140 135.7541899441341
 189 137.7653631284916
 101 139.7765363128492
 126 141.7877094972067
 488 143.7988826815642
 122 145.8100558659218
 217 147.8212290502793
 42 149.8324022346369
 142 151.8435754189944
 71 153.854748603352
 480 155.8659217877095
 55 157.8770949720671
 152 159.8882681564246
 84 161.8994413407821
 58 163.9106145251397
 26 165.9217877094972
 117 167.9329608938548
 235 169.9441340782123
 332 171.9553072625699
 5 173.9664804469274
 145 175.9776536312849
 4 177.9888268156425
 0 180


