# Created by Octave 3.8.2, Sat Jun 20 05:28:21 2020 CEST <damian@fptrucha.inv.usc.es>
# name: hd
# type: matrix
# rows: 180
# columns: 2
 3 -180
 166 -177.9888268156425
 3 -175.9776536312849
 414 -173.9664804469274
 295 -171.9553072625698
 195 -169.9441340782123
 34 -167.9329608938548
 48 -165.9217877094972
 62 -163.9106145251397
 177 -161.8994413407821
 49 -159.8882681564246
 660 -157.877094972067
 83 -155.8659217877095
 129 -153.854748603352
 51 -151.8435754189944
 77 -149.8324022346369
 253 -147.8212290502793
 695 -145.8100558659218
 159 -143.7988826815642
 100 -141.7877094972067
 187 -139.7765363128491
 102 -137.7653631284916
 3 -135.7541899441341
 173 -133.7430167597765
 194 -131.731843575419
 92 -129.7206703910614
 196 -127.7094972067039
 258 -125.6983240223464
 116 -123.6871508379888
 217 -121.6759776536313
 226 -119.6648044692737
 6 -117.6536312849162
 124 -115.6424581005587
 133 -113.6312849162011
 134 -111.6201117318436
 18 -109.608938547486
 43 -107.5977653631285
 29 -105.5865921787709
 10 -103.5754189944134
 2 -101.5642458100559
 0 -99.55307262569832
 1 -97.54189944134077
 3 -95.53072625698323
 10 -93.5195530726257
 9118 -91.50837988826815
 15 -89.49720670391061
 7 -87.48603351955308
 1 -85.47486033519553
 1 -83.46368715083798
 0 -81.45251396648044
 10 -79.44134078212289
 5 -77.43016759776536
 45 -75.41899441340782
 26 -73.40782122905027
 59 -71.39664804469274
 113 -69.38547486033519
 74 -67.37430167597765
 107 -65.3631284916201
 60 -63.35195530726256
 281 -61.34078212290503
 185 -59.32960893854748
 222 -57.31843575418993
 108 -55.3072625698324
 98 -53.29608938547486
 244 -51.28491620111731
 69 -49.27374301675977
 120 -47.26256983240222
 1 -45.25139664804468
 292 -43.24022346368713
 3 -41.22905027932961
 170 -39.21787709497207
 317 -37.20670391061452
 555 -35.19553072625698
 114 -33.18435754189943
 61 -31.17318435754188
 145 -29.16201117318434
 5 -27.15083798882682
 67 -25.13966480446928
 711 -23.12849162011173
 132 -21.11731843575419
 52 -19.10614525139664
 13 -17.09497206703909
 39 -15.08379888268155
 172 -13.072625698324
 9 -11.06145251396646
 601 -9.050279329608941
 3 -7.039106145251395
 153 -5.02793296089385
 18 -3.016759776536304
 0 -1.005586592178759
 23 1.005586592178787
 143 3.016759776536333
 3 5.02793296089385
 603 7.039106145251395
 11 9.050279329608941
 154 11.06145251396649
 63 13.07262569832403
 16 15.08379888268158
 66 17.09497206703912
 127 19.10614525139667
 555 21.11731843575421
 68 23.12849162011173
 102 25.13966480446928
 115 27.15083798882682
 54 29.16201117318437
 206 31.17318435754191
 328 33.18435754189946
 237 35.195530726257
 160 37.20670391061452
 23 39.21787709497207
 292 41.22905027932961
 1 43.24022346368716
 110 45.2513966480447
 53 47.26256983240225
 236 49.27374301675979
 97 51.28491620111734
 188 53.29608938547489
 86 55.3072625698324
 141 57.31843575418995
 262 59.32960893854749
 64 61.34078212290504
 131 63.35195530726259
 72 65.36312849162013
 118 67.37430167597768
 45 69.38547486033519
 34 71.39664804469274
 49 73.40782122905028
 6 75.41899441340783
 7 77.43016759776538
 2 79.44134078212289
 0 81.45251396648047
 0 83.46368715083798
 2 85.47486033519556
 14 87.48603351955308
 8407 89.49720670391065
 5 91.50837988826817
 3 93.51955307262574
 1 95.53072625698326
 2 97.54189944134077
 2 99.55307262569835
 10 101.5642458100559
 19 103.5754189944134
 46 105.586592178771
 23 107.5977653631285
 120 109.608938547486
 104 111.6201117318436
 142 113.6312849162011
 1 115.6424581005587
 192 117.6536312849162
 173 119.6648044692737
 92 121.6759776536313
 181 123.6871508379888
 181 125.6983240223464
 66 127.7094972067039
 152 129.7206703910614
 180 131.731843575419
 2 133.7430167597765
 126 135.7541899441341
 191 137.7653631284916
 110 139.7765363128492
 145 141.7877094972067
 513 143.7988826815642
 146 145.8100558659218
 237 147.8212290502793
 49 149.8324022346369
 186 151.8435754189944
 73 153.854748603352
 526 155.8659217877095
 56 157.8770949720671
 145 159.8882681564246
 76 161.8994413407821
 46 163.9106145251397
 18 165.9217877094972
 129 167.9329608938548
 268 169.9441340782123
 357 171.9553072625699
 5 173.9664804469274
 166 175.9776536312849
 2 177.9888268156425
 0 180


