# Created by Octave 3.8.2, Mon Jun 22 03:10:44 2020 CEST <damian@fptrucha.inv.usc.es>
# name: hd
# type: matrix
# rows: 180
# columns: 2
 3 -180
 144 -177.9888268156425
 3 -175.9776536312849
 321 -173.9664804469274
 223 -171.9553072625698
 123 -169.9441340782123
 38 -167.9329608938548
 39 -165.9217877094972
 61 -163.9106145251397
 151 -161.8994413407821
 39 -159.8882681564246
 519 -157.877094972067
 70 -155.8659217877095
 122 -153.854748603352
 40 -151.8435754189944
 67 -149.8324022346369
 212 -147.8212290502793
 562 -145.8100558659218
 112 -143.7988826815642
 100 -141.7877094972067
 159 -139.7765363128491
 122 -137.7653631284916
 6 -135.7541899441341
 154 -133.7430167597765
 160 -131.731843575419
 69 -129.7206703910614
 168 -127.7094972067039
 210 -125.6983240223464
 104 -123.6871508379888
 180 -121.6759776536313
 167 -119.6648044692737
 8 -117.6536312849162
 117 -115.6424581005587
 107 -113.6312849162011
 125 -111.6201117318436
 20 -109.608938547486
 50 -107.5977653631285
 22 -105.5865921787709
 12 -103.5754189944134
 2 -101.5642458100559
 0 -99.55307262569832
 5 -97.54189944134077
 3 -95.53072625698323
 13 -93.5195530726257
 7414 -91.50837988826815
 20 -89.49720670391061
 3 -87.48603351955308
 4 -85.47486033519553
 1 -83.46368715083798
 4 -81.45251396648044
 6 -79.44134078212289
 5 -77.43016759776536
 40 -75.41899441340782
 35 -73.40782122905027
 46 -71.39664804469274
 125 -69.38547486033519
 59 -67.37430167597765
 102 -65.3631284916201
 46 -63.35195530726256
 253 -61.34078212290503
 158 -59.32960893854748
 157 -57.31843575418993
 78 -55.3072625698324
 59 -53.29608938547486
 236 -51.28491620111731
 54 -49.27374301675977
 100 -47.26256983240222
 1 -45.25139664804468
 296 -43.24022346368713
 2 -41.22905027932961
 149 -39.21787709497207
 308 -37.20670391061452
 403 -35.19553072625698
 120 -33.18435754189943
 51 -31.17318435754188
 169 -29.16201117318434
 7 -27.15083798882682
 58 -25.13966480446928
 491 -23.12849162011173
 128 -21.11731843575419
 45 -19.10614525139664
 17 -17.09497206703909
 42 -15.08379888268155
 156 -13.072625698324
 9 -11.06145251396646
 554 -9.050279329608941
 3 -7.039106145251395
 143 -5.02793296089385
 26 -3.016759776536304
 3 -1.005586592178759
 18 1.005586592178787
 117 3.016759776536333
 1 5.02793296089385
 520 7.039106145251395
 8 9.050279329608941
 146 11.06145251396649
 52 13.07262569832403
 7 15.08379888268158
 58 17.09497206703912
 124 19.10614525139667
 501 21.11731843575421
 51 23.12849162011173
 98 25.13966480446928
 95 27.15083798882682
 59 29.16201117318437
 207 31.17318435754191
 338 33.18435754189946
 246 35.195530726257
 115 37.20670391061452
 39 39.21787709497207
 273 41.22905027932961
 3 43.24022346368716
 106 45.2513966480447
 54 47.26256983240225
 213 49.27374301675979
 81 51.28491620111734
 170 53.29608938547489
 85 55.3072625698324
 128 57.31843575418995
 261 59.32960893854749
 61 61.34078212290504
 129 63.35195530726259
 67 65.36312849162013
 96 67.37430167597768
 32 69.38547486033519
 29 71.39664804469274
 46 73.40782122905028
 10 75.41899441340783
 6 77.43016759776538
 2 79.44134078212289
 2 81.45251396648047
 2 83.46368715083798
 4 85.47486033519556
 15 87.48603351955308
 7042 89.49720670391065
 12 91.50837988826817
 5 93.51955307262574
 6 95.53072625698326
 0 97.54189944134077
 2 99.55307262569835
 19 101.5642458100559
 33 103.5754189944134
 39 105.586592178771
 18 107.5977653631285
 116 109.608938547486
 112 111.6201117318436
 136 113.6312849162011
 2 115.6424581005587
 200 117.6536312849162
 155 119.6648044692737
 86 121.6759776536313
 173 123.6871508379888
 161 125.6983240223464
 74 127.7094972067039
 164 129.7206703910614
 186 131.731843575419
 2 133.7430167597765
 99 135.7541899441341
 175 137.7653631284916
 101 139.7765363128492
 122 141.7877094972067
 454 143.7988826815642
 133 145.8100558659218
 180 147.8212290502793
 52 149.8324022346369
 138 151.8435754189944
 63 153.854748603352
 453 155.8659217877095
 48 157.8770949720671
 129 159.8882681564246
 72 161.8994413407821
 53 163.9106145251397
 25 165.9217877094972
 159 167.9329608938548
 218 169.9441340782123
 317 171.9553072625699
 4 173.9664804469274
 156 175.9776536312849
 5 177.9888268156425
 0 180


