# Created by Octave 3.8.2, Sat Jun 20 07:47:58 2020 CEST <damian@fptrucha.inv.usc.es>
# name: hd
# type: matrix
# rows: 180
# columns: 2
 5 -180
 185 -177.9888268156425
 3 -175.9776536312849
 432 -173.9664804469274
 256 -171.9553072625698
 178 -169.9441340782123
 39 -167.9329608938548
 40 -165.9217877094972
 51 -163.9106145251397
 179 -161.8994413407821
 49 -159.8882681564246
 682 -157.877094972067
 77 -155.8659217877095
 151 -153.854748603352
 48 -151.8435754189944
 78 -149.8324022346369
 221 -147.8212290502793
 713 -145.8100558659218
 138 -143.7988826815642
 126 -141.7877094972067
 196 -139.7765363128491
 127 -137.7653631284916
 3 -135.7541899441341
 194 -133.7430167597765
 193 -131.731843575419
 75 -129.7206703910614
 237 -127.7094972067039
 279 -125.6983240223464
 106 -123.6871508379888
 210 -121.6759776536313
 227 -119.6648044692737
 3 -117.6536312849162
 116 -115.6424581005587
 140 -113.6312849162011
 163 -111.6201117318436
 16 -109.608938547486
 46 -107.5977653631285
 25 -105.5865921787709
 12 -103.5754189944134
 3 -101.5642458100559
 0 -99.55307262569832
 1 -97.54189944134077
 3 -95.53072625698323
 5 -93.5195530726257
 9336 -91.50837988826815
 8 -89.49720670391061
 4 -87.48603351955308
 0 -85.47486033519553
 0 -83.46368715083798
 3 -81.45251396648044
 8 -79.44134078212289
 7 -77.43016759776536
 64 -75.41899441340782
 26 -73.40782122905027
 71 -71.39664804469274
 154 -69.38547486033519
 69 -67.37430167597765
 110 -65.3631284916201
 55 -63.35195530726256
 331 -61.34078212290503
 162 -59.32960893854748
 305 -57.31843575418993
 107 -55.3072625698324
 88 -53.29608938547486
 248 -51.28491620111731
 69 -49.27374301675977
 119 -47.26256983240222
 2 -45.25139664804468
 327 -43.24022346368713
 2 -41.22905027932961
 201 -39.21787709497207
 295 -37.20670391061452
 514 -35.19553072625698
 123 -33.18435754189943
 72 -31.17318435754188
 179 -29.16201117318434
 13 -27.15083798882682
 64 -25.13966480446928
 645 -23.12849162011173
 165 -21.11731843575419
 59 -19.10614525139664
 9 -17.09497206703909
 40 -15.08379888268155
 195 -13.072625698324
 7 -11.06145251396646
 627 -9.050279329608941
 2 -7.039106145251395
 152 -5.02793296089385
 17 -3.016759776536304
 0 -1.005586592178759
 19 1.005586592178787
 151 3.016759776536333
 2 5.02793296089385
 625 7.039106145251395
 9 9.050279329608941
 163 11.06145251396649
 45 13.07262569832403
 15 15.08379888268158
 61 17.09497206703912
 137 19.10614525139667
 578 21.11731843575421
 57 23.12849162011173
 101 25.13966480446928
 115 27.15083798882682
 67 29.16201117318437
 263 31.17318435754191
 344 33.18435754189946
 263 35.195530726257
 197 37.20670391061452
 38 39.21787709497207
 327 41.22905027932961
 2 43.24022346368716
 125 45.2513966480447
 60 47.26256983240225
 242 49.27374301675979
 104 51.28491620111734
 217 53.29608938547489
 95 55.3072625698324
 141 57.31843575418995
 262 59.32960893854749
 65 61.34078212290504
 113 63.35195530726259
 76 65.36312849162013
 119 67.37430167597768
 46 69.38547486033519
 26 71.39664804469274
 49 73.40782122905028
 9 75.41899441340783
 5 77.43016759776538
 0 79.44134078212289
 1 81.45251396648047
 1 83.46368715083798
 5 85.47486033519556
 13 87.48603351955308
 8486 89.49720670391065
 7 91.50837988826817
 2 93.51955307262574
 0 95.53072625698326
 0 97.54189944134077
 4 99.55307262569835
 10 101.5642458100559
 23 103.5754189944134
 41 105.586592178771
 18 107.5977653631285
 120 109.608938547486
 141 111.6201117318436
 155 113.6312849162011
 5 115.6424581005587
 231 117.6536312849162
 174 119.6648044692737
 83 121.6759776536313
 179 123.6871508379888
 205 125.6983240223464
 76 127.7094972067039
 181 129.7206703910614
 158 131.731843575419
 4 133.7430167597765
 130 135.7541899441341
 180 137.7653631284916
 125 139.7765363128492
 153 141.7877094972067
 513 143.7988826815642
 117 145.8100558659218
 205 147.8212290502793
 50 149.8324022346369
 161 151.8435754189944
 70 153.854748603352
 545 155.8659217877095
 55 157.8770949720671
 121 159.8882681564246
 94 161.8994413407821
 58 163.9106145251397
 18 165.9217877094972
 133 167.9329608938548
 253 169.9441340782123
 411 171.9553072625699
 6 173.9664804469274
 180 175.9776536312849
 4 177.9888268156425
 0 180


