# Created by Octave 3.8.2, Mon Jun 22 14:07:51 2020 CEST <damian@fptrucha.inv.usc.es>
# name: hd
# type: matrix
# rows: 180
# columns: 2
 5 -180
 187 -177.9888268156425
 2 -175.9776536312849
 359 -173.9664804469274
 249 -171.9553072625698
 138 -169.9441340782123
 23 -167.9329608938548
 47 -165.9217877094972
 63 -163.9106145251397
 166 -161.8994413407821
 51 -159.8882681564246
 602 -157.877094972067
 70 -155.8659217877095
 127 -153.854748603352
 52 -151.8435754189944
 73 -149.8324022346369
 223 -147.8212290502793
 598 -145.8100558659218
 134 -143.7988826815642
 108 -141.7877094972067
 183 -139.7765363128491
 112 -137.7653631284916
 3 -135.7541899441341
 174 -133.7430167597765
 169 -131.731843575419
 71 -129.7206703910614
 191 -127.7094972067039
 215 -125.6983240223464
 115 -123.6871508379888
 179 -121.6759776536313
 199 -119.6648044692737
 3 -117.6536312849162
 105 -115.6424581005587
 120 -113.6312849162011
 123 -111.6201117318436
 23 -109.608938547486
 38 -107.5977653631285
 23 -105.5865921787709
 14 -103.5754189944134
 3 -101.5642458100559
 1 -99.55307262569832
 5 -97.54189944134077
 2 -95.53072625698323
 7 -93.5195530726257
 7918 -91.50837988826815
 13 -89.49720670391061
 5 -87.48603351955308
 3 -85.47486033519553
 1 -83.46368715083798
 4 -81.45251396648044
 3 -79.44134078212289
 10 -77.43016759776536
 59 -75.41899441340782
 30 -73.40782122905027
 57 -71.39664804469274
 118 -69.38547486033519
 67 -67.37430167597765
 107 -65.3631284916201
 60 -63.35195530726256
 244 -61.34078212290503
 145 -59.32960893854748
 209 -57.31843575418993
 91 -55.3072625698324
 79 -53.29608938547486
 218 -51.28491620111731
 58 -49.27374301675977
 99 -47.26256983240222
 2 -45.25139664804468
 298 -43.24022346368713
 2 -41.22905027932961
 152 -39.21787709497207
 317 -37.20670391061452
 438 -35.19553072625698
 128 -33.18435754189943
 62 -31.17318435754188
 153 -29.16201117318434
 10 -27.15083798882682
 64 -25.13966480446928
 587 -23.12849162011173
 125 -21.11731843575419
 60 -19.10614525139664
 14 -17.09497206703909
 45 -15.08379888268155
 185 -13.072625698324
 12 -11.06145251396646
 577 -9.050279329608941
 1 -7.039106145251395
 129 -5.02793296089385
 34 -3.016759776536304
 5 -1.005586592178759
 25 1.005586592178787
 119 3.016759776536333
 3 5.02793296089385
 552 7.039106145251395
 6 9.050279329608941
 141 11.06145251396649
 54 13.07262569832403
 17 15.08379888268158
 46 17.09497206703912
 137 19.10614525139667
 555 21.11731843575421
 70 23.12849162011173
 73 25.13966480446928
 88 27.15083798882682
 69 29.16201117318437
 201 31.17318435754191
 324 33.18435754189946
 224 35.195530726257
 144 37.20670391061452
 43 39.21787709497207
 266 41.22905027932961
 6 43.24022346368716
 127 45.2513966480447
 59 47.26256983240225
 251 49.27374301675979
 97 51.28491620111734
 226 53.29608938547489
 91 55.3072625698324
 153 57.31843575418995
 269 59.32960893854749
 54 61.34078212290504
 126 63.35195530726259
 87 65.36312849162013
 112 67.37430167597768
 60 69.38547486033519
 44 71.39664804469274
 62 73.40782122905028
 9 75.41899441340783
 10 77.43016759776538
 7 79.44134078212289
 2 81.45251396648047
 2 83.46368715083798
 8 85.47486033519556
 15 87.48603351955308
 7582 89.49720670391065
 8 91.50837988826817
 4 93.51955307262574
 2 95.53072625698326
 2 97.54189944134077
 7 99.55307262569835
 21 101.5642458100559
 23 103.5754189944134
 60 105.586592178771
 29 107.5977653631285
 127 109.608938547486
 132 111.6201117318436
 150 113.6312849162011
 1 115.6424581005587
 210 117.6536312849162
 183 119.6648044692737
 127 121.6759776536313
 175 123.6871508379888
 201 125.6983240223464
 93 127.7094972067039
 146 129.7206703910614
 210 131.731843575419
 4 133.7430167597765
 132 135.7541899441341
 171 137.7653631284916
 101 139.7765363128492
 145 141.7877094972067
 511 143.7988826815642
 117 145.8100558659218
 201 147.8212290502793
 41 149.8324022346369
 128 151.8435754189944
 64 153.854748603352
 475 155.8659217877095
 47 157.8770949720671
 139 159.8882681564246
 74 161.8994413407821
 59 163.9106145251397
 22 165.9217877094972
 150 167.9329608938548
 232 169.9441340782123
 350 171.9553072625699
 9 173.9664804469274
 161 175.9776536312849
 7 177.9888268156425
 0 180


