# Created by Octave 3.8.2, Mon Jun 22 07:31:28 2020 CEST <damian@fptrucha.inv.usc.es>
# name: hd
# type: matrix
# rows: 180
# columns: 2
 4 -180
 165 -177.9888268156425
 6 -175.9776536312849
 357 -173.9664804469274
 199 -171.9553072625698
 128 -169.9441340782123
 35 -167.9329608938548
 49 -165.9217877094972
 76 -163.9106145251397
 154 -161.8994413407821
 45 -159.8882681564246
 489 -157.877094972067
 64 -155.8659217877095
 124 -153.854748603352
 37 -151.8435754189944
 72 -149.8324022346369
 219 -147.8212290502793
 521 -145.8100558659218
 148 -143.7988826815642
 85 -141.7877094972067
 155 -139.7765363128491
 101 -137.7653631284916
 3 -135.7541899441341
 162 -133.7430167597765
 168 -131.731843575419
 85 -129.7206703910614
 157 -127.7094972067039
 181 -125.6983240223464
 85 -123.6871508379888
 157 -121.6759776536313
 160 -119.6648044692737
 4 -117.6536312849162
 117 -115.6424581005587
 104 -113.6312849162011
 121 -111.6201117318436
 20 -109.608938547486
 38 -107.5977653631285
 30 -105.5865921787709
 15 -103.5754189944134
 1 -101.5642458100559
 2 -99.55307262569832
 0 -97.54189944134077
 4 -95.53072625698323
 7 -93.5195530726257
 7521 -91.50837988826815
 23 -89.49720670391061
 2 -87.48603351955308
 3 -85.47486033519553
 0 -83.46368715083798
 5 -81.45251396648044
 9 -79.44134078212289
 6 -77.43016759776536
 47 -75.41899441340782
 28 -73.40782122905027
 40 -71.39664804469274
 124 -69.38547486033519
 59 -67.37430167597765
 101 -65.3631284916201
 44 -63.35195530726256
 270 -61.34078212290503
 143 -59.32960893854748
 163 -57.31843575418993
 106 -55.3072625698324
 67 -53.29608938547486
 202 -51.28491620111731
 52 -49.27374301675977
 113 -47.26256983240222
 3 -45.25139664804468
 268 -43.24022346368713
 4 -41.22905027932961
 179 -39.21787709497207
 280 -37.20670391061452
 440 -35.19553072625698
 105 -33.18435754189943
 71 -31.17318435754188
 165 -29.16201117318434
 7 -27.15083798882682
 56 -25.13966480446928
 566 -23.12849162011173
 134 -21.11731843575419
 50 -19.10614525139664
 13 -17.09497206703909
 50 -15.08379888268155
 146 -13.072625698324
 7 -11.06145251396646
 542 -9.050279329608941
 3 -7.039106145251395
 123 -5.02793296089385
 18 -3.016759776536304
 6 -1.005586592178759
 21 1.005586592178787
 111 3.016759776536333
 3 5.02793296089385
 580 7.039106145251395
 9 9.050279329608941
 152 11.06145251396649
 29 13.07262569832403
 14 15.08379888268158
 59 17.09497206703912
 130 19.10614525139667
 487 21.11731843575421
 51 23.12849162011173
 73 25.13966480446928
 105 27.15083798882682
 59 29.16201117318437
 212 31.17318435754191
 313 33.18435754189946
 222 35.195530726257
 143 37.20670391061452
 36 39.21787709497207
 285 41.22905027932961
 2 43.24022346368716
 114 45.2513966480447
 63 47.26256983240225
 235 49.27374301675979
 87 51.28491620111734
 188 53.29608938547489
 80 55.3072625698324
 138 57.31843575418995
 238 59.32960893854749
 62 61.34078212290504
 108 63.35195530726259
 97 65.36312849162013
 118 67.37430167597768
 57 69.38547486033519
 22 71.39664804469274
 59 73.40782122905028
 9 75.41899441340783
 6 77.43016759776538
 0 79.44134078212289
 1 81.45251396648047
 1 83.46368715083798
 5 85.47486033519556
 21 87.48603351955308
 7201 89.49720670391065
 10 91.50837988826817
 4 93.51955307262574
 3 95.53072625698326
 3 97.54189944134077
 6 99.55307262569835
 16 101.5642458100559
 23 103.5754189944134
 39 105.586592178771
 21 107.5977653631285
 106 109.608938547486
 114 111.6201117318436
 103 113.6312849162011
 2 115.6424581005587
 199 117.6536312849162
 170 119.6648044692737
 92 121.6759776536313
 173 123.6871508379888
 180 125.6983240223464
 85 127.7094972067039
 149 129.7206703910614
 196 131.731843575419
 4 133.7430167597765
 107 135.7541899441341
 173 137.7653631284916
 83 139.7765363128492
 122 141.7877094972067
 454 143.7988826815642
 121 145.8100558659218
 178 147.8212290502793
 48 149.8324022346369
 139 151.8435754189944
 60 153.854748603352
 479 155.8659217877095
 42 157.8770949720671
 123 159.8882681564246
 93 161.8994413407821
 47 163.9106145251397
 17 165.9217877094972
 123 167.9329608938548
 232 169.9441340782123
 295 171.9553072625699
 4 173.9664804469274
 140 175.9776536312849
 6 177.9888268156425
 0 180


