# Created by Octave 3.8.2, Sun Jun 21 05:05:04 2020 CEST <damian@fptrucha.inv.usc.es>
# name: hd
# type: matrix
# rows: 180
# columns: 2
 7 -180
 137 -177.9888268156425
 2 -175.9776536312849
 364 -173.9664804469274
 223 -171.9553072625698
 139 -169.9441340782123
 36 -167.9329608938548
 21 -165.9217877094972
 62 -163.9106145251397
 206 -161.8994413407821
 27 -159.8882681564246
 601 -157.877094972067
 56 -155.8659217877095
 110 -153.854748603352
 31 -151.8435754189944
 69 -149.8324022346369
 230 -147.8212290502793
 640 -145.8100558659218
 138 -143.7988826815642
 84 -141.7877094972067
 156 -139.7765363128491
 105 -137.7653631284916
 1 -135.7541899441341
 156 -133.7430167597765
 149 -131.731843575419
 76 -129.7206703910614
 173 -127.7094972067039
 216 -125.6983240223464
 98 -123.6871508379888
 182 -121.6759776536313
 165 -119.6648044692737
 2 -117.6536312849162
 124 -115.6424581005587
 109 -113.6312849162011
 120 -111.6201117318436
 23 -109.608938547486
 30 -107.5977653631285
 16 -105.5865921787709
 11 -103.5754189944134
 4 -101.5642458100559
 0 -99.55307262569832
 1 -97.54189944134077
 5 -95.53072625698323
 4 -93.5195530726257
 8172 -91.50837988826815
 17 -89.49720670391061
 6 -87.48603351955308
 0 -85.47486033519553
 0 -83.46368715083798
 4 -81.45251396648044
 5 -79.44134078212289
 4 -77.43016759776536
 42 -75.41899441340782
 35 -73.40782122905027
 77 -71.39664804469274
 116 -69.38547486033519
 61 -67.37430167597765
 97 -65.3631284916201
 55 -63.35195530726256
 274 -61.34078212290503
 151 -59.32960893854748
 199 -57.31843575418993
 86 -55.3072625698324
 85 -53.29608938547486
 237 -51.28491620111731
 42 -49.27374301675977
 111 -47.26256983240222
 0 -45.25139664804468
 280 -43.24022346368713
 8 -41.22905027932961
 147 -39.21787709497207
 299 -37.20670391061452
 457 -35.19553072625698
 126 -33.18435754189943
 74 -31.17318435754188
 127 -29.16201117318434
 10 -27.15083798882682
 56 -25.13966480446928
 611 -23.12849162011173
 143 -21.11731843575419
 49 -19.10614525139664
 5 -17.09497206703909
 39 -15.08379888268155
 151 -13.072625698324
 10 -11.06145251396646
 565 -9.050279329608941
 3 -7.039106145251395
 114 -5.02793296089385
 21 -3.016759776536304
 2 -1.005586592178759
 14 1.005586592178787
 150 3.016759776536333
 3 5.02793296089385
 555 7.039106145251395
 6 9.050279329608941
 142 11.06145251396649
 45 13.07262569832403
 12 15.08379888268158
 49 17.09497206703912
 113 19.10614525139667
 500 21.11731843575421
 49 23.12849162011173
 85 25.13966480446928
 99 27.15083798882682
 53 29.16201117318437
 234 31.17318435754191
 308 33.18435754189946
 234 35.195530726257
 190 37.20670391061452
 29 39.21787709497207
 260 41.22905027932961
 1 43.24022346368716
 109 45.2513966480447
 38 47.26256983240225
 217 49.27374301675979
 79 51.28491620111734
 196 53.29608938547489
 87 55.3072625698324
 141 57.31843575418995
 235 59.32960893854749
 44 61.34078212290504
 114 63.35195530726259
 71 65.36312849162013
 106 67.37430167597768
 46 69.38547486033519
 33 71.39664804469274
 43 73.40782122905028
 4 75.41899441340783
 10 77.43016759776538
 1 79.44134078212289
 0 81.45251396648047
 0 83.46368715083798
 2 85.47486033519556
 10 87.48603351955308
 7558 89.49720670391065
 5 91.50837988826817
 5 93.51955307262574
 1 95.53072625698326
 0 97.54189944134077
 3 99.55307262569835
 15 101.5642458100559
 29 103.5754189944134
 37 105.586592178771
 18 107.5977653631285
 107 109.608938547486
 113 111.6201117318436
 109 113.6312849162011
 2 115.6424581005587
 214 117.6536312849162
 196 119.6648044692737
 78 121.6759776536313
 157 123.6871508379888
 186 125.6983240223464
 81 127.7094972067039
 160 129.7206703910614
 192 131.731843575419
 1 133.7430167597765
 127 135.7541899441341
 166 137.7653631284916
 102 139.7765363128492
 137 141.7877094972067
 471 143.7988826815642
 122 145.8100558659218
 195 147.8212290502793
 51 149.8324022346369
 146 151.8435754189944
 79 153.854748603352
 460 155.8659217877095
 45 157.8770949720671
 113 159.8882681564246
 64 161.8994413407821
 50 163.9106145251397
 13 165.9217877094972
 117 167.9329608938548
 199 169.9441340782123
 319 171.9553072625699
 6 173.9664804469274
 121 175.9776536312849
 1 177.9888268156425
 0 180


