# Created by Octave 3.8.2, Sat Jun 20 10:45:59 2020 CEST <damian@fptrucha.inv.usc.es>
# name: hd
# type: matrix
# rows: 180
# columns: 2
 8 -180
 185 -177.9888268156425
 4 -175.9776536312849
 415 -173.9664804469274
 263 -171.9553072625698
 155 -169.9441340782123
 25 -167.9329608938548
 57 -165.9217877094972
 51 -163.9106145251397
 163 -161.8994413407821
 44 -159.8882681564246
 693 -157.877094972067
 92 -155.8659217877095
 138 -153.854748603352
 35 -151.8435754189944
 80 -149.8324022346369
 202 -147.8212290502793
 677 -145.8100558659218
 112 -143.7988826815642
 107 -141.7877094972067
 184 -139.7765363128491
 93 -137.7653631284916
 2 -135.7541899441341
 166 -133.7430167597765
 164 -131.731843575419
 87 -129.7206703910614
 198 -127.7094972067039
 238 -125.6983240223464
 113 -123.6871508379888
 238 -121.6759776536313
 191 -119.6648044692737
 3 -117.6536312849162
 108 -115.6424581005587
 138 -113.6312849162011
 151 -111.6201117318436
 19 -109.608938547486
 38 -107.5977653631285
 26 -105.5865921787709
 13 -103.5754189944134
 1 -101.5642458100559
 0 -99.55307262569832
 1 -97.54189944134077
 2 -95.53072625698323
 6 -93.5195530726257
 9082 -91.50837988826815
 15 -89.49720670391061
 9 -87.48603351955308
 1 -85.47486033519553
 0 -83.46368715083798
 4 -81.45251396648044
 7 -79.44134078212289
 4 -77.43016759776536
 37 -75.41899441340782
 33 -73.40782122905027
 66 -71.39664804469274
 140 -69.38547486033519
 86 -67.37430167597765
 102 -65.3631284916201
 52 -63.35195530726256
 328 -61.34078212290503
 147 -59.32960893854748
 241 -57.31843575418993
 101 -55.3072625698324
 65 -53.29608938547486
 254 -51.28491620111731
 49 -49.27374301675977
 105 -47.26256983240222
 1 -45.25139664804468
 275 -43.24022346368713
 6 -41.22905027932961
 188 -39.21787709497207
 294 -37.20670391061452
 467 -35.19553072625698
 135 -33.18435754189943
 63 -31.17318435754188
 163 -29.16201117318434
 5 -27.15083798882682
 62 -25.13966480446928
 654 -23.12849162011173
 166 -21.11731843575419
 47 -19.10614525139664
 12 -17.09497206703909
 54 -15.08379888268155
 160 -13.072625698324
 6 -11.06145251396646
 639 -9.050279329608941
 1 -7.039106145251395
 134 -5.02793296089385
 21 -3.016759776536304
 1 -1.005586592178759
 20 1.005586592178787
 142 3.016759776536333
 3 5.02793296089385
 611 7.039106145251395
 7 9.050279329608941
 124 11.06145251396649
 36 13.07262569832403
 10 15.08379888268158
 76 17.09497206703912
 107 19.10614525139667
 560 21.11731843575421
 69 23.12849162011173
 124 25.13966480446928
 145 27.15083798882682
 52 29.16201117318437
 234 31.17318435754191
 355 33.18435754189946
 263 35.195530726257
 182 37.20670391061452
 34 39.21787709497207
 322 41.22905027932961
 2 43.24022346368716
 130 45.2513966480447
 66 47.26256983240225
 273 49.27374301675979
 86 51.28491620111734
 241 53.29608938547489
 84 55.3072625698324
 159 57.31843575418995
 289 59.32960893854749
 64 61.34078212290504
 139 63.35195530726259
 95 65.36312849162013
 137 67.37430167597768
 49 69.38547486033519
 34 71.39664804469274
 44 73.40782122905028
 11 75.41899441340783
 7 77.43016759776538
 5 79.44134078212289
 1 81.45251396648047
 2 83.46368715083798
 5 85.47486033519556
 13 87.48603351955308
 8474 89.49720670391065
 5 91.50837988826817
 1 93.51955307262574
 0 95.53072625698326
 1 97.54189944134077
 6 99.55307262569835
 18 101.5642458100559
 28 103.5754189944134
 37 105.586592178771
 27 107.5977653631285
 142 109.608938547486
 123 111.6201117318436
 132 113.6312849162011
 2 115.6424581005587
 224 117.6536312849162
 198 119.6648044692737
 97 121.6759776536313
 178 123.6871508379888
 214 125.6983240223464
 86 127.7094972067039
 185 129.7206703910614
 209 131.731843575419
 2 133.7430167597765
 146 135.7541899441341
 205 137.7653631284916
 106 139.7765363128492
 166 141.7877094972067
 542 143.7988826815642
 148 145.8100558659218
 226 147.8212290502793
 45 149.8324022346369
 186 151.8435754189944
 75 153.854748603352
 481 155.8659217877095
 47 157.8770949720671
 132 159.8882681564246
 97 161.8994413407821
 61 163.9106145251397
 22 165.9217877094972
 149 167.9329608938548
 256 169.9441340782123
 391 171.9553072625699
 3 173.9664804469274
 151 175.9776536312849
 4 177.9888268156425
 0 180


