# Created by Octave 3.8.2, Mon Jun 22 17:30:31 2020 CEST <damian@fptrucha.inv.usc.es>
# name: hd
# type: matrix
# rows: 180
# columns: 2
 0 -180
 188 -177.9888268156425
 5 -175.9776536312849
 401 -173.9664804469274
 244 -171.9553072625698
 167 -169.9441340782123
 35 -167.9329608938548
 44 -165.9217877094972
 60 -163.9106145251397
 176 -161.8994413407821
 37 -159.8882681564246
 610 -157.877094972067
 92 -155.8659217877095
 116 -153.854748603352
 52 -151.8435754189944
 82 -149.8324022346369
 236 -147.8212290502793
 636 -145.8100558659218
 142 -143.7988826815642
 88 -141.7877094972067
 192 -139.7765363128491
 137 -137.7653631284916
 2 -135.7541899441341
 192 -133.7430167597765
 162 -131.731843575419
 86 -129.7206703910614
 167 -127.7094972067039
 244 -125.6983240223464
 111 -123.6871508379888
 200 -121.6759776536313
 221 -119.6648044692737
 3 -117.6536312849162
 119 -115.6424581005587
 113 -113.6312849162011
 131 -111.6201117318436
 26 -109.608938547486
 28 -107.5977653631285
 30 -105.5865921787709
 12 -103.5754189944134
 2 -101.5642458100559
 3 -99.55307262569832
 1 -97.54189944134077
 5 -95.53072625698323
 3 -93.5195530726257
 8330 -91.50837988826815
 13 -89.49720670391061
 8 -87.48603351955308
 2 -85.47486033519553
 2 -83.46368715083798
 2 -81.45251396648044
 6 -79.44134078212289
 11 -77.43016759776536
 51 -75.41899441340782
 33 -73.40782122905027
 44 -71.39664804469274
 135 -69.38547486033519
 77 -67.37430167597765
 115 -65.3631284916201
 64 -63.35195530726256
 281 -61.34078212290503
 135 -59.32960893854748
 201 -57.31843575418993
 86 -55.3072625698324
 74 -53.29608938547486
 238 -51.28491620111731
 76 -49.27374301675977
 116 -47.26256983240222
 2 -45.25139664804468
 313 -43.24022346368713
 1 -41.22905027932961
 181 -39.21787709497207
 293 -37.20670391061452
 444 -35.19553072625698
 104 -33.18435754189943
 58 -31.17318435754188
 170 -29.16201117318434
 8 -27.15083798882682
 68 -25.13966480446928
 576 -23.12849162011173
 132 -21.11731843575419
 58 -19.10614525139664
 13 -17.09497206703909
 55 -15.08379888268155
 153 -13.072625698324
 9 -11.06145251396646
 626 -9.050279329608941
 5 -7.039106145251395
 148 -5.02793296089385
 28 -3.016759776536304
 4 -1.005586592178759
 21 1.005586592178787
 141 3.016759776536333
 3 5.02793296089385
 557 7.039106145251395
 11 9.050279329608941
 157 11.06145251396649
 45 13.07262569832403
 10 15.08379888268158
 58 17.09497206703912
 122 19.10614525139667
 549 21.11731843575421
 68 23.12849162011173
 96 25.13966480446928
 99 27.15083798882682
 73 29.16201117318437
 217 31.17318435754191
 324 33.18435754189946
 252 35.195530726257
 161 37.20670391061452
 41 39.21787709497207
 293 41.22905027932961
 2 43.24022346368716
 136 45.2513966480447
 72 47.26256983240225
 234 49.27374301675979
 91 51.28491620111734
 200 53.29608938547489
 100 55.3072625698324
 145 57.31843575418995
 268 59.32960893854749
 73 61.34078212290504
 157 63.35195530726259
 81 65.36312849162013
 117 67.37430167597768
 45 69.38547486033519
 38 71.39664804469274
 47 73.40782122905028
 12 75.41899441340783
 11 77.43016759776538
 4 79.44134078212289
 0 81.45251396648047
 0 83.46368715083798
 5 85.47486033519556
 15 87.48603351955308
 7828 89.49720670391065
 4 91.50837988826817
 2 93.51955307262574
 0 95.53072625698326
 1 97.54189944134077
 6 99.55307262569835
 16 101.5642458100559
 27 103.5754189944134
 39 105.586592178771
 25 107.5977653631285
 125 109.608938547486
 133 111.6201117318436
 131 113.6312849162011
 4 115.6424581005587
 210 117.6536312849162
 186 119.6648044692737
 116 121.6759776536313
 171 123.6871508379888
 207 125.6983240223464
 87 127.7094972067039
 174 129.7206703910614
 198 131.731843575419
 5 133.7430167597765
 137 135.7541899441341
 180 137.7653631284916
 100 139.7765363128492
 122 141.7877094972067
 507 143.7988826815642
 132 145.8100558659218
 210 147.8212290502793
 61 149.8324022346369
 146 151.8435754189944
 68 153.854748603352
 516 155.8659217877095
 52 157.8770949720671
 139 159.8882681564246
 65 161.8994413407821
 48 163.9106145251397
 25 165.9217877094972
 119 167.9329608938548
 216 169.9441340782123
 337 171.9553072625699
 3 173.9664804469274
 167 175.9776536312849
 6 177.9888268156425
 0 180


