# Created by Octave 3.8.2, Sat Jun 20 04:36:38 2020 CEST <damian@fptrucha.inv.usc.es>
# name: hd
# type: matrix
# rows: 180
# columns: 2
 2 -180
 199 -177.9888268156425
 1 -175.9776536312849
 398 -173.9664804469274
 262 -171.9553072625698
 202 -169.9441340782123
 30 -167.9329608938548
 37 -165.9217877094972
 50 -163.9106145251397
 170 -161.8994413407821
 44 -159.8882681564246
 715 -157.877094972067
 62 -155.8659217877095
 116 -153.854748603352
 47 -151.8435754189944
 84 -149.8324022346369
 243 -147.8212290502793
 736 -145.8100558659218
 133 -143.7988826815642
 104 -141.7877094972067
 187 -139.7765363128491
 114 -137.7653631284916
 5 -135.7541899441341
 163 -133.7430167597765
 163 -131.731843575419
 89 -129.7206703910614
 204 -127.7094972067039
 266 -125.6983240223464
 110 -123.6871508379888
 246 -121.6759776536313
 212 -119.6648044692737
 9 -117.6536312849162
 101 -115.6424581005587
 119 -113.6312849162011
 128 -111.6201117318436
 22 -109.608938547486
 28 -107.5977653631285
 20 -105.5865921787709
 7 -103.5754189944134
 6 -101.5642458100559
 1 -99.55307262569832
 0 -97.54189944134077
 3 -95.53072625698323
 4 -93.5195530726257
 9164 -91.50837988826815
 12 -89.49720670391061
 5 -87.48603351955308
 0 -85.47486033519553
 0 -83.46368715083798
 3 -81.45251396648044
 2 -79.44134078212289
 5 -77.43016759776536
 54 -75.41899441340782
 29 -73.40782122905027
 51 -71.39664804469274
 123 -69.38547486033519
 73 -67.37430167597765
 113 -65.3631284916201
 61 -63.35195530726256
 272 -61.34078212290503
 166 -59.32960893854748
 251 -57.31843575418993
 126 -55.3072625698324
 95 -53.29608938547486
 257 -51.28491620111731
 65 -49.27374301675977
 119 -47.26256983240222
 3 -45.25139664804468
 292 -43.24022346368713
 7 -41.22905027932961
 164 -39.21787709497207
 333 -37.20670391061452
 498 -35.19553072625698
 134 -33.18435754189943
 75 -31.17318435754188
 157 -29.16201117318434
 11 -27.15083798882682
 61 -25.13966480446928
 705 -23.12849162011173
 153 -21.11731843575419
 46 -19.10614525139664
 5 -17.09497206703909
 27 -15.08379888268155
 177 -13.072625698324
 6 -11.06145251396646
 690 -9.050279329608941
 7 -7.039106145251395
 149 -5.02793296089385
 20 -3.016759776536304
 2 -1.005586592178759
 30 1.005586592178787
 130 3.016759776536333
 0 5.02793296089385
 595 7.039106145251395
 7 9.050279329608941
 118 11.06145251396649
 63 13.07262569832403
 8 15.08379888268158
 47 17.09497206703912
 102 19.10614525139667
 548 21.11731843575421
 64 23.12849162011173
 105 25.13966480446928
 105 27.15083798882682
 59 29.16201117318437
 228 31.17318435754191
 367 33.18435754189946
 238 35.195530726257
 179 37.20670391061452
 32 39.21787709497207
 297 41.22905027932961
 1 43.24022346368716
 120 45.2513966480447
 57 47.26256983240225
 246 49.27374301675979
 97 51.28491620111734
 225 53.29608938547489
 77 55.3072625698324
 137 57.31843575418995
 270 59.32960893854749
 59 61.34078212290504
 138 63.35195530726259
 95 65.36312849162013
 99 67.37430167597768
 42 69.38547486033519
 15 71.39664804469274
 36 73.40782122905028
 5 75.41899441340783
 12 77.43016759776538
 0 79.44134078212289
 1 81.45251396648047
 0 83.46368715083798
 2 85.47486033519556
 6 87.48603351955308
 8385 89.49720670391065
 4 91.50837988826817
 4 93.51955307262574
 2 95.53072625698326
 0 97.54189944134077
 2 99.55307262569835
 9 101.5642458100559
 22 103.5754189944134
 31 105.586592178771
 20 107.5977653631285
 104 109.608938547486
 110 111.6201117318436
 131 113.6312849162011
 5 115.6424581005587
 211 117.6536312849162
 159 119.6648044692737
 97 121.6759776536313
 199 123.6871508379888
 207 125.6983240223464
 78 127.7094972067039
 169 129.7206703910614
 213 131.731843575419
 2 133.7430167597765
 144 135.7541899441341
 186 137.7653631284916
 106 139.7765363128492
 163 141.7877094972067
 524 143.7988826815642
 121 145.8100558659218
 210 147.8212290502793
 39 149.8324022346369
 167 151.8435754189944
 81 153.854748603352
 500 155.8659217877095
 58 157.8770949720671
 154 159.8882681564246
 66 161.8994413407821
 60 163.9106145251397
 28 165.9217877094972
 126 167.9329608938548
 250 169.9441340782123
 366 171.9553072625699
 4 173.9664804469274
 175 175.9776536312849
 6 177.9888268156425
 0 180


