# Created by Octave 3.8.2, Tue Jun 23 00:24:18 2020 CEST <damian@fptrucha.inv.usc.es>
# name: hd
# type: matrix
# rows: 180
# columns: 2
 5 -180
 168 -177.9888268156425
 6 -175.9776536312849
 403 -173.9664804469274
 259 -171.9553072625698
 174 -169.9441340782123
 24 -167.9329608938548
 46 -165.9217877094972
 69 -163.9106145251397
 163 -161.8994413407821
 45 -159.8882681564246
 614 -157.877094972067
 81 -155.8659217877095
 139 -153.854748603352
 45 -151.8435754189944
 92 -149.8324022346369
 249 -147.8212290502793
 635 -145.8100558659218
 159 -143.7988826815642
 112 -141.7877094972067
 200 -139.7765363128491
 123 -137.7653631284916
 2 -135.7541899441341
 171 -133.7430167597765
 214 -131.731843575419
 87 -129.7206703910614
 238 -127.7094972067039
 245 -125.6983240223464
 127 -123.6871508379888
 224 -121.6759776536313
 237 -119.6648044692737
 4 -117.6536312849162
 125 -115.6424581005587
 118 -113.6312849162011
 151 -111.6201117318436
 21 -109.608938547486
 36 -107.5977653631285
 45 -105.5865921787709
 18 -103.5754189944134
 4 -101.5642458100559
 0 -99.55307262569832
 1 -97.54189944134077
 1 -95.53072625698323
 2 -93.5195530726257
 8942 -91.50837988826815
 12 -89.49720670391061
 3 -87.48603351955308
 0 -85.47486033519553
 0 -83.46368715083798
 2 -81.45251396648044
 12 -79.44134078212289
 11 -77.43016759776536
 70 -75.41899441340782
 19 -73.40782122905027
 73 -71.39664804469274
 140 -69.38547486033519
 82 -67.37430167597765
 147 -65.3631284916201
 73 -63.35195530726256
 303 -61.34078212290503
 160 -59.32960893854748
 224 -57.31843575418993
 96 -55.3072625698324
 99 -53.29608938547486
 255 -51.28491620111731
 58 -49.27374301675977
 101 -47.26256983240222
 2 -45.25139664804468
 310 -43.24022346368713
 4 -41.22905027932961
 169 -39.21787709497207
 329 -37.20670391061452
 461 -35.19553072625698
 135 -33.18435754189943
 73 -31.17318435754188
 177 -29.16201117318434
 12 -27.15083798882682
 60 -25.13966480446928
 625 -23.12849162011173
 154 -21.11731843575419
 46 -19.10614525139664
 20 -17.09497206703909
 39 -15.08379888268155
 177 -13.072625698324
 6 -11.06145251396646
 539 -9.050279329608941
 4 -7.039106145251395
 129 -5.02793296089385
 27 -3.016759776536304
 4 -1.005586592178759
 24 1.005586592178787
 119 3.016759776536333
 1 5.02793296089385
 567 7.039106145251395
 14 9.050279329608941
 162 11.06145251396649
 43 13.07262569832403
 10 15.08379888268158
 46 17.09497206703912
 144 19.10614525139667
 553 21.11731843575421
 63 23.12849162011173
 83 25.13966480446928
 98 27.15083798882682
 52 29.16201117318437
 218 31.17318435754191
 318 33.18435754189946
 269 35.195530726257
 170 37.20670391061452
 34 39.21787709497207
 302 41.22905027932961
 2 43.24022346368716
 123 45.2513966480447
 71 47.26256983240225
 243 49.27374301675979
 105 51.28491620111734
 189 53.29608938547489
 93 55.3072625698324
 155 57.31843575418995
 244 59.32960893854749
 64 61.34078212290504
 102 63.35195530726259
 72 65.36312849162013
 93 67.37430167597768
 53 69.38547486033519
 39 71.39664804469274
 45 73.40782122905028
 4 75.41899441340783
 12 77.43016759776538
 1 79.44134078212289
 1 81.45251396648047
 0 83.46368715083798
 6 85.47486033519556
 7 87.48603351955308
 7741 89.49720670391065
 13 91.50837988826817
 6 93.51955307262574
 2 95.53072625698326
 0 97.54189944134077
 4 99.55307262569835
 19 101.5642458100559
 20 103.5754189944134
 26 105.586592178771
 13 107.5977653631285
 124 109.608938547486
 110 111.6201117318436
 122 113.6312849162011
 4 115.6424581005587
 197 117.6536312849162
 168 119.6648044692737
 100 121.6759776536313
 195 123.6871508379888
 208 125.6983240223464
 76 127.7094972067039
 166 129.7206703910614
 196 131.731843575419
 1 133.7430167597765
 108 135.7541899441341
 137 137.7653631284916
 99 139.7765363128492
 157 141.7877094972067
 535 143.7988826815642
 120 145.8100558659218
 223 147.8212290502793
 57 149.8324022346369
 138 151.8435754189944
 73 153.854748603352
 563 155.8659217877095
 29 157.8770949720671
 154 159.8882681564246
 78 161.8994413407821
 39 163.9106145251397
 26 165.9217877094972
 137 167.9329608938548
 232 169.9441340782123
 350 171.9553072625699
 5 173.9664804469274
 165 175.9776536312849
 2 177.9888268156425
 0 180


