# Created by Octave 3.8.2, Mon Jun 22 18:07:38 2020 CEST <damian@fptrucha.inv.usc.es>
# name: hd
# type: matrix
# rows: 180
# columns: 2
 3 -180
 157 -177.9888268156425
 6 -175.9776536312849
 416 -173.9664804469274
 227 -171.9553072625698
 160 -169.9441340782123
 35 -167.9329608938548
 45 -165.9217877094972
 76 -163.9106145251397
 165 -161.8994413407821
 58 -159.8882681564246
 567 -157.877094972067
 72 -155.8659217877095
 136 -153.854748603352
 55 -151.8435754189944
 65 -149.8324022346369
 249 -147.8212290502793
 596 -145.8100558659218
 133 -143.7988826815642
 96 -141.7877094972067
 210 -139.7765363128491
 107 -137.7653631284916
 6 -135.7541899441341
 169 -133.7430167597765
 174 -131.731843575419
 69 -129.7206703910614
 199 -127.7094972067039
 232 -125.6983240223464
 120 -123.6871508379888
 206 -121.6759776536313
 209 -119.6648044692737
 4 -117.6536312849162
 142 -115.6424581005587
 122 -113.6312849162011
 129 -111.6201117318436
 20 -109.608938547486
 41 -107.5977653631285
 31 -105.5865921787709
 17 -103.5754189944134
 4 -101.5642458100559
 0 -99.55307262569832
 3 -97.54189944134077
 2 -95.53072625698323
 2 -93.5195530726257
 8348 -91.50837988826815
 14 -89.49720670391061
 7 -87.48603351955308
 0 -85.47486033519553
 0 -83.46368715083798
 3 -81.45251396648044
 6 -79.44134078212289
 5 -77.43016759776536
 56 -75.41899441340782
 31 -73.40782122905027
 63 -71.39664804469274
 121 -69.38547486033519
 97 -67.37430167597765
 129 -65.3631284916201
 68 -63.35195530726256
 297 -61.34078212290503
 139 -59.32960893854748
 241 -57.31843575418993
 85 -55.3072625698324
 97 -53.29608938547486
 223 -51.28491620111731
 68 -49.27374301675977
 113 -47.26256983240222
 4 -45.25139664804468
 292 -43.24022346368713
 1 -41.22905027932961
 176 -39.21787709497207
 297 -37.20670391061452
 435 -35.19553072625698
 111 -33.18435754189943
 43 -31.17318435754188
 160 -29.16201117318434
 12 -27.15083798882682
 48 -25.13966480446928
 595 -23.12849162011173
 127 -21.11731843575419
 48 -19.10614525139664
 8 -17.09497206703909
 55 -15.08379888268155
 170 -13.072625698324
 7 -11.06145251396646
 581 -9.050279329608941
 2 -7.039106145251395
 135 -5.02793296089385
 17 -3.016759776536304
 2 -1.005586592178759
 12 1.005586592178787
 142 3.016759776536333
 5 5.02793296089385
 587 7.039106145251395
 19 9.050279329608941
 154 11.06145251396649
 57 13.07262569832403
 15 15.08379888268158
 69 17.09497206703912
 147 19.10614525139667
 556 21.11731843575421
 71 23.12849162011173
 97 25.13966480446928
 92 27.15083798882682
 77 29.16201117318437
 222 31.17318435754191
 367 33.18435754189946
 248 35.195530726257
 141 37.20670391061452
 40 39.21787709497207
 298 41.22905027932961
 5 43.24022346368716
 112 45.2513966480447
 71 47.26256983240225
 207 49.27374301675979
 90 51.28491620111734
 188 53.29608938547489
 82 55.3072625698324
 148 57.31843575418995
 271 59.32960893854749
 57 61.34078212290504
 111 63.35195530726259
 77 65.36312849162013
 112 67.37430167597768
 47 69.38547486033519
 29 71.39664804469274
 56 73.40782122905028
 12 75.41899441340783
 11 77.43016759776538
 4 79.44134078212289
 1 81.45251396648047
 1 83.46368715083798
 6 85.47486033519556
 21 87.48603351955308
 7804 89.49720670391065
 11 91.50837988826817
 3 93.51955307262574
 2 95.53072625698326
 0 97.54189944134077
 7 99.55307262569835
 13 101.5642458100559
 22 103.5754189944134
 34 105.586592178771
 28 107.5977653631285
 120 109.608938547486
 125 111.6201117318436
 129 113.6312849162011
 0 115.6424581005587
 214 117.6536312849162
 176 119.6648044692737
 100 121.6759776536313
 184 123.6871508379888
 175 125.6983240223464
 76 127.7094972067039
 164 129.7206703910614
 175 131.731843575419
 2 133.7430167597765
 134 135.7541899441341
 191 137.7653631284916
 120 139.7765363128492
 135 141.7877094972067
 543 143.7988826815642
 126 145.8100558659218
 202 147.8212290502793
 47 149.8324022346369
 133 151.8435754189944
 63 153.854748603352
 528 155.8659217877095
 58 157.8770949720671
 127 159.8882681564246
 79 161.8994413407821
 59 163.9106145251397
 21 165.9217877094972
 128 167.9329608938548
 202 169.9441340782123
 309 171.9553072625699
 4 173.9664804469274
 171 175.9776536312849
 6 177.9888268156425
 0 180


