# Created by Octave 3.8.2, Sat Jun 20 11:33:37 2020 CEST <damian@fptrucha.inv.usc.es>
# name: hd
# type: matrix
# rows: 180
# columns: 2
 5 -180
 185 -177.9888268156425
 5 -175.9776536312849
 327 -173.9664804469274
 272 -171.9553072625698
 171 -169.9441340782123
 27 -167.9329608938548
 45 -165.9217877094972
 57 -163.9106145251397
 182 -161.8994413407821
 46 -159.8882681564246
 663 -157.877094972067
 63 -155.8659217877095
 106 -153.854748603352
 39 -151.8435754189944
 69 -149.8324022346369
 181 -147.8212290502793
 704 -145.8100558659218
 129 -143.7988826815642
 101 -141.7877094972067
 175 -139.7765363128491
 103 -137.7653631284916
 3 -135.7541899441341
 164 -133.7430167597765
 163 -131.731843575419
 77 -129.7206703910614
 199 -127.7094972067039
 228 -125.6983240223464
 113 -123.6871508379888
 220 -121.6759776536313
 196 -119.6648044692737
 1 -117.6536312849162
 90 -115.6424581005587
 116 -113.6312849162011
 124 -111.6201117318436
 15 -109.608938547486
 37 -107.5977653631285
 21 -105.5865921787709
 8 -103.5754189944134
 2 -101.5642458100559
 0 -99.55307262569832
 1 -97.54189944134077
 1 -95.53072625698323
 4 -93.5195530726257
 8706 -91.50837988826815
 13 -89.49720670391061
 3 -87.48603351955308
 0 -85.47486033519553
 1 -83.46368715083798
 2 -81.45251396648044
 10 -79.44134078212289
 4 -77.43016759776536
 50 -75.41899441340782
 24 -73.40782122905027
 58 -71.39664804469274
 110 -69.38547486033519
 85 -67.37430167597765
 100 -65.3631284916201
 49 -63.35195530726256
 296 -61.34078212290503
 157 -59.32960893854748
 230 -57.31843575418993
 111 -55.3072625698324
 117 -53.29608938547486
 230 -51.28491620111731
 49 -49.27374301675977
 119 -47.26256983240222
 0 -45.25139664804468
 252 -43.24022346368713
 2 -41.22905027932961
 197 -39.21787709497207
 324 -37.20670391061452
 536 -35.19553072625698
 120 -33.18435754189943
 69 -31.17318435754188
 168 -29.16201117318434
 9 -27.15083798882682
 62 -25.13966480446928
 688 -23.12849162011173
 137 -21.11731843575419
 64 -19.10614525139664
 14 -17.09497206703909
 38 -15.08379888268155
 178 -13.072625698324
 9 -11.06145251396646
 616 -9.050279329608941
 1 -7.039106145251395
 153 -5.02793296089385
 24 -3.016759776536304
 3 -1.005586592178759
 14 1.005586592178787
 152 3.016759776536333
 2 5.02793296089385
 615 7.039106145251395
 12 9.050279329608941
 156 11.06145251396649
 46 13.07262569832403
 9 15.08379888268158
 61 17.09497206703912
 118 19.10614525139667
 566 21.11731843575421
 68 23.12849162011173
 119 25.13966480446928
 115 27.15083798882682
 55 29.16201117318437
 222 31.17318435754191
 313 33.18435754189946
 252 35.195530726257
 187 37.20670391061452
 40 39.21787709497207
 327 41.22905027932961
 0 43.24022346368716
 133 45.2513966480447
 77 47.26256983240225
 275 49.27374301675979
 92 51.28491620111734
 218 53.29608938547489
 98 55.3072625698324
 175 57.31843575418995
 265 59.32960893854749
 52 61.34078212290504
 133 63.35195530726259
 90 65.36312849162013
 141 67.37430167597768
 58 69.38547486033519
 30 71.39664804469274
 61 73.40782122905028
 7 75.41899441340783
 12 77.43016759776538
 3 79.44134078212289
 0 81.45251396648047
 1 83.46368715083798
 4 85.47486033519556
 12 87.48603351955308
 8587 89.49720670391065
 9 91.50837988826817
 5 93.51955307262574
 0 95.53072625698326
 0 97.54189944134077
 4 99.55307262569835
 16 101.5642458100559
 18 103.5754189944134
 39 105.586592178771
 24 107.5977653631285
 121 109.608938547486
 141 111.6201117318436
 170 113.6312849162011
 6 115.6424581005587
 233 117.6536312849162
 176 119.6648044692737
 107 121.6759776536313
 191 123.6871508379888
 199 125.6983240223464
 71 127.7094972067039
 157 129.7206703910614
 213 131.731843575419
 2 133.7430167597765
 128 135.7541899441341
 183 137.7653631284916
 120 139.7765363128492
 165 141.7877094972067
 519 143.7988826815642
 121 145.8100558659218
 234 147.8212290502793
 50 149.8324022346369
 181 151.8435754189944
 75 153.854748603352
 526 155.8659217877095
 52 157.8770949720671
 124 159.8882681564246
 76 161.8994413407821
 64 163.9106145251397
 15 165.9217877094972
 139 167.9329608938548
 253 169.9441340782123
 370 171.9553072625699
 3 173.9664804469274
 159 175.9776536312849
 5 177.9888268156425
 0 180


