# Created by Octave 3.8.2, Sun Jun 21 02:11:53 2020 CEST <damian@fptrucha.inv.usc.es>
# name: hd
# type: matrix
# rows: 180
# columns: 2
 3 -180
 175 -177.9888268156425
 3 -175.9776536312849
 325 -173.9664804469274
 245 -171.9553072625698
 166 -169.9441340782123
 31 -167.9329608938548
 36 -165.9217877094972
 55 -163.9106145251397
 153 -161.8994413407821
 33 -159.8882681564246
 657 -157.877094972067
 66 -155.8659217877095
 119 -153.854748603352
 40 -151.8435754189944
 79 -149.8324022346369
 217 -147.8212290502793
 603 -145.8100558659218
 125 -143.7988826815642
 105 -141.7877094972067
 184 -139.7765363128491
 101 -137.7653631284916
 2 -135.7541899441341
 154 -133.7430167597765
 150 -131.731843575419
 78 -129.7206703910614
 186 -127.7094972067039
 224 -125.6983240223464
 112 -123.6871508379888
 184 -121.6759776536313
 178 -119.6648044692737
 5 -117.6536312849162
 89 -115.6424581005587
 111 -113.6312849162011
 125 -111.6201117318436
 10 -109.608938547486
 32 -107.5977653631285
 27 -105.5865921787709
 14 -103.5754189944134
 3 -101.5642458100559
 0 -99.55307262569832
 1 -97.54189944134077
 2 -95.53072625698323
 4 -93.5195530726257
 8018 -91.50837988826815
 8 -89.49720670391061
 4 -87.48603351955308
 1 -85.47486033519553
 0 -83.46368715083798
 0 -81.45251396648044
 6 -79.44134078212289
 6 -77.43016759776536
 44 -75.41899441340782
 25 -73.40782122905027
 54 -71.39664804469274
 109 -69.38547486033519
 57 -67.37430167597765
 104 -65.3631284916201
 43 -63.35195530726256
 297 -61.34078212290503
 138 -59.32960893854748
 211 -57.31843575418993
 110 -55.3072625698324
 86 -53.29608938547486
 214 -51.28491620111731
 56 -49.27374301675977
 90 -47.26256983240222
 1 -45.25139664804468
 249 -43.24022346368713
 4 -41.22905027932961
 150 -39.21787709497207
 303 -37.20670391061452
 474 -35.19553072625698
 114 -33.18435754189943
 57 -31.17318435754188
 154 -29.16201117318434
 11 -27.15083798882682
 51 -25.13966480446928
 600 -23.12849162011173
 123 -21.11731843575419
 51 -19.10614525139664
 11 -17.09497206703909
 41 -15.08379888268155
 134 -13.072625698324
 7 -11.06145251396646
 546 -9.050279329608941
 1 -7.039106145251395
 131 -5.02793296089385
 21 -3.016759776536304
 1 -1.005586592178759
 23 1.005586592178787
 108 3.016759776536333
 1 5.02793296089385
 523 7.039106145251395
 7 9.050279329608941
 119 11.06145251396649
 38 13.07262569832403
 4 15.08379888268158
 63 17.09497206703912
 97 19.10614525139667
 523 21.11731843575421
 51 23.12849162011173
 99 25.13966480446928
 93 27.15083798882682
 48 29.16201117318437
 216 31.17318435754191
 317 33.18435754189946
 231 35.195530726257
 161 37.20670391061452
 35 39.21787709497207
 286 41.22905027932961
 1 43.24022346368716
 122 45.2513966480447
 42 47.26256983240225
 207 49.27374301675979
 97 51.28491620111734
 194 53.29608938547489
 81 55.3072625698324
 137 57.31843575418995
 236 59.32960893854749
 65 61.34078212290504
 100 63.35195530726259
 80 65.36312849162013
 111 67.37430167597768
 33 69.38547486033519
 21 71.39664804469274
 30 73.40782122905028
 2 75.41899441340783
 5 77.43016759776538
 0 79.44134078212289
 0 81.45251396648047
 1 83.46368715083798
 3 85.47486033519556
 11 87.48603351955308
 7496 89.49720670391065
 6 91.50837988826817
 2 93.51955307262574
 0 95.53072625698326
 0 97.54189944134077
 4 99.55307262569835
 10 101.5642458100559
 22 103.5754189944134
 36 105.586592178771
 17 107.5977653631285
 100 109.608938547486
 96 111.6201117318436
 118 113.6312849162011
 3 115.6424581005587
 173 117.6536312849162
 146 119.6648044692737
 91 121.6759776536313
 167 123.6871508379888
 151 125.6983240223464
 70 127.7094972067039
 125 129.7206703910614
 158 131.731843575419
 4 133.7430167597765
 109 135.7541899441341
 176 137.7653631284916
 99 139.7765363128492
 148 141.7877094972067
 459 143.7988826815642
 129 145.8100558659218
 181 147.8212290502793
 34 149.8324022346369
 143 151.8435754189944
 50 153.854748603352
 427 155.8659217877095
 45 157.8770949720671
 108 159.8882681564246
 69 161.8994413407821
 40 163.9106145251397
 13 165.9217877094972
 109 167.9329608938548
 218 169.9441340782123
 302 171.9553072625699
 3 173.9664804469274
 132 175.9776536312849
 2 177.9888268156425
 0 180


