# Created by Octave 3.8.2, Mon Jun 22 01:19:02 2020 CEST <damian@fptrucha.inv.usc.es>
# name: hd
# type: matrix
# rows: 180
# columns: 2
 5 -180
 142 -177.9888268156425
 3 -175.9776536312849
 360 -173.9664804469274
 228 -171.9553072625698
 140 -169.9441340782123
 32 -167.9329608938548
 35 -165.9217877094972
 44 -163.9106145251397
 164 -161.8994413407821
 35 -159.8882681564246
 599 -157.877094972067
 49 -155.8659217877095
 136 -153.854748603352
 35 -151.8435754189944
 60 -149.8324022346369
 231 -147.8212290502793
 621 -145.8100558659218
 125 -143.7988826815642
 97 -141.7877094972067
 146 -139.7765363128491
 84 -137.7653631284916
 0 -135.7541899441341
 164 -133.7430167597765
 138 -131.731843575419
 62 -129.7206703910614
 166 -127.7094972067039
 229 -125.6983240223464
 113 -123.6871508379888
 171 -121.6759776536313
 172 -119.6648044692737
 4 -117.6536312849162
 88 -115.6424581005587
 109 -113.6312849162011
 129 -111.6201117318436
 9 -109.608938547486
 27 -107.5977653631285
 17 -105.5865921787709
 11 -103.5754189944134
 4 -101.5642458100559
 0 -99.55307262569832
 1 -97.54189944134077
 1 -95.53072625698323
 2 -93.5195530726257
 8115 -91.50837988826815
 4 -89.49720670391061
 2 -87.48603351955308
 1 -85.47486033519553
 0 -83.46368715083798
 1 -81.45251396648044
 4 -79.44134078212289
 3 -77.43016759776536
 42 -75.41899441340782
 24 -73.40782122905027
 58 -71.39664804469274
 132 -69.38547486033519
 63 -67.37430167597765
 98 -65.3631284916201
 53 -63.35195530726256
 270 -61.34078212290503
 133 -59.32960893854748
 210 -57.31843575418993
 80 -55.3072625698324
 86 -53.29608938547486
 196 -51.28491620111731
 64 -49.27374301675977
 87 -47.26256983240222
 1 -45.25139664804468
 240 -43.24022346368713
 2 -41.22905027932961
 135 -39.21787709497207
 315 -37.20670391061452
 474 -35.19553072625698
 112 -33.18435754189943
 47 -31.17318435754188
 122 -29.16201117318434
 1 -27.15083798882682
 64 -25.13966480446928
 651 -23.12849162011173
 145 -21.11731843575419
 38 -19.10614525139664
 10 -17.09497206703909
 43 -15.08379888268155
 159 -13.072625698324
 10 -11.06145251396646
 576 -9.050279329608941
 3 -7.039106145251395
 117 -5.02793296089385
 16 -3.016759776536304
 2 -1.005586592178759
 17 1.005586592178787
 122 3.016759776536333
 4 5.02793296089385
 559 7.039106145251395
 7 9.050279329608941
 131 11.06145251396649
 39 13.07262569832403
 12 15.08379888268158
 47 17.09497206703912
 114 19.10614525139667
 536 21.11731843575421
 72 23.12849162011173
 77 25.13966480446928
 89 27.15083798882682
 57 29.16201117318437
 236 31.17318435754191
 289 33.18435754189946
 253 35.195530726257
 157 37.20670391061452
 42 39.21787709497207
 279 41.22905027932961
 2 43.24022346368716
 120 45.2513966480447
 61 47.26256983240225
 230 49.27374301675979
 76 51.28491620111734
 221 53.29608938547489
 95 55.3072625698324
 128 57.31843575418995
 266 59.32960893854749
 57 61.34078212290504
 119 63.35195530726259
 77 65.36312849162013
 111 67.37430167597768
 43 69.38547486033519
 27 71.39664804469274
 45 73.40782122905028
 11 75.41899441340783
 2 77.43016759776538
 1 79.44134078212289
 0 81.45251396648047
 0 83.46368715083798
 2 85.47486033519556
 8 87.48603351955308
 7617 89.49720670391065
 5 91.50837988826817
 1 93.51955307262574
 1 95.53072625698326
 2 97.54189944134077
 4 99.55307262569835
 14 101.5642458100559
 13 103.5754189944134
 33 105.586592178771
 19 107.5977653631285
 89 109.608938547486
 122 111.6201117318436
 104 113.6312849162011
 3 115.6424581005587
 192 117.6536312849162
 138 119.6648044692737
 68 121.6759776536313
 163 123.6871508379888
 181 125.6983240223464
 73 127.7094972067039
 147 129.7206703910614
 157 131.731843575419
 2 133.7430167597765
 122 135.7541899441341
 161 137.7653631284916
 95 139.7765363128492
 121 141.7877094972067
 468 143.7988826815642
 130 145.8100558659218
 187 147.8212290502793
 41 149.8324022346369
 143 151.8435754189944
 63 153.854748603352
 450 155.8659217877095
 52 157.8770949720671
 109 159.8882681564246
 72 161.8994413407821
 43 163.9106145251397
 11 165.9217877094972
 125 167.9329608938548
 235 169.9441340782123
 303 171.9553072625699
 0 173.9664804469274
 145 175.9776536312849
 1 177.9888268156425
 0 180


