# Created by Octave 3.8.2, Tue Jun 23 00:11:09 2020 CEST <damian@fptrucha.inv.usc.es>
# name: hd
# type: matrix
# rows: 180
# columns: 2
 4 -180
 179 -177.9888268156425
 6 -175.9776536312849
 382 -173.9664804469274
 255 -171.9553072625698
 141 -169.9441340782123
 40 -167.9329608938548
 53 -165.9217877094972
 71 -163.9106145251397
 176 -161.8994413407821
 45 -159.8882681564246
 634 -157.877094972067
 70 -155.8659217877095
 130 -153.854748603352
 43 -151.8435754189944
 92 -149.8324022346369
 231 -147.8212290502793
 668 -145.8100558659218
 139 -143.7988826815642
 110 -141.7877094972067
 201 -139.7765363128491
 129 -137.7653631284916
 4 -135.7541899441341
 206 -133.7430167597765
 191 -131.731843575419
 100 -129.7206703910614
 202 -127.7094972067039
 253 -125.6983240223464
 105 -123.6871508379888
 238 -121.6759776536313
 229 -119.6648044692737
 7 -117.6536312849162
 134 -115.6424581005587
 138 -113.6312849162011
 142 -111.6201117318436
 19 -109.608938547486
 53 -107.5977653631285
 34 -105.5865921787709
 22 -103.5754189944134
 3 -101.5642458100559
 0 -99.55307262569832
 1 -97.54189944134077
 2 -95.53072625698323
 4 -93.5195530726257
 8951 -91.50837988826815
 8 -89.49720670391061
 6 -87.48603351955308
 2 -85.47486033519553
 0 -83.46368715083798
 3 -81.45251396648044
 8 -79.44134078212289
 6 -77.43016759776536
 54 -75.41899441340782
 37 -73.40782122905027
 55 -71.39664804469274
 113 -69.38547486033519
 90 -67.37430167597765
 138 -65.3631284916201
 70 -63.35195530726256
 292 -61.34078212290503
 160 -59.32960893854748
 221 -57.31843575418993
 105 -55.3072625698324
 87 -53.29608938547486
 252 -51.28491620111731
 55 -49.27374301675977
 122 -47.26256983240222
 3 -45.25139664804468
 323 -43.24022346368713
 4 -41.22905027932961
 184 -39.21787709497207
 328 -37.20670391061452
 497 -35.19553072625698
 139 -33.18435754189943
 67 -31.17318435754188
 175 -29.16201117318434
 6 -27.15083798882682
 69 -25.13966480446928
 629 -23.12849162011173
 170 -21.11731843575419
 64 -19.10614525139664
 12 -17.09497206703909
 57 -15.08379888268155
 183 -13.072625698324
 9 -11.06145251396646
 615 -9.050279329608941
 3 -7.039106145251395
 137 -5.02793296089385
 21 -3.016759776536304
 2 -1.005586592178759
 23 1.005586592178787
 128 3.016759776536333
 5 5.02793296089385
 615 7.039106145251395
 13 9.050279329608941
 156 11.06145251396649
 43 13.07262569832403
 10 15.08379888268158
 66 17.09497206703912
 115 19.10614525139667
 556 21.11731843575421
 55 23.12849162011173
 78 25.13966480446928
 96 27.15083798882682
 51 29.16201117318437
 218 31.17318435754191
 363 33.18435754189946
 254 35.195530726257
 161 37.20670391061452
 37 39.21787709497207
 307 41.22905027932961
 1 43.24022346368716
 114 45.2513966480447
 66 47.26256983240225
 226 49.27374301675979
 93 51.28491620111734
 183 53.29608938547489
 80 55.3072625698324
 139 57.31843575418995
 290 59.32960893854749
 61 61.34078212290504
 123 63.35195530726259
 80 65.36312849162013
 104 67.37430167597768
 43 69.38547486033519
 21 71.39664804469274
 55 73.40782122905028
 10 75.41899441340783
 8 77.43016759776538
 0 79.44134078212289
 3 81.45251396648047
 1 83.46368715083798
 4 85.47486033519556
 14 87.48603351955308
 7781 89.49720670391065
 7 91.50837988826817
 2 93.51955307262574
 2 95.53072625698326
 1 97.54189944134077
 2 99.55307262569835
 13 101.5642458100559
 25 103.5754189944134
 44 105.586592178771
 20 107.5977653631285
 102 109.608938547486
 108 111.6201117318436
 106 113.6312849162011
 3 115.6424581005587
 178 117.6536312849162
 182 119.6648044692737
 89 121.6759776536313
 184 123.6871508379888
 187 125.6983240223464
 82 127.7094972067039
 141 129.7206703910614
 179 131.731843575419
 3 133.7430167597765
 140 135.7541899441341
 173 137.7653631284916
 109 139.7765363128492
 126 141.7877094972067
 545 143.7988826815642
 98 145.8100558659218
 189 147.8212290502793
 49 149.8324022346369
 142 151.8435754189944
 68 153.854748603352
 489 155.8659217877095
 58 157.8770949720671
 141 159.8882681564246
 73 161.8994413407821
 53 163.9106145251397
 16 165.9217877094972
 132 167.9329608938548
 236 169.9441340782123
 359 171.9553072625699
 4 173.9664804469274
 176 175.9776536312849
 5 177.9888268156425
 0 180


