# Created by Octave 3.8.2, Mon Jun 22 05:54:23 2020 CEST <damian@fptrucha.inv.usc.es>
# name: hd
# type: matrix
# rows: 180
# columns: 2
 6 -180
 178 -177.9888268156425
 6 -175.9776536312849
 343 -173.9664804469274
 228 -171.9553072625698
 142 -169.9441340782123
 34 -167.9329608938548
 37 -165.9217877094972
 57 -163.9106145251397
 153 -161.8994413407821
 49 -159.8882681564246
 530 -157.877094972067
 62 -155.8659217877095
 111 -153.854748603352
 30 -151.8435754189944
 64 -149.8324022346369
 196 -147.8212290502793
 509 -145.8100558659218
 117 -143.7988826815642
 84 -141.7877094972067
 174 -139.7765363128491
 111 -137.7653631284916
 1 -135.7541899441341
 169 -133.7430167597765
 161 -131.731843575419
 73 -129.7206703910614
 170 -127.7094972067039
 190 -125.6983240223464
 101 -123.6871508379888
 197 -121.6759776536313
 185 -119.6648044692737
 6 -117.6536312849162
 124 -115.6424581005587
 130 -113.6312849162011
 119 -111.6201117318436
 11 -109.608938547486
 43 -107.5977653631285
 23 -105.5865921787709
 8 -103.5754189944134
 5 -101.5642458100559
 1 -99.55307262569832
 2 -97.54189944134077
 2 -95.53072625698323
 6 -93.5195530726257
 7429 -91.50837988826815
 13 -89.49720670391061
 4 -87.48603351955308
 2 -85.47486033519553
 2 -83.46368715083798
 5 -81.45251396648044
 9 -79.44134078212289
 6 -77.43016759776536
 52 -75.41899441340782
 33 -73.40782122905027
 58 -71.39664804469274
 104 -69.38547486033519
 75 -67.37430167597765
 101 -65.3631284916201
 41 -63.35195530726256
 229 -61.34078212290503
 142 -59.32960893854748
 192 -57.31843575418993
 84 -55.3072625698324
 71 -53.29608938547486
 216 -51.28491620111731
 70 -49.27374301675977
 104 -47.26256983240222
 4 -45.25139664804468
 280 -43.24022346368713
 5 -41.22905027932961
 152 -39.21787709497207
 262 -37.20670391061452
 432 -35.19553072625698
 97 -33.18435754189943
 63 -31.17318435754188
 161 -29.16201117318434
 8 -27.15083798882682
 70 -25.13966480446928
 570 -23.12849162011173
 120 -21.11731843575419
 64 -19.10614525139664
 15 -17.09497206703909
 34 -15.08379888268155
 144 -13.072625698324
 8 -11.06145251396646
 551 -9.050279329608941
 1 -7.039106145251395
 115 -5.02793296089385
 23 -3.016759776536304
 4 -1.005586592178759
 30 1.005586592178787
 142 3.016759776536333
 3 5.02793296089385
 481 7.039106145251395
 6 9.050279329608941
 142 11.06145251396649
 33 13.07262569832403
 12 15.08379888268158
 51 17.09497206703912
 103 19.10614525139667
 529 21.11731843575421
 60 23.12849162011173
 66 25.13966480446928
 94 27.15083798882682
 66 29.16201117318437
 197 31.17318435754191
 320 33.18435754189946
 243 35.195530726257
 144 37.20670391061452
 42 39.21787709497207
 288 41.22905027932961
 4 43.24022346368716
 94 45.2513966480447
 64 47.26256983240225
 216 49.27374301675979
 81 51.28491620111734
 178 53.29608938547489
 67 55.3072625698324
 126 57.31843575418995
 230 59.32960893854749
 54 61.34078212290504
 125 63.35195530726259
 69 65.36312849162013
 106 67.37430167597768
 49 69.38547486033519
 25 71.39664804469274
 53 73.40782122905028
 11 75.41899441340783
 8 77.43016759776538
 3 79.44134078212289
 1 81.45251396648047
 3 83.46368715083798
 9 85.47486033519556
 13 87.48603351955308
 7096 89.49720670391065
 17 91.50837988826817
 4 93.51955307262574
 0 95.53072625698326
 2 97.54189944134077
 2 99.55307262569835
 15 101.5642458100559
 22 103.5754189944134
 33 105.586592178771
 18 107.5977653631285
 106 109.608938547486
 128 111.6201117318436
 125 113.6312849162011
 4 115.6424581005587
 194 117.6536312849162
 157 119.6648044692737
 94 121.6759776536313
 154 123.6871508379888
 167 125.6983240223464
 81 127.7094972067039
 181 129.7206703910614
 168 131.731843575419
 4 133.7430167597765
 90 135.7541899441341
 177 137.7653631284916
 91 139.7765363128492
 131 141.7877094972067
 481 143.7988826815642
 109 145.8100558659218
 163 147.8212290502793
 41 149.8324022346369
 104 151.8435754189944
 72 153.854748603352
 445 155.8659217877095
 53 157.8770949720671
 130 159.8882681564246
 65 161.8994413407821
 51 163.9106145251397
 26 165.9217877094972
 127 167.9329608938548
 219 169.9441340782123
 299 171.9553072625699
 7 173.9664804469274
 145 175.9776536312849
 7 177.9888268156425
 0 180


