# Created by Octave 3.8.2, Sat Jun 20 11:59:49 2020 CEST <damian@fptrucha.inv.usc.es>
# name: hd
# type: matrix
# rows: 180
# columns: 2
 4 -180
 178 -177.9888268156425
 1 -175.9776536312849
 404 -173.9664804469274
 243 -171.9553072625698
 180 -169.9441340782123
 32 -167.9329608938548
 50 -165.9217877094972
 63 -163.9106145251397
 174 -161.8994413407821
 50 -159.8882681564246
 656 -157.877094972067
 76 -155.8659217877095
 122 -153.854748603352
 57 -151.8435754189944
 65 -149.8324022346369
 240 -147.8212290502793
 712 -145.8100558659218
 140 -143.7988826815642
 95 -141.7877094972067
 190 -139.7765363128491
 119 -137.7653631284916
 2 -135.7541899441341
 165 -133.7430167597765
 163 -131.731843575419
 92 -129.7206703910614
 200 -127.7094972067039
 270 -125.6983240223464
 105 -123.6871508379888
 199 -121.6759776536313
 220 -119.6648044692737
 1 -117.6536312849162
 109 -115.6424581005587
 133 -113.6312849162011
 119 -111.6201117318436
 18 -109.608938547486
 31 -107.5977653631285
 17 -105.5865921787709
 13 -103.5754189944134
 2 -101.5642458100559
 0 -99.55307262569832
 0 -97.54189944134077
 4 -95.53072625698323
 3 -93.5195530726257
 8833 -91.50837988826815
 7 -89.49720670391061
 3 -87.48603351955308
 1 -85.47486033519553
 2 -83.46368715083798
 2 -81.45251396648044
 7 -79.44134078212289
 5 -77.43016759776536
 46 -75.41899441340782
 25 -73.40782122905027
 47 -71.39664804469274
 123 -69.38547486033519
 73 -67.37430167597765
 93 -65.3631284916201
 47 -63.35195530726256
 270 -61.34078212290503
 161 -59.32960893854748
 214 -57.31843575418993
 106 -55.3072625698324
 83 -53.29608938547486
 258 -51.28491620111731
 52 -49.27374301675977
 115 -47.26256983240222
 1 -45.25139664804468
 278 -43.24022346368713
 2 -41.22905027932961
 160 -39.21787709497207
 319 -37.20670391061452
 493 -35.19553072625698
 119 -33.18435754189943
 55 -31.17318435754188
 135 -29.16201117318434
 10 -27.15083798882682
 55 -25.13966480446928
 649 -23.12849162011173
 141 -21.11731843575419
 44 -19.10614525139664
 10 -17.09497206703909
 34 -15.08379888268155
 185 -13.072625698324
 11 -11.06145251396646
 626 -9.050279329608941
 1 -7.039106145251395
 151 -5.02793296089385
 21 -3.016759776536304
 3 -1.005586592178759
 23 1.005586592178787
 131 3.016759776536333
 2 5.02793296089385
 596 7.039106145251395
 12 9.050279329608941
 143 11.06145251396649
 49 13.07262569832403
 9 15.08379888268158
 75 17.09497206703912
 122 19.10614525139667
 570 21.11731843575421
 70 23.12849162011173
 105 25.13966480446928
 97 27.15083798882682
 72 29.16201117318437
 259 31.17318435754191
 318 33.18435754189946
 279 35.195530726257
 194 37.20670391061452
 31 39.21787709497207
 288 41.22905027932961
 1 43.24022346368716
 133 45.2513966480447
 70 47.26256983240225
 270 49.27374301675979
 76 51.28491620111734
 232 53.29608938547489
 95 55.3072625698324
 154 57.31843575418995
 275 59.32960893854749
 65 61.34078212290504
 134 63.35195530726259
 85 65.36312849162013
 115 67.37430167597768
 50 69.38547486033519
 33 71.39664804469274
 54 73.40782122905028
 13 75.41899441340783
 14 77.43016759776538
 3 79.44134078212289
 0 81.45251396648047
 1 83.46368715083798
 5 85.47486033519556
 7 87.48603351955308
 8393 89.49720670391065
 3 91.50837988826817
 3 93.51955307262574
 4 95.53072625698326
 2 97.54189944134077
 5 99.55307262569835
 19 101.5642458100559
 20 103.5754189944134
 47 105.586592178771
 37 107.5977653631285
 139 109.608938547486
 129 111.6201117318436
 129 113.6312849162011
 5 115.6424581005587
 241 117.6536312849162
 183 119.6648044692737
 100 121.6759776536313
 190 123.6871508379888
 196 125.6983240223464
 90 127.7094972067039
 182 129.7206703910614
 175 131.731843575419
 3 133.7430167597765
 146 135.7541899441341
 205 137.7653631284916
 115 139.7765363128492
 140 141.7877094972067
 525 143.7988826815642
 137 145.8100558659218
 246 147.8212290502793
 53 149.8324022346369
 145 151.8435754189944
 69 153.854748603352
 503 155.8659217877095
 57 157.8770949720671
 154 159.8882681564246
 73 161.8994413407821
 58 163.9106145251397
 18 165.9217877094972
 159 167.9329608938548
 265 169.9441340782123
 360 171.9553072625699
 1 173.9664804469274
 160 175.9776536312849
 3 177.9888268156425
 0 180


