# Created by Octave 3.8.2, Mon Jun 22 22:16:52 2020 CEST <damian@fptrucha.inv.usc.es>
# name: hd
# type: matrix
# rows: 180
# columns: 2
 5 -180
 187 -177.9888268156425
 3 -175.9776536312849
 409 -173.9664804469274
 267 -171.9553072625698
 161 -169.9441340782123
 43 -167.9329608938548
 50 -165.9217877094972
 66 -163.9106145251397
 168 -161.8994413407821
 46 -159.8882681564246
 649 -157.877094972067
 79 -155.8659217877095
 146 -153.854748603352
 39 -151.8435754189944
 95 -149.8324022346369
 220 -147.8212290502793
 659 -145.8100558659218
 144 -143.7988826815642
 117 -141.7877094972067
 193 -139.7765363128491
 111 -137.7653631284916
 3 -135.7541899441341
 151 -133.7430167597765
 181 -131.731843575419
 100 -129.7206703910614
 184 -127.7094972067039
 237 -125.6983240223464
 122 -123.6871508379888
 188 -121.6759776536313
 230 -119.6648044692737
 3 -117.6536312849162
 105 -115.6424581005587
 141 -113.6312849162011
 139 -111.6201117318436
 19 -109.608938547486
 28 -107.5977653631285
 34 -105.5865921787709
 16 -103.5754189944134
 3 -101.5642458100559
 2 -99.55307262569832
 0 -97.54189944134077
 4 -95.53072625698323
 9 -93.5195530726257
 8606 -91.50837988826815
 17 -89.49720670391061
 2 -87.48603351955308
 1 -85.47486033519553
 0 -83.46368715083798
 1 -81.45251396648044
 4 -79.44134078212289
 10 -77.43016759776536
 68 -75.41899441340782
 21 -73.40782122905027
 58 -71.39664804469274
 137 -69.38547486033519
 69 -67.37430167597765
 122 -65.3631284916201
 57 -63.35195530726256
 275 -61.34078212290503
 162 -59.32960893854748
 234 -57.31843575418993
 100 -55.3072625698324
 101 -53.29608938547486
 226 -51.28491620111731
 78 -49.27374301675977
 123 -47.26256983240222
 4 -45.25139664804468
 321 -43.24022346368713
 0 -41.22905027932961
 187 -39.21787709497207
 313 -37.20670391061452
 467 -35.19553072625698
 119 -33.18435754189943
 72 -31.17318435754188
 189 -29.16201117318434
 11 -27.15083798882682
 67 -25.13966480446928
 611 -23.12849162011173
 145 -21.11731843575419
 57 -19.10614525139664
 10 -17.09497206703909
 49 -15.08379888268155
 175 -13.072625698324
 11 -11.06145251396646
 616 -9.050279329608941
 5 -7.039106145251395
 137 -5.02793296089385
 26 -3.016759776536304
 0 -1.005586592178759
 16 1.005586592178787
 139 3.016759776536333
 3 5.02793296089385
 567 7.039106145251395
 8 9.050279329608941
 174 11.06145251396649
 39 13.07262569832403
 17 15.08379888268158
 53 17.09497206703912
 121 19.10614525139667
 529 21.11731843575421
 59 23.12849162011173
 98 25.13966480446928
 102 27.15083798882682
 66 29.16201117318437
 210 31.17318435754191
 367 33.18435754189946
 263 35.195530726257
 175 37.20670391061452
 37 39.21787709497207
 282 41.22905027932961
 1 43.24022346368716
 122 45.2513966480447
 68 47.26256983240225
 221 49.27374301675979
 90 51.28491620111734
 203 53.29608938547489
 80 55.3072625698324
 191 57.31843575418995
 263 59.32960893854749
 80 61.34078212290504
 146 63.35195530726259
 90 65.36312849162013
 106 67.37430167597768
 48 69.38547486033519
 24 71.39664804469274
 49 73.40782122905028
 8 75.41899441340783
 8 77.43016759776538
 2 79.44134078212289
 0 81.45251396648047
 3 83.46368715083798
 5 85.47486033519556
 10 87.48603351955308
 7959 89.49720670391065
 15 91.50837988826817
 4 93.51955307262574
 0 95.53072625698326
 2 97.54189944134077
 2 99.55307262569835
 19 101.5642458100559
 16 103.5754189944134
 52 105.586592178771
 26 107.5977653631285
 124 109.608938547486
 124 111.6201117318436
 151 113.6312849162011
 3 115.6424581005587
 204 117.6536312849162
 190 119.6648044692737
 104 121.6759776536313
 187 123.6871508379888
 203 125.6983240223464
 89 127.7094972067039
 161 129.7206703910614
 190 131.731843575419
 3 133.7430167597765
 122 135.7541899441341
 171 137.7653631284916
 115 139.7765363128492
 158 141.7877094972067
 501 143.7988826815642
 105 145.8100558659218
 226 147.8212290502793
 57 149.8324022346369
 148 151.8435754189944
 79 153.854748603352
 515 155.8659217877095
 44 157.8770949720671
 162 159.8882681564246
 64 161.8994413407821
 47 163.9106145251397
 24 165.9217877094972
 161 167.9329608938548
 243 169.9441340782123
 336 171.9553072625699
 1 173.9664804469274
 152 175.9776536312849
 7 177.9888268156425
 0 180


