# Created by Octave 3.8.2, Mon Jun 22 05:27:40 2020 CEST <damian@fptrucha.inv.usc.es>
# name: hd
# type: matrix
# rows: 180
# columns: 2
 1 -180
 161 -177.9888268156425
 6 -175.9776536312849
 360 -173.9664804469274
 221 -171.9553072625698
 128 -169.9441340782123
 40 -167.9329608938548
 24 -165.9217877094972
 60 -163.9106145251397
 147 -161.8994413407821
 42 -159.8882681564246
 522 -157.877094972067
 75 -155.8659217877095
 124 -153.854748603352
 61 -151.8435754189944
 64 -149.8324022346369
 213 -147.8212290502793
 538 -145.8100558659218
 116 -143.7988826815642
 85 -141.7877094972067
 178 -139.7765363128491
 108 -137.7653631284916
 5 -135.7541899441341
 178 -133.7430167597765
 169 -131.731843575419
 84 -129.7206703910614
 173 -127.7094972067039
 204 -125.6983240223464
 100 -123.6871508379888
 168 -121.6759776536313
 200 -119.6648044692737
 3 -117.6536312849162
 117 -115.6424581005587
 126 -113.6312849162011
 105 -111.6201117318436
 25 -109.608938547486
 51 -107.5977653631285
 23 -105.5865921787709
 19 -103.5754189944134
 1 -101.5642458100559
 0 -99.55307262569832
 3 -97.54189944134077
 3 -95.53072625698323
 9 -93.5195530726257
 7309 -91.50837988826815
 10 -89.49720670391061
 2 -87.48603351955308
 1 -85.47486033519553
 1 -83.46368715083798
 1 -81.45251396648044
 7 -79.44134078212289
 9 -77.43016759776536
 55 -75.41899441340782
 32 -73.40782122905027
 56 -71.39664804469274
 107 -69.38547486033519
 67 -67.37430167597765
 100 -65.3631284916201
 66 -63.35195530726256
 265 -61.34078212290503
 129 -59.32960893854748
 183 -57.31843575418993
 92 -55.3072625698324
 76 -53.29608938547486
 197 -51.28491620111731
 50 -49.27374301675977
 112 -47.26256983240222
 6 -45.25139664804468
 294 -43.24022346368713
 4 -41.22905027932961
 149 -39.21787709497207
 273 -37.20670391061452
 406 -35.19553072625698
 117 -33.18435754189943
 49 -31.17318435754188
 158 -29.16201117318434
 11 -27.15083798882682
 69 -25.13966480446928
 533 -23.12849162011173
 140 -21.11731843575419
 39 -19.10614525139664
 9 -17.09497206703909
 32 -15.08379888268155
 145 -13.072625698324
 11 -11.06145251396646
 549 -9.050279329608941
 1 -7.039106145251395
 119 -5.02793296089385
 22 -3.016759776536304
 3 -1.005586592178759
 16 1.005586592178787
 130 3.016759776536333
 5 5.02793296089385
 508 7.039106145251395
 9 9.050279329608941
 149 11.06145251396649
 44 13.07262569832403
 11 15.08379888268158
 57 17.09497206703912
 115 19.10614525139667
 514 21.11731843575421
 78 23.12849162011173
 80 25.13966480446928
 88 27.15083798882682
 67 29.16201117318437
 187 31.17318435754191
 311 33.18435754189946
 222 35.195530726257
 139 37.20670391061452
 32 39.21787709497207
 278 41.22905027932961
 6 43.24022346368716
 104 45.2513966480447
 61 47.26256983240225
 229 49.27374301675979
 80 51.28491620111734
 187 53.29608938547489
 77 55.3072625698324
 156 57.31843575418995
 228 59.32960893854749
 49 61.34078212290504
 119 63.35195530726259
 83 65.36312849162013
 97 67.37430167597768
 46 69.38547486033519
 31 71.39664804469274
 45 73.40782122905028
 5 75.41899441340783
 2 77.43016759776538
 2 79.44134078212289
 1 81.45251396648047
 0 83.46368715083798
 5 85.47486033519556
 11 87.48603351955308
 6842 89.49720670391065
 9 91.50837988826817
 5 93.51955307262574
 3 95.53072625698326
 2 97.54189944134077
 5 99.55307262569835
 11 101.5642458100559
 23 103.5754189944134
 34 105.586592178771
 21 107.5977653631285
 94 109.608938547486
 117 111.6201117318436
 133 113.6312849162011
 4 115.6424581005587
 189 117.6536312849162
 168 119.6648044692737
 99 121.6759776536313
 162 123.6871508379888
 183 125.6983240223464
 74 127.7094972067039
 145 129.7206703910614
 185 131.731843575419
 1 133.7430167597765
 120 135.7541899441341
 177 137.7653631284916
 95 139.7765363128492
 129 141.7877094972067
 466 143.7988826815642
 112 145.8100558659218
 167 147.8212290502793
 47 149.8324022346369
 145 151.8435754189944
 56 153.854748603352
 482 155.8659217877095
 41 157.8770949720671
 145 159.8882681564246
 82 161.8994413407821
 43 163.9106145251397
 30 165.9217877094972
 111 167.9329608938548
 231 169.9441340782123
 336 171.9553072625699
 2 173.9664804469274
 139 175.9776536312849
 1 177.9888268156425
 0 180


