# Created by Octave 3.8.2, Mon Jun 22 18:56:29 2020 CEST <damian@fptrucha.inv.usc.es>
# name: hd
# type: matrix
# rows: 180
# columns: 2
 1 -180
 126 -177.9888268156425
 5 -175.9776536312849
 257 -173.9664804469274
 175 -171.9553072625698
 96 -169.9441340782123
 15 -167.9329608938548
 27 -165.9217877094972
 46 -163.9106145251397
 102 -161.8994413407821
 24 -159.8882681564246
 415 -157.877094972067
 39 -155.8659217877095
 89 -153.854748603352
 37 -151.8435754189944
 52 -149.8324022346369
 148 -147.8212290502793
 378 -145.8100558659218
 97 -143.7988826815642
 58 -141.7877094972067
 137 -139.7765363128491
 83 -137.7653631284916
 2 -135.7541899441341
 123 -133.7430167597765
 121 -131.731843575419
 60 -129.7206703910614
 126 -127.7094972067039
 189 -125.6983240223464
 68 -123.6871508379888
 107 -121.6759776536313
 135 -119.6648044692737
 4 -117.6536312849162
 99 -115.6424581005587
 97 -113.6312849162011
 93 -111.6201117318436
 15 -109.608938547486
 31 -107.5977653631285
 18 -105.5865921787709
 13 -103.5754189944134
 2 -101.5642458100559
 1 -99.55307262569832
 2 -97.54189944134077
 3 -95.53072625698323
 5 -93.5195530726257
 5635 -91.50837988826815
 7 -89.49720670391061
 4 -87.48603351955308
 1 -85.47486033519553
 0 -83.46368715083798
 5 -81.45251396648044
 2 -79.44134078212289
 5 -77.43016759776536
 44 -75.41899441340782
 27 -73.40782122905027
 35 -71.39664804469274
 89 -69.38547486033519
 52 -67.37430167597765
 80 -65.3631284916201
 59 -63.35195530726256
 197 -61.34078212290503
 103 -59.32960893854748
 159 -57.31843575418993
 77 -55.3072625698324
 51 -53.29608938547486
 153 -51.28491620111731
 35 -49.27374301675977
 98 -47.26256983240222
 1 -45.25139664804468
 217 -43.24022346368713
 3 -41.22905027932961
 99 -39.21787709497207
 204 -37.20670391061452
 284 -35.19553072625698
 87 -33.18435754189943
 54 -31.17318435754188
 124 -29.16201117318434
 5 -27.15083798882682
 31 -25.13966480446928
 438 -23.12849162011173
 97 -21.11731843575419
 45 -19.10614525139664
 5 -17.09497206703909
 26 -15.08379888268155
 111 -13.072625698324
 6 -11.06145251396646
 380 -9.050279329608941
 1 -7.039106145251395
 83 -5.02793296089385
 12 -3.016759776536304
 5 -1.005586592178759
 18 1.005586592178787
 88 3.016759776536333
 3 5.02793296089385
 395 7.039106145251395
 8 9.050279329608941
 100 11.06145251396649
 32 13.07262569832403
 4 15.08379888268158
 43 17.09497206703912
 77 19.10614525139667
 372 21.11731843575421
 48 23.12849162011173
 65 25.13966480446928
 68 27.15083798882682
 46 29.16201117318437
 143 31.17318435754191
 213 33.18435754189946
 165 35.195530726257
 95 37.20670391061452
 27 39.21787709497207
 170 41.22905027932961
 1 43.24022346368716
 97 45.2513966480447
 30 47.26256983240225
 149 49.27374301675979
 59 51.28491620111734
 143 53.29608938547489
 55 55.3072625698324
 111 57.31843575418995
 173 59.32960893854749
 35 61.34078212290504
 63 63.35195530726259
 44 65.36312849162013
 78 67.37430167597768
 32 69.38547486033519
 20 71.39664804469274
 34 73.40782122905028
 4 75.41899441340783
 5 77.43016759776538
 2 79.44134078212289
 0 81.45251396648047
 1 83.46368715083798
 4 85.47486033519556
 11 87.48603351955308
 5040 89.49720670391065
 6 91.50837988826817
 2 93.51955307262574
 0 95.53072625698326
 0 97.54189944134077
 3 99.55307262569835
 11 101.5642458100559
 9 103.5754189944134
 25 105.586592178771
 13 107.5977653631285
 75 109.608938547486
 82 111.6201117318436
 77 113.6312849162011
 1 115.6424581005587
 124 117.6536312849162
 114 119.6648044692737
 67 121.6759776536313
 110 123.6871508379888
 124 125.6983240223464
 69 127.7094972067039
 121 129.7206703910614
 115 131.731843575419
 1 133.7430167597765
 65 135.7541899441341
 133 137.7653631284916
 64 139.7765363128492
 84 141.7877094972067
 307 143.7988826815642
 82 145.8100558659218
 148 147.8212290502793
 32 149.8324022346369
 100 151.8435754189944
 38 153.854748603352
 332 155.8659217877095
 34 157.8770949720671
 92 159.8882681564246
 44 161.8994413407821
 29 163.9106145251397
 21 165.9217877094972
 85 167.9329608938548
 143 169.9441340782123
 234 171.9553072625699
 3 173.9664804469274
 107 175.9776536312849
 3 177.9888268156425
 0 180


