# Created by Octave 3.8.2, Sun Jun 21 03:11:53 2020 CEST <damian@fptrucha.inv.usc.es>
# name: hd
# type: matrix
# rows: 180
# columns: 2
 2 -180
 145 -177.9888268156425
 3 -175.9776536312849
 353 -173.9664804469274
 223 -171.9553072625698
 155 -169.9441340782123
 31 -167.9329608938548
 34 -165.9217877094972
 54 -163.9106145251397
 182 -161.8994413407821
 45 -159.8882681564246
 577 -157.877094972067
 64 -155.8659217877095
 103 -153.854748603352
 40 -151.8435754189944
 64 -149.8324022346369
 223 -147.8212290502793
 529 -145.8100558659218
 142 -143.7988826815642
 88 -141.7877094972067
 157 -139.7765363128491
 98 -137.7653631284916
 0 -135.7541899441341
 150 -133.7430167597765
 157 -131.731843575419
 92 -129.7206703910614
 169 -127.7094972067039
 206 -125.6983240223464
 86 -123.6871508379888
 158 -121.6759776536313
 177 -119.6648044692737
 3 -117.6536312849162
 95 -115.6424581005587
 90 -113.6312849162011
 106 -111.6201117318436
 20 -109.608938547486
 36 -107.5977653631285
 22 -105.5865921787709
 12 -103.5754189944134
 4 -101.5642458100559
 1 -99.55307262569832
 1 -97.54189944134077
 2 -95.53072625698323
 5 -93.5195530726257
 7750 -91.50837988826815
 18 -89.49720670391061
 2 -87.48603351955308
 4 -85.47486033519553
 0 -83.46368715083798
 0 -81.45251396648044
 5 -79.44134078212289
 2 -77.43016759776536
 40 -75.41899441340782
 22 -73.40782122905027
 56 -71.39664804469274
 119 -69.38547486033519
 62 -67.37430167597765
 84 -65.3631284916201
 55 -63.35195530726256
 235 -61.34078212290503
 126 -59.32960893854748
 225 -57.31843575418993
 83 -55.3072625698324
 96 -53.29608938547486
 169 -51.28491620111731
 43 -49.27374301675977
 96 -47.26256983240222
 3 -45.25139664804468
 262 -43.24022346368713
 3 -41.22905027932961
 143 -39.21787709497207
 322 -37.20670391061452
 482 -35.19553072625698
 101 -33.18435754189943
 71 -31.17318435754188
 154 -29.16201117318434
 5 -27.15083798882682
 62 -25.13966480446928
 591 -23.12849162011173
 145 -21.11731843575419
 59 -19.10614525139664
 7 -17.09497206703909
 35 -15.08379888268155
 178 -13.072625698324
 10 -11.06145251396646
 523 -9.050279329608941
 2 -7.039106145251395
 130 -5.02793296089385
 15 -3.016759776536304
 5 -1.005586592178759
 15 1.005586592178787
 128 3.016759776536333
 3 5.02793296089385
 549 7.039106145251395
 8 9.050279329608941
 146 11.06145251396649
 59 13.07262569832403
 11 15.08379888268158
 53 17.09497206703912
 97 19.10614525139667
 493 21.11731843575421
 62 23.12849162011173
 81 25.13966480446928
 96 27.15083798882682
 65 29.16201117318437
 217 31.17318435754191
 322 33.18435754189946
 219 35.195530726257
 142 37.20670391061452
 25 39.21787709497207
 271 41.22905027932961
 4 43.24022346368716
 134 45.2513966480447
 60 47.26256983240225
 215 49.27374301675979
 73 51.28491620111734
 200 53.29608938547489
 90 55.3072625698324
 142 57.31843575418995
 247 59.32960893854749
 57 61.34078212290504
 119 63.35195530726259
 65 65.36312849162013
 98 67.37430167597768
 47 69.38547486033519
 29 71.39664804469274
 57 73.40782122905028
 2 75.41899441340783
 8 77.43016759776538
 1 79.44134078212289
 0 81.45251396648047
 0 83.46368715083798
 3 85.47486033519556
 9 87.48603351955308
 7320 89.49720670391065
 4 91.50837988826817
 2 93.51955307262574
 0 95.53072625698326
 0 97.54189944134077
 4 99.55307262569835
 15 101.5642458100559
 28 103.5754189944134
 43 105.586592178771
 11 107.5977653631285
 108 109.608938547486
 101 111.6201117318436
 130 113.6312849162011
 4 115.6424581005587
 198 117.6536312849162
 156 119.6648044692737
 81 121.6759776536313
 164 123.6871508379888
 159 125.6983240223464
 70 127.7094972067039
 168 129.7206703910614
 162 131.731843575419
 1 133.7430167597765
 93 135.7541899441341
 165 137.7653631284916
 91 139.7765363128492
 127 141.7877094972067
 473 143.7988826815642
 122 145.8100558659218
 192 147.8212290502793
 37 149.8324022346369
 169 151.8435754189944
 52 153.854748603352
 463 155.8659217877095
 65 157.8770949720671
 113 159.8882681564246
 66 161.8994413407821
 39 163.9106145251397
 13 165.9217877094972
 125 167.9329608938548
 211 169.9441340782123
 338 171.9553072625699
 4 173.9664804469274
 146 175.9776536312849
 4 177.9888268156425
 0 180


