# Created by Octave 3.8.2, Mon Jun 22 01:39:15 2020 CEST <damian@fptrucha.inv.usc.es>
# name: hd
# type: matrix
# rows: 180
# columns: 2
 3 -180
 168 -177.9888268156425
 5 -175.9776536312849
 389 -173.9664804469274
 255 -171.9553072625698
 149 -169.9441340782123
 27 -167.9329608938548
 38 -165.9217877094972
 57 -163.9106145251397
 175 -161.8994413407821
 38 -159.8882681564246
 656 -157.877094972067
 61 -155.8659217877095
 118 -153.854748603352
 47 -151.8435754189944
 75 -149.8324022346369
 217 -147.8212290502793
 680 -145.8100558659218
 123 -143.7988826815642
 108 -141.7877094972067
 194 -139.7765363128491
 117 -137.7653631284916
 1 -135.7541899441341
 154 -133.7430167597765
 170 -131.731843575419
 77 -129.7206703910614
 164 -127.7094972067039
 230 -125.6983240223464
 110 -123.6871508379888
 214 -121.6759776536313
 181 -119.6648044692737
 4 -117.6536312849162
 100 -115.6424581005587
 106 -113.6312849162011
 114 -111.6201117318436
 12 -109.608938547486
 37 -107.5977653631285
 16 -105.5865921787709
 15 -103.5754189944134
 2 -101.5642458100559
 0 -99.55307262569832
 2 -97.54189944134077
 6 -95.53072625698323
 4 -93.5195530726257
 8236 -91.50837988826815
 11 -89.49720670391061
 2 -87.48603351955308
 2 -85.47486033519553
 1 -83.46368715083798
 0 -81.45251396648044
 8 -79.44134078212289
 6 -77.43016759776536
 49 -75.41899441340782
 18 -73.40782122905027
 53 -71.39664804469274
 118 -69.38547486033519
 67 -67.37430167597765
 103 -65.3631284916201
 55 -63.35195530726256
 275 -61.34078212290503
 175 -59.32960893854748
 215 -57.31843575418993
 87 -55.3072625698324
 84 -53.29608938547486
 238 -51.28491620111731
 53 -49.27374301675977
 119 -47.26256983240222
 2 -45.25139664804468
 281 -43.24022346368713
 2 -41.22905027932961
 156 -39.21787709497207
 334 -37.20670391061452
 493 -35.19553072625698
 94 -33.18435754189943
 74 -31.17318435754188
 157 -29.16201117318434
 10 -27.15083798882682
 54 -25.13966480446928
 655 -23.12849162011173
 165 -21.11731843575419
 54 -19.10614525139664
 12 -17.09497206703909
 48 -15.08379888268155
 200 -13.072625698324
 8 -11.06145251396646
 582 -9.050279329608941
 3 -7.039106145251395
 119 -5.02793296089385
 16 -3.016759776536304
 5 -1.005586592178759
 14 1.005586592178787
 127 3.016759776536333
 4 5.02793296089385
 542 7.039106145251395
 8 9.050279329608941
 153 11.06145251396649
 42 13.07262569832403
 7 15.08379888268158
 55 17.09497206703912
 109 19.10614525139667
 556 21.11731843575421
 61 23.12849162011173
 115 25.13966480446928
 105 27.15083798882682
 58 29.16201117318437
 242 31.17318435754191
 319 33.18435754189946
 231 35.195530726257
 162 37.20670391061452
 43 39.21787709497207
 311 41.22905027932961
 3 43.24022346368716
 142 45.2513966480447
 72 47.26256983240225
 245 49.27374301675979
 78 51.28491620111734
 188 53.29608938547489
 92 55.3072625698324
 134 57.31843575418995
 243 59.32960893854749
 55 61.34078212290504
 124 63.35195530726259
 81 65.36312849162013
 94 67.37430167597768
 48 69.38547486033519
 25 71.39664804469274
 64 73.40782122905028
 9 75.41899441340783
 12 77.43016759776538
 1 79.44134078212289
 1 81.45251396648047
 1 83.46368715083798
 5 85.47486033519556
 13 87.48603351955308
 7895 89.49720670391065
 7 91.50837988826817
 6 93.51955307262574
 1 95.53072625698326
 0 97.54189944134077
 2 99.55307262569835
 13 101.5642458100559
 21 103.5754189944134
 48 105.586592178771
 23 107.5977653631285
 84 109.608938547486
 122 111.6201117318436
 137 113.6312849162011
 2 115.6424581005587
 173 117.6536312849162
 163 119.6648044692737
 100 121.6759776536313
 166 123.6871508379888
 167 125.6983240223464
 77 127.7094972067039
 165 129.7206703910614
 181 131.731843575419
 2 133.7430167597765
 106 135.7541899441341
 182 137.7653631284916
 105 139.7765363128492
 166 141.7877094972067
 456 143.7988826815642
 114 145.8100558659218
 221 147.8212290502793
 44 149.8324022346369
 176 151.8435754189944
 59 153.854748603352
 462 155.8659217877095
 42 157.8770949720671
 142 159.8882681564246
 71 161.8994413407821
 67 163.9106145251397
 20 165.9217877094972
 136 167.9329608938548
 215 169.9441340782123
 341 171.9553072625699
 6 173.9664804469274
 152 175.9776536312849
 6 177.9888268156425
 0 180


