# Created by Octave 3.8.2, Sat Jun 20 11:57:03 2020 CEST <damian@fptrucha.inv.usc.es>
# name: hd
# type: matrix
# rows: 180
# columns: 2
 1 -180
 179 -177.9888268156425
 0 -175.9776536312849
 396 -173.9664804469274
 287 -171.9553072625698
 161 -169.9441340782123
 31 -167.9329608938548
 38 -165.9217877094972
 49 -163.9106145251397
 182 -161.8994413407821
 41 -159.8882681564246
 661 -157.877094972067
 67 -155.8659217877095
 141 -153.854748603352
 37 -151.8435754189944
 51 -149.8324022346369
 223 -147.8212290502793
 689 -145.8100558659218
 146 -143.7988826815642
 88 -141.7877094972067
 198 -139.7765363128491
 125 -137.7653631284916
 1 -135.7541899441341
 172 -133.7430167597765
 154 -131.731843575419
 77 -129.7206703910614
 187 -127.7094972067039
 227 -125.6983240223464
 90 -123.6871508379888
 194 -121.6759776536313
 232 -119.6648044692737
 2 -117.6536312849162
 96 -115.6424581005587
 128 -113.6312849162011
 107 -111.6201117318436
 22 -109.608938547486
 23 -107.5977653631285
 24 -105.5865921787709
 10 -103.5754189944134
 2 -101.5642458100559
 2 -99.55307262569832
 1 -97.54189944134077
 1 -95.53072625698323
 11 -93.5195530726257
 8674 -91.50837988826815
 9 -89.49720670391061
 3 -87.48603351955308
 0 -85.47486033519553
 0 -83.46368715083798
 1 -81.45251396648044
 9 -79.44134078212289
 4 -77.43016759776536
 56 -75.41899441340782
 23 -73.40782122905027
 47 -71.39664804469274
 101 -69.38547486033519
 85 -67.37430167597765
 119 -65.3631284916201
 39 -63.35195530726256
 285 -61.34078212290503
 164 -59.32960893854748
 241 -57.31843575418993
 106 -55.3072625698324
 76 -53.29608938547486
 210 -51.28491620111731
 61 -49.27374301675977
 118 -47.26256983240222
 5 -45.25139664804468
 270 -43.24022346368713
 2 -41.22905027932961
 138 -39.21787709497207
 333 -37.20670391061452
 491 -35.19553072625698
 96 -33.18435754189943
 70 -31.17318435754188
 147 -29.16201117318434
 8 -27.15083798882682
 45 -25.13966480446928
 653 -23.12849162011173
 152 -21.11731843575419
 51 -19.10614525139664
 11 -17.09497206703909
 42 -15.08379888268155
 210 -13.072625698324
 10 -11.06145251396646
 642 -9.050279329608941
 4 -7.039106145251395
 142 -5.02793296089385
 16 -3.016759776536304
 2 -1.005586592178759
 22 1.005586592178787
 140 3.016759776536333
 4 5.02793296089385
 584 7.039106145251395
 6 9.050279329608941
 142 11.06145251396649
 52 13.07262569832403
 5 15.08379888268158
 63 17.09497206703912
 129 19.10614525139667
 618 21.11731843575421
 67 23.12849162011173
 125 25.13966480446928
 111 27.15083798882682
 62 29.16201117318437
 263 31.17318435754191
 344 33.18435754189946
 281 35.195530726257
 190 37.20670391061452
 34 39.21787709497207
 347 41.22905027932961
 0 43.24022346368716
 138 45.2513966480447
 66 47.26256983240225
 265 49.27374301675979
 100 51.28491620111734
 235 53.29608938547489
 85 55.3072625698324
 152 57.31843575418995
 268 59.32960893854749
 77 61.34078212290504
 146 63.35195530726259
 64 65.36312849162013
 137 67.37430167597768
 46 69.38547486033519
 31 71.39664804469274
 53 73.40782122905028
 16 75.41899441340783
 5 77.43016759776538
 0 79.44134078212289
 0 81.45251396648047
 0 83.46368715083798
 1 85.47486033519556
 9 87.48603351955308
 8421 89.49720670391065
 8 91.50837988826817
 1 93.51955307262574
 0 95.53072625698326
 0 97.54189944134077
 5 99.55307262569835
 16 101.5642458100559
 24 103.5754189944134
 51 105.586592178771
 22 107.5977653631285
 109 109.608938547486
 135 111.6201117318436
 139 113.6312849162011
 3 115.6424581005587
 217 117.6536312849162
 190 119.6648044692737
 109 121.6759776536313
 205 123.6871508379888
 171 125.6983240223464
 87 127.7094972067039
 214 129.7206703910614
 224 131.731843575419
 4 133.7430167597765
 134 135.7541899441341
 202 137.7653631284916
 99 139.7765363128492
 168 141.7877094972067
 511 143.7988826815642
 159 145.8100558659218
 218 147.8212290502793
 54 149.8324022346369
 195 151.8435754189944
 80 153.854748603352
 502 155.8659217877095
 51 157.8770949720671
 139 159.8882681564246
 86 161.8994413407821
 67 163.9106145251397
 28 165.9217877094972
 140 167.9329608938548
 249 169.9441340782123
 408 171.9553072625699
 1 173.9664804469274
 159 175.9776536312849
 4 177.9888268156425
 0 180


