# Created by Octave 3.8.2, Mon Jun 22 02:41:38 2020 CEST <damian@fptrucha.inv.usc.es>
# name: hd
# type: matrix
# rows: 180
# columns: 2
 4 -180
 147 -177.9888268156425
 8 -175.9776536312849
 342 -173.9664804469274
 206 -171.9553072625698
 136 -169.9441340782123
 39 -167.9329608938548
 46 -165.9217877094972
 56 -163.9106145251397
 132 -161.8994413407821
 31 -159.8882681564246
 500 -157.877094972067
 52 -155.8659217877095
 132 -153.854748603352
 42 -151.8435754189944
 64 -149.8324022346369
 213 -147.8212290502793
 520 -145.8100558659218
 130 -143.7988826815642
 79 -141.7877094972067
 158 -139.7765363128491
 99 -137.7653631284916
 5 -135.7541899441341
 150 -133.7430167597765
 138 -131.731843575419
 67 -129.7206703910614
 164 -127.7094972067039
 200 -125.6983240223464
 86 -123.6871508379888
 187 -121.6759776536313
 186 -119.6648044692737
 2 -117.6536312849162
 114 -115.6424581005587
 104 -113.6312849162011
 134 -111.6201117318436
 25 -109.608938547486
 34 -107.5977653631285
 22 -105.5865921787709
 19 -103.5754189944134
 3 -101.5642458100559
 0 -99.55307262569832
 8 -97.54189944134077
 6 -95.53072625698323
 17 -93.5195530726257
 7331 -91.50837988826815
 17 -89.49720670391061
 7 -87.48603351955308
 1 -85.47486033519553
 1 -83.46368715083798
 4 -81.45251396648044
 7 -79.44134078212289
 8 -77.43016759776536
 36 -75.41899441340782
 41 -73.40782122905027
 55 -71.39664804469274
 107 -69.38547486033519
 81 -67.37430167597765
 92 -65.3631284916201
 60 -63.35195530726256
 237 -61.34078212290503
 129 -59.32960893854748
 191 -57.31843575418993
 99 -55.3072625698324
 76 -53.29608938547486
 192 -51.28491620111731
 54 -49.27374301675977
 92 -47.26256983240222
 2 -45.25139664804468
 286 -43.24022346368713
 4 -41.22905027932961
 155 -39.21787709497207
 249 -37.20670391061452
 430 -35.19553072625698
 124 -33.18435754189943
 73 -31.17318435754188
 155 -29.16201117318434
 9 -27.15083798882682
 68 -25.13966480446928
 568 -23.12849162011173
 131 -21.11731843575419
 49 -19.10614525139664
 6 -17.09497206703909
 40 -15.08379888268155
 166 -13.072625698324
 8 -11.06145251396646
 456 -9.050279329608941
 2 -7.039106145251395
 122 -5.02793296089385
 13 -3.016759776536304
 4 -1.005586592178759
 19 1.005586592178787
 126 3.016759776536333
 2 5.02793296089385
 523 7.039106145251395
 14 9.050279329608941
 148 11.06145251396649
 50 13.07262569832403
 12 15.08379888268158
 51 17.09497206703912
 118 19.10614525139667
 504 21.11731843575421
 66 23.12849162011173
 86 25.13966480446928
 95 27.15083798882682
 47 29.16201117318437
 202 31.17318435754191
 334 33.18435754189946
 241 35.195530726257
 115 37.20670391061452
 36 39.21787709497207
 263 41.22905027932961
 2 43.24022346368716
 117 45.2513966480447
 62 47.26256983240225
 202 49.27374301675979
 72 51.28491620111734
 187 53.29608938547489
 83 55.3072625698324
 129 57.31843575418995
 221 59.32960893854749
 65 61.34078212290504
 113 63.35195530726259
 83 65.36312849162013
 120 67.37430167597768
 48 69.38547486033519
 27 71.39664804469274
 50 73.40782122905028
 15 75.41899441340783
 12 77.43016759776538
 8 79.44134078212289
 1 81.45251396648047
 2 83.46368715083798
 5 85.47486033519556
 15 87.48603351955308
 7041 89.49720670391065
 13 91.50837988826817
 7 93.51955307262574
 3 95.53072625698326
 2 97.54189944134077
 3 99.55307262569835
 17 101.5642458100559
 23 103.5754189944134
 38 105.586592178771
 23 107.5977653631285
 120 109.608938547486
 125 111.6201117318436
 118 113.6312849162011
 6 115.6424581005587
 174 117.6536312849162
 157 119.6648044692737
 91 121.6759776536313
 168 123.6871508379888
 170 125.6983240223464
 66 127.7094972067039
 152 129.7206703910614
 188 131.731843575419
 4 133.7430167597765
 93 135.7541899441341
 174 137.7653631284916
 97 139.7765363128492
 111 141.7877094972067
 464 143.7988826815642
 116 145.8100558659218
 176 147.8212290502793
 54 149.8324022346369
 133 151.8435754189944
 49 153.854748603352
 452 155.8659217877095
 45 157.8770949720671
 133 159.8882681564246
 78 161.8994413407821
 42 163.9106145251397
 19 165.9217877094972
 121 167.9329608938548
 215 169.9441340782123
 308 171.9553072625699
 9 173.9664804469274
 169 175.9776536312849
 4 177.9888268156425
 0 180


