# Created by Octave 3.8.2, Mon Jun 22 00:25:01 2020 CEST <damian@fptrucha.inv.usc.es>
# name: hd
# type: matrix
# rows: 180
# columns: 2
 3 -180
 177 -177.9888268156425
 4 -175.9776536312849
 361 -173.9664804469274
 247 -171.9553072625698
 162 -169.9441340782123
 26 -167.9329608938548
 36 -165.9217877094972
 54 -163.9106145251397
 161 -161.8994413407821
 31 -159.8882681564246
 654 -157.877094972067
 74 -155.8659217877095
 113 -153.854748603352
 35 -151.8435754189944
 73 -149.8324022346369
 217 -147.8212290502793
 650 -145.8100558659218
 132 -143.7988826815642
 85 -141.7877094972067
 153 -139.7765363128491
 95 -137.7653631284916
 2 -135.7541899441341
 167 -133.7430167597765
 152 -131.731843575419
 73 -129.7206703910614
 185 -127.7094972067039
 218 -125.6983240223464
 133 -123.6871508379888
 171 -121.6759776536313
 196 -119.6648044692737
 3 -117.6536312849162
 99 -115.6424581005587
 114 -113.6312849162011
 115 -111.6201117318436
 21 -109.608938547486
 29 -107.5977653631285
 26 -105.5865921787709
 6 -103.5754189944134
 4 -101.5642458100559
 0 -99.55307262569832
 1 -97.54189944134077
 2 -95.53072625698323
 2 -93.5195530726257
 8347 -91.50837988826815
 11 -89.49720670391061
 4 -87.48603351955308
 2 -85.47486033519553
 0 -83.46368715083798
 2 -81.45251396648044
 5 -79.44134078212289
 4 -77.43016759776536
 60 -75.41899441340782
 22 -73.40782122905027
 50 -71.39664804469274
 131 -69.38547486033519
 79 -67.37430167597765
 107 -65.3631284916201
 57 -63.35195530726256
 268 -61.34078212290503
 149 -59.32960893854748
 226 -57.31843575418993
 86 -55.3072625698324
 96 -53.29608938547486
 201 -51.28491620111731
 72 -49.27374301675977
 125 -47.26256983240222
 5 -45.25139664804468
 295 -43.24022346368713
 5 -41.22905027932961
 163 -39.21787709497207
 318 -37.20670391061452
 446 -35.19553072625698
 104 -33.18435754189943
 71 -31.17318435754188
 146 -29.16201117318434
 6 -27.15083798882682
 59 -25.13966480446928
 657 -23.12849162011173
 140 -21.11731843575419
 45 -19.10614525139664
 10 -17.09497206703909
 40 -15.08379888268155
 141 -13.072625698324
 9 -11.06145251396646
 644 -9.050279329608941
 5 -7.039106145251395
 133 -5.02793296089385
 13 -3.016759776536304
 1 -1.005586592178759
 22 1.005586592178787
 118 3.016759776536333
 0 5.02793296089385
 574 7.039106145251395
 13 9.050279329608941
 113 11.06145251396649
 52 13.07262569832403
 6 15.08379888268158
 68 17.09497206703912
 98 19.10614525139667
 510 21.11731843575421
 54 23.12849162011173
 94 25.13966480446928
 125 27.15083798882682
 53 29.16201117318437
 224 31.17318435754191
 350 33.18435754189946
 232 35.195530726257
 144 37.20670391061452
 24 39.21787709497207
 299 41.22905027932961
 4 43.24022346368716
 112 45.2513966480447
 43 47.26256983240225
 237 49.27374301675979
 83 51.28491620111734
 198 53.29608938547489
 56 55.3072625698324
 164 57.31843575418995
 276 59.32960893854749
 55 61.34078212290504
 97 63.35195530726259
 71 65.36312849162013
 125 67.37430167597768
 53 69.38547486033519
 17 71.39664804469274
 39 73.40782122905028
 7 75.41899441340783
 7 77.43016759776538
 3 79.44134078212289
 0 81.45251396648047
 0 83.46368715083798
 3 85.47486033519556
 9 87.48603351955308
 7809 89.49720670391065
 5 91.50837988826817
 3 93.51955307262574
 0 95.53072625698326
 0 97.54189944134077
 3 99.55307262569835
 7 101.5642458100559
 18 103.5754189944134
 46 105.586592178771
 17 107.5977653631285
 123 109.608938547486
 120 111.6201117318436
 125 113.6312849162011
 3 115.6424581005587
 181 117.6536312849162
 169 119.6648044692737
 88 121.6759776536313
 177 123.6871508379888
 174 125.6983240223464
 72 127.7094972067039
 157 129.7206703910614
 183 131.731843575419
 3 133.7430167597765
 142 135.7541899441341
 186 137.7653631284916
 107 139.7765363128492
 149 141.7877094972067
 467 143.7988826815642
 103 145.8100558659218
 209 147.8212290502793
 44 149.8324022346369
 144 151.8435754189944
 63 153.854748603352
 479 155.8659217877095
 47 157.8770949720671
 123 159.8882681564246
 75 161.8994413407821
 55 163.9106145251397
 13 165.9217877094972
 134 167.9329608938548
 218 169.9441340782123
 347 171.9553072625699
 5 173.9664804469274
 153 175.9776536312849
 3 177.9888268156425
 0 180


