# Created by Octave 3.8.2, Sat Jun 20 15:53:59 2020 CEST <damian@fptrucha.inv.usc.es>
# name: hd
# type: matrix
# rows: 180
# columns: 2
 1 -180
 199 -177.9888268156425
 1 -175.9776536312849
 381 -173.9664804469274
 241 -171.9553072625698
 141 -169.9441340782123
 30 -167.9329608938548
 38 -165.9217877094972
 64 -163.9106145251397
 175 -161.8994413407821
 36 -159.8882681564246
 628 -157.877094972067
 59 -155.8659217877095
 128 -153.854748603352
 40 -151.8435754189944
 58 -149.8324022346369
 221 -147.8212290502793
 652 -145.8100558659218
 124 -143.7988826815642
 85 -141.7877094972067
 182 -139.7765363128491
 96 -137.7653631284916
 1 -135.7541899441341
 129 -133.7430167597765
 155 -131.731843575419
 70 -129.7206703910614
 180 -127.7094972067039
 260 -125.6983240223464
 105 -123.6871508379888
 185 -121.6759776536313
 181 -119.6648044692737
 3 -117.6536312849162
 95 -115.6424581005587
 122 -113.6312849162011
 114 -111.6201117318436
 20 -109.608938547486
 37 -107.5977653631285
 20 -105.5865921787709
 6 -103.5754189944134
 4 -101.5642458100559
 0 -99.55307262569832
 0 -97.54189944134077
 3 -95.53072625698323
 11 -93.5195530726257
 8152 -91.50837988826815
 9 -89.49720670391061
 1 -87.48603351955308
 3 -85.47486033519553
 0 -83.46368715083798
 1 -81.45251396648044
 7 -79.44134078212289
 7 -77.43016759776536
 44 -75.41899441340782
 21 -73.40782122905027
 49 -71.39664804469274
 117 -69.38547486033519
 76 -67.37430167597765
 96 -65.3631284916201
 49 -63.35195530726256
 266 -61.34078212290503
 133 -59.32960893854748
 214 -57.31843575418993
 95 -55.3072625698324
 76 -53.29608938547486
 219 -51.28491620111731
 51 -49.27374301675977
 117 -47.26256983240222
 1 -45.25139664804468
 289 -43.24022346368713
 2 -41.22905027932961
 163 -39.21787709497207
 328 -37.20670391061452
 490 -35.19553072625698
 129 -33.18435754189943
 59 -31.17318435754188
 140 -29.16201117318434
 11 -27.15083798882682
 52 -25.13966480446928
 606 -23.12849162011173
 158 -21.11731843575419
 51 -19.10614525139664
 10 -17.09497206703909
 39 -15.08379888268155
 146 -13.072625698324
 9 -11.06145251396646
 611 -9.050279329608941
 5 -7.039106145251395
 117 -5.02793296089385
 14 -3.016759776536304
 4 -1.005586592178759
 20 1.005586592178787
 110 3.016759776536333
 1 5.02793296089385
 620 7.039106145251395
 10 9.050279329608941
 143 11.06145251396649
 46 13.07262569832403
 7 15.08379888268158
 56 17.09497206703912
 113 19.10614525139667
 528 21.11731843575421
 51 23.12849162011173
 104 25.13966480446928
 100 27.15083798882682
 57 29.16201117318437
 244 31.17318435754191
 310 33.18435754189946
 246 35.195530726257
 176 37.20670391061452
 31 39.21787709497207
 287 41.22905027932961
 2 43.24022346368716
 102 45.2513966480447
 67 47.26256983240225
 264 49.27374301675979
 74 51.28491620111734
 222 53.29608938547489
 84 55.3072625698324
 141 57.31843575418995
 267 59.32960893854749
 76 61.34078212290504
 141 63.35195530726259
 80 65.36312849162013
 96 67.37430167597768
 46 69.38547486033519
 21 71.39664804469274
 49 73.40782122905028
 12 75.41899441340783
 6 77.43016759776538
 0 79.44134078212289
 0 81.45251396648047
 0 83.46368715083798
 3 85.47486033519556
 10 87.48603351955308
 7852 89.49720670391065
 5 91.50837988826817
 1 93.51955307262574
 0 95.53072625698326
 1 97.54189944134077
 2 99.55307262569835
 15 101.5642458100559
 18 103.5754189944134
 42 105.586592178771
 12 107.5977653631285
 84 109.608938547486
 128 111.6201117318436
 135 113.6312849162011
 1 115.6424581005587
 206 117.6536312849162
 163 119.6648044692737
 90 121.6759776536313
 167 123.6871508379888
 182 125.6983240223464
 84 127.7094972067039
 185 129.7206703910614
 192 131.731843575419
 4 133.7430167597765
 131 135.7541899441341
 192 137.7653631284916
 101 139.7765363128492
 127 141.7877094972067
 501 143.7988826815642
 115 145.8100558659218
 218 147.8212290502793
 41 149.8324022346369
 153 151.8435754189944
 57 153.854748603352
 516 155.8659217877095
 46 157.8770949720671
 147 159.8882681564246
 69 161.8994413407821
 49 163.9106145251397
 16 165.9217877094972
 119 167.9329608938548
 229 169.9441340782123
 348 171.9553072625699
 4 173.9664804469274
 137 175.9776536312849
 4 177.9888268156425
 0 180


