# Created by Octave 3.8.2, Mon Jun 22 16:09:21 2020 CEST <damian@fptrucha.inv.usc.es>
# name: hd
# type: matrix
# rows: 180
# columns: 2
 8 -180
 176 -177.9888268156425
 3 -175.9776536312849
 371 -173.9664804469274
 268 -171.9553072625698
 151 -169.9441340782123
 35 -167.9329608938548
 51 -165.9217877094972
 80 -163.9106145251397
 158 -161.8994413407821
 38 -159.8882681564246
 568 -157.877094972067
 55 -155.8659217877095
 141 -153.854748603352
 36 -151.8435754189944
 66 -149.8324022346369
 218 -147.8212290502793
 626 -145.8100558659218
 126 -143.7988826815642
 100 -141.7877094972067
 167 -139.7765363128491
 100 -137.7653631284916
 2 -135.7541899441341
 180 -133.7430167597765
 150 -131.731843575419
 80 -129.7206703910614
 176 -127.7094972067039
 228 -125.6983240223464
 107 -123.6871508379888
 196 -121.6759776536313
 191 -119.6648044692737
 3 -117.6536312849162
 139 -115.6424581005587
 113 -113.6312849162011
 134 -111.6201117318436
 20 -109.608938547486
 48 -107.5977653631285
 24 -105.5865921787709
 12 -103.5754189944134
 4 -101.5642458100559
 0 -99.55307262569832
 2 -97.54189944134077
 4 -95.53072625698323
 9 -93.5195530726257
 8269 -91.50837988826815
 8 -89.49720670391061
 7 -87.48603351955308
 3 -85.47486033519553
 0 -83.46368715083798
 1 -81.45251396648044
 12 -79.44134078212289
 10 -77.43016759776536
 51 -75.41899441340782
 34 -73.40782122905027
 53 -71.39664804469274
 122 -69.38547486033519
 58 -67.37430167597765
 117 -65.3631284916201
 48 -63.35195530726256
 256 -61.34078212290503
 123 -59.32960893854748
 219 -57.31843575418993
 105 -55.3072625698324
 71 -53.29608938547486
 236 -51.28491620111731
 59 -49.27374301675977
 115 -47.26256983240222
 3 -45.25139664804468
 271 -43.24022346368713
 1 -41.22905027932961
 166 -39.21787709497207
 307 -37.20670391061452
 451 -35.19553072625698
 112 -33.18435754189943
 56 -31.17318435754188
 148 -29.16201117318434
 12 -27.15083798882682
 59 -25.13966480446928
 592 -23.12849162011173
 135 -21.11731843575419
 76 -19.10614525139664
 10 -17.09497206703909
 44 -15.08379888268155
 156 -13.072625698324
 11 -11.06145251396646
 575 -9.050279329608941
 2 -7.039106145251395
 137 -5.02793296089385
 19 -3.016759776536304
 3 -1.005586592178759
 17 1.005586592178787
 123 3.016759776536333
 3 5.02793296089385
 580 7.039106145251395
 13 9.050279329608941
 147 11.06145251396649
 46 13.07262569832403
 18 15.08379888268158
 59 17.09497206703912
 132 19.10614525139667
 559 21.11731843575421
 86 23.12849162011173
 93 25.13966480446928
 106 27.15083798882682
 74 29.16201117318437
 212 31.17318435754191
 351 33.18435754189946
 244 35.195530726257
 179 37.20670391061452
 38 39.21787709497207
 302 41.22905027932961
 3 43.24022346368716
 115 45.2513966480447
 67 47.26256983240225
 233 49.27374301675979
 105 51.28491620111734
 208 53.29608938547489
 77 55.3072625698324
 165 57.31843575418995
 271 59.32960893854749
 71 61.34078212290504
 116 63.35195530726259
 76 65.36312849162013
 120 67.37430167597768
 64 69.38547486033519
 32 71.39664804469274
 58 73.40782122905028
 9 75.41899441340783
 7 77.43016759776538
 1 79.44134078212289
 0 81.45251396648047
 5 83.46368715083798
 3 85.47486033519556
 14 87.48603351955308
 7838 89.49720670391065
 10 91.50837988826817
 5 93.51955307262574
 2 95.53072625698326
 0 97.54189944134077
 5 99.55307262569835
 18 101.5642458100559
 37 103.5754189944134
 46 105.586592178771
 30 107.5977653631285
 106 109.608938547486
 127 111.6201117318436
 118 113.6312849162011
 5 115.6424581005587
 213 117.6536312849162
 197 119.6648044692737
 100 121.6759776536313
 184 123.6871508379888
 197 125.6983240223464
 78 127.7094972067039
 163 129.7206703910614
 212 131.731843575419
 4 133.7430167597765
 125 135.7541899441341
 219 137.7653631284916
 137 139.7765363128492
 167 141.7877094972067
 530 143.7988826815642
 120 145.8100558659218
 207 147.8212290502793
 44 149.8324022346369
 133 151.8435754189944
 60 153.854748603352
 477 155.8659217877095
 54 157.8770949720671
 158 159.8882681564246
 70 161.8994413407821
 66 163.9106145251397
 17 165.9217877094972
 148 167.9329608938548
 219 169.9441340782123
 347 171.9553072625699
 5 173.9664804469274
 148 175.9776536312849
 3 177.9888268156425
 0 180


