# Created by Octave 3.8.2, Sat Jun 20 08:43:52 2020 CEST <damian@fptrucha.inv.usc.es>
# name: hd
# type: matrix
# rows: 180
# columns: 2
 6 -180
 181 -177.9888268156425
 4 -175.9776536312849
 445 -173.9664804469274
 281 -171.9553072625698
 163 -169.9441340782123
 39 -167.9329608938548
 51 -165.9217877094972
 66 -163.9106145251397
 181 -161.8994413407821
 43 -159.8882681564246
 644 -157.877094972067
 93 -155.8659217877095
 136 -153.854748603352
 50 -151.8435754189944
 90 -149.8324022346369
 245 -147.8212290502793
 750 -145.8100558659218
 135 -143.7988826815642
 108 -141.7877094972067
 196 -139.7765363128491
 102 -137.7653631284916
 1 -135.7541899441341
 165 -133.7430167597765
 160 -131.731843575419
 99 -129.7206703910614
 198 -127.7094972067039
 261 -125.6983240223464
 118 -123.6871508379888
 231 -121.6759776536313
 232 -119.6648044692737
 3 -117.6536312849162
 95 -115.6424581005587
 127 -113.6312849162011
 137 -111.6201117318436
 25 -109.608938547486
 45 -107.5977653631285
 37 -105.5865921787709
 11 -103.5754189944134
 6 -101.5642458100559
 1 -99.55307262569832
 1 -97.54189944134077
 3 -95.53072625698323
 7 -93.5195530726257
 9340 -91.50837988826815
 9 -89.49720670391061
 2 -87.48603351955308
 0 -85.47486033519553
 0 -83.46368715083798
 2 -81.45251396648044
 8 -79.44134078212289
 5 -77.43016759776536
 58 -75.41899441340782
 25 -73.40782122905027
 61 -71.39664804469274
 153 -69.38547486033519
 83 -67.37430167597765
 122 -65.3631284916201
 68 -63.35195530726256
 333 -61.34078212290503
 183 -59.32960893854748
 276 -57.31843575418993
 91 -55.3072625698324
 82 -53.29608938547486
 273 -51.28491620111731
 66 -49.27374301675977
 130 -47.26256983240222
 3 -45.25139664804468
 272 -43.24022346368713
 6 -41.22905027932961
 192 -39.21787709497207
 342 -37.20670391061452
 503 -35.19553072625698
 108 -33.18435754189943
 62 -31.17318435754188
 155 -29.16201117318434
 11 -27.15083798882682
 81 -25.13966480446928
 752 -23.12849162011173
 145 -21.11731843575419
 53 -19.10614525139664
 11 -17.09497206703909
 44 -15.08379888268155
 156 -13.072625698324
 7 -11.06145251396646
 663 -9.050279329608941
 4 -7.039106145251395
 149 -5.02793296089385
 17 -3.016759776536304
 0 -1.005586592178759
 28 1.005586592178787
 134 3.016759776536333
 2 5.02793296089385
 605 7.039106145251395
 9 9.050279329608941
 146 11.06145251396649
 51 13.07262569832403
 13 15.08379888268158
 62 17.09497206703912
 135 19.10614525139667
 590 21.11731843575421
 48 23.12849162011173
 100 25.13966480446928
 125 27.15083798882682
 58 29.16201117318437
 244 31.17318435754191
 356 33.18435754189946
 221 35.195530726257
 177 37.20670391061452
 48 39.21787709497207
 321 41.22905027932961
 3 43.24022346368716
 145 45.2513966480447
 61 47.26256983240225
 248 49.27374301675979
 94 51.28491620111734
 237 53.29608938547489
 80 55.3072625698324
 183 57.31843575418995
 268 59.32960893854749
 64 61.34078212290504
 136 63.35195530726259
 74 65.36312849162013
 123 67.37430167597768
 57 69.38547486033519
 51 71.39664804469274
 52 73.40782122905028
 9 75.41899441340783
 10 77.43016759776538
 1 79.44134078212289
 2 81.45251396648047
 2 83.46368715083798
 2 85.47486033519556
 14 87.48603351955308
 8557 89.49720670391065
 11 91.50837988826817
 2 93.51955307262574
 1 95.53072625698326
 0 97.54189944134077
 4 99.55307262569835
 19 101.5642458100559
 25 103.5754189944134
 46 105.586592178771
 33 107.5977653631285
 116 109.608938547486
 174 111.6201117318436
 153 113.6312849162011
 3 115.6424581005587
 253 117.6536312849162
 154 119.6648044692737
 112 121.6759776536313
 216 123.6871508379888
 185 125.6983240223464
 83 127.7094972067039
 211 129.7206703910614
 207 131.731843575419
 3 133.7430167597765
 134 135.7541899441341
 213 137.7653631284916
 98 139.7765363128492
 161 141.7877094972067
 536 143.7988826815642
 149 145.8100558659218
 219 147.8212290502793
 54 149.8324022346369
 183 151.8435754189944
 66 153.854748603352
 505 155.8659217877095
 50 157.8770949720671
 133 159.8882681564246
 75 161.8994413407821
 49 163.9106145251397
 28 165.9217877094972
 138 167.9329608938548
 260 169.9441340782123
 406 171.9553072625699
 2 173.9664804469274
 202 175.9776536312849
 3 177.9888268156425
 0 180


