# Created by Octave 3.8.2, Sat Jun 20 08:06:34 2020 CEST <damian@fptrucha.inv.usc.es>
# name: hd
# type: matrix
# rows: 180
# columns: 2
 2 -180
 190 -177.9888268156425
 3 -175.9776536312849
 412 -173.9664804469274
 258 -171.9553072625698
 166 -169.9441340782123
 42 -167.9329608938548
 47 -165.9217877094972
 76 -163.9106145251397
 187 -161.8994413407821
 47 -159.8882681564246
 762 -157.877094972067
 65 -155.8659217877095
 156 -153.854748603352
 55 -151.8435754189944
 91 -149.8324022346369
 262 -147.8212290502793
 704 -145.8100558659218
 135 -143.7988826815642
 99 -141.7877094972067
 203 -139.7765363128491
 132 -137.7653631284916
 4 -135.7541899441341
 201 -133.7430167597765
 193 -131.731843575419
 87 -129.7206703910614
 196 -127.7094972067039
 299 -125.6983240223464
 117 -123.6871508379888
 230 -121.6759776536313
 220 -119.6648044692737
 2 -117.6536312849162
 131 -115.6424581005587
 151 -113.6312849162011
 155 -111.6201117318436
 29 -109.608938547486
 48 -107.5977653631285
 31 -105.5865921787709
 12 -103.5754189944134
 1 -101.5642458100559
 0 -99.55307262569832
 2 -97.54189944134077
 2 -95.53072625698323
 3 -93.5195530726257
 9471 -91.50837988826815
 12 -89.49720670391061
 5 -87.48603351955308
 2 -85.47486033519553
 0 -83.46368715083798
 3 -81.45251396648044
 11 -79.44134078212289
 6 -77.43016759776536
 62 -75.41899441340782
 35 -73.40782122905027
 70 -71.39664804469274
 138 -69.38547486033519
 88 -67.37430167597765
 120 -65.3631284916201
 52 -63.35195530726256
 373 -61.34078212290503
 199 -59.32960893854748
 268 -57.31843575418993
 123 -55.3072625698324
 104 -53.29608938547486
 278 -51.28491620111731
 83 -49.27374301675977
 142 -47.26256983240222
 3 -45.25139664804468
 273 -43.24022346368713
 5 -41.22905027932961
 197 -39.21787709497207
 341 -37.20670391061452
 518 -35.19553072625698
 130 -33.18435754189943
 66 -31.17318435754188
 152 -29.16201117318434
 8 -27.15083798882682
 70 -25.13966480446928
 718 -23.12849162011173
 149 -21.11731843575419
 47 -19.10614525139664
 22 -17.09497206703909
 27 -15.08379888268155
 178 -13.072625698324
 6 -11.06145251396646
 604 -9.050279329608941
 2 -7.039106145251395
 136 -5.02793296089385
 15 -3.016759776536304
 4 -1.005586592178759
 21 1.005586592178787
 134 3.016759776536333
 1 5.02793296089385
 604 7.039106145251395
 9 9.050279329608941
 142 11.06145251396649
 49 13.07262569832403
 13 15.08379888268158
 67 17.09497206703912
 124 19.10614525139667
 558 21.11731843575421
 48 23.12849162011173
 90 25.13966480446928
 101 27.15083798882682
 63 29.16201117318437
 246 31.17318435754191
 393 33.18435754189946
 240 35.195530726257
 177 37.20670391061452
 48 39.21787709497207
 292 41.22905027932961
 3 43.24022346368716
 121 45.2513966480447
 59 47.26256983240225
 223 49.27374301675979
 107 51.28491620111734
 183 53.29608938547489
 81 55.3072625698324
 156 57.31843575418995
 267 59.32960893854749
 78 61.34078212290504
 107 63.35195530726259
 72 65.36312849162013
 114 67.37430167597768
 56 69.38547486033519
 33 71.39664804469274
 40 73.40782122905028
 6 75.41899441340783
 7 77.43016759776538
 2 79.44134078212289
 1 81.45251396648047
 0 83.46368715083798
 2 85.47486033519556
 13 87.48603351955308
 8358 89.49720670391065
 7 91.50837988826817
 2 93.51955307262574
 2 95.53072625698326
 0 97.54189944134077
 6 99.55307262569835
 12 101.5642458100559
 25 103.5754189944134
 35 105.586592178771
 27 107.5977653631285
 109 109.608938547486
 148 111.6201117318436
 119 113.6312849162011
 5 115.6424581005587
 211 117.6536312849162
 173 119.6648044692737
 85 121.6759776536313
 193 123.6871508379888
 200 125.6983240223464
 84 127.7094972067039
 179 129.7206703910614
 185 131.731843575419
 2 133.7430167597765
 136 135.7541899441341
 222 137.7653631284916
 107 139.7765363128492
 160 141.7877094972067
 546 143.7988826815642
 132 145.8100558659218
 215 147.8212290502793
 60 149.8324022346369
 173 151.8435754189944
 68 153.854748603352
 580 155.8659217877095
 62 157.8770949720671
 174 159.8882681564246
 92 161.8994413407821
 42 163.9106145251397
 20 165.9217877094972
 141 167.9329608938548
 230 169.9441340782123
 375 171.9553072625699
 1 173.9664804469274
 160 175.9776536312849
 2 177.9888268156425
 0 180


