# Created by Octave 3.8.2, Sat Jun 20 02:20:36 2020 CEST <damian@fptrucha.inv.usc.es>
# name: hd
# type: matrix
# rows: 180
# columns: 2
 5 -180
 167 -177.9888268156425
 9 -175.9776536312849
 410 -173.9664804469274
 248 -171.9553072625698
 160 -169.9441340782123
 40 -167.9329608938548
 35 -165.9217877094972
 73 -163.9106145251397
 148 -161.8994413407821
 43 -159.8882681564246
 697 -157.877094972067
 80 -155.8659217877095
 121 -153.854748603352
 57 -151.8435754189944
 72 -149.8324022346369
 270 -147.8212290502793
 635 -145.8100558659218
 136 -143.7988826815642
 96 -141.7877094972067
 206 -139.7765363128491
 112 -137.7653631284916
 2 -135.7541899441341
 184 -133.7430167597765
 185 -131.731843575419
 86 -129.7206703910614
 213 -127.7094972067039
 280 -125.6983240223464
 106 -123.6871508379888
 218 -121.6759776536313
 222 -119.6648044692737
 7 -117.6536312849162
 133 -115.6424581005587
 140 -113.6312849162011
 139 -111.6201117318436
 21 -109.608938547486
 35 -107.5977653631285
 32 -105.5865921787709
 15 -103.5754189944134
 2 -101.5642458100559
 1 -99.55307262569832
 0 -97.54189944134077
 2 -95.53072625698323
 4 -93.5195530726257
 9022 -91.50837988826815
 11 -89.49720670391061
 2 -87.48603351955308
 1 -85.47486033519553
 0 -83.46368715083798
 2 -81.45251396648044
 9 -79.44134078212289
 8 -77.43016759776536
 69 -75.41899441340782
 25 -73.40782122905027
 56 -71.39664804469274
 127 -69.38547486033519
 96 -67.37430167597765
 99 -65.3631284916201
 49 -63.35195530726256
 291 -61.34078212290503
 185 -59.32960893854748
 242 -57.31843575418993
 103 -55.3072625698324
 100 -53.29608938547486
 252 -51.28491620111731
 62 -49.27374301675977
 117 -47.26256983240222
 1 -45.25139664804468
 324 -43.24022346368713
 3 -41.22905027932961
 151 -39.21787709497207
 311 -37.20670391061452
 540 -35.19553072625698
 119 -33.18435754189943
 61 -31.17318435754188
 175 -29.16201117318434
 14 -27.15083798882682
 62 -25.13966480446928
 641 -23.12849162011173
 150 -21.11731843575419
 47 -19.10614525139664
 8 -17.09497206703909
 37 -15.08379888268155
 154 -13.072625698324
 6 -11.06145251396646
 593 -9.050279329608941
 0 -7.039106145251395
 106 -5.02793296089385
 17 -3.016759776536304
 2 -1.005586592178759
 21 1.005586592178787
 129 3.016759776536333
 2 5.02793296089385
 590 7.039106145251395
 6 9.050279329608941
 154 11.06145251396649
 48 13.07262569832403
 8 15.08379888268158
 70 17.09497206703912
 120 19.10614525139667
 510 21.11731843575421
 55 23.12849162011173
 90 25.13966480446928
 126 27.15083798882682
 46 29.16201117318437
 221 31.17318435754191
 325 33.18435754189946
 236 35.195530726257
 170 37.20670391061452
 35 39.21787709497207
 271 41.22905027932961
 2 43.24022346368716
 114 45.2513966480447
 54 47.26256983240225
 205 49.27374301675979
 86 51.28491620111734
 175 53.29608938547489
 88 55.3072625698324
 116 57.31843575418995
 234 59.32960893854749
 50 61.34078212290504
 113 63.35195530726259
 73 65.36312849162013
 109 67.37430167597768
 41 69.38547486033519
 31 71.39664804469274
 42 73.40782122905028
 7 75.41899441340783
 6 77.43016759776538
 1 79.44134078212289
 0 81.45251396648047
 1 83.46368715083798
 3 85.47486033519556
 11 87.48603351955308
 8155 89.49720670391065
 5 91.50837988826817
 1 93.51955307262574
 2 95.53072625698326
 1 97.54189944134077
 0 99.55307262569835
 9 101.5642458100559
 14 103.5754189944134
 21 105.586592178771
 21 107.5977653631285
 95 109.608938547486
 107 111.6201117318436
 107 113.6312849162011
 2 115.6424581005587
 182 117.6536312849162
 159 119.6648044692737
 82 121.6759776536313
 196 123.6871508379888
 191 125.6983240223464
 74 127.7094972067039
 160 129.7206703910614
 172 131.731843575419
 2 133.7430167597765
 127 135.7541899441341
 174 137.7653631284916
 95 139.7765363128492
 130 141.7877094972067
 525 143.7988826815642
 92 145.8100558659218
 209 147.8212290502793
 42 149.8324022346369
 145 151.8435754189944
 57 153.854748603352
 529 155.8659217877095
 45 157.8770949720671
 122 159.8882681564246
 56 161.8994413407821
 54 163.9106145251397
 21 165.9217877094972
 145 167.9329608938548
 230 169.9441340782123
 348 171.9553072625699
 0 173.9664804469274
 159 175.9776536312849
 1 177.9888268156425
 0 180


