# Created by Octave 3.8.2, Sat Jun 20 12:52:56 2020 CEST <damian@fptrucha.inv.usc.es>
# name: hd
# type: matrix
# rows: 180
# columns: 2
 3 -180
 195 -177.9888268156425
 4 -175.9776536312849
 404 -173.9664804469274
 268 -171.9553072625698
 195 -169.9441340782123
 39 -167.9329608938548
 53 -165.9217877094972
 47 -163.9106145251397
 177 -161.8994413407821
 42 -159.8882681564246
 650 -157.877094972067
 58 -155.8659217877095
 143 -153.854748603352
 45 -151.8435754189944
 60 -149.8324022346369
 191 -147.8212290502793
 666 -145.8100558659218
 113 -143.7988826815642
 96 -141.7877094972067
 178 -139.7765363128491
 101 -137.7653631284916
 1 -135.7541899441341
 165 -133.7430167597765
 154 -131.731843575419
 82 -129.7206703910614
 185 -127.7094972067039
 232 -125.6983240223464
 108 -123.6871508379888
 212 -121.6759776536313
 207 -119.6648044692737
 5 -117.6536312849162
 99 -115.6424581005587
 100 -113.6312849162011
 123 -111.6201117318436
 17 -109.608938547486
 24 -107.5977653631285
 21 -105.5865921787709
 9 -103.5754189944134
 1 -101.5642458100559
 0 -99.55307262569832
 4 -97.54189944134077
 2 -95.53072625698323
 3 -93.5195530726257
 8847 -91.50837988826815
 12 -89.49720670391061
 4 -87.48603351955308
 2 -85.47486033519553
 0 -83.46368715083798
 4 -81.45251396648044
 5 -79.44134078212289
 5 -77.43016759776536
 53 -75.41899441340782
 26 -73.40782122905027
 49 -71.39664804469274
 120 -69.38547486033519
 83 -67.37430167597765
 87 -65.3631284916201
 51 -63.35195530726256
 295 -61.34078212290503
 160 -59.32960893854748
 247 -57.31843575418993
 91 -55.3072625698324
 73 -53.29608938547486
 243 -51.28491620111731
 55 -49.27374301675977
 114 -47.26256983240222
 3 -45.25139664804468
 274 -43.24022346368713
 3 -41.22905027932961
 163 -39.21787709497207
 348 -37.20670391061452
 507 -35.19553072625698
 100 -33.18435754189943
 61 -31.17318435754188
 145 -29.16201117318434
 13 -27.15083798882682
 57 -25.13966480446928
 694 -23.12849162011173
 153 -21.11731843575419
 64 -19.10614525139664
 10 -17.09497206703909
 36 -15.08379888268155
 191 -13.072625698324
 6 -11.06145251396646
 581 -9.050279329608941
 1 -7.039106145251395
 136 -5.02793296089385
 18 -3.016759776536304
 1 -1.005586592178759
 20 1.005586592178787
 144 3.016759776536333
 2 5.02793296089385
 614 7.039106145251395
 20 9.050279329608941
 134 11.06145251396649
 47 13.07262569832403
 10 15.08379888268158
 60 17.09497206703912
 127 19.10614525139667
 537 21.11731843575421
 48 23.12849162011173
 110 25.13966480446928
 102 27.15083798882682
 72 29.16201117318437
 256 31.17318435754191
 348 33.18435754189946
 264 35.195530726257
 192 37.20670391061452
 38 39.21787709497207
 278 41.22905027932961
 3 43.24022346368716
 118 45.2513966480447
 69 47.26256983240225
 244 49.27374301675979
 84 51.28491620111734
 212 53.29608938547489
 77 55.3072625698324
 138 57.31843575418995
 289 59.32960893854749
 74 61.34078212290504
 123 63.35195530726259
 76 65.36312849162013
 114 67.37430167597768
 50 69.38547486033519
 42 71.39664804469274
 63 73.40782122905028
 11 75.41899441340783
 17 77.43016759776538
 3 79.44134078212289
 1 81.45251396648047
 1 83.46368715083798
 3 85.47486033519556
 15 87.48603351955308
 8319 89.49720670391065
 7 91.50837988826817
 7 93.51955307262574
 2 95.53072625698326
 0 97.54189944134077
 6 99.55307262569835
 17 101.5642458100559
 30 103.5754189944134
 48 105.586592178771
 23 107.5977653631285
 117 109.608938547486
 148 111.6201117318436
 130 113.6312849162011
 3 115.6424581005587
 264 117.6536312849162
 194 119.6648044692737
 108 121.6759776536313
 201 123.6871508379888
 164 125.6983240223464
 94 127.7094972067039
 179 129.7206703910614
 186 131.731843575419
 2 133.7430167597765
 133 135.7541899441341
 189 137.7653631284916
 114 139.7765363128492
 167 141.7877094972067
 508 143.7988826815642
 151 145.8100558659218
 236 147.8212290502793
 52 149.8324022346369
 214 151.8435754189944
 75 153.854748603352
 485 155.8659217877095
 46 157.8770949720671
 146 159.8882681564246
 83 161.8994413407821
 64 163.9106145251397
 15 165.9217877094972
 148 167.9329608938548
 232 169.9441340782123
 354 171.9553072625699
 4 173.9664804469274
 162 175.9776536312849
 3 177.9888268156425
 0 180


