# Created by Octave 3.8.2, Sat Jun 20 21:02:25 2020 CEST <damian@fptrucha.inv.usc.es>
# name: hd
# type: matrix
# rows: 180
# columns: 2
 1 -180
 140 -177.9888268156425
 5 -175.9776536312849
 372 -173.9664804469274
 236 -171.9553072625698
 151 -169.9441340782123
 22 -167.9329608938548
 36 -165.9217877094972
 56 -163.9106145251397
 144 -161.8994413407821
 38 -159.8882681564246
 621 -157.877094972067
 59 -155.8659217877095
 126 -153.854748603352
 39 -151.8435754189944
 78 -149.8324022346369
 172 -147.8212290502793
 629 -145.8100558659218
 116 -143.7988826815642
 83 -141.7877094972067
 151 -139.7765363128491
 94 -137.7653631284916
 1 -135.7541899441341
 164 -133.7430167597765
 143 -131.731843575419
 76 -129.7206703910614
 159 -127.7094972067039
 187 -125.6983240223464
 91 -123.6871508379888
 208 -121.6759776536313
 164 -119.6648044692737
 2 -117.6536312849162
 90 -115.6424581005587
 105 -113.6312849162011
 119 -111.6201117318436
 13 -109.608938547486
 31 -107.5977653631285
 21 -105.5865921787709
 14 -103.5754189944134
 1 -101.5642458100559
 0 -99.55307262569832
 2 -97.54189944134077
 3 -95.53072625698323
 5 -93.5195530726257
 8028 -91.50837988826815
 13 -89.49720670391061
 0 -87.48603351955308
 0 -85.47486033519553
 0 -83.46368715083798
 2 -81.45251396648044
 8 -79.44134078212289
 6 -77.43016759776536
 54 -75.41899441340782
 23 -73.40782122905027
 45 -71.39664804469274
 113 -69.38547486033519
 69 -67.37430167597765
 71 -65.3631284916201
 43 -63.35195530726256
 278 -61.34078212290503
 154 -59.32960893854748
 189 -57.31843575418993
 102 -55.3072625698324
 78 -53.29608938547486
 210 -51.28491620111731
 46 -49.27374301675977
 114 -47.26256983240222
 1 -45.25139664804468
 271 -43.24022346368713
 2 -41.22905027932961
 160 -39.21787709497207
 311 -37.20670391061452
 443 -35.19553072625698
 95 -33.18435754189943
 62 -31.17318435754188
 158 -29.16201117318434
 9 -27.15083798882682
 57 -25.13966480446928
 620 -23.12849162011173
 146 -21.11731843575419
 55 -19.10614525139664
 5 -17.09497206703909
 37 -15.08379888268155
 161 -13.072625698324
 9 -11.06145251396646
 564 -9.050279329608941
 1 -7.039106145251395
 115 -5.02793296089385
 21 -3.016759776536304
 3 -1.005586592178759
 18 1.005586592178787
 126 3.016759776536333
 0 5.02793296089385
 525 7.039106145251395
 5 9.050279329608941
 166 11.06145251396649
 43 13.07262569832403
 18 15.08379888268158
 71 17.09497206703912
 112 19.10614525139667
 503 21.11731843575421
 66 23.12849162011173
 84 25.13966480446928
 92 27.15083798882682
 54 29.16201117318437
 229 31.17318435754191
 302 33.18435754189946
 252 35.195530726257
 163 37.20670391061452
 31 39.21787709497207
 259 41.22905027932961
 1 43.24022346368716
 121 45.2513966480447
 59 47.26256983240225
 211 49.27374301675979
 72 51.28491620111734
 175 53.29608938547489
 83 55.3072625698324
 152 57.31843575418995
 247 59.32960893854749
 50 61.34078212290504
 134 63.35195530726259
 64 65.36312849162013
 89 67.37430167597768
 39 69.38547486033519
 23 71.39664804469274
 45 73.40782122905028
 10 75.41899441340783
 8 77.43016759776538
 2 79.44134078212289
 0 81.45251396648047
 1 83.46368715083798
 3 85.47486033519556
 14 87.48603351955308
 7663 89.49720670391065
 6 91.50837988826817
 3 93.51955307262574
 1 95.53072625698326
 0 97.54189944134077
 3 99.55307262569835
 13 101.5642458100559
 28 103.5754189944134
 26 105.586592178771
 19 107.5977653631285
 100 109.608938547486
 127 111.6201117318436
 118 113.6312849162011
 2 115.6424581005587
 190 117.6536312849162
 155 119.6648044692737
 85 121.6759776536313
 179 123.6871508379888
 171 125.6983240223464
 57 127.7094972067039
 166 129.7206703910614
 149 131.731843575419
 1 133.7430167597765
 119 135.7541899441341
 194 137.7653631284916
 95 139.7765363128492
 152 141.7877094972067
 434 143.7988826815642
 134 145.8100558659218
 205 147.8212290502793
 37 149.8324022346369
 144 151.8435754189944
 57 153.854748603352
 471 155.8659217877095
 58 157.8770949720671
 147 159.8882681564246
 65 161.8994413407821
 41 163.9106145251397
 24 165.9217877094972
 124 167.9329608938548
 205 169.9441340782123
 305 171.9553072625699
 2 173.9664804469274
 153 175.9776536312849
 2 177.9888268156425
 0 180


