# Created by Octave 3.8.2, Sun Jun 21 03:55:06 2020 CEST <damian@fptrucha.inv.usc.es>
# name: hd
# type: matrix
# rows: 180
# columns: 2
 7 -180
 152 -177.9888268156425
 3 -175.9776536312849
 361 -173.9664804469274
 202 -171.9553072625698
 164 -169.9441340782123
 21 -167.9329608938548
 44 -165.9217877094972
 52 -163.9106145251397
 152 -161.8994413407821
 28 -159.8882681564246
 630 -157.877094972067
 57 -155.8659217877095
 114 -153.854748603352
 34 -151.8435754189944
 78 -149.8324022346369
 209 -147.8212290502793
 604 -145.8100558659218
 120 -143.7988826815642
 70 -141.7877094972067
 169 -139.7765363128491
 92 -137.7653631284916
 1 -135.7541899441341
 152 -133.7430167597765
 130 -131.731843575419
 71 -129.7206703910614
 179 -127.7094972067039
 184 -125.6983240223464
 91 -123.6871508379888
 165 -121.6759776536313
 174 -119.6648044692737
 3 -117.6536312849162
 95 -115.6424581005587
 109 -113.6312849162011
 125 -111.6201117318436
 12 -109.608938547486
 24 -107.5977653631285
 16 -105.5865921787709
 10 -103.5754189944134
 0 -101.5642458100559
 0 -99.55307262569832
 1 -97.54189944134077
 4 -95.53072625698323
 4 -93.5195530726257
 7846 -91.50837988826815
 10 -89.49720670391061
 2 -87.48603351955308
 2 -85.47486033519553
 0 -83.46368715083798
 2 -81.45251396648044
 3 -79.44134078212289
 5 -77.43016759776536
 36 -75.41899441340782
 22 -73.40782122905027
 48 -71.39664804469274
 107 -69.38547486033519
 65 -67.37430167597765
 95 -65.3631284916201
 44 -63.35195530726256
 279 -61.34078212290503
 167 -59.32960893854748
 218 -57.31843575418993
 88 -55.3072625698324
 77 -53.29608938547486
 219 -51.28491620111731
 46 -49.27374301675977
 99 -47.26256983240222
 3 -45.25139664804468
 257 -43.24022346368713
 2 -41.22905027932961
 160 -39.21787709497207
 319 -37.20670391061452
 448 -35.19553072625698
 98 -33.18435754189943
 56 -31.17318435754188
 148 -29.16201117318434
 8 -27.15083798882682
 57 -25.13966480446928
 616 -23.12849162011173
 142 -21.11731843575419
 53 -19.10614525139664
 14 -17.09497206703909
 28 -15.08379888268155
 176 -13.072625698324
 7 -11.06145251396646
 545 -9.050279329608941
 4 -7.039106145251395
 122 -5.02793296089385
 24 -3.016759776536304
 1 -1.005586592178759
 11 1.005586592178787
 131 3.016759776536333
 1 5.02793296089385
 532 7.039106145251395
 5 9.050279329608941
 133 11.06145251396649
 52 13.07262569832403
 8 15.08379888268158
 53 17.09497206703912
 105 19.10614525139667
 497 21.11731843575421
 55 23.12849162011173
 79 25.13966480446928
 80 27.15083798882682
 54 29.16201117318437
 230 31.17318435754191
 305 33.18435754189946
 226 35.195530726257
 172 37.20670391061452
 31 39.21787709497207
 281 41.22905027932961
 0 43.24022346368716
 108 45.2513966480447
 78 47.26256983240225
 240 49.27374301675979
 80 51.28491620111734
 176 53.29608938547489
 88 55.3072625698324
 131 57.31843575418995
 230 59.32960893854749
 74 61.34078212290504
 106 63.35195530726259
 67 65.36312849162013
 121 67.37430167597768
 46 69.38547486033519
 27 71.39664804469274
 54 73.40782122905028
 6 75.41899441340783
 8 77.43016759776538
 1 79.44134078212289
 3 81.45251396648047
 1 83.46368715083798
 1 85.47486033519556
 9 87.48603351955308
 7475 89.49720670391065
 6 91.50837988826817
 3 93.51955307262574
 4 95.53072625698326
 1 97.54189944134077
 3 99.55307262569835
 15 101.5642458100559
 21 103.5754189944134
 31 105.586592178771
 12 107.5977653631285
 122 109.608938547486
 127 111.6201117318436
 111 113.6312849162011
 1 115.6424581005587
 211 117.6536312849162
 157 119.6648044692737
 82 121.6759776536313
 173 123.6871508379888
 204 125.6983240223464
 72 127.7094972067039
 162 129.7206703910614
 183 131.731843575419
 4 133.7430167597765
 99 135.7541899441341
 186 137.7653631284916
 103 139.7765363128492
 155 141.7877094972067
 423 143.7988826815642
 115 145.8100558659218
 202 147.8212290502793
 37 149.8324022346369
 176 151.8435754189944
 63 153.854748603352
 456 155.8659217877095
 44 157.8770949720671
 107 159.8882681564246
 68 161.8994413407821
 52 163.9106145251397
 12 165.9217877094972
 110 167.9329608938548
 233 169.9441340782123
 340 171.9553072625699
 0 173.9664804469274
 133 175.9776536312849
 3 177.9888268156425
 0 180


