# Created by Octave 3.8.2, Sat Jun 20 05:03:10 2020 CEST <damian@fptrucha.inv.usc.es>
# name: hd
# type: matrix
# rows: 180
# columns: 2
 0 -180
 190 -177.9888268156425
 3 -175.9776536312849
 427 -173.9664804469274
 281 -171.9553072625698
 166 -169.9441340782123
 34 -167.9329608938548
 45 -165.9217877094972
 53 -163.9106145251397
 173 -161.8994413407821
 45 -159.8882681564246
 688 -157.877094972067
 69 -155.8659217877095
 101 -153.854748603352
 39 -151.8435754189944
 66 -149.8324022346369
 241 -147.8212290502793
 703 -145.8100558659218
 149 -143.7988826815642
 102 -141.7877094972067
 194 -139.7765363128491
 120 -137.7653631284916
 0 -135.7541899441341
 186 -133.7430167597765
 186 -131.731843575419
 87 -129.7206703910614
 206 -127.7094972067039
 244 -125.6983240223464
 102 -123.6871508379888
 218 -121.6759776536313
 220 -119.6648044692737
 1 -117.6536312849162
 98 -115.6424581005587
 123 -113.6312849162011
 136 -111.6201117318436
 18 -109.608938547486
 33 -107.5977653631285
 16 -105.5865921787709
 11 -103.5754189944134
 4 -101.5642458100559
 1 -99.55307262569832
 2 -97.54189944134077
 3 -95.53072625698323
 9 -93.5195530726257
 9069 -91.50837988826815
 21 -89.49720670391061
 3 -87.48603351955308
 3 -85.47486033519553
 0 -83.46368715083798
 2 -81.45251396648044
 10 -79.44134078212289
 6 -77.43016759776536
 63 -75.41899441340782
 22 -73.40782122905027
 48 -71.39664804469274
 133 -69.38547486033519
 98 -67.37430167597765
 108 -65.3631284916201
 56 -63.35195530726256
 303 -61.34078212290503
 151 -59.32960893854748
 237 -57.31843575418993
 123 -55.3072625698324
 97 -53.29608938547486
 200 -51.28491620111731
 51 -49.27374301675977
 119 -47.26256983240222
 0 -45.25139664804468
 267 -43.24022346368713
 1 -41.22905027932961
 169 -39.21787709497207
 319 -37.20670391061452
 479 -35.19553072625698
 127 -33.18435754189943
 46 -31.17318435754188
 175 -29.16201117318434
 7 -27.15083798882682
 55 -25.13966480446928
 688 -23.12849162011173
 145 -21.11731843575419
 48 -19.10614525139664
 4 -17.09497206703909
 36 -15.08379888268155
 129 -13.072625698324
 12 -11.06145251396646
 638 -9.050279329608941
 2 -7.039106145251395
 136 -5.02793296089385
 21 -3.016759776536304
 5 -1.005586592178759
 23 1.005586592178787
 130 3.016759776536333
 1 5.02793296089385
 596 7.039106145251395
 12 9.050279329608941
 121 11.06145251396649
 56 13.07262569832403
 12 15.08379888268158
 46 17.09497206703912
 104 19.10614525139667
 566 21.11731843575421
 52 23.12849162011173
 113 25.13966480446928
 97 27.15083798882682
 67 29.16201117318437
 238 31.17318435754191
 354 33.18435754189946
 272 35.195530726257
 181 37.20670391061452
 42 39.21787709497207
 313 41.22905027932961
 1 43.24022346368716
 149 45.2513966480447
 67 47.26256983240225
 244 49.27374301675979
 97 51.28491620111734
 228 53.29608938547489
 84 55.3072625698324
 143 57.31843575418995
 254 59.32960893854749
 67 61.34078212290504
 123 63.35195530726259
 99 65.36312849162013
 105 67.37430167597768
 31 69.38547486033519
 40 71.39664804469274
 52 73.40782122905028
 8 75.41899441340783
 5 77.43016759776538
 2 79.44134078212289
 2 81.45251396648047
 0 83.46368715083798
 3 85.47486033519556
 8 87.48603351955308
 8305 89.49720670391065
 15 91.50837988826817
 1 93.51955307262574
 6 95.53072625698326
 1 97.54189944134077
 2 99.55307262569835
 13 101.5642458100559
 18 103.5754189944134
 39 105.586592178771
 14 107.5977653631285
 87 109.608938547486
 124 111.6201117318436
 119 113.6312849162011
 2 115.6424581005587
 226 117.6536312849162
 181 119.6648044692737
 96 121.6759776536313
 193 123.6871508379888
 172 125.6983240223464
 76 127.7094972067039
 146 129.7206703910614
 172 131.731843575419
 2 133.7430167597765
 117 135.7541899441341
 179 137.7653631284916
 128 139.7765363128492
 171 141.7877094972067
 537 143.7988826815642
 124 145.8100558659218
 207 147.8212290502793
 58 149.8324022346369
 171 151.8435754189944
 68 153.854748603352
 528 155.8659217877095
 53 157.8770949720671
 154 159.8882681564246
 66 161.8994413407821
 60 163.9106145251397
 23 165.9217877094972
 132 167.9329608938548
 238 169.9441340782123
 374 171.9553072625699
 2 173.9664804469274
 153 175.9776536312849
 7 177.9888268156425
 0 180


