# Created by Octave 3.8.2, Tue Jun 23 00:07:39 2020 CEST <damian@fptrucha.inv.usc.es>
# name: hd
# type: matrix
# rows: 180
# columns: 2
 0 -180
 126 -177.9888268156425
 5 -175.9776536312849
 263 -173.9664804469274
 160 -171.9553072625698
 95 -169.9441340782123
 20 -167.9329608938548
 36 -165.9217877094972
 40 -163.9106145251397
 112 -161.8994413407821
 42 -159.8882681564246
 404 -157.877094972067
 53 -155.8659217877095
 93 -153.854748603352
 30 -151.8435754189944
 50 -149.8324022346369
 180 -147.8212290502793
 472 -145.8100558659218
 109 -143.7988826815642
 63 -141.7877094972067
 122 -139.7765363128491
 85 -137.7653631284916
 1 -135.7541899441341
 128 -133.7430167597765
 123 -131.731843575419
 61 -129.7206703910614
 121 -127.7094972067039
 148 -125.6983240223464
 72 -123.6871508379888
 149 -121.6759776536313
 148 -119.6648044692737
 2 -117.6536312849162
 94 -115.6424581005587
 88 -113.6312849162011
 98 -111.6201117318436
 18 -109.608938547486
 27 -107.5977653631285
 18 -105.5865921787709
 12 -103.5754189944134
 1 -101.5642458100559
 1 -99.55307262569832
 0 -97.54189944134077
 2 -95.53072625698323
 2 -93.5195530726257
 5958 -91.50837988826815
 6 -89.49720670391061
 3 -87.48603351955308
 1 -85.47486033519553
 0 -83.46368715083798
 0 -81.45251396648044
 7 -79.44134078212289
 6 -77.43016759776536
 49 -75.41899441340782
 25 -73.40782122905027
 43 -71.39664804469274
 95 -69.38547486033519
 76 -67.37430167597765
 88 -65.3631284916201
 49 -63.35195530726256
 173 -61.34078212290503
 120 -59.32960893854748
 151 -57.31843575418993
 70 -55.3072625698324
 51 -53.29608938547486
 153 -51.28491620111731
 30 -49.27374301675977
 83 -47.26256983240222
 1 -45.25139664804468
 234 -43.24022346368713
 3 -41.22905027932961
 102 -39.21787709497207
 191 -37.20670391061452
 308 -35.19553072625698
 74 -33.18435754189943
 36 -31.17318435754188
 113 -29.16201117318434
 8 -27.15083798882682
 39 -25.13966480446928
 422 -23.12849162011173
 100 -21.11731843575419
 44 -19.10614525139664
 6 -17.09497206703909
 35 -15.08379888268155
 110 -13.072625698324
 3 -11.06145251396646
 391 -9.050279329608941
 1 -7.039106145251395
 93 -5.02793296089385
 14 -3.016759776536304
 1 -1.005586592178759
 23 1.005586592178787
 112 3.016759776536333
 2 5.02793296089385
 374 7.039106145251395
 12 9.050279329608941
 104 11.06145251396649
 24 13.07262569832403
 9 15.08379888268158
 38 17.09497206703912
 91 19.10614525139667
 386 21.11731843575421
 38 23.12849162011173
 64 25.13966480446928
 64 27.15083798882682
 42 29.16201117318437
 128 31.17318435754191
 226 33.18435754189946
 163 35.195530726257
 101 37.20670391061452
 31 39.21787709497207
 207 41.22905027932961
 1 43.24022346368716
 70 45.2513966480447
 52 47.26256983240225
 129 49.27374301675979
 48 51.28491620111734
 141 53.29608938547489
 49 55.3072625698324
 97 57.31843575418995
 192 59.32960893854749
 43 61.34078212290504
 80 63.35195530726259
 57 65.36312849162013
 72 67.37430167597768
 36 69.38547486033519
 22 71.39664804469274
 29 73.40782122905028
 8 75.41899441340783
 6 77.43016759776538
 0 79.44134078212289
 0 81.45251396648047
 1 83.46368715083798
 3 85.47486033519556
 5 87.48603351955308
 5205 89.49720670391065
 8 91.50837988826817
 1 93.51955307262574
 1 95.53072625698326
 0 97.54189944134077
 4 99.55307262569835
 5 101.5642458100559
 16 103.5754189944134
 24 105.586592178771
 16 107.5977653631285
 65 109.608938547486
 74 111.6201117318436
 68 113.6312849162011
 5 115.6424581005587
 142 117.6536312849162
 123 119.6648044692737
 42 121.6759776536313
 106 123.6871508379888
 121 125.6983240223464
 49 127.7094972067039
 103 129.7206703910614
 125 131.731843575419
 1 133.7430167597765
 82 135.7541899441341
 119 137.7653631284916
 77 139.7765363128492
 95 141.7877094972067
 337 143.7988826815642
 80 145.8100558659218
 127 147.8212290502793
 33 149.8324022346369
 106 151.8435754189944
 50 153.854748603352
 342 155.8659217877095
 27 157.8770949720671
 89 159.8882681564246
 48 161.8994413407821
 32 163.9106145251397
 11 165.9217877094972
 107 167.9329608938548
 176 169.9441340782123
 236 171.9553072625699
 5 173.9664804469274
 129 175.9776536312849
 4 177.9888268156425
 0 180


