# Created by Octave 3.8.2, Sun Jun 21 02:25:52 2020 CEST <damian@fptrucha.inv.usc.es>
# name: hd
# type: matrix
# rows: 180
# columns: 2
 1 -180
 156 -177.9888268156425
 4 -175.9776536312849
 339 -173.9664804469274
 221 -171.9553072625698
 148 -169.9441340782123
 29 -167.9329608938548
 31 -165.9217877094972
 50 -163.9106145251397
 142 -161.8994413407821
 41 -159.8882681564246
 630 -157.877094972067
 60 -155.8659217877095
 126 -153.854748603352
 37 -151.8435754189944
 58 -149.8324022346369
 222 -147.8212290502793
 634 -145.8100558659218
 124 -143.7988826815642
 99 -141.7877094972067
 148 -139.7765363128491
 108 -137.7653631284916
 1 -135.7541899441341
 157 -133.7430167597765
 165 -131.731843575419
 67 -129.7206703910614
 168 -127.7094972067039
 233 -125.6983240223464
 92 -123.6871508379888
 207 -121.6759776536313
 179 -119.6648044692737
 6 -117.6536312849162
 67 -115.6424581005587
 112 -113.6312849162011
 112 -111.6201117318436
 18 -109.608938547486
 30 -107.5977653631285
 27 -105.5865921787709
 7 -103.5754189944134
 1 -101.5642458100559
 1 -99.55307262569832
 1 -97.54189944134077
 3 -95.53072625698323
 8 -93.5195530726257
 8025 -91.50837988826815
 7 -89.49720670391061
 4 -87.48603351955308
 1 -85.47486033519553
 1 -83.46368715083798
 3 -81.45251396648044
 6 -79.44134078212289
 5 -77.43016759776536
 53 -75.41899441340782
 17 -73.40782122905027
 37 -71.39664804469274
 94 -69.38547486033519
 66 -67.37430167597765
 93 -65.3631284916201
 46 -63.35195530726256
 258 -61.34078212290503
 170 -59.32960893854748
 205 -57.31843575418993
 89 -55.3072625698324
 99 -53.29608938547486
 205 -51.28491620111731
 42 -49.27374301675977
 114 -47.26256983240222
 0 -45.25139664804468
 272 -43.24022346368713
 2 -41.22905027932961
 160 -39.21787709497207
 302 -37.20670391061452
 423 -35.19553072625698
 106 -33.18435754189943
 68 -31.17318435754188
 137 -29.16201117318434
 10 -27.15083798882682
 52 -25.13966480446928
 606 -23.12849162011173
 132 -21.11731843575419
 42 -19.10614525139664
 12 -17.09497206703909
 34 -15.08379888268155
 174 -13.072625698324
 6 -11.06145251396646
 555 -9.050279329608941
 3 -7.039106145251395
 111 -5.02793296089385
 18 -3.016759776536304
 2 -1.005586592178759
 16 1.005586592178787
 114 3.016759776536333
 1 5.02793296089385
 541 7.039106145251395
 8 9.050279329608941
 118 11.06145251396649
 49 13.07262569832403
 7 15.08379888268158
 52 17.09497206703912
 112 19.10614525139667
 488 21.11731843575421
 41 23.12849162011173
 101 25.13966480446928
 93 27.15083798882682
 43 29.16201117318437
 221 31.17318435754191
 296 33.18435754189946
 246 35.195530726257
 155 37.20670391061452
 40 39.21787709497207
 269 41.22905027932961
 1 43.24022346368716
 96 45.2513966480447
 66 47.26256983240225
 217 49.27374301675979
 91 51.28491620111734
 189 53.29608938547489
 73 55.3072625698324
 134 57.31843575418995
 240 59.32960893854749
 66 61.34078212290504
 106 63.35195530726259
 83 65.36312849162013
 106 67.37430167597768
 37 69.38547486033519
 32 71.39664804469274
 48 73.40782122905028
 11 75.41899441340783
 8 77.43016759776538
 3 79.44134078212289
 0 81.45251396648047
 1 83.46368715083798
 1 85.47486033519556
 13 87.48603351955308
 7470 89.49720670391065
 2 91.50837988826817
 2 93.51955307262574
 0 95.53072625698326
 0 97.54189944134077
 4 99.55307262569835
 10 101.5642458100559
 14 103.5754189944134
 41 105.586592178771
 21 107.5977653631285
 103 109.608938547486
 123 111.6201117318436
 109 113.6312849162011
 1 115.6424581005587
 210 117.6536312849162
 155 119.6648044692737
 89 121.6759776536313
 147 123.6871508379888
 174 125.6983240223464
 76 127.7094972067039
 143 129.7206703910614
 162 131.731843575419
 3 133.7430167597765
 138 135.7541899441341
 161 137.7653631284916
 86 139.7765363128492
 136 141.7877094972067
 469 143.7988826815642
 115 145.8100558659218
 198 147.8212290502793
 44 149.8324022346369
 190 151.8435754189944
 67 153.854748603352
 465 155.8659217877095
 47 157.8770949720671
 102 159.8882681564246
 64 161.8994413407821
 45 163.9106145251397
 20 165.9217877094972
 112 167.9329608938548
 227 169.9441340782123
 308 171.9553072625699
 3 173.9664804469274
 137 175.9776536312849
 2 177.9888268156425
 0 180


