# Created by Octave 3.8.2, Sun Jun 21 03:36:46 2020 CEST <damian@fptrucha.inv.usc.es>
# name: hd
# type: matrix
# rows: 180
# columns: 2
 2 -180
 156 -177.9888268156425
 3 -175.9776536312849
 344 -173.9664804469274
 225 -171.9553072625698
 160 -169.9441340782123
 27 -167.9329608938548
 44 -165.9217877094972
 45 -163.9106145251397
 158 -161.8994413407821
 51 -159.8882681564246
 626 -157.877094972067
 68 -155.8659217877095
 103 -153.854748603352
 37 -151.8435754189944
 62 -149.8324022346369
 217 -147.8212290502793
 553 -145.8100558659218
 117 -143.7988826815642
 84 -141.7877094972067
 158 -139.7765363128491
 88 -137.7653631284916
 1 -135.7541899441341
 132 -133.7430167597765
 153 -131.731843575419
 80 -129.7206703910614
 171 -127.7094972067039
 214 -125.6983240223464
 108 -123.6871508379888
 192 -121.6759776536313
 200 -119.6648044692737
 6 -117.6536312849162
 88 -115.6424581005587
 96 -113.6312849162011
 131 -111.6201117318436
 20 -109.608938547486
 44 -107.5977653631285
 22 -105.5865921787709
 13 -103.5754189944134
 3 -101.5642458100559
 1 -99.55307262569832
 0 -97.54189944134077
 1 -95.53072625698323
 6 -93.5195530726257
 8042 -91.50837988826815
 7 -89.49720670391061
 0 -87.48603351955308
 1 -85.47486033519553
 1 -83.46368715083798
 4 -81.45251396648044
 4 -79.44134078212289
 5 -77.43016759776536
 43 -75.41899441340782
 20 -73.40782122905027
 57 -71.39664804469274
 109 -69.38547486033519
 69 -67.37430167597765
 81 -65.3631284916201
 50 -63.35195530726256
 257 -61.34078212290503
 144 -59.32960893854748
 220 -57.31843575418993
 101 -55.3072625698324
 89 -53.29608938547486
 234 -51.28491620111731
 66 -49.27374301675977
 104 -47.26256983240222
 0 -45.25139664804468
 237 -43.24022346368713
 1 -41.22905027932961
 170 -39.21787709497207
 312 -37.20670391061452
 447 -35.19553072625698
 102 -33.18435754189943
 58 -31.17318435754188
 136 -29.16201117318434
 17 -27.15083798882682
 54 -25.13966480446928
 645 -23.12849162011173
 147 -21.11731843575419
 57 -19.10614525139664
 12 -17.09497206703909
 32 -15.08379888268155
 178 -13.072625698324
 3 -11.06145251396646
 557 -9.050279329608941
 3 -7.039106145251395
 133 -5.02793296089385
 11 -3.016759776536304
 0 -1.005586592178759
 18 1.005586592178787
 127 3.016759776536333
 1 5.02793296089385
 579 7.039106145251395
 9 9.050279329608941
 130 11.06145251396649
 38 13.07262569832403
 8 15.08379888268158
 53 17.09497206703912
 94 19.10614525139667
 522 21.11731843575421
 66 23.12849162011173
 87 25.13966480446928
 105 27.15083798882682
 55 29.16201117318437
 212 31.17318435754191
 316 33.18435754189946
 232 35.195530726257
 148 37.20670391061452
 34 39.21787709497207
 292 41.22905027932961
 0 43.24022346368716
 142 45.2513966480447
 55 47.26256983240225
 220 49.27374301675979
 71 51.28491620111734
 189 53.29608938547489
 75 55.3072625698324
 151 57.31843575418995
 277 59.32960893854749
 67 61.34078212290504
 112 63.35195530726259
 72 65.36312849162013
 100 67.37430167597768
 42 69.38547486033519
 28 71.39664804469274
 41 73.40782122905028
 6 75.41899441340783
 9 77.43016759776538
 1 79.44134078212289
 1 81.45251396648047
 1 83.46368715083798
 1 85.47486033519556
 7 87.48603351955308
 7578 89.49720670391065
 7 91.50837988826817
 1 93.51955307262574
 1 95.53072625698326
 0 97.54189944134077
 2 99.55307262569835
 16 101.5642458100559
 20 103.5754189944134
 43 105.586592178771
 22 107.5977653631285
 103 109.608938547486
 108 111.6201117318436
 132 113.6312849162011
 3 115.6424581005587
 211 117.6536312849162
 166 119.6648044692737
 80 121.6759776536313
 161 123.6871508379888
 187 125.6983240223464
 85 127.7094972067039
 155 129.7206703910614
 180 131.731843575419
 2 133.7430167597765
 109 135.7541899441341
 140 137.7653631284916
 103 139.7765363128492
 122 141.7877094972067
 500 143.7988826815642
 112 145.8100558659218
 181 147.8212290502793
 35 149.8324022346369
 148 151.8435754189944
 65 153.854748603352
 458 155.8659217877095
 48 157.8770949720671
 130 159.8882681564246
 72 161.8994413407821
 49 163.9106145251397
 9 165.9217877094972
 133 167.9329608938548
 218 169.9441340782123
 352 171.9553072625699
 2 173.9664804469274
 147 175.9776536312849
 2 177.9888268156425
 0 180


