# Created by Octave 3.8.2, Sat Jun 20 15:00:09 2020 CEST <damian@fptrucha.inv.usc.es>
# name: hd
# type: matrix
# rows: 180
# columns: 2
 5 -180
 165 -177.9888268156425
 2 -175.9776536312849
 367 -173.9664804469274
 240 -171.9553072625698
 172 -169.9441340782123
 30 -167.9329608938548
 42 -165.9217877094972
 50 -163.9106145251397
 166 -161.8994413407821
 33 -159.8882681564246
 636 -157.877094972067
 57 -155.8659217877095
 128 -153.854748603352
 38 -151.8435754189944
 68 -149.8324022346369
 220 -147.8212290502793
 659 -145.8100558659218
 130 -143.7988826815642
 89 -141.7877094972067
 155 -139.7765363128491
 110 -137.7653631284916
 2 -135.7541899441341
 138 -133.7430167597765
 141 -131.731843575419
 63 -129.7206703910614
 190 -127.7094972067039
 217 -125.6983240223464
 94 -123.6871508379888
 172 -121.6759776536313
 182 -119.6648044692737
 1 -117.6536312849162
 112 -115.6424581005587
 106 -113.6312849162011
 120 -111.6201117318436
 17 -109.608938547486
 33 -107.5977653631285
 17 -105.5865921787709
 7 -103.5754189944134
 3 -101.5642458100559
 1 -99.55307262569832
 2 -97.54189944134077
 2 -95.53072625698323
 4 -93.5195530726257
 8327 -91.50837988826815
 8 -89.49720670391061
 1 -87.48603351955308
 1 -85.47486033519553
 1 -83.46368715083798
 3 -81.45251396648044
 4 -79.44134078212289
 6 -77.43016759776536
 43 -75.41899441340782
 25 -73.40782122905027
 53 -71.39664804469274
 95 -69.38547486033519
 74 -67.37430167597765
 85 -65.3631284916201
 39 -63.35195530726256
 253 -61.34078212290503
 137 -59.32960893854748
 214 -57.31843575418993
 89 -55.3072625698324
 74 -53.29608938547486
 237 -51.28491620111731
 46 -49.27374301675977
 111 -47.26256983240222
 2 -45.25139664804468
 269 -43.24022346368713
 3 -41.22905027932961
 157 -39.21787709497207
 332 -37.20670391061452
 499 -35.19553072625698
 93 -33.18435754189943
 58 -31.17318435754188
 144 -29.16201117318434
 16 -27.15083798882682
 53 -25.13966480446928
 677 -23.12849162011173
 155 -21.11731843575419
 43 -19.10614525139664
 7 -17.09497206703909
 39 -15.08379888268155
 148 -13.072625698324
 9 -11.06145251396646
 578 -9.050279329608941
 6 -7.039106145251395
 114 -5.02793296089385
 19 -3.016759776536304
 3 -1.005586592178759
 21 1.005586592178787
 130 3.016759776536333
 0 5.02793296089385
 525 7.039106145251395
 5 9.050279329608941
 143 11.06145251396649
 51 13.07262569832403
 9 15.08379888268158
 69 17.09497206703912
 120 19.10614525139667
 542 21.11731843575421
 57 23.12849162011173
 102 25.13966480446928
 99 27.15083798882682
 52 29.16201117318437
 248 31.17318435754191
 323 33.18435754189946
 254 35.195530726257
 142 37.20670391061452
 36 39.21787709497207
 317 41.22905027932961
 3 43.24022346368716
 139 45.2513966480447
 65 47.26256983240225
 249 49.27374301675979
 99 51.28491620111734
 211 53.29608938547489
 79 55.3072625698324
 132 57.31843575418995
 261 59.32960893854749
 65 61.34078212290504
 125 63.35195530726259
 72 65.36312849162013
 122 67.37430167597768
 51 69.38547486033519
 31 71.39664804469274
 48 73.40782122905028
 10 75.41899441340783
 5 77.43016759776538
 2 79.44134078212289
 3 81.45251396648047
 2 83.46368715083798
 4 85.47486033519556
 11 87.48603351955308
 8098 89.49720670391065
 5 91.50837988826817
 2 93.51955307262574
 0 95.53072625698326
 1 97.54189944134077
 4 99.55307262569835
 18 101.5642458100559
 26 103.5754189944134
 42 105.586592178771
 19 107.5977653631285
 118 109.608938547486
 131 111.6201117318436
 145 113.6312849162011
 2 115.6424581005587
 219 117.6536312849162
 174 119.6648044692737
 98 121.6759776536313
 187 123.6871508379888
 175 125.6983240223464
 90 127.7094972067039
 179 129.7206703910614
 181 131.731843575419
 2 133.7430167597765
 123 135.7541899441341
 186 137.7653631284916
 113 139.7765363128492
 155 141.7877094972067
 498 143.7988826815642
 135 145.8100558659218
 231 147.8212290502793
 48 149.8324022346369
 164 151.8435754189944
 68 153.854748603352
 515 155.8659217877095
 59 157.8770949720671
 115 159.8882681564246
 84 161.8994413407821
 57 163.9106145251397
 15 165.9217877094972
 143 167.9329608938548
 236 169.9441340782123
 315 171.9553072625699
 1 173.9664804469274
 162 175.9776536312849
 2 177.9888268156425
 0 180


