# Created by Octave 3.8.2, Mon Jun 22 04:29:03 2020 CEST <damian@fptrucha.inv.usc.es>
# name: hd
# type: matrix
# rows: 180
# columns: 2
 3 -180
 156 -177.9888268156425
 3 -175.9776536312849
 336 -173.9664804469274
 183 -171.9553072625698
 122 -169.9441340782123
 39 -167.9329608938548
 34 -165.9217877094972
 48 -163.9106145251397
 127 -161.8994413407821
 48 -159.8882681564246
 469 -157.877094972067
 74 -155.8659217877095
 116 -153.854748603352
 51 -151.8435754189944
 78 -149.8324022346369
 213 -147.8212290502793
 556 -145.8100558659218
 105 -143.7988826815642
 82 -141.7877094972067
 184 -139.7765363128491
 118 -137.7653631284916
 4 -135.7541899441341
 179 -133.7430167597765
 139 -131.731843575419
 79 -129.7206703910614
 161 -127.7094972067039
 190 -125.6983240223464
 100 -123.6871508379888
 205 -121.6759776536313
 195 -119.6648044692737
 6 -117.6536312849162
 126 -115.6424581005587
 119 -113.6312849162011
 118 -111.6201117318436
 18 -109.608938547486
 58 -107.5977653631285
 26 -105.5865921787709
 19 -103.5754189944134
 3 -101.5642458100559
 0 -99.55307262569832
 0 -97.54189944134077
 4 -95.53072625698323
 9 -93.5195530726257
 7082 -91.50837988826815
 18 -89.49720670391061
 4 -87.48603351955308
 2 -85.47486033519553
 0 -83.46368715083798
 2 -81.45251396648044
 12 -79.44134078212289
 11 -77.43016759776536
 54 -75.41899441340782
 30 -73.40782122905027
 56 -71.39664804469274
 113 -69.38547486033519
 45 -67.37430167597765
 113 -65.3631284916201
 62 -63.35195530726256
 260 -61.34078212290503
 125 -59.32960893854748
 190 -57.31843575418993
 107 -55.3072625698324
 52 -53.29608938547486
 180 -51.28491620111731
 68 -49.27374301675977
 129 -47.26256983240222
 5 -45.25139664804468
 291 -43.24022346368713
 4 -41.22905027932961
 152 -39.21787709497207
 262 -37.20670391061452
 397 -35.19553072625698
 100 -33.18435754189943
 58 -31.17318435754188
 142 -29.16201117318434
 11 -27.15083798882682
 67 -25.13966480446928
 519 -23.12849162011173
 119 -21.11731843575419
 56 -19.10614525139664
 13 -17.09497206703909
 35 -15.08379888268155
 154 -13.072625698324
 11 -11.06145251396646
 489 -9.050279329608941
 4 -7.039106145251395
 126 -5.02793296089385
 26 -3.016759776536304
 2 -1.005586592178759
 24 1.005586592178787
 126 3.016759776536333
 3 5.02793296089385
 480 7.039106145251395
 8 9.050279329608941
 140 11.06145251396649
 44 13.07262569832403
 5 15.08379888268158
 46 17.09497206703912
 134 19.10614525139667
 458 21.11731843575421
 66 23.12849162011173
 81 25.13966480446928
 97 27.15083798882682
 48 29.16201117318437
 185 31.17318435754191
 276 33.18435754189946
 241 35.195530726257
 148 37.20670391061452
 35 39.21787709497207
 245 41.22905027932961
 2 43.24022346368716
 128 45.2513966480447
 64 47.26256983240225
 200 49.27374301675979
 60 51.28491620111734
 179 53.29608938547489
 64 55.3072625698324
 120 57.31843575418995
 218 59.32960893854749
 41 61.34078212290504
 103 63.35195530726259
 77 65.36312849162013
 98 67.37430167597768
 42 69.38547486033519
 26 71.39664804469274
 37 73.40782122905028
 3 75.41899441340783
 7 77.43016759776538
 5 79.44134078212289
 0 81.45251396648047
 0 83.46368715083798
 8 85.47486033519556
 11 87.48603351955308
 6498 89.49720670391065
 6 91.50837988826817
 6 93.51955307262574
 0 95.53072625698326
 2 97.54189944134077
 4 99.55307262569835
 28 101.5642458100559
 16 103.5754189944134
 53 105.586592178771
 30 107.5977653631285
 107 109.608938547486
 127 111.6201117318436
 118 113.6312849162011
 2 115.6424581005587
 191 117.6536312849162
 161 119.6648044692737
 94 121.6759776536313
 140 123.6871508379888
 192 125.6983240223464
 74 127.7094972067039
 147 129.7206703910614
 184 131.731843575419
 2 133.7430167597765
 89 135.7541899441341
 150 137.7653631284916
 87 139.7765363128492
 120 141.7877094972067
 435 143.7988826815642
 117 145.8100558659218
 166 147.8212290502793
 42 149.8324022346369
 139 151.8435754189944
 70 153.854748603352
 469 155.8659217877095
 48 157.8770949720671
 123 159.8882681564246
 65 161.8994413407821
 45 163.9106145251397
 23 165.9217877094972
 114 167.9329608938548
 198 169.9441340782123
 274 171.9553072625699
 7 173.9664804469274
 138 175.9776536312849
 6 177.9888268156425
 0 180


