# Created by Octave 3.8.2, Sat Jun 20 05:59:37 2020 CEST <damian@fptrucha.inv.usc.es>
# name: hd
# type: matrix
# rows: 180
# columns: 2
 3 -180
 174 -177.9888268156425
 3 -175.9776536312849
 417 -173.9664804469274
 256 -171.9553072625698
 204 -169.9441340782123
 30 -167.9329608938548
 33 -165.9217877094972
 72 -163.9106145251397
 161 -161.8994413407821
 41 -159.8882681564246
 710 -157.877094972067
 96 -155.8659217877095
 130 -153.854748603352
 44 -151.8435754189944
 95 -149.8324022346369
 245 -147.8212290502793
 699 -145.8100558659218
 152 -143.7988826815642
 92 -141.7877094972067
 210 -139.7765363128491
 130 -137.7653631284916
 1 -135.7541899441341
 210 -133.7430167597765
 194 -131.731843575419
 91 -129.7206703910614
 193 -127.7094972067039
 291 -125.6983240223464
 111 -123.6871508379888
 215 -121.6759776536313
 217 -119.6648044692737
 5 -117.6536312849162
 128 -115.6424581005587
 142 -113.6312849162011
 144 -111.6201117318436
 12 -109.608938547486
 52 -107.5977653631285
 34 -105.5865921787709
 20 -103.5754189944134
 3 -101.5642458100559
 2 -99.55307262569832
 1 -97.54189944134077
 5 -95.53072625698323
 5 -93.5195530726257
 9253 -91.50837988826815
 4 -89.49720670391061
 4 -87.48603351955308
 1 -85.47486033519553
 1 -83.46368715083798
 0 -81.45251396648044
 9 -79.44134078212289
 11 -77.43016759776536
 55 -75.41899441340782
 24 -73.40782122905027
 54 -71.39664804469274
 138 -69.38547486033519
 88 -67.37430167597765
 123 -65.3631284916201
 61 -63.35195530726256
 318 -61.34078212290503
 184 -59.32960893854748
 233 -57.31843575418993
 118 -55.3072625698324
 85 -53.29608938547486
 270 -51.28491620111731
 63 -49.27374301675977
 114 -47.26256983240222
 3 -45.25139664804468
 295 -43.24022346368713
 2 -41.22905027932961
 165 -39.21787709497207
 360 -37.20670391061452
 496 -35.19553072625698
 100 -33.18435754189943
 76 -31.17318435754188
 171 -29.16201117318434
 9 -27.15083798882682
 65 -25.13966480446928
 702 -23.12849162011173
 145 -21.11731843575419
 53 -19.10614525139664
 14 -17.09497206703909
 51 -15.08379888268155
 190 -13.072625698324
 5 -11.06145251396646
 623 -9.050279329608941
 1 -7.039106145251395
 130 -5.02793296089385
 18 -3.016759776536304
 3 -1.005586592178759
 25 1.005586592178787
 146 3.016759776536333
 6 5.02793296089385
 606 7.039106145251395
 7 9.050279329608941
 122 11.06145251396649
 50 13.07262569832403
 13 15.08379888268158
 64 17.09497206703912
 126 19.10614525139667
 599 21.11731843575421
 51 23.12849162011173
 89 25.13966480446928
 106 27.15083798882682
 67 29.16201117318437
 252 31.17318435754191
 350 33.18435754189946
 270 35.195530726257
 172 37.20670391061452
 41 39.21787709497207
 315 41.22905027932961
 1 43.24022346368716
 117 45.2513966480447
 72 47.26256983240225
 231 49.27374301675979
 89 51.28491620111734
 216 53.29608938547489
 71 55.3072625698324
 143 57.31843575418995
 275 59.32960893854749
 61 61.34078212290504
 118 63.35195530726259
 65 65.36312849162013
 114 67.37430167597768
 54 69.38547486033519
 16 71.39664804469274
 48 73.40782122905028
 9 75.41899441340783
 3 77.43016759776538
 1 79.44134078212289
 0 81.45251396648047
 1 83.46368715083798
 6 85.47486033519556
 8 87.48603351955308
 8480 89.49720670391065
 3 91.50837988826817
 2 93.51955307262574
 2 95.53072625698326
 1 97.54189944134077
 2 99.55307262569835
 14 101.5642458100559
 23 103.5754189944134
 40 105.586592178771
 21 107.5977653631285
 104 109.608938547486
 131 111.6201117318436
 112 113.6312849162011
 4 115.6424581005587
 225 117.6536312849162
 151 119.6648044692737
 93 121.6759776536313
 184 123.6871508379888
 189 125.6983240223464
 83 127.7094972067039
 167 129.7206703910614
 190 131.731843575419
 1 133.7430167597765
 144 135.7541899441341
 184 137.7653631284916
 106 139.7765363128492
 135 141.7877094972067
 526 143.7988826815642
 139 145.8100558659218
 262 147.8212290502793
 42 149.8324022346369
 164 151.8435754189944
 67 153.854748603352
 549 155.8659217877095
 59 157.8770949720671
 171 159.8882681564246
 62 161.8994413407821
 52 163.9106145251397
 21 165.9217877094972
 140 167.9329608938548
 262 169.9441340782123
 409 171.9553072625699
 3 173.9664804469274
 156 175.9776536312849
 1 177.9888268156425
 0 180


