# Created by Octave 3.8.2, Mon Jun 22 07:51:04 2020 CEST <damian@fptrucha.inv.usc.es>
# name: hd
# type: matrix
# rows: 180
# columns: 2
 3 -180
 87 -177.9888268156425
 3 -175.9776536312849
 224 -173.9664804469274
 143 -171.9553072625698
 84 -169.9441340782123
 19 -167.9329608938548
 38 -165.9217877094972
 49 -163.9106145251397
 97 -161.8994413407821
 34 -159.8882681564246
 345 -157.877094972067
 36 -155.8659217877095
 83 -153.854748603352
 30 -151.8435754189944
 51 -149.8324022346369
 144 -147.8212290502793
 359 -145.8100558659218
 86 -143.7988826815642
 53 -141.7877094972067
 108 -139.7765363128491
 68 -137.7653631284916
 2 -135.7541899441341
 100 -133.7430167597765
 104 -131.731843575419
 42 -129.7206703910614
 114 -127.7094972067039
 133 -125.6983240223464
 69 -123.6871508379888
 113 -121.6759776536313
 116 -119.6648044692737
 1 -117.6536312849162
 76 -115.6424581005587
 76 -113.6312849162011
 83 -111.6201117318436
 8 -109.608938547486
 29 -107.5977653631285
 7 -105.5865921787709
 7 -103.5754189944134
 4 -101.5642458100559
 0 -99.55307262569832
 2 -97.54189944134077
 2 -95.53072625698323
 4 -93.5195530726257
 4966 -91.50837988826815
 5 -89.49720670391061
 5 -87.48603351955308
 1 -85.47486033519553
 3 -83.46368715083798
 0 -81.45251396648044
 5 -79.44134078212289
 6 -77.43016759776536
 36 -75.41899441340782
 15 -73.40782122905027
 25 -71.39664804469274
 71 -69.38547486033519
 42 -67.37430167597765
 71 -65.3631284916201
 37 -63.35195530726256
 127 -61.34078212290503
 87 -59.32960893854748
 123 -57.31843575418993
 57 -55.3072625698324
 45 -53.29608938547486
 139 -51.28491620111731
 45 -49.27374301675977
 71 -47.26256983240222
 3 -45.25139664804468
 171 -43.24022346368713
 5 -41.22905027932961
 87 -39.21787709497207
 154 -37.20670391061452
 272 -35.19553072625698
 80 -33.18435754189943
 46 -31.17318435754188
 79 -29.16201117318434
 12 -27.15083798882682
 45 -25.13966480446928
 360 -23.12849162011173
 72 -21.11731843575419
 45 -19.10614525139664
 9 -17.09497206703909
 20 -15.08379888268155
 106 -13.072625698324
 16 -11.06145251396646
 376 -9.050279329608941
 1 -7.039106145251395
 83 -5.02793296089385
 16 -3.016759776536304
 4 -1.005586592178759
 16 1.005586592178787
 85 3.016759776536333
 1 5.02793296089385
 359 7.039106145251395
 10 9.050279329608941
 90 11.06145251396649
 24 13.07262569832403
 11 15.08379888268158
 35 17.09497206703912
 89 19.10614525139667
 323 21.11731843575421
 39 23.12849162011173
 58 25.13966480446928
 76 27.15083798882682
 47 29.16201117318437
 131 31.17318435754191
 226 33.18435754189946
 158 35.195530726257
 98 37.20670391061452
 37 39.21787709497207
 183 41.22905027932961
 1 43.24022346368716
 82 45.2513966480447
 33 47.26256983240225
 149 49.27374301675979
 48 51.28491620111734
 138 53.29608938547489
 51 55.3072625698324
 110 57.31843575418995
 150 59.32960893854749
 43 61.34078212290504
 66 63.35195530726259
 48 65.36312849162013
 83 67.37430167597768
 36 69.38547486033519
 18 71.39664804469274
 23 73.40782122905028
 10 75.41899441340783
 2 77.43016759776538
 0 79.44134078212289
 1 81.45251396648047
 3 83.46368715083798
 0 85.47486033519556
 10 87.48603351955308
 4926 89.49720670391065
 7 91.50837988826817
 0 93.51955307262574
 1 95.53072625698326
 0 97.54189944134077
 2 99.55307262569835
 6 101.5642458100559
 15 103.5754189944134
 23 105.586592178771
 16 107.5977653631285
 69 109.608938547486
 59 111.6201117318436
 84 113.6312849162011
 4 115.6424581005587
 134 117.6536312849162
 103 119.6648044692737
 58 121.6759776536313
 109 123.6871508379888
 116 125.6983240223464
 65 127.7094972067039
 99 129.7206703910614
 121 131.731843575419
 3 133.7430167597765
 76 135.7541899441341
 99 137.7653631284916
 61 139.7765363128492
 86 141.7877094972067
 313 143.7988826815642
 65 145.8100558659218
 139 147.8212290502793
 33 149.8324022346369
 80 151.8435754189944
 47 153.854748603352
 300 155.8659217877095
 27 157.8770949720671
 101 159.8882681564246
 53 161.8994413407821
 23 163.9106145251397
 8 165.9217877094972
 104 167.9329608938548
 146 169.9441340782123
 213 171.9553072625699
 2 173.9664804469274
 107 175.9776536312849
 4 177.9888268156425
 0 180


