# Created by Octave 3.8.2, Sat Jun 20 23:21:46 2020 CEST <damian@fptrucha.inv.usc.es>
# name: hd
# type: matrix
# rows: 180
# columns: 2
 2 -180
 99 -177.9888268156425
 0 -175.9776536312849
 219 -173.9664804469274
 152 -171.9553072625698
 126 -169.9441340782123
 24 -167.9329608938548
 17 -165.9217877094972
 33 -163.9106145251397
 104 -161.8994413407821
 32 -159.8882681564246
 432 -157.877094972067
 39 -155.8659217877095
 54 -153.854748603352
 22 -151.8435754189944
 39 -149.8324022346369
 125 -147.8212290502793
 428 -145.8100558659218
 64 -143.7988826815642
 49 -141.7877094972067
 123 -139.7765363128491
 67 -137.7653631284916
 3 -135.7541899441341
 98 -133.7430167597765
 93 -131.731843575419
 27 -129.7206703910614
 98 -127.7094972067039
 146 -125.6983240223464
 60 -123.6871508379888
 110 -121.6759776536313
 113 -119.6648044692737
 2 -117.6536312849162
 57 -115.6424581005587
 70 -113.6312849162011
 98 -111.6201117318436
 9 -109.608938547486
 25 -107.5977653631285
 13 -105.5865921787709
 10 -103.5754189944134
 4 -101.5642458100559
 0 -99.55307262569832
 1 -97.54189944134077
 1 -95.53072625698323
 4 -93.5195530726257
 5195 -91.50837988826815
 8 -89.49720670391061
 1 -87.48603351955308
 1 -85.47486033519553
 0 -83.46368715083798
 0 -81.45251396648044
 1 -79.44134078212289
 4 -77.43016759776536
 30 -75.41899441340782
 16 -73.40782122905027
 33 -71.39664804469274
 75 -69.38547486033519
 50 -67.37430167597765
 58 -65.3631284916201
 26 -63.35195530726256
 187 -61.34078212290503
 88 -59.32960893854748
 134 -57.31843575418993
 55 -55.3072625698324
 49 -53.29608938547486
 129 -51.28491620111731
 40 -49.27374301675977
 60 -47.26256983240222
 0 -45.25139664804468
 166 -43.24022346368713
 0 -41.22905027932961
 101 -39.21787709497207
 218 -37.20670391061452
 297 -35.19553072625698
 65 -33.18435754189943
 33 -31.17318435754188
 85 -29.16201117318434
 7 -27.15083798882682
 28 -25.13966480446928
 425 -23.12849162011173
 82 -21.11731843575419
 43 -19.10614525139664
 7 -17.09497206703909
 16 -15.08379888268155
 114 -13.072625698324
 3 -11.06145251396646
 369 -9.050279329608941
 0 -7.039106145251395
 85 -5.02793296089385
 5 -3.016759776536304
 2 -1.005586592178759
 9 1.005586592178787
 77 3.016759776536333
 1 5.02793296089385
 326 7.039106145251395
 7 9.050279329608941
 90 11.06145251396649
 22 13.07262569832403
 4 15.08379888268158
 39 17.09497206703912
 70 19.10614525139667
 333 21.11731843575421
 39 23.12849162011173
 54 25.13966480446928
 62 27.15083798882682
 34 29.16201117318437
 146 31.17318435754191
 175 33.18435754189946
 137 35.195530726257
 99 37.20670391061452
 24 39.21787709497207
 190 41.22905027932961
 1 43.24022346368716
 91 45.2513966480447
 43 47.26256983240225
 154 49.27374301675979
 53 51.28491620111734
 120 53.29608938547489
 74 55.3072625698324
 91 57.31843575418995
 148 59.32960893854749
 29 61.34078212290504
 61 63.35195530726259
 51 65.36312849162013
 61 67.37430167597768
 39 69.38547486033519
 18 71.39664804469274
 30 73.40782122905028
 3 75.41899441340783
 5 77.43016759776538
 1 79.44134078212289
 0 81.45251396648047
 0 83.46368715083798
 3 85.47486033519556
 2 87.48603351955308
 5083 89.49720670391065
 2 91.50837988826817
 1 93.51955307262574
 0 95.53072625698326
 0 97.54189944134077
 1 99.55307262569835
 3 101.5642458100559
 21 103.5754189944134
 28 105.586592178771
 11 107.5977653631285
 61 109.608938547486
 81 111.6201117318436
 72 113.6312849162011
 1 115.6424581005587
 141 117.6536312849162
 108 119.6648044692737
 54 121.6759776536313
 105 123.6871508379888
 131 125.6983240223464
 55 127.7094972067039
 111 129.7206703910614
 94 131.731843575419
 1 133.7430167597765
 88 135.7541899441341
 125 137.7653631284916
 67 139.7765363128492
 93 141.7877094972067
 303 143.7988826815642
 70 145.8100558659218
 150 147.8212290502793
 22 149.8324022346369
 104 151.8435754189944
 41 153.854748603352
 312 155.8659217877095
 32 157.8770949720671
 70 159.8882681564246
 48 161.8994413407821
 35 163.9106145251397
 9 165.9217877094972
 73 167.9329608938548
 131 169.9441340782123
 217 171.9553072625699
 3 173.9664804469274
 93 175.9776536312849
 2 177.9888268156425
 0 180


