# Created by Octave 3.8.2, Sun Jun 21 03:33:26 2020 CEST <damian@fptrucha.inv.usc.es>
# name: hd
# type: matrix
# rows: 180
# columns: 2
 4 -180
 145 -177.9888268156425
 2 -175.9776536312849
 380 -173.9664804469274
 219 -171.9553072625698
 132 -169.9441340782123
 28 -167.9329608938548
 46 -165.9217877094972
 55 -163.9106145251397
 139 -161.8994413407821
 41 -159.8882681564246
 594 -157.877094972067
 66 -155.8659217877095
 131 -153.854748603352
 51 -151.8435754189944
 69 -149.8324022346369
 175 -147.8212290502793
 629 -145.8100558659218
 114 -143.7988826815642
 75 -141.7877094972067
 153 -139.7765363128491
 118 -137.7653631284916
 3 -135.7541899441341
 162 -133.7430167597765
 160 -131.731843575419
 83 -129.7206703910614
 195 -127.7094972067039
 225 -125.6983240223464
 108 -123.6871508379888
 173 -121.6759776536313
 176 -119.6648044692737
 4 -117.6536312849162
 85 -115.6424581005587
 101 -113.6312849162011
 114 -111.6201117318436
 12 -109.608938547486
 28 -107.5977653631285
 23 -105.5865921787709
 7 -103.5754189944134
 1 -101.5642458100559
 0 -99.55307262569832
 0 -97.54189944134077
 2 -95.53072625698323
 5 -93.5195530726257
 8009 -91.50837988826815
 8 -89.49720670391061
 4 -87.48603351955308
 0 -85.47486033519553
 2 -83.46368715083798
 4 -81.45251396648044
 6 -79.44134078212289
 2 -77.43016759776536
 34 -75.41899441340782
 35 -73.40782122905027
 49 -71.39664804469274
 114 -69.38547486033519
 77 -67.37430167597765
 93 -65.3631284916201
 54 -63.35195530726256
 250 -61.34078212290503
 147 -59.32960893854748
 199 -57.31843575418993
 81 -55.3072625698324
 83 -53.29608938547486
 215 -51.28491620111731
 42 -49.27374301675977
 107 -47.26256983240222
 1 -45.25139664804468
 260 -43.24022346368713
 3 -41.22905027932961
 152 -39.21787709497207
 316 -37.20670391061452
 447 -35.19553072625698
 93 -33.18435754189943
 60 -31.17318435754188
 151 -29.16201117318434
 10 -27.15083798882682
 61 -25.13966480446928
 625 -23.12849162011173
 129 -21.11731843575419
 45 -19.10614525139664
 14 -17.09497206703909
 34 -15.08379888268155
 158 -13.072625698324
 6 -11.06145251396646
 531 -9.050279329608941
 1 -7.039106145251395
 110 -5.02793296089385
 17 -3.016759776536304
 0 -1.005586592178759
 27 1.005586592178787
 122 3.016759776536333
 3 5.02793296089385
 490 7.039106145251395
 10 9.050279329608941
 137 11.06145251396649
 38 13.07262569832403
 9 15.08379888268158
 81 17.09497206703912
 116 19.10614525139667
 500 21.11731843575421
 68 23.12849162011173
 95 25.13966480446928
 101 27.15083798882682
 52 29.16201117318437
 226 31.17318435754191
 296 33.18435754189946
 239 35.195530726257
 155 37.20670391061452
 32 39.21787709497207
 286 41.22905027932961
 0 43.24022346368716
 135 45.2513966480447
 58 47.26256983240225
 205 49.27374301675979
 69 51.28491620111734
 189 53.29608938547489
 73 55.3072625698324
 145 57.31843575418995
 254 59.32960893854749
 57 61.34078212290504
 111 63.35195530726259
 62 65.36312849162013
 101 67.37430167597768
 45 69.38547486033519
 23 71.39664804469274
 45 73.40782122905028
 8 75.41899441340783
 4 77.43016759776538
 3 79.44134078212289
 0 81.45251396648047
 1 83.46368715083798
 2 85.47486033519556
 5 87.48603351955308
 7415 89.49720670391065
 9 91.50837988826817
 3 93.51955307262574
 0 95.53072625698326
 0 97.54189944134077
 1 99.55307262569835
 14 101.5642458100559
 16 103.5754189944134
 30 105.586592178771
 25 107.5977653631285
 120 109.608938547486
 124 111.6201117318436
 103 113.6312849162011
 4 115.6424581005587
 197 117.6536312849162
 172 119.6648044692737
 77 121.6759776536313
 170 123.6871508379888
 155 125.6983240223464
 75 127.7094972067039
 153 129.7206703910614
 161 131.731843575419
 0 133.7430167597765
 117 135.7541899441341
 158 137.7653631284916
 104 139.7765363128492
 156 141.7877094972067
 476 143.7988826815642
 126 145.8100558659218
 197 147.8212290502793
 35 149.8324022346369
 142 151.8435754189944
 58 153.854748603352
 483 155.8659217877095
 46 157.8770949720671
 136 159.8882681564246
 69 161.8994413407821
 46 163.9106145251397
 15 165.9217877094972
 123 167.9329608938548
 193 169.9441340782123
 305 171.9553072625699
 3 173.9664804469274
 140 175.9776536312849
 0 177.9888268156425
 0 180


