# Created by Octave 3.8.2, Sat Jun 20 18:10:19 2020 CEST <damian@fptrucha.inv.usc.es>
# name: hd
# type: matrix
# rows: 180
# columns: 2
 2 -180
 171 -177.9888268156425
 2 -175.9776536312849
 369 -173.9664804469274
 235 -171.9553072625698
 170 -169.9441340782123
 22 -167.9329608938548
 32 -165.9217877094972
 45 -163.9106145251397
 157 -161.8994413407821
 40 -159.8882681564246
 637 -157.877094972067
 55 -155.8659217877095
 118 -153.854748603352
 36 -151.8435754189944
 72 -149.8324022346369
 211 -147.8212290502793
 651 -145.8100558659218
 137 -143.7988826815642
 98 -141.7877094972067
 175 -139.7765363128491
 108 -137.7653631284916
 2 -135.7541899441341
 166 -133.7430167597765
 156 -131.731843575419
 81 -129.7206703910614
 174 -127.7094972067039
 231 -125.6983240223464
 99 -123.6871508379888
 194 -121.6759776536313
 176 -119.6648044692737
 1 -117.6536312849162
 80 -115.6424581005587
 118 -113.6312849162011
 121 -111.6201117318436
 19 -109.608938547486
 35 -107.5977653631285
 31 -105.5865921787709
 8 -103.5754189944134
 2 -101.5642458100559
 0 -99.55307262569832
 0 -97.54189944134077
 3 -95.53072625698323
 6 -93.5195530726257
 8053 -91.50837988826815
 8 -89.49720670391061
 7 -87.48603351955308
 2 -85.47486033519553
 1 -83.46368715083798
 5 -81.45251396648044
 2 -79.44134078212289
 6 -77.43016759776536
 45 -75.41899441340782
 21 -73.40782122905027
 42 -71.39664804469274
 94 -69.38547486033519
 72 -67.37430167597765
 107 -65.3631284916201
 49 -63.35195530726256
 248 -61.34078212290503
 134 -59.32960893854748
 224 -57.31843575418993
 91 -55.3072625698324
 76 -53.29608938547486
 228 -51.28491620111731
 53 -49.27374301675977
 106 -47.26256983240222
 5 -45.25139664804468
 269 -43.24022346368713
 7 -41.22905027932961
 132 -39.21787709497207
 340 -37.20670391061452
 440 -35.19553072625698
 102 -33.18435754189943
 59 -31.17318435754188
 154 -29.16201117318434
 8 -27.15083798882682
 44 -25.13966480446928
 664 -23.12849162011173
 155 -21.11731843575419
 44 -19.10614525139664
 7 -17.09497206703909
 53 -15.08379888268155
 147 -13.072625698324
 4 -11.06145251396646
 565 -9.050279329608941
 1 -7.039106145251395
 121 -5.02793296089385
 10 -3.016759776536304
 4 -1.005586592178759
 17 1.005586592178787
 121 3.016759776536333
 1 5.02793296089385
 554 7.039106145251395
 7 9.050279329608941
 137 11.06145251396649
 53 13.07262569832403
 8 15.08379888268158
 62 17.09497206703912
 105 19.10614525139667
 487 21.11731843575421
 43 23.12849162011173
 99 25.13966480446928
 101 27.15083798882682
 46 29.16201117318437
 257 31.17318435754191
 307 33.18435754189946
 226 35.195530726257
 159 37.20670391061452
 39 39.21787709497207
 255 41.22905027932961
 2 43.24022346368716
 108 45.2513966480447
 60 47.26256983240225
 225 49.27374301675979
 88 51.28491620111734
 189 53.29608938547489
 73 55.3072625698324
 121 57.31843575418995
 272 59.32960893854749
 55 61.34078212290504
 108 63.35195530726259
 66 65.36312849162013
 106 67.37430167597768
 48 69.38547486033519
 21 71.39664804469274
 35 73.40782122905028
 11 75.41899441340783
 6 77.43016759776538
 2 79.44134078212289
 2 81.45251396648047
 1 83.46368715083798
 8 85.47486033519556
 10 87.48603351955308
 7793 89.49720670391065
 4 91.50837988826817
 0 93.51955307262574
 2 95.53072625698326
 1 97.54189944134077
 5 99.55307262569835
 14 101.5642458100559
 15 103.5754189944134
 39 105.586592178771
 26 107.5977653631285
 87 109.608938547486
 109 111.6201117318436
 105 113.6312849162011
 2 115.6424581005587
 178 117.6536312849162
 157 119.6648044692737
 68 121.6759776536313
 182 123.6871508379888
 163 125.6983240223464
 74 127.7094972067039
 153 129.7206703910614
 170 131.731843575419
 1 133.7430167597765
 106 135.7541899441341
 166 137.7653631284916
 98 139.7765363128492
 155 141.7877094972067
 478 143.7988826815642
 121 145.8100558659218
 190 147.8212290502793
 51 149.8324022346369
 156 151.8435754189944
 57 153.854748603352
 493 155.8659217877095
 52 157.8770949720671
 136 159.8882681564246
 59 161.8994413407821
 62 163.9106145251397
 17 165.9217877094972
 112 167.9329608938548
 222 169.9441340782123
 343 171.9553072625699
 1 173.9664804469274
 144 175.9776536312849
 5 177.9888268156425
 0 180


