# Created by Octave 3.8.2, Sat Jun 20 18:41:12 2020 CEST <damian@fptrucha.inv.usc.es>
# name: hd
# type: matrix
# rows: 180
# columns: 2
 3 -180
 147 -177.9888268156425
 0 -175.9776536312849
 338 -173.9664804469274
 224 -171.9553072625698
 169 -169.9441340782123
 30 -167.9329608938548
 28 -165.9217877094972
 51 -163.9106145251397
 142 -161.8994413407821
 48 -159.8882681564246
 636 -157.877094972067
 59 -155.8659217877095
 129 -153.854748603352
 30 -151.8435754189944
 72 -149.8324022346369
 208 -147.8212290502793
 597 -145.8100558659218
 107 -143.7988826815642
 97 -141.7877094972067
 171 -139.7765363128491
 106 -137.7653631284916
 4 -135.7541899441341
 146 -133.7430167597765
 139 -131.731843575419
 89 -129.7206703910614
 168 -127.7094972067039
 232 -125.6983240223464
 84 -123.6871508379888
 179 -121.6759776536313
 173 -119.6648044692737
 2 -117.6536312849162
 98 -115.6424581005587
 104 -113.6312849162011
 126 -111.6201117318436
 11 -109.608938547486
 33 -107.5977653631285
 20 -105.5865921787709
 14 -103.5754189944134
 1 -101.5642458100559
 0 -99.55307262569832
 3 -97.54189944134077
 2 -95.53072625698323
 4 -93.5195530726257
 8052 -91.50837988826815
 9 -89.49720670391061
 4 -87.48603351955308
 0 -85.47486033519553
 0 -83.46368715083798
 1 -81.45251396648044
 5 -79.44134078212289
 7 -77.43016759776536
 46 -75.41899441340782
 18 -73.40782122905027
 51 -71.39664804469274
 115 -69.38547486033519
 85 -67.37430167597765
 90 -65.3631284916201
 44 -63.35195530726256
 272 -61.34078212290503
 147 -59.32960893854748
 224 -57.31843575418993
 115 -55.3072625698324
 80 -53.29608938547486
 199 -51.28491620111731
 48 -49.27374301675977
 101 -47.26256983240222
 1 -45.25139664804468
 248 -43.24022346368713
 4 -41.22905027932961
 154 -39.21787709497207
 285 -37.20670391061452
 439 -35.19553072625698
 97 -33.18435754189943
 57 -31.17318435754188
 156 -29.16201117318434
 8 -27.15083798882682
 43 -25.13966480446928
 606 -23.12849162011173
 137 -21.11731843575419
 55 -19.10614525139664
 15 -17.09497206703909
 31 -15.08379888268155
 175 -13.072625698324
 6 -11.06145251396646
 569 -9.050279329608941
 1 -7.039106145251395
 138 -5.02793296089385
 16 -3.016759776536304
 1 -1.005586592178759
 16 1.005586592178787
 126 3.016759776536333
 3 5.02793296089385
 550 7.039106145251395
 4 9.050279329608941
 142 11.06145251396649
 55 13.07262569832403
 12 15.08379888268158
 51 17.09497206703912
 102 19.10614525139667
 477 21.11731843575421
 68 23.12849162011173
 82 25.13966480446928
 103 27.15083798882682
 53 29.16201117318437
 231 31.17318435754191
 301 33.18435754189946
 236 35.195530726257
 161 37.20670391061452
 31 39.21787709497207
 251 41.22905027932961
 2 43.24022346368716
 115 45.2513966480447
 59 47.26256983240225
 236 49.27374301675979
 73 51.28491620111734
 168 53.29608938547489
 74 55.3072625698324
 133 57.31843575418995
 270 59.32960893854749
 71 61.34078212290504
 102 63.35195530726259
 80 65.36312849162013
 111 67.37430167597768
 41 69.38547486033519
 32 71.39664804469274
 43 73.40782122905028
 9 75.41899441340783
 6 77.43016759776538
 2 79.44134078212289
 1 81.45251396648047
 1 83.46368715083798
 3 85.47486033519556
 8 87.48603351955308
 7662 89.49720670391065
 9 91.50837988826817
 2 93.51955307262574
 0 95.53072625698326
 0 97.54189944134077
 3 99.55307262569835
 12 101.5642458100559
 30 103.5754189944134
 29 105.586592178771
 18 107.5977653631285
 110 109.608938547486
 92 111.6201117318436
 131 113.6312849162011
 4 115.6424581005587
 227 117.6536312849162
 153 119.6648044692737
 96 121.6759776536313
 185 123.6871508379888
 147 125.6983240223464
 86 127.7094972067039
 163 129.7206703910614
 155 131.731843575419
 3 133.7430167597765
 126 135.7541899441341
 158 137.7653631284916
 86 139.7765363128492
 149 141.7877094972067
 493 143.7988826815642
 110 145.8100558659218
 210 147.8212290502793
 41 149.8324022346369
 159 151.8435754189944
 74 153.854748603352
 490 155.8659217877095
 57 157.8770949720671
 134 159.8882681564246
 74 161.8994413407821
 38 163.9106145251397
 17 165.9217877094972
 135 167.9329608938548
 219 169.9441340782123
 343 171.9553072625699
 2 173.9664804469274
 136 175.9776536312849
 1 177.9888268156425
 0 180


