# Created by Octave 3.8.2, Sat Jun 20 23:32:33 2020 CEST <damian@fptrucha.inv.usc.es>
# name: hd
# type: matrix
# rows: 180
# columns: 2
 1 -180
 169 -177.9888268156425
 4 -175.9776536312849
 363 -173.9664804469274
 220 -171.9553072625698
 161 -169.9441340782123
 30 -167.9329608938548
 28 -165.9217877094972
 57 -163.9106145251397
 167 -161.8994413407821
 32 -159.8882681564246
 625 -157.877094972067
 60 -155.8659217877095
 118 -153.854748603352
 34 -151.8435754189944
 64 -149.8324022346369
 194 -147.8212290502793
 632 -145.8100558659218
 117 -143.7988826815642
 106 -141.7877094972067
 167 -139.7765363128491
 88 -137.7653631284916
 4 -135.7541899441341
 139 -133.7430167597765
 145 -131.731843575419
 81 -129.7206703910614
 182 -127.7094972067039
 235 -125.6983240223464
 98 -123.6871508379888
 179 -121.6759776536313
 192 -119.6648044692737
 4 -117.6536312849162
 99 -115.6424581005587
 99 -113.6312849162011
 103 -111.6201117318436
 19 -109.608938547486
 18 -107.5977653631285
 14 -105.5865921787709
 10 -103.5754189944134
 2 -101.5642458100559
 0 -99.55307262569832
 2 -97.54189944134077
 2 -95.53072625698323
 1 -93.5195530726257
 7984 -91.50837988826815
 7 -89.49720670391061
 2 -87.48603351955308
 2 -85.47486033519553
 0 -83.46368715083798
 1 -81.45251396648044
 6 -79.44134078212289
 5 -77.43016759776536
 58 -75.41899441340782
 23 -73.40782122905027
 49 -71.39664804469274
 107 -69.38547486033519
 60 -67.37430167597765
 99 -65.3631284916201
 40 -63.35195530726256
 252 -61.34078212290503
 135 -59.32960893854748
 238 -57.31843575418993
 102 -55.3072625698324
 92 -53.29608938547486
 222 -51.28491620111731
 48 -49.27374301675977
 98 -47.26256983240222
 4 -45.25139664804468
 225 -43.24022346368713
 4 -41.22905027932961
 141 -39.21787709497207
 293 -37.20670391061452
 475 -35.19553072625698
 95 -33.18435754189943
 55 -31.17318435754188
 156 -29.16201117318434
 7 -27.15083798882682
 39 -25.13966480446928
 610 -23.12849162011173
 129 -21.11731843575419
 46 -19.10614525139664
 13 -17.09497206703909
 31 -15.08379888268155
 129 -13.072625698324
 11 -11.06145251396646
 552 -9.050279329608941
 0 -7.039106145251395
 124 -5.02793296089385
 15 -3.016759776536304
 1 -1.005586592178759
 21 1.005586592178787
 114 3.016759776536333
 3 5.02793296089385
 511 7.039106145251395
 8 9.050279329608941
 124 11.06145251396649
 36 13.07262569832403
 13 15.08379888268158
 63 17.09497206703912
 107 19.10614525139667
 505 21.11731843575421
 70 23.12849162011173
 77 25.13966480446928
 106 27.15083798882682
 65 29.16201117318437
 235 31.17318435754191
 299 33.18435754189946
 207 35.195530726257
 171 37.20670391061452
 27 39.21787709497207
 335 41.22905027932961
 3 43.24022346368716
 107 45.2513966480447
 62 47.26256983240225
 238 49.27374301675979
 89 51.28491620111734
 187 53.29608938547489
 74 55.3072625698324
 136 57.31843575418995
 248 59.32960893854749
 49 61.34078212290504
 127 63.35195530726259
 74 65.36312849162013
 98 67.37430167597768
 39 69.38547486033519
 22 71.39664804469274
 50 73.40782122905028
 4 75.41899441340783
 10 77.43016759776538
 1 79.44134078212289
 0 81.45251396648047
 2 83.46368715083798
 4 85.47486033519556
 11 87.48603351955308
 7799 89.49720670391065
 2 91.50837988826817
 1 93.51955307262574
 2 95.53072625698326
 1 97.54189944134077
 1 99.55307262569835
 6 101.5642458100559
 30 103.5754189944134
 42 105.586592178771
 23 107.5977653631285
 110 109.608938547486
 128 111.6201117318436
 124 113.6312849162011
 2 115.6424581005587
 193 117.6536312849162
 179 119.6648044692737
 99 121.6759776536313
 177 123.6871508379888
 186 125.6983240223464
 89 127.7094972067039
 146 129.7206703910614
 173 131.731843575419
 0 133.7430167597765
 141 135.7541899441341
 165 137.7653631284916
 100 139.7765363128492
 138 141.7877094972067
 453 143.7988826815642
 106 145.8100558659218
 180 147.8212290502793
 39 149.8324022346369
 165 151.8435754189944
 44 153.854748603352
 448 155.8659217877095
 44 157.8770949720671
 132 159.8882681564246
 80 161.8994413407821
 52 163.9106145251397
 19 165.9217877094972
 116 167.9329608938548
 203 169.9441340782123
 345 171.9553072625699
 1 173.9664804469274
 145 175.9776536312849
 0 177.9888268156425
 0 180


