# Created by Octave 3.8.2, Mon Jun 22 08:44:52 2020 CEST <damian@fptrucha.inv.usc.es>
# name: hd
# type: matrix
# rows: 180
# columns: 2
 2 -180
 168 -177.9888268156425
 2 -175.9776536312849
 381 -173.9664804469274
 219 -171.9553072625698
 119 -169.9441340782123
 32 -167.9329608938548
 42 -165.9217877094972
 70 -163.9106145251397
 159 -161.8994413407821
 45 -159.8882681564246
 535 -157.877094972067
 67 -155.8659217877095
 156 -153.854748603352
 38 -151.8435754189944
 85 -149.8324022346369
 220 -147.8212290502793
 503 -145.8100558659218
 116 -143.7988826815642
 91 -141.7877094972067
 155 -139.7765363128491
 140 -137.7653631284916
 4 -135.7541899441341
 153 -133.7430167597765
 160 -131.731843575419
 88 -129.7206703910614
 174 -127.7094972067039
 202 -125.6983240223464
 90 -123.6871508379888
 176 -121.6759776536313
 173 -119.6648044692737
 2 -117.6536312849162
 108 -115.6424581005587
 117 -113.6312849162011
 124 -111.6201117318436
 22 -109.608938547486
 38 -107.5977653631285
 25 -105.5865921787709
 16 -103.5754189944134
 5 -101.5642458100559
 1 -99.55307262569832
 1 -97.54189944134077
 3 -95.53072625698323
 6 -93.5195530726257
 7666 -91.50837988826815
 13 -89.49720670391061
 6 -87.48603351955308
 1 -85.47486033519553
 0 -83.46368715083798
 6 -81.45251396648044
 5 -79.44134078212289
 10 -77.43016759776536
 43 -75.41899441340782
 25 -73.40782122905027
 52 -71.39664804469274
 121 -69.38547486033519
 75 -67.37430167597765
 111 -65.3631284916201
 58 -63.35195530726256
 233 -61.34078212290503
 144 -59.32960893854748
 202 -57.31843575418993
 82 -55.3072625698324
 76 -53.29608938547486
 233 -51.28491620111731
 61 -49.27374301675977
 110 -47.26256983240222
 0 -45.25139664804468
 303 -43.24022346368713
 5 -41.22905027932961
 148 -39.21787709497207
 250 -37.20670391061452
 425 -35.19553072625698
 117 -33.18435754189943
 65 -31.17318435754188
 175 -29.16201117318434
 9 -27.15083798882682
 75 -25.13966480446928
 516 -23.12849162011173
 122 -21.11731843575419
 43 -19.10614525139664
 9 -17.09497206703909
 40 -15.08379888268155
 138 -13.072625698324
 9 -11.06145251396646
 552 -9.050279329608941
 3 -7.039106145251395
 116 -5.02793296089385
 19 -3.016759776536304
 2 -1.005586592178759
 23 1.005586592178787
 143 3.016759776536333
 6 5.02793296089385
 515 7.039106145251395
 12 9.050279329608941
 176 11.06145251396649
 36 13.07262569832403
 17 15.08379888268158
 61 17.09497206703912
 121 19.10614525139667
 581 21.11731843575421
 49 23.12849162011173
 85 25.13966480446928
 98 27.15083798882682
 67 29.16201117318437
 171 31.17318435754191
 296 33.18435754189946
 245 35.195530726257
 156 37.20670391061452
 43 39.21787709497207
 285 41.22905027932961
 1 43.24022346368716
 126 45.2513966480447
 70 47.26256983240225
 213 49.27374301675979
 91 51.28491620111734
 182 53.29608938547489
 89 55.3072625698324
 137 57.31843575418995
 272 59.32960893854749
 62 61.34078212290504
 125 63.35195530726259
 73 65.36312849162013
 136 67.37430167597768
 53 69.38547486033519
 38 71.39664804469274
 43 73.40782122905028
 14 75.41899441340783
 10 77.43016759776538
 6 79.44134078212289
 0 81.45251396648047
 2 83.46368715083798
 7 85.47486033519556
 17 87.48603351955308
 7431 89.49720670391065
 9 91.50837988826817
 3 93.51955307262574
 2 95.53072625698326
 1 97.54189944134077
 9 99.55307262569835
 17 101.5642458100559
 24 103.5754189944134
 38 105.586592178771
 20 107.5977653631285
 108 109.608938547486
 125 111.6201117318436
 145 113.6312849162011
 4 115.6424581005587
 215 117.6536312849162
 171 119.6648044692737
 103 121.6759776536313
 153 123.6871508379888
 153 125.6983240223464
 71 127.7094972067039
 158 129.7206703910614
 201 131.731843575419
 1 133.7430167597765
 123 135.7541899441341
 155 137.7653631284916
 106 139.7765363128492
 132 141.7877094972067
 479 143.7988826815642
 118 145.8100558659218
 204 147.8212290502793
 50 149.8324022346369
 118 151.8435754189944
 71 153.854748603352
 488 155.8659217877095
 52 157.8770949720671
 121 159.8882681564246
 68 161.8994413407821
 40 163.9106145251397
 19 165.9217877094972
 133 167.9329608938548
 267 169.9441340782123
 360 171.9553072625699
 6 173.9664804469274
 150 175.9776536312849
 8 177.9888268156425
 0 180


