# Created by Octave 3.8.2, Mon Jun 22 16:57:08 2020 CEST <damian@fptrucha.inv.usc.es>
# name: hd
# type: matrix
# rows: 180
# columns: 2
 4 -180
 116 -177.9888268156425
 2 -175.9776536312849
 242 -173.9664804469274
 145 -171.9553072625698
 92 -169.9441340782123
 23 -167.9329608938548
 28 -165.9217877094972
 37 -163.9106145251397
 118 -161.8994413407821
 21 -159.8882681564246
 373 -157.877094972067
 60 -155.8659217877095
 87 -153.854748603352
 22 -151.8435754189944
 58 -149.8324022346369
 151 -147.8212290502793
 384 -145.8100558659218
 97 -143.7988826815642
 66 -141.7877094972067
 106 -139.7765363128491
 87 -137.7653631284916
 1 -135.7541899441341
 102 -133.7430167597765
 109 -131.731843575419
 58 -129.7206703910614
 112 -127.7094972067039
 158 -125.6983240223464
 50 -123.6871508379888
 108 -121.6759776536313
 128 -119.6648044692737
 3 -117.6536312849162
 81 -115.6424581005587
 75 -113.6312849162011
 74 -111.6201117318436
 12 -109.608938547486
 37 -107.5977653631285
 14 -105.5865921787709
 13 -103.5754189944134
 3 -101.5642458100559
 0 -99.55307262569832
 3 -97.54189944134077
 2 -95.53072625698323
 3 -93.5195530726257
 5375 -91.50837988826815
 11 -89.49720670391061
 3 -87.48603351955308
 2 -85.47486033519553
 0 -83.46368715083798
 1 -81.45251396648044
 3 -79.44134078212289
 6 -77.43016759776536
 36 -75.41899441340782
 19 -73.40782122905027
 36 -71.39664804469274
 73 -69.38547486033519
 55 -67.37430167597765
 92 -65.3631284916201
 43 -63.35195530726256
 159 -61.34078212290503
 108 -59.32960893854748
 116 -57.31843575418993
 60 -55.3072625698324
 43 -53.29608938547486
 152 -51.28491620111731
 40 -49.27374301675977
 73 -47.26256983240222
 1 -45.25139664804468
 210 -43.24022346368713
 6 -41.22905027932961
 121 -39.21787709497207
 188 -37.20670391061452
 278 -35.19553072625698
 80 -33.18435754189943
 45 -31.17318435754188
 110 -29.16201117318434
 8 -27.15083798882682
 34 -25.13966480446928
 437 -23.12849162011173
 87 -21.11731843575419
 44 -19.10614525139664
 13 -17.09497206703909
 20 -15.08379888268155
 104 -13.072625698324
 5 -11.06145251396646
 370 -9.050279329608941
 0 -7.039106145251395
 97 -5.02793296089385
 18 -3.016759776536304
 3 -1.005586592178759
 15 1.005586592178787
 77 3.016759776536333
 5 5.02793296089385
 368 7.039106145251395
 4 9.050279329608941
 92 11.06145251396649
 24 13.07262569832403
 11 15.08379888268158
 29 17.09497206703912
 84 19.10614525139667
 362 21.11731843575421
 39 23.12849162011173
 65 25.13966480446928
 69 27.15083798882682
 47 29.16201117318437
 125 31.17318435754191
 229 33.18435754189946
 175 35.195530726257
 87 37.20670391061452
 28 39.21787709497207
 200 41.22905027932961
 1 43.24022346368716
 108 45.2513966480447
 46 47.26256983240225
 155 49.27374301675979
 65 51.28491620111734
 143 53.29608938547489
 61 55.3072625698324
 97 57.31843575418995
 193 59.32960893854749
 43 61.34078212290504
 77 63.35195530726259
 58 65.36312849162013
 81 67.37430167597768
 29 69.38547486033519
 26 71.39664804469274
 45 73.40782122905028
 5 75.41899441340783
 6 77.43016759776538
 5 79.44134078212289
 0 81.45251396648047
 1 83.46368715083798
 5 85.47486033519556
 12 87.48603351955308
 5108 89.49720670391065
 8 91.50837988826817
 8 93.51955307262574
 1 95.53072625698326
 1 97.54189944134077
 2 99.55307262569835
 16 101.5642458100559
 21 103.5754189944134
 29 105.586592178771
 9 107.5977653631285
 76 109.608938547486
 94 111.6201117318436
 106 113.6312849162011
 1 115.6424581005587
 142 117.6536312849162
 122 119.6648044692737
 55 121.6759776536313
 124 123.6871508379888
 137 125.6983240223464
 56 127.7094972067039
 125 129.7206703910614
 129 131.731843575419
 0 133.7430167597765
 82 135.7541899441341
 125 137.7653631284916
 74 139.7765363128492
 95 141.7877094972067
 340 143.7988826815642
 67 145.8100558659218
 129 147.8212290502793
 35 149.8324022346369
 95 151.8435754189944
 43 153.854748603352
 327 155.8659217877095
 37 157.8770949720671
 89 159.8882681564246
 55 161.8994413407821
 45 163.9106145251397
 12 165.9217877094972
 78 167.9329608938548
 164 169.9441340782123
 247 171.9553072625699
 4 173.9664804469274
 103 175.9776536312849
 6 177.9888268156425
 0 180


