# Created by Octave 3.8.2, Mon Jun 22 15:06:17 2020 CEST <damian@fptrucha.inv.usc.es>
# name: hd
# type: matrix
# rows: 180
# columns: 2
 4 -180
 211 -177.9888268156425
 2 -175.9776536312849
 383 -173.9664804469274
 221 -171.9553072625698
 143 -169.9441340782123
 46 -167.9329608938548
 38 -165.9217877094972
 80 -163.9106145251397
 171 -161.8994413407821
 45 -159.8882681564246
 576 -157.877094972067
 74 -155.8659217877095
 141 -153.854748603352
 32 -151.8435754189944
 80 -149.8324022346369
 237 -147.8212290502793
 560 -145.8100558659218
 132 -143.7988826815642
 98 -141.7877094972067
 192 -139.7765363128491
 119 -137.7653631284916
 5 -135.7541899441341
 190 -133.7430167597765
 166 -131.731843575419
 78 -129.7206703910614
 178 -127.7094972067039
 233 -125.6983240223464
 104 -123.6871508379888
 199 -121.6759776536313
 174 -119.6648044692737
 4 -117.6536312849162
 118 -115.6424581005587
 130 -113.6312849162011
 120 -111.6201117318436
 32 -109.608938547486
 44 -107.5977653631285
 30 -105.5865921787709
 17 -103.5754189944134
 5 -101.5642458100559
 0 -99.55307262569832
 1 -97.54189944134077
 3 -95.53072625698323
 7 -93.5195530726257
 8202 -91.50837988826815
 11 -89.49720670391061
 9 -87.48603351955308
 2 -85.47486033519553
 0 -83.46368715083798
 3 -81.45251396648044
 7 -79.44134078212289
 16 -77.43016759776536
 42 -75.41899441340782
 31 -73.40782122905027
 64 -71.39664804469274
 121 -69.38547486033519
 88 -67.37430167597765
 107 -65.3631284916201
 57 -63.35195530726256
 254 -61.34078212290503
 128 -59.32960893854748
 212 -57.31843575418993
 89 -55.3072625698324
 93 -53.29608938547486
 232 -51.28491620111731
 66 -49.27374301675977
 85 -47.26256983240222
 2 -45.25139664804468
 276 -43.24022346368713
 1 -41.22905027932961
 193 -39.21787709497207
 300 -37.20670391061452
 424 -35.19553072625698
 121 -33.18435754189943
 53 -31.17318435754188
 180 -29.16201117318434
 11 -27.15083798882682
 59 -25.13966480446928
 568 -23.12849162011173
 135 -21.11731843575419
 54 -19.10614525139664
 8 -17.09497206703909
 47 -15.08379888268155
 166 -13.072625698324
 9 -11.06145251396646
 575 -9.050279329608941
 3 -7.039106145251395
 133 -5.02793296089385
 19 -3.016759776536304
 1 -1.005586592178759
 32 1.005586592178787
 127 3.016759776536333
 4 5.02793296089385
 589 7.039106145251395
 7 9.050279329608941
 137 11.06145251396649
 53 13.07262569832403
 19 15.08379888268158
 51 17.09497206703912
 119 19.10614525139667
 611 21.11731843575421
 71 23.12849162011173
 68 25.13966480446928
 100 27.15083798882682
 58 29.16201117318437
 207 31.17318435754191
 342 33.18435754189946
 262 35.195530726257
 173 37.20670391061452
 48 39.21787709497207
 332 41.22905027932961
 4 43.24022346368716
 120 45.2513966480447
 76 47.26256983240225
 231 49.27374301675979
 86 51.28491620111734
 201 53.29608938547489
 100 55.3072625698324
 136 57.31843575418995
 275 59.32960893854749
 63 61.34078212290504
 121 63.35195530726259
 86 65.36312849162013
 122 67.37430167597768
 53 69.38547486033519
 34 71.39664804469274
 52 73.40782122905028
 9 75.41899441340783
 12 77.43016759776538
 4 79.44134078212289
 1 81.45251396648047
 3 83.46368715083798
 2 85.47486033519556
 17 87.48603351955308
 7792 89.49720670391065
 11 91.50837988826817
 4 93.51955307262574
 0 95.53072625698326
 1 97.54189944134077
 2 99.55307262569835
 28 101.5642458100559
 38 103.5754189944134
 50 105.586592178771
 25 107.5977653631285
 144 109.608938547486
 135 111.6201117318436
 119 113.6312849162011
 3 115.6424581005587
 230 117.6536312849162
 205 119.6648044692737
 95 121.6759776536313
 188 123.6871508379888
 182 125.6983240223464
 97 127.7094972067039
 169 129.7206703910614
 185 131.731843575419
 3 133.7430167597765
 138 135.7541899441341
 195 137.7653631284916
 120 139.7765363128492
 150 141.7877094972067
 472 143.7988826815642
 119 145.8100558659218
 233 147.8212290502793
 49 149.8324022346369
 135 151.8435754189944
 71 153.854748603352
 470 155.8659217877095
 59 157.8770949720671
 157 159.8882681564246
 71 161.8994413407821
 43 163.9106145251397
 20 165.9217877094972
 140 167.9329608938548
 246 169.9441340782123
 348 171.9553072625699
 6 173.9664804469274
 189 175.9776536312849
 5 177.9888268156425
 0 180


