# Created by Octave 3.8.2, Sat Jun 20 07:48:51 2020 CEST <damian@fptrucha.inv.usc.es>
# name: hd
# type: matrix
# rows: 180
# columns: 2
 2 -180
 134 -177.9888268156425
 2 -175.9776536312849
 254 -173.9664804469274
 187 -171.9553072625698
 116 -169.9441340782123
 24 -167.9329608938548
 37 -165.9217877094972
 42 -163.9106145251397
 120 -161.8994413407821
 25 -159.8882681564246
 456 -157.877094972067
 48 -155.8659217877095
 110 -153.854748603352
 33 -151.8435754189944
 56 -149.8324022346369
 160 -147.8212290502793
 484 -145.8100558659218
 90 -143.7988826815642
 59 -141.7877094972067
 122 -139.7765363128491
 84 -137.7653631284916
 0 -135.7541899441341
 131 -133.7430167597765
 128 -131.731843575419
 65 -129.7206703910614
 131 -127.7094972067039
 182 -125.6983240223464
 68 -123.6871508379888
 142 -121.6759776536313
 150 -119.6648044692737
 2 -117.6536312849162
 101 -115.6424581005587
 97 -113.6312849162011
 124 -111.6201117318436
 14 -109.608938547486
 27 -107.5977653631285
 19 -105.5865921787709
 13 -103.5754189944134
 4 -101.5642458100559
 0 -99.55307262569832
 2 -97.54189944134077
 2 -95.53072625698323
 3 -93.5195530726257
 6130 -91.50837988826815
 9 -89.49720670391061
 1 -87.48603351955308
 0 -85.47486033519553
 1 -83.46368715083798
 2 -81.45251396648044
 9 -79.44134078212289
 1 -77.43016759776536
 40 -75.41899441340782
 21 -73.40782122905027
 52 -71.39664804469274
 85 -69.38547486033519
 62 -67.37430167597765
 74 -65.3631284916201
 38 -63.35195530726256
 215 -61.34078212290503
 117 -59.32960893854748
 164 -57.31843575418993
 57 -55.3072625698324
 63 -53.29608938547486
 154 -51.28491620111731
 41 -49.27374301675977
 71 -47.26256983240222
 2 -45.25139664804468
 214 -43.24022346368713
 1 -41.22905027932961
 100 -39.21787709497207
 223 -37.20670391061452
 319 -35.19553072625698
 85 -33.18435754189943
 48 -31.17318435754188
 125 -29.16201117318434
 6 -27.15083798882682
 33 -25.13966480446928
 462 -23.12849162011173
 106 -21.11731843575419
 45 -19.10614525139664
 9 -17.09497206703909
 31 -15.08379888268155
 126 -13.072625698324
 3 -11.06145251396646
 420 -9.050279329608941
 2 -7.039106145251395
 68 -5.02793296089385
 19 -3.016759776536304
 0 -1.005586592178759
 18 1.005586592178787
 91 3.016759776536333
 0 5.02793296089385
 372 7.039106145251395
 5 9.050279329608941
 112 11.06145251396649
 38 13.07262569832403
 7 15.08379888268158
 43 17.09497206703912
 65 19.10614525139667
 388 21.11731843575421
 32 23.12849162011173
 75 25.13966480446928
 69 27.15083798882682
 41 29.16201117318437
 148 31.17318435754191
 217 33.18435754189946
 171 35.195530726257
 103 37.20670391061452
 22 39.21787709497207
 204 41.22905027932961
 1 43.24022346368716
 88 45.2513966480447
 34 47.26256983240225
 153 49.27374301675979
 76 51.28491620111734
 143 53.29608938547489
 48 55.3072625698324
 92 57.31843575418995
 164 59.32960893854749
 43 61.34078212290504
 96 63.35195530726259
 43 65.36312849162013
 64 67.37430167597768
 32 69.38547486033519
 22 71.39664804469274
 39 73.40782122905028
 14 75.41899441340783
 5 77.43016759776538
 0 79.44134078212289
 0 81.45251396648047
 1 83.46368715083798
 1 85.47486033519556
 4 87.48603351955308
 5455 89.49720670391065
 7 91.50837988826817
 1 93.51955307262574
 2 95.53072625698326
 1 97.54189944134077
 3 99.55307262569835
 5 101.5642458100559
 15 103.5754189944134
 25 105.586592178771
 13 107.5977653631285
 81 109.608938547486
 86 111.6201117318436
 91 113.6312849162011
 6 115.6424581005587
 127 117.6536312849162
 118 119.6648044692737
 64 121.6759776536313
 125 123.6871508379888
 136 125.6983240223464
 62 127.7094972067039
 116 129.7206703910614
 117 131.731843575419
 1 133.7430167597765
 91 135.7541899441341
 116 137.7653631284916
 76 139.7765363128492
 115 141.7877094972067
 390 143.7988826815642
 81 145.8100558659218
 133 147.8212290502793
 37 149.8324022346369
 118 151.8435754189944
 45 153.854748603352
 370 155.8659217877095
 42 157.8770949720671
 109 159.8882681564246
 48 161.8994413407821
 33 163.9106145251397
 11 165.9217877094972
 114 167.9329608938548
 173 169.9441340782123
 242 171.9553072625699
 3 173.9664804469274
 116 175.9776536312849
 2 177.9888268156425
 0 180


