# Created by Octave 3.8.2, Mon Jun 22 22:42:46 2020 CEST <damian@fptrucha.inv.usc.es>
# name: hd
# type: matrix
# rows: 180
# columns: 2
 5 -180
 180 -177.9888268156425
 6 -175.9776536312849
 411 -173.9664804469274
 247 -171.9553072625698
 143 -169.9441340782123
 32 -167.9329608938548
 48 -165.9217877094972
 70 -163.9106145251397
 156 -161.8994413407821
 52 -159.8882681564246
 658 -157.877094972067
 87 -155.8659217877095
 124 -153.854748603352
 53 -151.8435754189944
 89 -149.8324022346369
 240 -147.8212290502793
 620 -145.8100558659218
 157 -143.7988826815642
 105 -141.7877094972067
 186 -139.7765363128491
 116 -137.7653631284916
 6 -135.7541899441341
 178 -133.7430167597765
 184 -131.731843575419
 93 -129.7206703910614
 194 -127.7094972067039
 262 -125.6983240223464
 106 -123.6871508379888
 198 -121.6759776536313
 219 -119.6648044692737
 5 -117.6536312849162
 99 -115.6424581005587
 135 -113.6312849162011
 140 -111.6201117318436
 26 -109.608938547486
 37 -107.5977653631285
 31 -105.5865921787709
 9 -103.5754189944134
 3 -101.5642458100559
 2 -99.55307262569832
 1 -97.54189944134077
 3 -95.53072625698323
 5 -93.5195530726257
 8612 -91.50837988826815
 9 -89.49720670391061
 2 -87.48603351955308
 1 -85.47486033519553
 2 -83.46368715083798
 2 -81.45251396648044
 6 -79.44134078212289
 7 -77.43016759776536
 59 -75.41899441340782
 36 -73.40782122905027
 46 -71.39664804469274
 134 -69.38547486033519
 72 -67.37430167597765
 127 -65.3631284916201
 68 -63.35195530726256
 297 -61.34078212290503
 146 -59.32960893854748
 218 -57.31843575418993
 127 -55.3072625698324
 78 -53.29608938547486
 234 -51.28491620111731
 73 -49.27374301675977
 111 -47.26256983240222
 5 -45.25139664804468
 316 -43.24022346368713
 5 -41.22905027932961
 177 -39.21787709497207
 301 -37.20670391061452
 479 -35.19553072625698
 137 -33.18435754189943
 73 -31.17318435754188
 179 -29.16201117318434
 13 -27.15083798882682
 63 -25.13966480446928
 600 -23.12849162011173
 162 -21.11731843575419
 57 -19.10614525139664
 16 -17.09497206703909
 45 -15.08379888268155
 178 -13.072625698324
 10 -11.06145251396646
 588 -9.050279329608941
 7 -7.039106145251395
 152 -5.02793296089385
 15 -3.016759776536304
 3 -1.005586592178759
 21 1.005586592178787
 128 3.016759776536333
 2 5.02793296089385
 573 7.039106145251395
 7 9.050279329608941
 142 11.06145251396649
 37 13.07262569832403
 15 15.08379888268158
 69 17.09497206703912
 123 19.10614525139667
 591 21.11731843575421
 63 23.12849162011173
 71 25.13966480446928
 105 27.15083798882682
 60 29.16201117318437
 197 31.17318435754191
 325 33.18435754189946
 266 35.195530726257
 177 37.20670391061452
 43 39.21787709497207
 280 41.22905027932961
 0 43.24022346368716
 122 45.2513966480447
 75 47.26256983240225
 218 49.27374301675979
 72 51.28491620111734
 211 53.29608938547489
 87 55.3072625698324
 166 57.31843575418995
 286 59.32960893854749
 54 61.34078212290504
 146 63.35195530726259
 77 65.36312849162013
 117 67.37430167597768
 58 69.38547486033519
 36 71.39664804469274
 57 73.40782122905028
 11 75.41899441340783
 9 77.43016759776538
 3 79.44134078212289
 0 81.45251396648047
 1 83.46368715083798
 3 85.47486033519556
 16 87.48603351955308
 7919 89.49720670391065
 10 91.50837988826817
 6 93.51955307262574
 5 95.53072625698326
 0 97.54189944134077
 4 99.55307262569835
 22 101.5642458100559
 32 103.5754189944134
 47 105.586592178771
 32 107.5977653631285
 122 109.608938547486
 133 111.6201117318436
 135 113.6312849162011
 3 115.6424581005587
 229 117.6536312849162
 204 119.6648044692737
 101 121.6759776536313
 175 123.6871508379888
 186 125.6983240223464
 82 127.7094972067039
 149 129.7206703910614
 200 131.731843575419
 2 133.7430167597765
 135 135.7541899441341
 190 137.7653631284916
 112 139.7765363128492
 162 141.7877094972067
 554 143.7988826815642
 131 145.8100558659218
 204 147.8212290502793
 47 149.8324022346369
 147 151.8435754189944
 64 153.854748603352
 499 155.8659217877095
 52 157.8770949720671
 139 159.8882681564246
 69 161.8994413407821
 43 163.9106145251397
 30 165.9217877094972
 136 167.9329608938548
 221 169.9441340782123
 359 171.9553072625699
 1 173.9664804469274
 179 175.9776536312849
 3 177.9888268156425
 0 180


