# Created by Octave 3.8.2, Sun Jun 21 04:48:34 2020 CEST <damian@fptrucha.inv.usc.es>
# name: hd
# type: matrix
# rows: 180
# columns: 2
 3 -180
 171 -177.9888268156425
 3 -175.9776536312849
 396 -173.9664804469274
 235 -171.9553072625698
 141 -169.9441340782123
 43 -167.9329608938548
 44 -165.9217877094972
 57 -163.9106145251397
 148 -161.8994413407821
 44 -159.8882681564246
 609 -157.877094972067
 63 -155.8659217877095
 116 -153.854748603352
 39 -151.8435754189944
 74 -149.8324022346369
 223 -147.8212290502793
 642 -145.8100558659218
 134 -143.7988826815642
 78 -141.7877094972067
 153 -139.7765363128491
 110 -137.7653631284916
 1 -135.7541899441341
 174 -133.7430167597765
 158 -131.731843575419
 88 -129.7206703910614
 172 -127.7094972067039
 222 -125.6983240223464
 84 -123.6871508379888
 200 -121.6759776536313
 154 -119.6648044692737
 1 -117.6536312849162
 101 -115.6424581005587
 114 -113.6312849162011
 108 -111.6201117318436
 17 -109.608938547486
 30 -107.5977653631285
 24 -105.5865921787709
 9 -103.5754189944134
 1 -101.5642458100559
 0 -99.55307262569832
 1 -97.54189944134077
 2 -95.53072625698323
 2 -93.5195530726257
 8051 -91.50837988826815
 9 -89.49720670391061
 8 -87.48603351955308
 0 -85.47486033519553
 0 -83.46368715083798
 3 -81.45251396648044
 5 -79.44134078212289
 7 -77.43016759776536
 42 -75.41899441340782
 35 -73.40782122905027
 39 -71.39664804469274
 124 -69.38547486033519
 79 -67.37430167597765
 108 -65.3631284916201
 42 -63.35195530726256
 282 -61.34078212290503
 155 -59.32960893854748
 209 -57.31843575418993
 109 -55.3072625698324
 77 -53.29608938547486
 253 -51.28491620111731
 52 -49.27374301675977
 105 -47.26256983240222
 2 -45.25139664804468
 285 -43.24022346368713
 3 -41.22905027932961
 149 -39.21787709497207
 318 -37.20670391061452
 451 -35.19553072625698
 101 -33.18435754189943
 58 -31.17318435754188
 110 -29.16201117318434
 10 -27.15083798882682
 60 -25.13966480446928
 602 -23.12849162011173
 157 -21.11731843575419
 53 -19.10614525139664
 11 -17.09497206703909
 32 -15.08379888268155
 161 -13.072625698324
 3 -11.06145251396646
 575 -9.050279329608941
 1 -7.039106145251395
 126 -5.02793296089385
 17 -3.016759776536304
 3 -1.005586592178759
 16 1.005586592178787
 136 3.016759776536333
 2 5.02793296089385
 518 7.039106145251395
 1 9.050279329608941
 138 11.06145251396649
 56 13.07262569832403
 10 15.08379888268158
 67 17.09497206703912
 121 19.10614525139667
 508 21.11731843575421
 64 23.12849162011173
 85 25.13966480446928
 101 27.15083798882682
 53 29.16201117318437
 225 31.17318435754191
 331 33.18435754189946
 267 35.195530726257
 146 37.20670391061452
 34 39.21787709497207
 292 41.22905027932961
 2 43.24022346368716
 105 45.2513966480447
 55 47.26256983240225
 224 49.27374301675979
 81 51.28491620111734
 204 53.29608938547489
 66 55.3072625698324
 126 57.31843575418995
 248 59.32960893854749
 73 61.34078212290504
 115 63.35195530726259
 71 65.36312849162013
 116 67.37430167597768
 52 69.38547486033519
 24 71.39664804469274
 51 73.40782122905028
 5 75.41899441340783
 6 77.43016759776538
 1 79.44134078212289
 1 81.45251396648047
 1 83.46368715083798
 1 85.47486033519556
 9 87.48603351955308
 7559 89.49720670391065
 2 91.50837988826817
 2 93.51955307262574
 4 95.53072625698326
 1 97.54189944134077
 3 99.55307262569835
 5 101.5642458100559
 14 103.5754189944134
 35 105.586592178771
 16 107.5977653631285
 110 109.608938547486
 107 111.6201117318436
 99 113.6312849162011
 1 115.6424581005587
 201 117.6536312849162
 159 119.6648044692737
 95 121.6759776536313
 170 123.6871508379888
 163 125.6983240223464
 76 127.7094972067039
 130 129.7206703910614
 181 131.731843575419
 1 133.7430167597765
 132 135.7541899441341
 155 137.7653631284916
 90 139.7765363128492
 136 141.7877094972067
 438 143.7988826815642
 136 145.8100558659218
 202 147.8212290502793
 38 149.8324022346369
 171 151.8435754189944
 54 153.854748603352
 461 155.8659217877095
 43 157.8770949720671
 128 159.8882681564246
 75 161.8994413407821
 53 163.9106145251397
 24 165.9217877094972
 111 167.9329608938548
 239 169.9441340782123
 315 171.9553072625699
 7 173.9664804469274
 125 175.9776536312849
 2 177.9888268156425
 0 180


