# Created by Octave 3.8.2, Mon Jun 22 14:42:29 2020 CEST <damian@fptrucha.inv.usc.es>
# name: hd
# type: matrix
# rows: 180
# columns: 2
 5 -180
 169 -177.9888268156425
 6 -175.9776536312849
 372 -173.9664804469274
 259 -171.9553072625698
 155 -169.9441340782123
 43 -167.9329608938548
 43 -165.9217877094972
 62 -163.9106145251397
 119 -161.8994413407821
 61 -159.8882681564246
 619 -157.877094972067
 68 -155.8659217877095
 144 -153.854748603352
 41 -151.8435754189944
 77 -149.8324022346369
 220 -147.8212290502793
 523 -145.8100558659218
 143 -143.7988826815642
 84 -141.7877094972067
 162 -139.7765363128491
 120 -137.7653631284916
 1 -135.7541899441341
 162 -133.7430167597765
 158 -131.731843575419
 70 -129.7206703910614
 176 -127.7094972067039
 219 -125.6983240223464
 84 -123.6871508379888
 170 -121.6759776536313
 205 -119.6648044692737
 6 -117.6536312849162
 115 -115.6424581005587
 111 -113.6312849162011
 123 -111.6201117318436
 21 -109.608938547486
 42 -107.5977653631285
 22 -105.5865921787709
 11 -103.5754189944134
 2 -101.5642458100559
 1 -99.55307262569832
 1 -97.54189944134077
 7 -95.53072625698323
 8 -93.5195530726257
 8175 -91.50837988826815
 16 -89.49720670391061
 4 -87.48603351955308
 0 -85.47486033519553
 1 -83.46368715083798
 3 -81.45251396648044
 9 -79.44134078212289
 6 -77.43016759776536
 61 -75.41899441340782
 30 -73.40782122905027
 52 -71.39664804469274
 99 -69.38547486033519
 75 -67.37430167597765
 103 -65.3631284916201
 74 -63.35195530726256
 256 -61.34078212290503
 155 -59.32960893854748
 239 -57.31843575418993
 88 -55.3072625698324
 90 -53.29608938547486
 232 -51.28491620111731
 66 -49.27374301675977
 119 -47.26256983240222
 4 -45.25139664804468
 289 -43.24022346368713
 5 -41.22905027932961
 160 -39.21787709497207
 303 -37.20670391061452
 406 -35.19553072625698
 116 -33.18435754189943
 63 -31.17318435754188
 172 -29.16201117318434
 7 -27.15083798882682
 56 -25.13966480446928
 556 -23.12849162011173
 145 -21.11731843575419
 64 -19.10614525139664
 16 -17.09497206703909
 49 -15.08379888268155
 164 -13.072625698324
 13 -11.06145251396646
 587 -9.050279329608941
 3 -7.039106145251395
 142 -5.02793296089385
 23 -3.016759776536304
 7 -1.005586592178759
 13 1.005586592178787
 134 3.016759776536333
 1 5.02793296089385
 598 7.039106145251395
 10 9.050279329608941
 142 11.06145251396649
 54 13.07262569832403
 11 15.08379888268158
 61 17.09497206703912
 129 19.10614525139667
 509 21.11731843575421
 65 23.12849162011173
 92 25.13966480446928
 103 27.15083798882682
 66 29.16201117318437
 224 31.17318435754191
 338 33.18435754189946
 257 35.195530726257
 169 37.20670391061452
 32 39.21787709497207
 255 41.22905027932961
 2 43.24022346368716
 141 45.2513966480447
 72 47.26256983240225
 264 49.27374301675979
 91 51.28491620111734
 201 53.29608938547489
 88 55.3072625698324
 158 57.31843575418995
 276 59.32960893854749
 55 61.34078212290504
 137 63.35195530726259
 78 65.36312849162013
 119 67.37430167597768
 61 69.38547486033519
 28 71.39664804469274
 42 73.40782122905028
 5 75.41899441340783
 13 77.43016759776538
 2 79.44134078212289
 2 81.45251396648047
 1 83.46368715083798
 4 85.47486033519556
 9 87.48603351955308
 7697 89.49720670391065
 7 91.50837988826817
 5 93.51955307262574
 1 95.53072625698326
 1 97.54189944134077
 5 99.55307262569835
 12 101.5642458100559
 22 103.5754189944134
 28 105.586592178771
 25 107.5977653631285
 125 109.608938547486
 129 111.6201117318436
 134 113.6312849162011
 4 115.6424581005587
 196 117.6536312849162
 162 119.6648044692737
 107 121.6759776536313
 195 123.6871508379888
 170 125.6983240223464
 71 127.7094972067039
 169 129.7206703910614
 195 131.731843575419
 2 133.7430167597765
 144 135.7541899441341
 174 137.7653631284916
 120 139.7765363128492
 145 141.7877094972067
 525 143.7988826815642
 109 145.8100558659218
 203 147.8212290502793
 57 149.8324022346369
 142 151.8435754189944
 82 153.854748603352
 519 155.8659217877095
 64 157.8770949720671
 149 159.8882681564246
 74 161.8994413407821
 48 163.9106145251397
 20 165.9217877094972
 131 167.9329608938548
 224 169.9441340782123
 364 171.9553072625699
 6 173.9664804469274
 173 175.9776536312849
 5 177.9888268156425
 0 180


