# Created by Octave 3.8.2, Mon Jun 22 19:09:03 2020 CEST <damian@fptrucha.inv.usc.es>
# name: hd
# type: matrix
# rows: 180
# columns: 2
 7 -180
 172 -177.9888268156425
 4 -175.9776536312849
 382 -173.9664804469274
 250 -171.9553072625698
 166 -169.9441340782123
 36 -167.9329608938548
 37 -165.9217877094972
 59 -163.9106145251397
 180 -161.8994413407821
 49 -159.8882681564246
 591 -157.877094972067
 63 -155.8659217877095
 137 -153.854748603352
 51 -151.8435754189944
 80 -149.8324022346369
 242 -147.8212290502793
 606 -145.8100558659218
 137 -143.7988826815642
 105 -141.7877094972067
 195 -139.7765363128491
 138 -137.7653631284916
 2 -135.7541899441341
 161 -133.7430167597765
 189 -131.731843575419
 77 -129.7206703910614
 182 -127.7094972067039
 262 -125.6983240223464
 127 -123.6871508379888
 165 -121.6759776536313
 244 -119.6648044692737
 7 -117.6536312849162
 131 -115.6424581005587
 131 -113.6312849162011
 137 -111.6201117318436
 16 -109.608938547486
 38 -107.5977653631285
 28 -105.5865921787709
 21 -103.5754189944134
 6 -101.5642458100559
 2 -99.55307262569832
 2 -97.54189944134077
 3 -95.53072625698323
 10 -93.5195530726257
 8448 -91.50837988826815
 12 -89.49720670391061
 5 -87.48603351955308
 3 -85.47486033519553
 0 -83.46368715083798
 7 -81.45251396648044
 10 -79.44134078212289
 15 -77.43016759776536
 55 -75.41899441340782
 34 -73.40782122905027
 65 -71.39664804469274
 157 -69.38547486033519
 75 -67.37430167597765
 131 -65.3631284916201
 58 -63.35195530726256
 276 -61.34078212290503
 151 -59.32960893854748
 233 -57.31843575418993
 113 -55.3072625698324
 69 -53.29608938547486
 243 -51.28491620111731
 76 -49.27374301675977
 148 -47.26256983240222
 6 -45.25139664804468
 279 -43.24022346368713
 3 -41.22905027932961
 178 -39.21787709497207
 301 -37.20670391061452
 490 -35.19553072625698
 123 -33.18435754189943
 57 -31.17318435754188
 172 -29.16201117318434
 18 -27.15083798882682
 58 -25.13966480446928
 602 -23.12849162011173
 149 -21.11731843575419
 51 -19.10614525139664
 7 -17.09497206703909
 49 -15.08379888268155
 158 -13.072625698324
 12 -11.06145251396646
 648 -9.050279329608941
 3 -7.039106145251395
 126 -5.02793296089385
 31 -3.016759776536304
 2 -1.005586592178759
 24 1.005586592178787
 156 3.016759776536333
 5 5.02793296089385
 580 7.039106145251395
 9 9.050279329608941
 131 11.06145251396649
 38 13.07262569832403
 19 15.08379888268158
 49 17.09497206703912
 133 19.10614525139667
 566 21.11731843575421
 51 23.12849162011173
 77 25.13966480446928
 113 27.15083798882682
 63 29.16201117318437
 204 31.17318435754191
 340 33.18435754189946
 244 35.195530726257
 177 37.20670391061452
 39 39.21787709497207
 308 41.22905027932961
 4 43.24022346368716
 134 45.2513966480447
 76 47.26256983240225
 267 49.27374301675979
 73 51.28491620111734
 188 53.29608938547489
 86 55.3072625698324
 162 57.31843575418995
 270 59.32960893854749
 61 61.34078212290504
 115 63.35195530726259
 63 65.36312849162013
 107 67.37430167597768
 52 69.38547486033519
 37 71.39664804469274
 54 73.40782122905028
 5 75.41899441340783
 10 77.43016759776538
 4 79.44134078212289
 1 81.45251396648047
 0 83.46368715083798
 12 85.47486033519556
 19 87.48603351955308
 7735 89.49720670391065
 10 91.50837988826817
 3 93.51955307262574
 2 95.53072625698326
 0 97.54189944134077
 4 99.55307262569835
 11 101.5642458100559
 26 103.5754189944134
 37 105.586592178771
 25 107.5977653631285
 126 109.608938547486
 112 111.6201117318436
 124 113.6312849162011
 4 115.6424581005587
 195 117.6536312849162
 197 119.6648044692737
 90 121.6759776536313
 188 123.6871508379888
 191 125.6983240223464
 76 127.7094972067039
 186 129.7206703910614
 176 131.731843575419
 1 133.7430167597765
 116 135.7541899441341
 193 137.7653631284916
 96 139.7765363128492
 137 141.7877094972067
 485 143.7988826815642
 109 145.8100558659218
 181 147.8212290502793
 40 149.8324022346369
 120 151.8435754189944
 64 153.854748603352
 502 155.8659217877095
 57 157.8770949720671
 122 159.8882681564246
 61 161.8994413407821
 54 163.9106145251397
 17 165.9217877094972
 124 167.9329608938548
 242 169.9441340782123
 339 171.9553072625699
 2 173.9664804469274
 167 175.9776536312849
 4 177.9888268156425
 0 180


