# Created by Octave 3.8.2, Mon Jun 22 11:33:44 2020 CEST <damian@fptrucha.inv.usc.es>
# name: hd
# type: matrix
# rows: 180
# columns: 2
 7 -180
 158 -177.9888268156425
 3 -175.9776536312849
 379 -173.9664804469274
 232 -171.9553072625698
 136 -169.9441340782123
 23 -167.9329608938548
 48 -165.9217877094972
 66 -163.9106145251397
 157 -161.8994413407821
 47 -159.8882681564246
 560 -157.877094972067
 55 -155.8659217877095
 125 -153.854748603352
 40 -151.8435754189944
 87 -149.8324022346369
 214 -147.8212290502793
 552 -145.8100558659218
 145 -143.7988826815642
 101 -141.7877094972067
 166 -139.7765363128491
 129 -137.7653631284916
 6 -135.7541899441341
 179 -133.7430167597765
 179 -131.731843575419
 75 -129.7206703910614
 152 -127.7094972067039
 210 -125.6983240223464
 92 -123.6871508379888
 159 -121.6759776536313
 218 -119.6648044692737
 4 -117.6536312849162
 129 -115.6424581005587
 116 -113.6312849162011
 134 -111.6201117318436
 21 -109.608938547486
 39 -107.5977653631285
 21 -105.5865921787709
 16 -103.5754189944134
 7 -101.5642458100559
 1 -99.55307262569832
 6 -97.54189944134077
 3 -95.53072625698323
 9 -93.5195530726257
 7660 -91.50837988826815
 18 -89.49720670391061
 1 -87.48603351955308
 2 -85.47486033519553
 1 -83.46368715083798
 5 -81.45251396648044
 9 -79.44134078212289
 7 -77.43016759776536
 52 -75.41899441340782
 29 -73.40782122905027
 48 -71.39664804469274
 120 -69.38547486033519
 72 -67.37430167597765
 105 -65.3631284916201
 68 -63.35195530726256
 262 -61.34078212290503
 134 -59.32960893854748
 213 -57.31843575418993
 93 -55.3072625698324
 70 -53.29608938547486
 212 -51.28491620111731
 53 -49.27374301675977
 110 -47.26256983240222
 0 -45.25139664804468
 261 -43.24022346368713
 8 -41.22905027932961
 169 -39.21787709497207
 266 -37.20670391061452
 423 -35.19553072625698
 117 -33.18435754189943
 70 -31.17318435754188
 157 -29.16201117318434
 8 -27.15083798882682
 62 -25.13966480446928
 587 -23.12849162011173
 125 -21.11731843575419
 65 -19.10614525139664
 19 -17.09497206703909
 38 -15.08379888268155
 153 -13.072625698324
 6 -11.06145251396646
 618 -9.050279329608941
 0 -7.039106145251395
 131 -5.02793296089385
 23 -3.016759776536304
 4 -1.005586592178759
 28 1.005586592178787
 118 3.016759776536333
 3 5.02793296089385
 577 7.039106145251395
 7 9.050279329608941
 168 11.06145251396649
 36 13.07262569832403
 10 15.08379888268158
 54 17.09497206703912
 112 19.10614525139667
 527 21.11731843575421
 79 23.12849162011173
 67 25.13966480446928
 98 27.15083798882682
 69 29.16201117318437
 226 31.17318435754191
 328 33.18435754189946
 262 35.195530726257
 152 37.20670391061452
 47 39.21787709497207
 298 41.22905027932961
 2 43.24022346368716
 145 45.2513966480447
 67 47.26256983240225
 234 49.27374301675979
 76 51.28491620111734
 195 53.29608938547489
 79 55.3072625698324
 167 57.31843575418995
 259 59.32960893854749
 66 61.34078212290504
 99 63.35195530726259
 83 65.36312849162013
 125 67.37430167597768
 58 69.38547486033519
 36 71.39664804469274
 59 73.40782122905028
 6 75.41899441340783
 24 77.43016759776538
 5 79.44134078212289
 3 81.45251396648047
 3 83.46368715083798
 4 85.47486033519556
 21 87.48603351955308
 7616 89.49720670391065
 11 91.50837988826817
 5 93.51955307262574
 0 95.53072625698326
 0 97.54189944134077
 2 99.55307262569835
 21 101.5642458100559
 27 103.5754189944134
 34 105.586592178771
 30 107.5977653631285
 106 109.608938547486
 133 111.6201117318436
 137 113.6312849162011
 3 115.6424581005587
 207 117.6536312849162
 168 119.6648044692737
 105 121.6759776536313
 176 123.6871508379888
 188 125.6983240223464
 105 127.7094972067039
 155 129.7206703910614
 192 131.731843575419
 5 133.7430167597765
 113 135.7541899441341
 195 137.7653631284916
 102 139.7765363128492
 155 141.7877094972067
 472 143.7988826815642
 132 145.8100558659218
 201 147.8212290502793
 55 149.8324022346369
 140 151.8435754189944
 57 153.854748603352
 529 155.8659217877095
 58 157.8770949720671
 130 159.8882681564246
 74 161.8994413407821
 55 163.9106145251397
 17 165.9217877094972
 134 167.9329608938548
 235 169.9441340782123
 348 171.9553072625699
 2 173.9664804469274
 160 175.9776536312849
 7 177.9888268156425
 0 180


