# Created by Octave 3.8.2, Sat Jun 20 17:37:24 2020 CEST <damian@fptrucha.inv.usc.es>
# name: hd
# type: matrix
# rows: 180
# columns: 2
 5 -180
 173 -177.9888268156425
 0 -175.9776536312849
 355 -173.9664804469274
 253 -171.9553072625698
 133 -169.9441340782123
 34 -167.9329608938548
 31 -165.9217877094972
 43 -163.9106145251397
 139 -161.8994413407821
 31 -159.8882681564246
 625 -157.877094972067
 70 -155.8659217877095
 112 -153.854748603352
 37 -151.8435754189944
 52 -149.8324022346369
 211 -147.8212290502793
 557 -145.8100558659218
 122 -143.7988826815642
 85 -141.7877094972067
 174 -139.7765363128491
 111 -137.7653631284916
 2 -135.7541899441341
 141 -133.7430167597765
 150 -131.731843575419
 88 -129.7206703910614
 141 -127.7094972067039
 230 -125.6983240223464
 99 -123.6871508379888
 196 -121.6759776536313
 188 -119.6648044692737
 2 -117.6536312849162
 91 -115.6424581005587
 98 -113.6312849162011
 119 -111.6201117318436
 20 -109.608938547486
 30 -107.5977653631285
 23 -105.5865921787709
 9 -103.5754189944134
 6 -101.5642458100559
 0 -99.55307262569832
 1 -97.54189944134077
 2 -95.53072625698323
 5 -93.5195530726257
 8119 -91.50837988826815
 6 -89.49720670391061
 4 -87.48603351955308
 0 -85.47486033519553
 0 -83.46368715083798
 2 -81.45251396648044
 6 -79.44134078212289
 5 -77.43016759776536
 40 -75.41899441340782
 22 -73.40782122905027
 64 -71.39664804469274
 114 -69.38547486033519
 78 -67.37430167597765
 105 -65.3631284916201
 53 -63.35195530726256
 251 -61.34078212290503
 141 -59.32960893854748
 209 -57.31843575418993
 99 -55.3072625698324
 80 -53.29608938547486
 217 -51.28491620111731
 55 -49.27374301675977
 107 -47.26256983240222
 2 -45.25139664804468
 256 -43.24022346368713
 1 -41.22905027932961
 164 -39.21787709497207
 299 -37.20670391061452
 483 -35.19553072625698
 100 -33.18435754189943
 50 -31.17318435754188
 142 -29.16201117318434
 12 -27.15083798882682
 55 -25.13966480446928
 665 -23.12849162011173
 151 -21.11731843575419
 52 -19.10614525139664
 7 -17.09497206703909
 47 -15.08379888268155
 170 -13.072625698324
 6 -11.06145251396646
 577 -9.050279329608941
 3 -7.039106145251395
 106 -5.02793296089385
 20 -3.016759776536304
 1 -1.005586592178759
 15 1.005586592178787
 118 3.016759776536333
 2 5.02793296089385
 522 7.039106145251395
 4 9.050279329608941
 125 11.06145251396649
 43 13.07262569832403
 6 15.08379888268158
 54 17.09497206703912
 133 19.10614525139667
 525 21.11731843575421
 61 23.12849162011173
 116 25.13966480446928
 101 27.15083798882682
 59 29.16201117318437
 235 31.17318435754191
 297 33.18435754189946
 238 35.195530726257
 160 37.20670391061452
 32 39.21787709497207
 264 41.22905027932961
 3 43.24022346368716
 130 45.2513966480447
 54 47.26256983240225
 235 49.27374301675979
 74 51.28491620111734
 217 53.29608938547489
 83 55.3072625698324
 125 57.31843575418995
 264 59.32960893854749
 56 61.34078212290504
 137 63.35195530726259
 74 65.36312849162013
 88 67.37430167597768
 60 69.38547486033519
 39 71.39664804469274
 45 73.40782122905028
 6 75.41899441340783
 7 77.43016759776538
 0 79.44134078212289
 0 81.45251396648047
 0 83.46368715083798
 7 85.47486033519556
 6 87.48603351955308
 7800 89.49720670391065
 6 91.50837988826817
 2 93.51955307262574
 0 95.53072625698326
 0 97.54189944134077
 4 99.55307262569835
 16 101.5642458100559
 15 103.5754189944134
 41 105.586592178771
 25 107.5977653631285
 109 109.608938547486
 105 111.6201117318436
 114 113.6312849162011
 3 115.6424581005587
 226 117.6536312849162
 175 119.6648044692737
 107 121.6759776536313
 156 123.6871508379888
 183 125.6983240223464
 78 127.7094972067039
 168 129.7206703910614
 204 131.731843575419
 1 133.7430167597765
 131 135.7541899441341
 166 137.7653631284916
 101 139.7765363128492
 167 141.7877094972067
 440 143.7988826815642
 113 145.8100558659218
 215 147.8212290502793
 44 149.8324022346369
 139 151.8435754189944
 53 153.854748603352
 489 155.8659217877095
 57 157.8770949720671
 101 159.8882681564246
 60 161.8994413407821
 55 163.9106145251397
 16 165.9217877094972
 139 167.9329608938548
 230 169.9441340782123
 354 171.9553072625699
 4 173.9664804469274
 151 175.9776536312849
 1 177.9888268156425
 0 180


