# Created by Octave 3.8.2, Sat Jun 20 04:12:57 2020 CEST <damian@fptrucha.inv.usc.es>
# name: hd
# type: matrix
# rows: 180
# columns: 2
 8 -180
 198 -177.9888268156425
 4 -175.9776536312849
 483 -173.9664804469274
 270 -171.9553072625698
 157 -169.9441340782123
 22 -167.9329608938548
 48 -165.9217877094972
 64 -163.9106145251397
 192 -161.8994413407821
 51 -159.8882681564246
 666 -157.877094972067
 63 -155.8659217877095
 152 -153.854748603352
 46 -151.8435754189944
 77 -149.8324022346369
 242 -147.8212290502793
 665 -145.8100558659218
 163 -143.7988826815642
 112 -141.7877094972067
 188 -139.7765363128491
 139 -137.7653631284916
 5 -135.7541899441341
 201 -133.7430167597765
 191 -131.731843575419
 92 -129.7206703910614
 218 -127.7094972067039
 292 -125.6983240223464
 110 -123.6871508379888
 237 -121.6759776536313
 239 -119.6648044692737
 6 -117.6536312849162
 116 -115.6424581005587
 163 -113.6312849162011
 163 -111.6201117318436
 12 -109.608938547486
 45 -107.5977653631285
 27 -105.5865921787709
 16 -103.5754189944134
 4 -101.5642458100559
 1 -99.55307262569832
 3 -97.54189944134077
 1 -95.53072625698323
 7 -93.5195530726257
 9468 -91.50837988826815
 13 -89.49720670391061
 5 -87.48603351955308
 0 -85.47486033519553
 0 -83.46368715083798
 3 -81.45251396648044
 12 -79.44134078212289
 5 -77.43016759776536
 50 -75.41899441340782
 46 -73.40782122905027
 49 -71.39664804469274
 119 -69.38547486033519
 103 -67.37430167597765
 118 -65.3631284916201
 70 -63.35195530726256
 286 -61.34078212290503
 173 -59.32960893854748
 227 -57.31843575418993
 134 -55.3072625698324
 89 -53.29608938547486
 261 -51.28491620111731
 74 -49.27374301675977
 116 -47.26256983240222
 2 -45.25139664804468
 290 -43.24022346368713
 2 -41.22905027932961
 165 -39.21787709497207
 306 -37.20670391061452
 530 -35.19553072625698
 109 -33.18435754189943
 62 -31.17318435754188
 171 -29.16201117318434
 5 -27.15083798882682
 54 -25.13966480446928
 698 -23.12849162011173
 144 -21.11731843575419
 42 -19.10614525139664
 12 -17.09497206703909
 43 -15.08379888268155
 174 -13.072625698324
 9 -11.06145251396646
 666 -9.050279329608941
 0 -7.039106145251395
 138 -5.02793296089385
 20 -3.016759776536304
 4 -1.005586592178759
 12 1.005586592178787
 138 3.016759776536333
 3 5.02793296089385
 628 7.039106145251395
 8 9.050279329608941
 138 11.06145251396649
 58 13.07262569832403
 11 15.08379888268158
 62 17.09497206703912
 107 19.10614525139667
 542 21.11731843575421
 53 23.12849162011173
 94 25.13966480446928
 116 27.15083798882682
 50 29.16201117318437
 223 31.17318435754191
 350 33.18435754189946
 259 35.195530726257
 182 37.20670391061452
 41 39.21787709497207
 287 41.22905027932961
 1 43.24022346368716
 114 45.2513966480447
 63 47.26256983240225
 215 49.27374301675979
 84 51.28491620111734
 220 53.29608938547489
 76 55.3072625698324
 158 57.31843575418995
 272 59.32960893854749
 50 61.34078212290504
 129 63.35195530726259
 70 65.36312849162013
 96 67.37430167597768
 40 69.38547486033519
 30 71.39664804469274
 45 73.40782122905028
 6 75.41899441340783
 4 77.43016759776538
 1 79.44134078212289
 0 81.45251396648047
 1 83.46368715083798
 2 85.47486033519556
 15 87.48603351955308
 8130 89.49720670391065
 9 91.50837988826817
 2 93.51955307262574
 0 95.53072625698326
 1 97.54189944134077
 6 99.55307262569835
 16 101.5642458100559
 19 103.5754189944134
 28 105.586592178771
 15 107.5977653631285
 107 109.608938547486
 138 111.6201117318436
 125 113.6312849162011
 4 115.6424581005587
 192 117.6536312849162
 185 119.6648044692737
 78 121.6759776536313
 184 123.6871508379888
 178 125.6983240223464
 82 127.7094972067039
 164 129.7206703910614
 169 131.731843575419
 1 133.7430167597765
 97 135.7541899441341
 193 137.7653631284916
 103 139.7765363128492
 146 141.7877094972067
 534 143.7988826815642
 139 145.8100558659218
 205 147.8212290502793
 47 149.8324022346369
 182 151.8435754189944
 59 153.854748603352
 556 155.8659217877095
 34 157.8770949720671
 150 159.8882681564246
 83 161.8994413407821
 53 163.9106145251397
 17 165.9217877094972
 139 167.9329608938548
 287 169.9441340782123
 371 171.9553072625699
 5 173.9664804469274
 176 175.9776536312849
 3 177.9888268156425
 0 180


