# Created by Octave 3.8.2, Sun Jun 21 06:13:16 2020 CEST <damian@fptrucha.inv.usc.es>
# name: hd
# type: matrix
# rows: 180
# columns: 2
 2 -180
 148 -177.9888268156425
 1 -175.9776536312849
 365 -173.9664804469274
 245 -171.9553072625698
 135 -169.9441340782123
 24 -167.9329608938548
 34 -165.9217877094972
 46 -163.9106145251397
 156 -161.8994413407821
 41 -159.8882681564246
 584 -157.877094972067
 60 -155.8659217877095
 119 -153.854748603352
 45 -151.8435754189944
 60 -149.8324022346369
 166 -147.8212290502793
 625 -145.8100558659218
 135 -143.7988826815642
 90 -141.7877094972067
 151 -139.7765363128491
 98 -137.7653631284916
 1 -135.7541899441341
 157 -133.7430167597765
 155 -131.731843575419
 62 -129.7206703910614
 186 -127.7094972067039
 215 -125.6983240223464
 87 -123.6871508379888
 178 -121.6759776536313
 190 -119.6648044692737
 5 -117.6536312849162
 99 -115.6424581005587
 114 -113.6312849162011
 117 -111.6201117318436
 20 -109.608938547486
 41 -107.5977653631285
 27 -105.5865921787709
 5 -103.5754189944134
 1 -101.5642458100559
 0 -99.55307262569832
 0 -97.54189944134077
 1 -95.53072625698323
 3 -93.5195530726257
 8239 -91.50837988826815
 9 -89.49720670391061
 3 -87.48603351955308
 1 -85.47486033519553
 0 -83.46368715083798
 2 -81.45251396648044
 0 -79.44134078212289
 9 -77.43016759776536
 49 -75.41899441340782
 19 -73.40782122905027
 50 -71.39664804469274
 121 -69.38547486033519
 61 -67.37430167597765
 85 -65.3631284916201
 48 -63.35195530726256
 282 -61.34078212290503
 129 -59.32960893854748
 203 -57.31843575418993
 106 -55.3072625698324
 77 -53.29608938547486
 205 -51.28491620111731
 53 -49.27374301675977
 98 -47.26256983240222
 1 -45.25139664804468
 280 -43.24022346368713
 4 -41.22905027932961
 150 -39.21787709497207
 323 -37.20670391061452
 440 -35.19553072625698
 106 -33.18435754189943
 55 -31.17318435754188
 144 -29.16201117318434
 14 -27.15083798882682
 52 -25.13966480446928
 626 -23.12849162011173
 138 -21.11731843575419
 41 -19.10614525139664
 11 -17.09497206703909
 46 -15.08379888268155
 173 -13.072625698324
 5 -11.06145251396646
 559 -9.050279329608941
 1 -7.039106145251395
 144 -5.02793296089385
 13 -3.016759776536304
 2 -1.005586592178759
 16 1.005586592178787
 131 3.016759776536333
 0 5.02793296089385
 558 7.039106145251395
 6 9.050279329608941
 113 11.06145251396649
 33 13.07262569832403
 10 15.08379888268158
 69 17.09497206703912
 99 19.10614525139667
 539 21.11731843575421
 49 23.12849162011173
 104 25.13966480446928
 94 27.15083798882682
 57 29.16201117318437
 215 31.17318435754191
 342 33.18435754189946
 207 35.195530726257
 151 37.20670391061452
 25 39.21787709497207
 316 41.22905027932961
 5 43.24022346368716
 130 45.2513966480447
 50 47.26256983240225
 231 49.27374301675979
 79 51.28491620111734
 201 53.29608938547489
 80 55.3072625698324
 135 57.31843575418995
 260 59.32960893854749
 58 61.34078212290504
 123 63.35195530726259
 69 65.36312849162013
 102 67.37430167597768
 46 69.38547486033519
 26 71.39664804469274
 39 73.40782122905028
 3 75.41899441340783
 6 77.43016759776538
 0 79.44134078212289
 3 81.45251396648047
 1 83.46368715083798
 2 85.47486033519556
 10 87.48603351955308
 7500 89.49720670391065
 5 91.50837988826817
 0 93.51955307262574
 2 95.53072625698326
 0 97.54189944134077
 3 99.55307262569835
 6 101.5642458100559
 27 103.5754189944134
 39 105.586592178771
 13 107.5977653631285
 103 109.608938547486
 117 111.6201117318436
 119 113.6312849162011
 1 115.6424581005587
 198 117.6536312849162
 124 119.6648044692737
 88 121.6759776536313
 202 123.6871508379888
 185 125.6983240223464
 71 127.7094972067039
 178 129.7206703910614
 169 131.731843575419
 0 133.7430167597765
 113 135.7541899441341
 145 137.7653631284916
 101 139.7765363128492
 138 141.7877094972067
 444 143.7988826815642
 112 145.8100558659218
 205 147.8212290502793
 27 149.8324022346369
 161 151.8435754189944
 54 153.854748603352
 437 155.8659217877095
 47 157.8770949720671
 115 159.8882681564246
 86 161.8994413407821
 53 163.9106145251397
 17 165.9217877094972
 126 167.9329608938548
 195 169.9441340782123
 320 171.9553072625699
 2 173.9664804469274
 153 175.9776536312849
 3 177.9888268156425
 0 180


