# Created by Octave 3.8.2, Mon Jun 22 07:35:06 2020 CEST <damian@fptrucha.inv.usc.es>
# name: hd
# type: matrix
# rows: 180
# columns: 2
 3 -180
 158 -177.9888268156425
 3 -175.9776536312849
 349 -173.9664804469274
 239 -171.9553072625698
 126 -169.9441340782123
 40 -167.9329608938548
 30 -165.9217877094972
 51 -163.9106145251397
 159 -161.8994413407821
 33 -159.8882681564246
 545 -157.877094972067
 63 -155.8659217877095
 135 -153.854748603352
 34 -151.8435754189944
 75 -149.8324022346369
 214 -147.8212290502793
 552 -145.8100558659218
 114 -143.7988826815642
 74 -141.7877094972067
 173 -139.7765363128491
 115 -137.7653631284916
 1 -135.7541899441341
 169 -133.7430167597765
 150 -131.731843575419
 82 -129.7206703910614
 181 -127.7094972067039
 199 -125.6983240223464
 100 -123.6871508379888
 161 -121.6759776536313
 189 -119.6648044692737
 2 -117.6536312849162
 104 -115.6424581005587
 102 -113.6312849162011
 125 -111.6201117318436
 16 -109.608938547486
 58 -107.5977653631285
 13 -105.5865921787709
 15 -103.5754189944134
 3 -101.5642458100559
 2 -99.55307262569832
 1 -97.54189944134077
 1 -95.53072625698323
 4 -93.5195530726257
 7495 -91.50837988826815
 15 -89.49720670391061
 6 -87.48603351955308
 3 -85.47486033519553
 0 -83.46368715083798
 5 -81.45251396648044
 7 -79.44134078212289
 7 -77.43016759776536
 50 -75.41899441340782
 34 -73.40782122905027
 54 -71.39664804469274
 98 -69.38547486033519
 76 -67.37430167597765
 95 -65.3631284916201
 60 -63.35195530726256
 226 -61.34078212290503
 129 -59.32960893854748
 193 -57.31843575418993
 98 -55.3072625698324
 80 -53.29608938547486
 207 -51.28491620111731
 59 -49.27374301675977
 116 -47.26256983240222
 6 -45.25139664804468
 284 -43.24022346368713
 2 -41.22905027932961
 150 -39.21787709497207
 284 -37.20670391061452
 436 -35.19553072625698
 110 -33.18435754189943
 68 -31.17318435754188
 130 -29.16201117318434
 14 -27.15083798882682
 49 -25.13966480446928
 573 -23.12849162011173
 114 -21.11731843575419
 45 -19.10614525139664
 12 -17.09497206703909
 49 -15.08379888268155
 127 -13.072625698324
 16 -11.06145251396646
 566 -9.050279329608941
 2 -7.039106145251395
 141 -5.02793296089385
 24 -3.016759776536304
 4 -1.005586592178759
 19 1.005586592178787
 110 3.016759776536333
 2 5.02793296089385
 539 7.039106145251395
 6 9.050279329608941
 148 11.06145251396649
 47 13.07262569832403
 13 15.08379888268158
 57 17.09497206703912
 116 19.10614525139667
 488 21.11731843575421
 54 23.12849162011173
 87 25.13966480446928
 105 27.15083798882682
 71 29.16201117318437
 222 31.17318435754191
 306 33.18435754189946
 224 35.195530726257
 152 37.20670391061452
 46 39.21787709497207
 293 41.22905027932961
 3 43.24022346368716
 122 45.2513966480447
 59 47.26256983240225
 224 49.27374301675979
 93 51.28491620111734
 201 53.29608938547489
 74 55.3072625698324
 155 57.31843575418995
 262 59.32960893854749
 56 61.34078212290504
 111 63.35195530726259
 76 65.36312849162013
 114 67.37430167597768
 45 69.38547486033519
 36 71.39664804469274
 54 73.40782122905028
 11 75.41899441340783
 11 77.43016759776538
 5 79.44134078212289
 2 81.45251396648047
 2 83.46368715083798
 11 85.47486033519556
 18 87.48603351955308
 7172 89.49720670391065
 11 91.50837988826817
 3 93.51955307262574
 1 95.53072625698326
 1 97.54189944134077
 5 99.55307262569835
 12 101.5642458100559
 29 103.5754189944134
 43 105.586592178771
 19 107.5977653631285
 109 109.608938547486
 113 111.6201117318436
 128 113.6312849162011
 3 115.6424581005587
 197 117.6536312849162
 190 119.6648044692737
 102 121.6759776536313
 189 123.6871508379888
 197 125.6983240223464
 80 127.7094972067039
 171 129.7206703910614
 170 131.731843575419
 3 133.7430167597765
 105 135.7541899441341
 196 137.7653631284916
 105 139.7765363128492
 115 141.7877094972067
 481 143.7988826815642
 121 145.8100558659218
 223 147.8212290502793
 49 149.8324022346369
 148 151.8435754189944
 66 153.854748603352
 489 155.8659217877095
 57 157.8770949720671
 132 159.8882681564246
 67 161.8994413407821
 54 163.9106145251397
 18 165.9217877094972
 122 167.9329608938548
 229 169.9441340782123
 306 171.9553072625699
 6 173.9664804469274
 174 175.9776536312849
 6 177.9888268156425
 0 180


