# Created by Octave 3.8.2, Mon Jun 22 17:27:12 2020 CEST <damian@fptrucha.inv.usc.es>
# name: hd
# type: matrix
# rows: 180
# columns: 2
 4 -180
 193 -177.9888268156425
 3 -175.9776536312849
 396 -173.9664804469274
 298 -171.9553072625698
 161 -169.9441340782123
 35 -167.9329608938548
 42 -165.9217877094972
 59 -163.9106145251397
 167 -161.8994413407821
 55 -159.8882681564246
 567 -157.877094972067
 66 -155.8659217877095
 146 -153.854748603352
 50 -151.8435754189944
 78 -149.8324022346369
 226 -147.8212290502793
 616 -145.8100558659218
 151 -143.7988826815642
 92 -141.7877094972067
 182 -139.7765363128491
 110 -137.7653631284916
 1 -135.7541899441341
 173 -133.7430167597765
 157 -131.731843575419
 94 -129.7206703910614
 182 -127.7094972067039
 233 -125.6983240223464
 116 -123.6871508379888
 199 -121.6759776536313
 200 -119.6648044692737
 1 -117.6536312849162
 133 -115.6424581005587
 117 -113.6312849162011
 114 -111.6201117318436
 26 -109.608938547486
 58 -107.5977653631285
 22 -105.5865921787709
 21 -103.5754189944134
 2 -101.5642458100559
 1 -99.55307262569832
 2 -97.54189944134077
 1 -95.53072625698323
 12 -93.5195530726257
 8176 -91.50837988826815
 16 -89.49720670391061
 5 -87.48603351955308
 1 -85.47486033519553
 0 -83.46368715083798
 3 -81.45251396648044
 4 -79.44134078212289
 10 -77.43016759776536
 50 -75.41899441340782
 28 -73.40782122905027
 61 -71.39664804469274
 126 -69.38547486033519
 76 -67.37430167597765
 120 -65.3631284916201
 69 -63.35195530726256
 292 -61.34078212290503
 161 -59.32960893854748
 209 -57.31843575418993
 104 -55.3072625698324
 87 -53.29608938547486
 237 -51.28491620111731
 50 -49.27374301675977
 120 -47.26256983240222
 4 -45.25139664804468
 344 -43.24022346368713
 6 -41.22905027932961
 146 -39.21787709497207
 262 -37.20670391061452
 494 -35.19553072625698
 144 -33.18435754189943
 60 -31.17318435754188
 170 -29.16201117318434
 14 -27.15083798882682
 59 -25.13966480446928
 594 -23.12849162011173
 140 -21.11731843575419
 56 -19.10614525139664
 11 -17.09497206703909
 50 -15.08379888268155
 162 -13.072625698324
 11 -11.06145251396646
 604 -9.050279329608941
 2 -7.039106145251395
 148 -5.02793296089385
 27 -3.016759776536304
 4 -1.005586592178759
 10 1.005586592178787
 152 3.016759776536333
 2 5.02793296089385
 565 7.039106145251395
 13 9.050279329608941
 157 11.06145251396649
 47 13.07262569832403
 11 15.08379888268158
 60 17.09497206703912
 140 19.10614525139667
 538 21.11731843575421
 61 23.12849162011173
 72 25.13966480446928
 79 27.15083798882682
 73 29.16201117318437
 211 31.17318435754191
 342 33.18435754189946
 242 35.195530726257
 165 37.20670391061452
 46 39.21787709497207
 313 41.22905027932961
 0 43.24022346368716
 119 45.2513966480447
 58 47.26256983240225
 242 49.27374301675979
 71 51.28491620111734
 195 53.29608938547489
 86 55.3072625698324
 165 57.31843575418995
 280 59.32960893854749
 54 61.34078212290504
 138 63.35195530726259
 82 65.36312849162013
 125 67.37430167597768
 58 69.38547486033519
 24 71.39664804469274
 46 73.40782122905028
 9 75.41899441340783
 14 77.43016759776538
 1 79.44134078212289
 3 81.45251396648047
 1 83.46368715083798
 4 85.47486033519556
 23 87.48603351955308
 7767 89.49720670391065
 14 91.50837988826817
 8 93.51955307262574
 2 95.53072625698326
 1 97.54189944134077
 2 99.55307262569835
 15 101.5642458100559
 22 103.5754189944134
 28 105.586592178771
 28 107.5977653631285
 110 109.608938547486
 139 111.6201117318436
 135 113.6312849162011
 7 115.6424581005587
 217 117.6536312849162
 171 119.6648044692737
 98 121.6759776536313
 181 123.6871508379888
 152 125.6983240223464
 93 127.7094972067039
 189 129.7206703910614
 191 131.731843575419
 7 133.7430167597765
 123 135.7541899441341
 162 137.7653631284916
 101 139.7765363128492
 164 141.7877094972067
 476 143.7988826815642
 120 145.8100558659218
 205 147.8212290502793
 57 149.8324022346369
 144 151.8435754189944
 77 153.854748603352
 535 155.8659217877095
 59 157.8770949720671
 134 159.8882681564246
 78 161.8994413407821
 50 163.9106145251397
 30 165.9217877094972
 143 167.9329608938548
 235 169.9441340782123
 317 171.9553072625699
 5 173.9664804469274
 173 175.9776536312849
 8 177.9888268156425
 0 180


