# Created by Octave 3.8.2, Mon Jun 22 14:59:41 2020 CEST <damian@fptrucha.inv.usc.es>
# name: hd
# type: matrix
# rows: 180
# columns: 2
 2 -180
 106 -177.9888268156425
 6 -175.9776536312849
 254 -173.9664804469274
 154 -171.9553072625698
 81 -169.9441340782123
 20 -167.9329608938548
 29 -165.9217877094972
 48 -163.9106145251397
 102 -161.8994413407821
 32 -159.8882681564246
 394 -157.877094972067
 49 -155.8659217877095
 86 -153.854748603352
 36 -151.8435754189944
 63 -149.8324022346369
 160 -147.8212290502793
 429 -145.8100558659218
 64 -143.7988826815642
 68 -141.7877094972067
 131 -139.7765363128491
 83 -137.7653631284916
 1 -135.7541899441341
 124 -133.7430167597765
 116 -131.731843575419
 43 -129.7206703910614
 126 -127.7094972067039
 160 -125.6983240223464
 70 -123.6871508379888
 110 -121.6759776536313
 126 -119.6648044692737
 0 -117.6536312849162
 81 -115.6424581005587
 81 -113.6312849162011
 81 -111.6201117318436
 15 -109.608938547486
 25 -107.5977653631285
 21 -105.5865921787709
 14 -103.5754189944134
 2 -101.5642458100559
 0 -99.55307262569832
 0 -97.54189944134077
 0 -95.53072625698323
 4 -93.5195530726257
 5267 -91.50837988826815
 9 -89.49720670391061
 5 -87.48603351955308
 0 -85.47486033519553
 1 -83.46368715083798
 2 -81.45251396648044
 8 -79.44134078212289
 6 -77.43016759776536
 36 -75.41899441340782
 11 -73.40782122905027
 37 -71.39664804469274
 87 -69.38547486033519
 50 -67.37430167597765
 64 -65.3631284916201
 43 -63.35195530726256
 166 -61.34078212290503
 115 -59.32960893854748
 135 -57.31843575418993
 54 -55.3072625698324
 52 -53.29608938547486
 149 -51.28491620111731
 41 -49.27374301675977
 75 -47.26256983240222
 1 -45.25139664804468
 185 -43.24022346368713
 1 -41.22905027932961
 105 -39.21787709497207
 192 -37.20670391061452
 284 -35.19553072625698
 77 -33.18435754189943
 40 -31.17318435754188
 105 -29.16201117318434
 7 -27.15083798882682
 43 -25.13966480446928
 397 -23.12849162011173
 91 -21.11731843575419
 40 -19.10614525139664
 9 -17.09497206703909
 25 -15.08379888268155
 111 -13.072625698324
 5 -11.06145251396646
 388 -9.050279329608941
 3 -7.039106145251395
 98 -5.02793296089385
 14 -3.016759776536304
 4 -1.005586592178759
 16 1.005586592178787
 86 3.016759776536333
 3 5.02793296089385
 388 7.039106145251395
 5 9.050279329608941
 86 11.06145251396649
 35 13.07262569832403
 8 15.08379888268158
 34 17.09497206703912
 86 19.10614525139667
 351 21.11731843575421
 31 23.12849162011173
 51 25.13966480446928
 69 27.15083798882682
 47 29.16201117318437
 127 31.17318435754191
 236 33.18435754189946
 172 35.195530726257
 105 37.20670391061452
 25 39.21787709497207
 210 41.22905027932961
 1 43.24022346368716
 91 45.2513966480447
 46 47.26256983240225
 176 49.27374301675979
 48 51.28491620111734
 133 53.29608938547489
 61 55.3072625698324
 113 57.31843575418995
 178 59.32960893854749
 38 61.34078212290504
 72 63.35195530726259
 49 65.36312849162013
 55 67.37430167597768
 34 69.38547486033519
 21 71.39664804469274
 41 73.40782122905028
 7 75.41899441340783
 9 77.43016759776538
 0 79.44134078212289
 0 81.45251396648047
 2 83.46368715083798
 3 85.47486033519556
 12 87.48603351955308
 5064 89.49720670391065
 3 91.50837988826817
 5 93.51955307262574
 1 95.53072625698326
 0 97.54189944134077
 1 99.55307262569835
 14 101.5642458100559
 18 103.5754189944134
 38 105.586592178771
 14 107.5977653631285
 90 109.608938547486
 73 111.6201117318436
 107 113.6312849162011
 1 115.6424581005587
 154 117.6536312849162
 111 119.6648044692737
 67 121.6759776536313
 115 123.6871508379888
 140 125.6983240223464
 64 127.7094972067039
 119 129.7206703910614
 106 131.731843575419
 3 133.7430167597765
 71 135.7541899441341
 124 137.7653631284916
 77 139.7765363128492
 97 141.7877094972067
 331 143.7988826815642
 90 145.8100558659218
 135 147.8212290502793
 28 149.8324022346369
 102 151.8435754189944
 50 153.854748603352
 312 155.8659217877095
 35 157.8770949720671
 99 159.8882681564246
 43 161.8994413407821
 45 163.9106145251397
 12 165.9217877094972
 92 167.9329608938548
 163 169.9441340782123
 216 171.9553072625699
 2 173.9664804469274
 92 175.9776536312849
 1 177.9888268156425
 0 180


