# Created by Octave 3.8.2, Sat Jun 20 06:56:32 2020 CEST <damian@fptrucha.inv.usc.es>
# name: hd
# type: matrix
# rows: 180
# columns: 2
 3 -180
 185 -177.9888268156425
 1 -175.9776536312849
 415 -173.9664804469274
 262 -171.9553072625698
 165 -169.9441340782123
 34 -167.9329608938548
 51 -165.9217877094972
 70 -163.9106145251397
 168 -161.8994413407821
 30 -159.8882681564246
 639 -157.877094972067
 66 -155.8659217877095
 159 -153.854748603352
 42 -151.8435754189944
 85 -149.8324022346369
 259 -147.8212290502793
 723 -145.8100558659218
 154 -143.7988826815642
 114 -141.7877094972067
 211 -139.7765363128491
 126 -137.7653631284916
 3 -135.7541899441341
 196 -133.7430167597765
 200 -131.731843575419
 85 -129.7206703910614
 213 -127.7094972067039
 273 -125.6983240223464
 140 -123.6871508379888
 219 -121.6759776536313
 225 -119.6648044692737
 5 -117.6536312849162
 124 -115.6424581005587
 124 -113.6312849162011
 145 -111.6201117318436
 21 -109.608938547486
 40 -107.5977653631285
 26 -105.5865921787709
 15 -103.5754189944134
 1 -101.5642458100559
 2 -99.55307262569832
 1 -97.54189944134077
 6 -95.53072625698323
 10 -93.5195530726257
 9378 -91.50837988826815
 11 -89.49720670391061
 7 -87.48603351955308
 0 -85.47486033519553
 0 -83.46368715083798
 1 -81.45251396648044
 11 -79.44134078212289
 13 -77.43016759776536
 55 -75.41899441340782
 35 -73.40782122905027
 77 -71.39664804469274
 149 -69.38547486033519
 91 -67.37430167597765
 127 -65.3631284916201
 62 -63.35195530726256
 304 -61.34078212290503
 187 -59.32960893854748
 243 -57.31843575418993
 114 -55.3072625698324
 90 -53.29608938547486
 279 -51.28491620111731
 72 -49.27374301675977
 142 -47.26256983240222
 2 -45.25139664804468
 324 -43.24022346368713
 4 -41.22905027932961
 191 -39.21787709497207
 333 -37.20670391061452
 507 -35.19553072625698
 119 -33.18435754189943
 80 -31.17318435754188
 178 -29.16201117318434
 11 -27.15083798882682
 51 -25.13966480446928
 678 -23.12849162011173
 167 -21.11731843575419
 69 -19.10614525139664
 12 -17.09497206703909
 51 -15.08379888268155
 168 -13.072625698324
 10 -11.06145251396646
 624 -9.050279329608941
 1 -7.039106145251395
 135 -5.02793296089385
 26 -3.016759776536304
 1 -1.005586592178759
 35 1.005586592178787
 126 3.016759776536333
 2 5.02793296089385
 577 7.039106145251395
 4 9.050279329608941
 144 11.06145251396649
 42 13.07262569832403
 10 15.08379888268158
 65 17.09497206703912
 100 19.10614525139667
 569 21.11731843575421
 59 23.12849162011173
 96 25.13966480446928
 110 27.15083798882682
 55 29.16201117318437
 194 31.17318435754191
 328 33.18435754189946
 231 35.195530726257
 173 37.20670391061452
 38 39.21787709497207
 304 41.22905027932961
 2 43.24022346368716
 124 45.2513966480447
 64 47.26256983240225
 213 49.27374301675979
 89 51.28491620111734
 201 53.29608938547489
 64 55.3072625698324
 138 57.31843575418995
 252 59.32960893854749
 63 61.34078212290504
 124 63.35195530726259
 82 65.36312849162013
 122 67.37430167597768
 39 69.38547486033519
 44 71.39664804469274
 36 73.40782122905028
 6 75.41899441340783
 2 77.43016759776538
 2 79.44134078212289
 1 81.45251396648047
 0 83.46368715083798
 3 85.47486033519556
 15 87.48603351955308
 8258 89.49720670391065
 6 91.50837988826817
 1 93.51955307262574
 2 95.53072625698326
 0 97.54189944134077
 2 99.55307262569835
 10 101.5642458100559
 21 103.5754189944134
 36 105.586592178771
 28 107.5977653631285
 117 109.608938547486
 120 111.6201117318436
 110 113.6312849162011
 2 115.6424581005587
 211 117.6536312849162
 184 119.6648044692737
 104 121.6759776536313
 175 123.6871508379888
 155 125.6983240223464
 78 127.7094972067039
 173 129.7206703910614
 182 131.731843575419
 4 133.7430167597765
 116 135.7541899441341
 188 137.7653631284916
 114 139.7765363128492
 133 141.7877094972067
 541 143.7988826815642
 129 145.8100558659218
 223 147.8212290502793
 38 149.8324022346369
 178 151.8435754189944
 75 153.854748603352
 551 155.8659217877095
 46 157.8770949720671
 167 159.8882681564246
 54 161.8994413407821
 54 163.9106145251397
 21 165.9217877094972
 145 167.9329608938548
 275 169.9441340782123
 352 171.9553072625699
 1 173.9664804469274
 158 175.9776536312849
 4 177.9888268156425
 0 180


