# Created by Octave 3.8.2, Mon Jun 22 09:21:55 2020 CEST <damian@fptrucha.inv.usc.es>
# name: hd
# type: matrix
# rows: 180
# columns: 2
 6 -180
 121 -177.9888268156425
 4 -175.9776536312849
 203 -173.9664804469274
 141 -171.9553072625698
 99 -169.9441340782123
 23 -167.9329608938548
 32 -165.9217877094972
 30 -163.9106145251397
 103 -161.8994413407821
 18 -159.8882681564246
 390 -157.877094972067
 38 -155.8659217877095
 85 -153.854748603352
 31 -151.8435754189944
 37 -149.8324022346369
 146 -147.8212290502793
 344 -145.8100558659218
 79 -143.7988826815642
 56 -141.7877094972067
 107 -139.7765363128491
 78 -137.7653631284916
 3 -135.7541899441341
 96 -133.7430167597765
 117 -131.731843575419
 41 -129.7206703910614
 106 -127.7094972067039
 141 -125.6983240223464
 62 -123.6871508379888
 121 -121.6759776536313
 123 -119.6648044692737
 5 -117.6536312849162
 69 -115.6424581005587
 85 -113.6312849162011
 73 -111.6201117318436
 15 -109.608938547486
 22 -107.5977653631285
 18 -105.5865921787709
 9 -103.5754189944134
 2 -101.5642458100559
 1 -99.55307262569832
 2 -97.54189944134077
 2 -95.53072625698323
 2 -93.5195530726257
 5145 -91.50837988826815
 15 -89.49720670391061
 3 -87.48603351955308
 0 -85.47486033519553
 1 -83.46368715083798
 1 -81.45251396648044
 4 -79.44134078212289
 8 -77.43016759776536
 30 -75.41899441340782
 20 -73.40782122905027
 31 -71.39664804469274
 82 -69.38547486033519
 57 -67.37430167597765
 71 -65.3631284916201
 42 -63.35195530726256
 164 -61.34078212290503
 80 -59.32960893854748
 127 -57.31843575418993
 58 -55.3072625698324
 49 -53.29608938547486
 169 -51.28491620111731
 45 -49.27374301675977
 85 -47.26256983240222
 0 -45.25139664804468
 175 -43.24022346368713
 1 -41.22905027932961
 108 -39.21787709497207
 210 -37.20670391061452
 270 -35.19553072625698
 82 -33.18435754189943
 39 -31.17318435754188
 93 -29.16201117318434
 2 -27.15083798882682
 28 -25.13966480446928
 416 -23.12849162011173
 58 -21.11731843575419
 30 -19.10614525139664
 4 -17.09497206703909
 27 -15.08379888268155
 85 -13.072625698324
 6 -11.06145251396646
 370 -9.050279329608941
 1 -7.039106145251395
 82 -5.02793296089385
 7 -3.016759776536304
 2 -1.005586592178759
 10 1.005586592178787
 69 3.016759776536333
 0 5.02793296089385
 346 7.039106145251395
 9 9.050279329608941
 97 11.06145251396649
 37 13.07262569832403
 11 15.08379888268158
 33 17.09497206703912
 71 19.10614525139667
 357 21.11731843575421
 47 23.12849162011173
 54 25.13966480446928
 74 27.15083798882682
 37 29.16201117318437
 97 31.17318435754191
 196 33.18435754189946
 171 35.195530726257
 86 37.20670391061452
 19 39.21787709497207
 184 41.22905027932961
 0 43.24022346368716
 69 45.2513966480447
 42 47.26256983240225
 140 49.27374301675979
 60 51.28491620111734
 139 53.29608938547489
 73 55.3072625698324
 91 57.31843575418995
 167 59.32960893854749
 39 61.34078212290504
 66 63.35195530726259
 52 65.36312849162013
 78 67.37430167597768
 26 69.38547486033519
 22 71.39664804469274
 39 73.40782122905028
 4 75.41899441340783
 7 77.43016759776538
 3 79.44134078212289
 0 81.45251396648047
 0 83.46368715083798
 1 85.47486033519556
 9 87.48603351955308
 4757 89.49720670391065
 5 91.50837988826817
 3 93.51955307262574
 0 95.53072625698326
 0 97.54189944134077
 2 99.55307262569835
 12 101.5642458100559
 12 103.5754189944134
 39 105.586592178771
 17 107.5977653631285
 84 109.608938547486
 86 111.6201117318436
 85 113.6312849162011
 1 115.6424581005587
 141 117.6536312849162
 113 119.6648044692737
 65 121.6759776536313
 133 123.6871508379888
 113 125.6983240223464
 59 127.7094972067039
 105 129.7206703910614
 138 131.731843575419
 1 133.7430167597765
 69 135.7541899441341
 130 137.7653631284916
 70 139.7765363128492
 89 141.7877094972067
 361 143.7988826815642
 74 145.8100558659218
 109 147.8212290502793
 33 149.8324022346369
 71 151.8435754189944
 53 153.854748603352
 298 155.8659217877095
 27 157.8770949720671
 91 159.8882681564246
 45 161.8994413407821
 29 163.9106145251397
 14 165.9217877094972
 77 167.9329608938548
 155 169.9441340782123
 197 171.9553072625699
 4 173.9664804469274
 103 175.9776536312849
 5 177.9888268156425
 0 180


