# Created by Octave 3.8.2, Mon Jun 22 14:40:22 2020 CEST <damian@fptrucha.inv.usc.es>
# name: hd
# type: matrix
# rows: 180
# columns: 2
 2 -180
 128 -177.9888268156425
 1 -175.9776536312849
 246 -173.9664804469274
 170 -171.9553072625698
 106 -169.9441340782123
 25 -167.9329608938548
 36 -165.9217877094972
 46 -163.9106145251397
 105 -161.8994413407821
 30 -159.8882681564246
 391 -157.877094972067
 41 -155.8659217877095
 80 -153.854748603352
 43 -151.8435754189944
 61 -149.8324022346369
 148 -147.8212290502793
 374 -145.8100558659218
 96 -143.7988826815642
 72 -141.7877094972067
 123 -139.7765363128491
 76 -137.7653631284916
 3 -135.7541899441341
 130 -133.7430167597765
 112 -131.731843575419
 48 -129.7206703910614
 131 -127.7094972067039
 142 -125.6983240223464
 72 -123.6871508379888
 115 -121.6759776536313
 138 -119.6648044692737
 6 -117.6536312849162
 74 -115.6424581005587
 81 -113.6312849162011
 85 -111.6201117318436
 15 -109.608938547486
 30 -107.5977653631285
 19 -105.5865921787709
 12 -103.5754189944134
 1 -101.5642458100559
 1 -99.55307262569832
 1 -97.54189944134077
 1 -95.53072625698323
 2 -93.5195530726257
 5222 -91.50837988826815
 11 -89.49720670391061
 3 -87.48603351955308
 1 -85.47486033519553
 0 -83.46368715083798
 0 -81.45251396648044
 3 -79.44134078212289
 7 -77.43016759776536
 35 -75.41899441340782
 20 -73.40782122905027
 33 -71.39664804469274
 66 -69.38547486033519
 40 -67.37430167597765
 51 -65.3631284916201
 30 -63.35195530726256
 167 -61.34078212290503
 91 -59.32960893854748
 131 -57.31843575418993
 56 -55.3072625698324
 47 -53.29608938547486
 149 -51.28491620111731
 41 -49.27374301675977
 77 -47.26256983240222
 1 -45.25139664804468
 197 -43.24022346368713
 1 -41.22905027932961
 116 -39.21787709497207
 195 -37.20670391061452
 280 -35.19553072625698
 80 -33.18435754189943
 37 -31.17318435754188
 89 -29.16201117318434
 10 -27.15083798882682
 45 -25.13966480446928
 384 -23.12849162011173
 96 -21.11731843575419
 45 -19.10614525139664
 9 -17.09497206703909
 22 -15.08379888268155
 93 -13.072625698324
 4 -11.06145251396646
 345 -9.050279329608941
 1 -7.039106145251395
 96 -5.02793296089385
 17 -3.016759776536304
 1 -1.005586592178759
 13 1.005586592178787
 97 3.016759776536333
 1 5.02793296089385
 369 7.039106145251395
 6 9.050279329608941
 102 11.06145251396649
 25 13.07262569832403
 7 15.08379888268158
 32 17.09497206703912
 82 19.10614525139667
 369 21.11731843575421
 39 23.12849162011173
 54 25.13966480446928
 63 27.15083798882682
 48 29.16201117318437
 124 31.17318435754191
 211 33.18435754189946
 176 35.195530726257
 83 37.20670391061452
 25 39.21787709497207
 193 41.22905027932961
 1 43.24022346368716
 85 45.2513966480447
 43 47.26256983240225
 158 49.27374301675979
 58 51.28491620111734
 117 53.29608938547489
 69 55.3072625698324
 83 57.31843575418995
 189 59.32960893854749
 47 61.34078212290504
 84 63.35195530726259
 53 65.36312849162013
 68 67.37430167597768
 37 69.38547486033519
 30 71.39664804469274
 40 73.40782122905028
 4 75.41899441340783
 7 77.43016759776538
 2 79.44134078212289
 0 81.45251396648047
 1 83.46368715083798
 5 85.47486033519556
 14 87.48603351955308
 5065 89.49720670391065
 6 91.50837988826817
 2 93.51955307262574
 0 95.53072625698326
 0 97.54189944134077
 3 99.55307262569835
 15 101.5642458100559
 13 103.5754189944134
 40 105.586592178771
 13 107.5977653631285
 78 109.608938547486
 81 111.6201117318436
 94 113.6312849162011
 2 115.6424581005587
 142 117.6536312849162
 126 119.6648044692737
 76 121.6759776536313
 138 123.6871508379888
 151 125.6983240223464
 51 127.7094972067039
 106 129.7206703910614
 113 131.731843575419
 0 133.7430167597765
 93 135.7541899441341
 110 137.7653631284916
 71 139.7765363128492
 98 141.7877094972067
 363 143.7988826815642
 77 145.8100558659218
 144 147.8212290502793
 21 149.8324022346369
 79 151.8435754189944
 54 153.854748603352
 330 155.8659217877095
 39 157.8770949720671
 88 159.8882681564246
 38 161.8994413407821
 34 163.9106145251397
 22 165.9217877094972
 89 167.9329608938548
 143 169.9441340782123
 219 171.9553072625699
 3 173.9664804469274
 103 175.9776536312849
 2 177.9888268156425
 0 180


