# Created by Octave 3.8.2, Sun Jun 21 04:36:27 2020 CEST <damian@fptrucha.inv.usc.es>
# name: hd
# type: matrix
# rows: 180
# columns: 2
 3 -180
 159 -177.9888268156425
 4 -175.9776536312849
 331 -173.9664804469274
 239 -171.9553072625698
 147 -169.9441340782123
 25 -167.9329608938548
 40 -165.9217877094972
 57 -163.9106145251397
 137 -161.8994413407821
 46 -159.8882681564246
 594 -157.877094972067
 73 -155.8659217877095
 95 -153.854748603352
 52 -151.8435754189944
 72 -149.8324022346369
 184 -147.8212290502793
 596 -145.8100558659218
 119 -143.7988826815642
 87 -141.7877094972067
 164 -139.7765363128491
 114 -137.7653631284916
 3 -135.7541899441341
 169 -133.7430167597765
 161 -131.731843575419
 77 -129.7206703910614
 183 -127.7094972067039
 220 -125.6983240223464
 102 -123.6871508379888
 178 -121.6759776536313
 186 -119.6648044692737
 2 -117.6536312849162
 95 -115.6424581005587
 129 -113.6312849162011
 126 -111.6201117318436
 14 -109.608938547486
 35 -107.5977653631285
 22 -105.5865921787709
 6 -103.5754189944134
 2 -101.5642458100559
 0 -99.55307262569832
 1 -97.54189944134077
 0 -95.53072625698323
 8 -93.5195530726257
 8046 -91.50837988826815
 5 -89.49720670391061
 3 -87.48603351955308
 4 -85.47486033519553
 0 -83.46368715083798
 2 -81.45251396648044
 9 -79.44134078212289
 4 -77.43016759776536
 42 -75.41899441340782
 23 -73.40782122905027
 66 -71.39664804469274
 100 -69.38547486033519
 71 -67.37430167597765
 90 -65.3631284916201
 43 -63.35195530726256
 279 -61.34078212290503
 140 -59.32960893854748
 216 -57.31843575418993
 91 -55.3072625698324
 79 -53.29608938547486
 226 -51.28491620111731
 63 -49.27374301675977
 99 -47.26256983240222
 3 -45.25139664804468
 296 -43.24022346368713
 4 -41.22905027932961
 147 -39.21787709497207
 318 -37.20670391061452
 456 -35.19553072625698
 106 -33.18435754189943
 51 -31.17318435754188
 142 -29.16201117318434
 15 -27.15083798882682
 51 -25.13966480446928
 620 -23.12849162011173
 128 -21.11731843575419
 48 -19.10614525139664
 10 -17.09497206703909
 39 -15.08379888268155
 184 -13.072625698324
 3 -11.06145251396646
 555 -9.050279329608941
 1 -7.039106145251395
 100 -5.02793296089385
 12 -3.016759776536304
 1 -1.005586592178759
 25 1.005586592178787
 136 3.016759776536333
 1 5.02793296089385
 519 7.039106145251395
 9 9.050279329608941
 116 11.06145251396649
 50 13.07262569832403
 15 15.08379888268158
 50 17.09497206703912
 117 19.10614525139667
 527 21.11731843575421
 61 23.12849162011173
 101 25.13966480446928
 93 27.15083798882682
 62 29.16201117318437
 216 31.17318435754191
 322 33.18435754189946
 236 35.195530726257
 156 37.20670391061452
 37 39.21787709497207
 266 41.22905027932961
 3 43.24022346368716
 130 45.2513966480447
 54 47.26256983240225
 238 49.27374301675979
 87 51.28491620111734
 200 53.29608938547489
 63 55.3072625698324
 138 57.31843575418995
 245 59.32960893854749
 57 61.34078212290504
 106 63.35195530726259
 65 65.36312849162013
 107 67.37430167597768
 38 69.38547486033519
 24 71.39664804469274
 43 73.40782122905028
 4 75.41899441340783
 5 77.43016759776538
 4 79.44134078212289
 1 81.45251396648047
 1 83.46368715083798
 3 85.47486033519556
 8 87.48603351955308
 7524 89.49720670391065
 6 91.50837988826817
 1 93.51955307262574
 0 95.53072625698326
 2 97.54189944134077
 4 99.55307262569835
 16 101.5642458100559
 23 103.5754189944134
 30 105.586592178771
 21 107.5977653631285
 101 109.608938547486
 92 111.6201117318436
 132 113.6312849162011
 4 115.6424581005587
 201 117.6536312849162
 159 119.6648044692737
 104 121.6759776536313
 151 123.6871508379888
 166 125.6983240223464
 75 127.7094972067039
 166 129.7206703910614
 184 131.731843575419
 1 133.7430167597765
 121 135.7541899441341
 186 137.7653631284916
 105 139.7765363128492
 141 141.7877094972067
 466 143.7988826815642
 119 145.8100558659218
 192 147.8212290502793
 46 149.8324022346369
 139 151.8435754189944
 69 153.854748603352
 450 155.8659217877095
 49 157.8770949720671
 137 159.8882681564246
 60 161.8994413407821
 52 163.9106145251397
 20 165.9217877094972
 122 167.9329608938548
 224 169.9441340782123
 326 171.9553072625699
 4 173.9664804469274
 170 175.9776536312849
 5 177.9888268156425
 0 180


