# Created by Octave 3.8.2, Mon Jun 22 04:23:23 2020 CEST <damian@fptrucha.inv.usc.es>
# name: hd
# type: matrix
# rows: 180
# columns: 2
 2 -180
 105 -177.9888268156425
 2 -175.9776536312849
 191 -173.9664804469274
 141 -171.9553072625698
 101 -169.9441340782123
 23 -167.9329608938548
 21 -165.9217877094972
 44 -163.9106145251397
 107 -161.8994413407821
 22 -159.8882681564246
 285 -157.877094972067
 33 -155.8659217877095
 74 -153.854748603352
 32 -151.8435754189944
 58 -149.8324022346369
 119 -147.8212290502793
 330 -145.8100558659218
 79 -143.7988826815642
 53 -141.7877094972067
 84 -139.7765363128491
 63 -137.7653631284916
 2 -135.7541899441341
 111 -133.7430167597765
 105 -131.731843575419
 48 -129.7206703910614
 117 -127.7094972067039
 137 -125.6983240223464
 70 -123.6871508379888
 129 -121.6759776536313
 118 -119.6648044692737
 2 -117.6536312849162
 84 -115.6424581005587
 61 -113.6312849162011
 74 -111.6201117318436
 17 -109.608938547486
 31 -107.5977653631285
 22 -105.5865921787709
 11 -103.5754189944134
 1 -101.5642458100559
 0 -99.55307262569832
 0 -97.54189944134077
 4 -95.53072625698323
 5 -93.5195530726257
 4751 -91.50837988826815
 5 -89.49720670391061
 4 -87.48603351955308
 0 -85.47486033519553
 1 -83.46368715083798
 0 -81.45251396648044
 6 -79.44134078212289
 8 -77.43016759776536
 28 -75.41899441340782
 32 -73.40782122905027
 33 -71.39664804469274
 61 -69.38547486033519
 48 -67.37430167597765
 68 -65.3631284916201
 31 -63.35195530726256
 160 -61.34078212290503
 83 -59.32960893854748
 129 -57.31843575418993
 63 -55.3072625698324
 30 -53.29608938547486
 135 -51.28491620111731
 42 -49.27374301675977
 73 -47.26256983240222
 1 -45.25139664804468
 181 -43.24022346368713
 8 -41.22905027932961
 88 -39.21787709497207
 148 -37.20670391061452
 270 -35.19553072625698
 66 -33.18435754189943
 33 -31.17318435754188
 103 -29.16201117318434
 4 -27.15083798882682
 37 -25.13966480446928
 335 -23.12849162011173
 79 -21.11731843575419
 32 -19.10614525139664
 5 -17.09497206703909
 22 -15.08379888268155
 88 -13.072625698324
 5 -11.06145251396646
 345 -9.050279329608941
 0 -7.039106145251395
 78 -5.02793296089385
 8 -3.016759776536304
 4 -1.005586592178759
 13 1.005586592178787
 78 3.016759776536333
 0 5.02793296089385
 311 7.039106145251395
 8 9.050279329608941
 85 11.06145251396649
 29 13.07262569832403
 11 15.08379888268158
 38 17.09497206703912
 80 19.10614525139667
 293 21.11731843575421
 31 23.12849162011173
 54 25.13966480446928
 79 27.15083798882682
 40 29.16201117318437
 107 31.17318435754191
 177 33.18435754189946
 144 35.195530726257
 84 37.20670391061452
 24 39.21787709497207
 160 41.22905027932961
 1 43.24022346368716
 67 45.2513966480447
 37 47.26256983240225
 185 49.27374301675979
 67 51.28491620111734
 138 53.29608938547489
 45 55.3072625698324
 80 57.31843575418995
 152 59.32960893854749
 39 61.34078212290504
 60 63.35195530726259
 58 65.36312849162013
 71 67.37430167597768
 22 69.38547486033519
 20 71.39664804469274
 29 73.40782122905028
 3 75.41899441340783
 2 77.43016759776538
 4 79.44134078212289
 2 81.45251396648047
 2 83.46368715083798
 2 85.47486033519556
 13 87.48603351955308
 4299 89.49720670391065
 6 91.50837988826817
 1 93.51955307262574
 1 95.53072625698326
 0 97.54189944134077
 1 99.55307262569835
 7 101.5642458100559
 13 103.5754189944134
 29 105.586592178771
 20 107.5977653631285
 86 109.608938547486
 85 111.6201117318436
 75 113.6312849162011
 1 115.6424581005587
 131 117.6536312849162
 90 119.6648044692737
 49 121.6759776536313
 97 123.6871508379888
 105 125.6983240223464
 43 127.7094972067039
 113 129.7206703910614
 114 131.731843575419
 1 133.7430167597765
 68 135.7541899441341
 99 137.7653631284916
 51 139.7765363128492
 80 141.7877094972067
 293 143.7988826815642
 90 145.8100558659218
 135 147.8212290502793
 21 149.8324022346369
 91 151.8435754189944
 48 153.854748603352
 269 155.8659217877095
 24 157.8770949720671
 84 159.8882681564246
 31 161.8994413407821
 26 163.9106145251397
 17 165.9217877094972
 78 167.9329608938548
 122 169.9441340782123
 217 171.9553072625699
 7 173.9664804469274
 103 175.9776536312849
 6 177.9888268156425
 0 180


