# Created by Octave 3.8.2, Mon Jun 22 04:55:41 2020 CEST <damian@fptrucha.inv.usc.es>
# name: hd
# type: matrix
# rows: 180
# columns: 2
 3 -180
 168 -177.9888268156425
 3 -175.9776536312849
 298 -173.9664804469274
 205 -171.9553072625698
 117 -169.9441340782123
 34 -167.9329608938548
 41 -165.9217877094972
 48 -163.9106145251397
 156 -161.8994413407821
 42 -159.8882681564246
 501 -157.877094972067
 72 -155.8659217877095
 110 -153.854748603352
 57 -151.8435754189944
 65 -149.8324022346369
 195 -147.8212290502793
 510 -145.8100558659218
 126 -143.7988826815642
 71 -141.7877094972067
 184 -139.7765363128491
 92 -137.7653631284916
 4 -135.7541899441341
 166 -133.7430167597765
 147 -131.731843575419
 59 -129.7206703910614
 160 -127.7094972067039
 169 -125.6983240223464
 91 -123.6871508379888
 169 -121.6759776536313
 191 -119.6648044692737
 4 -117.6536312849162
 120 -115.6424581005587
 130 -113.6312849162011
 116 -111.6201117318436
 18 -109.608938547486
 44 -107.5977653631285
 30 -105.5865921787709
 14 -103.5754189944134
 7 -101.5642458100559
 0 -99.55307262569832
 1 -97.54189944134077
 2 -95.53072625698323
 10 -93.5195530726257
 7010 -91.50837988826815
 19 -89.49720670391061
 6 -87.48603351955308
 3 -85.47486033519553
 2 -83.46368715083798
 3 -81.45251396648044
 10 -79.44134078212289
 9 -77.43016759776536
 52 -75.41899441340782
 35 -73.40782122905027
 53 -71.39664804469274
 131 -69.38547486033519
 66 -67.37430167597765
 113 -65.3631284916201
 56 -63.35195530726256
 256 -61.34078212290503
 136 -59.32960893854748
 189 -57.31843575418993
 78 -55.3072625698324
 77 -53.29608938547486
 181 -51.28491620111731
 61 -49.27374301675977
 107 -47.26256983240222
 2 -45.25139664804468
 284 -43.24022346368713
 5 -41.22905027932961
 145 -39.21787709497207
 221 -37.20670391061452
 365 -35.19553072625698
 120 -33.18435754189943
 62 -31.17318435754188
 165 -29.16201117318434
 9 -27.15083798882682
 55 -25.13966480446928
 522 -23.12849162011173
 130 -21.11731843575419
 59 -19.10614525139664
 18 -17.09497206703909
 40 -15.08379888268155
 163 -13.072625698324
 10 -11.06145251396646
 505 -9.050279329608941
 3 -7.039106145251395
 136 -5.02793296089385
 18 -3.016759776536304
 4 -1.005586592178759
 16 1.005586592178787
 123 3.016759776536333
 3 5.02793296089385
 494 7.039106145251395
 8 9.050279329608941
 150 11.06145251396649
 49 13.07262569832403
 8 15.08379888268158
 54 17.09497206703912
 101 19.10614525139667
 468 21.11731843575421
 47 23.12849162011173
 80 25.13966480446928
 98 27.15083798882682
 63 29.16201117318437
 177 31.17318435754191
 273 33.18435754189946
 226 35.195530726257
 120 37.20670391061452
 29 39.21787709497207
 247 41.22905027932961
 2 43.24022346368716
 117 45.2513966480447
 58 47.26256983240225
 224 49.27374301675979
 82 51.28491620111734
 183 53.29608938547489
 79 55.3072625698324
 135 57.31843575418995
 234 59.32960893854749
 60 61.34078212290504
 115 63.35195530726259
 61 65.36312849162013
 96 67.37430167597768
 36 69.38547486033519
 31 71.39664804469274
 53 73.40782122905028
 12 75.41899441340783
 5 77.43016759776538
 3 79.44134078212289
 0 81.45251396648047
 0 83.46368715083798
 4 85.47486033519556
 9 87.48603351955308
 6566 89.49720670391065
 6 91.50837988826817
 4 93.51955307262574
 2 95.53072625698326
 2 97.54189944134077
 0 99.55307262569835
 13 101.5642458100559
 37 103.5754189944134
 32 105.586592178771
 30 107.5977653631285
 81 109.608938547486
 97 111.6201117318436
 115 113.6312849162011
 6 115.6424581005587
 199 117.6536312849162
 161 119.6648044692737
 99 121.6759776536313
 119 123.6871508379888
 160 125.6983240223464
 79 127.7094972067039
 145 129.7206703910614
 158 131.731843575419
 2 133.7430167597765
 109 135.7541899441341
 149 137.7653631284916
 98 139.7765363128492
 133 141.7877094972067
 463 143.7988826815642
 120 145.8100558659218
 184 147.8212290502793
 41 149.8324022346369
 141 151.8435754189944
 53 153.854748603352
 437 155.8659217877095
 53 157.8770949720671
 134 159.8882681564246
 73 161.8994413407821
 47 163.9106145251397
 19 165.9217877094972
 141 167.9329608938548
 205 169.9441340782123
 316 171.9553072625699
 6 173.9664804469274
 144 175.9776536312849
 4 177.9888268156425
 0 180


