# Created by Octave 3.8.2, Sat Jun 20 14:40:20 2020 CEST <damian@fptrucha.inv.usc.es>
# name: hd
# type: matrix
# rows: 180
# columns: 2
 5 -180
 181 -177.9888268156425
 0 -175.9776536312849
 327 -173.9664804469274
 246 -171.9553072625698
 167 -169.9441340782123
 35 -167.9329608938548
 26 -165.9217877094972
 65 -163.9106145251397
 153 -161.8994413407821
 34 -159.8882681564246
 658 -157.877094972067
 57 -155.8659217877095
 129 -153.854748603352
 44 -151.8435754189944
 60 -149.8324022346369
 198 -147.8212290502793
 654 -145.8100558659218
 129 -143.7988826815642
 118 -141.7877094972067
 164 -139.7765363128491
 121 -137.7653631284916
 2 -135.7541899441341
 150 -133.7430167597765
 143 -131.731843575419
 73 -129.7206703910614
 164 -127.7094972067039
 221 -125.6983240223464
 108 -123.6871508379888
 213 -121.6759776536313
 213 -119.6648044692737
 1 -117.6536312849162
 100 -115.6424581005587
 101 -113.6312849162011
 130 -111.6201117318436
 18 -109.608938547486
 37 -107.5977653631285
 20 -105.5865921787709
 11 -103.5754189944134
 5 -101.5642458100559
 0 -99.55307262569832
 1 -97.54189944134077
 1 -95.53072625698323
 7 -93.5195530726257
 8368 -91.50837988826815
 10 -89.49720670391061
 5 -87.48603351955308
 0 -85.47486033519553
 1 -83.46368715083798
 3 -81.45251396648044
 5 -79.44134078212289
 1 -77.43016759776536
 40 -75.41899441340782
 17 -73.40782122905027
 58 -71.39664804469274
 98 -69.38547486033519
 60 -67.37430167597765
 109 -65.3631284916201
 48 -63.35195530726256
 295 -61.34078212290503
 115 -59.32960893854748
 229 -57.31843575418993
 99 -55.3072625698324
 63 -53.29608938547486
 231 -51.28491620111731
 55 -49.27374301675977
 124 -47.26256983240222
 2 -45.25139664804468
 287 -43.24022346368713
 3 -41.22905027932961
 145 -39.21787709497207
 337 -37.20670391061452
 436 -35.19553072625698
 96 -33.18435754189943
 65 -31.17318435754188
 135 -29.16201117318434
 11 -27.15083798882682
 54 -25.13966480446928
 692 -23.12849162011173
 151 -21.11731843575419
 49 -19.10614525139664
 16 -17.09497206703909
 28 -15.08379888268155
 178 -13.072625698324
 10 -11.06145251396646
 594 -9.050279329608941
 2 -7.039106145251395
 138 -5.02793296089385
 8 -3.016759776536304
 0 -1.005586592178759
 14 1.005586592178787
 132 3.016759776536333
 2 5.02793296089385
 594 7.039106145251395
 4 9.050279329608941
 138 11.06145251396649
 46 13.07262569832403
 9 15.08379888268158
 70 17.09497206703912
 111 19.10614525139667
 558 21.11731843575421
 71 23.12849162011173
 101 25.13966480446928
 98 27.15083798882682
 59 29.16201117318437
 219 31.17318435754191
 293 33.18435754189946
 263 35.195530726257
 148 37.20670391061452
 35 39.21787709497207
 265 41.22905027932961
 2 43.24022346368716
 107 45.2513966480447
 59 47.26256983240225
 192 49.27374301675979
 84 51.28491620111734
 191 53.29608938547489
 85 55.3072625698324
 141 57.31843575418995
 277 59.32960893854749
 55 61.34078212290504
 142 63.35195530726259
 71 65.36312849162013
 122 67.37430167597768
 43 69.38547486033519
 40 71.39664804469274
 38 73.40782122905028
 6 75.41899441340783
 8 77.43016759776538
 0 79.44134078212289
 0 81.45251396648047
 0 83.46368715083798
 1 85.47486033519556
 8 87.48603351955308
 8043 89.49720670391065
 5 91.50837988826817
 1 93.51955307262574
 1 95.53072625698326
 1 97.54189944134077
 0 99.55307262569835
 11 101.5642458100559
 21 103.5754189944134
 42 105.586592178771
 27 107.5977653631285
 121 109.608938547486
 120 111.6201117318436
 131 113.6312849162011
 2 115.6424581005587
 240 117.6536312849162
 165 119.6648044692737
 105 121.6759776536313
 188 123.6871508379888
 187 125.6983240223464
 78 127.7094972067039
 189 129.7206703910614
 198 131.731843575419
 5 133.7430167597765
 138 135.7541899441341
 161 137.7653631284916
 115 139.7765363128492
 132 141.7877094972067
 503 143.7988826815642
 125 145.8100558659218
 223 147.8212290502793
 38 149.8324022346369
 147 151.8435754189944
 82 153.854748603352
 448 155.8659217877095
 56 157.8770949720671
 127 159.8882681564246
 77 161.8994413407821
 44 163.9106145251397
 20 165.9217877094972
 126 167.9329608938548
 234 169.9441340782123
 316 171.9553072625699
 2 173.9664804469274
 148 175.9776536312849
 5 177.9888268156425
 0 180


