# Created by Octave 3.8.2, Sat Jun 20 17:12:54 2020 CEST <damian@fptrucha.inv.usc.es>
# name: hd
# type: matrix
# rows: 180
# columns: 2
 7 -180
 146 -177.9888268156425
 6 -175.9776536312849
 340 -173.9664804469274
 245 -171.9553072625698
 148 -169.9441340782123
 26 -167.9329608938548
 34 -165.9217877094972
 63 -163.9106145251397
 137 -161.8994413407821
 33 -159.8882681564246
 608 -157.877094972067
 64 -155.8659217877095
 122 -153.854748603352
 35 -151.8435754189944
 48 -149.8324022346369
 177 -147.8212290502793
 595 -145.8100558659218
 128 -143.7988826815642
 85 -141.7877094972067
 160 -139.7765363128491
 104 -137.7653631284916
 2 -135.7541899441341
 150 -133.7430167597765
 163 -131.731843575419
 70 -129.7206703910614
 176 -127.7094972067039
 255 -125.6983240223464
 110 -123.6871508379888
 186 -121.6759776536313
 191 -119.6648044692737
 1 -117.6536312849162
 104 -115.6424581005587
 154 -113.6312849162011
 135 -111.6201117318436
 18 -109.608938547486
 29 -107.5977653631285
 22 -105.5865921787709
 11 -103.5754189944134
 2 -101.5642458100559
 0 -99.55307262569832
 2 -97.54189944134077
 0 -95.53072625698323
 2 -93.5195530726257
 8315 -91.50837988826815
 7 -89.49720670391061
 4 -87.48603351955308
 0 -85.47486033519553
 0 -83.46368715083798
 1 -81.45251396648044
 5 -79.44134078212289
 6 -77.43016759776536
 44 -75.41899441340782
 27 -73.40782122905027
 44 -71.39664804469274
 107 -69.38547486033519
 76 -67.37430167597765
 98 -65.3631284916201
 56 -63.35195530726256
 283 -61.34078212290503
 182 -59.32960893854748
 227 -57.31843575418993
 84 -55.3072625698324
 79 -53.29608938547486
 244 -51.28491620111731
 43 -49.27374301675977
 97 -47.26256983240222
 3 -45.25139664804468
 282 -43.24022346368713
 3 -41.22905027932961
 138 -39.21787709497207
 342 -37.20670391061452
 483 -35.19553072625698
 109 -33.18435754189943
 60 -31.17318435754188
 137 -29.16201117318434
 7 -27.15083798882682
 42 -25.13966480446928
 637 -23.12849162011173
 146 -21.11731843575419
 54 -19.10614525139664
 9 -17.09497206703909
 28 -15.08379888268155
 194 -13.072625698324
 6 -11.06145251396646
 599 -9.050279329608941
 1 -7.039106145251395
 111 -5.02793296089385
 22 -3.016759776536304
 0 -1.005586592178759
 23 1.005586592178787
 116 3.016759776536333
 1 5.02793296089385
 565 7.039106145251395
 5 9.050279329608941
 135 11.06145251396649
 50 13.07262569832403
 10 15.08379888268158
 60 17.09497206703912
 131 19.10614525139667
 493 21.11731843575421
 51 23.12849162011173
 103 25.13966480446928
 112 27.15083798882682
 43 29.16201117318437
 224 31.17318435754191
 336 33.18435754189946
 250 35.195530726257
 173 37.20670391061452
 35 39.21787709497207
 272 41.22905027932961
 0 43.24022346368716
 119 45.2513966480447
 58 47.26256983240225
 240 49.27374301675979
 88 51.28491620111734
 192 53.29608938547489
 59 55.3072625698324
 119 57.31843575418995
 270 59.32960893854749
 68 61.34078212290504
 120 63.35195530726259
 83 65.36312849162013
 94 67.37430167597768
 45 69.38547486033519
 31 71.39664804469274
 34 73.40782122905028
 3 75.41899441340783
 9 77.43016759776538
 0 79.44134078212289
 0 81.45251396648047
 0 83.46368715083798
 2 85.47486033519556
 11 87.48603351955308
 7603 89.49720670391065
 3 91.50837988826817
 2 93.51955307262574
 1 95.53072625698326
 0 97.54189944134077
 1 99.55307262569835
 11 101.5642458100559
 23 103.5754189944134
 39 105.586592178771
 23 107.5977653631285
 108 109.608938547486
 119 111.6201117318436
 126 113.6312849162011
 1 115.6424581005587
 211 117.6536312849162
 169 119.6648044692737
 73 121.6759776536313
 154 123.6871508379888
 163 125.6983240223464
 81 127.7094972067039
 149 129.7206703910614
 155 131.731843575419
 2 133.7430167597765
 116 135.7541899441341
 158 137.7653631284916
 93 139.7765363128492
 149 141.7877094972067
 469 143.7988826815642
 125 145.8100558659218
 221 147.8212290502793
 38 149.8324022346369
 167 151.8435754189944
 51 153.854748603352
 426 155.8659217877095
 44 157.8770949720671
 129 159.8882681564246
 70 161.8994413407821
 36 163.9106145251397
 17 165.9217877094972
 139 167.9329608938548
 236 169.9441340782123
 313 171.9553072625699
 2 173.9664804469274
 134 175.9776536312849
 6 177.9888268156425
 0 180


