# Created by Octave 3.8.2, Mon Jun 22 17:35:35 2020 CEST <damian@fptrucha.inv.usc.es>
# name: hd
# type: matrix
# rows: 180
# columns: 2
 6 -180
 171 -177.9888268156425
 3 -175.9776536312849
 386 -173.9664804469274
 250 -171.9553072625698
 151 -169.9441340782123
 41 -167.9329608938548
 34 -165.9217877094972
 60 -163.9106145251397
 167 -161.8994413407821
 57 -159.8882681564246
 547 -157.877094972067
 67 -155.8659217877095
 126 -153.854748603352
 53 -151.8435754189944
 84 -149.8324022346369
 222 -147.8212290502793
 619 -145.8100558659218
 129 -143.7988826815642
 105 -141.7877094972067
 172 -139.7765363128491
 109 -137.7653631284916
 4 -135.7541899441341
 201 -133.7430167597765
 167 -131.731843575419
 92 -129.7206703910614
 185 -127.7094972067039
 197 -125.6983240223464
 98 -123.6871508379888
 192 -121.6759776536313
 220 -119.6648044692737
 4 -117.6536312849162
 125 -115.6424581005587
 138 -113.6312849162011
 142 -111.6201117318436
 22 -109.608938547486
 42 -107.5977653631285
 32 -105.5865921787709
 10 -103.5754189944134
 5 -101.5642458100559
 1 -99.55307262569832
 1 -97.54189944134077
 2 -95.53072625698323
 6 -93.5195530726257
 8206 -91.50837988826815
 13 -89.49720670391061
 5 -87.48603351955308
 1 -85.47486033519553
 0 -83.46368715083798
 2 -81.45251396648044
 7 -79.44134078212289
 13 -77.43016759776536
 43 -75.41899441340782
 44 -73.40782122905027
 54 -71.39664804469274
 119 -69.38547486033519
 75 -67.37430167597765
 109 -65.3631284916201
 71 -63.35195530726256
 283 -61.34078212290503
 129 -59.32960893854748
 249 -57.31843575418993
 103 -55.3072625698324
 90 -53.29608938547486
 250 -51.28491620111731
 58 -49.27374301675977
 138 -47.26256983240222
 6 -45.25139664804468
 283 -43.24022346368713
 5 -41.22905027932961
 167 -39.21787709497207
 318 -37.20670391061452
 437 -35.19553072625698
 132 -33.18435754189943
 66 -31.17318435754188
 173 -29.16201117318434
 8 -27.15083798882682
 72 -25.13966480446928
 599 -23.12849162011173
 148 -21.11731843575419
 61 -19.10614525139664
 16 -17.09497206703909
 55 -15.08379888268155
 150 -13.072625698324
 14 -11.06145251396646
 599 -9.050279329608941
 3 -7.039106145251395
 151 -5.02793296089385
 29 -3.016759776536304
 3 -1.005586592178759
 29 1.005586592178787
 106 3.016759776536333
 2 5.02793296089385
 604 7.039106145251395
 5 9.050279329608941
 165 11.06145251396649
 47 13.07262569832403
 15 15.08379888268158
 48 17.09497206703912
 123 19.10614525139667
 556 21.11731843575421
 69 23.12849162011173
 92 25.13966480446928
 85 27.15083798882682
 57 29.16201117318437
 232 31.17318435754191
 365 33.18435754189946
 257 35.195530726257
 152 37.20670391061452
 36 39.21787709497207
 298 41.22905027932961
 2 43.24022346368716
 140 45.2513966480447
 72 47.26256983240225
 266 49.27374301675979
 77 51.28491620111734
 205 53.29608938547489
 86 55.3072625698324
 166 57.31843575418995
 272 59.32960893854749
 52 61.34078212290504
 136 63.35195530726259
 97 65.36312849162013
 127 67.37430167597768
 41 69.38547486033519
 26 71.39664804469274
 44 73.40782122905028
 9 75.41899441340783
 5 77.43016759776538
 2 79.44134078212289
 2 81.45251396648047
 1 83.46368715083798
 3 85.47486033519556
 11 87.48603351955308
 7590 89.49720670391065
 15 91.50837988826817
 4 93.51955307262574
 1 95.53072625698326
 3 97.54189944134077
 5 99.55307262569835
 12 101.5642458100559
 29 103.5754189944134
 44 105.586592178771
 34 107.5977653631285
 115 109.608938547486
 131 111.6201117318436
 131 113.6312849162011
 3 115.6424581005587
 211 117.6536312849162
 197 119.6648044692737
 110 121.6759776536313
 155 123.6871508379888
 196 125.6983240223464
 94 127.7094972067039
 180 129.7206703910614
 183 131.731843575419
 4 133.7430167597765
 110 135.7541899441341
 207 137.7653631284916
 90 139.7765363128492
 163 141.7877094972067
 510 143.7988826815642
 126 145.8100558659218
 214 147.8212290502793
 42 149.8324022346369
 141 151.8435754189944
 83 153.854748603352
 521 155.8659217877095
 39 157.8770949720671
 157 159.8882681564246
 62 161.8994413407821
 58 163.9106145251397
 19 165.9217877094972
 134 167.9329608938548
 221 169.9441340782123
 339 171.9553072625699
 6 173.9664804469274
 163 175.9776536312849
 8 177.9888268156425
 0 180


