# Created by Octave 3.8.2, Mon Jun 22 21:10:45 2020 CEST <damian@fptrucha.inv.usc.es>
# name: hd
# type: matrix
# rows: 180
# columns: 2
 1 -180
 185 -177.9888268156425
 4 -175.9776536312849
 377 -173.9664804469274
 264 -171.9553072625698
 150 -169.9441340782123
 43 -167.9329608938548
 46 -165.9217877094972
 74 -163.9106145251397
 179 -161.8994413407821
 38 -159.8882681564246
 636 -157.877094972067
 89 -155.8659217877095
 141 -153.854748603352
 50 -151.8435754189944
 79 -149.8324022346369
 251 -147.8212290502793
 659 -145.8100558659218
 153 -143.7988826815642
 101 -141.7877094972067
 178 -139.7765363128491
 142 -137.7653631284916
 3 -135.7541899441341
 179 -133.7430167597765
 195 -131.731843575419
 96 -129.7206703910614
 200 -127.7094972067039
 265 -125.6983240223464
 120 -123.6871508379888
 180 -121.6759776536313
 220 -119.6648044692737
 3 -117.6536312849162
 151 -115.6424581005587
 126 -113.6312849162011
 145 -111.6201117318436
 30 -109.608938547486
 45 -107.5977653631285
 31 -105.5865921787709
 12 -103.5754189944134
 4 -101.5642458100559
 2 -99.55307262569832
 3 -97.54189944134077
 4 -95.53072625698323
 8 -93.5195530726257
 8605 -91.50837988826815
 17 -89.49720670391061
 5 -87.48603351955308
 0 -85.47486033519553
 1 -83.46368715083798
 5 -81.45251396648044
 14 -79.44134078212289
 10 -77.43016759776536
 63 -75.41899441340782
 32 -73.40782122905027
 63 -71.39664804469274
 132 -69.38547486033519
 94 -67.37430167597765
 110 -65.3631284916201
 49 -63.35195530726256
 264 -61.34078212290503
 160 -59.32960893854748
 226 -57.31843575418993
 119 -55.3072625698324
 83 -53.29608938547486
 261 -51.28491620111731
 51 -49.27374301675977
 125 -47.26256983240222
 8 -45.25139664804468
 308 -43.24022346368713
 5 -41.22905027932961
 188 -39.21787709497207
 304 -37.20670391061452
 467 -35.19553072625698
 115 -33.18435754189943
 67 -31.17318435754188
 171 -29.16201117318434
 10 -27.15083798882682
 67 -25.13966480446928
 627 -23.12849162011173
 152 -21.11731843575419
 66 -19.10614525139664
 16 -17.09497206703909
 43 -15.08379888268155
 154 -13.072625698324
 7 -11.06145251396646
 595 -9.050279329608941
 3 -7.039106145251395
 115 -5.02793296089385
 30 -3.016759776536304
 4 -1.005586592178759
 23 1.005586592178787
 133 3.016759776536333
 4 5.02793296089385
 617 7.039106145251395
 6 9.050279329608941
 142 11.06145251396649
 47 13.07262569832403
 8 15.08379888268158
 42 17.09497206703912
 115 19.10614525139667
 551 21.11731843575421
 58 23.12849162011173
 85 25.13966480446928
 119 27.15083798882682
 62 29.16201117318437
 228 31.17318435754191
 352 33.18435754189946
 246 35.195530726257
 160 37.20670391061452
 35 39.21787709497207
 287 41.22905027932961
 4 43.24022346368716
 143 45.2513966480447
 59 47.26256983240225
 246 49.27374301675979
 79 51.28491620111734
 215 53.29608938547489
 100 55.3072625698324
 141 57.31843575418995
 257 59.32960893854749
 52 61.34078212290504
 117 63.35195530726259
 78 65.36312849162013
 106 67.37430167597768
 45 69.38547486033519
 34 71.39664804469274
 68 73.40782122905028
 11 75.41899441340783
 13 77.43016759776538
 2 79.44134078212289
 0 81.45251396648047
 0 83.46368715083798
 5 85.47486033519556
 13 87.48603351955308
 7909 89.49720670391065
 6 91.50837988826817
 4 93.51955307262574
 0 95.53072625698326
 0 97.54189944134077
 6 99.55307262569835
 19 101.5642458100559
 28 103.5754189944134
 41 105.586592178771
 22 107.5977653631285
 119 109.608938547486
 112 111.6201117318436
 140 113.6312849162011
 4 115.6424581005587
 225 117.6536312849162
 180 119.6648044692737
 102 121.6759776536313
 177 123.6871508379888
 207 125.6983240223464
 88 127.7094972067039
 165 129.7206703910614
 171 131.731843575419
 3 133.7430167597765
 126 135.7541899441341
 188 137.7653631284916
 105 139.7765363128492
 140 141.7877094972067
 488 143.7988826815642
 118 145.8100558659218
 199 147.8212290502793
 47 149.8324022346369
 128 151.8435754189944
 75 153.854748603352
 511 155.8659217877095
 43 157.8770949720671
 159 159.8882681564246
 61 161.8994413407821
 48 163.9106145251397
 21 165.9217877094972
 132 167.9329608938548
 223 169.9441340782123
 386 171.9553072625699
 4 173.9664804469274
 183 175.9776536312849
 3 177.9888268156425
 0 180


