# Created by Octave 3.8.2, Sun Jun 21 06:24:08 2020 CEST <damian@fptrucha.inv.usc.es>
# name: hd
# type: matrix
# rows: 180
# columns: 2
 2 -180
 146 -177.9888268156425
 4 -175.9776536312849
 370 -173.9664804469274
 228 -171.9553072625698
 158 -169.9441340782123
 33 -167.9329608938548
 33 -165.9217877094972
 50 -163.9106145251397
 141 -161.8994413407821
 38 -159.8882681564246
 634 -157.877094972067
 39 -155.8659217877095
 130 -153.854748603352
 36 -151.8435754189944
 57 -149.8324022346369
 212 -147.8212290502793
 617 -145.8100558659218
 121 -143.7988826815642
 80 -141.7877094972067
 146 -139.7765363128491
 111 -137.7653631284916
 0 -135.7541899441341
 143 -133.7430167597765
 124 -131.731843575419
 81 -129.7206703910614
 171 -127.7094972067039
 249 -125.6983240223464
 94 -123.6871508379888
 196 -121.6759776536313
 162 -119.6648044692737
 3 -117.6536312849162
 95 -115.6424581005587
 107 -113.6312849162011
 105 -111.6201117318436
 18 -109.608938547486
 25 -107.5977653631285
 18 -105.5865921787709
 9 -103.5754189944134
 1 -101.5642458100559
 1 -99.55307262569832
 1 -97.54189944134077
 0 -95.53072625698323
 4 -93.5195530726257
 7823 -91.50837988826815
 10 -89.49720670391061
 3 -87.48603351955308
 0 -85.47486033519553
 1 -83.46368715083798
 1 -81.45251396648044
 2 -79.44134078212289
 4 -77.43016759776536
 33 -75.41899441340782
 13 -73.40782122905027
 49 -71.39664804469274
 120 -69.38547486033519
 68 -67.37430167597765
 87 -65.3631284916201
 50 -63.35195530726256
 255 -61.34078212290503
 147 -59.32960893854748
 213 -57.31843575418993
 108 -55.3072625698324
 76 -53.29608938547486
 225 -51.28491620111731
 55 -49.27374301675977
 101 -47.26256983240222
 2 -45.25139664804468
 230 -43.24022346368713
 0 -41.22905027932961
 132 -39.21787709497207
 317 -37.20670391061452
 468 -35.19553072625698
 100 -33.18435754189943
 39 -31.17318435754188
 132 -29.16201117318434
 13 -27.15083798882682
 49 -25.13966480446928
 605 -23.12849162011173
 133 -21.11731843575419
 37 -19.10614525139664
 10 -17.09497206703909
 37 -15.08379888268155
 173 -13.072625698324
 13 -11.06145251396646
 557 -9.050279329608941
 3 -7.039106145251395
 142 -5.02793296089385
 26 -3.016759776536304
 1 -1.005586592178759
 17 1.005586592178787
 132 3.016759776536333
 2 5.02793296089385
 466 7.039106145251395
 12 9.050279329608941
 109 11.06145251396649
 43 13.07262569832403
 14 15.08379888268158
 55 17.09497206703912
 116 19.10614525139667
 498 21.11731843575421
 51 23.12849162011173
 68 25.13966480446928
 93 27.15083798882682
 60 29.16201117318437
 210 31.17318435754191
 273 33.18435754189946
 242 35.195530726257
 132 37.20670391061452
 41 39.21787709497207
 255 41.22905027932961
 1 43.24022346368716
 112 45.2513966480447
 57 47.26256983240225
 213 49.27374301675979
 80 51.28491620111734
 176 53.29608938547489
 84 55.3072625698324
 128 57.31843575418995
 226 59.32960893854749
 61 61.34078212290504
 125 63.35195530726259
 63 65.36312849162013
 101 67.37430167597768
 50 69.38547486033519
 24 71.39664804469274
 40 73.40782122905028
 11 75.41899441340783
 9 77.43016759776538
 1 79.44134078212289
 0 81.45251396648047
 1 83.46368715083798
 4 85.47486033519556
 9 87.48603351955308
 7496 89.49720670391065
 5 91.50837988826817
 1 93.51955307262574
 2 95.53072625698326
 0 97.54189944134077
 2 99.55307262569835
 11 101.5642458100559
 20 103.5754189944134
 29 105.586592178771
 24 107.5977653631285
 98 109.608938547486
 126 111.6201117318436
 106 113.6312849162011
 0 115.6424581005587
 176 117.6536312849162
 164 119.6648044692737
 91 121.6759776536313
 175 123.6871508379888
 169 125.6983240223464
 74 127.7094972067039
 147 129.7206703910614
 173 131.731843575419
 1 133.7430167597765
 105 135.7541899441341
 175 137.7653631284916
 88 139.7765363128492
 139 141.7877094972067
 426 143.7988826815642
 117 145.8100558659218
 183 147.8212290502793
 41 149.8324022346369
 139 151.8435754189944
 51 153.854748603352
 428 155.8659217877095
 51 157.8770949720671
 115 159.8882681564246
 60 161.8994413407821
 48 163.9106145251397
 17 165.9217877094972
 96 167.9329608938548
 219 169.9441340782123
 333 171.9553072625699
 1 173.9664804469274
 130 175.9776536312849
 1 177.9888268156425
 0 180


