# Created by Octave 3.8.2, Sat Jun 20 02:05:41 2020 CEST <damian@fptrucha.inv.usc.es>
# name: hd
# type: matrix
# rows: 180
# columns: 2
 2 -180
 170 -177.9888268156425
 2 -175.9776536312849
 399 -173.9664804469274
 254 -171.9553072625698
 168 -169.9441340782123
 28 -167.9329608938548
 39 -165.9217877094972
 71 -163.9106145251397
 183 -161.8994413407821
 44 -159.8882681564246
 658 -157.877094972067
 69 -155.8659217877095
 152 -153.854748603352
 51 -151.8435754189944
 77 -149.8324022346369
 260 -147.8212290502793
 709 -145.8100558659218
 155 -143.7988826815642
 103 -141.7877094972067
 202 -139.7765363128491
 102 -137.7653631284916
 2 -135.7541899441341
 180 -133.7430167597765
 168 -131.731843575419
 91 -129.7206703910614
 191 -127.7094972067039
 260 -125.6983240223464
 102 -123.6871508379888
 216 -121.6759776536313
 223 -119.6648044692737
 2 -117.6536312849162
 133 -115.6424581005587
 130 -113.6312849162011
 146 -111.6201117318436
 24 -109.608938547486
 37 -107.5977653631285
 31 -105.5865921787709
 13 -103.5754189944134
 3 -101.5642458100559
 1 -99.55307262569832
 2 -97.54189944134077
 0 -95.53072625698323
 7 -93.5195530726257
 9042 -91.50837988826815
 14 -89.49720670391061
 3 -87.48603351955308
 3 -85.47486033519553
 1 -83.46368715083798
 2 -81.45251396648044
 7 -79.44134078212289
 8 -77.43016759776536
 59 -75.41899441340782
 24 -73.40782122905027
 55 -71.39664804469274
 139 -69.38547486033519
 94 -67.37430167597765
 121 -65.3631284916201
 41 -63.35195530726256
 314 -61.34078212290503
 140 -59.32960893854748
 256 -57.31843575418993
 100 -55.3072625698324
 90 -53.29608938547486
 222 -51.28491620111731
 62 -49.27374301675977
 127 -47.26256983240222
 0 -45.25139664804468
 305 -43.24022346368713
 4 -41.22905027932961
 159 -39.21787709497207
 324 -37.20670391061452
 468 -35.19553072625698
 114 -33.18435754189943
 55 -31.17318435754188
 166 -29.16201117318434
 13 -27.15083798882682
 62 -25.13966480446928
 663 -23.12849162011173
 130 -21.11731843575419
 63 -19.10614525139664
 13 -17.09497206703909
 34 -15.08379888268155
 174 -13.072625698324
 5 -11.06145251396646
 584 -9.050279329608941
 2 -7.039106145251395
 132 -5.02793296089385
 18 -3.016759776536304
 1 -1.005586592178759
 19 1.005586592178787
 123 3.016759776536333
 2 5.02793296089385
 601 7.039106145251395
 10 9.050279329608941
 140 11.06145251396649
 47 13.07262569832403
 3 15.08379888268158
 65 17.09497206703912
 108 19.10614525139667
 547 21.11731843575421
 58 23.12849162011173
 98 25.13966480446928
 119 27.15083798882682
 47 29.16201117318437
 220 31.17318435754191
 335 33.18435754189946
 223 35.195530726257
 166 37.20670391061452
 32 39.21787709497207
 274 41.22905027932961
 3 43.24022346368716
 111 45.2513966480447
 59 47.26256983240225
 219 49.27374301675979
 89 51.28491620111734
 185 53.29608938547489
 58 55.3072625698324
 123 57.31843575418995
 232 59.32960893854749
 47 61.34078212290504
 124 63.35195530726259
 71 65.36312849162013
 92 67.37430167597768
 45 69.38547486033519
 37 71.39664804469274
 35 73.40782122905028
 6 75.41899441340783
 5 77.43016759776538
 1 79.44134078212289
 0 81.45251396648047
 3 83.46368715083798
 5 85.47486033519556
 7 87.48603351955308
 8089 89.49720670391065
 2 91.50837988826817
 2 93.51955307262574
 1 95.53072625698326
 2 97.54189944134077
 2 99.55307262569835
 9 101.5642458100559
 18 103.5754189944134
 32 105.586592178771
 14 107.5977653631285
 93 109.608938547486
 108 111.6201117318436
 115 113.6312849162011
 2 115.6424581005587
 217 117.6536312849162
 165 119.6648044692737
 98 121.6759776536313
 179 123.6871508379888
 166 125.6983240223464
 74 127.7094972067039
 150 129.7206703910614
 169 131.731843575419
 6 133.7430167597765
 114 135.7541899441341
 171 137.7653631284916
 87 139.7765363128492
 135 141.7877094972067
 521 143.7988826815642
 123 145.8100558659218
 199 147.8212290502793
 42 149.8324022346369
 147 151.8435754189944
 62 153.854748603352
 527 155.8659217877095
 58 157.8770949720671
 140 159.8882681564246
 77 161.8994413407821
 43 163.9106145251397
 17 165.9217877094972
 136 167.9329608938548
 257 169.9441340782123
 345 171.9553072625699
 1 173.9664804469274
 147 175.9776536312849
 5 177.9888268156425
 0 180


