# Created by Octave 3.8.2, Mon Jun 22 21:59:31 2020 CEST <damian@fptrucha.inv.usc.es>
# name: hd
# type: matrix
# rows: 180
# columns: 2
 4 -180
 170 -177.9888268156425
 2 -175.9776536312849
 382 -173.9664804469274
 254 -171.9553072625698
 157 -169.9441340782123
 36 -167.9329608938548
 58 -165.9217877094972
 61 -163.9106145251397
 176 -161.8994413407821
 52 -159.8882681564246
 603 -157.877094972067
 73 -155.8659217877095
 143 -153.854748603352
 47 -151.8435754189944
 59 -149.8324022346369
 220 -147.8212290502793
 605 -145.8100558659218
 120 -143.7988826815642
 100 -141.7877094972067
 189 -139.7765363128491
 128 -137.7653631284916
 4 -135.7541899441341
 178 -133.7430167597765
 179 -131.731843575419
 91 -129.7206703910614
 203 -127.7094972067039
 237 -125.6983240223464
 118 -123.6871508379888
 186 -121.6759776536313
 216 -119.6648044692737
 4 -117.6536312849162
 129 -115.6424581005587
 127 -113.6312849162011
 147 -111.6201117318436
 28 -109.608938547486
 36 -107.5977653631285
 22 -105.5865921787709
 16 -103.5754189944134
 2 -101.5642458100559
 0 -99.55307262569832
 0 -97.54189944134077
 3 -95.53072625698323
 15 -93.5195530726257
 8651 -91.50837988826815
 14 -89.49720670391061
 3 -87.48603351955308
 1 -85.47486033519553
 0 -83.46368715083798
 4 -81.45251396648044
 10 -79.44134078212289
 7 -77.43016759776536
 55 -75.41899441340782
 26 -73.40782122905027
 46 -71.39664804469274
 138 -69.38547486033519
 105 -67.37430167597765
 125 -65.3631284916201
 62 -63.35195530726256
 309 -61.34078212290503
 158 -59.32960893854748
 254 -57.31843575418993
 100 -55.3072625698324
 75 -53.29608938547486
 243 -51.28491620111731
 77 -49.27374301675977
 128 -47.26256983240222
 4 -45.25139664804468
 294 -43.24022346368713
 4 -41.22905027932961
 187 -39.21787709497207
 320 -37.20670391061452
 447 -35.19553072625698
 114 -33.18435754189943
 68 -31.17318435754188
 164 -29.16201117318434
 13 -27.15083798882682
 50 -25.13966480446928
 602 -23.12849162011173
 145 -21.11731843575419
 50 -19.10614525139664
 17 -17.09497206703909
 44 -15.08379888268155
 152 -13.072625698324
 11 -11.06145251396646
 611 -9.050279329608941
 3 -7.039106145251395
 136 -5.02793296089385
 23 -3.016759776536304
 3 -1.005586592178759
 20 1.005586592178787
 137 3.016759776536333
 4 5.02793296089385
 618 7.039106145251395
 12 9.050279329608941
 161 11.06145251396649
 54 13.07262569832403
 8 15.08379888268158
 62 17.09497206703912
 122 19.10614525139667
 584 21.11731843575421
 64 23.12849162011173
 89 25.13966480446928
 93 27.15083798882682
 66 29.16201117318437
 219 31.17318435754191
 316 33.18435754189946
 271 35.195530726257
 163 37.20670391061452
 36 39.21787709497207
 313 41.22905027932961
 0 43.24022346368716
 130 45.2513966480447
 54 47.26256983240225
 242 49.27374301675979
 83 51.28491620111734
 204 53.29608938547489
 86 55.3072625698324
 150 57.31843575418995
 278 59.32960893854749
 70 61.34078212290504
 138 63.35195530726259
 78 65.36312849162013
 128 67.37430167597768
 51 69.38547486033519
 21 71.39664804469274
 53 73.40782122905028
 7 75.41899441340783
 6 77.43016759776538
 1 79.44134078212289
 1 81.45251396648047
 0 83.46368715083798
 5 85.47486033519556
 14 87.48603351955308
 7933 89.49720670391065
 5 91.50837988826817
 2 93.51955307262574
 2 95.53072625698326
 1 97.54189944134077
 3 99.55307262569835
 19 101.5642458100559
 28 103.5754189944134
 49 105.586592178771
 30 107.5977653631285
 118 109.608938547486
 136 111.6201117318436
 145 113.6312849162011
 5 115.6424581005587
 205 117.6536312849162
 192 119.6648044692737
 108 121.6759776536313
 203 123.6871508379888
 185 125.6983240223464
 89 127.7094972067039
 164 129.7206703910614
 196 131.731843575419
 2 133.7430167597765
 119 135.7541899441341
 171 137.7653631284916
 111 139.7765363128492
 152 141.7877094972067
 488 143.7988826815642
 121 145.8100558659218
 199 147.8212290502793
 54 149.8324022346369
 129 151.8435754189944
 61 153.854748603352
 522 155.8659217877095
 59 157.8770949720671
 150 159.8882681564246
 63 161.8994413407821
 47 163.9106145251397
 20 165.9217877094972
 125 167.9329608938548
 251 169.9441340782123
 346 171.9553072625699
 2 173.9664804469274
 164 175.9776536312849
 5 177.9888268156425
 0 180


