# Created by Octave 3.8.2, Sat Jun 20 16:04:36 2020 CEST <damian@fptrucha.inv.usc.es>
# name: hd
# type: matrix
# rows: 180
# columns: 2
 2 -180
 147 -177.9888268156425
 3 -175.9776536312849
 375 -173.9664804469274
 237 -171.9553072625698
 159 -169.9441340782123
 28 -167.9329608938548
 34 -165.9217877094972
 50 -163.9106145251397
 167 -161.8994413407821
 43 -159.8882681564246
 603 -157.877094972067
 51 -155.8659217877095
 138 -153.854748603352
 47 -151.8435754189944
 74 -149.8324022346369
 218 -147.8212290502793
 695 -145.8100558659218
 128 -143.7988826815642
 72 -141.7877094972067
 172 -139.7765363128491
 90 -137.7653631284916
 4 -135.7541899441341
 157 -133.7430167597765
 156 -131.731843575419
 68 -129.7206703910614
 165 -127.7094972067039
 241 -125.6983240223464
 102 -123.6871508379888
 190 -121.6759776536313
 192 -119.6648044692737
 0 -117.6536312849162
 88 -115.6424581005587
 98 -113.6312849162011
 128 -111.6201117318436
 13 -109.608938547486
 40 -107.5977653631285
 28 -105.5865921787709
 14 -103.5754189944134
 2 -101.5642458100559
 1 -99.55307262569832
 1 -97.54189944134077
 2 -95.53072625698323
 7 -93.5195530726257
 8384 -91.50837988826815
 9 -89.49720670391061
 1 -87.48603351955308
 0 -85.47486033519553
 0 -83.46368715083798
 2 -81.45251396648044
 9 -79.44134078212289
 5 -77.43016759776536
 56 -75.41899441340782
 32 -73.40782122905027
 68 -71.39664804469274
 120 -69.38547486033519
 73 -67.37430167597765
 90 -65.3631284916201
 46 -63.35195530726256
 264 -61.34078212290503
 144 -59.32960893854748
 192 -57.31843575418993
 103 -55.3072625698324
 79 -53.29608938547486
 213 -51.28491620111731
 54 -49.27374301675977
 112 -47.26256983240222
 1 -45.25139664804468
 255 -43.24022346368713
 1 -41.22905027932961
 153 -39.21787709497207
 332 -37.20670391061452
 489 -35.19553072625698
 117 -33.18435754189943
 59 -31.17318435754188
 143 -29.16201117318434
 7 -27.15083798882682
 56 -25.13966480446928
 691 -23.12849162011173
 149 -21.11731843575419
 50 -19.10614525139664
 10 -17.09497206703909
 44 -15.08379888268155
 167 -13.072625698324
 5 -11.06145251396646
 558 -9.050279329608941
 3 -7.039106145251395
 137 -5.02793296089385
 16 -3.016759776536304
 5 -1.005586592178759
 23 1.005586592178787
 134 3.016759776536333
 3 5.02793296089385
 564 7.039106145251395
 8 9.050279329608941
 133 11.06145251396649
 61 13.07262569832403
 13 15.08379888268158
 55 17.09497206703912
 102 19.10614525139667
 555 21.11731843575421
 69 23.12849162011173
 92 25.13966480446928
 124 27.15083798882682
 68 29.16201117318437
 260 31.17318435754191
 296 33.18435754189946
 228 35.195530726257
 195 37.20670391061452
 27 39.21787709497207
 312 41.22905027932961
 5 43.24022346368716
 115 45.2513966480447
 57 47.26256983240225
 242 49.27374301675979
 96 51.28491620111734
 209 53.29608938547489
 73 55.3072625698324
 141 57.31843575418995
 235 59.32960893854749
 59 61.34078212290504
 115 63.35195530726259
 81 65.36312849162013
 108 67.37430167597768
 41 69.38547486033519
 31 71.39664804469274
 36 73.40782122905028
 2 75.41899441340783
 4 77.43016759776538
 4 79.44134078212289
 0 81.45251396648047
 1 83.46368715083798
 2 85.47486033519556
 11 87.48603351955308
 7877 89.49720670391065
 9 91.50837988826817
 2 93.51955307262574
 0 95.53072625698326
 1 97.54189944134077
 1 99.55307262569835
 16 101.5642458100559
 16 103.5754189944134
 45 105.586592178771
 21 107.5977653631285
 96 109.608938547486
 136 111.6201117318436
 124 113.6312849162011
 7 115.6424581005587
 212 117.6536312849162
 157 119.6648044692737
 106 121.6759776536313
 169 123.6871508379888
 159 125.6983240223464
 93 127.7094972067039
 155 129.7206703910614
 193 131.731843575419
 1 133.7430167597765
 135 135.7541899441341
 172 137.7653631284916
 94 139.7765363128492
 143 141.7877094972067
 511 143.7988826815642
 123 145.8100558659218
 223 147.8212290502793
 42 149.8324022346369
 173 151.8435754189944
 50 153.854748603352
 499 155.8659217877095
 56 157.8770949720671
 120 159.8882681564246
 71 161.8994413407821
 52 163.9106145251397
 22 165.9217877094972
 151 167.9329608938548
 209 169.9441340782123
 320 171.9553072625699
 3 173.9664804469274
 163 175.9776536312849
 11 177.9888268156425
 0 180


