# Created by Octave 3.8.2, Mon Jun 22 05:56:23 2020 CEST <damian@fptrucha.inv.usc.es>
# name: hd
# type: matrix
# rows: 180
# columns: 2
 2 -180
 169 -177.9888268156425
 6 -175.9776536312849
 341 -173.9664804469274
 217 -171.9553072625698
 128 -169.9441340782123
 38 -167.9329608938548
 41 -165.9217877094972
 51 -163.9106145251397
 141 -161.8994413407821
 43 -159.8882681564246
 542 -157.877094972067
 65 -155.8659217877095
 121 -153.854748603352
 45 -151.8435754189944
 77 -149.8324022346369
 226 -147.8212290502793
 527 -145.8100558659218
 129 -143.7988826815642
 88 -141.7877094972067
 167 -139.7765363128491
 129 -137.7653631284916
 2 -135.7541899441341
 159 -133.7430167597765
 167 -131.731843575419
 78 -129.7206703910614
 152 -127.7094972067039
 194 -125.6983240223464
 83 -123.6871508379888
 153 -121.6759776536313
 193 -119.6648044692737
 4 -117.6536312849162
 114 -115.6424581005587
 124 -113.6312849162011
 119 -111.6201117318436
 21 -109.608938547486
 47 -107.5977653631285
 29 -105.5865921787709
 11 -103.5754189944134
 6 -101.5642458100559
 0 -99.55307262569832
 0 -97.54189944134077
 3 -95.53072625698323
 9 -93.5195530726257
 7440 -91.50837988826815
 17 -89.49720670391061
 4 -87.48603351955308
 2 -85.47486033519553
 2 -83.46368715083798
 4 -81.45251396648044
 15 -79.44134078212289
 7 -77.43016759776536
 46 -75.41899441340782
 34 -73.40782122905027
 46 -71.39664804469274
 106 -69.38547486033519
 64 -67.37430167597765
 119 -65.3631284916201
 49 -63.35195530726256
 243 -61.34078212290503
 149 -59.32960893854748
 209 -57.31843575418993
 87 -55.3072625698324
 59 -53.29608938547486
 220 -51.28491620111731
 53 -49.27374301675977
 123 -47.26256983240222
 8 -45.25139664804468
 258 -43.24022346368713
 4 -41.22905027932961
 154 -39.21787709497207
 272 -37.20670391061452
 422 -35.19553072625698
 122 -33.18435754189943
 58 -31.17318435754188
 154 -29.16201117318434
 13 -27.15083798882682
 50 -25.13966480446928
 535 -23.12849162011173
 125 -21.11731843575419
 47 -19.10614525139664
 15 -17.09497206703909
 40 -15.08379888268155
 156 -13.072625698324
 7 -11.06145251396646
 542 -9.050279329608941
 0 -7.039106145251395
 139 -5.02793296089385
 34 -3.016759776536304
 3 -1.005586592178759
 22 1.005586592178787
 104 3.016759776536333
 6 5.02793296089385
 523 7.039106145251395
 13 9.050279329608941
 124 11.06145251396649
 38 13.07262569832403
 9 15.08379888268158
 44 17.09497206703912
 127 19.10614525139667
 526 21.11731843575421
 64 23.12849162011173
 78 25.13966480446928
 99 27.15083798882682
 53 29.16201117318437
 193 31.17318435754191
 308 33.18435754189946
 240 35.195530726257
 134 37.20670391061452
 24 39.21787709497207
 273 41.22905027932961
 1 43.24022346368716
 115 45.2513966480447
 57 47.26256983240225
 206 49.27374301675979
 69 51.28491620111734
 177 53.29608938547489
 78 55.3072625698324
 136 57.31843575418995
 247 59.32960893854749
 57 61.34078212290504
 112 63.35195530726259
 69 65.36312849162013
 83 67.37430167597768
 45 69.38547486033519
 28 71.39664804469274
 43 73.40782122905028
 9 75.41899441340783
 8 77.43016759776538
 4 79.44134078212289
 0 81.45251396648047
 4 83.46368715083798
 9 85.47486033519556
 8 87.48603351955308
 7094 89.49720670391065
 11 91.50837988826817
 7 93.51955307262574
 2 95.53072625698326
 2 97.54189944134077
 6 99.55307262569835
 18 101.5642458100559
 26 103.5754189944134
 34 105.586592178771
 17 107.5977653631285
 101 109.608938547486
 136 111.6201117318436
 119 113.6312849162011
 1 115.6424581005587
 166 117.6536312849162
 156 119.6648044692737
 89 121.6759776536313
 167 123.6871508379888
 171 125.6983240223464
 63 127.7094972067039
 139 129.7206703910614
 176 131.731843575419
 2 133.7430167597765
 95 135.7541899441341
 160 137.7653631284916
 99 139.7765363128492
 136 141.7877094972067
 442 143.7988826815642
 111 145.8100558659218
 175 147.8212290502793
 42 149.8324022346369
 128 151.8435754189944
 57 153.854748603352
 458 155.8659217877095
 36 157.8770949720671
 121 159.8882681564246
 61 161.8994413407821
 45 163.9106145251397
 25 165.9217877094972
 103 167.9329608938548
 221 169.9441340782123
 329 171.9553072625699
 7 173.9664804469274
 135 175.9776536312849
 3 177.9888268156425
 0 180


