# Created by Octave 3.8.2, Mon Jun 22 08:49:39 2020 CEST <damian@fptrucha.inv.usc.es>
# name: hd
# type: matrix
# rows: 180
# columns: 2
 8 -180
 167 -177.9888268156425
 4 -175.9776536312849
 376 -173.9664804469274
 215 -171.9553072625698
 144 -169.9441340782123
 42 -167.9329608938548
 36 -165.9217877094972
 48 -163.9106145251397
 129 -161.8994413407821
 46 -159.8882681564246
 552 -157.877094972067
 53 -155.8659217877095
 118 -153.854748603352
 38 -151.8435754189944
 58 -149.8324022346369
 227 -147.8212290502793
 578 -145.8100558659218
 111 -143.7988826815642
 97 -141.7877094972067
 173 -139.7765363128491
 93 -137.7653631284916
 3 -135.7541899441341
 158 -133.7430167597765
 166 -131.731843575419
 77 -129.7206703910614
 185 -127.7094972067039
 178 -125.6983240223464
 94 -123.6871508379888
 167 -121.6759776536313
 160 -119.6648044692737
 1 -117.6536312849162
 102 -115.6424581005587
 101 -113.6312849162011
 124 -111.6201117318436
 22 -109.608938547486
 41 -107.5977653631285
 40 -105.5865921787709
 14 -103.5754189944134
 2 -101.5642458100559
 1 -99.55307262569832
 0 -97.54189944134077
 4 -95.53072625698323
 10 -93.5195530726257
 7638 -91.50837988826815
 12 -89.49720670391061
 3 -87.48603351955308
 2 -85.47486033519553
 0 -83.46368715083798
 3 -81.45251396648044
 13 -79.44134078212289
 7 -77.43016759776536
 42 -75.41899441340782
 29 -73.40782122905027
 57 -71.39664804469274
 102 -69.38547486033519
 72 -67.37430167597765
 111 -65.3631284916201
 57 -63.35195530726256
 259 -61.34078212290503
 137 -59.32960893854748
 194 -57.31843575418993
 86 -55.3072625698324
 80 -53.29608938547486
 221 -51.28491620111731
 67 -49.27374301675977
 121 -47.26256983240222
 3 -45.25139664804468
 270 -43.24022346368713
 4 -41.22905027932961
 156 -39.21787709497207
 258 -37.20670391061452
 419 -35.19553072625698
 114 -33.18435754189943
 71 -31.17318435754188
 165 -29.16201117318434
 11 -27.15083798882682
 58 -25.13966480446928
 553 -23.12849162011173
 141 -21.11731843575419
 66 -19.10614525139664
 8 -17.09497206703909
 42 -15.08379888268155
 144 -13.072625698324
 6 -11.06145251396646
 534 -9.050279329608941
 3 -7.039106145251395
 135 -5.02793296089385
 22 -3.016759776536304
 3 -1.005586592178759
 32 1.005586592178787
 136 3.016759776536333
 2 5.02793296089385
 495 7.039106145251395
 9 9.050279329608941
 146 11.06145251396649
 44 13.07262569832403
 18 15.08379888268158
 53 17.09497206703912
 119 19.10614525139667
 545 21.11731843575421
 64 23.12849162011173
 91 25.13966480446928
 90 27.15083798882682
 72 29.16201117318437
 187 31.17318435754191
 324 33.18435754189946
 245 35.195530726257
 138 37.20670391061452
 36 39.21787709497207
 277 41.22905027932961
 1 43.24022346368716
 123 45.2513966480447
 76 47.26256983240225
 206 49.27374301675979
 96 51.28491620111734
 170 53.29608938547489
 90 55.3072625698324
 149 57.31843575418995
 260 59.32960893854749
 62 61.34078212290504
 130 63.35195530726259
 82 65.36312849162013
 114 67.37430167597768
 53 69.38547486033519
 28 71.39664804469274
 40 73.40782122905028
 6 75.41899441340783
 14 77.43016759776538
 5 79.44134078212289
 1 81.45251396648047
 1 83.46368715083798
 7 85.47486033519556
 20 87.48603351955308
 7458 89.49720670391065
 11 91.50837988826817
 3 93.51955307262574
 1 95.53072625698326
 0 97.54189944134077
 2 99.55307262569835
 17 101.5642458100559
 30 103.5754189944134
 46 105.586592178771
 28 107.5977653631285
 114 109.608938547486
 119 111.6201117318436
 139 113.6312849162011
 4 115.6424581005587
 195 117.6536312849162
 174 119.6648044692737
 116 121.6759776536313
 162 123.6871508379888
 186 125.6983240223464
 74 127.7094972067039
 161 129.7206703910614
 199 131.731843575419
 2 133.7430167597765
 103 135.7541899441341
 179 137.7653631284916
 93 139.7765363128492
 136 141.7877094972067
 451 143.7988826815642
 107 145.8100558659218
 183 147.8212290502793
 30 149.8324022346369
 130 151.8435754189944
 66 153.854748603352
 509 155.8659217877095
 38 157.8770949720671
 143 159.8882681564246
 52 161.8994413407821
 34 163.9106145251397
 17 165.9217877094972
 160 167.9329608938548
 224 169.9441340782123
 319 171.9553072625699
 8 173.9664804469274
 178 175.9776536312849
 4 177.9888268156425
 0 180


