# Created by Octave 3.8.2, Sun Jun 21 01:14:21 2020 CEST <damian@fptrucha.inv.usc.es>
# name: hd
# type: matrix
# rows: 180
# columns: 2
 2 -180
 132 -177.9888268156425
 2 -175.9776536312849
 394 -173.9664804469274
 219 -171.9553072625698
 160 -169.9441340782123
 31 -167.9329608938548
 26 -165.9217877094972
 63 -163.9106145251397
 138 -161.8994413407821
 49 -159.8882681564246
 580 -157.877094972067
 61 -155.8659217877095
 124 -153.854748603352
 47 -151.8435754189944
 58 -149.8324022346369
 205 -147.8212290502793
 602 -145.8100558659218
 118 -143.7988826815642
 77 -141.7877094972067
 183 -139.7765363128491
 110 -137.7653631284916
 4 -135.7541899441341
 151 -133.7430167597765
 148 -131.731843575419
 64 -129.7206703910614
 160 -127.7094972067039
 232 -125.6983240223464
 91 -123.6871508379888
 177 -121.6759776536313
 211 -119.6648044692737
 7 -117.6536312849162
 77 -115.6424581005587
 116 -113.6312849162011
 107 -111.6201117318436
 12 -109.608938547486
 41 -107.5977653631285
 16 -105.5865921787709
 7 -103.5754189944134
 2 -101.5642458100559
 2 -99.55307262569832
 2 -97.54189944134077
 1 -95.53072625698323
 5 -93.5195530726257
 7947 -91.50837988826815
 18 -89.49720670391061
 4 -87.48603351955308
 0 -85.47486033519553
 1 -83.46368715083798
 3 -81.45251396648044
 4 -79.44134078212289
 9 -77.43016759776536
 35 -75.41899441340782
 34 -73.40782122905027
 58 -71.39664804469274
 103 -69.38547486033519
 83 -67.37430167597765
 86 -65.3631284916201
 45 -63.35195530726256
 272 -61.34078212290503
 153 -59.32960893854748
 213 -57.31843575418993
 106 -55.3072625698324
 83 -53.29608938547486
 195 -51.28491620111731
 54 -49.27374301675977
 101 -47.26256983240222
 1 -45.25139664804468
 258 -43.24022346368713
 4 -41.22905027932961
 140 -39.21787709497207
 331 -37.20670391061452
 443 -35.19553072625698
 101 -33.18435754189943
 47 -31.17318435754188
 157 -29.16201117318434
 10 -27.15083798882682
 56 -25.13966480446928
 599 -23.12849162011173
 146 -21.11731843575419
 55 -19.10614525139664
 5 -17.09497206703909
 34 -15.08379888268155
 161 -13.072625698324
 4 -11.06145251396646
 582 -9.050279329608941
 1 -7.039106145251395
 105 -5.02793296089385
 19 -3.016759776536304
 1 -1.005586592178759
 23 1.005586592178787
 123 3.016759776536333
 1 5.02793296089385
 555 7.039106145251395
 10 9.050279329608941
 123 11.06145251396649
 55 13.07262569832403
 10 15.08379888268158
 59 17.09497206703912
 99 19.10614525139667
 496 21.11731843575421
 36 23.12849162011173
 96 25.13966480446928
 112 27.15083798882682
 48 29.16201117318437
 221 31.17318435754191
 307 33.18435754189946
 227 35.195530726257
 159 37.20670391061452
 24 39.21787709497207
 280 41.22905027932961
 3 43.24022346368716
 119 45.2513966480447
 56 47.26256983240225
 216 49.27374301675979
 93 51.28491620111734
 190 53.29608938547489
 96 55.3072625698324
 127 57.31843575418995
 248 59.32960893854749
 59 61.34078212290504
 116 63.35195530726259
 83 65.36312849162013
 109 67.37430167597768
 52 69.38547486033519
 24 71.39664804469274
 41 73.40782122905028
 7 75.41899441340783
 10 77.43016759776538
 0 79.44134078212289
 1 81.45251396648047
 0 83.46368715083798
 4 85.47486033519556
 10 87.48603351955308
 7553 89.49720670391065
 9 91.50837988826817
 0 93.51955307262574
 0 95.53072625698326
 1 97.54189944134077
 1 99.55307262569835
 13 101.5642458100559
 27 103.5754189944134
 45 105.586592178771
 16 107.5977653631285
 115 109.608938547486
 105 111.6201117318436
 109 113.6312849162011
 1 115.6424581005587
 195 117.6536312849162
 174 119.6648044692737
 75 121.6759776536313
 189 123.6871508379888
 176 125.6983240223464
 71 127.7094972067039
 143 129.7206703910614
 163 131.731843575419
 2 133.7430167597765
 125 135.7541899441341
 185 137.7653631284916
 103 139.7765363128492
 148 141.7877094972067
 482 143.7988826815642
 133 145.8100558659218
 206 147.8212290502793
 45 149.8324022346369
 162 151.8435754189944
 67 153.854748603352
 452 155.8659217877095
 49 157.8770949720671
 127 159.8882681564246
 74 161.8994413407821
 36 163.9106145251397
 15 165.9217877094972
 122 167.9329608938548
 220 169.9441340782123
 325 171.9553072625699
 3 173.9664804469274
 157 175.9776536312849
 4 177.9888268156425
 0 180


