# Created by Octave 3.8.2, Sun Jun 21 02:08:37 2020 CEST <damian@fptrucha.inv.usc.es>
# name: hd
# type: matrix
# rows: 180
# columns: 2
 4 -180
 139 -177.9888268156425
 4 -175.9776536312849
 357 -173.9664804469274
 222 -171.9553072625698
 143 -169.9441340782123
 29 -167.9329608938548
 32 -165.9217877094972
 58 -163.9106145251397
 159 -161.8994413407821
 53 -159.8882681564246
 625 -157.877094972067
 56 -155.8659217877095
 109 -153.854748603352
 30 -151.8435754189944
 57 -149.8324022346369
 221 -147.8212290502793
 639 -145.8100558659218
 135 -143.7988826815642
 79 -141.7877094972067
 178 -139.7765363128491
 106 -137.7653631284916
 0 -135.7541899441341
 146 -133.7430167597765
 155 -131.731843575419
 76 -129.7206703910614
 165 -127.7094972067039
 243 -125.6983240223464
 93 -123.6871508379888
 174 -121.6759776536313
 176 -119.6648044692737
 4 -117.6536312849162
 78 -115.6424581005587
 95 -113.6312849162011
 110 -111.6201117318436
 15 -109.608938547486
 27 -107.5977653631285
 15 -105.5865921787709
 15 -103.5754189944134
 0 -101.5642458100559
 0 -99.55307262569832
 2 -97.54189944134077
 1 -95.53072625698323
 6 -93.5195530726257
 8198 -91.50837988826815
 13 -89.49720670391061
 1 -87.48603351955308
 0 -85.47486033519553
 0 -83.46368715083798
 1 -81.45251396648044
 2 -79.44134078212289
 9 -77.43016759776536
 40 -75.41899441340782
 25 -73.40782122905027
 40 -71.39664804469274
 132 -69.38547486033519
 69 -67.37430167597765
 95 -65.3631284916201
 57 -63.35195530726256
 270 -61.34078212290503
 148 -59.32960893854748
 210 -57.31843575418993
 99 -55.3072625698324
 75 -53.29608938547486
 206 -51.28491620111731
 47 -49.27374301675977
 93 -47.26256983240222
 1 -45.25139664804468
 240 -43.24022346368713
 2 -41.22905027932961
 159 -39.21787709497207
 328 -37.20670391061452
 447 -35.19553072625698
 107 -33.18435754189943
 59 -31.17318435754188
 156 -29.16201117318434
 9 -27.15083798882682
 64 -25.13966480446928
 620 -23.12849162011173
 137 -21.11731843575419
 44 -19.10614525139664
 7 -17.09497206703909
 43 -15.08379888268155
 157 -13.072625698324
 10 -11.06145251396646
 567 -9.050279329608941
 2 -7.039106145251395
 121 -5.02793296089385
 11 -3.016759776536304
 1 -1.005586592178759
 20 1.005586592178787
 135 3.016759776536333
 3 5.02793296089385
 517 7.039106145251395
 3 9.050279329608941
 156 11.06145251396649
 52 13.07262569832403
 10 15.08379888268158
 57 17.09497206703912
 109 19.10614525139667
 495 21.11731843575421
 70 23.12849162011173
 102 25.13966480446928
 120 27.15083798882682
 59 29.16201117318437
 203 31.17318435754191
 306 33.18435754189946
 228 35.195530726257
 144 37.20670391061452
 27 39.21787709497207
 243 41.22905027932961
 4 43.24022346368716
 107 45.2513966480447
 65 47.26256983240225
 213 49.27374301675979
 71 51.28491620111734
 150 53.29608938547489
 85 55.3072625698324
 132 57.31843575418995
 292 59.32960893854749
 71 61.34078212290504
 84 63.35195530726259
 55 65.36312849162013
 95 67.37430167597768
 42 69.38547486033519
 25 71.39664804469274
 40 73.40782122905028
 7 75.41899441340783
 3 77.43016759776538
 2 79.44134078212289
 0 81.45251396648047
 2 83.46368715083798
 5 85.47486033519556
 7 87.48603351955308
 7417 89.49720670391065
 3 91.50837988826817
 2 93.51955307262574
 1 95.53072625698326
 1 97.54189944134077
 2 99.55307262569835
 16 101.5642458100559
 16 103.5754189944134
 32 105.586592178771
 18 107.5977653631285
 97 109.608938547486
 96 111.6201117318436
 110 113.6312849162011
 1 115.6424581005587
 199 117.6536312849162
 158 119.6648044692737
 83 121.6759776536313
 196 123.6871508379888
 165 125.6983240223464
 73 127.7094972067039
 138 129.7206703910614
 160 131.731843575419
 5 133.7430167597765
 115 135.7541899441341
 154 137.7653631284916
 100 139.7765363128492
 142 141.7877094972067
 521 143.7988826815642
 115 145.8100558659218
 205 147.8212290502793
 40 149.8324022346369
 136 151.8435754189944
 69 153.854748603352
 477 155.8659217877095
 50 157.8770949720671
 103 159.8882681564246
 67 161.8994413407821
 58 163.9106145251397
 20 165.9217877094972
 142 167.9329608938548
 218 169.9441340782123
 336 171.9553072625699
 2 173.9664804469274
 179 175.9776536312849
 2 177.9888268156425
 0 180


