# Created by Octave 3.8.2, Sat Jun 20 14:27:17 2020 CEST <damian@fptrucha.inv.usc.es>
# name: hd
# type: matrix
# rows: 180
# columns: 2
 1 -180
 184 -177.9888268156425
 5 -175.9776536312849
 374 -173.9664804469274
 244 -171.9553072625698
 151 -169.9441340782123
 31 -167.9329608938548
 46 -165.9217877094972
 49 -163.9106145251397
 177 -161.8994413407821
 39 -159.8882681564246
 698 -157.877094972067
 54 -155.8659217877095
 132 -153.854748603352
 35 -151.8435754189944
 61 -149.8324022346369
 193 -147.8212290502793
 666 -145.8100558659218
 121 -143.7988826815642
 95 -141.7877094972067
 178 -139.7765363128491
 109 -137.7653631284916
 1 -135.7541899441341
 154 -133.7430167597765
 149 -131.731843575419
 77 -129.7206703910614
 195 -127.7094972067039
 217 -125.6983240223464
 96 -123.6871508379888
 210 -121.6759776536313
 191 -119.6648044692737
 1 -117.6536312849162
 90 -115.6424581005587
 117 -113.6312849162011
 134 -111.6201117318436
 20 -109.608938547486
 37 -107.5977653631285
 22 -105.5865921787709
 14 -103.5754189944134
 4 -101.5642458100559
 0 -99.55307262569832
 2 -97.54189944134077
 2 -95.53072625698323
 6 -93.5195530726257
 8578 -91.50837988826815
 8 -89.49720670391061
 4 -87.48603351955308
 2 -85.47486033519553
 1 -83.46368715083798
 0 -81.45251396648044
 6 -79.44134078212289
 5 -77.43016759776536
 51 -75.41899441340782
 18 -73.40782122905027
 45 -71.39664804469274
 126 -69.38547486033519
 79 -67.37430167597765
 105 -65.3631284916201
 65 -63.35195530726256
 250 -61.34078212290503
 166 -59.32960893854748
 243 -57.31843575418993
 88 -55.3072625698324
 77 -53.29608938547486
 221 -51.28491620111731
 60 -49.27374301675977
 106 -47.26256983240222
 2 -45.25139664804468
 290 -43.24022346368713
 2 -41.22905027932961
 157 -39.21787709497207
 329 -37.20670391061452
 506 -35.19553072625698
 92 -33.18435754189943
 70 -31.17318435754188
 134 -29.16201117318434
 18 -27.15083798882682
 63 -25.13966480446928
 676 -23.12849162011173
 165 -21.11731843575419
 42 -19.10614525139664
 7 -17.09497206703909
 27 -15.08379888268155
 165 -13.072625698324
 9 -11.06145251396646
 600 -9.050279329608941
 3 -7.039106145251395
 127 -5.02793296089385
 16 -3.016759776536304
 2 -1.005586592178759
 21 1.005586592178787
 137 3.016759776536333
 4 5.02793296089385
 569 7.039106145251395
 11 9.050279329608941
 130 11.06145251396649
 53 13.07262569832403
 16 15.08379888268158
 56 17.09497206703912
 127 19.10614525139667
 563 21.11731843575421
 56 23.12849162011173
 75 25.13966480446928
 119 27.15083798882682
 59 29.16201117318437
 220 31.17318435754191
 323 33.18435754189946
 237 35.195530726257
 165 37.20670391061452
 35 39.21787709497207
 294 41.22905027932961
 2 43.24022346368716
 121 45.2513966480447
 76 47.26256983240225
 240 49.27374301675979
 86 51.28491620111734
 209 53.29608938547489
 83 55.3072625698324
 141 57.31843575418995
 258 59.32960893854749
 81 61.34078212290504
 128 63.35195530726259
 71 65.36312849162013
 109 67.37430167597768
 52 69.38547486033519
 33 71.39664804469274
 48 73.40782122905028
 4 75.41899441340783
 7 77.43016759776538
 8 79.44134078212289
 0 81.45251396648047
 2 83.46368715083798
 4 85.47486033519556
 13 87.48603351955308
 8180 89.49720670391065
 5 91.50837988826817
 2 93.51955307262574
 1 95.53072625698326
 1 97.54189944134077
 1 99.55307262569835
 10 101.5642458100559
 30 103.5754189944134
 35 105.586592178771
 32 107.5977653631285
 112 109.608938547486
 133 111.6201117318436
 128 113.6312849162011
 4 115.6424581005587
 239 117.6536312849162
 182 119.6648044692737
 89 121.6759776536313
 206 123.6871508379888
 190 125.6983240223464
 82 127.7094972067039
 176 129.7206703910614
 207 131.731843575419
 0 133.7430167597765
 153 135.7541899441341
 192 137.7653631284916
 102 139.7765363128492
 162 141.7877094972067
 506 143.7988826815642
 118 145.8100558659218
 238 147.8212290502793
 44 149.8324022346369
 176 151.8435754189944
 63 153.854748603352
 489 155.8659217877095
 51 157.8770949720671
 168 159.8882681564246
 79 161.8994413407821
 48 163.9106145251397
 19 165.9217877094972
 133 167.9329608938548
 212 169.9441340782123
 352 171.9553072625699
 2 173.9664804469274
 163 175.9776536312849
 5 177.9888268156425
 0 180


