# Created by Octave 3.8.2, Sat Jun 20 11:47:13 2020 CEST <damian@fptrucha.inv.usc.es>
# name: hd
# type: matrix
# rows: 180
# columns: 2
 2 -180
 146 -177.9888268156425
 7 -175.9776536312849
 397 -173.9664804469274
 238 -171.9553072625698
 157 -169.9441340782123
 29 -167.9329608938548
 40 -165.9217877094972
 59 -163.9106145251397
 172 -161.8994413407821
 38 -159.8882681564246
 668 -157.877094972067
 58 -155.8659217877095
 131 -153.854748603352
 36 -151.8435754189944
 66 -149.8324022346369
 246 -147.8212290502793
 678 -145.8100558659218
 146 -143.7988826815642
 90 -141.7877094972067
 181 -139.7765363128491
 110 -137.7653631284916
 5 -135.7541899441341
 169 -133.7430167597765
 203 -131.731843575419
 97 -129.7206703910614
 183 -127.7094972067039
 229 -125.6983240223464
 107 -123.6871508379888
 198 -121.6759776536313
 204 -119.6648044692737
 2 -117.6536312849162
 93 -115.6424581005587
 100 -113.6312849162011
 117 -111.6201117318436
 17 -109.608938547486
 32 -107.5977653631285
 18 -105.5865921787709
 15 -103.5754189944134
 2 -101.5642458100559
 0 -99.55307262569832
 0 -97.54189944134077
 2 -95.53072625698323
 5 -93.5195530726257
 8779 -91.50837988826815
 12 -89.49720670391061
 5 -87.48603351955308
 2 -85.47486033519553
 2 -83.46368715083798
 2 -81.45251396648044
 13 -79.44134078212289
 5 -77.43016759776536
 46 -75.41899441340782
 25 -73.40782122905027
 52 -71.39664804469274
 111 -69.38547486033519
 92 -67.37430167597765
 105 -65.3631284916201
 55 -63.35195530726256
 292 -61.34078212290503
 158 -59.32960893854748
 237 -57.31843575418993
 99 -55.3072625698324
 96 -53.29608938547486
 252 -51.28491620111731
 55 -49.27374301675977
 108 -47.26256983240222
 0 -45.25139664804468
 294 -43.24022346368713
 1 -41.22905027932961
 168 -39.21787709497207
 345 -37.20670391061452
 490 -35.19553072625698
 93 -33.18435754189943
 68 -31.17318435754188
 136 -29.16201117318434
 15 -27.15083798882682
 65 -25.13966480446928
 745 -23.12849162011173
 143 -21.11731843575419
 55 -19.10614525139664
 11 -17.09497206703909
 39 -15.08379888268155
 187 -13.072625698324
 10 -11.06145251396646
 606 -9.050279329608941
 5 -7.039106145251395
 136 -5.02793296089385
 18 -3.016759776536304
 3 -1.005586592178759
 25 1.005586592178787
 143 3.016759776536333
 1 5.02793296089385
 592 7.039106145251395
 13 9.050279329608941
 122 11.06145251396649
 44 13.07262569832403
 16 15.08379888268158
 78 17.09497206703912
 127 19.10614525139667
 552 21.11731843575421
 58 23.12849162011173
 92 25.13966480446928
 116 27.15083798882682
 68 29.16201117318437
 268 31.17318435754191
 345 33.18435754189946
 249 35.195530726257
 177 37.20670391061452
 38 39.21787709497207
 294 41.22905027932961
 1 43.24022346368716
 134 45.2513966480447
 68 47.26256983240225
 259 49.27374301675979
 95 51.28491620111734
 237 53.29608938547489
 85 55.3072625698324
 138 57.31843575418995
 294 59.32960893854749
 58 61.34078212290504
 127 63.35195530726259
 99 65.36312849162013
 115 67.37430167597768
 44 69.38547486033519
 44 71.39664804469274
 50 73.40782122905028
 10 75.41899441340783
 11 77.43016759776538
 4 79.44134078212289
 0 81.45251396648047
 1 83.46368715083798
 4 85.47486033519556
 8 87.48603351955308
 8368 89.49720670391065
 7 91.50837988826817
 1 93.51955307262574
 0 95.53072625698326
 0 97.54189944134077
 7 99.55307262569835
 15 101.5642458100559
 27 103.5754189944134
 38 105.586592178771
 32 107.5977653631285
 148 109.608938547486
 131 111.6201117318436
 155 113.6312849162011
 3 115.6424581005587
 242 117.6536312849162
 175 119.6648044692737
 101 121.6759776536313
 188 123.6871508379888
 205 125.6983240223464
 91 127.7094972067039
 199 129.7206703910614
 193 131.731843575419
 1 133.7430167597765
 153 135.7541899441341
 198 137.7653631284916
 129 139.7765363128492
 170 141.7877094972067
 471 143.7988826815642
 131 145.8100558659218
 218 147.8212290502793
 52 149.8324022346369
 179 151.8435754189944
 77 153.854748603352
 528 155.8659217877095
 71 157.8770949720671
 127 159.8882681564246
 87 161.8994413407821
 72 163.9106145251397
 17 165.9217877094972
 140 167.9329608938548
 241 169.9441340782123
 376 171.9553072625699
 6 173.9664804469274
 176 175.9776536312849
 2 177.9888268156425
 0 180


