# Created by Octave 3.8.2, Mon Jun 22 18:20:40 2020 CEST <damian@fptrucha.inv.usc.es>
# name: hd
# type: matrix
# rows: 180
# columns: 2
 2 -180
 183 -177.9888268156425
 2 -175.9776536312849
 421 -173.9664804469274
 218 -171.9553072625698
 146 -169.9441340782123
 37 -167.9329608938548
 49 -165.9217877094972
 77 -163.9106145251397
 171 -161.8994413407821
 49 -159.8882681564246
 556 -157.877094972067
 74 -155.8659217877095
 124 -153.854748603352
 51 -151.8435754189944
 94 -149.8324022346369
 248 -147.8212290502793
 607 -145.8100558659218
 128 -143.7988826815642
 88 -141.7877094972067
 169 -139.7765363128491
 135 -137.7653631284916
 2 -135.7541899441341
 180 -133.7430167597765
 162 -131.731843575419
 69 -129.7206703910614
 170 -127.7094972067039
 241 -125.6983240223464
 103 -123.6871508379888
 188 -121.6759776536313
 199 -119.6648044692737
 6 -117.6536312849162
 128 -115.6424581005587
 108 -113.6312849162011
 145 -111.6201117318436
 22 -109.608938547486
 55 -107.5977653631285
 18 -105.5865921787709
 14 -103.5754189944134
 2 -101.5642458100559
 1 -99.55307262569832
 1 -97.54189944134077
 0 -95.53072625698323
 7 -93.5195530726257
 8435 -91.50837988826815
 18 -89.49720670391061
 5 -87.48603351955308
 4 -85.47486033519553
 1 -83.46368715083798
 5 -81.45251396648044
 14 -79.44134078212289
 8 -77.43016759776536
 60 -75.41899441340782
 42 -73.40782122905027
 58 -71.39664804469274
 136 -69.38547486033519
 89 -67.37430167597765
 132 -65.3631284916201
 76 -63.35195530726256
 281 -61.34078212290503
 138 -59.32960893854748
 197 -57.31843575418993
 103 -55.3072625698324
 92 -53.29608938547486
 256 -51.28491620111731
 64 -49.27374301675977
 108 -47.26256983240222
 2 -45.25139664804468
 322 -43.24022346368713
 3 -41.22905027932961
 182 -39.21787709497207
 288 -37.20670391061452
 474 -35.19553072625698
 130 -33.18435754189943
 66 -31.17318435754188
 163 -29.16201117318434
 5 -27.15083798882682
 57 -25.13966480446928
 590 -23.12849162011173
 142 -21.11731843575419
 68 -19.10614525139664
 8 -17.09497206703909
 48 -15.08379888268155
 151 -13.072625698324
 10 -11.06145251396646
 583 -9.050279329608941
 4 -7.039106145251395
 148 -5.02793296089385
 29 -3.016759776536304
 4 -1.005586592178759
 21 1.005586592178787
 114 3.016759776536333
 3 5.02793296089385
 583 7.039106145251395
 6 9.050279329608941
 159 11.06145251396649
 40 13.07262569832403
 12 15.08379888268158
 54 17.09497206703912
 133 19.10614525139667
 527 21.11731843575421
 53 23.12849162011173
 85 25.13966480446928
 80 27.15083798882682
 63 29.16201117318437
 210 31.17318435754191
 315 33.18435754189946
 264 35.195530726257
 160 37.20670391061452
 27 39.21787709497207
 304 41.22905027932961
 7 43.24022346368716
 130 45.2513966480447
 64 47.26256983240225
 248 49.27374301675979
 97 51.28491620111734
 179 53.29608938547489
 88 55.3072625698324
 162 57.31843575418995
 273 59.32960893854749
 56 61.34078212290504
 101 63.35195530726259
 94 65.36312849162013
 121 67.37430167597768
 47 69.38547486033519
 40 71.39664804469274
 46 73.40782122905028
 10 75.41899441340783
 7 77.43016759776538
 6 79.44134078212289
 2 81.45251396648047
 0 83.46368715083798
 4 85.47486033519556
 10 87.48603351955308
 7720 89.49720670391065
 16 91.50837988826817
 5 93.51955307262574
 2 95.53072625698326
 1 97.54189944134077
 2 99.55307262569835
 18 101.5642458100559
 27 103.5754189944134
 49 105.586592178771
 15 107.5977653631285
 118 109.608938547486
 116 111.6201117318436
 123 113.6312849162011
 1 115.6424581005587
 216 117.6536312849162
 181 119.6648044692737
 102 121.6759776536313
 187 123.6871508379888
 173 125.6983240223464
 82 127.7094972067039
 146 129.7206703910614
 174 131.731843575419
 2 133.7430167597765
 112 135.7541899441341
 210 137.7653631284916
 96 139.7765363128492
 159 141.7877094972067
 523 143.7988826815642
 128 145.8100558659218
 203 147.8212290502793
 42 149.8324022346369
 137 151.8435754189944
 74 153.854748603352
 535 155.8659217877095
 44 157.8770949720671
 165 159.8882681564246
 71 161.8994413407821
 48 163.9106145251397
 21 165.9217877094972
 131 167.9329608938548
 229 169.9441340782123
 339 171.9553072625699
 4 173.9664804469274
 171 175.9776536312849
 4 177.9888268156425
 0 180


