# Created by Octave 3.8.2, Sat Jun 20 22:54:00 2020 CEST <damian@fptrucha.inv.usc.es>
# name: hd
# type: matrix
# rows: 180
# columns: 2
 0 -180
 161 -177.9888268156425
 4 -175.9776536312849
 360 -173.9664804469274
 219 -171.9553072625698
 129 -169.9441340782123
 32 -167.9329608938548
 37 -165.9217877094972
 60 -163.9106145251397
 157 -161.8994413407821
 45 -159.8882681564246
 615 -157.877094972067
 55 -155.8659217877095
 121 -153.854748603352
 36 -151.8435754189944
 63 -149.8324022346369
 197 -147.8212290502793
 588 -145.8100558659218
 109 -143.7988826815642
 81 -141.7877094972067
 154 -139.7765363128491
 115 -137.7653631284916
 7 -135.7541899441341
 148 -133.7430167597765
 140 -131.731843575419
 81 -129.7206703910614
 187 -127.7094972067039
 214 -125.6983240223464
 84 -123.6871508379888
 188 -121.6759776536313
 183 -119.6648044692737
 1 -117.6536312849162
 79 -115.6424581005587
 106 -113.6312849162011
 98 -111.6201117318436
 16 -109.608938547486
 29 -107.5977653631285
 20 -105.5865921787709
 12 -103.5754189944134
 2 -101.5642458100559
 0 -99.55307262569832
 0 -97.54189944134077
 3 -95.53072625698323
 4 -93.5195530726257
 7963 -91.50837988826815
 4 -89.49720670391061
 1 -87.48603351955308
 0 -85.47486033519553
 1 -83.46368715083798
 0 -81.45251396648044
 4 -79.44134078212289
 3 -77.43016759776536
 42 -75.41899441340782
 23 -73.40782122905027
 46 -71.39664804469274
 110 -69.38547486033519
 67 -67.37430167597765
 101 -65.3631284916201
 58 -63.35195530726256
 260 -61.34078212290503
 135 -59.32960893854748
 219 -57.31843575418993
 88 -55.3072625698324
 82 -53.29608938547486
 241 -51.28491620111731
 42 -49.27374301675977
 105 -47.26256983240222
 1 -45.25139664804468
 220 -43.24022346368713
 2 -41.22905027932961
 150 -39.21787709497207
 296 -37.20670391061452
 420 -35.19553072625698
 96 -33.18435754189943
 43 -31.17318435754188
 148 -29.16201117318434
 10 -27.15083798882682
 38 -25.13966480446928
 634 -23.12849162011173
 147 -21.11731843575419
 47 -19.10614525139664
 6 -17.09497206703909
 40 -15.08379888268155
 168 -13.072625698324
 7 -11.06145251396646
 560 -9.050279329608941
 3 -7.039106145251395
 117 -5.02793296089385
 20 -3.016759776536304
 0 -1.005586592178759
 17 1.005586592178787
 129 3.016759776536333
 0 5.02793296089385
 509 7.039106145251395
 12 9.050279329608941
 130 11.06145251396649
 44 13.07262569832403
 11 15.08379888268158
 63 17.09497206703912
 103 19.10614525139667
 489 21.11731843575421
 53 23.12849162011173
 91 25.13966480446928
 95 27.15083798882682
 56 29.16201117318437
 217 31.17318435754191
 295 33.18435754189946
 255 35.195530726257
 151 37.20670391061452
 34 39.21787709497207
 286 41.22905027932961
 3 43.24022346368716
 104 45.2513966480447
 64 47.26256983240225
 206 49.27374301675979
 69 51.28491620111734
 191 53.29608938547489
 81 55.3072625698324
 135 57.31843575418995
 264 59.32960893854749
 63 61.34078212290504
 118 63.35195530726259
 75 65.36312849162013
 116 67.37430167597768
 55 69.38547486033519
 39 71.39664804469274
 45 73.40782122905028
 5 75.41899441340783
 3 77.43016759776538
 3 79.44134078212289
 2 81.45251396648047
 0 83.46368715083798
 1 85.47486033519556
 13 87.48603351955308
 7571 89.49720670391065
 6 91.50837988826817
 2 93.51955307262574
 3 95.53072625698326
 0 97.54189944134077
 3 99.55307262569835
 9 101.5642458100559
 25 103.5754189944134
 42 105.586592178771
 19 107.5977653631285
 112 109.608938547486
 122 111.6201117318436
 99 113.6312849162011
 4 115.6424581005587
 206 117.6536312849162
 152 119.6648044692737
 81 121.6759776536313
 167 123.6871508379888
 165 125.6983240223464
 83 127.7094972067039
 152 129.7206703910614
 188 131.731843575419
 1 133.7430167597765
 95 135.7541899441341
 179 137.7653631284916
 92 139.7765363128492
 117 141.7877094972067
 456 143.7988826815642
 103 145.8100558659218
 199 147.8212290502793
 45 149.8324022346369
 161 151.8435754189944
 55 153.854748603352
 468 155.8659217877095
 37 157.8770949720671
 108 159.8882681564246
 81 161.8994413407821
 50 163.9106145251397
 21 165.9217877094972
 115 167.9329608938548
 196 169.9441340782123
 309 171.9553072625699
 2 173.9664804469274
 152 175.9776536312849
 0 177.9888268156425
 0 180


