# Created by Octave 3.8.2, Sat Jun 20 04:14:22 2020 CEST <damian@fptrucha.inv.usc.es>
# name: hd
# type: matrix
# rows: 180
# columns: 2
 2 -180
 186 -177.9888268156425
 2 -175.9776536312849
 402 -173.9664804469274
 271 -171.9553072625698
 161 -169.9441340782123
 24 -167.9329608938548
 46 -165.9217877094972
 56 -163.9106145251397
 165 -161.8994413407821
 41 -159.8882681564246
 675 -157.877094972067
 69 -155.8659217877095
 149 -153.854748603352
 52 -151.8435754189944
 95 -149.8324022346369
 264 -147.8212290502793
 676 -145.8100558659218
 139 -143.7988826815642
 114 -141.7877094972067
 214 -139.7765363128491
 129 -137.7653631284916
 1 -135.7541899441341
 193 -133.7430167597765
 203 -131.731843575419
 96 -129.7206703910614
 216 -127.7094972067039
 276 -125.6983240223464
 135 -123.6871508379888
 228 -121.6759776536313
 237 -119.6648044692737
 2 -117.6536312849162
 131 -115.6424581005587
 136 -113.6312849162011
 147 -111.6201117318436
 15 -109.608938547486
 38 -107.5977653631285
 36 -105.5865921787709
 8 -103.5754189944134
 5 -101.5642458100559
 0 -99.55307262569832
 0 -97.54189944134077
 2 -95.53072625698323
 8 -93.5195530726257
 9319 -91.50837988826815
 8 -89.49720670391061
 3 -87.48603351955308
 2 -85.47486033519553
 1 -83.46368715083798
 2 -81.45251396648044
 5 -79.44134078212289
 4 -77.43016759776536
 46 -75.41899441340782
 22 -73.40782122905027
 59 -71.39664804469274
 149 -69.38547486033519
 80 -67.37430167597765
 129 -65.3631284916201
 47 -63.35195530726256
 314 -61.34078212290503
 183 -59.32960893854748
 262 -57.31843575418993
 108 -55.3072625698324
 92 -53.29608938547486
 276 -51.28491620111731
 73 -49.27374301675977
 135 -47.26256983240222
 2 -45.25139664804468
 299 -43.24022346368713
 3 -41.22905027932961
 152 -39.21787709497207
 352 -37.20670391061452
 492 -35.19553072625698
 125 -33.18435754189943
 66 -31.17318435754188
 166 -29.16201117318434
 10 -27.15083798882682
 60 -25.13966480446928
 674 -23.12849162011173
 144 -21.11731843575419
 68 -19.10614525139664
 13 -17.09497206703909
 50 -15.08379888268155
 172 -13.072625698324
 4 -11.06145251396646
 591 -9.050279329608941
 2 -7.039106145251395
 144 -5.02793296089385
 23 -3.016759776536304
 1 -1.005586592178759
 19 1.005586592178787
 145 3.016759776536333
 5 5.02793296089385
 603 7.039106145251395
 9 9.050279329608941
 118 11.06145251396649
 63 13.07262569832403
 10 15.08379888268158
 67 17.09497206703912
 117 19.10614525139667
 601 21.11731843575421
 55 23.12849162011173
 94 25.13966480446928
 95 27.15083798882682
 72 29.16201117318437
 216 31.17318435754191
 312 33.18435754189946
 258 35.195530726257
 194 37.20670391061452
 48 39.21787709497207
 296 41.22905027932961
 0 43.24022346368716
 116 45.2513966480447
 60 47.26256983240225
 229 49.27374301675979
 74 51.28491620111734
 179 53.29608938547489
 90 55.3072625698324
 145 57.31843575418995
 260 59.32960893854749
 69 61.34078212290504
 102 63.35195530726259
 66 65.36312849162013
 113 67.37430167597768
 43 69.38547486033519
 33 71.39664804469274
 30 73.40782122905028
 9 75.41899441340783
 8 77.43016759776538
 2 79.44134078212289
 0 81.45251396648047
 2 83.46368715083798
 6 85.47486033519556
 10 87.48603351955308
 8156 89.49720670391065
 7 91.50837988826817
 2 93.51955307262574
 0 95.53072625698326
 0 97.54189944134077
 2 99.55307262569835
 12 101.5642458100559
 22 103.5754189944134
 32 105.586592178771
 18 107.5977653631285
 97 109.608938547486
 102 111.6201117318436
 109 113.6312849162011
 1 115.6424581005587
 188 117.6536312849162
 151 119.6648044692737
 88 121.6759776536313
 182 123.6871508379888
 195 125.6983240223464
 85 127.7094972067039
 153 129.7206703910614
 182 131.731843575419
 4 133.7430167597765
 88 135.7541899441341
 170 137.7653631284916
 102 139.7765363128492
 142 141.7877094972067
 531 143.7988826815642
 134 145.8100558659218
 218 147.8212290502793
 41 149.8324022346369
 176 151.8435754189944
 70 153.854748603352
 522 155.8659217877095
 59 157.8770949720671
 134 159.8882681564246
 67 161.8994413407821
 53 163.9106145251397
 13 165.9217877094972
 128 167.9329608938548
 270 169.9441340782123
 386 171.9553072625699
 1 173.9664804469274
 158 175.9776536312849
 1 177.9888268156425
 0 180


