# Created by Octave 3.8.2, Mon Jun 22 21:33:54 2020 CEST <damian@fptrucha.inv.usc.es>
# name: hd
# type: matrix
# rows: 180
# columns: 2
 4 -180
 185 -177.9888268156425
 1 -175.9776536312849
 410 -173.9664804469274
 282 -171.9553072625698
 172 -169.9441340782123
 36 -167.9329608938548
 39 -165.9217877094972
 66 -163.9106145251397
 176 -161.8994413407821
 42 -159.8882681564246
 561 -157.877094972067
 70 -155.8659217877095
 109 -153.854748603352
 50 -151.8435754189944
 72 -149.8324022346369
 238 -147.8212290502793
 668 -145.8100558659218
 137 -143.7988826815642
 92 -141.7877094972067
 196 -139.7765363128491
 125 -137.7653631284916
 3 -135.7541899441341
 176 -133.7430167597765
 161 -131.731843575419
 86 -129.7206703910614
 196 -127.7094972067039
 231 -125.6983240223464
 107 -123.6871508379888
 211 -121.6759776536313
 222 -119.6648044692737
 2 -117.6536312849162
 129 -115.6424581005587
 117 -113.6312849162011
 110 -111.6201117318436
 25 -109.608938547486
 29 -107.5977653631285
 32 -105.5865921787709
 22 -103.5754189944134
 5 -101.5642458100559
 0 -99.55307262569832
 1 -97.54189944134077
 4 -95.53072625698323
 13 -93.5195530726257
 8684 -91.50837988826815
 16 -89.49720670391061
 2 -87.48603351955308
 4 -85.47486033519553
 0 -83.46368715083798
 2 -81.45251396648044
 6 -79.44134078212289
 9 -77.43016759776536
 51 -75.41899441340782
 26 -73.40782122905027
 61 -71.39664804469274
 126 -69.38547486033519
 71 -67.37430167597765
 134 -65.3631284916201
 65 -63.35195530726256
 299 -61.34078212290503
 151 -59.32960893854748
 228 -57.31843575418993
 104 -55.3072625698324
 86 -53.29608938547486
 265 -51.28491620111731
 54 -49.27374301675977
 128 -47.26256983240222
 3 -45.25139664804468
 344 -43.24022346368713
 3 -41.22905027932961
 171 -39.21787709497207
 312 -37.20670391061452
 478 -35.19553072625698
 124 -33.18435754189943
 60 -31.17318435754188
 157 -29.16201117318434
 11 -27.15083798882682
 71 -25.13966480446928
 637 -23.12849162011173
 160 -21.11731843575419
 54 -19.10614525139664
 7 -17.09497206703909
 36 -15.08379888268155
 155 -13.072625698324
 10 -11.06145251396646
 608 -9.050279329608941
 4 -7.039106145251395
 128 -5.02793296089385
 24 -3.016759776536304
 4 -1.005586592178759
 25 1.005586592178787
 140 3.016759776536333
 3 5.02793296089385
 598 7.039106145251395
 17 9.050279329608941
 161 11.06145251396649
 59 13.07262569832403
 12 15.08379888268158
 61 17.09497206703912
 131 19.10614525139667
 547 21.11731843575421
 68 23.12849162011173
 89 25.13966480446928
 103 27.15083798882682
 72 29.16201117318437
 200 31.17318435754191
 351 33.18435754189946
 253 35.195530726257
 174 37.20670391061452
 35 39.21787709497207
 312 41.22905027932961
 2 43.24022346368716
 117 45.2513966480447
 57 47.26256983240225
 226 49.27374301675979
 78 51.28491620111734
 225 53.29608938547489
 80 55.3072625698324
 154 57.31843575418995
 273 59.32960893854749
 79 61.34078212290504
 144 63.35195530726259
 79 65.36312849162013
 118 67.37430167597768
 51 69.38547486033519
 38 71.39664804469274
 54 73.40782122905028
 11 75.41899441340783
 7 77.43016759776538
 2 79.44134078212289
 1 81.45251396648047
 2 83.46368715083798
 2 85.47486033519556
 8 87.48603351955308
 7564 89.49720670391065
 8 91.50837988826817
 4 93.51955307262574
 1 95.53072625698326
 1 97.54189944134077
 2 99.55307262569835
 21 101.5642458100559
 28 103.5754189944134
 44 105.586592178771
 24 107.5977653631285
 121 109.608938547486
 127 111.6201117318436
 128 113.6312849162011
 5 115.6424581005587
 222 117.6536312849162
 176 119.6648044692737
 97 121.6759776536313
 189 123.6871508379888
 177 125.6983240223464
 86 127.7094972067039
 171 129.7206703910614
 193 131.731843575419
 1 133.7430167597765
 129 135.7541899441341
 188 137.7653631284916
 121 139.7765363128492
 138 141.7877094972067
 500 143.7988826815642
 123 145.8100558659218
 235 147.8212290502793
 60 149.8324022346369
 131 151.8435754189944
 75 153.854748603352
 513 155.8659217877095
 51 157.8770949720671
 147 159.8882681564246
 73 161.8994413407821
 44 163.9106145251397
 27 165.9217877094972
 137 167.9329608938548
 248 169.9441340782123
 357 171.9553072625699
 4 173.9664804469274
 165 175.9776536312849
 4 177.9888268156425
 0 180


