# Created by Octave 3.8.2, Mon Jun 22 05:01:59 2020 CEST <damian@fptrucha.inv.usc.es>
# name: hd
# type: matrix
# rows: 180
# columns: 2
 3 -180
 166 -177.9888268156425
 2 -175.9776536312849
 351 -173.9664804469274
 205 -171.9553072625698
 129 -169.9441340782123
 36 -167.9329608938548
 42 -165.9217877094972
 61 -163.9106145251397
 131 -161.8994413407821
 27 -159.8882681564246
 516 -157.877094972067
 61 -155.8659217877095
 112 -153.854748603352
 36 -151.8435754189944
 68 -149.8324022346369
 182 -147.8212290502793
 503 -145.8100558659218
 115 -143.7988826815642
 81 -141.7877094972067
 155 -139.7765363128491
 106 -137.7653631284916
 3 -135.7541899441341
 168 -133.7430167597765
 160 -131.731843575419
 72 -129.7206703910614
 165 -127.7094972067039
 217 -125.6983240223464
 109 -123.6871508379888
 189 -121.6759776536313
 196 -119.6648044692737
 15 -117.6536312849162
 109 -115.6424581005587
 136 -113.6312849162011
 105 -111.6201117318436
 17 -109.608938547486
 33 -107.5977653631285
 21 -105.5865921787709
 18 -103.5754189944134
 0 -101.5642458100559
 0 -99.55307262569832
 1 -97.54189944134077
 4 -95.53072625698323
 11 -93.5195530726257
 7142 -91.50837988826815
 9 -89.49720670391061
 2 -87.48603351955308
 4 -85.47486033519553
 1 -83.46368715083798
 2 -81.45251396648044
 3 -79.44134078212289
 3 -77.43016759776536
 49 -75.41899441340782
 39 -73.40782122905027
 54 -71.39664804469274
 110 -69.38547486033519
 63 -67.37430167597765
 99 -65.3631284916201
 54 -63.35195530726256
 235 -61.34078212290503
 136 -59.32960893854748
 192 -57.31843575418993
 89 -55.3072625698324
 78 -53.29608938547486
 223 -51.28491620111731
 61 -49.27374301675977
 123 -47.26256983240222
 3 -45.25139664804468
 246 -43.24022346368713
 7 -41.22905027932961
 136 -39.21787709497207
 255 -37.20670391061452
 357 -35.19553072625698
 103 -33.18435754189943
 60 -31.17318435754188
 157 -29.16201117318434
 16 -27.15083798882682
 54 -25.13966480446928
 519 -23.12849162011173
 149 -21.11731843575419
 71 -19.10614525139664
 20 -17.09497206703909
 36 -15.08379888268155
 149 -13.072625698324
 13 -11.06145251396646
 516 -9.050279329608941
 1 -7.039106145251395
 122 -5.02793296089385
 22 -3.016759776536304
 6 -1.005586592178759
 30 1.005586592178787
 124 3.016759776536333
 4 5.02793296089385
 547 7.039106145251395
 15 9.050279329608941
 130 11.06145251396649
 42 13.07262569832403
 19 15.08379888268158
 51 17.09497206703912
 117 19.10614525139667
 479 21.11731843575421
 66 23.12849162011173
 77 25.13966480446928
 105 27.15083798882682
 59 29.16201117318437
 185 31.17318435754191
 321 33.18435754189946
 221 35.195530726257
 127 37.20670391061452
 29 39.21787709497207
 277 41.22905027932961
 5 43.24022346368716
 115 45.2513966480447
 53 47.26256983240225
 196 49.27374301675979
 72 51.28491620111734
 174 53.29608938547489
 63 55.3072625698324
 150 57.31843575418995
 230 59.32960893854749
 57 61.34078212290504
 101 63.35195530726259
 78 65.36312849162013
 103 67.37430167597768
 46 69.38547486033519
 25 71.39664804469274
 48 73.40782122905028
 10 75.41899441340783
 9 77.43016759776538
 6 79.44134078212289
 3 81.45251396648047
 3 83.46368715083798
 6 85.47486033519556
 11 87.48603351955308
 6583 89.49720670391065
 8 91.50837988826817
 4 93.51955307262574
 0 95.53072625698326
 0 97.54189944134077
 8 99.55307262569835
 23 101.5642458100559
 26 103.5754189944134
 40 105.586592178771
 28 107.5977653631285
 110 109.608938547486
 136 111.6201117318436
 114 113.6312849162011
 7 115.6424581005587
 183 117.6536312849162
 128 119.6648044692737
 90 121.6759776536313
 146 123.6871508379888
 173 125.6983240223464
 75 127.7094972067039
 160 129.7206703910614
 172 131.731843575419
 3 133.7430167597765
 103 135.7541899441341
 161 137.7653631284916
 78 139.7765363128492
 120 141.7877094972067
 448 143.7988826815642
 108 145.8100558659218
 151 147.8212290502793
 58 149.8324022346369
 149 151.8435754189944
 64 153.854748603352
 398 155.8659217877095
 41 157.8770949720671
 130 159.8882681564246
 66 161.8994413407821
 58 163.9106145251397
 22 165.9217877094972
 133 167.9329608938548
 196 169.9441340782123
 338 171.9553072625699
 2 173.9664804469274
 147 175.9776536312849
 8 177.9888268156425
 0 180


