# Created by Octave 3.8.2, Sat Jun 20 06:29:36 2020 CEST <damian@fptrucha.inv.usc.es>
# name: hd
# type: matrix
# rows: 180
# columns: 2
 5 -180
 169 -177.9888268156425
 3 -175.9776536312849
 431 -173.9664804469274
 300 -171.9553072625698
 150 -169.9441340782123
 27 -167.9329608938548
 48 -165.9217877094972
 54 -163.9106145251397
 183 -161.8994413407821
 51 -159.8882681564246
 719 -157.877094972067
 56 -155.8659217877095
 153 -153.854748603352
 50 -151.8435754189944
 86 -149.8324022346369
 245 -147.8212290502793
 707 -145.8100558659218
 145 -143.7988826815642
 106 -141.7877094972067
 223 -139.7765363128491
 128 -137.7653631284916
 3 -135.7541899441341
 199 -133.7430167597765
 210 -131.731843575419
 101 -129.7206703910614
 196 -127.7094972067039
 256 -125.6983240223464
 136 -123.6871508379888
 252 -121.6759776536313
 217 -119.6648044692737
 6 -117.6536312849162
 123 -115.6424581005587
 136 -113.6312849162011
 166 -111.6201117318436
 27 -109.608938547486
 38 -107.5977653631285
 23 -105.5865921787709
 17 -103.5754189944134
 1 -101.5642458100559
 0 -99.55307262569832
 1 -97.54189944134077
 3 -95.53072625698323
 5 -93.5195530726257
 9467 -91.50837988826815
 11 -89.49720670391061
 2 -87.48603351955308
 0 -85.47486033519553
 0 -83.46368715083798
 2 -81.45251396648044
 6 -79.44134078212289
 5 -77.43016759776536
 53 -75.41899441340782
 27 -73.40782122905027
 78 -71.39664804469274
 152 -69.38547486033519
 82 -67.37430167597765
 117 -65.3631284916201
 66 -63.35195530726256
 360 -61.34078212290503
 193 -59.32960893854748
 253 -57.31843575418993
 106 -55.3072625698324
 93 -53.29608938547486
 280 -51.28491620111731
 64 -49.27374301675977
 120 -47.26256983240222
 3 -45.25139664804468
 306 -43.24022346368713
 1 -41.22905027932961
 167 -39.21787709497207
 324 -37.20670391061452
 520 -35.19553072625698
 114 -33.18435754189943
 66 -31.17318435754188
 172 -29.16201117318434
 9 -27.15083798882682
 59 -25.13966480446928
 679 -23.12849162011173
 174 -21.11731843575419
 55 -19.10614525139664
 17 -17.09497206703909
 44 -15.08379888268155
 194 -13.072625698324
 12 -11.06145251396646
 621 -9.050279329608941
 2 -7.039106145251395
 147 -5.02793296089385
 14 -3.016759776536304
 3 -1.005586592178759
 15 1.005586592178787
 121 3.016759776536333
 2 5.02793296089385
 590 7.039106145251395
 10 9.050279329608941
 140 11.06145251396649
 60 13.07262569832403
 17 15.08379888268158
 58 17.09497206703912
 98 19.10614525139667
 562 21.11731843575421
 67 23.12849162011173
 97 25.13966480446928
 104 27.15083798882682
 75 29.16201117318437
 223 31.17318435754191
 344 33.18435754189946
 260 35.195530726257
 159 37.20670391061452
 28 39.21787709497207
 319 41.22905027932961
 3 43.24022346368716
 126 45.2513966480447
 60 47.26256983240225
 250 49.27374301675979
 78 51.28491620111734
 223 53.29608938547489
 86 55.3072625698324
 145 57.31843575418995
 256 59.32960893854749
 67 61.34078212290504
 106 63.35195530726259
 65 65.36312849162013
 94 67.37430167597768
 58 69.38547486033519
 27 71.39664804469274
 57 73.40782122905028
 7 75.41899441340783
 4 77.43016759776538
 4 79.44134078212289
 0 81.45251396648047
 0 83.46368715083798
 2 85.47486033519556
 9 87.48603351955308
 8295 89.49720670391065
 4 91.50837988826817
 5 93.51955307262574
 1 95.53072625698326
 0 97.54189944134077
 6 99.55307262569835
 11 101.5642458100559
 18 103.5754189944134
 29 105.586592178771
 29 107.5977653631285
 106 109.608938547486
 120 111.6201117318436
 126 113.6312849162011
 6 115.6424581005587
 220 117.6536312849162
 189 119.6648044692737
 104 121.6759776536313
 178 123.6871508379888
 205 125.6983240223464
 83 127.7094972067039
 155 129.7206703910614
 199 131.731843575419
 3 133.7430167597765
 113 135.7541899441341
 202 137.7653631284916
 114 139.7765363128492
 172 141.7877094972067
 588 143.7988826815642
 143 145.8100558659218
 209 147.8212290502793
 40 149.8324022346369
 160 151.8435754189944
 60 153.854748603352
 525 155.8659217877095
 56 157.8770949720671
 133 159.8882681564246
 61 161.8994413407821
 52 163.9106145251397
 21 165.9217877094972
 162 167.9329608938548
 244 169.9441340782123
 356 171.9553072625699
 4 173.9664804469274
 145 175.9776536312849
 6 177.9888268156425
 0 180


