# Created by Octave 3.8.2, Sun Jun 21 05:31:41 2020 CEST <damian@fptrucha.inv.usc.es>
# name: hd
# type: matrix
# rows: 180
# columns: 2
 4 -180
 155 -177.9888268156425
 3 -175.9776536312849
 363 -173.9664804469274
 209 -171.9553072625698
 137 -169.9441340782123
 33 -167.9329608938548
 34 -165.9217877094972
 53 -163.9106145251397
 137 -161.8994413407821
 31 -159.8882681564246
 628 -157.877094972067
 65 -155.8659217877095
 109 -153.854748603352
 47 -151.8435754189944
 79 -149.8324022346369
 223 -147.8212290502793
 627 -145.8100558659218
 122 -143.7988826815642
 68 -141.7877094972067
 161 -139.7765363128491
 98 -137.7653631284916
 2 -135.7541899441341
 164 -133.7430167597765
 118 -131.731843575419
 52 -129.7206703910614
 175 -127.7094972067039
 220 -125.6983240223464
 102 -123.6871508379888
 168 -121.6759776536313
 187 -119.6648044692737
 4 -117.6536312849162
 96 -115.6424581005587
 109 -113.6312849162011
 104 -111.6201117318436
 24 -109.608938547486
 26 -107.5977653631285
 22 -105.5865921787709
 6 -103.5754189944134
 1 -101.5642458100559
 2 -99.55307262569832
 0 -97.54189944134077
 1 -95.53072625698323
 3 -93.5195530726257
 7997 -91.50837988826815
 3 -89.49720670391061
 3 -87.48603351955308
 4 -85.47486033519553
 0 -83.46368715083798
 2 -81.45251396648044
 5 -79.44134078212289
 4 -77.43016759776536
 44 -75.41899441340782
 24 -73.40782122905027
 55 -71.39664804469274
 92 -69.38547486033519
 63 -67.37430167597765
 115 -65.3631284916201
 49 -63.35195530726256
 276 -61.34078212290503
 151 -59.32960893854748
 239 -57.31843575418993
 100 -55.3072625698324
 82 -53.29608938547486
 219 -51.28491620111731
 49 -49.27374301675977
 97 -47.26256983240222
 4 -45.25139664804468
 281 -43.24022346368713
 7 -41.22905027932961
 141 -39.21787709497207
 302 -37.20670391061452
 483 -35.19553072625698
 94 -33.18435754189943
 55 -31.17318435754188
 133 -29.16201117318434
 9 -27.15083798882682
 67 -25.13966480446928
 676 -23.12849162011173
 120 -21.11731843575419
 46 -19.10614525139664
 9 -17.09497206703909
 36 -15.08379888268155
 158 -13.072625698324
 5 -11.06145251396646
 616 -9.050279329608941
 2 -7.039106145251395
 128 -5.02793296089385
 20 -3.016759776536304
 2 -1.005586592178759
 22 1.005586592178787
 144 3.016759776536333
 3 5.02793296089385
 523 7.039106145251395
 5 9.050279329608941
 142 11.06145251396649
 49 13.07262569832403
 11 15.08379888268158
 46 17.09497206703912
 117 19.10614525139667
 505 21.11731843575421
 52 23.12849162011173
 81 25.13966480446928
 82 27.15083798882682
 58 29.16201117318437
 238 31.17318435754191
 294 33.18435754189946
 209 35.195530726257
 169 37.20670391061452
 28 39.21787709497207
 294 41.22905027932961
 0 43.24022346368716
 114 45.2513966480447
 59 47.26256983240225
 192 49.27374301675979
 92 51.28491620111734
 176 53.29608938547489
 74 55.3072625698324
 136 57.31843575418995
 257 59.32960893854749
 61 61.34078212290504
 106 63.35195530726259
 79 65.36312849162013
 86 67.37430167597768
 44 69.38547486033519
 33 71.39664804469274
 53 73.40782122905028
 6 75.41899441340783
 4 77.43016759776538
 2 79.44134078212289
 1 81.45251396648047
 0 83.46368715083798
 0 85.47486033519556
 12 87.48603351955308
 7548 89.49720670391065
 3 91.50837988826817
 2 93.51955307262574
 0 95.53072625698326
 1 97.54189944134077
 2 99.55307262569835
 11 101.5642458100559
 27 103.5754189944134
 33 105.586592178771
 18 107.5977653631285
 84 109.608938547486
 101 111.6201117318436
 115 113.6312849162011
 4 115.6424581005587
 205 117.6536312849162
 164 119.6648044692737
 74 121.6759776536313
 186 123.6871508379888
 160 125.6983240223464
 81 127.7094972067039
 167 129.7206703910614
 188 131.731843575419
 3 133.7430167597765
 124 135.7541899441341
 179 137.7653631284916
 96 139.7765363128492
 155 141.7877094972067
 447 143.7988826815642
 136 145.8100558659218
 210 147.8212290502793
 46 149.8324022346369
 137 151.8435754189944
 59 153.854748603352
 511 155.8659217877095
 45 157.8770949720671
 116 159.8882681564246
 70 161.8994413407821
 41 163.9106145251397
 13 165.9217877094972
 103 167.9329608938548
 218 169.9441340782123
 332 171.9553072625699
 1 173.9664804469274
 170 175.9776536312849
 3 177.9888268156425
 0 180


