# Created by Octave 3.8.2, Mon Jun 22 15:10:40 2020 CEST <damian@fptrucha.inv.usc.es>
# name: hd
# type: matrix
# rows: 180
# columns: 2
 3 -180
 172 -177.9888268156425
 5 -175.9776536312849
 403 -173.9664804469274
 228 -171.9553072625698
 138 -169.9441340782123
 27 -167.9329608938548
 43 -165.9217877094972
 70 -163.9106145251397
 174 -161.8994413407821
 54 -159.8882681564246
 584 -157.877094972067
 89 -155.8659217877095
 130 -153.854748603352
 45 -151.8435754189944
 72 -149.8324022346369
 219 -147.8212290502793
 597 -145.8100558659218
 147 -143.7988826815642
 93 -141.7877094972067
 178 -139.7765363128491
 111 -137.7653631284916
 5 -135.7541899441341
 170 -133.7430167597765
 149 -131.731843575419
 77 -129.7206703910614
 190 -127.7094972067039
 199 -125.6983240223464
 97 -123.6871508379888
 191 -121.6759776536313
 179 -119.6648044692737
 4 -117.6536312849162
 128 -115.6424581005587
 122 -113.6312849162011
 131 -111.6201117318436
 26 -109.608938547486
 40 -107.5977653631285
 29 -105.5865921787709
 15 -103.5754189944134
 4 -101.5642458100559
 0 -99.55307262569832
 0 -97.54189944134077
 2 -95.53072625698323
 7 -93.5195530726257
 8249 -91.50837988826815
 10 -89.49720670391061
 5 -87.48603351955308
 4 -85.47486033519553
 0 -83.46368715083798
 3 -81.45251396648044
 9 -79.44134078212289
 12 -77.43016759776536
 48 -75.41899441340782
 29 -73.40782122905027
 56 -71.39664804469274
 121 -69.38547486033519
 65 -67.37430167597765
 101 -65.3631284916201
 57 -63.35195530726256
 271 -61.34078212290503
 144 -59.32960893854748
 204 -57.31843575418993
 106 -55.3072625698324
 80 -53.29608938547486
 231 -51.28491620111731
 62 -49.27374301675977
 132 -47.26256983240222
 2 -45.25139664804468
 296 -43.24022346368713
 5 -41.22905027932961
 173 -39.21787709497207
 286 -37.20670391061452
 473 -35.19553072625698
 121 -33.18435754189943
 74 -31.17318435754188
 171 -29.16201117318434
 7 -27.15083798882682
 70 -25.13966480446928
 647 -23.12849162011173
 138 -21.11731843575419
 46 -19.10614525139664
 11 -17.09497206703909
 51 -15.08379888268155
 156 -13.072625698324
 11 -11.06145251396646
 554 -9.050279329608941
 4 -7.039106145251395
 117 -5.02793296089385
 23 -3.016759776536304
 2 -1.005586592178759
 17 1.005586592178787
 135 3.016759776536333
 4 5.02793296089385
 586 7.039106145251395
 12 9.050279329608941
 137 11.06145251396649
 46 13.07262569832403
 6 15.08379888268158
 58 17.09497206703912
 117 19.10614525139667
 547 21.11731843575421
 64 23.12849162011173
 83 25.13966480446928
 113 27.15083798882682
 60 29.16201117318437
 228 31.17318435754191
 331 33.18435754189946
 238 35.195530726257
 180 37.20670391061452
 49 39.21787709497207
 290 41.22905027932961
 0 43.24022346368716
 132 45.2513966480447
 62 47.26256983240225
 242 49.27374301675979
 98 51.28491620111734
 216 53.29608938547489
 94 55.3072625698324
 144 57.31843575418995
 272 59.32960893854749
 70 61.34078212290504
 109 63.35195530726259
 90 65.36312849162013
 119 67.37430167597768
 47 69.38547486033519
 28 71.39664804469274
 54 73.40782122905028
 10 75.41899441340783
 8 77.43016759776538
 2 79.44134078212289
 1 81.45251396648047
 3 83.46368715083798
 6 85.47486033519556
 17 87.48603351955308
 7919 89.49720670391065
 11 91.50837988826817
 3 93.51955307262574
 3 95.53072625698326
 0 97.54189944134077
 4 99.55307262569835
 15 101.5642458100559
 26 103.5754189944134
 53 105.586592178771
 16 107.5977653631285
 134 109.608938547486
 133 111.6201117318436
 140 113.6312849162011
 6 115.6424581005587
 203 117.6536312849162
 175 119.6648044692737
 88 121.6759776536313
 191 123.6871508379888
 193 125.6983240223464
 97 127.7094972067039
 165 129.7206703910614
 186 131.731843575419
 5 133.7430167597765
 140 135.7541899441341
 180 137.7653631284916
 118 139.7765363128492
 138 141.7877094972067
 525 143.7988826815642
 127 145.8100558659218
 227 147.8212290502793
 46 149.8324022346369
 151 151.8435754189944
 58 153.854748603352
 474 155.8659217877095
 42 157.8770949720671
 125 159.8882681564246
 70 161.8994413407821
 57 163.9106145251397
 21 165.9217877094972
 135 167.9329608938548
 236 169.9441340782123
 362 171.9553072625699
 1 173.9664804469274
 172 175.9776536312849
 2 177.9888268156425
 0 180


