# Created by Octave 3.8.2, Sat Jun 20 16:51:58 2020 CEST <damian@fptrucha.inv.usc.es>
# name: hd
# type: matrix
# rows: 180
# columns: 2
 4 -180
 108 -177.9888268156425
 2 -175.9776536312849
 224 -173.9664804469274
 162 -171.9553072625698
 109 -169.9441340782123
 21 -167.9329608938548
 19 -165.9217877094972
 33 -163.9106145251397
 98 -161.8994413407821
 27 -159.8882681564246
 406 -157.877094972067
 46 -155.8659217877095
 82 -153.854748603352
 24 -151.8435754189944
 35 -149.8324022346369
 122 -147.8212290502793
 395 -145.8100558659218
 76 -143.7988826815642
 53 -141.7877094972067
 123 -139.7765363128491
 61 -137.7653631284916
 2 -135.7541899441341
 101 -133.7430167597765
 109 -131.731843575419
 56 -129.7206703910614
 126 -127.7094972067039
 145 -125.6983240223464
 52 -123.6871508379888
 118 -121.6759776536313
 117 -119.6648044692737
 4 -117.6536312849162
 65 -115.6424581005587
 87 -113.6312849162011
 87 -111.6201117318436
 10 -109.608938547486
 26 -107.5977653631285
 15 -105.5865921787709
 4 -103.5754189944134
 1 -101.5642458100559
 0 -99.55307262569832
 0 -97.54189944134077
 1 -95.53072625698323
 4 -93.5195530726257
 5510 -91.50837988826815
 6 -89.49720670391061
 2 -87.48603351955308
 0 -85.47486033519553
 0 -83.46368715083798
 1 -81.45251396648044
 10 -79.44134078212289
 6 -77.43016759776536
 27 -75.41899441340782
 17 -73.40782122905027
 30 -71.39664804469274
 74 -69.38547486033519
 51 -67.37430167597765
 58 -65.3631284916201
 43 -63.35195530726256
 187 -61.34078212290503
 86 -59.32960893854748
 138 -57.31843575418993
 61 -55.3072625698324
 50 -53.29608938547486
 161 -51.28491620111731
 28 -49.27374301675977
 75 -47.26256983240222
 0 -45.25139664804468
 207 -43.24022346368713
 2 -41.22905027932961
 114 -39.21787709497207
 211 -37.20670391061452
 284 -35.19553072625698
 70 -33.18435754189943
 52 -31.17318435754188
 98 -29.16201117318434
 2 -27.15083798882682
 26 -25.13966480446928
 458 -23.12849162011173
 105 -21.11731843575419
 22 -19.10614525139664
 3 -17.09497206703909
 19 -15.08379888268155
 103 -13.072625698324
 5 -11.06145251396646
 385 -9.050279329608941
 1 -7.039106145251395
 79 -5.02793296089385
 14 -3.016759776536304
 3 -1.005586592178759
 15 1.005586592178787
 83 3.016759776536333
 1 5.02793296089385
 374 7.039106145251395
 4 9.050279329608941
 83 11.06145251396649
 33 13.07262569832403
 3 15.08379888268158
 29 17.09497206703912
 66 19.10614525139667
 335 21.11731843575421
 48 23.12849162011173
 55 25.13966480446928
 63 27.15083798882682
 39 29.16201117318437
 149 31.17318435754191
 200 33.18435754189946
 152 35.195530726257
 103 37.20670391061452
 19 39.21787709497207
 205 41.22905027932961
 1 43.24022346368716
 84 45.2513966480447
 39 47.26256983240225
 155 49.27374301675979
 69 51.28491620111734
 121 53.29608938547489
 53 55.3072625698324
 83 57.31843575418995
 171 59.32960893854749
 36 61.34078212290504
 79 63.35195530726259
 46 65.36312849162013
 60 67.37430167597768
 26 69.38547486033519
 23 71.39664804469274
 31 73.40782122905028
 5 75.41899441340783
 4 77.43016759776538
 0 79.44134078212289
 0 81.45251396648047
 1 83.46368715083798
 1 85.47486033519556
 7 87.48603351955308
 5052 89.49720670391065
 4 91.50837988826817
 2 93.51955307262574
 1 95.53072625698326
 0 97.54189944134077
 1 99.55307262569835
 4 101.5642458100559
 19 103.5754189944134
 23 105.586592178771
 14 107.5977653631285
 67 109.608938547486
 80 111.6201117318436
 87 113.6312849162011
 0 115.6424581005587
 143 117.6536312849162
 130 119.6648044692737
 60 121.6759776536313
 115 123.6871508379888
 106 125.6983240223464
 54 127.7094972067039
 116 129.7206703910614
 128 131.731843575419
 3 133.7430167597765
 69 135.7541899441341
 111 137.7653631284916
 65 139.7765363128492
 88 141.7877094972067
 271 143.7988826815642
 83 145.8100558659218
 134 147.8212290502793
 27 149.8324022346369
 92 151.8435754189944
 48 153.854748603352
 336 155.8659217877095
 29 157.8770949720671
 81 159.8882681564246
 38 161.8994413407821
 40 163.9106145251397
 10 165.9217877094972
 91 167.9329608938548
 144 169.9441340782123
 230 171.9553072625699
 1 173.9664804469274
 86 175.9776536312849
 1 177.9888268156425
 0 180


