# Created by Octave 3.8.2, Mon Jun 22 01:25:04 2020 CEST <damian@fptrucha.inv.usc.es>
# name: hd
# type: matrix
# rows: 180
# columns: 2
 4 -180
 152 -177.9888268156425
 6 -175.9776536312849
 356 -173.9664804469274
 228 -171.9553072625698
 147 -169.9441340782123
 16 -167.9329608938548
 43 -165.9217877094972
 53 -163.9106145251397
 149 -161.8994413407821
 44 -159.8882681564246
 600 -157.877094972067
 53 -155.8659217877095
 114 -153.854748603352
 34 -151.8435754189944
 59 -149.8324022346369
 181 -147.8212290502793
 598 -145.8100558659218
 108 -143.7988826815642
 85 -141.7877094972067
 144 -139.7765363128491
 98 -137.7653631284916
 3 -135.7541899441341
 141 -133.7430167597765
 144 -131.731843575419
 77 -129.7206703910614
 158 -127.7094972067039
 217 -125.6983240223464
 84 -123.6871508379888
 199 -121.6759776536313
 165 -119.6648044692737
 3 -117.6536312849162
 92 -115.6424581005587
 102 -113.6312849162011
 123 -111.6201117318436
 16 -109.608938547486
 21 -107.5977653631285
 18 -105.5865921787709
 13 -103.5754189944134
 3 -101.5642458100559
 1 -99.55307262569832
 2 -97.54189944134077
 0 -95.53072625698323
 7 -93.5195530726257
 7835 -91.50837988826815
 14 -89.49720670391061
 6 -87.48603351955308
 0 -85.47486033519553
 0 -83.46368715083798
 2 -81.45251396648044
 6 -79.44134078212289
 2 -77.43016759776536
 47 -75.41899441340782
 20 -73.40782122905027
 50 -71.39664804469274
 106 -69.38547486033519
 54 -67.37430167597765
 87 -65.3631284916201
 46 -63.35195530726256
 293 -61.34078212290503
 132 -59.32960893854748
 203 -57.31843575418993
 102 -55.3072625698324
 74 -53.29608938547486
 202 -51.28491620111731
 55 -49.27374301675977
 96 -47.26256983240222
 3 -45.25139664804468
 252 -43.24022346368713
 3 -41.22905027932961
 140 -39.21787709497207
 332 -37.20670391061452
 490 -35.19553072625698
 108 -33.18435754189943
 70 -31.17318435754188
 157 -29.16201117318434
 7 -27.15083798882682
 57 -25.13966480446928
 640 -23.12849162011173
 131 -21.11731843575419
 47 -19.10614525139664
 12 -17.09497206703909
 28 -15.08379888268155
 160 -13.072625698324
 8 -11.06145251396646
 506 -9.050279329608941
 0 -7.039106145251395
 117 -5.02793296089385
 23 -3.016759776536304
 2 -1.005586592178759
 17 1.005586592178787
 138 3.016759776536333
 3 5.02793296089385
 537 7.039106145251395
 13 9.050279329608941
 140 11.06145251396649
 59 13.07262569832403
 9 15.08379888268158
 50 17.09497206703912
 110 19.10614525139667
 528 21.11731843575421
 61 23.12849162011173
 101 25.13966480446928
 89 27.15083798882682
 55 29.16201117318437
 220 31.17318435754191
 343 33.18435754189946
 209 35.195530726257
 186 37.20670391061452
 31 39.21787709497207
 281 41.22905027932961
 3 43.24022346368716
 117 45.2513966480447
 54 47.26256983240225
 218 49.27374301675979
 84 51.28491620111734
 170 53.29608938547489
 59 55.3072625698324
 145 57.31843575418995
 250 59.32960893854749
 46 61.34078212290504
 107 63.35195530726259
 67 65.36312849162013
 108 67.37430167597768
 39 69.38547486033519
 25 71.39664804469274
 41 73.40782122905028
 8 75.41899441340783
 11 77.43016759776538
 2 79.44134078212289
 0 81.45251396648047
 1 83.46368715083798
 7 85.47486033519556
 5 87.48603351955308
 7725 89.49720670391065
 6 91.50837988826817
 4 93.51955307262574
 1 95.53072625698326
 0 97.54189944134077
 3 99.55307262569835
 10 101.5642458100559
 17 103.5754189944134
 34 105.586592178771
 24 107.5977653631285
 104 109.608938547486
 99 111.6201117318436
 119 113.6312849162011
 2 115.6424581005587
 200 117.6536312849162
 153 119.6648044692737
 99 121.6759776536313
 166 123.6871508379888
 165 125.6983240223464
 81 127.7094972067039
 130 129.7206703910614
 159 131.731843575419
 2 133.7430167597765
 113 135.7541899441341
 191 137.7653631284916
 99 139.7765363128492
 125 141.7877094972067
 460 143.7988826815642
 105 145.8100558659218
 200 147.8212290502793
 49 149.8324022346369
 137 151.8435754189944
 49 153.854748603352
 500 155.8659217877095
 43 157.8770949720671
 127 159.8882681564246
 54 161.8994413407821
 50 163.9106145251397
 11 165.9217877094972
 118 167.9329608938548
 211 169.9441340782123
 327 171.9553072625699
 3 173.9664804469274
 152 175.9776536312849
 3 177.9888268156425
 0 180


