# Created by Octave 3.8.2, Sun Jun 21 08:16:34 2020 CEST <damian@fptrucha.inv.usc.es>
# name: hd
# type: matrix
# rows: 180
# columns: 2
 3 -180
 127 -177.9888268156425
 2 -175.9776536312849
 361 -173.9664804469274
 228 -171.9553072625698
 128 -169.9441340782123
 45 -167.9329608938548
 30 -165.9217877094972
 54 -163.9106145251397
 148 -161.8994413407821
 38 -159.8882681564246
 626 -157.877094972067
 60 -155.8659217877095
 110 -153.854748603352
 44 -151.8435754189944
 52 -149.8324022346369
 212 -147.8212290502793
 595 -145.8100558659218
 129 -143.7988826815642
 85 -141.7877094972067
 149 -139.7765363128491
 114 -137.7653631284916
 1 -135.7541899441341
 150 -133.7430167597765
 147 -131.731843575419
 71 -129.7206703910614
 173 -127.7094972067039
 222 -125.6983240223464
 88 -123.6871508379888
 154 -121.6759776536313
 177 -119.6648044692737
 2 -117.6536312849162
 92 -115.6424581005587
 105 -113.6312849162011
 125 -111.6201117318436
 16 -109.608938547486
 30 -107.5977653631285
 27 -105.5865921787709
 18 -103.5754189944134
 2 -101.5642458100559
 0 -99.55307262569832
 0 -97.54189944134077
 3 -95.53072625698323
 4 -93.5195530726257
 7908 -91.50837988826815
 7 -89.49720670391061
 1 -87.48603351955308
 1 -85.47486033519553
 0 -83.46368715083798
 0 -81.45251396648044
 8 -79.44134078212289
 5 -77.43016759776536
 46 -75.41899441340782
 22 -73.40782122905027
 57 -71.39664804469274
 126 -69.38547486033519
 70 -67.37430167597765
 96 -65.3631284916201
 47 -63.35195530726256
 269 -61.34078212290503
 157 -59.32960893854748
 198 -57.31843575418993
 96 -55.3072625698324
 85 -53.29608938547486
 214 -51.28491620111731
 50 -49.27374301675977
 106 -47.26256983240222
 1 -45.25139664804468
 238 -43.24022346368713
 1 -41.22905027932961
 139 -39.21787709497207
 311 -37.20670391061452
 444 -35.19553072625698
 106 -33.18435754189943
 58 -31.17318435754188
 154 -29.16201117318434
 6 -27.15083798882682
 52 -25.13966480446928
 620 -23.12849162011173
 139 -21.11731843575419
 48 -19.10614525139664
 10 -17.09497206703909
 30 -15.08379888268155
 156 -13.072625698324
 8 -11.06145251396646
 611 -9.050279329608941
 1 -7.039106145251395
 140 -5.02793296089385
 11 -3.016759776536304
 1 -1.005586592178759
 18 1.005586592178787
 109 3.016759776536333
 2 5.02793296089385
 537 7.039106145251395
 8 9.050279329608941
 123 11.06145251396649
 37 13.07262569832403
 6 15.08379888268158
 61 17.09497206703912
 98 19.10614525139667
 490 21.11731843575421
 34 23.12849162011173
 100 25.13966480446928
 102 27.15083798882682
 55 29.16201117318437
 231 31.17318435754191
 286 33.18435754189946
 224 35.195530726257
 145 37.20670391061452
 21 39.21787709497207
 263 41.22905027932961
 0 43.24022346368716
 124 45.2513966480447
 56 47.26256983240225
 222 49.27374301675979
 69 51.28491620111734
 184 53.29608938547489
 68 55.3072625698324
 139 57.31843575418995
 229 59.32960893854749
 66 61.34078212290504
 103 63.35195530726259
 76 65.36312849162013
 112 67.37430167597768
 28 69.38547486033519
 28 71.39664804469274
 31 73.40782122905028
 6 75.41899441340783
 7 77.43016759776538
 0 79.44134078212289
 0 81.45251396648047
 1 83.46368715083798
 3 85.47486033519556
 6 87.48603351955308
 7394 89.49720670391065
 7 91.50837988826817
 0 93.51955307262574
 0 95.53072625698326
 0 97.54189944134077
 3 99.55307262569835
 15 101.5642458100559
 26 103.5754189944134
 25 105.586592178771
 21 107.5977653631285
 102 109.608938547486
 102 111.6201117318436
 112 113.6312849162011
 0 115.6424581005587
 208 117.6536312849162
 126 119.6648044692737
 93 121.6759776536313
 153 123.6871508379888
 152 125.6983240223464
 70 127.7094972067039
 167 129.7206703910614
 149 131.731843575419
 6 133.7430167597765
 112 135.7541899441341
 163 137.7653631284916
 111 139.7765363128492
 134 141.7877094972067
 456 143.7988826815642
 122 145.8100558659218
 188 147.8212290502793
 32 149.8324022346369
 144 151.8435754189944
 64 153.854748603352
 479 155.8659217877095
 45 157.8770949720671
 134 159.8882681564246
 55 161.8994413407821
 51 163.9106145251397
 10 165.9217877094972
 124 167.9329608938548
 182 169.9441340782123
 321 171.9553072625699
 2 173.9664804469274
 134 175.9776536312849
 3 177.9888268156425
 0 180


