# Created by Octave 3.8.2, Sat Jun 20 20:02:23 2020 CEST <damian@fptrucha.inv.usc.es>
# name: hd
# type: matrix
# rows: 180
# columns: 2
 2 -180
 164 -177.9888268156425
 9 -175.9776536312849
 353 -173.9664804469274
 218 -171.9553072625698
 142 -169.9441340782123
 36 -167.9329608938548
 31 -165.9217877094972
 45 -163.9106145251397
 170 -161.8994413407821
 40 -159.8882681564246
 637 -157.877094972067
 66 -155.8659217877095
 101 -153.854748603352
 42 -151.8435754189944
 55 -149.8324022346369
 212 -147.8212290502793
 591 -145.8100558659218
 135 -143.7988826815642
 93 -141.7877094972067
 156 -139.7765363128491
 96 -137.7653631284916
 5 -135.7541899441341
 157 -133.7430167597765
 153 -131.731843575419
 69 -129.7206703910614
 170 -127.7094972067039
 194 -125.6983240223464
 90 -123.6871508379888
 211 -121.6759776536313
 194 -119.6648044692737
 1 -117.6536312849162
 121 -115.6424581005587
 118 -113.6312849162011
 107 -111.6201117318436
 11 -109.608938547486
 27 -107.5977653631285
 19 -105.5865921787709
 6 -103.5754189944134
 0 -101.5642458100559
 0 -99.55307262569832
 0 -97.54189944134077
 4 -95.53072625698323
 4 -93.5195530726257
 7985 -91.50837988826815
 9 -89.49720670391061
 4 -87.48603351955308
 2 -85.47486033519553
 0 -83.46368715083798
 0 -81.45251396648044
 9 -79.44134078212289
 0 -77.43016759776536
 42 -75.41899441340782
 24 -73.40782122905027
 45 -71.39664804469274
 98 -69.38547486033519
 77 -67.37430167597765
 93 -65.3631284916201
 45 -63.35195530726256
 280 -61.34078212290503
 131 -59.32960893854748
 232 -57.31843575418993
 80 -55.3072625698324
 66 -53.29608938547486
 195 -51.28491620111731
 50 -49.27374301675977
 98 -47.26256983240222
 2 -45.25139664804468
 266 -43.24022346368713
 0 -41.22905027932961
 139 -39.21787709497207
 309 -37.20670391061452
 463 -35.19553072625698
 94 -33.18435754189943
 68 -31.17318435754188
 141 -29.16201117318434
 7 -27.15083798882682
 56 -25.13966480446928
 627 -23.12849162011173
 127 -21.11731843575419
 42 -19.10614525139664
 7 -17.09497206703909
 48 -15.08379888268155
 170 -13.072625698324
 4 -11.06145251396646
 543 -9.050279329608941
 4 -7.039106145251395
 139 -5.02793296089385
 20 -3.016759776536304
 2 -1.005586592178759
 15 1.005586592178787
 149 3.016759776536333
 2 5.02793296089385
 504 7.039106145251395
 11 9.050279329608941
 143 11.06145251396649
 39 13.07262569832403
 10 15.08379888268158
 60 17.09497206703912
 107 19.10614525139667
 503 21.11731843575421
 71 23.12849162011173
 95 25.13966480446928
 120 27.15083798882682
 71 29.16201117318437
 218 31.17318435754191
 303 33.18435754189946
 224 35.195530726257
 166 37.20670391061452
 19 39.21787709497207
 324 41.22905027932961
 3 43.24022346368716
 103 45.2513966480447
 59 47.26256983240225
 241 49.27374301675979
 78 51.28491620111734
 182 53.29608938547489
 67 55.3072625698324
 130 57.31843575418995
 245 59.32960893854749
 72 61.34078212290504
 137 63.35195530726259
 56 65.36312849162013
 95 67.37430167597768
 56 69.38547486033519
 32 71.39664804469274
 40 73.40782122905028
 7 75.41899441340783
 8 77.43016759776538
 1 79.44134078212289
 0 81.45251396648047
 1 83.46368715083798
 2 85.47486033519556
 22 87.48603351955308
 7603 89.49720670391065
 5 91.50837988826817
 1 93.51955307262574
 1 95.53072625698326
 2 97.54189944134077
 3 99.55307262569835
 8 101.5642458100559
 16 103.5754189944134
 40 105.586592178771
 22 107.5977653631285
 112 109.608938547486
 125 111.6201117318436
 114 113.6312849162011
 1 115.6424581005587
 200 117.6536312849162
 178 119.6648044692737
 73 121.6759776536313
 193 123.6871508379888
 206 125.6983240223464
 72 127.7094972067039
 154 129.7206703910614
 155 131.731843575419
 2 133.7430167597765
 90 135.7541899441341
 174 137.7653631284916
 94 139.7765363128492
 145 141.7877094972067
 505 143.7988826815642
 137 145.8100558659218
 214 147.8212290502793
 48 149.8324022346369
 164 151.8435754189944
 71 153.854748603352
 470 155.8659217877095
 49 157.8770949720671
 144 159.8882681564246
 53 161.8994413407821
 52 163.9106145251397
 9 165.9217877094972
 145 167.9329608938548
 209 169.9441340782123
 312 171.9553072625699
 0 173.9664804469274
 133 175.9776536312849
 2 177.9888268156425
 0 180


