# Created by Octave 3.8.2, Sat Jun 20 22:46:14 2020 CEST <damian@fptrucha.inv.usc.es>
# name: hd
# type: matrix
# rows: 180
# columns: 2
 3 -180
 159 -177.9888268156425
 2 -175.9776536312849
 332 -173.9664804469274
 218 -171.9553072625698
 153 -169.9441340782123
 33 -167.9329608938548
 27 -165.9217877094972
 63 -163.9106145251397
 176 -161.8994413407821
 32 -159.8882681564246
 636 -157.877094972067
 61 -155.8659217877095
 121 -153.854748603352
 27 -151.8435754189944
 62 -149.8324022346369
 199 -147.8212290502793
 622 -145.8100558659218
 121 -143.7988826815642
 79 -141.7877094972067
 140 -139.7765363128491
 99 -137.7653631284916
 3 -135.7541899441341
 147 -133.7430167597765
 142 -131.731843575419
 79 -129.7206703910614
 175 -127.7094972067039
 214 -125.6983240223464
 101 -123.6871508379888
 182 -121.6759776536313
 157 -119.6648044692737
 2 -117.6536312849162
 91 -115.6424581005587
 108 -113.6312849162011
 109 -111.6201117318436
 25 -109.608938547486
 28 -107.5977653631285
 22 -105.5865921787709
 8 -103.5754189944134
 0 -101.5642458100559
 2 -99.55307262569832
 1 -97.54189944134077
 1 -95.53072625698323
 8 -93.5195530726257
 8040 -91.50837988826815
 10 -89.49720670391061
 0 -87.48603351955308
 0 -85.47486033519553
 0 -83.46368715083798
 1 -81.45251396648044
 4 -79.44134078212289
 6 -77.43016759776536
 34 -75.41899441340782
 21 -73.40782122905027
 49 -71.39664804469274
 93 -69.38547486033519
 66 -67.37430167597765
 81 -65.3631284916201
 51 -63.35195530726256
 272 -61.34078212290503
 150 -59.32960893854748
 226 -57.31843575418993
 82 -55.3072625698324
 70 -53.29608938547486
 198 -51.28491620111731
 36 -49.27374301675977
 95 -47.26256983240222
 2 -45.25139664804468
 292 -43.24022346368713
 3 -41.22905027932961
 138 -39.21787709497207
 299 -37.20670391061452
 508 -35.19553072625698
 93 -33.18435754189943
 54 -31.17318435754188
 148 -29.16201117318434
 11 -27.15083798882682
 53 -25.13966480446928
 638 -23.12849162011173
 150 -21.11731843575419
 38 -19.10614525139664
 10 -17.09497206703909
 46 -15.08379888268155
 149 -13.072625698324
 6 -11.06145251396646
 552 -9.050279329608941
 1 -7.039106145251395
 129 -5.02793296089385
 15 -3.016759776536304
 4 -1.005586592178759
 23 1.005586592178787
 140 3.016759776536333
 2 5.02793296089385
 532 7.039106145251395
 7 9.050279329608941
 115 11.06145251396649
 53 13.07262569832403
 7 15.08379888268158
 52 17.09497206703912
 117 19.10614525139667
 487 21.11731843575421
 45 23.12849162011173
 84 25.13966480446928
 87 27.15083798882682
 57 29.16201117318437
 233 31.17318435754191
 282 33.18435754189946
 221 35.195530726257
 159 37.20670391061452
 40 39.21787709497207
 285 41.22905027932961
 1 43.24022346368716
 99 45.2513966480447
 54 47.26256983240225
 238 49.27374301675979
 76 51.28491620111734
 200 53.29608938547489
 76 55.3072625698324
 124 57.31843575418995
 266 59.32960893854749
 58 61.34078212290504
 107 63.35195530726259
 68 65.36312849162013
 95 67.37430167597768
 37 69.38547486033519
 30 71.39664804469274
 48 73.40782122905028
 5 75.41899441340783
 8 77.43016759776538
 3 79.44134078212289
 0 81.45251396648047
 1 83.46368715083798
 5 85.47486033519556
 10 87.48603351955308
 7503 89.49720670391065
 9 91.50837988826817
 1 93.51955307262574
 0 95.53072625698326
 1 97.54189944134077
 3 99.55307262569835
 10 101.5642458100559
 21 103.5754189944134
 38 105.586592178771
 13 107.5977653631285
 123 109.608938547486
 126 111.6201117318436
 109 113.6312849162011
 3 115.6424581005587
 212 117.6536312849162
 144 119.6648044692737
 96 121.6759776536313
 172 123.6871508379888
 160 125.6983240223464
 75 127.7094972067039
 165 129.7206703910614
 152 131.731843575419
 5 133.7430167597765
 118 135.7541899441341
 154 137.7653631284916
 107 139.7765363128492
 154 141.7877094972067
 462 143.7988826815642
 116 145.8100558659218
 195 147.8212290502793
 35 149.8324022346369
 151 151.8435754189944
 59 153.854748603352
 453 155.8659217877095
 63 157.8770949720671
 129 159.8882681564246
 70 161.8994413407821
 42 163.9106145251397
 16 165.9217877094972
 117 167.9329608938548
 210 169.9441340782123
 336 171.9553072625699
 2 173.9664804469274
 138 175.9776536312849
 5 177.9888268156425
 0 180


