# Created by Octave 3.8.2, Mon Jun 22 19:32:45 2020 CEST <damian@fptrucha.inv.usc.es>
# name: hd
# type: matrix
# rows: 180
# columns: 2
 3 -180
 181 -177.9888268156425
 6 -175.9776536312849
 350 -173.9664804469274
 225 -171.9553072625698
 152 -169.9441340782123
 36 -167.9329608938548
 45 -165.9217877094972
 46 -163.9106145251397
 142 -161.8994413407821
 58 -159.8882681564246
 588 -157.877094972067
 82 -155.8659217877095
 129 -153.854748603352
 59 -151.8435754189944
 61 -149.8324022346369
 239 -147.8212290502793
 621 -145.8100558659218
 149 -143.7988826815642
 106 -141.7877094972067
 162 -139.7765363128491
 128 -137.7653631284916
 4 -135.7541899441341
 176 -133.7430167597765
 199 -131.731843575419
 83 -129.7206703910614
 185 -127.7094972067039
 233 -125.6983240223464
 108 -123.6871508379888
 207 -121.6759776536313
 196 -119.6648044692737
 5 -117.6536312849162
 104 -115.6424581005587
 139 -113.6312849162011
 164 -111.6201117318436
 32 -109.608938547486
 40 -107.5977653631285
 27 -105.5865921787709
 10 -103.5754189944134
 3 -101.5642458100559
 0 -99.55307262569832
 1 -97.54189944134077
 1 -95.53072625698323
 7 -93.5195530726257
 8505 -91.50837988826815
 14 -89.49720670391061
 2 -87.48603351955308
 1 -85.47486033519553
 1 -83.46368715083798
 2 -81.45251396648044
 12 -79.44134078212289
 5 -77.43016759776536
 51 -75.41899441340782
 34 -73.40782122905027
 60 -71.39664804469274
 114 -69.38547486033519
 72 -67.37430167597765
 126 -65.3631284916201
 66 -63.35195530726256
 294 -61.34078212290503
 135 -59.32960893854748
 234 -57.31843575418993
 100 -55.3072625698324
 86 -53.29608938547486
 245 -51.28491620111731
 51 -49.27374301675977
 125 -47.26256983240222
 7 -45.25139664804468
 337 -43.24022346368713
 7 -41.22905027932961
 185 -39.21787709497207
 305 -37.20670391061452
 490 -35.19553072625698
 124 -33.18435754189943
 71 -31.17318435754188
 181 -29.16201117318434
 10 -27.15083798882682
 70 -25.13966480446928
 660 -23.12849162011173
 147 -21.11731843575419
 45 -19.10614525139664
 21 -17.09497206703909
 44 -15.08379888268155
 167 -13.072625698324
 9 -11.06145251396646
 582 -9.050279329608941
 3 -7.039106145251395
 113 -5.02793296089385
 19 -3.016759776536304
 6 -1.005586592178759
 30 1.005586592178787
 143 3.016759776536333
 3 5.02793296089385
 542 7.039106145251395
 3 9.050279329608941
 152 11.06145251396649
 38 13.07262569832403
 18 15.08379888268158
 52 17.09497206703912
 115 19.10614525139667
 541 21.11731843575421
 61 23.12849162011173
 66 25.13966480446928
 88 27.15083798882682
 60 29.16201117318437
 202 31.17318435754191
 361 33.18435754189946
 238 35.195530726257
 177 37.20670391061452
 41 39.21787709497207
 284 41.22905027932961
 4 43.24022346368716
 127 45.2513966480447
 69 47.26256983240225
 236 49.27374301675979
 69 51.28491620111734
 232 53.29608938547489
 102 55.3072625698324
 148 57.31843575418995
 276 59.32960893854749
 56 61.34078212290504
 117 63.35195530726259
 54 65.36312849162013
 103 67.37430167597768
 57 69.38547486033519
 33 71.39664804469274
 37 73.40782122905028
 8 75.41899441340783
 6 77.43016759776538
 2 79.44134078212289
 0 81.45251396648047
 1 83.46368715083798
 5 85.47486033519556
 14 87.48603351955308
 7761 89.49720670391065
 7 91.50837988826817
 4 93.51955307262574
 1 95.53072625698326
 1 97.54189944134077
 6 99.55307262569835
 12 101.5642458100559
 28 103.5754189944134
 32 105.586592178771
 26 107.5977653631285
 128 109.608938547486
 128 111.6201117318436
 123 113.6312849162011
 2 115.6424581005587
 190 117.6536312849162
 173 119.6648044692737
 119 121.6759776536313
 169 123.6871508379888
 194 125.6983240223464
 94 127.7094972067039
 142 129.7206703910614
 190 131.731843575419
 3 133.7430167597765
 122 135.7541899441341
 156 137.7653631284916
 103 139.7765363128492
 149 141.7877094972067
 537 143.7988826815642
 108 145.8100558659218
 201 147.8212290502793
 51 149.8324022346369
 148 151.8435754189944
 65 153.854748603352
 508 155.8659217877095
 45 157.8770949720671
 145 159.8882681564246
 65 161.8994413407821
 47 163.9106145251397
 18 165.9217877094972
 153 167.9329608938548
 198 169.9441340782123
 350 171.9553072625699
 3 173.9664804469274
 166 175.9776536312849
 1 177.9888268156425
 0 180


