# Created by Octave 3.8.2, Sat Jun 20 19:17:59 2020 CEST <damian@fptrucha.inv.usc.es>
# name: hd
# type: matrix
# rows: 180
# columns: 2
 3 -180
 153 -177.9888268156425
 5 -175.9776536312849
 371 -173.9664804469274
 206 -171.9553072625698
 133 -169.9441340782123
 29 -167.9329608938548
 34 -165.9217877094972
 57 -163.9106145251397
 150 -161.8994413407821
 39 -159.8882681564246
 638 -157.877094972067
 71 -155.8659217877095
 122 -153.854748603352
 42 -151.8435754189944
 69 -149.8324022346369
 197 -147.8212290502793
 638 -145.8100558659218
 123 -143.7988826815642
 89 -141.7877094972067
 171 -139.7765363128491
 85 -137.7653631284916
 2 -135.7541899441341
 143 -133.7430167597765
 165 -131.731843575419
 65 -129.7206703910614
 161 -127.7094972067039
 230 -125.6983240223464
 106 -123.6871508379888
 182 -121.6759776536313
 175 -119.6648044692737
 2 -117.6536312849162
 99 -115.6424581005587
 115 -113.6312849162011
 128 -111.6201117318436
 12 -109.608938547486
 22 -107.5977653631285
 22 -105.5865921787709
 15 -103.5754189944134
 2 -101.5642458100559
 1 -99.55307262569832
 3 -97.54189944134077
 2 -95.53072625698323
 4 -93.5195530726257
 8255 -91.50837988826815
 7 -89.49720670391061
 2 -87.48603351955308
 6 -85.47486033519553
 0 -83.46368715083798
 0 -81.45251396648044
 7 -79.44134078212289
 6 -77.43016759776536
 32 -75.41899441340782
 17 -73.40782122905027
 51 -71.39664804469274
 113 -69.38547486033519
 67 -67.37430167597765
 91 -65.3631284916201
 53 -63.35195530726256
 255 -61.34078212290503
 150 -59.32960893854748
 213 -57.31843575418993
 92 -55.3072625698324
 99 -53.29608938547486
 231 -51.28491620111731
 58 -49.27374301675977
 118 -47.26256983240222
 1 -45.25139664804468
 272 -43.24022346368713
 4 -41.22905027932961
 154 -39.21787709497207
 313 -37.20670391061452
 487 -35.19553072625698
 104 -33.18435754189943
 59 -31.17318435754188
 159 -29.16201117318434
 6 -27.15083798882682
 58 -25.13966480446928
 652 -23.12849162011173
 148 -21.11731843575419
 46 -19.10614525139664
 8 -17.09497206703909
 40 -15.08379888268155
 165 -13.072625698324
 3 -11.06145251396646
 581 -9.050279329608941
 1 -7.039106145251395
 121 -5.02793296089385
 19 -3.016759776536304
 2 -1.005586592178759
 20 1.005586592178787
 121 3.016759776536333
 3 5.02793296089385
 511 7.039106145251395
 7 9.050279329608941
 157 11.06145251396649
 46 13.07262569832403
 10 15.08379888268158
 62 17.09497206703912
 109 19.10614525139667
 493 21.11731843575421
 73 23.12849162011173
 91 25.13966480446928
 113 27.15083798882682
 63 29.16201117318437
 214 31.17318435754191
 322 33.18435754189946
 217 35.195530726257
 163 37.20670391061452
 29 39.21787709497207
 299 41.22905027932961
 2 43.24022346368716
 137 45.2513966480447
 55 47.26256983240225
 213 49.27374301675979
 81 51.28491620111734
 185 53.29608938547489
 80 55.3072625698324
 155 57.31843575418995
 260 59.32960893854749
 55 61.34078212290504
 121 63.35195530726259
 75 65.36312849162013
 101 67.37430167597768
 45 69.38547486033519
 33 71.39664804469274
 47 73.40782122905028
 4 75.41899441340783
 11 77.43016759776538
 2 79.44134078212289
 0 81.45251396648047
 1 83.46368715083798
 5 85.47486033519556
 3 87.48603351955308
 7816 89.49720670391065
 8 91.50837988826817
 3 93.51955307262574
 1 95.53072625698326
 0 97.54189944134077
 2 99.55307262569835
 18 101.5642458100559
 21 103.5754189944134
 39 105.586592178771
 22 107.5977653631285
 101 109.608938547486
 118 111.6201117318436
 126 113.6312849162011
 5 115.6424581005587
 218 117.6536312849162
 146 119.6648044692737
 93 121.6759776536313
 195 123.6871508379888
 197 125.6983240223464
 87 127.7094972067039
 167 129.7206703910614
 164 131.731843575419
 1 133.7430167597765
 127 135.7541899441341
 161 137.7653631284916
 106 139.7765363128492
 147 141.7877094972067
 529 143.7988826815642
 129 145.8100558659218
 206 147.8212290502793
 35 149.8324022346369
 156 151.8435754189944
 65 153.854748603352
 494 155.8659217877095
 56 157.8770949720671
 138 159.8882681564246
 64 161.8994413407821
 50 163.9106145251397
 13 165.9217877094972
 120 167.9329608938548
 212 169.9441340782123
 327 171.9553072625699
 1 173.9664804469274
 171 175.9776536312849
 1 177.9888268156425
 0 180


