# Created by Octave 3.8.2, Mon Jun 22 06:36:33 2020 CEST <damian@fptrucha.inv.usc.es>
# name: hd
# type: matrix
# rows: 180
# columns: 2
 2 -180
 158 -177.9888268156425
 6 -175.9776536312849
 378 -173.9664804469274
 224 -171.9553072625698
 152 -169.9441340782123
 40 -167.9329608938548
 42 -165.9217877094972
 65 -163.9106145251397
 132 -161.8994413407821
 50 -159.8882681564246
 545 -157.877094972067
 73 -155.8659217877095
 123 -153.854748603352
 49 -151.8435754189944
 77 -149.8324022346369
 228 -147.8212290502793
 525 -145.8100558659218
 140 -143.7988826815642
 83 -141.7877094972067
 165 -139.7765363128491
 100 -137.7653631284916
 6 -135.7541899441341
 173 -133.7430167597765
 155 -131.731843575419
 83 -129.7206703910614
 188 -127.7094972067039
 201 -125.6983240223464
 82 -123.6871508379888
 165 -121.6759776536313
 184 -119.6648044692737
 5 -117.6536312849162
 112 -115.6424581005587
 127 -113.6312849162011
 119 -111.6201117318436
 24 -109.608938547486
 41 -107.5977653631285
 21 -105.5865921787709
 20 -103.5754189944134
 5 -101.5642458100559
 0 -99.55307262569832
 3 -97.54189944134077
 4 -95.53072625698323
 8 -93.5195530726257
 7331 -91.50837988826815
 14 -89.49720670391061
 4 -87.48603351955308
 1 -85.47486033519553
 2 -83.46368715083798
 5 -81.45251396648044
 10 -79.44134078212289
 5 -77.43016759776536
 48 -75.41899441340782
 35 -73.40782122905027
 55 -71.39664804469274
 111 -69.38547486033519
 87 -67.37430167597765
 95 -65.3631284916201
 53 -63.35195530726256
 241 -61.34078212290503
 117 -59.32960893854748
 211 -57.31843575418993
 96 -55.3072625698324
 76 -53.29608938547486
 203 -51.28491620111731
 57 -49.27374301675977
 111 -47.26256983240222
 1 -45.25139664804468
 276 -43.24022346368713
 4 -41.22905027932961
 137 -39.21787709497207
 235 -37.20670391061452
 385 -35.19553072625698
 87 -33.18435754189943
 69 -31.17318435754188
 149 -29.16201117318434
 15 -27.15083798882682
 61 -25.13966480446928
 525 -23.12849162011173
 128 -21.11731843575419
 58 -19.10614525139664
 15 -17.09497206703909
 37 -15.08379888268155
 128 -13.072625698324
 12 -11.06145251396646
 549 -9.050279329608941
 5 -7.039106145251395
 116 -5.02793296089385
 29 -3.016759776536304
 2 -1.005586592178759
 22 1.005586592178787
 140 3.016759776536333
 2 5.02793296089385
 558 7.039106145251395
 9 9.050279329608941
 135 11.06145251396649
 34 13.07262569832403
 11 15.08379888268158
 69 17.09497206703912
 103 19.10614525139667
 508 21.11731843575421
 51 23.12849162011173
 78 25.13966480446928
 96 27.15083798882682
 68 29.16201117318437
 184 31.17318435754191
 323 33.18435754189946
 247 35.195530726257
 164 37.20670391061452
 36 39.21787709497207
 249 41.22905027932961
 3 43.24022346368716
 113 45.2513966480447
 51 47.26256983240225
 218 49.27374301675979
 79 51.28491620111734
 170 53.29608938547489
 75 55.3072625698324
 139 57.31843575418995
 267 59.32960893854749
 59 61.34078212290504
 123 63.35195530726259
 59 65.36312849162013
 114 67.37430167597768
 54 69.38547486033519
 31 71.39664804469274
 50 73.40782122905028
 9 75.41899441340783
 14 77.43016759776538
 4 79.44134078212289
 1 81.45251396648047
 1 83.46368715083798
 11 85.47486033519556
 16 87.48603351955308
 7176 89.49720670391065
 11 91.50837988826817
 6 93.51955307262574
 1 95.53072625698326
 1 97.54189944134077
 1 99.55307262569835
 12 101.5642458100559
 23 103.5754189944134
 34 105.586592178771
 15 107.5977653631285
 103 109.608938547486
 120 111.6201117318436
 111 113.6312849162011
 8 115.6424581005587
 196 117.6536312849162
 175 119.6648044692737
 88 121.6759776536313
 163 123.6871508379888
 157 125.6983240223464
 90 127.7094972067039
 147 129.7206703910614
 190 131.731843575419
 1 133.7430167597765
 137 135.7541899441341
 158 137.7653631284916
 95 139.7765363128492
 128 141.7877094972067
 472 143.7988826815642
 115 145.8100558659218
 185 147.8212290502793
 50 149.8324022346369
 137 151.8435754189944
 53 153.854748603352
 473 155.8659217877095
 58 157.8770949720671
 148 159.8882681564246
 47 161.8994413407821
 33 163.9106145251397
 17 165.9217877094972
 132 167.9329608938548
 199 169.9441340782123
 348 171.9553072625699
 8 173.9664804469274
 159 175.9776536312849
 7 177.9888268156425
 0 180


