# Created by Octave 3.8.2, Mon Jun 22 17:45:26 2020 CEST <damian@fptrucha.inv.usc.es>
# name: hd
# type: matrix
# rows: 180
# columns: 2
 5 -180
 156 -177.9888268156425
 5 -175.9776536312849
 418 -173.9664804469274
 252 -171.9553072625698
 179 -169.9441340782123
 33 -167.9329608938548
 50 -165.9217877094972
 62 -163.9106145251397
 185 -161.8994413407821
 54 -159.8882681564246
 565 -157.877094972067
 81 -155.8659217877095
 144 -153.854748603352
 46 -151.8435754189944
 63 -149.8324022346369
 220 -147.8212290502793
 556 -145.8100558659218
 163 -143.7988826815642
 100 -141.7877094972067
 178 -139.7765363128491
 99 -137.7653631284916
 2 -135.7541899441341
 182 -133.7430167597765
 175 -131.731843575419
 93 -129.7206703910614
 192 -127.7094972067039
 246 -125.6983240223464
 91 -123.6871508379888
 184 -121.6759776536313
 188 -119.6648044692737
 10 -117.6536312849162
 126 -115.6424581005587
 126 -113.6312849162011
 126 -111.6201117318436
 31 -109.608938547486
 45 -107.5977653631285
 34 -105.5865921787709
 14 -103.5754189944134
 7 -101.5642458100559
 2 -99.55307262569832
 1 -97.54189944134077
 4 -95.53072625698323
 9 -93.5195530726257
 8281 -91.50837988826815
 12 -89.49720670391061
 5 -87.48603351955308
 3 -85.47486033519553
 1 -83.46368715083798
 1 -81.45251396648044
 7 -79.44134078212289
 7 -77.43016759776536
 64 -75.41899441340782
 30 -73.40782122905027
 48 -71.39664804469274
 124 -69.38547486033519
 92 -67.37430167597765
 125 -65.3631284916201
 64 -63.35195530726256
 281 -61.34078212290503
 133 -59.32960893854748
 233 -57.31843575418993
 102 -55.3072625698324
 61 -53.29608938547486
 273 -51.28491620111731
 75 -49.27374301675977
 124 -47.26256983240222
 3 -45.25139664804468
 308 -43.24022346368713
 5 -41.22905027932961
 178 -39.21787709497207
 296 -37.20670391061452
 460 -35.19553072625698
 119 -33.18435754189943
 66 -31.17318435754188
 167 -29.16201117318434
 8 -27.15083798882682
 70 -25.13966480446928
 588 -23.12849162011173
 154 -21.11731843575419
 58 -19.10614525139664
 14 -17.09497206703909
 39 -15.08379888268155
 140 -13.072625698324
 13 -11.06145251396646
 617 -9.050279329608941
 2 -7.039106145251395
 133 -5.02793296089385
 19 -3.016759776536304
 4 -1.005586592178759
 20 1.005586592178787
 142 3.016759776536333
 4 5.02793296089385
 547 7.039106145251395
 10 9.050279329608941
 151 11.06145251396649
 44 13.07262569832403
 9 15.08379888268158
 53 17.09497206703912
 102 19.10614525139667
 550 21.11731843575421
 54 23.12849162011173
 92 25.13966480446928
 97 27.15083798882682
 60 29.16201117318437
 186 31.17318435754191
 373 33.18435754189946
 271 35.195530726257
 159 37.20670391061452
 33 39.21787709497207
 310 41.22905027932961
 4 43.24022346368716
 129 45.2513966480447
 62 47.26256983240225
 235 49.27374301675979
 84 51.28491620111734
 186 53.29608938547489
 85 55.3072625698324
 147 57.31843575418995
 263 59.32960893854749
 60 61.34078212290504
 111 63.35195530726259
 68 65.36312849162013
 128 67.37430167597768
 44 69.38547486033519
 29 71.39664804469274
 60 73.40782122905028
 13 75.41899441340783
 9 77.43016759776538
 3 79.44134078212289
 0 81.45251396648047
 4 83.46368715083798
 8 85.47486033519556
 15 87.48603351955308
 7688 89.49720670391065
 11 91.50837988826817
 2 93.51955307262574
 1 95.53072625698326
 0 97.54189944134077
 3 99.55307262569835
 14 101.5642458100559
 27 103.5754189944134
 31 105.586592178771
 21 107.5977653631285
 116 109.608938547486
 117 111.6201117318436
 137 113.6312849162011
 4 115.6424581005587
 222 117.6536312849162
 180 119.6648044692737
 105 121.6759776536313
 191 123.6871508379888
 200 125.6983240223464
 80 127.7094972067039
 175 129.7206703910614
 205 131.731843575419
 2 133.7430167597765
 116 135.7541899441341
 181 137.7653631284916
 98 139.7765363128492
 152 141.7877094972067
 480 143.7988826815642
 112 145.8100558659218
 216 147.8212290502793
 48 149.8324022346369
 142 151.8435754189944
 72 153.854748603352
 487 155.8659217877095
 53 157.8770949720671
 161 159.8882681564246
 83 161.8994413407821
 47 163.9106145251397
 17 165.9217877094972
 158 167.9329608938548
 239 169.9441340782123
 344 171.9553072625699
 7 173.9664804469274
 167 175.9776536312849
 2 177.9888268156425
 0 180


