# Created by Octave 3.8.2, Sat Jun 20 16:28:48 2020 CEST <damian@fptrucha.inv.usc.es>
# name: hd
# type: matrix
# rows: 180
# columns: 2
 3 -180
 99 -177.9888268156425
 1 -175.9776536312849
 257 -173.9664804469274
 158 -171.9553072625698
 121 -169.9441340782123
 22 -167.9329608938548
 22 -165.9217877094972
 36 -163.9106145251397
 103 -161.8994413407821
 28 -159.8882681564246
 447 -157.877094972067
 32 -155.8659217877095
 59 -153.854748603352
 28 -151.8435754189944
 43 -149.8324022346369
 135 -147.8212290502793
 422 -145.8100558659218
 68 -143.7988826815642
 62 -141.7877094972067
 116 -139.7765363128491
 67 -137.7653631284916
 0 -135.7541899441341
 103 -133.7430167597765
 105 -131.731843575419
 51 -129.7206703910614
 113 -127.7094972067039
 148 -125.6983240223464
 56 -123.6871508379888
 124 -121.6759776536313
 118 -119.6648044692737
 1 -117.6536312849162
 62 -115.6424581005587
 77 -113.6312849162011
 73 -111.6201117318436
 13 -109.608938547486
 25 -107.5977653631285
 14 -105.5865921787709
 5 -103.5754189944134
 0 -101.5642458100559
 0 -99.55307262569832
 1 -97.54189944134077
 1 -95.53072625698323
 4 -93.5195530726257
 5466 -91.50837988826815
 3 -89.49720670391061
 2 -87.48603351955308
 0 -85.47486033519553
 0 -83.46368715083798
 0 -81.45251396648044
 7 -79.44134078212289
 3 -77.43016759776536
 25 -75.41899441340782
 15 -73.40782122905027
 33 -71.39664804469274
 69 -69.38547486033519
 40 -67.37430167597765
 66 -65.3631284916201
 32 -63.35195530726256
 186 -61.34078212290503
 83 -59.32960893854748
 170 -57.31843575418993
 46 -55.3072625698324
 44 -53.29608938547486
 138 -51.28491620111731
 17 -49.27374301675977
 74 -47.26256983240222
 1 -45.25139664804468
 193 -43.24022346368713
 1 -41.22905027932961
 97 -39.21787709497207
 200 -37.20670391061452
 297 -35.19553072625698
 70 -33.18435754189943
 40 -31.17318435754188
 103 -29.16201117318434
 7 -27.15083798882682
 33 -25.13966480446928
 425 -23.12849162011173
 90 -21.11731843575419
 47 -19.10614525139664
 10 -17.09497206703909
 33 -15.08379888268155
 106 -13.072625698324
 7 -11.06145251396646
 373 -9.050279329608941
 1 -7.039106145251395
 85 -5.02793296089385
 12 -3.016759776536304
 2 -1.005586592178759
 18 1.005586592178787
 76 3.016759776536333
 2 5.02793296089385
 352 7.039106145251395
 5 9.050279329608941
 91 11.06145251396649
 28 13.07262569832403
 5 15.08379888268158
 39 17.09497206703912
 68 19.10614525139667
 327 21.11731843575421
 29 23.12849162011173
 67 25.13966480446928
 83 27.15083798882682
 39 29.16201117318437
 166 31.17318435754191
 206 33.18435754189946
 155 35.195530726257
 114 37.20670391061452
 23 39.21787709497207
 179 41.22905027932961
 1 43.24022346368716
 83 45.2513966480447
 34 47.26256983240225
 140 49.27374301675979
 56 51.28491620111734
 124 53.29608938547489
 54 55.3072625698324
 109 57.31843575418995
 165 59.32960893854749
 37 61.34078212290504
 98 63.35195530726259
 51 65.36312849162013
 70 67.37430167597768
 31 69.38547486033519
 24 71.39664804469274
 23 73.40782122905028
 0 75.41899441340783
 4 77.43016759776538
 0 79.44134078212289
 1 81.45251396648047
 1 83.46368715083798
 0 85.47486033519556
 4 87.48603351955308
 5194 89.49720670391065
 1 91.50837988826817
 1 93.51955307262574
 0 95.53072625698326
 0 97.54189944134077
 2 99.55307262569835
 9 101.5642458100559
 13 103.5754189944134
 26 105.586592178771
 16 107.5977653631285
 82 109.608938547486
 89 111.6201117318436
 69 113.6312849162011
 0 115.6424581005587
 138 117.6536312849162
 106 119.6648044692737
 52 121.6759776536313
 116 123.6871508379888
 108 125.6983240223464
 52 127.7094972067039
 125 129.7206703910614
 118 131.731843575419
 0 133.7430167597765
 72 135.7541899441341
 104 137.7653631284916
 62 139.7765363128492
 84 141.7877094972067
 327 143.7988826815642
 79 145.8100558659218
 129 147.8212290502793
 28 149.8324022346369
 93 151.8435754189944
 52 153.854748603352
 281 155.8659217877095
 43 157.8770949720671
 75 159.8882681564246
 54 161.8994413407821
 30 163.9106145251397
 5 165.9217877094972
 98 167.9329608938548
 133 169.9441340782123
 244 171.9553072625699
 1 173.9664804469274
 107 175.9776536312849
 2 177.9888268156425
 0 180


