# Created by Octave 3.8.2, Mon Jun 22 13:20:44 2020 CEST <damian@fptrucha.inv.usc.es>
# name: hd
# type: matrix
# rows: 180
# columns: 2
 1 -180
 190 -177.9888268156425
 3 -175.9776536312849
 365 -173.9664804469274
 249 -171.9553072625698
 160 -169.9441340782123
 34 -167.9329608938548
 41 -165.9217877094972
 80 -163.9106145251397
 168 -161.8994413407821
 50 -159.8882681564246
 591 -157.877094972067
 75 -155.8659217877095
 137 -153.854748603352
 43 -151.8435754189944
 79 -149.8324022346369
 219 -147.8212290502793
 547 -145.8100558659218
 135 -143.7988826815642
 102 -141.7877094972067
 182 -139.7765363128491
 127 -137.7653631284916
 5 -135.7541899441341
 184 -133.7430167597765
 191 -131.731843575419
 77 -129.7206703910614
 187 -127.7094972067039
 229 -125.6983240223464
 89 -123.6871508379888
 176 -121.6759776536313
 199 -119.6648044692737
 5 -117.6536312849162
 114 -115.6424581005587
 131 -113.6312849162011
 111 -111.6201117318436
 17 -109.608938547486
 39 -107.5977653631285
 26 -105.5865921787709
 15 -103.5754189944134
 0 -101.5642458100559
 2 -99.55307262569832
 2 -97.54189944134077
 7 -95.53072625698323
 10 -93.5195530726257
 8066 -91.50837988826815
 17 -89.49720670391061
 5 -87.48603351955308
 1 -85.47486033519553
 2 -83.46368715083798
 4 -81.45251396648044
 7 -79.44134078212289
 5 -77.43016759776536
 66 -75.41899441340782
 31 -73.40782122905027
 38 -71.39664804469274
 114 -69.38547486033519
 63 -67.37430167597765
 123 -65.3631284916201
 56 -63.35195530726256
 244 -61.34078212290503
 142 -59.32960893854748
 198 -57.31843575418993
 113 -55.3072625698324
 74 -53.29608938547486
 256 -51.28491620111731
 53 -49.27374301675977
 128 -47.26256983240222
 4 -45.25139664804468
 267 -43.24022346368713
 4 -41.22905027932961
 155 -39.21787709497207
 315 -37.20670391061452
 418 -35.19553072625698
 109 -33.18435754189943
 50 -31.17318435754188
 165 -29.16201117318434
 13 -27.15083798882682
 53 -25.13966480446928
 574 -23.12849162011173
 137 -21.11731843575419
 53 -19.10614525139664
 13 -17.09497206703909
 41 -15.08379888268155
 160 -13.072625698324
 7 -11.06145251396646
 556 -9.050279329608941
 2 -7.039106145251395
 141 -5.02793296089385
 23 -3.016759776536304
 7 -1.005586592178759
 29 1.005586592178787
 138 3.016759776536333
 2 5.02793296089385
 518 7.039106145251395
 8 9.050279329608941
 133 11.06145251396649
 35 13.07262569832403
 9 15.08379888268158
 61 17.09497206703912
 129 19.10614525139667
 533 21.11731843575421
 58 23.12849162011173
 104 25.13966480446928
 86 27.15083798882682
 65 29.16201117318437
 226 31.17318435754191
 368 33.18435754189946
 266 35.195530726257
 155 37.20670391061452
 41 39.21787709497207
 297 41.22905027932961
 3 43.24022346368716
 101 45.2513966480447
 55 47.26256983240225
 237 49.27374301675979
 85 51.28491620111734
 186 53.29608938547489
 90 55.3072625698324
 152 57.31843575418995
 255 59.32960893854749
 49 61.34078212290504
 141 63.35195530726259
 84 65.36312849162013
 115 67.37430167597768
 47 69.38547486033519
 24 71.39664804469274
 57 73.40782122905028
 5 75.41899441340783
 13 77.43016759776538
 3 79.44134078212289
 2 81.45251396648047
 2 83.46368715083798
 4 85.47486033519556
 16 87.48603351955308
 7699 89.49720670391065
 11 91.50837988826817
 1 93.51955307262574
 1 95.53072625698326
 4 97.54189944134077
 3 99.55307262569835
 24 101.5642458100559
 35 103.5754189944134
 46 105.586592178771
 22 107.5977653631285
 112 109.608938547486
 130 111.6201117318436
 124 113.6312849162011
 1 115.6424581005587
 214 117.6536312849162
 190 119.6648044692737
 89 121.6759776536313
 199 123.6871508379888
 186 125.6983240223464
 83 127.7094972067039
 192 129.7206703910614
 191 131.731843575419
 2 133.7430167597765
 127 135.7541899441341
 192 137.7653631284916
 106 139.7765363128492
 134 141.7877094972067
 516 143.7988826815642
 130 145.8100558659218
 233 147.8212290502793
 40 149.8324022346369
 136 151.8435754189944
 72 153.854748603352
 523 155.8659217877095
 55 157.8770949720671
 148 159.8882681564246
 69 161.8994413407821
 50 163.9106145251397
 24 165.9217877094972
 139 167.9329608938548
 235 169.9441340782123
 340 171.9553072625699
 4 173.9664804469274
 185 175.9776536312849
 6 177.9888268156425
 0 180


