# Created by Octave 3.8.2, Mon Jun 22 04:04:17 2020 CEST <damian@fptrucha.inv.usc.es>
# name: hd
# type: matrix
# rows: 180
# columns: 2
 4 -180
 160 -177.9888268156425
 2 -175.9776536312849
 338 -173.9664804469274
 224 -171.9553072625698
 133 -169.9441340782123
 31 -167.9329608938548
 44 -165.9217877094972
 56 -163.9106145251397
 148 -161.8994413407821
 43 -159.8882681564246
 508 -157.877094972067
 64 -155.8659217877095
 112 -153.854748603352
 40 -151.8435754189944
 52 -149.8324022346369
 195 -147.8212290502793
 545 -145.8100558659218
 114 -143.7988826815642
 94 -141.7877094972067
 167 -139.7765363128491
 112 -137.7653631284916
 2 -135.7541899441341
 147 -133.7430167597765
 166 -131.731843575419
 71 -129.7206703910614
 183 -127.7094972067039
 179 -125.6983240223464
 99 -123.6871508379888
 183 -121.6759776536313
 176 -119.6648044692737
 2 -117.6536312849162
 125 -115.6424581005587
 108 -113.6312849162011
 125 -111.6201117318436
 32 -109.608938547486
 25 -107.5977653631285
 26 -105.5865921787709
 11 -103.5754189944134
 4 -101.5642458100559
 0 -99.55307262569832
 1 -97.54189944134077
 4 -95.53072625698323
 3 -93.5195530726257
 7264 -91.50837988826815
 15 -89.49720670391061
 9 -87.48603351955308
 2 -85.47486033519553
 0 -83.46368715083798
 4 -81.45251396648044
 5 -79.44134078212289
 9 -77.43016759776536
 42 -75.41899441340782
 38 -73.40782122905027
 50 -71.39664804469274
 104 -69.38547486033519
 76 -67.37430167597765
 122 -65.3631284916201
 48 -63.35195530726256
 235 -61.34078212290503
 157 -59.32960893854748
 164 -57.31843575418993
 91 -55.3072625698324
 65 -53.29608938547486
 242 -51.28491620111731
 61 -49.27374301675977
 113 -47.26256983240222
 1 -45.25139664804468
 295 -43.24022346368713
 3 -41.22905027932961
 131 -39.21787709497207
 255 -37.20670391061452
 396 -35.19553072625698
 107 -33.18435754189943
 73 -31.17318435754188
 125 -29.16201117318434
 10 -27.15083798882682
 79 -25.13966480446928
 509 -23.12849162011173
 135 -21.11731843575419
 46 -19.10614525139664
 14 -17.09497206703909
 39 -15.08379888268155
 163 -13.072625698324
 3 -11.06145251396646
 554 -9.050279329608941
 2 -7.039106145251395
 147 -5.02793296089385
 19 -3.016759776536304
 3 -1.005586592178759
 21 1.005586592178787
 118 3.016759776536333
 5 5.02793296089385
 477 7.039106145251395
 7 9.050279329608941
 145 11.06145251396649
 40 13.07262569832403
 12 15.08379888268158
 59 17.09497206703912
 111 19.10614525139667
 485 21.11731843575421
 65 23.12849162011173
 74 25.13966480446928
 95 27.15083798882682
 47 29.16201117318437
 187 31.17318435754191
 274 33.18435754189946
 210 35.195530726257
 113 37.20670391061452
 43 39.21787709497207
 253 41.22905027932961
 2 43.24022346368716
 118 45.2513966480447
 63 47.26256983240225
 207 49.27374301675979
 84 51.28491620111734
 188 53.29608938547489
 66 55.3072625698324
 126 57.31843575418995
 256 59.32960893854749
 59 61.34078212290504
 109 63.35195530726259
 60 65.36312849162013
 115 67.37430167597768
 43 69.38547486033519
 40 71.39664804469274
 68 73.40782122905028
 2 75.41899441340783
 9 77.43016759776538
 7 79.44134078212289
 2 81.45251396648047
 4 83.46368715083798
 11 85.47486033519556
 18 87.48603351955308
 6954 89.49720670391065
 8 91.50837988826817
 2 93.51955307262574
 4 95.53072625698326
 1 97.54189944134077
 3 99.55307262569835
 12 101.5642458100559
 22 103.5754189944134
 43 105.586592178771
 29 107.5977653631285
 102 109.608938547486
 122 111.6201117318436
 124 113.6312849162011
 5 115.6424581005587
 190 117.6536312849162
 146 119.6648044692737
 100 121.6759776536313
 163 123.6871508379888
 148 125.6983240223464
 66 127.7094972067039
 151 129.7206703910614
 174 131.731843575419
 3 133.7430167597765
 118 135.7541899441341
 168 137.7653631284916
 92 139.7765363128492
 118 141.7877094972067
 455 143.7988826815642
 109 145.8100558659218
 182 147.8212290502793
 63 149.8324022346369
 147 151.8435754189944
 57 153.854748603352
 427 155.8659217877095
 52 157.8770949720671
 116 159.8882681564246
 62 161.8994413407821
 49 163.9106145251397
 21 165.9217877094972
 136 167.9329608938548
 212 169.9441340782123
 322 171.9553072625699
 5 173.9664804469274
 139 175.9776536312849
 6 177.9888268156425
 0 180


