# Created by Octave 3.8.2, Tue Jun 23 00:41:24 2020 CEST <damian@fptrucha.inv.usc.es>
# name: hd
# type: matrix
# rows: 180
# columns: 2
 4 -180
 190 -177.9888268156425
 3 -175.9776536312849
 352 -173.9664804469274
 247 -171.9553072625698
 171 -169.9441340782123
 40 -167.9329608938548
 45 -165.9217877094972
 61 -163.9106145251397
 168 -161.8994413407821
 55 -159.8882681564246
 611 -157.877094972067
 75 -155.8659217877095
 168 -153.854748603352
 62 -151.8435754189944
 84 -149.8324022346369
 255 -147.8212290502793
 609 -145.8100558659218
 140 -143.7988826815642
 107 -141.7877094972067
 218 -139.7765363128491
 120 -137.7653631284916
 3 -135.7541899441341
 167 -133.7430167597765
 199 -131.731843575419
 74 -129.7206703910614
 217 -127.7094972067039
 227 -125.6983240223464
 99 -123.6871508379888
 192 -121.6759776536313
 220 -119.6648044692737
 3 -117.6536312849162
 117 -115.6424581005587
 119 -113.6312849162011
 146 -111.6201117318436
 30 -109.608938547486
 48 -107.5977653631285
 25 -105.5865921787709
 19 -103.5754189944134
 2 -101.5642458100559
 1 -99.55307262569832
 2 -97.54189944134077
 2 -95.53072625698323
 8 -93.5195530726257
 8812 -91.50837988826815
 16 -89.49720670391061
 6 -87.48603351955308
 3 -85.47486033519553
 2 -83.46368715083798
 2 -81.45251396648044
 9 -79.44134078212289
 7 -77.43016759776536
 58 -75.41899441340782
 24 -73.40782122905027
 70 -71.39664804469274
 153 -69.38547486033519
 69 -67.37430167597765
 106 -65.3631284916201
 62 -63.35195530726256
 295 -61.34078212290503
 158 -59.32960893854748
 237 -57.31843575418993
 100 -55.3072625698324
 82 -53.29608938547486
 255 -51.28491620111731
 51 -49.27374301675977
 110 -47.26256983240222
 4 -45.25139664804468
 307 -43.24022346368713
 2 -41.22905027932961
 181 -39.21787709497207
 305 -37.20670391061452
 456 -35.19553072625698
 142 -33.18435754189943
 69 -31.17318435754188
 158 -29.16201117318434
 9 -27.15083798882682
 50 -25.13966480446928
 640 -23.12849162011173
 142 -21.11731843575419
 60 -19.10614525139664
 16 -17.09497206703909
 38 -15.08379888268155
 162 -13.072625698324
 7 -11.06145251396646
 616 -9.050279329608941
 0 -7.039106145251395
 136 -5.02793296089385
 16 -3.016759776536304
 3 -1.005586592178759
 33 1.005586592178787
 134 3.016759776536333
 7 5.02793296089385
 605 7.039106145251395
 5 9.050279329608941
 142 11.06145251396649
 49 13.07262569832403
 10 15.08379888268158
 72 17.09497206703912
 136 19.10614525139667
 572 21.11731843575421
 67 23.12849162011173
 86 25.13966480446928
 90 27.15083798882682
 65 29.16201117318437
 216 31.17318435754191
 340 33.18435754189946
 251 35.195530726257
 156 37.20670391061452
 39 39.21787709497207
 295 41.22905027932961
 1 43.24022346368716
 114 45.2513966480447
 60 47.26256983240225
 251 49.27374301675979
 83 51.28491620111734
 220 53.29608938547489
 74 55.3072625698324
 167 57.31843575418995
 279 59.32960893854749
 63 61.34078212290504
 117 63.35195530726259
 83 65.36312849162013
 115 67.37430167597768
 59 69.38547486033519
 30 71.39664804469274
 57 73.40782122905028
 13 75.41899441340783
 13 77.43016759776538
 0 79.44134078212289
 0 81.45251396648047
 2 83.46368715083798
 4 85.47486033519556
 11 87.48603351955308
 7942 89.49720670391065
 7 91.50837988826817
 4 93.51955307262574
 2 95.53072625698326
 0 97.54189944134077
 4 99.55307262569835
 17 101.5642458100559
 19 103.5754189944134
 38 105.586592178771
 16 107.5977653631285
 118 109.608938547486
 116 111.6201117318436
 141 113.6312849162011
 3 115.6424581005587
 215 117.6536312849162
 188 119.6648044692737
 105 121.6759776536313
 169 123.6871508379888
 178 125.6983240223464
 73 127.7094972067039
 171 129.7206703910614
 186 131.731843575419
 5 133.7430167597765
 132 135.7541899441341
 178 137.7653631284916
 104 139.7765363128492
 126 141.7877094972067
 524 143.7988826815642
 123 145.8100558659218
 217 147.8212290502793
 39 149.8324022346369
 159 151.8435754189944
 75 153.854748603352
 570 155.8659217877095
 58 157.8770949720671
 154 159.8882681564246
 76 161.8994413407821
 53 163.9106145251397
 25 165.9217877094972
 138 167.9329608938548
 239 169.9441340782123
 345 171.9553072625699
 5 173.9664804469274
 176 175.9776536312849
 4 177.9888268156425
 0 180


