# Created by Octave 3.8.2, Mon Jun 22 13:42:55 2020 CEST <damian@fptrucha.inv.usc.es>
# name: hd
# type: matrix
# rows: 180
# columns: 2
 9 -180
 166 -177.9888268156425
 9 -175.9776536312849
 405 -173.9664804469274
 245 -171.9553072625698
 169 -169.9441340782123
 25 -167.9329608938548
 42 -165.9217877094972
 61 -163.9106145251397
 173 -161.8994413407821
 50 -159.8882681564246
 587 -157.877094972067
 70 -155.8659217877095
 138 -153.854748603352
 55 -151.8435754189944
 66 -149.8324022346369
 253 -147.8212290502793
 614 -145.8100558659218
 139 -143.7988826815642
 109 -141.7877094972067
 187 -139.7765363128491
 111 -137.7653631284916
 2 -135.7541899441341
 189 -133.7430167597765
 162 -131.731843575419
 65 -129.7206703910614
 166 -127.7094972067039
 218 -125.6983240223464
 100 -123.6871508379888
 177 -121.6759776536313
 202 -119.6648044692737
 6 -117.6536312849162
 113 -115.6424581005587
 136 -113.6312849162011
 131 -111.6201117318436
 16 -109.608938547486
 45 -107.5977653631285
 27 -105.5865921787709
 15 -103.5754189944134
 0 -101.5642458100559
 0 -99.55307262569832
 1 -97.54189944134077
 3 -95.53072625698323
 5 -93.5195530726257
 7756 -91.50837988826815
 11 -89.49720670391061
 3 -87.48603351955308
 1 -85.47486033519553
 1 -83.46368715083798
 1 -81.45251396648044
 5 -79.44134078212289
 10 -77.43016759776536
 42 -75.41899441340782
 23 -73.40782122905027
 62 -71.39664804469274
 118 -69.38547486033519
 90 -67.37430167597765
 112 -65.3631284916201
 61 -63.35195530726256
 243 -61.34078212290503
 132 -59.32960893854748
 203 -57.31843575418993
 107 -55.3072625698324
 90 -53.29608938547486
 267 -51.28491620111731
 68 -49.27374301675977
 118 -47.26256983240222
 5 -45.25139664804468
 304 -43.24022346368713
 4 -41.22905027932961
 151 -39.21787709497207
 267 -37.20670391061452
 425 -35.19553072625698
 114 -33.18435754189943
 55 -31.17318435754188
 155 -29.16201117318434
 11 -27.15083798882682
 64 -25.13966480446928
 581 -23.12849162011173
 124 -21.11731843575419
 60 -19.10614525139664
 8 -17.09497206703909
 44 -15.08379888268155
 147 -13.072625698324
 9 -11.06145251396646
 625 -9.050279329608941
 3 -7.039106145251395
 135 -5.02793296089385
 31 -3.016759776536304
 3 -1.005586592178759
 21 1.005586592178787
 132 3.016759776536333
 1 5.02793296089385
 537 7.039106145251395
 8 9.050279329608941
 147 11.06145251396649
 42 13.07262569832403
 9 15.08379888268158
 47 17.09497206703912
 106 19.10614525139667
 517 21.11731843575421
 64 23.12849162011173
 77 25.13966480446928
 111 27.15083798882682
 65 29.16201117318437
 201 31.17318435754191
 307 33.18435754189946
 263 35.195530726257
 149 37.20670391061452
 42 39.21787709497207
 297 41.22905027932961
 5 43.24022346368716
 122 45.2513966480447
 76 47.26256983240225
 235 49.27374301675979
 74 51.28491620111734
 196 53.29608938547489
 79 55.3072625698324
 138 57.31843575418995
 271 59.32960893854749
 56 61.34078212290504
 139 63.35195530726259
 96 65.36312849162013
 123 67.37430167597768
 45 69.38547486033519
 40 71.39664804469274
 50 73.40782122905028
 15 75.41899441340783
 11 77.43016759776538
 3 79.44134078212289
 3 81.45251396648047
 0 83.46368715083798
 4 85.47486033519556
 12 87.48603351955308
 7571 89.49720670391065
 11 91.50837988826817
 3 93.51955307262574
 4 95.53072625698326
 0 97.54189944134077
 5 99.55307262569835
 32 101.5642458100559
 22 103.5754189944134
 40 105.586592178771
 26 107.5977653631285
 101 109.608938547486
 134 111.6201117318436
 120 113.6312849162011
 5 115.6424581005587
 206 117.6536312849162
 192 119.6648044692737
 103 121.6759776536313
 158 123.6871508379888
 201 125.6983240223464
 70 127.7094972067039
 160 129.7206703910614
 184 131.731843575419
 3 133.7430167597765
 106 135.7541899441341
 186 137.7653631284916
 103 139.7765363128492
 134 141.7877094972067
 469 143.7988826815642
 125 145.8100558659218
 179 147.8212290502793
 46 149.8324022346369
 141 151.8435754189944
 61 153.854748603352
 524 155.8659217877095
 52 157.8770949720671
 147 159.8882681564246
 73 161.8994413407821
 43 163.9106145251397
 30 165.9217877094972
 157 167.9329608938548
 231 169.9441340782123
 351 171.9553072625699
 5 173.9664804469274
 164 175.9776536312849
 7 177.9888268156425
 0 180


