# Created by Octave 3.8.2, Mon Jun 22 16:49:43 2020 CEST <damian@fptrucha.inv.usc.es>
# name: hd
# type: matrix
# rows: 180
# columns: 2
 6 -180
 184 -177.9888268156425
 5 -175.9776536312849
 373 -173.9664804469274
 252 -171.9553072625698
 163 -169.9441340782123
 37 -167.9329608938548
 48 -165.9217877094972
 69 -163.9106145251397
 140 -161.8994413407821
 35 -159.8882681564246
 574 -157.877094972067
 79 -155.8659217877095
 132 -153.854748603352
 52 -151.8435754189944
 75 -149.8324022346369
 224 -147.8212290502793
 578 -145.8100558659218
 116 -143.7988826815642
 91 -141.7877094972067
 227 -139.7765363128491
 142 -137.7653631284916
 4 -135.7541899441341
 157 -133.7430167597765
 166 -131.731843575419
 88 -129.7206703910614
 189 -127.7094972067039
 196 -125.6983240223464
 109 -123.6871508379888
 170 -121.6759776536313
 220 -119.6648044692737
 2 -117.6536312849162
 128 -115.6424581005587
 129 -113.6312849162011
 132 -111.6201117318436
 26 -109.608938547486
 59 -107.5977653631285
 30 -105.5865921787709
 12 -103.5754189944134
 3 -101.5642458100559
 1 -99.55307262569832
 2 -97.54189944134077
 3 -95.53072625698323
 6 -93.5195530726257
 8248 -91.50837988826815
 16 -89.49720670391061
 2 -87.48603351955308
 5 -85.47486033519553
 1 -83.46368715083798
 3 -81.45251396648044
 6 -79.44134078212289
 5 -77.43016759776536
 59 -75.41899441340782
 29 -73.40782122905027
 49 -71.39664804469274
 109 -69.38547486033519
 80 -67.37430167597765
 109 -65.3631284916201
 42 -63.35195530726256
 279 -61.34078212290503
 151 -59.32960893854748
 201 -57.31843575418993
 98 -55.3072625698324
 88 -53.29608938547486
 255 -51.28491620111731
 65 -49.27374301675977
 104 -47.26256983240222
 4 -45.25139664804468
 308 -43.24022346368713
 6 -41.22905027932961
 154 -39.21787709497207
 339 -37.20670391061452
 494 -35.19553072625698
 139 -33.18435754189943
 59 -31.17318435754188
 157 -29.16201117318434
 17 -27.15083798882682
 67 -25.13966480446928
 612 -23.12849162011173
 164 -21.11731843575419
 53 -19.10614525139664
 13 -17.09497206703909
 42 -15.08379888268155
 140 -13.072625698324
 7 -11.06145251396646
 574 -9.050279329608941
 5 -7.039106145251395
 137 -5.02793296089385
 11 -3.016759776536304
 4 -1.005586592178759
 15 1.005586592178787
 132 3.016759776536333
 7 5.02793296089385
 565 7.039106145251395
 9 9.050279329608941
 159 11.06145251396649
 54 13.07262569832403
 11 15.08379888268158
 50 17.09497206703912
 129 19.10614525139667
 561 21.11731843575421
 89 23.12849162011173
 82 25.13966480446928
 106 27.15083798882682
 50 29.16201117318437
 202 31.17318435754191
 327 33.18435754189946
 231 35.195530726257
 154 37.20670391061452
 47 39.21787709497207
 317 41.22905027932961
 3 43.24022346368716
 123 45.2513966480447
 55 47.26256983240225
 234 49.27374301675979
 106 51.28491620111734
 206 53.29608938547489
 72 55.3072625698324
 150 57.31843575418995
 275 59.32960893854749
 58 61.34078212290504
 136 63.35195530726259
 84 65.36312849162013
 109 67.37430167597768
 46 69.38547486033519
 34 71.39664804469274
 56 73.40782122905028
 13 75.41899441340783
 8 77.43016759776538
 3 79.44134078212289
 1 81.45251396648047
 3 83.46368715083798
 6 85.47486033519556
 9 87.48603351955308
 7664 89.49720670391065
 10 91.50837988826817
 4 93.51955307262574
 2 95.53072625698326
 0 97.54189944134077
 5 99.55307262569835
 9 101.5642458100559
 28 103.5754189944134
 35 105.586592178771
 32 107.5977653631285
 123 109.608938547486
 139 111.6201117318436
 136 113.6312849162011
 4 115.6424581005587
 214 117.6536312849162
 149 119.6648044692737
 93 121.6759776536313
 175 123.6871508379888
 197 125.6983240223464
 103 127.7094972067039
 174 129.7206703910614
 221 131.731843575419
 2 133.7430167597765
 124 135.7541899441341
 202 137.7653631284916
 102 139.7765363128492
 148 141.7877094972067
 526 143.7988826815642
 101 145.8100558659218
 209 147.8212290502793
 55 149.8324022346369
 139 151.8435754189944
 59 153.854748603352
 464 155.8659217877095
 44 157.8770949720671
 136 159.8882681564246
 55 161.8994413407821
 46 163.9106145251397
 27 165.9217877094972
 157 167.9329608938548
 208 169.9441340782123
 359 171.9553072625699
 4 173.9664804469274
 147 175.9776536312849
 3 177.9888268156425
 0 180


