# Created by Octave 3.8.2, Sun Jun 21 01:43:14 2020 CEST <damian@fptrucha.inv.usc.es>
# name: hd
# type: matrix
# rows: 180
# columns: 2
 3 -180
 131 -177.9888268156425
 1 -175.9776536312849
 359 -173.9664804469274
 237 -171.9553072625698
 162 -169.9441340782123
 26 -167.9329608938548
 31 -165.9217877094972
 53 -163.9106145251397
 148 -161.8994413407821
 40 -159.8882681564246
 606 -157.877094972067
 63 -155.8659217877095
 115 -153.854748603352
 21 -151.8435754189944
 59 -149.8324022346369
 202 -147.8212290502793
 614 -145.8100558659218
 117 -143.7988826815642
 88 -141.7877094972067
 161 -139.7765363128491
 117 -137.7653631284916
 3 -135.7541899441341
 138 -133.7430167597765
 157 -131.731843575419
 74 -129.7206703910614
 179 -127.7094972067039
 195 -125.6983240223464
 99 -123.6871508379888
 205 -121.6759776536313
 179 -119.6648044692737
 3 -117.6536312849162
 88 -115.6424581005587
 114 -113.6312849162011
 134 -111.6201117318436
 19 -109.608938547486
 30 -107.5977653631285
 25 -105.5865921787709
 7 -103.5754189944134
 1 -101.5642458100559
 0 -99.55307262569832
 1 -97.54189944134077
 3 -95.53072625698323
 3 -93.5195530726257
 7966 -91.50837988826815
 11 -89.49720670391061
 3 -87.48603351955308
 0 -85.47486033519553
 0 -83.46368715083798
 2 -81.45251396648044
 4 -79.44134078212289
 3 -77.43016759776536
 45 -75.41899441340782
 20 -73.40782122905027
 48 -71.39664804469274
 104 -69.38547486033519
 55 -67.37430167597765
 92 -65.3631284916201
 52 -63.35195530726256
 298 -61.34078212290503
 136 -59.32960893854748
 203 -57.31843575418993
 87 -55.3072625698324
 63 -53.29608938547486
 176 -51.28491620111731
 60 -49.27374301675977
 131 -47.26256983240222
 1 -45.25139664804468
 262 -43.24022346368713
 1 -41.22905027932961
 148 -39.21787709497207
 317 -37.20670391061452
 440 -35.19553072625698
 90 -33.18435754189943
 59 -31.17318435754188
 125 -29.16201117318434
 7 -27.15083798882682
 48 -25.13966480446928
 625 -23.12849162011173
 132 -21.11731843575419
 50 -19.10614525139664
 4 -17.09497206703909
 31 -15.08379888268155
 187 -13.072625698324
 8 -11.06145251396646
 557 -9.050279329608941
 3 -7.039106145251395
 122 -5.02793296089385
 18 -3.016759776536304
 2 -1.005586592178759
 18 1.005586592178787
 126 3.016759776536333
 2 5.02793296089385
 500 7.039106145251395
 6 9.050279329608941
 126 11.06145251396649
 42 13.07262569832403
 14 15.08379888268158
 55 17.09497206703912
 109 19.10614525139667
 526 21.11731843575421
 55 23.12849162011173
 87 25.13966480446928
 91 27.15083798882682
 56 29.16201117318437
 199 31.17318435754191
 326 33.18435754189946
 255 35.195530726257
 167 37.20670391061452
 33 39.21787709497207
 251 41.22905027932961
 2 43.24022346368716
 111 45.2513966480447
 57 47.26256983240225
 202 49.27374301675979
 100 51.28491620111734
 192 53.29608938547489
 87 55.3072625698324
 123 57.31843575418995
 236 59.32960893854749
 67 61.34078212290504
 117 63.35195530726259
 77 65.36312849162013
 117 67.37430167597768
 58 69.38547486033519
 19 71.39664804469274
 49 73.40782122905028
 7 75.41899441340783
 8 77.43016759776538
 1 79.44134078212289
 0 81.45251396648047
 1 83.46368715083798
 3 85.47486033519556
 8 87.48603351955308
 7415 89.49720670391065
 3 91.50837988826817
 2 93.51955307262574
 1 95.53072625698326
 2 97.54189944134077
 3 99.55307262569835
 12 101.5642458100559
 8 103.5754189944134
 30 105.586592178771
 15 107.5977653631285
 113 109.608938547486
 115 111.6201117318436
 115 113.6312849162011
 5 115.6424581005587
 202 117.6536312849162
 149 119.6648044692737
 98 121.6759776536313
 182 123.6871508379888
 177 125.6983240223464
 89 127.7094972067039
 166 129.7206703910614
 205 131.731843575419
 1 133.7430167597765
 120 135.7541899441341
 154 137.7653631284916
 97 139.7765363128492
 164 141.7877094972067
 501 143.7988826815642
 118 145.8100558659218
 184 147.8212290502793
 53 149.8324022346369
 154 151.8435754189944
 61 153.854748603352
 474 155.8659217877095
 52 157.8770949720671
 104 159.8882681564246
 59 161.8994413407821
 46 163.9106145251397
 23 165.9217877094972
 122 167.9329608938548
 217 169.9441340782123
 312 171.9553072625699
 0 173.9664804469274
 133 175.9776536312849
 4 177.9888268156425
 0 180


