# Created by Octave 3.8.2, Sat Jun 20 18:42:31 2020 CEST <damian@fptrucha.inv.usc.es>
# name: hd
# type: matrix
# rows: 180
# columns: 2
 3 -180
 162 -177.9888268156425
 3 -175.9776536312849
 398 -173.9664804469274
 250 -171.9553072625698
 127 -169.9441340782123
 27 -167.9329608938548
 31 -165.9217877094972
 66 -163.9106145251397
 167 -161.8994413407821
 41 -159.8882681564246
 600 -157.877094972067
 60 -155.8659217877095
 109 -153.854748603352
 32 -151.8435754189944
 49 -149.8324022346369
 202 -147.8212290502793
 603 -145.8100558659218
 144 -143.7988826815642
 89 -141.7877094972067
 168 -139.7765363128491
 100 -137.7653631284916
 2 -135.7541899441341
 160 -133.7430167597765
 146 -131.731843575419
 80 -129.7206703910614
 165 -127.7094972067039
 223 -125.6983240223464
 94 -123.6871508379888
 202 -121.6759776536313
 192 -119.6648044692737
 7 -117.6536312849162
 116 -115.6424581005587
 113 -113.6312849162011
 131 -111.6201117318436
 21 -109.608938547486
 23 -107.5977653631285
 20 -105.5865921787709
 13 -103.5754189944134
 2 -101.5642458100559
 0 -99.55307262569832
 2 -97.54189944134077
 2 -95.53072625698323
 5 -93.5195530726257
 8015 -91.50837988826815
 8 -89.49720670391061
 3 -87.48603351955308
 0 -85.47486033519553
 1 -83.46368715083798
 2 -81.45251396648044
 2 -79.44134078212289
 8 -77.43016759776536
 43 -75.41899441340782
 21 -73.40782122905027
 60 -71.39664804469274
 116 -69.38547486033519
 73 -67.37430167597765
 82 -65.3631284916201
 47 -63.35195530726256
 261 -61.34078212290503
 116 -59.32960893854748
 226 -57.31843575418993
 99 -55.3072625698324
 79 -53.29608938547486
 221 -51.28491620111731
 53 -49.27374301675977
 108 -47.26256983240222
 1 -45.25139664804468
 260 -43.24022346368713
 1 -41.22905027932961
 147 -39.21787709497207
 350 -37.20670391061452
 452 -35.19553072625698
 113 -33.18435754189943
 75 -31.17318435754188
 133 -29.16201117318434
 9 -27.15083798882682
 52 -25.13966480446928
 652 -23.12849162011173
 148 -21.11731843575419
 42 -19.10614525139664
 12 -17.09497206703909
 40 -15.08379888268155
 161 -13.072625698324
 6 -11.06145251396646
 550 -9.050279329608941
 1 -7.039106145251395
 118 -5.02793296089385
 25 -3.016759776536304
 3 -1.005586592178759
 14 1.005586592178787
 128 3.016759776536333
 1 5.02793296089385
 553 7.039106145251395
 4 9.050279329608941
 116 11.06145251396649
 37 13.07262569832403
 11 15.08379888268158
 39 17.09497206703912
 120 19.10614525139667
 488 21.11731843575421
 45 23.12849162011173
 100 25.13966480446928
 106 27.15083798882682
 57 29.16201117318437
 234 31.17318435754191
 317 33.18435754189946
 211 35.195530726257
 165 37.20670391061452
 34 39.21787709497207
 292 41.22905027932961
 1 43.24022346368716
 109 45.2513966480447
 71 47.26256983240225
 204 49.27374301675979
 90 51.28491620111734
 199 53.29608938547489
 79 55.3072625698324
 140 57.31843575418995
 274 59.32960893854749
 64 61.34078212290504
 116 63.35195530726259
 89 65.36312849162013
 102 67.37430167597768
 29 69.38547486033519
 31 71.39664804469274
 42 73.40782122905028
 9 75.41899441340783
 5 77.43016759776538
 1 79.44134078212289
 0 81.45251396648047
 1 83.46368715083798
 4 85.47486033519556
 6 87.48603351955308
 7659 89.49720670391065
 9 91.50837988826817
 1 93.51955307262574
 0 95.53072625698326
 0 97.54189944134077
 1 99.55307262569835
 4 101.5642458100559
 20 103.5754189944134
 36 105.586592178771
 21 107.5977653631285
 107 109.608938547486
 96 111.6201117318436
 129 113.6312849162011
 3 115.6424581005587
 245 117.6536312849162
 178 119.6648044692737
 90 121.6759776536313
 164 123.6871508379888
 165 125.6983240223464
 91 127.7094972067039
 170 129.7206703910614
 184 131.731843575419
 2 133.7430167597765
 118 135.7541899441341
 181 137.7653631284916
 101 139.7765363128492
 148 141.7877094972067
 484 143.7988826815642
 134 145.8100558659218
 197 147.8212290502793
 49 149.8324022346369
 140 151.8435754189944
 77 153.854748603352
 465 155.8659217877095
 48 157.8770949720671
 118 159.8882681564246
 77 161.8994413407821
 47 163.9106145251397
 26 165.9217877094972
 106 167.9329608938548
 229 169.9441340782123
 329 171.9553072625699
 2 173.9664804469274
 169 175.9776536312849
 3 177.9888268156425
 0 180


