# Created by Octave 3.8.2, Mon Jun 22 17:18:02 2020 CEST <damian@fptrucha.inv.usc.es>
# name: hd
# type: matrix
# rows: 180
# columns: 2
 1 -180
 172 -177.9888268156425
 5 -175.9776536312849
 401 -173.9664804469274
 237 -171.9553072625698
 145 -169.9441340782123
 41 -167.9329608938548
 46 -165.9217877094972
 64 -163.9106145251397
 141 -161.8994413407821
 47 -159.8882681564246
 560 -157.877094972067
 73 -155.8659217877095
 129 -153.854748603352
 42 -151.8435754189944
 63 -149.8324022346369
 249 -147.8212290502793
 632 -145.8100558659218
 140 -143.7988826815642
 79 -141.7877094972067
 191 -139.7765363128491
 123 -137.7653631284916
 2 -135.7541899441341
 173 -133.7430167597765
 195 -131.731843575419
 87 -129.7206703910614
 184 -127.7094972067039
 237 -125.6983240223464
 101 -123.6871508379888
 205 -121.6759776536313
 193 -119.6648044692737
 2 -117.6536312849162
 131 -115.6424581005587
 142 -113.6312849162011
 129 -111.6201117318436
 25 -109.608938547486
 48 -107.5977653631285
 30 -105.5865921787709
 11 -103.5754189944134
 2 -101.5642458100559
 0 -99.55307262569832
 4 -97.54189944134077
 1 -95.53072625698323
 5 -93.5195530726257
 8086 -91.50837988826815
 16 -89.49720670391061
 4 -87.48603351955308
 3 -85.47486033519553
 2 -83.46368715083798
 4 -81.45251396648044
 4 -79.44134078212289
 11 -77.43016759776536
 58 -75.41899441340782
 42 -73.40782122905027
 52 -71.39664804469274
 133 -69.38547486033519
 66 -67.37430167597765
 108 -65.3631284916201
 67 -63.35195530726256
 276 -61.34078212290503
 160 -59.32960893854748
 247 -57.31843575418993
 100 -55.3072625698324
 90 -53.29608938547486
 234 -51.28491620111731
 42 -49.27374301675977
 113 -47.26256983240222
 4 -45.25139664804468
 312 -43.24022346368713
 5 -41.22905027932961
 167 -39.21787709497207
 271 -37.20670391061452
 428 -35.19553072625698
 127 -33.18435754189943
 61 -31.17318435754188
 159 -29.16201117318434
 10 -27.15083798882682
 66 -25.13966480446928
 620 -23.12849162011173
 139 -21.11731843575419
 47 -19.10614525139664
 18 -17.09497206703909
 35 -15.08379888268155
 153 -13.072625698324
 7 -11.06145251396646
 592 -9.050279329608941
 0 -7.039106145251395
 119 -5.02793296089385
 27 -3.016759776536304
 2 -1.005586592178759
 18 1.005586592178787
 146 3.016759776536333
 1 5.02793296089385
 576 7.039106145251395
 11 9.050279329608941
 141 11.06145251396649
 49 13.07262569832403
 10 15.08379888268158
 66 17.09497206703912
 137 19.10614525139667
 586 21.11731843575421
 56 23.12849162011173
 92 25.13966480446928
 95 27.15083798882682
 69 29.16201117318437
 232 31.17318435754191
 342 33.18435754189946
 246 35.195530726257
 138 37.20670391061452
 44 39.21787709497207
 297 41.22905027932961
 1 43.24022346368716
 132 45.2513966480447
 65 47.26256983240225
 227 49.27374301675979
 85 51.28491620111734
 194 53.29608938547489
 81 55.3072625698324
 147 57.31843575418995
 283 59.32960893854749
 64 61.34078212290504
 142 63.35195530726259
 78 65.36312849162013
 134 67.37430167597768
 64 69.38547486033519
 33 71.39664804469274
 71 73.40782122905028
 13 75.41899441340783
 6 77.43016759776538
 3 79.44134078212289
 0 81.45251396648047
 0 83.46368715083798
 7 85.47486033519556
 21 87.48603351955308
 7782 89.49720670391065
 11 91.50837988826817
 4 93.51955307262574
 2 95.53072625698326
 1 97.54189944134077
 9 99.55307262569835
 15 101.5642458100559
 28 103.5754189944134
 45 105.586592178771
 30 107.5977653631285
 127 109.608938547486
 135 111.6201117318436
 116 113.6312849162011
 5 115.6424581005587
 211 117.6536312849162
 190 119.6648044692737
 103 121.6759776536313
 186 123.6871508379888
 190 125.6983240223464
 80 127.7094972067039
 182 129.7206703910614
 208 131.731843575419
 5 133.7430167597765
 141 135.7541899441341
 200 137.7653631284916
 117 139.7765363128492
 145 141.7877094972067
 519 143.7988826815642
 122 145.8100558659218
 196 147.8212290502793
 49 149.8324022346369
 119 151.8435754189944
 76 153.854748603352
 488 155.8659217877095
 47 157.8770949720671
 150 159.8882681564246
 68 161.8994413407821
 49 163.9106145251397
 14 165.9217877094972
 153 167.9329608938548
 228 169.9441340782123
 367 171.9553072625699
 7 173.9664804469274
 180 175.9776536312849
 3 177.9888268156425
 0 180


