# Created by Octave 3.8.2, Mon Jun 22 17:11:43 2020 CEST <damian@fptrucha.inv.usc.es>
# name: hd
# type: matrix
# rows: 180
# columns: 2
 4 -180
 155 -177.9888268156425
 6 -175.9776536312849
 380 -173.9664804469274
 228 -171.9553072625698
 156 -169.9441340782123
 53 -167.9329608938548
 45 -165.9217877094972
 76 -163.9106145251397
 170 -161.8994413407821
 52 -159.8882681564246
 606 -157.877094972067
 66 -155.8659217877095
 127 -153.854748603352
 51 -151.8435754189944
 63 -149.8324022346369
 211 -147.8212290502793
 592 -145.8100558659218
 135 -143.7988826815642
 100 -141.7877094972067
 176 -139.7765363128491
 117 -137.7653631284916
 2 -135.7541899441341
 173 -133.7430167597765
 163 -131.731843575419
 56 -129.7206703910614
 199 -127.7094972067039
 246 -125.6983240223464
 84 -123.6871508379888
 189 -121.6759776536313
 215 -119.6648044692737
 7 -117.6536312849162
 99 -115.6424581005587
 126 -113.6312849162011
 145 -111.6201117318436
 28 -109.608938547486
 43 -107.5977653631285
 27 -105.5865921787709
 14 -103.5754189944134
 2 -101.5642458100559
 1 -99.55307262569832
 4 -97.54189944134077
 6 -95.53072625698323
 10 -93.5195530726257
 8249 -91.50837988826815
 12 -89.49720670391061
 7 -87.48603351955308
 2 -85.47486033519553
 0 -83.46368715083798
 0 -81.45251396648044
 8 -79.44134078212289
 9 -77.43016759776536
 56 -75.41899441340782
 35 -73.40782122905027
 57 -71.39664804469274
 102 -69.38547486033519
 80 -67.37430167597765
 122 -65.3631284916201
 51 -63.35195530726256
 284 -61.34078212290503
 128 -59.32960893854748
 224 -57.31843575418993
 94 -55.3072625698324
 72 -53.29608938547486
 247 -51.28491620111731
 59 -49.27374301675977
 127 -47.26256983240222
 5 -45.25139664804468
 291 -43.24022346368713
 3 -41.22905027932961
 162 -39.21787709497207
 275 -37.20670391061452
 409 -35.19553072625698
 129 -33.18435754189943
 75 -31.17318435754188
 193 -29.16201117318434
 13 -27.15083798882682
 75 -25.13966480446928
 597 -23.12849162011173
 151 -21.11731843575419
 50 -19.10614525139664
 12 -17.09497206703909
 57 -15.08379888268155
 157 -13.072625698324
 12 -11.06145251396646
 601 -9.050279329608941
 2 -7.039106145251395
 133 -5.02793296089385
 21 -3.016759776536304
 1 -1.005586592178759
 20 1.005586592178787
 123 3.016759776536333
 2 5.02793296089385
 538 7.039106145251395
 4 9.050279329608941
 147 11.06145251396649
 50 13.07262569832403
 17 15.08379888268158
 48 17.09497206703912
 134 19.10614525139667
 586 21.11731843575421
 64 23.12849162011173
 86 25.13966480446928
 112 27.15083798882682
 72 29.16201117318437
 220 31.17318435754191
 339 33.18435754189946
 252 35.195530726257
 169 37.20670391061452
 36 39.21787709497207
 297 41.22905027932961
 1 43.24022346368716
 139 45.2513966480447
 56 47.26256983240225
 233 49.27374301675979
 97 51.28491620111734
 223 53.29608938547489
 97 55.3072625698324
 147 57.31843575418995
 219 59.32960893854749
 61 61.34078212290504
 126 63.35195530726259
 78 65.36312849162013
 129 67.37430167597768
 52 69.38547486033519
 32 71.39664804469274
 51 73.40782122905028
 18 75.41899441340783
 7 77.43016759776538
 2 79.44134078212289
 1 81.45251396648047
 4 83.46368715083798
 6 85.47486033519556
 14 87.48603351955308
 7681 89.49720670391065
 14 91.50837988826817
 5 93.51955307262574
 2 95.53072625698326
 1 97.54189944134077
 3 99.55307262569835
 26 101.5642458100559
 23 103.5754189944134
 48 105.586592178771
 21 107.5977653631285
 108 109.608938547486
 119 111.6201117318436
 118 113.6312849162011
 3 115.6424581005587
 217 117.6536312849162
 164 119.6648044692737
 104 121.6759776536313
 181 123.6871508379888
 171 125.6983240223464
 85 127.7094972067039
 170 129.7206703910614
 193 131.731843575419
 6 133.7430167597765
 111 135.7541899441341
 190 137.7653631284916
 107 139.7765363128492
 144 141.7877094972067
 532 143.7988826815642
 109 145.8100558659218
 216 147.8212290502793
 49 149.8324022346369
 127 151.8435754189944
 64 153.854748603352
 510 155.8659217877095
 43 157.8770949720671
 134 159.8882681564246
 68 161.8994413407821
 59 163.9106145251397
 24 165.9217877094972
 133 167.9329608938548
 230 169.9441340782123
 329 171.9553072625699
 2 173.9664804469274
 179 175.9776536312849
 5 177.9888268156425
 0 180


