# Created by Octave 3.8.2, Mon Jun 22 23:20:07 2020 CEST <damian@fptrucha.inv.usc.es>
# name: hd
# type: matrix
# rows: 180
# columns: 2
 5 -180
 180 -177.9888268156425
 4 -175.9776536312849
 423 -173.9664804469274
 235 -171.9553072625698
 149 -169.9441340782123
 45 -167.9329608938548
 41 -165.9217877094972
 64 -163.9106145251397
 181 -161.8994413407821
 37 -159.8882681564246
 647 -157.877094972067
 75 -155.8659217877095
 121 -153.854748603352
 55 -151.8435754189944
 77 -149.8324022346369
 236 -147.8212290502793
 668 -145.8100558659218
 148 -143.7988826815642
 139 -141.7877094972067
 179 -139.7765363128491
 126 -137.7653631284916
 1 -135.7541899441341
 184 -133.7430167597765
 177 -131.731843575419
 93 -129.7206703910614
 185 -127.7094972067039
 275 -125.6983240223464
 109 -123.6871508379888
 218 -121.6759776536313
 230 -119.6648044692737
 5 -117.6536312849162
 124 -115.6424581005587
 128 -113.6312849162011
 129 -111.6201117318436
 25 -109.608938547486
 55 -107.5977653631285
 25 -105.5865921787709
 18 -103.5754189944134
 5 -101.5642458100559
 1 -99.55307262569832
 2 -97.54189944134077
 6 -95.53072625698323
 5 -93.5195530726257
 8654 -91.50837988826815
 13 -89.49720670391061
 2 -87.48603351955308
 4 -85.47486033519553
 0 -83.46368715083798
 3 -81.45251396648044
 5 -79.44134078212289
 7 -77.43016759776536
 55 -75.41899441340782
 21 -73.40782122905027
 41 -71.39664804469274
 101 -69.38547486033519
 92 -67.37430167597765
 113 -65.3631284916201
 55 -63.35195530726256
 284 -61.34078212290503
 156 -59.32960893854748
 240 -57.31843575418993
 92 -55.3072625698324
 71 -53.29608938547486
 248 -51.28491620111731
 63 -49.27374301675977
 137 -47.26256983240222
 2 -45.25139664804468
 330 -43.24022346368713
 1 -41.22905027932961
 189 -39.21787709497207
 340 -37.20670391061452
 462 -35.19553072625698
 130 -33.18435754189943
 73 -31.17318435754188
 159 -29.16201117318434
 12 -27.15083798882682
 53 -25.13966480446928
 620 -23.12849162011173
 149 -21.11731843575419
 58 -19.10614525139664
 16 -17.09497206703909
 48 -15.08379888268155
 187 -13.072625698324
 10 -11.06145251396646
 607 -9.050279329608941
 4 -7.039106145251395
 146 -5.02793296089385
 16 -3.016759776536304
 6 -1.005586592178759
 26 1.005586592178787
 129 3.016759776536333
 6 5.02793296089385
 590 7.039106145251395
 8 9.050279329608941
 155 11.06145251396649
 34 13.07262569832403
 19 15.08379888268158
 60 17.09497206703912
 122 19.10614525139667
 595 21.11731843575421
 69 23.12849162011173
 91 25.13966480446928
 106 27.15083798882682
 76 29.16201117318437
 220 31.17318435754191
 369 33.18435754189946
 289 35.195530726257
 180 37.20670391061452
 45 39.21787709497207
 301 41.22905027932961
 3 43.24022346368716
 122 45.2513966480447
 77 47.26256983240225
 229 49.27374301675979
 88 51.28491620111734
 210 53.29608938547489
 88 55.3072625698324
 153 57.31843575418995
 287 59.32960893854749
 68 61.34078212290504
 115 63.35195530726259
 71 65.36312849162013
 121 67.37430167597768
 56 69.38547486033519
 31 71.39664804469274
 51 73.40782122905028
 1 75.41899441340783
 10 77.43016759776538
 4 79.44134078212289
 0 81.45251396648047
 0 83.46368715083798
 3 85.47486033519556
 14 87.48603351955308
 7983 89.49720670391065
 8 91.50837988826817
 0 93.51955307262574
 2 95.53072625698326
 1 97.54189944134077
 6 99.55307262569835
 19 101.5642458100559
 35 103.5754189944134
 52 105.586592178771
 29 107.5977653631285
 121 109.608938547486
 122 111.6201117318436
 139 113.6312849162011
 4 115.6424581005587
 209 117.6536312849162
 195 119.6648044692737
 99 121.6759776536313
 192 123.6871508379888
 207 125.6983240223464
 90 127.7094972067039
 171 129.7206703910614
 179 131.731843575419
 1 133.7430167597765
 145 135.7541899441341
 200 137.7653631284916
 107 139.7765363128492
 153 141.7877094972067
 534 143.7988826815642
 132 145.8100558659218
 214 147.8212290502793
 51 149.8324022346369
 150 151.8435754189944
 66 153.854748603352
 535 155.8659217877095
 67 157.8770949720671
 139 159.8882681564246
 69 161.8994413407821
 64 163.9106145251397
 26 165.9217877094972
 155 167.9329608938548
 230 169.9441340782123
 345 171.9553072625699
 12 173.9664804469274
 164 175.9776536312849
 2 177.9888268156425
 0 180


