# Created by Octave 3.8.2, Sat Jun 20 09:38:57 2020 CEST <damian@fptrucha.inv.usc.es>
# name: hd
# type: matrix
# rows: 180
# columns: 2
 5 -180
 179 -177.9888268156425
 3 -175.9776536312849
 421 -173.9664804469274
 268 -171.9553072625698
 193 -169.9441340782123
 29 -167.9329608938548
 40 -165.9217877094972
 62 -163.9106145251397
 164 -161.8994413407821
 39 -159.8882681564246
 679 -157.877094972067
 68 -155.8659217877095
 121 -153.854748603352
 42 -151.8435754189944
 77 -149.8324022346369
 286 -147.8212290502793
 753 -145.8100558659218
 150 -143.7988826815642
 112 -141.7877094972067
 211 -139.7765363128491
 109 -137.7653631284916
 4 -135.7541899441341
 182 -133.7430167597765
 187 -131.731843575419
 83 -129.7206703910614
 212 -127.7094972067039
 272 -125.6983240223464
 111 -123.6871508379888
 229 -121.6759776536313
 202 -119.6648044692737
 5 -117.6536312849162
 115 -115.6424581005587
 105 -113.6312849162011
 117 -111.6201117318436
 17 -109.608938547486
 42 -107.5977653631285
 29 -105.5865921787709
 10 -103.5754189944134
 1 -101.5642458100559
 0 -99.55307262569832
 1 -97.54189944134077
 1 -95.53072625698323
 4 -93.5195530726257
 9168 -91.50837988826815
 9 -89.49720670391061
 4 -87.48603351955308
 0 -85.47486033519553
 1 -83.46368715083798
 1 -81.45251396648044
 7 -79.44134078212289
 6 -77.43016759776536
 43 -75.41899441340782
 16 -73.40782122905027
 51 -71.39664804469274
 149 -69.38547486033519
 83 -67.37430167597765
 100 -65.3631284916201
 51 -63.35195530726256
 294 -61.34078212290503
 177 -59.32960893854748
 283 -57.31843575418993
 84 -55.3072625698324
 94 -53.29608938547486
 243 -51.28491620111731
 80 -49.27374301675977
 121 -47.26256983240222
 3 -45.25139664804468
 310 -43.24022346368713
 0 -41.22905027932961
 201 -39.21787709497207
 379 -37.20670391061452
 506 -35.19553072625698
 118 -33.18435754189943
 72 -31.17318435754188
 186 -29.16201117318434
 8 -27.15083798882682
 70 -25.13966480446928
 692 -23.12849162011173
 163 -21.11731843575419
 54 -19.10614525139664
 13 -17.09497206703909
 36 -15.08379888268155
 190 -13.072625698324
 10 -11.06145251396646
 659 -9.050279329608941
 2 -7.039106145251395
 152 -5.02793296089385
 16 -3.016759776536304
 3 -1.005586592178759
 24 1.005586592178787
 123 3.016759776536333
 1 5.02793296089385
 638 7.039106145251395
 11 9.050279329608941
 161 11.06145251396649
 69 13.07262569832403
 7 15.08379888268158
 71 17.09497206703912
 127 19.10614525139667
 567 21.11731843575421
 49 23.12849162011173
 96 25.13966480446928
 118 27.15083798882682
 71 29.16201117318437
 253 31.17318435754191
 343 33.18435754189946
 251 35.195530726257
 202 37.20670391061452
 40 39.21787709497207
 332 41.22905027932961
 1 43.24022346368716
 147 45.2513966480447
 82 47.26256983240225
 249 49.27374301675979
 89 51.28491620111734
 217 53.29608938547489
 92 55.3072625698324
 155 57.31843575418995
 280 59.32960893854749
 76 61.34078212290504
 160 63.35195530726259
 87 65.36312849162013
 154 67.37430167597768
 59 69.38547486033519
 39 71.39664804469274
 63 73.40782122905028
 5 75.41899441340783
 14 77.43016759776538
 1 79.44134078212289
 0 81.45251396648047
 0 83.46368715083798
 1 85.47486033519556
 13 87.48603351955308
 8751 89.49720670391065
 2 91.50837988826817
 0 93.51955307262574
 0 95.53072625698326
 0 97.54189944134077
 5 99.55307262569835
 13 101.5642458100559
 30 103.5754189944134
 35 105.586592178771
 29 107.5977653631285
 126 109.608938547486
 154 111.6201117318436
 142 113.6312849162011
 7 115.6424581005587
 233 117.6536312849162
 179 119.6648044692737
 91 121.6759776536313
 216 123.6871508379888
 227 125.6983240223464
 75 127.7094972067039
 180 129.7206703910614
 213 131.731843575419
 4 133.7430167597765
 144 135.7541899441341
 195 137.7653631284916
 129 139.7765363128492
 146 141.7877094972067
 530 143.7988826815642
 163 145.8100558659218
 224 147.8212290502793
 49 149.8324022346369
 185 151.8435754189944
 73 153.854748603352
 549 155.8659217877095
 63 157.8770949720671
 148 159.8882681564246
 86 161.8994413407821
 65 163.9106145251397
 12 165.9217877094972
 139 167.9329608938548
 280 169.9441340782123
 391 171.9553072625699
 2 173.9664804469274
 194 175.9776536312849
 2 177.9888268156425
 0 180


