# Created by Octave 3.8.2, Mon Jun 22 07:25:24 2020 CEST <damian@fptrucha.inv.usc.es>
# name: hd
# type: matrix
# rows: 180
# columns: 2
 6 -180
 142 -177.9888268156425
 2 -175.9776536312849
 351 -173.9664804469274
 268 -171.9553072625698
 129 -169.9441340782123
 28 -167.9329608938548
 40 -165.9217877094972
 63 -163.9106145251397
 144 -161.8994413407821
 56 -159.8882681564246
 549 -157.877094972067
 76 -155.8659217877095
 131 -153.854748603352
 44 -151.8435754189944
 63 -149.8324022346369
 216 -147.8212290502793
 526 -145.8100558659218
 142 -143.7988826815642
 98 -141.7877094972067
 165 -139.7765363128491
 123 -137.7653631284916
 2 -135.7541899441341
 187 -133.7430167597765
 166 -131.731843575419
 73 -129.7206703910614
 160 -127.7094972067039
 170 -125.6983240223464
 97 -123.6871508379888
 177 -121.6759776536313
 179 -119.6648044692737
 9 -117.6536312849162
 105 -115.6424581005587
 107 -113.6312849162011
 102 -111.6201117318436
 16 -109.608938547486
 38 -107.5977653631285
 22 -105.5865921787709
 16 -103.5754189944134
 1 -101.5642458100559
 2 -99.55307262569832
 2 -97.54189944134077
 5 -95.53072625698323
 8 -93.5195530726257
 7733 -91.50837988826815
 12 -89.49720670391061
 4 -87.48603351955308
 2 -85.47486033519553
 2 -83.46368715083798
 4 -81.45251396648044
 16 -79.44134078212289
 9 -77.43016759776536
 44 -75.41899441340782
 26 -73.40782122905027
 43 -71.39664804469274
 118 -69.38547486033519
 72 -67.37430167597765
 106 -65.3631284916201
 52 -63.35195530726256
 236 -61.34078212290503
 138 -59.32960893854748
 196 -57.31843575418993
 86 -55.3072625698324
 68 -53.29608938547486
 216 -51.28491620111731
 70 -49.27374301675977
 106 -47.26256983240222
 6 -45.25139664804468
 269 -43.24022346368713
 1 -41.22905027932961
 149 -39.21787709497207
 255 -37.20670391061452
 420 -35.19553072625698
 112 -33.18435754189943
 52 -31.17318435754188
 137 -29.16201117318434
 8 -27.15083798882682
 64 -25.13966480446928
 538 -23.12849162011173
 133 -21.11731843575419
 64 -19.10614525139664
 10 -17.09497206703909
 50 -15.08379888268155
 136 -13.072625698324
 14 -11.06145251396646
 525 -9.050279329608941
 1 -7.039106145251395
 124 -5.02793296089385
 31 -3.016759776536304
 4 -1.005586592178759
 16 1.005586592178787
 107 3.016759776536333
 7 5.02793296089385
 558 7.039106145251395
 7 9.050279329608941
 153 11.06145251396649
 37 13.07262569832403
 12 15.08379888268158
 66 17.09497206703912
 130 19.10614525139667
 515 21.11731843575421
 57 23.12849162011173
 73 25.13966480446928
 91 27.15083798882682
 72 29.16201117318437
 167 31.17318435754191
 316 33.18435754189946
 258 35.195530726257
 122 37.20670391061452
 31 39.21787709497207
 276 41.22905027932961
 4 43.24022346368716
 115 45.2513966480447
 53 47.26256983240225
 210 49.27374301675979
 96 51.28491620111734
 199 53.29608938547489
 88 55.3072625698324
 150 57.31843575418995
 247 59.32960893854749
 51 61.34078212290504
 106 63.35195530726259
 77 65.36312849162013
 105 67.37430167597768
 46 69.38547486033519
 28 71.39664804469274
 50 73.40782122905028
 5 75.41899441340783
 11 77.43016759776538
 2 79.44134078212289
 1 81.45251396648047
 2 83.46368715083798
 4 85.47486033519556
 17 87.48603351955308
 7356 89.49720670391065
 8 91.50837988826817
 3 93.51955307262574
 2 95.53072625698326
 0 97.54189944134077
 6 99.55307262569835
 16 101.5642458100559
 29 103.5754189944134
 38 105.586592178771
 28 107.5977653631285
 119 109.608938547486
 112 111.6201117318436
 137 113.6312849162011
 3 115.6424581005587
 187 117.6536312849162
 180 119.6648044692737
 85 121.6759776536313
 177 123.6871508379888
 180 125.6983240223464
 71 127.7094972067039
 161 129.7206703910614
 181 131.731843575419
 0 133.7430167597765
 122 135.7541899441341
 176 137.7653631284916
 86 139.7765363128492
 139 141.7877094972067
 464 143.7988826815642
 94 145.8100558659218
 182 147.8212290502793
 47 149.8324022346369
 118 151.8435754189944
 64 153.854748603352
 459 155.8659217877095
 40 157.8770949720671
 147 159.8882681564246
 49 161.8994413407821
 34 163.9106145251397
 21 165.9217877094972
 139 167.9329608938548
 212 169.9441340782123
 305 171.9553072625699
 6 173.9664804469274
 152 175.9776536312849
 6 177.9888268156425
 0 180


