# Created by Octave 3.8.2, Sat Jun 20 10:13:24 2020 CEST <damian@fptrucha.inv.usc.es>
# name: hd
# type: matrix
# rows: 180
# columns: 2
 2 -180
 182 -177.9888268156425
 5 -175.9776536312849
 412 -173.9664804469274
 274 -171.9553072625698
 179 -169.9441340782123
 30 -167.9329608938548
 49 -165.9217877094972
 63 -163.9106145251397
 212 -161.8994413407821
 48 -159.8882681564246
 713 -157.877094972067
 60 -155.8659217877095
 154 -153.854748603352
 51 -151.8435754189944
 88 -149.8324022346369
 238 -147.8212290502793
 713 -145.8100558659218
 153 -143.7988826815642
 104 -141.7877094972067
 194 -139.7765363128491
 122 -137.7653631284916
 3 -135.7541899441341
 183 -133.7430167597765
 172 -131.731843575419
 107 -129.7206703910614
 204 -127.7094972067039
 219 -125.6983240223464
 106 -123.6871508379888
 214 -121.6759776536313
 182 -119.6648044692737
 1 -117.6536312849162
 95 -115.6424581005587
 125 -113.6312849162011
 130 -111.6201117318436
 14 -109.608938547486
 32 -107.5977653631285
 33 -105.5865921787709
 7 -103.5754189944134
 1 -101.5642458100559
 0 -99.55307262569832
 0 -97.54189944134077
 3 -95.53072625698323
 6 -93.5195530726257
 8995 -91.50837988826815
 10 -89.49720670391061
 0 -87.48603351955308
 1 -85.47486033519553
 0 -83.46368715083798
 3 -81.45251396648044
 6 -79.44134078212289
 7 -77.43016759776536
 43 -75.41899441340782
 36 -73.40782122905027
 38 -71.39664804469274
 108 -69.38547486033519
 88 -67.37430167597765
 102 -65.3631284916201
 50 -63.35195530726256
 287 -61.34078212290503
 178 -59.32960893854748
 233 -57.31843575418993
 95 -55.3072625698324
 85 -53.29608938547486
 251 -51.28491620111731
 53 -49.27374301675977
 119 -47.26256983240222
 0 -45.25139664804468
 297 -43.24022346368713
 3 -41.22905027932961
 175 -39.21787709497207
 352 -37.20670391061452
 490 -35.19553072625698
 127 -33.18435754189943
 74 -31.17318435754188
 167 -29.16201117318434
 8 -27.15083798882682
 58 -25.13966480446928
 714 -23.12849162011173
 171 -21.11731843575419
 44 -19.10614525139664
 13 -17.09497206703909
 45 -15.08379888268155
 199 -13.072625698324
 7 -11.06145251396646
 635 -9.050279329608941
 0 -7.039106145251395
 144 -5.02793296089385
 20 -3.016759776536304
 1 -1.005586592178759
 35 1.005586592178787
 155 3.016759776536333
 3 5.02793296089385
 570 7.039106145251395
 9 9.050279329608941
 158 11.06145251396649
 49 13.07262569832403
 13 15.08379888268158
 65 17.09497206703912
 121 19.10614525139667
 567 21.11731843575421
 58 23.12849162011173
 134 25.13966480446928
 127 27.15083798882682
 66 29.16201117318437
 270 31.17318435754191
 373 33.18435754189946
 243 35.195530726257
 173 37.20670391061452
 41 39.21787709497207
 341 41.22905027932961
 3 43.24022346368716
 128 45.2513966480447
 55 47.26256983240225
 269 49.27374301675979
 83 51.28491620111734
 193 53.29608938547489
 64 55.3072625698324
 139 57.31843575418995
 278 59.32960893854749
 72 61.34078212290504
 136 63.35195530726259
 88 65.36312849162013
 145 67.37430167597768
 40 69.38547486033519
 45 71.39664804469274
 60 73.40782122905028
 10 75.41899441340783
 10 77.43016759776538
 3 79.44134078212289
 1 81.45251396648047
 2 83.46368715083798
 4 85.47486033519556
 8 87.48603351955308
 8691 89.49720670391065
 5 91.50837988826817
 3 93.51955307262574
 2 95.53072625698326
 2 97.54189944134077
 4 99.55307262569835
 20 101.5642458100559
 37 103.5754189944134
 36 105.586592178771
 27 107.5977653631285
 127 109.608938547486
 139 111.6201117318436
 137 113.6312849162011
 3 115.6424581005587
 209 117.6536312849162
 199 119.6648044692737
 122 121.6759776536313
 172 123.6871508379888
 196 125.6983240223464
 101 127.7094972067039
 197 129.7206703910614
 185 131.731843575419
 1 133.7430167597765
 131 135.7541899441341
 187 137.7653631284916
 128 139.7765363128492
 165 141.7877094972067
 502 143.7988826815642
 151 145.8100558659218
 220 147.8212290502793
 38 149.8324022346369
 176 151.8435754189944
 66 153.854748603352
 537 155.8659217877095
 66 157.8770949720671
 137 159.8882681564246
 86 161.8994413407821
 61 163.9106145251397
 19 165.9217877094972
 159 167.9329608938548
 250 169.9441340782123
 378 171.9553072625699
 1 173.9664804469274
 184 175.9776536312849
 2 177.9888268156425
 0 180


