# Created by Octave 3.8.2, Mon Jun 22 07:20:19 2020 CEST <damian@fptrucha.inv.usc.es>
# name: hd
# type: matrix
# rows: 180
# columns: 2
 4 -180
 157 -177.9888268156425
 4 -175.9776536312849
 362 -173.9664804469274
 212 -171.9553072625698
 145 -169.9441340782123
 26 -167.9329608938548
 49 -165.9217877094972
 64 -163.9106145251397
 149 -161.8994413407821
 40 -159.8882681564246
 513 -157.877094972067
 53 -155.8659217877095
 113 -153.854748603352
 36 -151.8435754189944
 68 -149.8324022346369
 196 -147.8212290502793
 549 -145.8100558659218
 139 -143.7988826815642
 65 -141.7877094972067
 150 -139.7765363128491
 130 -137.7653631284916
 4 -135.7541899441341
 160 -133.7430167597765
 131 -131.731843575419
 81 -129.7206703910614
 184 -127.7094972067039
 197 -125.6983240223464
 93 -123.6871508379888
 176 -121.6759776536313
 198 -119.6648044692737
 3 -117.6536312849162
 117 -115.6424581005587
 95 -113.6312849162011
 99 -111.6201117318436
 14 -109.608938547486
 39 -107.5977653631285
 20 -105.5865921787709
 9 -103.5754189944134
 3 -101.5642458100559
 0 -99.55307262569832
 1 -97.54189944134077
 2 -95.53072625698323
 11 -93.5195530726257
 7471 -91.50837988826815
 18 -89.49720670391061
 6 -87.48603351955308
 1 -85.47486033519553
 1 -83.46368715083798
 3 -81.45251396648044
 7 -79.44134078212289
 9 -77.43016759776536
 57 -75.41899441340782
 31 -73.40782122905027
 48 -71.39664804469274
 125 -69.38547486033519
 63 -67.37430167597765
 117 -65.3631284916201
 52 -63.35195530726256
 236 -61.34078212290503
 110 -59.32960893854748
 216 -57.31843575418993
 70 -55.3072625698324
 73 -53.29608938547486
 218 -51.28491620111731
 74 -49.27374301675977
 131 -47.26256983240222
 6 -45.25139664804468
 276 -43.24022346368713
 4 -41.22905027932961
 140 -39.21787709497207
 266 -37.20670391061452
 436 -35.19553072625698
 118 -33.18435754189943
 51 -31.17318435754188
 150 -29.16201117318434
 7 -27.15083798882682
 67 -25.13966480446928
 527 -23.12849162011173
 117 -21.11731843575419
 42 -19.10614525139664
 12 -17.09497206703909
 43 -15.08379888268155
 147 -13.072625698324
 7 -11.06145251396646
 561 -9.050279329608941
 3 -7.039106145251395
 128 -5.02793296089385
 27 -3.016759776536304
 4 -1.005586592178759
 24 1.005586592178787
 117 3.016759776536333
 3 5.02793296089385
 526 7.039106145251395
 10 9.050279329608941
 154 11.06145251396649
 46 13.07262569832403
 18 15.08379888268158
 54 17.09497206703912
 109 19.10614525139667
 551 21.11731843575421
 45 23.12849162011173
 79 25.13966480446928
 97 27.15083798882682
 54 29.16201117318437
 204 31.17318435754191
 328 33.18435754189946
 257 35.195530726257
 122 37.20670391061452
 52 39.21787709497207
 271 41.22905027932961
 4 43.24022346368716
 109 45.2513966480447
 74 47.26256983240225
 216 49.27374301675979
 92 51.28491620111734
 189 53.29608938547489
 76 55.3072625698324
 166 57.31843575418995
 236 59.32960893854749
 54 61.34078212290504
 137 63.35195530726259
 83 65.36312849162013
 89 67.37430167597768
 45 69.38547486033519
 20 71.39664804469274
 46 73.40782122905028
 7 75.41899441340783
 6 77.43016759776538
 5 79.44134078212289
 4 81.45251396648047
 3 83.46368715083798
 5 85.47486033519556
 12 87.48603351955308
 7143 89.49720670391065
 15 91.50837988826817
 4 93.51955307262574
 3 95.53072625698326
 1 97.54189944134077
 4 99.55307262569835
 18 101.5642458100559
 18 103.5754189944134
 50 105.586592178771
 16 107.5977653631285
 113 109.608938547486
 127 111.6201117318436
 128 113.6312849162011
 3 115.6424581005587
 213 117.6536312849162
 153 119.6648044692737
 82 121.6759776536313
 173 123.6871508379888
 173 125.6983240223464
 81 127.7094972067039
 160 129.7206703910614
 182 131.731843575419
 1 133.7430167597765
 118 135.7541899441341
 146 137.7653631284916
 104 139.7765363128492
 120 141.7877094972067
 502 143.7988826815642
 131 145.8100558659218
 188 147.8212290502793
 40 149.8324022346369
 139 151.8435754189944
 78 153.854748603352
 444 155.8659217877095
 41 157.8770949720671
 147 159.8882681564246
 70 161.8994413407821
 55 163.9106145251397
 26 165.9217877094972
 120 167.9329608938548
 231 169.9441340782123
 310 171.9553072625699
 8 173.9664804469274
 161 175.9776536312849
 7 177.9888268156425
 0 180


