# Created by Octave 3.8.2, Sun Jun 21 00:10:38 2020 CEST <damian@fptrucha.inv.usc.es>
# name: hd
# type: matrix
# rows: 180
# columns: 2
 4 -180
 107 -177.9888268156425
 1 -175.9776536312849
 225 -173.9664804469274
 143 -171.9553072625698
 87 -169.9441340782123
 17 -167.9329608938548
 21 -165.9217877094972
 42 -163.9106145251397
 128 -161.8994413407821
 29 -159.8882681564246
 386 -157.877094972067
 47 -155.8659217877095
 72 -153.854748603352
 17 -151.8435754189944
 56 -149.8324022346369
 114 -147.8212290502793
 391 -145.8100558659218
 68 -143.7988826815642
 53 -141.7877094972067
 106 -139.7765363128491
 66 -137.7653631284916
 2 -135.7541899441341
 92 -133.7430167597765
 107 -131.731843575419
 45 -129.7206703910614
 125 -127.7094972067039
 127 -125.6983240223464
 62 -123.6871508379888
 131 -121.6759776536313
 130 -119.6648044692737
 2 -117.6536312849162
 51 -115.6424581005587
 69 -113.6312849162011
 77 -111.6201117318436
 11 -109.608938547486
 28 -107.5977653631285
 21 -105.5865921787709
 10 -103.5754189944134
 3 -101.5642458100559
 0 -99.55307262569832
 1 -97.54189944134077
 1 -95.53072625698323
 3 -93.5195530726257
 5051 -91.50837988826815
 4 -89.49720670391061
 6 -87.48603351955308
 1 -85.47486033519553
 0 -83.46368715083798
 1 -81.45251396648044
 4 -79.44134078212289
 3 -77.43016759776536
 26 -75.41899441340782
 16 -73.40782122905027
 26 -71.39664804469274
 62 -69.38547486033519
 47 -67.37430167597765
 51 -65.3631284916201
 30 -63.35195530726256
 155 -61.34078212290503
 85 -59.32960893854748
 154 -57.31843575418993
 47 -55.3072625698324
 48 -53.29608938547486
 148 -51.28491620111731
 33 -49.27374301675977
 76 -47.26256983240222
 2 -45.25139664804468
 165 -43.24022346368713
 1 -41.22905027932961
 88 -39.21787709497207
 205 -37.20670391061452
 318 -35.19553072625698
 72 -33.18435754189943
 37 -31.17318435754188
 94 -29.16201117318434
 6 -27.15083798882682
 28 -25.13966480446928
 455 -23.12849162011173
 109 -21.11731843575419
 22 -19.10614525139664
 7 -17.09497206703909
 26 -15.08379888268155
 108 -13.072625698324
 5 -11.06145251396646
 368 -9.050279329608941
 4 -7.039106145251395
 86 -5.02793296089385
 18 -3.016759776536304
 0 -1.005586592178759
 13 1.005586592178787
 71 3.016759776536333
 1 5.02793296089385
 357 7.039106145251395
 3 9.050279329608941
 78 11.06145251396649
 23 13.07262569832403
 8 15.08379888268158
 40 17.09497206703912
 84 19.10614525139667
 346 21.11731843575421
 45 23.12849162011173
 71 25.13966480446928
 65 27.15083798882682
 45 29.16201117318437
 160 31.17318435754191
 201 33.18435754189946
 150 35.195530726257
 80 37.20670391061452
 25 39.21787709497207
 190 41.22905027932961
 4 43.24022346368716
 74 45.2513966480447
 29 47.26256983240225
 133 49.27374301675979
 62 51.28491620111734
 118 53.29608938547489
 57 55.3072625698324
 74 57.31843575418995
 176 59.32960893854749
 45 61.34078212290504
 66 63.35195530726259
 47 65.36312849162013
 69 67.37430167597768
 36 69.38547486033519
 14 71.39664804469274
 21 73.40782122905028
 4 75.41899441340783
 3 77.43016759776538
 1 79.44134078212289
 0 81.45251396648047
 0 83.46368715083798
 0 85.47486033519556
 7 87.48603351955308
 4966 89.49720670391065
 4 91.50837988826817
 0 93.51955307262574
 0 95.53072625698326
 0 97.54189944134077
 1 99.55307262569835
 6 101.5642458100559
 16 103.5754189944134
 21 105.586592178771
 16 107.5977653631285
 62 109.608938547486
 78 111.6201117318436
 94 113.6312849162011
 3 115.6424581005587
 139 117.6536312849162
 116 119.6648044692737
 54 121.6759776536313
 109 123.6871508379888
 113 125.6983240223464
 58 127.7094972067039
 105 129.7206703910614
 116 131.731843575419
 0 133.7430167597765
 87 135.7541899441341
 101 137.7653631284916
 66 139.7765363128492
 79 141.7877094972067
 310 143.7988826815642
 72 145.8100558659218
 122 147.8212290502793
 32 149.8324022346369
 97 151.8435754189944
 37 153.854748603352
 312 155.8659217877095
 38 157.8770949720671
 85 159.8882681564246
 40 161.8994413407821
 29 163.9106145251397
 8 165.9217877094972
 80 167.9329608938548
 140 169.9441340782123
 236 171.9553072625699
 1 173.9664804469274
 91 175.9776536312849
 3 177.9888268156425
 0 180


