# Created by Octave 3.8.2, Mon Jun 22 22:15:41 2020 CEST <damian@fptrucha.inv.usc.es>
# name: hd
# type: matrix
# rows: 180
# columns: 2
 6 -180
 209 -177.9888268156425
 2 -175.9776536312849
 397 -173.9664804469274
 252 -171.9553072625698
 170 -169.9441340782123
 38 -167.9329608938548
 50 -165.9217877094972
 80 -163.9106145251397
 181 -161.8994413407821
 48 -159.8882681564246
 607 -157.877094972067
 80 -155.8659217877095
 133 -153.854748603352
 44 -151.8435754189944
 78 -149.8324022346369
 245 -147.8212290502793
 637 -145.8100558659218
 135 -143.7988826815642
 100 -141.7877094972067
 200 -139.7765363128491
 138 -137.7653631284916
 6 -135.7541899441341
 187 -133.7430167597765
 212 -131.731843575419
 78 -129.7206703910614
 207 -127.7094972067039
 231 -125.6983240223464
 110 -123.6871508379888
 194 -121.6759776536313
 230 -119.6648044692737
 2 -117.6536312849162
 128 -115.6424581005587
 121 -113.6312849162011
 156 -111.6201117318436
 20 -109.608938547486
 46 -107.5977653631285
 28 -105.5865921787709
 26 -103.5754189944134
 4 -101.5642458100559
 1 -99.55307262569832
 2 -97.54189944134077
 3 -95.53072625698323
 10 -93.5195530726257
 8494 -91.50837988826815
 12 -89.49720670391061
 4 -87.48603351955308
 4 -85.47486033519553
 1 -83.46368715083798
 1 -81.45251396648044
 12 -79.44134078212289
 7 -77.43016759776536
 54 -75.41899441340782
 32 -73.40782122905027
 68 -71.39664804469274
 137 -69.38547486033519
 85 -67.37430167597765
 100 -65.3631284916201
 63 -63.35195530726256
 239 -61.34078212290503
 166 -59.32960893854748
 246 -57.31843575418993
 108 -55.3072625698324
 83 -53.29608938547486
 239 -51.28491620111731
 55 -49.27374301675977
 109 -47.26256983240222
 4 -45.25139664804468
 314 -43.24022346368713
 2 -41.22905027932961
 173 -39.21787709497207
 279 -37.20670391061452
 500 -35.19553072625698
 133 -33.18435754189943
 69 -31.17318435754188
 162 -29.16201117318434
 7 -27.15083798882682
 73 -25.13966480446928
 647 -23.12849162011173
 147 -21.11731843575419
 50 -19.10614525139664
 5 -17.09497206703909
 36 -15.08379888268155
 175 -13.072625698324
 10 -11.06145251396646
 567 -9.050279329608941
 4 -7.039106145251395
 135 -5.02793296089385
 24 -3.016759776536304
 5 -1.005586592178759
 21 1.005586592178787
 149 3.016759776536333
 3 5.02793296089385
 597 7.039106145251395
 7 9.050279329608941
 137 11.06145251396649
 45 13.07262569832403
 15 15.08379888268158
 53 17.09497206703912
 100 19.10614525139667
 540 21.11731843575421
 75 23.12849162011173
 89 25.13966480446928
 86 27.15083798882682
 62 29.16201117318437
 194 31.17318435754191
 361 33.18435754189946
 267 35.195530726257
 157 37.20670391061452
 53 39.21787709497207
 320 41.22905027932961
 2 43.24022346368716
 131 45.2513966480447
 66 47.26256983240225
 245 49.27374301675979
 94 51.28491620111734
 233 53.29608938547489
 105 55.3072625698324
 140 57.31843575418995
 292 59.32960893854749
 67 61.34078212290504
 144 63.35195530726259
 81 65.36312849162013
 117 67.37430167597768
 53 69.38547486033519
 28 71.39664804469274
 55 73.40782122905028
 10 75.41899441340783
 7 77.43016759776538
 2 79.44134078212289
 0 81.45251396648047
 1 83.46368715083798
 1 85.47486033519556
 15 87.48603351955308
 8004 89.49720670391065
 8 91.50837988826817
 4 93.51955307262574
 1 95.53072625698326
 2 97.54189944134077
 1 99.55307262569835
 11 101.5642458100559
 25 103.5754189944134
 39 105.586592178771
 22 107.5977653631285
 112 109.608938547486
 148 111.6201117318436
 138 113.6312849162011
 4 115.6424581005587
 209 117.6536312849162
 183 119.6648044692737
 113 121.6759776536313
 182 123.6871508379888
 172 125.6983240223464
 97 127.7094972067039
 163 129.7206703910614
 190 131.731843575419
 1 133.7430167597765
 113 135.7541899441341
 197 137.7653631284916
 86 139.7765363128492
 140 141.7877094972067
 549 143.7988826815642
 119 145.8100558659218
 210 147.8212290502793
 49 149.8324022346369
 145 151.8435754189944
 57 153.854748603352
 499 155.8659217877095
 61 157.8770949720671
 158 159.8882681564246
 85 161.8994413407821
 49 163.9106145251397
 15 165.9217877094972
 150 167.9329608938548
 214 169.9441340782123
 392 171.9553072625699
 4 173.9664804469274
 174 175.9776536312849
 6 177.9888268156425
 0 180


