# Created by Octave 3.8.2, Mon Jun 22 18:35:31 2020 CEST <damian@fptrucha.inv.usc.es>
# name: hd
# type: matrix
# rows: 180
# columns: 2
 7 -180
 191 -177.9888268156425
 8 -175.9776536312849
 381 -173.9664804469274
 234 -171.9553072625698
 158 -169.9441340782123
 33 -167.9329608938548
 45 -165.9217877094972
 71 -163.9106145251397
 171 -161.8994413407821
 48 -159.8882681564246
 608 -157.877094972067
 59 -155.8659217877095
 133 -153.854748603352
 38 -151.8435754189944
 87 -149.8324022346369
 223 -147.8212290502793
 608 -145.8100558659218
 138 -143.7988826815642
 117 -141.7877094972067
 178 -139.7765363128491
 116 -137.7653631284916
 7 -135.7541899441341
 184 -133.7430167597765
 195 -131.731843575419
 68 -129.7206703910614
 205 -127.7094972067039
 244 -125.6983240223464
 101 -123.6871508379888
 218 -121.6759776536313
 208 -119.6648044692737
 3 -117.6536312849162
 137 -115.6424581005587
 110 -113.6312849162011
 114 -111.6201117318436
 21 -109.608938547486
 44 -107.5977653631285
 33 -105.5865921787709
 12 -103.5754189944134
 1 -101.5642458100559
 1 -99.55307262569832
 1 -97.54189944134077
 3 -95.53072625698323
 6 -93.5195530726257
 8622 -91.50837988826815
 13 -89.49720670391061
 8 -87.48603351955308
 2 -85.47486033519553
 0 -83.46368715083798
 7 -81.45251396648044
 11 -79.44134078212289
 9 -77.43016759776536
 64 -75.41899441340782
 49 -73.40782122905027
 47 -71.39664804469274
 122 -69.38547486033519
 86 -67.37430167597765
 109 -65.3631284916201
 62 -63.35195530726256
 277 -61.34078212290503
 153 -59.32960893854748
 230 -57.31843575418993
 79 -55.3072625698324
 84 -53.29608938547486
 227 -51.28491620111731
 66 -49.27374301675977
 120 -47.26256983240222
 2 -45.25139664804468
 305 -43.24022346368713
 4 -41.22905027932961
 182 -39.21787709497207
 305 -37.20670391061452
 467 -35.19553072625698
 119 -33.18435754189943
 75 -31.17318435754188
 162 -29.16201117318434
 10 -27.15083798882682
 76 -25.13966480446928
 616 -23.12849162011173
 135 -21.11731843575419
 50 -19.10614525139664
 16 -17.09497206703909
 50 -15.08379888268155
 163 -13.072625698324
 10 -11.06145251396646
 627 -9.050279329608941
 8 -7.039106145251395
 130 -5.02793296089385
 22 -3.016759776536304
 0 -1.005586592178759
 21 1.005586592178787
 135 3.016759776536333
 0 5.02793296089385
 583 7.039106145251395
 4 9.050279329608941
 155 11.06145251396649
 38 13.07262569832403
 13 15.08379888268158
 59 17.09497206703912
 124 19.10614525139667
 563 21.11731843575421
 43 23.12849162011173
 66 25.13966480446928
 103 27.15083798882682
 69 29.16201117318437
 193 31.17318435754191
 326 33.18435754189946
 240 35.195530726257
 153 37.20670391061452
 43 39.21787709497207
 281 41.22905027932961
 3 43.24022346368716
 126 45.2513966480447
 69 47.26256983240225
 229 49.27374301675979
 85 51.28491620111734
 187 53.29608938547489
 79 55.3072625698324
 178 57.31843575418995
 260 59.32960893854749
 58 61.34078212290504
 118 63.35195530726259
 79 65.36312849162013
 113 67.37430167597768
 47 69.38547486033519
 39 71.39664804469274
 42 73.40782122905028
 10 75.41899441340783
 7 77.43016759776538
 2 79.44134078212289
 3 81.45251396648047
 0 83.46368715083798
 5 85.47486033519556
 13 87.48603351955308
 7637 89.49720670391065
 9 91.50837988826817
 1 93.51955307262574
 2 95.53072625698326
 2 97.54189944134077
 2 99.55307262569835
 11 101.5642458100559
 23 103.5754189944134
 43 105.586592178771
 16 107.5977653631285
 105 109.608938547486
 118 111.6201117318436
 120 113.6312849162011
 7 115.6424581005587
 214 117.6536312849162
 168 119.6648044692737
 100 121.6759776536313
 164 123.6871508379888
 195 125.6983240223464
 77 127.7094972067039
 171 129.7206703910614
 186 131.731843575419
 5 133.7430167597765
 140 135.7541899441341
 185 137.7653631284916
 97 139.7765363128492
 137 141.7877094972067
 502 143.7988826815642
 116 145.8100558659218
 191 147.8212290502793
 52 149.8324022346369
 162 151.8435754189944
 75 153.854748603352
 486 155.8659217877095
 49 157.8770949720671
 142 159.8882681564246
 72 161.8994413407821
 33 163.9106145251397
 27 165.9217877094972
 125 167.9329608938548
 225 169.9441340782123
 361 171.9553072625699
 1 173.9664804469274
 163 175.9776536312849
 1 177.9888268156425
 0 180


