# Created by Octave 3.8.2, Sat Jun 20 14:19:13 2020 CEST <damian@fptrucha.inv.usc.es>
# name: hd
# type: matrix
# rows: 180
# columns: 2
 4 -180
 148 -177.9888268156425
 1 -175.9776536312849
 359 -173.9664804469274
 263 -171.9553072625698
 162 -169.9441340782123
 30 -167.9329608938548
 33 -165.9217877094972
 58 -163.9106145251397
 169 -161.8994413407821
 39 -159.8882681564246
 638 -157.877094972067
 63 -155.8659217877095
 110 -153.854748603352
 48 -151.8435754189944
 51 -149.8324022346369
 212 -147.8212290502793
 628 -145.8100558659218
 139 -143.7988826815642
 93 -141.7877094972067
 185 -139.7765363128491
 115 -137.7653631284916
 2 -135.7541899441341
 184 -133.7430167597765
 179 -131.731843575419
 64 -129.7206703910614
 177 -127.7094972067039
 237 -125.6983240223464
 98 -123.6871508379888
 189 -121.6759776536313
 185 -119.6648044692737
 4 -117.6536312849162
 107 -115.6424581005587
 101 -113.6312849162011
 129 -111.6201117318436
 18 -109.608938547486
 30 -107.5977653631285
 17 -105.5865921787709
 12 -103.5754189944134
 0 -101.5642458100559
 0 -99.55307262569832
 1 -97.54189944134077
 3 -95.53072625698323
 2 -93.5195530726257
 8438 -91.50837988826815
 10 -89.49720670391061
 5 -87.48603351955308
 0 -85.47486033519553
 0 -83.46368715083798
 2 -81.45251396648044
 3 -79.44134078212289
 5 -77.43016759776536
 37 -75.41899441340782
 17 -73.40782122905027
 55 -71.39664804469274
 124 -69.38547486033519
 76 -67.37430167597765
 98 -65.3631284916201
 44 -63.35195530726256
 270 -61.34078212290503
 135 -59.32960893854748
 195 -57.31843575418993
 107 -55.3072625698324
 78 -53.29608938547486
 225 -51.28491620111731
 53 -49.27374301675977
 101 -47.26256983240222
 0 -45.25139664804468
 285 -43.24022346368713
 4 -41.22905027932961
 150 -39.21787709497207
 304 -37.20670391061452
 534 -35.19553072625698
 106 -33.18435754189943
 61 -31.17318435754188
 141 -29.16201117318434
 12 -27.15083798882682
 62 -25.13966480446928
 664 -23.12849162011173
 162 -21.11731843575419
 52 -19.10614525139664
 11 -17.09497206703909
 39 -15.08379888268155
 183 -13.072625698324
 3 -11.06145251396646
 571 -9.050279329608941
 0 -7.039106145251395
 129 -5.02793296089385
 15 -3.016759776536304
 3 -1.005586592178759
 27 1.005586592178787
 145 3.016759776536333
 2 5.02793296089385
 518 7.039106145251395
 6 9.050279329608941
 134 11.06145251396649
 44 13.07262569832403
 10 15.08379888268158
 66 17.09497206703912
 89 19.10614525139667
 555 21.11731843575421
 59 23.12849162011173
 109 25.13966480446928
 104 27.15083798882682
 56 29.16201117318437
 243 31.17318435754191
 291 33.18435754189946
 241 35.195530726257
 197 37.20670391061452
 32 39.21787709497207
 303 41.22905027932961
 2 43.24022346368716
 134 45.2513966480447
 71 47.26256983240225
 242 49.27374301675979
 85 51.28491620111734
 207 53.29608938547489
 90 55.3072625698324
 139 57.31843575418995
 264 59.32960893854749
 63 61.34078212290504
 131 63.35195530726259
 79 65.36312849162013
 115 67.37430167597768
 51 69.38547486033519
 36 71.39664804469274
 42 73.40782122905028
 9 75.41899441340783
 7 77.43016759776538
 0 79.44134078212289
 0 81.45251396648047
 1 83.46368715083798
 4 85.47486033519556
 11 87.48603351955308
 8092 89.49720670391065
 7 91.50837988826817
 4 93.51955307262574
 0 95.53072625698326
 2 97.54189944134077
 3 99.55307262569835
 15 101.5642458100559
 21 103.5754189944134
 45 105.586592178771
 22 107.5977653631285
 116 109.608938547486
 116 111.6201117318436
 113 113.6312849162011
 7 115.6424581005587
 232 117.6536312849162
 169 119.6648044692737
 89 121.6759776536313
 197 123.6871508379888
 180 125.6983240223464
 87 127.7094972067039
 189 129.7206703910614
 182 131.731843575419
 2 133.7430167597765
 142 135.7541899441341
 171 137.7653631284916
 107 139.7765363128492
 136 141.7877094972067
 509 143.7988826815642
 129 145.8100558659218
 225 147.8212290502793
 42 149.8324022346369
 149 151.8435754189944
 74 153.854748603352
 478 155.8659217877095
 55 157.8770949720671
 146 159.8882681564246
 66 161.8994413407821
 62 163.9106145251397
 24 165.9217877094972
 119 167.9329608938548
 239 169.9441340782123
 329 171.9553072625699
 3 173.9664804469274
 155 175.9776536312849
 3 177.9888268156425
 0 180


