# Created by Octave 3.8.2, Sat Jun 20 02:28:18 2020 CEST <damian@fptrucha.inv.usc.es>
# name: hd
# type: matrix
# rows: 180
# columns: 2
 4 -180
 170 -177.9888268156425
 3 -175.9776536312849
 417 -173.9664804469274
 279 -171.9553072625698
 178 -169.9441340782123
 42 -167.9329608938548
 45 -165.9217877094972
 58 -163.9106145251397
 176 -161.8994413407821
 39 -159.8882681564246
 687 -157.877094972067
 63 -155.8659217877095
 149 -153.854748603352
 48 -151.8435754189944
 82 -149.8324022346369
 229 -147.8212290502793
 679 -145.8100558659218
 142 -143.7988826815642
 116 -141.7877094972067
 196 -139.7765363128491
 124 -137.7653631284916
 4 -135.7541899441341
 197 -133.7430167597765
 165 -131.731843575419
 109 -129.7206703910614
 196 -127.7094972067039
 254 -125.6983240223464
 95 -123.6871508379888
 232 -121.6759776536313
 214 -119.6648044692737
 4 -117.6536312849162
 109 -115.6424581005587
 120 -113.6312849162011
 151 -111.6201117318436
 17 -109.608938547486
 54 -107.5977653631285
 27 -105.5865921787709
 10 -103.5754189944134
 3 -101.5642458100559
 2 -99.55307262569832
 3 -97.54189944134077
 0 -95.53072625698323
 4 -93.5195530726257
 9269 -91.50837988826815
 6 -89.49720670391061
 3 -87.48603351955308
 1 -85.47486033519553
 0 -83.46368715083798
 1 -81.45251396648044
 9 -79.44134078212289
 6 -77.43016759776536
 58 -75.41899441340782
 26 -73.40782122905027
 55 -71.39664804469274
 124 -69.38547486033519
 81 -67.37430167597765
 136 -65.3631284916201
 50 -63.35195530726256
 297 -61.34078212290503
 174 -59.32960893854748
 239 -57.31843575418993
 101 -55.3072625698324
 71 -53.29608938547486
 265 -51.28491620111731
 67 -49.27374301675977
 119 -47.26256983240222
 4 -45.25139664804468
 283 -43.24022346368713
 2 -41.22905027932961
 170 -39.21787709497207
 329 -37.20670391061452
 489 -35.19553072625698
 117 -33.18435754189943
 54 -31.17318435754188
 169 -29.16201117318434
 12 -27.15083798882682
 57 -25.13966480446928
 671 -23.12849162011173
 138 -21.11731843575419
 57 -19.10614525139664
 10 -17.09497206703909
 25 -15.08379888268155
 184 -13.072625698324
 8 -11.06145251396646
 571 -9.050279329608941
 3 -7.039106145251395
 146 -5.02793296089385
 23 -3.016759776536304
 0 -1.005586592178759
 27 1.005586592178787
 137 3.016759776536333
 3 5.02793296089385
 592 7.039106145251395
 7 9.050279329608941
 153 11.06145251396649
 44 13.07262569832403
 16 15.08379888268158
 66 17.09497206703912
 130 19.10614525139667
 552 21.11731843575421
 53 23.12849162011173
 102 25.13966480446928
 120 27.15083798882682
 69 29.16201117318437
 251 31.17318435754191
 339 33.18435754189946
 268 35.195530726257
 163 37.20670391061452
 23 39.21787709497207
 269 41.22905027932961
 3 43.24022346368716
 101 45.2513966480447
 72 47.26256983240225
 230 49.27374301675979
 82 51.28491620111734
 209 53.29608938547489
 91 55.3072625698324
 144 57.31843575418995
 255 59.32960893854749
 69 61.34078212290504
 98 63.35195530726259
 65 65.36312849162013
 96 67.37430167597768
 47 69.38547486033519
 18 71.39664804469274
 41 73.40782122905028
 2 75.41899441340783
 6 77.43016759776538
 3 79.44134078212289
 1 81.45251396648047
 0 83.46368715083798
 5 85.47486033519556
 9 87.48603351955308
 7998 89.49720670391065
 10 91.50837988826817
 1 93.51955307262574
 3 95.53072625698326
 0 97.54189944134077
 2 99.55307262569835
 19 101.5642458100559
 20 103.5754189944134
 25 105.586592178771
 22 107.5977653631285
 96 109.608938547486
 102 111.6201117318436
 102 113.6312849162011
 5 115.6424581005587
 184 117.6536312849162
 161 119.6648044692737
 74 121.6759776536313
 186 123.6871508379888
 185 125.6983240223464
 68 127.7094972067039
 157 129.7206703910614
 188 131.731843575419
 3 133.7430167597765
 129 135.7541899441341
 172 137.7653631284916
 99 139.7765363128492
 139 141.7877094972067
 508 143.7988826815642
 122 145.8100558659218
 220 147.8212290502793
 40 149.8324022346369
 158 151.8435754189944
 74 153.854748603352
 531 155.8659217877095
 57 157.8770949720671
 132 159.8882681564246
 60 161.8994413407821
 43 163.9106145251397
 10 165.9217877094972
 145 167.9329608938548
 273 169.9441340782123
 360 171.9553072625699
 2 173.9664804469274
 165 175.9776536312849
 5 177.9888268156425
 0 180


