# Created by Octave 3.8.2, Mon Jun 22 05:15:03 2020 CEST <damian@fptrucha.inv.usc.es>
# name: hd
# type: matrix
# rows: 180
# columns: 2
 4 -180
 152 -177.9888268156425
 2 -175.9776536312849
 377 -173.9664804469274
 212 -171.9553072625698
 146 -169.9441340782123
 39 -167.9329608938548
 45 -165.9217877094972
 54 -163.9106145251397
 171 -161.8994413407821
 35 -159.8882681564246
 513 -157.877094972067
 68 -155.8659217877095
 116 -153.854748603352
 42 -151.8435754189944
 58 -149.8324022346369
 200 -147.8212290502793
 573 -145.8100558659218
 118 -143.7988826815642
 78 -141.7877094972067
 170 -139.7765363128491
 117 -137.7653631284916
 5 -135.7541899441341
 170 -133.7430167597765
 160 -131.731843575419
 71 -129.7206703910614
 166 -127.7094972067039
 186 -125.6983240223464
 97 -123.6871508379888
 190 -121.6759776536313
 182 -119.6648044692737
 1 -117.6536312849162
 127 -115.6424581005587
 107 -113.6312849162011
 117 -111.6201117318436
 16 -109.608938547486
 37 -107.5977653631285
 18 -105.5865921787709
 12 -103.5754189944134
 2 -101.5642458100559
 0 -99.55307262569832
 1 -97.54189944134077
 2 -95.53072625698323
 12 -93.5195530726257
 7372 -91.50837988826815
 12 -89.49720670391061
 2 -87.48603351955308
 0 -85.47486033519553
 0 -83.46368715083798
 4 -81.45251396648044
 8 -79.44134078212289
 6 -77.43016759776536
 47 -75.41899441340782
 29 -73.40782122905027
 58 -71.39664804469274
 122 -69.38547486033519
 78 -67.37430167597765
 109 -65.3631284916201
 47 -63.35195530726256
 238 -61.34078212290503
 149 -59.32960893854748
 175 -57.31843575418993
 98 -55.3072625698324
 78 -53.29608938547486
 240 -51.28491620111731
 49 -49.27374301675977
 119 -47.26256983240222
 3 -45.25139664804468
 303 -43.24022346368713
 6 -41.22905027932961
 163 -39.21787709497207
 278 -37.20670391061452
 431 -35.19553072625698
 114 -33.18435754189943
 73 -31.17318435754188
 155 -29.16201117318434
 10 -27.15083798882682
 73 -25.13966480446928
 516 -23.12849162011173
 126 -21.11731843575419
 36 -19.10614525139664
 11 -17.09497206703909
 48 -15.08379888268155
 147 -13.072625698324
 13 -11.06145251396646
 535 -9.050279329608941
 0 -7.039106145251395
 130 -5.02793296089385
 26 -3.016759776536304
 3 -1.005586592178759
 25 1.005586592178787
 130 3.016759776536333
 2 5.02793296089385
 499 7.039106145251395
 11 9.050279329608941
 126 11.06145251396649
 45 13.07262569832403
 15 15.08379888268158
 64 17.09497206703912
 135 19.10614525139667
 518 21.11731843575421
 53 23.12849162011173
 75 25.13966480446928
 90 27.15083798882682
 65 29.16201117318437
 175 31.17318435754191
 275 33.18435754189946
 237 35.195530726257
 136 37.20670391061452
 34 39.21787709497207
 268 41.22905027932961
 3 43.24022346368716
 114 45.2513966480447
 63 47.26256983240225
 233 49.27374301675979
 83 51.28491620111734
 210 53.29608938547489
 78 55.3072625698324
 141 57.31843575418995
 252 59.32960893854749
 59 61.34078212290504
 115 63.35195530726259
 70 65.36312849162013
 109 67.37430167597768
 51 69.38547486033519
 26 71.39664804469274
 43 73.40782122905028
 10 75.41899441340783
 8 77.43016759776538
 7 79.44134078212289
 2 81.45251396648047
 1 83.46368715083798
 4 85.47486033519556
 16 87.48603351955308
 6712 89.49720670391065
 10 91.50837988826817
 1 93.51955307262574
 1 95.53072625698326
 1 97.54189944134077
 5 99.55307262569835
 6 101.5642458100559
 25 103.5754189944134
 46 105.586592178771
 21 107.5977653631285
 104 109.608938547486
 122 111.6201117318436
 104 113.6312849162011
 4 115.6424581005587
 185 117.6536312849162
 168 119.6648044692737
 98 121.6759776536313
 151 123.6871508379888
 173 125.6983240223464
 63 127.7094972067039
 146 129.7206703910614
 175 131.731843575419
 2 133.7430167597765
 135 135.7541899441341
 163 137.7653631284916
 97 139.7765363128492
 125 141.7877094972067
 394 143.7988826815642
 107 145.8100558659218
 187 147.8212290502793
 39 149.8324022346369
 130 151.8435754189944
 69 153.854748603352
 451 155.8659217877095
 39 157.8770949720671
 146 159.8882681564246
 70 161.8994413407821
 58 163.9106145251397
 20 165.9217877094972
 132 167.9329608938548
 227 169.9441340782123
 303 171.9553072625699
 4 173.9664804469274
 157 175.9776536312849
 3 177.9888268156425
 0 180


