# Created by Octave 3.8.2, Mon Jun 22 22:53:08 2020 CEST <damian@fptrucha.inv.usc.es>
# name: hd
# type: matrix
# rows: 180
# columns: 2
 5 -180
 188 -177.9888268156425
 2 -175.9776536312849
 429 -173.9664804469274
 253 -171.9553072625698
 164 -169.9441340782123
 35 -167.9329608938548
 42 -165.9217877094972
 69 -163.9106145251397
 175 -161.8994413407821
 54 -159.8882681564246
 574 -157.877094972067
 67 -155.8659217877095
 141 -153.854748603352
 51 -151.8435754189944
 84 -149.8324022346369
 226 -147.8212290502793
 673 -145.8100558659218
 136 -143.7988826815642
 101 -141.7877094972067
 191 -139.7765363128491
 125 -137.7653631284916
 6 -135.7541899441341
 184 -133.7430167597765
 166 -131.731843575419
 78 -129.7206703910614
 203 -127.7094972067039
 234 -125.6983240223464
 122 -123.6871508379888
 202 -121.6759776536313
 206 -119.6648044692737
 7 -117.6536312849162
 126 -115.6424581005587
 127 -113.6312849162011
 124 -111.6201117318436
 21 -109.608938547486
 48 -107.5977653631285
 29 -105.5865921787709
 15 -103.5754189944134
 4 -101.5642458100559
 0 -99.55307262569832
 3 -97.54189944134077
 2 -95.53072625698323
 4 -93.5195530726257
 8648 -91.50837988826815
 17 -89.49720670391061
 3 -87.48603351955308
 2 -85.47486033519553
 1 -83.46368715083798
 2 -81.45251396648044
 9 -79.44134078212289
 7 -77.43016759776536
 55 -75.41899441340782
 33 -73.40782122905027
 48 -71.39664804469274
 122 -69.38547486033519
 80 -67.37430167597765
 110 -65.3631284916201
 56 -63.35195530726256
 284 -61.34078212290503
 156 -59.32960893854748
 204 -57.31843575418993
 118 -55.3072625698324
 95 -53.29608938547486
 248 -51.28491620111731
 54 -49.27374301675977
 135 -47.26256983240222
 5 -45.25139664804468
 339 -43.24022346368713
 2 -41.22905027932961
 180 -39.21787709497207
 285 -37.20670391061452
 480 -35.19553072625698
 118 -33.18435754189943
 68 -31.17318435754188
 215 -29.16201117318434
 14 -27.15083798882682
 62 -25.13966480446928
 592 -23.12849162011173
 155 -21.11731843575419
 54 -19.10614525139664
 11 -17.09497206703909
 41 -15.08379888268155
 195 -13.072625698324
 14 -11.06145251396646
 655 -9.050279329608941
 1 -7.039106145251395
 158 -5.02793296089385
 20 -3.016759776536304
 1 -1.005586592178759
 20 1.005586592178787
 162 3.016759776536333
 2 5.02793296089385
 557 7.039106145251395
 9 9.050279329608941
 145 11.06145251396649
 44 13.07262569832403
 9 15.08379888268158
 52 17.09497206703912
 130 19.10614525139667
 606 21.11731843575421
 75 23.12849162011173
 83 25.13966480446928
 126 27.15083798882682
 70 29.16201117318437
 193 31.17318435754191
 351 33.18435754189946
 280 35.195530726257
 171 37.20670391061452
 30 39.21787709497207
 317 41.22905027932961
 1 43.24022346368716
 130 45.2513966480447
 58 47.26256983240225
 216 49.27374301675979
 92 51.28491620111734
 205 53.29608938547489
 90 55.3072625698324
 136 57.31843575418995
 276 59.32960893854749
 75 61.34078212290504
 124 63.35195530726259
 76 65.36312849162013
 105 67.37430167597768
 50 69.38547486033519
 39 71.39664804469274
 65 73.40782122905028
 10 75.41899441340783
 7 77.43016759776538
 0 79.44134078212289
 1 81.45251396648047
 0 83.46368715083798
 4 85.47486033519556
 17 87.48603351955308
 7970 89.49720670391065
 5 91.50837988826817
 4 93.51955307262574
 1 95.53072625698326
 1 97.54189944134077
 2 99.55307262569835
 13 101.5642458100559
 33 103.5754189944134
 44 105.586592178771
 38 107.5977653631285
 127 109.608938547486
 147 111.6201117318436
 144 113.6312849162011
 7 115.6424581005587
 217 117.6536312849162
 206 119.6648044692737
 141 121.6759776536313
 213 123.6871508379888
 182 125.6983240223464
 78 127.7094972067039
 175 129.7206703910614
 181 131.731843575419
 3 133.7430167597765
 124 135.7541899441341
 197 137.7653631284916
 102 139.7765363128492
 148 141.7877094972067
 555 143.7988826815642
 131 145.8100558659218
 222 147.8212290502793
 45 149.8324022346369
 150 151.8435754189944
 66 153.854748603352
 546 155.8659217877095
 39 157.8770949720671
 163 159.8882681564246
 69 161.8994413407821
 59 163.9106145251397
 22 165.9217877094972
 179 167.9329608938548
 230 169.9441340782123
 350 171.9553072625699
 4 173.9664804469274
 168 175.9776536312849
 5 177.9888268156425
 0 180


