# Created by Octave 3.8.2, Mon Jun 22 01:33:51 2020 CEST <damian@fptrucha.inv.usc.es>
# name: hd
# type: matrix
# rows: 180
# columns: 2
 1 -180
 180 -177.9888268156425
 1 -175.9776536312849
 363 -173.9664804469274
 236 -171.9553072625698
 163 -169.9441340782123
 29 -167.9329608938548
 31 -165.9217877094972
 56 -163.9106145251397
 131 -161.8994413407821
 34 -159.8882681564246
 644 -157.877094972067
 58 -155.8659217877095
 116 -153.854748603352
 48 -151.8435754189944
 57 -149.8324022346369
 209 -147.8212290502793
 609 -145.8100558659218
 139 -143.7988826815642
 92 -141.7877094972067
 168 -139.7765363128491
 113 -137.7653631284916
 3 -135.7541899441341
 144 -133.7430167597765
 163 -131.731843575419
 75 -129.7206703910614
 200 -127.7094972067039
 240 -125.6983240223464
 99 -123.6871508379888
 206 -121.6759776536313
 177 -119.6648044692737
 5 -117.6536312849162
 104 -115.6424581005587
 108 -113.6312849162011
 111 -111.6201117318436
 12 -109.608938547486
 23 -107.5977653631285
 15 -105.5865921787709
 9 -103.5754189944134
 0 -101.5642458100559
 0 -99.55307262569832
 2 -97.54189944134077
 3 -95.53072625698323
 4 -93.5195530726257
 8211 -91.50837988826815
 9 -89.49720670391061
 6 -87.48603351955308
 2 -85.47486033519553
 0 -83.46368715083798
 2 -81.45251396648044
 8 -79.44134078212289
 4 -77.43016759776536
 50 -75.41899441340782
 27 -73.40782122905027
 46 -71.39664804469274
 134 -69.38547486033519
 59 -67.37430167597765
 92 -65.3631284916201
 45 -63.35195530726256
 272 -61.34078212290503
 161 -59.32960893854748
 214 -57.31843575418993
 90 -55.3072625698324
 92 -53.29608938547486
 221 -51.28491620111731
 39 -49.27374301675977
 98 -47.26256983240222
 1 -45.25139664804468
 263 -43.24022346368713
 5 -41.22905027932961
 153 -39.21787709497207
 328 -37.20670391061452
 461 -35.19553072625698
 96 -33.18435754189943
 70 -31.17318435754188
 154 -29.16201117318434
 8 -27.15083798882682
 48 -25.13966480446928
 684 -23.12849162011173
 134 -21.11731843575419
 44 -19.10614525139664
 9 -17.09497206703909
 39 -15.08379888268155
 176 -13.072625698324
 9 -11.06145251396646
 548 -9.050279329608941
 4 -7.039106145251395
 146 -5.02793296089385
 32 -3.016759776536304
 1 -1.005586592178759
 18 1.005586592178787
 124 3.016759776536333
 1 5.02793296089385
 506 7.039106145251395
 4 9.050279329608941
 125 11.06145251396649
 50 13.07262569832403
 11 15.08379888268158
 61 17.09497206703912
 103 19.10614525139667
 512 21.11731843575421
 63 23.12849162011173
 95 25.13966480446928
 117 27.15083798882682
 56 29.16201117318437
 222 31.17318435754191
 317 33.18435754189946
 221 35.195530726257
 168 37.20670391061452
 39 39.21787709497207
 304 41.22905027932961
 1 43.24022346368716
 103 45.2513966480447
 69 47.26256983240225
 245 49.27374301675979
 103 51.28491620111734
 202 53.29608938547489
 90 55.3072625698324
 137 57.31843575418995
 256 59.32960893854749
 72 61.34078212290504
 125 63.35195530726259
 60 65.36312849162013
 87 67.37430167597768
 41 69.38547486033519
 33 71.39664804469274
 45 73.40782122905028
 14 75.41899441340783
 9 77.43016759776538
 2 79.44134078212289
 1 81.45251396648047
 1 83.46368715083798
 3 85.47486033519556
 14 87.48603351955308
 7655 89.49720670391065
 2 91.50837988826817
 3 93.51955307262574
 1 95.53072625698326
 0 97.54189944134077
 2 99.55307262569835
 10 101.5642458100559
 16 103.5754189944134
 38 105.586592178771
 27 107.5977653631285
 98 109.608938547486
 109 111.6201117318436
 112 113.6312849162011
 2 115.6424581005587
 191 117.6536312849162
 163 119.6648044692737
 72 121.6759776536313
 155 123.6871508379888
 167 125.6983240223464
 69 127.7094972067039
 145 129.7206703910614
 182 131.731843575419
 3 133.7430167597765
 100 135.7541899441341
 195 137.7653631284916
 105 139.7765363128492
 159 141.7877094972067
 508 143.7988826815642
 153 145.8100558659218
 214 147.8212290502793
 39 149.8324022346369
 166 151.8435754189944
 64 153.854748603352
 458 155.8659217877095
 46 157.8770949720671
 144 159.8882681564246
 67 161.8994413407821
 39 163.9106145251397
 11 165.9217877094972
 114 167.9329608938548
 220 169.9441340782123
 323 171.9553072625699
 1 173.9664804469274
 160 175.9776536312849
 2 177.9888268156425
 0 180


