# Created by Octave 3.8.2, Mon Jun 22 06:16:51 2020 CEST <damian@fptrucha.inv.usc.es>
# name: hd
# type: matrix
# rows: 180
# columns: 2
 4 -180
 186 -177.9888268156425
 7 -175.9776536312849
 386 -173.9664804469274
 210 -171.9553072625698
 136 -169.9441340782123
 44 -167.9329608938548
 46 -165.9217877094972
 73 -163.9106145251397
 116 -161.8994413407821
 40 -159.8882681564246
 504 -157.877094972067
 66 -155.8659217877095
 139 -153.854748603352
 46 -151.8435754189944
 64 -149.8324022346369
 202 -147.8212290502793
 507 -145.8100558659218
 126 -143.7988826815642
 76 -141.7877094972067
 201 -139.7765363128491
 103 -137.7653631284916
 5 -135.7541899441341
 159 -133.7430167597765
 161 -131.731843575419
 73 -129.7206703910614
 191 -127.7094972067039
 186 -125.6983240223464
 101 -123.6871508379888
 149 -121.6759776536313
 181 -119.6648044692737
 5 -117.6536312849162
 122 -115.6424581005587
 138 -113.6312849162011
 120 -111.6201117318436
 20 -109.608938547486
 43 -107.5977653631285
 35 -105.5865921787709
 16 -103.5754189944134
 4 -101.5642458100559
 3 -99.55307262569832
 4 -97.54189944134077
 3 -95.53072625698323
 8 -93.5195530726257
 7561 -91.50837988826815
 13 -89.49720670391061
 5 -87.48603351955308
 1 -85.47486033519553
 1 -83.46368715083798
 5 -81.45251396648044
 3 -79.44134078212289
 6 -77.43016759776536
 62 -75.41899441340782
 28 -73.40782122905027
 46 -71.39664804469274
 106 -69.38547486033519
 84 -67.37430167597765
 126 -65.3631284916201
 53 -63.35195530726256
 262 -61.34078212290503
 144 -59.32960893854748
 177 -57.31843575418993
 95 -55.3072625698324
 66 -53.29608938547486
 211 -51.28491620111731
 62 -49.27374301675977
 121 -47.26256983240222
 6 -45.25139664804468
 261 -43.24022346368713
 4 -41.22905027932961
 175 -39.21787709497207
 266 -37.20670391061452
 413 -35.19553072625698
 110 -33.18435754189943
 73 -31.17318435754188
 169 -29.16201117318434
 7 -27.15083798882682
 60 -25.13966480446928
 567 -23.12849162011173
 114 -21.11731843575419
 56 -19.10614525139664
 17 -17.09497206703909
 44 -15.08379888268155
 162 -13.072625698324
 14 -11.06145251396646
 593 -9.050279329608941
 4 -7.039106145251395
 108 -5.02793296089385
 21 -3.016759776536304
 1 -1.005586592178759
 26 1.005586592178787
 134 3.016759776536333
 9 5.02793296089385
 522 7.039106145251395
 9 9.050279329608941
 141 11.06145251396649
 46 13.07262569832403
 6 15.08379888268158
 59 17.09497206703912
 125 19.10614525139667
 465 21.11731843575421
 59 23.12849162011173
 69 25.13966480446928
 87 27.15083798882682
 72 29.16201117318437
 196 31.17318435754191
 302 33.18435754189946
 253 35.195530726257
 160 37.20670391061452
 45 39.21787709497207
 282 41.22905027932961
 5 43.24022346368716
 119 45.2513966480447
 78 47.26256983240225
 236 49.27374301675979
 92 51.28491620111734
 219 53.29608938547489
 80 55.3072625698324
 162 57.31843575418995
 279 59.32960893854749
 57 61.34078212290504
 112 63.35195530726259
 75 65.36312849162013
 106 67.37430167597768
 59 69.38547486033519
 27 71.39664804469274
 42 73.40782122905028
 8 75.41899441340783
 11 77.43016759776538
 3 79.44134078212289
 1 81.45251396648047
 4 83.46368715083798
 5 85.47486033519556
 11 87.48603351955308
 7142 89.49720670391065
 16 91.50837988826817
 6 93.51955307262574
 2 95.53072625698326
 0 97.54189944134077
 6 99.55307262569835
 13 101.5642458100559
 27 103.5754189944134
 39 105.586592178771
 20 107.5977653631285
 129 109.608938547486
 118 111.6201117318436
 125 113.6312849162011
 4 115.6424581005587
 175 117.6536312849162
 140 119.6648044692737
 98 121.6759776536313
 175 123.6871508379888
 195 125.6983240223464
 90 127.7094972067039
 136 129.7206703910614
 192 131.731843575419
 2 133.7430167597765
 115 135.7541899441341
 186 137.7653631284916
 82 139.7765363128492
 148 141.7877094972067
 477 143.7988826815642
 117 145.8100558659218
 177 147.8212290502793
 46 149.8324022346369
 126 151.8435754189944
 59 153.854748603352
 504 155.8659217877095
 33 157.8770949720671
 139 159.8882681564246
 59 161.8994413407821
 32 163.9106145251397
 22 165.9217877094972
 116 167.9329608938548
 205 169.9441340782123
 336 171.9553072625699
 2 173.9664804469274
 145 175.9776536312849
 4 177.9888268156425
 0 180


