# Created by Octave 3.8.2, Mon Jun 22 14:58:58 2020 CEST <damian@fptrucha.inv.usc.es>
# name: hd
# type: matrix
# rows: 180
# columns: 2
 2 -180
 181 -177.9888268156425
 4 -175.9776536312849
 375 -173.9664804469274
 253 -171.9553072625698
 156 -169.9441340782123
 40 -167.9329608938548
 44 -165.9217877094972
 56 -163.9106145251397
 161 -161.8994413407821
 48 -159.8882681564246
 570 -157.877094972067
 71 -155.8659217877095
 127 -153.854748603352
 43 -151.8435754189944
 70 -149.8324022346369
 218 -147.8212290502793
 652 -145.8100558659218
 130 -143.7988826815642
 92 -141.7877094972067
 153 -139.7765363128491
 118 -137.7653631284916
 4 -135.7541899441341
 189 -133.7430167597765
 174 -131.731843575419
 77 -129.7206703910614
 204 -127.7094972067039
 236 -125.6983240223464
 104 -123.6871508379888
 182 -121.6759776536313
 191 -119.6648044692737
 8 -117.6536312849162
 124 -115.6424581005587
 122 -113.6312849162011
 113 -111.6201117318436
 20 -109.608938547486
 43 -107.5977653631285
 25 -105.5865921787709
 14 -103.5754189944134
 5 -101.5642458100559
 0 -99.55307262569832
 1 -97.54189944134077
 3 -95.53072625698323
 6 -93.5195530726257
 8042 -91.50837988826815
 9 -89.49720670391061
 7 -87.48603351955308
 3 -85.47486033519553
 0 -83.46368715083798
 4 -81.45251396648044
 7 -79.44134078212289
 6 -77.43016759776536
 47 -75.41899441340782
 35 -73.40782122905027
 46 -71.39664804469274
 108 -69.38547486033519
 85 -67.37430167597765
 107 -65.3631284916201
 59 -63.35195530726256
 293 -61.34078212290503
 139 -59.32960893854748
 197 -57.31843575418993
 115 -55.3072625698324
 73 -53.29608938547486
 226 -51.28491620111731
 53 -49.27374301675977
 112 -47.26256983240222
 2 -45.25139664804468
 278 -43.24022346368713
 4 -41.22905027932961
 157 -39.21787709497207
 321 -37.20670391061452
 422 -35.19553072625698
 129 -33.18435754189943
 61 -31.17318435754188
 158 -29.16201117318434
 14 -27.15083798882682
 56 -25.13966480446928
 587 -23.12849162011173
 144 -21.11731843575419
 54 -19.10614525139664
 17 -17.09497206703909
 34 -15.08379888268155
 136 -13.072625698324
 9 -11.06145251396646
 590 -9.050279329608941
 1 -7.039106145251395
 129 -5.02793296089385
 25 -3.016759776536304
 2 -1.005586592178759
 30 1.005586592178787
 140 3.016759776536333
 3 5.02793296089385
 546 7.039106145251395
 6 9.050279329608941
 161 11.06145251396649
 46 13.07262569832403
 9 15.08379888268158
 59 17.09497206703912
 117 19.10614525139667
 571 21.11731843575421
 46 23.12849162011173
 93 25.13966480446928
 101 27.15083798882682
 61 29.16201117318437
 225 31.17318435754191
 316 33.18435754189946
 246 35.195530726257
 173 37.20670391061452
 42 39.21787709497207
 301 41.22905027932961
 2 43.24022346368716
 111 45.2513966480447
 74 47.26256983240225
 244 49.27374301675979
 78 51.28491620111734
 215 53.29608938547489
 87 55.3072625698324
 147 57.31843575418995
 272 59.32960893854749
 58 61.34078212290504
 119 63.35195530726259
 79 65.36312849162013
 116 67.37430167597768
 50 69.38547486033519
 42 71.39664804469274
 48 73.40782122905028
 10 75.41899441340783
 9 77.43016759776538
 5 79.44134078212289
 1 81.45251396648047
 2 83.46368715083798
 2 85.47486033519556
 13 87.48603351955308
 7806 89.49720670391065
 16 91.50837988826817
 1 93.51955307262574
 3 95.53072625698326
 0 97.54189944134077
 6 99.55307262569835
 21 101.5642458100559
 27 103.5754189944134
 49 105.586592178771
 23 107.5977653631285
 110 109.608938547486
 131 111.6201117318436
 136 113.6312849162011
 1 115.6424581005587
 206 117.6536312849162
 183 119.6648044692737
 87 121.6759776536313
 193 123.6871508379888
 174 125.6983240223464
 85 127.7094972067039
 183 129.7206703910614
 197 131.731843575419
 5 133.7430167597765
 125 135.7541899441341
 182 137.7653631284916
 119 139.7765363128492
 149 141.7877094972067
 521 143.7988826815642
 152 145.8100558659218
 206 147.8212290502793
 45 149.8324022346369
 150 151.8435754189944
 55 153.854748603352
 478 155.8659217877095
 56 157.8770949720671
 146 159.8882681564246
 81 161.8994413407821
 52 163.9106145251397
 26 165.9217877094972
 141 167.9329608938548
 228 169.9441340782123
 354 171.9553072625699
 7 173.9664804469274
 160 175.9776536312849
 8 177.9888268156425
 0 180


