# Created by Octave 3.8.2, Mon Jun 22 06:04:56 2020 CEST <damian@fptrucha.inv.usc.es>
# name: hd
# type: matrix
# rows: 180
# columns: 2
 2 -180
 84 -177.9888268156425
 1 -175.9776536312849
 210 -173.9664804469274
 150 -171.9553072625698
 91 -169.9441340782123
 17 -167.9329608938548
 24 -165.9217877094972
 46 -163.9106145251397
 106 -161.8994413407821
 38 -159.8882681564246
 320 -157.877094972067
 43 -155.8659217877095
 79 -153.854748603352
 28 -151.8435754189944
 45 -149.8324022346369
 153 -147.8212290502793
 324 -145.8100558659218
 89 -143.7988826815642
 73 -141.7877094972067
 122 -139.7765363128491
 73 -137.7653631284916
 2 -135.7541899441341
 112 -133.7430167597765
 107 -131.731843575419
 54 -129.7206703910614
 102 -127.7094972067039
 142 -125.6983240223464
 70 -123.6871508379888
 111 -121.6759776536313
 111 -119.6648044692737
 2 -117.6536312849162
 71 -115.6424581005587
 73 -113.6312849162011
 83 -111.6201117318436
 15 -109.608938547486
 33 -107.5977653631285
 13 -105.5865921787709
 11 -103.5754189944134
 1 -101.5642458100559
 1 -99.55307262569832
 0 -97.54189944134077
 3 -95.53072625698323
 13 -93.5195530726257
 4989 -91.50837988826815
 15 -89.49720670391061
 1 -87.48603351955308
 1 -85.47486033519553
 0 -83.46368715083798
 2 -81.45251396648044
 13 -79.44134078212289
 6 -77.43016759776536
 31 -75.41899441340782
 21 -73.40782122905027
 40 -71.39664804469274
 80 -69.38547486033519
 38 -67.37430167597765
 69 -65.3631284916201
 43 -63.35195530726256
 156 -61.34078212290503
 88 -59.32960893854748
 114 -57.31843575418993
 55 -55.3072625698324
 50 -53.29608938547486
 147 -51.28491620111731
 32 -49.27374301675977
 71 -47.26256983240222
 2 -45.25139664804468
 188 -43.24022346368713
 4 -41.22905027932961
 94 -39.21787709497207
 162 -37.20670391061452
 260 -35.19553072625698
 79 -33.18435754189943
 41 -31.17318435754188
 105 -29.16201117318434
 3 -27.15083798882682
 47 -25.13966480446928
 359 -23.12849162011173
 85 -21.11731843575419
 29 -19.10614525139664
 2 -17.09497206703909
 28 -15.08379888268155
 87 -13.072625698324
 6 -11.06145251396646
 367 -9.050279329608941
 1 -7.039106145251395
 92 -5.02793296089385
 13 -3.016759776536304
 5 -1.005586592178759
 17 1.005586592178787
 76 3.016759776536333
 2 5.02793296089385
 331 7.039106145251395
 10 9.050279329608941
 106 11.06145251396649
 26 13.07262569832403
 6 15.08379888268158
 34 17.09497206703912
 85 19.10614525139667
 319 21.11731843575421
 28 23.12849162011173
 39 25.13966480446928
 62 27.15083798882682
 34 29.16201117318437
 104 31.17318435754191
 218 33.18435754189946
 149 35.195530726257
 99 37.20670391061452
 22 39.21787709497207
 193 41.22905027932961
 1 43.24022346368716
 75 45.2513966480447
 35 47.26256983240225
 157 49.27374301675979
 48 51.28491620111734
 118 53.29608938547489
 40 55.3072625698324
 96 57.31843575418995
 184 59.32960893854749
 33 61.34078212290504
 64 63.35195530726259
 42 65.36312849162013
 72 67.37430167597768
 35 69.38547486033519
 17 71.39664804469274
 39 73.40782122905028
 6 75.41899441340783
 8 77.43016759776538
 1 79.44134078212289
 1 81.45251396648047
 1 83.46368715083798
 2 85.47486033519556
 8 87.48603351955308
 4657 89.49720670391065
 9 91.50837988826817
 4 93.51955307262574
 3 95.53072625698326
 0 97.54189944134077
 3 99.55307262569835
 9 101.5642458100559
 18 103.5754189944134
 36 105.586592178771
 11 107.5977653631285
 61 109.608938547486
 62 111.6201117318436
 90 113.6312849162011
 3 115.6424581005587
 123 117.6536312849162
 111 119.6648044692737
 71 121.6759776536313
 97 123.6871508379888
 121 125.6983240223464
 51 127.7094972067039
 84 129.7206703910614
 128 131.731843575419
 5 133.7430167597765
 64 135.7541899441341
 115 137.7653631284916
 73 139.7765363128492
 98 141.7877094972067
 289 143.7988826815642
 71 145.8100558659218
 90 147.8212290502793
 31 149.8324022346369
 73 151.8435754189944
 28 153.854748603352
 314 155.8659217877095
 36 157.8770949720671
 77 159.8882681564246
 42 161.8994413407821
 44 163.9106145251397
 16 165.9217877094972
 104 167.9329608938548
 144 169.9441340782123
 204 171.9553072625699
 2 173.9664804469274
 102 175.9776536312849
 5 177.9888268156425
 0 180


