# Created by Octave 3.8.2, Mon Jun 22 09:09:58 2020 CEST <damian@fptrucha.inv.usc.es>
# name: hd
# type: matrix
# rows: 180
# columns: 2
 6 -180
 169 -177.9888268156425
 4 -175.9776536312849
 341 -173.9664804469274
 239 -171.9553072625698
 145 -169.9441340782123
 31 -167.9329608938548
 29 -165.9217877094972
 61 -163.9106145251397
 156 -161.8994413407821
 53 -159.8882681564246
 516 -157.877094972067
 53 -155.8659217877095
 121 -153.854748603352
 42 -151.8435754189944
 75 -149.8324022346369
 224 -147.8212290502793
 542 -145.8100558659218
 136 -143.7988826815642
 81 -141.7877094972067
 163 -139.7765363128491
 113 -137.7653631284916
 4 -135.7541899441341
 167 -133.7430167597765
 115 -131.731843575419
 80 -129.7206703910614
 154 -127.7094972067039
 208 -125.6983240223464
 107 -123.6871508379888
 172 -121.6759776536313
 194 -119.6648044692737
 5 -117.6536312849162
 119 -115.6424581005587
 126 -113.6312849162011
 124 -111.6201117318436
 24 -109.608938547486
 42 -107.5977653631285
 24 -105.5865921787709
 12 -103.5754189944134
 2 -101.5642458100559
 2 -99.55307262569832
 1 -97.54189944134077
 3 -95.53072625698323
 12 -93.5195530726257
 7511 -91.50837988826815
 18 -89.49720670391061
 5 -87.48603351955308
 2 -85.47486033519553
 0 -83.46368715083798
 2 -81.45251396648044
 6 -79.44134078212289
 3 -77.43016759776536
 42 -75.41899441340782
 30 -73.40782122905027
 59 -71.39664804469274
 129 -69.38547486033519
 74 -67.37430167597765
 117 -65.3631284916201
 58 -63.35195530726256
 245 -61.34078212290503
 121 -59.32960893854748
 206 -57.31843575418993
 88 -55.3072625698324
 74 -53.29608938547486
 209 -51.28491620111731
 49 -49.27374301675977
 114 -47.26256983240222
 3 -45.25139664804468
 261 -43.24022346368713
 6 -41.22905027932961
 155 -39.21787709497207
 256 -37.20670391061452
 397 -35.19553072625698
 113 -33.18435754189943
 59 -31.17318435754188
 174 -29.16201117318434
 9 -27.15083798882682
 72 -25.13966480446928
 559 -23.12849162011173
 110 -21.11731843575419
 66 -19.10614525139664
 15 -17.09497206703909
 39 -15.08379888268155
 140 -13.072625698324
 15 -11.06145251396646
 544 -9.050279329608941
 3 -7.039106145251395
 110 -5.02793296089385
 20 -3.016759776536304
 2 -1.005586592178759
 14 1.005586592178787
 121 3.016759776536333
 4 5.02793296089385
 528 7.039106145251395
 8 9.050279329608941
 142 11.06145251396649
 35 13.07262569832403
 15 15.08379888268158
 39 17.09497206703912
 125 19.10614525139667
 501 21.11731843575421
 50 23.12849162011173
 77 25.13966480446928
 102 27.15083798882682
 69 29.16201117318437
 162 31.17318435754191
 352 33.18435754189946
 236 35.195530726257
 133 37.20670391061452
 41 39.21787709497207
 298 41.22905027932961
 1 43.24022346368716
 119 45.2513966480447
 68 47.26256983240225
 235 49.27374301675979
 81 51.28491620111734
 219 53.29608938547489
 69 55.3072625698324
 141 57.31843575418995
 254 59.32960893854749
 45 61.34078212290504
 109 63.35195530726259
 77 65.36312849162013
 112 67.37430167597768
 47 69.38547486033519
 32 71.39664804469274
 56 73.40782122905028
 7 75.41899441340783
 8 77.43016759776538
 5 79.44134078212289
 0 81.45251396648047
 3 83.46368715083798
 9 85.47486033519556
 14 87.48603351955308
 7253 89.49720670391065
 11 91.50837988826817
 2 93.51955307262574
 2 95.53072625698326
 0 97.54189944134077
 1 99.55307262569835
 15 101.5642458100559
 32 103.5754189944134
 40 105.586592178771
 24 107.5977653631285
 119 109.608938547486
 127 111.6201117318436
 100 113.6312849162011
 6 115.6424581005587
 190 117.6536312849162
 178 119.6648044692737
 85 121.6759776536313
 195 123.6871508379888
 165 125.6983240223464
 88 127.7094972067039
 175 129.7206703910614
 175 131.731843575419
 3 133.7430167597765
 110 135.7541899441341
 173 137.7653631284916
 94 139.7765363128492
 133 141.7877094972067
 494 143.7988826815642
 107 145.8100558659218
 189 147.8212290502793
 44 149.8324022346369
 135 151.8435754189944
 55 153.854748603352
 476 155.8659217877095
 46 157.8770949720671
 136 159.8882681564246
 57 161.8994413407821
 40 163.9106145251397
 29 165.9217877094972
 129 167.9329608938548
 191 169.9441340782123
 326 171.9553072625699
 3 173.9664804469274
 171 175.9776536312849
 5 177.9888268156425
 0 180


