# Created by Octave 3.8.2, Sun Jun 21 05:37:11 2020 CEST <damian@fptrucha.inv.usc.es>
# name: hd
# type: matrix
# rows: 180
# columns: 2
 4 -180
 139 -177.9888268156425
 1 -175.9776536312849
 363 -173.9664804469274
 223 -171.9553072625698
 149 -169.9441340782123
 32 -167.9329608938548
 36 -165.9217877094972
 45 -163.9106145251397
 159 -161.8994413407821
 37 -159.8882681564246
 622 -157.877094972067
 75 -155.8659217877095
 125 -153.854748603352
 35 -151.8435754189944
 66 -149.8324022346369
 231 -147.8212290502793
 568 -145.8100558659218
 129 -143.7988826815642
 90 -141.7877094972067
 181 -139.7765363128491
 97 -137.7653631284916
 4 -135.7541899441341
 158 -133.7430167597765
 133 -131.731843575419
 86 -129.7206703910614
 170 -127.7094972067039
 233 -125.6983240223464
 81 -123.6871508379888
 148 -121.6759776536313
 184 -119.6648044692737
 5 -117.6536312849162
 100 -115.6424581005587
 99 -113.6312849162011
 114 -111.6201117318436
 10 -109.608938547486
 38 -107.5977653631285
 25 -105.5865921787709
 7 -103.5754189944134
 0 -101.5642458100559
 3 -99.55307262569832
 0 -97.54189944134077
 1 -95.53072625698323
 2 -93.5195530726257
 8029 -91.50837988826815
 11 -89.49720670391061
 3 -87.48603351955308
 0 -85.47486033519553
 0 -83.46368715083798
 1 -81.45251396648044
 7 -79.44134078212289
 3 -77.43016759776536
 53 -75.41899441340782
 22 -73.40782122905027
 50 -71.39664804469274
 132 -69.38547486033519
 62 -67.37430167597765
 98 -65.3631284916201
 49 -63.35195530726256
 256 -61.34078212290503
 144 -59.32960893854748
 216 -57.31843575418993
 107 -55.3072625698324
 74 -53.29608938547486
 209 -51.28491620111731
 59 -49.27374301675977
 89 -47.26256983240222
 1 -45.25139664804468
 279 -43.24022346368713
 0 -41.22905027932961
 156 -39.21787709497207
 316 -37.20670391061452
 455 -35.19553072625698
 98 -33.18435754189943
 50 -31.17318435754188
 132 -29.16201117318434
 12 -27.15083798882682
 46 -25.13966480446928
 623 -23.12849162011173
 138 -21.11731843575419
 50 -19.10614525139664
 8 -17.09497206703909
 45 -15.08379888268155
 155 -13.072625698324
 7 -11.06145251396646
 563 -9.050279329608941
 4 -7.039106145251395
 119 -5.02793296089385
 16 -3.016759776536304
 1 -1.005586592178759
 25 1.005586592178787
 123 3.016759776536333
 3 5.02793296089385
 526 7.039106145251395
 8 9.050279329608941
 130 11.06145251396649
 55 13.07262569832403
 6 15.08379888268158
 51 17.09497206703912
 96 19.10614525139667
 481 21.11731843575421
 58 23.12849162011173
 70 25.13966480446928
 90 27.15083798882682
 63 29.16201117318437
 226 31.17318435754191
 319 33.18435754189946
 232 35.195530726257
 157 37.20670391061452
 29 39.21787709497207
 276 41.22905027932961
 1 43.24022346368716
 128 45.2513966480447
 54 47.26256983240225
 202 49.27374301675979
 75 51.28491620111734
 179 53.29608938547489
 76 55.3072625698324
 134 57.31843575418995
 254 59.32960893854749
 55 61.34078212290504
 138 63.35195530726259
 55 65.36312849162013
 98 67.37430167597768
 36 69.38547486033519
 16 71.39664804469274
 56 73.40782122905028
 7 75.41899441340783
 7 77.43016759776538
 0 79.44134078212289
 1 81.45251396648047
 2 83.46368715083798
 3 85.47486033519556
 9 87.48603351955308
 7631 89.49720670391065
 4 91.50837988826817
 2 93.51955307262574
 2 95.53072625698326
 1 97.54189944134077
 2 99.55307262569835
 13 101.5642458100559
 22 103.5754189944134
 42 105.586592178771
 21 107.5977653631285
 109 109.608938547486
 130 111.6201117318436
 129 113.6312849162011
 1 115.6424581005587
 220 117.6536312849162
 134 119.6648044692737
 91 121.6759776536313
 169 123.6871508379888
 180 125.6983240223464
 93 127.7094972067039
 135 129.7206703910614
 173 131.731843575419
 0 133.7430167597765
 130 135.7541899441341
 170 137.7653631284916
 89 139.7765363128492
 122 141.7877094972067
 486 143.7988826815642
 125 145.8100558659218
 210 147.8212290502793
 40 149.8324022346369
 142 151.8435754189944
 53 153.854748603352
 486 155.8659217877095
 43 157.8770949720671
 134 159.8882681564246
 68 161.8994413407821
 49 163.9106145251397
 12 165.9217877094972
 131 167.9329608938548
 234 169.9441340782123
 312 171.9553072625699
 2 173.9664804469274
 158 175.9776536312849
 4 177.9888268156425
 0 180


