# Created by Octave 3.8.2, Sat Jun 20 13:07:37 2020 CEST <damian@fptrucha.inv.usc.es>
# name: hd
# type: matrix
# rows: 180
# columns: 2
 2 -180
 185 -177.9888268156425
 4 -175.9776536312849
 373 -173.9664804469274
 218 -171.9553072625698
 143 -169.9441340782123
 29 -167.9329608938548
 34 -165.9217877094972
 46 -163.9106145251397
 168 -161.8994413407821
 52 -159.8882681564246
 670 -157.877094972067
 57 -155.8659217877095
 123 -153.854748603352
 35 -151.8435754189944
 67 -149.8324022346369
 222 -147.8212290502793
 709 -145.8100558659218
 110 -143.7988826815642
 102 -141.7877094972067
 171 -139.7765363128491
 105 -137.7653631284916
 1 -135.7541899441341
 153 -133.7430167597765
 157 -131.731843575419
 77 -129.7206703910614
 170 -127.7094972067039
 204 -125.6983240223464
 100 -123.6871508379888
 187 -121.6759776536313
 180 -119.6648044692737
 7 -117.6536312849162
 97 -115.6424581005587
 110 -113.6312849162011
 145 -111.6201117318436
 15 -109.608938547486
 31 -107.5977653631285
 27 -105.5865921787709
 11 -103.5754189944134
 1 -101.5642458100559
 1 -99.55307262569832
 1 -97.54189944134077
 2 -95.53072625698323
 6 -93.5195530726257
 8645 -91.50837988826815
 17 -89.49720670391061
 3 -87.48603351955308
 1 -85.47486033519553
 1 -83.46368715083798
 6 -81.45251396648044
 7 -79.44134078212289
 1 -77.43016759776536
 49 -75.41899441340782
 23 -73.40782122905027
 61 -71.39664804469274
 120 -69.38547486033519
 96 -67.37430167597765
 106 -65.3631284916201
 38 -63.35195530726256
 306 -61.34078212290503
 160 -59.32960893854748
 250 -57.31843575418993
 106 -55.3072625698324
 65 -53.29608938547486
 247 -51.28491620111731
 59 -49.27374301675977
 108 -47.26256983240222
 2 -45.25139664804468
 287 -43.24022346368713
 5 -41.22905027932961
 193 -39.21787709497207
 322 -37.20670391061452
 472 -35.19553072625698
 118 -33.18435754189943
 53 -31.17318435754188
 169 -29.16201117318434
 7 -27.15083798882682
 43 -25.13966480446928
 715 -23.12849162011173
 159 -21.11731843575419
 48 -19.10614525139664
 7 -17.09497206703909
 43 -15.08379888268155
 190 -13.072625698324
 12 -11.06145251396646
 637 -9.050279329608941
 4 -7.039106145251395
 142 -5.02793296089385
 21 -3.016759776536304
 0 -1.005586592178759
 25 1.005586592178787
 131 3.016759776536333
 3 5.02793296089385
 582 7.039106145251395
 9 9.050279329608941
 143 11.06145251396649
 58 13.07262569832403
 7 15.08379888268158
 62 17.09497206703912
 115 19.10614525139667
 531 21.11731843575421
 61 23.12849162011173
 101 25.13966480446928
 113 27.15083798882682
 60 29.16201117318437
 260 31.17318435754191
 311 33.18435754189946
 283 35.195530726257
 184 37.20670391061452
 44 39.21787709497207
 287 41.22905027932961
 3 43.24022346368716
 142 45.2513966480447
 66 47.26256983240225
 263 49.27374301675979
 105 51.28491620111734
 186 53.29608938547489
 90 55.3072625698324
 136 57.31843575418995
 277 59.32960893854749
 81 61.34078212290504
 145 63.35195530726259
 91 65.36312849162013
 111 67.37430167597768
 45 69.38547486033519
 35 71.39664804469274
 49 73.40782122905028
 4 75.41899441340783
 8 77.43016759776538
 0 79.44134078212289
 1 81.45251396648047
 0 83.46368715083798
 1 85.47486033519556
 9 87.48603351955308
 8304 89.49720670391065
 7 91.50837988826817
 2 93.51955307262574
 2 95.53072625698326
 0 97.54189944134077
 2 99.55307262569835
 13 101.5642458100559
 22 103.5754189944134
 47 105.586592178771
 30 107.5977653631285
 123 109.608938547486
 138 111.6201117318436
 126 113.6312849162011
 2 115.6424581005587
 242 117.6536312849162
 162 119.6648044692737
 108 121.6759776536313
 185 123.6871508379888
 171 125.6983240223464
 73 127.7094972067039
 166 129.7206703910614
 176 131.731843575419
 1 133.7430167597765
 143 135.7541899441341
 163 137.7653631284916
 122 139.7765363128492
 161 141.7877094972067
 500 143.7988826815642
 126 145.8100558659218
 236 147.8212290502793
 35 149.8324022346369
 159 151.8435754189944
 71 153.854748603352
 476 155.8659217877095
 54 157.8770949720671
 151 159.8882681564246
 80 161.8994413407821
 51 163.9106145251397
 16 165.9217877094972
 131 167.9329608938548
 248 169.9441340782123
 348 171.9553072625699
 7 173.9664804469274
 169 175.9776536312849
 5 177.9888268156425
 0 180


