# Created by Octave 3.8.2, Mon Jun 22 17:34:28 2020 CEST <damian@fptrucha.inv.usc.es>
# name: hd
# type: matrix
# rows: 180
# columns: 2
 3 -180
 88 -177.9888268156425
 2 -175.9776536312849
 188 -173.9664804469274
 114 -171.9553072625698
 55 -169.9441340782123
 18 -167.9329608938548
 24 -165.9217877094972
 27 -163.9106145251397
 85 -161.8994413407821
 19 -159.8882681564246
 299 -157.877094972067
 31 -155.8659217877095
 50 -153.854748603352
 19 -151.8435754189944
 49 -149.8324022346369
 120 -147.8212290502793
 287 -145.8100558659218
 66 -143.7988826815642
 52 -141.7877094972067
 93 -139.7765363128491
 66 -137.7653631284916
 2 -135.7541899441341
 93 -133.7430167597765
 83 -131.731843575419
 38 -129.7206703910614
 91 -127.7094972067039
 102 -125.6983240223464
 43 -123.6871508379888
 97 -121.6759776536313
 94 -119.6648044692737
 2 -117.6536312849162
 62 -115.6424581005587
 56 -113.6312849162011
 62 -111.6201117318436
 11 -109.608938547486
 25 -107.5977653631285
 12 -105.5865921787709
 8 -103.5754189944134
 0 -101.5642458100559
 0 -99.55307262569832
 0 -97.54189944134077
 0 -95.53072625698323
 7 -93.5195530726257
 4109 -91.50837988826815
 9 -89.49720670391061
 4 -87.48603351955308
 1 -85.47486033519553
 0 -83.46368715083798
 2 -81.45251396648044
 4 -79.44134078212289
 2 -77.43016759776536
 27 -75.41899441340782
 21 -73.40782122905027
 30 -71.39664804469274
 51 -69.38547486033519
 45 -67.37430167597765
 61 -65.3631284916201
 30 -63.35195530726256
 141 -61.34078212290503
 63 -59.32960893854748
 106 -57.31843575418993
 38 -55.3072625698324
 46 -53.29608938547486
 137 -51.28491620111731
 32 -49.27374301675977
 50 -47.26256983240222
 2 -45.25139664804468
 143 -43.24022346368713
 0 -41.22905027932961
 98 -39.21787709497207
 137 -37.20670391061452
 206 -35.19553072625698
 63 -33.18435754189943
 25 -31.17318435754188
 70 -29.16201117318434
 4 -27.15083798882682
 30 -25.13966480446928
 288 -23.12849162011173
 69 -21.11731843575419
 29 -19.10614525139664
 7 -17.09497206703909
 25 -15.08379888268155
 82 -13.072625698324
 7 -11.06145251396646
 311 -9.050279329608941
 2 -7.039106145251395
 59 -5.02793296089385
 11 -3.016759776536304
 0 -1.005586592178759
 9 1.005586592178787
 65 3.016759776536333
 2 5.02793296089385
 248 7.039106145251395
 7 9.050279329608941
 65 11.06145251396649
 19 13.07262569832403
 7 15.08379888268158
 24 17.09497206703912
 70 19.10614525139667
 238 21.11731843575421
 25 23.12849162011173
 41 25.13966480446928
 48 27.15083798882682
 31 29.16201117318437
 102 31.17318435754191
 159 33.18435754189946
 109 35.195530726257
 63 37.20670391061452
 13 39.21787709497207
 158 41.22905027932961
 0 43.24022346368716
 66 45.2513966480447
 44 47.26256983240225
 125 49.27374301675979
 44 51.28491620111734
 97 53.29608938547489
 38 55.3072625698324
 79 57.31843575418995
 124 59.32960893854749
 31 61.34078212290504
 77 63.35195530726259
 43 65.36312849162013
 64 67.37430167597768
 22 69.38547486033519
 16 71.39664804469274
 33 73.40782122905028
 6 75.41899441340783
 3 77.43016759776538
 1 79.44134078212289
 1 81.45251396648047
 2 83.46368715083798
 4 85.47486033519556
 6 87.48603351955308
 3941 89.49720670391065
 3 91.50837988826817
 3 93.51955307262574
 0 95.53072625698326
 0 97.54189944134077
 3 99.55307262569835
 12 101.5642458100559
 7 103.5754189944134
 23 105.586592178771
 12 107.5977653631285
 52 109.608938547486
 50 111.6201117318436
 61 113.6312849162011
 1 115.6424581005587
 124 117.6536312849162
 70 119.6648044692737
 51 121.6759776536313
 90 123.6871508379888
 82 125.6983240223464
 32 127.7094972067039
 77 129.7206703910614
 104 131.731843575419
 0 133.7430167597765
 56 135.7541899441341
 95 137.7653631284916
 51 139.7765363128492
 67 141.7877094972067
 239 143.7988826815642
 51 145.8100558659218
 87 147.8212290502793
 29 149.8324022346369
 72 151.8435754189944
 42 153.854748603352
 259 155.8659217877095
 33 157.8770949720671
 73 159.8882681564246
 32 161.8994413407821
 26 163.9106145251397
 6 165.9217877094972
 79 167.9329608938548
 117 169.9441340782123
 201 171.9553072625699
 2 173.9664804469274
 82 175.9776536312849
 1 177.9888268156425
 0 180


