# Created by Octave 3.8.2, Sat Jun 20 19:53:48 2020 CEST <damian@fptrucha.inv.usc.es>
# name: hd
# type: matrix
# rows: 180
# columns: 2
 2 -180
 135 -177.9888268156425
 5 -175.9776536312849
 346 -173.9664804469274
 215 -171.9553072625698
 133 -169.9441340782123
 28 -167.9329608938548
 44 -165.9217877094972
 58 -163.9106145251397
 164 -161.8994413407821
 32 -159.8882681564246
 555 -157.877094972067
 68 -155.8659217877095
 105 -153.854748603352
 44 -151.8435754189944
 70 -149.8324022346369
 173 -147.8212290502793
 572 -145.8100558659218
 115 -143.7988826815642
 91 -141.7877094972067
 156 -139.7765363128491
 117 -137.7653631284916
 2 -135.7541899441341
 159 -133.7430167597765
 168 -131.731843575419
 85 -129.7206703910614
 162 -127.7094972067039
 231 -125.6983240223464
 97 -123.6871508379888
 172 -121.6759776536313
 167 -119.6648044692737
 6 -117.6536312849162
 115 -115.6424581005587
 94 -113.6312849162011
 118 -111.6201117318436
 16 -109.608938547486
 39 -107.5977653631285
 27 -105.5865921787709
 12 -103.5754189944134
 3 -101.5642458100559
 0 -99.55307262569832
 0 -97.54189944134077
 1 -95.53072625698323
 4 -93.5195530726257
 8128 -91.50837988826815
 9 -89.49720670391061
 4 -87.48603351955308
 1 -85.47486033519553
 1 -83.46368715083798
 4 -81.45251396648044
 6 -79.44134078212289
 6 -77.43016759776536
 34 -75.41899441340782
 24 -73.40782122905027
 50 -71.39664804469274
 102 -69.38547486033519
 63 -67.37430167597765
 96 -65.3631284916201
 47 -63.35195530726256
 265 -61.34078212290503
 145 -59.32960893854748
 209 -57.31843575418993
 90 -55.3072625698324
 76 -53.29608938547486
 243 -51.28491620111731
 50 -49.27374301675977
 106 -47.26256983240222
 2 -45.25139664804468
 302 -43.24022346368713
 2 -41.22905027932961
 163 -39.21787709497207
 329 -37.20670391061452
 436 -35.19553072625698
 102 -33.18435754189943
 60 -31.17318435754188
 160 -29.16201117318434
 8 -27.15083798882682
 44 -25.13966480446928
 639 -23.12849162011173
 147 -21.11731843575419
 49 -19.10614525139664
 10 -17.09497206703909
 37 -15.08379888268155
 163 -13.072625698324
 9 -11.06145251396646
 552 -9.050279329608941
 3 -7.039106145251395
 121 -5.02793296089385
 25 -3.016759776536304
 3 -1.005586592178759
 19 1.005586592178787
 143 3.016759776536333
 2 5.02793296089385
 545 7.039106145251395
 8 9.050279329608941
 117 11.06145251396649
 48 13.07262569832403
 12 15.08379888268158
 52 17.09497206703912
 107 19.10614525139667
 478 21.11731843575421
 44 23.12849162011173
 90 25.13966480446928
 79 27.15083798882682
 64 29.16201117318437
 220 31.17318435754191
 304 33.18435754189946
 218 35.195530726257
 153 37.20670391061452
 31 39.21787709497207
 267 41.22905027932961
 1 43.24022346368716
 118 45.2513966480447
 62 47.26256983240225
 215 49.27374301675979
 89 51.28491620111734
 211 53.29608938547489
 77 55.3072625698324
 125 57.31843575418995
 261 59.32960893854749
 65 61.34078212290504
 121 63.35195530726259
 75 65.36312849162013
 113 67.37430167597768
 35 69.38547486033519
 30 71.39664804469274
 41 73.40782122905028
 6 75.41899441340783
 4 77.43016759776538
 0 79.44134078212289
 0 81.45251396648047
 0 83.46368715083798
 2 85.47486033519556
 12 87.48603351955308
 7771 89.49720670391065
 7 91.50837988826817
 4 93.51955307262574
 1 95.53072625698326
 1 97.54189944134077
 3 99.55307262569835
 16 101.5642458100559
 24 103.5754189944134
 39 105.586592178771
 25 107.5977653631285
 86 109.608938547486
 114 111.6201117318436
 125 113.6312849162011
 0 115.6424581005587
 208 117.6536312849162
 166 119.6648044692737
 81 121.6759776536313
 183 123.6871508379888
 158 125.6983240223464
 85 127.7094972067039
 155 129.7206703910614
 172 131.731843575419
 5 133.7430167597765
 106 135.7541899441341
 173 137.7653631284916
 104 139.7765363128492
 127 141.7877094972067
 449 143.7988826815642
 141 145.8100558659218
 203 147.8212290502793
 35 149.8324022346369
 155 151.8435754189944
 66 153.854748603352
 469 155.8659217877095
 55 157.8770949720671
 123 159.8882681564246
 68 161.8994413407821
 51 163.9106145251397
 15 165.9217877094972
 144 167.9329608938548
 232 169.9441340782123
 360 171.9553072625699
 6 173.9664804469274
 159 175.9776536312849
 1 177.9888268156425
 0 180


