# Created by Octave 3.8.2, Mon Jun 22 01:42:27 2020 CEST <damian@fptrucha.inv.usc.es>
# name: hd
# type: matrix
# rows: 180
# columns: 2
 3 -180
 165 -177.9888268156425
 4 -175.9776536312849
 372 -173.9664804469274
 240 -171.9553072625698
 137 -169.9441340782123
 33 -167.9329608938548
 36 -165.9217877094972
 46 -163.9106145251397
 158 -161.8994413407821
 34 -159.8882681564246
 613 -157.877094972067
 56 -155.8659217877095
 139 -153.854748603352
 38 -151.8435754189944
 69 -149.8324022346369
 254 -147.8212290502793
 642 -145.8100558659218
 123 -143.7988826815642
 92 -141.7877094972067
 187 -139.7765363128491
 114 -137.7653631284916
 1 -135.7541899441341
 171 -133.7430167597765
 138 -131.731843575419
 85 -129.7206703910614
 155 -127.7094972067039
 237 -125.6983240223464
 112 -123.6871508379888
 194 -121.6759776536313
 180 -119.6648044692737
 2 -117.6536312849162
 89 -115.6424581005587
 129 -113.6312849162011
 156 -111.6201117318436
 24 -109.608938547486
 46 -107.5977653631285
 20 -105.5865921787709
 12 -103.5754189944134
 2 -101.5642458100559
 0 -99.55307262569832
 0 -97.54189944134077
 1 -95.53072625698323
 3 -93.5195530726257
 8150 -91.50837988826815
 13 -89.49720670391061
 5 -87.48603351955308
 0 -85.47486033519553
 0 -83.46368715083798
 1 -81.45251396648044
 9 -79.44134078212289
 10 -77.43016759776536
 58 -75.41899441340782
 31 -73.40782122905027
 67 -71.39664804469274
 109 -69.38547486033519
 80 -67.37430167597765
 93 -65.3631284916201
 48 -63.35195530726256
 300 -61.34078212290503
 161 -59.32960893854748
 223 -57.31843575418993
 92 -55.3072625698324
 90 -53.29608938547486
 245 -51.28491620111731
 67 -49.27374301675977
 120 -47.26256983240222
 0 -45.25139664804468
 274 -43.24022346368713
 5 -41.22905027932961
 184 -39.21787709497207
 310 -37.20670391061452
 488 -35.19553072625698
 106 -33.18435754189943
 62 -31.17318435754188
 158 -29.16201117318434
 6 -27.15083798882682
 55 -25.13966480446928
 623 -23.12849162011173
 143 -21.11731843575419
 66 -19.10614525139664
 22 -17.09497206703909
 29 -15.08379888268155
 167 -13.072625698324
 10 -11.06145251396646
 613 -9.050279329608941
 3 -7.039106145251395
 139 -5.02793296089385
 28 -3.016759776536304
 4 -1.005586592178759
 28 1.005586592178787
 133 3.016759776536333
 4 5.02793296089385
 562 7.039106145251395
 10 9.050279329608941
 158 11.06145251396649
 62 13.07262569832403
 15 15.08379888268158
 59 17.09497206703912
 100 19.10614525139667
 541 21.11731843575421
 59 23.12849162011173
 94 25.13966480446928
 100 27.15083798882682
 54 29.16201117318437
 250 31.17318435754191
 320 33.18435754189946
 237 35.195530726257
 186 37.20670391061452
 42 39.21787709497207
 302 41.22905027932961
 0 43.24022346368716
 125 45.2513966480447
 68 47.26256983240225
 210 49.27374301675979
 91 51.28491620111734
 206 53.29608938547489
 102 55.3072625698324
 152 57.31843575418995
 270 59.32960893854749
 65 61.34078212290504
 130 63.35195530726259
 75 65.36312849162013
 105 67.37430167597768
 50 69.38547486033519
 25 71.39664804469274
 59 73.40782122905028
 5 75.41899441340783
 7 77.43016759776538
 2 79.44134078212289
 0 81.45251396648047
 2 83.46368715083798
 1 85.47486033519556
 12 87.48603351955308
 7825 89.49720670391065
 5 91.50837988826817
 2 93.51955307262574
 0 95.53072625698326
 0 97.54189944134077
 3 99.55307262569835
 14 101.5642458100559
 7 103.5754189944134
 43 105.586592178771
 23 107.5977653631285
 119 109.608938547486
 113 111.6201117318436
 126 113.6312849162011
 1 115.6424581005587
 197 117.6536312849162
 157 119.6648044692737
 79 121.6759776536313
 185 123.6871508379888
 157 125.6983240223464
 87 127.7094972067039
 153 129.7206703910614
 163 131.731843575419
 1 133.7430167597765
 119 135.7541899441341
 178 137.7653631284916
 105 139.7765363128492
 153 141.7877094972067
 494 143.7988826815642
 127 145.8100558659218
 216 147.8212290502793
 46 149.8324022346369
 178 151.8435754189944
 71 153.854748603352
 438 155.8659217877095
 56 157.8770949720671
 127 159.8882681564246
 79 161.8994413407821
 54 163.9106145251397
 20 165.9217877094972
 119 167.9329608938548
 233 169.9441340782123
 354 171.9553072625699
 1 173.9664804469274
 143 175.9776536312849
 1 177.9888268156425
 0 180


