# Created by Octave 3.8.2, Sun Jun 21 02:09:44 2020 CEST <damian@fptrucha.inv.usc.es>
# name: hd
# type: matrix
# rows: 180
# columns: 2
 2 -180
 156 -177.9888268156425
 4 -175.9776536312849
 364 -173.9664804469274
 192 -171.9553072625698
 146 -169.9441340782123
 32 -167.9329608938548
 29 -165.9217877094972
 57 -163.9106145251397
 150 -161.8994413407821
 30 -159.8882681564246
 600 -157.877094972067
 65 -155.8659217877095
 121 -153.854748603352
 27 -151.8435754189944
 62 -149.8324022346369
 217 -147.8212290502793
 601 -145.8100558659218
 132 -143.7988826815642
 80 -141.7877094972067
 166 -139.7765363128491
 98 -137.7653631284916
 0 -135.7541899441341
 162 -133.7430167597765
 160 -131.731843575419
 84 -129.7206703910614
 175 -127.7094972067039
 201 -125.6983240223464
 95 -123.6871508379888
 176 -121.6759776536313
 174 -119.6648044692737
 3 -117.6536312849162
 99 -115.6424581005587
 120 -113.6312849162011
 112 -111.6201117318436
 16 -109.608938547486
 30 -107.5977653631285
 22 -105.5865921787709
 3 -103.5754189944134
 7 -101.5642458100559
 1 -99.55307262569832
 0 -97.54189944134077
 3 -95.53072625698323
 8 -93.5195530726257
 7965 -91.50837988826815
 10 -89.49720670391061
 2 -87.48603351955308
 0 -85.47486033519553
 2 -83.46368715083798
 2 -81.45251396648044
 9 -79.44134078212289
 1 -77.43016759776536
 37 -75.41899441340782
 17 -73.40782122905027
 56 -71.39664804469274
 120 -69.38547486033519
 61 -67.37430167597765
 84 -65.3631284916201
 51 -63.35195530726256
 284 -61.34078212290503
 134 -59.32960893854748
 206 -57.31843575418993
 103 -55.3072625698324
 79 -53.29608938547486
 222 -51.28491620111731
 63 -49.27374301675977
 116 -47.26256983240222
 3 -45.25139664804468
 279 -43.24022346368713
 2 -41.22905027932961
 149 -39.21787709497207
 294 -37.20670391061452
 443 -35.19553072625698
 96 -33.18435754189943
 57 -31.17318435754188
 156 -29.16201117318434
 9 -27.15083798882682
 59 -25.13966480446928
 645 -23.12849162011173
 156 -21.11731843575419
 51 -19.10614525139664
 10 -17.09497206703909
 48 -15.08379888268155
 150 -13.072625698324
 6 -11.06145251396646
 529 -9.050279329608941
 1 -7.039106145251395
 124 -5.02793296089385
 21 -3.016759776536304
 0 -1.005586592178759
 17 1.005586592178787
 133 3.016759776536333
 3 5.02793296089385
 547 7.039106145251395
 8 9.050279329608941
 168 11.06145251396649
 44 13.07262569832403
 8 15.08379888268158
 53 17.09497206703912
 125 19.10614525139667
 499 21.11731843575421
 61 23.12849162011173
 82 25.13966480446928
 99 27.15083798882682
 42 29.16201117318437
 199 31.17318435754191
 302 33.18435754189946
 230 35.195530726257
 164 37.20670391061452
 24 39.21787709497207
 264 41.22905027932961
 0 43.24022346368716
 120 45.2513966480447
 46 47.26256983240225
 219 49.27374301675979
 60 51.28491620111734
 180 53.29608938547489
 86 55.3072625698324
 131 57.31843575418995
 265 59.32960893854749
 63 61.34078212290504
 109 63.35195530726259
 72 65.36312849162013
 107 67.37430167597768
 52 69.38547486033519
 23 71.39664804469274
 36 73.40782122905028
 5 75.41899441340783
 8 77.43016759776538
 1 79.44134078212289
 0 81.45251396648047
 0 83.46368715083798
 2 85.47486033519556
 10 87.48603351955308
 7466 89.49720670391065
 9 91.50837988826817
 0 93.51955307262574
 1 95.53072625698326
 3 97.54189944134077
 3 99.55307262569835
 11 101.5642458100559
 23 103.5754189944134
 26 105.586592178771
 22 107.5977653631285
 93 109.608938547486
 128 111.6201117318436
 104 113.6312849162011
 3 115.6424581005587
 199 117.6536312849162
 155 119.6648044692737
 102 121.6759776536313
 185 123.6871508379888
 161 125.6983240223464
 84 127.7094972067039
 145 129.7206703910614
 158 131.731843575419
 0 133.7430167597765
 117 135.7541899441341
 141 137.7653631284916
 105 139.7765363128492
 123 141.7877094972067
 445 143.7988826815642
 133 145.8100558659218
 172 147.8212290502793
 37 149.8324022346369
 155 151.8435754189944
 44 153.854748603352
 405 155.8659217877095
 39 157.8770949720671
 107 159.8882681564246
 74 161.8994413407821
 42 163.9106145251397
 18 165.9217877094972
 116 167.9329608938548
 208 169.9441340782123
 328 171.9553072625699
 3 173.9664804469274
 141 175.9776536312849
 0 177.9888268156425
 0 180


