# Created by Octave 3.8.2, Sat Jun 20 14:01:53 2020 CEST <damian@fptrucha.inv.usc.es>
# name: hd
# type: matrix
# rows: 180
# columns: 2
 6 -180
 179 -177.9888268156425
 1 -175.9776536312849
 394 -173.9664804469274
 261 -171.9553072625698
 158 -169.9441340782123
 22 -167.9329608938548
 44 -165.9217877094972
 58 -163.9106145251397
 164 -161.8994413407821
 38 -159.8882681564246
 667 -157.877094972067
 71 -155.8659217877095
 128 -153.854748603352
 39 -151.8435754189944
 74 -149.8324022346369
 201 -147.8212290502793
 668 -145.8100558659218
 134 -143.7988826815642
 95 -141.7877094972067
 168 -139.7765363128491
 107 -137.7653631284916
 0 -135.7541899441341
 147 -133.7430167597765
 159 -131.731843575419
 83 -129.7206703910614
 172 -127.7094972067039
 234 -125.6983240223464
 115 -123.6871508379888
 193 -121.6759776536313
 187 -119.6648044692737
 2 -117.6536312849162
 99 -115.6424581005587
 119 -113.6312849162011
 130 -111.6201117318436
 16 -109.608938547486
 37 -107.5977653631285
 21 -105.5865921787709
 18 -103.5754189944134
 1 -101.5642458100559
 1 -99.55307262569832
 2 -97.54189944134077
 1 -95.53072625698323
 5 -93.5195530726257
 8570 -91.50837988826815
 8 -89.49720670391061
 3 -87.48603351955308
 1 -85.47486033519553
 0 -83.46368715083798
 3 -81.45251396648044
 5 -79.44134078212289
 11 -77.43016759776536
 51 -75.41899441340782
 24 -73.40782122905027
 55 -71.39664804469274
 133 -69.38547486033519
 96 -67.37430167597765
 104 -65.3631284916201
 58 -63.35195530726256
 304 -61.34078212290503
 152 -59.32960893854748
 246 -57.31843575418993
 103 -55.3072625698324
 76 -53.29608938547486
 250 -51.28491620111731
 51 -49.27374301675977
 110 -47.26256983240222
 3 -45.25139664804468
 280 -43.24022346368713
 2 -41.22905027932961
 160 -39.21787709497207
 331 -37.20670391061452
 457 -35.19553072625698
 119 -33.18435754189943
 60 -31.17318435754188
 164 -29.16201117318434
 8 -27.15083798882682
 53 -25.13966480446928
 666 -23.12849162011173
 140 -21.11731843575419
 49 -19.10614525139664
 8 -17.09497206703909
 47 -15.08379888268155
 167 -13.072625698324
 5 -11.06145251396646
 601 -9.050279329608941
 0 -7.039106145251395
 155 -5.02793296089385
 12 -3.016759776536304
 1 -1.005586592178759
 24 1.005586592178787
 132 3.016759776536333
 4 5.02793296089385
 604 7.039106145251395
 11 9.050279329608941
 149 11.06145251396649
 45 13.07262569832403
 10 15.08379888268158
 64 17.09497206703912
 144 19.10614525139667
 552 21.11731843575421
 62 23.12849162011173
 105 25.13966480446928
 122 27.15083798882682
 56 29.16201117318437
 242 31.17318435754191
 345 33.18435754189946
 228 35.195530726257
 172 37.20670391061452
 38 39.21787709497207
 273 41.22905027932961
 2 43.24022346368716
 134 45.2513966480447
 57 47.26256983240225
 235 49.27374301675979
 90 51.28491620111734
 229 53.29608938547489
 92 55.3072625698324
 131 57.31843575418995
 276 59.32960893854749
 68 61.34078212290504
 151 63.35195530726259
 74 65.36312849162013
 128 67.37430167597768
 53 69.38547486033519
 29 71.39664804469274
 54 73.40782122905028
 13 75.41899441340783
 7 77.43016759776538
 2 79.44134078212289
 2 81.45251396648047
 2 83.46368715083798
 10 85.47486033519556
 8 87.48603351955308
 8124 89.49720670391065
 8 91.50837988826817
 2 93.51955307262574
 1 95.53072625698326
 0 97.54189944134077
 1 99.55307262569835
 16 101.5642458100559
 17 103.5754189944134
 47 105.586592178771
 22 107.5977653631285
 125 109.608938547486
 128 111.6201117318436
 131 113.6312849162011
 4 115.6424581005587
 222 117.6536312849162
 182 119.6648044692737
 86 121.6759776536313
 201 123.6871508379888
 188 125.6983240223464
 120 127.7094972067039
 183 129.7206703910614
 189 131.731843575419
 3 133.7430167597765
 126 135.7541899441341
 155 137.7653631284916
 108 139.7765363128492
 168 141.7877094972067
 499 143.7988826815642
 139 145.8100558659218
 221 147.8212290502793
 46 149.8324022346369
 158 151.8435754189944
 69 153.854748603352
 509 155.8659217877095
 44 157.8770949720671
 126 159.8882681564246
 58 161.8994413407821
 54 163.9106145251397
 21 165.9217877094972
 130 167.9329608938548
 226 169.9441340782123
 379 171.9553072625699
 1 173.9664804469274
 159 175.9776536312849
 4 177.9888268156425
 0 180


