# Created by Octave 3.8.2, Mon Jun 22 06:05:55 2020 CEST <damian@fptrucha.inv.usc.es>
# name: hd
# type: matrix
# rows: 180
# columns: 2
 2 -180
 164 -177.9888268156425
 6 -175.9776536312849
 368 -173.9664804469274
 223 -171.9553072625698
 107 -169.9441340782123
 22 -167.9329608938548
 63 -165.9217877094972
 72 -163.9106145251397
 163 -161.8994413407821
 40 -159.8882681564246
 499 -157.877094972067
 80 -155.8659217877095
 106 -153.854748603352
 41 -151.8435754189944
 69 -149.8324022346369
 209 -147.8212290502793
 527 -145.8100558659218
 130 -143.7988826815642
 90 -141.7877094972067
 192 -139.7765363128491
 116 -137.7653631284916
 6 -135.7541899441341
 165 -133.7430167597765
 148 -131.731843575419
 73 -129.7206703910614
 150 -127.7094972067039
 197 -125.6983240223464
 99 -123.6871508379888
 147 -121.6759776536313
 201 -119.6648044692737
 3 -117.6536312849162
 103 -115.6424581005587
 134 -113.6312849162011
 123 -111.6201117318436
 26 -109.608938547486
 27 -107.5977653631285
 27 -105.5865921787709
 10 -103.5754189944134
 4 -101.5642458100559
 1 -99.55307262569832
 0 -97.54189944134077
 6 -95.53072625698323
 18 -93.5195530726257
 7655 -91.50837988826815
 14 -89.49720670391061
 3 -87.48603351955308
 0 -85.47486033519553
 0 -83.46368715083798
 3 -81.45251396648044
 8 -79.44134078212289
 7 -77.43016759776536
 50 -75.41899441340782
 26 -73.40782122905027
 36 -71.39664804469274
 103 -69.38547486033519
 61 -67.37430167597765
 108 -65.3631284916201
 67 -63.35195530726256
 212 -61.34078212290503
 125 -59.32960893854748
 178 -57.31843575418993
 96 -55.3072625698324
 87 -53.29608938547486
 228 -51.28491620111731
 54 -49.27374301675977
 110 -47.26256983240222
 1 -45.25139664804468
 257 -43.24022346368713
 4 -41.22905027932961
 161 -39.21787709497207
 273 -37.20670391061452
 409 -35.19553072625698
 122 -33.18435754189943
 57 -31.17318435754188
 154 -29.16201117318434
 8 -27.15083798882682
 64 -25.13966480446928
 487 -23.12849162011173
 114 -21.11731843575419
 53 -19.10614525139664
 12 -17.09497206703909
 43 -15.08379888268155
 143 -13.072625698324
 5 -11.06145251396646
 539 -9.050279329608941
 7 -7.039106145251395
 119 -5.02793296089385
 19 -3.016759776536304
 3 -1.005586592178759
 22 1.005586592178787
 128 3.016759776536333
 3 5.02793296089385
 516 7.039106145251395
 6 9.050279329608941
 136 11.06145251396649
 29 13.07262569832403
 10 15.08379888268158
 56 17.09497206703912
 127 19.10614525139667
 527 21.11731843575421
 69 23.12849162011173
 88 25.13966480446928
 130 27.15083798882682
 62 29.16201117318437
 185 31.17318435754191
 318 33.18435754189946
 217 35.195530726257
 155 37.20670391061452
 32 39.21787709497207
 285 41.22905027932961
 2 43.24022346368716
 109 45.2513966480447
 81 47.26256983240225
 234 49.27374301675979
 85 51.28491620111734
 205 53.29608938547489
 81 55.3072625698324
 162 57.31843575418995
 259 59.32960893854749
 61 61.34078212290504
 113 63.35195530726259
 78 65.36312849162013
 105 67.37430167597768
 60 69.38547486033519
 35 71.39664804469274
 53 73.40782122905028
 11 75.41899441340783
 3 77.43016759776538
 3 79.44134078212289
 2 81.45251396648047
 0 83.46368715083798
 9 85.47486033519556
 22 87.48603351955308
 7230 89.49720670391065
 10 91.50837988826817
 5 93.51955307262574
 1 95.53072625698326
 2 97.54189944134077
 4 99.55307262569835
 14 101.5642458100559
 27 103.5754189944134
 39 105.586592178771
 21 107.5977653631285
 114 109.608938547486
 122 111.6201117318436
 127 113.6312849162011
 3 115.6424581005587
 203 117.6536312849162
 183 119.6648044692737
 103 121.6759776536313
 164 123.6871508379888
 177 125.6983240223464
 77 127.7094972067039
 182 129.7206703910614
 158 131.731843575419
 1 133.7430167597765
 111 135.7541899441341
 167 137.7653631284916
 86 139.7765363128492
 100 141.7877094972067
 441 143.7988826815642
 105 145.8100558659218
 172 147.8212290502793
 41 149.8324022346369
 122 151.8435754189944
 60 153.854748603352
 470 155.8659217877095
 43 157.8770949720671
 121 159.8882681564246
 66 161.8994413407821
 54 163.9106145251397
 24 165.9217877094972
 134 167.9329608938548
 215 169.9441340782123
 284 171.9553072625699
 5 173.9664804469274
 166 175.9776536312849
 4 177.9888268156425
 0 180


