# Created by Octave 3.8.2, Tue Jun 23 00:02:12 2020 CEST <damian@fptrucha.inv.usc.es>
# name: hd
# type: matrix
# rows: 180
# columns: 2
 5 -180
 176 -177.9888268156425
 7 -175.9776536312849
 378 -173.9664804469274
 256 -171.9553072625698
 169 -169.9441340782123
 28 -167.9329608938548
 38 -165.9217877094972
 69 -163.9106145251397
 156 -161.8994413407821
 46 -159.8882681564246
 659 -157.877094972067
 64 -155.8659217877095
 167 -153.854748603352
 52 -151.8435754189944
 90 -149.8324022346369
 235 -147.8212290502793
 652 -145.8100558659218
 151 -143.7988826815642
 104 -141.7877094972067
 190 -139.7765363128491
 130 -137.7653631284916
 1 -135.7541899441341
 191 -133.7430167597765
 187 -131.731843575419
 93 -129.7206703910614
 214 -127.7094972067039
 226 -125.6983240223464
 139 -123.6871508379888
 207 -121.6759776536313
 209 -119.6648044692737
 9 -117.6536312849162
 140 -115.6424581005587
 127 -113.6312849162011
 149 -111.6201117318436
 22 -109.608938547486
 46 -107.5977653631285
 33 -105.5865921787709
 12 -103.5754189944134
 3 -101.5642458100559
 1 -99.55307262569832
 0 -97.54189944134077
 4 -95.53072625698323
 11 -93.5195530726257
 8739 -91.50837988826815
 12 -89.49720670391061
 7 -87.48603351955308
 0 -85.47486033519553
 0 -83.46368715083798
 5 -81.45251396648044
 5 -79.44134078212289
 4 -77.43016759776536
 53 -75.41899441340782
 36 -73.40782122905027
 50 -71.39664804469274
 126 -69.38547486033519
 80 -67.37430167597765
 120 -65.3631284916201
 61 -63.35195530726256
 299 -61.34078212290503
 167 -59.32960893854748
 251 -57.31843575418993
 108 -55.3072625698324
 87 -53.29608938547486
 248 -51.28491620111731
 57 -49.27374301675977
 119 -47.26256983240222
 1 -45.25139664804468
 289 -43.24022346368713
 2 -41.22905027932961
 207 -39.21787709497207
 294 -37.20670391061452
 497 -35.19553072625698
 124 -33.18435754189943
 76 -31.17318435754188
 185 -29.16201117318434
 5 -27.15083798882682
 74 -25.13966480446928
 620 -23.12849162011173
 120 -21.11731843575419
 60 -19.10614525139664
 16 -17.09497206703909
 49 -15.08379888268155
 173 -13.072625698324
 12 -11.06145251396646
 556 -9.050279329608941
 3 -7.039106145251395
 132 -5.02793296089385
 24 -3.016759776536304
 4 -1.005586592178759
 20 1.005586592178787
 141 3.016759776536333
 5 5.02793296089385
 563 7.039106145251395
 13 9.050279329608941
 131 11.06145251396649
 49 13.07262569832403
 17 15.08379888268158
 58 17.09497206703912
 142 19.10614525139667
 563 21.11731843575421
 52 23.12849162011173
 91 25.13966480446928
 95 27.15083798882682
 59 29.16201117318437
 223 31.17318435754191
 365 33.18435754189946
 258 35.195530726257
 163 37.20670391061452
 44 39.21787709497207
 297 41.22905027932961
 4 43.24022346368716
 114 45.2513966480447
 58 47.26256983240225
 216 49.27374301675979
 80 51.28491620111734
 210 53.29608938547489
 77 55.3072625698324
 168 57.31843575418995
 277 59.32960893854749
 56 61.34078212290504
 122 63.35195530726259
 99 65.36312849162013
 111 67.37430167597768
 50 69.38547486033519
 26 71.39664804469274
 45 73.40782122905028
 7 75.41899441340783
 9 77.43016759776538
 3 79.44134078212289
 0 81.45251396648047
 2 83.46368715083798
 5 85.47486033519556
 10 87.48603351955308
 7817 89.49720670391065
 6 91.50837988826817
 4 93.51955307262574
 1 95.53072625698326
 2 97.54189944134077
 5 99.55307262569835
 13 101.5642458100559
 19 103.5754189944134
 36 105.586592178771
 16 107.5977653631285
 108 109.608938547486
 121 111.6201117318436
 137 113.6312849162011
 5 115.6424581005587
 202 117.6536312849162
 195 119.6648044692737
 99 121.6759776536313
 183 123.6871508379888
 163 125.6983240223464
 80 127.7094972067039
 160 129.7206703910614
 208 131.731843575419
 2 133.7430167597765
 108 135.7541899441341
 197 137.7653631284916
 98 139.7765363128492
 135 141.7877094972067
 570 143.7988826815642
 116 145.8100558659218
 205 147.8212290502793
 60 149.8324022346369
 125 151.8435754189944
 64 153.854748603352
 560 155.8659217877095
 43 157.8770949720671
 152 159.8882681564246
 82 161.8994413407821
 38 163.9106145251397
 19 165.9217877094972
 136 167.9329608938548
 238 169.9441340782123
 342 171.9553072625699
 2 173.9664804469274
 169 175.9776536312849
 6 177.9888268156425
 0 180


