# Created by Octave 3.8.2, Sat Jun 20 14:58:45 2020 CEST <damian@fptrucha.inv.usc.es>
# name: hd
# type: matrix
# rows: 180
# columns: 2
 4 -180
 183 -177.9888268156425
 4 -175.9776536312849
 409 -173.9664804469274
 255 -171.9553072625698
 167 -169.9441340782123
 31 -167.9329608938548
 46 -165.9217877094972
 50 -163.9106145251397
 180 -161.8994413407821
 37 -159.8882681564246
 646 -157.877094972067
 58 -155.8659217877095
 118 -153.854748603352
 49 -151.8435754189944
 71 -149.8324022346369
 200 -147.8212290502793
 652 -145.8100558659218
 129 -143.7988826815642
 85 -141.7877094972067
 167 -139.7765363128491
 113 -137.7653631284916
 1 -135.7541899441341
 166 -133.7430167597765
 167 -131.731843575419
 83 -129.7206703910614
 178 -127.7094972067039
 223 -125.6983240223464
 101 -123.6871508379888
 186 -121.6759776536313
 197 -119.6648044692737
 4 -117.6536312849162
 102 -115.6424581005587
 107 -113.6312849162011
 121 -111.6201117318436
 17 -109.608938547486
 40 -107.5977653631285
 12 -105.5865921787709
 10 -103.5754189944134
 3 -101.5642458100559
 0 -99.55307262569832
 0 -97.54189944134077
 3 -95.53072625698323
 4 -93.5195530726257
 8502 -91.50837988826815
 4 -89.49720670391061
 1 -87.48603351955308
 1 -85.47486033519553
 0 -83.46368715083798
 2 -81.45251396648044
 5 -79.44134078212289
 2 -77.43016759776536
 50 -75.41899441340782
 25 -73.40782122905027
 49 -71.39664804469274
 116 -69.38547486033519
 71 -67.37430167597765
 102 -65.3631284916201
 42 -63.35195530726256
 284 -61.34078212290503
 154 -59.32960893854748
 243 -57.31843575418993
 96 -55.3072625698324
 75 -53.29608938547486
 231 -51.28491620111731
 44 -49.27374301675977
 91 -47.26256983240222
 0 -45.25139664804468
 278 -43.24022346368713
 1 -41.22905027932961
 158 -39.21787709497207
 331 -37.20670391061452
 509 -35.19553072625698
 111 -33.18435754189943
 56 -31.17318435754188
 156 -29.16201117318434
 14 -27.15083798882682
 57 -25.13966480446928
 654 -23.12849162011173
 152 -21.11731843575419
 50 -19.10614525139664
 7 -17.09497206703909
 50 -15.08379888268155
 150 -13.072625698324
 5 -11.06145251396646
 574 -9.050279329608941
 5 -7.039106145251395
 133 -5.02793296089385
 20 -3.016759776536304
 1 -1.005586592178759
 18 1.005586592178787
 123 3.016759776536333
 0 5.02793296089385
 588 7.039106145251395
 5 9.050279329608941
 133 11.06145251396649
 49 13.07262569832403
 13 15.08379888268158
 50 17.09497206703912
 104 19.10614525139667
 514 21.11731843575421
 50 23.12849162011173
 105 25.13966480446928
 105 27.15083798882682
 60 29.16201117318437
 214 31.17318435754191
 334 33.18435754189946
 259 35.195530726257
 169 37.20670391061452
 30 39.21787709497207
 319 41.22905027932961
 2 43.24022346368716
 130 45.2513966480447
 66 47.26256983240225
 222 49.27374301675979
 81 51.28491620111734
 193 53.29608938547489
 80 55.3072625698324
 163 57.31843575418995
 265 59.32960893854749
 51 61.34078212290504
 118 63.35195530726259
 74 65.36312849162013
 105 67.37430167597768
 52 69.38547486033519
 31 71.39664804469274
 40 73.40782122905028
 9 75.41899441340783
 6 77.43016759776538
 3 79.44134078212289
 1 81.45251396648047
 0 83.46368715083798
 5 85.47486033519556
 12 87.48603351955308
 7996 89.49720670391065
 6 91.50837988826817
 0 93.51955307262574
 2 95.53072625698326
 1 97.54189944134077
 5 99.55307262569835
 17 101.5642458100559
 25 103.5754189944134
 48 105.586592178771
 14 107.5977653631285
 119 109.608938547486
 130 111.6201117318436
 136 113.6312849162011
 3 115.6424581005587
 222 117.6536312849162
 179 119.6648044692737
 106 121.6759776536313
 190 123.6871508379888
 162 125.6983240223464
 79 127.7094972067039
 170 129.7206703910614
 178 131.731843575419
 2 133.7430167597765
 123 135.7541899441341
 209 137.7653631284916
 91 139.7765363128492
 162 141.7877094972067
 503 143.7988826815642
 132 145.8100558659218
 226 147.8212290502793
 54 149.8324022346369
 177 151.8435754189944
 73 153.854748603352
 524 155.8659217877095
 59 157.8770949720671
 124 159.8882681564246
 57 161.8994413407821
 44 163.9106145251397
 26 165.9217877094972
 120 167.9329608938548
 232 169.9441340782123
 363 171.9553072625699
 2 173.9664804469274
 185 175.9776536312849
 3 177.9888268156425
 0 180


