# Created by Octave 3.8.2, Sat Jun 20 15:34:21 2020 CEST <damian@fptrucha.inv.usc.es>
# name: hd
# type: matrix
# rows: 180
# columns: 2
 4 -180
 172 -177.9888268156425
 6 -175.9776536312849
 369 -173.9664804469274
 244 -171.9553072625698
 163 -169.9441340782123
 24 -167.9329608938548
 35 -165.9217877094972
 58 -163.9106145251397
 161 -161.8994413407821
 45 -159.8882681564246
 655 -157.877094972067
 63 -155.8659217877095
 113 -153.854748603352
 38 -151.8435754189944
 65 -149.8324022346369
 206 -147.8212290502793
 619 -145.8100558659218
 120 -143.7988826815642
 89 -141.7877094972067
 175 -139.7765363128491
 116 -137.7653631284916
 3 -135.7541899441341
 147 -133.7430167597765
 164 -131.731843575419
 74 -129.7206703910614
 156 -127.7094972067039
 221 -125.6983240223464
 105 -123.6871508379888
 191 -121.6759776536313
 177 -119.6648044692737
 4 -117.6536312849162
 106 -115.6424581005587
 91 -113.6312849162011
 109 -111.6201117318436
 22 -109.608938547486
 39 -107.5977653631285
 23 -105.5865921787709
 11 -103.5754189944134
 4 -101.5642458100559
 0 -99.55307262569832
 1 -97.54189944134077
 2 -95.53072625698323
 5 -93.5195530726257
 8502 -91.50837988826815
 10 -89.49720670391061
 4 -87.48603351955308
 1 -85.47486033519553
 0 -83.46368715083798
 0 -81.45251396648044
 3 -79.44134078212289
 5 -77.43016759776536
 48 -75.41899441340782
 22 -73.40782122905027
 45 -71.39664804469274
 132 -69.38547486033519
 64 -67.37430167597765
 103 -65.3631284916201
 43 -63.35195530726256
 263 -61.34078212290503
 139 -59.32960893854748
 230 -57.31843575418993
 82 -55.3072625698324
 80 -53.29608938547486
 194 -51.28491620111731
 60 -49.27374301675977
 101 -47.26256983240222
 2 -45.25139664804468
 257 -43.24022346368713
 4 -41.22905027932961
 151 -39.21787709497207
 297 -37.20670391061452
 472 -35.19553072625698
 105 -33.18435754189943
 60 -31.17318435754188
 162 -29.16201117318434
 8 -27.15083798882682
 52 -25.13966480446928
 730 -23.12849162011173
 148 -21.11731843575419
 61 -19.10614525139664
 11 -17.09497206703909
 39 -15.08379888268155
 184 -13.072625698324
 4 -11.06145251396646
 563 -9.050279329608941
 0 -7.039106145251395
 137 -5.02793296089385
 17 -3.016759776536304
 4 -1.005586592178759
 17 1.005586592178787
 115 3.016759776536333
 1 5.02793296089385
 605 7.039106145251395
 6 9.050279329608941
 102 11.06145251396649
 47 13.07262569832403
 8 15.08379888268158
 47 17.09497206703912
 131 19.10614525139667
 598 21.11731843575421
 56 23.12849162011173
 91 25.13966480446928
 110 27.15083798882682
 55 29.16201117318437
 249 31.17318435754191
 349 33.18435754189946
 225 35.195530726257
 178 37.20670391061452
 26 39.21787709497207
 287 41.22905027932961
 2 43.24022346368716
 127 45.2513966480447
 69 47.26256983240225
 236 49.27374301675979
 89 51.28491620111734
 204 53.29608938547489
 70 55.3072625698324
 154 57.31843575418995
 258 59.32960893854749
 55 61.34078212290504
 128 63.35195530726259
 79 65.36312849162013
 110 67.37430167597768
 50 69.38547486033519
 29 71.39664804469274
 57 73.40782122905028
 6 75.41899441340783
 6 77.43016759776538
 1 79.44134078212289
 3 81.45251396648047
 1 83.46368715083798
 7 85.47486033519556
 10 87.48603351955308
 8118 89.49720670391065
 6 91.50837988826817
 0 93.51955307262574
 1 95.53072625698326
 0 97.54189944134077
 3 99.55307262569835
 11 101.5642458100559
 27 103.5754189944134
 42 105.586592178771
 29 107.5977653631285
 123 109.608938547486
 119 111.6201117318436
 120 113.6312849162011
 2 115.6424581005587
 195 117.6536312849162
 152 119.6648044692737
 98 121.6759776536313
 162 123.6871508379888
 196 125.6983240223464
 98 127.7094972067039
 150 129.7206703910614
 179 131.731843575419
 1 133.7430167597765
 116 135.7541899441341
 168 137.7653631284916
 95 139.7765363128492
 138 141.7877094972067
 489 143.7988826815642
 139 145.8100558659218
 208 147.8212290502793
 44 149.8324022346369
 162 151.8435754189944
 68 153.854748603352
 470 155.8659217877095
 46 157.8770949720671
 122 159.8882681564246
 78 161.8994413407821
 60 163.9106145251397
 9 165.9217877094972
 129 167.9329608938548
 214 169.9441340782123
 364 171.9553072625699
 1 173.9664804469274
 149 175.9776536312849
 4 177.9888268156425
 0 180


