# Created by Octave 3.8.2, Tue Jun 23 00:48:39 2020 CEST <damian@fptrucha.inv.usc.es>
# name: hd
# type: matrix
# rows: 180
# columns: 2
 2 -180
 114 -177.9888268156425
 1 -175.9776536312849
 285 -173.9664804469274
 171 -171.9553072625698
 105 -169.9441340782123
 19 -167.9329608938548
 23 -165.9217877094972
 52 -163.9106145251397
 97 -161.8994413407821
 34 -159.8882681564246
 407 -157.877094972067
 51 -155.8659217877095
 81 -153.854748603352
 31 -151.8435754189944
 42 -149.8324022346369
 157 -147.8212290502793
 479 -145.8100558659218
 96 -143.7988826815642
 55 -141.7877094972067
 117 -139.7765363128491
 77 -137.7653631284916
 4 -135.7541899441341
 121 -133.7430167597765
 110 -131.731843575419
 53 -129.7206703910614
 132 -127.7094972067039
 164 -125.6983240223464
 63 -123.6871508379888
 157 -121.6759776536313
 134 -119.6648044692737
 2 -117.6536312849162
 95 -115.6424581005587
 96 -113.6312849162011
 83 -111.6201117318436
 15 -109.608938547486
 23 -107.5977653631285
 16 -105.5865921787709
 7 -103.5754189944134
 1 -101.5642458100559
 0 -99.55307262569832
 0 -97.54189944134077
 1 -95.53072625698323
 4 -93.5195530726257
 5941 -91.50837988826815
 7 -89.49720670391061
 5 -87.48603351955308
 1 -85.47486033519553
 0 -83.46368715083798
 2 -81.45251396648044
 4 -79.44134078212289
 2 -77.43016759776536
 33 -75.41899441340782
 17 -73.40782122905027
 36 -71.39664804469274
 91 -69.38547486033519
 49 -67.37430167597765
 75 -65.3631284916201
 34 -63.35195530726256
 210 -61.34078212290503
 116 -59.32960893854748
 156 -57.31843575418993
 64 -55.3072625698324
 58 -53.29608938547486
 143 -51.28491620111731
 39 -49.27374301675977
 78 -47.26256983240222
 0 -45.25139664804468
 209 -43.24022346368713
 3 -41.22905027932961
 125 -39.21787709497207
 234 -37.20670391061452
 322 -35.19553072625698
 80 -33.18435754189943
 42 -31.17318435754188
 95 -29.16201117318434
 4 -27.15083798882682
 34 -25.13966480446928
 425 -23.12849162011173
 74 -21.11731843575419
 41 -19.10614525139664
 8 -17.09497206703909
 24 -15.08379888268155
 108 -13.072625698324
 4 -11.06145251396646
 412 -9.050279329608941
 1 -7.039106145251395
 84 -5.02793296089385
 13 -3.016759776536304
 1 -1.005586592178759
 20 1.005586592178787
 89 3.016759776536333
 2 5.02793296089385
 355 7.039106145251395
 4 9.050279329608941
 123 11.06145251396649
 34 13.07262569832403
 14 15.08379888268158
 36 17.09497206703912
 100 19.10614525139667
 401 21.11731843575421
 34 23.12849162011173
 52 25.13966480446928
 75 27.15083798882682
 38 29.16201117318437
 134 31.17318435754191
 240 33.18435754189946
 177 35.195530726257
 109 37.20670391061452
 29 39.21787709497207
 200 41.22905027932961
 0 43.24022346368716
 79 45.2513966480447
 46 47.26256983240225
 156 49.27374301675979
 39 51.28491620111734
 145 53.29608938547489
 49 55.3072625698324
 105 57.31843575418995
 184 59.32960893854749
 47 61.34078212290504
 90 63.35195530726259
 61 65.36312849162013
 74 67.37430167597768
 49 69.38547486033519
 25 71.39664804469274
 33 73.40782122905028
 5 75.41899441340783
 8 77.43016759776538
 0 79.44134078212289
 0 81.45251396648047
 0 83.46368715083798
 4 85.47486033519556
 6 87.48603351955308
 5156 89.49720670391065
 10 91.50837988826817
 4 93.51955307262574
 2 95.53072625698326
 0 97.54189944134077
 1 99.55307262569835
 16 101.5642458100559
 16 103.5754189944134
 20 105.586592178771
 12 107.5977653631285
 82 109.608938547486
 82 111.6201117318436
 86 113.6312849162011
 0 115.6424581005587
 118 117.6536312849162
 113 119.6648044692737
 78 121.6759776536313
 110 123.6871508379888
 109 125.6983240223464
 54 127.7094972067039
 89 129.7206703910614
 118 131.731843575419
 1 133.7430167597765
 86 135.7541899441341
 120 137.7653631284916
 79 139.7765363128492
 83 141.7877094972067
 323 143.7988826815642
 74 145.8100558659218
 135 147.8212290502793
 32 149.8324022346369
 93 151.8435754189944
 38 153.854748603352
 342 155.8659217877095
 28 157.8770949720671
 94 159.8882681564246
 45 161.8994413407821
 37 163.9106145251397
 21 165.9217877094972
 101 167.9329608938548
 176 169.9441340782123
 257 171.9553072625699
 4 173.9664804469274
 100 175.9776536312849
 2 177.9888268156425
 0 180


