# Created by Octave 3.8.2, Sat Jun 20 21:29:46 2020 CEST <damian@fptrucha.inv.usc.es>
# name: hd
# type: matrix
# rows: 180
# columns: 2
 1 -180
 129 -177.9888268156425
 1 -175.9776536312849
 359 -173.9664804469274
 219 -171.9553072625698
 156 -169.9441340782123
 24 -167.9329608938548
 38 -165.9217877094972
 50 -163.9106145251397
 158 -161.8994413407821
 28 -159.8882681564246
 616 -157.877094972067
 63 -155.8659217877095
 104 -153.854748603352
 40 -151.8435754189944
 61 -149.8324022346369
 193 -147.8212290502793
 601 -145.8100558659218
 115 -143.7988826815642
 93 -141.7877094972067
 150 -139.7765363128491
 78 -137.7653631284916
 2 -135.7541899441341
 149 -133.7430167597765
 150 -131.731843575419
 71 -129.7206703910614
 161 -127.7094972067039
 230 -125.6983240223464
 103 -123.6871508379888
 201 -121.6759776536313
 176 -119.6648044692737
 5 -117.6536312849162
 104 -115.6424581005587
 102 -113.6312849162011
 101 -111.6201117318436
 11 -109.608938547486
 29 -107.5977653631285
 19 -105.5865921787709
 13 -103.5754189944134
 0 -101.5642458100559
 0 -99.55307262569832
 0 -97.54189944134077
 2 -95.53072625698323
 3 -93.5195530726257
 7914 -91.50837988826815
 8 -89.49720670391061
 1 -87.48603351955308
 1 -85.47486033519553
 0 -83.46368715083798
 1 -81.45251396648044
 6 -79.44134078212289
 9 -77.43016759776536
 37 -75.41899441340782
 25 -73.40782122905027
 38 -71.39664804469274
 109 -69.38547486033519
 60 -67.37430167597765
 82 -65.3631284916201
 45 -63.35195530726256
 251 -61.34078212290503
 148 -59.32960893854748
 208 -57.31843575418993
 81 -55.3072625698324
 85 -53.29608938547486
 229 -51.28491620111731
 56 -49.27374301675977
 90 -47.26256983240222
 1 -45.25139664804468
 245 -43.24022346368713
 3 -41.22905027932961
 140 -39.21787709497207
 306 -37.20670391061452
 442 -35.19553072625698
 92 -33.18435754189943
 62 -31.17318435754188
 142 -29.16201117318434
 9 -27.15083798882682
 61 -25.13966480446928
 665 -23.12849162011173
 125 -21.11731843575419
 49 -19.10614525139664
 12 -17.09497206703909
 39 -15.08379888268155
 157 -13.072625698324
 6 -11.06145251396646
 612 -9.050279329608941
 3 -7.039106145251395
 117 -5.02793296089385
 16 -3.016759776536304
 1 -1.005586592178759
 21 1.005586592178787
 111 3.016759776536333
 5 5.02793296089385
 538 7.039106145251395
 5 9.050279329608941
 133 11.06145251396649
 51 13.07262569832403
 6 15.08379888268158
 64 17.09497206703912
 116 19.10614525139667
 501 21.11731843575421
 56 23.12849162011173
 94 25.13966480446928
 96 27.15083798882682
 38 29.16201117318437
 245 31.17318435754191
 314 33.18435754189946
 224 35.195530726257
 172 37.20670391061452
 29 39.21787709497207
 296 41.22905027932961
 1 43.24022346368716
 137 45.2513966480447
 50 47.26256983240225
 218 49.27374301675979
 92 51.28491620111734
 199 53.29608938547489
 87 55.3072625698324
 132 57.31843575418995
 265 59.32960893854749
 62 61.34078212290504
 130 63.35195530726259
 73 65.36312849162013
 106 67.37430167597768
 48 69.38547486033519
 30 71.39664804469274
 55 73.40782122905028
 4 75.41899441340783
 4 77.43016759776538
 3 79.44134078212289
 0 81.45251396648047
 0 83.46368715083798
 3 85.47486033519556
 9 87.48603351955308
 7658 89.49720670391065
 7 91.50837988826817
 4 93.51955307262574
 2 95.53072625698326
 1 97.54189944134077
 1 99.55307262569835
 8 101.5642458100559
 22 103.5754189944134
 43 105.586592178771
 20 107.5977653631285
 115 109.608938547486
 105 111.6201117318436
 139 113.6312849162011
 3 115.6424581005587
 214 117.6536312849162
 172 119.6648044692737
 83 121.6759776536313
 167 123.6871508379888
 175 125.6983240223464
 82 127.7094972067039
 145 129.7206703910614
 171 131.731843575419
 4 133.7430167597765
 152 135.7541899441341
 170 137.7653631284916
 107 139.7765363128492
 150 141.7877094972067
 467 143.7988826815642
 96 145.8100558659218
 227 147.8212290502793
 49 149.8324022346369
 178 151.8435754189944
 59 153.854748603352
 445 155.8659217877095
 54 157.8770949720671
 129 159.8882681564246
 69 161.8994413407821
 35 163.9106145251397
 14 165.9217877094972
 123 167.9329608938548
 197 169.9441340782123
 305 171.9553072625699
 2 173.9664804469274
 164 175.9776536312849
 1 177.9888268156425
 0 180


