# Created by Octave 3.8.2, Sat Jun 20 20:17:47 2020 CEST <damian@fptrucha.inv.usc.es>
# name: hd
# type: matrix
# rows: 180
# columns: 2
 1 -180
 141 -177.9888268156425
 7 -175.9776536312849
 343 -173.9664804469274
 226 -171.9553072625698
 167 -169.9441340782123
 28 -167.9329608938548
 33 -165.9217877094972
 53 -163.9106145251397
 165 -161.8994413407821
 43 -159.8882681564246
 620 -157.877094972067
 56 -155.8659217877095
 131 -153.854748603352
 41 -151.8435754189944
 50 -149.8324022346369
 199 -147.8212290502793
 658 -145.8100558659218
 134 -143.7988826815642
 80 -141.7877094972067
 181 -139.7765363128491
 85 -137.7653631284916
 1 -135.7541899441341
 181 -133.7430167597765
 149 -131.731843575419
 100 -129.7206703910614
 141 -127.7094972067039
 245 -125.6983240223464
 93 -123.6871508379888
 212 -121.6759776536313
 191 -119.6648044692737
 4 -117.6536312849162
 93 -115.6424581005587
 123 -113.6312849162011
 115 -111.6201117318436
 21 -109.608938547486
 32 -107.5977653631285
 20 -105.5865921787709
 5 -103.5754189944134
 1 -101.5642458100559
 0 -99.55307262569832
 0 -97.54189944134077
 3 -95.53072625698323
 2 -93.5195530726257
 8269 -91.50837988826815
 10 -89.49720670391061
 2 -87.48603351955308
 0 -85.47486033519553
 1 -83.46368715083798
 4 -81.45251396648044
 4 -79.44134078212289
 8 -77.43016759776536
 43 -75.41899441340782
 19 -73.40782122905027
 54 -71.39664804469274
 127 -69.38547486033519
 56 -67.37430167597765
 91 -65.3631284916201
 58 -63.35195530726256
 276 -61.34078212290503
 147 -59.32960893854748
 235 -57.31843575418993
 88 -55.3072625698324
 102 -53.29608938547486
 205 -51.28491620111731
 51 -49.27374301675977
 107 -47.26256983240222
 1 -45.25139664804468
 269 -43.24022346368713
 2 -41.22905027932961
 146 -39.21787709497207
 309 -37.20670391061452
 469 -35.19553072625698
 112 -33.18435754189943
 65 -31.17318435754188
 137 -29.16201117318434
 11 -27.15083798882682
 68 -25.13966480446928
 652 -23.12849162011173
 153 -21.11731843575419
 53 -19.10614525139664
 5 -17.09497206703909
 30 -15.08379888268155
 141 -13.072625698324
 8 -11.06145251396646
 537 -9.050279329608941
 3 -7.039106145251395
 130 -5.02793296089385
 17 -3.016759776536304
 3 -1.005586592178759
 8 1.005586592178787
 123 3.016759776536333
 4 5.02793296089385
 531 7.039106145251395
 10 9.050279329608941
 121 11.06145251396649
 43 13.07262569832403
 6 15.08379888268158
 71 17.09497206703912
 92 19.10614525139667
 512 21.11731843575421
 55 23.12849162011173
 65 25.13966480446928
 109 27.15083798882682
 52 29.16201117318437
 238 31.17318435754191
 306 33.18435754189946
 271 35.195530726257
 152 37.20670391061452
 48 39.21787709497207
 293 41.22905027932961
 0 43.24022346368716
 105 45.2513966480447
 49 47.26256983240225
 228 49.27374301675979
 77 51.28491620111734
 188 53.29608938547489
 86 55.3072625698324
 161 57.31843575418995
 271 59.32960893854749
 64 61.34078212290504
 118 63.35195530726259
 70 65.36312849162013
 106 67.37430167597768
 50 69.38547486033519
 22 71.39664804469274
 48 73.40782122905028
 3 75.41899441340783
 10 77.43016759776538
 4 79.44134078212289
 0 81.45251396648047
 1 83.46368715083798
 2 85.47486033519556
 9 87.48603351955308
 7705 89.49720670391065
 3 91.50837988826817
 3 93.51955307262574
 0 95.53072625698326
 0 97.54189944134077
 4 99.55307262569835
 6 101.5642458100559
 21 103.5754189944134
 30 105.586592178771
 19 107.5977653631285
 109 109.608938547486
 118 111.6201117318436
 92 113.6312849162011
 1 115.6424581005587
 190 117.6536312849162
 151 119.6648044692737
 101 121.6759776536313
 195 123.6871508379888
 171 125.6983240223464
 71 127.7094972067039
 177 129.7206703910614
 161 131.731843575419
 3 133.7430167597765
 122 135.7541899441341
 181 137.7653631284916
 107 139.7765363128492
 150 141.7877094972067
 485 143.7988826815642
 100 145.8100558659218
 218 147.8212290502793
 48 149.8324022346369
 141 151.8435754189944
 44 153.854748603352
 483 155.8659217877095
 46 157.8770949720671
 132 159.8882681564246
 76 161.8994413407821
 46 163.9106145251397
 12 165.9217877094972
 125 167.9329608938548
 230 169.9441340782123
 341 171.9553072625699
 4 173.9664804469274
 150 175.9776536312849
 1 177.9888268156425
 0 180


