# Created by Octave 3.8.2, Sun Jun 21 01:30:16 2020 CEST <damian@fptrucha.inv.usc.es>
# name: hd
# type: matrix
# rows: 180
# columns: 2
 6 -180
 144 -177.9888268156425
 4 -175.9776536312849
 312 -173.9664804469274
 220 -171.9553072625698
 164 -169.9441340782123
 26 -167.9329608938548
 43 -165.9217877094972
 42 -163.9106145251397
 163 -161.8994413407821
 39 -159.8882681564246
 627 -157.877094972067
 52 -155.8659217877095
 112 -153.854748603352
 42 -151.8435754189944
 66 -149.8324022346369
 208 -147.8212290502793
 616 -145.8100558659218
 114 -143.7988826815642
 74 -141.7877094972067
 159 -139.7765363128491
 99 -137.7653631284916
 1 -135.7541899441341
 152 -133.7430167597765
 144 -131.731843575419
 80 -129.7206703910614
 185 -127.7094972067039
 212 -125.6983240223464
 87 -123.6871508379888
 169 -121.6759776536313
 162 -119.6648044692737
 1 -117.6536312849162
 94 -115.6424581005587
 110 -113.6312849162011
 96 -111.6201117318436
 17 -109.608938547486
 21 -107.5977653631285
 23 -105.5865921787709
 8 -103.5754189944134
 3 -101.5642458100559
 1 -99.55307262569832
 0 -97.54189944134077
 0 -95.53072625698323
 6 -93.5195530726257
 7829 -91.50837988826815
 9 -89.49720670391061
 4 -87.48603351955308
 3 -85.47486033519553
 0 -83.46368715083798
 1 -81.45251396648044
 7 -79.44134078212289
 5 -77.43016759776536
 53 -75.41899441340782
 27 -73.40782122905027
 51 -71.39664804469274
 119 -69.38547486033519
 71 -67.37430167597765
 95 -65.3631284916201
 52 -63.35195530726256
 246 -61.34078212290503
 157 -59.32960893854748
 200 -57.31843575418993
 84 -55.3072625698324
 72 -53.29608938547486
 194 -51.28491620111731
 50 -49.27374301675977
 109 -47.26256983240222
 1 -45.25139664804468
 301 -43.24022346368713
 1 -41.22905027932961
 165 -39.21787709497207
 267 -37.20670391061452
 450 -35.19553072625698
 103 -33.18435754189943
 46 -31.17318435754188
 145 -29.16201117318434
 9 -27.15083798882682
 52 -25.13966480446928
 601 -23.12849162011173
 156 -21.11731843575419
 42 -19.10614525139664
 14 -17.09497206703909
 45 -15.08379888268155
 153 -13.072625698324
 6 -11.06145251396646
 511 -9.050279329608941
 0 -7.039106145251395
 120 -5.02793296089385
 8 -3.016759776536304
 4 -1.005586592178759
 16 1.005586592178787
 115 3.016759776536333
 1 5.02793296089385
 532 7.039106145251395
 8 9.050279329608941
 125 11.06145251396649
 41 13.07262569832403
 12 15.08379888268158
 46 17.09497206703912
 114 19.10614525139667
 533 21.11731843575421
 59 23.12849162011173
 101 25.13966480446928
 101 27.15083798882682
 57 29.16201117318437
 219 31.17318435754191
 316 33.18435754189946
 246 35.195530726257
 172 37.20670391061452
 33 39.21787709497207
 273 41.22905027932961
 0 43.24022346368716
 126 45.2513966480447
 68 47.26256983240225
 223 49.27374301675979
 80 51.28491620111734
 191 53.29608938547489
 82 55.3072625698324
 122 57.31843575418995
 247 59.32960893854749
 63 61.34078212290504
 98 63.35195530726259
 73 65.36312849162013
 104 67.37430167597768
 37 69.38547486033519
 24 71.39664804469274
 39 73.40782122905028
 2 75.41899441340783
 7 77.43016759776538
 0 79.44134078212289
 1 81.45251396648047
 0 83.46368715083798
 5 85.47486033519556
 10 87.48603351955308
 7408 89.49720670391065
 3 91.50837988826817
 1 93.51955307262574
 1 95.53072625698326
 2 97.54189944134077
 2 99.55307262569835
 10 101.5642458100559
 26 103.5754189944134
 39 105.586592178771
 14 107.5977653631285
 109 109.608938547486
 121 111.6201117318436
 114 113.6312849162011
 1 115.6424581005587
 186 117.6536312849162
 164 119.6648044692737
 84 121.6759776536313
 150 123.6871508379888
 154 125.6983240223464
 79 127.7094972067039
 168 129.7206703910614
 167 131.731843575419
 3 133.7430167597765
 97 135.7541899441341
 176 137.7653631284916
 100 139.7765363128492
 130 141.7877094972067
 455 143.7988826815642
 117 145.8100558659218
 204 147.8212290502793
 39 149.8324022346369
 151 151.8435754189944
 60 153.854748603352
 511 155.8659217877095
 53 157.8770949720671
 116 159.8882681564246
 85 161.8994413407821
 50 163.9106145251397
 19 165.9217877094972
 120 167.9329608938548
 251 169.9441340782123
 316 171.9553072625699
 1 173.9664804469274
 154 175.9776536312849
 4 177.9888268156425
 0 180


