# Created by Octave 3.8.2, Sat Jun 20 13:59:09 2020 CEST <damian@fptrucha.inv.usc.es>
# name: hd
# type: matrix
# rows: 180
# columns: 2
 4 -180
 176 -177.9888268156425
 2 -175.9776536312849
 391 -173.9664804469274
 246 -171.9553072625698
 185 -169.9441340782123
 32 -167.9329608938548
 32 -165.9217877094972
 70 -163.9106145251397
 161 -161.8994413407821
 37 -159.8882681564246
 660 -157.877094972067
 66 -155.8659217877095
 110 -153.854748603352
 33 -151.8435754189944
 62 -149.8324022346369
 229 -147.8212290502793
 700 -145.8100558659218
 134 -143.7988826815642
 125 -141.7877094972067
 180 -139.7765363128491
 117 -137.7653631284916
 3 -135.7541899441341
 165 -133.7430167597765
 181 -131.731843575419
 75 -129.7206703910614
 179 -127.7094972067039
 210 -125.6983240223464
 102 -123.6871508379888
 188 -121.6759776536313
 204 -119.6648044692737
 2 -117.6536312849162
 106 -115.6424581005587
 108 -113.6312849162011
 127 -111.6201117318436
 30 -109.608938547486
 34 -107.5977653631285
 24 -105.5865921787709
 14 -103.5754189944134
 3 -101.5642458100559
 1 -99.55307262569832
 1 -97.54189944134077
 3 -95.53072625698323
 5 -93.5195530726257
 8547 -91.50837988826815
 9 -89.49720670391061
 3 -87.48603351955308
 0 -85.47486033519553
 1 -83.46368715083798
 1 -81.45251396648044
 7 -79.44134078212289
 2 -77.43016759776536
 49 -75.41899441340782
 27 -73.40782122905027
 61 -71.39664804469274
 125 -69.38547486033519
 77 -67.37430167597765
 106 -65.3631284916201
 50 -63.35195530726256
 285 -61.34078212290503
 159 -59.32960893854748
 218 -57.31843575418993
 99 -55.3072625698324
 79 -53.29608938547486
 218 -51.28491620111731
 46 -49.27374301675977
 103 -47.26256983240222
 0 -45.25139664804468
 303 -43.24022346368713
 2 -41.22905027932961
 158 -39.21787709497207
 352 -37.20670391061452
 518 -35.19553072625698
 125 -33.18435754189943
 60 -31.17318435754188
 158 -29.16201117318434
 10 -27.15083798882682
 61 -25.13966480446928
 656 -23.12849162011173
 136 -21.11731843575419
 56 -19.10614525139664
 12 -17.09497206703909
 43 -15.08379888268155
 164 -13.072625698324
 13 -11.06145251396646
 607 -9.050279329608941
 2 -7.039106145251395
 138 -5.02793296089385
 15 -3.016759776536304
 2 -1.005586592178759
 17 1.005586592178787
 148 3.016759776536333
 3 5.02793296089385
 574 7.039106145251395
 8 9.050279329608941
 168 11.06145251396649
 52 13.07262569832403
 12 15.08379888268158
 66 17.09497206703912
 111 19.10614525139667
 553 21.11731843575421
 61 23.12849162011173
 109 25.13966480446928
 118 27.15083798882682
 60 29.16201117318437
 236 31.17318435754191
 355 33.18435754189946
 241 35.195530726257
 176 37.20670391061452
 35 39.21787709497207
 289 41.22905027932961
 2 43.24022346368716
 137 45.2513966480447
 68 47.26256983240225
 257 49.27374301675979
 93 51.28491620111734
 219 53.29608938547489
 102 55.3072625698324
 143 57.31843575418995
 287 59.32960893854749
 62 61.34078212290504
 133 63.35195530726259
 81 65.36312849162013
 123 67.37430167597768
 40 69.38547486033519
 32 71.39664804469274
 58 73.40782122905028
 7 75.41899441340783
 11 77.43016759776538
 1 79.44134078212289
 0 81.45251396648047
 0 83.46368715083798
 1 85.47486033519556
 6 87.48603351955308
 8184 89.49720670391065
 6 91.50837988826817
 5 93.51955307262574
 1 95.53072625698326
 0 97.54189944134077
 3 99.55307262569835
 11 101.5642458100559
 29 103.5754189944134
 45 105.586592178771
 20 107.5977653631285
 126 109.608938547486
 135 111.6201117318436
 160 113.6312849162011
 1 115.6424581005587
 216 117.6536312849162
 167 119.6648044692737
 99 121.6759776536313
 194 123.6871508379888
 194 125.6983240223464
 99 127.7094972067039
 186 129.7206703910614
 184 131.731843575419
 3 133.7430167597765
 142 135.7541899441341
 175 137.7653631284916
 97 139.7765363128492
 143 141.7877094972067
 507 143.7988826815642
 145 145.8100558659218
 230 147.8212290502793
 46 149.8324022346369
 175 151.8435754189944
 67 153.854748603352
 474 155.8659217877095
 45 157.8770949720671
 131 159.8882681564246
 88 161.8994413407821
 58 163.9106145251397
 12 165.9217877094972
 123 167.9329608938548
 237 169.9441340782123
 393 171.9553072625699
 5 173.9664804469274
 168 175.9776536312849
 3 177.9888268156425
 0 180


