# Created by Octave 3.8.2, Sun Jun 21 03:26:46 2020 CEST <damian@fptrucha.inv.usc.es>
# name: hd
# type: matrix
# rows: 180
# columns: 2
 4 -180
 150 -177.9888268156425
 3 -175.9776536312849
 322 -173.9664804469274
 198 -171.9553072625698
 152 -169.9441340782123
 32 -167.9329608938548
 32 -165.9217877094972
 46 -163.9106145251397
 162 -161.8994413407821
 26 -159.8882681564246
 620 -157.877094972067
 60 -155.8659217877095
 121 -153.854748603352
 38 -151.8435754189944
 67 -149.8324022346369
 208 -147.8212290502793
 618 -145.8100558659218
 126 -143.7988826815642
 94 -141.7877094972067
 165 -139.7765363128491
 97 -137.7653631284916
 4 -135.7541899441341
 142 -133.7430167597765
 134 -131.731843575419
 60 -129.7206703910614
 178 -127.7094972067039
 209 -125.6983240223464
 108 -123.6871508379888
 191 -121.6759776536313
 181 -119.6648044692737
 3 -117.6536312849162
 86 -115.6424581005587
 102 -113.6312849162011
 116 -111.6201117318436
 12 -109.608938547486
 23 -107.5977653631285
 27 -105.5865921787709
 8 -103.5754189944134
 2 -101.5642458100559
 1 -99.55307262569832
 0 -97.54189944134077
 3 -95.53072625698323
 4 -93.5195530726257
 7987 -91.50837988826815
 9 -89.49720670391061
 4 -87.48603351955308
 2 -85.47486033519553
 3 -83.46368715083798
 1 -81.45251396648044
 3 -79.44134078212289
 5 -77.43016759776536
 44 -75.41899441340782
 19 -73.40782122905027
 38 -71.39664804469274
 91 -69.38547486033519
 76 -67.37430167597765
 98 -65.3631284916201
 40 -63.35195530726256
 234 -61.34078212290503
 142 -59.32960893854748
 215 -57.31843575418993
 103 -55.3072625698324
 81 -53.29608938547486
 242 -51.28491620111731
 47 -49.27374301675977
 108 -47.26256983240222
 2 -45.25139664804468
 271 -43.24022346368713
 5 -41.22905027932961
 154 -39.21787709497207
 303 -37.20670391061452
 449 -35.19553072625698
 113 -33.18435754189943
 44 -31.17318435754188
 157 -29.16201117318434
 12 -27.15083798882682
 67 -25.13966480446928
 641 -23.12849162011173
 144 -21.11731843575419
 48 -19.10614525139664
 11 -17.09497206703909
 43 -15.08379888268155
 161 -13.072625698324
 7 -11.06145251396646
 550 -9.050279329608941
 1 -7.039106145251395
 127 -5.02793296089385
 11 -3.016759776536304
 1 -1.005586592178759
 27 1.005586592178787
 134 3.016759776536333
 1 5.02793296089385
 575 7.039106145251395
 5 9.050279329608941
 137 11.06145251396649
 48 13.07262569832403
 9 15.08379888268158
 48 17.09497206703912
 112 19.10614525139667
 461 21.11731843575421
 61 23.12849162011173
 95 25.13966480446928
 88 27.15083798882682
 51 29.16201117318437
 241 31.17318435754191
 315 33.18435754189946
 213 35.195530726257
 139 37.20670391061452
 27 39.21787709497207
 263 41.22905027932961
 5 43.24022346368716
 105 45.2513966480447
 52 47.26256983240225
 216 49.27374301675979
 78 51.28491620111734
 195 53.29608938547489
 74 55.3072625698324
 119 57.31843575418995
 253 59.32960893854749
 63 61.34078212290504
 125 63.35195530726259
 59 65.36312849162013
 93 67.37430167597768
 45 69.38547486033519
 23 71.39664804469274
 49 73.40782122905028
 4 75.41899441340783
 6 77.43016759776538
 4 79.44134078212289
 0 81.45251396648047
 1 83.46368715083798
 4 85.47486033519556
 10 87.48603351955308
 7472 89.49720670391065
 3 91.50837988826817
 2 93.51955307262574
 1 95.53072625698326
 1 97.54189944134077
 4 99.55307262569835
 13 101.5642458100559
 18 103.5754189944134
 25 105.586592178771
 19 107.5977653631285
 106 109.608938547486
 118 111.6201117318436
 114 113.6312849162011
 2 115.6424581005587
 194 117.6536312849162
 148 119.6648044692737
 87 121.6759776536313
 180 123.6871508379888
 151 125.6983240223464
 68 127.7094972067039
 159 129.7206703910614
 161 131.731843575419
 0 133.7430167597765
 115 135.7541899441341
 174 137.7653631284916
 102 139.7765363128492
 132 141.7877094972067
 432 143.7988826815642
 112 145.8100558659218
 194 147.8212290502793
 46 149.8324022346369
 145 151.8435754189944
 58 153.854748603352
 456 155.8659217877095
 47 157.8770949720671
 125 159.8882681564246
 81 161.8994413407821
 42 163.9106145251397
 13 165.9217877094972
 112 167.9329608938548
 220 169.9441340782123
 320 171.9553072625699
 1 173.9664804469274
 148 175.9776536312849
 3 177.9888268156425
 0 180


