# Created by Octave 3.8.2, Mon Jun 22 01:24:07 2020 CEST <damian@fptrucha.inv.usc.es>
# name: hd
# type: matrix
# rows: 180
# columns: 2
 3 -180
 161 -177.9888268156425
 4 -175.9776536312849
 357 -173.9664804469274
 246 -171.9553072625698
 140 -169.9441340782123
 32 -167.9329608938548
 36 -165.9217877094972
 65 -163.9106145251397
 158 -161.8994413407821
 30 -159.8882681564246
 611 -157.877094972067
 44 -155.8659217877095
 106 -153.854748603352
 44 -151.8435754189944
 50 -149.8324022346369
 215 -147.8212290502793
 604 -145.8100558659218
 117 -143.7988826815642
 72 -141.7877094972067
 144 -139.7765363128491
 94 -137.7653631284916
 0 -135.7541899441341
 156 -133.7430167597765
 136 -131.731843575419
 81 -129.7206703910614
 179 -127.7094972067039
 231 -125.6983240223464
 94 -123.6871508379888
 191 -121.6759776536313
 174 -119.6648044692737
 1 -117.6536312849162
 91 -115.6424581005587
 106 -113.6312849162011
 128 -111.6201117318436
 10 -109.608938547486
 24 -107.5977653631285
 16 -105.5865921787709
 3 -103.5754189944134
 3 -101.5642458100559
 2 -99.55307262569832
 1 -97.54189944134077
 1 -95.53072625698323
 2 -93.5195530726257
 7938 -91.50837988826815
 12 -89.49720670391061
 0 -87.48603351955308
 0 -85.47486033519553
 0 -83.46368715083798
 1 -81.45251396648044
 6 -79.44134078212289
 8 -77.43016759776536
 40 -75.41899441340782
 21 -73.40782122905027
 68 -71.39664804469274
 97 -69.38547486033519
 66 -67.37430167597765
 96 -65.3631284916201
 55 -63.35195530726256
 289 -61.34078212290503
 138 -59.32960893854748
 222 -57.31843575418993
 89 -55.3072625698324
 87 -53.29608938547486
 214 -51.28491620111731
 56 -49.27374301675977
 101 -47.26256983240222
 1 -45.25139664804468
 278 -43.24022346368713
 0 -41.22905027932961
 137 -39.21787709497207
 301 -37.20670391061452
 454 -35.19553072625698
 111 -33.18435754189943
 53 -31.17318435754188
 156 -29.16201117318434
 9 -27.15083798882682
 51 -25.13966480446928
 595 -23.12849162011173
 139 -21.11731843575419
 45 -19.10614525139664
 8 -17.09497206703909
 43 -15.08379888268155
 138 -13.072625698324
 10 -11.06145251396646
 570 -9.050279329608941
 2 -7.039106145251395
 136 -5.02793296089385
 12 -3.016759776536304
 1 -1.005586592178759
 16 1.005586592178787
 115 3.016759776536333
 3 5.02793296089385
 492 7.039106145251395
 7 9.050279329608941
 152 11.06145251396649
 49 13.07262569832403
 8 15.08379888268158
 53 17.09497206703912
 112 19.10614525139667
 507 21.11731843575421
 57 23.12849162011173
 81 25.13966480446928
 99 27.15083798882682
 53 29.16201117318437
 217 31.17318435754191
 286 33.18435754189946
 256 35.195530726257
 150 37.20670391061452
 34 39.21787709497207
 302 41.22905027932961
 0 43.24022346368716
 111 45.2513966480447
 56 47.26256983240225
 202 49.27374301675979
 80 51.28491620111734
 190 53.29608938547489
 55 55.3072625698324
 134 57.31843575418995
 274 59.32960893854749
 55 61.34078212290504
 116 63.35195530726259
 77 65.36312849162013
 106 67.37430167597768
 54 69.38547486033519
 34 71.39664804469274
 37 73.40782122905028
 6 75.41899441340783
 3 77.43016759776538
 3 79.44134078212289
 0 81.45251396648047
 1 83.46368715083798
 1 85.47486033519556
 12 87.48603351955308
 7612 89.49720670391065
 10 91.50837988826817
 4 93.51955307262574
 0 95.53072625698326
 0 97.54189944134077
 4 99.55307262569835
 19 101.5642458100559
 20 103.5754189944134
 35 105.586592178771
 23 107.5977653631285
 111 109.608938547486
 113 111.6201117318436
 117 113.6312849162011
 1 115.6424581005587
 190 117.6536312849162
 160 119.6648044692737
 77 121.6759776536313
 154 123.6871508379888
 156 125.6983240223464
 79 127.7094972067039
 142 129.7206703910614
 179 131.731843575419
 2 133.7430167597765
 115 135.7541899441341
 154 137.7653631284916
 96 139.7765363128492
 151 141.7877094972067
 463 143.7988826815642
 118 145.8100558659218
 182 147.8212290502793
 46 149.8324022346369
 158 151.8435754189944
 54 153.854748603352
 434 155.8659217877095
 45 157.8770949720671
 125 159.8882681564246
 66 161.8994413407821
 54 163.9106145251397
 15 165.9217877094972
 105 167.9329608938548
 201 169.9441340782123
 333 171.9553072625699
 2 173.9664804469274
 146 175.9776536312849
 5 177.9888268156425
 0 180


