# Created by Octave 3.8.2, Sat Jun 20 02:09:40 2020 CEST <damian@fptrucha.inv.usc.es>
# name: hd
# type: matrix
# rows: 180
# columns: 2
 5 -180
 176 -177.9888268156425
 3 -175.9776536312849
 381 -173.9664804469274
 244 -171.9553072625698
 154 -169.9441340782123
 26 -167.9329608938548
 50 -165.9217877094972
 59 -163.9106145251397
 162 -161.8994413407821
 44 -159.8882681564246
 698 -157.877094972067
 84 -155.8659217877095
 127 -153.854748603352
 52 -151.8435754189944
 67 -149.8324022346369
 242 -147.8212290502793
 663 -145.8100558659218
 146 -143.7988826815642
 115 -141.7877094972067
 209 -139.7765363128491
 117 -137.7653631284916
 2 -135.7541899441341
 182 -133.7430167597765
 168 -131.731843575419
 87 -129.7206703910614
 199 -127.7094972067039
 265 -125.6983240223464
 103 -123.6871508379888
 205 -121.6759776536313
 206 -119.6648044692737
 3 -117.6536312849162
 126 -115.6424581005587
 131 -113.6312849162011
 133 -111.6201117318436
 23 -109.608938547486
 27 -107.5977653631285
 32 -105.5865921787709
 14 -103.5754189944134
 2 -101.5642458100559
 1 -99.55307262569832
 0 -97.54189944134077
 1 -95.53072625698323
 6 -93.5195530726257
 9087 -91.50837988826815
 10 -89.49720670391061
 2 -87.48603351955308
 3 -85.47486033519553
 2 -83.46368715083798
 3 -81.45251396648044
 8 -79.44134078212289
 6 -77.43016759776536
 51 -75.41899441340782
 23 -73.40782122905027
 50 -71.39664804469274
 131 -69.38547486033519
 59 -67.37430167597765
 96 -65.3631284916201
 75 -63.35195530726256
 303 -61.34078212290503
 143 -59.32960893854748
 254 -57.31843575418993
 97 -55.3072625698324
 98 -53.29608938547486
 216 -51.28491620111731
 43 -49.27374301675977
 116 -47.26256983240222
 1 -45.25139664804468
 283 -43.24022346368713
 3 -41.22905027932961
 174 -39.21787709497207
 308 -37.20670391061452
 470 -35.19553072625698
 131 -33.18435754189943
 63 -31.17318435754188
 147 -29.16201117318434
 5 -27.15083798882682
 53 -25.13966480446928
 673 -23.12849162011173
 151 -21.11731843575419
 50 -19.10614525139664
 6 -17.09497206703909
 31 -15.08379888268155
 152 -13.072625698324
 8 -11.06145251396646
 566 -9.050279329608941
 3 -7.039106145251395
 119 -5.02793296089385
 18 -3.016759776536304
 2 -1.005586592178759
 26 1.005586592178787
 127 3.016759776536333
 3 5.02793296089385
 555 7.039106145251395
 9 9.050279329608941
 163 11.06145251396649
 44 13.07262569832403
 13 15.08379888268158
 58 17.09497206703912
 109 19.10614525139667
 546 21.11731843575421
 51 23.12849162011173
 78 25.13966480446928
 93 27.15083798882682
 49 29.16201117318437
 234 31.17318435754191
 339 33.18435754189946
 245 35.195530726257
 157 37.20670391061452
 21 39.21787709497207
 282 41.22905027932961
 2 43.24022346368716
 112 45.2513966480447
 58 47.26256983240225
 229 49.27374301675979
 75 51.28491620111734
 188 53.29608938547489
 75 55.3072625698324
 131 57.31843575418995
 261 59.32960893854749
 48 61.34078212290504
 115 63.35195530726259
 70 65.36312849162013
 109 67.37430167597768
 51 69.38547486033519
 23 71.39664804469274
 41 73.40782122905028
 4 75.41899441340783
 13 77.43016759776538
 1 79.44134078212289
 0 81.45251396648047
 4 83.46368715083798
 1 85.47486033519556
 7 87.48603351955308
 8069 89.49720670391065
 6 91.50837988826817
 0 93.51955307262574
 0 95.53072625698326
 1 97.54189944134077
 3 99.55307262569835
 11 101.5642458100559
 22 103.5754189944134
 30 105.586592178771
 15 107.5977653631285
 99 109.608938547486
 100 111.6201117318436
 123 113.6312849162011
 4 115.6424581005587
 189 117.6536312849162
 150 119.6648044692737
 88 121.6759776536313
 187 123.6871508379888
 177 125.6983240223464
 75 127.7094972067039
 168 129.7206703910614
 181 131.731843575419
 3 133.7430167597765
 122 135.7541899441341
 170 137.7653631284916
 87 139.7765363128492
 153 141.7877094972067
 518 143.7988826815642
 100 145.8100558659218
 196 147.8212290502793
 47 149.8324022346369
 135 151.8435754189944
 54 153.854748603352
 541 155.8659217877095
 49 157.8770949720671
 124 159.8882681564246
 54 161.8994413407821
 48 163.9106145251397
 24 165.9217877094972
 145 167.9329608938548
 265 169.9441340782123
 406 171.9553072625699
 6 173.9664804469274
 141 175.9776536312849
 2 177.9888268156425
 0 180


