# Created by Octave 3.8.2, Mon Jun 22 20:07:48 2020 CEST <damian@fptrucha.inv.usc.es>
# name: hd
# type: matrix
# rows: 180
# columns: 2
 5 -180
 186 -177.9888268156425
 7 -175.9776536312849
 409 -173.9664804469274
 245 -171.9553072625698
 176 -169.9441340782123
 29 -167.9329608938548
 39 -165.9217877094972
 92 -163.9106145251397
 174 -161.8994413407821
 44 -159.8882681564246
 556 -157.877094972067
 92 -155.8659217877095
 141 -153.854748603352
 44 -151.8435754189944
 84 -149.8324022346369
 261 -147.8212290502793
 620 -145.8100558659218
 158 -143.7988826815642
 96 -141.7877094972067
 190 -139.7765363128491
 160 -137.7653631284916
 2 -135.7541899441341
 162 -133.7430167597765
 161 -131.731843575419
 85 -129.7206703910614
 199 -127.7094972067039
 277 -125.6983240223464
 111 -123.6871508379888
 200 -121.6759776536313
 228 -119.6648044692737
 3 -117.6536312849162
 100 -115.6424581005587
 122 -113.6312849162011
 115 -111.6201117318436
 20 -109.608938547486
 40 -107.5977653631285
 30 -105.5865921787709
 17 -103.5754189944134
 3 -101.5642458100559
 0 -99.55307262569832
 1 -97.54189944134077
 2 -95.53072625698323
 10 -93.5195530726257
 8544 -91.50837988826815
 19 -89.49720670391061
 3 -87.48603351955308
 1 -85.47486033519553
 3 -83.46368715083798
 3 -81.45251396648044
 7 -79.44134078212289
 12 -77.43016759776536
 58 -75.41899441340782
 41 -73.40782122905027
 68 -71.39664804469274
 138 -69.38547486033519
 82 -67.37430167597765
 111 -65.3631284916201
 43 -63.35195530726256
 297 -61.34078212290503
 152 -59.32960893854748
 228 -57.31843575418993
 90 -55.3072625698324
 67 -53.29608938547486
 241 -51.28491620111731
 65 -49.27374301675977
 113 -47.26256983240222
 3 -45.25139664804468
 331 -43.24022346368713
 3 -41.22905027932961
 189 -39.21787709497207
 299 -37.20670391061452
 484 -35.19553072625698
 135 -33.18435754189943
 74 -31.17318435754188
 176 -29.16201117318434
 15 -27.15083798882682
 70 -25.13966480446928
 617 -23.12849162011173
 146 -21.11731843575419
 49 -19.10614525139664
 9 -17.09497206703909
 47 -15.08379888268155
 157 -13.072625698324
 14 -11.06145251396646
 579 -9.050279329608941
 3 -7.039106145251395
 143 -5.02793296089385
 19 -3.016759776536304
 1 -1.005586592178759
 17 1.005586592178787
 135 3.016759776536333
 3 5.02793296089385
 585 7.039106145251395
 10 9.050279329608941
 157 11.06145251396649
 53 13.07262569832403
 11 15.08379888268158
 61 17.09497206703912
 125 19.10614525139667
 569 21.11731843575421
 54 23.12849162011173
 87 25.13966480446928
 101 27.15083798882682
 54 29.16201117318437
 219 31.17318435754191
 379 33.18435754189946
 243 35.195530726257
 162 37.20670391061452
 48 39.21787709497207
 298 41.22905027932961
 1 43.24022346368716
 140 45.2513966480447
 67 47.26256983240225
 240 49.27374301675979
 81 51.28491620111734
 187 53.29608938547489
 84 55.3072625698324
 136 57.31843575418995
 259 59.32960893854749
 70 61.34078212290504
 117 63.35195530726259
 84 65.36312849162013
 122 67.37430167597768
 49 69.38547486033519
 33 71.39664804469274
 70 73.40782122905028
 7 75.41899441340783
 3 77.43016759776538
 1 79.44134078212289
 0 81.45251396648047
 7 83.46368715083798
 11 85.47486033519556
 9 87.48603351955308
 7986 89.49720670391065
 6 91.50837988826817
 6 93.51955307262574
 1 95.53072625698326
 0 97.54189944134077
 2 99.55307262569835
 17 101.5642458100559
 21 103.5754189944134
 40 105.586592178771
 33 107.5977653631285
 113 109.608938547486
 141 111.6201117318436
 124 113.6312849162011
 2 115.6424581005587
 220 117.6536312849162
 170 119.6648044692737
 98 121.6759776536313
 167 123.6871508379888
 174 125.6983240223464
 86 127.7094972067039
 147 129.7206703910614
 173 131.731843575419
 4 133.7430167597765
 125 135.7541899441341
 201 137.7653631284916
 93 139.7765363128492
 126 141.7877094972067
 503 143.7988826815642
 122 145.8100558659218
 203 147.8212290502793
 41 149.8324022346369
 136 151.8435754189944
 52 153.854748603352
 527 155.8659217877095
 61 157.8770949720671
 138 159.8882681564246
 80 161.8994413407821
 43 163.9106145251397
 27 165.9217877094972
 119 167.9329608938548
 234 169.9441340782123
 377 171.9553072625699
 3 173.9664804469274
 171 175.9776536312849
 3 177.9888268156425
 0 180


