# Created by Octave 3.8.2, Sun Jun 21 01:51:36 2020 CEST <damian@fptrucha.inv.usc.es>
# name: hd
# type: matrix
# rows: 180
# columns: 2
 2 -180
 162 -177.9888268156425
 1 -175.9776536312849
 325 -173.9664804469274
 221 -171.9553072625698
 165 -169.9441340782123
 33 -167.9329608938548
 38 -165.9217877094972
 40 -163.9106145251397
 149 -161.8994413407821
 28 -159.8882681564246
 548 -157.877094972067
 63 -155.8659217877095
 100 -153.854748603352
 38 -151.8435754189944
 75 -149.8324022346369
 201 -147.8212290502793
 637 -145.8100558659218
 110 -143.7988826815642
 105 -141.7877094972067
 168 -139.7765363128491
 94 -137.7653631284916
 2 -135.7541899441341
 163 -133.7430167597765
 151 -131.731843575419
 73 -129.7206703910614
 182 -127.7094972067039
 218 -125.6983240223464
 107 -123.6871508379888
 185 -121.6759776536313
 170 -119.6648044692737
 2 -117.6536312849162
 100 -115.6424581005587
 104 -113.6312849162011
 143 -111.6201117318436
 18 -109.608938547486
 37 -107.5977653631285
 15 -105.5865921787709
 13 -103.5754189944134
 0 -101.5642458100559
 0 -99.55307262569832
 0 -97.54189944134077
 1 -95.53072625698323
 4 -93.5195530726257
 7884 -91.50837988826815
 10 -89.49720670391061
 6 -87.48603351955308
 1 -85.47486033519553
 1 -83.46368715083798
 2 -81.45251396648044
 3 -79.44134078212289
 1 -77.43016759776536
 49 -75.41899441340782
 25 -73.40782122905027
 43 -71.39664804469274
 102 -69.38547486033519
 70 -67.37430167597765
 83 -65.3631284916201
 48 -63.35195530726256
 263 -61.34078212290503
 162 -59.32960893854748
 221 -57.31843575418993
 93 -55.3072625698324
 85 -53.29608938547486
 198 -51.28491620111731
 52 -49.27374301675977
 99 -47.26256983240222
 1 -45.25139664804468
 279 -43.24022346368713
 1 -41.22905027932961
 151 -39.21787709497207
 300 -37.20670391061452
 426 -35.19553072625698
 113 -33.18435754189943
 58 -31.17318435754188
 157 -29.16201117318434
 9 -27.15083798882682
 58 -25.13966480446928
 552 -23.12849162011173
 170 -21.11731843575419
 37 -19.10614525139664
 11 -17.09497206703909
 47 -15.08379888268155
 175 -13.072625698324
 8 -11.06145251396646
 562 -9.050279329608941
 4 -7.039106145251395
 141 -5.02793296089385
 15 -3.016759776536304
 3 -1.005586592178759
 21 1.005586592178787
 147 3.016759776536333
 4 5.02793296089385
 526 7.039106145251395
 8 9.050279329608941
 130 11.06145251396649
 53 13.07262569832403
 5 15.08379888268158
 55 17.09497206703912
 98 19.10614525139667
 506 21.11731843575421
 52 23.12849162011173
 90 25.13966480446928
 97 27.15083798882682
 71 29.16201117318437
 225 31.17318435754191
 315 33.18435754189946
 247 35.195530726257
 149 37.20670391061452
 39 39.21787709497207
 311 41.22905027932961
 2 43.24022346368716
 110 45.2513966480447
 49 47.26256983240225
 246 49.27374301675979
 73 51.28491620111734
 189 53.29608938547489
 70 55.3072625698324
 138 57.31843575418995
 260 59.32960893854749
 50 61.34078212290504
 101 63.35195530726259
 67 65.36312849162013
 107 67.37430167597768
 60 69.38547486033519
 33 71.39664804469274
 40 73.40782122905028
 3 75.41899441340783
 8 77.43016759776538
 1 79.44134078212289
 1 81.45251396648047
 0 83.46368715083798
 2 85.47486033519556
 10 87.48603351955308
 7371 89.49720670391065
 12 91.50837988826817
 1 93.51955307262574
 1 95.53072625698326
 0 97.54189944134077
 2 99.55307262569835
 8 101.5642458100559
 22 103.5754189944134
 36 105.586592178771
 25 107.5977653631285
 104 109.608938547486
 107 111.6201117318436
 95 113.6312849162011
 2 115.6424581005587
 214 117.6536312849162
 163 119.6648044692737
 90 121.6759776536313
 168 123.6871508379888
 165 125.6983240223464
 75 127.7094972067039
 152 129.7206703910614
 160 131.731843575419
 4 133.7430167597765
 120 135.7541899441341
 165 137.7653631284916
 97 139.7765363128492
 145 141.7877094972067
 460 143.7988826815642
 108 145.8100558659218
 202 147.8212290502793
 39 149.8324022346369
 141 151.8435754189944
 67 153.854748603352
 446 155.8659217877095
 46 157.8770949720671
 111 159.8882681564246
 63 161.8994413407821
 64 163.9106145251397
 22 165.9217877094972
 117 167.9329608938548
 216 169.9441340782123
 290 171.9553072625699
 4 173.9664804469274
 139 175.9776536312849
 2 177.9888268156425
 0 180


