# Created by Octave 3.8.2, Mon Jun 22 13:19:40 2020 CEST <damian@fptrucha.inv.usc.es>
# name: hd
# type: matrix
# rows: 180
# columns: 2
 0 -180
 176 -177.9888268156425
 7 -175.9776536312849
 384 -173.9664804469274
 250 -171.9553072625698
 135 -169.9441340782123
 27 -167.9329608938548
 43 -165.9217877094972
 64 -163.9106145251397
 165 -161.8994413407821
 40 -159.8882681564246
 541 -157.877094972067
 60 -155.8659217877095
 123 -153.854748603352
 36 -151.8435754189944
 73 -149.8324022346369
 227 -147.8212290502793
 602 -145.8100558659218
 133 -143.7988826815642
 75 -141.7877094972067
 166 -139.7765363128491
 111 -137.7653631284916
 4 -135.7541899441341
 166 -133.7430167597765
 177 -131.731843575419
 76 -129.7206703910614
 194 -127.7094972067039
 251 -125.6983240223464
 100 -123.6871508379888
 130 -121.6759776536313
 194 -119.6648044692737
 3 -117.6536312849162
 121 -115.6424581005587
 114 -113.6312849162011
 103 -111.6201117318436
 25 -109.608938547486
 43 -107.5977653631285
 22 -105.5865921787709
 11 -103.5754189944134
 2 -101.5642458100559
 1 -99.55307262569832
 1 -97.54189944134077
 2 -95.53072625698323
 8 -93.5195530726257
 8168 -91.50837988826815
 17 -89.49720670391061
 2 -87.48603351955308
 0 -85.47486033519553
 0 -83.46368715083798
 0 -81.45251396648044
 10 -79.44134078212289
 5 -77.43016759776536
 62 -75.41899441340782
 31 -73.40782122905027
 61 -71.39664804469274
 115 -69.38547486033519
 84 -67.37430167597765
 105 -65.3631284916201
 49 -63.35195530726256
 249 -61.34078212290503
 144 -59.32960893854748
 216 -57.31843575418993
 109 -55.3072625698324
 67 -53.29608938547486
 248 -51.28491620111731
 62 -49.27374301675977
 125 -47.26256983240222
 5 -45.25139664804468
 277 -43.24022346368713
 6 -41.22905027932961
 161 -39.21787709497207
 268 -37.20670391061452
 437 -35.19553072625698
 119 -33.18435754189943
 61 -31.17318435754188
 184 -29.16201117318434
 10 -27.15083798882682
 78 -25.13966480446928
 562 -23.12849162011173
 154 -21.11731843575419
 48 -19.10614525139664
 13 -17.09497206703909
 55 -15.08379888268155
 168 -13.072625698324
 8 -11.06145251396646
 594 -9.050279329608941
 4 -7.039106145251395
 90 -5.02793296089385
 20 -3.016759776536304
 4 -1.005586592178759
 23 1.005586592178787
 129 3.016759776536333
 5 5.02793296089385
 551 7.039106145251395
 20 9.050279329608941
 128 11.06145251396649
 49 13.07262569832403
 15 15.08379888268158
 66 17.09497206703912
 108 19.10614525139667
 515 21.11731843575421
 55 23.12849162011173
 88 25.13966480446928
 87 27.15083798882682
 60 29.16201117318437
 188 31.17318435754191
 304 33.18435754189946
 249 35.195530726257
 147 37.20670391061452
 27 39.21787709497207
 281 41.22905027932961
 5 43.24022346368716
 132 45.2513966480447
 62 47.26256983240225
 253 49.27374301675979
 79 51.28491620111734
 202 53.29608938547489
 73 55.3072625698324
 168 57.31843575418995
 274 59.32960893854749
 63 61.34078212290504
 135 63.35195530726259
 79 65.36312849162013
 125 67.37430167597768
 54 69.38547486033519
 26 71.39664804469274
 59 73.40782122905028
 22 75.41899441340783
 14 77.43016759776538
 4 79.44134078212289
 1 81.45251396648047
 2 83.46368715083798
 5 85.47486033519556
 16 87.48603351955308
 7567 89.49720670391065
 10 91.50837988826817
 2 93.51955307262574
 2 95.53072625698326
 1 97.54189944134077
 6 99.55307262569835
 19 101.5642458100559
 29 103.5754189944134
 43 105.586592178771
 30 107.5977653631285
 120 109.608938547486
 115 111.6201117318436
 130 113.6312849162011
 3 115.6424581005587
 201 117.6536312849162
 177 119.6648044692737
 118 121.6759776536313
 180 123.6871508379888
 199 125.6983240223464
 88 127.7094972067039
 157 129.7206703910614
 186 131.731843575419
 3 133.7430167597765
 121 135.7541899441341
 186 137.7653631284916
 96 139.7765363128492
 148 141.7877094972067
 503 143.7988826815642
 122 145.8100558659218
 210 147.8212290502793
 48 149.8324022346369
 126 151.8435754189944
 63 153.854748603352
 513 155.8659217877095
 41 157.8770949720671
 151 159.8882681564246
 71 161.8994413407821
 40 163.9106145251397
 21 165.9217877094972
 151 167.9329608938548
 226 169.9441340782123
 334 171.9553072625699
 7 173.9664804469274
 139 175.9776536312849
 7 177.9888268156425
 0 180


