# Created by Octave 3.8.2, Sat Jun 20 18:48:34 2020 CEST <damian@fptrucha.inv.usc.es>
# name: hd
# type: matrix
# rows: 180
# columns: 2
 1 -180
 170 -177.9888268156425
 2 -175.9776536312849
 362 -173.9664804469274
 248 -171.9553072625698
 158 -169.9441340782123
 33 -167.9329608938548
 37 -165.9217877094972
 46 -163.9106145251397
 140 -161.8994413407821
 40 -159.8882681564246
 655 -157.877094972067
 75 -155.8659217877095
 100 -153.854748603352
 38 -151.8435754189944
 62 -149.8324022346369
 212 -147.8212290502793
 617 -145.8100558659218
 117 -143.7988826815642
 92 -141.7877094972067
 171 -139.7765363128491
 86 -137.7653631284916
 3 -135.7541899441341
 133 -133.7430167597765
 149 -131.731843575419
 75 -129.7206703910614
 186 -127.7094972067039
 229 -125.6983240223464
 91 -123.6871508379888
 184 -121.6759776536313
 188 -119.6648044692737
 3 -117.6536312849162
 94 -115.6424581005587
 112 -113.6312849162011
 104 -111.6201117318436
 10 -109.608938547486
 24 -107.5977653631285
 18 -105.5865921787709
 5 -103.5754189944134
 2 -101.5642458100559
 1 -99.55307262569832
 1 -97.54189944134077
 1 -95.53072625698323
 6 -93.5195530726257
 8101 -91.50837988826815
 7 -89.49720670391061
 5 -87.48603351955308
 1 -85.47486033519553
 1 -83.46368715083798
 2 -81.45251396648044
 7 -79.44134078212289
 6 -77.43016759776536
 50 -75.41899441340782
 31 -73.40782122905027
 55 -71.39664804469274
 102 -69.38547486033519
 66 -67.37430167597765
 102 -65.3631284916201
 49 -63.35195530726256
 267 -61.34078212290503
 167 -59.32960893854748
 213 -57.31843575418993
 93 -55.3072625698324
 96 -53.29608938547486
 247 -51.28491620111731
 44 -49.27374301675977
 107 -47.26256983240222
 2 -45.25139664804468
 280 -43.24022346368713
 1 -41.22905027932961
 147 -39.21787709497207
 304 -37.20670391061452
 438 -35.19553072625698
 85 -33.18435754189943
 60 -31.17318435754188
 169 -29.16201117318434
 8 -27.15083798882682
 50 -25.13966480446928
 624 -23.12849162011173
 136 -21.11731843575419
 67 -19.10614525139664
 14 -17.09497206703909
 32 -15.08379888268155
 191 -13.072625698324
 4 -11.06145251396646
 558 -9.050279329608941
 2 -7.039106145251395
 116 -5.02793296089385
 24 -3.016759776536304
 1 -1.005586592178759
 18 1.005586592178787
 146 3.016759776536333
 1 5.02793296089385
 543 7.039106145251395
 9 9.050279329608941
 134 11.06145251396649
 58 13.07262569832403
 6 15.08379888268158
 47 17.09497206703912
 120 19.10614525139667
 501 21.11731843575421
 48 23.12849162011173
 98 25.13966480446928
 109 27.15083798882682
 60 29.16201117318437
 200 31.17318435754191
 320 33.18435754189946
 224 35.195530726257
 171 37.20670391061452
 25 39.21787709497207
 294 41.22905027932961
 0 43.24022346368716
 122 45.2513966480447
 61 47.26256983240225
 224 49.27374301675979
 95 51.28491620111734
 180 53.29608938547489
 55 55.3072625698324
 132 57.31843575418995
 269 59.32960893854749
 57 61.34078212290504
 126 63.35195530726259
 80 65.36312849162013
 112 67.37430167597768
 41 69.38547486033519
 27 71.39664804469274
 43 73.40782122905028
 6 75.41899441340783
 1 77.43016759776538
 3 79.44134078212289
 1 81.45251396648047
 2 83.46368715083798
 9 85.47486033519556
 6 87.48603351955308
 7691 89.49720670391065
 5 91.50837988826817
 1 93.51955307262574
 0 95.53072625698326
 0 97.54189944134077
 3 99.55307262569835
 17 101.5642458100559
 13 103.5754189944134
 34 105.586592178771
 20 107.5977653631285
 117 109.608938547486
 112 111.6201117318436
 114 113.6312849162011
 2 115.6424581005587
 214 117.6536312849162
 192 119.6648044692737
 84 121.6759776536313
 191 123.6871508379888
 185 125.6983240223464
 84 127.7094972067039
 135 129.7206703910614
 191 131.731843575419
 6 133.7430167597765
 138 135.7541899441341
 192 137.7653631284916
 104 139.7765363128492
 111 141.7877094972067
 488 143.7988826815642
 125 145.8100558659218
 222 147.8212290502793
 35 149.8324022346369
 150 151.8435754189944
 65 153.854748603352
 440 155.8659217877095
 49 157.8770949720671
 124 159.8882681564246
 64 161.8994413407821
 54 163.9106145251397
 19 165.9217877094972
 130 167.9329608938548
 224 169.9441340782123
 312 171.9553072625699
 6 173.9664804469274
 170 175.9776536312849
 2 177.9888268156425
 0 180


