# Created by Octave 3.8.2, Sun Jun 21 02:21:51 2020 CEST <damian@fptrucha.inv.usc.es>
# name: hd
# type: matrix
# rows: 180
# columns: 2
 3 -180
 162 -177.9888268156425
 3 -175.9776536312849
 357 -173.9664804469274
 258 -171.9553072625698
 142 -169.9441340782123
 27 -167.9329608938548
 39 -165.9217877094972
 46 -163.9106145251397
 167 -161.8994413407821
 40 -159.8882681564246
 601 -157.877094972067
 65 -155.8659217877095
 107 -153.854748603352
 42 -151.8435754189944
 65 -149.8324022346369
 229 -147.8212290502793
 616 -145.8100558659218
 121 -143.7988826815642
 73 -141.7877094972067
 174 -139.7765363128491
 95 -137.7653631284916
 2 -135.7541899441341
 162 -133.7430167597765
 129 -131.731843575419
 79 -129.7206703910614
 176 -127.7094972067039
 222 -125.6983240223464
 87 -123.6871508379888
 194 -121.6759776536313
 189 -119.6648044692737
 3 -117.6536312849162
 92 -115.6424581005587
 107 -113.6312849162011
 121 -111.6201117318436
 20 -109.608938547486
 34 -107.5977653631285
 31 -105.5865921787709
 10 -103.5754189944134
 4 -101.5642458100559
 2 -99.55307262569832
 0 -97.54189944134077
 0 -95.53072625698323
 6 -93.5195530726257
 7990 -91.50837988826815
 6 -89.49720670391061
 1 -87.48603351955308
 1 -85.47486033519553
 0 -83.46368715083798
 3 -81.45251396648044
 4 -79.44134078212289
 5 -77.43016759776536
 46 -75.41899441340782
 28 -73.40782122905027
 52 -71.39664804469274
 116 -69.38547486033519
 71 -67.37430167597765
 93 -65.3631284916201
 40 -63.35195530726256
 266 -61.34078212290503
 143 -59.32960893854748
 240 -57.31843575418993
 94 -55.3072625698324
 84 -53.29608938547486
 250 -51.28491620111731
 57 -49.27374301675977
 104 -47.26256983240222
 5 -45.25139664804468
 253 -43.24022346368713
 4 -41.22905027932961
 146 -39.21787709497207
 277 -37.20670391061452
 400 -35.19553072625698
 123 -33.18435754189943
 56 -31.17318435754188
 152 -29.16201117318434
 11 -27.15083798882682
 56 -25.13966480446928
 660 -23.12849162011173
 139 -21.11731843575419
 49 -19.10614525139664
 5 -17.09497206703909
 40 -15.08379888268155
 177 -13.072625698324
 9 -11.06145251396646
 532 -9.050279329608941
 2 -7.039106145251395
 114 -5.02793296089385
 24 -3.016759776536304
 1 -1.005586592178759
 15 1.005586592178787
 124 3.016759776536333
 3 5.02793296089385
 505 7.039106145251395
 8 9.050279329608941
 122 11.06145251396649
 43 13.07262569832403
 12 15.08379888268158
 47 17.09497206703912
 107 19.10614525139667
 483 21.11731843575421
 60 23.12849162011173
 77 25.13966480446928
 89 27.15083798882682
 48 29.16201117318437
 199 31.17318435754191
 323 33.18435754189946
 243 35.195530726257
 151 37.20670391061452
 41 39.21787709497207
 279 41.22905027932961
 3 43.24022346368716
 126 45.2513966480447
 56 47.26256983240225
 182 49.27374301675979
 98 51.28491620111734
 207 53.29608938547489
 89 55.3072625698324
 122 57.31843575418995
 274 59.32960893854749
 46 61.34078212290504
 113 63.35195530726259
 67 65.36312849162013
 105 67.37430167597768
 37 69.38547486033519
 34 71.39664804469274
 50 73.40782122905028
 8 75.41899441340783
 9 77.43016759776538
 1 79.44134078212289
 0 81.45251396648047
 3 83.46368715083798
 3 85.47486033519556
 8 87.48603351955308
 7585 89.49720670391065
 5 91.50837988826817
 4 93.51955307262574
 0 95.53072625698326
 2 97.54189944134077
 1 99.55307262569835
 13 101.5642458100559
 17 103.5754189944134
 32 105.586592178771
 22 107.5977653631285
 108 109.608938547486
 106 111.6201117318436
 118 113.6312849162011
 0 115.6424581005587
 199 117.6536312849162
 182 119.6648044692737
 80 121.6759776536313
 178 123.6871508379888
 199 125.6983240223464
 75 127.7094972067039
 152 129.7206703910614
 188 131.731843575419
 1 133.7430167597765
 109 135.7541899441341
 148 137.7653631284916
 87 139.7765363128492
 140 141.7877094972067
 502 143.7988826815642
 127 145.8100558659218
 190 147.8212290502793
 43 149.8324022346369
 157 151.8435754189944
 51 153.854748603352
 477 155.8659217877095
 54 157.8770949720671
 130 159.8882681564246
 70 161.8994413407821
 47 163.9106145251397
 18 165.9217877094972
 128 167.9329608938548
 203 169.9441340782123
 330 171.9553072625699
 2 173.9664804469274
 145 175.9776536312849
 3 177.9888268156425
 0 180


