# Created by Octave 3.8.2, Mon Jun 22 06:46:11 2020 CEST <damian@fptrucha.inv.usc.es>
# name: hd
# type: matrix
# rows: 180
# columns: 2
 5 -180
 151 -177.9888268156425
 5 -175.9776536312849
 358 -173.9664804469274
 229 -171.9553072625698
 128 -169.9441340782123
 36 -167.9329608938548
 51 -165.9217877094972
 53 -163.9106145251397
 180 -161.8994413407821
 42 -159.8882681564246
 502 -157.877094972067
 71 -155.8659217877095
 127 -153.854748603352
 53 -151.8435754189944
 75 -149.8324022346369
 244 -147.8212290502793
 526 -145.8100558659218
 115 -143.7988826815642
 79 -141.7877094972067
 178 -139.7765363128491
 103 -137.7653631284916
 2 -135.7541899441341
 172 -133.7430167597765
 166 -131.731843575419
 70 -129.7206703910614
 144 -127.7094972067039
 184 -125.6983240223464
 83 -123.6871508379888
 159 -121.6759776536313
 179 -119.6648044692737
 4 -117.6536312849162
 105 -115.6424581005587
 121 -113.6312849162011
 99 -111.6201117318436
 26 -109.608938547486
 43 -107.5977653631285
 22 -105.5865921787709
 19 -103.5754189944134
 2 -101.5642458100559
 1 -99.55307262569832
 2 -97.54189944134077
 3 -95.53072625698323
 18 -93.5195530726257
 7441 -91.50837988826815
 11 -89.49720670391061
 6 -87.48603351955308
 3 -85.47486033519553
 0 -83.46368715083798
 0 -81.45251396648044
 6 -79.44134078212289
 11 -77.43016759776536
 58 -75.41899441340782
 26 -73.40782122905027
 65 -71.39664804469274
 119 -69.38547486033519
 64 -67.37430167597765
 106 -65.3631284916201
 54 -63.35195530726256
 264 -61.34078212290503
 132 -59.32960893854748
 170 -57.31843575418993
 102 -55.3072625698324
 80 -53.29608938547486
 211 -51.28491620111731
 51 -49.27374301675977
 115 -47.26256983240222
 3 -45.25139664804468
 271 -43.24022346368713
 6 -41.22905027932961
 163 -39.21787709497207
 237 -37.20670391061452
 411 -35.19553072625698
 122 -33.18435754189943
 53 -31.17318435754188
 174 -29.16201117318434
 3 -27.15083798882682
 69 -25.13966480446928
 564 -23.12849162011173
 127 -21.11731843575419
 58 -19.10614525139664
 20 -17.09497206703909
 38 -15.08379888268155
 135 -13.072625698324
 11 -11.06145251396646
 531 -9.050279329608941
 4 -7.039106145251395
 112 -5.02793296089385
 21 -3.016759776536304
 6 -1.005586592178759
 22 1.005586592178787
 141 3.016759776536333
 0 5.02793296089385
 528 7.039106145251395
 11 9.050279329608941
 131 11.06145251396649
 38 13.07262569832403
 21 15.08379888268158
 63 17.09497206703912
 122 19.10614525139667
 476 21.11731843575421
 59 23.12849162011173
 66 25.13966480446928
 104 27.15083798882682
 69 29.16201117318437
 165 31.17318435754191
 319 33.18435754189946
 234 35.195530726257
 135 37.20670391061452
 37 39.21787709497207
 272 41.22905027932961
 1 43.24022346368716
 109 45.2513966480447
 50 47.26256983240225
 216 49.27374301675979
 86 51.28491620111734
 190 53.29608938547489
 82 55.3072625698324
 153 57.31843575418995
 251 59.32960893854749
 56 61.34078212290504
 137 63.35195530726259
 87 65.36312849162013
 125 67.37430167597768
 53 69.38547486033519
 30 71.39664804469274
 35 73.40782122905028
 13 75.41899441340783
 13 77.43016759776538
 0 79.44134078212289
 1 81.45251396648047
 3 83.46368715083798
 6 85.47486033519556
 11 87.48603351955308
 7047 89.49720670391065
 7 91.50837988826817
 6 93.51955307262574
 2 95.53072625698326
 3 97.54189944134077
 7 99.55307262569835
 9 101.5642458100559
 30 103.5754189944134
 35 105.586592178771
 26 107.5977653631285
 120 109.608938547486
 107 111.6201117318436
 130 113.6312849162011
 4 115.6424581005587
 198 117.6536312849162
 139 119.6648044692737
 111 121.6759776536313
 184 123.6871508379888
 177 125.6983240223464
 74 127.7094972067039
 177 129.7206703910614
 185 131.731843575419
 4 133.7430167597765
 92 135.7541899441341
 166 137.7653631284916
 91 139.7765363128492
 140 141.7877094972067
 470 143.7988826815642
 98 145.8100558659218
 172 147.8212290502793
 60 149.8324022346369
 125 151.8435754189944
 53 153.854748603352
 448 155.8659217877095
 41 157.8770949720671
 142 159.8882681564246
 65 161.8994413407821
 48 163.9106145251397
 22 165.9217877094972
 116 167.9329608938548
 224 169.9441340782123
 321 171.9553072625699
 5 173.9664804469274
 160 175.9776536312849
 3 177.9888268156425
 0 180


