# Created by Octave 3.8.2, Mon Jun 22 18:55:45 2020 CEST <damian@fptrucha.inv.usc.es>
# name: hd
# type: matrix
# rows: 180
# columns: 2
 0 -180
 180 -177.9888268156425
 2 -175.9776536312849
 377 -173.9664804469274
 240 -171.9553072625698
 149 -169.9441340782123
 50 -167.9329608938548
 39 -165.9217877094972
 69 -163.9106145251397
 163 -161.8994413407821
 41 -159.8882681564246
 596 -157.877094972067
 74 -155.8659217877095
 146 -153.854748603352
 37 -151.8435754189944
 81 -149.8324022346369
 262 -147.8212290502793
 604 -145.8100558659218
 170 -143.7988826815642
 102 -141.7877094972067
 182 -139.7765363128491
 130 -137.7653631284916
 4 -135.7541899441341
 191 -133.7430167597765
 169 -131.731843575419
 94 -129.7206703910614
 206 -127.7094972067039
 226 -125.6983240223464
 102 -123.6871508379888
 199 -121.6759776536313
 210 -119.6648044692737
 7 -117.6536312849162
 114 -115.6424581005587
 119 -113.6312849162011
 125 -111.6201117318436
 25 -109.608938547486
 55 -107.5977653631285
 28 -105.5865921787709
 22 -103.5754189944134
 4 -101.5642458100559
 3 -99.55307262569832
 2 -97.54189944134077
 4 -95.53072625698323
 9 -93.5195530726257
 8641 -91.50837988826815
 12 -89.49720670391061
 4 -87.48603351955308
 4 -85.47486033519553
 2 -83.46368715083798
 5 -81.45251396648044
 14 -79.44134078212289
 13 -77.43016759776536
 52 -75.41899441340782
 27 -73.40782122905027
 63 -71.39664804469274
 116 -69.38547486033519
 98 -67.37430167597765
 112 -65.3631284916201
 58 -63.35195530726256
 269 -61.34078212290503
 148 -59.32960893854748
 205 -57.31843575418993
 84 -55.3072625698324
 71 -53.29608938547486
 256 -51.28491620111731
 77 -49.27374301675977
 93 -47.26256983240222
 4 -45.25139664804468
 322 -43.24022346368713
 6 -41.22905027932961
 160 -39.21787709497207
 313 -37.20670391061452
 482 -35.19553072625698
 130 -33.18435754189943
 71 -31.17318435754188
 180 -29.16201117318434
 13 -27.15083798882682
 66 -25.13966480446928
 627 -23.12849162011173
 128 -21.11731843575419
 61 -19.10614525139664
 11 -17.09497206703909
 40 -15.08379888268155
 140 -13.072625698324
 8 -11.06145251396646
 600 -9.050279329608941
 3 -7.039106145251395
 129 -5.02793296089385
 21 -3.016759776536304
 4 -1.005586592178759
 18 1.005586592178787
 136 3.016759776536333
 3 5.02793296089385
 538 7.039106145251395
 6 9.050279329608941
 149 11.06145251396649
 41 13.07262569832403
 17 15.08379888268158
 59 17.09497206703912
 139 19.10614525139667
 543 21.11731843575421
 72 23.12849162011173
 84 25.13966480446928
 106 27.15083798882682
 69 29.16201117318437
 200 31.17318435754191
 326 33.18435754189946
 278 35.195530726257
 150 37.20670391061452
 32 39.21787709497207
 282 41.22905027932961
 2 43.24022346368716
 128 45.2513966480447
 66 47.26256983240225
 206 49.27374301675979
 83 51.28491620111734
 209 53.29608938547489
 69 55.3072625698324
 133 57.31843575418995
 267 59.32960893854749
 50 61.34078212290504
 93 63.35195530726259
 76 65.36312849162013
 100 67.37430167597768
 56 69.38547486033519
 31 71.39664804469274
 40 73.40782122905028
 9 75.41899441340783
 4 77.43016759776538
 2 79.44134078212289
 1 81.45251396648047
 1 83.46368715083798
 3 85.47486033519556
 18 87.48603351955308
 7820 89.49720670391065
 6 91.50837988826817
 4 93.51955307262574
 0 95.53072625698326
 0 97.54189944134077
 0 99.55307262569835
 12 101.5642458100559
 22 103.5754189944134
 43 105.586592178771
 25 107.5977653631285
 129 109.608938547486
 119 111.6201117318436
 146 113.6312849162011
 2 115.6424581005587
 192 117.6536312849162
 152 119.6648044692737
 108 121.6759776536313
 185 123.6871508379888
 163 125.6983240223464
 75 127.7094972067039
 155 129.7206703910614
 215 131.731843575419
 2 133.7430167597765
 120 135.7541899441341
 180 137.7653631284916
 115 139.7765363128492
 141 141.7877094972067
 517 143.7988826815642
 114 145.8100558659218
 210 147.8212290502793
 37 149.8324022346369
 137 151.8435754189944
 64 153.854748603352
 487 155.8659217877095
 53 157.8770949720671
 130 159.8882681564246
 80 161.8994413407821
 54 163.9106145251397
 19 165.9217877094972
 137 167.9329608938548
 257 169.9441340782123
 321 171.9553072625699
 5 173.9664804469274
 181 175.9776536312849
 7 177.9888268156425
 0 180


