# Created by Octave 3.8.2, Sun Jun 21 03:50:46 2020 CEST <damian@fptrucha.inv.usc.es>
# name: hd
# type: matrix
# rows: 180
# columns: 2
 2 -180
 148 -177.9888268156425
 1 -175.9776536312849
 356 -173.9664804469274
 220 -171.9553072625698
 141 -169.9441340782123
 36 -167.9329608938548
 18 -165.9217877094972
 56 -163.9106145251397
 145 -161.8994413407821
 33 -159.8882681564246
 596 -157.877094972067
 65 -155.8659217877095
 97 -153.854748603352
 43 -151.8435754189944
 55 -149.8324022346369
 210 -147.8212290502793
 664 -145.8100558659218
 133 -143.7988826815642
 79 -141.7877094972067
 148 -139.7765363128491
 92 -137.7653631284916
 3 -135.7541899441341
 158 -133.7430167597765
 149 -131.731843575419
 79 -129.7206703910614
 166 -127.7094972067039
 200 -125.6983240223464
 98 -123.6871508379888
 205 -121.6759776536313
 169 -119.6648044692737
 2 -117.6536312849162
 83 -115.6424581005587
 109 -113.6312849162011
 124 -111.6201117318436
 12 -109.608938547486
 21 -107.5977653631285
 17 -105.5865921787709
 8 -103.5754189944134
 1 -101.5642458100559
 0 -99.55307262569832
 1 -97.54189944134077
 3 -95.53072625698323
 5 -93.5195530726257
 8093 -91.50837988826815
 11 -89.49720670391061
 3 -87.48603351955308
 2 -85.47486033519553
 1 -83.46368715083798
 2 -81.45251396648044
 5 -79.44134078212289
 2 -77.43016759776536
 48 -75.41899441340782
 29 -73.40782122905027
 59 -71.39664804469274
 113 -69.38547486033519
 89 -67.37430167597765
 85 -65.3631284916201
 49 -63.35195530726256
 286 -61.34078212290503
 130 -59.32960893854748
 220 -57.31843575418993
 101 -55.3072625698324
 74 -53.29608938547486
 210 -51.28491620111731
 62 -49.27374301675977
 107 -47.26256983240222
 4 -45.25139664804468
 271 -43.24022346368713
 0 -41.22905027932961
 148 -39.21787709497207
 291 -37.20670391061452
 460 -35.19553072625698
 106 -33.18435754189943
 67 -31.17318435754188
 140 -29.16201117318434
 7 -27.15083798882682
 50 -25.13966480446928
 624 -23.12849162011173
 145 -21.11731843575419
 42 -19.10614525139664
 8 -17.09497206703909
 37 -15.08379888268155
 149 -13.072625698324
 4 -11.06145251396646
 551 -9.050279329608941
 2 -7.039106145251395
 123 -5.02793296089385
 19 -3.016759776536304
 2 -1.005586592178759
 18 1.005586592178787
 83 3.016759776536333
 1 5.02793296089385
 538 7.039106145251395
 8 9.050279329608941
 133 11.06145251396649
 41 13.07262569832403
 10 15.08379888268158
 60 17.09497206703912
 105 19.10614525139667
 519 21.11731843575421
 54 23.12849162011173
 81 25.13966480446928
 108 27.15083798882682
 51 29.16201117318437
 210 31.17318435754191
 343 33.18435754189946
 223 35.195530726257
 171 37.20670391061452
 35 39.21787709497207
 297 41.22905027932961
 0 43.24022346368716
 105 45.2513966480447
 60 47.26256983240225
 198 49.27374301675979
 64 51.28491620111734
 168 53.29608938547489
 69 55.3072625698324
 141 57.31843575418995
 272 59.32960893854749
 62 61.34078212290504
 134 63.35195530726259
 57 65.36312849162013
 109 67.37430167597768
 31 69.38547486033519
 25 71.39664804469274
 50 73.40782122905028
 4 75.41899441340783
 7 77.43016759776538
 1 79.44134078212289
 2 81.45251396648047
 0 83.46368715083798
 2 85.47486033519556
 9 87.48603351955308
 7387 89.49720670391065
 9 91.50837988826817
 4 93.51955307262574
 0 95.53072625698326
 1 97.54189944134077
 2 99.55307262569835
 9 101.5642458100559
 11 103.5754189944134
 33 105.586592178771
 17 107.5977653631285
 94 109.608938547486
 110 111.6201117318436
 128 113.6312849162011
 2 115.6424581005587
 241 117.6536312849162
 166 119.6648044692737
 79 121.6759776536313
 161 123.6871508379888
 165 125.6983240223464
 57 127.7094972067039
 141 129.7206703910614
 183 131.731843575419
 2 133.7430167597765
 126 135.7541899441341
 144 137.7653631284916
 85 139.7765363128492
 137 141.7877094972067
 467 143.7988826815642
 103 145.8100558659218
 191 147.8212290502793
 39 149.8324022346369
 164 151.8435754189944
 61 153.854748603352
 450 155.8659217877095
 53 157.8770949720671
 131 159.8882681564246
 68 161.8994413407821
 48 163.9106145251397
 16 165.9217877094972
 112 167.9329608938548
 197 169.9441340782123
 294 171.9553072625699
 4 173.9664804469274
 174 175.9776536312849
 1 177.9888268156425
 0 180


