# Created by Octave 3.8.2, Sun Jun 21 08:03:49 2020 CEST <damian@fptrucha.inv.usc.es>
# name: hd
# type: matrix
# rows: 180
# columns: 2
 2 -180
 159 -177.9888268156425
 2 -175.9776536312849
 361 -173.9664804469274
 239 -171.9553072625698
 150 -169.9441340782123
 31 -167.9329608938548
 39 -165.9217877094972
 62 -163.9106145251397
 162 -161.8994413407821
 34 -159.8882681564246
 665 -157.877094972067
 68 -155.8659217877095
 105 -153.854748603352
 44 -151.8435754189944
 72 -149.8324022346369
 240 -147.8212290502793
 662 -145.8100558659218
 125 -143.7988826815642
 91 -141.7877094972067
 159 -139.7765363128491
 105 -137.7653631284916
 2 -135.7541899441341
 164 -133.7430167597765
 160 -131.731843575419
 80 -129.7206703910614
 165 -127.7094972067039
 192 -125.6983240223464
 84 -123.6871508379888
 197 -121.6759776536313
 198 -119.6648044692737
 4 -117.6536312849162
 101 -115.6424581005587
 111 -113.6312849162011
 109 -111.6201117318436
 22 -109.608938547486
 33 -107.5977653631285
 16 -105.5865921787709
 15 -103.5754189944134
 2 -101.5642458100559
 0 -99.55307262569832
 0 -97.54189944134077
 4 -95.53072625698323
 4 -93.5195530726257
 8302 -91.50837988826815
 9 -89.49720670391061
 3 -87.48603351955308
 1 -85.47486033519553
 0 -83.46368715083798
 3 -81.45251396648044
 5 -79.44134078212289
 10 -77.43016759776536
 55 -75.41899441340782
 22 -73.40782122905027
 48 -71.39664804469274
 116 -69.38547486033519
 72 -67.37430167597765
 101 -65.3631284916201
 48 -63.35195530726256
 308 -61.34078212290503
 154 -59.32960893854748
 251 -57.31843575418993
 110 -55.3072625698324
 88 -53.29608938547486
 229 -51.28491620111731
 69 -49.27374301675977
 130 -47.26256983240222
 4 -45.25139664804468
 290 -43.24022346368713
 3 -41.22905027932961
 154 -39.21787709497207
 285 -37.20670391061452
 459 -35.19553072625698
 97 -33.18435754189943
 64 -31.17318435754188
 153 -29.16201117318434
 6 -27.15083798882682
 61 -25.13966480446928
 652 -23.12849162011173
 141 -21.11731843575419
 46 -19.10614525139664
 13 -17.09497206703909
 36 -15.08379888268155
 162 -13.072625698324
 9 -11.06145251396646
 585 -9.050279329608941
 2 -7.039106145251395
 165 -5.02793296089385
 17 -3.016759776536304
 2 -1.005586592178759
 17 1.005586592178787
 140 3.016759776536333
 1 5.02793296089385
 527 7.039106145251395
 10 9.050279329608941
 120 11.06145251396649
 41 13.07262569832403
 8 15.08379888268158
 50 17.09497206703912
 121 19.10614525139667
 535 21.11731843575421
 66 23.12849162011173
 89 25.13966480446928
 100 27.15083798882682
 54 29.16201117318437
 202 31.17318435754191
 310 33.18435754189946
 233 35.195530726257
 155 37.20670391061452
 36 39.21787709497207
 298 41.22905027932961
 1 43.24022346368716
 104 45.2513966480447
 58 47.26256983240225
 228 49.27374301675979
 71 51.28491620111734
 191 53.29608938547489
 86 55.3072625698324
 135 57.31843575418995
 262 59.32960893854749
 77 61.34078212290504
 119 63.35195530726259
 82 65.36312849162013
 121 67.37430167597768
 43 69.38547486033519
 34 71.39664804469274
 46 73.40782122905028
 9 75.41899441340783
 6 77.43016759776538
 5 79.44134078212289
 0 81.45251396648047
 2 83.46368715083798
 0 85.47486033519556
 13 87.48603351955308
 7698 89.49720670391065
 5 91.50837988826817
 5 93.51955307262574
 3 95.53072625698326
 0 97.54189944134077
 1 99.55307262569835
 18 101.5642458100559
 25 103.5754189944134
 38 105.586592178771
 27 107.5977653631285
 95 109.608938547486
 123 111.6201117318436
 130 113.6312849162011
 0 115.6424581005587
 200 117.6536312849162
 152 119.6648044692737
 84 121.6759776536313
 170 123.6871508379888
 172 125.6983240223464
 81 127.7094972067039
 158 129.7206703910614
 214 131.731843575419
 3 133.7430167597765
 124 135.7541899441341
 165 137.7653631284916
 105 139.7765363128492
 140 141.7877094972067
 475 143.7988826815642
 100 145.8100558659218
 211 147.8212290502793
 41 149.8324022346369
 164 151.8435754189944
 74 153.854748603352
 464 155.8659217877095
 47 157.8770949720671
 135 159.8882681564246
 62 161.8994413407821
 59 163.9106145251397
 17 165.9217877094972
 121 167.9329608938548
 245 169.9441340782123
 317 171.9553072625699
 3 173.9664804469274
 136 175.9776536312849
 6 177.9888268156425
 0 180


