# Created by Octave 3.8.2, Sat Jun 20 03:02:06 2020 CEST <damian@fptrucha.inv.usc.es>
# name: hd
# type: matrix
# rows: 180
# columns: 2
 2 -180
 187 -177.9888268156425
 2 -175.9776536312849
 402 -173.9664804469274
 231 -171.9553072625698
 177 -169.9441340782123
 25 -167.9329608938548
 34 -165.9217877094972
 60 -163.9106145251397
 148 -161.8994413407821
 31 -159.8882681564246
 671 -157.877094972067
 82 -155.8659217877095
 140 -153.854748603352
 42 -151.8435754189944
 83 -149.8324022346369
 207 -147.8212290502793
 709 -145.8100558659218
 132 -143.7988826815642
 104 -141.7877094972067
 191 -139.7765363128491
 115 -137.7653631284916
 2 -135.7541899441341
 162 -133.7430167597765
 170 -131.731843575419
 74 -129.7206703910614
 185 -127.7094972067039
 256 -125.6983240223464
 101 -123.6871508379888
 188 -121.6759776536313
 215 -119.6648044692737
 2 -117.6536312849162
 115 -115.6424581005587
 150 -113.6312849162011
 148 -111.6201117318436
 21 -109.608938547486
 32 -107.5977653631285
 26 -105.5865921787709
 13 -103.5754189944134
 3 -101.5642458100559
 0 -99.55307262569832
 2 -97.54189944134077
 0 -95.53072625698323
 4 -93.5195530726257
 9264 -91.50837988826815
 12 -89.49720670391061
 1 -87.48603351955308
 0 -85.47486033519553
 0 -83.46368715083798
 4 -81.45251396648044
 7 -79.44134078212289
 6 -77.43016759776536
 71 -75.41899441340782
 28 -73.40782122905027
 55 -71.39664804469274
 126 -69.38547486033519
 83 -67.37430167597765
 121 -65.3631284916201
 59 -63.35195530726256
 325 -61.34078212290503
 153 -59.32960893854748
 244 -57.31843575418993
 103 -55.3072625698324
 72 -53.29608938547486
 231 -51.28491620111731
 61 -49.27374301675977
 118 -47.26256983240222
 1 -45.25139664804468
 331 -43.24022346368713
 3 -41.22905027932961
 149 -39.21787709497207
 308 -37.20670391061452
 494 -35.19553072625698
 120 -33.18435754189943
 71 -31.17318435754188
 185 -29.16201117318434
 9 -27.15083798882682
 61 -25.13966480446928
 688 -23.12849162011173
 143 -21.11731843575419
 51 -19.10614525139664
 11 -17.09497206703909
 43 -15.08379888268155
 167 -13.072625698324
 8 -11.06145251396646
 586 -9.050279329608941
 1 -7.039106145251395
 144 -5.02793296089385
 22 -3.016759776536304
 3 -1.005586592178759
 30 1.005586592178787
 133 3.016759776536333
 4 5.02793296089385
 560 7.039106145251395
 11 9.050279329608941
 142 11.06145251396649
 41 13.07262569832403
 10 15.08379888268158
 42 17.09497206703912
 110 19.10614525139667
 588 21.11731843575421
 59 23.12849162011173
 103 25.13966480446928
 85 27.15083798882682
 46 29.16201117318437
 249 31.17318435754191
 341 33.18435754189946
 242 35.195530726257
 136 37.20670391061452
 33 39.21787709497207
 260 41.22905027932961
 2 43.24022346368716
 130 45.2513966480447
 43 47.26256983240225
 229 49.27374301675979
 89 51.28491620111734
 188 53.29608938547489
 91 55.3072625698324
 157 57.31843575418995
 265 59.32960893854749
 53 61.34078212290504
 114 63.35195530726259
 84 65.36312849162013
 96 67.37430167597768
 50 69.38547486033519
 38 71.39664804469274
 37 73.40782122905028
 5 75.41899441340783
 7 77.43016759776538
 1 79.44134078212289
 1 81.45251396648047
 0 83.46368715083798
 4 85.47486033519556
 8 87.48603351955308
 8090 89.49720670391065
 5 91.50837988826817
 2 93.51955307262574
 1 95.53072625698326
 0 97.54189944134077
 4 99.55307262569835
 8 101.5642458100559
 22 103.5754189944134
 41 105.586592178771
 11 107.5977653631285
 99 109.608938547486
 119 111.6201117318436
 112 113.6312849162011
 4 115.6424581005587
 165 117.6536312849162
 144 119.6648044692737
 95 121.6759776536313
 177 123.6871508379888
 181 125.6983240223464
 74 127.7094972067039
 174 129.7206703910614
 176 131.731843575419
 2 133.7430167597765
 132 135.7541899441341
 185 137.7653631284916
 85 139.7765363128492
 140 141.7877094972067
 492 143.7988826815642
 130 145.8100558659218
 235 147.8212290502793
 36 149.8324022346369
 162 151.8435754189944
 61 153.854748603352
 534 155.8659217877095
 48 157.8770949720671
 153 159.8882681564246
 73 161.8994413407821
 56 163.9106145251397
 14 165.9217877094972
 151 167.9329608938548
 257 169.9441340782123
 334 171.9553072625699
 2 173.9664804469274
 169 175.9776536312849
 2 177.9888268156425
 0 180


