# Created by Octave 3.8.2, Mon Jun 22 14:43:35 2020 CEST <damian@fptrucha.inv.usc.es>
# name: hd
# type: matrix
# rows: 180
# columns: 2
 6 -180
 176 -177.9888268156425
 4 -175.9776536312849
 354 -173.9664804469274
 267 -171.9553072625698
 135 -169.9441340782123
 27 -167.9329608938548
 49 -165.9217877094972
 55 -163.9106145251397
 173 -161.8994413407821
 45 -159.8882681564246
 599 -157.877094972067
 73 -155.8659217877095
 134 -153.854748603352
 40 -151.8435754189944
 69 -149.8324022346369
 229 -147.8212290502793
 608 -145.8100558659218
 121 -143.7988826815642
 77 -141.7877094972067
 163 -139.7765363128491
 118 -137.7653631284916
 2 -135.7541899441341
 166 -133.7430167597765
 169 -131.731843575419
 86 -129.7206703910614
 186 -127.7094972067039
 208 -125.6983240223464
 107 -123.6871508379888
 175 -121.6759776536313
 174 -119.6648044692737
 3 -117.6536312849162
 130 -115.6424581005587
 122 -113.6312849162011
 115 -111.6201117318436
 21 -109.608938547486
 38 -107.5977653631285
 33 -105.5865921787709
 14 -103.5754189944134
 3 -101.5642458100559
 2 -99.55307262569832
 2 -97.54189944134077
 3 -95.53072625698323
 11 -93.5195530726257
 8085 -91.50837988826815
 12 -89.49720670391061
 4 -87.48603351955308
 3 -85.47486033519553
 0 -83.46368715083798
 5 -81.45251396648044
 6 -79.44134078212289
 8 -77.43016759776536
 53 -75.41899441340782
 18 -73.40782122905027
 52 -71.39664804469274
 107 -69.38547486033519
 70 -67.37430167597765
 103 -65.3631284916201
 56 -63.35195530726256
 247 -61.34078212290503
 126 -59.32960893854748
 215 -57.31843575418993
 85 -55.3072625698324
 81 -53.29608938547486
 212 -51.28491620111731
 60 -49.27374301675977
 123 -47.26256983240222
 5 -45.25139664804468
 279 -43.24022346368713
 2 -41.22905027932961
 168 -39.21787709497207
 316 -37.20670391061452
 393 -35.19553072625698
 108 -33.18435754189943
 84 -31.17318435754188
 160 -29.16201117318434
 5 -27.15083798882682
 66 -25.13966480446928
 555 -23.12849162011173
 150 -21.11731843575419
 53 -19.10614525139664
 13 -17.09497206703909
 42 -15.08379888268155
 190 -13.072625698324
 8 -11.06145251396646
 531 -9.050279329608941
 2 -7.039106145251395
 122 -5.02793296089385
 22 -3.016759776536304
 1 -1.005586592178759
 23 1.005586592178787
 154 3.016759776536333
 4 5.02793296089385
 572 7.039106145251395
 9 9.050279329608941
 154 11.06145251396649
 50 13.07262569832403
 12 15.08379888268158
 44 17.09497206703912
 155 19.10614525139667
 580 21.11731843575421
 58 23.12849162011173
 80 25.13966480446928
 96 27.15083798882682
 66 29.16201117318437
 189 31.17318435754191
 321 33.18435754189946
 268 35.195530726257
 139 37.20670391061452
 45 39.21787709497207
 313 41.22905027932961
 1 43.24022346368716
 141 45.2513966480447
 64 47.26256983240225
 256 49.27374301675979
 89 51.28491620111734
 213 53.29608938547489
 60 55.3072625698324
 151 57.31843575418995
 275 59.32960893854749
 59 61.34078212290504
 137 63.35195530726259
 85 65.36312849162013
 132 67.37430167597768
 61 69.38547486033519
 39 71.39664804469274
 57 73.40782122905028
 8 75.41899441340783
 8 77.43016759776538
 8 79.44134078212289
 1 81.45251396648047
 0 83.46368715083798
 10 85.47486033519556
 12 87.48603351955308
 7881 89.49720670391065
 11 91.50837988826817
 4 93.51955307262574
 1 95.53072625698326
 0 97.54189944134077
 5 99.55307262569835
 16 101.5642458100559
 23 103.5754189944134
 40 105.586592178771
 23 107.5977653631285
 132 109.608938547486
 131 111.6201117318436
 133 113.6312849162011
 4 115.6424581005587
 208 117.6536312849162
 181 119.6648044692737
 91 121.6759776536313
 174 123.6871508379888
 220 125.6983240223464
 75 127.7094972067039
 153 129.7206703910614
 209 131.731843575419
 4 133.7430167597765
 125 135.7541899441341
 203 137.7653631284916
 105 139.7765363128492
 134 141.7877094972067
 503 143.7988826815642
 122 145.8100558659218
 205 147.8212290502793
 41 149.8324022346369
 128 151.8435754189944
 82 153.854748603352
 475 155.8659217877095
 46 157.8770949720671
 160 159.8882681564246
 59 161.8994413407821
 62 163.9106145251397
 17 165.9217877094972
 143 167.9329608938548
 241 169.9441340782123
 344 171.9553072625699
 4 173.9664804469274
 175 175.9776536312849
 3 177.9888268156425
 0 180


