# Created by Octave 3.8.2, Mon Jun 22 03:02:02 2020 CEST <damian@fptrucha.inv.usc.es>
# name: hd
# type: matrix
# rows: 180
# columns: 2
 9 -180
 148 -177.9888268156425
 4 -175.9776536312849
 354 -173.9664804469274
 229 -171.9553072625698
 125 -169.9441340782123
 29 -167.9329608938548
 33 -165.9217877094972
 57 -163.9106145251397
 138 -161.8994413407821
 48 -159.8882681564246
 503 -157.877094972067
 63 -155.8659217877095
 118 -153.854748603352
 40 -151.8435754189944
 57 -149.8324022346369
 236 -147.8212290502793
 508 -145.8100558659218
 137 -143.7988826815642
 96 -141.7877094972067
 180 -139.7765363128491
 109 -137.7653631284916
 2 -135.7541899441341
 155 -133.7430167597765
 150 -131.731843575419
 68 -129.7206703910614
 167 -127.7094972067039
 194 -125.6983240223464
 92 -123.6871508379888
 148 -121.6759776536313
 203 -119.6648044692737
 5 -117.6536312849162
 99 -115.6424581005587
 125 -113.6312849162011
 117 -111.6201117318436
 26 -109.608938547486
 39 -107.5977653631285
 16 -105.5865921787709
 9 -103.5754189944134
 4 -101.5642458100559
 1 -99.55307262569832
 3 -97.54189944134077
 7 -95.53072625698323
 15 -93.5195530726257
 7378 -91.50837988826815
 23 -89.49720670391061
 7 -87.48603351955308
 3 -85.47486033519553
 1 -83.46368715083798
 1 -81.45251396648044
 7 -79.44134078212289
 7 -77.43016759776536
 37 -75.41899441340782
 41 -73.40782122905027
 55 -71.39664804469274
 93 -69.38547486033519
 70 -67.37430167597765
 105 -65.3631284916201
 41 -63.35195530726256
 258 -61.34078212290503
 137 -59.32960893854748
 189 -57.31843575418993
 93 -55.3072625698324
 63 -53.29608938547486
 216 -51.28491620111731
 50 -49.27374301675977
 119 -47.26256983240222
 1 -45.25139664804468
 280 -43.24022346368713
 5 -41.22905027932961
 159 -39.21787709497207
 244 -37.20670391061452
 405 -35.19553072625698
 112 -33.18435754189943
 67 -31.17318435754188
 143 -29.16201117318434
 8 -27.15083798882682
 54 -25.13966480446928
 523 -23.12849162011173
 115 -21.11731843575419
 55 -19.10614525139664
 17 -17.09497206703909
 40 -15.08379888268155
 113 -13.072625698324
 9 -11.06145251396646
 528 -9.050279329608941
 7 -7.039106145251395
 134 -5.02793296089385
 17 -3.016759776536304
 2 -1.005586592178759
 22 1.005586592178787
 132 3.016759776536333
 2 5.02793296089385
 522 7.039106145251395
 9 9.050279329608941
 132 11.06145251396649
 42 13.07262569832403
 14 15.08379888268158
 56 17.09497206703912
 122 19.10614525139667
 482 21.11731843575421
 57 23.12849162011173
 82 25.13966480446928
 82 27.15083798882682
 61 29.16201117318437
 208 31.17318435754191
 313 33.18435754189946
 234 35.195530726257
 127 37.20670391061452
 32 39.21787709497207
 269 41.22905027932961
 3 43.24022346368716
 124 45.2513966480447
 77 47.26256983240225
 216 49.27374301675979
 75 51.28491620111734
 164 53.29608938547489
 86 55.3072625698324
 152 57.31843575418995
 255 59.32960893854749
 61 61.34078212290504
 102 63.35195530726259
 73 65.36312849162013
 105 67.37430167597768
 39 69.38547486033519
 32 71.39664804469274
 58 73.40782122905028
 6 75.41899441340783
 12 77.43016759776538
 3 79.44134078212289
 2 81.45251396648047
 3 83.46368715083798
 9 85.47486033519556
 14 87.48603351955308
 7000 89.49720670391065
 9 91.50837988826817
 7 93.51955307262574
 4 95.53072625698326
 1 97.54189944134077
 2 99.55307262569835
 12 101.5642458100559
 22 103.5754189944134
 40 105.586592178771
 22 107.5977653631285
 98 109.608938547486
 112 111.6201117318436
 119 113.6312849162011
 3 115.6424581005587
 192 117.6536312849162
 156 119.6648044692737
 87 121.6759776536313
 176 123.6871508379888
 169 125.6983240223464
 79 127.7094972067039
 162 129.7206703910614
 167 131.731843575419
 0 133.7430167597765
 95 135.7541899441341
 175 137.7653631284916
 91 139.7765363128492
 114 141.7877094972067
 463 143.7988826815642
 100 145.8100558659218
 188 147.8212290502793
 44 149.8324022346369
 122 151.8435754189944
 52 153.854748603352
 437 155.8659217877095
 53 157.8770949720671
 137 159.8882681564246
 57 161.8994413407821
 51 163.9106145251397
 27 165.9217877094972
 145 167.9329608938548
 207 169.9441340782123
 358 171.9553072625699
 3 173.9664804469274
 156 175.9776536312849
 5 177.9888268156425
 0 180


