# Created by Octave 3.8.2, Mon Jun 22 19:20:06 2020 CEST <damian@fptrucha.inv.usc.es>
# name: hd
# type: matrix
# rows: 180
# columns: 2
 8 -180
 158 -177.9888268156425
 4 -175.9776536312849
 368 -173.9664804469274
 237 -171.9553072625698
 173 -169.9441340782123
 27 -167.9329608938548
 45 -165.9217877094972
 74 -163.9106145251397
 186 -161.8994413407821
 41 -159.8882681564246
 622 -157.877094972067
 75 -155.8659217877095
 126 -153.854748603352
 47 -151.8435754189944
 74 -149.8324022346369
 290 -147.8212290502793
 619 -145.8100558659218
 154 -143.7988826815642
 104 -141.7877094972067
 213 -139.7765363128491
 139 -137.7653631284916
 2 -135.7541899441341
 192 -133.7430167597765
 171 -131.731843575419
 86 -129.7206703910614
 175 -127.7094972067039
 264 -125.6983240223464
 107 -123.6871508379888
 183 -121.6759776536313
 227 -119.6648044692737
 5 -117.6536312849162
 122 -115.6424581005587
 105 -113.6312849162011
 129 -111.6201117318436
 19 -109.608938547486
 44 -107.5977653631285
 22 -105.5865921787709
 16 -103.5754189944134
 2 -101.5642458100559
 0 -99.55307262569832
 2 -97.54189944134077
 2 -95.53072625698323
 9 -93.5195530726257
 8439 -91.50837988826815
 11 -89.49720670391061
 3 -87.48603351955308
 3 -85.47486033519553
 1 -83.46368715083798
 6 -81.45251396648044
 16 -79.44134078212289
 9 -77.43016759776536
 59 -75.41899441340782
 35 -73.40782122905027
 55 -71.39664804469274
 141 -69.38547486033519
 87 -67.37430167597765
 108 -65.3631284916201
 64 -63.35195530726256
 278 -61.34078212290503
 146 -59.32960893854748
 234 -57.31843575418993
 89 -55.3072625698324
 89 -53.29608938547486
 251 -51.28491620111731
 63 -49.27374301675977
 120 -47.26256983240222
 3 -45.25139664804468
 292 -43.24022346368713
 2 -41.22905027932961
 179 -39.21787709497207
 323 -37.20670391061452
 450 -35.19553072625698
 133 -33.18435754189943
 61 -31.17318435754188
 161 -29.16201117318434
 13 -27.15083798882682
 72 -25.13966480446928
 624 -23.12849162011173
 138 -21.11731843575419
 63 -19.10614525139664
 12 -17.09497206703909
 41 -15.08379888268155
 166 -13.072625698324
 6 -11.06145251396646
 601 -9.050279329608941
 3 -7.039106145251395
 149 -5.02793296089385
 23 -3.016759776536304
 2 -1.005586592178759
 27 1.005586592178787
 154 3.016759776536333
 5 5.02793296089385
 580 7.039106145251395
 9 9.050279329608941
 140 11.06145251396649
 53 13.07262569832403
 13 15.08379888268158
 48 17.09497206703912
 127 19.10614525139667
 549 21.11731843575421
 63 23.12849162011173
 78 25.13966480446928
 98 27.15083798882682
 60 29.16201117318437
 181 31.17318435754191
 320 33.18435754189946
 257 35.195530726257
 170 37.20670391061452
 47 39.21787709497207
 287 41.22905027932961
 0 43.24022346368716
 131 45.2513966480447
 48 47.26256983240225
 237 49.27374301675979
 98 51.28491620111734
 190 53.29608938547489
 66 55.3072625698324
 162 57.31843575418995
 261 59.32960893854749
 72 61.34078212290504
 123 63.35195530726259
 79 65.36312849162013
 113 67.37430167597768
 43 69.38547486033519
 36 71.39664804469274
 44 73.40782122905028
 8 75.41899441340783
 14 77.43016759776538
 1 79.44134078212289
 0 81.45251396648047
 4 83.46368715083798
 3 85.47486033519556
 9 87.48603351955308
 7592 89.49720670391065
 8 91.50837988826817
 4 93.51955307262574
 0 95.53072625698326
 2 97.54189944134077
 2 99.55307262569835
 14 101.5642458100559
 24 103.5754189944134
 34 105.586592178771
 22 107.5977653631285
 110 109.608938547486
 109 111.6201117318436
 118 113.6312849162011
 4 115.6424581005587
 191 117.6536312849162
 178 119.6648044692737
 106 121.6759776536313
 184 123.6871508379888
 208 125.6983240223464
 90 127.7094972067039
 156 129.7206703910614
 197 131.731843575419
 7 133.7430167597765
 119 135.7541899441341
 173 137.7653631284916
 91 139.7765363128492
 148 141.7877094972067
 553 143.7988826815642
 125 145.8100558659218
 200 147.8212290502793
 30 149.8324022346369
 152 151.8435754189944
 72 153.854748603352
 512 155.8659217877095
 53 157.8770949720671
 148 159.8882681564246
 74 161.8994413407821
 49 163.9106145251397
 24 165.9217877094972
 145 167.9329608938548
 246 169.9441340782123
 350 171.9553072625699
 1 173.9664804469274
 165 175.9776536312849
 10 177.9888268156425
 0 180


