# Created by Octave 3.8.2, Sat Jun 20 20:52:04 2020 CEST <damian@fptrucha.inv.usc.es>
# name: hd
# type: matrix
# rows: 180
# columns: 2
 4 -180
 164 -177.9888268156425
 11 -175.9776536312849
 361 -173.9664804469274
 239 -171.9553072625698
 149 -169.9441340782123
 27 -167.9329608938548
 36 -165.9217877094972
 38 -163.9106145251397
 174 -161.8994413407821
 30 -159.8882681564246
 613 -157.877094972067
 69 -155.8659217877095
 137 -153.854748603352
 45 -151.8435754189944
 75 -149.8324022346369
 203 -147.8212290502793
 641 -145.8100558659218
 129 -143.7988826815642
 100 -141.7877094972067
 173 -139.7765363128491
 106 -137.7653631284916
 1 -135.7541899441341
 174 -133.7430167597765
 146 -131.731843575419
 58 -129.7206703910614
 162 -127.7094972067039
 215 -125.6983240223464
 112 -123.6871508379888
 174 -121.6759776536313
 188 -119.6648044692737
 2 -117.6536312849162
 105 -115.6424581005587
 87 -113.6312849162011
 137 -111.6201117318436
 26 -109.608938547486
 30 -107.5977653631285
 27 -105.5865921787709
 12 -103.5754189944134
 4 -101.5642458100559
 0 -99.55307262569832
 1 -97.54189944134077
 1 -95.53072625698323
 1 -93.5195530726257
 7949 -91.50837988826815
 12 -89.49720670391061
 1 -87.48603351955308
 1 -85.47486033519553
 0 -83.46368715083798
 1 -81.45251396648044
 10 -79.44134078212289
 5 -77.43016759776536
 46 -75.41899441340782
 24 -73.40782122905027
 67 -71.39664804469274
 108 -69.38547486033519
 69 -67.37430167597765
 84 -65.3631284916201
 40 -63.35195530726256
 267 -61.34078212290503
 138 -59.32960893854748
 226 -57.31843575418993
 83 -55.3072625698324
 82 -53.29608938547486
 242 -51.28491620111731
 54 -49.27374301675977
 98 -47.26256983240222
 0 -45.25139664804468
 236 -43.24022346368713
 3 -41.22905027932961
 135 -39.21787709497207
 311 -37.20670391061452
 430 -35.19553072625698
 101 -33.18435754189943
 58 -31.17318435754188
 143 -29.16201117318434
 12 -27.15083798882682
 51 -25.13966480446928
 635 -23.12849162011173
 145 -21.11731843575419
 42 -19.10614525139664
 12 -17.09497206703909
 42 -15.08379888268155
 165 -13.072625698324
 8 -11.06145251396646
 584 -9.050279329608941
 2 -7.039106145251395
 131 -5.02793296089385
 19 -3.016759776536304
 6 -1.005586592178759
 21 1.005586592178787
 119 3.016759776536333
 4 5.02793296089385
 547 7.039106145251395
 5 9.050279329608941
 121 11.06145251396649
 44 13.07262569832403
 9 15.08379888268158
 65 17.09497206703912
 93 19.10614525139667
 511 21.11731843575421
 55 23.12849162011173
 99 25.13966480446928
 102 27.15083798882682
 54 29.16201117318437
 222 31.17318435754191
 328 33.18435754189946
 221 35.195530726257
 150 37.20670391061452
 29 39.21787709497207
 297 41.22905027932961
 3 43.24022346368716
 130 45.2513966480447
 46 47.26256983240225
 218 49.27374301675979
 87 51.28491620111734
 195 53.29608938547489
 84 55.3072625698324
 150 57.31843575418995
 261 59.32960893854749
 65 61.34078212290504
 112 63.35195530726259
 62 65.36312849162013
 114 67.37430167597768
 45 69.38547486033519
 34 71.39664804469274
 49 73.40782122905028
 4 75.41899441340783
 4 77.43016759776538
 0 79.44134078212289
 0 81.45251396648047
 0 83.46368715083798
 1 85.47486033519556
 11 87.48603351955308
 7725 89.49720670391065
 3 91.50837988826817
 1 93.51955307262574
 1 95.53072625698326
 1 97.54189944134077
 3 99.55307262569835
 19 101.5642458100559
 22 103.5754189944134
 46 105.586592178771
 16 107.5977653631285
 110 109.608938547486
 85 111.6201117318436
 126 113.6312849162011
 1 115.6424581005587
 190 117.6536312849162
 174 119.6648044692737
 90 121.6759776536313
 165 123.6871508379888
 165 125.6983240223464
 75 127.7094972067039
 173 129.7206703910614
 188 131.731843575419
 2 133.7430167597765
 109 135.7541899441341
 174 137.7653631284916
 96 139.7765363128492
 139 141.7877094972067
 436 143.7988826815642
 127 145.8100558659218
 200 147.8212290502793
 42 149.8324022346369
 141 151.8435754189944
 56 153.854748603352
 448 155.8659217877095
 40 157.8770949720671
 130 159.8882681564246
 67 161.8994413407821
 44 163.9106145251397
 20 165.9217877094972
 125 167.9329608938548
 189 169.9441340782123
 315 171.9553072625699
 5 173.9664804469274
 154 175.9776536312849
 4 177.9888268156425
 0 180


