# Created by Octave 3.8.2, Mon Jun 22 06:25:36 2020 CEST <damian@fptrucha.inv.usc.es>
# name: hd
# type: matrix
# rows: 180
# columns: 2
 2 -180
 170 -177.9888268156425
 1 -175.9776536312849
 330 -173.9664804469274
 220 -171.9553072625698
 150 -169.9441340782123
 31 -167.9329608938548
 48 -165.9217877094972
 70 -163.9106145251397
 140 -161.8994413407821
 37 -159.8882681564246
 504 -157.877094972067
 74 -155.8659217877095
 133 -153.854748603352
 48 -151.8435754189944
 61 -149.8324022346369
 203 -147.8212290502793
 491 -145.8100558659218
 122 -143.7988826815642
 83 -141.7877094972067
 170 -139.7765363128491
 105 -137.7653631284916
 5 -135.7541899441341
 158 -133.7430167597765
 162 -131.731843575419
 86 -129.7206703910614
 162 -127.7094972067039
 196 -125.6983240223464
 96 -123.6871508379888
 164 -121.6759776536313
 166 -119.6648044692737
 7 -117.6536312849162
 116 -115.6424581005587
 114 -113.6312849162011
 100 -111.6201117318436
 23 -109.608938547486
 43 -107.5977653631285
 21 -105.5865921787709
 15 -103.5754189944134
 2 -101.5642458100559
 2 -99.55307262569832
 2 -97.54189944134077
 6 -95.53072625698323
 8 -93.5195530726257
 7422 -91.50837988826815
 10 -89.49720670391061
 5 -87.48603351955308
 3 -85.47486033519553
 0 -83.46368715083798
 1 -81.45251396648044
 7 -79.44134078212289
 10 -77.43016759776536
 50 -75.41899441340782
 35 -73.40782122905027
 41 -71.39664804469274
 110 -69.38547486033519
 91 -67.37430167597765
 121 -65.3631284916201
 44 -63.35195530726256
 232 -61.34078212290503
 166 -59.32960893854748
 195 -57.31843575418993
 89 -55.3072625698324
 70 -53.29608938547486
 207 -51.28491620111731
 67 -49.27374301675977
 98 -47.26256983240222
 1 -45.25139664804468
 245 -43.24022346368713
 5 -41.22905027932961
 165 -39.21787709497207
 259 -37.20670391061452
 378 -35.19553072625698
 108 -33.18435754189943
 64 -31.17318435754188
 173 -29.16201117318434
 14 -27.15083798882682
 47 -25.13966480446928
 548 -23.12849162011173
 123 -21.11731843575419
 56 -19.10614525139664
 15 -17.09497206703909
 49 -15.08379888268155
 154 -13.072625698324
 8 -11.06145251396646
 552 -9.050279329608941
 2 -7.039106145251395
 121 -5.02793296089385
 23 -3.016759776536304
 5 -1.005586592178759
 23 1.005586592178787
 135 3.016759776536333
 0 5.02793296089385
 512 7.039106145251395
 7 9.050279329608941
 165 11.06145251396649
 39 13.07262569832403
 8 15.08379888268158
 52 17.09497206703912
 126 19.10614525139667
 540 21.11731843575421
 61 23.12849162011173
 61 25.13966480446928
 102 27.15083798882682
 58 29.16201117318437
 166 31.17318435754191
 326 33.18435754189946
 255 35.195530726257
 131 37.20670391061452
 36 39.21787709497207
 281 41.22905027932961
 3 43.24022346368716
 112 45.2513966480447
 79 47.26256983240225
 222 49.27374301675979
 94 51.28491620111734
 198 53.29608938547489
 87 55.3072625698324
 142 57.31843575418995
 240 59.32960893854749
 43 61.34078212290504
 107 63.35195530726259
 67 65.36312849162013
 111 67.37430167597768
 49 69.38547486033519
 35 71.39664804469274
 61 73.40782122905028
 8 75.41899441340783
 10 77.43016759776538
 4 79.44134078212289
 2 81.45251396648047
 3 83.46368715083798
 3 85.47486033519556
 16 87.48603351955308
 7170 89.49720670391065
 8 91.50837988826817
 4 93.51955307262574
 0 95.53072625698326
 2 97.54189944134077
 9 99.55307262569835
 14 101.5642458100559
 23 103.5754189944134
 43 105.586592178771
 21 107.5977653631285
 102 109.608938547486
 112 111.6201117318436
 110 113.6312849162011
 3 115.6424581005587
 183 117.6536312849162
 149 119.6648044692737
 108 121.6759776536313
 171 123.6871508379888
 177 125.6983240223464
 74 127.7094972067039
 147 129.7206703910614
 176 131.731843575419
 3 133.7430167597765
 114 135.7541899441341
 181 137.7653631284916
 94 139.7765363128492
 126 141.7877094972067
 462 143.7988826815642
 107 145.8100558659218
 157 147.8212290502793
 46 149.8324022346369
 124 151.8435754189944
 69 153.854748603352
 473 155.8659217877095
 44 157.8770949720671
 127 159.8882681564246
 69 161.8994413407821
 51 163.9106145251397
 24 165.9217877094972
 147 167.9329608938548
 199 169.9441340782123
 358 171.9553072625699
 7 173.9664804469274
 152 175.9776536312849
 4 177.9888268156425
 0 180


