# Created by Octave 3.8.2, Mon Jun 22 12:38:47 2020 CEST <damian@fptrucha.inv.usc.es>
# name: hd
# type: matrix
# rows: 180
# columns: 2
 1 -180
 185 -177.9888268156425
 7 -175.9776536312849
 335 -173.9664804469274
 238 -171.9553072625698
 125 -169.9441340782123
 32 -167.9329608938548
 31 -165.9217877094972
 66 -163.9106145251397
 152 -161.8994413407821
 33 -159.8882681564246
 591 -157.877094972067
 82 -155.8659217877095
 146 -153.854748603352
 52 -151.8435754189944
 69 -149.8324022346369
 228 -147.8212290502793
 574 -145.8100558659218
 142 -143.7988826815642
 85 -141.7877094972067
 193 -139.7765363128491
 128 -137.7653631284916
 6 -135.7541899441341
 158 -133.7430167597765
 159 -131.731843575419
 79 -129.7206703910614
 188 -127.7094972067039
 210 -125.6983240223464
 99 -123.6871508379888
 157 -121.6759776536313
 182 -119.6648044692737
 6 -117.6536312849162
 121 -115.6424581005587
 135 -113.6312849162011
 113 -111.6201117318436
 20 -109.608938547486
 41 -107.5977653631285
 17 -105.5865921787709
 19 -103.5754189944134
 6 -101.5642458100559
 0 -99.55307262569832
 2 -97.54189944134077
 2 -95.53072625698323
 6 -93.5195530726257
 8184 -91.50837988826815
 13 -89.49720670391061
 3 -87.48603351955308
 1 -85.47486033519553
 0 -83.46368715083798
 2 -81.45251396648044
 3 -79.44134078212289
 6 -77.43016759776536
 63 -75.41899441340782
 27 -73.40782122905027
 47 -71.39664804469274
 100 -69.38547486033519
 82 -67.37430167597765
 116 -65.3631284916201
 52 -63.35195530726256
 243 -61.34078212290503
 164 -59.32960893854748
 213 -57.31843575418993
 103 -55.3072625698324
 68 -53.29608938547486
 221 -51.28491620111731
 50 -49.27374301675977
 116 -47.26256983240222
 2 -45.25139664804468
 265 -43.24022346368713
 6 -41.22905027932961
 147 -39.21787709497207
 309 -37.20670391061452
 421 -35.19553072625698
 105 -33.18435754189943
 62 -31.17318435754188
 177 -29.16201117318434
 7 -27.15083798882682
 74 -25.13966480446928
 645 -23.12849162011173
 128 -21.11731843575419
 61 -19.10614525139664
 14 -17.09497206703909
 33 -15.08379888268155
 150 -13.072625698324
 6 -11.06145251396646
 542 -9.050279329608941
 1 -7.039106145251395
 137 -5.02793296089385
 19 -3.016759776536304
 4 -1.005586592178759
 26 1.005586592178787
 122 3.016759776536333
 1 5.02793296089385
 588 7.039106145251395
 7 9.050279329608941
 164 11.06145251396649
 37 13.07262569832403
 9 15.08379888268158
 53 17.09497206703912
 129 19.10614525139667
 548 21.11731843575421
 57 23.12849162011173
 75 25.13966480446928
 100 27.15083798882682
 57 29.16201117318437
 212 31.17318435754191
 393 33.18435754189946
 268 35.195530726257
 148 37.20670391061452
 29 39.21787709497207
 292 41.22905027932961
 2 43.24022346368716
 129 45.2513966480447
 65 47.26256983240225
 214 49.27374301675979
 94 51.28491620111734
 216 53.29608938547489
 71 55.3072625698324
 125 57.31843575418995
 270 59.32960893854749
 64 61.34078212290504
 111 63.35195530726259
 92 65.36312849162013
 136 67.37430167597768
 53 69.38547486033519
 40 71.39664804469274
 50 73.40782122905028
 6 75.41899441340783
 8 77.43016759776538
 4 79.44134078212289
 0 81.45251396648047
 1 83.46368715083798
 5 85.47486033519556
 8 87.48603351955308
 7557 89.49720670391065
 9 91.50837988826817
 6 93.51955307262574
 2 95.53072625698326
 2 97.54189944134077
 2 99.55307262569835
 18 101.5642458100559
 19 103.5754189944134
 43 105.586592178771
 25 107.5977653631285
 117 109.608938547486
 115 111.6201117318436
 118 113.6312849162011
 4 115.6424581005587
 184 117.6536312849162
 190 119.6648044692737
 109 121.6759776536313
 170 123.6871508379888
 174 125.6983240223464
 89 127.7094972067039
 181 129.7206703910614
 195 131.731843575419
 2 133.7430167597765
 139 135.7541899441341
 145 137.7653631284916
 93 139.7765363128492
 124 141.7877094972067
 497 143.7988826815642
 121 145.8100558659218
 206 147.8212290502793
 42 149.8324022346369
 145 151.8435754189944
 59 153.854748603352
 478 155.8659217877095
 34 157.8770949720671
 149 159.8882681564246
 69 161.8994413407821
 61 163.9106145251397
 10 165.9217877094972
 130 167.9329608938548
 227 169.9441340782123
 341 171.9553072625699
 4 173.9664804469274
 179 175.9776536312849
 2 177.9888268156425
 0 180


