# Created by Octave 3.8.2, Mon Jun 22 04:54:48 2020 CEST <damian@fptrucha.inv.usc.es>
# name: hd
# type: matrix
# rows: 180
# columns: 2
 6 -180
 154 -177.9888268156425
 2 -175.9776536312849
 315 -173.9664804469274
 205 -171.9553072625698
 120 -169.9441340782123
 34 -167.9329608938548
 32 -165.9217877094972
 66 -163.9106145251397
 126 -161.8994413407821
 39 -159.8882681564246
 470 -157.877094972067
 60 -155.8659217877095
 116 -153.854748603352
 41 -151.8435754189944
 76 -149.8324022346369
 217 -147.8212290502793
 531 -145.8100558659218
 123 -143.7988826815642
 79 -141.7877094972067
 146 -139.7765363128491
 105 -137.7653631284916
 3 -135.7541899441341
 166 -133.7430167597765
 142 -131.731843575419
 70 -129.7206703910614
 173 -127.7094972067039
 203 -125.6983240223464
 92 -123.6871508379888
 196 -121.6759776536313
 174 -119.6648044692737
 7 -117.6536312849162
 100 -115.6424581005587
 100 -113.6312849162011
 111 -111.6201117318436
 19 -109.608938547486
 41 -107.5977653631285
 22 -105.5865921787709
 16 -103.5754189944134
 5 -101.5642458100559
 3 -99.55307262569832
 2 -97.54189944134077
 6 -95.53072625698323
 6 -93.5195530726257
 7162 -91.50837988826815
 13 -89.49720670391061
 3 -87.48603351955308
 1 -85.47486033519553
 2 -83.46368715083798
 0 -81.45251396648044
 7 -79.44134078212289
 8 -77.43016759776536
 48 -75.41899441340782
 36 -73.40782122905027
 41 -71.39664804469274
 120 -69.38547486033519
 82 -67.37430167597765
 119 -65.3631284916201
 52 -63.35195530726256
 264 -61.34078212290503
 146 -59.32960893854748
 201 -57.31843575418993
 87 -55.3072625698324
 69 -53.29608938547486
 205 -51.28491620111731
 70 -49.27374301675977
 121 -47.26256983240222
 2 -45.25139664804468
 257 -43.24022346368713
 4 -41.22905027932961
 153 -39.21787709497207
 221 -37.20670391061452
 389 -35.19553072625698
 101 -33.18435754189943
 55 -31.17318435754188
 157 -29.16201117318434
 10 -27.15083798882682
 68 -25.13966480446928
 516 -23.12849162011173
 122 -21.11731843575419
 38 -19.10614525139664
 16 -17.09497206703909
 45 -15.08379888268155
 122 -13.072625698324
 13 -11.06145251396646
 480 -9.050279329608941
 5 -7.039106145251395
 123 -5.02793296089385
 26 -3.016759776536304
 1 -1.005586592178759
 22 1.005586592178787
 126 3.016759776536333
 2 5.02793296089385
 555 7.039106145251395
 13 9.050279329608941
 147 11.06145251396649
 45 13.07262569832403
 12 15.08379888268158
 56 17.09497206703912
 130 19.10614525139667
 430 21.11731843575421
 45 23.12849162011173
 73 25.13966480446928
 83 27.15083798882682
 67 29.16201117318437
 198 31.17318435754191
 280 33.18435754189946
 251 35.195530726257
 122 37.20670391061452
 29 39.21787709497207
 249 41.22905027932961
 2 43.24022346368716
 104 45.2513966480447
 64 47.26256983240225
 200 49.27374301675979
 87 51.28491620111734
 186 53.29608938547489
 75 55.3072625698324
 118 57.31843575418995
 230 59.32960893854749
 60 61.34078212290504
 128 63.35195530726259
 74 65.36312849162013
 111 67.37430167597768
 51 69.38547486033519
 21 71.39664804469274
 35 73.40782122905028
 15 75.41899441340783
 7 77.43016759776538
 2 79.44134078212289
 2 81.45251396648047
 2 83.46368715083798
 6 85.47486033519556
 14 87.48603351955308
 6703 89.49720670391065
 8 91.50837988826817
 0 93.51955307262574
 4 95.53072625698326
 1 97.54189944134077
 3 99.55307262569835
 15 101.5642458100559
 20 103.5754189944134
 56 105.586592178771
 25 107.5977653631285
 112 109.608938547486
 113 111.6201117318436
 108 113.6312849162011
 4 115.6424581005587
 162 117.6536312849162
 171 119.6648044692737
 94 121.6759776536313
 163 123.6871508379888
 181 125.6983240223464
 85 127.7094972067039
 162 129.7206703910614
 179 131.731843575419
 3 133.7430167597765
 104 135.7541899441341
 159 137.7653631284916
 89 139.7765363128492
 115 141.7877094972067
 426 143.7988826815642
 125 145.8100558659218
 182 147.8212290502793
 47 149.8324022346369
 154 151.8435754189944
 72 153.854748603352
 432 155.8659217877095
 41 157.8770949720671
 129 159.8882681564246
 62 161.8994413407821
 43 163.9106145251397
 26 165.9217877094972
 127 167.9329608938548
 216 169.9441340782123
 286 171.9553072625699
 4 173.9664804469274
 150 175.9776536312849
 7 177.9888268156425
 0 180


