# Created by Octave 3.8.2, Mon Jun 22 09:23:59 2020 CEST <damian@fptrucha.inv.usc.es>
# name: hd
# type: matrix
# rows: 180
# columns: 2
 5 -180
 169 -177.9888268156425
 1 -175.9776536312849
 379 -173.9664804469274
 237 -171.9553072625698
 136 -169.9441340782123
 32 -167.9329608938548
 52 -165.9217877094972
 86 -163.9106145251397
 126 -161.8994413407821
 44 -159.8882681564246
 553 -157.877094972067
 57 -155.8659217877095
 137 -153.854748603352
 44 -151.8435754189944
 73 -149.8324022346369
 226 -147.8212290502793
 546 -145.8100558659218
 117 -143.7988826815642
 75 -141.7877094972067
 149 -139.7765363128491
 118 -137.7653631284916
 5 -135.7541899441341
 173 -133.7430167597765
 141 -131.731843575419
 88 -129.7206703910614
 158 -127.7094972067039
 202 -125.6983240223464
 84 -123.6871508379888
 162 -121.6759776536313
 192 -119.6648044692737
 3 -117.6536312849162
 95 -115.6424581005587
 111 -113.6312849162011
 118 -111.6201117318436
 23 -109.608938547486
 43 -107.5977653631285
 14 -105.5865921787709
 12 -103.5754189944134
 3 -101.5642458100559
 0 -99.55307262569832
 1 -97.54189944134077
 6 -95.53072625698323
 7 -93.5195530726257
 7801 -91.50837988826815
 21 -89.49720670391061
 5 -87.48603351955308
 3 -85.47486033519553
 0 -83.46368715083798
 3 -81.45251396648044
 12 -79.44134078212289
 11 -77.43016759776536
 60 -75.41899441340782
 30 -73.40782122905027
 42 -71.39664804469274
 115 -69.38547486033519
 63 -67.37430167597765
 120 -65.3631284916201
 55 -63.35195530726256
 253 -61.34078212290503
 100 -59.32960893854748
 206 -57.31843575418993
 89 -55.3072625698324
 68 -53.29608938547486
 250 -51.28491620111731
 53 -49.27374301675977
 101 -47.26256983240222
 3 -45.25139664804468
 268 -43.24022346368713
 3 -41.22905027932961
 178 -39.21787709497207
 262 -37.20670391061452
 414 -35.19553072625698
 102 -33.18435754189943
 68 -31.17318435754188
 168 -29.16201117318434
 12 -27.15083798882682
 69 -25.13966480446928
 542 -23.12849162011173
 115 -21.11731843575419
 53 -19.10614525139664
 11 -17.09497206703909
 47 -15.08379888268155
 157 -13.072625698324
 10 -11.06145251396646
 569 -9.050279329608941
 3 -7.039106145251395
 132 -5.02793296089385
 26 -3.016759776536304
 2 -1.005586592178759
 19 1.005586592178787
 148 3.016759776536333
 9 5.02793296089385
 518 7.039106145251395
 7 9.050279329608941
 120 11.06145251396649
 39 13.07262569832403
 12 15.08379888268158
 58 17.09497206703912
 116 19.10614525139667
 538 21.11731843575421
 66 23.12849162011173
 72 25.13966480446928
 89 27.15083798882682
 67 29.16201117318437
 197 31.17318435754191
 329 33.18435754189946
 219 35.195530726257
 151 37.20670391061452
 33 39.21787709497207
 295 41.22905027932961
 2 43.24022346368716
 141 45.2513966480447
 57 47.26256983240225
 236 49.27374301675979
 81 51.28491620111734
 199 53.29608938547489
 78 55.3072625698324
 145 57.31843575418995
 277 59.32960893854749
 46 61.34078212290504
 102 63.35195530726259
 66 65.36312849162013
 100 67.37430167597768
 54 69.38547486033519
 32 71.39664804469274
 54 73.40782122905028
 12 75.41899441340783
 14 77.43016759776538
 4 79.44134078212289
 0 81.45251396648047
 2 83.46368715083798
 2 85.47486033519556
 18 87.48603351955308
 7417 89.49720670391065
 11 91.50837988826817
 6 93.51955307262574
 1 95.53072625698326
 0 97.54189944134077
 3 99.55307262569835
 15 101.5642458100559
 26 103.5754189944134
 39 105.586592178771
 18 107.5977653631285
 89 109.608938547486
 115 111.6201117318436
 134 113.6312849162011
 3 115.6424581005587
 198 117.6536312849162
 184 119.6648044692737
 88 121.6759776536313
 189 123.6871508379888
 165 125.6983240223464
 84 127.7094972067039
 150 129.7206703910614
 197 131.731843575419
 2 133.7430167597765
 123 135.7541899441341
 149 137.7653631284916
 98 139.7765363128492
 147 141.7877094972067
 465 143.7988826815642
 106 145.8100558659218
 201 147.8212290502793
 51 149.8324022346369
 123 151.8435754189944
 65 153.854748603352
 474 155.8659217877095
 46 157.8770949720671
 139 159.8882681564246
 64 161.8994413407821
 41 163.9106145251397
 23 165.9217877094972
 139 167.9329608938548
 218 169.9441340782123
 338 171.9553072625699
 8 173.9664804469274
 158 175.9776536312849
 4 177.9888268156425
 0 180


