# Created by Octave 3.8.2, Sat Jun 20 13:40:20 2020 CEST <damian@fptrucha.inv.usc.es>
# name: hd
# type: matrix
# rows: 180
# columns: 2
 5 -180
 196 -177.9888268156425
 5 -175.9776536312849
 376 -173.9664804469274
 247 -171.9553072625698
 139 -169.9441340782123
 26 -167.9329608938548
 43 -165.9217877094972
 52 -163.9106145251397
 161 -161.8994413407821
 43 -159.8882681564246
 676 -157.877094972067
 52 -155.8659217877095
 119 -153.854748603352
 39 -151.8435754189944
 68 -149.8324022346369
 235 -147.8212290502793
 685 -145.8100558659218
 145 -143.7988826815642
 88 -141.7877094972067
 162 -139.7765363128491
 94 -137.7653631284916
 0 -135.7541899441341
 171 -133.7430167597765
 157 -131.731843575419
 80 -129.7206703910614
 193 -127.7094972067039
 239 -125.6983240223464
 95 -123.6871508379888
 188 -121.6759776536313
 195 -119.6648044692737
 1 -117.6536312849162
 101 -115.6424581005587
 120 -113.6312849162011
 136 -111.6201117318436
 17 -109.608938547486
 28 -107.5977653631285
 20 -105.5865921787709
 16 -103.5754189944134
 2 -101.5642458100559
 0 -99.55307262569832
 0 -97.54189944134077
 6 -95.53072625698323
 11 -93.5195530726257
 8555 -91.50837988826815
 7 -89.49720670391061
 2 -87.48603351955308
 0 -85.47486033519553
 0 -83.46368715083798
 2 -81.45251396648044
 5 -79.44134078212289
 5 -77.43016759776536
 42 -75.41899441340782
 17 -73.40782122905027
 55 -71.39664804469274
 108 -69.38547486033519
 70 -67.37430167597765
 106 -65.3631284916201
 61 -63.35195530726256
 288 -61.34078212290503
 155 -59.32960893854748
 235 -57.31843575418993
 85 -55.3072625698324
 85 -53.29608938547486
 224 -51.28491620111731
 47 -49.27374301675977
 105 -47.26256983240222
 0 -45.25139664804468
 291 -43.24022346368713
 4 -41.22905027932961
 173 -39.21787709497207
 335 -37.20670391061452
 459 -35.19553072625698
 106 -33.18435754189943
 61 -31.17318435754188
 177 -29.16201117318434
 6 -27.15083798882682
 49 -25.13966480446928
 655 -23.12849162011173
 161 -21.11731843575419
 50 -19.10614525139664
 17 -17.09497206703909
 41 -15.08379888268155
 169 -13.072625698324
 9 -11.06145251396646
 620 -9.050279329608941
 2 -7.039106145251395
 131 -5.02793296089385
 22 -3.016759776536304
 1 -1.005586592178759
 22 1.005586592178787
 138 3.016759776536333
 2 5.02793296089385
 589 7.039106145251395
 7 9.050279329608941
 140 11.06145251396649
 54 13.07262569832403
 9 15.08379888268158
 51 17.09497206703912
 109 19.10614525139667
 539 21.11731843575421
 52 23.12849162011173
 85 25.13966480446928
 90 27.15083798882682
 54 29.16201117318437
 233 31.17318435754191
 379 33.18435754189946
 267 35.195530726257
 160 37.20670391061452
 29 39.21787709497207
 299 41.22905027932961
 3 43.24022346368716
 134 45.2513966480447
 76 47.26256983240225
 247 49.27374301675979
 84 51.28491620111734
 191 53.29608938547489
 98 55.3072625698324
 148 57.31843575418995
 302 59.32960893854749
 60 61.34078212290504
 151 63.35195530726259
 84 65.36312849162013
 122 67.37430167597768
 57 69.38547486033519
 36 71.39664804469274
 57 73.40782122905028
 3 75.41899441340783
 9 77.43016759776538
 0 79.44134078212289
 1 81.45251396648047
 1 83.46368715083798
 4 85.47486033519556
 10 87.48603351955308
 8262 89.49720670391065
 6 91.50837988826817
 5 93.51955307262574
 3 95.53072625698326
 1 97.54189944134077
 5 99.55307262569835
 22 101.5642458100559
 22 103.5754189944134
 46 105.586592178771
 18 107.5977653631285
 128 109.608938547486
 154 111.6201117318436
 133 113.6312849162011
 3 115.6424581005587
 219 117.6536312849162
 204 119.6648044692737
 92 121.6759776536313
 187 123.6871508379888
 196 125.6983240223464
 90 127.7094972067039
 201 129.7206703910614
 192 131.731843575419
 3 133.7430167597765
 138 135.7541899441341
 186 137.7653631284916
 93 139.7765363128492
 153 141.7877094972067
 521 143.7988826815642
 117 145.8100558659218
 224 147.8212290502793
 50 149.8324022346369
 161 151.8435754189944
 66 153.854748603352
 498 155.8659217877095
 55 157.8770949720671
 133 159.8882681564246
 87 161.8994413407821
 51 163.9106145251397
 15 165.9217877094972
 115 167.9329608938548
 256 169.9441340782123
 295 171.9553072625699
 1 173.9664804469274
 175 175.9776536312849
 1 177.9888268156425
 0 180


