# Created by Octave 3.8.2, Mon Jun 22 20:45:19 2020 CEST <damian@fptrucha.inv.usc.es>
# name: hd
# type: matrix
# rows: 180
# columns: 2
 4 -180
 168 -177.9888268156425
 4 -175.9776536312849
 416 -173.9664804469274
 244 -171.9553072625698
 176 -169.9441340782123
 31 -167.9329608938548
 30 -165.9217877094972
 67 -163.9106145251397
 156 -161.8994413407821
 45 -159.8882681564246
 564 -157.877094972067
 77 -155.8659217877095
 138 -153.854748603352
 51 -151.8435754189944
 62 -149.8324022346369
 258 -147.8212290502793
 643 -145.8100558659218
 154 -143.7988826815642
 95 -141.7877094972067
 203 -139.7765363128491
 101 -137.7653631284916
 2 -135.7541899441341
 183 -133.7430167597765
 169 -131.731843575419
 78 -129.7206703910614
 200 -127.7094972067039
 243 -125.6983240223464
 100 -123.6871508379888
 186 -121.6759776536313
 198 -119.6648044692737
 3 -117.6536312849162
 139 -115.6424581005587
 155 -113.6312849162011
 125 -111.6201117318436
 25 -109.608938547486
 53 -107.5977653631285
 26 -105.5865921787709
 19 -103.5754189944134
 5 -101.5642458100559
 0 -99.55307262569832
 5 -97.54189944134077
 3 -95.53072625698323
 5 -93.5195530726257
 8654 -91.50837988826815
 15 -89.49720670391061
 6 -87.48603351955308
 1 -85.47486033519553
 0 -83.46368715083798
 4 -81.45251396648044
 6 -79.44134078212289
 8 -77.43016759776536
 37 -75.41899441340782
 37 -73.40782122905027
 65 -71.39664804469274
 137 -69.38547486033519
 80 -67.37430167597765
 114 -65.3631284916201
 53 -63.35195530726256
 269 -61.34078212290503
 155 -59.32960893854748
 224 -57.31843575418993
 100 -55.3072625698324
 88 -53.29608938547486
 257 -51.28491620111731
 56 -49.27374301675977
 112 -47.26256983240222
 9 -45.25139664804468
 282 -43.24022346368713
 3 -41.22905027932961
 165 -39.21787709497207
 353 -37.20670391061452
 483 -35.19553072625698
 107 -33.18435754189943
 79 -31.17318435754188
 182 -29.16201117318434
 6 -27.15083798882682
 72 -25.13966480446928
 616 -23.12849162011173
 152 -21.11731843575419
 45 -19.10614525139664
 18 -17.09497206703909
 34 -15.08379888268155
 174 -13.072625698324
 13 -11.06145251396646
 602 -9.050279329608941
 4 -7.039106145251395
 122 -5.02793296089385
 22 -3.016759776536304
 0 -1.005586592178759
 29 1.005586592178787
 136 3.016759776536333
 2 5.02793296089385
 601 7.039106145251395
 12 9.050279329608941
 145 11.06145251396649
 38 13.07262569832403
 11 15.08379888268158
 54 17.09497206703912
 123 19.10614525139667
 553 21.11731843575421
 59 23.12849162011173
 87 25.13966480446928
 100 27.15083798882682
 61 29.16201117318437
 208 31.17318435754191
 369 33.18435754189946
 258 35.195530726257
 153 37.20670391061452
 36 39.21787709497207
 326 41.22905027932961
 3 43.24022346368716
 139 45.2513966480447
 71 47.26256983240225
 267 49.27374301675979
 90 51.28491620111734
 209 53.29608938547489
 81 55.3072625698324
 142 57.31843575418995
 275 59.32960893854749
 71 61.34078212290504
 130 63.35195530726259
 102 65.36312849162013
 97 67.37430167597768
 42 69.38547486033519
 30 71.39664804469274
 52 73.40782122905028
 11 75.41899441340783
 7 77.43016759776538
 3 79.44134078212289
 0 81.45251396648047
 2 83.46368715083798
 9 85.47486033519556
 13 87.48603351955308
 7864 89.49720670391065
 15 91.50837988826817
 4 93.51955307262574
 0 95.53072625698326
 0 97.54189944134077
 2 99.55307262569835
 20 101.5642458100559
 28 103.5754189944134
 37 105.586592178771
 27 107.5977653631285
 134 109.608938547486
 112 111.6201117318436
 142 113.6312849162011
 5 115.6424581005587
 202 117.6536312849162
 183 119.6648044692737
 80 121.6759776536313
 203 123.6871508379888
 192 125.6983240223464
 76 127.7094972067039
 170 129.7206703910614
 191 131.731843575419
 2 133.7430167597765
 121 135.7541899441341
 170 137.7653631284916
 113 139.7765363128492
 158 141.7877094972067
 548 143.7988826815642
 133 145.8100558659218
 199 147.8212290502793
 57 149.8324022346369
 147 151.8435754189944
 75 153.854748603352
 481 155.8659217877095
 44 157.8770949720671
 132 159.8882681564246
 82 161.8994413407821
 49 163.9106145251397
 23 165.9217877094972
 143 167.9329608938548
 215 169.9441340782123
 360 171.9553072625699
 4 173.9664804469274
 180 175.9776536312849
 6 177.9888268156425
 0 180


