# Created by Octave 3.8.2, Mon Jun 22 14:01:53 2020 CEST <damian@fptrucha.inv.usc.es>
# name: hd
# type: matrix
# rows: 180
# columns: 2
 6 -180
 162 -177.9888268156425
 5 -175.9776536312849
 335 -173.9664804469274
 269 -171.9553072625698
 135 -169.9441340782123
 43 -167.9329608938548
 51 -165.9217877094972
 82 -163.9106145251397
 148 -161.8994413407821
 41 -159.8882681564246
 517 -157.877094972067
 73 -155.8659217877095
 152 -153.854748603352
 38 -151.8435754189944
 83 -149.8324022346369
 220 -147.8212290502793
 567 -145.8100558659218
 144 -143.7988826815642
 76 -141.7877094972067
 173 -139.7765363128491
 111 -137.7653631284916
 5 -135.7541899441341
 194 -133.7430167597765
 141 -131.731843575419
 68 -129.7206703910614
 164 -127.7094972067039
 220 -125.6983240223464
 102 -123.6871508379888
 165 -121.6759776536313
 194 -119.6648044692737
 6 -117.6536312849162
 128 -115.6424581005587
 152 -113.6312849162011
 115 -111.6201117318436
 22 -109.608938547486
 36 -107.5977653631285
 25 -105.5865921787709
 24 -103.5754189944134
 0 -101.5642458100559
 1 -99.55307262569832
 4 -97.54189944134077
 7 -95.53072625698323
 14 -93.5195530726257
 7977 -91.50837988826815
 14 -89.49720670391061
 4 -87.48603351955308
 2 -85.47486033519553
 1 -83.46368715083798
 5 -81.45251396648044
 15 -79.44134078212289
 6 -77.43016759776536
 56 -75.41899441340782
 39 -73.40782122905027
 45 -71.39664804469274
 117 -69.38547486033519
 78 -67.37430167597765
 110 -65.3631284916201
 51 -63.35195530726256
 250 -61.34078212290503
 150 -59.32960893854748
 235 -57.31843575418993
 110 -55.3072625698324
 81 -53.29608938547486
 235 -51.28491620111731
 57 -49.27374301675977
 108 -47.26256983240222
 6 -45.25139664804468
 280 -43.24022346368713
 6 -41.22905027932961
 161 -39.21787709497207
 312 -37.20670391061452
 440 -35.19553072625698
 124 -33.18435754189943
 68 -31.17318435754188
 171 -29.16201117318434
 13 -27.15083798882682
 74 -25.13966480446928
 567 -23.12849162011173
 135 -21.11731843575419
 52 -19.10614525139664
 13 -17.09497206703909
 52 -15.08379888268155
 184 -13.072625698324
 9 -11.06145251396646
 592 -9.050279329608941
 3 -7.039106145251395
 137 -5.02793296089385
 19 -3.016759776536304
 0 -1.005586592178759
 21 1.005586592178787
 127 3.016759776536333
 8 5.02793296089385
 545 7.039106145251395
 14 9.050279329608941
 171 11.06145251396649
 44 13.07262569832403
 16 15.08379888268158
 53 17.09497206703912
 145 19.10614525139667
 552 21.11731843575421
 61 23.12849162011173
 77 25.13966480446928
 100 27.15083798882682
 58 29.16201117318437
 218 31.17318435754191
 361 33.18435754189946
 237 35.195530726257
 155 37.20670391061452
 45 39.21787709497207
 273 41.22905027932961
 2 43.24022346368716
 138 45.2513966480447
 63 47.26256983240225
 246 49.27374301675979
 97 51.28491620111734
 197 53.29608938547489
 97 55.3072625698324
 154 57.31843575418995
 270 59.32960893854749
 53 61.34078212290504
 131 63.35195530726259
 83 65.36312849162013
 110 67.37430167597768
 49 69.38547486033519
 50 71.39664804469274
 62 73.40782122905028
 7 75.41899441340783
 8 77.43016759776538
 2 79.44134078212289
 1 81.45251396648047
 2 83.46368715083798
 2 85.47486033519556
 16 87.48603351955308
 7657 89.49720670391065
 10 91.50837988826817
 3 93.51955307262574
 5 95.53072625698326
 2 97.54189944134077
 4 99.55307262569835
 15 101.5642458100559
 22 103.5754189944134
 34 105.586592178771
 33 107.5977653631285
 110 109.608938547486
 133 111.6201117318436
 116 113.6312849162011
 2 115.6424581005587
 222 117.6536312849162
 183 119.6648044692737
 102 121.6759776536313
 180 123.6871508379888
 184 125.6983240223464
 83 127.7094972067039
 164 129.7206703910614
 178 131.731843575419
 3 133.7430167597765
 109 135.7541899441341
 174 137.7653631284916
 85 139.7765363128492
 139 141.7877094972067
 493 143.7988826815642
 130 145.8100558659218
 206 147.8212290502793
 46 149.8324022346369
 134 151.8435754189944
 64 153.854748603352
 497 155.8659217877095
 59 157.8770949720671
 137 159.8882681564246
 68 161.8994413407821
 40 163.9106145251397
 23 165.9217877094972
 146 167.9329608938548
 212 169.9441340782123
 333 171.9553072625699
 5 173.9664804469274
 165 175.9776536312849
 2 177.9888268156425
 0 180


