# Created by Octave 3.8.2, Mon Jun 22 13:46:49 2020 CEST <damian@fptrucha.inv.usc.es>
# name: hd
# type: matrix
# rows: 180
# columns: 2
 5 -180
 163 -177.9888268156425
 3 -175.9776536312849
 355 -173.9664804469274
 221 -171.9553072625698
 144 -169.9441340782123
 34 -167.9329608938548
 47 -165.9217877094972
 65 -163.9106145251397
 157 -161.8994413407821
 44 -159.8882681564246
 526 -157.877094972067
 53 -155.8659217877095
 151 -153.854748603352
 50 -151.8435754189944
 85 -149.8324022346369
 231 -147.8212290502793
 568 -145.8100558659218
 138 -143.7988826815642
 94 -141.7877094972067
 192 -139.7765363128491
 108 -137.7653631284916
 1 -135.7541899441341
 159 -133.7430167597765
 160 -131.731843575419
 86 -129.7206703910614
 188 -127.7094972067039
 227 -125.6983240223464
 99 -123.6871508379888
 195 -121.6759776536313
 186 -119.6648044692737
 1 -117.6536312849162
 112 -115.6424581005587
 127 -113.6312849162011
 118 -111.6201117318436
 32 -109.608938547486
 33 -107.5977653631285
 24 -105.5865921787709
 14 -103.5754189944134
 5 -101.5642458100559
 1 -99.55307262569832
 0 -97.54189944134077
 6 -95.53072625698323
 13 -93.5195530726257
 8023 -91.50837988826815
 12 -89.49720670391061
 7 -87.48603351955308
 1 -85.47486033519553
 0 -83.46368715083798
 1 -81.45251396648044
 12 -79.44134078212289
 5 -77.43016759776536
 45 -75.41899441340782
 33 -73.40782122905027
 39 -71.39664804469274
 122 -69.38547486033519
 79 -67.37430167597765
 124 -65.3631284916201
 67 -63.35195530726256
 288 -61.34078212290503
 154 -59.32960893854748
 194 -57.31843575418993
 101 -55.3072625698324
 69 -53.29608938547486
 224 -51.28491620111731
 61 -49.27374301675977
 116 -47.26256983240222
 2 -45.25139664804468
 286 -43.24022346368713
 4 -41.22905027932961
 183 -39.21787709497207
 305 -37.20670391061452
 463 -35.19553072625698
 104 -33.18435754189943
 42 -31.17318435754188
 162 -29.16201117318434
 8 -27.15083798882682
 71 -25.13966480446928
 554 -23.12849162011173
 133 -21.11731843575419
 56 -19.10614525139664
 7 -17.09497206703909
 56 -15.08379888268155
 143 -13.072625698324
 16 -11.06145251396646
 566 -9.050279329608941
 6 -7.039106145251395
 125 -5.02793296089385
 18 -3.016759776536304
 6 -1.005586592178759
 30 1.005586592178787
 123 3.016759776536333
 7 5.02793296089385
 594 7.039106145251395
 8 9.050279329608941
 142 11.06145251396649
 43 13.07262569832403
 17 15.08379888268158
 57 17.09497206703912
 153 19.10614525139667
 545 21.11731843575421
 74 23.12849162011173
 92 25.13966480446928
 107 27.15083798882682
 59 29.16201117318437
 213 31.17318435754191
 324 33.18435754189946
 254 35.195530726257
 129 37.20670391061452
 39 39.21787709497207
 287 41.22905027932961
 4 43.24022346368716
 121 45.2513966480447
 69 47.26256983240225
 229 49.27374301675979
 93 51.28491620111734
 204 53.29608938547489
 79 55.3072625698324
 159 57.31843575418995
 265 59.32960893854749
 64 61.34078212290504
 121 63.35195530726259
 71 65.36312849162013
 106 67.37430167597768
 49 69.38547486033519
 34 71.39664804469274
 59 73.40782122905028
 8 75.41899441340783
 4 77.43016759776538
 3 79.44134078212289
 5 81.45251396648047
 2 83.46368715083798
 7 85.47486033519556
 14 87.48603351955308
 7509 89.49720670391065
 6 91.50837988826817
 3 93.51955307262574
 1 95.53072625698326
 1 97.54189944134077
 1 99.55307262569835
 10 101.5642458100559
 23 103.5754189944134
 35 105.586592178771
 21 107.5977653631285
 105 109.608938547486
 103 111.6201117318436
 148 113.6312849162011
 2 115.6424581005587
 211 117.6536312849162
 160 119.6648044692737
 90 121.6759776536313
 175 123.6871508379888
 192 125.6983240223464
 83 127.7094972067039
 167 129.7206703910614
 200 131.731843575419
 2 133.7430167597765
 125 135.7541899441341
 172 137.7653631284916
 112 139.7765363128492
 137 141.7877094972067
 532 143.7988826815642
 128 145.8100558659218
 226 147.8212290502793
 53 149.8324022346369
 120 151.8435754189944
 65 153.854748603352
 486 155.8659217877095
 54 157.8770949720671
 131 159.8882681564246
 66 161.8994413407821
 59 163.9106145251397
 21 165.9217877094972
 125 167.9329608938548
 237 169.9441340782123
 331 171.9553072625699
 5 173.9664804469274
 171 175.9776536312849
 4 177.9888268156425
 0 180


