# Created by Octave 3.8.2, Mon Jun 22 03:42:38 2020 CEST <damian@fptrucha.inv.usc.es>
# name: hd
# type: matrix
# rows: 180
# columns: 2
 6 -180
 181 -177.9888268156425
 7 -175.9776536312849
 333 -173.9664804469274
 213 -171.9553072625698
 132 -169.9441340782123
 35 -167.9329608938548
 36 -165.9217877094972
 62 -163.9106145251397
 145 -161.8994413407821
 36 -159.8882681564246
 512 -157.877094972067
 61 -155.8659217877095
 113 -153.854748603352
 49 -151.8435754189944
 67 -149.8324022346369
 205 -147.8212290502793
 560 -145.8100558659218
 121 -143.7988826815642
 80 -141.7877094972067
 169 -139.7765363128491
 100 -137.7653631284916
 1 -135.7541899441341
 156 -133.7430167597765
 172 -131.731843575419
 75 -129.7206703910614
 188 -127.7094972067039
 207 -125.6983240223464
 97 -123.6871508379888
 179 -121.6759776536313
 188 -119.6648044692737
 5 -117.6536312849162
 121 -115.6424581005587
 116 -113.6312849162011
 119 -111.6201117318436
 26 -109.608938547486
 33 -107.5977653631285
 24 -105.5865921787709
 18 -103.5754189944134
 6 -101.5642458100559
 2 -99.55307262569832
 3 -97.54189944134077
 3 -95.53072625698323
 9 -93.5195530726257
 7516 -91.50837988826815
 21 -89.49720670391061
 10 -87.48603351955308
 0 -85.47486033519553
 0 -83.46368715083798
 5 -81.45251396648044
 8 -79.44134078212289
 6 -77.43016759776536
 56 -75.41899441340782
 43 -73.40782122905027
 43 -71.39664804469274
 101 -69.38547486033519
 87 -67.37430167597765
 113 -65.3631284916201
 58 -63.35195530726256
 243 -61.34078212290503
 135 -59.32960893854748
 168 -57.31843575418993
 101 -55.3072625698324
 81 -53.29608938547486
 212 -51.28491620111731
 61 -49.27374301675977
 110 -47.26256983240222
 2 -45.25139664804468
 290 -43.24022346368713
 4 -41.22905027932961
 148 -39.21787709497207
 258 -37.20670391061452
 439 -35.19553072625698
 108 -33.18435754189943
 64 -31.17318435754188
 152 -29.16201117318434
 9 -27.15083798882682
 51 -25.13966480446928
 550 -23.12849162011173
 135 -21.11731843575419
 49 -19.10614525139664
 19 -17.09497206703909
 42 -15.08379888268155
 144 -13.072625698324
 15 -11.06145251396646
 513 -9.050279329608941
 2 -7.039106145251395
 129 -5.02793296089385
 19 -3.016759776536304
 3 -1.005586592178759
 17 1.005586592178787
 104 3.016759776536333
 4 5.02793296089385
 495 7.039106145251395
 9 9.050279329608941
 142 11.06145251396649
 41 13.07262569832403
 22 15.08379888268158
 42 17.09497206703912
 126 19.10614525139667
 511 21.11731843575421
 44 23.12849162011173
 88 25.13966480446928
 106 27.15083798882682
 48 29.16201117318437
 188 31.17318435754191
 320 33.18435754189946
 233 35.195530726257
 147 37.20670391061452
 30 39.21787709497207
 269 41.22905027932961
 1 43.24022346368716
 115 45.2513966480447
 62 47.26256983240225
 253 49.27374301675979
 87 51.28491620111734
 193 53.29608938547489
 70 55.3072625698324
 166 57.31843575418995
 269 59.32960893854749
 62 61.34078212290504
 108 63.35195530726259
 91 65.36312849162013
 105 67.37430167597768
 37 69.38547486033519
 28 71.39664804469274
 50 73.40782122905028
 9 75.41899441340783
 10 77.43016759776538
 0 79.44134078212289
 0 81.45251396648047
 5 83.46368715083798
 5 85.47486033519556
 15 87.48603351955308
 6971 89.49720670391065
 10 91.50837988826817
 8 93.51955307262574
 3 95.53072625698326
 2 97.54189944134077
 2 99.55307262569835
 15 101.5642458100559
 21 103.5754189944134
 44 105.586592178771
 25 107.5977653631285
 130 109.608938547486
 103 111.6201117318436
 106 113.6312849162011
 0 115.6424581005587
 180 117.6536312849162
 164 119.6648044692737
 85 121.6759776536313
 175 123.6871508379888
 169 125.6983240223464
 75 127.7094972067039
 162 129.7206703910614
 199 131.731843575419
 5 133.7430167597765
 110 135.7541899441341
 159 137.7653631284916
 102 139.7765363128492
 103 141.7877094972067
 433 143.7988826815642
 112 145.8100558659218
 164 147.8212290502793
 40 149.8324022346369
 136 151.8435754189944
 48 153.854748603352
 490 155.8659217877095
 53 157.8770949720671
 131 159.8882681564246
 56 161.8994413407821
 47 163.9106145251397
 23 165.9217877094972
 122 167.9329608938548
 195 169.9441340782123
 302 171.9553072625699
 4 173.9664804469274
 158 175.9776536312849
 3 177.9888268156425
 0 180


