# Created by Octave 3.8.2, Sat Jun 20 04:01:42 2020 CEST <damian@fptrucha.inv.usc.es>
# name: hd
# type: matrix
# rows: 180
# columns: 2
 5 -180
 186 -177.9888268156425
 2 -175.9776536312849
 423 -173.9664804469274
 266 -171.9553072625698
 173 -169.9441340782123
 35 -167.9329608938548
 40 -165.9217877094972
 62 -163.9106145251397
 207 -161.8994413407821
 47 -159.8882681564246
 713 -157.877094972067
 68 -155.8659217877095
 162 -153.854748603352
 51 -151.8435754189944
 74 -149.8324022346369
 257 -147.8212290502793
 673 -145.8100558659218
 169 -143.7988826815642
 102 -141.7877094972067
 215 -139.7765363128491
 131 -137.7653631284916
 3 -135.7541899441341
 169 -133.7430167597765
 178 -131.731843575419
 111 -129.7206703910614
 217 -127.7094972067039
 281 -125.6983240223464
 131 -123.6871508379888
 212 -121.6759776536313
 234 -119.6648044692737
 4 -117.6536312849162
 91 -115.6424581005587
 147 -113.6312849162011
 142 -111.6201117318436
 29 -109.608938547486
 52 -107.5977653631285
 28 -105.5865921787709
 13 -103.5754189944134
 1 -101.5642458100559
 0 -99.55307262569832
 1 -97.54189944134077
 4 -95.53072625698323
 10 -93.5195530726257
 9540 -91.50837988826815
 7 -89.49720670391061
 2 -87.48603351955308
 2 -85.47486033519553
 2 -83.46368715083798
 2 -81.45251396648044
 9 -79.44134078212289
 6 -77.43016759776536
 61 -75.41899441340782
 20 -73.40782122905027
 70 -71.39664804469274
 141 -69.38547486033519
 74 -67.37430167597765
 97 -65.3631284916201
 50 -63.35195530726256
 296 -61.34078212290503
 138 -59.32960893854748
 254 -57.31843575418993
 107 -55.3072625698324
 91 -53.29608938547486
 286 -51.28491620111731
 69 -49.27374301675977
 118 -47.26256983240222
 1 -45.25139664804468
 293 -43.24022346368713
 3 -41.22905027932961
 174 -39.21787709497207
 315 -37.20670391061452
 537 -35.19553072625698
 122 -33.18435754189943
 70 -31.17318435754188
 182 -29.16201117318434
 8 -27.15083798882682
 65 -25.13966480446928
 695 -23.12849162011173
 169 -21.11731843575419
 62 -19.10614525139664
 8 -17.09497206703909
 46 -15.08379888268155
 198 -13.072625698324
 7 -11.06145251396646
 655 -9.050279329608941
 1 -7.039106145251395
 131 -5.02793296089385
 26 -3.016759776536304
 2 -1.005586592178759
 24 1.005586592178787
 144 3.016759776536333
 0 5.02793296089385
 622 7.039106145251395
 6 9.050279329608941
 140 11.06145251396649
 56 13.07262569832403
 10 15.08379888268158
 66 17.09497206703912
 109 19.10614525139667
 574 21.11731843575421
 62 23.12849162011173
 114 25.13966480446928
 125 27.15083798882682
 49 29.16201117318437
 228 31.17318435754191
 352 33.18435754189946
 252 35.195530726257
 184 37.20670391061452
 32 39.21787709497207
 320 41.22905027932961
 0 43.24022346368716
 117 45.2513966480447
 56 47.26256983240225
 252 49.27374301675979
 95 51.28491620111734
 207 53.29608938547489
 88 55.3072625698324
 149 57.31843575418995
 253 59.32960893854749
 50 61.34078212290504
 130 63.35195530726259
 80 65.36312849162013
 95 67.37430167597768
 51 69.38547486033519
 40 71.39664804469274
 44 73.40782122905028
 7 75.41899441340783
 9 77.43016759776538
 0 79.44134078212289
 0 81.45251396648047
 2 83.46368715083798
 6 85.47486033519556
 6 87.48603351955308
 8457 89.49720670391065
 8 91.50837988826817
 0 93.51955307262574
 0 95.53072625698326
 1 97.54189944134077
 4 99.55307262569835
 5 101.5642458100559
 25 103.5754189944134
 34 105.586592178771
 20 107.5977653631285
 110 109.608938547486
 116 111.6201117318436
 111 113.6312849162011
 2 115.6424581005587
 216 117.6536312849162
 158 119.6648044692737
 95 121.6759776536313
 162 123.6871508379888
 152 125.6983240223464
 81 127.7094972067039
 184 129.7206703910614
 182 131.731843575419
 2 133.7430167597765
 129 135.7541899441341
 191 137.7653631284916
 115 139.7765363128492
 166 141.7877094972067
 540 143.7988826815642
 134 145.8100558659218
 226 147.8212290502793
 39 149.8324022346369
 152 151.8435754189944
 64 153.854748603352
 524 155.8659217877095
 48 157.8770949720671
 132 159.8882681564246
 66 161.8994413407821
 50 163.9106145251397
 17 165.9217877094972
 132 167.9329608938548
 279 169.9441340782123
 386 171.9553072625699
 3 173.9664804469274
 168 175.9776536312849
 1 177.9888268156425
 0 180


