# Created by Octave 3.8.2, Mon Jun 22 02:10:45 2020 CEST <damian@fptrucha.inv.usc.es>
# name: hd
# type: matrix
# rows: 180
# columns: 2
 4 -180
 171 -177.9888268156425
 6 -175.9776536312849
 343 -173.9664804469274
 213 -171.9553072625698
 131 -169.9441340782123
 32 -167.9329608938548
 52 -165.9217877094972
 62 -163.9106145251397
 148 -161.8994413407821
 41 -159.8882681564246
 587 -157.877094972067
 76 -155.8659217877095
 120 -153.854748603352
 50 -151.8435754189944
 46 -149.8324022346369
 213 -147.8212290502793
 603 -145.8100558659218
 107 -143.7988826815642
 91 -141.7877094972067
 166 -139.7765363128491
 93 -137.7653631284916
 4 -135.7541899441341
 146 -133.7430167597765
 138 -131.731843575419
 66 -129.7206703910614
 157 -127.7094972067039
 200 -125.6983240223464
 101 -123.6871508379888
 176 -121.6759776536313
 185 -119.6648044692737
 5 -117.6536312849162
 111 -115.6424581005587
 105 -113.6312849162011
 124 -111.6201117318436
 18 -109.608938547486
 38 -107.5977653631285
 19 -105.5865921787709
 20 -103.5754189944134
 2 -101.5642458100559
 2 -99.55307262569832
 3 -97.54189944134077
 4 -95.53072625698323
 7 -93.5195530726257
 7541 -91.50837988826815
 12 -89.49720670391061
 2 -87.48603351955308
 1 -85.47486033519553
 2 -83.46368715083798
 2 -81.45251396648044
 4 -79.44134078212289
 5 -77.43016759776536
 44 -75.41899441340782
 27 -73.40782122905027
 48 -71.39664804469274
 112 -69.38547486033519
 67 -67.37430167597765
 129 -65.3631284916201
 43 -63.35195530726256
 229 -61.34078212290503
 131 -59.32960893854748
 225 -57.31843575418993
 77 -55.3072625698324
 74 -53.29608938547486
 224 -51.28491620111731
 64 -49.27374301675977
 101 -47.26256983240222
 4 -45.25139664804468
 284 -43.24022346368713
 5 -41.22905027932961
 141 -39.21787709497207
 291 -37.20670391061452
 458 -35.19553072625698
 109 -33.18435754189943
 72 -31.17318435754188
 149 -29.16201117318434
 15 -27.15083798882682
 63 -25.13966480446928
 512 -23.12849162011173
 154 -21.11731843575419
 47 -19.10614525139664
 14 -17.09497206703909
 44 -15.08379888268155
 135 -13.072625698324
 12 -11.06145251396646
 568 -9.050279329608941
 4 -7.039106145251395
 111 -5.02793296089385
 19 -3.016759776536304
 9 -1.005586592178759
 19 1.005586592178787
 103 3.016759776536333
 0 5.02793296089385
 553 7.039106145251395
 7 9.050279329608941
 116 11.06145251396649
 51 13.07262569832403
 10 15.08379888268158
 60 17.09497206703912
 100 19.10614525139667
 512 21.11731843575421
 47 23.12849162011173
 83 25.13966480446928
 102 27.15083798882682
 61 29.16201117318437
 186 31.17318435754191
 312 33.18435754189946
 230 35.195530726257
 140 37.20670391061452
 36 39.21787709497207
 257 41.22905027932961
 2 43.24022346368716
 111 45.2513966480447
 74 47.26256983240225
 208 49.27374301675979
 82 51.28491620111734
 174 53.29608938547489
 85 55.3072625698324
 139 57.31843575418995
 215 59.32960893854749
 70 61.34078212290504
 135 63.35195530726259
 74 65.36312849162013
 89 67.37430167597768
 47 69.38547486033519
 30 71.39664804469274
 48 73.40782122905028
 5 75.41899441340783
 5 77.43016759776538
 1 79.44134078212289
 0 81.45251396648047
 2 83.46368715083798
 7 85.47486033519556
 17 87.48603351955308
 7349 89.49720670391065
 6 91.50837988826817
 7 93.51955307262574
 1 95.53072625698326
 4 97.54189944134077
 2 99.55307262569835
 8 101.5642458100559
 27 103.5754189944134
 28 105.586592178771
 24 107.5977653631285
 102 109.608938547486
 118 111.6201117318436
 104 113.6312849162011
 4 115.6424581005587
 215 117.6536312849162
 157 119.6648044692737
 109 121.6759776536313
 167 123.6871508379888
 190 125.6983240223464
 73 127.7094972067039
 150 129.7206703910614
 161 131.731843575419
 1 133.7430167597765
 121 135.7541899441341
 171 137.7653631284916
 101 139.7765363128492
 127 141.7877094972067
 475 143.7988826815642
 118 145.8100558659218
 212 147.8212290502793
 40 149.8324022346369
 146 151.8435754189944
 62 153.854748603352
 457 155.8659217877095
 63 157.8770949720671
 120 159.8882681564246
 68 161.8994413407821
 46 163.9106145251397
 17 165.9217877094972
 119 167.9329608938548
 214 169.9441340782123
 311 171.9553072625699
 4 173.9664804469274
 168 175.9776536312849
 3 177.9888268156425
 0 180


