# Created by Octave 3.8.2, Sun Jun 21 06:42:01 2020 CEST <damian@fptrucha.inv.usc.es>
# name: hd
# type: matrix
# rows: 180
# columns: 2
 3 -180
 167 -177.9888268156425
 2 -175.9776536312849
 360 -173.9664804469274
 220 -171.9553072625698
 143 -169.9441340782123
 31 -167.9329608938548
 33 -165.9217877094972
 61 -163.9106145251397
 164 -161.8994413407821
 39 -159.8882681564246
 653 -157.877094972067
 66 -155.8659217877095
 127 -153.854748603352
 37 -151.8435754189944
 71 -149.8324022346369
 241 -147.8212290502793
 650 -145.8100558659218
 108 -143.7988826815642
 78 -141.7877094972067
 169 -139.7765363128491
 105 -137.7653631284916
 2 -135.7541899441341
 151 -133.7430167597765
 143 -131.731843575419
 76 -129.7206703910614
 176 -127.7094972067039
 246 -125.6983240223464
 100 -123.6871508379888
 225 -121.6759776536313
 155 -119.6648044692737
 5 -117.6536312849162
 106 -115.6424581005587
 114 -113.6312849162011
 121 -111.6201117318436
 19 -109.608938547486
 29 -107.5977653631285
 17 -105.5865921787709
 3 -103.5754189944134
 1 -101.5642458100559
 0 -99.55307262569832
 1 -97.54189944134077
 4 -95.53072625698323
 7 -93.5195530726257
 8293 -91.50837988826815
 11 -89.49720670391061
 8 -87.48603351955308
 0 -85.47486033519553
 1 -83.46368715083798
 1 -81.45251396648044
 2 -79.44134078212289
 3 -77.43016759776536
 40 -75.41899441340782
 27 -73.40782122905027
 52 -71.39664804469274
 115 -69.38547486033519
 66 -67.37430167597765
 99 -65.3631284916201
 50 -63.35195530726256
 265 -61.34078212290503
 143 -59.32960893854748
 207 -57.31843575418993
 89 -55.3072625698324
 77 -53.29608938547486
 224 -51.28491620111731
 54 -49.27374301675977
 115 -47.26256983240222
 1 -45.25139664804468
 289 -43.24022346368713
 4 -41.22905027932961
 147 -39.21787709497207
 351 -37.20670391061452
 418 -35.19553072625698
 107 -33.18435754189943
 66 -31.17318435754188
 137 -29.16201117318434
 12 -27.15083798882682
 47 -25.13966480446928
 664 -23.12849162011173
 148 -21.11731843575419
 45 -19.10614525139664
 11 -17.09497206703909
 33 -15.08379888268155
 203 -13.072625698324
 9 -11.06145251396646
 570 -9.050279329608941
 2 -7.039106145251395
 126 -5.02793296089385
 21 -3.016759776536304
 2 -1.005586592178759
 19 1.005586592178787
 140 3.016759776536333
 4 5.02793296089385
 576 7.039106145251395
 5 9.050279329608941
 136 11.06145251396649
 40 13.07262569832403
 11 15.08379888268158
 61 17.09497206703912
 100 19.10614525139667
 535 21.11731843575421
 57 23.12849162011173
 88 25.13966480446928
 99 27.15083798882682
 61 29.16201117318437
 211 31.17318435754191
 296 33.18435754189946
 244 35.195530726257
 159 37.20670391061452
 34 39.21787709497207
 281 41.22905027932961
 1 43.24022346368716
 124 45.2513966480447
 50 47.26256983240225
 201 49.27374301675979
 67 51.28491620111734
 203 53.29608938547489
 81 55.3072625698324
 126 57.31843575418995
 270 59.32960893854749
 61 61.34078212290504
 102 63.35195530726259
 69 65.36312849162013
 83 67.37430167597768
 44 69.38547486033519
 29 71.39664804469274
 33 73.40782122905028
 6 75.41899441340783
 6 77.43016759776538
 2 79.44134078212289
 0 81.45251396648047
 0 83.46368715083798
 1 85.47486033519556
 11 87.48603351955308
 7742 89.49720670391065
 3 91.50837988826817
 4 93.51955307262574
 0 95.53072625698326
 0 97.54189944134077
 1 99.55307262569835
 17 101.5642458100559
 30 103.5754189944134
 38 105.586592178771
 17 107.5977653631285
 116 109.608938547486
 109 111.6201117318436
 110 113.6312849162011
 3 115.6424581005587
 201 117.6536312849162
 162 119.6648044692737
 84 121.6759776536313
 177 123.6871508379888
 160 125.6983240223464
 88 127.7094972067039
 170 129.7206703910614
 183 131.731843575419
 3 133.7430167597765
 111 135.7541899441341
 162 137.7653631284916
 87 139.7765363128492
 156 141.7877094972067
 481 143.7988826815642
 91 145.8100558659218
 195 147.8212290502793
 46 149.8324022346369
 152 151.8435754189944
 54 153.854748603352
 478 155.8659217877095
 50 157.8770949720671
 126 159.8882681564246
 77 161.8994413407821
 58 163.9106145251397
 17 165.9217877094972
 114 167.9329608938548
 226 169.9441340782123
 340 171.9553072625699
 3 173.9664804469274
 162 175.9776536312849
 5 177.9888268156425
 0 180


