# Created by Octave 3.8.2, Mon Jun 22 00:59:50 2020 CEST <damian@fptrucha.inv.usc.es>
# name: hd
# type: matrix
# rows: 180
# columns: 2
 6 -180
 159 -177.9888268156425
 2 -175.9776536312849
 393 -173.9664804469274
 278 -171.9553072625698
 139 -169.9441340782123
 38 -167.9329608938548
 30 -165.9217877094972
 55 -163.9106145251397
 133 -161.8994413407821
 39 -159.8882681564246
 661 -157.877094972067
 48 -155.8659217877095
 121 -153.854748603352
 46 -151.8435754189944
 57 -149.8324022346369
 189 -147.8212290502793
 667 -145.8100558659218
 129 -143.7988826815642
 99 -141.7877094972067
 184 -139.7765363128491
 101 -137.7653631284916
 4 -135.7541899441341
 164 -133.7430167597765
 156 -131.731843575419
 80 -129.7206703910614
 197 -127.7094972067039
 255 -125.6983240223464
 97 -123.6871508379888
 194 -121.6759776536313
 214 -119.6648044692737
 3 -117.6536312849162
 121 -115.6424581005587
 111 -113.6312849162011
 131 -111.6201117318436
 15 -109.608938547486
 34 -107.5977653631285
 20 -105.5865921787709
 14 -103.5754189944134
 2 -101.5642458100559
 0 -99.55307262569832
 1 -97.54189944134077
 1 -95.53072625698323
 4 -93.5195530726257
 8338 -91.50837988826815
 7 -89.49720670391061
 4 -87.48603351955308
 1 -85.47486033519553
 1 -83.46368715083798
 1 -81.45251396648044
 11 -79.44134078212289
 7 -77.43016759776536
 41 -75.41899441340782
 32 -73.40782122905027
 59 -71.39664804469274
 123 -69.38547486033519
 77 -67.37430167597765
 105 -65.3631284916201
 55 -63.35195530726256
 294 -61.34078212290503
 176 -59.32960893854748
 239 -57.31843575418993
 110 -55.3072625698324
 84 -53.29608938547486
 260 -51.28491620111731
 60 -49.27374301675977
 118 -47.26256983240222
 2 -45.25139664804468
 261 -43.24022346368713
 0 -41.22905027932961
 127 -39.21787709497207
 345 -37.20670391061452
 454 -35.19553072625698
 117 -33.18435754189943
 64 -31.17318435754188
 141 -29.16201117318434
 13 -27.15083798882682
 72 -25.13966480446928
 640 -23.12849162011173
 109 -21.11731843575419
 54 -19.10614525139664
 7 -17.09497206703909
 41 -15.08379888268155
 188 -13.072625698324
 6 -11.06145251396646
 634 -9.050279329608941
 4 -7.039106145251395
 123 -5.02793296089385
 23 -3.016759776536304
 0 -1.005586592178759
 24 1.005586592178787
 124 3.016759776536333
 1 5.02793296089385
 570 7.039106145251395
 7 9.050279329608941
 122 11.06145251396649
 57 13.07262569832403
 8 15.08379888268158
 55 17.09497206703912
 115 19.10614525139667
 510 21.11731843575421
 50 23.12849162011173
 112 25.13966480446928
 100 27.15083798882682
 62 29.16201117318437
 226 31.17318435754191
 345 33.18435754189946
 237 35.195530726257
 198 37.20670391061452
 39 39.21787709497207
 273 41.22905027932961
 4 43.24022346368716
 102 45.2513966480447
 56 47.26256983240225
 223 49.27374301675979
 81 51.28491620111734
 206 53.29608938547489
 99 55.3072625698324
 124 57.31843575418995
 266 59.32960893854749
 69 61.34078212290504
 133 63.35195530726259
 72 65.36312849162013
 112 67.37430167597768
 41 69.38547486033519
 34 71.39664804469274
 49 73.40782122905028
 8 75.41899441340783
 5 77.43016759776538
 2 79.44134078212289
 0 81.45251396648047
 2 83.46368715083798
 4 85.47486033519556
 8 87.48603351955308
 7816 89.49720670391065
 3 91.50837988826817
 2 93.51955307262574
 1 95.53072625698326
 0 97.54189944134077
 3 99.55307262569835
 17 101.5642458100559
 21 103.5754189944134
 47 105.586592178771
 32 107.5977653631285
 104 109.608938547486
 124 111.6201117318436
 123 113.6312849162011
 4 115.6424581005587
 200 117.6536312849162
 159 119.6648044692737
 92 121.6759776536313
 200 123.6871508379888
 192 125.6983240223464
 71 127.7094972067039
 180 129.7206703910614
 194 131.731843575419
 4 133.7430167597765
 130 135.7541899441341
 196 137.7653631284916
 101 139.7765363128492
 156 141.7877094972067
 459 143.7988826815642
 116 145.8100558659218
 225 147.8212290502793
 46 149.8324022346369
 150 151.8435754189944
 95 153.854748603352
 471 155.8659217877095
 58 157.8770949720671
 124 159.8882681564246
 68 161.8994413407821
 58 163.9106145251397
 14 165.9217877094972
 136 167.9329608938548
 224 169.9441340782123
 334 171.9553072625699
 3 173.9664804469274
 157 175.9776536312849
 4 177.9888268156425
 0 180


