# Created by Octave 3.8.2, Mon Jun 22 14:45:48 2020 CEST <damian@fptrucha.inv.usc.es>
# name: hd
# type: matrix
# rows: 180
# columns: 2
 2 -180
 172 -177.9888268156425
 1 -175.9776536312849
 374 -173.9664804469274
 251 -171.9553072625698
 156 -169.9441340782123
 37 -167.9329608938548
 38 -165.9217877094972
 61 -163.9106145251397
 150 -161.8994413407821
 52 -159.8882681564246
 540 -157.877094972067
 71 -155.8659217877095
 118 -153.854748603352
 31 -151.8435754189944
 79 -149.8324022346369
 241 -147.8212290502793
 625 -145.8100558659218
 136 -143.7988826815642
 80 -141.7877094972067
 166 -139.7765363128491
 129 -137.7653631284916
 2 -135.7541899441341
 170 -133.7430167597765
 173 -131.731843575419
 85 -129.7206703910614
 193 -127.7094972067039
 190 -125.6983240223464
 102 -123.6871508379888
 175 -121.6759776536313
 203 -119.6648044692737
 6 -117.6536312849162
 121 -115.6424581005587
 103 -113.6312849162011
 113 -111.6201117318436
 24 -109.608938547486
 42 -107.5977653631285
 26 -105.5865921787709
 18 -103.5754189944134
 4 -101.5642458100559
 0 -99.55307262569832
 3 -97.54189944134077
 1 -95.53072625698323
 6 -93.5195530726257
 8098 -91.50837988826815
 12 -89.49720670391061
 4 -87.48603351955308
 1 -85.47486033519553
 0 -83.46368715083798
 3 -81.45251396648044
 11 -79.44134078212289
 8 -77.43016759776536
 54 -75.41899441340782
 27 -73.40782122905027
 55 -71.39664804469274
 99 -69.38547486033519
 69 -67.37430167597765
 106 -65.3631284916201
 61 -63.35195530726256
 279 -61.34078212290503
 126 -59.32960893854748
 196 -57.31843575418993
 88 -55.3072625698324
 77 -53.29608938547486
 242 -51.28491620111731
 57 -49.27374301675977
 121 -47.26256983240222
 1 -45.25139664804468
 274 -43.24022346368713
 4 -41.22905027932961
 179 -39.21787709497207
 331 -37.20670391061452
 437 -35.19553072625698
 130 -33.18435754189943
 64 -31.17318435754188
 167 -29.16201117318434
 16 -27.15083798882682
 52 -25.13966480446928
 639 -23.12849162011173
 136 -21.11731843575419
 56 -19.10614525139664
 17 -17.09497206703909
 44 -15.08379888268155
 156 -13.072625698324
 9 -11.06145251396646
 626 -9.050279329608941
 6 -7.039106145251395
 162 -5.02793296089385
 22 -3.016759776536304
 4 -1.005586592178759
 21 1.005586592178787
 135 3.016759776536333
 5 5.02793296089385
 559 7.039106145251395
 5 9.050279329608941
 133 11.06145251396649
 40 13.07262569832403
 14 15.08379888268158
 58 17.09497206703912
 115 19.10614525139667
 507 21.11731843575421
 70 23.12849162011173
 84 25.13966480446928
 112 27.15083798882682
 57 29.16201117318437
 196 31.17318435754191
 343 33.18435754189946
 272 35.195530726257
 162 37.20670391061452
 38 39.21787709497207
 308 41.22905027932961
 6 43.24022346368716
 116 45.2513966480447
 67 47.26256983240225
 261 49.27374301675979
 72 51.28491620111734
 205 53.29608938547489
 87 55.3072625698324
 150 57.31843575418995
 275 59.32960893854749
 68 61.34078212290504
 125 63.35195530726259
 68 65.36312849162013
 118 67.37430167597768
 50 69.38547486033519
 40 71.39664804469274
 56 73.40782122905028
 8 75.41899441340783
 8 77.43016759776538
 1 79.44134078212289
 1 81.45251396648047
 3 83.46368715083798
 6 85.47486033519556
 16 87.48603351955308
 7630 89.49720670391065
 8 91.50837988826817
 6 93.51955307262574
 0 95.53072625698326
 0 97.54189944134077
 3 99.55307262569835
 18 101.5642458100559
 29 103.5754189944134
 38 105.586592178771
 27 107.5977653631285
 118 109.608938547486
 128 111.6201117318436
 124 113.6312849162011
 3 115.6424581005587
 210 117.6536312849162
 167 119.6648044692737
 93 121.6759776536313
 204 123.6871508379888
 182 125.6983240223464
 87 127.7094972067039
 172 129.7206703910614
 175 131.731843575419
 2 133.7430167597765
 125 135.7541899441341
 174 137.7653631284916
 120 139.7765363128492
 138 141.7877094972067
 530 143.7988826815642
 116 145.8100558659218
 260 147.8212290502793
 49 149.8324022346369
 134 151.8435754189944
 75 153.854748603352
 514 155.8659217877095
 49 157.8770949720671
 125 159.8882681564246
 75 161.8994413407821
 49 163.9106145251397
 20 165.9217877094972
 157 167.9329608938548
 242 169.9441340782123
 361 171.9553072625699
 6 173.9664804469274
 150 175.9776536312849
 9 177.9888268156425
 0 180


