# Created by Octave 3.8.2, Mon Jun 22 09:06:45 2020 CEST <damian@fptrucha.inv.usc.es>
# name: hd
# type: matrix
# rows: 180
# columns: 2
 3 -180
 173 -177.9888268156425
 5 -175.9776536312849
 348 -173.9664804469274
 235 -171.9553072625698
 134 -169.9441340782123
 29 -167.9329608938548
 46 -165.9217877094972
 69 -163.9106145251397
 135 -161.8994413407821
 45 -159.8882681564246
 565 -157.877094972067
 71 -155.8659217877095
 121 -153.854748603352
 55 -151.8435754189944
 79 -149.8324022346369
 219 -147.8212290502793
 548 -145.8100558659218
 118 -143.7988826815642
 95 -141.7877094972067
 174 -139.7765363128491
 106 -137.7653631284916
 3 -135.7541899441341
 152 -133.7430167597765
 148 -131.731843575419
 68 -129.7206703910614
 162 -127.7094972067039
 189 -125.6983240223464
 101 -123.6871508379888
 188 -121.6759776536313
 167 -119.6648044692737
 2 -117.6536312849162
 118 -115.6424581005587
 128 -113.6312849162011
 109 -111.6201117318436
 19 -109.608938547486
 38 -107.5977653631285
 27 -105.5865921787709
 14 -103.5754189944134
 3 -101.5642458100559
 0 -99.55307262569832
 2 -97.54189944134077
 4 -95.53072625698323
 8 -93.5195530726257
 7693 -91.50837988826815
 17 -89.49720670391061
 1 -87.48603351955308
 5 -85.47486033519553
 1 -83.46368715083798
 4 -81.45251396648044
 9 -79.44134078212289
 6 -77.43016759776536
 49 -75.41899441340782
 25 -73.40782122905027
 46 -71.39664804469274
 113 -69.38547486033519
 69 -67.37430167597765
 107 -65.3631284916201
 61 -63.35195530726256
 253 -61.34078212290503
 136 -59.32960893854748
 206 -57.31843575418993
 102 -55.3072625698324
 63 -53.29608938547486
 202 -51.28491620111731
 60 -49.27374301675977
 109 -47.26256983240222
 2 -45.25139664804468
 248 -43.24022346368713
 3 -41.22905027932961
 150 -39.21787709497207
 278 -37.20670391061452
 441 -35.19553072625698
 125 -33.18435754189943
 60 -31.17318435754188
 156 -29.16201117318434
 9 -27.15083798882682
 66 -25.13966480446928
 574 -23.12849162011173
 125 -21.11731843575419
 60 -19.10614525139664
 17 -17.09497206703909
 46 -15.08379888268155
 148 -13.072625698324
 6 -11.06145251396646
 536 -9.050279329608941
 3 -7.039106145251395
 142 -5.02793296089385
 24 -3.016759776536304
 2 -1.005586592178759
 23 1.005586592178787
 130 3.016759776536333
 2 5.02793296089385
 521 7.039106145251395
 4 9.050279329608941
 147 11.06145251396649
 45 13.07262569832403
 22 15.08379888268158
 61 17.09497206703912
 128 19.10614525139667
 496 21.11731843575421
 56 23.12849162011173
 76 25.13966480446928
 88 27.15083798882682
 67 29.16201117318437
 196 31.17318435754191
 325 33.18435754189946
 244 35.195530726257
 152 37.20670391061452
 48 39.21787709497207
 295 41.22905027932961
 3 43.24022346368716
 133 45.2513966480447
 69 47.26256983240225
 208 49.27374301675979
 79 51.28491620111734
 203 53.29608938547489
 91 55.3072625698324
 155 57.31843575418995
 283 59.32960893854749
 55 61.34078212290504
 99 63.35195530726259
 82 65.36312849162013
 111 67.37430167597768
 50 69.38547486033519
 26 71.39664804469274
 58 73.40782122905028
 12 75.41899441340783
 8 77.43016759776538
 8 79.44134078212289
 3 81.45251396648047
 0 83.46368715083798
 4 85.47486033519556
 15 87.48603351955308
 7341 89.49720670391065
 10 91.50837988826817
 5 93.51955307262574
 4 95.53072625698326
 0 97.54189944134077
 4 99.55307262569835
 13 101.5642458100559
 30 103.5754189944134
 34 105.586592178771
 23 107.5977653631285
 91 109.608938547486
 115 111.6201117318436
 130 113.6312849162011
 3 115.6424581005587
 199 117.6536312849162
 162 119.6648044692737
 89 121.6759776536313
 159 123.6871508379888
 185 125.6983240223464
 89 127.7094972067039
 164 129.7206703910614
 174 131.731843575419
 3 133.7430167597765
 123 135.7541899441341
 195 137.7653631284916
 113 139.7765363128492
 122 141.7877094972067
 484 143.7988826815642
 126 145.8100558659218
 178 147.8212290502793
 42 149.8324022346369
 142 151.8435754189944
 67 153.854748603352
 486 155.8659217877095
 45 157.8770949720671
 145 159.8882681564246
 59 161.8994413407821
 47 163.9106145251397
 19 165.9217877094972
 146 167.9329608938548
 215 169.9441340782123
 308 171.9553072625699
 3 173.9664804469274
 156 175.9776536312849
 3 177.9888268156425
 0 180


