# Created by Octave 3.8.2, Sun Jun 21 03:16:16 2020 CEST <damian@fptrucha.inv.usc.es>
# name: hd
# type: matrix
# rows: 180
# columns: 2
 6 -180
 171 -177.9888268156425
 4 -175.9776536312849
 369 -173.9664804469274
 234 -171.9553072625698
 154 -169.9441340782123
 30 -167.9329608938548
 39 -165.9217877094972
 58 -163.9106145251397
 138 -161.8994413407821
 29 -159.8882681564246
 651 -157.877094972067
 48 -155.8659217877095
 109 -153.854748603352
 41 -151.8435754189944
 61 -149.8324022346369
 190 -147.8212290502793
 585 -145.8100558659218
 118 -143.7988826815642
 77 -141.7877094972067
 137 -139.7765363128491
 113 -137.7653631284916
 2 -135.7541899441341
 152 -133.7430167597765
 149 -131.731843575419
 67 -129.7206703910614
 163 -127.7094972067039
 213 -125.6983240223464
 93 -123.6871508379888
 181 -121.6759776536313
 175 -119.6648044692737
 1 -117.6536312849162
 105 -115.6424581005587
 109 -113.6312849162011
 105 -111.6201117318436
 13 -109.608938547486
 32 -107.5977653631285
 13 -105.5865921787709
 11 -103.5754189944134
 1 -101.5642458100559
 1 -99.55307262569832
 2 -97.54189944134077
 2 -95.53072625698323
 3 -93.5195530726257
 7983 -91.50837988826815
 9 -89.49720670391061
 4 -87.48603351955308
 0 -85.47486033519553
 1 -83.46368715083798
 3 -81.45251396648044
 3 -79.44134078212289
 9 -77.43016759776536
 47 -75.41899441340782
 22 -73.40782122905027
 55 -71.39664804469274
 113 -69.38547486033519
 67 -67.37430167597765
 88 -65.3631284916201
 44 -63.35195530726256
 268 -61.34078212290503
 159 -59.32960893854748
 195 -57.31843575418993
 90 -55.3072625698324
 74 -53.29608938547486
 210 -51.28491620111731
 45 -49.27374301675977
 101 -47.26256983240222
 1 -45.25139664804468
 251 -43.24022346368713
 1 -41.22905027932961
 121 -39.21787709497207
 335 -37.20670391061452
 428 -35.19553072625698
 130 -33.18435754189943
 65 -31.17318435754188
 141 -29.16201117318434
 12 -27.15083798882682
 56 -25.13966480446928
 654 -23.12849162011173
 140 -21.11731843575419
 43 -19.10614525139664
 15 -17.09497206703909
 25 -15.08379888268155
 175 -13.072625698324
 7 -11.06145251396646
 512 -9.050279329608941
 3 -7.039106145251395
 112 -5.02793296089385
 19 -3.016759776536304
 2 -1.005586592178759
 16 1.005586592178787
 121 3.016759776536333
 1 5.02793296089385
 589 7.039106145251395
 3 9.050279329608941
 142 11.06145251396649
 34 13.07262569832403
 9 15.08379888268158
 60 17.09497206703912
 111 19.10614525139667
 505 21.11731843575421
 56 23.12849162011173
 79 25.13966480446928
 97 27.15083798882682
 42 29.16201117318437
 221 31.17318435754191
 282 33.18435754189946
 244 35.195530726257
 161 37.20670391061452
 40 39.21787709497207
 271 41.22905027932961
 0 43.24022346368716
 109 45.2513966480447
 75 47.26256983240225
 204 49.27374301675979
 68 51.28491620111734
 190 53.29608938547489
 79 55.3072625698324
 155 57.31843575418995
 217 59.32960893854749
 44 61.34078212290504
 122 63.35195530726259
 84 65.36312849162013
 106 67.37430167597768
 48 69.38547486033519
 36 71.39664804469274
 34 73.40782122905028
 9 75.41899441340783
 6 77.43016759776538
 1 79.44134078212289
 0 81.45251396648047
 0 83.46368715083798
 4 85.47486033519556
 8 87.48603351955308
 7354 89.49720670391065
 6 91.50837988826817
 5 93.51955307262574
 0 95.53072625698326
 1 97.54189944134077
 2 99.55307262569835
 8 101.5642458100559
 22 103.5754189944134
 35 105.586592178771
 12 107.5977653631285
 102 109.608938547486
 105 111.6201117318436
 109 113.6312849162011
 3 115.6424581005587
 199 117.6536312849162
 157 119.6648044692737
 82 121.6759776536313
 168 123.6871508379888
 175 125.6983240223464
 68 127.7094972067039
 159 129.7206703910614
 165 131.731843575419
 1 133.7430167597765
 112 135.7541899441341
 158 137.7653631284916
 101 139.7765363128492
 135 141.7877094972067
 448 143.7988826815642
 121 145.8100558659218
 176 147.8212290502793
 36 149.8324022346369
 146 151.8435754189944
 49 153.854748603352
 448 155.8659217877095
 51 157.8770949720671
 129 159.8882681564246
 63 161.8994413407821
 41 163.9106145251397
 17 165.9217877094972
 125 167.9329608938548
 217 169.9441340782123
 309 171.9553072625699
 0 173.9664804469274
 137 175.9776536312849
 1 177.9888268156425
 0 180


