# Created by Octave 3.8.2, Sun Jun 21 06:09:56 2020 CEST <damian@fptrucha.inv.usc.es>
# name: hd
# type: matrix
# rows: 180
# columns: 2
 2 -180
 148 -177.9888268156425
 2 -175.9776536312849
 346 -173.9664804469274
 210 -171.9553072625698
 153 -169.9441340782123
 22 -167.9329608938548
 39 -165.9217877094972
 52 -163.9106145251397
 153 -161.8994413407821
 42 -159.8882681564246
 660 -157.877094972067
 63 -155.8659217877095
 101 -153.854748603352
 40 -151.8435754189944
 54 -149.8324022346369
 209 -147.8212290502793
 666 -145.8100558659218
 115 -143.7988826815642
 93 -141.7877094972067
 166 -139.7765363128491
 99 -137.7653631284916
 2 -135.7541899441341
 143 -133.7430167597765
 173 -131.731843575419
 67 -129.7206703910614
 190 -127.7094972067039
 232 -125.6983240223464
 72 -123.6871508379888
 180 -121.6759776536313
 178 -119.6648044692737
 2 -117.6536312849162
 87 -115.6424581005587
 117 -113.6312849162011
 113 -111.6201117318436
 21 -109.608938547486
 25 -107.5977653631285
 26 -105.5865921787709
 10 -103.5754189944134
 2 -101.5642458100559
 0 -99.55307262569832
 0 -97.54189944134077
 3 -95.53072625698323
 5 -93.5195530726257
 8019 -91.50837988826815
 4 -89.49720670391061
 1 -87.48603351955308
 1 -85.47486033519553
 0 -83.46368715083798
 2 -81.45251396648044
 6 -79.44134078212289
 3 -77.43016759776536
 45 -75.41899441340782
 19 -73.40782122905027
 45 -71.39664804469274
 116 -69.38547486033519
 56 -67.37430167597765
 95 -65.3631284916201
 47 -63.35195530726256
 283 -61.34078212290503
 159 -59.32960893854748
 208 -57.31843575418993
 80 -55.3072625698324
 77 -53.29608938547486
 197 -51.28491620111731
 47 -49.27374301675977
 99 -47.26256983240222
 5 -45.25139664804468
 259 -43.24022346368713
 2 -41.22905027932961
 146 -39.21787709497207
 289 -37.20670391061452
 449 -35.19553072625698
 118 -33.18435754189943
 52 -31.17318435754188
 156 -29.16201117318434
 13 -27.15083798882682
 59 -25.13966480446928
 654 -23.12849162011173
 131 -21.11731843575419
 52 -19.10614525139664
 11 -17.09497206703909
 35 -15.08379888268155
 195 -13.072625698324
 6 -11.06145251396646
 562 -9.050279329608941
 2 -7.039106145251395
 134 -5.02793296089385
 27 -3.016759776536304
 2 -1.005586592178759
 15 1.005586592178787
 143 3.016759776536333
 1 5.02793296089385
 558 7.039106145251395
 7 9.050279329608941
 124 11.06145251396649
 48 13.07262569832403
 11 15.08379888268158
 63 17.09497206703912
 122 19.10614525139667
 519 21.11731843575421
 63 23.12849162011173
 74 25.13966480446928
 97 27.15083798882682
 61 29.16201117318437
 215 31.17318435754191
 329 33.18435754189946
 216 35.195530726257
 161 37.20670391061452
 25 39.21787709497207
 323 41.22905027932961
 3 43.24022346368716
 112 45.2513966480447
 48 47.26256983240225
 224 49.27374301675979
 75 51.28491620111734
 167 53.29608938547489
 83 55.3072625698324
 133 57.31843575418995
 272 59.32960893854749
 62 61.34078212290504
 105 63.35195530726259
 65 65.36312849162013
 109 67.37430167597768
 47 69.38547486033519
 34 71.39664804469274
 47 73.40782122905028
 9 75.41899441340783
 5 77.43016759776538
 3 79.44134078212289
 2 81.45251396648047
 1 83.46368715083798
 4 85.47486033519556
 14 87.48603351955308
 7478 89.49720670391065
 8 91.50837988826817
 2 93.51955307262574
 2 95.53072625698326
 0 97.54189944134077
 1 99.55307262569835
 10 101.5642458100559
 18 103.5754189944134
 42 105.586592178771
 19 107.5977653631285
 117 109.608938547486
 116 111.6201117318436
 103 113.6312849162011
 4 115.6424581005587
 218 117.6536312849162
 131 119.6648044692737
 89 121.6759776536313
 165 123.6871508379888
 190 125.6983240223464
 86 127.7094972067039
 164 129.7206703910614
 171 131.731843575419
 4 133.7430167597765
 118 135.7541899441341
 179 137.7653631284916
 90 139.7765363128492
 150 141.7877094972067
 423 143.7988826815642
 125 145.8100558659218
 207 147.8212290502793
 58 149.8324022346369
 148 151.8435754189944
 64 153.854748603352
 442 155.8659217877095
 48 157.8770949720671
 112 159.8882681564246
 66 161.8994413407821
 49 163.9106145251397
 19 165.9217877094972
 125 167.9329608938548
 210 169.9441340782123
 331 171.9553072625699
 1 173.9664804469274
 141 175.9776536312849
 4 177.9888268156425
 0 180


