# Created by Octave 3.8.2, Sun Jun 21 02:35:46 2020 CEST <damian@fptrucha.inv.usc.es>
# name: hd
# type: matrix
# rows: 180
# columns: 2
 4 -180
 155 -177.9888268156425
 0 -175.9776536312849
 324 -173.9664804469274
 227 -171.9553072625698
 158 -169.9441340782123
 19 -167.9329608938548
 39 -165.9217877094972
 50 -163.9106145251397
 142 -161.8994413407821
 56 -159.8882681564246
 607 -157.877094972067
 44 -155.8659217877095
 115 -153.854748603352
 44 -151.8435754189944
 61 -149.8324022346369
 203 -147.8212290502793
 611 -145.8100558659218
 128 -143.7988826815642
 78 -141.7877094972067
 168 -139.7765363128491
 94 -137.7653631284916
 3 -135.7541899441341
 140 -133.7430167597765
 149 -131.731843575419
 75 -129.7206703910614
 182 -127.7094972067039
 236 -125.6983240223464
 78 -123.6871508379888
 180 -121.6759776536313
 165 -119.6648044692737
 5 -117.6536312849162
 93 -115.6424581005587
 133 -113.6312849162011
 114 -111.6201117318436
 13 -109.608938547486
 29 -107.5977653631285
 24 -105.5865921787709
 14 -103.5754189944134
 2 -101.5642458100559
 1 -99.55307262569832
 2 -97.54189944134077
 3 -95.53072625698323
 11 -93.5195530726257
 7989 -91.50837988826815
 5 -89.49720670391061
 4 -87.48603351955308
 1 -85.47486033519553
 1 -83.46368715083798
 1 -81.45251396648044
 5 -79.44134078212289
 2 -77.43016759776536
 49 -75.41899441340782
 26 -73.40782122905027
 47 -71.39664804469274
 110 -69.38547486033519
 69 -67.37430167597765
 96 -65.3631284916201
 46 -63.35195530726256
 288 -61.34078212290503
 148 -59.32960893854748
 210 -57.31843575418993
 112 -55.3072625698324
 66 -53.29608938547486
 218 -51.28491620111731
 53 -49.27374301675977
 106 -47.26256983240222
 2 -45.25139664804468
 239 -43.24022346368713
 4 -41.22905027932961
 126 -39.21787709497207
 329 -37.20670391061452
 431 -35.19553072625698
 111 -33.18435754189943
 44 -31.17318435754188
 134 -29.16201117318434
 9 -27.15083798882682
 55 -25.13966480446928
 614 -23.12849162011173
 125 -21.11731843575419
 33 -19.10614525139664
 6 -17.09497206703909
 38 -15.08379888268155
 165 -13.072625698324
 7 -11.06145251396646
 561 -9.050279329608941
 5 -7.039106145251395
 129 -5.02793296089385
 20 -3.016759776536304
 1 -1.005586592178759
 24 1.005586592178787
 139 3.016759776536333
 1 5.02793296089385
 512 7.039106145251395
 5 9.050279329608941
 149 11.06145251396649
 43 13.07262569832403
 16 15.08379888268158
 63 17.09497206703912
 115 19.10614525139667
 489 21.11731843575421
 51 23.12849162011173
 105 25.13966480446928
 105 27.15083798882682
 50 29.16201117318437
 217 31.17318435754191
 306 33.18435754189946
 215 35.195530726257
 172 37.20670391061452
 30 39.21787709497207
 285 41.22905027932961
 3 43.24022346368716
 105 45.2513966480447
 47 47.26256983240225
 211 49.27374301675979
 87 51.28491620111734
 166 53.29608938547489
 77 55.3072625698324
 124 57.31843575418995
 250 59.32960893854749
 51 61.34078212290504
 122 63.35195530726259
 76 65.36312849162013
 90 67.37430167597768
 33 69.38547486033519
 35 71.39664804469274
 39 73.40782122905028
 4 75.41899441340783
 8 77.43016759776538
 2 79.44134078212289
 0 81.45251396648047
 2 83.46368715083798
 5 85.47486033519556
 12 87.48603351955308
 7417 89.49720670391065
 7 91.50837988826817
 1 93.51955307262574
 0 95.53072625698326
 1 97.54189944134077
 1 99.55307262569835
 5 101.5642458100559
 23 103.5754189944134
 34 105.586592178771
 23 107.5977653631285
 98 109.608938547486
 111 111.6201117318436
 108 113.6312849162011
 1 115.6424581005587
 175 117.6536312849162
 136 119.6648044692737
 79 121.6759776536313
 155 123.6871508379888
 168 125.6983240223464
 73 127.7094972067039
 158 129.7206703910614
 164 131.731843575419
 4 133.7430167597765
 111 135.7541899441341
 178 137.7653631284916
 83 139.7765363128492
 138 141.7877094972067
 477 143.7988826815642
 117 145.8100558659218
 207 147.8212290502793
 39 149.8324022346369
 169 151.8435754189944
 69 153.854748603352
 458 155.8659217877095
 45 157.8770949720671
 112 159.8882681564246
 57 161.8994413407821
 46 163.9106145251397
 20 165.9217877094972
 117 167.9329608938548
 226 169.9441340782123
 307 171.9553072625699
 3 173.9664804469274
 144 175.9776536312849
 3 177.9888268156425
 0 180


