# Created by Octave 3.8.2, Mon Jun 22 12:44:07 2020 CEST <damian@fptrucha.inv.usc.es>
# name: hd
# type: matrix
# rows: 180
# columns: 2
 7 -180
 172 -177.9888268156425
 2 -175.9776536312849
 385 -173.9664804469274
 243 -171.9553072625698
 147 -169.9441340782123
 31 -167.9329608938548
 46 -165.9217877094972
 76 -163.9106145251397
 160 -161.8994413407821
 40 -159.8882681564246
 596 -157.877094972067
 66 -155.8659217877095
 122 -153.854748603352
 48 -151.8435754189944
 76 -149.8324022346369
 230 -147.8212290502793
 589 -145.8100558659218
 143 -143.7988826815642
 97 -141.7877094972067
 186 -139.7765363128491
 123 -137.7653631284916
 4 -135.7541899441341
 175 -133.7430167597765
 165 -131.731843575419
 76 -129.7206703910614
 192 -127.7094972067039
 209 -125.6983240223464
 88 -123.6871508379888
 184 -121.6759776536313
 190 -119.6648044692737
 3 -117.6536312849162
 114 -115.6424581005587
 119 -113.6312849162011
 104 -111.6201117318436
 17 -109.608938547486
 41 -107.5977653631285
 31 -105.5865921787709
 8 -103.5754189944134
 1 -101.5642458100559
 1 -99.55307262569832
 0 -97.54189944134077
 0 -95.53072625698323
 4 -93.5195530726257
 7924 -91.50837988826815
 15 -89.49720670391061
 6 -87.48603351955308
 3 -85.47486033519553
 1 -83.46368715083798
 1 -81.45251396648044
 9 -79.44134078212289
 9 -77.43016759776536
 46 -75.41899441340782
 29 -73.40782122905027
 47 -71.39664804469274
 109 -69.38547486033519
 72 -67.37430167597765
 131 -65.3631284916201
 50 -63.35195530726256
 231 -61.34078212290503
 132 -59.32960893854748
 185 -57.31843575418993
 96 -55.3072625698324
 68 -53.29608938547486
 244 -51.28491620111731
 52 -49.27374301675977
 96 -47.26256983240222
 4 -45.25139664804468
 269 -43.24022346368713
 2 -41.22905027932961
 166 -39.21787709497207
 273 -37.20670391061452
 451 -35.19553072625698
 100 -33.18435754189943
 52 -31.17318435754188
 159 -29.16201117318434
 8 -27.15083798882682
 59 -25.13966480446928
 556 -23.12849162011173
 130 -21.11731843575419
 48 -19.10614525139664
 15 -17.09497206703909
 45 -15.08379888268155
 172 -13.072625698324
 8 -11.06145251396646
 586 -9.050279329608941
 3 -7.039106145251395
 126 -5.02793296089385
 22 -3.016759776536304
 6 -1.005586592178759
 21 1.005586592178787
 124 3.016759776536333
 4 5.02793296089385
 524 7.039106145251395
 9 9.050279329608941
 128 11.06145251396649
 47 13.07262569832403
 11 15.08379888268158
 54 17.09497206703912
 100 19.10614525139667
 537 21.11731843575421
 67 23.12849162011173
 72 25.13966480446928
 100 27.15083798882682
 64 29.16201117318437
 189 31.17318435754191
 352 33.18435754189946
 232 35.195530726257
 148 37.20670391061452
 35 39.21787709497207
 282 41.22905027932961
 1 43.24022346368716
 127 45.2513966480447
 67 47.26256983240225
 253 49.27374301675979
 92 51.28491620111734
 186 53.29608938547489
 80 55.3072625698324
 152 57.31843575418995
 266 59.32960893854749
 61 61.34078212290504
 123 63.35195530726259
 74 65.36312849162013
 117 67.37430167597768
 61 69.38547486033519
 36 71.39664804469274
 65 73.40782122905028
 14 75.41899441340783
 13 77.43016759776538
 3 79.44134078212289
 1 81.45251396648047
 2 83.46368715083798
 5 85.47486033519556
 14 87.48603351955308
 7669 89.49720670391065
 10 91.50837988826817
 3 93.51955307262574
 2 95.53072625698326
 3 97.54189944134077
 4 99.55307262569835
 11 101.5642458100559
 21 103.5754189944134
 46 105.586592178771
 22 107.5977653631285
 128 109.608938547486
 135 111.6201117318436
 139 113.6312849162011
 2 115.6424581005587
 209 117.6536312849162
 178 119.6648044692737
 115 121.6759776536313
 185 123.6871508379888
 214 125.6983240223464
 80 127.7094972067039
 165 129.7206703910614
 217 131.731843575419
 0 133.7430167597765
 108 135.7541899441341
 191 137.7653631284916
 90 139.7765363128492
 124 141.7877094972067
 520 143.7988826815642
 105 145.8100558659218
 214 147.8212290502793
 46 149.8324022346369
 163 151.8435754189944
 68 153.854748603352
 449 155.8659217877095
 54 157.8770949720671
 145 159.8882681564246
 75 161.8994413407821
 56 163.9106145251397
 18 165.9217877094972
 153 167.9329608938548
 247 169.9441340782123
 364 171.9553072625699
 4 173.9664804469274
 202 175.9776536312849
 2 177.9888268156425
 0 180


