# Created by Octave 3.8.2, Mon Jun 22 11:32:05 2020 CEST <damian@fptrucha.inv.usc.es>
# name: hd
# type: matrix
# rows: 180
# columns: 2
 2 -180
 168 -177.9888268156425
 5 -175.9776536312849
 367 -173.9664804469274
 208 -171.9553072625698
 163 -169.9441340782123
 21 -167.9329608938548
 42 -165.9217877094972
 68 -163.9106145251397
 151 -161.8994413407821
 36 -159.8882681564246
 504 -157.877094972067
 67 -155.8659217877095
 130 -153.854748603352
 47 -151.8435754189944
 76 -149.8324022346369
 194 -147.8212290502793
 601 -145.8100558659218
 144 -143.7988826815642
 87 -141.7877094972067
 148 -139.7765363128491
 101 -137.7653631284916
 4 -135.7541899441341
 176 -133.7430167597765
 145 -131.731843575419
 74 -129.7206703910614
 192 -127.7094972067039
 201 -125.6983240223464
 85 -123.6871508379888
 177 -121.6759776536313
 186 -119.6648044692737
 5 -117.6536312849162
 101 -115.6424581005587
 120 -113.6312849162011
 112 -111.6201117318436
 23 -109.608938547486
 34 -107.5977653631285
 20 -105.5865921787709
 8 -103.5754189944134
 3 -101.5642458100559
 1 -99.55307262569832
 1 -97.54189944134077
 3 -95.53072625698323
 12 -93.5195530726257
 7764 -91.50837988826815
 11 -89.49720670391061
 3 -87.48603351955308
 3 -85.47486033519553
 1 -83.46368715083798
 2 -81.45251396648044
 10 -79.44134078212289
 9 -77.43016759776536
 48 -75.41899441340782
 34 -73.40782122905027
 53 -71.39664804469274
 105 -69.38547486033519
 78 -67.37430167597765
 107 -65.3631284916201
 44 -63.35195530726256
 253 -61.34078212290503
 152 -59.32960893854748
 191 -57.31843575418993
 89 -55.3072625698324
 61 -53.29608938547486
 228 -51.28491620111731
 55 -49.27374301675977
 110 -47.26256983240222
 5 -45.25139664804468
 281 -43.24022346368713
 1 -41.22905027932961
 154 -39.21787709497207
 296 -37.20670391061452
 409 -35.19553072625698
 119 -33.18435754189943
 52 -31.17318435754188
 157 -29.16201117318434
 14 -27.15083798882682
 68 -25.13966480446928
 589 -23.12849162011173
 140 -21.11731843575419
 49 -19.10614525139664
 12 -17.09497206703909
 49 -15.08379888268155
 166 -13.072625698324
 5 -11.06145251396646
 557 -9.050279329608941
 1 -7.039106145251395
 125 -5.02793296089385
 24 -3.016759776536304
 4 -1.005586592178759
 25 1.005586592178787
 130 3.016759776536333
 9 5.02793296089385
 578 7.039106145251395
 12 9.050279329608941
 133 11.06145251396649
 47 13.07262569832403
 16 15.08379888268158
 66 17.09497206703912
 116 19.10614525139667
 504 21.11731843575421
 55 23.12849162011173
 73 25.13966480446928
 101 27.15083798882682
 77 29.16201117318437
 197 31.17318435754191
 322 33.18435754189946
 238 35.195530726257
 152 37.20670391061452
 39 39.21787709497207
 269 41.22905027932961
 2 43.24022346368716
 134 45.2513966480447
 68 47.26256983240225
 239 49.27374301675979
 92 51.28491620111734
 230 53.29608938547489
 69 55.3072625698324
 170 57.31843575418995
 281 59.32960893854749
 79 61.34078212290504
 108 63.35195530726259
 68 65.36312849162013
 89 67.37430167597768
 46 69.38547486033519
 26 71.39664804469274
 50 73.40782122905028
 9 75.41899441340783
 8 77.43016759776538
 1 79.44134078212289
 1 81.45251396648047
 3 83.46368715083798
 2 85.47486033519556
 26 87.48603351955308
 7587 89.49720670391065
 9 91.50837988826817
 3 93.51955307262574
 3 95.53072625698326
 1 97.54189944134077
 9 99.55307262569835
 22 101.5642458100559
 23 103.5754189944134
 39 105.586592178771
 19 107.5977653631285
 111 109.608938547486
 119 111.6201117318436
 147 113.6312849162011
 0 115.6424581005587
 184 117.6536312849162
 157 119.6648044692737
 95 121.6759776536313
 210 123.6871508379888
 199 125.6983240223464
 77 127.7094972067039
 182 129.7206703910614
 208 131.731843575419
 1 133.7430167597765
 108 135.7541899441341
 187 137.7653631284916
 92 139.7765363128492
 136 141.7877094972067
 506 143.7988826815642
 119 145.8100558659218
 198 147.8212290502793
 61 149.8324022346369
 139 151.8435754189944
 64 153.854748603352
 484 155.8659217877095
 44 157.8770949720671
 157 159.8882681564246
 65 161.8994413407821
 45 163.9106145251397
 22 165.9217877094972
 128 167.9329608938548
 238 169.9441340782123
 336 171.9553072625699
 8 173.9664804469274
 190 175.9776536312849
 4 177.9888268156425
 0 180


