# Created by Octave 3.8.2, Mon Jun 22 10:04:53 2020 CEST <damian@fptrucha.inv.usc.es>
# name: hd
# type: matrix
# rows: 180
# columns: 2
 6 -180
 160 -177.9888268156425
 5 -175.9776536312849
 399 -173.9664804469274
 221 -171.9553072625698
 161 -169.9441340782123
 44 -167.9329608938548
 38 -165.9217877094972
 68 -163.9106145251397
 154 -161.8994413407821
 51 -159.8882681564246
 539 -157.877094972067
 66 -155.8659217877095
 128 -153.854748603352
 45 -151.8435754189944
 58 -149.8324022346369
 260 -147.8212290502793
 592 -145.8100558659218
 133 -143.7988826815642
 108 -141.7877094972067
 157 -139.7765363128491
 98 -137.7653631284916
 2 -135.7541899441341
 169 -133.7430167597765
 156 -131.731843575419
 77 -129.7206703910614
 162 -127.7094972067039
 188 -125.6983240223464
 87 -123.6871508379888
 169 -121.6759776536313
 189 -119.6648044692737
 2 -117.6536312849162
 98 -115.6424581005587
 108 -113.6312849162011
 124 -111.6201117318436
 22 -109.608938547486
 39 -107.5977653631285
 23 -105.5865921787709
 13 -103.5754189944134
 2 -101.5642458100559
 1 -99.55307262569832
 4 -97.54189944134077
 4 -95.53072625698323
 6 -93.5195530726257
 7918 -91.50837988826815
 9 -89.49720670391061
 6 -87.48603351955308
 2 -85.47486033519553
 1 -83.46368715083798
 2 -81.45251396648044
 9 -79.44134078212289
 5 -77.43016759776536
 38 -75.41899441340782
 32 -73.40782122905027
 48 -71.39664804469274
 114 -69.38547486033519
 73 -67.37430167597765
 117 -65.3631284916201
 55 -63.35195530726256
 240 -61.34078212290503
 127 -59.32960893854748
 188 -57.31843575418993
 74 -55.3072625698324
 91 -53.29608938547486
 244 -51.28491620111731
 57 -49.27374301675977
 130 -47.26256983240222
 3 -45.25139664804468
 265 -43.24022346368713
 9 -41.22905027932961
 154 -39.21787709497207
 278 -37.20670391061452
 435 -35.19553072625698
 122 -33.18435754189943
 62 -31.17318435754188
 157 -29.16201117318434
 13 -27.15083798882682
 82 -25.13966480446928
 546 -23.12849162011173
 136 -21.11731843575419
 66 -19.10614525139664
 20 -17.09497206703909
 54 -15.08379888268155
 156 -13.072625698324
 13 -11.06145251396646
 540 -9.050279329608941
 4 -7.039106145251395
 145 -5.02793296089385
 19 -3.016759776536304
 3 -1.005586592178759
 24 1.005586592178787
 140 3.016759776536333
 6 5.02793296089385
 586 7.039106145251395
 7 9.050279329608941
 149 11.06145251396649
 43 13.07262569832403
 15 15.08379888268158
 58 17.09497206703912
 125 19.10614525139667
 535 21.11731843575421
 60 23.12849162011173
 84 25.13966480446928
 102 27.15083798882682
 48 29.16201117318437
 200 31.17318435754191
 340 33.18435754189946
 247 35.195530726257
 174 37.20670391061452
 45 39.21787709497207
 277 41.22905027932961
 3 43.24022346368716
 124 45.2513966480447
 67 47.26256983240225
 229 49.27374301675979
 79 51.28491620111734
 218 53.29608938547489
 92 55.3072625698324
 129 57.31843575418995
 264 59.32960893854749
 53 61.34078212290504
 135 63.35195530726259
 78 65.36312849162013
 104 67.37430167597768
 49 69.38547486033519
 38 71.39664804469274
 55 73.40782122905028
 8 75.41899441340783
 9 77.43016759776538
 5 79.44134078212289
 3 81.45251396648047
 1 83.46368715083798
 5 85.47486033519556
 16 87.48603351955308
 7504 89.49720670391065
 10 91.50837988826817
 3 93.51955307262574
 2 95.53072625698326
 2 97.54189944134077
 9 99.55307262569835
 19 101.5642458100559
 22 103.5754189944134
 35 105.586592178771
 19 107.5977653631285
 122 109.608938547486
 122 111.6201117318436
 137 113.6312849162011
 3 115.6424581005587
 202 117.6536312849162
 178 119.6648044692737
 93 121.6759776536313
 172 123.6871508379888
 185 125.6983240223464
 83 127.7094972067039
 171 129.7206703910614
 199 131.731843575419
 1 133.7430167597765
 141 135.7541899441341
 159 137.7653631284916
 107 139.7765363128492
 146 141.7877094972067
 497 143.7988826815642
 105 145.8100558659218
 193 147.8212290502793
 36 149.8324022346369
 137 151.8435754189944
 69 153.854748603352
 496 155.8659217877095
 50 157.8770949720671
 140 159.8882681564246
 85 161.8994413407821
 32 163.9106145251397
 23 165.9217877094972
 142 167.9329608938548
 217 169.9441340782123
 324 171.9553072625699
 1 173.9664804469274
 159 175.9776536312849
 3 177.9888268156425
 0 180


