# Created by Octave 3.8.2, Mon Jun 22 09:12:00 2020 CEST <damian@fptrucha.inv.usc.es>
# name: hd
# type: matrix
# rows: 180
# columns: 2
 6 -180
 150 -177.9888268156425
 4 -175.9776536312849
 380 -173.9664804469274
 232 -171.9553072625698
 135 -169.9441340782123
 37 -167.9329608938548
 52 -165.9217877094972
 74 -163.9106145251397
 160 -161.8994413407821
 39 -159.8882681564246
 550 -157.877094972067
 60 -155.8659217877095
 105 -153.854748603352
 35 -151.8435754189944
 82 -149.8324022346369
 218 -147.8212290502793
 578 -145.8100558659218
 116 -143.7988826815642
 106 -141.7877094972067
 171 -139.7765363128491
 109 -137.7653631284916
 4 -135.7541899441341
 172 -133.7430167597765
 168 -131.731843575419
 74 -129.7206703910614
 148 -127.7094972067039
 200 -125.6983240223464
 105 -123.6871508379888
 176 -121.6759776536313
 186 -119.6648044692737
 8 -117.6536312849162
 115 -115.6424581005587
 114 -113.6312849162011
 127 -111.6201117318436
 24 -109.608938547486
 33 -107.5977653631285
 23 -105.5865921787709
 20 -103.5754189944134
 4 -101.5642458100559
 3 -99.55307262569832
 2 -97.54189944134077
 4 -95.53072625698323
 12 -93.5195530726257
 7588 -91.50837988826815
 11 -89.49720670391061
 7 -87.48603351955308
 1 -85.47486033519553
 0 -83.46368715083798
 5 -81.45251396648044
 8 -79.44134078212289
 5 -77.43016759776536
 52 -75.41899441340782
 38 -73.40782122905027
 51 -71.39664804469274
 111 -69.38547486033519
 71 -67.37430167597765
 95 -65.3631284916201
 62 -63.35195530726256
 213 -61.34078212290503
 145 -59.32960893854748
 178 -57.31843575418993
 79 -55.3072625698324
 78 -53.29608938547486
 198 -51.28491620111731
 53 -49.27374301675977
 113 -47.26256983240222
 3 -45.25139664804468
 319 -43.24022346368713
 5 -41.22905027932961
 168 -39.21787709497207
 261 -37.20670391061452
 444 -35.19553072625698
 130 -33.18435754189943
 76 -31.17318435754188
 167 -29.16201117318434
 7 -27.15083798882682
 59 -25.13966480446928
 560 -23.12849162011173
 126 -21.11731843575419
 63 -19.10614525139664
 14 -17.09497206703909
 38 -15.08379888268155
 143 -13.072625698324
 11 -11.06145251396646
 526 -9.050279329608941
 3 -7.039106145251395
 153 -5.02793296089385
 20 -3.016759776536304
 5 -1.005586592178759
 21 1.005586592178787
 132 3.016759776536333
 5 5.02793296089385
 530 7.039106145251395
 6 9.050279329608941
 161 11.06145251396649
 40 13.07262569832403
 12 15.08379888268158
 65 17.09497206703912
 118 19.10614525139667
 520 21.11731843575421
 69 23.12849162011173
 89 25.13966480446928
 90 27.15083798882682
 74 29.16201117318437
 214 31.17318435754191
 321 33.18435754189946
 242 35.195530726257
 152 37.20670391061452
 30 39.21787709497207
 282 41.22905027932961
 4 43.24022346368716
 114 45.2513966480447
 83 47.26256983240225
 224 49.27374301675979
 80 51.28491620111734
 186 53.29608938547489
 97 55.3072625698324
 138 57.31843575418995
 241 59.32960893854749
 50 61.34078212290504
 129 63.35195530726259
 78 65.36312849162013
 99 67.37430167597768
 45 69.38547486033519
 37 71.39664804469274
 56 73.40782122905028
 6 75.41899441340783
 4 77.43016759776538
 2 79.44134078212289
 0 81.45251396648047
 2 83.46368715083798
 5 85.47486033519556
 12 87.48603351955308
 7355 89.49720670391065
 11 91.50837988826817
 3 93.51955307262574
 0 95.53072625698326
 3 97.54189944134077
 7 99.55307262569835
 15 101.5642458100559
 21 103.5754189944134
 41 105.586592178771
 20 107.5977653631285
 112 109.608938547486
 125 111.6201117318436
 125 113.6312849162011
 3 115.6424581005587
 215 117.6536312849162
 156 119.6648044692737
 95 121.6759776536313
 161 123.6871508379888
 173 125.6983240223464
 83 127.7094972067039
 149 129.7206703910614
 169 131.731843575419
 1 133.7430167597765
 125 135.7541899441341
 191 137.7653631284916
 99 139.7765363128492
 119 141.7877094972067
 484 143.7988826815642
 105 145.8100558659218
 188 147.8212290502793
 63 149.8324022346369
 120 151.8435754189944
 64 153.854748603352
 484 155.8659217877095
 55 157.8770949720671
 127 159.8882681564246
 65 161.8994413407821
 43 163.9106145251397
 15 165.9217877094972
 130 167.9329608938548
 204 169.9441340782123
 361 171.9553072625699
 7 173.9664804469274
 156 175.9776536312849
 1 177.9888268156425
 0 180


