# Created by Octave 3.8.2, Sat Jun 20 17:26:53 2020 CEST <damian@fptrucha.inv.usc.es>
# name: hd
# type: matrix
# rows: 180
# columns: 2
 1 -180
 166 -177.9888268156425
 5 -175.9776536312849
 367 -173.9664804469274
 246 -171.9553072625698
 181 -169.9441340782123
 24 -167.9329608938548
 44 -165.9217877094972
 54 -163.9106145251397
 164 -161.8994413407821
 36 -159.8882681564246
 657 -157.877094972067
 55 -155.8659217877095
 120 -153.854748603352
 40 -151.8435754189944
 73 -149.8324022346369
 185 -147.8212290502793
 679 -145.8100558659218
 121 -143.7988826815642
 94 -141.7877094972067
 180 -139.7765363128491
 93 -137.7653631284916
 5 -135.7541899441341
 146 -133.7430167597765
 136 -131.731843575419
 69 -129.7206703910614
 174 -127.7094972067039
 193 -125.6983240223464
 92 -123.6871508379888
 168 -121.6759776536313
 182 -119.6648044692737
 8 -117.6536312849162
 88 -115.6424581005587
 113 -113.6312849162011
 121 -111.6201117318436
 24 -109.608938547486
 27 -107.5977653631285
 25 -105.5865921787709
 12 -103.5754189944134
 1 -101.5642458100559
 0 -99.55307262569832
 0 -97.54189944134077
 2 -95.53072625698323
 7 -93.5195530726257
 8087 -91.50837988826815
 7 -89.49720670391061
 2 -87.48603351955308
 0 -85.47486033519553
 0 -83.46368715083798
 1 -81.45251396648044
 1 -79.44134078212289
 6 -77.43016759776536
 47 -75.41899441340782
 19 -73.40782122905027
 61 -71.39664804469274
 92 -69.38547486033519
 54 -67.37430167597765
 106 -65.3631284916201
 56 -63.35195530726256
 271 -61.34078212290503
 147 -59.32960893854748
 216 -57.31843575418993
 101 -55.3072625698324
 82 -53.29608938547486
 207 -51.28491620111731
 56 -49.27374301675977
 99 -47.26256983240222
 3 -45.25139664804468
 281 -43.24022346368713
 2 -41.22905027932961
 169 -39.21787709497207
 310 -37.20670391061452
 470 -35.19553072625698
 106 -33.18435754189943
 66 -31.17318435754188
 135 -29.16201117318434
 6 -27.15083798882682
 48 -25.13966480446928
 651 -23.12849162011173
 131 -21.11731843575419
 39 -19.10614525139664
 4 -17.09497206703909
 29 -15.08379888268155
 159 -13.072625698324
 6 -11.06145251396646
 560 -9.050279329608941
 0 -7.039106145251395
 146 -5.02793296089385
 23 -3.016759776536304
 0 -1.005586592178759
 14 1.005586592178787
 108 3.016759776536333
 5 5.02793296089385
 548 7.039106145251395
 10 9.050279329608941
 125 11.06145251396649
 39 13.07262569832403
 14 15.08379888268158
 33 17.09497206703912
 120 19.10614525139667
 525 21.11731843575421
 62 23.12849162011173
 87 25.13966480446928
 103 27.15083798882682
 63 29.16201117318437
 236 31.17318435754191
 332 33.18435754189946
 237 35.195530726257
 185 37.20670391061452
 32 39.21787709497207
 314 41.22905027932961
 3 43.24022346368716
 138 45.2513966480447
 60 47.26256983240225
 203 49.27374301675979
 98 51.28491620111734
 182 53.29608938547489
 84 55.3072625698324
 144 57.31843575418995
 247 59.32960893854749
 64 61.34078212290504
 95 63.35195530726259
 78 65.36312849162013
 104 67.37430167597768
 38 69.38547486033519
 27 71.39664804469274
 39 73.40782122905028
 3 75.41899441340783
 7 77.43016759776538
 1 79.44134078212289
 0 81.45251396648047
 3 83.46368715083798
 3 85.47486033519556
 17 87.48603351955308
 7850 89.49720670391065
 3 91.50837988826817
 0 93.51955307262574
 1 95.53072625698326
 1 97.54189944134077
 4 99.55307262569835
 17 101.5642458100559
 17 103.5754189944134
 21 105.586592178771
 24 107.5977653631285
 100 109.608938547486
 116 111.6201117318436
 125 113.6312849162011
 3 115.6424581005587
 194 117.6536312849162
 150 119.6648044692737
 77 121.6759776536313
 192 123.6871508379888
 172 125.6983240223464
 89 127.7094972067039
 195 129.7206703910614
 180 131.731843575419
 1 133.7430167597765
 131 135.7541899441341
 191 137.7653631284916
 106 139.7765363128492
 143 141.7877094972067
 467 143.7988826815642
 111 145.8100558659218
 220 147.8212290502793
 34 149.8324022346369
 162 151.8435754189944
 66 153.854748603352
 460 155.8659217877095
 42 157.8770949720671
 120 159.8882681564246
 71 161.8994413407821
 50 163.9106145251397
 13 165.9217877094972
 138 167.9329608938548
 234 169.9441340782123
 324 171.9553072625699
 2 173.9664804469274
 149 175.9776536312849
 3 177.9888268156425
 0 180


