# Created by Octave 3.8.2, Sat Jun 20 10:58:20 2020 CEST <damian@fptrucha.inv.usc.es>
# name: hd
# type: matrix
# rows: 180
# columns: 2
 7 -180
 172 -177.9888268156425
 4 -175.9776536312849
 389 -173.9664804469274
 271 -171.9553072625698
 154 -169.9441340782123
 32 -167.9329608938548
 39 -165.9217877094972
 60 -163.9106145251397
 176 -161.8994413407821
 47 -159.8882681564246
 688 -157.877094972067
 81 -155.8659217877095
 138 -153.854748603352
 45 -151.8435754189944
 74 -149.8324022346369
 222 -147.8212290502793
 678 -145.8100558659218
 132 -143.7988826815642
 80 -141.7877094972067
 195 -139.7765363128491
 112 -137.7653631284916
 1 -135.7541899441341
 177 -133.7430167597765
 182 -131.731843575419
 101 -129.7206703910614
 209 -127.7094972067039
 259 -125.6983240223464
 100 -123.6871508379888
 205 -121.6759776536313
 194 -119.6648044692737
 2 -117.6536312849162
 111 -115.6424581005587
 130 -113.6312849162011
 129 -111.6201117318436
 19 -109.608938547486
 39 -107.5977653631285
 28 -105.5865921787709
 14 -103.5754189944134
 6 -101.5642458100559
 0 -99.55307262569832
 1 -97.54189944134077
 3 -95.53072625698323
 7 -93.5195530726257
 8978 -91.50837988826815
 13 -89.49720670391061
 0 -87.48603351955308
 0 -85.47486033519553
 0 -83.46368715083798
 3 -81.45251396648044
 4 -79.44134078212289
 9 -77.43016759776536
 45 -75.41899441340782
 33 -73.40782122905027
 41 -71.39664804469274
 126 -69.38547486033519
 76 -67.37430167597765
 119 -65.3631284916201
 53 -63.35195530726256
 282 -61.34078212290503
 153 -59.32960893854748
 249 -57.31843575418993
 103 -55.3072625698324
 85 -53.29608938547486
 258 -51.28491620111731
 66 -49.27374301675977
 126 -47.26256983240222
 0 -45.25139664804468
 297 -43.24022346368713
 2 -41.22905027932961
 177 -39.21787709497207
 319 -37.20670391061452
 497 -35.19553072625698
 97 -33.18435754189943
 65 -31.17318435754188
 176 -29.16201117318434
 10 -27.15083798882682
 58 -25.13966480446928
 672 -23.12849162011173
 171 -21.11731843575419
 47 -19.10614525139664
 10 -17.09497206703909
 45 -15.08379888268155
 165 -13.072625698324
 12 -11.06145251396646
 632 -9.050279329608941
 2 -7.039106145251395
 139 -5.02793296089385
 27 -3.016759776536304
 3 -1.005586592178759
 28 1.005586592178787
 146 3.016759776536333
 2 5.02793296089385
 669 7.039106145251395
 6 9.050279329608941
 149 11.06145251396649
 48 13.07262569832403
 8 15.08379888268158
 73 17.09497206703912
 129 19.10614525139667
 563 21.11731843575421
 55 23.12849162011173
 116 25.13966480446928
 131 27.15083798882682
 73 29.16201117318437
 246 31.17318435754191
 362 33.18435754189946
 250 35.195530726257
 195 37.20670391061452
 44 39.21787709497207
 327 41.22905027932961
 2 43.24022346368716
 117 45.2513966480447
 70 47.26256983240225
 225 49.27374301675979
 103 51.28491620111734
 224 53.29608938547489
 96 55.3072625698324
 168 57.31843575418995
 314 59.32960893854749
 85 61.34078212290504
 128 63.35195530726259
 88 65.36312849162013
 123 67.37430167597768
 51 69.38547486033519
 43 71.39664804469274
 55 73.40782122905028
 7 75.41899441340783
 8 77.43016759776538
 4 79.44134078212289
 0 81.45251396648047
 2 83.46368715083798
 1 85.47486033519556
 8 87.48603351955308
 8548 89.49720670391065
 2 91.50837988826817
 4 93.51955307262574
 2 95.53072625698326
 1 97.54189944134077
 4 99.55307262569835
 21 101.5642458100559
 18 103.5754189944134
 51 105.586592178771
 34 107.5977653631285
 124 109.608938547486
 145 111.6201117318436
 153 113.6312849162011
 1 115.6424581005587
 224 117.6536312849162
 162 119.6648044692737
 95 121.6759776536313
 179 123.6871508379888
 202 125.6983240223464
 87 127.7094972067039
 165 129.7206703910614
 193 131.731843575419
 8 133.7430167597765
 122 135.7541899441341
 203 137.7653631284916
 122 139.7765363128492
 169 141.7877094972067
 500 143.7988826815642
 135 145.8100558659218
 265 147.8212290502793
 42 149.8324022346369
 183 151.8435754189944
 71 153.854748603352
 537 155.8659217877095
 52 157.8770949720671
 126 159.8882681564246
 89 161.8994413407821
 46 163.9106145251397
 23 165.9217877094972
 136 167.9329608938548
 251 169.9441340782123
 377 171.9553072625699
 4 173.9664804469274
 175 175.9776536312849
 4 177.9888268156425
 0 180


