# Created by Octave 3.8.2, Mon Jun 22 04:58:13 2020 CEST <damian@fptrucha.inv.usc.es>
# name: hd
# type: matrix
# rows: 180
# columns: 2
 7 -180
 145 -177.9888268156425
 3 -175.9776536312849
 342 -173.9664804469274
 210 -171.9553072625698
 131 -169.9441340782123
 25 -167.9329608938548
 38 -165.9217877094972
 68 -163.9106145251397
 134 -161.8994413407821
 50 -159.8882681564246
 499 -157.877094972067
 60 -155.8659217877095
 120 -153.854748603352
 49 -151.8435754189944
 84 -149.8324022346369
 205 -147.8212290502793
 506 -145.8100558659218
 140 -143.7988826815642
 105 -141.7877094972067
 155 -139.7765363128491
 105 -137.7653631284916
 6 -135.7541899441341
 166 -133.7430167597765
 159 -131.731843575419
 66 -129.7206703910614
 175 -127.7094972067039
 190 -125.6983240223464
 80 -123.6871508379888
 173 -121.6759776536313
 204 -119.6648044692737
 5 -117.6536312849162
 113 -115.6424581005587
 121 -113.6312849162011
 122 -111.6201117318436
 20 -109.608938547486
 47 -107.5977653631285
 19 -105.5865921787709
 11 -103.5754189944134
 1 -101.5642458100559
 1 -99.55307262569832
 2 -97.54189944134077
 3 -95.53072625698323
 12 -93.5195530726257
 7130 -91.50837988826815
 12 -89.49720670391061
 4 -87.48603351955308
 0 -85.47486033519553
 0 -83.46368715083798
 3 -81.45251396648044
 11 -79.44134078212289
 6 -77.43016759776536
 50 -75.41899441340782
 36 -73.40782122905027
 50 -71.39664804469274
 112 -69.38547486033519
 76 -67.37430167597765
 126 -65.3631284916201
 51 -63.35195530726256
 235 -61.34078212290503
 123 -59.32960893854748
 201 -57.31843575418993
 83 -55.3072625698324
 63 -53.29608938547486
 212 -51.28491620111731
 67 -49.27374301675977
 131 -47.26256983240222
 3 -45.25139664804468
 304 -43.24022346368713
 0 -41.22905027932961
 140 -39.21787709497207
 262 -37.20670391061452
 357 -35.19553072625698
 110 -33.18435754189943
 57 -31.17318435754188
 156 -29.16201117318434
 5 -27.15083798882682
 72 -25.13966480446928
 496 -23.12849162011173
 123 -21.11731843575419
 47 -19.10614525139664
 12 -17.09497206703909
 50 -15.08379888268155
 160 -13.072625698324
 6 -11.06145251396646
 504 -9.050279329608941
 1 -7.039106145251395
 120 -5.02793296089385
 25 -3.016759776536304
 2 -1.005586592178759
 20 1.005586592178787
 133 3.016759776536333
 4 5.02793296089385
 509 7.039106145251395
 11 9.050279329608941
 129 11.06145251396649
 51 13.07262569832403
 10 15.08379888268158
 53 17.09497206703912
 124 19.10614525139667
 476 21.11731843575421
 52 23.12849162011173
 64 25.13966480446928
 104 27.15083798882682
 66 29.16201117318437
 188 31.17318435754191
 280 33.18435754189946
 220 35.195530726257
 139 37.20670391061452
 44 39.21787709497207
 270 41.22905027932961
 0 43.24022346368716
 116 45.2513966480447
 73 47.26256983240225
 209 49.27374301675979
 86 51.28491620111734
 178 53.29608938547489
 79 55.3072625698324
 140 57.31843575418995
 238 59.32960893854749
 63 61.34078212290504
 107 63.35195530726259
 83 65.36312849162013
 98 67.37430167597768
 55 69.38547486033519
 25 71.39664804469274
 48 73.40782122905028
 6 75.41899441340783
 5 77.43016759776538
 8 79.44134078212289
 2 81.45251396648047
 2 83.46368715083798
 1 85.47486033519556
 12 87.48603351955308
 6594 89.49720670391065
 12 91.50837988826817
 2 93.51955307262574
 3 95.53072625698326
 1 97.54189944134077
 1 99.55307262569835
 18 101.5642458100559
 17 103.5754189944134
 42 105.586592178771
 22 107.5977653631285
 99 109.608938547486
 120 111.6201117318436
 121 113.6312849162011
 2 115.6424581005587
 183 117.6536312849162
 148 119.6648044692737
 71 121.6759776536313
 160 123.6871508379888
 161 125.6983240223464
 77 127.7094972067039
 145 129.7206703910614
 165 131.731843575419
 0 133.7430167597765
 101 135.7541899441341
 164 137.7653631284916
 86 139.7765363128492
 112 141.7877094972067
 449 143.7988826815642
 103 145.8100558659218
 196 147.8212290502793
 54 149.8324022346369
 123 151.8435754189944
 64 153.854748603352
 430 155.8659217877095
 45 157.8770949720671
 127 159.8882681564246
 96 161.8994413407821
 54 163.9106145251397
 20 165.9217877094972
 131 167.9329608938548
 192 169.9441340782123
 319 171.9553072625699
 6 173.9664804469274
 143 175.9776536312849
 5 177.9888268156425
 0 180


