# Created by Octave 3.8.2, Mon Jun 22 12:57:36 2020 CEST <damian@fptrucha.inv.usc.es>
# name: hd
# type: matrix
# rows: 180
# columns: 2
 3 -180
 172 -177.9888268156425
 2 -175.9776536312849
 329 -173.9664804469274
 263 -171.9553072625698
 159 -169.9441340782123
 31 -167.9329608938548
 42 -165.9217877094972
 53 -163.9106145251397
 156 -161.8994413407821
 35 -159.8882681564246
 550 -157.877094972067
 76 -155.8659217877095
 120 -153.854748603352
 42 -151.8435754189944
 57 -149.8324022346369
 239 -147.8212290502793
 642 -145.8100558659218
 142 -143.7988826815642
 95 -141.7877094972067
 184 -139.7765363128491
 127 -137.7653631284916
 4 -135.7541899441341
 165 -133.7430167597765
 165 -131.731843575419
 80 -129.7206703910614
 185 -127.7094972067039
 234 -125.6983240223464
 87 -123.6871508379888
 174 -121.6759776536313
 194 -119.6648044692737
 4 -117.6536312849162
 100 -115.6424581005587
 119 -113.6312849162011
 111 -111.6201117318436
 25 -109.608938547486
 44 -107.5977653631285
 20 -105.5865921787709
 13 -103.5754189944134
 5 -101.5642458100559
 1 -99.55307262569832
 0 -97.54189944134077
 1 -95.53072625698323
 8 -93.5195530726257
 7807 -91.50837988826815
 14 -89.49720670391061
 7 -87.48603351955308
 2 -85.47486033519553
 2 -83.46368715083798
 3 -81.45251396648044
 5 -79.44134078212289
 7 -77.43016759776536
 50 -75.41899441340782
 22 -73.40782122905027
 49 -71.39664804469274
 116 -69.38547486033519
 69 -67.37430167597765
 102 -65.3631284916201
 59 -63.35195530726256
 272 -61.34078212290503
 122 -59.32960893854748
 212 -57.31843575418993
 103 -55.3072625698324
 91 -53.29608938547486
 241 -51.28491620111731
 54 -49.27374301675977
 110 -47.26256983240222
 2 -45.25139664804468
 265 -43.24022346368713
 5 -41.22905027932961
 157 -39.21787709497207
 286 -37.20670391061452
 497 -35.19553072625698
 122 -33.18435754189943
 55 -31.17318435754188
 148 -29.16201117318434
 7 -27.15083798882682
 67 -25.13966480446928
 588 -23.12849162011173
 148 -21.11731843575419
 49 -19.10614525139664
 11 -17.09497206703909
 40 -15.08379888268155
 169 -13.072625698324
 11 -11.06145251396646
 544 -9.050279329608941
 4 -7.039106145251395
 131 -5.02793296089385
 19 -3.016759776536304
 5 -1.005586592178759
 23 1.005586592178787
 111 3.016759776536333
 2 5.02793296089385
 543 7.039106145251395
 12 9.050279329608941
 152 11.06145251396649
 42 13.07262569832403
 15 15.08379888268158
 69 17.09497206703912
 124 19.10614525139667
 521 21.11731843575421
 59 23.12849162011173
 79 25.13966480446928
 94 27.15083798882682
 55 29.16201117318437
 204 31.17318435754191
 340 33.18435754189946
 249 35.195530726257
 131 37.20670391061452
 44 39.21787709497207
 296 41.22905027932961
 5 43.24022346368716
 140 45.2513966480447
 63 47.26256983240225
 231 49.27374301675979
 81 51.28491620111734
 208 53.29608938547489
 104 55.3072625698324
 177 57.31843575418995
 269 59.32960893854749
 65 61.34078212290504
 126 63.35195530726259
 85 65.36312849162013
 116 67.37430167597768
 43 69.38547486033519
 30 71.39664804469274
 52 73.40782122905028
 8 75.41899441340783
 8 77.43016759776538
 3 79.44134078212289
 1 81.45251396648047
 1 83.46368715083798
 6 85.47486033519556
 19 87.48603351955308
 7447 89.49720670391065
 7 91.50837988826817
 3 93.51955307262574
 2 95.53072625698326
 2 97.54189944134077
 6 99.55307262569835
 13 101.5642458100559
 27 103.5754189944134
 46 105.586592178771
 19 107.5977653631285
 123 109.608938547486
 144 111.6201117318436
 122 113.6312849162011
 4 115.6424581005587
 193 117.6536312849162
 162 119.6648044692737
 105 121.6759776536313
 168 123.6871508379888
 204 125.6983240223464
 102 127.7094972067039
 166 129.7206703910614
 188 131.731843575419
 1 133.7430167597765
 118 135.7541899441341
 175 137.7653631284916
 100 139.7765363128492
 144 141.7877094972067
 512 143.7988826815642
 118 145.8100558659218
 207 147.8212290502793
 47 149.8324022346369
 139 151.8435754189944
 59 153.854748603352
 514 155.8659217877095
 58 157.8770949720671
 146 159.8882681564246
 70 161.8994413407821
 43 163.9106145251397
 21 165.9217877094972
 123 167.9329608938548
 249 169.9441340782123
 396 171.9553072625699
 4 173.9664804469274
 165 175.9776536312849
 4 177.9888268156425
 0 180


