# Created by Octave 3.8.2, Mon Jun 22 19:57:25 2020 CEST <damian@fptrucha.inv.usc.es>
# name: hd
# type: matrix
# rows: 180
# columns: 2
 3 -180
 122 -177.9888268156425
 3 -175.9776536312849
 255 -173.9664804469274
 156 -171.9553072625698
 88 -169.9441340782123
 25 -167.9329608938548
 18 -165.9217877094972
 31 -163.9106145251397
 118 -161.8994413407821
 37 -159.8882681564246
 385 -157.877094972067
 38 -155.8659217877095
 95 -153.854748603352
 36 -151.8435754189944
 43 -149.8324022346369
 171 -147.8212290502793
 393 -145.8100558659218
 95 -143.7988826815642
 60 -141.7877094972067
 115 -139.7765363128491
 68 -137.7653631284916
 3 -135.7541899441341
 148 -133.7430167597765
 106 -131.731843575419
 58 -129.7206703910614
 144 -127.7094972067039
 153 -125.6983240223464
 59 -123.6871508379888
 132 -121.6759776536313
 140 -119.6648044692737
 3 -117.6536312849162
 95 -115.6424581005587
 78 -113.6312849162011
 94 -111.6201117318436
 20 -109.608938547486
 29 -107.5977653631285
 16 -105.5865921787709
 7 -103.5754189944134
 4 -101.5642458100559
 1 -99.55307262569832
 1 -97.54189944134077
 3 -95.53072625698323
 7 -93.5195530726257
 5705 -91.50837988826815
 8 -89.49720670391061
 2 -87.48603351955308
 0 -85.47486033519553
 1 -83.46368715083798
 1 -81.45251396648044
 5 -79.44134078212289
 4 -77.43016759776536
 36 -75.41899441340782
 22 -73.40782122905027
 33 -71.39664804469274
 94 -69.38547486033519
 43 -67.37430167597765
 84 -65.3631284916201
 32 -63.35195530726256
 175 -61.34078212290503
 108 -59.32960893854748
 137 -57.31843575418993
 69 -55.3072625698324
 59 -53.29608938547486
 177 -51.28491620111731
 35 -49.27374301675977
 83 -47.26256983240222
 2 -45.25139664804468
 196 -43.24022346368713
 2 -41.22905027932961
 141 -39.21787709497207
 221 -37.20670391061452
 317 -35.19553072625698
 91 -33.18435754189943
 51 -31.17318435754188
 105 -29.16201117318434
 7 -27.15083798882682
 34 -25.13966480446928
 395 -23.12849162011173
 99 -21.11731843575419
 41 -19.10614525139664
 8 -17.09497206703909
 29 -15.08379888268155
 98 -13.072625698324
 7 -11.06145251396646
 411 -9.050279329608941
 2 -7.039106145251395
 91 -5.02793296089385
 20 -3.016759776536304
 1 -1.005586592178759
 16 1.005586592178787
 82 3.016759776536333
 3 5.02793296089385
 371 7.039106145251395
 11 9.050279329608941
 81 11.06145251396649
 31 13.07262569832403
 8 15.08379888268158
 50 17.09497206703912
 95 19.10614525139667
 361 21.11731843575421
 40 23.12849162011173
 61 25.13966480446928
 62 27.15083798882682
 43 29.16201117318437
 136 31.17318435754191
 250 33.18435754189946
 184 35.195530726257
 133 37.20670391061452
 26 39.21787709497207
 203 41.22905027932961
 3 43.24022346368716
 90 45.2513966480447
 49 47.26256983240225
 183 49.27374301675979
 54 51.28491620111734
 138 53.29608938547489
 52 55.3072625698324
 106 57.31843575418995
 173 59.32960893854749
 32 61.34078212290504
 94 63.35195530726259
 57 65.36312849162013
 71 67.37430167597768
 33 69.38547486033519
 25 71.39664804469274
 25 73.40782122905028
 4 75.41899441340783
 4 77.43016759776538
 2 79.44134078212289
 1 81.45251396648047
 0 83.46368715083798
 3 85.47486033519556
 12 87.48603351955308
 5105 89.49720670391065
 6 91.50837988826817
 3 93.51955307262574
 0 95.53072625698326
 1 97.54189944134077
 3 99.55307262569835
 8 101.5642458100559
 10 103.5754189944134
 34 105.586592178771
 21 107.5977653631285
 83 109.608938547486
 85 111.6201117318436
 69 113.6312849162011
 1 115.6424581005587
 139 117.6536312849162
 137 119.6648044692737
 59 121.6759776536313
 127 123.6871508379888
 137 125.6983240223464
 47 127.7094972067039
 112 129.7206703910614
 106 131.731843575419
 0 133.7430167597765
 77 135.7541899441341
 115 137.7653631284916
 83 139.7765363128492
 89 141.7877094972067
 319 143.7988826815642
 91 145.8100558659218
 138 147.8212290502793
 41 149.8324022346369
 87 151.8435754189944
 48 153.854748603352
 343 155.8659217877095
 34 157.8770949720671
 97 159.8882681564246
 39 161.8994413407821
 34 163.9106145251397
 9 165.9217877094972
 88 167.9329608938548
 177 169.9441340782123
 217 171.9553072625699
 3 173.9664804469274
 106 175.9776536312849
 1 177.9888268156425
 0 180


