# Created by Octave 3.8.2, Mon Jun 22 19:29:19 2020 CEST <damian@fptrucha.inv.usc.es>
# name: hd
# type: matrix
# rows: 180
# columns: 2
 5 -180
 187 -177.9888268156425
 7 -175.9776536312849
 365 -173.9664804469274
 248 -171.9553072625698
 154 -169.9441340782123
 37 -167.9329608938548
 46 -165.9217877094972
 50 -163.9106145251397
 165 -161.8994413407821
 41 -159.8882681564246
 591 -157.877094972067
 60 -155.8659217877095
 147 -153.854748603352
 43 -151.8435754189944
 74 -149.8324022346369
 249 -147.8212290502793
 603 -145.8100558659218
 124 -143.7988826815642
 103 -141.7877094972067
 192 -139.7765363128491
 138 -137.7653631284916
 3 -135.7541899441341
 193 -133.7430167597765
 160 -131.731843575419
 80 -129.7206703910614
 170 -127.7094972067039
 237 -125.6983240223464
 109 -123.6871508379888
 155 -121.6759776536313
 210 -119.6648044692737
 3 -117.6536312849162
 118 -115.6424581005587
 138 -113.6312849162011
 136 -111.6201117318436
 22 -109.608938547486
 40 -107.5977653631285
 19 -105.5865921787709
 17 -103.5754189944134
 5 -101.5642458100559
 0 -99.55307262569832
 2 -97.54189944134077
 3 -95.53072625698323
 8 -93.5195530726257
 8562 -91.50837988826815
 16 -89.49720670391061
 8 -87.48603351955308
 3 -85.47486033519553
 0 -83.46368715083798
 3 -81.45251396648044
 11 -79.44134078212289
 7 -77.43016759776536
 62 -75.41899441340782
 33 -73.40782122905027
 57 -71.39664804469274
 138 -69.38547486033519
 79 -67.37430167597765
 83 -65.3631284916201
 67 -63.35195530726256
 268 -61.34078212290503
 167 -59.32960893854748
 237 -57.31843575418993
 94 -55.3072625698324
 87 -53.29608938547486
 259 -51.28491620111731
 72 -49.27374301675977
 126 -47.26256983240222
 2 -45.25139664804468
 357 -43.24022346368713
 9 -41.22905027932961
 171 -39.21787709497207
 274 -37.20670391061452
 444 -35.19553072625698
 143 -33.18435754189943
 63 -31.17318435754188
 166 -29.16201117318434
 9 -27.15083798882682
 56 -25.13966480446928
 572 -23.12849162011173
 164 -21.11731843575419
 65 -19.10614525139664
 11 -17.09497206703909
 39 -15.08379888268155
 161 -13.072625698324
 13 -11.06145251396646
 578 -9.050279329608941
 3 -7.039106145251395
 138 -5.02793296089385
 30 -3.016759776536304
 4 -1.005586592178759
 24 1.005586592178787
 139 3.016759776536333
 6 5.02793296089385
 591 7.039106145251395
 8 9.050279329608941
 146 11.06145251396649
 47 13.07262569832403
 10 15.08379888268158
 58 17.09497206703912
 132 19.10614525139667
 558 21.11731843575421
 38 23.12849162011173
 87 25.13966480446928
 96 27.15083798882682
 86 29.16201117318437
 200 31.17318435754191
 384 33.18435754189946
 277 35.195530726257
 143 37.20670391061452
 39 39.21787709497207
 296 41.22905027932961
 2 43.24022346368716
 104 45.2513966480447
 72 47.26256983240225
 201 49.27374301675979
 86 51.28491620111734
 193 53.29608938547489
 83 55.3072625698324
 149 57.31843575418995
 269 59.32960893854749
 55 61.34078212290504
 124 63.35195530726259
 81 65.36312849162013
 130 67.37430167597768
 52 69.38547486033519
 29 71.39664804469274
 44 73.40782122905028
 6 75.41899441340783
 8 77.43016759776538
 2 79.44134078212289
 0 81.45251396648047
 2 83.46368715083798
 3 85.47486033519556
 14 87.48603351955308
 7670 89.49720670391065
 7 91.50837988826817
 2 93.51955307262574
 1 95.53072625698326
 1 97.54189944134077
 3 99.55307262569835
 17 101.5642458100559
 19 103.5754189944134
 47 105.586592178771
 28 107.5977653631285
 118 109.608938547486
 135 111.6201117318436
 142 113.6312849162011
 3 115.6424581005587
 212 117.6536312849162
 197 119.6648044692737
 106 121.6759776536313
 192 123.6871508379888
 172 125.6983240223464
 95 127.7094972067039
 180 129.7206703910614
 180 131.731843575419
 3 133.7430167597765
 102 135.7541899441341
 171 137.7653631284916
 100 139.7765363128492
 120 141.7877094972067
 501 143.7988826815642
 107 145.8100558659218
 185 147.8212290502793
 52 149.8324022346369
 158 151.8435754189944
 67 153.854748603352
 514 155.8659217877095
 36 157.8770949720671
 140 159.8882681564246
 75 161.8994413407821
 34 163.9106145251397
 18 165.9217877094972
 140 167.9329608938548
 247 169.9441340782123
 383 171.9553072625699
 6 173.9664804469274
 157 175.9776536312849
 4 177.9888268156425
 0 180


