# Created by Octave 3.8.2, Mon Jun 22 08:43:51 2020 CEST <damian@fptrucha.inv.usc.es>
# name: hd
# type: matrix
# rows: 180
# columns: 2
 5 -180
 164 -177.9888268156425
 5 -175.9776536312849
 355 -173.9664804469274
 238 -171.9553072625698
 117 -169.9441340782123
 38 -167.9329608938548
 34 -165.9217877094972
 56 -163.9106145251397
 143 -161.8994413407821
 51 -159.8882681564246
 535 -157.877094972067
 90 -155.8659217877095
 119 -153.854748603352
 45 -151.8435754189944
 78 -149.8324022346369
 216 -147.8212290502793
 551 -145.8100558659218
 124 -143.7988826815642
 75 -141.7877094972067
 169 -139.7765363128491
 98 -137.7653631284916
 4 -135.7541899441341
 171 -133.7430167597765
 174 -131.731843575419
 70 -129.7206703910614
 165 -127.7094972067039
 214 -125.6983240223464
 108 -123.6871508379888
 163 -121.6759776536313
 182 -119.6648044692737
 4 -117.6536312849162
 107 -115.6424581005587
 108 -113.6312849162011
 102 -111.6201117318436
 14 -109.608938547486
 37 -107.5977653631285
 20 -105.5865921787709
 21 -103.5754189944134
 2 -101.5642458100559
 1 -99.55307262569832
 2 -97.54189944134077
 2 -95.53072625698323
 7 -93.5195530726257
 7761 -91.50837988826815
 15 -89.49720670391061
 4 -87.48603351955308
 0 -85.47486033519553
 1 -83.46368715083798
 3 -81.45251396648044
 8 -79.44134078212289
 11 -77.43016759776536
 50 -75.41899441340782
 36 -73.40782122905027
 53 -71.39664804469274
 96 -69.38547486033519
 85 -67.37430167597765
 116 -65.3631284916201
 52 -63.35195530726256
 235 -61.34078212290503
 144 -59.32960893854748
 223 -57.31843575418993
 99 -55.3072625698324
 85 -53.29608938547486
 219 -51.28491620111731
 59 -49.27374301675977
 127 -47.26256983240222
 3 -45.25139664804468
 275 -43.24022346368713
 3 -41.22905027932961
 154 -39.21787709497207
 274 -37.20670391061452
 409 -35.19553072625698
 122 -33.18435754189943
 52 -31.17318435754188
 164 -29.16201117318434
 10 -27.15083798882682
 84 -25.13966480446928
 527 -23.12849162011173
 131 -21.11731843575419
 55 -19.10614525139664
 10 -17.09497206703909
 40 -15.08379888268155
 157 -13.072625698324
 12 -11.06145251396646
 605 -9.050279329608941
 2 -7.039106145251395
 123 -5.02793296089385
 16 -3.016759776536304
 1 -1.005586592178759
 25 1.005586592178787
 144 3.016759776536333
 11 5.02793296089385
 494 7.039106145251395
 14 9.050279329608941
 163 11.06145251396649
 31 13.07262569832403
 11 15.08379888268158
 62 17.09497206703912
 123 19.10614525139667
 489 21.11731843575421
 58 23.12849162011173
 73 25.13966480446928
 98 27.15083798882682
 54 29.16201117318437
 200 31.17318435754191
 309 33.18435754189946
 254 35.195530726257
 136 37.20670391061452
 35 39.21787709497207
 286 41.22905027932961
 3 43.24022346368716
 129 45.2513966480447
 74 47.26256983240225
 224 49.27374301675979
 90 51.28491620111734
 198 53.29608938547489
 88 55.3072625698324
 143 57.31843575418995
 286 59.32960893854749
 47 61.34078212290504
 109 63.35195530726259
 68 65.36312849162013
 109 67.37430167597768
 54 69.38547486033519
 36 71.39664804469274
 49 73.40782122905028
 4 75.41899441340783
 11 77.43016759776538
 3 79.44134078212289
 1 81.45251396648047
 0 83.46368715083798
 4 85.47486033519556
 19 87.48603351955308
 7291 89.49720670391065
 10 91.50837988826817
 3 93.51955307262574
 4 95.53072625698326
 0 97.54189944134077
 3 99.55307262569835
 11 101.5642458100559
 34 103.5754189944134
 42 105.586592178771
 19 107.5977653631285
 126 109.608938547486
 129 111.6201117318436
 104 113.6312849162011
 3 115.6424581005587
 189 117.6536312849162
 187 119.6648044692737
 105 121.6759776536313
 184 123.6871508379888
 173 125.6983240223464
 71 127.7094972067039
 162 129.7206703910614
 181 131.731843575419
 1 133.7430167597765
 113 135.7541899441341
 166 137.7653631284916
 98 139.7765363128492
 126 141.7877094972067
 464 143.7988826815642
 122 145.8100558659218
 197 147.8212290502793
 49 149.8324022346369
 142 151.8435754189944
 68 153.854748603352
 492 155.8659217877095
 44 157.8770949720671
 145 159.8882681564246
 75 161.8994413407821
 61 163.9106145251397
 24 165.9217877094972
 153 167.9329608938548
 194 169.9441340782123
 335 171.9553072625699
 7 173.9664804469274
 162 175.9776536312849
 10 177.9888268156425
 0 180


