# Created by Octave 3.8.2, Mon Jun 22 23:31:40 2020 CEST <damian@fptrucha.inv.usc.es>
# name: hd
# type: matrix
# rows: 180
# columns: 2
 2 -180
 176 -177.9888268156425
 3 -175.9776536312849
 383 -173.9664804469274
 216 -171.9553072625698
 180 -169.9441340782123
 34 -167.9329608938548
 48 -165.9217877094972
 67 -163.9106145251397
 176 -161.8994413407821
 53 -159.8882681564246
 597 -157.877094972067
 79 -155.8659217877095
 135 -153.854748603352
 55 -151.8435754189944
 72 -149.8324022346369
 258 -147.8212290502793
 694 -145.8100558659218
 150 -143.7988826815642
 100 -141.7877094972067
 203 -139.7765363128491
 116 -137.7653631284916
 0 -135.7541899441341
 178 -133.7430167597765
 169 -131.731843575419
 85 -129.7206703910614
 200 -127.7094972067039
 249 -125.6983240223464
 102 -123.6871508379888
 166 -121.6759776536313
 216 -119.6648044692737
 5 -117.6536312849162
 124 -115.6424581005587
 109 -113.6312849162011
 143 -111.6201117318436
 15 -109.608938547486
 43 -107.5977653631285
 29 -105.5865921787709
 17 -103.5754189944134
 6 -101.5642458100559
 2 -99.55307262569832
 0 -97.54189944134077
 4 -95.53072625698323
 7 -93.5195530726257
 8719 -91.50837988826815
 15 -89.49720670391061
 7 -87.48603351955308
 4 -85.47486033519553
 3 -83.46368715083798
 4 -81.45251396648044
 7 -79.44134078212289
 5 -77.43016759776536
 63 -75.41899441340782
 30 -73.40782122905027
 68 -71.39664804469274
 132 -69.38547486033519
 83 -67.37430167597765
 107 -65.3631284916201
 42 -63.35195530726256
 284 -61.34078212290503
 145 -59.32960893854748
 226 -57.31843575418993
 101 -55.3072625698324
 92 -53.29608938547486
 258 -51.28491620111731
 73 -49.27374301675977
 125 -47.26256983240222
 2 -45.25139664804468
 292 -43.24022346368713
 3 -41.22905027932961
 163 -39.21787709497207
 304 -37.20670391061452
 531 -35.19553072625698
 133 -33.18435754189943
 80 -31.17318435754188
 167 -29.16201117318434
 23 -27.15083798882682
 56 -25.13966480446928
 634 -23.12849162011173
 122 -21.11731843575419
 67 -19.10614525139664
 11 -17.09497206703909
 38 -15.08379888268155
 186 -13.072625698324
 7 -11.06145251396646
 582 -9.050279329608941
 5 -7.039106145251395
 116 -5.02793296089385
 21 -3.016759776536304
 4 -1.005586592178759
 15 1.005586592178787
 129 3.016759776536333
 2 5.02793296089385
 580 7.039106145251395
 7 9.050279329608941
 141 11.06145251396649
 42 13.07262569832403
 15 15.08379888268158
 63 17.09497206703912
 110 19.10614525139667
 578 21.11731843575421
 62 23.12849162011173
 80 25.13966480446928
 102 27.15083798882682
 63 29.16201117318437
 212 31.17318435754191
 361 33.18435754189946
 274 35.195530726257
 175 37.20670391061452
 51 39.21787709497207
 319 41.22905027932961
 1 43.24022346368716
 136 45.2513966480447
 60 47.26256983240225
 234 49.27374301675979
 77 51.28491620111734
 200 53.29608938547489
 82 55.3072625698324
 152 57.31843575418995
 283 59.32960893854749
 75 61.34078212290504
 117 63.35195530726259
 88 65.36312849162013
 105 67.37430167597768
 60 69.38547486033519
 34 71.39664804469274
 67 73.40782122905028
 7 75.41899441340783
 15 77.43016759776538
 1 79.44134078212289
 1 81.45251396648047
 0 83.46368715083798
 2 85.47486033519556
 11 87.48603351955308
 7946 89.49720670391065
 6 91.50837988826817
 3 93.51955307262574
 0 95.53072625698326
 0 97.54189944134077
 7 99.55307262569835
 20 101.5642458100559
 31 103.5754189944134
 53 105.586592178771
 21 107.5977653631285
 123 109.608938547486
 124 111.6201117318436
 139 113.6312849162011
 2 115.6424581005587
 208 117.6536312849162
 184 119.6648044692737
 98 121.6759776536313
 171 123.6871508379888
 187 125.6983240223464
 84 127.7094972067039
 184 129.7206703910614
 213 131.731843575419
 5 133.7430167597765
 123 135.7541899441341
 201 137.7653631284916
 102 139.7765363128492
 157 141.7877094972067
 486 143.7988826815642
 129 145.8100558659218
 227 147.8212290502793
 56 149.8324022346369
 172 151.8435754189944
 71 153.854748603352
 522 155.8659217877095
 53 157.8770949720671
 144 159.8882681564246
 69 161.8994413407821
 46 163.9106145251397
 21 165.9217877094972
 133 167.9329608938548
 238 169.9441340782123
 354 171.9553072625699
 4 173.9664804469274
 165 175.9776536312849
 4 177.9888268156425
 0 180


