# Created by Octave 3.8.2, Sat Jun 20 18:29:33 2020 CEST <damian@fptrucha.inv.usc.es>
# name: hd
# type: matrix
# rows: 180
# columns: 2
 1 -180
 159 -177.9888268156425
 2 -175.9776536312849
 368 -173.9664804469274
 239 -171.9553072625698
 156 -169.9441340782123
 26 -167.9329608938548
 41 -165.9217877094972
 54 -163.9106145251397
 169 -161.8994413407821
 45 -159.8882681564246
 618 -157.877094972067
 71 -155.8659217877095
 126 -153.854748603352
 42 -151.8435754189944
 76 -149.8324022346369
 196 -147.8212290502793
 646 -145.8100558659218
 133 -143.7988826815642
 98 -141.7877094972067
 180 -139.7765363128491
 99 -137.7653631284916
 3 -135.7541899441341
 141 -133.7430167597765
 147 -131.731843575419
 100 -129.7206703910614
 171 -127.7094972067039
 237 -125.6983240223464
 98 -123.6871508379888
 179 -121.6759776536313
 181 -119.6648044692737
 6 -117.6536312849162
 95 -115.6424581005587
 109 -113.6312849162011
 135 -111.6201117318436
 12 -109.608938547486
 39 -107.5977653631285
 19 -105.5865921787709
 12 -103.5754189944134
 4 -101.5642458100559
 2 -99.55307262569832
 1 -97.54189944134077
 1 -95.53072625698323
 4 -93.5195530726257
 8005 -91.50837988826815
 11 -89.49720670391061
 3 -87.48603351955308
 0 -85.47486033519553
 0 -83.46368715083798
 1 -81.45251396648044
 6 -79.44134078212289
 6 -77.43016759776536
 36 -75.41899441340782
 20 -73.40782122905027
 55 -71.39664804469274
 107 -69.38547486033519
 58 -67.37430167597765
 97 -65.3631284916201
 54 -63.35195530726256
 265 -61.34078212290503
 146 -59.32960893854748
 249 -57.31843575418993
 90 -55.3072625698324
 70 -53.29608938547486
 241 -51.28491620111731
 65 -49.27374301675977
 97 -47.26256983240222
 4 -45.25139664804468
 273 -43.24022346368713
 3 -41.22905027932961
 153 -39.21787709497207
 295 -37.20670391061452
 480 -35.19553072625698
 118 -33.18435754189943
 52 -31.17318435754188
 147 -29.16201117318434
 13 -27.15083798882682
 48 -25.13966480446928
 633 -23.12849162011173
 149 -21.11731843575419
 55 -19.10614525139664
 14 -17.09497206703909
 40 -15.08379888268155
 162 -13.072625698324
 7 -11.06145251396646
 577 -9.050279329608941
 3 -7.039106145251395
 123 -5.02793296089385
 26 -3.016759776536304
 0 -1.005586592178759
 15 1.005586592178787
 132 3.016759776536333
 2 5.02793296089385
 558 7.039106145251395
 4 9.050279329608941
 126 11.06145251396649
 49 13.07262569832403
 12 15.08379888268158
 53 17.09497206703912
 89 19.10614525139667
 528 21.11731843575421
 49 23.12849162011173
 73 25.13966480446928
 113 27.15083798882682
 56 29.16201117318437
 207 31.17318435754191
 305 33.18435754189946
 239 35.195530726257
 182 37.20670391061452
 40 39.21787709497207
 273 41.22905027932961
 4 43.24022346368716
 124 45.2513966480447
 58 47.26256983240225
 213 49.27374301675979
 88 51.28491620111734
 182 53.29608938547489
 73 55.3072625698324
 138 57.31843575418995
 249 59.32960893854749
 63 61.34078212290504
 90 63.35195530726259
 63 65.36312849162013
 103 67.37430167597768
 54 69.38547486033519
 23 71.39664804469274
 43 73.40782122905028
 8 75.41899441340783
 8 77.43016759776538
 4 79.44134078212289
 0 81.45251396648047
 1 83.46368715083798
 3 85.47486033519556
 12 87.48603351955308
 7837 89.49720670391065
 5 91.50837988826817
 3 93.51955307262574
 3 95.53072625698326
 0 97.54189944134077
 1 99.55307262569835
 13 101.5642458100559
 18 103.5754189944134
 33 105.586592178771
 20 107.5977653631285
 96 109.608938547486
 124 111.6201117318436
 123 113.6312849162011
 3 115.6424581005587
 182 117.6536312849162
 147 119.6648044692737
 84 121.6759776536313
 173 123.6871508379888
 204 125.6983240223464
 87 127.7094972067039
 176 129.7206703910614
 180 131.731843575419
 1 133.7430167597765
 133 135.7541899441341
 187 137.7653631284916
 108 139.7765363128492
 143 141.7877094972067
 463 143.7988826815642
 159 145.8100558659218
 224 147.8212290502793
 37 149.8324022346369
 178 151.8435754189944
 66 153.854748603352
 467 155.8659217877095
 47 157.8770949720671
 125 159.8882681564246
 64 161.8994413407821
 62 163.9106145251397
 12 165.9217877094972
 130 167.9329608938548
 226 169.9441340782123
 317 171.9553072625699
 6 173.9664804469274
 144 175.9776536312849
 3 177.9888268156425
 0 180


