# Created by Octave 3.8.2, Mon Jun 22 01:11:22 2020 CEST <damian@fptrucha.inv.usc.es>
# name: hd
# type: matrix
# rows: 180
# columns: 2
 2 -180
 159 -177.9888268156425
 2 -175.9776536312849
 377 -173.9664804469274
 227 -171.9553072625698
 170 -169.9441340782123
 34 -167.9329608938548
 27 -165.9217877094972
 57 -163.9106145251397
 156 -161.8994413407821
 36 -159.8882681564246
 649 -157.877094972067
 62 -155.8659217877095
 124 -153.854748603352
 34 -151.8435754189944
 68 -149.8324022346369
 177 -147.8212290502793
 624 -145.8100558659218
 132 -143.7988826815642
 77 -141.7877094972067
 150 -139.7765363128491
 105 -137.7653631284916
 2 -135.7541899441341
 165 -133.7430167597765
 150 -131.731843575419
 60 -129.7206703910614
 179 -127.7094972067039
 205 -125.6983240223464
 100 -123.6871508379888
 188 -121.6759776536313
 179 -119.6648044692737
 5 -117.6536312849162
 81 -115.6424581005587
 117 -113.6312849162011
 121 -111.6201117318436
 11 -109.608938547486
 30 -107.5977653631285
 24 -105.5865921787709
 7 -103.5754189944134
 3 -101.5642458100559
 1 -99.55307262569832
 0 -97.54189944134077
 3 -95.53072625698323
 3 -93.5195530726257
 8094 -91.50837988826815
 11 -89.49720670391061
 1 -87.48603351955308
 1 -85.47486033519553
 2 -83.46368715083798
 0 -81.45251396648044
 4 -79.44134078212289
 7 -77.43016759776536
 47 -75.41899441340782
 24 -73.40782122905027
 41 -71.39664804469274
 126 -69.38547486033519
 68 -67.37430167597765
 85 -65.3631284916201
 35 -63.35195530726256
 267 -61.34078212290503
 165 -59.32960893854748
 207 -57.31843575418993
 93 -55.3072625698324
 61 -53.29608938547486
 221 -51.28491620111731
 46 -49.27374301675977
 96 -47.26256983240222
 3 -45.25139664804468
 270 -43.24022346368713
 1 -41.22905027932961
 139 -39.21787709497207
 294 -37.20670391061452
 468 -35.19553072625698
 96 -33.18435754189943
 65 -31.17318435754188
 151 -29.16201117318434
 7 -27.15083798882682
 58 -25.13966480446928
 627 -23.12849162011173
 153 -21.11731843575419
 57 -19.10614525139664
 9 -17.09497206703909
 46 -15.08379888268155
 171 -13.072625698324
 8 -11.06145251396646
 552 -9.050279329608941
 0 -7.039106145251395
 116 -5.02793296089385
 18 -3.016759776536304
 0 -1.005586592178759
 15 1.005586592178787
 114 3.016759776536333
 2 5.02793296089385
 526 7.039106145251395
 5 9.050279329608941
 141 11.06145251396649
 50 13.07262569832403
 9 15.08379888268158
 52 17.09497206703912
 106 19.10614525139667
 505 21.11731843575421
 65 23.12849162011173
 99 25.13966480446928
 105 27.15083798882682
 65 29.16201117318437
 227 31.17318435754191
 310 33.18435754189946
 216 35.195530726257
 167 37.20670391061452
 33 39.21787709497207
 261 41.22905027932961
 0 43.24022346368716
 119 45.2513966480447
 55 47.26256983240225
 224 49.27374301675979
 81 51.28491620111734
 209 53.29608938547489
 81 55.3072625698324
 137 57.31843575418995
 283 59.32960893854749
 62 61.34078212290504
 122 63.35195530726259
 73 65.36312849162013
 100 67.37430167597768
 42 69.38547486033519
 27 71.39664804469274
 37 73.40782122905028
 9 75.41899441340783
 7 77.43016759776538
 0 79.44134078212289
 0 81.45251396648047
 0 83.46368715083798
 3 85.47486033519556
 12 87.48603351955308
 7741 89.49720670391065
 6 91.50837988826817
 4 93.51955307262574
 0 95.53072625698326
 0 97.54189944134077
 4 99.55307262569835
 14 101.5642458100559
 24 103.5754189944134
 30 105.586592178771
 28 107.5977653631285
 97 109.608938547486
 143 111.6201117318436
 128 113.6312849162011
 1 115.6424581005587
 206 117.6536312849162
 154 119.6648044692737
 77 121.6759776536313
 187 123.6871508379888
 175 125.6983240223464
 82 127.7094972067039
 148 129.7206703910614
 192 131.731843575419
 4 133.7430167597765
 103 135.7541899441341
 184 137.7653631284916
 97 139.7765363128492
 143 141.7877094972067
 474 143.7988826815642
 122 145.8100558659218
 207 147.8212290502793
 40 149.8324022346369
 143 151.8435754189944
 57 153.854748603352
 457 155.8659217877095
 52 157.8770949720671
 120 159.8882681564246
 58 161.8994413407821
 55 163.9106145251397
 17 165.9217877094972
 118 167.9329608938548
 215 169.9441340782123
 344 171.9553072625699
 1 173.9664804469274
 147 175.9776536312849
 2 177.9888268156425
 0 180


