# Created by Octave 3.8.2, Sat Jun 20 07:20:46 2020 CEST <damian@fptrucha.inv.usc.es>
# name: hd
# type: matrix
# rows: 180
# columns: 2
 2 -180
 201 -177.9888268156425
 1 -175.9776536312849
 442 -173.9664804469274
 265 -171.9553072625698
 176 -169.9441340782123
 35 -167.9329608938548
 36 -165.9217877094972
 76 -163.9106145251397
 187 -161.8994413407821
 33 -159.8882681564246
 696 -157.877094972067
 77 -155.8659217877095
 150 -153.854748603352
 51 -151.8435754189944
 70 -149.8324022346369
 242 -147.8212290502793
 705 -145.8100558659218
 151 -143.7988826815642
 122 -141.7877094972067
 222 -139.7765363128491
 119 -137.7653631284916
 4 -135.7541899441341
 198 -133.7430167597765
 226 -131.731843575419
 108 -129.7206703910614
 230 -127.7094972067039
 262 -125.6983240223464
 107 -123.6871508379888
 248 -121.6759776536313
 255 -119.6648044692737
 5 -117.6536312849162
 138 -115.6424581005587
 155 -113.6312849162011
 149 -111.6201117318436
 26 -109.608938547486
 43 -107.5977653631285
 36 -105.5865921787709
 8 -103.5754189944134
 4 -101.5642458100559
 1 -99.55307262569832
 0 -97.54189944134077
 3 -95.53072625698323
 2 -93.5195530726257
 9395 -91.50837988826815
 11 -89.49720670391061
 4 -87.48603351955308
 1 -85.47486033519553
 0 -83.46368715083798
 2 -81.45251396648044
 14 -79.44134078212289
 12 -77.43016759776536
 53 -75.41899441340782
 38 -73.40782122905027
 68 -71.39664804469274
 152 -69.38547486033519
 87 -67.37430167597765
 131 -65.3631284916201
 60 -63.35195530726256
 335 -61.34078212290503
 183 -59.32960893854748
 273 -57.31843575418993
 102 -55.3072625698324
 91 -53.29608938547486
 268 -51.28491620111731
 62 -49.27374301675977
 125 -47.26256983240222
 3 -45.25139664804468
 307 -43.24022346368713
 5 -41.22905027932961
 194 -39.21787709497207
 345 -37.20670391061452
 545 -35.19553072625698
 128 -33.18435754189943
 80 -31.17318435754188
 178 -29.16201117318434
 17 -27.15083798882682
 66 -25.13966480446928
 681 -23.12849162011173
 168 -21.11731843575419
 56 -19.10614525139664
 10 -17.09497206703909
 37 -15.08379888268155
 188 -13.072625698324
 7 -11.06145251396646
 640 -9.050279329608941
 3 -7.039106145251395
 135 -5.02793296089385
 28 -3.016759776536304
 2 -1.005586592178759
 20 1.005586592178787
 133 3.016759776536333
 2 5.02793296089385
 587 7.039106145251395
 7 9.050279329608941
 181 11.06145251396649
 50 13.07262569832403
 10 15.08379888268158
 67 17.09497206703912
 111 19.10614525139667
 579 21.11731843575421
 54 23.12849162011173
 100 25.13966480446928
 93 27.15083798882682
 39 29.16201117318437
 227 31.17318435754191
 351 33.18435754189946
 247 35.195530726257
 197 37.20670391061452
 29 39.21787709497207
 317 41.22905027932961
 4 43.24022346368716
 114 45.2513966480447
 66 47.26256983240225
 228 49.27374301675979
 89 51.28491620111734
 227 53.29608938547489
 85 55.3072625698324
 144 57.31843575418995
 278 59.32960893854749
 58 61.34078212290504
 121 63.35195530726259
 74 65.36312849162013
 114 67.37430167597768
 49 69.38547486033519
 32 71.39664804469274
 48 73.40782122905028
 9 75.41899441340783
 5 77.43016759776538
 1 79.44134078212289
 1 81.45251396648047
 0 83.46368715083798
 0 85.47486033519556
 5 87.48603351955308
 8213 89.49720670391065
 6 91.50837988826817
 2 93.51955307262574
 1 95.53072625698326
 0 97.54189944134077
 6 99.55307262569835
 14 101.5642458100559
 27 103.5754189944134
 50 105.586592178771
 24 107.5977653631285
 111 109.608938547486
 116 111.6201117318436
 123 113.6312849162011
 2 115.6424581005587
 222 117.6536312849162
 180 119.6648044692737
 104 121.6759776536313
 202 123.6871508379888
 218 125.6983240223464
 97 127.7094972067039
 181 129.7206703910614
 191 131.731843575419
 2 133.7430167597765
 134 135.7541899441341
 176 137.7653631284916
 107 139.7765363128492
 163 141.7877094972067
 547 143.7988826815642
 162 145.8100558659218
 215 147.8212290502793
 53 149.8324022346369
 164 151.8435754189944
 62 153.854748603352
 518 155.8659217877095
 46 157.8770949720671
 152 159.8882681564246
 62 161.8994413407821
 51 163.9106145251397
 18 165.9217877094972
 136 167.9329608938548
 258 169.9441340782123
 429 171.9553072625699
 4 173.9664804469274
 201 175.9776536312849
 1 177.9888268156425
 0 180


