# Created by Octave 3.8.2, Sun Jun 21 02:16:19 2020 CEST <damian@fptrucha.inv.usc.es>
# name: hd
# type: matrix
# rows: 180
# columns: 2
 3 -180
 162 -177.9888268156425
 2 -175.9776536312849
 378 -173.9664804469274
 240 -171.9553072625698
 152 -169.9441340782123
 24 -167.9329608938548
 34 -165.9217877094972
 59 -163.9106145251397
 158 -161.8994413407821
 43 -159.8882681564246
 633 -157.877094972067
 51 -155.8659217877095
 108 -153.854748603352
 39 -151.8435754189944
 56 -149.8324022346369
 193 -147.8212290502793
 594 -145.8100558659218
 124 -143.7988826815642
 83 -141.7877094972067
 146 -139.7765363128491
 96 -137.7653631284916
 3 -135.7541899441341
 148 -133.7430167597765
 145 -131.731843575419
 78 -129.7206703910614
 167 -127.7094972067039
 213 -125.6983240223464
 88 -123.6871508379888
 198 -121.6759776536313
 175 -119.6648044692737
 1 -117.6536312849162
 116 -115.6424581005587
 100 -113.6312849162011
 129 -111.6201117318436
 15 -109.608938547486
 35 -107.5977653631285
 33 -105.5865921787709
 10 -103.5754189944134
 3 -101.5642458100559
 1 -99.55307262569832
 1 -97.54189944134077
 3 -95.53072625698323
 9 -93.5195530726257
 8087 -91.50837988826815
 14 -89.49720670391061
 3 -87.48603351955308
 0 -85.47486033519553
 0 -83.46368715083798
 3 -81.45251396648044
 7 -79.44134078212289
 2 -77.43016759776536
 47 -75.41899441340782
 27 -73.40782122905027
 54 -71.39664804469274
 126 -69.38547486033519
 71 -67.37430167597765
 100 -65.3631284916201
 51 -63.35195530726256
 237 -61.34078212290503
 161 -59.32960893854748
 232 -57.31843575418993
 93 -55.3072625698324
 78 -53.29608938547486
 217 -51.28491620111731
 45 -49.27374301675977
 100 -47.26256983240222
 4 -45.25139664804468
 289 -43.24022346368713
 3 -41.22905027932961
 145 -39.21787709497207
 289 -37.20670391061452
 471 -35.19553072625698
 110 -33.18435754189943
 68 -31.17318435754188
 134 -29.16201117318434
 10 -27.15083798882682
 44 -25.13966480446928
 660 -23.12849162011173
 146 -21.11731843575419
 39 -19.10614525139664
 9 -17.09497206703909
 39 -15.08379888268155
 164 -13.072625698324
 6 -11.06145251396646
 566 -9.050279329608941
 3 -7.039106145251395
 115 -5.02793296089385
 13 -3.016759776536304
 3 -1.005586592178759
 22 1.005586592178787
 121 3.016759776536333
 1 5.02793296089385
 519 7.039106145251395
 7 9.050279329608941
 117 11.06145251396649
 28 13.07262569832403
 10 15.08379888268158
 61 17.09497206703912
 120 19.10614525139667
 526 21.11731843575421
 65 23.12849162011173
 84 25.13966480446928
 104 27.15083798882682
 58 29.16201117318437
 212 31.17318435754191
 285 33.18435754189946
 235 35.195530726257
 152 37.20670391061452
 40 39.21787709497207
 268 41.22905027932961
 0 43.24022346368716
 109 45.2513966480447
 67 47.26256983240225
 214 49.27374301675979
 78 51.28491620111734
 191 53.29608938547489
 73 55.3072625698324
 137 57.31843575418995
 250 59.32960893854749
 63 61.34078212290504
 115 63.35195530726259
 62 65.36312849162013
 108 67.37430167597768
 43 69.38547486033519
 30 71.39664804469274
 33 73.40782122905028
 2 75.41899441340783
 12 77.43016759776538
 2 79.44134078212289
 0 81.45251396648047
 1 83.46368715083798
 5 85.47486033519556
 10 87.48603351955308
 7406 89.49720670391065
 6 91.50837988826817
 3 93.51955307262574
 0 95.53072625698326
 2 97.54189944134077
 3 99.55307262569835
 10 101.5642458100559
 17 103.5754189944134
 32 105.586592178771
 19 107.5977653631285
 85 109.608938547486
 115 111.6201117318436
 133 113.6312849162011
 3 115.6424581005587
 211 117.6536312849162
 161 119.6648044692737
 68 121.6759776536313
 182 123.6871508379888
 180 125.6983240223464
 74 127.7094972067039
 145 129.7206703910614
 188 131.731843575419
 1 133.7430167597765
 100 135.7541899441341
 168 137.7653631284916
 85 139.7765363128492
 140 141.7877094972067
 462 143.7988826815642
 116 145.8100558659218
 189 147.8212290502793
 47 149.8324022346369
 125 151.8435754189944
 64 153.854748603352
 487 155.8659217877095
 55 157.8770949720671
 123 159.8882681564246
 52 161.8994413407821
 58 163.9106145251397
 12 165.9217877094972
 115 167.9329608938548
 230 169.9441340782123
 352 171.9553072625699
 8 173.9664804469274
 151 175.9776536312849
 0 177.9888268156425
 0 180


