# Created by Octave 3.8.2, Sun Jun 21 06:33:08 2020 CEST <damian@fptrucha.inv.usc.es>
# name: hd
# type: matrix
# rows: 180
# columns: 2
 4 -180
 141 -177.9888268156425
 4 -175.9776536312849
 373 -173.9664804469274
 233 -171.9553072625698
 149 -169.9441340782123
 37 -167.9329608938548
 34 -165.9217877094972
 41 -163.9106145251397
 152 -161.8994413407821
 30 -159.8882681564246
 639 -157.877094972067
 55 -155.8659217877095
 101 -153.854748603352
 38 -151.8435754189944
 60 -149.8324022346369
 200 -147.8212290502793
 611 -145.8100558659218
 128 -143.7988826815642
 91 -141.7877094972067
 158 -139.7765363128491
 113 -137.7653631284916
 0 -135.7541899441341
 171 -133.7430167597765
 144 -131.731843575419
 83 -129.7206703910614
 178 -127.7094972067039
 237 -125.6983240223464
 101 -123.6871508379888
 182 -121.6759776536313
 195 -119.6648044692737
 2 -117.6536312849162
 100 -115.6424581005587
 109 -113.6312849162011
 102 -111.6201117318436
 16 -109.608938547486
 24 -107.5977653631285
 19 -105.5865921787709
 5 -103.5754189944134
 1 -101.5642458100559
 0 -99.55307262569832
 0 -97.54189944134077
 2 -95.53072625698323
 4 -93.5195530726257
 8112 -91.50837988826815
 8 -89.49720670391061
 3 -87.48603351955308
 2 -85.47486033519553
 0 -83.46368715083798
 2 -81.45251396648044
 9 -79.44134078212289
 5 -77.43016759776536
 39 -75.41899441340782
 27 -73.40782122905027
 48 -71.39664804469274
 119 -69.38547486033519
 80 -67.37430167597765
 81 -65.3631284916201
 45 -63.35195530726256
 276 -61.34078212290503
 141 -59.32960893854748
 239 -57.31843575418993
 92 -55.3072625698324
 83 -53.29608938547486
 206 -51.28491620111731
 59 -49.27374301675977
 96 -47.26256983240222
 0 -45.25139664804468
 277 -43.24022346368713
 1 -41.22905027932961
 136 -39.21787709497207
 327 -37.20670391061452
 480 -35.19553072625698
 105 -33.18435754189943
 54 -31.17318435754188
 135 -29.16201117318434
 7 -27.15083798882682
 66 -25.13966480446928
 670 -23.12849162011173
 127 -21.11731843575419
 48 -19.10614525139664
 11 -17.09497206703909
 39 -15.08379888268155
 155 -13.072625698324
 8 -11.06145251396646
 586 -9.050279329608941
 0 -7.039106145251395
 129 -5.02793296089385
 21 -3.016759776536304
 6 -1.005586592178759
 14 1.005586592178787
 138 3.016759776536333
 3 5.02793296089385
 535 7.039106145251395
 5 9.050279329608941
 143 11.06145251396649
 47 13.07262569832403
 9 15.08379888268158
 56 17.09497206703912
 100 19.10614525139667
 523 21.11731843575421
 59 23.12849162011173
 93 25.13966480446928
 114 27.15083798882682
 58 29.16201117318437
 236 31.17318435754191
 312 33.18435754189946
 247 35.195530726257
 173 37.20670391061452
 35 39.21787709497207
 329 41.22905027932961
 2 43.24022346368716
 121 45.2513966480447
 69 47.26256983240225
 219 49.27374301675979
 74 51.28491620111734
 195 53.29608938547489
 81 55.3072625698324
 144 57.31843575418995
 251 59.32960893854749
 57 61.34078212290504
 96 63.35195530726259
 98 65.36312849162013
 101 67.37430167597768
 43 69.38547486033519
 35 71.39664804469274
 39 73.40782122905028
 7 75.41899441340783
 6 77.43016759776538
 4 79.44134078212289
 1 81.45251396648047
 0 83.46368715083798
 6 85.47486033519556
 6 87.48603351955308
 7555 89.49720670391065
 1 91.50837988826817
 1 93.51955307262574
 1 95.53072625698326
 0 97.54189944134077
 3 99.55307262569835
 15 101.5642458100559
 15 103.5754189944134
 32 105.586592178771
 22 107.5977653631285
 120 109.608938547486
 115 111.6201117318436
 148 113.6312849162011
 2 115.6424581005587
 178 117.6536312849162
 146 119.6648044692737
 88 121.6759776536313
 170 123.6871508379888
 195 125.6983240223464
 82 127.7094972067039
 147 129.7206703910614
 129 131.731843575419
 0 133.7430167597765
 125 135.7541899441341
 188 137.7653631284916
 94 139.7765363128492
 146 141.7877094972067
 484 143.7988826815642
 122 145.8100558659218
 213 147.8212290502793
 39 149.8324022346369
 155 151.8435754189944
 70 153.854748603352
 436 155.8659217877095
 47 157.8770949720671
 146 159.8882681564246
 62 161.8994413407821
 68 163.9106145251397
 17 165.9217877094972
 135 167.9329608938548
 250 169.9441340782123
 315 171.9553072625699
 2 173.9664804469274
 129 175.9776536312849
 7 177.9888268156425
 0 180


