# Created by Octave 3.8.2, Sat Jun 20 20:22:33 2020 CEST <damian@fptrucha.inv.usc.es>
# name: hd
# type: matrix
# rows: 180
# columns: 2
 2 -180
 147 -177.9888268156425
 4 -175.9776536312849
 354 -173.9664804469274
 212 -171.9553072625698
 154 -169.9441340782123
 20 -167.9329608938548
 46 -165.9217877094972
 54 -163.9106145251397
 151 -161.8994413407821
 52 -159.8882681564246
 596 -157.877094972067
 56 -155.8659217877095
 114 -153.854748603352
 39 -151.8435754189944
 58 -149.8324022346369
 218 -147.8212290502793
 606 -145.8100558659218
 105 -143.7988826815642
 96 -141.7877094972067
 166 -139.7765363128491
 116 -137.7653631284916
 2 -135.7541899441341
 167 -133.7430167597765
 164 -131.731843575419
 86 -129.7206703910614
 161 -127.7094972067039
 234 -125.6983240223464
 95 -123.6871508379888
 201 -121.6759776536313
 163 -119.6648044692737
 1 -117.6536312849162
 79 -115.6424581005587
 91 -113.6312849162011
 116 -111.6201117318436
 20 -109.608938547486
 28 -107.5977653631285
 28 -105.5865921787709
 7 -103.5754189944134
 2 -101.5642458100559
 0 -99.55307262569832
 1 -97.54189944134077
 3 -95.53072625698323
 2 -93.5195530726257
 8275 -91.50837988826815
 6 -89.49720670391061
 4 -87.48603351955308
 0 -85.47486033519553
 1 -83.46368715083798
 0 -81.45251396648044
 5 -79.44134078212289
 5 -77.43016759776536
 43 -75.41899441340782
 30 -73.40782122905027
 46 -71.39664804469274
 110 -69.38547486033519
 82 -67.37430167597765
 100 -65.3631284916201
 35 -63.35195530726256
 255 -61.34078212290503
 158 -59.32960893854748
 223 -57.31843575418993
 87 -55.3072625698324
 86 -53.29608938547486
 206 -51.28491620111731
 57 -49.27374301675977
 109 -47.26256983240222
 0 -45.25139664804468
 277 -43.24022346368713
 4 -41.22905027932961
 126 -39.21787709497207
 289 -37.20670391061452
 426 -35.19553072625698
 105 -33.18435754189943
 53 -31.17318435754188
 147 -29.16201117318434
 11 -27.15083798882682
 55 -25.13966480446928
 619 -23.12849162011173
 138 -21.11731843575419
 50 -19.10614525139664
 11 -17.09497206703909
 32 -15.08379888268155
 174 -13.072625698324
 6 -11.06145251396646
 551 -9.050279329608941
 2 -7.039106145251395
 134 -5.02793296089385
 21 -3.016759776536304
 1 -1.005586592178759
 24 1.005586592178787
 122 3.016759776536333
 3 5.02793296089385
 566 7.039106145251395
 6 9.050279329608941
 127 11.06145251396649
 39 13.07262569832403
 11 15.08379888268158
 56 17.09497206703912
 116 19.10614525139667
 537 21.11731843575421
 72 23.12849162011173
 103 25.13966480446928
 112 27.15083798882682
 54 29.16201117318437
 230 31.17318435754191
 326 33.18435754189946
 267 35.195530726257
 153 37.20670391061452
 28 39.21787709497207
 283 41.22905027932961
 1 43.24022346368716
 121 45.2513966480447
 60 47.26256983240225
 241 49.27374301675979
 89 51.28491620111734
 203 53.29608938547489
 80 55.3072625698324
 126 57.31843575418995
 265 59.32960893854749
 66 61.34078212290504
 119 63.35195530726259
 83 65.36312849162013
 95 67.37430167597768
 39 69.38547486033519
 27 71.39664804469274
 47 73.40782122905028
 9 75.41899441340783
 5 77.43016759776538
 2 79.44134078212289
 0 81.45251396648047
 1 83.46368715083798
 1 85.47486033519556
 8 87.48603351955308
 7764 89.49720670391065
 3 91.50837988826817
 2 93.51955307262574
 0 95.53072625698326
 2 97.54189944134077
 3 99.55307262569835
 18 101.5642458100559
 18 103.5754189944134
 28 105.586592178771
 20 107.5977653631285
 93 109.608938547486
 117 111.6201117318436
 114 113.6312849162011
 3 115.6424581005587
 194 117.6536312849162
 152 119.6648044692737
 100 121.6759776536313
 163 123.6871508379888
 155 125.6983240223464
 91 127.7094972067039
 152 129.7206703910614
 182 131.731843575419
 3 133.7430167597765
 132 135.7541899441341
 175 137.7653631284916
 117 139.7765363128492
 151 141.7877094972067
 430 143.7988826815642
 134 145.8100558659218
 225 147.8212290502793
 31 149.8324022346369
 160 151.8435754189944
 48 153.854748603352
 486 155.8659217877095
 46 157.8770949720671
 121 159.8882681564246
 56 161.8994413407821
 55 163.9106145251397
 11 165.9217877094972
 130 167.9329608938548
 213 169.9441340782123
 306 171.9553072625699
 3 173.9664804469274
 147 175.9776536312849
 4 177.9888268156425
 0 180


