# Created by Octave 3.8.2, Sat Jun 20 12:01:14 2020 CEST <damian@fptrucha.inv.usc.es>
# name: hd
# type: matrix
# rows: 180
# columns: 2
 2 -180
 166 -177.9888268156425
 4 -175.9776536312849
 439 -173.9664804469274
 261 -171.9553072625698
 172 -169.9441340782123
 32 -167.9329608938548
 38 -165.9217877094972
 65 -163.9106145251397
 167 -161.8994413407821
 36 -159.8882681564246
 669 -157.877094972067
 64 -155.8659217877095
 123 -153.854748603352
 52 -151.8435754189944
 69 -149.8324022346369
 216 -147.8212290502793
 702 -145.8100558659218
 143 -143.7988826815642
 89 -141.7877094972067
 164 -139.7765363128491
 111 -137.7653631284916
 1 -135.7541899441341
 155 -133.7430167597765
 175 -131.731843575419
 91 -129.7206703910614
 181 -127.7094972067039
 259 -125.6983240223464
 103 -123.6871508379888
 210 -121.6759776536313
 207 -119.6648044692737
 2 -117.6536312849162
 109 -115.6424581005587
 123 -113.6312849162011
 138 -111.6201117318436
 22 -109.608938547486
 28 -107.5977653631285
 23 -105.5865921787709
 8 -103.5754189944134
 3 -101.5642458100559
 0 -99.55307262569832
 1 -97.54189944134077
 3 -95.53072625698323
 7 -93.5195530726257
 8648 -91.50837988826815
 10 -89.49720670391061
 2 -87.48603351955308
 0 -85.47486033519553
 0 -83.46368715083798
 1 -81.45251396648044
 9 -79.44134078212289
 6 -77.43016759776536
 45 -75.41899441340782
 21 -73.40782122905027
 59 -71.39664804469274
 142 -69.38547486033519
 94 -67.37430167597765
 124 -65.3631284916201
 62 -63.35195530726256
 309 -61.34078212290503
 162 -59.32960893854748
 238 -57.31843575418993
 102 -55.3072625698324
 75 -53.29608938547486
 242 -51.28491620111731
 64 -49.27374301675977
 128 -47.26256983240222
 4 -45.25139664804468
 274 -43.24022346368713
 0 -41.22905027932961
 140 -39.21787709497207
 317 -37.20670391061452
 486 -35.19553072625698
 114 -33.18435754189943
 76 -31.17318435754188
 161 -29.16201117318434
 9 -27.15083798882682
 60 -25.13966480446928
 693 -23.12849162011173
 155 -21.11731843575419
 53 -19.10614525139664
 10 -17.09497206703909
 37 -15.08379888268155
 188 -13.072625698324
 9 -11.06145251396646
 640 -9.050279329608941
 2 -7.039106145251395
 114 -5.02793296089385
 12 -3.016759776536304
 3 -1.005586592178759
 29 1.005586592178787
 137 3.016759776536333
 2 5.02793296089385
 565 7.039106145251395
 7 9.050279329608941
 139 11.06145251396649
 59 13.07262569832403
 10 15.08379888268158
 59 17.09497206703912
 123 19.10614525139667
 595 21.11731843575421
 66 23.12849162011173
 93 25.13966480446928
 116 27.15083798882682
 67 29.16201117318437
 263 31.17318435754191
 335 33.18435754189946
 238 35.195530726257
 167 37.20670391061452
 44 39.21787709497207
 291 41.22905027932961
 0 43.24022346368716
 133 45.2513966480447
 74 47.26256983240225
 240 49.27374301675979
 96 51.28491620111734
 219 53.29608938547489
 84 55.3072625698324
 170 57.31843575418995
 278 59.32960893854749
 59 61.34078212290504
 137 63.35195530726259
 74 65.36312849162013
 125 67.37430167597768
 57 69.38547486033519
 39 71.39664804469274
 49 73.40782122905028
 7 75.41899441340783
 5 77.43016759776538
 2 79.44134078212289
 2 81.45251396648047
 0 83.46368715083798
 5 85.47486033519556
 17 87.48603351955308
 8532 89.49720670391065
 7 91.50837988826817
 6 93.51955307262574
 1 95.53072625698326
 0 97.54189944134077
 3 99.55307262569835
 17 101.5642458100559
 26 103.5754189944134
 45 105.586592178771
 18 107.5977653631285
 151 109.608938547486
 118 111.6201117318436
 119 113.6312849162011
 4 115.6424581005587
 248 117.6536312849162
 168 119.6648044692737
 91 121.6759776536313
 186 123.6871508379888
 192 125.6983240223464
 89 127.7094972067039
 192 129.7206703910614
 182 131.731843575419
 1 133.7430167597765
 128 135.7541899441341
 214 137.7653631284916
 126 139.7765363128492
 184 141.7877094972067
 519 143.7988826815642
 132 145.8100558659218
 221 147.8212290502793
 49 149.8324022346369
 162 151.8435754189944
 67 153.854748603352
 494 155.8659217877095
 54 157.8770949720671
 138 159.8882681564246
 74 161.8994413407821
 61 163.9106145251397
 27 165.9217877094972
 141 167.9329608938548
 260 169.9441340782123
 355 171.9553072625699
 4 173.9664804469274
 175 175.9776536312849
 5 177.9888268156425
 0 180


