# Created by Octave 3.8.2, Sat Jun 20 06:42:06 2020 CEST <damian@fptrucha.inv.usc.es>
# name: hd
# type: matrix
# rows: 180
# columns: 2
 2 -180
 161 -177.9888268156425
 1 -175.9776536312849
 438 -173.9664804469274
 260 -171.9553072625698
 167 -169.9441340782123
 30 -167.9329608938548
 40 -165.9217877094972
 63 -163.9106145251397
 201 -161.8994413407821
 46 -159.8882681564246
 671 -157.877094972067
 65 -155.8659217877095
 134 -153.854748603352
 53 -151.8435754189944
 70 -149.8324022346369
 245 -147.8212290502793
 688 -145.8100558659218
 140 -143.7988826815642
 99 -141.7877094972067
 199 -139.7765363128491
 144 -137.7653631284916
 1 -135.7541899441341
 183 -133.7430167597765
 171 -131.731843575419
 91 -129.7206703910614
 214 -127.7094972067039
 286 -125.6983240223464
 122 -123.6871508379888
 250 -121.6759776536313
 241 -119.6648044692737
 4 -117.6536312849162
 105 -115.6424581005587
 134 -113.6312849162011
 151 -111.6201117318436
 12 -109.608938547486
 36 -107.5977653631285
 27 -105.5865921787709
 7 -103.5754189944134
 2 -101.5642458100559
 0 -99.55307262569832
 1 -97.54189944134077
 4 -95.53072625698323
 9 -93.5195530726257
 9283 -91.50837988826815
 15 -89.49720670391061
 4 -87.48603351955308
 0 -85.47486033519553
 0 -83.46368715083798
 4 -81.45251396648044
 5 -79.44134078212289
 10 -77.43016759776536
 59 -75.41899441340782
 29 -73.40782122905027
 75 -71.39664804469274
 145 -69.38547486033519
 89 -67.37430167597765
 116 -65.3631284916201
 64 -63.35195530726256
 325 -61.34078212290503
 194 -59.32960893854748
 223 -57.31843575418993
 99 -55.3072625698324
 88 -53.29608938547486
 278 -51.28491620111731
 76 -49.27374301675977
 140 -47.26256983240222
 1 -45.25139664804468
 337 -43.24022346368713
 3 -41.22905027932961
 197 -39.21787709497207
 363 -37.20670391061452
 502 -35.19553072625698
 118 -33.18435754189943
 58 -31.17318435754188
 166 -29.16201117318434
 15 -27.15083798882682
 51 -25.13966480446928
 707 -23.12849162011173
 130 -21.11731843575419
 55 -19.10614525139664
 6 -17.09497206703909
 48 -15.08379888268155
 205 -13.072625698324
 8 -11.06145251396646
 625 -9.050279329608941
 3 -7.039106145251395
 120 -5.02793296089385
 23 -3.016759776536304
 4 -1.005586592178759
 22 1.005586592178787
 136 3.016759776536333
 6 5.02793296089385
 593 7.039106145251395
 11 9.050279329608941
 146 11.06145251396649
 42 13.07262569832403
 8 15.08379888268158
 75 17.09497206703912
 102 19.10614525139667
 581 21.11731843575421
 68 23.12849162011173
 83 25.13966480446928
 106 27.15083798882682
 52 29.16201117318437
 229 31.17318435754191
 337 33.18435754189946
 271 35.195530726257
 171 37.20670391061452
 29 39.21787709497207
 343 41.22905027932961
 5 43.24022346368716
 135 45.2513966480447
 67 47.26256983240225
 244 49.27374301675979
 87 51.28491620111734
 198 53.29608938547489
 83 55.3072625698324
 143 57.31843575418995
 275 59.32960893854749
 58 61.34078212290504
 96 63.35195530726259
 68 65.36312849162013
 109 67.37430167597768
 53 69.38547486033519
 33 71.39664804469274
 44 73.40782122905028
 9 75.41899441340783
 7 77.43016759776538
 2 79.44134078212289
 1 81.45251396648047
 1 83.46368715083798
 3 85.47486033519556
 10 87.48603351955308
 8128 89.49720670391065
 7 91.50837988826817
 3 93.51955307262574
 0 95.53072625698326
 1 97.54189944134077
 2 99.55307262569835
 13 101.5642458100559
 15 103.5754189944134
 32 105.586592178771
 15 107.5977653631285
 111 109.608938547486
 123 111.6201117318436
 134 113.6312849162011
 5 115.6424581005587
 214 117.6536312849162
 172 119.6648044692737
 80 121.6759776536313
 187 123.6871508379888
 161 125.6983240223464
 76 127.7094972067039
 179 129.7206703910614
 188 131.731843575419
 1 133.7430167597765
 116 135.7541899441341
 175 137.7653631284916
 115 139.7765363128492
 157 141.7877094972067
 556 143.7988826815642
 123 145.8100558659218
 211 147.8212290502793
 49 149.8324022346369
 169 151.8435754189944
 73 153.854748603352
 553 155.8659217877095
 43 157.8770949720671
 159 159.8882681564246
 70 161.8994413407821
 48 163.9106145251397
 18 165.9217877094972
 131 167.9329608938548
 249 169.9441340782123
 347 171.9553072625699
 9 173.9664804469274
 164 175.9776536312849
 2 177.9888268156425
 0 180


