# Created by Octave 3.8.2, Sat Jun 20 23:33:54 2020 CEST <damian@fptrucha.inv.usc.es>
# name: hd
# type: matrix
# rows: 180
# columns: 2
 4 -180
 167 -177.9888268156425
 1 -175.9776536312849
 355 -173.9664804469274
 221 -171.9553072625698
 148 -169.9441340782123
 28 -167.9329608938548
 26 -165.9217877094972
 51 -163.9106145251397
 179 -161.8994413407821
 40 -159.8882681564246
 644 -157.877094972067
 61 -155.8659217877095
 117 -153.854748603352
 49 -151.8435754189944
 50 -149.8324022346369
 193 -147.8212290502793
 638 -145.8100558659218
 120 -143.7988826815642
 93 -141.7877094972067
 160 -139.7765363128491
 105 -137.7653631284916
 3 -135.7541899441341
 161 -133.7430167597765
 159 -131.731843575419
 73 -129.7206703910614
 165 -127.7094972067039
 208 -125.6983240223464
 89 -123.6871508379888
 177 -121.6759776536313
 170 -119.6648044692737
 1 -117.6536312849162
 80 -115.6424581005587
 117 -113.6312849162011
 136 -111.6201117318436
 19 -109.608938547486
 28 -107.5977653631285
 25 -105.5865921787709
 12 -103.5754189944134
 1 -101.5642458100559
 0 -99.55307262569832
 0 -97.54189944134077
 3 -95.53072625698323
 5 -93.5195530726257
 7935 -91.50837988826815
 8 -89.49720670391061
 0 -87.48603351955308
 2 -85.47486033519553
 0 -83.46368715083798
 2 -81.45251396648044
 6 -79.44134078212289
 6 -77.43016759776536
 41 -75.41899441340782
 25 -73.40782122905027
 58 -71.39664804469274
 121 -69.38547486033519
 54 -67.37430167597765
 84 -65.3631284916201
 42 -63.35195530726256
 280 -61.34078212290503
 138 -59.32960893854748
 222 -57.31843575418993
 84 -55.3072625698324
 83 -53.29608938547486
 242 -51.28491620111731
 49 -49.27374301675977
 107 -47.26256983240222
 2 -45.25139664804468
 291 -43.24022346368713
 1 -41.22905027932961
 169 -39.21787709497207
 328 -37.20670391061452
 447 -35.19553072625698
 111 -33.18435754189943
 62 -31.17318435754188
 125 -29.16201117318434
 12 -27.15083798882682
 56 -25.13966480446928
 613 -23.12849162011173
 127 -21.11731843575419
 35 -19.10614525139664
 15 -17.09497206703909
 36 -15.08379888268155
 138 -13.072625698324
 11 -11.06145251396646
 573 -9.050279329608941
 1 -7.039106145251395
 121 -5.02793296089385
 14 -3.016759776536304
 2 -1.005586592178759
 22 1.005586592178787
 118 3.016759776536333
 3 5.02793296089385
 524 7.039106145251395
 8 9.050279329608941
 118 11.06145251396649
 46 13.07262569832403
 16 15.08379888268158
 62 17.09497206703912
 119 19.10614525139667
 533 21.11731843575421
 68 23.12849162011173
 80 25.13966480446928
 89 27.15083798882682
 46 29.16201117318437
 228 31.17318435754191
 296 33.18435754189946
 231 35.195530726257
 170 37.20670391061452
 33 39.21787709497207
 258 41.22905027932961
 0 43.24022346368716
 118 45.2513966480447
 46 47.26256983240225
 230 49.27374301675979
 82 51.28491620111734
 198 53.29608938547489
 69 55.3072625698324
 136 57.31843575418995
 264 59.32960893854749
 72 61.34078212290504
 105 63.35195530726259
 56 65.36312849162013
 103 67.37430167597768
 42 69.38547486033519
 26 71.39664804469274
 41 73.40782122905028
 4 75.41899441340783
 10 77.43016759776538
 1 79.44134078212289
 2 81.45251396648047
 1 83.46368715083798
 6 85.47486033519556
 4 87.48603351955308
 7569 89.49720670391065
 2 91.50837988826817
 2 93.51955307262574
 0 95.53072625698326
 2 97.54189944134077
 4 99.55307262569835
 12 101.5642458100559
 25 103.5754189944134
 39 105.586592178771
 25 107.5977653631285
 114 109.608938547486
 132 111.6201117318436
 129 113.6312849162011
 4 115.6424581005587
 176 117.6536312849162
 168 119.6648044692737
 100 121.6759776536313
 181 123.6871508379888
 196 125.6983240223464
 71 127.7094972067039
 164 129.7206703910614
 182 131.731843575419
 2 133.7430167597765
 119 135.7541899441341
 171 137.7653631284916
 95 139.7765363128492
 149 141.7877094972067
 413 143.7988826815642
 129 145.8100558659218
 212 147.8212290502793
 45 149.8324022346369
 160 151.8435754189944
 55 153.854748603352
 436 155.8659217877095
 55 157.8770949720671
 124 159.8882681564246
 88 161.8994413407821
 46 163.9106145251397
 9 165.9217877094972
 109 167.9329608938548
 207 169.9441340782123
 341 171.9553072625699
 1 173.9664804469274
 148 175.9776536312849
 2 177.9888268156425
 0 180


