# Created by Octave 3.8.2, Mon Jun 22 10:22:30 2020 CEST <damian@fptrucha.inv.usc.es>
# name: hd
# type: matrix
# rows: 180
# columns: 2
 2 -180
 153 -177.9888268156425
 2 -175.9776536312849
 372 -173.9664804469274
 210 -171.9553072625698
 153 -169.9441340782123
 33 -167.9329608938548
 42 -165.9217877094972
 68 -163.9106145251397
 164 -161.8994413407821
 41 -159.8882681564246
 587 -157.877094972067
 58 -155.8659217877095
 131 -153.854748603352
 30 -151.8435754189944
 72 -149.8324022346369
 205 -147.8212290502793
 570 -145.8100558659218
 133 -143.7988826815642
 96 -141.7877094972067
 142 -139.7765363128491
 100 -137.7653631284916
 6 -135.7541899441341
 174 -133.7430167597765
 153 -131.731843575419
 62 -129.7206703910614
 182 -127.7094972067039
 208 -125.6983240223464
 74 -123.6871508379888
 164 -121.6759776536313
 173 -119.6648044692737
 5 -117.6536312849162
 111 -115.6424581005587
 121 -113.6312849162011
 124 -111.6201117318436
 21 -109.608938547486
 29 -107.5977653631285
 17 -105.5865921787709
 12 -103.5754189944134
 5 -101.5642458100559
 2 -99.55307262569832
 0 -97.54189944134077
 4 -95.53072625698323
 11 -93.5195530726257
 7830 -91.50837988826815
 22 -89.49720670391061
 3 -87.48603351955308
 4 -85.47486033519553
 0 -83.46368715083798
 1 -81.45251396648044
 7 -79.44134078212289
 2 -77.43016759776536
 44 -75.41899441340782
 24 -73.40782122905027
 57 -71.39664804469274
 112 -69.38547486033519
 65 -67.37430167597765
 112 -65.3631284916201
 50 -63.35195530726256
 256 -61.34078212290503
 146 -59.32960893854748
 211 -57.31843575418993
 95 -55.3072625698324
 73 -53.29608938547486
 239 -51.28491620111731
 58 -49.27374301675977
 112 -47.26256983240222
 4 -45.25139664804468
 266 -43.24022346368713
 4 -41.22905027932961
 172 -39.21787709497207
 295 -37.20670391061452
 417 -35.19553072625698
 94 -33.18435754189943
 53 -31.17318435754188
 171 -29.16201117318434
 14 -27.15083798882682
 54 -25.13966480446928
 528 -23.12849162011173
 126 -21.11731843575419
 56 -19.10614525139664
 14 -17.09497206703909
 43 -15.08379888268155
 155 -13.072625698324
 13 -11.06145251396646
 579 -9.050279329608941
 4 -7.039106145251395
 121 -5.02793296089385
 21 -3.016759776536304
 3 -1.005586592178759
 18 1.005586592178787
 128 3.016759776536333
 4 5.02793296089385
 532 7.039106145251395
 8 9.050279329608941
 167 11.06145251396649
 50 13.07262569832403
 18 15.08379888268158
 58 17.09497206703912
 116 19.10614525139667
 551 21.11731843575421
 78 23.12849162011173
 93 25.13966480446928
 97 27.15083798882682
 62 29.16201117318437
 174 31.17318435754191
 321 33.18435754189946
 246 35.195530726257
 145 37.20670391061452
 39 39.21787709497207
 277 41.22905027932961
 4 43.24022346368716
 117 45.2513966480447
 62 47.26256983240225
 210 49.27374301675979
 97 51.28491620111734
 196 53.29608938547489
 82 55.3072625698324
 144 57.31843575418995
 267 59.32960893854749
 56 61.34078212290504
 120 63.35195530726259
 84 65.36312849162013
 104 67.37430167597768
 39 69.38547486033519
 34 71.39664804469274
 48 73.40782122905028
 9 75.41899441340783
 11 77.43016759776538
 2 79.44134078212289
 0 81.45251396648047
 2 83.46368715083798
 6 85.47486033519556
 17 87.48603351955308
 7647 89.49720670391065
 11 91.50837988826817
 3 93.51955307262574
 0 95.53072625698326
 2 97.54189944134077
 5 99.55307262569835
 17 101.5642458100559
 25 103.5754189944134
 45 105.586592178771
 25 107.5977653631285
 107 109.608938547486
 136 111.6201117318436
 134 113.6312849162011
 6 115.6424581005587
 218 117.6536312849162
 185 119.6648044692737
 93 121.6759776536313
 182 123.6871508379888
 176 125.6983240223464
 66 127.7094972067039
 160 129.7206703910614
 203 131.731843575419
 2 133.7430167597765
 110 135.7541899441341
 164 137.7653631284916
 98 139.7765363128492
 126 141.7877094972067
 477 143.7988826815642
 98 145.8100558659218
 200 147.8212290502793
 43 149.8324022346369
 161 151.8435754189944
 59 153.854748603352
 503 155.8659217877095
 33 157.8770949720671
 150 159.8882681564246
 75 161.8994413407821
 48 163.9106145251397
 24 165.9217877094972
 141 167.9329608938548
 200 169.9441340782123
 346 171.9553072625699
 5 173.9664804469274
 179 175.9776536312849
 3 177.9888268156425
 0 180


