# Created by Octave 3.8.2, Mon Jun 22 09:32:21 2020 CEST <damian@fptrucha.inv.usc.es>
# name: hd
# type: matrix
# rows: 180
# columns: 2
 6 -180
 156 -177.9888268156425
 1 -175.9776536312849
 349 -173.9664804469274
 228 -171.9553072625698
 145 -169.9441340782123
 33 -167.9329608938548
 34 -165.9217877094972
 60 -163.9106145251397
 140 -161.8994413407821
 40 -159.8882681564246
 558 -157.877094972067
 70 -155.8659217877095
 108 -153.854748603352
 46 -151.8435754189944
 60 -149.8324022346369
 235 -147.8212290502793
 546 -145.8100558659218
 119 -143.7988826815642
 80 -141.7877094972067
 162 -139.7765363128491
 113 -137.7653631284916
 3 -135.7541899441341
 171 -133.7430167597765
 172 -131.731843575419
 74 -129.7206703910614
 176 -127.7094972067039
 204 -125.6983240223464
 80 -123.6871508379888
 171 -121.6759776536313
 164 -119.6648044692737
 0 -117.6536312849162
 118 -115.6424581005587
 105 -113.6312849162011
 135 -111.6201117318436
 26 -109.608938547486
 39 -107.5977653631285
 23 -105.5865921787709
 13 -103.5754189944134
 7 -101.5642458100559
 3 -99.55307262569832
 2 -97.54189944134077
 4 -95.53072625698323
 10 -93.5195530726257
 7591 -91.50837988826815
 20 -89.49720670391061
 5 -87.48603351955308
 4 -85.47486033519553
 1 -83.46368715083798
 1 -81.45251396648044
 8 -79.44134078212289
 3 -77.43016759776536
 46 -75.41899441340782
 31 -73.40782122905027
 40 -71.39664804469274
 99 -69.38547486033519
 54 -67.37430167597765
 108 -65.3631284916201
 57 -63.35195530726256
 249 -61.34078212290503
 135 -59.32960893854748
 213 -57.31843575418993
 77 -55.3072625698324
 76 -53.29608938547486
 223 -51.28491620111731
 51 -49.27374301675977
 105 -47.26256983240222
 2 -45.25139664804468
 252 -43.24022346368713
 2 -41.22905027932961
 148 -39.21787709497207
 307 -37.20670391061452
 431 -35.19553072625698
 136 -33.18435754189943
 60 -31.17318435754188
 163 -29.16201117318434
 12 -27.15083798882682
 52 -25.13966480446928
 550 -23.12849162011173
 124 -21.11731843575419
 53 -19.10614525139664
 10 -17.09497206703909
 44 -15.08379888268155
 144 -13.072625698324
 17 -11.06145251396646
 560 -9.050279329608941
 1 -7.039106145251395
 124 -5.02793296089385
 15 -3.016759776536304
 7 -1.005586592178759
 18 1.005586592178787
 136 3.016759776536333
 4 5.02793296089385
 571 7.039106145251395
 7 9.050279329608941
 139 11.06145251396649
 46 13.07262569832403
 11 15.08379888268158
 67 17.09497206703912
 154 19.10614525139667
 545 21.11731843575421
 54 23.12849162011173
 91 25.13966480446928
 97 27.15083798882682
 58 29.16201117318437
 189 31.17318435754191
 328 33.18435754189946
 265 35.195530726257
 143 37.20670391061452
 42 39.21787709497207
 252 41.22905027932961
 1 43.24022346368716
 107 45.2513966480447
 65 47.26256983240225
 221 49.27374301675979
 82 51.28491620111734
 183 53.29608938547489
 79 55.3072625698324
 143 57.31843575418995
 275 59.32960893854749
 60 61.34078212290504
 113 63.35195530726259
 54 65.36312849162013
 122 67.37430167597768
 38 69.38547486033519
 29 71.39664804469274
 44 73.40782122905028
 13 75.41899441340783
 10 77.43016759776538
 3 79.44134078212289
 2 81.45251396648047
 3 83.46368715083798
 7 85.47486033519556
 15 87.48603351955308
 7206 89.49720670391065
 14 91.50837988826817
 7 93.51955307262574
 3 95.53072625698326
 1 97.54189944134077
 3 99.55307262569835
 22 101.5642458100559
 19 103.5754189944134
 43 105.586592178771
 28 107.5977653631285
 100 109.608938547486
 127 111.6201117318436
 119 113.6312849162011
 2 115.6424581005587
 213 117.6536312849162
 161 119.6648044692737
 101 121.6759776536313
 205 123.6871508379888
 172 125.6983240223464
 82 127.7094972067039
 171 129.7206703910614
 206 131.731843575419
 3 133.7430167597765
 105 135.7541899441341
 188 137.7653631284916
 108 139.7765363128492
 123 141.7877094972067
 467 143.7988826815642
 106 145.8100558659218
 185 147.8212290502793
 59 149.8324022346369
 143 151.8435754189944
 58 153.854748603352
 486 155.8659217877095
 49 157.8770949720671
 136 159.8882681564246
 70 161.8994413407821
 45 163.9106145251397
 15 165.9217877094972
 108 167.9329608938548
 214 169.9441340782123
 306 171.9553072625699
 8 173.9664804469274
 161 175.9776536312849
 6 177.9888268156425
 0 180


