# Created by Octave 3.8.2, Sun Jun 21 01:35:39 2020 CEST <damian@fptrucha.inv.usc.es>
# name: hd
# type: matrix
# rows: 180
# columns: 2
 6 -180
 138 -177.9888268156425
 4 -175.9776536312849
 335 -173.9664804469274
 217 -171.9553072625698
 152 -169.9441340782123
 26 -167.9329608938548
 44 -165.9217877094972
 48 -163.9106145251397
 151 -161.8994413407821
 32 -159.8882681564246
 570 -157.877094972067
 68 -155.8659217877095
 114 -153.854748603352
 41 -151.8435754189944
 44 -149.8324022346369
 227 -147.8212290502793
 620 -145.8100558659218
 113 -143.7988826815642
 99 -141.7877094972067
 152 -139.7765363128491
 89 -137.7653631284916
 0 -135.7541899441341
 146 -133.7430167597765
 139 -131.731843575419
 78 -129.7206703910614
 183 -127.7094972067039
 208 -125.6983240223464
 103 -123.6871508379888
 171 -121.6759776536313
 173 -119.6648044692737
 5 -117.6536312849162
 117 -115.6424581005587
 111 -113.6312849162011
 117 -111.6201117318436
 13 -109.608938547486
 29 -107.5977653631285
 22 -105.5865921787709
 8 -103.5754189944134
 3 -101.5642458100559
 1 -99.55307262569832
 1 -97.54189944134077
 1 -95.53072625698323
 5 -93.5195530726257
 7878 -91.50837988826815
 10 -89.49720670391061
 5 -87.48603351955308
 2 -85.47486033519553
 0 -83.46368715083798
 1 -81.45251396648044
 3 -79.44134078212289
 6 -77.43016759776536
 42 -75.41899441340782
 28 -73.40782122905027
 41 -71.39664804469274
 116 -69.38547486033519
 60 -67.37430167597765
 96 -65.3631284916201
 47 -63.35195530726256
 279 -61.34078212290503
 145 -59.32960893854748
 205 -57.31843575418993
 83 -55.3072625698324
 69 -53.29608938547486
 225 -51.28491620111731
 57 -49.27374301675977
 113 -47.26256983240222
 4 -45.25139664804468
 245 -43.24022346368713
 2 -41.22905027932961
 159 -39.21787709497207
 288 -37.20670391061452
 432 -35.19553072625698
 115 -33.18435754189943
 56 -31.17318435754188
 131 -29.16201117318434
 10 -27.15083798882682
 56 -25.13966480446928
 654 -23.12849162011173
 139 -21.11731843575419
 62 -19.10614525139664
 9 -17.09497206703909
 38 -15.08379888268155
 147 -13.072625698324
 8 -11.06145251396646
 534 -9.050279329608941
 2 -7.039106145251395
 120 -5.02793296089385
 18 -3.016759776536304
 0 -1.005586592178759
 17 1.005586592178787
 114 3.016759776536333
 1 5.02793296089385
 549 7.039106145251395
 8 9.050279329608941
 121 11.06145251396649
 33 13.07262569832403
 6 15.08379888268158
 46 17.09497206703912
 114 19.10614525139667
 528 21.11731843575421
 83 23.12849162011173
 85 25.13966480446928
 103 27.15083798882682
 40 29.16201117318437
 207 31.17318435754191
 319 33.18435754189946
 242 35.195530726257
 169 37.20670391061452
 27 39.21787709497207
 278 41.22905027932961
 3 43.24022346368716
 105 45.2513966480447
 44 47.26256983240225
 231 49.27374301675979
 74 51.28491620111734
 181 53.29608938547489
 64 55.3072625698324
 140 57.31843575418995
 247 59.32960893854749
 55 61.34078212290504
 119 63.35195530726259
 63 65.36312849162013
 91 67.37430167597768
 39 69.38547486033519
 33 71.39664804469274
 44 73.40782122905028
 8 75.41899441340783
 8 77.43016759776538
 6 79.44134078212289
 1 81.45251396648047
 1 83.46368715083798
 3 85.47486033519556
 11 87.48603351955308
 7477 89.49720670391065
 6 91.50837988826817
 0 93.51955307262574
 1 95.53072625698326
 0 97.54189944134077
 1 99.55307262569835
 11 101.5642458100559
 29 103.5754189944134
 38 105.586592178771
 21 107.5977653631285
 107 109.608938547486
 114 111.6201117318436
 119 113.6312849162011
 4 115.6424581005587
 200 117.6536312849162
 143 119.6648044692737
 91 121.6759776536313
 164 123.6871508379888
 182 125.6983240223464
 75 127.7094972067039
 141 129.7206703910614
 170 131.731843575419
 2 133.7430167597765
 113 135.7541899441341
 178 137.7653631284916
 111 139.7765363128492
 136 141.7877094972067
 470 143.7988826815642
 116 145.8100558659218
 204 147.8212290502793
 35 149.8324022346369
 149 151.8435754189944
 56 153.854748603352
 447 155.8659217877095
 53 157.8770949720671
 137 159.8882681564246
 60 161.8994413407821
 45 163.9106145251397
 20 165.9217877094972
 130 167.9329608938548
 241 169.9441340782123
 275 171.9553072625699
 5 173.9664804469274
 127 175.9776536312849
 2 177.9888268156425
 0 180


