# Created by Octave 3.8.2, Mon Jun 22 12:11:34 2020 CEST <damian@fptrucha.inv.usc.es>
# name: hd
# type: matrix
# rows: 180
# columns: 2
 4 -180
 158 -177.9888268156425
 5 -175.9776536312849
 387 -173.9664804469274
 232 -171.9553072625698
 150 -169.9441340782123
 30 -167.9329608938548
 45 -165.9217877094972
 53 -163.9106145251397
 160 -161.8994413407821
 42 -159.8882681564246
 562 -157.877094972067
 68 -155.8659217877095
 114 -153.854748603352
 48 -151.8435754189944
 79 -149.8324022346369
 247 -147.8212290502793
 576 -145.8100558659218
 123 -143.7988826815642
 107 -141.7877094972067
 196 -139.7765363128491
 111 -137.7653631284916
 3 -135.7541899441341
 171 -133.7430167597765
 181 -131.731843575419
 74 -129.7206703910614
 175 -127.7094972067039
 200 -125.6983240223464
 96 -123.6871508379888
 165 -121.6759776536313
 173 -119.6648044692737
 8 -117.6536312849162
 102 -115.6424581005587
 111 -113.6312849162011
 94 -111.6201117318436
 20 -109.608938547486
 25 -107.5977653631285
 18 -105.5865921787709
 12 -103.5754189944134
 7 -101.5642458100559
 0 -99.55307262569832
 1 -97.54189944134077
 1 -95.53072625698323
 12 -93.5195530726257
 7751 -91.50837988826815
 18 -89.49720670391061
 3 -87.48603351955308
 2 -85.47486033519553
 0 -83.46368715083798
 3 -81.45251396648044
 8 -79.44134078212289
 3 -77.43016759776536
 46 -75.41899441340782
 21 -73.40782122905027
 50 -71.39664804469274
 97 -69.38547486033519
 74 -67.37430167597765
 84 -65.3631284916201
 49 -63.35195530726256
 255 -61.34078212290503
 169 -59.32960893854748
 217 -57.31843575418993
 83 -55.3072625698324
 87 -53.29608938547486
 201 -51.28491620111731
 58 -49.27374301675977
 108 -47.26256983240222
 0 -45.25139664804468
 268 -43.24022346368713
 1 -41.22905027932961
 177 -39.21787709497207
 258 -37.20670391061452
 411 -35.19553072625698
 148 -33.18435754189943
 51 -31.17318435754188
 152 -29.16201117318434
 13 -27.15083798882682
 60 -25.13966480446928
 561 -23.12849162011173
 101 -21.11731843575419
 62 -19.10614525139664
 11 -17.09497206703909
 45 -15.08379888268155
 140 -13.072625698324
 14 -11.06145251396646
 570 -9.050279329608941
 6 -7.039106145251395
 118 -5.02793296089385
 19 -3.016759776536304
 3 -1.005586592178759
 20 1.005586592178787
 138 3.016759776536333
 1 5.02793296089385
 554 7.039106145251395
 9 9.050279329608941
 132 11.06145251396649
 37 13.07262569832403
 13 15.08379888268158
 55 17.09497206703912
 126 19.10614525139667
 567 21.11731843575421
 63 23.12849162011173
 88 25.13966480446928
 99 27.15083798882682
 66 29.16201117318437
 189 31.17318435754191
 333 33.18435754189946
 251 35.195530726257
 148 37.20670391061452
 40 39.21787709497207
 281 41.22905027932961
 2 43.24022346368716
 103 45.2513966480447
 82 47.26256983240225
 242 49.27374301675979
 73 51.28491620111734
 178 53.29608938547489
 74 55.3072625698324
 154 57.31843575418995
 289 59.32960893854749
 66 61.34078212290504
 131 63.35195530726259
 76 65.36312849162013
 115 67.37430167597768
 31 69.38547486033519
 33 71.39664804469274
 45 73.40782122905028
 8 75.41899441340783
 13 77.43016759776538
 2 79.44134078212289
 2 81.45251396648047
 2 83.46368715083798
 5 85.47486033519556
 13 87.48603351955308
 7535 89.49720670391065
 6 91.50837988826817
 5 93.51955307262574
 5 95.53072625698326
 0 97.54189944134077
 2 99.55307262569835
 15 101.5642458100559
 36 103.5754189944134
 30 105.586592178771
 23 107.5977653631285
 135 109.608938547486
 115 111.6201117318436
 123 113.6312849162011
 1 115.6424581005587
 184 117.6536312849162
 171 119.6648044692737
 95 121.6759776536313
 202 123.6871508379888
 187 125.6983240223464
 85 127.7094972067039
 182 129.7206703910614
 160 131.731843575419
 4 133.7430167597765
 122 135.7541899441341
 179 137.7653631284916
 94 139.7765363128492
 126 141.7877094972067
 509 143.7988826815642
 129 145.8100558659218
 199 147.8212290502793
 40 149.8324022346369
 122 151.8435754189944
 65 153.854748603352
 505 155.8659217877095
 63 157.8770949720671
 148 159.8882681564246
 56 161.8994413407821
 41 163.9106145251397
 21 165.9217877094972
 140 167.9329608938548
 222 169.9441340782123
 327 171.9553072625699
 6 173.9664804469274
 187 175.9776536312849
 4 177.9888268156425
 0 180


