# Created by Octave 3.8.2, Sun Jun 21 02:20:45 2020 CEST <damian@fptrucha.inv.usc.es>
# name: hd
# type: matrix
# rows: 180
# columns: 2
 4 -180
 174 -177.9888268156425
 3 -175.9776536312849
 373 -173.9664804469274
 232 -171.9553072625698
 144 -169.9441340782123
 39 -167.9329608938548
 44 -165.9217877094972
 56 -163.9106145251397
 154 -161.8994413407821
 38 -159.8882681564246
 656 -157.877094972067
 59 -155.8659217877095
 127 -153.854748603352
 38 -151.8435754189944
 57 -149.8324022346369
 231 -147.8212290502793
 623 -145.8100558659218
 124 -143.7988826815642
 84 -141.7877094972067
 133 -139.7765363128491
 118 -137.7653631284916
 3 -135.7541899441341
 135 -133.7430167597765
 179 -131.731843575419
 67 -129.7206703910614
 179 -127.7094972067039
 202 -125.6983240223464
 99 -123.6871508379888
 185 -121.6759776536313
 212 -119.6648044692737
 2 -117.6536312849162
 101 -115.6424581005587
 104 -113.6312849162011
 112 -111.6201117318436
 21 -109.608938547486
 27 -107.5977653631285
 25 -105.5865921787709
 8 -103.5754189944134
 1 -101.5642458100559
 0 -99.55307262569832
 0 -97.54189944134077
 0 -95.53072625698323
 2 -93.5195530726257
 8055 -91.50837988826815
 9 -89.49720670391061
 4 -87.48603351955308
 1 -85.47486033519553
 0 -83.46368715083798
 1 -81.45251396648044
 9 -79.44134078212289
 8 -77.43016759776536
 53 -75.41899441340782
 26 -73.40782122905027
 45 -71.39664804469274
 122 -69.38547486033519
 75 -67.37430167597765
 89 -65.3631284916201
 55 -63.35195530726256
 265 -61.34078212290503
 147 -59.32960893854748
 210 -57.31843575418993
 90 -55.3072625698324
 87 -53.29608938547486
 230 -51.28491620111731
 61 -49.27374301675977
 107 -47.26256983240222
 1 -45.25139664804468
 245 -43.24022346368713
 1 -41.22905027932961
 133 -39.21787709497207
 300 -37.20670391061452
 429 -35.19553072625698
 111 -33.18435754189943
 56 -31.17318435754188
 139 -29.16201117318434
 11 -27.15083798882682
 52 -25.13966480446928
 629 -23.12849162011173
 136 -21.11731843575419
 50 -19.10614525139664
 14 -17.09497206703909
 37 -15.08379888268155
 148 -13.072625698324
 3 -11.06145251396646
 593 -9.050279329608941
 1 -7.039106145251395
 114 -5.02793296089385
 22 -3.016759776536304
 1 -1.005586592178759
 21 1.005586592178787
 135 3.016759776536333
 1 5.02793296089385
 567 7.039106145251395
 7 9.050279329608941
 117 11.06145251396649
 53 13.07262569832403
 8 15.08379888268158
 55 17.09497206703912
 112 19.10614525139667
 501 21.11731843575421
 68 23.12849162011173
 77 25.13966480446928
 111 27.15083798882682
 54 29.16201117318437
 192 31.17318435754191
 322 33.18435754189946
 232 35.195530726257
 136 37.20670391061452
 36 39.21787709497207
 314 41.22905027932961
 1 43.24022346368716
 110 45.2513966480447
 68 47.26256983240225
 238 49.27374301675979
 93 51.28491620111734
 200 53.29608938547489
 86 55.3072625698324
 121 57.31843575418995
 251 59.32960893854749
 55 61.34078212290504
 118 63.35195530726259
 72 65.36312849162013
 106 67.37430167597768
 41 69.38547486033519
 33 71.39664804469274
 32 73.40782122905028
 7 75.41899441340783
 7 77.43016759776538
 0 79.44134078212289
 0 81.45251396648047
 2 83.46368715083798
 4 85.47486033519556
 4 87.48603351955308
 7439 89.49720670391065
 5 91.50837988826817
 2 93.51955307262574
 2 95.53072625698326
 0 97.54189944134077
 2 99.55307262569835
 18 101.5642458100559
 20 103.5754189944134
 34 105.586592178771
 15 107.5977653631285
 118 109.608938547486
 108 111.6201117318436
 114 113.6312849162011
 1 115.6424581005587
 193 117.6536312849162
 159 119.6648044692737
 64 121.6759776536313
 194 123.6871508379888
 170 125.6983240223464
 72 127.7094972067039
 167 129.7206703910614
 159 131.731843575419
 0 133.7430167597765
 106 135.7541899441341
 163 137.7653631284916
 94 139.7765363128492
 133 141.7877094972067
 463 143.7988826815642
 121 145.8100558659218
 188 147.8212290502793
 41 149.8324022346369
 145 151.8435754189944
 57 153.854748603352
 506 155.8659217877095
 44 157.8770949720671
 154 159.8882681564246
 69 161.8994413407821
 50 163.9106145251397
 15 165.9217877094972
 135 167.9329608938548
 211 169.9441340782123
 312 171.9553072625699
 3 173.9664804469274
 151 175.9776536312849
 1 177.9888268156425
 0 180


