# Created by Octave 3.8.2, Mon Jun 22 04:39:14 2020 CEST <damian@fptrucha.inv.usc.es>
# name: hd
# type: matrix
# rows: 180
# columns: 2
 5 -180
 162 -177.9888268156425
 4 -175.9776536312849
 362 -173.9664804469274
 235 -171.9553072625698
 123 -169.9441340782123
 35 -167.9329608938548
 47 -165.9217877094972
 59 -163.9106145251397
 146 -161.8994413407821
 43 -159.8882681564246
 544 -157.877094972067
 73 -155.8659217877095
 117 -153.854748603352
 53 -151.8435754189944
 71 -149.8324022346369
 192 -147.8212290502793
 540 -145.8100558659218
 110 -143.7988826815642
 80 -141.7877094972067
 173 -139.7765363128491
 102 -137.7653631284916
 5 -135.7541899441341
 168 -133.7430167597765
 156 -131.731843575419
 71 -129.7206703910614
 176 -127.7094972067039
 190 -125.6983240223464
 93 -123.6871508379888
 177 -121.6759776536313
 167 -119.6648044692737
 1 -117.6536312849162
 103 -115.6424581005587
 109 -113.6312849162011
 117 -111.6201117318436
 28 -109.608938547486
 47 -107.5977653631285
 23 -105.5865921787709
 13 -103.5754189944134
 5 -101.5642458100559
 3 -99.55307262569832
 1 -97.54189944134077
 2 -95.53072625698323
 6 -93.5195530726257
 7202 -91.50837988826815
 14 -89.49720670391061
 3 -87.48603351955308
 1 -85.47486033519553
 0 -83.46368715083798
 2 -81.45251396648044
 9 -79.44134078212289
 11 -77.43016759776536
 49 -75.41899441340782
 44 -73.40782122905027
 46 -71.39664804469274
 123 -69.38547486033519
 65 -67.37430167597765
 89 -65.3631284916201
 42 -63.35195530726256
 272 -61.34078212290503
 119 -59.32960893854748
 205 -57.31843575418993
 97 -55.3072625698324
 55 -53.29608938547486
 223 -51.28491620111731
 57 -49.27374301675977
 94 -47.26256983240222
 4 -45.25139664804468
 265 -43.24022346368713
 5 -41.22905027932961
 144 -39.21787709497207
 272 -37.20670391061452
 382 -35.19553072625698
 99 -33.18435754189943
 64 -31.17318435754188
 138 -29.16201117318434
 9 -27.15083798882682
 64 -25.13966480446928
 554 -23.12849162011173
 144 -21.11731843575419
 44 -19.10614525139664
 21 -17.09497206703909
 37 -15.08379888268155
 144 -13.072625698324
 12 -11.06145251396646
 526 -9.050279329608941
 3 -7.039106145251395
 133 -5.02793296089385
 13 -3.016759776536304
 7 -1.005586592178759
 20 1.005586592178787
 126 3.016759776536333
 2 5.02793296089385
 532 7.039106145251395
 14 9.050279329608941
 135 11.06145251396649
 45 13.07262569832403
 12 15.08379888268158
 46 17.09497206703912
 125 19.10614525139667
 485 21.11731843575421
 48 23.12849162011173
 81 25.13966480446928
 91 27.15083798882682
 73 29.16201117318437
 214 31.17318435754191
 307 33.18435754189946
 218 35.195530726257
 133 37.20670391061452
 32 39.21787709497207
 255 41.22905027932961
 2 43.24022346368716
 105 45.2513966480447
 53 47.26256983240225
 205 49.27374301675979
 87 51.28491620111734
 197 53.29608938547489
 76 55.3072625698324
 132 57.31843575418995
 243 59.32960893854749
 39 61.34078212290504
 104 63.35195530726259
 61 65.36312849162013
 101 67.37430167597768
 58 69.38547486033519
 26 71.39664804469274
 41 73.40782122905028
 12 75.41899441340783
 11 77.43016759776538
 3 79.44134078212289
 2 81.45251396648047
 1 83.46368715083798
 8 85.47486033519556
 14 87.48603351955308
 6422 89.49720670391065
 5 91.50837988826817
 3 93.51955307262574
 0 95.53072625698326
 2 97.54189944134077
 6 99.55307262569835
 13 101.5642458100559
 21 103.5754189944134
 37 105.586592178771
 18 107.5977653631285
 106 109.608938547486
 107 111.6201117318436
 117 113.6312849162011
 2 115.6424581005587
 189 117.6536312849162
 161 119.6648044692737
 80 121.6759776536313
 161 123.6871508379888
 164 125.6983240223464
 83 127.7094972067039
 153 129.7206703910614
 156 131.731843575419
 2 133.7430167597765
 107 135.7541899441341
 172 137.7653631284916
 104 139.7765363128492
 119 141.7877094972067
 444 143.7988826815642
 93 145.8100558659218
 173 147.8212290502793
 39 149.8324022346369
 152 151.8435754189944
 53 153.854748603352
 430 155.8659217877095
 45 157.8770949720671
 133 159.8882681564246
 58 161.8994413407821
 45 163.9106145251397
 18 165.9217877094972
 122 167.9329608938548
 215 169.9441340782123
 303 171.9553072625699
 7 173.9664804469274
 145 175.9776536312849
 5 177.9888268156425
 0 180


