# Created by Octave 3.8.2, Sat Jun 20 06:01:04 2020 CEST <damian@fptrucha.inv.usc.es>
# name: hd
# type: matrix
# rows: 180
# columns: 2
 4 -180
 182 -177.9888268156425
 1 -175.9776536312849
 404 -173.9664804469274
 272 -171.9553072625698
 192 -169.9441340782123
 40 -167.9329608938548
 37 -165.9217877094972
 61 -163.9106145251397
 181 -161.8994413407821
 50 -159.8882681564246
 719 -157.877094972067
 72 -155.8659217877095
 161 -153.854748603352
 50 -151.8435754189944
 90 -149.8324022346369
 264 -147.8212290502793
 707 -145.8100558659218
 139 -143.7988826815642
 95 -141.7877094972067
 208 -139.7765363128491
 129 -137.7653631284916
 1 -135.7541899441341
 181 -133.7430167597765
 201 -131.731843575419
 81 -129.7206703910614
 200 -127.7094972067039
 281 -125.6983240223464
 127 -123.6871508379888
 210 -121.6759776536313
 220 -119.6648044692737
 1 -117.6536312849162
 114 -115.6424581005587
 147 -113.6312849162011
 142 -111.6201117318436
 21 -109.608938547486
 47 -107.5977653631285
 28 -105.5865921787709
 10 -103.5754189944134
 4 -101.5642458100559
 0 -99.55307262569832
 0 -97.54189944134077
 1 -95.53072625698323
 4 -93.5195530726257
 9321 -91.50837988826815
 13 -89.49720670391061
 3 -87.48603351955308
 2 -85.47486033519553
 0 -83.46368715083798
 1 -81.45251396648044
 5 -79.44134078212289
 6 -77.43016759776536
 47 -75.41899441340782
 27 -73.40782122905027
 75 -71.39664804469274
 116 -69.38547486033519
 78 -67.37430167597765
 120 -65.3631284916201
 61 -63.35195530726256
 339 -61.34078212290503
 174 -59.32960893854748
 261 -57.31843575418993
 105 -55.3072625698324
 96 -53.29608938547486
 252 -51.28491620111731
 56 -49.27374301675977
 116 -47.26256983240222
 4 -45.25139664804468
 306 -43.24022346368713
 3 -41.22905027932961
 169 -39.21787709497207
 370 -37.20670391061452
 505 -35.19553072625698
 124 -33.18435754189943
 66 -31.17318435754188
 164 -29.16201117318434
 15 -27.15083798882682
 57 -25.13966480446928
 664 -23.12849162011173
 145 -21.11731843575419
 43 -19.10614525139664
 16 -17.09497206703909
 47 -15.08379888268155
 184 -13.072625698324
 7 -11.06145251396646
 601 -9.050279329608941
 1 -7.039106145251395
 137 -5.02793296089385
 26 -3.016759776536304
 2 -1.005586592178759
 23 1.005586592178787
 143 3.016759776536333
 2 5.02793296089385
 623 7.039106145251395
 9 9.050279329608941
 142 11.06145251396649
 46 13.07262569832403
 11 15.08379888268158
 67 17.09497206703912
 126 19.10614525139667
 589 21.11731843575421
 82 23.12849162011173
 101 25.13966480446928
 112 27.15083798882682
 49 29.16201117318437
 229 31.17318435754191
 360 33.18435754189946
 256 35.195530726257
 171 37.20670391061452
 33 39.21787709497207
 292 41.22905027932961
 3 43.24022346368716
 122 45.2513966480447
 65 47.26256983240225
 243 49.27374301675979
 79 51.28491620111734
 209 53.29608938547489
 98 55.3072625698324
 138 57.31843575418995
 268 59.32960893854749
 71 61.34078212290504
 103 63.35195530726259
 92 65.36312849162013
 114 67.37430167597768
 50 69.38547486033519
 24 71.39664804469274
 47 73.40782122905028
 5 75.41899441340783
 9 77.43016759776538
 6 79.44134078212289
 1 81.45251396648047
 2 83.46368715083798
 1 85.47486033519556
 11 87.48603351955308
 8336 89.49720670391065
 7 91.50837988826817
 2 93.51955307262574
 1 95.53072625698326
 0 97.54189944134077
 5 99.55307262569835
 12 101.5642458100559
 15 103.5754189944134
 38 105.586592178771
 22 107.5977653631285
 113 109.608938547486
 109 111.6201117318436
 114 113.6312849162011
 6 115.6424581005587
 219 117.6536312849162
 180 119.6648044692737
 107 121.6759776536313
 192 123.6871508379888
 185 125.6983240223464
 84 127.7094972067039
 202 129.7206703910614
 201 131.731843575419
 1 133.7430167597765
 107 135.7541899441341
 212 137.7653631284916
 111 139.7765363128492
 168 141.7877094972067
 537 143.7988826815642
 123 145.8100558659218
 224 147.8212290502793
 53 149.8324022346369
 167 151.8435754189944
 63 153.854748603352
 536 155.8659217877095
 47 157.8770949720671
 143 159.8882681564246
 65 161.8994413407821
 63 163.9106145251397
 20 165.9217877094972
 135 167.9329608938548
 259 169.9441340782123
 392 171.9553072625699
 1 173.9664804469274
 194 175.9776536312849
 2 177.9888268156425
 0 180


