# Created by Octave 3.8.2, Sat Jun 20 13:29:16 2020 CEST <damian@fptrucha.inv.usc.es>
# name: hd
# type: matrix
# rows: 180
# columns: 2
 2 -180
 160 -177.9888268156425
 3 -175.9776536312849
 402 -173.9664804469274
 242 -171.9553072625698
 186 -169.9441340782123
 24 -167.9329608938548
 27 -165.9217877094972
 60 -163.9106145251397
 178 -161.8994413407821
 48 -159.8882681564246
 696 -157.877094972067
 76 -155.8659217877095
 109 -153.854748603352
 38 -151.8435754189944
 74 -149.8324022346369
 201 -147.8212290502793
 688 -145.8100558659218
 126 -143.7988826815642
 93 -141.7877094972067
 180 -139.7765363128491
 103 -137.7653631284916
 2 -135.7541899441341
 157 -133.7430167597765
 173 -131.731843575419
 77 -129.7206703910614
 170 -127.7094972067039
 231 -125.6983240223464
 112 -123.6871508379888
 217 -121.6759776536313
 190 -119.6648044692737
 1 -117.6536312849162
 102 -115.6424581005587
 107 -113.6312849162011
 113 -111.6201117318436
 11 -109.608938547486
 36 -107.5977653631285
 26 -105.5865921787709
 10 -103.5754189944134
 1 -101.5642458100559
 0 -99.55307262569832
 2 -97.54189944134077
 2 -95.53072625698323
 4 -93.5195530726257
 8602 -91.50837988826815
 13 -89.49720670391061
 2 -87.48603351955308
 0 -85.47486033519553
 1 -83.46368715083798
 0 -81.45251396648044
 3 -79.44134078212289
 4 -77.43016759776536
 43 -75.41899441340782
 24 -73.40782122905027
 59 -71.39664804469274
 106 -69.38547486033519
 78 -67.37430167597765
 93 -65.3631284916201
 48 -63.35195530726256
 273 -61.34078212290503
 143 -59.32960893854748
 215 -57.31843575418993
 109 -55.3072625698324
 86 -53.29608938547486
 223 -51.28491620111731
 58 -49.27374301675977
 107 -47.26256983240222
 1 -45.25139664804468
 241 -43.24022346368713
 0 -41.22905027932961
 167 -39.21787709497207
 310 -37.20670391061452
 469 -35.19553072625698
 118 -33.18435754189943
 41 -31.17318435754188
 159 -29.16201117318434
 7 -27.15083798882682
 51 -25.13966480446928
 676 -23.12849162011173
 161 -21.11731843575419
 59 -19.10614525139664
 11 -17.09497206703909
 52 -15.08379888268155
 168 -13.072625698324
 7 -11.06145251396646
 576 -9.050279329608941
 2 -7.039106145251395
 126 -5.02793296089385
 20 -3.016759776536304
 0 -1.005586592178759
 30 1.005586592178787
 123 3.016759776536333
 2 5.02793296089385
 592 7.039106145251395
 13 9.050279329608941
 143 11.06145251396649
 48 13.07262569832403
 18 15.08379888268158
 60 17.09497206703912
 123 19.10614525139667
 593 21.11731843575421
 72 23.12849162011173
 94 25.13966480446928
 105 27.15083798882682
 68 29.16201117318437
 243 31.17318435754191
 323 33.18435754189946
 250 35.195530726257
 177 37.20670391061452
 38 39.21787709497207
 344 41.22905027932961
 0 43.24022346368716
 134 45.2513966480447
 65 47.26256983240225
 251 49.27374301675979
 84 51.28491620111734
 216 53.29608938547489
 86 55.3072625698324
 162 57.31843575418995
 261 59.32960893854749
 63 61.34078212290504
 127 63.35195530726259
 76 65.36312849162013
 98 67.37430167597768
 44 69.38547486033519
 34 71.39664804469274
 55 73.40782122905028
 4 75.41899441340783
 5 77.43016759776538
 3 79.44134078212289
 1 81.45251396648047
 2 83.46368715083798
 5 85.47486033519556
 12 87.48603351955308
 8177 89.49720670391065
 7 91.50837988826817
 1 93.51955307262574
 0 95.53072625698326
 0 97.54189944134077
 1 99.55307262569835
 16 101.5642458100559
 26 103.5754189944134
 36 105.586592178771
 28 107.5977653631285
 132 109.608938547486
 124 111.6201117318436
 125 113.6312849162011
 3 115.6424581005587
 246 117.6536312849162
 171 119.6648044692737
 92 121.6759776536313
 194 123.6871508379888
 195 125.6983240223464
 109 127.7094972067039
 191 129.7206703910614
 227 131.731843575419
 2 133.7430167597765
 107 135.7541899441341
 193 137.7653631284916
 113 139.7765363128492
 133 141.7877094972067
 491 143.7988826815642
 126 145.8100558659218
 223 147.8212290502793
 50 149.8324022346369
 171 151.8435754189944
 82 153.854748603352
 467 155.8659217877095
 56 157.8770949720671
 126 159.8882681564246
 78 161.8994413407821
 65 163.9106145251397
 19 165.9217877094972
 128 167.9329608938548
 241 169.9441340782123
 327 171.9553072625699
 1 173.9664804469274
 139 175.9776536312849
 5 177.9888268156425
 0 180


