# Created by Octave 3.8.2, Mon Jun 22 22:51:53 2020 CEST <damian@fptrucha.inv.usc.es>
# name: hd
# type: matrix
# rows: 180
# columns: 2
 5 -180
 197 -177.9888268156425
 6 -175.9776536312849
 364 -173.9664804469274
 268 -171.9553072625698
 182 -169.9441340782123
 46 -167.9329608938548
 48 -165.9217877094972
 62 -163.9106145251397
 157 -161.8994413407821
 44 -159.8882681564246
 620 -157.877094972067
 69 -155.8659217877095
 148 -153.854748603352
 46 -151.8435754189944
 64 -149.8324022346369
 233 -147.8212290502793
 641 -145.8100558659218
 148 -143.7988826815642
 113 -141.7877094972067
 216 -139.7765363128491
 125 -137.7653631284916
 0 -135.7541899441341
 190 -133.7430167597765
 190 -131.731843575419
 77 -129.7206703910614
 188 -127.7094972067039
 242 -125.6983240223464
 105 -123.6871508379888
 196 -121.6759776536313
 216 -119.6648044692737
 1 -117.6536312849162
 121 -115.6424581005587
 142 -113.6312849162011
 144 -111.6201117318436
 20 -109.608938547486
 45 -107.5977653631285
 27 -105.5865921787709
 14 -103.5754189944134
 2 -101.5642458100559
 0 -99.55307262569832
 1 -97.54189944134077
 4 -95.53072625698323
 10 -93.5195530726257
 8455 -91.50837988826815
 16 -89.49720670391061
 2 -87.48603351955308
 1 -85.47486033519553
 0 -83.46368715083798
 1 -81.45251396648044
 13 -79.44134078212289
 7 -77.43016759776536
 50 -75.41899441340782
 34 -73.40782122905027
 59 -71.39664804469274
 108 -69.38547486033519
 71 -67.37430167597765
 113 -65.3631284916201
 68 -63.35195530726256
 296 -61.34078212290503
 179 -59.32960893854748
 238 -57.31843575418993
 99 -55.3072625698324
 84 -53.29608938547486
 253 -51.28491620111731
 61 -49.27374301675977
 136 -47.26256983240222
 4 -45.25139664804468
 334 -43.24022346368713
 6 -41.22905027932961
 154 -39.21787709497207
 323 -37.20670391061452
 489 -35.19553072625698
 136 -33.18435754189943
 69 -31.17318435754188
 150 -29.16201117318434
 7 -27.15083798882682
 57 -25.13966480446928
 602 -23.12849162011173
 171 -21.11731843575419
 60 -19.10614525139664
 12 -17.09497206703909
 46 -15.08379888268155
 179 -13.072625698324
 10 -11.06145251396646
 608 -9.050279329608941
 2 -7.039106145251395
 135 -5.02793296089385
 26 -3.016759776536304
 4 -1.005586592178759
 25 1.005586592178787
 131 3.016759776536333
 3 5.02793296089385
 559 7.039106145251395
 8 9.050279329608941
 164 11.06145251396649
 46 13.07262569832403
 20 15.08379888268158
 53 17.09497206703912
 99 19.10614525139667
 629 21.11731843575421
 59 23.12849162011173
 94 25.13966480446928
 115 27.15083798882682
 59 29.16201117318437
 215 31.17318435754191
 328 33.18435754189946
 251 35.195530726257
 156 37.20670391061452
 41 39.21787709497207
 316 41.22905027932961
 2 43.24022346368716
 126 45.2513966480447
 69 47.26256983240225
 223 49.27374301675979
 88 51.28491620111734
 232 53.29608938547489
 91 55.3072625698324
 164 57.31843575418995
 260 59.32960893854749
 61 61.34078212290504
 124 63.35195530726259
 75 65.36312849162013
 119 67.37430167597768
 65 69.38547486033519
 37 71.39664804469274
 64 73.40782122905028
 11 75.41899441340783
 9 77.43016759776538
 4 79.44134078212289
 1 81.45251396648047
 1 83.46368715083798
 8 85.47486033519556
 14 87.48603351955308
 7984 89.49720670391065
 6 91.50837988826817
 3 93.51955307262574
 3 95.53072625698326
 0 97.54189944134077
 5 99.55307262569835
 14 101.5642458100559
 28 103.5754189944134
 46 105.586592178771
 27 107.5977653631285
 123 109.608938547486
 130 111.6201117318436
 132 113.6312849162011
 2 115.6424581005587
 221 117.6536312849162
 185 119.6648044692737
 106 121.6759776536313
 187 123.6871508379888
 212 125.6983240223464
 80 127.7094972067039
 192 129.7206703910614
 206 131.731843575419
 1 133.7430167597765
 118 135.7541899441341
 195 137.7653631284916
 105 139.7765363128492
 149 141.7877094972067
 498 143.7988826815642
 126 145.8100558659218
 175 147.8212290502793
 67 149.8324022346369
 154 151.8435754189944
 64 153.854748603352
 499 155.8659217877095
 44 157.8770949720671
 155 159.8882681564246
 61 161.8994413407821
 50 163.9106145251397
 19 165.9217877094972
 135 167.9329608938548
 232 169.9441340782123
 352 171.9553072625699
 5 173.9664804469274
 168 175.9776536312849
 4 177.9888268156425
 0 180


