# Created by Octave 3.8.2, Mon Jun 22 02:38:48 2020 CEST <damian@fptrucha.inv.usc.es>
# name: hd
# type: matrix
# rows: 180
# columns: 2
 7 -180
 145 -177.9888268156425
 4 -175.9776536312849
 353 -173.9664804469274
 223 -171.9553072625698
 133 -169.9441340782123
 40 -167.9329608938548
 42 -165.9217877094972
 64 -163.9106145251397
 140 -161.8994413407821
 51 -159.8882681564246
 461 -157.877094972067
 66 -155.8659217877095
 97 -153.854748603352
 38 -151.8435754189944
 67 -149.8324022346369
 208 -147.8212290502793
 524 -145.8100558659218
 113 -143.7988826815642
 80 -141.7877094972067
 169 -139.7765363128491
 104 -137.7653631284916
 4 -135.7541899441341
 149 -133.7430167597765
 131 -131.731843575419
 61 -129.7206703910614
 145 -127.7094972067039
 217 -125.6983240223464
 85 -123.6871508379888
 174 -121.6759776536313
 160 -119.6648044692737
 4 -117.6536312849162
 122 -115.6424581005587
 120 -113.6312849162011
 111 -111.6201117318436
 24 -109.608938547486
 36 -107.5977653631285
 19 -105.5865921787709
 11 -103.5754189944134
 3 -101.5642458100559
 2 -99.55307262569832
 2 -97.54189944134077
 2 -95.53072625698323
 16 -93.5195530726257
 7320 -91.50837988826815
 13 -89.49720670391061
 10 -87.48603351955308
 1 -85.47486033519553
 2 -83.46368715083798
 4 -81.45251396648044
 15 -79.44134078212289
 9 -77.43016759776536
 53 -75.41899441340782
 41 -73.40782122905027
 36 -71.39664804469274
 100 -69.38547486033519
 81 -67.37430167597765
 73 -65.3631284916201
 52 -63.35195530726256
 259 -61.34078212290503
 121 -59.32960893854748
 189 -57.31843575418993
 80 -55.3072625698324
 71 -53.29608938547486
 204 -51.28491620111731
 63 -49.27374301675977
 114 -47.26256983240222
 2 -45.25139664804468
 292 -43.24022346368713
 3 -41.22905027932961
 163 -39.21787709497207
 274 -37.20670391061452
 402 -35.19553072625698
 122 -33.18435754189943
 67 -31.17318435754188
 161 -29.16201117318434
 10 -27.15083798882682
 72 -25.13966480446928
 534 -23.12849162011173
 151 -21.11731843575419
 48 -19.10614525139664
 12 -17.09497206703909
 49 -15.08379888268155
 145 -13.072625698324
 10 -11.06145251396646
 547 -9.050279329608941
 4 -7.039106145251395
 131 -5.02793296089385
 19 -3.016759776536304
 5 -1.005586592178759
 15 1.005586592178787
 126 3.016759776536333
 5 5.02793296089385
 530 7.039106145251395
 11 9.050279329608941
 123 11.06145251396649
 36 13.07262569832403
 20 15.08379888268158
 47 17.09497206703912
 129 19.10614525139667
 537 21.11731843575421
 54 23.12849162011173
 90 25.13966480446928
 108 27.15083798882682
 65 29.16201117318437
 201 31.17318435754191
 276 33.18435754189946
 251 35.195530726257
 132 37.20670391061452
 34 39.21787709497207
 281 41.22905027932961
 1 43.24022346368716
 126 45.2513966480447
 57 47.26256983240225
 208 49.27374301675979
 65 51.28491620111734
 157 53.29608938547489
 63 55.3072625698324
 135 57.31843575418995
 261 59.32960893854749
 62 61.34078212290504
 107 63.35195530726259
 62 65.36312849162013
 111 67.37430167597768
 51 69.38547486033519
 38 71.39664804469274
 55 73.40782122905028
 9 75.41899441340783
 12 77.43016759776538
 2 79.44134078212289
 1 81.45251396648047
 1 83.46368715083798
 6 85.47486033519556
 12 87.48603351955308
 7091 89.49720670391065
 16 91.50837988826817
 4 93.51955307262574
 1 95.53072625698326
 0 97.54189944134077
 2 99.55307262569835
 20 101.5642458100559
 26 103.5754189944134
 40 105.586592178771
 22 107.5977653631285
 109 109.608938547486
 117 111.6201117318436
 113 113.6312849162011
 1 115.6424581005587
 212 117.6536312849162
 175 119.6648044692737
 101 121.6759776536313
 161 123.6871508379888
 167 125.6983240223464
 83 127.7094972067039
 145 129.7206703910614
 170 131.731843575419
 3 133.7430167597765
 97 135.7541899441341
 161 137.7653631284916
 110 139.7765363128492
 124 141.7877094972067
 460 143.7988826815642
 124 145.8100558659218
 186 147.8212290502793
 40 149.8324022346369
 126 151.8435754189944
 70 153.854748603352
 448 155.8659217877095
 35 157.8770949720671
 130 159.8882681564246
 64 161.8994413407821
 55 163.9106145251397
 25 165.9217877094972
 129 167.9329608938548
 190 169.9441340782123
 328 171.9553072625699
 12 173.9664804469274
 153 175.9776536312849
 4 177.9888268156425
 0 180


