# Created by Octave 3.8.2, Sat Jun 20 12:23:17 2020 CEST <damian@fptrucha.inv.usc.es>
# name: hd
# type: matrix
# rows: 180
# columns: 2
 2 -180
 189 -177.9888268156425
 2 -175.9776536312849
 365 -173.9664804469274
 253 -171.9553072625698
 165 -169.9441340782123
 36 -167.9329608938548
 59 -165.9217877094972
 60 -163.9106145251397
 174 -161.8994413407821
 41 -159.8882681564246
 667 -157.877094972067
 71 -155.8659217877095
 135 -153.854748603352
 58 -151.8435754189944
 81 -149.8324022346369
 216 -147.8212290502793
 651 -145.8100558659218
 134 -143.7988826815642
 92 -141.7877094972067
 198 -139.7765363128491
 115 -137.7653631284916
 2 -135.7541899441341
 167 -133.7430167597765
 157 -131.731843575419
 90 -129.7206703910614
 188 -127.7094972067039
 240 -125.6983240223464
 117 -123.6871508379888
 198 -121.6759776536313
 207 -119.6648044692737
 4 -117.6536312849162
 90 -115.6424581005587
 121 -113.6312849162011
 125 -111.6201117318436
 20 -109.608938547486
 42 -107.5977653631285
 23 -105.5865921787709
 18 -103.5754189944134
 5 -101.5642458100559
 1 -99.55307262569832
 0 -97.54189944134077
 2 -95.53072625698323
 6 -93.5195530726257
 8796 -91.50837988826815
 11 -89.49720670391061
 4 -87.48603351955308
 1 -85.47486033519553
 0 -83.46368715083798
 1 -81.45251396648044
 7 -79.44134078212289
 4 -77.43016759776536
 54 -75.41899441340782
 24 -73.40782122905027
 50 -71.39664804469274
 119 -69.38547486033519
 79 -67.37430167597765
 86 -65.3631284916201
 52 -63.35195530726256
 309 -61.34078212290503
 172 -59.32960893854748
 248 -57.31843575418993
 94 -55.3072625698324
 82 -53.29608938547486
 230 -51.28491620111731
 65 -49.27374301675977
 103 -47.26256983240222
 3 -45.25139664804468
 316 -43.24022346368713
 3 -41.22905027932961
 189 -39.21787709497207
 343 -37.20670391061452
 496 -35.19553072625698
 105 -33.18435754189943
 62 -31.17318435754188
 166 -29.16201117318434
 10 -27.15083798882682
 58 -25.13966480446928
 664 -23.12849162011173
 179 -21.11731843575419
 59 -19.10614525139664
 11 -17.09497206703909
 35 -15.08379888268155
 200 -13.072625698324
 13 -11.06145251396646
 648 -9.050279329608941
 2 -7.039106145251395
 122 -5.02793296089385
 24 -3.016759776536304
 1 -1.005586592178759
 29 1.005586592178787
 144 3.016759776536333
 4 5.02793296089385
 552 7.039106145251395
 8 9.050279329608941
 129 11.06145251396649
 47 13.07262569832403
 6 15.08379888268158
 89 17.09497206703912
 130 19.10614525139667
 547 21.11731843575421
 63 23.12849162011173
 120 25.13966480446928
 117 27.15083798882682
 60 29.16201117318437
 273 31.17318435754191
 367 33.18435754189946
 283 35.195530726257
 202 37.20670391061452
 39 39.21787709497207
 303 41.22905027932961
 2 43.24022346368716
 129 45.2513966480447
 63 47.26256983240225
 251 49.27374301675979
 90 51.28491620111734
 223 53.29608938547489
 94 55.3072625698324
 145 57.31843575418995
 278 59.32960893854749
 61 61.34078212290504
 149 63.35195530726259
 93 65.36312849162013
 128 67.37430167597768
 57 69.38547486033519
 37 71.39664804469274
 56 73.40782122905028
 7 75.41899441340783
 18 77.43016759776538
 1 79.44134078212289
 0 81.45251396648047
 2 83.46368715083798
 3 85.47486033519556
 9 87.48603351955308
 8359 89.49720670391065
 2 91.50837988826817
 1 93.51955307262574
 1 95.53072625698326
 0 97.54189944134077
 3 99.55307262569835
 19 101.5642458100559
 38 103.5754189944134
 50 105.586592178771
 27 107.5977653631285
 118 109.608938547486
 123 111.6201117318436
 155 113.6312849162011
 5 115.6424581005587
 222 117.6536312849162
 178 119.6648044692737
 97 121.6759776536313
 197 123.6871508379888
 202 125.6983240223464
 80 127.7094972067039
 171 129.7206703910614
 225 131.731843575419
 4 133.7430167597765
 132 135.7541899441341
 183 137.7653631284916
 113 139.7765363128492
 154 141.7877094972067
 499 143.7988826815642
 152 145.8100558659218
 239 147.8212290502793
 52 149.8324022346369
 181 151.8435754189944
 75 153.854748603352
 509 155.8659217877095
 61 157.8770949720671
 131 159.8882681564246
 77 161.8994413407821
 67 163.9106145251397
 10 165.9217877094972
 121 167.9329608938548
 231 169.9441340782123
 356 171.9553072625699
 2 173.9664804469274
 152 175.9776536312849
 3 177.9888268156425
 0 180


