# Created by Octave 3.8.2, Sat Jun 20 02:49:46 2020 CEST <damian@fptrucha.inv.usc.es>
# name: hd
# type: matrix
# rows: 180
# columns: 2
 3 -180
 169 -177.9888268156425
 5 -175.9776536312849
 400 -173.9664804469274
 252 -171.9553072625698
 182 -169.9441340782123
 29 -167.9329608938548
 38 -165.9217877094972
 78 -163.9106145251397
 167 -161.8994413407821
 46 -159.8882681564246
 700 -157.877094972067
 71 -155.8659217877095
 121 -153.854748603352
 57 -151.8435754189944
 72 -149.8324022346369
 227 -147.8212290502793
 699 -145.8100558659218
 167 -143.7988826815642
 96 -141.7877094972067
 202 -139.7765363128491
 106 -137.7653631284916
 2 -135.7541899441341
 192 -133.7430167597765
 186 -131.731843575419
 81 -129.7206703910614
 195 -127.7094972067039
 270 -125.6983240223464
 126 -123.6871508379888
 204 -121.6759776536313
 206 -119.6648044692737
 2 -117.6536312849162
 122 -115.6424581005587
 143 -113.6312849162011
 145 -111.6201117318436
 21 -109.608938547486
 39 -107.5977653631285
 27 -105.5865921787709
 14 -103.5754189944134
 0 -101.5642458100559
 2 -99.55307262569832
 0 -97.54189944134077
 4 -95.53072625698323
 11 -93.5195530726257
 9217 -91.50837988826815
 13 -89.49720670391061
 2 -87.48603351955308
 2 -85.47486033519553
 0 -83.46368715083798
 2 -81.45251396648044
 6 -79.44134078212289
 7 -77.43016759776536
 58 -75.41899441340782
 23 -73.40782122905027
 50 -71.39664804469274
 146 -69.38547486033519
 73 -67.37430167597765
 97 -65.3631284916201
 60 -63.35195530726256
 330 -61.34078212290503
 161 -59.32960893854748
 268 -57.31843575418993
 95 -55.3072625698324
 82 -53.29608938547486
 251 -51.28491620111731
 51 -49.27374301675977
 106 -47.26256983240222
 1 -45.25139664804468
 311 -43.24022346368713
 2 -41.22905027932961
 177 -39.21787709497207
 338 -37.20670391061452
 507 -35.19553072625698
 127 -33.18435754189943
 49 -31.17318435754188
 167 -29.16201117318434
 17 -27.15083798882682
 48 -25.13966480446928
 679 -23.12849162011173
 133 -21.11731843575419
 58 -19.10614525139664
 12 -17.09497206703909
 49 -15.08379888268155
 171 -13.072625698324
 5 -11.06145251396646
 613 -9.050279329608941
 3 -7.039106145251395
 137 -5.02793296089385
 22 -3.016759776536304
 4 -1.005586592178759
 8 1.005586592178787
 108 3.016759776536333
 4 5.02793296089385
 582 7.039106145251395
 8 9.050279329608941
 129 11.06145251396649
 34 13.07262569832403
 10 15.08379888268158
 50 17.09497206703912
 130 19.10614525139667
 576 21.11731843575421
 64 23.12849162011173
 97 25.13966480446928
 95 27.15083798882682
 58 29.16201117318437
 225 31.17318435754191
 364 33.18435754189946
 235 35.195530726257
 168 37.20670391061452
 34 39.21787709497207
 253 41.22905027932961
 3 43.24022346368716
 107 45.2513966480447
 43 47.26256983240225
 233 49.27374301675979
 89 51.28491620111734
 212 53.29608938547489
 80 55.3072625698324
 121 57.31843575418995
 217 59.32960893854749
 60 61.34078212290504
 97 63.35195530726259
 65 65.36312849162013
 92 67.37430167597768
 39 69.38547486033519
 21 71.39664804469274
 35 73.40782122905028
 8 75.41899441340783
 10 77.43016759776538
 3 79.44134078212289
 1 81.45251396648047
 0 83.46368715083798
 3 85.47486033519556
 3 87.48603351955308
 8073 89.49720670391065
 5 91.50837988826817
 2 93.51955307262574
 2 95.53072625698326
 1 97.54189944134077
 6 99.55307262569835
 4 101.5642458100559
 19 103.5754189944134
 28 105.586592178771
 17 107.5977653631285
 101 109.608938547486
 114 111.6201117318436
 103 113.6312849162011
 2 115.6424581005587
 228 117.6536312849162
 170 119.6648044692737
 80 121.6759776536313
 169 123.6871508379888
 176 125.6983240223464
 69 127.7094972067039
 151 129.7206703910614
 168 131.731843575419
 1 133.7430167597765
 116 135.7541899441341
 158 137.7653631284916
 101 139.7765363128492
 176 141.7877094972067
 544 143.7988826815642
 120 145.8100558659218
 202 147.8212290502793
 48 149.8324022346369
 158 151.8435754189944
 64 153.854748603352
 532 155.8659217877095
 61 157.8770949720671
 153 159.8882681564246
 80 161.8994413407821
 53 163.9106145251397
 16 165.9217877094972
 132 167.9329608938548
 219 169.9441340782123
 393 171.9553072625699
 3 173.9664804469274
 180 175.9776536312849
 2 177.9888268156425
 0 180


