# Created by Octave 3.8.2, Sat Jun 20 02:40:38 2020 CEST <damian@fptrucha.inv.usc.es>
# name: hd
# type: matrix
# rows: 180
# columns: 2
 8 -180
 157 -177.9888268156425
 5 -175.9776536312849
 405 -173.9664804469274
 259 -171.9553072625698
 155 -169.9441340782123
 31 -167.9329608938548
 44 -165.9217877094972
 68 -163.9106145251397
 177 -161.8994413407821
 49 -159.8882681564246
 715 -157.877094972067
 82 -155.8659217877095
 167 -153.854748603352
 36 -151.8435754189944
 83 -149.8324022346369
 231 -147.8212290502793
 702 -145.8100558659218
 134 -143.7988826815642
 109 -141.7877094972067
 220 -139.7765363128491
 122 -137.7653631284916
 4 -135.7541899441341
 180 -133.7430167597765
 217 -131.731843575419
 101 -129.7206703910614
 218 -127.7094972067039
 263 -125.6983240223464
 129 -123.6871508379888
 229 -121.6759776536313
 250 -119.6648044692737
 3 -117.6536312849162
 147 -115.6424581005587
 149 -113.6312849162011
 144 -111.6201117318436
 29 -109.608938547486
 41 -107.5977653631285
 27 -105.5865921787709
 9 -103.5754189944134
 4 -101.5642458100559
 0 -99.55307262569832
 4 -97.54189944134077
 4 -95.53072625698323
 7 -93.5195530726257
 9212 -91.50837988826815
 5 -89.49720670391061
 4 -87.48603351955308
 1 -85.47486033519553
 0 -83.46368715083798
 1 -81.45251396648044
 6 -79.44134078212289
 3 -77.43016759776536
 48 -75.41899441340782
 27 -73.40782122905027
 65 -71.39664804469274
 119 -69.38547486033519
 87 -67.37430167597765
 107 -65.3631284916201
 54 -63.35195530726256
 302 -61.34078212290503
 179 -59.32960893854748
 246 -57.31843575418993
 122 -55.3072625698324
 110 -53.29608938547486
 262 -51.28491620111731
 67 -49.27374301675977
 108 -47.26256983240222
 2 -45.25139664804468
 287 -43.24022346368713
 2 -41.22905027932961
 181 -39.21787709497207
 345 -37.20670391061452
 456 -35.19553072625698
 114 -33.18435754189943
 53 -31.17318435754188
 167 -29.16201117318434
 10 -27.15083798882682
 48 -25.13966480446928
 687 -23.12849162011173
 127 -21.11731843575419
 45 -19.10614525139664
 16 -17.09497206703909
 41 -15.08379888268155
 174 -13.072625698324
 4 -11.06145251396646
 556 -9.050279329608941
 3 -7.039106145251395
 121 -5.02793296089385
 13 -3.016759776536304
 3 -1.005586592178759
 13 1.005586592178787
 146 3.016759776536333
 3 5.02793296089385
 583 7.039106145251395
 6 9.050279329608941
 143 11.06145251396649
 41 13.07262569832403
 9 15.08379888268158
 50 17.09497206703912
 103 19.10614525139667
 544 21.11731843575421
 53 23.12849162011173
 104 25.13966480446928
 90 27.15083798882682
 56 29.16201117318437
 219 31.17318435754191
 369 33.18435754189946
 242 35.195530726257
 171 37.20670391061452
 35 39.21787709497207
 309 41.22905027932961
 2 43.24022346368716
 105 45.2513966480447
 51 47.26256983240225
 245 49.27374301675979
 100 51.28491620111734
 215 53.29608938547489
 91 55.3072625698324
 128 57.31843575418995
 254 59.32960893854749
 58 61.34078212290504
 128 63.35195530726259
 67 65.36312849162013
 117 67.37430167597768
 42 69.38547486033519
 26 71.39664804469274
 30 73.40782122905028
 10 75.41899441340783
 12 77.43016759776538
 1 79.44134078212289
 1 81.45251396648047
 2 83.46368715083798
 6 85.47486033519556
 6 87.48603351955308
 8087 89.49720670391065
 7 91.50837988826817
 4 93.51955307262574
 3 95.53072625698326
 1 97.54189944134077
 1 99.55307262569835
 11 101.5642458100559
 22 103.5754189944134
 35 105.586592178771
 15 107.5977653631285
 111 109.608938547486
 121 111.6201117318436
 114 113.6312849162011
 7 115.6424581005587
 209 117.6536312849162
 162 119.6648044692737
 95 121.6759776536313
 197 123.6871508379888
 175 125.6983240223464
 59 127.7094972067039
 153 129.7206703910614
 183 131.731843575419
 2 133.7430167597765
 109 135.7541899441341
 173 137.7653631284916
 96 139.7765363128492
 170 141.7877094972067
 507 143.7988826815642
 124 145.8100558659218
 206 147.8212290502793
 47 149.8324022346369
 160 151.8435754189944
 65 153.854748603352
 531 155.8659217877095
 44 157.8770949720671
 152 159.8882681564246
 62 161.8994413407821
 57 163.9106145251397
 23 165.9217877094972
 136 167.9329608938548
 235 169.9441340782123
 352 171.9553072625699
 4 173.9664804469274
 173 175.9776536312849
 3 177.9888268156425
 0 180


