# Created by Octave 3.8.2, Mon Jun 22 16:34:31 2020 CEST <damian@fptrucha.inv.usc.es>
# name: hd
# type: matrix
# rows: 180
# columns: 2
 12 -180
 172 -177.9888268156425
 0 -175.9776536312849
 382 -173.9664804469274
 237 -171.9553072625698
 134 -169.9441340782123
 31 -167.9329608938548
 45 -165.9217877094972
 63 -163.9106145251397
 167 -161.8994413407821
 43 -159.8882681564246
 588 -157.877094972067
 67 -155.8659217877095
 126 -153.854748603352
 36 -151.8435754189944
 86 -149.8324022346369
 234 -147.8212290502793
 614 -145.8100558659218
 136 -143.7988826815642
 106 -141.7877094972067
 181 -139.7765363128491
 102 -137.7653631284916
 2 -135.7541899441341
 167 -133.7430167597765
 156 -131.731843575419
 79 -129.7206703910614
 187 -127.7094972067039
 230 -125.6983240223464
 114 -123.6871508379888
 164 -121.6759776536313
 177 -119.6648044692737
 6 -117.6536312849162
 101 -115.6424581005587
 115 -113.6312849162011
 130 -111.6201117318436
 23 -109.608938547486
 43 -107.5977653631285
 30 -105.5865921787709
 12 -103.5754189944134
 4 -101.5642458100559
 0 -99.55307262569832
 1 -97.54189944134077
 3 -95.53072625698323
 10 -93.5195530726257
 8142 -91.50837988826815
 15 -89.49720670391061
 7 -87.48603351955308
 0 -85.47486033519553
 0 -83.46368715083798
 3 -81.45251396648044
 9 -79.44134078212289
 9 -77.43016759776536
 53 -75.41899441340782
 26 -73.40782122905027
 63 -71.39664804469274
 119 -69.38547486033519
 81 -67.37430167597765
 125 -65.3631284916201
 71 -63.35195530726256
 280 -61.34078212290503
 150 -59.32960893854748
 204 -57.31843575418993
 88 -55.3072625698324
 86 -53.29608938547486
 228 -51.28491620111731
 70 -49.27374301675977
 111 -47.26256983240222
 3 -45.25139664804468
 275 -43.24022346368713
 3 -41.22905027932961
 165 -39.21787709497207
 302 -37.20670391061452
 434 -35.19553072625698
 129 -33.18435754189943
 65 -31.17318435754188
 162 -29.16201117318434
 13 -27.15083798882682
 67 -25.13966480446928
 587 -23.12849162011173
 116 -21.11731843575419
 68 -19.10614525139664
 10 -17.09497206703909
 41 -15.08379888268155
 170 -13.072625698324
 11 -11.06145251396646
 579 -9.050279329608941
 1 -7.039106145251395
 139 -5.02793296089385
 16 -3.016759776536304
 3 -1.005586592178759
 26 1.005586592178787
 129 3.016759776536333
 2 5.02793296089385
 531 7.039106145251395
 10 9.050279329608941
 153 11.06145251396649
 53 13.07262569832403
 13 15.08379888268158
 70 17.09497206703912
 119 19.10614525139667
 515 21.11731843575421
 79 23.12849162011173
 91 25.13966480446928
 94 27.15083798882682
 62 29.16201117318437
 208 31.17318435754191
 330 33.18435754189946
 249 35.195530726257
 162 37.20670391061452
 50 39.21787709497207
 307 41.22905027932961
 1 43.24022346368716
 125 45.2513966480447
 72 47.26256983240225
 246 49.27374301675979
 104 51.28491620111734
 210 53.29608938547489
 74 55.3072625698324
 162 57.31843575418995
 268 59.32960893854749
 55 61.34078212290504
 142 63.35195530726259
 76 65.36312849162013
 126 67.37430167597768
 47 69.38547486033519
 24 71.39664804469274
 58 73.40782122905028
 8 75.41899441340783
 6 77.43016759776538
 3 79.44134078212289
 1 81.45251396648047
 0 83.46368715083798
 3 85.47486033519556
 17 87.48603351955308
 7598 89.49720670391065
 12 91.50837988826817
 2 93.51955307262574
 1 95.53072625698326
 0 97.54189944134077
 4 99.55307262569835
 15 101.5642458100559
 31 103.5754189944134
 49 105.586592178771
 25 107.5977653631285
 105 109.608938547486
 116 111.6201117318436
 129 113.6312849162011
 5 115.6424581005587
 228 117.6536312849162
 163 119.6648044692737
 97 121.6759776536313
 203 123.6871508379888
 196 125.6983240223464
 87 127.7094972067039
 162 129.7206703910614
 197 131.731843575419
 4 133.7430167597765
 170 135.7541899441341
 202 137.7653631284916
 102 139.7765363128492
 151 141.7877094972067
 544 143.7988826815642
 119 145.8100558659218
 215 147.8212290502793
 50 149.8324022346369
 147 151.8435754189944
 67 153.854748603352
 470 155.8659217877095
 62 157.8770949720671
 138 159.8882681564246
 97 161.8994413407821
 50 163.9106145251397
 21 165.9217877094972
 124 167.9329608938548
 228 169.9441340782123
 354 171.9553072625699
 3 173.9664804469274
 162 175.9776536312849
 4 177.9888268156425
 0 180


