# Created by Octave 3.8.2, Sat Jun 20 22:18:01 2020 CEST <damian@fptrucha.inv.usc.es>
# name: hd
# type: matrix
# rows: 180
# columns: 2
 3 -180
 140 -177.9888268156425
 5 -175.9776536312849
 396 -173.9664804469274
 223 -171.9553072625698
 154 -169.9441340782123
 33 -167.9329608938548
 28 -165.9217877094972
 56 -163.9106145251397
 163 -161.8994413407821
 34 -159.8882681564246
 586 -157.877094972067
 64 -155.8659217877095
 124 -153.854748603352
 38 -151.8435754189944
 63 -149.8324022346369
 213 -147.8212290502793
 623 -145.8100558659218
 125 -143.7988826815642
 85 -141.7877094972067
 150 -139.7765363128491
 109 -137.7653631284916
 4 -135.7541899441341
 143 -133.7430167597765
 166 -131.731843575419
 77 -129.7206703910614
 166 -127.7094972067039
 210 -125.6983240223464
 87 -123.6871508379888
 186 -121.6759776536313
 160 -119.6648044692737
 1 -117.6536312849162
 96 -115.6424581005587
 104 -113.6312849162011
 112 -111.6201117318436
 11 -109.608938547486
 25 -107.5977653631285
 24 -105.5865921787709
 10 -103.5754189944134
 1 -101.5642458100559
 1 -99.55307262569832
 0 -97.54189944134077
 3 -95.53072625698323
 3 -93.5195530726257
 8053 -91.50837988826815
 5 -89.49720670391061
 2 -87.48603351955308
 2 -85.47486033519553
 1 -83.46368715083798
 2 -81.45251396648044
 7 -79.44134078212289
 3 -77.43016759776536
 40 -75.41899441340782
 18 -73.40782122905027
 42 -71.39664804469274
 112 -69.38547486033519
 74 -67.37430167597765
 110 -65.3631284916201
 41 -63.35195530726256
 261 -61.34078212290503
 169 -59.32960893854748
 199 -57.31843575418993
 92 -55.3072625698324
 78 -53.29608938547486
 257 -51.28491620111731
 48 -49.27374301675977
 114 -47.26256983240222
 4 -45.25139664804468
 244 -43.24022346368713
 1 -41.22905027932961
 155 -39.21787709497207
 297 -37.20670391061452
 415 -35.19553072625698
 100 -33.18435754189943
 56 -31.17318435754188
 130 -29.16201117318434
 11 -27.15083798882682
 59 -25.13966480446928
 647 -23.12849162011173
 161 -21.11731843575419
 49 -19.10614525139664
 15 -17.09497206703909
 41 -15.08379888268155
 181 -13.072625698324
 5 -11.06145251396646
 560 -9.050279329608941
 3 -7.039106145251395
 146 -5.02793296089385
 17 -3.016759776536304
 1 -1.005586592178759
 30 1.005586592178787
 109 3.016759776536333
 2 5.02793296089385
 552 7.039106145251395
 9 9.050279329608941
 120 11.06145251396649
 55 13.07262569832403
 9 15.08379888268158
 53 17.09497206703912
 117 19.10614525139667
 563 21.11731843575421
 58 23.12849162011173
 94 25.13966480446928
 95 27.15083798882682
 52 29.16201117318437
 215 31.17318435754191
 315 33.18435754189946
 231 35.195530726257
 172 37.20670391061452
 30 39.21787709497207
 302 41.22905027932961
 1 43.24022346368716
 112 45.2513966480447
 54 47.26256983240225
 233 49.27374301675979
 76 51.28491620111734
 205 53.29608938547489
 65 55.3072625698324
 129 57.31843575418995
 264 59.32960893854749
 64 61.34078212290504
 103 63.35195530726259
 92 65.36312849162013
 94 67.37430167597768
 50 69.38547486033519
 27 71.39664804469274
 47 73.40782122905028
 6 75.41899441340783
 5 77.43016759776538
 1 79.44134078212289
 1 81.45251396648047
 3 83.46368715083798
 3 85.47486033519556
 10 87.48603351955308
 7654 89.49720670391065
 8 91.50837988826817
 0 93.51955307262574
 1 95.53072625698326
 1 97.54189944134077
 6 99.55307262569835
 17 101.5642458100559
 17 103.5754189944134
 36 105.586592178771
 23 107.5977653631285
 125 109.608938547486
 105 111.6201117318436
 131 113.6312849162011
 3 115.6424581005587
 219 117.6536312849162
 182 119.6648044692737
 88 121.6759776536313
 186 123.6871508379888
 185 125.6983240223464
 83 127.7094972067039
 149 129.7206703910614
 184 131.731843575419
 3 133.7430167597765
 111 135.7541899441341
 178 137.7653631284916
 82 139.7765363128492
 137 141.7877094972067
 442 143.7988826815642
 119 145.8100558659218
 220 147.8212290502793
 45 149.8324022346369
 154 151.8435754189944
 49 153.854748603352
 456 155.8659217877095
 44 157.8770949720671
 120 159.8882681564246
 54 161.8994413407821
 45 163.9106145251397
 14 165.9217877094972
 128 167.9329608938548
 230 169.9441340782123
 334 171.9553072625699
 0 173.9664804469274
 132 175.9776536312849
 4 177.9888268156425
 0 180


