# Created by Octave 3.8.2, Mon Jun 22 12:05:42 2020 CEST <damian@fptrucha.inv.usc.es>
# name: hd
# type: matrix
# rows: 180
# columns: 2
 3 -180
 163 -177.9888268156425
 4 -175.9776536312849
 396 -173.9664804469274
 235 -171.9553072625698
 146 -169.9441340782123
 39 -167.9329608938548
 45 -165.9217877094972
 73 -163.9106145251397
 136 -161.8994413407821
 40 -159.8882681564246
 559 -157.877094972067
 64 -155.8659217877095
 142 -153.854748603352
 46 -151.8435754189944
 45 -149.8324022346369
 244 -147.8212290502793
 580 -145.8100558659218
 131 -143.7988826815642
 89 -141.7877094972067
 185 -139.7765363128491
 132 -137.7653631284916
 6 -135.7541899441341
 170 -133.7430167597765
 142 -131.731843575419
 79 -129.7206703910614
 155 -127.7094972067039
 206 -125.6983240223464
 80 -123.6871508379888
 173 -121.6759776536313
 179 -119.6648044692737
 6 -117.6536312849162
 113 -115.6424581005587
 108 -113.6312849162011
 124 -111.6201117318436
 15 -109.608938547486
 48 -107.5977653631285
 32 -105.5865921787709
 13 -103.5754189944134
 5 -101.5642458100559
 0 -99.55307262569832
 2 -97.54189944134077
 3 -95.53072625698323
 10 -93.5195530726257
 7931 -91.50837988826815
 14 -89.49720670391061
 6 -87.48603351955308
 0 -85.47486033519553
 0 -83.46368715083798
 2 -81.45251396648044
 10 -79.44134078212289
 3 -77.43016759776536
 50 -75.41899441340782
 33 -73.40782122905027
 47 -71.39664804469274
 107 -69.38547486033519
 73 -67.37430167597765
 100 -65.3631284916201
 52 -63.35195530726256
 249 -61.34078212290503
 131 -59.32960893854748
 209 -57.31843575418993
 89 -55.3072625698324
 73 -53.29608938547486
 191 -51.28491620111731
 52 -49.27374301675977
 118 -47.26256983240222
 4 -45.25139664804468
 279 -43.24022346368713
 5 -41.22905027932961
 166 -39.21787709497207
 269 -37.20670391061452
 419 -35.19553072625698
 118 -33.18435754189943
 67 -31.17318435754188
 141 -29.16201117318434
 16 -27.15083798882682
 55 -25.13966480446928
 594 -23.12849162011173
 112 -21.11731843575419
 60 -19.10614525139664
 12 -17.09497206703909
 46 -15.08379888268155
 131 -13.072625698324
 8 -11.06145251396646
 610 -9.050279329608941
 1 -7.039106145251395
 131 -5.02793296089385
 16 -3.016759776536304
 2 -1.005586592178759
 19 1.005586592178787
 119 3.016759776536333
 3 5.02793296089385
 559 7.039106145251395
 6 9.050279329608941
 152 11.06145251396649
 36 13.07262569832403
 14 15.08379888268158
 51 17.09497206703912
 152 19.10614525139667
 565 21.11731843575421
 66 23.12849162011173
 82 25.13966480446928
 69 27.15083798882682
 64 29.16201117318437
 218 31.17318435754191
 332 33.18435754189946
 253 35.195530726257
 157 37.20670391061452
 38 39.21787709497207
 272 41.22905027932961
 1 43.24022346368716
 116 45.2513966480447
 57 47.26256983240225
 211 49.27374301675979
 70 51.28491620111734
 247 53.29608938547489
 94 55.3072625698324
 152 57.31843575418995
 285 59.32960893854749
 59 61.34078212290504
 117 63.35195530726259
 78 65.36312849162013
 109 67.37430167597768
 55 69.38547486033519
 33 71.39664804469274
 42 73.40782122905028
 8 75.41899441340783
 14 77.43016759776538
 3 79.44134078212289
 0 81.45251396648047
 3 83.46368715083798
 3 85.47486033519556
 22 87.48603351955308
 7618 89.49720670391065
 14 91.50837988826817
 3 93.51955307262574
 2 95.53072625698326
 2 97.54189944134077
 4 99.55307262569835
 15 101.5642458100559
 28 103.5754189944134
 51 105.586592178771
 26 107.5977653631285
 120 109.608938547486
 111 111.6201117318436
 139 113.6312849162011
 3 115.6424581005587
 216 117.6536312849162
 175 119.6648044692737
 98 121.6759776536313
 192 123.6871508379888
 166 125.6983240223464
 72 127.7094972067039
 140 129.7206703910614
 207 131.731843575419
 3 133.7430167597765
 126 135.7541899441341
 192 137.7653631284916
 114 139.7765363128492
 141 141.7877094972067
 480 143.7988826815642
 123 145.8100558659218
 186 147.8212290502793
 58 149.8324022346369
 125 151.8435754189944
 72 153.854748603352
 475 155.8659217877095
 40 157.8770949720671
 140 159.8882681564246
 73 161.8994413407821
 49 163.9106145251397
 24 165.9217877094972
 137 167.9329608938548
 211 169.9441340782123
 332 171.9553072625699
 9 173.9664804469274
 153 175.9776536312849
 4 177.9888268156425
 0 180


