# Created by Octave 3.8.2, Sun Jun 21 01:02:49 2020 CEST <damian@fptrucha.inv.usc.es>
# name: hd
# type: matrix
# rows: 180
# columns: 2
 3 -180
 148 -177.9888268156425
 4 -175.9776536312849
 334 -173.9664804469274
 218 -171.9553072625698
 141 -169.9441340782123
 26 -167.9329608938548
 26 -165.9217877094972
 63 -163.9106145251397
 162 -161.8994413407821
 35 -159.8882681564246
 608 -157.877094972067
 49 -155.8659217877095
 124 -153.854748603352
 34 -151.8435754189944
 66 -149.8324022346369
 214 -147.8212290502793
 619 -145.8100558659218
 119 -143.7988826815642
 108 -141.7877094972067
 155 -139.7765363128491
 104 -137.7653631284916
 3 -135.7541899441341
 149 -133.7430167597765
 122 -131.731843575419
 71 -129.7206703910614
 181 -127.7094972067039
 213 -125.6983240223464
 90 -123.6871508379888
 198 -121.6759776536313
 188 -119.6648044692737
 5 -117.6536312849162
 98 -115.6424581005587
 103 -113.6312849162011
 94 -111.6201117318436
 14 -109.608938547486
 31 -107.5977653631285
 17 -105.5865921787709
 5 -103.5754189944134
 0 -101.5642458100559
 0 -99.55307262569832
 1 -97.54189944134077
 1 -95.53072625698323
 4 -93.5195530726257
 7960 -91.50837988826815
 7 -89.49720670391061
 2 -87.48603351955308
 1 -85.47486033519553
 0 -83.46368715083798
 0 -81.45251396648044
 8 -79.44134078212289
 4 -77.43016759776536
 39 -75.41899441340782
 23 -73.40782122905027
 52 -71.39664804469274
 111 -69.38547486033519
 75 -67.37430167597765
 94 -65.3631284916201
 45 -63.35195530726256
 278 -61.34078212290503
 130 -59.32960893854748
 218 -57.31843575418993
 92 -55.3072625698324
 70 -53.29608938547486
 205 -51.28491620111731
 49 -49.27374301675977
 98 -47.26256983240222
 1 -45.25139664804468
 265 -43.24022346368713
 2 -41.22905027932961
 129 -39.21787709497207
 308 -37.20670391061452
 442 -35.19553072625698
 104 -33.18435754189943
 52 -31.17318435754188
 131 -29.16201117318434
 5 -27.15083798882682
 56 -25.13966480446928
 641 -23.12849162011173
 144 -21.11731843575419
 43 -19.10614525139664
 7 -17.09497206703909
 31 -15.08379888268155
 164 -13.072625698324
 8 -11.06145251396646
 587 -9.050279329608941
 0 -7.039106145251395
 109 -5.02793296089385
 18 -3.016759776536304
 0 -1.005586592178759
 22 1.005586592178787
 130 3.016759776536333
 0 5.02793296089385
 555 7.039106145251395
 7 9.050279329608941
 125 11.06145251396649
 45 13.07262569832403
 14 15.08379888268158
 59 17.09497206703912
 103 19.10614525139667
 518 21.11731843575421
 51 23.12849162011173
 97 25.13966480446928
 103 27.15083798882682
 69 29.16201117318437
 227 31.17318435754191
 302 33.18435754189946
 206 35.195530726257
 162 37.20670391061452
 28 39.21787709497207
 288 41.22905027932961
 1 43.24022346368716
 114 45.2513966480447
 54 47.26256983240225
 211 49.27374301675979
 86 51.28491620111734
 203 53.29608938547489
 93 55.3072625698324
 120 57.31843575418995
 244 59.32960893854749
 49 61.34078212290504
 128 63.35195530726259
 61 65.36312849162013
 101 67.37430167597768
 58 69.38547486033519
 29 71.39664804469274
 44 73.40782122905028
 6 75.41899441340783
 5 77.43016759776538
 1 79.44134078212289
 0 81.45251396648047
 1 83.46368715083798
 3 85.47486033519556
 15 87.48603351955308
 7482 89.49720670391065
 6 91.50837988826817
 2 93.51955307262574
 1 95.53072625698326
 1 97.54189944134077
 5 99.55307262569835
 13 101.5642458100559
 24 103.5754189944134
 29 105.586592178771
 10 107.5977653631285
 88 109.608938547486
 108 111.6201117318436
 120 113.6312849162011
 2 115.6424581005587
 189 117.6536312849162
 165 119.6648044692737
 79 121.6759776536313
 171 123.6871508379888
 162 125.6983240223464
 78 127.7094972067039
 145 129.7206703910614
 180 131.731843575419
 1 133.7430167597765
 108 135.7541899441341
 172 137.7653631284916
 81 139.7765363128492
 133 141.7877094972067
 421 143.7988826815642
 112 145.8100558659218
 220 147.8212290502793
 33 149.8324022346369
 164 151.8435754189944
 57 153.854748603352
 442 155.8659217877095
 51 157.8770949720671
 128 159.8882681564246
 66 161.8994413407821
 52 163.9106145251397
 11 165.9217877094972
 131 167.9329608938548
 231 169.9441340782123
 310 171.9553072625699
 4 173.9664804469274
 153 175.9776536312849
 3 177.9888268156425
 0 180


