# Created by Octave 3.8.2, Sat Jun 20 09:01:48 2020 CEST <damian@fptrucha.inv.usc.es>
# name: hd
# type: matrix
# rows: 180
# columns: 2
 4 -180
 168 -177.9888268156425
 5 -175.9776536312849
 393 -173.9664804469274
 274 -171.9553072625698
 204 -169.9441340782123
 40 -167.9329608938548
 44 -165.9217877094972
 58 -163.9106145251397
 195 -161.8994413407821
 63 -159.8882681564246
 727 -157.877094972067
 76 -155.8659217877095
 162 -153.854748603352
 47 -151.8435754189944
 88 -149.8324022346369
 251 -147.8212290502793
 730 -145.8100558659218
 141 -143.7988826815642
 84 -141.7877094972067
 190 -139.7765363128491
 130 -137.7653631284916
 5 -135.7541899441341
 172 -133.7430167597765
 196 -131.731843575419
 93 -129.7206703910614
 205 -127.7094972067039
 252 -125.6983240223464
 125 -123.6871508379888
 217 -121.6759776536313
 231 -119.6648044692737
 0 -117.6536312849162
 115 -115.6424581005587
 153 -113.6312849162011
 129 -111.6201117318436
 11 -109.608938547486
 31 -107.5977653631285
 29 -105.5865921787709
 8 -103.5754189944134
 2 -101.5642458100559
 1 -99.55307262569832
 1 -97.54189944134077
 2 -95.53072625698323
 12 -93.5195530726257
 9181 -91.50837988826815
 11 -89.49720670391061
 3 -87.48603351955308
 2 -85.47486033519553
 0 -83.46368715083798
 1 -81.45251396648044
 12 -79.44134078212289
 7 -77.43016759776536
 54 -75.41899441340782
 34 -73.40782122905027
 57 -71.39664804469274
 129 -69.38547486033519
 90 -67.37430167597765
 143 -65.3631284916201
 67 -63.35195530726256
 335 -61.34078212290503
 169 -59.32960893854748
 245 -57.31843575418993
 116 -55.3072625698324
 97 -53.29608938547486
 265 -51.28491620111731
 56 -49.27374301675977
 122 -47.26256983240222
 5 -45.25139664804468
 317 -43.24022346368713
 3 -41.22905027932961
 178 -39.21787709497207
 342 -37.20670391061452
 501 -35.19553072625698
 107 -33.18435754189943
 78 -31.17318435754188
 170 -29.16201117318434
 15 -27.15083798882682
 64 -25.13966480446928
 686 -23.12849162011173
 150 -21.11731843575419
 66 -19.10614525139664
 12 -17.09497206703909
 57 -15.08379888268155
 181 -13.072625698324
 5 -11.06145251396646
 687 -9.050279329608941
 3 -7.039106145251395
 153 -5.02793296089385
 21 -3.016759776536304
 2 -1.005586592178759
 29 1.005586592178787
 135 3.016759776536333
 1 5.02793296089385
 610 7.039106145251395
 9 9.050279329608941
 140 11.06145251396649
 60 13.07262569832403
 8 15.08379888268158
 78 17.09497206703912
 137 19.10614525139667
 564 21.11731843575421
 74 23.12849162011173
 128 25.13966480446928
 110 27.15083798882682
 66 29.16201117318437
 285 31.17318435754191
 311 33.18435754189946
 286 35.195530726257
 200 37.20670391061452
 42 39.21787709497207
 336 41.22905027932961
 0 43.24022346368716
 114 45.2513966480447
 57 47.26256983240225
 293 49.27374301675979
 84 51.28491620111734
 236 53.29608938547489
 84 55.3072625698324
 158 57.31843575418995
 290 59.32960893854749
 73 61.34078212290504
 130 63.35195530726259
 93 65.36312849162013
 124 67.37430167597768
 55 69.38547486033519
 40 71.39664804469274
 59 73.40782122905028
 9 75.41899441340783
 8 77.43016759776538
 3 79.44134078212289
 0 81.45251396648047
 1 83.46368715083798
 5 85.47486033519556
 11 87.48603351955308
 8786 89.49720670391065
 5 91.50837988826817
 5 93.51955307262574
 1 95.53072625698326
 2 97.54189944134077
 3 99.55307262569835
 18 101.5642458100559
 19 103.5754189944134
 41 105.586592178771
 24 107.5977653631285
 112 109.608938547486
 154 111.6201117318436
 145 113.6312849162011
 0 115.6424581005587
 221 117.6536312849162
 185 119.6648044692737
 93 121.6759776536313
 217 123.6871508379888
 187 125.6983240223464
 91 127.7094972067039
 177 129.7206703910614
 217 131.731843575419
 3 133.7430167597765
 132 135.7541899441341
 182 137.7653631284916
 93 139.7765363128492
 149 141.7877094972067
 526 143.7988826815642
 161 145.8100558659218
 229 147.8212290502793
 53 149.8324022346369
 195 151.8435754189944
 78 153.854748603352
 547 155.8659217877095
 67 157.8770949720671
 150 159.8882681564246
 77 161.8994413407821
 50 163.9106145251397
 23 165.9217877094972
 169 167.9329608938548
 241 169.9441340782123
 410 171.9553072625699
 1 173.9664804469274
 194 175.9776536312849
 3 177.9888268156425
 0 180


