# Created by Octave 3.8.2, Mon Jun 22 02:27:51 2020 CEST <damian@fptrucha.inv.usc.es>
# name: hd
# type: matrix
# rows: 180
# columns: 2
 0 -180
 9 -177.9888268156425
 0 -175.9776536312849
 15 -173.9664804469274
 5 -171.9553072625698
 0 -169.9441340782123
 0 -167.9329608938548
 1 -165.9217877094972
 2 -163.9106145251397
 1 -161.8994413407821
 0 -159.8882681564246
 1 -157.877094972067
 1 -155.8659217877095
 0 -153.854748603352
 0 -151.8435754189944
 0 -149.8324022346369
 3 -147.8212290502793
 2 -145.8100558659218
 0 -143.7988826815642
 1 -141.7877094972067
 1 -139.7765363128491
 0 -137.7653631284916
 0 -135.7541899441341
 1 -133.7430167597765
 6 -131.731843575419
 1 -129.7206703910614
 7 -127.7094972067039
 0 -125.6983240223464
 4 -123.6871508379888
 2 -121.6759776536313
 0 -119.6648044692737
 0 -117.6536312849162
 2 -115.6424581005587
 7 -113.6312849162011
 1 -111.6201117318436
 0 -109.608938547486
 2 -107.5977653631285
 0 -105.5865921787709
 4 -103.5754189944134
 0 -101.5642458100559
 0 -99.55307262569832
 1 -97.54189944134077
 2 -95.53072625698323
 2 -93.5195530726257
 73 -91.50837988826815
 3 -89.49720670391061
 1 -87.48603351955308
 0 -85.47486033519553
 0 -83.46368715083798
 1 -81.45251396648044
 3 -79.44134078212289
 2 -77.43016759776536
 1 -75.41899441340782
 0 -73.40782122905027
 1 -71.39664804469274
 4 -69.38547486033519
 6 -67.37430167597765
 1 -65.3631284916201
 2 -63.35195530726256
 2 -61.34078212290503
 4 -59.32960893854748
 2 -57.31843575418993
 3 -55.3072625698324
 1 -53.29608938547486
 6 -51.28491620111731
 1 -49.27374301675977
 0 -47.26256983240222
 1 -45.25139664804468
 1 -43.24022346368713
 0 -41.22905027932961
 0 -39.21787709497207
 0 -37.20670391061452
 3 -35.19553072625698
 1 -33.18435754189943
 5 -31.17318435754188
 0 -29.16201117318434
 0 -27.15083798882682
 3 -25.13966480446928
 1 -23.12849162011173
 2 -21.11731843575419
 0 -19.10614525139664
 0 -17.09497206703909
 1 -15.08379888268155
 2 -13.072625698324
 0 -11.06145251396646
 17 -9.050279329608941
 3 -7.039106145251395
 13 -5.02793296089385
 3 -3.016759776536304
 0 -1.005586592178759
 0 1.005586592178787
 0 3.016759776536333
 0 5.02793296089385
 0 7.039106145251395
 1 9.050279329608941
 0 11.06145251396649
 4 13.07262569832403
 1 15.08379888268158
 0 17.09497206703912
 1 19.10614525139667
 1 21.11731843575421
 6 23.12849162011173
 1 25.13966480446928
 2 27.15083798882682
 1 29.16201117318437
 1 31.17318435754191
 1 33.18435754189946
 1 35.195530726257
 2 37.20670391061452
 2 39.21787709497207
 11 41.22905027932961
 1 43.24022346368716
 3 45.2513966480447
 2 47.26256983240225
 0 49.27374301675979
 1 51.28491620111734
 0 53.29608938547489
 1 55.3072625698324
 0 57.31843575418995
 1 59.32960893854749
 0 61.34078212290504
 4 63.35195530726259
 1 65.36312849162013
 0 67.37430167597768
 0 69.38547486033519
 3 71.39664804469274
 0 73.40782122905028
 0 75.41899441340783
 1 77.43016759776538
 0 79.44134078212289
 0 81.45251396648047
 1 83.46368715083798
 2 85.47486033519556
 3 87.48603351955308
 31 89.49720670391065
 2 91.50837988826817
 0 93.51955307262574
 0 95.53072625698326
 0 97.54189944134077
 0 99.55307262569835
 0 101.5642458100559
 0 103.5754189944134
 3 105.586592178771
 2 107.5977653631285
 0 109.608938547486
 0 111.6201117318436
 3 113.6312849162011
 1 115.6424581005587
 0 117.6536312849162
 0 119.6648044692737
 2 121.6759776536313
 1 123.6871508379888
 1 125.6983240223464
 2 127.7094972067039
 1 129.7206703910614
 4 131.731843575419
 0 133.7430167597765
 2 135.7541899441341
 5 137.7653631284916
 1 139.7765363128492
 0 141.7877094972067
 1 143.7988826815642
 1 145.8100558659218
 0 147.8212290502793
 2 149.8324022346369
 1 151.8435754189944
 7 153.854748603352
 0 155.8659217877095
 0 157.8770949720671
 0 159.8882681564246
 0 161.8994413407821
 1 163.9106145251397
 2 165.9217877094972
 1 167.9329608938548
 1 169.9441340782123
 0 171.9553072625699
 1 173.9664804469274
 0 175.9776536312849
 0 177.9888268156425
 0 180


