# Created by Octave 3.8.2, Sat Jun 20 23:17:10 2020 CEST <damian@fptrucha.inv.usc.es>
# name: hd
# type: matrix
# rows: 180
# columns: 2
 1 -180
 141 -177.9888268156425
 2 -175.9776536312849
 368 -173.9664804469274
 244 -171.9553072625698
 178 -169.9441340782123
 25 -167.9329608938548
 31 -165.9217877094972
 47 -163.9106145251397
 175 -161.8994413407821
 38 -159.8882681564246
 585 -157.877094972067
 67 -155.8659217877095
 129 -153.854748603352
 36 -151.8435754189944
 68 -149.8324022346369
 224 -147.8212290502793
 605 -145.8100558659218
 129 -143.7988826815642
 82 -141.7877094972067
 175 -139.7765363128491
 104 -137.7653631284916
 2 -135.7541899441341
 134 -133.7430167597765
 127 -131.731843575419
 87 -129.7206703910614
 183 -127.7094972067039
 227 -125.6983240223464
 91 -123.6871508379888
 184 -121.6759776536313
 159 -119.6648044692737
 3 -117.6536312849162
 101 -115.6424581005587
 109 -113.6312849162011
 107 -111.6201117318436
 20 -109.608938547486
 26 -107.5977653631285
 17 -105.5865921787709
 8 -103.5754189944134
 3 -101.5642458100559
 0 -99.55307262569832
 2 -97.54189944134077
 3 -95.53072625698323
 4 -93.5195530726257
 7936 -91.50837988826815
 8 -89.49720670391061
 4 -87.48603351955308
 1 -85.47486033519553
 0 -83.46368715083798
 0 -81.45251396648044
 8 -79.44134078212289
 7 -77.43016759776536
 41 -75.41899441340782
 21 -73.40782122905027
 46 -71.39664804469274
 121 -69.38547486033519
 60 -67.37430167597765
 89 -65.3631284916201
 45 -63.35195530726256
 230 -61.34078212290503
 136 -59.32960893854748
 197 -57.31843575418993
 79 -55.3072625698324
 78 -53.29608938547486
 207 -51.28491620111731
 54 -49.27374301675977
 94 -47.26256983240222
 0 -45.25139664804468
 267 -43.24022346368713
 0 -41.22905027932961
 163 -39.21787709497207
 300 -37.20670391061452
 467 -35.19553072625698
 116 -33.18435754189943
 47 -31.17318435754188
 123 -29.16201117318434
 8 -27.15083798882682
 58 -25.13966480446928
 594 -23.12849162011173
 136 -21.11731843575419
 41 -19.10614525139664
 14 -17.09497206703909
 44 -15.08379888268155
 162 -13.072625698324
 6 -11.06145251396646
 590 -9.050279329608941
 4 -7.039106145251395
 121 -5.02793296089385
 13 -3.016759776536304
 4 -1.005586592178759
 23 1.005586592178787
 132 3.016759776536333
 0 5.02793296089385
 564 7.039106145251395
 5 9.050279329608941
 121 11.06145251396649
 40 13.07262569832403
 9 15.08379888268158
 50 17.09497206703912
 105 19.10614525139667
 510 21.11731843575421
 56 23.12849162011173
 79 25.13966480446928
 100 27.15083798882682
 57 29.16201117318437
 227 31.17318435754191
 327 33.18435754189946
 248 35.195530726257
 157 37.20670391061452
 35 39.21787709497207
 279 41.22905027932961
 1 43.24022346368716
 112 45.2513966480447
 48 47.26256983240225
 209 49.27374301675979
 84 51.28491620111734
 179 53.29608938547489
 75 55.3072625698324
 149 57.31843575418995
 234 59.32960893854749
 55 61.34078212290504
 118 63.35195530726259
 60 65.36312849162013
 108 67.37430167597768
 38 69.38547486033519
 32 71.39664804469274
 46 73.40782122905028
 1 75.41899441340783
 10 77.43016759776538
 2 79.44134078212289
 0 81.45251396648047
 0 83.46368715083798
 2 85.47486033519556
 16 87.48603351955308
 7530 89.49720670391065
 8 91.50837988826817
 2 93.51955307262574
 2 95.53072625698326
 0 97.54189944134077
 2 99.55307262569835
 13 101.5642458100559
 20 103.5754189944134
 32 105.586592178771
 16 107.5977653631285
 96 109.608938547486
 106 111.6201117318436
 115 113.6312849162011
 2 115.6424581005587
 215 117.6536312849162
 150 119.6648044692737
 98 121.6759776536313
 163 123.6871508379888
 189 125.6983240223464
 75 127.7094972067039
 134 129.7206703910614
 157 131.731843575419
 3 133.7430167597765
 120 135.7541899441341
 154 137.7653631284916
 90 139.7765363128492
 133 141.7877094972067
 483 143.7988826815642
 126 145.8100558659218
 186 147.8212290502793
 30 149.8324022346369
 139 151.8435754189944
 71 153.854748603352
 440 155.8659217877095
 58 157.8770949720671
 137 159.8882681564246
 70 161.8994413407821
 43 163.9106145251397
 18 165.9217877094972
 131 167.9329608938548
 236 169.9441340782123
 320 171.9553072625699
 1 173.9664804469274
 159 175.9776536312849
 4 177.9888268156425
 0 180


