# Created by Octave 3.8.2, Sat Jun 20 04:50:17 2020 CEST <damian@fptrucha.inv.usc.es>
# name: hd
# type: matrix
# rows: 180
# columns: 2
 3 -180
 112 -177.9888268156425
 2 -175.9776536312849
 305 -173.9664804469274
 162 -171.9553072625698
 113 -169.9441340782123
 23 -167.9329608938548
 29 -165.9217877094972
 56 -163.9106145251397
 102 -161.8994413407821
 37 -159.8882681564246
 453 -157.877094972067
 40 -155.8659217877095
 96 -153.854748603352
 34 -151.8435754189944
 46 -149.8324022346369
 137 -147.8212290502793
 439 -145.8100558659218
 97 -143.7988826815642
 56 -141.7877094972067
 103 -139.7765363128491
 67 -137.7653631284916
 8 -135.7541899441341
 134 -133.7430167597765
 112 -131.731843575419
 50 -129.7206703910614
 119 -127.7094972067039
 184 -125.6983240223464
 73 -123.6871508379888
 141 -121.6759776536313
 135 -119.6648044692737
 1 -117.6536312849162
 71 -115.6424581005587
 67 -113.6312849162011
 87 -111.6201117318436
 13 -109.608938547486
 27 -107.5977653631285
 12 -105.5865921787709
 6 -103.5754189944134
 2 -101.5642458100559
 0 -99.55307262569832
 0 -97.54189944134077
 0 -95.53072625698323
 1 -93.5195530726257
 5997 -91.50837988826815
 9 -89.49720670391061
 7 -87.48603351955308
 2 -85.47486033519553
 0 -83.46368715083798
 0 -81.45251396648044
 6 -79.44134078212289
 6 -77.43016759776536
 34 -75.41899441340782
 27 -73.40782122905027
 46 -71.39664804469274
 78 -69.38547486033519
 49 -67.37430167597765
 59 -65.3631284916201
 30 -63.35195530726256
 202 -61.34078212290503
 106 -59.32960893854748
 170 -57.31843575418993
 81 -55.3072625698324
 43 -53.29608938547486
 159 -51.28491620111731
 44 -49.27374301675977
 83 -47.26256983240222
 2 -45.25139664804468
 216 -43.24022346368713
 0 -41.22905027932961
 102 -39.21787709497207
 244 -37.20670391061452
 357 -35.19553072625698
 73 -33.18435754189943
 33 -31.17318435754188
 91 -29.16201117318434
 9 -27.15083798882682
 41 -25.13966480446928
 475 -23.12849162011173
 103 -21.11731843575419
 37 -19.10614525139664
 11 -17.09497206703909
 18 -15.08379888268155
 112 -13.072625698324
 3 -11.06145251396646
 399 -9.050279329608941
 1 -7.039106145251395
 89 -5.02793296089385
 12 -3.016759776536304
 1 -1.005586592178759
 10 1.005586592178787
 93 3.016759776536333
 0 5.02793296089385
 390 7.039106145251395
 5 9.050279329608941
 103 11.06145251396649
 42 13.07262569832403
 1 15.08379888268158
 32 17.09497206703912
 83 19.10614525139667
 363 21.11731843575421
 50 23.12849162011173
 71 25.13966480446928
 87 27.15083798882682
 43 29.16201117318437
 164 31.17318435754191
 254 33.18435754189946
 187 35.195530726257
 137 37.20670391061452
 23 39.21787709497207
 193 41.22905027932961
 0 43.24022346368716
 96 45.2513966480447
 40 47.26256983240225
 159 49.27374301675979
 60 51.28491620111734
 114 53.29608938547489
 66 55.3072625698324
 90 57.31843575418995
 159 59.32960893854749
 36 61.34078212290504
 77 63.35195530726259
 57 65.36312849162013
 66 67.37430167597768
 33 69.38547486033519
 14 71.39664804469274
 35 73.40782122905028
 3 75.41899441340783
 5 77.43016759776538
 0 79.44134078212289
 0 81.45251396648047
 1 83.46368715083798
 2 85.47486033519556
 7 87.48603351955308
 5504 89.49720670391065
 3 91.50837988826817
 4 93.51955307262574
 2 95.53072625698326
 1 97.54189944134077
 1 99.55307262569835
 10 101.5642458100559
 16 103.5754189944134
 27 105.586592178771
 15 107.5977653631285
 74 109.608938547486
 60 111.6201117318436
 75 113.6312849162011
 1 115.6424581005587
 148 117.6536312849162
 121 119.6648044692737
 64 121.6759776536313
 141 123.6871508379888
 113 125.6983240223464
 58 127.7094972067039
 121 129.7206703910614
 105 131.731843575419
 1 133.7430167597765
 91 135.7541899441341
 118 137.7653631284916
 67 139.7765363128492
 94 141.7877094972067
 377 143.7988826815642
 92 145.8100558659218
 130 147.8212290502793
 25 149.8324022346369
 116 151.8435754189944
 41 153.854748603352
 333 155.8659217877095
 43 157.8770949720671
 92 159.8882681564246
 57 161.8994413407821
 33 163.9106145251397
 12 165.9217877094972
 93 167.9329608938548
 147 169.9441340782123
 219 171.9553072625699
 2 173.9664804469274
 118 175.9776536312849
 1 177.9888268156425
 0 180


