# Created by Octave 3.8.2, Sun Jun 21 00:38:18 2020 CEST <damian@fptrucha.inv.usc.es>
# name: hd
# type: matrix
# rows: 180
# columns: 2
 2 -180
 151 -177.9888268156425
 4 -175.9776536312849
 348 -173.9664804469274
 230 -171.9553072625698
 144 -169.9441340782123
 29 -167.9329608938548
 31 -165.9217877094972
 59 -163.9106145251397
 159 -161.8994413407821
 27 -159.8882681564246
 590 -157.877094972067
 56 -155.8659217877095
 133 -153.854748603352
 27 -151.8435754189944
 66 -149.8324022346369
 197 -147.8212290502793
 562 -145.8100558659218
 131 -143.7988826815642
 71 -141.7877094972067
 173 -139.7765363128491
 118 -137.7653631284916
 1 -135.7541899441341
 137 -133.7430167597765
 136 -131.731843575419
 66 -129.7206703910614
 175 -127.7094972067039
 211 -125.6983240223464
 77 -123.6871508379888
 180 -121.6759776536313
 156 -119.6648044692737
 0 -117.6536312849162
 81 -115.6424581005587
 124 -113.6312849162011
 118 -111.6201117318436
 12 -109.608938547486
 28 -107.5977653631285
 27 -105.5865921787709
 10 -103.5754189944134
 5 -101.5642458100559
 1 -99.55307262569832
 2 -97.54189944134077
 2 -95.53072625698323
 5 -93.5195530726257
 8062 -91.50837988826815
 10 -89.49720670391061
 4 -87.48603351955308
 2 -85.47486033519553
 0 -83.46368715083798
 4 -81.45251396648044
 5 -79.44134078212289
 5 -77.43016759776536
 55 -75.41899441340782
 15 -73.40782122905027
 49 -71.39664804469274
 99 -69.38547486033519
 63 -67.37430167597765
 99 -65.3631284916201
 36 -63.35195530726256
 251 -61.34078212290503
 146 -59.32960893854748
 210 -57.31843575418993
 85 -55.3072625698324
 76 -53.29608938547486
 225 -51.28491620111731
 55 -49.27374301675977
 87 -47.26256983240222
 2 -45.25139664804468
 272 -43.24022346368713
 3 -41.22905027932961
 149 -39.21787709497207
 283 -37.20670391061452
 426 -35.19553072625698
 99 -33.18435754189943
 59 -31.17318435754188
 180 -29.16201117318434
 15 -27.15083798882682
 51 -25.13966480446928
 617 -23.12849162011173
 143 -21.11731843575419
 42 -19.10614525139664
 8 -17.09497206703909
 45 -15.08379888268155
 171 -13.072625698324
 4 -11.06145251396646
 570 -9.050279329608941
 2 -7.039106145251395
 149 -5.02793296089385
 19 -3.016759776536304
 3 -1.005586592178759
 20 1.005586592178787
 124 3.016759776536333
 0 5.02793296089385
 548 7.039106145251395
 7 9.050279329608941
 132 11.06145251396649
 43 13.07262569832403
 11 15.08379888268158
 42 17.09497206703912
 119 19.10614525139667
 483 21.11731843575421
 51 23.12849162011173
 83 25.13966480446928
 90 27.15083798882682
 49 29.16201117318437
 222 31.17318435754191
 306 33.18435754189946
 216 35.195530726257
 162 37.20670391061452
 52 39.21787709497207
 267 41.22905027932961
 0 43.24022346368716
 115 45.2513966480447
 58 47.26256983240225
 212 49.27374301675979
 98 51.28491620111734
 196 53.29608938547489
 76 55.3072625698324
 128 57.31843575418995
 234 59.32960893854749
 62 61.34078212290504
 124 63.35195530726259
 69 65.36312849162013
 95 67.37430167597768
 41 69.38547486033519
 20 71.39664804469274
 39 73.40782122905028
 5 75.41899441340783
 10 77.43016759776538
 1 79.44134078212289
 1 81.45251396648047
 0 83.46368715083798
 5 85.47486033519556
 9 87.48603351955308
 7528 89.49720670391065
 5 91.50837988826817
 2 93.51955307262574
 0 95.53072625698326
 1 97.54189944134077
 3 99.55307262569835
 6 101.5642458100559
 14 103.5754189944134
 33 105.586592178771
 14 107.5977653631285
 95 109.608938547486
 131 111.6201117318436
 125 113.6312849162011
 5 115.6424581005587
 204 117.6536312849162
 132 119.6648044692737
 78 121.6759776536313
 189 123.6871508379888
 177 125.6983240223464
 95 127.7094972067039
 158 129.7206703910614
 169 131.731843575419
 4 133.7430167597765
 113 135.7541899441341
 158 137.7653631284916
 114 139.7765363128492
 146 141.7877094972067
 411 143.7988826815642
 134 145.8100558659218
 212 147.8212290502793
 35 149.8324022346369
 138 151.8435754189944
 65 153.854748603352
 434 155.8659217877095
 50 157.8770949720671
 138 159.8882681564246
 74 161.8994413407821
 49 163.9106145251397
 16 165.9217877094972
 125 167.9329608938548
 200 169.9441340782123
 333 171.9553072625699
 4 173.9664804469274
 126 175.9776536312849
 5 177.9888268156425
 0 180


