# Created by Octave 3.8.2, Mon Jun 22 16:56:27 2020 CEST <damian@fptrucha.inv.usc.es>
# name: hd
# type: matrix
# rows: 180
# columns: 2
 6 -180
 179 -177.9888268156425
 6 -175.9776536312849
 392 -173.9664804469274
 262 -171.9553072625698
 137 -169.9441340782123
 34 -167.9329608938548
 49 -165.9217877094972
 75 -163.9106145251397
 156 -161.8994413407821
 47 -159.8882681564246
 595 -157.877094972067
 71 -155.8659217877095
 131 -153.854748603352
 43 -151.8435754189944
 89 -149.8324022346369
 255 -147.8212290502793
 615 -145.8100558659218
 148 -143.7988826815642
 86 -141.7877094972067
 196 -139.7765363128491
 112 -137.7653631284916
 4 -135.7541899441341
 173 -133.7430167597765
 157 -131.731843575419
 100 -129.7206703910614
 186 -127.7094972067039
 228 -125.6983240223464
 108 -123.6871508379888
 181 -121.6759776536313
 205 -119.6648044692737
 8 -117.6536312849162
 115 -115.6424581005587
 103 -113.6312849162011
 136 -111.6201117318436
 28 -109.608938547486
 38 -107.5977653631285
 23 -105.5865921787709
 16 -103.5754189944134
 4 -101.5642458100559
 1 -99.55307262569832
 1 -97.54189944134077
 4 -95.53072625698323
 3 -93.5195530726257
 8153 -91.50837988826815
 10 -89.49720670391061
 7 -87.48603351955308
 2 -85.47486033519553
 2 -83.46368715083798
 3 -81.45251396648044
 5 -79.44134078212289
 10 -77.43016759776536
 53 -75.41899441340782
 32 -73.40782122905027
 63 -71.39664804469274
 119 -69.38547486033519
 78 -67.37430167597765
 115 -65.3631284916201
 61 -63.35195530726256
 272 -61.34078212290503
 149 -59.32960893854748
 222 -57.31843575418993
 91 -55.3072625698324
 79 -53.29608938547486
 243 -51.28491620111731
 52 -49.27374301675977
 117 -47.26256983240222
 4 -45.25139664804468
 325 -43.24022346368713
 7 -41.22905027932961
 171 -39.21787709497207
 291 -37.20670391061452
 459 -35.19553072625698
 107 -33.18435754189943
 64 -31.17318435754188
 173 -29.16201117318434
 10 -27.15083798882682
 79 -25.13966480446928
 599 -23.12849162011173
 143 -21.11731843575419
 62 -19.10614525139664
 9 -17.09497206703909
 45 -15.08379888268155
 157 -13.072625698324
 12 -11.06145251396646
 594 -9.050279329608941
 3 -7.039106145251395
 141 -5.02793296089385
 21 -3.016759776536304
 6 -1.005586592178759
 23 1.005586592178787
 122 3.016759776536333
 3 5.02793296089385
 589 7.039106145251395
 10 9.050279329608941
 151 11.06145251396649
 53 13.07262569832403
 9 15.08379888268158
 64 17.09497206703912
 139 19.10614525139667
 533 21.11731843575421
 63 23.12849162011173
 96 25.13966480446928
 114 27.15083798882682
 71 29.16201117318437
 204 31.17318435754191
 336 33.18435754189946
 224 35.195530726257
 184 37.20670391061452
 48 39.21787709497207
 279 41.22905027932961
 0 43.24022346368716
 138 45.2513966480447
 66 47.26256983240225
 226 49.27374301675979
 97 51.28491620111734
 219 53.29608938547489
 87 55.3072625698324
 151 57.31843575418995
 286 59.32960893854749
 65 61.34078212290504
 140 63.35195530726259
 76 65.36312849162013
 121 67.37430167597768
 57 69.38547486033519
 48 71.39664804469274
 63 73.40782122905028
 13 75.41899441340783
 14 77.43016759776538
 2 79.44134078212289
 1 81.45251396648047
 2 83.46368715083798
 5 85.47486033519556
 18 87.48603351955308
 7803 89.49720670391065
 11 91.50837988826817
 6 93.51955307262574
 0 95.53072625698326
 9 97.54189944134077
 5 99.55307262569835
 18 101.5642458100559
 37 103.5754189944134
 51 105.586592178771
 32 107.5977653631285
 126 109.608938547486
 117 111.6201117318436
 145 113.6312849162011
 3 115.6424581005587
 213 117.6536312849162
 184 119.6648044692737
 91 121.6759776536313
 185 123.6871508379888
 192 125.6983240223464
 59 127.7094972067039
 153 129.7206703910614
 191 131.731843575419
 7 133.7430167597765
 135 135.7541899441341
 180 137.7653631284916
 117 139.7765363128492
 136 141.7877094972067
 501 143.7988826815642
 104 145.8100558659218
 204 147.8212290502793
 43 149.8324022346369
 156 151.8435754189944
 69 153.854748603352
 519 155.8659217877095
 54 157.8770949720671
 171 159.8882681564246
 61 161.8994413407821
 43 163.9106145251397
 23 165.9217877094972
 132 167.9329608938548
 240 169.9441340782123
 374 171.9553072625699
 6 173.9664804469274
 157 175.9776536312849
 5 177.9888268156425
 0 180


