# Created by Octave 3.8.2, Sat Jun 20 15:32:59 2020 CEST <damian@fptrucha.inv.usc.es>
# name: hd
# type: matrix
# rows: 180
# columns: 2
 1 -180
 171 -177.9888268156425
 5 -175.9776536312849
 380 -173.9664804469274
 230 -171.9553072625698
 148 -169.9441340782123
 29 -167.9329608938548
 36 -165.9217877094972
 59 -163.9106145251397
 171 -161.8994413407821
 32 -159.8882681564246
 661 -157.877094972067
 54 -155.8659217877095
 126 -153.854748603352
 43 -151.8435754189944
 57 -149.8324022346369
 213 -147.8212290502793
 651 -145.8100558659218
 129 -143.7988826815642
 100 -141.7877094972067
 166 -139.7765363128491
 108 -137.7653631284916
 2 -135.7541899441341
 149 -133.7430167597765
 179 -131.731843575419
 75 -129.7206703910614
 185 -127.7094972067039
 232 -125.6983240223464
 111 -123.6871508379888
 199 -121.6759776536313
 170 -119.6648044692737
 4 -117.6536312849162
 104 -115.6424581005587
 120 -113.6312849162011
 113 -111.6201117318436
 18 -109.608938547486
 25 -107.5977653631285
 17 -105.5865921787709
 15 -103.5754189944134
 0 -101.5642458100559
 0 -99.55307262569832
 0 -97.54189944134077
 1 -95.53072625698323
 4 -93.5195530726257
 8347 -91.50837988826815
 14 -89.49720670391061
 2 -87.48603351955308
 2 -85.47486033519553
 0 -83.46368715083798
 2 -81.45251396648044
 9 -79.44134078212289
 6 -77.43016759776536
 44 -75.41899441340782
 21 -73.40782122905027
 55 -71.39664804469274
 117 -69.38547486033519
 76 -67.37430167597765
 93 -65.3631284916201
 46 -63.35195530726256
 291 -61.34078212290503
 169 -59.32960893854748
 240 -57.31843575418993
 98 -55.3072625698324
 80 -53.29608938547486
 225 -51.28491620111731
 68 -49.27374301675977
 103 -47.26256983240222
 2 -45.25139664804468
 269 -43.24022346368713
 4 -41.22905027932961
 142 -39.21787709497207
 341 -37.20670391061452
 450 -35.19553072625698
 100 -33.18435754189943
 60 -31.17318435754188
 138 -29.16201117318434
 10 -27.15083798882682
 56 -25.13966480446928
 651 -23.12849162011173
 142 -21.11731843575419
 46 -19.10614525139664
 7 -17.09497206703909
 40 -15.08379888268155
 150 -13.072625698324
 9 -11.06145251396646
 562 -9.050279329608941
 3 -7.039106145251395
 119 -5.02793296089385
 17 -3.016759776536304
 4 -1.005586592178759
 20 1.005586592178787
 142 3.016759776536333
 2 5.02793296089385
 548 7.039106145251395
 3 9.050279329608941
 133 11.06145251396649
 59 13.07262569832403
 11 15.08379888268158
 72 17.09497206703912
 108 19.10614525139667
 534 21.11731843575421
 60 23.12849162011173
 91 25.13966480446928
 110 27.15083798882682
 70 29.16201117318437
 221 31.17318435754191
 327 33.18435754189946
 212 35.195530726257
 175 37.20670391061452
 31 39.21787709497207
 257 41.22905027932961
 2 43.24022346368716
 142 45.2513966480447
 58 47.26256983240225
 222 49.27374301675979
 89 51.28491620111734
 209 53.29608938547489
 76 55.3072625698324
 137 57.31843575418995
 285 59.32960893854749
 82 61.34078212290504
 97 63.35195530726259
 93 65.36312849162013
 106 67.37430167597768
 50 69.38547486033519
 30 71.39664804469274
 48 73.40782122905028
 6 75.41899441340783
 7 77.43016759776538
 5 79.44134078212289
 1 81.45251396648047
 0 83.46368715083798
 2 85.47486033519556
 9 87.48603351955308
 7924 89.49720670391065
 9 91.50837988826817
 3 93.51955307262574
 0 95.53072625698326
 2 97.54189944134077
 1 99.55307262569835
 14 101.5642458100559
 18 103.5754189944134
 42 105.586592178771
 19 107.5977653631285
 118 109.608938547486
 131 111.6201117318436
 113 113.6312849162011
 3 115.6424581005587
 203 117.6536312849162
 187 119.6648044692737
 110 121.6759776536313
 202 123.6871508379888
 178 125.6983240223464
 77 127.7094972067039
 157 129.7206703910614
 158 131.731843575419
 6 133.7430167597765
 124 135.7541899441341
 170 137.7653631284916
 108 139.7765363128492
 144 141.7877094972067
 509 143.7988826815642
 128 145.8100558659218
 230 147.8212290502793
 38 149.8324022346369
 152 151.8435754189944
 54 153.854748603352
 482 155.8659217877095
 51 157.8770949720671
 142 159.8882681564246
 64 161.8994413407821
 45 163.9106145251397
 19 165.9217877094972
 131 167.9329608938548
 218 169.9441340782123
 344 171.9553072625699
 2 173.9664804469274
 169 175.9776536312849
 7 177.9888268156425
 0 180


