# Created by Octave 3.8.2, Mon Jun 22 23:12:47 2020 CEST <damian@fptrucha.inv.usc.es>
# name: hd
# type: matrix
# rows: 180
# columns: 2
 8 -180
 164 -177.9888268156425
 3 -175.9776536312849
 376 -173.9664804469274
 258 -171.9553072625698
 178 -169.9441340782123
 35 -167.9329608938548
 34 -165.9217877094972
 61 -163.9106145251397
 159 -161.8994413407821
 42 -159.8882681564246
 639 -157.877094972067
 74 -155.8659217877095
 132 -153.854748603352
 51 -151.8435754189944
 82 -149.8324022346369
 243 -147.8212290502793
 612 -145.8100558659218
 137 -143.7988826815642
 113 -141.7877094972067
 207 -139.7765363128491
 123 -137.7653631284916
 8 -135.7541899441341
 168 -133.7430167597765
 155 -131.731843575419
 90 -129.7206703910614
 198 -127.7094972067039
 241 -125.6983240223464
 111 -123.6871508379888
 192 -121.6759776536313
 220 -119.6648044692737
 4 -117.6536312849162
 120 -115.6424581005587
 141 -113.6312849162011
 138 -111.6201117318436
 27 -109.608938547486
 49 -107.5977653631285
 24 -105.5865921787709
 15 -103.5754189944134
 2 -101.5642458100559
 3 -99.55307262569832
 1 -97.54189944134077
 2 -95.53072625698323
 11 -93.5195530726257
 8595 -91.50837988826815
 14 -89.49720670391061
 2 -87.48603351955308
 1 -85.47486033519553
 0 -83.46368715083798
 1 -81.45251396648044
 13 -79.44134078212289
 13 -77.43016759776536
 50 -75.41899441340782
 38 -73.40782122905027
 54 -71.39664804469274
 143 -69.38547486033519
 71 -67.37430167597765
 101 -65.3631284916201
 64 -63.35195530726256
 300 -61.34078212290503
 128 -59.32960893854748
 213 -57.31843575418993
 117 -55.3072625698324
 78 -53.29608938547486
 260 -51.28491620111731
 53 -49.27374301675977
 109 -47.26256983240222
 6 -45.25139664804468
 323 -43.24022346368713
 3 -41.22905027932961
 171 -39.21787709497207
 316 -37.20670391061452
 481 -35.19553072625698
 127 -33.18435754189943
 62 -31.17318435754188
 164 -29.16201117318434
 8 -27.15083798882682
 75 -25.13966480446928
 663 -23.12849162011173
 134 -21.11731843575419
 47 -19.10614525139664
 9 -17.09497206703909
 37 -15.08379888268155
 166 -13.072625698324
 9 -11.06145251396646
 617 -9.050279329608941
 3 -7.039106145251395
 134 -5.02793296089385
 33 -3.016759776536304
 4 -1.005586592178759
 19 1.005586592178787
 134 3.016759776536333
 4 5.02793296089385
 573 7.039106145251395
 7 9.050279329608941
 134 11.06145251396649
 48 13.07262569832403
 16 15.08379888268158
 56 17.09497206703912
 123 19.10614525139667
 628 21.11731843575421
 76 23.12849162011173
 69 25.13966480446928
 102 27.15083798882682
 63 29.16201117318437
 223 31.17318435754191
 351 33.18435754189946
 247 35.195530726257
 168 37.20670391061452
 49 39.21787709497207
 325 41.22905027932961
 1 43.24022346368716
 110 45.2513966480447
 61 47.26256983240225
 258 49.27374301675979
 88 51.28491620111734
 198 53.29608938547489
 80 55.3072625698324
 146 57.31843575418995
 292 59.32960893854749
 79 61.34078212290504
 131 63.35195530726259
 83 65.36312849162013
 115 67.37430167597768
 52 69.38547486033519
 29 71.39664804469274
 76 73.40782122905028
 7 75.41899441340783
 10 77.43016759776538
 4 79.44134078212289
 0 81.45251396648047
 2 83.46368715083798
 7 85.47486033519556
 8 87.48603351955308
 7912 89.49720670391065
 4 91.50837988826817
 5 93.51955307262574
 2 95.53072625698326
 2 97.54189944134077
 5 99.55307262569835
 20 101.5642458100559
 29 103.5754189944134
 49 105.586592178771
 30 107.5977653631285
 113 109.608938547486
 144 111.6201117318436
 128 113.6312849162011
 2 115.6424581005587
 201 117.6536312849162
 202 119.6648044692737
 96 121.6759776536313
 182 123.6871508379888
 190 125.6983240223464
 94 127.7094972067039
 175 129.7206703910614
 180 131.731843575419
 5 133.7430167597765
 119 135.7541899441341
 213 137.7653631284916
 118 139.7765363128492
 149 141.7877094972067
 563 143.7988826815642
 119 145.8100558659218
 210 147.8212290502793
 46 149.8324022346369
 136 151.8435754189944
 65 153.854748603352
 538 155.8659217877095
 42 157.8770949720671
 151 159.8882681564246
 80 161.8994413407821
 49 163.9106145251397
 23 165.9217877094972
 151 167.9329608938548
 244 169.9441340782123
 331 171.9553072625699
 1 173.9664804469274
 171 175.9776536312849
 6 177.9888268156425
 0 180


