# Created by Octave 3.8.2, Sun Jun 21 01:19:50 2020 CEST <damian@fptrucha.inv.usc.es>
# name: hd
# type: matrix
# rows: 180
# columns: 2
 2 -180
 135 -177.9888268156425
 2 -175.9776536312849
 379 -173.9664804469274
 210 -171.9553072625698
 153 -169.9441340782123
 25 -167.9329608938548
 30 -165.9217877094972
 48 -163.9106145251397
 167 -161.8994413407821
 33 -159.8882681564246
 620 -157.877094972067
 56 -155.8659217877095
 112 -153.854748603352
 36 -151.8435754189944
 69 -149.8324022346369
 224 -147.8212290502793
 579 -145.8100558659218
 104 -143.7988826815642
 87 -141.7877094972067
 168 -139.7765363128491
 108 -137.7653631284916
 0 -135.7541899441341
 163 -133.7430167597765
 159 -131.731843575419
 82 -129.7206703910614
 156 -127.7094972067039
 199 -125.6983240223464
 96 -123.6871508379888
 202 -121.6759776536313
 169 -119.6648044692737
 4 -117.6536312849162
 91 -115.6424581005587
 107 -113.6312849162011
 113 -111.6201117318436
 15 -109.608938547486
 37 -107.5977653631285
 26 -105.5865921787709
 7 -103.5754189944134
 2 -101.5642458100559
 0 -99.55307262569832
 0 -97.54189944134077
 0 -95.53072625698323
 1 -93.5195530726257
 8083 -91.50837988826815
 7 -89.49720670391061
 3 -87.48603351955308
 1 -85.47486033519553
 1 -83.46368715083798
 3 -81.45251396648044
 4 -79.44134078212289
 7 -77.43016759776536
 38 -75.41899441340782
 21 -73.40782122905027
 39 -71.39664804469274
 112 -69.38547486033519
 58 -67.37430167597765
 107 -65.3631284916201
 49 -63.35195530726256
 266 -61.34078212290503
 130 -59.32960893854748
 192 -57.31843575418993
 96 -55.3072625698324
 81 -53.29608938547486
 215 -51.28491620111731
 54 -49.27374301675977
 105 -47.26256983240222
 1 -45.25139664804468
 250 -43.24022346368713
 3 -41.22905027932961
 158 -39.21787709497207
 311 -37.20670391061452
 443 -35.19553072625698
 109 -33.18435754189943
 54 -31.17318435754188
 132 -29.16201117318434
 13 -27.15083798882682
 62 -25.13966480446928
 680 -23.12849162011173
 142 -21.11731843575419
 38 -19.10614525139664
 9 -17.09497206703909
 26 -15.08379888268155
 171 -13.072625698324
 6 -11.06145251396646
 562 -9.050279329608941
 1 -7.039106145251395
 138 -5.02793296089385
 16 -3.016759776536304
 1 -1.005586592178759
 19 1.005586592178787
 114 3.016759776536333
 0 5.02793296089385
 525 7.039106145251395
 6 9.050279329608941
 120 11.06145251396649
 39 13.07262569832403
 7 15.08379888268158
 63 17.09497206703912
 114 19.10614525139667
 549 21.11731843575421
 68 23.12849162011173
 101 25.13966480446928
 109 27.15083798882682
 59 29.16201117318437
 232 31.17318435754191
 290 33.18435754189946
 250 35.195530726257
 168 37.20670391061452
 31 39.21787709497207
 275 41.22905027932961
 3 43.24022346368716
 117 45.2513966480447
 55 47.26256983240225
 228 49.27374301675979
 92 51.28491620111734
 205 53.29608938547489
 62 55.3072625698324
 113 57.31843575418995
 265 59.32960893854749
 73 61.34078212290504
 129 63.35195530726259
 64 65.36312849162013
 98 67.37430167597768
 45 69.38547486033519
 31 71.39664804469274
 40 73.40782122905028
 4 75.41899441340783
 6 77.43016759776538
 2 79.44134078212289
 1 81.45251396648047
 0 83.46368715083798
 6 85.47486033519556
 12 87.48603351955308
 7515 89.49720670391065
 6 91.50837988826817
 3 93.51955307262574
 2 95.53072625698326
 1 97.54189944134077
 0 99.55307262569835
 17 101.5642458100559
 16 103.5754189944134
 39 105.586592178771
 21 107.5977653631285
 97 109.608938547486
 113 111.6201117318436
 120 113.6312849162011
 0 115.6424581005587
 207 117.6536312849162
 153 119.6648044692737
 103 121.6759776536313
 171 123.6871508379888
 139 125.6983240223464
 71 127.7094972067039
 157 129.7206703910614
 192 131.731843575419
 4 133.7430167597765
 125 135.7541899441341
 180 137.7653631284916
 89 139.7765363128492
 134 141.7877094972067
 493 143.7988826815642
 96 145.8100558659218
 208 147.8212290502793
 39 149.8324022346369
 155 151.8435754189944
 56 153.854748603352
 475 155.8659217877095
 44 157.8770949720671
 113 159.8882681564246
 61 161.8994413407821
 57 163.9106145251397
 19 165.9217877094972
 117 167.9329608938548
 202 169.9441340782123
 331 171.9553072625699
 0 173.9664804469274
 130 175.9776536312849
 3 177.9888268156425
 0 180


