# Created by Octave 3.8.2, Sun Jun 21 00:07:43 2020 CEST <damian@fptrucha.inv.usc.es>
# name: hd
# type: matrix
# rows: 180
# columns: 2
 7 -180
 152 -177.9888268156425
 3 -175.9776536312849
 337 -173.9664804469274
 241 -171.9553072625698
 116 -169.9441340782123
 28 -167.9329608938548
 40 -165.9217877094972
 52 -163.9106145251397
 165 -161.8994413407821
 36 -159.8882681564246
 580 -157.877094972067
 58 -155.8659217877095
 104 -153.854748603352
 40 -151.8435754189944
 78 -149.8324022346369
 186 -147.8212290502793
 584 -145.8100558659218
 108 -143.7988826815642
 93 -141.7877094972067
 176 -139.7765363128491
 106 -137.7653631284916
 0 -135.7541899441341
 136 -133.7430167597765
 146 -131.731843575419
 68 -129.7206703910614
 169 -127.7094972067039
 221 -125.6983240223464
 93 -123.6871508379888
 183 -121.6759776536313
 163 -119.6648044692737
 5 -117.6536312849162
 89 -115.6424581005587
 120 -113.6312849162011
 104 -111.6201117318436
 23 -109.608938547486
 32 -107.5977653631285
 29 -105.5865921787709
 7 -103.5754189944134
 1 -101.5642458100559
 0 -99.55307262569832
 0 -97.54189944134077
 1 -95.53072625698323
 4 -93.5195530726257
 8044 -91.50837988826815
 8 -89.49720670391061
 5 -87.48603351955308
 1 -85.47486033519553
 0 -83.46368715083798
 1 -81.45251396648044
 7 -79.44134078212289
 4 -77.43016759776536
 49 -75.41899441340782
 18 -73.40782122905027
 40 -71.39664804469274
 104 -69.38547486033519
 71 -67.37430167597765
 90 -65.3631284916201
 43 -63.35195530726256
 271 -61.34078212290503
 148 -59.32960893854748
 211 -57.31843575418993
 102 -55.3072625698324
 78 -53.29608938547486
 210 -51.28491620111731
 63 -49.27374301675977
 103 -47.26256983240222
 1 -45.25139664804468
 243 -43.24022346368713
 1 -41.22905027932961
 176 -39.21787709497207
 285 -37.20670391061452
 455 -35.19553072625698
 103 -33.18435754189943
 51 -31.17318435754188
 121 -29.16201117318434
 7 -27.15083798882682
 45 -25.13966480446928
 652 -23.12849162011173
 143 -21.11731843575419
 41 -19.10614525139664
 12 -17.09497206703909
 26 -15.08379888268155
 136 -13.072625698324
 9 -11.06145251396646
 546 -9.050279329608941
 1 -7.039106145251395
 115 -5.02793296089385
 17 -3.016759776536304
 3 -1.005586592178759
 15 1.005586592178787
 122 3.016759776536333
 1 5.02793296089385
 535 7.039106145251395
 11 9.050279329608941
 134 11.06145251396649
 40 13.07262569832403
 14 15.08379888268158
 62 17.09497206703912
 121 19.10614525139667
 464 21.11731843575421
 49 23.12849162011173
 83 25.13966480446928
 100 27.15083798882682
 55 29.16201117318437
 230 31.17318435754191
 301 33.18435754189946
 225 35.195530726257
 176 37.20670391061452
 35 39.21787709497207
 292 41.22905027932961
 2 43.24022346368716
 113 45.2513966480447
 65 47.26256983240225
 189 49.27374301675979
 75 51.28491620111734
 175 53.29608938547489
 75 55.3072625698324
 141 57.31843575418995
 254 59.32960893854749
 54 61.34078212290504
 113 63.35195530726259
 77 65.36312849162013
 95 67.37430167597768
 36 69.38547486033519
 29 71.39664804469274
 46 73.40782122905028
 4 75.41899441340783
 6 77.43016759776538
 1 79.44134078212289
 0 81.45251396648047
 0 83.46368715083798
 5 85.47486033519556
 9 87.48603351955308
 7733 89.49720670391065
 6 91.50837988826817
 1 93.51955307262574
 3 95.53072625698326
 1 97.54189944134077
 4 99.55307262569835
 17 101.5642458100559
 23 103.5754189944134
 43 105.586592178771
 20 107.5977653631285
 113 109.608938547486
 105 111.6201117318436
 119 113.6312849162011
 0 115.6424581005587
 226 117.6536312849162
 156 119.6648044692737
 103 121.6759776536313
 203 123.6871508379888
 177 125.6983240223464
 67 127.7094972067039
 163 129.7206703910614
 174 131.731843575419
 0 133.7430167597765
 114 135.7541899441341
 156 137.7653631284916
 96 139.7765363128492
 141 141.7877094972067
 440 143.7988826815642
 123 145.8100558659218
 212 147.8212290502793
 43 149.8324022346369
 164 151.8435754189944
 70 153.854748603352
 474 155.8659217877095
 50 157.8770949720671
 111 159.8882681564246
 72 161.8994413407821
 46 163.9106145251397
 15 165.9217877094972
 118 167.9329608938548
 228 169.9441340782123
 304 171.9553072625699
 2 173.9664804469274
 128 175.9776536312849
 3 177.9888268156425
 0 180


