# Created by Octave 3.8.2, Sun Jun 21 07:08:43 2020 CEST <damian@fptrucha.inv.usc.es>
# name: hd
# type: matrix
# rows: 180
# columns: 2
 2 -180
 179 -177.9888268156425
 3 -175.9776536312849
 386 -173.9664804469274
 246 -171.9553072625698
 147 -169.9441340782123
 28 -167.9329608938548
 36 -165.9217877094972
 56 -163.9106145251397
 146 -161.8994413407821
 43 -159.8882681564246
 622 -157.877094972067
 52 -155.8659217877095
 120 -153.854748603352
 42 -151.8435754189944
 72 -149.8324022346369
 187 -147.8212290502793
 659 -145.8100558659218
 136 -143.7988826815642
 85 -141.7877094972067
 156 -139.7765363128491
 96 -137.7653631284916
 1 -135.7541899441341
 144 -133.7430167597765
 143 -131.731843575419
 74 -129.7206703910614
 191 -127.7094972067039
 237 -125.6983240223464
 89 -123.6871508379888
 197 -121.6759776536313
 193 -119.6648044692737
 5 -117.6536312849162
 86 -115.6424581005587
 112 -113.6312849162011
 130 -111.6201117318436
 19 -109.608938547486
 33 -107.5977653631285
 26 -105.5865921787709
 13 -103.5754189944134
 1 -101.5642458100559
 0 -99.55307262569832
 1 -97.54189944134077
 2 -95.53072625698323
 4 -93.5195530726257
 8399 -91.50837988826815
 10 -89.49720670391061
 5 -87.48603351955308
 0 -85.47486033519553
 0 -83.46368715083798
 1 -81.45251396648044
 4 -79.44134078212289
 7 -77.43016759776536
 41 -75.41899441340782
 24 -73.40782122905027
 54 -71.39664804469274
 116 -69.38547486033519
 77 -67.37430167597765
 98 -65.3631284916201
 54 -63.35195530726256
 314 -61.34078212290503
 162 -59.32960893854748
 236 -57.31843575418993
 100 -55.3072625698324
 89 -53.29608938547486
 242 -51.28491620111731
 53 -49.27374301675977
 97 -47.26256983240222
 3 -45.25139664804468
 263 -43.24022346368713
 2 -41.22905027932961
 155 -39.21787709497207
 342 -37.20670391061452
 477 -35.19553072625698
 126 -33.18435754189943
 58 -31.17318435754188
 145 -29.16201117318434
 7 -27.15083798882682
 60 -25.13966480446928
 651 -23.12849162011173
 155 -21.11731843575419
 56 -19.10614525139664
 13 -17.09497206703909
 33 -15.08379888268155
 179 -13.072625698324
 4 -11.06145251396646
 572 -9.050279329608941
 1 -7.039106145251395
 136 -5.02793296089385
 24 -3.016759776536304
 2 -1.005586592178759
 21 1.005586592178787
 131 3.016759776536333
 2 5.02793296089385
 639 7.039106145251395
 7 9.050279329608941
 122 11.06145251396649
 50 13.07262569832403
 11 15.08379888268158
 57 17.09497206703912
 104 19.10614525139667
 529 21.11731843575421
 58 23.12849162011173
 80 25.13966480446928
 119 27.15083798882682
 50 29.16201117318437
 223 31.17318435754191
 321 33.18435754189946
 231 35.195530726257
 133 37.20670391061452
 35 39.21787709497207
 282 41.22905027932961
 1 43.24022346368716
 144 45.2513966480447
 51 47.26256983240225
 235 49.27374301675979
 82 51.28491620111734
 190 53.29608938547489
 75 55.3072625698324
 134 57.31843575418995
 278 59.32960893854749
 63 61.34078212290504
 128 63.35195530726259
 76 65.36312849162013
 94 67.37430167597768
 59 69.38547486033519
 26 71.39664804469274
 37 73.40782122905028
 1 75.41899441340783
 5 77.43016759776538
 2 79.44134078212289
 0 81.45251396648047
 1 83.46368715083798
 8 85.47486033519556
 8 87.48603351955308
 7744 89.49720670391065
 4 91.50837988826817
 5 93.51955307262574
 0 95.53072625698326
 0 97.54189944134077
 3 99.55307262569835
 9 101.5642458100559
 17 103.5754189944134
 27 105.586592178771
 36 107.5977653631285
 109 109.608938547486
 111 111.6201117318436
 132 113.6312849162011
 2 115.6424581005587
 218 117.6536312849162
 163 119.6648044692737
 100 121.6759776536313
 160 123.6871508379888
 172 125.6983240223464
 75 127.7094972067039
 169 129.7206703910614
 175 131.731843575419
 3 133.7430167597765
 153 135.7541899441341
 186 137.7653631284916
 114 139.7765363128492
 142 141.7877094972067
 496 143.7988826815642
 119 145.8100558659218
 177 147.8212290502793
 40 149.8324022346369
 127 151.8435754189944
 70 153.854748603352
 450 155.8659217877095
 62 157.8770949720671
 130 159.8882681564246
 56 161.8994413407821
 44 163.9106145251397
 21 165.9217877094972
 135 167.9329608938548
 218 169.9441340782123
 313 171.9553072625699
 3 173.9664804469274
 143 175.9776536312849
 3 177.9888268156425
 0 180


