# Created by Octave 3.8.2, Sat Jun 20 17:40:49 2020 CEST <damian@fptrucha.inv.usc.es>
# name: hd
# type: matrix
# rows: 180
# columns: 2
 2 -180
 155 -177.9888268156425
 1 -175.9776536312849
 359 -173.9664804469274
 256 -171.9553072625698
 150 -169.9441340782123
 38 -167.9329608938548
 36 -165.9217877094972
 48 -163.9106145251397
 146 -161.8994413407821
 42 -159.8882681564246
 624 -157.877094972067
 71 -155.8659217877095
 115 -153.854748603352
 34 -151.8435754189944
 62 -149.8324022346369
 181 -147.8212290502793
 636 -145.8100558659218
 128 -143.7988826815642
 93 -141.7877094972067
 162 -139.7765363128491
 95 -137.7653631284916
 1 -135.7541899441341
 152 -133.7430167597765
 118 -131.731843575419
 78 -129.7206703910614
 172 -127.7094972067039
 208 -125.6983240223464
 101 -123.6871508379888
 176 -121.6759776536313
 174 -119.6648044692737
 3 -117.6536312849162
 114 -115.6424581005587
 121 -113.6312849162011
 143 -111.6201117318436
 15 -109.608938547486
 29 -107.5977653631285
 9 -105.5865921787709
 12 -103.5754189944134
 2 -101.5642458100559
 1 -99.55307262569832
 0 -97.54189944134077
 2 -95.53072625698323
 3 -93.5195530726257
 8226 -91.50837988826815
 10 -89.49720670391061
 0 -87.48603351955308
 0 -85.47486033519553
 0 -83.46368715083798
 0 -81.45251396648044
 10 -79.44134078212289
 2 -77.43016759776536
 50 -75.41899441340782
 18 -73.40782122905027
 49 -71.39664804469274
 121 -69.38547486033519
 74 -67.37430167597765
 77 -65.3631284916201
 42 -63.35195530726256
 275 -61.34078212290503
 117 -59.32960893854748
 209 -57.31843575418993
 109 -55.3072625698324
 66 -53.29608938547486
 241 -51.28491620111731
 56 -49.27374301675977
 94 -47.26256983240222
 1 -45.25139664804468
 249 -43.24022346368713
 3 -41.22905027932961
 154 -39.21787709497207
 341 -37.20670391061452
 419 -35.19553072625698
 97 -33.18435754189943
 60 -31.17318435754188
 169 -29.16201117318434
 12 -27.15083798882682
 45 -25.13966480446928
 710 -23.12849162011173
 128 -21.11731843575419
 55 -19.10614525139664
 10 -17.09497206703909
 36 -15.08379888268155
 174 -13.072625698324
 9 -11.06145251396646
 576 -9.050279329608941
 1 -7.039106145251395
 141 -5.02793296089385
 23 -3.016759776536304
 2 -1.005586592178759
 26 1.005586592178787
 117 3.016759776536333
 2 5.02793296089385
 566 7.039106145251395
 6 9.050279329608941
 117 11.06145251396649
 42 13.07262569832403
 14 15.08379888268158
 56 17.09497206703912
 108 19.10614525139667
 486 21.11731843575421
 54 23.12849162011173
 102 25.13966480446928
 87 27.15083798882682
 42 29.16201117318437
 230 31.17318435754191
 360 33.18435754189946
 244 35.195530726257
 165 37.20670391061452
 24 39.21787709497207
 300 41.22905027932961
 0 43.24022346368716
 136 45.2513966480447
 53 47.26256983240225
 218 49.27374301675979
 78 51.28491620111734
 195 53.29608938547489
 70 55.3072625698324
 133 57.31843575418995
 278 59.32960893854749
 71 61.34078212290504
 124 63.35195530726259
 62 65.36312849162013
 115 67.37430167597768
 51 69.38547486033519
 35 71.39664804469274
 47 73.40782122905028
 11 75.41899441340783
 7 77.43016759776538
 1 79.44134078212289
 0 81.45251396648047
 2 83.46368715083798
 5 85.47486033519556
 6 87.48603351955308
 7810 89.49720670391065
 8 91.50837988826817
 0 93.51955307262574
 2 95.53072625698326
 1 97.54189944134077
 2 99.55307262569835
 15 101.5642458100559
 14 103.5754189944134
 43 105.586592178771
 24 107.5977653631285
 108 109.608938547486
 113 111.6201117318436
 127 113.6312849162011
 2 115.6424581005587
 194 117.6536312849162
 153 119.6648044692737
 107 121.6759776536313
 171 123.6871508379888
 174 125.6983240223464
 89 127.7094972067039
 144 129.7206703910614
 180 131.731843575419
 1 133.7430167597765
 114 135.7541899441341
 163 137.7653631284916
 93 139.7765363128492
 153 141.7877094972067
 491 143.7988826815642
 129 145.8100558659218
 206 147.8212290502793
 37 149.8324022346369
 152 151.8435754189944
 73 153.854748603352
 464 155.8659217877095
 53 157.8770949720671
 104 159.8882681564246
 67 161.8994413407821
 40 163.9106145251397
 18 165.9217877094972
 121 167.9329608938548
 209 169.9441340782123
 350 171.9553072625699
 3 173.9664804469274
 157 175.9776536312849
 3 177.9888268156425
 0 180


