# Created by Octave 3.8.2, Sat Jun 20 05:10:22 2020 CEST <damian@fptrucha.inv.usc.es>
# name: hd
# type: matrix
# rows: 180
# columns: 2
 4 -180
 182 -177.9888268156425
 3 -175.9776536312849
 390 -173.9664804469274
 255 -171.9553072625698
 189 -169.9441340782123
 20 -167.9329608938548
 39 -165.9217877094972
 75 -163.9106145251397
 150 -161.8994413407821
 39 -159.8882681564246
 659 -157.877094972067
 71 -155.8659217877095
 139 -153.854748603352
 50 -151.8435754189944
 69 -149.8324022346369
 261 -147.8212290502793
 702 -145.8100558659218
 127 -143.7988826815642
 93 -141.7877094972067
 186 -139.7765363128491
 124 -137.7653631284916
 1 -135.7541899441341
 185 -133.7430167597765
 172 -131.731843575419
 85 -129.7206703910614
 222 -127.7094972067039
 283 -125.6983240223464
 127 -123.6871508379888
 226 -121.6759776536313
 233 -119.6648044692737
 4 -117.6536312849162
 112 -115.6424581005587
 120 -113.6312849162011
 158 -111.6201117318436
 8 -109.608938547486
 43 -107.5977653631285
 23 -105.5865921787709
 8 -103.5754189944134
 2 -101.5642458100559
 0 -99.55307262569832
 0 -97.54189944134077
 2 -95.53072625698323
 8 -93.5195530726257
 9122 -91.50837988826815
 12 -89.49720670391061
 1 -87.48603351955308
 1 -85.47486033519553
 1 -83.46368715083798
 1 -81.45251396648044
 18 -79.44134078212289
 10 -77.43016759776536
 59 -75.41899441340782
 33 -73.40782122905027
 48 -71.39664804469274
 108 -69.38547486033519
 82 -67.37430167597765
 98 -65.3631284916201
 61 -63.35195530726256
 283 -61.34078212290503
 128 -59.32960893854748
 225 -57.31843575418993
 105 -55.3072625698324
 93 -53.29608938547486
 257 -51.28491620111731
 53 -49.27374301675977
 114 -47.26256983240222
 1 -45.25139664804468
 296 -43.24022346368713
 1 -41.22905027932961
 180 -39.21787709497207
 345 -37.20670391061452
 522 -35.19553072625698
 109 -33.18435754189943
 64 -31.17318435754188
 171 -29.16201117318434
 11 -27.15083798882682
 71 -25.13966480446928
 724 -23.12849162011173
 144 -21.11731843575419
 55 -19.10614525139664
 14 -17.09497206703909
 37 -15.08379888268155
 198 -13.072625698324
 6 -11.06145251396646
 595 -9.050279329608941
 3 -7.039106145251395
 143 -5.02793296089385
 15 -3.016759776536304
 5 -1.005586592178759
 25 1.005586592178787
 127 3.016759776536333
 3 5.02793296089385
 580 7.039106145251395
 10 9.050279329608941
 154 11.06145251396649
 55 13.07262569832403
 11 15.08379888268158
 59 17.09497206703912
 142 19.10614525139667
 570 21.11731843575421
 64 23.12849162011173
 107 25.13966480446928
 104 27.15083798882682
 53 29.16201117318437
 234 31.17318435754191
 365 33.18435754189946
 261 35.195530726257
 180 37.20670391061452
 33 39.21787709497207
 266 41.22905027932961
 2 43.24022346368716
 143 45.2513966480447
 53 47.26256983240225
 247 49.27374301675979
 82 51.28491620111734
 182 53.29608938547489
 90 55.3072625698324
 135 57.31843575418995
 257 59.32960893854749
 75 61.34078212290504
 119 63.35195530726259
 51 65.36312849162013
 105 67.37430167597768
 60 69.38547486033519
 26 71.39664804469274
 55 73.40782122905028
 9 75.41899441340783
 8 77.43016759776538
 0 79.44134078212289
 0 81.45251396648047
 0 83.46368715083798
 4 85.47486033519556
 3 87.48603351955308
 8358 89.49720670391065
 9 91.50837988826817
 2 93.51955307262574
 2 95.53072625698326
 0 97.54189944134077
 2 99.55307262569835
 9 101.5642458100559
 32 103.5754189944134
 48 105.586592178771
 20 107.5977653631285
 141 109.608938547486
 141 111.6201117318436
 131 113.6312849162011
 3 115.6424581005587
 218 117.6536312849162
 160 119.6648044692737
 87 121.6759776536313
 191 123.6871508379888
 186 125.6983240223464
 83 127.7094972067039
 151 129.7206703910614
 191 131.731843575419
 4 133.7430167597765
 128 135.7541899441341
 164 137.7653631284916
 94 139.7765363128492
 154 141.7877094972067
 519 143.7988826815642
 132 145.8100558659218
 188 147.8212290502793
 38 149.8324022346369
 180 151.8435754189944
 72 153.854748603352
 506 155.8659217877095
 51 157.8770949720671
 137 159.8882681564246
 77 161.8994413407821
 46 163.9106145251397
 14 165.9217877094972
 147 167.9329608938548
 241 169.9441340782123
 376 171.9553072625699
 5 173.9664804469274
 169 175.9776536312849
 3 177.9888268156425
 0 180


