# Created by Octave 3.8.2, Sat Jun 20 15:26:30 2020 CEST <damian@fptrucha.inv.usc.es>
# name: hd
# type: matrix
# rows: 180
# columns: 2
 2 -180
 158 -177.9888268156425
 4 -175.9776536312849
 370 -173.9664804469274
 230 -171.9553072625698
 167 -169.9441340782123
 33 -167.9329608938548
 38 -165.9217877094972
 54 -163.9106145251397
 178 -161.8994413407821
 36 -159.8882681564246
 619 -157.877094972067
 58 -155.8659217877095
 140 -153.854748603352
 42 -151.8435754189944
 66 -149.8324022346369
 194 -147.8212290502793
 629 -145.8100558659218
 110 -143.7988826815642
 82 -141.7877094972067
 193 -139.7765363128491
 102 -137.7653631284916
 2 -135.7541899441341
 179 -133.7430167597765
 167 -131.731843575419
 79 -129.7206703910614
 178 -127.7094972067039
 212 -125.6983240223464
 101 -123.6871508379888
 201 -121.6759776536313
 165 -119.6648044692737
 3 -117.6536312849162
 101 -115.6424581005587
 107 -113.6312849162011
 131 -111.6201117318436
 17 -109.608938547486
 33 -107.5977653631285
 21 -105.5865921787709
 13 -103.5754189944134
 0 -101.5642458100559
 2 -99.55307262569832
 0 -97.54189944134077
 1 -95.53072625698323
 8 -93.5195530726257
 8419 -91.50837988826815
 15 -89.49720670391061
 3 -87.48603351955308
 1 -85.47486033519553
 0 -83.46368715083798
 1 -81.45251396648044
 7 -79.44134078212289
 4 -77.43016759776536
 36 -75.41899441340782
 20 -73.40782122905027
 49 -71.39664804469274
 107 -69.38547486033519
 69 -67.37430167597765
 85 -65.3631284916201
 39 -63.35195530726256
 293 -61.34078212290503
 156 -59.32960893854748
 230 -57.31843575418993
 93 -55.3072625698324
 84 -53.29608938547486
 210 -51.28491620111731
 46 -49.27374301675977
 103 -47.26256983240222
 2 -45.25139664804468
 289 -43.24022346368713
 2 -41.22905027932961
 149 -39.21787709497207
 320 -37.20670391061452
 482 -35.19553072625698
 119 -33.18435754189943
 50 -31.17318435754188
 153 -29.16201117318434
 19 -27.15083798882682
 58 -25.13966480446928
 695 -23.12849162011173
 134 -21.11731843575419
 39 -19.10614525139664
 7 -17.09497206703909
 35 -15.08379888268155
 178 -13.072625698324
 5 -11.06145251396646
 579 -9.050279329608941
 2 -7.039106145251395
 129 -5.02793296089385
 18 -3.016759776536304
 1 -1.005586592178759
 21 1.005586592178787
 131 3.016759776536333
 2 5.02793296089385
 573 7.039106145251395
 11 9.050279329608941
 130 11.06145251396649
 47 13.07262569832403
 13 15.08379888268158
 56 17.09497206703912
 100 19.10614525139667
 564 21.11731843575421
 44 23.12849162011173
 97 25.13966480446928
 107 27.15083798882682
 57 29.16201117318437
 233 31.17318435754191
 322 33.18435754189946
 268 35.195530726257
 167 37.20670391061452
 29 39.21787709497207
 281 41.22905027932961
 1 43.24022346368716
 127 45.2513966480447
 52 47.26256983240225
 209 49.27374301675979
 89 51.28491620111734
 194 53.29608938547489
 84 55.3072625698324
 136 57.31843575418995
 304 59.32960893854749
 61 61.34078212290504
 116 63.35195530726259
 59 65.36312849162013
 111 67.37430167597768
 49 69.38547486033519
 26 71.39664804469274
 65 73.40782122905028
 12 75.41899441340783
 7 77.43016759776538
 1 79.44134078212289
 0 81.45251396648047
 3 83.46368715083798
 2 85.47486033519556
 12 87.48603351955308
 7994 89.49720670391065
 7 91.50837988826817
 4 93.51955307262574
 1 95.53072625698326
 0 97.54189944134077
 1 99.55307262569835
 8 101.5642458100559
 22 103.5754189944134
 40 105.586592178771
 23 107.5977653631285
 94 109.608938547486
 116 111.6201117318436
 122 113.6312849162011
 1 115.6424581005587
 213 117.6536312849162
 177 119.6648044692737
 106 121.6759776536313
 172 123.6871508379888
 163 125.6983240223464
 77 127.7094972067039
 183 129.7206703910614
 186 131.731843575419
 0 133.7430167597765
 113 135.7541899441341
 172 137.7653631284916
 110 139.7765363128492
 152 141.7877094972067
 475 143.7988826815642
 125 145.8100558659218
 222 147.8212290502793
 43 149.8324022346369
 195 151.8435754189944
 51 153.854748603352
 467 155.8659217877095
 47 157.8770949720671
 118 159.8882681564246
 73 161.8994413407821
 36 163.9106145251397
 14 165.9217877094972
 118 167.9329608938548
 229 169.9441340782123
 330 171.9553072625699
 1 173.9664804469274
 175 175.9776536312849
 5 177.9888268156425
 0 180


