# Created by Octave 3.8.2, Sat Jun 20 12:19:07 2020 CEST <damian@fptrucha.inv.usc.es>
# name: hd
# type: matrix
# rows: 180
# columns: 2
 5 -180
 165 -177.9888268156425
 5 -175.9776536312849
 396 -173.9664804469274
 265 -171.9553072625698
 157 -169.9441340782123
 48 -167.9329608938548
 36 -165.9217877094972
 54 -163.9106145251397
 193 -161.8994413407821
 33 -159.8882681564246
 681 -157.877094972067
 66 -155.8659217877095
 128 -153.854748603352
 42 -151.8435754189944
 73 -149.8324022346369
 235 -147.8212290502793
 714 -145.8100558659218
 139 -143.7988826815642
 105 -141.7877094972067
 174 -139.7765363128491
 100 -137.7653631284916
 8 -135.7541899441341
 159 -133.7430167597765
 161 -131.731843575419
 87 -129.7206703910614
 193 -127.7094972067039
 249 -125.6983240223464
 124 -123.6871508379888
 213 -121.6759776536313
 205 -119.6648044692737
 2 -117.6536312849162
 91 -115.6424581005587
 104 -113.6312849162011
 127 -111.6201117318436
 18 -109.608938547486
 28 -107.5977653631285
 23 -105.5865921787709
 10 -103.5754189944134
 1 -101.5642458100559
 0 -99.55307262569832
 0 -97.54189944134077
 1 -95.53072625698323
 9 -93.5195530726257
 8672 -91.50837988826815
 5 -89.49720670391061
 8 -87.48603351955308
 1 -85.47486033519553
 1 -83.46368715083798
 3 -81.45251396648044
 9 -79.44134078212289
 2 -77.43016759776536
 54 -75.41899441340782
 30 -73.40782122905027
 68 -71.39664804469274
 106 -69.38547486033519
 64 -67.37430167597765
 101 -65.3631284916201
 57 -63.35195530726256
 318 -61.34078212290503
 139 -59.32960893854748
 243 -57.31843575418993
 88 -55.3072625698324
 70 -53.29608938547486
 224 -51.28491620111731
 68 -49.27374301675977
 113 -47.26256983240222
 2 -45.25139664804468
 286 -43.24022346368713
 3 -41.22905027932961
 162 -39.21787709497207
 363 -37.20670391061452
 495 -35.19553072625698
 111 -33.18435754189943
 54 -31.17318435754188
 144 -29.16201117318434
 5 -27.15083798882682
 59 -25.13966480446928
 655 -23.12849162011173
 162 -21.11731843575419
 55 -19.10614525139664
 12 -17.09497206703909
 39 -15.08379888268155
 159 -13.072625698324
 10 -11.06145251396646
 571 -9.050279329608941
 1 -7.039106145251395
 123 -5.02793296089385
 30 -3.016759776536304
 2 -1.005586592178759
 24 1.005586592178787
 131 3.016759776536333
 3 5.02793296089385
 576 7.039106145251395
 11 9.050279329608941
 132 11.06145251396649
 63 13.07262569832403
 8 15.08379888268158
 74 17.09497206703912
 144 19.10614525139667
 553 21.11731843575421
 70 23.12849162011173
 88 25.13966480446928
 135 27.15083798882682
 65 29.16201117318437
 259 31.17318435754191
 309 33.18435754189946
 246 35.195530726257
 177 37.20670391061452
 36 39.21787709497207
 302 41.22905027932961
 1 43.24022346368716
 143 45.2513966480447
 65 47.26256983240225
 236 49.27374301675979
 79 51.28491620111734
 238 53.29608938547489
 79 55.3072625698324
 141 57.31843575418995
 287 59.32960893854749
 60 61.34078212290504
 146 63.35195530726259
 86 65.36312849162013
 132 67.37430167597768
 47 69.38547486033519
 31 71.39664804469274
 52 73.40782122905028
 7 75.41899441340783
 12 77.43016759776538
 4 79.44134078212289
 0 81.45251396648047
 1 83.46368715083798
 5 85.47486033519556
 9 87.48603351955308
 8526 89.49720670391065
 7 91.50837988826817
 1 93.51955307262574
 1 95.53072625698326
 0 97.54189944134077
 4 99.55307262569835
 21 101.5642458100559
 27 103.5754189944134
 49 105.586592178771
 30 107.5977653631285
 143 109.608938547486
 130 111.6201117318436
 125 113.6312849162011
 2 115.6424581005587
 225 117.6536312849162
 183 119.6648044692737
 118 121.6759776536313
 192 123.6871508379888
 198 125.6983240223464
 87 127.7094972067039
 200 129.7206703910614
 184 131.731843575419
 2 133.7430167597765
 145 135.7541899441341
 177 137.7653631284916
 125 139.7765363128492
 165 141.7877094972067
 570 143.7988826815642
 137 145.8100558659218
 237 147.8212290502793
 52 149.8324022346369
 175 151.8435754189944
 65 153.854748603352
 532 155.8659217877095
 52 157.8770949720671
 118 159.8882681564246
 78 161.8994413407821
 54 163.9106145251397
 20 165.9217877094972
 133 167.9329608938548
 240 169.9441340782123
 357 171.9553072625699
 2 173.9664804469274
 160 175.9776536312849
 5 177.9888268156425
 0 180


