# Created by Octave 3.8.2, Sun Jun 21 01:26:21 2020 CEST <damian@fptrucha.inv.usc.es>
# name: hd
# type: matrix
# rows: 180
# columns: 2
 4 -180
 136 -177.9888268156425
 3 -175.9776536312849
 352 -173.9664804469274
 216 -171.9553072625698
 147 -169.9441340782123
 27 -167.9329608938548
 33 -165.9217877094972
 55 -163.9106145251397
 136 -161.8994413407821
 40 -159.8882681564246
 563 -157.877094972067
 51 -155.8659217877095
 130 -153.854748603352
 31 -151.8435754189944
 57 -149.8324022346369
 207 -147.8212290502793
 590 -145.8100558659218
 120 -143.7988826815642
 75 -141.7877094972067
 183 -139.7765363128491
 100 -137.7653631284916
 1 -135.7541899441341
 148 -133.7430167597765
 138 -131.731843575419
 63 -129.7206703910614
 162 -127.7094972067039
 210 -125.6983240223464
 101 -123.6871508379888
 186 -121.6759776536313
 183 -119.6648044692737
 6 -117.6536312849162
 104 -115.6424581005587
 110 -113.6312849162011
 97 -111.6201117318436
 12 -109.608938547486
 35 -107.5977653631285
 28 -105.5865921787709
 5 -103.5754189944134
 1 -101.5642458100559
 0 -99.55307262569832
 2 -97.54189944134077
 2 -95.53072625698323
 2 -93.5195530726257
 8076 -91.50837988826815
 10 -89.49720670391061
 3 -87.48603351955308
 2 -85.47486033519553
 1 -83.46368715083798
 1 -81.45251396648044
 3 -79.44134078212289
 4 -77.43016759776536
 46 -75.41899441340782
 21 -73.40782122905027
 51 -71.39664804469274
 121 -69.38547486033519
 77 -67.37430167597765
 98 -65.3631284916201
 42 -63.35195530726256
 262 -61.34078212290503
 141 -59.32960893854748
 221 -57.31843575418993
 95 -55.3072625698324
 62 -53.29608938547486
 216 -51.28491620111731
 39 -49.27374301675977
 102 -47.26256983240222
 5 -45.25139664804468
 264 -43.24022346368713
 5 -41.22905027932961
 141 -39.21787709497207
 292 -37.20670391061452
 435 -35.19553072625698
 100 -33.18435754189943
 60 -31.17318435754188
 140 -29.16201117318434
 7 -27.15083798882682
 53 -25.13966480446928
 619 -23.12849162011173
 153 -21.11731843575419
 41 -19.10614525139664
 11 -17.09497206703909
 40 -15.08379888268155
 136 -13.072625698324
 13 -11.06145251396646
 522 -9.050279329608941
 0 -7.039106145251395
 111 -5.02793296089385
 12 -3.016759776536304
 1 -1.005586592178759
 17 1.005586592178787
 127 3.016759776536333
 1 5.02793296089385
 553 7.039106145251395
 9 9.050279329608941
 143 11.06145251396649
 47 13.07262569832403
 7 15.08379888268158
 61 17.09497206703912
 100 19.10614525139667
 462 21.11731843575421
 47 23.12849162011173
 89 25.13966480446928
 114 27.15083798882682
 53 29.16201117318437
 208 31.17318435754191
 305 33.18435754189946
 229 35.195530726257
 153 37.20670391061452
 32 39.21787709497207
 259 41.22905027932961
 0 43.24022346368716
 105 45.2513966480447
 48 47.26256983240225
 208 49.27374301675979
 85 51.28491620111734
 189 53.29608938547489
 72 55.3072625698324
 129 57.31843575418995
 219 59.32960893854749
 57 61.34078212290504
 128 63.35195530726259
 76 65.36312849162013
 80 67.37430167597768
 34 69.38547486033519
 37 71.39664804469274
 40 73.40782122905028
 5 75.41899441340783
 4 77.43016759776538
 2 79.44134078212289
 0 81.45251396648047
 2 83.46368715083798
 1 85.47486033519556
 7 87.48603351955308
 7418 89.49720670391065
 4 91.50837988826817
 5 93.51955307262574
 3 95.53072625698326
 3 97.54189944134077
 1 99.55307262569835
 8 101.5642458100559
 19 103.5754189944134
 24 105.586592178771
 16 107.5977653631285
 94 109.608938547486
 108 111.6201117318436
 127 113.6312849162011
 0 115.6424581005587
 169 117.6536312849162
 164 119.6648044692737
 70 121.6759776536313
 183 123.6871508379888
 157 125.6983240223464
 96 127.7094972067039
 153 129.7206703910614
 184 131.731843575419
 4 133.7430167597765
 124 135.7541899441341
 163 137.7653631284916
 89 139.7765363128492
 157 141.7877094972067
 483 143.7988826815642
 118 145.8100558659218
 194 147.8212290502793
 39 149.8324022346369
 146 151.8435754189944
 62 153.854748603352
 432 155.8659217877095
 54 157.8770949720671
 114 159.8882681564246
 51 161.8994413407821
 50 163.9106145251397
 15 165.9217877094972
 119 167.9329608938548
 220 169.9441340782123
 330 171.9553072625699
 0 173.9664804469274
 152 175.9776536312849
 0 177.9888268156425
 0 180


