# Created by Octave 3.8.2, Sat Jun 20 03:53:42 2020 CEST <damian@fptrucha.inv.usc.es>
# name: hd
# type: matrix
# rows: 180
# columns: 2
 4 -180
 171 -177.9888268156425
 6 -175.9776536312849
 355 -173.9664804469274
 279 -171.9553072625698
 186 -169.9441340782123
 25 -167.9329608938548
 37 -165.9217877094972
 60 -163.9106145251397
 169 -161.8994413407821
 41 -159.8882681564246
 726 -157.877094972067
 74 -155.8659217877095
 127 -153.854748603352
 43 -151.8435754189944
 78 -149.8324022346369
 246 -147.8212290502793
 703 -145.8100558659218
 139 -143.7988826815642
 94 -141.7877094972067
 211 -139.7765363128491
 146 -137.7653631284916
 3 -135.7541899441341
 186 -133.7430167597765
 186 -131.731843575419
 95 -129.7206703910614
 203 -127.7094972067039
 280 -125.6983240223464
 115 -123.6871508379888
 241 -121.6759776536313
 220 -119.6648044692737
 8 -117.6536312849162
 100 -115.6424581005587
 153 -113.6312849162011
 134 -111.6201117318436
 17 -109.608938547486
 46 -107.5977653631285
 20 -105.5865921787709
 16 -103.5754189944134
 3 -101.5642458100559
 0 -99.55307262569832
 0 -97.54189944134077
 3 -95.53072625698323
 0 -93.5195530726257
 9301 -91.50837988826815
 5 -89.49720670391061
 2 -87.48603351955308
 0 -85.47486033519553
 0 -83.46368715083798
 0 -81.45251396648044
 4 -79.44134078212289
 3 -77.43016759776536
 48 -75.41899441340782
 25 -73.40782122905027
 65 -71.39664804469274
 146 -69.38547486033519
 77 -67.37430167597765
 128 -65.3631284916201
 48 -63.35195530726256
 333 -61.34078212290503
 179 -59.32960893854748
 262 -57.31843575418993
 105 -55.3072625698324
 87 -53.29608938547486
 256 -51.28491620111731
 69 -49.27374301675977
 122 -47.26256983240222
 0 -45.25139664804468
 340 -43.24022346368713
 1 -41.22905027932961
 152 -39.21787709497207
 357 -37.20670391061452
 465 -35.19553072625698
 128 -33.18435754189943
 57 -31.17318435754188
 158 -29.16201117318434
 7 -27.15083798882682
 76 -25.13966480446928
 684 -23.12849162011173
 155 -21.11731843575419
 49 -19.10614525139664
 10 -17.09497206703909
 40 -15.08379888268155
 163 -13.072625698324
 5 -11.06145251396646
 602 -9.050279329608941
 2 -7.039106145251395
 126 -5.02793296089385
 16 -3.016759776536304
 3 -1.005586592178759
 18 1.005586592178787
 137 3.016759776536333
 1 5.02793296089385
 590 7.039106145251395
 7 9.050279329608941
 115 11.06145251396649
 36 13.07262569832403
 6 15.08379888268158
 52 17.09497206703912
 126 19.10614525139667
 594 21.11731843575421
 59 23.12849162011173
 106 25.13966480446928
 109 27.15083798882682
 61 29.16201117318437
 226 31.17318435754191
 357 33.18435754189946
 265 35.195530726257
 161 37.20670391061452
 25 39.21787709497207
 257 41.22905027932961
 4 43.24022346368716
 136 45.2513966480447
 55 47.26256983240225
 222 49.27374301675979
 104 51.28491620111734
 222 53.29608938547489
 85 55.3072625698324
 137 57.31843575418995
 248 59.32960893854749
 54 61.34078212290504
 100 63.35195530726259
 66 65.36312849162013
 102 67.37430167597768
 32 69.38547486033519
 17 71.39664804469274
 44 73.40782122905028
 7 75.41899441340783
 2 77.43016759776538
 2 79.44134078212289
 0 81.45251396648047
 0 83.46368715083798
 2 85.47486033519556
 8 87.48603351955308
 8287 89.49720670391065
 5 91.50837988826817
 4 93.51955307262574
 0 95.53072625698326
 0 97.54189944134077
 4 99.55307262569835
 6 101.5642458100559
 22 103.5754189944134
 38 105.586592178771
 24 107.5977653631285
 112 109.608938547486
 127 111.6201117318436
 110 113.6312849162011
 4 115.6424581005587
 229 117.6536312849162
 179 119.6648044692737
 99 121.6759776536313
 185 123.6871508379888
 213 125.6983240223464
 87 127.7094972067039
 179 129.7206703910614
 166 131.731843575419
 1 133.7430167597765
 124 135.7541899441341
 174 137.7653631284916
 94 139.7765363128492
 142 141.7877094972067
 545 143.7988826815642
 152 145.8100558659218
 199 147.8212290502793
 45 149.8324022346369
 160 151.8435754189944
 63 153.854748603352
 539 155.8659217877095
 66 157.8770949720671
 147 159.8882681564246
 60 161.8994413407821
 39 163.9106145251397
 23 165.9217877094972
 140 167.9329608938548
 249 169.9441340782123
 364 171.9553072625699
 4 173.9664804469274
 178 175.9776536312849
 4 177.9888268156425
 0 180


