# Created by Octave 3.8.2, Sat Jun 20 08:13:51 2020 CEST <damian@fptrucha.inv.usc.es>
# name: hd
# type: matrix
# rows: 180
# columns: 2
 1 -180
 176 -177.9888268156425
 9 -175.9776536312849
 427 -173.9664804469274
 280 -171.9553072625698
 169 -169.9441340782123
 31 -167.9329608938548
 42 -165.9217877094972
 51 -163.9106145251397
 175 -161.8994413407821
 43 -159.8882681564246
 713 -157.877094972067
 79 -155.8659217877095
 141 -153.854748603352
 48 -151.8435754189944
 68 -149.8324022346369
 244 -147.8212290502793
 760 -145.8100558659218
 122 -143.7988826815642
 90 -141.7877094972067
 212 -139.7765363128491
 115 -137.7653631284916
 4 -135.7541899441341
 209 -133.7430167597765
 177 -131.731843575419
 119 -129.7206703910614
 222 -127.7094972067039
 260 -125.6983240223464
 120 -123.6871508379888
 240 -121.6759776536313
 219 -119.6648044692737
 3 -117.6536312849162
 125 -115.6424581005587
 168 -113.6312849162011
 171 -111.6201117318436
 19 -109.608938547486
 31 -107.5977653631285
 24 -105.5865921787709
 13 -103.5754189944134
 3 -101.5642458100559
 2 -99.55307262569832
 1 -97.54189944134077
 2 -95.53072625698323
 8 -93.5195530726257
 9587 -91.50837988826815
 11 -89.49720670391061
 2 -87.48603351955308
 1 -85.47486033519553
 2 -83.46368715083798
 4 -81.45251396648044
 10 -79.44134078212289
 10 -77.43016759776536
 64 -75.41899441340782
 32 -73.40782122905027
 63 -71.39664804469274
 155 -69.38547486033519
 74 -67.37430167597765
 118 -65.3631284916201
 51 -63.35195530726256
 358 -61.34078212290503
 178 -59.32960893854748
 247 -57.31843575418993
 103 -55.3072625698324
 100 -53.29608938547486
 285 -51.28491620111731
 61 -49.27374301675977
 130 -47.26256983240222
 0 -45.25139664804468
 333 -43.24022346368713
 3 -41.22905027932961
 189 -39.21787709497207
 323 -37.20670391061452
 489 -35.19553072625698
 121 -33.18435754189943
 63 -31.17318435754188
 172 -29.16201117318434
 12 -27.15083798882682
 51 -25.13966480446928
 678 -23.12849162011173
 179 -21.11731843575419
 66 -19.10614525139664
 14 -17.09497206703909
 45 -15.08379888268155
 203 -13.072625698324
 11 -11.06145251396646
 590 -9.050279329608941
 2 -7.039106145251395
 145 -5.02793296089385
 22 -3.016759776536304
 3 -1.005586592178759
 22 1.005586592178787
 145 3.016759776536333
 6 5.02793296089385
 592 7.039106145251395
 13 9.050279329608941
 147 11.06145251396649
 47 13.07262569832403
 14 15.08379888268158
 73 17.09497206703912
 136 19.10614525139667
 559 21.11731843575421
 64 23.12849162011173
 99 25.13966480446928
 98 27.15083798882682
 74 29.16201117318437
 246 31.17318435754191
 356 33.18435754189946
 277 35.195530726257
 186 37.20670391061452
 41 39.21787709497207
 298 41.22905027932961
 2 43.24022346368716
 150 45.2513966480447
 69 47.26256983240225
 230 49.27374301675979
 83 51.28491620111734
 216 53.29608938547489
 91 55.3072625698324
 133 57.31843575418995
 288 59.32960893854749
 69 61.34078212290504
 119 63.35195530726259
 97 65.36312849162013
 120 67.37430167597768
 53 69.38547486033519
 45 71.39664804469274
 41 73.40782122905028
 5 75.41899441340783
 6 77.43016759776538
 1 79.44134078212289
 0 81.45251396648047
 1 83.46368715083798
 4 85.47486033519556
 12 87.48603351955308
 8493 89.49720670391065
 3 91.50837988826817
 2 93.51955307262574
 0 95.53072625698326
 1 97.54189944134077
 1 99.55307262569835
 10 101.5642458100559
 23 103.5754189944134
 36 105.586592178771
 25 107.5977653631285
 122 109.608938547486
 125 111.6201117318436
 146 113.6312849162011
 3 115.6424581005587
 204 117.6536312849162
 175 119.6648044692737
 85 121.6759776536313
 188 123.6871508379888
 198 125.6983240223464
 80 127.7094972067039
 165 129.7206703910614
 182 131.731843575419
 3 133.7430167597765
 134 135.7541899441341
 189 137.7653631284916
 103 139.7765363128492
 172 141.7877094972067
 539 143.7988826815642
 128 145.8100558659218
 205 147.8212290502793
 34 149.8324022346369
 187 151.8435754189944
 79 153.854748603352
 523 155.8659217877095
 56 157.8770949720671
 146 159.8882681564246
 68 161.8994413407821
 51 163.9106145251397
 22 165.9217877094972
 156 167.9329608938548
 263 169.9441340782123
 388 171.9553072625699
 5 173.9664804469274
 189 175.9776536312849
 3 177.9888268156425
 0 180


