# Created by Octave 3.8.2, Mon Jun 22 17:48:46 2020 CEST <damian@fptrucha.inv.usc.es>
# name: hd
# type: matrix
# rows: 180
# columns: 2
 5 -180
 159 -177.9888268156425
 6 -175.9776536312849
 384 -173.9664804469274
 234 -171.9553072625698
 147 -169.9441340782123
 37 -167.9329608938548
 51 -165.9217877094972
 67 -163.9106145251397
 149 -161.8994413407821
 49 -159.8882681564246
 589 -157.877094972067
 77 -155.8659217877095
 120 -153.854748603352
 51 -151.8435754189944
 96 -149.8324022346369
 235 -147.8212290502793
 607 -145.8100558659218
 127 -143.7988826815642
 106 -141.7877094972067
 179 -139.7765363128491
 134 -137.7653631284916
 3 -135.7541899441341
 189 -133.7430167597765
 165 -131.731843575419
 79 -129.7206703910614
 180 -127.7094972067039
 215 -125.6983240223464
 96 -123.6871508379888
 197 -121.6759776536313
 213 -119.6648044692737
 4 -117.6536312849162
 134 -115.6424581005587
 153 -113.6312849162011
 126 -111.6201117318436
 30 -109.608938547486
 54 -107.5977653631285
 25 -105.5865921787709
 20 -103.5754189944134
 1 -101.5642458100559
 1 -99.55307262569832
 1 -97.54189944134077
 1 -95.53072625698323
 6 -93.5195530726257
 8275 -91.50837988826815
 12 -89.49720670391061
 4 -87.48603351955308
 3 -85.47486033519553
 2 -83.46368715083798
 3 -81.45251396648044
 11 -79.44134078212289
 7 -77.43016759776536
 54 -75.41899441340782
 30 -73.40782122905027
 61 -71.39664804469274
 119 -69.38547486033519
 76 -67.37430167597765
 118 -65.3631284916201
 46 -63.35195530726256
 277 -61.34078212290503
 154 -59.32960893854748
 214 -57.31843575418993
 80 -55.3072625698324
 78 -53.29608938547486
 224 -51.28491620111731
 65 -49.27374301675977
 113 -47.26256983240222
 3 -45.25139664804468
 294 -43.24022346368713
 3 -41.22905027932961
 151 -39.21787709497207
 308 -37.20670391061452
 420 -35.19553072625698
 120 -33.18435754189943
 70 -31.17318435754188
 187 -29.16201117318434
 15 -27.15083798882682
 80 -25.13966480446928
 614 -23.12849162011173
 133 -21.11731843575419
 63 -19.10614525139664
 8 -17.09497206703909
 52 -15.08379888268155
 149 -13.072625698324
 13 -11.06145251396646
 551 -9.050279329608941
 2 -7.039106145251395
 140 -5.02793296089385
 32 -3.016759776536304
 4 -1.005586592178759
 27 1.005586592178787
 117 3.016759776536333
 7 5.02793296089385
 586 7.039106145251395
 4 9.050279329608941
 141 11.06145251396649
 42 13.07262569832403
 10 15.08379888268158
 53 17.09497206703912
 127 19.10614525139667
 561 21.11731843575421
 55 23.12849162011173
 98 25.13966480446928
 105 27.15083798882682
 73 29.16201117318437
 187 31.17318435754191
 311 33.18435754189946
 234 35.195530726257
 157 37.20670391061452
 30 39.21787709497207
 304 41.22905027932961
 4 43.24022346368716
 126 45.2513966480447
 60 47.26256983240225
 232 49.27374301675979
 91 51.28491620111734
 206 53.29608938547489
 86 55.3072625698324
 159 57.31843575418995
 256 59.32960893854749
 60 61.34078212290504
 107 63.35195530726259
 94 65.36312849162013
 131 67.37430167597768
 49 69.38547486033519
 28 71.39664804469274
 67 73.40782122905028
 5 75.41899441340783
 10 77.43016759776538
 2 79.44134078212289
 0 81.45251396648047
 1 83.46368715083798
 8 85.47486033519556
 11 87.48603351955308
 7735 89.49720670391065
 9 91.50837988826817
 5 93.51955307262574
 1 95.53072625698326
 0 97.54189944134077
 7 99.55307262569835
 20 101.5642458100559
 26 103.5754189944134
 44 105.586592178771
 19 107.5977653631285
 131 109.608938547486
 114 111.6201117318436
 136 113.6312849162011
 3 115.6424581005587
 227 117.6536312849162
 167 119.6648044692737
 90 121.6759776536313
 200 123.6871508379888
 190 125.6983240223464
 86 127.7094972067039
 148 129.7206703910614
 186 131.731843575419
 0 133.7430167597765
 117 135.7541899441341
 176 137.7653631284916
 99 139.7765363128492
 136 141.7877094972067
 526 143.7988826815642
 95 145.8100558659218
 194 147.8212290502793
 53 149.8324022346369
 149 151.8435754189944
 78 153.854748603352
 551 155.8659217877095
 54 157.8770949720671
 153 159.8882681564246
 72 161.8994413407821
 46 163.9106145251397
 22 165.9217877094972
 153 167.9329608938548
 218 169.9441340782123
 367 171.9553072625699
 3 173.9664804469274
 151 175.9776536312849
 5 177.9888268156425
 0 180


