# Created by Octave 3.8.2, Sat Jun 20 02:39:16 2020 CEST <damian@fptrucha.inv.usc.es>
# name: hd
# type: matrix
# rows: 180
# columns: 2
 6 -180
 206 -177.9888268156425
 2 -175.9776536312849
 414 -173.9664804469274
 257 -171.9553072625698
 160 -169.9441340782123
 28 -167.9329608938548
 33 -165.9217877094972
 48 -163.9106145251397
 170 -161.8994413407821
 49 -159.8882681564246
 733 -157.877094972067
 71 -155.8659217877095
 128 -153.854748603352
 49 -151.8435754189944
 78 -149.8324022346369
 256 -147.8212290502793
 688 -145.8100558659218
 148 -143.7988826815642
 94 -141.7877094972067
 213 -139.7765363128491
 122 -137.7653631284916
 6 -135.7541899441341
 189 -133.7430167597765
 161 -131.731843575419
 89 -129.7206703910614
 222 -127.7094972067039
 248 -125.6983240223464
 118 -123.6871508379888
 193 -121.6759776536313
 215 -119.6648044692737
 6 -117.6536312849162
 95 -115.6424581005587
 134 -113.6312849162011
 132 -111.6201117318436
 19 -109.608938547486
 40 -107.5977653631285
 24 -105.5865921787709
 13 -103.5754189944134
 4 -101.5642458100559
 1 -99.55307262569832
 2 -97.54189944134077
 4 -95.53072625698323
 1 -93.5195530726257
 9149 -91.50837988826815
 10 -89.49720670391061
 5 -87.48603351955308
 1 -85.47486033519553
 0 -83.46368715083798
 0 -81.45251396648044
 7 -79.44134078212289
 7 -77.43016759776536
 60 -75.41899441340782
 41 -73.40782122905027
 64 -71.39664804469274
 151 -69.38547486033519
 88 -67.37430167597765
 90 -65.3631284916201
 59 -63.35195530726256
 297 -61.34078212290503
 174 -59.32960893854748
 235 -57.31843575418993
 99 -55.3072625698324
 87 -53.29608938547486
 226 -51.28491620111731
 57 -49.27374301675977
 130 -47.26256983240222
 1 -45.25139664804468
 281 -43.24022346368713
 4 -41.22905027932961
 169 -39.21787709497207
 337 -37.20670391061452
 473 -35.19553072625698
 110 -33.18435754189943
 67 -31.17318435754188
 145 -29.16201117318434
 7 -27.15083798882682
 60 -25.13966480446928
 690 -23.12849162011173
 116 -21.11731843575419
 50 -19.10614525139664
 18 -17.09497206703909
 36 -15.08379888268155
 171 -13.072625698324
 10 -11.06145251396646
 587 -9.050279329608941
 5 -7.039106145251395
 138 -5.02793296089385
 23 -3.016759776536304
 1 -1.005586592178759
 19 1.005586592178787
 142 3.016759776536333
 2 5.02793296089385
 588 7.039106145251395
 3 9.050279329608941
 127 11.06145251396649
 50 13.07262569832403
 6 15.08379888268158
 54 17.09497206703912
 111 19.10614525139667
 555 21.11731843575421
 48 23.12849162011173
 115 25.13966480446928
 115 27.15083798882682
 62 29.16201117318437
 232 31.17318435754191
 338 33.18435754189946
 265 35.195530726257
 172 37.20670391061452
 25 39.21787709497207
 271 41.22905027932961
 2 43.24022346368716
 111 45.2513966480447
 76 47.26256983240225
 198 49.27374301675979
 86 51.28491620111734
 206 53.29608938547489
 74 55.3072625698324
 135 57.31843575418995
 254 59.32960893854749
 48 61.34078212290504
 102 63.35195530726259
 60 65.36312849162013
 101 67.37430167597768
 37 69.38547486033519
 23 71.39664804469274
 34 73.40782122905028
 6 75.41899441340783
 5 77.43016759776538
 1 79.44134078212289
 0 81.45251396648047
 1 83.46368715083798
 1 85.47486033519556
 10 87.48603351955308
 8123 89.49720670391065
 7 91.50837988826817
 2 93.51955307262574
 2 95.53072625698326
 0 97.54189944134077
 4 99.55307262569835
 11 101.5642458100559
 19 103.5754189944134
 37 105.586592178771
 22 107.5977653631285
 89 109.608938547486
 98 111.6201117318436
 110 113.6312849162011
 1 115.6424581005587
 211 117.6536312849162
 181 119.6648044692737
 97 121.6759776536313
 182 123.6871508379888
 176 125.6983240223464
 75 127.7094972067039
 159 129.7206703910614
 164 131.731843575419
 3 133.7430167597765
 116 135.7541899441341
 190 137.7653631284916
 116 139.7765363128492
 158 141.7877094972067
 567 143.7988826815642
 118 145.8100558659218
 216 147.8212290502793
 37 149.8324022346369
 176 151.8435754189944
 73 153.854748603352
 536 155.8659217877095
 43 157.8770949720671
 141 159.8882681564246
 69 161.8994413407821
 50 163.9106145251397
 8 165.9217877094972
 123 167.9329608938548
 256 169.9441340782123
 341 171.9553072625699
 1 173.9664804469274
 167 175.9776536312849
 3 177.9888268156425
 0 180


