# Created by Octave 3.8.2, Mon Jun 22 01:10:23 2020 CEST <damian@fptrucha.inv.usc.es>
# name: hd
# type: matrix
# rows: 180
# columns: 2
 2 -180
 153 -177.9888268156425
 1 -175.9776536312849
 355 -173.9664804469274
 243 -171.9553072625698
 152 -169.9441340782123
 24 -167.9329608938548
 38 -165.9217877094972
 73 -163.9106145251397
 158 -161.8994413407821
 38 -159.8882681564246
 596 -157.877094972067
 72 -155.8659217877095
 118 -153.854748603352
 42 -151.8435754189944
 68 -149.8324022346369
 191 -147.8212290502793
 654 -145.8100558659218
 108 -143.7988826815642
 82 -141.7877094972067
 156 -139.7765363128491
 69 -137.7653631284916
 0 -135.7541899441341
 149 -133.7430167597765
 138 -131.731843575419
 75 -129.7206703910614
 195 -127.7094972067039
 200 -125.6983240223464
 104 -123.6871508379888
 194 -121.6759776536313
 157 -119.6648044692737
 7 -117.6536312849162
 71 -115.6424581005587
 94 -113.6312849162011
 104 -111.6201117318436
 16 -109.608938547486
 35 -107.5977653631285
 22 -105.5865921787709
 15 -103.5754189944134
 1 -101.5642458100559
 0 -99.55307262569832
 1 -97.54189944134077
 3 -95.53072625698323
 5 -93.5195530726257
 8080 -91.50837988826815
 6 -89.49720670391061
 4 -87.48603351955308
 0 -85.47486033519553
 1 -83.46368715083798
 2 -81.45251396648044
 3 -79.44134078212289
 2 -77.43016759776536
 45 -75.41899441340782
 30 -73.40782122905027
 49 -71.39664804469274
 110 -69.38547486033519
 69 -67.37430167597765
 103 -65.3631284916201
 43 -63.35195530726256
 260 -61.34078212290503
 133 -59.32960893854748
 206 -57.31843575418993
 87 -55.3072625698324
 75 -53.29608938547486
 198 -51.28491620111731
 50 -49.27374301675977
 121 -47.26256983240222
 1 -45.25139664804468
 259 -43.24022346368713
 2 -41.22905027932961
 138 -39.21787709497207
 319 -37.20670391061452
 457 -35.19553072625698
 109 -33.18435754189943
 49 -31.17318435754188
 177 -29.16201117318434
 2 -27.15083798882682
 51 -25.13966480446928
 652 -23.12849162011173
 126 -21.11731843575419
 56 -19.10614525139664
 9 -17.09497206703909
 42 -15.08379888268155
 169 -13.072625698324
 6 -11.06145251396646
 595 -9.050279329608941
 0 -7.039106145251395
 144 -5.02793296089385
 18 -3.016759776536304
 2 -1.005586592178759
 15 1.005586592178787
 124 3.016759776536333
 3 5.02793296089385
 554 7.039106145251395
 8 9.050279329608941
 139 11.06145251396649
 45 13.07262569832403
 13 15.08379888268158
 61 17.09497206703912
 130 19.10614525139667
 513 21.11731843575421
 61 23.12849162011173
 101 25.13966480446928
 111 27.15083798882682
 67 29.16201117318437
 253 31.17318435754191
 308 33.18435754189946
 256 35.195530726257
 148 37.20670391061452
 27 39.21787709497207
 319 41.22905027932961
 3 43.24022346368716
 116 45.2513966480447
 69 47.26256983240225
 229 49.27374301675979
 66 51.28491620111734
 178 53.29608938547489
 99 55.3072625698324
 146 57.31843575418995
 237 59.32960893854749
 62 61.34078212290504
 121 63.35195530726259
 77 65.36312849162013
 128 67.37430167597768
 46 69.38547486033519
 29 71.39664804469274
 41 73.40782122905028
 7 75.41899441340783
 4 77.43016759776538
 1 79.44134078212289
 1 81.45251396648047
 0 83.46368715083798
 4 85.47486033519556
 4 87.48603351955308
 7760 89.49720670391065
 6 91.50837988826817
 0 93.51955307262574
 0 95.53072625698326
 0 97.54189944134077
 0 99.55307262569835
 8 101.5642458100559
 24 103.5754189944134
 34 105.586592178771
 21 107.5977653631285
 106 109.608938547486
 110 111.6201117318436
 109 113.6312849162011
 2 115.6424581005587
 228 117.6536312849162
 175 119.6648044692737
 83 121.6759776536313
 179 123.6871508379888
 169 125.6983240223464
 80 127.7094972067039
 160 129.7206703910614
 167 131.731843575419
 2 133.7430167597765
 135 135.7541899441341
 159 137.7653631284916
 108 139.7765363128492
 121 141.7877094972067
 457 143.7988826815642
 113 145.8100558659218
 232 147.8212290502793
 35 149.8324022346369
 151 151.8435754189944
 65 153.854748603352
 482 155.8659217877095
 48 157.8770949720671
 129 159.8882681564246
 68 161.8994413407821
 49 163.9106145251397
 20 165.9217877094972
 114 167.9329608938548
 208 169.9441340782123
 309 171.9553072625699
 2 173.9664804469274
 150 175.9776536312849
 4 177.9888268156425
 0 180


