# Created by Octave 3.8.2, Sat Jun 20 04:32:19 2020 CEST <damian@fptrucha.inv.usc.es>
# name: hd
# type: matrix
# rows: 180
# columns: 2
 2 -180
 159 -177.9888268156425
 2 -175.9776536312849
 415 -173.9664804469274
 269 -171.9553072625698
 168 -169.9441340782123
 31 -167.9329608938548
 28 -165.9217877094972
 59 -163.9106145251397
 176 -161.8994413407821
 42 -159.8882681564246
 686 -157.877094972067
 57 -155.8659217877095
 138 -153.854748603352
 37 -151.8435754189944
 84 -149.8324022346369
 259 -147.8212290502793
 663 -145.8100558659218
 159 -143.7988826815642
 101 -141.7877094972067
 245 -139.7765363128491
 117 -137.7653631284916
 4 -135.7541899441341
 186 -133.7430167597765
 164 -131.731843575419
 88 -129.7206703910614
 186 -127.7094972067039
 266 -125.6983240223464
 100 -123.6871508379888
 221 -121.6759776536313
 227 -119.6648044692737
 7 -117.6536312849162
 109 -115.6424581005587
 149 -113.6312849162011
 117 -111.6201117318436
 27 -109.608938547486
 32 -107.5977653631285
 30 -105.5865921787709
 11 -103.5754189944134
 3 -101.5642458100559
 1 -99.55307262569832
 1 -97.54189944134077
 2 -95.53072625698323
 4 -93.5195530726257
 9175 -91.50837988826815
 13 -89.49720670391061
 1 -87.48603351955308
 0 -85.47486033519553
 0 -83.46368715083798
 3 -81.45251396648044
 4 -79.44134078212289
 6 -77.43016759776536
 63 -75.41899441340782
 27 -73.40782122905027
 53 -71.39664804469274
 132 -69.38547486033519
 94 -67.37430167597765
 92 -65.3631284916201
 56 -63.35195530726256
 327 -61.34078212290503
 158 -59.32960893854748
 279 -57.31843575418993
 114 -55.3072625698324
 89 -53.29608938547486
 268 -51.28491620111731
 66 -49.27374301675977
 133 -47.26256983240222
 2 -45.25139664804468
 302 -43.24022346368713
 4 -41.22905027932961
 170 -39.21787709497207
 320 -37.20670391061452
 511 -35.19553072625698
 118 -33.18435754189943
 67 -31.17318435754188
 180 -29.16201117318434
 11 -27.15083798882682
 66 -25.13966480446928
 675 -23.12849162011173
 127 -21.11731843575419
 47 -19.10614525139664
 9 -17.09497206703909
 43 -15.08379888268155
 175 -13.072625698324
 12 -11.06145251396646
 575 -9.050279329608941
 2 -7.039106145251395
 133 -5.02793296089385
 23 -3.016759776536304
 2 -1.005586592178759
 20 1.005586592178787
 140 3.016759776536333
 3 5.02793296089385
 611 7.039106145251395
 5 9.050279329608941
 138 11.06145251396649
 37 13.07262569832403
 7 15.08379888268158
 65 17.09497206703912
 131 19.10614525139667
 581 21.11731843575421
 56 23.12849162011173
 107 25.13966480446928
 109 27.15083798882682
 57 29.16201117318437
 241 31.17318435754191
 320 33.18435754189946
 282 35.195530726257
 199 37.20670391061452
 43 39.21787709497207
 309 41.22905027932961
 1 43.24022346368716
 118 45.2513966480447
 59 47.26256983240225
 277 49.27374301675979
 89 51.28491620111734
 228 53.29608938547489
 73 55.3072625698324
 150 57.31843575418995
 262 59.32960893854749
 62 61.34078212290504
 129 63.35195530726259
 74 65.36312849162013
 133 67.37430167597768
 40 69.38547486033519
 33 71.39664804469274
 48 73.40782122905028
 5 75.41899441340783
 7 77.43016759776538
 4 79.44134078212289
 1 81.45251396648047
 1 83.46368715083798
 5 85.47486033519556
 10 87.48603351955308
 8399 89.49720670391065
 9 91.50837988826817
 1 93.51955307262574
 1 95.53072625698326
 0 97.54189944134077
 3 99.55307262569835
 11 101.5642458100559
 18 103.5754189944134
 47 105.586592178771
 19 107.5977653631285
 90 109.608938547486
 146 111.6201117318436
 156 113.6312849162011
 3 115.6424581005587
 219 117.6536312849162
 166 119.6648044692737
 89 121.6759776536313
 197 123.6871508379888
 195 125.6983240223464
 76 127.7094972067039
 176 129.7206703910614
 179 131.731843575419
 4 133.7430167597765
 124 135.7541899441341
 174 137.7653631284916
 86 139.7765363128492
 159 141.7877094972067
 485 143.7988826815642
 134 145.8100558659218
 237 147.8212290502793
 36 149.8324022346369
 182 151.8435754189944
 83 153.854748603352
 531 155.8659217877095
 48 157.8770949720671
 132 159.8882681564246
 72 161.8994413407821
 51 163.9106145251397
 16 165.9217877094972
 142 167.9329608938548
 247 169.9441340782123
 397 171.9553072625699
 4 173.9664804469274
 155 175.9776536312849
 1 177.9888268156425
 0 180


