# Created by Octave 3.8.2, Sat Jun 20 15:16:11 2020 CEST <damian@fptrucha.inv.usc.es>
# name: hd
# type: matrix
# rows: 180
# columns: 2
 4 -180
 171 -177.9888268156425
 3 -175.9776536312849
 342 -173.9664804469274
 234 -171.9553072625698
 172 -169.9441340782123
 28 -167.9329608938548
 38 -165.9217877094972
 55 -163.9106145251397
 167 -161.8994413407821
 41 -159.8882681564246
 657 -157.877094972067
 70 -155.8659217877095
 119 -153.854748603352
 40 -151.8435754189944
 69 -149.8324022346369
 187 -147.8212290502793
 679 -145.8100558659218
 126 -143.7988826815642
 84 -141.7877094972067
 191 -139.7765363128491
 101 -137.7653631284916
 1 -135.7541899441341
 143 -133.7430167597765
 169 -131.731843575419
 86 -129.7206703910614
 158 -127.7094972067039
 202 -125.6983240223464
 92 -123.6871508379888
 191 -121.6759776536313
 187 -119.6648044692737
 6 -117.6536312849162
 88 -115.6424581005587
 105 -113.6312849162011
 137 -111.6201117318436
 11 -109.608938547486
 35 -107.5977653631285
 14 -105.5865921787709
 10 -103.5754189944134
 2 -101.5642458100559
 1 -99.55307262569832
 0 -97.54189944134077
 4 -95.53072625698323
 9 -93.5195530726257
 8169 -91.50837988826815
 13 -89.49720670391061
 5 -87.48603351955308
 1 -85.47486033519553
 0 -83.46368715083798
 1 -81.45251396648044
 8 -79.44134078212289
 6 -77.43016759776536
 56 -75.41899441340782
 25 -73.40782122905027
 49 -71.39664804469274
 127 -69.38547486033519
 74 -67.37430167597765
 101 -65.3631284916201
 46 -63.35195530726256
 279 -61.34078212290503
 151 -59.32960893854748
 228 -57.31843575418993
 101 -55.3072625698324
 67 -53.29608938547486
 225 -51.28491620111731
 55 -49.27374301675977
 107 -47.26256983240222
 3 -45.25139664804468
 264 -43.24022346368713
 1 -41.22905027932961
 170 -39.21787709497207
 333 -37.20670391061452
 458 -35.19553072625698
 120 -33.18435754189943
 39 -31.17318435754188
 145 -29.16201117318434
 13 -27.15083798882682
 59 -25.13966480446928
 677 -23.12849162011173
 165 -21.11731843575419
 46 -19.10614525139664
 9 -17.09497206703909
 36 -15.08379888268155
 185 -13.072625698324
 6 -11.06145251396646
 572 -9.050279329608941
 3 -7.039106145251395
 115 -5.02793296089385
 21 -3.016759776536304
 1 -1.005586592178759
 23 1.005586592178787
 117 3.016759776536333
 3 5.02793296089385
 611 7.039106145251395
 5 9.050279329608941
 139 11.06145251396649
 41 13.07262569832403
 6 15.08379888268158
 71 17.09497206703912
 105 19.10614525139667
 518 21.11731843575421
 76 23.12849162011173
 114 25.13966480446928
 98 27.15083798882682
 68 29.16201117318437
 252 31.17318435754191
 312 33.18435754189946
 230 35.195530726257
 156 37.20670391061452
 28 39.21787709497207
 281 41.22905027932961
 0 43.24022346368716
 114 45.2513966480447
 59 47.26256983240225
 221 49.27374301675979
 80 51.28491620111734
 202 53.29608938547489
 82 55.3072625698324
 141 57.31843575418995
 230 59.32960893854749
 66 61.34078212290504
 130 63.35195530726259
 83 65.36312849162013
 92 67.37430167597768
 43 69.38547486033519
 25 71.39664804469274
 54 73.40782122905028
 4 75.41899441340783
 7 77.43016759776538
 2 79.44134078212289
 0 81.45251396648047
 2 83.46368715083798
 4 85.47486033519556
 8 87.48603351955308
 7907 89.49720670391065
 7 91.50837988826817
 1 93.51955307262574
 0 95.53072625698326
 0 97.54189944134077
 1 99.55307262569835
 13 101.5642458100559
 18 103.5754189944134
 41 105.586592178771
 21 107.5977653631285
 105 109.608938547486
 133 111.6201117318436
 126 113.6312849162011
 5 115.6424581005587
 223 117.6536312849162
 180 119.6648044692737
 83 121.6759776536313
 186 123.6871508379888
 166 125.6983240223464
 95 127.7094972067039
 176 129.7206703910614
 182 131.731843575419
 2 133.7430167597765
 118 135.7541899441341
 157 137.7653631284916
 86 139.7765363128492
 144 141.7877094972067
 493 143.7988826815642
 126 145.8100558659218
 210 147.8212290502793
 48 149.8324022346369
 188 151.8435754189944
 61 153.854748603352
 484 155.8659217877095
 59 157.8770949720671
 143 159.8882681564246
 64 161.8994413407821
 51 163.9106145251397
 11 165.9217877094972
 154 167.9329608938548
 204 169.9441340782123
 339 171.9553072625699
 2 173.9664804469274
 164 175.9776536312849
 1 177.9888268156425
 0 180


