# Created by Octave 3.8.2, Sat Jun 20 17:51:13 2020 CEST <damian@fptrucha.inv.usc.es>
# name: hd
# type: matrix
# rows: 180
# columns: 2
 1 -180
 149 -177.9888268156425
 6 -175.9776536312849
 345 -173.9664804469274
 232 -171.9553072625698
 152 -169.9441340782123
 25 -167.9329608938548
 37 -165.9217877094972
 60 -163.9106145251397
 155 -161.8994413407821
 38 -159.8882681564246
 575 -157.877094972067
 60 -155.8659217877095
 131 -153.854748603352
 37 -151.8435754189944
 50 -149.8324022346369
 222 -147.8212290502793
 639 -145.8100558659218
 145 -143.7988826815642
 103 -141.7877094972067
 160 -139.7765363128491
 114 -137.7653631284916
 4 -135.7541899441341
 164 -133.7430167597765
 176 -131.731843575419
 69 -129.7206703910614
 174 -127.7094972067039
 221 -125.6983240223464
 84 -123.6871508379888
 206 -121.6759776536313
 187 -119.6648044692737
 4 -117.6536312849162
 108 -115.6424581005587
 110 -113.6312849162011
 117 -111.6201117318436
 14 -109.608938547486
 26 -107.5977653631285
 14 -105.5865921787709
 13 -103.5754189944134
 3 -101.5642458100559
 0 -99.55307262569832
 0 -97.54189944134077
 1 -95.53072625698323
 4 -93.5195530726257
 8118 -91.50837988826815
 5 -89.49720670391061
 5 -87.48603351955308
 0 -85.47486033519553
 0 -83.46368715083798
 1 -81.45251396648044
 8 -79.44134078212289
 4 -77.43016759776536
 43 -75.41899441340782
 21 -73.40782122905027
 66 -71.39664804469274
 124 -69.38547486033519
 78 -67.37430167597765
 102 -65.3631284916201
 42 -63.35195530726256
 251 -61.34078212290503
 151 -59.32960893854748
 216 -57.31843575418993
 97 -55.3072625698324
 64 -53.29608938547486
 187 -51.28491620111731
 50 -49.27374301675977
 98 -47.26256983240222
 3 -45.25139664804468
 307 -43.24022346368713
 5 -41.22905027932961
 174 -39.21787709497207
 319 -37.20670391061452
 472 -35.19553072625698
 103 -33.18435754189943
 53 -31.17318435754188
 153 -29.16201117318434
 12 -27.15083798882682
 60 -25.13966480446928
 639 -23.12849162011173
 143 -21.11731843575419
 46 -19.10614525139664
 11 -17.09497206703909
 37 -15.08379888268155
 152 -13.072625698324
 10 -11.06145251396646
 542 -9.050279329608941
 2 -7.039106145251395
 149 -5.02793296089385
 19 -3.016759776536304
 1 -1.005586592178759
 22 1.005586592178787
 122 3.016759776536333
 3 5.02793296089385
 485 7.039106145251395
 7 9.050279329608941
 133 11.06145251396649
 42 13.07262569832403
 10 15.08379888268158
 62 17.09497206703912
 115 19.10614525139667
 481 21.11731843575421
 56 23.12849162011173
 93 25.13966480446928
 91 27.15083798882682
 47 29.16201117318437
 232 31.17318435754191
 319 33.18435754189946
 251 35.195530726257
 153 37.20670391061452
 39 39.21787709497207
 297 41.22905027932961
 0 43.24022346368716
 126 45.2513966480447
 55 47.26256983240225
 236 49.27374301675979
 88 51.28491620111734
 193 53.29608938547489
 84 55.3072625698324
 115 57.31843575418995
 256 59.32960893854749
 60 61.34078212290504
 116 63.35195530726259
 88 65.36312849162013
 96 67.37430167597768
 45 69.38547486033519
 29 71.39664804469274
 44 73.40782122905028
 8 75.41899441340783
 5 77.43016759776538
 1 79.44134078212289
 0 81.45251396648047
 1 83.46368715083798
 4 85.47486033519556
 11 87.48603351955308
 7564 89.49720670391065
 7 91.50837988826817
 2 93.51955307262574
 0 95.53072625698326
 0 97.54189944134077
 6 99.55307262569835
 10 101.5642458100559
 36 103.5754189944134
 34 105.586592178771
 15 107.5977653631285
 112 109.608938547486
 134 111.6201117318436
 139 113.6312849162011
 3 115.6424581005587
 212 117.6536312849162
 144 119.6648044692737
 100 121.6759776536313
 187 123.6871508379888
 195 125.6983240223464
 88 127.7094972067039
 179 129.7206703910614
 191 131.731843575419
 4 133.7430167597765
 137 135.7541899441341
 178 137.7653631284916
 92 139.7765363128492
 123 141.7877094972067
 479 143.7988826815642
 124 145.8100558659218
 211 147.8212290502793
 40 149.8324022346369
 157 151.8435754189944
 56 153.854748603352
 461 155.8659217877095
 65 157.8770949720671
 142 159.8882681564246
 78 161.8994413407821
 41 163.9106145251397
 13 165.9217877094972
 126 167.9329608938548
 232 169.9441340782123
 340 171.9553072625699
 4 173.9664804469274
 158 175.9776536312849
 2 177.9888268156425
 0 180


