# Created by Octave 3.8.2, Mon Jun 22 03:19:53 2020 CEST <damian@fptrucha.inv.usc.es>
# name: hd
# type: matrix
# rows: 180
# columns: 2
 5 -180
 149 -177.9888268156425
 3 -175.9776536312849
 359 -173.9664804469274
 215 -171.9553072625698
 123 -169.9441340782123
 46 -167.9329608938548
 54 -165.9217877094972
 65 -163.9106145251397
 147 -161.8994413407821
 38 -159.8882681564246
 513 -157.877094972067
 61 -155.8659217877095
 112 -153.854748603352
 44 -151.8435754189944
 64 -149.8324022346369
 230 -147.8212290502793
 533 -145.8100558659218
 121 -143.7988826815642
 99 -141.7877094972067
 172 -139.7765363128491
 103 -137.7653631284916
 7 -135.7541899441341
 179 -133.7430167597765
 147 -131.731843575419
 74 -129.7206703910614
 168 -127.7094972067039
 182 -125.6983240223464
 105 -123.6871508379888
 164 -121.6759776536313
 193 -119.6648044692737
 8 -117.6536312849162
 109 -115.6424581005587
 119 -113.6312849162011
 109 -111.6201117318436
 20 -109.608938547486
 35 -107.5977653631285
 22 -105.5865921787709
 17 -103.5754189944134
 4 -101.5642458100559
 2 -99.55307262569832
 2 -97.54189944134077
 0 -95.53072625698323
 11 -93.5195530726257
 7414 -91.50837988826815
 13 -89.49720670391061
 3 -87.48603351955308
 3 -85.47486033519553
 1 -83.46368715083798
 3 -81.45251396648044
 10 -79.44134078212289
 6 -77.43016759776536
 47 -75.41899441340782
 36 -73.40782122905027
 53 -71.39664804469274
 108 -69.38547486033519
 80 -67.37430167597765
 97 -65.3631284916201
 47 -63.35195530726256
 233 -61.34078212290503
 149 -59.32960893854748
 194 -57.31843575418993
 95 -55.3072625698324
 54 -53.29608938547486
 200 -51.28491620111731
 59 -49.27374301675977
 115 -47.26256983240222
 2 -45.25139664804468
 272 -43.24022346368713
 2 -41.22905027932961
 167 -39.21787709497207
 252 -37.20670391061452
 396 -35.19553072625698
 95 -33.18435754189943
 65 -31.17318435754188
 143 -29.16201117318434
 11 -27.15083798882682
 44 -25.13966480446928
 524 -23.12849162011173
 124 -21.11731843575419
 59 -19.10614525139664
 17 -17.09497206703909
 37 -15.08379888268155
 159 -13.072625698324
 14 -11.06145251396646
 520 -9.050279329608941
 1 -7.039106145251395
 102 -5.02793296089385
 18 -3.016759776536304
 4 -1.005586592178759
 21 1.005586592178787
 127 3.016759776536333
 4 5.02793296089385
 509 7.039106145251395
 5 9.050279329608941
 143 11.06145251396649
 55 13.07262569832403
 20 15.08379888268158
 62 17.09497206703912
 104 19.10614525139667
 499 21.11731843575421
 52 23.12849162011173
 76 25.13966480446928
 87 27.15083798882682
 53 29.16201117318437
 209 31.17318435754191
 308 33.18435754189946
 259 35.195530726257
 138 37.20670391061452
 26 39.21787709497207
 270 41.22905027932961
 1 43.24022346368716
 133 45.2513966480447
 62 47.26256983240225
 274 49.27374301675979
 86 51.28491620111734
 174 53.29608938547489
 59 55.3072625698324
 124 57.31843575418995
 253 59.32960893854749
 52 61.34078212290504
 115 63.35195530726259
 68 65.36312849162013
 106 67.37430167597768
 61 69.38547486033519
 37 71.39664804469274
 49 73.40782122905028
 6 75.41899441340783
 7 77.43016759776538
 3 79.44134078212289
 1 81.45251396648047
 1 83.46368715083798
 9 85.47486033519556
 10 87.48603351955308
 6987 89.49720670391065
 17 91.50837988826817
 2 93.51955307262574
 3 95.53072625698326
 2 97.54189944134077
 4 99.55307262569835
 20 101.5642458100559
 20 103.5754189944134
 38 105.586592178771
 20 107.5977653631285
 117 109.608938547486
 108 111.6201117318436
 137 113.6312849162011
 2 115.6424581005587
 167 117.6536312849162
 172 119.6648044692737
 88 121.6759776536313
 168 123.6871508379888
 151 125.6983240223464
 87 127.7094972067039
 146 129.7206703910614
 212 131.731843575419
 5 133.7430167597765
 107 135.7541899441341
 163 137.7653631284916
 87 139.7765363128492
 128 141.7877094972067
 466 143.7988826815642
 111 145.8100558659218
 187 147.8212290502793
 54 149.8324022346369
 141 151.8435754189944
 65 153.854748603352
 448 155.8659217877095
 35 157.8770949720671
 139 159.8882681564246
 62 161.8994413407821
 46 163.9106145251397
 24 165.9217877094972
 123 167.9329608938548
 195 169.9441340782123
 319 171.9553072625699
 6 173.9664804469274
 120 175.9776536312849
 3 177.9888268156425
 0 180


