# Created by Octave 3.8.2, Mon Jun 22 14:57:50 2020 CEST <damian@fptrucha.inv.usc.es>
# name: hd
# type: matrix
# rows: 180
# columns: 2
 7 -180
 178 -177.9888268156425
 0 -175.9776536312849
 362 -173.9664804469274
 227 -171.9553072625698
 150 -169.9441340782123
 41 -167.9329608938548
 40 -165.9217877094972
 86 -163.9106145251397
 155 -161.8994413407821
 42 -159.8882681564246
 543 -157.877094972067
 51 -155.8659217877095
 136 -153.854748603352
 37 -151.8435754189944
 82 -149.8324022346369
 231 -147.8212290502793
 625 -145.8100558659218
 143 -143.7988826815642
 94 -141.7877094972067
 180 -139.7765363128491
 138 -137.7653631284916
 3 -135.7541899441341
 163 -133.7430167597765
 152 -131.731843575419
 83 -129.7206703910614
 191 -127.7094972067039
 213 -125.6983240223464
 101 -123.6871508379888
 186 -121.6759776536313
 161 -119.6648044692737
 7 -117.6536312849162
 128 -115.6424581005587
 143 -113.6312849162011
 127 -111.6201117318436
 18 -109.608938547486
 30 -107.5977653631285
 21 -105.5865921787709
 16 -103.5754189944134
 2 -101.5642458100559
 0 -99.55307262569832
 0 -97.54189944134077
 5 -95.53072625698323
 8 -93.5195530726257
 8178 -91.50837988826815
 16 -89.49720670391061
 4 -87.48603351955308
 1 -85.47486033519553
 1 -83.46368715083798
 2 -81.45251396648044
 8 -79.44134078212289
 12 -77.43016759776536
 44 -75.41899441340782
 24 -73.40782122905027
 72 -71.39664804469274
 120 -69.38547486033519
 73 -67.37430167597765
 124 -65.3631284916201
 53 -63.35195530726256
 230 -61.34078212290503
 145 -59.32960893854748
 192 -57.31843575418993
 99 -55.3072625698324
 67 -53.29608938547486
 209 -51.28491620111731
 59 -49.27374301675977
 104 -47.26256983240222
 1 -45.25139664804468
 310 -43.24022346368713
 3 -41.22905027932961
 167 -39.21787709497207
 301 -37.20670391061452
 486 -35.19553072625698
 107 -33.18435754189943
 73 -31.17318435754188
 168 -29.16201117318434
 11 -27.15083798882682
 51 -25.13966480446928
 610 -23.12849162011173
 154 -21.11731843575419
 58 -19.10614525139664
 23 -17.09497206703909
 40 -15.08379888268155
 146 -13.072625698324
 5 -11.06145251396646
 613 -9.050279329608941
 4 -7.039106145251395
 135 -5.02793296089385
 26 -3.016759776536304
 1 -1.005586592178759
 20 1.005586592178787
 121 3.016759776536333
 3 5.02793296089385
 570 7.039106145251395
 6 9.050279329608941
 151 11.06145251396649
 42 13.07262569832403
 12 15.08379888268158
 54 17.09497206703912
 143 19.10614525139667
 569 21.11731843575421
 67 23.12849162011173
 91 25.13966480446928
 97 27.15083798882682
 51 29.16201117318437
 222 31.17318435754191
 378 33.18435754189946
 268 35.195530726257
 148 37.20670391061452
 43 39.21787709497207
 274 41.22905027932961
 0 43.24022346368716
 130 45.2513966480447
 69 47.26256983240225
 253 49.27374301675979
 80 51.28491620111734
 208 53.29608938547489
 80 55.3072625698324
 169 57.31843575418995
 261 59.32960893854749
 68 61.34078212290504
 131 63.35195530726259
 90 65.36312849162013
 112 67.37430167597768
 50 69.38547486033519
 35 71.39664804469274
 67 73.40782122905028
 10 75.41899441340783
 10 77.43016759776538
 2 79.44134078212289
 1 81.45251396648047
 2 83.46368715083798
 1 85.47486033519556
 15 87.48603351955308
 7809 89.49720670391065
 11 91.50837988826817
 8 93.51955307262574
 0 95.53072625698326
 0 97.54189944134077
 8 99.55307262569835
 19 101.5642458100559
 29 103.5754189944134
 35 105.586592178771
 34 107.5977653631285
 107 109.608938547486
 132 111.6201117318436
 141 113.6312849162011
 4 115.6424581005587
 237 117.6536312849162
 172 119.6648044692737
 89 121.6759776536313
 204 123.6871508379888
 197 125.6983240223464
 76 127.7094972067039
 183 129.7206703910614
 210 131.731843575419
 2 133.7430167597765
 128 135.7541899441341
 174 137.7653631284916
 104 139.7765363128492
 142 141.7877094972067
 522 143.7988826815642
 140 145.8100558659218
 206 147.8212290502793
 53 149.8324022346369
 143 151.8435754189944
 57 153.854748603352
 504 155.8659217877095
 51 157.8770949720671
 151 159.8882681564246
 57 161.8994413407821
 53 163.9106145251397
 18 165.9217877094972
 133 167.9329608938548
 229 169.9441340782123
 382 171.9553072625699
 4 173.9664804469274
 165 175.9776536312849
 6 177.9888268156425
 0 180


