# Created by Octave 3.8.2, Mon Jun 22 06:02:15 2020 CEST <damian@fptrucha.inv.usc.es>
# name: hd
# type: matrix
# rows: 180
# columns: 2
 2 -180
 170 -177.9888268156425
 3 -175.9776536312849
 331 -173.9664804469274
 227 -171.9553072625698
 123 -169.9441340782123
 37 -167.9329608938548
 44 -165.9217877094972
 48 -163.9106145251397
 137 -161.8994413407821
 41 -159.8882681564246
 520 -157.877094972067
 62 -155.8659217877095
 113 -153.854748603352
 46 -151.8435754189944
 76 -149.8324022346369
 211 -147.8212290502793
 451 -145.8100558659218
 115 -143.7988826815642
 93 -141.7877094972067
 176 -139.7765363128491
 136 -137.7653631284916
 2 -135.7541899441341
 183 -133.7430167597765
 160 -131.731843575419
 72 -129.7206703910614
 178 -127.7094972067039
 187 -125.6983240223464
 106 -123.6871508379888
 162 -121.6759776536313
 182 -119.6648044692737
 3 -117.6536312849162
 110 -115.6424581005587
 126 -113.6312849162011
 128 -111.6201117318436
 22 -109.608938547486
 42 -107.5977653631285
 24 -105.5865921787709
 20 -103.5754189944134
 2 -101.5642458100559
 1 -99.55307262569832
 0 -97.54189944134077
 3 -95.53072625698323
 8 -93.5195530726257
 7510 -91.50837988826815
 13 -89.49720670391061
 2 -87.48603351955308
 3 -85.47486033519553
 2 -83.46368715083798
 5 -81.45251396648044
 9 -79.44134078212289
 7 -77.43016759776536
 50 -75.41899441340782
 30 -73.40782122905027
 54 -71.39664804469274
 95 -69.38547486033519
 74 -67.37430167597765
 89 -65.3631284916201
 55 -63.35195530726256
 225 -61.34078212290503
 140 -59.32960893854748
 167 -57.31843575418993
 86 -55.3072625698324
 71 -53.29608938547486
 229 -51.28491620111731
 66 -49.27374301675977
 110 -47.26256983240222
 3 -45.25139664804468
 250 -43.24022346368713
 3 -41.22905027932961
 155 -39.21787709497207
 274 -37.20670391061452
 422 -35.19553072625698
 120 -33.18435754189943
 64 -31.17318435754188
 168 -29.16201117318434
 9 -27.15083798882682
 55 -25.13966480446928
 517 -23.12849162011173
 124 -21.11731843575419
 69 -19.10614525139664
 14 -17.09497206703909
 41 -15.08379888268155
 135 -13.072625698324
 11 -11.06145251396646
 534 -9.050279329608941
 1 -7.039106145251395
 126 -5.02793296089385
 21 -3.016759776536304
 1 -1.005586592178759
 24 1.005586592178787
 131 3.016759776536333
 2 5.02793296089385
 537 7.039106145251395
 10 9.050279329608941
 157 11.06145251396649
 41 13.07262569832403
 10 15.08379888268158
 48 17.09497206703912
 120 19.10614525139667
 519 21.11731843575421
 64 23.12849162011173
 72 25.13966480446928
 95 27.15083798882682
 51 29.16201117318437
 205 31.17318435754191
 305 33.18435754189946
 247 35.195530726257
 131 37.20670391061452
 44 39.21787709497207
 260 41.22905027932961
 1 43.24022346368716
 112 45.2513966480447
 71 47.26256983240225
 193 49.27374301675979
 85 51.28491620111734
 173 53.29608938547489
 72 55.3072625698324
 128 57.31843575418995
 237 59.32960893854749
 51 61.34078212290504
 115 63.35195530726259
 69 65.36312849162013
 107 67.37430167597768
 42 69.38547486033519
 32 71.39664804469274
 50 73.40782122905028
 12 75.41899441340783
 13 77.43016759776538
 2 79.44134078212289
 0 81.45251396648047
 1 83.46368715083798
 5 85.47486033519556
 20 87.48603351955308
 7082 89.49720670391065
 13 91.50837988826817
 7 93.51955307262574
 0 95.53072625698326
 1 97.54189944134077
 7 99.55307262569835
 19 101.5642458100559
 34 103.5754189944134
 59 105.586592178771
 19 107.5977653631285
 111 109.608938547486
 89 111.6201117318436
 101 113.6312849162011
 3 115.6424581005587
 222 117.6536312849162
 145 119.6648044692737
 100 121.6759776536313
 164 123.6871508379888
 188 125.6983240223464
 72 127.7094972067039
 160 129.7206703910614
 161 131.731843575419
 5 133.7430167597765
 97 135.7541899441341
 160 137.7653631284916
 102 139.7765363128492
 114 141.7877094972067
 451 143.7988826815642
 103 145.8100558659218
 188 147.8212290502793
 44 149.8324022346369
 128 151.8435754189944
 55 153.854748603352
 454 155.8659217877095
 39 157.8770949720671
 151 159.8882681564246
 59 161.8994413407821
 42 163.9106145251397
 25 165.9217877094972
 138 167.9329608938548
 222 169.9441340782123
 300 171.9553072625699
 8 173.9664804469274
 151 175.9776536312849
 8 177.9888268156425
 0 180


