# Created by Octave 3.8.2, Mon Jun 22 04:01:29 2020 CEST <damian@fptrucha.inv.usc.es>
# name: hd
# type: matrix
# rows: 180
# columns: 2
 8 -180
 150 -177.9888268156425
 2 -175.9776536312849
 333 -173.9664804469274
 219 -171.9553072625698
 156 -169.9441340782123
 39 -167.9329608938548
 40 -165.9217877094972
 58 -163.9106145251397
 132 -161.8994413407821
 29 -159.8882681564246
 538 -157.877094972067
 61 -155.8659217877095
 120 -153.854748603352
 36 -151.8435754189944
 70 -149.8324022346369
 217 -147.8212290502793
 538 -145.8100558659218
 114 -143.7988826815642
 78 -141.7877094972067
 176 -139.7765363128491
 102 -137.7653631284916
 5 -135.7541899441341
 186 -133.7430167597765
 143 -131.731843575419
 74 -129.7206703910614
 155 -127.7094972067039
 161 -125.6983240223464
 108 -123.6871508379888
 151 -121.6759776536313
 194 -119.6648044692737
 7 -117.6536312849162
 105 -115.6424581005587
 120 -113.6312849162011
 124 -111.6201117318436
 21 -109.608938547486
 38 -107.5977653631285
 20 -105.5865921787709
 22 -103.5754189944134
 7 -101.5642458100559
 1 -99.55307262569832
 1 -97.54189944134077
 3 -95.53072625698323
 7 -93.5195530726257
 7195 -91.50837988826815
 20 -89.49720670391061
 6 -87.48603351955308
 2 -85.47486033519553
 0 -83.46368715083798
 1 -81.45251396648044
 9 -79.44134078212289
 9 -77.43016759776536
 57 -75.41899441340782
 30 -73.40782122905027
 50 -71.39664804469274
 101 -69.38547486033519
 68 -67.37430167597765
 105 -65.3631284916201
 42 -63.35195530726256
 267 -61.34078212290503
 137 -59.32960893854748
 208 -57.31843575418993
 84 -55.3072625698324
 59 -53.29608938547486
 210 -51.28491620111731
 64 -49.27374301675977
 111 -47.26256983240222
 4 -45.25139664804468
 283 -43.24022346368713
 2 -41.22905027932961
 165 -39.21787709497207
 246 -37.20670391061452
 371 -35.19553072625698
 113 -33.18435754189943
 55 -31.17318435754188
 165 -29.16201117318434
 14 -27.15083798882682
 73 -25.13966480446928
 543 -23.12849162011173
 139 -21.11731843575419
 49 -19.10614525139664
 17 -17.09497206703909
 37 -15.08379888268155
 157 -13.072625698324
 11 -11.06145251396646
 485 -9.050279329608941
 1 -7.039106145251395
 136 -5.02793296089385
 31 -3.016759776536304
 4 -1.005586592178759
 27 1.005586592178787
 115 3.016759776536333
 0 5.02793296089385
 525 7.039106145251395
 12 9.050279329608941
 143 11.06145251396649
 43 13.07262569832403
 15 15.08379888268158
 48 17.09497206703912
 127 19.10614525139667
 507 21.11731843575421
 55 23.12849162011173
 84 25.13966480446928
 96 27.15083798882682
 66 29.16201117318437
 189 31.17318435754191
 300 33.18435754189946
 250 35.195530726257
 133 37.20670391061452
 38 39.21787709497207
 254 41.22905027932961
 1 43.24022346368716
 109 45.2513966480447
 59 47.26256983240225
 208 49.27374301675979
 74 51.28491620111734
 169 53.29608938547489
 87 55.3072625698324
 112 57.31843575418995
 257 59.32960893854749
 60 61.34078212290504
 132 63.35195530726259
 66 65.36312849162013
 97 67.37430167597768
 41 69.38547486033519
 42 71.39664804469274
 48 73.40782122905028
 7 75.41899441340783
 8 77.43016759776538
 6 79.44134078212289
 1 81.45251396648047
 2 83.46368715083798
 6 85.47486033519556
 18 87.48603351955308
 6934 89.49720670391065
 7 91.50837988826817
 3 93.51955307262574
 2 95.53072625698326
 2 97.54189944134077
 6 99.55307262569835
 20 101.5642458100559
 32 103.5754189944134
 43 105.586592178771
 30 107.5977653631285
 122 109.608938547486
 109 111.6201117318436
 121 113.6312849162011
 5 115.6424581005587
 182 117.6536312849162
 154 119.6648044692737
 95 121.6759776536313
 153 123.6871508379888
 154 125.6983240223464
 57 127.7094972067039
 165 129.7206703910614
 181 131.731843575419
 3 133.7430167597765
 94 135.7541899441341
 149 137.7653631284916
 97 139.7765363128492
 147 141.7877094972067
 413 143.7988826815642
 117 145.8100558659218
 193 147.8212290502793
 50 149.8324022346369
 138 151.8435754189944
 62 153.854748603352
 437 155.8659217877095
 49 157.8770949720671
 115 159.8882681564246
 71 161.8994413407821
 54 163.9106145251397
 17 165.9217877094972
 114 167.9329608938548
 219 169.9441340782123
 305 171.9553072625699
 5 173.9664804469274
 143 175.9776536312849
 8 177.9888268156425
 0 180


