# Created by Octave 3.8.2, Mon Jun 22 18:37:18 2020 CEST <damian@fptrucha.inv.usc.es>
# name: hd
# type: matrix
# rows: 180
# columns: 2
 6 -180
 187 -177.9888268156425
 2 -175.9776536312849
 356 -173.9664804469274
 249 -171.9553072625698
 138 -169.9441340782123
 36 -167.9329608938548
 42 -165.9217877094972
 71 -163.9106145251397
 165 -161.8994413407821
 44 -159.8882681564246
 607 -157.877094972067
 70 -155.8659217877095
 136 -153.854748603352
 51 -151.8435754189944
 63 -149.8324022346369
 223 -147.8212290502793
 613 -145.8100558659218
 143 -143.7988826815642
 95 -141.7877094972067
 187 -139.7765363128491
 123 -137.7653631284916
 1 -135.7541899441341
 192 -133.7430167597765
 174 -131.731843575419
 80 -129.7206703910614
 228 -127.7094972067039
 244 -125.6983240223464
 107 -123.6871508379888
 210 -121.6759776536313
 178 -119.6648044692737
 5 -117.6536312849162
 133 -115.6424581005587
 98 -113.6312849162011
 131 -111.6201117318436
 13 -109.608938547486
 58 -107.5977653631285
 23 -105.5865921787709
 13 -103.5754189944134
 1 -101.5642458100559
 0 -99.55307262569832
 5 -97.54189944134077
 4 -95.53072625698323
 10 -93.5195530726257
 8534 -91.50837988826815
 19 -89.49720670391061
 1 -87.48603351955308
 1 -85.47486033519553
 0 -83.46368715083798
 4 -81.45251396648044
 12 -79.44134078212289
 7 -77.43016759776536
 53 -75.41899441340782
 29 -73.40782122905027
 58 -71.39664804469274
 143 -69.38547486033519
 80 -67.37430167597765
 144 -65.3631284916201
 64 -63.35195530726256
 282 -61.34078212290503
 179 -59.32960893854748
 241 -57.31843575418993
 125 -55.3072625698324
 90 -53.29608938547486
 211 -51.28491620111731
 62 -49.27374301675977
 127 -47.26256983240222
 6 -45.25139664804468
 318 -43.24022346368713
 2 -41.22905027932961
 159 -39.21787709497207
 322 -37.20670391061452
 467 -35.19553072625698
 131 -33.18435754189943
 60 -31.17318435754188
 156 -29.16201117318434
 9 -27.15083798882682
 66 -25.13966480446928
 622 -23.12849162011173
 133 -21.11731843575419
 67 -19.10614525139664
 15 -17.09497206703909
 42 -15.08379888268155
 169 -13.072625698324
 8 -11.06145251396646
 616 -9.050279329608941
 3 -7.039106145251395
 130 -5.02793296089385
 24 -3.016759776536304
 2 -1.005586592178759
 40 1.005586592178787
 122 3.016759776536333
 6 5.02793296089385
 555 7.039106145251395
 7 9.050279329608941
 138 11.06145251396649
 60 13.07262569832403
 12 15.08379888268158
 71 17.09497206703912
 120 19.10614525139667
 548 21.11731843575421
 51 23.12849162011173
 71 25.13966480446928
 89 27.15083798882682
 61 29.16201117318437
 196 31.17318435754191
 357 33.18435754189946
 262 35.195530726257
 145 37.20670391061452
 42 39.21787709497207
 273 41.22905027932961
 2 43.24022346368716
 133 45.2513966480447
 67 47.26256983240225
 235 49.27374301675979
 74 51.28491620111734
 189 53.29608938547489
 76 55.3072625698324
 154 57.31843575418995
 274 59.32960893854749
 72 61.34078212290504
 117 63.35195530726259
 80 65.36312849162013
 96 67.37430167597768
 45 69.38547486033519
 21 71.39664804469274
 54 73.40782122905028
 10 75.41899441340783
 9 77.43016759776538
 2 79.44134078212289
 0 81.45251396648047
 1 83.46368715083798
 7 85.47486033519556
 15 87.48603351955308
 7749 89.49720670391065
 8 91.50837988826817
 1 93.51955307262574
 3 95.53072625698326
 1 97.54189944134077
 7 99.55307262569835
 22 101.5642458100559
 23 103.5754189944134
 33 105.586592178771
 24 107.5977653631285
 103 109.608938547486
 105 111.6201117318436
 122 113.6312849162011
 6 115.6424581005587
 224 117.6536312849162
 172 119.6648044692737
 108 121.6759776536313
 154 123.6871508379888
 149 125.6983240223464
 82 127.7094972067039
 196 129.7206703910614
 197 131.731843575419
 4 133.7430167597765
 105 135.7541899441341
 181 137.7653631284916
 97 139.7765363128492
 125 141.7877094972067
 506 143.7988826815642
 109 145.8100558659218
 204 147.8212290502793
 52 149.8324022346369
 142 151.8435754189944
 48 153.854748603352
 496 155.8659217877095
 57 157.8770949720671
 148 159.8882681564246
 80 161.8994413407821
 47 163.9106145251397
 20 165.9217877094972
 159 167.9329608938548
 260 169.9441340782123
 333 171.9553072625699
 2 173.9664804469274
 175 175.9776536312849
 3 177.9888268156425
 0 180


