# Created by Octave 3.8.2, Sat Jun 20 03:16:47 2020 CEST <damian@fptrucha.inv.usc.es>
# name: hd
# type: matrix
# rows: 180
# columns: 2
 3 -180
 164 -177.9888268156425
 7 -175.9776536312849
 423 -173.9664804469274
 264 -171.9553072625698
 141 -169.9441340782123
 27 -167.9329608938548
 38 -165.9217877094972
 66 -163.9106145251397
 163 -161.8994413407821
 35 -159.8882681564246
 670 -157.877094972067
 76 -155.8659217877095
 144 -153.854748603352
 50 -151.8435754189944
 67 -149.8324022346369
 259 -147.8212290502793
 657 -145.8100558659218
 149 -143.7988826815642
 106 -141.7877094972067
 218 -139.7765363128491
 133 -137.7653631284916
 5 -135.7541899441341
 186 -133.7430167597765
 174 -131.731843575419
 86 -129.7206703910614
 257 -127.7094972067039
 238 -125.6983240223464
 109 -123.6871508379888
 239 -121.6759776536313
 202 -119.6648044692737
 5 -117.6536312849162
 130 -115.6424581005587
 127 -113.6312849162011
 157 -111.6201117318436
 25 -109.608938547486
 38 -107.5977653631285
 29 -105.5865921787709
 7 -103.5754189944134
 1 -101.5642458100559
 0 -99.55307262569832
 0 -97.54189944134077
 1 -95.53072625698323
 8 -93.5195530726257
 9129 -91.50837988826815
 12 -89.49720670391061
 4 -87.48603351955308
 1 -85.47486033519553
 0 -83.46368715083798
 4 -81.45251396648044
 9 -79.44134078212289
 13 -77.43016759776536
 51 -75.41899441340782
 30 -73.40782122905027
 55 -71.39664804469274
 128 -69.38547486033519
 82 -67.37430167597765
 112 -65.3631284916201
 55 -63.35195530726256
 303 -61.34078212290503
 183 -59.32960893854748
 250 -57.31843575418993
 122 -55.3072625698324
 105 -53.29608938547486
 248 -51.28491620111731
 67 -49.27374301675977
 137 -47.26256983240222
 2 -45.25139664804468
 317 -43.24022346368713
 4 -41.22905027932961
 176 -39.21787709497207
 336 -37.20670391061452
 467 -35.19553072625698
 108 -33.18435754189943
 66 -31.17318435754188
 159 -29.16201117318434
 10 -27.15083798882682
 75 -25.13966480446928
 709 -23.12849162011173
 137 -21.11731843575419
 59 -19.10614525139664
 9 -17.09497206703909
 34 -15.08379888268155
 192 -13.072625698324
 3 -11.06145251396646
 636 -9.050279329608941
 3 -7.039106145251395
 127 -5.02793296089385
 27 -3.016759776536304
 5 -1.005586592178759
 23 1.005586592178787
 132 3.016759776536333
 2 5.02793296089385
 596 7.039106145251395
 7 9.050279329608941
 132 11.06145251396649
 38 13.07262569832403
 7 15.08379888268158
 69 17.09497206703912
 117 19.10614525139667
 547 21.11731843575421
 58 23.12849162011173
 87 25.13966480446928
 105 27.15083798882682
 61 29.16201117318437
 249 31.17318435754191
 339 33.18435754189946
 251 35.195530726257
 184 37.20670391061452
 27 39.21787709497207
 273 41.22905027932961
 2 43.24022346368716
 112 45.2513966480447
 63 47.26256983240225
 223 49.27374301675979
 82 51.28491620111734
 186 53.29608938547489
 88 55.3072625698324
 142 57.31843575418995
 249 59.32960893854749
 58 61.34078212290504
 110 63.35195530726259
 83 65.36312849162013
 110 67.37430167597768
 40 69.38547486033519
 28 71.39664804469274
 41 73.40782122905028
 4 75.41899441340783
 12 77.43016759776538
 1 79.44134078212289
 1 81.45251396648047
 2 83.46368715083798
 5 85.47486033519556
 6 87.48603351955308
 8256 89.49720670391065
 3 91.50837988826817
 3 93.51955307262574
 1 95.53072625698326
 1 97.54189944134077
 3 99.55307262569835
 12 101.5642458100559
 15 103.5754189944134
 40 105.586592178771
 22 107.5977653631285
 115 109.608938547486
 122 111.6201117318436
 124 113.6312849162011
 2 115.6424581005587
 203 117.6536312849162
 159 119.6648044692737
 81 121.6759776536313
 189 123.6871508379888
 173 125.6983240223464
 77 127.7094972067039
 172 129.7206703910614
 176 131.731843575419
 3 133.7430167597765
 119 135.7541899441341
 170 137.7653631284916
 116 139.7765363128492
 133 141.7877094972067
 535 143.7988826815642
 112 145.8100558659218
 213 147.8212290502793
 41 149.8324022346369
 171 151.8435754189944
 58 153.854748603352
 565 155.8659217877095
 54 157.8770949720671
 149 159.8882681564246
 66 161.8994413407821
 51 163.9106145251397
 16 165.9217877094972
 122 167.9329608938548
 239 169.9441340782123
 380 171.9553072625699
 4 173.9664804469274
 192 175.9776536312849
 7 177.9888268156425
 0 180


