# Created by Octave 3.8.2, Sat Jun 20 13:38:58 2020 CEST <damian@fptrucha.inv.usc.es>
# name: hd
# type: matrix
# rows: 180
# columns: 2
 3 -180
 158 -177.9888268156425
 1 -175.9776536312849
 418 -173.9664804469274
 244 -171.9553072625698
 186 -169.9441340782123
 39 -167.9329608938548
 43 -165.9217877094972
 73 -163.9106145251397
 155 -161.8994413407821
 27 -159.8882681564246
 674 -157.877094972067
 62 -155.8659217877095
 145 -153.854748603352
 57 -151.8435754189944
 76 -149.8324022346369
 224 -147.8212290502793
 661 -145.8100558659218
 121 -143.7988826815642
 93 -141.7877094972067
 188 -139.7765363128491
 119 -137.7653631284916
 3 -135.7541899441341
 172 -133.7430167597765
 157 -131.731843575419
 84 -129.7206703910614
 186 -127.7094972067039
 254 -125.6983240223464
 120 -123.6871508379888
 198 -121.6759776536313
 172 -119.6648044692737
 3 -117.6536312849162
 100 -115.6424581005587
 116 -113.6312849162011
 119 -111.6201117318436
 21 -109.608938547486
 35 -107.5977653631285
 16 -105.5865921787709
 13 -103.5754189944134
 1 -101.5642458100559
 0 -99.55307262569832
 2 -97.54189944134077
 1 -95.53072625698323
 7 -93.5195530726257
 8512 -91.50837988826815
 7 -89.49720670391061
 5 -87.48603351955308
 0 -85.47486033519553
 1 -83.46368715083798
 3 -81.45251396648044
 8 -79.44134078212289
 7 -77.43016759776536
 42 -75.41899441340782
 24 -73.40782122905027
 45 -71.39664804469274
 121 -69.38547486033519
 64 -67.37430167597765
 110 -65.3631284916201
 53 -63.35195530726256
 282 -61.34078212290503
 154 -59.32960893854748
 217 -57.31843575418993
 97 -55.3072625698324
 80 -53.29608938547486
 223 -51.28491620111731
 52 -49.27374301675977
 116 -47.26256983240222
 4 -45.25139664804468
 266 -43.24022346368713
 7 -41.22905027932961
 137 -39.21787709497207
 335 -37.20670391061452
 511 -35.19553072625698
 108 -33.18435754189943
 67 -31.17318435754188
 176 -29.16201117318434
 12 -27.15083798882682
 70 -25.13966480446928
 701 -23.12849162011173
 167 -21.11731843575419
 56 -19.10614525139664
 10 -17.09497206703909
 29 -15.08379888268155
 196 -13.072625698324
 12 -11.06145251396646
 594 -9.050279329608941
 4 -7.039106145251395
 103 -5.02793296089385
 17 -3.016759776536304
 0 -1.005586592178759
 24 1.005586592178787
 145 3.016759776536333
 1 5.02793296089385
 509 7.039106145251395
 7 9.050279329608941
 126 11.06145251396649
 38 13.07262569832403
 19 15.08379888268158
 61 17.09497206703912
 141 19.10614525139667
 597 21.11731843575421
 38 23.12849162011173
 95 25.13966480446928
 89 27.15083798882682
 63 29.16201117318437
 270 31.17318435754191
 359 33.18435754189946
 264 35.195530726257
 159 37.20670391061452
 33 39.21787709497207
 267 41.22905027932961
 3 43.24022346368716
 118 45.2513966480447
 73 47.26256983240225
 247 49.27374301675979
 95 51.28491620111734
 197 53.29608938547489
 76 55.3072625698324
 158 57.31843575418995
 285 59.32960893854749
 67 61.34078212290504
 136 63.35195530726259
 102 65.36312849162013
 120 67.37430167597768
 48 69.38547486033519
 38 71.39664804469274
 41 73.40782122905028
 5 75.41899441340783
 16 77.43016759776538
 4 79.44134078212289
 0 81.45251396648047
 1 83.46368715083798
 3 85.47486033519556
 12 87.48603351955308
 8239 89.49720670391065
 7 91.50837988826817
 5 93.51955307262574
 0 95.53072625698326
 0 97.54189944134077
 2 99.55307262569835
 16 101.5642458100559
 23 103.5754189944134
 48 105.586592178771
 24 107.5977653631285
 110 109.608938547486
 138 111.6201117318436
 148 113.6312849162011
 2 115.6424581005587
 237 117.6536312849162
 161 119.6648044692737
 109 121.6759776536313
 177 123.6871508379888
 165 125.6983240223464
 75 127.7094972067039
 179 129.7206703910614
 182 131.731843575419
 1 133.7430167597765
 147 135.7541899441341
 160 137.7653631284916
 120 139.7765363128492
 164 141.7877094972067
 478 143.7988826815642
 143 145.8100558659218
 225 147.8212290502793
 47 149.8324022346369
 153 151.8435754189944
 88 153.854748603352
 489 155.8659217877095
 55 157.8770949720671
 139 159.8882681564246
 78 161.8994413407821
 48 163.9106145251397
 19 165.9217877094972
 134 167.9329608938548
 256 169.9441340782123
 316 171.9553072625699
 1 173.9664804469274
 152 175.9776536312849
 3 177.9888268156425
 0 180


