# Created by Octave 3.8.2, Mon Jun 22 01:52:37 2020 CEST <damian@fptrucha.inv.usc.es>
# name: hd
# type: matrix
# rows: 180
# columns: 2
 4 -180
 158 -177.9888268156425
 3 -175.9776536312849
 360 -173.9664804469274
 248 -171.9553072625698
 166 -169.9441340782123
 32 -167.9329608938548
 42 -165.9217877094972
 56 -163.9106145251397
 153 -161.8994413407821
 45 -159.8882681564246
 594 -157.877094972067
 60 -155.8659217877095
 119 -153.854748603352
 39 -151.8435754189944
 80 -149.8324022346369
 222 -147.8212290502793
 638 -145.8100558659218
 132 -143.7988826815642
 87 -141.7877094972067
 172 -139.7765363128491
 103 -137.7653631284916
 2 -135.7541899441341
 178 -133.7430167597765
 156 -131.731843575419
 89 -129.7206703910614
 185 -127.7094972067039
 255 -125.6983240223464
 99 -123.6871508379888
 195 -121.6759776536313
 163 -119.6648044692737
 3 -117.6536312849162
 122 -115.6424581005587
 113 -113.6312849162011
 144 -111.6201117318436
 21 -109.608938547486
 51 -107.5977653631285
 32 -105.5865921787709
 14 -103.5754189944134
 6 -101.5642458100559
 1 -99.55307262569832
 1 -97.54189944134077
 3 -95.53072625698323
 7 -93.5195530726257
 7998 -91.50837988826815
 9 -89.49720670391061
 2 -87.48603351955308
 1 -85.47486033519553
 0 -83.46368715083798
 5 -81.45251396648044
 4 -79.44134078212289
 4 -77.43016759776536
 44 -75.41899441340782
 24 -73.40782122905027
 46 -71.39664804469274
 124 -69.38547486033519
 63 -67.37430167597765
 111 -65.3631284916201
 44 -63.35195530726256
 302 -61.34078212290503
 165 -59.32960893854748
 222 -57.31843575418993
 100 -55.3072625698324
 80 -53.29608938547486
 224 -51.28491620111731
 51 -49.27374301675977
 123 -47.26256983240222
 4 -45.25139664804468
 277 -43.24022346368713
 2 -41.22905027932961
 162 -39.21787709497207
 327 -37.20670391061452
 426 -35.19553072625698
 111 -33.18435754189943
 73 -31.17318435754188
 179 -29.16201117318434
 12 -27.15083798882682
 59 -25.13966480446928
 597 -23.12849162011173
 139 -21.11731843575419
 49 -19.10614525139664
 18 -17.09497206703909
 42 -15.08379888268155
 182 -13.072625698324
 10 -11.06145251396646
 590 -9.050279329608941
 1 -7.039106145251395
 119 -5.02793296089385
 22 -3.016759776536304
 3 -1.005586592178759
 24 1.005586592178787
 146 3.016759776536333
 4 5.02793296089385
 557 7.039106145251395
 10 9.050279329608941
 163 11.06145251396649
 60 13.07262569832403
 12 15.08379888268158
 65 17.09497206703912
 130 19.10614525139667
 566 21.11731843575421
 58 23.12849162011173
 108 25.13966480446928
 107 27.15083798882682
 68 29.16201117318437
 223 31.17318435754191
 315 33.18435754189946
 242 35.195530726257
 156 37.20670391061452
 55 39.21787709497207
 275 41.22905027932961
 2 43.24022346368716
 120 45.2513966480447
 66 47.26256983240225
 246 49.27374301675979
 88 51.28491620111734
 192 53.29608938547489
 76 55.3072625698324
 144 57.31843575418995
 257 59.32960893854749
 59 61.34078212290504
 124 63.35195530726259
 80 65.36312849162013
 120 67.37430167597768
 53 69.38547486033519
 32 71.39664804469274
 55 73.40782122905028
 9 75.41899441340783
 9 77.43016759776538
 3 79.44134078212289
 0 81.45251396648047
 2 83.46368715083798
 3 85.47486033519556
 14 87.48603351955308
 7609 89.49720670391065
 6 91.50837988826817
 3 93.51955307262574
 0 95.53072625698326
 0 97.54189944134077
 3 99.55307262569835
 20 101.5642458100559
 25 103.5754189944134
 41 105.586592178771
 25 107.5977653631285
 108 109.608938547486
 130 111.6201117318436
 135 113.6312849162011
 3 115.6424581005587
 226 117.6536312849162
 178 119.6648044692737
 110 121.6759776536313
 170 123.6871508379888
 182 125.6983240223464
 92 127.7094972067039
 196 129.7206703910614
 205 131.731843575419
 4 133.7430167597765
 109 135.7541899441341
 165 137.7653631284916
 101 139.7765363128492
 156 141.7877094972067
 481 143.7988826815642
 132 145.8100558659218
 198 147.8212290502793
 42 149.8324022346369
 165 151.8435754189944
 58 153.854748603352
 470 155.8659217877095
 36 157.8770949720671
 129 159.8882681564246
 73 161.8994413407821
 54 163.9106145251397
 17 165.9217877094972
 116 167.9329608938548
 233 169.9441340782123
 320 171.9553072625699
 5 173.9664804469274
 150 175.9776536312849
 1 177.9888268156425
 0 180


