# Created by Octave 3.8.2, Mon Jun 22 00:40:57 2020 CEST <damian@fptrucha.inv.usc.es>
# name: hd
# type: matrix
# rows: 180
# columns: 2
 2 -180
 142 -177.9888268156425
 5 -175.9776536312849
 381 -173.9664804469274
 199 -171.9553072625698
 140 -169.9441340782123
 26 -167.9329608938548
 30 -165.9217877094972
 48 -163.9106145251397
 141 -161.8994413407821
 35 -159.8882681564246
 605 -157.877094972067
 46 -155.8659217877095
 107 -153.854748603352
 41 -151.8435754189944
 71 -149.8324022346369
 183 -147.8212290502793
 596 -145.8100558659218
 108 -143.7988826815642
 95 -141.7877094972067
 171 -139.7765363128491
 109 -137.7653631284916
 2 -135.7541899441341
 145 -133.7430167597765
 183 -131.731843575419
 84 -129.7206703910614
 202 -127.7094972067039
 231 -125.6983240223464
 110 -123.6871508379888
 190 -121.6759776536313
 172 -119.6648044692737
 1 -117.6536312849162
 98 -115.6424581005587
 135 -113.6312849162011
 122 -111.6201117318436
 17 -109.608938547486
 31 -107.5977653631285
 25 -105.5865921787709
 8 -103.5754189944134
 1 -101.5642458100559
 0 -99.55307262569832
 0 -97.54189944134077
 3 -95.53072625698323
 7 -93.5195530726257
 8192 -91.50837988826815
 12 -89.49720670391061
 2 -87.48603351955308
 4 -85.47486033519553
 0 -83.46368715083798
 2 -81.45251396648044
 7 -79.44134078212289
 7 -77.43016759776536
 39 -75.41899441340782
 25 -73.40782122905027
 55 -71.39664804469274
 115 -69.38547486033519
 69 -67.37430167597765
 98 -65.3631284916201
 53 -63.35195530726256
 267 -61.34078212290503
 120 -59.32960893854748
 222 -57.31843575418993
 82 -55.3072625698324
 89 -53.29608938547486
 227 -51.28491620111731
 58 -49.27374301675977
 112 -47.26256983240222
 1 -45.25139664804468
 267 -43.24022346368713
 5 -41.22905027932961
 161 -39.21787709497207
 294 -37.20670391061452
 472 -35.19553072625698
 107 -33.18435754189943
 64 -31.17318435754188
 162 -29.16201117318434
 10 -27.15083798882682
 63 -25.13966480446928
 601 -23.12849162011173
 141 -21.11731843575419
 59 -19.10614525139664
 12 -17.09497206703909
 32 -15.08379888268155
 166 -13.072625698324
 4 -11.06145251396646
 554 -9.050279329608941
 1 -7.039106145251395
 112 -5.02793296089385
 19 -3.016759776536304
 4 -1.005586592178759
 11 1.005586592178787
 141 3.016759776536333
 0 5.02793296089385
 540 7.039106145251395
 6 9.050279329608941
 141 11.06145251396649
 42 13.07262569832403
 14 15.08379888268158
 49 17.09497206703912
 127 19.10614525139667
 493 21.11731843575421
 62 23.12849162011173
 101 25.13966480446928
 92 27.15083798882682
 54 29.16201117318437
 204 31.17318435754191
 304 33.18435754189946
 254 35.195530726257
 171 37.20670391061452
 29 39.21787709497207
 291 41.22905027932961
 4 43.24022346368716
 108 45.2513966480447
 54 47.26256983240225
 234 49.27374301675979
 98 51.28491620111734
 177 53.29608938547489
 77 55.3072625698324
 126 57.31843575418995
 242 59.32960893854749
 46 61.34078212290504
 119 63.35195530726259
 54 65.36312849162013
 95 67.37430167597768
 45 69.38547486033519
 25 71.39664804469274
 44 73.40782122905028
 6 75.41899441340783
 13 77.43016759776538
 2 79.44134078212289
 0 81.45251396648047
 2 83.46368715083798
 3 85.47486033519556
 7 87.48603351955308
 7519 89.49720670391065
 7 91.50837988826817
 6 93.51955307262574
 0 95.53072625698326
 1 97.54189944134077
 5 99.55307262569835
 12 101.5642458100559
 21 103.5754189944134
 29 105.586592178771
 23 107.5977653631285
 100 109.608938547486
 96 111.6201117318436
 118 113.6312849162011
 6 115.6424581005587
 204 117.6536312849162
 154 119.6648044692737
 81 121.6759776536313
 153 123.6871508379888
 170 125.6983240223464
 81 127.7094972067039
 145 129.7206703910614
 166 131.731843575419
 1 133.7430167597765
 93 135.7541899441341
 149 137.7653631284916
 103 139.7765363128492
 130 141.7877094972067
 472 143.7988826815642
 130 145.8100558659218
 211 147.8212290502793
 35 149.8324022346369
 173 151.8435754189944
 63 153.854748603352
 448 155.8659217877095
 42 157.8770949720671
 103 159.8882681564246
 61 161.8994413407821
 43 163.9106145251397
 9 165.9217877094972
 125 167.9329608938548
 246 169.9441340782123
 341 171.9553072625699
 4 173.9664804469274
 136 175.9776536312849
 2 177.9888268156425
 0 180


