# Created by Octave 3.8.2, Mon Jun 22 05:23:47 2020 CEST <damian@fptrucha.inv.usc.es>
# name: hd
# type: matrix
# rows: 180
# columns: 2
 9 -180
 163 -177.9888268156425
 4 -175.9776536312849
 369 -173.9664804469274
 242 -171.9553072625698
 126 -169.9441340782123
 28 -167.9329608938548
 30 -165.9217877094972
 56 -163.9106145251397
 126 -161.8994413407821
 49 -159.8882681564246
 560 -157.877094972067
 66 -155.8659217877095
 115 -153.854748603352
 49 -151.8435754189944
 84 -149.8324022346369
 212 -147.8212290502793
 577 -145.8100558659218
 129 -143.7988826815642
 93 -141.7877094972067
 180 -139.7765363128491
 115 -137.7653631284916
 2 -135.7541899441341
 153 -133.7430167597765
 131 -131.731843575419
 70 -129.7206703910614
 165 -127.7094972067039
 196 -125.6983240223464
 100 -123.6871508379888
 185 -121.6759776536313
 166 -119.6648044692737
 5 -117.6536312849162
 119 -115.6424581005587
 103 -113.6312849162011
 111 -111.6201117318436
 12 -109.608938547486
 32 -107.5977653631285
 23 -105.5865921787709
 15 -103.5754189944134
 4 -101.5642458100559
 0 -99.55307262569832
 2 -97.54189944134077
 4 -95.53072625698323
 5 -93.5195530726257
 7387 -91.50837988826815
 7 -89.49720670391061
 5 -87.48603351955308
 2 -85.47486033519553
 2 -83.46368715083798
 4 -81.45251396648044
 13 -79.44134078212289
 9 -77.43016759776536
 50 -75.41899441340782
 30 -73.40782122905027
 46 -71.39664804469274
 107 -69.38547486033519
 83 -67.37430167597765
 98 -65.3631284916201
 63 -63.35195530726256
 268 -61.34078212290503
 133 -59.32960893854748
 190 -57.31843575418993
 87 -55.3072625698324
 61 -53.29608938547486
 218 -51.28491620111731
 55 -49.27374301675977
 117 -47.26256983240222
 1 -45.25139664804468
 277 -43.24022346368713
 7 -41.22905027932961
 164 -39.21787709497207
 255 -37.20670391061452
 422 -35.19553072625698
 118 -33.18435754189943
 50 -31.17318435754188
 143 -29.16201117318434
 16 -27.15083798882682
 81 -25.13966480446928
 549 -23.12849162011173
 149 -21.11731843575419
 46 -19.10614525139664
 11 -17.09497206703909
 45 -15.08379888268155
 135 -13.072625698324
 15 -11.06145251396646
 550 -9.050279329608941
 3 -7.039106145251395
 123 -5.02793296089385
 21 -3.016759776536304
 2 -1.005586592178759
 22 1.005586592178787
 129 3.016759776536333
 2 5.02793296089385
 538 7.039106145251395
 10 9.050279329608941
 143 11.06145251396649
 41 13.07262569832403
 16 15.08379888268158
 45 17.09497206703912
 128 19.10614525139667
 483 21.11731843575421
 63 23.12849162011173
 78 25.13966480446928
 99 27.15083798882682
 78 29.16201117318437
 208 31.17318435754191
 319 33.18435754189946
 267 35.195530726257
 140 37.20670391061452
 33 39.21787709497207
 272 41.22905027932961
 1 43.24022346368716
 118 45.2513966480447
 57 47.26256983240225
 231 49.27374301675979
 95 51.28491620111734
 186 53.29608938547489
 80 55.3072625698324
 151 57.31843575418995
 240 59.32960893854749
 38 61.34078212290504
 118 63.35195530726259
 85 65.36312849162013
 93 67.37430167597768
 42 69.38547486033519
 21 71.39664804469274
 61 73.40782122905028
 11 75.41899441340783
 17 77.43016759776538
 4 79.44134078212289
 2 81.45251396648047
 2 83.46368715083798
 4 85.47486033519556
 14 87.48603351955308
 6910 89.49720670391065
 11 91.50837988826817
 2 93.51955307262574
 1 95.53072625698326
 1 97.54189944134077
 2 99.55307262569835
 16 101.5642458100559
 27 103.5754189944134
 49 105.586592178771
 18 107.5977653631285
 113 109.608938547486
 114 111.6201117318436
 118 113.6312849162011
 4 115.6424581005587
 184 117.6536312849162
 142 119.6648044692737
 82 121.6759776536313
 165 123.6871508379888
 167 125.6983240223464
 76 127.7094972067039
 144 129.7206703910614
 186 131.731843575419
 4 133.7430167597765
 117 135.7541899441341
 160 137.7653631284916
 110 139.7765363128492
 122 141.7877094972067
 455 143.7988826815642
 110 145.8100558659218
 174 147.8212290502793
 48 149.8324022346369
 144 151.8435754189944
 59 153.854748603352
 467 155.8659217877095
 55 157.8770949720671
 132 159.8882681564246
 68 161.8994413407821
 50 163.9106145251397
 18 165.9217877094972
 127 167.9329608938548
 212 169.9441340782123
 282 171.9553072625699
 3 173.9664804469274
 137 175.9776536312849
 6 177.9888268156425
 0 180


