# Created by Octave 3.8.2, Mon Jun 22 14:31:04 2020 CEST <damian@fptrucha.inv.usc.es>
# name: hd
# type: matrix
# rows: 180
# columns: 2
 7 -180
 161 -177.9888268156425
 3 -175.9776536312849
 357 -173.9664804469274
 291 -171.9553072625698
 139 -169.9441340782123
 33 -167.9329608938548
 36 -165.9217877094972
 51 -163.9106145251397
 157 -161.8994413407821
 65 -159.8882681564246
 551 -157.877094972067
 60 -155.8659217877095
 133 -153.854748603352
 42 -151.8435754189944
 70 -149.8324022346369
 235 -147.8212290502793
 585 -145.8100558659218
 140 -143.7988826815642
 90 -141.7877094972067
 201 -139.7765363128491
 101 -137.7653631284916
 2 -135.7541899441341
 194 -133.7430167597765
 188 -131.731843575419
 75 -129.7206703910614
 213 -127.7094972067039
 240 -125.6983240223464
 100 -123.6871508379888
 163 -121.6759776536313
 164 -119.6648044692737
 6 -117.6536312849162
 92 -115.6424581005587
 114 -113.6312849162011
 104 -111.6201117318436
 24 -109.608938547486
 39 -107.5977653631285
 25 -105.5865921787709
 10 -103.5754189944134
 4 -101.5642458100559
 2 -99.55307262569832
 1 -97.54189944134077
 6 -95.53072625698323
 9 -93.5195530726257
 7890 -91.50837988826815
 14 -89.49720670391061
 8 -87.48603351955308
 3 -85.47486033519553
 0 -83.46368715083798
 4 -81.45251396648044
 15 -79.44134078212289
 9 -77.43016759776536
 53 -75.41899441340782
 25 -73.40782122905027
 59 -71.39664804469274
 107 -69.38547486033519
 65 -67.37430167597765
 135 -65.3631284916201
 55 -63.35195530726256
 273 -61.34078212290503
 130 -59.32960893854748
 228 -57.31843575418993
 94 -55.3072625698324
 83 -53.29608938547486
 241 -51.28491620111731
 56 -49.27374301675977
 117 -47.26256983240222
 2 -45.25139664804468
 306 -43.24022346368713
 3 -41.22905027932961
 148 -39.21787709497207
 260 -37.20670391061452
 425 -35.19553072625698
 128 -33.18435754189943
 73 -31.17318435754188
 194 -29.16201117318434
 6 -27.15083798882682
 58 -25.13966480446928
 564 -23.12849162011173
 132 -21.11731843575419
 50 -19.10614525139664
 5 -17.09497206703909
 48 -15.08379888268155
 173 -13.072625698324
 14 -11.06145251396646
 567 -9.050279329608941
 2 -7.039106145251395
 135 -5.02793296089385
 20 -3.016759776536304
 0 -1.005586592178759
 26 1.005586592178787
 140 3.016759776536333
 4 5.02793296089385
 519 7.039106145251395
 7 9.050279329608941
 131 11.06145251396649
 29 13.07262569832403
 17 15.08379888268158
 60 17.09497206703912
 108 19.10614525139667
 558 21.11731843575421
 55 23.12849162011173
 75 25.13966480446928
 136 27.15083798882682
 67 29.16201117318437
 225 31.17318435754191
 337 33.18435754189946
 251 35.195530726257
 143 37.20670391061452
 36 39.21787709497207
 285 41.22905027932961
 3 43.24022346368716
 111 45.2513966480447
 52 47.26256983240225
 241 49.27374301675979
 95 51.28491620111734
 222 53.29608938547489
 91 55.3072625698324
 133 57.31843575418995
 250 59.32960893854749
 65 61.34078212290504
 122 63.35195530726259
 88 65.36312849162013
 136 67.37430167597768
 60 69.38547486033519
 34 71.39664804469274
 64 73.40782122905028
 13 75.41899441340783
 16 77.43016759776538
 2 79.44134078212289
 1 81.45251396648047
 2 83.46368715083798
 5 85.47486033519556
 17 87.48603351955308
 7669 89.49720670391065
 5 91.50837988826817
 6 93.51955307262574
 0 95.53072625698326
 2 97.54189944134077
 3 99.55307262569835
 22 101.5642458100559
 27 103.5754189944134
 59 105.586592178771
 30 107.5977653631285
 122 109.608938547486
 114 111.6201117318436
 131 113.6312849162011
 4 115.6424581005587
 229 117.6536312849162
 165 119.6648044692737
 86 121.6759776536313
 197 123.6871508379888
 164 125.6983240223464
 75 127.7094972067039
 155 129.7206703910614
 189 131.731843575419
 2 133.7430167597765
 110 135.7541899441341
 156 137.7653631284916
 99 139.7765363128492
 158 141.7877094972067
 498 143.7988826815642
 130 145.8100558659218
 190 147.8212290502793
 54 149.8324022346369
 136 151.8435754189944
 71 153.854748603352
 519 155.8659217877095
 57 157.8770949720671
 134 159.8882681564246
 64 161.8994413407821
 49 163.9106145251397
 24 165.9217877094972
 134 167.9329608938548
 223 169.9441340782123
 365 171.9553072625699
 2 173.9664804469274
 160 175.9776536312849
 2 177.9888268156425
 0 180


