# Created by Octave 3.8.2, Mon Jun 22 01:28:06 2020 CEST <damian@fptrucha.inv.usc.es>
# name: hd
# type: matrix
# rows: 180
# columns: 2
 0 -180
 157 -177.9888268156425
 2 -175.9776536312849
 375 -173.9664804469274
 229 -171.9553072625698
 160 -169.9441340782123
 34 -167.9329608938548
 39 -165.9217877094972
 57 -163.9106145251397
 152 -161.8994413407821
 37 -159.8882681564246
 663 -157.877094972067
 68 -155.8659217877095
 104 -153.854748603352
 27 -151.8435754189944
 75 -149.8324022346369
 202 -147.8212290502793
 620 -145.8100558659218
 129 -143.7988826815642
 100 -141.7877094972067
 164 -139.7765363128491
 111 -137.7653631284916
 3 -135.7541899441341
 138 -133.7430167597765
 183 -131.731843575419
 83 -129.7206703910614
 193 -127.7094972067039
 225 -125.6983240223464
 95 -123.6871508379888
 193 -121.6759776536313
 176 -119.6648044692737
 4 -117.6536312849162
 100 -115.6424581005587
 113 -113.6312849162011
 117 -111.6201117318436
 21 -109.608938547486
 31 -107.5977653631285
 18 -105.5865921787709
 12 -103.5754189944134
 1 -101.5642458100559
 2 -99.55307262569832
 0 -97.54189944134077
 0 -95.53072625698323
 8 -93.5195530726257
 8121 -91.50837988826815
 9 -89.49720670391061
 2 -87.48603351955308
 1 -85.47486033519553
 0 -83.46368715083798
 3 -81.45251396648044
 3 -79.44134078212289
 3 -77.43016759776536
 53 -75.41899441340782
 21 -73.40782122905027
 60 -71.39664804469274
 137 -69.38547486033519
 77 -67.37430167597765
 94 -65.3631284916201
 45 -63.35195530726256
 277 -61.34078212290503
 160 -59.32960893854748
 228 -57.31843575418993
 93 -55.3072625698324
 80 -53.29608938547486
 225 -51.28491620111731
 52 -49.27374301675977
 115 -47.26256983240222
 0 -45.25139664804468
 308 -43.24022346368713
 2 -41.22905027932961
 138 -39.21787709497207
 314 -37.20670391061452
 501 -35.19553072625698
 113 -33.18435754189943
 68 -31.17318435754188
 153 -29.16201117318434
 13 -27.15083798882682
 53 -25.13966480446928
 657 -23.12849162011173
 137 -21.11731843575419
 43 -19.10614525139664
 12 -17.09497206703909
 31 -15.08379888268155
 144 -13.072625698324
 5 -11.06145251396646
 535 -9.050279329608941
 2 -7.039106145251395
 138 -5.02793296089385
 19 -3.016759776536304
 1 -1.005586592178759
 13 1.005586592178787
 131 3.016759776536333
 0 5.02793296089385
 510 7.039106145251395
 5 9.050279329608941
 145 11.06145251396649
 47 13.07262569832403
 11 15.08379888268158
 76 17.09497206703912
 114 19.10614525139667
 513 21.11731843575421
 44 23.12849162011173
 93 25.13966480446928
 114 27.15083798882682
 58 29.16201117318437
 231 31.17318435754191
 331 33.18435754189946
 238 35.195530726257
 165 37.20670391061452
 24 39.21787709497207
 317 41.22905027932961
 0 43.24022346368716
 133 45.2513966480447
 73 47.26256983240225
 210 49.27374301675979
 68 51.28491620111734
 180 53.29608938547489
 77 55.3072625698324
 128 57.31843575418995
 272 59.32960893854749
 68 61.34078212290504
 125 63.35195530726259
 72 65.36312849162013
 94 67.37430167597768
 40 69.38547486033519
 27 71.39664804469274
 48 73.40782122905028
 6 75.41899441340783
 8 77.43016759776538
 1 79.44134078212289
 0 81.45251396648047
 0 83.46368715083798
 2 85.47486033519556
 9 87.48603351955308
 7630 89.49720670391065
 2 91.50837988826817
 3 93.51955307262574
 2 95.53072625698326
 0 97.54189944134077
 4 99.55307262569835
 8 101.5642458100559
 18 103.5754189944134
 28 105.586592178771
 15 107.5977653631285
 109 109.608938547486
 110 111.6201117318436
 133 113.6312849162011
 4 115.6424581005587
 202 117.6536312849162
 127 119.6648044692737
 75 121.6759776536313
 192 123.6871508379888
 157 125.6983240223464
 77 127.7094972067039
 141 129.7206703910614
 161 131.731843575419
 1 133.7430167597765
 125 135.7541899441341
 162 137.7653631284916
 109 139.7765363128492
 130 141.7877094972067
 469 143.7988826815642
 113 145.8100558659218
 200 147.8212290502793
 39 149.8324022346369
 141 151.8435754189944
 68 153.854748603352
 471 155.8659217877095
 36 157.8770949720671
 123 159.8882681564246
 72 161.8994413407821
 35 163.9106145251397
 16 165.9217877094972
 137 167.9329608938548
 214 169.9441340782123
 325 171.9553072625699
 6 173.9664804469274
 142 175.9776536312849
 5 177.9888268156425
 0 180


