# Created by Octave 3.8.2, Mon Jun 22 07:36:06 2020 CEST <damian@fptrucha.inv.usc.es>
# name: hd
# type: matrix
# rows: 180
# columns: 2
 3 -180
 168 -177.9888268156425
 1 -175.9776536312849
 363 -173.9664804469274
 232 -171.9553072625698
 144 -169.9441340782123
 41 -167.9329608938548
 36 -165.9217877094972
 66 -163.9106145251397
 159 -161.8994413407821
 47 -159.8882681564246
 495 -157.877094972067
 65 -155.8659217877095
 135 -153.854748603352
 52 -151.8435754189944
 66 -149.8324022346369
 233 -147.8212290502793
 535 -145.8100558659218
 126 -143.7988826815642
 80 -141.7877094972067
 153 -139.7765363128491
 103 -137.7653631284916
 2 -135.7541899441341
 158 -133.7430167597765
 160 -131.731843575419
 97 -129.7206703910614
 156 -127.7094972067039
 212 -125.6983240223464
 82 -123.6871508379888
 165 -121.6759776536313
 176 -119.6648044692737
 4 -117.6536312849162
 111 -115.6424581005587
 141 -113.6312849162011
 126 -111.6201117318436
 18 -109.608938547486
 44 -107.5977653631285
 18 -105.5865921787709
 14 -103.5754189944134
 8 -101.5642458100559
 2 -99.55307262569832
 1 -97.54189944134077
 3 -95.53072625698323
 7 -93.5195530726257
 7445 -91.50837988826815
 16 -89.49720670391061
 4 -87.48603351955308
 4 -85.47486033519553
 1 -83.46368715083798
 3 -81.45251396648044
 11 -79.44134078212289
 6 -77.43016759776536
 38 -75.41899441340782
 37 -73.40782122905027
 57 -71.39664804469274
 120 -69.38547486033519
 78 -67.37430167597765
 122 -65.3631284916201
 64 -63.35195530726256
 241 -61.34078212290503
 156 -59.32960893854748
 195 -57.31843575418993
 90 -55.3072625698324
 58 -53.29608938547486
 223 -51.28491620111731
 64 -49.27374301675977
 101 -47.26256983240222
 4 -45.25139664804468
 281 -43.24022346368713
 5 -41.22905027932961
 154 -39.21787709497207
 299 -37.20670391061452
 422 -35.19553072625698
 132 -33.18435754189943
 52 -31.17318435754188
 164 -29.16201117318434
 9 -27.15083798882682
 66 -25.13966480446928
 528 -23.12849162011173
 130 -21.11731843575419
 46 -19.10614525139664
 10 -17.09497206703909
 41 -15.08379888268155
 120 -13.072625698324
 8 -11.06145251396646
 539 -9.050279329608941
 2 -7.039106145251395
 134 -5.02793296089385
 20 -3.016759776536304
 5 -1.005586592178759
 21 1.005586592178787
 120 3.016759776536333
 0 5.02793296089385
 507 7.039106145251395
 6 9.050279329608941
 154 11.06145251396649
 44 13.07262569832403
 15 15.08379888268158
 56 17.09497206703912
 145 19.10614525139667
 511 21.11731843575421
 57 23.12849162011173
 83 25.13966480446928
 99 27.15083798882682
 53 29.16201117318437
 180 31.17318435754191
 312 33.18435754189946
 242 35.195530726257
 145 37.20670391061452
 38 39.21787709497207
 277 41.22905027932961
 3 43.24022346368716
 113 45.2513966480447
 49 47.26256983240225
 227 49.27374301675979
 83 51.28491620111734
 186 53.29608938547489
 72 55.3072625698324
 150 57.31843575418995
 275 59.32960893854749
 62 61.34078212290504
 129 63.35195530726259
 85 65.36312849162013
 98 67.37430167597768
 59 69.38547486033519
 33 71.39664804469274
 49 73.40782122905028
 4 75.41899441340783
 6 77.43016759776538
 4 79.44134078212289
 3 81.45251396648047
 1 83.46368715083798
 8 85.47486033519556
 14 87.48603351955308
 7205 89.49720670391065
 5 91.50837988826817
 4 93.51955307262574
 1 95.53072625698326
 1 97.54189944134077
 5 99.55307262569835
 9 101.5642458100559
 21 103.5754189944134
 49 105.586592178771
 19 107.5977653631285
 92 109.608938547486
 116 111.6201117318436
 115 113.6312849162011
 1 115.6424581005587
 188 117.6536312849162
 175 119.6648044692737
 101 121.6759776536313
 161 123.6871508379888
 170 125.6983240223464
 85 127.7094972067039
 145 129.7206703910614
 187 131.731843575419
 3 133.7430167597765
 111 135.7541899441341
 172 137.7653631284916
 95 139.7765363128492
 123 141.7877094972067
 480 143.7988826815642
 116 145.8100558659218
 221 147.8212290502793
 44 149.8324022346369
 115 151.8435754189944
 59 153.854748603352
 487 155.8659217877095
 43 157.8770949720671
 113 159.8882681564246
 70 161.8994413407821
 31 163.9106145251397
 25 165.9217877094972
 113 167.9329608938548
 212 169.9441340782123
 379 171.9553072625699
 4 173.9664804469274
 177 175.9776536312849
 2 177.9888268156425
 0 180


