# Created by Octave 3.8.2, Sat Jun 20 17:07:35 2020 CEST <damian@fptrucha.inv.usc.es>
# name: hd
# type: matrix
# rows: 180
# columns: 2
 7 -180
 155 -177.9888268156425
 3 -175.9776536312849
 365 -173.9664804469274
 243 -171.9553072625698
 154 -169.9441340782123
 29 -167.9329608938548
 35 -165.9217877094972
 50 -163.9106145251397
 152 -161.8994413407821
 35 -159.8882681564246
 620 -157.877094972067
 74 -155.8659217877095
 129 -153.854748603352
 41 -151.8435754189944
 82 -149.8324022346369
 206 -147.8212290502793
 607 -145.8100558659218
 106 -143.7988826815642
 80 -141.7877094972067
 156 -139.7765363128491
 112 -137.7653631284916
 1 -135.7541899441341
 153 -133.7430167597765
 148 -131.731843575419
 83 -129.7206703910614
 203 -127.7094972067039
 237 -125.6983240223464
 112 -123.6871508379888
 204 -121.6759776536313
 176 -119.6648044692737
 3 -117.6536312849162
 83 -115.6424581005587
 109 -113.6312849162011
 124 -111.6201117318436
 13 -109.608938547486
 34 -107.5977653631285
 23 -105.5865921787709
 18 -103.5754189944134
 1 -101.5642458100559
 2 -99.55307262569832
 1 -97.54189944134077
 2 -95.53072625698323
 6 -93.5195530726257
 8430 -91.50837988826815
 10 -89.49720670391061
 2 -87.48603351955308
 1 -85.47486033519553
 0 -83.46368715083798
 4 -81.45251396648044
 4 -79.44134078212289
 4 -77.43016759776536
 48 -75.41899441340782
 41 -73.40782122905027
 53 -71.39664804469274
 117 -69.38547486033519
 93 -67.37430167597765
 81 -65.3631284916201
 50 -63.35195530726256
 276 -61.34078212290503
 116 -59.32960893854748
 222 -57.31843575418993
 80 -55.3072625698324
 59 -53.29608938547486
 236 -51.28491620111731
 58 -49.27374301675977
 109 -47.26256983240222
 3 -45.25139664804468
 286 -43.24022346368713
 3 -41.22905027932961
 145 -39.21787709497207
 293 -37.20670391061452
 445 -35.19553072625698
 94 -33.18435754189943
 53 -31.17318435754188
 150 -29.16201117318434
 10 -27.15083798882682
 56 -25.13966480446928
 637 -23.12849162011173
 128 -21.11731843575419
 49 -19.10614525139664
 11 -17.09497206703909
 36 -15.08379888268155
 173 -13.072625698324
 8 -11.06145251396646
 520 -9.050279329608941
 3 -7.039106145251395
 128 -5.02793296089385
 22 -3.016759776536304
 3 -1.005586592178759
 23 1.005586592178787
 130 3.016759776536333
 2 5.02793296089385
 525 7.039106145251395
 9 9.050279329608941
 144 11.06145251396649
 51 13.07262569832403
 11 15.08379888268158
 66 17.09497206703912
 118 19.10614525139667
 507 21.11731843575421
 59 23.12849162011173
 100 25.13966480446928
 95 27.15083798882682
 52 29.16201117318437
 225 31.17318435754191
 339 33.18435754189946
 251 35.195530726257
 175 37.20670391061452
 31 39.21787709497207
 282 41.22905027932961
 1 43.24022346368716
 98 45.2513966480447
 51 47.26256983240225
 250 49.27374301675979
 84 51.28491620111734
 186 53.29608938547489
 74 55.3072625698324
 147 57.31843575418995
 247 59.32960893854749
 64 61.34078212290504
 99 63.35195530726259
 76 65.36312849162013
 115 67.37430167597768
 40 69.38547486033519
 25 71.39664804469274
 41 73.40782122905028
 5 75.41899441340783
 11 77.43016759776538
 1 79.44134078212289
 1 81.45251396648047
 2 83.46368715083798
 6 85.47486033519556
 8 87.48603351955308
 7574 89.49720670391065
 5 91.50837988826817
 3 93.51955307262574
 0 95.53072625698326
 0 97.54189944134077
 1 99.55307262569835
 17 101.5642458100559
 23 103.5754189944134
 34 105.586592178771
 24 107.5977653631285
 100 109.608938547486
 102 111.6201117318436
 100 113.6312849162011
 5 115.6424581005587
 199 117.6536312849162
 146 119.6648044692737
 85 121.6759776536313
 185 123.6871508379888
 173 125.6983240223464
 90 127.7094972067039
 133 129.7206703910614
 188 131.731843575419
 0 133.7430167597765
 110 135.7541899441341
 175 137.7653631284916
 104 139.7765363128492
 146 141.7877094972067
 462 143.7988826815642
 105 145.8100558659218
 206 147.8212290502793
 48 149.8324022346369
 145 151.8435754189944
 54 153.854748603352
 463 155.8659217877095
 58 157.8770949720671
 116 159.8882681564246
 75 161.8994413407821
 42 163.9106145251397
 15 165.9217877094972
 111 167.9329608938548
 210 169.9441340782123
 316 171.9553072625699
 2 173.9664804469274
 168 175.9776536312849
 3 177.9888268156425
 0 180


