# Created by Octave 3.8.2, Mon Jun 22 02:26:56 2020 CEST <damian@fptrucha.inv.usc.es>
# name: hd
# type: matrix
# rows: 180
# columns: 2
 2 -180
 48 -177.9888268156425
 2 -175.9776536312849
 66 -173.9664804469274
 43 -171.9553072625698
 23 -169.9441340782123
 8 -167.9329608938548
 1 -165.9217877094972
 3 -163.9106145251397
 34 -161.8994413407821
 1 -159.8882681564246
 69 -157.877094972067
 7 -155.8659217877095
 1 -153.854748603352
 1 -151.8435754189944
 1 -149.8324022346369
 14 -147.8212290502793
 125 -145.8100558659218
 12 -143.7988826815642
 3 -141.7877094972067
 34 -139.7765363128491
 2 -137.7653631284916
 0 -135.7541899441341
 4 -133.7430167597765
 20 -131.731843575419
 4 -129.7206703910614
 58 -127.7094972067039
 31 -125.6983240223464
 8 -123.6871508379888
 33 -121.6759776536313
 20 -119.6648044692737
 0 -117.6536312849162
 1 -115.6424581005587
 35 -113.6312849162011
 26 -111.6201117318436
 2 -109.608938547486
 3 -107.5977653631285
 8 -105.5865921787709
 6 -103.5754189944134
 0 -101.5642458100559
 1 -99.55307262569832
 2 -97.54189944134077
 3 -95.53072625698323
 5 -93.5195530726257
 795 -91.50837988826815
 4 -89.49720670391061
 5 -87.48603351955308
 1 -85.47486033519553
 0 -83.46368715083798
 1 -81.45251396648044
 11 -79.44134078212289
 1 -77.43016759776536
 6 -75.41899441340782
 4 -73.40782122905027
 8 -71.39664804469274
 21 -69.38547486033519
 22 -67.37430167597765
 2 -65.3631284916201
 5 -63.35195530726256
 49 -61.34078212290503
 12 -59.32960893854748
 37 -57.31843575418993
 27 -55.3072625698324
 19 -53.29608938547486
 15 -51.28491620111731
 1 -49.27374301675977
 3 -47.26256983240222
 0 -45.25139664804468
 26 -43.24022346368713
 2 -41.22905027932961
 6 -39.21787709497207
 63 -37.20670391061452
 92 -35.19553072625698
 1 -33.18435754189943
 10 -31.17318435754188
 4 -29.16201117318434
 1 -27.15083798882682
 5 -25.13966480446928
 83 -23.12849162011173
 35 -21.11731843575419
 2 -19.10614525139664
 3 -17.09497206703909
 3 -15.08379888268155
 28 -13.072625698324
 0 -11.06145251396646
 109 -9.050279329608941
 4 -7.039106145251395
 38 -5.02793296089385
 10 -3.016759776536304
 3 -1.005586592178759
 2 1.005586592178787
 0 3.016759776536333
 1 5.02793296089385
 7 7.039106145251395
 3 9.050279329608941
 5 11.06145251396649
 21 13.07262569832403
 6 15.08379888268158
 5 17.09497206703912
 4 19.10614525139667
 7 21.11731843575421
 22 23.12849162011173
 20 25.13966480446928
 17 27.15083798882682
 1 29.16201117318437
 28 31.17318435754191
 1 33.18435754189946
 4 35.195530726257
 13 37.20670391061452
 0 39.21787709497207
 69 41.22905027932961
 1 43.24022346368716
 10 45.2513966480447
 1 47.26256983240225
 4 49.27374301675979
 4 51.28491620111734
 4 53.29608938547489
 1 55.3072625698324
 9 57.31843575418995
 15 59.32960893854749
 10 61.34078212290504
 16 63.35195530726259
 2 65.36312849162013
 3 67.37430167597768
 1 69.38547486033519
 19 71.39664804469274
 1 73.40782122905028
 4 75.41899441340783
 1 77.43016759776538
 1 79.44134078212289
 1 81.45251396648047
 0 83.46368715083798
 1 85.47486033519556
 9 87.48603351955308
 321 89.49720670391065
 3 91.50837988826817
 2 93.51955307262574
 0 95.53072625698326
 0 97.54189944134077
 0 99.55307262569835
 3 101.5642458100559
 2 103.5754189944134
 8 105.586592178771
 12 107.5977653631285
 2 109.608938547486
 4 111.6201117318436
 34 113.6312849162011
 2 115.6424581005587
 33 117.6536312849162
 4 119.6648044692737
 10 121.6759776536313
 0 123.6871508379888
 3 125.6983240223464
 3 127.7094972067039
 2 129.7206703910614
 12 131.731843575419
 1 133.7430167597765
 32 135.7541899441341
 35 137.7653631284916
 2 139.7765363128492
 9 141.7877094972067
 5 143.7988826815642
 16 145.8100558659218
 18 147.8212290502793
 3 149.8324022346369
 32 151.8435754189944
 27 153.854748603352
 2 155.8659217877095
 4 157.8770949720671
 1 159.8882681564246
 11 161.8994413407821
 12 163.9106145251397
 1 165.9217877094972
 2 167.9329608938548
 3 169.9441340782123
 8 171.9553072625699
 3 173.9664804469274
 3 175.9776536312849
 1 177.9888268156425
 0 180


