# Created by Octave 3.8.2, Sat Jun 20 07:56:10 2020 CEST <damian@fptrucha.inv.usc.es>
# name: hd
# type: matrix
# rows: 180
# columns: 2
 3 -180
 186 -177.9888268156425
 1 -175.9776536312849
 463 -173.9664804469274
 249 -171.9553072625698
 175 -169.9441340782123
 37 -167.9329608938548
 33 -165.9217877094972
 74 -163.9106145251397
 201 -161.8994413407821
 47 -159.8882681564246
 708 -157.877094972067
 70 -155.8659217877095
 133 -153.854748603352
 55 -151.8435754189944
 77 -149.8324022346369
 253 -147.8212290502793
 704 -145.8100558659218
 171 -143.7988826815642
 95 -141.7877094972067
 202 -139.7765363128491
 131 -137.7653631284916
 4 -135.7541899441341
 212 -133.7430167597765
 183 -131.731843575419
 102 -129.7206703910614
 208 -127.7094972067039
 286 -125.6983240223464
 121 -123.6871508379888
 227 -121.6759776536313
 240 -119.6648044692737
 2 -117.6536312849162
 123 -115.6424581005587
 158 -113.6312849162011
 145 -111.6201117318436
 27 -109.608938547486
 53 -107.5977653631285
 36 -105.5865921787709
 13 -103.5754189944134
 3 -101.5642458100559
 0 -99.55307262569832
 0 -97.54189944134077
 3 -95.53072625698323
 3 -93.5195530726257
 9518 -91.50837988826815
 8 -89.49720670391061
 5 -87.48603351955308
 1 -85.47486033519553
 0 -83.46368715083798
 3 -81.45251396648044
 7 -79.44134078212289
 9 -77.43016759776536
 51 -75.41899441340782
 42 -73.40782122905027
 65 -71.39664804469274
 156 -69.38547486033519
 83 -67.37430167597765
 119 -65.3631284916201
 68 -63.35195530726256
 359 -61.34078212290503
 174 -59.32960893854748
 255 -57.31843575418993
 108 -55.3072625698324
 103 -53.29608938547486
 241 -51.28491620111731
 59 -49.27374301675977
 128 -47.26256983240222
 3 -45.25139664804468
 328 -43.24022346368713
 4 -41.22905027932961
 174 -39.21787709497207
 324 -37.20670391061452
 548 -35.19553072625698
 113 -33.18435754189943
 67 -31.17318435754188
 181 -29.16201117318434
 11 -27.15083798882682
 52 -25.13966480446928
 674 -23.12849162011173
 154 -21.11731843575419
 54 -19.10614525139664
 8 -17.09497206703909
 42 -15.08379888268155
 168 -13.072625698324
 14 -11.06145251396646
 634 -9.050279329608941
 2 -7.039106145251395
 128 -5.02793296089385
 21 -3.016759776536304
 2 -1.005586592178759
 36 1.005586592178787
 143 3.016759776536333
 3 5.02793296089385
 585 7.039106145251395
 9 9.050279329608941
 151 11.06145251396649
 52 13.07262569832403
 12 15.08379888268158
 70 17.09497206703912
 146 19.10614525139667
 570 21.11731843575421
 83 23.12849162011173
 99 25.13966480446928
 109 27.15083798882682
 65 29.16201117318437
 253 31.17318435754191
 383 33.18435754189946
 253 35.195530726257
 164 37.20670391061452
 41 39.21787709497207
 314 41.22905027932961
 2 43.24022346368716
 122 45.2513966480447
 58 47.26256983240225
 256 49.27374301675979
 78 51.28491620111734
 192 53.29608938547489
 100 55.3072625698324
 161 57.31843575418995
 240 59.32960893854749
 51 61.34078212290504
 121 63.35195530726259
 74 65.36312849162013
 128 67.37430167597768
 43 69.38547486033519
 22 71.39664804469274
 51 73.40782122905028
 7 75.41899441340783
 5 77.43016759776538
 1 79.44134078212289
 0 81.45251396648047
 0 83.46368715083798
 3 85.47486033519556
 9 87.48603351955308
 8388 89.49720670391065
 3 91.50837988826817
 2 93.51955307262574
 0 95.53072625698326
 0 97.54189944134077
 4 99.55307262569835
 8 101.5642458100559
 29 103.5754189944134
 45 105.586592178771
 27 107.5977653631285
 88 109.608938547486
 110 111.6201117318436
 101 113.6312849162011
 9 115.6424581005587
 207 117.6536312849162
 175 119.6648044692737
 96 121.6759776536313
 219 123.6871508379888
 198 125.6983240223464
 85 127.7094972067039
 178 129.7206703910614
 212 131.731843575419
 1 133.7430167597765
 113 135.7541899441341
 193 137.7653631284916
 109 139.7765363128492
 139 141.7877094972067
 547 143.7988826815642
 132 145.8100558659218
 250 147.8212290502793
 39 149.8324022346369
 184 151.8435754189944
 59 153.854748603352
 549 155.8659217877095
 69 157.8770949720671
 143 159.8882681564246
 78 161.8994413407821
 45 163.9106145251397
 21 165.9217877094972
 126 167.9329608938548
 255 169.9441340782123
 392 171.9553072625699
 4 173.9664804469274
 189 175.9776536312849
 6 177.9888268156425
 0 180


