# Created by Octave 3.8.2, Sat Jun 20 08:02:07 2020 CEST <damian@fptrucha.inv.usc.es>
# name: hd
# type: matrix
# rows: 180
# columns: 2
 4 -180
 188 -177.9888268156425
 3 -175.9776536312849
 414 -173.9664804469274
 281 -171.9553072625698
 166 -169.9441340782123
 27 -167.9329608938548
 41 -165.9217877094972
 65 -163.9106145251397
 183 -161.8994413407821
 50 -159.8882681564246
 647 -157.877094972067
 73 -155.8659217877095
 143 -153.854748603352
 49 -151.8435754189944
 87 -149.8324022346369
 271 -147.8212290502793
 655 -145.8100558659218
 145 -143.7988826815642
 105 -141.7877094972067
 236 -139.7765363128491
 128 -137.7653631284916
 2 -135.7541899441341
 195 -133.7430167597765
 194 -131.731843575419
 95 -129.7206703910614
 212 -127.7094972067039
 253 -125.6983240223464
 120 -123.6871508379888
 261 -121.6759776536313
 220 -119.6648044692737
 2 -117.6536312849162
 120 -115.6424581005587
 133 -113.6312849162011
 143 -111.6201117318436
 24 -109.608938547486
 46 -107.5977653631285
 24 -105.5865921787709
 7 -103.5754189944134
 2 -101.5642458100559
 0 -99.55307262569832
 2 -97.54189944134077
 0 -95.53072625698323
 12 -93.5195530726257
 9391 -91.50837988826815
 9 -89.49720670391061
 5 -87.48603351955308
 2 -85.47486033519553
 0 -83.46368715083798
 2 -81.45251396648044
 3 -79.44134078212289
 7 -77.43016759776536
 50 -75.41899441340782
 22 -73.40782122905027
 56 -71.39664804469274
 139 -69.38547486033519
 76 -67.37430167597765
 111 -65.3631284916201
 57 -63.35195530726256
 328 -61.34078212290503
 158 -59.32960893854748
 246 -57.31843575418993
 93 -55.3072625698324
 75 -53.29608938547486
 297 -51.28491620111731
 64 -49.27374301675977
 123 -47.26256983240222
 0 -45.25139664804468
 323 -43.24022346368713
 5 -41.22905027932961
 187 -39.21787709497207
 359 -37.20670391061452
 507 -35.19553072625698
 112 -33.18435754189943
 64 -31.17318435754188
 160 -29.16201117318434
 13 -27.15083798882682
 61 -25.13966480446928
 737 -23.12849162011173
 134 -21.11731843575419
 56 -19.10614525139664
 14 -17.09497206703909
 49 -15.08379888268155
 171 -13.072625698324
 16 -11.06145251396646
 593 -9.050279329608941
 3 -7.039106145251395
 149 -5.02793296089385
 20 -3.016759776536304
 3 -1.005586592178759
 29 1.005586592178787
 125 3.016759776536333
 2 5.02793296089385
 624 7.039106145251395
 11 9.050279329608941
 148 11.06145251396649
 42 13.07262569832403
 10 15.08379888268158
 81 17.09497206703912
 133 19.10614525139667
 604 21.11731843575421
 54 23.12849162011173
 99 25.13966480446928
 117 27.15083798882682
 58 29.16201117318437
 217 31.17318435754191
 336 33.18435754189946
 244 35.195530726257
 182 37.20670391061452
 39 39.21787709497207
 291 41.22905027932961
 0 43.24022346368716
 128 45.2513966480447
 63 47.26256983240225
 212 49.27374301675979
 77 51.28491620111734
 213 53.29608938547489
 90 55.3072625698324
 142 57.31843575418995
 271 59.32960893854749
 79 61.34078212290504
 110 63.35195530726259
 73 65.36312849162013
 87 67.37430167597768
 43 69.38547486033519
 35 71.39664804469274
 44 73.40782122905028
 3 75.41899441340783
 8 77.43016759776538
 4 79.44134078212289
 0 81.45251396648047
 2 83.46368715083798
 3 85.47486033519556
 14 87.48603351955308
 8478 89.49720670391065
 4 91.50837988826817
 2 93.51955307262574
 1 95.53072625698326
 1 97.54189944134077
 0 99.55307262569835
 12 101.5642458100559
 23 103.5754189944134
 38 105.586592178771
 17 107.5977653631285
 120 109.608938547486
 110 111.6201117318436
 153 113.6312849162011
 3 115.6424581005587
 236 117.6536312849162
 171 119.6648044692737
 100 121.6759776536313
 194 123.6871508379888
 192 125.6983240223464
 83 127.7094972067039
 174 129.7206703910614
 174 131.731843575419
 5 133.7430167597765
 125 135.7541899441341
 195 137.7653631284916
 117 139.7765363128492
 159 141.7877094972067
 528 143.7988826815642
 133 145.8100558659218
 224 147.8212290502793
 38 149.8324022346369
 162 151.8435754189944
 85 153.854748603352
 518 155.8659217877095
 60 157.8770949720671
 153 159.8882681564246
 72 161.8994413407821
 62 163.9106145251397
 23 165.9217877094972
 138 167.9329608938548
 254 169.9441340782123
 383 171.9553072625699
 2 173.9664804469274
 176 175.9776536312849
 1 177.9888268156425
 0 180


