# Created by Octave 3.8.2, Sun Jun 21 07:49:24 2020 CEST <damian@fptrucha.inv.usc.es>
# name: hd
# type: matrix
# rows: 180
# columns: 2
 3 -180
 154 -177.9888268156425
 5 -175.9776536312849
 356 -173.9664804469274
 244 -171.9553072625698
 186 -169.9441340782123
 28 -167.9329608938548
 39 -165.9217877094972
 54 -163.9106145251397
 147 -161.8994413407821
 46 -159.8882681564246
 636 -157.877094972067
 56 -155.8659217877095
 122 -153.854748603352
 41 -151.8435754189944
 65 -149.8324022346369
 218 -147.8212290502793
 620 -145.8100558659218
 106 -143.7988826815642
 79 -141.7877094972067
 190 -139.7765363128491
 109 -137.7653631284916
 1 -135.7541899441341
 154 -133.7430167597765
 153 -131.731843575419
 78 -129.7206703910614
 174 -127.7094972067039
 222 -125.6983240223464
 115 -123.6871508379888
 188 -121.6759776536313
 164 -119.6648044692737
 3 -117.6536312849162
 81 -115.6424581005587
 120 -113.6312849162011
 109 -111.6201117318436
 16 -109.608938547486
 35 -107.5977653631285
 28 -105.5865921787709
 18 -103.5754189944134
 3 -101.5642458100559
 0 -99.55307262569832
 0 -97.54189944134077
 4 -95.53072625698323
 2 -93.5195530726257
 8020 -91.50837988826815
 8 -89.49720670391061
 7 -87.48603351955308
 2 -85.47486033519553
 0 -83.46368715083798
 3 -81.45251396648044
 7 -79.44134078212289
 7 -77.43016759776536
 46 -75.41899441340782
 28 -73.40782122905027
 66 -71.39664804469274
 115 -69.38547486033519
 64 -67.37430167597765
 100 -65.3631284916201
 50 -63.35195530726256
 256 -61.34078212290503
 143 -59.32960893854748
 213 -57.31843575418993
 97 -55.3072625698324
 63 -53.29608938547486
 210 -51.28491620111731
 57 -49.27374301675977
 93 -47.26256983240222
 2 -45.25139664804468
 271 -43.24022346368713
 2 -41.22905027932961
 130 -39.21787709497207
 300 -37.20670391061452
 453 -35.19553072625698
 114 -33.18435754189943
 67 -31.17318435754188
 148 -29.16201117318434
 10 -27.15083798882682
 58 -25.13966480446928
 592 -23.12849162011173
 143 -21.11731843575419
 52 -19.10614525139664
 10 -17.09497206703909
 35 -15.08379888268155
 162 -13.072625698324
 7 -11.06145251396646
 577 -9.050279329608941
 2 -7.039106145251395
 145 -5.02793296089385
 19 -3.016759776536304
 2 -1.005586592178759
 18 1.005586592178787
 104 3.016759776536333
 1 5.02793296089385
 564 7.039106145251395
 2 9.050279329608941
 127 11.06145251396649
 42 13.07262569832403
 11 15.08379888268158
 57 17.09497206703912
 100 19.10614525139667
 494 21.11731843575421
 51 23.12849162011173
 93 25.13966480446928
 106 27.15083798882682
 65 29.16201117318437
 218 31.17318435754191
 305 33.18435754189946
 205 35.195530726257
 178 37.20670391061452
 32 39.21787709497207
 281 41.22905027932961
 4 43.24022346368716
 144 45.2513966480447
 60 47.26256983240225
 205 49.27374301675979
 79 51.28491620111734
 190 53.29608938547489
 68 55.3072625698324
 128 57.31843575418995
 266 59.32960893854749
 52 61.34078212290504
 119 63.35195530726259
 63 65.36312849162013
 96 67.37430167597768
 39 69.38547486033519
 35 71.39664804469274
 50 73.40782122905028
 5 75.41899441340783
 6 77.43016759776538
 2 79.44134078212289
 0 81.45251396648047
 1 83.46368715083798
 2 85.47486033519556
 10 87.48603351955308
 7632 89.49720670391065
 6 91.50837988826817
 3 93.51955307262574
 1 95.53072625698326
 1 97.54189944134077
 1 99.55307262569835
 7 101.5642458100559
 26 103.5754189944134
 31 105.586592178771
 25 107.5977653631285
 105 109.608938547486
 97 111.6201117318436
 123 113.6312849162011
 1 115.6424581005587
 231 117.6536312849162
 157 119.6648044692737
 80 121.6759776536313
 159 123.6871508379888
 170 125.6983240223464
 74 127.7094972067039
 164 129.7206703910614
 178 131.731843575419
 3 133.7430167597765
 92 135.7541899441341
 185 137.7653631284916
 104 139.7765363128492
 142 141.7877094972067
 472 143.7988826815642
 115 145.8100558659218
 192 147.8212290502793
 35 149.8324022346369
 162 151.8435754189944
 55 153.854748603352
 447 155.8659217877095
 39 157.8770949720671
 129 159.8882681564246
 73 161.8994413407821
 56 163.9106145251397
 15 165.9217877094972
 110 167.9329608938548
 221 169.9441340782123
 326 171.9553072625699
 2 173.9664804469274
 139 175.9776536312849
 6 177.9888268156425
 0 180


