# Created by Octave 3.8.2, Sat Jun 20 09:34:34 2020 CEST <damian@fptrucha.inv.usc.es>
# name: hd
# type: matrix
# rows: 180
# columns: 2
 5 -180
 178 -177.9888268156425
 1 -175.9776536312849
 425 -173.9664804469274
 272 -171.9553072625698
 154 -169.9441340782123
 36 -167.9329608938548
 43 -165.9217877094972
 70 -163.9106145251397
 177 -161.8994413407821
 44 -159.8882681564246
 728 -157.877094972067
 77 -155.8659217877095
 133 -153.854748603352
 48 -151.8435754189944
 89 -149.8324022346369
 236 -147.8212290502793
 751 -145.8100558659218
 146 -143.7988826815642
 96 -141.7877094972067
 171 -139.7765363128491
 129 -137.7653631284916
 2 -135.7541899441341
 193 -133.7430167597765
 187 -131.731843575419
 92 -129.7206703910614
 198 -127.7094972067039
 249 -125.6983240223464
 112 -123.6871508379888
 239 -121.6759776536313
 226 -119.6648044692737
 5 -117.6536312849162
 137 -115.6424581005587
 123 -113.6312849162011
 146 -111.6201117318436
 18 -109.608938547486
 28 -107.5977653631285
 31 -105.5865921787709
 17 -103.5754189944134
 2 -101.5642458100559
 0 -99.55307262569832
 0 -97.54189944134077
 2 -95.53072625698323
 8 -93.5195530726257
 9122 -91.50837988826815
 10 -89.49720670391061
 4 -87.48603351955308
 0 -85.47486033519553
 0 -83.46368715083798
 2 -81.45251396648044
 6 -79.44134078212289
 7 -77.43016759776536
 38 -75.41899441340782
 26 -73.40782122905027
 55 -71.39664804469274
 136 -69.38547486033519
 78 -67.37430167597765
 148 -65.3631284916201
 51 -63.35195530726256
 342 -61.34078212290503
 178 -59.32960893854748
 267 -57.31843575418993
 106 -55.3072625698324
 85 -53.29608938547486
 288 -51.28491620111731
 64 -49.27374301675977
 127 -47.26256983240222
 7 -45.25139664804468
 323 -43.24022346368713
 1 -41.22905027932961
 174 -39.21787709497207
 335 -37.20670391061452
 520 -35.19553072625698
 126 -33.18435754189943
 70 -31.17318435754188
 147 -29.16201117318434
 11 -27.15083798882682
 76 -25.13966480446928
 700 -23.12849162011173
 164 -21.11731843575419
 57 -19.10614525139664
 8 -17.09497206703909
 40 -15.08379888268155
 174 -13.072625698324
 11 -11.06145251396646
 634 -9.050279329608941
 2 -7.039106145251395
 123 -5.02793296089385
 30 -3.016759776536304
 2 -1.005586592178759
 29 1.005586592178787
 132 3.016759776536333
 0 5.02793296089385
 573 7.039106145251395
 9 9.050279329608941
 168 11.06145251396649
 44 13.07262569832403
 10 15.08379888268158
 61 17.09497206703912
 123 19.10614525139667
 575 21.11731843575421
 52 23.12849162011173
 112 25.13966480446928
 94 27.15083798882682
 47 29.16201117318437
 266 31.17318435754191
 355 33.18435754189946
 276 35.195530726257
 202 37.20670391061452
 33 39.21787709497207
 350 41.22905027932961
 2 43.24022346368716
 133 45.2513966480447
 72 47.26256983240225
 256 49.27374301675979
 95 51.28491620111734
 219 53.29608938547489
 83 55.3072625698324
 163 57.31843575418995
 294 59.32960893854749
 73 61.34078212290504
 126 63.35195530726259
 95 65.36312849162013
 122 67.37430167597768
 66 69.38547486033519
 31 71.39664804469274
 51 73.40782122905028
 5 75.41899441340783
 9 77.43016759776538
 3 79.44134078212289
 0 81.45251396648047
 0 83.46368715083798
 2 85.47486033519556
 13 87.48603351955308
 8672 89.49720670391065
 9 91.50837988826817
 4 93.51955307262574
 2 95.53072625698326
 0 97.54189944134077
 7 99.55307262569835
 16 101.5642458100559
 29 103.5754189944134
 43 105.586592178771
 23 107.5977653631285
 130 109.608938547486
 145 111.6201117318436
 154 113.6312849162011
 0 115.6424581005587
 235 117.6536312849162
 189 119.6648044692737
 114 121.6759776536313
 211 123.6871508379888
 223 125.6983240223464
 100 127.7094972067039
 172 129.7206703910614
 200 131.731843575419
 3 133.7430167597765
 172 135.7541899441341
 168 137.7653631284916
 98 139.7765363128492
 173 141.7877094972067
 492 143.7988826815642
 132 145.8100558659218
 263 147.8212290502793
 48 149.8324022346369
 199 151.8435754189944
 85 153.854748603352
 543 155.8659217877095
 62 157.8770949720671
 134 159.8882681564246
 93 161.8994413407821
 63 163.9106145251397
 23 165.9217877094972
 149 167.9329608938548
 258 169.9441340782123
 393 171.9553072625699
 4 173.9664804469274
 181 175.9776536312849
 3 177.9888268156425
 0 180


