# Created by Octave 3.8.2, Sat Jun 20 07:16:21 2020 CEST <damian@fptrucha.inv.usc.es>
# name: hd
# type: matrix
# rows: 180
# columns: 2
 2 -180
 175 -177.9888268156425
 2 -175.9776536312849
 404 -173.9664804469274
 270 -171.9553072625698
 150 -169.9441340782123
 29 -167.9329608938548
 42 -165.9217877094972
 64 -163.9106145251397
 165 -161.8994413407821
 49 -159.8882681564246
 754 -157.877094972067
 80 -155.8659217877095
 141 -153.854748603352
 52 -151.8435754189944
 72 -149.8324022346369
 256 -147.8212290502793
 720 -145.8100558659218
 147 -143.7988826815642
 108 -141.7877094972067
 209 -139.7765363128491
 107 -137.7653631284916
 2 -135.7541899441341
 179 -133.7430167597765
 178 -131.731843575419
 106 -129.7206703910614
 230 -127.7094972067039
 278 -125.6983240223464
 125 -123.6871508379888
 227 -121.6759776536313
 215 -119.6648044692737
 5 -117.6536312849162
 116 -115.6424581005587
 154 -113.6312849162011
 152 -111.6201117318436
 19 -109.608938547486
 43 -107.5977653631285
 25 -105.5865921787709
 16 -103.5754189944134
 1 -101.5642458100559
 0 -99.55307262569832
 0 -97.54189944134077
 4 -95.53072625698323
 5 -93.5195530726257
 9251 -91.50837988826815
 14 -89.49720670391061
 6 -87.48603351955308
 2 -85.47486033519553
 1 -83.46368715083798
 2 -81.45251396648044
 14 -79.44134078212289
 10 -77.43016759776536
 73 -75.41899441340782
 39 -73.40782122905027
 71 -71.39664804469274
 140 -69.38547486033519
 98 -67.37430167597765
 111 -65.3631284916201
 54 -63.35195530726256
 348 -61.34078212290503
 203 -59.32960893854748
 272 -57.31843575418993
 117 -55.3072625698324
 93 -53.29608938547486
 274 -51.28491620111731
 64 -49.27374301675977
 145 -47.26256983240222
 0 -45.25139664804468
 336 -43.24022346368713
 1 -41.22905027932961
 196 -39.21787709497207
 349 -37.20670391061452
 537 -35.19553072625698
 134 -33.18435754189943
 74 -31.17318435754188
 167 -29.16201117318434
 20 -27.15083798882682
 62 -25.13966480446928
 730 -23.12849162011173
 151 -21.11731843575419
 50 -19.10614525139664
 8 -17.09497206703909
 41 -15.08379888268155
 190 -13.072625698324
 3 -11.06145251396646
 625 -9.050279329608941
 5 -7.039106145251395
 135 -5.02793296089385
 20 -3.016759776536304
 4 -1.005586592178759
 25 1.005586592178787
 137 3.016759776536333
 3 5.02793296089385
 619 7.039106145251395
 10 9.050279329608941
 153 11.06145251396649
 55 13.07262569832403
 11 15.08379888268158
 62 17.09497206703912
 119 19.10614525139667
 529 21.11731843575421
 54 23.12849162011173
 86 25.13966480446928
 104 27.15083798882682
 62 29.16201117318437
 237 31.17318435754191
 358 33.18435754189946
 252 35.195530726257
 205 37.20670391061452
 27 39.21787709497207
 281 41.22905027932961
 4 43.24022346368716
 116 45.2513966480447
 61 47.26256983240225
 242 49.27374301675979
 83 51.28491620111734
 206 53.29608938547489
 89 55.3072625698324
 131 57.31843575418995
 280 59.32960893854749
 62 61.34078212290504
 125 63.35195530726259
 74 65.36312849162013
 125 67.37430167597768
 46 69.38547486033519
 25 71.39664804469274
 38 73.40782122905028
 6 75.41899441340783
 7 77.43016759776538
 4 79.44134078212289
 1 81.45251396648047
 0 83.46368715083798
 2 85.47486033519556
 6 87.48603351955308
 8258 89.49720670391065
 4 91.50837988826817
 1 93.51955307262574
 1 95.53072625698326
 0 97.54189944134077
 4 99.55307262569835
 11 101.5642458100559
 30 103.5754189944134
 36 105.586592178771
 21 107.5977653631285
 106 109.608938547486
 115 111.6201117318436
 151 113.6312849162011
 1 115.6424581005587
 201 117.6536312849162
 167 119.6648044692737
 92 121.6759776536313
 189 123.6871508379888
 189 125.6983240223464
 92 127.7094972067039
 192 129.7206703910614
 181 131.731843575419
 4 133.7430167597765
 131 135.7541899441341
 203 137.7653631284916
 119 139.7765363128492
 145 141.7877094972067
 567 143.7988826815642
 147 145.8100558659218
 216 147.8212290502793
 54 149.8324022346369
 156 151.8435754189944
 67 153.854748603352
 542 155.8659217877095
 48 157.8770949720671
 133 159.8882681564246
 57 161.8994413407821
 59 163.9106145251397
 17 165.9217877094972
 132 167.9329608938548
 276 169.9441340782123
 424 171.9553072625699
 2 173.9664804469274
 174 175.9776536312849
 2 177.9888268156425
 0 180


