# Created by Octave 3.8.2, Mon Jun 22 15:17:18 2020 CEST <damian@fptrucha.inv.usc.es>
# name: hd
# type: matrix
# rows: 180
# columns: 2
 8 -180
 153 -177.9888268156425
 3 -175.9776536312849
 396 -173.9664804469274
 231 -171.9553072625698
 144 -169.9441340782123
 42 -167.9329608938548
 40 -165.9217877094972
 58 -163.9106145251397
 150 -161.8994413407821
 50 -159.8882681564246
 608 -157.877094972067
 55 -155.8659217877095
 136 -153.854748603352
 44 -151.8435754189944
 65 -149.8324022346369
 243 -147.8212290502793
 591 -145.8100558659218
 150 -143.7988826815642
 100 -141.7877094972067
 182 -139.7765363128491
 137 -137.7653631284916
 5 -135.7541899441341
 159 -133.7430167597765
 169 -131.731843575419
 73 -129.7206703910614
 203 -127.7094972067039
 215 -125.6983240223464
 89 -123.6871508379888
 202 -121.6759776536313
 181 -119.6648044692737
 6 -117.6536312849162
 142 -115.6424581005587
 132 -113.6312849162011
 125 -111.6201117318436
 16 -109.608938547486
 40 -107.5977653631285
 23 -105.5865921787709
 10 -103.5754189944134
 5 -101.5642458100559
 1 -99.55307262569832
 4 -97.54189944134077
 2 -95.53072625698323
 12 -93.5195530726257
 8036 -91.50837988826815
 21 -89.49720670391061
 6 -87.48603351955308
 0 -85.47486033519553
 1 -83.46368715083798
 7 -81.45251396648044
 6 -79.44134078212289
 11 -77.43016759776536
 52 -75.41899441340782
 25 -73.40782122905027
 56 -71.39664804469274
 141 -69.38547486033519
 86 -67.37430167597765
 122 -65.3631284916201
 60 -63.35195530726256
 287 -61.34078212290503
 149 -59.32960893854748
 219 -57.31843575418993
 87 -55.3072625698324
 73 -53.29608938547486
 217 -51.28491620111731
 73 -49.27374301675977
 105 -47.26256983240222
 3 -45.25139664804468
 310 -43.24022346368713
 3 -41.22905027932961
 168 -39.21787709497207
 277 -37.20670391061452
 429 -35.19553072625698
 119 -33.18435754189943
 67 -31.17318435754188
 160 -29.16201117318434
 7 -27.15083798882682
 56 -25.13966480446928
 623 -23.12849162011173
 128 -21.11731843575419
 67 -19.10614525139664
 12 -17.09497206703909
 41 -15.08379888268155
 156 -13.072625698324
 15 -11.06145251396646
 609 -9.050279329608941
 2 -7.039106145251395
 145 -5.02793296089385
 24 -3.016759776536304
 1 -1.005586592178759
 31 1.005586592178787
 128 3.016759776536333
 4 5.02793296089385
 548 7.039106145251395
 6 9.050279329608941
 138 11.06145251396649
 57 13.07262569832403
 18 15.08379888268158
 59 17.09497206703912
 121 19.10614525139667
 554 21.11731843575421
 63 23.12849162011173
 103 25.13966480446928
 112 27.15083798882682
 65 29.16201117318437
 195 31.17318435754191
 366 33.18435754189946
 274 35.195530726257
 175 37.20670391061452
 37 39.21787709497207
 304 41.22905027932961
 2 43.24022346368716
 148 45.2513966480447
 54 47.26256983240225
 251 49.27374301675979
 90 51.28491620111734
 201 53.29608938547489
 66 55.3072625698324
 172 57.31843575418995
 286 59.32960893854749
 75 61.34078212290504
 133 63.35195530726259
 91 65.36312849162013
 124 67.37430167597768
 46 69.38547486033519
 38 71.39664804469274
 61 73.40782122905028
 13 75.41899441340783
 7 77.43016759776538
 2 79.44134078212289
 2 81.45251396648047
 3 83.46368715083798
 6 85.47486033519556
 14 87.48603351955308
 7832 89.49720670391065
 6 91.50837988826817
 4 93.51955307262574
 3 95.53072625698326
 0 97.54189944134077
 3 99.55307262569835
 19 101.5642458100559
 22 103.5754189944134
 47 105.586592178771
 26 107.5977653631285
 127 109.608938547486
 121 111.6201117318436
 148 113.6312849162011
 5 115.6424581005587
 207 117.6536312849162
 174 119.6648044692737
 105 121.6759776536313
 184 123.6871508379888
 170 125.6983240223464
 74 127.7094972067039
 164 129.7206703910614
 232 131.731843575419
 3 133.7430167597765
 141 135.7541899441341
 194 137.7653631284916
 114 139.7765363128492
 141 141.7877094972067
 517 143.7988826815642
 112 145.8100558659218
 224 147.8212290502793
 48 149.8324022346369
 141 151.8435754189944
 70 153.854748603352
 484 155.8659217877095
 62 157.8770949720671
 135 159.8882681564246
 60 161.8994413407821
 58 163.9106145251397
 22 165.9217877094972
 139 167.9329608938548
 215 169.9441340782123
 348 171.9553072625699
 5 173.9664804469274
 151 175.9776536312849
 3 177.9888268156425
 0 180


