# Created by Octave 3.8.2, Sat Jun 20 22:20:36 2020 CEST <damian@fptrucha.inv.usc.es>
# name: hd
# type: matrix
# rows: 180
# columns: 2
 5 -180
 169 -177.9888268156425
 4 -175.9776536312849
 381 -173.9664804469274
 224 -171.9553072625698
 150 -169.9441340782123
 29 -167.9329608938548
 50 -165.9217877094972
 43 -163.9106145251397
 162 -161.8994413407821
 35 -159.8882681564246
 609 -157.877094972067
 70 -155.8659217877095
 121 -153.854748603352
 37 -151.8435754189944
 76 -149.8324022346369
 210 -147.8212290502793
 613 -145.8100558659218
 103 -143.7988826815642
 83 -141.7877094972067
 175 -139.7765363128491
 93 -137.7653631284916
 4 -135.7541899441341
 156 -133.7430167597765
 139 -131.731843575419
 65 -129.7206703910614
 143 -127.7094972067039
 214 -125.6983240223464
 92 -123.6871508379888
 197 -121.6759776536313
 173 -119.6648044692737
 3 -117.6536312849162
 95 -115.6424581005587
 108 -113.6312849162011
 116 -111.6201117318436
 13 -109.608938547486
 27 -107.5977653631285
 25 -105.5865921787709
 8 -103.5754189944134
 1 -101.5642458100559
 0 -99.55307262569832
 2 -97.54189944134077
 1 -95.53072625698323
 6 -93.5195530726257
 8057 -91.50837988826815
 6 -89.49720670391061
 3 -87.48603351955308
 0 -85.47486033519553
 0 -83.46368715083798
 0 -81.45251396648044
 7 -79.44134078212289
 3 -77.43016759776536
 48 -75.41899441340782
 19 -73.40782122905027
 35 -71.39664804469274
 114 -69.38547486033519
 66 -67.37430167597765
 99 -65.3631284916201
 43 -63.35195530726256
 263 -61.34078212290503
 137 -59.32960893854748
 197 -57.31843575418993
 109 -55.3072625698324
 74 -53.29608938547486
 205 -51.28491620111731
 64 -49.27374301675977
 100 -47.26256983240222
 4 -45.25139664804468
 282 -43.24022346368713
 2 -41.22905027932961
 163 -39.21787709497207
 279 -37.20670391061452
 518 -35.19553072625698
 122 -33.18435754189943
 56 -31.17318435754188
 145 -29.16201117318434
 9 -27.15083798882682
 50 -25.13966480446928
 599 -23.12849162011173
 175 -21.11731843575419
 51 -19.10614525139664
 7 -17.09497206703909
 37 -15.08379888268155
 142 -13.072625698324
 7 -11.06145251396646
 562 -9.050279329608941
 2 -7.039106145251395
 116 -5.02793296089385
 15 -3.016759776536304
 6 -1.005586592178759
 23 1.005586592178787
 107 3.016759776536333
 2 5.02793296089385
 561 7.039106145251395
 9 9.050279329608941
 118 11.06145251396649
 61 13.07262569832403
 17 15.08379888268158
 53 17.09497206703912
 123 19.10614525139667
 486 21.11731843575421
 55 23.12849162011173
 92 25.13966480446928
 114 27.15083798882682
 53 29.16201117318437
 206 31.17318435754191
 325 33.18435754189946
 258 35.195530726257
 187 37.20670391061452
 27 39.21787709497207
 289 41.22905027932961
 0 43.24022346368716
 108 45.2513966480447
 68 47.26256983240225
 223 49.27374301675979
 84 51.28491620111734
 176 53.29608938547489
 72 55.3072625698324
 139 57.31843575418995
 258 59.32960893854749
 68 61.34078212290504
 134 63.35195530726259
 65 65.36312849162013
 115 67.37430167597768
 54 69.38547486033519
 31 71.39664804469274
 46 73.40782122905028
 5 75.41899441340783
 3 77.43016759776538
 1 79.44134078212289
 1 81.45251396648047
 1 83.46368715083798
 2 85.47486033519556
 9 87.48603351955308
 7807 89.49720670391065
 5 91.50837988826817
 4 93.51955307262574
 2 95.53072625698326
 1 97.54189944134077
 3 99.55307262569835
 9 101.5642458100559
 16 103.5754189944134
 50 105.586592178771
 20 107.5977653631285
 104 109.608938547486
 114 111.6201117318436
 118 113.6312849162011
 2 115.6424581005587
 187 117.6536312849162
 178 119.6648044692737
 92 121.6759776536313
 158 123.6871508379888
 175 125.6983240223464
 88 127.7094972067039
 178 129.7206703910614
 157 131.731843575419
 6 133.7430167597765
 129 135.7541899441341
 186 137.7653631284916
 99 139.7765363128492
 150 141.7877094972067
 480 143.7988826815642
 138 145.8100558659218
 193 147.8212290502793
 46 149.8324022346369
 170 151.8435754189944
 74 153.854748603352
 490 155.8659217877095
 51 157.8770949720671
 123 159.8882681564246
 76 161.8994413407821
 62 163.9106145251397
 17 165.9217877094972
 104 167.9329608938548
 248 169.9441340782123
 300 171.9553072625699
 3 173.9664804469274
 141 175.9776536312849
 3 177.9888268156425
 0 180


