# Created by Octave 3.8.2, Sat Jun 20 03:15:25 2020 CEST <damian@fptrucha.inv.usc.es>
# name: hd
# type: matrix
# rows: 180
# columns: 2
 5 -180
 139 -177.9888268156425
 3 -175.9776536312849
 402 -173.9664804469274
 267 -171.9553072625698
 167 -169.9441340782123
 22 -167.9329608938548
 38 -165.9217877094972
 83 -163.9106145251397
 196 -161.8994413407821
 44 -159.8882681564246
 639 -157.877094972067
 79 -155.8659217877095
 135 -153.854748603352
 41 -151.8435754189944
 94 -149.8324022346369
 244 -147.8212290502793
 667 -145.8100558659218
 141 -143.7988826815642
 95 -141.7877094972067
 213 -139.7765363128491
 123 -137.7653631284916
 4 -135.7541899441341
 179 -133.7430167597765
 178 -131.731843575419
 86 -129.7206703910614
 218 -127.7094972067039
 237 -125.6983240223464
 111 -123.6871508379888
 229 -121.6759776536313
 224 -119.6648044692737
 2 -117.6536312849162
 127 -115.6424581005587
 124 -113.6312849162011
 157 -111.6201117318436
 16 -109.608938547486
 41 -107.5977653631285
 26 -105.5865921787709
 9 -103.5754189944134
 2 -101.5642458100559
 1 -99.55307262569832
 2 -97.54189944134077
 1 -95.53072625698323
 11 -93.5195530726257
 9228 -91.50837988826815
 8 -89.49720670391061
 1 -87.48603351955308
 1 -85.47486033519553
 1 -83.46368715083798
 1 -81.45251396648044
 3 -79.44134078212289
 7 -77.43016759776536
 58 -75.41899441340782
 32 -73.40782122905027
 55 -71.39664804469274
 154 -69.38547486033519
 72 -67.37430167597765
 111 -65.3631284916201
 54 -63.35195530726256
 319 -61.34078212290503
 152 -59.32960893854748
 262 -57.31843575418993
 113 -55.3072625698324
 97 -53.29608938547486
 257 -51.28491620111731
 59 -49.27374301675977
 110 -47.26256983240222
 4 -45.25139664804468
 277 -43.24022346368713
 3 -41.22905027932961
 156 -39.21787709497207
 351 -37.20670391061452
 503 -35.19553072625698
 107 -33.18435754189943
 68 -31.17318435754188
 146 -29.16201117318434
 10 -27.15083798882682
 70 -25.13966480446928
 713 -23.12849162011173
 139 -21.11731843575419
 51 -19.10614525139664
 10 -17.09497206703909
 38 -15.08379888268155
 157 -13.072625698324
 6 -11.06145251396646
 576 -9.050279329608941
 0 -7.039106145251395
 161 -5.02793296089385
 21 -3.016759776536304
 1 -1.005586592178759
 19 1.005586592178787
 147 3.016759776536333
 1 5.02793296089385
 594 7.039106145251395
 8 9.050279329608941
 141 11.06145251396649
 50 13.07262569832403
 7 15.08379888268158
 56 17.09497206703912
 116 19.10614525139667
 569 21.11731843575421
 54 23.12849162011173
 93 25.13966480446928
 101 27.15083798882682
 62 29.16201117318437
 229 31.17318435754191
 353 33.18435754189946
 246 35.195530726257
 159 37.20670391061452
 29 39.21787709497207
 268 41.22905027932961
 2 43.24022346368716
 115 45.2513966480447
 61 47.26256983240225
 197 49.27374301675979
 91 51.28491620111734
 189 53.29608938547489
 82 55.3072625698324
 140 57.31843575418995
 238 59.32960893854749
 53 61.34078212290504
 109 63.35195530726259
 71 65.36312849162013
 87 67.37430167597768
 34 69.38547486033519
 34 71.39664804469274
 46 73.40782122905028
 5 75.41899441340783
 7 77.43016759776538
 3 79.44134078212289
 1 81.45251396648047
 0 83.46368715083798
 2 85.47486033519556
 6 87.48603351955308
 8019 89.49720670391065
 8 91.50837988826817
 0 93.51955307262574
 2 95.53072625698326
 0 97.54189944134077
 2 99.55307262569835
 8 101.5642458100559
 19 103.5754189944134
 28 105.586592178771
 17 107.5977653631285
 105 109.608938547486
 107 111.6201117318436
 111 113.6312849162011
 2 115.6424581005587
 202 117.6536312849162
 149 119.6648044692737
 91 121.6759776536313
 174 123.6871508379888
 205 125.6983240223464
 85 127.7094972067039
 146 129.7206703910614
 178 131.731843575419
 3 133.7430167597765
 123 135.7541899441341
 158 137.7653631284916
 84 139.7765363128492
 139 141.7877094972067
 508 143.7988826815642
 109 145.8100558659218
 220 147.8212290502793
 43 149.8324022346369
 191 151.8435754189944
 66 153.854748603352
 560 155.8659217877095
 48 157.8770949720671
 140 159.8882681564246
 77 161.8994413407821
 49 163.9106145251397
 11 165.9217877094972
 122 167.9329608938548
 272 169.9441340782123
 369 171.9553072625699
 3 173.9664804469274
 155 175.9776536312849
 3 177.9888268156425
 0 180


