# Created by Octave 3.8.2, Sun Jun 21 01:13:15 2020 CEST <damian@fptrucha.inv.usc.es>
# name: hd
# type: matrix
# rows: 180
# columns: 2
 1 -180
 150 -177.9888268156425
 2 -175.9776536312849
 320 -173.9664804469274
 247 -171.9553072625698
 167 -169.9441340782123
 29 -167.9329608938548
 51 -165.9217877094972
 45 -163.9106145251397
 137 -161.8994413407821
 46 -159.8882681564246
 618 -157.877094972067
 56 -155.8659217877095
 112 -153.854748603352
 54 -151.8435754189944
 65 -149.8324022346369
 196 -147.8212290502793
 613 -145.8100558659218
 120 -143.7988826815642
 91 -141.7877094972067
 161 -139.7765363128491
 85 -137.7653631284916
 4 -135.7541899441341
 147 -133.7430167597765
 130 -131.731843575419
 79 -129.7206703910614
 167 -127.7094972067039
 233 -125.6983240223464
 101 -123.6871508379888
 189 -121.6759776536313
 189 -119.6648044692737
 5 -117.6536312849162
 108 -115.6424581005587
 88 -113.6312849162011
 146 -111.6201117318436
 14 -109.608938547486
 30 -107.5977653631285
 19 -105.5865921787709
 7 -103.5754189944134
 5 -101.5642458100559
 1 -99.55307262569832
 1 -97.54189944134077
 0 -95.53072625698323
 11 -93.5195530726257
 7943 -91.50837988826815
 9 -89.49720670391061
 5 -87.48603351955308
 0 -85.47486033519553
 0 -83.46368715083798
 2 -81.45251396648044
 10 -79.44134078212289
 7 -77.43016759776536
 35 -75.41899441340782
 20 -73.40782122905027
 46 -71.39664804469274
 110 -69.38547486033519
 66 -67.37430167597765
 97 -65.3631284916201
 35 -63.35195530726256
 256 -61.34078212290503
 114 -59.32960893854748
 197 -57.31843575418993
 109 -55.3072625698324
 82 -53.29608938547486
 218 -51.28491620111731
 43 -49.27374301675977
 115 -47.26256983240222
 0 -45.25139664804468
 224 -43.24022346368713
 5 -41.22905027932961
 153 -39.21787709497207
 322 -37.20670391061452
 443 -35.19553072625698
 104 -33.18435754189943
 67 -31.17318435754188
 135 -29.16201117318434
 3 -27.15083798882682
 59 -25.13966480446928
 625 -23.12849162011173
 130 -21.11731843575419
 54 -19.10614525139664
 8 -17.09497206703909
 48 -15.08379888268155
 184 -13.072625698324
 1 -11.06145251396646
 530 -9.050279329608941
 5 -7.039106145251395
 124 -5.02793296089385
 11 -3.016759776536304
 0 -1.005586592178759
 10 1.005586592178787
 121 3.016759776536333
 2 5.02793296089385
 503 7.039106145251395
 11 9.050279329608941
 125 11.06145251396649
 43 13.07262569832403
 13 15.08379888268158
 54 17.09497206703912
 95 19.10614525139667
 513 21.11731843575421
 65 23.12849162011173
 84 25.13966480446928
 107 27.15083798882682
 43 29.16201117318437
 213 31.17318435754191
 288 33.18435754189946
 219 35.195530726257
 189 37.20670391061452
 25 39.21787709497207
 259 41.22905027932961
 1 43.24022346368716
 104 45.2513966480447
 47 47.26256983240225
 215 49.27374301675979
 94 51.28491620111734
 197 53.29608938547489
 82 55.3072625698324
 133 57.31843575418995
 260 59.32960893854749
 50 61.34078212290504
 92 63.35195530726259
 60 65.36312849162013
 114 67.37430167597768
 37 69.38547486033519
 32 71.39664804469274
 46 73.40782122905028
 3 75.41899441340783
 7 77.43016759776538
 0 79.44134078212289
 0 81.45251396648047
 3 83.46368715083798
 2 85.47486033519556
 5 87.48603351955308
 7584 89.49720670391065
 6 91.50837988826817
 3 93.51955307262574
 0 95.53072625698326
 0 97.54189944134077
 0 99.55307262569835
 9 101.5642458100559
 27 103.5754189944134
 37 105.586592178771
 18 107.5977653631285
 105 109.608938547486
 118 111.6201117318436
 103 113.6312849162011
 1 115.6424581005587
 216 117.6536312849162
 155 119.6648044692737
 81 121.6759776536313
 137 123.6871508379888
 161 125.6983240223464
 81 127.7094972067039
 164 129.7206703910614
 171 131.731843575419
 1 133.7430167597765
 116 135.7541899441341
 173 137.7653631284916
 77 139.7765363128492
 149 141.7877094972067
 499 143.7988826815642
 117 145.8100558659218
 202 147.8212290502793
 41 149.8324022346369
 159 151.8435754189944
 53 153.854748603352
 458 155.8659217877095
 51 157.8770949720671
 141 159.8882681564246
 63 161.8994413407821
 37 163.9106145251397
 20 165.9217877094972
 141 167.9329608938548
 211 169.9441340782123
 324 171.9553072625699
 2 173.9664804469274
 183 175.9776536312849
 2 177.9888268156425
 0 180


