# Created by Octave 3.8.2, Sun Jun 21 07:13:19 2020 CEST <damian@fptrucha.inv.usc.es>
# name: hd
# type: matrix
# rows: 180
# columns: 2
 0 -180
 158 -177.9888268156425
 2 -175.9776536312849
 338 -173.9664804469274
 229 -171.9553072625698
 158 -169.9441340782123
 29 -167.9329608938548
 34 -165.9217877094972
 55 -163.9106145251397
 155 -161.8994413407821
 26 -159.8882681564246
 592 -157.877094972067
 61 -155.8659217877095
 130 -153.854748603352
 32 -151.8435754189944
 62 -149.8324022346369
 241 -147.8212290502793
 669 -145.8100558659218
 142 -143.7988826815642
 95 -141.7877094972067
 173 -139.7765363128491
 97 -137.7653631284916
 3 -135.7541899441341
 175 -133.7430167597765
 171 -131.731843575419
 98 -129.7206703910614
 160 -127.7094972067039
 225 -125.6983240223464
 87 -123.6871508379888
 176 -121.6759776536313
 182 -119.6648044692737
 3 -117.6536312849162
 94 -115.6424581005587
 121 -113.6312849162011
 135 -111.6201117318436
 15 -109.608938547486
 30 -107.5977653631285
 17 -105.5865921787709
 13 -103.5754189944134
 2 -101.5642458100559
 0 -99.55307262569832
 0 -97.54189944134077
 1 -95.53072625698323
 4 -93.5195530726257
 8182 -91.50837988826815
 13 -89.49720670391061
 3 -87.48603351955308
 0 -85.47486033519553
 0 -83.46368715083798
 3 -81.45251396648044
 5 -79.44134078212289
 9 -77.43016759776536
 59 -75.41899441340782
 28 -73.40782122905027
 53 -71.39664804469274
 129 -69.38547486033519
 64 -67.37430167597765
 93 -65.3631284916201
 48 -63.35195530726256
 261 -61.34078212290503
 138 -59.32960893854748
 198 -57.31843575418993
 103 -55.3072625698324
 69 -53.29608938547486
 226 -51.28491620111731
 53 -49.27374301675977
 120 -47.26256983240222
 2 -45.25139664804468
 293 -43.24022346368713
 2 -41.22905027932961
 152 -39.21787709497207
 328 -37.20670391061452
 482 -35.19553072625698
 111 -33.18435754189943
 53 -31.17318435754188
 155 -29.16201117318434
 9 -27.15083798882682
 56 -25.13966480446928
 618 -23.12849162011173
 151 -21.11731843575419
 57 -19.10614525139664
 9 -17.09497206703909
 43 -15.08379888268155
 182 -13.072625698324
 3 -11.06145251396646
 646 -9.050279329608941
 3 -7.039106145251395
 102 -5.02793296089385
 23 -3.016759776536304
 2 -1.005586592178759
 13 1.005586592178787
 129 3.016759776536333
 2 5.02793296089385
 568 7.039106145251395
 6 9.050279329608941
 149 11.06145251396649
 46 13.07262569832403
 6 15.08379888268158
 47 17.09497206703912
 117 19.10614525139667
 515 21.11731843575421
 63 23.12849162011173
 90 25.13966480446928
 111 27.15083798882682
 69 29.16201117318437
 232 31.17318435754191
 313 33.18435754189946
 234 35.195530726257
 158 37.20670391061452
 28 39.21787709497207
 275 41.22905027932961
 1 43.24022346368716
 130 45.2513966480447
 55 47.26256983240225
 206 49.27374301675979
 102 51.28491620111734
 175 53.29608938547489
 79 55.3072625698324
 137 57.31843575418995
 262 59.32960893854749
 52 61.34078212290504
 116 63.35195530726259
 83 65.36312849162013
 114 67.37430167597768
 49 69.38547486033519
 24 71.39664804469274
 40 73.40782122905028
 6 75.41899441340783
 7 77.43016759776538
 1 79.44134078212289
 0 81.45251396648047
 0 83.46368715083798
 5 85.47486033519556
 12 87.48603351955308
 7776 89.49720670391065
 7 91.50837988826817
 1 93.51955307262574
 1 95.53072625698326
 2 97.54189944134077
 4 99.55307262569835
 9 101.5642458100559
 23 103.5754189944134
 30 105.586592178771
 21 107.5977653631285
 103 109.608938547486
 109 111.6201117318436
 108 113.6312849162011
 2 115.6424581005587
 199 117.6536312849162
 153 119.6648044692737
 87 121.6759776536313
 154 123.6871508379888
 177 125.6983240223464
 81 127.7094972067039
 177 129.7206703910614
 171 131.731843575419
 2 133.7430167597765
 112 135.7541899441341
 185 137.7653631284916
 98 139.7765363128492
 138 141.7877094972067
 502 143.7988826815642
 120 145.8100558659218
 177 147.8212290502793
 46 149.8324022346369
 130 151.8435754189944
 72 153.854748603352
 450 155.8659217877095
 55 157.8770949720671
 131 159.8882681564246
 65 161.8994413407821
 51 163.9106145251397
 19 165.9217877094972
 126 167.9329608938548
 244 169.9441340782123
 333 171.9553072625699
 3 173.9664804469274
 132 175.9776536312849
 2 177.9888268156425
 0 180


