# Created by Octave 3.8.2, Mon Jun 22 21:00:04 2020 CEST <damian@fptrucha.inv.usc.es>
# name: hd
# type: matrix
# rows: 180
# columns: 2
 4 -180
 173 -177.9888268156425
 4 -175.9776536312849
 399 -173.9664804469274
 226 -171.9553072625698
 168 -169.9441340782123
 37 -167.9329608938548
 48 -165.9217877094972
 77 -163.9106145251397
 146 -161.8994413407821
 39 -159.8882681564246
 607 -157.877094972067
 78 -155.8659217877095
 131 -153.854748603352
 38 -151.8435754189944
 95 -149.8324022346369
 238 -147.8212290502793
 624 -145.8100558659218
 134 -143.7988826815642
 109 -141.7877094972067
 177 -139.7765363128491
 106 -137.7653631284916
 8 -135.7541899441341
 190 -133.7430167597765
 183 -131.731843575419
 98 -129.7206703910614
 188 -127.7094972067039
 250 -125.6983240223464
 83 -123.6871508379888
 210 -121.6759776536313
 199 -119.6648044692737
 3 -117.6536312849162
 136 -115.6424581005587
 126 -113.6312849162011
 138 -111.6201117318436
 19 -109.608938547486
 47 -107.5977653631285
 30 -105.5865921787709
 20 -103.5754189944134
 4 -101.5642458100559
 0 -99.55307262569832
 0 -97.54189944134077
 1 -95.53072625698323
 6 -93.5195530726257
 8567 -91.50837988826815
 12 -89.49720670391061
 5 -87.48603351955308
 0 -85.47486033519553
 0 -83.46368715083798
 7 -81.45251396648044
 12 -79.44134078212289
 6 -77.43016759776536
 50 -75.41899441340782
 46 -73.40782122905027
 67 -71.39664804469274
 125 -69.38547486033519
 91 -67.37430167597765
 134 -65.3631284916201
 48 -63.35195530726256
 282 -61.34078212290503
 180 -59.32960893854748
 252 -57.31843575418993
 92 -55.3072625698324
 78 -53.29608938547486
 242 -51.28491620111731
 63 -49.27374301675977
 101 -47.26256983240222
 2 -45.25139664804468
 300 -43.24022346368713
 2 -41.22905027932961
 149 -39.21787709497207
 322 -37.20670391061452
 462 -35.19553072625698
 123 -33.18435754189943
 69 -31.17318435754188
 173 -29.16201117318434
 10 -27.15083798882682
 58 -25.13966480446928
 637 -23.12849162011173
 144 -21.11731843575419
 58 -19.10614525139664
 14 -17.09497206703909
 44 -15.08379888268155
 148 -13.072625698324
 5 -11.06145251396646
 632 -9.050279329608941
 5 -7.039106145251395
 135 -5.02793296089385
 18 -3.016759776536304
 5 -1.005586592178759
 29 1.005586592178787
 137 3.016759776536333
 0 5.02793296089385
 592 7.039106145251395
 9 9.050279329608941
 165 11.06145251396649
 41 13.07262569832403
 15 15.08379888268158
 63 17.09497206703912
 155 19.10614525139667
 590 21.11731843575421
 51 23.12849162011173
 90 25.13966480446928
 107 27.15083798882682
 64 29.16201117318437
 196 31.17318435754191
 359 33.18435754189946
 231 35.195530726257
 177 37.20670391061452
 43 39.21787709497207
 337 41.22905027932961
 3 43.24022346368716
 120 45.2513966480447
 70 47.26256983240225
 235 49.27374301675979
 71 51.28491620111734
 193 53.29608938547489
 70 55.3072625698324
 165 57.31843575418995
 308 59.32960893854749
 67 61.34078212290504
 127 63.35195530726259
 86 65.36312849162013
 121 67.37430167597768
 55 69.38547486033519
 24 71.39664804469274
 57 73.40782122905028
 8 75.41899441340783
 6 77.43016759776538
 2 79.44134078212289
 0 81.45251396648047
 2 83.46368715083798
 4 85.47486033519556
 17 87.48603351955308
 7873 89.49720670391065
 18 91.50837988826817
 4 93.51955307262574
 2 95.53072625698326
 0 97.54189944134077
 2 99.55307262569835
 17 101.5642458100559
 24 103.5754189944134
 46 105.586592178771
 18 107.5977653631285
 117 109.608938547486
 108 111.6201117318436
 118 113.6312849162011
 6 115.6424581005587
 215 117.6536312849162
 183 119.6648044692737
 104 121.6759776536313
 186 123.6871508379888
 201 125.6983240223464
 86 127.7094972067039
 174 129.7206703910614
 200 131.731843575419
 2 133.7430167597765
 134 135.7541899441341
 189 137.7653631284916
 106 139.7765363128492
 164 141.7877094972067
 532 143.7988826815642
 142 145.8100558659218
 205 147.8212290502793
 45 149.8324022346369
 134 151.8435754189944
 66 153.854748603352
 515 155.8659217877095
 60 157.8770949720671
 140 159.8882681564246
 68 161.8994413407821
 47 163.9106145251397
 27 165.9217877094972
 161 167.9329608938548
 245 169.9441340782123
 328 171.9553072625699
 2 173.9664804469274
 148 175.9776536312849
 7 177.9888268156425
 0 180


