# Created by Octave 3.8.2, Sat Jun 20 05:37:03 2020 CEST <damian@fptrucha.inv.usc.es>
# name: hd
# type: matrix
# rows: 180
# columns: 2
 1 -180
 179 -177.9888268156425
 1 -175.9776536312849
 433 -173.9664804469274
 259 -171.9553072625698
 182 -169.9441340782123
 42 -167.9329608938548
 45 -165.9217877094972
 71 -163.9106145251397
 180 -161.8994413407821
 55 -159.8882681564246
 712 -157.877094972067
 79 -155.8659217877095
 135 -153.854748603352
 56 -151.8435754189944
 85 -149.8324022346369
 259 -147.8212290502793
 718 -145.8100558659218
 150 -143.7988826815642
 114 -141.7877094972067
 196 -139.7765363128491
 126 -137.7653631284916
 2 -135.7541899441341
 190 -133.7430167597765
 184 -131.731843575419
 79 -129.7206703910614
 215 -127.7094972067039
 256 -125.6983240223464
 126 -123.6871508379888
 224 -121.6759776536313
 201 -119.6648044692737
 4 -117.6536312849162
 106 -115.6424581005587
 144 -113.6312849162011
 157 -111.6201117318436
 17 -109.608938547486
 41 -107.5977653631285
 23 -105.5865921787709
 11 -103.5754189944134
 2 -101.5642458100559
 1 -99.55307262569832
 1 -97.54189944134077
 2 -95.53072625698323
 8 -93.5195530726257
 9167 -91.50837988826815
 12 -89.49720670391061
 1 -87.48603351955308
 2 -85.47486033519553
 0 -83.46368715083798
 2 -81.45251396648044
 3 -79.44134078212289
 6 -77.43016759776536
 56 -75.41899441340782
 23 -73.40782122905027
 45 -71.39664804469274
 138 -69.38547486033519
 99 -67.37430167597765
 101 -65.3631284916201
 50 -63.35195530726256
 306 -61.34078212290503
 185 -59.32960893854748
 245 -57.31843575418993
 102 -55.3072625698324
 90 -53.29608938547486
 266 -51.28491620111731
 71 -49.27374301675977
 131 -47.26256983240222
 0 -45.25139664804468
 305 -43.24022346368713
 2 -41.22905027932961
 182 -39.21787709497207
 330 -37.20670391061452
 495 -35.19553072625698
 122 -33.18435754189943
 60 -31.17318435754188
 156 -29.16201117318434
 8 -27.15083798882682
 66 -25.13966480446928
 700 -23.12849162011173
 170 -21.11731843575419
 63 -19.10614525139664
 16 -17.09497206703909
 28 -15.08379888268155
 194 -13.072625698324
 14 -11.06145251396646
 598 -9.050279329608941
 4 -7.039106145251395
 151 -5.02793296089385
 16 -3.016759776536304
 3 -1.005586592178759
 22 1.005586592178787
 137 3.016759776536333
 2 5.02793296089385
 604 7.039106145251395
 10 9.050279329608941
 154 11.06145251396649
 43 13.07262569832403
 18 15.08379888268158
 79 17.09497206703912
 133 19.10614525139667
 552 21.11731843575421
 75 23.12849162011173
 92 25.13966480446928
 121 27.15083798882682
 48 29.16201117318437
 254 31.17318435754191
 329 33.18435754189946
 259 35.195530726257
 161 37.20670391061452
 34 39.21787709497207
 300 41.22905027932961
 1 43.24022346368716
 115 45.2513966480447
 65 47.26256983240225
 227 49.27374301675979
 100 51.28491620111734
 195 53.29608938547489
 69 55.3072625698324
 146 57.31843575418995
 268 59.32960893854749
 70 61.34078212290504
 110 63.35195530726259
 82 65.36312849162013
 112 67.37430167597768
 54 69.38547486033519
 38 71.39664804469274
 53 73.40782122905028
 5 75.41899441340783
 8 77.43016759776538
 3 79.44134078212289
 2 81.45251396648047
 1 83.46368715083798
 2 85.47486033519556
 10 87.48603351955308
 8412 89.49720670391065
 10 91.50837988826817
 0 93.51955307262574
 1 95.53072625698326
 2 97.54189944134077
 1 99.55307262569835
 13 101.5642458100559
 30 103.5754189944134
 40 105.586592178771
 25 107.5977653631285
 121 109.608938547486
 134 111.6201117318436
 120 113.6312849162011
 3 115.6424581005587
 246 117.6536312849162
 149 119.6648044692737
 89 121.6759776536313
 181 123.6871508379888
 211 125.6983240223464
 92 127.7094972067039
 178 129.7206703910614
 209 131.731843575419
 1 133.7430167597765
 129 135.7541899441341
 182 137.7653631284916
 110 139.7765363128492
 142 141.7877094972067
 536 143.7988826815642
 115 145.8100558659218
 227 147.8212290502793
 60 149.8324022346369
 199 151.8435754189944
 72 153.854748603352
 524 155.8659217877095
 54 157.8770949720671
 161 159.8882681564246
 78 161.8994413407821
 53 163.9106145251397
 24 165.9217877094972
 147 167.9329608938548
 277 169.9441340782123
 390 171.9553072625699
 4 173.9664804469274
 209 175.9776536312849
 5 177.9888268156425
 0 180


