# Created by Octave 3.8.2, Sun Jun 21 02:48:29 2020 CEST <damian@fptrucha.inv.usc.es>
# name: hd
# type: matrix
# rows: 180
# columns: 2
 3 -180
 161 -177.9888268156425
 2 -175.9776536312849
 381 -173.9664804469274
 243 -171.9553072625698
 150 -169.9441340782123
 26 -167.9329608938548
 29 -165.9217877094972
 41 -163.9106145251397
 164 -161.8994413407821
 36 -159.8882681564246
 594 -157.877094972067
 56 -155.8659217877095
 119 -153.854748603352
 35 -151.8435754189944
 56 -149.8324022346369
 206 -147.8212290502793
 636 -145.8100558659218
 102 -143.7988826815642
 83 -141.7877094972067
 174 -139.7765363128491
 72 -137.7653631284916
 3 -135.7541899441341
 120 -133.7430167597765
 136 -131.731843575419
 75 -129.7206703910614
 161 -127.7094972067039
 218 -125.6983240223464
 101 -123.6871508379888
 159 -121.6759776536313
 163 -119.6648044692737
 3 -117.6536312849162
 89 -115.6424581005587
 109 -113.6312849162011
 113 -111.6201117318436
 16 -109.608938547486
 33 -107.5977653631285
 18 -105.5865921787709
 15 -103.5754189944134
 3 -101.5642458100559
 2 -99.55307262569832
 0 -97.54189944134077
 2 -95.53072625698323
 2 -93.5195530726257
 7823 -91.50837988826815
 11 -89.49720670391061
 3 -87.48603351955308
 3 -85.47486033519553
 0 -83.46368715083798
 0 -81.45251396648044
 6 -79.44134078212289
 1 -77.43016759776536
 40 -75.41899441340782
 19 -73.40782122905027
 50 -71.39664804469274
 97 -69.38547486033519
 71 -67.37430167597765
 88 -65.3631284916201
 45 -63.35195530726256
 254 -61.34078212290503
 141 -59.32960893854748
 224 -57.31843575418993
 79 -55.3072625698324
 60 -53.29608938547486
 213 -51.28491620111731
 53 -49.27374301675977
 111 -47.26256983240222
 3 -45.25139664804468
 261 -43.24022346368713
 2 -41.22905027932961
 141 -39.21787709497207
 293 -37.20670391061452
 439 -35.19553072625698
 104 -33.18435754189943
 59 -31.17318435754188
 154 -29.16201117318434
 5 -27.15083798882682
 52 -25.13966480446928
 578 -23.12849162011173
 119 -21.11731843575419
 51 -19.10614525139664
 9 -17.09497206703909
 41 -15.08379888268155
 154 -13.072625698324
 9 -11.06145251396646
 588 -9.050279329608941
 5 -7.039106145251395
 99 -5.02793296089385
 17 -3.016759776536304
 2 -1.005586592178759
 21 1.005586592178787
 139 3.016759776536333
 1 5.02793296089385
 520 7.039106145251395
 6 9.050279329608941
 138 11.06145251396649
 43 13.07262569832403
 11 15.08379888268158
 68 17.09497206703912
 106 19.10614525139667
 486 21.11731843575421
 59 23.12849162011173
 103 25.13966480446928
 106 27.15083798882682
 50 29.16201117318437
 203 31.17318435754191
 307 33.18435754189946
 238 35.195530726257
 151 37.20670391061452
 32 39.21787709497207
 264 41.22905027932961
 0 43.24022346368716
 114 45.2513966480447
 60 47.26256983240225
 223 49.27374301675979
 81 51.28491620111734
 170 53.29608938547489
 91 55.3072625698324
 132 57.31843575418995
 235 59.32960893854749
 55 61.34078212290504
 125 63.35195530726259
 68 65.36312849162013
 108 67.37430167597768
 43 69.38547486033519
 21 71.39664804469274
 44 73.40782122905028
 3 75.41899441340783
 10 77.43016759776538
 0 79.44134078212289
 0 81.45251396648047
 1 83.46368715083798
 5 85.47486033519556
 8 87.48603351955308
 7290 89.49720670391065
 2 91.50837988826817
 5 93.51955307262574
 0 95.53072625698326
 2 97.54189944134077
 1 99.55307262569835
 14 101.5642458100559
 23 103.5754189944134
 31 105.586592178771
 20 107.5977653631285
 112 109.608938547486
 108 111.6201117318436
 90 113.6312849162011
 3 115.6424581005587
 207 117.6536312849162
 153 119.6648044692737
 90 121.6759776536313
 171 123.6871508379888
 157 125.6983240223464
 62 127.7094972067039
 160 129.7206703910614
 188 131.731843575419
 3 133.7430167597765
 88 135.7541899441341
 153 137.7653631284916
 109 139.7765363128492
 126 141.7877094972067
 434 143.7988826815642
 124 145.8100558659218
 188 147.8212290502793
 45 149.8324022346369
 167 151.8435754189944
 55 153.854748603352
 422 155.8659217877095
 48 157.8770949720671
 103 159.8882681564246
 63 161.8994413407821
 55 163.9106145251397
 19 165.9217877094972
 111 167.9329608938548
 209 169.9441340782123
 306 171.9553072625699
 3 173.9664804469274
 129 175.9776536312849
 2 177.9888268156425
 0 180


