# Created by Octave 3.8.2, Mon Jun 22 06:15:52 2020 CEST <damian@fptrucha.inv.usc.es>
# name: hd
# type: matrix
# rows: 180
# columns: 2
 5 -180
 182 -177.9888268156425
 6 -175.9776536312849
 328 -173.9664804469274
 204 -171.9553072625698
 142 -169.9441340782123
 22 -167.9329608938548
 36 -165.9217877094972
 56 -163.9106145251397
 141 -161.8994413407821
 39 -159.8882681564246
 508 -157.877094972067
 72 -155.8659217877095
 135 -153.854748603352
 55 -151.8435754189944
 65 -149.8324022346369
 206 -147.8212290502793
 515 -145.8100558659218
 141 -143.7988826815642
 85 -141.7877094972067
 176 -139.7765363128491
 104 -137.7653631284916
 2 -135.7541899441341
 153 -133.7430167597765
 167 -131.731843575419
 71 -129.7206703910614
 189 -127.7094972067039
 203 -125.6983240223464
 97 -123.6871508379888
 153 -121.6759776536313
 199 -119.6648044692737
 9 -117.6536312849162
 113 -115.6424581005587
 107 -113.6312849162011
 129 -111.6201117318436
 23 -109.608938547486
 42 -107.5977653631285
 13 -105.5865921787709
 21 -103.5754189944134
 4 -101.5642458100559
 3 -99.55307262569832
 1 -97.54189944134077
 6 -95.53072625698323
 11 -93.5195530726257
 7531 -91.50837988826815
 12 -89.49720670391061
 3 -87.48603351955308
 2 -85.47486033519553
 1 -83.46368715083798
 6 -81.45251396648044
 7 -79.44134078212289
 9 -77.43016759776536
 52 -75.41899441340782
 31 -73.40782122905027
 40 -71.39664804469274
 110 -69.38547486033519
 80 -67.37430167597765
 118 -65.3631284916201
 59 -63.35195530726256
 267 -61.34078212290503
 121 -59.32960893854748
 189 -57.31843575418993
 87 -55.3072625698324
 63 -53.29608938547486
 250 -51.28491620111731
 52 -49.27374301675977
 124 -47.26256983240222
 1 -45.25139664804468
 264 -43.24022346368713
 5 -41.22905027932961
 152 -39.21787709497207
 253 -37.20670391061452
 408 -35.19553072625698
 118 -33.18435754189943
 54 -31.17318435754188
 158 -29.16201117318434
 5 -27.15083798882682
 72 -25.13966480446928
 535 -23.12849162011173
 144 -21.11731843575419
 69 -19.10614525139664
 13 -17.09497206703909
 52 -15.08379888268155
 140 -13.072625698324
 10 -11.06145251396646
 581 -9.050279329608941
 6 -7.039106145251395
 125 -5.02793296089385
 25 -3.016759776536304
 8 -1.005586592178759
 24 1.005586592178787
 148 3.016759776536333
 3 5.02793296089385
 500 7.039106145251395
 9 9.050279329608941
 157 11.06145251396649
 37 13.07262569832403
 17 15.08379888268158
 42 17.09497206703912
 120 19.10614525139667
 548 21.11731843575421
 59 23.12849162011173
 84 25.13966480446928
 94 27.15083798882682
 57 29.16201117318437
 173 31.17318435754191
 299 33.18435754189946
 248 35.195530726257
 143 37.20670391061452
 41 39.21787709497207
 240 41.22905027932961
 2 43.24022346368716
 111 45.2513966480447
 56 47.26256983240225
 214 49.27374301675979
 91 51.28491620111734
 190 53.29608938547489
 79 55.3072625698324
 163 57.31843575418995
 262 59.32960893854749
 64 61.34078212290504
 99 63.35195530726259
 72 65.36312849162013
 101 67.37430167597768
 35 69.38547486033519
 29 71.39664804469274
 47 73.40782122905028
 9 75.41899441340783
 10 77.43016759776538
 2 79.44134078212289
 2 81.45251396648047
 3 83.46368715083798
 4 85.47486033519556
 13 87.48603351955308
 7135 89.49720670391065
 14 91.50837988826817
 2 93.51955307262574
 2 95.53072625698326
 0 97.54189944134077
 5 99.55307262569835
 25 101.5642458100559
 18 103.5754189944134
 35 105.586592178771
 23 107.5977653631285
 108 109.608938547486
 136 111.6201117318436
 116 113.6312849162011
 2 115.6424581005587
 178 117.6536312849162
 154 119.6648044692737
 80 121.6759776536313
 208 123.6871508379888
 194 125.6983240223464
 85 127.7094972067039
 157 129.7206703910614
 164 131.731843575419
 1 133.7430167597765
 121 135.7541899441341
 185 137.7653631284916
 99 139.7765363128492
 98 141.7877094972067
 512 143.7988826815642
 100 145.8100558659218
 165 147.8212290502793
 47 149.8324022346369
 131 151.8435754189944
 61 153.854748603352
 485 155.8659217877095
 56 157.8770949720671
 142 159.8882681564246
 55 161.8994413407821
 47 163.9106145251397
 23 165.9217877094972
 138 167.9329608938548
 212 169.9441340782123
 327 171.9553072625699
 8 173.9664804469274
 140 175.9776536312849
 7 177.9888268156425
 0 180


