# Created by Octave 3.8.2, Mon Jun 22 10:18:17 2020 CEST <damian@fptrucha.inv.usc.es>
# name: hd
# type: matrix
# rows: 180
# columns: 2
 4 -180
 105 -177.9888268156425
 3 -175.9776536312849
 241 -173.9664804469274
 148 -171.9553072625698
 76 -169.9441340782123
 16 -167.9329608938548
 32 -165.9217877094972
 46 -163.9106145251397
 99 -161.8994413407821
 38 -159.8882681564246
 368 -157.877094972067
 43 -155.8659217877095
 73 -153.854748603352
 33 -151.8435754189944
 55 -149.8324022346369
 146 -147.8212290502793
 361 -145.8100558659218
 84 -143.7988826815642
 59 -141.7877094972067
 113 -139.7765363128491
 76 -137.7653631284916
 1 -135.7541899441341
 123 -133.7430167597765
 98 -131.731843575419
 50 -129.7206703910614
 114 -127.7094972067039
 150 -125.6983240223464
 58 -123.6871508379888
 125 -121.6759776536313
 128 -119.6648044692737
 2 -117.6536312849162
 57 -115.6424581005587
 67 -113.6312849162011
 69 -111.6201117318436
 14 -109.608938547486
 36 -107.5977653631285
 10 -105.5865921787709
 9 -103.5754189944134
 2 -101.5642458100559
 0 -99.55307262569832
 3 -97.54189944134077
 3 -95.53072625698323
 4 -93.5195530726257
 5180 -91.50837988826815
 10 -89.49720670391061
 3 -87.48603351955308
 1 -85.47486033519553
 0 -83.46368715083798
 2 -81.45251396648044
 1 -79.44134078212289
 6 -77.43016759776536
 36 -75.41899441340782
 16 -73.40782122905027
 38 -71.39664804469274
 67 -69.38547486033519
 42 -67.37430167597765
 67 -65.3631284916201
 40 -63.35195530726256
 174 -61.34078212290503
 124 -59.32960893854748
 114 -57.31843575418993
 68 -55.3072625698324
 55 -53.29608938547486
 173 -51.28491620111731
 37 -49.27374301675977
 75 -47.26256983240222
 3 -45.25139664804468
 189 -43.24022346368713
 3 -41.22905027932961
 92 -39.21787709497207
 188 -37.20670391061452
 279 -35.19553072625698
 71 -33.18435754189943
 38 -31.17318435754188
 110 -29.16201117318434
 6 -27.15083798882682
 42 -25.13966480446928
 408 -23.12849162011173
 79 -21.11731843575419
 37 -19.10614525139664
 13 -17.09497206703909
 29 -15.08379888268155
 117 -13.072625698324
 5 -11.06145251396646
 337 -9.050279329608941
 2 -7.039106145251395
 99 -5.02793296089385
 15 -3.016759776536304
 4 -1.005586592178759
 13 1.005586592178787
 83 3.016759776536333
 2 5.02793296089385
 358 7.039106145251395
 6 9.050279329608941
 88 11.06145251396649
 30 13.07262569832403
 10 15.08379888268158
 26 17.09497206703912
 95 19.10614525139667
 333 21.11731843575421
 37 23.12849162011173
 48 25.13966480446928
 55 27.15083798882682
 48 29.16201117318437
 131 31.17318435754191
 193 33.18435754189946
 168 35.195530726257
 93 37.20670391061452
 24 39.21787709497207
 213 41.22905027932961
 2 43.24022346368716
 85 45.2513966480447
 51 47.26256983240225
 141 49.27374301675979
 51 51.28491620111734
 128 53.29608938547489
 45 55.3072625698324
 98 57.31843575418995
 204 59.32960893854749
 42 61.34078212290504
 87 63.35195530726259
 50 65.36312849162013
 78 67.37430167597768
 28 69.38547486033519
 26 71.39664804469274
 35 73.40782122905028
 5 75.41899441340783
 5 77.43016759776538
 1 79.44134078212289
 3 81.45251396648047
 1 83.46368715083798
 5 85.47486033519556
 7 87.48603351955308
 4952 89.49720670391065
 5 91.50837988826817
 3 93.51955307262574
 1 95.53072625698326
 0 97.54189944134077
 3 99.55307262569835
 10 101.5642458100559
 9 103.5754189944134
 30 105.586592178771
 13 107.5977653631285
 85 109.608938547486
 88 111.6201117318436
 71 113.6312849162011
 1 115.6424581005587
 143 117.6536312849162
 99 119.6648044692737
 66 121.6759776536313
 126 123.6871508379888
 115 125.6983240223464
 54 127.7094972067039
 130 129.7206703910614
 129 131.731843575419
 0 133.7430167597765
 79 135.7541899441341
 121 137.7653631284916
 60 139.7765363128492
 101 141.7877094972067
 329 143.7988826815642
 67 145.8100558659218
 142 147.8212290502793
 38 149.8324022346369
 84 151.8435754189944
 46 153.854748603352
 344 155.8659217877095
 26 157.8770949720671
 85 159.8882681564246
 31 161.8994413407821
 39 163.9106145251397
 14 165.9217877094972
 65 167.9329608938548
 143 169.9441340782123
 242 171.9553072625699
 2 173.9664804469274
 111 175.9776536312849
 4 177.9888268156425
 0 180


