# Created by Octave 3.8.2, Sat Jun 20 20:40:46 2020 CEST <damian@fptrucha.inv.usc.es>
# name: hd
# type: matrix
# rows: 180
# columns: 2
 3 -180
 158 -177.9888268156425
 1 -175.9776536312849
 334 -173.9664804469274
 244 -171.9553072625698
 142 -169.9441340782123
 22 -167.9329608938548
 28 -165.9217877094972
 45 -163.9106145251397
 168 -161.8994413407821
 32 -159.8882681564246
 627 -157.877094972067
 59 -155.8659217877095
 128 -153.854748603352
 36 -151.8435754189944
 59 -149.8324022346369
 176 -147.8212290502793
 601 -145.8100558659218
 124 -143.7988826815642
 89 -141.7877094972067
 164 -139.7765363128491
 119 -137.7653631284916
 2 -135.7541899441341
 136 -133.7430167597765
 141 -131.731843575419
 72 -129.7206703910614
 187 -127.7094972067039
 226 -125.6983240223464
 94 -123.6871508379888
 186 -121.6759776536313
 177 -119.6648044692737
 4 -117.6536312849162
 99 -115.6424581005587
 103 -113.6312849162011
 105 -111.6201117318436
 21 -109.608938547486
 18 -107.5977653631285
 20 -105.5865921787709
 9 -103.5754189944134
 0 -101.5642458100559
 0 -99.55307262569832
 0 -97.54189944134077
 2 -95.53072625698323
 1 -93.5195530726257
 8023 -91.50837988826815
 11 -89.49720670391061
 4 -87.48603351955308
 0 -85.47486033519553
 1 -83.46368715083798
 1 -81.45251396648044
 9 -79.44134078212289
 6 -77.43016759776536
 45 -75.41899441340782
 23 -73.40782122905027
 50 -71.39664804469274
 113 -69.38547486033519
 75 -67.37430167597765
 100 -65.3631284916201
 52 -63.35195530726256
 263 -61.34078212290503
 152 -59.32960893854748
 221 -57.31843575418993
 104 -55.3072625698324
 82 -53.29608938547486
 197 -51.28491620111731
 50 -49.27374301675977
 126 -47.26256983240222
 2 -45.25139664804468
 260 -43.24022346368713
 0 -41.22905027932961
 163 -39.21787709497207
 324 -37.20670391061452
 428 -35.19553072625698
 98 -33.18435754189943
 45 -31.17318435754188
 146 -29.16201117318434
 9 -27.15083798882682
 70 -25.13966480446928
 647 -23.12849162011173
 139 -21.11731843575419
 43 -19.10614525139664
 11 -17.09497206703909
 41 -15.08379888268155
 153 -13.072625698324
 3 -11.06145251396646
 574 -9.050279329608941
 2 -7.039106145251395
 113 -5.02793296089385
 15 -3.016759776536304
 4 -1.005586592178759
 18 1.005586592178787
 110 3.016759776536333
 4 5.02793296089385
 511 7.039106145251395
 13 9.050279329608941
 144 11.06145251396649
 46 13.07262569832403
 13 15.08379888268158
 35 17.09497206703912
 112 19.10614525139667
 504 21.11731843575421
 66 23.12849162011173
 76 25.13966480446928
 101 27.15083798882682
 68 29.16201117318437
 230 31.17318435754191
 321 33.18435754189946
 240 35.195530726257
 153 37.20670391061452
 26 39.21787709497207
 283 41.22905027932961
 1 43.24022346368716
 116 45.2513966480447
 66 47.26256983240225
 229 49.27374301675979
 93 51.28491620111734
 168 53.29608938547489
 59 55.3072625698324
 148 57.31843575418995
 260 59.32960893854749
 59 61.34078212290504
 104 63.35195530726259
 73 65.36312849162013
 93 67.37430167597768
 43 69.38547486033519
 31 71.39664804469274
 37 73.40782122905028
 1 75.41899441340783
 10 77.43016759776538
 1 79.44134078212289
 0 81.45251396648047
 3 83.46368715083798
 1 85.47486033519556
 8 87.48603351955308
 7491 89.49720670391065
 2 91.50837988826817
 1 93.51955307262574
 1 95.53072625698326
 2 97.54189944134077
 2 99.55307262569835
 15 101.5642458100559
 33 103.5754189944134
 24 105.586592178771
 22 107.5977653631285
 126 109.608938547486
 108 111.6201117318436
 110 113.6312849162011
 4 115.6424581005587
 211 117.6536312849162
 163 119.6648044692737
 99 121.6759776536313
 174 123.6871508379888
 181 125.6983240223464
 69 127.7094972067039
 168 129.7206703910614
 169 131.731843575419
 1 133.7430167597765
 117 135.7541899441341
 177 137.7653631284916
 99 139.7765363128492
 152 141.7877094972067
 464 143.7988826815642
 114 145.8100558659218
 196 147.8212290502793
 38 149.8324022346369
 192 151.8435754189944
 61 153.854748603352
 442 155.8659217877095
 49 157.8770949720671
 122 159.8882681564246
 74 161.8994413407821
 55 163.9106145251397
 15 165.9217877094972
 115 167.9329608938548
 229 169.9441340782123
 342 171.9553072625699
 2 173.9664804469274
 151 175.9776536312849
 3 177.9888268156425
 0 180


