# Created by Octave 3.8.2, Mon Jun 22 04:43:33 2020 CEST <damian@fptrucha.inv.usc.es>
# name: hd
# type: matrix
# rows: 180
# columns: 2
 9 -180
 167 -177.9888268156425
 5 -175.9776536312849
 313 -173.9664804469274
 228 -171.9553072625698
 119 -169.9441340782123
 34 -167.9329608938548
 39 -165.9217877094972
 53 -163.9106145251397
 134 -161.8994413407821
 48 -159.8882681564246
 470 -157.877094972067
 53 -155.8659217877095
 99 -153.854748603352
 52 -151.8435754189944
 72 -149.8324022346369
 196 -147.8212290502793
 504 -145.8100558659218
 86 -143.7988826815642
 81 -141.7877094972067
 154 -139.7765363128491
 111 -137.7653631284916
 3 -135.7541899441341
 164 -133.7430167597765
 153 -131.731843575419
 75 -129.7206703910614
 176 -127.7094972067039
 159 -125.6983240223464
 88 -123.6871508379888
 174 -121.6759776536313
 171 -119.6648044692737
 2 -117.6536312849162
 104 -115.6424581005587
 115 -113.6312849162011
 111 -111.6201117318436
 20 -109.608938547486
 48 -107.5977653631285
 25 -105.5865921787709
 6 -103.5754189944134
 6 -101.5642458100559
 0 -99.55307262569832
 1 -97.54189944134077
 2 -95.53072625698323
 5 -93.5195530726257
 7029 -91.50837988826815
 19 -89.49720670391061
 4 -87.48603351955308
 6 -85.47486033519553
 1 -83.46368715083798
 4 -81.45251396648044
 16 -79.44134078212289
 14 -77.43016759776536
 41 -75.41899441340782
 31 -73.40782122905027
 59 -71.39664804469274
 118 -69.38547486033519
 78 -67.37430167597765
 115 -65.3631284916201
 47 -63.35195530726256
 236 -61.34078212290503
 142 -59.32960893854748
 180 -57.31843575418993
 88 -55.3072625698324
 63 -53.29608938547486
 209 -51.28491620111731
 61 -49.27374301675977
 101 -47.26256983240222
 2 -45.25139664804468
 268 -43.24022346368713
 5 -41.22905027932961
 141 -39.21787709497207
 235 -37.20670391061452
 391 -35.19553072625698
 110 -33.18435754189943
 63 -31.17318435754188
 147 -29.16201117318434
 11 -27.15083798882682
 69 -25.13966480446928
 496 -23.12849162011173
 113 -21.11731843575419
 56 -19.10614525139664
 9 -17.09497206703909
 49 -15.08379888268155
 148 -13.072625698324
 14 -11.06145251396646
 511 -9.050279329608941
 1 -7.039106145251395
 128 -5.02793296089385
 22 -3.016759776536304
 5 -1.005586592178759
 21 1.005586592178787
 119 3.016759776536333
 4 5.02793296089385
 451 7.039106145251395
 11 9.050279329608941
 143 11.06145251396649
 43 13.07262569832403
 16 15.08379888268158
 55 17.09497206703912
 112 19.10614525139667
 492 21.11731843575421
 61 23.12849162011173
 67 25.13966480446928
 95 27.15083798882682
 56 29.16201117318437
 173 31.17318435754191
 299 33.18435754189946
 229 35.195530726257
 131 37.20670391061452
 39 39.21787709497207
 256 41.22905027932961
 2 43.24022346368716
 113 45.2513966480447
 66 47.26256983240225
 220 49.27374301675979
 82 51.28491620111734
 195 53.29608938547489
 59 55.3072625698324
 119 57.31843575418995
 237 59.32960893854749
 61 61.34078212290504
 101 63.35195530726259
 73 65.36312849162013
 114 67.37430167597768
 46 69.38547486033519
 30 71.39664804469274
 55 73.40782122905028
 8 75.41899441340783
 11 77.43016759776538
 3 79.44134078212289
 0 81.45251396648047
 2 83.46368715083798
 8 85.47486033519556
 13 87.48603351955308
 6535 89.49720670391065
 12 91.50837988826817
 7 93.51955307262574
 5 95.53072625698326
 0 97.54189944134077
 5 99.55307262569835
 20 101.5642458100559
 19 103.5754189944134
 34 105.586592178771
 22 107.5977653631285
 89 109.608938547486
 118 111.6201117318436
 104 113.6312849162011
 1 115.6424581005587
 201 117.6536312849162
 145 119.6648044692737
 90 121.6759776536313
 170 123.6871508379888
 145 125.6983240223464
 81 127.7094972067039
 155 129.7206703910614
 184 131.731843575419
 2 133.7430167597765
 106 135.7541899441341
 142 137.7653631284916
 90 139.7765363128492
 115 141.7877094972067
 450 143.7988826815642
 125 145.8100558659218
 190 147.8212290502793
 53 149.8324022346369
 144 151.8435754189944
 51 153.854748603352
 418 155.8659217877095
 61 157.8770949720671
 135 159.8882681564246
 76 161.8994413407821
 50 163.9106145251397
 25 165.9217877094972
 135 167.9329608938548
 189 169.9441340782123
 285 171.9553072625699
 2 173.9664804469274
 137 175.9776536312849
 7 177.9888268156425
 0 180


