# Created by Octave 3.8.2, Sat Jun 20 23:20:54 2020 CEST <damian@fptrucha.inv.usc.es>
# name: hd
# type: matrix
# rows: 180
# columns: 2
 5 -180
 168 -177.9888268156425
 5 -175.9776536312849
 335 -173.9664804469274
 200 -171.9553072625698
 135 -169.9441340782123
 29 -167.9329608938548
 24 -165.9217877094972
 47 -163.9106145251397
 141 -161.8994413407821
 25 -159.8882681564246
 628 -157.877094972067
 61 -155.8659217877095
 120 -153.854748603352
 38 -151.8435754189944
 63 -149.8324022346369
 198 -147.8212290502793
 629 -145.8100558659218
 137 -143.7988826815642
 82 -141.7877094972067
 175 -139.7765363128491
 97 -137.7653631284916
 2 -135.7541899441341
 134 -133.7430167597765
 130 -131.731843575419
 80 -129.7206703910614
 203 -127.7094972067039
 206 -125.6983240223464
 77 -123.6871508379888
 179 -121.6759776536313
 180 -119.6648044692737
 7 -117.6536312849162
 84 -115.6424581005587
 109 -113.6312849162011
 125 -111.6201117318436
 23 -109.608938547486
 33 -107.5977653631285
 21 -105.5865921787709
 9 -103.5754189944134
 2 -101.5642458100559
 0 -99.55307262569832
 1 -97.54189944134077
 4 -95.53072625698323
 4 -93.5195530726257
 7966 -91.50837988826815
 12 -89.49720670391061
 0 -87.48603351955308
 1 -85.47486033519553
 0 -83.46368715083798
 1 -81.45251396648044
 6 -79.44134078212289
 4 -77.43016759776536
 35 -75.41899441340782
 23 -73.40782122905027
 55 -71.39664804469274
 101 -69.38547486033519
 76 -67.37430167597765
 93 -65.3631284916201
 48 -63.35195530726256
 226 -61.34078212290503
 167 -59.32960893854748
 224 -57.31843575418993
 79 -55.3072625698324
 74 -53.29608938547486
 218 -51.28491620111731
 56 -49.27374301675977
 102 -47.26256983240222
 2 -45.25139664804468
 293 -43.24022346368713
 2 -41.22905027932961
 138 -39.21787709497207
 306 -37.20670391061452
 438 -35.19553072625698
 98 -33.18435754189943
 67 -31.17318435754188
 139 -29.16201117318434
 11 -27.15083798882682
 49 -25.13966480446928
 593 -23.12849162011173
 177 -21.11731843575419
 40 -19.10614525139664
 12 -17.09497206703909
 32 -15.08379888268155
 158 -13.072625698324
 9 -11.06145251396646
 573 -9.050279329608941
 1 -7.039106145251395
 120 -5.02793296089385
 18 -3.016759776536304
 0 -1.005586592178759
 20 1.005586592178787
 136 3.016759776536333
 3 5.02793296089385
 537 7.039106145251395
 6 9.050279329608941
 111 11.06145251396649
 41 13.07262569832403
 13 15.08379888268158
 67 17.09497206703912
 95 19.10614525139667
 518 21.11731843575421
 49 23.12849162011173
 91 25.13966480446928
 77 27.15083798882682
 46 29.16201117318437
 215 31.17318435754191
 324 33.18435754189946
 230 35.195530726257
 178 37.20670391061452
 32 39.21787709497207
 270 41.22905027932961
 2 43.24022346368716
 104 45.2513966480447
 56 47.26256983240225
 223 49.27374301675979
 96 51.28491620111734
 176 53.29608938547489
 74 55.3072625698324
 150 57.31843575418995
 267 59.32960893854749
 45 61.34078212290504
 121 63.35195530726259
 69 65.36312849162013
 104 67.37430167597768
 57 69.38547486033519
 24 71.39664804469274
 36 73.40782122905028
 7 75.41899441340783
 8 77.43016759776538
 1 79.44134078212289
 0 81.45251396648047
 1 83.46368715083798
 2 85.47486033519556
 12 87.48603351955308
 7687 89.49720670391065
 9 91.50837988826817
 1 93.51955307262574
 3 95.53072625698326
 0 97.54189944134077
 1 99.55307262569835
 7 101.5642458100559
 17 103.5754189944134
 44 105.586592178771
 25 107.5977653631285
 123 109.608938547486
 118 111.6201117318436
 113 113.6312849162011
 4 115.6424581005587
 181 117.6536312849162
 182 119.6648044692737
 92 121.6759776536313
 173 123.6871508379888
 169 125.6983240223464
 65 127.7094972067039
 167 129.7206703910614
 177 131.731843575419
 1 133.7430167597765
 126 135.7541899441341
 154 137.7653631284916
 108 139.7765363128492
 130 141.7877094972067
 420 143.7988826815642
 116 145.8100558659218
 198 147.8212290502793
 34 149.8324022346369
 143 151.8435754189944
 55 153.854748603352
 452 155.8659217877095
 66 157.8770949720671
 115 159.8882681564246
 43 161.8994413407821
 49 163.9106145251397
 16 165.9217877094972
 128 167.9329608938548
 199 169.9441340782123
 328 171.9553072625699
 7 173.9664804469274
 148 175.9776536312849
 3 177.9888268156425
 0 180


