# Created by Octave 3.8.2, Sat Jun 20 23:55:15 2020 CEST <damian@fptrucha.inv.usc.es>
# name: hd
# type: matrix
# rows: 180
# columns: 2
 4 -180
 169 -177.9888268156425
 2 -175.9776536312849
 353 -173.9664804469274
 243 -171.9553072625698
 182 -169.9441340782123
 25 -167.9329608938548
 43 -165.9217877094972
 52 -163.9106145251397
 152 -161.8994413407821
 35 -159.8882681564246
 600 -157.877094972067
 52 -155.8659217877095
 118 -153.854748603352
 28 -151.8435754189944
 61 -149.8324022346369
 222 -147.8212290502793
 616 -145.8100558659218
 130 -143.7988826815642
 86 -141.7877094972067
 137 -139.7765363128491
 91 -137.7653631284916
 0 -135.7541899441341
 147 -133.7430167597765
 150 -131.731843575419
 61 -129.7206703910614
 173 -127.7094972067039
 192 -125.6983240223464
 83 -123.6871508379888
 171 -121.6759776536313
 158 -119.6648044692737
 1 -117.6536312849162
 107 -115.6424581005587
 103 -113.6312849162011
 115 -111.6201117318436
 16 -109.608938547486
 25 -107.5977653631285
 24 -105.5865921787709
 12 -103.5754189944134
 2 -101.5642458100559
 0 -99.55307262569832
 1 -97.54189944134077
 1 -95.53072625698323
 3 -93.5195530726257
 7920 -91.50837988826815
 8 -89.49720670391061
 7 -87.48603351955308
 1 -85.47486033519553
 0 -83.46368715083798
 1 -81.45251396648044
 1 -79.44134078212289
 7 -77.43016759776536
 33 -75.41899441340782
 21 -73.40782122905027
 42 -71.39664804469274
 99 -69.38547486033519
 64 -67.37430167597765
 85 -65.3631284916201
 43 -63.35195530726256
 259 -61.34078212290503
 144 -59.32960893854748
 228 -57.31843575418993
 93 -55.3072625698324
 61 -53.29608938547486
 241 -51.28491620111731
 61 -49.27374301675977
 90 -47.26256983240222
 1 -45.25139664804468
 244 -43.24022346368713
 5 -41.22905027932961
 146 -39.21787709497207
 325 -37.20670391061452
 431 -35.19553072625698
 124 -33.18435754189943
 46 -31.17318435754188
 151 -29.16201117318434
 9 -27.15083798882682
 68 -25.13966480446928
 629 -23.12849162011173
 140 -21.11731843575419
 51 -19.10614525139664
 9 -17.09497206703909
 40 -15.08379888268155
 159 -13.072625698324
 5 -11.06145251396646
 528 -9.050279329608941
 1 -7.039106145251395
 112 -5.02793296089385
 21 -3.016759776536304
 2 -1.005586592178759
 20 1.005586592178787
 129 3.016759776536333
 1 5.02793296089385
 517 7.039106145251395
 4 9.050279329608941
 113 11.06145251396649
 32 13.07262569832403
 10 15.08379888268158
 69 17.09497206703912
 98 19.10614525139667
 502 21.11731843575421
 66 23.12849162011173
 84 25.13966480446928
 99 27.15083798882682
 51 29.16201117318437
 217 31.17318435754191
 311 33.18435754189946
 235 35.195530726257
 172 37.20670391061452
 40 39.21787709497207
 271 41.22905027932961
 1 43.24022346368716
 131 45.2513966480447
 59 47.26256983240225
 243 49.27374301675979
 64 51.28491620111734
 185 53.29608938547489
 82 55.3072625698324
 127 57.31843575418995
 264 59.32960893854749
 54 61.34078212290504
 137 63.35195530726259
 85 65.36312849162013
 91 67.37430167597768
 63 69.38547486033519
 34 71.39664804469274
 43 73.40782122905028
 4 75.41899441340783
 10 77.43016759776538
 1 79.44134078212289
 0 81.45251396648047
 2 83.46368715083798
 6 85.47486033519556
 12 87.48603351955308
 7757 89.49720670391065
 5 91.50837988826817
 0 93.51955307262574
 1 95.53072625698326
 1 97.54189944134077
 0 99.55307262569835
 9 101.5642458100559
 27 103.5754189944134
 27 105.586592178771
 32 107.5977653631285
 110 109.608938547486
 132 111.6201117318436
 122 113.6312849162011
 2 115.6424581005587
 207 117.6536312849162
 182 119.6648044692737
 102 121.6759776536313
 182 123.6871508379888
 184 125.6983240223464
 85 127.7094972067039
 135 129.7206703910614
 162 131.731843575419
 2 133.7430167597765
 128 135.7541899441341
 174 137.7653631284916
 100 139.7765363128492
 130 141.7877094972067
 471 143.7988826815642
 108 145.8100558659218
 205 147.8212290502793
 40 149.8324022346369
 151 151.8435754189944
 69 153.854748603352
 489 155.8659217877095
 45 157.8770949720671
 109 159.8882681564246
 46 161.8994413407821
 52 163.9106145251397
 17 165.9217877094972
 110 167.9329608938548
 232 169.9441340782123
 336 171.9553072625699
 1 173.9664804469274
 129 175.9776536312849
 3 177.9888268156425
 0 180


