# Created by Octave 3.8.2, Sat Jun 20 20:19:57 2020 CEST <damian@fptrucha.inv.usc.es>
# name: hd
# type: matrix
# rows: 180
# columns: 2
 4 -180
 159 -177.9888268156425
 3 -175.9776536312849
 380 -173.9664804469274
 240 -171.9553072625698
 149 -169.9441340782123
 26 -167.9329608938548
 40 -165.9217877094972
 55 -163.9106145251397
 139 -161.8994413407821
 41 -159.8882681564246
 610 -157.877094972067
 67 -155.8659217877095
 125 -153.854748603352
 46 -151.8435754189944
 68 -149.8324022346369
 219 -147.8212290502793
 631 -145.8100558659218
 147 -143.7988826815642
 96 -141.7877094972067
 181 -139.7765363128491
 110 -137.7653631284916
 2 -135.7541899441341
 169 -133.7430167597765
 155 -131.731843575419
 67 -129.7206703910614
 155 -127.7094972067039
 221 -125.6983240223464
 107 -123.6871508379888
 177 -121.6759776536313
 192 -119.6648044692737
 3 -117.6536312849162
 113 -115.6424581005587
 108 -113.6312849162011
 104 -111.6201117318436
 13 -109.608938547486
 32 -107.5977653631285
 29 -105.5865921787709
 9 -103.5754189944134
 0 -101.5642458100559
 1 -99.55307262569832
 2 -97.54189944134077
 1 -95.53072625698323
 10 -93.5195530726257
 8076 -91.50837988826815
 17 -89.49720670391061
 2 -87.48603351955308
 1 -85.47486033519553
 0 -83.46368715083798
 2 -81.45251396648044
 8 -79.44134078212289
 6 -77.43016759776536
 47 -75.41899441340782
 24 -73.40782122905027
 45 -71.39664804469274
 104 -69.38547486033519
 71 -67.37430167597765
 115 -65.3631284916201
 53 -63.35195530726256
 275 -61.34078212290503
 167 -59.32960893854748
 201 -57.31843575418993
 97 -55.3072625698324
 67 -53.29608938547486
 227 -51.28491620111731
 59 -49.27374301675977
 91 -47.26256983240222
 5 -45.25139664804468
 274 -43.24022346368713
 3 -41.22905027932961
 159 -39.21787709497207
 314 -37.20670391061452
 427 -35.19553072625698
 93 -33.18435754189943
 59 -31.17318435754188
 144 -29.16201117318434
 10 -27.15083798882682
 50 -25.13966480446928
 654 -23.12849162011173
 171 -21.11731843575419
 65 -19.10614525139664
 7 -17.09497206703909
 39 -15.08379888268155
 170 -13.072625698324
 5 -11.06145251396646
 617 -9.050279329608941
 3 -7.039106145251395
 127 -5.02793296089385
 16 -3.016759776536304
 3 -1.005586592178759
 22 1.005586592178787
 130 3.016759776536333
 1 5.02793296089385
 557 7.039106145251395
 10 9.050279329608941
 135 11.06145251396649
 43 13.07262569832403
 12 15.08379888268158
 55 17.09497206703912
 94 19.10614525139667
 552 21.11731843575421
 57 23.12849162011173
 99 25.13966480446928
 94 27.15083798882682
 53 29.16201117318437
 198 31.17318435754191
 320 33.18435754189946
 230 35.195530726257
 150 37.20670391061452
 36 39.21787709497207
 307 41.22905027932961
 0 43.24022346368716
 113 45.2513966480447
 53 47.26256983240225
 220 49.27374301675979
 80 51.28491620111734
 177 53.29608938547489
 83 55.3072625698324
 123 57.31843575418995
 296 59.32960893854749
 59 61.34078212290504
 102 63.35195530726259
 74 65.36312849162013
 129 67.37430167597768
 48 69.38547486033519
 23 71.39664804469274
 50 73.40782122905028
 9 75.41899441340783
 5 77.43016759776538
 1 79.44134078212289
 0 81.45251396648047
 0 83.46368715083798
 2 85.47486033519556
 17 87.48603351955308
 7861 89.49720670391065
 5 91.50837988826817
 0 93.51955307262574
 1 95.53072625698326
 1 97.54189944134077
 5 99.55307262569835
 20 101.5642458100559
 14 103.5754189944134
 33 105.586592178771
 12 107.5977653631285
 99 109.608938547486
 122 111.6201117318436
 118 113.6312849162011
 0 115.6424581005587
 210 117.6536312849162
 165 119.6648044692737
 84 121.6759776536313
 186 123.6871508379888
 167 125.6983240223464
 76 127.7094972067039
 179 129.7206703910614
 161 131.731843575419
 1 133.7430167597765
 110 135.7541899441341
 175 137.7653631284916
 119 139.7765363128492
 131 141.7877094972067
 466 143.7988826815642
 123 145.8100558659218
 223 147.8212290502793
 47 149.8324022346369
 149 151.8435754189944
 61 153.854748603352
 494 155.8659217877095
 52 157.8770949720671
 127 159.8882681564246
 62 161.8994413407821
 51 163.9106145251397
 14 165.9217877094972
 132 167.9329608938548
 216 169.9441340782123
 332 171.9553072625699
 2 173.9664804469274
 150 175.9776536312849
 4 177.9888268156425
 0 180


