# Created by Octave 3.8.2, Sat Jun 20 14:06:52 2020 CEST <damian@fptrucha.inv.usc.es>
# name: hd
# type: matrix
# rows: 180
# columns: 2
 3 -180
 110 -177.9888268156425
 0 -175.9776536312849
 237 -173.9664804469274
 166 -171.9553072625698
 115 -169.9441340782123
 27 -167.9329608938548
 27 -165.9217877094972
 38 -163.9106145251397
 134 -161.8994413407821
 26 -159.8882681564246
 432 -157.877094972067
 30 -155.8659217877095
 89 -153.854748603352
 31 -151.8435754189944
 49 -149.8324022346369
 150 -147.8212290502793
 397 -145.8100558659218
 79 -143.7988826815642
 64 -141.7877094972067
 110 -139.7765363128491
 74 -137.7653631284916
 1 -135.7541899441341
 93 -133.7430167597765
 103 -131.731843575419
 57 -129.7206703910614
 120 -127.7094972067039
 169 -125.6983240223464
 80 -123.6871508379888
 136 -121.6759776536313
 123 -119.6648044692737
 3 -117.6536312849162
 76 -115.6424581005587
 77 -113.6312849162011
 90 -111.6201117318436
 9 -109.608938547486
 24 -107.5977653631285
 20 -105.5865921787709
 3 -103.5754189944134
 3 -101.5642458100559
 1 -99.55307262569832
 0 -97.54189944134077
 3 -95.53072625698323
 3 -93.5195530726257
 5730 -91.50837988826815
 6 -89.49720670391061
 2 -87.48603351955308
 1 -85.47486033519553
 0 -83.46368715083798
 0 -81.45251396648044
 4 -79.44134078212289
 4 -77.43016759776536
 25 -75.41899441340782
 7 -73.40782122905027
 32 -71.39664804469274
 99 -69.38547486033519
 61 -67.37430167597765
 58 -65.3631284916201
 40 -63.35195530726256
 179 -61.34078212290503
 113 -59.32960893854748
 150 -57.31843575418993
 70 -55.3072625698324
 55 -53.29608938547486
 173 -51.28491620111731
 48 -49.27374301675977
 79 -47.26256983240222
 0 -45.25139664804468
 193 -43.24022346368713
 1 -41.22905027932961
 106 -39.21787709497207
 223 -37.20670391061452
 313 -35.19553072625698
 52 -33.18435754189943
 32 -31.17318435754188
 101 -29.16201117318434
 8 -27.15083798882682
 36 -25.13966480446928
 473 -23.12849162011173
 98 -21.11731843575419
 40 -19.10614525139664
 12 -17.09497206703909
 30 -15.08379888268155
 121 -13.072625698324
 6 -11.06145251396646
 402 -9.050279329608941
 1 -7.039106145251395
 80 -5.02793296089385
 9 -3.016759776536304
 2 -1.005586592178759
 10 1.005586592178787
 101 3.016759776536333
 4 5.02793296089385
 384 7.039106145251395
 5 9.050279329608941
 80 11.06145251396649
 35 13.07262569832403
 8 15.08379888268158
 45 17.09497206703912
 84 19.10614525139667
 368 21.11731843575421
 46 23.12849162011173
 67 25.13966480446928
 74 27.15083798882682
 27 29.16201117318437
 195 31.17318435754191
 247 33.18435754189946
 158 35.195530726257
 126 37.20670391061452
 25 39.21787709497207
 197 41.22905027932961
 3 43.24022346368716
 88 45.2513966480447
 46 47.26256983240225
 168 49.27374301675979
 62 51.28491620111734
 132 53.29608938547489
 57 55.3072625698324
 100 57.31843575418995
 190 59.32960893854749
 51 61.34078212290504
 92 63.35195530726259
 46 65.36312849162013
 90 67.37430167597768
 45 69.38547486033519
 19 71.39664804469274
 35 73.40782122905028
 2 75.41899441340783
 7 77.43016759776538
 2 79.44134078212289
 0 81.45251396648047
 0 83.46368715083798
 0 85.47486033519556
 6 87.48603351955308
 5511 89.49720670391065
 1 91.50837988826817
 1 93.51955307262574
 0 95.53072625698326
 0 97.54189944134077
 2 99.55307262569835
 11 101.5642458100559
 14 103.5754189944134
 29 105.586592178771
 13 107.5977653631285
 81 109.608938547486
 102 111.6201117318436
 76 113.6312849162011
 1 115.6424581005587
 142 117.6536312849162
 121 119.6648044692737
 60 121.6759776536313
 120 123.6871508379888
 132 125.6983240223464
 72 127.7094972067039
 114 129.7206703910614
 126 131.731843575419
 0 133.7430167597765
 78 135.7541899441341
 141 137.7653631284916
 73 139.7765363128492
 111 141.7877094972067
 323 143.7988826815642
 83 145.8100558659218
 143 147.8212290502793
 38 149.8324022346369
 130 151.8435754189944
 38 153.854748603352
 341 155.8659217877095
 28 157.8770949720671
 89 159.8882681564246
 49 161.8994413407821
 38 163.9106145251397
 15 165.9217877094972
 74 167.9329608938548
 167 169.9441340782123
 225 171.9553072625699
 0 173.9664804469274
 107 175.9776536312849
 0 177.9888268156425
 0 180


