# Created by Octave 3.8.2, Mon Jun 22 23:32:50 2020 CEST <damian@fptrucha.inv.usc.es>
# name: hd
# type: matrix
# rows: 180
# columns: 2
 3 -180
 193 -177.9888268156425
 3 -175.9776536312849
 377 -173.9664804469274
 244 -171.9553072625698
 159 -169.9441340782123
 36 -167.9329608938548
 64 -165.9217877094972
 59 -163.9106145251397
 169 -161.8994413407821
 47 -159.8882681564246
 647 -157.877094972067
 92 -155.8659217877095
 130 -153.854748603352
 55 -151.8435754189944
 59 -149.8324022346369
 256 -147.8212290502793
 639 -145.8100558659218
 135 -143.7988826815642
 87 -141.7877094972067
 196 -139.7765363128491
 148 -137.7653631284916
 4 -135.7541899441341
 191 -133.7430167597765
 167 -131.731843575419
 71 -129.7206703910614
 178 -127.7094972067039
 232 -125.6983240223464
 108 -123.6871508379888
 199 -121.6759776536313
 208 -119.6648044692737
 1 -117.6536312849162
 111 -115.6424581005587
 138 -113.6312849162011
 153 -111.6201117318436
 14 -109.608938547486
 45 -107.5977653631285
 20 -105.5865921787709
 20 -103.5754189944134
 4 -101.5642458100559
 0 -99.55307262569832
 2 -97.54189944134077
 3 -95.53072625698323
 9 -93.5195530726257
 8654 -91.50837988826815
 16 -89.49720670391061
 2 -87.48603351955308
 0 -85.47486033519553
 0 -83.46368715083798
 2 -81.45251396648044
 8 -79.44134078212289
 6 -77.43016759776536
 55 -75.41899441340782
 29 -73.40782122905027
 44 -71.39664804469274
 123 -69.38547486033519
 85 -67.37430167597765
 125 -65.3631284916201
 64 -63.35195530726256
 269 -61.34078212290503
 164 -59.32960893854748
 230 -57.31843575418993
 102 -55.3072625698324
 91 -53.29608938547486
 250 -51.28491620111731
 60 -49.27374301675977
 119 -47.26256983240222
 4 -45.25139664804468
 306 -43.24022346368713
 3 -41.22905027932961
 150 -39.21787709497207
 282 -37.20670391061452
 486 -35.19553072625698
 114 -33.18435754189943
 69 -31.17318435754188
 201 -29.16201117318434
 16 -27.15083798882682
 53 -25.13966480446928
 638 -23.12849162011173
 148 -21.11731843575419
 54 -19.10614525139664
 21 -17.09497206703909
 42 -15.08379888268155
 172 -13.072625698324
 8 -11.06145251396646
 611 -9.050279329608941
 2 -7.039106145251395
 130 -5.02793296089385
 21 -3.016759776536304
 1 -1.005586592178759
 21 1.005586592178787
 145 3.016759776536333
 1 5.02793296089385
 588 7.039106145251395
 11 9.050279329608941
 144 11.06145251396649
 43 13.07262569832403
 24 15.08379888268158
 55 17.09497206703912
 130 19.10614525139667
 556 21.11731843575421
 67 23.12849162011173
 93 25.13966480446928
 102 27.15083798882682
 63 29.16201117318437
 234 31.17318435754191
 361 33.18435754189946
 270 35.195530726257
 168 37.20670391061452
 44 39.21787709497207
 307 41.22905027932961
 2 43.24022346368716
 128 45.2513966480447
 74 47.26256983240225
 240 49.27374301675979
 85 51.28491620111734
 216 53.29608938547489
 92 55.3072625698324
 135 57.31843575418995
 283 59.32960893854749
 64 61.34078212290504
 116 63.35195530726259
 84 65.36312849162013
 126 67.37430167597768
 55 69.38547486033519
 30 71.39664804469274
 75 73.40782122905028
 6 75.41899441340783
 12 77.43016759776538
 3 79.44134078212289
 1 81.45251396648047
 0 83.46368715083798
 4 85.47486033519556
 14 87.48603351955308
 8095 89.49720670391065
 9 91.50837988826817
 2 93.51955307262574
 0 95.53072625698326
 0 97.54189944134077
 3 99.55307262569835
 19 101.5642458100559
 35 103.5754189944134
 53 105.586592178771
 18 107.5977653631285
 125 109.608938547486
 127 111.6201117318436
 155 113.6312849162011
 2 115.6424581005587
 226 117.6536312849162
 186 119.6648044692737
 106 121.6759776536313
 226 123.6871508379888
 190 125.6983240223464
 72 127.7094972067039
 165 129.7206703910614
 199 131.731843575419
 3 133.7430167597765
 132 135.7541899441341
 215 137.7653631284916
 82 139.7765363128492
 136 141.7877094972067
 527 143.7988826815642
 119 145.8100558659218
 225 147.8212290502793
 48 149.8324022346369
 157 151.8435754189944
 78 153.854748603352
 517 155.8659217877095
 53 157.8770949720671
 136 159.8882681564246
 75 161.8994413407821
 56 163.9106145251397
 23 165.9217877094972
 132 167.9329608938548
 248 169.9441340782123
 315 171.9553072625699
 4 173.9664804469274
 181 175.9776536312849
 4 177.9888268156425
 0 180


