# Created by Octave 3.8.2, Sat Jun 20 23:01:26 2020 CEST <damian@fptrucha.inv.usc.es>
# name: hd
# type: matrix
# rows: 180
# columns: 2
 5 -180
 156 -177.9888268156425
 6 -175.9776536312849
 323 -173.9664804469274
 219 -171.9553072625698
 158 -169.9441340782123
 20 -167.9329608938548
 37 -165.9217877094972
 40 -163.9106145251397
 156 -161.8994413407821
 45 -159.8882681564246
 566 -157.877094972067
 52 -155.8659217877095
 125 -153.854748603352
 39 -151.8435754189944
 73 -149.8324022346369
 163 -147.8212290502793
 626 -145.8100558659218
 120 -143.7988826815642
 74 -141.7877094972067
 155 -139.7765363128491
 120 -137.7653631284916
 0 -135.7541899441341
 142 -133.7430167597765
 145 -131.731843575419
 79 -129.7206703910614
 185 -127.7094972067039
 222 -125.6983240223464
 116 -123.6871508379888
 173 -121.6759776536313
 189 -119.6648044692737
 1 -117.6536312849162
 111 -115.6424581005587
 115 -113.6312849162011
 126 -111.6201117318436
 20 -109.608938547486
 35 -107.5977653631285
 16 -105.5865921787709
 13 -103.5754189944134
 4 -101.5642458100559
 1 -99.55307262569832
 2 -97.54189944134077
 3 -95.53072625698323
 3 -93.5195530726257
 7958 -91.50837988826815
 10 -89.49720670391061
 4 -87.48603351955308
 1 -85.47486033519553
 0 -83.46368715083798
 2 -81.45251396648044
 5 -79.44134078212289
 7 -77.43016759776536
 37 -75.41899441340782
 25 -73.40782122905027
 43 -71.39664804469274
 114 -69.38547486033519
 69 -67.37430167597765
 108 -65.3631284916201
 40 -63.35195530726256
 258 -61.34078212290503
 141 -59.32960893854748
 195 -57.31843575418993
 109 -55.3072625698324
 76 -53.29608938547486
 190 -51.28491620111731
 54 -49.27374301675977
 95 -47.26256983240222
 1 -45.25139664804468
 294 -43.24022346368713
 0 -41.22905027932961
 124 -39.21787709497207
 302 -37.20670391061452
 449 -35.19553072625698
 124 -33.18435754189943
 61 -31.17318435754188
 165 -29.16201117318434
 12 -27.15083798882682
 66 -25.13966480446928
 607 -23.12849162011173
 138 -21.11731843575419
 51 -19.10614525139664
 11 -17.09497206703909
 27 -15.08379888268155
 191 -13.072625698324
 9 -11.06145251396646
 552 -9.050279329608941
 2 -7.039106145251395
 138 -5.02793296089385
 22 -3.016759776536304
 3 -1.005586592178759
 22 1.005586592178787
 116 3.016759776536333
 1 5.02793296089385
 545 7.039106145251395
 5 9.050279329608941
 133 11.06145251396649
 43 13.07262569832403
 7 15.08379888268158
 53 17.09497206703912
 124 19.10614525139667
 524 21.11731843575421
 56 23.12849162011173
 95 25.13966480446928
 106 27.15083798882682
 63 29.16201117318437
 208 31.17318435754191
 303 33.18435754189946
 255 35.195530726257
 167 37.20670391061452
 36 39.21787709497207
 289 41.22905027932961
 1 43.24022346368716
 112 45.2513966480447
 60 47.26256983240225
 205 49.27374301675979
 81 51.28491620111734
 207 53.29608938547489
 76 55.3072625698324
 139 57.31843575418995
 260 59.32960893854749
 59 61.34078212290504
 109 63.35195530726259
 67 65.36312849162013
 116 67.37430167597768
 44 69.38547486033519
 25 71.39664804469274
 52 73.40782122905028
 6 75.41899441340783
 9 77.43016759776538
 5 79.44134078212289
 0 81.45251396648047
 0 83.46368715083798
 5 85.47486033519556
 10 87.48603351955308
 7667 89.49720670391065
 4 91.50837988826817
 3 93.51955307262574
 1 95.53072625698326
 0 97.54189944134077
 3 99.55307262569835
 13 101.5642458100559
 18 103.5754189944134
 45 105.586592178771
 18 107.5977653631285
 134 109.608938547486
 102 111.6201117318436
 110 113.6312849162011
 3 115.6424581005587
 219 117.6536312849162
 177 119.6648044692737
 81 121.6759776536313
 170 123.6871508379888
 156 125.6983240223464
 74 127.7094972067039
 157 129.7206703910614
 182 131.731843575419
 1 133.7430167597765
 137 135.7541899441341
 180 137.7653631284916
 117 139.7765363128492
 140 141.7877094972067
 436 143.7988826815642
 120 145.8100558659218
 222 147.8212290502793
 47 149.8324022346369
 130 151.8435754189944
 62 153.854748603352
 467 155.8659217877095
 61 157.8770949720671
 124 159.8882681564246
 63 161.8994413407821
 56 163.9106145251397
 10 165.9217877094972
 112 167.9329608938548
 204 169.9441340782123
 329 171.9553072625699
 1 173.9664804469274
 165 175.9776536312849
 7 177.9888268156425
 0 180


