# Created by Octave 3.8.2, Mon Jun 22 04:10:31 2020 CEST <damian@fptrucha.inv.usc.es>
# name: hd
# type: matrix
# rows: 180
# columns: 2
 8 -180
 161 -177.9888268156425
 4 -175.9776536312849
 336 -173.9664804469274
 220 -171.9553072625698
 131 -169.9441340782123
 33 -167.9329608938548
 45 -165.9217877094972
 55 -163.9106145251397
 148 -161.8994413407821
 35 -159.8882681564246
 503 -157.877094972067
 67 -155.8659217877095
 105 -153.854748603352
 43 -151.8435754189944
 73 -149.8324022346369
 228 -147.8212290502793
 549 -145.8100558659218
 120 -143.7988826815642
 74 -141.7877094972067
 172 -139.7765363128491
 116 -137.7653631284916
 3 -135.7541899441341
 195 -133.7430167597765
 149 -131.731843575419
 67 -129.7206703910614
 164 -127.7094972067039
 184 -125.6983240223464
 109 -123.6871508379888
 180 -121.6759776536313
 197 -119.6648044692737
 5 -117.6536312849162
 118 -115.6424581005587
 133 -113.6312849162011
 102 -111.6201117318436
 17 -109.608938547486
 45 -107.5977653631285
 31 -105.5865921787709
 13 -103.5754189944134
 5 -101.5642458100559
 0 -99.55307262569832
 2 -97.54189944134077
 3 -95.53072625698323
 10 -93.5195530726257
 7146 -91.50837988826815
 15 -89.49720670391061
 2 -87.48603351955308
 1 -85.47486033519553
 2 -83.46368715083798
 4 -81.45251396648044
 13 -79.44134078212289
 8 -77.43016759776536
 63 -75.41899441340782
 38 -73.40782122905027
 45 -71.39664804469274
 107 -69.38547486033519
 93 -67.37430167597765
 102 -65.3631284916201
 44 -63.35195530726256
 284 -61.34078212290503
 128 -59.32960893854748
 190 -57.31843575418993
 93 -55.3072625698324
 73 -53.29608938547486
 227 -51.28491620111731
 58 -49.27374301675977
 126 -47.26256983240222
 4 -45.25139664804468
 240 -43.24022346368713
 6 -41.22905027932961
 150 -39.21787709497207
 278 -37.20670391061452
 391 -35.19553072625698
 115 -33.18435754189943
 65 -31.17318435754188
 165 -29.16201117318434
 15 -27.15083798882682
 61 -25.13966480446928
 499 -23.12849162011173
 127 -21.11731843575419
 58 -19.10614525139664
 18 -17.09497206703909
 39 -15.08379888268155
 165 -13.072625698324
 11 -11.06145251396646
 532 -9.050279329608941
 6 -7.039106145251395
 115 -5.02793296089385
 22 -3.016759776536304
 5 -1.005586592178759
 14 1.005586592178787
 129 3.016759776536333
 2 5.02793296089385
 472 7.039106145251395
 9 9.050279329608941
 144 11.06145251396649
 53 13.07262569832403
 21 15.08379888268158
 58 17.09497206703912
 117 19.10614525139667
 489 21.11731843575421
 51 23.12849162011173
 87 25.13966480446928
 108 27.15083798882682
 57 29.16201117318437
 190 31.17318435754191
 305 33.18435754189946
 246 35.195530726257
 146 37.20670391061452
 35 39.21787709497207
 248 41.22905027932961
 2 43.24022346368716
 134 45.2513966480447
 51 47.26256983240225
 192 49.27374301675979
 82 51.28491620111734
 204 53.29608938547489
 67 55.3072625698324
 147 57.31843575418995
 227 59.32960893854749
 62 61.34078212290504
 119 63.35195530726259
 80 65.36312849162013
 110 67.37430167597768
 48 69.38547486033519
 29 71.39664804469274
 44 73.40782122905028
 8 75.41899441340783
 7 77.43016759776538
 4 79.44134078212289
 1 81.45251396648047
 1 83.46368715083798
 6 85.47486033519556
 12 87.48603351955308
 6808 89.49720670391065
 4 91.50837988826817
 3 93.51955307262574
 4 95.53072625698326
 1 97.54189944134077
 3 99.55307262569835
 20 101.5642458100559
 28 103.5754189944134
 28 105.586592178771
 26 107.5977653631285
 114 109.608938547486
 122 111.6201117318436
 121 113.6312849162011
 7 115.6424581005587
 169 117.6536312849162
 158 119.6648044692737
 78 121.6759776536313
 160 123.6871508379888
 190 125.6983240223464
 82 127.7094972067039
 156 129.7206703910614
 177 131.731843575419
 3 133.7430167597765
 119 135.7541899441341
 148 137.7653631284916
 99 139.7765363128492
 110 141.7877094972067
 477 143.7988826815642
 109 145.8100558659218
 206 147.8212290502793
 51 149.8324022346369
 121 151.8435754189944
 53 153.854748603352
 453 155.8659217877095
 36 157.8770949720671
 129 159.8882681564246
 64 161.8994413407821
 54 163.9106145251397
 26 165.9217877094972
 134 167.9329608938548
 213 169.9441340782123
 332 171.9553072625699
 8 173.9664804469274
 139 175.9776536312849
 5 177.9888268156425
 0 180


