# Created by Octave 3.8.2, Sun Jun 21 00:40:26 2020 CEST <damian@fptrucha.inv.usc.es>
# name: hd
# type: matrix
# rows: 180
# columns: 2
 5 -180
 165 -177.9888268156425
 4 -175.9776536312849
 380 -173.9664804469274
 223 -171.9553072625698
 137 -169.9441340782123
 34 -167.9329608938548
 33 -165.9217877094972
 61 -163.9106145251397
 154 -161.8994413407821
 40 -159.8882681564246
 616 -157.877094972067
 57 -155.8659217877095
 103 -153.854748603352
 37 -151.8435754189944
 65 -149.8324022346369
 205 -147.8212290502793
 564 -145.8100558659218
 113 -143.7988826815642
 78 -141.7877094972067
 148 -139.7765363128491
 81 -137.7653631284916
 3 -135.7541899441341
 134 -133.7430167597765
 135 -131.731843575419
 72 -129.7206703910614
 176 -127.7094972067039
 221 -125.6983240223464
 100 -123.6871508379888
 169 -121.6759776536313
 197 -119.6648044692737
 4 -117.6536312849162
 98 -115.6424581005587
 103 -113.6312849162011
 117 -111.6201117318436
 18 -109.608938547486
 30 -107.5977653631285
 18 -105.5865921787709
 10 -103.5754189944134
 5 -101.5642458100559
 0 -99.55307262569832
 0 -97.54189944134077
 0 -95.53072625698323
 6 -93.5195530726257
 8058 -91.50837988826815
 8 -89.49720670391061
 4 -87.48603351955308
 1 -85.47486033519553
 0 -83.46368715083798
 3 -81.45251396648044
 7 -79.44134078212289
 6 -77.43016759776536
 47 -75.41899441340782
 22 -73.40782122905027
 42 -71.39664804469274
 101 -69.38547486033519
 68 -67.37430167597765
 96 -65.3631284916201
 55 -63.35195530726256
 264 -61.34078212290503
 155 -59.32960893854748
 203 -57.31843575418993
 94 -55.3072625698324
 78 -53.29608938547486
 227 -51.28491620111731
 46 -49.27374301675977
 74 -47.26256983240222
 0 -45.25139664804468
 246 -43.24022346368713
 4 -41.22905027932961
 157 -39.21787709497207
 288 -37.20670391061452
 413 -35.19553072625698
 88 -33.18435754189943
 62 -31.17318435754188
 145 -29.16201117318434
 17 -27.15083798882682
 54 -25.13966480446928
 647 -23.12849162011173
 132 -21.11731843575419
 55 -19.10614525139664
 8 -17.09497206703909
 45 -15.08379888268155
 163 -13.072625698324
 6 -11.06145251396646
 592 -9.050279329608941
 2 -7.039106145251395
 106 -5.02793296089385
 18 -3.016759776536304
 1 -1.005586592178759
 20 1.005586592178787
 109 3.016759776536333
 2 5.02793296089385
 525 7.039106145251395
 8 9.050279329608941
 120 11.06145251396649
 43 13.07262569832403
 12 15.08379888268158
 48 17.09497206703912
 109 19.10614525139667
 489 21.11731843575421
 43 23.12849162011173
 100 25.13966480446928
 104 27.15083798882682
 68 29.16201117318437
 226 31.17318435754191
 297 33.18435754189946
 231 35.195530726257
 180 37.20670391061452
 21 39.21787709497207
 281 41.22905027932961
 1 43.24022346368716
 121 45.2513966480447
 52 47.26256983240225
 211 49.27374301675979
 87 51.28491620111734
 178 53.29608938547489
 91 55.3072625698324
 140 57.31843575418995
 238 59.32960893854749
 64 61.34078212290504
 111 63.35195530726259
 69 65.36312849162013
 115 67.37430167597768
 42 69.38547486033519
 21 71.39664804469274
 36 73.40782122905028
 2 75.41899441340783
 9 77.43016759776538
 1 79.44134078212289
 0 81.45251396648047
 1 83.46368715083798
 3 85.47486033519556
 7 87.48603351955308
 7393 89.49720670391065
 6 91.50837988826817
 3 93.51955307262574
 3 95.53072625698326
 0 97.54189944134077
 1 99.55307262569835
 14 101.5642458100559
 17 103.5754189944134
 38 105.586592178771
 17 107.5977653631285
 106 109.608938547486
 114 111.6201117318436
 115 113.6312849162011
 3 115.6424581005587
 206 117.6536312849162
 181 119.6648044692737
 96 121.6759776536313
 178 123.6871508379888
 137 125.6983240223464
 79 127.7094972067039
 162 129.7206703910614
 174 131.731843575419
 4 133.7430167597765
 127 135.7541899441341
 175 137.7653631284916
 98 139.7765363128492
 126 141.7877094972067
 458 143.7988826815642
 116 145.8100558659218
 214 147.8212290502793
 35 149.8324022346369
 156 151.8435754189944
 50 153.854748603352
 428 155.8659217877095
 47 157.8770949720671
 131 159.8882681564246
 59 161.8994413407821
 68 163.9106145251397
 18 165.9217877094972
 122 167.9329608938548
 207 169.9441340782123
 297 171.9553072625699
 2 173.9664804469274
 159 175.9776536312849
 2 177.9888268156425
 0 180


