# Created by Octave 3.8.2, Sat Jun 20 19:00:19 2020 CEST <damian@fptrucha.inv.usc.es>
# name: hd
# type: matrix
# rows: 180
# columns: 2
 3 -180
 172 -177.9888268156425
 4 -175.9776536312849
 360 -173.9664804469274
 258 -171.9553072625698
 173 -169.9441340782123
 27 -167.9329608938548
 39 -165.9217877094972
 54 -163.9106145251397
 155 -161.8994413407821
 33 -159.8882681564246
 611 -157.877094972067
 55 -155.8659217877095
 118 -153.854748603352
 36 -151.8435754189944
 63 -149.8324022346369
 214 -147.8212290502793
 602 -145.8100558659218
 105 -143.7988826815642
 86 -141.7877094972067
 169 -139.7765363128491
 99 -137.7653631284916
 2 -135.7541899441341
 156 -133.7430167597765
 147 -131.731843575419
 71 -129.7206703910614
 189 -127.7094972067039
 214 -125.6983240223464
 103 -123.6871508379888
 214 -121.6759776536313
 163 -119.6648044692737
 3 -117.6536312849162
 109 -115.6424581005587
 104 -113.6312849162011
 132 -111.6201117318436
 19 -109.608938547486
 38 -107.5977653631285
 27 -105.5865921787709
 3 -103.5754189944134
 4 -101.5642458100559
 1 -99.55307262569832
 1 -97.54189944134077
 2 -95.53072625698323
 6 -93.5195530726257
 8010 -91.50837988826815
 5 -89.49720670391061
 1 -87.48603351955308
 0 -85.47486033519553
 0 -83.46368715083798
 1 -81.45251396648044
 4 -79.44134078212289
 5 -77.43016759776536
 41 -75.41899441340782
 16 -73.40782122905027
 52 -71.39664804469274
 105 -69.38547486033519
 62 -67.37430167597765
 103 -65.3631284916201
 44 -63.35195530726256
 263 -61.34078212290503
 139 -59.32960893854748
 222 -57.31843575418993
 88 -55.3072625698324
 74 -53.29608938547486
 227 -51.28491620111731
 58 -49.27374301675977
 113 -47.26256983240222
 1 -45.25139664804468
 293 -43.24022346368713
 2 -41.22905027932961
 160 -39.21787709497207
 305 -37.20670391061452
 461 -35.19553072625698
 87 -33.18435754189943
 66 -31.17318435754188
 148 -29.16201117318434
 10 -27.15083798882682
 49 -25.13966480446928
 652 -23.12849162011173
 151 -21.11731843575419
 46 -19.10614525139664
 11 -17.09497206703909
 42 -15.08379888268155
 165 -13.072625698324
 7 -11.06145251396646
 573 -9.050279329608941
 0 -7.039106145251395
 119 -5.02793296089385
 25 -3.016759776536304
 4 -1.005586592178759
 27 1.005586592178787
 125 3.016759776536333
 3 5.02793296089385
 553 7.039106145251395
 9 9.050279329608941
 125 11.06145251396649
 42 13.07262569832403
 10 15.08379888268158
 64 17.09497206703912
 114 19.10614525139667
 549 21.11731843575421
 58 23.12849162011173
 94 25.13966480446928
 107 27.15083798882682
 55 29.16201117318437
 229 31.17318435754191
 294 33.18435754189946
 230 35.195530726257
 167 37.20670391061452
 36 39.21787709497207
 293 41.22905027932961
 1 43.24022346368716
 127 45.2513966480447
 60 47.26256983240225
 232 49.27374301675979
 85 51.28491620111734
 185 53.29608938547489
 85 55.3072625698324
 126 57.31843575418995
 268 59.32960893854749
 72 61.34078212290504
 132 63.35195530726259
 77 65.36312849162013
 98 67.37430167597768
 42 69.38547486033519
 24 71.39664804469274
 39 73.40782122905028
 5 75.41899441340783
 7 77.43016759776538
 1 79.44134078212289
 2 81.45251396648047
 0 83.46368715083798
 1 85.47486033519556
 12 87.48603351955308
 7771 89.49720670391065
 7 91.50837988826817
 1 93.51955307262574
 1 95.53072625698326
 1 97.54189944134077
 1 99.55307262569835
 7 101.5642458100559
 25 103.5754189944134
 38 105.586592178771
 30 107.5977653631285
 99 109.608938547486
 121 111.6201117318436
 103 113.6312849162011
 5 115.6424581005587
 189 117.6536312849162
 158 119.6648044692737
 82 121.6759776536313
 190 123.6871508379888
 180 125.6983240223464
 76 127.7094972067039
 168 129.7206703910614
 179 131.731843575419
 1 133.7430167597765
 122 135.7541899441341
 158 137.7653631284916
 95 139.7765363128492
 149 141.7877094972067
 444 143.7988826815642
 136 145.8100558659218
 204 147.8212290502793
 35 149.8324022346369
 137 151.8435754189944
 59 153.854748603352
 495 155.8659217877095
 54 157.8770949720671
 118 159.8882681564246
 79 161.8994413407821
 53 163.9106145251397
 6 165.9217877094972
 114 167.9329608938548
 226 169.9441340782123
 326 171.9553072625699
 3 173.9664804469274
 156 175.9776536312849
 1 177.9888268156425
 0 180


