# Created by Octave 3.8.2, Mon Jun 22 11:31:04 2020 CEST <damian@fptrucha.inv.usc.es>
# name: hd
# type: matrix
# rows: 180
# columns: 2
 3 -180
 165 -177.9888268156425
 1 -175.9776536312849
 364 -173.9664804469274
 227 -171.9553072625698
 159 -169.9441340782123
 38 -167.9329608938548
 49 -165.9217877094972
 66 -163.9106145251397
 119 -161.8994413407821
 34 -159.8882681564246
 588 -157.877094972067
 75 -155.8659217877095
 133 -153.854748603352
 56 -151.8435754189944
 83 -149.8324022346369
 214 -147.8212290502793
 561 -145.8100558659218
 122 -143.7988826815642
 102 -141.7877094972067
 160 -139.7765363128491
 122 -137.7653631284916
 5 -135.7541899441341
 159 -133.7430167597765
 164 -131.731843575419
 69 -129.7206703910614
 186 -127.7094972067039
 213 -125.6983240223464
 108 -123.6871508379888
 177 -121.6759776536313
 172 -119.6648044692737
 6 -117.6536312849162
 99 -115.6424581005587
 137 -113.6312849162011
 102 -111.6201117318436
 20 -109.608938547486
 41 -107.5977653631285
 25 -105.5865921787709
 16 -103.5754189944134
 1 -101.5642458100559
 1 -99.55307262569832
 2 -97.54189944134077
 6 -95.53072625698323
 8 -93.5195530726257
 7748 -91.50837988826815
 18 -89.49720670391061
 5 -87.48603351955308
 2 -85.47486033519553
 0 -83.46368715083798
 2 -81.45251396648044
 12 -79.44134078212289
 5 -77.43016759776536
 47 -75.41899441340782
 43 -73.40782122905027
 40 -71.39664804469274
 113 -69.38547486033519
 64 -67.37430167597765
 104 -65.3631284916201
 53 -63.35195530726256
 266 -61.34078212290503
 136 -59.32960893854748
 213 -57.31843575418993
 97 -55.3072625698324
 56 -53.29608938547486
 224 -51.28491620111731
 46 -49.27374301675977
 123 -47.26256983240222
 2 -45.25139664804468
 289 -43.24022346368713
 2 -41.22905027932961
 174 -39.21787709497207
 278 -37.20670391061452
 434 -35.19553072625698
 125 -33.18435754189943
 67 -31.17318435754188
 162 -29.16201117318434
 7 -27.15083798882682
 73 -25.13966480446928
 580 -23.12849162011173
 126 -21.11731843575419
 53 -19.10614525139664
 14 -17.09497206703909
 40 -15.08379888268155
 164 -13.072625698324
 11 -11.06145251396646
 577 -9.050279329608941
 2 -7.039106145251395
 132 -5.02793296089385
 24 -3.016759776536304
 3 -1.005586592178759
 16 1.005586592178787
 115 3.016759776536333
 5 5.02793296089385
 583 7.039106145251395
 9 9.050279329608941
 145 11.06145251396649
 45 13.07262569832403
 15 15.08379888268158
 47 17.09497206703912
 119 19.10614525139667
 538 21.11731843575421
 73 23.12849162011173
 82 25.13966480446928
 87 27.15083798882682
 66 29.16201117318437
 198 31.17318435754191
 324 33.18435754189946
 262 35.195530726257
 148 37.20670391061452
 41 39.21787709497207
 300 41.22905027932961
 4 43.24022346368716
 103 45.2513966480447
 67 47.26256983240225
 207 49.27374301675979
 81 51.28491620111734
 226 53.29608938547489
 80 55.3072625698324
 136 57.31843575418995
 262 59.32960893854749
 56 61.34078212290504
 128 63.35195530726259
 84 65.36312849162013
 118 67.37430167597768
 50 69.38547486033519
 34 71.39664804469274
 37 73.40782122905028
 8 75.41899441340783
 12 77.43016759776538
 2 79.44134078212289
 0 81.45251396648047
 4 83.46368715083798
 4 85.47486033519556
 13 87.48603351955308
 7480 89.49720670391065
 9 91.50837988826817
 8 93.51955307262574
 0 95.53072625698326
 1 97.54189944134077
 4 99.55307262569835
 13 101.5642458100559
 22 103.5754189944134
 37 105.586592178771
 22 107.5977653631285
 133 109.608938547486
 120 111.6201117318436
 131 113.6312849162011
 3 115.6424581005587
 206 117.6536312849162
 157 119.6648044692737
 100 121.6759776536313
 181 123.6871508379888
 196 125.6983240223464
 78 127.7094972067039
 181 129.7206703910614
 186 131.731843575419
 4 133.7430167597765
 108 135.7541899441341
 174 137.7653631284916
 97 139.7765363128492
 140 141.7877094972067
 511 143.7988826815642
 132 145.8100558659218
 204 147.8212290502793
 48 149.8324022346369
 117 151.8435754189944
 82 153.854748603352
 502 155.8659217877095
 67 157.8770949720671
 167 159.8882681564246
 59 161.8994413407821
 48 163.9106145251397
 21 165.9217877094972
 152 167.9329608938548
 207 169.9441340782123
 381 171.9553072625699
 3 173.9664804469274
 158 175.9776536312849
 2 177.9888268156425
 0 180


