# Created by Octave 3.8.2, Sun Jun 21 04:01:19 2020 CEST <damian@fptrucha.inv.usc.es>
# name: hd
# type: matrix
# rows: 180
# columns: 2
 1 -180
 96 -177.9888268156425
 2 -175.9776536312849
 210 -173.9664804469274
 137 -171.9553072625698
 112 -169.9441340782123
 23 -167.9329608938548
 19 -165.9217877094972
 35 -163.9106145251397
 124 -161.8994413407821
 20 -159.8882681564246
 384 -157.877094972067
 42 -155.8659217877095
 67 -153.854748603352
 23 -151.8435754189944
 41 -149.8324022346369
 120 -147.8212290502793
 400 -145.8100558659218
 87 -143.7988826815642
 60 -141.7877094972067
 104 -139.7765363128491
 69 -137.7653631284916
 3 -135.7541899441341
 115 -133.7430167597765
 113 -131.731843575419
 46 -129.7206703910614
 105 -127.7094972067039
 152 -125.6983240223464
 66 -123.6871508379888
 126 -121.6759776536313
 112 -119.6648044692737
 4 -117.6536312849162
 57 -115.6424581005587
 68 -113.6312849162011
 89 -111.6201117318436
 9 -109.608938547486
 19 -107.5977653631285
 18 -105.5865921787709
 3 -103.5754189944134
 1 -101.5642458100559
 0 -99.55307262569832
 0 -97.54189944134077
 0 -95.53072625698323
 2 -93.5195530726257
 5372 -91.50837988826815
 7 -89.49720670391061
 1 -87.48603351955308
 1 -85.47486033519553
 0 -83.46368715083798
 0 -81.45251396648044
 3 -79.44134078212289
 3 -77.43016759776536
 23 -75.41899441340782
 16 -73.40782122905027
 35 -71.39664804469274
 70 -69.38547486033519
 47 -67.37430167597765
 64 -65.3631284916201
 32 -63.35195530726256
 180 -61.34078212290503
 92 -59.32960893854748
 139 -57.31843575418993
 57 -55.3072625698324
 42 -53.29608938547486
 133 -51.28491620111731
 32 -49.27374301675977
 74 -47.26256983240222
 3 -45.25139664804468
 166 -43.24022346368713
 1 -41.22905027932961
 101 -39.21787709497207
 204 -37.20670391061452
 287 -35.19553072625698
 68 -33.18435754189943
 35 -31.17318435754188
 97 -29.16201117318434
 5 -27.15083798882682
 30 -25.13966480446928
 411 -23.12849162011173
 90 -21.11731843575419
 31 -19.10614525139664
 3 -17.09497206703909
 25 -15.08379888268155
 98 -13.072625698324
 8 -11.06145251396646
 365 -9.050279329608941
 0 -7.039106145251395
 74 -5.02793296089385
 13 -3.016759776536304
 3 -1.005586592178759
 12 1.005586592178787
 92 3.016759776536333
 2 5.02793296089385
 333 7.039106145251395
 6 9.050279329608941
 96 11.06145251396649
 25 13.07262569832403
 7 15.08379888268158
 44 17.09497206703912
 69 19.10614525139667
 333 21.11731843575421
 48 23.12849162011173
 69 25.13966480446928
 64 27.15083798882682
 29 29.16201117318437
 109 31.17318435754191
 199 33.18435754189946
 166 35.195530726257
 84 37.20670391061452
 17 39.21787709497207
 180 41.22905027932961
 2 43.24022346368716
 89 45.2513966480447
 41 47.26256983240225
 140 49.27374301675979
 59 51.28491620111734
 133 53.29608938547489
 50 55.3072625698324
 97 57.31843575418995
 176 59.32960893854749
 48 61.34078212290504
 77 63.35195530726259
 45 65.36312849162013
 60 67.37430167597768
 24 69.38547486033519
 18 71.39664804469274
 26 73.40782122905028
 12 75.41899441340783
 7 77.43016759776538
 2 79.44134078212289
 0 81.45251396648047
 0 83.46368715083798
 1 85.47486033519556
 1 87.48603351955308
 4931 89.49720670391065
 2 91.50837988826817
 2 93.51955307262574
 0 95.53072625698326
 1 97.54189944134077
 5 99.55307262569835
 16 101.5642458100559
 18 103.5754189944134
 28 105.586592178771
 16 107.5977653631285
 82 109.608938547486
 73 111.6201117318436
 83 113.6312849162011
 1 115.6424581005587
 140 117.6536312849162
 101 119.6648044692737
 57 121.6759776536313
 98 123.6871508379888
 95 125.6983240223464
 56 127.7094972067039
 95 129.7206703910614
 118 131.731843575419
 0 133.7430167597765
 62 135.7541899441341
 108 137.7653631284916
 68 139.7765363128492
 110 141.7877094972067
 320 143.7988826815642
 84 145.8100558659218
 160 147.8212290502793
 24 149.8324022346369
 90 151.8435754189944
 48 153.854748603352
 284 155.8659217877095
 23 157.8770949720671
 73 159.8882681564246
 27 161.8994413407821
 37 163.9106145251397
 12 165.9217877094972
 93 167.9329608938548
 144 169.9441340782123
 206 171.9553072625699
 4 173.9664804469274
 99 175.9776536312849
 3 177.9888268156425
 0 180


