# Created by Octave 3.8.2, Mon Jun 22 19:23:32 2020 CEST <damian@fptrucha.inv.usc.es>
# name: hd
# type: matrix
# rows: 180
# columns: 2
 2 -180
 190 -177.9888268156425
 4 -175.9776536312849
 389 -173.9664804469274
 274 -171.9553072625698
 145 -169.9441340782123
 39 -167.9329608938548
 52 -165.9217877094972
 68 -163.9106145251397
 159 -161.8994413407821
 36 -159.8882681564246
 587 -157.877094972067
 86 -155.8659217877095
 139 -153.854748603352
 36 -151.8435754189944
 66 -149.8324022346369
 244 -147.8212290502793
 647 -145.8100558659218
 117 -143.7988826815642
 100 -141.7877094972067
 185 -139.7765363128491
 121 -137.7653631284916
 5 -135.7541899441341
 192 -133.7430167597765
 168 -131.731843575419
 81 -129.7206703910614
 213 -127.7094972067039
 239 -125.6983240223464
 94 -123.6871508379888
 196 -121.6759776536313
 206 -119.6648044692737
 2 -117.6536312849162
 127 -115.6424581005587
 135 -113.6312849162011
 129 -111.6201117318436
 21 -109.608938547486
 36 -107.5977653631285
 31 -105.5865921787709
 17 -103.5754189944134
 3 -101.5642458100559
 0 -99.55307262569832
 3 -97.54189944134077
 6 -95.53072625698323
 8 -93.5195530726257
 8479 -91.50837988826815
 21 -89.49720670391061
 8 -87.48603351955308
 3 -85.47486033519553
 0 -83.46368715083798
 4 -81.45251396648044
 5 -79.44134078212289
 11 -77.43016759776536
 57 -75.41899441340782
 39 -73.40782122905027
 58 -71.39664804469274
 113 -69.38547486033519
 98 -67.37430167597765
 128 -65.3631284916201
 68 -63.35195530726256
 256 -61.34078212290503
 169 -59.32960893854748
 234 -57.31843575418993
 104 -55.3072625698324
 92 -53.29608938547486
 263 -51.28491620111731
 67 -49.27374301675977
 119 -47.26256983240222
 2 -45.25139664804468
 338 -43.24022346368713
 5 -41.22905027932961
 156 -39.21787709497207
 318 -37.20670391061452
 459 -35.19553072625698
 145 -33.18435754189943
 60 -31.17318435754188
 167 -29.16201117318434
 6 -27.15083798882682
 68 -25.13966480446928
 592 -23.12849162011173
 149 -21.11731843575419
 54 -19.10614525139664
 14 -17.09497206703909
 51 -15.08379888268155
 171 -13.072625698324
 13 -11.06145251396646
 595 -9.050279329608941
 2 -7.039106145251395
 163 -5.02793296089385
 25 -3.016759776536304
 1 -1.005586592178759
 24 1.005586592178787
 147 3.016759776536333
 1 5.02793296089385
 615 7.039106145251395
 11 9.050279329608941
 121 11.06145251396649
 40 13.07262569832403
 18 15.08379888268158
 55 17.09497206703912
 143 19.10614525139667
 546 21.11731843575421
 57 23.12849162011173
 78 25.13966480446928
 123 27.15083798882682
 75 29.16201117318437
 202 31.17318435754191
 380 33.18435754189946
 273 35.195530726257
 155 37.20670391061452
 27 39.21787709497207
 280 41.22905027932961
 2 43.24022346368716
 109 45.2513966480447
 80 47.26256983240225
 237 49.27374301675979
 80 51.28491620111734
 183 53.29608938547489
 80 55.3072625698324
 122 57.31843575418995
 273 59.32960893854749
 57 61.34078212290504
 136 63.35195530726259
 72 65.36312849162013
 119 67.37430167597768
 53 69.38547486033519
 31 71.39664804469274
 58 73.40782122905028
 3 75.41899441340783
 8 77.43016759776538
 4 79.44134078212289
 2 81.45251396648047
 4 83.46368715083798
 6 85.47486033519556
 20 87.48603351955308
 7838 89.49720670391065
 8 91.50837988826817
 5 93.51955307262574
 1 95.53072625698326
 0 97.54189944134077
 1 99.55307262569835
 11 101.5642458100559
 18 103.5754189944134
 35 105.586592178771
 27 107.5977653631285
 105 109.608938547486
 124 111.6201117318436
 126 113.6312849162011
 3 115.6424581005587
 201 117.6536312849162
 155 119.6648044692737
 102 121.6759776536313
 170 123.6871508379888
 225 125.6983240223464
 91 127.7094972067039
 179 129.7206703910614
 174 131.731843575419
 2 133.7430167597765
 128 135.7541899441341
 183 137.7653631284916
 113 139.7765363128492
 147 141.7877094972067
 519 143.7988826815642
 111 145.8100558659218
 213 147.8212290502793
 48 149.8324022346369
 153 151.8435754189944
 75 153.854748603352
 557 155.8659217877095
 55 157.8770949720671
 131 159.8882681564246
 55 161.8994413407821
 47 163.9106145251397
 28 165.9217877094972
 149 167.9329608938548
 212 169.9441340782123
 341 171.9553072625699
 2 173.9664804469274
 177 175.9776536312849
 3 177.9888268156425
 0 180


