# Created by Octave 3.8.2, Sun Jun 21 05:52:22 2020 CEST <damian@fptrucha.inv.usc.es>
# name: hd
# type: matrix
# rows: 180
# columns: 2
 0 -180
 159 -177.9888268156425
 4 -175.9776536312849
 357 -173.9664804469274
 217 -171.9553072625698
 139 -169.9441340782123
 25 -167.9329608938548
 36 -165.9217877094972
 59 -163.9106145251397
 160 -161.8994413407821
 44 -159.8882681564246
 581 -157.877094972067
 36 -155.8659217877095
 106 -153.854748603352
 38 -151.8435754189944
 70 -149.8324022346369
 205 -147.8212290502793
 595 -145.8100558659218
 131 -143.7988826815642
 82 -141.7877094972067
 169 -139.7765363128491
 111 -137.7653631284916
 1 -135.7541899441341
 166 -133.7430167597765
 141 -131.731843575419
 70 -129.7206703910614
 208 -127.7094972067039
 234 -125.6983240223464
 91 -123.6871508379888
 162 -121.6759776536313
 177 -119.6648044692737
 1 -117.6536312849162
 92 -115.6424581005587
 113 -113.6312849162011
 141 -111.6201117318436
 13 -109.608938547486
 26 -107.5977653631285
 20 -105.5865921787709
 14 -103.5754189944134
 1 -101.5642458100559
 0 -99.55307262569832
 2 -97.54189944134077
 1 -95.53072625698323
 5 -93.5195530726257
 7965 -91.50837988826815
 8 -89.49720670391061
 2 -87.48603351955308
 1 -85.47486033519553
 2 -83.46368715083798
 0 -81.45251396648044
 8 -79.44134078212289
 9 -77.43016759776536
 47 -75.41899441340782
 19 -73.40782122905027
 59 -71.39664804469274
 107 -69.38547486033519
 60 -67.37430167597765
 112 -65.3631284916201
 41 -63.35195530726256
 286 -61.34078212290503
 150 -59.32960893854748
 216 -57.31843575418993
 72 -55.3072625698324
 75 -53.29608938547486
 215 -51.28491620111731
 44 -49.27374301675977
 106 -47.26256983240222
 2 -45.25139664804468
 263 -43.24022346368713
 3 -41.22905027932961
 155 -39.21787709497207
 327 -37.20670391061452
 446 -35.19553072625698
 103 -33.18435754189943
 62 -31.17318435754188
 148 -29.16201117318434
 8 -27.15083798882682
 46 -25.13966480446928
 634 -23.12849162011173
 134 -21.11731843575419
 32 -19.10614525139664
 6 -17.09497206703909
 49 -15.08379888268155
 130 -13.072625698324
 1 -11.06145251396646
 565 -9.050279329608941
 3 -7.039106145251395
 99 -5.02793296089385
 17 -3.016759776536304
 4 -1.005586592178759
 20 1.005586592178787
 120 3.016759776536333
 4 5.02793296089385
 538 7.039106145251395
 14 9.050279329608941
 103 11.06145251396649
 43 13.07262569832403
 10 15.08379888268158
 61 17.09497206703912
 117 19.10614525139667
 546 21.11731843575421
 59 23.12849162011173
 83 25.13966480446928
 96 27.15083798882682
 54 29.16201117318437
 234 31.17318435754191
 328 33.18435754189946
 217 35.195530726257
 163 37.20670391061452
 34 39.21787709497207
 297 41.22905027932961
 1 43.24022346368716
 119 45.2513966480447
 59 47.26256983240225
 229 49.27374301675979
 68 51.28491620111734
 188 53.29608938547489
 82 55.3072625698324
 130 57.31843575418995
 272 59.32960893854749
 57 61.34078212290504
 106 63.35195530726259
 59 65.36312849162013
 116 67.37430167597768
 53 69.38547486033519
 30 71.39664804469274
 43 73.40782122905028
 5 75.41899441340783
 5 77.43016759776538
 2 79.44134078212289
 1 81.45251396648047
 0 83.46368715083798
 1 85.47486033519556
 1 87.48603351955308
 7533 89.49720670391065
 4 91.50837988826817
 6 93.51955307262574
 1 95.53072625698326
 1 97.54189944134077
 2 99.55307262569835
 10 101.5642458100559
 17 103.5754189944134
 31 105.586592178771
 29 107.5977653631285
 85 109.608938547486
 104 111.6201117318436
 117 113.6312849162011
 0 115.6424581005587
 204 117.6536312849162
 145 119.6648044692737
 96 121.6759776536313
 186 123.6871508379888
 153 125.6983240223464
 88 127.7094972067039
 154 129.7206703910614
 153 131.731843575419
 3 133.7430167597765
 115 135.7541899441341
 173 137.7653631284916
 106 139.7765363128492
 131 141.7877094972067
 423 143.7988826815642
 121 145.8100558659218
 196 147.8212290502793
 43 149.8324022346369
 164 151.8435754189944
 50 153.854748603352
 421 155.8659217877095
 52 157.8770949720671
 113 159.8882681564246
 60 161.8994413407821
 58 163.9106145251397
 18 165.9217877094972
 140 167.9329608938548
 208 169.9441340782123
 336 171.9553072625699
 1 173.9664804469274
 133 175.9776536312849
 2 177.9888268156425
 0 180


