# Created by Octave 3.8.2, Mon Jun 22 11:52:09 2020 CEST <damian@fptrucha.inv.usc.es>
# name: hd
# type: matrix
# rows: 180
# columns: 2
 4 -180
 180 -177.9888268156425
 4 -175.9776536312849
 375 -173.9664804469274
 240 -171.9553072625698
 119 -169.9441340782123
 41 -167.9329608938548
 40 -165.9217877094972
 47 -163.9106145251397
 126 -161.8994413407821
 56 -159.8882681564246
 588 -157.877094972067
 61 -155.8659217877095
 125 -153.854748603352
 48 -151.8435754189944
 78 -149.8324022346369
 236 -147.8212290502793
 549 -145.8100558659218
 143 -143.7988826815642
 99 -141.7877094972067
 163 -139.7765363128491
 112 -137.7653631284916
 2 -135.7541899441341
 182 -133.7430167597765
 142 -131.731843575419
 77 -129.7206703910614
 187 -127.7094972067039
 214 -125.6983240223464
 90 -123.6871508379888
 194 -121.6759776536313
 157 -119.6648044692737
 6 -117.6536312849162
 104 -115.6424581005587
 110 -113.6312849162011
 114 -111.6201117318436
 22 -109.608938547486
 48 -107.5977653631285
 27 -105.5865921787709
 13 -103.5754189944134
 3 -101.5642458100559
 2 -99.55307262569832
 1 -97.54189944134077
 4 -95.53072625698323
 9 -93.5195530726257
 7760 -91.50837988826815
 13 -89.49720670391061
 8 -87.48603351955308
 0 -85.47486033519553
 1 -83.46368715083798
 3 -81.45251396648044
 9 -79.44134078212289
 5 -77.43016759776536
 41 -75.41899441340782
 36 -73.40782122905027
 49 -71.39664804469274
 94 -69.38547486033519
 77 -67.37430167597765
 93 -65.3631284916201
 55 -63.35195530726256
 252 -61.34078212290503
 134 -59.32960893854748
 176 -57.31843575418993
 90 -55.3072625698324
 87 -53.29608938547486
 205 -51.28491620111731
 49 -49.27374301675977
 114 -47.26256983240222
 6 -45.25139664804468
 272 -43.24022346368713
 2 -41.22905027932961
 152 -39.21787709497207
 244 -37.20670391061452
 395 -35.19553072625698
 125 -33.18435754189943
 59 -31.17318435754188
 179 -29.16201117318434
 7 -27.15083798882682
 61 -25.13966480446928
 563 -23.12849162011173
 136 -21.11731843575419
 58 -19.10614525139664
 19 -17.09497206703909
 43 -15.08379888268155
 154 -13.072625698324
 5 -11.06145251396646
 573 -9.050279329608941
 3 -7.039106145251395
 121 -5.02793296089385
 23 -3.016759776536304
 3 -1.005586592178759
 16 1.005586592178787
 134 3.016759776536333
 1 5.02793296089385
 521 7.039106145251395
 7 9.050279329608941
 167 11.06145251396649
 38 13.07262569832403
 11 15.08379888268158
 52 17.09497206703912
 133 19.10614525139667
 530 21.11731843575421
 63 23.12849162011173
 84 25.13966480446928
 124 27.15083798882682
 67 29.16201117318437
 190 31.17318435754191
 317 33.18435754189946
 217 35.195530726257
 135 37.20670391061452
 41 39.21787709497207
 282 41.22905027932961
 0 43.24022346368716
 108 45.2513966480447
 57 47.26256983240225
 235 49.27374301675979
 86 51.28491620111734
 190 53.29608938547489
 82 55.3072625698324
 147 57.31843575418995
 269 59.32960893854749
 73 61.34078212290504
 123 63.35195530726259
 77 65.36312849162013
 106 67.37430167597768
 55 69.38547486033519
 23 71.39664804469274
 43 73.40782122905028
 12 75.41899441340783
 7 77.43016759776538
 1 79.44134078212289
 1 81.45251396648047
 0 83.46368715083798
 11 85.47486033519556
 15 87.48603351955308
 7540 89.49720670391065
 11 91.50837988826817
 8 93.51955307262574
 2 95.53072625698326
 0 97.54189944134077
 1 99.55307262569835
 16 101.5642458100559
 21 103.5754189944134
 48 105.586592178771
 23 107.5977653631285
 103 109.608938547486
 115 111.6201117318436
 125 113.6312849162011
 3 115.6424581005587
 205 117.6536312849162
 169 119.6648044692737
 114 121.6759776536313
 197 123.6871508379888
 181 125.6983240223464
 81 127.7094972067039
 158 129.7206703910614
 180 131.731843575419
 4 133.7430167597765
 110 135.7541899441341
 160 137.7653631284916
 113 139.7765363128492
 131 141.7877094972067
 484 143.7988826815642
 132 145.8100558659218
 204 147.8212290502793
 59 149.8324022346369
 146 151.8435754189944
 54 153.854748603352
 505 155.8659217877095
 55 157.8770949720671
 131 159.8882681564246
 67 161.8994413407821
 60 163.9106145251397
 20 165.9217877094972
 137 167.9329608938548
 221 169.9441340782123
 352 171.9553072625699
 4 173.9664804469274
 161 175.9776536312849
 2 177.9888268156425
 0 180


