# Created by Octave 3.8.2, Mon Jun 22 03:07:46 2020 CEST <damian@fptrucha.inv.usc.es>
# name: hd
# type: matrix
# rows: 180
# columns: 2
 6 -180
 155 -177.9888268156425
 1 -175.9776536312849
 317 -173.9664804469274
 213 -171.9553072625698
 135 -169.9441340782123
 30 -167.9329608938548
 51 -165.9217877094972
 72 -163.9106145251397
 143 -161.8994413407821
 51 -159.8882681564246
 509 -157.877094972067
 70 -155.8659217877095
 123 -153.854748603352
 38 -151.8435754189944
 63 -149.8324022346369
 231 -147.8212290502793
 494 -145.8100558659218
 116 -143.7988826815642
 77 -141.7877094972067
 170 -139.7765363128491
 116 -137.7653631284916
 6 -135.7541899441341
 144 -133.7430167597765
 158 -131.731843575419
 61 -129.7206703910614
 164 -127.7094972067039
 197 -125.6983240223464
 96 -123.6871508379888
 157 -121.6759776536313
 195 -119.6648044692737
 6 -117.6536312849162
 102 -115.6424581005587
 119 -113.6312849162011
 113 -111.6201117318436
 23 -109.608938547486
 32 -107.5977653631285
 20 -105.5865921787709
 15 -103.5754189944134
 2 -101.5642458100559
 1 -99.55307262569832
 3 -97.54189944134077
 3 -95.53072625698323
 17 -93.5195530726257
 7384 -91.50837988826815
 11 -89.49720670391061
 2 -87.48603351955308
 3 -85.47486033519553
 0 -83.46368715083798
 5 -81.45251396648044
 8 -79.44134078212289
 5 -77.43016759776536
 59 -75.41899441340782
 33 -73.40782122905027
 47 -71.39664804469274
 106 -69.38547486033519
 73 -67.37430167597765
 117 -65.3631284916201
 64 -63.35195530726256
 242 -61.34078212290503
 149 -59.32960893854748
 180 -57.31843575418993
 95 -55.3072625698324
 71 -53.29608938547486
 203 -51.28491620111731
 58 -49.27374301675977
 93 -47.26256983240222
 4 -45.25139664804468
 270 -43.24022346368713
 5 -41.22905027932961
 163 -39.21787709497207
 277 -37.20670391061452
 460 -35.19553072625698
 116 -33.18435754189943
 64 -31.17318435754188
 144 -29.16201117318434
 7 -27.15083798882682
 63 -25.13966480446928
 526 -23.12849162011173
 112 -21.11731843575419
 60 -19.10614525139664
 10 -17.09497206703909
 49 -15.08379888268155
 148 -13.072625698324
 16 -11.06145251396646
 574 -9.050279329608941
 3 -7.039106145251395
 131 -5.02793296089385
 27 -3.016759776536304
 4 -1.005586592178759
 20 1.005586592178787
 123 3.016759776536333
 5 5.02793296089385
 494 7.039106145251395
 13 9.050279329608941
 134 11.06145251396649
 50 13.07262569832403
 8 15.08379888268158
 61 17.09497206703912
 122 19.10614525139667
 509 21.11731843575421
 51 23.12849162011173
 69 25.13966480446928
 100 27.15083798882682
 55 29.16201117318437
 194 31.17318435754191
 342 33.18435754189946
 222 35.195530726257
 129 37.20670391061452
 30 39.21787709497207
 262 41.22905027932961
 5 43.24022346368716
 96 45.2513966480447
 59 47.26256983240225
 210 49.27374301675979
 68 51.28491620111734
 194 53.29608938547489
 75 55.3072625698324
 134 57.31843575418995
 274 59.32960893854749
 67 61.34078212290504
 103 63.35195530726259
 74 65.36312849162013
 127 67.37430167597768
 33 69.38547486033519
 29 71.39664804469274
 59 73.40782122905028
 7 75.41899441340783
 7 77.43016759776538
 4 79.44134078212289
 2 81.45251396648047
 0 83.46368715083798
 7 85.47486033519556
 19 87.48603351955308
 7051 89.49720670391065
 9 91.50837988826817
 8 93.51955307262574
 2 95.53072625698326
 1 97.54189944134077
 2 99.55307262569835
 14 101.5642458100559
 30 103.5754189944134
 36 105.586592178771
 30 107.5977653631285
 111 109.608938547486
 117 111.6201117318436
 96 113.6312849162011
 4 115.6424581005587
 197 117.6536312849162
 146 119.6648044692737
 78 121.6759776536313
 188 123.6871508379888
 155 125.6983240223464
 74 127.7094972067039
 165 129.7206703910614
 221 131.731843575419
 4 133.7430167597765
 95 135.7541899441341
 169 137.7653631284916
 113 139.7765363128492
 99 141.7877094972067
 422 143.7988826815642
 117 145.8100558659218
 190 147.8212290502793
 37 149.8324022346369
 143 151.8435754189944
 65 153.854748603352
 457 155.8659217877095
 53 157.8770949720671
 119 159.8882681564246
 68 161.8994413407821
 44 163.9106145251397
 22 165.9217877094972
 138 167.9329608938548
 179 169.9441340782123
 310 171.9553072625699
 6 173.9664804469274
 146 175.9776536312849
 6 177.9888268156425
 0 180


