# Created by Octave 3.8.2, Mon Jun 22 05:28:39 2020 CEST <damian@fptrucha.inv.usc.es>
# name: hd
# type: matrix
# rows: 180
# columns: 2
 7 -180
 161 -177.9888268156425
 7 -175.9776536312849
 350 -173.9664804469274
 219 -171.9553072625698
 159 -169.9441340782123
 36 -167.9329608938548
 55 -165.9217877094972
 64 -163.9106145251397
 124 -161.8994413407821
 45 -159.8882681564246
 539 -157.877094972067
 58 -155.8659217877095
 132 -153.854748603352
 39 -151.8435754189944
 60 -149.8324022346369
 200 -147.8212290502793
 460 -145.8100558659218
 130 -143.7988826815642
 86 -141.7877094972067
 164 -139.7765363128491
 108 -137.7653631284916
 3 -135.7541899441341
 166 -133.7430167597765
 170 -131.731843575419
 81 -129.7206703910614
 180 -127.7094972067039
 202 -125.6983240223464
 100 -123.6871508379888
 207 -121.6759776536313
 193 -119.6648044692737
 4 -117.6536312849162
 112 -115.6424581005587
 123 -113.6312849162011
 109 -111.6201117318436
 19 -109.608938547486
 50 -107.5977653631285
 23 -105.5865921787709
 17 -103.5754189944134
 3 -101.5642458100559
 1 -99.55307262569832
 3 -97.54189944134077
 2 -95.53072625698323
 11 -93.5195530726257
 7423 -91.50837988826815
 16 -89.49720670391061
 7 -87.48603351955308
 2 -85.47486033519553
 1 -83.46368715083798
 4 -81.45251396648044
 13 -79.44134078212289
 9 -77.43016759776536
 58 -75.41899441340782
 34 -73.40782122905027
 41 -71.39664804469274
 105 -69.38547486033519
 84 -67.37430167597765
 121 -65.3631284916201
 57 -63.35195530726256
 281 -61.34078212290503
 143 -59.32960893854748
 194 -57.31843575418993
 101 -55.3072625698324
 85 -53.29608938547486
 238 -51.28491620111731
 67 -49.27374301675977
 106 -47.26256983240222
 2 -45.25139664804468
 271 -43.24022346368713
 6 -41.22905027932961
 156 -39.21787709497207
 280 -37.20670391061452
 403 -35.19553072625698
 134 -33.18435754189943
 58 -31.17318435754188
 183 -29.16201117318434
 12 -27.15083798882682
 59 -25.13966480446928
 560 -23.12849162011173
 126 -21.11731843575419
 55 -19.10614525139664
 14 -17.09497206703909
 41 -15.08379888268155
 139 -13.072625698324
 12 -11.06145251396646
 469 -9.050279329608941
 3 -7.039106145251395
 115 -5.02793296089385
 23 -3.016759776536304
 2 -1.005586592178759
 20 1.005586592178787
 111 3.016759776536333
 5 5.02793296089385
 502 7.039106145251395
 12 9.050279329608941
 128 11.06145251396649
 47 13.07262569832403
 14 15.08379888268158
 47 17.09497206703912
 117 19.10614525139667
 463 21.11731843575421
 60 23.12849162011173
 79 25.13966480446928
 102 27.15083798882682
 72 29.16201117318437
 207 31.17318435754191
 311 33.18435754189946
 227 35.195530726257
 120 37.20670391061452
 37 39.21787709497207
 308 41.22905027932961
 5 43.24022346368716
 122 45.2513966480447
 42 47.26256983240225
 242 49.27374301675979
 73 51.28491620111734
 184 53.29608938547489
 72 55.3072625698324
 127 57.31843575418995
 253 59.32960893854749
 61 61.34078212290504
 114 63.35195530726259
 68 65.36312849162013
 101 67.37430167597768
 54 69.38547486033519
 33 71.39664804469274
 47 73.40782122905028
 9 75.41899441340783
 7 77.43016759776538
 4 79.44134078212289
 1 81.45251396648047
 5 83.46368715083798
 6 85.47486033519556
 12 87.48603351955308
 6874 89.49720670391065
 9 91.50837988826817
 4 93.51955307262574
 0 95.53072625698326
 0 97.54189944134077
 4 99.55307262569835
 19 101.5642458100559
 23 103.5754189944134
 40 105.586592178771
 18 107.5977653631285
 119 109.608938547486
 117 111.6201117318436
 125 113.6312849162011
 4 115.6424581005587
 189 117.6536312849162
 171 119.6648044692737
 64 121.6759776536313
 175 123.6871508379888
 184 125.6983240223464
 73 127.7094972067039
 160 129.7206703910614
 162 131.731843575419
 2 133.7430167597765
 127 135.7541899441341
 151 137.7653631284916
 98 139.7765363128492
 109 141.7877094972067
 492 143.7988826815642
 132 145.8100558659218
 188 147.8212290502793
 48 149.8324022346369
 123 151.8435754189944
 53 153.854748603352
 457 155.8659217877095
 46 157.8770949720671
 121 159.8882681564246
 61 161.8994413407821
 51 163.9106145251397
 19 165.9217877094972
 129 167.9329608938548
 219 169.9441340782123
 365 171.9553072625699
 2 173.9664804469274
 150 175.9776536312849
 2 177.9888268156425
 0 180


