# Created by Octave 3.8.2, Mon Jun 22 10:32:01 2020 CEST <damian@fptrucha.inv.usc.es>
# name: hd
# type: matrix
# rows: 180
# columns: 2
 11 -180
 185 -177.9888268156425
 2 -175.9776536312849
 339 -173.9664804469274
 250 -171.9553072625698
 131 -169.9441340782123
 32 -167.9329608938548
 52 -165.9217877094972
 59 -163.9106145251397
 165 -161.8994413407821
 44 -159.8882681564246
 544 -157.877094972067
 75 -155.8659217877095
 156 -153.854748603352
 48 -151.8435754189944
 76 -149.8324022346369
 225 -147.8212290502793
 580 -145.8100558659218
 118 -143.7988826815642
 86 -141.7877094972067
 156 -139.7765363128491
 97 -137.7653631284916
 1 -135.7541899441341
 179 -133.7430167597765
 159 -131.731843575419
 88 -129.7206703910614
 183 -127.7094972067039
 226 -125.6983240223464
 96 -123.6871508379888
 156 -121.6759776536313
 181 -119.6648044692737
 1 -117.6536312849162
 131 -115.6424581005587
 130 -113.6312849162011
 122 -111.6201117318436
 21 -109.608938547486
 34 -107.5977653631285
 31 -105.5865921787709
 8 -103.5754189944134
 2 -101.5642458100559
 0 -99.55307262569832
 2 -97.54189944134077
 1 -95.53072625698323
 12 -93.5195530726257
 7736 -91.50837988826815
 19 -89.49720670391061
 6 -87.48603351955308
 1 -85.47486033519553
 1 -83.46368715083798
 2 -81.45251396648044
 11 -79.44134078212289
 4 -77.43016759776536
 51 -75.41899441340782
 30 -73.40782122905027
 57 -71.39664804469274
 112 -69.38547486033519
 71 -67.37430167597765
 101 -65.3631284916201
 60 -63.35195530726256
 253 -61.34078212290503
 136 -59.32960893854748
 229 -57.31843575418993
 105 -55.3072625698324
 77 -53.29608938547486
 217 -51.28491620111731
 56 -49.27374301675977
 113 -47.26256983240222
 2 -45.25139664804468
 255 -43.24022346368713
 3 -41.22905027932961
 148 -39.21787709497207
 286 -37.20670391061452
 433 -35.19553072625698
 120 -33.18435754189943
 47 -31.17318435754188
 155 -29.16201117318434
 8 -27.15083798882682
 70 -25.13966480446928
 549 -23.12849162011173
 129 -21.11731843575419
 62 -19.10614525139664
 11 -17.09497206703909
 41 -15.08379888268155
 157 -13.072625698324
 8 -11.06145251396646
 577 -9.050279329608941
 4 -7.039106145251395
 141 -5.02793296089385
 26 -3.016759776536304
 2 -1.005586592178759
 30 1.005586592178787
 116 3.016759776536333
 4 5.02793296089385
 524 7.039106145251395
 8 9.050279329608941
 170 11.06145251396649
 52 13.07262569832403
 8 15.08379888268158
 69 17.09497206703912
 104 19.10614525139667
 541 21.11731843575421
 74 23.12849162011173
 79 25.13966480446928
 95 27.15083798882682
 63 29.16201117318437
 181 31.17318435754191
 388 33.18435754189946
 290 35.195530726257
 144 37.20670391061452
 37 39.21787709497207
 294 41.22905027932961
 6 43.24022346368716
 122 45.2513966480447
 72 47.26256983240225
 222 49.27374301675979
 86 51.28491620111734
 175 53.29608938547489
 81 55.3072625698324
 147 57.31843575418995
 236 59.32960893854749
 57 61.34078212290504
 128 63.35195530726259
 74 65.36312849162013
 105 67.37430167597768
 44 69.38547486033519
 25 71.39664804469274
 53 73.40782122905028
 5 75.41899441340783
 9 77.43016759776538
 6 79.44134078212289
 2 81.45251396648047
 1 83.46368715083798
 8 85.47486033519556
 16 87.48603351955308
 7521 89.49720670391065
 8 91.50837988826817
 3 93.51955307262574
 3 95.53072625698326
 2 97.54189944134077
 5 99.55307262569835
 18 101.5642458100559
 33 103.5754189944134
 17 105.586592178771
 23 107.5977653631285
 132 109.608938547486
 106 111.6201117318436
 126 113.6312849162011
 3 115.6424581005587
 197 117.6536312849162
 163 119.6648044692737
 100 121.6759776536313
 170 123.6871508379888
 183 125.6983240223464
 71 127.7094972067039
 158 129.7206703910614
 181 131.731843575419
 3 133.7430167597765
 103 135.7541899441341
 181 137.7653631284916
 88 139.7765363128492
 133 141.7877094972067
 553 143.7988826815642
 125 145.8100558659218
 188 147.8212290502793
 49 149.8324022346369
 118 151.8435754189944
 79 153.854748603352
 519 155.8659217877095
 44 157.8770949720671
 141 159.8882681564246
 69 161.8994413407821
 59 163.9106145251397
 21 165.9217877094972
 135 167.9329608938548
 220 169.9441340782123
 328 171.9553072625699
 4 173.9664804469274
 151 175.9776536312849
 5 177.9888268156425
 0 180


