# Created by Octave 3.8.2, Sun Jun 21 03:38:57 2020 CEST <damian@fptrucha.inv.usc.es>
# name: hd
# type: matrix
# rows: 180
# columns: 2
 2 -180
 155 -177.9888268156425
 5 -175.9776536312849
 390 -173.9664804469274
 206 -171.9553072625698
 158 -169.9441340782123
 24 -167.9329608938548
 36 -165.9217877094972
 52 -163.9106145251397
 132 -161.8994413407821
 35 -159.8882681564246
 595 -157.877094972067
 63 -155.8659217877095
 123 -153.854748603352
 48 -151.8435754189944
 61 -149.8324022346369
 189 -147.8212290502793
 675 -145.8100558659218
 130 -143.7988826815642
 97 -141.7877094972067
 178 -139.7765363128491
 96 -137.7653631284916
 2 -135.7541899441341
 178 -133.7430167597765
 127 -131.731843575419
 67 -129.7206703910614
 183 -127.7094972067039
 210 -125.6983240223464
 106 -123.6871508379888
 191 -121.6759776536313
 175 -119.6648044692737
 2 -117.6536312849162
 112 -115.6424581005587
 114 -113.6312849162011
 100 -111.6201117318436
 22 -109.608938547486
 39 -107.5977653631285
 20 -105.5865921787709
 10 -103.5754189944134
 2 -101.5642458100559
 0 -99.55307262569832
 0 -97.54189944134077
 3 -95.53072625698323
 9 -93.5195530726257
 7924 -91.50837988826815
 4 -89.49720670391061
 1 -87.48603351955308
 1 -85.47486033519553
 1 -83.46368715083798
 3 -81.45251396648044
 7 -79.44134078212289
 4 -77.43016759776536
 40 -75.41899441340782
 18 -73.40782122905027
 53 -71.39664804469274
 125 -69.38547486033519
 61 -67.37430167597765
 103 -65.3631284916201
 42 -63.35195530726256
 274 -61.34078212290503
 148 -59.32960893854748
 205 -57.31843575418993
 92 -55.3072625698324
 88 -53.29608938547486
 254 -51.28491620111731
 40 -49.27374301675977
 105 -47.26256983240222
 1 -45.25139664804468
 255 -43.24022346368713
 2 -41.22905027932961
 180 -39.21787709497207
 313 -37.20670391061452
 459 -35.19553072625698
 108 -33.18435754189943
 62 -31.17318435754188
 140 -29.16201117318434
 16 -27.15083798882682
 66 -25.13966480446928
 636 -23.12849162011173
 148 -21.11731843575419
 50 -19.10614525139664
 10 -17.09497206703909
 33 -15.08379888268155
 162 -13.072625698324
 7 -11.06145251396646
 553 -9.050279329608941
 1 -7.039106145251395
 121 -5.02793296089385
 15 -3.016759776536304
 0 -1.005586592178759
 15 1.005586592178787
 122 3.016759776536333
 4 5.02793296089385
 563 7.039106145251395
 10 9.050279329608941
 123 11.06145251396649
 47 13.07262569832403
 11 15.08379888268158
 57 17.09497206703912
 120 19.10614525139667
 503 21.11731843575421
 60 23.12849162011173
 87 25.13966480446928
 115 27.15083798882682
 62 29.16201117318437
 222 31.17318435754191
 302 33.18435754189946
 236 35.195530726257
 159 37.20670391061452
 38 39.21787709497207
 269 41.22905027932961
 2 43.24022346368716
 123 45.2513966480447
 60 47.26256983240225
 224 49.27374301675979
 79 51.28491620111734
 200 53.29608938547489
 87 55.3072625698324
 144 57.31843575418995
 255 59.32960893854749
 62 61.34078212290504
 114 63.35195530726259
 82 65.36312849162013
 118 67.37430167597768
 42 69.38547486033519
 39 71.39664804469274
 48 73.40782122905028
 5 75.41899441340783
 8 77.43016759776538
 1 79.44134078212289
 0 81.45251396648047
 0 83.46368715083798
 5 85.47486033519556
 6 87.48603351955308
 7424 89.49720670391065
 2 91.50837988826817
 2 93.51955307262574
 1 95.53072625698326
 1 97.54189944134077
 3 99.55307262569835
 15 101.5642458100559
 28 103.5754189944134
 36 105.586592178771
 19 107.5977653631285
 79 109.608938547486
 120 111.6201117318436
 102 113.6312849162011
 7 115.6424581005587
 210 117.6536312849162
 165 119.6648044692737
 87 121.6759776536313
 174 123.6871508379888
 146 125.6983240223464
 80 127.7094972067039
 159 129.7206703910614
 156 131.731843575419
 2 133.7430167597765
 116 135.7541899441341
 203 137.7653631284916
 101 139.7765363128492
 140 141.7877094972067
 451 143.7988826815642
 115 145.8100558659218
 176 147.8212290502793
 43 149.8324022346369
 160 151.8435754189944
 75 153.854748603352
 458 155.8659217877095
 51 157.8770949720671
 118 159.8882681564246
 76 161.8994413407821
 44 163.9106145251397
 17 165.9217877094972
 113 167.9329608938548
 213 169.9441340782123
 341 171.9553072625699
 2 173.9664804469274
 142 175.9776536312849
 5 177.9888268156425
 0 180


