# Created by Octave 3.8.2, Sat Jun 20 09:18:59 2020 CEST <damian@fptrucha.inv.usc.es>
# name: hd
# type: matrix
# rows: 180
# columns: 2
 1 -180
 163 -177.9888268156425
 7 -175.9776536312849
 413 -173.9664804469274
 270 -171.9553072625698
 175 -169.9441340782123
 31 -167.9329608938548
 36 -165.9217877094972
 70 -163.9106145251397
 182 -161.8994413407821
 42 -159.8882681564246
 752 -157.877094972067
 66 -155.8659217877095
 152 -153.854748603352
 49 -151.8435754189944
 90 -149.8324022346369
 234 -147.8212290502793
 716 -145.8100558659218
 134 -143.7988826815642
 97 -141.7877094972067
 186 -139.7765363128491
 99 -137.7653631284916
 2 -135.7541899441341
 188 -133.7430167597765
 193 -131.731843575419
 95 -129.7206703910614
 220 -127.7094972067039
 249 -125.6983240223464
 113 -123.6871508379888
 218 -121.6759776536313
 216 -119.6648044692737
 7 -117.6536312849162
 119 -115.6424581005587
 130 -113.6312849162011
 139 -111.6201117318436
 19 -109.608938547486
 37 -107.5977653631285
 30 -105.5865921787709
 11 -103.5754189944134
 1 -101.5642458100559
 0 -99.55307262569832
 3 -97.54189944134077
 5 -95.53072625698323
 7 -93.5195530726257
 9186 -91.50837988826815
 11 -89.49720670391061
 5 -87.48603351955308
 4 -85.47486033519553
 1 -83.46368715083798
 3 -81.45251396648044
 6 -79.44134078212289
 11 -77.43016759776536
 45 -75.41899441340782
 38 -73.40782122905027
 53 -71.39664804469274
 113 -69.38547486033519
 72 -67.37430167597765
 103 -65.3631284916201
 52 -63.35195530726256
 327 -61.34078212290503
 175 -59.32960893854748
 274 -57.31843575418993
 116 -55.3072625698324
 76 -53.29608938547486
 243 -51.28491620111731
 67 -49.27374301675977
 132 -47.26256983240222
 1 -45.25139664804468
 321 -43.24022346368713
 3 -41.22905027932961
 170 -39.21787709497207
 352 -37.20670391061452
 514 -35.19553072625698
 110 -33.18435754189943
 73 -31.17318435754188
 148 -29.16201117318434
 7 -27.15083798882682
 61 -25.13966480446928
 709 -23.12849162011173
 161 -21.11731843575419
 56 -19.10614525139664
 8 -17.09497206703909
 35 -15.08379888268155
 186 -13.072625698324
 7 -11.06145251396646
 668 -9.050279329608941
 1 -7.039106145251395
 139 -5.02793296089385
 17 -3.016759776536304
 2 -1.005586592178759
 20 1.005586592178787
 140 3.016759776536333
 3 5.02793296089385
 604 7.039106145251395
 8 9.050279329608941
 171 11.06145251396649
 52 13.07262569832403
 13 15.08379888268158
 82 17.09497206703912
 120 19.10614525139667
 588 21.11731843575421
 64 23.12849162011173
 106 25.13966480446928
 141 27.15083798882682
 76 29.16201117318437
 257 31.17318435754191
 358 33.18435754189946
 240 35.195530726257
 182 37.20670391061452
 43 39.21787709497207
 352 41.22905027932961
 0 43.24022346368716
 152 45.2513966480447
 84 47.26256983240225
 262 49.27374301675979
 79 51.28491620111734
 223 53.29608938547489
 97 55.3072625698324
 152 57.31843575418995
 310 59.32960893854749
 79 61.34078212290504
 124 63.35195530726259
 79 65.36312849162013
 122 67.37430167597768
 56 69.38547486033519
 41 71.39664804469274
 47 73.40782122905028
 4 75.41899441340783
 10 77.43016759776538
 1 79.44134078212289
 1 81.45251396648047
 1 83.46368715083798
 0 85.47486033519556
 17 87.48603351955308
 8645 89.49720670391065
 9 91.50837988826817
 3 93.51955307262574
 1 95.53072625698326
 1 97.54189944134077
 1 99.55307262569835
 16 101.5642458100559
 27 103.5754189944134
 38 105.586592178771
 27 107.5977653631285
 117 109.608938547486
 144 111.6201117318436
 155 113.6312849162011
 9 115.6424581005587
 240 117.6536312849162
 198 119.6648044692737
 111 121.6759776536313
 198 123.6871508379888
 237 125.6983240223464
 76 127.7094972067039
 154 129.7206703910614
 220 131.731843575419
 1 133.7430167597765
 150 135.7541899441341
 204 137.7653631284916
 113 139.7765363128492
 181 141.7877094972067
 566 143.7988826815642
 152 145.8100558659218
 246 147.8212290502793
 36 149.8324022346369
 191 151.8435754189944
 83 153.854748603352
 550 155.8659217877095
 44 157.8770949720671
 137 159.8882681564246
 79 161.8994413407821
 55 163.9106145251397
 20 165.9217877094972
 144 167.9329608938548
 260 169.9441340782123
 395 171.9553072625699
 2 173.9664804469274
 173 175.9776536312849
 3 177.9888268156425
 0 180


