# Created by Octave 3.8.2, Mon Jun 22 05:58:20 2020 CEST <damian@fptrucha.inv.usc.es>
# name: hd
# type: matrix
# rows: 180
# columns: 2
 5 -180
 162 -177.9888268156425
 4 -175.9776536312849
 333 -173.9664804469274
 241 -171.9553072625698
 129 -169.9441340782123
 32 -167.9329608938548
 51 -165.9217877094972
 64 -163.9106145251397
 142 -161.8994413407821
 36 -159.8882681564246
 496 -157.877094972067
 72 -155.8659217877095
 134 -153.854748603352
 40 -151.8435754189944
 71 -149.8324022346369
 212 -147.8212290502793
 562 -145.8100558659218
 93 -143.7988826815642
 89 -141.7877094972067
 156 -139.7765363128491
 139 -137.7653631284916
 5 -135.7541899441341
 163 -133.7430167597765
 148 -131.731843575419
 77 -129.7206703910614
 178 -127.7094972067039
 181 -125.6983240223464
 88 -123.6871508379888
 163 -121.6759776536313
 176 -119.6648044692737
 6 -117.6536312849162
 108 -115.6424581005587
 108 -113.6312849162011
 128 -111.6201117318436
 15 -109.608938547486
 43 -107.5977653631285
 18 -105.5865921787709
 10 -103.5754189944134
 3 -101.5642458100559
 3 -99.55307262569832
 3 -97.54189944134077
 4 -95.53072625698323
 2 -93.5195530726257
 7379 -91.50837988826815
 16 -89.49720670391061
 3 -87.48603351955308
 2 -85.47486033519553
 0 -83.46368715083798
 1 -81.45251396648044
 8 -79.44134078212289
 7 -77.43016759776536
 61 -75.41899441340782
 24 -73.40782122905027
 42 -71.39664804469274
 102 -69.38547486033519
 73 -67.37430167597765
 105 -65.3631284916201
 57 -63.35195530726256
 251 -61.34078212290503
 142 -59.32960893854748
 198 -57.31843575418993
 94 -55.3072625698324
 82 -53.29608938547486
 215 -51.28491620111731
 60 -49.27374301675977
 123 -47.26256983240222
 4 -45.25139664804468
 262 -43.24022346368713
 3 -41.22905027932961
 147 -39.21787709497207
 276 -37.20670391061452
 412 -35.19553072625698
 159 -33.18435754189943
 66 -31.17318435754188
 147 -29.16201117318434
 11 -27.15083798882682
 56 -25.13966480446928
 514 -23.12849162011173
 119 -21.11731843575419
 46 -19.10614525139664
 8 -17.09497206703909
 41 -15.08379888268155
 152 -13.072625698324
 7 -11.06145251396646
 508 -9.050279329608941
 1 -7.039106145251395
 126 -5.02793296089385
 23 -3.016759776536304
 3 -1.005586592178759
 17 1.005586592178787
 124 3.016759776536333
 4 5.02793296089385
 519 7.039106145251395
 9 9.050279329608941
 129 11.06145251396649
 52 13.07262569832403
 10 15.08379888268158
 54 17.09497206703912
 115 19.10614525139667
 520 21.11731843575421
 57 23.12849162011173
 70 25.13966480446928
 79 27.15083798882682
 59 29.16201117318437
 163 31.17318435754191
 335 33.18435754189946
 220 35.195530726257
 144 37.20670391061452
 36 39.21787709497207
 260 41.22905027932961
 5 43.24022346368716
 113 45.2513966480447
 59 47.26256983240225
 198 49.27374301675979
 86 51.28491620111734
 181 53.29608938547489
 74 55.3072625698324
 125 57.31843575418995
 263 59.32960893854749
 55 61.34078212290504
 108 63.35195530726259
 89 65.36312849162013
 93 67.37430167597768
 57 69.38547486033519
 28 71.39664804469274
 54 73.40782122905028
 8 75.41899441340783
 14 77.43016759776538
 4 79.44134078212289
 2 81.45251396648047
 3 83.46368715083798
 6 85.47486033519556
 13 87.48603351955308
 7134 89.49720670391065
 15 91.50837988826817
 3 93.51955307262574
 1 95.53072625698326
 2 97.54189944134077
 6 99.55307262569835
 15 101.5642458100559
 23 103.5754189944134
 39 105.586592178771
 20 107.5977653631285
 96 109.608938547486
 126 111.6201117318436
 132 113.6312849162011
 6 115.6424581005587
 205 117.6536312849162
 171 119.6648044692737
 90 121.6759776536313
 146 123.6871508379888
 157 125.6983240223464
 75 127.7094972067039
 143 129.7206703910614
 167 131.731843575419
 2 133.7430167597765
 126 135.7541899441341
 159 137.7653631284916
 102 139.7765363128492
 128 141.7877094972067
 482 143.7988826815642
 118 145.8100558659218
 232 147.8212290502793
 36 149.8324022346369
 113 151.8435754189944
 52 153.854748603352
 463 155.8659217877095
 39 157.8770949720671
 130 159.8882681564246
 57 161.8994413407821
 49 163.9106145251397
 18 165.9217877094972
 154 167.9329608938548
 210 169.9441340782123
 366 171.9553072625699
 7 173.9664804469274
 155 175.9776536312849
 3 177.9888268156425
 0 180


