# Created by Octave 3.8.2, Sat Jun 20 21:37:26 2020 CEST <damian@fptrucha.inv.usc.es>
# name: hd
# type: matrix
# rows: 180
# columns: 2
 2 -180
 168 -177.9888268156425
 3 -175.9776536312849
 402 -173.9664804469274
 223 -171.9553072625698
 142 -169.9441340782123
 27 -167.9329608938548
 42 -165.9217877094972
 42 -163.9106145251397
 155 -161.8994413407821
 32 -159.8882681564246
 615 -157.877094972067
 46 -155.8659217877095
 118 -153.854748603352
 36 -151.8435754189944
 59 -149.8324022346369
 201 -147.8212290502793
 645 -145.8100558659218
 130 -143.7988826815642
 85 -141.7877094972067
 161 -139.7765363128491
 99 -137.7653631284916
 2 -135.7541899441341
 164 -133.7430167597765
 145 -131.731843575419
 68 -129.7206703910614
 189 -127.7094972067039
 243 -125.6983240223464
 117 -123.6871508379888
 191 -121.6759776536313
 188 -119.6648044692737
 2 -117.6536312849162
 92 -115.6424581005587
 122 -113.6312849162011
 112 -111.6201117318436
 16 -109.608938547486
 36 -107.5977653631285
 16 -105.5865921787709
 13 -103.5754189944134
 4 -101.5642458100559
 0 -99.55307262569832
 2 -97.54189944134077
 1 -95.53072625698323
 7 -93.5195530726257
 7900 -91.50837988826815
 12 -89.49720670391061
 1 -87.48603351955308
 0 -85.47486033519553
 0 -83.46368715083798
 1 -81.45251396648044
 4 -79.44134078212289
 9 -77.43016759776536
 44 -75.41899441340782
 12 -73.40782122905027
 47 -71.39664804469274
 111 -69.38547486033519
 62 -67.37430167597765
 90 -65.3631284916201
 41 -63.35195530726256
 234 -61.34078212290503
 135 -59.32960893854748
 211 -57.31843575418993
 86 -55.3072625698324
 70 -53.29608938547486
 226 -51.28491620111731
 41 -49.27374301675977
 111 -47.26256983240222
 0 -45.25139664804468
 251 -43.24022346368713
 2 -41.22905027932961
 141 -39.21787709497207
 303 -37.20670391061452
 433 -35.19553072625698
 97 -33.18435754189943
 37 -31.17318435754188
 138 -29.16201117318434
 6 -27.15083798882682
 49 -25.13966480446928
 654 -23.12849162011173
 142 -21.11731843575419
 55 -19.10614525139664
 10 -17.09497206703909
 35 -15.08379888268155
 152 -13.072625698324
 7 -11.06145251396646
 541 -9.050279329608941
 5 -7.039106145251395
 125 -5.02793296089385
 19 -3.016759776536304
 2 -1.005586592178759
 13 1.005586592178787
 139 3.016759776536333
 0 5.02793296089385
 592 7.039106145251395
 12 9.050279329608941
 127 11.06145251396649
 48 13.07262569832403
 12 15.08379888268158
 53 17.09497206703912
 109 19.10614525139667
 566 21.11731843575421
 53 23.12849162011173
 82 25.13966480446928
 98 27.15083798882682
 46 29.16201117318437
 199 31.17318435754191
 312 33.18435754189946
 213 35.195530726257
 154 37.20670391061452
 34 39.21787709497207
 294 41.22905027932961
 1 43.24022346368716
 107 45.2513966480447
 53 47.26256983240225
 236 49.27374301675979
 76 51.28491620111734
 193 53.29608938547489
 65 55.3072625698324
 134 57.31843575418995
 255 59.32960893854749
 62 61.34078212290504
 102 63.35195530726259
 77 65.36312849162013
 112 67.37430167597768
 44 69.38547486033519
 32 71.39664804469274
 36 73.40782122905028
 9 75.41899441340783
 3 77.43016759776538
 4 79.44134078212289
 1 81.45251396648047
 2 83.46368715083798
 2 85.47486033519556
 5 87.48603351955308
 7535 89.49720670391065
 5 91.50837988826817
 3 93.51955307262574
 0 95.53072625698326
 0 97.54189944134077
 4 99.55307262569835
 7 101.5642458100559
 25 103.5754189944134
 38 105.586592178771
 24 107.5977653631285
 105 109.608938547486
 104 111.6201117318436
 128 113.6312849162011
 3 115.6424581005587
 209 117.6536312849162
 160 119.6648044692737
 86 121.6759776536313
 153 123.6871508379888
 151 125.6983240223464
 57 127.7094972067039
 160 129.7206703910614
 189 131.731843575419
 4 133.7430167597765
 115 135.7541899441341
 173 137.7653631284916
 87 139.7765363128492
 151 141.7877094972067
 469 143.7988826815642
 115 145.8100558659218
 225 147.8212290502793
 41 149.8324022346369
 163 151.8435754189944
 54 153.854748603352
 455 155.8659217877095
 64 157.8770949720671
 100 159.8882681564246
 64 161.8994413407821
 42 163.9106145251397
 18 165.9217877094972
 129 167.9329608938548
 218 169.9441340782123
 341 171.9553072625699
 4 173.9664804469274
 148 175.9776536312849
 5 177.9888268156425
 0 180


