# Created by Octave 3.8.2, Sat Jun 20 13:42:35 2020 CEST <damian@fptrucha.inv.usc.es>
# name: hd
# type: matrix
# rows: 180
# columns: 2
 5 -180
 94 -177.9888268156425
 7 -175.9776536312849
 262 -173.9664804469274
 166 -171.9553072625698
 121 -169.9441340782123
 17 -167.9329608938548
 25 -165.9217877094972
 41 -163.9106145251397
 106 -161.8994413407821
 23 -159.8882681564246
 394 -157.877094972067
 38 -155.8659217877095
 77 -153.854748603352
 22 -151.8435754189944
 53 -149.8324022346369
 125 -147.8212290502793
 453 -145.8100558659218
 81 -143.7988826815642
 49 -141.7877094972067
 105 -139.7765363128491
 84 -137.7653631284916
 2 -135.7541899441341
 97 -133.7430167597765
 96 -131.731843575419
 42 -129.7206703910614
 140 -127.7094972067039
 154 -125.6983240223464
 70 -123.6871508379888
 119 -121.6759776536313
 135 -119.6648044692737
 2 -117.6536312849162
 75 -115.6424581005587
 70 -113.6312849162011
 92 -111.6201117318436
 11 -109.608938547486
 22 -107.5977653631285
 23 -105.5865921787709
 4 -103.5754189944134
 3 -101.5642458100559
 0 -99.55307262569832
 0 -97.54189944134077
 3 -95.53072625698323
 4 -93.5195530726257
 5598 -91.50837988826815
 8 -89.49720670391061
 3 -87.48603351955308
 3 -85.47486033519553
 0 -83.46368715083798
 4 -81.45251396648044
 5 -79.44134078212289
 8 -77.43016759776536
 29 -75.41899441340782
 15 -73.40782122905027
 46 -71.39664804469274
 86 -69.38547486033519
 46 -67.37430167597765
 69 -65.3631284916201
 31 -63.35195530726256
 203 -61.34078212290503
 105 -59.32960893854748
 141 -57.31843575418993
 72 -55.3072625698324
 50 -53.29608938547486
 140 -51.28491620111731
 31 -49.27374301675977
 72 -47.26256983240222
 0 -45.25139664804468
 206 -43.24022346368713
 0 -41.22905027932961
 89 -39.21787709497207
 205 -37.20670391061452
 351 -35.19553072625698
 72 -33.18435754189943
 49 -31.17318435754188
 92 -29.16201117318434
 7 -27.15083798882682
 38 -25.13966480446928
 427 -23.12849162011173
 94 -21.11731843575419
 44 -19.10614525139664
 8 -17.09497206703909
 22 -15.08379888268155
 105 -13.072625698324
 4 -11.06145251396646
 408 -9.050279329608941
 1 -7.039106145251395
 96 -5.02793296089385
 10 -3.016759776536304
 0 -1.005586592178759
 15 1.005586592178787
 81 3.016759776536333
 1 5.02793296089385
 362 7.039106145251395
 3 9.050279329608941
 86 11.06145251396649
 35 13.07262569832403
 6 15.08379888268158
 43 17.09497206703912
 93 19.10614525139667
 377 21.11731843575421
 40 23.12849162011173
 71 25.13966480446928
 85 27.15083798882682
 45 29.16201117318437
 171 31.17318435754191
 247 33.18435754189946
 170 35.195530726257
 109 37.20670391061452
 27 39.21787709497207
 203 41.22905027932961
 1 43.24022346368716
 73 45.2513966480447
 50 47.26256983240225
 157 49.27374301675979
 63 51.28491620111734
 142 53.29608938547489
 63 55.3072625698324
 103 57.31843575418995
 165 59.32960893854749
 33 61.34078212290504
 85 63.35195530726259
 48 65.36312849162013
 86 67.37430167597768
 31 69.38547486033519
 21 71.39664804469274
 33 73.40782122905028
 5 75.41899441340783
 7 77.43016759776538
 2 79.44134078212289
 3 81.45251396648047
 1 83.46368715083798
 2 85.47486033519556
 5 87.48603351955308
 5401 89.49720670391065
 4 91.50837988826817
 2 93.51955307262574
 1 95.53072625698326
 1 97.54189944134077
 2 99.55307262569835
 6 101.5642458100559
 20 103.5754189944134
 35 105.586592178771
 14 107.5977653631285
 78 109.608938547486
 74 111.6201117318436
 79 113.6312849162011
 4 115.6424581005587
 155 117.6536312849162
 110 119.6648044692737
 61 121.6759776536313
 117 123.6871508379888
 132 125.6983240223464
 57 127.7094972067039
 114 129.7206703910614
 133 131.731843575419
 1 133.7430167597765
 81 135.7541899441341
 148 137.7653631284916
 77 139.7765363128492
 93 141.7877094972067
 336 143.7988826815642
 85 145.8100558659218
 166 147.8212290502793
 30 149.8324022346369
 128 151.8435754189944
 40 153.854748603352
 328 155.8659217877095
 34 157.8770949720671
 98 159.8882681564246
 41 161.8994413407821
 39 163.9106145251397
 14 165.9217877094972
 93 167.9329608938548
 142 169.9441340782123
 250 171.9553072625699
 1 173.9664804469274
 114 175.9776536312849
 2 177.9888268156425
 0 180


