# Created by Octave 3.8.2, Tue Jun 23 00:43:46 2020 CEST <damian@fptrucha.inv.usc.es>
# name: hd
# type: matrix
# rows: 180
# columns: 2
 5 -180
 171 -177.9888268156425
 3 -175.9776536312849
 420 -173.9664804469274
 270 -171.9553072625698
 181 -169.9441340782123
 38 -167.9329608938548
 46 -165.9217877094972
 63 -163.9106145251397
 163 -161.8994413407821
 51 -159.8882681564246
 597 -157.877094972067
 95 -155.8659217877095
 139 -153.854748603352
 56 -151.8435754189944
 65 -149.8324022346369
 246 -147.8212290502793
 653 -145.8100558659218
 139 -143.7988826815642
 122 -141.7877094972067
 214 -139.7765363128491
 127 -137.7653631284916
 0 -135.7541899441341
 210 -133.7430167597765
 195 -131.731843575419
 80 -129.7206703910614
 190 -127.7094972067039
 228 -125.6983240223464
 122 -123.6871508379888
 192 -121.6759776536313
 222 -119.6648044692737
 4 -117.6536312849162
 125 -115.6424581005587
 121 -113.6312849162011
 118 -111.6201117318436
 28 -109.608938547486
 43 -107.5977653631285
 30 -105.5865921787709
 14 -103.5754189944134
 5 -101.5642458100559
 0 -99.55307262569832
 1 -97.54189944134077
 5 -95.53072625698323
 6 -93.5195530726257
 8580 -91.50837988826815
 7 -89.49720670391061
 1 -87.48603351955308
 1 -85.47486033519553
 1 -83.46368715083798
 1 -81.45251396648044
 8 -79.44134078212289
 13 -77.43016759776536
 69 -75.41899441340782
 36 -73.40782122905027
 54 -71.39664804469274
 138 -69.38547486033519
 78 -67.37430167597765
 108 -65.3631284916201
 66 -63.35195530726256
 293 -61.34078212290503
 168 -59.32960893854748
 231 -57.31843575418993
 105 -55.3072625698324
 81 -53.29608938547486
 242 -51.28491620111731
 64 -49.27374301675977
 120 -47.26256983240222
 2 -45.25139664804468
 360 -43.24022346368713
 2 -41.22905027932961
 161 -39.21787709497207
 311 -37.20670391061452
 521 -35.19553072625698
 152 -33.18435754189943
 59 -31.17318435754188
 169 -29.16201117318434
 8 -27.15083798882682
 70 -25.13966480446928
 633 -23.12849162011173
 159 -21.11731843575419
 54 -19.10614525139664
 18 -17.09497206703909
 44 -15.08379888268155
 154 -13.072625698324
 12 -11.06145251396646
 610 -9.050279329608941
 2 -7.039106145251395
 144 -5.02793296089385
 22 -3.016759776536304
 3 -1.005586592178759
 23 1.005586592178787
 114 3.016759776536333
 3 5.02793296089385
 568 7.039106145251395
 12 9.050279329608941
 172 11.06145251396649
 41 13.07262569832403
 9 15.08379888268158
 54 17.09497206703912
 113 19.10614525139667
 584 21.11731843575421
 53 23.12849162011173
 84 25.13966480446928
 103 27.15083798882682
 57 29.16201117318437
 222 31.17318435754191
 384 33.18435754189946
 252 35.195530726257
 156 37.20670391061452
 37 39.21787709497207
 275 41.22905027932961
 1 43.24022346368716
 152 45.2513966480447
 59 47.26256983240225
 236 49.27374301675979
 75 51.28491620111734
 175 53.29608938547489
 95 55.3072625698324
 146 57.31843575418995
 279 59.32960893854749
 58 61.34078212290504
 117 63.35195530726259
 78 65.36312849162013
 112 67.37430167597768
 49 69.38547486033519
 27 71.39664804469274
 56 73.40782122905028
 8 75.41899441340783
 8 77.43016759776538
 2 79.44134078212289
 0 81.45251396648047
 1 83.46368715083798
 5 85.47486033519556
 11 87.48603351955308
 7992 89.49720670391065
 5 91.50837988826817
 5 93.51955307262574
 0 95.53072625698326
 0 97.54189944134077
 5 99.55307262569835
 17 101.5642458100559
 27 103.5754189944134
 46 105.586592178771
 17 107.5977653631285
 105 109.608938547486
 113 111.6201117318436
 110 113.6312849162011
 2 115.6424581005587
 196 117.6536312849162
 196 119.6648044692737
 97 121.6759776536313
 188 123.6871508379888
 176 125.6983240223464
 79 127.7094972067039
 168 129.7206703910614
 181 131.731843575419
 0 133.7430167597765
 98 135.7541899441341
 176 137.7653631284916
 93 139.7765363128492
 152 141.7877094972067
 550 143.7988826815642
 117 145.8100558659218
 203 147.8212290502793
 60 149.8324022346369
 152 151.8435754189944
 62 153.854748603352
 520 155.8659217877095
 60 157.8770949720671
 154 159.8882681564246
 74 161.8994413407821
 75 163.9106145251397
 20 165.9217877094972
 158 167.9329608938548
 244 169.9441340782123
 363 171.9553072625699
 4 173.9664804469274
 190 175.9776536312849
 3 177.9888268156425
 0 180


