# Created by Octave 3.8.2, Sun Jun 21 08:18:46 2020 CEST <damian@fptrucha.inv.usc.es>
# name: hd
# type: matrix
# rows: 180
# columns: 2
 2 -180
 163 -177.9888268156425
 2 -175.9776536312849
 345 -173.9664804469274
 225 -171.9553072625698
 157 -169.9441340782123
 31 -167.9329608938548
 46 -165.9217877094972
 43 -163.9106145251397
 166 -161.8994413407821
 37 -159.8882681564246
 608 -157.877094972067
 57 -155.8659217877095
 110 -153.854748603352
 29 -151.8435754189944
 68 -149.8324022346369
 209 -147.8212290502793
 623 -145.8100558659218
 109 -143.7988826815642
 76 -141.7877094972067
 161 -139.7765363128491
 101 -137.7653631284916
 1 -135.7541899441341
 140 -133.7430167597765
 155 -131.731843575419
 66 -129.7206703910614
 185 -127.7094972067039
 216 -125.6983240223464
 91 -123.6871508379888
 160 -121.6759776536313
 196 -119.6648044692737
 5 -117.6536312849162
 87 -115.6424581005587
 121 -113.6312849162011
 106 -111.6201117318436
 21 -109.608938547486
 28 -107.5977653631285
 20 -105.5865921787709
 12 -103.5754189944134
 3 -101.5642458100559
 0 -99.55307262569832
 1 -97.54189944134077
 3 -95.53072625698323
 2 -93.5195530726257
 7975 -91.50837988826815
 9 -89.49720670391061
 3 -87.48603351955308
 1 -85.47486033519553
 1 -83.46368715083798
 1 -81.45251396648044
 6 -79.44134078212289
 1 -77.43016759776536
 45 -75.41899441340782
 16 -73.40782122905027
 48 -71.39664804469274
 119 -69.38547486033519
 70 -67.37430167597765
 88 -65.3631284916201
 40 -63.35195530726256
 254 -61.34078212290503
 147 -59.32960893854748
 208 -57.31843575418993
 71 -55.3072625698324
 75 -53.29608938547486
 235 -51.28491620111731
 37 -49.27374301675977
 103 -47.26256983240222
 1 -45.25139664804468
 254 -43.24022346368713
 5 -41.22905027932961
 129 -39.21787709497207
 319 -37.20670391061452
 436 -35.19553072625698
 118 -33.18435754189943
 54 -31.17318435754188
 149 -29.16201117318434
 7 -27.15083798882682
 53 -25.13966480446928
 658 -23.12849162011173
 127 -21.11731843575419
 48 -19.10614525139664
 9 -17.09497206703909
 41 -15.08379888268155
 156 -13.072625698324
 5 -11.06145251396646
 541 -9.050279329608941
 3 -7.039106145251395
 110 -5.02793296089385
 12 -3.016759776536304
 1 -1.005586592178759
 26 1.005586592178787
 118 3.016759776536333
 5 5.02793296089385
 556 7.039106145251395
 7 9.050279329608941
 91 11.06145251396649
 45 13.07262569832403
 7 15.08379888268158
 51 17.09497206703912
 104 19.10614525139667
 484 21.11731843575421
 54 23.12849162011173
 99 25.13966480446928
 89 27.15083798882682
 50 29.16201117318437
 202 31.17318435754191
 301 33.18435754189946
 219 35.195530726257
 168 37.20670391061452
 23 39.21787709497207
 257 41.22905027932961
 1 43.24022346368716
 104 45.2513966480447
 60 47.26256983240225
 208 49.27374301675979
 76 51.28491620111734
 180 53.29608938547489
 81 55.3072625698324
 119 57.31843575418995
 229 59.32960893854749
 58 61.34078212290504
 100 63.35195530726259
 61 65.36312849162013
 95 67.37430167597768
 43 69.38547486033519
 19 71.39664804469274
 40 73.40782122905028
 0 75.41899441340783
 6 77.43016759776538
 2 79.44134078212289
 0 81.45251396648047
 0 83.46368715083798
 3 85.47486033519556
 7 87.48603351955308
 7315 89.49720670391065
 3 91.50837988826817
 3 93.51955307262574
 0 95.53072625698326
 1 97.54189944134077
 3 99.55307262569835
 14 101.5642458100559
 15 103.5754189944134
 34 105.586592178771
 18 107.5977653631285
 111 109.608938547486
 115 111.6201117318436
 85 113.6312849162011
 5 115.6424581005587
 196 117.6536312849162
 147 119.6648044692737
 69 121.6759776536313
 162 123.6871508379888
 173 125.6983240223464
 66 127.7094972067039
 148 129.7206703910614
 173 131.731843575419
 2 133.7430167597765
 118 135.7541899441341
 147 137.7653631284916
 92 139.7765363128492
 144 141.7877094972067
 438 143.7988826815642
 120 145.8100558659218
 199 147.8212290502793
 37 149.8324022346369
 149 151.8435754189944
 56 153.854748603352
 463 155.8659217877095
 45 157.8770949720671
 113 159.8882681564246
 64 161.8994413407821
 42 163.9106145251397
 12 165.9217877094972
 118 167.9329608938548
 200 169.9441340782123
 294 171.9553072625699
 4 173.9664804469274
 133 175.9776536312849
 4 177.9888268156425
 0 180


