# Created by Octave 3.8.2, Sun Jun 21 00:30:40 2020 CEST <damian@fptrucha.inv.usc.es>
# name: hd
# type: matrix
# rows: 180
# columns: 2
 4 -180
 176 -177.9888268156425
 1 -175.9776536312849
 360 -173.9664804469274
 205 -171.9553072625698
 123 -169.9441340782123
 13 -167.9329608938548
 33 -165.9217877094972
 35 -163.9106145251397
 158 -161.8994413407821
 32 -159.8882681564246
 591 -157.877094972067
 61 -155.8659217877095
 123 -153.854748603352
 27 -151.8435754189944
 57 -149.8324022346369
 192 -147.8212290502793
 581 -145.8100558659218
 115 -143.7988826815642
 87 -141.7877094972067
 157 -139.7765363128491
 123 -137.7653631284916
 0 -135.7541899441341
 167 -133.7430167597765
 123 -131.731843575419
 68 -129.7206703910614
 171 -127.7094972067039
 200 -125.6983240223464
 90 -123.6871508379888
 164 -121.6759776536313
 171 -119.6648044692737
 1 -117.6536312849162
 91 -115.6424581005587
 96 -113.6312849162011
 105 -111.6201117318436
 12 -109.608938547486
 24 -107.5977653631285
 18 -105.5865921787709
 5 -103.5754189944134
 5 -101.5642458100559
 0 -99.55307262569832
 0 -97.54189944134077
 2 -95.53072625698323
 6 -93.5195530726257
 7912 -91.50837988826815
 7 -89.49720670391061
 3 -87.48603351955308
 2 -85.47486033519553
 0 -83.46368715083798
 1 -81.45251396648044
 1 -79.44134078212289
 2 -77.43016759776536
 44 -75.41899441340782
 15 -73.40782122905027
 47 -71.39664804469274
 111 -69.38547486033519
 75 -67.37430167597765
 78 -65.3631284916201
 51 -63.35195530726256
 291 -61.34078212290503
 135 -59.32960893854748
 233 -57.31843575418993
 78 -55.3072625698324
 71 -53.29608938547486
 218 -51.28491620111731
 55 -49.27374301675977
 101 -47.26256983240222
 1 -45.25139664804468
 232 -43.24022346368713
 1 -41.22905027932961
 157 -39.21787709497207
 283 -37.20670391061452
 449 -35.19553072625698
 119 -33.18435754189943
 37 -31.17318435754188
 155 -29.16201117318434
 9 -27.15083798882682
 53 -25.13966480446928
 611 -23.12849162011173
 143 -21.11731843575419
 44 -19.10614525139664
 10 -17.09497206703909
 44 -15.08379888268155
 157 -13.072625698324
 5 -11.06145251396646
 564 -9.050279329608941
 1 -7.039106145251395
 122 -5.02793296089385
 19 -3.016759776536304
 2 -1.005586592178759
 23 1.005586592178787
 146 3.016759776536333
 2 5.02793296089385
 551 7.039106145251395
 3 9.050279329608941
 120 11.06145251396649
 53 13.07262569832403
 8 15.08379888268158
 58 17.09497206703912
 114 19.10614525139667
 509 21.11731843575421
 57 23.12849162011173
 103 25.13966480446928
 102 27.15083798882682
 62 29.16201117318437
 236 31.17318435754191
 309 33.18435754189946
 254 35.195530726257
 150 37.20670391061452
 32 39.21787709497207
 251 41.22905027932961
 2 43.24022346368716
 101 45.2513966480447
 59 47.26256983240225
 214 49.27374301675979
 72 51.28491620111734
 192 53.29608938547489
 69 55.3072625698324
 151 57.31843575418995
 234 59.32960893854749
 60 61.34078212290504
 105 63.35195530726259
 73 65.36312849162013
 111 67.37430167597768
 37 69.38547486033519
 33 71.39664804469274
 36 73.40782122905028
 5 75.41899441340783
 9 77.43016759776538
 1 79.44134078212289
 0 81.45251396648047
 5 83.46368715083798
 5 85.47486033519556
 6 87.48603351955308
 7488 89.49720670391065
 4 91.50837988826817
 3 93.51955307262574
 0 95.53072625698326
 0 97.54189944134077
 3 99.55307262569835
 8 101.5642458100559
 23 103.5754189944134
 32 105.586592178771
 21 107.5977653631285
 122 109.608938547486
 115 111.6201117318436
 116 113.6312849162011
 3 115.6424581005587
 195 117.6536312849162
 154 119.6648044692737
 96 121.6759776536313
 192 123.6871508379888
 179 125.6983240223464
 70 127.7094972067039
 151 129.7206703910614
 165 131.731843575419
 0 133.7430167597765
 113 135.7541899441341
 153 137.7653631284916
 96 139.7765363128492
 138 141.7877094972067
 430 143.7988826815642
 128 145.8100558659218
 227 147.8212290502793
 44 149.8324022346369
 160 151.8435754189944
 61 153.854748603352
 452 155.8659217877095
 52 157.8770949720671
 126 159.8882681564246
 67 161.8994413407821
 51 163.9106145251397
 18 165.9217877094972
 123 167.9329608938548
 195 169.9441340782123
 331 171.9553072625699
 3 173.9664804469274
 145 175.9776536312849
 4 177.9888268156425
 0 180


