# Created by Octave 3.8.2, Sat Jun 20 02:12:24 2020 CEST <damian@fptrucha.inv.usc.es>
# name: hd
# type: matrix
# rows: 180
# columns: 2
 3 -180
 167 -177.9888268156425
 4 -175.9776536312849
 444 -173.9664804469274
 248 -171.9553072625698
 184 -169.9441340782123
 38 -167.9329608938548
 43 -165.9217877094972
 63 -163.9106145251397
 177 -161.8994413407821
 39 -159.8882681564246
 628 -157.877094972067
 54 -155.8659217877095
 121 -153.854748603352
 37 -151.8435754189944
 78 -149.8324022346369
 223 -147.8212290502793
 685 -145.8100558659218
 148 -143.7988826815642
 89 -141.7877094972067
 184 -139.7765363128491
 140 -137.7653631284916
 2 -135.7541899441341
 179 -133.7430167597765
 176 -131.731843575419
 93 -129.7206703910614
 196 -127.7094972067039
 226 -125.6983240223464
 112 -123.6871508379888
 210 -121.6759776536313
 221 -119.6648044692737
 4 -117.6536312849162
 106 -115.6424581005587
 139 -113.6312849162011
 134 -111.6201117318436
 12 -109.608938547486
 37 -107.5977653631285
 29 -105.5865921787709
 23 -103.5754189944134
 2 -101.5642458100559
 0 -99.55307262569832
 3 -97.54189944134077
 1 -95.53072625698323
 4 -93.5195530726257
 9179 -91.50837988826815
 13 -89.49720670391061
 5 -87.48603351955308
 1 -85.47486033519553
 0 -83.46368715083798
 1 -81.45251396648044
 10 -79.44134078212289
 6 -77.43016759776536
 50 -75.41899441340782
 21 -73.40782122905027
 61 -71.39664804469274
 152 -69.38547486033519
 85 -67.37430167597765
 131 -65.3631284916201
 56 -63.35195530726256
 284 -61.34078212290503
 167 -59.32960893854748
 241 -57.31843575418993
 102 -55.3072625698324
 92 -53.29608938547486
 235 -51.28491620111731
 44 -49.27374301675977
 112 -47.26256983240222
 3 -45.25139664804468
 301 -43.24022346368713
 3 -41.22905027932961
 160 -39.21787709497207
 325 -37.20670391061452
 480 -35.19553072625698
 111 -33.18435754189943
 54 -31.17318435754188
 179 -29.16201117318434
 8 -27.15083798882682
 52 -25.13966480446928
 647 -23.12849162011173
 138 -21.11731843575419
 57 -19.10614525139664
 7 -17.09497206703909
 29 -15.08379888268155
 165 -13.072625698324
 5 -11.06145251396646
 601 -9.050279329608941
 2 -7.039106145251395
 118 -5.02793296089385
 26 -3.016759776536304
 1 -1.005586592178759
 24 1.005586592178787
 131 3.016759776536333
 2 5.02793296089385
 595 7.039106145251395
 9 9.050279329608941
 132 11.06145251396649
 58 13.07262569832403
 9 15.08379888268158
 62 17.09497206703912
 146 19.10614525139667
 529 21.11731843575421
 66 23.12849162011173
 102 25.13966480446928
 119 27.15083798882682
 46 29.16201117318437
 222 31.17318435754191
 343 33.18435754189946
 280 35.195530726257
 162 37.20670391061452
 31 39.21787709497207
 280 41.22905027932961
 3 43.24022346368716
 115 45.2513966480447
 71 47.26256983240225
 224 49.27374301675979
 67 51.28491620111734
 167 53.29608938547489
 85 55.3072625698324
 132 57.31843575418995
 252 59.32960893854749
 63 61.34078212290504
 116 63.35195530726259
 52 65.36312849162013
 101 67.37430167597768
 39 69.38547486033519
 36 71.39664804469274
 34 73.40782122905028
 6 75.41899441340783
 10 77.43016759776538
 0 79.44134078212289
 0 81.45251396648047
 1 83.46368715083798
 1 85.47486033519556
 9 87.48603351955308
 8144 89.49720670391065
 4 91.50837988826817
 4 93.51955307262574
 1 95.53072625698326
 1 97.54189944134077
 0 99.55307262569835
 14 101.5642458100559
 22 103.5754189944134
 30 105.586592178771
 28 107.5977653631285
 96 109.608938547486
 135 111.6201117318436
 132 113.6312849162011
 5 115.6424581005587
 165 117.6536312849162
 144 119.6648044692737
 83 121.6759776536313
 171 123.6871508379888
 184 125.6983240223464
 80 127.7094972067039
 181 129.7206703910614
 171 131.731843575419
 1 133.7430167597765
 120 135.7541899441341
 169 137.7653631284916
 102 139.7765363128492
 166 141.7877094972067
 547 143.7988826815642
 138 145.8100558659218
 201 147.8212290502793
 39 149.8324022346369
 165 151.8435754189944
 67 153.854748603352
 495 155.8659217877095
 42 157.8770949720671
 154 159.8882681564246
 65 161.8994413407821
 56 163.9106145251397
 23 165.9217877094972
 127 167.9329608938548
 250 169.9441340782123
 341 171.9553072625699
 2 173.9664804469274
 152 175.9776536312849
 1 177.9888268156425
 0 180


