# Created by Octave 3.8.2, Mon Jun 22 08:37:39 2020 CEST <damian@fptrucha.inv.usc.es>
# name: hd
# type: matrix
# rows: 180
# columns: 2
 9 -180
 171 -177.9888268156425
 4 -175.9776536312849
 336 -173.9664804469274
 240 -171.9553072625698
 135 -169.9441340782123
 25 -167.9329608938548
 42 -165.9217877094972
 57 -163.9106145251397
 143 -161.8994413407821
 47 -159.8882681564246
 554 -157.877094972067
 61 -155.8659217877095
 139 -153.854748603352
 46 -151.8435754189944
 68 -149.8324022346369
 234 -147.8212290502793
 549 -145.8100558659218
 122 -143.7988826815642
 93 -141.7877094972067
 199 -139.7765363128491
 115 -137.7653631284916
 3 -135.7541899441341
 168 -133.7430167597765
 167 -131.731843575419
 75 -129.7206703910614
 173 -127.7094972067039
 207 -125.6983240223464
 88 -123.6871508379888
 163 -121.6759776536313
 180 -119.6648044692737
 7 -117.6536312849162
 106 -115.6424581005587
 110 -113.6312849162011
 96 -111.6201117318436
 26 -109.608938547486
 43 -107.5977653631285
 27 -105.5865921787709
 17 -103.5754189944134
 4 -101.5642458100559
 0 -99.55307262569832
 3 -97.54189944134077
 6 -95.53072625698323
 8 -93.5195530726257
 7606 -91.50837988826815
 22 -89.49720670391061
 2 -87.48603351955308
 4 -85.47486033519553
 1 -83.46368715083798
 3 -81.45251396648044
 9 -79.44134078212289
 15 -77.43016759776536
 43 -75.41899441340782
 32 -73.40782122905027
 49 -71.39664804469274
 99 -69.38547486033519
 74 -67.37430167597765
 106 -65.3631284916201
 54 -63.35195530726256
 266 -61.34078212290503
 123 -59.32960893854748
 189 -57.31843575418993
 96 -55.3072625698324
 73 -53.29608938547486
 231 -51.28491620111731
 52 -49.27374301675977
 122 -47.26256983240222
 4 -45.25139664804468
 304 -43.24022346368713
 3 -41.22905027932961
 152 -39.21787709497207
 255 -37.20670391061452
 405 -35.19553072625698
 123 -33.18435754189943
 56 -31.17318435754188
 130 -29.16201117318434
 14 -27.15083798882682
 68 -25.13966480446928
 557 -23.12849162011173
 118 -21.11731843575419
 45 -19.10614525139664
 14 -17.09497206703909
 49 -15.08379888268155
 144 -13.072625698324
 9 -11.06145251396646
 574 -9.050279329608941
 1 -7.039106145251395
 116 -5.02793296089385
 23 -3.016759776536304
 2 -1.005586592178759
 23 1.005586592178787
 136 3.016759776536333
 6 5.02793296089385
 522 7.039106145251395
 9 9.050279329608941
 153 11.06145251396649
 41 13.07262569832403
 12 15.08379888268158
 54 17.09497206703912
 120 19.10614525139667
 561 21.11731843575421
 43 23.12849162011173
 90 25.13966480446928
 103 27.15083798882682
 63 29.16201117318437
 216 31.17318435754191
 302 33.18435754189946
 246 35.195530726257
 137 37.20670391061452
 26 39.21787709497207
 304 41.22905027932961
 2 43.24022346368716
 126 45.2513966480447
 65 47.26256983240225
 217 49.27374301675979
 76 51.28491620111734
 210 53.29608938547489
 93 55.3072625698324
 156 57.31843575418995
 269 59.32960893854749
 56 61.34078212290504
 129 63.35195530726259
 93 65.36312849162013
 97 67.37430167597768
 63 69.38547486033519
 25 71.39664804469274
 47 73.40782122905028
 16 75.41899441340783
 9 77.43016759776538
 1 79.44134078212289
 1 81.45251396648047
 5 83.46368715083798
 3 85.47486033519556
 18 87.48603351955308
 7288 89.49720670391065
 12 91.50837988826817
 3 93.51955307262574
 1 95.53072625698326
 3 97.54189944134077
 3 99.55307262569835
 25 101.5642458100559
 31 103.5754189944134
 51 105.586592178771
 26 107.5977653631285
 121 109.608938547486
 117 111.6201117318436
 100 113.6312849162011
 4 115.6424581005587
 205 117.6536312849162
 167 119.6648044692737
 84 121.6759776536313
 163 123.6871508379888
 191 125.6983240223464
 101 127.7094972067039
 167 129.7206703910614
 193 131.731843575419
 3 133.7430167597765
 110 135.7541899441341
 180 137.7653631284916
 96 139.7765363128492
 139 141.7877094972067
 484 143.7988826815642
 124 145.8100558659218
 199 147.8212290502793
 62 149.8324022346369
 136 151.8435754189944
 67 153.854748603352
 462 155.8659217877095
 49 157.8770949720671
 137 159.8882681564246
 59 161.8994413407821
 40 163.9106145251397
 27 165.9217877094972
 145 167.9329608938548
 232 169.9441340782123
 349 171.9553072625699
 8 173.9664804469274
 154 175.9776536312849
 6 177.9888268156425
 0 180


