# Created by Octave 3.8.2, Sun Jun 21 03:19:31 2020 CEST <damian@fptrucha.inv.usc.es>
# name: hd
# type: matrix
# rows: 180
# columns: 2
 4 -180
 148 -177.9888268156425
 0 -175.9776536312849
 344 -173.9664804469274
 235 -171.9553072625698
 153 -169.9441340782123
 19 -167.9329608938548
 32 -165.9217877094972
 41 -163.9106145251397
 141 -161.8994413407821
 42 -159.8882681564246
 610 -157.877094972067
 47 -155.8659217877095
 104 -153.854748603352
 31 -151.8435754189944
 68 -149.8324022346369
 199 -147.8212290502793
 571 -145.8100558659218
 101 -143.7988826815642
 72 -141.7877094972067
 159 -139.7765363128491
 88 -137.7653631284916
 0 -135.7541899441341
 139 -133.7430167597765
 153 -131.731843575419
 81 -129.7206703910614
 169 -127.7094972067039
 208 -125.6983240223464
 74 -123.6871508379888
 189 -121.6759776536313
 204 -119.6648044692737
 4 -117.6536312849162
 82 -115.6424581005587
 101 -113.6312849162011
 112 -111.6201117318436
 8 -109.608938547486
 34 -107.5977653631285
 27 -105.5865921787709
 14 -103.5754189944134
 2 -101.5642458100559
 1 -99.55307262569832
 0 -97.54189944134077
 3 -95.53072625698323
 3 -93.5195530726257
 8075 -91.50837988826815
 9 -89.49720670391061
 6 -87.48603351955308
 1 -85.47486033519553
 1 -83.46368715083798
 2 -81.45251396648044
 4 -79.44134078212289
 4 -77.43016759776536
 40 -75.41899441340782
 29 -73.40782122905027
 40 -71.39664804469274
 120 -69.38547486033519
 71 -67.37430167597765
 107 -65.3631284916201
 56 -63.35195530726256
 270 -61.34078212290503
 148 -59.32960893854748
 243 -57.31843575418993
 92 -55.3072625698324
 82 -53.29608938547486
 219 -51.28491620111731
 50 -49.27374301675977
 93 -47.26256983240222
 0 -45.25139664804468
 257 -43.24022346368713
 1 -41.22905027932961
 139 -39.21787709497207
 310 -37.20670391061452
 456 -35.19553072625698
 86 -33.18435754189943
 43 -31.17318435754188
 143 -29.16201117318434
 7 -27.15083798882682
 59 -25.13966480446928
 619 -23.12849162011173
 124 -21.11731843575419
 49 -19.10614525139664
 13 -17.09497206703909
 36 -15.08379888268155
 165 -13.072625698324
 10 -11.06145251396646
 520 -9.050279329608941
 3 -7.039106145251395
 119 -5.02793296089385
 16 -3.016759776536304
 2 -1.005586592178759
 14 1.005586592178787
 146 3.016759776536333
 0 5.02793296089385
 530 7.039106145251395
 12 9.050279329608941
 96 11.06145251396649
 46 13.07262569832403
 7 15.08379888268158
 50 17.09497206703912
 107 19.10614525139667
 494 21.11731843575421
 63 23.12849162011173
 80 25.13966480446928
 104 27.15083798882682
 69 29.16201117318437
 221 31.17318435754191
 286 33.18435754189946
 234 35.195530726257
 141 37.20670391061452
 26 39.21787709497207
 273 41.22905027932961
 0 43.24022346368716
 115 45.2513966480447
 52 47.26256983240225
 192 49.27374301675979
 81 51.28491620111734
 178 53.29608938547489
 58 55.3072625698324
 136 57.31843575418995
 232 59.32960893854749
 52 61.34078212290504
 118 63.35195530726259
 80 65.36312849162013
 95 67.37430167597768
 52 69.38547486033519
 37 71.39664804469274
 41 73.40782122905028
 8 75.41899441340783
 8 77.43016759776538
 2 79.44134078212289
 0 81.45251396648047
 0 83.46368715083798
 5 85.47486033519556
 9 87.48603351955308
 7526 89.49720670391065
 9 91.50837988826817
 1 93.51955307262574
 0 95.53072625698326
 0 97.54189944134077
 7 99.55307262569835
 14 101.5642458100559
 21 103.5754189944134
 33 105.586592178771
 25 107.5977653631285
 107 109.608938547486
 96 111.6201117318436
 110 113.6312849162011
 2 115.6424581005587
 207 117.6536312849162
 151 119.6648044692737
 76 121.6759776536313
 160 123.6871508379888
 169 125.6983240223464
 91 127.7094972067039
 146 129.7206703910614
 156 131.731843575419
 2 133.7430167597765
 113 135.7541899441341
 163 137.7653631284916
 98 139.7765363128492
 145 141.7877094972067
 427 143.7988826815642
 125 145.8100558659218
 200 147.8212290502793
 52 149.8324022346369
 131 151.8435754189944
 50 153.854748603352
 443 155.8659217877095
 50 157.8770949720671
 127 159.8882681564246
 45 161.8994413407821
 58 163.9106145251397
 10 165.9217877094972
 122 167.9329608938548
 193 169.9441340782123
 332 171.9553072625699
 3 173.9664804469274
 136 175.9776536312849
 4 177.9888268156425
 0 180


