# Created by Octave 3.8.2, Mon Jun 22 04:06:12 2020 CEST <damian@fptrucha.inv.usc.es>
# name: hd
# type: matrix
# rows: 180
# columns: 2
 2 -180
 178 -177.9888268156425
 5 -175.9776536312849
 354 -173.9664804469274
 205 -171.9553072625698
 126 -169.9441340782123
 38 -167.9329608938548
 31 -165.9217877094972
 62 -163.9106145251397
 151 -161.8994413407821
 40 -159.8882681564246
 496 -157.877094972067
 66 -155.8659217877095
 139 -153.854748603352
 52 -151.8435754189944
 81 -149.8324022346369
 175 -147.8212290502793
 577 -145.8100558659218
 91 -143.7988826815642
 89 -141.7877094972067
 174 -139.7765363128491
 106 -137.7653631284916
 4 -135.7541899441341
 172 -133.7430167597765
 152 -131.731843575419
 81 -129.7206703910614
 183 -127.7094972067039
 190 -125.6983240223464
 87 -123.6871508379888
 170 -121.6759776536313
 188 -119.6648044692737
 4 -117.6536312849162
 104 -115.6424581005587
 129 -113.6312849162011
 121 -111.6201117318436
 26 -109.608938547486
 30 -107.5977653631285
 26 -105.5865921787709
 10 -103.5754189944134
 9 -101.5642458100559
 1 -99.55307262569832
 0 -97.54189944134077
 3 -95.53072625698323
 8 -93.5195530726257
 7199 -91.50837988826815
 11 -89.49720670391061
 11 -87.48603351955308
 1 -85.47486033519553
 0 -83.46368715083798
 3 -81.45251396648044
 5 -79.44134078212289
 11 -77.43016759776536
 56 -75.41899441340782
 31 -73.40782122905027
 47 -71.39664804469274
 128 -69.38547486033519
 71 -67.37430167597765
 130 -65.3631284916201
 50 -63.35195530726256
 256 -61.34078212290503
 146 -59.32960893854748
 179 -57.31843575418993
 83 -55.3072625698324
 72 -53.29608938547486
 211 -51.28491620111731
 45 -49.27374301675977
 106 -47.26256983240222
 8 -45.25139664804468
 280 -43.24022346368713
 3 -41.22905027932961
 137 -39.21787709497207
 262 -37.20670391061452
 415 -35.19553072625698
 128 -33.18435754189943
 68 -31.17318435754188
 157 -29.16201117318434
 14 -27.15083798882682
 66 -25.13966480446928
 504 -23.12849162011173
 150 -21.11731843575419
 50 -19.10614525139664
 10 -17.09497206703909
 40 -15.08379888268155
 149 -13.072625698324
 8 -11.06145251396646
 522 -9.050279329608941
 2 -7.039106145251395
 120 -5.02793296089385
 30 -3.016759776536304
 6 -1.005586592178759
 17 1.005586592178787
 136 3.016759776536333
 3 5.02793296089385
 511 7.039106145251395
 10 9.050279329608941
 136 11.06145251396649
 44 13.07262569832403
 8 15.08379888268158
 55 17.09497206703912
 119 19.10614525139667
 516 21.11731843575421
 49 23.12849162011173
 79 25.13966480446928
 95 27.15083798882682
 62 29.16201117318437
 178 31.17318435754191
 310 33.18435754189946
 209 35.195530726257
 154 37.20670391061452
 37 39.21787709497207
 255 41.22905027932961
 1 43.24022346368716
 127 45.2513966480447
 65 47.26256983240225
 214 49.27374301675979
 83 51.28491620111734
 195 53.29608938547489
 76 55.3072625698324
 112 57.31843575418995
 224 59.32960893854749
 65 61.34078212290504
 106 63.35195530726259
 80 65.36312849162013
 114 67.37430167597768
 42 69.38547486033519
 24 71.39664804469274
 60 73.40782122905028
 7 75.41899441340783
 15 77.43016759776538
 4 79.44134078212289
 2 81.45251396648047
 1 83.46368715083798
 2 85.47486033519556
 14 87.48603351955308
 6678 89.49720670391065
 15 91.50837988826817
 6 93.51955307262574
 1 95.53072625698326
 1 97.54189944134077
 1 99.55307262569835
 8 101.5642458100559
 29 103.5754189944134
 40 105.586592178771
 25 107.5977653631285
 123 109.608938547486
 113 111.6201117318436
 99 113.6312849162011
 3 115.6424581005587
 201 117.6536312849162
 168 119.6648044692737
 88 121.6759776536313
 169 123.6871508379888
 146 125.6983240223464
 77 127.7094972067039
 129 129.7206703910614
 174 131.731843575419
 2 133.7430167597765
 126 135.7541899441341
 179 137.7653631284916
 98 139.7765363128492
 125 141.7877094972067
 441 143.7988826815642
 106 145.8100558659218
 220 147.8212290502793
 51 149.8324022346369
 132 151.8435754189944
 67 153.854748603352
 456 155.8659217877095
 49 157.8770949720671
 136 159.8882681564246
 68 161.8994413407821
 49 163.9106145251397
 24 165.9217877094972
 121 167.9329608938548
 222 169.9441340782123
 314 171.9553072625699
 5 173.9664804469274
 169 175.9776536312849
 2 177.9888268156425
 0 180


