# Created by Octave 3.8.2, Sat Jun 20 23:02:47 2020 CEST <damian@fptrucha.inv.usc.es>
# name: hd
# type: matrix
# rows: 180
# columns: 2
 2 -180
 131 -177.9888268156425
 3 -175.9776536312849
 366 -173.9664804469274
 234 -171.9553072625698
 159 -169.9441340782123
 32 -167.9329608938548
 23 -165.9217877094972
 70 -163.9106145251397
 177 -161.8994413407821
 39 -159.8882681564246
 613 -157.877094972067
 51 -155.8659217877095
 126 -153.854748603352
 37 -151.8435754189944
 60 -149.8324022346369
 201 -147.8212290502793
 627 -145.8100558659218
 121 -143.7988826815642
 89 -141.7877094972067
 150 -139.7765363128491
 91 -137.7653631284916
 0 -135.7541899441341
 132 -133.7430167597765
 140 -131.731843575419
 91 -129.7206703910614
 155 -127.7094972067039
 218 -125.6983240223464
 83 -123.6871508379888
 188 -121.6759776536313
 155 -119.6648044692737
 0 -117.6536312849162
 89 -115.6424581005587
 101 -113.6312849162011
 126 -111.6201117318436
 20 -109.608938547486
 34 -107.5977653631285
 11 -105.5865921787709
 14 -103.5754189944134
 0 -101.5642458100559
 0 -99.55307262569832
 0 -97.54189944134077
 3 -95.53072625698323
 6 -93.5195530726257
 7964 -91.50837988826815
 6 -89.49720670391061
 5 -87.48603351955308
 1 -85.47486033519553
 0 -83.46368715083798
 2 -81.45251396648044
 4 -79.44134078212289
 3 -77.43016759776536
 51 -75.41899441340782
 19 -73.40782122905027
 43 -71.39664804469274
 121 -69.38547486033519
 77 -67.37430167597765
 106 -65.3631284916201
 41 -63.35195530726256
 231 -61.34078212290503
 149 -59.32960893854748
 205 -57.31843575418993
 97 -55.3072625698324
 79 -53.29608938547486
 225 -51.28491620111731
 43 -49.27374301675977
 95 -47.26256983240222
 2 -45.25139664804468
 274 -43.24022346368713
 4 -41.22905027932961
 135 -39.21787709497207
 291 -37.20670391061452
 456 -35.19553072625698
 83 -33.18435754189943
 45 -31.17318435754188
 150 -29.16201117318434
 10 -27.15083798882682
 54 -25.13966480446928
 661 -23.12849162011173
 155 -21.11731843575419
 34 -19.10614525139664
 14 -17.09497206703909
 28 -15.08379888268155
 174 -13.072625698324
 5 -11.06145251396646
 618 -9.050279329608941
 1 -7.039106145251395
 135 -5.02793296089385
 22 -3.016759776536304
 5 -1.005586592178759
 22 1.005586592178787
 121 3.016759776536333
 3 5.02793296089385
 582 7.039106145251395
 7 9.050279329608941
 116 11.06145251396649
 43 13.07262569832403
 16 15.08379888268158
 65 17.09497206703912
 104 19.10614525139667
 556 21.11731843575421
 60 23.12849162011173
 84 25.13966480446928
 91 27.15083798882682
 54 29.16201117318437
 200 31.17318435754191
 282 33.18435754189946
 206 35.195530726257
 177 37.20670391061452
 43 39.21787709497207
 276 41.22905027932961
 1 43.24022346368716
 111 45.2513966480447
 57 47.26256983240225
 213 49.27374301675979
 71 51.28491620111734
 179 53.29608938547489
 86 55.3072625698324
 125 57.31843575418995
 256 59.32960893854749
 44 61.34078212290504
 108 63.35195530726259
 74 65.36312849162013
 103 67.37430167597768
 41 69.38547486033519
 23 71.39664804469274
 38 73.40782122905028
 10 75.41899441340783
 7 77.43016759776538
 4 79.44134078212289
 0 81.45251396648047
 2 83.46368715083798
 4 85.47486033519556
 7 87.48603351955308
 7665 89.49720670391065
 5 91.50837988826817
 1 93.51955307262574
 1 95.53072625698326
 0 97.54189944134077
 3 99.55307262569835
 10 101.5642458100559
 24 103.5754189944134
 31 105.586592178771
 23 107.5977653631285
 113 109.608938547486
 114 111.6201117318436
 124 113.6312849162011
 5 115.6424581005587
 204 117.6536312849162
 121 119.6648044692737
 76 121.6759776536313
 175 123.6871508379888
 158 125.6983240223464
 73 127.7094972067039
 163 129.7206703910614
 198 131.731843575419
 1 133.7430167597765
 120 135.7541899441341
 158 137.7653631284916
 105 139.7765363128492
 140 141.7877094972067
 474 143.7988826815642
 141 145.8100558659218
 194 147.8212290502793
 47 149.8324022346369
 153 151.8435754189944
 55 153.854748603352
 425 155.8659217877095
 42 157.8770949720671
 125 159.8882681564246
 74 161.8994413407821
 49 163.9106145251397
 12 165.9217877094972
 123 167.9329608938548
 205 169.9441340782123
 293 171.9553072625699
 3 173.9664804469274
 165 175.9776536312849
 4 177.9888268156425
 0 180


