# Created by Octave 3.8.2, Mon Jun 22 18:43:07 2020 CEST <damian@fptrucha.inv.usc.es>
# name: hd
# type: matrix
# rows: 180
# columns: 2
 6 -180
 163 -177.9888268156425
 6 -175.9776536312849
 362 -173.9664804469274
 263 -171.9553072625698
 158 -169.9441340782123
 40 -167.9329608938548
 48 -165.9217877094972
 72 -163.9106145251397
 188 -161.8994413407821
 52 -159.8882681564246
 619 -157.877094972067
 60 -155.8659217877095
 160 -153.854748603352
 52 -151.8435754189944
 84 -149.8324022346369
 255 -147.8212290502793
 569 -145.8100558659218
 138 -143.7988826815642
 95 -141.7877094972067
 172 -139.7765363128491
 114 -137.7653631284916
 4 -135.7541899441341
 181 -133.7430167597765
 184 -131.731843575419
 68 -129.7206703910614
 207 -127.7094972067039
 254 -125.6983240223464
 118 -123.6871508379888
 204 -121.6759776536313
 245 -119.6648044692737
 6 -117.6536312849162
 110 -115.6424581005587
 130 -113.6312849162011
 127 -111.6201117318436
 23 -109.608938547486
 45 -107.5977653631285
 37 -105.5865921787709
 16 -103.5754189944134
 2 -101.5642458100559
 1 -99.55307262569832
 3 -97.54189944134077
 5 -95.53072625698323
 10 -93.5195530726257
 8523 -91.50837988826815
 12 -89.49720670391061
 9 -87.48603351955308
 3 -85.47486033519553
 3 -83.46368715083798
 4 -81.45251396648044
 14 -79.44134078212289
 6 -77.43016759776536
 55 -75.41899441340782
 41 -73.40782122905027
 64 -71.39664804469274
 125 -69.38547486033519
 79 -67.37430167597765
 119 -65.3631284916201
 50 -63.35195530726256
 288 -61.34078212290503
 151 -59.32960893854748
 228 -57.31843575418993
 105 -55.3072625698324
 81 -53.29608938547486
 241 -51.28491620111731
 63 -49.27374301675977
 120 -47.26256983240222
 6 -45.25139664804468
 292 -43.24022346368713
 4 -41.22905027932961
 194 -39.21787709497207
 310 -37.20670391061452
 447 -35.19553072625698
 131 -33.18435754189943
 74 -31.17318435754188
 175 -29.16201117318434
 15 -27.15083798882682
 59 -25.13966480446928
 590 -23.12849162011173
 151 -21.11731843575419
 56 -19.10614525139664
 12 -17.09497206703909
 49 -15.08379888268155
 155 -13.072625698324
 13 -11.06145251396646
 639 -9.050279329608941
 5 -7.039106145251395
 146 -5.02793296089385
 25 -3.016759776536304
 4 -1.005586592178759
 18 1.005586592178787
 134 3.016759776536333
 0 5.02793296089385
 574 7.039106145251395
 7 9.050279329608941
 153 11.06145251396649
 34 13.07262569832403
 20 15.08379888268158
 60 17.09497206703912
 121 19.10614525139667
 584 21.11731843575421
 58 23.12849162011173
 89 25.13966480446928
 87 27.15083798882682
 63 29.16201117318437
 228 31.17318435754191
 371 33.18435754189946
 259 35.195530726257
 150 37.20670391061452
 43 39.21787709497207
 307 41.22905027932961
 0 43.24022346368716
 105 45.2513966480447
 63 47.26256983240225
 218 49.27374301675979
 91 51.28491620111734
 182 53.29608938547489
 78 55.3072625698324
 162 57.31843575418995
 280 59.32960893854749
 61 61.34078212290504
 118 63.35195530726259
 84 65.36312849162013
 128 67.37430167597768
 43 69.38547486033519
 28 71.39664804469274
 48 73.40782122905028
 6 75.41899441340783
 7 77.43016759776538
 2 79.44134078212289
 1 81.45251396648047
 0 83.46368715083798
 5 85.47486033519556
 14 87.48603351955308
 7727 89.49720670391065
 1 91.50837988826817
 3 93.51955307262574
 1 95.53072625698326
 2 97.54189944134077
 5 99.55307262569835
 14 101.5642458100559
 25 103.5754189944134
 40 105.586592178771
 20 107.5977653631285
 125 109.608938547486
 103 111.6201117318436
 139 113.6312849162011
 5 115.6424581005587
 183 117.6536312849162
 183 119.6648044692737
 98 121.6759776536313
 178 123.6871508379888
 209 125.6983240223464
 87 127.7094972067039
 157 129.7206703910614
 187 131.731843575419
 2 133.7430167597765
 124 135.7541899441341
 197 137.7653631284916
 100 139.7765363128492
 142 141.7877094972067
 486 143.7988826815642
 139 145.8100558659218
 178 147.8212290502793
 50 149.8324022346369
 144 151.8435754189944
 68 153.854748603352
 511 155.8659217877095
 43 157.8770949720671
 136 159.8882681564246
 66 161.8994413407821
 43 163.9106145251397
 18 165.9217877094972
 155 167.9329608938548
 247 169.9441340782123
 362 171.9553072625699
 7 173.9664804469274
 149 175.9776536312849
 2 177.9888268156425
 0 180


