# Created by Octave 3.8.2, Mon Jun 22 01:56:45 2020 CEST <damian@fptrucha.inv.usc.es>
# name: hd
# type: matrix
# rows: 180
# columns: 2
 3 -180
 160 -177.9888268156425
 1 -175.9776536312849
 371 -173.9664804469274
 225 -171.9553072625698
 166 -169.9441340782123
 39 -167.9329608938548
 51 -165.9217877094972
 57 -163.9106145251397
 160 -161.8994413407821
 38 -159.8882681564246
 531 -157.877094972067
 77 -155.8659217877095
 133 -153.854748603352
 37 -151.8435754189944
 79 -149.8324022346369
 188 -147.8212290502793
 632 -145.8100558659218
 113 -143.7988826815642
 95 -141.7877094972067
 201 -139.7765363128491
 111 -137.7653631284916
 7 -135.7541899441341
 154 -133.7430167597765
 144 -131.731843575419
 69 -129.7206703910614
 195 -127.7094972067039
 234 -125.6983240223464
 97 -123.6871508379888
 226 -121.6759776536313
 176 -119.6648044692737
 4 -117.6536312849162
 129 -115.6424581005587
 114 -113.6312849162011
 151 -111.6201117318436
 16 -109.608938547486
 50 -107.5977653631285
 29 -105.5865921787709
 15 -103.5754189944134
 1 -101.5642458100559
 0 -99.55307262569832
 3 -97.54189944134077
 1 -95.53072625698323
 12 -93.5195530726257
 7912 -91.50837988826815
 14 -89.49720670391061
 4 -87.48603351955308
 1 -85.47486033519553
 0 -83.46368715083798
 1 -81.45251396648044
 10 -79.44134078212289
 8 -77.43016759776536
 47 -75.41899441340782
 22 -73.40782122905027
 40 -71.39664804469274
 111 -69.38547486033519
 59 -67.37430167597765
 103 -65.3631284916201
 49 -63.35195530726256
 273 -61.34078212290503
 158 -59.32960893854748
 205 -57.31843575418993
 90 -55.3072625698324
 78 -53.29608938547486
 215 -51.28491620111731
 55 -49.27374301675977
 130 -47.26256983240222
 3 -45.25139664804468
 279 -43.24022346368713
 1 -41.22905027932961
 170 -39.21787709497207
 316 -37.20670391061452
 501 -35.19553072625698
 117 -33.18435754189943
 79 -31.17318435754188
 161 -29.16201117318434
 11 -27.15083798882682
 68 -25.13966480446928
 581 -23.12849162011173
 164 -21.11731843575419
 66 -19.10614525139664
 10 -17.09497206703909
 32 -15.08379888268155
 170 -13.072625698324
 13 -11.06145251396646
 607 -9.050279329608941
 4 -7.039106145251395
 123 -5.02793296089385
 23 -3.016759776536304
 3 -1.005586592178759
 19 1.005586592178787
 110 3.016759776536333
 5 5.02793296089385
 576 7.039106145251395
 14 9.050279329608941
 123 11.06145251396649
 42 13.07262569832403
 14 15.08379888268158
 68 17.09497206703912
 114 19.10614525139667
 511 21.11731843575421
 69 23.12849162011173
 98 25.13966480446928
 109 27.15083798882682
 52 29.16201117318437
 219 31.17318435754191
 332 33.18435754189946
 257 35.195530726257
 171 37.20670391061452
 29 39.21787709497207
 314 41.22905027932961
 1 43.24022346368716
 128 45.2513966480447
 76 47.26256983240225
 259 49.27374301675979
 78 51.28491620111734
 189 53.29608938547489
 78 55.3072625698324
 138 57.31843575418995
 250 59.32960893854749
 81 61.34078212290504
 114 63.35195530726259
 67 65.36312849162013
 113 67.37430167597768
 38 69.38547486033519
 36 71.39664804469274
 60 73.40782122905028
 8 75.41899441340783
 5 77.43016759776538
 3 79.44134078212289
 0 81.45251396648047
 1 83.46368715083798
 6 85.47486033519556
 8 87.48603351955308
 7567 89.49720670391065
 7 91.50837988826817
 1 93.51955307262574
 1 95.53072625698326
 0 97.54189944134077
 3 99.55307262569835
 22 101.5642458100559
 19 103.5754189944134
 42 105.586592178771
 24 107.5977653631285
 122 109.608938547486
 131 111.6201117318436
 120 113.6312849162011
 3 115.6424581005587
 194 117.6536312849162
 175 119.6648044692737
 89 121.6759776536313
 176 123.6871508379888
 173 125.6983240223464
 89 127.7094972067039
 165 129.7206703910614
 183 131.731843575419
 3 133.7430167597765
 127 135.7541899441341
 195 137.7653631284916
 94 139.7765363128492
 142 141.7877094972067
 454 143.7988826815642
 123 145.8100558659218
 220 147.8212290502793
 56 149.8324022346369
 144 151.8435754189944
 75 153.854748603352
 469 155.8659217877095
 43 157.8770949720671
 131 159.8882681564246
 76 161.8994413407821
 61 163.9106145251397
 16 165.9217877094972
 148 167.9329608938548
 181 169.9441340782123
 321 171.9553072625699
 4 173.9664804469274
 153 175.9776536312849
 3 177.9888268156425
 0 180


