# Created by Octave 3.8.2, Mon Jun 22 02:57:40 2020 CEST <damian@fptrucha.inv.usc.es>
# name: hd
# type: matrix
# rows: 180
# columns: 2
 2 -180
 174 -177.9888268156425
 5 -175.9776536312849
 364 -173.9664804469274
 228 -171.9553072625698
 137 -169.9441340782123
 32 -167.9329608938548
 45 -165.9217877094972
 89 -163.9106145251397
 147 -161.8994413407821
 41 -159.8882681564246
 502 -157.877094972067
 62 -155.8659217877095
 122 -153.854748603352
 41 -151.8435754189944
 67 -149.8324022346369
 208 -147.8212290502793
 534 -145.8100558659218
 111 -143.7988826815642
 72 -141.7877094972067
 180 -139.7765363128491
 125 -137.7653631284916
 3 -135.7541899441341
 169 -133.7430167597765
 142 -131.731843575419
 64 -129.7206703910614
 163 -127.7094972067039
 212 -125.6983240223464
 98 -123.6871508379888
 177 -121.6759776536313
 193 -119.6648044692737
 10 -117.6536312849162
 101 -115.6424581005587
 105 -113.6312849162011
 114 -111.6201117318436
 21 -109.608938547486
 51 -107.5977653631285
 25 -105.5865921787709
 12 -103.5754189944134
 2 -101.5642458100559
 1 -99.55307262569832
 0 -97.54189944134077
 3 -95.53072625698323
 11 -93.5195530726257
 7287 -91.50837988826815
 20 -89.49720670391061
 10 -87.48603351955308
 3 -85.47486033519553
 0 -83.46368715083798
 7 -81.45251396648044
 5 -79.44134078212289
 10 -77.43016759776536
 40 -75.41899441340782
 28 -73.40782122905027
 44 -71.39664804469274
 108 -69.38547486033519
 61 -67.37430167597765
 103 -65.3631284916201
 54 -63.35195530726256
 247 -61.34078212290503
 123 -59.32960893854748
 206 -57.31843575418993
 86 -55.3072625698324
 76 -53.29608938547486
 201 -51.28491620111731
 58 -49.27374301675977
 113 -47.26256983240222
 1 -45.25139664804468
 277 -43.24022346368713
 6 -41.22905027932961
 149 -39.21787709497207
 290 -37.20670391061452
 416 -35.19553072625698
 92 -33.18435754189943
 62 -31.17318435754188
 152 -29.16201117318434
 4 -27.15083798882682
 64 -25.13966480446928
 518 -23.12849162011173
 142 -21.11731843575419
 56 -19.10614525139664
 5 -17.09497206703909
 44 -15.08379888268155
 141 -13.072625698324
 8 -11.06145251396646
 537 -9.050279329608941
 5 -7.039106145251395
 124 -5.02793296089385
 25 -3.016759776536304
 4 -1.005586592178759
 23 1.005586592178787
 132 3.016759776536333
 4 5.02793296089385
 487 7.039106145251395
 7 9.050279329608941
 165 11.06145251396649
 43 13.07262569832403
 14 15.08379888268158
 48 17.09497206703912
 125 19.10614525139667
 505 21.11731843575421
 54 23.12849162011173
 73 25.13966480446928
 103 27.15083798882682
 80 29.16201117318437
 204 31.17318435754191
 317 33.18435754189946
 229 35.195530726257
 158 37.20670391061452
 39 39.21787709497207
 305 41.22905027932961
 1 43.24022346368716
 111 45.2513966480447
 58 47.26256983240225
 225 49.27374301675979
 88 51.28491620111734
 232 53.29608938547489
 80 55.3072625698324
 169 57.31843575418995
 235 59.32960893854749
 47 61.34078212290504
 114 63.35195530726259
 79 65.36312849162013
 123 67.37430167597768
 55 69.38547486033519
 36 71.39664804469274
 52 73.40782122905028
 8 75.41899441340783
 6 77.43016759776538
 0 79.44134078212289
 1 81.45251396648047
 0 83.46368715083798
 11 85.47486033519556
 12 87.48603351955308
 7096 89.49720670391065
 12 91.50837988826817
 6 93.51955307262574
 2 95.53072625698326
 1 97.54189944134077
 5 99.55307262569835
 19 101.5642458100559
 26 103.5754189944134
 36 105.586592178771
 21 107.5977653631285
 114 109.608938547486
 130 111.6201117318436
 127 113.6312849162011
 4 115.6424581005587
 199 117.6536312849162
 167 119.6648044692737
 102 121.6759776536313
 174 123.6871508379888
 162 125.6983240223464
 84 127.7094972067039
 149 129.7206703910614
 187 131.731843575419
 5 133.7430167597765
 144 135.7541899441341
 175 137.7653631284916
 98 139.7765363128492
 124 141.7877094972067
 457 143.7988826815642
 123 145.8100558659218
 216 147.8212290502793
 51 149.8324022346369
 153 151.8435754189944
 54 153.854748603352
 453 155.8659217877095
 47 157.8770949720671
 135 159.8882681564246
 62 161.8994413407821
 45 163.9106145251397
 22 165.9217877094972
 148 167.9329608938548
 205 169.9441340782123
 320 171.9553072625699
 5 173.9664804469274
 161 175.9776536312849
 10 177.9888268156425
 0 180


