# Created by Octave 3.8.2, Mon Jun 22 16:46:21 2020 CEST <damian@fptrucha.inv.usc.es>
# name: hd
# type: matrix
# rows: 180
# columns: 2
 1 -180
 179 -177.9888268156425
 6 -175.9776536312849
 390 -173.9664804469274
 257 -171.9553072625698
 145 -169.9441340782123
 34 -167.9329608938548
 35 -165.9217877094972
 69 -163.9106145251397
 177 -161.8994413407821
 39 -159.8882681564246
 568 -157.877094972067
 73 -155.8659217877095
 120 -153.854748603352
 47 -151.8435754189944
 74 -149.8324022346369
 239 -147.8212290502793
 598 -145.8100558659218
 118 -143.7988826815642
 90 -141.7877094972067
 154 -139.7765363128491
 113 -137.7653631284916
 5 -135.7541899441341
 180 -133.7430167597765
 150 -131.731843575419
 90 -129.7206703910614
 197 -127.7094972067039
 229 -125.6983240223464
 107 -123.6871508379888
 182 -121.6759776536313
 188 -119.6648044692737
 3 -117.6536312849162
 116 -115.6424581005587
 140 -113.6312849162011
 120 -111.6201117318436
 18 -109.608938547486
 43 -107.5977653631285
 28 -105.5865921787709
 22 -103.5754189944134
 4 -101.5642458100559
 0 -99.55307262569832
 5 -97.54189944134077
 0 -95.53072625698323
 6 -93.5195530726257
 8063 -91.50837988826815
 12 -89.49720670391061
 2 -87.48603351955308
 2 -85.47486033519553
 1 -83.46368715083798
 2 -81.45251396648044
 12 -79.44134078212289
 8 -77.43016759776536
 64 -75.41899441340782
 38 -73.40782122905027
 47 -71.39664804469274
 142 -69.38547486033519
 87 -67.37430167597765
 112 -65.3631284916201
 59 -63.35195530726256
 257 -61.34078212290503
 181 -59.32960893854748
 208 -57.31843575418993
 89 -55.3072625698324
 72 -53.29608938547486
 223 -51.28491620111731
 68 -49.27374301675977
 123 -47.26256983240222
 2 -45.25139664804468
 312 -43.24022346368713
 5 -41.22905027932961
 172 -39.21787709497207
 321 -37.20670391061452
 454 -35.19553072625698
 119 -33.18435754189943
 65 -31.17318435754188
 198 -29.16201117318434
 11 -27.15083798882682
 47 -25.13966480446928
 609 -23.12849162011173
 124 -21.11731843575419
 44 -19.10614525139664
 16 -17.09497206703909
 42 -15.08379888268155
 166 -13.072625698324
 7 -11.06145251396646
 605 -9.050279329608941
 2 -7.039106145251395
 136 -5.02793296089385
 24 -3.016759776536304
 2 -1.005586592178759
 20 1.005586592178787
 140 3.016759776536333
 4 5.02793296089385
 525 7.039106145251395
 15 9.050279329608941
 148 11.06145251396649
 46 13.07262569832403
 21 15.08379888268158
 61 17.09497206703912
 140 19.10614525139667
 534 21.11731843575421
 79 23.12849162011173
 79 25.13966480446928
 106 27.15083798882682
 70 29.16201117318437
 202 31.17318435754191
 340 33.18435754189946
 248 35.195530726257
 149 37.20670391061452
 43 39.21787709497207
 269 41.22905027932961
 3 43.24022346368716
 117 45.2513966480447
 73 47.26256983240225
 216 49.27374301675979
 86 51.28491620111734
 195 53.29608938547489
 97 55.3072625698324
 149 57.31843575418995
 255 59.32960893854749
 65 61.34078212290504
 107 63.35195530726259
 87 65.36312849162013
 128 67.37430167597768
 60 69.38547486033519
 34 71.39664804469274
 59 73.40782122905028
 5 75.41899441340783
 11 77.43016759776538
 1 79.44134078212289
 1 81.45251396648047
 1 83.46368715083798
 3 85.47486033519556
 18 87.48603351955308
 7601 89.49720670391065
 6 91.50837988826817
 6 93.51955307262574
 0 95.53072625698326
 3 97.54189944134077
 4 99.55307262569835
 19 101.5642458100559
 28 103.5754189944134
 42 105.586592178771
 25 107.5977653631285
 119 109.608938547486
 128 111.6201117318436
 145 113.6312849162011
 2 115.6424581005587
 210 117.6536312849162
 168 119.6648044692737
 90 121.6759776536313
 183 123.6871508379888
 186 125.6983240223464
 88 127.7094972067039
 166 129.7206703910614
 196 131.731843575419
 3 133.7430167597765
 132 135.7541899441341
 175 137.7653631284916
 102 139.7765363128492
 155 141.7877094972067
 551 143.7988826815642
 117 145.8100558659218
 243 147.8212290502793
 39 149.8324022346369
 141 151.8435754189944
 82 153.854748603352
 476 155.8659217877095
 49 157.8770949720671
 137 159.8882681564246
 69 161.8994413407821
 56 163.9106145251397
 32 165.9217877094972
 158 167.9329608938548
 222 169.9441340782123
 352 171.9553072625699
 8 173.9664804469274
 173 175.9776536312849
 14 177.9888268156425
 0 180


