# Created by Octave 3.8.2, Sat Jun 20 18:59:01 2020 CEST <damian@fptrucha.inv.usc.es>
# name: hd
# type: matrix
# rows: 180
# columns: 2
 4 -180
 154 -177.9888268156425
 2 -175.9776536312849
 380 -173.9664804469274
 240 -171.9553072625698
 127 -169.9441340782123
 28 -167.9329608938548
 28 -165.9217877094972
 76 -163.9106145251397
 160 -161.8994413407821
 41 -159.8882681564246
 610 -157.877094972067
 53 -155.8659217877095
 125 -153.854748603352
 36 -151.8435754189944
 71 -149.8324022346369
 197 -147.8212290502793
 578 -145.8100558659218
 130 -143.7988826815642
 95 -141.7877094972067
 175 -139.7765363128491
 107 -137.7653631284916
 0 -135.7541899441341
 150 -133.7430167597765
 152 -131.731843575419
 78 -129.7206703910614
 175 -127.7094972067039
 220 -125.6983240223464
 104 -123.6871508379888
 195 -121.6759776536313
 171 -119.6648044692737
 5 -117.6536312849162
 88 -115.6424581005587
 107 -113.6312849162011
 126 -111.6201117318436
 23 -109.608938547486
 31 -107.5977653631285
 15 -105.5865921787709
 12 -103.5754189944134
 2 -101.5642458100559
 1 -99.55307262569832
 0 -97.54189944134077
 1 -95.53072625698323
 5 -93.5195530726257
 8082 -91.50837988826815
 9 -89.49720670391061
 1 -87.48603351955308
 2 -85.47486033519553
 0 -83.46368715083798
 0 -81.45251396648044
 2 -79.44134078212289
 3 -77.43016759776536
 46 -75.41899441340782
 17 -73.40782122905027
 49 -71.39664804469274
 91 -69.38547486033519
 64 -67.37430167597765
 94 -65.3631284916201
 41 -63.35195530726256
 245 -61.34078212290503
 146 -59.32960893854748
 231 -57.31843575418993
 90 -55.3072625698324
 70 -53.29608938547486
 217 -51.28491620111731
 57 -49.27374301675977
 121 -47.26256983240222
 2 -45.25139664804468
 248 -43.24022346368713
 2 -41.22905027932961
 160 -39.21787709497207
 310 -37.20670391061452
 461 -35.19553072625698
 115 -33.18435754189943
 60 -31.17318435754188
 125 -29.16201117318434
 8 -27.15083798882682
 58 -25.13966480446928
 663 -23.12849162011173
 131 -21.11731843575419
 38 -19.10614525139664
 7 -17.09497206703909
 28 -15.08379888268155
 149 -13.072625698324
 12 -11.06145251396646
 544 -9.050279329608941
 0 -7.039106145251395
 129 -5.02793296089385
 27 -3.016759776536304
 3 -1.005586592178759
 22 1.005586592178787
 140 3.016759776536333
 1 5.02793296089385
 525 7.039106145251395
 12 9.050279329608941
 129 11.06145251396649
 41 13.07262569832403
 11 15.08379888268158
 53 17.09497206703912
 99 19.10614525139667
 540 21.11731843575421
 65 23.12849162011173
 93 25.13966480446928
 98 27.15083798882682
 66 29.16201117318437
 200 31.17318435754191
 323 33.18435754189946
 219 35.195530726257
 160 37.20670391061452
 42 39.21787709497207
 279 41.22905027932961
 1 43.24022346368716
 126 45.2513966480447
 61 47.26256983240225
 256 49.27374301675979
 74 51.28491620111734
 221 53.29608938547489
 75 55.3072625698324
 132 57.31843575418995
 253 59.32960893854749
 78 61.34078212290504
 112 63.35195530726259
 64 65.36312849162013
 93 67.37430167597768
 51 69.38547486033519
 26 71.39664804469274
 49 73.40782122905028
 6 75.41899441340783
 4 77.43016759776538
 2 79.44134078212289
 0 81.45251396648047
 0 83.46368715083798
 4 85.47486033519556
 8 87.48603351955308
 7828 89.49720670391065
 8 91.50837988826817
 3 93.51955307262574
 2 95.53072625698326
 1 97.54189944134077
 3 99.55307262569835
 12 101.5642458100559
 18 103.5754189944134
 31 105.586592178771
 23 107.5977653631285
 108 109.608938547486
 105 111.6201117318436
 124 113.6312849162011
 2 115.6424581005587
 212 117.6536312849162
 159 119.6648044692737
 89 121.6759776536313
 160 123.6871508379888
 198 125.6983240223464
 83 127.7094972067039
 149 129.7206703910614
 153 131.731843575419
 2 133.7430167597765
 125 135.7541899441341
 185 137.7653631284916
 100 139.7765363128492
 146 141.7877094972067
 432 143.7988826815642
 135 145.8100558659218
 199 147.8212290502793
 45 149.8324022346369
 161 151.8435754189944
 59 153.854748603352
 433 155.8659217877095
 51 157.8770949720671
 128 159.8882681564246
 61 161.8994413407821
 44 163.9106145251397
 16 165.9217877094972
 125 167.9329608938548
 249 169.9441340782123
 350 171.9553072625699
 3 173.9664804469274
 133 175.9776536312849
 1 177.9888268156425
 0 180


