# Created by Octave 3.8.2, Mon Jun 22 22:00:43 2020 CEST <damian@fptrucha.inv.usc.es>
# name: hd
# type: matrix
# rows: 180
# columns: 2
 5 -180
 189 -177.9888268156425
 6 -175.9776536312849
 422 -173.9664804469274
 232 -171.9553072625698
 145 -169.9441340782123
 26 -167.9329608938548
 41 -165.9217877094972
 65 -163.9106145251397
 175 -161.8994413407821
 44 -159.8882681564246
 650 -157.877094972067
 70 -155.8659217877095
 150 -153.854748603352
 44 -151.8435754189944
 78 -149.8324022346369
 244 -147.8212290502793
 658 -145.8100558659218
 123 -143.7988826815642
 115 -141.7877094972067
 205 -139.7765363128491
 115 -137.7653631284916
 5 -135.7541899441341
 170 -133.7430167597765
 189 -131.731843575419
 76 -129.7206703910614
 212 -127.7094972067039
 230 -125.6983240223464
 128 -123.6871508379888
 194 -121.6759776536313
 203 -119.6648044692737
 5 -117.6536312849162
 112 -115.6424581005587
 144 -113.6312849162011
 149 -111.6201117318436
 24 -109.608938547486
 34 -107.5977653631285
 21 -105.5865921787709
 13 -103.5754189944134
 2 -101.5642458100559
 1 -99.55307262569832
 0 -97.54189944134077
 8 -95.53072625698323
 13 -93.5195530726257
 8641 -91.50837988826815
 15 -89.49720670391061
 4 -87.48603351955308
 1 -85.47486033519553
 2 -83.46368715083798
 0 -81.45251396648044
 9 -79.44134078212289
 9 -77.43016759776536
 76 -75.41899441340782
 27 -73.40782122905027
 50 -71.39664804469274
 141 -69.38547486033519
 80 -67.37430167597765
 121 -65.3631284916201
 63 -63.35195530726256
 290 -61.34078212290503
 154 -59.32960893854748
 266 -57.31843575418993
 92 -55.3072625698324
 94 -53.29608938547486
 241 -51.28491620111731
 53 -49.27374301675977
 121 -47.26256983240222
 2 -45.25139664804468
 334 -43.24022346368713
 7 -41.22905027932961
 178 -39.21787709497207
 297 -37.20670391061452
 481 -35.19553072625698
 106 -33.18435754189943
 67 -31.17318435754188
 159 -29.16201117318434
 12 -27.15083798882682
 62 -25.13966480446928
 618 -23.12849162011173
 149 -21.11731843575419
 54 -19.10614525139664
 16 -17.09497206703909
 50 -15.08379888268155
 168 -13.072625698324
 12 -11.06145251396646
 610 -9.050279329608941
 5 -7.039106145251395
 146 -5.02793296089385
 22 -3.016759776536304
 2 -1.005586592178759
 21 1.005586592178787
 129 3.016759776536333
 4 5.02793296089385
 576 7.039106145251395
 9 9.050279329608941
 126 11.06145251396649
 46 13.07262569832403
 12 15.08379888268158
 56 17.09497206703912
 129 19.10614525139667
 534 21.11731843575421
 63 23.12849162011173
 92 25.13966480446928
 109 27.15083798882682
 60 29.16201117318437
 223 31.17318435754191
 393 33.18435754189946
 262 35.195530726257
 162 37.20670391061452
 35 39.21787709497207
 264 41.22905027932961
 4 43.24022346368716
 117 45.2513966480447
 62 47.26256983240225
 225 49.27374301675979
 96 51.28491620111734
 200 53.29608938547489
 98 55.3072625698324
 146 57.31843575418995
 263 59.32960893854749
 61 61.34078212290504
 142 63.35195530726259
 76 65.36312849162013
 113 67.37430167597768
 45 69.38547486033519
 34 71.39664804469274
 50 73.40782122905028
 9 75.41899441340783
 7 77.43016759776538
 2 79.44134078212289
 1 81.45251396648047
 3 83.46368715083798
 6 85.47486033519556
 15 87.48603351955308
 7971 89.49720670391065
 9 91.50837988826817
 5 93.51955307262574
 3 95.53072625698326
 1 97.54189944134077
 1 99.55307262569835
 15 101.5642458100559
 30 103.5754189944134
 37 105.586592178771
 34 107.5977653631285
 120 109.608938547486
 137 111.6201117318436
 125 113.6312849162011
 1 115.6424581005587
 211 117.6536312849162
 172 119.6648044692737
 102 121.6759776536313
 170 123.6871508379888
 188 125.6983240223464
 92 127.7094972067039
 157 129.7206703910614
 217 131.731843575419
 6 133.7430167597765
 133 135.7541899441341
 173 137.7653631284916
 120 139.7765363128492
 152 141.7877094972067
 516 143.7988826815642
 125 145.8100558659218
 216 147.8212290502793
 47 149.8324022346369
 140 151.8435754189944
 65 153.854748603352
 529 155.8659217877095
 45 157.8770949720671
 146 159.8882681564246
 76 161.8994413407821
 50 163.9106145251397
 29 165.9217877094972
 143 167.9329608938548
 238 169.9441340782123
 349 171.9553072625699
 3 173.9664804469274
 176 175.9776536312849
 7 177.9888268156425
 0 180


