# Created by Octave 3.8.2, Sun Jun 21 02:04:38 2020 CEST <damian@fptrucha.inv.usc.es>
# name: hd
# type: matrix
# rows: 180
# columns: 2
 3 -180
 151 -177.9888268156425
 3 -175.9776536312849
 354 -173.9664804469274
 224 -171.9553072625698
 148 -169.9441340782123
 29 -167.9329608938548
 34 -165.9217877094972
 39 -163.9106145251397
 156 -161.8994413407821
 41 -159.8882681564246
 616 -157.877094972067
 65 -155.8659217877095
 130 -153.854748603352
 32 -151.8435754189944
 49 -149.8324022346369
 210 -147.8212290502793
 616 -145.8100558659218
 136 -143.7988826815642
 98 -141.7877094972067
 154 -139.7765363128491
 82 -137.7653631284916
 6 -135.7541899441341
 157 -133.7430167597765
 145 -131.731843575419
 89 -129.7206703910614
 189 -127.7094972067039
 211 -125.6983240223464
 99 -123.6871508379888
 173 -121.6759776536313
 199 -119.6648044692737
 3 -117.6536312849162
 83 -115.6424581005587
 122 -113.6312849162011
 109 -111.6201117318436
 15 -109.608938547486
 39 -107.5977653631285
 25 -105.5865921787709
 11 -103.5754189944134
 1 -101.5642458100559
 3 -99.55307262569832
 0 -97.54189944134077
 3 -95.53072625698323
 7 -93.5195530726257
 7769 -91.50837988826815
 4 -89.49720670391061
 5 -87.48603351955308
 0 -85.47486033519553
 0 -83.46368715083798
 2 -81.45251396648044
 6 -79.44134078212289
 6 -77.43016759776536
 49 -75.41899441340782
 21 -73.40782122905027
 47 -71.39664804469274
 103 -69.38547486033519
 79 -67.37430167597765
 92 -65.3631284916201
 43 -63.35195530726256
 240 -61.34078212290503
 142 -59.32960893854748
 231 -57.31843575418993
 94 -55.3072625698324
 71 -53.29608938547486
 195 -51.28491620111731
 44 -49.27374301675977
 94 -47.26256983240222
 2 -45.25139664804468
 287 -43.24022346368713
 1 -41.22905027932961
 138 -39.21787709497207
 326 -37.20670391061452
 447 -35.19553072625698
 118 -33.18435754189943
 68 -31.17318435754188
 153 -29.16201117318434
 14 -27.15083798882682
 49 -25.13966480446928
 646 -23.12849162011173
 124 -21.11731843575419
 47 -19.10614525139664
 7 -17.09497206703909
 39 -15.08379888268155
 164 -13.072625698324
 11 -11.06145251396646
 575 -9.050279329608941
 2 -7.039106145251395
 127 -5.02793296089385
 16 -3.016759776536304
 2 -1.005586592178759
 17 1.005586592178787
 138 3.016759776536333
 3 5.02793296089385
 518 7.039106145251395
 7 9.050279329608941
 141 11.06145251396649
 46 13.07262569832403
 8 15.08379888268158
 64 17.09497206703912
 99 19.10614525139667
 519 21.11731843575421
 60 23.12849162011173
 89 25.13966480446928
 102 27.15083798882682
 58 29.16201117318437
 188 31.17318435754191
 293 33.18435754189946
 211 35.195530726257
 169 37.20670391061452
 33 39.21787709497207
 287 41.22905027932961
 2 43.24022346368716
 114 45.2513966480447
 61 47.26256983240225
 227 49.27374301675979
 76 51.28491620111734
 167 53.29608938547489
 69 55.3072625698324
 130 57.31843575418995
 222 59.32960893854749
 59 61.34078212290504
 133 63.35195530726259
 76 65.36312849162013
 95 67.37430167597768
 30 69.38547486033519
 35 71.39664804469274
 45 73.40782122905028
 5 75.41899441340783
 6 77.43016759776538
 2 79.44134078212289
 0 81.45251396648047
 3 83.46368715083798
 3 85.47486033519556
 8 87.48603351955308
 7454 89.49720670391065
 7 91.50837988826817
 2 93.51955307262574
 0 95.53072625698326
 2 97.54189944134077
 4 99.55307262569835
 11 101.5642458100559
 17 103.5754189944134
 34 105.586592178771
 17 107.5977653631285
 101 109.608938547486
 120 111.6201117318436
 99 113.6312849162011
 0 115.6424581005587
 225 117.6536312849162
 144 119.6648044692737
 79 121.6759776536313
 156 123.6871508379888
 160 125.6983240223464
 86 127.7094972067039
 142 129.7206703910614
 168 131.731843575419
 2 133.7430167597765
 121 135.7541899441341
 174 137.7653631284916
 93 139.7765363128492
 148 141.7877094972067
 498 143.7988826815642
 120 145.8100558659218
 188 147.8212290502793
 40 149.8324022346369
 153 151.8435754189944
 70 153.854748603352
 470 155.8659217877095
 53 157.8770949720671
 136 159.8882681564246
 71 161.8994413407821
 49 163.9106145251397
 19 165.9217877094972
 114 167.9329608938548
 208 169.9441340782123
 328 171.9553072625699
 2 173.9664804469274
 147 175.9776536312849
 3 177.9888268156425
 0 180


