# Created by Octave 3.8.2, Mon Jun 22 08:21:32 2020 CEST <damian@fptrucha.inv.usc.es>
# name: hd
# type: matrix
# rows: 180
# columns: 2
 2 -180
 154 -177.9888268156425
 4 -175.9776536312849
 367 -173.9664804469274
 230 -171.9553072625698
 133 -169.9441340782123
 43 -167.9329608938548
 38 -165.9217877094972
 60 -163.9106145251397
 141 -161.8994413407821
 59 -159.8882681564246
 545 -157.877094972067
 68 -155.8659217877095
 140 -153.854748603352
 44 -151.8435754189944
 65 -149.8324022346369
 216 -147.8212290502793
 530 -145.8100558659218
 112 -143.7988826815642
 103 -141.7877094972067
 199 -139.7765363128491
 108 -137.7653631284916
 2 -135.7541899441341
 154 -133.7430167597765
 148 -131.731843575419
 72 -129.7206703910614
 167 -127.7094972067039
 222 -125.6983240223464
 88 -123.6871508379888
 169 -121.6759776536313
 190 -119.6648044692737
 4 -117.6536312849162
 107 -115.6424581005587
 109 -113.6312849162011
 111 -111.6201117318436
 14 -109.608938547486
 33 -107.5977653631285
 30 -105.5865921787709
 15 -103.5754189944134
 4 -101.5642458100559
 0 -99.55307262569832
 1 -97.54189944134077
 7 -95.53072625698323
 15 -93.5195530726257
 7616 -91.50837988826815
 17 -89.49720670391061
 4 -87.48603351955308
 3 -85.47486033519553
 0 -83.46368715083798
 2 -81.45251396648044
 6 -79.44134078212289
 7 -77.43016759776536
 52 -75.41899441340782
 32 -73.40782122905027
 61 -71.39664804469274
 110 -69.38547486033519
 68 -67.37430167597765
 106 -65.3631284916201
 61 -63.35195530726256
 237 -61.34078212290503
 121 -59.32960893854748
 207 -57.31843575418993
 99 -55.3072625698324
 78 -53.29608938547486
 225 -51.28491620111731
 50 -49.27374301675977
 116 -47.26256983240222
 4 -45.25139664804468
 304 -43.24022346368713
 2 -41.22905027932961
 152 -39.21787709497207
 255 -37.20670391061452
 390 -35.19553072625698
 125 -33.18435754189943
 55 -31.17318435754188
 153 -29.16201117318434
 12 -27.15083798882682
 54 -25.13966480446928
 555 -23.12849162011173
 138 -21.11731843575419
 57 -19.10614525139664
 18 -17.09497206703909
 51 -15.08379888268155
 143 -13.072625698324
 12 -11.06145251396646
 542 -9.050279329608941
 4 -7.039106145251395
 119 -5.02793296089385
 14 -3.016759776536304
 4 -1.005586592178759
 22 1.005586592178787
 133 3.016759776536333
 4 5.02793296089385
 531 7.039106145251395
 8 9.050279329608941
 134 11.06145251396649
 47 13.07262569832403
 14 15.08379888268158
 50 17.09497206703912
 131 19.10614525139667
 524 21.11731843575421
 57 23.12849162011173
 83 25.13966480446928
 96 27.15083798882682
 70 29.16201117318437
 201 31.17318435754191
 350 33.18435754189946
 237 35.195530726257
 137 37.20670391061452
 34 39.21787709497207
 260 41.22905027932961
 2 43.24022346368716
 144 45.2513966480447
 54 47.26256983240225
 230 49.27374301675979
 96 51.28491620111734
 208 53.29608938547489
 73 55.3072625698324
 148 57.31843575418995
 252 59.32960893854749
 53 61.34078212290504
 94 63.35195530726259
 83 65.36312849162013
 106 67.37430167597768
 52 69.38547486033519
 39 71.39664804469274
 44 73.40782122905028
 9 75.41899441340783
 7 77.43016759776538
 4 79.44134078212289
 1 81.45251396648047
 3 83.46368715083798
 4 85.47486033519556
 10 87.48603351955308
 7374 89.49720670391065
 7 91.50837988826817
 5 93.51955307262574
 1 95.53072625698326
 1 97.54189944134077
 2 99.55307262569835
 17 101.5642458100559
 20 103.5754189944134
 32 105.586592178771
 23 107.5977653631285
 117 109.608938547486
 129 111.6201117318436
 133 113.6312849162011
 7 115.6424581005587
 185 117.6536312849162
 149 119.6648044692737
 116 121.6759776536313
 188 123.6871508379888
 163 125.6983240223464
 86 127.7094972067039
 149 129.7206703910614
 200 131.731843575419
 3 133.7430167597765
 122 135.7541899441341
 183 137.7653631284916
 85 139.7765363128492
 135 141.7877094972067
 493 143.7988826815642
 117 145.8100558659218
 202 147.8212290502793
 44 149.8324022346369
 139 151.8435754189944
 65 153.854748603352
 492 155.8659217877095
 52 157.8770949720671
 155 159.8882681564246
 81 161.8994413407821
 54 163.9106145251397
 24 165.9217877094972
 141 167.9329608938548
 210 169.9441340782123
 329 171.9553072625699
 2 173.9664804469274
 172 175.9776536312849
 3 177.9888268156425
 0 180


