# Created by Octave 3.8.2, Sat Jun 20 22:39:49 2020 CEST <damian@fptrucha.inv.usc.es>
# name: hd
# type: matrix
# rows: 180
# columns: 2
 3 -180
 169 -177.9888268156425
 3 -175.9776536312849
 344 -173.9664804469274
 217 -171.9553072625698
 176 -169.9441340782123
 36 -167.9329608938548
 40 -165.9217877094972
 59 -163.9106145251397
 154 -161.8994413407821
 33 -159.8882681564246
 590 -157.877094972067
 83 -155.8659217877095
 135 -153.854748603352
 44 -151.8435754189944
 68 -149.8324022346369
 201 -147.8212290502793
 651 -145.8100558659218
 156 -143.7988826815642
 75 -141.7877094972067
 191 -139.7765363128491
 110 -137.7653631284916
 1 -135.7541899441341
 177 -133.7430167597765
 138 -131.731843575419
 89 -129.7206703910614
 168 -127.7094972067039
 221 -125.6983240223464
 116 -123.6871508379888
 178 -121.6759776536313
 193 -119.6648044692737
 1 -117.6536312849162
 109 -115.6424581005587
 124 -113.6312849162011
 131 -111.6201117318436
 18 -109.608938547486
 36 -107.5977653631285
 21 -105.5865921787709
 12 -103.5754189944134
 0 -101.5642458100559
 0 -99.55307262569832
 1 -97.54189944134077
 2 -95.53072625698323
 5 -93.5195530726257
 8041 -91.50837988826815
 9 -89.49720670391061
 4 -87.48603351955308
 0 -85.47486033519553
 0 -83.46368715083798
 1 -81.45251396648044
 4 -79.44134078212289
 6 -77.43016759776536
 51 -75.41899441340782
 26 -73.40782122905027
 41 -71.39664804469274
 113 -69.38547486033519
 75 -67.37430167597765
 118 -65.3631284916201
 46 -63.35195530726256
 264 -61.34078212290503
 149 -59.32960893854748
 236 -57.31843575418993
 87 -55.3072625698324
 82 -53.29608938547486
 237 -51.28491620111731
 58 -49.27374301675977
 98 -47.26256983240222
 1 -45.25139664804468
 267 -43.24022346368713
 5 -41.22905027932961
 151 -39.21787709497207
 280 -37.20670391061452
 461 -35.19553072625698
 116 -33.18435754189943
 58 -31.17318435754188
 138 -29.16201117318434
 8 -27.15083798882682
 54 -25.13966480446928
 647 -23.12849162011173
 170 -21.11731843575419
 43 -19.10614525139664
 14 -17.09497206703909
 50 -15.08379888268155
 147 -13.072625698324
 3 -11.06145251396646
 544 -9.050279329608941
 3 -7.039106145251395
 137 -5.02793296089385
 25 -3.016759776536304
 1 -1.005586592178759
 20 1.005586592178787
 125 3.016759776536333
 4 5.02793296089385
 559 7.039106145251395
 4 9.050279329608941
 122 11.06145251396649
 48 13.07262569832403
 12 15.08379888268158
 55 17.09497206703912
 110 19.10614525139667
 483 21.11731843575421
 43 23.12849162011173
 82 25.13966480446928
 120 27.15083798882682
 47 29.16201117318437
 218 31.17318435754191
 285 33.18435754189946
 232 35.195530726257
 162 37.20670391061452
 32 39.21787709497207
 308 41.22905027932961
 1 43.24022346368716
 108 45.2513966480447
 41 47.26256983240225
 220 49.27374301675979
 78 51.28491620111734
 183 53.29608938547489
 60 55.3072625698324
 151 57.31843575418995
 224 59.32960893854749
 59 61.34078212290504
 116 63.35195530726259
 72 65.36312849162013
 104 67.37430167597768
 45 69.38547486033519
 31 71.39664804469274
 40 73.40782122905028
 5 75.41899441340783
 6 77.43016759776538
 2 79.44134078212289
 1 81.45251396648047
 1 83.46368715083798
 3 85.47486033519556
 8 87.48603351955308
 7575 89.49720670391065
 9 91.50837988826817
 1 93.51955307262574
 1 95.53072625698326
 1 97.54189944134077
 3 99.55307262569835
 9 101.5642458100559
 19 103.5754189944134
 22 105.586592178771
 17 107.5977653631285
 106 109.608938547486
 113 111.6201117318436
 111 113.6312849162011
 5 115.6424581005587
 186 117.6536312849162
 160 119.6648044692737
 102 121.6759776536313
 173 123.6871508379888
 164 125.6983240223464
 82 127.7094972067039
 150 129.7206703910614
 156 131.731843575419
 1 133.7430167597765
 98 135.7541899441341
 175 137.7653631284916
 99 139.7765363128492
 135 141.7877094972067
 481 143.7988826815642
 126 145.8100558659218
 231 147.8212290502793
 51 149.8324022346369
 139 151.8435754189944
 62 153.854748603352
 463 155.8659217877095
 44 157.8770949720671
 137 159.8882681564246
 66 161.8994413407821
 52 163.9106145251397
 19 165.9217877094972
 114 167.9329608938548
 203 169.9441340782123
 324 171.9553072625699
 3 173.9664804469274
 163 175.9776536312849
 3 177.9888268156425
 0 180


