# Created by Octave 3.8.2, Sun Jun 21 04:10:07 2020 CEST <damian@fptrucha.inv.usc.es>
# name: hd
# type: matrix
# rows: 180
# columns: 2
 4 -180
 163 -177.9888268156425
 0 -175.9776536312849
 350 -173.9664804469274
 224 -171.9553072625698
 149 -169.9441340782123
 26 -167.9329608938548
 37 -165.9217877094972
 46 -163.9106145251397
 144 -161.8994413407821
 41 -159.8882681564246
 607 -157.877094972067
 55 -155.8659217877095
 91 -153.854748603352
 34 -151.8435754189944
 76 -149.8324022346369
 214 -147.8212290502793
 642 -145.8100558659218
 126 -143.7988826815642
 83 -141.7877094972067
 183 -139.7765363128491
 102 -137.7653631284916
 3 -135.7541899441341
 154 -133.7430167597765
 157 -131.731843575419
 85 -129.7206703910614
 178 -127.7094972067039
 216 -125.6983240223464
 94 -123.6871508379888
 178 -121.6759776536313
 153 -119.6648044692737
 4 -117.6536312849162
 110 -115.6424581005587
 93 -113.6312849162011
 114 -111.6201117318436
 14 -109.608938547486
 31 -107.5977653631285
 14 -105.5865921787709
 11 -103.5754189944134
 3 -101.5642458100559
 0 -99.55307262569832
 1 -97.54189944134077
 2 -95.53072625698323
 4 -93.5195530726257
 8092 -91.50837988826815
 11 -89.49720670391061
 2 -87.48603351955308
 0 -85.47486033519553
 0 -83.46368715083798
 2 -81.45251396648044
 8 -79.44134078212289
 3 -77.43016759776536
 44 -75.41899441340782
 29 -73.40782122905027
 46 -71.39664804469274
 108 -69.38547486033519
 68 -67.37430167597765
 90 -65.3631284916201
 57 -63.35195530726256
 261 -61.34078212290503
 148 -59.32960893854748
 204 -57.31843575418993
 93 -55.3072625698324
 76 -53.29608938547486
 220 -51.28491620111731
 42 -49.27374301675977
 89 -47.26256983240222
 2 -45.25139664804468
 278 -43.24022346368713
 6 -41.22905027932961
 149 -39.21787709497207
 304 -37.20670391061452
 472 -35.19553072625698
 131 -33.18435754189943
 58 -31.17318435754188
 163 -29.16201117318434
 10 -27.15083798882682
 54 -25.13966480446928
 636 -23.12849162011173
 129 -21.11731843575419
 49 -19.10614525139664
 10 -17.09497206703909
 30 -15.08379888268155
 161 -13.072625698324
 5 -11.06145251396646
 590 -9.050279329608941
 2 -7.039106145251395
 129 -5.02793296089385
 18 -3.016759776536304
 4 -1.005586592178759
 19 1.005586592178787
 127 3.016759776536333
 3 5.02793296089385
 528 7.039106145251395
 2 9.050279329608941
 123 11.06145251396649
 41 13.07262569832403
 12 15.08379888268158
 68 17.09497206703912
 118 19.10614525139667
 496 21.11731843575421
 51 23.12849162011173
 81 25.13966480446928
 100 27.15083798882682
 57 29.16201117318437
 214 31.17318435754191
 289 33.18435754189946
 244 35.195530726257
 147 37.20670391061452
 29 39.21787709497207
 257 41.22905027932961
 0 43.24022346368716
 107 45.2513966480447
 60 47.26256983240225
 213 49.27374301675979
 69 51.28491620111734
 192 53.29608938547489
 94 55.3072625698324
 134 57.31843575418995
 258 59.32960893854749
 60 61.34078212290504
 110 63.35195530726259
 70 65.36312849162013
 97 67.37430167597768
 39 69.38547486033519
 24 71.39664804469274
 39 73.40782122905028
 7 75.41899441340783
 8 77.43016759776538
 1 79.44134078212289
 1 81.45251396648047
 3 83.46368715083798
 1 85.47486033519556
 9 87.48603351955308
 7458 89.49720670391065
 4 91.50837988826817
 3 93.51955307262574
 1 95.53072625698326
 0 97.54189944134077
 2 99.55307262569835
 20 101.5642458100559
 15 103.5754189944134
 31 105.586592178771
 20 107.5977653631285
 105 109.608938547486
 116 111.6201117318436
 119 113.6312849162011
 0 115.6424581005587
 196 117.6536312849162
 163 119.6648044692737
 95 121.6759776536313
 203 123.6871508379888
 144 125.6983240223464
 78 127.7094972067039
 171 129.7206703910614
 155 131.731843575419
 1 133.7430167597765
 117 135.7541899441341
 169 137.7653631284916
 101 139.7765363128492
 142 141.7877094972067
 418 143.7988826815642
 106 145.8100558659218
 193 147.8212290502793
 45 149.8324022346369
 138 151.8435754189944
 67 153.854748603352
 465 155.8659217877095
 50 157.8770949720671
 132 159.8882681564246
 75 161.8994413407821
 57 163.9106145251397
 12 165.9217877094972
 130 167.9329608938548
 187 169.9441340782123
 335 171.9553072625699
 0 173.9664804469274
 162 175.9776536312849
 4 177.9888268156425
 0 180


