# Created by Octave 3.8.2, Mon Jun 22 22:56:44 2020 CEST <damian@fptrucha.inv.usc.es>
# name: hd
# type: matrix
# rows: 180
# columns: 2
 5 -180
 184 -177.9888268156425
 5 -175.9776536312849
 395 -173.9664804469274
 257 -171.9553072625698
 138 -169.9441340782123
 39 -167.9329608938548
 60 -165.9217877094972
 59 -163.9106145251397
 163 -161.8994413407821
 47 -159.8882681564246
 613 -157.877094972067
 71 -155.8659217877095
 150 -153.854748603352
 37 -151.8435754189944
 71 -149.8324022346369
 246 -147.8212290502793
 599 -145.8100558659218
 145 -143.7988826815642
 118 -141.7877094972067
 191 -139.7765363128491
 119 -137.7653631284916
 4 -135.7541899441341
 180 -133.7430167597765
 190 -131.731843575419
 83 -129.7206703910614
 180 -127.7094972067039
 251 -125.6983240223464
 101 -123.6871508379888
 184 -121.6759776536313
 197 -119.6648044692737
 5 -117.6536312849162
 125 -115.6424581005587
 145 -113.6312849162011
 164 -111.6201117318436
 33 -109.608938547486
 44 -107.5977653631285
 23 -105.5865921787709
 17 -103.5754189944134
 3 -101.5642458100559
 1 -99.55307262569832
 2 -97.54189944134077
 4 -95.53072625698323
 10 -93.5195530726257
 8765 -91.50837988826815
 14 -89.49720670391061
 3 -87.48603351955308
 4 -85.47486033519553
 0 -83.46368715083798
 3 -81.45251396648044
 8 -79.44134078212289
 8 -77.43016759776536
 44 -75.41899441340782
 37 -73.40782122905027
 52 -71.39664804469274
 123 -69.38547486033519
 71 -67.37430167597765
 101 -65.3631284916201
 46 -63.35195530726256
 280 -61.34078212290503
 135 -59.32960893854748
 231 -57.31843575418993
 95 -55.3072625698324
 76 -53.29608938547486
 231 -51.28491620111731
 59 -49.27374301675977
 134 -47.26256983240222
 4 -45.25139664804468
 297 -43.24022346368713
 3 -41.22905027932961
 177 -39.21787709497207
 319 -37.20670391061452
 470 -35.19553072625698
 136 -33.18435754189943
 60 -31.17318435754188
 161 -29.16201117318434
 14 -27.15083798882682
 83 -25.13966480446928
 617 -23.12849162011173
 159 -21.11731843575419
 68 -19.10614525139664
 16 -17.09497206703909
 37 -15.08379888268155
 212 -13.072625698324
 19 -11.06145251396646
 559 -9.050279329608941
 2 -7.039106145251395
 145 -5.02793296089385
 29 -3.016759776536304
 5 -1.005586592178759
 26 1.005586592178787
 141 3.016759776536333
 4 5.02793296089385
 588 7.039106145251395
 6 9.050279329608941
 153 11.06145251396649
 57 13.07262569832403
 18 15.08379888268158
 61 17.09497206703912
 134 19.10614525139667
 537 21.11731843575421
 65 23.12849162011173
 98 25.13966480446928
 109 27.15083798882682
 84 29.16201117318437
 203 31.17318435754191
 342 33.18435754189946
 246 35.195530726257
 157 37.20670391061452
 35 39.21787709497207
 334 41.22905027932961
 1 43.24022346368716
 153 45.2513966480447
 74 47.26256983240225
 238 49.27374301675979
 97 51.28491620111734
 215 53.29608938547489
 94 55.3072625698324
 144 57.31843575418995
 278 59.32960893854749
 66 61.34078212290504
 143 63.35195530726259
 66 65.36312849162013
 130 67.37430167597768
 57 69.38547486033519
 55 71.39664804469274
 64 73.40782122905028
 12 75.41899441340783
 12 77.43016759776538
 3 79.44134078212289
 1 81.45251396648047
 1 83.46368715083798
 5 85.47486033519556
 12 87.48603351955308
 8091 89.49720670391065
 11 91.50837988826817
 3 93.51955307262574
 3 95.53072625698326
 1 97.54189944134077
 7 99.55307262569835
 23 101.5642458100559
 21 103.5754189944134
 46 105.586592178771
 16 107.5977653631285
 132 109.608938547486
 131 111.6201117318436
 161 113.6312849162011
 5 115.6424581005587
 241 117.6536312849162
 172 119.6648044692737
 83 121.6759776536313
 172 123.6871508379888
 195 125.6983240223464
 111 127.7094972067039
 195 129.7206703910614
 210 131.731843575419
 3 133.7430167597765
 128 135.7541899441341
 195 137.7653631284916
 93 139.7765363128492
 152 141.7877094972067
 488 143.7988826815642
 130 145.8100558659218
 217 147.8212290502793
 45 149.8324022346369
 164 151.8435754189944
 69 153.854748603352
 530 155.8659217877095
 64 157.8770949720671
 163 159.8882681564246
 76 161.8994413407821
 53 163.9106145251397
 24 165.9217877094972
 119 167.9329608938548
 233 169.9441340782123
 363 171.9553072625699
 1 173.9664804469274
 172 175.9776536312849
 3 177.9888268156425
 0 180


