# Created by Octave 3.8.2, Sun Jun 21 05:19:48 2020 CEST <damian@fptrucha.inv.usc.es>
# name: hd
# type: matrix
# rows: 180
# columns: 2
 3 -180
 138 -177.9888268156425
 2 -175.9776536312849
 400 -173.9664804469274
 222 -171.9553072625698
 153 -169.9441340782123
 28 -167.9329608938548
 45 -165.9217877094972
 54 -163.9106145251397
 150 -161.8994413407821
 38 -159.8882681564246
 609 -157.877094972067
 53 -155.8659217877095
 119 -153.854748603352
 55 -151.8435754189944
 83 -149.8324022346369
 186 -147.8212290502793
 635 -145.8100558659218
 124 -143.7988826815642
 83 -141.7877094972067
 161 -139.7765363128491
 110 -137.7653631284916
 0 -135.7541899441341
 150 -133.7430167597765
 153 -131.731843575419
 77 -129.7206703910614
 164 -127.7094972067039
 214 -125.6983240223464
 86 -123.6871508379888
 196 -121.6759776536313
 195 -119.6648044692737
 4 -117.6536312849162
 78 -115.6424581005587
 101 -113.6312849162011
 99 -111.6201117318436
 17 -109.608938547486
 28 -107.5977653631285
 16 -105.5865921787709
 13 -103.5754189944134
 3 -101.5642458100559
 0 -99.55307262569832
 0 -97.54189944134077
 1 -95.53072625698323
 4 -93.5195530726257
 7950 -91.50837988826815
 10 -89.49720670391061
 3 -87.48603351955308
 0 -85.47486033519553
 0 -83.46368715083798
 3 -81.45251396648044
 3 -79.44134078212289
 6 -77.43016759776536
 45 -75.41899441340782
 22 -73.40782122905027
 47 -71.39664804469274
 111 -69.38547486033519
 68 -67.37430167597765
 89 -65.3631284916201
 44 -63.35195530726256
 255 -61.34078212290503
 145 -59.32960893854748
 192 -57.31843575418993
 73 -55.3072625698324
 75 -53.29608938547486
 216 -51.28491620111731
 65 -49.27374301675977
 98 -47.26256983240222
 3 -45.25139664804468
 277 -43.24022346368713
 3 -41.22905027932961
 164 -39.21787709497207
 329 -37.20670391061452
 452 -35.19553072625698
 90 -33.18435754189943
 63 -31.17318435754188
 148 -29.16201117318434
 5 -27.15083798882682
 51 -25.13966480446928
 590 -23.12849162011173
 145 -21.11731843575419
 65 -19.10614525139664
 9 -17.09497206703909
 39 -15.08379888268155
 161 -13.072625698324
 5 -11.06145251396646
 532 -9.050279329608941
 2 -7.039106145251395
 125 -5.02793296089385
 13 -3.016759776536304
 3 -1.005586592178759
 19 1.005586592178787
 126 3.016759776536333
 0 5.02793296089385
 540 7.039106145251395
 6 9.050279329608941
 165 11.06145251396649
 54 13.07262569832403
 6 15.08379888268158
 55 17.09497206703912
 107 19.10614525139667
 475 21.11731843575421
 52 23.12849162011173
 90 25.13966480446928
 107 27.15083798882682
 52 29.16201117318437
 237 31.17318435754191
 320 33.18435754189946
 229 35.195530726257
 137 37.20670391061452
 31 39.21787709497207
 250 41.22905027932961
 1 43.24022346368716
 116 45.2513966480447
 65 47.26256983240225
 194 49.27374301675979
 77 51.28491620111734
 191 53.29608938547489
 81 55.3072625698324
 140 57.31843575418995
 252 59.32960893854749
 50 61.34078212290504
 124 63.35195530726259
 72 65.36312849162013
 96 67.37430167597768
 51 69.38547486033519
 25 71.39664804469274
 44 73.40782122905028
 6 75.41899441340783
 4 77.43016759776538
 3 79.44134078212289
 1 81.45251396648047
 1 83.46368715083798
 1 85.47486033519556
 12 87.48603351955308
 7608 89.49720670391065
 5 91.50837988826817
 2 93.51955307262574
 3 95.53072625698326
 0 97.54189944134077
 5 99.55307262569835
 16 101.5642458100559
 20 103.5754189944134
 41 105.586592178771
 21 107.5977653631285
 108 109.608938547486
 118 111.6201117318436
 118 113.6312849162011
 3 115.6424581005587
 180 117.6536312849162
 154 119.6648044692737
 88 121.6759776536313
 186 123.6871508379888
 175 125.6983240223464
 73 127.7094972067039
 167 129.7206703910614
 167 131.731843575419
 6 133.7430167597765
 101 135.7541899441341
 160 137.7653631284916
 91 139.7765363128492
 135 141.7877094972067
 446 143.7988826815642
 120 145.8100558659218
 205 147.8212290502793
 41 149.8324022346369
 145 151.8435754189944
 70 153.854748603352
 455 155.8659217877095
 57 157.8770949720671
 108 159.8882681564246
 63 161.8994413407821
 55 163.9106145251397
 22 165.9217877094972
 125 167.9329608938548
 211 169.9441340782123
 330 171.9553072625699
 0 173.9664804469274
 171 175.9776536312849
 3 177.9888268156425
 0 180


