# Created by Octave 3.8.2, Sat Jun 20 03:39:48 2020 CEST <damian@fptrucha.inv.usc.es>
# name: hd
# type: matrix
# rows: 180
# columns: 2
 4 -180
 156 -177.9888268156425
 3 -175.9776536312849
 379 -173.9664804469274
 251 -171.9553072625698
 193 -169.9441340782123
 38 -167.9329608938548
 48 -165.9217877094972
 58 -163.9106145251397
 140 -161.8994413407821
 33 -159.8882681564246
 662 -157.877094972067
 74 -155.8659217877095
 129 -153.854748603352
 32 -151.8435754189944
 89 -149.8324022346369
 234 -147.8212290502793
 637 -145.8100558659218
 149 -143.7988826815642
 119 -141.7877094972067
 217 -139.7765363128491
 130 -137.7653631284916
 3 -135.7541899441341
 168 -133.7430167597765
 172 -131.731843575419
 96 -129.7206703910614
 227 -127.7094972067039
 237 -125.6983240223464
 129 -123.6871508379888
 203 -121.6759776536313
 210 -119.6648044692737
 6 -117.6536312849162
 97 -115.6424581005587
 154 -113.6312849162011
 163 -111.6201117318436
 14 -109.608938547486
 35 -107.5977653631285
 20 -105.5865921787709
 19 -103.5754189944134
 0 -101.5642458100559
 0 -99.55307262569832
 2 -97.54189944134077
 4 -95.53072625698323
 3 -93.5195530726257
 8997 -91.50837988826815
 11 -89.49720670391061
 1 -87.48603351955308
 2 -85.47486033519553
 0 -83.46368715083798
 1 -81.45251396648044
 3 -79.44134078212289
 8 -77.43016759776536
 57 -75.41899441340782
 22 -73.40782122905027
 74 -71.39664804469274
 145 -69.38547486033519
 90 -67.37430167597765
 117 -65.3631284916201
 57 -63.35195530726256
 319 -61.34078212290503
 164 -59.32960893854748
 246 -57.31843575418993
 108 -55.3072625698324
 89 -53.29608938547486
 248 -51.28491620111731
 48 -49.27374301675977
 119 -47.26256983240222
 0 -45.25139664804468
 300 -43.24022346368713
 2 -41.22905027932961
 168 -39.21787709497207
 325 -37.20670391061452
 440 -35.19553072625698
 113 -33.18435754189943
 74 -31.17318435754188
 165 -29.16201117318434
 11 -27.15083798882682
 47 -25.13966480446928
 668 -23.12849162011173
 155 -21.11731843575419
 41 -19.10614525139664
 14 -17.09497206703909
 45 -15.08379888268155
 168 -13.072625698324
 8 -11.06145251396646
 604 -9.050279329608941
 4 -7.039106145251395
 123 -5.02793296089385
 22 -3.016759776536304
 3 -1.005586592178759
 26 1.005586592178787
 123 3.016759776536333
 2 5.02793296089385
 595 7.039106145251395
 5 9.050279329608941
 139 11.06145251396649
 40 13.07262569832403
 11 15.08379888268158
 48 17.09497206703912
 114 19.10614525139667
 555 21.11731843575421
 42 23.12849162011173
 97 25.13966480446928
 110 27.15083798882682
 60 29.16201117318437
 248 31.17318435754191
 336 33.18435754189946
 229 35.195530726257
 166 37.20670391061452
 33 39.21787709497207
 321 41.22905027932961
 0 43.24022346368716
 102 45.2513966480447
 56 47.26256983240225
 193 49.27374301675979
 77 51.28491620111734
 199 53.29608938547489
 68 55.3072625698324
 134 57.31843575418995
 234 59.32960893854749
 57 61.34078212290504
 87 63.35195530726259
 65 65.36312849162013
 78 67.37430167597768
 38 69.38547486033519
 33 71.39664804469274
 34 73.40782122905028
 5 75.41899441340783
 5 77.43016759776538
 2 79.44134078212289
 0 81.45251396648047
 2 83.46368715083798
 2 85.47486033519556
 10 87.48603351955308
 8073 89.49720670391065
 3 91.50837988826817
 2 93.51955307262574
 0 95.53072625698326
 0 97.54189944134077
 0 99.55307262569835
 2 101.5642458100559
 20 103.5754189944134
 37 105.586592178771
 19 107.5977653631285
 103 109.608938547486
 125 111.6201117318436
 112 113.6312849162011
 2 115.6424581005587
 171 117.6536312849162
 187 119.6648044692737
 90 121.6759776536313
 186 123.6871508379888
 189 125.6983240223464
 88 127.7094972067039
 159 129.7206703910614
 168 131.731843575419
 1 133.7430167597765
 116 135.7541899441341
 177 137.7653631284916
 112 139.7765363128492
 151 141.7877094972067
 508 143.7988826815642
 121 145.8100558659218
 220 147.8212290502793
 47 149.8324022346369
 153 151.8435754189944
 75 153.854748603352
 517 155.8659217877095
 46 157.8770949720671
 153 159.8882681564246
 62 161.8994413407821
 55 163.9106145251397
 18 165.9217877094972
 153 167.9329608938548
 200 169.9441340782123
 343 171.9553072625699
 4 173.9664804469274
 174 175.9776536312849
 2 177.9888268156425
 0 180


