# Created by Octave 3.8.2, Sat Jun 20 22:59:59 2020 CEST <damian@fptrucha.inv.usc.es>
# name: hd
# type: matrix
# rows: 180
# columns: 2
 4 -180
 151 -177.9888268156425
 2 -175.9776536312849
 372 -173.9664804469274
 244 -171.9553072625698
 155 -169.9441340782123
 24 -167.9329608938548
 22 -165.9217877094972
 53 -163.9106145251397
 172 -161.8994413407821
 36 -159.8882681564246
 620 -157.877094972067
 54 -155.8659217877095
 115 -153.854748603352
 34 -151.8435754189944
 60 -149.8324022346369
 219 -147.8212290502793
 648 -145.8100558659218
 124 -143.7988826815642
 79 -141.7877094972067
 159 -139.7765363128491
 90 -137.7653631284916
 2 -135.7541899441341
 158 -133.7430167597765
 130 -131.731843575419
 58 -129.7206703910614
 153 -127.7094972067039
 222 -125.6983240223464
 101 -123.6871508379888
 196 -121.6759776536313
 167 -119.6648044692737
 1 -117.6536312849162
 97 -115.6424581005587
 103 -113.6312849162011
 135 -111.6201117318436
 11 -109.608938547486
 30 -107.5977653631285
 19 -105.5865921787709
 7 -103.5754189944134
 3 -101.5642458100559
 0 -99.55307262569832
 0 -97.54189944134077
 2 -95.53072625698323
 4 -93.5195530726257
 7925 -91.50837988826815
 12 -89.49720670391061
 2 -87.48603351955308
 1 -85.47486033519553
 0 -83.46368715083798
 1 -81.45251396648044
 4 -79.44134078212289
 5 -77.43016759776536
 28 -75.41899441340782
 18 -73.40782122905027
 57 -71.39664804469274
 108 -69.38547486033519
 60 -67.37430167597765
 88 -65.3631284916201
 44 -63.35195530726256
 284 -61.34078212290503
 147 -59.32960893854748
 229 -57.31843575418993
 106 -55.3072625698324
 74 -53.29608938547486
 210 -51.28491620111731
 61 -49.27374301675977
 98 -47.26256983240222
 2 -45.25139664804468
 278 -43.24022346368713
 1 -41.22905027932961
 140 -39.21787709497207
 322 -37.20670391061452
 398 -35.19553072625698
 112 -33.18435754189943
 57 -31.17318435754188
 146 -29.16201117318434
 12 -27.15083798882682
 60 -25.13966480446928
 581 -23.12849162011173
 135 -21.11731843575419
 46 -19.10614525139664
 9 -17.09497206703909
 41 -15.08379888268155
 148 -13.072625698324
 7 -11.06145251396646
 563 -9.050279329608941
 4 -7.039106145251395
 120 -5.02793296089385
 14 -3.016759776536304
 3 -1.005586592178759
 17 1.005586592178787
 121 3.016759776536333
 3 5.02793296089385
 538 7.039106145251395
 8 9.050279329608941
 130 11.06145251396649
 49 13.07262569832403
 9 15.08379888268158
 54 17.09497206703912
 116 19.10614525139667
 512 21.11731843575421
 68 23.12849162011173
 80 25.13966480446928
 106 27.15083798882682
 55 29.16201117318437
 246 31.17318435754191
 306 33.18435754189946
 241 35.195530726257
 172 37.20670391061452
 34 39.21787709497207
 278 41.22905027932961
 1 43.24022346368716
 121 45.2513966480447
 64 47.26256983240225
 215 49.27374301675979
 79 51.28491620111734
 183 53.29608938547489
 71 55.3072625698324
 132 57.31843575418995
 237 59.32960893854749
 66 61.34078212290504
 89 63.35195530726259
 78 65.36312849162013
 110 67.37430167597768
 48 69.38547486033519
 31 71.39664804469274
 38 73.40782122905028
 7 75.41899441340783
 7 77.43016759776538
 0 79.44134078212289
 2 81.45251396648047
 0 83.46368715083798
 0 85.47486033519556
 10 87.48603351955308
 7694 89.49720670391065
 7 91.50837988826817
 2 93.51955307262574
 0 95.53072625698326
 0 97.54189944134077
 5 99.55307262569835
 10 101.5642458100559
 19 103.5754189944134
 36 105.586592178771
 25 107.5977653631285
 121 109.608938547486
 114 111.6201117318436
 133 113.6312849162011
 4 115.6424581005587
 210 117.6536312849162
 180 119.6648044692737
 87 121.6759776536313
 187 123.6871508379888
 177 125.6983240223464
 69 127.7094972067039
 165 129.7206703910614
 182 131.731843575419
 1 133.7430167597765
 116 135.7541899441341
 179 137.7653631284916
 93 139.7765363128492
 133 141.7877094972067
 463 143.7988826815642
 95 145.8100558659218
 213 147.8212290502793
 33 149.8324022346369
 182 151.8435754189944
 57 153.854748603352
 449 155.8659217877095
 41 157.8770949720671
 140 159.8882681564246
 65 161.8994413407821
 51 163.9106145251397
 10 165.9217877094972
 125 167.9329608938548
 203 169.9441340782123
 335 171.9553072625699
 1 173.9664804469274
 123 175.9776536312849
 3 177.9888268156425
 0 180


