# Created by Octave 3.8.2, Mon Jun 22 03:40:42 2020 CEST <damian@fptrucha.inv.usc.es>
# name: hd
# type: matrix
# rows: 180
# columns: 2
 4 -180
 155 -177.9888268156425
 5 -175.9776536312849
 314 -173.9664804469274
 217 -171.9553072625698
 128 -169.9441340782123
 20 -167.9329608938548
 45 -165.9217877094972
 63 -163.9106145251397
 183 -161.8994413407821
 44 -159.8882681564246
 509 -157.877094972067
 61 -155.8659217877095
 98 -153.854748603352
 45 -151.8435754189944
 73 -149.8324022346369
 210 -147.8212290502793
 539 -145.8100558659218
 123 -143.7988826815642
 93 -141.7877094972067
 181 -139.7765363128491
 94 -137.7653631284916
 2 -135.7541899441341
 150 -133.7430167597765
 159 -131.731843575419
 86 -129.7206703910614
 174 -127.7094972067039
 211 -125.6983240223464
 111 -123.6871508379888
 178 -121.6759776536313
 188 -119.6648044692737
 13 -117.6536312849162
 96 -115.6424581005587
 114 -113.6312849162011
 103 -111.6201117318436
 27 -109.608938547486
 40 -107.5977653631285
 31 -105.5865921787709
 13 -103.5754189944134
 5 -101.5642458100559
 0 -99.55307262569832
 4 -97.54189944134077
 11 -95.53072625698323
 11 -93.5195530726257
 7411 -91.50837988826815
 25 -89.49720670391061
 7 -87.48603351955308
 2 -85.47486033519553
 1 -83.46368715083798
 4 -81.45251396648044
 5 -79.44134078212289
 5 -77.43016759776536
 52 -75.41899441340782
 26 -73.40782122905027
 36 -71.39664804469274
 79 -69.38547486033519
 84 -67.37430167597765
 102 -65.3631284916201
 60 -63.35195530726256
 267 -61.34078212290503
 146 -59.32960893854748
 194 -57.31843575418993
 109 -55.3072625698324
 56 -53.29608938547486
 240 -51.28491620111731
 59 -49.27374301675977
 96 -47.26256983240222
 1 -45.25139664804468
 262 -43.24022346368713
 4 -41.22905027932961
 153 -39.21787709497207
 277 -37.20670391061452
 433 -35.19553072625698
 118 -33.18435754189943
 53 -31.17318435754188
 145 -29.16201117318434
 17 -27.15083798882682
 47 -25.13966480446928
 538 -23.12849162011173
 120 -21.11731843575419
 60 -19.10614525139664
 14 -17.09497206703909
 36 -15.08379888268155
 144 -13.072625698324
 5 -11.06145251396646
 495 -9.050279329608941
 6 -7.039106145251395
 115 -5.02793296089385
 20 -3.016759776536304
 6 -1.005586592178759
 28 1.005586592178787
 130 3.016759776536333
 7 5.02793296089385
 533 7.039106145251395
 14 9.050279329608941
 137 11.06145251396649
 63 13.07262569832403
 15 15.08379888268158
 51 17.09497206703912
 116 19.10614525139667
 478 21.11731843575421
 58 23.12849162011173
 89 25.13966480446928
 86 27.15083798882682
 74 29.16201117318437
 177 31.17318435754191
 284 33.18435754189946
 246 35.195530726257
 131 37.20670391061452
 40 39.21787709497207
 262 41.22905027932961
 4 43.24022346368716
 106 45.2513966480447
 52 47.26256983240225
 240 49.27374301675979
 81 51.28491620111734
 192 53.29608938547489
 73 55.3072625698324
 152 57.31843575418995
 246 59.32960893854749
 60 61.34078212290504
 90 63.35195530726259
 84 65.36312849162013
 106 67.37430167597768
 62 69.38547486033519
 32 71.39664804469274
 56 73.40782122905028
 8 75.41899441340783
 9 77.43016759776538
 7 79.44134078212289
 2 81.45251396648047
 4 83.46368715083798
 5 85.47486033519556
 18 87.48603351955308
 6998 89.49720670391065
 4 91.50837988826817
 4 93.51955307262574
 5 95.53072625698326
 1 97.54189944134077
 2 99.55307262569835
 19 101.5642458100559
 26 103.5754189944134
 31 105.586592178771
 21 107.5977653631285
 90 109.608938547486
 115 111.6201117318436
 109 113.6312849162011
 4 115.6424581005587
 171 117.6536312849162
 155 119.6648044692737
 95 121.6759776536313
 181 123.6871508379888
 192 125.6983240223464
 81 127.7094972067039
 130 129.7206703910614
 168 131.731843575419
 2 133.7430167597765
 110 135.7541899441341
 188 137.7653631284916
 95 139.7765363128492
 109 141.7877094972067
 433 143.7988826815642
 109 145.8100558659218
 194 147.8212290502793
 46 149.8324022346369
 150 151.8435754189944
 58 153.854748603352
 421 155.8659217877095
 36 157.8770949720671
 130 159.8882681564246
 50 161.8994413407821
 53 163.9106145251397
 19 165.9217877094972
 160 167.9329608938548
 212 169.9441340782123
 292 171.9553072625699
 9 173.9664804469274
 147 175.9776536312849
 3 177.9888268156425
 0 180


