# Created by Octave 3.8.2, Sat Jun 20 10:20:39 2020 CEST <damian@fptrucha.inv.usc.es>
# name: hd
# type: matrix
# rows: 180
# columns: 2
 4 -180
 154 -177.9888268156425
 5 -175.9776536312849
 429 -173.9664804469274
 283 -171.9553072625698
 155 -169.9441340782123
 32 -167.9329608938548
 36 -165.9217877094972
 66 -163.9106145251397
 166 -161.8994413407821
 49 -159.8882681564246
 635 -157.877094972067
 67 -155.8659217877095
 143 -153.854748603352
 49 -151.8435754189944
 88 -149.8324022346369
 230 -147.8212290502793
 678 -145.8100558659218
 129 -143.7988826815642
 103 -141.7877094972067
 198 -139.7765363128491
 113 -137.7653631284916
 2 -135.7541899441341
 201 -133.7430167597765
 178 -131.731843575419
 91 -129.7206703910614
 182 -127.7094972067039
 264 -125.6983240223464
 92 -123.6871508379888
 231 -121.6759776536313
 225 -119.6648044692737
 4 -117.6536312849162
 109 -115.6424581005587
 137 -113.6312849162011
 131 -111.6201117318436
 18 -109.608938547486
 34 -107.5977653631285
 14 -105.5865921787709
 15 -103.5754189944134
 4 -101.5642458100559
 0 -99.55307262569832
 0 -97.54189944134077
 1 -95.53072625698323
 2 -93.5195530726257
 9005 -91.50837988826815
 16 -89.49720670391061
 6 -87.48603351955308
 2 -85.47486033519553
 0 -83.46368715083798
 0 -81.45251396648044
 10 -79.44134078212289
 4 -77.43016759776536
 60 -75.41899441340782
 27 -73.40782122905027
 64 -71.39664804469274
 126 -69.38547486033519
 68 -67.37430167597765
 102 -65.3631284916201
 61 -63.35195530726256
 312 -61.34078212290503
 152 -59.32960893854748
 235 -57.31843575418993
 113 -55.3072625698324
 93 -53.29608938547486
 224 -51.28491620111731
 58 -49.27374301675977
 124 -47.26256983240222
 3 -45.25139664804468
 275 -43.24022346368713
 4 -41.22905027932961
 202 -39.21787709497207
 365 -37.20670391061452
 456 -35.19553072625698
 124 -33.18435754189943
 79 -31.17318435754188
 159 -29.16201117318434
 6 -27.15083798882682
 73 -25.13966480446928
 689 -23.12849162011173
 157 -21.11731843575419
 61 -19.10614525139664
 8 -17.09497206703909
 51 -15.08379888268155
 172 -13.072625698324
 10 -11.06145251396646
 648 -9.050279329608941
 2 -7.039106145251395
 153 -5.02793296089385
 30 -3.016759776536304
 2 -1.005586592178759
 22 1.005586592178787
 147 3.016759776536333
 1 5.02793296089385
 596 7.039106145251395
 15 9.050279329608941
 127 11.06145251396649
 55 13.07262569832403
 7 15.08379888268158
 81 17.09497206703912
 135 19.10614525139667
 549 21.11731843575421
 60 23.12849162011173
 110 25.13966480446928
 100 27.15083798882682
 71 29.16201117318437
 258 31.17318435754191
 353 33.18435754189946
 268 35.195530726257
 194 37.20670391061452
 37 39.21787709497207
 324 41.22905027932961
 1 43.24022346368716
 148 45.2513966480447
 70 47.26256983240225
 267 49.27374301675979
 96 51.28491620111734
 241 53.29608938547489
 98 55.3072625698324
 174 57.31843575418995
 278 59.32960893854749
 73 61.34078212290504
 145 63.35195530726259
 78 65.36312849162013
 124 67.37430167597768
 58 69.38547486033519
 51 71.39664804469274
 56 73.40782122905028
 8 75.41899441340783
 9 77.43016759776538
 2 79.44134078212289
 1 81.45251396648047
 2 83.46368715083798
 2 85.47486033519556
 11 87.48603351955308
 8597 89.49720670391065
 8 91.50837988826817
 5 93.51955307262574
 2 95.53072625698326
 0 97.54189944134077
 2 99.55307262569835
 16 101.5642458100559
 30 103.5754189944134
 50 105.586592178771
 26 107.5977653631285
 130 109.608938547486
 165 111.6201117318436
 149 113.6312849162011
 6 115.6424581005587
 245 117.6536312849162
 191 119.6648044692737
 112 121.6759776536313
 208 123.6871508379888
 215 125.6983240223464
 92 127.7094972067039
 171 129.7206703910614
 242 131.731843575419
 2 133.7430167597765
 150 135.7541899441341
 215 137.7653631284916
 102 139.7765363128492
 171 141.7877094972067
 548 143.7988826815642
 145 145.8100558659218
 253 147.8212290502793
 54 149.8324022346369
 161 151.8435754189944
 88 153.854748603352
 488 155.8659217877095
 58 157.8770949720671
 145 159.8882681564246
 61 161.8994413407821
 52 163.9106145251397
 21 165.9217877094972
 155 167.9329608938548
 262 169.9441340782123
 380 171.9553072625699
 3 173.9664804469274
 169 175.9776536312849
 4 177.9888268156425
 0 180


