# Created by Octave 3.8.2, Mon Jun 22 08:10:13 2020 CEST <damian@fptrucha.inv.usc.es>
# name: hd
# type: matrix
# rows: 180
# columns: 2
 4 -180
 160 -177.9888268156425
 4 -175.9776536312849
 359 -173.9664804469274
 217 -171.9553072625698
 147 -169.9441340782123
 40 -167.9329608938548
 32 -165.9217877094972
 59 -163.9106145251397
 153 -161.8994413407821
 45 -159.8882681564246
 553 -157.877094972067
 69 -155.8659217877095
 115 -153.854748603352
 42 -151.8435754189944
 65 -149.8324022346369
 222 -147.8212290502793
 564 -145.8100558659218
 117 -143.7988826815642
 77 -141.7877094972067
 187 -139.7765363128491
 130 -137.7653631284916
 4 -135.7541899441341
 161 -133.7430167597765
 173 -131.731843575419
 80 -129.7206703910614
 167 -127.7094972067039
 200 -125.6983240223464
 88 -123.6871508379888
 163 -121.6759776536313
 200 -119.6648044692737
 4 -117.6536312849162
 120 -115.6424581005587
 120 -113.6312849162011
 127 -111.6201117318436
 19 -109.608938547486
 43 -107.5977653631285
 24 -105.5865921787709
 19 -103.5754189944134
 9 -101.5642458100559
 1 -99.55307262569832
 3 -97.54189944134077
 2 -95.53072625698323
 6 -93.5195530726257
 7613 -91.50837988826815
 12 -89.49720670391061
 4 -87.48603351955308
 0 -85.47486033519553
 1 -83.46368715083798
 5 -81.45251396648044
 8 -79.44134078212289
 5 -77.43016759776536
 48 -75.41899441340782
 26 -73.40782122905027
 52 -71.39664804469274
 118 -69.38547486033519
 75 -67.37430167597765
 106 -65.3631284916201
 46 -63.35195530726256
 252 -61.34078212290503
 148 -59.32960893854748
 194 -57.31843575418993
 87 -55.3072625698324
 79 -53.29608938547486
 224 -51.28491620111731
 57 -49.27374301675977
 115 -47.26256983240222
 1 -45.25139664804468
 269 -43.24022346368713
 0 -41.22905027932961
 157 -39.21787709497207
 273 -37.20670391061452
 395 -35.19553072625698
 133 -33.18435754189943
 55 -31.17318435754188
 157 -29.16201117318434
 11 -27.15083798882682
 70 -25.13966480446928
 561 -23.12849162011173
 138 -21.11731843575419
 64 -19.10614525139664
 9 -17.09497206703909
 40 -15.08379888268155
 136 -13.072625698324
 7 -11.06145251396646
 502 -9.050279329608941
 0 -7.039106145251395
 134 -5.02793296089385
 18 -3.016759776536304
 5 -1.005586592178759
 22 1.005586592178787
 135 3.016759776536333
 4 5.02793296089385
 534 7.039106145251395
 10 9.050279329608941
 148 11.06145251396649
 52 13.07262569832403
 19 15.08379888268158
 51 17.09497206703912
 124 19.10614525139667
 529 21.11731843575421
 70 23.12849162011173
 72 25.13966480446928
 87 27.15083798882682
 59 29.16201117318437
 177 31.17318435754191
 309 33.18435754189946
 234 35.195530726257
 128 37.20670391061452
 40 39.21787709497207
 272 41.22905027932961
 1 43.24022346368716
 110 45.2513966480447
 66 47.26256983240225
 215 49.27374301675979
 102 51.28491620111734
 206 53.29608938547489
 64 55.3072625698324
 161 57.31843575418995
 259 59.32960893854749
 55 61.34078212290504
 123 63.35195530726259
 81 65.36312849162013
 112 67.37430167597768
 45 69.38547486033519
 31 71.39664804469274
 53 73.40782122905028
 9 75.41899441340783
 7 77.43016759776538
 0 79.44134078212289
 1 81.45251396648047
 3 83.46368715083798
 2 85.47486033519556
 12 87.48603351955308
 7248 89.49720670391065
 9 91.50837988826817
 3 93.51955307262574
 2 95.53072625698326
 0 97.54189944134077
 2 99.55307262569835
 20 101.5642458100559
 29 103.5754189944134
 28 105.586592178771
 20 107.5977653631285
 117 109.608938547486
 115 111.6201117318436
 100 113.6312849162011
 4 115.6424581005587
 180 117.6536312849162
 188 119.6648044692737
 98 121.6759776536313
 162 123.6871508379888
 188 125.6983240223464
 76 127.7094972067039
 148 129.7206703910614
 166 131.731843575419
 3 133.7430167597765
 126 135.7541899441341
 159 137.7653631284916
 109 139.7765363128492
 123 141.7877094972067
 458 143.7988826815642
 120 145.8100558659218
 187 147.8212290502793
 52 149.8324022346369
 121 151.8435754189944
 77 153.854748603352
 512 155.8659217877095
 47 157.8770949720671
 127 159.8882681564246
 65 161.8994413407821
 50 163.9106145251397
 23 165.9217877094972
 156 167.9329608938548
 223 169.9441340782123
 330 171.9553072625699
 6 173.9664804469274
 128 175.9776536312849
 4 177.9888268156425
 0 180


