# Created by Octave 3.8.2, Mon Jun 22 09:54:16 2020 CEST <damian@fptrucha.inv.usc.es>
# name: hd
# type: matrix
# rows: 180
# columns: 2
 8 -180
 161 -177.9888268156425
 2 -175.9776536312849
 349 -173.9664804469274
 211 -171.9553072625698
 146 -169.9441340782123
 35 -167.9329608938548
 47 -165.9217877094972
 54 -163.9106145251397
 160 -161.8994413407821
 41 -159.8882681564246
 577 -157.877094972067
 78 -155.8659217877095
 131 -153.854748603352
 39 -151.8435754189944
 75 -149.8324022346369
 233 -147.8212290502793
 572 -145.8100558659218
 123 -143.7988826815642
 80 -141.7877094972067
 193 -139.7765363128491
 125 -137.7653631284916
 7 -135.7541899441341
 179 -133.7430167597765
 172 -131.731843575419
 81 -129.7206703910614
 179 -127.7094972067039
 196 -125.6983240223464
 110 -123.6871508379888
 183 -121.6759776536313
 195 -119.6648044692737
 5 -117.6536312849162
 114 -115.6424581005587
 120 -113.6312849162011
 127 -111.6201117318436
 21 -109.608938547486
 40 -107.5977653631285
 19 -105.5865921787709
 11 -103.5754189944134
 8 -101.5642458100559
 1 -99.55307262569832
 1 -97.54189944134077
 4 -95.53072625698323
 7 -93.5195530726257
 7851 -91.50837988826815
 17 -89.49720670391061
 3 -87.48603351955308
 1 -85.47486033519553
 1 -83.46368715083798
 3 -81.45251396648044
 4 -79.44134078212289
 8 -77.43016759776536
 56 -75.41899441340782
 32 -73.40782122905027
 48 -71.39664804469274
 124 -69.38547486033519
 88 -67.37430167597765
 99 -65.3631284916201
 54 -63.35195530726256
 249 -61.34078212290503
 127 -59.32960893854748
 206 -57.31843575418993
 93 -55.3072625698324
 94 -53.29608938547486
 246 -51.28491620111731
 53 -49.27374301675977
 114 -47.26256983240222
 8 -45.25139664804468
 291 -43.24022346368713
 6 -41.22905027932961
 159 -39.21787709497207
 255 -37.20670391061452
 459 -35.19553072625698
 112 -33.18435754189943
 69 -31.17318435754188
 171 -29.16201117318434
 18 -27.15083798882682
 63 -25.13966480446928
 560 -23.12849162011173
 116 -21.11731843575419
 60 -19.10614525139664
 16 -17.09497206703909
 46 -15.08379888268155
 168 -13.072625698324
 15 -11.06145251396646
 561 -9.050279329608941
 3 -7.039106145251395
 137 -5.02793296089385
 26 -3.016759776536304
 1 -1.005586592178759
 25 1.005586592178787
 133 3.016759776536333
 6 5.02793296089385
 551 7.039106145251395
 1 9.050279329608941
 160 11.06145251396649
 35 13.07262569832403
 10 15.08379888268158
 60 17.09497206703912
 116 19.10614525139667
 563 21.11731843575421
 73 23.12849162011173
 92 25.13966480446928
 96 27.15083798882682
 60 29.16201117318437
 190 31.17318435754191
 344 33.18435754189946
 244 35.195530726257
 155 37.20670391061452
 43 39.21787709497207
 277 41.22905027932961
 4 43.24022346368716
 115 45.2513966480447
 67 47.26256983240225
 201 49.27374301675979
 96 51.28491620111734
 188 53.29608938547489
 94 55.3072625698324
 163 57.31843575418995
 247 59.32960893854749
 65 61.34078212290504
 116 63.35195530726259
 70 65.36312849162013
 88 67.37430167597768
 47 69.38547486033519
 36 71.39664804469274
 61 73.40782122905028
 4 75.41899441340783
 13 77.43016759776538
 2 79.44134078212289
 2 81.45251396648047
 0 83.46368715083798
 6 85.47486033519556
 18 87.48603351955308
 7570 89.49720670391065
 7 91.50837988826817
 5 93.51955307262574
 1 95.53072625698326
 0 97.54189944134077
 7 99.55307262569835
 20 101.5642458100559
 29 103.5754189944134
 42 105.586592178771
 26 107.5977653631285
 117 109.608938547486
 116 111.6201117318436
 103 113.6312849162011
 3 115.6424581005587
 198 117.6536312849162
 172 119.6648044692737
 119 121.6759776536313
 167 123.6871508379888
 169 125.6983240223464
 84 127.7094972067039
 180 129.7206703910614
 182 131.731843575419
 1 133.7430167597765
 116 135.7541899441341
 169 137.7653631284916
 107 139.7765363128492
 144 141.7877094972067
 517 143.7988826815642
 105 145.8100558659218
 203 147.8212290502793
 46 149.8324022346369
 136 151.8435754189944
 62 153.854748603352
 512 155.8659217877095
 49 157.8770949720671
 106 159.8882681564246
 72 161.8994413407821
 35 163.9106145251397
 23 165.9217877094972
 149 167.9329608938548
 247 169.9441340782123
 352 171.9553072625699
 6 173.9664804469274
 150 175.9776536312849
 2 177.9888268156425
 0 180


