# Created by Octave 3.8.2, Sat Jun 20 16:44:32 2020 CEST <damian@fptrucha.inv.usc.es>
# name: hd
# type: matrix
# rows: 180
# columns: 2
 5 -180
 181 -177.9888268156425
 5 -175.9776536312849
 407 -173.9664804469274
 237 -171.9553072625698
 170 -169.9441340782123
 25 -167.9329608938548
 37 -165.9217877094972
 51 -163.9106145251397
 153 -161.8994413407821
 40 -159.8882681564246
 600 -157.877094972067
 57 -155.8659217877095
 136 -153.854748603352
 40 -151.8435754189944
 68 -149.8324022346369
 200 -147.8212290502793
 635 -145.8100558659218
 116 -143.7988826815642
 79 -141.7877094972067
 152 -139.7765363128491
 94 -137.7653631284916
 5 -135.7541899441341
 150 -133.7430167597765
 157 -131.731843575419
 65 -129.7206703910614
 161 -127.7094972067039
 220 -125.6983240223464
 82 -123.6871508379888
 198 -121.6759776536313
 186 -119.6648044692737
 5 -117.6536312849162
 91 -115.6424581005587
 117 -113.6312849162011
 127 -111.6201117318436
 14 -109.608938547486
 35 -107.5977653631285
 15 -105.5865921787709
 6 -103.5754189944134
 1 -101.5642458100559
 1 -99.55307262569832
 0 -97.54189944134077
 1 -95.53072625698323
 7 -93.5195530726257
 8301 -91.50837988826815
 4 -89.49720670391061
 1 -87.48603351955308
 2 -85.47486033519553
 0 -83.46368715083798
 0 -81.45251396648044
 4 -79.44134078212289
 5 -77.43016759776536
 52 -75.41899441340782
 21 -73.40782122905027
 49 -71.39664804469274
 117 -69.38547486033519
 60 -67.37430167597765
 86 -65.3631284916201
 43 -63.35195530726256
 294 -61.34078212290503
 142 -59.32960893854748
 215 -57.31843575418993
 89 -55.3072625698324
 78 -53.29608938547486
 226 -51.28491620111731
 42 -49.27374301675977
 109 -47.26256983240222
 2 -45.25139664804468
 273 -43.24022346368713
 2 -41.22905027932961
 154 -39.21787709497207
 338 -37.20670391061452
 467 -35.19553072625698
 102 -33.18435754189943
 52 -31.17318435754188
 149 -29.16201117318434
 15 -27.15083798882682
 62 -25.13966480446928
 646 -23.12849162011173
 140 -21.11731843575419
 37 -19.10614525139664
 10 -17.09497206703909
 43 -15.08379888268155
 174 -13.072625698324
 8 -11.06145251396646
 557 -9.050279329608941
 4 -7.039106145251395
 103 -5.02793296089385
 18 -3.016759776536304
 2 -1.005586592178759
 23 1.005586592178787
 123 3.016759776536333
 3 5.02793296089385
 574 7.039106145251395
 7 9.050279329608941
 105 11.06145251396649
 36 13.07262569832403
 8 15.08379888268158
 55 17.09497206703912
 103 19.10614525139667
 571 21.11731843575421
 65 23.12849162011173
 89 25.13966480446928
 90 27.15083798882682
 59 29.16201117318437
 236 31.17318435754191
 331 33.18435754189946
 228 35.195530726257
 170 37.20670391061452
 27 39.21787709497207
 286 41.22905027932961
 0 43.24022346368716
 116 45.2513966480447
 60 47.26256983240225
 229 49.27374301675979
 78 51.28491620111734
 190 53.29608938547489
 84 55.3072625698324
 114 57.31843575418995
 276 59.32960893854749
 56 61.34078212290504
 126 63.35195530726259
 67 65.36312849162013
 87 67.37430167597768
 45 69.38547486033519
 17 71.39664804469274
 45 73.40782122905028
 9 75.41899441340783
 7 77.43016759776538
 2 79.44134078212289
 0 81.45251396648047
 1 83.46368715083798
 2 85.47486033519556
 9 87.48603351955308
 7639 89.49720670391065
 7 91.50837988826817
 3 93.51955307262574
 1 95.53072625698326
 0 97.54189944134077
 1 99.55307262569835
 11 101.5642458100559
 17 103.5754189944134
 42 105.586592178771
 16 107.5977653631285
 102 109.608938547486
 137 111.6201117318436
 89 113.6312849162011
 3 115.6424581005587
 227 117.6536312849162
 142 119.6648044692737
 102 121.6759776536313
 169 123.6871508379888
 175 125.6983240223464
 91 127.7094972067039
 129 129.7206703910614
 180 131.731843575419
 1 133.7430167597765
 101 135.7541899441341
 168 137.7653631284916
 86 139.7765363128492
 127 141.7877094972067
 502 143.7988826815642
 128 145.8100558659218
 185 147.8212290502793
 36 149.8324022346369
 159 151.8435754189944
 75 153.854748603352
 445 155.8659217877095
 51 157.8770949720671
 117 159.8882681564246
 72 161.8994413407821
 51 163.9106145251397
 9 165.9217877094972
 107 167.9329608938548
 213 169.9441340782123
 296 171.9553072625699
 2 173.9664804469274
 153 175.9776536312849
 1 177.9888268156425
 0 180


