# Created by Octave 3.8.2, Sun Jun 21 03:06:31 2020 CEST <damian@fptrucha.inv.usc.es>
# name: hd
# type: matrix
# rows: 180
# columns: 2
 3 -180
 155 -177.9888268156425
 0 -175.9776536312849
 367 -173.9664804469274
 227 -171.9553072625698
 146 -169.9441340782123
 29 -167.9329608938548
 34 -165.9217877094972
 53 -163.9106145251397
 153 -161.8994413407821
 43 -159.8882681564246
 633 -157.877094972067
 57 -155.8659217877095
 95 -153.854748603352
 41 -151.8435754189944
 67 -149.8324022346369
 195 -147.8212290502793
 638 -145.8100558659218
 128 -143.7988826815642
 84 -141.7877094972067
 160 -139.7765363128491
 123 -137.7653631284916
 1 -135.7541899441341
 178 -133.7430167597765
 175 -131.731843575419
 71 -129.7206703910614
 165 -127.7094972067039
 196 -125.6983240223464
 100 -123.6871508379888
 200 -121.6759776536313
 158 -119.6648044692737
 4 -117.6536312849162
 96 -115.6424581005587
 106 -113.6312849162011
 100 -111.6201117318436
 17 -109.608938547486
 31 -107.5977653631285
 20 -105.5865921787709
 8 -103.5754189944134
 3 -101.5642458100559
 1 -99.55307262569832
 1 -97.54189944134077
 2 -95.53072625698323
 5 -93.5195530726257
 8082 -91.50837988826815
 8 -89.49720670391061
 0 -87.48603351955308
 3 -85.47486033519553
 0 -83.46368715083798
 1 -81.45251396648044
 3 -79.44134078212289
 7 -77.43016759776536
 46 -75.41899441340782
 23 -73.40782122905027
 52 -71.39664804469274
 118 -69.38547486033519
 59 -67.37430167597765
 84 -65.3631284916201
 52 -63.35195530726256
 237 -61.34078212290503
 134 -59.32960893854748
 213 -57.31843575418993
 99 -55.3072625698324
 81 -53.29608938547486
 215 -51.28491620111731
 67 -49.27374301675977
 99 -47.26256983240222
 0 -45.25139664804468
 232 -43.24022346368713
 1 -41.22905027932961
 147 -39.21787709497207
 316 -37.20670391061452
 492 -35.19553072625698
 92 -33.18435754189943
 60 -31.17318435754188
 146 -29.16201117318434
 8 -27.15083798882682
 51 -25.13966480446928
 656 -23.12849162011173
 148 -21.11731843575419
 46 -19.10614525139664
 9 -17.09497206703909
 49 -15.08379888268155
 168 -13.072625698324
 6 -11.06145251396646
 538 -9.050279329608941
 4 -7.039106145251395
 118 -5.02793296089385
 26 -3.016759776536304
 2 -1.005586592178759
 19 1.005586592178787
 116 3.016759776536333
 1 5.02793296089385
 516 7.039106145251395
 9 9.050279329608941
 158 11.06145251396649
 38 13.07262569832403
 16 15.08379888268158
 65 17.09497206703912
 100 19.10614525139667
 507 21.11731843575421
 45 23.12849162011173
 95 25.13966480446928
 92 27.15083798882682
 54 29.16201117318437
 220 31.17318435754191
 328 33.18435754189946
 238 35.195530726257
 168 37.20670391061452
 37 39.21787709497207
 266 41.22905027932961
 3 43.24022346368716
 109 45.2513966480447
 52 47.26256983240225
 225 49.27374301675979
 76 51.28491620111734
 190 53.29608938547489
 80 55.3072625698324
 125 57.31843575418995
 247 59.32960893854749
 57 61.34078212290504
 111 63.35195530726259
 78 65.36312849162013
 105 67.37430167597768
 46 69.38547486033519
 32 71.39664804469274
 41 73.40782122905028
 5 75.41899441340783
 5 77.43016759776538
 1 79.44134078212289
 0 81.45251396648047
 1 83.46368715083798
 3 85.47486033519556
 10 87.48603351955308
 7568 89.49720670391065
 7 91.50837988826817
 4 93.51955307262574
 2 95.53072625698326
 0 97.54189944134077
 2 99.55307262569835
 11 101.5642458100559
 23 103.5754189944134
 34 105.586592178771
 25 107.5977653631285
 98 109.608938547486
 117 111.6201117318436
 135 113.6312849162011
 2 115.6424581005587
 186 117.6536312849162
 145 119.6648044692737
 95 121.6759776536313
 190 123.6871508379888
 158 125.6983240223464
 80 127.7094972067039
 169 129.7206703910614
 151 131.731843575419
 2 133.7430167597765
 103 135.7541899441341
 125 137.7653631284916
 87 139.7765363128492
 141 141.7877094972067
 434 143.7988826815642
 113 145.8100558659218
 204 147.8212290502793
 40 149.8324022346369
 144 151.8435754189944
 60 153.854748603352
 454 155.8659217877095
 42 157.8770949720671
 134 159.8882681564246
 70 161.8994413407821
 45 163.9106145251397
 16 165.9217877094972
 138 167.9329608938548
 183 169.9441340782123
 290 171.9553072625699
 2 173.9664804469274
 130 175.9776536312849
 2 177.9888268156425
 0 180


