# Created by Octave 3.8.2, Mon Jun 22 21:16:42 2020 CEST <damian@fptrucha.inv.usc.es>
# name: hd
# type: matrix
# rows: 180
# columns: 2
 9 -180
 170 -177.9888268156425
 4 -175.9776536312849
 400 -173.9664804469274
 248 -171.9553072625698
 143 -169.9441340782123
 29 -167.9329608938548
 35 -165.9217877094972
 70 -163.9106145251397
 152 -161.8994413407821
 41 -159.8882681564246
 635 -157.877094972067
 72 -155.8659217877095
 132 -153.854748603352
 31 -151.8435754189944
 80 -149.8324022346369
 242 -147.8212290502793
 669 -145.8100558659218
 167 -143.7988826815642
 119 -141.7877094972067
 186 -139.7765363128491
 115 -137.7653631284916
 2 -135.7541899441341
 196 -133.7430167597765
 162 -131.731843575419
 91 -129.7206703910614
 201 -127.7094972067039
 243 -125.6983240223464
 97 -123.6871508379888
 198 -121.6759776536313
 193 -119.6648044692737
 4 -117.6536312849162
 122 -115.6424581005587
 127 -113.6312849162011
 153 -111.6201117318436
 24 -109.608938547486
 39 -107.5977653631285
 29 -105.5865921787709
 19 -103.5754189944134
 9 -101.5642458100559
 0 -99.55307262569832
 3 -97.54189944134077
 6 -95.53072625698323
 7 -93.5195530726257
 8555 -91.50837988826815
 17 -89.49720670391061
 2 -87.48603351955308
 2 -85.47486033519553
 1 -83.46368715083798
 4 -81.45251396648044
 5 -79.44134078212289
 6 -77.43016759776536
 51 -75.41899441340782
 28 -73.40782122905027
 59 -71.39664804469274
 113 -69.38547486033519
 87 -67.37430167597765
 124 -65.3631284916201
 75 -63.35195530726256
 278 -61.34078212290503
 151 -59.32960893854748
 229 -57.31843575418993
 71 -55.3072625698324
 87 -53.29608938547486
 241 -51.28491620111731
 61 -49.27374301675977
 130 -47.26256983240222
 1 -45.25139664804468
 329 -43.24022346368713
 3 -41.22905027932961
 178 -39.21787709497207
 302 -37.20670391061452
 403 -35.19553072625698
 123 -33.18435754189943
 57 -31.17318435754188
 177 -29.16201117318434
 4 -27.15083798882682
 67 -25.13966480446928
 650 -23.12849162011173
 131 -21.11731843575419
 55 -19.10614525139664
 15 -17.09497206703909
 38 -15.08379888268155
 141 -13.072625698324
 7 -11.06145251396646
 578 -9.050279329608941
 5 -7.039106145251395
 138 -5.02793296089385
 29 -3.016759776536304
 5 -1.005586592178759
 23 1.005586592178787
 118 3.016759776536333
 2 5.02793296089385
 607 7.039106145251395
 7 9.050279329608941
 147 11.06145251396649
 45 13.07262569832403
 11 15.08379888268158
 53 17.09497206703912
 112 19.10614525139667
 600 21.11731843575421
 66 23.12849162011173
 86 25.13966480446928
 98 27.15083798882682
 52 29.16201117318437
 179 31.17318435754191
 321 33.18435754189946
 271 35.195530726257
 185 37.20670391061452
 44 39.21787709497207
 291 41.22905027932961
 1 43.24022346368716
 137 45.2513966480447
 59 47.26256983240225
 250 49.27374301675979
 93 51.28491620111734
 247 53.29608938547489
 65 55.3072625698324
 154 57.31843575418995
 270 59.32960893854749
 58 61.34078212290504
 129 63.35195530726259
 76 65.36312849162013
 128 67.37430167597768
 51 69.38547486033519
 33 71.39664804469274
 49 73.40782122905028
 9 75.41899441340783
 8 77.43016759776538
 2 79.44134078212289
 0 81.45251396648047
 2 83.46368715083798
 9 85.47486033519556
 12 87.48603351955308
 7951 89.49720670391065
 5 91.50837988826817
 7 93.51955307262574
 2 95.53072625698326
 3 97.54189944134077
 4 99.55307262569835
 15 101.5642458100559
 27 103.5754189944134
 43 105.586592178771
 27 107.5977653631285
 106 109.608938547486
 132 111.6201117318436
 121 113.6312849162011
 3 115.6424581005587
 217 117.6536312849162
 201 119.6648044692737
 83 121.6759776536313
 196 123.6871508379888
 183 125.6983240223464
 78 127.7094972067039
 177 129.7206703910614
 201 131.731843575419
 2 133.7430167597765
 120 135.7541899441341
 205 137.7653631284916
 100 139.7765363128492
 141 141.7877094972067
 528 143.7988826815642
 106 145.8100558659218
 198 147.8212290502793
 46 149.8324022346369
 150 151.8435754189944
 72 153.854748603352
 527 155.8659217877095
 53 157.8770949720671
 133 159.8882681564246
 86 161.8994413407821
 49 163.9106145251397
 25 165.9217877094972
 155 167.9329608938548
 240 169.9441340782123
 359 171.9553072625699
 4 173.9664804469274
 171 175.9776536312849
 6 177.9888268156425
 0 180


