# Created by Octave 3.8.2, Sat Jun 20 14:52:35 2020 CEST <damian@fptrucha.inv.usc.es>
# name: hd
# type: matrix
# rows: 180
# columns: 2
 6 -180
 151 -177.9888268156425
 5 -175.9776536312849
 359 -173.9664804469274
 239 -171.9553072625698
 161 -169.9441340782123
 32 -167.9329608938548
 22 -165.9217877094972
 44 -163.9106145251397
 153 -161.8994413407821
 40 -159.8882681564246
 648 -157.877094972067
 75 -155.8659217877095
 106 -153.854748603352
 37 -151.8435754189944
 68 -149.8324022346369
 184 -147.8212290502793
 682 -145.8100558659218
 130 -143.7988826815642
 84 -141.7877094972067
 157 -139.7765363128491
 95 -137.7653631284916
 1 -135.7541899441341
 158 -133.7430167597765
 153 -131.731843575419
 73 -129.7206703910614
 162 -127.7094972067039
 228 -125.6983240223464
 95 -123.6871508379888
 209 -121.6759776536313
 181 -119.6648044692737
 1 -117.6536312849162
 84 -115.6424581005587
 98 -113.6312849162011
 114 -111.6201117318436
 21 -109.608938547486
 29 -107.5977653631285
 24 -105.5865921787709
 6 -103.5754189944134
 2 -101.5642458100559
 0 -99.55307262569832
 1 -97.54189944134077
 1 -95.53072625698323
 4 -93.5195530726257
 8314 -91.50837988826815
 15 -89.49720670391061
 3 -87.48603351955308
 1 -85.47486033519553
 0 -83.46368715083798
 2 -81.45251396648044
 2 -79.44134078212289
 9 -77.43016759776536
 44 -75.41899441340782
 27 -73.40782122905027
 48 -71.39664804469274
 106 -69.38547486033519
 75 -67.37430167597765
 105 -65.3631284916201
 50 -63.35195530726256
 307 -61.34078212290503
 163 -59.32960893854748
 238 -57.31843575418993
 86 -55.3072625698324
 75 -53.29608938547486
 236 -51.28491620111731
 55 -49.27374301675977
 111 -47.26256983240222
 1 -45.25139664804468
 286 -43.24022346368713
 3 -41.22905027932961
 163 -39.21787709497207
 362 -37.20670391061452
 481 -35.19553072625698
 94 -33.18435754189943
 60 -31.17318435754188
 158 -29.16201117318434
 8 -27.15083798882682
 60 -25.13966480446928
 675 -23.12849162011173
 161 -21.11731843575419
 51 -19.10614525139664
 7 -17.09497206703909
 35 -15.08379888268155
 169 -13.072625698324
 10 -11.06145251396646
 589 -9.050279329608941
 3 -7.039106145251395
 115 -5.02793296089385
 25 -3.016759776536304
 4 -1.005586592178759
 12 1.005586592178787
 153 3.016759776536333
 3 5.02793296089385
 555 7.039106145251395
 15 9.050279329608941
 125 11.06145251396649
 47 13.07262569832403
 10 15.08379888268158
 59 17.09497206703912
 116 19.10614525139667
 552 21.11731843575421
 70 23.12849162011173
 99 25.13966480446928
 118 27.15083798882682
 64 29.16201117318437
 226 31.17318435754191
 324 33.18435754189946
 237 35.195530726257
 185 37.20670391061452
 32 39.21787709497207
 300 41.22905027932961
 3 43.24022346368716
 112 45.2513966480447
 65 47.26256983240225
 243 49.27374301675979
 101 51.28491620111734
 202 53.29608938547489
 77 55.3072625698324
 168 57.31843575418995
 277 59.32960893854749
 46 61.34078212290504
 122 63.35195530726259
 90 65.36312849162013
 132 67.37430167597768
 47 69.38547486033519
 18 71.39664804469274
 65 73.40782122905028
 9 75.41899441340783
 15 77.43016759776538
 1 79.44134078212289
 0 81.45251396648047
 1 83.46368715083798
 1 85.47486033519556
 3 87.48603351955308
 7989 89.49720670391065
 6 91.50837988826817
 4 93.51955307262574
 0 95.53072625698326
 1 97.54189944134077
 1 99.55307262569835
 14 101.5642458100559
 21 103.5754189944134
 37 105.586592178771
 18 107.5977653631285
 119 109.608938547486
 128 111.6201117318436
 134 113.6312849162011
 5 115.6424581005587
 225 117.6536312849162
 157 119.6648044692737
 102 121.6759776536313
 188 123.6871508379888
 180 125.6983240223464
 76 127.7094972067039
 168 129.7206703910614
 170 131.731843575419
 2 133.7430167597765
 144 135.7541899441341
 175 137.7653631284916
 110 139.7765363128492
 152 141.7877094972067
 501 143.7988826815642
 141 145.8100558659218
 245 147.8212290502793
 40 149.8324022346369
 176 151.8435754189944
 69 153.854748603352
 492 155.8659217877095
 51 157.8770949720671
 106 159.8882681564246
 79 161.8994413407821
 46 163.9106145251397
 22 165.9217877094972
 118 167.9329608938548
 243 169.9441340782123
 329 171.9553072625699
 5 173.9664804469274
 178 175.9776536312849
 5 177.9888268156425
 0 180


