# Created by Octave 3.8.2, Sat Jun 20 21:53:45 2020 CEST <damian@fptrucha.inv.usc.es>
# name: hd
# type: matrix
# rows: 180
# columns: 2
 4 -180
 168 -177.9888268156425
 3 -175.9776536312849
 346 -173.9664804469274
 245 -171.9553072625698
 136 -169.9441340782123
 21 -167.9329608938548
 34 -165.9217877094972
 43 -163.9106145251397
 150 -161.8994413407821
 38 -159.8882681564246
 617 -157.877094972067
 56 -155.8659217877095
 108 -153.854748603352
 36 -151.8435754189944
 42 -149.8324022346369
 214 -147.8212290502793
 646 -145.8100558659218
 123 -143.7988826815642
 95 -141.7877094972067
 162 -139.7765363128491
 87 -137.7653631284916
 4 -135.7541899441341
 137 -133.7430167597765
 150 -131.731843575419
 73 -129.7206703910614
 162 -127.7094972067039
 200 -125.6983240223464
 91 -123.6871508379888
 186 -121.6759776536313
 169 -119.6648044692737
 2 -117.6536312849162
 89 -115.6424581005587
 105 -113.6312849162011
 108 -111.6201117318436
 12 -109.608938547486
 28 -107.5977653631285
 27 -105.5865921787709
 6 -103.5754189944134
 2 -101.5642458100559
 1 -99.55307262569832
 0 -97.54189944134077
 2 -95.53072625698323
 4 -93.5195530726257
 7951 -91.50837988826815
 7 -89.49720670391061
 3 -87.48603351955308
 0 -85.47486033519553
 0 -83.46368715083798
 1 -81.45251396648044
 8 -79.44134078212289
 3 -77.43016759776536
 42 -75.41899441340782
 16 -73.40782122905027
 39 -71.39664804469274
 130 -69.38547486033519
 95 -67.37430167597765
 97 -65.3631284916201
 47 -63.35195530726256
 273 -61.34078212290503
 145 -59.32960893854748
 199 -57.31843575418993
 86 -55.3072625698324
 76 -53.29608938547486
 214 -51.28491620111731
 56 -49.27374301675977
 90 -47.26256983240222
 3 -45.25139664804468
 292 -43.24022346368713
 2 -41.22905027932961
 143 -39.21787709497207
 323 -37.20670391061452
 441 -35.19553072625698
 105 -33.18435754189943
 63 -31.17318435754188
 151 -29.16201117318434
 7 -27.15083798882682
 54 -25.13966480446928
 585 -23.12849162011173
 164 -21.11731843575419
 56 -19.10614525139664
 8 -17.09497206703909
 33 -15.08379888268155
 170 -13.072625698324
 8 -11.06145251396646
 585 -9.050279329608941
 8 -7.039106145251395
 113 -5.02793296089385
 20 -3.016759776536304
 1 -1.005586592178759
 24 1.005586592178787
 127 3.016759776536333
 2 5.02793296089385
 540 7.039106145251395
 11 9.050279329608941
 145 11.06145251396649
 46 13.07262569832403
 5 15.08379888268158
 58 17.09497206703912
 115 19.10614525139667
 520 21.11731843575421
 67 23.12849162011173
 96 25.13966480446928
 125 27.15083798882682
 48 29.16201117318437
 233 31.17318435754191
 336 33.18435754189946
 220 35.195530726257
 168 37.20670391061452
 40 39.21787709497207
 301 41.22905027932961
 1 43.24022346368716
 129 45.2513966480447
 69 47.26256983240225
 217 49.27374301675979
 90 51.28491620111734
 178 53.29608938547489
 77 55.3072625698324
 121 57.31843575418995
 267 59.32960893854749
 75 61.34078212290504
 106 63.35195530726259
 72 65.36312849162013
 120 67.37430167597768
 41 69.38547486033519
 36 71.39664804469274
 58 73.40782122905028
 7 75.41899441340783
 4 77.43016759776538
 5 79.44134078212289
 0 81.45251396648047
 3 83.46368715083798
 7 85.47486033519556
 7 87.48603351955308
 7602 89.49720670391065
 4 91.50837988826817
 2 93.51955307262574
 0 95.53072625698326
 0 97.54189944134077
 0 99.55307262569835
 16 101.5642458100559
 24 103.5754189944134
 27 105.586592178771
 23 107.5977653631285
 99 109.608938547486
 114 111.6201117318436
 122 113.6312849162011
 4 115.6424581005587
 210 117.6536312849162
 139 119.6648044692737
 77 121.6759776536313
 169 123.6871508379888
 177 125.6983240223464
 89 127.7094972067039
 154 129.7206703910614
 157 131.731843575419
 1 133.7430167597765
 136 135.7541899441341
 170 137.7653631284916
 92 139.7765363128492
 136 141.7877094972067
 429 143.7988826815642
 112 145.8100558659218
 218 147.8212290502793
 41 149.8324022346369
 144 151.8435754189944
 66 153.854748603352
 476 155.8659217877095
 47 157.8770949720671
 141 159.8882681564246
 60 161.8994413407821
 55 163.9106145251397
 8 165.9217877094972
 144 167.9329608938548
 185 169.9441340782123
 320 171.9553072625699
 3 173.9664804469274
 140 175.9776536312849
 1 177.9888268156425
 0 180


