# Created by Octave 3.8.2, Sat Jun 20 21:46:27 2020 CEST <damian@fptrucha.inv.usc.es>
# name: hd
# type: matrix
# rows: 180
# columns: 2
 6 -180
 138 -177.9888268156425
 2 -175.9776536312849
 379 -173.9664804469274
 244 -171.9553072625698
 131 -169.9441340782123
 19 -167.9329608938548
 34 -165.9217877094972
 51 -163.9106145251397
 166 -161.8994413407821
 31 -159.8882681564246
 604 -157.877094972067
 69 -155.8659217877095
 95 -153.854748603352
 31 -151.8435754189944
 61 -149.8324022346369
 199 -147.8212290502793
 659 -145.8100558659218
 121 -143.7988826815642
 73 -141.7877094972067
 142 -139.7765363128491
 83 -137.7653631284916
 1 -135.7541899441341
 167 -133.7430167597765
 143 -131.731843575419
 78 -129.7206703910614
 158 -127.7094972067039
 241 -125.6983240223464
 85 -123.6871508379888
 189 -121.6759776536313
 147 -119.6648044692737
 5 -117.6536312849162
 102 -115.6424581005587
 94 -113.6312849162011
 119 -111.6201117318436
 18 -109.608938547486
 42 -107.5977653631285
 18 -105.5865921787709
 7 -103.5754189944134
 0 -101.5642458100559
 1 -99.55307262569832
 0 -97.54189944134077
 1 -95.53072625698323
 4 -93.5195530726257
 7968 -91.50837988826815
 9 -89.49720670391061
 2 -87.48603351955308
 0 -85.47486033519553
 1 -83.46368715083798
 2 -81.45251396648044
 1 -79.44134078212289
 1 -77.43016759776536
 47 -75.41899441340782
 23 -73.40782122905027
 62 -71.39664804469274
 106 -69.38547486033519
 70 -67.37430167597765
 92 -65.3631284916201
 47 -63.35195530726256
 251 -61.34078212290503
 138 -59.32960893854748
 189 -57.31843575418993
 80 -55.3072625698324
 73 -53.29608938547486
 204 -51.28491620111731
 51 -49.27374301675977
 98 -47.26256983240222
 2 -45.25139664804468
 270 -43.24022346368713
 2 -41.22905027932961
 150 -39.21787709497207
 321 -37.20670391061452
 445 -35.19553072625698
 113 -33.18435754189943
 70 -31.17318435754188
 136 -29.16201117318434
 11 -27.15083798882682
 62 -25.13966480446928
 633 -23.12849162011173
 148 -21.11731843575419
 50 -19.10614525139664
 5 -17.09497206703909
 36 -15.08379888268155
 176 -13.072625698324
 6 -11.06145251396646
 578 -9.050279329608941
 5 -7.039106145251395
 129 -5.02793296089385
 20 -3.016759776536304
 2 -1.005586592178759
 22 1.005586592178787
 110 3.016759776536333
 3 5.02793296089385
 527 7.039106145251395
 11 9.050279329608941
 149 11.06145251396649
 44 13.07262569832403
 8 15.08379888268158
 75 17.09497206703912
 134 19.10614525139667
 502 21.11731843575421
 56 23.12849162011173
 95 25.13966480446928
 107 27.15083798882682
 60 29.16201117318437
 230 31.17318435754191
 310 33.18435754189946
 229 35.195530726257
 150 37.20670391061452
 36 39.21787709497207
 280 41.22905027932961
 0 43.24022346368716
 122 45.2513966480447
 63 47.26256983240225
 239 49.27374301675979
 99 51.28491620111734
 171 53.29608938547489
 62 55.3072625698324
 124 57.31843575418995
 240 59.32960893854749
 76 61.34078212290504
 117 63.35195530726259
 71 65.36312849162013
 122 67.37430167597768
 44 69.38547486033519
 26 71.39664804469274
 35 73.40782122905028
 5 75.41899441340783
 8 77.43016759776538
 0 79.44134078212289
 0 81.45251396648047
 2 83.46368715083798
 1 85.47486033519556
 10 87.48603351955308
 7640 89.49720670391065
 6 91.50837988826817
 1 93.51955307262574
 0 95.53072625698326
 2 97.54189944134077
 2 99.55307262569835
 22 101.5642458100559
 18 103.5754189944134
 34 105.586592178771
 24 107.5977653631285
 90 109.608938547486
 107 111.6201117318436
 95 113.6312849162011
 0 115.6424581005587
 221 117.6536312849162
 149 119.6648044692737
 72 121.6759776536313
 201 123.6871508379888
 177 125.6983240223464
 79 127.7094972067039
 150 129.7206703910614
 194 131.731843575419
 0 133.7430167597765
 123 135.7541899441341
 167 137.7653631284916
 102 139.7765363128492
 155 141.7877094972067
 479 143.7988826815642
 139 145.8100558659218
 206 147.8212290502793
 37 149.8324022346369
 162 151.8435754189944
 67 153.854748603352
 454 155.8659217877095
 48 157.8770949720671
 102 159.8882681564246
 74 161.8994413407821
 54 163.9106145251397
 17 165.9217877094972
 132 167.9329608938548
 212 169.9441340782123
 296 171.9553072625699
 1 173.9664804469274
 147 175.9776536312849
 3 177.9888268156425
 0 180


