# Created by Octave 3.8.2, Sat Jun 20 11:41:40 2020 CEST <damian@fptrucha.inv.usc.es>
# name: hd
# type: matrix
# rows: 180
# columns: 2
 7 -180
 165 -177.9888268156425
 3 -175.9776536312849
 376 -173.9664804469274
 239 -171.9553072625698
 180 -169.9441340782123
 30 -167.9329608938548
 40 -165.9217877094972
 50 -163.9106145251397
 191 -161.8994413407821
 49 -159.8882681564246
 679 -157.877094972067
 71 -155.8659217877095
 144 -153.854748603352
 39 -151.8435754189944
 70 -149.8324022346369
 217 -147.8212290502793
 665 -145.8100558659218
 153 -143.7988826815642
 89 -141.7877094972067
 190 -139.7765363128491
 117 -137.7653631284916
 4 -135.7541899441341
 162 -133.7430167597765
 166 -131.731843575419
 108 -129.7206703910614
 180 -127.7094972067039
 248 -125.6983240223464
 101 -123.6871508379888
 225 -121.6759776536313
 211 -119.6648044692737
 5 -117.6536312849162
 103 -115.6424581005587
 121 -113.6312849162011
 130 -111.6201117318436
 14 -109.608938547486
 32 -107.5977653631285
 25 -105.5865921787709
 15 -103.5754189944134
 1 -101.5642458100559
 0 -99.55307262569832
 1 -97.54189944134077
 3 -95.53072625698323
 5 -93.5195530726257
 8976 -91.50837988826815
 6 -89.49720670391061
 3 -87.48603351955308
 0 -85.47486033519553
 1 -83.46368715083798
 0 -81.45251396648044
 9 -79.44134078212289
 6 -77.43016759776536
 40 -75.41899441340782
 20 -73.40782122905027
 62 -71.39664804469274
 129 -69.38547486033519
 74 -67.37430167597765
 102 -65.3631284916201
 54 -63.35195530726256
 262 -61.34078212290503
 155 -59.32960893854748
 218 -57.31843575418993
 95 -55.3072625698324
 73 -53.29608938547486
 237 -51.28491620111731
 56 -49.27374301675977
 80 -47.26256983240222
 1 -45.25139664804468
 293 -43.24022346368713
 6 -41.22905027932961
 170 -39.21787709497207
 339 -37.20670391061452
 511 -35.19553072625698
 106 -33.18435754189943
 69 -31.17318435754188
 163 -29.16201117318434
 7 -27.15083798882682
 66 -25.13966480446928
 695 -23.12849162011173
 164 -21.11731843575419
 58 -19.10614525139664
 6 -17.09497206703909
 40 -15.08379888268155
 152 -13.072625698324
 10 -11.06145251396646
 615 -9.050279329608941
 2 -7.039106145251395
 166 -5.02793296089385
 27 -3.016759776536304
 4 -1.005586592178759
 18 1.005586592178787
 123 3.016759776536333
 1 5.02793296089385
 598 7.039106145251395
 11 9.050279329608941
 128 11.06145251396649
 44 13.07262569832403
 14 15.08379888268158
 52 17.09497206703912
 105 19.10614525139667
 560 21.11731843575421
 56 23.12849162011173
 101 25.13966480446928
 103 27.15083798882682
 74 29.16201117318437
 261 31.17318435754191
 345 33.18435754189946
 252 35.195530726257
 168 37.20670391061452
 45 39.21787709497207
 329 41.22905027932961
 0 43.24022346368716
 146 45.2513966480447
 64 47.26256983240225
 253 49.27374301675979
 107 51.28491620111734
 226 53.29608938547489
 82 55.3072625698324
 141 57.31843575418995
 309 59.32960893854749
 70 61.34078212290504
 131 63.35195530726259
 79 65.36312849162013
 122 67.37430167597768
 55 69.38547486033519
 33 71.39664804469274
 53 73.40782122905028
 6 75.41899441340783
 5 77.43016759776538
 3 79.44134078212289
 0 81.45251396648047
 0 83.46368715083798
 3 85.47486033519556
 9 87.48603351955308
 8533 89.49720670391065
 5 91.50837988826817
 2 93.51955307262574
 1 95.53072625698326
 0 97.54189944134077
 1 99.55307262569835
 15 101.5642458100559
 21 103.5754189944134
 45 105.586592178771
 28 107.5977653631285
 112 109.608938547486
 148 111.6201117318436
 143 113.6312849162011
 3 115.6424581005587
 234 117.6536312849162
 189 119.6648044692737
 97 121.6759776536313
 179 123.6871508379888
 203 125.6983240223464
 87 127.7094972067039
 176 129.7206703910614
 213 131.731843575419
 0 133.7430167597765
 147 135.7541899441341
 199 137.7653631284916
 111 139.7765363128492
 161 141.7877094972067
 524 143.7988826815642
 159 145.8100558659218
 226 147.8212290502793
 43 149.8324022346369
 187 151.8435754189944
 80 153.854748603352
 515 155.8659217877095
 60 157.8770949720671
 139 159.8882681564246
 73 161.8994413407821
 58 163.9106145251397
 26 165.9217877094972
 118 167.9329608938548
 261 169.9441340782123
 384 171.9553072625699
 1 173.9664804469274
 163 175.9776536312849
 7 177.9888268156425
 0 180


