# Created by Octave 3.8.2, Sun Jun 21 00:14:53 2020 CEST <damian@fptrucha.inv.usc.es>
# name: hd
# type: matrix
# rows: 180
# columns: 2
 3 -180
 148 -177.9888268156425
 3 -175.9776536312849
 326 -173.9664804469274
 223 -171.9553072625698
 157 -169.9441340782123
 27 -167.9329608938548
 27 -165.9217877094972
 57 -163.9106145251397
 156 -161.8994413407821
 36 -159.8882681564246
 641 -157.877094972067
 59 -155.8659217877095
 117 -153.854748603352
 30 -151.8435754189944
 66 -149.8324022346369
 202 -147.8212290502793
 589 -145.8100558659218
 98 -143.7988826815642
 88 -141.7877094972067
 207 -139.7765363128491
 103 -137.7653631284916
 2 -135.7541899441341
 130 -133.7430167597765
 154 -131.731843575419
 78 -129.7206703910614
 179 -127.7094972067039
 210 -125.6983240223464
 94 -123.6871508379888
 180 -121.6759776536313
 179 -119.6648044692737
 3 -117.6536312849162
 91 -115.6424581005587
 101 -113.6312849162011
 108 -111.6201117318436
 17 -109.608938547486
 32 -107.5977653631285
 14 -105.5865921787709
 5 -103.5754189944134
 2 -101.5642458100559
 0 -99.55307262569832
 0 -97.54189944134077
 0 -95.53072625698323
 8 -93.5195530726257
 7757 -91.50837988826815
 12 -89.49720670391061
 2 -87.48603351955308
 0 -85.47486033519553
 0 -83.46368715083798
 0 -81.45251396648044
 7 -79.44134078212289
 5 -77.43016759776536
 38 -75.41899441340782
 27 -73.40782122905027
 63 -71.39664804469274
 102 -69.38547486033519
 68 -67.37430167597765
 98 -65.3631284916201
 45 -63.35195530726256
 279 -61.34078212290503
 151 -59.32960893854748
 216 -57.31843575418993
 99 -55.3072625698324
 68 -53.29608938547486
 219 -51.28491620111731
 50 -49.27374301675977
 79 -47.26256983240222
 2 -45.25139664804468
 243 -43.24022346368713
 1 -41.22905027932961
 140 -39.21787709497207
 288 -37.20670391061452
 467 -35.19553072625698
 107 -33.18435754189943
 52 -31.17318435754188
 133 -29.16201117318434
 11 -27.15083798882682
 51 -25.13966480446928
 602 -23.12849162011173
 141 -21.11731843575419
 46 -19.10614525139664
 6 -17.09497206703909
 26 -15.08379888268155
 168 -13.072625698324
 9 -11.06145251396646
 565 -9.050279329608941
 1 -7.039106145251395
 140 -5.02793296089385
 16 -3.016759776536304
 3 -1.005586592178759
 16 1.005586592178787
 110 3.016759776536333
 1 5.02793296089385
 533 7.039106145251395
 9 9.050279329608941
 132 11.06145251396649
 37 13.07262569832403
 7 15.08379888268158
 53 17.09497206703912
 103 19.10614525139667
 493 21.11731843575421
 52 23.12849162011173
 85 25.13966480446928
 104 27.15083798882682
 67 29.16201117318437
 252 31.17318435754191
 307 33.18435754189946
 230 35.195530726257
 154 37.20670391061452
 42 39.21787709497207
 288 41.22905027932961
 3 43.24022346368716
 132 45.2513966480447
 72 47.26256983240225
 189 49.27374301675979
 81 51.28491620111734
 194 53.29608938547489
 71 55.3072625698324
 127 57.31843575418995
 277 59.32960893854749
 68 61.34078212290504
 118 63.35195530726259
 92 65.36312849162013
 104 67.37430167597768
 40 69.38547486033519
 31 71.39664804469274
 62 73.40782122905028
 6 75.41899441340783
 3 77.43016759776538
 2 79.44134078212289
 0 81.45251396648047
 1 83.46368715083798
 1 85.47486033519556
 10 87.48603351955308
 7422 89.49720670391065
 5 91.50837988826817
 0 93.51955307262574
 1 95.53072625698326
 0 97.54189944134077
 2 99.55307262569835
 11 101.5642458100559
 26 103.5754189944134
 32 105.586592178771
 17 107.5977653631285
 116 109.608938547486
 107 111.6201117318436
 94 113.6312849162011
 1 115.6424581005587
 205 117.6536312849162
 155 119.6648044692737
 92 121.6759776536313
 184 123.6871508379888
 154 125.6983240223464
 87 127.7094972067039
 165 129.7206703910614
 171 131.731843575419
 2 133.7430167597765
 108 135.7541899441341
 181 137.7653631284916
 105 139.7765363128492
 145 141.7877094972067
 462 143.7988826815642
 144 145.8100558659218
 190 147.8212290502793
 49 149.8324022346369
 144 151.8435754189944
 64 153.854748603352
 510 155.8659217877095
 40 157.8770949720671
 110 159.8882681564246
 77 161.8994413407821
 50 163.9106145251397
 19 165.9217877094972
 138 167.9329608938548
 202 169.9441340782123
 305 171.9553072625699
 3 173.9664804469274
 141 175.9776536312849
 5 177.9888268156425
 0 180


