# Created by Octave 3.8.2, Sat Jun 20 13:48:06 2020 CEST <damian@fptrucha.inv.usc.es>
# name: hd
# type: matrix
# rows: 180
# columns: 2
 6 -180
 162 -177.9888268156425
 2 -175.9776536312849
 370 -173.9664804469274
 244 -171.9553072625698
 163 -169.9441340782123
 22 -167.9329608938548
 41 -165.9217877094972
 58 -163.9106145251397
 186 -161.8994413407821
 44 -159.8882681564246
 683 -157.877094972067
 58 -155.8659217877095
 119 -153.854748603352
 40 -151.8435754189944
 57 -149.8324022346369
 219 -147.8212290502793
 638 -145.8100558659218
 128 -143.7988826815642
 89 -141.7877094972067
 186 -139.7765363128491
 86 -137.7653631284916
 4 -135.7541899441341
 151 -133.7430167597765
 168 -131.731843575419
 97 -129.7206703910614
 179 -127.7094972067039
 243 -125.6983240223464
 103 -123.6871508379888
 206 -121.6759776536313
 164 -119.6648044692737
 6 -117.6536312849162
 97 -115.6424581005587
 117 -113.6312849162011
 140 -111.6201117318436
 26 -109.608938547486
 34 -107.5977653631285
 26 -105.5865921787709
 11 -103.5754189944134
 0 -101.5642458100559
 0 -99.55307262569832
 0 -97.54189944134077
 4 -95.53072625698323
 9 -93.5195530726257
 8552 -91.50837988826815
 10 -89.49720670391061
 3 -87.48603351955308
 1 -85.47486033519553
 0 -83.46368715083798
 1 -81.45251396648044
 8 -79.44134078212289
 3 -77.43016759776536
 58 -75.41899441340782
 18 -73.40782122905027
 40 -71.39664804469274
 113 -69.38547486033519
 52 -67.37430167597765
 104 -65.3631284916201
 61 -63.35195530726256
 301 -61.34078212290503
 161 -59.32960893854748
 189 -57.31843575418993
 109 -55.3072625698324
 74 -53.29608938547486
 211 -51.28491620111731
 54 -49.27374301675977
 105 -47.26256983240222
 1 -45.25139664804468
 277 -43.24022346368713
 2 -41.22905027932961
 154 -39.21787709497207
 332 -37.20670391061452
 471 -35.19553072625698
 111 -33.18435754189943
 62 -31.17318435754188
 148 -29.16201117318434
 13 -27.15083798882682
 68 -25.13966480446928
 674 -23.12849162011173
 134 -21.11731843575419
 49 -19.10614525139664
 14 -17.09497206703909
 41 -15.08379888268155
 177 -13.072625698324
 11 -11.06145251396646
 633 -9.050279329608941
 1 -7.039106145251395
 137 -5.02793296089385
 20 -3.016759776536304
 2 -1.005586592178759
 21 1.005586592178787
 135 3.016759776536333
 0 5.02793296089385
 576 7.039106145251395
 13 9.050279329608941
 122 11.06145251396649
 45 13.07262569832403
 9 15.08379888268158
 73 17.09497206703912
 109 19.10614525139667
 566 21.11731843575421
 66 23.12849162011173
 98 25.13966480446928
 98 27.15083798882682
 75 29.16201117318437
 246 31.17318435754191
 327 33.18435754189946
 245 35.195530726257
 170 37.20670391061452
 36 39.21787709497207
 304 41.22905027932961
 0 43.24022346368716
 114 45.2513966480447
 60 47.26256983240225
 272 49.27374301675979
 83 51.28491620111734
 200 53.29608938547489
 79 55.3072625698324
 115 57.31843575418995
 263 59.32960893854749
 65 61.34078212290504
 132 63.35195530726259
 81 65.36312849162013
 114 67.37430167597768
 52 69.38547486033519
 40 71.39664804469274
 49 73.40782122905028
 13 75.41899441340783
 10 77.43016759776538
 1 79.44134078212289
 2 81.45251396648047
 0 83.46368715083798
 4 85.47486033519556
 15 87.48603351955308
 8169 89.49720670391065
 9 91.50837988826817
 3 93.51955307262574
 1 95.53072625698326
 1 97.54189944134077
 3 99.55307262569835
 13 101.5642458100559
 25 103.5754189944134
 43 105.586592178771
 22 107.5977653631285
 117 109.608938547486
 129 111.6201117318436
 151 113.6312849162011
 0 115.6424581005587
 238 117.6536312849162
 175 119.6648044692737
 97 121.6759776536313
 187 123.6871508379888
 190 125.6983240223464
 101 127.7094972067039
 162 129.7206703910614
 194 131.731843575419
 3 133.7430167597765
 119 135.7541899441341
 182 137.7653631284916
 97 139.7765363128492
 165 141.7877094972067
 499 143.7988826815642
 143 145.8100558659218
 217 147.8212290502793
 49 149.8324022346369
 156 151.8435754189944
 72 153.854748603352
 471 155.8659217877095
 57 157.8770949720671
 133 159.8882681564246
 76 161.8994413407821
 51 163.9106145251397
 16 165.9217877094972
 113 167.9329608938548
 223 169.9441340782123
 340 171.9553072625699
 0 173.9664804469274
 180 175.9776536312849
 3 177.9888268156425
 0 180


