# Created by Octave 3.8.2, Mon Jun 22 01:13:25 2020 CEST <damian@fptrucha.inv.usc.es>
# name: hd
# type: matrix
# rows: 180
# columns: 2
 4 -180
 144 -177.9888268156425
 1 -175.9776536312849
 334 -173.9664804469274
 245 -171.9553072625698
 152 -169.9441340782123
 27 -167.9329608938548
 29 -165.9217877094972
 46 -163.9106145251397
 170 -161.8994413407821
 26 -159.8882681564246
 607 -157.877094972067
 55 -155.8659217877095
 130 -153.854748603352
 40 -151.8435754189944
 54 -149.8324022346369
 207 -147.8212290502793
 621 -145.8100558659218
 105 -143.7988826815642
 87 -141.7877094972067
 173 -139.7765363128491
 107 -137.7653631284916
 1 -135.7541899441341
 157 -133.7430167597765
 145 -131.731843575419
 76 -129.7206703910614
 177 -127.7094972067039
 205 -125.6983240223464
 106 -123.6871508379888
 190 -121.6759776536313
 165 -119.6648044692737
 2 -117.6536312849162
 86 -115.6424581005587
 122 -113.6312849162011
 122 -111.6201117318436
 11 -109.608938547486
 38 -107.5977653631285
 22 -105.5865921787709
 17 -103.5754189944134
 2 -101.5642458100559
 0 -99.55307262569832
 1 -97.54189944134077
 2 -95.53072625698323
 4 -93.5195530726257
 8040 -91.50837988826815
 8 -89.49720670391061
 0 -87.48603351955308
 2 -85.47486033519553
 1 -83.46368715083798
 4 -81.45251396648044
 6 -79.44134078212289
 5 -77.43016759776536
 48 -75.41899441340782
 20 -73.40782122905027
 51 -71.39664804469274
 123 -69.38547486033519
 64 -67.37430167597765
 101 -65.3631284916201
 45 -63.35195530726256
 265 -61.34078212290503
 150 -59.32960893854748
 213 -57.31843575418993
 93 -55.3072625698324
 74 -53.29608938547486
 221 -51.28491620111731
 48 -49.27374301675977
 106 -47.26256983240222
 3 -45.25139664804468
 237 -43.24022346368713
 3 -41.22905027932961
 144 -39.21787709497207
 296 -37.20670391061452
 439 -35.19553072625698
 86 -33.18435754189943
 67 -31.17318435754188
 130 -29.16201117318434
 6 -27.15083798882682
 48 -25.13966480446928
 651 -23.12849162011173
 119 -21.11731843575419
 54 -19.10614525139664
 7 -17.09497206703909
 30 -15.08379888268155
 151 -13.072625698324
 6 -11.06145251396646
 550 -9.050279329608941
 3 -7.039106145251395
 107 -5.02793296089385
 16 -3.016759776536304
 5 -1.005586592178759
 20 1.005586592178787
 116 3.016759776536333
 4 5.02793296089385
 510 7.039106145251395
 4 9.050279329608941
 133 11.06145251396649
 55 13.07262569832403
 9 15.08379888268158
 71 17.09497206703912
 107 19.10614525139667
 511 21.11731843575421
 51 23.12849162011173
 106 25.13966480446928
 109 27.15083798882682
 44 29.16201117318437
 216 31.17318435754191
 314 33.18435754189946
 251 35.195530726257
 164 37.20670391061452
 30 39.21787709497207
 302 41.22905027932961
 0 43.24022346368716
 129 45.2513966480447
 63 47.26256983240225
 206 49.27374301675979
 86 51.28491620111734
 208 53.29608938547489
 77 55.3072625698324
 146 57.31843575418995
 242 59.32960893854749
 67 61.34078212290504
 105 63.35195530726259
 70 65.36312849162013
 113 67.37430167597768
 40 69.38547486033519
 24 71.39664804469274
 46 73.40782122905028
 4 75.41899441340783
 11 77.43016759776538
 2 79.44134078212289
 1 81.45251396648047
 0 83.46368715083798
 0 85.47486033519556
 5 87.48603351955308
 7799 89.49720670391065
 7 91.50837988826817
 2 93.51955307262574
 0 95.53072625698326
 1 97.54189944134077
 3 99.55307262569835
 11 101.5642458100559
 18 103.5754189944134
 30 105.586592178771
 25 107.5977653631285
 108 109.608938547486
 105 111.6201117318436
 138 113.6312849162011
 5 115.6424581005587
 230 117.6536312849162
 168 119.6648044692737
 82 121.6759776536313
 159 123.6871508379888
 159 125.6983240223464
 80 127.7094972067039
 153 129.7206703910614
 159 131.731843575419
 0 133.7430167597765
 118 135.7541899441341
 151 137.7653631284916
 106 139.7765363128492
 149 141.7877094972067
 484 143.7988826815642
 119 145.8100558659218
 196 147.8212290502793
 40 149.8324022346369
 146 151.8435754189944
 75 153.854748603352
 458 155.8659217877095
 44 157.8770949720671
 120 159.8882681564246
 72 161.8994413407821
 52 163.9106145251397
 19 165.9217877094972
 126 167.9329608938548
 194 169.9441340782123
 355 171.9553072625699
 2 173.9664804469274
 123 175.9776536312849
 2 177.9888268156425
 0 180


