# Created by Octave 3.8.2, Sat Jun 20 19:55:58 2020 CEST <damian@fptrucha.inv.usc.es>
# name: hd
# type: matrix
# rows: 180
# columns: 2
 1 -180
 89 -177.9888268156425
 2 -175.9776536312849
 267 -173.9664804469274
 152 -171.9553072625698
 116 -169.9441340782123
 16 -167.9329608938548
 20 -165.9217877094972
 31 -163.9106145251397
 100 -161.8994413407821
 19 -159.8882681564246
 423 -157.877094972067
 42 -155.8659217877095
 91 -153.854748603352
 21 -151.8435754189944
 38 -149.8324022346369
 130 -147.8212290502793
 419 -145.8100558659218
 83 -143.7988826815642
 68 -141.7877094972067
 99 -139.7765363128491
 68 -137.7653631284916
 0 -135.7541899441341
 101 -133.7430167597765
 93 -131.731843575419
 41 -129.7206703910614
 111 -127.7094972067039
 144 -125.6983240223464
 75 -123.6871508379888
 118 -121.6759776536313
 113 -119.6648044692737
 2 -117.6536312849162
 79 -115.6424581005587
 76 -113.6312849162011
 86 -111.6201117318436
 15 -109.608938547486
 21 -107.5977653631285
 6 -105.5865921787709
 6 -103.5754189944134
 3 -101.5642458100559
 0 -99.55307262569832
 0 -97.54189944134077
 2 -95.53072625698323
 3 -93.5195530726257
 5359 -91.50837988826815
 4 -89.49720670391061
 2 -87.48603351955308
 0 -85.47486033519553
 0 -83.46368715083798
 0 -81.45251396648044
 6 -79.44134078212289
 3 -77.43016759776536
 21 -75.41899441340782
 13 -73.40782122905027
 33 -71.39664804469274
 80 -69.38547486033519
 48 -67.37430167597765
 68 -65.3631284916201
 31 -63.35195530726256
 184 -61.34078212290503
 92 -59.32960893854748
 131 -57.31843575418993
 54 -55.3072625698324
 41 -53.29608938547486
 139 -51.28491620111731
 31 -49.27374301675977
 58 -47.26256983240222
 2 -45.25139664804468
 173 -43.24022346368713
 0 -41.22905027932961
 114 -39.21787709497207
 191 -37.20670391061452
 288 -35.19553072625698
 75 -33.18435754189943
 32 -31.17318435754188
 96 -29.16201117318434
 3 -27.15083798882682
 41 -25.13966480446928
 412 -23.12849162011173
 86 -21.11731843575419
 32 -19.10614525139664
 5 -17.09497206703909
 24 -15.08379888268155
 124 -13.072625698324
 4 -11.06145251396646
 384 -9.050279329608941
 0 -7.039106145251395
 87 -5.02793296089385
 10 -3.016759776536304
 1 -1.005586592178759
 17 1.005586592178787
 86 3.016759776536333
 0 5.02793296089385
 345 7.039106145251395
 4 9.050279329608941
 83 11.06145251396649
 32 13.07262569832403
 4 15.08379888268158
 36 17.09497206703912
 86 19.10614525139667
 320 21.11731843575421
 41 23.12849162011173
 57 25.13966480446928
 65 27.15083798882682
 40 29.16201117318437
 152 31.17318435754191
 224 33.18435754189946
 182 35.195530726257
 114 37.20670391061452
 25 39.21787709497207
 209 41.22905027932961
 0 43.24022346368716
 72 45.2513966480447
 37 47.26256983240225
 158 49.27374301675979
 40 51.28491620111734
 130 53.29608938547489
 45 55.3072625698324
 88 57.31843575418995
 188 59.32960893854749
 53 61.34078212290504
 71 63.35195530726259
 37 65.36312849162013
 54 67.37430167597768
 24 69.38547486033519
 20 71.39664804469274
 41 73.40782122905028
 5 75.41899441340783
 1 77.43016759776538
 2 79.44134078212289
 0 81.45251396648047
 1 83.46368715083798
 0 85.47486033519556
 6 87.48603351955308
 5134 89.49720670391065
 1 91.50837988826817
 0 93.51955307262574
 2 95.53072625698326
 0 97.54189944134077
 2 99.55307262569835
 4 101.5642458100559
 14 103.5754189944134
 26 105.586592178771
 14 107.5977653631285
 84 109.608938547486
 77 111.6201117318436
 81 113.6312849162011
 3 115.6424581005587
 130 117.6536312849162
 85 119.6648044692737
 41 121.6759776536313
 109 123.6871508379888
 103 125.6983240223464
 52 127.7094972067039
 94 129.7206703910614
 107 131.731843575419
 2 133.7430167597765
 74 135.7541899441341
 100 137.7653631284916
 72 139.7765363128492
 120 141.7877094972067
 297 143.7988826815642
 76 145.8100558659218
 132 147.8212290502793
 30 149.8324022346369
 112 151.8435754189944
 60 153.854748603352
 306 155.8659217877095
 35 157.8770949720671
 83 159.8882681564246
 52 161.8994413407821
 31 163.9106145251397
 13 165.9217877094972
 96 167.9329608938548
 139 169.9441340782123
 216 171.9553072625699
 1 173.9664804469274
 84 175.9776536312849
 3 177.9888268156425
 0 180


