# Created by Octave 3.8.2, Sun Jun 21 01:39:59 2020 CEST <damian@fptrucha.inv.usc.es>
# name: hd
# type: matrix
# rows: 180
# columns: 2
 2 -180
 164 -177.9888268156425
 2 -175.9776536312849
 368 -173.9664804469274
 234 -171.9553072625698
 180 -169.9441340782123
 28 -167.9329608938548
 44 -165.9217877094972
 46 -163.9106145251397
 184 -161.8994413407821
 45 -159.8882681564246
 588 -157.877094972067
 49 -155.8659217877095
 106 -153.854748603352
 35 -151.8435754189944
 61 -149.8324022346369
 173 -147.8212290502793
 584 -145.8100558659218
 147 -143.7988826815642
 95 -141.7877094972067
 159 -139.7765363128491
 111 -137.7653631284916
 1 -135.7541899441341
 152 -133.7430167597765
 156 -131.731843575419
 93 -129.7206703910614
 181 -127.7094972067039
 207 -125.6983240223464
 98 -123.6871508379888
 173 -121.6759776536313
 161 -119.6648044692737
 3 -117.6536312849162
 80 -115.6424581005587
 109 -113.6312849162011
 109 -111.6201117318436
 15 -109.608938547486
 28 -107.5977653631285
 20 -105.5865921787709
 12 -103.5754189944134
 6 -101.5642458100559
 0 -99.55307262569832
 0 -97.54189944134077
 2 -95.53072625698323
 7 -93.5195530726257
 7893 -91.50837988826815
 9 -89.49720670391061
 2 -87.48603351955308
 0 -85.47486033519553
 0 -83.46368715083798
 3 -81.45251396648044
 7 -79.44134078212289
 3 -77.43016759776536
 55 -75.41899441340782
 19 -73.40782122905027
 41 -71.39664804469274
 103 -69.38547486033519
 71 -67.37430167597765
 98 -65.3631284916201
 69 -63.35195530726256
 258 -61.34078212290503
 131 -59.32960893854748
 205 -57.31843575418993
 99 -55.3072625698324
 63 -53.29608938547486
 208 -51.28491620111731
 52 -49.27374301675977
 103 -47.26256983240222
 3 -45.25139664804468
 299 -43.24022346368713
 2 -41.22905027932961
 160 -39.21787709497207
 327 -37.20670391061452
 447 -35.19553072625698
 95 -33.18435754189943
 56 -31.17318435754188
 145 -29.16201117318434
 10 -27.15083798882682
 58 -25.13966480446928
 642 -23.12849162011173
 151 -21.11731843575419
 41 -19.10614525139664
 8 -17.09497206703909
 39 -15.08379888268155
 170 -13.072625698324
 7 -11.06145251396646
 574 -9.050279329608941
 2 -7.039106145251395
 117 -5.02793296089385
 20 -3.016759776536304
 1 -1.005586592178759
 21 1.005586592178787
 117 3.016759776536333
 0 5.02793296089385
 569 7.039106145251395
 8 9.050279329608941
 111 11.06145251396649
 38 13.07262569832403
 6 15.08379888268158
 56 17.09497206703912
 123 19.10614525139667
 530 21.11731843575421
 61 23.12849162011173
 80 25.13966480446928
 118 27.15083798882682
 39 29.16201117318437
 232 31.17318435754191
 318 33.18435754189946
 213 35.195530726257
 162 37.20670391061452
 36 39.21787709497207
 270 41.22905027932961
 3 43.24022346368716
 119 45.2513966480447
 73 47.26256983240225
 216 49.27374301675979
 90 51.28491620111734
 177 53.29608938547489
 67 55.3072625698324
 131 57.31843575418995
 259 59.32960893854749
 66 61.34078212290504
 103 63.35195530726259
 65 65.36312849162013
 93 67.37430167597768
 40 69.38547486033519
 22 71.39664804469274
 40 73.40782122905028
 7 75.41899441340783
 5 77.43016759776538
 3 79.44134078212289
 0 81.45251396648047
 1 83.46368715083798
 5 85.47486033519556
 16 87.48603351955308
 7202 89.49720670391065
 6 91.50837988826817
 3 93.51955307262574
 2 95.53072625698326
 0 97.54189944134077
 3 99.55307262569835
 3 101.5642458100559
 30 103.5754189944134
 30 105.586592178771
 10 107.5977653631285
 99 109.608938547486
 101 111.6201117318436
 116 113.6312849162011
 1 115.6424581005587
 183 117.6536312849162
 154 119.6648044692737
 75 121.6759776536313
 203 123.6871508379888
 168 125.6983240223464
 69 127.7094972067039
 162 129.7206703910614
 169 131.731843575419
 0 133.7430167597765
 112 135.7541899441341
 159 137.7653631284916
 111 139.7765363128492
 133 141.7877094972067
 447 143.7988826815642
 111 145.8100558659218
 205 147.8212290502793
 43 149.8324022346369
 151 151.8435754189944
 63 153.854748603352
 501 155.8659217877095
 51 157.8770949720671
 122 159.8882681564246
 56 161.8994413407821
 48 163.9106145251397
 17 165.9217877094972
 135 167.9329608938548
 231 169.9441340782123
 317 171.9553072625699
 0 173.9664804469274
 156 175.9776536312849
 2 177.9888268156425
 0 180


