# Created by Octave 3.8.2, Sat Jun 20 12:06:24 2020 CEST <damian@fptrucha.inv.usc.es>
# name: hd
# type: matrix
# rows: 180
# columns: 2
 2 -180
 183 -177.9888268156425
 2 -175.9776536312849
 390 -173.9664804469274
 284 -171.9553072625698
 172 -169.9441340782123
 28 -167.9329608938548
 40 -165.9217877094972
 57 -163.9106145251397
 165 -161.8994413407821
 30 -159.8882681564246
 706 -157.877094972067
 73 -155.8659217877095
 119 -153.854748603352
 45 -151.8435754189944
 64 -149.8324022346369
 236 -147.8212290502793
 670 -145.8100558659218
 148 -143.7988826815642
 102 -141.7877094972067
 188 -139.7765363128491
 106 -137.7653631284916
 3 -135.7541899441341
 185 -133.7430167597765
 154 -131.731843575419
 84 -129.7206703910614
 179 -127.7094972067039
 248 -125.6983240223464
 128 -123.6871508379888
 192 -121.6759776536313
 190 -119.6648044692737
 3 -117.6536312849162
 110 -115.6424581005587
 123 -113.6312849162011
 111 -111.6201117318436
 19 -109.608938547486
 36 -107.5977653631285
 23 -105.5865921787709
 13 -103.5754189944134
 4 -101.5642458100559
 0 -99.55307262569832
 0 -97.54189944134077
 1 -95.53072625698323
 2 -93.5195530726257
 8804 -91.50837988826815
 6 -89.49720670391061
 0 -87.48603351955308
 1 -85.47486033519553
 0 -83.46368715083798
 1 -81.45251396648044
 8 -79.44134078212289
 5 -77.43016759776536
 68 -75.41899441340782
 22 -73.40782122905027
 51 -71.39664804469274
 125 -69.38547486033519
 62 -67.37430167597765
 93 -65.3631284916201
 33 -63.35195530726256
 287 -61.34078212290503
 164 -59.32960893854748
 228 -57.31843575418993
 95 -55.3072625698324
 83 -53.29608938547486
 226 -51.28491620111731
 64 -49.27374301675977
 115 -47.26256983240222
 0 -45.25139664804468
 282 -43.24022346368713
 3 -41.22905027932961
 198 -39.21787709497207
 312 -37.20670391061452
 518 -35.19553072625698
 102 -33.18435754189943
 58 -31.17318435754188
 171 -29.16201117318434
 9 -27.15083798882682
 61 -25.13966480446928
 644 -23.12849162011173
 132 -21.11731843575419
 43 -19.10614525139664
 12 -17.09497206703909
 31 -15.08379888268155
 162 -13.072625698324
 9 -11.06145251396646
 623 -9.050279329608941
 1 -7.039106145251395
 155 -5.02793296089385
 19 -3.016759776536304
 1 -1.005586592178759
 29 1.005586592178787
 137 3.016759776536333
 1 5.02793296089385
 623 7.039106145251395
 5 9.050279329608941
 127 11.06145251396649
 69 13.07262569832403
 9 15.08379888268158
 62 17.09497206703912
 125 19.10614525139667
 561 21.11731843575421
 64 23.12849162011173
 93 25.13966480446928
 111 27.15083798882682
 67 29.16201117318437
 240 31.17318435754191
 343 33.18435754189946
 267 35.195530726257
 174 37.20670391061452
 34 39.21787709497207
 321 41.22905027932961
 1 43.24022346368716
 142 45.2513966480447
 74 47.26256983240225
 254 49.27374301675979
 89 51.28491620111734
 218 53.29608938547489
 91 55.3072625698324
 175 57.31843575418995
 274 59.32960893854749
 77 61.34078212290504
 115 63.35195530726259
 81 65.36312849162013
 128 67.37430167597768
 65 69.38547486033519
 46 71.39664804469274
 53 73.40782122905028
 4 75.41899441340783
 9 77.43016759776538
 2 79.44134078212289
 0 81.45251396648047
 1 83.46368715083798
 2 85.47486033519556
 5 87.48603351955308
 8371 89.49720670391065
 7 91.50837988826817
 6 93.51955307262574
 2 95.53072625698326
 1 97.54189944134077
 2 99.55307262569835
 17 101.5642458100559
 28 103.5754189944134
 44 105.586592178771
 24 107.5977653631285
 124 109.608938547486
 139 111.6201117318436
 155 113.6312849162011
 3 115.6424581005587
 251 117.6536312849162
 198 119.6648044692737
 89 121.6759776536313
 172 123.6871508379888
 192 125.6983240223464
 86 127.7094972067039
 158 129.7206703910614
 175 131.731843575419
 3 133.7430167597765
 144 135.7541899441341
 207 137.7653631284916
 135 139.7765363128492
 164 141.7877094972067
 514 143.7988826815642
 151 145.8100558659218
 237 147.8212290502793
 64 149.8324022346369
 183 151.8435754189944
 66 153.854748603352
 558 155.8659217877095
 68 157.8770949720671
 133 159.8882681564246
 75 161.8994413407821
 59 163.9106145251397
 21 165.9217877094972
 129 167.9329608938548
 262 169.9441340782123
 376 171.9553072625699
 3 173.9664804469274
 150 175.9776536312849
 5 177.9888268156425
 0 180


