# Created by Octave 3.8.2, Mon Jun 22 07:12:41 2020 CEST <damian@fptrucha.inv.usc.es>
# name: hd
# type: matrix
# rows: 180
# columns: 2
 8 -180
 162 -177.9888268156425
 5 -175.9776536312849
 331 -173.9664804469274
 220 -171.9553072625698
 152 -169.9441340782123
 26 -167.9329608938548
 38 -165.9217877094972
 58 -163.9106145251397
 159 -161.8994413407821
 40 -159.8882681564246
 508 -157.877094972067
 72 -155.8659217877095
 113 -153.854748603352
 42 -151.8435754189944
 60 -149.8324022346369
 193 -147.8212290502793
 479 -145.8100558659218
 103 -143.7988826815642
 83 -141.7877094972067
 172 -139.7765363128491
 102 -137.7653631284916
 1 -135.7541899441341
 194 -133.7430167597765
 155 -131.731843575419
 87 -129.7206703910614
 170 -127.7094972067039
 182 -125.6983240223464
 91 -123.6871508379888
 155 -121.6759776536313
 190 -119.6648044692737
 4 -117.6536312849162
 116 -115.6424581005587
 109 -113.6312849162011
 113 -111.6201117318436
 25 -109.608938547486
 35 -107.5977653631285
 32 -105.5865921787709
 11 -103.5754189944134
 5 -101.5642458100559
 2 -99.55307262569832
 1 -97.54189944134077
 2 -95.53072625698323
 8 -93.5195530726257
 7389 -91.50837988826815
 19 -89.49720670391061
 6 -87.48603351955308
 7 -85.47486033519553
 1 -83.46368715083798
 3 -81.45251396648044
 6 -79.44134078212289
 7 -77.43016759776536
 54 -75.41899441340782
 28 -73.40782122905027
 55 -71.39664804469274
 110 -69.38547486033519
 91 -67.37430167597765
 120 -65.3631284916201
 68 -63.35195530726256
 242 -61.34078212290503
 129 -59.32960893854748
 190 -57.31843575418993
 96 -55.3072625698324
 84 -53.29608938547486
 209 -51.28491620111731
 65 -49.27374301675977
 111 -47.26256983240222
 3 -45.25139664804468
 274 -43.24022346368713
 2 -41.22905027932961
 158 -39.21787709497207
 263 -37.20670391061452
 415 -35.19553072625698
 111 -33.18435754189943
 71 -31.17318435754188
 158 -29.16201117318434
 7 -27.15083798882682
 67 -25.13966480446928
 536 -23.12849162011173
 112 -21.11731843575419
 40 -19.10614525139664
 6 -17.09497206703909
 52 -15.08379888268155
 143 -13.072625698324
 9 -11.06145251396646
 537 -9.050279329608941
 1 -7.039106145251395
 111 -5.02793296089385
 41 -3.016759776536304
 2 -1.005586592178759
 24 1.005586592178787
 135 3.016759776536333
 2 5.02793296089385
 548 7.039106145251395
 9 9.050279329608941
 146 11.06145251396649
 32 13.07262569832403
 11 15.08379888268158
 67 17.09497206703912
 124 19.10614525139667
 552 21.11731843575421
 75 23.12849162011173
 65 25.13966480446928
 83 27.15083798882682
 62 29.16201117318437
 193 31.17318435754191
 323 33.18435754189946
 235 35.195530726257
 141 37.20670391061452
 36 39.21787709497207
 274 41.22905027932961
 2 43.24022346368716
 110 45.2513966480447
 64 47.26256983240225
 210 49.27374301675979
 84 51.28491620111734
 180 53.29608938547489
 76 55.3072625698324
 142 57.31843575418995
 253 59.32960893854749
 51 61.34078212290504
 119 63.35195530726259
 77 65.36312849162013
 111 67.37430167597768
 59 69.38547486033519
 26 71.39664804469274
 46 73.40782122905028
 8 75.41899441340783
 10 77.43016759776538
 2 79.44134078212289
 0 81.45251396648047
 1 83.46368715083798
 7 85.47486033519556
 20 87.48603351955308
 7140 89.49720670391065
 4 91.50837988826817
 4 93.51955307262574
 2 95.53072625698326
 1 97.54189944134077
 3 99.55307262569835
 20 101.5642458100559
 19 103.5754189944134
 46 105.586592178771
 30 107.5977653631285
 119 109.608938547486
 115 111.6201117318436
 114 113.6312849162011
 2 115.6424581005587
 207 117.6536312849162
 159 119.6648044692737
 101 121.6759776536313
 162 123.6871508379888
 178 125.6983240223464
 90 127.7094972067039
 153 129.7206703910614
 165 131.731843575419
 5 133.7430167597765
 116 135.7541899441341
 156 137.7653631284916
 88 139.7765363128492
 125 141.7877094972067
 470 143.7988826815642
 124 145.8100558659218
 200 147.8212290502793
 49 149.8324022346369
 146 151.8435754189944
 58 153.854748603352
 474 155.8659217877095
 38 157.8770949720671
 134 159.8882681564246
 63 161.8994413407821
 50 163.9106145251397
 25 165.9217877094972
 138 167.9329608938548
 207 169.9441340782123
 308 171.9553072625699
 8 173.9664804469274
 151 175.9776536312849
 1 177.9888268156425
 0 180


