# Created by Octave 3.8.2, Mon Jun 22 09:50:52 2020 CEST <damian@fptrucha.inv.usc.es>
# name: hd
# type: matrix
# rows: 180
# columns: 2
 5 -180
 164 -177.9888268156425
 3 -175.9776536312849
 362 -173.9664804469274
 237 -171.9553072625698
 143 -169.9441340782123
 36 -167.9329608938548
 54 -165.9217877094972
 67 -163.9106145251397
 139 -161.8994413407821
 49 -159.8882681564246
 575 -157.877094972067
 65 -155.8659217877095
 126 -153.854748603352
 40 -151.8435754189944
 78 -149.8324022346369
 216 -147.8212290502793
 572 -145.8100558659218
 137 -143.7988826815642
 100 -141.7877094972067
 171 -139.7765363128491
 119 -137.7653631284916
 1 -135.7541899441341
 152 -133.7430167597765
 162 -131.731843575419
 71 -129.7206703910614
 184 -127.7094972067039
 211 -125.6983240223464
 95 -123.6871508379888
 155 -121.6759776536313
 172 -119.6648044692737
 2 -117.6536312849162
 112 -115.6424581005587
 125 -113.6312849162011
 143 -111.6201117318436
 22 -109.608938547486
 47 -107.5977653631285
 29 -105.5865921787709
 11 -103.5754189944134
 4 -101.5642458100559
 2 -99.55307262569832
 1 -97.54189944134077
 2 -95.53072625698323
 4 -93.5195530726257
 7752 -91.50837988826815
 16 -89.49720670391061
 4 -87.48603351955308
 3 -85.47486033519553
 0 -83.46368715083798
 3 -81.45251396648044
 13 -79.44134078212289
 7 -77.43016759776536
 51 -75.41899441340782
 29 -73.40782122905027
 38 -71.39664804469274
 122 -69.38547486033519
 67 -67.37430167597765
 118 -65.3631284916201
 49 -63.35195530726256
 229 -61.34078212290503
 146 -59.32960893854748
 193 -57.31843575418993
 102 -55.3072625698324
 70 -53.29608938547486
 229 -51.28491620111731
 57 -49.27374301675977
 110 -47.26256983240222
 5 -45.25139664804468
 272 -43.24022346368713
 3 -41.22905027932961
 164 -39.21787709497207
 269 -37.20670391061452
 410 -35.19553072625698
 116 -33.18435754189943
 57 -31.17318435754188
 158 -29.16201117318434
 7 -27.15083798882682
 45 -25.13966480446928
 586 -23.12849162011173
 129 -21.11731843575419
 42 -19.10614525139664
 12 -17.09497206703909
 39 -15.08379888268155
 167 -13.072625698324
 7 -11.06145251396646
 552 -9.050279329608941
 4 -7.039106145251395
 146 -5.02793296089385
 18 -3.016759776536304
 2 -1.005586592178759
 15 1.005586592178787
 136 3.016759776536333
 4 5.02793296089385
 536 7.039106145251395
 7 9.050279329608941
 153 11.06145251396649
 33 13.07262569832403
 11 15.08379888268158
 63 17.09497206703912
 130 19.10614525139667
 498 21.11731843575421
 50 23.12849162011173
 68 25.13966480446928
 101 27.15083798882682
 75 29.16201117318437
 162 31.17318435754191
 337 33.18435754189946
 239 35.195530726257
 139 37.20670391061452
 35 39.21787709497207
 262 41.22905027932961
 3 43.24022346368716
 140 45.2513966480447
 69 47.26256983240225
 222 49.27374301675979
 85 51.28491620111734
 217 53.29608938547489
 89 55.3072625698324
 144 57.31843575418995
 279 59.32960893854749
 48 61.34078212290504
 121 63.35195530726259
 75 65.36312849162013
 132 67.37430167597768
 48 69.38547486033519
 28 71.39664804469274
 55 73.40782122905028
 9 75.41899441340783
 9 77.43016759776538
 3 79.44134078212289
 2 81.45251396648047
 0 83.46368715083798
 3 85.47486033519556
 15 87.48603351955308
 7573 89.49720670391065
 7 91.50837988826817
 0 93.51955307262574
 0 95.53072625698326
 1 97.54189944134077
 5 99.55307262569835
 21 101.5642458100559
 28 103.5754189944134
 38 105.586592178771
 26 107.5977653631285
 104 109.608938547486
 116 111.6201117318436
 138 113.6312849162011
 5 115.6424581005587
 192 117.6536312849162
 174 119.6648044692737
 102 121.6759776536313
 159 123.6871508379888
 210 125.6983240223464
 89 127.7094972067039
 171 129.7206703910614
 194 131.731843575419
 3 133.7430167597765
 111 135.7541899441341
 179 137.7653631284916
 95 139.7765363128492
 114 141.7877094972067
 490 143.7988826815642
 99 145.8100558659218
 190 147.8212290502793
 50 149.8324022346369
 122 151.8435754189944
 53 153.854748603352
 462 155.8659217877095
 39 157.8770949720671
 140 159.8882681564246
 84 161.8994413407821
 53 163.9106145251397
 13 165.9217877094972
 99 167.9329608938548
 248 169.9441340782123
 338 171.9553072625699
 4 173.9664804469274
 155 175.9776536312849
 6 177.9888268156425
 0 180


