# Created by Octave 3.8.2, Sun Jun 21 00:21:22 2020 CEST <damian@fptrucha.inv.usc.es>
# name: hd
# type: matrix
# rows: 180
# columns: 2
 8 -180
 156 -177.9888268156425
 4 -175.9776536312849
 357 -173.9664804469274
 211 -171.9553072625698
 150 -169.9441340782123
 25 -167.9329608938548
 32 -165.9217877094972
 55 -163.9106145251397
 166 -161.8994413407821
 35 -159.8882681564246
 594 -157.877094972067
 50 -155.8659217877095
 117 -153.854748603352
 43 -151.8435754189944
 69 -149.8324022346369
 182 -147.8212290502793
 666 -145.8100558659218
 121 -143.7988826815642
 78 -141.7877094972067
 163 -139.7765363128491
 93 -137.7653631284916
 1 -135.7541899441341
 133 -133.7430167597765
 143 -131.731843575419
 51 -129.7206703910614
 146 -127.7094972067039
 214 -125.6983240223464
 82 -123.6871508379888
 183 -121.6759776536313
 182 -119.6648044692737
 4 -117.6536312849162
 87 -115.6424581005587
 102 -113.6312849162011
 121 -111.6201117318436
 14 -109.608938547486
 22 -107.5977653631285
 22 -105.5865921787709
 9 -103.5754189944134
 2 -101.5642458100559
 0 -99.55307262569832
 1 -97.54189944134077
 0 -95.53072625698323
 3 -93.5195530726257
 7859 -91.50837988826815
 8 -89.49720670391061
 2 -87.48603351955308
 1 -85.47486033519553
 1 -83.46368715083798
 1 -81.45251396648044
 7 -79.44134078212289
 8 -77.43016759776536
 37 -75.41899441340782
 23 -73.40782122905027
 54 -71.39664804469274
 114 -69.38547486033519
 52 -67.37430167597765
 74 -65.3631284916201
 47 -63.35195530726256
 239 -61.34078212290503
 150 -59.32960893854748
 197 -57.31843575418993
 105 -55.3072625698324
 80 -53.29608938547486
 210 -51.28491620111731
 51 -49.27374301675977
 87 -47.26256983240222
 0 -45.25139664804468
 275 -43.24022346368713
 4 -41.22905027932961
 146 -39.21787709497207
 313 -37.20670391061452
 449 -35.19553072625698
 116 -33.18435754189943
 60 -31.17318435754188
 146 -29.16201117318434
 5 -27.15083798882682
 51 -25.13966480446928
 552 -23.12849162011173
 143 -21.11731843575419
 41 -19.10614525139664
 8 -17.09497206703909
 31 -15.08379888268155
 173 -13.072625698324
 10 -11.06145251396646
 584 -9.050279329608941
 1 -7.039106145251395
 150 -5.02793296089385
 14 -3.016759776536304
 2 -1.005586592178759
 24 1.005586592178787
 117 3.016759776536333
 1 5.02793296089385
 498 7.039106145251395
 9 9.050279329608941
 142 11.06145251396649
 40 13.07262569832403
 7 15.08379888268158
 58 17.09497206703912
 113 19.10614525139667
 501 21.11731843575421
 57 23.12849162011173
 102 25.13966480446928
 108 27.15083798882682
 55 29.16201117318437
 230 31.17318435754191
 295 33.18435754189946
 260 35.195530726257
 158 37.20670391061452
 31 39.21787709497207
 264 41.22905027932961
 0 43.24022346368716
 108 45.2513966480447
 44 47.26256983240225
 234 49.27374301675979
 101 51.28491620111734
 203 53.29608938547489
 71 55.3072625698324
 153 57.31843575418995
 220 59.32960893854749
 60 61.34078212290504
 96 63.35195530726259
 62 65.36312849162013
 118 67.37430167597768
 53 69.38547486033519
 30 71.39664804469274
 37 73.40782122905028
 6 75.41899441340783
 4 77.43016759776538
 0 79.44134078212289
 0 81.45251396648047
 0 83.46368715083798
 2 85.47486033519556
 12 87.48603351955308
 7664 89.49720670391065
 8 91.50837988826817
 3 93.51955307262574
 0 95.53072625698326
 1 97.54189944134077
 5 99.55307262569835
 6 101.5642458100559
 23 103.5754189944134
 33 105.586592178771
 26 107.5977653631285
 110 109.608938547486
 125 111.6201117318436
 108 113.6312849162011
 3 115.6424581005587
 210 117.6536312849162
 168 119.6648044692737
 83 121.6759776536313
 178 123.6871508379888
 163 125.6983240223464
 84 127.7094972067039
 158 129.7206703910614
 189 131.731843575419
 5 133.7430167597765
 126 135.7541899441341
 158 137.7653631284916
 87 139.7765363128492
 118 141.7877094972067
 464 143.7988826815642
 126 145.8100558659218
 223 147.8212290502793
 35 149.8324022346369
 146 151.8435754189944
 55 153.854748603352
 434 155.8659217877095
 57 157.8770949720671
 115 159.8882681564246
 79 161.8994413407821
 56 163.9106145251397
 23 165.9217877094972
 127 167.9329608938548
 206 169.9441340782123
 306 171.9553072625699
 4 173.9664804469274
 135 175.9776536312849
 4 177.9888268156425
 0 180


