# Created by Octave 3.8.2, Mon Jun 22 20:21:17 2020 CEST <damian@fptrucha.inv.usc.es>
# name: hd
# type: matrix
# rows: 180
# columns: 2
 8 -180
 172 -177.9888268156425
 5 -175.9776536312849
 397 -173.9664804469274
 247 -171.9553072625698
 162 -169.9441340782123
 27 -167.9329608938548
 41 -165.9217877094972
 58 -163.9106145251397
 164 -161.8994413407821
 42 -159.8882681564246
 618 -157.877094972067
 62 -155.8659217877095
 146 -153.854748603352
 54 -151.8435754189944
 70 -149.8324022346369
 253 -147.8212290502793
 598 -145.8100558659218
 162 -143.7988826815642
 115 -141.7877094972067
 207 -139.7765363128491
 127 -137.7653631284916
 5 -135.7541899441341
 191 -133.7430167597765
 184 -131.731843575419
 77 -129.7206703910614
 208 -127.7094972067039
 242 -125.6983240223464
 108 -123.6871508379888
 208 -121.6759776536313
 225 -119.6648044692737
 5 -117.6536312849162
 128 -115.6424581005587
 133 -113.6312849162011
 147 -111.6201117318436
 26 -109.608938547486
 58 -107.5977653631285
 28 -105.5865921787709
 16 -103.5754189944134
 2 -101.5642458100559
 2 -99.55307262569832
 0 -97.54189944134077
 2 -95.53072625698323
 5 -93.5195530726257
 8451 -91.50837988826815
 16 -89.49720670391061
 4 -87.48603351955308
 0 -85.47486033519553
 0 -83.46368715083798
 3 -81.45251396648044
 15 -79.44134078212289
 8 -77.43016759776536
 63 -75.41899441340782
 25 -73.40782122905027
 59 -71.39664804469274
 124 -69.38547486033519
 84 -67.37430167597765
 130 -65.3631284916201
 59 -63.35195530726256
 245 -61.34078212290503
 168 -59.32960893854748
 236 -57.31843575418993
 113 -55.3072625698324
 80 -53.29608938547486
 249 -51.28491620111731
 64 -49.27374301675977
 126 -47.26256983240222
 5 -45.25139664804468
 299 -43.24022346368713
 5 -41.22905027932961
 153 -39.21787709497207
 287 -37.20670391061452
 462 -35.19553072625698
 128 -33.18435754189943
 75 -31.17318435754188
 188 -29.16201117318434
 10 -27.15083798882682
 62 -25.13966480446928
 613 -23.12849162011173
 137 -21.11731843575419
 65 -19.10614525139664
 12 -17.09497206703909
 32 -15.08379888268155
 182 -13.072625698324
 17 -11.06145251396646
 566 -9.050279329608941
 4 -7.039106145251395
 134 -5.02793296089385
 14 -3.016759776536304
 8 -1.005586592178759
 22 1.005586592178787
 145 3.016759776536333
 4 5.02793296089385
 590 7.039106145251395
 9 9.050279329608941
 156 11.06145251396649
 49 13.07262569832403
 17 15.08379888268158
 51 17.09497206703912
 113 19.10614525139667
 556 21.11731843575421
 51 23.12849162011173
 94 25.13966480446928
 97 27.15083798882682
 64 29.16201117318437
 196 31.17318435754191
 344 33.18435754189946
 257 35.195530726257
 164 37.20670391061452
 31 39.21787709497207
 266 41.22905027932961
 0 43.24022346368716
 119 45.2513966480447
 58 47.26256983240225
 235 49.27374301675979
 86 51.28491620111734
 208 53.29608938547489
 89 55.3072625698324
 150 57.31843575418995
 251 59.32960893854749
 61 61.34078212290504
 120 63.35195530726259
 91 65.36312849162013
 130 67.37430167597768
 43 69.38547486033519
 30 71.39664804469274
 54 73.40782122905028
 13 75.41899441340783
 7 77.43016759776538
 2 79.44134078212289
 1 81.45251396648047
 0 83.46368715083798
 3 85.47486033519556
 19 87.48603351955308
 7933 89.49720670391065
 4 91.50837988826817
 6 93.51955307262574
 4 95.53072625698326
 2 97.54189944134077
 1 99.55307262569835
 18 101.5642458100559
 21 103.5754189944134
 48 105.586592178771
 28 107.5977653631285
 110 109.608938547486
 138 111.6201117318436
 108 113.6312849162011
 1 115.6424581005587
 214 117.6536312849162
 174 119.6648044692737
 95 121.6759776536313
 200 123.6871508379888
 180 125.6983240223464
 88 127.7094972067039
 154 129.7206703910614
 152 131.731843575419
 1 133.7430167597765
 120 135.7541899441341
 177 137.7653631284916
 107 139.7765363128492
 115 141.7877094972067
 519 143.7988826815642
 119 145.8100558659218
 214 147.8212290502793
 49 149.8324022346369
 123 151.8435754189944
 77 153.854748603352
 551 155.8659217877095
 54 157.8770949720671
 143 159.8882681564246
 71 161.8994413407821
 40 163.9106145251397
 25 165.9217877094972
 141 167.9329608938548
 227 169.9441340782123
 356 171.9553072625699
 3 173.9664804469274
 156 175.9776536312849
 4 177.9888268156425
 0 180


