# Created by Octave 3.8.2, Mon Jun 22 09:13:01 2020 CEST <damian@fptrucha.inv.usc.es>
# name: hd
# type: matrix
# rows: 180
# columns: 2
 8 -180
 177 -177.9888268156425
 7 -175.9776536312849
 387 -173.9664804469274
 227 -171.9553072625698
 136 -169.9441340782123
 22 -167.9329608938548
 47 -165.9217877094972
 58 -163.9106145251397
 149 -161.8994413407821
 47 -159.8882681564246
 582 -157.877094972067
 75 -155.8659217877095
 128 -153.854748603352
 51 -151.8435754189944
 80 -149.8324022346369
 224 -147.8212290502793
 554 -145.8100558659218
 136 -143.7988826815642
 92 -141.7877094972067
 170 -139.7765363128491
 122 -137.7653631284916
 2 -135.7541899441341
 170 -133.7430167597765
 149 -131.731843575419
 97 -129.7206703910614
 150 -127.7094972067039
 203 -125.6983240223464
 102 -123.6871508379888
 154 -121.6759776536313
 189 -119.6648044692737
 3 -117.6536312849162
 99 -115.6424581005587
 102 -113.6312849162011
 116 -111.6201117318436
 17 -109.608938547486
 45 -107.5977653631285
 25 -105.5865921787709
 14 -103.5754189944134
 4 -101.5642458100559
 0 -99.55307262569832
 1 -97.54189944134077
 4 -95.53072625698323
 11 -93.5195530726257
 7697 -91.50837988826815
 19 -89.49720670391061
 7 -87.48603351955308
 5 -85.47486033519553
 0 -83.46368715083798
 2 -81.45251396648044
 7 -79.44134078212289
 5 -77.43016759776536
 50 -75.41899441340782
 35 -73.40782122905027
 47 -71.39664804469274
 112 -69.38547486033519
 63 -67.37430167597765
 108 -65.3631284916201
 54 -63.35195530726256
 243 -61.34078212290503
 146 -59.32960893854748
 208 -57.31843575418993
 93 -55.3072625698324
 66 -53.29608938547486
 238 -51.28491620111731
 52 -49.27374301675977
 109 -47.26256983240222
 4 -45.25139664804468
 256 -43.24022346368713
 3 -41.22905027932961
 128 -39.21787709497207
 269 -37.20670391061452
 436 -35.19553072625698
 120 -33.18435754189943
 55 -31.17318435754188
 150 -29.16201117318434
 10 -27.15083798882682
 63 -25.13966480446928
 584 -23.12849162011173
 125 -21.11731843575419
 64 -19.10614525139664
 17 -17.09497206703909
 44 -15.08379888268155
 148 -13.072625698324
 12 -11.06145251396646
 549 -9.050279329608941
 1 -7.039106145251395
 132 -5.02793296089385
 23 -3.016759776536304
 5 -1.005586592178759
 17 1.005586592178787
 135 3.016759776536333
 3 5.02793296089385
 523 7.039106145251395
 5 9.050279329608941
 142 11.06145251396649
 43 13.07262569832403
 10 15.08379888268158
 63 17.09497206703912
 120 19.10614525139667
 543 21.11731843575421
 78 23.12849162011173
 74 25.13966480446928
 85 27.15083798882682
 52 29.16201117318437
 166 31.17318435754191
 322 33.18435754189946
 226 35.195530726257
 150 37.20670391061452
 37 39.21787709497207
 273 41.22905027932961
 5 43.24022346368716
 112 45.2513966480447
 47 47.26256983240225
 216 49.27374301675979
 79 51.28491620111734
 181 53.29608938547489
 94 55.3072625698324
 140 57.31843575418995
 270 59.32960893854749
 66 61.34078212290504
 116 63.35195530726259
 79 65.36312849162013
 124 67.37430167597768
 49 69.38547486033519
 36 71.39664804469274
 50 73.40782122905028
 13 75.41899441340783
 8 77.43016759776538
 3 79.44134078212289
 1 81.45251396648047
 0 83.46368715083798
 5 85.47486033519556
 16 87.48603351955308
 7374 89.49720670391065
 14 91.50837988826817
 5 93.51955307262574
 9 95.53072625698326
 0 97.54189944134077
 5 99.55307262569835
 19 101.5642458100559
 23 103.5754189944134
 52 105.586592178771
 18 107.5977653631285
 103 109.608938547486
 115 111.6201117318436
 143 113.6312849162011
 3 115.6424581005587
 220 117.6536312849162
 208 119.6648044692737
 97 121.6759776536313
 179 123.6871508379888
 192 125.6983240223464
 73 127.7094972067039
 176 129.7206703910614
 187 131.731843575419
 4 133.7430167597765
 100 135.7541899441341
 172 137.7653631284916
 99 139.7765363128492
 126 141.7877094972067
 523 143.7988826815642
 120 145.8100558659218
 204 147.8212290502793
 48 149.8324022346369
 123 151.8435754189944
 69 153.854748603352
 506 155.8659217877095
 54 157.8770949720671
 155 159.8882681564246
 62 161.8994413407821
 46 163.9106145251397
 31 165.9217877094972
 145 167.9329608938548
 206 169.9441340782123
 348 171.9553072625699
 4 173.9664804469274
 158 175.9776536312849
 5 177.9888268156425
 0 180


