# Created by Octave 3.8.2, Mon Jun 22 00:21:57 2020 CEST <damian@fptrucha.inv.usc.es>
# name: hd
# type: matrix
# rows: 180
# columns: 2
 6 -180
 142 -177.9888268156425
 2 -175.9776536312849
 345 -173.9664804469274
 247 -171.9553072625698
 161 -169.9441340782123
 26 -167.9329608938548
 45 -165.9217877094972
 63 -163.9106145251397
 147 -161.8994413407821
 37 -159.8882681564246
 621 -157.877094972067
 55 -155.8659217877095
 120 -153.854748603352
 47 -151.8435754189944
 63 -149.8324022346369
 177 -147.8212290502793
 613 -145.8100558659218
 118 -143.7988826815642
 102 -141.7877094972067
 167 -139.7765363128491
 106 -137.7653631284916
 3 -135.7541899441341
 152 -133.7430167597765
 167 -131.731843575419
 85 -129.7206703910614
 183 -127.7094972067039
 252 -125.6983240223464
 115 -123.6871508379888
 197 -121.6759776536313
 181 -119.6648044692737
 3 -117.6536312849162
 77 -115.6424581005587
 109 -113.6312849162011
 114 -111.6201117318436
 18 -109.608938547486
 39 -107.5977653631285
 20 -105.5865921787709
 9 -103.5754189944134
 6 -101.5642458100559
 0 -99.55307262569832
 1 -97.54189944134077
 1 -95.53072625698323
 2 -93.5195530726257
 8050 -91.50837988826815
 5 -89.49720670391061
 2 -87.48603351955308
 1 -85.47486033519553
 0 -83.46368715083798
 0 -81.45251396648044
 4 -79.44134078212289
 6 -77.43016759776536
 46 -75.41899441340782
 30 -73.40782122905027
 53 -71.39664804469274
 109 -69.38547486033519
 60 -67.37430167597765
 81 -65.3631284916201
 41 -63.35195530726256
 244 -61.34078212290503
 146 -59.32960893854748
 196 -57.31843575418993
 99 -55.3072625698324
 61 -53.29608938547486
 242 -51.28491620111731
 53 -49.27374301675977
 100 -47.26256983240222
 1 -45.25139664804468
 275 -43.24022346368713
 2 -41.22905027932961
 159 -39.21787709497207
 284 -37.20670391061452
 471 -35.19553072625698
 106 -33.18435754189943
 53 -31.17318435754188
 155 -29.16201117318434
 12 -27.15083798882682
 57 -25.13966480446928
 608 -23.12849162011173
 140 -21.11731843575419
 49 -19.10614525139664
 12 -17.09497206703909
 37 -15.08379888268155
 173 -13.072625698324
 9 -11.06145251396646
 569 -9.050279329608941
 5 -7.039106145251395
 103 -5.02793296089385
 16 -3.016759776536304
 0 -1.005586592178759
 25 1.005586592178787
 127 3.016759776536333
 2 5.02793296089385
 522 7.039106145251395
 8 9.050279329608941
 112 11.06145251396649
 39 13.07262569832403
 12 15.08379888268158
 54 17.09497206703912
 99 19.10614525139667
 516 21.11731843575421
 54 23.12849162011173
 85 25.13966480446928
 101 27.15083798882682
 66 29.16201117318437
 219 31.17318435754191
 323 33.18435754189946
 226 35.195530726257
 161 37.20670391061452
 31 39.21787709497207
 280 41.22905027932961
 2 43.24022346368716
 104 45.2513966480447
 53 47.26256983240225
 201 49.27374301675979
 86 51.28491620111734
 171 53.29608938547489
 75 55.3072625698324
 137 57.31843575418995
 238 59.32960893854749
 56 61.34078212290504
 105 63.35195530726259
 82 65.36312849162013
 108 67.37430167597768
 47 69.38547486033519
 29 71.39664804469274
 31 73.40782122905028
 4 75.41899441340783
 4 77.43016759776538
 3 79.44134078212289
 0 81.45251396648047
 3 83.46368715083798
 3 85.47486033519556
 10 87.48603351955308
 7525 89.49720670391065
 8 91.50837988826817
 2 93.51955307262574
 0 95.53072625698326
 1 97.54189944134077
 2 99.55307262569835
 11 101.5642458100559
 17 103.5754189944134
 40 105.586592178771
 14 107.5977653631285
 106 109.608938547486
 107 111.6201117318436
 113 113.6312849162011
 1 115.6424581005587
 201 117.6536312849162
 161 119.6648044692737
 82 121.6759776536313
 169 123.6871508379888
 173 125.6983240223464
 80 127.7094972067039
 163 129.7206703910614
 188 131.731843575419
 2 133.7430167597765
 104 135.7541899441341
 183 137.7653631284916
 117 139.7765363128492
 115 141.7877094972067
 484 143.7988826815642
 117 145.8100558659218
 187 147.8212290502793
 59 149.8324022346369
 137 151.8435754189944
 65 153.854748603352
 446 155.8659217877095
 41 157.8770949720671
 119 159.8882681564246
 61 161.8994413407821
 51 163.9106145251397
 19 165.9217877094972
 128 167.9329608938548
 200 169.9441340782123
 322 171.9553072625699
 2 173.9664804469274
 137 175.9776536312849
 1 177.9888268156425
 0 180


