# Created by Octave 3.8.2, Mon Jun 22 05:35:10 2020 CEST <damian@fptrucha.inv.usc.es>
# name: hd
# type: matrix
# rows: 180
# columns: 2
 4 -180
 179 -177.9888268156425
 3 -175.9776536312849
 310 -173.9664804469274
 228 -171.9553072625698
 112 -169.9441340782123
 37 -167.9329608938548
 43 -165.9217877094972
 56 -163.9106145251397
 140 -161.8994413407821
 40 -159.8882681564246
 514 -157.877094972067
 82 -155.8659217877095
 130 -153.854748603352
 40 -151.8435754189944
 68 -149.8324022346369
 182 -147.8212290502793
 549 -145.8100558659218
 125 -143.7988826815642
 87 -141.7877094972067
 159 -139.7765363128491
 111 -137.7653631284916
 4 -135.7541899441341
 178 -133.7430167597765
 159 -131.731843575419
 94 -129.7206703910614
 157 -127.7094972067039
 175 -125.6983240223464
 84 -123.6871508379888
 172 -121.6759776536313
 195 -119.6648044692737
 8 -117.6536312849162
 109 -115.6424581005587
 131 -113.6312849162011
 102 -111.6201117318436
 26 -109.608938547486
 41 -107.5977653631285
 17 -105.5865921787709
 19 -103.5754189944134
 3 -101.5642458100559
 2 -99.55307262569832
 1 -97.54189944134077
 4 -95.53072625698323
 10 -93.5195530726257
 7375 -91.50837988826815
 16 -89.49720670391061
 3 -87.48603351955308
 3 -85.47486033519553
 0 -83.46368715083798
 2 -81.45251396648044
 9 -79.44134078212289
 11 -77.43016759776536
 64 -75.41899441340782
 36 -73.40782122905027
 45 -71.39664804469274
 99 -69.38547486033519
 69 -67.37430167597765
 116 -65.3631284916201
 36 -63.35195530726256
 229 -61.34078212290503
 150 -59.32960893854748
 211 -57.31843575418993
 93 -55.3072625698324
 85 -53.29608938547486
 223 -51.28491620111731
 55 -49.27374301675977
 97 -47.26256983240222
 3 -45.25139664804468
 294 -43.24022346368713
 5 -41.22905027932961
 179 -39.21787709497207
 247 -37.20670391061452
 398 -35.19553072625698
 125 -33.18435754189943
 50 -31.17318435754188
 172 -29.16201117318434
 9 -27.15083798882682
 55 -25.13966480446928
 549 -23.12849162011173
 116 -21.11731843575419
 51 -19.10614525139664
 12 -17.09497206703909
 36 -15.08379888268155
 131 -13.072625698324
 4 -11.06145251396646
 518 -9.050279329608941
 1 -7.039106145251395
 113 -5.02793296089385
 30 -3.016759776536304
 3 -1.005586592178759
 14 1.005586592178787
 128 3.016759776536333
 2 5.02793296089385
 476 7.039106145251395
 4 9.050279329608941
 172 11.06145251396649
 51 13.07262569832403
 13 15.08379888268158
 45 17.09497206703912
 95 19.10614525139667
 519 21.11731843575421
 75 23.12849162011173
 86 25.13966480446928
 114 27.15083798882682
 53 29.16201117318437
 184 31.17318435754191
 294 33.18435754189946
 248 35.195530726257
 122 37.20670391061452
 38 39.21787709497207
 300 41.22905027932961
 4 43.24022346368716
 113 45.2513966480447
 71 47.26256983240225
 190 49.27374301675979
 76 51.28491620111734
 205 53.29608938547489
 85 55.3072625698324
 125 57.31843575418995
 207 59.32960893854749
 53 61.34078212290504
 109 63.35195530726259
 79 65.36312849162013
 116 67.37430167597768
 49 69.38547486033519
 28 71.39664804469274
 55 73.40782122905028
 7 75.41899441340783
 12 77.43016759776538
 5 79.44134078212289
 2 81.45251396648047
 0 83.46368715083798
 7 85.47486033519556
 16 87.48603351955308
 7058 89.49720670391065
 9 91.50837988826817
 7 93.51955307262574
 1 95.53072625698326
 0 97.54189944134077
 1 99.55307262569835
 17 101.5642458100559
 22 103.5754189944134
 36 105.586592178771
 18 107.5977653631285
 110 109.608938547486
 120 111.6201117318436
 131 113.6312849162011
 6 115.6424581005587
 190 117.6536312849162
 168 119.6648044692737
 98 121.6759776536313
 167 123.6871508379888
 172 125.6983240223464
 90 127.7094972067039
 164 129.7206703910614
 167 131.731843575419
 3 133.7430167597765
 115 135.7541899441341
 157 137.7653631284916
 87 139.7765363128492
 108 141.7877094972067
 484 143.7988826815642
 103 145.8100558659218
 161 147.8212290502793
 42 149.8324022346369
 123 151.8435754189944
 67 153.854748603352
 453 155.8659217877095
 37 157.8770949720671
 148 159.8882681564246
 67 161.8994413407821
 45 163.9106145251397
 26 165.9217877094972
 113 167.9329608938548
 235 169.9441340782123
 318 171.9553072625699
 5 173.9664804469274
 156 175.9776536312849
 7 177.9888268156425
 0 180


