# Created by Octave 3.8.2, Sun Jun 21 02:36:51 2020 CEST <damian@fptrucha.inv.usc.es>
# name: hd
# type: matrix
# rows: 180
# columns: 2
 3 -180
 134 -177.9888268156425
 7 -175.9776536312849
 352 -173.9664804469274
 246 -171.9553072625698
 149 -169.9441340782123
 27 -167.9329608938548
 31 -165.9217877094972
 48 -163.9106145251397
 172 -161.8994413407821
 34 -159.8882681564246
 595 -157.877094972067
 58 -155.8659217877095
 110 -153.854748603352
 49 -151.8435754189944
 62 -149.8324022346369
 197 -147.8212290502793
 593 -145.8100558659218
 116 -143.7988826815642
 76 -141.7877094972067
 163 -139.7765363128491
 108 -137.7653631284916
 2 -135.7541899441341
 175 -133.7430167597765
 158 -131.731843575419
 78 -129.7206703910614
 151 -127.7094972067039
 264 -125.6983240223464
 126 -123.6871508379888
 188 -121.6759776536313
 161 -119.6648044692737
 4 -117.6536312849162
 103 -115.6424581005587
 101 -113.6312849162011
 113 -111.6201117318436
 15 -109.608938547486
 31 -107.5977653631285
 15 -105.5865921787709
 14 -103.5754189944134
 1 -101.5642458100559
 0 -99.55307262569832
 1 -97.54189944134077
 3 -95.53072625698323
 1 -93.5195530726257
 7932 -91.50837988826815
 7 -89.49720670391061
 3 -87.48603351955308
 2 -85.47486033519553
 1 -83.46368715083798
 2 -81.45251396648044
 11 -79.44134078212289
 1 -77.43016759776536
 46 -75.41899441340782
 22 -73.40782122905027
 63 -71.39664804469274
 128 -69.38547486033519
 64 -67.37430167597765
 100 -65.3631284916201
 44 -63.35195530726256
 270 -61.34078212290503
 137 -59.32960893854748
 217 -57.31843575418993
 96 -55.3072625698324
 72 -53.29608938547486
 211 -51.28491620111731
 60 -49.27374301675977
 99 -47.26256983240222
 5 -45.25139664804468
 302 -43.24022346368713
 3 -41.22905027932961
 163 -39.21787709497207
 322 -37.20670391061452
 402 -35.19553072625698
 131 -33.18435754189943
 62 -31.17318435754188
 182 -29.16201117318434
 10 -27.15083798882682
 50 -25.13966480446928
 616 -23.12849162011173
 144 -21.11731843575419
 42 -19.10614525139664
 7 -17.09497206703909
 36 -15.08379888268155
 158 -13.072625698324
 5 -11.06145251396646
 531 -9.050279329608941
 3 -7.039106145251395
 132 -5.02793296089385
 12 -3.016759776536304
 4 -1.005586592178759
 19 1.005586592178787
 103 3.016759776536333
 7 5.02793296089385
 555 7.039106145251395
 4 9.050279329608941
 146 11.06145251396649
 42 13.07262569832403
 13 15.08379888268158
 58 17.09497206703912
 116 19.10614525139667
 489 21.11731843575421
 61 23.12849162011173
 88 25.13966480446928
 91 27.15083798882682
 56 29.16201117318437
 216 31.17318435754191
 287 33.18435754189946
 245 35.195530726257
 190 37.20670391061452
 31 39.21787709497207
 281 41.22905027932961
 2 43.24022346368716
 119 45.2513966480447
 66 47.26256983240225
 224 49.27374301675979
 80 51.28491620111734
 177 53.29608938547489
 91 55.3072625698324
 108 57.31843575418995
 226 59.32960893854749
 48 61.34078212290504
 125 63.35195530726259
 63 65.36312849162013
 94 67.37430167597768
 33 69.38547486033519
 30 71.39664804469274
 30 73.40782122905028
 6 75.41899441340783
 8 77.43016759776538
 1 79.44134078212289
 3 81.45251396648047
 0 83.46368715083798
 2 85.47486033519556
 7 87.48603351955308
 7372 89.49720670391065
 4 91.50837988826817
 2 93.51955307262574
 0 95.53072625698326
 1 97.54189944134077
 4 99.55307262569835
 13 101.5642458100559
 23 103.5754189944134
 44 105.586592178771
 30 107.5977653631285
 91 109.608938547486
 114 111.6201117318436
 120 113.6312849162011
 1 115.6424581005587
 211 117.6536312849162
 153 119.6648044692737
 93 121.6759776536313
 178 123.6871508379888
 178 125.6983240223464
 81 127.7094972067039
 128 129.7206703910614
 172 131.731843575419
 2 133.7430167597765
 108 135.7541899441341
 181 137.7653631284916
 106 139.7765363128492
 128 141.7877094972067
 437 143.7988826815642
 118 145.8100558659218
 175 147.8212290502793
 39 149.8324022346369
 147 151.8435754189944
 73 153.854748603352
 456 155.8659217877095
 47 157.8770949720671
 111 159.8882681564246
 68 161.8994413407821
 33 163.9106145251397
 16 165.9217877094972
 114 167.9329608938548
 217 169.9441340782123
 347 171.9553072625699
 5 173.9664804469274
 135 175.9776536312849
 2 177.9888268156425
 0 180


