# Created by Octave 3.8.2, Sun Jun 21 05:45:41 2020 CEST <damian@fptrucha.inv.usc.es>
# name: hd
# type: matrix
# rows: 180
# columns: 2
 2 -180
 153 -177.9888268156425
 5 -175.9776536312849
 357 -173.9664804469274
 234 -171.9553072625698
 144 -169.9441340782123
 33 -167.9329608938548
 33 -165.9217877094972
 56 -163.9106145251397
 148 -161.8994413407821
 36 -159.8882681564246
 606 -157.877094972067
 58 -155.8659217877095
 130 -153.854748603352
 44 -151.8435754189944
 71 -149.8324022346369
 198 -147.8212290502793
 577 -145.8100558659218
 125 -143.7988826815642
 82 -141.7877094972067
 166 -139.7765363128491
 94 -137.7653631284916
 3 -135.7541899441341
 151 -133.7430167597765
 145 -131.731843575419
 76 -129.7206703910614
 188 -127.7094972067039
 231 -125.6983240223464
 106 -123.6871508379888
 182 -121.6759776536313
 214 -119.6648044692737
 2 -117.6536312849162
 96 -115.6424581005587
 111 -113.6312849162011
 138 -111.6201117318436
 16 -109.608938547486
 24 -107.5977653631285
 23 -105.5865921787709
 10 -103.5754189944134
 0 -101.5642458100559
 0 -99.55307262569832
 1 -97.54189944134077
 2 -95.53072625698323
 5 -93.5195530726257
 8226 -91.50837988826815
 10 -89.49720670391061
 4 -87.48603351955308
 1 -85.47486033519553
 0 -83.46368715083798
 1 -81.45251396648044
 5 -79.44134078212289
 4 -77.43016759776536
 58 -75.41899441340782
 21 -73.40782122905027
 47 -71.39664804469274
 104 -69.38547486033519
 74 -67.37430167597765
 99 -65.3631284916201
 42 -63.35195530726256
 289 -61.34078212290503
 157 -59.32960893854748
 199 -57.31843575418993
 82 -55.3072625698324
 80 -53.29608938547486
 221 -51.28491620111731
 45 -49.27374301675977
 115 -47.26256983240222
 0 -45.25139664804468
 259 -43.24022346368713
 1 -41.22905027932961
 152 -39.21787709497207
 291 -37.20670391061452
 408 -35.19553072625698
 112 -33.18435754189943
 57 -31.17318435754188
 136 -29.16201117318434
 8 -27.15083798882682
 55 -25.13966480446928
 640 -23.12849162011173
 140 -21.11731843575419
 56 -19.10614525139664
 14 -17.09497206703909
 34 -15.08379888268155
 157 -13.072625698324
 8 -11.06145251396646
 540 -9.050279329608941
 3 -7.039106145251395
 135 -5.02793296089385
 17 -3.016759776536304
 2 -1.005586592178759
 18 1.005586592178787
 122 3.016759776536333
 2 5.02793296089385
 492 7.039106145251395
 6 9.050279329608941
 146 11.06145251396649
 44 13.07262569832403
 10 15.08379888268158
 46 17.09497206703912
 95 19.10614525139667
 543 21.11731843575421
 48 23.12849162011173
 91 25.13966480446928
 113 27.15083798882682
 49 29.16201117318437
 213 31.17318435754191
 315 33.18435754189946
 236 35.195530726257
 184 37.20670391061452
 36 39.21787709497207
 276 41.22905027932961
 5 43.24022346368716
 121 45.2513966480447
 62 47.26256983240225
 228 49.27374301675979
 76 51.28491620111734
 184 53.29608938547489
 66 55.3072625698324
 149 57.31843575418995
 249 59.32960893854749
 65 61.34078212290504
 110 63.35195530726259
 69 65.36312849162013
 92 67.37430167597768
 47 69.38547486033519
 25 71.39664804469274
 34 73.40782122905028
 9 75.41899441340783
 4 77.43016759776538
 2 79.44134078212289
 0 81.45251396648047
 1 83.46368715083798
 1 85.47486033519556
 12 87.48603351955308
 7394 89.49720670391065
 6 91.50837988826817
 3 93.51955307262574
 0 95.53072625698326
 0 97.54189944134077
 2 99.55307262569835
 12 101.5642458100559
 37 103.5754189944134
 38 105.586592178771
 24 107.5977653631285
 109 109.608938547486
 100 111.6201117318436
 122 113.6312849162011
 2 115.6424581005587
 182 117.6536312849162
 159 119.6648044692737
 84 121.6759776536313
 164 123.6871508379888
 172 125.6983240223464
 81 127.7094972067039
 163 129.7206703910614
 168 131.731843575419
 0 133.7430167597765
 134 135.7541899441341
 155 137.7653631284916
 93 139.7765363128492
 139 141.7877094972067
 492 143.7988826815642
 108 145.8100558659218
 222 147.8212290502793
 38 149.8324022346369
 157 151.8435754189944
 50 153.854748603352
 483 155.8659217877095
 41 157.8770949720671
 124 159.8882681564246
 69 161.8994413407821
 39 163.9106145251397
 10 165.9217877094972
 121 167.9329608938548
 235 169.9441340782123
 308 171.9553072625699
 4 173.9664804469274
 141 175.9776536312849
 2 177.9888268156425
 0 180


