# Created by Octave 3.8.2, Sun Jun 21 01:59:08 2020 CEST <damian@fptrucha.inv.usc.es>
# name: hd
# type: matrix
# rows: 180
# columns: 2
 4 -180
 154 -177.9888268156425
 5 -175.9776536312849
 356 -173.9664804469274
 183 -171.9553072625698
 145 -169.9441340782123
 26 -167.9329608938548
 36 -165.9217877094972
 44 -163.9106145251397
 147 -161.8994413407821
 34 -159.8882681564246
 566 -157.877094972067
 45 -155.8659217877095
 140 -153.854748603352
 26 -151.8435754189944
 56 -149.8324022346369
 186 -147.8212290502793
 584 -145.8100558659218
 116 -143.7988826815642
 68 -141.7877094972067
 155 -139.7765363128491
 93 -137.7653631284916
 3 -135.7541899441341
 142 -133.7430167597765
 152 -131.731843575419
 69 -129.7206703910614
 156 -127.7094972067039
 223 -125.6983240223464
 95 -123.6871508379888
 158 -121.6759776536313
 168 -119.6648044692737
 2 -117.6536312849162
 103 -115.6424581005587
 100 -113.6312849162011
 119 -111.6201117318436
 17 -109.608938547486
 22 -107.5977653631285
 20 -105.5865921787709
 8 -103.5754189944134
 1 -101.5642458100559
 0 -99.55307262569832
 2 -97.54189944134077
 3 -95.53072625698323
 5 -93.5195530726257
 8036 -91.50837988826815
 9 -89.49720670391061
 1 -87.48603351955308
 1 -85.47486033519553
 0 -83.46368715083798
 4 -81.45251396648044
 6 -79.44134078212289
 5 -77.43016759776536
 50 -75.41899441340782
 28 -73.40782122905027
 46 -71.39664804469274
 128 -69.38547486033519
 57 -67.37430167597765
 126 -65.3631284916201
 41 -63.35195530726256
 264 -61.34078212290503
 145 -59.32960893854748
 217 -57.31843575418993
 102 -55.3072625698324
 74 -53.29608938547486
 235 -51.28491620111731
 43 -49.27374301675977
 91 -47.26256983240222
 0 -45.25139664804468
 257 -43.24022346368713
 1 -41.22905027932961
 150 -39.21787709497207
 314 -37.20670391061452
 472 -35.19553072625698
 114 -33.18435754189943
 53 -31.17318435754188
 137 -29.16201117318434
 9 -27.15083798882682
 54 -25.13966480446928
 636 -23.12849162011173
 154 -21.11731843575419
 58 -19.10614525139664
 6 -17.09497206703909
 35 -15.08379888268155
 171 -13.072625698324
 11 -11.06145251396646
 565 -9.050279329608941
 3 -7.039106145251395
 115 -5.02793296089385
 16 -3.016759776536304
 1 -1.005586592178759
 12 1.005586592178787
 124 3.016759776536333
 0 5.02793296089385
 555 7.039106145251395
 8 9.050279329608941
 144 11.06145251396649
 40 13.07262569832403
 11 15.08379888268158
 61 17.09497206703912
 124 19.10614525139667
 471 21.11731843575421
 64 23.12849162011173
 98 25.13966480446928
 108 27.15083798882682
 47 29.16201117318437
 205 31.17318435754191
 277 33.18435754189946
 210 35.195530726257
 155 37.20670391061452
 23 39.21787709497207
 283 41.22905027932961
 1 43.24022346368716
 117 45.2513966480447
 58 47.26256983240225
 184 49.27374301675979
 83 51.28491620111734
 186 53.29608938547489
 83 55.3072625698324
 118 57.31843575418995
 254 59.32960893854749
 50 61.34078212290504
 120 63.35195530726259
 58 65.36312849162013
 110 67.37430167597768
 34 69.38547486033519
 34 71.39664804469274
 39 73.40782122905028
 8 75.41899441340783
 4 77.43016759776538
 6 79.44134078212289
 0 81.45251396648047
 1 83.46368715083798
 5 85.47486033519556
 15 87.48603351955308
 7503 89.49720670391065
 5 91.50837988826817
 3 93.51955307262574
 2 95.53072625698326
 0 97.54189944134077
 0 99.55307262569835
 7 101.5642458100559
 15 103.5754189944134
 29 105.586592178771
 25 107.5977653631285
 92 109.608938547486
 100 111.6201117318436
 104 113.6312849162011
 2 115.6424581005587
 179 117.6536312849162
 149 119.6648044692737
 89 121.6759776536313
 156 123.6871508379888
 164 125.6983240223464
 75 127.7094972067039
 148 129.7206703910614
 150 131.731843575419
 2 133.7430167597765
 96 135.7541899441341
 161 137.7653631284916
 92 139.7765363128492
 131 141.7877094972067
 469 143.7988826815642
 122 145.8100558659218
 196 147.8212290502793
 48 149.8324022346369
 145 151.8435754189944
 57 153.854748603352
 442 155.8659217877095
 63 157.8770949720671
 126 159.8882681564246
 70 161.8994413407821
 43 163.9106145251397
 14 165.9217877094972
 110 167.9329608938548
 232 169.9441340782123
 313 171.9553072625699
 5 173.9664804469274
 143 175.9776536312849
 0 177.9888268156425
 0 180


