# Created by Octave 3.8.2, Mon Jun 22 19:39:16 2020 CEST <damian@fptrucha.inv.usc.es>
# name: hd
# type: matrix
# rows: 180
# columns: 2
 3 -180
 191 -177.9888268156425
 4 -175.9776536312849
 372 -173.9664804469274
 246 -171.9553072625698
 155 -169.9441340782123
 34 -167.9329608938548
 36 -165.9217877094972
 77 -163.9106145251397
 175 -161.8994413407821
 46 -159.8882681564246
 582 -157.877094972067
 86 -155.8659217877095
 168 -153.854748603352
 52 -151.8435754189944
 63 -149.8324022346369
 250 -147.8212290502793
 630 -145.8100558659218
 139 -143.7988826815642
 119 -141.7877094972067
 176 -139.7765363128491
 128 -137.7653631284916
 3 -135.7541899441341
 177 -133.7430167597765
 171 -131.731843575419
 85 -129.7206703910614
 221 -127.7094972067039
 228 -125.6983240223464
 123 -123.6871508379888
 191 -121.6759776536313
 222 -119.6648044692737
 4 -117.6536312849162
 141 -115.6424581005587
 139 -113.6312849162011
 111 -111.6201117318436
 23 -109.608938547486
 40 -107.5977653631285
 17 -105.5865921787709
 21 -103.5754189944134
 4 -101.5642458100559
 2 -99.55307262569832
 2 -97.54189944134077
 1 -95.53072625698323
 7 -93.5195530726257
 8625 -91.50837988826815
 11 -89.49720670391061
 2 -87.48603351955308
 3 -85.47486033519553
 0 -83.46368715083798
 2 -81.45251396648044
 10 -79.44134078212289
 6 -77.43016759776536
 44 -75.41899441340782
 32 -73.40782122905027
 55 -71.39664804469274
 112 -69.38547486033519
 94 -67.37430167597765
 119 -65.3631284916201
 56 -63.35195530726256
 295 -61.34078212290503
 145 -59.32960893854748
 186 -57.31843575418993
 98 -55.3072625698324
 106 -53.29608938547486
 233 -51.28491620111731
 75 -49.27374301675977
 139 -47.26256983240222
 1 -45.25139664804468
 317 -43.24022346368713
 4 -41.22905027932961
 141 -39.21787709497207
 296 -37.20670391061452
 464 -35.19553072625698
 129 -33.18435754189943
 57 -31.17318435754188
 163 -29.16201117318434
 7 -27.15083798882682
 77 -25.13966480446928
 606 -23.12849162011173
 128 -21.11731843575419
 49 -19.10614525139664
 13 -17.09497206703909
 48 -15.08379888268155
 180 -13.072625698324
 6 -11.06145251396646
 585 -9.050279329608941
 4 -7.039106145251395
 145 -5.02793296089385
 26 -3.016759776536304
 2 -1.005586592178759
 17 1.005586592178787
 149 3.016759776536333
 4 5.02793296089385
 598 7.039106145251395
 7 9.050279329608941
 184 11.06145251396649
 58 13.07262569832403
 10 15.08379888268158
 65 17.09497206703912
 144 19.10614525139667
 537 21.11731843575421
 61 23.12849162011173
 91 25.13966480446928
 101 27.15083798882682
 54 29.16201117318437
 223 31.17318435754191
 348 33.18435754189946
 271 35.195530726257
 156 37.20670391061452
 42 39.21787709497207
 312 41.22905027932961
 1 43.24022346368716
 124 45.2513966480447
 67 47.26256983240225
 219 49.27374301675979
 84 51.28491620111734
 217 53.29608938547489
 88 55.3072625698324
 161 57.31843575418995
 258 59.32960893854749
 57 61.34078212290504
 121 63.35195530726259
 59 65.36312849162013
 118 67.37430167597768
 47 69.38547486033519
 27 71.39664804469274
 48 73.40782122905028
 5 75.41899441340783
 14 77.43016759776538
 4 79.44134078212289
 1 81.45251396648047
 0 83.46368715083798
 3 85.47486033519556
 15 87.48603351955308
 7889 89.49720670391065
 10 91.50837988826817
 4 93.51955307262574
 3 95.53072625698326
 2 97.54189944134077
 1 99.55307262569835
 15 101.5642458100559
 36 103.5754189944134
 37 105.586592178771
 24 107.5977653631285
 98 109.608938547486
 127 111.6201117318436
 122 113.6312849162011
 0 115.6424581005587
 209 117.6536312849162
 169 119.6648044692737
 92 121.6759776536313
 193 123.6871508379888
 182 125.6983240223464
 82 127.7094972067039
 164 129.7206703910614
 174 131.731843575419
 0 133.7430167597765
 117 135.7541899441341
 189 137.7653631284916
 95 139.7765363128492
 152 141.7877094972067
 532 143.7988826815642
 127 145.8100558659218
 195 147.8212290502793
 52 149.8324022346369
 154 151.8435754189944
 69 153.854748603352
 541 155.8659217877095
 49 157.8770949720671
 115 159.8882681564246
 74 161.8994413407821
 39 163.9106145251397
 20 165.9217877094972
 133 167.9329608938548
 235 169.9441340782123
 388 171.9553072625699
 5 173.9664804469274
 168 175.9776536312849
 4 177.9888268156425
 0 180


