# Created by Octave 3.8.2, Sat Jun 20 14:29:58 2020 CEST <damian@fptrucha.inv.usc.es>
# name: hd
# type: matrix
# rows: 180
# columns: 2
 5 -180
 154 -177.9888268156425
 2 -175.9776536312849
 373 -173.9664804469274
 232 -171.9553072625698
 165 -169.9441340782123
 33 -167.9329608938548
 31 -165.9217877094972
 53 -163.9106145251397
 171 -161.8994413407821
 38 -159.8882681564246
 669 -157.877094972067
 67 -155.8659217877095
 131 -153.854748603352
 30 -151.8435754189944
 70 -149.8324022346369
 202 -147.8212290502793
 658 -145.8100558659218
 120 -143.7988826815642
 80 -141.7877094972067
 173 -139.7765363128491
 100 -137.7653631284916
 2 -135.7541899441341
 171 -133.7430167597765
 154 -131.731843575419
 76 -129.7206703910614
 164 -127.7094972067039
 236 -125.6983240223464
 113 -123.6871508379888
 177 -121.6759776536313
 191 -119.6648044692737
 5 -117.6536312849162
 112 -115.6424581005587
 126 -113.6312849162011
 112 -111.6201117318436
 14 -109.608938547486
 27 -107.5977653631285
 18 -105.5865921787709
 9 -103.5754189944134
 2 -101.5642458100559
 0 -99.55307262569832
 1 -97.54189944134077
 2 -95.53072625698323
 5 -93.5195530726257
 8582 -91.50837988826815
 13 -89.49720670391061
 4 -87.48603351955308
 0 -85.47486033519553
 0 -83.46368715083798
 3 -81.45251396648044
 11 -79.44134078212289
 8 -77.43016759776536
 44 -75.41899441340782
 19 -73.40782122905027
 58 -71.39664804469274
 106 -69.38547486033519
 89 -67.37430167597765
 111 -65.3631284916201
 59 -63.35195530726256
 290 -61.34078212290503
 162 -59.32960893854748
 223 -57.31843575418993
 82 -55.3072625698324
 82 -53.29608938547486
 229 -51.28491620111731
 57 -49.27374301675977
 121 -47.26256983240222
 0 -45.25139664804468
 296 -43.24022346368713
 2 -41.22905027932961
 164 -39.21787709497207
 373 -37.20670391061452
 465 -35.19553072625698
 101 -33.18435754189943
 57 -31.17318435754188
 145 -29.16201117318434
 13 -27.15083798882682
 60 -25.13966480446928
 679 -23.12849162011173
 154 -21.11731843575419
 54 -19.10614525139664
 12 -17.09497206703909
 48 -15.08379888268155
 162 -13.072625698324
 7 -11.06145251396646
 627 -9.050279329608941
 4 -7.039106145251395
 113 -5.02793296089385
 28 -3.016759776536304
 1 -1.005586592178759
 11 1.005586592178787
 142 3.016759776536333
 2 5.02793296089385
 552 7.039106145251395
 13 9.050279329608941
 136 11.06145251396649
 55 13.07262569832403
 12 15.08379888268158
 57 17.09497206703912
 115 19.10614525139667
 567 21.11731843575421
 40 23.12849162011173
 94 25.13966480446928
 102 27.15083798882682
 56 29.16201117318437
 250 31.17318435754191
 338 33.18435754189946
 242 35.195530726257
 170 37.20670391061452
 31 39.21787709497207
 318 41.22905027932961
 2 43.24022346368716
 106 45.2513966480447
 50 47.26256983240225
 245 49.27374301675979
 81 51.28491620111734
 215 53.29608938547489
 77 55.3072625698324
 151 57.31843575418995
 283 59.32960893854749
 73 61.34078212290504
 130 63.35195530726259
 101 65.36312849162013
 103 67.37430167597768
 43 69.38547486033519
 29 71.39664804469274
 52 73.40782122905028
 8 75.41899441340783
 11 77.43016759776538
 2 79.44134078212289
 0 81.45251396648047
 0 83.46368715083798
 1 85.47486033519556
 11 87.48603351955308
 7974 89.49720670391065
 4 91.50837988826817
 2 93.51955307262574
 0 95.53072625698326
 1 97.54189944134077
 1 99.55307262569835
 8 101.5642458100559
 26 103.5754189944134
 45 105.586592178771
 24 107.5977653631285
 127 109.608938547486
 139 111.6201117318436
 124 113.6312849162011
 2 115.6424581005587
 220 117.6536312849162
 174 119.6648044692737
 82 121.6759776536313
 177 123.6871508379888
 172 125.6983240223464
 76 127.7094972067039
 176 129.7206703910614
 182 131.731843575419
 0 133.7430167597765
 140 135.7541899441341
 178 137.7653631284916
 130 139.7765363128492
 154 141.7877094972067
 488 143.7988826815642
 127 145.8100558659218
 193 147.8212290502793
 50 149.8324022346369
 184 151.8435754189944
 58 153.854748603352
 489 155.8659217877095
 49 157.8770949720671
 147 159.8882681564246
 70 161.8994413407821
 41 163.9106145251397
 16 165.9217877094972
 143 167.9329608938548
 194 169.9441340782123
 354 171.9553072625699
 2 173.9664804469274
 146 175.9776536312849
 1 177.9888268156425
 0 180


