# Created by Octave 3.8.2, Mon Jun 22 09:37:29 2020 CEST <damian@fptrucha.inv.usc.es>
# name: hd
# type: matrix
# rows: 180
# columns: 2
 3 -180
 164 -177.9888268156425
 4 -175.9776536312849
 366 -173.9664804469274
 223 -171.9553072625698
 136 -169.9441340782123
 39 -167.9329608938548
 41 -165.9217877094972
 49 -163.9106145251397
 139 -161.8994413407821
 46 -159.8882681564246
 542 -157.877094972067
 76 -155.8659217877095
 137 -153.854748603352
 40 -151.8435754189944
 71 -149.8324022346369
 225 -147.8212290502793
 554 -145.8100558659218
 134 -143.7988826815642
 91 -141.7877094972067
 176 -139.7765363128491
 125 -137.7653631284916
 6 -135.7541899441341
 185 -133.7430167597765
 151 -131.731843575419
 73 -129.7206703910614
 153 -127.7094972067039
 175 -125.6983240223464
 100 -123.6871508379888
 166 -121.6759776536313
 189 -119.6648044692737
 4 -117.6536312849162
 130 -115.6424581005587
 115 -113.6312849162011
 117 -111.6201117318436
 19 -109.608938547486
 41 -107.5977653631285
 33 -105.5865921787709
 12 -103.5754189944134
 6 -101.5642458100559
 1 -99.55307262569832
 1 -97.54189944134077
 4 -95.53072625698323
 7 -93.5195530726257
 7659 -91.50837988826815
 15 -89.49720670391061
 4 -87.48603351955308
 0 -85.47486033519553
 0 -83.46368715083798
 3 -81.45251396648044
 8 -79.44134078212289
 3 -77.43016759776536
 43 -75.41899441340782
 25 -73.40782122905027
 46 -71.39664804469274
 96 -69.38547486033519
 85 -67.37430167597765
 106 -65.3631284916201
 44 -63.35195530726256
 254 -61.34078212290503
 117 -59.32960893854748
 189 -57.31843575418993
 87 -55.3072625698324
 82 -53.29608938547486
 218 -51.28491620111731
 58 -49.27374301675977
 108 -47.26256983240222
 5 -45.25139664804468
 285 -43.24022346368713
 3 -41.22905027932961
 145 -39.21787709497207
 247 -37.20670391061452
 372 -35.19553072625698
 111 -33.18435754189943
 58 -31.17318435754188
 156 -29.16201117318434
 6 -27.15083798882682
 60 -25.13966480446928
 579 -23.12849162011173
 127 -21.11731843575419
 61 -19.10614525139664
 11 -17.09497206703909
 41 -15.08379888268155
 145 -13.072625698324
 7 -11.06145251396646
 557 -9.050279329608941
 2 -7.039106145251395
 127 -5.02793296089385
 22 -3.016759776536304
 9 -1.005586592178759
 31 1.005586592178787
 118 3.016759776536333
 2 5.02793296089385
 530 7.039106145251395
 6 9.050279329608941
 117 11.06145251396649
 38 13.07262569832403
 13 15.08379888268158
 44 17.09497206703912
 140 19.10614525139667
 562 21.11731843575421
 54 23.12849162011173
 78 25.13966480446928
 88 27.15083798882682
 72 29.16201117318437
 197 31.17318435754191
 316 33.18435754189946
 257 35.195530726257
 155 37.20670391061452
 49 39.21787709497207
 306 41.22905027932961
 2 43.24022346368716
 103 45.2513966480447
 61 47.26256983240225
 210 49.27374301675979
 87 51.28491620111734
 197 53.29608938547489
 78 55.3072625698324
 123 57.31843575418995
 262 59.32960893854749
 50 61.34078212290504
 121 63.35195530726259
 81 65.36312849162013
 93 67.37430167597768
 47 69.38547486033519
 39 71.39664804469274
 38 73.40782122905028
 11 75.41899441340783
 11 77.43016759776538
 3 79.44134078212289
 1 81.45251396648047
 1 83.46368715083798
 4 85.47486033519556
 20 87.48603351955308
 7419 89.49720670391065
 16 91.50837988826817
 1 93.51955307262574
 2 95.53072625698326
 1 97.54189944134077
 4 99.55307262569835
 16 101.5642458100559
 33 103.5754189944134
 35 105.586592178771
 28 107.5977653631285
 99 109.608938547486
 101 111.6201117318436
 133 113.6312849162011
 2 115.6424581005587
 208 117.6536312849162
 153 119.6648044692737
 83 121.6759776536313
 166 123.6871508379888
 191 125.6983240223464
 73 127.7094972067039
 156 129.7206703910614
 204 131.731843575419
 1 133.7430167597765
 115 135.7541899441341
 182 137.7653631284916
 107 139.7765363128492
 144 141.7877094972067
 489 143.7988826815642
 89 145.8100558659218
 184 147.8212290502793
 50 149.8324022346369
 148 151.8435754189944
 81 153.854748603352
 490 155.8659217877095
 65 157.8770949720671
 147 159.8882681564246
 77 161.8994413407821
 55 163.9106145251397
 27 165.9217877094972
 153 167.9329608938548
 219 169.9441340782123
 359 171.9553072625699
 3 173.9664804469274
 146 175.9776536312849
 1 177.9888268156425
 0 180


