# Created by Octave 3.8.2, Sun Jun 21 00:47:59 2020 CEST <damian@fptrucha.inv.usc.es>
# name: hd
# type: matrix
# rows: 180
# columns: 2
 5 -180
 170 -177.9888268156425
 0 -175.9776536312849
 326 -173.9664804469274
 244 -171.9553072625698
 161 -169.9441340782123
 17 -167.9329608938548
 35 -165.9217877094972
 57 -163.9106145251397
 159 -161.8994413407821
 38 -159.8882681564246
 636 -157.877094972067
 61 -155.8659217877095
 91 -153.854748603352
 39 -151.8435754189944
 76 -149.8324022346369
 209 -147.8212290502793
 577 -145.8100558659218
 142 -143.7988826815642
 77 -141.7877094972067
 173 -139.7765363128491
 87 -137.7653631284916
 1 -135.7541899441341
 155 -133.7430167597765
 154 -131.731843575419
 70 -129.7206703910614
 182 -127.7094972067039
 232 -125.6983240223464
 99 -123.6871508379888
 184 -121.6759776536313
 173 -119.6648044692737
 1 -117.6536312849162
 103 -115.6424581005587
 114 -113.6312849162011
 119 -111.6201117318436
 19 -109.608938547486
 27 -107.5977653631285
 23 -105.5865921787709
 5 -103.5754189944134
 1 -101.5642458100559
 0 -99.55307262569832
 1 -97.54189944134077
 3 -95.53072625698323
 5 -93.5195530726257
 7897 -91.50837988826815
 5 -89.49720670391061
 4 -87.48603351955308
 1 -85.47486033519553
 2 -83.46368715083798
 1 -81.45251396648044
 3 -79.44134078212289
 5 -77.43016759776536
 37 -75.41899441340782
 17 -73.40782122905027
 48 -71.39664804469274
 110 -69.38547486033519
 71 -67.37430167597765
 83 -65.3631284916201
 49 -63.35195530726256
 279 -61.34078212290503
 135 -59.32960893854748
 205 -57.31843575418993
 92 -55.3072625698324
 89 -53.29608938547486
 241 -51.28491620111731
 52 -49.27374301675977
 114 -47.26256983240222
 1 -45.25139664804468
 246 -43.24022346368713
 3 -41.22905027932961
 146 -39.21787709497207
 312 -37.20670391061452
 416 -35.19553072625698
 105 -33.18435754189943
 48 -31.17318435754188
 164 -29.16201117318434
 4 -27.15083798882682
 55 -25.13966480446928
 637 -23.12849162011173
 137 -21.11731843575419
 59 -19.10614525139664
 6 -17.09497206703909
 35 -15.08379888268155
 178 -13.072625698324
 11 -11.06145251396646
 580 -9.050279329608941
 1 -7.039106145251395
 127 -5.02793296089385
 15 -3.016759776536304
 2 -1.005586592178759
 14 1.005586592178787
 138 3.016759776536333
 1 5.02793296089385
 560 7.039106145251395
 0 9.050279329608941
 121 11.06145251396649
 57 13.07262569832403
 14 15.08379888268158
 61 17.09497206703912
 93 19.10614525139667
 513 21.11731843575421
 46 23.12849162011173
 94 25.13966480446928
 83 27.15083798882682
 43 29.16201117318437
 190 31.17318435754191
 303 33.18435754189946
 248 35.195530726257
 166 37.20670391061452
 32 39.21787709497207
 274 41.22905027932961
 2 43.24022346368716
 115 45.2513966480447
 72 47.26256983240225
 229 49.27374301675979
 79 51.28491620111734
 208 53.29608938547489
 75 55.3072625698324
 130 57.31843575418995
 246 59.32960893854749
 60 61.34078212290504
 121 63.35195530726259
 76 65.36312849162013
 97 67.37430167597768
 37 69.38547486033519
 22 71.39664804469274
 45 73.40782122905028
 5 75.41899441340783
 7 77.43016759776538
 2 79.44134078212289
 2 81.45251396648047
 2 83.46368715083798
 4 85.47486033519556
 5 87.48603351955308
 7503 89.49720670391065
 4 91.50837988826817
 3 93.51955307262574
 2 95.53072625698326
 0 97.54189944134077
 1 99.55307262569835
 19 101.5642458100559
 26 103.5754189944134
 28 105.586592178771
 22 107.5977653631285
 103 109.608938547486
 105 111.6201117318436
 128 113.6312849162011
 1 115.6424581005587
 201 117.6536312849162
 155 119.6648044692737
 84 121.6759776536313
 166 123.6871508379888
 190 125.6983240223464
 68 127.7094972067039
 151 129.7206703910614
 189 131.731843575419
 1 133.7430167597765
 113 135.7541899441341
 156 137.7653631284916
 84 139.7765363128492
 142 141.7877094972067
 458 143.7988826815642
 95 145.8100558659218
 211 147.8212290502793
 44 149.8324022346369
 152 151.8435754189944
 72 153.854748603352
 442 155.8659217877095
 52 157.8770949720671
 132 159.8882681564246
 54 161.8994413407821
 34 163.9106145251397
 17 165.9217877094972
 129 167.9329608938548
 211 169.9441340782123
 342 171.9553072625699
 5 173.9664804469274
 147 175.9776536312849
 6 177.9888268156425
 0 180


