# Created by Octave 3.8.2, Mon Jun 22 18:22:56 2020 CEST <damian@fptrucha.inv.usc.es>
# name: hd
# type: matrix
# rows: 180
# columns: 2
 4 -180
 180 -177.9888268156425
 3 -175.9776536312849
 393 -173.9664804469274
 252 -171.9553072625698
 166 -169.9441340782123
 33 -167.9329608938548
 50 -165.9217877094972
 76 -163.9106145251397
 149 -161.8994413407821
 45 -159.8882681564246
 559 -157.877094972067
 58 -155.8659217877095
 134 -153.854748603352
 49 -151.8435754189944
 84 -149.8324022346369
 251 -147.8212290502793
 596 -145.8100558659218
 141 -143.7988826815642
 83 -141.7877094972067
 179 -139.7765363128491
 122 -137.7653631284916
 7 -135.7541899441341
 174 -133.7430167597765
 175 -131.731843575419
 83 -129.7206703910614
 195 -127.7094972067039
 230 -125.6983240223464
 106 -123.6871508379888
 197 -121.6759776536313
 210 -119.6648044692737
 9 -117.6536312849162
 125 -115.6424581005587
 127 -113.6312849162011
 143 -111.6201117318436
 27 -109.608938547486
 48 -107.5977653631285
 28 -105.5865921787709
 15 -103.5754189944134
 4 -101.5642458100559
 0 -99.55307262569832
 1 -97.54189944134077
 1 -95.53072625698323
 9 -93.5195530726257
 8416 -91.50837988826815
 19 -89.49720670391061
 9 -87.48603351955308
 1 -85.47486033519553
 0 -83.46368715083798
 3 -81.45251396648044
 9 -79.44134078212289
 11 -77.43016759776536
 46 -75.41899441340782
 43 -73.40782122905027
 56 -71.39664804469274
 151 -69.38547486033519
 80 -67.37430167597765
 119 -65.3631284916201
 65 -63.35195530726256
 313 -61.34078212290503
 171 -59.32960893854748
 222 -57.31843575418993
 112 -55.3072625698324
 82 -53.29608938547486
 244 -51.28491620111731
 69 -49.27374301675977
 113 -47.26256983240222
 3 -45.25139664804468
 308 -43.24022346368713
 5 -41.22905027932961
 159 -39.21787709497207
 277 -37.20670391061452
 467 -35.19553072625698
 137 -33.18435754189943
 68 -31.17318435754188
 140 -29.16201117318434
 13 -27.15083798882682
 78 -25.13966480446928
 612 -23.12849162011173
 136 -21.11731843575419
 48 -19.10614525139664
 19 -17.09497206703909
 36 -15.08379888268155
 146 -13.072625698324
 16 -11.06145251396646
 614 -9.050279329608941
 4 -7.039106145251395
 119 -5.02793296089385
 29 -3.016759776536304
 6 -1.005586592178759
 27 1.005586592178787
 125 3.016759776536333
 3 5.02793296089385
 546 7.039106145251395
 11 9.050279329608941
 142 11.06145251396649
 40 13.07262569832403
 18 15.08379888268158
 60 17.09497206703912
 139 19.10614525139667
 521 21.11731843575421
 63 23.12849162011173
 82 25.13966480446928
 99 27.15083798882682
 55 29.16201117318437
 199 31.17318435754191
 339 33.18435754189946
 263 35.195530726257
 147 37.20670391061452
 35 39.21787709497207
 273 41.22905027932961
 5 43.24022346368716
 123 45.2513966480447
 58 47.26256983240225
 221 49.27374301675979
 61 51.28491620111734
 203 53.29608938547489
 84 55.3072625698324
 140 57.31843575418995
 278 59.32960893854749
 59 61.34078212290504
 116 63.35195530726259
 81 65.36312849162013
 104 67.37430167597768
 62 69.38547486033519
 19 71.39664804469274
 49 73.40782122905028
 11 75.41899441340783
 10 77.43016759776538
 0 79.44134078212289
 2 81.45251396648047
 2 83.46368715083798
 4 85.47486033519556
 13 87.48603351955308
 7593 89.49720670391065
 10 91.50837988826817
 1 93.51955307262574
 0 95.53072625698326
 1 97.54189944134077
 6 99.55307262569835
 14 101.5642458100559
 25 103.5754189944134
 37 105.586592178771
 26 107.5977653631285
 131 109.608938547486
 120 111.6201117318436
 118 113.6312849162011
 0 115.6424581005587
 223 117.6536312849162
 179 119.6648044692737
 99 121.6759776536313
 188 123.6871508379888
 192 125.6983240223464
 93 127.7094972067039
 154 129.7206703910614
 193 131.731843575419
 2 133.7430167597765
 120 135.7541899441341
 183 137.7653631284916
 95 139.7765363128492
 146 141.7877094972067
 499 143.7988826815642
 109 145.8100558659218
 213 147.8212290502793
 50 149.8324022346369
 143 151.8435754189944
 51 153.854748603352
 494 155.8659217877095
 52 157.8770949720671
 136 159.8882681564246
 65 161.8994413407821
 43 163.9106145251397
 24 165.9217877094972
 154 167.9329608938548
 231 169.9441340782123
 352 171.9553072625699
 7 173.9664804469274
 155 175.9776536312849
 2 177.9888268156425
 0 180


