# Created by Octave 3.8.2, Sat Jun 20 12:10:33 2020 CEST <damian@fptrucha.inv.usc.es>
# name: hd
# type: matrix
# rows: 180
# columns: 2
 4 -180
 165 -177.9888268156425
 3 -175.9776536312849
 434 -173.9664804469274
 249 -171.9553072625698
 166 -169.9441340782123
 42 -167.9329608938548
 44 -165.9217877094972
 53 -163.9106145251397
 154 -161.8994413407821
 43 -159.8882681564246
 692 -157.877094972067
 56 -155.8659217877095
 149 -153.854748603352
 35 -151.8435754189944
 61 -149.8324022346369
 208 -147.8212290502793
 671 -145.8100558659218
 143 -143.7988826815642
 109 -141.7877094972067
 183 -139.7765363128491
 92 -137.7653631284916
 0 -135.7541899441341
 160 -133.7430167597765
 154 -131.731843575419
 86 -129.7206703910614
 182 -127.7094972067039
 242 -125.6983240223464
 126 -123.6871508379888
 220 -121.6759776536313
 188 -119.6648044692737
 3 -117.6536312849162
 105 -115.6424581005587
 109 -113.6312849162011
 136 -111.6201117318436
 20 -109.608938547486
 35 -107.5977653631285
 26 -105.5865921787709
 11 -103.5754189944134
 0 -101.5642458100559
 0 -99.55307262569832
 1 -97.54189944134077
 0 -95.53072625698323
 2 -93.5195530726257
 8767 -91.50837988826815
 8 -89.49720670391061
 1 -87.48603351955308
 0 -85.47486033519553
 1 -83.46368715083798
 1 -81.45251396648044
 3 -79.44134078212289
 10 -77.43016759776536
 47 -75.41899441340782
 35 -73.40782122905027
 52 -71.39664804469274
 111 -69.38547486033519
 70 -67.37430167597765
 105 -65.3631284916201
 46 -63.35195530726256
 271 -61.34078212290503
 163 -59.32960893854748
 244 -57.31843575418993
 122 -55.3072625698324
 94 -53.29608938547486
 259 -51.28491620111731
 67 -49.27374301675977
 106 -47.26256983240222
 3 -45.25139664804468
 274 -43.24022346368713
 0 -41.22905027932961
 167 -39.21787709497207
 340 -37.20670391061452
 522 -35.19553072625698
 106 -33.18435754189943
 69 -31.17318435754188
 158 -29.16201117318434
 8 -27.15083798882682
 67 -25.13966480446928
 676 -23.12849162011173
 158 -21.11731843575419
 58 -19.10614525139664
 12 -17.09497206703909
 32 -15.08379888268155
 190 -13.072625698324
 8 -11.06145251396646
 629 -9.050279329608941
 3 -7.039106145251395
 132 -5.02793296089385
 21 -3.016759776536304
 3 -1.005586592178759
 16 1.005586592178787
 134 3.016759776536333
 1 5.02793296089385
 579 7.039106145251395
 11 9.050279329608941
 137 11.06145251396649
 52 13.07262569832403
 7 15.08379888268158
 62 17.09497206703912
 124 19.10614525139667
 538 21.11731843575421
 68 23.12849162011173
 122 25.13966480446928
 126 27.15083798882682
 64 29.16201117318437
 281 31.17318435754191
 345 33.18435754189946
 272 35.195530726257
 173 37.20670391061452
 30 39.21787709497207
 305 41.22905027932961
 3 43.24022346368716
 155 45.2513966480447
 45 47.26256983240225
 268 49.27374301675979
 85 51.28491620111734
 223 53.29608938547489
 88 55.3072625698324
 174 57.31843575418995
 271 59.32960893854749
 73 61.34078212290504
 146 63.35195530726259
 68 65.36312849162013
 133 67.37430167597768
 57 69.38547486033519
 38 71.39664804469274
 60 73.40782122905028
 6 75.41899441340783
 11 77.43016759776538
 2 79.44134078212289
 0 81.45251396648047
 1 83.46368715083798
 2 85.47486033519556
 9 87.48603351955308
 8412 89.49720670391065
 3 91.50837988826817
 4 93.51955307262574
 2 95.53072625698326
 0 97.54189944134077
 4 99.55307262569835
 14 101.5642458100559
 25 103.5754189944134
 45 105.586592178771
 29 107.5977653631285
 119 109.608938547486
 141 111.6201117318436
 139 113.6312849162011
 4 115.6424581005587
 228 117.6536312849162
 165 119.6648044692737
 104 121.6759776536313
 174 123.6871508379888
 192 125.6983240223464
 96 127.7094972067039
 201 129.7206703910614
 194 131.731843575419
 3 133.7430167597765
 130 135.7541899441341
 202 137.7653631284916
 100 139.7765363128492
 166 141.7877094972067
 543 143.7988826815642
 150 145.8100558659218
 246 147.8212290502793
 54 149.8324022346369
 174 151.8435754189944
 70 153.854748603352
 505 155.8659217877095
 54 157.8770949720671
 169 159.8882681564246
 84 161.8994413407821
 61 163.9106145251397
 24 165.9217877094972
 131 167.9329608938548
 243 169.9441340782123
 348 171.9553072625699
 3 173.9664804469274
 173 175.9776536312849
 7 177.9888268156425
 0 180


