# Created by Octave 3.8.2, Mon Jun 22 20:58:11 2020 CEST <damian@fptrucha.inv.usc.es>
# name: hd
# type: matrix
# rows: 180
# columns: 2
 6 -180
 192 -177.9888268156425
 3 -175.9776536312849
 388 -173.9664804469274
 262 -171.9553072625698
 158 -169.9441340782123
 49 -167.9329608938548
 41 -165.9217877094972
 75 -163.9106145251397
 179 -161.8994413407821
 57 -159.8882681564246
 592 -157.877094972067
 60 -155.8659217877095
 130 -153.854748603352
 40 -151.8435754189944
 84 -149.8324022346369
 258 -147.8212290502793
 629 -145.8100558659218
 137 -143.7988826815642
 93 -141.7877094972067
 195 -139.7765363128491
 119 -137.7653631284916
 5 -135.7541899441341
 188 -133.7430167597765
 173 -131.731843575419
 86 -129.7206703910614
 220 -127.7094972067039
 200 -125.6983240223464
 70 -123.6871508379888
 197 -121.6759776536313
 236 -119.6648044692737
 2 -117.6536312849162
 125 -115.6424581005587
 125 -113.6312849162011
 131 -111.6201117318436
 23 -109.608938547486
 51 -107.5977653631285
 26 -105.5865921787709
 17 -103.5754189944134
 3 -101.5642458100559
 0 -99.55307262569832
 0 -97.54189944134077
 6 -95.53072625698323
 11 -93.5195530726257
 8741 -91.50837988826815
 16 -89.49720670391061
 8 -87.48603351955308
 2 -85.47486033519553
 0 -83.46368715083798
 4 -81.45251396648044
 9 -79.44134078212289
 7 -77.43016759776536
 62 -75.41899441340782
 36 -73.40782122905027
 53 -71.39664804469274
 141 -69.38547486033519
 94 -67.37430167597765
 102 -65.3631284916201
 46 -63.35195530726256
 280 -61.34078212290503
 135 -59.32960893854748
 232 -57.31843575418993
 98 -55.3072625698324
 74 -53.29608938547486
 259 -51.28491620111731
 55 -49.27374301675977
 129 -47.26256983240222
 3 -45.25139664804468
 333 -43.24022346368713
 2 -41.22905027932961
 171 -39.21787709497207
 302 -37.20670391061452
 506 -35.19553072625698
 120 -33.18435754189943
 75 -31.17318435754188
 177 -29.16201117318434
 10 -27.15083798882682
 66 -25.13966480446928
 605 -23.12849162011173
 138 -21.11731843575419
 60 -19.10614525139664
 16 -17.09497206703909
 44 -15.08379888268155
 151 -13.072625698324
 9 -11.06145251396646
 619 -9.050279329608941
 2 -7.039106145251395
 143 -5.02793296089385
 28 -3.016759776536304
 5 -1.005586592178759
 27 1.005586592178787
 131 3.016759776536333
 5 5.02793296089385
 565 7.039106145251395
 7 9.050279329608941
 122 11.06145251396649
 38 13.07262569832403
 8 15.08379888268158
 47 17.09497206703912
 131 19.10614525139667
 574 21.11731843575421
 62 23.12849162011173
 95 25.13966480446928
 88 27.15083798882682
 69 29.16201117318437
 205 31.17318435754191
 371 33.18435754189946
 285 35.195530726257
 154 37.20670391061452
 35 39.21787709497207
 295 41.22905027932961
 1 43.24022346368716
 127 45.2513966480447
 62 47.26256983240225
 256 49.27374301675979
 102 51.28491620111734
 190 53.29608938547489
 89 55.3072625698324
 157 57.31843575418995
 264 59.32960893854749
 61 61.34078212290504
 122 63.35195530726259
 80 65.36312849162013
 132 67.37430167597768
 53 69.38547486033519
 27 71.39664804469274
 42 73.40782122905028
 4 75.41899441340783
 10 77.43016759776538
 1 79.44134078212289
 1 81.45251396648047
 3 83.46368715083798
 5 85.47486033519556
 17 87.48603351955308
 7898 89.49720670391065
 9 91.50837988826817
 3 93.51955307262574
 1 95.53072625698326
 1 97.54189944134077
 3 99.55307262569835
 8 101.5642458100559
 24 103.5754189944134
 47 105.586592178771
 18 107.5977653631285
 139 109.608938547486
 126 111.6201117318436
 144 113.6312849162011
 4 115.6424581005587
 212 117.6536312849162
 194 119.6648044692737
 93 121.6759776536313
 208 123.6871508379888
 179 125.6983240223464
 91 127.7094972067039
 183 129.7206703910614
 210 131.731843575419
 3 133.7430167597765
 143 135.7541899441341
 170 137.7653631284916
 89 139.7765363128492
 139 141.7877094972067
 497 143.7988826815642
 137 145.8100558659218
 214 147.8212290502793
 44 149.8324022346369
 118 151.8435754189944
 69 153.854748603352
 538 155.8659217877095
 56 157.8770949720671
 150 159.8882681564246
 72 161.8994413407821
 64 163.9106145251397
 30 165.9217877094972
 116 167.9329608938548
 216 169.9441340782123
 348 171.9553072625699
 2 173.9664804469274
 176 175.9776536312849
 2 177.9888268156425
 0 180


