# Created by Octave 3.8.2, Sat Jun 20 03:52:17 2020 CEST <damian@fptrucha.inv.usc.es>
# name: hd
# type: matrix
# rows: 180
# columns: 2
 3 -180
 179 -177.9888268156425
 6 -175.9776536312849
 408 -173.9664804469274
 285 -171.9553072625698
 158 -169.9441340782123
 30 -167.9329608938548
 34 -165.9217877094972
 70 -163.9106145251397
 162 -161.8994413407821
 44 -159.8882681564246
 714 -157.877094972067
 57 -155.8659217877095
 135 -153.854748603352
 55 -151.8435754189944
 74 -149.8324022346369
 273 -147.8212290502793
 677 -145.8100558659218
 153 -143.7988826815642
 117 -141.7877094972067
 191 -139.7765363128491
 130 -137.7653631284916
 2 -135.7541899441341
 207 -133.7430167597765
 211 -131.731843575419
 96 -129.7206703910614
 220 -127.7094972067039
 252 -125.6983240223464
 123 -123.6871508379888
 248 -121.6759776536313
 225 -119.6648044692737
 1 -117.6536312849162
 125 -115.6424581005587
 146 -113.6312849162011
 192 -111.6201117318436
 25 -109.608938547486
 38 -107.5977653631285
 36 -105.5865921787709
 18 -103.5754189944134
 3 -101.5642458100559
 0 -99.55307262569832
 3 -97.54189944134077
 2 -95.53072625698323
 7 -93.5195530726257
 9396 -91.50837988826815
 7 -89.49720670391061
 3 -87.48603351955308
 0 -85.47486033519553
 0 -83.46368715083798
 5 -81.45251396648044
 12 -79.44134078212289
 2 -77.43016759776536
 57 -75.41899441340782
 30 -73.40782122905027
 43 -71.39664804469274
 119 -69.38547486033519
 76 -67.37430167597765
 108 -65.3631284916201
 56 -63.35195530726256
 328 -61.34078212290503
 168 -59.32960893854748
 260 -57.31843575418993
 122 -55.3072625698324
 83 -53.29608938547486
 281 -51.28491620111731
 70 -49.27374301675977
 109 -47.26256983240222
 2 -45.25139664804468
 277 -43.24022346368713
 3 -41.22905027932961
 201 -39.21787709497207
 322 -37.20670391061452
 493 -35.19553072625698
 117 -33.18435754189943
 53 -31.17318435754188
 200 -29.16201117318434
 21 -27.15083798882682
 55 -25.13966480446928
 695 -23.12849162011173
 153 -21.11731843575419
 70 -19.10614525139664
 7 -17.09497206703909
 29 -15.08379888268155
 159 -13.072625698324
 5 -11.06145251396646
 588 -9.050279329608941
 4 -7.039106145251395
 140 -5.02793296089385
 16 -3.016759776536304
 0 -1.005586592178759
 15 1.005586592178787
 134 3.016759776536333
 4 5.02793296089385
 579 7.039106145251395
 17 9.050279329608941
 143 11.06145251396649
 52 13.07262569832403
 4 15.08379888268158
 55 17.09497206703912
 110 19.10614525139667
 567 21.11731843575421
 51 23.12849162011173
 79 25.13966480446928
 106 27.15083798882682
 49 29.16201117318437
 253 31.17318435754191
 358 33.18435754189946
 256 35.195530726257
 177 37.20670391061452
 32 39.21787709497207
 229 41.22905027932961
 2 43.24022346368716
 102 45.2513966480447
 53 47.26256983240225
 227 49.27374301675979
 76 51.28491620111734
 238 53.29608938547489
 90 55.3072625698324
 131 57.31843575418995
 275 59.32960893854749
 53 61.34078212290504
 107 63.35195530726259
 64 65.36312849162013
 77 67.37430167597768
 42 69.38547486033519
 28 71.39664804469274
 45 73.40782122905028
 6 75.41899441340783
 5 77.43016759776538
 1 79.44134078212289
 0 81.45251396648047
 1 83.46368715083798
 2 85.47486033519556
 12 87.48603351955308
 8280 89.49720670391065
 3 91.50837988826817
 1 93.51955307262574
 2 95.53072625698326
 0 97.54189944134077
 3 99.55307262569835
 19 101.5642458100559
 29 103.5754189944134
 30 105.586592178771
 23 107.5977653631285
 96 109.608938547486
 115 111.6201117318436
 127 113.6312849162011
 0 115.6424581005587
 209 117.6536312849162
 165 119.6648044692737
 87 121.6759776536313
 181 123.6871508379888
 172 125.6983240223464
 76 127.7094972067039
 145 129.7206703910614
 169 131.731843575419
 2 133.7430167597765
 130 135.7541899441341
 179 137.7653631284916
 101 139.7765363128492
 150 141.7877094972067
 505 143.7988826815642
 125 145.8100558659218
 235 147.8212290502793
 27 149.8324022346369
 159 151.8435754189944
 67 153.854748603352
 542 155.8659217877095
 37 157.8770949720671
 146 159.8882681564246
 67 161.8994413407821
 58 163.9106145251397
 20 165.9217877094972
 153 167.9329608938548
 253 169.9441340782123
 380 171.9553072625699
 2 173.9664804469274
 139 175.9776536312849
 5 177.9888268156425
 0 180


