# Created by Octave 3.8.2, Mon Jun 22 00:38:54 2020 CEST <damian@fptrucha.inv.usc.es>
# name: hd
# type: matrix
# rows: 180
# columns: 2
 2 -180
 168 -177.9888268156425
 2 -175.9776536312849
 329 -173.9664804469274
 221 -171.9553072625698
 168 -169.9441340782123
 29 -167.9329608938548
 29 -165.9217877094972
 46 -163.9106145251397
 145 -161.8994413407821
 43 -159.8882681564246
 627 -157.877094972067
 56 -155.8659217877095
 122 -153.854748603352
 30 -151.8435754189944
 71 -149.8324022346369
 207 -147.8212290502793
 632 -145.8100558659218
 117 -143.7988826815642
 96 -141.7877094972067
 182 -139.7765363128491
 89 -137.7653631284916
 3 -135.7541899441341
 132 -133.7430167597765
 175 -131.731843575419
 75 -129.7206703910614
 168 -127.7094972067039
 230 -125.6983240223464
 100 -123.6871508379888
 187 -121.6759776536313
 192 -119.6648044692737
 5 -117.6536312849162
 92 -115.6424581005587
 119 -113.6312849162011
 107 -111.6201117318436
 16 -109.608938547486
 31 -107.5977653631285
 21 -105.5865921787709
 4 -103.5754189944134
 4 -101.5642458100559
 1 -99.55307262569832
 1 -97.54189944134077
 1 -95.53072625698323
 6 -93.5195530726257
 8167 -91.50837988826815
 11 -89.49720670391061
 1 -87.48603351955308
 2 -85.47486033519553
 0 -83.46368715083798
 1 -81.45251396648044
 6 -79.44134078212289
 7 -77.43016759776536
 52 -75.41899441340782
 20 -73.40782122905027
 64 -71.39664804469274
 131 -69.38547486033519
 60 -67.37430167597765
 104 -65.3631284916201
 54 -63.35195530726256
 280 -61.34078212290503
 147 -59.32960893854748
 224 -57.31843575418993
 127 -55.3072625698324
 88 -53.29608938547486
 218 -51.28491620111731
 59 -49.27374301675977
 97 -47.26256983240222
 2 -45.25139664804468
 269 -43.24022346368713
 2 -41.22905027932961
 153 -39.21787709497207
 316 -37.20670391061452
 473 -35.19553072625698
 126 -33.18435754189943
 51 -31.17318435754188
 142 -29.16201117318434
 2 -27.15083798882682
 50 -25.13966480446928
 613 -23.12849162011173
 155 -21.11731843575419
 56 -19.10614525139664
 6 -17.09497206703909
 33 -15.08379888268155
 172 -13.072625698324
 7 -11.06145251396646
 581 -9.050279329608941
 3 -7.039106145251395
 136 -5.02793296089385
 13 -3.016759776536304
 4 -1.005586592178759
 24 1.005586592178787
 122 3.016759776536333
 0 5.02793296089385
 526 7.039106145251395
 5 9.050279329608941
 141 11.06145251396649
 49 13.07262569832403
 7 15.08379888268158
 64 17.09497206703912
 122 19.10614525139667
 546 21.11731843575421
 57 23.12849162011173
 94 25.13966480446928
 90 27.15083798882682
 56 29.16201117318437
 197 31.17318435754191
 294 33.18435754189946
 207 35.195530726257
 161 37.20670391061452
 31 39.21787709497207
 288 41.22905027932961
 0 43.24022346368716
 105 45.2513966480447
 57 47.26256983240225
 198 49.27374301675979
 82 51.28491620111734
 188 53.29608938547489
 74 55.3072625698324
 118 57.31843575418995
 253 59.32960893854749
 59 61.34078212290504
 108 63.35195530726259
 67 65.36312849162013
 94 67.37430167597768
 48 69.38547486033519
 34 71.39664804469274
 40 73.40782122905028
 4 75.41899441340783
 7 77.43016759776538
 3 79.44134078212289
 0 81.45251396648047
 0 83.46368715083798
 3 85.47486033519556
 8 87.48603351955308
 7626 89.49720670391065
 4 91.50837988826817
 3 93.51955307262574
 0 95.53072625698326
 1 97.54189944134077
 1 99.55307262569835
 10 101.5642458100559
 30 103.5754189944134
 38 105.586592178771
 20 107.5977653631285
 112 109.608938547486
 94 111.6201117318436
 109 113.6312849162011
 4 115.6424581005587
 218 117.6536312849162
 162 119.6648044692737
 91 121.6759776536313
 137 123.6871508379888
 162 125.6983240223464
 71 127.7094972067039
 130 129.7206703910614
 171 131.731843575419
 3 133.7430167597765
 119 135.7541899441341
 155 137.7653631284916
 97 139.7765363128492
 156 141.7877094972067
 459 143.7988826815642
 130 145.8100558659218
 193 147.8212290502793
 39 149.8324022346369
 140 151.8435754189944
 62 153.854748603352
 488 155.8659217877095
 56 157.8770949720671
 121 159.8882681564246
 53 161.8994413407821
 37 163.9106145251397
 19 165.9217877094972
 99 167.9329608938548
 200 169.9441340782123
 317 171.9553072625699
 3 173.9664804469274
 138 175.9776536312849
 3 177.9888268156425
 0 180


