# Created by Octave 3.8.2, Sat Jun 20 12:39:42 2020 CEST <damian@fptrucha.inv.usc.es>
# name: hd
# type: matrix
# rows: 180
# columns: 2
 2 -180
 154 -177.9888268156425
 1 -175.9776536312849
 409 -173.9664804469274
 262 -171.9553072625698
 170 -169.9441340782123
 37 -167.9329608938548
 40 -165.9217877094972
 64 -163.9106145251397
 189 -161.8994413407821
 46 -159.8882681564246
 676 -157.877094972067
 76 -155.8659217877095
 137 -153.854748603352
 48 -151.8435754189944
 69 -149.8324022346369
 200 -147.8212290502793
 684 -145.8100558659218
 125 -143.7988826815642
 99 -141.7877094972067
 177 -139.7765363128491
 92 -137.7653631284916
 2 -135.7541899441341
 178 -133.7430167597765
 165 -131.731843575419
 96 -129.7206703910614
 198 -127.7094972067039
 234 -125.6983240223464
 98 -123.6871508379888
 197 -121.6759776536313
 224 -119.6648044692737
 5 -117.6536312849162
 101 -115.6424581005587
 120 -113.6312849162011
 130 -111.6201117318436
 13 -109.608938547486
 38 -107.5977653631285
 14 -105.5865921787709
 16 -103.5754189944134
 1 -101.5642458100559
 1 -99.55307262569832
 0 -97.54189944134077
 1 -95.53072625698323
 3 -93.5195530726257
 8689 -91.50837988826815
 10 -89.49720670391061
 0 -87.48603351955308
 2 -85.47486033519553
 0 -83.46368715083798
 1 -81.45251396648044
 8 -79.44134078212289
 8 -77.43016759776536
 45 -75.41899441340782
 25 -73.40782122905027
 52 -71.39664804469274
 122 -69.38547486033519
 66 -67.37430167597765
 115 -65.3631284916201
 46 -63.35195530726256
 278 -61.34078212290503
 151 -59.32960893854748
 242 -57.31843575418993
 115 -55.3072625698324
 68 -53.29608938547486
 233 -51.28491620111731
 54 -49.27374301675977
 119 -47.26256983240222
 2 -45.25139664804468
 265 -43.24022346368713
 3 -41.22905027932961
 170 -39.21787709497207
 349 -37.20670391061452
 518 -35.19553072625698
 102 -33.18435754189943
 50 -31.17318435754188
 186 -29.16201117318434
 15 -27.15083798882682
 56 -25.13966480446928
 645 -23.12849162011173
 169 -21.11731843575419
 51 -19.10614525139664
 17 -17.09497206703909
 46 -15.08379888268155
 156 -13.072625698324
 12 -11.06145251396646
 615 -9.050279329608941
 3 -7.039106145251395
 133 -5.02793296089385
 22 -3.016759776536304
 3 -1.005586592178759
 17 1.005586592178787
 127 3.016759776536333
 2 5.02793296089385
 553 7.039106145251395
 12 9.050279329608941
 160 11.06145251396649
 44 13.07262569832403
 8 15.08379888268158
 69 17.09497206703912
 138 19.10614525139667
 572 21.11731843575421
 66 23.12849162011173
 104 25.13966480446928
 108 27.15083798882682
 61 29.16201117318437
 251 31.17318435754191
 358 33.18435754189946
 238 35.195530726257
 170 37.20670391061452
 34 39.21787709497207
 304 41.22905027932961
 3 43.24022346368716
 129 45.2513966480447
 66 47.26256983240225
 235 49.27374301675979
 78 51.28491620111734
 251 53.29608938547489
 67 55.3072625698324
 139 57.31843575418995
 259 59.32960893854749
 71 61.34078212290504
 124 63.35195530726259
 78 65.36312849162013
 126 67.37430167597768
 57 69.38547486033519
 40 71.39664804469274
 51 73.40782122905028
 5 75.41899441340783
 13 77.43016759776538
 4 79.44134078212289
 1 81.45251396648047
 2 83.46368715083798
 5 85.47486033519556
 12 87.48603351955308
 8392 89.49720670391065
 6 91.50837988826817
 2 93.51955307262574
 2 95.53072625698326
 1 97.54189944134077
 8 99.55307262569835
 18 101.5642458100559
 26 103.5754189944134
 38 105.586592178771
 27 107.5977653631285
 140 109.608938547486
 128 111.6201117318436
 160 113.6312849162011
 2 115.6424581005587
 218 117.6536312849162
 161 119.6648044692737
 86 121.6759776536313
 199 123.6871508379888
 220 125.6983240223464
 106 127.7094972067039
 161 129.7206703910614
 175 131.731843575419
 2 133.7430167597765
 137 135.7541899441341
 182 137.7653631284916
 110 139.7765363128492
 159 141.7877094972067
 535 143.7988826815642
 144 145.8100558659218
 232 147.8212290502793
 56 149.8324022346369
 178 151.8435754189944
 79 153.854748603352
 512 155.8659217877095
 64 157.8770949720671
 133 159.8882681564246
 70 161.8994413407821
 56 163.9106145251397
 17 165.9217877094972
 129 167.9329608938548
 209 169.9441340782123
 381 171.9553072625699
 4 173.9664804469274
 187 175.9776536312849
 3 177.9888268156425
 0 180


