# Created by Octave 3.8.2, Sun Jun 21 04:42:55 2020 CEST <damian@fptrucha.inv.usc.es>
# name: hd
# type: matrix
# rows: 180
# columns: 2
 6 -180
 178 -177.9888268156425
 1 -175.9776536312849
 364 -173.9664804469274
 236 -171.9553072625698
 178 -169.9441340782123
 30 -167.9329608938548
 39 -165.9217877094972
 64 -163.9106145251397
 160 -161.8994413407821
 38 -159.8882681564246
 587 -157.877094972067
 64 -155.8659217877095
 130 -153.854748603352
 51 -151.8435754189944
 54 -149.8324022346369
 189 -147.8212290502793
 652 -145.8100558659218
 132 -143.7988826815642
 83 -141.7877094972067
 198 -139.7765363128491
 97 -137.7653631284916
 5 -135.7541899441341
 148 -133.7430167597765
 153 -131.731843575419
 113 -129.7206703910614
 166 -127.7094972067039
 221 -125.6983240223464
 96 -123.6871508379888
 195 -121.6759776536313
 176 -119.6648044692737
 3 -117.6536312849162
 102 -115.6424581005587
 113 -113.6312849162011
 111 -111.6201117318436
 24 -109.608938547486
 39 -107.5977653631285
 27 -105.5865921787709
 16 -103.5754189944134
 2 -101.5642458100559
 0 -99.55307262569832
 0 -97.54189944134077
 3 -95.53072625698323
 6 -93.5195530726257
 8078 -91.50837988826815
 7 -89.49720670391061
 2 -87.48603351955308
 1 -85.47486033519553
 0 -83.46368715083798
 1 -81.45251396648044
 9 -79.44134078212289
 4 -77.43016759776536
 57 -75.41899441340782
 17 -73.40782122905027
 47 -71.39664804469274
 113 -69.38547486033519
 59 -67.37430167597765
 102 -65.3631284916201
 52 -63.35195530726256
 282 -61.34078212290503
 145 -59.32960893854748
 199 -57.31843575418993
 99 -55.3072625698324
 64 -53.29608938547486
 219 -51.28491620111731
 49 -49.27374301675977
 98 -47.26256983240222
 3 -45.25139664804468
 261 -43.24022346368713
 3 -41.22905027932961
 156 -39.21787709497207
 344 -37.20670391061452
 485 -35.19553072625698
 117 -33.18435754189943
 56 -31.17318435754188
 136 -29.16201117318434
 12 -27.15083798882682
 59 -25.13966480446928
 595 -23.12849162011173
 133 -21.11731843575419
 55 -19.10614525139664
 11 -17.09497206703909
 47 -15.08379888268155
 152 -13.072625698324
 6 -11.06145251396646
 540 -9.050279329608941
 3 -7.039106145251395
 119 -5.02793296089385
 25 -3.016759776536304
 3 -1.005586592178759
 19 1.005586592178787
 136 3.016759776536333
 4 5.02793296089385
 543 7.039106145251395
 8 9.050279329608941
 140 11.06145251396649
 51 13.07262569832403
 13 15.08379888268158
 53 17.09497206703912
 106 19.10614525139667
 521 21.11731843575421
 50 23.12849162011173
 98 25.13966480446928
 110 27.15083798882682
 51 29.16201117318437
 220 31.17318435754191
 291 33.18435754189946
 214 35.195530726257
 165 37.20670391061452
 27 39.21787709497207
 278 41.22905027932961
 0 43.24022346368716
 136 45.2513966480447
 62 47.26256983240225
 220 49.27374301675979
 72 51.28491620111734
 208 53.29608938547489
 77 55.3072625698324
 132 57.31843575418995
 255 59.32960893854749
 72 61.34078212290504
 118 63.35195530726259
 76 65.36312849162013
 110 67.37430167597768
 42 69.38547486033519
 30 71.39664804469274
 43 73.40782122905028
 6 75.41899441340783
 5 77.43016759776538
 1 79.44134078212289
 1 81.45251396648047
 2 83.46368715083798
 4 85.47486033519556
 10 87.48603351955308
 7469 89.49720670391065
 8 91.50837988826817
 3 93.51955307262574
 0 95.53072625698326
 1 97.54189944134077
 0 99.55307262569835
 8 101.5642458100559
 18 103.5754189944134
 46 105.586592178771
 16 107.5977653631285
 106 109.608938547486
 125 111.6201117318436
 97 113.6312849162011
 2 115.6424581005587
 190 117.6536312849162
 140 119.6648044692737
 98 121.6759776536313
 157 123.6871508379888
 155 125.6983240223464
 87 127.7094972067039
 149 129.7206703910614
 185 131.731843575419
 3 133.7430167597765
 102 135.7541899441341
 178 137.7653631284916
 102 139.7765363128492
 128 141.7877094972067
 487 143.7988826815642
 101 145.8100558659218
 199 147.8212290502793
 40 149.8324022346369
 143 151.8435754189944
 66 153.854748603352
 434 155.8659217877095
 52 157.8770949720671
 114 159.8882681564246
 68 161.8994413407821
 46 163.9106145251397
 12 165.9217877094972
 134 167.9329608938548
 217 169.9441340782123
 342 171.9553072625699
 3 173.9664804469274
 124 175.9776536312849
 2 177.9888268156425
 0 180


