# Created by Octave 3.8.2, Sun Jun 21 02:29:12 2020 CEST <damian@fptrucha.inv.usc.es>
# name: hd
# type: matrix
# rows: 180
# columns: 2
 2 -180
 151 -177.9888268156425
 2 -175.9776536312849
 346 -173.9664804469274
 242 -171.9553072625698
 160 -169.9441340782123
 34 -167.9329608938548
 29 -165.9217877094972
 47 -163.9106145251397
 176 -161.8994413407821
 34 -159.8882681564246
 610 -157.877094972067
 63 -155.8659217877095
 133 -153.854748603352
 40 -151.8435754189944
 56 -149.8324022346369
 209 -147.8212290502793
 641 -145.8100558659218
 118 -143.7988826815642
 95 -141.7877094972067
 196 -139.7765363128491
 95 -137.7653631284916
 2 -135.7541899441341
 162 -133.7430167597765
 145 -131.731843575419
 75 -129.7206703910614
 163 -127.7094972067039
 197 -125.6983240223464
 106 -123.6871508379888
 189 -121.6759776536313
 188 -119.6648044692737
 2 -117.6536312849162
 117 -115.6424581005587
 116 -113.6312849162011
 128 -111.6201117318436
 17 -109.608938547486
 30 -107.5977653631285
 26 -105.5865921787709
 10 -103.5754189944134
 1 -101.5642458100559
 2 -99.55307262569832
 1 -97.54189944134077
 1 -95.53072625698323
 6 -93.5195530726257
 8153 -91.50837988826815
 10 -89.49720670391061
 1 -87.48603351955308
 0 -85.47486033519553
 0 -83.46368715083798
 2 -81.45251396648044
 7 -79.44134078212289
 3 -77.43016759776536
 38 -75.41899441340782
 21 -73.40782122905027
 57 -71.39664804469274
 127 -69.38547486033519
 67 -67.37430167597765
 95 -65.3631284916201
 56 -63.35195530726256
 292 -61.34078212290503
 140 -59.32960893854748
 216 -57.31843575418993
 85 -55.3072625698324
 76 -53.29608938547486
 210 -51.28491620111731
 61 -49.27374301675977
 104 -47.26256983240222
 2 -45.25139664804468
 278 -43.24022346368713
 3 -41.22905027932961
 167 -39.21787709497207
 265 -37.20670391061452
 451 -35.19553072625698
 104 -33.18435754189943
 62 -31.17318435754188
 148 -29.16201117318434
 4 -27.15083798882682
 54 -25.13966480446928
 633 -23.12849162011173
 150 -21.11731843575419
 43 -19.10614525139664
 17 -17.09497206703909
 34 -15.08379888268155
 161 -13.072625698324
 7 -11.06145251396646
 589 -9.050279329608941
 4 -7.039106145251395
 143 -5.02793296089385
 28 -3.016759776536304
 5 -1.005586592178759
 17 1.005586592178787
 131 3.016759776536333
 2 5.02793296089385
 558 7.039106145251395
 10 9.050279329608941
 131 11.06145251396649
 34 13.07262569832403
 11 15.08379888268158
 49 17.09497206703912
 94 19.10614525139667
 537 21.11731843575421
 59 23.12849162011173
 99 25.13966480446928
 116 27.15083798882682
 62 29.16201117318437
 215 31.17318435754191
 284 33.18435754189946
 229 35.195530726257
 179 37.20670391061452
 41 39.21787709497207
 268 41.22905027932961
 4 43.24022346368716
 128 45.2513966480447
 54 47.26256983240225
 220 49.27374301675979
 73 51.28491620111734
 195 53.29608938547489
 68 55.3072625698324
 155 57.31843575418995
 277 59.32960893854749
 60 61.34078212290504
 112 63.35195530726259
 84 65.36312849162013
 102 67.37430167597768
 46 69.38547486033519
 25 71.39664804469274
 32 73.40782122905028
 7 75.41899441340783
 7 77.43016759776538
 0 79.44134078212289
 1 81.45251396648047
 1 83.46368715083798
 2 85.47486033519556
 8 87.48603351955308
 7505 89.49720670391065
 5 91.50837988826817
 1 93.51955307262574
 2 95.53072625698326
 1 97.54189944134077
 2 99.55307262569835
 11 101.5642458100559
 25 103.5754189944134
 31 105.586592178771
 15 107.5977653631285
 98 109.608938547486
 127 111.6201117318436
 119 113.6312849162011
 3 115.6424581005587
 202 117.6536312849162
 157 119.6648044692737
 76 121.6759776536313
 164 123.6871508379888
 165 125.6983240223464
 92 127.7094972067039
 169 129.7206703910614
 170 131.731843575419
 2 133.7430167597765
 106 135.7541899441341
 185 137.7653631284916
 110 139.7765363128492
 118 141.7877094972067
 495 143.7988826815642
 120 145.8100558659218
 214 147.8212290502793
 50 149.8324022346369
 146 151.8435754189944
 52 153.854748603352
 455 155.8659217877095
 45 157.8770949720671
 124 159.8882681564246
 69 161.8994413407821
 49 163.9106145251397
 21 165.9217877094972
 137 167.9329608938548
 214 169.9441340782123
 337 171.9553072625699
 6 173.9664804469274
 148 175.9776536312849
 2 177.9888268156425
 0 180


