# Created by Octave 3.8.2, Mon Jun 22 12:24:16 2020 CEST <damian@fptrucha.inv.usc.es>
# name: hd
# type: matrix
# rows: 180
# columns: 2
 7 -180
 182 -177.9888268156425
 2 -175.9776536312849
 373 -173.9664804469274
 217 -171.9553072625698
 153 -169.9441340782123
 34 -167.9329608938548
 43 -165.9217877094972
 64 -163.9106145251397
 144 -161.8994413407821
 49 -159.8882681564246
 589 -157.877094972067
 81 -155.8659217877095
 121 -153.854748603352
 50 -151.8435754189944
 77 -149.8324022346369
 211 -147.8212290502793
 548 -145.8100558659218
 121 -143.7988826815642
 105 -141.7877094972067
 171 -139.7765363128491
 121 -137.7653631284916
 2 -135.7541899441341
 160 -133.7430167597765
 146 -131.731843575419
 65 -129.7206703910614
 199 -127.7094972067039
 212 -125.6983240223464
 94 -123.6871508379888
 159 -121.6759776536313
 205 -119.6648044692737
 4 -117.6536312849162
 113 -115.6424581005587
 119 -113.6312849162011
 132 -111.6201117318436
 22 -109.608938547486
 28 -107.5977653631285
 24 -105.5865921787709
 11 -103.5754189944134
 1 -101.5642458100559
 0 -99.55307262569832
 2 -97.54189944134077
 3 -95.53072625698323
 5 -93.5195530726257
 7874 -91.50837988826815
 13 -89.49720670391061
 4 -87.48603351955308
 3 -85.47486033519553
 1 -83.46368715083798
 3 -81.45251396648044
 3 -79.44134078212289
 9 -77.43016759776536
 50 -75.41899441340782
 33 -73.40782122905027
 39 -71.39664804469274
 121 -69.38547486033519
 72 -67.37430167597765
 120 -65.3631284916201
 57 -63.35195530726256
 239 -61.34078212290503
 150 -59.32960893854748
 192 -57.31843575418993
 100 -55.3072625698324
 77 -53.29608938547486
 212 -51.28491620111731
 53 -49.27374301675977
 105 -47.26256983240222
 2 -45.25139664804468
 282 -43.24022346368713
 2 -41.22905027932961
 181 -39.21787709497207
 281 -37.20670391061452
 412 -35.19553072625698
 97 -33.18435754189943
 58 -31.17318435754188
 151 -29.16201117318434
 14 -27.15083798882682
 71 -25.13966480446928
 570 -23.12849162011173
 121 -21.11731843575419
 62 -19.10614525139664
 9 -17.09497206703909
 36 -15.08379888268155
 148 -13.072625698324
 7 -11.06145251396646
 573 -9.050279329608941
 0 -7.039106145251395
 116 -5.02793296089385
 27 -3.016759776536304
 4 -1.005586592178759
 25 1.005586592178787
 138 3.016759776536333
 1 5.02793296089385
 541 7.039106145251395
 7 9.050279329608941
 134 11.06145251396649
 34 13.07262569832403
 15 15.08379888268158
 49 17.09497206703912
 137 19.10614525139667
 540 21.11731843575421
 60 23.12849162011173
 95 25.13966480446928
 84 27.15083798882682
 66 29.16201117318437
 195 31.17318435754191
 344 33.18435754189946
 248 35.195530726257
 141 37.20670391061452
 41 39.21787709497207
 305 41.22905027932961
 2 43.24022346368716
 120 45.2513966480447
 63 47.26256983240225
 218 49.27374301675979
 90 51.28491620111734
 212 53.29608938547489
 86 55.3072625698324
 155 57.31843575418995
 274 59.32960893854749
 50 61.34078212290504
 131 63.35195530726259
 58 65.36312849162013
 103 67.37430167597768
 46 69.38547486033519
 29 71.39664804469274
 46 73.40782122905028
 8 75.41899441340783
 12 77.43016759776538
 1 79.44134078212289
 1 81.45251396648047
 6 83.46368715083798
 5 85.47486033519556
 18 87.48603351955308
 7703 89.49720670391065
 8 91.50837988826817
 3 93.51955307262574
 2 95.53072625698326
 4 97.54189944134077
 2 99.55307262569835
 15 101.5642458100559
 26 103.5754189944134
 52 105.586592178771
 19 107.5977653631285
 115 109.608938547486
 133 111.6201117318436
 122 113.6312849162011
 4 115.6424581005587
 188 117.6536312849162
 160 119.6648044692737
 98 121.6759776536313
 179 123.6871508379888
 205 125.6983240223464
 89 127.7094972067039
 174 129.7206703910614
 182 131.731843575419
 2 133.7430167597765
 135 135.7541899441341
 189 137.7653631284916
 96 139.7765363128492
 131 141.7877094972067
 504 143.7988826815642
 114 145.8100558659218
 214 147.8212290502793
 50 149.8324022346369
 136 151.8435754189944
 62 153.854748603352
 513 155.8659217877095
 49 157.8770949720671
 152 159.8882681564246
 78 161.8994413407821
 42 163.9106145251397
 18 165.9217877094972
 123 167.9329608938548
 234 169.9441340782123
 323 171.9553072625699
 10 173.9664804469274
 166 175.9776536312849
 5 177.9888268156425
 0 180


