# Created by Octave 3.8.2, Sat Jun 20 23:31:12 2020 CEST <damian@fptrucha.inv.usc.es>
# name: hd
# type: matrix
# rows: 180
# columns: 2
 3 -180
 126 -177.9888268156425
 3 -175.9776536312849
 355 -173.9664804469274
 204 -171.9553072625698
 155 -169.9441340782123
 25 -167.9329608938548
 43 -165.9217877094972
 48 -163.9106145251397
 139 -161.8994413407821
 37 -159.8882681564246
 558 -157.877094972067
 54 -155.8659217877095
 125 -153.854748603352
 36 -151.8435754189944
 58 -149.8324022346369
 207 -147.8212290502793
 669 -145.8100558659218
 113 -143.7988826815642
 94 -141.7877094972067
 163 -139.7765363128491
 102 -137.7653631284916
 0 -135.7541899441341
 165 -133.7430167597765
 168 -131.731843575419
 72 -129.7206703910614
 163 -127.7094972067039
 239 -125.6983240223464
 100 -123.6871508379888
 183 -121.6759776536313
 192 -119.6648044692737
 9 -117.6536312849162
 108 -115.6424581005587
 101 -113.6312849162011
 108 -111.6201117318436
 19 -109.608938547486
 39 -107.5977653631285
 26 -105.5865921787709
 6 -103.5754189944134
 1 -101.5642458100559
 1 -99.55307262569832
 0 -97.54189944134077
 2 -95.53072625698323
 3 -93.5195530726257
 7882 -91.50837988826815
 8 -89.49720670391061
 7 -87.48603351955308
 1 -85.47486033519553
 0 -83.46368715083798
 6 -81.45251396648044
 6 -79.44134078212289
 6 -77.43016759776536
 39 -75.41899441340782
 32 -73.40782122905027
 59 -71.39664804469274
 115 -69.38547486033519
 62 -67.37430167597765
 94 -65.3631284916201
 49 -63.35195530726256
 272 -61.34078212290503
 134 -59.32960893854748
 243 -57.31843575418993
 91 -55.3072625698324
 96 -53.29608938547486
 217 -51.28491620111731
 62 -49.27374301675977
 89 -47.26256983240222
 0 -45.25139664804468
 257 -43.24022346368713
 4 -41.22905027932961
 168 -39.21787709497207
 302 -37.20670391061452
 423 -35.19553072625698
 98 -33.18435754189943
 70 -31.17318435754188
 151 -29.16201117318434
 6 -27.15083798882682
 69 -25.13966480446928
 650 -23.12849162011173
 136 -21.11731843575419
 51 -19.10614525139664
 7 -17.09497206703909
 37 -15.08379888268155
 143 -13.072625698324
 6 -11.06145251396646
 572 -9.050279329608941
 4 -7.039106145251395
 125 -5.02793296089385
 21 -3.016759776536304
 2 -1.005586592178759
 22 1.005586592178787
 127 3.016759776536333
 1 5.02793296089385
 556 7.039106145251395
 7 9.050279329608941
 129 11.06145251396649
 43 13.07262569832403
 13 15.08379888268158
 49 17.09497206703912
 117 19.10614525139667
 540 21.11731843575421
 62 23.12849162011173
 105 25.13966480446928
 106 27.15083798882682
 60 29.16201117318437
 258 31.17318435754191
 354 33.18435754189946
 227 35.195530726257
 152 37.20670391061452
 33 39.21787709497207
 271 41.22905027932961
 1 43.24022346368716
 115 45.2513966480447
 72 47.26256983240225
 244 49.27374301675979
 84 51.28491620111734
 218 53.29608938547489
 88 55.3072625698324
 136 57.31843575418995
 279 59.32960893854749
 61 61.34078212290504
 129 63.35195530726259
 82 65.36312849162013
 123 67.37430167597768
 42 69.38547486033519
 30 71.39664804469274
 59 73.40782122905028
 9 75.41899441340783
 5 77.43016759776538
 4 79.44134078212289
 1 81.45251396648047
 1 83.46368715083798
 3 85.47486033519556
 7 87.48603351955308
 7736 89.49720670391065
 5 91.50837988826817
 1 93.51955307262574
 0 95.53072625698326
 0 97.54189944134077
 1 99.55307262569835
 11 101.5642458100559
 17 103.5754189944134
 35 105.586592178771
 22 107.5977653631285
 105 109.608938547486
 109 111.6201117318436
 119 113.6312849162011
 4 115.6424581005587
 197 117.6536312849162
 169 119.6648044692737
 95 121.6759776536313
 163 123.6871508379888
 174 125.6983240223464
 71 127.7094972067039
 177 129.7206703910614
 182 131.731843575419
 3 133.7430167597765
 119 135.7541899441341
 180 137.7653631284916
 109 139.7765363128492
 144 141.7877094972067
 478 143.7988826815642
 130 145.8100558659218
 211 147.8212290502793
 51 149.8324022346369
 159 151.8435754189944
 72 153.854748603352
 448 155.8659217877095
 60 157.8770949720671
 93 159.8882681564246
 74 161.8994413407821
 51 163.9106145251397
 13 165.9217877094972
 132 167.9329608938548
 230 169.9441340782123
 335 171.9553072625699
 4 173.9664804469274
 146 175.9776536312849
 2 177.9888268156425
 0 180


