# Created by Octave 3.8.2, Mon Jun 22 04:20:58 2020 CEST <damian@fptrucha.inv.usc.es>
# name: hd
# type: matrix
# rows: 180
# columns: 2
 4 -180
 170 -177.9888268156425
 5 -175.9776536312849
 348 -173.9664804469274
 206 -171.9553072625698
 133 -169.9441340782123
 39 -167.9329608938548
 46 -165.9217877094972
 64 -163.9106145251397
 152 -161.8994413407821
 45 -159.8882681564246
 522 -157.877094972067
 78 -155.8659217877095
 135 -153.854748603352
 49 -151.8435754189944
 77 -149.8324022346369
 210 -147.8212290502793
 578 -145.8100558659218
 147 -143.7988826815642
 82 -141.7877094972067
 195 -139.7765363128491
 99 -137.7653631284916
 4 -135.7541899441341
 166 -133.7430167597765
 138 -131.731843575419
 68 -129.7206703910614
 164 -127.7094972067039
 191 -125.6983240223464
 77 -123.6871508379888
 194 -121.6759776536313
 163 -119.6648044692737
 6 -117.6536312849162
 108 -115.6424581005587
 114 -113.6312849162011
 125 -111.6201117318436
 24 -109.608938547486
 48 -107.5977653631285
 11 -105.5865921787709
 21 -103.5754189944134
 1 -101.5642458100559
 1 -99.55307262569832
 1 -97.54189944134077
 3 -95.53072625698323
 12 -93.5195530726257
 7076 -91.50837988826815
 17 -89.49720670391061
 3 -87.48603351955308
 4 -85.47486033519553
 0 -83.46368715083798
 4 -81.45251396648044
 7 -79.44134078212289
 10 -77.43016759776536
 52 -75.41899441340782
 36 -73.40782122905027
 56 -71.39664804469274
 129 -69.38547486033519
 77 -67.37430167597765
 114 -65.3631284916201
 47 -63.35195530726256
 259 -61.34078212290503
 129 -59.32960893854748
 172 -57.31843575418993
 88 -55.3072625698324
 57 -53.29608938547486
 243 -51.28491620111731
 51 -49.27374301675977
 129 -47.26256983240222
 3 -45.25139664804468
 277 -43.24022346368713
 6 -41.22905027932961
 151 -39.21787709497207
 272 -37.20670391061452
 421 -35.19553072625698
 103 -33.18435754189943
 55 -31.17318435754188
 150 -29.16201117318434
 15 -27.15083798882682
 62 -25.13966480446928
 505 -23.12849162011173
 131 -21.11731843575419
 53 -19.10614525139664
 22 -17.09497206703909
 41 -15.08379888268155
 136 -13.072625698324
 9 -11.06145251396646
 538 -9.050279329608941
 5 -7.039106145251395
 116 -5.02793296089385
 24 -3.016759776536304
 3 -1.005586592178759
 24 1.005586592178787
 114 3.016759776536333
 2 5.02793296089385
 469 7.039106145251395
 15 9.050279329608941
 112 11.06145251396649
 55 13.07262569832403
 11 15.08379888268158
 62 17.09497206703912
 122 19.10614525139667
 461 21.11731843575421
 54 23.12849162011173
 73 25.13966480446928
 92 27.15083798882682
 58 29.16201117318437
 163 31.17318435754191
 281 33.18435754189946
 223 35.195530726257
 153 37.20670391061452
 39 39.21787709497207
 245 41.22905027932961
 4 43.24022346368716
 122 45.2513966480447
 55 47.26256983240225
 227 49.27374301675979
 88 51.28491620111734
 185 53.29608938547489
 76 55.3072625698324
 158 57.31843575418995
 245 59.32960893854749
 52 61.34078212290504
 96 63.35195530726259
 78 65.36312849162013
 117 67.37430167597768
 49 69.38547486033519
 39 71.39664804469274
 58 73.40782122905028
 12 75.41899441340783
 10 77.43016759776538
 1 79.44134078212289
 0 81.45251396648047
 3 83.46368715083798
 5 85.47486033519556
 13 87.48603351955308
 6619 89.49720670391065
 12 91.50837988826817
 5 93.51955307262574
 1 95.53072625698326
 2 97.54189944134077
 4 99.55307262569835
 16 101.5642458100559
 24 103.5754189944134
 45 105.586592178771
 14 107.5977653631285
 96 109.608938547486
 127 111.6201117318436
 123 113.6312849162011
 7 115.6424581005587
 171 117.6536312849162
 160 119.6648044692737
 85 121.6759776536313
 159 123.6871508379888
 173 125.6983240223464
 58 127.7094972067039
 150 129.7206703910614
 186 131.731843575419
 3 133.7430167597765
 106 135.7541899441341
 150 137.7653631284916
 83 139.7765363128492
 112 141.7877094972067
 423 143.7988826815642
 103 145.8100558659218
 191 147.8212290502793
 38 149.8324022346369
 142 151.8435754189944
 49 153.854748603352
 440 155.8659217877095
 55 157.8770949720671
 147 159.8882681564246
 72 161.8994413407821
 52 163.9106145251397
 21 165.9217877094972
 144 167.9329608938548
 204 169.9441340782123
 326 171.9553072625699
 2 173.9664804469274
 151 175.9776536312849
 7 177.9888268156425
 0 180


