# Created by Octave 3.8.2, Mon Jun 22 08:32:29 2020 CEST <damian@fptrucha.inv.usc.es>
# name: hd
# type: matrix
# rows: 180
# columns: 2
 5 -180
 189 -177.9888268156425
 2 -175.9776536312849
 383 -173.9664804469274
 233 -171.9553072625698
 141 -169.9441340782123
 29 -167.9329608938548
 38 -165.9217877094972
 62 -163.9106145251397
 142 -161.8994413407821
 42 -159.8882681564246
 550 -157.877094972067
 59 -155.8659217877095
 134 -153.854748603352
 45 -151.8435754189944
 76 -149.8324022346369
 225 -147.8212290502793
 507 -145.8100558659218
 130 -143.7988826815642
 93 -141.7877094972067
 170 -139.7765363128491
 117 -137.7653631284916
 4 -135.7541899441341
 165 -133.7430167597765
 154 -131.731843575419
 78 -129.7206703910614
 169 -127.7094972067039
 214 -125.6983240223464
 106 -123.6871508379888
 193 -121.6759776536313
 199 -119.6648044692737
 3 -117.6536312849162
 103 -115.6424581005587
 121 -113.6312849162011
 129 -111.6201117318436
 22 -109.608938547486
 46 -107.5977653631285
 18 -105.5865921787709
 15 -103.5754189944134
 7 -101.5642458100559
 0 -99.55307262569832
 3 -97.54189944134077
 4 -95.53072625698323
 14 -93.5195530726257
 7578 -91.50837988826815
 15 -89.49720670391061
 0 -87.48603351955308
 7 -85.47486033519553
 1 -83.46368715083798
 3 -81.45251396648044
 8 -79.44134078212289
 10 -77.43016759776536
 52 -75.41899441340782
 32 -73.40782122905027
 55 -71.39664804469274
 109 -69.38547486033519
 94 -67.37430167597765
 115 -65.3631284916201
 49 -63.35195530726256
 275 -61.34078212290503
 129 -59.32960893854748
 204 -57.31843575418993
 80 -55.3072625698324
 66 -53.29608938547486
 246 -51.28491620111731
 55 -49.27374301675977
 116 -47.26256983240222
 3 -45.25139664804468
 314 -43.24022346368713
 5 -41.22905027932961
 162 -39.21787709497207
 287 -37.20670391061452
 391 -35.19553072625698
 117 -33.18435754189943
 61 -31.17318435754188
 157 -29.16201117318434
 8 -27.15083798882682
 59 -25.13966480446928
 582 -23.12849162011173
 130 -21.11731843575419
 60 -19.10614525139664
 11 -17.09497206703909
 40 -15.08379888268155
 159 -13.072625698324
 17 -11.06145251396646
 557 -9.050279329608941
 2 -7.039106145251395
 119 -5.02793296089385
 31 -3.016759776536304
 2 -1.005586592178759
 35 1.005586592178787
 135 3.016759776536333
 2 5.02793296089385
 541 7.039106145251395
 11 9.050279329608941
 143 11.06145251396649
 52 13.07262569832403
 10 15.08379888268158
 68 17.09497206703912
 110 19.10614525139667
 504 21.11731843575421
 61 23.12849162011173
 61 25.13966480446928
 90 27.15083798882682
 60 29.16201117318437
 180 31.17318435754191
 317 33.18435754189946
 252 35.195530726257
 134 37.20670391061452
 41 39.21787709497207
 256 41.22905027932961
 1 43.24022346368716
 120 45.2513966480447
 74 47.26256983240225
 209 49.27374301675979
 67 51.28491620111734
 197 53.29608938547489
 69 55.3072625698324
 150 57.31843575418995
 283 59.32960893854749
 46 61.34078212290504
 124 63.35195530726259
 93 65.36312849162013
 102 67.37430167597768
 52 69.38547486033519
 25 71.39664804469274
 39 73.40782122905028
 11 75.41899441340783
 13 77.43016759776538
 0 79.44134078212289
 3 81.45251396648047
 2 83.46368715083798
 4 85.47486033519556
 13 87.48603351955308
 7342 89.49720670391065
 12 91.50837988826817
 3 93.51955307262574
 3 95.53072625698326
 2 97.54189944134077
 3 99.55307262569835
 25 101.5642458100559
 37 103.5754189944134
 49 105.586592178771
 35 107.5977653631285
 108 109.608938547486
 116 111.6201117318436
 132 113.6312849162011
 2 115.6424581005587
 197 117.6536312849162
 169 119.6648044692737
 94 121.6759776536313
 215 123.6871508379888
 190 125.6983240223464
 81 127.7094972067039
 165 129.7206703910614
 207 131.731843575419
 1 133.7430167597765
 119 135.7541899441341
 182 137.7653631284916
 87 139.7765363128492
 138 141.7877094972067
 469 143.7988826815642
 108 145.8100558659218
 194 147.8212290502793
 36 149.8324022346369
 116 151.8435754189944
 55 153.854748603352
 496 155.8659217877095
 51 157.8770949720671
 150 159.8882681564246
 73 161.8994413407821
 37 163.9106145251397
 26 165.9217877094972
 143 167.9329608938548
 238 169.9441340782123
 317 171.9553072625699
 6 173.9664804469274
 152 175.9776536312849
 5 177.9888268156425
 0 180


