# Created by Octave 3.8.2, Mon Jun 22 03:08:45 2020 CEST <damian@fptrucha.inv.usc.es>
# name: hd
# type: matrix
# rows: 180
# columns: 2
 4 -180
 182 -177.9888268156425
 3 -175.9776536312849
 305 -173.9664804469274
 253 -171.9553072625698
 144 -169.9441340782123
 35 -167.9329608938548
 44 -165.9217877094972
 73 -163.9106145251397
 174 -161.8994413407821
 35 -159.8882681564246
 512 -157.877094972067
 74 -155.8659217877095
 130 -153.854748603352
 36 -151.8435754189944
 70 -149.8324022346369
 224 -147.8212290502793
 510 -145.8100558659218
 119 -143.7988826815642
 96 -141.7877094972067
 170 -139.7765363128491
 108 -137.7653631284916
 4 -135.7541899441341
 167 -133.7430167597765
 158 -131.731843575419
 75 -129.7206703910614
 157 -127.7094972067039
 211 -125.6983240223464
 94 -123.6871508379888
 178 -121.6759776536313
 187 -119.6648044692737
 5 -117.6536312849162
 114 -115.6424581005587
 128 -113.6312849162011
 112 -111.6201117318436
 19 -109.608938547486
 38 -107.5977653631285
 26 -105.5865921787709
 18 -103.5754189944134
 2 -101.5642458100559
 5 -99.55307262569832
 1 -97.54189944134077
 3 -95.53072625698323
 7 -93.5195530726257
 7256 -91.50837988826815
 15 -89.49720670391061
 5 -87.48603351955308
 2 -85.47486033519553
 1 -83.46368715083798
 6 -81.45251396648044
 10 -79.44134078212289
 8 -77.43016759776536
 41 -75.41899441340782
 25 -73.40782122905027
 37 -71.39664804469274
 100 -69.38547486033519
 75 -67.37430167597765
 110 -65.3631284916201
 56 -63.35195530726256
 268 -61.34078212290503
 130 -59.32960893854748
 212 -57.31843575418993
 96 -55.3072625698324
 66 -53.29608938547486
 224 -51.28491620111731
 56 -49.27374301675977
 105 -47.26256983240222
 1 -45.25139664804468
 260 -43.24022346368713
 6 -41.22905027932961
 154 -39.21787709497207
 251 -37.20670391061452
 388 -35.19553072625698
 100 -33.18435754189943
 65 -31.17318435754188
 164 -29.16201117318434
 8 -27.15083798882682
 60 -25.13966480446928
 512 -23.12849162011173
 121 -21.11731843575419
 51 -19.10614525139664
 10 -17.09497206703909
 71 -15.08379888268155
 147 -13.072625698324
 9 -11.06145251396646
 549 -9.050279329608941
 2 -7.039106145251395
 131 -5.02793296089385
 32 -3.016759776536304
 1 -1.005586592178759
 21 1.005586592178787
 133 3.016759776536333
 2 5.02793296089385
 501 7.039106145251395
 11 9.050279329608941
 146 11.06145251396649
 48 13.07262569832403
 12 15.08379888268158
 64 17.09497206703912
 116 19.10614525139667
 466 21.11731843575421
 65 23.12849162011173
 87 25.13966480446928
 101 27.15083798882682
 51 29.16201117318437
 216 31.17318435754191
 291 33.18435754189946
 227 35.195530726257
 137 37.20670391061452
 31 39.21787709497207
 263 41.22905027932961
 2 43.24022346368716
 115 45.2513966480447
 64 47.26256983240225
 201 49.27374301675979
 75 51.28491620111734
 152 53.29608938547489
 68 55.3072625698324
 143 57.31843575418995
 240 59.32960893854749
 54 61.34078212290504
 118 63.35195530726259
 77 65.36312849162013
 92 67.37430167597768
 49 69.38547486033519
 28 71.39664804469274
 65 73.40782122905028
 13 75.41899441340783
 6 77.43016759776538
 2 79.44134078212289
 1 81.45251396648047
 3 83.46368715083798
 4 85.47486033519556
 11 87.48603351955308
 7091 89.49720670391065
 8 91.50837988826817
 5 93.51955307262574
 1 95.53072625698326
 1 97.54189944134077
 4 99.55307262569835
 12 101.5642458100559
 23 103.5754189944134
 49 105.586592178771
 27 107.5977653631285
 100 109.608938547486
 101 111.6201117318436
 121 113.6312849162011
 7 115.6424581005587
 191 117.6536312849162
 200 119.6648044692737
 84 121.6759776536313
 187 123.6871508379888
 179 125.6983240223464
 68 127.7094972067039
 163 129.7206703910614
 189 131.731843575419
 1 133.7430167597765
 106 135.7541899441341
 159 137.7653631284916
 99 139.7765363128492
 124 141.7877094972067
 432 143.7988826815642
 100 145.8100558659218
 189 147.8212290502793
 33 149.8324022346369
 145 151.8435754189944
 47 153.854748603352
 449 155.8659217877095
 46 157.8770949720671
 137 159.8882681564246
 66 161.8994413407821
 58 163.9106145251397
 25 165.9217877094972
 122 167.9329608938548
 218 169.9441340782123
 312 171.9553072625699
 2 173.9664804469274
 139 175.9776536312849
 5 177.9888268156425
 0 180


