# Created by Octave 3.8.2, Mon Jun 22 16:10:28 2020 CEST <damian@fptrucha.inv.usc.es>
# name: hd
# type: matrix
# rows: 180
# columns: 2
 4 -180
 158 -177.9888268156425
 4 -175.9776536312849
 380 -173.9664804469274
 228 -171.9553072625698
 135 -169.9441340782123
 43 -167.9329608938548
 38 -165.9217877094972
 79 -163.9106145251397
 159 -161.8994413407821
 46 -159.8882681564246
 595 -157.877094972067
 83 -155.8659217877095
 117 -153.854748603352
 48 -151.8435754189944
 71 -149.8324022346369
 256 -147.8212290502793
 557 -145.8100558659218
 141 -143.7988826815642
 96 -141.7877094972067
 168 -139.7765363128491
 115 -137.7653631284916
 6 -135.7541899441341
 175 -133.7430167597765
 165 -131.731843575419
 81 -129.7206703910614
 188 -127.7094972067039
 226 -125.6983240223464
 108 -123.6871508379888
 187 -121.6759776536313
 199 -119.6648044692737
 4 -117.6536312849162
 114 -115.6424581005587
 128 -113.6312849162011
 147 -111.6201117318436
 26 -109.608938547486
 46 -107.5977653631285
 34 -105.5865921787709
 18 -103.5754189944134
 3 -101.5642458100559
 0 -99.55307262569832
 0 -97.54189944134077
 4 -95.53072625698323
 14 -93.5195530726257
 8157 -91.50837988826815
 20 -89.49720670391061
 5 -87.48603351955308
 1 -85.47486033519553
 0 -83.46368715083798
 3 -81.45251396648044
 5 -79.44134078212289
 8 -77.43016759776536
 44 -75.41899441340782
 23 -73.40782122905027
 57 -71.39664804469274
 146 -69.38547486033519
 77 -67.37430167597765
 102 -65.3631284916201
 74 -63.35195530726256
 255 -61.34078212290503
 149 -59.32960893854748
 220 -57.31843575418993
 101 -55.3072625698324
 70 -53.29608938547486
 234 -51.28491620111731
 59 -49.27374301675977
 114 -47.26256983240222
 2 -45.25139664804468
 308 -43.24022346368713
 3 -41.22905027932961
 175 -39.21787709497207
 312 -37.20670391061452
 453 -35.19553072625698
 124 -33.18435754189943
 55 -31.17318435754188
 170 -29.16201117318434
 11 -27.15083798882682
 59 -25.13966480446928
 595 -23.12849162011173
 142 -21.11731843575419
 61 -19.10614525139664
 9 -17.09497206703909
 29 -15.08379888268155
 164 -13.072625698324
 14 -11.06145251396646
 590 -9.050279329608941
 3 -7.039106145251395
 151 -5.02793296089385
 27 -3.016759776536304
 4 -1.005586592178759
 21 1.005586592178787
 133 3.016759776536333
 1 5.02793296089385
 601 7.039106145251395
 9 9.050279329608941
 136 11.06145251396649
 44 13.07262569832403
 9 15.08379888268158
 80 17.09497206703912
 118 19.10614525139667
 604 21.11731843575421
 65 23.12849162011173
 97 25.13966480446928
 116 27.15083798882682
 76 29.16201117318437
 247 31.17318435754191
 338 33.18435754189946
 262 35.195530726257
 160 37.20670391061452
 42 39.21787709497207
 322 41.22905027932961
 1 43.24022346368716
 125 45.2513966480447
 57 47.26256983240225
 258 49.27374301675979
 86 51.28491620111734
 208 53.29608938547489
 88 55.3072625698324
 171 57.31843575418995
 276 59.32960893854749
 65 61.34078212290504
 140 63.35195530726259
 82 65.36312849162013
 100 67.37430167597768
 64 69.38547486033519
 42 71.39664804469274
 62 73.40782122905028
 15 75.41899441340783
 11 77.43016759776538
 2 79.44134078212289
 0 81.45251396648047
 1 83.46368715083798
 6 85.47486033519556
 16 87.48603351955308
 7794 89.49720670391065
 10 91.50837988826817
 2 93.51955307262574
 2 95.53072625698326
 1 97.54189944134077
 3 99.55307262569835
 21 101.5642458100559
 31 103.5754189944134
 40 105.586592178771
 18 107.5977653631285
 131 109.608938547486
 119 111.6201117318436
 140 113.6312849162011
 4 115.6424581005587
 202 117.6536312849162
 180 119.6648044692737
 87 121.6759776536313
 207 123.6871508379888
 203 125.6983240223464
 104 127.7094972067039
 192 129.7206703910614
 211 131.731843575419
 5 133.7430167597765
 118 135.7541899441341
 244 137.7653631284916
 95 139.7765363128492
 155 141.7877094972067
 536 143.7988826815642
 119 145.8100558659218
 201 147.8212290502793
 45 149.8324022346369
 166 151.8435754189944
 51 153.854748603352
 495 155.8659217877095
 55 157.8770949720671
 144 159.8882681564246
 71 161.8994413407821
 46 163.9106145251397
 16 165.9217877094972
 132 167.9329608938548
 225 169.9441340782123
 375 171.9553072625699
 5 173.9664804469274
 145 175.9776536312849
 3 177.9888268156425
 0 180


