# Created by Octave 3.8.2, Sat Jun 20 23:09:21 2020 CEST <damian@fptrucha.inv.usc.es>
# name: hd
# type: matrix
# rows: 180
# columns: 2
 3 -180
 146 -177.9888268156425
 1 -175.9776536312849
 350 -173.9664804469274
 212 -171.9553072625698
 146 -169.9441340782123
 24 -167.9329608938548
 50 -165.9217877094972
 48 -163.9106145251397
 159 -161.8994413407821
 38 -159.8882681564246
 570 -157.877094972067
 51 -155.8659217877095
 115 -153.854748603352
 31 -151.8435754189944
 64 -149.8324022346369
 190 -147.8212290502793
 586 -145.8100558659218
 113 -143.7988826815642
 99 -141.7877094972067
 169 -139.7765363128491
 106 -137.7653631284916
 5 -135.7541899441341
 146 -133.7430167597765
 159 -131.731843575419
 71 -129.7206703910614
 152 -127.7094972067039
 194 -125.6983240223464
 93 -123.6871508379888
 184 -121.6759776536313
 157 -119.6648044692737
 3 -117.6536312849162
 81 -115.6424581005587
 115 -113.6312849162011
 93 -111.6201117318436
 16 -109.608938547486
 24 -107.5977653631285
 24 -105.5865921787709
 11 -103.5754189944134
 0 -101.5642458100559
 0 -99.55307262569832
 1 -97.54189944134077
 1 -95.53072625698323
 6 -93.5195530726257
 8071 -91.50837988826815
 7 -89.49720670391061
 1 -87.48603351955308
 4 -85.47486033519553
 0 -83.46368715083798
 0 -81.45251396648044
 8 -79.44134078212289
 3 -77.43016759776536
 43 -75.41899441340782
 20 -73.40782122905027
 49 -71.39664804469274
 126 -69.38547486033519
 68 -67.37430167597765
 95 -65.3631284916201
 44 -63.35195530726256
 265 -61.34078212290503
 139 -59.32960893854748
 187 -57.31843575418993
 103 -55.3072625698324
 80 -53.29608938547486
 215 -51.28491620111731
 63 -49.27374301675977
 104 -47.26256983240222
 1 -45.25139664804468
 253 -43.24022346368713
 1 -41.22905027932961
 150 -39.21787709497207
 302 -37.20670391061452
 458 -35.19553072625698
 103 -33.18435754189943
 51 -31.17318435754188
 140 -29.16201117318434
 10 -27.15083798882682
 38 -25.13966480446928
 674 -23.12849162011173
 114 -21.11731843575419
 57 -19.10614525139664
 2 -17.09497206703909
 28 -15.08379888268155
 165 -13.072625698324
 7 -11.06145251396646
 587 -9.050279329608941
 2 -7.039106145251395
 121 -5.02793296089385
 19 -3.016759776536304
 2 -1.005586592178759
 18 1.005586592178787
 148 3.016759776536333
 1 5.02793296089385
 567 7.039106145251395
 13 9.050279329608941
 126 11.06145251396649
 47 13.07262569832403
 19 15.08379888268158
 56 17.09497206703912
 124 19.10614525139667
 495 21.11731843575421
 67 23.12849162011173
 97 25.13966480446928
 115 27.15083798882682
 68 29.16201117318437
 218 31.17318435754191
 326 33.18435754189946
 198 35.195530726257
 136 37.20670391061452
 38 39.21787709497207
 262 41.22905027932961
 2 43.24022346368716
 109 45.2513966480447
 58 47.26256983240225
 230 49.27374301675979
 85 51.28491620111734
 190 53.29608938547489
 95 55.3072625698324
 133 57.31843575418995
 241 59.32960893854749
 57 61.34078212290504
 108 63.35195530726259
 82 65.36312849162013
 107 67.37430167597768
 44 69.38547486033519
 31 71.39664804469274
 41 73.40782122905028
 3 75.41899441340783
 4 77.43016759776538
 6 79.44134078212289
 0 81.45251396648047
 1 83.46368715083798
 1 85.47486033519556
 11 87.48603351955308
 7547 89.49720670391065
 4 91.50837988826817
 1 93.51955307262574
 1 95.53072625698326
 0 97.54189944134077
 2 99.55307262569835
 16 101.5642458100559
 28 103.5754189944134
 24 105.586592178771
 28 107.5977653631285
 108 109.608938547486
 111 111.6201117318436
 106 113.6312849162011
 1 115.6424581005587
 217 117.6536312849162
 162 119.6648044692737
 98 121.6759776536313
 180 123.6871508379888
 175 125.6983240223464
 77 127.7094972067039
 125 129.7206703910614
 183 131.731843575419
 3 133.7430167597765
 92 135.7541899441341
 206 137.7653631284916
 115 139.7765363128492
 145 141.7877094972067
 454 143.7988826815642
 113 145.8100558659218
 193 147.8212290502793
 57 149.8324022346369
 162 151.8435754189944
 58 153.854748603352
 472 155.8659217877095
 54 157.8770949720671
 105 159.8882681564246
 78 161.8994413407821
 50 163.9106145251397
 16 165.9217877094972
 108 167.9329608938548
 221 169.9441340782123
 306 171.9553072625699
 2 173.9664804469274
 146 175.9776536312849
 3 177.9888268156425
 0 180


