# Created by Octave 3.8.2, Mon Jun 22 01:00:55 2020 CEST <damian@fptrucha.inv.usc.es>
# name: hd
# type: matrix
# rows: 180
# columns: 2
 3 -180
 150 -177.9888268156425
 2 -175.9776536312849
 361 -173.9664804469274
 235 -171.9553072625698
 169 -169.9441340782123
 29 -167.9329608938548
 37 -165.9217877094972
 57 -163.9106145251397
 149 -161.8994413407821
 43 -159.8882681564246
 617 -157.877094972067
 63 -155.8659217877095
 132 -153.854748603352
 45 -151.8435754189944
 78 -149.8324022346369
 209 -147.8212290502793
 631 -145.8100558659218
 133 -143.7988826815642
 76 -141.7877094972067
 186 -139.7765363128491
 112 -137.7653631284916
 1 -135.7541899441341
 153 -133.7430167597765
 157 -131.731843575419
 61 -129.7206703910614
 189 -127.7094972067039
 250 -125.6983240223464
 126 -123.6871508379888
 194 -121.6759776536313
 171 -119.6648044692737
 1 -117.6536312849162
 96 -115.6424581005587
 109 -113.6312849162011
 127 -111.6201117318436
 21 -109.608938547486
 34 -107.5977653631285
 38 -105.5865921787709
 8 -103.5754189944134
 2 -101.5642458100559
 0 -99.55307262569832
 0 -97.54189944134077
 1 -95.53072625698323
 6 -93.5195530726257
 8296 -91.50837988826815
 11 -89.49720670391061
 1 -87.48603351955308
 1 -85.47486033519553
 0 -83.46368715083798
 2 -81.45251396648044
 6 -79.44134078212289
 6 -77.43016759776536
 44 -75.41899441340782
 25 -73.40782122905027
 62 -71.39664804469274
 141 -69.38547486033519
 71 -67.37430167597765
 104 -65.3631284916201
 51 -63.35195530726256
 318 -61.34078212290503
 164 -59.32960893854748
 214 -57.31843575418993
 89 -55.3072625698324
 85 -53.29608938547486
 262 -51.28491620111731
 58 -49.27374301675977
 121 -47.26256983240222
 0 -45.25139664804468
 261 -43.24022346368713
 4 -41.22905027932961
 146 -39.21787709497207
 330 -37.20670391061452
 454 -35.19553072625698
 123 -33.18435754189943
 58 -31.17318435754188
 142 -29.16201117318434
 10 -27.15083798882682
 54 -25.13966480446928
 620 -23.12849162011173
 159 -21.11731843575419
 52 -19.10614525139664
 11 -17.09497206703909
 46 -15.08379888268155
 146 -13.072625698324
 6 -11.06145251396646
 551 -9.050279329608941
 1 -7.039106145251395
 135 -5.02793296089385
 28 -3.016759776536304
 0 -1.005586592178759
 22 1.005586592178787
 131 3.016759776536333
 3 5.02793296089385
 535 7.039106145251395
 15 9.050279329608941
 140 11.06145251396649
 41 13.07262569832403
 16 15.08379888268158
 54 17.09497206703912
 116 19.10614525139667
 559 21.11731843575421
 64 23.12849162011173
 97 25.13966480446928
 103 27.15083798882682
 51 29.16201117318437
 224 31.17318435754191
 317 33.18435754189946
 245 35.195530726257
 160 37.20670391061452
 24 39.21787709497207
 317 41.22905027932961
 3 43.24022346368716
 137 45.2513966480447
 61 47.26256983240225
 240 49.27374301675979
 104 51.28491620111734
 187 53.29608938547489
 90 55.3072625698324
 132 57.31843575418995
 259 59.32960893854749
 65 61.34078212290504
 122 63.35195530726259
 74 65.36312849162013
 125 67.37430167597768
 63 69.38547486033519
 39 71.39664804469274
 48 73.40782122905028
 5 75.41899441340783
 3 77.43016759776538
 4 79.44134078212289
 1 81.45251396648047
 0 83.46368715083798
 1 85.47486033519556
 13 87.48603351955308
 7780 89.49720670391065
 5 91.50837988826817
 0 93.51955307262574
 1 95.53072625698326
 1 97.54189944134077
 4 99.55307262569835
 15 101.5642458100559
 23 103.5754189944134
 41 105.586592178771
 19 107.5977653631285
 114 109.608938547486
 118 111.6201117318436
 149 113.6312849162011
 3 115.6424581005587
 211 117.6536312849162
 164 119.6648044692737
 81 121.6759776536313
 188 123.6871508379888
 178 125.6983240223464
 87 127.7094972067039
 145 129.7206703910614
 175 131.731843575419
 1 133.7430167597765
 134 135.7541899441341
 163 137.7653631284916
 107 139.7765363128492
 128 141.7877094972067
 494 143.7988826815642
 133 145.8100558659218
 193 147.8212290502793
 39 149.8324022346369
 176 151.8435754189944
 72 153.854748603352
 454 155.8659217877095
 47 157.8770949720671
 134 159.8882681564246
 87 161.8994413407821
 66 163.9106145251397
 17 165.9217877094972
 117 167.9329608938548
 208 169.9441340782123
 345 171.9553072625699
 4 173.9664804469274
 157 175.9776536312849
 5 177.9888268156425
 0 180


