# Created by Octave 3.8.2, Sun Jun 21 06:44:19 2020 CEST <damian@fptrucha.inv.usc.es>
# name: hd
# type: matrix
# rows: 180
# columns: 2
 3 -180
 179 -177.9888268156425
 3 -175.9776536312849
 343 -173.9664804469274
 223 -171.9553072625698
 135 -169.9441340782123
 39 -167.9329608938548
 36 -165.9217877094972
 46 -163.9106145251397
 163 -161.8994413407821
 34 -159.8882681564246
 619 -157.877094972067
 63 -155.8659217877095
 112 -153.854748603352
 37 -151.8435754189944
 44 -149.8324022346369
 222 -147.8212290502793
 625 -145.8100558659218
 129 -143.7988826815642
 101 -141.7877094972067
 197 -139.7765363128491
 107 -137.7653631284916
 2 -135.7541899441341
 163 -133.7430167597765
 149 -131.731843575419
 75 -129.7206703910614
 186 -127.7094972067039
 235 -125.6983240223464
 110 -123.6871508379888
 177 -121.6759776536313
 178 -119.6648044692737
 0 -117.6536312849162
 95 -115.6424581005587
 110 -113.6312849162011
 132 -111.6201117318436
 16 -109.608938547486
 30 -107.5977653631285
 11 -105.5865921787709
 7 -103.5754189944134
 5 -101.5642458100559
 1 -99.55307262569832
 0 -97.54189944134077
 3 -95.53072625698323
 2 -93.5195530726257
 8189 -91.50837988826815
 10 -89.49720670391061
 1 -87.48603351955308
 0 -85.47486033519553
 0 -83.46368715083798
 2 -81.45251396648044
 8 -79.44134078212289
 9 -77.43016759776536
 46 -75.41899441340782
 18 -73.40782122905027
 42 -71.39664804469274
 117 -69.38547486033519
 70 -67.37430167597765
 101 -65.3631284916201
 46 -63.35195530726256
 271 -61.34078212290503
 140 -59.32960893854748
 231 -57.31843575418993
 79 -55.3072625698324
 70 -53.29608938547486
 252 -51.28491620111731
 46 -49.27374301675977
 107 -47.26256983240222
 0 -45.25139664804468
 228 -43.24022346368713
 1 -41.22905027932961
 137 -39.21787709497207
 306 -37.20670391061452
 468 -35.19553072625698
 93 -33.18435754189943
 59 -31.17318435754188
 167 -29.16201117318434
 8 -27.15083798882682
 54 -25.13966480446928
 624 -23.12849162011173
 134 -21.11731843575419
 48 -19.10614525139664
 9 -17.09497206703909
 39 -15.08379888268155
 162 -13.072625698324
 5 -11.06145251396646
 593 -9.050279329608941
 1 -7.039106145251395
 123 -5.02793296089385
 19 -3.016759776536304
 2 -1.005586592178759
 21 1.005586592178787
 133 3.016759776536333
 0 5.02793296089385
 539 7.039106145251395
 6 9.050279329608941
 115 11.06145251396649
 35 13.07262569832403
 9 15.08379888268158
 59 17.09497206703912
 106 19.10614525139667
 523 21.11731843575421
 50 23.12849162011173
 78 25.13966480446928
 101 27.15083798882682
 52 29.16201117318437
 214 31.17318435754191
 313 33.18435754189946
 207 35.195530726257
 169 37.20670391061452
 26 39.21787709497207
 298 41.22905027932961
 0 43.24022346368716
 130 45.2513966480447
 61 47.26256983240225
 197 49.27374301675979
 82 51.28491620111734
 195 53.29608938547489
 90 55.3072625698324
 121 57.31843575418995
 264 59.32960893854749
 50 61.34078212290504
 103 63.35195530726259
 75 65.36312849162013
 118 67.37430167597768
 52 69.38547486033519
 30 71.39664804469274
 39 73.40782122905028
 6 75.41899441340783
 9 77.43016759776538
 1 79.44134078212289
 1 81.45251396648047
 0 83.46368715083798
 5 85.47486033519556
 10 87.48603351955308
 7478 89.49720670391065
 4 91.50837988826817
 4 93.51955307262574
 1 95.53072625698326
 0 97.54189944134077
 2 99.55307262569835
 13 101.5642458100559
 20 103.5754189944134
 37 105.586592178771
 14 107.5977653631285
 105 109.608938547486
 114 111.6201117318436
 125 113.6312849162011
 2 115.6424581005587
 191 117.6536312849162
 169 119.6648044692737
 89 121.6759776536313
 182 123.6871508379888
 210 125.6983240223464
 69 127.7094972067039
 158 129.7206703910614
 177 131.731843575419
 4 133.7430167597765
 134 135.7541899441341
 167 137.7653631284916
 91 139.7765363128492
 136 141.7877094972067
 474 143.7988826815642
 132 145.8100558659218
 202 147.8212290502793
 38 149.8324022346369
 137 151.8435754189944
 57 153.854748603352
 461 155.8659217877095
 56 157.8770949720671
 114 159.8882681564246
 62 161.8994413407821
 53 163.9106145251397
 15 165.9217877094972
 123 167.9329608938548
 220 169.9441340782123
 334 171.9553072625699
 1 173.9664804469274
 152 175.9776536312849
 5 177.9888268156425
 0 180


