# Created by Octave 3.8.2, Mon Jun 22 23:56:15 2020 CEST <damian@fptrucha.inv.usc.es>
# name: hd
# type: matrix
# rows: 180
# columns: 2
 0 -180
 179 -177.9888268156425
 3 -175.9776536312849
 407 -173.9664804469274
 279 -171.9553072625698
 156 -169.9441340782123
 43 -167.9329608938548
 50 -165.9217877094972
 73 -163.9106145251397
 180 -161.8994413407821
 36 -159.8882681564246
 657 -157.877094972067
 97 -155.8659217877095
 129 -153.854748603352
 54 -151.8435754189944
 70 -149.8324022346369
 258 -147.8212290502793
 624 -145.8100558659218
 147 -143.7988826815642
 108 -141.7877094972067
 225 -139.7765363128491
 125 -137.7653631284916
 4 -135.7541899441341
 168 -133.7430167597765
 180 -131.731843575419
 84 -129.7206703910614
 200 -127.7094972067039
 264 -125.6983240223464
 95 -123.6871508379888
 209 -121.6759776536313
 218 -119.6648044692737
 5 -117.6536312849162
 137 -115.6424581005587
 128 -113.6312849162011
 139 -111.6201117318436
 21 -109.608938547486
 43 -107.5977653631285
 37 -105.5865921787709
 15 -103.5754189944134
 1 -101.5642458100559
 0 -99.55307262569832
 4 -97.54189944134077
 2 -95.53072625698323
 6 -93.5195530726257
 8681 -91.50837988826815
 13 -89.49720670391061
 3 -87.48603351955308
 2 -85.47486033519553
 0 -83.46368715083798
 8 -81.45251396648044
 9 -79.44134078212289
 7 -77.43016759776536
 55 -75.41899441340782
 20 -73.40782122905027
 53 -71.39664804469274
 136 -69.38547486033519
 73 -67.37430167597765
 133 -65.3631284916201
 64 -63.35195530726256
 306 -61.34078212290503
 151 -59.32960893854748
 254 -57.31843575418993
 102 -55.3072625698324
 66 -53.29608938547486
 265 -51.28491620111731
 74 -49.27374301675977
 141 -47.26256983240222
 1 -45.25139664804468
 332 -43.24022346368713
 3 -41.22905027932961
 190 -39.21787709497207
 340 -37.20670391061452
 517 -35.19553072625698
 155 -33.18435754189943
 71 -31.17318435754188
 157 -29.16201117318434
 11 -27.15083798882682
 58 -25.13966480446928
 645 -23.12849162011173
 129 -21.11731843575419
 63 -19.10614525139664
 15 -17.09497206703909
 50 -15.08379888268155
 175 -13.072625698324
 5 -11.06145251396646
 612 -9.050279329608941
 4 -7.039106145251395
 131 -5.02793296089385
 20 -3.016759776536304
 1 -1.005586592178759
 17 1.005586592178787
 128 3.016759776536333
 7 5.02793296089385
 579 7.039106145251395
 5 9.050279329608941
 158 11.06145251396649
 54 13.07262569832403
 14 15.08379888268158
 49 17.09497206703912
 111 19.10614525139667
 623 21.11731843575421
 61 23.12849162011173
 65 25.13966480446928
 118 27.15083798882682
 67 29.16201117318437
 235 31.17318435754191
 352 33.18435754189946
 263 35.195530726257
 167 37.20670391061452
 47 39.21787709497207
 314 41.22905027932961
 2 43.24022346368716
 130 45.2513966480447
 75 47.26256983240225
 214 49.27374301675979
 98 51.28491620111734
 209 53.29608938547489
 86 55.3072625698324
 150 57.31843575418995
 269 59.32960893854749
 74 61.34078212290504
 110 63.35195530726259
 89 65.36312849162013
 92 67.37430167597768
 51 69.38547486033519
 37 71.39664804469274
 56 73.40782122905028
 4 75.41899441340783
 6 77.43016759776538
 1 79.44134078212289
 1 81.45251396648047
 1 83.46368715083798
 8 85.47486033519556
 13 87.48603351955308
 7975 89.49720670391065
 7 91.50837988826817
 3 93.51955307262574
 1 95.53072625698326
 0 97.54189944134077
 1 99.55307262569835
 19 101.5642458100559
 23 103.5754189944134
 36 105.586592178771
 18 107.5977653631285
 119 109.608938547486
 122 111.6201117318436
 127 113.6312849162011
 1 115.6424581005587
 204 117.6536312849162
 167 119.6648044692737
 102 121.6759776536313
 159 123.6871508379888
 192 125.6983240223464
 94 127.7094972067039
 175 129.7206703910614
 202 131.731843575419
 2 133.7430167597765
 121 135.7541899441341
 172 137.7653631284916
 106 139.7765363128492
 148 141.7877094972067
 529 143.7988826815642
 120 145.8100558659218
 197 147.8212290502793
 51 149.8324022346369
 136 151.8435754189944
 68 153.854748603352
 512 155.8659217877095
 62 157.8770949720671
 116 159.8882681564246
 80 161.8994413407821
 56 163.9106145251397
 24 165.9217877094972
 151 167.9329608938548
 233 169.9441340782123
 325 171.9553072625699
 2 173.9664804469274
 146 175.9776536312849
 7 177.9888268156425
 0 180


