# Created by Octave 3.8.2, Sun Jun 21 04:24:07 2020 CEST <damian@fptrucha.inv.usc.es>
# name: hd
# type: matrix
# rows: 180
# columns: 2
 7 -180
 145 -177.9888268156425
 2 -175.9776536312849
 331 -173.9664804469274
 206 -171.9553072625698
 135 -169.9441340782123
 25 -167.9329608938548
 45 -165.9217877094972
 50 -163.9106145251397
 173 -161.8994413407821
 31 -159.8882681564246
 563 -157.877094972067
 66 -155.8659217877095
 120 -153.854748603352
 38 -151.8435754189944
 72 -149.8324022346369
 199 -147.8212290502793
 667 -145.8100558659218
 124 -143.7988826815642
 77 -141.7877094972067
 173 -139.7765363128491
 98 -137.7653631284916
 3 -135.7541899441341
 156 -133.7430167597765
 166 -131.731843575419
 64 -129.7206703910614
 160 -127.7094972067039
 219 -125.6983240223464
 97 -123.6871508379888
 196 -121.6759776536313
 191 -119.6648044692737
 6 -117.6536312849162
 102 -115.6424581005587
 108 -113.6312849162011
 121 -111.6201117318436
 17 -109.608938547486
 44 -107.5977653631285
 31 -105.5865921787709
 8 -103.5754189944134
 1 -101.5642458100559
 1 -99.55307262569832
 0 -97.54189944134077
 2 -95.53072625698323
 5 -93.5195530726257
 8002 -91.50837988826815
 4 -89.49720670391061
 1 -87.48603351955308
 3 -85.47486033519553
 0 -83.46368715083798
 4 -81.45251396648044
 10 -79.44134078212289
 4 -77.43016759776536
 39 -75.41899441340782
 21 -73.40782122905027
 51 -71.39664804469274
 120 -69.38547486033519
 78 -67.37430167597765
 98 -65.3631284916201
 54 -63.35195530726256
 281 -61.34078212290503
 146 -59.32960893854748
 209 -57.31843575418993
 103 -55.3072625698324
 83 -53.29608938547486
 203 -51.28491620111731
 51 -49.27374301675977
 114 -47.26256983240222
 1 -45.25139664804468
 223 -43.24022346368713
 4 -41.22905027932961
 148 -39.21787709497207
 302 -37.20670391061452
 456 -35.19553072625698
 97 -33.18435754189943
 44 -31.17318435754188
 152 -29.16201117318434
 8 -27.15083798882682
 67 -25.13966480446928
 656 -23.12849162011173
 167 -21.11731843575419
 58 -19.10614525139664
 10 -17.09497206703909
 24 -15.08379888268155
 157 -13.072625698324
 8 -11.06145251396646
 538 -9.050279329608941
 2 -7.039106145251395
 119 -5.02793296089385
 24 -3.016759776536304
 5 -1.005586592178759
 24 1.005586592178787
 111 3.016759776536333
 5 5.02793296089385
 545 7.039106145251395
 5 9.050279329608941
 121 11.06145251396649
 41 13.07262569832403
 10 15.08379888268158
 53 17.09497206703912
 97 19.10614525139667
 463 21.11731843575421
 65 23.12849162011173
 81 25.13966480446928
 95 27.15083798882682
 60 29.16201117318437
 232 31.17318435754191
 314 33.18435754189946
 244 35.195530726257
 153 37.20670391061452
 37 39.21787709497207
 317 41.22905027932961
 1 43.24022346368716
 95 45.2513966480447
 46 47.26256983240225
 200 49.27374301675979
 64 51.28491620111734
 171 53.29608938547489
 93 55.3072625698324
 128 57.31843575418995
 252 59.32960893854749
 60 61.34078212290504
 91 63.35195530726259
 60 65.36312849162013
 107 67.37430167597768
 46 69.38547486033519
 27 71.39664804469274
 37 73.40782122905028
 8 75.41899441340783
 13 77.43016759776538
 0 79.44134078212289
 0 81.45251396648047
 1 83.46368715083798
 7 85.47486033519556
 11 87.48603351955308
 7540 89.49720670391065
 5 91.50837988826817
 5 93.51955307262574
 1 95.53072625698326
 0 97.54189944134077
 1 99.55307262569835
 11 101.5642458100559
 24 103.5754189944134
 44 105.586592178771
 17 107.5977653631285
 116 109.608938547486
 132 111.6201117318436
 103 113.6312849162011
 0 115.6424581005587
 186 117.6536312849162
 160 119.6648044692737
 79 121.6759776536313
 185 123.6871508379888
 178 125.6983240223464
 72 127.7094972067039
 155 129.7206703910614
 157 131.731843575419
 4 133.7430167597765
 116 135.7541899441341
 195 137.7653631284916
 108 139.7765363128492
 142 141.7877094972067
 433 143.7988826815642
 121 145.8100558659218
 190 147.8212290502793
 43 149.8324022346369
 140 151.8435754189944
 75 153.854748603352
 478 155.8659217877095
 63 157.8770949720671
 115 159.8882681564246
 67 161.8994413407821
 45 163.9106145251397
 18 165.9217877094972
 104 167.9329608938548
 205 169.9441340782123
 319 171.9553072625699
 2 173.9664804469274
 141 175.9776536312849
 5 177.9888268156425
 0 180


