# Created by Octave 3.8.2, Mon Jun 22 20:12:28 2020 CEST <damian@fptrucha.inv.usc.es>
# name: hd
# type: matrix
# rows: 180
# columns: 2
 2 -180
 198 -177.9888268156425
 3 -175.9776536312849
 407 -173.9664804469274
 260 -171.9553072625698
 137 -169.9441340782123
 35 -167.9329608938548
 43 -165.9217877094972
 50 -163.9106145251397
 161 -161.8994413407821
 37 -159.8882681564246
 589 -157.877094972067
 62 -155.8659217877095
 142 -153.854748603352
 55 -151.8435754189944
 78 -149.8324022346369
 224 -147.8212290502793
 624 -145.8100558659218
 134 -143.7988826815642
 115 -141.7877094972067
 200 -139.7765363128491
 120 -137.7653631284916
 2 -135.7541899441341
 185 -133.7430167597765
 187 -131.731843575419
 83 -129.7206703910614
 184 -127.7094972067039
 200 -125.6983240223464
 102 -123.6871508379888
 190 -121.6759776536313
 224 -119.6648044692737
 4 -117.6536312849162
 111 -115.6424581005587
 128 -113.6312849162011
 142 -111.6201117318436
 24 -109.608938547486
 53 -107.5977653631285
 24 -105.5865921787709
 13 -103.5754189944134
 0 -101.5642458100559
 1 -99.55307262569832
 2 -97.54189944134077
 2 -95.53072625698323
 9 -93.5195530726257
 8655 -91.50837988826815
 19 -89.49720670391061
 1 -87.48603351955308
 2 -85.47486033519553
 2 -83.46368715083798
 5 -81.45251396648044
 10 -79.44134078212289
 13 -77.43016759776536
 59 -75.41899441340782
 39 -73.40782122905027
 52 -71.39664804469274
 124 -69.38547486033519
 87 -67.37430167597765
 110 -65.3631284916201
 54 -63.35195530726256
 265 -61.34078212290503
 159 -59.32960893854748
 242 -57.31843575418993
 94 -55.3072625698324
 81 -53.29608938547486
 245 -51.28491620111731
 81 -49.27374301675977
 115 -47.26256983240222
 4 -45.25139664804468
 284 -43.24022346368713
 7 -41.22905027932961
 180 -39.21787709497207
 287 -37.20670391061452
 485 -35.19553072625698
 128 -33.18435754189943
 56 -31.17318435754188
 186 -29.16201117318434
 13 -27.15083798882682
 54 -25.13966480446928
 641 -23.12849162011173
 144 -21.11731843575419
 63 -19.10614525139664
 10 -17.09497206703909
 43 -15.08379888268155
 175 -13.072625698324
 14 -11.06145251396646
 599 -9.050279329608941
 5 -7.039106145251395
 148 -5.02793296089385
 26 -3.016759776536304
 3 -1.005586592178759
 20 1.005586592178787
 120 3.016759776536333
 2 5.02793296089385
 632 7.039106145251395
 9 9.050279329608941
 173 11.06145251396649
 51 13.07262569832403
 15 15.08379888268158
 50 17.09497206703912
 150 19.10614525139667
 533 21.11731843575421
 74 23.12849162011173
 85 25.13966480446928
 93 27.15083798882682
 60 29.16201117318437
 207 31.17318435754191
 362 33.18435754189946
 270 35.195530726257
 165 37.20670391061452
 47 39.21787709497207
 300 41.22905027932961
 2 43.24022346368716
 146 45.2513966480447
 58 47.26256983240225
 227 49.27374301675979
 72 51.28491620111734
 189 53.29608938547489
 89 55.3072625698324
 148 57.31843575418995
 276 59.32960893854749
 57 61.34078212290504
 126 63.35195530726259
 62 65.36312849162013
 135 67.37430167597768
 42 69.38547486033519
 31 71.39664804469274
 59 73.40782122905028
 7 75.41899441340783
 12 77.43016759776538
 4 79.44134078212289
 2 81.45251396648047
 1 83.46368715083798
 5 85.47486033519556
 27 87.48603351955308
 7740 89.49720670391065
 11 91.50837988826817
 3 93.51955307262574
 2 95.53072625698326
 0 97.54189944134077
 5 99.55307262569835
 18 101.5642458100559
 25 103.5754189944134
 38 105.586592178771
 21 107.5977653631285
 124 109.608938547486
 127 111.6201117318436
 141 113.6312849162011
 3 115.6424581005587
 213 117.6536312849162
 155 119.6648044692737
 93 121.6759776536313
 176 123.6871508379888
 174 125.6983240223464
 76 127.7094972067039
 174 129.7206703910614
 209 131.731843575419
 1 133.7430167597765
 145 135.7541899441341
 174 137.7653631284916
 91 139.7765363128492
 188 141.7877094972067
 515 143.7988826815642
 136 145.8100558659218
 222 147.8212290502793
 45 149.8324022346369
 159 151.8435754189944
 60 153.854748603352
 510 155.8659217877095
 52 157.8770949720671
 126 159.8882681564246
 81 161.8994413407821
 69 163.9106145251397
 26 165.9217877094972
 128 167.9329608938548
 236 169.9441340782123
 350 171.9553072625699
 5 173.9664804469274
 163 175.9776536312849
 3 177.9888268156425
 0 180


