# Created by Octave 3.8.2, Mon Jun 22 07:00:40 2020 CEST <damian@fptrucha.inv.usc.es>
# name: hd
# type: matrix
# rows: 180
# columns: 2
 6 -180
 183 -177.9888268156425
 8 -175.9776536312849
 328 -173.9664804469274
 219 -171.9553072625698
 137 -169.9441340782123
 34 -167.9329608938548
 40 -165.9217877094972
 58 -163.9106145251397
 138 -161.8994413407821
 56 -159.8882681564246
 497 -157.877094972067
 83 -155.8659217877095
 129 -153.854748603352
 47 -151.8435754189944
 74 -149.8324022346369
 230 -147.8212290502793
 524 -145.8100558659218
 135 -143.7988826815642
 85 -141.7877094972067
 177 -139.7765363128491
 121 -137.7653631284916
 3 -135.7541899441341
 170 -133.7430167597765
 173 -131.731843575419
 81 -129.7206703910614
 171 -127.7094972067039
 181 -125.6983240223464
 69 -123.6871508379888
 158 -121.6759776536313
 217 -119.6648044692737
 1 -117.6536312849162
 114 -115.6424581005587
 101 -113.6312849162011
 108 -111.6201117318436
 23 -109.608938547486
 39 -107.5977653631285
 24 -105.5865921787709
 17 -103.5754189944134
 3 -101.5642458100559
 2 -99.55307262569832
 3 -97.54189944134077
 2 -95.53072625698323
 10 -93.5195530726257
 7332 -91.50837988826815
 17 -89.49720670391061
 1 -87.48603351955308
 5 -85.47486033519553
 1 -83.46368715083798
 5 -81.45251396648044
 9 -79.44134078212289
 9 -77.43016759776536
 48 -75.41899441340782
 32 -73.40782122905027
 55 -71.39664804469274
 118 -69.38547486033519
 78 -67.37430167597765
 89 -65.3631284916201
 48 -63.35195530726256
 222 -61.34078212290503
 151 -59.32960893854748
 219 -57.31843575418993
 72 -55.3072625698324
 63 -53.29608938547486
 227 -51.28491620111731
 61 -49.27374301675977
 110 -47.26256983240222
 3 -45.25139664804468
 271 -43.24022346368713
 3 -41.22905027932961
 135 -39.21787709497207
 262 -37.20670391061452
 399 -35.19553072625698
 121 -33.18435754189943
 45 -31.17318435754188
 171 -29.16201117318434
 3 -27.15083798882682
 81 -25.13966480446928
 537 -23.12849162011173
 116 -21.11731843575419
 62 -19.10614525139664
 12 -17.09497206703909
 46 -15.08379888268155
 176 -13.072625698324
 3 -11.06145251396646
 545 -9.050279329608941
 2 -7.039106145251395
 104 -5.02793296089385
 24 -3.016759776536304
 3 -1.005586592178759
 37 1.005586592178787
 127 3.016759776536333
 4 5.02793296089385
 551 7.039106145251395
 8 9.050279329608941
 136 11.06145251396649
 50 13.07262569832403
 13 15.08379888268158
 50 17.09497206703912
 128 19.10614525139667
 487 21.11731843575421
 46 23.12849162011173
 77 25.13966480446928
 103 27.15083798882682
 56 29.16201117318437
 205 31.17318435754191
 330 33.18435754189946
 233 35.195530726257
 129 37.20670391061452
 41 39.21787709497207
 226 41.22905027932961
 3 43.24022346368716
 120 45.2513966480447
 62 47.26256983240225
 228 49.27374301675979
 74 51.28491620111734
 211 53.29608938547489
 79 55.3072625698324
 128 57.31843575418995
 253 59.32960893854749
 53 61.34078212290504
 125 63.35195530726259
 68 65.36312849162013
 109 67.37430167597768
 47 69.38547486033519
 28 71.39664804469274
 54 73.40782122905028
 13 75.41899441340783
 11 77.43016759776538
 1 79.44134078212289
 2 81.45251396648047
 2 83.46368715083798
 5 85.47486033519556
 13 87.48603351955308
 7079 89.49720670391065
 5 91.50837988826817
 3 93.51955307262574
 0 95.53072625698326
 0 97.54189944134077
 5 99.55307262569835
 15 101.5642458100559
 38 103.5754189944134
 42 105.586592178771
 20 107.5977653631285
 99 109.608938547486
 112 111.6201117318436
 129 113.6312849162011
 5 115.6424581005587
 189 117.6536312849162
 180 119.6648044692737
 100 121.6759776536313
 172 123.6871508379888
 183 125.6983240223464
 81 127.7094972067039
 169 129.7206703910614
 181 131.731843575419
 2 133.7430167597765
 129 135.7541899441341
 172 137.7653631284916
 98 139.7765363128492
 122 141.7877094972067
 498 143.7988826815642
 106 145.8100558659218
 194 147.8212290502793
 44 149.8324022346369
 126 151.8435754189944
 60 153.854748603352
 432 155.8659217877095
 45 157.8770949720671
 140 159.8882681564246
 60 161.8994413407821
 44 163.9106145251397
 26 165.9217877094972
 127 167.9329608938548
 225 169.9441340782123
 335 171.9553072625699
 0 173.9664804469274
 164 175.9776536312849
 6 177.9888268156425
 0 180


