# Created by Octave 3.8.2, Mon Jun 22 22:06:11 2020 CEST <damian@fptrucha.inv.usc.es>
# name: hd
# type: matrix
# rows: 180
# columns: 2
 7 -180
 190 -177.9888268156425
 5 -175.9776536312849
 386 -173.9664804469274
 247 -171.9553072625698
 147 -169.9441340782123
 34 -167.9329608938548
 50 -165.9217877094972
 81 -163.9106145251397
 161 -161.8994413407821
 45 -159.8882681564246
 585 -157.877094972067
 69 -155.8659217877095
 135 -153.854748603352
 55 -151.8435754189944
 75 -149.8324022346369
 216 -147.8212290502793
 589 -145.8100558659218
 129 -143.7988826815642
 112 -141.7877094972067
 187 -139.7765363128491
 135 -137.7653631284916
 3 -135.7541899441341
 165 -133.7430167597765
 173 -131.731843575419
 92 -129.7206703910614
 220 -127.7094972067039
 237 -125.6983240223464
 114 -123.6871508379888
 199 -121.6759776536313
 218 -119.6648044692737
 5 -117.6536312849162
 131 -115.6424581005587
 147 -113.6312849162011
 130 -111.6201117318436
 23 -109.608938547486
 48 -107.5977653631285
 20 -105.5865921787709
 10 -103.5754189944134
 6 -101.5642458100559
 0 -99.55307262569832
 6 -97.54189944134077
 3 -95.53072625698323
 13 -93.5195530726257
 8579 -91.50837988826815
 9 -89.49720670391061
 5 -87.48603351955308
 3 -85.47486033519553
 0 -83.46368715083798
 4 -81.45251396648044
 8 -79.44134078212289
 8 -77.43016759776536
 50 -75.41899441340782
 39 -73.40782122905027
 56 -71.39664804469274
 124 -69.38547486033519
 82 -67.37430167597765
 98 -65.3631284916201
 64 -63.35195530726256
 299 -61.34078212290503
 159 -59.32960893854748
 224 -57.31843575418993
 123 -55.3072625698324
 79 -53.29608938547486
 233 -51.28491620111731
 53 -49.27374301675977
 121 -47.26256983240222
 1 -45.25139664804468
 295 -43.24022346368713
 4 -41.22905027932961
 164 -39.21787709497207
 283 -37.20670391061452
 461 -35.19553072625698
 123 -33.18435754189943
 51 -31.17318435754188
 183 -29.16201117318434
 10 -27.15083798882682
 62 -25.13966480446928
 640 -23.12849162011173
 155 -21.11731843575419
 50 -19.10614525139664
 15 -17.09497206703909
 43 -15.08379888268155
 176 -13.072625698324
 8 -11.06145251396646
 596 -9.050279329608941
 5 -7.039106145251395
 148 -5.02793296089385
 23 -3.016759776536304
 4 -1.005586592178759
 29 1.005586592178787
 149 3.016759776536333
 2 5.02793296089385
 551 7.039106145251395
 6 9.050279329608941
 155 11.06145251396649
 47 13.07262569832403
 7 15.08379888268158
 58 17.09497206703912
 123 19.10614525139667
 582 21.11731843575421
 58 23.12849162011173
 75 25.13966480446928
 113 27.15083798882682
 58 29.16201117318437
 240 31.17318435754191
 355 33.18435754189946
 270 35.195530726257
 171 37.20670391061452
 35 39.21787709497207
 309 41.22905027932961
 3 43.24022346368716
 124 45.2513966480447
 75 47.26256983240225
 239 49.27374301675979
 93 51.28491620111734
 212 53.29608938547489
 74 55.3072625698324
 167 57.31843575418995
 299 59.32960893854749
 68 61.34078212290504
 135 63.35195530726259
 81 65.36312849162013
 129 67.37430167597768
 51 69.38547486033519
 32 71.39664804469274
 58 73.40782122905028
 8 75.41899441340783
 8 77.43016759776538
 3 79.44134078212289
 1 81.45251396648047
 1 83.46368715083798
 5 85.47486033519556
 15 87.48603351955308
 7960 89.49720670391065
 10 91.50837988826817
 5 93.51955307262574
 2 95.53072625698326
 1 97.54189944134077
 3 99.55307262569835
 12 101.5642458100559
 20 103.5754189944134
 44 105.586592178771
 33 107.5977653631285
 122 109.608938547486
 138 111.6201117318436
 146 113.6312849162011
 5 115.6424581005587
 252 117.6536312849162
 180 119.6648044692737
 96 121.6759776536313
 197 123.6871508379888
 185 125.6983240223464
 92 127.7094972067039
 176 129.7206703910614
 231 131.731843575419
 3 133.7430167597765
 141 135.7541899441341
 174 137.7653631284916
 111 139.7765363128492
 156 141.7877094972067
 563 143.7988826815642
 108 145.8100558659218
 208 147.8212290502793
 55 149.8324022346369
 117 151.8435754189944
 74 153.854748603352
 523 155.8659217877095
 58 157.8770949720671
 180 159.8882681564246
 76 161.8994413407821
 44 163.9106145251397
 16 165.9217877094972
 139 167.9329608938548
 238 169.9441340782123
 369 171.9553072625699
 2 173.9664804469274
 155 175.9776536312849
 2 177.9888268156425
 0 180


