# Created by Octave 3.8.2, Mon Jun 22 02:24:30 2020 CEST <damian@fptrucha.inv.usc.es>
# name: hd
# type: matrix
# rows: 180
# columns: 2
 5 -180
 149 -177.9888268156425
 4 -175.9776536312849
 292 -173.9664804469274
 168 -171.9553072625698
 147 -169.9441340782123
 41 -167.9329608938548
 37 -165.9217877094972
 50 -163.9106145251397
 153 -161.8994413407821
 32 -159.8882681564246
 433 -157.877094972067
 65 -155.8659217877095
 82 -153.854748603352
 32 -151.8435754189944
 60 -149.8324022346369
 151 -147.8212290502793
 572 -145.8100558659218
 115 -143.7988826815642
 72 -141.7877094972067
 175 -139.7765363128491
 100 -137.7653631284916
 3 -135.7541899441341
 127 -133.7430167597765
 132 -131.731843575419
 67 -129.7206703910614
 147 -127.7094972067039
 188 -125.6983240223464
 75 -123.6871508379888
 154 -121.6759776536313
 170 -119.6648044692737
 5 -117.6536312849162
 95 -115.6424581005587
 113 -113.6312849162011
 91 -111.6201117318436
 20 -109.608938547486
 54 -107.5977653631285
 29 -105.5865921787709
 12 -103.5754189944134
 1 -101.5642458100559
 1 -99.55307262569832
 1 -97.54189944134077
 5 -95.53072625698323
 8 -93.5195530726257
 6315 -91.50837988826815
 15 -89.49720670391061
 6 -87.48603351955308
 3 -85.47486033519553
 0 -83.46368715083798
 4 -81.45251396648044
 12 -79.44134078212289
 13 -77.43016759776536
 48 -75.41899441340782
 40 -73.40782122905027
 39 -71.39664804469274
 131 -69.38547486033519
 80 -67.37430167597765
 91 -65.3631284916201
 46 -63.35195530726256
 248 -61.34078212290503
 115 -59.32960893854748
 171 -57.31843575418993
 73 -55.3072625698324
 68 -53.29608938547486
 174 -51.28491620111731
 49 -49.27374301675977
 110 -47.26256983240222
 6 -45.25139664804468
 253 -43.24022346368713
 3 -41.22905027932961
 106 -39.21787709497207
 273 -37.20670391061452
 397 -35.19553072625698
 95 -33.18435754189943
 59 -31.17318435754188
 115 -29.16201117318434
 11 -27.15083798882682
 59 -25.13966480446928
 474 -23.12849162011173
 132 -21.11731843575419
 49 -19.10614525139664
 13 -17.09497206703909
 36 -15.08379888268155
 130 -13.072625698324
 11 -11.06145251396646
 463 -9.050279329608941
 3 -7.039106145251395
 140 -5.02793296089385
 18 -3.016759776536304
 2 -1.005586592178759
 24 1.005586592178787
 120 3.016759776536333
 5 5.02793296089385
 404 7.039106145251395
 13 9.050279329608941
 111 11.06145251396649
 63 13.07262569832403
 16 15.08379888268158
 47 17.09497206703912
 102 19.10614525139667
 340 21.11731843575421
 56 23.12849162011173
 95 25.13966480446928
 88 27.15083798882682
 58 29.16201117318437
 164 31.17318435754191
 232 33.18435754189946
 167 35.195530726257
 142 37.20670391061452
 23 39.21787709497207
 258 41.22905027932961
 1 43.24022346368716
 85 45.2513966480447
 41 47.26256983240225
 173 49.27374301675979
 67 51.28491620111734
 135 53.29608938547489
 55 55.3072625698324
 92 57.31843575418995
 186 59.32960893854749
 51 61.34078212290504
 139 63.35195530726259
 84 65.36312849162013
 97 67.37430167597768
 50 69.38547486033519
 28 71.39664804469274
 49 73.40782122905028
 15 75.41899441340783
 19 77.43016759776538
 5 79.44134078212289
 0 81.45251396648047
 3 83.46368715083798
 4 85.47486033519556
 10 87.48603351955308
 5722 89.49720670391065
 9 91.50837988826817
 5 93.51955307262574
 1 95.53072625698326
 1 97.54189944134077
 5 99.55307262569835
 19 101.5642458100559
 21 103.5754189944134
 43 105.586592178771
 19 107.5977653631285
 100 109.608938547486
 112 111.6201117318436
 122 113.6312849162011
 4 115.6424581005587
 169 117.6536312849162
 128 119.6648044692737
 81 121.6759776536313
 133 123.6871508379888
 135 125.6983240223464
 78 127.7094972067039
 144 129.7206703910614
 141 131.731843575419
 3 133.7430167597765
 84 135.7541899441341
 141 137.7653631284916
 78 139.7765363128492
 107 141.7877094972067
 361 143.7988826815642
 116 145.8100558659218
 162 147.8212290502793
 42 149.8324022346369
 152 151.8435754189944
 71 153.854748603352
 343 155.8659217877095
 44 157.8770949720671
 113 159.8882681564246
 68 161.8994413407821
 55 163.9106145251397
 25 165.9217877094972
 102 167.9329608938548
 191 169.9441340782123
 281 171.9553072625699
 3 173.9664804469274
 134 175.9776536312849
 5 177.9888268156425
 0 180


