# Created by Octave 3.8.2, Sat Jun 20 04:23:01 2020 CEST <damian@fptrucha.inv.usc.es>
# name: hd
# type: matrix
# rows: 180
# columns: 2
 1 -180
 186 -177.9888268156425
 4 -175.9776536312849
 372 -173.9664804469274
 295 -171.9553072625698
 196 -169.9441340782123
 27 -167.9329608938548
 42 -165.9217877094972
 63 -163.9106145251397
 167 -161.8994413407821
 50 -159.8882681564246
 751 -157.877094972067
 58 -155.8659217877095
 134 -153.854748603352
 42 -151.8435754189944
 73 -149.8324022346369
 246 -147.8212290502793
 677 -145.8100558659218
 145 -143.7988826815642
 96 -141.7877094972067
 195 -139.7765363128491
 105 -137.7653631284916
 7 -135.7541899441341
 198 -133.7430167597765
 178 -131.731843575419
 92 -129.7206703910614
 228 -127.7094972067039
 245 -125.6983240223464
 105 -123.6871508379888
 219 -121.6759776536313
 246 -119.6648044692737
 1 -117.6536312849162
 127 -115.6424581005587
 136 -113.6312849162011
 155 -111.6201117318436
 15 -109.608938547486
 42 -107.5977653631285
 18 -105.5865921787709
 18 -103.5754189944134
 3 -101.5642458100559
 0 -99.55307262569832
 0 -97.54189944134077
 2 -95.53072625698323
 4 -93.5195530726257
 9388 -91.50837988826815
 16 -89.49720670391061
 1 -87.48603351955308
 0 -85.47486033519553
 0 -83.46368715083798
 1 -81.45251396648044
 3 -79.44134078212289
 7 -77.43016759776536
 50 -75.41899441340782
 29 -73.40782122905027
 60 -71.39664804469274
 130 -69.38547486033519
 77 -67.37430167597765
 100 -65.3631284916201
 63 -63.35195530726256
 317 -61.34078212290503
 151 -59.32960893854748
 229 -57.31843575418993
 132 -55.3072625698324
 82 -53.29608938547486
 257 -51.28491620111731
 55 -49.27374301675977
 115 -47.26256983240222
 3 -45.25139664804468
 310 -43.24022346368713
 1 -41.22905027932961
 160 -39.21787709497207
 349 -37.20670391061452
 423 -35.19553072625698
 135 -33.18435754189943
 59 -31.17318435754188
 175 -29.16201117318434
 12 -27.15083798882682
 58 -25.13966480446928
 665 -23.12849162011173
 155 -21.11731843575419
 68 -19.10614525139664
 9 -17.09497206703909
 39 -15.08379888268155
 179 -13.072625698324
 5 -11.06145251396646
 594 -9.050279329608941
 3 -7.039106145251395
 134 -5.02793296089385
 15 -3.016759776536304
 0 -1.005586592178759
 20 1.005586592178787
 128 3.016759776536333
 4 5.02793296089385
 609 7.039106145251395
 8 9.050279329608941
 155 11.06145251396649
 45 13.07262569832403
 13 15.08379888268158
 60 17.09497206703912
 136 19.10614525139667
 559 21.11731843575421
 59 23.12849162011173
 83 25.13966480446928
 109 27.15083798882682
 52 29.16201117318437
 232 31.17318435754191
 351 33.18435754189946
 284 35.195530726257
 182 37.20670391061452
 32 39.21787709497207
 292 41.22905027932961
 2 43.24022346368716
 130 45.2513966480447
 49 47.26256983240225
 254 49.27374301675979
 64 51.28491620111734
 194 53.29608938547489
 69 55.3072625698324
 119 57.31843575418995
 276 59.32960893854749
 69 61.34078212290504
 113 63.35195530726259
 96 65.36312849162013
 95 67.37430167597768
 48 69.38547486033519
 19 71.39664804469274
 43 73.40782122905028
 5 75.41899441340783
 10 77.43016759776538
 2 79.44134078212289
 1 81.45251396648047
 2 83.46368715083798
 1 85.47486033519556
 9 87.48603351955308
 8114 89.49720670391065
 4 91.50837988826817
 5 93.51955307262574
 1 95.53072625698326
 1 97.54189944134077
 1 99.55307262569835
 7 101.5642458100559
 22 103.5754189944134
 34 105.586592178771
 23 107.5977653631285
 86 109.608938547486
 120 111.6201117318436
 108 113.6312849162011
 5 115.6424581005587
 188 117.6536312849162
 146 119.6648044692737
 77 121.6759776536313
 179 123.6871508379888
 216 125.6983240223464
 100 127.7094972067039
 165 129.7206703910614
 178 131.731843575419
 1 133.7430167597765
 129 135.7541899441341
 185 137.7653631284916
 95 139.7765363128492
 170 141.7877094972067
 543 143.7988826815642
 122 145.8100558659218
 210 147.8212290502793
 44 149.8324022346369
 158 151.8435754189944
 51 153.854748603352
 509 155.8659217877095
 46 157.8770949720671
 130 159.8882681564246
 83 161.8994413407821
 51 163.9106145251397
 12 165.9217877094972
 124 167.9329608938548
 242 169.9441340782123
 367 171.9553072625699
 0 173.9664804469274
 177 175.9776536312849
 3 177.9888268156425
 0 180


