# Created by Octave 3.8.2, Mon Jun 22 23:24:53 2020 CEST <damian@fptrucha.inv.usc.es>
# name: hd
# type: matrix
# rows: 180
# columns: 2
 5 -180
 181 -177.9888268156425
 4 -175.9776536312849
 394 -173.9664804469274
 266 -171.9553072625698
 147 -169.9441340782123
 41 -167.9329608938548
 43 -165.9217877094972
 64 -163.9106145251397
 163 -161.8994413407821
 47 -159.8882681564246
 588 -157.877094972067
 85 -155.8659217877095
 135 -153.854748603352
 49 -151.8435754189944
 58 -149.8324022346369
 254 -147.8212290502793
 652 -145.8100558659218
 151 -143.7988826815642
 112 -141.7877094972067
 170 -139.7765363128491
 146 -137.7653631284916
 5 -135.7541899441341
 183 -133.7430167597765
 169 -131.731843575419
 99 -129.7206703910614
 206 -127.7094972067039
 226 -125.6983240223464
 106 -123.6871508379888
 205 -121.6759776536313
 202 -119.6648044692737
 0 -117.6536312849162
 107 -115.6424581005587
 125 -113.6312849162011
 126 -111.6201117318436
 17 -109.608938547486
 40 -107.5977653631285
 24 -105.5865921787709
 14 -103.5754189944134
 2 -101.5642458100559
 1 -99.55307262569832
 0 -97.54189944134077
 4 -95.53072625698323
 9 -93.5195530726257
 8551 -91.50837988826815
 6 -89.49720670391061
 3 -87.48603351955308
 1 -85.47486033519553
 0 -83.46368715083798
 0 -81.45251396648044
 9 -79.44134078212289
 9 -77.43016759776536
 45 -75.41899441340782
 24 -73.40782122905027
 51 -71.39664804469274
 116 -69.38547486033519
 81 -67.37430167597765
 92 -65.3631284916201
 66 -63.35195530726256
 284 -61.34078212290503
 162 -59.32960893854748
 237 -57.31843575418993
 90 -55.3072625698324
 103 -53.29608938547486
 254 -51.28491620111731
 53 -49.27374301675977
 130 -47.26256983240222
 5 -45.25139664804468
 311 -43.24022346368713
 0 -41.22905027932961
 159 -39.21787709497207
 329 -37.20670391061452
 471 -35.19553072625698
 128 -33.18435754189943
 74 -31.17318435754188
 166 -29.16201117318434
 9 -27.15083798882682
 56 -25.13966480446928
 623 -23.12849162011173
 149 -21.11731843575419
 50 -19.10614525139664
 19 -17.09497206703909
 45 -15.08379888268155
 166 -13.072625698324
 8 -11.06145251396646
 602 -9.050279329608941
 1 -7.039106145251395
 120 -5.02793296089385
 26 -3.016759776536304
 3 -1.005586592178759
 33 1.005586592178787
 147 3.016759776536333
 2 5.02793296089385
 574 7.039106145251395
 10 9.050279329608941
 148 11.06145251396649
 34 13.07262569832403
 12 15.08379888268158
 54 17.09497206703912
 127 19.10614525139667
 581 21.11731843575421
 65 23.12849162011173
 96 25.13966480446928
 114 27.15083798882682
 68 29.16201117318437
 215 31.17318435754191
 371 33.18435754189946
 297 35.195530726257
 160 37.20670391061452
 41 39.21787709497207
 302 41.22905027932961
 2 43.24022346368716
 124 45.2513966480447
 55 47.26256983240225
 221 49.27374301675979
 100 51.28491620111734
 220 53.29608938547489
 76 55.3072625698324
 175 57.31843575418995
 275 59.32960893854749
 75 61.34078212290504
 133 63.35195530726259
 82 65.36312849162013
 130 67.37430167597768
 53 69.38547486033519
 39 71.39664804469274
 48 73.40782122905028
 7 75.41899441340783
 13 77.43016759776538
 1 79.44134078212289
 2 81.45251396648047
 0 83.46368715083798
 4 85.47486033519556
 14 87.48603351955308
 8086 89.49720670391065
 13 91.50837988826817
 7 93.51955307262574
 2 95.53072625698326
 2 97.54189944134077
 5 99.55307262569835
 27 101.5642458100559
 36 103.5754189944134
 50 105.586592178771
 37 107.5977653631285
 141 109.608938547486
 125 111.6201117318436
 128 113.6312849162011
 2 115.6424581005587
 217 117.6536312849162
 175 119.6648044692737
 113 121.6759776536313
 172 123.6871508379888
 207 125.6983240223464
 101 127.7094972067039
 195 129.7206703910614
 211 131.731843575419
 2 133.7430167597765
 120 135.7541899441341
 173 137.7653631284916
 111 139.7765363128492
 146 141.7877094972067
 549 143.7988826815642
 118 145.8100558659218
 197 147.8212290502793
 52 149.8324022346369
 167 151.8435754189944
 91 153.854748603352
 507 155.8659217877095
 44 157.8770949720671
 150 159.8882681564246
 75 161.8994413407821
 47 163.9106145251397
 33 165.9217877094972
 161 167.9329608938548
 225 169.9441340782123
 394 171.9553072625699
 7 173.9664804469274
 156 175.9776536312849
 5 177.9888268156425
 0 180


