# Created by Octave 3.8.2, Mon Jun 22 05:57:22 2020 CEST <damian@fptrucha.inv.usc.es>
# name: hd
# type: matrix
# rows: 180
# columns: 2
 4 -180
 142 -177.9888268156425
 4 -175.9776536312849
 349 -173.9664804469274
 214 -171.9553072625698
 120 -169.9441340782123
 30 -167.9329608938548
 54 -165.9217877094972
 59 -163.9106145251397
 132 -161.8994413407821
 46 -159.8882681564246
 501 -157.877094972067
 58 -155.8659217877095
 122 -153.854748603352
 60 -151.8435754189944
 69 -149.8324022346369
 229 -147.8212290502793
 559 -145.8100558659218
 138 -143.7988826815642
 87 -141.7877094972067
 150 -139.7765363128491
 127 -137.7653631284916
 2 -135.7541899441341
 159 -133.7430167597765
 157 -131.731843575419
 91 -129.7206703910614
 151 -127.7094972067039
 207 -125.6983240223464
 87 -123.6871508379888
 141 -121.6759776536313
 187 -119.6648044692737
 2 -117.6536312849162
 107 -115.6424581005587
 116 -113.6312849162011
 135 -111.6201117318436
 31 -109.608938547486
 41 -107.5977653631285
 16 -105.5865921787709
 17 -103.5754189944134
 2 -101.5642458100559
 0 -99.55307262569832
 1 -97.54189944134077
 6 -95.53072625698323
 8 -93.5195530726257
 7501 -91.50837988826815
 12 -89.49720670391061
 8 -87.48603351955308
 1 -85.47486033519553
 0 -83.46368715083798
 6 -81.45251396648044
 11 -79.44134078212289
 8 -77.43016759776536
 54 -75.41899441340782
 33 -73.40782122905027
 47 -71.39664804469274
 101 -69.38547486033519
 73 -67.37430167597765
 111 -65.3631284916201
 52 -63.35195530726256
 243 -61.34078212290503
 140 -59.32960893854748
 187 -57.31843575418993
 83 -55.3072625698324
 69 -53.29608938547486
 218 -51.28491620111731
 78 -49.27374301675977
 102 -47.26256983240222
 1 -45.25139664804468
 269 -43.24022346368713
 1 -41.22905027932961
 128 -39.21787709497207
 290 -37.20670391061452
 366 -35.19553072625698
 142 -33.18435754189943
 61 -31.17318435754188
 163 -29.16201117318434
 6 -27.15083798882682
 52 -25.13966480446928
 544 -23.12849162011173
 121 -21.11731843575419
 56 -19.10614525139664
 20 -17.09497206703909
 45 -15.08379888268155
 149 -13.072625698324
 12 -11.06145251396646
 578 -9.050279329608941
 1 -7.039106145251395
 119 -5.02793296089385
 20 -3.016759776536304
 5 -1.005586592178759
 28 1.005586592178787
 138 3.016759776536333
 4 5.02793296089385
 521 7.039106145251395
 11 9.050279329608941
 145 11.06145251396649
 42 13.07262569832403
 12 15.08379888268158
 49 17.09497206703912
 110 19.10614525139667
 494 21.11731843575421
 64 23.12849162011173
 79 25.13966480446928
 87 27.15083798882682
 49 29.16201117318437
 201 31.17318435754191
 295 33.18435754189946
 238 35.195530726257
 140 37.20670391061452
 56 39.21787709497207
 272 41.22905027932961
 2 43.24022346368716
 104 45.2513966480447
 55 47.26256983240225
 201 49.27374301675979
 88 51.28491620111734
 194 53.29608938547489
 77 55.3072625698324
 128 57.31843575418995
 241 59.32960893854749
 52 61.34078212290504
 113 63.35195530726259
 67 65.36312849162013
 99 67.37430167597768
 42 69.38547486033519
 30 71.39664804469274
 44 73.40782122905028
 5 75.41899441340783
 8 77.43016759776538
 4 79.44134078212289
 1 81.45251396648047
 1 83.46368715083798
 4 85.47486033519556
 9 87.48603351955308
 7086 89.49720670391065
 11 91.50837988826817
 4 93.51955307262574
 0 95.53072625698326
 1 97.54189944134077
 3 99.55307262569835
 12 101.5642458100559
 23 103.5754189944134
 46 105.586592178771
 22 107.5977653631285
 109 109.608938547486
 117 111.6201117318436
 111 113.6312849162011
 1 115.6424581005587
 194 117.6536312849162
 185 119.6648044692737
 103 121.6759776536313
 162 123.6871508379888
 192 125.6983240223464
 68 127.7094972067039
 160 129.7206703910614
 189 131.731843575419
 1 133.7430167597765
 100 135.7541899441341
 189 137.7653631284916
 89 139.7765363128492
 115 141.7877094972067
 518 143.7988826815642
 110 145.8100558659218
 204 147.8212290502793
 40 149.8324022346369
 142 151.8435754189944
 69 153.854748603352
 499 155.8659217877095
 43 157.8770949720671
 135 159.8882681564246
 64 161.8994413407821
 48 163.9106145251397
 23 165.9217877094972
 123 167.9329608938548
 214 169.9441340782123
 333 171.9553072625699
 5 173.9664804469274
 170 175.9776536312849
 7 177.9888268156425
 0 180


