# Created by Octave 3.8.2, Mon Jun 22 06:22:31 2020 CEST <damian@fptrucha.inv.usc.es>
# name: hd
# type: matrix
# rows: 180
# columns: 2
 5 -180
 117 -177.9888268156425
 1 -175.9776536312849
 214 -173.9664804469274
 134 -171.9553072625698
 85 -169.9441340782123
 24 -167.9329608938548
 24 -165.9217877094972
 53 -163.9106145251397
 99 -161.8994413407821
 23 -159.8882681564246
 350 -157.877094972067
 41 -155.8659217877095
 93 -153.854748603352
 31 -151.8435754189944
 60 -149.8324022346369
 145 -147.8212290502793
 328 -145.8100558659218
 93 -143.7988826815642
 69 -141.7877094972067
 103 -139.7765363128491
 65 -137.7653631284916
 3 -135.7541899441341
 115 -133.7430167597765
 116 -131.731843575419
 39 -129.7206703910614
 131 -127.7094972067039
 155 -125.6983240223464
 61 -123.6871508379888
 117 -121.6759776536313
 121 -119.6648044692737
 4 -117.6536312849162
 69 -115.6424581005587
 79 -113.6312849162011
 74 -111.6201117318436
 17 -109.608938547486
 35 -107.5977653631285
 11 -105.5865921787709
 13 -103.5754189944134
 2 -101.5642458100559
 0 -99.55307262569832
 0 -97.54189944134077
 2 -95.53072625698323
 5 -93.5195530726257
 4952 -91.50837988826815
 21 -89.49720670391061
 4 -87.48603351955308
 0 -85.47486033519553
 1 -83.46368715083798
 3 -81.45251396648044
 7 -79.44134078212289
 5 -77.43016759776536
 32 -75.41899441340782
 30 -73.40782122905027
 26 -71.39664804469274
 71 -69.38547486033519
 47 -67.37430167597765
 76 -65.3631284916201
 34 -63.35195530726256
 139 -61.34078212290503
 101 -59.32960893854748
 137 -57.31843575418993
 65 -55.3072625698324
 53 -53.29608938547486
 136 -51.28491620111731
 42 -49.27374301675977
 64 -47.26256983240222
 5 -45.25139664804468
 183 -43.24022346368713
 6 -41.22905027932961
 94 -39.21787709497207
 162 -37.20670391061452
 247 -35.19553072625698
 78 -33.18435754189943
 56 -31.17318435754188
 115 -29.16201117318434
 10 -27.15083798882682
 31 -25.13966480446928
 369 -23.12849162011173
 80 -21.11731843575419
 39 -19.10614525139664
 2 -17.09497206703909
 28 -15.08379888268155
 86 -13.072625698324
 8 -11.06145251396646
 386 -9.050279329608941
 0 -7.039106145251395
 84 -5.02793296089385
 18 -3.016759776536304
 2 -1.005586592178759
 14 1.005586592178787
 100 3.016759776536333
 1 5.02793296089385
 349 7.039106145251395
 9 9.050279329608941
 119 11.06145251396649
 28 13.07262569832403
 7 15.08379888268158
 45 17.09497206703912
 75 19.10614525139667
 307 21.11731843575421
 33 23.12849162011173
 54 25.13966480446928
 74 27.15083798882682
 37 29.16201117318437
 114 31.17318435754191
 209 33.18435754189946
 148 35.195530726257
 95 37.20670391061452
 37 39.21787709497207
 167 41.22905027932961
 3 43.24022346368716
 77 45.2513966480447
 38 47.26256983240225
 151 49.27374301675979
 64 51.28491620111734
 140 53.29608938547489
 48 55.3072625698324
 82 57.31843575418995
 175 59.32960893854749
 36 61.34078212290504
 74 63.35195530726259
 53 65.36312849162013
 83 67.37430167597768
 29 69.38547486033519
 19 71.39664804469274
 44 73.40782122905028
 5 75.41899441340783
 7 77.43016759776538
 2 79.44134078212289
 0 81.45251396648047
 1 83.46368715083798
 6 85.47486033519556
 12 87.48603351955308
 4711 89.49720670391065
 12 91.50837988826817
 4 93.51955307262574
 2 95.53072625698326
 1 97.54189944134077
 1 99.55307262569835
 11 101.5642458100559
 12 103.5754189944134
 29 105.586592178771
 12 107.5977653631285
 95 109.608938547486
 61 111.6201117318436
 60 113.6312849162011
 1 115.6424581005587
 112 117.6536312849162
 115 119.6648044692737
 63 121.6759776536313
 99 123.6871508379888
 108 125.6983240223464
 36 127.7094972067039
 95 129.7206703910614
 123 131.731843575419
 2 133.7430167597765
 53 135.7541899441341
 136 137.7653631284916
 68 139.7765363128492
 75 141.7877094972067
 320 143.7988826815642
 71 145.8100558659218
 126 147.8212290502793
 33 149.8324022346369
 87 151.8435754189944
 43 153.854748603352
 306 155.8659217877095
 32 157.8770949720671
 88 159.8882681564246
 42 161.8994413407821
 19 163.9106145251397
 15 165.9217877094972
 95 167.9329608938548
 142 169.9441340782123
 205 171.9553072625699
 7 173.9664804469274
 110 175.9776536312849
 3 177.9888268156425
 0 180


