# Created by Octave 3.8.2, Mon Jun 22 15:18:30 2020 CEST <damian@fptrucha.inv.usc.es>
# name: hd
# type: matrix
# rows: 180
# columns: 2
 3 -180
 188 -177.9888268156425
 6 -175.9776536312849
 401 -173.9664804469274
 268 -171.9553072625698
 133 -169.9441340782123
 37 -167.9329608938548
 44 -165.9217877094972
 66 -163.9106145251397
 165 -161.8994413407821
 53 -159.8882681564246
 653 -157.877094972067
 93 -155.8659217877095
 138 -153.854748603352
 54 -151.8435754189944
 79 -149.8324022346369
 238 -147.8212290502793
 561 -145.8100558659218
 134 -143.7988826815642
 89 -141.7877094972067
 168 -139.7765363128491
 127 -137.7653631284916
 1 -135.7541899441341
 176 -133.7430167597765
 184 -131.731843575419
 72 -129.7206703910614
 185 -127.7094972067039
 226 -125.6983240223464
 113 -123.6871508379888
 168 -121.6759776536313
 185 -119.6648044692737
 3 -117.6536312849162
 108 -115.6424581005587
 100 -113.6312849162011
 116 -111.6201117318436
 20 -109.608938547486
 47 -107.5977653631285
 21 -105.5865921787709
 10 -103.5754189944134
 4 -101.5642458100559
 1 -99.55307262569832
 1 -97.54189944134077
 4 -95.53072625698323
 13 -93.5195530726257
 8346 -91.50837988826815
 18 -89.49720670391061
 6 -87.48603351955308
 3 -85.47486033519553
 0 -83.46368715083798
 3 -81.45251396648044
 9 -79.44134078212289
 6 -77.43016759776536
 52 -75.41899441340782
 30 -73.40782122905027
 52 -71.39664804469274
 116 -69.38547486033519
 67 -67.37430167597765
 114 -65.3631284916201
 62 -63.35195530726256
 288 -61.34078212290503
 142 -59.32960893854748
 213 -57.31843575418993
 106 -55.3072625698324
 79 -53.29608938547486
 234 -51.28491620111731
 67 -49.27374301675977
 120 -47.26256983240222
 2 -45.25139664804468
 293 -43.24022346368713
 3 -41.22905027932961
 176 -39.21787709497207
 288 -37.20670391061452
 482 -35.19553072625698
 116 -33.18435754189943
 51 -31.17318435754188
 180 -29.16201117318434
 14 -27.15083798882682
 62 -25.13966480446928
 624 -23.12849162011173
 131 -21.11731843575419
 63 -19.10614525139664
 10 -17.09497206703909
 53 -15.08379888268155
 161 -13.072625698324
 12 -11.06145251396646
 615 -9.050279329608941
 2 -7.039106145251395
 116 -5.02793296089385
 16 -3.016759776536304
 5 -1.005586592178759
 21 1.005586592178787
 125 3.016759776536333
 5 5.02793296089385
 598 7.039106145251395
 8 9.050279329608941
 153 11.06145251396649
 53 13.07262569832403
 11 15.08379888268158
 51 17.09497206703912
 126 19.10614525139667
 569 21.11731843575421
 67 23.12849162011173
 73 25.13966480446928
 107 27.15083798882682
 62 29.16201117318437
 227 31.17318435754191
 324 33.18435754189946
 265 35.195530726257
 152 37.20670391061452
 41 39.21787709497207
 309 41.22905027932961
 1 43.24022346368716
 130 45.2513966480447
 64 47.26256983240225
 228 49.27374301675979
 75 51.28491620111734
 212 53.29608938547489
 88 55.3072625698324
 177 57.31843575418995
 289 59.32960893854749
 69 61.34078212290504
 145 63.35195530726259
 72 65.36312849162013
 135 67.37430167597768
 54 69.38547486033519
 32 71.39664804469274
 59 73.40782122905028
 11 75.41899441340783
 16 77.43016759776538
 3 79.44134078212289
 1 81.45251396648047
 1 83.46368715083798
 6 85.47486033519556
 13 87.48603351955308
 7834 89.49720670391065
 10 91.50837988826817
 1 93.51955307262574
 4 95.53072625698326
 0 97.54189944134077
 1 99.55307262569835
 23 101.5642458100559
 28 103.5754189944134
 43 105.586592178771
 24 107.5977653631285
 129 109.608938547486
 131 111.6201117318436
 118 113.6312849162011
 6 115.6424581005587
 217 117.6536312849162
 167 119.6648044692737
 98 121.6759776536313
 213 123.6871508379888
 183 125.6983240223464
 88 127.7094972067039
 169 129.7206703910614
 217 131.731843575419
 2 133.7430167597765
 122 135.7541899441341
 209 137.7653631284916
 99 139.7765363128492
 139 141.7877094972067
 541 143.7988826815642
 111 145.8100558659218
 227 147.8212290502793
 58 149.8324022346369
 125 151.8435754189944
 71 153.854748603352
 478 155.8659217877095
 60 157.8770949720671
 160 159.8882681564246
 87 161.8994413407821
 45 163.9106145251397
 17 165.9217877094972
 161 167.9329608938548
 238 169.9441340782123
 354 171.9553072625699
 7 173.9664804469274
 178 175.9776536312849
 2 177.9888268156425
 0 180


