# Created by Octave 3.8.2, Sat Jun 20 14:44:22 2020 CEST <damian@fptrucha.inv.usc.es>
# name: hd
# type: matrix
# rows: 180
# columns: 2
 3 -180
 142 -177.9888268156425
 3 -175.9776536312849
 389 -173.9664804469274
 267 -171.9553072625698
 161 -169.9441340782123
 25 -167.9329608938548
 33 -165.9217877094972
 52 -163.9106145251397
 158 -161.8994413407821
 33 -159.8882681564246
 639 -157.877094972067
 55 -155.8659217877095
 117 -153.854748603352
 48 -151.8435754189944
 72 -149.8324022346369
 205 -147.8212290502793
 629 -145.8100558659218
 135 -143.7988826815642
 93 -141.7877094972067
 178 -139.7765363128491
 94 -137.7653631284916
 2 -135.7541899441341
 141 -133.7430167597765
 150 -131.731843575419
 82 -129.7206703910614
 184 -127.7094972067039
 224 -125.6983240223464
 110 -123.6871508379888
 181 -121.6759776536313
 190 -119.6648044692737
 1 -117.6536312849162
 118 -115.6424581005587
 114 -113.6312849162011
 115 -111.6201117318436
 21 -109.608938547486
 33 -107.5977653631285
 28 -105.5865921787709
 11 -103.5754189944134
 4 -101.5642458100559
 0 -99.55307262569832
 0 -97.54189944134077
 2 -95.53072625698323
 6 -93.5195530726257
 8452 -91.50837988826815
 12 -89.49720670391061
 4 -87.48603351955308
 0 -85.47486033519553
 0 -83.46368715083798
 1 -81.45251396648044
 6 -79.44134078212289
 2 -77.43016759776536
 39 -75.41899441340782
 19 -73.40782122905027
 58 -71.39664804469274
 122 -69.38547486033519
 74 -67.37430167597765
 105 -65.3631284916201
 52 -63.35195530726256
 267 -61.34078212290503
 146 -59.32960893854748
 211 -57.31843575418993
 90 -55.3072625698324
 95 -53.29608938547486
 225 -51.28491620111731
 49 -49.27374301675977
 97 -47.26256983240222
 4 -45.25139664804468
 306 -43.24022346368713
 4 -41.22905027932961
 185 -39.21787709497207
 345 -37.20670391061452
 463 -35.19553072625698
 91 -33.18435754189943
 68 -31.17318435754188
 139 -29.16201117318434
 16 -27.15083798882682
 47 -25.13966480446928
 706 -23.12849162011173
 130 -21.11731843575419
 57 -19.10614525139664
 8 -17.09497206703909
 37 -15.08379888268155
 187 -13.072625698324
 5 -11.06145251396646
 596 -9.050279329608941
 1 -7.039106145251395
 130 -5.02793296089385
 13 -3.016759776536304
 1 -1.005586592178759
 23 1.005586592178787
 123 3.016759776536333
 1 5.02793296089385
 536 7.039106145251395
 7 9.050279329608941
 137 11.06145251396649
 54 13.07262569832403
 4 15.08379888268158
 62 17.09497206703912
 98 19.10614525139667
 599 21.11731843575421
 58 23.12849162011173
 91 25.13966480446928
 122 27.15083798882682
 61 29.16201117318437
 244 31.17318435754191
 323 33.18435754189946
 275 35.195530726257
 185 37.20670391061452
 30 39.21787709497207
 289 41.22905027932961
 2 43.24022346368716
 144 45.2513966480447
 67 47.26256983240225
 246 49.27374301675979
 81 51.28491620111734
 221 53.29608938547489
 70 55.3072625698324
 166 57.31843575418995
 274 59.32960893854749
 88 61.34078212290504
 127 63.35195530726259
 73 65.36312849162013
 133 67.37430167597768
 59 69.38547486033519
 30 71.39664804469274
 50 73.40782122905028
 6 75.41899441340783
 5 77.43016759776538
 2 79.44134078212289
 1 81.45251396648047
 0 83.46368715083798
 1 85.47486033519556
 7 87.48603351955308
 8094 89.49720670391065
 6 91.50837988826817
 3 93.51955307262574
 0 95.53072625698326
 1 97.54189944134077
 0 99.55307262569835
 12 101.5642458100559
 19 103.5754189944134
 29 105.586592178771
 16 107.5977653631285
 98 109.608938547486
 133 111.6201117318436
 126 113.6312849162011
 5 115.6424581005587
 211 117.6536312849162
 174 119.6648044692737
 103 121.6759776536313
 175 123.6871508379888
 177 125.6983240223464
 89 127.7094972067039
 172 129.7206703910614
 184 131.731843575419
 1 133.7430167597765
 124 135.7541899441341
 165 137.7653631284916
 103 139.7765363128492
 172 141.7877094972067
 457 143.7988826815642
 114 145.8100558659218
 241 147.8212290502793
 49 149.8324022346369
 165 151.8435754189944
 72 153.854748603352
 514 155.8659217877095
 62 157.8770949720671
 137 159.8882681564246
 88 161.8994413407821
 50 163.9106145251397
 22 165.9217877094972
 133 167.9329608938548
 218 169.9441340782123
 368 171.9553072625699
 4 173.9664804469274
 143 175.9776536312849
 4 177.9888268156425
 0 180


