# Created by Octave 3.8.2, Sat Jun 20 19:06:46 2020 CEST <damian@fptrucha.inv.usc.es>
# name: hd
# type: matrix
# rows: 180
# columns: 2
 3 -180
 162 -177.9888268156425
 2 -175.9776536312849
 351 -173.9664804469274
 233 -171.9553072625698
 141 -169.9441340782123
 30 -167.9329608938548
 40 -165.9217877094972
 40 -163.9106145251397
 164 -161.8994413407821
 41 -159.8882681564246
 635 -157.877094972067
 53 -155.8659217877095
 117 -153.854748603352
 33 -151.8435754189944
 61 -149.8324022346369
 216 -147.8212290502793
 637 -145.8100558659218
 115 -143.7988826815642
 88 -141.7877094972067
 155 -139.7765363128491
 103 -137.7653631284916
 3 -135.7541899441341
 148 -133.7430167597765
 143 -131.731843575419
 89 -129.7206703910614
 190 -127.7094972067039
 217 -125.6983240223464
 100 -123.6871508379888
 211 -121.6759776536313
 189 -119.6648044692737
 1 -117.6536312849162
 94 -115.6424581005587
 113 -113.6312849162011
 112 -111.6201117318436
 28 -109.608938547486
 36 -107.5977653631285
 16 -105.5865921787709
 8 -103.5754189944134
 3 -101.5642458100559
 1 -99.55307262569832
 2 -97.54189944134077
 3 -95.53072625698323
 2 -93.5195530726257
 8119 -91.50837988826815
 10 -89.49720670391061
 2 -87.48603351955308
 0 -85.47486033519553
 0 -83.46368715083798
 2 -81.45251396648044
 7 -79.44134078212289
 6 -77.43016759776536
 40 -75.41899441340782
 13 -73.40782122905027
 46 -71.39664804469274
 94 -69.38547486033519
 53 -67.37430167597765
 104 -65.3631284916201
 46 -63.35195530726256
 251 -61.34078212290503
 161 -59.32960893854748
 236 -57.31843575418993
 98 -55.3072625698324
 75 -53.29608938547486
 227 -51.28491620111731
 54 -49.27374301675977
 122 -47.26256983240222
 2 -45.25139664804468
 238 -43.24022346368713
 5 -41.22905027932961
 174 -39.21787709497207
 331 -37.20670391061452
 465 -35.19553072625698
 124 -33.18435754189943
 55 -31.17318435754188
 145 -29.16201117318434
 3 -27.15083798882682
 50 -25.13966480446928
 665 -23.12849162011173
 146 -21.11731843575419
 42 -19.10614525139664
 7 -17.09497206703909
 47 -15.08379888268155
 157 -13.072625698324
 9 -11.06145251396646
 526 -9.050279329608941
 3 -7.039106145251395
 122 -5.02793296089385
 17 -3.016759776536304
 3 -1.005586592178759
 27 1.005586592178787
 137 3.016759776536333
 4 5.02793296089385
 552 7.039106145251395
 8 9.050279329608941
 137 11.06145251396649
 61 13.07262569832403
 4 15.08379888268158
 58 17.09497206703912
 109 19.10614525139667
 498 21.11731843575421
 64 23.12849162011173
 104 25.13966480446928
 100 27.15083798882682
 53 29.16201117318437
 235 31.17318435754191
 298 33.18435754189946
 266 35.195530726257
 160 37.20670391061452
 31 39.21787709497207
 257 41.22905027932961
 4 43.24022346368716
 106 45.2513966480447
 73 47.26256983240225
 265 49.27374301675979
 71 51.28491620111734
 193 53.29608938547489
 90 55.3072625698324
 133 57.31843575418995
 266 59.32960893854749
 63 61.34078212290504
 116 63.35195530726259
 69 65.36312849162013
 107 67.37430167597768
 32 69.38547486033519
 34 71.39664804469274
 43 73.40782122905028
 5 75.41899441340783
 3 77.43016759776538
 3 79.44134078212289
 0 81.45251396648047
 0 83.46368715083798
 3 85.47486033519556
 11 87.48603351955308
 7602 89.49720670391065
 3 91.50837988826817
 4 93.51955307262574
 2 95.53072625698326
 0 97.54189944134077
 6 99.55307262569835
 11 101.5642458100559
 23 103.5754189944134
 40 105.586592178771
 23 107.5977653631285
 128 109.608938547486
 103 111.6201117318436
 114 113.6312849162011
 4 115.6424581005587
 232 117.6536312849162
 177 119.6648044692737
 93 121.6759776536313
 177 123.6871508379888
 185 125.6983240223464
 85 127.7094972067039
 170 129.7206703910614
 152 131.731843575419
 4 133.7430167597765
 129 135.7541899441341
 166 137.7653631284916
 94 139.7765363128492
 123 141.7877094972067
 464 143.7988826815642
 110 145.8100558659218
 211 147.8212290502793
 47 149.8324022346369
 149 151.8435754189944
 59 153.854748603352
 459 155.8659217877095
 46 157.8770949720671
 106 159.8882681564246
 79 161.8994413407821
 53 163.9106145251397
 12 165.9217877094972
 128 167.9329608938548
 210 169.9441340782123
 366 171.9553072625699
 2 173.9664804469274
 147 175.9776536312849
 3 177.9888268156425
 0 180


