# Created by Octave 3.8.2, Mon Jun 22 16:32:14 2020 CEST <damian@fptrucha.inv.usc.es>
# name: hd
# type: matrix
# rows: 180
# columns: 2
 3 -180
 180 -177.9888268156425
 4 -175.9776536312849
 381 -173.9664804469274
 215 -171.9553072625698
 157 -169.9441340782123
 40 -167.9329608938548
 50 -165.9217877094972
 72 -163.9106145251397
 152 -161.8994413407821
 48 -159.8882681564246
 585 -157.877094972067
 85 -155.8659217877095
 141 -153.854748603352
 43 -151.8435754189944
 90 -149.8324022346369
 222 -147.8212290502793
 608 -145.8100558659218
 139 -143.7988826815642
 92 -141.7877094972067
 170 -139.7765363128491
 120 -137.7653631284916
 3 -135.7541899441341
 148 -133.7430167597765
 169 -131.731843575419
 88 -129.7206703910614
 170 -127.7094972067039
 240 -125.6983240223464
 115 -123.6871508379888
 168 -121.6759776536313
 177 -119.6648044692737
 5 -117.6536312849162
 113 -115.6424581005587
 151 -113.6312849162011
 120 -111.6201117318436
 23 -109.608938547486
 44 -107.5977653631285
 27 -105.5865921787709
 16 -103.5754189944134
 7 -101.5642458100559
 0 -99.55307262569832
 2 -97.54189944134077
 7 -95.53072625698323
 3 -93.5195530726257
 8230 -91.50837988826815
 20 -89.49720670391061
 6 -87.48603351955308
 3 -85.47486033519553
 0 -83.46368715083798
 3 -81.45251396648044
 8 -79.44134078212289
 12 -77.43016759776536
 56 -75.41899441340782
 31 -73.40782122905027
 57 -71.39664804469274
 123 -69.38547486033519
 75 -67.37430167597765
 116 -65.3631284916201
 62 -63.35195530726256
 243 -61.34078212290503
 157 -59.32960893854748
 211 -57.31843575418993
 101 -55.3072625698324
 85 -53.29608938547486
 232 -51.28491620111731
 68 -49.27374301675977
 124 -47.26256983240222
 6 -45.25139664804468
 286 -43.24022346368713
 7 -41.22905027932961
 142 -39.21787709497207
 300 -37.20670391061452
 452 -35.19553072625698
 113 -33.18435754189943
 54 -31.17318435754188
 143 -29.16201117318434
 9 -27.15083798882682
 79 -25.13966480446928
 587 -23.12849162011173
 144 -21.11731843575419
 48 -19.10614525139664
 11 -17.09497206703909
 45 -15.08379888268155
 150 -13.072625698324
 6 -11.06145251396646
 607 -9.050279329608941
 2 -7.039106145251395
 138 -5.02793296089385
 26 -3.016759776536304
 5 -1.005586592178759
 26 1.005586592178787
 139 3.016759776536333
 2 5.02793296089385
 549 7.039106145251395
 13 9.050279329608941
 144 11.06145251396649
 59 13.07262569832403
 8 15.08379888268158
 53 17.09497206703912
 117 19.10614525139667
 561 21.11731843575421
 56 23.12849162011173
 104 25.13966480446928
 110 27.15083798882682
 72 29.16201117318437
 181 31.17318435754191
 338 33.18435754189946
 256 35.195530726257
 156 37.20670391061452
 31 39.21787709497207
 314 41.22905027932961
 4 43.24022346368716
 115 45.2513966480447
 75 47.26256983240225
 265 49.27374301675979
 97 51.28491620111734
 214 53.29608938547489
 93 55.3072625698324
 170 57.31843575418995
 278 59.32960893854749
 65 61.34078212290504
 136 63.35195530726259
 88 65.36312849162013
 131 67.37430167597768
 59 69.38547486033519
 34 71.39664804469274
 51 73.40782122905028
 6 75.41899441340783
 9 77.43016759776538
 4 79.44134078212289
 1 81.45251396648047
 3 83.46368715083798
 4 85.47486033519556
 14 87.48603351955308
 7654 89.49720670391065
 9 91.50837988826817
 6 93.51955307262574
 1 95.53072625698326
 2 97.54189944134077
 4 99.55307262569835
 14 101.5642458100559
 30 103.5754189944134
 45 105.586592178771
 24 107.5977653631285
 138 109.608938547486
 147 111.6201117318436
 145 113.6312849162011
 2 115.6424581005587
 229 117.6536312849162
 195 119.6648044692737
 94 121.6759776536313
 175 123.6871508379888
 180 125.6983240223464
 84 127.7094972067039
 183 129.7206703910614
 210 131.731843575419
 3 133.7430167597765
 117 135.7541899441341
 209 137.7653631284916
 112 139.7765363128492
 146 141.7877094972067
 531 143.7988826815642
 120 145.8100558659218
 186 147.8212290502793
 53 149.8324022346369
 129 151.8435754189944
 72 153.854748603352
 481 155.8659217877095
 49 157.8770949720671
 139 159.8882681564246
 61 161.8994413407821
 43 163.9106145251397
 21 165.9217877094972
 150 167.9329608938548
 226 169.9441340782123
 330 171.9553072625699
 5 173.9664804469274
 174 175.9776536312849
 5 177.9888268156425
 0 180


