# Created by Octave 3.8.2, Sun Jun 21 02:37:58 2020 CEST <damian@fptrucha.inv.usc.es>
# name: hd
# type: matrix
# rows: 180
# columns: 2
 3 -180
 159 -177.9888268156425
 3 -175.9776536312849
 349 -173.9664804469274
 235 -171.9553072625698
 159 -169.9441340782123
 33 -167.9329608938548
 37 -165.9217877094972
 54 -163.9106145251397
 152 -161.8994413407821
 34 -159.8882681564246
 585 -157.877094972067
 53 -155.8659217877095
 132 -153.854748603352
 34 -151.8435754189944
 70 -149.8324022346369
 193 -147.8212290502793
 575 -145.8100558659218
 118 -143.7988826815642
 71 -141.7877094972067
 171 -139.7765363128491
 100 -137.7653631284916
 3 -135.7541899441341
 146 -133.7430167597765
 173 -131.731843575419
 98 -129.7206703910614
 176 -127.7094972067039
 231 -125.6983240223464
 88 -123.6871508379888
 184 -121.6759776536313
 184 -119.6648044692737
 2 -117.6536312849162
 96 -115.6424581005587
 83 -113.6312849162011
 150 -111.6201117318436
 17 -109.608938547486
 26 -107.5977653631285
 23 -105.5865921787709
 5 -103.5754189944134
 3 -101.5642458100559
 0 -99.55307262569832
 0 -97.54189944134077
 2 -95.53072625698323
 5 -93.5195530726257
 7877 -91.50837988826815
 10 -89.49720670391061
 4 -87.48603351955308
 1 -85.47486033519553
 0 -83.46368715083798
 3 -81.45251396648044
 9 -79.44134078212289
 5 -77.43016759776536
 49 -75.41899441340782
 23 -73.40782122905027
 67 -71.39664804469274
 121 -69.38547486033519
 72 -67.37430167597765
 87 -65.3631284916201
 39 -63.35195530726256
 233 -61.34078212290503
 153 -59.32960893854748
 237 -57.31843575418993
 90 -55.3072625698324
 77 -53.29608938547486
 225 -51.28491620111731
 51 -49.27374301675977
 115 -47.26256983240222
 2 -45.25139664804468
 249 -43.24022346368713
 1 -41.22905027932961
 130 -39.21787709497207
 316 -37.20670391061452
 522 -35.19553072625698
 112 -33.18435754189943
 47 -31.17318435754188
 140 -29.16201117318434
 11 -27.15083798882682
 54 -25.13966480446928
 639 -23.12849162011173
 136 -21.11731843575419
 45 -19.10614525139664
 6 -17.09497206703909
 24 -15.08379888268155
 145 -13.072625698324
 5 -11.06145251396646
 567 -9.050279329608941
 2 -7.039106145251395
 121 -5.02793296089385
 19 -3.016759776536304
 0 -1.005586592178759
 20 1.005586592178787
 133 3.016759776536333
 2 5.02793296089385
 515 7.039106145251395
 10 9.050279329608941
 125 11.06145251396649
 42 13.07262569832403
 10 15.08379888268158
 58 17.09497206703912
 90 19.10614525139667
 527 21.11731843575421
 53 23.12849162011173
 96 25.13966480446928
 88 27.15083798882682
 59 29.16201117318437
 221 31.17318435754191
 296 33.18435754189946
 236 35.195530726257
 167 37.20670391061452
 32 39.21787709497207
 283 41.22905027932961
 0 43.24022346368716
 129 45.2513966480447
 51 47.26256983240225
 207 49.27374301675979
 95 51.28491620111734
 187 53.29608938547489
 82 55.3072625698324
 127 57.31843575418995
 236 59.32960893854749
 63 61.34078212290504
 118 63.35195530726259
 75 65.36312849162013
 107 67.37430167597768
 32 69.38547486033519
 26 71.39664804469274
 33 73.40782122905028
 8 75.41899441340783
 4 77.43016759776538
 3 79.44134078212289
 0 81.45251396648047
 2 83.46368715083798
 3 85.47486033519556
 14 87.48603351955308
 7411 89.49720670391065
 10 91.50837988826817
 2 93.51955307262574
 1 95.53072625698326
 0 97.54189944134077
 4 99.55307262569835
 9 101.5642458100559
 24 103.5754189944134
 41 105.586592178771
 19 107.5977653631285
 106 109.608938547486
 112 111.6201117318436
 122 113.6312849162011
 2 115.6424581005587
 199 117.6536312849162
 190 119.6648044692737
 87 121.6759776536313
 175 123.6871508379888
 166 125.6983240223464
 78 127.7094972067039
 158 129.7206703910614
 162 131.731843575419
 1 133.7430167597765
 119 135.7541899441341
 160 137.7653631284916
 100 139.7765363128492
 114 141.7877094972067
 453 143.7988826815642
 143 145.8100558659218
 201 147.8212290502793
 42 149.8324022346369
 140 151.8435754189944
 49 153.854748603352
 445 155.8659217877095
 44 157.8770949720671
 128 159.8882681564246
 49 161.8994413407821
 48 163.9106145251397
 22 165.9217877094972
 108 167.9329608938548
 181 169.9441340782123
 332 171.9553072625699
 3 173.9664804469274
 131 175.9776536312849
 3 177.9888268156425
 0 180


