# Created by Octave 3.8.2, Mon Jun 22 09:55:23 2020 CEST <damian@fptrucha.inv.usc.es>
# name: hd
# type: matrix
# rows: 180
# columns: 2
 8 -180
 176 -177.9888268156425
 2 -175.9776536312849
 381 -173.9664804469274
 223 -171.9553072625698
 154 -169.9441340782123
 41 -167.9329608938548
 48 -165.9217877094972
 74 -163.9106145251397
 141 -161.8994413407821
 39 -159.8882681564246
 543 -157.877094972067
 68 -155.8659217877095
 124 -153.854748603352
 45 -151.8435754189944
 72 -149.8324022346369
 212 -147.8212290502793
 572 -145.8100558659218
 110 -143.7988826815642
 92 -141.7877094972067
 162 -139.7765363128491
 115 -137.7653631284916
 3 -135.7541899441341
 162 -133.7430167597765
 156 -131.731843575419
 93 -129.7206703910614
 193 -127.7094972067039
 186 -125.6983240223464
 90 -123.6871508379888
 178 -121.6759776536313
 176 -119.6648044692737
 2 -117.6536312849162
 113 -115.6424581005587
 136 -113.6312849162011
 126 -111.6201117318436
 22 -109.608938547486
 29 -107.5977653631285
 24 -105.5865921787709
 9 -103.5754189944134
 5 -101.5642458100559
 0 -99.55307262569832
 5 -97.54189944134077
 1 -95.53072625698323
 8 -93.5195530726257
 7744 -91.50837988826815
 13 -89.49720670391061
 5 -87.48603351955308
 2 -85.47486033519553
 1 -83.46368715083798
 2 -81.45251396648044
 9 -79.44134078212289
 7 -77.43016759776536
 51 -75.41899441340782
 34 -73.40782122905027
 38 -71.39664804469274
 110 -69.38547486033519
 80 -67.37430167597765
 118 -65.3631284916201
 46 -63.35195530726256
 250 -61.34078212290503
 141 -59.32960893854748
 204 -57.31843575418993
 93 -55.3072625698324
 65 -53.29608938547486
 204 -51.28491620111731
 60 -49.27374301675977
 122 -47.26256983240222
 3 -45.25139664804468
 290 -43.24022346368713
 1 -41.22905027932961
 160 -39.21787709497207
 258 -37.20670391061452
 433 -35.19553072625698
 117 -33.18435754189943
 63 -31.17318435754188
 157 -29.16201117318434
 10 -27.15083798882682
 61 -25.13966480446928
 575 -23.12849162011173
 123 -21.11731843575419
 55 -19.10614525139664
 10 -17.09497206703909
 55 -15.08379888268155
 149 -13.072625698324
 12 -11.06145251396646
 595 -9.050279329608941
 1 -7.039106145251395
 142 -5.02793296089385
 24 -3.016759776536304
 5 -1.005586592178759
 24 1.005586592178787
 116 3.016759776536333
 3 5.02793296089385
 578 7.039106145251395
 13 9.050279329608941
 171 11.06145251396649
 40 13.07262569832403
 10 15.08379888268158
 57 17.09497206703912
 113 19.10614525139667
 538 21.11731843575421
 62 23.12849162011173
 69 25.13966480446928
 103 27.15083798882682
 53 29.16201117318437
 201 31.17318435754191
 324 33.18435754189946
 259 35.195530726257
 145 37.20670391061452
 42 39.21787709497207
 269 41.22905027932961
 4 43.24022346368716
 122 45.2513966480447
 62 47.26256983240225
 224 49.27374301675979
 90 51.28491620111734
 202 53.29608938547489
 78 55.3072625698324
 146 57.31843575418995
 299 59.32960893854749
 56 61.34078212290504
 145 63.35195530726259
 82 65.36312849162013
 115 67.37430167597768
 62 69.38547486033519
 32 71.39664804469274
 49 73.40782122905028
 9 75.41899441340783
 10 77.43016759776538
 4 79.44134078212289
 1 81.45251396648047
 1 83.46368715083798
 4 85.47486033519556
 8 87.48603351955308
 7633 89.49720670391065
 14 91.50837988826817
 0 93.51955307262574
 3 95.53072625698326
 1 97.54189944134077
 4 99.55307262569835
 18 101.5642458100559
 30 103.5754189944134
 45 105.586592178771
 21 107.5977653631285
 104 109.608938547486
 128 111.6201117318436
 134 113.6312849162011
 4 115.6424581005587
 211 117.6536312849162
 159 119.6648044692737
 97 121.6759776536313
 189 123.6871508379888
 184 125.6983240223464
 89 127.7094972067039
 188 129.7206703910614
 187 131.731843575419
 3 133.7430167597765
 117 135.7541899441341
 187 137.7653631284916
 88 139.7765363128492
 123 141.7877094972067
 528 143.7988826815642
 128 145.8100558659218
 215 147.8212290502793
 59 149.8324022346369
 145 151.8435754189944
 66 153.854748603352
 513 155.8659217877095
 46 157.8770949720671
 125 159.8882681564246
 67 161.8994413407821
 45 163.9106145251397
 17 165.9217877094972
 166 167.9329608938548
 222 169.9441340782123
 353 171.9553072625699
 6 173.9664804469274
 156 175.9776536312849
 3 177.9888268156425
 0 180


