# Created by Octave 3.8.2, Sat Jun 20 04:08:44 2020 CEST <damian@fptrucha.inv.usc.es>
# name: hd
# type: matrix
# rows: 180
# columns: 2
 2 -180
 174 -177.9888268156425
 2 -175.9776536312849
 426 -173.9664804469274
 246 -171.9553072625698
 189 -169.9441340782123
 31 -167.9329608938548
 47 -165.9217877094972
 53 -163.9106145251397
 197 -161.8994413407821
 46 -159.8882681564246
 672 -157.877094972067
 74 -155.8659217877095
 167 -153.854748603352
 42 -151.8435754189944
 75 -149.8324022346369
 256 -147.8212290502793
 698 -145.8100558659218
 130 -143.7988826815642
 113 -141.7877094972067
 209 -139.7765363128491
 108 -137.7653631284916
 2 -135.7541899441341
 193 -133.7430167597765
 207 -131.731843575419
 86 -129.7206703910614
 231 -127.7094972067039
 269 -125.6983240223464
 116 -123.6871508379888
 245 -121.6759776536313
 235 -119.6648044692737
 5 -117.6536312849162
 116 -115.6424581005587
 149 -113.6312849162011
 157 -111.6201117318436
 22 -109.608938547486
 51 -107.5977653631285
 26 -105.5865921787709
 13 -103.5754189944134
 0 -101.5642458100559
 0 -99.55307262569832
 0 -97.54189944134077
 2 -95.53072625698323
 3 -93.5195530726257
 9260 -91.50837988826815
 11 -89.49720670391061
 1 -87.48603351955308
 1 -85.47486033519553
 0 -83.46368715083798
 2 -81.45251396648044
 4 -79.44134078212289
 2 -77.43016759776536
 50 -75.41899441340782
 31 -73.40782122905027
 70 -71.39664804469274
 130 -69.38547486033519
 81 -67.37430167597765
 127 -65.3631284916201
 64 -63.35195530726256
 311 -61.34078212290503
 158 -59.32960893854748
 250 -57.31843575418993
 95 -55.3072625698324
 90 -53.29608938547486
 270 -51.28491620111731
 57 -49.27374301675977
 124 -47.26256983240222
 1 -45.25139664804468
 314 -43.24022346368713
 4 -41.22905027932961
 182 -39.21787709497207
 361 -37.20670391061452
 525 -35.19553072625698
 125 -33.18435754189943
 61 -31.17318435754188
 153 -29.16201117318434
 10 -27.15083798882682
 60 -25.13966480446928
 642 -23.12849162011173
 174 -21.11731843575419
 47 -19.10614525139664
 5 -17.09497206703909
 36 -15.08379888268155
 176 -13.072625698324
 7 -11.06145251396646
 585 -9.050279329608941
 2 -7.039106145251395
 135 -5.02793296089385
 27 -3.016759776536304
 2 -1.005586592178759
 18 1.005586592178787
 106 3.016759776536333
 4 5.02793296089385
 593 7.039106145251395
 4 9.050279329608941
 131 11.06145251396649
 40 13.07262569832403
 6 15.08379888268158
 54 17.09497206703912
 117 19.10614525139667
 587 21.11731843575421
 65 23.12849162011173
 90 25.13966480446928
 95 27.15083798882682
 65 29.16201117318437
 210 31.17318435754191
 371 33.18435754189946
 273 35.195530726257
 182 37.20670391061452
 29 39.21787709497207
 273 41.22905027932961
 2 43.24022346368716
 105 45.2513966480447
 50 47.26256983240225
 219 49.27374301675979
 80 51.28491620111734
 189 53.29608938547489
 98 55.3072625698324
 143 57.31843575418995
 268 59.32960893854749
 55 61.34078212290504
 109 63.35195530726259
 89 65.36312849162013
 119 67.37430167597768
 68 69.38547486033519
 20 71.39664804469274
 41 73.40782122905028
 2 75.41899441340783
 11 77.43016759776538
 0 79.44134078212289
 0 81.45251396648047
 0 83.46368715083798
 4 85.47486033519556
 14 87.48603351955308
 8175 89.49720670391065
 7 91.50837988826817
 1 93.51955307262574
 1 95.53072625698326
 2 97.54189944134077
 1 99.55307262569835
 10 101.5642458100559
 21 103.5754189944134
 31 105.586592178771
 18 107.5977653631285
 90 109.608938547486
 123 111.6201117318436
 121 113.6312849162011
 2 115.6424581005587
 201 117.6536312849162
 175 119.6648044692737
 95 121.6759776536313
 196 123.6871508379888
 160 125.6983240223464
 66 127.7094972067039
 169 129.7206703910614
 200 131.731843575419
 3 133.7430167597765
 121 135.7541899441341
 177 137.7653631284916
 82 139.7765363128492
 137 141.7877094972067
 546 143.7988826815642
 142 145.8100558659218
 203 147.8212290502793
 32 149.8324022346369
 147 151.8435754189944
 59 153.854748603352
 522 155.8659217877095
 55 157.8770949720671
 120 159.8882681564246
 63 161.8994413407821
 61 163.9106145251397
 17 165.9217877094972
 166 167.9329608938548
 236 169.9441340782123
 327 171.9553072625699
 4 173.9664804469274
 179 175.9776536312849
 2 177.9888268156425
 0 180


