# Created by Octave 3.8.2, Sat Jun 20 07:22:12 2020 CEST <damian@fptrucha.inv.usc.es>
# name: hd
# type: matrix
# rows: 180
# columns: 2
 4 -180
 181 -177.9888268156425
 4 -175.9776536312849
 417 -173.9664804469274
 277 -171.9553072625698
 179 -169.9441340782123
 27 -167.9329608938548
 47 -165.9217877094972
 68 -163.9106145251397
 172 -161.8994413407821
 55 -159.8882681564246
 705 -157.877094972067
 68 -155.8659217877095
 151 -153.854748603352
 44 -151.8435754189944
 75 -149.8324022346369
 242 -147.8212290502793
 725 -145.8100558659218
 151 -143.7988826815642
 95 -141.7877094972067
 218 -139.7765363128491
 109 -137.7653631284916
 2 -135.7541899441341
 195 -133.7430167597765
 190 -131.731843575419
 94 -129.7206703910614
 213 -127.7094972067039
 273 -125.6983240223464
 122 -123.6871508379888
 214 -121.6759776536313
 253 -119.6648044692737
 3 -117.6536312849162
 143 -115.6424581005587
 146 -113.6312849162011
 131 -111.6201117318436
 25 -109.608938547486
 42 -107.5977653631285
 29 -105.5865921787709
 11 -103.5754189944134
 0 -101.5642458100559
 0 -99.55307262569832
 1 -97.54189944134077
 0 -95.53072625698323
 9 -93.5195530726257
 9472 -91.50837988826815
 12 -89.49720670391061
 1 -87.48603351955308
 1 -85.47486033519553
 0 -83.46368715083798
 2 -81.45251396648044
 10 -79.44134078212289
 7 -77.43016759776536
 57 -75.41899441340782
 28 -73.40782122905027
 50 -71.39664804469274
 136 -69.38547486033519
 74 -67.37430167597765
 142 -65.3631284916201
 58 -63.35195530726256
 338 -61.34078212290503
 195 -59.32960893854748
 278 -57.31843575418993
 122 -55.3072625698324
 93 -53.29608938547486
 257 -51.28491620111731
 57 -49.27374301675977
 131 -47.26256983240222
 3 -45.25139664804468
 310 -43.24022346368713
 8 -41.22905027932961
 194 -39.21787709497207
 365 -37.20670391061452
 483 -35.19553072625698
 133 -33.18435754189943
 55 -31.17318435754188
 191 -29.16201117318434
 14 -27.15083798882682
 66 -25.13966480446928
 728 -23.12849162011173
 187 -21.11731843575419
 43 -19.10614525139664
 9 -17.09497206703909
 43 -15.08379888268155
 163 -13.072625698324
 14 -11.06145251396646
 610 -9.050279329608941
 1 -7.039106145251395
 139 -5.02793296089385
 33 -3.016759776536304
 7 -1.005586592178759
 28 1.005586592178787
 139 3.016759776536333
 2 5.02793296089385
 624 7.039106145251395
 8 9.050279329608941
 167 11.06145251396649
 63 13.07262569832403
 14 15.08379888268158
 55 17.09497206703912
 122 19.10614525139667
 614 21.11731843575421
 77 23.12849162011173
 94 25.13966480446928
 120 27.15083798882682
 59 29.16201117318437
 257 31.17318435754191
 391 33.18435754189946
 269 35.195530726257
 155 37.20670391061452
 38 39.21787709497207
 281 41.22905027932961
 0 43.24022346368716
 104 45.2513966480447
 63 47.26256983240225
 234 49.27374301675979
 90 51.28491620111734
 237 53.29608938547489
 83 55.3072625698324
 148 57.31843575418995
 256 59.32960893854749
 57 61.34078212290504
 131 63.35195530726259
 84 65.36312849162013
 97 67.37430167597768
 51 69.38547486033519
 25 71.39664804469274
 37 73.40782122905028
 6 75.41899441340783
 8 77.43016759776538
 1 79.44134078212289
 0 81.45251396648047
 2 83.46368715083798
 2 85.47486033519556
 10 87.48603351955308
 8363 89.49720670391065
 7 91.50837988826817
 4 93.51955307262574
 1 95.53072625698326
 1 97.54189944134077
 4 99.55307262569835
 17 101.5642458100559
 22 103.5754189944134
 39 105.586592178771
 15 107.5977653631285
 122 109.608938547486
 126 111.6201117318436
 114 113.6312849162011
 0 115.6424581005587
 227 117.6536312849162
 185 119.6648044692737
 86 121.6759776536313
 177 123.6871508379888
 206 125.6983240223464
 96 127.7094972067039
 147 129.7206703910614
 195 131.731843575419
 3 133.7430167597765
 128 135.7541899441341
 200 137.7653631284916
 103 139.7765363128492
 149 141.7877094972067
 547 143.7988826815642
 149 145.8100558659218
 223 147.8212290502793
 43 149.8324022346369
 167 151.8435754189944
 76 153.854748603352
 541 155.8659217877095
 66 157.8770949720671
 168 159.8882681564246
 97 161.8994413407821
 53 163.9106145251397
 18 165.9217877094972
 137 167.9329608938548
 234 169.9441340782123
 354 171.9553072625699
 4 173.9664804469274
 156 175.9776536312849
 4 177.9888268156425
 0 180


