# Created by Octave 3.8.2, Sun Jun 21 07:44:39 2020 CEST <damian@fptrucha.inv.usc.es>
# name: hd
# type: matrix
# rows: 180
# columns: 2
 1 -180
 178 -177.9888268156425
 2 -175.9776536312849
 381 -173.9664804469274
 245 -171.9553072625698
 165 -169.9441340782123
 33 -167.9329608938548
 33 -165.9217877094972
 52 -163.9106145251397
 162 -161.8994413407821
 38 -159.8882681564246
 627 -157.877094972067
 59 -155.8659217877095
 129 -153.854748603352
 40 -151.8435754189944
 61 -149.8324022346369
 210 -147.8212290502793
 577 -145.8100558659218
 132 -143.7988826815642
 67 -141.7877094972067
 154 -139.7765363128491
 85 -137.7653631284916
 2 -135.7541899441341
 161 -133.7430167597765
 150 -131.731843575419
 79 -129.7206703910614
 175 -127.7094972067039
 236 -125.6983240223464
 104 -123.6871508379888
 205 -121.6759776536313
 180 -119.6648044692737
 1 -117.6536312849162
 123 -115.6424581005587
 97 -113.6312849162011
 108 -111.6201117318436
 19 -109.608938547486
 30 -107.5977653631285
 29 -105.5865921787709
 6 -103.5754189944134
 2 -101.5642458100559
 1 -99.55307262569832
 0 -97.54189944134077
 2 -95.53072625698323
 2 -93.5195530726257
 8252 -91.50837988826815
 13 -89.49720670391061
 5 -87.48603351955308
 0 -85.47486033519553
 0 -83.46368715083798
 3 -81.45251396648044
 0 -79.44134078212289
 6 -77.43016759776536
 50 -75.41899441340782
 20 -73.40782122905027
 53 -71.39664804469274
 103 -69.38547486033519
 66 -67.37430167597765
 107 -65.3631284916201
 39 -63.35195530726256
 277 -61.34078212290503
 144 -59.32960893854748
 232 -57.31843575418993
 103 -55.3072625698324
 85 -53.29608938547486
 238 -51.28491620111731
 54 -49.27374301675977
 107 -47.26256983240222
 0 -45.25139664804468
 275 -43.24022346368713
 3 -41.22905027932961
 162 -39.21787709497207
 347 -37.20670391061452
 471 -35.19553072625698
 97 -33.18435754189943
 64 -31.17318435754188
 137 -29.16201117318434
 10 -27.15083798882682
 67 -25.13966480446928
 645 -23.12849162011173
 153 -21.11731843575419
 52 -19.10614525139664
 12 -17.09497206703909
 38 -15.08379888268155
 167 -13.072625698324
 7 -11.06145251396646
 562 -9.050279329608941
 1 -7.039106145251395
 143 -5.02793296089385
 23 -3.016759776536304
 3 -1.005586592178759
 15 1.005586592178787
 127 3.016759776536333
 1 5.02793296089385
 563 7.039106145251395
 10 9.050279329608941
 106 11.06145251396649
 46 13.07262569832403
 9 15.08379888268158
 55 17.09497206703912
 131 19.10614525139667
 507 21.11731843575421
 65 23.12849162011173
 113 25.13966480446928
 118 27.15083798882682
 59 29.16201117318437
 208 31.17318435754191
 316 33.18435754189946
 238 35.195530726257
 186 37.20670391061452
 31 39.21787709497207
 325 41.22905027932961
 1 43.24022346368716
 120 45.2513966480447
 54 47.26256983240225
 212 49.27374301675979
 81 51.28491620111734
 190 53.29608938547489
 73 55.3072625698324
 132 57.31843575418995
 271 59.32960893854749
 49 61.34078212290504
 119 63.35195530726259
 66 65.36312849162013
 97 67.37430167597768
 40 69.38547486033519
 32 71.39664804469274
 38 73.40782122905028
 7 75.41899441340783
 6 77.43016759776538
 2 79.44134078212289
 1 81.45251396648047
 1 83.46368715083798
 3 85.47486033519556
 14 87.48603351955308
 7724 89.49720670391065
 11 91.50837988826817
 3 93.51955307262574
 0 95.53072625698326
 0 97.54189944134077
 2 99.55307262569835
 8 101.5642458100559
 16 103.5754189944134
 43 105.586592178771
 22 107.5977653631285
 110 109.608938547486
 124 111.6201117318436
 116 113.6312849162011
 2 115.6424581005587
 221 117.6536312849162
 170 119.6648044692737
 87 121.6759776536313
 195 123.6871508379888
 189 125.6983240223464
 81 127.7094972067039
 145 129.7206703910614
 197 131.731843575419
 1 133.7430167597765
 133 135.7541899441341
 158 137.7653631284916
 105 139.7765363128492
 143 141.7877094972067
 503 143.7988826815642
 111 145.8100558659218
 233 147.8212290502793
 40 149.8324022346369
 167 151.8435754189944
 62 153.854748603352
 475 155.8659217877095
 42 157.8770949720671
 115 159.8882681564246
 66 161.8994413407821
 42 163.9106145251397
 23 165.9217877094972
 124 167.9329608938548
 224 169.9441340782123
 349 171.9553072625699
 0 173.9664804469274
 186 175.9776536312849
 2 177.9888268156425
 0 180


