# Created by Octave 3.8.2, Sat Jun 20 05:34:09 2020 CEST <damian@fptrucha.inv.usc.es>
# name: hd
# type: matrix
# rows: 180
# columns: 2
 1 -180
 170 -177.9888268156425
 4 -175.9776536312849
 434 -173.9664804469274
 236 -171.9553072625698
 143 -169.9441340782123
 33 -167.9329608938548
 41 -165.9217877094972
 60 -163.9106145251397
 155 -161.8994413407821
 53 -159.8882681564246
 719 -157.877094972067
 60 -155.8659217877095
 138 -153.854748603352
 40 -151.8435754189944
 65 -149.8324022346369
 227 -147.8212290502793
 713 -145.8100558659218
 152 -143.7988826815642
 126 -141.7877094972067
 193 -139.7765363128491
 96 -137.7653631284916
 1 -135.7541899441341
 190 -133.7430167597765
 182 -131.731843575419
 90 -129.7206703910614
 221 -127.7094972067039
 292 -125.6983240223464
 128 -123.6871508379888
 205 -121.6759776536313
 242 -119.6648044692737
 6 -117.6536312849162
 119 -115.6424581005587
 138 -113.6312849162011
 127 -111.6201117318436
 17 -109.608938547486
 38 -107.5977653631285
 37 -105.5865921787709
 13 -103.5754189944134
 4 -101.5642458100559
 0 -99.55307262569832
 0 -97.54189944134077
 2 -95.53072625698323
 4 -93.5195530726257
 9083 -91.50837988826815
 15 -89.49720670391061
 4 -87.48603351955308
 0 -85.47486033519553
 0 -83.46368715083798
 1 -81.45251396648044
 11 -79.44134078212289
 5 -77.43016759776536
 50 -75.41899441340782
 26 -73.40782122905027
 64 -71.39664804469274
 153 -69.38547486033519
 86 -67.37430167597765
 107 -65.3631284916201
 55 -63.35195530726256
 301 -61.34078212290503
 155 -59.32960893854748
 236 -57.31843575418993
 118 -55.3072625698324
 71 -53.29608938547486
 265 -51.28491620111731
 64 -49.27374301675977
 112 -47.26256983240222
 5 -45.25139664804468
 283 -43.24022346368713
 2 -41.22905027932961
 165 -39.21787709497207
 381 -37.20670391061452
 491 -35.19553072625698
 138 -33.18435754189943
 75 -31.17318435754188
 154 -29.16201117318434
 9 -27.15083798882682
 65 -25.13966480446928
 684 -23.12849162011173
 154 -21.11731843575419
 62 -19.10614525139664
 5 -17.09497206703909
 40 -15.08379888268155
 195 -13.072625698324
 14 -11.06145251396646
 612 -9.050279329608941
 2 -7.039106145251395
 156 -5.02793296089385
 18 -3.016759776536304
 1 -1.005586592178759
 27 1.005586592178787
 142 3.016759776536333
 4 5.02793296089385
 605 7.039106145251395
 6 9.050279329608941
 140 11.06145251396649
 58 13.07262569832403
 16 15.08379888268158
 61 17.09497206703912
 107 19.10614525139667
 572 21.11731843575421
 71 23.12849162011173
 95 25.13966480446928
 122 27.15083798882682
 59 29.16201117318437
 234 31.17318435754191
 353 33.18435754189946
 269 35.195530726257
 177 37.20670391061452
 28 39.21787709497207
 323 41.22905027932961
 3 43.24022346368716
 126 45.2513966480447
 60 47.26256983240225
 253 49.27374301675979
 73 51.28491620111734
 206 53.29608938547489
 85 55.3072625698324
 143 57.31843575418995
 256 59.32960893854749
 47 61.34078212290504
 112 63.35195530726259
 65 65.36312849162013
 96 67.37430167597768
 34 69.38547486033519
 31 71.39664804469274
 51 73.40782122905028
 6 75.41899441340783
 3 77.43016759776538
 0 79.44134078212289
 0 81.45251396648047
 0 83.46368715083798
 4 85.47486033519556
 11 87.48603351955308
 8309 89.49720670391065
 10 91.50837988826817
 2 93.51955307262574
 1 95.53072625698326
 0 97.54189944134077
 2 99.55307262569835
 15 101.5642458100559
 32 103.5754189944134
 37 105.586592178771
 29 107.5977653631285
 105 109.608938547486
 134 111.6201117318436
 139 113.6312849162011
 4 115.6424581005587
 204 117.6536312849162
 161 119.6648044692737
 106 121.6759776536313
 175 123.6871508379888
 204 125.6983240223464
 78 127.7094972067039
 157 129.7206703910614
 195 131.731843575419
 4 133.7430167597765
 129 135.7541899441341
 173 137.7653631284916
 112 139.7765363128492
 163 141.7877094972067
 523 143.7988826815642
 137 145.8100558659218
 218 147.8212290502793
 41 149.8324022346369
 161 151.8435754189944
 76 153.854748603352
 511 155.8659217877095
 64 157.8770949720671
 136 159.8882681564246
 75 161.8994413407821
 64 163.9106145251397
 19 165.9217877094972
 141 167.9329608938548
 260 169.9441340782123
 350 171.9553072625699
 3 173.9664804469274
 169 175.9776536312849
 8 177.9888268156425
 0 180


