# Created by Octave 3.8.2, Sat Jun 20 22:32:22 2020 CEST <damian@fptrucha.inv.usc.es>
# name: hd
# type: matrix
# rows: 180
# columns: 2
 6 -180
 157 -177.9888268156425
 1 -175.9776536312849
 380 -173.9664804469274
 234 -171.9553072625698
 154 -169.9441340782123
 34 -167.9329608938548
 41 -165.9217877094972
 60 -163.9106145251397
 169 -161.8994413407821
 46 -159.8882681564246
 574 -157.877094972067
 62 -155.8659217877095
 113 -153.854748603352
 44 -151.8435754189944
 56 -149.8324022346369
 207 -147.8212290502793
 599 -145.8100558659218
 115 -143.7988826815642
 67 -141.7877094972067
 141 -139.7765363128491
 84 -137.7653631284916
 5 -135.7541899441341
 128 -133.7430167597765
 154 -131.731843575419
 80 -129.7206703910614
 155 -127.7094972067039
 220 -125.6983240223464
 87 -123.6871508379888
 164 -121.6759776536313
 160 -119.6648044692737
 6 -117.6536312849162
 80 -115.6424581005587
 101 -113.6312849162011
 114 -111.6201117318436
 22 -109.608938547486
 27 -107.5977653631285
 21 -105.5865921787709
 13 -103.5754189944134
 3 -101.5642458100559
 0 -99.55307262569832
 0 -97.54189944134077
 2 -95.53072625698323
 5 -93.5195530726257
 8035 -91.50837988826815
 10 -89.49720670391061
 2 -87.48603351955308
 0 -85.47486033519553
 1 -83.46368715083798
 0 -81.45251396648044
 11 -79.44134078212289
 4 -77.43016759776536
 42 -75.41899441340782
 24 -73.40782122905027
 43 -71.39664804469274
 102 -69.38547486033519
 81 -67.37430167597765
 77 -65.3631284916201
 47 -63.35195530726256
 251 -61.34078212290503
 145 -59.32960893854748
 233 -57.31843575418993
 100 -55.3072625698324
 83 -53.29608938547486
 225 -51.28491620111731
 56 -49.27374301675977
 94 -47.26256983240222
 1 -45.25139664804468
 284 -43.24022346368713
 3 -41.22905027932961
 164 -39.21787709497207
 317 -37.20670391061452
 430 -35.19553072625698
 118 -33.18435754189943
 62 -31.17318435754188
 148 -29.16201117318434
 10 -27.15083798882682
 45 -25.13966480446928
 670 -23.12849162011173
 124 -21.11731843575419
 49 -19.10614525139664
 15 -17.09497206703909
 37 -15.08379888268155
 165 -13.072625698324
 6 -11.06145251396646
 529 -9.050279329608941
 0 -7.039106145251395
 118 -5.02793296089385
 19 -3.016759776536304
 3 -1.005586592178759
 20 1.005586592178787
 131 3.016759776536333
 2 5.02793296089385
 510 7.039106145251395
 9 9.050279329608941
 155 11.06145251396649
 52 13.07262569832403
 12 15.08379888268158
 60 17.09497206703912
 124 19.10614525139667
 518 21.11731843575421
 60 23.12849162011173
 73 25.13966480446928
 90 27.15083798882682
 62 29.16201117318437
 248 31.17318435754191
 289 33.18435754189946
 197 35.195530726257
 155 37.20670391061452
 32 39.21787709497207
 317 41.22905027932961
 1 43.24022346368716
 107 45.2513966480447
 65 47.26256983240225
 213 49.27374301675979
 69 51.28491620111734
 184 53.29608938547489
 76 55.3072625698324
 137 57.31843575418995
 245 59.32960893854749
 73 61.34078212290504
 114 63.35195530726259
 75 65.36312849162013
 119 67.37430167597768
 49 69.38547486033519
 28 71.39664804469274
 45 73.40782122905028
 2 75.41899441340783
 13 77.43016759776538
 1 79.44134078212289
 0 81.45251396648047
 0 83.46368715083798
 4 85.47486033519556
 12 87.48603351955308
 7660 89.49720670391065
 4 91.50837988826817
 6 93.51955307262574
 1 95.53072625698326
 0 97.54189944134077
 4 99.55307262569835
 14 101.5642458100559
 13 103.5754189944134
 34 105.586592178771
 22 107.5977653631285
 120 109.608938547486
 128 111.6201117318436
 116 113.6312849162011
 5 115.6424581005587
 209 117.6536312849162
 138 119.6648044692737
 84 121.6759776536313
 191 123.6871508379888
 161 125.6983240223464
 76 127.7094972067039
 146 129.7206703910614
 189 131.731843575419
 3 133.7430167597765
 90 135.7541899441341
 178 137.7653631284916
 113 139.7765363128492
 120 141.7877094972067
 482 143.7988826815642
 129 145.8100558659218
 216 147.8212290502793
 45 149.8324022346369
 164 151.8435754189944
 74 153.854748603352
 471 155.8659217877095
 54 157.8770949720671
 126 159.8882681564246
 65 161.8994413407821
 51 163.9106145251397
 14 165.9217877094972
 109 167.9329608938548
 241 169.9441340782123
 319 171.9553072625699
 1 173.9664804469274
 160 175.9776536312849
 7 177.9888268156425
 0 180


