# Created by Octave 3.8.2, Sat Jun 20 21:23:44 2020 CEST <damian@fptrucha.inv.usc.es>
# name: hd
# type: matrix
# rows: 180
# columns: 2
 2 -180
 168 -177.9888268156425
 3 -175.9776536312849
 354 -173.9664804469274
 228 -171.9553072625698
 162 -169.9441340782123
 29 -167.9329608938548
 25 -165.9217877094972
 51 -163.9106145251397
 142 -161.8994413407821
 30 -159.8882681564246
 610 -157.877094972067
 47 -155.8659217877095
 100 -153.854748603352
 35 -151.8435754189944
 59 -149.8324022346369
 212 -147.8212290502793
 586 -145.8100558659218
 111 -143.7988826815642
 84 -141.7877094972067
 166 -139.7765363128491
 97 -137.7653631284916
 3 -135.7541899441341
 156 -133.7430167597765
 127 -131.731843575419
 69 -129.7206703910614
 174 -127.7094972067039
 203 -125.6983240223464
 95 -123.6871508379888
 170 -121.6759776536313
 164 -119.6648044692737
 6 -117.6536312849162
 86 -115.6424581005587
 124 -113.6312849162011
 109 -111.6201117318436
 15 -109.608938547486
 30 -107.5977653631285
 15 -105.5865921787709
 12 -103.5754189944134
 2 -101.5642458100559
 0 -99.55307262569832
 1 -97.54189944134077
 3 -95.53072625698323
 4 -93.5195530726257
 8034 -91.50837988826815
 9 -89.49720670391061
 3 -87.48603351955308
 0 -85.47486033519553
 0 -83.46368715083798
 0 -81.45251396648044
 1 -79.44134078212289
 8 -77.43016759776536
 37 -75.41899441340782
 24 -73.40782122905027
 46 -71.39664804469274
 113 -69.38547486033519
 79 -67.37430167597765
 105 -65.3631284916201
 35 -63.35195530726256
 253 -61.34078212290503
 141 -59.32960893854748
 197 -57.31843575418993
 100 -55.3072625698324
 77 -53.29608938547486
 235 -51.28491620111731
 56 -49.27374301675977
 97 -47.26256983240222
 2 -45.25139664804468
 267 -43.24022346368713
 4 -41.22905027932961
 148 -39.21787709497207
 302 -37.20670391061452
 460 -35.19553072625698
 107 -33.18435754189943
 61 -31.17318435754188
 134 -29.16201117318434
 7 -27.15083798882682
 47 -25.13966480446928
 657 -23.12849162011173
 134 -21.11731843575419
 39 -19.10614525139664
 12 -17.09497206703909
 35 -15.08379888268155
 171 -13.072625698324
 9 -11.06145251396646
 574 -9.050279329608941
 1 -7.039106145251395
 111 -5.02793296089385
 23 -3.016759776536304
 2 -1.005586592178759
 15 1.005586592178787
 121 3.016759776536333
 1 5.02793296089385
 535 7.039106145251395
 11 9.050279329608941
 123 11.06145251396649
 53 13.07262569832403
 9 15.08379888268158
 51 17.09497206703912
 98 19.10614525139667
 550 21.11731843575421
 53 23.12849162011173
 95 25.13966480446928
 100 27.15083798882682
 58 29.16201117318437
 216 31.17318435754191
 327 33.18435754189946
 222 35.195530726257
 156 37.20670391061452
 24 39.21787709497207
 321 41.22905027932961
 1 43.24022346368716
 93 45.2513966480447
 57 47.26256983240225
 214 49.27374301675979
 96 51.28491620111734
 185 53.29608938547489
 84 55.3072625698324
 127 57.31843575418995
 261 59.32960893854749
 73 61.34078212290504
 116 63.35195530726259
 77 65.36312849162013
 103 67.37430167597768
 44 69.38547486033519
 21 71.39664804469274
 47 73.40782122905028
 6 75.41899441340783
 12 77.43016759776538
 1 79.44134078212289
 1 81.45251396648047
 0 83.46368715083798
 2 85.47486033519556
 12 87.48603351955308
 7628 89.49720670391065
 2 91.50837988826817
 3 93.51955307262574
 0 95.53072625698326
 0 97.54189944134077
 5 99.55307262569835
 22 101.5642458100559
 18 103.5754189944134
 43 105.586592178771
 32 107.5977653631285
 95 109.608938547486
 98 111.6201117318436
 117 113.6312849162011
 1 115.6424581005587
 229 117.6536312849162
 142 119.6648044692737
 89 121.6759776536313
 174 123.6871508379888
 194 125.6983240223464
 85 127.7094972067039
 126 129.7206703910614
 190 131.731843575419
 1 133.7430167597765
 110 135.7541899441341
 171 137.7653631284916
 95 139.7765363128492
 162 141.7877094972067
 468 143.7988826815642
 134 145.8100558659218
 182 147.8212290502793
 39 149.8324022346369
 185 151.8435754189944
 48 153.854748603352
 461 155.8659217877095
 47 157.8770949720671
 123 159.8882681564246
 70 161.8994413407821
 53 163.9106145251397
 15 165.9217877094972
 107 167.9329608938548
 209 169.9441340782123
 307 171.9553072625699
 2 173.9664804469274
 150 175.9776536312849
 3 177.9888268156425
 0 180


