# Created by Octave 3.8.2, Sun Jun 21 06:02:04 2020 CEST <damian@fptrucha.inv.usc.es>
# name: hd
# type: matrix
# rows: 180
# columns: 2
 4 -180
 151 -177.9888268156425
 5 -175.9776536312849
 324 -173.9664804469274
 234 -171.9553072625698
 148 -169.9441340782123
 32 -167.9329608938548
 48 -165.9217877094972
 53 -163.9106145251397
 141 -161.8994413407821
 37 -159.8882681564246
 614 -157.877094972067
 67 -155.8659217877095
 114 -153.854748603352
 46 -151.8435754189944
 54 -149.8324022346369
 204 -147.8212290502793
 634 -145.8100558659218
 110 -143.7988826815642
 66 -141.7877094972067
 169 -139.7765363128491
 93 -137.7653631284916
 3 -135.7541899441341
 149 -133.7430167597765
 151 -131.731843575419
 59 -129.7206703910614
 155 -127.7094972067039
 198 -125.6983240223464
 100 -123.6871508379888
 171 -121.6759776536313
 185 -119.6648044692737
 2 -117.6536312849162
 96 -115.6424581005587
 97 -113.6312849162011
 116 -111.6201117318436
 18 -109.608938547486
 24 -107.5977653631285
 19 -105.5865921787709
 12 -103.5754189944134
 1 -101.5642458100559
 0 -99.55307262569832
 1 -97.54189944134077
 2 -95.53072625698323
 2 -93.5195530726257
 8110 -91.50837988826815
 16 -89.49720670391061
 4 -87.48603351955308
 2 -85.47486033519553
 0 -83.46368715083798
 0 -81.45251396648044
 6 -79.44134078212289
 5 -77.43016759776536
 40 -75.41899441340782
 22 -73.40782122905027
 46 -71.39664804469274
 114 -69.38547486033519
 74 -67.37430167597765
 101 -65.3631284916201
 45 -63.35195530726256
 275 -61.34078212290503
 161 -59.32960893854748
 219 -57.31843575418993
 79 -55.3072625698324
 78 -53.29608938547486
 222 -51.28491620111731
 47 -49.27374301675977
 85 -47.26256983240222
 1 -45.25139664804468
 241 -43.24022346368713
 2 -41.22905027932961
 165 -39.21787709497207
 338 -37.20670391061452
 446 -35.19553072625698
 113 -33.18435754189943
 69 -31.17318435754188
 149 -29.16201117318434
 10 -27.15083798882682
 49 -25.13966480446928
 631 -23.12849162011173
 161 -21.11731843575419
 44 -19.10614525139664
 9 -17.09497206703909
 42 -15.08379888268155
 176 -13.072625698324
 5 -11.06145251396646
 569 -9.050279329608941
 1 -7.039106145251395
 124 -5.02793296089385
 15 -3.016759776536304
 0 -1.005586592178759
 22 1.005586592178787
 109 3.016759776536333
 1 5.02793296089385
 508 7.039106145251395
 6 9.050279329608941
 99 11.06145251396649
 45 13.07262569832403
 11 15.08379888268158
 57 17.09497206703912
 128 19.10614525139667
 482 21.11731843575421
 56 23.12849162011173
 82 25.13966480446928
 107 27.15083798882682
 44 29.16201117318437
 228 31.17318435754191
 318 33.18435754189946
 213 35.195530726257
 158 37.20670391061452
 26 39.21787709497207
 285 41.22905027932961
 0 43.24022346368716
 102 45.2513966480447
 61 47.26256983240225
 233 49.27374301675979
 83 51.28491620111734
 183 53.29608938547489
 73 55.3072625698324
 156 57.31843575418995
 234 59.32960893854749
 65 61.34078212290504
 121 63.35195530726259
 75 65.36312849162013
 90 67.37430167597768
 37 69.38547486033519
 23 71.39664804469274
 30 73.40782122905028
 7 75.41899441340783
 6 77.43016759776538
 2 79.44134078212289
 1 81.45251396648047
 3 83.46368715083798
 2 85.47486033519556
 8 87.48603351955308
 7341 89.49720670391065
 3 91.50837988826817
 4 93.51955307262574
 0 95.53072625698326
 2 97.54189944134077
 0 99.55307262569835
 16 101.5642458100559
 29 103.5754189944134
 32 105.586592178771
 27 107.5977653631285
 98 109.608938547486
 109 111.6201117318436
 105 113.6312849162011
 1 115.6424581005587
 214 117.6536312849162
 164 119.6648044692737
 89 121.6759776536313
 146 123.6871508379888
 166 125.6983240223464
 75 127.7094972067039
 174 129.7206703910614
 186 131.731843575419
 1 133.7430167597765
 119 135.7541899441341
 145 137.7653631284916
 109 139.7765363128492
 125 141.7877094972067
 468 143.7988826815642
 118 145.8100558659218
 212 147.8212290502793
 50 149.8324022346369
 174 151.8435754189944
 65 153.854748603352
 455 155.8659217877095
 56 157.8770949720671
 132 159.8882681564246
 70 161.8994413407821
 43 163.9106145251397
 14 165.9217877094972
 140 167.9329608938548
 232 169.9441340782123
 323 171.9553072625699
 1 173.9664804469274
 157 175.9776536312849
 3 177.9888268156425
 0 180


