# Created by Octave 3.8.2, Sat Jun 20 02:26:55 2020 CEST <damian@fptrucha.inv.usc.es>
# name: hd
# type: matrix
# rows: 180
# columns: 2
 6 -180
 159 -177.9888268156425
 1 -175.9776536312849
 412 -173.9664804469274
 242 -171.9553072625698
 163 -169.9441340782123
 26 -167.9329608938548
 36 -165.9217877094972
 68 -163.9106145251397
 152 -161.8994413407821
 41 -159.8882681564246
 689 -157.877094972067
 62 -155.8659217877095
 131 -153.854748603352
 37 -151.8435754189944
 74 -149.8324022346369
 257 -147.8212290502793
 681 -145.8100558659218
 137 -143.7988826815642
 97 -141.7877094972067
 212 -139.7765363128491
 103 -137.7653631284916
 4 -135.7541899441341
 198 -133.7430167597765
 171 -131.731843575419
 75 -129.7206703910614
 195 -127.7094972067039
 267 -125.6983240223464
 138 -123.6871508379888
 220 -121.6759776536313
 223 -119.6648044692737
 2 -117.6536312849162
 109 -115.6424581005587
 128 -113.6312849162011
 168 -111.6201117318436
 19 -109.608938547486
 38 -107.5977653631285
 22 -105.5865921787709
 13 -103.5754189944134
 3 -101.5642458100559
 0 -99.55307262569832
 3 -97.54189944134077
 3 -95.53072625698323
 5 -93.5195530726257
 9082 -91.50837988826815
 9 -89.49720670391061
 4 -87.48603351955308
 2 -85.47486033519553
 0 -83.46368715083798
 2 -81.45251396648044
 6 -79.44134078212289
 3 -77.43016759776536
 72 -75.41899441340782
 31 -73.40782122905027
 61 -71.39664804469274
 103 -69.38547486033519
 86 -67.37430167597765
 114 -65.3631284916201
 43 -63.35195530726256
 307 -61.34078212290503
 160 -59.32960893854748
 224 -57.31843575418993
 113 -55.3072625698324
 92 -53.29608938547486
 243 -51.28491620111731
 56 -49.27374301675977
 117 -47.26256983240222
 2 -45.25139664804468
 323 -43.24022346368713
 3 -41.22905027932961
 183 -39.21787709497207
 345 -37.20670391061452
 470 -35.19553072625698
 110 -33.18435754189943
 55 -31.17318435754188
 164 -29.16201117318434
 7 -27.15083798882682
 49 -25.13966480446928
 645 -23.12849162011173
 146 -21.11731843575419
 57 -19.10614525139664
 8 -17.09497206703909
 34 -15.08379888268155
 147 -13.072625698324
 10 -11.06145251396646
 567 -9.050279329608941
 5 -7.039106145251395
 130 -5.02793296089385
 27 -3.016759776536304
 1 -1.005586592178759
 26 1.005586592178787
 132 3.016759776536333
 2 5.02793296089385
 587 7.039106145251395
 7 9.050279329608941
 128 11.06145251396649
 56 13.07262569832403
 9 15.08379888268158
 52 17.09497206703912
 127 19.10614525139667
 550 21.11731843575421
 52 23.12849162011173
 102 25.13966480446928
 106 27.15083798882682
 53 29.16201117318437
 218 31.17318435754191
 323 33.18435754189946
 238 35.195530726257
 154 37.20670391061452
 37 39.21787709497207
 255 41.22905027932961
 2 43.24022346368716
 91 45.2513966480447
 74 47.26256983240225
 234 49.27374301675979
 85 51.28491620111734
 208 53.29608938547489
 69 55.3072625698324
 126 57.31843575418995
 243 59.32960893854749
 47 61.34078212290504
 106 63.35195530726259
 64 65.36312849162013
 95 67.37430167597768
 46 69.38547486033519
 27 71.39664804469274
 36 73.40782122905028
 5 75.41899441340783
 9 77.43016759776538
 2 79.44134078212289
 0 81.45251396648047
 0 83.46368715083798
 8 85.47486033519556
 16 87.48603351955308
 7883 89.49720670391065
 4 91.50837988826817
 1 93.51955307262574
 1 95.53072625698326
 0 97.54189944134077
 3 99.55307262569835
 11 101.5642458100559
 13 103.5754189944134
 33 105.586592178771
 28 107.5977653631285
 108 109.608938547486
 115 111.6201117318436
 96 113.6312849162011
 5 115.6424581005587
 201 117.6536312849162
 151 119.6648044692737
 93 121.6759776536313
 205 123.6871508379888
 159 125.6983240223464
 72 127.7094972067039
 175 129.7206703910614
 184 131.731843575419
 0 133.7430167597765
 120 135.7541899441341
 195 137.7653631284916
 105 139.7765363128492
 157 141.7877094972067
 553 143.7988826815642
 124 145.8100558659218
 223 147.8212290502793
 43 149.8324022346369
 162 151.8435754189944
 62 153.854748603352
 527 155.8659217877095
 52 157.8770949720671
 142 159.8882681564246
 84 161.8994413407821
 49 163.9106145251397
 22 165.9217877094972
 133 167.9329608938548
 249 169.9441340782123
 367 171.9553072625699
 5 173.9664804469274
 170 175.9776536312849
 4 177.9888268156425
 0 180


