# Created by Octave 3.8.2, Mon Jun 22 07:02:40 2020 CEST <damian@fptrucha.inv.usc.es>
# name: hd
# type: matrix
# rows: 180
# columns: 2
 3 -180
 180 -177.9888268156425
 6 -175.9776536312849
 357 -173.9664804469274
 219 -171.9553072625698
 124 -169.9441340782123
 37 -167.9329608938548
 36 -165.9217877094972
 71 -163.9106145251397
 137 -161.8994413407821
 38 -159.8882681564246
 531 -157.877094972067
 61 -155.8659217877095
 114 -153.854748603352
 53 -151.8435754189944
 79 -149.8324022346369
 216 -147.8212290502793
 526 -145.8100558659218
 125 -143.7988826815642
 95 -141.7877094972067
 163 -139.7765363128491
 115 -137.7653631284916
 4 -135.7541899441341
 207 -133.7430167597765
 176 -131.731843575419
 92 -129.7206703910614
 173 -127.7094972067039
 202 -125.6983240223464
 96 -123.6871508379888
 160 -121.6759776536313
 184 -119.6648044692737
 5 -117.6536312849162
 122 -115.6424581005587
 118 -113.6312849162011
 121 -111.6201117318436
 27 -109.608938547486
 42 -107.5977653631285
 30 -105.5865921787709
 16 -103.5754189944134
 5 -101.5642458100559
 0 -99.55307262569832
 1 -97.54189944134077
 6 -95.53072625698323
 18 -93.5195530726257
 7354 -91.50837988826815
 13 -89.49720670391061
 4 -87.48603351955308
 0 -85.47486033519553
 2 -83.46368715083798
 3 -81.45251396648044
 4 -79.44134078212289
 16 -77.43016759776536
 59 -75.41899441340782
 30 -73.40782122905027
 44 -71.39664804469274
 91 -69.38547486033519
 74 -67.37430167597765
 104 -65.3631284916201
 58 -63.35195530726256
 239 -61.34078212290503
 125 -59.32960893854748
 206 -57.31843575418993
 83 -55.3072625698324
 61 -53.29608938547486
 245 -51.28491620111731
 62 -49.27374301675977
 120 -47.26256983240222
 6 -45.25139664804468
 270 -43.24022346368713
 0 -41.22905027932961
 162 -39.21787709497207
 239 -37.20670391061452
 418 -35.19553072625698
 126 -33.18435754189943
 51 -31.17318435754188
 178 -29.16201117318434
 12 -27.15083798882682
 56 -25.13966480446928
 484 -23.12849162011173
 158 -21.11731843575419
 52 -19.10614525139664
 18 -17.09497206703909
 39 -15.08379888268155
 136 -13.072625698324
 6 -11.06145251396646
 531 -9.050279329608941
 1 -7.039106145251395
 101 -5.02793296089385
 16 -3.016759776536304
 5 -1.005586592178759
 18 1.005586592178787
 123 3.016759776536333
 6 5.02793296089385
 522 7.039106145251395
 6 9.050279329608941
 136 11.06145251396649
 36 13.07262569832403
 11 15.08379888268158
 43 17.09497206703912
 110 19.10614525139667
 522 21.11731843575421
 69 23.12849162011173
 87 25.13966480446928
 82 27.15083798882682
 62 29.16201117318437
 202 31.17318435754191
 311 33.18435754189946
 234 35.195530726257
 166 37.20670391061452
 36 39.21787709497207
 266 41.22905027932961
 1 43.24022346368716
 121 45.2513966480447
 53 47.26256983240225
 235 49.27374301675979
 75 51.28491620111734
 166 53.29608938547489
 73 55.3072625698324
 158 57.31843575418995
 214 59.32960893854749
 62 61.34078212290504
 114 63.35195530726259
 75 65.36312849162013
 111 67.37430167597768
 47 69.38547486033519
 33 71.39664804469274
 55 73.40782122905028
 8 75.41899441340783
 5 77.43016759776538
 7 79.44134078212289
 0 81.45251396648047
 3 83.46368715083798
 10 85.47486033519556
 10 87.48603351955308
 7041 89.49720670391065
 11 91.50837988826817
 3 93.51955307262574
 4 95.53072625698326
 2 97.54189944134077
 3 99.55307262569835
 13 101.5642458100559
 30 103.5754189944134
 34 105.586592178771
 12 107.5977653631285
 116 109.608938547486
 130 111.6201117318436
 116 113.6312849162011
 2 115.6424581005587
 224 117.6536312849162
 179 119.6648044692737
 100 121.6759776536313
 160 123.6871508379888
 176 125.6983240223464
 88 127.7094972067039
 157 129.7206703910614
 163 131.731843575419
 2 133.7430167597765
 114 135.7541899441341
 179 137.7653631284916
 97 139.7765363128492
 131 141.7877094972067
 480 143.7988826815642
 117 145.8100558659218
 202 147.8212290502793
 54 149.8324022346369
 139 151.8435754189944
 70 153.854748603352
 492 155.8659217877095
 49 157.8770949720671
 126 159.8882681564246
 52 161.8994413407821
 56 163.9106145251397
 19 165.9217877094972
 119 167.9329608938548
 197 169.9441340782123
 305 171.9553072625699
 8 173.9664804469274
 142 175.9776536312849
 3 177.9888268156425
 0 180


