# Created by Octave 3.8.2, Mon Jun 22 11:00:42 2020 CEST <damian@fptrucha.inv.usc.es>
# name: hd
# type: matrix
# rows: 180
# columns: 2
 3 -180
 200 -177.9888268156425
 4 -175.9776536312849
 366 -173.9664804469274
 221 -171.9553072625698
 145 -169.9441340782123
 28 -167.9329608938548
 55 -165.9217877094972
 59 -163.9106145251397
 141 -161.8994413407821
 52 -159.8882681564246
 568 -157.877094972067
 77 -155.8659217877095
 126 -153.854748603352
 54 -151.8435754189944
 70 -149.8324022346369
 230 -147.8212290502793
 531 -145.8100558659218
 124 -143.7988826815642
 104 -141.7877094972067
 162 -139.7765363128491
 116 -137.7653631284916
 5 -135.7541899441341
 180 -133.7430167597765
 155 -131.731843575419
 63 -129.7206703910614
 173 -127.7094972067039
 197 -125.6983240223464
 103 -123.6871508379888
 178 -121.6759776536313
 180 -119.6648044692737
 3 -117.6536312849162
 117 -115.6424581005587
 99 -113.6312849162011
 126 -111.6201117318436
 16 -109.608938547486
 46 -107.5977653631285
 30 -105.5865921787709
 9 -103.5754189944134
 1 -101.5642458100559
 1 -99.55307262569832
 1 -97.54189944134077
 5 -95.53072625698323
 12 -93.5195530726257
 7955 -91.50837988826815
 15 -89.49720670391061
 6 -87.48603351955308
 1 -85.47486033519553
 0 -83.46368715083798
 3 -81.45251396648044
 6 -79.44134078212289
 11 -77.43016759776536
 46 -75.41899441340782
 34 -73.40782122905027
 39 -71.39664804469274
 112 -69.38547486033519
 71 -67.37430167597765
 90 -65.3631284916201
 47 -63.35195530726256
 258 -61.34078212290503
 152 -59.32960893854748
 199 -57.31843575418993
 81 -55.3072625698324
 85 -53.29608938547486
 239 -51.28491620111731
 81 -49.27374301675977
 107 -47.26256983240222
 9 -45.25139664804468
 282 -43.24022346368713
 4 -41.22905027932961
 154 -39.21787709497207
 291 -37.20670391061452
 403 -35.19553072625698
 130 -33.18435754189943
 59 -31.17318435754188
 155 -29.16201117318434
 11 -27.15083798882682
 62 -25.13966480446928
 528 -23.12849162011173
 133 -21.11731843575419
 59 -19.10614525139664
 17 -17.09497206703909
 43 -15.08379888268155
 142 -13.072625698324
 17 -11.06145251396646
 517 -9.050279329608941
 2 -7.039106145251395
 155 -5.02793296089385
 29 -3.016759776536304
 4 -1.005586592178759
 21 1.005586592178787
 128 3.016759776536333
 4 5.02793296089385
 519 7.039106145251395
 12 9.050279329608941
 150 11.06145251396649
 50 13.07262569832403
 9 15.08379888268158
 57 17.09497206703912
 143 19.10614525139667
 502 21.11731843575421
 64 23.12849162011173
 95 25.13966480446928
 104 27.15083798882682
 55 29.16201117318437
 220 31.17318435754191
 344 33.18435754189946
 233 35.195530726257
 149 37.20670391061452
 44 39.21787709497207
 303 41.22905027932961
 5 43.24022346368716
 129 45.2513966480447
 71 47.26256983240225
 213 49.27374301675979
 78 51.28491620111734
 177 53.29608938547489
 81 55.3072625698324
 150 57.31843575418995
 265 59.32960893854749
 67 61.34078212290504
 128 63.35195530726259
 71 65.36312849162013
 113 67.37430167597768
 53 69.38547486033519
 36 71.39664804469274
 59 73.40782122905028
 11 75.41899441340783
 11 77.43016759776538
 2 79.44134078212289
 0 81.45251396648047
 1 83.46368715083798
 8 85.47486033519556
 7 87.48603351955308
 7596 89.49720670391065
 7 91.50837988826817
 8 93.51955307262574
 3 95.53072625698326
 2 97.54189944134077
 2 99.55307262569835
 15 101.5642458100559
 19 103.5754189944134
 37 105.586592178771
 27 107.5977653631285
 130 109.608938547486
 134 111.6201117318436
 144 113.6312849162011
 1 115.6424581005587
 205 117.6536312849162
 162 119.6648044692737
 103 121.6759776536313
 150 123.6871508379888
 175 125.6983240223464
 65 127.7094972067039
 161 129.7206703910614
 179 131.731843575419
 5 133.7430167597765
 116 135.7541899441341
 172 137.7653631284916
 100 139.7765363128492
 136 141.7877094972067
 509 143.7988826815642
 118 145.8100558659218
 177 147.8212290502793
 57 149.8324022346369
 124 151.8435754189944
 72 153.854748603352
 478 155.8659217877095
 52 157.8770949720671
 142 159.8882681564246
 67 161.8994413407821
 47 163.9106145251397
 28 165.9217877094972
 162 167.9329608938548
 240 169.9441340782123
 356 171.9553072625699
 3 173.9664804469274
 151 175.9776536312849
 4 177.9888268156425
 0 180


