# Created by Octave 3.8.2, Sat Jun 20 04:39:29 2020 CEST <damian@fptrucha.inv.usc.es>
# name: hd
# type: matrix
# rows: 180
# columns: 2
 2 -180
 179 -177.9888268156425
 5 -175.9776536312849
 382 -173.9664804469274
 248 -171.9553072625698
 164 -169.9441340782123
 39 -167.9329608938548
 46 -165.9217877094972
 70 -163.9106145251397
 185 -161.8994413407821
 45 -159.8882681564246
 705 -157.877094972067
 71 -155.8659217877095
 151 -153.854748603352
 35 -151.8435754189944
 58 -149.8324022346369
 236 -147.8212290502793
 704 -145.8100558659218
 141 -143.7988826815642
 112 -141.7877094972067
 174 -139.7765363128491
 117 -137.7653631284916
 2 -135.7541899441341
 182 -133.7430167597765
 178 -131.731843575419
 99 -129.7206703910614
 206 -127.7094972067039
 274 -125.6983240223464
 134 -123.6871508379888
 212 -121.6759776536313
 221 -119.6648044692737
 5 -117.6536312849162
 107 -115.6424581005587
 143 -113.6312849162011
 152 -111.6201117318436
 30 -109.608938547486
 33 -107.5977653631285
 24 -105.5865921787709
 10 -103.5754189944134
 2 -101.5642458100559
 0 -99.55307262569832
 2 -97.54189944134077
 4 -95.53072625698323
 5 -93.5195530726257
 8892 -91.50837988826815
 5 -89.49720670391061
 3 -87.48603351955308
 2 -85.47486033519553
 0 -83.46368715083798
 1 -81.45251396648044
 5 -79.44134078212289
 8 -77.43016759776536
 42 -75.41899441340782
 29 -73.40782122905027
 35 -71.39664804469274
 104 -69.38547486033519
 80 -67.37430167597765
 115 -65.3631284916201
 41 -63.35195530726256
 295 -61.34078212290503
 156 -59.32960893854748
 245 -57.31843575418993
 106 -55.3072625698324
 81 -53.29608938547486
 275 -51.28491620111731
 54 -49.27374301675977
 114 -47.26256983240222
 3 -45.25139664804468
 286 -43.24022346368713
 3 -41.22905027932961
 168 -39.21787709497207
 308 -37.20670391061452
 482 -35.19553072625698
 129 -33.18435754189943
 62 -31.17318435754188
 175 -29.16201117318434
 8 -27.15083798882682
 75 -25.13966480446928
 685 -23.12849162011173
 145 -21.11731843575419
 46 -19.10614525139664
 17 -17.09497206703909
 42 -15.08379888268155
 171 -13.072625698324
 9 -11.06145251396646
 584 -9.050279329608941
 3 -7.039106145251395
 138 -5.02793296089385
 18 -3.016759776536304
 3 -1.005586592178759
 21 1.005586592178787
 125 3.016759776536333
 0 5.02793296089385
 616 7.039106145251395
 10 9.050279329608941
 148 11.06145251396649
 51 13.07262569832403
 8 15.08379888268158
 50 17.09497206703912
 126 19.10614525139667
 558 21.11731843575421
 65 23.12849162011173
 81 25.13966480446928
 124 27.15083798882682
 42 29.16201117318437
 232 31.17318435754191
 332 33.18435754189946
 249 35.195530726257
 182 37.20670391061452
 41 39.21787709497207
 272 41.22905027932961
 0 43.24022346368716
 129 45.2513966480447
 66 47.26256983240225
 244 49.27374301675979
 114 51.28491620111734
 203 53.29608938547489
 88 55.3072625698324
 145 57.31843575418995
 260 59.32960893854749
 68 61.34078212290504
 168 63.35195530726259
 77 65.36312849162013
 102 67.37430167597768
 56 69.38547486033519
 32 71.39664804469274
 42 73.40782122905028
 15 75.41899441340783
 5 77.43016759776538
 1 79.44134078212289
 0 81.45251396648047
 3 83.46368715083798
 2 85.47486033519556
 9 87.48603351955308
 8451 89.49720670391065
 7 91.50837988826817
 3 93.51955307262574
 0 95.53072625698326
 0 97.54189944134077
 2 99.55307262569835
 18 101.5642458100559
 28 103.5754189944134
 45 105.586592178771
 29 107.5977653631285
 110 109.608938547486
 134 111.6201117318436
 125 113.6312849162011
 3 115.6424581005587
 227 117.6536312849162
 177 119.6648044692737
 102 121.6759776536313
 183 123.6871508379888
 190 125.6983240223464
 85 127.7094972067039
 170 129.7206703910614
 184 131.731843575419
 2 133.7430167597765
 136 135.7541899441341
 174 137.7653631284916
 93 139.7765363128492
 154 141.7877094972067
 578 143.7988826815642
 129 145.8100558659218
 189 147.8212290502793
 46 149.8324022346369
 180 151.8435754189944
 71 153.854748603352
 508 155.8659217877095
 63 157.8770949720671
 124 159.8882681564246
 82 161.8994413407821
 50 163.9106145251397
 27 165.9217877094972
 154 167.9329608938548
 287 169.9441340782123
 387 171.9553072625699
 1 173.9664804469274
 167 175.9776536312849
 2 177.9888268156425
 0 180


