# Created by Octave 3.8.2, Mon Jun 22 08:51:47 2020 CEST <damian@fptrucha.inv.usc.es>
# name: hd
# type: matrix
# rows: 180
# columns: 2
 2 -180
 169 -177.9888268156425
 2 -175.9776536312849
 364 -173.9664804469274
 240 -171.9553072625698
 138 -169.9441340782123
 27 -167.9329608938548
 32 -165.9217877094972
 59 -163.9106145251397
 158 -161.8994413407821
 37 -159.8882681564246
 555 -157.877094972067
 69 -155.8659217877095
 126 -153.854748603352
 36 -151.8435754189944
 67 -149.8324022346369
 231 -147.8212290502793
 534 -145.8100558659218
 132 -143.7988826815642
 100 -141.7877094972067
 202 -139.7765363128491
 119 -137.7653631284916
 5 -135.7541899441341
 174 -133.7430167597765
 149 -131.731843575419
 80 -129.7206703910614
 200 -127.7094972067039
 208 -125.6983240223464
 96 -123.6871508379888
 140 -121.6759776536313
 172 -119.6648044692737
 2 -117.6536312849162
 112 -115.6424581005587
 121 -113.6312849162011
 107 -111.6201117318436
 27 -109.608938547486
 27 -107.5977653631285
 25 -105.5865921787709
 20 -103.5754189944134
 5 -101.5642458100559
 2 -99.55307262569832
 0 -97.54189944134077
 3 -95.53072625698323
 10 -93.5195530726257
 7680 -91.50837988826815
 10 -89.49720670391061
 1 -87.48603351955308
 4 -85.47486033519553
 1 -83.46368715083798
 4 -81.45251396648044
 11 -79.44134078212289
 7 -77.43016759776536
 54 -75.41899441340782
 42 -73.40782122905027
 50 -71.39664804469274
 110 -69.38547486033519
 78 -67.37430167597765
 107 -65.3631284916201
 60 -63.35195530726256
 207 -61.34078212290503
 127 -59.32960893854748
 199 -57.31843575418993
 90 -55.3072625698324
 62 -53.29608938547486
 218 -51.28491620111731
 73 -49.27374301675977
 125 -47.26256983240222
 0 -45.25139664804468
 312 -43.24022346368713
 6 -41.22905027932961
 160 -39.21787709497207
 281 -37.20670391061452
 395 -35.19553072625698
 121 -33.18435754189943
 57 -31.17318435754188
 164 -29.16201117318434
 13 -27.15083798882682
 61 -25.13966480446928
 552 -23.12849162011173
 126 -21.11731843575419
 59 -19.10614525139664
 12 -17.09497206703909
 36 -15.08379888268155
 179 -13.072625698324
 13 -11.06145251396646
 524 -9.050279329608941
 2 -7.039106145251395
 134 -5.02793296089385
 23 -3.016759776536304
 4 -1.005586592178759
 19 1.005586592178787
 103 3.016759776536333
 5 5.02793296089385
 530 7.039106145251395
 11 9.050279329608941
 143 11.06145251396649
 47 13.07262569832403
 15 15.08379888268158
 44 17.09497206703912
 130 19.10614525139667
 549 21.11731843575421
 58 23.12849162011173
 72 25.13966480446928
 112 27.15083798882682
 61 29.16201117318437
 183 31.17318435754191
 283 33.18435754189946
 242 35.195530726257
 139 37.20670391061452
 40 39.21787709497207
 268 41.22905027932961
 6 43.24022346368716
 112 45.2513966480447
 45 47.26256983240225
 236 49.27374301675979
 90 51.28491620111734
 203 53.29608938547489
 87 55.3072625698324
 162 57.31843575418995
 243 59.32960893854749
 63 61.34078212290504
 139 63.35195530726259
 71 65.36312849162013
 109 67.37430167597768
 52 69.38547486033519
 36 71.39664804469274
 53 73.40782122905028
 11 75.41899441340783
 12 77.43016759776538
 5 79.44134078212289
 2 81.45251396648047
 1 83.46368715083798
 9 85.47486033519556
 14 87.48603351955308
 7351 89.49720670391065
 15 91.50837988826817
 4 93.51955307262574
 2 95.53072625698326
 5 97.54189944134077
 7 99.55307262569835
 20 101.5642458100559
 21 103.5754189944134
 53 105.586592178771
 23 107.5977653631285
 122 109.608938547486
 115 111.6201117318436
 135 113.6312849162011
 6 115.6424581005587
 186 117.6536312849162
 142 119.6648044692737
 89 121.6759776536313
 159 123.6871508379888
 168 125.6983240223464
 67 127.7094972067039
 171 129.7206703910614
 192 131.731843575419
 4 133.7430167597765
 116 135.7541899441341
 181 137.7653631284916
 107 139.7765363128492
 133 141.7877094972067
 475 143.7988826815642
 111 145.8100558659218
 215 147.8212290502793
 45 149.8324022346369
 149 151.8435754189944
 55 153.854748603352
 478 155.8659217877095
 49 157.8770949720671
 144 159.8882681564246
 80 161.8994413407821
 51 163.9106145251397
 16 165.9217877094972
 124 167.9329608938548
 226 169.9441340782123
 337 171.9553072625699
 5 173.9664804469274
 164 175.9776536312849
 8 177.9888268156425
 0 180


