# Created by Octave 3.8.2, Sun Jun 21 07:31:04 2020 CEST <damian@fptrucha.inv.usc.es>
# name: hd
# type: matrix
# rows: 180
# columns: 2
 1 -180
 157 -177.9888268156425
 5 -175.9776536312849
 338 -173.9664804469274
 235 -171.9553072625698
 147 -169.9441340782123
 30 -167.9329608938548
 32 -165.9217877094972
 51 -163.9106145251397
 124 -161.8994413407821
 38 -159.8882681564246
 638 -157.877094972067
 60 -155.8659217877095
 111 -153.854748603352
 39 -151.8435754189944
 70 -149.8324022346369
 194 -147.8212290502793
 556 -145.8100558659218
 132 -143.7988826815642
 84 -141.7877094972067
 148 -139.7765363128491
 82 -137.7653631284916
 2 -135.7541899441341
 149 -133.7430167597765
 145 -131.731843575419
 63 -129.7206703910614
 184 -127.7094972067039
 198 -125.6983240223464
 94 -123.6871508379888
 182 -121.6759776536313
 180 -119.6648044692737
 1 -117.6536312849162
 89 -115.6424581005587
 104 -113.6312849162011
 134 -111.6201117318436
 8 -109.608938547486
 25 -107.5977653631285
 14 -105.5865921787709
 5 -103.5754189944134
 1 -101.5642458100559
 0 -99.55307262569832
 1 -97.54189944134077
 1 -95.53072625698323
 5 -93.5195530726257
 8107 -91.50837988826815
 9 -89.49720670391061
 0 -87.48603351955308
 0 -85.47486033519553
 0 -83.46368715083798
 1 -81.45251396648044
 5 -79.44134078212289
 5 -77.43016759776536
 42 -75.41899441340782
 21 -73.40782122905027
 38 -71.39664804469274
 108 -69.38547486033519
 75 -67.37430167597765
 101 -65.3631284916201
 44 -63.35195530726256
 243 -61.34078212290503
 155 -59.32960893854748
 214 -57.31843575418993
 81 -55.3072625698324
 97 -53.29608938547486
 214 -51.28491620111731
 48 -49.27374301675977
 117 -47.26256983240222
 2 -45.25139664804468
 274 -43.24022346368713
 0 -41.22905027932961
 159 -39.21787709497207
 288 -37.20670391061452
 443 -35.19553072625698
 103 -33.18435754189943
 62 -31.17318435754188
 156 -29.16201117318434
 15 -27.15083798882682
 53 -25.13966480446928
 665 -23.12849162011173
 107 -21.11731843575419
 45 -19.10614525139664
 5 -17.09497206703909
 51 -15.08379888268155
 165 -13.072625698324
 8 -11.06145251396646
 495 -9.050279329608941
 1 -7.039106145251395
 134 -5.02793296089385
 22 -3.016759776536304
 1 -1.005586592178759
 19 1.005586592178787
 132 3.016759776536333
 1 5.02793296089385
 534 7.039106145251395
 8 9.050279329608941
 110 11.06145251396649
 54 13.07262569832403
 9 15.08379888268158
 46 17.09497206703912
 109 19.10614525139667
 473 21.11731843575421
 53 23.12849162011173
 90 25.13966480446928
 88 27.15083798882682
 55 29.16201117318437
 233 31.17318435754191
 323 33.18435754189946
 233 35.195530726257
 162 37.20670391061452
 38 39.21787709497207
 263 41.22905027932961
 0 43.24022346368716
 128 45.2513966480447
 61 47.26256983240225
 207 49.27374301675979
 86 51.28491620111734
 155 53.29608938547489
 67 55.3072625698324
 114 57.31843575418995
 265 59.32960893854749
 58 61.34078212290504
 110 63.35195530726259
 75 65.36312849162013
 111 67.37430167597768
 43 69.38547486033519
 20 71.39664804469274
 34 73.40782122905028
 3 75.41899441340783
 6 77.43016759776538
 4 79.44134078212289
 0 81.45251396648047
 0 83.46368715083798
 4 85.47486033519556
 11 87.48603351955308
 7415 89.49720670391065
 3 91.50837988826817
 2 93.51955307262574
 0 95.53072625698326
 0 97.54189944134077
 4 99.55307262569835
 11 101.5642458100559
 18 103.5754189944134
 43 105.586592178771
 20 107.5977653631285
 93 109.608938547486
 106 111.6201117318436
 129 113.6312849162011
 3 115.6424581005587
 208 117.6536312849162
 168 119.6648044692737
 87 121.6759776536313
 177 123.6871508379888
 169 125.6983240223464
 77 127.7094972067039
 153 129.7206703910614
 175 131.731843575419
 2 133.7430167597765
 102 135.7541899441341
 154 137.7653631284916
 104 139.7765363128492
 151 141.7877094972067
 437 143.7988826815642
 117 145.8100558659218
 194 147.8212290502793
 52 149.8324022346369
 139 151.8435754189944
 53 153.854748603352
 460 155.8659217877095
 46 157.8770949720671
 137 159.8882681564246
 58 161.8994413407821
 43 163.9106145251397
 14 165.9217877094972
 134 167.9329608938548
 235 169.9441340782123
 305 171.9553072625699
 2 173.9664804469274
 138 175.9776536312849
 5 177.9888268156425
 0 180


