# Created by Octave 3.8.2, Mon Jun 22 05:44:55 2020 CEST <damian@fptrucha.inv.usc.es>
# name: hd
# type: matrix
# rows: 180
# columns: 2
 5 -180
 157 -177.9888268156425
 4 -175.9776536312849
 329 -173.9664804469274
 250 -171.9553072625698
 124 -169.9441340782123
 26 -167.9329608938548
 38 -165.9217877094972
 70 -163.9106145251397
 137 -161.8994413407821
 50 -159.8882681564246
 513 -157.877094972067
 59 -155.8659217877095
 117 -153.854748603352
 34 -151.8435754189944
 67 -149.8324022346369
 219 -147.8212290502793
 488 -145.8100558659218
 102 -143.7988826815642
 91 -141.7877094972067
 176 -139.7765363128491
 108 -137.7653631284916
 7 -135.7541899441341
 161 -133.7430167597765
 132 -131.731843575419
 83 -129.7206703910614
 145 -127.7094972067039
 173 -125.6983240223464
 108 -123.6871508379888
 162 -121.6759776536313
 179 -119.6648044692737
 5 -117.6536312849162
 116 -115.6424581005587
 123 -113.6312849162011
 120 -111.6201117318436
 23 -109.608938547486
 42 -107.5977653631285
 23 -105.5865921787709
 18 -103.5754189944134
 3 -101.5642458100559
 2 -99.55307262569832
 2 -97.54189944134077
 2 -95.53072625698323
 7 -93.5195530726257
 7364 -91.50837988826815
 17 -89.49720670391061
 8 -87.48603351955308
 2 -85.47486033519553
 0 -83.46368715083798
 4 -81.45251396648044
 10 -79.44134078212289
 8 -77.43016759776536
 47 -75.41899441340782
 32 -73.40782122905027
 45 -71.39664804469274
 96 -69.38547486033519
 80 -67.37430167597765
 113 -65.3631284916201
 63 -63.35195530726256
 215 -61.34078212290503
 101 -59.32960893854748
 188 -57.31843575418993
 91 -55.3072625698324
 73 -53.29608938547486
 212 -51.28491620111731
 49 -49.27374301675977
 111 -47.26256983240222
 5 -45.25139664804468
 268 -43.24022346368713
 5 -41.22905027932961
 161 -39.21787709497207
 254 -37.20670391061452
 394 -35.19553072625698
 119 -33.18435754189943
 53 -31.17318435754188
 157 -29.16201117318434
 13 -27.15083798882682
 64 -25.13966480446928
 537 -23.12849162011173
 138 -21.11731843575419
 60 -19.10614525139664
 9 -17.09497206703909
 42 -15.08379888268155
 137 -13.072625698324
 8 -11.06145251396646
 518 -9.050279329608941
 5 -7.039106145251395
 109 -5.02793296089385
 17 -3.016759776536304
 2 -1.005586592178759
 19 1.005586592178787
 115 3.016759776536333
 7 5.02793296089385
 525 7.039106145251395
 9 9.050279329608941
 135 11.06145251396649
 34 13.07262569832403
 8 15.08379888268158
 63 17.09497206703912
 121 19.10614525139667
 502 21.11731843575421
 68 23.12849162011173
 70 25.13966480446928
 83 27.15083798882682
 62 29.16201117318437
 170 31.17318435754191
 301 33.18435754189946
 215 35.195530726257
 113 37.20670391061452
 45 39.21787709497207
 266 41.22905027932961
 4 43.24022346368716
 116 45.2513966480447
 58 47.26256983240225
 220 49.27374301675979
 83 51.28491620111734
 170 53.29608938547489
 69 55.3072625698324
 153 57.31843575418995
 237 59.32960893854749
 65 61.34078212290504
 112 63.35195530726259
 73 65.36312849162013
 104 67.37430167597768
 42 69.38547486033519
 25 71.39664804469274
 53 73.40782122905028
 7 75.41899441340783
 9 77.43016759776538
 2 79.44134078212289
 2 81.45251396648047
 2 83.46368715083798
 4 85.47486033519556
 17 87.48603351955308
 7044 89.49720670391065
 10 91.50837988826817
 6 93.51955307262574
 2 95.53072625698326
 5 97.54189944134077
 3 99.55307262569835
 10 101.5642458100559
 21 103.5754189944134
 42 105.586592178771
 25 107.5977653631285
 123 109.608938547486
 126 111.6201117318436
 106 113.6312849162011
 3 115.6424581005587
 192 117.6536312849162
 146 119.6648044692737
 90 121.6759776536313
 181 123.6871508379888
 154 125.6983240223464
 70 127.7094972067039
 147 129.7206703910614
 158 131.731843575419
 4 133.7430167597765
 94 135.7541899441341
 204 137.7653631284916
 106 139.7765363128492
 118 141.7877094972067
 435 143.7988826815642
 125 145.8100558659218
 196 147.8212290502793
 50 149.8324022346369
 138 151.8435754189944
 66 153.854748603352
 447 155.8659217877095
 46 157.8770949720671
 113 159.8882681564246
 55 161.8994413407821
 44 163.9106145251397
 26 165.9217877094972
 111 167.9329608938548
 217 169.9441340782123
 323 171.9553072625699
 11 173.9664804469274
 157 175.9776536312849
 6 177.9888268156425
 0 180


