# Created by Octave 3.8.2, Sun Jun 21 04:37:35 2020 CEST <damian@fptrucha.inv.usc.es>
# name: hd
# type: matrix
# rows: 180
# columns: 2
 7 -180
 161 -177.9888268156425
 5 -175.9776536312849
 371 -173.9664804469274
 238 -171.9553072625698
 143 -169.9441340782123
 29 -167.9329608938548
 43 -165.9217877094972
 55 -163.9106145251397
 171 -161.8994413407821
 38 -159.8882681564246
 648 -157.877094972067
 53 -155.8659217877095
 125 -153.854748603352
 33 -151.8435754189944
 55 -149.8324022346369
 224 -147.8212290502793
 651 -145.8100558659218
 130 -143.7988826815642
 76 -141.7877094972067
 159 -139.7765363128491
 97 -137.7653631284916
 3 -135.7541899441341
 155 -133.7430167597765
 173 -131.731843575419
 85 -129.7206703910614
 176 -127.7094972067039
 207 -125.6983240223464
 116 -123.6871508379888
 198 -121.6759776536313
 177 -119.6648044692737
 7 -117.6536312849162
 120 -115.6424581005587
 102 -113.6312849162011
 137 -111.6201117318436
 12 -109.608938547486
 48 -107.5977653631285
 21 -105.5865921787709
 12 -103.5754189944134
 3 -101.5642458100559
 0 -99.55307262569832
 1 -97.54189944134077
 1 -95.53072625698323
 6 -93.5195530726257
 8103 -91.50837988826815
 15 -89.49720670391061
 6 -87.48603351955308
 1 -85.47486033519553
 0 -83.46368715083798
 3 -81.45251396648044
 6 -79.44134078212289
 5 -77.43016759776536
 42 -75.41899441340782
 28 -73.40782122905027
 51 -71.39664804469274
 122 -69.38547486033519
 75 -67.37430167597765
 107 -65.3631284916201
 45 -63.35195530726256
 277 -61.34078212290503
 164 -59.32960893854748
 227 -57.31843575418993
 112 -55.3072625698324
 80 -53.29608938547486
 232 -51.28491620111731
 72 -49.27374301675977
 104 -47.26256983240222
 0 -45.25139664804468
 282 -43.24022346368713
 7 -41.22905027932961
 160 -39.21787709497207
 296 -37.20670391061452
 395 -35.19553072625698
 106 -33.18435754189943
 57 -31.17318435754188
 147 -29.16201117318434
 11 -27.15083798882682
 59 -25.13966480446928
 619 -23.12849162011173
 135 -21.11731843575419
 52 -19.10614525139664
 7 -17.09497206703909
 37 -15.08379888268155
 182 -13.072625698324
 3 -11.06145251396646
 568 -9.050279329608941
 1 -7.039106145251395
 122 -5.02793296089385
 16 -3.016759776536304
 1 -1.005586592178759
 22 1.005586592178787
 139 3.016759776536333
 3 5.02793296089385
 506 7.039106145251395
 8 9.050279329608941
 136 11.06145251396649
 40 13.07262569832403
 10 15.08379888268158
 59 17.09497206703912
 103 19.10614525139667
 498 21.11731843575421
 76 23.12849162011173
 88 25.13966480446928
 101 27.15083798882682
 51 29.16201117318437
 213 31.17318435754191
 325 33.18435754189946
 257 35.195530726257
 139 37.20670391061452
 37 39.21787709497207
 288 41.22905027932961
 1 43.24022346368716
 111 45.2513966480447
 57 47.26256983240225
 225 49.27374301675979
 73 51.28491620111734
 194 53.29608938547489
 65 55.3072625698324
 147 57.31843575418995
 231 59.32960893854749
 53 61.34078212290504
 100 63.35195530726259
 78 65.36312849162013
 107 67.37430167597768
 43 69.38547486033519
 28 71.39664804469274
 43 73.40782122905028
 4 75.41899441340783
 3 77.43016759776538
 2 79.44134078212289
 1 81.45251396648047
 0 83.46368715083798
 2 85.47486033519556
 12 87.48603351955308
 7494 89.49720670391065
 3 91.50837988826817
 2 93.51955307262574
 1 95.53072625698326
 1 97.54189944134077
 6 99.55307262569835
 9 101.5642458100559
 17 103.5754189944134
 35 105.586592178771
 15 107.5977653631285
 101 109.608938547486
 111 111.6201117318436
 106 113.6312849162011
 1 115.6424581005587
 223 117.6536312849162
 127 119.6648044692737
 103 121.6759776536313
 175 123.6871508379888
 172 125.6983240223464
 66 127.7094972067039
 159 129.7206703910614
 162 131.731843575419
 1 133.7430167597765
 119 135.7541899441341
 171 137.7653631284916
 84 139.7765363128492
 148 141.7877094972067
 431 143.7988826815642
 114 145.8100558659218
 198 147.8212290502793
 32 149.8324022346369
 163 151.8435754189944
 48 153.854748603352
 466 155.8659217877095
 42 157.8770949720671
 119 159.8882681564246
 56 161.8994413407821
 33 163.9106145251397
 20 165.9217877094972
 133 167.9329608938548
 200 169.9441340782123
 305 171.9553072625699
 6 173.9664804469274
 169 175.9776536312849
 1 177.9888268156425
 0 180


