# Created by Octave 3.8.2, Sat Jun 20 04:54:36 2020 CEST <damian@fptrucha.inv.usc.es>
# name: hd
# type: matrix
# rows: 180
# columns: 2
 3 -180
 181 -177.9888268156425
 5 -175.9776536312849
 387 -173.9664804469274
 279 -171.9553072625698
 170 -169.9441340782123
 37 -167.9329608938548
 34 -165.9217877094972
 63 -163.9106145251397
 180 -161.8994413407821
 52 -159.8882681564246
 697 -157.877094972067
 81 -155.8659217877095
 134 -153.854748603352
 48 -151.8435754189944
 83 -149.8324022346369
 243 -147.8212290502793
 697 -145.8100558659218
 122 -143.7988826815642
 110 -141.7877094972067
 202 -139.7765363128491
 124 -137.7653631284916
 3 -135.7541899441341
 177 -133.7430167597765
 152 -131.731843575419
 105 -129.7206703910614
 221 -127.7094972067039
 244 -125.6983240223464
 110 -123.6871508379888
 232 -121.6759776536313
 225 -119.6648044692737
 2 -117.6536312849162
 107 -115.6424581005587
 133 -113.6312849162011
 141 -111.6201117318436
 13 -109.608938547486
 35 -107.5977653631285
 23 -105.5865921787709
 10 -103.5754189944134
 4 -101.5642458100559
 1 -99.55307262569832
 1 -97.54189944134077
 0 -95.53072625698323
 4 -93.5195530726257
 9109 -91.50837988826815
 5 -89.49720670391061
 3 -87.48603351955308
 1 -85.47486033519553
 1 -83.46368715083798
 2 -81.45251396648044
 12 -79.44134078212289
 2 -77.43016759776536
 57 -75.41899441340782
 25 -73.40782122905027
 56 -71.39664804469274
 126 -69.38547486033519
 89 -67.37430167597765
 113 -65.3631284916201
 46 -63.35195530726256
 294 -61.34078212290503
 149 -59.32960893854748
 250 -57.31843575418993
 110 -55.3072625698324
 79 -53.29608938547486
 266 -51.28491620111731
 54 -49.27374301675977
 112 -47.26256983240222
 3 -45.25139664804468
 287 -43.24022346368713
 2 -41.22905027932961
 181 -39.21787709497207
 346 -37.20670391061452
 515 -35.19553072625698
 108 -33.18435754189943
 61 -31.17318435754188
 163 -29.16201117318434
 13 -27.15083798882682
 44 -25.13966480446928
 667 -23.12849162011173
 146 -21.11731843575419
 64 -19.10614525139664
 15 -17.09497206703909
 51 -15.08379888268155
 176 -13.072625698324
 16 -11.06145251396646
 623 -9.050279329608941
 3 -7.039106145251395
 152 -5.02793296089385
 32 -3.016759776536304
 1 -1.005586592178759
 21 1.005586592178787
 145 3.016759776536333
 1 5.02793296089385
 616 7.039106145251395
 10 9.050279329608941
 124 11.06145251396649
 41 13.07262569832403
 10 15.08379888268158
 63 17.09497206703912
 103 19.10614525139667
 516 21.11731843575421
 47 23.12849162011173
 100 25.13966480446928
 120 27.15083798882682
 62 29.16201117318437
 239 31.17318435754191
 335 33.18435754189946
 270 35.195530726257
 181 37.20670391061452
 46 39.21787709497207
 302 41.22905027932961
 2 43.24022346368716
 126 45.2513966480447
 62 47.26256983240225
 247 49.27374301675979
 93 51.28491620111734
 200 53.29608938547489
 75 55.3072625698324
 132 57.31843575418995
 283 59.32960893854749
 69 61.34078212290504
 116 63.35195530726259
 74 65.36312849162013
 112 67.37430167597768
 45 69.38547486033519
 27 71.39664804469274
 50 73.40782122905028
 9 75.41899441340783
 6 77.43016759776538
 1 79.44134078212289
 0 81.45251396648047
 5 83.46368715083798
 5 85.47486033519556
 13 87.48603351955308
 8204 89.49720670391065
 5 91.50837988826817
 2 93.51955307262574
 0 95.53072625698326
 0 97.54189944134077
 3 99.55307262569835
 11 101.5642458100559
 18 103.5754189944134
 34 105.586592178771
 12 107.5977653631285
 110 109.608938547486
 134 111.6201117318436
 121 113.6312849162011
 5 115.6424581005587
 231 117.6536312849162
 168 119.6648044692737
 87 121.6759776536313
 202 123.6871508379888
 212 125.6983240223464
 73 127.7094972067039
 179 129.7206703910614
 175 131.731843575419
 2 133.7430167597765
 117 135.7541899441341
 203 137.7653631284916
 85 139.7765363128492
 175 141.7877094972067
 531 143.7988826815642
 128 145.8100558659218
 232 147.8212290502793
 53 149.8324022346369
 167 151.8435754189944
 70 153.854748603352
 545 155.8659217877095
 53 157.8770949720671
 158 159.8882681564246
 74 161.8994413407821
 61 163.9106145251397
 18 165.9217877094972
 134 167.9329608938548
 263 169.9441340782123
 371 171.9553072625699
 5 173.9664804469274
 168 175.9776536312849
 0 177.9888268156425
 0 180


