# Created by Octave 3.8.2, Mon Jun 22 04:34:32 2020 CEST <damian@fptrucha.inv.usc.es>
# name: hd
# type: matrix
# rows: 180
# columns: 2
 7 -180
 149 -177.9888268156425
 2 -175.9776536312849
 304 -173.9664804469274
 227 -171.9553072625698
 121 -169.9441340782123
 29 -167.9329608938548
 32 -165.9217877094972
 75 -163.9106145251397
 138 -161.8994413407821
 43 -159.8882681564246
 522 -157.877094972067
 61 -155.8659217877095
 111 -153.854748603352
 38 -151.8435754189944
 64 -149.8324022346369
 179 -147.8212290502793
 529 -145.8100558659218
 114 -143.7988826815642
 82 -141.7877094972067
 158 -139.7765363128491
 100 -137.7653631284916
 7 -135.7541899441341
 169 -133.7430167597765
 170 -131.731843575419
 74 -129.7206703910614
 166 -127.7094972067039
 191 -125.6983240223464
 66 -123.6871508379888
 210 -121.6759776536313
 187 -119.6648044692737
 6 -117.6536312849162
 96 -115.6424581005587
 129 -113.6312849162011
 139 -111.6201117318436
 25 -109.608938547486
 39 -107.5977653631285
 23 -105.5865921787709
 18 -103.5754189944134
 1 -101.5642458100559
 0 -99.55307262569832
 4 -97.54189944134077
 5 -95.53072625698323
 11 -93.5195530726257
 7047 -91.50837988826815
 12 -89.49720670391061
 3 -87.48603351955308
 3 -85.47486033519553
 0 -83.46368715083798
 4 -81.45251396648044
 6 -79.44134078212289
 8 -77.43016759776536
 47 -75.41899441340782
 29 -73.40782122905027
 41 -71.39664804469274
 113 -69.38547486033519
 74 -67.37430167597765
 109 -65.3631284916201
 56 -63.35195530726256
 275 -61.34078212290503
 123 -59.32960893854748
 208 -57.31843575418993
 72 -55.3072625698324
 89 -53.29608938547486
 195 -51.28491620111731
 49 -49.27374301675977
 122 -47.26256983240222
 2 -45.25139664804468
 282 -43.24022346368713
 1 -41.22905027932961
 124 -39.21787709497207
 270 -37.20670391061452
 373 -35.19553072625698
 101 -33.18435754189943
 58 -31.17318435754188
 140 -29.16201117318434
 10 -27.15083798882682
 71 -25.13966480446928
 495 -23.12849162011173
 130 -21.11731843575419
 56 -19.10614525139664
 9 -17.09497206703909
 50 -15.08379888268155
 137 -13.072625698324
 9 -11.06145251396646
 557 -9.050279329608941
 4 -7.039106145251395
 116 -5.02793296089385
 24 -3.016759776536304
 5 -1.005586592178759
 18 1.005586592178787
 108 3.016759776536333
 0 5.02793296089385
 509 7.039106145251395
 14 9.050279329608941
 134 11.06145251396649
 40 13.07262569832403
 14 15.08379888268158
 59 17.09497206703912
 108 19.10614525139667
 495 21.11731843575421
 50 23.12849162011173
 75 25.13966480446928
 90 27.15083798882682
 51 29.16201117318437
 162 31.17318435754191
 304 33.18435754189946
 220 35.195530726257
 127 37.20670391061452
 42 39.21787709497207
 240 41.22905027932961
 3 43.24022346368716
 107 45.2513966480447
 56 47.26256983240225
 219 49.27374301675979
 65 51.28491620111734
 168 53.29608938547489
 65 55.3072625698324
 133 57.31843575418995
 235 59.32960893854749
 76 61.34078212290504
 91 63.35195530726259
 77 65.36312849162013
 104 67.37430167597768
 53 69.38547486033519
 35 71.39664804469274
 44 73.40782122905028
 9 75.41899441340783
 7 77.43016759776538
 2 79.44134078212289
 2 81.45251396648047
 2 83.46368715083798
 9 85.47486033519556
 15 87.48603351955308
 6464 89.49720670391065
 8 91.50837988826817
 4 93.51955307262574
 1 95.53072625698326
 1 97.54189944134077
 4 99.55307262569835
 15 101.5642458100559
 26 103.5754189944134
 41 105.586592178771
 28 107.5977653631285
 108 109.608938547486
 113 111.6201117318436
 108 113.6312849162011
 3 115.6424581005587
 176 117.6536312849162
 138 119.6648044692737
 81 121.6759776536313
 171 123.6871508379888
 145 125.6983240223464
 79 127.7094972067039
 144 129.7206703910614
 166 131.731843575419
 3 133.7430167597765
 102 135.7541899441341
 160 137.7653631284916
 94 139.7765363128492
 129 141.7877094972067
 434 143.7988826815642
 100 145.8100558659218
 195 147.8212290502793
 43 149.8324022346369
 117 151.8435754189944
 71 153.854748603352
 423 155.8659217877095
 46 157.8770949720671
 131 159.8882681564246
 57 161.8994413407821
 49 163.9106145251397
 21 165.9217877094972
 117 167.9329608938548
 208 169.9441340782123
 289 171.9553072625699
 6 173.9664804469274
 164 175.9776536312849
 5 177.9888268156425
 0 180


