# Created by Octave 3.8.2, Mon Jun 22 11:09:15 2020 CEST <damian@fptrucha.inv.usc.es>
# name: hd
# type: matrix
# rows: 180
# columns: 2
 7 -180
 179 -177.9888268156425
 1 -175.9776536312849
 370 -173.9664804469274
 224 -171.9553072625698
 148 -169.9441340782123
 29 -167.9329608938548
 42 -165.9217877094972
 73 -163.9106145251397
 159 -161.8994413407821
 49 -159.8882681564246
 536 -157.877094972067
 54 -155.8659217877095
 117 -153.854748603352
 37 -151.8435754189944
 76 -149.8324022346369
 199 -147.8212290502793
 531 -145.8100558659218
 139 -143.7988826815642
 94 -141.7877094972067
 184 -139.7765363128491
 114 -137.7653631284916
 6 -135.7541899441341
 150 -133.7430167597765
 128 -131.731843575419
 72 -129.7206703910614
 150 -127.7094972067039
 231 -125.6983240223464
 111 -123.6871508379888
 169 -121.6759776536313
 199 -119.6648044692737
 4 -117.6536312849162
 128 -115.6424581005587
 120 -113.6312849162011
 138 -111.6201117318436
 21 -109.608938547486
 41 -107.5977653631285
 29 -105.5865921787709
 26 -103.5754189944134
 4 -101.5642458100559
 0 -99.55307262569832
 3 -97.54189944134077
 4 -95.53072625698323
 11 -93.5195530726257
 7713 -91.50837988826815
 10 -89.49720670391061
 5 -87.48603351955308
 0 -85.47486033519553
 0 -83.46368715083798
 1 -81.45251396648044
 12 -79.44134078212289
 8 -77.43016759776536
 43 -75.41899441340782
 30 -73.40782122905027
 60 -71.39664804469274
 123 -69.38547486033519
 71 -67.37430167597765
 100 -65.3631284916201
 51 -63.35195530726256
 254 -61.34078212290503
 142 -59.32960893854748
 199 -57.31843575418993
 103 -55.3072625698324
 82 -53.29608938547486
 243 -51.28491620111731
 51 -49.27374301675977
 111 -47.26256983240222
 2 -45.25139664804468
 281 -43.24022346368713
 4 -41.22905027932961
 158 -39.21787709497207
 234 -37.20670391061452
 419 -35.19553072625698
 112 -33.18435754189943
 66 -31.17318435754188
 161 -29.16201117318434
 10 -27.15083798882682
 60 -25.13966480446928
 589 -23.12849162011173
 129 -21.11731843575419
 68 -19.10614525139664
 8 -17.09497206703909
 55 -15.08379888268155
 138 -13.072625698324
 12 -11.06145251396646
 577 -9.050279329608941
 2 -7.039106145251395
 143 -5.02793296089385
 20 -3.016759776536304
 5 -1.005586592178759
 31 1.005586592178787
 111 3.016759776536333
 1 5.02793296089385
 574 7.039106145251395
 4 9.050279329608941
 132 11.06145251396649
 33 13.07262569832403
 11 15.08379888268158
 59 17.09497206703912
 134 19.10614525139667
 525 21.11731843575421
 68 23.12849162011173
 73 25.13966480446928
 91 27.15083798882682
 66 29.16201117318437
 202 31.17318435754191
 341 33.18435754189946
 231 35.195530726257
 151 37.20670391061452
 38 39.21787709497207
 345 41.22905027932961
 5 43.24022346368716
 118 45.2513966480447
 78 47.26256983240225
 210 49.27374301675979
 87 51.28491620111734
 199 53.29608938547489
 80 55.3072625698324
 140 57.31843575418995
 294 59.32960893854749
 63 61.34078212290504
 118 63.35195530726259
 88 65.36312849162013
 115 67.37430167597768
 52 69.38547486033519
 32 71.39664804469274
 45 73.40782122905028
 5 75.41899441340783
 8 77.43016759776538
 1 79.44134078212289
 0 81.45251396648047
 1 83.46368715083798
 4 85.47486033519556
 12 87.48603351955308
 7564 89.49720670391065
 7 91.50837988826817
 4 93.51955307262574
 1 95.53072625698326
 1 97.54189944134077
 6 99.55307262569835
 20 101.5642458100559
 30 103.5754189944134
 39 105.586592178771
 19 107.5977653631285
 105 109.608938547486
 111 111.6201117318436
 119 113.6312849162011
 3 115.6424581005587
 199 117.6536312849162
 181 119.6648044692737
 106 121.6759776536313
 189 123.6871508379888
 199 125.6983240223464
 81 127.7094972067039
 152 129.7206703910614
 185 131.731843575419
 2 133.7430167597765
 138 135.7541899441341
 177 137.7653631284916
 91 139.7765363128492
 141 141.7877094972067
 504 143.7988826815642
 104 145.8100558659218
 214 147.8212290502793
 64 149.8324022346369
 126 151.8435754189944
 69 153.854748603352
 459 155.8659217877095
 56 157.8770949720671
 131 159.8882681564246
 76 161.8994413407821
 34 163.9106145251397
 17 165.9217877094972
 133 167.9329608938548
 248 169.9441340782123
 367 171.9553072625699
 4 173.9664804469274
 144 175.9776536312849
 3 177.9888268156425
 0 180


