# Created by Octave 3.8.2, Mon Jun 22 01:53:39 2020 CEST <damian@fptrucha.inv.usc.es>
# name: hd
# type: matrix
# rows: 180
# columns: 2
 5 -180
 173 -177.9888268156425
 4 -175.9776536312849
 355 -173.9664804469274
 243 -171.9553072625698
 149 -169.9441340782123
 30 -167.9329608938548
 64 -165.9217877094972
 72 -163.9106145251397
 172 -161.8994413407821
 47 -159.8882681564246
 568 -157.877094972067
 65 -155.8659217877095
 138 -153.854748603352
 44 -151.8435754189944
 78 -149.8324022346369
 217 -147.8212290502793
 668 -145.8100558659218
 141 -143.7988826815642
 91 -141.7877094972067
 175 -139.7765363128491
 106 -137.7653631284916
 2 -135.7541899441341
 183 -133.7430167597765
 151 -131.731843575419
 79 -129.7206703910614
 166 -127.7094972067039
 227 -125.6983240223464
 109 -123.6871508379888
 193 -121.6759776536313
 187 -119.6648044692737
 5 -117.6536312849162
 115 -115.6424581005587
 116 -113.6312849162011
 128 -111.6201117318436
 17 -109.608938547486
 35 -107.5977653631285
 21 -105.5865921787709
 17 -103.5754189944134
 3 -101.5642458100559
 0 -99.55307262569832
 0 -97.54189944134077
 0 -95.53072625698323
 5 -93.5195530726257
 8069 -91.50837988826815
 10 -89.49720670391061
 0 -87.48603351955308
 1 -85.47486033519553
 1 -83.46368715083798
 5 -81.45251396648044
 4 -79.44134078212289
 9 -77.43016759776536
 41 -75.41899441340782
 26 -73.40782122905027
 55 -71.39664804469274
 98 -69.38547486033519
 63 -67.37430167597765
 111 -65.3631284916201
 61 -63.35195530726256
 278 -61.34078212290503
 177 -59.32960893854748
 201 -57.31843575418993
 104 -55.3072625698324
 85 -53.29608938547486
 239 -51.28491620111731
 45 -49.27374301675977
 114 -47.26256983240222
 2 -45.25139664804468
 282 -43.24022346368713
 3 -41.22905027932961
 161 -39.21787709497207
 299 -37.20670391061452
 437 -35.19553072625698
 93 -33.18435754189943
 71 -31.17318435754188
 136 -29.16201117318434
 12 -27.15083798882682
 59 -25.13966480446928
 623 -23.12849162011173
 152 -21.11731843575419
 54 -19.10614525139664
 16 -17.09497206703909
 42 -15.08379888268155
 177 -13.072625698324
 15 -11.06145251396646
 591 -9.050279329608941
 2 -7.039106145251395
 129 -5.02793296089385
 12 -3.016759776536304
 3 -1.005586592178759
 15 1.005586592178787
 137 3.016759776536333
 1 5.02793296089385
 560 7.039106145251395
 12 9.050279329608941
 134 11.06145251396649
 48 13.07262569832403
 16 15.08379888268158
 68 17.09497206703912
 111 19.10614525139667
 563 21.11731843575421
 69 23.12849162011173
 109 25.13966480446928
 105 27.15083798882682
 60 29.16201117318437
 232 31.17318435754191
 318 33.18435754189946
 241 35.195530726257
 170 37.20670391061452
 37 39.21787709497207
 300 41.22905027932961
 0 43.24022346368716
 126 45.2513966480447
 73 47.26256983240225
 229 49.27374301675979
 70 51.28491620111734
 224 53.29608938547489
 61 55.3072625698324
 140 57.31843575418995
 287 59.32960893854749
 57 61.34078212290504
 133 63.35195530726259
 86 65.36312849162013
 108 67.37430167597768
 52 69.38547486033519
 33 71.39664804469274
 56 73.40782122905028
 10 75.41899441340783
 7 77.43016759776538
 2 79.44134078212289
 1 81.45251396648047
 0 83.46368715083798
 2 85.47486033519556
 14 87.48603351955308
 7685 89.49720670391065
 10 91.50837988826817
 1 93.51955307262574
 2 95.53072625698326
 2 97.54189944134077
 5 99.55307262569835
 21 101.5642458100559
 31 103.5754189944134
 53 105.586592178771
 24 107.5977653631285
 117 109.608938547486
 115 111.6201117318436
 133 113.6312849162011
 2 115.6424581005587
 202 117.6536312849162
 150 119.6648044692737
 107 121.6759776536313
 164 123.6871508379888
 171 125.6983240223464
 88 127.7094972067039
 151 129.7206703910614
 181 131.731843575419
 2 133.7430167597765
 124 135.7541899441341
 183 137.7653631284916
 104 139.7765363128492
 172 141.7877094972067
 431 143.7988826815642
 144 145.8100558659218
 206 147.8212290502793
 40 149.8324022346369
 156 151.8435754189944
 63 153.854748603352
 450 155.8659217877095
 60 157.8770949720671
 126 159.8882681564246
 75 161.8994413407821
 56 163.9106145251397
 20 165.9217877094972
 130 167.9329608938548
 225 169.9441340782123
 331 171.9553072625699
 1 173.9664804469274
 163 175.9776536312849
 1 177.9888268156425
 0 180


