# Created by Octave 3.8.2, Sat Jun 20 17:55:06 2020 CEST <damian@fptrucha.inv.usc.es>
# name: hd
# type: matrix
# rows: 180
# columns: 2
 4 -180
 149 -177.9888268156425
 0 -175.9776536312849
 350 -173.9664804469274
 213 -171.9553072625698
 146 -169.9441340782123
 29 -167.9329608938548
 32 -165.9217877094972
 43 -163.9106145251397
 149 -161.8994413407821
 28 -159.8882681564246
 679 -157.877094972067
 58 -155.8659217877095
 101 -153.854748603352
 32 -151.8435754189944
 71 -149.8324022346369
 217 -147.8212290502793
 636 -145.8100558659218
 125 -143.7988826815642
 91 -141.7877094972067
 150 -139.7765363128491
 106 -137.7653631284916
 3 -135.7541899441341
 173 -133.7430167597765
 149 -131.731843575419
 74 -129.7206703910614
 199 -127.7094972067039
 226 -125.6983240223464
 93 -123.6871508379888
 194 -121.6759776536313
 172 -119.6648044692737
 4 -117.6536312849162
 87 -115.6424581005587
 99 -113.6312849162011
 107 -111.6201117318436
 20 -109.608938547486
 42 -107.5977653631285
 14 -105.5865921787709
 11 -103.5754189944134
 0 -101.5642458100559
 0 -99.55307262569832
 2 -97.54189944134077
 1 -95.53072625698323
 2 -93.5195530726257
 8160 -91.50837988826815
 12 -89.49720670391061
 4 -87.48603351955308
 2 -85.47486033519553
 0 -83.46368715083798
 1 -81.45251396648044
 7 -79.44134078212289
 4 -77.43016759776536
 42 -75.41899441340782
 18 -73.40782122905027
 50 -71.39664804469274
 122 -69.38547486033519
 78 -67.37430167597765
 104 -65.3631284916201
 52 -63.35195530726256
 292 -61.34078212290503
 145 -59.32960893854748
 218 -57.31843575418993
 93 -55.3072625698324
 63 -53.29608938547486
 219 -51.28491620111731
 44 -49.27374301675977
 101 -47.26256983240222
 1 -45.25139664804468
 262 -43.24022346368713
 0 -41.22905027932961
 146 -39.21787709497207
 304 -37.20670391061452
 487 -35.19553072625698
 122 -33.18435754189943
 58 -31.17318435754188
 143 -29.16201117318434
 6 -27.15083798882682
 50 -25.13966480446928
 644 -23.12849162011173
 142 -21.11731843575419
 50 -19.10614525139664
 10 -17.09497206703909
 34 -15.08379888268155
 158 -13.072625698324
 9 -11.06145251396646
 563 -9.050279329608941
 3 -7.039106145251395
 133 -5.02793296089385
 20 -3.016759776536304
 1 -1.005586592178759
 13 1.005586592178787
 114 3.016759776536333
 2 5.02793296089385
 531 7.039106145251395
 10 9.050279329608941
 136 11.06145251396649
 38 13.07262569832403
 10 15.08379888268158
 49 17.09497206703912
 106 19.10614525139667
 519 21.11731843575421
 69 23.12849162011173
 78 25.13966480446928
 95 27.15083798882682
 55 29.16201117318437
 222 31.17318435754191
 295 33.18435754189946
 225 35.195530726257
 169 37.20670391061452
 33 39.21787709497207
 288 41.22905027932961
 0 43.24022346368716
 116 45.2513966480447
 66 47.26256983240225
 215 49.27374301675979
 87 51.28491620111734
 211 53.29608938547489
 76 55.3072625698324
 141 57.31843575418995
 271 59.32960893854749
 68 61.34078212290504
 127 63.35195530726259
 69 65.36312849162013
 128 67.37430167597768
 43 69.38547486033519
 20 71.39664804469274
 31 73.40782122905028
 11 75.41899441340783
 4 77.43016759776538
 2 79.44134078212289
 1 81.45251396648047
 2 83.46368715083798
 1 85.47486033519556
 5 87.48603351955308
 7756 89.49720670391065
 5 91.50837988826817
 2 93.51955307262574
 2 95.53072625698326
 1 97.54189944134077
 0 99.55307262569835
 13 101.5642458100559
 27 103.5754189944134
 40 105.586592178771
 23 107.5977653631285
 114 109.608938547486
 98 111.6201117318436
 133 113.6312849162011
 3 115.6424581005587
 201 117.6536312849162
 177 119.6648044692737
 78 121.6759776536313
 157 123.6871508379888
 165 125.6983240223464
 79 127.7094972067039
 163 129.7206703910614
 197 131.731843575419
 3 133.7430167597765
 136 135.7541899441341
 158 137.7653631284916
 105 139.7765363128492
 143 141.7877094972067
 470 143.7988826815642
 120 145.8100558659218
 203 147.8212290502793
 48 149.8324022346369
 184 151.8435754189944
 64 153.854748603352
 426 155.8659217877095
 43 157.8770949720671
 130 159.8882681564246
 80 161.8994413407821
 56 163.9106145251397
 18 165.9217877094972
 101 167.9329608938548
 228 169.9441340782123
 337 171.9553072625699
 1 173.9664804469274
 141 175.9776536312849
 3 177.9888268156425
 0 180


