# Created by Octave 3.8.2, Mon Jun 22 02:34:04 2020 CEST <damian@fptrucha.inv.usc.es>
# name: hd
# type: matrix
# rows: 180
# columns: 2
 5 -180
 138 -177.9888268156425
 1 -175.9776536312849
 325 -173.9664804469274
 206 -171.9553072625698
 149 -169.9441340782123
 25 -167.9329608938548
 35 -165.9217877094972
 52 -163.9106145251397
 139 -161.8994413407821
 47 -159.8882681564246
 531 -157.877094972067
 75 -155.8659217877095
 129 -153.854748603352
 37 -151.8435754189944
 80 -149.8324022346369
 204 -147.8212290502793
 579 -145.8100558659218
 100 -143.7988826815642
 95 -141.7877094972067
 173 -139.7765363128491
 106 -137.7653631284916
 7 -135.7541899441341
 167 -133.7430167597765
 154 -131.731843575419
 88 -129.7206703910614
 160 -127.7094972067039
 194 -125.6983240223464
 89 -123.6871508379888
 148 -121.6759776536313
 174 -119.6648044692737
 4 -117.6536312849162
 119 -115.6424581005587
 107 -113.6312849162011
 104 -111.6201117318436
 23 -109.608938547486
 42 -107.5977653631285
 20 -105.5865921787709
 22 -103.5754189944134
 3 -101.5642458100559
 1 -99.55307262569832
 1 -97.54189944134077
 7 -95.53072625698323
 11 -93.5195530726257
 7382 -91.50837988826815
 18 -89.49720670391061
 8 -87.48603351955308
 0 -85.47486033519553
 1 -83.46368715083798
 2 -81.45251396648044
 8 -79.44134078212289
 10 -77.43016759776536
 56 -75.41899441340782
 27 -73.40782122905027
 54 -71.39664804469274
 109 -69.38547486033519
 70 -67.37430167597765
 79 -65.3631284916201
 41 -63.35195530726256
 263 -61.34078212290503
 136 -59.32960893854748
 180 -57.31843575418993
 78 -55.3072625698324
 70 -53.29608938547486
 215 -51.28491620111731
 58 -49.27374301675977
 126 -47.26256983240222
 4 -45.25139664804468
 262 -43.24022346368713
 3 -41.22905027932961
 168 -39.21787709497207
 273 -37.20670391061452
 403 -35.19553072625698
 125 -33.18435754189943
 63 -31.17318435754188
 154 -29.16201117318434
 7 -27.15083798882682
 64 -25.13966480446928
 508 -23.12849162011173
 153 -21.11731843575419
 54 -19.10614525139664
 13 -17.09497206703909
 44 -15.08379888268155
 156 -13.072625698324
 14 -11.06145251396646
 483 -9.050279329608941
 2 -7.039106145251395
 130 -5.02793296089385
 21 -3.016759776536304
 2 -1.005586592178759
 24 1.005586592178787
 140 3.016759776536333
 0 5.02793296089385
 528 7.039106145251395
 6 9.050279329608941
 146 11.06145251396649
 47 13.07262569832403
 22 15.08379888268158
 56 17.09497206703912
 108 19.10614525139667
 539 21.11731843575421
 53 23.12849162011173
 88 25.13966480446928
 95 27.15083798882682
 59 29.16201117318437
 195 31.17318435754191
 312 33.18435754189946
 217 35.195530726257
 120 37.20670391061452
 40 39.21787709497207
 279 41.22905027932961
 1 43.24022346368716
 121 45.2513966480447
 54 47.26256983240225
 214 49.27374301675979
 66 51.28491620111734
 177 53.29608938547489
 70 55.3072625698324
 155 57.31843575418995
 244 59.32960893854749
 56 61.34078212290504
 127 63.35195530726259
 72 65.36312849162013
 111 67.37430167597768
 43 69.38547486033519
 35 71.39664804469274
 47 73.40782122905028
 11 75.41899441340783
 7 77.43016759776538
 1 79.44134078212289
 1 81.45251396648047
 4 83.46368715083798
 4 85.47486033519556
 12 87.48603351955308
 7081 89.49720670391065
 7 91.50837988826817
 4 93.51955307262574
 4 95.53072625698326
 1 97.54189944134077
 0 99.55307262569835
 17 101.5642458100559
 33 103.5754189944134
 45 105.586592178771
 18 107.5977653631285
 95 109.608938547486
 119 111.6201117318436
 120 113.6312849162011
 3 115.6424581005587
 195 117.6536312849162
 148 119.6648044692737
 78 121.6759776536313
 167 123.6871508379888
 172 125.6983240223464
 78 127.7094972067039
 158 129.7206703910614
 173 131.731843575419
 1 133.7430167597765
 91 135.7541899441341
 174 137.7653631284916
 87 139.7765363128492
 91 141.7877094972067
 441 143.7988826815642
 109 145.8100558659218
 174 147.8212290502793
 37 149.8324022346369
 136 151.8435754189944
 76 153.854748603352
 420 155.8659217877095
 38 157.8770949720671
 138 159.8882681564246
 70 161.8994413407821
 51 163.9106145251397
 24 165.9217877094972
 135 167.9329608938548
 210 169.9441340782123
 324 171.9553072625699
 10 173.9664804469274
 137 175.9776536312849
 5 177.9888268156425
 0 180


