# Created by Octave 3.8.2, Sat Jun 20 15:37:06 2020 CEST <damian@fptrucha.inv.usc.es>
# name: hd
# type: matrix
# rows: 180
# columns: 2
 3 -180
 169 -177.9888268156425
 4 -175.9776536312849
 412 -173.9664804469274
 213 -171.9553072625698
 160 -169.9441340782123
 27 -167.9329608938548
 40 -165.9217877094972
 66 -163.9106145251397
 168 -161.8994413407821
 37 -159.8882681564246
 604 -157.877094972067
 60 -155.8659217877095
 111 -153.854748603352
 33 -151.8435754189944
 59 -149.8324022346369
 214 -147.8212290502793
 598 -145.8100558659218
 136 -143.7988826815642
 85 -141.7877094972067
 184 -139.7765363128491
 118 -137.7653631284916
 2 -135.7541899441341
 157 -133.7430167597765
 145 -131.731843575419
 78 -129.7206703910614
 171 -127.7094972067039
 250 -125.6983240223464
 92 -123.6871508379888
 168 -121.6759776536313
 193 -119.6648044692737
 0 -117.6536312849162
 87 -115.6424581005587
 100 -113.6312849162011
 126 -111.6201117318436
 20 -109.608938547486
 32 -107.5977653631285
 19 -105.5865921787709
 8 -103.5754189944134
 0 -101.5642458100559
 0 -99.55307262569832
 0 -97.54189944134077
 3 -95.53072625698323
 4 -93.5195530726257
 8293 -91.50837988826815
 8 -89.49720670391061
 2 -87.48603351955308
 1 -85.47486033519553
 2 -83.46368715083798
 1 -81.45251396648044
 5 -79.44134078212289
 1 -77.43016759776536
 45 -75.41899441340782
 18 -73.40782122905027
 52 -71.39664804469274
 115 -69.38547486033519
 82 -67.37430167597765
 106 -65.3631284916201
 54 -63.35195530726256
 299 -61.34078212290503
 148 -59.32960893854748
 213 -57.31843575418993
 99 -55.3072625698324
 88 -53.29608938547486
 200 -51.28491620111731
 56 -49.27374301675977
 114 -47.26256983240222
 2 -45.25139664804468
 263 -43.24022346368713
 4 -41.22905027932961
 161 -39.21787709497207
 330 -37.20670391061452
 478 -35.19553072625698
 119 -33.18435754189943
 79 -31.17318435754188
 149 -29.16201117318434
 6 -27.15083798882682
 37 -25.13966480446928
 660 -23.12849162011173
 172 -21.11731843575419
 60 -19.10614525139664
 9 -17.09497206703909
 39 -15.08379888268155
 173 -13.072625698324
 5 -11.06145251396646
 584 -9.050279329608941
 2 -7.039106145251395
 127 -5.02793296089385
 11 -3.016759776536304
 3 -1.005586592178759
 23 1.005586592178787
 128 3.016759776536333
 3 5.02793296089385
 543 7.039106145251395
 12 9.050279329608941
 143 11.06145251396649
 51 13.07262569832403
 9 15.08379888268158
 59 17.09497206703912
 105 19.10614525139667
 539 21.11731843575421
 62 23.12849162011173
 96 25.13966480446928
 105 27.15083798882682
 39 29.16201117318437
 243 31.17318435754191
 329 33.18435754189946
 246 35.195530726257
 172 37.20670391061452
 32 39.21787709497207
 304 41.22905027932961
 0 43.24022346368716
 122 45.2513966480447
 67 47.26256983240225
 270 49.27374301675979
 86 51.28491620111734
 166 53.29608938547489
 70 55.3072625698324
 127 57.31843575418995
 255 59.32960893854749
 71 61.34078212290504
 107 63.35195530726259
 73 65.36312849162013
 128 67.37430167597768
 34 69.38547486033519
 34 71.39664804469274
 58 73.40782122905028
 7 75.41899441340783
 9 77.43016759776538
 2 79.44134078212289
 0 81.45251396648047
 0 83.46368715083798
 6 85.47486033519556
 8 87.48603351955308
 8062 89.49720670391065
 8 91.50837988826817
 1 93.51955307262574
 0 95.53072625698326
 0 97.54189944134077
 1 99.55307262569835
 20 101.5642458100559
 23 103.5754189944134
 41 105.586592178771
 20 107.5977653631285
 93 109.608938547486
 130 111.6201117318436
 114 113.6312849162011
 1 115.6424581005587
 208 117.6536312849162
 185 119.6648044692737
 93 121.6759776536313
 166 123.6871508379888
 208 125.6983240223464
 94 127.7094972067039
 168 129.7206703910614
 196 131.731843575419
 5 133.7430167597765
 121 135.7541899441341
 212 137.7653631284916
 130 139.7765363128492
 158 141.7877094972067
 461 143.7988826815642
 127 145.8100558659218
 226 147.8212290502793
 42 149.8324022346369
 182 151.8435754189944
 70 153.854748603352
 492 155.8659217877095
 51 157.8770949720671
 126 159.8882681564246
 77 161.8994413407821
 66 163.9106145251397
 17 165.9217877094972
 124 167.9329608938548
 243 169.9441340782123
 322 171.9553072625699
 1 173.9664804469274
 141 175.9776536312849
 3 177.9888268156425
 0 180


