# Created by Octave 3.8.2, Mon Jun 22 10:20:22 2020 CEST <damian@fptrucha.inv.usc.es>
# name: hd
# type: matrix
# rows: 180
# columns: 2
 6 -180
 161 -177.9888268156425
 3 -175.9776536312849
 383 -173.9664804469274
 246 -171.9553072625698
 163 -169.9441340782123
 34 -167.9329608938548
 48 -165.9217877094972
 60 -163.9106145251397
 152 -161.8994413407821
 39 -159.8882681564246
 522 -157.877094972067
 62 -155.8659217877095
 141 -153.854748603352
 41 -151.8435754189944
 78 -149.8324022346369
 232 -147.8212290502793
 597 -145.8100558659218
 121 -143.7988826815642
 90 -141.7877094972067
 188 -139.7765363128491
 124 -137.7653631284916
 1 -135.7541899441341
 180 -133.7430167597765
 168 -131.731843575419
 80 -129.7206703910614
 189 -127.7094972067039
 195 -125.6983240223464
 105 -123.6871508379888
 171 -121.6759776536313
 203 -119.6648044692737
 4 -117.6536312849162
 104 -115.6424581005587
 109 -113.6312849162011
 104 -111.6201117318436
 20 -109.608938547486
 35 -107.5977653631285
 20 -105.5865921787709
 20 -103.5754189944134
 3 -101.5642458100559
 1 -99.55307262569832
 3 -97.54189944134077
 2 -95.53072625698323
 7 -93.5195530726257
 7771 -91.50837988826815
 16 -89.49720670391061
 8 -87.48603351955308
 2 -85.47486033519553
 0 -83.46368715083798
 2 -81.45251396648044
 17 -79.44134078212289
 5 -77.43016759776536
 33 -75.41899441340782
 30 -73.40782122905027
 59 -71.39664804469274
 125 -69.38547486033519
 67 -67.37430167597765
 104 -65.3631284916201
 49 -63.35195530726256
 227 -61.34078212290503
 129 -59.32960893854748
 233 -57.31843575418993
 85 -55.3072625698324
 68 -53.29608938547486
 231 -51.28491620111731
 51 -49.27374301675977
 118 -47.26256983240222
 0 -45.25139664804468
 279 -43.24022346368713
 1 -41.22905027932961
 152 -39.21787709497207
 314 -37.20670391061452
 411 -35.19553072625698
 130 -33.18435754189943
 58 -31.17318435754188
 167 -29.16201117318434
 9 -27.15083798882682
 57 -25.13966480446928
 561 -23.12849162011173
 141 -21.11731843575419
 59 -19.10614525139664
 11 -17.09497206703909
 39 -15.08379888268155
 173 -13.072625698324
 11 -11.06145251396646
 559 -9.050279329608941
 1 -7.039106145251395
 112 -5.02793296089385
 18 -3.016759776536304
 5 -1.005586592178759
 25 1.005586592178787
 125 3.016759776536333
 3 5.02793296089385
 558 7.039106145251395
 11 9.050279329608941
 141 11.06145251396649
 41 13.07262569832403
 9 15.08379888268158
 52 17.09497206703912
 122 19.10614525139667
 534 21.11731843575421
 70 23.12849162011173
 82 25.13966480446928
 93 27.15083798882682
 50 29.16201117318437
 209 31.17318435754191
 298 33.18435754189946
 235 35.195530726257
 153 37.20670391061452
 47 39.21787709497207
 317 41.22905027932961
 0 43.24022346368716
 118 45.2513966480447
 55 47.26256983240225
 237 49.27374301675979
 89 51.28491620111734
 203 53.29608938547489
 63 55.3072625698324
 129 57.31843575418995
 292 59.32960893854749
 58 61.34078212290504
 127 63.35195530726259
 90 65.36312849162013
 107 67.37430167597768
 49 69.38547486033519
 29 71.39664804469274
 53 73.40782122905028
 10 75.41899441340783
 5 77.43016759776538
 4 79.44134078212289
 1 81.45251396648047
 1 83.46368715083798
 9 85.47486033519556
 23 87.48603351955308
 7580 89.49720670391065
 13 91.50837988826817
 5 93.51955307262574
 0 95.53072625698326
 1 97.54189944134077
 4 99.55307262569835
 16 101.5642458100559
 30 103.5754189944134
 45 105.586592178771
 25 107.5977653631285
 96 109.608938547486
 140 111.6201117318436
 116 113.6312849162011
 6 115.6424581005587
 227 117.6536312849162
 196 119.6648044692737
 85 121.6759776536313
 164 123.6871508379888
 182 125.6983240223464
 91 127.7094972067039
 178 129.7206703910614
 194 131.731843575419
 4 133.7430167597765
 131 135.7541899441341
 179 137.7653631284916
 118 139.7765363128492
 137 141.7877094972067
 532 143.7988826815642
 118 145.8100558659218
 183 147.8212290502793
 44 149.8324022346369
 119 151.8435754189944
 69 153.854748603352
 507 155.8659217877095
 49 157.8770949720671
 146 159.8882681564246
 65 161.8994413407821
 55 163.9106145251397
 19 165.9217877094972
 134 167.9329608938548
 217 169.9441340782123
 323 171.9553072625699
 9 173.9664804469274
 169 175.9776536312849
 2 177.9888268156425
 0 180


