# Created by Octave 3.8.2, Sun Jun 21 06:03:09 2020 CEST <damian@fptrucha.inv.usc.es>
# name: hd
# type: matrix
# rows: 180
# columns: 2
 2 -180
 169 -177.9888268156425
 1 -175.9776536312849
 332 -173.9664804469274
 223 -171.9553072625698
 150 -169.9441340782123
 27 -167.9329608938548
 35 -165.9217877094972
 51 -163.9106145251397
 155 -161.8994413407821
 34 -159.8882681564246
 599 -157.877094972067
 63 -155.8659217877095
 100 -153.854748603352
 40 -151.8435754189944
 59 -149.8324022346369
 204 -147.8212290502793
 609 -145.8100558659218
 126 -143.7988826815642
 100 -141.7877094972067
 164 -139.7765363128491
 107 -137.7653631284916
 6 -135.7541899441341
 161 -133.7430167597765
 138 -131.731843575419
 67 -129.7206703910614
 166 -127.7094972067039
 224 -125.6983240223464
 119 -123.6871508379888
 179 -121.6759776536313
 171 -119.6648044692737
 4 -117.6536312849162
 78 -115.6424581005587
 102 -113.6312849162011
 120 -111.6201117318436
 22 -109.608938547486
 27 -107.5977653631285
 17 -105.5865921787709
 7 -103.5754189944134
 8 -101.5642458100559
 1 -99.55307262569832
 1 -97.54189944134077
 1 -95.53072625698323
 7 -93.5195530726257
 7938 -91.50837988826815
 13 -89.49720670391061
 3 -87.48603351955308
 1 -85.47486033519553
 0 -83.46368715083798
 1 -81.45251396648044
 7 -79.44134078212289
 7 -77.43016759776536
 41 -75.41899441340782
 28 -73.40782122905027
 46 -71.39664804469274
 128 -69.38547486033519
 73 -67.37430167597765
 111 -65.3631284916201
 46 -63.35195530726256
 268 -61.34078212290503
 157 -59.32960893854748
 215 -57.31843575418993
 75 -55.3072625698324
 79 -53.29608938547486
 230 -51.28491620111731
 52 -49.27374301675977
 116 -47.26256983240222
 1 -45.25139664804468
 277 -43.24022346368713
 1 -41.22905027932961
 153 -39.21787709497207
 320 -37.20670391061452
 441 -35.19553072625698
 122 -33.18435754189943
 68 -31.17318435754188
 142 -29.16201117318434
 5 -27.15083798882682
 63 -25.13966480446928
 651 -23.12849162011173
 141 -21.11731843575419
 43 -19.10614525139664
 10 -17.09497206703909
 52 -15.08379888268155
 197 -13.072625698324
 6 -11.06145251396646
 536 -9.050279329608941
 2 -7.039106145251395
 134 -5.02793296089385
 22 -3.016759776536304
 2 -1.005586592178759
 13 1.005586592178787
 113 3.016759776536333
 5 5.02793296089385
 553 7.039106145251395
 11 9.050279329608941
 132 11.06145251396649
 29 13.07262569832403
 13 15.08379888268158
 52 17.09497206703912
 109 19.10614525139667
 483 21.11731843575421
 51 23.12849162011173
 100 25.13966480446928
 97 27.15083798882682
 57 29.16201117318437
 215 31.17318435754191
 302 33.18435754189946
 238 35.195530726257
 167 37.20670391061452
 30 39.21787709497207
 255 41.22905027932961
 1 43.24022346368716
 102 45.2513966480447
 60 47.26256983240225
 230 49.27374301675979
 81 51.28491620111734
 200 53.29608938547489
 90 55.3072625698324
 129 57.31843575418995
 262 59.32960893854749
 66 61.34078212290504
 130 63.35195530726259
 85 65.36312849162013
 112 67.37430167597768
 37 69.38547486033519
 38 71.39664804469274
 51 73.40782122905028
 5 75.41899441340783
 10 77.43016759776538
 2 79.44134078212289
 0 81.45251396648047
 0 83.46368715083798
 2 85.47486033519556
 10 87.48603351955308
 7550 89.49720670391065
 5 91.50837988826817
 0 93.51955307262574
 1 95.53072625698326
 0 97.54189944134077
 3 99.55307262569835
 13 101.5642458100559
 18 103.5754189944134
 35 105.586592178771
 10 107.5977653631285
 78 109.608938547486
 107 111.6201117318436
 115 113.6312849162011
 2 115.6424581005587
 210 117.6536312849162
 130 119.6648044692737
 92 121.6759776536313
 165 123.6871508379888
 157 125.6983240223464
 75 127.7094972067039
 126 129.7206703910614
 168 131.731843575419
 2 133.7430167597765
 136 135.7541899441341
 163 137.7653631284916
 107 139.7765363128492
 117 141.7877094972067
 478 143.7988826815642
 119 145.8100558659218
 196 147.8212290502793
 64 149.8324022346369
 165 151.8435754189944
 60 153.854748603352
 477 155.8659217877095
 52 157.8770949720671
 101 159.8882681564246
 64 161.8994413407821
 64 163.9106145251397
 13 165.9217877094972
 109 167.9329608938548
 207 169.9441340782123
 335 171.9553072625699
 3 173.9664804469274
 136 175.9776536312849
 4 177.9888268156425
 0 180


