# Created by Octave 3.8.2, Sat Jun 20 18:00:21 2020 CEST <damian@fptrucha.inv.usc.es>
# name: hd
# type: matrix
# rows: 180
# columns: 2
 2 -180
 164 -177.9888268156425
 1 -175.9776536312849
 376 -173.9664804469274
 204 -171.9553072625698
 162 -169.9441340782123
 18 -167.9329608938548
 45 -165.9217877094972
 51 -163.9106145251397
 155 -161.8994413407821
 41 -159.8882681564246
 618 -157.877094972067
 70 -155.8659217877095
 118 -153.854748603352
 40 -151.8435754189944
 57 -149.8324022346369
 226 -147.8212290502793
 588 -145.8100558659218
 146 -143.7988826815642
 103 -141.7877094972067
 179 -139.7765363128491
 85 -137.7653631284916
 2 -135.7541899441341
 152 -133.7430167597765
 176 -131.731843575419
 80 -129.7206703910614
 178 -127.7094972067039
 223 -125.6983240223464
 98 -123.6871508379888
 202 -121.6759776536313
 208 -119.6648044692737
 3 -117.6536312849162
 99 -115.6424581005587
 121 -113.6312849162011
 112 -111.6201117318436
 14 -109.608938547486
 21 -107.5977653631285
 24 -105.5865921787709
 6 -103.5754189944134
 4 -101.5642458100559
 0 -99.55307262569832
 1 -97.54189944134077
 3 -95.53072625698323
 9 -93.5195530726257
 8192 -91.50837988826815
 16 -89.49720670391061
 6 -87.48603351955308
 1 -85.47486033519553
 0 -83.46368715083798
 1 -81.45251396648044
 4 -79.44134078212289
 7 -77.43016759776536
 42 -75.41899441340782
 26 -73.40782122905027
 54 -71.39664804469274
 118 -69.38547486033519
 57 -67.37430167597765
 89 -65.3631284916201
 46 -63.35195530726256
 284 -61.34078212290503
 145 -59.32960893854748
 201 -57.31843575418993
 97 -55.3072625698324
 73 -53.29608938547486
 200 -51.28491620111731
 52 -49.27374301675977
 106 -47.26256983240222
 0 -45.25139664804468
 257 -43.24022346368713
 1 -41.22905027932961
 154 -39.21787709497207
 261 -37.20670391061452
 437 -35.19553072625698
 122 -33.18435754189943
 62 -31.17318435754188
 141 -29.16201117318434
 5 -27.15083798882682
 57 -25.13966480446928
 625 -23.12849162011173
 131 -21.11731843575419
 44 -19.10614525139664
 4 -17.09497206703909
 38 -15.08379888268155
 176 -13.072625698324
 6 -11.06145251396646
 569 -9.050279329608941
 2 -7.039106145251395
 108 -5.02793296089385
 20 -3.016759776536304
 1 -1.005586592178759
 22 1.005586592178787
 131 3.016759776536333
 1 5.02793296089385
 546 7.039106145251395
 5 9.050279329608941
 122 11.06145251396649
 58 13.07262569832403
 7 15.08379888268158
 64 17.09497206703912
 119 19.10614525139667
 515 21.11731843575421
 56 23.12849162011173
 77 25.13966480446928
 119 27.15083798882682
 49 29.16201117318437
 222 31.17318435754191
 307 33.18435754189946
 253 35.195530726257
 194 37.20670391061452
 36 39.21787709497207
 303 41.22905027932961
 2 43.24022346368716
 133 45.2513966480447
 63 47.26256983240225
 223 49.27374301675979
 76 51.28491620111734
 181 53.29608938547489
 90 55.3072625698324
 126 57.31843575418995
 280 59.32960893854749
 61 61.34078212290504
 93 63.35195530726259
 80 65.36312849162013
 115 67.37430167597768
 50 69.38547486033519
 36 71.39664804469274
 54 73.40782122905028
 8 75.41899441340783
 6 77.43016759776538
 1 79.44134078212289
 0 81.45251396648047
 0 83.46368715083798
 1 85.47486033519556
 9 87.48603351955308
 7855 89.49720670391065
 9 91.50837988826817
 2 93.51955307262574
 0 95.53072625698326
 0 97.54189944134077
 2 99.55307262569835
 10 101.5642458100559
 21 103.5754189944134
 37 105.586592178771
 17 107.5977653631285
 101 109.608938547486
 122 111.6201117318436
 118 113.6312849162011
 4 115.6424581005587
 187 117.6536312849162
 168 119.6648044692737
 81 121.6759776536313
 162 123.6871508379888
 191 125.6983240223464
 81 127.7094972067039
 178 129.7206703910614
 146 131.731843575419
 5 133.7430167597765
 122 135.7541899441341
 177 137.7653631284916
 101 139.7765363128492
 135 141.7877094972067
 478 143.7988826815642
 123 145.8100558659218
 206 147.8212290502793
 39 149.8324022346369
 145 151.8435754189944
 51 153.854748603352
 491 155.8659217877095
 46 157.8770949720671
 132 159.8882681564246
 55 161.8994413407821
 41 163.9106145251397
 13 165.9217877094972
 111 167.9329608938548
 204 169.9441340782123
 308 171.9553072625699
 2 173.9664804469274
 142 175.9776536312849
 3 177.9888268156425
 0 180


