# Created by Octave 3.8.2, Mon Jun 22 10:00:29 2020 CEST <damian@fptrucha.inv.usc.es>
# name: hd
# type: matrix
# rows: 180
# columns: 2
 5 -180
 167 -177.9888268156425
 1 -175.9776536312849
 354 -173.9664804469274
 221 -171.9553072625698
 134 -169.9441340782123
 29 -167.9329608938548
 42 -165.9217877094972
 75 -163.9106145251397
 147 -161.8994413407821
 40 -159.8882681564246
 546 -157.877094972067
 66 -155.8659217877095
 116 -153.854748603352
 36 -151.8435754189944
 64 -149.8324022346369
 234 -147.8212290502793
 595 -145.8100558659218
 124 -143.7988826815642
 91 -141.7877094972067
 179 -139.7765363128491
 127 -137.7653631284916
 4 -135.7541899441341
 169 -133.7430167597765
 177 -131.731843575419
 80 -129.7206703910614
 171 -127.7094972067039
 202 -125.6983240223464
 73 -123.6871508379888
 172 -121.6759776536313
 201 -119.6648044692737
 5 -117.6536312849162
 108 -115.6424581005587
 132 -113.6312849162011
 115 -111.6201117318436
 15 -109.608938547486
 30 -107.5977653631285
 25 -105.5865921787709
 11 -103.5754189944134
 5 -101.5642458100559
 1 -99.55307262569832
 3 -97.54189944134077
 4 -95.53072625698323
 9 -93.5195530726257
 7790 -91.50837988826815
 7 -89.49720670391061
 4 -87.48603351955308
 0 -85.47486033519553
 1 -83.46368715083798
 1 -81.45251396648044
 8 -79.44134078212289
 8 -77.43016759776536
 50 -75.41899441340782
 43 -73.40782122905027
 39 -71.39664804469274
 133 -69.38547486033519
 88 -67.37430167597765
 110 -65.3631284916201
 56 -63.35195530726256
 252 -61.34078212290503
 121 -59.32960893854748
 205 -57.31843575418993
 98 -55.3072625698324
 78 -53.29608938547486
 220 -51.28491620111731
 61 -49.27374301675977
 123 -47.26256983240222
 3 -45.25139664804468
 286 -43.24022346368713
 6 -41.22905027932961
 154 -39.21787709497207
 299 -37.20670391061452
 431 -35.19553072625698
 131 -33.18435754189943
 71 -31.17318435754188
 136 -29.16201117318434
 11 -27.15083798882682
 58 -25.13966480446928
 581 -23.12849162011173
 112 -21.11731843575419
 58 -19.10614525139664
 10 -17.09497206703909
 39 -15.08379888268155
 147 -13.072625698324
 11 -11.06145251396646
 594 -9.050279329608941
 2 -7.039106145251395
 132 -5.02793296089385
 24 -3.016759776536304
 2 -1.005586592178759
 26 1.005586592178787
 135 3.016759776536333
 2 5.02793296089385
 557 7.039106145251395
 12 9.050279329608941
 160 11.06145251396649
 42 13.07262569832403
 14 15.08379888268158
 59 17.09497206703912
 118 19.10614525139667
 543 21.11731843575421
 54 23.12849162011173
 84 25.13966480446928
 91 27.15083798882682
 55 29.16201117318437
 166 31.17318435754191
 321 33.18435754189946
 246 35.195530726257
 137 37.20670391061452
 40 39.21787709497207
 272 41.22905027932961
 3 43.24022346368716
 140 45.2513966480447
 54 47.26256983240225
 227 49.27374301675979
 88 51.28491620111734
 222 53.29608938547489
 78 55.3072625698324
 152 57.31843575418995
 231 59.32960893854749
 68 61.34078212290504
 114 63.35195530726259
 82 65.36312849162013
 113 67.37430167597768
 45 69.38547486033519
 28 71.39664804469274
 58 73.40782122905028
 6 75.41899441340783
 12 77.43016759776538
 3 79.44134078212289
 2 81.45251396648047
 1 83.46368715083798
 8 85.47486033519556
 23 87.48603351955308
 7466 89.49720670391065
 5 91.50837988826817
 6 93.51955307262574
 2 95.53072625698326
 3 97.54189944134077
 3 99.55307262569835
 14 101.5642458100559
 36 103.5754189944134
 41 105.586592178771
 22 107.5977653631285
 130 109.608938547486
 137 111.6201117318436
 126 113.6312849162011
 4 115.6424581005587
 193 117.6536312849162
 174 119.6648044692737
 92 121.6759776536313
 158 123.6871508379888
 178 125.6983240223464
 82 127.7094972067039
 158 129.7206703910614
 181 131.731843575419
 6 133.7430167597765
 104 135.7541899441341
 184 137.7653631284916
 115 139.7765363128492
 132 141.7877094972067
 466 143.7988826815642
 108 145.8100558659218
 192 147.8212290502793
 41 149.8324022346369
 142 151.8435754189944
 61 153.854748603352
 463 155.8659217877095
 38 157.8770949720671
 133 159.8882681564246
 70 161.8994413407821
 46 163.9106145251397
 27 165.9217877094972
 147 167.9329608938548
 216 169.9441340782123
 333 171.9553072625699
 4 173.9664804469274
 165 175.9776536312849
 2 177.9888268156425
 0 180


