# Created by Octave 3.8.2, Mon Jun 22 14:56:45 2020 CEST <damian@fptrucha.inv.usc.es>
# name: hd
# type: matrix
# rows: 180
# columns: 2
 3 -180
 151 -177.9888268156425
 7 -175.9776536312849
 372 -173.9664804469274
 269 -171.9553072625698
 167 -169.9441340782123
 33 -167.9329608938548
 54 -165.9217877094972
 68 -163.9106145251397
 156 -161.8994413407821
 38 -159.8882681564246
 564 -157.877094972067
 79 -155.8659217877095
 145 -153.854748603352
 45 -151.8435754189944
 70 -149.8324022346369
 226 -147.8212290502793
 575 -145.8100558659218
 144 -143.7988826815642
 96 -141.7877094972067
 187 -139.7765363128491
 102 -137.7653631284916
 4 -135.7541899441341
 156 -133.7430167597765
 186 -131.731843575419
 58 -129.7206703910614
 193 -127.7094972067039
 204 -125.6983240223464
 102 -123.6871508379888
 189 -121.6759776536313
 184 -119.6648044692737
 4 -117.6536312849162
 126 -115.6424581005587
 117 -113.6312849162011
 133 -111.6201117318436
 29 -109.608938547486
 47 -107.5977653631285
 25 -105.5865921787709
 17 -103.5754189944134
 3 -101.5642458100559
 2 -99.55307262569832
 1 -97.54189944134077
 4 -95.53072625698323
 8 -93.5195530726257
 8062 -91.50837988826815
 20 -89.49720670391061
 2 -87.48603351955308
 2 -85.47486033519553
 0 -83.46368715083798
 4 -81.45251396648044
 6 -79.44134078212289
 11 -77.43016759776536
 50 -75.41899441340782
 27 -73.40782122905027
 53 -71.39664804469274
 123 -69.38547486033519
 80 -67.37430167597765
 127 -65.3631284916201
 56 -63.35195530726256
 242 -61.34078212290503
 148 -59.32960893854748
 189 -57.31843575418993
 95 -55.3072625698324
 94 -53.29608938547486
 245 -51.28491620111731
 57 -49.27374301675977
 109 -47.26256983240222
 3 -45.25139664804468
 323 -43.24022346368713
 6 -41.22905027932961
 164 -39.21787709497207
 282 -37.20670391061452
 464 -35.19553072625698
 130 -33.18435754189943
 54 -31.17318435754188
 173 -29.16201117318434
 12 -27.15083798882682
 50 -25.13966480446928
 621 -23.12849162011173
 143 -21.11731843575419
 56 -19.10614525139664
 14 -17.09497206703909
 44 -15.08379888268155
 178 -13.072625698324
 8 -11.06145251396646
 579 -9.050279329608941
 2 -7.039106145251395
 142 -5.02793296089385
 20 -3.016759776536304
 3 -1.005586592178759
 27 1.005586592178787
 129 3.016759776536333
 3 5.02793296089385
 563 7.039106145251395
 10 9.050279329608941
 164 11.06145251396649
 49 13.07262569832403
 15 15.08379888268158
 50 17.09497206703912
 137 19.10614525139667
 546 21.11731843575421
 52 23.12849162011173
 75 25.13966480446928
 93 27.15083798882682
 63 29.16201117318437
 199 31.17318435754191
 357 33.18435754189946
 260 35.195530726257
 162 37.20670391061452
 46 39.21787709497207
 285 41.22905027932961
 2 43.24022346368716
 130 45.2513966480447
 66 47.26256983240225
 238 49.27374301675979
 82 51.28491620111734
 218 53.29608938547489
 94 55.3072625698324
 158 57.31843575418995
 275 59.32960893854749
 64 61.34078212290504
 114 63.35195530726259
 85 65.36312849162013
 115 67.37430167597768
 49 69.38547486033519
 32 71.39664804469274
 53 73.40782122905028
 10 75.41899441340783
 8 77.43016759776538
 1 79.44134078212289
 1 81.45251396648047
 2 83.46368715083798
 8 85.47486033519556
 13 87.48603351955308
 7861 89.49720670391065
 7 91.50837988826817
 1 93.51955307262574
 0 95.53072625698326
 1 97.54189944134077
 3 99.55307262569835
 7 101.5642458100559
 27 103.5754189944134
 40 105.586592178771
 26 107.5977653631285
 108 109.608938547486
 146 111.6201117318436
 129 113.6312849162011
 3 115.6424581005587
 223 117.6536312849162
 199 119.6648044692737
 101 121.6759776536313
 186 123.6871508379888
 178 125.6983240223464
 91 127.7094972067039
 170 129.7206703910614
 168 131.731843575419
 3 133.7430167597765
 113 135.7541899441341
 193 137.7653631284916
 77 139.7765363128492
 159 141.7877094972067
 520 143.7988826815642
 127 145.8100558659218
 201 147.8212290502793
 51 149.8324022346369
 167 151.8435754189944
 80 153.854748603352
 449 155.8659217877095
 53 157.8770949720671
 165 159.8882681564246
 77 161.8994413407821
 62 163.9106145251397
 26 165.9217877094972
 163 167.9329608938548
 252 169.9441340782123
 350 171.9553072625699
 3 173.9664804469274
 155 175.9776536312849
 5 177.9888268156425
 0 180


