# Created by Octave 3.8.2, Sun Jun 21 02:00:12 2020 CEST <damian@fptrucha.inv.usc.es>
# name: hd
# type: matrix
# rows: 180
# columns: 2
 2 -180
 149 -177.9888268156425
 2 -175.9776536312849
 349 -173.9664804469274
 231 -171.9553072625698
 141 -169.9441340782123
 37 -167.9329608938548
 41 -165.9217877094972
 56 -163.9106145251397
 128 -161.8994413407821
 28 -159.8882681564246
 617 -157.877094972067
 52 -155.8659217877095
 118 -153.854748603352
 41 -151.8435754189944
 62 -149.8324022346369
 219 -147.8212290502793
 566 -145.8100558659218
 110 -143.7988826815642
 75 -141.7877094972067
 150 -139.7765363128491
 102 -137.7653631284916
 1 -135.7541899441341
 148 -133.7430167597765
 146 -131.731843575419
 82 -129.7206703910614
 159 -127.7094972067039
 254 -125.6983240223464
 91 -123.6871508379888
 169 -121.6759776536313
 163 -119.6648044692737
 4 -117.6536312849162
 96 -115.6424581005587
 129 -113.6312849162011
 103 -111.6201117318436
 21 -109.608938547486
 30 -107.5977653631285
 20 -105.5865921787709
 14 -103.5754189944134
 4 -101.5642458100559
 0 -99.55307262569832
 1 -97.54189944134077
 3 -95.53072625698323
 2 -93.5195530726257
 7994 -91.50837988826815
 10 -89.49720670391061
 2 -87.48603351955308
 1 -85.47486033519553
 0 -83.46368715083798
 0 -81.45251396648044
 4 -79.44134078212289
 3 -77.43016759776536
 41 -75.41899441340782
 26 -73.40782122905027
 51 -71.39664804469274
 110 -69.38547486033519
 69 -67.37430167597765
 98 -65.3631284916201
 40 -63.35195530726256
 269 -61.34078212290503
 145 -59.32960893854748
 256 -57.31843575418993
 82 -55.3072625698324
 73 -53.29608938547486
 235 -51.28491620111731
 61 -49.27374301675977
 101 -47.26256983240222
 3 -45.25139664804468
 269 -43.24022346368713
 4 -41.22905027932961
 140 -39.21787709497207
 289 -37.20670391061452
 434 -35.19553072625698
 109 -33.18435754189943
 66 -31.17318435754188
 147 -29.16201117318434
 8 -27.15083798882682
 55 -25.13966480446928
 608 -23.12849162011173
 142 -21.11731843575419
 42 -19.10614525139664
 11 -17.09497206703909
 44 -15.08379888268155
 151 -13.072625698324
 2 -11.06145251396646
 536 -9.050279329608941
 2 -7.039106145251395
 120 -5.02793296089385
 26 -3.016759776536304
 4 -1.005586592178759
 18 1.005586592178787
 142 3.016759776536333
 1 5.02793296089385
 522 7.039106145251395
 4 9.050279329608941
 121 11.06145251396649
 49 13.07262569832403
 7 15.08379888268158
 55 17.09497206703912
 121 19.10614525139667
 501 21.11731843575421
 50 23.12849162011173
 82 25.13966480446928
 90 27.15083798882682
 62 29.16201117318437
 195 31.17318435754191
 300 33.18435754189946
 232 35.195530726257
 145 37.20670391061452
 36 39.21787709497207
 259 41.22905027932961
 2 43.24022346368716
 129 45.2513966480447
 56 47.26256983240225
 215 49.27374301675979
 80 51.28491620111734
 192 53.29608938547489
 77 55.3072625698324
 136 57.31843575418995
 232 59.32960893854749
 57 61.34078212290504
 100 63.35195530726259
 84 65.36312849162013
 89 67.37430167597768
 35 69.38547486033519
 27 71.39664804469274
 42 73.40782122905028
 6 75.41899441340783
 6 77.43016759776538
 2 79.44134078212289
 3 81.45251396648047
 2 83.46368715083798
 3 85.47486033519556
 6 87.48603351955308
 7423 89.49720670391065
 3 91.50837988826817
 1 93.51955307262574
 1 95.53072625698326
 2 97.54189944134077
 9 99.55307262569835
 10 101.5642458100559
 20 103.5754189944134
 35 105.586592178771
 15 107.5977653631285
 87 109.608938547486
 99 111.6201117318436
 118 113.6312849162011
 3 115.6424581005587
 200 117.6536312849162
 159 119.6648044692737
 83 121.6759776536313
 171 123.6871508379888
 160 125.6983240223464
 69 127.7094972067039
 159 129.7206703910614
 154 131.731843575419
 1 133.7430167597765
 114 135.7541899441341
 136 137.7653631284916
 112 139.7765363128492
 126 141.7877094972067
 465 143.7988826815642
 130 145.8100558659218
 200 147.8212290502793
 34 149.8324022346369
 153 151.8435754189944
 60 153.854748603352
 440 155.8659217877095
 52 157.8770949720671
 99 159.8882681564246
 68 161.8994413407821
 37 163.9106145251397
 19 165.9217877094972
 135 167.9329608938548
 228 169.9441340782123
 324 171.9553072625699
 4 173.9664804469274
 164 175.9776536312849
 9 177.9888268156425
 0 180


