# Created by Octave 3.8.2, Mon Jun 22 13:56:30 2020 CEST <damian@fptrucha.inv.usc.es>
# name: hd
# type: matrix
# rows: 180
# columns: 2
 5 -180
 183 -177.9888268156425
 6 -175.9776536312849
 388 -173.9664804469274
 239 -171.9553072625698
 167 -169.9441340782123
 32 -167.9329608938548
 35 -165.9217877094972
 65 -163.9106145251397
 155 -161.8994413407821
 46 -159.8882681564246
 549 -157.877094972067
 76 -155.8659217877095
 131 -153.854748603352
 42 -151.8435754189944
 72 -149.8324022346369
 213 -147.8212290502793
 589 -145.8100558659218
 137 -143.7988826815642
 106 -141.7877094972067
 188 -139.7765363128491
 126 -137.7653631284916
 3 -135.7541899441341
 160 -133.7430167597765
 172 -131.731843575419
 90 -129.7206703910614
 185 -127.7094972067039
 205 -125.6983240223464
 105 -123.6871508379888
 186 -121.6759776536313
 198 -119.6648044692737
 4 -117.6536312849162
 125 -115.6424581005587
 132 -113.6312849162011
 120 -111.6201117318436
 23 -109.608938547486
 43 -107.5977653631285
 31 -105.5865921787709
 10 -103.5754189944134
 5 -101.5642458100559
 0 -99.55307262569832
 2 -97.54189944134077
 2 -95.53072625698323
 5 -93.5195530726257
 7976 -91.50837988826815
 10 -89.49720670391061
 3 -87.48603351955308
 1 -85.47486033519553
 2 -83.46368715083798
 4 -81.45251396648044
 9 -79.44134078212289
 10 -77.43016759776536
 53 -75.41899441340782
 32 -73.40782122905027
 43 -71.39664804469274
 111 -69.38547486033519
 86 -67.37430167597765
 101 -65.3631284916201
 73 -63.35195530726256
 273 -61.34078212290503
 150 -59.32960893854748
 176 -57.31843575418993
 87 -55.3072625698324
 87 -53.29608938547486
 249 -51.28491620111731
 58 -49.27374301675977
 118 -47.26256983240222
 0 -45.25139664804468
 295 -43.24022346368713
 3 -41.22905027932961
 172 -39.21787709497207
 272 -37.20670391061452
 441 -35.19553072625698
 120 -33.18435754189943
 67 -31.17318435754188
 152 -29.16201117318434
 12 -27.15083798882682
 57 -25.13966480446928
 580 -23.12849162011173
 127 -21.11731843575419
 62 -19.10614525139664
 13 -17.09497206703909
 40 -15.08379888268155
 143 -13.072625698324
 8 -11.06145251396646
 530 -9.050279329608941
 0 -7.039106145251395
 123 -5.02793296089385
 17 -3.016759776536304
 6 -1.005586592178759
 24 1.005586592178787
 121 3.016759776536333
 2 5.02793296089385
 517 7.039106145251395
 17 9.050279329608941
 172 11.06145251396649
 45 13.07262569832403
 16 15.08379888268158
 81 17.09497206703912
 103 19.10614525139667
 559 21.11731843575421
 66 23.12849162011173
 83 25.13966480446928
 80 27.15083798882682
 73 29.16201117318437
 207 31.17318435754191
 340 33.18435754189946
 265 35.195530726257
 131 37.20670391061452
 37 39.21787709497207
 276 41.22905027932961
 5 43.24022346368716
 125 45.2513966480447
 62 47.26256983240225
 256 49.27374301675979
 101 51.28491620111734
 192 53.29608938547489
 86 55.3072625698324
 122 57.31843575418995
 248 59.32960893854749
 70 61.34078212290504
 138 63.35195530726259
 73 65.36312849162013
 138 67.37430167597768
 61 69.38547486033519
 35 71.39664804469274
 55 73.40782122905028
 10 75.41899441340783
 13 77.43016759776538
 6 79.44134078212289
 1 81.45251396648047
 2 83.46368715083798
 13 85.47486033519556
 16 87.48603351955308
 7564 89.49720670391065
 11 91.50837988826817
 4 93.51955307262574
 1 95.53072625698326
 1 97.54189944134077
 7 99.55307262569835
 13 101.5642458100559
 32 103.5754189944134
 44 105.586592178771
 16 107.5977653631285
 115 109.608938547486
 128 111.6201117318436
 136 113.6312849162011
 5 115.6424581005587
 196 117.6536312849162
 194 119.6648044692737
 113 121.6759776536313
 186 123.6871508379888
 221 125.6983240223464
 65 127.7094972067039
 151 129.7206703910614
 190 131.731843575419
 2 133.7430167597765
 111 135.7541899441341
 169 137.7653631284916
 120 139.7765363128492
 154 141.7877094972067
 497 143.7988826815642
 111 145.8100558659218
 204 147.8212290502793
 49 149.8324022346369
 131 151.8435754189944
 86 153.854748603352
 515 155.8659217877095
 59 157.8770949720671
 134 159.8882681564246
 70 161.8994413407821
 49 163.9106145251397
 29 165.9217877094972
 141 167.9329608938548
 232 169.9441340782123
 359 171.9553072625699
 6 173.9664804469274
 195 175.9776536312849
 5 177.9888268156425
 0 180


