# Created by Octave 3.8.2, Sat Jun 20 22:51:22 2020 CEST <damian@fptrucha.inv.usc.es>
# name: hd
# type: matrix
# rows: 180
# columns: 2
 6 -180
 145 -177.9888268156425
 2 -175.9776536312849
 340 -173.9664804469274
 219 -171.9553072625698
 145 -169.9441340782123
 35 -167.9329608938548
 32 -165.9217877094972
 54 -163.9106145251397
 156 -161.8994413407821
 29 -159.8882681564246
 554 -157.877094972067
 58 -155.8659217877095
 131 -153.854748603352
 37 -151.8435754189944
 49 -149.8324022346369
 205 -147.8212290502793
 628 -145.8100558659218
 112 -143.7988826815642
 81 -141.7877094972067
 167 -139.7765363128491
 79 -137.7653631284916
 3 -135.7541899441341
 148 -133.7430167597765
 125 -131.731843575419
 88 -129.7206703910614
 154 -127.7094972067039
 220 -125.6983240223464
 84 -123.6871508379888
 161 -121.6759776536313
 154 -119.6648044692737
 3 -117.6536312849162
 86 -115.6424581005587
 106 -113.6312849162011
 100 -111.6201117318436
 16 -109.608938547486
 26 -107.5977653631285
 17 -105.5865921787709
 7 -103.5754189944134
 1 -101.5642458100559
 1 -99.55307262569832
 0 -97.54189944134077
 1 -95.53072625698323
 3 -93.5195530726257
 7814 -91.50837988826815
 7 -89.49720670391061
 2 -87.48603351955308
 0 -85.47486033519553
 0 -83.46368715083798
 0 -81.45251396648044
 4 -79.44134078212289
 6 -77.43016759776536
 33 -75.41899441340782
 22 -73.40782122905027
 43 -71.39664804469274
 99 -69.38547486033519
 52 -67.37430167597765
 111 -65.3631284916201
 43 -63.35195530726256
 257 -61.34078212290503
 150 -59.32960893854748
 199 -57.31843575418993
 104 -55.3072625698324
 63 -53.29608938547486
 201 -51.28491620111731
 40 -49.27374301675977
 100 -47.26256983240222
 1 -45.25139664804468
 264 -43.24022346368713
 4 -41.22905027932961
 169 -39.21787709497207
 307 -37.20670391061452
 440 -35.19553072625698
 95 -33.18435754189943
 60 -31.17318435754188
 131 -29.16201117318434
 7 -27.15083798882682
 48 -25.13966480446928
 683 -23.12849162011173
 134 -21.11731843575419
 49 -19.10614525139664
 10 -17.09497206703909
 37 -15.08379888268155
 150 -13.072625698324
 9 -11.06145251396646
 519 -9.050279329608941
 1 -7.039106145251395
 128 -5.02793296089385
 17 -3.016759776536304
 5 -1.005586592178759
 19 1.005586592178787
 142 3.016759776536333
 2 5.02793296089385
 520 7.039106145251395
 8 9.050279329608941
 130 11.06145251396649
 50 13.07262569832403
 13 15.08379888268158
 71 17.09497206703912
 92 19.10614525139667
 500 21.11731843575421
 61 23.12849162011173
 89 25.13966480446928
 83 27.15083798882682
 45 29.16201117318437
 229 31.17318435754191
 320 33.18435754189946
 239 35.195530726257
 167 37.20670391061452
 37 39.21787709497207
 281 41.22905027932961
 4 43.24022346368716
 123 45.2513966480447
 60 47.26256983240225
 214 49.27374301675979
 82 51.28491620111734
 192 53.29608938547489
 72 55.3072625698324
 132 57.31843575418995
 250 59.32960893854749
 61 61.34078212290504
 136 63.35195530726259
 73 65.36312849162013
 101 67.37430167597768
 60 69.38547486033519
 39 71.39664804469274
 39 73.40782122905028
 3 75.41899441340783
 8 77.43016759776538
 1 79.44134078212289
 0 81.45251396648047
 0 83.46368715083798
 3 85.47486033519556
 9 87.48603351955308
 7659 89.49720670391065
 5 91.50837988826817
 3 93.51955307262574
 1 95.53072625698326
 1 97.54189944134077
 1 99.55307262569835
 12 101.5642458100559
 31 103.5754189944134
 29 105.586592178771
 19 107.5977653631285
 87 109.608938547486
 106 111.6201117318436
 143 113.6312849162011
 2 115.6424581005587
 198 117.6536312849162
 173 119.6648044692737
 76 121.6759776536313
 181 123.6871508379888
 180 125.6983240223464
 87 127.7094972067039
 140 129.7206703910614
 156 131.731843575419
 2 133.7430167597765
 119 135.7541899441341
 196 137.7653631284916
 92 139.7765363128492
 132 141.7877094972067
 433 143.7988826815642
 112 145.8100558659218
 206 147.8212290502793
 49 149.8324022346369
 158 151.8435754189944
 70 153.854748603352
 439 155.8659217877095
 52 157.8770949720671
 128 159.8882681564246
 64 161.8994413407821
 43 163.9106145251397
 21 165.9217877094972
 115 167.9329608938548
 242 169.9441340782123
 326 171.9553072625699
 3 173.9664804469274
 135 175.9776536312849
 1 177.9888268156425
 0 180


