# Created by Octave 3.8.2, Sun Jun 21 04:09:02 2020 CEST <damian@fptrucha.inv.usc.es>
# name: hd
# type: matrix
# rows: 180
# columns: 2
 1 -180
 156 -177.9888268156425
 2 -175.9776536312849
 335 -173.9664804469274
 241 -171.9553072625698
 127 -169.9441340782123
 25 -167.9329608938548
 34 -165.9217877094972
 55 -163.9106145251397
 164 -161.8994413407821
 32 -159.8882681564246
 587 -157.877094972067
 58 -155.8659217877095
 110 -153.854748603352
 41 -151.8435754189944
 71 -149.8324022346369
 203 -147.8212290502793
 643 -145.8100558659218
 140 -143.7988826815642
 74 -141.7877094972067
 166 -139.7765363128491
 84 -137.7653631284916
 1 -135.7541899441341
 163 -133.7430167597765
 149 -131.731843575419
 66 -129.7206703910614
 154 -127.7094972067039
 201 -125.6983240223464
 102 -123.6871508379888
 167 -121.6759776536313
 191 -119.6648044692737
 3 -117.6536312849162
 95 -115.6424581005587
 122 -113.6312849162011
 119 -111.6201117318436
 16 -109.608938547486
 34 -107.5977653631285
 25 -105.5865921787709
 17 -103.5754189944134
 4 -101.5642458100559
 1 -99.55307262569832
 1 -97.54189944134077
 3 -95.53072625698323
 6 -93.5195530726257
 7980 -91.50837988826815
 6 -89.49720670391061
 2 -87.48603351955308
 0 -85.47486033519553
 0 -83.46368715083798
 1 -81.45251396648044
 1 -79.44134078212289
 4 -77.43016759776536
 35 -75.41899441340782
 24 -73.40782122905027
 46 -71.39664804469274
 120 -69.38547486033519
 67 -67.37430167597765
 112 -65.3631284916201
 58 -63.35195530726256
 274 -61.34078212290503
 144 -59.32960893854748
 191 -57.31843575418993
 103 -55.3072625698324
 66 -53.29608938547486
 198 -51.28491620111731
 54 -49.27374301675977
 114 -47.26256983240222
 2 -45.25139664804468
 257 -43.24022346368713
 3 -41.22905027932961
 154 -39.21787709497207
 279 -37.20670391061452
 456 -35.19553072625698
 111 -33.18435754189943
 66 -31.17318435754188
 146 -29.16201117318434
 15 -27.15083798882682
 49 -25.13966480446928
 636 -23.12849162011173
 127 -21.11731843575419
 45 -19.10614525139664
 13 -17.09497206703909
 41 -15.08379888268155
 147 -13.072625698324
 6 -11.06145251396646
 548 -9.050279329608941
 3 -7.039106145251395
 118 -5.02793296089385
 13 -3.016759776536304
 1 -1.005586592178759
 24 1.005586592178787
 128 3.016759776536333
 3 5.02793296089385
 503 7.039106145251395
 4 9.050279329608941
 122 11.06145251396649
 38 13.07262569832403
 8 15.08379888268158
 72 17.09497206703912
 126 19.10614525139667
 475 21.11731843575421
 66 23.12849162011173
 84 25.13966480446928
 83 27.15083798882682
 41 29.16201117318437
 222 31.17318435754191
 327 33.18435754189946
 267 35.195530726257
 174 37.20670391061452
 38 39.21787709497207
 282 41.22905027932961
 1 43.24022346368716
 107 45.2513966480447
 63 47.26256983240225
 226 49.27374301675979
 83 51.28491620111734
 183 53.29608938547489
 91 55.3072625698324
 122 57.31843575418995
 254 59.32960893854749
 61 61.34078212290504
 108 63.35195530726259
 76 65.36312849162013
 102 67.37430167597768
 52 69.38547486033519
 20 71.39664804469274
 40 73.40782122905028
 5 75.41899441340783
 11 77.43016759776538
 1 79.44134078212289
 0 81.45251396648047
 1 83.46368715083798
 3 85.47486033519556
 9 87.48603351955308
 7500 89.49720670391065
 5 91.50837988826817
 4 93.51955307262574
 2 95.53072625698326
 0 97.54189944134077
 3 99.55307262569835
 6 101.5642458100559
 22 103.5754189944134
 27 105.586592178771
 21 107.5977653631285
 103 109.608938547486
 93 111.6201117318436
 111 113.6312849162011
 3 115.6424581005587
 211 117.6536312849162
 168 119.6648044692737
 89 121.6759776536313
 183 123.6871508379888
 186 125.6983240223464
 79 127.7094972067039
 151 129.7206703910614
 171 131.731843575419
 0 133.7430167597765
 112 135.7541899441341
 148 137.7653631284916
 81 139.7765363128492
 115 141.7877094972067
 492 143.7988826815642
 117 145.8100558659218
 198 147.8212290502793
 43 149.8324022346369
 155 151.8435754189944
 62 153.854748603352
 461 155.8659217877095
 48 157.8770949720671
 112 159.8882681564246
 68 161.8994413407821
 45 163.9106145251397
 15 165.9217877094972
 124 167.9329608938548
 203 169.9441340782123
 324 171.9553072625699
 2 173.9664804469274
 143 175.9776536312849
 3 177.9888268156425
 0 180


