# Created by Octave 3.8.2, Mon Jun 22 20:13:37 2020 CEST <damian@fptrucha.inv.usc.es>
# name: hd
# type: matrix
# rows: 180
# columns: 2
 4 -180
 172 -177.9888268156425
 3 -175.9776536312849
 397 -173.9664804469274
 234 -171.9553072625698
 176 -169.9441340782123
 43 -167.9329608938548
 43 -165.9217877094972
 64 -163.9106145251397
 135 -161.8994413407821
 62 -159.8882681564246
 617 -157.877094972067
 76 -155.8659217877095
 148 -153.854748603352
 48 -151.8435754189944
 74 -149.8324022346369
 219 -147.8212290502793
 581 -145.8100558659218
 138 -143.7988826815642
 91 -141.7877094972067
 194 -139.7765363128491
 130 -137.7653631284916
 3 -135.7541899441341
 176 -133.7430167597765
 180 -131.731843575419
 86 -129.7206703910614
 187 -127.7094972067039
 265 -125.6983240223464
 100 -123.6871508379888
 214 -121.6759776536313
 181 -119.6648044692737
 2 -117.6536312849162
 114 -115.6424581005587
 120 -113.6312849162011
 138 -111.6201117318436
 13 -109.608938547486
 37 -107.5977653631285
 32 -105.5865921787709
 15 -103.5754189944134
 5 -101.5642458100559
 0 -99.55307262569832
 0 -97.54189944134077
 1 -95.53072625698323
 9 -93.5195530726257
 8615 -91.50837988826815
 15 -89.49720670391061
 1 -87.48603351955308
 4 -85.47486033519553
 0 -83.46368715083798
 2 -81.45251396648044
 11 -79.44134078212289
 12 -77.43016759776536
 60 -75.41899441340782
 31 -73.40782122905027
 76 -71.39664804469274
 135 -69.38547486033519
 77 -67.37430167597765
 114 -65.3631284916201
 49 -63.35195530726256
 298 -61.34078212290503
 139 -59.32960893854748
 246 -57.31843575418993
 105 -55.3072625698324
 84 -53.29608938547486
 275 -51.28491620111731
 63 -49.27374301675977
 126 -47.26256983240222
 2 -45.25139664804468
 338 -43.24022346368713
 0 -41.22905027932961
 184 -39.21787709497207
 312 -37.20670391061452
 469 -35.19553072625698
 118 -33.18435754189943
 65 -31.17318435754188
 160 -29.16201117318434
 10 -27.15083798882682
 68 -25.13966480446928
 629 -23.12849162011173
 140 -21.11731843575419
 66 -19.10614525139664
 7 -17.09497206703909
 42 -15.08379888268155
 181 -13.072625698324
 8 -11.06145251396646
 569 -9.050279329608941
 4 -7.039106145251395
 167 -5.02793296089385
 17 -3.016759776536304
 5 -1.005586592178759
 23 1.005586592178787
 133 3.016759776536333
 4 5.02793296089385
 570 7.039106145251395
 10 9.050279329608941
 132 11.06145251396649
 54 13.07262569832403
 9 15.08379888268158
 53 17.09497206703912
 121 19.10614525139667
 551 21.11731843575421
 66 23.12849162011173
 90 25.13966480446928
 102 27.15083798882682
 63 29.16201117318437
 194 31.17318435754191
 356 33.18435754189946
 250 35.195530726257
 160 37.20670391061452
 32 39.21787709497207
 335 41.22905027932961
 4 43.24022346368716
 123 45.2513966480447
 70 47.26256983240225
 212 49.27374301675979
 77 51.28491620111734
 191 53.29608938547489
 100 55.3072625698324
 179 57.31843575418995
 263 59.32960893854749
 69 61.34078212290504
 114 63.35195530726259
 74 65.36312849162013
 133 67.37430167597768
 46 69.38547486033519
 22 71.39664804469274
 62 73.40782122905028
 11 75.41899441340783
 9 77.43016759776538
 2 79.44134078212289
 1 81.45251396648047
 1 83.46368715083798
 9 85.47486033519556
 17 87.48603351955308
 7642 89.49720670391065
 10 91.50837988826817
 1 93.51955307262574
 2 95.53072625698326
 2 97.54189944134077
 1 99.55307262569835
 15 101.5642458100559
 27 103.5754189944134
 40 105.586592178771
 23 107.5977653631285
 96 109.608938547486
 122 111.6201117318436
 125 113.6312849162011
 2 115.6424581005587
 216 117.6536312849162
 170 119.6648044692737
 116 121.6759776536313
 178 123.6871508379888
 169 125.6983240223464
 91 127.7094972067039
 171 129.7206703910614
 202 131.731843575419
 4 133.7430167597765
 120 135.7541899441341
 177 137.7653631284916
 95 139.7765363128492
 149 141.7877094972067
 521 143.7988826815642
 138 145.8100558659218
 199 147.8212290502793
 60 149.8324022346369
 154 151.8435754189944
 68 153.854748603352
 521 155.8659217877095
 50 157.8770949720671
 156 159.8882681564246
 67 161.8994413407821
 41 163.9106145251397
 28 165.9217877094972
 157 167.9329608938548
 239 169.9441340782123
 325 171.9553072625699
 3 173.9664804469274
 164 175.9776536312849
 3 177.9888268156425
 0 180


