# Created by Octave 3.8.2, Mon Jun 22 06:35:34 2020 CEST <damian@fptrucha.inv.usc.es>
# name: hd
# type: matrix
# rows: 180
# columns: 2
 5 -180
 169 -177.9888268156425
 6 -175.9776536312849
 343 -173.9664804469274
 214 -171.9553072625698
 133 -169.9441340782123
 33 -167.9329608938548
 48 -165.9217877094972
 71 -163.9106145251397
 122 -161.8994413407821
 58 -159.8882681564246
 515 -157.877094972067
 85 -155.8659217877095
 123 -153.854748603352
 64 -151.8435754189944
 57 -149.8324022346369
 214 -147.8212290502793
 500 -145.8100558659218
 117 -143.7988826815642
 99 -141.7877094972067
 167 -139.7765363128491
 114 -137.7653631284916
 8 -135.7541899441341
 169 -133.7430167597765
 173 -131.731843575419
 83 -129.7206703910614
 146 -127.7094972067039
 189 -125.6983240223464
 101 -123.6871508379888
 155 -121.6759776536313
 180 -119.6648044692737
 5 -117.6536312849162
 107 -115.6424581005587
 106 -113.6312849162011
 115 -111.6201117318436
 24 -109.608938547486
 48 -107.5977653631285
 23 -105.5865921787709
 19 -103.5754189944134
 3 -101.5642458100559
 2 -99.55307262569832
 0 -97.54189944134077
 5 -95.53072625698323
 5 -93.5195530726257
 7453 -91.50837988826815
 17 -89.49720670391061
 5 -87.48603351955308
 2 -85.47486033519553
 1 -83.46368715083798
 2 -81.45251396648044
 10 -79.44134078212289
 9 -77.43016759776536
 47 -75.41899441340782
 30 -73.40782122905027
 37 -71.39664804469274
 119 -69.38547486033519
 59 -67.37430167597765
 119 -65.3631284916201
 55 -63.35195530726256
 261 -61.34078212290503
 125 -59.32960893854748
 192 -57.31843575418993
 84 -55.3072625698324
 70 -53.29608938547486
 229 -51.28491620111731
 53 -49.27374301675977
 100 -47.26256983240222
 9 -45.25139664804468
 295 -43.24022346368713
 4 -41.22905027932961
 149 -39.21787709497207
 253 -37.20670391061452
 396 -35.19553072625698
 145 -33.18435754189943
 45 -31.17318435754188
 146 -29.16201117318434
 11 -27.15083798882682
 54 -25.13966480446928
 492 -23.12849162011173
 104 -21.11731843575419
 60 -19.10614525139664
 15 -17.09497206703909
 55 -15.08379888268155
 136 -13.072625698324
 13 -11.06145251396646
 532 -9.050279329608941
 3 -7.039106145251395
 126 -5.02793296089385
 28 -3.016759776536304
 1 -1.005586592178759
 23 1.005586592178787
 140 3.016759776536333
 5 5.02793296089385
 514 7.039106145251395
 12 9.050279329608941
 134 11.06145251396649
 45 13.07262569832403
 12 15.08379888268158
 65 17.09497206703912
 113 19.10614525139667
 537 21.11731843575421
 66 23.12849162011173
 76 25.13966480446928
 89 27.15083798882682
 65 29.16201117318437
 172 31.17318435754191
 324 33.18435754189946
 231 35.195530726257
 149 37.20670391061452
 35 39.21787709497207
 247 41.22905027932961
 1 43.24022346368716
 138 45.2513966480447
 64 47.26256983240225
 216 49.27374301675979
 79 51.28491620111734
 186 53.29608938547489
 74 55.3072625698324
 137 57.31843575418995
 217 59.32960893854749
 56 61.34078212290504
 102 63.35195530726259
 81 65.36312849162013
 105 67.37430167597768
 55 69.38547486033519
 28 71.39664804469274
 60 73.40782122905028
 12 75.41899441340783
 12 77.43016759776538
 4 79.44134078212289
 0 81.45251396648047
 2 83.46368715083798
 10 85.47486033519556
 13 87.48603351955308
 7145 89.49720670391065
 10 91.50837988826817
 2 93.51955307262574
 4 95.53072625698326
 1 97.54189944134077
 10 99.55307262569835
 15 101.5642458100559
 21 103.5754189944134
 44 105.586592178771
 29 107.5977653631285
 111 109.608938547486
 114 111.6201117318436
 119 113.6312849162011
 3 115.6424581005587
 194 117.6536312849162
 156 119.6648044692737
 81 121.6759776536313
 161 123.6871508379888
 174 125.6983240223464
 86 127.7094972067039
 168 129.7206703910614
 189 131.731843575419
 2 133.7430167597765
 113 135.7541899441341
 171 137.7653631284916
 89 139.7765363128492
 145 141.7877094972067
 485 143.7988826815642
 105 145.8100558659218
 209 147.8212290502793
 34 149.8324022346369
 134 151.8435754189944
 61 153.854748603352
 458 155.8659217877095
 42 157.8770949720671
 116 159.8882681564246
 54 161.8994413407821
 47 163.9106145251397
 23 165.9217877094972
 153 167.9329608938548
 196 169.9441340782123
 333 171.9553072625699
 7 173.9664804469274
 177 175.9776536312849
 7 177.9888268156425
 0 180


