# Created by Octave 3.8.2, Mon Jun 22 16:01:32 2020 CEST <damian@fptrucha.inv.usc.es>
# name: hd
# type: matrix
# rows: 180
# columns: 2
 0 -180
 183 -177.9888268156425
 6 -175.9776536312849
 393 -173.9664804469274
 246 -171.9553072625698
 155 -169.9441340782123
 31 -167.9329608938548
 42 -165.9217877094972
 62 -163.9106145251397
 150 -161.8994413407821
 47 -159.8882681564246
 621 -157.877094972067
 66 -155.8659217877095
 131 -153.854748603352
 39 -151.8435754189944
 75 -149.8324022346369
 217 -147.8212290502793
 637 -145.8100558659218
 136 -143.7988826815642
 84 -141.7877094972067
 184 -139.7765363128491
 116 -137.7653631284916
 3 -135.7541899441341
 177 -133.7430167597765
 170 -131.731843575419
 69 -129.7206703910614
 181 -127.7094972067039
 235 -125.6983240223464
 105 -123.6871508379888
 204 -121.6759776536313
 202 -119.6648044692737
 6 -117.6536312849162
 120 -115.6424581005587
 114 -113.6312849162011
 111 -111.6201117318436
 21 -109.608938547486
 45 -107.5977653631285
 35 -105.5865921787709
 24 -103.5754189944134
 2 -101.5642458100559
 0 -99.55307262569832
 2 -97.54189944134077
 1 -95.53072625698323
 8 -93.5195530726257
 8313 -91.50837988826815
 14 -89.49720670391061
 6 -87.48603351955308
 4 -85.47486033519553
 0 -83.46368715083798
 1 -81.45251396648044
 8 -79.44134078212289
 6 -77.43016759776536
 55 -75.41899441340782
 27 -73.40782122905027
 56 -71.39664804469274
 116 -69.38547486033519
 69 -67.37430167597765
 125 -65.3631284916201
 60 -63.35195530726256
 254 -61.34078212290503
 132 -59.32960893854748
 207 -57.31843575418993
 107 -55.3072625698324
 75 -53.29608938547486
 265 -51.28491620111731
 71 -49.27374301675977
 118 -47.26256983240222
 3 -45.25139664804468
 299 -43.24022346368713
 2 -41.22905027932961
 165 -39.21787709497207
 279 -37.20670391061452
 447 -35.19553072625698
 124 -33.18435754189943
 65 -31.17318435754188
 145 -29.16201117318434
 13 -27.15083798882682
 75 -25.13966480446928
 577 -23.12849162011173
 122 -21.11731843575419
 56 -19.10614525139664
 13 -17.09497206703909
 47 -15.08379888268155
 174 -13.072625698324
 17 -11.06145251396646
 597 -9.050279329608941
 2 -7.039106145251395
 132 -5.02793296089385
 21 -3.016759776536304
 6 -1.005586592178759
 29 1.005586592178787
 148 3.016759776536333
 2 5.02793296089385
 635 7.039106145251395
 11 9.050279329608941
 162 11.06145251396649
 50 13.07262569832403
 15 15.08379888268158
 52 17.09497206703912
 139 19.10614525139667
 539 21.11731843575421
 74 23.12849162011173
 75 25.13966480446928
 104 27.15083798882682
 72 29.16201117318437
 210 31.17318435754191
 356 33.18435754189946
 237 35.195530726257
 126 37.20670391061452
 33 39.21787709497207
 306 41.22905027932961
 0 43.24022346368716
 150 45.2513966480447
 78 47.26256983240225
 270 49.27374301675979
 85 51.28491620111734
 216 53.29608938547489
 88 55.3072625698324
 146 57.31843575418995
 270 59.32960893854749
 64 61.34078212290504
 131 63.35195530726259
 91 65.36312849162013
 129 67.37430167597768
 52 69.38547486033519
 38 71.39664804469274
 59 73.40782122905028
 9 75.41899441340783
 9 77.43016759776538
 4 79.44134078212289
 2 81.45251396648047
 0 83.46368715083798
 5 85.47486033519556
 14 87.48603351955308
 7627 89.49720670391065
 12 91.50837988826817
 3 93.51955307262574
 2 95.53072625698326
 3 97.54189944134077
 6 99.55307262569835
 15 101.5642458100559
 23 103.5754189944134
 58 105.586592178771
 23 107.5977653631285
 120 109.608938547486
 136 111.6201117318436
 109 113.6312849162011
 8 115.6424581005587
 180 117.6536312849162
 177 119.6648044692737
 98 121.6759776536313
 177 123.6871508379888
 207 125.6983240223464
 105 127.7094972067039
 159 129.7206703910614
 229 131.731843575419
 5 133.7430167597765
 133 135.7541899441341
 201 137.7653631284916
 80 139.7765363128492
 138 141.7877094972067
 505 143.7988826815642
 141 145.8100558659218
 214 147.8212290502793
 51 149.8324022346369
 152 151.8435754189944
 68 153.854748603352
 503 155.8659217877095
 57 157.8770949720671
 143 159.8882681564246
 56 161.8994413407821
 40 163.9106145251397
 17 165.9217877094972
 114 167.9329608938548
 235 169.9441340782123
 377 171.9553072625699
 5 173.9664804469274
 132 175.9776536312849
 7 177.9888268156425
 0 180


