# Created by Octave 3.8.2, Mon Jun 22 00:22:56 2020 CEST <damian@fptrucha.inv.usc.es>
# name: hd
# type: matrix
# rows: 180
# columns: 2
 2 -180
 145 -177.9888268156425
 2 -175.9776536312849
 359 -173.9664804469274
 225 -171.9553072625698
 155 -169.9441340782123
 20 -167.9329608938548
 43 -165.9217877094972
 46 -163.9106145251397
 149 -161.8994413407821
 28 -159.8882681564246
 634 -157.877094972067
 50 -155.8659217877095
 108 -153.854748603352
 34 -151.8435754189944
 63 -149.8324022346369
 220 -147.8212290502793
 650 -145.8100558659218
 125 -143.7988826815642
 80 -141.7877094972067
 164 -139.7765363128491
 106 -137.7653631284916
 1 -135.7541899441341
 187 -133.7430167597765
 162 -131.731843575419
 80 -129.7206703910614
 173 -127.7094972067039
 206 -125.6983240223464
 95 -123.6871508379888
 198 -121.6759776536313
 175 -119.6648044692737
 1 -117.6536312849162
 85 -115.6424581005587
 126 -113.6312849162011
 105 -111.6201117318436
 18 -109.608938547486
 32 -107.5977653631285
 18 -105.5865921787709
 16 -103.5754189944134
 2 -101.5642458100559
 0 -99.55307262569832
 0 -97.54189944134077
 4 -95.53072625698323
 3 -93.5195530726257
 8170 -91.50837988826815
 10 -89.49720670391061
 2 -87.48603351955308
 2 -85.47486033519553
 0 -83.46368715083798
 0 -81.45251396648044
 5 -79.44134078212289
 4 -77.43016759776536
 37 -75.41899441340782
 17 -73.40782122905027
 52 -71.39664804469274
 104 -69.38547486033519
 66 -67.37430167597765
 108 -65.3631284916201
 53 -63.35195530726256
 278 -61.34078212290503
 140 -59.32960893854748
 230 -57.31843575418993
 98 -55.3072625698324
 79 -53.29608938547486
 206 -51.28491620111731
 48 -49.27374301675977
 89 -47.26256983240222
 0 -45.25139664804468
 267 -43.24022346368713
 3 -41.22905027932961
 153 -39.21787709497207
 311 -37.20670391061452
 447 -35.19553072625698
 114 -33.18435754189943
 55 -31.17318435754188
 145 -29.16201117318434
 8 -27.15083798882682
 54 -25.13966480446928
 621 -23.12849162011173
 150 -21.11731843575419
 44 -19.10614525139664
 11 -17.09497206703909
 36 -15.08379888268155
 154 -13.072625698324
 9 -11.06145251396646
 571 -9.050279329608941
 4 -7.039106145251395
 121 -5.02793296089385
 17 -3.016759776536304
 2 -1.005586592178759
 25 1.005586592178787
 107 3.016759776536333
 2 5.02793296089385
 524 7.039106145251395
 4 9.050279329608941
 125 11.06145251396649
 65 13.07262569832403
 13 15.08379888268158
 59 17.09497206703912
 113 19.10614525139667
 517 21.11731843575421
 58 23.12849162011173
 86 25.13966480446928
 112 27.15083798882682
 63 29.16201117318437
 215 31.17318435754191
 265 33.18435754189946
 246 35.195530726257
 167 37.20670391061452
 36 39.21787709497207
 294 41.22905027932961
 0 43.24022346368716
 124 45.2513966480447
 56 47.26256983240225
 232 49.27374301675979
 76 51.28491620111734
 184 53.29608938547489
 76 55.3072625698324
 126 57.31843575418995
 293 59.32960893854749
 64 61.34078212290504
 123 63.35195530726259
 76 65.36312849162013
 106 67.37430167597768
 44 69.38547486033519
 31 71.39664804469274
 51 73.40782122905028
 6 75.41899441340783
 3 77.43016759776538
 0 79.44134078212289
 1 81.45251396648047
 1 83.46368715083798
 5 85.47486033519556
 12 87.48603351955308
 7568 89.49720670391065
 5 91.50837988826817
 3 93.51955307262574
 0 95.53072625698326
 0 97.54189944134077
 1 99.55307262569835
 11 101.5642458100559
 24 103.5754189944134
 46 105.586592178771
 16 107.5977653631285
 97 109.608938547486
 105 111.6201117318436
 119 113.6312849162011
 2 115.6424581005587
 184 117.6536312849162
 160 119.6648044692737
 92 121.6759776536313
 160 123.6871508379888
 168 125.6983240223464
 80 127.7094972067039
 151 129.7206703910614
 172 131.731843575419
 4 133.7430167597765
 123 135.7541899441341
 156 137.7653631284916
 99 139.7765363128492
 142 141.7877094972067
 436 143.7988826815642
 116 145.8100558659218
 220 147.8212290502793
 41 149.8324022346369
 162 151.8435754189944
 45 153.854748603352
 478 155.8659217877095
 40 157.8770949720671
 102 159.8882681564246
 80 161.8994413407821
 51 163.9106145251397
 24 165.9217877094972
 113 167.9329608938548
 186 169.9441340782123
 315 171.9553072625699
 4 173.9664804469274
 145 175.9776536312849
 1 177.9888268156425
 0 180


