# Created by Octave 3.8.2, Sat Jun 20 05:42:13 2020 CEST <damian@fptrucha.inv.usc.es>
# name: hd
# type: matrix
# rows: 180
# columns: 2
 6 -180
 162 -177.9888268156425
 3 -175.9776536312849
 404 -173.9664804469274
 274 -171.9553072625698
 207 -169.9441340782123
 28 -167.9329608938548
 42 -165.9217877094972
 87 -163.9106145251397
 188 -161.8994413407821
 43 -159.8882681564246
 690 -157.877094972067
 79 -155.8659217877095
 121 -153.854748603352
 43 -151.8435754189944
 75 -149.8324022346369
 263 -147.8212290502793
 654 -145.8100558659218
 137 -143.7988826815642
 95 -141.7877094972067
 181 -139.7765363128491
 118 -137.7653631284916
 3 -135.7541899441341
 160 -133.7430167597765
 170 -131.731843575419
 79 -129.7206703910614
 215 -127.7094972067039
 244 -125.6983240223464
 122 -123.6871508379888
 226 -121.6759776536313
 205 -119.6648044692737
 3 -117.6536312849162
 121 -115.6424581005587
 134 -113.6312849162011
 138 -111.6201117318436
 21 -109.608938547486
 47 -107.5977653631285
 34 -105.5865921787709
 14 -103.5754189944134
 2 -101.5642458100559
 1 -99.55307262569832
 0 -97.54189944134077
 5 -95.53072625698323
 6 -93.5195530726257
 9282 -91.50837988826815
 8 -89.49720670391061
 5 -87.48603351955308
 1 -85.47486033519553
 0 -83.46368715083798
 4 -81.45251396648044
 4 -79.44134078212289
 10 -77.43016759776536
 49 -75.41899441340782
 26 -73.40782122905027
 61 -71.39664804469274
 115 -69.38547486033519
 63 -67.37430167597765
 112 -65.3631284916201
 49 -63.35195530726256
 284 -61.34078212290503
 185 -59.32960893854748
 259 -57.31843575418993
 117 -55.3072625698324
 93 -53.29608938547486
 244 -51.28491620111731
 68 -49.27374301675977
 117 -47.26256983240222
 3 -45.25139664804468
 340 -43.24022346368713
 1 -41.22905027932961
 188 -39.21787709497207
 331 -37.20670391061452
 487 -35.19553072625698
 160 -33.18435754189943
 65 -31.17318435754188
 175 -29.16201117318434
 13 -27.15083798882682
 60 -25.13966480446928
 711 -23.12849162011173
 141 -21.11731843575419
 53 -19.10614525139664
 11 -17.09497206703909
 48 -15.08379888268155
 163 -13.072625698324
 8 -11.06145251396646
 610 -9.050279329608941
 3 -7.039106145251395
 141 -5.02793296089385
 18 -3.016759776536304
 4 -1.005586592178759
 25 1.005586592178787
 150 3.016759776536333
 1 5.02793296089385
 643 7.039106145251395
 13 9.050279329608941
 149 11.06145251396649
 54 13.07262569832403
 12 15.08379888268158
 75 17.09497206703912
 141 19.10614525139667
 603 21.11731843575421
 61 23.12849162011173
 100 25.13966480446928
 128 27.15083798882682
 66 29.16201117318437
 242 31.17318435754191
 364 33.18435754189946
 285 35.195530726257
 137 37.20670391061452
 47 39.21787709497207
 303 41.22905027932961
 2 43.24022346368716
 117 45.2513966480447
 58 47.26256983240225
 272 49.27374301675979
 90 51.28491620111734
 200 53.29608938547489
 89 55.3072625698324
 156 57.31843575418995
 294 59.32960893854749
 72 61.34078212290504
 96 63.35195530726259
 64 65.36312849162013
 115 67.37430167597768
 57 69.38547486033519
 37 71.39664804469274
 44 73.40782122905028
 6 75.41899441340783
 9 77.43016759776538
 1 79.44134078212289
 1 81.45251396648047
 1 83.46368715083798
 3 85.47486033519556
 11 87.48603351955308
 8445 89.49720670391065
 6 91.50837988826817
 3 93.51955307262574
 1 95.53072625698326
 1 97.54189944134077
 3 99.55307262569835
 11 101.5642458100559
 20 103.5754189944134
 35 105.586592178771
 18 107.5977653631285
 118 109.608938547486
 130 111.6201117318436
 131 113.6312849162011
 1 115.6424581005587
 217 117.6536312849162
 179 119.6648044692737
 100 121.6759776536313
 196 123.6871508379888
 189 125.6983240223464
 110 127.7094972067039
 161 129.7206703910614
 189 131.731843575419
 3 133.7430167597765
 129 135.7541899441341
 173 137.7653631284916
 119 139.7765363128492
 153 141.7877094972067
 538 143.7988826815642
 135 145.8100558659218
 235 147.8212290502793
 48 149.8324022346369
 183 151.8435754189944
 61 153.854748603352
 539 155.8659217877095
 55 157.8770949720671
 151 159.8882681564246
 92 161.8994413407821
 41 163.9106145251397
 25 165.9217877094972
 125 167.9329608938548
 239 169.9441340782123
 373 171.9553072625699
 2 173.9664804469274
 160 175.9776536312849
 1 177.9888268156425
 0 180


