# Created by Octave 3.8.2, Sat Jun 20 20:42:53 2020 CEST <damian@fptrucha.inv.usc.es>
# name: hd
# type: matrix
# rows: 180
# columns: 2
 7 -180
 146 -177.9888268156425
 1 -175.9776536312849
 379 -173.9664804469274
 238 -171.9553072625698
 143 -169.9441340782123
 30 -167.9329608938548
 40 -165.9217877094972
 41 -163.9106145251397
 146 -161.8994413407821
 40 -159.8882681564246
 651 -157.877094972067
 48 -155.8659217877095
 113 -153.854748603352
 29 -151.8435754189944
 60 -149.8324022346369
 212 -147.8212290502793
 588 -145.8100558659218
 140 -143.7988826815642
 95 -141.7877094972067
 174 -139.7765363128491
 99 -137.7653631284916
 3 -135.7541899441341
 142 -133.7430167597765
 145 -131.731843575419
 60 -129.7206703910614
 176 -127.7094972067039
 234 -125.6983240223464
 90 -123.6871508379888
 210 -121.6759776536313
 194 -119.6648044692737
 6 -117.6536312849162
 95 -115.6424581005587
 96 -113.6312849162011
 118 -111.6201117318436
 12 -109.608938547486
 28 -107.5977653631285
 19 -105.5865921787709
 10 -103.5754189944134
 2 -101.5642458100559
 0 -99.55307262569832
 0 -97.54189944134077
 0 -95.53072625698323
 2 -93.5195530726257
 8054 -91.50837988826815
 12 -89.49720670391061
 3 -87.48603351955308
 1 -85.47486033519553
 1 -83.46368715083798
 1 -81.45251396648044
 5 -79.44134078212289
 3 -77.43016759776536
 37 -75.41899441340782
 24 -73.40782122905027
 40 -71.39664804469274
 93 -69.38547486033519
 71 -67.37430167597765
 99 -65.3631284916201
 47 -63.35195530726256
 273 -61.34078212290503
 155 -59.32960893854748
 219 -57.31843575418993
 95 -55.3072625698324
 77 -53.29608938547486
 216 -51.28491620111731
 52 -49.27374301675977
 79 -47.26256983240222
 3 -45.25139664804468
 261 -43.24022346368713
 4 -41.22905027932961
 164 -39.21787709497207
 279 -37.20670391061452
 438 -35.19553072625698
 118 -33.18435754189943
 58 -31.17318435754188
 169 -29.16201117318434
 7 -27.15083798882682
 58 -25.13966480446928
 631 -23.12849162011173
 166 -21.11731843575419
 45 -19.10614525139664
 16 -17.09497206703909
 32 -15.08379888268155
 165 -13.072625698324
 7 -11.06145251396646
 581 -9.050279329608941
 1 -7.039106145251395
 130 -5.02793296089385
 23 -3.016759776536304
 1 -1.005586592178759
 25 1.005586592178787
 120 3.016759776536333
 3 5.02793296089385
 555 7.039106145251395
 9 9.050279329608941
 148 11.06145251396649
 47 13.07262569832403
 10 15.08379888268158
 56 17.09497206703912
 120 19.10614525139667
 487 21.11731843575421
 52 23.12849162011173
 92 25.13966480446928
 108 27.15083798882682
 64 29.16201117318437
 205 31.17318435754191
 291 33.18435754189946
 235 35.195530726257
 169 37.20670391061452
 37 39.21787709497207
 267 41.22905027932961
 0 43.24022346368716
 122 45.2513966480447
 46 47.26256983240225
 215 49.27374301675979
 87 51.28491620111734
 202 53.29608938547489
 84 55.3072625698324
 131 57.31843575418995
 262 59.32960893854749
 66 61.34078212290504
 123 63.35195530726259
 76 65.36312849162013
 112 67.37430167597768
 42 69.38547486033519
 30 71.39664804469274
 47 73.40782122905028
 4 75.41899441340783
 9 77.43016759776538
 4 79.44134078212289
 1 81.45251396648047
 0 83.46368715083798
 3 85.47486033519556
 15 87.48603351955308
 7892 89.49720670391065
 1 91.50837988826817
 2 93.51955307262574
 1 95.53072625698326
 1 97.54189944134077
 4 99.55307262569835
 9 101.5642458100559
 21 103.5754189944134
 39 105.586592178771
 22 107.5977653631285
 122 109.608938547486
 125 111.6201117318436
 133 113.6312849162011
 2 115.6424581005587
 196 117.6536312849162
 170 119.6648044692737
 87 121.6759776536313
 194 123.6871508379888
 178 125.6983240223464
 83 127.7094972067039
 164 129.7206703910614
 161 131.731843575419
 4 133.7430167597765
 124 135.7541899441341
 188 137.7653631284916
 110 139.7765363128492
 152 141.7877094972067
 428 143.7988826815642
 116 145.8100558659218
 208 147.8212290502793
 40 149.8324022346369
 154 151.8435754189944
 62 153.854748603352
 420 155.8659217877095
 50 157.8770949720671
 124 159.8882681564246
 57 161.8994413407821
 63 163.9106145251397
 12 165.9217877094972
 129 167.9329608938548
 220 169.9441340782123
 308 171.9553072625699
 2 173.9664804469274
 154 175.9776536312849
 0 177.9888268156425
 0 180


