# Created by Octave 3.8.2, Mon Jun 22 15:11:45 2020 CEST <damian@fptrucha.inv.usc.es>
# name: hd
# type: matrix
# rows: 180
# columns: 2
 4 -180
 189 -177.9888268156425
 1 -175.9776536312849
 399 -173.9664804469274
 246 -171.9553072625698
 126 -169.9441340782123
 34 -167.9329608938548
 39 -165.9217877094972
 71 -163.9106145251397
 166 -161.8994413407821
 53 -159.8882681564246
 607 -157.877094972067
 80 -155.8659217877095
 108 -153.854748603352
 45 -151.8435754189944
 72 -149.8324022346369
 219 -147.8212290502793
 619 -145.8100558659218
 161 -143.7988826815642
 97 -141.7877094972067
 186 -139.7765363128491
 147 -137.7653631284916
 3 -135.7541899441341
 172 -133.7430167597765
 171 -131.731843575419
 74 -129.7206703910614
 206 -127.7094972067039
 236 -125.6983240223464
 104 -123.6871508379888
 207 -121.6759776536313
 202 -119.6648044692737
 3 -117.6536312849162
 126 -115.6424581005587
 127 -113.6312849162011
 122 -111.6201117318436
 25 -109.608938547486
 36 -107.5977653631285
 22 -105.5865921787709
 18 -103.5754189944134
 3 -101.5642458100559
 0 -99.55307262569832
 0 -97.54189944134077
 6 -95.53072625698323
 6 -93.5195530726257
 8053 -91.50837988826815
 11 -89.49720670391061
 3 -87.48603351955308
 2 -85.47486033519553
 1 -83.46368715083798
 4 -81.45251396648044
 5 -79.44134078212289
 14 -77.43016759776536
 53 -75.41899441340782
 30 -73.40782122905027
 56 -71.39664804469274
 121 -69.38547486033519
 68 -67.37430167597765
 125 -65.3631284916201
 67 -63.35195530726256
 247 -61.34078212290503
 157 -59.32960893854748
 214 -57.31843575418993
 103 -55.3072625698324
 88 -53.29608938547486
 232 -51.28491620111731
 58 -49.27374301675977
 141 -47.26256983240222
 1 -45.25139664804468
 314 -43.24022346368713
 3 -41.22905027932961
 166 -39.21787709497207
 313 -37.20670391061452
 443 -35.19553072625698
 113 -33.18435754189943
 54 -31.17318435754188
 170 -29.16201117318434
 7 -27.15083798882682
 60 -25.13966480446928
 593 -23.12849162011173
 156 -21.11731843575419
 52 -19.10614525139664
 16 -17.09497206703909
 32 -15.08379888268155
 153 -13.072625698324
 8 -11.06145251396646
 576 -9.050279329608941
 5 -7.039106145251395
 139 -5.02793296089385
 25 -3.016759776536304
 2 -1.005586592178759
 22 1.005586592178787
 127 3.016759776536333
 2 5.02793296089385
 583 7.039106145251395
 3 9.050279329608941
 142 11.06145251396649
 54 13.07262569832403
 14 15.08379888268158
 75 17.09497206703912
 113 19.10614525139667
 571 21.11731843575421
 55 23.12849162011173
 74 25.13966480446928
 96 27.15083798882682
 64 29.16201117318437
 210 31.17318435754191
 302 33.18435754189946
 262 35.195530726257
 171 37.20670391061452
 43 39.21787709497207
 296 41.22905027932961
 2 43.24022346368716
 134 45.2513966480447
 50 47.26256983240225
 216 49.27374301675979
 87 51.28491620111734
 219 53.29608938547489
 101 55.3072625698324
 140 57.31843575418995
 281 59.32960893854749
 70 61.34078212290504
 138 63.35195530726259
 70 65.36312849162013
 114 67.37430167597768
 45 69.38547486033519
 32 71.39664804469274
 70 73.40782122905028
 14 75.41899441340783
 5 77.43016759776538
 4 79.44134078212289
 2 81.45251396648047
 1 83.46368715083798
 6 85.47486033519556
 12 87.48603351955308
 7749 89.49720670391065
 16 91.50837988826817
 0 93.51955307262574
 1 95.53072625698326
 2 97.54189944134077
 3 99.55307262569835
 21 101.5642458100559
 28 103.5754189944134
 36 105.586592178771
 28 107.5977653631285
 123 109.608938547486
 142 111.6201117318436
 117 113.6312849162011
 4 115.6424581005587
 213 117.6536312849162
 185 119.6648044692737
 100 121.6759776536313
 187 123.6871508379888
 208 125.6983240223464
 84 127.7094972067039
 176 129.7206703910614
 240 131.731843575419
 3 133.7430167597765
 122 135.7541899441341
 182 137.7653631284916
 126 139.7765363128492
 134 141.7877094972067
 505 143.7988826815642
 121 145.8100558659218
 189 147.8212290502793
 54 149.8324022346369
 137 151.8435754189944
 71 153.854748603352
 505 155.8659217877095
 65 157.8770949720671
 162 159.8882681564246
 75 161.8994413407821
 49 163.9106145251397
 27 165.9217877094972
 126 167.9329608938548
 255 169.9441340782123
 355 171.9553072625699
 4 173.9664804469274
 165 175.9776536312849
 5 177.9888268156425
 0 180


