# Created by Octave 3.8.2, Mon Jun 22 01:31:48 2020 CEST <damian@fptrucha.inv.usc.es>
# name: hd
# type: matrix
# rows: 180
# columns: 2
 2 -180
 95 -177.9888268156425
 2 -175.9776536312849
 241 -173.9664804469274
 159 -171.9553072625698
 110 -169.9441340782123
 26 -167.9329608938548
 43 -165.9217877094972
 35 -163.9106145251397
 102 -161.8994413407821
 24 -159.8882681564246
 425 -157.877094972067
 46 -155.8659217877095
 85 -153.854748603352
 26 -151.8435754189944
 47 -149.8324022346369
 135 -147.8212290502793
 415 -145.8100558659218
 81 -143.7988826815642
 65 -141.7877094972067
 115 -139.7765363128491
 66 -137.7653631284916
 1 -135.7541899441341
 101 -133.7430167597765
 91 -131.731843575419
 42 -129.7206703910614
 106 -127.7094972067039
 155 -125.6983240223464
 64 -123.6871508379888
 154 -121.6759776536313
 123 -119.6648044692737
 1 -117.6536312849162
 61 -115.6424581005587
 75 -113.6312849162011
 83 -111.6201117318436
 8 -109.608938547486
 20 -107.5977653631285
 13 -105.5865921787709
 5 -103.5754189944134
 2 -101.5642458100559
 0 -99.55307262569832
 0 -97.54189944134077
 2 -95.53072625698323
 7 -93.5195530726257
 5291 -91.50837988826815
 4 -89.49720670391061
 5 -87.48603351955308
 0 -85.47486033519553
 0 -83.46368715083798
 1 -81.45251396648044
 2 -79.44134078212289
 1 -77.43016759776536
 32 -75.41899441340782
 13 -73.40782122905027
 30 -71.39664804469274
 75 -69.38547486033519
 47 -67.37430167597765
 61 -65.3631284916201
 36 -63.35195530726256
 170 -61.34078212290503
 96 -59.32960893854748
 140 -57.31843575418993
 64 -55.3072625698324
 50 -53.29608938547486
 145 -51.28491620111731
 27 -49.27374301675977
 65 -47.26256983240222
 1 -45.25139664804468
 188 -43.24022346368713
 1 -41.22905027932961
 96 -39.21787709497207
 203 -37.20670391061452
 287 -35.19553072625698
 73 -33.18435754189943
 43 -31.17318435754188
 96 -29.16201117318434
 9 -27.15083798882682
 29 -25.13966480446928
 445 -23.12849162011173
 93 -21.11731843575419
 33 -19.10614525139664
 10 -17.09497206703909
 19 -15.08379888268155
 110 -13.072625698324
 4 -11.06145251396646
 394 -9.050279329608941
 1 -7.039106145251395
 74 -5.02793296089385
 14 -3.016759776536304
 2 -1.005586592178759
 23 1.005586592178787
 82 3.016759776536333
 1 5.02793296089385
 336 7.039106145251395
 6 9.050279329608941
 89 11.06145251396649
 41 13.07262569832403
 5 15.08379888268158
 33 17.09497206703912
 87 19.10614525139667
 350 21.11731843575421
 36 23.12849162011173
 72 25.13966480446928
 73 27.15083798882682
 35 29.16201117318437
 145 31.17318435754191
 208 33.18435754189946
 154 35.195530726257
 105 37.20670391061452
 20 39.21787709497207
 176 41.22905027932961
 1 43.24022346368716
 87 45.2513966480447
 40 47.26256983240225
 156 49.27374301675979
 44 51.28491620111734
 155 53.29608938547489
 49 55.3072625698324
 98 57.31843575418995
 177 59.32960893854749
 49 61.34078212290504
 77 63.35195530726259
 61 65.36312849162013
 74 67.37430167597768
 28 69.38547486033519
 17 71.39664804469274
 17 73.40782122905028
 2 75.41899441340783
 3 77.43016759776538
 2 79.44134078212289
 1 81.45251396648047
 0 83.46368715083798
 4 85.47486033519556
 4 87.48603351955308
 5167 89.49720670391065
 7 91.50837988826817
 0 93.51955307262574
 0 95.53072625698326
 0 97.54189944134077
 1 99.55307262569835
 10 101.5642458100559
 14 103.5754189944134
 25 105.586592178771
 12 107.5977653631285
 67 109.608938547486
 82 111.6201117318436
 81 113.6312849162011
 0 115.6424581005587
 138 117.6536312849162
 134 119.6648044692737
 57 121.6759776536313
 111 123.6871508379888
 108 125.6983240223464
 43 127.7094972067039
 101 129.7206703910614
 129 131.731843575419
 2 133.7430167597765
 80 135.7541899441341
 123 137.7653631284916
 66 139.7765363128492
 98 141.7877094972067
 299 143.7988826815642
 77 145.8100558659218
 138 147.8212290502793
 22 149.8324022346369
 98 151.8435754189944
 45 153.854748603352
 301 155.8659217877095
 30 157.8770949720671
 72 159.8882681564246
 57 161.8994413407821
 31 163.9106145251397
 13 165.9217877094972
 83 167.9329608938548
 129 169.9441340782123
 222 171.9553072625699
 3 173.9664804469274
 100 175.9776536312849
 2 177.9888268156425
 0 180


