# Created by Octave 3.8.2, Sat Jun 20 17:11:35 2020 CEST <damian@fptrucha.inv.usc.es>
# name: hd
# type: matrix
# rows: 180
# columns: 2
 2 -180
 161 -177.9888268156425
 5 -175.9776536312849
 351 -173.9664804469274
 257 -171.9553072625698
 157 -169.9441340782123
 32 -167.9329608938548
 31 -165.9217877094972
 48 -163.9106145251397
 162 -161.8994413407821
 39 -159.8882681564246
 612 -157.877094972067
 69 -155.8659217877095
 108 -153.854748603352
 27 -151.8435754189944
 86 -149.8324022346369
 208 -147.8212290502793
 621 -145.8100558659218
 138 -143.7988826815642
 94 -141.7877094972067
 166 -139.7765363128491
 93 -137.7653631284916
 0 -135.7541899441341
 150 -133.7430167597765
 151 -131.731843575419
 76 -129.7206703910614
 190 -127.7094972067039
 253 -125.6983240223464
 90 -123.6871508379888
 182 -121.6759776536313
 207 -119.6648044692737
 6 -117.6536312849162
 98 -115.6424581005587
 103 -113.6312849162011
 121 -111.6201117318436
 11 -109.608938547486
 32 -107.5977653631285
 14 -105.5865921787709
 11 -103.5754189944134
 2 -101.5642458100559
 0 -99.55307262569832
 2 -97.54189944134077
 4 -95.53072625698323
 6 -93.5195530726257
 8359 -91.50837988826815
 10 -89.49720670391061
 2 -87.48603351955308
 1 -85.47486033519553
 0 -83.46368715083798
 1 -81.45251396648044
 10 -79.44134078212289
 2 -77.43016759776536
 50 -75.41899441340782
 33 -73.40782122905027
 54 -71.39664804469274
 126 -69.38547486033519
 63 -67.37430167597765
 115 -65.3631284916201
 51 -63.35195530726256
 278 -61.34078212290503
 168 -59.32960893854748
 225 -57.31843575418993
 107 -55.3072625698324
 88 -53.29608938547486
 229 -51.28491620111731
 48 -49.27374301675977
 107 -47.26256983240222
 1 -45.25139664804468
 286 -43.24022346368713
 3 -41.22905027932961
 153 -39.21787709497207
 325 -37.20670391061452
 503 -35.19553072625698
 116 -33.18435754189943
 59 -31.17318435754188
 137 -29.16201117318434
 8 -27.15083798882682
 53 -25.13966480446928
 603 -23.12849162011173
 152 -21.11731843575419
 42 -19.10614525139664
 13 -17.09497206703909
 39 -15.08379888268155
 182 -13.072625698324
 13 -11.06145251396646
 538 -9.050279329608941
 1 -7.039106145251395
 147 -5.02793296089385
 23 -3.016759776536304
 2 -1.005586592178759
 22 1.005586592178787
 131 3.016759776536333
 2 5.02793296089385
 571 7.039106145251395
 6 9.050279329608941
 112 11.06145251396649
 47 13.07262569832403
 9 15.08379888268158
 79 17.09497206703912
 110 19.10614525139667
 486 21.11731843575421
 72 23.12849162011173
 122 25.13966480446928
 87 27.15083798882682
 55 29.16201117318437
 214 31.17318435754191
 318 33.18435754189946
 244 35.195530726257
 185 37.20670391061452
 42 39.21787709497207
 284 41.22905027932961
 1 43.24022346368716
 113 45.2513966480447
 68 47.26256983240225
 236 49.27374301675979
 83 51.28491620111734
 201 53.29608938547489
 84 55.3072625698324
 142 57.31843575418995
 298 59.32960893854749
 65 61.34078212290504
 102 63.35195530726259
 81 65.36312849162013
 113 67.37430167597768
 45 69.38547486033519
 24 71.39664804469274
 42 73.40782122905028
 8 75.41899441340783
 9 77.43016759776538
 2 79.44134078212289
 0 81.45251396648047
 1 83.46368715083798
 2 85.47486033519556
 22 87.48603351955308
 7769 89.49720670391065
 7 91.50837988826817
 2 93.51955307262574
 0 95.53072625698326
 0 97.54189944134077
 4 99.55307262569835
 9 101.5642458100559
 22 103.5754189944134
 34 105.586592178771
 24 107.5977653631285
 103 109.608938547486
 130 111.6201117318436
 122 113.6312849162011
 2 115.6424581005587
 200 117.6536312849162
 160 119.6648044692737
 82 121.6759776536313
 171 123.6871508379888
 173 125.6983240223464
 76 127.7094972067039
 198 129.7206703910614
 193 131.731843575419
 0 133.7430167597765
 127 135.7541899441341
 171 137.7653631284916
 123 139.7765363128492
 128 141.7877094972067
 467 143.7988826815642
 116 145.8100558659218
 198 147.8212290502793
 36 149.8324022346369
 159 151.8435754189944
 66 153.854748603352
 413 155.8659217877095
 69 157.8770949720671
 144 159.8882681564246
 54 161.8994413407821
 47 163.9106145251397
 24 165.9217877094972
 123 167.9329608938548
 242 169.9441340782123
 321 171.9553072625699
 2 173.9664804469274
 150 175.9776536312849
 3 177.9888268156425
 0 180


