# Created by Octave 3.8.2, Mon Jun 22 12:20:04 2020 CEST <damian@fptrucha.inv.usc.es>
# name: hd
# type: matrix
# rows: 180
# columns: 2
 4 -180
 173 -177.9888268156425
 4 -175.9776536312849
 352 -173.9664804469274
 263 -171.9553072625698
 151 -169.9441340782123
 39 -167.9329608938548
 45 -165.9217877094972
 58 -163.9106145251397
 156 -161.8994413407821
 38 -159.8882681564246
 530 -157.877094972067
 72 -155.8659217877095
 140 -153.854748603352
 50 -151.8435754189944
 74 -149.8324022346369
 239 -147.8212290502793
 575 -145.8100558659218
 113 -143.7988826815642
 87 -141.7877094972067
 161 -139.7765363128491
 119 -137.7653631284916
 3 -135.7541899441341
 185 -133.7430167597765
 158 -131.731843575419
 84 -129.7206703910614
 169 -127.7094972067039
 216 -125.6983240223464
 100 -123.6871508379888
 172 -121.6759776536313
 190 -119.6648044692737
 3 -117.6536312849162
 116 -115.6424581005587
 107 -113.6312849162011
 120 -111.6201117318436
 20 -109.608938547486
 45 -107.5977653631285
 27 -105.5865921787709
 15 -103.5754189944134
 4 -101.5642458100559
 0 -99.55307262569832
 2 -97.54189944134077
 6 -95.53072625698323
 6 -93.5195530726257
 7894 -91.50837988826815
 14 -89.49720670391061
 4 -87.48603351955308
 1 -85.47486033519553
 0 -83.46368715083798
 4 -81.45251396648044
 13 -79.44134078212289
 9 -77.43016759776536
 51 -75.41899441340782
 37 -73.40782122905027
 56 -71.39664804469274
 99 -69.38547486033519
 54 -67.37430167597765
 116 -65.3631284916201
 53 -63.35195530726256
 242 -61.34078212290503
 160 -59.32960893854748
 229 -57.31843575418993
 90 -55.3072625698324
 84 -53.29608938547486
 239 -51.28491620111731
 67 -49.27374301675977
 142 -47.26256983240222
 5 -45.25139664804468
 290 -43.24022346368713
 3 -41.22905027932961
 174 -39.21787709497207
 285 -37.20670391061452
 405 -35.19553072625698
 117 -33.18435754189943
 40 -31.17318435754188
 168 -29.16201117318434
 9 -27.15083798882682
 47 -25.13966480446928
 572 -23.12849162011173
 126 -21.11731843575419
 56 -19.10614525139664
 15 -17.09497206703909
 39 -15.08379888268155
 153 -13.072625698324
 8 -11.06145251396646
 567 -9.050279329608941
 2 -7.039106145251395
 148 -5.02793296089385
 13 -3.016759776536304
 5 -1.005586592178759
 15 1.005586592178787
 133 3.016759776536333
 2 5.02793296089385
 545 7.039106145251395
 8 9.050279329608941
 142 11.06145251396649
 47 13.07262569832403
 17 15.08379888268158
 36 17.09497206703912
 125 19.10614525139667
 550 21.11731843575421
 43 23.12849162011173
 72 25.13966480446928
 120 27.15083798882682
 64 29.16201117318437
 188 31.17318435754191
 307 33.18435754189946
 236 35.195530726257
 134 37.20670391061452
 34 39.21787709497207
 289 41.22905027932961
 1 43.24022346368716
 110 45.2513966480447
 53 47.26256983240225
 230 49.27374301675979
 86 51.28491620111734
 198 53.29608938547489
 79 55.3072625698324
 158 57.31843575418995
 257 59.32960893854749
 66 61.34078212290504
 139 63.35195530726259
 75 65.36312849162013
 130 67.37430167597768
 56 69.38547486033519
 47 71.39664804469274
 52 73.40782122905028
 8 75.41899441340783
 16 77.43016759776538
 3 79.44134078212289
 0 81.45251396648047
 1 83.46368715083798
 3 85.47486033519556
 14 87.48603351955308
 7666 89.49720670391065
 12 91.50837988826817
 7 93.51955307262574
 1 95.53072625698326
 2 97.54189944134077
 6 99.55307262569835
 14 101.5642458100559
 26 103.5754189944134
 39 105.586592178771
 27 107.5977653631285
 116 109.608938547486
 127 111.6201117318436
 134 113.6312849162011
 4 115.6424581005587
 199 117.6536312849162
 175 119.6648044692737
 105 121.6759776536313
 164 123.6871508379888
 146 125.6983240223464
 76 127.7094972067039
 160 129.7206703910614
 183 131.731843575419
 4 133.7430167597765
 123 135.7541899441341
 164 137.7653631284916
 87 139.7765363128492
 130 141.7877094972067
 518 143.7988826815642
 131 145.8100558659218
 197 147.8212290502793
 46 149.8324022346369
 139 151.8435754189944
 80 153.854748603352
 495 155.8659217877095
 49 157.8770949720671
 133 159.8882681564246
 72 161.8994413407821
 50 163.9106145251397
 27 165.9217877094972
 120 167.9329608938548
 242 169.9441340782123
 336 171.9553072625699
 3 173.9664804469274
 180 175.9776536312849
 9 177.9888268156425
 0 180


