# Created by Octave 3.8.2, Sat Jun 20 16:06:44 2020 CEST <damian@fptrucha.inv.usc.es>
# name: hd
# type: matrix
# rows: 180
# columns: 2
 1 -180
 162 -177.9888268156425
 4 -175.9776536312849
 362 -173.9664804469274
 256 -171.9553072625698
 179 -169.9441340782123
 20 -167.9329608938548
 41 -165.9217877094972
 58 -163.9106145251397
 151 -161.8994413407821
 39 -159.8882681564246
 640 -157.877094972067
 50 -155.8659217877095
 111 -153.854748603352
 44 -151.8435754189944
 70 -149.8324022346369
 191 -147.8212290502793
 622 -145.8100558659218
 143 -143.7988826815642
 88 -141.7877094972067
 171 -139.7765363128491
 111 -137.7653631284916
 3 -135.7541899441341
 141 -133.7430167597765
 156 -131.731843575419
 63 -129.7206703910614
 182 -127.7094972067039
 231 -125.6983240223464
 110 -123.6871508379888
 196 -121.6759776536313
 206 -119.6648044692737
 5 -117.6536312849162
 98 -115.6424581005587
 106 -113.6312849162011
 124 -111.6201117318436
 14 -109.608938547486
 44 -107.5977653631285
 26 -105.5865921787709
 8 -103.5754189944134
 1 -101.5642458100559
 1 -99.55307262569832
 1 -97.54189944134077
 5 -95.53072625698323
 4 -93.5195530726257
 8205 -91.50837988826815
 10 -89.49720670391061
 2 -87.48603351955308
 0 -85.47486033519553
 0 -83.46368715083798
 1 -81.45251396648044
 6 -79.44134078212289
 7 -77.43016759776536
 36 -75.41899441340782
 31 -73.40782122905027
 51 -71.39664804469274
 116 -69.38547486033519
 82 -67.37430167597765
 76 -65.3631284916201
 39 -63.35195530726256
 262 -61.34078212290503
 156 -59.32960893854748
 242 -57.31843575418993
 104 -55.3072625698324
 90 -53.29608938547486
 216 -51.28491620111731
 62 -49.27374301675977
 100 -47.26256983240222
 1 -45.25139664804468
 275 -43.24022346368713
 4 -41.22905027932961
 132 -39.21787709497207
 305 -37.20670391061452
 477 -35.19553072625698
 108 -33.18435754189943
 70 -31.17318435754188
 131 -29.16201117318434
 10 -27.15083798882682
 56 -25.13966480446928
 661 -23.12849162011173
 144 -21.11731843575419
 48 -19.10614525139664
 11 -17.09497206703909
 36 -15.08379888268155
 177 -13.072625698324
 9 -11.06145251396646
 590 -9.050279329608941
 2 -7.039106145251395
 139 -5.02793296089385
 19 -3.016759776536304
 1 -1.005586592178759
 20 1.005586592178787
 151 3.016759776536333
 0 5.02793296089385
 568 7.039106145251395
 7 9.050279329608941
 135 11.06145251396649
 52 13.07262569832403
 7 15.08379888268158
 71 17.09497206703912
 111 19.10614525139667
 506 21.11731843575421
 65 23.12849162011173
 96 25.13966480446928
 107 27.15083798882682
 61 29.16201117318437
 226 31.17318435754191
 313 33.18435754189946
 234 35.195530726257
 168 37.20670391061452
 43 39.21787709497207
 290 41.22905027932961
 1 43.24022346368716
 121 45.2513966480447
 45 47.26256983240225
 243 49.27374301675979
 90 51.28491620111734
 168 53.29608938547489
 80 55.3072625698324
 136 57.31843575418995
 288 59.32960893854749
 65 61.34078212290504
 114 63.35195530726259
 77 65.36312849162013
 117 67.37430167597768
 46 69.38547486033519
 33 71.39664804469274
 43 73.40782122905028
 6 75.41899441340783
 5 77.43016759776538
 2 79.44134078212289
 1 81.45251396648047
 0 83.46368715083798
 5 85.47486033519556
 8 87.48603351955308
 8020 89.49720670391065
 8 91.50837988826817
 2 93.51955307262574
 0 95.53072625698326
 0 97.54189944134077
 4 99.55307262569835
 14 101.5642458100559
 24 103.5754189944134
 34 105.586592178771
 16 107.5977653631285
 115 109.608938547486
 115 111.6201117318436
 118 113.6312849162011
 1 115.6424581005587
 221 117.6536312849162
 174 119.6648044692737
 101 121.6759776536313
 195 123.6871508379888
 199 125.6983240223464
 81 127.7094972067039
 162 129.7206703910614
 184 131.731843575419
 4 133.7430167597765
 118 135.7541899441341
 164 137.7653631284916
 92 139.7765363128492
 188 141.7877094972067
 486 143.7988826815642
 129 145.8100558659218
 197 147.8212290502793
 44 149.8324022346369
 165 151.8435754189944
 63 153.854748603352
 436 155.8659217877095
 47 157.8770949720671
 150 159.8882681564246
 58 161.8994413407821
 66 163.9106145251397
 11 165.9217877094972
 137 167.9329608938548
 234 169.9441340782123
 343 171.9553072625699
 4 173.9664804469274
 166 175.9776536312849
 3 177.9888268156425
 0 180


