# Created by Octave 3.8.2, Mon Jun 22 18:05:21 2020 CEST <damian@fptrucha.inv.usc.es>
# name: hd
# type: matrix
# rows: 180
# columns: 2
 3 -180
 167 -177.9888268156425
 7 -175.9776536312849
 368 -173.9664804469274
 225 -171.9553072625698
 161 -169.9441340782123
 33 -167.9329608938548
 43 -165.9217877094972
 64 -163.9106145251397
 186 -161.8994413407821
 45 -159.8882681564246
 614 -157.877094972067
 63 -155.8659217877095
 145 -153.854748603352
 51 -151.8435754189944
 89 -149.8324022346369
 211 -147.8212290502793
 588 -145.8100558659218
 149 -143.7988826815642
 96 -141.7877094972067
 177 -139.7765363128491
 113 -137.7653631284916
 2 -135.7541899441341
 178 -133.7430167597765
 154 -131.731843575419
 82 -129.7206703910614
 180 -127.7094972067039
 220 -125.6983240223464
 106 -123.6871508379888
 182 -121.6759776536313
 186 -119.6648044692737
 5 -117.6536312849162
 116 -115.6424581005587
 132 -113.6312849162011
 138 -111.6201117318436
 16 -109.608938547486
 47 -107.5977653631285
 38 -105.5865921787709
 12 -103.5754189944134
 4 -101.5642458100559
 0 -99.55307262569832
 2 -97.54189944134077
 3 -95.53072625698323
 6 -93.5195530726257
 8194 -91.50837988826815
 9 -89.49720670391061
 2 -87.48603351955308
 0 -85.47486033519553
 2 -83.46368715083798
 2 -81.45251396648044
 11 -79.44134078212289
 9 -77.43016759776536
 65 -75.41899441340782
 30 -73.40782122905027
 50 -71.39664804469274
 130 -69.38547486033519
 83 -67.37430167597765
 115 -65.3631284916201
 53 -63.35195530726256
 269 -61.34078212290503
 157 -59.32960893854748
 225 -57.31843575418993
 107 -55.3072625698324
 73 -53.29608938547486
 240 -51.28491620111731
 51 -49.27374301675977
 117 -47.26256983240222
 2 -45.25139664804468
 341 -43.24022346368713
 9 -41.22905027932961
 174 -39.21787709497207
 326 -37.20670391061452
 422 -35.19553072625698
 107 -33.18435754189943
 52 -31.17318435754188
 197 -29.16201117318434
 11 -27.15083798882682
 66 -25.13966480446928
 613 -23.12849162011173
 140 -21.11731843575419
 68 -19.10614525139664
 8 -17.09497206703909
 35 -15.08379888268155
 166 -13.072625698324
 12 -11.06145251396646
 644 -9.050279329608941
 2 -7.039106145251395
 129 -5.02793296089385
 25 -3.016759776536304
 3 -1.005586592178759
 27 1.005586592178787
 132 3.016759776536333
 4 5.02793296089385
 564 7.039106145251395
 7 9.050279329608941
 140 11.06145251396649
 36 13.07262569832403
 11 15.08379888268158
 51 17.09497206703912
 135 19.10614525139667
 531 21.11731843575421
 76 23.12849162011173
 80 25.13966480446928
 102 27.15083798882682
 72 29.16201117318437
 202 31.17318435754191
 313 33.18435754189946
 280 35.195530726257
 173 37.20670391061452
 35 39.21787709497207
 288 41.22905027932961
 0 43.24022346368716
 140 45.2513966480447
 56 47.26256983240225
 241 49.27374301675979
 72 51.28491620111734
 194 53.29608938547489
 76 55.3072625698324
 148 57.31843575418995
 247 59.32960893854749
 57 61.34078212290504
 122 63.35195530726259
 72 65.36312849162013
 118 67.37430167597768
 39 69.38547486033519
 24 71.39664804469274
 54 73.40782122905028
 9 75.41899441340783
 4 77.43016759776538
 3 79.44134078212289
 0 81.45251396648047
 1 83.46368715083798
 5 85.47486033519556
 11 87.48603351955308
 7698 89.49720670391065
 12 91.50837988826817
 2 93.51955307262574
 1 95.53072625698326
 0 97.54189944134077
 5 99.55307262569835
 16 101.5642458100559
 27 103.5754189944134
 36 105.586592178771
 29 107.5977653631285
 127 109.608938547486
 142 111.6201117318436
 136 113.6312849162011
 3 115.6424581005587
 200 117.6536312849162
 180 119.6648044692737
 104 121.6759776536313
 173 123.6871508379888
 189 125.6983240223464
 88 127.7094972067039
 199 129.7206703910614
 177 131.731843575419
 2 133.7430167597765
 122 135.7541899441341
 165 137.7653631284916
 97 139.7765363128492
 131 141.7877094972067
 457 143.7988826815642
 138 145.8100558659218
 229 147.8212290502793
 56 149.8324022346369
 148 151.8435754189944
 74 153.854748603352
 507 155.8659217877095
 43 157.8770949720671
 148 159.8882681564246
 64 161.8994413407821
 40 163.9106145251397
 32 165.9217877094972
 120 167.9329608938548
 239 169.9441340782123
 349 171.9553072625699
 7 173.9664804469274
 152 175.9776536312849
 3 177.9888268156425
 0 180


