# Created by Octave 3.8.2, Mon Jun 22 16:37:27 2020 CEST <damian@fptrucha.inv.usc.es>
# name: hd
# type: matrix
# rows: 180
# columns: 2
 3 -180
 106 -177.9888268156425
 1 -175.9776536312849
 240 -173.9664804469274
 174 -171.9553072625698
 88 -169.9441340782123
 17 -167.9329608938548
 33 -165.9217877094972
 47 -163.9106145251397
 83 -161.8994413407821
 33 -159.8882681564246
 381 -157.877094972067
 43 -155.8659217877095
 74 -153.854748603352
 26 -151.8435754189944
 54 -149.8324022346369
 184 -147.8212290502793
 401 -145.8100558659218
 80 -143.7988826815642
 58 -141.7877094972067
 113 -139.7765363128491
 69 -137.7653631284916
 2 -135.7541899441341
 111 -133.7430167597765
 107 -131.731843575419
 60 -129.7206703910614
 135 -127.7094972067039
 130 -125.6983240223464
 67 -123.6871508379888
 122 -121.6759776536313
 133 -119.6648044692737
 2 -117.6536312849162
 65 -115.6424581005587
 74 -113.6312849162011
 86 -111.6201117318436
 20 -109.608938547486
 28 -107.5977653631285
 9 -105.5865921787709
 10 -103.5754189944134
 4 -101.5642458100559
 1 -99.55307262569832
 2 -97.54189944134077
 0 -95.53072625698323
 7 -93.5195530726257
 5361 -91.50837988826815
 4 -89.49720670391061
 5 -87.48603351955308
 0 -85.47486033519553
 0 -83.46368715083798
 3 -81.45251396648044
 9 -79.44134078212289
 2 -77.43016759776536
 40 -75.41899441340782
 23 -73.40782122905027
 27 -71.39664804469274
 83 -69.38547486033519
 53 -67.37430167597765
 106 -65.3631284916201
 45 -63.35195530726256
 181 -61.34078212290503
 96 -59.32960893854748
 147 -57.31843575418993
 64 -55.3072625698324
 70 -53.29608938547486
 140 -51.28491620111731
 47 -49.27374301675977
 67 -47.26256983240222
 4 -45.25139664804468
 204 -43.24022346368713
 2 -41.22905027932961
 125 -39.21787709497207
 192 -37.20670391061452
 295 -35.19553072625698
 81 -33.18435754189943
 44 -31.17318435754188
 104 -29.16201117318434
 4 -27.15083798882682
 51 -25.13966480446928
 406 -23.12849162011173
 92 -21.11731843575419
 33 -19.10614525139664
 5 -17.09497206703909
 25 -15.08379888268155
 117 -13.072625698324
 5 -11.06145251396646
 406 -9.050279329608941
 0 -7.039106145251395
 75 -5.02793296089385
 13 -3.016759776536304
 2 -1.005586592178759
 15 1.005586592178787
 113 3.016759776536333
 0 5.02793296089385
 361 7.039106145251395
 6 9.050279329608941
 108 11.06145251396649
 24 13.07262569832403
 9 15.08379888268158
 33 17.09497206703912
 83 19.10614525139667
 368 21.11731843575421
 37 23.12849162011173
 66 25.13966480446928
 61 27.15083798882682
 43 29.16201117318437
 123 31.17318435754191
 231 33.18435754189946
 160 35.195530726257
 103 37.20670391061452
 27 39.21787709497207
 191 41.22905027932961
 0 43.24022346368716
 71 45.2513966480447
 38 47.26256983240225
 156 49.27374301675979
 50 51.28491620111734
 131 53.29608938547489
 61 55.3072625698324
 116 57.31843575418995
 180 59.32960893854749
 43 61.34078212290504
 72 63.35195530726259
 57 65.36312849162013
 88 67.37430167597768
 45 69.38547486033519
 25 71.39664804469274
 30 73.40782122905028
 10 75.41899441340783
 10 77.43016759776538
 2 79.44134078212289
 0 81.45251396648047
 2 83.46368715083798
 5 85.47486033519556
 8 87.48603351955308
 5054 89.49720670391065
 4 91.50837988826817
 1 93.51955307262574
 0 95.53072625698326
 3 97.54189944134077
 5 99.55307262569835
 7 101.5642458100559
 19 103.5754189944134
 23 105.586592178771
 18 107.5977653631285
 70 109.608938547486
 101 111.6201117318436
 82 113.6312849162011
 1 115.6424581005587
 133 117.6536312849162
 110 119.6648044692737
 62 121.6759776536313
 130 123.6871508379888
 119 125.6983240223464
 46 127.7094972067039
 115 129.7206703910614
 111 131.731843575419
 4 133.7430167597765
 88 135.7541899441341
 112 137.7653631284916
 63 139.7765363128492
 103 141.7877094972067
 318 143.7988826815642
 93 145.8100558659218
 118 147.8212290502793
 45 149.8324022346369
 97 151.8435754189944
 49 153.854748603352
 326 155.8659217877095
 30 157.8770949720671
 96 159.8882681564246
 38 161.8994413407821
 22 163.9106145251397
 18 165.9217877094972
 96 167.9329608938548
 150 169.9441340782123
 218 171.9553072625699
 4 173.9664804469274
 115 175.9776536312849
 0 177.9888268156425
 0 180


