# Created by Octave 3.8.2, Sat Jun 20 02:22:48 2020 CEST <damian@fptrucha.inv.usc.es>
# name: hd
# type: matrix
# rows: 180
# columns: 2
 3 -180
 95 -177.9888268156425
 1 -175.9776536312849
 251 -173.9664804469274
 156 -171.9553072625698
 106 -169.9441340782123
 32 -167.9329608938548
 35 -165.9217877094972
 43 -163.9106145251397
 125 -161.8994413407821
 20 -159.8882681564246
 487 -157.877094972067
 44 -155.8659217877095
 89 -153.854748603352
 33 -151.8435754189944
 40 -149.8324022346369
 160 -147.8212290502793
 493 -145.8100558659218
 109 -143.7988826815642
 53 -141.7877094972067
 134 -139.7765363128491
 79 -137.7653631284916
 0 -135.7541899441341
 116 -133.7430167597765
 112 -131.731843575419
 46 -129.7206703910614
 130 -127.7094972067039
 185 -125.6983240223464
 58 -123.6871508379888
 145 -121.6759776536313
 131 -119.6648044692737
 1 -117.6536312849162
 86 -115.6424581005587
 77 -113.6312849162011
 100 -111.6201117318436
 10 -109.608938547486
 30 -107.5977653631285
 13 -105.5865921787709
 7 -103.5754189944134
 2 -101.5642458100559
 1 -99.55307262569832
 1 -97.54189944134077
 2 -95.53072625698323
 5 -93.5195530726257
 6091 -91.50837988826815
 7 -89.49720670391061
 4 -87.48603351955308
 0 -85.47486033519553
 0 -83.46368715083798
 0 -81.45251396648044
 2 -79.44134078212289
 10 -77.43016759776536
 47 -75.41899441340782
 19 -73.40782122905027
 39 -71.39664804469274
 69 -69.38547486033519
 56 -67.37430167597765
 80 -65.3631284916201
 36 -63.35195530726256
 190 -61.34078212290503
 98 -59.32960893854748
 148 -57.31843575418993
 64 -55.3072625698324
 57 -53.29608938547486
 169 -51.28491620111731
 33 -49.27374301675977
 70 -47.26256983240222
 0 -45.25139664804468
 176 -43.24022346368713
 1 -41.22905027932961
 103 -39.21787709497207
 219 -37.20670391061452
 347 -35.19553072625698
 71 -33.18435754189943
 44 -31.17318435754188
 100 -29.16201117318434
 5 -27.15083798882682
 40 -25.13966480446928
 408 -23.12849162011173
 82 -21.11731843575419
 40 -19.10614525139664
 8 -17.09497206703909
 31 -15.08379888268155
 115 -13.072625698324
 3 -11.06145251396646
 400 -9.050279329608941
 2 -7.039106145251395
 82 -5.02793296089385
 8 -3.016759776536304
 1 -1.005586592178759
 14 1.005586592178787
 75 3.016759776536333
 2 5.02793296089385
 410 7.039106145251395
 5 9.050279329608941
 97 11.06145251396649
 28 13.07262569832403
 6 15.08379888268158
 42 17.09497206703912
 75 19.10614525139667
 358 21.11731843575421
 27 23.12849162011173
 68 25.13966480446928
 71 27.15083798882682
 44 29.16201117318437
 139 31.17318435754191
 230 33.18435754189946
 169 35.195530726257
 114 37.20670391061452
 21 39.21787709497207
 201 41.22905027932961
 0 43.24022346368716
 82 45.2513966480447
 41 47.26256983240225
 148 49.27374301675979
 51 51.28491620111734
 121 53.29608938547489
 46 55.3072625698324
 106 57.31843575418995
 155 59.32960893854749
 42 61.34078212290504
 83 63.35195530726259
 36 65.36312849162013
 76 67.37430167597768
 28 69.38547486033519
 19 71.39664804469274
 21 73.40782122905028
 1 75.41899441340783
 3 77.43016759776538
 2 79.44134078212289
 0 81.45251396648047
 0 83.46368715083798
 0 85.47486033519556
 6 87.48603351955308
 5213 89.49720670391065
 4 91.50837988826817
 1 93.51955307262574
 0 95.53072625698326
 0 97.54189944134077
 3 99.55307262569835
 9 101.5642458100559
 13 103.5754189944134
 16 105.586592178771
 13 107.5977653631285
 50 109.608938547486
 70 111.6201117318436
 71 113.6312849162011
 4 115.6424581005587
 129 117.6536312849162
 109 119.6648044692737
 59 121.6759776536313
 119 123.6871508379888
 129 125.6983240223464
 54 127.7094972067039
 92 129.7206703910614
 133 131.731843575419
 1 133.7430167597765
 77 135.7541899441341
 115 137.7653631284916
 60 139.7765363128492
 116 141.7877094972067
 324 143.7988826815642
 74 145.8100558659218
 162 147.8212290502793
 26 149.8324022346369
 105 151.8435754189944
 40 153.854748603352
 350 155.8659217877095
 27 157.8770949720671
 94 159.8882681564246
 52 161.8994413407821
 37 163.9106145251397
 8 165.9217877094972
 107 167.9329608938548
 152 169.9441340782123
 220 171.9553072625699
 3 173.9664804469274
 108 175.9776536312849
 0 177.9888268156425
 0 180


