# Created by Octave 3.8.2, Sat Jun 20 16:34:04 2020 CEST <damian@fptrucha.inv.usc.es>
# name: hd
# type: matrix
# rows: 180
# columns: 2
 3 -180
 158 -177.9888268156425
 4 -175.9776536312849
 380 -173.9664804469274
 220 -171.9553072625698
 145 -169.9441340782123
 26 -167.9329608938548
 32 -165.9217877094972
 58 -163.9106145251397
 170 -161.8994413407821
 49 -159.8882681564246
 660 -157.877094972067
 67 -155.8659217877095
 117 -153.854748603352
 51 -151.8435754189944
 64 -149.8324022346369
 190 -147.8212290502793
 684 -145.8100558659218
 109 -143.7988826815642
 96 -141.7877094972067
 165 -139.7765363128491
 103 -137.7653631284916
 0 -135.7541899441341
 160 -133.7430167597765
 142 -131.731843575419
 83 -129.7206703910614
 190 -127.7094972067039
 222 -125.6983240223464
 103 -123.6871508379888
 186 -121.6759776536313
 175 -119.6648044692737
 3 -117.6536312849162
 106 -115.6424581005587
 117 -113.6312849162011
 127 -111.6201117318436
 17 -109.608938547486
 20 -107.5977653631285
 26 -105.5865921787709
 7 -103.5754189944134
 2 -101.5642458100559
 0 -99.55307262569832
 1 -97.54189944134077
 0 -95.53072625698323
 3 -93.5195530726257
 8181 -91.50837988826815
 6 -89.49720670391061
 3 -87.48603351955308
 1 -85.47486033519553
 1 -83.46368715083798
 1 -81.45251396648044
 5 -79.44134078212289
 9 -77.43016759776536
 44 -75.41899441340782
 16 -73.40782122905027
 53 -71.39664804469274
 109 -69.38547486033519
 76 -67.37430167597765
 93 -65.3631284916201
 47 -63.35195530726256
 296 -61.34078212290503
 121 -59.32960893854748
 230 -57.31843575418993
 97 -55.3072625698324
 78 -53.29608938547486
 193 -51.28491620111731
 56 -49.27374301675977
 104 -47.26256983240222
 1 -45.25139664804468
 283 -43.24022346368713
 3 -41.22905027932961
 156 -39.21787709497207
 315 -37.20670391061452
 481 -35.19553072625698
 89 -33.18435754189943
 53 -31.17318435754188
 146 -29.16201117318434
 14 -27.15083798882682
 51 -25.13966480446928
 630 -23.12849162011173
 158 -21.11731843575419
 51 -19.10614525139664
 12 -17.09497206703909
 39 -15.08379888268155
 183 -13.072625698324
 6 -11.06145251396646
 590 -9.050279329608941
 5 -7.039106145251395
 131 -5.02793296089385
 21 -3.016759776536304
 4 -1.005586592178759
 24 1.005586592178787
 133 3.016759776536333
 1 5.02793296089385
 583 7.039106145251395
 11 9.050279329608941
 139 11.06145251396649
 52 13.07262569832403
 2 15.08379888268158
 75 17.09497206703912
 102 19.10614525139667
 544 21.11731843575421
 65 23.12849162011173
 96 25.13966480446928
 95 27.15083798882682
 67 29.16201117318437
 239 31.17318435754191
 339 33.18435754189946
 249 35.195530726257
 156 37.20670391061452
 31 39.21787709497207
 266 41.22905027932961
 1 43.24022346368716
 119 45.2513966480447
 52 47.26256983240225
 268 49.27374301675979
 68 51.28491620111734
 203 53.29608938547489
 74 55.3072625698324
 155 57.31843575418995
 268 59.32960893854749
 74 61.34078212290504
 115 63.35195530726259
 66 65.36312849162013
 98 67.37430167597768
 60 69.38547486033519
 32 71.39664804469274
 52 73.40782122905028
 6 75.41899441340783
 8 77.43016759776538
 0 79.44134078212289
 0 81.45251396648047
 0 83.46368715083798
 3 85.47486033519556
 10 87.48603351955308
 7914 89.49720670391065
 4 91.50837988826817
 0 93.51955307262574
 1 95.53072625698326
 0 97.54189944134077
 3 99.55307262569835
 11 101.5642458100559
 22 103.5754189944134
 28 105.586592178771
 24 107.5977653631285
 104 109.608938547486
 119 111.6201117318436
 122 113.6312849162011
 0 115.6424581005587
 228 117.6536312849162
 170 119.6648044692737
 99 121.6759776536313
 172 123.6871508379888
 183 125.6983240223464
 75 127.7094972067039
 150 129.7206703910614
 161 131.731843575419
 3 133.7430167597765
 135 135.7541899441341
 192 137.7653631284916
 82 139.7765363128492
 154 141.7877094972067
 492 143.7988826815642
 129 145.8100558659218
 202 147.8212290502793
 49 149.8324022346369
 169 151.8435754189944
 70 153.854748603352
 476 155.8659217877095
 49 157.8770949720671
 132 159.8882681564246
 73 161.8994413407821
 47 163.9106145251397
 21 165.9217877094972
 121 167.9329608938548
 213 169.9441340782123
 314 171.9553072625699
 1 173.9664804469274
 123 175.9776536312849
 5 177.9888268156425
 0 180


