# Created by Octave 3.8.2, Sun Jun 21 00:56:21 2020 CEST <damian@fptrucha.inv.usc.es>
# name: hd
# type: matrix
# rows: 180
# columns: 2
 2 -180
 158 -177.9888268156425
 4 -175.9776536312849
 367 -173.9664804469274
 191 -171.9553072625698
 142 -169.9441340782123
 36 -167.9329608938548
 37 -165.9217877094972
 68 -163.9106145251397
 164 -161.8994413407821
 37 -159.8882681564246
 581 -157.877094972067
 63 -155.8659217877095
 112 -153.854748603352
 41 -151.8435754189944
 65 -149.8324022346369
 211 -147.8212290502793
 637 -145.8100558659218
 138 -143.7988826815642
 91 -141.7877094972067
 167 -139.7765363128491
 80 -137.7653631284916
 1 -135.7541899441341
 149 -133.7430167597765
 142 -131.731843575419
 66 -129.7206703910614
 166 -127.7094972067039
 212 -125.6983240223464
 104 -123.6871508379888
 197 -121.6759776536313
 195 -119.6648044692737
 1 -117.6536312849162
 87 -115.6424581005587
 90 -113.6312849162011
 119 -111.6201117318436
 18 -109.608938547486
 25 -107.5977653631285
 21 -105.5865921787709
 12 -103.5754189944134
 3 -101.5642458100559
 3 -99.55307262569832
 2 -97.54189944134077
 6 -95.53072625698323
 6 -93.5195530726257
 8070 -91.50837988826815
 13 -89.49720670391061
 1 -87.48603351955308
 2 -85.47486033519553
 0 -83.46368715083798
 3 -81.45251396648044
 7 -79.44134078212289
 5 -77.43016759776536
 55 -75.41899441340782
 18 -73.40782122905027
 52 -71.39664804469274
 110 -69.38547486033519
 61 -67.37430167597765
 83 -65.3631284916201
 48 -63.35195530726256
 277 -61.34078212290503
 151 -59.32960893854748
 222 -57.31843575418993
 82 -55.3072625698324
 84 -53.29608938547486
 193 -51.28491620111731
 70 -49.27374301675977
 98 -47.26256983240222
 2 -45.25139664804468
 271 -43.24022346368713
 3 -41.22905027932961
 146 -39.21787709497207
 327 -37.20670391061452
 450 -35.19553072625698
 106 -33.18435754189943
 53 -31.17318435754188
 152 -29.16201117318434
 9 -27.15083798882682
 49 -25.13966480446928
 621 -23.12849162011173
 154 -21.11731843575419
 48 -19.10614525139664
 10 -17.09497206703909
 40 -15.08379888268155
 171 -13.072625698324
 9 -11.06145251396646
 561 -9.050279329608941
 3 -7.039106145251395
 106 -5.02793296089385
 16 -3.016759776536304
 0 -1.005586592178759
 18 1.005586592178787
 103 3.016759776536333
 0 5.02793296089385
 543 7.039106145251395
 7 9.050279329608941
 110 11.06145251396649
 50 13.07262569832403
 9 15.08379888268158
 44 17.09497206703912
 105 19.10614525139667
 487 21.11731843575421
 44 23.12849162011173
 79 25.13966480446928
 105 27.15083798882682
 60 29.16201117318437
 240 31.17318435754191
 300 33.18435754189946
 247 35.195530726257
 132 37.20670391061452
 40 39.21787709497207
 310 41.22905027932961
 3 43.24022346368716
 122 45.2513966480447
 55 47.26256983240225
 232 49.27374301675979
 89 51.28491620111734
 193 53.29608938547489
 70 55.3072625698324
 156 57.31843575418995
 247 59.32960893854749
 65 61.34078212290504
 113 63.35195530726259
 57 65.36312849162013
 123 67.37430167597768
 33 69.38547486033519
 26 71.39664804469274
 55 73.40782122905028
 7 75.41899441340783
 5 77.43016759776538
 3 79.44134078212289
 0 81.45251396648047
 2 83.46368715083798
 2 85.47486033519556
 9 87.48603351955308
 7570 89.49720670391065
 3 91.50837988826817
 3 93.51955307262574
 1 95.53072625698326
 0 97.54189944134077
 2 99.55307262569835
 5 101.5642458100559
 15 103.5754189944134
 34 105.586592178771
 20 107.5977653631285
 102 109.608938547486
 134 111.6201117318436
 109 113.6312849162011
 0 115.6424581005587
 210 117.6536312849162
 172 119.6648044692737
 93 121.6759776536313
 175 123.6871508379888
 148 125.6983240223464
 83 127.7094972067039
 169 129.7206703910614
 185 131.731843575419
 1 133.7430167597765
 119 135.7541899441341
 179 137.7653631284916
 110 139.7765363128492
 131 141.7877094972067
 459 143.7988826815642
 112 145.8100558659218
 204 147.8212290502793
 42 149.8324022346369
 150 151.8435754189944
 53 153.854748603352
 454 155.8659217877095
 45 157.8770949720671
 129 159.8882681564246
 56 161.8994413407821
 59 163.9106145251397
 15 165.9217877094972
 117 167.9329608938548
 206 169.9441340782123
 294 171.9553072625699
 3 173.9664804469274
 149 175.9776536312849
 3 177.9888268156425
 0 180


