# Created by Octave 3.8.2, Mon Jun 22 02:29:25 2020 CEST <damian@fptrucha.inv.usc.es>
# name: hd
# type: matrix
# rows: 180
# columns: 2
 1 -180
 145 -177.9888268156425
 7 -175.9776536312849
 308 -173.9664804469274
 216 -171.9553072625698
 138 -169.9441340782123
 35 -167.9329608938548
 40 -165.9217877094972
 69 -163.9106145251397
 159 -161.8994413407821
 51 -159.8882681564246
 510 -157.877094972067
 55 -155.8659217877095
 98 -153.854748603352
 48 -151.8435754189944
 70 -149.8324022346369
 185 -147.8212290502793
 552 -145.8100558659218
 84 -143.7988826815642
 70 -141.7877094972067
 167 -139.7765363128491
 108 -137.7653631284916
 3 -135.7541899441341
 152 -133.7430167597765
 146 -131.731843575419
 73 -129.7206703910614
 165 -127.7094972067039
 202 -125.6983240223464
 92 -123.6871508379888
 172 -121.6759776536313
 166 -119.6648044692737
 3 -117.6536312849162
 105 -115.6424581005587
 113 -113.6312849162011
 111 -111.6201117318436
 20 -109.608938547486
 47 -107.5977653631285
 27 -105.5865921787709
 16 -103.5754189944134
 4 -101.5642458100559
 0 -99.55307262569832
 2 -97.54189944134077
 6 -95.53072625698323
 7 -93.5195530726257
 6865 -91.50837988826815
 16 -89.49720670391061
 4 -87.48603351955308
 4 -85.47486033519553
 1 -83.46368715083798
 3 -81.45251396648044
 8 -79.44134078212289
 12 -77.43016759776536
 38 -75.41899441340782
 40 -73.40782122905027
 31 -71.39664804469274
 124 -69.38547486033519
 83 -67.37430167597765
 104 -65.3631284916201
 44 -63.35195530726256
 280 -61.34078212290503
 134 -59.32960893854748
 207 -57.31843575418993
 98 -55.3072625698324
 68 -53.29608938547486
 214 -51.28491620111731
 50 -49.27374301675977
 111 -47.26256983240222
 1 -45.25139664804468
 291 -43.24022346368713
 9 -41.22905027932961
 122 -39.21787709497207
 292 -37.20670391061452
 395 -35.19553072625698
 108 -33.18435754189943
 70 -31.17318435754188
 155 -29.16201117318434
 11 -27.15083798882682
 66 -25.13966480446928
 507 -23.12849162011173
 137 -21.11731843575419
 59 -19.10614525139664
 12 -17.09497206703909
 40 -15.08379888268155
 152 -13.072625698324
 6 -11.06145251396646
 473 -9.050279329608941
 6 -7.039106145251395
 138 -5.02793296089385
 19 -3.016759776536304
 4 -1.005586592178759
 18 1.005586592178787
 105 3.016759776536333
 3 5.02793296089385
 488 7.039106145251395
 13 9.050279329608941
 129 11.06145251396649
 45 13.07262569832403
 12 15.08379888268158
 62 17.09497206703912
 112 19.10614525139667
 466 21.11731843575421
 51 23.12849162011173
 96 25.13966480446928
 105 27.15083798882682
 62 29.16201117318437
 219 31.17318435754191
 265 33.18435754189946
 234 35.195530726257
 128 37.20670391061452
 46 39.21787709497207
 228 41.22905027932961
 2 43.24022346368716
 103 45.2513966480447
 45 47.26256983240225
 220 49.27374301675979
 70 51.28491620111734
 169 53.29608938547489
 80 55.3072625698324
 123 57.31843575418995
 206 59.32960893854749
 65 61.34078212290504
 115 63.35195530726259
 77 65.36312849162013
 101 67.37430167597768
 52 69.38547486033519
 34 71.39664804469274
 54 73.40782122905028
 8 75.41899441340783
 8 77.43016759776538
 4 79.44134078212289
 0 81.45251396648047
 2 83.46368715083798
 7 85.47486033519556
 15 87.48603351955308
 6404 89.49720670391065
 6 91.50837988826817
 1 93.51955307262574
 1 95.53072625698326
 1 97.54189944134077
 5 99.55307262569835
 18 101.5642458100559
 27 103.5754189944134
 44 105.586592178771
 18 107.5977653631285
 102 109.608938547486
 101 111.6201117318436
 147 113.6312849162011
 3 115.6424581005587
 179 117.6536312849162
 170 119.6648044692737
 72 121.6759776536313
 175 123.6871508379888
 170 125.6983240223464
 85 127.7094972067039
 124 129.7206703910614
 143 131.731843575419
 3 133.7430167597765
 99 135.7541899441341
 157 137.7653631284916
 107 139.7765363128492
 119 141.7877094972067
 400 143.7988826815642
 110 145.8100558659218
 177 147.8212290502793
 43 149.8324022346369
 128 151.8435754189944
 60 153.854748603352
 428 155.8659217877095
 46 157.8770949720671
 127 159.8882681564246
 67 161.8994413407821
 58 163.9106145251397
 21 165.9217877094972
 129 167.9329608938548
 192 169.9441340782123
 332 171.9553072625699
 10 173.9664804469274
 147 175.9776536312849
 5 177.9888268156425
 0 180


