# Created by Octave 3.8.2, Mon Jun 22 17:05:00 2020 CEST <damian@fptrucha.inv.usc.es>
# name: hd
# type: matrix
# rows: 180
# columns: 2
 3 -180
 171 -177.9888268156425
 7 -175.9776536312849
 383 -173.9664804469274
 234 -171.9553072625698
 150 -169.9441340782123
 21 -167.9329608938548
 24 -165.9217877094972
 78 -163.9106145251397
 147 -161.8994413407821
 50 -159.8882681564246
 587 -157.877094972067
 58 -155.8659217877095
 134 -153.854748603352
 47 -151.8435754189944
 73 -149.8324022346369
 240 -147.8212290502793
 570 -145.8100558659218
 121 -143.7988826815642
 96 -141.7877094972067
 186 -139.7765363128491
 123 -137.7653631284916
 7 -135.7541899441341
 200 -133.7430167597765
 180 -131.731843575419
 82 -129.7206703910614
 173 -127.7094972067039
 236 -125.6983240223464
 99 -123.6871508379888
 196 -121.6759776536313
 206 -119.6648044692737
 6 -117.6536312849162
 101 -115.6424581005587
 143 -113.6312849162011
 142 -111.6201117318436
 21 -109.608938547486
 39 -107.5977653631285
 31 -105.5865921787709
 17 -103.5754189944134
 4 -101.5642458100559
 1 -99.55307262569832
 0 -97.54189944134077
 2 -95.53072625698323
 6 -93.5195530726257
 8187 -91.50837988826815
 15 -89.49720670391061
 7 -87.48603351955308
 2 -85.47486033519553
 1 -83.46368715083798
 1 -81.45251396648044
 15 -79.44134078212289
 4 -77.43016759776536
 57 -75.41899441340782
 35 -73.40782122905027
 46 -71.39664804469274
 119 -69.38547486033519
 86 -67.37430167597765
 115 -65.3631284916201
 50 -63.35195530726256
 277 -61.34078212290503
 141 -59.32960893854748
 241 -57.31843575418993
 84 -55.3072625698324
 84 -53.29608938547486
 231 -51.28491620111731
 55 -49.27374301675977
 115 -47.26256983240222
 0 -45.25139664804468
 296 -43.24022346368713
 3 -41.22905027932961
 182 -39.21787709497207
 296 -37.20670391061452
 427 -35.19553072625698
 118 -33.18435754189943
 68 -31.17318435754188
 172 -29.16201117318434
 11 -27.15083798882682
 57 -25.13966480446928
 579 -23.12849162011173
 134 -21.11731843575419
 61 -19.10614525139664
 11 -17.09497206703909
 48 -15.08379888268155
 147 -13.072625698324
 10 -11.06145251396646
 594 -9.050279329608941
 2 -7.039106145251395
 143 -5.02793296089385
 25 -3.016759776536304
 3 -1.005586592178759
 22 1.005586592178787
 155 3.016759776536333
 4 5.02793296089385
 555 7.039106145251395
 10 9.050279329608941
 151 11.06145251396649
 47 13.07262569832403
 11 15.08379888268158
 59 17.09497206703912
 127 19.10614525139667
 532 21.11731843575421
 56 23.12849162011173
 94 25.13966480446928
 109 27.15083798882682
 51 29.16201117318437
 202 31.17318435754191
 365 33.18435754189946
 258 35.195530726257
 140 37.20670391061452
 33 39.21787709497207
 303 41.22905027932961
 3 43.24022346368716
 139 45.2513966480447
 49 47.26256983240225
 223 49.27374301675979
 75 51.28491620111734
 214 53.29608938547489
 86 55.3072625698324
 145 57.31843575418995
 270 59.32960893854749
 58 61.34078212290504
 118 63.35195530726259
 88 65.36312849162013
 110 67.37430167597768
 60 69.38547486033519
 39 71.39664804469274
 59 73.40782122905028
 13 75.41899441340783
 9 77.43016759776538
 4 79.44134078212289
 0 81.45251396648047
 1 83.46368715083798
 6 85.47486033519556
 11 87.48603351955308
 7621 89.49720670391065
 9 91.50837988826817
 4 93.51955307262574
 1 95.53072625698326
 4 97.54189944134077
 2 99.55307262569835
 23 101.5642458100559
 34 103.5754189944134
 51 105.586592178771
 19 107.5977653631285
 129 109.608938547486
 124 111.6201117318436
 144 113.6312849162011
 4 115.6424581005587
 207 117.6536312849162
 182 119.6648044692737
 104 121.6759776536313
 198 123.6871508379888
 181 125.6983240223464
 100 127.7094972067039
 161 129.7206703910614
 190 131.731843575419
 2 133.7430167597765
 118 135.7541899441341
 174 137.7653631284916
 81 139.7765363128492
 148 141.7877094972067
 509 143.7988826815642
 120 145.8100558659218
 214 147.8212290502793
 44 149.8324022346369
 149 151.8435754189944
 82 153.854748603352
 530 155.8659217877095
 49 157.8770949720671
 147 159.8882681564246
 73 161.8994413407821
 45 163.9106145251397
 17 165.9217877094972
 137 167.9329608938548
 226 169.9441340782123
 355 171.9553072625699
 5 173.9664804469274
 167 175.9776536312849
 4 177.9888268156425
 0 180


