# Created by Octave 3.8.2, Sat Jun 20 06:06:20 2020 CEST <damian@fptrucha.inv.usc.es>
# name: hd
# type: matrix
# rows: 180
# columns: 2
 0 -180
 116 -177.9888268156425
 3 -175.9776536312849
 308 -173.9664804469274
 161 -171.9553072625698
 123 -169.9441340782123
 22 -167.9329608938548
 23 -165.9217877094972
 35 -163.9106145251397
 110 -161.8994413407821
 29 -159.8882681564246
 432 -157.877094972067
 43 -155.8659217877095
 93 -153.854748603352
 27 -151.8435754189944
 61 -149.8324022346369
 179 -147.8212290502793
 472 -145.8100558659218
 120 -143.7988826815642
 55 -141.7877094972067
 139 -139.7765363128491
 73 -137.7653631284916
 2 -135.7541899441341
 128 -133.7430167597765
 138 -131.731843575419
 71 -129.7206703910614
 150 -127.7094972067039
 167 -125.6983240223464
 70 -123.6871508379888
 160 -121.6759776536313
 160 -119.6648044692737
 2 -117.6536312849162
 93 -115.6424581005587
 86 -113.6312849162011
 103 -111.6201117318436
 18 -109.608938547486
 38 -107.5977653631285
 20 -105.5865921787709
 10 -103.5754189944134
 0 -101.5642458100559
 0 -99.55307262569832
 2 -97.54189944134077
 3 -95.53072625698323
 3 -93.5195530726257
 6266 -91.50837988826815
 7 -89.49720670391061
 1 -87.48603351955308
 1 -85.47486033519553
 1 -83.46368715083798
 1 -81.45251396648044
 1 -79.44134078212289
 1 -77.43016759776536
 41 -75.41899441340782
 24 -73.40782122905027
 40 -71.39664804469274
 98 -69.38547486033519
 62 -67.37430167597765
 82 -65.3631284916201
 43 -63.35195530726256
 231 -61.34078212290503
 106 -59.32960893854748
 165 -57.31843575418993
 62 -55.3072625698324
 64 -53.29608938547486
 163 -51.28491620111731
 54 -49.27374301675977
 82 -47.26256983240222
 1 -45.25139664804468
 201 -43.24022346368713
 2 -41.22905027932961
 123 -39.21787709497207
 239 -37.20670391061452
 328 -35.19553072625698
 81 -33.18435754189943
 51 -31.17318435754188
 98 -29.16201117318434
 8 -27.15083798882682
 34 -25.13966480446928
 437 -23.12849162011173
 90 -21.11731843575419
 36 -19.10614525139664
 13 -17.09497206703909
 20 -15.08379888268155
 146 -13.072625698324
 3 -11.06145251396646
 408 -9.050279329608941
 2 -7.039106145251395
 80 -5.02793296089385
 16 -3.016759776536304
 0 -1.005586592178759
 14 1.005586592178787
 104 3.016759776536333
 0 5.02793296089385
 422 7.039106145251395
 5 9.050279329608941
 109 11.06145251396649
 25 13.07262569832403
 2 15.08379888268158
 34 17.09497206703912
 79 19.10614525139667
 345 21.11731843575421
 28 23.12849162011173
 78 25.13966480446928
 62 27.15083798882682
 38 29.16201117318437
 174 31.17318435754191
 211 33.18435754189946
 187 35.195530726257
 123 37.20670391061452
 22 39.21787709497207
 203 41.22905027932961
 0 43.24022346368716
 68 45.2513966480447
 22 47.26256983240225
 183 49.27374301675979
 51 51.28491620111734
 131 53.29608938547489
 48 55.3072625698324
 104 57.31843575418995
 178 59.32960893854749
 42 61.34078212290504
 91 63.35195530726259
 53 65.36312849162013
 85 67.37430167597768
 35 69.38547486033519
 24 71.39664804469274
 37 73.40782122905028
 2 75.41899441340783
 2 77.43016759776538
 3 79.44134078212289
 0 81.45251396648047
 0 83.46368715083798
 3 85.47486033519556
 5 87.48603351955308
 5482 89.49720670391065
 4 91.50837988826817
 3 93.51955307262574
 0 95.53072625698326
 1 97.54189944134077
 1 99.55307262569835
 5 101.5642458100559
 9 103.5754189944134
 26 105.586592178771
 13 107.5977653631285
 86 109.608938547486
 81 111.6201117318436
 81 113.6312849162011
 1 115.6424581005587
 144 117.6536312849162
 118 119.6648044692737
 70 121.6759776536313
 130 123.6871508379888
 126 125.6983240223464
 51 127.7094972067039
 107 129.7206703910614
 121 131.731843575419
 3 133.7430167597765
 71 135.7541899441341
 123 137.7653631284916
 86 139.7765363128492
 100 141.7877094972067
 329 143.7988826815642
 86 145.8100558659218
 177 147.8212290502793
 33 149.8324022346369
 125 151.8435754189944
 47 153.854748603352
 366 155.8659217877095
 32 157.8770949720671
 101 159.8882681564246
 60 161.8994413407821
 41 163.9106145251397
 9 165.9217877094972
 96 167.9329608938548
 171 169.9441340782123
 266 171.9553072625699
 2 173.9664804469274
 108 175.9776536312849
 3 177.9888268156425
 0 180


