# Created by Octave 3.8.2, Mon Jun 22 13:27:53 2020 CEST <damian@fptrucha.inv.usc.es>
# name: hd
# type: matrix
# rows: 180
# columns: 2
 5 -180
 166 -177.9888268156425
 3 -175.9776536312849
 358 -173.9664804469274
 257 -171.9553072625698
 131 -169.9441340782123
 44 -167.9329608938548
 46 -165.9217877094972
 54 -163.9106145251397
 152 -161.8994413407821
 41 -159.8882681564246
 615 -157.877094972067
 79 -155.8659217877095
 129 -153.854748603352
 44 -151.8435754189944
 53 -149.8324022346369
 244 -147.8212290502793
 546 -145.8100558659218
 109 -143.7988826815642
 89 -141.7877094972067
 155 -139.7765363128491
 108 -137.7653631284916
 0 -135.7541899441341
 187 -133.7430167597765
 171 -131.731843575419
 95 -129.7206703910614
 195 -127.7094972067039
 223 -125.6983240223464
 90 -123.6871508379888
 181 -121.6759776536313
 191 -119.6648044692737
 3 -117.6536312849162
 105 -115.6424581005587
 122 -113.6312849162011
 127 -111.6201117318436
 22 -109.608938547486
 55 -107.5977653631285
 20 -105.5865921787709
 10 -103.5754189944134
 0 -101.5642458100559
 0 -99.55307262569832
 0 -97.54189944134077
 0 -95.53072625698323
 10 -93.5195530726257
 7884 -91.50837988826815
 16 -89.49720670391061
 2 -87.48603351955308
 5 -85.47486033519553
 1 -83.46368715083798
 1 -81.45251396648044
 9 -79.44134078212289
 7 -77.43016759776536
 39 -75.41899441340782
 34 -73.40782122905027
 54 -71.39664804469274
 133 -69.38547486033519
 85 -67.37430167597765
 106 -65.3631284916201
 44 -63.35195530726256
 271 -61.34078212290503
 155 -59.32960893854748
 204 -57.31843575418993
 76 -55.3072625698324
 70 -53.29608938547486
 235 -51.28491620111731
 64 -49.27374301675977
 113 -47.26256983240222
 1 -45.25139664804468
 291 -43.24022346368713
 2 -41.22905027932961
 156 -39.21787709497207
 299 -37.20670391061452
 436 -35.19553072625698
 128 -33.18435754189943
 59 -31.17318435754188
 155 -29.16201117318434
 9 -27.15083798882682
 61 -25.13966480446928
 574 -23.12849162011173
 132 -21.11731843575419
 60 -19.10614525139664
 9 -17.09497206703909
 36 -15.08379888268155
 176 -13.072625698324
 11 -11.06145251396646
 609 -9.050279329608941
 2 -7.039106145251395
 130 -5.02793296089385
 29 -3.016759776536304
 2 -1.005586592178759
 22 1.005586592178787
 122 3.016759776536333
 0 5.02793296089385
 571 7.039106145251395
 9 9.050279329608941
 163 11.06145251396649
 43 13.07262569832403
 22 15.08379888268158
 57 17.09497206703912
 136 19.10614525139667
 589 21.11731843575421
 56 23.12849162011173
 96 25.13966480446928
 114 27.15083798882682
 61 29.16201117318437
 209 31.17318435754191
 345 33.18435754189946
 236 35.195530726257
 142 37.20670391061452
 41 39.21787709497207
 288 41.22905027932961
 1 43.24022346368716
 136 45.2513966480447
 60 47.26256983240225
 238 49.27374301675979
 79 51.28491620111734
 201 53.29608938547489
 83 55.3072625698324
 147 57.31843575418995
 304 59.32960893854749
 51 61.34078212290504
 108 63.35195530726259
 64 65.36312849162013
 110 67.37430167597768
 47 69.38547486033519
 30 71.39664804469274
 59 73.40782122905028
 6 75.41899441340783
 10 77.43016759776538
 4 79.44134078212289
 1 81.45251396648047
 1 83.46368715083798
 3 85.47486033519556
 11 87.48603351955308
 7494 89.49720670391065
 9 91.50837988826817
 6 93.51955307262574
 2 95.53072625698326
 2 97.54189944134077
 3 99.55307262569835
 17 101.5642458100559
 27 103.5754189944134
 43 105.586592178771
 37 107.5977653631285
 104 109.608938547486
 127 111.6201117318436
 147 113.6312849162011
 7 115.6424581005587
 213 117.6536312849162
 190 119.6648044692737
 99 121.6759776536313
 171 123.6871508379888
 172 125.6983240223464
 69 127.7094972067039
 202 129.7206703910614
 203 131.731843575419
 3 133.7430167597765
 123 135.7541899441341
 200 137.7653631284916
 115 139.7765363128492
 128 141.7877094972067
 503 143.7988826815642
 104 145.8100558659218
 192 147.8212290502793
 45 149.8324022346369
 130 151.8435754189944
 68 153.854748603352
 533 155.8659217877095
 54 157.8770949720671
 141 159.8882681564246
 81 161.8994413407821
 49 163.9106145251397
 21 165.9217877094972
 121 167.9329608938548
 228 169.9441340782123
 360 171.9553072625699
 6 173.9664804469274
 166 175.9776536312849
 4 177.9888268156425
 0 180


