# Created by Octave 3.8.2, Sat Jun 20 11:58:27 2020 CEST <damian@fptrucha.inv.usc.es>
# name: hd
# type: matrix
# rows: 180
# columns: 2
 4 -180
 173 -177.9888268156425
 0 -175.9776536312849
 386 -173.9664804469274
 254 -171.9553072625698
 183 -169.9441340782123
 38 -167.9329608938548
 29 -165.9217877094972
 45 -163.9106145251397
 156 -161.8994413407821
 41 -159.8882681564246
 689 -157.877094972067
 69 -155.8659217877095
 124 -153.854748603352
 44 -151.8435754189944
 60 -149.8324022346369
 206 -147.8212290502793
 698 -145.8100558659218
 128 -143.7988826815642
 93 -141.7877094972067
 199 -139.7765363128491
 119 -137.7653631284916
 0 -135.7541899441341
 168 -133.7430167597765
 147 -131.731843575419
 85 -129.7206703910614
 196 -127.7094972067039
 242 -125.6983240223464
 121 -123.6871508379888
 228 -121.6759776536313
 220 -119.6648044692737
 1 -117.6536312849162
 127 -115.6424581005587
 119 -113.6312849162011
 125 -111.6201117318436
 22 -109.608938547486
 31 -107.5977653631285
 23 -105.5865921787709
 11 -103.5754189944134
 1 -101.5642458100559
 0 -99.55307262569832
 1 -97.54189944134077
 6 -95.53072625698323
 8 -93.5195530726257
 8801 -91.50837988826815
 14 -89.49720670391061
 3 -87.48603351955308
 2 -85.47486033519553
 0 -83.46368715083798
 4 -81.45251396648044
 11 -79.44134078212289
 3 -77.43016759776536
 42 -75.41899441340782
 28 -73.40782122905027
 49 -71.39664804469274
 119 -69.38547486033519
 73 -67.37430167597765
 108 -65.3631284916201
 50 -63.35195530726256
 301 -61.34078212290503
 157 -59.32960893854748
 250 -57.31843575418993
 92 -55.3072625698324
 95 -53.29608938547486
 259 -51.28491620111731
 70 -49.27374301675977
 102 -47.26256983240222
 3 -45.25139664804468
 293 -43.24022346368713
 2 -41.22905027932961
 169 -39.21787709497207
 351 -37.20670391061452
 484 -35.19553072625698
 119 -33.18435754189943
 59 -31.17318435754188
 127 -29.16201117318434
 15 -27.15083798882682
 52 -25.13966480446928
 711 -23.12849162011173
 183 -21.11731843575419
 50 -19.10614525139664
 5 -17.09497206703909
 42 -15.08379888268155
 172 -13.072625698324
 11 -11.06145251396646
 632 -9.050279329608941
 5 -7.039106145251395
 114 -5.02793296089385
 17 -3.016759776536304
 2 -1.005586592178759
 21 1.005586592178787
 148 3.016759776536333
 3 5.02793296089385
 574 7.039106145251395
 5 9.050279329608941
 126 11.06145251396649
 53 13.07262569832403
 14 15.08379888268158
 69 17.09497206703912
 120 19.10614525139667
 584 21.11731843575421
 55 23.12849162011173
 113 25.13966480446928
 101 27.15083798882682
 62 29.16201117318437
 253 31.17318435754191
 317 33.18435754189946
 270 35.195530726257
 200 37.20670391061452
 33 39.21787709497207
 329 41.22905027932961
 1 43.24022346368716
 143 45.2513966480447
 68 47.26256983240225
 265 49.27374301675979
 112 51.28491620111734
 216 53.29608938547489
 89 55.3072625698324
 159 57.31843575418995
 278 59.32960893854749
 87 61.34078212290504
 133 63.35195530726259
 91 65.36312849162013
 141 67.37430167597768
 44 69.38547486033519
 32 71.39664804469274
 54 73.40782122905028
 7 75.41899441340783
 7 77.43016759776538
 1 79.44134078212289
 0 81.45251396648047
 1 83.46368715083798
 1 85.47486033519556
 10 87.48603351955308
 8474 89.49720670391065
 1 91.50837988826817
 5 93.51955307262574
 2 95.53072625698326
 2 97.54189944134077
 6 99.55307262569835
 14 101.5642458100559
 27 103.5754189944134
 30 105.586592178771
 22 107.5977653631285
 122 109.608938547486
 122 111.6201117318436
 128 113.6312849162011
 5 115.6424581005587
 257 117.6536312849162
 179 119.6648044692737
 92 121.6759776536313
 210 123.6871508379888
 216 125.6983240223464
 83 127.7094972067039
 160 129.7206703910614
 208 131.731843575419
 3 133.7430167597765
 138 135.7541899441341
 199 137.7653631284916
 121 139.7765363128492
 150 141.7877094972067
 545 143.7988826815642
 131 145.8100558659218
 256 147.8212290502793
 55 149.8324022346369
 158 151.8435754189944
 96 153.854748603352
 513 155.8659217877095
 48 157.8770949720671
 121 159.8882681564246
 82 161.8994413407821
 53 163.9106145251397
 16 165.9217877094972
 102 167.9329608938548
 242 169.9441340782123
 372 171.9553072625699
 1 173.9664804469274
 174 175.9776536312849
 2 177.9888268156425
 0 180


