# Created by Octave 3.8.2, Sat Jun 20 10:55:30 2020 CEST <damian@fptrucha.inv.usc.es>
# name: hd
# type: matrix
# rows: 180
# columns: 2
 2 -180
 172 -177.9888268156425
 1 -175.9776536312849
 368 -173.9664804469274
 268 -171.9553072625698
 164 -169.9441340782123
 28 -167.9329608938548
 42 -165.9217877094972
 55 -163.9106145251397
 169 -161.8994413407821
 41 -159.8882681564246
 680 -157.877094972067
 66 -155.8659217877095
 123 -153.854748603352
 40 -151.8435754189944
 85 -149.8324022346369
 219 -147.8212290502793
 707 -145.8100558659218
 149 -143.7988826815642
 117 -141.7877094972067
 177 -139.7765363128491
 114 -137.7653631284916
 3 -135.7541899441341
 157 -133.7430167597765
 178 -131.731843575419
 88 -129.7206703910614
 201 -127.7094972067039
 254 -125.6983240223464
 109 -123.6871508379888
 253 -121.6759776536313
 193 -119.6648044692737
 4 -117.6536312849162
 112 -115.6424581005587
 100 -113.6312849162011
 155 -111.6201117318436
 18 -109.608938547486
 45 -107.5977653631285
 23 -105.5865921787709
 13 -103.5754189944134
 1 -101.5642458100559
 0 -99.55307262569832
 0 -97.54189944134077
 4 -95.53072625698323
 5 -93.5195530726257
 9038 -91.50837988826815
 10 -89.49720670391061
 2 -87.48603351955308
 2 -85.47486033519553
 0 -83.46368715083798
 4 -81.45251396648044
 3 -79.44134078212289
 6 -77.43016759776536
 55 -75.41899441340782
 18 -73.40782122905027
 69 -71.39664804469274
 113 -69.38547486033519
 65 -67.37430167597765
 94 -65.3631284916201
 62 -63.35195530726256
 296 -61.34078212290503
 152 -59.32960893854748
 245 -57.31843575418993
 95 -55.3072625698324
 81 -53.29608938547486
 266 -51.28491620111731
 53 -49.27374301675977
 116 -47.26256983240222
 1 -45.25139664804468
 296 -43.24022346368713
 3 -41.22905027932961
 151 -39.21787709497207
 357 -37.20670391061452
 483 -35.19553072625698
 128 -33.18435754189943
 77 -31.17318435754188
 172 -29.16201117318434
 14 -27.15083798882682
 58 -25.13966480446928
 667 -23.12849162011173
 133 -21.11731843575419
 47 -19.10614525139664
 8 -17.09497206703909
 41 -15.08379888268155
 176 -13.072625698324
 10 -11.06145251396646
 619 -9.050279329608941
 4 -7.039106145251395
 136 -5.02793296089385
 21 -3.016759776536304
 4 -1.005586592178759
 23 1.005586592178787
 150 3.016759776536333
 2 5.02793296089385
 596 7.039106145251395
 13 9.050279329608941
 155 11.06145251396649
 51 13.07262569832403
 13 15.08379888268158
 70 17.09497206703912
 123 19.10614525139667
 573 21.11731843575421
 76 23.12849162011173
 112 25.13966480446928
 127 27.15083798882682
 65 29.16201117318437
 257 31.17318435754191
 339 33.18435754189946
 245 35.195530726257
 192 37.20670391061452
 42 39.21787709497207
 323 41.22905027932961
 2 43.24022346368716
 122 45.2513966480447
 76 47.26256983240225
 259 49.27374301675979
 79 51.28491620111734
 239 53.29608938547489
 87 55.3072625698324
 176 57.31843575418995
 298 59.32960893854749
 71 61.34078212290504
 124 63.35195530726259
 90 65.36312849162013
 149 67.37430167597768
 70 69.38547486033519
 41 71.39664804469274
 57 73.40782122905028
 8 75.41899441340783
 10 77.43016759776538
 6 79.44134078212289
 0 81.45251396648047
 2 83.46368715083798
 2 85.47486033519556
 13 87.48603351955308
 8596 89.49720670391065
 5 91.50837988826817
 6 93.51955307262574
 1 95.53072625698326
 0 97.54189944134077
 3 99.55307262569835
 21 101.5642458100559
 25 103.5754189944134
 50 105.586592178771
 24 107.5977653631285
 114 109.608938547486
 134 111.6201117318436
 130 113.6312849162011
 4 115.6424581005587
 253 117.6536312849162
 163 119.6648044692737
 92 121.6759776536313
 187 123.6871508379888
 223 125.6983240223464
 90 127.7094972067039
 179 129.7206703910614
 215 131.731843575419
 4 133.7430167597765
 147 135.7541899441341
 198 137.7653631284916
 99 139.7765363128492
 175 141.7877094972067
 547 143.7988826815642
 146 145.8100558659218
 259 147.8212290502793
 54 149.8324022346369
 188 151.8435754189944
 77 153.854748603352
 515 155.8659217877095
 54 157.8770949720671
 150 159.8882681564246
 87 161.8994413407821
 72 163.9106145251397
 17 165.9217877094972
 141 167.9329608938548
 242 169.9441340782123
 391 171.9553072625699
 1 173.9664804469274
 172 175.9776536312849
 0 177.9888268156425
 0 180


