# Created by Octave 3.8.2, Sat Jun 20 10:38:51 2020 CEST <damian@fptrucha.inv.usc.es>
# name: hd
# type: matrix
# rows: 180
# columns: 2
 6 -180
 171 -177.9888268156425
 4 -175.9776536312849
 394 -173.9664804469274
 247 -171.9553072625698
 195 -169.9441340782123
 33 -167.9329608938548
 55 -165.9217877094972
 76 -163.9106145251397
 187 -161.8994413407821
 41 -159.8882681564246
 701 -157.877094972067
 69 -155.8659217877095
 131 -153.854748603352
 47 -151.8435754189944
 77 -149.8324022346369
 211 -147.8212290502793
 693 -145.8100558659218
 150 -143.7988826815642
 115 -141.7877094972067
 193 -139.7765363128491
 101 -137.7653631284916
 5 -135.7541899441341
 187 -133.7430167597765
 170 -131.731843575419
 74 -129.7206703910614
 191 -127.7094972067039
 249 -125.6983240223464
 104 -123.6871508379888
 231 -121.6759776536313
 179 -119.6648044692737
 2 -117.6536312849162
 109 -115.6424581005587
 134 -113.6312849162011
 141 -111.6201117318436
 18 -109.608938547486
 43 -107.5977653631285
 27 -105.5865921787709
 24 -103.5754189944134
 3 -101.5642458100559
 0 -99.55307262569832
 2 -97.54189944134077
 3 -95.53072625698323
 4 -93.5195530726257
 8946 -91.50837988826815
 9 -89.49720670391061
 4 -87.48603351955308
 0 -85.47486033519553
 0 -83.46368715083798
 0 -81.45251396648044
 6 -79.44134078212289
 8 -77.43016759776536
 55 -75.41899441340782
 32 -73.40782122905027
 48 -71.39664804469274
 137 -69.38547486033519
 69 -67.37430167597765
 116 -65.3631284916201
 65 -63.35195530726256
 283 -61.34078212290503
 169 -59.32960893854748
 237 -57.31843575418993
 95 -55.3072625698324
 76 -53.29608938547486
 260 -51.28491620111731
 64 -49.27374301675977
 138 -47.26256983240222
 1 -45.25139664804468
 294 -43.24022346368713
 5 -41.22905027932961
 165 -39.21787709497207
 323 -37.20670391061452
 495 -35.19553072625698
 131 -33.18435754189943
 83 -31.17318435754188
 156 -29.16201117318434
 12 -27.15083798882682
 66 -25.13966480446928
 649 -23.12849162011173
 169 -21.11731843575419
 63 -19.10614525139664
 13 -17.09497206703909
 39 -15.08379888268155
 155 -13.072625698324
 7 -11.06145251396646
 643 -9.050279329608941
 2 -7.039106145251395
 137 -5.02793296089385
 21 -3.016759776536304
 1 -1.005586592178759
 26 1.005586592178787
 121 3.016759776536333
 1 5.02793296089385
 547 7.039106145251395
 10 9.050279329608941
 157 11.06145251396649
 68 13.07262569832403
 15 15.08379888268158
 71 17.09497206703912
 118 19.10614525139667
 532 21.11731843575421
 65 23.12849162011173
 92 25.13966480446928
 127 27.15083798882682
 68 29.16201117318437
 232 31.17318435754191
 326 33.18435754189946
 229 35.195530726257
 194 37.20670391061452
 39 39.21787709497207
 306 41.22905027932961
 3 43.24022346368716
 127 45.2513966480447
 57 47.26256983240225
 254 49.27374301675979
 91 51.28491620111734
 239 53.29608938547489
 102 55.3072625698324
 158 57.31843575418995
 300 59.32960893854749
 73 61.34078212290504
 137 63.35195530726259
 86 65.36312849162013
 110 67.37430167597768
 48 69.38547486033519
 38 71.39664804469274
 58 73.40782122905028
 7 75.41899441340783
 11 77.43016759776538
 4 79.44134078212289
 1 81.45251396648047
 1 83.46368715083798
 2 85.47486033519556
 7 87.48603351955308
 8684 89.49720670391065
 4 91.50837988826817
 4 93.51955307262574
 2 95.53072625698326
 0 97.54189944134077
 2 99.55307262569835
 13 101.5642458100559
 32 103.5754189944134
 46 105.586592178771
 17 107.5977653631285
 109 109.608938547486
 138 111.6201117318436
 165 113.6312849162011
 5 115.6424581005587
 217 117.6536312849162
 187 119.6648044692737
 105 121.6759776536313
 217 123.6871508379888
 181 125.6983240223464
 95 127.7094972067039
 174 129.7206703910614
 227 131.731843575419
 3 133.7430167597765
 117 135.7541899441341
 193 137.7653631284916
 117 139.7765363128492
 159 141.7877094972067
 503 143.7988826815642
 151 145.8100558659218
 235 147.8212290502793
 50 149.8324022346369
 197 151.8435754189944
 82 153.854748603352
 515 155.8659217877095
 70 157.8770949720671
 138 159.8882681564246
 82 161.8994413407821
 70 163.9106145251397
 17 165.9217877094972
 147 167.9329608938548
 225 169.9441340782123
 386 171.9553072625699
 1 173.9664804469274
 170 175.9776536312849
 9 177.9888268156425
 0 180


