# Created by Octave 3.8.2, Mon Jun 22 01:04:08 2020 CEST <damian@fptrucha.inv.usc.es>
# name: hd
# type: matrix
# rows: 180
# columns: 2
 5 -180
 148 -177.9888268156425
 4 -175.9776536312849
 378 -173.9664804469274
 238 -171.9553072625698
 167 -169.9441340782123
 24 -167.9329608938548
 35 -165.9217877094972
 55 -163.9106145251397
 156 -161.8994413407821
 45 -159.8882681564246
 685 -157.877094972067
 73 -155.8659217877095
 122 -153.854748603352
 30 -151.8435754189944
 78 -149.8324022346369
 220 -147.8212290502793
 668 -145.8100558659218
 145 -143.7988826815642
 81 -141.7877094972067
 170 -139.7765363128491
 96 -137.7653631284916
 3 -135.7541899441341
 158 -133.7430167597765
 171 -131.731843575419
 64 -129.7206703910614
 172 -127.7094972067039
 221 -125.6983240223464
 118 -123.6871508379888
 172 -121.6759776536313
 187 -119.6648044692737
 4 -117.6536312849162
 106 -115.6424581005587
 108 -113.6312849162011
 121 -111.6201117318436
 9 -109.608938547486
 27 -107.5977653631285
 21 -105.5865921787709
 9 -103.5754189944134
 1 -101.5642458100559
 1 -99.55307262569832
 2 -97.54189944134077
 0 -95.53072625698323
 3 -93.5195530726257
 8184 -91.50837988826815
 11 -89.49720670391061
 2 -87.48603351955308
 0 -85.47486033519553
 0 -83.46368715083798
 1 -81.45251396648044
 4 -79.44134078212289
 3 -77.43016759776536
 41 -75.41899441340782
 24 -73.40782122905027
 54 -71.39664804469274
 108 -69.38547486033519
 78 -67.37430167597765
 88 -65.3631284916201
 49 -63.35195530726256
 270 -61.34078212290503
 122 -59.32960893854748
 229 -57.31843575418993
 96 -55.3072625698324
 80 -53.29608938547486
 245 -51.28491620111731
 56 -49.27374301675977
 104 -47.26256983240222
 1 -45.25139664804468
 281 -43.24022346368713
 2 -41.22905027932961
 168 -39.21787709497207
 308 -37.20670391061452
 446 -35.19553072625698
 91 -33.18435754189943
 56 -31.17318435754188
 169 -29.16201117318434
 10 -27.15083798882682
 48 -25.13966480446928
 631 -23.12849162011173
 148 -21.11731843575419
 34 -19.10614525139664
 10 -17.09497206703909
 34 -15.08379888268155
 187 -13.072625698324
 10 -11.06145251396646
 567 -9.050279329608941
 3 -7.039106145251395
 144 -5.02793296089385
 23 -3.016759776536304
 3 -1.005586592178759
 26 1.005586592178787
 114 3.016759776536333
 0 5.02793296089385
 510 7.039106145251395
 9 9.050279329608941
 136 11.06145251396649
 53 13.07262569832403
 15 15.08379888268158
 56 17.09497206703912
 104 19.10614525139667
 521 21.11731843575421
 72 23.12849162011173
 93 25.13966480446928
 127 27.15083798882682
 54 29.16201117318437
 214 31.17318435754191
 359 33.18435754189946
 236 35.195530726257
 151 37.20670391061452
 39 39.21787709497207
 306 41.22905027932961
 2 43.24022346368716
 127 45.2513966480447
 52 47.26256983240225
 215 49.27374301675979
 80 51.28491620111734
 174 53.29608938547489
 77 55.3072625698324
 128 57.31843575418995
 275 59.32960893854749
 59 61.34078212290504
 132 63.35195530726259
 69 65.36312849162013
 94 67.37430167597768
 48 69.38547486033519
 26 71.39664804469274
 28 73.40782122905028
 7 75.41899441340783
 7 77.43016759776538
 1 79.44134078212289
 0 81.45251396648047
 1 83.46368715083798
 6 85.47486033519556
 11 87.48603351955308
 7807 89.49720670391065
 4 91.50837988826817
 1 93.51955307262574
 2 95.53072625698326
 1 97.54189944134077
 5 99.55307262569835
 12 101.5642458100559
 18 103.5754189944134
 35 105.586592178771
 19 107.5977653631285
 105 109.608938547486
 119 111.6201117318436
 141 113.6312849162011
 2 115.6424581005587
 208 117.6536312849162
 163 119.6648044692737
 86 121.6759776536313
 180 123.6871508379888
 185 125.6983240223464
 85 127.7094972067039
 183 129.7206703910614
 191 131.731843575419
 1 133.7430167597765
 116 135.7541899441341
 159 137.7653631284916
 102 139.7765363128492
 135 141.7877094972067
 480 143.7988826815642
 137 145.8100558659218
 237 147.8212290502793
 50 149.8324022346369
 158 151.8435754189944
 59 153.854748603352
 506 155.8659217877095
 43 157.8770949720671
 131 159.8882681564246
 68 161.8994413407821
 66 163.9106145251397
 17 165.9217877094972
 128 167.9329608938548
 208 169.9441340782123
 322 171.9553072625699
 5 173.9664804469274
 149 175.9776536312849
 1 177.9888268156425
 0 180


