# Created by Octave 3.8.2, Mon Jun 22 09:08:55 2020 CEST <damian@fptrucha.inv.usc.es>
# name: hd
# type: matrix
# rows: 180
# columns: 2
 4 -180
 165 -177.9888268156425
 4 -175.9776536312849
 333 -173.9664804469274
 223 -171.9553072625698
 140 -169.9441340782123
 34 -167.9329608938548
 51 -165.9217877094972
 72 -163.9106145251397
 125 -161.8994413407821
 40 -159.8882681564246
 551 -157.877094972067
 78 -155.8659217877095
 157 -153.854748603352
 49 -151.8435754189944
 89 -149.8324022346369
 218 -147.8212290502793
 537 -145.8100558659218
 102 -143.7988826815642
 71 -141.7877094972067
 205 -139.7765363128491
 120 -137.7653631284916
 3 -135.7541899441341
 159 -133.7430167597765
 157 -131.731843575419
 80 -129.7206703910614
 177 -127.7094972067039
 200 -125.6983240223464
 82 -123.6871508379888
 188 -121.6759776536313
 188 -119.6648044692737
 5 -117.6536312849162
 121 -115.6424581005587
 100 -113.6312849162011
 112 -111.6201117318436
 24 -109.608938547486
 46 -107.5977653631285
 23 -105.5865921787709
 9 -103.5754189944134
 6 -101.5642458100559
 0 -99.55307262569832
 1 -97.54189944134077
 5 -95.53072625698323
 9 -93.5195530726257
 7633 -91.50837988826815
 13 -89.49720670391061
 2 -87.48603351955308
 2 -85.47486033519553
 1 -83.46368715083798
 2 -81.45251396648044
 10 -79.44134078212289
 7 -77.43016759776536
 56 -75.41899441340782
 33 -73.40782122905027
 42 -71.39664804469274
 98 -69.38547486033519
 73 -67.37430167597765
 122 -65.3631284916201
 49 -63.35195530726256
 231 -61.34078212290503
 130 -59.32960893854748
 198 -57.31843575418993
 93 -55.3072625698324
 68 -53.29608938547486
 221 -51.28491620111731
 55 -49.27374301675977
 101 -47.26256983240222
 1 -45.25139664804468
 316 -43.24022346368713
 3 -41.22905027932961
 160 -39.21787709497207
 268 -37.20670391061452
 408 -35.19553072625698
 117 -33.18435754189943
 65 -31.17318435754188
 160 -29.16201117318434
 8 -27.15083798882682
 64 -25.13966480446928
 541 -23.12849162011173
 135 -21.11731843575419
 65 -19.10614525139664
 18 -17.09497206703909
 49 -15.08379888268155
 150 -13.072625698324
 9 -11.06145251396646
 563 -9.050279329608941
 7 -7.039106145251395
 128 -5.02793296089385
 21 -3.016759776536304
 2 -1.005586592178759
 19 1.005586592178787
 123 3.016759776536333
 3 5.02793296089385
 541 7.039106145251395
 12 9.050279329608941
 132 11.06145251396649
 32 13.07262569832403
 13 15.08379888268158
 41 17.09497206703912
 134 19.10614525139667
 521 21.11731843575421
 52 23.12849162011173
 81 25.13966480446928
 100 27.15083798882682
 65 29.16201117318437
 182 31.17318435754191
 323 33.18435754189946
 233 35.195530726257
 172 37.20670391061452
 42 39.21787709497207
 282 41.22905027932961
 2 43.24022346368716
 112 45.2513966480447
 54 47.26256983240225
 209 49.27374301675979
 81 51.28491620111734
 196 53.29608938547489
 79 55.3072625698324
 136 57.31843575418995
 259 59.32960893854749
 60 61.34078212290504
 111 63.35195530726259
 75 65.36312849162013
 107 67.37430167597768
 44 69.38547486033519
 23 71.39664804469274
 60 73.40782122905028
 11 75.41899441340783
 8 77.43016759776538
 3 79.44134078212289
 1 81.45251396648047
 5 83.46368715083798
 4 85.47486033519556
 15 87.48603351955308
 7358 89.49720670391065
 9 91.50837988826817
 3 93.51955307262574
 0 95.53072625698326
 1 97.54189944134077
 4 99.55307262569835
 14 101.5642458100559
 18 103.5754189944134
 47 105.586592178771
 27 107.5977653631285
 93 109.608938547486
 120 111.6201117318436
 122 113.6312849162011
 5 115.6424581005587
 217 117.6536312849162
 168 119.6648044692737
 94 121.6759776536313
 166 123.6871508379888
 169 125.6983240223464
 74 127.7094972067039
 154 129.7206703910614
 185 131.731843575419
 4 133.7430167597765
 135 135.7541899441341
 183 137.7653631284916
 86 139.7765363128492
 121 141.7877094972067
 490 143.7988826815642
 116 145.8100558659218
 214 147.8212290502793
 53 149.8324022346369
 149 151.8435754189944
 77 153.854748603352
 487 155.8659217877095
 42 157.8770949720671
 131 159.8882681564246
 70 161.8994413407821
 58 163.9106145251397
 30 165.9217877094972
 153 167.9329608938548
 192 169.9441340782123
 311 171.9553072625699
 8 173.9664804469274
 190 175.9776536312849
 5 177.9888268156425
 0 180


