# Created by Octave 3.8.2, Mon Jun 22 10:46:26 2020 CEST <damian@fptrucha.inv.usc.es>
# name: hd
# type: matrix
# rows: 180
# columns: 2
 4 -180
 170 -177.9888268156425
 4 -175.9776536312849
 380 -173.9664804469274
 247 -171.9553072625698
 152 -169.9441340782123
 33 -167.9329608938548
 38 -165.9217877094972
 73 -163.9106145251397
 164 -161.8994413407821
 45 -159.8882681564246
 536 -157.877094972067
 65 -155.8659217877095
 135 -153.854748603352
 39 -151.8435754189944
 62 -149.8324022346369
 198 -147.8212290502793
 560 -145.8100558659218
 124 -143.7988826815642
 88 -141.7877094972067
 196 -139.7765363128491
 127 -137.7653631284916
 1 -135.7541899441341
 154 -133.7430167597765
 203 -131.731843575419
 73 -129.7206703910614
 165 -127.7094972067039
 213 -125.6983240223464
 98 -123.6871508379888
 171 -121.6759776536313
 190 -119.6648044692737
 3 -117.6536312849162
 135 -115.6424581005587
 117 -113.6312849162011
 146 -111.6201117318436
 16 -109.608938547486
 38 -107.5977653631285
 18 -105.5865921787709
 20 -103.5754189944134
 4 -101.5642458100559
 0 -99.55307262569832
 1 -97.54189944134077
 1 -95.53072625698323
 9 -93.5195530726257
 7835 -91.50837988826815
 20 -89.49720670391061
 4 -87.48603351955308
 1 -85.47486033519553
 2 -83.46368715083798
 3 -81.45251396648044
 5 -79.44134078212289
 5 -77.43016759776536
 53 -75.41899441340782
 32 -73.40782122905027
 52 -71.39664804469274
 115 -69.38547486033519
 93 -67.37430167597765
 115 -65.3631284916201
 46 -63.35195530726256
 226 -61.34078212290503
 138 -59.32960893854748
 199 -57.31843575418993
 100 -55.3072625698324
 93 -53.29608938547486
 216 -51.28491620111731
 50 -49.27374301675977
 127 -47.26256983240222
 0 -45.25139664804468
 300 -43.24022346368713
 3 -41.22905027932961
 167 -39.21787709497207
 276 -37.20670391061452
 455 -35.19553072625698
 121 -33.18435754189943
 66 -31.17318435754188
 158 -29.16201117318434
 14 -27.15083798882682
 59 -25.13966480446928
 604 -23.12849162011173
 151 -21.11731843575419
 57 -19.10614525139664
 17 -17.09497206703909
 37 -15.08379888268155
 161 -13.072625698324
 6 -11.06145251396646
 571 -9.050279329608941
 2 -7.039106145251395
 127 -5.02793296089385
 25 -3.016759776536304
 1 -1.005586592178759
 20 1.005586592178787
 123 3.016759776536333
 7 5.02793296089385
 542 7.039106145251395
 6 9.050279329608941
 160 11.06145251396649
 48 13.07262569832403
 20 15.08379888268158
 50 17.09497206703912
 127 19.10614525139667
 575 21.11731843575421
 72 23.12849162011173
 70 25.13966480446928
 113 27.15083798882682
 53 29.16201117318437
 211 31.17318435754191
 313 33.18435754189946
 225 35.195530726257
 152 37.20670391061452
 50 39.21787709497207
 293 41.22905027932961
 1 43.24022346368716
 119 45.2513966480447
 72 47.26256983240225
 208 49.27374301675979
 78 51.28491620111734
 204 53.29608938547489
 70 55.3072625698324
 146 57.31843575418995
 258 59.32960893854749
 65 61.34078212290504
 116 63.35195530726259
 72 65.36312849162013
 110 67.37430167597768
 43 69.38547486033519
 38 71.39664804469274
 59 73.40782122905028
 12 75.41899441340783
 5 77.43016759776538
 2 79.44134078212289
 0 81.45251396648047
 3 83.46368715083798
 8 85.47486033519556
 8 87.48603351955308
 7594 89.49720670391065
 12 91.50837988826817
 2 93.51955307262574
 3 95.53072625698326
 0 97.54189944134077
 4 99.55307262569835
 19 101.5642458100559
 28 103.5754189944134
 50 105.586592178771
 21 107.5977653631285
 124 109.608938547486
 110 111.6201117318436
 119 113.6312849162011
 3 115.6424581005587
 205 117.6536312849162
 189 119.6648044692737
 82 121.6759776536313
 169 123.6871508379888
 168 125.6983240223464
 88 127.7094972067039
 174 129.7206703910614
 180 131.731843575419
 1 133.7430167597765
 107 135.7541899441341
 190 137.7653631284916
 82 139.7765363128492
 128 141.7877094972067
 507 143.7988826815642
 103 145.8100558659218
 204 147.8212290502793
 56 149.8324022346369
 158 151.8435754189944
 70 153.854748603352
 481 155.8659217877095
 53 157.8770949720671
 139 159.8882681564246
 74 161.8994413407821
 44 163.9106145251397
 21 165.9217877094972
 149 167.9329608938548
 242 169.9441340782123
 316 171.9553072625699
 3 173.9664804469274
 165 175.9776536312849
 6 177.9888268156425
 0 180


