# Created by Octave 3.8.2, Mon Jun 22 02:50:02 2020 CEST <damian@fptrucha.inv.usc.es>
# name: hd
# type: matrix
# rows: 180
# columns: 2
 3 -180
 161 -177.9888268156425
 3 -175.9776536312849
 353 -173.9664804469274
 251 -171.9553072625698
 130 -169.9441340782123
 39 -167.9329608938548
 36 -165.9217877094972
 56 -163.9106145251397
 151 -161.8994413407821
 46 -159.8882681564246
 473 -157.877094972067
 71 -155.8659217877095
 128 -153.854748603352
 36 -151.8435754189944
 75 -149.8324022346369
 219 -147.8212290502793
 547 -145.8100558659218
 128 -143.7988826815642
 93 -141.7877094972067
 148 -139.7765363128491
 106 -137.7653631284916
 5 -135.7541899441341
 148 -133.7430167597765
 167 -131.731843575419
 84 -129.7206703910614
 155 -127.7094972067039
 192 -125.6983240223464
 98 -123.6871508379888
 146 -121.6759776536313
 188 -119.6648044692737
 6 -117.6536312849162
 108 -115.6424581005587
 90 -113.6312849162011
 108 -111.6201117318436
 17 -109.608938547486
 42 -107.5977653631285
 29 -105.5865921787709
 20 -103.5754189944134
 8 -101.5642458100559
 1 -99.55307262569832
 2 -97.54189944134077
 2 -95.53072625698323
 7 -93.5195530726257
 7366 -91.50837988826815
 12 -89.49720670391061
 3 -87.48603351955308
 2 -85.47486033519553
 1 -83.46368715083798
 4 -81.45251396648044
 7 -79.44134078212289
 11 -77.43016759776536
 49 -75.41899441340782
 45 -73.40782122905027
 60 -71.39664804469274
 90 -69.38547486033519
 66 -67.37430167597765
 105 -65.3631284916201
 56 -63.35195530726256
 228 -61.34078212290503
 124 -59.32960893854748
 187 -57.31843575418993
 87 -55.3072625698324
 65 -53.29608938547486
 203 -51.28491620111731
 53 -49.27374301675977
 119 -47.26256983240222
 4 -45.25139664804468
 288 -43.24022346368713
 4 -41.22905027932961
 149 -39.21787709497207
 250 -37.20670391061452
 380 -35.19553072625698
 125 -33.18435754189943
 57 -31.17318435754188
 140 -29.16201117318434
 9 -27.15083798882682
 76 -25.13966480446928
 549 -23.12849162011173
 161 -21.11731843575419
 52 -19.10614525139664
 9 -17.09497206703909
 50 -15.08379888268155
 144 -13.072625698324
 8 -11.06145251396646
 565 -9.050279329608941
 2 -7.039106145251395
 116 -5.02793296089385
 25 -3.016759776536304
 3 -1.005586592178759
 29 1.005586592178787
 106 3.016759776536333
 4 5.02793296089385
 500 7.039106145251395
 6 9.050279329608941
 137 11.06145251396649
 50 13.07262569832403
 17 15.08379888268158
 61 17.09497206703912
 127 19.10614525139667
 496 21.11731843575421
 70 23.12849162011173
 74 25.13966480446928
 115 27.15083798882682
 64 29.16201117318437
 182 31.17318435754191
 294 33.18435754189946
 189 35.195530726257
 154 37.20670391061452
 38 39.21787709497207
 250 41.22905027932961
 1 43.24022346368716
 104 45.2513966480447
 59 47.26256983240225
 214 49.27374301675979
 89 51.28491620111734
 176 53.29608938547489
 84 55.3072625698324
 133 57.31843575418995
 241 59.32960893854749
 63 61.34078212290504
 124 63.35195530726259
 77 65.36312849162013
 118 67.37430167597768
 53 69.38547486033519
 26 71.39664804469274
 47 73.40782122905028
 12 75.41899441340783
 5 77.43016759776538
 4 79.44134078212289
 2 81.45251396648047
 2 83.46368715083798
 9 85.47486033519556
 8 87.48603351955308
 7160 89.49720670391065
 7 91.50837988826817
 8 93.51955307262574
 2 95.53072625698326
 1 97.54189944134077
 4 99.55307262569835
 24 101.5642458100559
 21 103.5754189944134
 35 105.586592178771
 23 107.5977653631285
 117 109.608938547486
 130 111.6201117318436
 123 113.6312849162011
 6 115.6424581005587
 191 117.6536312849162
 168 119.6648044692737
 82 121.6759776536313
 173 123.6871508379888
 181 125.6983240223464
 72 127.7094972067039
 170 129.7206703910614
 167 131.731843575419
 1 133.7430167597765
 112 135.7541899441341
 171 137.7653631284916
 80 139.7765363128492
 132 141.7877094972067
 473 143.7988826815642
 111 145.8100558659218
 192 147.8212290502793
 44 149.8324022346369
 153 151.8435754189944
 44 153.854748603352
 469 155.8659217877095
 49 157.8770949720671
 134 159.8882681564246
 89 161.8994413407821
 45 163.9106145251397
 24 165.9217877094972
 130 167.9329608938548
 193 169.9441340782123
 322 171.9553072625699
 6 173.9664804469274
 177 175.9776536312849
 3 177.9888268156425
 0 180


