# Created by Octave 3.8.2, Mon Jun 22 05:55:23 2020 CEST <damian@fptrucha.inv.usc.es>
# name: hd
# type: matrix
# rows: 180
# columns: 2
 6 -180
 144 -177.9888268156425
 3 -175.9776536312849
 361 -173.9664804469274
 209 -171.9553072625698
 130 -169.9441340782123
 27 -167.9329608938548
 34 -165.9217877094972
 79 -163.9106145251397
 156 -161.8994413407821
 43 -159.8882681564246
 537 -157.877094972067
 57 -155.8659217877095
 141 -153.854748603352
 42 -151.8435754189944
 75 -149.8324022346369
 209 -147.8212290502793
 527 -145.8100558659218
 128 -143.7988826815642
 95 -141.7877094972067
 157 -139.7765363128491
 111 -137.7653631284916
 5 -135.7541899441341
 154 -133.7430167597765
 139 -131.731843575419
 65 -129.7206703910614
 192 -127.7094972067039
 184 -125.6983240223464
 112 -123.6871508379888
 166 -121.6759776536313
 207 -119.6648044692737
 7 -117.6536312849162
 118 -115.6424581005587
 105 -113.6312849162011
 118 -111.6201117318436
 20 -109.608938547486
 41 -107.5977653631285
 30 -105.5865921787709
 18 -103.5754189944134
 1 -101.5642458100559
 3 -99.55307262569832
 5 -97.54189944134077
 4 -95.53072625698323
 9 -93.5195530726257
 7346 -91.50837988826815
 20 -89.49720670391061
 7 -87.48603351955308
 3 -85.47486033519553
 1 -83.46368715083798
 2 -81.45251396648044
 13 -79.44134078212289
 5 -77.43016759776536
 49 -75.41899441340782
 24 -73.40782122905027
 51 -71.39664804469274
 85 -69.38547486033519
 74 -67.37430167597765
 108 -65.3631284916201
 49 -63.35195530726256
 242 -61.34078212290503
 133 -59.32960893854748
 204 -57.31843575418993
 91 -55.3072625698324
 57 -53.29608938547486
 210 -51.28491620111731
 41 -49.27374301675977
 129 -47.26256983240222
 3 -45.25139664804468
 285 -43.24022346368713
 6 -41.22905027932961
 183 -39.21787709497207
 289 -37.20670391061452
 391 -35.19553072625698
 104 -33.18435754189943
 55 -31.17318435754188
 147 -29.16201117318434
 7 -27.15083798882682
 71 -25.13966480446928
 485 -23.12849162011173
 110 -21.11731843575419
 48 -19.10614525139664
 17 -17.09497206703909
 42 -15.08379888268155
 141 -13.072625698324
 14 -11.06145251396646
 551 -9.050279329608941
 0 -7.039106145251395
 126 -5.02793296089385
 26 -3.016759776536304
 5 -1.005586592178759
 23 1.005586592178787
 132 3.016759776536333
 5 5.02793296089385
 488 7.039106145251395
 7 9.050279329608941
 136 11.06145251396649
 32 13.07262569832403
 8 15.08379888268158
 43 17.09497206703912
 103 19.10614525139667
 505 21.11731843575421
 56 23.12849162011173
 70 25.13966480446928
 87 27.15083798882682
 55 29.16201117318437
 195 31.17318435754191
 303 33.18435754189946
 237 35.195530726257
 127 37.20670391061452
 43 39.21787709497207
 266 41.22905027932961
 3 43.24022346368716
 112 45.2513966480447
 50 47.26256983240225
 225 49.27374301675979
 93 51.28491620111734
 175 53.29608938547489
 91 55.3072625698324
 138 57.31843575418995
 245 59.32960893854749
 54 61.34078212290504
 110 63.35195530726259
 83 65.36312849162013
 102 67.37430167597768
 45 69.38547486033519
 33 71.39664804469274
 49 73.40782122905028
 7 75.41899441340783
 9 77.43016759776538
 4 79.44134078212289
 0 81.45251396648047
 1 83.46368715083798
 9 85.47486033519556
 22 87.48603351955308
 7106 89.49720670391065
 7 91.50837988826817
 5 93.51955307262574
 3 95.53072625698326
 1 97.54189944134077
 3 99.55307262569835
 12 101.5642458100559
 16 103.5754189944134
 41 105.586592178771
 16 107.5977653631285
 111 109.608938547486
 102 111.6201117318436
 118 113.6312849162011
 7 115.6424581005587
 196 117.6536312849162
 172 119.6648044692737
 90 121.6759776536313
 169 123.6871508379888
 173 125.6983240223464
 88 127.7094972067039
 149 129.7206703910614
 188 131.731843575419
 3 133.7430167597765
 98 135.7541899441341
 159 137.7653631284916
 85 139.7765363128492
 125 141.7877094972067
 442 143.7988826815642
 89 145.8100558659218
 183 147.8212290502793
 51 149.8324022346369
 139 151.8435754189944
 57 153.854748603352
 469 155.8659217877095
 46 157.8770949720671
 133 159.8882681564246
 63 161.8994413407821
 45 163.9106145251397
 24 165.9217877094972
 111 167.9329608938548
 221 169.9441340782123
 329 171.9553072625699
 7 173.9664804469274
 152 175.9776536312849
 7 177.9888268156425
 0 180


