# Created by Octave 3.8.2, Sun Jun 21 03:41:52 2020 CEST <damian@fptrucha.inv.usc.es>
# name: hd
# type: matrix
# rows: 180
# columns: 2
 1 -180
 102 -177.9888268156425
 0 -175.9776536312849
 245 -173.9664804469274
 179 -171.9553072625698
 109 -169.9441340782123
 25 -167.9329608938548
 24 -165.9217877094972
 31 -163.9106145251397
 97 -161.8994413407821
 23 -159.8882681564246
 387 -157.877094972067
 37 -155.8659217877095
 74 -153.854748603352
 18 -151.8435754189944
 36 -149.8324022346369
 129 -147.8212290502793
 410 -145.8100558659218
 81 -143.7988826815642
 46 -141.7877094972067
 105 -139.7765363128491
 66 -137.7653631284916
 1 -135.7541899441341
 96 -133.7430167597765
 117 -131.731843575419
 61 -129.7206703910614
 136 -127.7094972067039
 142 -125.6983240223464
 67 -123.6871508379888
 126 -121.6759776536313
 113 -119.6648044692737
 1 -117.6536312849162
 74 -115.6424581005587
 73 -113.6312849162011
 70 -111.6201117318436
 8 -109.608938547486
 24 -107.5977653631285
 16 -105.5865921787709
 6 -103.5754189944134
 0 -101.5642458100559
 0 -99.55307262569832
 0 -97.54189944134077
 2 -95.53072625698323
 5 -93.5195530726257
 5236 -91.50837988826815
 5 -89.49720670391061
 3 -87.48603351955308
 0 -85.47486033519553
 1 -83.46368715083798
 1 -81.45251396648044
 5 -79.44134078212289
 1 -77.43016759776536
 28 -75.41899441340782
 16 -73.40782122905027
 38 -71.39664804469274
 81 -69.38547486033519
 38 -67.37430167597765
 90 -65.3631284916201
 36 -63.35195530726256
 167 -61.34078212290503
 80 -59.32960893854748
 142 -57.31843575418993
 55 -55.3072625698324
 54 -53.29608938547486
 138 -51.28491620111731
 37 -49.27374301675977
 54 -47.26256983240222
 1 -45.25139664804468
 176 -43.24022346368713
 0 -41.22905027932961
 92 -39.21787709497207
 200 -37.20670391061452
 294 -35.19553072625698
 75 -33.18435754189943
 30 -31.17318435754188
 83 -29.16201117318434
 8 -27.15083798882682
 29 -25.13966480446928
 414 -23.12849162011173
 118 -21.11731843575419
 37 -19.10614525139664
 7 -17.09497206703909
 19 -15.08379888268155
 115 -13.072625698324
 6 -11.06145251396646
 352 -9.050279329608941
 0 -7.039106145251395
 91 -5.02793296089385
 17 -3.016759776536304
 0 -1.005586592178759
 9 1.005586592178787
 91 3.016759776536333
 1 5.02793296089385
 318 7.039106145251395
 1 9.050279329608941
 78 11.06145251396649
 29 13.07262569832403
 9 15.08379888268158
 54 17.09497206703912
 73 19.10614525139667
 354 21.11731843575421
 39 23.12849162011173
 68 25.13966480446928
 57 27.15083798882682
 49 29.16201117318437
 123 31.17318435754191
 218 33.18435754189946
 143 35.195530726257
 128 37.20670391061452
 27 39.21787709497207
 175 41.22905027932961
 2 43.24022346368716
 74 45.2513966480447
 41 47.26256983240225
 132 49.27374301675979
 64 51.28491620111734
 127 53.29608938547489
 42 55.3072625698324
 75 57.31843575418995
 162 59.32960893854749
 41 61.34078212290504
 81 63.35195530726259
 49 65.36312849162013
 61 67.37430167597768
 30 69.38547486033519
 24 71.39664804469274
 25 73.40782122905028
 2 75.41899441340783
 4 77.43016759776538
 0 79.44134078212289
 0 81.45251396648047
 2 83.46368715083798
 0 85.47486033519556
 5 87.48603351955308
 5007 89.49720670391065
 1 91.50837988826817
 4 93.51955307262574
 1 95.53072625698326
 1 97.54189944134077
 4 99.55307262569835
 6 101.5642458100559
 12 103.5754189944134
 22 105.586592178771
 10 107.5977653631285
 60 109.608938547486
 70 111.6201117318436
 78 113.6312849162011
 2 115.6424581005587
 134 117.6536312849162
 124 119.6648044692737
 59 121.6759776536313
 124 123.6871508379888
 122 125.6983240223464
 50 127.7094972067039
 115 129.7206703910614
 131 131.731843575419
 1 133.7430167597765
 72 135.7541899441341
 118 137.7653631284916
 65 139.7765363128492
 79 141.7877094972067
 316 143.7988826815642
 88 145.8100558659218
 121 147.8212290502793
 20 149.8324022346369
 106 151.8435754189944
 41 153.854748603352
 311 155.8659217877095
 29 157.8770949720671
 86 159.8882681564246
 50 161.8994413407821
 30 163.9106145251397
 4 165.9217877094972
 72 167.9329608938548
 139 169.9441340782123
 211 171.9553072625699
 4 173.9664804469274
 89 175.9776536312849
 2 177.9888268156425
 0 180


