# Created by Octave 3.8.2, Sat Jun 20 11:17:57 2020 CEST <damian@fptrucha.inv.usc.es>
# name: hd
# type: matrix
# rows: 180
# columns: 2
 6 -180
 187 -177.9888268156425
 2 -175.9776536312849
 409 -173.9664804469274
 235 -171.9553072625698
 168 -169.9441340782123
 30 -167.9329608938548
 41 -165.9217877094972
 58 -163.9106145251397
 198 -161.8994413407821
 56 -159.8882681564246
 678 -157.877094972067
 69 -155.8659217877095
 143 -153.854748603352
 58 -151.8435754189944
 85 -149.8324022346369
 223 -147.8212290502793
 712 -145.8100558659218
 129 -143.7988826815642
 95 -141.7877094972067
 176 -139.7765363128491
 111 -137.7653631284916
 2 -135.7541899441341
 193 -133.7430167597765
 179 -131.731843575419
 95 -129.7206703910614
 194 -127.7094972067039
 236 -125.6983240223464
 116 -123.6871508379888
 223 -121.6759776536313
 209 -119.6648044692737
 2 -117.6536312849162
 81 -115.6424581005587
 133 -113.6312849162011
 149 -111.6201117318436
 15 -109.608938547486
 32 -107.5977653631285
 23 -105.5865921787709
 7 -103.5754189944134
 1 -101.5642458100559
 0 -99.55307262569832
 3 -97.54189944134077
 2 -95.53072625698323
 4 -93.5195530726257
 8899 -91.50837988826815
 13 -89.49720670391061
 0 -87.48603351955308
 0 -85.47486033519553
 0 -83.46368715083798
 4 -81.45251396648044
 7 -79.44134078212289
 7 -77.43016759776536
 40 -75.41899441340782
 32 -73.40782122905027
 65 -71.39664804469274
 132 -69.38547486033519
 82 -67.37430167597765
 106 -65.3631284916201
 56 -63.35195530726256
 290 -61.34078212290503
 159 -59.32960893854748
 249 -57.31843575418993
 103 -55.3072625698324
 90 -53.29608938547486
 250 -51.28491620111731
 53 -49.27374301675977
 113 -47.26256983240222
 0 -45.25139664804468
 298 -43.24022346368713
 1 -41.22905027932961
 155 -39.21787709497207
 310 -37.20670391061452
 504 -35.19553072625698
 119 -33.18435754189943
 72 -31.17318435754188
 162 -29.16201117318434
 12 -27.15083798882682
 71 -25.13966480446928
 661 -23.12849162011173
 160 -21.11731843575419
 49 -19.10614525139664
 17 -17.09497206703909
 35 -15.08379888268155
 173 -13.072625698324
 10 -11.06145251396646
 585 -9.050279329608941
 2 -7.039106145251395
 106 -5.02793296089385
 21 -3.016759776536304
 4 -1.005586592178759
 31 1.005586592178787
 130 3.016759776536333
 4 5.02793296089385
 548 7.039106145251395
 13 9.050279329608941
 136 11.06145251396649
 57 13.07262569832403
 9 15.08379888268158
 71 17.09497206703912
 118 19.10614525139667
 586 21.11731843575421
 67 23.12849162011173
 98 25.13966480446928
 105 27.15083798882682
 76 29.16201117318437
 262 31.17318435754191
 370 33.18435754189946
 255 35.195530726257
 184 37.20670391061452
 38 39.21787709497207
 300 41.22905027932961
 2 43.24022346368716
 143 45.2513966480447
 71 47.26256983240225
 245 49.27374301675979
 100 51.28491620111734
 217 53.29608938547489
 87 55.3072625698324
 155 57.31843575418995
 298 59.32960893854749
 77 61.34078212290504
 139 63.35195530726259
 91 65.36312849162013
 123 67.37430167597768
 47 69.38547486033519
 42 71.39664804469274
 54 73.40782122905028
 3 75.41899441340783
 6 77.43016759776538
 2 79.44134078212289
 1 81.45251396648047
 1 83.46368715083798
 5 85.47486033519556
 11 87.48603351955308
 8466 89.49720670391065
 7 91.50837988826817
 3 93.51955307262574
 0 95.53072625698326
 2 97.54189944134077
 3 99.55307262569835
 20 101.5642458100559
 30 103.5754189944134
 42 105.586592178771
 14 107.5977653631285
 122 109.608938547486
 125 111.6201117318436
 136 113.6312849162011
 4 115.6424581005587
 243 117.6536312849162
 219 119.6648044692737
 92 121.6759776536313
 201 123.6871508379888
 211 125.6983240223464
 80 127.7094972067039
 223 129.7206703910614
 209 131.731843575419
 3 133.7430167597765
 135 135.7541899441341
 177 137.7653631284916
 120 139.7765363128492
 155 141.7877094972067
 540 143.7988826815642
 145 145.8100558659218
 262 147.8212290502793
 52 149.8324022346369
 189 151.8435754189944
 62 153.854748603352
 492 155.8659217877095
 50 157.8770949720671
 149 159.8882681564246
 70 161.8994413407821
 53 163.9106145251397
 11 165.9217877094972
 139 167.9329608938548
 263 169.9441340782123
 370 171.9553072625699
 6 173.9664804469274
 176 175.9776536312849
 4 177.9888268156425
 0 180


