# Created by Octave 3.8.2, Sat Jun 20 05:08:59 2020 CEST <damian@fptrucha.inv.usc.es>
# name: hd
# type: matrix
# rows: 180
# columns: 2
 2 -180
 167 -177.9888268156425
 0 -175.9776536312849
 421 -173.9664804469274
 247 -171.9553072625698
 180 -169.9441340782123
 45 -167.9329608938548
 45 -165.9217877094972
 52 -163.9106145251397
 181 -161.8994413407821
 51 -159.8882681564246
 658 -157.877094972067
 74 -155.8659217877095
 142 -153.854748603352
 47 -151.8435754189944
 65 -149.8324022346369
 257 -147.8212290502793
 718 -145.8100558659218
 136 -143.7988826815642
 102 -141.7877094972067
 199 -139.7765363128491
 136 -137.7653631284916
 1 -135.7541899441341
 200 -133.7430167597765
 183 -131.731843575419
 91 -129.7206703910614
 175 -127.7094972067039
 258 -125.6983240223464
 125 -123.6871508379888
 216 -121.6759776536313
 197 -119.6648044692737
 2 -117.6536312849162
 122 -115.6424581005587
 163 -113.6312849162011
 174 -111.6201117318436
 18 -109.608938547486
 40 -107.5977653631285
 34 -105.5865921787709
 12 -103.5754189944134
 2 -101.5642458100559
 1 -99.55307262569832
 2 -97.54189944134077
 4 -95.53072625698323
 6 -93.5195530726257
 9134 -91.50837988826815
 14 -89.49720670391061
 1 -87.48603351955308
 0 -85.47486033519553
 0 -83.46368715083798
 2 -81.45251396648044
 6 -79.44134078212289
 4 -77.43016759776536
 45 -75.41899441340782
 23 -73.40782122905027
 68 -71.39664804469274
 125 -69.38547486033519
 76 -67.37430167597765
 101 -65.3631284916201
 49 -63.35195530726256
 317 -61.34078212290503
 167 -59.32960893854748
 231 -57.31843575418993
 105 -55.3072625698324
 66 -53.29608938547486
 253 -51.28491620111731
 58 -49.27374301675977
 130 -47.26256983240222
 0 -45.25139664804468
 308 -43.24022346368713
 0 -41.22905027932961
 175 -39.21787709497207
 308 -37.20670391061452
 507 -35.19553072625698
 113 -33.18435754189943
 71 -31.17318435754188
 152 -29.16201117318434
 9 -27.15083798882682
 51 -25.13966480446928
 687 -23.12849162011173
 157 -21.11731843575419
 59 -19.10614525139664
 13 -17.09497206703909
 41 -15.08379888268155
 169 -13.072625698324
 4 -11.06145251396646
 575 -9.050279329608941
 2 -7.039106145251395
 127 -5.02793296089385
 18 -3.016759776536304
 0 -1.005586592178759
 16 1.005586592178787
 120 3.016759776536333
 3 5.02793296089385
 585 7.039106145251395
 3 9.050279329608941
 128 11.06145251396649
 47 13.07262569832403
 4 15.08379888268158
 49 17.09497206703912
 110 19.10614525139667
 567 21.11731843575421
 66 23.12849162011173
 90 25.13966480446928
 115 27.15083798882682
 58 29.16201117318437
 242 31.17318435754191
 356 33.18435754189946
 249 35.195530726257
 180 37.20670391061452
 27 39.21787709497207
 289 41.22905027932961
 0 43.24022346368716
 128 45.2513966480447
 50 47.26256983240225
 228 49.27374301675979
 86 51.28491620111734
 210 53.29608938547489
 80 55.3072625698324
 157 57.31843575418995
 284 59.32960893854749
 60 61.34078212290504
 117 63.35195530726259
 75 65.36312849162013
 101 67.37430167597768
 31 69.38547486033519
 34 71.39664804469274
 31 73.40782122905028
 5 75.41899441340783
 6 77.43016759776538
 1 79.44134078212289
 0 81.45251396648047
 0 83.46368715083798
 1 85.47486033519556
 11 87.48603351955308
 8215 89.49720670391065
 12 91.50837988826817
 4 93.51955307262574
 1 95.53072625698326
 2 97.54189944134077
 5 99.55307262569835
 9 101.5642458100559
 19 103.5754189944134
 42 105.586592178771
 19 107.5977653631285
 96 109.608938547486
 114 111.6201117318436
 114 113.6312849162011
 3 115.6424581005587
 251 117.6536312849162
 187 119.6648044692737
 93 121.6759776536313
 216 123.6871508379888
 186 125.6983240223464
 93 127.7094972067039
 180 129.7206703910614
 170 131.731843575419
 3 133.7430167597765
 124 135.7541899441341
 223 137.7653631284916
 122 139.7765363128492
 174 141.7877094972067
 558 143.7988826815642
 122 145.8100558659218
 235 147.8212290502793
 56 149.8324022346369
 139 151.8435754189944
 66 153.854748603352
 582 155.8659217877095
 51 157.8770949720671
 142 159.8882681564246
 59 161.8994413407821
 51 163.9106145251397
 17 165.9217877094972
 133 167.9329608938548
 284 169.9441340782123
 373 171.9553072625699
 2 173.9664804469274
 169 175.9776536312849
 1 177.9888268156425
 0 180


