# Created by Octave 3.8.2, Sat Jun 20 05:06:01 2020 CEST <damian@fptrucha.inv.usc.es>
# name: hd
# type: matrix
# rows: 180
# columns: 2
 1 -180
 161 -177.9888268156425
 7 -175.9776536312849
 420 -173.9664804469274
 253 -171.9553072625698
 186 -169.9441340782123
 24 -167.9329608938548
 54 -165.9217877094972
 57 -163.9106145251397
 196 -161.8994413407821
 46 -159.8882681564246
 644 -157.877094972067
 49 -155.8659217877095
 143 -153.854748603352
 42 -151.8435754189944
 75 -149.8324022346369
 246 -147.8212290502793
 717 -145.8100558659218
 124 -143.7988826815642
 95 -141.7877094972067
 180 -139.7765363128491
 108 -137.7653631284916
 2 -135.7541899441341
 200 -133.7430167597765
 171 -131.731843575419
 90 -129.7206703910614
 205 -127.7094972067039
 277 -125.6983240223464
 93 -123.6871508379888
 222 -121.6759776536313
 219 -119.6648044692737
 4 -117.6536312849162
 101 -115.6424581005587
 154 -113.6312849162011
 138 -111.6201117318436
 26 -109.608938547486
 58 -107.5977653631285
 31 -105.5865921787709
 12 -103.5754189944134
 4 -101.5642458100559
 1 -99.55307262569832
 2 -97.54189944134077
 1 -95.53072625698323
 5 -93.5195530726257
 9403 -91.50837988826815
 11 -89.49720670391061
 1 -87.48603351955308
 0 -85.47486033519553
 0 -83.46368715083798
 0 -81.45251396648044
 4 -79.44134078212289
 9 -77.43016759776536
 50 -75.41899441340782
 26 -73.40782122905027
 51 -71.39664804469274
 135 -69.38547486033519
 74 -67.37430167597765
 117 -65.3631284916201
 40 -63.35195530726256
 312 -61.34078212290503
 179 -59.32960893854748
 225 -57.31843575418993
 114 -55.3072625698324
 75 -53.29608938547486
 241 -51.28491620111731
 55 -49.27374301675977
 109 -47.26256983240222
 2 -45.25139664804468
 281 -43.24022346368713
 4 -41.22905027932961
 175 -39.21787709497207
 320 -37.20670391061452
 472 -35.19553072625698
 115 -33.18435754189943
 68 -31.17318435754188
 155 -29.16201117318434
 5 -27.15083798882682
 53 -25.13966480446928
 693 -23.12849162011173
 152 -21.11731843575419
 43 -19.10614525139664
 17 -17.09497206703909
 38 -15.08379888268155
 195 -13.072625698324
 10 -11.06145251396646
 587 -9.050279329608941
 1 -7.039106145251395
 143 -5.02793296089385
 17 -3.016759776536304
 2 -1.005586592178759
 18 1.005586592178787
 143 3.016759776536333
 2 5.02793296089385
 592 7.039106145251395
 9 9.050279329608941
 131 11.06145251396649
 47 13.07262569832403
 6 15.08379888268158
 46 17.09497206703912
 122 19.10614525139667
 567 21.11731843575421
 54 23.12849162011173
 96 25.13966480446928
 132 27.15083798882682
 55 29.16201117318437
 246 31.17318435754191
 350 33.18435754189946
 237 35.195530726257
 195 37.20670391061452
 36 39.21787709497207
 295 41.22905027932961
 1 43.24022346368716
 119 45.2513966480447
 70 47.26256983240225
 253 49.27374301675979
 84 51.28491620111734
 248 53.29608938547489
 88 55.3072625698324
 154 57.31843575418995
 262 59.32960893854749
 77 61.34078212290504
 120 63.35195530726259
 65 65.36312849162013
 121 67.37430167597768
 51 69.38547486033519
 37 71.39664804469274
 49 73.40782122905028
 5 75.41899441340783
 6 77.43016759776538
 2 79.44134078212289
 2 81.45251396648047
 1 83.46368715083798
 5 85.47486033519556
 8 87.48603351955308
 8376 89.49720670391065
 6 91.50837988826817
 3 93.51955307262574
 0 95.53072625698326
 1 97.54189944134077
 2 99.55307262569835
 16 101.5642458100559
 28 103.5754189944134
 46 105.586592178771
 21 107.5977653631285
 97 109.608938547486
 126 111.6201117318436
 133 113.6312849162011
 3 115.6424581005587
 193 117.6536312849162
 168 119.6648044692737
 99 121.6759776536313
 191 123.6871508379888
 219 125.6983240223464
 90 127.7094972067039
 168 129.7206703910614
 180 131.731843575419
 1 133.7430167597765
 125 135.7541899441341
 190 137.7653631284916
 102 139.7765363128492
 154 141.7877094972067
 547 143.7988826815642
 144 145.8100558659218
 227 147.8212290502793
 63 149.8324022346369
 146 151.8435754189944
 84 153.854748603352
 516 155.8659217877095
 52 157.8770949720671
 144 159.8882681564246
 75 161.8994413407821
 48 163.9106145251397
 19 165.9217877094972
 148 167.9329608938548
 261 169.9441340782123
 349 171.9553072625699
 3 173.9664804469274
 164 175.9776536312849
 5 177.9888268156425
 0 180


