# Created by Octave 3.8.2, Mon Jun 22 13:55:23 2020 CEST <damian@fptrucha.inv.usc.es>
# name: hd
# type: matrix
# rows: 180
# columns: 2
 2 -180
 184 -177.9888268156425
 4 -175.9776536312849
 382 -173.9664804469274
 245 -171.9553072625698
 148 -169.9441340782123
 28 -167.9329608938548
 43 -165.9217877094972
 75 -163.9106145251397
 144 -161.8994413407821
 53 -159.8882681564246
 575 -157.877094972067
 88 -155.8659217877095
 121 -153.854748603352
 40 -151.8435754189944
 75 -149.8324022346369
 230 -147.8212290502793
 591 -145.8100558659218
 142 -143.7988826815642
 107 -141.7877094972067
 172 -139.7765363128491
 113 -137.7653631284916
 2 -135.7541899441341
 196 -133.7430167597765
 154 -131.731843575419
 90 -129.7206703910614
 163 -127.7094972067039
 204 -125.6983240223464
 104 -123.6871508379888
 183 -121.6759776536313
 182 -119.6648044692737
 6 -117.6536312849162
 138 -115.6424581005587
 106 -113.6312849162011
 116 -111.6201117318436
 21 -109.608938547486
 34 -107.5977653631285
 24 -105.5865921787709
 16 -103.5754189944134
 1 -101.5642458100559
 0 -99.55307262569832
 1 -97.54189944134077
 4 -95.53072625698323
 8 -93.5195530726257
 7739 -91.50837988826815
 18 -89.49720670391061
 4 -87.48603351955308
 3 -85.47486033519553
 0 -83.46368715083798
 8 -81.45251396648044
 11 -79.44134078212289
 14 -77.43016759776536
 58 -75.41899441340782
 33 -73.40782122905027
 56 -71.39664804469274
 112 -69.38547486033519
 87 -67.37430167597765
 106 -65.3631284916201
 77 -63.35195530726256
 268 -61.34078212290503
 147 -59.32960893854748
 219 -57.31843575418993
 94 -55.3072625698324
 75 -53.29608938547486
 222 -51.28491620111731
 54 -49.27374301675977
 120 -47.26256983240222
 6 -45.25139664804468
 290 -43.24022346368713
 4 -41.22905027932961
 170 -39.21787709497207
 263 -37.20670391061452
 416 -35.19553072625698
 127 -33.18435754189943
 52 -31.17318435754188
 158 -29.16201117318434
 11 -27.15083798882682
 57 -25.13966480446928
 570 -23.12849162011173
 132 -21.11731843575419
 61 -19.10614525139664
 13 -17.09497206703909
 41 -15.08379888268155
 153 -13.072625698324
 11 -11.06145251396646
 579 -9.050279329608941
 5 -7.039106145251395
 123 -5.02793296089385
 18 -3.016759776536304
 4 -1.005586592178759
 20 1.005586592178787
 112 3.016759776536333
 4 5.02793296089385
 556 7.039106145251395
 10 9.050279329608941
 158 11.06145251396649
 39 13.07262569832403
 17 15.08379888268158
 46 17.09497206703912
 122 19.10614525139667
 568 21.11731843575421
 56 23.12849162011173
 87 25.13966480446928
 91 27.15083798882682
 67 29.16201117318437
 218 31.17318435754191
 354 33.18435754189946
 238 35.195530726257
 164 37.20670391061452
 41 39.21787709497207
 317 41.22905027932961
 1 43.24022346368716
 125 45.2513966480447
 67 47.26256983240225
 253 49.27374301675979
 88 51.28491620111734
 183 53.29608938547489
 87 55.3072625698324
 145 57.31843575418995
 252 59.32960893854749
 77 61.34078212290504
 109 63.35195530726259
 77 65.36312849162013
 113 67.37430167597768
 50 69.38547486033519
 31 71.39664804469274
 51 73.40782122905028
 16 75.41899441340783
 10 77.43016759776538
 5 79.44134078212289
 1 81.45251396648047
 1 83.46368715083798
 9 85.47486033519556
 15 87.48603351955308
 7528 89.49720670391065
 8 91.50837988826817
 4 93.51955307262574
 0 95.53072625698326
 0 97.54189944134077
 3 99.55307262569835
 19 101.5642458100559
 31 103.5754189944134
 60 105.586592178771
 25 107.5977653631285
 148 109.608938547486
 114 111.6201117318436
 135 113.6312849162011
 8 115.6424581005587
 219 117.6536312849162
 172 119.6648044692737
 92 121.6759776536313
 187 123.6871508379888
 162 125.6983240223464
 101 127.7094972067039
 184 129.7206703910614
 193 131.731843575419
 5 133.7430167597765
 113 135.7541899441341
 177 137.7653631284916
 117 139.7765363128492
 125 141.7877094972067
 507 143.7988826815642
 132 145.8100558659218
 194 147.8212290502793
 41 149.8324022346369
 135 151.8435754189944
 79 153.854748603352
 486 155.8659217877095
 59 157.8770949720671
 141 159.8882681564246
 68 161.8994413407821
 53 163.9106145251397
 19 165.9217877094972
 146 167.9329608938548
 202 169.9441340782123
 333 171.9553072625699
 3 173.9664804469274
 164 175.9776536312849
 6 177.9888268156425
 0 180


