# Created by Octave 3.8.2, Sat Jun 20 20:25:09 2020 CEST <damian@fptrucha.inv.usc.es>
# name: hd
# type: matrix
# rows: 180
# columns: 2
 3 -180
 156 -177.9888268156425
 1 -175.9776536312849
 345 -173.9664804469274
 235 -171.9553072625698
 151 -169.9441340782123
 46 -167.9329608938548
 34 -165.9217877094972
 45 -163.9106145251397
 147 -161.8994413407821
 39 -159.8882681564246
 617 -157.877094972067
 39 -155.8659217877095
 119 -153.854748603352
 38 -151.8435754189944
 60 -149.8324022346369
 198 -147.8212290502793
 634 -145.8100558659218
 117 -143.7988826815642
 105 -141.7877094972067
 156 -139.7765363128491
 75 -137.7653631284916
 2 -135.7541899441341
 126 -133.7430167597765
 159 -131.731843575419
 76 -129.7206703910614
 181 -127.7094972067039
 220 -125.6983240223464
 103 -123.6871508379888
 188 -121.6759776536313
 171 -119.6648044692737
 3 -117.6536312849162
 103 -115.6424581005587
 111 -113.6312849162011
 145 -111.6201117318436
 14 -109.608938547486
 30 -107.5977653631285
 18 -105.5865921787709
 11 -103.5754189944134
 3 -101.5642458100559
 1 -99.55307262569832
 2 -97.54189944134077
 3 -95.53072625698323
 9 -93.5195530726257
 8191 -91.50837988826815
 12 -89.49720670391061
 4 -87.48603351955308
 1 -85.47486033519553
 1 -83.46368715083798
 5 -81.45251396648044
 8 -79.44134078212289
 7 -77.43016759776536
 35 -75.41899441340782
 23 -73.40782122905027
 50 -71.39664804469274
 118 -69.38547486033519
 74 -67.37430167597765
 102 -65.3631284916201
 50 -63.35195530726256
 282 -61.34078212290503
 123 -59.32960893854748
 215 -57.31843575418993
 101 -55.3072625698324
 82 -53.29608938547486
 237 -51.28491620111731
 48 -49.27374301675977
 101 -47.26256983240222
 1 -45.25139664804468
 242 -43.24022346368713
 3 -41.22905027932961
 139 -39.21787709497207
 279 -37.20670391061452
 443 -35.19553072625698
 109 -33.18435754189943
 60 -31.17318435754188
 150 -29.16201117318434
 8 -27.15083798882682
 46 -25.13966480446928
 665 -23.12849162011173
 145 -21.11731843575419
 46 -19.10614525139664
 9 -17.09497206703909
 28 -15.08379888268155
 160 -13.072625698324
 4 -11.06145251396646
 614 -9.050279329608941
 0 -7.039106145251395
 135 -5.02793296089385
 22 -3.016759776536304
 3 -1.005586592178759
 29 1.005586592178787
 128 3.016759776536333
 2 5.02793296089385
 541 7.039106145251395
 5 9.050279329608941
 138 11.06145251396649
 55 13.07262569832403
 10 15.08379888268158
 58 17.09497206703912
 122 19.10614525139667
 535 21.11731843575421
 52 23.12849162011173
 103 25.13966480446928
 114 27.15083798882682
 53 29.16201117318437
 216 31.17318435754191
 317 33.18435754189946
 214 35.195530726257
 164 37.20670391061452
 32 39.21787709497207
 276 41.22905027932961
 1 43.24022346368716
 100 45.2513966480447
 50 47.26256983240225
 247 49.27374301675979
 85 51.28491620111734
 210 53.29608938547489
 95 55.3072625698324
 129 57.31843575418995
 285 59.32960893854749
 55 61.34078212290504
 122 63.35195530726259
 80 65.36312849162013
 103 67.37430167597768
 52 69.38547486033519
 27 71.39664804469274
 33 73.40782122905028
 7 75.41899441340783
 10 77.43016759776538
 1 79.44134078212289
 0 81.45251396648047
 1 83.46368715083798
 1 85.47486033519556
 8 87.48603351955308
 7888 89.49720670391065
 4 91.50837988826817
 2 93.51955307262574
 0 95.53072625698326
 0 97.54189944134077
 4 99.55307262569835
 9 101.5642458100559
 30 103.5754189944134
 34 105.586592178771
 20 107.5977653631285
 108 109.608938547486
 113 111.6201117318436
 128 113.6312849162011
 2 115.6424581005587
 215 117.6536312849162
 152 119.6648044692737
 89 121.6759776536313
 176 123.6871508379888
 171 125.6983240223464
 82 127.7094972067039
 160 129.7206703910614
 170 131.731843575419
 1 133.7430167597765
 136 135.7541899441341
 167 137.7653631284916
 91 139.7765363128492
 165 141.7877094972067
 486 143.7988826815642
 133 145.8100558659218
 235 147.8212290502793
 44 149.8324022346369
 171 151.8435754189944
 60 153.854748603352
 437 155.8659217877095
 46 157.8770949720671
 129 159.8882681564246
 63 161.8994413407821
 54 163.9106145251397
 14 165.9217877094972
 112 167.9329608938548
 233 169.9441340782123
 309 171.9553072625699
 2 173.9664804469274
 140 175.9776536312849
 2 177.9888268156425
 0 180


