# Created by Octave 3.8.2, Mon Jun 22 07:54:05 2020 CEST <damian@fptrucha.inv.usc.es>
# name: hd
# type: matrix
# rows: 180
# columns: 2
 5 -180
 149 -177.9888268156425
 1 -175.9776536312849
 341 -173.9664804469274
 230 -171.9553072625698
 149 -169.9441340782123
 31 -167.9329608938548
 44 -165.9217877094972
 58 -163.9106145251397
 162 -161.8994413407821
 43 -159.8882681564246
 536 -157.877094972067
 66 -155.8659217877095
 117 -153.854748603352
 51 -151.8435754189944
 68 -149.8324022346369
 232 -147.8212290502793
 565 -145.8100558659218
 99 -143.7988826815642
 84 -141.7877094972067
 172 -139.7765363128491
 120 -137.7653631284916
 2 -135.7541899441341
 171 -133.7430167597765
 137 -131.731843575419
 60 -129.7206703910614
 195 -127.7094972067039
 234 -125.6983240223464
 104 -123.6871508379888
 156 -121.6759776536313
 162 -119.6648044692737
 4 -117.6536312849162
 96 -115.6424581005587
 117 -113.6312849162011
 124 -111.6201117318436
 29 -109.608938547486
 45 -107.5977653631285
 19 -105.5865921787709
 15 -103.5754189944134
 3 -101.5642458100559
 2 -99.55307262569832
 2 -97.54189944134077
 6 -95.53072625698323
 16 -93.5195530726257
 7450 -91.50837988826815
 9 -89.49720670391061
 6 -87.48603351955308
 2 -85.47486033519553
 2 -83.46368715083798
 1 -81.45251396648044
 7 -79.44134078212289
 9 -77.43016759776536
 34 -75.41899441340782
 28 -73.40782122905027
 53 -71.39664804469274
 119 -69.38547486033519
 75 -67.37430167597765
 92 -65.3631284916201
 48 -63.35195530726256
 232 -61.34078212290503
 124 -59.32960893854748
 204 -57.31843575418993
 86 -55.3072625698324
 62 -53.29608938547486
 227 -51.28491620111731
 57 -49.27374301675977
 114 -47.26256983240222
 2 -45.25139664804468
 278 -43.24022346368713
 4 -41.22905027932961
 150 -39.21787709497207
 275 -37.20670391061452
 404 -35.19553072625698
 103 -33.18435754189943
 60 -31.17318435754188
 172 -29.16201117318434
 9 -27.15083798882682
 71 -25.13966480446928
 531 -23.12849162011173
 130 -21.11731843575419
 61 -19.10614525139664
 16 -17.09497206703909
 40 -15.08379888268155
 138 -13.072625698324
 12 -11.06145251396646
 526 -9.050279329608941
 4 -7.039106145251395
 101 -5.02793296089385
 21 -3.016759776536304
 3 -1.005586592178759
 20 1.005586592178787
 99 3.016759776536333
 0 5.02793296089385
 528 7.039106145251395
 5 9.050279329608941
 153 11.06145251396649
 44 13.07262569832403
 8 15.08379888268158
 52 17.09497206703912
 122 19.10614525139667
 548 21.11731843575421
 56 23.12849162011173
 79 25.13966480446928
 91 27.15083798882682
 57 29.16201117318437
 203 31.17318435754191
 297 33.18435754189946
 260 35.195530726257
 147 37.20670391061452
 36 39.21787709497207
 287 41.22905027932961
 3 43.24022346368716
 120 45.2513966480447
 63 47.26256983240225
 217 49.27374301675979
 78 51.28491620111734
 180 53.29608938547489
 83 55.3072625698324
 151 57.31843575418995
 256 59.32960893854749
 46 61.34078212290504
 107 63.35195530726259
 70 65.36312849162013
 122 67.37430167597768
 42 69.38547486033519
 30 71.39664804469274
 42 73.40782122905028
 10 75.41899441340783
 13 77.43016759776538
 3 79.44134078212289
 4 81.45251396648047
 2 83.46368715083798
 11 85.47486033519556
 5 87.48603351955308
 7228 89.49720670391065
 7 91.50837988826817
 3 93.51955307262574
 2 95.53072625698326
 1 97.54189944134077
 1 99.55307262569835
 16 101.5642458100559
 25 103.5754189944134
 39 105.586592178771
 18 107.5977653631285
 110 109.608938547486
 127 111.6201117318436
 109 113.6312849162011
 1 115.6424581005587
 199 117.6536312849162
 179 119.6648044692737
 87 121.6759776536313
 174 123.6871508379888
 177 125.6983240223464
 77 127.7094972067039
 169 129.7206703910614
 184 131.731843575419
 5 133.7430167597765
 100 135.7541899441341
 161 137.7653631284916
 92 139.7765363128492
 136 141.7877094972067
 480 143.7988826815642
 100 145.8100558659218
 196 147.8212290502793
 45 149.8324022346369
 144 151.8435754189944
 49 153.854748603352
 467 155.8659217877095
 44 157.8770949720671
 125 159.8882681564246
 74 161.8994413407821
 44 163.9106145251397
 20 165.9217877094972
 128 167.9329608938548
 219 169.9441340782123
 328 171.9553072625699
 11 173.9664804469274
 182 175.9776536312849
 9 177.9888268156425
 0 180


