# Created by Octave 3.8.2, Sat Jun 20 13:50:46 2020 CEST <damian@fptrucha.inv.usc.es>
# name: hd
# type: matrix
# rows: 180
# columns: 2
 5 -180
 193 -177.9888268156425
 5 -175.9776536312849
 407 -173.9664804469274
 261 -171.9553072625698
 185 -169.9441340782123
 37 -167.9329608938548
 46 -165.9217877094972
 58 -163.9106145251397
 152 -161.8994413407821
 36 -159.8882681564246
 635 -157.877094972067
 77 -155.8659217877095
 127 -153.854748603352
 53 -151.8435754189944
 57 -149.8324022346369
 211 -147.8212290502793
 669 -145.8100558659218
 142 -143.7988826815642
 107 -141.7877094972067
 176 -139.7765363128491
 110 -137.7653631284916
 1 -135.7541899441341
 162 -133.7430167597765
 165 -131.731843575419
 88 -129.7206703910614
 178 -127.7094972067039
 238 -125.6983240223464
 116 -123.6871508379888
 187 -121.6759776536313
 199 -119.6648044692737
 9 -117.6536312849162
 104 -115.6424581005587
 152 -113.6312849162011
 124 -111.6201117318436
 15 -109.608938547486
 36 -107.5977653631285
 26 -105.5865921787709
 17 -103.5754189944134
 2 -101.5642458100559
 1 -99.55307262569832
 1 -97.54189944134077
 2 -95.53072625698323
 5 -93.5195530726257
 8346 -91.50837988826815
 12 -89.49720670391061
 2 -87.48603351955308
 0 -85.47486033519553
 0 -83.46368715083798
 3 -81.45251396648044
 7 -79.44134078212289
 6 -77.43016759776536
 46 -75.41899441340782
 34 -73.40782122905027
 58 -71.39664804469274
 115 -69.38547486033519
 67 -67.37430167597765
 96 -65.3631284916201
 54 -63.35195530726256
 307 -61.34078212290503
 161 -59.32960893854748
 233 -57.31843575418993
 102 -55.3072625698324
 80 -53.29608938547486
 243 -51.28491620111731
 54 -49.27374301675977
 116 -47.26256983240222
 2 -45.25139664804468
 278 -43.24022346368713
 2 -41.22905027932961
 154 -39.21787709497207
 344 -37.20670391061452
 494 -35.19553072625698
 112 -33.18435754189943
 57 -31.17318435754188
 150 -29.16201117318434
 4 -27.15083798882682
 63 -25.13966480446928
 658 -23.12849162011173
 179 -21.11731843575419
 39 -19.10614525139664
 6 -17.09497206703909
 44 -15.08379888268155
 164 -13.072625698324
 7 -11.06145251396646
 606 -9.050279329608941
 0 -7.039106145251395
 149 -5.02793296089385
 20 -3.016759776536304
 1 -1.005586592178759
 15 1.005586592178787
 135 3.016759776536333
 4 5.02793296089385
 561 7.039106145251395
 15 9.050279329608941
 159 11.06145251396649
 40 13.07262569832403
 10 15.08379888268158
 76 17.09497206703912
 105 19.10614525139667
 512 21.11731843575421
 58 23.12849162011173
 91 25.13966480446928
 93 27.15083798882682
 57 29.16201117318437
 234 31.17318435754191
 323 33.18435754189946
 263 35.195530726257
 196 37.20670391061452
 31 39.21787709497207
 307 41.22905027932961
 1 43.24022346368716
 143 45.2513966480447
 57 47.26256983240225
 259 49.27374301675979
 92 51.28491620111734
 228 53.29608938547489
 84 55.3072625698324
 130 57.31843575418995
 255 59.32960893854749
 73 61.34078212290504
 131 63.35195530726259
 56 65.36312849162013
 117 67.37430167597768
 54 69.38547486033519
 35 71.39664804469274
 54 73.40782122905028
 4 75.41899441340783
 8 77.43016759776538
 4 79.44134078212289
 3 81.45251396648047
 0 83.46368715083798
 5 85.47486033519556
 7 87.48603351955308
 8276 89.49720670391065
 6 91.50837988826817
 2 93.51955307262574
 0 95.53072625698326
 0 97.54189944134077
 6 99.55307262569835
 9 101.5642458100559
 23 103.5754189944134
 37 105.586592178771
 23 107.5977653631285
 115 109.608938547486
 138 111.6201117318436
 153 113.6312849162011
 5 115.6424581005587
 219 117.6536312849162
 157 119.6648044692737
 78 121.6759776536313
 186 123.6871508379888
 195 125.6983240223464
 88 127.7094972067039
 163 129.7206703910614
 205 131.731843575419
 1 133.7430167597765
 126 135.7541899441341
 208 137.7653631284916
 125 139.7765363128492
 153 141.7877094972067
 505 143.7988826815642
 132 145.8100558659218
 190 147.8212290502793
 49 149.8324022346369
 190 151.8435754189944
 79 153.854748603352
 496 155.8659217877095
 70 157.8770949720671
 128 159.8882681564246
 71 161.8994413407821
 52 163.9106145251397
 16 165.9217877094972
 150 167.9329608938548
 235 169.9441340782123
 343 171.9553072625699
 5 173.9664804469274
 152 175.9776536312849
 2 177.9888268156425
 0 180


