# Created by Octave 3.8.2, Mon Jun 22 13:54:20 2020 CEST <damian@fptrucha.inv.usc.es>
# name: hd
# type: matrix
# rows: 180
# columns: 2
 4 -180
 175 -177.9888268156425
 3 -175.9776536312849
 380 -173.9664804469274
 259 -171.9553072625698
 151 -169.9441340782123
 40 -167.9329608938548
 52 -165.9217877094972
 66 -163.9106145251397
 136 -161.8994413407821
 50 -159.8882681564246
 529 -157.877094972067
 73 -155.8659217877095
 111 -153.854748603352
 41 -151.8435754189944
 68 -149.8324022346369
 191 -147.8212290502793
 571 -145.8100558659218
 119 -143.7988826815642
 83 -141.7877094972067
 175 -139.7765363128491
 116 -137.7653631284916
 2 -135.7541899441341
 186 -133.7430167597765
 164 -131.731843575419
 92 -129.7206703910614
 189 -127.7094972067039
 214 -125.6983240223464
 108 -123.6871508379888
 178 -121.6759776536313
 203 -119.6648044692737
 5 -117.6536312849162
 134 -115.6424581005587
 111 -113.6312849162011
 135 -111.6201117318436
 18 -109.608938547486
 45 -107.5977653631285
 17 -105.5865921787709
 22 -103.5754189944134
 3 -101.5642458100559
 0 -99.55307262569832
 1 -97.54189944134077
 3 -95.53072625698323
 12 -93.5195530726257
 8064 -91.50837988826815
 17 -89.49720670391061
 1 -87.48603351955308
 2 -85.47486033519553
 0 -83.46368715083798
 2 -81.45251396648044
 7 -79.44134078212289
 10 -77.43016759776536
 42 -75.41899441340782
 29 -73.40782122905027
 51 -71.39664804469274
 122 -69.38547486033519
 66 -67.37430167597765
 121 -65.3631284916201
 69 -63.35195530726256
 263 -61.34078212290503
 160 -59.32960893854748
 200 -57.31843575418993
 101 -55.3072625698324
 81 -53.29608938547486
 222 -51.28491620111731
 68 -49.27374301675977
 111 -47.26256983240222
 3 -45.25139664804468
 301 -43.24022346368713
 3 -41.22905027932961
 150 -39.21787709497207
 286 -37.20670391061452
 419 -35.19553072625698
 146 -33.18435754189943
 57 -31.17318435754188
 185 -29.16201117318434
 15 -27.15083798882682
 58 -25.13966480446928
 582 -23.12849162011173
 155 -21.11731843575419
 58 -19.10614525139664
 17 -17.09497206703909
 47 -15.08379888268155
 147 -13.072625698324
 11 -11.06145251396646
 603 -9.050279329608941
 1 -7.039106145251395
 150 -5.02793296089385
 23 -3.016759776536304
 4 -1.005586592178759
 28 1.005586592178787
 105 3.016759776536333
 4 5.02793296089385
 571 7.039106145251395
 9 9.050279329608941
 149 11.06145251396649
 48 13.07262569832403
 10 15.08379888268158
 58 17.09497206703912
 130 19.10614525139667
 578 21.11731843575421
 56 23.12849162011173
 87 25.13966480446928
 106 27.15083798882682
 70 29.16201117318437
 219 31.17318435754191
 352 33.18435754189946
 262 35.195530726257
 141 37.20670391061452
 36 39.21787709497207
 278 41.22905027932961
 1 43.24022346368716
 125 45.2513966480447
 67 47.26256983240225
 250 49.27374301675979
 84 51.28491620111734
 219 53.29608938547489
 78 55.3072625698324
 139 57.31843575418995
 267 59.32960893854749
 62 61.34078212290504
 110 63.35195530726259
 98 65.36312849162013
 134 67.37430167597768
 50 69.38547486033519
 35 71.39664804469274
 53 73.40782122905028
 20 75.41899441340783
 7 77.43016759776538
 3 79.44134078212289
 0 81.45251396648047
 3 83.46368715083798
 6 85.47486033519556
 20 87.48603351955308
 7546 89.49720670391065
 20 91.50837988826817
 5 93.51955307262574
 3 95.53072625698326
 0 97.54189944134077
 5 99.55307262569835
 24 101.5642458100559
 33 103.5754189944134
 42 105.586592178771
 15 107.5977653631285
 118 109.608938547486
 126 111.6201117318436
 135 113.6312849162011
 6 115.6424581005587
 201 117.6536312849162
 155 119.6648044692737
 82 121.6759776536313
 187 123.6871508379888
 173 125.6983240223464
 81 127.7094972067039
 178 129.7206703910614
 206 131.731843575419
 1 133.7430167597765
 126 135.7541899441341
 183 137.7653631284916
 95 139.7765363128492
 125 141.7877094972067
 496 143.7988826815642
 105 145.8100558659218
 225 147.8212290502793
 46 149.8324022346369
 135 151.8435754189944
 70 153.854748603352
 490 155.8659217877095
 52 157.8770949720671
 147 159.8882681564246
 70 161.8994413407821
 41 163.9106145251397
 22 165.9217877094972
 166 167.9329608938548
 247 169.9441340782123
 348 171.9553072625699
 7 173.9664804469274
 142 175.9776536312849
 5 177.9888268156425
 0 180


