# Created by Octave 3.8.2, Sat Jun 20 17:29:32 2020 CEST <damian@fptrucha.inv.usc.es>
# name: hd
# type: matrix
# rows: 180
# columns: 2
 4 -180
 173 -177.9888268156425
 4 -175.9776536312849
 371 -173.9664804469274
 254 -171.9553072625698
 152 -169.9441340782123
 39 -167.9329608938548
 31 -165.9217877094972
 58 -163.9106145251397
 171 -161.8994413407821
 38 -159.8882681564246
 625 -157.877094972067
 52 -155.8659217877095
 101 -153.854748603352
 41 -151.8435754189944
 64 -149.8324022346369
 199 -147.8212290502793
 674 -145.8100558659218
 117 -143.7988826815642
 83 -141.7877094972067
 188 -139.7765363128491
 105 -137.7653631284916
 1 -135.7541899441341
 146 -133.7430167597765
 147 -131.731843575419
 71 -129.7206703910614
 166 -127.7094972067039
 211 -125.6983240223464
 91 -123.6871508379888
 210 -121.6759776536313
 195 -119.6648044692737
 3 -117.6536312849162
 90 -115.6424581005587
 120 -113.6312849162011
 139 -111.6201117318436
 18 -109.608938547486
 37 -107.5977653631285
 27 -105.5865921787709
 11 -103.5754189944134
 4 -101.5642458100559
 0 -99.55307262569832
 2 -97.54189944134077
 0 -95.53072625698323
 2 -93.5195530726257
 8081 -91.50837988826815
 7 -89.49720670391061
 2 -87.48603351955308
 2 -85.47486033519553
 0 -83.46368715083798
 2 -81.45251396648044
 4 -79.44134078212289
 5 -77.43016759776536
 40 -75.41899441340782
 25 -73.40782122905027
 47 -71.39664804469274
 111 -69.38547486033519
 79 -67.37430167597765
 106 -65.3631284916201
 39 -63.35195530726256
 295 -61.34078212290503
 143 -59.32960893854748
 194 -57.31843575418993
 98 -55.3072625698324
 77 -53.29608938547486
 238 -51.28491620111731
 57 -49.27374301675977
 102 -47.26256983240222
 3 -45.25139664804468
 251 -43.24022346368713
 2 -41.22905027932961
 143 -39.21787709497207
 284 -37.20670391061452
 444 -35.19553072625698
 123 -33.18435754189943
 64 -31.17318435754188
 152 -29.16201117318434
 11 -27.15083798882682
 45 -25.13966480446928
 667 -23.12849162011173
 141 -21.11731843575419
 50 -19.10614525139664
 7 -17.09497206703909
 37 -15.08379888268155
 160 -13.072625698324
 11 -11.06145251396646
 596 -9.050279329608941
 5 -7.039106145251395
 137 -5.02793296089385
 16 -3.016759776536304
 0 -1.005586592178759
 25 1.005586592178787
 132 3.016759776536333
 3 5.02793296089385
 559 7.039106145251395
 9 9.050279329608941
 129 11.06145251396649
 43 13.07262569832403
 13 15.08379888268158
 66 17.09497206703912
 117 19.10614525139667
 500 21.11731843575421
 64 23.12849162011173
 104 25.13966480446928
 134 27.15083798882682
 52 29.16201117318437
 236 31.17318435754191
 343 33.18435754189946
 216 35.195530726257
 174 37.20670391061452
 39 39.21787709497207
 281 41.22905027932961
 0 43.24022346368716
 140 45.2513966480447
 68 47.26256983240225
 214 49.27374301675979
 81 51.28491620111734
 220 53.29608938547489
 80 55.3072625698324
 153 57.31843575418995
 294 59.32960893854749
 53 61.34078212290504
 127 63.35195530726259
 70 65.36312849162013
 123 67.37430167597768
 54 69.38547486033519
 46 71.39664804469274
 55 73.40782122905028
 4 75.41899441340783
 6 77.43016759776538
 3 79.44134078212289
 0 81.45251396648047
 0 83.46368715083798
 2 85.47486033519556
 13 87.48603351955308
 7950 89.49720670391065
 3 91.50837988826817
 2 93.51955307262574
 0 95.53072625698326
 0 97.54189944134077
 3 99.55307262569835
 11 101.5642458100559
 18 103.5754189944134
 27 105.586592178771
 22 107.5977653631285
 121 109.608938547486
 126 111.6201117318436
 135 113.6312849162011
 0 115.6424581005587
 176 117.6536312849162
 176 119.6648044692737
 100 121.6759776536313
 185 123.6871508379888
 177 125.6983240223464
 67 127.7094972067039
 156 129.7206703910614
 174 131.731843575419
 3 133.7430167597765
 131 135.7541899441341
 182 137.7653631284916
 113 139.7765363128492
 134 141.7877094972067
 464 143.7988826815642
 113 145.8100558659218
 206 147.8212290502793
 53 149.8324022346369
 166 151.8435754189944
 67 153.854748603352
 456 155.8659217877095
 56 157.8770949720671
 110 159.8882681564246
 63 161.8994413407821
 46 163.9106145251397
 22 165.9217877094972
 125 167.9329608938548
 189 169.9441340782123
 322 171.9553072625699
 3 173.9664804469274
 138 175.9776536312849
 1 177.9888268156425
 0 180


