# Created by Octave 3.8.2, Sun Jun 21 08:08:37 2020 CEST <damian@fptrucha.inv.usc.es>
# name: hd
# type: matrix
# rows: 180
# columns: 2
 4 -180
 135 -177.9888268156425
 3 -175.9776536312849
 377 -173.9664804469274
 225 -171.9553072625698
 160 -169.9441340782123
 29 -167.9329608938548
 39 -165.9217877094972
 56 -163.9106145251397
 168 -161.8994413407821
 31 -159.8882681564246
 635 -157.877094972067
 62 -155.8659217877095
 124 -153.854748603352
 33 -151.8435754189944
 59 -149.8324022346369
 207 -147.8212290502793
 607 -145.8100558659218
 118 -143.7988826815642
 93 -141.7877094972067
 157 -139.7765363128491
 99 -137.7653631284916
 3 -135.7541899441341
 175 -133.7430167597765
 154 -131.731843575419
 62 -129.7206703910614
 192 -127.7094972067039
 233 -125.6983240223464
 113 -123.6871508379888
 185 -121.6759776536313
 192 -119.6648044692737
 2 -117.6536312849162
 96 -115.6424581005587
 112 -113.6312849162011
 122 -111.6201117318436
 17 -109.608938547486
 26 -107.5977653631285
 16 -105.5865921787709
 4 -103.5754189944134
 1 -101.5642458100559
 0 -99.55307262569832
 0 -97.54189944134077
 2 -95.53072625698323
 5 -93.5195530726257
 8109 -91.50837988826815
 10 -89.49720670391061
 2 -87.48603351955308
 0 -85.47486033519553
 0 -83.46368715083798
 2 -81.45251396648044
 4 -79.44134078212289
 7 -77.43016759776536
 49 -75.41899441340782
 12 -73.40782122905027
 56 -71.39664804469274
 124 -69.38547486033519
 77 -67.37430167597765
 85 -65.3631284916201
 56 -63.35195530726256
 252 -61.34078212290503
 134 -59.32960893854748
 227 -57.31843575418993
 103 -55.3072625698324
 67 -53.29608938547486
 215 -51.28491620111731
 69 -49.27374301675977
 99 -47.26256983240222
 3 -45.25139664804468
 251 -43.24022346368713
 0 -41.22905027932961
 162 -39.21787709497207
 308 -37.20670391061452
 452 -35.19553072625698
 104 -33.18435754189943
 54 -31.17318435754188
 137 -29.16201117318434
 4 -27.15083798882682
 60 -25.13966480446928
 601 -23.12849162011173
 167 -21.11731843575419
 52 -19.10614525139664
 8 -17.09497206703909
 44 -15.08379888268155
 165 -13.072625698324
 3 -11.06145251396646
 595 -9.050279329608941
 3 -7.039106145251395
 130 -5.02793296089385
 21 -3.016759776536304
 3 -1.005586592178759
 21 1.005586592178787
 112 3.016759776536333
 1 5.02793296089385
 520 7.039106145251395
 8 9.050279329608941
 134 11.06145251396649
 41 13.07262569832403
 11 15.08379888268158
 63 17.09497206703912
 106 19.10614525139667
 513 21.11731843575421
 53 23.12849162011173
 101 25.13966480446928
 117 27.15083798882682
 55 29.16201117318437
 261 31.17318435754191
 310 33.18435754189946
 248 35.195530726257
 177 37.20670391061452
 26 39.21787709497207
 290 41.22905027932961
 0 43.24022346368716
 129 45.2513966480447
 65 47.26256983240225
 240 49.27374301675979
 78 51.28491620111734
 201 53.29608938547489
 83 55.3072625698324
 141 57.31843575418995
 222 59.32960893854749
 58 61.34078212290504
 120 63.35195530726259
 78 65.36312849162013
 106 67.37430167597768
 47 69.38547486033519
 23 71.39664804469274
 51 73.40782122905028
 10 75.41899441340783
 10 77.43016759776538
 3 79.44134078212289
 0 81.45251396648047
 2 83.46368715083798
 2 85.47486033519556
 10 87.48603351955308
 7813 89.49720670391065
 4 91.50837988826817
 1 93.51955307262574
 1 95.53072625698326
 0 97.54189944134077
 0 99.55307262569835
 19 101.5642458100559
 19 103.5754189944134
 25 105.586592178771
 30 107.5977653631285
 102 109.608938547486
 119 111.6201117318436
 145 113.6312849162011
 4 115.6424581005587
 179 117.6536312849162
 165 119.6648044692737
 87 121.6759776536313
 192 123.6871508379888
 170 125.6983240223464
 79 127.7094972067039
 159 129.7206703910614
 171 131.731843575419
 1 133.7430167597765
 139 135.7541899441341
 185 137.7653631284916
 104 139.7765363128492
 110 141.7877094972067
 475 143.7988826815642
 123 145.8100558659218
 210 147.8212290502793
 46 149.8324022346369
 181 151.8435754189944
 68 153.854748603352
 501 155.8659217877095
 56 157.8770949720671
 110 159.8882681564246
 63 161.8994413407821
 59 163.9106145251397
 18 165.9217877094972
 121 167.9329608938548
 215 169.9441340782123
 330 171.9553072625699
 2 173.9664804469274
 142 175.9776536312849
 3 177.9888268156425
 0 180


