# Created by Octave 3.8.2, Mon Jun 22 22:59:10 2020 CEST <damian@fptrucha.inv.usc.es>
# name: hd
# type: matrix
# rows: 180
# columns: 2
 1 -180
 206 -177.9888268156425
 3 -175.9776536312849
 372 -173.9664804469274
 281 -171.9553072625698
 155 -169.9441340782123
 43 -167.9329608938548
 41 -165.9217877094972
 64 -163.9106145251397
 155 -161.8994413407821
 52 -159.8882681564246
 609 -157.877094972067
 81 -155.8659217877095
 133 -153.854748603352
 52 -151.8435754189944
 84 -149.8324022346369
 241 -147.8212290502793
 630 -145.8100558659218
 138 -143.7988826815642
 103 -141.7877094972067
 210 -139.7765363128491
 106 -137.7653631284916
 4 -135.7541899441341
 153 -133.7430167597765
 161 -131.731843575419
 89 -129.7206703910614
 175 -127.7094972067039
 232 -125.6983240223464
 114 -123.6871508379888
 221 -121.6759776536313
 234 -119.6648044692737
 6 -117.6536312849162
 124 -115.6424581005587
 151 -113.6312849162011
 151 -111.6201117318436
 21 -109.608938547486
 62 -107.5977653631285
 23 -105.5865921787709
 15 -103.5754189944134
 1 -101.5642458100559
 2 -99.55307262569832
 4 -97.54189944134077
 4 -95.53072625698323
 5 -93.5195530726257
 8587 -91.50837988826815
 10 -89.49720670391061
 6 -87.48603351955308
 5 -85.47486033519553
 1 -83.46368715083798
 3 -81.45251396648044
 8 -79.44134078212289
 6 -77.43016759776536
 54 -75.41899441340782
 37 -73.40782122905027
 72 -71.39664804469274
 115 -69.38547486033519
 103 -67.37430167597765
 131 -65.3631284916201
 45 -63.35195530726256
 249 -61.34078212290503
 149 -59.32960893854748
 203 -57.31843575418993
 116 -55.3072625698324
 103 -53.29608938547486
 269 -51.28491620111731
 52 -49.27374301675977
 122 -47.26256983240222
 0 -45.25139664804468
 299 -43.24022346368713
 4 -41.22905027932961
 183 -39.21787709497207
 297 -37.20670391061452
 468 -35.19553072625698
 110 -33.18435754189943
 75 -31.17318435754188
 178 -29.16201117318434
 12 -27.15083798882682
 56 -25.13966480446928
 617 -23.12849162011173
 155 -21.11731843575419
 52 -19.10614525139664
 17 -17.09497206703909
 43 -15.08379888268155
 170 -13.072625698324
 10 -11.06145251396646
 625 -9.050279329608941
 3 -7.039106145251395
 131 -5.02793296089385
 25 -3.016759776536304
 6 -1.005586592178759
 14 1.005586592178787
 143 3.016759776536333
 2 5.02793296089385
 589 7.039106145251395
 9 9.050279329608941
 181 11.06145251396649
 45 13.07262569832403
 11 15.08379888268158
 56 17.09497206703912
 131 19.10614525139667
 590 21.11731843575421
 68 23.12849162011173
 99 25.13966480446928
 122 27.15083798882682
 72 29.16201117318437
 243 31.17318435754191
 347 33.18435754189946
 284 35.195530726257
 161 37.20670391061452
 57 39.21787709497207
 327 41.22905027932961
 3 43.24022346368716
 137 45.2513966480447
 66 47.26256983240225
 256 49.27374301675979
 85 51.28491620111734
 207 53.29608938547489
 94 55.3072625698324
 159 57.31843575418995
 279 59.32960893854749
 75 61.34078212290504
 134 63.35195530726259
 83 65.36312849162013
 101 67.37430167597768
 59 69.38547486033519
 29 71.39664804469274
 51 73.40782122905028
 8 75.41899441340783
 6 77.43016759776538
 4 79.44134078212289
 0 81.45251396648047
 1 83.46368715083798
 3 85.47486033519556
 14 87.48603351955308
 8138 89.49720670391065
 8 91.50837988826817
 6 93.51955307262574
 2 95.53072625698326
 3 97.54189944134077
 7 99.55307262569835
 15 101.5642458100559
 22 103.5754189944134
 46 105.586592178771
 28 107.5977653631285
 125 109.608938547486
 138 111.6201117318436
 119 113.6312849162011
 8 115.6424581005587
 222 117.6536312849162
 159 119.6648044692737
 108 121.6759776536313
 194 123.6871508379888
 195 125.6983240223464
 86 127.7094972067039
 206 129.7206703910614
 188 131.731843575419
 3 133.7430167597765
 144 135.7541899441341
 188 137.7653631284916
 101 139.7765363128492
 171 141.7877094972067
 526 143.7988826815642
 145 145.8100558659218
 218 147.8212290502793
 60 149.8324022346369
 147 151.8435754189944
 74 153.854748603352
 532 155.8659217877095
 40 157.8770949720671
 161 159.8882681564246
 73 161.8994413407821
 51 163.9106145251397
 18 165.9217877094972
 129 167.9329608938548
 243 169.9441340782123
 339 171.9553072625699
 4 173.9664804469274
 162 175.9776536312849
 2 177.9888268156425
 0 180


