# Created by Octave 3.8.2, Sat Jun 20 10:01:52 2020 CEST <damian@fptrucha.inv.usc.es>
# name: hd
# type: matrix
# rows: 180
# columns: 2
 2 -180
 169 -177.9888268156425
 3 -175.9776536312849
 404 -173.9664804469274
 268 -171.9553072625698
 179 -169.9441340782123
 39 -167.9329608938548
 33 -165.9217877094972
 58 -163.9106145251397
 165 -161.8994413407821
 42 -159.8882681564246
 676 -157.877094972067
 70 -155.8659217877095
 122 -153.854748603352
 43 -151.8435754189944
 87 -149.8324022346369
 207 -147.8212290502793
 687 -145.8100558659218
 146 -143.7988826815642
 100 -141.7877094972067
 178 -139.7765363128491
 128 -137.7653631284916
 3 -135.7541899441341
 187 -133.7430167597765
 169 -131.731843575419
 99 -129.7206703910614
 192 -127.7094972067039
 255 -125.6983240223464
 120 -123.6871508379888
 244 -121.6759776536313
 185 -119.6648044692737
 1 -117.6536312849162
 108 -115.6424581005587
 113 -113.6312849162011
 140 -111.6201117318436
 21 -109.608938547486
 44 -107.5977653631285
 32 -105.5865921787709
 20 -103.5754189944134
 1 -101.5642458100559
 0 -99.55307262569832
 0 -97.54189944134077
 1 -95.53072625698323
 4 -93.5195530726257
 9093 -91.50837988826815
 13 -89.49720670391061
 2 -87.48603351955308
 1 -85.47486033519553
 0 -83.46368715083798
 0 -81.45251396648044
 9 -79.44134078212289
 7 -77.43016759776536
 55 -75.41899441340782
 29 -73.40782122905027
 53 -71.39664804469274
 126 -69.38547486033519
 92 -67.37430167597765
 104 -65.3631284916201
 48 -63.35195530726256
 314 -61.34078212290503
 149 -59.32960893854748
 217 -57.31843575418993
 116 -55.3072625698324
 92 -53.29608938547486
 253 -51.28491620111731
 61 -49.27374301675977
 119 -47.26256983240222
 2 -45.25139664804468
 314 -43.24022346368713
 4 -41.22905027932961
 159 -39.21787709497207
 347 -37.20670391061452
 498 -35.19553072625698
 127 -33.18435754189943
 54 -31.17318435754188
 180 -29.16201117318434
 12 -27.15083798882682
 64 -25.13966480446928
 678 -23.12849162011173
 152 -21.11731843575419
 45 -19.10614525139664
 14 -17.09497206703909
 62 -15.08379888268155
 186 -13.072625698324
 6 -11.06145251396646
 622 -9.050279329608941
 3 -7.039106145251395
 136 -5.02793296089385
 19 -3.016759776536304
 2 -1.005586592178759
 17 1.005586592178787
 127 3.016759776536333
 4 5.02793296089385
 616 7.039106145251395
 7 9.050279329608941
 148 11.06145251396649
 53 13.07262569832403
 19 15.08379888268158
 79 17.09497206703912
 118 19.10614525139667
 592 21.11731843575421
 60 23.12849162011173
 110 25.13966480446928
 100 27.15083798882682
 67 29.16201117318437
 239 31.17318435754191
 352 33.18435754189946
 252 35.195530726257
 195 37.20670391061452
 29 39.21787709497207
 317 41.22905027932961
 1 43.24022346368716
 127 45.2513966480447
 61 47.26256983240225
 256 49.27374301675979
 88 51.28491620111734
 237 53.29608938547489
 95 55.3072625698324
 177 57.31843575418995
 306 59.32960893854749
 70 61.34078212290504
 156 63.35195530726259
 88 65.36312849162013
 115 67.37430167597768
 40 69.38547486033519
 43 71.39664804469274
 46 73.40782122905028
 10 75.41899441340783
 8 77.43016759776538
 2 79.44134078212289
 0 81.45251396648047
 1 83.46368715083798
 4 85.47486033519556
 12 87.48603351955308
 8663 89.49720670391065
 7 91.50837988826817
 2 93.51955307262574
 1 95.53072625698326
 1 97.54189944134077
 3 99.55307262569835
 22 101.5642458100559
 23 103.5754189944134
 40 105.586592178771
 23 107.5977653631285
 121 109.608938547486
 138 111.6201117318436
 155 113.6312849162011
 3 115.6424581005587
 243 117.6536312849162
 172 119.6648044692737
 119 121.6759776536313
 213 123.6871508379888
 220 125.6983240223464
 87 127.7094972067039
 184 129.7206703910614
 199 131.731843575419
 3 133.7430167597765
 137 135.7541899441341
 210 137.7653631284916
 119 139.7765363128492
 179 141.7877094972067
 514 143.7988826815642
 132 145.8100558659218
 226 147.8212290502793
 48 149.8324022346369
 187 151.8435754189944
 63 153.854748603352
 516 155.8659217877095
 49 157.8770949720671
 145 159.8882681564246
 82 161.8994413407821
 59 163.9106145251397
 19 165.9217877094972
 149 167.9329608938548
 223 169.9441340782123
 378 171.9553072625699
 4 173.9664804469274
 174 175.9776536312849
 2 177.9888268156425
 0 180


