# Created by Octave 3.8.2, Sat Jun 20 11:14:14 2020 CEST <damian@fptrucha.inv.usc.es>
# name: hd
# type: matrix
# rows: 180
# columns: 2
 2 -180
 180 -177.9888268156425
 1 -175.9776536312849
 417 -173.9664804469274
 269 -171.9553072625698
 164 -169.9441340782123
 37 -167.9329608938548
 37 -165.9217877094972
 51 -163.9106145251397
 190 -161.8994413407821
 45 -159.8882681564246
 697 -157.877094972067
 69 -155.8659217877095
 124 -153.854748603352
 41 -151.8435754189944
 70 -149.8324022346369
 212 -147.8212290502793
 702 -145.8100558659218
 131 -143.7988826815642
 109 -141.7877094972067
 176 -139.7765363128491
 113 -137.7653631284916
 3 -135.7541899441341
 159 -133.7430167597765
 149 -131.731843575419
 85 -129.7206703910614
 198 -127.7094972067039
 236 -125.6983240223464
 127 -123.6871508379888
 241 -121.6759776536313
 212 -119.6648044692737
 2 -117.6536312849162
 118 -115.6424581005587
 133 -113.6312849162011
 133 -111.6201117318436
 14 -109.608938547486
 30 -107.5977653631285
 19 -105.5865921787709
 9 -103.5754189944134
 1 -101.5642458100559
 0 -99.55307262569832
 0 -97.54189944134077
 3 -95.53072625698323
 5 -93.5195530726257
 8916 -91.50837988826815
 8 -89.49720670391061
 2 -87.48603351955308
 0 -85.47486033519553
 0 -83.46368715083798
 3 -81.45251396648044
 10 -79.44134078212289
 8 -77.43016759776536
 63 -75.41899441340782
 23 -73.40782122905027
 52 -71.39664804469274
 127 -69.38547486033519
 86 -67.37430167597765
 116 -65.3631284916201
 55 -63.35195530726256
 301 -61.34078212290503
 169 -59.32960893854748
 254 -57.31843575418993
 102 -55.3072625698324
 73 -53.29608938547486
 253 -51.28491620111731
 42 -49.27374301675977
 117 -47.26256983240222
 2 -45.25139664804468
 302 -43.24022346368713
 4 -41.22905027932961
 165 -39.21787709497207
 343 -37.20670391061452
 494 -35.19553072625698
 120 -33.18435754189943
 65 -31.17318435754188
 157 -29.16201117318434
 13 -27.15083798882682
 55 -25.13966480446928
 686 -23.12849162011173
 173 -21.11731843575419
 51 -19.10614525139664
 10 -17.09497206703909
 48 -15.08379888268155
 188 -13.072625698324
 10 -11.06145251396646
 662 -9.050279329608941
 4 -7.039106145251395
 113 -5.02793296089385
 27 -3.016759776536304
 2 -1.005586592178759
 21 1.005586592178787
 150 3.016759776536333
 0 5.02793296089385
 610 7.039106145251395
 9 9.050279329608941
 165 11.06145251396649
 58 13.07262569832403
 16 15.08379888268158
 68 17.09497206703912
 142 19.10614525139667
 533 21.11731843575421
 63 23.12849162011173
 99 25.13966480446928
 125 27.15083798882682
 81 29.16201117318437
 270 31.17318435754191
 300 33.18435754189946
 276 35.195530726257
 186 37.20670391061452
 41 39.21787709497207
 323 41.22905027932961
 0 43.24022346368716
 138 45.2513966480447
 48 47.26256983240225
 271 49.27374301675979
 113 51.28491620111734
 214 53.29608938547489
 104 55.3072625698324
 160 57.31843575418995
 316 59.32960893854749
 71 61.34078212290504
 137 63.35195530726259
 104 65.36312849162013
 130 67.37430167597768
 51 69.38547486033519
 37 71.39664804469274
 60 73.40782122905028
 10 75.41899441340783
 6 77.43016759776538
 4 79.44134078212289
 0 81.45251396648047
 2 83.46368715083798
 2 85.47486033519556
 16 87.48603351955308
 8469 89.49720670391065
 5 91.50837988826817
 6 93.51955307262574
 1 95.53072625698326
 1 97.54189944134077
 1 99.55307262569835
 18 101.5642458100559
 25 103.5754189944134
 38 105.586592178771
 31 107.5977653631285
 123 109.608938547486
 155 111.6201117318436
 150 113.6312849162011
 3 115.6424581005587
 220 117.6536312849162
 168 119.6648044692737
 102 121.6759776536313
 174 123.6871508379888
 191 125.6983240223464
 104 127.7094972067039
 199 129.7206703910614
 199 131.731843575419
 3 133.7430167597765
 132 135.7541899441341
 204 137.7653631284916
 119 139.7765363128492
 161 141.7877094972067
 538 143.7988826815642
 144 145.8100558659218
 229 147.8212290502793
 48 149.8324022346369
 174 151.8435754189944
 60 153.854748603352
 501 155.8659217877095
 61 157.8770949720671
 150 159.8882681564246
 84 161.8994413407821
 48 163.9106145251397
 19 165.9217877094972
 155 167.9329608938548
 275 169.9441340782123
 381 171.9553072625699
 4 173.9664804469274
 159 175.9776536312849
 2 177.9888268156425
 0 180


