# Created by Octave 3.8.2, Sun Jun 21 08:01:28 2020 CEST <damian@fptrucha.inv.usc.es>
# name: hd
# type: matrix
# rows: 180
# columns: 2
 2 -180
 183 -177.9888268156425
 4 -175.9776536312849
 346 -173.9664804469274
 246 -171.9553072625698
 159 -169.9441340782123
 28 -167.9329608938548
 37 -165.9217877094972
 55 -163.9106145251397
 143 -161.8994413407821
 33 -159.8882681564246
 617 -157.877094972067
 64 -155.8659217877095
 124 -153.854748603352
 38 -151.8435754189944
 66 -149.8324022346369
 221 -147.8212290502793
 628 -145.8100558659218
 132 -143.7988826815642
 94 -141.7877094972067
 173 -139.7765363128491
 94 -137.7653631284916
 2 -135.7541899441341
 164 -133.7430167597765
 154 -131.731843575419
 69 -129.7206703910614
 184 -127.7094972067039
 263 -125.6983240223464
 102 -123.6871508379888
 215 -121.6759776536313
 169 -119.6648044692737
 3 -117.6536312849162
 95 -115.6424581005587
 107 -113.6312849162011
 124 -111.6201117318436
 11 -109.608938547486
 25 -107.5977653631285
 24 -105.5865921787709
 16 -103.5754189944134
 3 -101.5642458100559
 0 -99.55307262569832
 1 -97.54189944134077
 2 -95.53072625698323
 1 -93.5195530726257
 8297 -91.50837988826815
 7 -89.49720670391061
 1 -87.48603351955308
 0 -85.47486033519553
 1 -83.46368715083798
 0 -81.45251396648044
 6 -79.44134078212289
 2 -77.43016759776536
 42 -75.41899441340782
 26 -73.40782122905027
 40 -71.39664804469274
 124 -69.38547486033519
 79 -67.37430167597765
 101 -65.3631284916201
 56 -63.35195530726256
 261 -61.34078212290503
 158 -59.32960893854748
 229 -57.31843575418993
 103 -55.3072625698324
 73 -53.29608938547486
 240 -51.28491620111731
 65 -49.27374301675977
 114 -47.26256983240222
 3 -45.25139664804468
 278 -43.24022346368713
 5 -41.22905027932961
 156 -39.21787709497207
 312 -37.20670391061452
 454 -35.19553072625698
 100 -33.18435754189943
 66 -31.17318435754188
 154 -29.16201117318434
 15 -27.15083798882682
 57 -25.13966480446928
 668 -23.12849162011173
 129 -21.11731843575419
 44 -19.10614525139664
 5 -17.09497206703909
 41 -15.08379888268155
 181 -13.072625698324
 8 -11.06145251396646
 579 -9.050279329608941
 3 -7.039106145251395
 136 -5.02793296089385
 21 -3.016759776536304
 0 -1.005586592178759
 19 1.005586592178787
 127 3.016759776536333
 2 5.02793296089385
 594 7.039106145251395
 10 9.050279329608941
 132 11.06145251396649
 41 13.07262569832403
 11 15.08379888268158
 47 17.09497206703912
 112 19.10614525139667
 532 21.11731843575421
 53 23.12849162011173
 91 25.13966480446928
 110 27.15083798882682
 57 29.16201117318437
 199 31.17318435754191
 318 33.18435754189946
 217 35.195530726257
 160 37.20670391061452
 47 39.21787709497207
 288 41.22905027932961
 0 43.24022346368716
 106 45.2513966480447
 67 47.26256983240225
 223 49.27374301675979
 81 51.28491620111734
 226 53.29608938547489
 86 55.3072625698324
 143 57.31843575418995
 222 59.32960893854749
 56 61.34078212290504
 105 63.35195530726259
 68 65.36312849162013
 120 67.37430167597768
 56 69.38547486033519
 28 71.39664804469274
 44 73.40782122905028
 11 75.41899441340783
 7 77.43016759776538
 2 79.44134078212289
 0 81.45251396648047
 0 83.46368715083798
 2 85.47486033519556
 11 87.48603351955308
 7767 89.49720670391065
 5 91.50837988826817
 3 93.51955307262574
 1 95.53072625698326
 0 97.54189944134077
 7 99.55307262569835
 12 101.5642458100559
 25 103.5754189944134
 33 105.586592178771
 22 107.5977653631285
 108 109.608938547486
 135 111.6201117318436
 121 113.6312849162011
 3 115.6424581005587
 205 117.6536312849162
 139 119.6648044692737
 91 121.6759776536313
 171 123.6871508379888
 180 125.6983240223464
 77 127.7094972067039
 180 129.7206703910614
 160 131.731843575419
 3 133.7430167597765
 143 135.7541899441341
 174 137.7653631284916
 91 139.7765363128492
 130 141.7877094972067
 466 143.7988826815642
 131 145.8100558659218
 179 147.8212290502793
 45 149.8324022346369
 168 151.8435754189944
 65 153.854748603352
 477 155.8659217877095
 48 157.8770949720671
 138 159.8882681564246
 59 161.8994413407821
 35 163.9106145251397
 13 165.9217877094972
 145 167.9329608938548
 234 169.9441340782123
 336 171.9553072625699
 1 173.9664804469274
 151 175.9776536312849
 6 177.9888268156425
 0 180


