# Created by Octave 3.8.2, Tue Jun 23 00:26:20 2020 CEST <damian@fptrucha.inv.usc.es>
# name: hd
# type: matrix
# rows: 180
# columns: 2
 2 -180
 180 -177.9888268156425
 5 -175.9776536312849
 387 -173.9664804469274
 285 -171.9553072625698
 155 -169.9441340782123
 40 -167.9329608938548
 44 -165.9217877094972
 72 -163.9106145251397
 188 -161.8994413407821
 49 -159.8882681564246
 619 -157.877094972067
 79 -155.8659217877095
 154 -153.854748603352
 43 -151.8435754189944
 102 -149.8324022346369
 240 -147.8212290502793
 644 -145.8100558659218
 128 -143.7988826815642
 99 -141.7877094972067
 184 -139.7765363128491
 142 -137.7653631284916
 8 -135.7541899441341
 192 -133.7430167597765
 162 -131.731843575419
 81 -129.7206703910614
 187 -127.7094972067039
 239 -125.6983240223464
 111 -123.6871508379888
 215 -121.6759776536313
 204 -119.6648044692737
 4 -117.6536312849162
 148 -115.6424581005587
 140 -113.6312849162011
 147 -111.6201117318436
 24 -109.608938547486
 46 -107.5977653631285
 38 -105.5865921787709
 13 -103.5754189944134
 1 -101.5642458100559
 0 -99.55307262569832
 2 -97.54189944134077
 2 -95.53072625698323
 10 -93.5195530726257
 8805 -91.50837988826815
 11 -89.49720670391061
 6 -87.48603351955308
 1 -85.47486033519553
 1 -83.46368715083798
 2 -81.45251396648044
 15 -79.44134078212289
 13 -77.43016759776536
 67 -75.41899441340782
 40 -73.40782122905027
 59 -71.39664804469274
 137 -69.38547486033519
 74 -67.37430167597765
 118 -65.3631284916201
 71 -63.35195530726256
 264 -61.34078212290503
 148 -59.32960893854748
 259 -57.31843575418993
 114 -55.3072625698324
 91 -53.29608938547486
 239 -51.28491620111731
 80 -49.27374301675977
 104 -47.26256983240222
 2 -45.25139664804468
 288 -43.24022346368713
 3 -41.22905027932961
 176 -39.21787709497207
 313 -37.20670391061452
 476 -35.19553072625698
 144 -33.18435754189943
 66 -31.17318435754188
 165 -29.16201117318434
 8 -27.15083798882682
 71 -25.13966480446928
 661 -23.12849162011173
 141 -21.11731843575419
 50 -19.10614525139664
 10 -17.09497206703909
 54 -15.08379888268155
 182 -13.072625698324
 17 -11.06145251396646
 627 -9.050279329608941
 3 -7.039106145251395
 155 -5.02793296089385
 22 -3.016759776536304
 4 -1.005586592178759
 21 1.005586592178787
 136 3.016759776536333
 3 5.02793296089385
 540 7.039106145251395
 6 9.050279329608941
 153 11.06145251396649
 47 13.07262569832403
 13 15.08379888268158
 68 17.09497206703912
 150 19.10614525139667
 555 21.11731843575421
 52 23.12849162011173
 94 25.13966480446928
 99 27.15083798882682
 68 29.16201117318437
 198 31.17318435754191
 355 33.18435754189946
 258 35.195530726257
 155 37.20670391061452
 36 39.21787709497207
 295 41.22905027932961
 3 43.24022346368716
 124 45.2513966480447
 76 47.26256983240225
 220 49.27374301675979
 83 51.28491620111734
 220 53.29608938547489
 87 55.3072625698324
 137 57.31843575418995
 273 59.32960893854749
 46 61.34078212290504
 118 63.35195530726259
 80 65.36312849162013
 115 67.37430167597768
 56 69.38547486033519
 23 71.39664804469274
 50 73.40782122905028
 11 75.41899441340783
 11 77.43016759776538
 1 79.44134078212289
 0 81.45251396648047
 1 83.46368715083798
 4 85.47486033519556
 12 87.48603351955308
 8004 89.49720670391065
 12 91.50837988826817
 3 93.51955307262574
 0 95.53072625698326
 0 97.54189944134077
 6 99.55307262569835
 16 101.5642458100559
 18 103.5754189944134
 39 105.586592178771
 28 107.5977653631285
 106 109.608938547486
 117 111.6201117318436
 149 113.6312849162011
 3 115.6424581005587
 216 117.6536312849162
 188 119.6648044692737
 109 121.6759776536313
 188 123.6871508379888
 183 125.6983240223464
 97 127.7094972067039
 175 129.7206703910614
 206 131.731843575419
 3 133.7430167597765
 123 135.7541899441341
 163 137.7653631284916
 109 139.7765363128492
 121 141.7877094972067
 526 143.7988826815642
 129 145.8100558659218
 202 147.8212290502793
 44 149.8324022346369
 132 151.8435754189944
 53 153.854748603352
 513 155.8659217877095
 50 157.8770949720671
 145 159.8882681564246
 84 161.8994413407821
 42 163.9106145251397
 13 165.9217877094972
 129 167.9329608938548
 235 169.9441340782123
 354 171.9553072625699
 2 173.9664804469274
 162 175.9776536312849
 4 177.9888268156425
 0 180


