# Created by Octave 3.8.2, Sun Jun 21 02:57:10 2020 CEST <damian@fptrucha.inv.usc.es>
# name: hd
# type: matrix
# rows: 180
# columns: 2
 4 -180
 132 -177.9888268156425
 0 -175.9776536312849
 348 -173.9664804469274
 242 -171.9553072625698
 143 -169.9441340782123
 33 -167.9329608938548
 36 -165.9217877094972
 55 -163.9106145251397
 161 -161.8994413407821
 26 -159.8882681564246
 604 -157.877094972067
 68 -155.8659217877095
 102 -153.854748603352
 27 -151.8435754189944
 58 -149.8324022346369
 200 -147.8212290502793
 613 -145.8100558659218
 117 -143.7988826815642
 95 -141.7877094972067
 154 -139.7765363128491
 94 -137.7653631284916
 4 -135.7541899441341
 128 -133.7430167597765
 162 -131.731843575419
 79 -129.7206703910614
 161 -127.7094972067039
 215 -125.6983240223464
 83 -123.6871508379888
 188 -121.6759776536313
 176 -119.6648044692737
 4 -117.6536312849162
 105 -115.6424581005587
 79 -113.6312849162011
 125 -111.6201117318436
 14 -109.608938547486
 31 -107.5977653631285
 22 -105.5865921787709
 8 -103.5754189944134
 2 -101.5642458100559
 0 -99.55307262569832
 1 -97.54189944134077
 5 -95.53072625698323
 4 -93.5195530726257
 7947 -91.50837988826815
 7 -89.49720670391061
 2 -87.48603351955308
 0 -85.47486033519553
 1 -83.46368715083798
 0 -81.45251396648044
 9 -79.44134078212289
 7 -77.43016759776536
 49 -75.41899441340782
 23 -73.40782122905027
 43 -71.39664804469274
 100 -69.38547486033519
 71 -67.37430167597765
 98 -65.3631284916201
 44 -63.35195530726256
 249 -61.34078212290503
 156 -59.32960893854748
 214 -57.31843575418993
 93 -55.3072625698324
 82 -53.29608938547486
 213 -51.28491620111731
 52 -49.27374301675977
 102 -47.26256983240222
 2 -45.25139664804468
 275 -43.24022346368713
 2 -41.22905027932961
 161 -39.21787709497207
 299 -37.20670391061452
 468 -35.19553072625698
 107 -33.18435754189943
 67 -31.17318435754188
 128 -29.16201117318434
 5 -27.15083798882682
 59 -25.13966480446928
 624 -23.12849162011173
 162 -21.11731843575419
 48 -19.10614525139664
 11 -17.09497206703909
 35 -15.08379888268155
 138 -13.072625698324
 8 -11.06145251396646
 558 -9.050279329608941
 3 -7.039106145251395
 119 -5.02793296089385
 25 -3.016759776536304
 0 -1.005586592178759
 21 1.005586592178787
 127 3.016759776536333
 0 5.02793296089385
 537 7.039106145251395
 8 9.050279329608941
 129 11.06145251396649
 35 13.07262569832403
 12 15.08379888268158
 65 17.09497206703912
 104 19.10614525139667
 510 21.11731843575421
 56 23.12849162011173
 71 25.13966480446928
 91 27.15083798882682
 46 29.16201117318437
 214 31.17318435754191
 298 33.18435754189946
 221 35.195530726257
 169 37.20670391061452
 26 39.21787709497207
 257 41.22905027932961
 1 43.24022346368716
 111 45.2513966480447
 64 47.26256983240225
 199 49.27374301675979
 76 51.28491620111734
 196 53.29608938547489
 87 55.3072625698324
 132 57.31843575418995
 234 59.32960893854749
 54 61.34078212290504
 107 63.35195530726259
 74 65.36312849162013
 93 67.37430167597768
 42 69.38547486033519
 25 71.39664804469274
 39 73.40782122905028
 8 75.41899441340783
 9 77.43016759776538
 6 79.44134078212289
 0 81.45251396648047
 1 83.46368715083798
 6 85.47486033519556
 6 87.48603351955308
 7352 89.49720670391065
 6 91.50837988826817
 1 93.51955307262574
 0 95.53072625698326
 1 97.54189944134077
 5 99.55307262569835
 8 101.5642458100559
 23 103.5754189944134
 40 105.586592178771
 18 107.5977653631285
 113 109.608938547486
 126 111.6201117318436
 111 113.6312849162011
 2 115.6424581005587
 215 117.6536312849162
 162 119.6648044692737
 83 121.6759776536313
 166 123.6871508379888
 160 125.6983240223464
 88 127.7094972067039
 164 129.7206703910614
 177 131.731843575419
 3 133.7430167597765
 120 135.7541899441341
 168 137.7653631284916
 88 139.7765363128492
 104 141.7877094972067
 437 143.7988826815642
 146 145.8100558659218
 165 147.8212290502793
 30 149.8324022346369
 145 151.8435754189944
 52 153.854748603352
 473 155.8659217877095
 55 157.8770949720671
 109 159.8882681564246
 62 161.8994413407821
 54 163.9106145251397
 12 165.9217877094972
 113 167.9329608938548
 223 169.9441340782123
 309 171.9553072625699
 2 173.9664804469274
 143 175.9776536312849
 3 177.9888268156425
 0 180


