# Created by Octave 3.8.2, Mon Jun 22 14:44:41 2020 CEST <damian@fptrucha.inv.usc.es>
# name: hd
# type: matrix
# rows: 180
# columns: 2
 4 -180
 175 -177.9888268156425
 3 -175.9776536312849
 369 -173.9664804469274
 235 -171.9553072625698
 142 -169.9441340782123
 26 -167.9329608938548
 55 -165.9217877094972
 68 -163.9106145251397
 157 -161.8994413407821
 52 -159.8882681564246
 547 -157.877094972067
 69 -155.8659217877095
 145 -153.854748603352
 38 -151.8435754189944
 74 -149.8324022346369
 223 -147.8212290502793
 603 -145.8100558659218
 111 -143.7988826815642
 99 -141.7877094972067
 150 -139.7765363128491
 107 -137.7653631284916
 5 -135.7541899441341
 169 -133.7430167597765
 165 -131.731843575419
 78 -129.7206703910614
 207 -127.7094972067039
 207 -125.6983240223464
 98 -123.6871508379888
 188 -121.6759776536313
 155 -119.6648044692737
 3 -117.6536312849162
 112 -115.6424581005587
 122 -113.6312849162011
 116 -111.6201117318436
 28 -109.608938547486
 43 -107.5977653631285
 21 -105.5865921787709
 12 -103.5754189944134
 3 -101.5642458100559
 0 -99.55307262569832
 3 -97.54189944134077
 3 -95.53072625698323
 6 -93.5195530726257
 7937 -91.50837988826815
 13 -89.49720670391061
 4 -87.48603351955308
 2 -85.47486033519553
 1 -83.46368715083798
 4 -81.45251396648044
 9 -79.44134078212289
 3 -77.43016759776536
 53 -75.41899441340782
 24 -73.40782122905027
 59 -71.39664804469274
 106 -69.38547486033519
 74 -67.37430167597765
 121 -65.3631284916201
 66 -63.35195530726256
 258 -61.34078212290503
 149 -59.32960893854748
 195 -57.31843575418993
 74 -55.3072625698324
 65 -53.29608938547486
 209 -51.28491620111731
 61 -49.27374301675977
 125 -47.26256983240222
 4 -45.25139664804468
 296 -43.24022346368713
 4 -41.22905027932961
 140 -39.21787709497207
 286 -37.20670391061452
 428 -35.19553072625698
 129 -33.18435754189943
 66 -31.17318435754188
 149 -29.16201117318434
 9 -27.15083798882682
 80 -25.13966480446928
 576 -23.12849162011173
 138 -21.11731843575419
 53 -19.10614525139664
 13 -17.09497206703909
 51 -15.08379888268155
 167 -13.072625698324
 5 -11.06145251396646
 547 -9.050279329608941
 0 -7.039106145251395
 130 -5.02793296089385
 22 -3.016759776536304
 3 -1.005586592178759
 14 1.005586592178787
 124 3.016759776536333
 2 5.02793296089385
 529 7.039106145251395
 11 9.050279329608941
 144 11.06145251396649
 43 13.07262569832403
 15 15.08379888268158
 46 17.09497206703912
 145 19.10614525139667
 513 21.11731843575421
 41 23.12849162011173
 80 25.13966480446928
 94 27.15083798882682
 70 29.16201117318437
 191 31.17318435754191
 313 33.18435754189946
 261 35.195530726257
 166 37.20670391061452
 29 39.21787709497207
 312 41.22905027932961
 1 43.24022346368716
 136 45.2513966480447
 58 47.26256983240225
 230 49.27374301675979
 88 51.28491620111734
 211 53.29608938547489
 77 55.3072625698324
 164 57.31843575418995
 259 59.32960893854749
 60 61.34078212290504
 113 63.35195530726259
 77 65.36312849162013
 127 67.37430167597768
 46 69.38547486033519
 33 71.39664804469274
 49 73.40782122905028
 7 75.41899441340783
 7 77.43016759776538
 3 79.44134078212289
 1 81.45251396648047
 2 83.46368715083798
 5 85.47486033519556
 18 87.48603351955308
 7693 89.49720670391065
 8 91.50837988826817
 2 93.51955307262574
 1 95.53072625698326
 0 97.54189944134077
 8 99.55307262569835
 14 101.5642458100559
 30 103.5754189944134
 40 105.586592178771
 27 107.5977653631285
 117 109.608938547486
 103 111.6201117318436
 152 113.6312849162011
 3 115.6424581005587
 236 117.6536312849162
 154 119.6648044692737
 112 121.6759776536313
 185 123.6871508379888
 170 125.6983240223464
 84 127.7094972067039
 188 129.7206703910614
 178 131.731843575419
 0 133.7430167597765
 114 135.7541899441341
 182 137.7653631284916
 110 139.7765363128492
 139 141.7877094972067
 508 143.7988826815642
 101 145.8100558659218
 227 147.8212290502793
 49 149.8324022346369
 142 151.8435754189944
 59 153.854748603352
 499 155.8659217877095
 45 157.8770949720671
 135 159.8882681564246
 59 161.8994413407821
 59 163.9106145251397
 24 165.9217877094972
 159 167.9329608938548
 239 169.9441340782123
 376 171.9553072625699
 5 173.9664804469274
 175 175.9776536312849
 6 177.9888268156425
 0 180


