# Created by Octave 3.8.2, Sat Jun 20 15:55:18 2020 CEST <damian@fptrucha.inv.usc.es>
# name: hd
# type: matrix
# rows: 180
# columns: 2
 1 -180
 174 -177.9888268156425
 4 -175.9776536312849
 364 -173.9664804469274
 260 -171.9553072625698
 164 -169.9441340782123
 26 -167.9329608938548
 28 -165.9217877094972
 56 -163.9106145251397
 188 -161.8994413407821
 40 -159.8882681564246
 682 -157.877094972067
 66 -155.8659217877095
 120 -153.854748603352
 34 -151.8435754189944
 71 -149.8324022346369
 223 -147.8212290502793
 631 -145.8100558659218
 137 -143.7988826815642
 93 -141.7877094972067
 165 -139.7765363128491
 95 -137.7653631284916
 3 -135.7541899441341
 150 -133.7430167597765
 160 -131.731843575419
 60 -129.7206703910614
 159 -127.7094972067039
 250 -125.6983240223464
 99 -123.6871508379888
 185 -121.6759776536313
 190 -119.6648044692737
 4 -117.6536312849162
 102 -115.6424581005587
 130 -113.6312849162011
 115 -111.6201117318436
 14 -109.608938547486
 24 -107.5977653631285
 26 -105.5865921787709
 13 -103.5754189944134
 3 -101.5642458100559
 1 -99.55307262569832
 1 -97.54189944134077
 1 -95.53072625698323
 5 -93.5195530726257
 8217 -91.50837988826815
 8 -89.49720670391061
 4 -87.48603351955308
 1 -85.47486033519553
 0 -83.46368715083798
 2 -81.45251396648044
 1 -79.44134078212289
 4 -77.43016759776536
 48 -75.41899441340782
 26 -73.40782122905027
 50 -71.39664804469274
 115 -69.38547486033519
 77 -67.37430167597765
 101 -65.3631284916201
 62 -63.35195530726256
 265 -61.34078212290503
 159 -59.32960893854748
 235 -57.31843575418993
 89 -55.3072625698324
 83 -53.29608938547486
 238 -51.28491620111731
 51 -49.27374301675977
 108 -47.26256983240222
 2 -45.25139664804468
 251 -43.24022346368713
 2 -41.22905027932961
 142 -39.21787709497207
 330 -37.20670391061452
 471 -35.19553072625698
 111 -33.18435754189943
 59 -31.17318435754188
 146 -29.16201117318434
 13 -27.15083798882682
 50 -25.13966480446928
 631 -23.12849162011173
 146 -21.11731843575419
 60 -19.10614525139664
 13 -17.09497206703909
 41 -15.08379888268155
 169 -13.072625698324
 2 -11.06145251396646
 589 -9.050279329608941
 1 -7.039106145251395
 132 -5.02793296089385
 15 -3.016759776536304
 2 -1.005586592178759
 18 1.005586592178787
 130 3.016759776536333
 0 5.02793296089385
 558 7.039106145251395
 7 9.050279329608941
 144 11.06145251396649
 48 13.07262569832403
 10 15.08379888268158
 66 17.09497206703912
 115 19.10614525139667
 491 21.11731843575421
 64 23.12849162011173
 101 25.13966480446928
 119 27.15083798882682
 47 29.16201117318437
 263 31.17318435754191
 334 33.18435754189946
 233 35.195530726257
 159 37.20670391061452
 44 39.21787709497207
 276 41.22905027932961
 2 43.24022346368716
 124 45.2513966480447
 48 47.26256983240225
 246 49.27374301675979
 83 51.28491620111734
 214 53.29608938547489
 74 55.3072625698324
 125 57.31843575418995
 271 59.32960893854749
 68 61.34078212290504
 109 63.35195530726259
 88 65.36312849162013
 103 67.37430167597768
 45 69.38547486033519
 24 71.39664804469274
 43 73.40782122905028
 9 75.41899441340783
 5 77.43016759776538
 1 79.44134078212289
 0 81.45251396648047
 1 83.46368715083798
 4 85.47486033519556
 10 87.48603351955308
 8048 89.49720670391065
 1 91.50837988826817
 2 93.51955307262574
 0 95.53072625698326
 1 97.54189944134077
 2 99.55307262569835
 19 101.5642458100559
 25 103.5754189944134
 26 105.586592178771
 30 107.5977653631285
 106 109.608938547486
 108 111.6201117318436
 120 113.6312849162011
 3 115.6424581005587
 210 117.6536312849162
 173 119.6648044692737
 89 121.6759776536313
 206 123.6871508379888
 202 125.6983240223464
 89 127.7094972067039
 185 129.7206703910614
 185 131.731843575419
 2 133.7430167597765
 118 135.7541899441341
 187 137.7653631284916
 105 139.7765363128492
 139 141.7877094972067
 462 143.7988826815642
 127 145.8100558659218
 212 147.8212290502793
 46 149.8324022346369
 138 151.8435754189944
 76 153.854748603352
 462 155.8659217877095
 59 157.8770949720671
 116 159.8882681564246
 76 161.8994413407821
 39 163.9106145251397
 19 165.9217877094972
 129 167.9329608938548
 241 169.9441340782123
 338 171.9553072625699
 3 173.9664804469274
 156 175.9776536312849
 3 177.9888268156425
 0 180


