# Created by Octave 3.8.2, Sat Jun 20 13:53:33 2020 CEST <damian@fptrucha.inv.usc.es>
# name: hd
# type: matrix
# rows: 180
# columns: 2
 1 -180
 136 -177.9888268156425
 2 -175.9776536312849
 425 -173.9664804469274
 254 -171.9553072625698
 175 -169.9441340782123
 26 -167.9329608938548
 45 -165.9217877094972
 55 -163.9106145251397
 162 -161.8994413407821
 49 -159.8882681564246
 664 -157.877094972067
 74 -155.8659217877095
 138 -153.854748603352
 42 -151.8435754189944
 71 -149.8324022346369
 226 -147.8212290502793
 637 -145.8100558659218
 149 -143.7988826815642
 85 -141.7877094972067
 152 -139.7765363128491
 102 -137.7653631284916
 3 -135.7541899441341
 156 -133.7430167597765
 165 -131.731843575419
 81 -129.7206703910614
 190 -127.7094972067039
 212 -125.6983240223464
 112 -123.6871508379888
 223 -121.6759776536313
 231 -119.6648044692737
 4 -117.6536312849162
 114 -115.6424581005587
 131 -113.6312849162011
 124 -111.6201117318436
 18 -109.608938547486
 35 -107.5977653631285
 24 -105.5865921787709
 14 -103.5754189944134
 3 -101.5642458100559
 0 -99.55307262569832
 1 -97.54189944134077
 1 -95.53072625698323
 4 -93.5195530726257
 8368 -91.50837988826815
 9 -89.49720670391061
 6 -87.48603351955308
 1 -85.47486033519553
 1 -83.46368715083798
 2 -81.45251396648044
 3 -79.44134078212289
 3 -77.43016759776536
 48 -75.41899441340782
 32 -73.40782122905027
 54 -71.39664804469274
 113 -69.38547486033519
 78 -67.37430167597765
 97 -65.3631284916201
 43 -63.35195530726256
 272 -61.34078212290503
 165 -59.32960893854748
 235 -57.31843575418993
 89 -55.3072625698324
 89 -53.29608938547486
 209 -51.28491620111731
 63 -49.27374301675977
 102 -47.26256983240222
 0 -45.25139664804468
 276 -43.24022346368713
 3 -41.22905027932961
 158 -39.21787709497207
 319 -37.20670391061452
 486 -35.19553072625698
 104 -33.18435754189943
 50 -31.17318435754188
 160 -29.16201117318434
 10 -27.15083798882682
 63 -25.13966480446928
 704 -23.12849162011173
 152 -21.11731843575419
 45 -19.10614525139664
 7 -17.09497206703909
 42 -15.08379888268155
 176 -13.072625698324
 4 -11.06145251396646
 636 -9.050279329608941
 3 -7.039106145251395
 133 -5.02793296089385
 13 -3.016759776536304
 5 -1.005586592178759
 22 1.005586592178787
 143 3.016759776536333
 4 5.02793296089385
 580 7.039106145251395
 7 9.050279329608941
 127 11.06145251396649
 48 13.07262569832403
 12 15.08379888268158
 65 17.09497206703912
 116 19.10614525139667
 544 21.11731843575421
 60 23.12849162011173
 91 25.13966480446928
 118 27.15083798882682
 61 29.16201117318437
 231 31.17318435754191
 337 33.18435754189946
 254 35.195530726257
 189 37.20670391061452
 28 39.21787709497207
 302 41.22905027932961
 1 43.24022346368716
 122 45.2513966480447
 59 47.26256983240225
 239 49.27374301675979
 87 51.28491620111734
 194 53.29608938547489
 93 55.3072625698324
 142 57.31843575418995
 261 59.32960893854749
 91 61.34078212290504
 135 63.35195530726259
 80 65.36312849162013
 118 67.37430167597768
 57 69.38547486033519
 26 71.39664804469274
 48 73.40782122905028
 4 75.41899441340783
 4 77.43016759776538
 4 79.44134078212289
 1 81.45251396648047
 0 83.46368715083798
 5 85.47486033519556
 11 87.48603351955308
 8236 89.49720670391065
 3 91.50837988826817
 4 93.51955307262574
 0 95.53072625698326
 0 97.54189944134077
 4 99.55307262569835
 26 101.5642458100559
 25 103.5754189944134
 40 105.586592178771
 20 107.5977653631285
 130 109.608938547486
 132 111.6201117318436
 145 113.6312849162011
 0 115.6424581005587
 219 117.6536312849162
 158 119.6648044692737
 99 121.6759776536313
 194 123.6871508379888
 160 125.6983240223464
 88 127.7094972067039
 172 129.7206703910614
 207 131.731843575419
 5 133.7430167597765
 129 135.7541899441341
 168 137.7653631284916
 106 139.7765363128492
 145 141.7877094972067
 523 143.7988826815642
 133 145.8100558659218
 239 147.8212290502793
 48 149.8324022346369
 153 151.8435754189944
 72 153.854748603352
 526 155.8659217877095
 71 157.8770949720671
 147 159.8882681564246
 58 161.8994413407821
 49 163.9106145251397
 17 165.9217877094972
 132 167.9329608938548
 232 169.9441340782123
 348 171.9553072625699
 4 173.9664804469274
 183 175.9776536312849
 0 177.9888268156425
 0 180


