# Created by Octave 3.8.2, Mon Jun 22 21:01:17 2020 CEST <damian@fptrucha.inv.usc.es>
# name: hd
# type: matrix
# rows: 180
# columns: 2
 8 -180
 203 -177.9888268156425
 5 -175.9776536312849
 385 -173.9664804469274
 261 -171.9553072625698
 140 -169.9441340782123
 40 -167.9329608938548
 41 -165.9217877094972
 55 -163.9106145251397
 147 -161.8994413407821
 44 -159.8882681564246
 610 -157.877094972067
 65 -155.8659217877095
 140 -153.854748603352
 45 -151.8435754189944
 66 -149.8324022346369
 251 -147.8212290502793
 624 -145.8100558659218
 165 -143.7988826815642
 102 -141.7877094972067
 191 -139.7765363128491
 132 -137.7653631284916
 3 -135.7541899441341
 175 -133.7430167597765
 169 -131.731843575419
 100 -129.7206703910614
 184 -127.7094972067039
 235 -125.6983240223464
 111 -123.6871508379888
 199 -121.6759776536313
 187 -119.6648044692737
 3 -117.6536312849162
 136 -115.6424581005587
 123 -113.6312849162011
 141 -111.6201117318436
 24 -109.608938547486
 41 -107.5977653631285
 22 -105.5865921787709
 15 -103.5754189944134
 4 -101.5642458100559
 0 -99.55307262569832
 2 -97.54189944134077
 5 -95.53072625698323
 11 -93.5195530726257
 8473 -91.50837988826815
 14 -89.49720670391061
 1 -87.48603351955308
 3 -85.47486033519553
 0 -83.46368715083798
 4 -81.45251396648044
 7 -79.44134078212289
 4 -77.43016759776536
 41 -75.41899441340782
 23 -73.40782122905027
 53 -71.39664804469274
 143 -69.38547486033519
 82 -67.37430167597765
 121 -65.3631284916201
 55 -63.35195530726256
 278 -61.34078212290503
 162 -59.32960893854748
 212 -57.31843575418993
 101 -55.3072625698324
 61 -53.29608938547486
 234 -51.28491620111731
 72 -49.27374301675977
 119 -47.26256983240222
 1 -45.25139664804468
 303 -43.24022346368713
 2 -41.22905027932961
 164 -39.21787709497207
 318 -37.20670391061452
 440 -35.19553072625698
 126 -33.18435754189943
 46 -31.17318435754188
 171 -29.16201117318434
 18 -27.15083798882682
 60 -25.13966480446928
 597 -23.12849162011173
 145 -21.11731843575419
 69 -19.10614525139664
 15 -17.09497206703909
 41 -15.08379888268155
 168 -13.072625698324
 8 -11.06145251396646
 554 -9.050279329608941
 1 -7.039106145251395
 134 -5.02793296089385
 19 -3.016759776536304
 2 -1.005586592178759
 28 1.005586592178787
 119 3.016759776536333
 3 5.02793296089385
 569 7.039106145251395
 12 9.050279329608941
 157 11.06145251396649
 53 13.07262569832403
 12 15.08379888268158
 64 17.09497206703912
 128 19.10614525139667
 561 21.11731843575421
 62 23.12849162011173
 110 25.13966480446928
 114 27.15083798882682
 64 29.16201117318437
 224 31.17318435754191
 335 33.18435754189946
 252 35.195530726257
 138 37.20670391061452
 44 39.21787709497207
 312 41.22905027932961
 2 43.24022346368716
 128 45.2513966480447
 63 47.26256983240225
 233 49.27374301675979
 75 51.28491620111734
 195 53.29608938547489
 91 55.3072625698324
 129 57.31843575418995
 277 59.32960893854749
 67 61.34078212290504
 115 63.35195530726259
 82 65.36312849162013
 117 67.37430167597768
 55 69.38547486033519
 35 71.39664804469274
 55 73.40782122905028
 10 75.41899441340783
 13 77.43016759776538
 1 79.44134078212289
 1 81.45251396648047
 0 83.46368715083798
 5 85.47486033519556
 13 87.48603351955308
 7999 89.49720670391065
 10 91.50837988826817
 3 93.51955307262574
 0 95.53072625698326
 1 97.54189944134077
 5 99.55307262569835
 15 101.5642458100559
 25 103.5754189944134
 44 105.586592178771
 27 107.5977653631285
 128 109.608938547486
 121 111.6201117318436
 133 113.6312849162011
 4 115.6424581005587
 208 117.6536312849162
 179 119.6648044692737
 108 121.6759776536313
 200 123.6871508379888
 175 125.6983240223464
 88 127.7094972067039
 166 129.7206703910614
 210 131.731843575419
 3 133.7430167597765
 125 135.7541899441341
 223 137.7653631284916
 120 139.7765363128492
 146 141.7877094972067
 556 143.7988826815642
 133 145.8100558659218
 194 147.8212290502793
 58 149.8324022346369
 131 151.8435754189944
 69 153.854748603352
 502 155.8659217877095
 63 157.8770949720671
 136 159.8882681564246
 63 161.8994413407821
 48 163.9106145251397
 20 165.9217877094972
 122 167.9329608938548
 223 169.9441340782123
 378 171.9553072625699
 2 173.9664804469274
 149 175.9776536312849
 0 177.9888268156425
 0 180


