# Created by Octave 3.8.2, Sat Jun 20 14:38:59 2020 CEST <damian@fptrucha.inv.usc.es>
# name: hd
# type: matrix
# rows: 180
# columns: 2
 2 -180
 193 -177.9888268156425
 3 -175.9776536312849
 335 -173.9664804469274
 222 -171.9553072625698
 150 -169.9441340782123
 43 -167.9329608938548
 48 -165.9217877094972
 69 -163.9106145251397
 178 -161.8994413407821
 43 -159.8882681564246
 604 -157.877094972067
 77 -155.8659217877095
 131 -153.854748603352
 63 -151.8435754189944
 79 -149.8324022346369
 209 -147.8212290502793
 686 -145.8100558659218
 125 -143.7988826815642
 76 -141.7877094972067
 175 -139.7765363128491
 108 -137.7653631284916
 5 -135.7541899441341
 172 -133.7430167597765
 147 -131.731843575419
 76 -129.7206703910614
 186 -127.7094972067039
 260 -125.6983240223464
 107 -123.6871508379888
 203 -121.6759776536313
 185 -119.6648044692737
 5 -117.6536312849162
 106 -115.6424581005587
 98 -113.6312849162011
 137 -111.6201117318436
 24 -109.608938547486
 22 -107.5977653631285
 20 -105.5865921787709
 10 -103.5754189944134
 1 -101.5642458100559
 1 -99.55307262569832
 1 -97.54189944134077
 0 -95.53072625698323
 3 -93.5195530726257
 8430 -91.50837988826815
 13 -89.49720670391061
 1 -87.48603351955308
 0 -85.47486033519553
 1 -83.46368715083798
 0 -81.45251396648044
 5 -79.44134078212289
 5 -77.43016759776536
 48 -75.41899441340782
 20 -73.40782122905027
 48 -71.39664804469274
 119 -69.38547486033519
 68 -67.37430167597765
 87 -65.3631284916201
 51 -63.35195530726256
 268 -61.34078212290503
 151 -59.32960893854748
 228 -57.31843575418993
 102 -55.3072625698324
 82 -53.29608938547486
 221 -51.28491620111731
 55 -49.27374301675977
 104 -47.26256983240222
 2 -45.25139664804468
 281 -43.24022346368713
 5 -41.22905027932961
 166 -39.21787709497207
 291 -37.20670391061452
 438 -35.19553072625698
 112 -33.18435754189943
 44 -31.17318435754188
 153 -29.16201117318434
 9 -27.15083798882682
 61 -25.13966480446928
 635 -23.12849162011173
 160 -21.11731843575419
 51 -19.10614525139664
 14 -17.09497206703909
 31 -15.08379888268155
 153 -13.072625698324
 6 -11.06145251396646
 636 -9.050279329608941
 1 -7.039106145251395
 125 -5.02793296089385
 21 -3.016759776536304
 5 -1.005586592178759
 32 1.005586592178787
 138 3.016759776536333
 1 5.02793296089385
 573 7.039106145251395
 4 9.050279329608941
 147 11.06145251396649
 59 13.07262569832403
 10 15.08379888268158
 57 17.09497206703912
 127 19.10614525139667
 526 21.11731843575421
 60 23.12849162011173
 99 25.13966480446928
 114 27.15083798882682
 66 29.16201117318437
 235 31.17318435754191
 340 33.18435754189946
 239 35.195530726257
 142 37.20670391061452
 36 39.21787709497207
 268 41.22905027932961
 1 43.24022346368716
 125 45.2513966480447
 70 47.26256983240225
 231 49.27374301675979
 87 51.28491620111734
 213 53.29608938547489
 74 55.3072625698324
 134 57.31843575418995
 275 59.32960893854749
 71 61.34078212290504
 107 63.35195530726259
 91 65.36312849162013
 114 67.37430167597768
 67 69.38547486033519
 32 71.39664804469274
 49 73.40782122905028
 8 75.41899441340783
 2 77.43016759776538
 4 79.44134078212289
 0 81.45251396648047
 1 83.46368715083798
 5 85.47486033519556
 4 87.48603351955308
 8185 89.49720670391065
 6 91.50837988826817
 1 93.51955307262574
 2 95.53072625698326
 1 97.54189944134077
 2 99.55307262569835
 15 101.5642458100559
 18 103.5754189944134
 28 105.586592178771
 27 107.5977653631285
 115 109.608938547486
 115 111.6201117318436
 135 113.6312849162011
 3 115.6424581005587
 210 117.6536312849162
 164 119.6648044692737
 106 121.6759776536313
 184 123.6871508379888
 213 125.6983240223464
 80 127.7094972067039
 164 129.7206703910614
 182 131.731843575419
 4 133.7430167597765
 140 135.7541899441341
 198 137.7653631284916
 108 139.7765363128492
 148 141.7877094972067
 490 143.7988826815642
 130 145.8100558659218
 254 147.8212290502793
 66 149.8324022346369
 170 151.8435754189944
 60 153.854748603352
 488 155.8659217877095
 46 157.8770949720671
 130 159.8882681564246
 66 161.8994413407821
 58 163.9106145251397
 19 165.9217877094972
 127 167.9329608938548
 224 169.9441340782123
 373 171.9553072625699
 4 173.9664804469274
 161 175.9776536312849
 4 177.9888268156425
 0 180


