# Created by Octave 3.8.2, Mon Jun 22 09:59:28 2020 CEST <damian@fptrucha.inv.usc.es>
# name: hd
# type: matrix
# rows: 180
# columns: 2
 4 -180
 117 -177.9888268156425
 2 -175.9776536312849
 262 -173.9664804469274
 168 -171.9553072625698
 89 -169.9441340782123
 15 -167.9329608938548
 22 -165.9217877094972
 44 -163.9106145251397
 87 -161.8994413407821
 26 -159.8882681564246
 338 -157.877094972067
 34 -155.8659217877095
 90 -153.854748603352
 20 -151.8435754189944
 39 -149.8324022346369
 159 -147.8212290502793
 376 -145.8100558659218
 71 -143.7988826815642
 56 -141.7877094972067
 115 -139.7765363128491
 62 -137.7653631284916
 2 -135.7541899441341
 102 -133.7430167597765
 102 -131.731843575419
 70 -129.7206703910614
 131 -127.7094972067039
 128 -125.6983240223464
 63 -123.6871508379888
 104 -121.6759776536313
 140 -119.6648044692737
 2 -117.6536312849162
 76 -115.6424581005587
 66 -113.6312849162011
 68 -111.6201117318436
 15 -109.608938547486
 23 -107.5977653631285
 13 -105.5865921787709
 14 -103.5754189944134
 1 -101.5642458100559
 0 -99.55307262569832
 2 -97.54189944134077
 4 -95.53072625698323
 5 -93.5195530726257
 5081 -91.50837988826815
 3 -89.49720670391061
 4 -87.48603351955308
 0 -85.47486033519553
 1 -83.46368715083798
 4 -81.45251396648044
 4 -79.44134078212289
 4 -77.43016759776536
 39 -75.41899441340782
 18 -73.40782122905027
 35 -71.39664804469274
 57 -69.38547486033519
 50 -67.37430167597765
 66 -65.3631284916201
 35 -63.35195530726256
 144 -61.34078212290503
 93 -59.32960893854748
 132 -57.31843575418993
 61 -55.3072625698324
 49 -53.29608938547486
 135 -51.28491620111731
 35 -49.27374301675977
 73 -47.26256983240222
 2 -45.25139664804468
 189 -43.24022346368713
 3 -41.22905027932961
 84 -39.21787709497207
 186 -37.20670391061452
 258 -35.19553072625698
 75 -33.18435754189943
 36 -31.17318435754188
 103 -29.16201117318434
 7 -27.15083798882682
 34 -25.13966480446928
 402 -23.12849162011173
 88 -21.11731843575419
 35 -19.10614525139664
 9 -17.09497206703909
 17 -15.08379888268155
 117 -13.072625698324
 6 -11.06145251396646
 390 -9.050279329608941
 1 -7.039106145251395
 87 -5.02793296089385
 13 -3.016759776536304
 7 -1.005586592178759
 11 1.005586592178787
 74 3.016759776536333
 4 5.02793296089385
 369 7.039106145251395
 3 9.050279329608941
 92 11.06145251396649
 21 13.07262569832403
 8 15.08379888268158
 49 17.09497206703912
 74 19.10614525139667
 357 21.11731843575421
 45 23.12849162011173
 56 25.13966480446928
 59 27.15083798882682
 44 29.16201117318437
 133 31.17318435754191
 218 33.18435754189946
 164 35.195530726257
 101 37.20670391061452
 20 39.21787709497207
 178 41.22905027932961
 0 43.24022346368716
 88 45.2513966480447
 37 47.26256983240225
 170 49.27374301675979
 57 51.28491620111734
 139 53.29608938547489
 39 55.3072625698324
 100 57.31843575418995
 181 59.32960893854749
 46 61.34078212290504
 94 63.35195530726259
 54 65.36312849162013
 84 67.37430167597768
 37 69.38547486033519
 17 71.39664804469274
 34 73.40782122905028
 6 75.41899441340783
 5 77.43016759776538
 2 79.44134078212289
 0 81.45251396648047
 0 83.46368715083798
 2 85.47486033519556
 7 87.48603351955308
 4904 89.49720670391065
 7 91.50837988826817
 1 93.51955307262574
 2 95.53072625698326
 0 97.54189944134077
 1 99.55307262569835
 13 101.5642458100559
 18 103.5754189944134
 34 105.586592178771
 13 107.5977653631285
 70 109.608938547486
 75 111.6201117318436
 93 113.6312849162011
 2 115.6424581005587
 148 117.6536312849162
 115 119.6648044692737
 84 121.6759776536313
 146 123.6871508379888
 130 125.6983240223464
 62 127.7094972067039
 102 129.7206703910614
 114 131.731843575419
 1 133.7430167597765
 82 135.7541899441341
 150 137.7653631284916
 66 139.7765363128492
 90 141.7877094972067
 320 143.7988826815642
 76 145.8100558659218
 121 147.8212290502793
 28 149.8324022346369
 86 151.8435754189944
 41 153.854748603352
 301 155.8659217877095
 27 157.8770949720671
 99 159.8882681564246
 44 161.8994413407821
 21 163.9106145251397
 12 165.9217877094972
 102 167.9329608938548
 132 169.9441340782123
 234 171.9553072625699
 5 173.9664804469274
 115 175.9776536312849
 1 177.9888268156425
 0 180


