# Created by Octave 3.8.2, Mon Jun 22 12:41:58 2020 CEST <damian@fptrucha.inv.usc.es>
# name: hd
# type: matrix
# rows: 180
# columns: 2
 7 -180
 150 -177.9888268156425
 2 -175.9776536312849
 324 -173.9664804469274
 236 -171.9553072625698
 132 -169.9441340782123
 29 -167.9329608938548
 44 -165.9217877094972
 63 -163.9106145251397
 161 -161.8994413407821
 49 -159.8882681564246
 566 -157.877094972067
 65 -155.8659217877095
 117 -153.854748603352
 58 -151.8435754189944
 59 -149.8324022346369
 239 -147.8212290502793
 552 -145.8100558659218
 139 -143.7988826815642
 102 -141.7877094972067
 187 -139.7765363128491
 130 -137.7653631284916
 6 -135.7541899441341
 178 -133.7430167597765
 169 -131.731843575419
 90 -129.7206703910614
 158 -127.7094972067039
 226 -125.6983240223464
 95 -123.6871508379888
 186 -121.6759776536313
 184 -119.6648044692737
 3 -117.6536312849162
 118 -115.6424581005587
 117 -113.6312849162011
 140 -111.6201117318436
 21 -109.608938547486
 37 -107.5977653631285
 24 -105.5865921787709
 12 -103.5754189944134
 3 -101.5642458100559
 1 -99.55307262569832
 2 -97.54189944134077
 2 -95.53072625698323
 5 -93.5195530726257
 7849 -91.50837988826815
 17 -89.49720670391061
 5 -87.48603351955308
 2 -85.47486033519553
 0 -83.46368715083798
 2 -81.45251396648044
 5 -79.44134078212289
 2 -77.43016759776536
 59 -75.41899441340782
 30 -73.40782122905027
 47 -71.39664804469274
 98 -69.38547486033519
 69 -67.37430167597765
 124 -65.3631284916201
 51 -63.35195530726256
 267 -61.34078212290503
 143 -59.32960893854748
 201 -57.31843575418993
 96 -55.3072625698324
 84 -53.29608938547486
 210 -51.28491620111731
 57 -49.27374301675977
 107 -47.26256983240222
 2 -45.25139664804468
 311 -43.24022346368713
 4 -41.22905027932961
 143 -39.21787709497207
 297 -37.20670391061452
 432 -35.19553072625698
 110 -33.18435754189943
 45 -31.17318435754188
 161 -29.16201117318434
 16 -27.15083798882682
 53 -25.13966480446928
 594 -23.12849162011173
 136 -21.11731843575419
 61 -19.10614525139664
 12 -17.09497206703909
 39 -15.08379888268155
 168 -13.072625698324
 9 -11.06145251396646
 556 -9.050279329608941
 1 -7.039106145251395
 143 -5.02793296089385
 22 -3.016759776536304
 7 -1.005586592178759
 23 1.005586592178787
 153 3.016759776536333
 3 5.02793296089385
 550 7.039106145251395
 13 9.050279329608941
 138 11.06145251396649
 32 13.07262569832403
 13 15.08379888268158
 54 17.09497206703912
 133 19.10614525139667
 544 21.11731843575421
 64 23.12849162011173
 78 25.13966480446928
 98 27.15083798882682
 54 29.16201117318437
 215 31.17318435754191
 352 33.18435754189946
 278 35.195530726257
 142 37.20670391061452
 44 39.21787709497207
 300 41.22905027932961
 1 43.24022346368716
 127 45.2513966480447
 73 47.26256983240225
 235 49.27374301675979
 87 51.28491620111734
 194 53.29608938547489
 92 55.3072625698324
 131 57.31843575418995
 285 59.32960893854749
 50 61.34078212290504
 134 63.35195530726259
 77 65.36312849162013
 112 67.37430167597768
 55 69.38547486033519
 31 71.39664804469274
 46 73.40782122905028
 12 75.41899441340783
 13 77.43016759776538
 5 79.44134078212289
 1 81.45251396648047
 3 83.46368715083798
 1 85.47486033519556
 15 87.48603351955308
 7657 89.49720670391065
 9 91.50837988826817
 4 93.51955307262574
 2 95.53072625698326
 0 97.54189944134077
 2 99.55307262569835
 13 101.5642458100559
 32 103.5754189944134
 38 105.586592178771
 26 107.5977653631285
 116 109.608938547486
 115 111.6201117318436
 130 113.6312849162011
 2 115.6424581005587
 203 117.6536312849162
 178 119.6648044692737
 94 121.6759776536313
 183 123.6871508379888
 172 125.6983240223464
 106 127.7094972067039
 178 129.7206703910614
 156 131.731843575419
 2 133.7430167597765
 122 135.7541899441341
 190 137.7653631284916
 107 139.7765363128492
 133 141.7877094972067
 532 143.7988826815642
 139 145.8100558659218
 193 147.8212290502793
 53 149.8324022346369
 161 151.8435754189944
 71 153.854748603352
 500 155.8659217877095
 52 157.8770949720671
 130 159.8882681564246
 68 161.8994413407821
 47 163.9106145251397
 19 165.9217877094972
 141 167.9329608938548
 237 169.9441340782123
 331 171.9553072625699
 6 173.9664804469274
 171 175.9776536312849
 6 177.9888268156425
 0 180


