# Created by Octave 3.8.2, Mon Jun 22 14:27:52 2020 CEST <damian@fptrucha.inv.usc.es>
# name: hd
# type: matrix
# rows: 180
# columns: 2
 5 -180
 170 -177.9888268156425
 6 -175.9776536312849
 378 -173.9664804469274
 232 -171.9553072625698
 159 -169.9441340782123
 37 -167.9329608938548
 43 -165.9217877094972
 72 -163.9106145251397
 167 -161.8994413407821
 46 -159.8882681564246
 537 -157.877094972067
 79 -155.8659217877095
 128 -153.854748603352
 41 -151.8435754189944
 68 -149.8324022346369
 216 -147.8212290502793
 520 -145.8100558659218
 138 -143.7988826815642
 94 -141.7877094972067
 174 -139.7765363128491
 129 -137.7653631284916
 1 -135.7541899441341
 178 -133.7430167597765
 163 -131.731843575419
 71 -129.7206703910614
 170 -127.7094972067039
 206 -125.6983240223464
 105 -123.6871508379888
 170 -121.6759776536313
 192 -119.6648044692737
 8 -117.6536312849162
 111 -115.6424581005587
 103 -113.6312849162011
 109 -111.6201117318436
 14 -109.608938547486
 48 -107.5977653631285
 22 -105.5865921787709
 18 -103.5754189944134
 6 -101.5642458100559
 0 -99.55307262569832
 2 -97.54189944134077
 1 -95.53072625698323
 12 -93.5195530726257
 7941 -91.50837988826815
 15 -89.49720670391061
 1 -87.48603351955308
 2 -85.47486033519553
 1 -83.46368715083798
 2 -81.45251396648044
 8 -79.44134078212289
 11 -77.43016759776536
 45 -75.41899441340782
 27 -73.40782122905027
 47 -71.39664804469274
 121 -69.38547486033519
 66 -67.37430167597765
 107 -65.3631284916201
 69 -63.35195530726256
 257 -61.34078212290503
 132 -59.32960893854748
 223 -57.31843575418993
 90 -55.3072625698324
 70 -53.29608938547486
 190 -51.28491620111731
 50 -49.27374301675977
 117 -47.26256983240222
 2 -45.25139664804468
 285 -43.24022346368713
 2 -41.22905027932961
 165 -39.21787709497207
 301 -37.20670391061452
 426 -35.19553072625698
 100 -33.18435754189943
 60 -31.17318435754188
 176 -29.16201117318434
 7 -27.15083798882682
 64 -25.13966480446928
 516 -23.12849162011173
 134 -21.11731843575419
 50 -19.10614525139664
 17 -17.09497206703909
 49 -15.08379888268155
 150 -13.072625698324
 17 -11.06145251396646
 563 -9.050279329608941
 3 -7.039106145251395
 127 -5.02793296089385
 18 -3.016759776536304
 3 -1.005586592178759
 13 1.005586592178787
 141 3.016759776536333
 4 5.02793296089385
 538 7.039106145251395
 9 9.050279329608941
 148 11.06145251396649
 37 13.07262569832403
 18 15.08379888268158
 61 17.09497206703912
 138 19.10614525139667
 593 21.11731843575421
 64 23.12849162011173
 74 25.13966480446928
 106 27.15083798882682
 67 29.16201117318437
 217 31.17318435754191
 346 33.18435754189946
 281 35.195530726257
 142 37.20670391061452
 49 39.21787709497207
 289 41.22905027932961
 5 43.24022346368716
 130 45.2513966480447
 63 47.26256983240225
 240 49.27374301675979
 101 51.28491620111734
 180 53.29608938547489
 66 55.3072625698324
 161 57.31843575418995
 283 59.32960893854749
 66 61.34078212290504
 129 63.35195530726259
 77 65.36312849162013
 117 67.37430167597768
 45 69.38547486033519
 39 71.39664804469274
 59 73.40782122905028
 8 75.41899441340783
 12 77.43016759776538
 3 79.44134078212289
 0 81.45251396648047
 3 83.46368715083798
 6 85.47486033519556
 17 87.48603351955308
 7664 89.49720670391065
 5 91.50837988826817
 6 93.51955307262574
 5 95.53072625698326
 1 97.54189944134077
 8 99.55307262569835
 16 101.5642458100559
 25 103.5754189944134
 36 105.586592178771
 31 107.5977653631285
 128 109.608938547486
 126 111.6201117318436
 135 113.6312849162011
 1 115.6424581005587
 226 117.6536312849162
 165 119.6648044692737
 104 121.6759776536313
 197 123.6871508379888
 185 125.6983240223464
 108 127.7094972067039
 180 129.7206703910614
 174 131.731843575419
 5 133.7430167597765
 133 135.7541899441341
 200 137.7653631284916
 89 139.7765363128492
 126 141.7877094972067
 511 143.7988826815642
 119 145.8100558659218
 200 147.8212290502793
 52 149.8324022346369
 139 151.8435754189944
 82 153.854748603352
 462 155.8659217877095
 55 157.8770949720671
 142 159.8882681564246
 77 161.8994413407821
 61 163.9106145251397
 16 165.9217877094972
 149 167.9329608938548
 255 169.9441340782123
 351 171.9553072625699
 2 173.9664804469274
 142 175.9776536312849
 5 177.9888268156425
 0 180


