# Created by Octave 3.8.2, Sat Jun 20 17:48:33 2020 CEST <damian@fptrucha.inv.usc.es>
# name: hd
# type: matrix
# rows: 180
# columns: 2
 4 -180
 162 -177.9888268156425
 0 -175.9776536312849
 348 -173.9664804469274
 265 -171.9553072625698
 146 -169.9441340782123
 23 -167.9329608938548
 38 -165.9217877094972
 52 -163.9106145251397
 145 -161.8994413407821
 37 -159.8882681564246
 664 -157.877094972067
 66 -155.8659217877095
 97 -153.854748603352
 38 -151.8435754189944
 59 -149.8324022346369
 229 -147.8212290502793
 624 -145.8100558659218
 144 -143.7988826815642
 88 -141.7877094972067
 197 -139.7765363128491
 101 -137.7653631284916
 1 -135.7541899441341
 152 -133.7430167597765
 153 -131.731843575419
 73 -129.7206703910614
 175 -127.7094972067039
 213 -125.6983240223464
 110 -123.6871508379888
 186 -121.6759776536313
 182 -119.6648044692737
 3 -117.6536312849162
 100 -115.6424581005587
 117 -113.6312849162011
 120 -111.6201117318436
 15 -109.608938547486
 41 -107.5977653631285
 18 -105.5865921787709
 14 -103.5754189944134
 1 -101.5642458100559
 1 -99.55307262569832
 1 -97.54189944134077
 4 -95.53072625698323
 5 -93.5195530726257
 8237 -91.50837988826815
 8 -89.49720670391061
 4 -87.48603351955308
 1 -85.47486033519553
 0 -83.46368715083798
 3 -81.45251396648044
 5 -79.44134078212289
 5 -77.43016759776536
 40 -75.41899441340782
 22 -73.40782122905027
 37 -71.39664804469274
 115 -69.38547486033519
 61 -67.37430167597765
 99 -65.3631284916201
 54 -63.35195530726256
 276 -61.34078212290503
 157 -59.32960893854748
 231 -57.31843575418993
 88 -55.3072625698324
 86 -53.29608938547486
 241 -51.28491620111731
 73 -49.27374301675977
 115 -47.26256983240222
 1 -45.25139664804468
 258 -43.24022346368713
 4 -41.22905027932961
 134 -39.21787709497207
 288 -37.20670391061452
 439 -35.19553072625698
 106 -33.18435754189943
 66 -31.17318435754188
 135 -29.16201117318434
 12 -27.15083798882682
 66 -25.13966480446928
 649 -23.12849162011173
 155 -21.11731843575419
 50 -19.10614525139664
 14 -17.09497206703909
 41 -15.08379888268155
 152 -13.072625698324
 4 -11.06145251396646
 546 -9.050279329608941
 0 -7.039106145251395
 145 -5.02793296089385
 22 -3.016759776536304
 2 -1.005586592178759
 16 1.005586592178787
 129 3.016759776536333
 3 5.02793296089385
 550 7.039106145251395
 4 9.050279329608941
 105 11.06145251396649
 37 13.07262569832403
 9 15.08379888268158
 62 17.09497206703912
 102 19.10614525139667
 515 21.11731843575421
 53 23.12849162011173
 100 25.13966480446928
 100 27.15083798882682
 58 29.16201117318437
 214 31.17318435754191
 300 33.18435754189946
 247 35.195530726257
 176 37.20670391061452
 30 39.21787709497207
 276 41.22905027932961
 1 43.24022346368716
 100 45.2513966480447
 50 47.26256983240225
 190 49.27374301675979
 99 51.28491620111734
 188 53.29608938547489
 86 55.3072625698324
 127 57.31843575418995
 256 59.32960893854749
 65 61.34078212290504
 125 63.35195530726259
 78 65.36312849162013
 118 67.37430167597768
 50 69.38547486033519
 32 71.39664804469274
 36 73.40782122905028
 6 75.41899441340783
 11 77.43016759776538
 3 79.44134078212289
 0 81.45251396648047
 3 83.46368715083798
 4 85.47486033519556
 6 87.48603351955308
 7807 89.49720670391065
 8 91.50837988826817
 5 93.51955307262574
 0 95.53072625698326
 0 97.54189944134077
 4 99.55307262569835
 13 101.5642458100559
 20 103.5754189944134
 34 105.586592178771
 18 107.5977653631285
 103 109.608938547486
 117 111.6201117318436
 122 113.6312849162011
 3 115.6424581005587
 233 117.6536312849162
 176 119.6648044692737
 88 121.6759776536313
 200 123.6871508379888
 213 125.6983240223464
 77 127.7094972067039
 150 129.7206703910614
 176 131.731843575419
 2 133.7430167597765
 133 135.7541899441341
 162 137.7653631284916
 100 139.7765363128492
 152 141.7877094972067
 444 143.7988826815642
 121 145.8100558659218
 218 147.8212290502793
 40 149.8324022346369
 145 151.8435754189944
 62 153.854748603352
 475 155.8659217877095
 52 157.8770949720671
 123 159.8882681564246
 79 161.8994413407821
 54 163.9106145251397
 19 165.9217877094972
 124 167.9329608938548
 197 169.9441340782123
 349 171.9553072625699
 1 173.9664804469274
 144 175.9776536312849
 4 177.9888268156425
 0 180


