# Created by Octave 3.8.2, Sat Jun 20 07:09:04 2020 CEST <damian@fptrucha.inv.usc.es>
# name: hd
# type: matrix
# rows: 180
# columns: 2
 5 -180
 170 -177.9888268156425
 1 -175.9776536312849
 424 -173.9664804469274
 268 -171.9553072625698
 185 -169.9441340782123
 38 -167.9329608938548
 50 -165.9217877094972
 73 -163.9106145251397
 199 -161.8994413407821
 45 -159.8882681564246
 696 -157.877094972067
 83 -155.8659217877095
 139 -153.854748603352
 44 -151.8435754189944
 72 -149.8324022346369
 264 -147.8212290502793
 675 -145.8100558659218
 163 -143.7988826815642
 100 -141.7877094972067
 192 -139.7765363128491
 139 -137.7653631284916
 4 -135.7541899441341
 173 -133.7430167597765
 209 -131.731843575419
 106 -129.7206703910614
 228 -127.7094972067039
 285 -125.6983240223464
 119 -123.6871508379888
 257 -121.6759776536313
 232 -119.6648044692737
 3 -117.6536312849162
 115 -115.6424581005587
 147 -113.6312849162011
 151 -111.6201117318436
 27 -109.608938547486
 35 -107.5977653631285
 30 -105.5865921787709
 13 -103.5754189944134
 5 -101.5642458100559
 1 -99.55307262569832
 0 -97.54189944134077
 2 -95.53072625698323
 2 -93.5195530726257
 9492 -91.50837988826815
 4 -89.49720670391061
 3 -87.48603351955308
 0 -85.47486033519553
 1 -83.46368715083798
 4 -81.45251396648044
 5 -79.44134078212289
 9 -77.43016759776536
 53 -75.41899441340782
 40 -73.40782122905027
 55 -71.39664804469274
 137 -69.38547486033519
 83 -67.37430167597765
 106 -65.3631284916201
 71 -63.35195530726256
 339 -61.34078212290503
 162 -59.32960893854748
 237 -57.31843575418993
 120 -55.3072625698324
 84 -53.29608938547486
 251 -51.28491620111731
 77 -49.27374301675977
 131 -47.26256983240222
 3 -45.25139664804468
 300 -43.24022346368713
 3 -41.22905027932961
 163 -39.21787709497207
 348 -37.20670391061452
 507 -35.19553072625698
 134 -33.18435754189943
 69 -31.17318435754188
 194 -29.16201117318434
 9 -27.15083798882682
 77 -25.13966480446928
 699 -23.12849162011173
 185 -21.11731843575419
 34 -19.10614525139664
 7 -17.09497206703909
 50 -15.08379888268155
 184 -13.072625698324
 10 -11.06145251396646
 626 -9.050279329608941
 3 -7.039106145251395
 144 -5.02793296089385
 21 -3.016759776536304
 3 -1.005586592178759
 27 1.005586592178787
 145 3.016759776536333
 3 5.02793296089385
 570 7.039106145251395
 9 9.050279329608941
 143 11.06145251396649
 61 13.07262569832403
 9 15.08379888268158
 67 17.09497206703912
 136 19.10614525139667
 563 21.11731843575421
 54 23.12849162011173
 105 25.13966480446928
 118 27.15083798882682
 64 29.16201117318437
 231 31.17318435754191
 363 33.18435754189946
 251 35.195530726257
 192 37.20670391061452
 34 39.21787709497207
 308 41.22905027932961
 3 43.24022346368716
 94 45.2513966480447
 64 47.26256983240225
 253 49.27374301675979
 86 51.28491620111734
 199 53.29608938547489
 90 55.3072625698324
 149 57.31843575418995
 240 59.32960893854749
 51 61.34078212290504
 102 63.35195530726259
 85 65.36312849162013
 124 67.37430167597768
 52 69.38547486033519
 42 71.39664804469274
 45 73.40782122905028
 7 75.41899441340783
 8 77.43016759776538
 2 79.44134078212289
 2 81.45251396648047
 1 83.46368715083798
 4 85.47486033519556
 4 87.48603351955308
 8388 89.49720670391065
 6 91.50837988826817
 5 93.51955307262574
 1 95.53072625698326
 1 97.54189944134077
 4 99.55307262569835
 8 101.5642458100559
 21 103.5754189944134
 45 105.586592178771
 18 107.5977653631285
 107 109.608938547486
 129 111.6201117318436
 129 113.6312849162011
 6 115.6424581005587
 217 117.6536312849162
 165 119.6648044692737
 96 121.6759776536313
 213 123.6871508379888
 175 125.6983240223464
 81 127.7094972067039
 178 129.7206703910614
 184 131.731843575419
 0 133.7430167597765
 125 135.7541899441341
 190 137.7653631284916
 126 139.7765363128492
 164 141.7877094972067
 534 143.7988826815642
 128 145.8100558659218
 207 147.8212290502793
 52 149.8324022346369
 165 151.8435754189944
 77 153.854748603352
 516 155.8659217877095
 51 157.8770949720671
 141 159.8882681564246
 79 161.8994413407821
 61 163.9106145251397
 23 165.9217877094972
 145 167.9329608938548
 258 169.9441340782123
 369 171.9553072625699
 4 173.9664804469274
 184 175.9776536312849
 4 177.9888268156425
 0 180


