# Created by Octave 3.8.2, Sat Jun 20 06:53:38 2020 CEST <damian@fptrucha.inv.usc.es>
# name: hd
# type: matrix
# rows: 180
# columns: 2
 6 -180
 173 -177.9888268156425
 2 -175.9776536312849
 412 -173.9664804469274
 240 -171.9553072625698
 160 -169.9441340782123
 39 -167.9329608938548
 54 -165.9217877094972
 74 -163.9106145251397
 181 -161.8994413407821
 43 -159.8882681564246
 706 -157.877094972067
 70 -155.8659217877095
 140 -153.854748603352
 54 -151.8435754189944
 83 -149.8324022346369
 269 -147.8212290502793
 678 -145.8100558659218
 171 -143.7988826815642
 109 -141.7877094972067
 227 -139.7765363128491
 142 -137.7653631284916
 8 -135.7541899441341
 173 -133.7430167597765
 170 -131.731843575419
 88 -129.7206703910614
 197 -127.7094972067039
 271 -125.6983240223464
 122 -123.6871508379888
 227 -121.6759776536313
 222 -119.6648044692737
 3 -117.6536312849162
 133 -115.6424581005587
 145 -113.6312849162011
 157 -111.6201117318436
 25 -109.608938547486
 51 -107.5977653631285
 36 -105.5865921787709
 11 -103.5754189944134
 2 -101.5642458100559
 0 -99.55307262569832
 3 -97.54189944134077
 4 -95.53072625698323
 6 -93.5195530726257
 9472 -91.50837988826815
 9 -89.49720670391061
 4 -87.48603351955308
 1 -85.47486033519553
 0 -83.46368715083798
 0 -81.45251396648044
 10 -79.44134078212289
 10 -77.43016759776536
 41 -75.41899441340782
 27 -73.40782122905027
 65 -71.39664804469274
 121 -69.38547486033519
 89 -67.37430167597765
 141 -65.3631284916201
 61 -63.35195530726256
 351 -61.34078212290503
 168 -59.32960893854748
 285 -57.31843575418993
 100 -55.3072625698324
 99 -53.29608938547486
 270 -51.28491620111731
 63 -49.27374301675977
 138 -47.26256983240222
 3 -45.25139664804468
 307 -43.24022346368713
 3 -41.22905027932961
 176 -39.21787709497207
 348 -37.20670391061452
 562 -35.19553072625698
 128 -33.18435754189943
 60 -31.17318435754188
 187 -29.16201117318434
 8 -27.15083798882682
 62 -25.13966480446928
 700 -23.12849162011173
 129 -21.11731843575419
 56 -19.10614525139664
 15 -17.09497206703909
 30 -15.08379888268155
 189 -13.072625698324
 3 -11.06145251396646
 613 -9.050279329608941
 1 -7.039106145251395
 130 -5.02793296089385
 16 -3.016759776536304
 2 -1.005586592178759
 11 1.005586592178787
 132 3.016759776536333
 2 5.02793296089385
 615 7.039106145251395
 6 9.050279329608941
 137 11.06145251396649
 55 13.07262569832403
 9 15.08379888268158
 64 17.09497206703912
 131 19.10614525139667
 630 21.11731843575421
 51 23.12849162011173
 83 25.13966480446928
 99 27.15083798882682
 64 29.16201117318437
 216 31.17318435754191
 348 33.18435754189946
 273 35.195530726257
 170 37.20670391061452
 32 39.21787709497207
 309 41.22905027932961
 1 43.24022346368716
 115 45.2513966480447
 65 47.26256983240225
 228 49.27374301675979
 86 51.28491620111734
 197 53.29608938547489
 82 55.3072625698324
 130 57.31843575418995
 252 59.32960893854749
 60 61.34078212290504
 122 63.35195530726259
 81 65.36312849162013
 106 67.37430167597768
 48 69.38547486033519
 25 71.39664804469274
 33 73.40782122905028
 4 75.41899441340783
 14 77.43016759776538
 0 79.44134078212289
 2 81.45251396648047
 0 83.46368715083798
 5 85.47486033519556
 5 87.48603351955308
 8274 89.49720670391065
 4 91.50837988826817
 3 93.51955307262574
 0 95.53072625698326
 1 97.54189944134077
 3 99.55307262569835
 10 101.5642458100559
 15 103.5754189944134
 42 105.586592178771
 21 107.5977653631285
 90 109.608938547486
 111 111.6201117318436
 120 113.6312849162011
 1 115.6424581005587
 222 117.6536312849162
 175 119.6648044692737
 87 121.6759776536313
 184 123.6871508379888
 178 125.6983240223464
 98 127.7094972067039
 171 129.7206703910614
 182 131.731843575419
 0 133.7430167597765
 122 135.7541899441341
 167 137.7653631284916
 114 139.7765363128492
 148 141.7877094972067
 535 143.7988826815642
 125 145.8100558659218
 192 147.8212290502793
 48 149.8324022346369
 176 151.8435754189944
 71 153.854748603352
 553 155.8659217877095
 57 157.8770949720671
 156 159.8882681564246
 74 161.8994413407821
 65 163.9106145251397
 20 165.9217877094972
 136 167.9329608938548
 248 169.9441340782123
 351 171.9553072625699
 3 173.9664804469274
 172 175.9776536312849
 4 177.9888268156425
 0 180


