# Created by Octave 3.8.2, Sat Jun 20 09:37:27 2020 CEST <damian@fptrucha.inv.usc.es>
# name: hd
# type: matrix
# rows: 180
# columns: 2
 7 -180
 178 -177.9888268156425
 3 -175.9776536312849
 437 -173.9664804469274
 276 -171.9553072625698
 195 -169.9441340782123
 31 -167.9329608938548
 48 -165.9217877094972
 59 -163.9106145251397
 202 -161.8994413407821
 33 -159.8882681564246
 685 -157.877094972067
 74 -155.8659217877095
 145 -153.854748603352
 59 -151.8435754189944
 77 -149.8324022346369
 261 -147.8212290502793
 747 -145.8100558659218
 141 -143.7988826815642
 103 -141.7877094972067
 174 -139.7765363128491
 120 -137.7653631284916
 2 -135.7541899441341
 192 -133.7430167597765
 187 -131.731843575419
 88 -129.7206703910614
 213 -127.7094972067039
 268 -125.6983240223464
 128 -123.6871508379888
 222 -121.6759776536313
 205 -119.6648044692737
 7 -117.6536312849162
 101 -115.6424581005587
 144 -113.6312849162011
 141 -111.6201117318436
 21 -109.608938547486
 37 -107.5977653631285
 38 -105.5865921787709
 8 -103.5754189944134
 3 -101.5642458100559
 0 -99.55307262569832
 0 -97.54189944134077
 1 -95.53072625698323
 9 -93.5195530726257
 9129 -91.50837988826815
 17 -89.49720670391061
 2 -87.48603351955308
 1 -85.47486033519553
 0 -83.46368715083798
 0 -81.45251396648044
 9 -79.44134078212289
 6 -77.43016759776536
 48 -75.41899441340782
 25 -73.40782122905027
 56 -71.39664804469274
 114 -69.38547486033519
 93 -67.37430167597765
 88 -65.3631284916201
 72 -63.35195530726256
 259 -61.34078212290503
 153 -59.32960893854748
 210 -57.31843575418993
 117 -55.3072625698324
 74 -53.29608938547486
 253 -51.28491620111731
 67 -49.27374301675977
 123 -47.26256983240222
 4 -45.25139664804468
 314 -43.24022346368713
 4 -41.22905027932961
 175 -39.21787709497207
 362 -37.20670391061452
 519 -35.19553072625698
 115 -33.18435754189943
 82 -31.17318435754188
 176 -29.16201117318434
 12 -27.15083798882682
 53 -25.13966480446928
 687 -23.12849162011173
 166 -21.11731843575419
 62 -19.10614525139664
 18 -17.09497206703909
 37 -15.08379888268155
 191 -13.072625698324
 11 -11.06145251396646
 643 -9.050279329608941
 1 -7.039106145251395
 130 -5.02793296089385
 10 -3.016759776536304
 3 -1.005586592178759
 22 1.005586592178787
 148 3.016759776536333
 1 5.02793296089385
 618 7.039106145251395
 5 9.050279329608941
 154 11.06145251396649
 49 13.07262569832403
 12 15.08379888268158
 78 17.09497206703912
 108 19.10614525139667
 607 21.11731843575421
 73 23.12849162011173
 95 25.13966480446928
 122 27.15083798882682
 75 29.16201117318437
 269 31.17318435754191
 348 33.18435754189946
 287 35.195530726257
 169 37.20670391061452
 38 39.21787709497207
 310 41.22905027932961
 1 43.24022346368716
 147 45.2513966480447
 76 47.26256983240225
 217 49.27374301675979
 108 51.28491620111734
 258 53.29608938547489
 99 55.3072625698324
 171 57.31843575418995
 279 59.32960893854749
 65 61.34078212290504
 132 63.35195530726259
 81 65.36312849162013
 114 67.37430167597768
 43 69.38547486033519
 39 71.39664804469274
 61 73.40782122905028
 6 75.41899441340783
 12 77.43016759776538
 3 79.44134078212289
 0 81.45251396648047
 0 83.46368715083798
 1 85.47486033519556
 12 87.48603351955308
 8570 89.49720670391065
 4 91.50837988826817
 6 93.51955307262574
 1 95.53072625698326
 0 97.54189944134077
 4 99.55307262569835
 20 101.5642458100559
 29 103.5754189944134
 46 105.586592178771
 27 107.5977653631285
 141 109.608938547486
 131 111.6201117318436
 165 113.6312849162011
 6 115.6424581005587
 234 117.6536312849162
 173 119.6648044692737
 116 121.6759776536313
 225 123.6871508379888
 210 125.6983240223464
 96 127.7094972067039
 199 129.7206703910614
 224 131.731843575419
 2 133.7430167597765
 153 135.7541899441341
 213 137.7653631284916
 104 139.7765363128492
 182 141.7877094972067
 523 143.7988826815642
 140 145.8100558659218
 239 147.8212290502793
 53 149.8324022346369
 173 151.8435754189944
 78 153.854748603352
 553 155.8659217877095
 66 157.8770949720671
 126 159.8882681564246
 89 161.8994413407821
 50 163.9106145251397
 18 165.9217877094972
 127 167.9329608938548
 224 169.9441340782123
 379 171.9553072625699
 5 173.9664804469274
 150 175.9776536312849
 3 177.9888268156425
 0 180


