# Created by Octave 3.8.2, Sun Jun 21 03:02:35 2020 CEST <damian@fptrucha.inv.usc.es>
# name: hd
# type: matrix
# rows: 180
# columns: 2
 3 -180
 156 -177.9888268156425
 3 -175.9776536312849
 330 -173.9664804469274
 232 -171.9553072625698
 166 -169.9441340782123
 37 -167.9329608938548
 28 -165.9217877094972
 54 -163.9106145251397
 141 -161.8994413407821
 31 -159.8882681564246
 626 -157.877094972067
 53 -155.8659217877095
 120 -153.854748603352
 20 -151.8435754189944
 64 -149.8324022346369
 196 -147.8212290502793
 637 -145.8100558659218
 124 -143.7988826815642
 84 -141.7877094972067
 157 -139.7765363128491
 113 -137.7653631284916
 3 -135.7541899441341
 138 -133.7430167597765
 159 -131.731843575419
 71 -129.7206703910614
 159 -127.7094972067039
 219 -125.6983240223464
 77 -123.6871508379888
 161 -121.6759776536313
 167 -119.6648044692737
 3 -117.6536312849162
 97 -115.6424581005587
 126 -113.6312849162011
 136 -111.6201117318436
 14 -109.608938547486
 32 -107.5977653631285
 19 -105.5865921787709
 6 -103.5754189944134
 4 -101.5642458100559
 0 -99.55307262569832
 0 -97.54189944134077
 1 -95.53072625698323
 2 -93.5195530726257
 7930 -91.50837988826815
 6 -89.49720670391061
 3 -87.48603351955308
 1 -85.47486033519553
 0 -83.46368715083798
 1 -81.45251396648044
 10 -79.44134078212289
 5 -77.43016759776536
 48 -75.41899441340782
 27 -73.40782122905027
 51 -71.39664804469274
 105 -69.38547486033519
 68 -67.37430167597765
 101 -65.3631284916201
 37 -63.35195530726256
 244 -61.34078212290503
 136 -59.32960893854748
 208 -57.31843575418993
 93 -55.3072625698324
 87 -53.29608938547486
 201 -51.28491620111731
 37 -49.27374301675977
 109 -47.26256983240222
 3 -45.25139664804468
 266 -43.24022346368713
 2 -41.22905027932961
 139 -39.21787709497207
 308 -37.20670391061452
 428 -35.19553072625698
 125 -33.18435754189943
 58 -31.17318435754188
 127 -29.16201117318434
 9 -27.15083798882682
 59 -25.13966480446928
 633 -23.12849162011173
 157 -21.11731843575419
 43 -19.10614525139664
 9 -17.09497206703909
 31 -15.08379888268155
 160 -13.072625698324
 13 -11.06145251396646
 533 -9.050279329608941
 3 -7.039106145251395
 122 -5.02793296089385
 14 -3.016759776536304
 4 -1.005586592178759
 17 1.005586592178787
 103 3.016759776536333
 2 5.02793296089385
 483 7.039106145251395
 12 9.050279329608941
 117 11.06145251396649
 44 13.07262569832403
 14 15.08379888268158
 42 17.09497206703912
 91 19.10614525139667
 494 21.11731843575421
 56 23.12849162011173
 72 25.13966480446928
 78 27.15083798882682
 62 29.16201117318437
 206 31.17318435754191
 285 33.18435754189946
 213 35.195530726257
 153 37.20670391061452
 29 39.21787709497207
 264 41.22905027932961
 1 43.24022346368716
 117 45.2513966480447
 49 47.26256983240225
 212 49.27374301675979
 87 51.28491620111734
 164 53.29608938547489
 65 55.3072625698324
 140 57.31843575418995
 226 59.32960893854749
 71 61.34078212290504
 84 63.35195530726259
 71 65.36312849162013
 100 67.37430167597768
 48 69.38547486033519
 22 71.39664804469274
 38 73.40782122905028
 3 75.41899441340783
 5 77.43016759776538
 1 79.44134078212289
 1 81.45251396648047
 0 83.46368715083798
 2 85.47486033519556
 6 87.48603351955308
 7254 89.49720670391065
 7 91.50837988826817
 3 93.51955307262574
 3 95.53072625698326
 1 97.54189944134077
 2 99.55307262569835
 11 101.5642458100559
 16 103.5754189944134
 45 105.586592178771
 19 107.5977653631285
 98 109.608938547486
 90 111.6201117318436
 120 113.6312849162011
 2 115.6424581005587
 182 117.6536312849162
 181 119.6648044692737
 88 121.6759776536313
 167 123.6871508379888
 181 125.6983240223464
 69 127.7094972067039
 156 129.7206703910614
 173 131.731843575419
 3 133.7430167597765
 121 135.7541899441341
 169 137.7653631284916
 89 139.7765363128492
 137 141.7877094972067
 445 143.7988826815642
 128 145.8100558659218
 199 147.8212290502793
 43 149.8324022346369
 164 151.8435754189944
 59 153.854748603352
 455 155.8659217877095
 55 157.8770949720671
 135 159.8882681564246
 73 161.8994413407821
 48 163.9106145251397
 19 165.9217877094972
 138 167.9329608938548
 183 169.9441340782123
 323 171.9553072625699
 2 173.9664804469274
 147 175.9776536312849
 0 177.9888268156425
 0 180


