# Created by Octave 3.8.2, Sat Jun 20 16:28:01 2020 CEST <damian@fptrucha.inv.usc.es>
# name: hd
# type: matrix
# rows: 180
# columns: 2
 2 -180
 154 -177.9888268156425
 3 -175.9776536312849
 376 -173.9664804469274
 254 -171.9553072625698
 167 -169.9441340782123
 24 -167.9329608938548
 47 -165.9217877094972
 47 -163.9106145251397
 154 -161.8994413407821
 42 -159.8882681564246
 627 -157.877094972067
 62 -155.8659217877095
 113 -153.854748603352
 45 -151.8435754189944
 66 -149.8324022346369
 220 -147.8212290502793
 725 -145.8100558659218
 128 -143.7988826815642
 84 -141.7877094972067
 187 -139.7765363128491
 122 -137.7653631284916
 2 -135.7541899441341
 154 -133.7430167597765
 149 -131.731843575419
 85 -129.7206703910614
 178 -127.7094972067039
 238 -125.6983240223464
 117 -123.6871508379888
 204 -121.6759776536313
 197 -119.6648044692737
 4 -117.6536312849162
 104 -115.6424581005587
 93 -113.6312849162011
 134 -111.6201117318436
 18 -109.608938547486
 38 -107.5977653631285
 23 -105.5865921787709
 11 -103.5754189944134
 0 -101.5642458100559
 0 -99.55307262569832
 1 -97.54189944134077
 2 -95.53072625698323
 6 -93.5195530726257
 8233 -91.50837988826815
 9 -89.49720670391061
 2 -87.48603351955308
 1 -85.47486033519553
 1 -83.46368715083798
 0 -81.45251396648044
 1 -79.44134078212289
 6 -77.43016759776536
 41 -75.41899441340782
 21 -73.40782122905027
 51 -71.39664804469274
 102 -69.38547486033519
 62 -67.37430167597765
 102 -65.3631284916201
 44 -63.35195530726256
 247 -61.34078212290503
 171 -59.32960893854748
 228 -57.31843575418993
 84 -55.3072625698324
 91 -53.29608938547486
 228 -51.28491620111731
 49 -49.27374301675977
 86 -47.26256983240222
 1 -45.25139664804468
 275 -43.24022346368713
 2 -41.22905027932961
 137 -39.21787709497207
 309 -37.20670391061452
 468 -35.19553072625698
 97 -33.18435754189943
 59 -31.17318435754188
 143 -29.16201117318434
 7 -27.15083798882682
 58 -25.13966480446928
 653 -23.12849162011173
 149 -21.11731843575419
 53 -19.10614525139664
 10 -17.09497206703909
 27 -15.08379888268155
 167 -13.072625698324
 3 -11.06145251396646
 615 -9.050279329608941
 3 -7.039106145251395
 125 -5.02793296089385
 16 -3.016759776536304
 4 -1.005586592178759
 13 1.005586592178787
 116 3.016759776536333
 2 5.02793296089385
 566 7.039106145251395
 13 9.050279329608941
 128 11.06145251396649
 53 13.07262569832403
 3 15.08379888268158
 55 17.09497206703912
 116 19.10614525139667
 569 21.11731843575421
 69 23.12849162011173
 116 25.13966480446928
 99 27.15083798882682
 57 29.16201117318437
 231 31.17318435754191
 293 33.18435754189946
 261 35.195530726257
 185 37.20670391061452
 41 39.21787709497207
 297 41.22905027932961
 1 43.24022346368716
 126 45.2513966480447
 53 47.26256983240225
 247 49.27374301675979
 80 51.28491620111734
 186 53.29608938547489
 95 55.3072625698324
 151 57.31843575418995
 266 59.32960893854749
 70 61.34078212290504
 133 63.35195530726259
 84 65.36312849162013
 113 67.37430167597768
 51 69.38547486033519
 33 71.39664804469274
 42 73.40782122905028
 9 75.41899441340783
 10 77.43016759776538
 2 79.44134078212289
 0 81.45251396648047
 1 83.46368715083798
 3 85.47486033519556
 15 87.48603351955308
 7968 89.49720670391065
 6 91.50837988826817
 1 93.51955307262574
 2 95.53072625698326
 0 97.54189944134077
 2 99.55307262569835
 8 101.5642458100559
 20 103.5754189944134
 37 105.586592178771
 24 107.5977653631285
 107 109.608938547486
 134 111.6201117318436
 139 113.6312849162011
 1 115.6424581005587
 217 117.6536312849162
 177 119.6648044692737
 101 121.6759776536313
 154 123.6871508379888
 180 125.6983240223464
 76 127.7094972067039
 160 129.7206703910614
 162 131.731843575419
 3 133.7430167597765
 129 135.7541899441341
 172 137.7653631284916
 104 139.7765363128492
 150 141.7877094972067
 492 143.7988826815642
 129 145.8100558659218
 235 147.8212290502793
 48 149.8324022346369
 175 151.8435754189944
 62 153.854748603352
 459 155.8659217877095
 59 157.8770949720671
 143 159.8882681564246
 73 161.8994413407821
 51 163.9106145251397
 23 165.9217877094972
 118 167.9329608938548
 214 169.9441340782123
 326 171.9553072625699
 3 173.9664804469274
 158 175.9776536312849
 2 177.9888268156425
 0 180


