# Created by Octave 3.8.2, Mon Jun 22 21:29:13 2020 CEST <damian@fptrucha.inv.usc.es>
# name: hd
# type: matrix
# rows: 180
# columns: 2
 5 -180
 181 -177.9888268156425
 4 -175.9776536312849
 391 -173.9664804469274
 241 -171.9553072625698
 158 -169.9441340782123
 37 -167.9329608938548
 46 -165.9217877094972
 74 -163.9106145251397
 164 -161.8994413407821
 40 -159.8882681564246
 595 -157.877094972067
 70 -155.8659217877095
 152 -153.854748603352
 50 -151.8435754189944
 75 -149.8324022346369
 221 -147.8212290502793
 627 -145.8100558659218
 134 -143.7988826815642
 100 -141.7877094972067
 200 -139.7765363128491
 111 -137.7653631284916
 3 -135.7541899441341
 181 -133.7430167597765
 180 -131.731843575419
 76 -129.7206703910614
 174 -127.7094972067039
 245 -125.6983240223464
 98 -123.6871508379888
 169 -121.6759776536313
 203 -119.6648044692737
 4 -117.6536312849162
 124 -115.6424581005587
 154 -113.6312849162011
 170 -111.6201117318436
 23 -109.608938547486
 47 -107.5977653631285
 27 -105.5865921787709
 9 -103.5754189944134
 3 -101.5642458100559
 2 -99.55307262569832
 0 -97.54189944134077
 2 -95.53072625698323
 6 -93.5195530726257
 8796 -91.50837988826815
 21 -89.49720670391061
 2 -87.48603351955308
 1 -85.47486033519553
 2 -83.46368715083798
 3 -81.45251396648044
 10 -79.44134078212289
 10 -77.43016759776536
 62 -75.41899441340782
 32 -73.40782122905027
 57 -71.39664804469274
 128 -69.38547486033519
 107 -67.37430167597765
 126 -65.3631284916201
 78 -63.35195530726256
 276 -61.34078212290503
 157 -59.32960893854748
 233 -57.31843575418993
 107 -55.3072625698324
 86 -53.29608938547486
 272 -51.28491620111731
 54 -49.27374301675977
 133 -47.26256983240222
 5 -45.25139664804468
 303 -43.24022346368713
 1 -41.22905027932961
 180 -39.21787709497207
 320 -37.20670391061452
 485 -35.19553072625698
 142 -33.18435754189943
 72 -31.17318435754188
 148 -29.16201117318434
 9 -27.15083798882682
 61 -25.13966480446928
 600 -23.12849162011173
 135 -21.11731843575419
 52 -19.10614525139664
 10 -17.09497206703909
 46 -15.08379888268155
 178 -13.072625698324
 9 -11.06145251396646
 609 -9.050279329608941
 3 -7.039106145251395
 134 -5.02793296089385
 24 -3.016759776536304
 3 -1.005586592178759
 12 1.005586592178787
 149 3.016759776536333
 7 5.02793296089385
 542 7.039106145251395
 5 9.050279329608941
 156 11.06145251396649
 40 13.07262569832403
 18 15.08379888268158
 52 17.09497206703912
 134 19.10614525139667
 530 21.11731843575421
 72 23.12849162011173
 90 25.13966480446928
 107 27.15083798882682
 53 29.16201117318437
 226 31.17318435754191
 375 33.18435754189946
 267 35.195530726257
 162 37.20670391061452
 38 39.21787709497207
 293 41.22905027932961
 3 43.24022346368716
 122 45.2513966480447
 57 47.26256983240225
 217 49.27374301675979
 85 51.28491620111734
 210 53.29608938547489
 101 55.3072625698324
 151 57.31843575418995
 280 59.32960893854749
 69 61.34078212290504
 129 63.35195530726259
 71 65.36312849162013
 120 67.37430167597768
 54 69.38547486033519
 31 71.39664804469274
 41 73.40782122905028
 12 75.41899441340783
 12 77.43016759776538
 3 79.44134078212289
 1 81.45251396648047
 3 83.46368715083798
 4 85.47486033519556
 21 87.48603351955308
 8146 89.49720670391065
 8 91.50837988826817
 5 93.51955307262574
 1 95.53072625698326
 1 97.54189944134077
 3 99.55307262569835
 19 101.5642458100559
 33 103.5754189944134
 49 105.586592178771
 24 107.5977653631285
 109 109.608938547486
 132 111.6201117318436
 148 113.6312849162011
 6 115.6424581005587
 201 117.6536312849162
 190 119.6648044692737
 85 121.6759776536313
 189 123.6871508379888
 183 125.6983240223464
 78 127.7094972067039
 167 129.7206703910614
 186 131.731843575419
 3 133.7430167597765
 119 135.7541899441341
 197 137.7653631284916
 125 139.7765363128492
 134 141.7877094972067
 524 143.7988826815642
 131 145.8100558659218
 199 147.8212290502793
 43 149.8324022346369
 165 151.8435754189944
 62 153.854748603352
 531 155.8659217877095
 51 157.8770949720671
 155 159.8882681564246
 75 161.8994413407821
 50 163.9106145251397
 25 165.9217877094972
 143 167.9329608938548
 212 169.9441340782123
 356 171.9553072625699
 3 173.9664804469274
 170 175.9776536312849
 2 177.9888268156425
 0 180


