# Created by Octave 3.8.2, Sat Jun 20 07:59:11 2020 CEST <damian@fptrucha.inv.usc.es>
# name: hd
# type: matrix
# rows: 180
# columns: 2
 3 -180
 196 -177.9888268156425
 4 -175.9776536312849
 425 -173.9664804469274
 249 -171.9553072625698
 178 -169.9441340782123
 39 -167.9329608938548
 42 -165.9217877094972
 63 -163.9106145251397
 162 -161.8994413407821
 40 -159.8882681564246
 652 -157.877094972067
 71 -155.8659217877095
 153 -153.854748603352
 41 -151.8435754189944
 68 -149.8324022346369
 249 -147.8212290502793
 772 -145.8100558659218
 146 -143.7988826815642
 102 -141.7877094972067
 219 -139.7765363128491
 112 -137.7653631284916
 0 -135.7541899441341
 185 -133.7430167597765
 200 -131.731843575419
 95 -129.7206703910614
 227 -127.7094972067039
 277 -125.6983240223464
 136 -123.6871508379888
 234 -121.6759776536313
 231 -119.6648044692737
 3 -117.6536312849162
 129 -115.6424581005587
 137 -113.6312849162011
 132 -111.6201117318436
 19 -109.608938547486
 37 -107.5977653631285
 32 -105.5865921787709
 17 -103.5754189944134
 5 -101.5642458100559
 0 -99.55307262569832
 1 -97.54189944134077
 5 -95.53072625698323
 4 -93.5195530726257
 9372 -91.50837988826815
 17 -89.49720670391061
 2 -87.48603351955308
 1 -85.47486033519553
 1 -83.46368715083798
 0 -81.45251396648044
 8 -79.44134078212289
 12 -77.43016759776536
 63 -75.41899441340782
 37 -73.40782122905027
 78 -71.39664804469274
 131 -69.38547486033519
 100 -67.37430167597765
 140 -65.3631284916201
 49 -63.35195530726256
 296 -61.34078212290503
 174 -59.32960893854748
 263 -57.31843575418993
 139 -55.3072625698324
 94 -53.29608938547486
 273 -51.28491620111731
 50 -49.27374301675977
 134 -47.26256983240222
 1 -45.25139664804468
 349 -43.24022346368713
 4 -41.22905027932961
 196 -39.21787709497207
 333 -37.20670391061452
 477 -35.19553072625698
 147 -33.18435754189943
 64 -31.17318435754188
 173 -29.16201117318434
 11 -27.15083798882682
 72 -25.13966480446928
 687 -23.12849162011173
 160 -21.11731843575419
 62 -19.10614525139664
 7 -17.09497206703909
 52 -15.08379888268155
 177 -13.072625698324
 7 -11.06145251396646
 661 -9.050279329608941
 1 -7.039106145251395
 128 -5.02793296089385
 16 -3.016759776536304
 2 -1.005586592178759
 21 1.005586592178787
 141 3.016759776536333
 3 5.02793296089385
 579 7.039106145251395
 10 9.050279329608941
 139 11.06145251396649
 58 13.07262569832403
 6 15.08379888268158
 80 17.09497206703912
 100 19.10614525139667
 549 21.11731843575421
 68 23.12849162011173
 105 25.13966480446928
 121 27.15083798882682
 59 29.16201117318437
 239 31.17318435754191
 339 33.18435754189946
 254 35.195530726257
 203 37.20670391061452
 31 39.21787709497207
 280 41.22905027932961
 2 43.24022346368716
 128 45.2513966480447
 56 47.26256983240225
 254 49.27374301675979
 92 51.28491620111734
 242 53.29608938547489
 82 55.3072625698324
 157 57.31843575418995
 271 59.32960893854749
 76 61.34078212290504
 127 63.35195530726259
 61 65.36312849162013
 109 67.37430167597768
 66 69.38547486033519
 27 71.39664804469274
 62 73.40782122905028
 9 75.41899441340783
 7 77.43016759776538
 2 79.44134078212289
 0 81.45251396648047
 1 83.46368715083798
 3 85.47486033519556
 10 87.48603351955308
 8550 89.49720670391065
 6 91.50837988826817
 1 93.51955307262574
 0 95.53072625698326
 1 97.54189944134077
 2 99.55307262569835
 14 101.5642458100559
 22 103.5754189944134
 46 105.586592178771
 29 107.5977653631285
 124 109.608938547486
 129 111.6201117318436
 130 113.6312849162011
 4 115.6424581005587
 256 117.6536312849162
 174 119.6648044692737
 112 121.6759776536313
 167 123.6871508379888
 198 125.6983240223464
 92 127.7094972067039
 174 129.7206703910614
 190 131.731843575419
 4 133.7430167597765
 106 135.7541899441341
 197 137.7653631284916
 101 139.7765363128492
 174 141.7877094972067
 560 143.7988826815642
 115 145.8100558659218
 208 147.8212290502793
 57 149.8324022346369
 174 151.8435754189944
 64 153.854748603352
 504 155.8659217877095
 56 157.8770949720671
 167 159.8882681564246
 72 161.8994413407821
 55 163.9106145251397
 21 165.9217877094972
 135 167.9329608938548
 261 169.9441340782123
 414 171.9553072625699
 5 173.9664804469274
 193 175.9776536312849
 6 177.9888268156425
 0 180


