# Created by Octave 3.8.2, Mon Jun 22 08:17:23 2020 CEST <damian@fptrucha.inv.usc.es>
# name: hd
# type: matrix
# rows: 180
# columns: 2
 4 -180
 168 -177.9888268156425
 7 -175.9776536312849
 342 -173.9664804469274
 228 -171.9553072625698
 142 -169.9441340782123
 32 -167.9329608938548
 39 -165.9217877094972
 67 -163.9106145251397
 157 -161.8994413407821
 44 -159.8882681564246
 564 -157.877094972067
 70 -155.8659217877095
 119 -153.854748603352
 34 -151.8435754189944
 57 -149.8324022346369
 220 -147.8212290502793
 564 -145.8100558659218
 128 -143.7988826815642
 83 -141.7877094972067
 158 -139.7765363128491
 106 -137.7653631284916
 7 -135.7541899441341
 152 -133.7430167597765
 163 -131.731843575419
 70 -129.7206703910614
 194 -127.7094972067039
 208 -125.6983240223464
 90 -123.6871508379888
 180 -121.6759776536313
 184 -119.6648044692737
 5 -117.6536312849162
 114 -115.6424581005587
 116 -113.6312849162011
 107 -111.6201117318436
 25 -109.608938547486
 35 -107.5977653631285
 23 -105.5865921787709
 10 -103.5754189944134
 8 -101.5642458100559
 0 -99.55307262569832
 3 -97.54189944134077
 1 -95.53072625698323
 6 -93.5195530726257
 7592 -91.50837988826815
 15 -89.49720670391061
 3 -87.48603351955308
 1 -85.47486033519553
 0 -83.46368715083798
 5 -81.45251396648044
 16 -79.44134078212289
 10 -77.43016759776536
 49 -75.41899441340782
 22 -73.40782122905027
 52 -71.39664804469274
 120 -69.38547486033519
 72 -67.37430167597765
 116 -65.3631284916201
 56 -63.35195530726256
 234 -61.34078212290503
 127 -59.32960893854748
 205 -57.31843575418993
 105 -55.3072625698324
 73 -53.29608938547486
 228 -51.28491620111731
 57 -49.27374301675977
 96 -47.26256983240222
 2 -45.25139664804468
 290 -43.24022346368713
 9 -41.22905027932961
 149 -39.21787709497207
 279 -37.20670391061452
 431 -35.19553072625698
 108 -33.18435754189943
 53 -31.17318435754188
 175 -29.16201117318434
 4 -27.15083798882682
 77 -25.13966480446928
 540 -23.12849162011173
 134 -21.11731843575419
 56 -19.10614525139664
 9 -17.09497206703909
 43 -15.08379888268155
 152 -13.072625698324
 14 -11.06145251396646
 559 -9.050279329608941
 5 -7.039106145251395
 120 -5.02793296089385
 25 -3.016759776536304
 0 -1.005586592178759
 23 1.005586592178787
 113 3.016759776536333
 3 5.02793296089385
 525 7.039106145251395
 8 9.050279329608941
 149 11.06145251396649
 42 13.07262569832403
 20 15.08379888268158
 39 17.09497206703912
 139 19.10614525139667
 532 21.11731843575421
 69 23.12849162011173
 84 25.13966480446928
 94 27.15083798882682
 57 29.16201117318437
 181 31.17318435754191
 336 33.18435754189946
 263 35.195530726257
 142 37.20670391061452
 42 39.21787709497207
 253 41.22905027932961
 7 43.24022346368716
 106 45.2513966480447
 65 47.26256983240225
 214 49.27374301675979
 82 51.28491620111734
 195 53.29608938547489
 77 55.3072625698324
 152 57.31843575418995
 238 59.32960893854749
 57 61.34078212290504
 114 63.35195530726259
 70 65.36312849162013
 125 67.37430167597768
 32 69.38547486033519
 30 71.39664804469274
 50 73.40782122905028
 10 75.41899441340783
 9 77.43016759776538
 4 79.44134078212289
 1 81.45251396648047
 2 83.46368715083798
 5 85.47486033519556
 17 87.48603351955308
 7335 89.49720670391065
 8 91.50837988826817
 3 93.51955307262574
 0 95.53072625698326
 2 97.54189944134077
 4 99.55307262569835
 16 101.5642458100559
 22 103.5754189944134
 44 105.586592178771
 24 107.5977653631285
 122 109.608938547486
 135 111.6201117318436
 136 113.6312849162011
 4 115.6424581005587
 185 117.6536312849162
 180 119.6648044692737
 100 121.6759776536313
 166 123.6871508379888
 177 125.6983240223464
 79 127.7094972067039
 138 129.7206703910614
 193 131.731843575419
 1 133.7430167597765
 122 135.7541899441341
 179 137.7653631284916
 87 139.7765363128492
 116 141.7877094972067
 485 143.7988826815642
 104 145.8100558659218
 201 147.8212290502793
 48 149.8324022346369
 142 151.8435754189944
 46 153.854748603352
 498 155.8659217877095
 49 157.8770949720671
 142 159.8882681564246
 55 161.8994413407821
 49 163.9106145251397
 27 165.9217877094972
 135 167.9329608938548
 211 169.9441340782123
 314 171.9553072625699
 6 173.9664804469274
 164 175.9776536312849
 7 177.9888268156425
 0 180


