# Created by Octave 3.8.2, Mon Jun 22 20:10:04 2020 CEST <damian@fptrucha.inv.usc.es>
# name: hd
# type: matrix
# rows: 180
# columns: 2
 4 -180
 164 -177.9888268156425
 6 -175.9776536312849
 397 -173.9664804469274
 252 -171.9553072625698
 156 -169.9441340782123
 39 -167.9329608938548
 45 -165.9217877094972
 73 -163.9106145251397
 181 -161.8994413407821
 48 -159.8882681564246
 576 -157.877094972067
 87 -155.8659217877095
 129 -153.854748603352
 41 -151.8435754189944
 93 -149.8324022346369
 230 -147.8212290502793
 609 -145.8100558659218
 135 -143.7988826815642
 105 -141.7877094972067
 201 -139.7765363128491
 145 -137.7653631284916
 4 -135.7541899441341
 184 -133.7430167597765
 172 -131.731843575419
 93 -129.7206703910614
 196 -127.7094972067039
 218 -125.6983240223464
 120 -123.6871508379888
 213 -121.6759776536313
 236 -119.6648044692737
 9 -117.6536312849162
 116 -115.6424581005587
 130 -113.6312849162011
 169 -111.6201117318436
 31 -109.608938547486
 41 -107.5977653631285
 23 -105.5865921787709
 17 -103.5754189944134
 4 -101.5642458100559
 0 -99.55307262569832
 1 -97.54189944134077
 4 -95.53072625698323
 12 -93.5195530726257
 8503 -91.50837988826815
 13 -89.49720670391061
 6 -87.48603351955308
 4 -85.47486033519553
 1 -83.46368715083798
 4 -81.45251396648044
 6 -79.44134078212289
 14 -77.43016759776536
 57 -75.41899441340782
 38 -73.40782122905027
 32 -71.39664804469274
 125 -69.38547486033519
 75 -67.37430167597765
 105 -65.3631284916201
 69 -63.35195530726256
 294 -61.34078212290503
 140 -59.32960893854748
 231 -57.31843575418993
 108 -55.3072625698324
 86 -53.29608938547486
 234 -51.28491620111731
 56 -49.27374301675977
 125 -47.26256983240222
 4 -45.25139664804468
 338 -43.24022346368713
 6 -41.22905027932961
 165 -39.21787709497207
 291 -37.20670391061452
 476 -35.19553072625698
 117 -33.18435754189943
 55 -31.17318435754188
 160 -29.16201117318434
 10 -27.15083798882682
 64 -25.13966480446928
 600 -23.12849162011173
 142 -21.11731843575419
 72 -19.10614525139664
 10 -17.09497206703909
 50 -15.08379888268155
 160 -13.072625698324
 12 -11.06145251396646
 592 -9.050279329608941
 3 -7.039106145251395
 146 -5.02793296089385
 24 -3.016759776536304
 4 -1.005586592178759
 24 1.005586592178787
 118 3.016759776536333
 2 5.02793296089385
 595 7.039106145251395
 9 9.050279329608941
 137 11.06145251396649
 42 13.07262569832403
 10 15.08379888268158
 58 17.09497206703912
 131 19.10614525139667
 534 21.11731843575421
 63 23.12849162011173
 80 25.13966480446928
 92 27.15083798882682
 74 29.16201117318437
 191 31.17318435754191
 353 33.18435754189946
 244 35.195530726257
 153 37.20670391061452
 46 39.21787709497207
 315 41.22905027932961
 6 43.24022346368716
 131 45.2513966480447
 72 47.26256983240225
 228 49.27374301675979
 109 51.28491620111734
 192 53.29608938547489
 75 55.3072625698324
 176 57.31843575418995
 264 59.32960893854749
 65 61.34078212290504
 133 63.35195530726259
 66 65.36312849162013
 95 67.37430167597768
 62 69.38547486033519
 30 71.39664804469274
 43 73.40782122905028
 7 75.41899441340783
 12 77.43016759776538
 1 79.44134078212289
 1 81.45251396648047
 2 83.46368715083798
 5 85.47486033519556
 17 87.48603351955308
 8033 89.49720670391065
 6 91.50837988826817
 1 93.51955307262574
 4 95.53072625698326
 2 97.54189944134077
 1 99.55307262569835
 13 101.5642458100559
 26 103.5754189944134
 46 105.586592178771
 21 107.5977653631285
 117 109.608938547486
 125 111.6201117318436
 133 113.6312849162011
 2 115.6424581005587
 198 117.6536312849162
 181 119.6648044692737
 97 121.6759776536313
 173 123.6871508379888
 164 125.6983240223464
 93 127.7094972067039
 154 129.7206703910614
 184 131.731843575419
 2 133.7430167597765
 118 135.7541899441341
 196 137.7653631284916
 104 139.7765363128492
 150 141.7877094972067
 513 143.7988826815642
 105 145.8100558659218
 224 147.8212290502793
 54 149.8324022346369
 121 151.8435754189944
 50 153.854748603352
 496 155.8659217877095
 47 157.8770949720671
 148 159.8882681564246
 71 161.8994413407821
 42 163.9106145251397
 21 165.9217877094972
 156 167.9329608938548
 216 169.9441340782123
 343 171.9553072625699
 1 173.9664804469274
 186 175.9776536312849
 8 177.9888268156425
 0 180


