# Created by Octave 3.8.2, Sat Jun 20 04:47:59 2020 CEST <damian@fptrucha.inv.usc.es>
# name: hd
# type: matrix
# rows: 180
# columns: 2
 6 -180
 161 -177.9888268156425
 5 -175.9776536312849
 397 -173.9664804469274
 265 -171.9553072625698
 186 -169.9441340782123
 32 -167.9329608938548
 36 -165.9217877094972
 56 -163.9106145251397
 178 -161.8994413407821
 46 -159.8882681564246
 736 -157.877094972067
 81 -155.8659217877095
 130 -153.854748603352
 27 -151.8435754189944
 64 -149.8324022346369
 221 -147.8212290502793
 710 -145.8100558659218
 141 -143.7988826815642
 98 -141.7877094972067
 192 -139.7765363128491
 126 -137.7653631284916
 2 -135.7541899441341
 189 -133.7430167597765
 174 -131.731843575419
 98 -129.7206703910614
 193 -127.7094972067039
 258 -125.6983240223464
 118 -123.6871508379888
 210 -121.6759776536313
 208 -119.6648044692737
 2 -117.6536312849162
 108 -115.6424581005587
 113 -113.6312849162011
 143 -111.6201117318436
 25 -109.608938547486
 38 -107.5977653631285
 24 -105.5865921787709
 14 -103.5754189944134
 1 -101.5642458100559
 1 -99.55307262569832
 1 -97.54189944134077
 2 -95.53072625698323
 5 -93.5195530726257
 9088 -91.50837988826815
 12 -89.49720670391061
 0 -87.48603351955308
 0 -85.47486033519553
 1 -83.46368715083798
 1 -81.45251396648044
 7 -79.44134078212289
 5 -77.43016759776536
 47 -75.41899441340782
 22 -73.40782122905027
 60 -71.39664804469274
 127 -69.38547486033519
 74 -67.37430167597765
 100 -65.3631284916201
 50 -63.35195530726256
 280 -61.34078212290503
 171 -59.32960893854748
 231 -57.31843575418993
 101 -55.3072625698324
 75 -53.29608938547486
 251 -51.28491620111731
 56 -49.27374301675977
 103 -47.26256983240222
 1 -45.25139664804468
 267 -43.24022346368713
 5 -41.22905027932961
 185 -39.21787709497207
 337 -37.20670391061452
 500 -35.19553072625698
 117 -33.18435754189943
 66 -31.17318435754188
 167 -29.16201117318434
 16 -27.15083798882682
 68 -25.13966480446928
 683 -23.12849162011173
 146 -21.11731843575419
 64 -19.10614525139664
 15 -17.09497206703909
 24 -15.08379888268155
 189 -13.072625698324
 5 -11.06145251396646
 642 -9.050279329608941
 3 -7.039106145251395
 123 -5.02793296089385
 23 -3.016759776536304
 0 -1.005586592178759
 20 1.005586592178787
 153 3.016759776536333
 2 5.02793296089385
 600 7.039106145251395
 8 9.050279329608941
 139 11.06145251396649
 40 13.07262569832403
 7 15.08379888268158
 66 17.09497206703912
 130 19.10614525139667
 504 21.11731843575421
 69 23.12849162011173
 84 25.13966480446928
 101 27.15083798882682
 61 29.16201117318437
 238 31.17318435754191
 323 33.18435754189946
 263 35.195530726257
 152 37.20670391061452
 47 39.21787709497207
 328 41.22905027932961
 1 43.24022346368716
 113 45.2513966480447
 71 47.26256983240225
 228 49.27374301675979
 86 51.28491620111734
 189 53.29608938547489
 87 55.3072625698324
 137 57.31843575418995
 272 59.32960893854749
 72 61.34078212290504
 127 63.35195530726259
 70 65.36312849162013
 115 67.37430167597768
 34 69.38547486033519
 29 71.39664804469274
 56 73.40782122905028
 7 75.41899441340783
 7 77.43016759776538
 3 79.44134078212289
 0 81.45251396648047
 1 83.46368715083798
 5 85.47486033519556
 14 87.48603351955308
 8237 89.49720670391065
 9 91.50837988826817
 4 93.51955307262574
 2 95.53072625698326
 1 97.54189944134077
 4 99.55307262569835
 12 101.5642458100559
 26 103.5754189944134
 29 105.586592178771
 18 107.5977653631285
 119 109.608938547486
 133 111.6201117318436
 120 113.6312849162011
 2 115.6424581005587
 207 117.6536312849162
 179 119.6648044692737
 94 121.6759776536313
 200 123.6871508379888
 177 125.6983240223464
 84 127.7094972067039
 172 129.7206703910614
 163 131.731843575419
 2 133.7430167597765
 138 135.7541899441341
 178 137.7653631284916
 86 139.7765363128492
 142 141.7877094972067
 563 143.7988826815642
 139 145.8100558659218
 223 147.8212290502793
 51 149.8324022346369
 188 151.8435754189944
 59 153.854748603352
 570 155.8659217877095
 43 157.8770949720671
 152 159.8882681564246
 72 161.8994413407821
 66 163.9106145251397
 20 165.9217877094972
 142 167.9329608938548
 251 169.9441340782123
 384 171.9553072625699
 1 173.9664804469274
 183 175.9776536312849
 4 177.9888268156425
 0 180


