# Created by Octave 3.8.2, Mon Jun 22 08:04:27 2020 CEST <damian@fptrucha.inv.usc.es>
# name: hd
# type: matrix
# rows: 180
# columns: 2
 6 -180
 168 -177.9888268156425
 3 -175.9776536312849
 350 -173.9664804469274
 248 -171.9553072625698
 142 -169.9441340782123
 38 -167.9329608938548
 42 -165.9217877094972
 70 -163.9106145251397
 136 -161.8994413407821
 43 -159.8882681564246
 534 -157.877094972067
 61 -155.8659217877095
 119 -153.854748603352
 44 -151.8435754189944
 62 -149.8324022346369
 227 -147.8212290502793
 537 -145.8100558659218
 139 -143.7988826815642
 104 -141.7877094972067
 170 -139.7765363128491
 125 -137.7653631284916
 11 -135.7541899441341
 180 -133.7430167597765
 162 -131.731843575419
 84 -129.7206703910614
 173 -127.7094972067039
 219 -125.6983240223464
 97 -123.6871508379888
 180 -121.6759776536313
 191 -119.6648044692737
 5 -117.6536312849162
 101 -115.6424581005587
 111 -113.6312849162011
 98 -111.6201117318436
 15 -109.608938547486
 32 -107.5977653631285
 19 -105.5865921787709
 15 -103.5754189944134
 4 -101.5642458100559
 1 -99.55307262569832
 2 -97.54189944134077
 5 -95.53072625698323
 9 -93.5195530726257
 7718 -91.50837988826815
 11 -89.49720670391061
 6 -87.48603351955308
 3 -85.47486033519553
 1 -83.46368715083798
 1 -81.45251396648044
 8 -79.44134078212289
 7 -77.43016759776536
 59 -75.41899441340782
 40 -73.40782122905027
 41 -71.39664804469274
 110 -69.38547486033519
 92 -67.37430167597765
 124 -65.3631284916201
 57 -63.35195530726256
 255 -61.34078212290503
 121 -59.32960893854748
 185 -57.31843575418993
 85 -55.3072625698324
 61 -53.29608938547486
 224 -51.28491620111731
 54 -49.27374301675977
 98 -47.26256983240222
 3 -45.25139664804468
 278 -43.24022346368713
 7 -41.22905027932961
 108 -39.21787709497207
 292 -37.20670391061452
 409 -35.19553072625698
 117 -33.18435754189943
 57 -31.17318435754188
 161 -29.16201117318434
 14 -27.15083798882682
 55 -25.13966480446928
 574 -23.12849162011173
 124 -21.11731843575419
 59 -19.10614525139664
 13 -17.09497206703909
 37 -15.08379888268155
 148 -13.072625698324
 8 -11.06145251396646
 589 -9.050279329608941
 5 -7.039106145251395
 132 -5.02793296089385
 28 -3.016759776536304
 7 -1.005586592178759
 20 1.005586592178787
 107 3.016759776536333
 4 5.02793296089385
 558 7.039106145251395
 7 9.050279329608941
 129 11.06145251396649
 39 13.07262569832403
 18 15.08379888268158
 61 17.09497206703912
 128 19.10614525139667
 495 21.11731843575421
 60 23.12849162011173
 88 25.13966480446928
 87 27.15083798882682
 58 29.16201117318437
 177 31.17318435754191
 318 33.18435754189946
 249 35.195530726257
 115 37.20670391061452
 27 39.21787709497207
 306 41.22905027932961
 5 43.24022346368716
 122 45.2513966480447
 59 47.26256983240225
 206 49.27374301675979
 68 51.28491620111734
 184 53.29608938547489
 73 55.3072625698324
 142 57.31843575418995
 267 59.32960893854749
 57 61.34078212290504
 107 63.35195530726259
 69 65.36312849162013
 132 67.37430167597768
 47 69.38547486033519
 37 71.39664804469274
 41 73.40782122905028
 5 75.41899441340783
 11 77.43016759776538
 3 79.44134078212289
 2 81.45251396648047
 5 83.46368715083798
 6 85.47486033519556
 22 87.48603351955308
 7283 89.49720670391065
 7 91.50837988826817
 6 93.51955307262574
 7 95.53072625698326
 0 97.54189944134077
 4 99.55307262569835
 16 101.5642458100559
 29 103.5754189944134
 33 105.586592178771
 21 107.5977653631285
 102 109.608938547486
 132 111.6201117318436
 121 113.6312849162011
 4 115.6424581005587
 222 117.6536312849162
 198 119.6648044692737
 80 121.6759776536313
 164 123.6871508379888
 183 125.6983240223464
 67 127.7094972067039
 180 129.7206703910614
 176 131.731843575419
 1 133.7430167597765
 107 135.7541899441341
 168 137.7653631284916
 80 139.7765363128492
 140 141.7877094972067
 453 143.7988826815642
 122 145.8100558659218
 227 147.8212290502793
 46 149.8324022346369
 109 151.8435754189944
 78 153.854748603352
 444 155.8659217877095
 55 157.8770949720671
 145 159.8882681564246
 67 161.8994413407821
 42 163.9106145251397
 38 165.9217877094972
 166 167.9329608938548
 201 169.9441340782123
 321 171.9553072625699
 4 173.9664804469274
 178 175.9776536312849
 4 177.9888268156425
 0 180


