# Created by Octave 3.8.2, Mon Jun 22 13:59:47 2020 CEST <damian@fptrucha.inv.usc.es>
# name: hd
# type: matrix
# rows: 180
# columns: 2
 2 -180
 176 -177.9888268156425
 3 -175.9776536312849
 352 -173.9664804469274
 250 -171.9553072625698
 145 -169.9441340782123
 35 -167.9329608938548
 38 -165.9217877094972
 58 -163.9106145251397
 159 -161.8994413407821
 37 -159.8882681564246
 550 -157.877094972067
 69 -155.8659217877095
 124 -153.854748603352
 54 -151.8435754189944
 70 -149.8324022346369
 216 -147.8212290502793
 614 -145.8100558659218
 132 -143.7988826815642
 104 -141.7877094972067
 178 -139.7765363128491
 120 -137.7653631284916
 2 -135.7541899441341
 167 -133.7430167597765
 169 -131.731843575419
 69 -129.7206703910614
 178 -127.7094972067039
 229 -125.6983240223464
 110 -123.6871508379888
 199 -121.6759776536313
 218 -119.6648044692737
 4 -117.6536312849162
 94 -115.6424581005587
 129 -113.6312849162011
 122 -111.6201117318436
 20 -109.608938547486
 40 -107.5977653631285
 21 -105.5865921787709
 15 -103.5754189944134
 4 -101.5642458100559
 2 -99.55307262569832
 2 -97.54189944134077
 5 -95.53072625698323
 12 -93.5195530726257
 8025 -91.50837988826815
 14 -89.49720670391061
 7 -87.48603351955308
 4 -85.47486033519553
 1 -83.46368715083798
 3 -81.45251396648044
 6 -79.44134078212289
 5 -77.43016759776536
 46 -75.41899441340782
 27 -73.40782122905027
 49 -71.39664804469274
 128 -69.38547486033519
 78 -67.37430167597765
 109 -65.3631284916201
 51 -63.35195530726256
 256 -61.34078212290503
 165 -59.32960893854748
 199 -57.31843575418993
 85 -55.3072625698324
 71 -53.29608938547486
 247 -51.28491620111731
 63 -49.27374301675977
 133 -47.26256983240222
 1 -45.25139664804468
 255 -43.24022346368713
 4 -41.22905027932961
 159 -39.21787709497207
 279 -37.20670391061452
 402 -35.19553072625698
 112 -33.18435754189943
 61 -31.17318435754188
 167 -29.16201117318434
 11 -27.15083798882682
 70 -25.13966480446928
 595 -23.12849162011173
 155 -21.11731843575419
 43 -19.10614525139664
 14 -17.09497206703909
 46 -15.08379888268155
 163 -13.072625698324
 9 -11.06145251396646
 601 -9.050279329608941
 0 -7.039106145251395
 136 -5.02793296089385
 17 -3.016759776536304
 3 -1.005586592178759
 17 1.005586592178787
 124 3.016759776536333
 6 5.02793296089385
 548 7.039106145251395
 8 9.050279329608941
 166 11.06145251396649
 43 13.07262569832403
 11 15.08379888268158
 53 17.09497206703912
 123 19.10614525139667
 530 21.11731843575421
 66 23.12849162011173
 77 25.13966480446928
 121 27.15083798882682
 56 29.16201117318437
 205 31.17318435754191
 335 33.18435754189946
 232 35.195530726257
 154 37.20670391061452
 58 39.21787709497207
 310 41.22905027932961
 2 43.24022346368716
 130 45.2513966480447
 62 47.26256983240225
 232 49.27374301675979
 86 51.28491620111734
 193 53.29608938547489
 85 55.3072625698324
 144 57.31843575418995
 241 59.32960893854749
 69 61.34078212290504
 115 63.35195530726259
 83 65.36312849162013
 128 67.37430167597768
 53 69.38547486033519
 35 71.39664804469274
 61 73.40782122905028
 9 75.41899441340783
 15 77.43016759776538
 3 79.44134078212289
 2 81.45251396648047
 2 83.46368715083798
 7 85.47486033519556
 18 87.48603351955308
 7763 89.49720670391065
 8 91.50837988826817
 4 93.51955307262574
 2 95.53072625698326
 0 97.54189944134077
 4 99.55307262569835
 18 101.5642458100559
 29 103.5754189944134
 35 105.586592178771
 17 107.5977653631285
 108 109.608938547486
 118 111.6201117318436
 125 113.6312849162011
 0 115.6424581005587
 214 117.6536312849162
 172 119.6648044692737
 109 121.6759776536313
 183 123.6871508379888
 192 125.6983240223464
 87 127.7094972067039
 186 129.7206703910614
 191 131.731843575419
 2 133.7430167597765
 135 135.7541899441341
 221 137.7653631284916
 135 139.7765363128492
 137 141.7877094972067
 498 143.7988826815642
 120 145.8100558659218
 189 147.8212290502793
 73 149.8324022346369
 137 151.8435754189944
 71 153.854748603352
 493 155.8659217877095
 49 157.8770949720671
 155 159.8882681564246
 56 161.8994413407821
 51 163.9106145251397
 18 165.9217877094972
 149 167.9329608938548
 237 169.9441340782123
 333 171.9553072625699
 4 173.9664804469274
 148 175.9776536312849
 6 177.9888268156425
 0 180


