# Created by Octave 3.8.2, Sat Jun 20 03:34:48 2020 CEST <damian@fptrucha.inv.usc.es>
# name: hd
# type: matrix
# rows: 180
# columns: 2
 4 -180
 175 -177.9888268156425
 1 -175.9776536312849
 412 -173.9664804469274
 244 -171.9553072625698
 170 -169.9441340782123
 28 -167.9329608938548
 41 -165.9217877094972
 59 -163.9106145251397
 156 -161.8994413407821
 44 -159.8882681564246
 714 -157.877094972067
 69 -155.8659217877095
 123 -153.854748603352
 34 -151.8435754189944
 72 -149.8324022346369
 216 -147.8212290502793
 652 -145.8100558659218
 127 -143.7988826815642
 82 -141.7877094972067
 179 -139.7765363128491
 124 -137.7653631284916
 2 -135.7541899441341
 146 -133.7430167597765
 173 -131.731843575419
 83 -129.7206703910614
 176 -127.7094972067039
 237 -125.6983240223464
 113 -123.6871508379888
 221 -121.6759776536313
 190 -119.6648044692737
 3 -117.6536312849162
 126 -115.6424581005587
 127 -113.6312849162011
 156 -111.6201117318436
 19 -109.608938547486
 37 -107.5977653631285
 26 -105.5865921787709
 11 -103.5754189944134
 6 -101.5642458100559
 0 -99.55307262569832
 1 -97.54189944134077
 1 -95.53072625698323
 3 -93.5195530726257
 9040 -91.50837988826815
 10 -89.49720670391061
 3 -87.48603351955308
 2 -85.47486033519553
 0 -83.46368715083798
 2 -81.45251396648044
 3 -79.44134078212289
 5 -77.43016759776536
 51 -75.41899441340782
 35 -73.40782122905027
 55 -71.39664804469274
 128 -69.38547486033519
 78 -67.37430167597765
 108 -65.3631284916201
 51 -63.35195530726256
 315 -61.34078212290503
 155 -59.32960893854748
 261 -57.31843575418993
 102 -55.3072625698324
 99 -53.29608938547486
 245 -51.28491620111731
 68 -49.27374301675977
 101 -47.26256983240222
 2 -45.25139664804468
 281 -43.24022346368713
 4 -41.22905027932961
 177 -39.21787709497207
 333 -37.20670391061452
 505 -35.19553072625698
 113 -33.18435754189943
 55 -31.17318435754188
 172 -29.16201117318434
 18 -27.15083798882682
 78 -25.13966480446928
 656 -23.12849162011173
 144 -21.11731843575419
 53 -19.10614525139664
 7 -17.09497206703909
 46 -15.08379888268155
 168 -13.072625698324
 7 -11.06145251396646
 608 -9.050279329608941
 1 -7.039106145251395
 116 -5.02793296089385
 23 -3.016759776536304
 0 -1.005586592178759
 21 1.005586592178787
 129 3.016759776536333
 1 5.02793296089385
 583 7.039106145251395
 5 9.050279329608941
 114 11.06145251396649
 42 13.07262569832403
 13 15.08379888268158
 54 17.09497206703912
 122 19.10614525139667
 547 21.11731843575421
 56 23.12849162011173
 97 25.13966480446928
 108 27.15083798882682
 57 29.16201117318437
 252 31.17318435754191
 362 33.18435754189946
 251 35.195530726257
 160 37.20670391061452
 29 39.21787709497207
 287 41.22905027932961
 1 43.24022346368716
 112 45.2513966480447
 52 47.26256983240225
 235 49.27374301675979
 84 51.28491620111734
 218 53.29608938547489
 74 55.3072625698324
 157 57.31843575418995
 225 59.32960893854749
 70 61.34078212290504
 118 63.35195530726259
 67 65.36312849162013
 113 67.37430167597768
 33 69.38547486033519
 23 71.39664804469274
 49 73.40782122905028
 2 75.41899441340783
 9 77.43016759776538
 1 79.44134078212289
 0 81.45251396648047
 1 83.46368715083798
 1 85.47486033519556
 10 87.48603351955308
 8494 89.49720670391065
 3 91.50837988826817
 0 93.51955307262574
 1 95.53072625698326
 1 97.54189944134077
 1 99.55307262569835
 9 101.5642458100559
 17 103.5754189944134
 51 105.586592178771
 22 107.5977653631285
 118 109.608938547486
 93 111.6201117318436
 127 113.6312849162011
 7 115.6424581005587
 214 117.6536312849162
 154 119.6648044692737
 105 121.6759776536313
 179 123.6871508379888
 170 125.6983240223464
 94 127.7094972067039
 179 129.7206703910614
 174 131.731843575419
 2 133.7430167597765
 120 135.7541899441341
 203 137.7653631284916
 112 139.7765363128492
 153 141.7877094972067
 464 143.7988826815642
 133 145.8100558659218
 232 147.8212290502793
 57 149.8324022346369
 157 151.8435754189944
 70 153.854748603352
 549 155.8659217877095
 53 157.8770949720671
 142 159.8882681564246
 69 161.8994413407821
 64 163.9106145251397
 17 165.9217877094972
 134 167.9329608938548
 233 169.9441340782123
 372 171.9553072625699
 1 173.9664804469274
 185 175.9776536312849
 2 177.9888268156425
 0 180


