# Created by Octave 3.8.2, Sat Jun 20 23:13:12 2020 CEST <damian@fptrucha.inv.usc.es>
# name: hd
# type: matrix
# rows: 180
# columns: 2
 3 -180
 141 -177.9888268156425
 0 -175.9776536312849
 326 -173.9664804469274
 205 -171.9553072625698
 146 -169.9441340782123
 38 -167.9329608938548
 36 -165.9217877094972
 58 -163.9106145251397
 172 -161.8994413407821
 37 -159.8882681564246
 675 -157.877094972067
 58 -155.8659217877095
 106 -153.854748603352
 32 -151.8435754189944
 61 -149.8324022346369
 205 -147.8212290502793
 595 -145.8100558659218
 124 -143.7988826815642
 91 -141.7877094972067
 162 -139.7765363128491
 112 -137.7653631284916
 1 -135.7541899441341
 145 -133.7430167597765
 144 -131.731843575419
 88 -129.7206703910614
 156 -127.7094972067039
 224 -125.6983240223464
 98 -123.6871508379888
 185 -121.6759776536313
 174 -119.6648044692737
 3 -117.6536312849162
 101 -115.6424581005587
 111 -113.6312849162011
 93 -111.6201117318436
 12 -109.608938547486
 32 -107.5977653631285
 28 -105.5865921787709
 5 -103.5754189944134
 4 -101.5642458100559
 0 -99.55307262569832
 1 -97.54189944134077
 2 -95.53072625698323
 13 -93.5195530726257
 7979 -91.50837988826815
 6 -89.49720670391061
 0 -87.48603351955308
 0 -85.47486033519553
 0 -83.46368715083798
 3 -81.45251396648044
 4 -79.44134078212289
 7 -77.43016759776536
 32 -75.41899441340782
 14 -73.40782122905027
 58 -71.39664804469274
 104 -69.38547486033519
 52 -67.37430167597765
 93 -65.3631284916201
 54 -63.35195530726256
 277 -61.34078212290503
 117 -59.32960893854748
 211 -57.31843575418993
 85 -55.3072625698324
 78 -53.29608938547486
 205 -51.28491620111731
 48 -49.27374301675977
 109 -47.26256983240222
 3 -45.25139664804468
 262 -43.24022346368713
 2 -41.22905027932961
 147 -39.21787709497207
 300 -37.20670391061452
 467 -35.19553072625698
 105 -33.18435754189943
 59 -31.17318435754188
 138 -29.16201117318434
 9 -27.15083798882682
 47 -25.13966480446928
 635 -23.12849162011173
 143 -21.11731843575419
 49 -19.10614525139664
 15 -17.09497206703909
 39 -15.08379888268155
 158 -13.072625698324
 10 -11.06145251396646
 613 -9.050279329608941
 2 -7.039106145251395
 123 -5.02793296089385
 14 -3.016759776536304
 0 -1.005586592178759
 16 1.005586592178787
 127 3.016759776536333
 0 5.02793296089385
 520 7.039106145251395
 4 9.050279329608941
 116 11.06145251396649
 50 13.07262569832403
 8 15.08379888268158
 62 17.09497206703912
 118 19.10614525139667
 461 21.11731843575421
 59 23.12849162011173
 105 25.13966480446928
 103 27.15083798882682
 50 29.16201117318437
 227 31.17318435754191
 314 33.18435754189946
 238 35.195530726257
 168 37.20670391061452
 25 39.21787709497207
 264 41.22905027932961
 1 43.24022346368716
 96 45.2513966480447
 58 47.26256983240225
 229 49.27374301675979
 69 51.28491620111734
 190 53.29608938547489
 72 55.3072625698324
 134 57.31843575418995
 262 59.32960893854749
 59 61.34078212290504
 118 63.35195530726259
 67 65.36312849162013
 115 67.37430167597768
 54 69.38547486033519
 24 71.39664804469274
 38 73.40782122905028
 5 75.41899441340783
 5 77.43016759776538
 1 79.44134078212289
 1 81.45251396648047
 1 83.46368715083798
 6 85.47486033519556
 15 87.48603351955308
 7536 89.49720670391065
 10 91.50837988826817
 1 93.51955307262574
 3 95.53072625698326
 0 97.54189944134077
 6 99.55307262569835
 11 101.5642458100559
 17 103.5754189944134
 45 105.586592178771
 27 107.5977653631285
 103 109.608938547486
 110 111.6201117318436
 119 113.6312849162011
 2 115.6424581005587
 205 117.6536312849162
 150 119.6648044692737
 85 121.6759776536313
 176 123.6871508379888
 195 125.6983240223464
 74 127.7094972067039
 166 129.7206703910614
 184 131.731843575419
 2 133.7430167597765
 109 135.7541899441341
 152 137.7653631284916
 117 139.7765363128492
 140 141.7877094972067
 489 143.7988826815642
 134 145.8100558659218
 196 147.8212290502793
 48 149.8324022346369
 160 151.8435754189944
 61 153.854748603352
 461 155.8659217877095
 49 157.8770949720671
 137 159.8882681564246
 67 161.8994413407821
 34 163.9106145251397
 20 165.9217877094972
 123 167.9329608938548
 188 169.9441340782123
 324 171.9553072625699
 4 173.9664804469274
 154 175.9776536312849
 3 177.9888268156425
 0 180


