# Created by Octave 3.8.2, Mon Jun 22 12:12:39 2020 CEST <damian@fptrucha.inv.usc.es>
# name: hd
# type: matrix
# rows: 180
# columns: 2
 7 -180
 175 -177.9888268156425
 4 -175.9776536312849
 354 -173.9664804469274
 237 -171.9553072625698
 142 -169.9441340782123
 26 -167.9329608938548
 47 -165.9217877094972
 66 -163.9106145251397
 150 -161.8994413407821
 50 -159.8882681564246
 587 -157.877094972067
 62 -155.8659217877095
 128 -153.854748603352
 38 -151.8435754189944
 60 -149.8324022346369
 221 -147.8212290502793
 583 -145.8100558659218
 114 -143.7988826815642
 101 -141.7877094972067
 159 -139.7765363128491
 105 -137.7653631284916
 3 -135.7541899441341
 164 -133.7430167597765
 145 -131.731843575419
 74 -129.7206703910614
 183 -127.7094972067039
 206 -125.6983240223464
 90 -123.6871508379888
 176 -121.6759776536313
 199 -119.6648044692737
 4 -117.6536312849162
 120 -115.6424581005587
 108 -113.6312849162011
 116 -111.6201117318436
 30 -109.608938547486
 50 -107.5977653631285
 26 -105.5865921787709
 18 -103.5754189944134
 7 -101.5642458100559
 0 -99.55307262569832
 2 -97.54189944134077
 1 -95.53072625698323
 10 -93.5195530726257
 7682 -91.50837988826815
 23 -89.49720670391061
 6 -87.48603351955308
 3 -85.47486033519553
 0 -83.46368715083798
 3 -81.45251396648044
 10 -79.44134078212289
 4 -77.43016759776536
 56 -75.41899441340782
 35 -73.40782122905027
 46 -71.39664804469274
 101 -69.38547486033519
 62 -67.37430167597765
 110 -65.3631284916201
 66 -63.35195530726256
 253 -61.34078212290503
 133 -59.32960893854748
 194 -57.31843575418993
 94 -55.3072625698324
 69 -53.29608938547486
 224 -51.28491620111731
 70 -49.27374301675977
 120 -47.26256983240222
 2 -45.25139664804468
 243 -43.24022346368713
 3 -41.22905027932961
 162 -39.21787709497207
 296 -37.20670391061452
 432 -35.19553072625698
 99 -33.18435754189943
 53 -31.17318435754188
 134 -29.16201117318434
 10 -27.15083798882682
 78 -25.13966480446928
 545 -23.12849162011173
 149 -21.11731843575419
 55 -19.10614525139664
 10 -17.09497206703909
 42 -15.08379888268155
 165 -13.072625698324
 13 -11.06145251396646
 580 -9.050279329608941
 1 -7.039106145251395
 132 -5.02793296089385
 19 -3.016759776536304
 4 -1.005586592178759
 25 1.005586592178787
 129 3.016759776536333
 3 5.02793296089385
 544 7.039106145251395
 10 9.050279329608941
 131 11.06145251396649
 39 13.07262569832403
 13 15.08379888268158
 56 17.09497206703912
 130 19.10614525139667
 543 21.11731843575421
 56 23.12849162011173
 101 25.13966480446928
 85 27.15083798882682
 50 29.16201117318437
 205 31.17318435754191
 299 33.18435754189946
 242 35.195530726257
 145 37.20670391061452
 48 39.21787709497207
 332 41.22905027932961
 3 43.24022346368716
 125 45.2513966480447
 61 47.26256983240225
 241 49.27374301675979
 83 51.28491620111734
 222 53.29608938547489
 71 55.3072625698324
 156 57.31843575418995
 253 59.32960893854749
 60 61.34078212290504
 140 63.35195530726259
 54 65.36312849162013
 117 67.37430167597768
 58 69.38547486033519
 34 71.39664804469274
 60 73.40782122905028
 5 75.41899441340783
 13 77.43016759776538
 1 79.44134078212289
 1 81.45251396648047
 1 83.46368715083798
 6 85.47486033519556
 19 87.48603351955308
 7652 89.49720670391065
 4 91.50837988826817
 7 93.51955307262574
 0 95.53072625698326
 0 97.54189944134077
 4 99.55307262569835
 16 101.5642458100559
 26 103.5754189944134
 45 105.586592178771
 34 107.5977653631285
 123 109.608938547486
 113 111.6201117318436
 105 113.6312849162011
 3 115.6424581005587
 215 117.6536312849162
 163 119.6648044692737
 82 121.6759776536313
 165 123.6871508379888
 218 125.6983240223464
 85 127.7094972067039
 161 129.7206703910614
 173 131.731843575419
 1 133.7430167597765
 110 135.7541899441341
 193 137.7653631284916
 108 139.7765363128492
 146 141.7877094972067
 476 143.7988826815642
 120 145.8100558659218
 232 147.8212290502793
 43 149.8324022346369
 122 151.8435754189944
 76 153.854748603352
 465 155.8659217877095
 44 157.8770949720671
 137 159.8882681564246
 64 161.8994413407821
 53 163.9106145251397
 24 165.9217877094972
 142 167.9329608938548
 241 169.9441340782123
 345 171.9553072625699
 4 173.9664804469274
 177 175.9776536312849
 3 177.9888268156425
 0 180


