# Created by Octave 3.8.2, Sat Jun 20 11:43:00 2020 CEST <damian@fptrucha.inv.usc.es>
# name: hd
# type: matrix
# rows: 180
# columns: 2
 7 -180
 177 -177.9888268156425
 2 -175.9776536312849
 365 -173.9664804469274
 254 -171.9553072625698
 158 -169.9441340782123
 23 -167.9329608938548
 31 -165.9217877094972
 68 -163.9106145251397
 177 -161.8994413407821
 46 -159.8882681564246
 695 -157.877094972067
 70 -155.8659217877095
 118 -153.854748603352
 45 -151.8435754189944
 63 -149.8324022346369
 240 -147.8212290502793
 670 -145.8100558659218
 123 -143.7988826815642
 92 -141.7877094972067
 201 -139.7765363128491
 98 -137.7653631284916
 0 -135.7541899441341
 153 -133.7430167597765
 184 -131.731843575419
 86 -129.7206703910614
 220 -127.7094972067039
 225 -125.6983240223464
 84 -123.6871508379888
 190 -121.6759776536313
 194 -119.6648044692737
 3 -117.6536312849162
 132 -115.6424581005587
 123 -113.6312849162011
 131 -111.6201117318436
 12 -109.608938547486
 39 -107.5977653631285
 32 -105.5865921787709
 14 -103.5754189944134
 4 -101.5642458100559
 2 -99.55307262569832
 0 -97.54189944134077
 3 -95.53072625698323
 4 -93.5195530726257
 8674 -91.50837988826815
 12 -89.49720670391061
 3 -87.48603351955308
 2 -85.47486033519553
 0 -83.46368715083798
 3 -81.45251396648044
 12 -79.44134078212289
 5 -77.43016759776536
 44 -75.41899441340782
 25 -73.40782122905027
 58 -71.39664804469274
 147 -69.38547486033519
 72 -67.37430167597765
 103 -65.3631284916201
 58 -63.35195530726256
 298 -61.34078212290503
 162 -59.32960893854748
 245 -57.31843575418993
 101 -55.3072625698324
 90 -53.29608938547486
 255 -51.28491620111731
 61 -49.27374301675977
 111 -47.26256983240222
 3 -45.25139664804468
 275 -43.24022346368713
 3 -41.22905027932961
 154 -39.21787709497207
 338 -37.20670391061452
 513 -35.19553072625698
 114 -33.18435754189943
 71 -31.17318435754188
 149 -29.16201117318434
 7 -27.15083798882682
 73 -25.13966480446928
 693 -23.12849162011173
 152 -21.11731843575419
 53 -19.10614525139664
 10 -17.09497206703909
 38 -15.08379888268155
 172 -13.072625698324
 8 -11.06145251396646
 617 -9.050279329608941
 1 -7.039106145251395
 136 -5.02793296089385
 24 -3.016759776536304
 3 -1.005586592178759
 22 1.005586592178787
 132 3.016759776536333
 0 5.02793296089385
 593 7.039106145251395
 10 9.050279329608941
 163 11.06145251396649
 49 13.07262569832403
 5 15.08379888268158
 58 17.09497206703912
 106 19.10614525139667
 565 21.11731843575421
 53 23.12849162011173
 98 25.13966480446928
 108 27.15083798882682
 58 29.16201117318437
 239 31.17318435754191
 326 33.18435754189946
 261 35.195530726257
 169 37.20670391061452
 28 39.21787709497207
 304 41.22905027932961
 0 43.24022346368716
 137 45.2513966480447
 62 47.26256983240225
 251 49.27374301675979
 79 51.28491620111734
 218 53.29608938547489
 108 55.3072625698324
 139 57.31843575418995
 283 59.32960893854749
 77 61.34078212290504
 139 63.35195530726259
 88 65.36312849162013
 127 67.37430167597768
 50 69.38547486033519
 41 71.39664804469274
 48 73.40782122905028
 3 75.41899441340783
 9 77.43016759776538
 2 79.44134078212289
 0 81.45251396648047
 1 83.46368715083798
 1 85.47486033519556
 5 87.48603351955308
 8375 89.49720670391065
 7 91.50837988826817
 0 93.51955307262574
 3 95.53072625698326
 0 97.54189944134077
 1 99.55307262569835
 15 101.5642458100559
 32 103.5754189944134
 49 105.586592178771
 27 107.5977653631285
 122 109.608938547486
 127 111.6201117318436
 147 113.6312849162011
 3 115.6424581005587
 234 117.6536312849162
 172 119.6648044692737
 90 121.6759776536313
 177 123.6871508379888
 201 125.6983240223464
 82 127.7094972067039
 179 129.7206703910614
 222 131.731843575419
 5 133.7430167597765
 136 135.7541899441341
 196 137.7653631284916
 123 139.7765363128492
 164 141.7877094972067
 558 143.7988826815642
 154 145.8100558659218
 221 147.8212290502793
 47 149.8324022346369
 186 151.8435754189944
 58 153.854748603352
 521 155.8659217877095
 57 157.8770949720671
 148 159.8882681564246
 84 161.8994413407821
 65 163.9106145251397
 17 165.9217877094972
 148 167.9329608938548
 262 169.9441340782123
 374 171.9553072625699
 4 173.9664804469274
 158 175.9776536312849
 4 177.9888268156425
 0 180


