# Created by Octave 3.8.2, Sat Jun 20 12:36:52 2020 CEST <damian@fptrucha.inv.usc.es>
# name: hd
# type: matrix
# rows: 180
# columns: 2
 1 -180
 164 -177.9888268156425
 4 -175.9776536312849
 394 -173.9664804469274
 237 -171.9553072625698
 149 -169.9441340782123
 23 -167.9329608938548
 38 -165.9217877094972
 60 -163.9106145251397
 180 -161.8994413407821
 53 -159.8882681564246
 709 -157.877094972067
 69 -155.8659217877095
 123 -153.854748603352
 42 -151.8435754189944
 85 -149.8324022346369
 222 -147.8212290502793
 637 -145.8100558659218
 152 -143.7988826815642
 95 -141.7877094972067
 198 -139.7765363128491
 101 -137.7653631284916
 3 -135.7541899441341
 155 -133.7430167597765
 137 -131.731843575419
 73 -129.7206703910614
 196 -127.7094972067039
 235 -125.6983240223464
 96 -123.6871508379888
 204 -121.6759776536313
 188 -119.6648044692737
 5 -117.6536312849162
 79 -115.6424581005587
 115 -113.6312849162011
 134 -111.6201117318436
 11 -109.608938547486
 36 -107.5977653631285
 29 -105.5865921787709
 13 -103.5754189944134
 2 -101.5642458100559
 0 -99.55307262569832
 1 -97.54189944134077
 3 -95.53072625698323
 3 -93.5195530726257
 8775 -91.50837988826815
 9 -89.49720670391061
 8 -87.48603351955308
 1 -85.47486033519553
 0 -83.46368715083798
 3 -81.45251396648044
 4 -79.44134078212289
 1 -77.43016759776536
 41 -75.41899441340782
 25 -73.40782122905027
 51 -71.39664804469274
 124 -69.38547486033519
 62 -67.37430167597765
 111 -65.3631284916201
 53 -63.35195530726256
 303 -61.34078212290503
 151 -59.32960893854748
 230 -57.31843575418993
 100 -55.3072625698324
 85 -53.29608938547486
 249 -51.28491620111731
 62 -49.27374301675977
 134 -47.26256983240222
 1 -45.25139664804468
 273 -43.24022346368713
 3 -41.22905027932961
 178 -39.21787709497207
 307 -37.20670391061452
 479 -35.19553072625698
 106 -33.18435754189943
 60 -31.17318435754188
 155 -29.16201117318434
 8 -27.15083798882682
 70 -25.13966480446928
 636 -23.12849162011173
 180 -21.11731843575419
 56 -19.10614525139664
 7 -17.09497206703909
 47 -15.08379888268155
 196 -13.072625698324
 8 -11.06145251396646
 610 -9.050279329608941
 2 -7.039106145251395
 133 -5.02793296089385
 26 -3.016759776536304
 2 -1.005586592178759
 25 1.005586592178787
 149 3.016759776536333
 3 5.02793296089385
 650 7.039106145251395
 4 9.050279329608941
 147 11.06145251396649
 48 13.07262569832403
 9 15.08379888268158
 72 17.09497206703912
 113 19.10614525139667
 543 21.11731843575421
 54 23.12849162011173
 109 25.13966480446928
 102 27.15083798882682
 55 29.16201117318437
 262 31.17318435754191
 313 33.18435754189946
 239 35.195530726257
 206 37.20670391061452
 23 39.21787709497207
 316 41.22905027932961
 1 43.24022346368716
 118 45.2513966480447
 78 47.26256983240225
 250 49.27374301675979
 99 51.28491620111734
 200 53.29608938547489
 74 55.3072625698324
 147 57.31843575418995
 246 59.32960893854749
 73 61.34078212290504
 138 63.35195530726259
 86 65.36312849162013
 120 67.37430167597768
 62 69.38547486033519
 37 71.39664804469274
 54 73.40782122905028
 9 75.41899441340783
 12 77.43016759776538
 1 79.44134078212289
 0 81.45251396648047
 1 83.46368715083798
 5 85.47486033519556
 7 87.48603351955308
 8599 89.49720670391065
 12 91.50837988826817
 4 93.51955307262574
 1 95.53072625698326
 1 97.54189944134077
 3 99.55307262569835
 15 101.5642458100559
 21 103.5754189944134
 43 105.586592178771
 30 107.5977653631285
 117 109.608938547486
 140 111.6201117318436
 162 113.6312849162011
 3 115.6424581005587
 253 117.6536312849162
 167 119.6648044692737
 95 121.6759776536313
 213 123.6871508379888
 208 125.6983240223464
 87 127.7094972067039
 181 129.7206703910614
 212 131.731843575419
 4 133.7430167597765
 137 135.7541899441341
 196 137.7653631284916
 104 139.7765363128492
 170 141.7877094972067
 486 143.7988826815642
 131 145.8100558659218
 258 147.8212290502793
 42 149.8324022346369
 181 151.8435754189944
 66 153.854748603352
 510 155.8659217877095
 54 157.8770949720671
 154 159.8882681564246
 70 161.8994413407821
 64 163.9106145251397
 23 165.9217877094972
 151 167.9329608938548
 246 169.9441340782123
 401 171.9553072625699
 7 173.9664804469274
 158 175.9776536312849
 3 177.9888268156425
 0 180


