# Created by Octave 3.8.2, Mon Jun 22 00:44:05 2020 CEST <damian@fptrucha.inv.usc.es>
# name: hd
# type: matrix
# rows: 180
# columns: 2
 3 -180
 171 -177.9888268156425
 0 -175.9776536312849
 315 -173.9664804469274
 223 -171.9553072625698
 142 -169.9441340782123
 28 -167.9329608938548
 37 -165.9217877094972
 38 -163.9106145251397
 179 -161.8994413407821
 33 -159.8882681564246
 630 -157.877094972067
 49 -155.8659217877095
 137 -153.854748603352
 32 -151.8435754189944
 51 -149.8324022346369
 188 -147.8212290502793
 617 -145.8100558659218
 100 -143.7988826815642
 96 -141.7877094972067
 137 -139.7765363128491
 106 -137.7653631284916
 4 -135.7541899441341
 144 -133.7430167597765
 135 -131.731843575419
 75 -129.7206703910614
 159 -127.7094972067039
 242 -125.6983240223464
 82 -123.6871508379888
 176 -121.6759776536313
 173 -119.6648044692737
 3 -117.6536312849162
 92 -115.6424581005587
 94 -113.6312849162011
 112 -111.6201117318436
 21 -109.608938547486
 23 -107.5977653631285
 26 -105.5865921787709
 13 -103.5754189944134
 2 -101.5642458100559
 0 -99.55307262569832
 0 -97.54189944134077
 1 -95.53072625698323
 9 -93.5195530726257
 8161 -91.50837988826815
 9 -89.49720670391061
 4 -87.48603351955308
 1 -85.47486033519553
 1 -83.46368715083798
 3 -81.45251396648044
 6 -79.44134078212289
 3 -77.43016759776536
 33 -75.41899441340782
 17 -73.40782122905027
 62 -71.39664804469274
 113 -69.38547486033519
 66 -67.37430167597765
 89 -65.3631284916201
 39 -63.35195530726256
 292 -61.34078212290503
 135 -59.32960893854748
 207 -57.31843575418993
 89 -55.3072625698324
 72 -53.29608938547486
 215 -51.28491620111731
 54 -49.27374301675977
 98 -47.26256983240222
 1 -45.25139664804468
 265 -43.24022346368713
 2 -41.22905027932961
 153 -39.21787709497207
 288 -37.20670391061452
 465 -35.19553072625698
 97 -33.18435754189943
 65 -31.17318435754188
 145 -29.16201117318434
 12 -27.15083798882682
 54 -25.13966480446928
 621 -23.12849162011173
 147 -21.11731843575419
 52 -19.10614525139664
 13 -17.09497206703909
 24 -15.08379888268155
 184 -13.072625698324
 7 -11.06145251396646
 546 -9.050279329608941
 2 -7.039106145251395
 124 -5.02793296089385
 13 -3.016759776536304
 2 -1.005586592178759
 18 1.005586592178787
 117 3.016759776536333
 2 5.02793296089385
 523 7.039106145251395
 3 9.050279329608941
 99 11.06145251396649
 46 13.07262569832403
 10 15.08379888268158
 50 17.09497206703912
 118 19.10614525139667
 548 21.11731843575421
 57 23.12849162011173
 87 25.13966480446928
 99 27.15083798882682
 63 29.16201117318437
 198 31.17318435754191
 327 33.18435754189946
 213 35.195530726257
 161 37.20670391061452
 37 39.21787709497207
 279 41.22905027932961
 2 43.24022346368716
 99 45.2513966480447
 59 47.26256983240225
 212 49.27374301675979
 86 51.28491620111734
 177 53.29608938547489
 85 55.3072625698324
 126 57.31843575418995
 230 59.32960893854749
 62 61.34078212290504
 101 63.35195530726259
 59 65.36312849162013
 116 67.37430167597768
 31 69.38547486033519
 28 71.39664804469274
 44 73.40782122905028
 9 75.41899441340783
 9 77.43016759776538
 1 79.44134078212289
 1 81.45251396648047
 1 83.46368715083798
 4 85.47486033519556
 8 87.48603351955308
 7500 89.49720670391065
 4 91.50837988826817
 1 93.51955307262574
 0 95.53072625698326
 1 97.54189944134077
 5 99.55307262569835
 9 101.5642458100559
 25 103.5754189944134
 34 105.586592178771
 29 107.5977653631285
 105 109.608938547486
 124 111.6201117318436
 115 113.6312849162011
 5 115.6424581005587
 192 117.6536312849162
 162 119.6648044692737
 89 121.6759776536313
 163 123.6871508379888
 166 125.6983240223464
 88 127.7094972067039
 158 129.7206703910614
 167 131.731843575419
 5 133.7430167597765
 99 135.7541899441341
 179 137.7653631284916
 85 139.7765363128492
 145 141.7877094972067
 464 143.7988826815642
 120 145.8100558659218
 208 147.8212290502793
 41 149.8324022346369
 142 151.8435754189944
 57 153.854748603352
 466 155.8659217877095
 31 157.8770949720671
 111 159.8882681564246
 60 161.8994413407821
 55 163.9106145251397
 17 165.9217877094972
 122 167.9329608938548
 224 169.9441340782123
 295 171.9553072625699
 5 173.9664804469274
 162 175.9776536312849
 2 177.9888268156425
 0 180


