# Created by Octave 3.8.2, Sat Jun 20 05:56:36 2020 CEST <damian@fptrucha.inv.usc.es>
# name: hd
# type: matrix
# rows: 180
# columns: 2
 1 -180
 174 -177.9888268156425
 2 -175.9776536312849
 418 -173.9664804469274
 284 -171.9553072625698
 184 -169.9441340782123
 39 -167.9329608938548
 45 -165.9217877094972
 69 -163.9106145251397
 162 -161.8994413407821
 50 -159.8882681564246
 668 -157.877094972067
 81 -155.8659217877095
 123 -153.854748603352
 49 -151.8435754189944
 78 -149.8324022346369
 251 -147.8212290502793
 683 -145.8100558659218
 131 -143.7988826815642
 112 -141.7877094972067
 209 -139.7765363128491
 127 -137.7653631284916
 2 -135.7541899441341
 196 -133.7430167597765
 198 -131.731843575419
 79 -129.7206703910614
 211 -127.7094972067039
 241 -125.6983240223464
 118 -123.6871508379888
 239 -121.6759776536313
 223 -119.6648044692737
 6 -117.6536312849162
 99 -115.6424581005587
 147 -113.6312849162011
 135 -111.6201117318436
 13 -109.608938547486
 37 -107.5977653631285
 28 -105.5865921787709
 13 -103.5754189944134
 1 -101.5642458100559
 0 -99.55307262569832
 1 -97.54189944134077
 3 -95.53072625698323
 5 -93.5195530726257
 9274 -91.50837988826815
 14 -89.49720670391061
 5 -87.48603351955308
 0 -85.47486033519553
 1 -83.46368715083798
 2 -81.45251396648044
 9 -79.44134078212289
 5 -77.43016759776536
 55 -75.41899441340782
 23 -73.40782122905027
 64 -71.39664804469274
 129 -69.38547486033519
 90 -67.37430167597765
 123 -65.3631284916201
 55 -63.35195530726256
 300 -61.34078212290503
 187 -59.32960893854748
 275 -57.31843575418993
 90 -55.3072625698324
 100 -53.29608938547486
 258 -51.28491620111731
 64 -49.27374301675977
 113 -47.26256983240222
 0 -45.25139664804468
 319 -43.24022346368713
 4 -41.22905027932961
 168 -39.21787709497207
 346 -37.20670391061452
 490 -35.19553072625698
 97 -33.18435754189943
 89 -31.17318435754188
 161 -29.16201117318434
 5 -27.15083798882682
 58 -25.13966480446928
 697 -23.12849162011173
 152 -21.11731843575419
 45 -19.10614525139664
 9 -17.09497206703909
 33 -15.08379888268155
 201 -13.072625698324
 10 -11.06145251396646
 609 -9.050279329608941
 2 -7.039106145251395
 131 -5.02793296089385
 19 -3.016759776536304
 1 -1.005586592178759
 13 1.005586592178787
 125 3.016759776536333
 3 5.02793296089385
 610 7.039106145251395
 9 9.050279329608941
 135 11.06145251396649
 40 13.07262569832403
 9 15.08379888268158
 60 17.09497206703912
 122 19.10614525139667
 566 21.11731843575421
 65 23.12849162011173
 104 25.13966480446928
 115 27.15083798882682
 50 29.16201117318437
 270 31.17318435754191
 328 33.18435754189946
 240 35.195530726257
 160 37.20670391061452
 35 39.21787709497207
 288 41.22905027932961
 1 43.24022346368716
 144 45.2513966480447
 56 47.26256983240225
 238 49.27374301675979
 85 51.28491620111734
 226 53.29608938547489
 92 55.3072625698324
 133 57.31843575418995
 272 59.32960893854749
 43 61.34078212290504
 132 63.35195530726259
 74 65.36312849162013
 116 67.37430167597768
 42 69.38547486033519
 31 71.39664804469274
 47 73.40782122905028
 6 75.41899441340783
 6 77.43016759776538
 3 79.44134078212289
 0 81.45251396648047
 0 83.46368715083798
 4 85.47486033519556
 6 87.48603351955308
 8472 89.49720670391065
 5 91.50837988826817
 3 93.51955307262574
 1 95.53072625698326
 1 97.54189944134077
 3 99.55307262569835
 17 101.5642458100559
 24 103.5754189944134
 43 105.586592178771
 26 107.5977653631285
 119 109.608938547486
 125 111.6201117318436
 114 113.6312849162011
 1 115.6424581005587
 239 117.6536312849162
 149 119.6648044692737
 117 121.6759776536313
 198 123.6871508379888
 194 125.6983240223464
 97 127.7094972067039
 187 129.7206703910614
 177 131.731843575419
 5 133.7430167597765
 144 135.7541899441341
 198 137.7653631284916
 120 139.7765363128492
 142 141.7877094972067
 506 143.7988826815642
 121 145.8100558659218
 233 147.8212290502793
 42 149.8324022346369
 182 151.8435754189944
 55 153.854748603352
 525 155.8659217877095
 74 157.8770949720671
 164 159.8882681564246
 79 161.8994413407821
 47 163.9106145251397
 13 165.9217877094972
 127 167.9329608938548
 244 169.9441340782123
 391 171.9553072625699
 4 173.9664804469274
 170 175.9776536312849
 1 177.9888268156425
 0 180


