# Created by Octave 3.8.2, Sat Jun 20 05:45:02 2020 CEST <damian@fptrucha.inv.usc.es>
# name: hd
# type: matrix
# rows: 180
# columns: 2
 1 -180
 170 -177.9888268156425
 5 -175.9776536312849
 396 -173.9664804469274
 239 -171.9553072625698
 156 -169.9441340782123
 40 -167.9329608938548
 55 -165.9217877094972
 65 -163.9106145251397
 213 -161.8994413407821
 42 -159.8882681564246
 732 -157.877094972067
 80 -155.8659217877095
 155 -153.854748603352
 50 -151.8435754189944
 81 -149.8324022346369
 254 -147.8212290502793
 728 -145.8100558659218
 155 -143.7988826815642
 94 -141.7877094972067
 206 -139.7765363128491
 129 -137.7653631284916
 6 -135.7541899441341
 187 -133.7430167597765
 172 -131.731843575419
 90 -129.7206703910614
 209 -127.7094972067039
 245 -125.6983240223464
 103 -123.6871508379888
 215 -121.6759776536313
 205 -119.6648044692737
 3 -117.6536312849162
 106 -115.6424581005587
 141 -113.6312849162011
 158 -111.6201117318436
 18 -109.608938547486
 36 -107.5977653631285
 33 -105.5865921787709
 20 -103.5754189944134
 2 -101.5642458100559
 1 -99.55307262569832
 2 -97.54189944134077
 4 -95.53072625698323
 5 -93.5195530726257
 9278 -91.50837988826815
 9 -89.49720670391061
 6 -87.48603351955308
 0 -85.47486033519553
 3 -83.46368715083798
 1 -81.45251396648044
 4 -79.44134078212289
 8 -77.43016759776536
 50 -75.41899441340782
 31 -73.40782122905027
 68 -71.39664804469274
 131 -69.38547486033519
 70 -67.37430167597765
 110 -65.3631284916201
 53 -63.35195530726256
 315 -61.34078212290503
 164 -59.32960893854748
 228 -57.31843575418993
 109 -55.3072625698324
 85 -53.29608938547486
 279 -51.28491620111731
 46 -49.27374301675977
 134 -47.26256983240222
 3 -45.25139664804468
 322 -43.24022346368713
 4 -41.22905027932961
 147 -39.21787709497207
 321 -37.20670391061452
 510 -35.19553072625698
 117 -33.18435754189943
 73 -31.17318435754188
 182 -29.16201117318434
 10 -27.15083798882682
 58 -25.13966480446928
 664 -23.12849162011173
 162 -21.11731843575419
 58 -19.10614525139664
 13 -17.09497206703909
 47 -15.08379888268155
 163 -13.072625698324
 8 -11.06145251396646
 618 -9.050279329608941
 3 -7.039106145251395
 139 -5.02793296089385
 15 -3.016759776536304
 2 -1.005586592178759
 34 1.005586592178787
 146 3.016759776536333
 4 5.02793296089385
 610 7.039106145251395
 13 9.050279329608941
 159 11.06145251396649
 34 13.07262569832403
 10 15.08379888268158
 63 17.09497206703912
 113 19.10614525139667
 564 21.11731843575421
 61 23.12849162011173
 80 25.13966480446928
 117 27.15083798882682
 54 29.16201117318437
 244 31.17318435754191
 340 33.18435754189946
 266 35.195530726257
 187 37.20670391061452
 33 39.21787709497207
 285 41.22905027932961
 4 43.24022346368716
 125 45.2513966480447
 60 47.26256983240225
 247 49.27374301675979
 103 51.28491620111734
 215 53.29608938547489
 80 55.3072625698324
 143 57.31843575418995
 265 59.32960893854749
 63 61.34078212290504
 122 63.35195530726259
 74 65.36312849162013
 110 67.37430167597768
 50 69.38547486033519
 37 71.39664804469274
 36 73.40782122905028
 7 75.41899441340783
 8 77.43016759776538
 0 79.44134078212289
 0 81.45251396648047
 3 83.46368715083798
 4 85.47486033519556
 10 87.48603351955308
 8397 89.49720670391065
 8 91.50837988826817
 2 93.51955307262574
 1 95.53072625698326
 1 97.54189944134077
 4 99.55307262569835
 14 101.5642458100559
 29 103.5754189944134
 33 105.586592178771
 18 107.5977653631285
 104 109.608938547486
 130 111.6201117318436
 130 113.6312849162011
 3 115.6424581005587
 201 117.6536312849162
 168 119.6648044692737
 87 121.6759776536313
 186 123.6871508379888
 208 125.6983240223464
 93 127.7094972067039
 189 129.7206703910614
 206 131.731843575419
 1 133.7430167597765
 122 135.7541899441341
 182 137.7653631284916
 104 139.7765363128492
 168 141.7877094972067
 545 143.7988826815642
 145 145.8100558659218
 247 147.8212290502793
 49 149.8324022346369
 165 151.8435754189944
 80 153.854748603352
 547 155.8659217877095
 56 157.8770949720671
 148 159.8882681564246
 57 161.8994413407821
 56 163.9106145251397
 22 165.9217877094972
 148 167.9329608938548
 229 169.9441340782123
 389 171.9553072625699
 4 173.9664804469274
 172 175.9776536312849
 3 177.9888268156425
 0 180


