# Created by Octave 3.8.2, Mon Jun 22 08:47:34 2020 CEST <damian@fptrucha.inv.usc.es>
# name: hd
# type: matrix
# rows: 180
# columns: 2
 5 -180
 172 -177.9888268156425
 4 -175.9776536312849
 375 -173.9664804469274
 192 -171.9553072625698
 138 -169.9441340782123
 31 -167.9329608938548
 46 -165.9217877094972
 66 -163.9106145251397
 155 -161.8994413407821
 48 -159.8882681564246
 524 -157.877094972067
 76 -155.8659217877095
 109 -153.854748603352
 45 -151.8435754189944
 75 -149.8324022346369
 236 -147.8212290502793
 540 -145.8100558659218
 134 -143.7988826815642
 90 -141.7877094972067
 153 -139.7765363128491
 94 -137.7653631284916
 3 -135.7541899441341
 155 -133.7430167597765
 138 -131.731843575419
 83 -129.7206703910614
 178 -127.7094972067039
 203 -125.6983240223464
 89 -123.6871508379888
 146 -121.6759776536313
 189 -119.6648044692737
 1 -117.6536312849162
 98 -115.6424581005587
 101 -113.6312849162011
 120 -111.6201117318436
 20 -109.608938547486
 44 -107.5977653631285
 26 -105.5865921787709
 19 -103.5754189944134
 4 -101.5642458100559
 0 -99.55307262569832
 0 -97.54189944134077
 2 -95.53072625698323
 9 -93.5195530726257
 7657 -91.50837988826815
 11 -89.49720670391061
 2 -87.48603351955308
 2 -85.47486033519553
 1 -83.46368715083798
 7 -81.45251396648044
 3 -79.44134078212289
 2 -77.43016759776536
 47 -75.41899441340782
 31 -73.40782122905027
 50 -71.39664804469274
 116 -69.38547486033519
 69 -67.37430167597765
 119 -65.3631284916201
 50 -63.35195530726256
 246 -61.34078212290503
 124 -59.32960893854748
 203 -57.31843575418993
 78 -55.3072625698324
 82 -53.29608938547486
 251 -51.28491620111731
 58 -49.27374301675977
 118 -47.26256983240222
 4 -45.25139664804468
 306 -43.24022346368713
 2 -41.22905027932961
 147 -39.21787709497207
 270 -37.20670391061452
 384 -35.19553072625698
 114 -33.18435754189943
 60 -31.17318435754188
 144 -29.16201117318434
 9 -27.15083798882682
 54 -25.13966480446928
 541 -23.12849162011173
 125 -21.11731843575419
 38 -19.10614525139664
 11 -17.09497206703909
 37 -15.08379888268155
 156 -13.072625698324
 9 -11.06145251396646
 575 -9.050279329608941
 3 -7.039106145251395
 118 -5.02793296089385
 21 -3.016759776536304
 5 -1.005586592178759
 22 1.005586592178787
 130 3.016759776536333
 4 5.02793296089385
 544 7.039106145251395
 14 9.050279329608941
 129 11.06145251396649
 44 13.07262569832403
 12 15.08379888268158
 51 17.09497206703912
 108 19.10614525139667
 557 21.11731843575421
 54 23.12849162011173
 90 25.13966480446928
 92 27.15083798882682
 50 29.16201117318437
 200 31.17318435754191
 360 33.18435754189946
 226 35.195530726257
 140 37.20670391061452
 42 39.21787709497207
 277 41.22905027932961
 3 43.24022346368716
 122 45.2513966480447
 62 47.26256983240225
 225 49.27374301675979
 69 51.28491620111734
 191 53.29608938547489
 87 55.3072625698324
 141 57.31843575418995
 267 59.32960893854749
 66 61.34078212290504
 127 63.35195530726259
 87 65.36312849162013
 114 67.37430167597768
 60 69.38547486033519
 33 71.39664804469274
 58 73.40782122905028
 10 75.41899441340783
 11 77.43016759776538
 4 79.44134078212289
 0 81.45251396648047
 0 83.46368715083798
 6 85.47486033519556
 17 87.48603351955308
 7366 89.49720670391065
 13 91.50837988826817
 9 93.51955307262574
 4 95.53072625698326
 0 97.54189944134077
 2 99.55307262569835
 17 101.5642458100559
 29 103.5754189944134
 45 105.586592178771
 19 107.5977653631285
 134 109.608938547486
 141 111.6201117318436
 110 113.6312849162011
 5 115.6424581005587
 203 117.6536312849162
 199 119.6648044692737
 117 121.6759776536313
 162 123.6871508379888
 191 125.6983240223464
 73 127.7094972067039
 170 129.7206703910614
 187 131.731843575419
 1 133.7430167597765
 116 135.7541899441341
 181 137.7653631284916
 82 139.7765363128492
 138 141.7877094972067
 502 143.7988826815642
 134 145.8100558659218
 191 147.8212290502793
 52 149.8324022346369
 127 151.8435754189944
 54 153.854748603352
 464 155.8659217877095
 44 157.8770949720671
 132 159.8882681564246
 59 161.8994413407821
 48 163.9106145251397
 17 165.9217877094972
 135 167.9329608938548
 227 169.9441340782123
 346 171.9553072625699
 8 173.9664804469274
 140 175.9776536312849
 10 177.9888268156425
 0 180


