# Created by Octave 3.8.2, Mon Jun 22 20:00:49 2020 CEST <damian@fptrucha.inv.usc.es>
# name: hd
# type: matrix
# rows: 180
# columns: 2
 5 -180
 176 -177.9888268156425
 3 -175.9776536312849
 378 -173.9664804469274
 233 -171.9553072625698
 148 -169.9441340782123
 34 -167.9329608938548
 48 -165.9217877094972
 47 -163.9106145251397
 140 -161.8994413407821
 55 -159.8882681564246
 581 -157.877094972067
 74 -155.8659217877095
 146 -153.854748603352
 41 -151.8435754189944
 66 -149.8324022346369
 224 -147.8212290502793
 613 -145.8100558659218
 138 -143.7988826815642
 84 -141.7877094972067
 180 -139.7765363128491
 121 -137.7653631284916
 5 -135.7541899441341
 191 -133.7430167597765
 143 -131.731843575419
 65 -129.7206703910614
 170 -127.7094972067039
 240 -125.6983240223464
 94 -123.6871508379888
 205 -121.6759776536313
 220 -119.6648044692737
 8 -117.6536312849162
 137 -115.6424581005587
 134 -113.6312849162011
 163 -111.6201117318436
 22 -109.608938547486
 45 -107.5977653631285
 22 -105.5865921787709
 21 -103.5754189944134
 2 -101.5642458100559
 0 -99.55307262569832
 2 -97.54189944134077
 5 -95.53072625698323
 10 -93.5195530726257
 8525 -91.50837988826815
 7 -89.49720670391061
 5 -87.48603351955308
 2 -85.47486033519553
 2 -83.46368715083798
 1 -81.45251396648044
 12 -79.44134078212289
 8 -77.43016759776536
 56 -75.41899441340782
 33 -73.40782122905027
 60 -71.39664804469274
 130 -69.38547486033519
 84 -67.37430167597765
 97 -65.3631284916201
 62 -63.35195530726256
 274 -61.34078212290503
 146 -59.32960893854748
 243 -57.31843575418993
 102 -55.3072625698324
 85 -53.29608938547486
 243 -51.28491620111731
 62 -49.27374301675977
 123 -47.26256983240222
 4 -45.25139664804468
 317 -43.24022346368713
 6 -41.22905027932961
 190 -39.21787709497207
 292 -37.20670391061452
 445 -35.19553072625698
 131 -33.18435754189943
 56 -31.17318435754188
 170 -29.16201117318434
 11 -27.15083798882682
 61 -25.13966480446928
 585 -23.12849162011173
 170 -21.11731843575419
 54 -19.10614525139664
 15 -17.09497206703909
 43 -15.08379888268155
 156 -13.072625698324
 9 -11.06145251396646
 625 -9.050279329608941
 3 -7.039106145251395
 150 -5.02793296089385
 23 -3.016759776536304
 3 -1.005586592178759
 26 1.005586592178787
 125 3.016759776536333
 5 5.02793296089385
 549 7.039106145251395
 7 9.050279329608941
 147 11.06145251396649
 52 13.07262569832403
 15 15.08379888268158
 55 17.09497206703912
 130 19.10614525139667
 529 21.11731843575421
 51 23.12849162011173
 87 25.13966480446928
 99 27.15083798882682
 61 29.16201117318437
 225 31.17318435754191
 333 33.18435754189946
 257 35.195530726257
 147 37.20670391061452
 30 39.21787709497207
 306 41.22905027932961
 3 43.24022346368716
 114 45.2513966480447
 73 47.26256983240225
 250 49.27374301675979
 84 51.28491620111734
 202 53.29608938547489
 94 55.3072625698324
 121 57.31843575418995
 284 59.32960893854749
 69 61.34078212290504
 117 63.35195530726259
 99 65.36312849162013
 109 67.37430167597768
 39 69.38547486033519
 30 71.39664804469274
 50 73.40782122905028
 12 75.41899441340783
 10 77.43016759776538
 5 79.44134078212289
 0 81.45251396648047
 1 83.46368715083798
 4 85.47486033519556
 13 87.48603351955308
 7934 89.49720670391065
 11 91.50837988826817
 3 93.51955307262574
 0 95.53072625698326
 0 97.54189944134077
 10 99.55307262569835
 16 101.5642458100559
 21 103.5754189944134
 40 105.586592178771
 26 107.5977653631285
 114 109.608938547486
 120 111.6201117318436
 130 113.6312849162011
 3 115.6424581005587
 203 117.6536312849162
 189 119.6648044692737
 101 121.6759776536313
 177 123.6871508379888
 170 125.6983240223464
 88 127.7094972067039
 174 129.7206703910614
 208 131.731843575419
 0 133.7430167597765
 102 135.7541899441341
 184 137.7653631284916
 129 139.7765363128492
 152 141.7877094972067
 551 143.7988826815642
 136 145.8100558659218
 189 147.8212290502793
 55 149.8324022346369
 130 151.8435754189944
 75 153.854748603352
 530 155.8659217877095
 53 157.8770949720671
 146 159.8882681564246
 62 161.8994413407821
 38 163.9106145251397
 21 165.9217877094972
 118 167.9329608938548
 208 169.9441340782123
 345 171.9553072625699
 6 173.9664804469274
 165 175.9776536312849
 3 177.9888268156425
 0 180


