# Created by Octave 3.8.2, Mon Jun 22 09:38:31 2020 CEST <damian@fptrucha.inv.usc.es>
# name: hd
# type: matrix
# rows: 180
# columns: 2
 5 -180
 165 -177.9888268156425
 4 -175.9776536312849
 356 -173.9664804469274
 220 -171.9553072625698
 132 -169.9441340782123
 30 -167.9329608938548
 41 -165.9217877094972
 78 -163.9106145251397
 155 -161.8994413407821
 42 -159.8882681564246
 558 -157.877094972067
 76 -155.8659217877095
 146 -153.854748603352
 53 -151.8435754189944
 54 -149.8324022346369
 238 -147.8212290502793
 570 -145.8100558659218
 129 -143.7988826815642
 102 -141.7877094972067
 182 -139.7765363128491
 100 -137.7653631284916
 4 -135.7541899441341
 180 -133.7430167597765
 157 -131.731843575419
 83 -129.7206703910614
 216 -127.7094972067039
 243 -125.6983240223464
 80 -123.6871508379888
 145 -121.6759776536313
 175 -119.6648044692737
 3 -117.6536312849162
 108 -115.6424581005587
 104 -113.6312849162011
 106 -111.6201117318436
 17 -109.608938547486
 42 -107.5977653631285
 19 -105.5865921787709
 14 -103.5754189944134
 5 -101.5642458100559
 1 -99.55307262569832
 1 -97.54189944134077
 2 -95.53072625698323
 13 -93.5195530726257
 7833 -91.50837988826815
 15 -89.49720670391061
 4 -87.48603351955308
 1 -85.47486033519553
 0 -83.46368715083798
 3 -81.45251396648044
 8 -79.44134078212289
 9 -77.43016759776536
 44 -75.41899441340782
 29 -73.40782122905027
 42 -71.39664804469274
 92 -69.38547486033519
 75 -67.37430167597765
 91 -65.3631284916201
 53 -63.35195530726256
 245 -61.34078212290503
 140 -59.32960893854748
 189 -57.31843575418993
 95 -55.3072625698324
 73 -53.29608938547486
 210 -51.28491620111731
 54 -49.27374301675977
 101 -47.26256983240222
 2 -45.25139664804468
 269 -43.24022346368713
 8 -41.22905027932961
 153 -39.21787709497207
 284 -37.20670391061452
 460 -35.19553072625698
 118 -33.18435754189943
 67 -31.17318435754188
 158 -29.16201117318434
 7 -27.15083798882682
 72 -25.13966480446928
 555 -23.12849162011173
 131 -21.11731843575419
 43 -19.10614525139664
 18 -17.09497206703909
 37 -15.08379888268155
 159 -13.072625698324
 12 -11.06145251396646
 550 -9.050279329608941
 4 -7.039106145251395
 145 -5.02793296089385
 21 -3.016759776536304
 2 -1.005586592178759
 29 1.005586592178787
 103 3.016759776536333
 5 5.02793296089385
 497 7.039106145251395
 10 9.050279329608941
 145 11.06145251396649
 45 13.07262569832403
 16 15.08379888268158
 76 17.09497206703912
 127 19.10614525139667
 557 21.11731843575421
 61 23.12849162011173
 77 25.13966480446928
 90 27.15083798882682
 59 29.16201117318437
 197 31.17318435754191
 318 33.18435754189946
 245 35.195530726257
 157 37.20670391061452
 39 39.21787709497207
 276 41.22905027932961
 2 43.24022346368716
 109 45.2513966480447
 55 47.26256983240225
 226 49.27374301675979
 81 51.28491620111734
 190 53.29608938547489
 89 55.3072625698324
 152 57.31843575418995
 230 59.32960893854749
 51 61.34078212290504
 117 63.35195530726259
 94 65.36312849162013
 102 67.37430167597768
 57 69.38547486033519
 26 71.39664804469274
 56 73.40782122905028
 14 75.41899441340783
 9 77.43016759776538
 1 79.44134078212289
 1 81.45251396648047
 3 83.46368715083798
 5 85.47486033519556
 18 87.48603351955308
 7475 89.49720670391065
 6 91.50837988826817
 2 93.51955307262574
 1 95.53072625698326
 0 97.54189944134077
 4 99.55307262569835
 11 101.5642458100559
 23 103.5754189944134
 29 105.586592178771
 26 107.5977653631285
 111 109.608938547486
 116 111.6201117318436
 114 113.6312849162011
 5 115.6424581005587
 203 117.6536312849162
 164 119.6648044692737
 82 121.6759776536313
 175 123.6871508379888
 166 125.6983240223464
 79 127.7094972067039
 166 129.7206703910614
 163 131.731843575419
 4 133.7430167597765
 120 135.7541899441341
 188 137.7653631284916
 94 139.7765363128492
 116 141.7877094972067
 490 143.7988826815642
 107 145.8100558659218
 183 147.8212290502793
 41 149.8324022346369
 108 151.8435754189944
 62 153.854748603352
 475 155.8659217877095
 52 157.8770949720671
 155 159.8882681564246
 60 161.8994413407821
 43 163.9106145251397
 17 165.9217877094972
 152 167.9329608938548
 228 169.9441340782123
 308 171.9553072625699
 7 173.9664804469274
 175 175.9776536312849
 10 177.9888268156425
 0 180


