# Created by Octave 3.8.2, Mon Jun 22 21:48:52 2020 CEST <damian@fptrucha.inv.usc.es>
# name: hd
# type: matrix
# rows: 180
# columns: 2
 8 -180
 168 -177.9888268156425
 7 -175.9776536312849
 418 -173.9664804469274
 251 -171.9553072625698
 154 -169.9441340782123
 29 -167.9329608938548
 40 -165.9217877094972
 69 -163.9106145251397
 152 -161.8994413407821
 49 -159.8882681564246
 610 -157.877094972067
 79 -155.8659217877095
 122 -153.854748603352
 44 -151.8435754189944
 75 -149.8324022346369
 260 -147.8212290502793
 638 -145.8100558659218
 137 -143.7988826815642
 117 -141.7877094972067
 193 -139.7765363128491
 135 -137.7653631284916
 4 -135.7541899441341
 174 -133.7430167597765
 182 -131.731843575419
 102 -129.7206703910614
 200 -127.7094972067039
 273 -125.6983240223464
 105 -123.6871508379888
 197 -121.6759776536313
 202 -119.6648044692737
 5 -117.6536312849162
 147 -115.6424581005587
 151 -113.6312849162011
 132 -111.6201117318436
 38 -109.608938547486
 43 -107.5977653631285
 23 -105.5865921787709
 15 -103.5754189944134
 5 -101.5642458100559
 1 -99.55307262569832
 3 -97.54189944134077
 0 -95.53072625698323
 11 -93.5195530726257
 8593 -91.50837988826815
 16 -89.49720670391061
 6 -87.48603351955308
 1 -85.47486033519553
 0 -83.46368715083798
 3 -81.45251396648044
 11 -79.44134078212289
 14 -77.43016759776536
 64 -75.41899441340782
 47 -73.40782122905027
 58 -71.39664804469274
 125 -69.38547486033519
 90 -67.37430167597765
 118 -65.3631284916201
 70 -63.35195530726256
 275 -61.34078212290503
 185 -59.32960893854748
 228 -57.31843575418993
 114 -55.3072625698324
 117 -53.29608938547486
 222 -51.28491620111731
 58 -49.27374301675977
 99 -47.26256983240222
 2 -45.25139664804468
 298 -43.24022346368713
 2 -41.22905027932961
 177 -39.21787709497207
 317 -37.20670391061452
 435 -35.19553072625698
 121 -33.18435754189943
 78 -31.17318435754188
 186 -29.16201117318434
 10 -27.15083798882682
 54 -25.13966480446928
 611 -23.12849162011173
 156 -21.11731843575419
 84 -19.10614525139664
 13 -17.09497206703909
 59 -15.08379888268155
 187 -13.072625698324
 6 -11.06145251396646
 597 -9.050279329608941
 1 -7.039106145251395
 151 -5.02793296089385
 20 -3.016759776536304
 3 -1.005586592178759
 27 1.005586592178787
 156 3.016759776536333
 0 5.02793296089385
 582 7.039106145251395
 10 9.050279329608941
 152 11.06145251396649
 45 13.07262569832403
 17 15.08379888268158
 55 17.09497206703912
 116 19.10614525139667
 548 21.11731843575421
 63 23.12849162011173
 84 25.13966480446928
 102 27.15083798882682
 69 29.16201117318437
 236 31.17318435754191
 380 33.18435754189946
 241 35.195530726257
 164 37.20670391061452
 37 39.21787709497207
 274 41.22905027932961
 0 43.24022346368716
 142 45.2513966480447
 67 47.26256983240225
 245 49.27374301675979
 79 51.28491620111734
 224 53.29608938547489
 93 55.3072625698324
 153 57.31843575418995
 275 59.32960893854749
 64 61.34078212290504
 124 63.35195530726259
 67 65.36312849162013
 110 67.37430167597768
 44 69.38547486033519
 36 71.39664804469274
 54 73.40782122905028
 16 75.41899441340783
 1 77.43016759776538
 3 79.44134078212289
 2 81.45251396648047
 4 83.46368715083798
 2 85.47486033519556
 11 87.48603351955308
 8007 89.49720670391065
 9 91.50837988826817
 1 93.51955307262574
 0 95.53072625698326
 0 97.54189944134077
 9 99.55307262569835
 26 101.5642458100559
 28 103.5754189944134
 34 105.586592178771
 18 107.5977653631285
 98 109.608938547486
 106 111.6201117318436
 137 113.6312849162011
 4 115.6424581005587
 193 117.6536312849162
 189 119.6648044692737
 90 121.6759776536313
 190 123.6871508379888
 192 125.6983240223464
 78 127.7094972067039
 179 129.7206703910614
 162 131.731843575419
 4 133.7430167597765
 120 135.7541899441341
 174 137.7653631284916
 120 139.7765363128492
 148 141.7877094972067
 533 143.7988826815642
 108 145.8100558659218
 238 147.8212290502793
 57 149.8324022346369
 158 151.8435754189944
 71 153.854748603352
 554 155.8659217877095
 53 157.8770949720671
 153 159.8882681564246
 73 161.8994413407821
 54 163.9106145251397
 20 165.9217877094972
 129 167.9329608938548
 195 169.9441340782123
 352 171.9553072625699
 2 173.9664804469274
 183 175.9776536312849
 5 177.9888268156425
 0 180


