# Created by Octave 3.8.2, Sat Jun 20 08:14:49 2020 CEST <damian@fptrucha.inv.usc.es>
# name: hd
# type: matrix
# rows: 180
# columns: 2
 3 -180
 114 -177.9888268156425
 2 -175.9776536312849
 259 -173.9664804469274
 173 -171.9553072625698
 108 -169.9441340782123
 27 -167.9329608938548
 23 -165.9217877094972
 48 -163.9106145251397
 129 -161.8994413407821
 31 -159.8882681564246
 447 -157.877094972067
 44 -155.8659217877095
 79 -153.854748603352
 31 -151.8435754189944
 54 -149.8324022346369
 176 -147.8212290502793
 462 -145.8100558659218
 84 -143.7988826815642
 64 -141.7877094972067
 159 -139.7765363128491
 102 -137.7653631284916
 4 -135.7541899441341
 133 -133.7430167597765
 134 -131.731843575419
 75 -129.7206703910614
 152 -127.7094972067039
 165 -125.6983240223464
 97 -123.6871508379888
 160 -121.6759776536313
 154 -119.6648044692737
 4 -117.6536312849162
 90 -115.6424581005587
 90 -113.6312849162011
 117 -111.6201117318436
 15 -109.608938547486
 27 -107.5977653631285
 23 -105.5865921787709
 6 -103.5754189944134
 1 -101.5642458100559
 0 -99.55307262569832
 2 -97.54189944134077
 2 -95.53072625698323
 6 -93.5195530726257
 6215 -91.50837988826815
 10 -89.49720670391061
 1 -87.48603351955308
 0 -85.47486033519553
 0 -83.46368715083798
 3 -81.45251396648044
 4 -79.44134078212289
 11 -77.43016759776536
 41 -75.41899441340782
 17 -73.40782122905027
 29 -71.39664804469274
 101 -69.38547486033519
 47 -67.37430167597765
 69 -65.3631284916201
 36 -63.35195530726256
 224 -61.34078212290503
 109 -59.32960893854748
 150 -57.31843575418993
 82 -55.3072625698324
 64 -53.29608938547486
 191 -51.28491620111731
 50 -49.27374301675977
 74 -47.26256983240222
 2 -45.25139664804468
 215 -43.24022346368713
 3 -41.22905027932961
 106 -39.21787709497207
 218 -37.20670391061452
 343 -35.19553072625698
 79 -33.18435754189943
 56 -31.17318435754188
 106 -29.16201117318434
 10 -27.15083798882682
 42 -25.13966480446928
 457 -23.12849162011173
 111 -21.11731843575419
 40 -19.10614525139664
 6 -17.09497206703909
 36 -15.08379888268155
 120 -13.072625698324
 10 -11.06145251396646
 443 -9.050279329608941
 0 -7.039106145251395
 108 -5.02793296089385
 9 -3.016759776536304
 3 -1.005586592178759
 12 1.005586592178787
 90 3.016759776536333
 3 5.02793296089385
 447 7.039106145251395
 6 9.050279329608941
 97 11.06145251396649
 32 13.07262569832403
 9 15.08379888268158
 29 17.09497206703912
 80 19.10614525139667
 355 21.11731843575421
 42 23.12849162011173
 56 25.13966480446928
 70 27.15083798882682
 44 29.16201117318437
 162 31.17318435754191
 212 33.18435754189946
 175 35.195530726257
 120 37.20670391061452
 24 39.21787709497207
 215 41.22905027932961
 2 43.24022346368716
 74 45.2513966480447
 46 47.26256983240225
 164 49.27374301675979
 57 51.28491620111734
 142 53.29608938547489
 55 55.3072625698324
 98 57.31843575418995
 170 59.32960893854749
 49 61.34078212290504
 101 63.35195530726259
 48 65.36312849162013
 70 67.37430167597768
 27 69.38547486033519
 18 71.39664804469274
 33 73.40782122905028
 6 75.41899441340783
 4 77.43016759776538
 3 79.44134078212289
 1 81.45251396648047
 1 83.46368715083798
 0 85.47486033519556
 6 87.48603351955308
 5534 89.49720670391065
 3 91.50837988826817
 2 93.51955307262574
 1 95.53072625698326
 0 97.54189944134077
 0 99.55307262569835
 11 101.5642458100559
 23 103.5754189944134
 25 105.586592178771
 10 107.5977653631285
 65 109.608938547486
 79 111.6201117318436
 91 113.6312849162011
 0 115.6424581005587
 133 117.6536312849162
 99 119.6648044692737
 56 121.6759776536313
 116 123.6871508379888
 120 125.6983240223464
 63 127.7094972067039
 118 129.7206703910614
 136 131.731843575419
 0 133.7430167597765
 86 135.7541899441341
 111 137.7653631284916
 65 139.7765363128492
 103 141.7877094972067
 332 143.7988826815642
 96 145.8100558659218
 153 147.8212290502793
 24 149.8324022346369
 108 151.8435754189944
 48 153.854748603352
 336 155.8659217877095
 33 157.8770949720671
 105 159.8882681564246
 58 161.8994413407821
 36 163.9106145251397
 17 165.9217877094972
 102 167.9329608938548
 188 169.9441340782123
 234 171.9553072625699
 2 173.9664804469274
 127 175.9776536312849
 2 177.9888268156425
 0 180


