# Created by Octave 3.8.2, Mon Jun 22 06:01:18 2020 CEST <damian@fptrucha.inv.usc.es>
# name: hd
# type: matrix
# rows: 180
# columns: 2
 3 -180
 158 -177.9888268156425
 3 -175.9776536312849
 322 -173.9664804469274
 225 -171.9553072625698
 139 -169.9441340782123
 42 -167.9329608938548
 44 -165.9217877094972
 65 -163.9106145251397
 156 -161.8994413407821
 42 -159.8882681564246
 497 -157.877094972067
 65 -155.8659217877095
 144 -153.854748603352
 36 -151.8435754189944
 84 -149.8324022346369
 199 -147.8212290502793
 530 -145.8100558659218
 104 -143.7988826815642
 73 -141.7877094972067
 193 -139.7765363128491
 136 -137.7653631284916
 4 -135.7541899441341
 167 -133.7430167597765
 156 -131.731843575419
 74 -129.7206703910614
 151 -127.7094972067039
 183 -125.6983240223464
 82 -123.6871508379888
 149 -121.6759776536313
 172 -119.6648044692737
 2 -117.6536312849162
 114 -115.6424581005587
 103 -113.6312849162011
 114 -111.6201117318436
 26 -109.608938547486
 47 -107.5977653631285
 22 -105.5865921787709
 14 -103.5754189944134
 3 -101.5642458100559
 1 -99.55307262569832
 4 -97.54189944134077
 4 -95.53072625698323
 10 -93.5195530726257
 7416 -91.50837988826815
 11 -89.49720670391061
 6 -87.48603351955308
 1 -85.47486033519553
 0 -83.46368715083798
 4 -81.45251396648044
 8 -79.44134078212289
 12 -77.43016759776536
 46 -75.41899441340782
 32 -73.40782122905027
 54 -71.39664804469274
 113 -69.38547486033519
 72 -67.37430167597765
 111 -65.3631284916201
 57 -63.35195530726256
 237 -61.34078212290503
 136 -59.32960893854748
 212 -57.31843575418993
 101 -55.3072625698324
 70 -53.29608938547486
 256 -51.28491620111731
 59 -49.27374301675977
 127 -47.26256983240222
 4 -45.25139664804468
 286 -43.24022346368713
 4 -41.22905027932961
 159 -39.21787709497207
 227 -37.20670391061452
 382 -35.19553072625698
 96 -33.18435754189943
 61 -31.17318435754188
 145 -29.16201117318434
 11 -27.15083798882682
 72 -25.13966480446928
 529 -23.12849162011173
 113 -21.11731843575419
 48 -19.10614525139664
 13 -17.09497206703909
 40 -15.08379888268155
 143 -13.072625698324
 10 -11.06145251396646
 519 -9.050279329608941
 3 -7.039106145251395
 127 -5.02793296089385
 26 -3.016759776536304
 3 -1.005586592178759
 19 1.005586592178787
 133 3.016759776536333
 6 5.02793296089385
 502 7.039106145251395
 9 9.050279329608941
 131 11.06145251396649
 49 13.07262569832403
 15 15.08379888268158
 54 17.09497206703912
 126 19.10614525139667
 552 21.11731843575421
 51 23.12849162011173
 87 25.13966480446928
 89 27.15083798882682
 50 29.16201117318437
 181 31.17318435754191
 314 33.18435754189946
 232 35.195530726257
 141 37.20670391061452
 36 39.21787709497207
 285 41.22905027932961
 4 43.24022346368716
 108 45.2513966480447
 56 47.26256983240225
 210 49.27374301675979
 81 51.28491620111734
 220 53.29608938547489
 78 55.3072625698324
 148 57.31843575418995
 257 59.32960893854749
 55 61.34078212290504
 130 63.35195530726259
 70 65.36312849162013
 85 67.37430167597768
 49 69.38547486033519
 33 71.39664804469274
 44 73.40782122905028
 7 75.41899441340783
 4 77.43016759776538
 5 79.44134078212289
 0 81.45251396648047
 1 83.46368715083798
 4 85.47486033519556
 16 87.48603351955308
 7124 89.49720670391065
 15 91.50837988826817
 6 93.51955307262574
 2 95.53072625698326
 1 97.54189944134077
 3 99.55307262569835
 7 101.5642458100559
 23 103.5754189944134
 40 105.586592178771
 19 107.5977653631285
 106 109.608938547486
 104 111.6201117318436
 109 113.6312849162011
 3 115.6424581005587
 200 117.6536312849162
 156 119.6648044692737
 87 121.6759776536313
 166 123.6871508379888
 180 125.6983240223464
 90 127.7094972067039
 140 129.7206703910614
 167 131.731843575419
 3 133.7430167597765
 104 135.7541899441341
 152 137.7653631284916
 106 139.7765363128492
 136 141.7877094972067
 465 143.7988826815642
 92 145.8100558659218
 165 147.8212290502793
 59 149.8324022346369
 141 151.8435754189944
 48 153.854748603352
 481 155.8659217877095
 51 157.8770949720671
 154 159.8882681564246
 62 161.8994413407821
 42 163.9106145251397
 24 165.9217877094972
 129 167.9329608938548
 218 169.9441340782123
 315 171.9553072625699
 6 173.9664804469274
 176 175.9776536312849
 5 177.9888268156425
 0 180


