# Created by Octave 3.8.2, Mon Jun 22 07:33:04 2020 CEST <damian@fptrucha.inv.usc.es>
# name: hd
# type: matrix
# rows: 180
# columns: 2
 4 -180
 86 -177.9888268156425
 1 -175.9776536312849
 210 -173.9664804469274
 149 -171.9553072625698
 90 -169.9441340782123
 23 -167.9329608938548
 24 -165.9217877094972
 45 -163.9106145251397
 92 -161.8994413407821
 33 -159.8882681564246
 333 -157.877094972067
 40 -155.8659217877095
 89 -153.854748603352
 31 -151.8435754189944
 53 -149.8324022346369
 128 -147.8212290502793
 321 -145.8100558659218
 75 -143.7988826815642
 78 -141.7877094972067
 124 -139.7765363128491
 64 -137.7653631284916
 2 -135.7541899441341
 97 -133.7430167597765
 98 -131.731843575419
 52 -129.7206703910614
 111 -127.7094972067039
 144 -125.6983240223464
 56 -123.6871508379888
 112 -121.6759776536313
 130 -119.6648044692737
 5 -117.6536312849162
 81 -115.6424581005587
 68 -113.6312849162011
 66 -111.6201117318436
 9 -109.608938547486
 21 -107.5977653631285
 14 -105.5865921787709
 9 -103.5754189944134
 0 -101.5642458100559
 2 -99.55307262569832
 0 -97.54189944134077
 5 -95.53072625698323
 7 -93.5195530726257
 4900 -91.50837988826815
 10 -89.49720670391061
 3 -87.48603351955308
 2 -85.47486033519553
 0 -83.46368715083798
 2 -81.45251396648044
 6 -79.44134078212289
 3 -77.43016759776536
 36 -75.41899441340782
 30 -73.40782122905027
 31 -71.39664804469274
 68 -69.38547486033519
 50 -67.37430167597765
 71 -65.3631284916201
 30 -63.35195530726256
 179 -61.34078212290503
 102 -59.32960893854748
 126 -57.31843575418993
 53 -55.3072625698324
 57 -53.29608938547486
 141 -51.28491620111731
 34 -49.27374301675977
 78 -47.26256983240222
 4 -45.25139664804468
 200 -43.24022346368713
 1 -41.22905027932961
 112 -39.21787709497207
 169 -37.20670391061452
 262 -35.19553072625698
 75 -33.18435754189943
 43 -31.17318435754188
 110 -29.16201117318434
 3 -27.15083798882682
 37 -25.13966480446928
 366 -23.12849162011173
 79 -21.11731843575419
 35 -19.10614525139664
 7 -17.09497206703909
 28 -15.08379888268155
 109 -13.072625698324
 5 -11.06145251396646
 336 -9.050279329608941
 2 -7.039106145251395
 60 -5.02793296089385
 7 -3.016759776536304
 4 -1.005586592178759
 12 1.005586592178787
 88 3.016759776536333
 3 5.02793296089385
 356 7.039106145251395
 3 9.050279329608941
 105 11.06145251396649
 27 13.07262569832403
 10 15.08379888268158
 30 17.09497206703912
 85 19.10614525139667
 352 21.11731843575421
 40 23.12849162011173
 58 25.13966480446928
 73 27.15083798882682
 49 29.16201117318437
 117 31.17318435754191
 193 33.18435754189946
 151 35.195530726257
 82 37.20670391061452
 28 39.21787709497207
 204 41.22905027932961
 1 43.24022346368716
 79 45.2513966480447
 43 47.26256983240225
 149 49.27374301675979
 50 51.28491620111734
 138 53.29608938547489
 59 55.3072625698324
 89 57.31843575418995
 203 59.32960893854749
 39 61.34078212290504
 72 63.35195530726259
 52 65.36312849162013
 68 67.37430167597768
 31 69.38547486033519
 18 71.39664804469274
 34 73.40782122905028
 6 75.41899441340783
 6 77.43016759776538
 1 79.44134078212289
 2 81.45251396648047
 2 83.46368715083798
 5 85.47486033519556
 9 87.48603351955308
 4761 89.49720670391065
 6 91.50837988826817
 2 93.51955307262574
 1 95.53072625698326
 1 97.54189944134077
 2 99.55307262569835
 12 101.5642458100559
 14 103.5754189944134
 41 105.586592178771
 12 107.5977653631285
 65 109.608938547486
 77 111.6201117318436
 70 113.6312849162011
 3 115.6424581005587
 143 117.6536312849162
 100 119.6648044692737
 80 121.6759776536313
 130 123.6871508379888
 92 125.6983240223464
 49 127.7094972067039
 92 129.7206703910614
 115 131.731843575419
 1 133.7430167597765
 60 135.7541899441341
 118 137.7653631284916
 55 139.7765363128492
 94 141.7877094972067
 342 143.7988826815642
 76 145.8100558659218
 136 147.8212290502793
 27 149.8324022346369
 71 151.8435754189944
 52 153.854748603352
 314 155.8659217877095
 29 157.8770949720671
 86 159.8882681564246
 39 161.8994413407821
 29 163.9106145251397
 12 165.9217877094972
 93 167.9329608938548
 142 169.9441340782123
 222 171.9553072625699
 6 173.9664804469274
 115 175.9776536312849
 6 177.9888268156425
 0 180


