# Created by Octave 3.8.2, Mon Jun 22 06:28:38 2020 CEST <damian@fptrucha.inv.usc.es>
# name: hd
# type: matrix
# rows: 180
# columns: 2
 6 -180
 166 -177.9888268156425
 2 -175.9776536312849
 338 -173.9664804469274
 216 -171.9553072625698
 129 -169.9441340782123
 30 -167.9329608938548
 49 -165.9217877094972
 71 -163.9106145251397
 131 -161.8994413407821
 45 -159.8882681564246
 533 -157.877094972067
 75 -155.8659217877095
 112 -153.854748603352
 53 -151.8435754189944
 63 -149.8324022346369
 251 -147.8212290502793
 508 -145.8100558659218
 124 -143.7988826815642
 78 -141.7877094972067
 194 -139.7765363128491
 123 -137.7653631284916
 7 -135.7541899441341
 173 -133.7430167597765
 151 -131.731843575419
 63 -129.7206703910614
 167 -127.7094972067039
 217 -125.6983240223464
 94 -123.6871508379888
 168 -121.6759776536313
 174 -119.6648044692737
 3 -117.6536312849162
 125 -115.6424581005587
 127 -113.6312849162011
 126 -111.6201117318436
 21 -109.608938547486
 51 -107.5977653631285
 16 -105.5865921787709
 17 -103.5754189944134
 1 -101.5642458100559
 3 -99.55307262569832
 3 -97.54189944134077
 6 -95.53072625698323
 6 -93.5195530726257
 7384 -91.50837988826815
 23 -89.49720670391061
 8 -87.48603351955308
 4 -85.47486033519553
 0 -83.46368715083798
 3 -81.45251396648044
 12 -79.44134078212289
 11 -77.43016759776536
 55 -75.41899441340782
 24 -73.40782122905027
 38 -71.39664804469274
 122 -69.38547486033519
 80 -67.37430167597765
 113 -65.3631284916201
 58 -63.35195530726256
 225 -61.34078212290503
 122 -59.32960893854748
 209 -57.31843575418993
 92 -55.3072625698324
 64 -53.29608938547486
 227 -51.28491620111731
 68 -49.27374301675977
 109 -47.26256983240222
 1 -45.25139664804468
 285 -43.24022346368713
 2 -41.22905027932961
 151 -39.21787709497207
 265 -37.20670391061452
 395 -35.19553072625698
 101 -33.18435754189943
 59 -31.17318435754188
 152 -29.16201117318434
 8 -27.15083798882682
 60 -25.13966480446928
 528 -23.12849162011173
 124 -21.11731843575419
 56 -19.10614525139664
 10 -17.09497206703909
 47 -15.08379888268155
 138 -13.072625698324
 16 -11.06145251396646
 553 -9.050279329608941
 4 -7.039106145251395
 127 -5.02793296089385
 20 -3.016759776536304
 6 -1.005586592178759
 18 1.005586592178787
 130 3.016759776536333
 7 5.02793296089385
 523 7.039106145251395
 11 9.050279329608941
 140 11.06145251396649
 32 13.07262569832403
 13 15.08379888268158
 47 17.09497206703912
 128 19.10614525139667
 535 21.11731843575421
 76 23.12849162011173
 75 25.13966480446928
 98 27.15083798882682
 69 29.16201117318437
 187 31.17318435754191
 327 33.18435754189946
 235 35.195530726257
 151 37.20670391061452
 42 39.21787709497207
 262 41.22905027932961
 2 43.24022346368716
 127 45.2513966480447
 56 47.26256983240225
 207 49.27374301675979
 85 51.28491620111734
 180 53.29608938547489
 85 55.3072625698324
 159 57.31843575418995
 246 59.32960893854749
 56 61.34078212290504
 114 63.35195530726259
 81 65.36312849162013
 112 67.37430167597768
 62 69.38547486033519
 31 71.39664804469274
 42 73.40782122905028
 12 75.41899441340783
 9 77.43016759776538
 5 79.44134078212289
 2 81.45251396648047
 2 83.46368715083798
 7 85.47486033519556
 14 87.48603351955308
 7161 89.49720670391065
 14 91.50837988826817
 6 93.51955307262574
 0 95.53072625698326
 4 97.54189944134077
 9 99.55307262569835
 19 101.5642458100559
 29 103.5754189944134
 48 105.586592178771
 18 107.5977653631285
 127 109.608938547486
 103 111.6201117318436
 124 113.6312849162011
 5 115.6424581005587
 197 117.6536312849162
 140 119.6648044692737
 94 121.6759776536313
 159 123.6871508379888
 176 125.6983240223464
 74 127.7094972067039
 152 129.7206703910614
 171 131.731843575419
 4 133.7430167597765
 112 135.7541899441341
 162 137.7653631284916
 108 139.7765363128492
 133 141.7877094972067
 500 143.7988826815642
 126 145.8100558659218
 194 147.8212290502793
 41 149.8324022346369
 136 151.8435754189944
 59 153.854748603352
 454 155.8659217877095
 44 157.8770949720671
 124 159.8882681564246
 52 161.8994413407821
 36 163.9106145251397
 25 165.9217877094972
 148 167.9329608938548
 216 169.9441340782123
 317 171.9553072625699
 5 173.9664804469274
 149 175.9776536312849
 7 177.9888268156425
 0 180


