# Created by Octave 3.8.2, Mon Jun 22 19:04:27 2020 CEST <damian@fptrucha.inv.usc.es>
# name: hd
# type: matrix
# rows: 180
# columns: 2
 3 -180
 163 -177.9888268156425
 2 -175.9776536312849
 355 -173.9664804469274
 282 -171.9553072625698
 160 -169.9441340782123
 34 -167.9329608938548
 55 -165.9217877094972
 62 -163.9106145251397
 151 -161.8994413407821
 37 -159.8882681564246
 592 -157.877094972067
 66 -155.8659217877095
 148 -153.854748603352
 50 -151.8435754189944
 67 -149.8324022346369
 260 -147.8212290502793
 611 -145.8100558659218
 145 -143.7988826815642
 105 -141.7877094972067
 174 -139.7765363128491
 128 -137.7653631284916
 2 -135.7541899441341
 161 -133.7430167597765
 183 -131.731843575419
 70 -129.7206703910614
 188 -127.7094972067039
 223 -125.6983240223464
 119 -123.6871508379888
 188 -121.6759776536313
 195 -119.6648044692737
 5 -117.6536312849162
 115 -115.6424581005587
 117 -113.6312849162011
 149 -111.6201117318436
 31 -109.608938547486
 35 -107.5977653631285
 23 -105.5865921787709
 15 -103.5754189944134
 1 -101.5642458100559
 0 -99.55307262569832
 0 -97.54189944134077
 4 -95.53072625698323
 6 -93.5195530726257
 8506 -91.50837988826815
 16 -89.49720670391061
 7 -87.48603351955308
 4 -85.47486033519553
 0 -83.46368715083798
 4 -81.45251396648044
 8 -79.44134078212289
 5 -77.43016759776536
 73 -75.41899441340782
 28 -73.40782122905027
 69 -71.39664804469274
 122 -69.38547486033519
 82 -67.37430167597765
 114 -65.3631284916201
 68 -63.35195530726256
 295 -61.34078212290503
 144 -59.32960893854748
 237 -57.31843575418993
 97 -55.3072625698324
 86 -53.29608938547486
 263 -51.28491620111731
 61 -49.27374301675977
 121 -47.26256983240222
 5 -45.25139664804468
 314 -43.24022346368713
 4 -41.22905027932961
 187 -39.21787709497207
 291 -37.20670391061452
 453 -35.19553072625698
 115 -33.18435754189943
 59 -31.17318435754188
 175 -29.16201117318434
 10 -27.15083798882682
 64 -25.13966480446928
 615 -23.12849162011173
 146 -21.11731843575419
 70 -19.10614525139664
 10 -17.09497206703909
 55 -15.08379888268155
 177 -13.072625698324
 11 -11.06145251396646
 581 -9.050279329608941
 4 -7.039106145251395
 124 -5.02793296089385
 21 -3.016759776536304
 0 -1.005586592178759
 21 1.005586592178787
 134 3.016759776536333
 5 5.02793296089385
 519 7.039106145251395
 11 9.050279329608941
 138 11.06145251396649
 55 13.07262569832403
 13 15.08379888268158
 64 17.09497206703912
 131 19.10614525139667
 532 21.11731843575421
 52 23.12849162011173
 82 25.13966480446928
 106 27.15083798882682
 56 29.16201117318437
 199 31.17318435754191
 333 33.18435754189946
 267 35.195530726257
 166 37.20670391061452
 41 39.21787709497207
 294 41.22905027932961
 2 43.24022346368716
 126 45.2513966480447
 67 47.26256983240225
 247 49.27374301675979
 56 51.28491620111734
 188 53.29608938547489
 85 55.3072625698324
 146 57.31843575418995
 281 59.32960893854749
 81 61.34078212290504
 133 63.35195530726259
 89 65.36312849162013
 126 67.37430167597768
 61 69.38547486033519
 41 71.39664804469274
 38 73.40782122905028
 8 75.41899441340783
 9 77.43016759776538
 1 79.44134078212289
 0 81.45251396648047
 3 83.46368715083798
 6 85.47486033519556
 6 87.48603351955308
 7620 89.49720670391065
 6 91.50837988826817
 3 93.51955307262574
 0 95.53072625698326
 1 97.54189944134077
 2 99.55307262569835
 21 101.5642458100559
 29 103.5754189944134
 41 105.586592178771
 29 107.5977653631285
 117 109.608938547486
 142 111.6201117318436
 121 113.6312849162011
 3 115.6424581005587
 197 117.6536312849162
 163 119.6648044692737
 110 121.6759776536313
 181 123.6871508379888
 190 125.6983240223464
 83 127.7094972067039
 156 129.7206703910614
 193 131.731843575419
 1 133.7430167597765
 122 135.7541899441341
 186 137.7653631284916
 115 139.7765363128492
 147 141.7877094972067
 494 143.7988826815642
 121 145.8100558659218
 199 147.8212290502793
 56 149.8324022346369
 141 151.8435754189944
 77 153.854748603352
 518 155.8659217877095
 46 157.8770949720671
 162 159.8882681564246
 61 161.8994413407821
 44 163.9106145251397
 31 165.9217877094972
 109 167.9329608938548
 238 169.9441340782123
 356 171.9553072625699
 6 173.9664804469274
 157 175.9776536312849
 5 177.9888268156425
 0 180


