# Created by Octave 3.8.2, Mon Jun 22 01:08:17 2020 CEST <damian@fptrucha.inv.usc.es>
# name: hd
# type: matrix
# rows: 180
# columns: 2
 0 -180
 149 -177.9888268156425
 1 -175.9776536312849
 389 -173.9664804469274
 195 -171.9553072625698
 148 -169.9441340782123
 30 -167.9329608938548
 28 -165.9217877094972
 66 -163.9106145251397
 154 -161.8994413407821
 27 -159.8882681564246
 600 -157.877094972067
 64 -155.8659217877095
 120 -153.854748603352
 42 -151.8435754189944
 62 -149.8324022346369
 221 -147.8212290502793
 631 -145.8100558659218
 157 -143.7988826815642
 85 -141.7877094972067
 147 -139.7765363128491
 95 -137.7653631284916
 2 -135.7541899441341
 142 -133.7430167597765
 135 -131.731843575419
 62 -129.7206703910614
 169 -127.7094972067039
 176 -125.6983240223464
 105 -123.6871508379888
 190 -121.6759776536313
 171 -119.6648044692737
 4 -117.6536312849162
 99 -115.6424581005587
 113 -113.6312849162011
 129 -111.6201117318436
 9 -109.608938547486
 25 -107.5977653631285
 21 -105.5865921787709
 8 -103.5754189944134
 2 -101.5642458100559
 0 -99.55307262569832
 0 -97.54189944134077
 1 -95.53072625698323
 2 -93.5195530726257
 8231 -91.50837988826815
 13 -89.49720670391061
 7 -87.48603351955308
 0 -85.47486033519553
 0 -83.46368715083798
 1 -81.45251396648044
 5 -79.44134078212289
 4 -77.43016759776536
 35 -75.41899441340782
 25 -73.40782122905027
 57 -71.39664804469274
 98 -69.38547486033519
 87 -67.37430167597765
 105 -65.3631284916201
 33 -63.35195530726256
 259 -61.34078212290503
 150 -59.32960893854748
 204 -57.31843575418993
 79 -55.3072625698324
 75 -53.29608938547486
 215 -51.28491620111731
 56 -49.27374301675977
 112 -47.26256983240222
 0 -45.25139664804468
 314 -43.24022346368713
 5 -41.22905027932961
 145 -39.21787709497207
 334 -37.20670391061452
 475 -35.19553072625698
 95 -33.18435754189943
 63 -31.17318435754188
 151 -29.16201117318434
 10 -27.15083798882682
 54 -25.13966480446928
 654 -23.12849162011173
 165 -21.11731843575419
 47 -19.10614525139664
 11 -17.09497206703909
 37 -15.08379888268155
 152 -13.072625698324
 10 -11.06145251396646
 575 -9.050279329608941
 2 -7.039106145251395
 124 -5.02793296089385
 20 -3.016759776536304
 1 -1.005586592178759
 25 1.005586592178787
 129 3.016759776536333
 0 5.02793296089385
 517 7.039106145251395
 7 9.050279329608941
 116 11.06145251396649
 37 13.07262569832403
 5 15.08379888268158
 69 17.09497206703912
 122 19.10614525139667
 498 21.11731843575421
 58 23.12849162011173
 98 25.13966480446928
 101 27.15083798882682
 44 29.16201117318437
 209 31.17318435754191
 310 33.18435754189946
 224 35.195530726257
 158 37.20670391061452
 41 39.21787709497207
 281 41.22905027932961
 1 43.24022346368716
 111 45.2513966480447
 58 47.26256983240225
 248 49.27374301675979
 89 51.28491620111734
 188 53.29608938547489
 91 55.3072625698324
 132 57.31843575418995
 250 59.32960893854749
 65 61.34078212290504
 89 63.35195530726259
 64 65.36312849162013
 129 67.37430167597768
 52 69.38547486033519
 34 71.39664804469274
 53 73.40782122905028
 8 75.41899441340783
 3 77.43016759776538
 1 79.44134078212289
 0 81.45251396648047
 0 83.46368715083798
 3 85.47486033519556
 14 87.48603351955308
 7618 89.49720670391065
 6 91.50837988826817
 0 93.51955307262574
 0 95.53072625698326
 2 97.54189944134077
 0 99.55307262569835
 24 101.5642458100559
 24 103.5754189944134
 52 105.586592178771
 15 107.5977653631285
 116 109.608938547486
 124 111.6201117318436
 131 113.6312849162011
 3 115.6424581005587
 215 117.6536312849162
 169 119.6648044692737
 80 121.6759776536313
 167 123.6871508379888
 178 125.6983240223464
 70 127.7094972067039
 153 129.7206703910614
 156 131.731843575419
 6 133.7430167597765
 112 135.7541899441341
 167 137.7653631284916
 126 139.7765363128492
 182 141.7877094972067
 475 143.7988826815642
 140 145.8100558659218
 225 147.8212290502793
 26 149.8324022346369
 168 151.8435754189944
 66 153.854748603352
 522 155.8659217877095
 50 157.8770949720671
 130 159.8882681564246
 75 161.8994413407821
 43 163.9106145251397
 9 165.9217877094972
 107 167.9329608938548
 211 169.9441340782123
 319 171.9553072625699
 2 173.9664804469274
 170 175.9776536312849
 5 177.9888268156425
 0 180


