# Created by Octave 3.8.2, Mon Jun 22 22:36:49 2020 CEST <damian@fptrucha.inv.usc.es>
# name: hd
# type: matrix
# rows: 180
# columns: 2
 4 -180
 181 -177.9888268156425
 5 -175.9776536312849
 403 -173.9664804469274
 268 -171.9553072625698
 154 -169.9441340782123
 29 -167.9329608938548
 49 -165.9217877094972
 69 -163.9106145251397
 167 -161.8994413407821
 44 -159.8882681564246
 592 -157.877094972067
 68 -155.8659217877095
 163 -153.854748603352
 30 -151.8435754189944
 62 -149.8324022346369
 253 -147.8212290502793
 670 -145.8100558659218
 163 -143.7988826815642
 114 -141.7877094972067
 211 -139.7765363128491
 121 -137.7653631284916
 5 -135.7541899441341
 184 -133.7430167597765
 186 -131.731843575419
 87 -129.7206703910614
 203 -127.7094972067039
 234 -125.6983240223464
 107 -123.6871508379888
 206 -121.6759776536313
 209 -119.6648044692737
 4 -117.6536312849162
 114 -115.6424581005587
 129 -113.6312849162011
 156 -111.6201117318436
 27 -109.608938547486
 42 -107.5977653631285
 30 -105.5865921787709
 16 -103.5754189944134
 4 -101.5642458100559
 2 -99.55307262569832
 4 -97.54189944134077
 2 -95.53072625698323
 8 -93.5195530726257
 8745 -91.50837988826815
 17 -89.49720670391061
 3 -87.48603351955308
 3 -85.47486033519553
 0 -83.46368715083798
 4 -81.45251396648044
 8 -79.44134078212289
 7 -77.43016759776536
 39 -75.41899441340782
 33 -73.40782122905027
 51 -71.39664804469274
 121 -69.38547486033519
 99 -67.37430167597765
 113 -65.3631284916201
 55 -63.35195530726256
 318 -61.34078212290503
 156 -59.32960893854748
 215 -57.31843575418993
 101 -55.3072625698324
 85 -53.29608938547486
 270 -51.28491620111731
 62 -49.27374301675977
 148 -47.26256983240222
 3 -45.25139664804468
 309 -43.24022346368713
 2 -41.22905027932961
 172 -39.21787709497207
 298 -37.20670391061452
 444 -35.19553072625698
 139 -33.18435754189943
 62 -31.17318435754188
 177 -29.16201117318434
 9 -27.15083798882682
 53 -25.13966480446928
 660 -23.12849162011173
 142 -21.11731843575419
 59 -19.10614525139664
 12 -17.09497206703909
 48 -15.08379888268155
 169 -13.072625698324
 9 -11.06145251396646
 616 -9.050279329608941
 2 -7.039106145251395
 138 -5.02793296089385
 30 -3.016759776536304
 3 -1.005586592178759
 17 1.005586592178787
 128 3.016759776536333
 1 5.02793296089385
 558 7.039106145251395
 8 9.050279329608941
 151 11.06145251396649
 41 13.07262569832403
 13 15.08379888268158
 54 17.09497206703912
 114 19.10614525139667
 587 21.11731843575421
 63 23.12849162011173
 79 25.13966480446928
 104 27.15083798882682
 58 29.16201117318437
 198 31.17318435754191
 311 33.18435754189946
 258 35.195530726257
 143 37.20670391061452
 34 39.21787709497207
 291 41.22905027932961
 3 43.24022346368716
 124 45.2513966480447
 64 47.26256983240225
 232 49.27374301675979
 97 51.28491620111734
 209 53.29608938547489
 76 55.3072625698324
 154 57.31843575418995
 265 59.32960893854749
 58 61.34078212290504
 127 63.35195530726259
 80 65.36312849162013
 120 67.37430167597768
 59 69.38547486033519
 34 71.39664804469274
 51 73.40782122905028
 12 75.41899441340783
 11 77.43016759776538
 2 79.44134078212289
 1 81.45251396648047
 1 83.46368715083798
 4 85.47486033519556
 16 87.48603351955308
 8037 89.49720670391065
 7 91.50837988826817
 3 93.51955307262574
 2 95.53072625698326
 2 97.54189944134077
 4 99.55307262569835
 16 101.5642458100559
 22 103.5754189944134
 46 105.586592178771
 28 107.5977653631285
 126 109.608938547486
 117 111.6201117318436
 124 113.6312849162011
 1 115.6424581005587
 226 117.6536312849162
 177 119.6648044692737
 104 121.6759776536313
 189 123.6871508379888
 181 125.6983240223464
 65 127.7094972067039
 192 129.7206703910614
 194 131.731843575419
 3 133.7430167597765
 120 135.7541899441341
 205 137.7653631284916
 88 139.7765363128492
 144 141.7877094972067
 492 143.7988826815642
 134 145.8100558659218
 240 147.8212290502793
 55 149.8324022346369
 148 151.8435754189944
 68 153.854748603352
 510 155.8659217877095
 52 157.8770949720671
 155 159.8882681564246
 63 161.8994413407821
 71 163.9106145251397
 27 165.9217877094972
 131 167.9329608938548
 262 169.9441340782123
 377 171.9553072625699
 3 173.9664804469274
 159 175.9776536312849
 5 177.9888268156425
 0 180


