# Created by Octave 3.8.2, Mon Jun 22 04:38:19 2020 CEST <damian@fptrucha.inv.usc.es>
# name: hd
# type: matrix
# rows: 180
# columns: 2
 3 -180
 144 -177.9888268156425
 6 -175.9776536312849
 330 -173.9664804469274
 211 -171.9553072625698
 120 -169.9441340782123
 33 -167.9329608938548
 38 -165.9217877094972
 59 -163.9106145251397
 130 -161.8994413407821
 41 -159.8882681564246
 536 -157.877094972067
 76 -155.8659217877095
 106 -153.854748603352
 48 -151.8435754189944
 69 -149.8324022346369
 184 -147.8212290502793
 521 -145.8100558659218
 99 -143.7988826815642
 104 -141.7877094972067
 160 -139.7765363128491
 107 -137.7653631284916
 3 -135.7541899441341
 173 -133.7430167597765
 166 -131.731843575419
 67 -129.7206703910614
 166 -127.7094972067039
 195 -125.6983240223464
 87 -123.6871508379888
 154 -121.6759776536313
 206 -119.6648044692737
 5 -117.6536312849162
 118 -115.6424581005587
 113 -113.6312849162011
 102 -111.6201117318436
 29 -109.608938547486
 42 -107.5977653631285
 26 -105.5865921787709
 12 -103.5754189944134
 3 -101.5642458100559
 0 -99.55307262569832
 0 -97.54189944134077
 2 -95.53072625698323
 7 -93.5195530726257
 7009 -91.50837988826815
 14 -89.49720670391061
 8 -87.48603351955308
 2 -85.47486033519553
 0 -83.46368715083798
 2 -81.45251396648044
 11 -79.44134078212289
 10 -77.43016759776536
 56 -75.41899441340782
 37 -73.40782122905027
 46 -71.39664804469274
 106 -69.38547486033519
 89 -67.37430167597765
 96 -65.3631284916201
 53 -63.35195530726256
 249 -61.34078212290503
 145 -59.32960893854748
 204 -57.31843575418993
 75 -55.3072625698324
 73 -53.29608938547486
 174 -51.28491620111731
 64 -49.27374301675977
 131 -47.26256983240222
 3 -45.25139664804468
 256 -43.24022346368713
 3 -41.22905027932961
 172 -39.21787709497207
 263 -37.20670391061452
 376 -35.19553072625698
 104 -33.18435754189943
 63 -31.17318435754188
 137 -29.16201117318434
 12 -27.15083798882682
 64 -25.13966480446928
 492 -23.12849162011173
 103 -21.11731843575419
 48 -19.10614525139664
 13 -17.09497206703909
 29 -15.08379888268155
 159 -13.072625698324
 9 -11.06145251396646
 490 -9.050279329608941
 3 -7.039106145251395
 125 -5.02793296089385
 23 -3.016759776536304
 4 -1.005586592178759
 24 1.005586592178787
 125 3.016759776536333
 4 5.02793296089385
 478 7.039106145251395
 10 9.050279329608941
 147 11.06145251396649
 44 13.07262569832403
 6 15.08379888268158
 66 17.09497206703912
 124 19.10614525139667
 466 21.11731843575421
 47 23.12849162011173
 89 25.13966480446928
 98 27.15083798882682
 66 29.16201117318437
 167 31.17318435754191
 304 33.18435754189946
 217 35.195530726257
 152 37.20670391061452
 40 39.21787709497207
 252 41.22905027932961
 2 43.24022346368716
 115 45.2513966480447
 54 47.26256983240225
 216 49.27374301675979
 79 51.28491620111734
 148 53.29608938547489
 74 55.3072625698324
 142 57.31843575418995
 226 59.32960893854749
 51 61.34078212290504
 114 63.35195530726259
 78 65.36312849162013
 123 67.37430167597768
 50 69.38547486033519
 34 71.39664804469274
 48 73.40782122905028
 10 75.41899441340783
 13 77.43016759776538
 2 79.44134078212289
 0 81.45251396648047
 3 83.46368715083798
 7 85.47486033519556
 12 87.48603351955308
 6649 89.49720670391065
 8 91.50837988826817
 1 93.51955307262574
 2 95.53072625698326
 1 97.54189944134077
 4 99.55307262569835
 19 101.5642458100559
 36 103.5754189944134
 47 105.586592178771
 29 107.5977653631285
 116 109.608938547486
 104 111.6201117318436
 113 113.6312849162011
 2 115.6424581005587
 166 117.6536312849162
 162 119.6648044692737
 93 121.6759776536313
 186 123.6871508379888
 158 125.6983240223464
 70 127.7094972067039
 124 129.7206703910614
 166 131.731843575419
 3 133.7430167597765
 106 135.7541899441341
 149 137.7653631284916
 110 139.7765363128492
 121 141.7877094972067
 435 143.7988826815642
 106 145.8100558659218
 210 147.8212290502793
 42 149.8324022346369
 120 151.8435754189944
 63 153.854748603352
 412 155.8659217877095
 47 157.8770949720671
 129 159.8882681564246
 71 161.8994413407821
 43 163.9106145251397
 29 165.9217877094972
 153 167.9329608938548
 207 169.9441340782123
 304 171.9553072625699
 8 173.9664804469274
 160 175.9776536312849
 3 177.9888268156425
 0 180


