# Created by Octave 3.8.2, Mon Jun 22 22:35:36 2020 CEST <damian@fptrucha.inv.usc.es>
# name: hd
# type: matrix
# rows: 180
# columns: 2
 4 -180
 173 -177.9888268156425
 1 -175.9776536312849
 371 -173.9664804469274
 279 -171.9553072625698
 171 -169.9441340782123
 36 -167.9329608938548
 49 -165.9217877094972
 67 -163.9106145251397
 160 -161.8994413407821
 58 -159.8882681564246
 628 -157.877094972067
 61 -155.8659217877095
 148 -153.854748603352
 44 -151.8435754189944
 81 -149.8324022346369
 224 -147.8212290502793
 643 -145.8100558659218
 128 -143.7988826815642
 122 -141.7877094972067
 187 -139.7765363128491
 147 -137.7653631284916
 3 -135.7541899441341
 190 -133.7430167597765
 183 -131.731843575419
 92 -129.7206703910614
 191 -127.7094972067039
 250 -125.6983240223464
 133 -123.6871508379888
 219 -121.6759776536313
 214 -119.6648044692737
 2 -117.6536312849162
 122 -115.6424581005587
 139 -113.6312849162011
 159 -111.6201117318436
 20 -109.608938547486
 35 -107.5977653631285
 35 -105.5865921787709
 16 -103.5754189944134
 2 -101.5642458100559
 1 -99.55307262569832
 0 -97.54189944134077
 6 -95.53072625698323
 7 -93.5195530726257
 8569 -91.50837988826815
 16 -89.49720670391061
 5 -87.48603351955308
 1 -85.47486033519553
 1 -83.46368715083798
 1 -81.45251396648044
 7 -79.44134078212289
 9 -77.43016759776536
 68 -75.41899441340782
 34 -73.40782122905027
 56 -71.39664804469274
 116 -69.38547486033519
 92 -67.37430167597765
 112 -65.3631284916201
 58 -63.35195530726256
 295 -61.34078212290503
 132 -59.32960893854748
 236 -57.31843575418993
 108 -55.3072625698324
 99 -53.29608938547486
 241 -51.28491620111731
 64 -49.27374301675977
 134 -47.26256983240222
 4 -45.25139664804468
 285 -43.24022346368713
 1 -41.22905027932961
 174 -39.21787709497207
 313 -37.20670391061452
 499 -35.19553072625698
 132 -33.18435754189943
 48 -31.17318435754188
 187 -29.16201117318434
 13 -27.15083798882682
 66 -25.13966480446928
 670 -23.12849162011173
 160 -21.11731843575419
 74 -19.10614525139664
 14 -17.09497206703909
 54 -15.08379888268155
 172 -13.072625698324
 13 -11.06145251396646
 580 -9.050279329608941
 3 -7.039106145251395
 140 -5.02793296089385
 26 -3.016759776536304
 3 -1.005586592178759
 20 1.005586592178787
 150 3.016759776536333
 1 5.02793296089385
 538 7.039106145251395
 8 9.050279329608941
 141 11.06145251396649
 53 13.07262569832403
 7 15.08379888268158
 56 17.09497206703912
 130 19.10614525139667
 579 21.11731843575421
 65 23.12849162011173
 89 25.13966480446928
 101 27.15083798882682
 65 29.16201117318437
 223 31.17318435754191
 375 33.18435754189946
 282 35.195530726257
 152 37.20670391061452
 47 39.21787709497207
 320 41.22905027932961
 5 43.24022346368716
 110 45.2513966480447
 54 47.26256983240225
 234 49.27374301675979
 87 51.28491620111734
 197 53.29608938547489
 86 55.3072625698324
 174 57.31843575418995
 275 59.32960893854749
 81 61.34078212290504
 135 63.35195530726259
 76 65.36312849162013
 124 67.37430167597768
 49 69.38547486033519
 43 71.39664804469274
 42 73.40782122905028
 9 75.41899441340783
 3 77.43016759776538
 2 79.44134078212289
 0 81.45251396648047
 2 83.46368715083798
 3 85.47486033519556
 10 87.48603351955308
 8064 89.49720670391065
 10 91.50837988826817
 1 93.51955307262574
 2 95.53072625698326
 0 97.54189944134077
 7 99.55307262569835
 13 101.5642458100559
 32 103.5754189944134
 43 105.586592178771
 26 107.5977653631285
 109 109.608938547486
 125 111.6201117318436
 124 113.6312849162011
 4 115.6424581005587
 220 117.6536312849162
 160 119.6648044692737
 85 121.6759776536313
 190 123.6871508379888
 207 125.6983240223464
 81 127.7094972067039
 184 129.7206703910614
 201 131.731843575419
 2 133.7430167597765
 129 135.7541899441341
 199 137.7653631284916
 117 139.7765363128492
 133 141.7877094972067
 499 143.7988826815642
 112 145.8100558659218
 216 147.8212290502793
 46 149.8324022346369
 164 151.8435754189944
 72 153.854748603352
 514 155.8659217877095
 43 157.8770949720671
 133 159.8882681564246
 69 161.8994413407821
 43 163.9106145251397
 24 165.9217877094972
 135 167.9329608938548
 228 169.9441340782123
 351 171.9553072625699
 3 173.9664804469274
 171 175.9776536312849
 4 177.9888268156425
 0 180


