# Created by Octave 3.8.2, Sat Jun 20 20:11:25 2020 CEST <damian@fptrucha.inv.usc.es>
# name: hd
# type: matrix
# rows: 180
# columns: 2
 1 -180
 161 -177.9888268156425
 4 -175.9776536312849
 366 -173.9664804469274
 213 -171.9553072625698
 144 -169.9441340782123
 24 -167.9329608938548
 31 -165.9217877094972
 45 -163.9106145251397
 151 -161.8994413407821
 38 -159.8882681564246
 609 -157.877094972067
 51 -155.8659217877095
 102 -153.854748603352
 33 -151.8435754189944
 71 -149.8324022346369
 203 -147.8212290502793
 636 -145.8100558659218
 133 -143.7988826815642
 89 -141.7877094972067
 173 -139.7765363128491
 100 -137.7653631284916
 2 -135.7541899441341
 152 -133.7430167597765
 155 -131.731843575419
 65 -129.7206703910614
 169 -127.7094972067039
 234 -125.6983240223464
 95 -123.6871508379888
 224 -121.6759776536313
 167 -119.6648044692737
 3 -117.6536312849162
 79 -115.6424581005587
 108 -113.6312849162011
 107 -111.6201117318436
 18 -109.608938547486
 28 -107.5977653631285
 17 -105.5865921787709
 11 -103.5754189944134
 4 -101.5642458100559
 0 -99.55307262569832
 1 -97.54189944134077
 4 -95.53072625698323
 6 -93.5195530726257
 8140 -91.50837988826815
 10 -89.49720670391061
 2 -87.48603351955308
 0 -85.47486033519553
 0 -83.46368715083798
 2 -81.45251396648044
 4 -79.44134078212289
 4 -77.43016759776536
 49 -75.41899441340782
 22 -73.40782122905027
 51 -71.39664804469274
 100 -69.38547486033519
 63 -67.37430167597765
 104 -65.3631284916201
 57 -63.35195530726256
 276 -61.34078212290503
 148 -59.32960893854748
 217 -57.31843575418993
 91 -55.3072625698324
 82 -53.29608938547486
 242 -51.28491620111731
 59 -49.27374301675977
 92 -47.26256983240222
 2 -45.25139664804468
 276 -43.24022346368713
 1 -41.22905027932961
 147 -39.21787709497207
 350 -37.20670391061452
 434 -35.19553072625698
 100 -33.18435754189943
 43 -31.17318435754188
 148 -29.16201117318434
 11 -27.15083798882682
 51 -25.13966480446928
 668 -23.12849162011173
 140 -21.11731843575419
 55 -19.10614525139664
 12 -17.09497206703909
 32 -15.08379888268155
 167 -13.072625698324
 5 -11.06145251396646
 552 -9.050279329608941
 2 -7.039106145251395
 140 -5.02793296089385
 17 -3.016759776536304
 3 -1.005586592178759
 19 1.005586592178787
 126 3.016759776536333
 4 5.02793296089385
 547 7.039106145251395
 3 9.050279329608941
 132 11.06145251396649
 39 13.07262569832403
 9 15.08379888268158
 68 17.09497206703912
 113 19.10614525139667
 513 21.11731843575421
 73 23.12849162011173
 91 25.13966480446928
 135 27.15083798882682
 55 29.16201117318437
 225 31.17318435754191
 337 33.18435754189946
 237 35.195530726257
 174 37.20670391061452
 38 39.21787709497207
 308 41.22905027932961
 0 43.24022346368716
 104 45.2513966480447
 63 47.26256983240225
 241 49.27374301675979
 79 51.28491620111734
 196 53.29608938547489
 66 55.3072625698324
 156 57.31843575418995
 260 59.32960893854749
 65 61.34078212290504
 140 63.35195530726259
 77 65.36312849162013
 108 67.37430167597768
 47 69.38547486033519
 25 71.39664804469274
 42 73.40782122905028
 7 75.41899441340783
 8 77.43016759776538
 1 79.44134078212289
 0 81.45251396648047
 2 83.46368715083798
 2 85.47486033519556
 8 87.48603351955308
 7725 89.49720670391065
 3 91.50837988826817
 5 93.51955307262574
 1 95.53072625698326
 0 97.54189944134077
 4 99.55307262569835
 10 101.5642458100559
 24 103.5754189944134
 38 105.586592178771
 14 107.5977653631285
 115 109.608938547486
 115 111.6201117318436
 124 113.6312849162011
 4 115.6424581005587
 201 117.6536312849162
 171 119.6648044692737
 93 121.6759776536313
 185 123.6871508379888
 179 125.6983240223464
 76 127.7094972067039
 153 129.7206703910614
 187 131.731843575419
 3 133.7430167597765
 106 135.7541899441341
 164 137.7653631284916
 97 139.7765363128492
 137 141.7877094972067
 496 143.7988826815642
 113 145.8100558659218
 200 147.8212290502793
 52 149.8324022346369
 146 151.8435754189944
 59 153.854748603352
 478 155.8659217877095
 45 157.8770949720671
 154 159.8882681564246
 59 161.8994413407821
 43 163.9106145251397
 21 165.9217877094972
 134 167.9329608938548
 201 169.9441340782123
 338 171.9553072625699
 4 173.9664804469274
 147 175.9776536312849
 7 177.9888268156425
 0 180


