# Created by Octave 3.8.2, Sat Jun 20 05:53:46 2020 CEST <damian@fptrucha.inv.usc.es>
# name: hd
# type: matrix
# rows: 180
# columns: 2
 1 -180
 191 -177.9888268156425
 6 -175.9776536312849
 379 -173.9664804469274
 247 -171.9553072625698
 150 -169.9441340782123
 34 -167.9329608938548
 35 -165.9217877094972
 64 -163.9106145251397
 207 -161.8994413407821
 52 -159.8882681564246
 688 -157.877094972067
 71 -155.8659217877095
 158 -153.854748603352
 42 -151.8435754189944
 77 -149.8324022346369
 260 -147.8212290502793
 748 -145.8100558659218
 170 -143.7988826815642
 112 -141.7877094972067
 197 -139.7765363128491
 119 -137.7653631284916
 2 -135.7541899441341
 193 -133.7430167597765
 173 -131.731843575419
 103 -129.7206703910614
 192 -127.7094972067039
 248 -125.6983240223464
 117 -123.6871508379888
 244 -121.6759776536313
 243 -119.6648044692737
 4 -117.6536312849162
 113 -115.6424581005587
 134 -113.6312849162011
 133 -111.6201117318436
 22 -109.608938547486
 40 -107.5977653631285
 21 -105.5865921787709
 12 -103.5754189944134
 2 -101.5642458100559
 1 -99.55307262569832
 0 -97.54189944134077
 3 -95.53072625698323
 3 -93.5195530726257
 9354 -91.50837988826815
 15 -89.49720670391061
 4 -87.48603351955308
 0 -85.47486033519553
 0 -83.46368715083798
 2 -81.45251396648044
 8 -79.44134078212289
 4 -77.43016759776536
 55 -75.41899441340782
 30 -73.40782122905027
 54 -71.39664804469274
 163 -69.38547486033519
 81 -67.37430167597765
 117 -65.3631284916201
 59 -63.35195530726256
 336 -61.34078212290503
 181 -59.32960893854748
 220 -57.31843575418993
 121 -55.3072625698324
 87 -53.29608938547486
 267 -51.28491620111731
 64 -49.27374301675977
 110 -47.26256983240222
 2 -45.25139664804468
 284 -43.24022346368713
 4 -41.22905027932961
 176 -39.21787709497207
 374 -37.20670391061452
 472 -35.19553072625698
 120 -33.18435754189943
 61 -31.17318435754188
 143 -29.16201117318434
 11 -27.15083798882682
 55 -25.13966480446928
 664 -23.12849162011173
 145 -21.11731843575419
 60 -19.10614525139664
 12 -17.09497206703909
 40 -15.08379888268155
 188 -13.072625698324
 5 -11.06145251396646
 651 -9.050279329608941
 2 -7.039106145251395
 146 -5.02793296089385
 25 -3.016759776536304
 6 -1.005586592178759
 22 1.005586592178787
 136 3.016759776536333
 1 5.02793296089385
 624 7.039106145251395
 8 9.050279329608941
 156 11.06145251396649
 44 13.07262569832403
 13 15.08379888268158
 56 17.09497206703912
 106 19.10614525139667
 600 21.11731843575421
 82 23.12849162011173
 102 25.13966480446928
 128 27.15083798882682
 64 29.16201117318437
 245 31.17318435754191
 373 33.18435754189946
 255 35.195530726257
 161 37.20670391061452
 33 39.21787709497207
 295 41.22905027932961
 0 43.24022346368716
 128 45.2513966480447
 55 47.26256983240225
 239 49.27374301675979
 95 51.28491620111734
 193 53.29608938547489
 72 55.3072625698324
 150 57.31843575418995
 265 59.32960893854749
 60 61.34078212290504
 148 63.35195530726259
 99 65.36312849162013
 109 67.37430167597768
 53 69.38547486033519
 20 71.39664804469274
 55 73.40782122905028
 7 75.41899441340783
 8 77.43016759776538
 0 79.44134078212289
 0 81.45251396648047
 1 83.46368715083798
 3 85.47486033519556
 7 87.48603351955308
 8310 89.49720670391065
 3 91.50837988826817
 3 93.51955307262574
 1 95.53072625698326
 0 97.54189944134077
 4 99.55307262569835
 16 101.5642458100559
 23 103.5754189944134
 48 105.586592178771
 25 107.5977653631285
 106 109.608938547486
 138 111.6201117318436
 147 113.6312849162011
 2 115.6424581005587
 211 117.6536312849162
 171 119.6648044692737
 91 121.6759776536313
 224 123.6871508379888
 191 125.6983240223464
 74 127.7094972067039
 179 129.7206703910614
 207 131.731843575419
 5 133.7430167597765
 128 135.7541899441341
 187 137.7653631284916
 113 139.7765363128492
 159 141.7877094972067
 557 143.7988826815642
 132 145.8100558659218
 220 147.8212290502793
 51 149.8324022346369
 168 151.8435754189944
 72 153.854748603352
 517 155.8659217877095
 61 157.8770949720671
 128 159.8882681564246
 83 161.8994413407821
 66 163.9106145251397
 19 165.9217877094972
 154 167.9329608938548
 231 169.9441340782123
 366 171.9553072625699
 2 173.9664804469274
 185 175.9776536312849
 2 177.9888268156425
 0 180


