# Created by Octave 3.8.2, Sat Jun 20 04:28:17 2020 CEST <damian@fptrucha.inv.usc.es>
# name: hd
# type: matrix
# rows: 180
# columns: 2
 5 -180
 177 -177.9888268156425
 5 -175.9776536312849
 429 -173.9664804469274
 247 -171.9553072625698
 167 -169.9441340782123
 35 -167.9329608938548
 25 -165.9217877094972
 61 -163.9106145251397
 198 -161.8994413407821
 48 -159.8882681564246
 701 -157.877094972067
 86 -155.8659217877095
 123 -153.854748603352
 47 -151.8435754189944
 77 -149.8324022346369
 248 -147.8212290502793
 621 -145.8100558659218
 175 -143.7988826815642
 111 -141.7877094972067
 230 -139.7765363128491
 120 -137.7653631284916
 1 -135.7541899441341
 187 -133.7430167597765
 168 -131.731843575419
 81 -129.7206703910614
 231 -127.7094972067039
 286 -125.6983240223464
 111 -123.6871508379888
 237 -121.6759776536313
 228 -119.6648044692737
 2 -117.6536312849162
 117 -115.6424581005587
 164 -113.6312849162011
 171 -111.6201117318436
 16 -109.608938547486
 34 -107.5977653631285
 26 -105.5865921787709
 11 -103.5754189944134
 3 -101.5642458100559
 0 -99.55307262569832
 1 -97.54189944134077
 2 -95.53072625698323
 5 -93.5195530726257
 9423 -91.50837988826815
 11 -89.49720670391061
 5 -87.48603351955308
 0 -85.47486033519553
 1 -83.46368715083798
 0 -81.45251396648044
 7 -79.44134078212289
 11 -77.43016759776536
 61 -75.41899441340782
 38 -73.40782122905027
 67 -71.39664804469274
 141 -69.38547486033519
 94 -67.37430167597765
 145 -65.3631284916201
 84 -63.35195530726256
 333 -61.34078212290503
 176 -59.32960893854748
 259 -57.31843575418993
 113 -55.3072625698324
 109 -53.29608938547486
 299 -51.28491620111731
 60 -49.27374301675977
 127 -47.26256983240222
 3 -45.25139664804468
 324 -43.24022346368713
 2 -41.22905027932961
 198 -39.21787709497207
 323 -37.20670391061452
 468 -35.19553072625698
 121 -33.18435754189943
 63 -31.17318435754188
 179 -29.16201117318434
 10 -27.15083798882682
 69 -25.13966480446928
 684 -23.12849162011173
 139 -21.11731843575419
 47 -19.10614525139664
 18 -17.09497206703909
 33 -15.08379888268155
 170 -13.072625698324
 5 -11.06145251396646
 589 -9.050279329608941
 4 -7.039106145251395
 134 -5.02793296089385
 28 -3.016759776536304
 2 -1.005586592178759
 19 1.005586592178787
 138 3.016759776536333
 1 5.02793296089385
 584 7.039106145251395
 8 9.050279329608941
 144 11.06145251396649
 55 13.07262569832403
 14 15.08379888268158
 67 17.09497206703912
 137 19.10614525139667
 539 21.11731843575421
 88 23.12849162011173
 88 25.13966480446928
 96 27.15083798882682
 51 29.16201117318437
 213 31.17318435754191
 370 33.18435754189946
 267 35.195530726257
 172 37.20670391061452
 39 39.21787709497207
 305 41.22905027932961
 3 43.24022346368716
 109 45.2513966480447
 62 47.26256983240225
 211 49.27374301675979
 100 51.28491620111734
 188 53.29608938547489
 74 55.3072625698324
 139 57.31843575418995
 255 59.32960893854749
 59 61.34078212290504
 95 63.35195530726259
 65 65.36312849162013
 123 67.37430167597768
 48 69.38547486033519
 24 71.39664804469274
 51 73.40782122905028
 8 75.41899441340783
 5 77.43016759776538
 2 79.44134078212289
 1 81.45251396648047
 1 83.46368715083798
 4 85.47486033519556
 9 87.48603351955308
 8266 89.49720670391065
 5 91.50837988826817
 3 93.51955307262574
 1 95.53072625698326
 0 97.54189944134077
 5 99.55307262569835
 14 101.5642458100559
 23 103.5754189944134
 39 105.586592178771
 20 107.5977653631285
 110 109.608938547486
 110 111.6201117318436
 103 113.6312849162011
 2 115.6424581005587
 191 117.6536312849162
 167 119.6648044692737
 99 121.6759776536313
 201 123.6871508379888
 161 125.6983240223464
 81 127.7094972067039
 165 129.7206703910614
 192 131.731843575419
 1 133.7430167597765
 129 135.7541899441341
 185 137.7653631284916
 108 139.7765363128492
 138 141.7877094972067
 526 143.7988826815642
 130 145.8100558659218
 218 147.8212290502793
 28 149.8324022346369
 143 151.8435754189944
 67 153.854748603352
 527 155.8659217877095
 51 157.8770949720671
 145 159.8882681564246
 65 161.8994413407821
 46 163.9106145251397
 16 165.9217877094972
 139 167.9329608938548
 246 169.9441340782123
 367 171.9553072625699
 4 173.9664804469274
 159 175.9776536312849
 4 177.9888268156425
 0 180


