# Created by Octave 3.8.2, Sat Jun 20 16:00:38 2020 CEST <damian@fptrucha.inv.usc.es>
# name: hd
# type: matrix
# rows: 180
# columns: 2
 1 -180
 166 -177.9888268156425
 4 -175.9776536312849
 348 -173.9664804469274
 249 -171.9553072625698
 148 -169.9441340782123
 32 -167.9329608938548
 29 -165.9217877094972
 60 -163.9106145251397
 160 -161.8994413407821
 44 -159.8882681564246
 630 -157.877094972067
 64 -155.8659217877095
 113 -153.854748603352
 48 -151.8435754189944
 59 -149.8324022346369
 207 -147.8212290502793
 632 -145.8100558659218
 116 -143.7988826815642
 82 -141.7877094972067
 154 -139.7765363128491
 111 -137.7653631284916
 2 -135.7541899441341
 164 -133.7430167597765
 173 -131.731843575419
 77 -129.7206703910614
 195 -127.7094972067039
 205 -125.6983240223464
 102 -123.6871508379888
 179 -121.6759776536313
 178 -119.6648044692737
 4 -117.6536312849162
 99 -115.6424581005587
 111 -113.6312849162011
 116 -111.6201117318436
 12 -109.608938547486
 42 -107.5977653631285
 26 -105.5865921787709
 11 -103.5754189944134
 2 -101.5642458100559
 0 -99.55307262569832
 1 -97.54189944134077
 3 -95.53072625698323
 4 -93.5195530726257
 8319 -91.50837988826815
 7 -89.49720670391061
 3 -87.48603351955308
 1 -85.47486033519553
 0 -83.46368715083798
 2 -81.45251396648044
 6 -79.44134078212289
 9 -77.43016759776536
 45 -75.41899441340782
 28 -73.40782122905027
 48 -71.39664804469274
 123 -69.38547486033519
 76 -67.37430167597765
 97 -65.3631284916201
 54 -63.35195530726256
 287 -61.34078212290503
 149 -59.32960893854748
 215 -57.31843575418993
 101 -55.3072625698324
 76 -53.29608938547486
 221 -51.28491620111731
 47 -49.27374301675977
 122 -47.26256983240222
 1 -45.25139664804468
 261 -43.24022346368713
 1 -41.22905027932961
 165 -39.21787709497207
 309 -37.20670391061452
 464 -35.19553072625698
 93 -33.18435754189943
 65 -31.17318435754188
 144 -29.16201117318434
 11 -27.15083798882682
 57 -25.13966480446928
 687 -23.12849162011173
 133 -21.11731843575419
 45 -19.10614525139664
 12 -17.09497206703909
 36 -15.08379888268155
 186 -13.072625698324
 6 -11.06145251396646
 578 -9.050279329608941
 2 -7.039106145251395
 148 -5.02793296089385
 22 -3.016759776536304
 4 -1.005586592178759
 19 1.005586592178787
 140 3.016759776536333
 4 5.02793296089385
 555 7.039106145251395
 10 9.050279329608941
 126 11.06145251396649
 42 13.07262569832403
 13 15.08379888268158
 59 17.09497206703912
 107 19.10614525139667
 529 21.11731843575421
 63 23.12849162011173
 89 25.13966480446928
 108 27.15083798882682
 42 29.16201117318437
 252 31.17318435754191
 347 33.18435754189946
 236 35.195530726257
 183 37.20670391061452
 35 39.21787709497207
 305 41.22905027932961
 2 43.24022346368716
 112 45.2513966480447
 46 47.26256983240225
 236 49.27374301675979
 78 51.28491620111734
 226 53.29608938547489
 89 55.3072625698324
 144 57.31843575418995
 305 59.32960893854749
 62 61.34078212290504
 122 63.35195530726259
 65 65.36312849162013
 119 67.37430167597768
 36 69.38547486033519
 28 71.39664804469274
 51 73.40782122905028
 11 75.41899441340783
 12 77.43016759776538
 0 79.44134078212289
 0 81.45251396648047
 1 83.46368715083798
 2 85.47486033519556
 9 87.48603351955308
 7930 89.49720670391065
 7 91.50837988826817
 2 93.51955307262574
 0 95.53072625698326
 1 97.54189944134077
 1 99.55307262569835
 14 101.5642458100559
 17 103.5754189944134
 45 105.586592178771
 24 107.5977653631285
 114 109.608938547486
 126 111.6201117318436
 114 113.6312849162011
 5 115.6424581005587
 213 117.6536312849162
 173 119.6648044692737
 122 121.6759776536313
 188 123.6871508379888
 192 125.6983240223464
 79 127.7094972067039
 173 129.7206703910614
 204 131.731843575419
 3 133.7430167597765
 121 135.7541899441341
 183 137.7653631284916
 94 139.7765363128492
 147 141.7877094972067
 469 143.7988826815642
 154 145.8100558659218
 246 147.8212290502793
 58 149.8324022346369
 162 151.8435754189944
 60 153.854748603352
 450 155.8659217877095
 65 157.8770949720671
 134 159.8882681564246
 67 161.8994413407821
 56 163.9106145251397
 20 165.9217877094972
 140 167.9329608938548
 229 169.9441340782123
 354 171.9553072625699
 1 173.9664804469274
 157 175.9776536312849
 3 177.9888268156425
 0 180


