# Created by Octave 3.8.2, Mon Jun 22 04:18:05 2020 CEST <damian@fptrucha.inv.usc.es>
# name: hd
# type: matrix
# rows: 180
# columns: 2
 4 -180
 156 -177.9888268156425
 5 -175.9776536312849
 326 -173.9664804469274
 198 -171.9553072625698
 131 -169.9441340782123
 38 -167.9329608938548
 40 -165.9217877094972
 51 -163.9106145251397
 163 -161.8994413407821
 56 -159.8882681564246
 525 -157.877094972067
 71 -155.8659217877095
 111 -153.854748603352
 46 -151.8435754189944
 56 -149.8324022346369
 181 -147.8212290502793
 562 -145.8100558659218
 118 -143.7988826815642
 89 -141.7877094972067
 149 -139.7765363128491
 120 -137.7653631284916
 1 -135.7541899441341
 166 -133.7430167597765
 166 -131.731843575419
 77 -129.7206703910614
 176 -127.7094972067039
 164 -125.6983240223464
 102 -123.6871508379888
 181 -121.6759776536313
 178 -119.6648044692737
 5 -117.6536312849162
 120 -115.6424581005587
 105 -113.6312849162011
 111 -111.6201117318436
 21 -109.608938547486
 53 -107.5977653631285
 28 -105.5865921787709
 15 -103.5754189944134
 4 -101.5642458100559
 1 -99.55307262569832
 0 -97.54189944134077
 3 -95.53072625698323
 11 -93.5195530726257
 7073 -91.50837988826815
 16 -89.49720670391061
 6 -87.48603351955308
 2 -85.47486033519553
 1 -83.46368715083798
 5 -81.45251396648044
 10 -79.44134078212289
 9 -77.43016759776536
 53 -75.41899441340782
 35 -73.40782122905027
 50 -71.39664804469274
 111 -69.38547486033519
 79 -67.37430167597765
 114 -65.3631284916201
 59 -63.35195530726256
 256 -61.34078212290503
 144 -59.32960893854748
 179 -57.31843575418993
 82 -55.3072625698324
 51 -53.29608938547486
 203 -51.28491620111731
 54 -49.27374301675977
 119 -47.26256983240222
 2 -45.25139664804468
 274 -43.24022346368713
 6 -41.22905027932961
 134 -39.21787709497207
 264 -37.20670391061452
 420 -35.19553072625698
 118 -33.18435754189943
 54 -31.17318435754188
 143 -29.16201117318434
 6 -27.15083798882682
 58 -25.13966480446928
 493 -23.12849162011173
 132 -21.11731843575419
 51 -19.10614525139664
 15 -17.09497206703909
 35 -15.08379888268155
 141 -13.072625698324
 4 -11.06145251396646
 556 -9.050279329608941
 2 -7.039106145251395
 124 -5.02793296089385
 18 -3.016759776536304
 3 -1.005586592178759
 22 1.005586592178787
 136 3.016759776536333
 6 5.02793296089385
 513 7.039106145251395
 11 9.050279329608941
 140 11.06145251396649
 39 13.07262569832403
 11 15.08379888268158
 64 17.09497206703912
 125 19.10614525139667
 472 21.11731843575421
 50 23.12849162011173
 76 25.13966480446928
 111 27.15083798882682
 66 29.16201117318437
 199 31.17318435754191
 282 33.18435754189946
 237 35.195530726257
 126 37.20670391061452
 38 39.21787709497207
 246 41.22905027932961
 4 43.24022346368716
 111 45.2513966480447
 58 47.26256983240225
 228 49.27374301675979
 98 51.28491620111734
 192 53.29608938547489
 70 55.3072625698324
 135 57.31843575418995
 237 59.32960893854749
 60 61.34078212290504
 97 63.35195530726259
 93 65.36312849162013
 93 67.37430167597768
 47 69.38547486033519
 32 71.39664804469274
 51 73.40782122905028
 11 75.41899441340783
 11 77.43016759776538
 2 79.44134078212289
 2 81.45251396648047
 4 83.46368715083798
 5 85.47486033519556
 14 87.48603351955308
 6665 89.49720670391065
 10 91.50837988826817
 6 93.51955307262574
 2 95.53072625698326
 0 97.54189944134077
 5 99.55307262569835
 17 101.5642458100559
 24 103.5754189944134
 45 105.586592178771
 26 107.5977653631285
 96 109.608938547486
 131 111.6201117318436
 126 113.6312849162011
 5 115.6424581005587
 195 117.6536312849162
 133 119.6648044692737
 73 121.6759776536313
 168 123.6871508379888
 172 125.6983240223464
 63 127.7094972067039
 134 129.7206703910614
 181 131.731843575419
 3 133.7430167597765
 105 135.7541899441341
 152 137.7653631284916
 87 139.7765363128492
 127 141.7877094972067
 433 143.7988826815642
 98 145.8100558659218
 171 147.8212290502793
 56 149.8324022346369
 138 151.8435754189944
 77 153.854748603352
 418 155.8659217877095
 44 157.8770949720671
 141 159.8882681564246
 70 161.8994413407821
 35 163.9106145251397
 17 165.9217877094972
 116 167.9329608938548
 219 169.9441340782123
 279 171.9553072625699
 3 173.9664804469274
 146 175.9776536312849
 3 177.9888268156425
 0 180


