# Created by Octave 3.8.2, Mon Jun 22 05:40:04 2020 CEST <damian@fptrucha.inv.usc.es>
# name: hd
# type: matrix
# rows: 180
# columns: 2
 9 -180
 155 -177.9888268156425
 6 -175.9776536312849
 360 -173.9664804469274
 226 -171.9553072625698
 132 -169.9441340782123
 33 -167.9329608938548
 50 -165.9217877094972
 68 -163.9106145251397
 142 -161.8994413407821
 40 -159.8882681564246
 488 -157.877094972067
 78 -155.8659217877095
 137 -153.854748603352
 50 -151.8435754189944
 86 -149.8324022346369
 206 -147.8212290502793
 524 -145.8100558659218
 127 -143.7988826815642
 81 -141.7877094972067
 166 -139.7765363128491
 113 -137.7653631284916
 7 -135.7541899441341
 148 -133.7430167597765
 147 -131.731843575419
 68 -129.7206703910614
 176 -127.7094972067039
 191 -125.6983240223464
 96 -123.6871508379888
 157 -121.6759776536313
 184 -119.6648044692737
 10 -117.6536312849162
 123 -115.6424581005587
 129 -113.6312849162011
 116 -111.6201117318436
 27 -109.608938547486
 42 -107.5977653631285
 25 -105.5865921787709
 23 -103.5754189944134
 1 -101.5642458100559
 1 -99.55307262569832
 3 -97.54189944134077
 3 -95.53072625698323
 9 -93.5195530726257
 7268 -91.50837988826815
 15 -89.49720670391061
 5 -87.48603351955308
 0 -85.47486033519553
 1 -83.46368715083798
 6 -81.45251396648044
 11 -79.44134078212289
 8 -77.43016759776536
 54 -75.41899441340782
 29 -73.40782122905027
 49 -71.39664804469274
 111 -69.38547486033519
 64 -67.37430167597765
 115 -65.3631284916201
 56 -63.35195530726256
 250 -61.34078212290503
 133 -59.32960893854748
 182 -57.31843575418993
 91 -55.3072625698324
 79 -53.29608938547486
 215 -51.28491620111731
 55 -49.27374301675977
 136 -47.26256983240222
 3 -45.25139664804468
 304 -43.24022346368713
 2 -41.22905027932961
 132 -39.21787709497207
 296 -37.20670391061452
 380 -35.19553072625698
 103 -33.18435754189943
 51 -31.17318435754188
 153 -29.16201117318434
 11 -27.15083798882682
 53 -25.13966480446928
 539 -23.12849162011173
 120 -21.11731843575419
 49 -19.10614525139664
 15 -17.09497206703909
 24 -15.08379888268155
 150 -13.072625698324
 11 -11.06145251396646
 530 -9.050279329608941
 0 -7.039106145251395
 129 -5.02793296089385
 25 -3.016759776536304
 2 -1.005586592178759
 23 1.005586592178787
 121 3.016759776536333
 3 5.02793296089385
 505 7.039106145251395
 9 9.050279329608941
 154 11.06145251396649
 46 13.07262569832403
 8 15.08379888268158
 54 17.09497206703912
 117 19.10614525139667
 505 21.11731843575421
 53 23.12849162011173
 63 25.13966480446928
 93 27.15083798882682
 61 29.16201117318437
 181 31.17318435754191
 306 33.18435754189946
 245 35.195530726257
 152 37.20670391061452
 33 39.21787709497207
 281 41.22905027932961
 4 43.24022346368716
 121 45.2513966480447
 70 47.26256983240225
 220 49.27374301675979
 74 51.28491620111734
 186 53.29608938547489
 68 55.3072625698324
 134 57.31843575418995
 278 59.32960893854749
 51 61.34078212290504
 114 63.35195530726259
 74 65.36312849162013
 102 67.37430167597768
 49 69.38547486033519
 34 71.39664804469274
 57 73.40782122905028
 9 75.41899441340783
 9 77.43016759776538
 6 79.44134078212289
 2 81.45251396648047
 1 83.46368715083798
 9 85.47486033519556
 14 87.48603351955308
 7026 89.49720670391065
 12 91.50837988826817
 5 93.51955307262574
 1 95.53072625698326
 3 97.54189944134077
 3 99.55307262569835
 14 101.5642458100559
 23 103.5754189944134
 41 105.586592178771
 18 107.5977653631285
 92 109.608938547486
 125 111.6201117318436
 133 113.6312849162011
 4 115.6424581005587
 182 117.6536312849162
 171 119.6648044692737
 86 121.6759776536313
 174 123.6871508379888
 159 125.6983240223464
 75 127.7094972067039
 148 129.7206703910614
 158 131.731843575419
 4 133.7430167597765
 93 135.7541899441341
 173 137.7653631284916
 74 139.7765363128492
 107 141.7877094972067
 455 143.7988826815642
 102 145.8100558659218
 174 147.8212290502793
 50 149.8324022346369
 104 151.8435754189944
 60 153.854748603352
 477 155.8659217877095
 50 157.8770949720671
 138 159.8882681564246
 54 161.8994413407821
 48 163.9106145251397
 24 165.9217877094972
 124 167.9329608938548
 223 169.9441340782123
 345 171.9553072625699
 2 173.9664804469274
 157 175.9776536312849
 3 177.9888268156425
 0 180


