# Created by Octave 3.8.2, Mon Jun 22 18:58:42 2020 CEST <damian@fptrucha.inv.usc.es>
# name: hd
# type: matrix
# rows: 180
# columns: 2
 4 -180
 199 -177.9888268156425
 4 -175.9776536312849
 356 -173.9664804469274
 242 -171.9553072625698
 167 -169.9441340782123
 33 -167.9329608938548
 40 -165.9217877094972
 66 -163.9106145251397
 183 -161.8994413407821
 42 -159.8882681564246
 671 -157.877094972067
 74 -155.8659217877095
 126 -153.854748603352
 46 -151.8435754189944
 86 -149.8324022346369
 257 -147.8212290502793
 587 -145.8100558659218
 157 -143.7988826815642
 112 -141.7877094972067
 211 -139.7765363128491
 123 -137.7653631284916
 3 -135.7541899441341
 178 -133.7430167597765
 191 -131.731843575419
 85 -129.7206703910614
 182 -127.7094972067039
 241 -125.6983240223464
 135 -123.6871508379888
 192 -121.6759776536313
 216 -119.6648044692737
 3 -117.6536312849162
 137 -115.6424581005587
 130 -113.6312849162011
 171 -111.6201117318436
 34 -109.608938547486
 48 -107.5977653631285
 29 -105.5865921787709
 23 -103.5754189944134
 6 -101.5642458100559
 1 -99.55307262569832
 3 -97.54189944134077
 5 -95.53072625698323
 1 -93.5195530726257
 8558 -91.50837988826815
 12 -89.49720670391061
 6 -87.48603351955308
 0 -85.47486033519553
 0 -83.46368715083798
 0 -81.45251396648044
 15 -79.44134078212289
 5 -77.43016759776536
 59 -75.41899441340782
 32 -73.40782122905027
 51 -71.39664804469274
 118 -69.38547486033519
 90 -67.37430167597765
 118 -65.3631284916201
 70 -63.35195530726256
 267 -61.34078212290503
 148 -59.32960893854748
 235 -57.31843575418993
 97 -55.3072625698324
 85 -53.29608938547486
 243 -51.28491620111731
 62 -49.27374301675977
 131 -47.26256983240222
 2 -45.25139664804468
 321 -43.24022346368713
 2 -41.22905027932961
 186 -39.21787709497207
 289 -37.20670391061452
 455 -35.19553072625698
 119 -33.18435754189943
 75 -31.17318435754188
 176 -29.16201117318434
 14 -27.15083798882682
 72 -25.13966480446928
 590 -23.12849162011173
 144 -21.11731843575419
 80 -19.10614525139664
 8 -17.09497206703909
 42 -15.08379888268155
 142 -13.072625698324
 18 -11.06145251396646
 602 -9.050279329608941
 5 -7.039106145251395
 121 -5.02793296089385
 19 -3.016759776536304
 5 -1.005586592178759
 26 1.005586592178787
 134 3.016759776536333
 4 5.02793296089385
 546 7.039106145251395
 6 9.050279329608941
 141 11.06145251396649
 58 13.07262569832403
 11 15.08379888268158
 57 17.09497206703912
 135 19.10614525139667
 619 21.11731843575421
 63 23.12849162011173
 70 25.13966480446928
 100 27.15083798882682
 47 29.16201117318437
 230 31.17318435754191
 336 33.18435754189946
 244 35.195530726257
 173 37.20670391061452
 44 39.21787709497207
 273 41.22905027932961
 0 43.24022346368716
 121 45.2513966480447
 68 47.26256983240225
 235 49.27374301675979
 85 51.28491620111734
 196 53.29608938547489
 84 55.3072625698324
 158 57.31843575418995
 272 59.32960893854749
 63 61.34078212290504
 133 63.35195530726259
 75 65.36312849162013
 123 67.37430167597768
 48 69.38547486033519
 31 71.39664804469274
 58 73.40782122905028
 8 75.41899441340783
 15 77.43016759776538
 2 79.44134078212289
 2 81.45251396648047
 3 83.46368715083798
 6 85.47486033519556
 12 87.48603351955308
 7712 89.49720670391065
 10 91.50837988826817
 2 93.51955307262574
 2 95.53072625698326
 0 97.54189944134077
 3 99.55307262569835
 19 101.5642458100559
 27 103.5754189944134
 43 105.586592178771
 20 107.5977653631285
 117 109.608938547486
 113 111.6201117318436
 113 113.6312849162011
 4 115.6424581005587
 197 117.6536312849162
 171 119.6648044692737
 99 121.6759776536313
 183 123.6871508379888
 175 125.6983240223464
 93 127.7094972067039
 168 129.7206703910614
 181 131.731843575419
 2 133.7430167597765
 126 135.7541899441341
 188 137.7653631284916
 93 139.7765363128492
 156 141.7877094972067
 495 143.7988826815642
 118 145.8100558659218
 225 147.8212290502793
 50 149.8324022346369
 150 151.8435754189944
 55 153.854748603352
 548 155.8659217877095
 49 157.8770949720671
 130 159.8882681564246
 53 161.8994413407821
 50 163.9106145251397
 22 165.9217877094972
 134 167.9329608938548
 223 169.9441340782123
 362 171.9553072625699
 7 173.9664804469274
 150 175.9776536312849
 5 177.9888268156425
 0 180


