# Created by Octave 3.8.2, Mon Jun 22 12:31:19 2020 CEST <damian@fptrucha.inv.usc.es>
# name: hd
# type: matrix
# rows: 180
# columns: 2
 8 -180
 177 -177.9888268156425
 4 -175.9776536312849
 379 -173.9664804469274
 236 -171.9553072625698
 150 -169.9441340782123
 27 -167.9329608938548
 49 -165.9217877094972
 53 -163.9106145251397
 167 -161.8994413407821
 32 -159.8882681564246
 579 -157.877094972067
 64 -155.8659217877095
 123 -153.854748603352
 38 -151.8435754189944
 69 -149.8324022346369
 239 -147.8212290502793
 596 -145.8100558659218
 145 -143.7988826815642
 82 -141.7877094972067
 168 -139.7765363128491
 108 -137.7653631284916
 6 -135.7541899441341
 149 -133.7430167597765
 162 -131.731843575419
 77 -129.7206703910614
 173 -127.7094972067039
 244 -125.6983240223464
 112 -123.6871508379888
 155 -121.6759776536313
 180 -119.6648044692737
 3 -117.6536312849162
 118 -115.6424581005587
 119 -113.6312849162011
 123 -111.6201117318436
 27 -109.608938547486
 38 -107.5977653631285
 22 -105.5865921787709
 9 -103.5754189944134
 4 -101.5642458100559
 1 -99.55307262569832
 1 -97.54189944134077
 2 -95.53072625698323
 7 -93.5195530726257
 8007 -91.50837988826815
 18 -89.49720670391061
 10 -87.48603351955308
 0 -85.47486033519553
 4 -83.46368715083798
 2 -81.45251396648044
 6 -79.44134078212289
 5 -77.43016759776536
 48 -75.41899441340782
 25 -73.40782122905027
 54 -71.39664804469274
 120 -69.38547486033519
 71 -67.37430167597765
 109 -65.3631284916201
 55 -63.35195530726256
 255 -61.34078212290503
 154 -59.32960893854748
 246 -57.31843575418993
 86 -55.3072625698324
 78 -53.29608938547486
 213 -51.28491620111731
 59 -49.27374301675977
 123 -47.26256983240222
 4 -45.25139664804468
 288 -43.24022346368713
 2 -41.22905027932961
 163 -39.21787709497207
 282 -37.20670391061452
 414 -35.19553072625698
 127 -33.18435754189943
 62 -31.17318435754188
 169 -29.16201117318434
 11 -27.15083798882682
 71 -25.13966480446928
 611 -23.12849162011173
 136 -21.11731843575419
 53 -19.10614525139664
 11 -17.09497206703909
 43 -15.08379888268155
 165 -13.072625698324
 14 -11.06145251396646
 541 -9.050279329608941
 1 -7.039106145251395
 122 -5.02793296089385
 26 -3.016759776536304
 2 -1.005586592178759
 18 1.005586592178787
 138 3.016759776536333
 4 5.02793296089385
 567 7.039106145251395
 6 9.050279329608941
 138 11.06145251396649
 43 13.07262569832403
 12 15.08379888268158
 56 17.09497206703912
 128 19.10614525139667
 537 21.11731843575421
 55 23.12849162011173
 85 25.13966480446928
 101 27.15083798882682
 59 29.16201117318437
 181 31.17318435754191
 310 33.18435754189946
 239 35.195530726257
 152 37.20670391061452
 42 39.21787709497207
 289 41.22905027932961
 1 43.24022346368716
 121 45.2513966480447
 65 47.26256983240225
 231 49.27374301675979
 82 51.28491620111734
 208 53.29608938547489
 79 55.3072625698324
 137 57.31843575418995
 262 59.32960893854749
 84 61.34078212290504
 130 63.35195530726259
 73 65.36312849162013
 112 67.37430167597768
 55 69.38547486033519
 37 71.39664804469274
 53 73.40782122905028
 6 75.41899441340783
 16 77.43016759776538
 3 79.44134078212289
 1 81.45251396648047
 0 83.46368715083798
 6 85.47486033519556
 8 87.48603351955308
 7680 89.49720670391065
 7 91.50837988826817
 3 93.51955307262574
 0 95.53072625698326
 2 97.54189944134077
 4 99.55307262569835
 19 101.5642458100559
 17 103.5754189944134
 50 105.586592178771
 20 107.5977653631285
 116 109.608938547486
 117 111.6201117318436
 150 113.6312849162011
 3 115.6424581005587
 223 117.6536312849162
 186 119.6648044692737
 105 121.6759776536313
 171 123.6871508379888
 177 125.6983240223464
 79 127.7094972067039
 159 129.7206703910614
 191 131.731843575419
 0 133.7430167597765
 113 135.7541899441341
 186 137.7653631284916
 104 139.7765363128492
 131 141.7877094972067
 495 143.7988826815642
 114 145.8100558659218
 184 147.8212290502793
 45 149.8324022346369
 122 151.8435754189944
 51 153.854748603352
 493 155.8659217877095
 40 157.8770949720671
 153 159.8882681564246
 77 161.8994413407821
 35 163.9106145251397
 21 165.9217877094972
 119 167.9329608938548
 200 169.9441340782123
 335 171.9553072625699
 5 173.9664804469274
 155 175.9776536312849
 5 177.9888268156425
 0 180


