# Created by Octave 3.8.2, Mon Jun 22 12:46:15 2020 CEST <damian@fptrucha.inv.usc.es>
# name: hd
# type: matrix
# rows: 180
# columns: 2
 3 -180
 195 -177.9888268156425
 5 -175.9776536312849
 396 -173.9664804469274
 234 -171.9553072625698
 138 -169.9441340782123
 31 -167.9329608938548
 34 -165.9217877094972
 60 -163.9106145251397
 138 -161.8994413407821
 50 -159.8882681564246
 563 -157.877094972067
 82 -155.8659217877095
 137 -153.854748603352
 50 -151.8435754189944
 66 -149.8324022346369
 221 -147.8212290502793
 575 -145.8100558659218
 156 -143.7988826815642
 97 -141.7877094972067
 167 -139.7765363128491
 120 -137.7653631284916
 4 -135.7541899441341
 175 -133.7430167597765
 179 -131.731843575419
 82 -129.7206703910614
 173 -127.7094972067039
 208 -125.6983240223464
 98 -123.6871508379888
 181 -121.6759776536313
 170 -119.6648044692737
 2 -117.6536312849162
 122 -115.6424581005587
 119 -113.6312849162011
 116 -111.6201117318436
 20 -109.608938547486
 44 -107.5977653631285
 19 -105.5865921787709
 9 -103.5754189944134
 1 -101.5642458100559
 2 -99.55307262569832
 0 -97.54189944134077
 6 -95.53072625698323
 7 -93.5195530726257
 8083 -91.50837988826815
 12 -89.49720670391061
 4 -87.48603351955308
 1 -85.47486033519553
 0 -83.46368715083798
 1 -81.45251396648044
 5 -79.44134078212289
 12 -77.43016759776536
 58 -75.41899441340782
 32 -73.40782122905027
 46 -71.39664804469274
 114 -69.38547486033519
 75 -67.37430167597765
 105 -65.3631284916201
 59 -63.35195530726256
 251 -61.34078212290503
 114 -59.32960893854748
 235 -57.31843575418993
 91 -55.3072625698324
 102 -53.29608938547486
 218 -51.28491620111731
 55 -49.27374301675977
 122 -47.26256983240222
 2 -45.25139664804468
 276 -43.24022346368713
 5 -41.22905027932961
 162 -39.21787709497207
 290 -37.20670391061452
 468 -35.19553072625698
 121 -33.18435754189943
 44 -31.17318435754188
 159 -29.16201117318434
 10 -27.15083798882682
 73 -25.13966480446928
 623 -23.12849162011173
 122 -21.11731843575419
 55 -19.10614525139664
 14 -17.09497206703909
 42 -15.08379888268155
 151 -13.072625698324
 8 -11.06145251396646
 577 -9.050279329608941
 2 -7.039106145251395
 127 -5.02793296089385
 23 -3.016759776536304
 3 -1.005586592178759
 17 1.005586592178787
 129 3.016759776536333
 1 5.02793296089385
 552 7.039106145251395
 13 9.050279329608941
 142 11.06145251396649
 33 13.07262569832403
 19 15.08379888268158
 35 17.09497206703912
 144 19.10614525139667
 528 21.11731843575421
 65 23.12849162011173
 86 25.13966480446928
 106 27.15083798882682
 68 29.16201117318437
 198 31.17318435754191
 365 33.18435754189946
 253 35.195530726257
 127 37.20670391061452
 39 39.21787709497207
 304 41.22905027932961
 0 43.24022346368716
 113 45.2513966480447
 61 47.26256983240225
 243 49.27374301675979
 91 51.28491620111734
 181 53.29608938547489
 90 55.3072625698324
 143 57.31843575418995
 241 59.32960893854749
 58 61.34078212290504
 122 63.35195530726259
 79 65.36312849162013
 114 67.37430167597768
 59 69.38547486033519
 26 71.39664804469274
 52 73.40782122905028
 13 75.41899441340783
 10 77.43016759776538
 1 79.44134078212289
 1 81.45251396648047
 4 83.46368715083798
 3 85.47486033519556
 16 87.48603351955308
 7699 89.49720670391065
 6 91.50837988826817
 3 93.51955307262574
 3 95.53072625698326
 1 97.54189944134077
 7 99.55307262569835
 16 101.5642458100559
 27 103.5754189944134
 56 105.586592178771
 20 107.5977653631285
 107 109.608938547486
 139 111.6201117318436
 134 113.6312849162011
 2 115.6424581005587
 190 117.6536312849162
 201 119.6648044692737
 90 121.6759776536313
 202 123.6871508379888
 199 125.6983240223464
 74 127.7094972067039
 178 129.7206703910614
 194 131.731843575419
 1 133.7430167597765
 118 135.7541899441341
 196 137.7653631284916
 108 139.7765363128492
 172 141.7877094972067
 534 143.7988826815642
 100 145.8100558659218
 204 147.8212290502793
 49 149.8324022346369
 139 151.8435754189944
 72 153.854748603352
 495 155.8659217877095
 35 157.8770949720671
 122 159.8882681564246
 63 161.8994413407821
 52 163.9106145251397
 19 165.9217877094972
 135 167.9329608938548
 216 169.9441340782123
 312 171.9553072625699
 5 173.9664804469274
 174 175.9776536312849
 4 177.9888268156425
 0 180


