# Created by Octave 3.8.2, Sun Jun 21 06:53:16 2020 CEST <damian@fptrucha.inv.usc.es>
# name: hd
# type: matrix
# rows: 180
# columns: 2
 3 -180
 161 -177.9888268156425
 3 -175.9776536312849
 329 -173.9664804469274
 233 -171.9553072625698
 148 -169.9441340782123
 41 -167.9329608938548
 39 -165.9217877094972
 48 -163.9106145251397
 163 -161.8994413407821
 38 -159.8882681564246
 567 -157.877094972067
 53 -155.8659217877095
 123 -153.854748603352
 33 -151.8435754189944
 70 -149.8324022346369
 212 -147.8212290502793
 614 -145.8100558659218
 120 -143.7988826815642
 88 -141.7877094972067
 141 -139.7765363128491
 90 -137.7653631284916
 4 -135.7541899441341
 148 -133.7430167597765
 157 -131.731843575419
 68 -129.7206703910614
 182 -127.7094972067039
 211 -125.6983240223464
 94 -123.6871508379888
 182 -121.6759776536313
 193 -119.6648044692737
 2 -117.6536312849162
 85 -115.6424581005587
 105 -113.6312849162011
 107 -111.6201117318436
 20 -109.608938547486
 24 -107.5977653631285
 25 -105.5865921787709
 7 -103.5754189944134
 2 -101.5642458100559
 1 -99.55307262569832
 1 -97.54189944134077
 3 -95.53072625698323
 8 -93.5195530726257
 7892 -91.50837988826815
 11 -89.49720670391061
 2 -87.48603351955308
 0 -85.47486033519553
 0 -83.46368715083798
 2 -81.45251396648044
 7 -79.44134078212289
 5 -77.43016759776536
 51 -75.41899441340782
 29 -73.40782122905027
 58 -71.39664804469274
 116 -69.38547486033519
 62 -67.37430167597765
 120 -65.3631284916201
 44 -63.35195530726256
 286 -61.34078212290503
 145 -59.32960893854748
 200 -57.31843575418993
 102 -55.3072625698324
 61 -53.29608938547486
 254 -51.28491620111731
 48 -49.27374301675977
 107 -47.26256983240222
 1 -45.25139664804468
 258 -43.24022346368713
 1 -41.22905027932961
 146 -39.21787709497207
 299 -37.20670391061452
 451 -35.19553072625698
 91 -33.18435754189943
 57 -31.17318435754188
 140 -29.16201117318434
 9 -27.15083798882682
 45 -25.13966480446928
 651 -23.12849162011173
 125 -21.11731843575419
 35 -19.10614525139664
 7 -17.09497206703909
 37 -15.08379888268155
 167 -13.072625698324
 5 -11.06145251396646
 512 -9.050279329608941
 3 -7.039106145251395
 108 -5.02793296089385
 15 -3.016759776536304
 2 -1.005586592178759
 19 1.005586592178787
 124 3.016759776536333
 3 5.02793296089385
 568 7.039106145251395
 9 9.050279329608941
 102 11.06145251396649
 43 13.07262569832403
 5 15.08379888268158
 67 17.09497206703912
 115 19.10614525139667
 531 21.11731843575421
 68 23.12849162011173
 79 25.13966480446928
 93 27.15083798882682
 60 29.16201117318437
 220 31.17318435754191
 323 33.18435754189946
 220 35.195530726257
 146 37.20670391061452
 28 39.21787709497207
 297 41.22905027932961
 0 43.24022346368716
 118 45.2513966480447
 52 47.26256983240225
 217 49.27374301675979
 74 51.28491620111734
 185 53.29608938547489
 73 55.3072625698324
 135 57.31843575418995
 237 59.32960893854749
 60 61.34078212290504
 93 63.35195530726259
 72 65.36312849162013
 91 67.37430167597768
 37 69.38547486033519
 26 71.39664804469274
 34 73.40782122905028
 7 75.41899441340783
 9 77.43016759776538
 0 79.44134078212289
 0 81.45251396648047
 0 83.46368715083798
 5 85.47486033519556
 11 87.48603351955308
 7429 89.49720670391065
 6 91.50837988826817
 1 93.51955307262574
 2 95.53072625698326
 0 97.54189944134077
 3 99.55307262569835
 10 101.5642458100559
 21 103.5754189944134
 38 105.586592178771
 20 107.5977653631285
 104 109.608938547486
 101 111.6201117318436
 115 113.6312849162011
 2 115.6424581005587
 189 117.6536312849162
 147 119.6648044692737
 70 121.6759776536313
 158 123.6871508379888
 160 125.6983240223464
 78 127.7094972067039
 145 129.7206703910614
 175 131.731843575419
 2 133.7430167597765
 126 135.7541899441341
 191 137.7653631284916
 98 139.7765363128492
 135 141.7877094972067
 425 143.7988826815642
 115 145.8100558659218
 203 147.8212290502793
 45 149.8324022346369
 150 151.8435754189944
 54 153.854748603352
 433 155.8659217877095
 55 157.8770949720671
 136 159.8882681564246
 61 161.8994413407821
 48 163.9106145251397
 13 165.9217877094972
 109 167.9329608938548
 208 169.9441340782123
 315 171.9553072625699
 1 173.9664804469274
 138 175.9776536312849
 2 177.9888268156425
 0 180


