# Created by Octave 3.8.2, Mon Jun 22 15:16:11 2020 CEST <damian@fptrucha.inv.usc.es>
# name: hd
# type: matrix
# rows: 180
# columns: 2
 4 -180
 198 -177.9888268156425
 1 -175.9776536312849
 432 -173.9664804469274
 256 -171.9553072625698
 133 -169.9441340782123
 28 -167.9329608938548
 48 -165.9217877094972
 50 -163.9106145251397
 171 -161.8994413407821
 44 -159.8882681564246
 631 -157.877094972067
 71 -155.8659217877095
 141 -153.854748603352
 46 -151.8435754189944
 81 -149.8324022346369
 214 -147.8212290502793
 650 -145.8100558659218
 121 -143.7988826815642
 103 -141.7877094972067
 183 -139.7765363128491
 109 -137.7653631284916
 3 -135.7541899441341
 169 -133.7430167597765
 178 -131.731843575419
 92 -129.7206703910614
 177 -127.7094972067039
 231 -125.6983240223464
 96 -123.6871508379888
 197 -121.6759776536313
 208 -119.6648044692737
 6 -117.6536312849162
 118 -115.6424581005587
 126 -113.6312849162011
 126 -111.6201117318436
 17 -109.608938547486
 44 -107.5977653631285
 18 -105.5865921787709
 21 -103.5754189944134
 0 -101.5642458100559
 4 -99.55307262569832
 4 -97.54189944134077
 2 -95.53072625698323
 9 -93.5195530726257
 8147 -91.50837988826815
 17 -89.49720670391061
 3 -87.48603351955308
 0 -85.47486033519553
 0 -83.46368715083798
 2 -81.45251396648044
 6 -79.44134078212289
 9 -77.43016759776536
 57 -75.41899441340782
 21 -73.40782122905027
 35 -71.39664804469274
 117 -69.38547486033519
 68 -67.37430167597765
 115 -65.3631284916201
 57 -63.35195530726256
 290 -61.34078212290503
 156 -59.32960893854748
 219 -57.31843575418993
 98 -55.3072625698324
 82 -53.29608938547486
 239 -51.28491620111731
 79 -49.27374301675977
 108 -47.26256983240222
 1 -45.25139664804468
 291 -43.24022346368713
 1 -41.22905027932961
 171 -39.21787709497207
 293 -37.20670391061452
 478 -35.19553072625698
 127 -33.18435754189943
 49 -31.17318435754188
 173 -29.16201117318434
 8 -27.15083798882682
 68 -25.13966480446928
 607 -23.12849162011173
 154 -21.11731843575419
 73 -19.10614525139664
 7 -17.09497206703909
 37 -15.08379888268155
 170 -13.072625698324
 9 -11.06145251396646
 576 -9.050279329608941
 1 -7.039106145251395
 143 -5.02793296089385
 20 -3.016759776536304
 4 -1.005586592178759
 21 1.005586592178787
 134 3.016759776536333
 0 5.02793296089385
 552 7.039106145251395
 8 9.050279329608941
 116 11.06145251396649
 38 13.07262569832403
 12 15.08379888268158
 67 17.09497206703912
 130 19.10614525139667
 541 21.11731843575421
 70 23.12849162011173
 82 25.13966480446928
 96 27.15083798882682
 57 29.16201117318437
 219 31.17318435754191
 367 33.18435754189946
 257 35.195530726257
 161 37.20670391061452
 36 39.21787709497207
 302 41.22905027932961
 2 43.24022346368716
 116 45.2513966480447
 61 47.26256983240225
 244 49.27374301675979
 76 51.28491620111734
 209 53.29608938547489
 89 55.3072625698324
 147 57.31843575418995
 300 59.32960893854749
 63 61.34078212290504
 129 63.35195530726259
 82 65.36312849162013
 130 67.37430167597768
 52 69.38547486033519
 38 71.39664804469274
 67 73.40782122905028
 10 75.41899441340783
 13 77.43016759776538
 2 79.44134078212289
 2 81.45251396648047
 1 83.46368715083798
 5 85.47486033519556
 11 87.48603351955308
 7871 89.49720670391065
 11 91.50837988826817
 10 93.51955307262574
 3 95.53072625698326
 0 97.54189944134077
 3 99.55307262569835
 17 101.5642458100559
 17 103.5754189944134
 41 105.586592178771
 21 107.5977653631285
 158 109.608938547486
 122 111.6201117318436
 130 113.6312849162011
 4 115.6424581005587
 222 117.6536312849162
 198 119.6648044692737
 116 121.6759776536313
 192 123.6871508379888
 186 125.6983240223464
 82 127.7094972067039
 175 129.7206703910614
 210 131.731843575419
 1 133.7430167597765
 131 135.7541899441341
 160 137.7653631284916
 107 139.7765363128492
 153 141.7877094972067
 533 143.7988826815642
 131 145.8100558659218
 214 147.8212290502793
 47 149.8324022346369
 132 151.8435754189944
 61 153.854748603352
 514 155.8659217877095
 51 157.8770949720671
 158 159.8882681564246
 84 161.8994413407821
 58 163.9106145251397
 23 165.9217877094972
 124 167.9329608938548
 212 169.9441340782123
 359 171.9553072625699
 8 173.9664804469274
 158 175.9776536312849
 6 177.9888268156425
 0 180


