# Created by Octave 3.8.2, Sat Jun 20 11:55:35 2020 CEST <damian@fptrucha.inv.usc.es>
# name: hd
# type: matrix
# rows: 180
# columns: 2
 5 -180
 161 -177.9888268156425
 3 -175.9776536312849
 406 -173.9664804469274
 222 -171.9553072625698
 165 -169.9441340782123
 24 -167.9329608938548
 40 -165.9217877094972
 67 -163.9106145251397
 161 -161.8994413407821
 44 -159.8882681564246
 715 -157.877094972067
 76 -155.8659217877095
 134 -153.854748603352
 46 -151.8435754189944
 74 -149.8324022346369
 237 -147.8212290502793
 669 -145.8100558659218
 138 -143.7988826815642
 99 -141.7877094972067
 179 -139.7765363128491
 112 -137.7653631284916
 5 -135.7541899441341
 157 -133.7430167597765
 167 -131.731843575419
 79 -129.7206703910614
 195 -127.7094972067039
 219 -125.6983240223464
 109 -123.6871508379888
 243 -121.6759776536313
 188 -119.6648044692737
 5 -117.6536312849162
 110 -115.6424581005587
 143 -113.6312849162011
 137 -111.6201117318436
 16 -109.608938547486
 30 -107.5977653631285
 21 -105.5865921787709
 12 -103.5754189944134
 3 -101.5642458100559
 1 -99.55307262569832
 3 -97.54189944134077
 2 -95.53072625698323
 11 -93.5195530726257
 8713 -91.50837988826815
 15 -89.49720670391061
 3 -87.48603351955308
 1 -85.47486033519553
 0 -83.46368715083798
 3 -81.45251396648044
 8 -79.44134078212289
 4 -77.43016759776536
 55 -75.41899441340782
 22 -73.40782122905027
 60 -71.39664804469274
 115 -69.38547486033519
 77 -67.37430167597765
 106 -65.3631284916201
 45 -63.35195530726256
 291 -61.34078212290503
 166 -59.32960893854748
 242 -57.31843575418993
 94 -55.3072625698324
 83 -53.29608938547486
 241 -51.28491620111731
 50 -49.27374301675977
 108 -47.26256983240222
 2 -45.25139664804468
 278 -43.24022346368713
 5 -41.22905027932961
 157 -39.21787709497207
 318 -37.20670391061452
 499 -35.19553072625698
 125 -33.18435754189943
 66 -31.17318435754188
 131 -29.16201117318434
 6 -27.15083798882682
 67 -25.13966480446928
 742 -23.12849162011173
 175 -21.11731843575419
 55 -19.10614525139664
 10 -17.09497206703909
 45 -15.08379888268155
 163 -13.072625698324
 4 -11.06145251396646
 653 -9.050279329608941
 5 -7.039106145251395
 149 -5.02793296089385
 18 -3.016759776536304
 2 -1.005586592178759
 29 1.005586592178787
 152 3.016759776536333
 0 5.02793296089385
 572 7.039106145251395
 14 9.050279329608941
 123 11.06145251396649
 43 13.07262569832403
 10 15.08379888268158
 61 17.09497206703912
 139 19.10614525139667
 562 21.11731843575421
 63 23.12849162011173
 109 25.13966480446928
 131 27.15083798882682
 69 29.16201117318437
 239 31.17318435754191
 347 33.18435754189946
 276 35.195530726257
 180 37.20670391061452
 38 39.21787709497207
 313 41.22905027932961
 2 43.24022346368716
 128 45.2513966480447
 73 47.26256983240225
 238 49.27374301675979
 92 51.28491620111734
 225 53.29608938547489
 95 55.3072625698324
 153 57.31843575418995
 275 59.32960893854749
 64 61.34078212290504
 126 63.35195530726259
 90 65.36312849162013
 107 67.37430167597768
 53 69.38547486033519
 39 71.39664804469274
 55 73.40782122905028
 6 75.41899441340783
 10 77.43016759776538
 3 79.44134078212289
 0 81.45251396648047
 2 83.46368715083798
 0 85.47486033519556
 7 87.48603351955308
 8476 89.49720670391065
 9 91.50837988826817
 2 93.51955307262574
 1 95.53072625698326
 2 97.54189944134077
 6 99.55307262569835
 15 101.5642458100559
 15 103.5754189944134
 39 105.586592178771
 27 107.5977653631285
 128 109.608938547486
 150 111.6201117318436
 167 113.6312849162011
 4 115.6424581005587
 262 117.6536312849162
 170 119.6648044692737
 96 121.6759776536313
 187 123.6871508379888
 182 125.6983240223464
 97 127.7094972067039
 182 129.7206703910614
 191 131.731843575419
 4 133.7430167597765
 137 135.7541899441341
 216 137.7653631284916
 129 139.7765363128492
 175 141.7877094972067
 557 143.7988826815642
 145 145.8100558659218
 219 147.8212290502793
 56 149.8324022346369
 182 151.8435754189944
 75 153.854748603352
 531 155.8659217877095
 69 157.8770949720671
 128 159.8882681564246
 75 161.8994413407821
 56 163.9106145251397
 16 165.9217877094972
 134 167.9329608938548
 233 169.9441340782123
 393 171.9553072625699
 3 173.9664804469274
 155 175.9776536312849
 2 177.9888268156425
 0 180


