# Created by Octave 3.8.2, Sat Jun 20 18:25:32 2020 CEST <damian@fptrucha.inv.usc.es>
# name: hd
# type: matrix
# rows: 180
# columns: 2
 0 -180
 156 -177.9888268156425
 4 -175.9776536312849
 375 -173.9664804469274
 225 -171.9553072625698
 164 -169.9441340782123
 36 -167.9329608938548
 37 -165.9217877094972
 51 -163.9106145251397
 150 -161.8994413407821
 38 -159.8882681564246
 645 -157.877094972067
 59 -155.8659217877095
 99 -153.854748603352
 43 -151.8435754189944
 62 -149.8324022346369
 214 -147.8212290502793
 612 -145.8100558659218
 120 -143.7988826815642
 86 -141.7877094972067
 146 -139.7765363128491
 97 -137.7653631284916
 3 -135.7541899441341
 170 -133.7430167597765
 162 -131.731843575419
 88 -129.7206703910614
 171 -127.7094972067039
 203 -125.6983240223464
 88 -123.6871508379888
 190 -121.6759776536313
 166 -119.6648044692737
 6 -117.6536312849162
 92 -115.6424581005587
 115 -113.6312849162011
 86 -111.6201117318436
 19 -109.608938547486
 24 -107.5977653631285
 22 -105.5865921787709
 11 -103.5754189944134
 1 -101.5642458100559
 1 -99.55307262569832
 2 -97.54189944134077
 1 -95.53072625698323
 3 -93.5195530726257
 8135 -91.50837988826815
 9 -89.49720670391061
 2 -87.48603351955308
 1 -85.47486033519553
 0 -83.46368715083798
 0 -81.45251396648044
 3 -79.44134078212289
 5 -77.43016759776536
 49 -75.41899441340782
 28 -73.40782122905027
 32 -71.39664804469274
 121 -69.38547486033519
 73 -67.37430167597765
 104 -65.3631284916201
 48 -63.35195530726256
 239 -61.34078212290503
 144 -59.32960893854748
 202 -57.31843575418993
 84 -55.3072625698324
 75 -53.29608938547486
 212 -51.28491620111731
 53 -49.27374301675977
 104 -47.26256983240222
 3 -45.25139664804468
 277 -43.24022346368713
 1 -41.22905027932961
 148 -39.21787709497207
 300 -37.20670391061452
 446 -35.19553072625698
 104 -33.18435754189943
 53 -31.17318435754188
 141 -29.16201117318434
 7 -27.15083798882682
 53 -25.13966480446928
 603 -23.12849162011173
 144 -21.11731843575419
 46 -19.10614525139664
 12 -17.09497206703909
 42 -15.08379888268155
 203 -13.072625698324
 10 -11.06145251396646
 598 -9.050279329608941
 2 -7.039106145251395
 118 -5.02793296089385
 16 -3.016759776536304
 4 -1.005586592178759
 14 1.005586592178787
 107 3.016759776536333
 0 5.02793296089385
 484 7.039106145251395
 4 9.050279329608941
 118 11.06145251396649
 43 13.07262569832403
 12 15.08379888268158
 53 17.09497206703912
 115 19.10614525139667
 529 21.11731843575421
 47 23.12849162011173
 102 25.13966480446928
 101 27.15083798882682
 46 29.16201117318437
 222 31.17318435754191
 317 33.18435754189946
 228 35.195530726257
 158 37.20670391061452
 30 39.21787709497207
 275 41.22905027932961
 1 43.24022346368716
 116 45.2513966480447
 59 47.26256983240225
 226 49.27374301675979
 101 51.28491620111734
 171 53.29608938547489
 88 55.3072625698324
 118 57.31843575418995
 269 59.32960893854749
 64 61.34078212290504
 114 63.35195530726259
 65 65.36312849162013
 110 67.37430167597768
 41 69.38547486033519
 19 71.39664804469274
 44 73.40782122905028
 8 75.41899441340783
 8 77.43016759776538
 3 79.44134078212289
 0 81.45251396648047
 2 83.46368715083798
 4 85.47486033519556
 7 87.48603351955308
 7812 89.49720670391065
 7 91.50837988826817
 0 93.51955307262574
 0 95.53072625698326
 0 97.54189944134077
 3 99.55307262569835
 10 101.5642458100559
 20 103.5754189944134
 35 105.586592178771
 15 107.5977653631285
 95 109.608938547486
 96 111.6201117318436
 115 113.6312849162011
 5 115.6424581005587
 209 117.6536312849162
 172 119.6648044692737
 106 121.6759776536313
 192 123.6871508379888
 178 125.6983240223464
 96 127.7094972067039
 179 129.7206703910614
 181 131.731843575419
 2 133.7430167597765
 111 135.7541899441341
 170 137.7653631284916
 100 139.7765363128492
 107 141.7877094972067
 453 143.7988826815642
 109 145.8100558659218
 214 147.8212290502793
 44 149.8324022346369
 164 151.8435754189944
 53 153.854748603352
 451 155.8659217877095
 51 157.8770949720671
 124 159.8882681564246
 72 161.8994413407821
 48 163.9106145251397
 15 165.9217877094972
 122 167.9329608938548
 221 169.9441340782123
 345 171.9553072625699
 4 173.9664804469274
 150 175.9776536312849
 4 177.9888268156425
 0 180


