# Created by Octave 3.8.2, Sun Jun 21 02:14:06 2020 CEST <damian@fptrucha.inv.usc.es>
# name: hd
# type: matrix
# rows: 180
# columns: 2
 5 -180
 156 -177.9888268156425
 3 -175.9776536312849
 369 -173.9664804469274
 232 -171.9553072625698
 156 -169.9441340782123
 29 -167.9329608938548
 44 -165.9217877094972
 54 -163.9106145251397
 159 -161.8994413407821
 37 -159.8882681564246
 635 -157.877094972067
 66 -155.8659217877095
 124 -153.854748603352
 40 -151.8435754189944
 55 -149.8324022346369
 210 -147.8212290502793
 613 -145.8100558659218
 118 -143.7988826815642
 77 -141.7877094972067
 165 -139.7765363128491
 112 -137.7653631284916
 3 -135.7541899441341
 162 -133.7430167597765
 146 -131.731843575419
 63 -129.7206703910614
 172 -127.7094972067039
 210 -125.6983240223464
 103 -123.6871508379888
 189 -121.6759776536313
 184 -119.6648044692737
 1 -117.6536312849162
 124 -115.6424581005587
 120 -113.6312849162011
 113 -111.6201117318436
 19 -109.608938547486
 41 -107.5977653631285
 26 -105.5865921787709
 8 -103.5754189944134
 3 -101.5642458100559
 1 -99.55307262569832
 1 -97.54189944134077
 4 -95.53072625698323
 9 -93.5195530726257
 8006 -91.50837988826815
 10 -89.49720670391061
 2 -87.48603351955308
 2 -85.47486033519553
 1 -83.46368715083798
 1 -81.45251396648044
 5 -79.44134078212289
 10 -77.43016759776536
 50 -75.41899441340782
 30 -73.40782122905027
 44 -71.39664804469274
 122 -69.38547486033519
 69 -67.37430167597765
 106 -65.3631284916201
 64 -63.35195530726256
 259 -61.34078212290503
 159 -59.32960893854748
 215 -57.31843575418993
 90 -55.3072625698324
 74 -53.29608938547486
 214 -51.28491620111731
 49 -49.27374301675977
 96 -47.26256983240222
 3 -45.25139664804468
 293 -43.24022346368713
 1 -41.22905027932961
 140 -39.21787709497207
 305 -37.20670391061452
 451 -35.19553072625698
 96 -33.18435754189943
 52 -31.17318435754188
 112 -29.16201117318434
 11 -27.15083798882682
 53 -25.13966480446928
 624 -23.12849162011173
 146 -21.11731843575419
 46 -19.10614525139664
 10 -17.09497206703909
 33 -15.08379888268155
 153 -13.072625698324
 9 -11.06145251396646
 563 -9.050279329608941
 2 -7.039106145251395
 126 -5.02793296089385
 19 -3.016759776536304
 3 -1.005586592178759
 17 1.005586592178787
 140 3.016759776536333
 2 5.02793296089385
 515 7.039106145251395
 5 9.050279329608941
 119 11.06145251396649
 39 13.07262569832403
 8 15.08379888268158
 46 17.09497206703912
 109 19.10614525139667
 498 21.11731843575421
 54 23.12849162011173
 91 25.13966480446928
 103 27.15083798882682
 55 29.16201117318437
 198 31.17318435754191
 281 33.18435754189946
 262 35.195530726257
 165 37.20670391061452
 48 39.21787709497207
 277 41.22905027932961
 2 43.24022346368716
 122 45.2513966480447
 52 47.26256983240225
 194 49.27374301675979
 81 51.28491620111734
 181 53.29608938547489
 73 55.3072625698324
 143 57.31843575418995
 267 59.32960893854749
 68 61.34078212290504
 105 63.35195530726259
 63 65.36312849162013
 95 67.37430167597768
 52 69.38547486033519
 29 71.39664804469274
 42 73.40782122905028
 3 75.41899441340783
 9 77.43016759776538
 2 79.44134078212289
 0 81.45251396648047
 2 83.46368715083798
 2 85.47486033519556
 5 87.48603351955308
 7447 89.49720670391065
 7 91.50837988826817
 1 93.51955307262574
 1 95.53072625698326
 2 97.54189944134077
 2 99.55307262569835
 10 101.5642458100559
 18 103.5754189944134
 45 105.586592178771
 15 107.5977653631285
 115 109.608938547486
 101 111.6201117318436
 140 113.6312849162011
 2 115.6424581005587
 189 117.6536312849162
 184 119.6648044692737
 92 121.6759776536313
 161 123.6871508379888
 180 125.6983240223464
 69 127.7094972067039
 159 129.7206703910614
 154 131.731843575419
 2 133.7430167597765
 106 135.7541899441341
 172 137.7653631284916
 115 139.7765363128492
 141 141.7877094972067
 439 143.7988826815642
 122 145.8100558659218
 176 147.8212290502793
 40 149.8324022346369
 151 151.8435754189944
 66 153.854748603352
 481 155.8659217877095
 42 157.8770949720671
 136 159.8882681564246
 83 161.8994413407821
 50 163.9106145251397
 15 165.9217877094972
 106 167.9329608938548
 239 169.9441340782123
 328 171.9553072625699
 2 173.9664804469274
 147 175.9776536312849
 6 177.9888268156425
 0 180


