# Created by Octave 3.8.2, Mon Jun 22 06:18:51 2020 CEST <damian@fptrucha.inv.usc.es>
# name: hd
# type: matrix
# rows: 180
# columns: 2
 4 -180
 147 -177.9888268156425
 2 -175.9776536312849
 346 -173.9664804469274
 214 -171.9553072625698
 107 -169.9441340782123
 38 -167.9329608938548
 39 -165.9217877094972
 65 -163.9106145251397
 144 -161.8994413407821
 36 -159.8882681564246
 458 -157.877094972067
 59 -155.8659217877095
 116 -153.854748603352
 40 -151.8435754189944
 78 -149.8324022346369
 202 -147.8212290502793
 506 -145.8100558659218
 122 -143.7988826815642
 84 -141.7877094972067
 160 -139.7765363128491
 111 -137.7653631284916
 2 -135.7541899441341
 161 -133.7430167597765
 153 -131.731843575419
 64 -129.7206703910614
 169 -127.7094972067039
 175 -125.6983240223464
 92 -123.6871508379888
 176 -121.6759776536313
 173 -119.6648044692737
 6 -117.6536312849162
 107 -115.6424581005587
 124 -113.6312849162011
 114 -111.6201117318436
 28 -109.608938547486
 33 -107.5977653631285
 16 -105.5865921787709
 13 -103.5754189944134
 5 -101.5642458100559
 1 -99.55307262569832
 4 -97.54189944134077
 3 -95.53072625698323
 6 -93.5195530726257
 7395 -91.50837988826815
 15 -89.49720670391061
 6 -87.48603351955308
 2 -85.47486033519553
 0 -83.46368715083798
 7 -81.45251396648044
 4 -79.44134078212289
 13 -77.43016759776536
 58 -75.41899441340782
 25 -73.40782122905027
 31 -71.39664804469274
 93 -69.38547486033519
 68 -67.37430167597765
 119 -65.3631284916201
 60 -63.35195530726256
 246 -61.34078212290503
 116 -59.32960893854748
 197 -57.31843575418993
 84 -55.3072625698324
 75 -53.29608938547486
 233 -51.28491620111731
 68 -49.27374301675977
 118 -47.26256983240222
 3 -45.25139664804468
 290 -43.24022346368713
 2 -41.22905027932961
 139 -39.21787709497207
 253 -37.20670391061452
 406 -35.19553072625698
 104 -33.18435754189943
 49 -31.17318435754188
 142 -29.16201117318434
 8 -27.15083798882682
 64 -25.13966480446928
 537 -23.12849162011173
 120 -21.11731843575419
 62 -19.10614525139664
 14 -17.09497206703909
 37 -15.08379888268155
 140 -13.072625698324
 6 -11.06145251396646
 588 -9.050279329608941
 5 -7.039106145251395
 140 -5.02793296089385
 29 -3.016759776536304
 5 -1.005586592178759
 24 1.005586592178787
 137 3.016759776536333
 2 5.02793296089385
 517 7.039106145251395
 16 9.050279329608941
 138 11.06145251396649
 45 13.07262569832403
 18 15.08379888268158
 52 17.09497206703912
 133 19.10614525139667
 542 21.11731843575421
 65 23.12849162011173
 84 25.13966480446928
 79 27.15083798882682
 70 29.16201117318437
 202 31.17318435754191
 291 33.18435754189946
 258 35.195530726257
 116 37.20670391061452
 38 39.21787709497207
 275 41.22905027932961
 1 43.24022346368716
 117 45.2513966480447
 57 47.26256983240225
 213 49.27374301675979
 62 51.28491620111734
 207 53.29608938547489
 90 55.3072625698324
 130 57.31843575418995
 247 59.32960893854749
 43 61.34078212290504
 117 63.35195530726259
 73 65.36312849162013
 104 67.37430167597768
 39 69.38547486033519
 28 71.39664804469274
 38 73.40782122905028
 10 75.41899441340783
 8 77.43016759776538
 1 79.44134078212289
 0 81.45251396648047
 4 83.46368715083798
 5 85.47486033519556
 18 87.48603351955308
 7129 89.49720670391065
 8 91.50837988826817
 6 93.51955307262574
 1 95.53072625698326
 1 97.54189944134077
 7 99.55307262569835
 14 101.5642458100559
 18 103.5754189944134
 34 105.586592178771
 17 107.5977653631285
 104 109.608938547486
 111 111.6201117318436
 112 113.6312849162011
 3 115.6424581005587
 198 117.6536312849162
 166 119.6648044692737
 82 121.6759776536313
 154 123.6871508379888
 175 125.6983240223464
 76 127.7094972067039
 163 129.7206703910614
 191 131.731843575419
 4 133.7430167597765
 119 135.7541899441341
 152 137.7653631284916
 100 139.7765363128492
 115 141.7877094972067
 453 143.7988826815642
 103 145.8100558659218
 184 147.8212290502793
 49 149.8324022346369
 126 151.8435754189944
 64 153.854748603352
 463 155.8659217877095
 39 157.8770949720671
 133 159.8882681564246
 66 161.8994413407821
 49 163.9106145251397
 25 165.9217877094972
 151 167.9329608938548
 207 169.9441340782123
 322 171.9553072625699
 3 173.9664804469274
 169 175.9776536312849
 3 177.9888268156425
 0 180


