# Created by Octave 3.8.2, Sun Jun 21 05:34:58 2020 CEST <damian@fptrucha.inv.usc.es>
# name: hd
# type: matrix
# rows: 180
# columns: 2
 4 -180
 159 -177.9888268156425
 3 -175.9776536312849
 350 -173.9664804469274
 237 -171.9553072625698
 169 -169.9441340782123
 28 -167.9329608938548
 40 -165.9217877094972
 40 -163.9106145251397
 171 -161.8994413407821
 27 -159.8882681564246
 573 -157.877094972067
 54 -155.8659217877095
 113 -153.854748603352
 46 -151.8435754189944
 71 -149.8324022346369
 205 -147.8212290502793
 612 -145.8100558659218
 132 -143.7988826815642
 89 -141.7877094972067
 163 -139.7765363128491
 99 -137.7653631284916
 3 -135.7541899441341
 142 -133.7430167597765
 150 -131.731843575419
 65 -129.7206703910614
 178 -127.7094972067039
 220 -125.6983240223464
 90 -123.6871508379888
 171 -121.6759776536313
 193 -119.6648044692737
 3 -117.6536312849162
 104 -115.6424581005587
 97 -113.6312849162011
 130 -111.6201117318436
 21 -109.608938547486
 37 -107.5977653631285
 25 -105.5865921787709
 14 -103.5754189944134
 2 -101.5642458100559
 0 -99.55307262569832
 0 -97.54189944134077
 1 -95.53072625698323
 3 -93.5195530726257
 7958 -91.50837988826815
 13 -89.49720670391061
 3 -87.48603351955308
 1 -85.47486033519553
 0 -83.46368715083798
 2 -81.45251396648044
 8 -79.44134078212289
 7 -77.43016759776536
 50 -75.41899441340782
 26 -73.40782122905027
 60 -71.39664804469274
 92 -69.38547486033519
 93 -67.37430167597765
 84 -65.3631284916201
 39 -63.35195530726256
 260 -61.34078212290503
 163 -59.32960893854748
 216 -57.31843575418993
 96 -55.3072625698324
 86 -53.29608938547486
 222 -51.28491620111731
 45 -49.27374301675977
 91 -47.26256983240222
 3 -45.25139664804468
 273 -43.24022346368713
 2 -41.22905027932961
 166 -39.21787709497207
 351 -37.20670391061452
 461 -35.19553072625698
 107 -33.18435754189943
 62 -31.17318435754188
 151 -29.16201117318434
 15 -27.15083798882682
 53 -25.13966480446928
 595 -23.12849162011173
 147 -21.11731843575419
 50 -19.10614525139664
 8 -17.09497206703909
 41 -15.08379888268155
 158 -13.072625698324
 6 -11.06145251396646
 568 -9.050279329608941
 3 -7.039106145251395
 145 -5.02793296089385
 15 -3.016759776536304
 5 -1.005586592178759
 21 1.005586592178787
 109 3.016759776536333
 5 5.02793296089385
 520 7.039106145251395
 10 9.050279329608941
 115 11.06145251396649
 41 13.07262569832403
 6 15.08379888268158
 54 17.09497206703912
 117 19.10614525139667
 535 21.11731843575421
 63 23.12849162011173
 83 25.13966480446928
 110 27.15083798882682
 54 29.16201117318437
 221 31.17318435754191
 271 33.18435754189946
 225 35.195530726257
 140 37.20670391061452
 39 39.21787709497207
 279 41.22905027932961
 2 43.24022346368716
 114 45.2513966480447
 63 47.26256983240225
 216 49.27374301675979
 86 51.28491620111734
 192 53.29608938547489
 76 55.3072625698324
 128 57.31843575418995
 240 59.32960893854749
 64 61.34078212290504
 121 63.35195530726259
 72 65.36312849162013
 104 67.37430167597768
 59 69.38547486033519
 24 71.39664804469274
 38 73.40782122905028
 7 75.41899441340783
 10 77.43016759776538
 2 79.44134078212289
 1 81.45251396648047
 1 83.46368715083798
 5 85.47486033519556
 9 87.48603351955308
 7440 89.49720670391065
 4 91.50837988826817
 2 93.51955307262574
 1 95.53072625698326
 2 97.54189944134077
 3 99.55307262569835
 7 101.5642458100559
 17 103.5754189944134
 37 105.586592178771
 19 107.5977653631285
 107 109.608938547486
 115 111.6201117318436
 116 113.6312849162011
 1 115.6424581005587
 197 117.6536312849162
 156 119.6648044692737
 77 121.6759776536313
 150 123.6871508379888
 170 125.6983240223464
 81 127.7094972067039
 152 129.7206703910614
 177 131.731843575419
 0 133.7430167597765
 122 135.7541899441341
 184 137.7653631284916
 95 139.7765363128492
 134 141.7877094972067
 454 143.7988826815642
 105 145.8100558659218
 190 147.8212290502793
 35 149.8324022346369
 155 151.8435754189944
 54 153.854748603352
 452 155.8659217877095
 40 157.8770949720671
 112 159.8882681564246
 73 161.8994413407821
 41 163.9106145251397
 18 165.9217877094972
 112 167.9329608938548
 218 169.9441340782123
 309 171.9553072625699
 2 173.9664804469274
 135 175.9776536312849
 4 177.9888268156425
 0 180


