# Created by Octave 3.8.2, Sun Jun 21 05:13:01 2020 CEST <damian@fptrucha.inv.usc.es>
# name: hd
# type: matrix
# rows: 180
# columns: 2
 5 -180
 171 -177.9888268156425
 4 -175.9776536312849
 357 -173.9664804469274
 211 -171.9553072625698
 143 -169.9441340782123
 32 -167.9329608938548
 31 -165.9217877094972
 61 -163.9106145251397
 158 -161.8994413407821
 44 -159.8882681564246
 625 -157.877094972067
 56 -155.8659217877095
 118 -153.854748603352
 35 -151.8435754189944
 60 -149.8324022346369
 215 -147.8212290502793
 633 -145.8100558659218
 113 -143.7988826815642
 90 -141.7877094972067
 163 -139.7765363128491
 93 -137.7653631284916
 1 -135.7541899441341
 154 -133.7430167597765
 147 -131.731843575419
 69 -129.7206703910614
 163 -127.7094972067039
 189 -125.6983240223464
 110 -123.6871508379888
 180 -121.6759776536313
 183 -119.6648044692737
 4 -117.6536312849162
 99 -115.6424581005587
 105 -113.6312849162011
 125 -111.6201117318436
 18 -109.608938547486
 34 -107.5977653631285
 19 -105.5865921787709
 7 -103.5754189944134
 5 -101.5642458100559
 0 -99.55307262569832
 0 -97.54189944134077
 3 -95.53072625698323
 4 -93.5195530726257
 8064 -91.50837988826815
 12 -89.49720670391061
 4 -87.48603351955308
 1 -85.47486033519553
 0 -83.46368715083798
 0 -81.45251396648044
 4 -79.44134078212289
 4 -77.43016759776536
 56 -75.41899441340782
 19 -73.40782122905027
 53 -71.39664804469274
 107 -69.38547486033519
 65 -67.37430167597765
 98 -65.3631284916201
 64 -63.35195530726256
 280 -61.34078212290503
 174 -59.32960893854748
 216 -57.31843575418993
 92 -55.3072625698324
 63 -53.29608938547486
 210 -51.28491620111731
 44 -49.27374301675977
 105 -47.26256983240222
 1 -45.25139664804468
 248 -43.24022346368713
 0 -41.22905027932961
 142 -39.21787709497207
 297 -37.20670391061452
 425 -35.19553072625698
 108 -33.18435754189943
 56 -31.17318435754188
 148 -29.16201117318434
 11 -27.15083798882682
 62 -25.13966480446928
 624 -23.12849162011173
 162 -21.11731843575419
 55 -19.10614525139664
 5 -17.09497206703909
 30 -15.08379888268155
 151 -13.072625698324
 8 -11.06145251396646
 490 -9.050279329608941
 2 -7.039106145251395
 104 -5.02793296089385
 18 -3.016759776536304
 2 -1.005586592178759
 13 1.005586592178787
 118 3.016759776536333
 1 5.02793296089385
 548 7.039106145251395
 5 9.050279329608941
 125 11.06145251396649
 47 13.07262569832403
 10 15.08379888268158
 56 17.09497206703912
 118 19.10614525139667
 506 21.11731843575421
 50 23.12849162011173
 93 25.13966480446928
 109 27.15083798882682
 68 29.16201117318437
 240 31.17318435754191
 304 33.18435754189946
 224 35.195530726257
 157 37.20670391061452
 21 39.21787709497207
 266 41.22905027932961
 3 43.24022346368716
 131 45.2513966480447
 69 47.26256983240225
 226 49.27374301675979
 74 51.28491620111734
 168 53.29608938547489
 89 55.3072625698324
 171 57.31843575418995
 243 59.32960893854749
 59 61.34078212290504
 116 63.35195530726259
 68 65.36312849162013
 106 67.37430167597768
 42 69.38547486033519
 31 71.39664804469274
 49 73.40782122905028
 3 75.41899441340783
 8 77.43016759776538
 3 79.44134078212289
 1 81.45251396648047
 0 83.46368715083798
 5 85.47486033519556
 11 87.48603351955308
 7628 89.49720670391065
 4 91.50837988826817
 1 93.51955307262574
 1 95.53072625698326
 2 97.54189944134077
 4 99.55307262569835
 16 101.5642458100559
 19 103.5754189944134
 41 105.586592178771
 21 107.5977653631285
 127 109.608938547486
 109 111.6201117318436
 124 113.6312849162011
 1 115.6424581005587
 203 117.6536312849162
 168 119.6648044692737
 80 121.6759776536313
 156 123.6871508379888
 161 125.6983240223464
 73 127.7094972067039
 164 129.7206703910614
 158 131.731843575419
 2 133.7430167597765
 101 135.7541899441341
 158 137.7653631284916
 99 139.7765363128492
 144 141.7877094972067
 483 143.7988826815642
 118 145.8100558659218
 222 147.8212290502793
 41 149.8324022346369
 131 151.8435754189944
 48 153.854748603352
 455 155.8659217877095
 61 157.8770949720671
 119 159.8882681564246
 88 161.8994413407821
 57 163.9106145251397
 13 165.9217877094972
 125 167.9329608938548
 198 169.9441340782123
 311 171.9553072625699
 1 173.9664804469274
 141 175.9776536312849
 1 177.9888268156425
 0 180


