# Created by Octave 3.8.2, Mon Jun 22 12:40:54 2020 CEST <damian@fptrucha.inv.usc.es>
# name: hd
# type: matrix
# rows: 180
# columns: 2
 4 -180
 165 -177.9888268156425
 5 -175.9776536312849
 375 -173.9664804469274
 240 -171.9553072625698
 105 -169.9441340782123
 25 -167.9329608938548
 45 -165.9217877094972
 50 -163.9106145251397
 166 -161.8994413407821
 50 -159.8882681564246
 567 -157.877094972067
 62 -155.8659217877095
 150 -153.854748603352
 36 -151.8435754189944
 57 -149.8324022346369
 246 -147.8212290502793
 593 -145.8100558659218
 133 -143.7988826815642
 75 -141.7877094972067
 174 -139.7765363128491
 107 -137.7653631284916
 1 -135.7541899441341
 152 -133.7430167597765
 154 -131.731843575419
 78 -129.7206703910614
 191 -127.7094972067039
 219 -125.6983240223464
 104 -123.6871508379888
 151 -121.6759776536313
 200 -119.6648044692737
 2 -117.6536312849162
 117 -115.6424581005587
 127 -113.6312849162011
 123 -111.6201117318436
 19 -109.608938547486
 29 -107.5977653631285
 25 -105.5865921787709
 18 -103.5754189944134
 1 -101.5642458100559
 1 -99.55307262569832
 2 -97.54189944134077
 2 -95.53072625698323
 6 -93.5195530726257
 7819 -91.50837988826815
 11 -89.49720670391061
 6 -87.48603351955308
 1 -85.47486033519553
 1 -83.46368715083798
 3 -81.45251396648044
 9 -79.44134078212289
 5 -77.43016759776536
 39 -75.41899441340782
 25 -73.40782122905027
 53 -71.39664804469274
 112 -69.38547486033519
 61 -67.37430167597765
 117 -65.3631284916201
 48 -63.35195530726256
 246 -61.34078212290503
 140 -59.32960893854748
 190 -57.31843575418993
 94 -55.3072625698324
 92 -53.29608938547486
 216 -51.28491620111731
 61 -49.27374301675977
 99 -47.26256983240222
 7 -45.25139664804468
 292 -43.24022346368713
 4 -41.22905027932961
 146 -39.21787709497207
 271 -37.20670391061452
 419 -35.19553072625698
 138 -33.18435754189943
 64 -31.17318435754188
 174 -29.16201117318434
 12 -27.15083798882682
 61 -25.13966480446928
 652 -23.12849162011173
 146 -21.11731843575419
 50 -19.10614525139664
 10 -17.09497206703909
 41 -15.08379888268155
 149 -13.072625698324
 7 -11.06145251396646
 571 -9.050279329608941
 4 -7.039106145251395
 139 -5.02793296089385
 14 -3.016759776536304
 3 -1.005586592178759
 19 1.005586592178787
 135 3.016759776536333
 2 5.02793296089385
 567 7.039106145251395
 12 9.050279329608941
 146 11.06145251396649
 48 13.07262569832403
 8 15.08379888268158
 72 17.09497206703912
 140 19.10614525139667
 546 21.11731843575421
 46 23.12849162011173
 91 25.13966480446928
 106 27.15083798882682
 71 29.16201117318437
 216 31.17318435754191
 337 33.18435754189946
 251 35.195530726257
 163 37.20670391061452
 44 39.21787709497207
 278 41.22905027932961
 3 43.24022346368716
 126 45.2513966480447
 57 47.26256983240225
 244 49.27374301675979
 81 51.28491620111734
 183 53.29608938547489
 96 55.3072625698324
 164 57.31843575418995
 275 59.32960893854749
 59 61.34078212290504
 119 63.35195530726259
 73 65.36312849162013
 110 67.37430167597768
 54 69.38547486033519
 36 71.39664804469274
 42 73.40782122905028
 21 75.41899441340783
 9 77.43016759776538
 2 79.44134078212289
 4 81.45251396648047
 1 83.46368715083798
 2 85.47486033519556
 14 87.48603351955308
 7601 89.49720670391065
 8 91.50837988826817
 3 93.51955307262574
 1 95.53072625698326
 2 97.54189944134077
 1 99.55307262569835
 23 101.5642458100559
 24 103.5754189944134
 44 105.586592178771
 20 107.5977653631285
 146 109.608938547486
 133 111.6201117318436
 127 113.6312849162011
 2 115.6424581005587
 210 117.6536312849162
 166 119.6648044692737
 100 121.6759776536313
 185 123.6871508379888
 185 125.6983240223464
 84 127.7094972067039
 171 129.7206703910614
 193 131.731843575419
 2 133.7430167597765
 128 135.7541899441341
 180 137.7653631284916
 98 139.7765363128492
 151 141.7877094972067
 487 143.7988826815642
 117 145.8100558659218
 192 147.8212290502793
 43 149.8324022346369
 148 151.8435754189944
 65 153.854748603352
 511 155.8659217877095
 53 157.8770949720671
 143 159.8882681564246
 66 161.8994413407821
 45 163.9106145251397
 15 165.9217877094972
 143 167.9329608938548
 227 169.9441340782123
 342 171.9553072625699
 9 173.9664804469274
 154 175.9776536312849
 6 177.9888268156425
 0 180


