# Created by Octave 3.8.2, Sat Jun 20 10:47:27 2020 CEST <damian@fptrucha.inv.usc.es>
# name: hd
# type: matrix
# rows: 180
# columns: 2
 7 -180
 184 -177.9888268156425
 5 -175.9776536312849
 406 -173.9664804469274
 237 -171.9553072625698
 171 -169.9441340782123
 36 -167.9329608938548
 35 -165.9217877094972
 61 -163.9106145251397
 174 -161.8994413407821
 44 -159.8882681564246
 722 -157.877094972067
 68 -155.8659217877095
 139 -153.854748603352
 40 -151.8435754189944
 72 -149.8324022346369
 235 -147.8212290502793
 681 -145.8100558659218
 154 -143.7988826815642
 113 -141.7877094972067
 206 -139.7765363128491
 112 -137.7653631284916
 1 -135.7541899441341
 168 -133.7430167597765
 172 -131.731843575419
 78 -129.7206703910614
 192 -127.7094972067039
 261 -125.6983240223464
 105 -123.6871508379888
 202 -121.6759776536313
 205 -119.6648044692737
 3 -117.6536312849162
 102 -115.6424581005587
 123 -113.6312849162011
 121 -111.6201117318436
 16 -109.608938547486
 40 -107.5977653631285
 34 -105.5865921787709
 9 -103.5754189944134
 4 -101.5642458100559
 0 -99.55307262569832
 0 -97.54189944134077
 5 -95.53072625698323
 6 -93.5195530726257
 8768 -91.50837988826815
 14 -89.49720670391061
 4 -87.48603351955308
 1 -85.47486033519553
 2 -83.46368715083798
 1 -81.45251396648044
 8 -79.44134078212289
 6 -77.43016759776536
 60 -75.41899441340782
 29 -73.40782122905027
 62 -71.39664804469274
 127 -69.38547486033519
 82 -67.37430167597765
 105 -65.3631284916201
 36 -63.35195530726256
 301 -61.34078212290503
 165 -59.32960893854748
 201 -57.31843575418993
 98 -55.3072625698324
 81 -53.29608938547486
 239 -51.28491620111731
 56 -49.27374301675977
 122 -47.26256983240222
 1 -45.25139664804468
 272 -43.24022346368713
 3 -41.22905027932961
 167 -39.21787709497207
 344 -37.20670391061452
 511 -35.19553072625698
 139 -33.18435754189943
 65 -31.17318435754188
 157 -29.16201117318434
 16 -27.15083798882682
 67 -25.13966480446928
 695 -23.12849162011173
 171 -21.11731843575419
 57 -19.10614525139664
 11 -17.09497206703909
 46 -15.08379888268155
 192 -13.072625698324
 13 -11.06145251396646
 660 -9.050279329608941
 2 -7.039106145251395
 143 -5.02793296089385
 22 -3.016759776536304
 6 -1.005586592178759
 24 1.005586592178787
 147 3.016759776536333
 2 5.02793296089385
 596 7.039106145251395
 7 9.050279329608941
 139 11.06145251396649
 52 13.07262569832403
 14 15.08379888268158
 68 17.09497206703912
 128 19.10614525139667
 553 21.11731843575421
 70 23.12849162011173
 103 25.13966480446928
 126 27.15083798882682
 73 29.16201117318437
 243 31.17318435754191
 325 33.18435754189946
 246 35.195530726257
 186 37.20670391061452
 51 39.21787709497207
 311 41.22905027932961
 2 43.24022346368716
 143 45.2513966480447
 81 47.26256983240225
 252 49.27374301675979
 111 51.28491620111734
 221 53.29608938547489
 86 55.3072625698324
 167 57.31843575418995
 292 59.32960893854749
 76 61.34078212290504
 144 63.35195530726259
 85 65.36312849162013
 100 67.37430167597768
 58 69.38547486033519
 36 71.39664804469274
 71 73.40782122905028
 11 75.41899441340783
 8 77.43016759776538
 3 79.44134078212289
 1 81.45251396648047
 0 83.46368715083798
 0 85.47486033519556
 8 87.48603351955308
 8697 89.49720670391065
 10 91.50837988826817
 2 93.51955307262574
 2 95.53072625698326
 0 97.54189944134077
 5 99.55307262569835
 16 101.5642458100559
 22 103.5754189944134
 50 105.586592178771
 17 107.5977653631285
 144 109.608938547486
 144 111.6201117318436
 136 113.6312849162011
 2 115.6424581005587
 217 117.6536312849162
 190 119.6648044692737
 90 121.6759776536313
 188 123.6871508379888
 200 125.6983240223464
 111 127.7094972067039
 168 129.7206703910614
 182 131.731843575419
 5 133.7430167597765
 144 135.7541899441341
 187 137.7653631284916
 123 139.7765363128492
 136 141.7877094972067
 538 143.7988826815642
 144 145.8100558659218
 243 147.8212290502793
 43 149.8324022346369
 187 151.8435754189944
 76 153.854748603352
 513 155.8659217877095
 50 157.8770949720671
 148 159.8882681564246
 92 161.8994413407821
 55 163.9106145251397
 21 165.9217877094972
 139 167.9329608938548
 249 169.9441340782123
 347 171.9553072625699
 4 173.9664804469274
 181 175.9776536312849
 2 177.9888268156425
 0 180


