# Created by Octave 3.8.2, Sat Jun 20 22:03:55 2020 CEST <damian@fptrucha.inv.usc.es>
# name: hd
# type: matrix
# rows: 551
# columns: 2
 0 50
 0 51
 0 52
 0 53
 0 54
 0 55
 0 56
 0 57
 0 58
 0 59
 0 60
 0 61
 0 62
 0 63
 0 64
 0 65
 0 66
 0 67
 0 68
 0 69
 0 70
 0 71
 0 72
 0 73
 0 74
 0 75
 0 76
 0 77
 0 78
 0 79
 0 80
 0 81
 0 82
 0 83
 0 84
 0 85
 0 86
 0 87
 0 88
 0 89
 11 90
 18 91
 54 92
 116 93
 243 94
 371 95
 470 96
 552 97
 796 98
 978 99
 1124 100
 1180 101
 1242 102
 1338 103
 1366 104
 1385 105
 1276 106
 1332 107
 1302 108
 1266 109
 1287 110
 1207 111
 1120 112
 1114 113
 993 114
 994 115
 939 116
 844 117
 778 118
 714 119
 681 120
 651 121
 572 122
 516 123
 472 124
 441 125
 387 126
 385 127
 323 128
 287 129
 307 130
 246 131
 213 132
 211 133
 187 134
 167 135
 162 136
 145 137
 137 138
 114 139
 129 140
 94 141
 90 142
 81 143
 63 144
 61 145
 67 146
 68 147
 57 148
 56 149
 54 150
 37 151
 48 152
 49 153
 41 154
 40 155
 28 156
 33 157
 25 158
 31 159
 28 160
 27 161
 25 162
 22 163
 13 164
 13 165
 18 166
 14 167
 13 168
 16 169
 6 170
 12 171
 12 172
 13 173
 11 174
 10 175
 8 176
 4 177
 4 178
 2 179
 7 180
 2 181
 4 182
 3 183
 4 184
 2 185
 3 186
 5 187
 3 188
 1 189
 3 190
 2 191
 4 192
 4 193
 3 194
 3 195
 1 196
 3 197
 0 198
 0 199
 1 200
 0 201
 0 202
 0 203
 0 204
 2 205
 1 206
 0 207
 1 208
 0 209
 2 210
 0 211
 0 212
 0 213
 0 214
 1 215
 0 216
 0 217
 0 218
 0 219
 0 220
 0 221
 0 222
 2 223
 0 224
 0 225
 0 226
 0 227
 0 228
 0 229
 0 230
 0 231
 0 232
 0 233
 0 234
 0 235
 0 236
 0 237
 0 238
 0 239
 0 240
 0 241
 0 242
 0 243
 0 244
 0 245
 0 246
 0 247
 0 248
 0 249
 0 250
 0 251
 0 252
 0 253
 0 254
 0 255
 0 256
 0 257
 0 258
 1 259
 0 260
 0 261
 0 262
 0 263
 0 264
 0 265
 0 266
 0 267
 0 268
 0 269
 0 270
 0 271
 0 272
 0 273
 0 274
 0 275
 0 276
 0 277
 0 278
 0 279
 0 280
 0 281
 0 282
 0 283
 0 284
 0 285
 0 286
 0 287
 0 288
 0 289
 0 290
 0 291
 0 292
 0 293
 1 294
 0 295
 1 296
 1 297
 0 298
 1 299
 0 300
 1 301
 3 302
 0 303
 3 304
 1 305
 2 306
 0 307
 3 308
 2 309
 0 310
 1 311
 1 312
 0 313
 2 314
 0 315
 0 316
 1 317
 1 318
 1 319
 0 320
 0 321
 0 322
 0 323
 3 324
 4 325
 2 326
 1 327
 2 328
 2 329
 2 330
 0 331
 2 332
 2 333
 1 334
 2 335
 0 336
 4 337
 1 338
 2 339
 2 340
 0 341
 1 342
 0 343
 3 344
 0 345
 1 346
 2 347
 0 348
 2 349
 0 350
 0 351
 2 352
 1 353
 1 354
 0 355
 1 356
 0 357
 0 358
 2 359
 3 360
 1 361
 0 362
 0 363
 0 364
 0 365
 1 366
 0 367
 1 368
 0 369
 1 370
 0 371
 1 372
 0 373
 1 374
 0 375
 2 376
 1 377
 1 378
 0 379
 1 380
 1 381
 0 382
 3 383
 1 384
 1 385
 0 386
 0 387
 0 388
 1 389
 0 390
 0 391
 0 392
 0 393
 0 394
 0 395
 0 396
 1 397
 1 398
 0 399
 0 400
 0 401
 1 402
 0 403
 0 404
 0 405
 0 406
 0 407
 0 408
 1 409
 0 410
 0 411
 0 412
 0 413
 0 414
 0 415
 1 416
 0 417
 0 418
 0 419
 0 420
 0 421
 0 422
 0 423
 0 424
 0 425
 0 426
 0 427
 1 428
 0 429
 0 430
 0 431
 0 432
 0 433
 0 434
 0 435
 0 436
 0 437
 0 438
 0 439
 0 440
 0 441
 0 442
 0 443
 0 444
 0 445
 0 446
 0 447
 0 448
 0 449
 0 450
 0 451
 0 452
 0 453
 0 454
 0 455
 0 456
 0 457
 0 458
 0 459
 0 460
 0 461
 0 462
 0 463
 0 464
 0 465
 0 466
 0 467
 0 468
 0 469
 0 470
 0 471
 0 472
 0 473
 0 474
 0 475
 0 476
 0 477
 0 478
 0 479
 0 480
 0 481
 0 482
 0 483
 0 484
 0 485
 0 486
 0 487
 0 488
 0 489
 0 490
 0 491
 0 492
 0 493
 0 494
 0 495
 0 496
 0 497
 0 498
 0 499
 0 500
 0 501
 0 502
 0 503
 0 504
 0 505
 0 506
 0 507
 0 508
 0 509
 0 510
 0 511
 0 512
 0 513
 0 514
 0 515
 0 516
 0 517
 0 518
 0 519
 0 520
 0 521
 0 522
 0 523
 0 524
 0 525
 0 526
 0 527
 0 528
 0 529
 0 530
 0 531
 0 532
 0 533
 0 534
 0 535
 0 536
 0 537
 0 538
 0 539
 0 540
 0 541
 0 542
 0 543
 0 544
 0 545
 0 546
 0 547
 0 548
 0 549
 0 550
 0 551
 0 552
 0 553
 0 554
 0 555
 0 556
 0 557
 0 558
 0 559
 0 560
 0 561
 0 562
 0 563
 0 564
 0 565
 0 566
 0 567
 0 568
 0 569
 0 570
 0 571
 0 572
 0 573
 0 574
 0 575
 0 576
 0 577
 0 578
 0 579
 0 580
 0 581
 0 582
 0 583
 0 584
 0 585
 0 586
 0 587
 0 588
 0 589
 0 590
 0 591
 0 592
 0 593
 0 594
 0 595
 0 596
 0 597
 0 598
 0 599
 0 600


