# Created by Octave 3.8.2, Sat Jun 20 03:07:35 2020 CEST <damian@fptrucha.inv.usc.es>
# name: hd
# type: matrix
# rows: 551
# columns: 2
 0 50
 0 51
 0 52
 0 53
 0 54
 0 55
 0 56
 0 57
 0 58
 0 59
 0 60
 0 61
 0 62
 0 63
 0 64
 0 65
 0 66
 0 67
 0 68
 0 69
 0 70
 0 71
 0 72
 0 73
 0 74
 0 75
 0 76
 0 77
 0 78
 0 79
 0 80
 0 81
 0 82
 0 83
 0 84
 0 85
 0 86
 0 87
 1 88
 1 89
 10 90
 15 91
 43 92
 126 93
 266 94
 416 95
 496 96
 643 97
 831 98
 1153 99
 1218 100
 1325 101
 1368 102
 1445 103
 1488 104
 1470 105
 1438 106
 1472 107
 1492 108
 1419 109
 1453 110
 1337 111
 1236 112
 1146 113
 1097 114
 1106 115
 979 116
 962 117
 834 118
 815 119
 786 120
 666 121
 588 122
 579 123
 543 124
 479 125
 464 126
 378 127
 376 128
 328 129
 328 130
 288 131
 245 132
 214 133
 217 134
 198 135
 163 136
 185 137
 147 138
 127 139
 145 140
 125 141
 114 142
 113 143
 88 144
 86 145
 78 146
 66 147
 84 148
 63 149
 76 150
 69 151
 66 152
 50 153
 43 154
 42 155
 49 156
 43 157
 27 158
 37 159
 30 160
 33 161
 30 162
 27 163
 18 164
 26 165
 16 166
 19 167
 15 168
 21 169
 18 170
 19 171
 10 172
 13 173
 13 174
 14 175
 6 176
 9 177
 11 178
 8 179
 7 180
 8 181
 5 182
 4 183
 11 184
 6 185
 7 186
 0 187
 2 188
 3 189
 1 190
 2 191
 3 192
 7 193
 1 194
 4 195
 0 196
 4 197
 2 198
 0 199
 4 200
 2 201
 0 202
 0 203
 2 204
 0 205
 1 206
 0 207
 2 208
 1 209
 0 210
 1 211
 0 212
 1 213
 0 214
 1 215
 0 216
 0 217
 0 218
 0 219
 0 220
 0 221
 0 222
 0 223
 1 224
 1 225
 0 226
 0 227
 2 228
 0 229
 0 230
 0 231
 0 232
 1 233
 0 234
 0 235
 0 236
 0 237
 0 238
 0 239
 0 240
 0 241
 0 242
 0 243
 0 244
 0 245
 0 246
 0 247
 0 248
 0 249
 0 250
 0 251
 0 252
 0 253
 0 254
 0 255
 0 256
 0 257
 0 258
 0 259
 0 260
 0 261
 0 262
 0 263
 0 264
 0 265
 0 266
 0 267
 0 268
 0 269
 0 270
 0 271
 0 272
 0 273
 0 274
 0 275
 0 276
 0 277
 0 278
 1 279
 0 280
 0 281
 0 282
 0 283
 0 284
 1 285
 0 286
 0 287
 0 288
 0 289
 0 290
 1 291
 0 292
 1 293
 1 294
 1 295
 0 296
 1 297
 1 298
 0 299
 1 300
 1 301
 0 302
 1 303
 2 304
 0 305
 0 306
 2 307
 2 308
 4 309
 3 310
 0 311
 3 312
 1 313
 0 314
 0 315
 1 316
 2 317
 6 318
 1 319
 5 320
 0 321
 2 322
 0 323
 2 324
 2 325
 1 326
 3 327
 3 328
 4 329
 5 330
 3 331
 2 332
 3 333
 2 334
 4 335
 0 336
 0 337
 3 338
 2 339
 1 340
 2 341
 3 342
 3 343
 2 344
 1 345
 2 346
 0 347
 2 348
 0 349
 0 350
 1 351
 0 352
 0 353
 2 354
 1 355
 2 356
 0 357
 3 358
 0 359
 1 360
 1 361
 0 362
 0 363
 3 364
 0 365
 2 366
 1 367
 1 368
 1 369
 0 370
 0 371
 1 372
 0 373
 0 374
 1 375
 0 376
 2 377
 1 378
 0 379
 1 380
 0 381
 2 382
 0 383
 0 384
 0 385
 1 386
 0 387
 0 388
 0 389
 1 390
 0 391
 0 392
 0 393
 0 394
 0 395
 0 396
 1 397
 1 398
 0 399
 0 400
 0 401
 0 402
 0 403
 0 404
 0 405
 0 406
 0 407
 0 408
 0 409
 0 410
 0 411
 0 412
 0 413
 0 414
 1 415
 0 416
 0 417
 0 418
 1 419
 0 420
 0 421
 0 422
 0 423
 0 424
 0 425
 0 426
 0 427
 0 428
 1 429
 0 430
 0 431
 0 432
 0 433
 0 434
 0 435
 0 436
 0 437
 0 438
 0 439
 0 440
 0 441
 0 442
 0 443
 0 444
 0 445
 0 446
 0 447
 0 448
 0 449
 0 450
 0 451
 0 452
 0 453
 0 454
 0 455
 0 456
 0 457
 0 458
 0 459
 0 460
 0 461
 0 462
 0 463
 0 464
 0 465
 0 466
 0 467
 0 468
 0 469
 0 470
 0 471
 0 472
 0 473
 0 474
 0 475
 0 476
 0 477
 0 478
 0 479
 0 480
 0 481
 0 482
 0 483
 0 484
 0 485
 0 486
 0 487
 0 488
 0 489
 0 490
 0 491
 0 492
 0 493
 0 494
 0 495
 0 496
 0 497
 0 498
 0 499
 0 500
 0 501
 0 502
 0 503
 0 504
 0 505
 0 506
 0 507
 0 508
 0 509
 0 510
 0 511
 0 512
 0 513
 0 514
 0 515
 0 516
 0 517
 0 518
 0 519
 0 520
 0 521
 0 522
 0 523
 0 524
 0 525
 0 526
 0 527
 0 528
 0 529
 0 530
 0 531
 0 532
 0 533
 0 534
 0 535
 0 536
 0 537
 0 538
 0 539
 0 540
 0 541
 0 542
 0 543
 0 544
 0 545
 0 546
 0 547
 0 548
 0 549
 0 550
 0 551
 0 552
 0 553
 0 554
 0 555
 0 556
 0 557
 0 558
 0 559
 0 560
 0 561
 0 562
 0 563
 0 564
 0 565
 0 566
 0 567
 0 568
 0 569
 0 570
 0 571
 0 572
 0 573
 0 574
 0 575
 0 576
 0 577
 0 578
 0 579
 0 580
 0 581
 0 582
 0 583
 0 584
 0 585
 0 586
 0 587
 0 588
 0 589
 0 590
 0 591
 0 592
 0 593
 0 594
 0 595
 0 596
 0 597
 0 598
 0 599
 0 600


