# Created by Octave 3.8.2, Sun Jun 21 00:59:25 2020 CEST <damian@fptrucha.inv.usc.es>
# name: hd
# type: matrix
# rows: 551
# columns: 2
 0 50
 0 51
 0 52
 0 53
 0 54
 0 55
 0 56
 0 57
 0 58
 0 59
 0 60
 0 61
 0 62
 0 63
 0 64
 0 65
 0 66
 0 67
 0 68
 0 69
 0 70
 0 71
 0 72
 0 73
 0 74
 0 75
 0 76
 0 77
 0 78
 0 79
 0 80
 0 81
 0 82
 0 83
 0 84
 0 85
 0 86
 0 87
 1 88
 2 89
 3 90
 21 91
 43 92
 126 93
 262 94
 357 95
 451 96
 574 97
 783 98
 1007 99
 1143 100
 1136 101
 1267 102
 1295 103
 1362 104
 1321 105
 1352 106
 1470 107
 1407 108
 1307 109
 1325 110
 1196 111
 1172 112
 1148 113
 1026 114
 922 115
 920 116
 767 117
 761 118
 713 119
 666 120
 590 121
 570 122
 530 123
 483 124
 410 125
 391 126
 336 127
 314 128
 318 129
 257 130
 248 131
 208 132
 203 133
 186 134
 176 135
 136 136
 121 137
 119 138
 86 139
 109 140
 85 141
 93 142
 76 143
 82 144
 70 145
 58 146
 63 147
 65 148
 69 149
 47 150
 47 151
 39 152
 45 153
 32 154
 28 155
 28 156
 29 157
 26 158
 24 159
 23 160
 30 161
 15 162
 16 163
 26 164
 18 165
 18 166
 12 167
 14 168
 16 169
 11 170
 9 171
 8 172
 7 173
 6 174
 4 175
 7 176
 12 177
 7 178
 5 179
 3 180
 4 181
 9 182
 10 183
 5 184
 3 185
 2 186
 1 187
 2 188
 3 189
 1 190
 4 191
 1 192
 1 193
 3 194
 2 195
 2 196
 0 197
 1 198
 0 199
 3 200
 2 201
 2 202
 0 203
 0 204
 1 205
 1 206
 0 207
 0 208
 1 209
 0 210
 0 211
 0 212
 0 213
 0 214
 2 215
 0 216
 0 217
 1 218
 0 219
 0 220
 0 221
 1 222
 0 223
 0 224
 0 225
 1 226
 1 227
 0 228
 0 229
 0 230
 0 231
 0 232
 0 233
 0 234
 0 235
 0 236
 0 237
 0 238
 0 239
 0 240
 0 241
 0 242
 0 243
 0 244
 0 245
 0 246
 0 247
 0 248
 0 249
 0 250
 0 251
 0 252
 0 253
 0 254
 0 255
 0 256
 0 257
 0 258
 0 259
 0 260
 0 261
 0 262
 0 263
 0 264
 0 265
 0 266
 0 267
 0 268
 0 269
 0 270
 0 271
 0 272
 0 273
 0 274
 0 275
 0 276
 0 277
 0 278
 0 279
 0 280
 0 281
 0 282
 0 283
 0 284
 1 285
 0 286
 0 287
 2 288
 0 289
 0 290
 0 291
 0 292
 0 293
 0 294
 1 295
 0 296
 0 297
 1 298
 1 299
 0 300
 2 301
 0 302
 0 303
 2 304
 1 305
 0 306
 1 307
 0 308
 0 309
 1 310
 2 311
 1 312
 1 313
 3 314
 2 315
 4 316
 1 317
 0 318
 0 319
 1 320
 0 321
 2 322
 0 323
 0 324
 0 325
 1 326
 2 327
 4 328
 0 329
 0 330
 2 331
 1 332
 0 333
 2 334
 2 335
 0 336
 5 337
 0 338
 1 339
 0 340
 2 341
 2 342
 1 343
 2 344
 0 345
 0 346
 2 347
 3 348
 1 349
 0 350
 2 351
 2 352
 0 353
 3 354
 1 355
 0 356
 2 357
 1 358
 0 359
 2 360
 0 361
 2 362
 2 363
 1 364
 0 365
 1 366
 2 367
 1 368
 1 369
 0 370
 1 371
 3 372
 1 373
 1 374
 0 375
 0 376
 0 377
 1 378
 2 379
 1 380
 1 381
 1 382
 0 383
 0 384
 0 385
 0 386
 2 387
 0 388
 0 389
 0 390
 0 391
 2 392
 0 393
 0 394
 0 395
 0 396
 0 397
 0 398
 1 399
 1 400
 0 401
 0 402
 0 403
 0 404
 0 405
 0 406
 0 407
 0 408
 0 409
 0 410
 0 411
 0 412
 0 413
 0 414
 0 415
 0 416
 0 417
 0 418
 0 419
 0 420
 0 421
 0 422
 0 423
 0 424
 0 425
 0 426
 0 427
 0 428
 0 429
 0 430
 0 431
 0 432
 0 433
 0 434
 0 435
 0 436
 0 437
 0 438
 0 439
 0 440
 0 441
 0 442
 0 443
 0 444
 0 445
 0 446
 0 447
 0 448
 0 449
 0 450
 0 451
 0 452
 0 453
 0 454
 0 455
 0 456
 0 457
 0 458
 0 459
 0 460
 0 461
 0 462
 0 463
 0 464
 0 465
 0 466
 0 467
 0 468
 0 469
 0 470
 0 471
 0 472
 0 473
 0 474
 0 475
 0 476
 0 477
 0 478
 0 479
 0 480
 0 481
 0 482
 0 483
 0 484
 0 485
 0 486
 0 487
 0 488
 0 489
 0 490
 0 491
 0 492
 0 493
 0 494
 0 495
 0 496
 0 497
 0 498
 0 499
 0 500
 0 501
 0 502
 0 503
 0 504
 0 505
 0 506
 0 507
 0 508
 0 509
 0 510
 0 511
 0 512
 0 513
 0 514
 0 515
 0 516
 0 517
 0 518
 0 519
 0 520
 0 521
 0 522
 0 523
 0 524
 0 525
 0 526
 0 527
 0 528
 0 529
 0 530
 0 531
 0 532
 0 533
 0 534
 0 535
 0 536
 0 537
 0 538
 0 539
 0 540
 0 541
 0 542
 0 543
 0 544
 0 545
 0 546
 0 547
 0 548
 0 549
 0 550
 0 551
 0 552
 0 553
 0 554
 0 555
 0 556
 0 557
 0 558
 0 559
 0 560
 0 561
 0 562
 0 563
 0 564
 0 565
 0 566
 0 567
 0 568
 0 569
 0 570
 0 571
 0 572
 0 573
 0 574
 0 575
 0 576
 0 577
 0 578
 0 579
 0 580
 0 581
 0 582
 0 583
 0 584
 0 585
 0 586
 0 587
 0 588
 0 589
 0 590
 0 591
 0 592
 0 593
 0 594
 0 595
 0 596
 0 597
 0 598
 0 599
 0 600


