# Created by Octave 3.8.2, Sat Jun 20 14:47:04 2020 CEST <damian@fptrucha.inv.usc.es>
# name: hd
# type: matrix
# rows: 551
# columns: 2
 0 50
 0 51
 0 52
 0 53
 0 54
 0 55
 1 56
 0 57
 0 58
 0 59
 0 60
 0 61
 0 62
 0 63
 0 64
 0 65
 0 66
 0 67
 0 68
 0 69
 0 70
 0 71
 0 72
 0 73
 0 74
 0 75
 0 76
 0 77
 0 78
 0 79
 0 80
 0 81
 0 82
 0 83
 0 84
 0 85
 0 86
 0 87
 0 88
 2 89
 11 90
 19 91
 55 92
 129 93
 273 94
 388 95
 496 96
 651 97
 795 98
 1102 99
 1200 100
 1256 101
 1314 102
 1387 103
 1461 104
 1431 105
 1408 106
 1459 107
 1370 108
 1412 109
 1393 110
 1220 111
 1219 112
 1183 113
 1041 114
 1059 115
 919 116
 881 117
 878 118
 759 119
 765 120
 670 121
 576 122
 508 123
 521 124
 497 125
 407 126
 413 127
 359 128
 326 129
 292 130
 245 131
 234 132
 229 133
 202 134
 198 135
 176 136
 178 137
 126 138
 127 139
 111 140
 107 141
 104 142
 74 143
 106 144
 78 145
 63 146
 77 147
 47 148
 50 149
 60 150
 49 151
 56 152
 37 153
 46 154
 31 155
 40 156
 35 157
 34 158
 29 159
 29 160
 25 161
 21 162
 24 163
 27 164
 14 165
 20 166
 13 167
 17 168
 18 169
 12 170
 11 171
 13 172
 11 173
 17 174
 4 175
 12 176
 5 177
 7 178
 7 179
 4 180
 7 181
 8 182
 8 183
 1 184
 6 185
 8 186
 2 187
 6 188
 3 189
 1 190
 2 191
 0 192
 3 193
 2 194
 2 195
 3 196
 6 197
 1 198
 2 199
 2 200
 0 201
 2 202
 1 203
 4 204
 0 205
 2 206
 0 207
 0 208
 1 209
 0 210
 1 211
 2 212
 0 213
 1 214
 0 215
 1 216
 1 217
 0 218
 1 219
 0 220
 0 221
 0 222
 0 223
 0 224
 0 225
 0 226
 0 227
 0 228
 0 229
 0 230
 0 231
 0 232
 0 233
 0 234
 0 235
 1 236
 0 237
 0 238
 0 239
 0 240
 0 241
 0 242
 0 243
 0 244
 0 245
 0 246
 0 247
 0 248
 0 249
 0 250
 0 251
 0 252
 0 253
 0 254
 0 255
 0 256
 0 257
 0 258
 0 259
 0 260
 0 261
 0 262
 0 263
 0 264
 0 265
 0 266
 0 267
 0 268
 0 269
 0 270
 0 271
 0 272
 0 273
 0 274
 0 275
 1 276
 0 277
 0 278
 0 279
 0 280
 0 281
 0 282
 0 283
 0 284
 0 285
 0 286
 0 287
 0 288
 0 289
 0 290
 0 291
 0 292
 1 293
 1 294
 1 295
 0 296
 0 297
 0 298
 1 299
 0 300
 0 301
 3 302
 1 303
 0 304
 1 305
 0 306
 0 307
 1 308
 1 309
 1 310
 2 311
 1 312
 2 313
 1 314
 0 315
 1 316
 0 317
 1 318
 1 319
 0 320
 0 321
 1 322
 1 323
 1 324
 1 325
 0 326
 1 327
 1 328
 4 329
 0 330
 2 331
 3 332
 3 333
 3 334
 0 335
 2 336
 2 337
 2 338
 1 339
 2 340
 0 341
 2 342
 1 343
 1 344
 1 345
 1 346
 1 347
 3 348
 2 349
 3 350
 1 351
 4 352
 1 353
 1 354
 3 355
 0 356
 0 357
 0 358
 2 359
 0 360
 1 361
 0 362
 2 363
 1 364
 1 365
 1 366
 0 367
 1 368
 1 369
 0 370
 0 371
 2 372
 0 373
 1 374
 1 375
 0 376
 1 377
 0 378
 0 379
 1 380
 0 381
 1 382
 0 383
 0 384
 1 385
 0 386
 1 387
 0 388
 0 389
 1 390
 0 391
 0 392
 0 393
 0 394
 0 395
 0 396
 0 397
 0 398
 0 399
 0 400
 0 401
 1 402
 0 403
 0 404
 0 405
 0 406
 1 407
 1 408
 1 409
 0 410
 0 411
 0 412
 0 413
 0 414
 0 415
 0 416
 0 417
 0 418
 0 419
 0 420
 0 421
 0 422
 0 423
 0 424
 0 425
 1 426
 0 427
 0 428
 0 429
 0 430
 0 431
 0 432
 0 433
 0 434
 0 435
 0 436
 0 437
 0 438
 0 439
 0 440
 0 441
 0 442
 0 443
 0 444
 0 445
 0 446
 0 447
 0 448
 0 449
 0 450
 0 451
 0 452
 0 453
 0 454
 0 455
 0 456
 0 457
 0 458
 0 459
 0 460
 0 461
 0 462
 0 463
 0 464
 0 465
 0 466
 0 467
 0 468
 0 469
 0 470
 0 471
 0 472
 0 473
 0 474
 0 475
 0 476
 0 477
 0 478
 0 479
 0 480
 0 481
 0 482
 0 483
 0 484
 0 485
 0 486
 0 487
 0 488
 0 489
 0 490
 0 491
 0 492
 0 493
 0 494
 0 495
 0 496
 0 497
 0 498
 0 499
 0 500
 0 501
 0 502
 0 503
 0 504
 0 505
 0 506
 0 507
 0 508
 0 509
 0 510
 0 511
 0 512
 0 513
 0 514
 0 515
 0 516
 0 517
 0 518
 0 519
 0 520
 0 521
 0 522
 0 523
 0 524
 0 525
 0 526
 0 527
 0 528
 0 529
 0 530
 0 531
 0 532
 0 533
 0 534
 0 535
 0 536
 0 537
 0 538
 0 539
 0 540
 0 541
 0 542
 0 543
 0 544
 0 545
 0 546
 0 547
 0 548
 0 549
 0 550
 0 551
 0 552
 0 553
 0 554
 0 555
 0 556
 0 557
 0 558
 0 559
 0 560
 0 561
 0 562
 0 563
 0 564
 0 565
 0 566
 0 567
 0 568
 0 569
 0 570
 0 571
 0 572
 0 573
 0 574
 0 575
 0 576
 0 577
 0 578
 0 579
 0 580
 0 581
 0 582
 0 583
 0 584
 0 585
 0 586
 0 587
 0 588
 0 589
 0 590
 0 591
 0 592
 0 593
 0 594
 0 595
 0 596
 0 597
 0 598
 0 599
 0 600


