# Created by Octave 3.8.2, Mon Jun 22 11:24:41 2020 CEST <damian@fptrucha.inv.usc.es>
# name: hd
# type: matrix
# rows: 551
# columns: 2
 0 50
 0 51
 0 52
 0 53
 0 54
 0 55
 0 56
 0 57
 0 58
 0 59
 0 60
 0 61
 0 62
 0 63
 0 64
 0 65
 0 66
 0 67
 0 68
 0 69
 0 70
 0 71
 0 72
 0 73
 0 74
 0 75
 0 76
 0 77
 0 78
 0 79
 0 80
 0 81
 0 82
 0 83
 0 84
 0 85
 0 86
 0 87
 0 88
 0 89
 5 90
 7 91
 39 92
 67 93
 208 94
 438 95
 565 96
 636 97
 791 98
 1074 99
 1363 100
 1385 101
 1545 102
 1527 103
 1551 104
 1544 105
 1516 106
 1468 107
 1396 108
 1421 109
 1331 110
 1242 111
 1173 112
 1089 113
 1016 114
 953 115
 856 116
 768 117
 709 118
 580 119
 554 120
 563 121
 513 122
 414 123
 385 124
 377 125
 308 126
 243 127
 260 128
 248 129
 255 130
 189 131
 170 132
 137 133
 151 134
 128 135
 94 136
 124 137
 108 138
 74 139
 84 140
 71 141
 62 142
 67 143
 73 144
 60 145
 63 146
 55 147
 41 148
 42 149
 44 150
 48 151
 40 152
 35 153
 36 154
 42 155
 31 156
 36 157
 29 158
 23 159
 30 160
 27 161
 30 162
 25 163
 21 164
 18 165
 16 166
 13 167
 10 168
 20 169
 7 170
 12 171
 14 172
 10 173
 7 174
 7 175
 8 176
 4 177
 9 178
 18 179
 9 180
 6 181
 4 182
 2 183
 8 184
 5 185
 5 186
 4 187
 3 188
 6 189
 4 190
 4 191
 3 192
 3 193
 3 194
 2 195
 1 196
 3 197
 2 198
 0 199
 1 200
 3 201
 0 202
 2 203
 0 204
 0 205
 1 206
 1 207
 0 208
 2 209
 2 210
 0 211
 0 212
 0 213
 1 214
 1 215
 1 216
 0 217
 0 218
 0 219
 0 220
 0 221
 1 222
 1 223
 0 224
 1 225
 0 226
 0 227
 0 228
 0 229
 1 230
 0 231
 0 232
 0 233
 0 234
 0 235
 0 236
 0 237
 0 238
 1 239
 0 240
 0 241
 0 242
 0 243
 0 244
 0 245
 0 246
 0 247
 0 248
 0 249
 0 250
 0 251
 0 252
 0 253
 0 254
 0 255
 0 256
 0 257
 0 258
 0 259
 0 260
 0 261
 0 262
 0 263
 0 264
 0 265
 0 266
 0 267
 0 268
 0 269
 0 270
 0 271
 0 272
 0 273
 0 274
 0 275
 0 276
 0 277
 0 278
 0 279
 0 280
 0 281
 0 282
 0 283
 0 284
 0 285
 0 286
 0 287
 0 288
 1 289
 1 290
 1 291
 1 292
 0 293
 0 294
 1 295
 2 296
 0 297
 0 298
 2 299
 0 300
 0 301
 0 302
 0 303
 1 304
 1 305
 0 306
 1 307
 2 308
 2 309
 3 310
 0 311
 0 312
 0 313
 1 314
 1 315
 2 316
 1 317
 2 318
 3 319
 2 320
 4 321
 0 322
 2 323
 0 324
 2 325
 1 326
 0 327
 3 328
 4 329
 2 330
 4 331
 2 332
 4 333
 1 334
 1 335
 0 336
 3 337
 0 338
 0 339
 2 340
 3 341
 4 342
 1 343
 0 344
 0 345
 3 346
 2 347
 4 348
 2 349
 1 350
 4 351
 1 352
 0 353
 3 354
 4 355
 2 356
 1 357
 0 358
 1 359
 1 360
 1 361
 0 362
 0 363
 2 364
 2 365
 1 366
 0 367
 0 368
 3 369
 0 370
 0 371
 1 372
 0 373
 4 374
 0 375
 1 376
 1 377
 1 378
 1 379
 2 380
 0 381
 0 382
 0 383
 0 384
 0 385
 1 386
 1 387
 0 388
 1 389
 0 390
 0 391
 0 392
 0 393
 0 394
 0 395
 1 396
 0 397
 0 398
 0 399
 2 400
 0 401
 0 402
 0 403
 0 404
 0 405
 0 406
 0 407
 1 408
 1 409
 0 410
 0 411
 0 412
 0 413
 0 414
 0 415
 0 416
 0 417
 0 418
 0 419
 0 420
 0 421
 0 422
 0 423
 0 424
 0 425
 0 426
 0 427
 0 428
 0 429
 0 430
 0 431
 0 432
 0 433
 0 434
 0 435
 0 436
 0 437
 0 438
 0 439
 0 440
 0 441
 0 442
 0 443
 0 444
 0 445
 0 446
 0 447
 0 448
 0 449
 0 450
 0 451
 0 452
 0 453
 0 454
 0 455
 0 456
 0 457
 0 458
 0 459
 0 460
 0 461
 0 462
 0 463
 0 464
 0 465
 0 466
 0 467
 0 468
 0 469
 0 470
 0 471
 0 472
 0 473
 0 474
 0 475
 0 476
 0 477
 0 478
 0 479
 0 480
 0 481
 0 482
 0 483
 0 484
 0 485
 0 486
 0 487
 0 488
 0 489
 0 490
 0 491
 0 492
 0 493
 0 494
 0 495
 0 496
 0 497
 0 498
 0 499
 0 500
 0 501
 0 502
 0 503
 0 504
 0 505
 0 506
 0 507
 0 508
 0 509
 0 510
 0 511
 0 512
 0 513
 0 514
 0 515
 0 516
 0 517
 0 518
 0 519
 0 520
 0 521
 0 522
 0 523
 0 524
 0 525
 0 526
 0 527
 0 528
 0 529
 0 530
 0 531
 0 532
 0 533
 0 534
 0 535
 0 536
 0 537
 0 538
 0 539
 0 540
 0 541
 0 542
 0 543
 0 544
 0 545
 0 546
 0 547
 0 548
 0 549
 0 550
 0 551
 0 552
 0 553
 0 554
 0 555
 0 556
 0 557
 0 558
 0 559
 0 560
 0 561
 0 562
 0 563
 0 564
 0 565
 0 566
 0 567
 0 568
 0 569
 0 570
 0 571
 0 572
 0 573
 0 574
 0 575
 0 576
 0 577
 0 578
 0 579
 0 580
 0 581
 0 582
 0 583
 0 584
 0 585
 0 586
 0 587
 0 588
 0 589
 0 590
 0 591
 0 592
 0 593
 0 594
 0 595
 0 596
 0 597
 0 598
 0 599
 0 600


