# Created by Octave 3.8.2, Mon Jun 22 21:29:10 2020 CEST <damian@fptrucha.inv.usc.es>
# name: hd
# type: matrix
# rows: 551
# columns: 2
 0 50
 0 51
 0 52
 0 53
 0 54
 0 55
 0 56
 0 57
 0 58
 0 59
 0 60
 0 61
 0 62
 0 63
 0 64
 0 65
 0 66
 0 67
 0 68
 0 69
 0 70
 0 71
 0 72
 0 73
 0 74
 0 75
 0 76
 0 77
 0 78
 0 79
 0 80
 0 81
 0 82
 0 83
 0 84
 0 85
 0 86
 0 87
 0 88
 0 89
 5 90
 9 91
 31 92
 115 93
 242 94
 405 95
 629 96
 751 97
 880 98
 1264 99
 1494 100
 1580 101
 1682 102
 1789 103
 1791 104
 1738 105
 1676 106
 1659 107
 1634 108
 1512 109
 1411 110
 1297 111
 1230 112
 1146 113
 1031 114
 1036 115
 862 116
 782 117
 780 118
 686 119
 625 120
 539 121
 482 122
 439 123
 411 124
 366 125
 299 126
 299 127
 267 128
 232 129
 209 130
 193 131
 180 132
 135 133
 140 134
 122 135
 123 136
 122 137
 88 138
 84 139
 118 140
 79 141
 67 142
 79 143
 80 144
 69 145
 57 146
 63 147
 50 148
 59 149
 47 150
 29 151
 42 152
 41 153
 27 154
 36 155
 18 156
 27 157
 21 158
 25 159
 23 160
 23 161
 22 162
 20 163
 22 164
 20 165
 14 166
 16 167
 9 168
 17 169
 15 170
 12 171
 7 172
 9 173
 13 174
 4 175
 9 176
 7 177
 5 178
 7 179
 9 180
 8 181
 0 182
 3 183
 8 184
 4 185
 5 186
 4 187
 4 188
 1 189
 2 190
 1 191
 2 192
 1 193
 2 194
 4 195
 0 196
 3 197
 1 198
 4 199
 2 200
 1 201
 1 202
 0 203
 0 204
 1 205
 1 206
 0 207
 0 208
 0 209
 0 210
 2 211
 0 212
 0 213
 1 214
 0 215
 0 216
 0 217
 0 218
 2 219
 1 220
 0 221
 0 222
 0 223
 0 224
 0 225
 0 226
 0 227
 0 228
 1 229
 0 230
 0 231
 0 232
 0 233
 0 234
 0 235
 0 236
 0 237
 0 238
 0 239
 0 240
 0 241
 0 242
 0 243
 0 244
 0 245
 0 246
 0 247
 0 248
 0 249
 0 250
 0 251
 0 252
 0 253
 0 254
 0 255
 0 256
 0 257
 0 258
 0 259
 0 260
 0 261
 0 262
 0 263
 0 264
 0 265
 0 266
 0 267
 0 268
 0 269
 0 270
 0 271
 0 272
 0 273
 0 274
 0 275
 0 276
 0 277
 0 278
 0 279
 0 280
 0 281
 0 282
 0 283
 0 284
 0 285
 0 286
 0 287
 1 288
 0 289
 0 290
 1 291
 1 292
 0 293
 1 294
 2 295
 1 296
 0 297
 1 298
 1 299
 3 300
 0 301
 1 302
 2 303
 1 304
 0 305
 1 306
 3 307
 1 308
 1 309
 2 310
 0 311
 1 312
 1 313
 2 314
 0 315
 1 316
 1 317
 0 318
 0 319
 1 320
 4 321
 0 322
 1 323
 1 324
 2 325
 3 326
 0 327
 1 328
 1 329
 1 330
 1 331
 3 332
 1 333
 6 334
 2 335
 1 336
 2 337
 1 338
 2 339
 2 340
 2 341
 1 342
 2 343
 2 344
 0 345
 2 346
 2 347
 0 348
 0 349
 2 350
 4 351
 0 352
 1 353
 1 354
 2 355
 0 356
 1 357
 1 358
 1 359
 0 360
 2 361
 1 362
 0 363
 3 364
 0 365
 0 366
 2 367
 3 368
 1 369
 1 370
 1 371
 0 372
 1 373
 3 374
 1 375
 2 376
 1 377
 2 378
 0 379
 0 380
 1 381
 0 382
 1 383
 0 384
 0 385
 0 386
 1 387
 0 388
 0 389
 0 390
 0 391
 0 392
 0 393
 0 394
 0 395
 0 396
 0 397
 0 398
 1 399
 0 400
 0 401
 0 402
 0 403
 0 404
 0 405
 0 406
 0 407
 0 408
 0 409
 0 410
 0 411
 0 412
 0 413
 0 414
 0 415
 0 416
 0 417
 0 418
 0 419
 0 420
 0 421
 0 422
 0 423
 0 424
 0 425
 0 426
 0 427
 0 428
 0 429
 0 430
 0 431
 0 432
 0 433
 0 434
 0 435
 0 436
 0 437
 0 438
 0 439
 0 440
 0 441
 0 442
 0 443
 0 444
 0 445
 0 446
 0 447
 0 448
 0 449
 0 450
 0 451
 0 452
 0 453
 0 454
 0 455
 0 456
 0 457
 0 458
 0 459
 0 460
 0 461
 0 462
 0 463
 0 464
 0 465
 0 466
 0 467
 0 468
 0 469
 0 470
 0 471
 0 472
 0 473
 0 474
 0 475
 0 476
 0 477
 0 478
 0 479
 0 480
 0 481
 0 482
 0 483
 0 484
 0 485
 0 486
 0 487
 0 488
 0 489
 0 490
 0 491
 0 492
 0 493
 0 494
 0 495
 0 496
 0 497
 0 498
 0 499
 0 500
 0 501
 0 502
 0 503
 0 504
 0 505
 0 506
 0 507
 0 508
 0 509
 0 510
 0 511
 0 512
 0 513
 0 514
 0 515
 0 516
 0 517
 0 518
 0 519
 0 520
 0 521
 0 522
 0 523
 0 524
 0 525
 0 526
 0 527
 0 528
 0 529
 0 530
 0 531
 0 532
 0 533
 0 534
 0 535
 0 536
 0 537
 0 538
 0 539
 0 540
 0 541
 0 542
 0 543
 0 544
 0 545
 0 546
 0 547
 0 548
 0 549
 0 550
 0 551
 0 552
 0 553
 0 554
 0 555
 0 556
 0 557
 0 558
 0 559
 0 560
 0 561
 0 562
 0 563
 0 564
 0 565
 0 566
 0 567
 0 568
 0 569
 0 570
 0 571
 0 572
 0 573
 0 574
 0 575
 0 576
 0 577
 0 578
 0 579
 0 580
 0 581
 0 582
 0 583
 0 584
 0 585
 0 586
 0 587
 0 588
 0 589
 0 590
 0 591
 0 592
 0 593
 0 594
 0 595
 0 596
 0 597
 0 598
 0 599
 0 600


