# Created by Octave 3.8.2, Mon Jun 22 17:27:09 2020 CEST <damian@fptrucha.inv.usc.es>
# name: hd
# type: matrix
# rows: 551
# columns: 2
 0 50
 0 51
 0 52
 0 53
 0 54
 0 55
 0 56
 0 57
 0 58
 0 59
 0 60
 0 61
 0 62
 0 63
 0 64
 0 65
 0 66
 0 67
 0 68
 0 69
 0 70
 0 71
 0 72
 0 73
 0 74
 0 75
 0 76
 0 77
 0 78
 0 79
 0 80
 0 81
 0 82
 0 83
 0 84
 0 85
 0 86
 0 87
 0 88
 0 89
 4 90
 15 91
 33 92
 104 93
 222 94
 443 95
 577 96
 653 97
 877 98
 1191 99
 1512 100
 1601 101
 1679 102
 1728 103
 1656 104
 1661 105
 1551 106
 1593 107
 1573 108
 1488 109
 1379 110
 1285 111
 1242 112
 1141 113
 1073 114
 928 115
 836 116
 758 117
 712 118
 658 119
 580 120
 487 121
 489 122
 417 123
 377 124
 344 125
 311 126
 278 127
 244 128
 223 129
 193 130
 181 131
 166 132
 156 133
 148 134
 145 135
 107 136
 130 137
 112 138
 84 139
 85 140
 83 141
 76 142
 76 143
 65 144
 68 145
 53 146
 58 147
 48 148
 45 149
 40 150
 55 151
 39 152
 36 153
 44 154
 46 155
 40 156
 27 157
 24 158
 21 159
 21 160
 26 161
 14 162
 25 163
 25 164
 18 165
 15 166
 12 167
 10 168
 13 169
 11 170
 9 171
 7 172
 11 173
 4 174
 11 175
 11 176
 12 177
 12 178
 7 179
 6 180
 4 181
 5 182
 6 183
 7 184
 1 185
 4 186
 6 187
 4 188
 3 189
 3 190
 3 191
 1 192
 2 193
 1 194
 1 195
 1 196
 1 197
 0 198
 0 199
 1 200
 1 201
 0 202
 0 203
 0 204
 0 205
 0 206
 2 207
 0 208
 0 209
 1 210
 2 211
 1 212
 0 213
 1 214
 0 215
 2 216
 0 217
 0 218
 0 219
 0 220
 1 221
 0 222
 1 223
 0 224
 0 225
 0 226
 0 227
 0 228
 0 229
 0 230
 0 231
 1 232
 0 233
 0 234
 0 235
 0 236
 0 237
 0 238
 0 239
 0 240
 0 241
 0 242
 0 243
 1 244
 0 245
 0 246
 0 247
 0 248
 0 249
 0 250
 0 251
 0 252
 0 253
 0 254
 0 255
 0 256
 0 257
 0 258
 0 259
 0 260
 0 261
 0 262
 0 263
 0 264
 0 265
 0 266
 0 267
 0 268
 0 269
 0 270
 0 271
 0 272
 0 273
 0 274
 0 275
 0 276
 0 277
 0 278
 0 279
 0 280
 0 281
 0 282
 0 283
 0 284
 0 285
 0 286
 1 287
 0 288
 0 289
 1 290
 0 291
 0 292
 0 293
 0 294
 0 295
 1 296
 0 297
 1 298
 0 299
 2 300
 1 301
 0 302
 0 303
 1 304
 2 305
 0 306
 1 307
 0 308
 1 309
 0 310
 2 311
 2 312
 3 313
 1 314
 3 315
 1 316
 1 317
 1 318
 1 319
 3 320
 2 321
 1 322
 1 323
 2 324
 1 325
 0 326
 3 327
 1 328
 0 329
 0 330
 0 331
 3 332
 1 333
 2 334
 1 335
 1 336
 2 337
 2 338
 2 339
 0 340
 2 341
 1 342
 1 343
 2 344
 3 345
 1 346
 2 347
 0 348
 1 349
 1 350
 1 351
 1 352
 0 353
 1 354
 2 355
 3 356
 1 357
 1 358
 2 359
 0 360
 0 361
 1 362
 0 363
 1 364
 1 365
 0 366
 0 367
 0 368
 1 369
 1 370
 0 371
 1 372
 0 373
 0 374
 0 375
 1 376
 0 377
 1 378
 1 379
 3 380
 0 381
 0 382
 0 383
 0 384
 1 385
 1 386
 1 387
 0 388
 1 389
 0 390
 0 391
 0 392
 0 393
 1 394
 0 395
 0 396
 1 397
 1 398
 0 399
 0 400
 0 401
 0 402
 1 403
 0 404
 0 405
 0 406
 0 407
 0 408
 0 409
 0 410
 0 411
 0 412
 0 413
 0 414
 0 415
 0 416
 0 417
 0 418
 0 419
 0 420
 0 421
 0 422
 0 423
 1 424
 0 425
 0 426
 0 427
 0 428
 0 429
 0 430
 0 431
 0 432
 0 433
 0 434
 0 435
 0 436
 0 437
 0 438
 0 439
 0 440
 0 441
 0 442
 0 443
 0 444
 0 445
 0 446
 0 447
 0 448
 0 449
 0 450
 0 451
 0 452
 0 453
 0 454
 0 455
 0 456
 0 457
 0 458
 0 459
 0 460
 0 461
 0 462
 0 463
 0 464
 0 465
 0 466
 0 467
 0 468
 0 469
 0 470
 0 471
 0 472
 0 473
 0 474
 0 475
 0 476
 0 477
 0 478
 0 479
 0 480
 0 481
 0 482
 0 483
 0 484
 0 485
 0 486
 0 487
 0 488
 0 489
 0 490
 0 491
 0 492
 0 493
 0 494
 0 495
 0 496
 0 497
 0 498
 0 499
 0 500
 0 501
 0 502
 0 503
 0 504
 0 505
 0 506
 0 507
 0 508
 0 509
 0 510
 0 511
 0 512
 0 513
 0 514
 0 515
 0 516
 0 517
 0 518
 0 519
 0 520
 0 521
 0 522
 0 523
 0 524
 0 525
 0 526
 0 527
 0 528
 0 529
 0 530
 0 531
 0 532
 0 533
 0 534
 0 535
 0 536
 0 537
 0 538
 0 539
 0 540
 0 541
 0 542
 0 543
 0 544
 0 545
 0 546
 0 547
 0 548
 0 549
 0 550
 0 551
 0 552
 0 553
 0 554
 0 555
 0 556
 0 557
 0 558
 0 559
 0 560
 0 561
 0 562
 0 563
 0 564
 0 565
 0 566
 0 567
 0 568
 0 569
 0 570
 0 571
 0 572
 0 573
 0 574
 0 575
 0 576
 0 577
 0 578
 0 579
 0 580
 0 581
 0 582
 0 583
 0 584
 0 585
 0 586
 0 587
 0 588
 0 589
 0 590
 0 591
 0 592
 0 593
 0 594
 0 595
 0 596
 0 597
 0 598
 0 599
 0 600


