# Created by Octave 3.8.2, Mon Jun 22 19:42:40 2020 CEST <damian@fptrucha.inv.usc.es>
# name: hd
# type: matrix
# rows: 551
# columns: 2
 0 50
 0 51
 0 52
 0 53
 0 54
 0 55
 0 56
 0 57
 0 58
 0 59
 0 60
 0 61
 0 62
 0 63
 0 64
 0 65
 0 66
 0 67
 0 68
 0 69
 0 70
 0 71
 0 72
 0 73
 0 74
 0 75
 0 76
 0 77
 0 78
 0 79
 0 80
 0 81
 0 82
 0 83
 0 84
 0 85
 0 86
 0 87
 0 88
 1 89
 5 90
 7 91
 25 92
 108 93
 204 94
 401 95
 521 96
 686 97
 805 98
 1105 99
 1432 100
 1518 101
 1596 102
 1578 103
 1579 104
 1689 105
 1629 106
 1629 107
 1580 108
 1477 109
 1442 110
 1279 111
 1250 112
 1194 113
 1081 114
 1032 115
 890 116
 842 117
 732 118
 675 119
 595 120
 587 121
 498 122
 451 123
 416 124
 347 125
 338 126
 327 127
 269 128
 233 129
 251 130
 196 131
 174 132
 199 133
 146 134
 177 135
 149 136
 126 137
 124 138
 84 139
 88 140
 88 141
 83 142
 76 143
 91 144
 61 145
 77 146
 59 147
 51 148
 46 149
 49 150
 42 151
 38 152
 41 153
 37 154
 39 155
 27 156
 27 157
 30 158
 39 159
 29 160
 25 161
 27 162
 18 163
 20 164
 16 165
 17 166
 19 167
 18 168
 15 169
 15 170
 10 171
 15 172
 13 173
 12 174
 9 175
 8 176
 9 177
 11 178
 6 179
 11 180
 5 181
 3 182
 3 183
 7 184
 3 185
 4 186
 4 187
 3 188
 4 189
 3 190
 3 191
 1 192
 5 193
 2 194
 3 195
 1 196
 0 197
 2 198
 2 199
 2 200
 1 201
 1 202
 1 203
 1 204
 0 205
 0 206
 2 207
 1 208
 1 209
 0 210
 2 211
 0 212
 0 213
 0 214
 0 215
 0 216
 0 217
 0 218
 0 219
 0 220
 2 221
 1 222
 0 223
 2 224
 0 225
 0 226
 0 227
 0 228
 0 229
 0 230
 0 231
 0 232
 0 233
 0 234
 0 235
 0 236
 0 237
 0 238
 0 239
 0 240
 0 241
 0 242
 0 243
 0 244
 0 245
 0 246
 0 247
 0 248
 0 249
 0 250
 0 251
 0 252
 0 253
 0 254
 0 255
 0 256
 0 257
 0 258
 0 259
 0 260
 0 261
 0 262
 0 263
 0 264
 0 265
 0 266
 0 267
 0 268
 0 269
 0 270
 0 271
 0 272
 0 273
 0 274
 0 275
 0 276
 0 277
 0 278
 0 279
 0 280
 0 281
 0 282
 0 283
 0 284
 0 285
 1 286
 0 287
 1 288
 1 289
 0 290
 0 291
 1 292
 0 293
 1 294
 0 295
 2 296
 1 297
 2 298
 2 299
 2 300
 0 301
 0 302
 0 303
 2 304
 1 305
 1 306
 0 307
 2 308
 1 309
 3 310
 1 311
 1 312
 0 313
 0 314
 0 315
 2 316
 2 317
 0 318
 2 319
 2 320
 3 321
 2 322
 2 323
 0 324
 1 325
 3 326
 1 327
 0 328
 2 329
 2 330
 1 331
 1 332
 2 333
 2 334
 1 335
 2 336
 3 337
 0 338
 2 339
 5 340
 3 341
 3 342
 2 343
 2 344
 2 345
 2 346
 1 347
 1 348
 0 349
 1 350
 2 351
 2 352
 0 353
 1 354
 1 355
 3 356
 1 357
 0 358
 1 359
 1 360
 1 361
 0 362
 1 363
 0 364
 1 365
 4 366
 1 367
 1 368
 1 369
 1 370
 1 371
 2 372
 0 373
 2 374
 2 375
 0 376
 0 377
 4 378
 0 379
 1 380
 0 381
 1 382
 0 383
 0 384
 0 385
 0 386
 1 387
 0 388
 0 389
 0 390
 0 391
 0 392
 1 393
 0 394
 0 395
 1 396
 1 397
 0 398
 1 399
 1 400
 0 401
 0 402
 0 403
 0 404
 0 405
 0 406
 0 407
 0 408
 0 409
 0 410
 0 411
 0 412
 0 413
 0 414
 0 415
 0 416
 0 417
 0 418
 0 419
 0 420
 0 421
 0 422
 1 423
 0 424
 0 425
 0 426
 0 427
 0 428
 0 429
 0 430
 0 431
 0 432
 0 433
 0 434
 0 435
 0 436
 0 437
 0 438
 0 439
 0 440
 0 441
 0 442
 0 443
 0 444
 0 445
 0 446
 0 447
 0 448
 0 449
 0 450
 0 451
 0 452
 0 453
 0 454
 0 455
 0 456
 0 457
 0 458
 0 459
 0 460
 0 461
 0 462
 0 463
 0 464
 0 465
 0 466
 0 467
 0 468
 0 469
 0 470
 0 471
 0 472
 0 473
 0 474
 0 475
 0 476
 0 477
 0 478
 0 479
 0 480
 0 481
 0 482
 0 483
 0 484
 0 485
 0 486
 0 487
 0 488
 0 489
 0 490
 0 491
 0 492
 0 493
 0 494
 0 495
 0 496
 0 497
 0 498
 0 499
 0 500
 0 501
 0 502
 0 503
 0 504
 0 505
 0 506
 0 507
 0 508
 0 509
 0 510
 0 511
 0 512
 0 513
 0 514
 0 515
 0 516
 0 517
 0 518
 0 519
 0 520
 0 521
 0 522
 0 523
 0 524
 0 525
 0 526
 0 527
 0 528
 0 529
 0 530
 0 531
 0 532
 0 533
 0 534
 0 535
 0 536
 0 537
 0 538
 0 539
 0 540
 0 541
 0 542
 0 543
 0 544
 0 545
 0 546
 0 547
 0 548
 0 549
 0 550
 0 551
 0 552
 0 553
 0 554
 0 555
 0 556
 0 557
 0 558
 0 559
 0 560
 0 561
 0 562
 0 563
 0 564
 0 565
 0 566
 0 567
 0 568
 0 569
 0 570
 0 571
 0 572
 0 573
 0 574
 0 575
 0 576
 0 577
 0 578
 0 579
 0 580
 0 581
 0 582
 0 583
 0 584
 0 585
 0 586
 0 587
 0 588
 0 589
 0 590
 0 591
 0 592
 0 593
 0 594
 0 595
 0 596
 0 597
 0 598
 0 599
 0 600


