# Created by Octave 3.8.2, Sat Jun 20 20:12:35 2020 CEST <damian@fptrucha.inv.usc.es>
# name: hd
# type: matrix
# rows: 551
# columns: 2
 0 50
 0 51
 0 52
 0 53
 0 54
 0 55
 0 56
 0 57
 0 58
 0 59
 0 60
 0 61
 0 62
 0 63
 0 64
 0 65
 0 66
 0 67
 0 68
 0 69
 0 70
 0 71
 0 72
 0 73
 0 74
 0 75
 0 76
 0 77
 0 78
 0 79
 0 80
 0 81
 0 82
 0 83
 0 84
 1 85
 0 86
 0 87
 0 88
 1 89
 6 90
 25 91
 46 92
 98 93
 281 94
 374 95
 465 96
 584 97
 766 98
 983 99
 1159 100
 1215 101
 1186 102
 1291 103
 1340 104
 1319 105
 1444 106
 1360 107
 1276 108
 1306 109
 1303 110
 1220 111
 1275 112
 1140 113
 1095 114
 960 115
 878 116
 866 117
 826 118
 745 119
 691 120
 631 121
 580 122
 523 123
 456 124
 420 125
 378 126
 345 127
 325 128
 305 129
 281 130
 233 131
 235 132
 200 133
 190 134
 167 135
 182 136
 125 137
 110 138
 107 139
 114 140
 97 141
 100 142
 88 143
 78 144
 67 145
 67 146
 62 147
 55 148
 45 149
 53 150
 55 151
 49 152
 41 153
 39 154
 29 155
 29 156
 29 157
 36 158
 25 159
 26 160
 30 161
 15 162
 18 163
 16 164
 14 165
 17 166
 14 167
 9 168
 17 169
 15 170
 7 171
 15 172
 5 173
 8 174
 9 175
 5 176
 9 177
 7 178
 6 179
 7 180
 5 181
 8 182
 0 183
 3 184
 4 185
 9 186
 6 187
 3 188
 1 189
 1 190
 3 191
 0 192
 3 193
 0 194
 1 195
 0 196
 4 197
 5 198
 0 199
 1 200
 4 201
 0 202
 0 203
 1 204
 0 205
 0 206
 2 207
 1 208
 0 209
 1 210
 1 211
 2 212
 1 213
 2 214
 1 215
 0 216
 1 217
 0 218
 0 219
 0 220
 0 221
 1 222
 0 223
 0 224
 0 225
 1 226
 0 227
 0 228
 0 229
 1 230
 0 231
 0 232
 1 233
 1 234
 0 235
 0 236
 1 237
 0 238
 0 239
 0 240
 0 241
 0 242
 0 243
 0 244
 0 245
 0 246
 0 247
 0 248
 0 249
 0 250
 0 251
 0 252
 0 253
 0 254
 0 255
 0 256
 0 257
 0 258
 0 259
 0 260
 0 261
 0 262
 0 263
 0 264
 0 265
 1 266
 0 267
 0 268
 0 269
 0 270
 0 271
 0 272
 0 273
 0 274
 0 275
 0 276
 0 277
 0 278
 0 279
 0 280
 0 281
 0 282
 0 283
 1 284
 0 285
 0 286
 0 287
 0 288
 1 289
 1 290
 0 291
 1 292
 0 293
 0 294
 1 295
 1 296
 0 297
 0 298
 1 299
 1 300
 1 301
 0 302
 1 303
 0 304
 0 305
 0 306
 0 307
 0 308
 1 309
 1 310
 1 311
 0 312
 1 313
 2 314
 1 315
 1 316
 0 317
 1 318
 4 319
 2 320
 0 321
 2 322
 2 323
 2 324
 0 325
 3 326
 0 327
 3 328
 1 329
 0 330
 1 331
 1 332
 4 333
 1 334
 2 335
 1 336
 0 337
 0 338
 4 339
 3 340
 2 341
 1 342
 2 343
 1 344
 1 345
 1 346
 0 347
 1 348
 0 349
 0 350
 0 351
 1 352
 0 353
 2 354
 0 355
 1 356
 1 357
 0 358
 4 359
 0 360
 1 361
 0 362
 2 363
 0 364
 1 365
 0 366
 2 367
 1 368
 2 369
 0 370
 0 371
 0 372
 0 373
 0 374
 0 375
 0 376
 1 377
 2 378
 0 379
 0 380
 1 381
 1 382
 0 383
 0 384
 0 385
 0 386
 1 387
 0 388
 0 389
 1 390
 1 391
 0 392
 1 393
 0 394
 0 395
 0 396
 0 397
 1 398
 0 399
 0 400
 0 401
 0 402
 0 403
 0 404
 0 405
 0 406
 1 407
 0 408
 0 409
 0 410
 0 411
 0 412
 0 413
 0 414
 0 415
 0 416
 0 417
 1 418
 0 419
 0 420
 0 421
 0 422
 0 423
 0 424
 0 425
 0 426
 0 427
 0 428
 0 429
 0 430
 0 431
 0 432
 0 433
 0 434
 0 435
 0 436
 0 437
 0 438
 0 439
 0 440
 0 441
 0 442
 0 443
 0 444
 0 445
 0 446
 0 447
 0 448
 0 449
 0 450
 0 451
 0 452
 0 453
 0 454
 0 455
 0 456
 0 457
 0 458
 0 459
 0 460
 0 461
 0 462
 0 463
 0 464
 0 465
 0 466
 0 467
 0 468
 0 469
 0 470
 0 471
 0 472
 0 473
 0 474
 0 475
 0 476
 0 477
 0 478
 0 479
 0 480
 0 481
 0 482
 0 483
 0 484
 0 485
 0 486
 0 487
 0 488
 0 489
 0 490
 0 491
 0 492
 0 493
 0 494
 0 495
 0 496
 0 497
 0 498
 0 499
 0 500
 0 501
 0 502
 0 503
 0 504
 0 505
 0 506
 0 507
 0 508
 0 509
 0 510
 0 511
 0 512
 0 513
 0 514
 0 515
 0 516
 0 517
 0 518
 0 519
 0 520
 0 521
 0 522
 0 523
 0 524
 0 525
 0 526
 0 527
 0 528
 0 529
 0 530
 0 531
 0 532
 0 533
 0 534
 0 535
 0 536
 0 537
 0 538
 0 539
 0 540
 0 541
 0 542
 0 543
 0 544
 0 545
 0 546
 0 547
 0 548
 0 549
 0 550
 0 551
 0 552
 0 553
 0 554
 0 555
 0 556
 0 557
 0 558
 0 559
 0 560
 0 561
 0 562
 0 563
 0 564
 0 565
 0 566
 0 567
 0 568
 0 569
 0 570
 0 571
 0 572
 0 573
 0 574
 0 575
 0 576
 0 577
 0 578
 0 579
 0 580
 0 581
 0 582
 0 583
 0 584
 0 585
 0 586
 0 587
 0 588
 0 589
 0 590
 0 591
 0 592
 0 593
 0 594
 0 595
 0 596
 0 597
 0 598
 0 599
 0 600


