# Created by Octave 3.8.2, Mon Jun 22 23:07:03 2020 CEST <damian@fptrucha.inv.usc.es>
# name: hd
# type: matrix
# rows: 551
# columns: 2
 0 50
 0 51
 0 52
 0 53
 0 54
 0 55
 0 56
 0 57
 0 58
 0 59
 0 60
 0 61
 0 62
 0 63
 0 64
 0 65
 0 66
 0 67
 0 68
 0 69
 0 70
 0 71
 0 72
 0 73
 0 74
 0 75
 0 76
 0 77
 0 78
 0 79
 0 80
 0 81
 0 82
 0 83
 0 84
 0 85
 0 86
 0 87
 0 88
 2 89
 2 90
 8 91
 40 92
 113 93
 241 94
 471 95
 607 96
 695 97
 921 98
 1281 99
 1531 100
 1563 101
 1684 102
 1816 103
 1705 104
 1737 105
 1630 106
 1737 107
 1649 108
 1522 109
 1425 110
 1313 111
 1250 112
 1168 113
 1083 114
 928 115
 885 116
 837 117
 806 118
 692 119
 630 120
 542 121
 503 122
 448 123
 427 124
 360 125
 315 126
 281 127
 254 128
 209 129
 187 130
 226 131
 174 132
 184 133
 147 134
 128 135
 113 136
 123 137
 107 138
 119 139
 97 140
 93 141
 81 142
 75 143
 78 144
 59 145
 55 146
 57 147
 57 148
 44 149
 39 150
 44 151
 34 152
 45 153
 31 154
 26 155
 37 156
 29 157
 26 158
 33 159
 27 160
 18 161
 21 162
 24 163
 15 164
 25 165
 10 166
 21 167
 18 168
 20 169
 14 170
 11 171
 7 172
 7 173
 12 174
 12 175
 10 176
 7 177
 8 178
 10 179
 4 180
 5 181
 6 182
 5 183
 4 184
 4 185
 4 186
 4 187
 3 188
 0 189
 5 190
 4 191
 4 192
 3 193
 1 194
 0 195
 1 196
 3 197
 1 198
 1 199
 0 200
 2 201
 2 202
 0 203
 1 204
 1 205
 0 206
 0 207
 2 208
 1 209
 0 210
 1 211
 1 212
 0 213
 1 214
 1 215
 0 216
 1 217
 0 218
 1 219
 0 220
 0 221
 0 222
 0 223
 0 224
 1 225
 0 226
 0 227
 1 228
 0 229
 1 230
 0 231
 0 232
 0 233
 0 234
 0 235
 0 236
 0 237
 0 238
 0 239
 0 240
 0 241
 0 242
 0 243
 0 244
 0 245
 0 246
 0 247
 0 248
 0 249
 0 250
 0 251
 0 252
 0 253
 0 254
 0 255
 0 256
 0 257
 0 258
 0 259
 0 260
 0 261
 0 262
 0 263
 0 264
 0 265
 0 266
 0 267
 0 268
 0 269
 0 270
 0 271
 0 272
 0 273
 0 274
 0 275
 0 276
 0 277
 0 278
 0 279
 0 280
 0 281
 0 282
 0 283
 0 284
 0 285
 0 286
 1 287
 0 288
 1 289
 0 290
 0 291
 0 292
 0 293
 2 294
 0 295
 2 296
 0 297
 0 298
 1 299
 2 300
 0 301
 0 302
 1 303
 0 304
 0 305
 1 306
 0 307
 1 308
 1 309
 2 310
 0 311
 2 312
 0 313
 2 314
 1 315
 1 316
 1 317
 0 318
 2 319
 0 320
 0 321
 0 322
 5 323
 1 324
 1 325
 0 326
 1 327
 2 328
 1 329
 1 330
 3 331
 2 332
 3 333
 2 334
 1 335
 2 336
 1 337
 2 338
 2 339
 0 340
 2 341
 0 342
 2 343
 1 344
 4 345
 1 346
 1 347
 5 348
 1 349
 2 350
 2 351
 0 352
 2 353
 2 354
 4 355
 4 356
 2 357
 1 358
 1 359
 1 360
 0 361
 1 362
 0 363
 0 364
 1 365
 2 366
 1 367
 0 368
 1 369
 2 370
 1 371
 1 372
 1 373
 0 374
 0 375
 0 376
 0 377
 0 378
 1 379
 0 380
 0 381
 0 382
 1 383
 0 384
 0 385
 0 386
 2 387
 0 388
 0 389
 0 390
 0 391
 0 392
 0 393
 0 394
 0 395
 0 396
 0 397
 0 398
 0 399
 1 400
 0 401
 1 402
 0 403
 0 404
 0 405
 0 406
 0 407
 0 408
 0 409
 0 410
 0 411
 0 412
 0 413
 0 414
 0 415
 0 416
 0 417
 0 418
 0 419
 0 420
 0 421
 0 422
 0 423
 0 424
 0 425
 0 426
 0 427
 0 428
 0 429
 0 430
 0 431
 0 432
 0 433
 0 434
 0 435
 0 436
 0 437
 0 438
 0 439
 0 440
 0 441
 0 442
 0 443
 0 444
 0 445
 0 446
 0 447
 0 448
 0 449
 0 450
 0 451
 0 452
 0 453
 0 454
 0 455
 0 456
 0 457
 0 458
 0 459
 0 460
 0 461
 0 462
 0 463
 0 464
 0 465
 0 466
 0 467
 0 468
 0 469
 0 470
 0 471
 0 472
 0 473
 0 474
 0 475
 0 476
 0 477
 0 478
 0 479
 0 480
 0 481
 0 482
 0 483
 0 484
 0 485
 0 486
 0 487
 0 488
 0 489
 0 490
 0 491
 0 492
 0 493
 0 494
 0 495
 0 496
 0 497
 0 498
 0 499
 0 500
 0 501
 0 502
 0 503
 0 504
 0 505
 0 506
 0 507
 0 508
 0 509
 0 510
 0 511
 0 512
 0 513
 0 514
 0 515
 0 516
 0 517
 0 518
 0 519
 0 520
 0 521
 0 522
 0 523
 0 524
 0 525
 0 526
 0 527
 0 528
 0 529
 0 530
 0 531
 0 532
 0 533
 0 534
 0 535
 0 536
 0 537
 0 538
 0 539
 0 540
 0 541
 0 542
 0 543
 0 544
 0 545
 0 546
 0 547
 0 548
 0 549
 0 550
 0 551
 0 552
 0 553
 0 554
 0 555
 0 556
 0 557
 0 558
 0 559
 0 560
 0 561
 0 562
 0 563
 0 564
 0 565
 0 566
 0 567
 0 568
 0 569
 0 570
 0 571
 0 572
 0 573
 0 574
 0 575
 0 576
 0 577
 0 578
 0 579
 0 580
 0 581
 0 582
 0 583
 0 584
 0 585
 0 586
 0 587
 0 588
 0 589
 0 590
 0 591
 0 592
 0 593
 0 594
 0 595
 0 596
 0 597
 0 598
 0 599
 0 600


