# Created by Octave 3.8.2, Mon Jun 22 03:50:49 2020 CEST <damian@fptrucha.inv.usc.es>
# name: hd
# type: matrix
# rows: 551
# columns: 2
 0 50
 0 51
 0 52
 0 53
 0 54
 0 55
 0 56
 0 57
 0 58
 0 59
 0 60
 0 61
 0 62
 0 63
 0 64
 0 65
 0 66
 0 67
 0 68
 0 69
 0 70
 0 71
 0 72
 0 73
 0 74
 0 75
 0 76
 0 77
 0 78
 0 79
 0 80
 0 81
 0 82
 0 83
 0 84
 0 85
 0 86
 0 87
 1 88
 0 89
 1 90
 8 91
 21 92
 83 93
 146 94
 345 95
 530 96
 605 97
 786 98
 1034 99
 1409 100
 1438 101
 1508 102
 1525 103
 1558 104
 1517 105
 1411 106
 1458 107
 1436 108
 1363 109
 1344 110
 1226 111
 1126 112
 957 113
 934 114
 836 115
 806 116
 661 117
 606 118
 555 119
 566 120
 468 121
 414 122
 359 123
 308 124
 341 125
 241 126
 244 127
 199 128
 191 129
 167 130
 146 131
 142 132
 133 133
 133 134
 124 135
 96 136
 100 137
 80 138
 94 139
 70 140
 82 141
 68 142
 59 143
 56 144
 56 145
 57 146
 40 147
 49 148
 38 149
 45 150
 31 151
 33 152
 33 153
 22 154
 32 155
 27 156
 25 157
 26 158
 20 159
 26 160
 26 161
 23 162
 19 163
 16 164
 15 165
 17 166
 14 167
 12 168
 11 169
 7 170
 8 171
 6 172
 5 173
 5 174
 8 175
 3 176
 8 177
 10 178
 3 179
 7 180
 3 181
 4 182
 4 183
 2 184
 2 185
 3 186
 3 187
 2 188
 1 189
 3 190
 2 191
 1 192
 2 193
 2 194
 1 195
 0 196
 2 197
 0 198
 2 199
 2 200
 0 201
 0 202
 0 203
 1 204
 0 205
 0 206
 0 207
 1 208
 1 209
 1 210
 3 211
 0 212
 0 213
 0 214
 1 215
 2 216
 1 217
 1 218
 0 219
 0 220
 0 221
 0 222
 0 223
 0 224
 0 225
 0 226
 0 227
 0 228
 0 229
 0 230
 0 231
 0 232
 0 233
 0 234
 0 235
 0 236
 0 237
 0 238
 0 239
 0 240
 0 241
 0 242
 0 243
 0 244
 0 245
 0 246
 0 247
 0 248
 0 249
 0 250
 0 251
 0 252
 0 253
 0 254
 0 255
 0 256
 0 257
 0 258
 0 259
 0 260
 0 261
 0 262
 0 263
 0 264
 0 265
 0 266
 0 267
 0 268
 0 269
 0 270
 0 271
 0 272
 0 273
 0 274
 0 275
 0 276
 0 277
 0 278
 0 279
 0 280
 0 281
 0 282
 0 283
 0 284
 0 285
 0 286
 0 287
 1 288
 1 289
 0 290
 0 291
 0 292
 0 293
 0 294
 0 295
 2 296
 0 297
 0 298
 0 299
 0 300
 1 301
 2 302
 0 303
 1 304
 0 305
 1 306
 1 307
 1 308
 0 309
 0 310
 2 311
 1 312
 0 313
 1 314
 2 315
 0 316
 0 317
 1 318
 1 319
 1 320
 1 321
 0 322
 1 323
 3 324
 4 325
 1 326
 3 327
 0 328
 0 329
 2 330
 2 331
 0 332
 1 333
 1 334
 0 335
 0 336
 1 337
 2 338
 0 339
 0 340
 1 341
 1 342
 4 343
 1 344
 0 345
 0 346
 0 347
 2 348
 4 349
 2 350
 2 351
 1 352
 0 353
 3 354
 0 355
 3 356
 0 357
 1 358
 0 359
 3 360
 0 361
 0 362
 0 363
 0 364
 3 365
 0 366
 1 367
 0 368
 0 369
 0 370
 0 371
 3 372
 0 373
 1 374
 2 375
 1 376
 0 377
 0 378
 1 379
 1 380
 1 381
 0 382
 1 383
 1 384
 0 385
 1 386
 0 387
 1 388
 0 389
 0 390
 0 391
 0 392
 0 393
 0 394
 0 395
 1 396
 0 397
 0 398
 1 399
 0 400
 0 401
 0 402
 0 403
 0 404
 0 405
 0 406
 0 407
 0 408
 0 409
 0 410
 0 411
 0 412
 0 413
 0 414
 0 415
 0 416
 0 417
 0 418
 0 419
 0 420
 0 421
 0 422
 0 423
 0 424
 0 425
 0 426
 0 427
 0 428
 0 429
 0 430
 0 431
 0 432
 0 433
 0 434
 0 435
 0 436
 0 437
 0 438
 0 439
 0 440
 0 441
 0 442
 0 443
 0 444
 0 445
 0 446
 0 447
 0 448
 0 449
 0 450
 0 451
 0 452
 0 453
 0 454
 0 455
 0 456
 0 457
 0 458
 0 459
 0 460
 0 461
 0 462
 0 463
 0 464
 0 465
 0 466
 0 467
 0 468
 0 469
 0 470
 0 471
 0 472
 0 473
 0 474
 0 475
 0 476
 0 477
 0 478
 0 479
 0 480
 0 481
 0 482
 0 483
 0 484
 0 485
 0 486
 0 487
 0 488
 0 489
 0 490
 0 491
 0 492
 0 493
 0 494
 0 495
 0 496
 0 497
 0 498
 0 499
 0 500
 0 501
 0 502
 0 503
 0 504
 0 505
 0 506
 0 507
 0 508
 0 509
 0 510
 0 511
 0 512
 0 513
 0 514
 0 515
 0 516
 0 517
 0 518
 0 519
 0 520
 0 521
 0 522
 0 523
 0 524
 0 525
 0 526
 0 527
 0 528
 0 529
 0 530
 0 531
 0 532
 0 533
 0 534
 0 535
 0 536
 0 537
 0 538
 0 539
 0 540
 0 541
 0 542
 0 543
 0 544
 0 545
 0 546
 0 547
 0 548
 0 549
 0 550
 0 551
 0 552
 0 553
 0 554
 0 555
 0 556
 0 557
 0 558
 0 559
 0 560
 0 561
 0 562
 0 563
 0 564
 0 565
 0 566
 0 567
 0 568
 0 569
 0 570
 0 571
 0 572
 0 573
 0 574
 0 575
 0 576
 0 577
 0 578
 0 579
 0 580
 0 581
 0 582
 0 583
 0 584
 0 585
 0 586
 0 587
 0 588
 0 589
 0 590
 0 591
 0 592
 0 593
 0 594
 0 595
 0 596
 0 597
 0 598
 0 599
 0 600


