# Created by Octave 3.8.2, Sat Jun 20 21:43:45 2020 CEST <damian@fptrucha.inv.usc.es>
# name: hd
# type: matrix
# rows: 551
# columns: 2
 0 50
 0 51
 0 52
 0 53
 0 54
 0 55
 0 56
 0 57
 0 58
 0 59
 0 60
 0 61
 0 62
 0 63
 0 64
 0 65
 0 66
 0 67
 0 68
 0 69
 0 70
 0 71
 0 72
 0 73
 0 74
 0 75
 0 76
 0 77
 0 78
 0 79
 0 80
 0 81
 0 82
 0 83
 0 84
 0 85
 0 86
 0 87
 0 88
 4 89
 8 90
 18 91
 42 92
 125 93
 282 94
 404 95
 421 96
 564 97
 786 98
 965 99
 1124 100
 1167 101
 1221 102
 1312 103
 1340 104
 1329 105
 1356 106
 1345 107
 1361 108
 1284 109
 1262 110
 1219 111
 1165 112
 1047 113
 1065 114
 917 115
 878 116
 859 117
 775 118
 730 119
 639 120
 602 121
 548 122
 520 123
 457 124
 450 125
 391 126
 331 127
 301 128
 295 129
 293 130
 251 131
 216 132
 216 133
 180 134
 155 135
 126 136
 145 137
 111 138
 85 139
 110 140
 98 141
 84 142
 92 143
 61 144
 69 145
 54 146
 54 147
 52 148
 49 149
 49 150
 56 151
 42 152
 41 153
 37 154
 35 155
 30 156
 25 157
 31 158
 38 159
 31 160
 35 161
 16 162
 23 163
 20 164
 23 165
 19 166
 12 167
 14 168
 13 169
 9 170
 8 171
 8 172
 8 173
 13 174
 10 175
 4 176
 12 177
 3 178
 6 179
 5 180
 4 181
 3 182
 7 183
 1 184
 6 185
 2 186
 2 187
 5 188
 4 189
 4 190
 2 191
 1 192
 2 193
 2 194
 4 195
 4 196
 1 197
 1 198
 1 199
 0 200
 0 201
 0 202
 2 203
 2 204
 0 205
 2 206
 0 207
 1 208
 0 209
 0 210
 1 211
 0 212
 1 213
 1 214
 0 215
 4 216
 0 217
 1 218
 1 219
 0 220
 1 221
 0 222
 0 223
 0 224
 1 225
 1 226
 1 227
 0 228
 0 229
 0 230
 0 231
 0 232
 0 233
 0 234
 1 235
 0 236
 0 237
 0 238
 0 239
 0 240
 0 241
 0 242
 0 243
 0 244
 0 245
 0 246
 0 247
 0 248
 0 249
 0 250
 0 251
 0 252
 0 253
 0 254
 0 255
 0 256
 0 257
 0 258
 0 259
 0 260
 0 261
 0 262
 0 263
 1 264
 0 265
 0 266
 0 267
 0 268
 0 269
 0 270
 0 271
 0 272
 0 273
 0 274
 0 275
 0 276
 0 277
 0 278
 0 279
 0 280
 0 281
 0 282
 0 283
 1 284
 0 285
 0 286
 1 287
 0 288
 0 289
 0 290
 0 291
 0 292
 0 293
 0 294
 2 295
 1 296
 1 297
 0 298
 2 299
 0 300
 0 301
 1 302
 0 303
 2 304
 2 305
 1 306
 1 307
 0 308
 1 309
 0 310
 0 311
 0 312
 2 313
 0 314
 0 315
 0 316
 1 317
 1 318
 1 319
 2 320
 2 321
 2 322
 0 323
 1 324
 0 325
 2 326
 1 327
 2 328
 0 329
 1 330
 3 331
 0 332
 4 333
 1 334
 3 335
 2 336
 0 337
 1 338
 0 339
 1 340
 1 341
 0 342
 4 343
 0 344
 3 345
 1 346
 2 347
 1 348
 2 349
 0 350
 1 351
 1 352
 2 353
 1 354
 3 355
 0 356
 1 357
 1 358
 0 359
 1 360
 1 361
 0 362
 1 363
 0 364
 0 365
 0 366
 0 367
 1 368
 0 369
 1 370
 0 371
 2 372
 2 373
 0 374
 1 375
 0 376
 1 377
 0 378
 0 379
 0 380
 1 381
 0 382
 1 383
 2 384
 0 385
 0 386
 0 387
 1 388
 0 389
 2 390
 0 391
 0 392
 0 393
 0 394
 0 395
 1 396
 0 397
 0 398
 0 399
 0 400
 0 401
 0 402
 0 403
 0 404
 0 405
 0 406
 0 407
 0 408
 0 409
 0 410
 0 411
 0 412
 0 413
 0 414
 0 415
 0 416
 0 417
 0 418
 0 419
 1 420
 0 421
 0 422
 0 423
 0 424
 0 425
 0 426
 0 427
 0 428
 0 429
 0 430
 0 431
 0 432
 0 433
 0 434
 0 435
 0 436
 0 437
 0 438
 0 439
 0 440
 0 441
 0 442
 0 443
 0 444
 0 445
 0 446
 0 447
 0 448
 0 449
 0 450
 0 451
 0 452
 0 453
 0 454
 0 455
 0 456
 0 457
 0 458
 0 459
 0 460
 0 461
 0 462
 0 463
 0 464
 0 465
 0 466
 0 467
 0 468
 0 469
 0 470
 0 471
 0 472
 0 473
 0 474
 0 475
 0 476
 0 477
 0 478
 0 479
 0 480
 0 481
 0 482
 0 483
 0 484
 0 485
 0 486
 0 487
 0 488
 0 489
 0 490
 0 491
 0 492
 0 493
 0 494
 0 495
 0 496
 0 497
 0 498
 0 499
 0 500
 0 501
 0 502
 0 503
 0 504
 0 505
 0 506
 0 507
 0 508
 0 509
 0 510
 0 511
 0 512
 0 513
 0 514
 0 515
 0 516
 0 517
 0 518
 0 519
 0 520
 0 521
 0 522
 0 523
 0 524
 0 525
 0 526
 0 527
 0 528
 0 529
 0 530
 0 531
 0 532
 0 533
 0 534
 0 535
 0 536
 0 537
 0 538
 0 539
 0 540
 0 541
 0 542
 0 543
 0 544
 0 545
 0 546
 0 547
 0 548
 0 549
 0 550
 0 551
 0 552
 0 553
 0 554
 0 555
 0 556
 0 557
 0 558
 0 559
 0 560
 0 561
 0 562
 0 563
 0 564
 0 565
 0 566
 0 567
 0 568
 0 569
 0 570
 0 571
 0 572
 0 573
 0 574
 0 575
 0 576
 0 577
 0 578
 0 579
 0 580
 0 581
 0 582
 0 583
 0 584
 0 585
 0 586
 0 587
 0 588
 0 589
 0 590
 0 591
 0 592
 0 593
 0 594
 0 595
 0 596
 0 597
 0 598
 0 599
 0 600


