# Created by Octave 3.8.2, Mon Jun 22 06:09:53 2020 CEST <damian@fptrucha.inv.usc.es>
# name: hd
# type: matrix
# rows: 551
# columns: 2
 0 50
 0 51
 0 52
 0 53
 0 54
 0 55
 0 56
 0 57
 0 58
 0 59
 0 60
 0 61
 0 62
 0 63
 0 64
 0 65
 0 66
 0 67
 0 68
 0 69
 0 70
 0 71
 0 72
 0 73
 0 74
 0 75
 0 76
 0 77
 0 78
 0 79
 0 80
 0 81
 0 82
 0 83
 0 84
 0 85
 0 86
 0 87
 0 88
 1 89
 2 90
 13 91
 16 92
 86 93
 169 94
 359 95
 498 96
 597 97
 749 98
 1037 99
 1341 100
 1408 101
 1528 102
 1552 103
 1573 104
 1563 105
 1515 106
 1494 107
 1423 108
 1349 109
 1352 110
 1240 111
 1137 112
 1017 113
 917 114
 868 115
 803 116
 739 117
 690 118
 559 119
 548 120
 499 121
 448 122
 378 123
 324 124
 313 125
 275 126
 237 127
 218 128
 184 129
 168 130
 179 131
 130 132
 159 133
 115 134
 114 135
 118 136
 87 137
 97 138
 75 139
 75 140
 85 141
 82 142
 46 143
 63 144
 52 145
 48 146
 49 147
 53 148
 50 149
 48 150
 42 151
 28 152
 19 153
 28 154
 29 155
 28 156
 25 157
 17 158
 23 159
 29 160
 18 161
 38 162
 18 163
 20 164
 17 165
 19 166
 10 167
 15 168
 9 169
 12 170
 21 171
 11 172
 12 173
 9 174
 6 175
 6 176
 9 177
 8 178
 5 179
 2 180
 2 181
 5 182
 5 183
 8 184
 6 185
 5 186
 3 187
 10 188
 2 189
 3 190
 3 191
 0 192
 2 193
 1 194
 2 195
 2 196
 1 197
 0 198
 0 199
 1 200
 0 201
 1 202
 1 203
 0 204
 0 205
 1 206
 0 207
 0 208
 0 209
 0 210
 1 211
 0 212
 1 213
 2 214
 0 215
 0 216
 0 217
 1 218
 0 219
 0 220
 0 221
 0 222
 0 223
 0 224
 0 225
 0 226
 0 227
 0 228
 1 229
 0 230
 0 231
 0 232
 0 233
 0 234
 0 235
 0 236
 0 237
 0 238
 0 239
 0 240
 0 241
 0 242
 0 243
 0 244
 0 245
 0 246
 0 247
 0 248
 0 249
 0 250
 0 251
 0 252
 0 253
 0 254
 0 255
 0 256
 0 257
 0 258
 0 259
 0 260
 0 261
 0 262
 0 263
 0 264
 0 265
 0 266
 0 267
 0 268
 0 269
 0 270
 0 271
 0 272
 0 273
 0 274
 0 275
 0 276
 0 277
 0 278
 1 279
 0 280
 0 281
 0 282
 0 283
 0 284
 0 285
 0 286
 0 287
 1 288
 0 289
 1 290
 0 291
 1 292
 0 293
 0 294
 0 295
 0 296
 0 297
 1 298
 0 299
 1 300
 0 301
 1 302
 2 303
 0 304
 0 305
 2 306
 2 307
 0 308
 0 309
 2 310
 2 311
 2 312
 1 313
 0 314
 1 315
 0 316
 0 317
 3 318
 2 319
 1 320
 1 321
 2 322
 4 323
 1 324
 0 325
 1 326
 0 327
 0 328
 1 329
 2 330
 1 331
 3 332
 1 333
 0 334
 0 335
 1 336
 1 337
 0 338
 1 339
 2 340
 2 341
 2 342
 3 343
 1 344
 1 345
 2 346
 1 347
 2 348
 0 349
 2 350
 1 351
 0 352
 1 353
 2 354
 1 355
 1 356
 2 357
 2 358
 2 359
 2 360
 2 361
 1 362
 0 363
 0 364
 0 365
 1 366
 2 367
 1 368
 1 369
 1 370
 0 371
 0 372
 0 373
 1 374
 0 375
 1 376
 1 377
 0 378
 0 379
 0 380
 1 381
 0 382
 0 383
 0 384
 0 385
 0 386
 1 387
 0 388
 0 389
 1 390
 0 391
 0 392
 0 393
 0 394
 2 395
 1 396
 0 397
 0 398
 0 399
 0 400
 0 401
 0 402
 0 403
 0 404
 0 405
 0 406
 0 407
 0 408
 0 409
 0 410
 0 411
 0 412
 0 413
 0 414
 0 415
 1 416
 0 417
 1 418
 0 419
 0 420
 0 421
 0 422
 0 423
 0 424
 0 425
 0 426
 0 427
 0 428
 0 429
 0 430
 0 431
 0 432
 0 433
 0 434
 0 435
 0 436
 0 437
 0 438
 0 439
 0 440
 0 441
 0 442
 0 443
 0 444
 0 445
 0 446
 0 447
 0 448
 0 449
 0 450
 0 451
 0 452
 0 453
 0 454
 0 455
 0 456
 0 457
 0 458
 0 459
 0 460
 0 461
 0 462
 0 463
 0 464
 0 465
 0 466
 0 467
 0 468
 0 469
 0 470
 0 471
 0 472
 0 473
 0 474
 0 475
 0 476
 0 477
 0 478
 0 479
 0 480
 0 481
 0 482
 0 483
 0 484
 0 485
 0 486
 0 487
 0 488
 0 489
 0 490
 0 491
 0 492
 0 493
 0 494
 0 495
 0 496
 0 497
 0 498
 0 499
 0 500
 0 501
 0 502
 0 503
 0 504
 0 505
 0 506
 0 507
 0 508
 0 509
 0 510
 0 511
 0 512
 0 513
 0 514
 0 515
 0 516
 0 517
 0 518
 0 519
 0 520
 0 521
 0 522
 0 523
 0 524
 0 525
 0 526
 0 527
 0 528
 0 529
 0 530
 0 531
 0 532
 0 533
 0 534
 0 535
 0 536
 0 537
 0 538
 0 539
 0 540
 0 541
 0 542
 0 543
 0 544
 0 545
 0 546
 0 547
 0 548
 0 549
 0 550
 0 551
 0 552
 0 553
 0 554
 0 555
 0 556
 0 557
 0 558
 0 559
 0 560
 0 561
 0 562
 0 563
 0 564
 0 565
 0 566
 0 567
 0 568
 0 569
 0 570
 0 571
 0 572
 0 573
 0 574
 0 575
 0 576
 0 577
 0 578
 0 579
 0 580
 0 581
 0 582
 0 583
 0 584
 0 585
 0 586
 0 587
 0 588
 0 589
 0 590
 0 591
 0 592
 0 593
 0 594
 0 595
 0 596
 0 597
 0 598
 0 599
 0 600


