# Created by Octave 3.8.2, Sat Jun 20 19:55:03 2020 CEST <damian@fptrucha.inv.usc.es>
# name: hd
# type: matrix
# rows: 551
# columns: 2
 0 50
 0 51
 0 52
 0 53
 0 54
 0 55
 0 56
 0 57
 0 58
 0 59
 0 60
 0 61
 0 62
 0 63
 0 64
 0 65
 0 66
 0 67
 0 68
 0 69
 0 70
 0 71
 0 72
 0 73
 0 74
 0 75
 0 76
 0 77
 0 78
 0 79
 0 80
 0 81
 0 82
 0 83
 0 84
 0 85
 0 86
 0 87
 0 88
 1 89
 10 90
 10 91
 61 92
 141 93
 268 94
 379 95
 467 96
 597 97
 790 98
 1051 99
 1258 100
 1202 101
 1282 102
 1371 103
 1427 104
 1391 105
 1362 106
 1385 107
 1355 108
 1292 109
 1302 110
 1225 111
 1169 112
 1089 113
 1039 114
 1003 115
 927 116
 883 117
 805 118
 718 119
 692 120
 613 121
 532 122
 549 123
 435 124
 397 125
 397 126
 352 127
 325 128
 281 129
 264 130
 233 131
 203 132
 172 133
 174 134
 187 135
 152 136
 152 137
 135 138
 114 139
 90 140
 88 141
 102 142
 85 143
 78 144
 72 145
 54 146
 65 147
 44 148
 49 149
 46 150
 28 151
 58 152
 43 153
 34 154
 31 155
 34 156
 28 157
 31 158
 29 159
 18 160
 22 161
 23 162
 27 163
 13 164
 18 165
 17 166
 12 167
 10 168
 8 169
 13 170
 9 171
 11 172
 4 173
 8 174
 7 175
 8 176
 7 177
 5 178
 11 179
 7 180
 5 181
 4 182
 5 183
 4 184
 3 185
 2 186
 3 187
 3 188
 2 189
 1 190
 3 191
 3 192
 0 193
 4 194
 1 195
 0 196
 4 197
 0 198
 1 199
 3 200
 1 201
 0 202
 2 203
 0 204
 2 205
 1 206
 0 207
 2 208
 1 209
 0 210
 0 211
 0 212
 0 213
 0 214
 0 215
 0 216
 1 217
 0 218
 0 219
 0 220
 0 221
 1 222
 0 223
 0 224
 1 225
 0 226
 0 227
 0 228
 0 229
 0 230
 0 231
 0 232
 0 233
 0 234
 0 235
 0 236
 0 237
 0 238
 0 239
 0 240
 0 241
 1 242
 0 243
 0 244
 0 245
 0 246
 0 247
 0 248
 0 249
 0 250
 0 251
 0 252
 0 253
 0 254
 0 255
 0 256
 0 257
 0 258
 0 259
 0 260
 0 261
 0 262
 0 263
 0 264
 0 265
 0 266
 0 267
 0 268
 0 269
 0 270
 0 271
 0 272
 0 273
 0 274
 0 275
 0 276
 0 277
 0 278
 0 279
 0 280
 0 281
 0 282
 0 283
 0 284
 0 285
 0 286
 0 287
 0 288
 1 289
 1 290
 1 291
 1 292
 0 293
 1 294
 0 295
 2 296
 0 297
 1 298
 0 299
 2 300
 0 301
 2 302
 0 303
 1 304
 2 305
 0 306
 1 307
 4 308
 0 309
 3 310
 0 311
 1 312
 0 313
 0 314
 0 315
 0 316
 0 317
 0 318
 1 319
 1 320
 2 321
 1 322
 2 323
 1 324
 0 325
 4 326
 0 327
 1 328
 0 329
 1 330
 2 331
 1 332
 1 333
 3 334
 1 335
 0 336
 1 337
 1 338
 5 339
 1 340
 2 341
 2 342
 0 343
 0 344
 0 345
 1 346
 0 347
 3 348
 2 349
 3 350
 3 351
 0 352
 0 353
 2 354
 0 355
 2 356
 1 357
 1 358
 3 359
 3 360
 1 361
 0 362
 0 363
 0 364
 0 365
 1 366
 0 367
 0 368
 0 369
 2 370
 1 371
 2 372
 1 373
 1 374
 0 375
 1 376
 0 377
 0 378
 1 379
 0 380
 0 381
 1 382
 0 383
 0 384
 0 385
 1 386
 0 387
 0 388
 0 389
 0 390
 0 391
 0 392
 0 393
 0 394
 0 395
 0 396
 0 397
 0 398
 0 399
 1 400
 1 401
 0 402
 0 403
 0 404
 0 405
 0 406
 0 407
 0 408
 0 409
 0 410
 0 411
 0 412
 0 413
 0 414
 0 415
 0 416
 0 417
 0 418
 0 419
 0 420
 0 421
 0 422
 0 423
 0 424
 0 425
 0 426
 0 427
 0 428
 0 429
 0 430
 0 431
 0 432
 0 433
 0 434
 0 435
 0 436
 0 437
 0 438
 0 439
 0 440
 0 441
 0 442
 0 443
 0 444
 0 445
 0 446
 0 447
 0 448
 0 449
 0 450
 0 451
 0 452
 0 453
 0 454
 0 455
 0 456
 0 457
 0 458
 0 459
 0 460
 0 461
 0 462
 0 463
 0 464
 0 465
 0 466
 0 467
 0 468
 0 469
 0 470
 0 471
 0 472
 0 473
 0 474
 0 475
 0 476
 0 477
 0 478
 0 479
 0 480
 0 481
 0 482
 0 483
 0 484
 0 485
 0 486
 0 487
 0 488
 0 489
 0 490
 0 491
 0 492
 0 493
 0 494
 0 495
 0 496
 0 497
 0 498
 0 499
 0 500
 0 501
 0 502
 0 503
 0 504
 0 505
 0 506
 0 507
 0 508
 0 509
 0 510
 0 511
 0 512
 0 513
 0 514
 0 515
 0 516
 0 517
 0 518
 0 519
 0 520
 0 521
 0 522
 0 523
 0 524
 0 525
 0 526
 0 527
 0 528
 0 529
 0 530
 0 531
 0 532
 0 533
 0 534
 0 535
 0 536
 0 537
 0 538
 0 539
 0 540
 0 541
 0 542
 0 543
 0 544
 0 545
 0 546
 0 547
 0 548
 0 549
 0 550
 0 551
 0 552
 0 553
 0 554
 0 555
 0 556
 0 557
 0 558
 0 559
 0 560
 0 561
 0 562
 0 563
 0 564
 0 565
 0 566
 0 567
 0 568
 0 569
 0 570
 0 571
 0 572
 0 573
 0 574
 0 575
 0 576
 0 577
 0 578
 0 579
 0 580
 0 581
 0 582
 0 583
 0 584
 0 585
 0 586
 0 587
 0 588
 0 589
 0 590
 0 591
 0 592
 0 593
 0 594
 0 595
 0 596
 0 597
 0 598
 0 599
 0 600


