# Created by Octave 3.8.2, Sat Jun 20 06:25:12 2020 CEST <damian@fptrucha.inv.usc.es>
# name: hd
# type: matrix
# rows: 551
# columns: 2
 0 50
 0 51
 0 52
 0 53
 0 54
 0 55
 0 56
 0 57
 0 58
 0 59
 0 60
 0 61
 0 62
 0 63
 0 64
 0 65
 0 66
 0 67
 0 68
 0 69
 0 70
 0 71
 0 72
 0 73
 0 74
 0 75
 0 76
 0 77
 0 78
 0 79
 0 80
 0 81
 0 82
 0 83
 0 84
 0 85
 0 86
 0 87
 0 88
 1 89
 10 90
 12 91
 61 92
 153 93
 321 94
 477 95
 577 96
 766 97
 932 98
 1262 99
 1441 100
 1530 101
 1517 102
 1665 103
 1596 104
 1691 105
 1597 106
 1573 107
 1508 108
 1515 109
 1425 110
 1331 111
 1358 112
 1264 113
 1183 114
 1079 115
 940 116
 887 117
 853 118
 807 119
 701 120
 643 121
 585 122
 593 123
 447 124
 451 125
 392 126
 391 127
 307 128
 303 129
 245 130
 244 131
 221 132
 198 133
 157 134
 138 135
 151 136
 145 137
 135 138
 127 139
 107 140
 104 141
 84 142
 77 143
 79 144
 72 145
 90 146
 51 147
 55 148
 48 149
 58 150
 51 151
 31 152
 49 153
 43 154
 30 155
 34 156
 36 157
 41 158
 31 159
 26 160
 34 161
 29 162
 10 163
 25 164
 18 165
 16 166
 24 167
 12 168
 11 169
 16 170
 12 171
 10 172
 16 173
 12 174
 10 175
 10 176
 4 177
 3 178
 4 179
 7 180
 5 181
 2 182
 6 183
 7 184
 2 185
 4 186
 7 187
 1 188
 3 189
 5 190
 2 191
 0 192
 1 193
 3 194
 1 195
 1 196
 3 197
 2 198
 0 199
 1 200
 3 201
 2 202
 2 203
 2 204
 1 205
 3 206
 1 207
 1 208
 1 209
 0 210
 1 211
 1 212
 0 213
 0 214
 1 215
 1 216
 0 217
 0 218
 0 219
 0 220
 0 221
 0 222
 0 223
 0 224
 0 225
 0 226
 0 227
 0 228
 0 229
 0 230
 0 231
 1 232
 0 233
 0 234
 0 235
 0 236
 0 237
 0 238
 0 239
 1 240
 0 241
 0 242
 0 243
 0 244
 0 245
 0 246
 0 247
 0 248
 0 249
 0 250
 0 251
 0 252
 0 253
 0 254
 0 255
 0 256
 0 257
 0 258
 0 259
 0 260
 0 261
 0 262
 0 263
 0 264
 0 265
 0 266
 0 267
 0 268
 0 269
 0 270
 0 271
 0 272
 0 273
 0 274
 0 275
 0 276
 0 277
 0 278
 0 279
 0 280
 0 281
 0 282
 0 283
 0 284
 0 285
 0 286
 0 287
 0 288
 0 289
 0 290
 0 291
 0 292
 0 293
 0 294
 0 295
 0 296
 1 297
 0 298
 1 299
 1 300
 0 301
 2 302
 1 303
 0 304
 1 305
 1 306
 0 307
 3 308
 0 309
 0 310
 2 311
 2 312
 0 313
 1 314
 3 315
 0 316
 0 317
 1 318
 0 319
 0 320
 0 321
 1 322
 2 323
 2 324
 1 325
 0 326
 0 327
 0 328
 0 329
 4 330
 0 331
 0 332
 0 333
 0 334
 4 335
 0 336
 0 337
 1 338
 2 339
 3 340
 2 341
 0 342
 5 343
 1 344
 0 345
 0 346
 2 347
 2 348
 0 349
 2 350
 3 351
 0 352
 2 353
 0 354
 1 355
 1 356
 0 357
 0 358
 0 359
 0 360
 4 361
 0 362
 3 363
 1 364
 1 365
 1 366
 2 367
 0 368
 1 369
 1 370
 0 371
 0 372
 2 373
 0 374
 3 375
 0 376
 2 377
 0 378
 0 379
 1 380
 0 381
 1 382
 1 383
 0 384
 0 385
 0 386
 0 387
 0 388
 0 389
 1 390
 1 391
 0 392
 0 393
 0 394
 1 395
 0 396
 0 397
 0 398
 0 399
 0 400
 1 401
 0 402
 0 403
 0 404
 0 405
 0 406
 0 407
 0 408
 0 409
 0 410
 0 411
 1 412
 0 413
 0 414
 0 415
 0 416
 0 417
 0 418
 1 419
 0 420
 0 421
 0 422
 0 423
 0 424
 0 425
 0 426
 0 427
 0 428
 0 429
 0 430
 0 431
 0 432
 0 433
 0 434
 0 435
 0 436
 0 437
 0 438
 0 439
 0 440
 0 441
 0 442
 0 443
 0 444
 0 445
 0 446
 0 447
 0 448
 0 449
 0 450
 0 451
 0 452
 0 453
 0 454
 0 455
 0 456
 0 457
 0 458
 0 459
 0 460
 0 461
 0 462
 0 463
 0 464
 0 465
 0 466
 0 467
 0 468
 0 469
 0 470
 0 471
 0 472
 0 473
 0 474
 0 475
 0 476
 0 477
 0 478
 0 479
 0 480
 0 481
 0 482
 0 483
 0 484
 0 485
 0 486
 0 487
 0 488
 0 489
 0 490
 0 491
 0 492
 0 493
 0 494
 0 495
 0 496
 0 497
 0 498
 0 499
 0 500
 0 501
 0 502
 0 503
 0 504
 0 505
 0 506
 0 507
 0 508
 0 509
 0 510
 0 511
 0 512
 0 513
 0 514
 0 515
 0 516
 0 517
 0 518
 0 519
 0 520
 0 521
 0 522
 0 523
 0 524
 0 525
 0 526
 0 527
 0 528
 0 529
 0 530
 0 531
 0 532
 0 533
 0 534
 0 535
 0 536
 0 537
 0 538
 0 539
 0 540
 0 541
 0 542
 0 543
 0 544
 0 545
 0 546
 0 547
 0 548
 0 549
 0 550
 0 551
 0 552
 0 553
 0 554
 0 555
 0 556
 0 557
 0 558
 0 559
 0 560
 0 561
 0 562
 0 563
 0 564
 0 565
 0 566
 0 567
 0 568
 0 569
 0 570
 0 571
 0 572
 0 573
 0 574
 0 575
 0 576
 0 577
 0 578
 0 579
 0 580
 0 581
 0 582
 0 583
 0 584
 0 585
 0 586
 0 587
 0 588
 0 589
 0 590
 0 591
 0 592
 0 593
 0 594
 0 595
 0 596
 0 597
 0 598
 0 599
 0 600


