# Created by Octave 3.8.2, Mon Jun 22 01:07:15 2020 CEST <damian@fptrucha.inv.usc.es>
# name: hd
# type: matrix
# rows: 551
# columns: 2
 0 50
 0 51
 0 52
 0 53
 0 54
 0 55
 0 56
 0 57
 0 58
 0 59
 0 60
 0 61
 0 62
 0 63
 0 64
 0 65
 0 66
 0 67
 0 68
 0 69
 0 70
 0 71
 0 72
 0 73
 0 74
 0 75
 0 76
 0 77
 0 78
 0 79
 0 80
 0 81
 0 82
 0 83
 0 84
 0 85
 0 86
 0 87
 0 88
 2 89
 8 90
 17 91
 55 92
 163 93
 265 94
 378 95
 483 96
 602 97
 828 98
 1046 99
 1121 100
 1197 101
 1356 102
 1371 103
 1308 104
 1429 105
 1410 106
 1387 107
 1460 108
 1308 109
 1320 110
 1216 111
 1219 112
 1153 113
 1097 114
 1032 115
 883 116
 851 117
 832 118
 719 119
 723 120
 681 121
 584 122
 536 123
 467 124
 459 125
 405 126
 370 127
 326 128
 319 129
 292 130
 252 131
 228 132
 197 133
 183 134
 158 135
 182 136
 119 137
 130 138
 109 139
 115 140
 84 141
 75 142
 81 143
 61 144
 57 145
 68 146
 47 147
 50 148
 52 149
 47 150
 44 151
 40 152
 46 153
 35 154
 31 155
 39 156
 28 157
 26 158
 29 159
 24 160
 25 161
 31 162
 18 163
 9 164
 21 165
 13 166
 17 167
 13 168
 10 169
 10 170
 16 171
 9 172
 6 173
 8 174
 11 175
 9 176
 3 177
 7 178
 4 179
 6 180
 5 181
 2 182
 1 183
 3 184
 4 185
 4 186
 2 187
 1 188
 6 189
 2 190
 1 191
 0 192
 2 193
 1 194
 2 195
 0 196
 1 197
 1 198
 1 199
 1 200
 0 201
 1 202
 3 203
 1 204
 0 205
 0 206
 1 207
 0 208
 1 209
 1 210
 0 211
 0 212
 0 213
 0 214
 0 215
 0 216
 0 217
 1 218
 0 219
 0 220
 0 221
 0 222
 0 223
 0 224
 0 225
 0 226
 0 227
 0 228
 0 229
 0 230
 0 231
 1 232
 0 233
 0 234
 0 235
 0 236
 0 237
 1 238
 0 239
 0 240
 0 241
 0 242
 0 243
 0 244
 0 245
 0 246
 0 247
 0 248
 0 249
 0 250
 0 251
 0 252
 0 253
 0 254
 0 255
 0 256
 0 257
 0 258
 0 259
 0 260
 0 261
 0 262
 0 263
 0 264
 0 265
 0 266
 0 267
 0 268
 0 269
 0 270
 0 271
 0 272
 0 273
 0 274
 0 275
 0 276
 0 277
 0 278
 0 279
 0 280
 0 281
 0 282
 0 283
 0 284
 0 285
 0 286
 1 287
 1 288
 0 289
 0 290
 0 291
 0 292
 0 293
 0 294
 0 295
 0 296
 2 297
 2 298
 0 299
 0 300
 0 301
 1 302
 0 303
 1 304
 0 305
 0 306
 0 307
 1 308
 0 309
 3 310
 2 311
 1 312
 1 313
 0 314
 0 315
 1 316
 2 317
 0 318
 1 319
 1 320
 4 321
 3 322
 2 323
 1 324
 0 325
 2 326
 3 327
 2 328
 0 329
 2 330
 2 331
 0 332
 1 333
 2 334
 1 335
 1 336
 1 337
 3 338
 1 339
 0 340
 0 341
 0 342
 1 343
 0 344
 0 345
 0 346
 2 347
 1 348
 2 349
 2 350
 0 351
 2 352
 2 353
 1 354
 2 355
 0 356
 3 357
 1 358
 0 359
 1 360
 1 361
 1 362
 0 363
 1 364
 0 365
 2 366
 0 367
 3 368
 1 369
 5 370
 0 371
 2 372
 1 373
 0 374
 0 375
 0 376
 0 377
 0 378
 0 379
 0 380
 0 381
 0 382
 1 383
 0 384
 0 385
 0 386
 0 387
 2 388
 0 389
 0 390
 0 391
 0 392
 0 393
 0 394
 0 395
 0 396
 0 397
 0 398
 1 399
 0 400
 0 401
 0 402
 0 403
 0 404
 1 405
 1 406
 0 407
 0 408
 1 409
 0 410
 0 411
 0 412
 0 413
 0 414
 0 415
 1 416
 0 417
 0 418
 0 419
 0 420
 0 421
 1 422
 0 423
 0 424
 0 425
 0 426
 0 427
 0 428
 0 429
 0 430
 0 431
 0 432
 0 433
 0 434
 0 435
 0 436
 0 437
 0 438
 0 439
 0 440
 0 441
 0 442
 0 443
 0 444
 0 445
 0 446
 0 447
 0 448
 0 449
 0 450
 0 451
 0 452
 0 453
 0 454
 0 455
 0 456
 0 457
 0 458
 0 459
 0 460
 0 461
 0 462
 0 463
 0 464
 0 465
 0 466
 0 467
 0 468
 0 469
 0 470
 0 471
 0 472
 0 473
 0 474
 0 475
 0 476
 0 477
 0 478
 0 479
 0 480
 0 481
 0 482
 0 483
 0 484
 0 485
 0 486
 0 487
 0 488
 0 489
 0 490
 0 491
 0 492
 0 493
 0 494
 0 495
 0 496
 0 497
 0 498
 0 499
 0 500
 0 501
 0 502
 0 503
 0 504
 0 505
 0 506
 0 507
 0 508
 0 509
 0 510
 0 511
 0 512
 0 513
 0 514
 0 515
 0 516
 0 517
 0 518
 0 519
 0 520
 0 521
 0 522
 0 523
 0 524
 0 525
 0 526
 0 527
 0 528
 0 529
 0 530
 0 531
 0 532
 0 533
 0 534
 0 535
 0 536
 0 537
 0 538
 0 539
 0 540
 0 541
 0 542
 0 543
 0 544
 0 545
 0 546
 0 547
 0 548
 0 549
 0 550
 0 551
 0 552
 0 553
 0 554
 0 555
 0 556
 0 557
 0 558
 0 559
 0 560
 0 561
 0 562
 0 563
 0 564
 0 565
 0 566
 0 567
 0 568
 0 569
 0 570
 0 571
 0 572
 0 573
 0 574
 0 575
 0 576
 0 577
 0 578
 0 579
 0 580
 0 581
 0 582
 0 583
 0 584
 0 585
 0 586
 0 587
 0 588
 0 589
 0 590
 0 591
 0 592
 0 593
 0 594
 0 595
 0 596
 0 597
 0 598
 0 599
 0 600


