# Created by Octave 3.8.2, Mon Jun 22 02:21:50 2020 CEST <damian@fptrucha.inv.usc.es>
# name: hd
# type: matrix
# rows: 551
# columns: 2
 0 50
 0 51
 0 52
 0 53
 0 54
 0 55
 0 56
 0 57
 0 58
 0 59
 0 60
 0 61
 0 62
 0 63
 0 64
 0 65
 0 66
 0 67
 0 68
 0 69
 0 70
 0 71
 0 72
 0 73
 0 74
 0 75
 0 76
 0 77
 0 78
 0 79
 0 80
 0 81
 0 82
 0 83
 0 84
 0 85
 0 86
 0 87
 0 88
 0 89
 7 90
 9 91
 32 92
 98 93
 213 94
 375 95
 563 96
 634 97
 837 98
 1142 99
 1442 100
 1475 101
 1443 102
 1500 103
 1616 104
 1545 105
 1542 106
 1530 107
 1432 108
 1399 109
 1272 110
 1156 111
 1131 112
 1033 113
 975 114
 898 115
 812 116
 714 117
 671 118
 629 119
 575 120
 483 121
 469 122
 398 123
 341 124
 332 125
 291 126
 256 127
 227 128
 206 129
 198 130
 165 131
 155 132
 141 133
 148 134
 114 135
 126 136
 102 137
 107 138
 108 139
 85 140
 69 141
 64 142
 63 143
 58 144
 52 145
 59 146
 60 147
 45 148
 37 149
 48 150
 50 151
 36 152
 32 153
 38 154
 28 155
 23 156
 30 157
 29 158
 21 159
 23 160
 27 161
 25 162
 14 163
 16 164
 13 165
 11 166
 13 167
 12 168
 15 169
 10 170
 7 171
 7 172
 13 173
 9 174
 4 175
 8 176
 12 177
 5 178
 3 179
 6 180
 4 181
 1 182
 6 183
 2 184
 7 185
 1 186
 2 187
 2 188
 7 189
 2 190
 2 191
 1 192
 2 193
 1 194
 3 195
 1 196
 2 197
 2 198
 1 199
 1 200
 2 201
 1 202
 0 203
 0 204
 1 205
 1 206
 0 207
 1 208
 1 209
 0 210
 0 211
 1 212
 0 213
 0 214
 0 215
 1 216
 0 217
 1 218
 0 219
 0 220
 1 221
 0 222
 0 223
 0 224
 0 225
 0 226
 1 227
 0 228
 0 229
 0 230
 0 231
 0 232
 0 233
 1 234
 1 235
 0 236
 0 237
 0 238
 0 239
 0 240
 0 241
 0 242
 0 243
 0 244
 0 245
 0 246
 0 247
 0 248
 0 249
 0 250
 0 251
 0 252
 0 253
 0 254
 0 255
 0 256
 0 257
 0 258
 0 259
 0 260
 0 261
 0 262
 0 263
 0 264
 0 265
 0 266
 0 267
 0 268
 0 269
 0 270
 0 271
 0 272
 0 273
 0 274
 0 275
 0 276
 0 277
 0 278
 0 279
 0 280
 0 281
 0 282
 0 283
 0 284
 0 285
 1 286
 0 287
 0 288
 0 289
 0 290
 0 291
 1 292
 0 293
 0 294
 0 295
 0 296
 1 297
 0 298
 0 299
 0 300
 0 301
 0 302
 0 303
 2 304
 1 305
 0 306
 0 307
 2 308
 2 309
 0 310
 1 311
 2 312
 2 313
 2 314
 1 315
 3 316
 1 317
 0 318
 0 319
 2 320
 0 321
 2 322
 0 323
 0 324
 4 325
 0 326
 4 327
 1 328
 1 329
 0 330
 1 331
 1 332
 3 333
 1 334
 2 335
 2 336
 0 337
 2 338
 1 339
 0 340
 0 341
 2 342
 3 343
 2 344
 3 345
 4 346
 2 347
 2 348
 2 349
 2 350
 2 351
 1 352
 1 353
 2 354
 3 355
 2 356
 0 357
 1 358
 1 359
 2 360
 0 361
 2 362
 1 363
 1 364
 2 365
 1 366
 1 367
 1 368
 1 369
 0 370
 0 371
 1 372
 0 373
 0 374
 0 375
 0 376
 0 377
 0 378
 0 379
 0 380
 0 381
 0 382
 3 383
 0 384
 0 385
 0 386
 2 387
 1 388
 0 389
 0 390
 0 391
 0 392
 1 393
 0 394
 0 395
 0 396
 0 397
 0 398
 0 399
 1 400
 1 401
 0 402
 0 403
 0 404
 0 405
 1 406
 0 407
 0 408
 1 409
 0 410
 0 411
 0 412
 0 413
 0 414
 1 415
 1 416
 0 417
 0 418
 0 419
 0 420
 0 421
 0 422
 0 423
 0 424
 0 425
 0 426
 0 427
 0 428
 0 429
 0 430
 0 431
 0 432
 0 433
 0 434
 0 435
 0 436
 0 437
 0 438
 0 439
 0 440
 0 441
 0 442
 0 443
 0 444
 0 445
 0 446
 0 447
 0 448
 0 449
 0 450
 0 451
 0 452
 0 453
 0 454
 0 455
 0 456
 0 457
 0 458
 0 459
 0 460
 0 461
 0 462
 0 463
 0 464
 0 465
 0 466
 0 467
 0 468
 0 469
 0 470
 0 471
 0 472
 0 473
 0 474
 0 475
 0 476
 0 477
 0 478
 0 479
 0 480
 0 481
 0 482
 0 483
 0 484
 0 485
 0 486
 0 487
 0 488
 0 489
 0 490
 0 491
 0 492
 0 493
 0 494
 0 495
 0 496
 0 497
 0 498
 0 499
 0 500
 0 501
 0 502
 0 503
 0 504
 0 505
 0 506
 0 507
 0 508
 0 509
 0 510
 0 511
 0 512
 0 513
 0 514
 0 515
 0 516
 0 517
 0 518
 0 519
 0 520
 0 521
 0 522
 0 523
 0 524
 0 525
 0 526
 0 527
 0 528
 0 529
 0 530
 0 531
 0 532
 0 533
 0 534
 0 535
 0 536
 0 537
 0 538
 0 539
 0 540
 0 541
 0 542
 0 543
 0 544
 0 545
 0 546
 0 547
 0 548
 0 549
 0 550
 0 551
 0 552
 0 553
 0 554
 0 555
 0 556
 0 557
 0 558
 0 559
 0 560
 0 561
 0 562
 0 563
 0 564
 0 565
 0 566
 0 567
 0 568
 0 569
 0 570
 0 571
 0 572
 0 573
 0 574
 0 575
 0 576
 0 577
 0 578
 0 579
 0 580
 0 581
 0 582
 0 583
 0 584
 0 585
 0 586
 0 587
 0 588
 0 589
 0 590
 0 591
 0 592
 0 593
 0 594
 0 595
 0 596
 0 597
 0 598
 0 599
 0 600


