# Created by Octave 3.8.2, Mon Jun 22 09:39:31 2020 CEST <damian@fptrucha.inv.usc.es>
# name: hd
# type: matrix
# rows: 551
# columns: 2
 0 50
 0 51
 0 52
 0 53
 0 54
 0 55
 0 56
 0 57
 0 58
 0 59
 0 60
 0 61
 0 62
 0 63
 0 64
 0 65
 0 66
 0 67
 0 68
 0 69
 0 70
 0 71
 0 72
 0 73
 0 74
 0 75
 0 76
 0 77
 0 78
 0 79
 0 80
 0 81
 0 82
 0 83
 0 84
 0 85
 0 86
 0 87
 0 88
 0 89
 3 90
 5 91
 26 92
 71 93
 183 94
 356 95
 514 96
 599 97
 747 98
 1023 99
 1301 100
 1387 101
 1447 102
 1498 103
 1556 104
 1516 105
 1430 106
 1494 107
 1460 108
 1377 109
 1356 110
 1244 111
 1187 112
 1037 113
 1023 114
 951 115
 861 116
 776 117
 728 118
 650 119
 583 120
 484 121
 451 122
 425 123
 418 124
 323 125
 330 126
 266 127
 265 128
 225 129
 235 130
 193 131
 173 132
 147 133
 147 134
 141 135
 112 136
 110 137
 110 138
 79 139
 104 140
 79 141
 88 142
 66 143
 62 144
 64 145
 71 146
 69 147
 54 148
 58 149
 37 150
 43 151
 36 152
 39 153
 37 154
 26 155
 22 156
 27 157
 32 158
 35 159
 17 160
 35 161
 16 162
 30 163
 21 164
 11 165
 15 166
 19 167
 23 168
 18 169
 16 170
 10 171
 11 172
 8 173
 11 174
 8 175
 8 176
 4 177
 5 178
 5 179
 3 180
 10 181
 7 182
 12 183
 5 184
 4 185
 6 186
 5 187
 3 188
 1 189
 1 190
 3 191
 0 192
 3 193
 2 194
 3 195
 1 196
 2 197
 1 198
 0 199
 1 200
 0 201
 4 202
 2 203
 0 204
 1 205
 0 206
 0 207
 1 208
 0 209
 1 210
 2 211
 0 212
 0 213
 1 214
 0 215
 0 216
 0 217
 1 218
 0 219
 0 220
 1 221
 0 222
 0 223
 0 224
 0 225
 1 226
 0 227
 1 228
 0 229
 1 230
 0 231
 0 232
 0 233
 0 234
 0 235
 0 236
 1 237
 0 238
 0 239
 0 240
 0 241
 0 242
 0 243
 0 244
 0 245
 0 246
 0 247
 0 248
 0 249
 0 250
 0 251
 0 252
 0 253
 0 254
 0 255
 0 256
 0 257
 0 258
 0 259
 0 260
 0 261
 0 262
 0 263
 0 264
 0 265
 0 266
 0 267
 0 268
 0 269
 0 270
 0 271
 0 272
 0 273
 0 274
 0 275
 0 276
 0 277
 0 278
 0 279
 0 280
 0 281
 0 282
 0 283
 1 284
 0 285
 0 286
 0 287
 1 288
 1 289
 0 290
 0 291
 0 292
 0 293
 0 294
 1 295
 1 296
 1 297
 3 298
 0 299
 2 300
 0 301
 0 302
 1 303
 0 304
 1 305
 0 306
 1 307
 1 308
 1 309
 1 310
 1 311
 1 312
 1 313
 3 314
 1 315
 0 316
 1 317
 1 318
 2 319
 1 320
 1 321
 1 322
 1 323
 1 324
 3 325
 2 326
 1 327
 2 328
 2 329
 1 330
 3 331
 2 332
 2 333
 1 334
 1 335
 2 336
 1 337
 2 338
 1 339
 3 340
 0 341
 2 342
 3 343
 2 344
 3 345
 4 346
 1 347
 0 348
 4 349
 2 350
 1 351
 1 352
 1 353
 1 354
 2 355
 2 356
 0 357
 1 358
 0 359
 0 360
 0 361
 2 362
 1 363
 1 364
 0 365
 1 366
 1 367
 3 368
 0 369
 0 370
 2 371
 0 372
 1 373
 1 374
 1 375
 0 376
 0 377
 2 378
 1 379
 1 380
 1 381
 0 382
 0 383
 0 384
 0 385
 2 386
 2 387
 1 388
 0 389
 0 390
 2 391
 0 392
 0 393
 1 394
 0 395
 0 396
 0 397
 0 398
 0 399
 0 400
 0 401
 0 402
 0 403
 1 404
 0 405
 0 406
 0 407
 0 408
 0 409
 0 410
 0 411
 0 412
 0 413
 0 414
 0 415
 0 416
 0 417
 1 418
 0 419
 0 420
 0 421
 0 422
 0 423
 0 424
 0 425
 0 426
 0 427
 0 428
 0 429
 0 430
 0 431
 0 432
 0 433
 0 434
 0 435
 0 436
 0 437
 0 438
 0 439
 0 440
 1 441
 0 442
 0 443
 0 444
 0 445
 0 446
 0 447
 0 448
 0 449
 0 450
 0 451
 0 452
 0 453
 0 454
 0 455
 0 456
 0 457
 0 458
 0 459
 0 460
 0 461
 0 462
 0 463
 0 464
 0 465
 0 466
 0 467
 0 468
 0 469
 0 470
 0 471
 0 472
 0 473
 0 474
 0 475
 0 476
 0 477
 0 478
 0 479
 0 480
 0 481
 0 482
 0 483
 0 484
 0 485
 0 486
 0 487
 0 488
 0 489
 0 490
 0 491
 0 492
 0 493
 0 494
 0 495
 0 496
 0 497
 0 498
 0 499
 0 500
 0 501
 0 502
 0 503
 0 504
 0 505
 0 506
 0 507
 0 508
 0 509
 0 510
 0 511
 0 512
 0 513
 0 514
 0 515
 0 516
 0 517
 0 518
 0 519
 0 520
 0 521
 0 522
 0 523
 0 524
 0 525
 0 526
 0 527
 0 528
 0 529
 0 530
 0 531
 0 532
 0 533
 0 534
 0 535
 0 536
 0 537
 0 538
 0 539
 0 540
 0 541
 0 542
 0 543
 0 544
 0 545
 0 546
 0 547
 0 548
 0 549
 0 550
 0 551
 0 552
 0 553
 0 554
 0 555
 0 556
 0 557
 0 558
 0 559
 0 560
 0 561
 0 562
 0 563
 0 564
 0 565
 0 566
 0 567
 0 568
 0 569
 0 570
 0 571
 0 572
 0 573
 0 574
 0 575
 0 576
 0 577
 0 578
 0 579
 0 580
 0 581
 0 582
 0 583
 0 584
 0 585
 0 586
 0 587
 0 588
 0 589
 0 590
 0 591
 0 592
 0 593
 0 594
 0 595
 0 596
 0 597
 0 598
 0 599
 0 600


