# Created by Octave 3.8.2, Sat Jun 20 04:01:41 2020 CEST <damian@fptrucha.inv.usc.es>
# name: hd
# type: matrix
# rows: 551
# columns: 2
 0 50
 0 51
 0 52
 0 53
 0 54
 0 55
 0 56
 0 57
 0 58
 0 59
 0 60
 0 61
 0 62
 0 63
 0 64
 0 65
 0 66
 0 67
 0 68
 0 69
 0 70
 0 71
 0 72
 0 73
 0 74
 0 75
 0 76
 0 77
 0 78
 0 79
 0 80
 0 81
 0 82
 0 83
 0 84
 0 85
 0 86
 0 87
 0 88
 1 89
 6 90
 21 91
 58 92
 157 93
 291 94
 474 95
 539 96
 701 97
 905 98
 1238 99
 1400 100
 1399 101
 1502 102
 1534 103
 1525 104
 1633 105
 1644 106
 1524 107
 1596 108
 1497 109
 1418 110
 1355 111
 1323 112
 1252 113
 1156 114
 1060 115
 1054 116
 942 117
 873 118
 837 119
 764 120
 682 121
 614 122
 524 123
 498 124
 454 125
 438 126
 392 127
 354 128
 303 129
 298 130
 273 131
 240 132
 222 133
 211 134
 229 135
 163 136
 162 137
 137 138
 118 139
 100 140
 104 141
 117 142
 107 143
 73 144
 85 145
 76 146
 76 147
 63 148
 53 149
 46 150
 47 151
 55 152
 46 153
 57 154
 52 155
 38 156
 25 157
 43 158
 37 159
 24 160
 26 161
 26 162
 28 163
 23 164
 21 165
 19 166
 19 167
 18 168
 18 169
 17 170
 7 171
 10 172
 8 173
 16 174
 12 175
 3 176
 10 177
 8 178
 7 179
 6 180
 3 181
 6 182
 8 183
 6 184
 6 185
 5 186
 3 187
 2 188
 4 189
 5 190
 6 191
 3 192
 3 193
 2 194
 1 195
 2 196
 1 197
 1 198
 0 199
 1 200
 1 201
 0 202
 1 203
 0 204
 2 205
 0 206
 1 207
 2 208
 1 209
 0 210
 2 211
 0 212
 1 213
 1 214
 0 215
 1 216
 1 217
 1 218
 0 219
 0 220
 0 221
 0 222
 0 223
 0 224
 0 225
 0 226
 0 227
 1 228
 0 229
 0 230
 0 231
 0 232
 0 233
 0 234
 0 235
 0 236
 0 237
 0 238
 0 239
 0 240
 0 241
 0 242
 0 243
 0 244
 0 245
 0 246
 0 247
 0 248
 1 249
 1 250
 0 251
 0 252
 0 253
 0 254
 0 255
 0 256
 0 257
 0 258
 0 259
 0 260
 0 261
 0 262
 0 263
 0 264
 0 265
 0 266
 1 267
 0 268
 0 269
 0 270
 0 271
 0 272
 0 273
 0 274
 0 275
 0 276
 0 277
 0 278
 0 279
 0 280
 0 281
 0 282
 2 283
 0 284
 0 285
 0 286
 0 287
 2 288
 0 289
 0 290
 1 291
 0 292
 0 293
 0 294
 0 295
 1 296
 1 297
 1 298
 0 299
 0 300
 1 301
 0 302
 0 303
 1 304
 1 305
 2 306
 0 307
 0 308
 3 309
 0 310
 2 311
 2 312
 1 313
 1 314
 1 315
 3 316
 1 317
 1 318
 2 319
 0 320
 1 321
 1 322
 0 323
 0 324
 1 325
 3 326
 1 327
 0 328
 1 329
 1 330
 1 331
 1 332
 0 333
 5 334
 2 335
 1 336
 1 337
 2 338
 2 339
 1 340
 0 341
 3 342
 0 343
 2 344
 1 345
 1 346
 2 347
 2 348
 0 349
 1 350
 2 351
 1 352
 3 353
 0 354
 0 355
 0 356
 1 357
 1 358
 2 359
 1 360
 2 361
 1 362
 2 363
 0 364
 1 365
 1 366
 0 367
 3 368
 2 369
 2 370
 0 371
 1 372
 0 373
 0 374
 0 375
 1 376
 1 377
 1 378
 0 379
 2 380
 1 381
 0 382
 0 383
 0 384
 0 385
 3 386
 1 387
 1 388
 1 389
 0 390
 2 391
 0 392
 0 393
 0 394
 0 395
 0 396
 0 397
 0 398
 0 399
 1 400
 0 401
 1 402
 0 403
 0 404
 0 405
 0 406
 0 407
 0 408
 0 409
 0 410
 0 411
 0 412
 0 413
 0 414
 0 415
 0 416
 0 417
 0 418
 0 419
 0 420
 0 421
 0 422
 0 423
 0 424
 0 425
 0 426
 0 427
 0 428
 0 429
 0 430
 0 431
 0 432
 0 433
 0 434
 0 435
 0 436
 0 437
 0 438
 0 439
 0 440
 0 441
 0 442
 0 443
 0 444
 0 445
 0 446
 0 447
 0 448
 0 449
 0 450
 0 451
 0 452
 0 453
 0 454
 0 455
 0 456
 0 457
 0 458
 0 459
 0 460
 0 461
 0 462
 0 463
 0 464
 0 465
 0 466
 0 467
 0 468
 0 469
 0 470
 0 471
 0 472
 0 473
 0 474
 0 475
 0 476
 0 477
 0 478
 0 479
 0 480
 0 481
 0 482
 0 483
 0 484
 0 485
 0 486
 0 487
 0 488
 0 489
 0 490
 0 491
 0 492
 0 493
 0 494
 0 495
 0 496
 0 497
 0 498
 0 499
 0 500
 0 501
 0 502
 0 503
 0 504
 0 505
 0 506
 0 507
 0 508
 0 509
 0 510
 0 511
 0 512
 0 513
 0 514
 0 515
 0 516
 0 517
 0 518
 0 519
 0 520
 0 521
 0 522
 0 523
 0 524
 0 525
 0 526
 0 527
 0 528
 0 529
 0 530
 0 531
 0 532
 0 533
 0 534
 0 535
 0 536
 0 537
 0 538
 0 539
 0 540
 0 541
 0 542
 0 543
 0 544
 0 545
 0 546
 0 547
 0 548
 0 549
 0 550
 0 551
 0 552
 0 553
 0 554
 0 555
 0 556
 0 557
 0 558
 0 559
 0 560
 0 561
 0 562
 0 563
 0 564
 0 565
 0 566
 0 567
 0 568
 0 569
 0 570
 0 571
 0 572
 0 573
 0 574
 0 575
 0 576
 0 577
 0 578
 0 579
 0 580
 0 581
 0 582
 0 583
 0 584
 0 585
 0 586
 0 587
 0 588
 0 589
 0 590
 0 591
 0 592
 0 593
 0 594
 0 595
 0 596
 0 597
 0 598
 0 599
 0 600


