# Created by Octave 3.8.2, Mon Jun 22 17:40:46 2020 CEST <damian@fptrucha.inv.usc.es>
# name: hd
# type: matrix
# rows: 551
# columns: 2
 0 50
 0 51
 0 52
 0 53
 0 54
 0 55
 0 56
 0 57
 0 58
 0 59
 0 60
 0 61
 0 62
 0 63
 0 64
 0 65
 0 66
 0 67
 0 68
 0 69
 0 70
 0 71
 0 72
 0 73
 0 74
 0 75
 0 76
 0 77
 0 78
 0 79
 0 80
 0 81
 0 82
 0 83
 0 84
 0 85
 0 86
 0 87
 0 88
 2 89
 6 90
 7 91
 36 92
 103 93
 247 94
 422 95
 615 96
 616 97
 898 98
 1152 99
 1502 100
 1518 101
 1614 102
 1639 103
 1721 104
 1646 105
 1616 106
 1612 107
 1529 108
 1493 109
 1412 110
 1334 111
 1210 112
 1151 113
 1009 114
 1037 115
 890 116
 802 117
 686 118
 697 119
 591 120
 513 121
 466 122
 438 123
 390 124
 339 125
 328 126
 283 127
 240 128
 224 129
 217 130
 206 131
 177 132
 177 133
 138 134
 111 135
 116 136
 110 137
 100 138
 93 139
 78 140
 95 141
 81 142
 72 143
 84 144
 67 145
 62 146
 57 147
 49 148
 47 149
 50 150
 58 151
 38 152
 42 153
 36 154
 34 155
 29 156
 29 157
 29 158
 24 159
 37 160
 20 161
 15 162
 29 163
 24 164
 17 165
 22 166
 14 167
 15 168
 7 169
 18 170
 10 171
 11 172
 12 173
 4 174
 5 175
 10 176
 7 177
 7 178
 13 179
 10 180
 8 181
 8 182
 4 183
 6 184
 2 185
 3 186
 3 187
 2 188
 5 189
 4 190
 3 191
 2 192
 3 193
 2 194
 5 195
 1 196
 0 197
 0 198
 3 199
 0 200
 2 201
 0 202
 1 203
 1 204
 3 205
 2 206
 1 207
 0 208
 1 209
 0 210
 1 211
 0 212
 0 213
 1 214
 0 215
 1 216
 0 217
 0 218
 0 219
 0 220
 0 221
 0 222
 0 223
 0 224
 0 225
 0 226
 0 227
 0 228
 1 229
 0 230
 0 231
 1 232
 0 233
 0 234
 1 235
 0 236
 1 237
 0 238
 0 239
 0 240
 0 241
 0 242
 0 243
 0 244
 0 245
 0 246
 0 247
 0 248
 0 249
 0 250
 0 251
 0 252
 0 253
 0 254
 0 255
 0 256
 0 257
 0 258
 0 259
 0 260
 0 261
 0 262
 0 263
 0 264
 0 265
 0 266
 0 267
 0 268
 0 269
 0 270
 0 271
 0 272
 0 273
 0 274
 0 275
 0 276
 0 277
 0 278
 1 279
 0 280
 0 281
 0 282
 0 283
 0 284
 0 285
 0 286
 0 287
 0 288
 0 289
 0 290
 0 291
 0 292
 0 293
 1 294
 1 295
 0 296
 0 297
 1 298
 1 299
 0 300
 0 301
 2 302
 0 303
 1 304
 1 305
 2 306
 0 307
 0 308
 2 309
 0 310
 2 311
 1 312
 1 313
 1 314
 1 315
 0 316
 0 317
 2 318
 2 319
 0 320
 1 321
 1 322
 3 323
 1 324
 1 325
 1 326
 1 327
 3 328
 1 329
 1 330
 1 331
 0 332
 2 333
 0 334
 0 335
 2 336
 3 337
 3 338
 3 339
 3 340
 2 341
 1 342
 1 343
 4 344
 1 345
 1 346
 2 347
 2 348
 1 349
 1 350
 0 351
 2 352
 3 353
 1 354
 2 355
 0 356
 0 357
 1 358
 2 359
 0 360
 1 361
 1 362
 1 363
 2 364
 1 365
 1 366
 2 367
 0 368
 2 369
 1 370
 0 371
 2 372
 0 373
 1 374
 1 375
 0 376
 0 377
 2 378
 0 379
 1 380
 0 381
 0 382
 1 383
 1 384
 1 385
 0 386
 0 387
 1 388
 0 389
 0 390
 1 391
 1 392
 0 393
 0 394
 0 395
 0 396
 0 397
 0 398
 0 399
 1 400
 0 401
 1 402
 0 403
 0 404
 0 405
 0 406
 0 407
 0 408
 0 409
 0 410
 0 411
 0 412
 0 413
 0 414
 0 415
 0 416
 0 417
 0 418
 0 419
 0 420
 0 421
 0 422
 0 423
 0 424
 0 425
 0 426
 0 427
 0 428
 0 429
 0 430
 0 431
 0 432
 0 433
 0 434
 0 435
 0 436
 0 437
 0 438
 0 439
 0 440
 0 441
 0 442
 0 443
 0 444
 0 445
 0 446
 0 447
 0 448
 0 449
 0 450
 0 451
 0 452
 0 453
 0 454
 0 455
 0 456
 0 457
 0 458
 0 459
 0 460
 0 461
 0 462
 0 463
 0 464
 0 465
 0 466
 0 467
 0 468
 0 469
 0 470
 0 471
 0 472
 0 473
 0 474
 0 475
 0 476
 0 477
 0 478
 0 479
 0 480
 0 481
 0 482
 0 483
 0 484
 0 485
 0 486
 0 487
 0 488
 0 489
 0 490
 0 491
 0 492
 0 493
 0 494
 0 495
 0 496
 0 497
 0 498
 0 499
 0 500
 0 501
 0 502
 0 503
 0 504
 0 505
 0 506
 0 507
 0 508
 0 509
 0 510
 0 511
 0 512
 0 513
 0 514
 0 515
 0 516
 0 517
 0 518
 0 519
 0 520
 0 521
 0 522
 0 523
 0 524
 0 525
 0 526
 0 527
 0 528
 0 529
 0 530
 0 531
 0 532
 0 533
 0 534
 0 535
 0 536
 0 537
 0 538
 0 539
 0 540
 0 541
 0 542
 0 543
 0 544
 0 545
 0 546
 0 547
 0 548
 0 549
 0 550
 0 551
 0 552
 0 553
 0 554
 0 555
 0 556
 0 557
 0 558
 0 559
 0 560
 0 561
 0 562
 0 563
 0 564
 0 565
 0 566
 0 567
 0 568
 0 569
 0 570
 0 571
 0 572
 0 573
 0 574
 0 575
 0 576
 0 577
 0 578
 0 579
 0 580
 0 581
 0 582
 0 583
 0 584
 0 585
 0 586
 0 587
 0 588
 0 589
 0 590
 0 591
 0 592
 0 593
 0 594
 0 595
 0 596
 0 597
 0 598
 0 599
 0 600


