# Created by Octave 3.8.2, Mon Jun 22 20:41:48 2020 CEST <damian@fptrucha.inv.usc.es>
# name: hd
# type: matrix
# rows: 551
# columns: 2
 0 50
 0 51
 0 52
 0 53
 0 54
 0 55
 0 56
 0 57
 0 58
 0 59
 0 60
 0 61
 0 62
 0 63
 0 64
 0 65
 0 66
 0 67
 0 68
 0 69
 0 70
 0 71
 0 72
 0 73
 0 74
 0 75
 0 76
 0 77
 0 78
 0 79
 0 80
 0 81
 0 82
 0 83
 0 84
 0 85
 0 86
 0 87
 0 88
 0 89
 3 90
 10 91
 26 92
 97 93
 204 94
 412 95
 565 96
 703 97
 865 98
 1152 99
 1441 100
 1515 101
 1567 102
 1671 103
 1668 104
 1652 105
 1609 106
 1559 107
 1557 108
 1453 109
 1472 110
 1333 111
 1279 112
 1138 113
 1050 114
 932 115
 918 116
 821 117
 761 118
 630 119
 631 120
 602 121
 495 122
 481 123
 403 124
 362 125
 364 126
 287 127
 240 128
 212 129
 238 130
 202 131
 178 132
 183 133
 143 134
 159 135
 136 136
 106 137
 118 138
 107 139
 86 140
 94 141
 75 142
 101 143
 67 144
 67 145
 54 146
 45 147
 47 148
 73 149
 48 150
 29 151
 38 152
 45 153
 41 154
 38 155
 38 156
 32 157
 24 158
 30 159
 37 160
 24 161
 29 162
 18 163
 26 164
 25 165
 18 166
 14 167
 16 168
 15 169
 9 170
 10 171
 13 172
 11 173
 15 174
 7 175
 4 176
 11 177
 7 178
 7 179
 5 180
 3 181
 4 182
 4 183
 4 184
 2 185
 2 186
 5 187
 6 188
 7 189
 2 190
 1 191
 3 192
 2 193
 3 194
 2 195
 2 196
 3 197
 2 198
 2 199
 1 200
 2 201
 2 202
 3 203
 0 204
 1 205
 0 206
 1 207
 1 208
 1 209
 0 210
 0 211
 1 212
 1 213
 0 214
 1 215
 0 216
 1 217
 0 218
 0 219
 0 220
 1 221
 0 222
 0 223
 1 224
 0 225
 1 226
 0 227
 0 228
 0 229
 1 230
 1 231
 0 232
 0 233
 0 234
 0 235
 0 236
 0 237
 0 238
 0 239
 0 240
 0 241
 0 242
 0 243
 0 244
 0 245
 0 246
 0 247
 0 248
 0 249
 0 250
 0 251
 0 252
 0 253
 0 254
 0 255
 0 256
 0 257
 0 258
 0 259
 0 260
 0 261
 0 262
 0 263
 0 264
 0 265
 0 266
 0 267
 0 268
 0 269
 0 270
 0 271
 0 272
 0 273
 0 274
 0 275
 0 276
 0 277
 0 278
 0 279
 0 280
 0 281
 0 282
 0 283
 0 284
 1 285
 0 286
 0 287
 0 288
 1 289
 0 290
 0 291
 1 292
 0 293
 1 294
 0 295
 1 296
 1 297
 0 298
 0 299
 0 300
 0 301
 0 302
 0 303
 2 304
 1 305
 1 306
 1 307
 1 308
 0 309
 0 310
 0 311
 0 312
 0 313
 1 314
 0 315
 1 316
 0 317
 0 318
 1 319
 0 320
 2 321
 0 322
 0 323
 1 324
 1 325
 0 326
 0 327
 2 328
 1 329
 0 330
 2 331
 0 332
 2 333
 0 334
 1 335
 1 336
 2 337
 0 338
 1 339
 0 340
 2 341
 1 342
 2 343
 0 344
 1 345
 3 346
 1 347
 0 348
 1 349
 0 350
 1 351
 0 352
 1 353
 1 354
 1 355
 1 356
 1 357
 2 358
 0 359
 1 360
 2 361
 2 362
 1 363
 2 364
 0 365
 0 366
 3 367
 0 368
 0 369
 2 370
 1 371
 3 372
 1 373
 1 374
 0 375
 0 376
 1 377
 1 378
 1 379
 0 380
 1 381
 1 382
 1 383
 0 384
 1 385
 0 386
 0 387
 2 388
 1 389
 0 390
 1 391
 0 392
 0 393
 0 394
 1 395
 0 396
 0 397
 1 398
 1 399
 0 400
 0 401
 0 402
 0 403
 1 404
 0 405
 0 406
 0 407
 0 408
 0 409
 0 410
 0 411
 0 412
 0 413
 0 414
 0 415
 0 416
 0 417
 0 418
 0 419
 0 420
 0 421
 0 422
 0 423
 0 424
 0 425
 0 426
 0 427
 0 428
 0 429
 0 430
 0 431
 0 432
 0 433
 0 434
 0 435
 0 436
 0 437
 0 438
 0 439
 0 440
 0 441
 0 442
 0 443
 0 444
 0 445
 0 446
 0 447
 0 448
 0 449
 0 450
 0 451
 0 452
 0 453
 0 454
 0 455
 0 456
 0 457
 0 458
 0 459
 0 460
 0 461
 0 462
 0 463
 0 464
 0 465
 0 466
 0 467
 0 468
 0 469
 0 470
 0 471
 0 472
 0 473
 0 474
 0 475
 0 476
 0 477
 0 478
 0 479
 0 480
 0 481
 0 482
 0 483
 0 484
 0 485
 0 486
 0 487
 0 488
 0 489
 0 490
 0 491
 0 492
 0 493
 0 494
 0 495
 0 496
 0 497
 0 498
 0 499
 0 500
 0 501
 0 502
 0 503
 0 504
 0 505
 0 506
 0 507
 0 508
 0 509
 0 510
 0 511
 0 512
 0 513
 0 514
 0 515
 0 516
 0 517
 0 518
 0 519
 0 520
 0 521
 0 522
 0 523
 0 524
 0 525
 0 526
 0 527
 0 528
 0 529
 0 530
 0 531
 0 532
 0 533
 0 534
 0 535
 0 536
 0 537
 0 538
 0 539
 0 540
 0 541
 0 542
 0 543
 0 544
 0 545
 0 546
 0 547
 0 548
 0 549
 0 550
 0 551
 0 552
 0 553
 0 554
 0 555
 0 556
 0 557
 0 558
 0 559
 0 560
 0 561
 0 562
 0 563
 0 564
 0 565
 0 566
 0 567
 0 568
 0 569
 0 570
 0 571
 0 572
 0 573
 0 574
 0 575
 0 576
 0 577
 0 578
 0 579
 0 580
 0 581
 0 582
 0 583
 0 584
 0 585
 0 586
 0 587
 0 588
 0 589
 0 590
 0 591
 0 592
 0 593
 0 594
 0 595
 0 596
 0 597
 0 598
 0 599
 0 600


