# Created by Octave 3.8.2, Sat Jun 20 18:03:40 2020 CEST <damian@fptrucha.inv.usc.es>
# name: hd
# type: matrix
# rows: 551
# columns: 2
 0 50
 0 51
 0 52
 0 53
 0 54
 0 55
 0 56
 0 57
 0 58
 0 59
 0 60
 0 61
 0 62
 0 63
 0 64
 0 65
 0 66
 0 67
 0 68
 0 69
 0 70
 0 71
 0 72
 0 73
 0 74
 0 75
 0 76
 0 77
 0 78
 0 79
 0 80
 0 81
 0 82
 0 83
 0 84
 0 85
 0 86
 0 87
 1 88
 1 89
 11 90
 12 91
 51 92
 148 93
 269 94
 392 95
 434 96
 595 97
 816 98
 1014 99
 1133 100
 1147 101
 1261 102
 1350 103
 1336 104
 1338 105
 1385 106
 1431 107
 1377 108
 1312 109
 1297 110
 1250 111
 1181 112
 1146 113
 1074 114
 1001 115
 901 116
 852 117
 793 118
 754 119
 710 120
 602 121
 556 122
 546 123
 486 124
 478 125
 378 126
 372 127
 339 128
 295 129
 292 130
 248 131
 231 132
 191 133
 189 134
 155 135
 165 136
 120 137
 139 138
 120 139
 106 140
 103 141
 85 142
 91 143
 81 144
 74 145
 75 146
 71 147
 51 148
 43 149
 56 150
 51 151
 57 152
 34 153
 59 154
 46 155
 39 156
 30 157
 24 158
 28 159
 27 160
 18 161
 29 162
 18 163
 17 164
 11 165
 14 166
 21 167
 18 168
 22 169
 18 170
 7 171
 9 172
 10 173
 6 174
 10 175
 6 176
 8 177
 7 178
 14 179
 5 180
 2 181
 3 182
 2 183
 4 184
 5 185
 3 186
 5 187
 7 188
 3 189
 5 190
 2 191
 2 192
 1 193
 4 194
 2 195
 3 196
 0 197
 3 198
 0 199
 1 200
 1 201
 2 202
 1 203
 1 204
 0 205
 0 206
 0 207
 2 208
 0 209
 0 210
 0 211
 1 212
 0 213
 0 214
 0 215
 0 216
 1 217
 0 218
 0 219
 0 220
 0 221
 0 222
 0 223
 0 224
 0 225
 1 226
 0 227
 0 228
 0 229
 0 230
 0 231
 0 232
 0 233
 0 234
 0 235
 0 236
 0 237
 0 238
 0 239
 0 240
 0 241
 0 242
 0 243
 0 244
 0 245
 0 246
 0 247
 0 248
 0 249
 0 250
 0 251
 0 252
 0 253
 0 254
 0 255
 1 256
 0 257
 0 258
 0 259
 0 260
 0 261
 0 262
 0 263
 0 264
 0 265
 0 266
 0 267
 0 268
 0 269
 0 270
 0 271
 0 272
 0 273
 0 274
 0 275
 0 276
 0 277
 0 278
 1 279
 0 280
 0 281
 0 282
 0 283
 0 284
 0 285
 0 286
 0 287
 1 288
 0 289
 0 290
 0 291
 2 292
 0 293
 0 294
 0 295
 1 296
 2 297
 0 298
 1 299
 1 300
 1 301
 0 302
 0 303
 0 304
 0 305
 0 306
 2 307
 1 308
 0 309
 3 310
 2 311
 0 312
 0 313
 2 314
 1 315
 0 316
 1 317
 0 318
 0 319
 2 320
 2 321
 0 322
 0 323
 1 324
 2 325
 2 326
 1 327
 2 328
 0 329
 0 330
 1 331
 1 332
 1 333
 2 334
 0 335
 1 336
 2 337
 2 338
 0 339
 4 340
 1 341
 2 342
 3 343
 2 344
 1 345
 2 346
 2 347
 1 348
 2 349
 2 350
 1 351
 0 352
 0 353
 1 354
 5 355
 2 356
 1 357
 3 358
 1 359
 0 360
 0 361
 2 362
 0 363
 1 364
 0 365
 0 366
 0 367
 1 368
 0 369
 2 370
 2 371
 1 372
 0 373
 0 374
 0 375
 2 376
 1 377
 0 378
 1 379
 0 380
 0 381
 0 382
 0 383
 0 384
 0 385
 1 386
 1 387
 0 388
 0 389
 0 390
 2 391
 0 392
 0 393
 0 394
 2 395
 0 396
 0 397
 0 398
 0 399
 0 400
 0 401
 0 402
 0 403
 0 404
 0 405
 0 406
 0 407
 0 408
 0 409
 0 410
 0 411
 0 412
 0 413
 0 414
 0 415
 0 416
 1 417
 0 418
 0 419
 0 420
 0 421
 0 422
 0 423
 0 424
 0 425
 0 426
 0 427
 0 428
 0 429
 0 430
 0 431
 0 432
 1 433
 0 434
 0 435
 0 436
 0 437
 0 438
 0 439
 0 440
 0 441
 0 442
 0 443
 0 444
 0 445
 0 446
 0 447
 0 448
 0 449
 0 450
 0 451
 0 452
 0 453
 0 454
 0 455
 0 456
 0 457
 0 458
 0 459
 0 460
 0 461
 0 462
 0 463
 0 464
 0 465
 0 466
 0 467
 0 468
 0 469
 0 470
 0 471
 0 472
 0 473
 0 474
 0 475
 0 476
 0 477
 0 478
 0 479
 0 480
 0 481
 0 482
 0 483
 0 484
 0 485
 0 486
 0 487
 0 488
 0 489
 0 490
 0 491
 0 492
 0 493
 0 494
 0 495
 0 496
 0 497
 0 498
 0 499
 0 500
 0 501
 0 502
 0 503
 0 504
 0 505
 0 506
 0 507
 0 508
 0 509
 0 510
 0 511
 0 512
 0 513
 0 514
 0 515
 0 516
 0 517
 0 518
 0 519
 0 520
 0 521
 0 522
 0 523
 0 524
 0 525
 0 526
 0 527
 0 528
 0 529
 0 530
 0 531
 0 532
 0 533
 0 534
 0 535
 0 536
 0 537
 0 538
 0 539
 0 540
 0 541
 0 542
 0 543
 0 544
 0 545
 0 546
 0 547
 0 548
 0 549
 0 550
 0 551
 0 552
 0 553
 0 554
 0 555
 0 556
 0 557
 0 558
 0 559
 0 560
 0 561
 0 562
 0 563
 0 564
 0 565
 0 566
 0 567
 0 568
 0 569
 0 570
 0 571
 0 572
 0 573
 0 574
 0 575
 0 576
 0 577
 0 578
 0 579
 0 580
 0 581
 0 582
 0 583
 0 584
 0 585
 0 586
 0 587
 0 588
 0 589
 0 590
 0 591
 0 592
 0 593
 0 594
 0 595
 0 596
 0 597
 0 598
 0 599
 0 600


