# Created by Octave 3.8.2, Sat Jun 20 05:04:33 2020 CEST <damian@fptrucha.inv.usc.es>
# name: hd
# type: matrix
# rows: 551
# columns: 2
 0 50
 0 51
 0 52
 0 53
 0 54
 0 55
 0 56
 0 57
 0 58
 0 59
 0 60
 0 61
 0 62
 0 63
 0 64
 0 65
 0 66
 0 67
 0 68
 0 69
 0 70
 0 71
 0 72
 0 73
 0 74
 0 75
 0 76
 0 77
 0 78
 0 79
 0 80
 0 81
 0 82
 0 83
 0 84
 0 85
 0 86
 0 87
 0 88
 0 89
 10 90
 16 91
 54 92
 136 93
 269 94
 428 95
 547 96
 636 97
 899 98
 1181 99
 1306 100
 1339 101
 1494 102
 1499 103
 1502 104
 1521 105
 1614 106
 1505 107
 1548 108
 1463 109
 1397 110
 1311 111
 1252 112
 1221 113
 1061 114
 1094 115
 1032 116
 979 117
 820 118
 770 119
 742 120
 661 121
 615 122
 553 123
 511 124
 477 125
 421 126
 419 127
 339 128
 300 129
 286 130
 289 131
 254 132
 228 133
 194 134
 198 135
 170 136
 153 137
 134 138
 122 139
 119 140
 103 141
 107 142
 92 143
 101 144
 78 145
 70 146
 71 147
 58 148
 59 149
 48 150
 38 151
 50 152
 37 153
 44 154
 40 155
 36 156
 38 157
 43 158
 28 159
 29 160
 27 161
 33 162
 34 163
 26 164
 25 165
 15 166
 25 167
 18 168
 22 169
 15 170
 10 171
 16 172
 8 173
 14 174
 13 175
 9 176
 12 177
 12 178
 6 179
 9 180
 4 181
 5 182
 9 183
 8 184
 7 185
 4 186
 3 187
 5 188
 6 189
 4 190
 3 191
 2 192
 1 193
 3 194
 3 195
 0 196
 2 197
 1 198
 2 199
 0 200
 0 201
 7 202
 1 203
 1 204
 0 205
 0 206
 1 207
 0 208
 1 209
 0 210
 1 211
 0 212
 0 213
 1 214
 0 215
 1 216
 0 217
 0 218
 1 219
 0 220
 1 221
 1 222
 0 223
 1 224
 0 225
 0 226
 1 227
 0 228
 0 229
 0 230
 0 231
 1 232
 0 233
 0 234
 0 235
 0 236
 0 237
 0 238
 0 239
 0 240
 0 241
 0 242
 0 243
 0 244
 0 245
 0 246
 0 247
 0 248
 0 249
 0 250
 0 251
 0 252
 0 253
 0 254
 0 255
 0 256
 0 257
 0 258
 0 259
 0 260
 0 261
 0 262
 0 263
 0 264
 0 265
 0 266
 0 267
 0 268
 0 269
 0 270
 0 271
 0 272
 0 273
 0 274
 1 275
 0 276
 0 277
 0 278
 1 279
 0 280
 0 281
 1 282
 0 283
 0 284
 0 285
 0 286
 1 287
 0 288
 0 289
 0 290
 0 291
 0 292
 0 293
 0 294
 2 295
 1 296
 0 297
 0 298
 1 299
 0 300
 1 301
 2 302
 2 303
 0 304
 1 305
 1 306
 1 307
 3 308
 2 309
 1 310
 2 311
 1 312
 2 313
 0 314
 3 315
 2 316
 1 317
 3 318
 2 319
 0 320
 0 321
 1 322
 3 323
 3 324
 0 325
 0 326
 0 327
 1 328
 1 329
 0 330
 1 331
 0 332
 1 333
 2 334
 0 335
 1 336
 2 337
 3 338
 1 339
 0 340
 1 341
 2 342
 3 343
 2 344
 4 345
 1 346
 0 347
 1 348
 0 349
 1 350
 2 351
 1 352
 1 353
 0 354
 2 355
 0 356
 1 357
 2 358
 2 359
 0 360
 1 361
 1 362
 2 363
 2 364
 1 365
 1 366
 0 367
 0 368
 1 369
 1 370
 2 371
 0 372
 1 373
 2 374
 1 375
 0 376
 0 377
 1 378
 0 379
 0 380
 0 381
 1 382
 0 383
 2 384
 1 385
 1 386
 1 387
 0 388
 0 389
 0 390
 0 391
 0 392
 0 393
 0 394
 0 395
 2 396
 0 397
 0 398
 0 399
 0 400
 0 401
 0 402
 0 403
 0 404
 0 405
 0 406
 0 407
 0 408
 0 409
 0 410
 0 411
 0 412
 0 413
 1 414
 0 415
 0 416
 0 417
 0 418
 0 419
 0 420
 0 421
 0 422
 0 423
 0 424
 0 425
 0 426
 0 427
 0 428
 0 429
 0 430
 0 431
 0 432
 0 433
 0 434
 0 435
 0 436
 0 437
 0 438
 0 439
 0 440
 0 441
 0 442
 0 443
 0 444
 0 445
 0 446
 0 447
 0 448
 0 449
 0 450
 0 451
 0 452
 0 453
 0 454
 0 455
 0 456
 0 457
 0 458
 0 459
 0 460
 0 461
 0 462
 0 463
 0 464
 0 465
 0 466
 0 467
 0 468
 0 469
 0 470
 0 471
 0 472
 0 473
 0 474
 0 475
 0 476
 0 477
 0 478
 0 479
 0 480
 0 481
 0 482
 0 483
 0 484
 0 485
 0 486
 0 487
 0 488
 0 489
 0 490
 0 491
 0 492
 0 493
 0 494
 0 495
 0 496
 0 497
 0 498
 0 499
 0 500
 0 501
 0 502
 0 503
 0 504
 0 505
 0 506
 0 507
 0 508
 0 509
 0 510
 0 511
 0 512
 0 513
 0 514
 0 515
 0 516
 0 517
 0 518
 0 519
 0 520
 0 521
 0 522
 0 523
 0 524
 0 525
 0 526
 0 527
 0 528
 0 529
 0 530
 0 531
 0 532
 0 533
 0 534
 0 535
 0 536
 0 537
 0 538
 0 539
 0 540
 0 541
 0 542
 0 543
 0 544
 0 545
 0 546
 0 547
 0 548
 0 549
 0 550
 0 551
 0 552
 0 553
 0 554
 0 555
 0 556
 0 557
 0 558
 0 559
 0 560
 0 561
 0 562
 0 563
 0 564
 0 565
 0 566
 0 567
 0 568
 0 569
 0 570
 0 571
 0 572
 0 573
 0 574
 0 575
 0 576
 0 577
 0 578
 0 579
 0 580
 0 581
 0 582
 0 583
 0 584
 0 585
 0 586
 0 587
 0 588
 0 589
 0 590
 0 591
 0 592
 0 593
 0 594
 0 595
 0 596
 0 597
 0 598
 0 599
 0 600


