# Created by Octave 3.8.2, Sat Jun 20 16:17:19 2020 CEST <damian@fptrucha.inv.usc.es>
# name: hd
# type: matrix
# rows: 551
# columns: 2
 0 50
 0 51
 0 52
 0 53
 0 54
 0 55
 0 56
 0 57
 0 58
 0 59
 0 60
 0 61
 0 62
 0 63
 0 64
 0 65
 0 66
 0 67
 0 68
 0 69
 0 70
 0 71
 0 72
 0 73
 0 74
 0 75
 0 76
 0 77
 0 78
 0 79
 0 80
 0 81
 0 82
 0 83
 0 84
 0 85
 0 86
 0 87
 0 88
 2 89
 7 90
 20 91
 50 92
 120 93
 233 94
 388 95
 452 96
 563 97
 775 98
 1100 99
 1150 100
 1235 101
 1333 102
 1360 103
 1421 104
 1520 105
 1435 106
 1408 107
 1342 108
 1370 109
 1335 110
 1201 111
 1236 112
 1150 113
 1052 114
 984 115
 960 116
 859 117
 792 118
 783 119
 673 120
 602 121
 555 122
 521 123
 483 124
 419 125
 389 126
 391 127
 332 128
 324 129
 236 130
 218 131
 237 132
 223 133
 180 134
 172 135
 156 136
 150 137
 120 138
 133 139
 100 140
 98 141
 105 142
 93 143
 82 144
 70 145
 77 146
 73 147
 62 148
 44 149
 60 150
 47 151
 47 152
 38 153
 34 154
 56 155
 30 156
 43 157
 35 158
 30 159
 41 160
 32 161
 21 162
 17 163
 19 164
 17 165
 24 166
 14 167
 14 168
 13 169
 8 170
 13 171
 14 172
 15 173
 11 174
 6 175
 13 176
 9 177
 7 178
 5 179
 9 180
 5 181
 5 182
 8 183
 2 184
 2 185
 4 186
 7 187
 1 188
 2 189
 2 190
 4 191
 6 192
 2 193
 1 194
 5 195
 1 196
 1 197
 2 198
 2 199
 1 200
 4 201
 1 202
 0 203
 0 204
 1 205
 0 206
 0 207
 0 208
 0 209
 0 210
 1 211
 2 212
 0 213
 0 214
 0 215
 0 216
 0 217
 0 218
 0 219
 0 220
 0 221
 0 222
 0 223
 0 224
 1 225
 0 226
 0 227
 0 228
 0 229
 1 230
 0 231
 0 232
 1 233
 1 234
 0 235
 0 236
 0 237
 0 238
 0 239
 0 240
 0 241
 0 242
 0 243
 0 244
 0 245
 0 246
 0 247
 0 248
 0 249
 0 250
 0 251
 0 252
 0 253
 0 254
 0 255
 0 256
 0 257
 0 258
 0 259
 0 260
 0 261
 1 262
 0 263
 0 264
 0 265
 0 266
 0 267
 0 268
 0 269
 0 270
 0 271
 0 272
 0 273
 0 274
 0 275
 0 276
 0 277
 0 278
 0 279
 0 280
 0 281
 0 282
 0 283
 0 284
 0 285
 0 286
 0 287
 0 288
 0 289
 0 290
 0 291
 0 292
 0 293
 0 294
 0 295
 2 296
 0 297
 1 298
 1 299
 0 300
 3 301
 2 302
 1 303
 2 304
 2 305
 0 306
 1 307
 0 308
 1 309
 0 310
 1 311
 0 312
 1 313
 0 314
 1 315
 2 316
 2 317
 4 318
 0 319
 0 320
 2 321
 1 322
 1 323
 1 324
 0 325
 3 326
 0 327
 1 328
 2 329
 0 330
 3 331
 4 332
 4 333
 1 334
 0 335
 1 336
 3 337
 0 338
 1 339
 0 340
 2 341
 0 342
 1 343
 1 344
 0 345
 2 346
 0 347
 1 348
 0 349
 0 350
 2 351
 2 352
 1 353
 3 354
 1 355
 6 356
 0 357
 2 358
 1 359
 1 360
 4 361
 0 362
 3 363
 0 364
 0 365
 1 366
 0 367
 1 368
 2 369
 2 370
 0 371
 2 372
 0 373
 3 374
 1 375
 1 376
 1 377
 1 378
 0 379
 1 380
 1 381
 1 382
 1 383
 0 384
 0 385
 0 386
 0 387
 2 388
 0 389
 0 390
 0 391
 1 392
 0 393
 0 394
 1 395
 1 396
 0 397
 0 398
 1 399
 0 400
 0 401
 1 402
 0 403
 0 404
 0 405
 0 406
 0 407
 0 408
 0 409
 0 410
 0 411
 0 412
 0 413
 0 414
 0 415
 0 416
 0 417
 0 418
 0 419
 0 420
 0 421
 0 422
 0 423
 0 424
 0 425
 0 426
 1 427
 0 428
 0 429
 0 430
 0 431
 0 432
 0 433
 0 434
 0 435
 0 436
 0 437
 0 438
 0 439
 0 440
 0 441
 0 442
 0 443
 0 444
 0 445
 0 446
 0 447
 0 448
 0 449
 0 450
 0 451
 0 452
 0 453
 0 454
 0 455
 0 456
 0 457
 0 458
 0 459
 0 460
 0 461
 0 462
 0 463
 0 464
 0 465
 0 466
 0 467
 0 468
 0 469
 0 470
 0 471
 0 472
 0 473
 0 474
 0 475
 0 476
 0 477
 0 478
 0 479
 0 480
 0 481
 0 482
 0 483
 0 484
 0 485
 0 486
 0 487
 0 488
 0 489
 0 490
 0 491
 0 492
 0 493
 0 494
 0 495
 0 496
 0 497
 0 498
 0 499
 0 500
 0 501
 0 502
 0 503
 0 504
 0 505
 0 506
 0 507
 0 508
 0 509
 0 510
 0 511
 0 512
 0 513
 0 514
 0 515
 0 516
 0 517
 0 518
 0 519
 0 520
 0 521
 0 522
 0 523
 0 524
 0 525
 0 526
 0 527
 0 528
 0 529
 0 530
 0 531
 0 532
 0 533
 0 534
 0 535
 0 536
 0 537
 0 538
 0 539
 0 540
 0 541
 0 542
 0 543
 0 544
 0 545
 0 546
 0 547
 0 548
 0 549
 0 550
 0 551
 0 552
 0 553
 0 554
 0 555
 0 556
 0 557
 0 558
 0 559
 0 560
 0 561
 0 562
 0 563
 0 564
 0 565
 0 566
 0 567
 0 568
 0 569
 0 570
 0 571
 0 572
 0 573
 0 574
 0 575
 0 576
 0 577
 0 578
 0 579
 0 580
 0 581
 0 582
 0 583
 0 584
 0 585
 0 586
 0 587
 0 588
 0 589
 0 590
 0 591
 0 592
 0 593
 0 594
 0 595
 0 596
 0 597
 0 598
 0 599
 0 600


