# Created by Octave 3.8.2, Sun Jun 21 05:09:31 2020 CEST <damian@fptrucha.inv.usc.es>
# name: hd
# type: matrix
# rows: 551
# columns: 2
 0 50
 0 51
 0 52
 0 53
 0 54
 0 55
 0 56
 0 57
 0 58
 0 59
 0 60
 0 61
 0 62
 0 63
 0 64
 0 65
 0 66
 0 67
 0 68
 0 69
 0 70
 0 71
 0 72
 0 73
 0 74
 0 75
 0 76
 0 77
 0 78
 0 79
 0 80
 0 81
 0 82
 0 83
 0 84
 0 85
 0 86
 0 87
 0 88
 1 89
 12 90
 22 91
 41 92
 132 93
 265 94
 371 95
 473 96
 660 97
 855 98
 1013 99
 1142 100
 1185 101
 1360 102
 1331 103
 1341 104
 1415 105
 1439 106
 1379 107
 1370 108
 1298 109
 1236 110
 1159 111
 1107 112
 1095 113
 1059 114
 940 115
 881 116
 841 117
 769 118
 668 119
 716 120
 583 121
 538 122
 471 123
 444 124
 383 125
 351 126
 341 127
 309 128
 295 129
 256 130
 208 131
 207 132
 183 133
 174 134
 171 135
 148 136
 122 137
 119 138
 109 139
 107 140
 103 141
 87 142
 83 143
 79 144
 77 145
 63 146
 54 147
 44 148
 45 149
 40 150
 44 151
 45 152
 37 153
 32 154
 24 155
 28 156
 34 157
 31 158
 29 159
 28 160
 27 161
 15 162
 16 163
 15 164
 15 165
 13 166
 8 167
 13 168
 12 169
 12 170
 13 171
 12 172
 11 173
 6 174
 6 175
 9 176
 5 177
 9 178
 6 179
 7 180
 6 181
 3 182
 4 183
 4 184
 4 185
 3 186
 3 187
 2 188
 3 189
 0 190
 2 191
 4 192
 2 193
 1 194
 2 195
 3 196
 1 197
 0 198
 0 199
 1 200
 0 201
 1 202
 1 203
 0 204
 1 205
 0 206
 0 207
 0 208
 0 209
 0 210
 0 211
 1 212
 0 213
 0 214
 1 215
 0 216
 0 217
 0 218
 0 219
 0 220
 0 221
 0 222
 0 223
 0 224
 0 225
 0 226
 0 227
 0 228
 0 229
 0 230
 0 231
 0 232
 0 233
 0 234
 0 235
 0 236
 0 237
 0 238
 0 239
 0 240
 0 241
 0 242
 0 243
 0 244
 0 245
 0 246
 0 247
 0 248
 0 249
 0 250
 0 251
 0 252
 0 253
 0 254
 1 255
 0 256
 0 257
 0 258
 0 259
 0 260
 0 261
 0 262
 0 263
 0 264
 0 265
 0 266
 0 267
 0 268
 0 269
 0 270
 0 271
 0 272
 0 273
 0 274
 0 275
 0 276
 0 277
 0 278
 0 279
 1 280
 0 281
 1 282
 0 283
 0 284
 0 285
 0 286
 0 287
 0 288
 0 289
 0 290
 1 291
 0 292
 0 293
 0 294
 1 295
 1 296
 1 297
 1 298
 3 299
 0 300
 0 301
 0 302
 0 303
 0 304
 2 305
 1 306
 0 307
 1 308
 0 309
 2 310
 0 311
 1 312
 0 313
 0 314
 1 315
 1 316
 0 317
 0 318
 1 319
 2 320
 1 321
 0 322
 0 323
 0 324
 1 325
 1 326
 0 327
 0 328
 0 329
 0 330
 0 331
 1 332
 1 333
 1 334
 1 335
 0 336
 2 337
 2 338
 2 339
 0 340
 2 341
 2 342
 0 343
 1 344
 3 345
 3 346
 2 347
 2 348
 0 349
 0 350
 1 351
 0 352
 1 353
 2 354
 1 355
 3 356
 0 357
 3 358
 0 359
 0 360
 1 361
 1 362
 0 363
 1 364
 2 365
 1 366
 0 367
 1 368
 2 369
 1 370
 0 371
 0 372
 1 373
 1 374
 0 375
 1 376
 0 377
 0 378
 0 379
 2 380
 0 381
 0 382
 0 383
 1 384
 0 385
 0 386
 0 387
 1 388
 0 389
 0 390
 1 391
 1 392
 1 393
 0 394
 1 395
 1 396
 1 397
 0 398
 0 399
 0 400
 0 401
 0 402
 0 403
 0 404
 0 405
 0 406
 0 407
 0 408
 0 409
 0 410
 1 411
 0 412
 0 413
 0 414
 1 415
 0 416
 0 417
 0 418
 0 419
 0 420
 0 421
 0 422
 0 423
 0 424
 0 425
 0 426
 0 427
 0 428
 0 429
 0 430
 0 431
 0 432
 0 433
 0 434
 0 435
 0 436
 0 437
 0 438
 0 439
 0 440
 0 441
 0 442
 0 443
 0 444
 0 445
 0 446
 0 447
 0 448
 0 449
 0 450
 0 451
 0 452
 0 453
 0 454
 0 455
 0 456
 0 457
 0 458
 0 459
 0 460
 0 461
 0 462
 0 463
 0 464
 0 465
 0 466
 0 467
 0 468
 0 469
 0 470
 0 471
 0 472
 0 473
 0 474
 0 475
 0 476
 0 477
 0 478
 0 479
 0 480
 0 481
 0 482
 0 483
 0 484
 0 485
 0 486
 0 487
 0 488
 0 489
 0 490
 0 491
 0 492
 0 493
 0 494
 0 495
 0 496
 0 497
 0 498
 0 499
 0 500
 0 501
 0 502
 0 503
 0 504
 0 505
 0 506
 0 507
 0 508
 0 509
 0 510
 0 511
 0 512
 0 513
 0 514
 0 515
 0 516
 0 517
 0 518
 0 519
 0 520
 0 521
 0 522
 0 523
 0 524
 0 525
 0 526
 0 527
 0 528
 0 529
 0 530
 0 531
 0 532
 0 533
 0 534
 0 535
 0 536
 0 537
 0 538
 0 539
 0 540
 0 541
 0 542
 0 543
 0 544
 0 545
 0 546
 0 547
 0 548
 0 549
 0 550
 0 551
 0 552
 0 553
 0 554
 0 555
 0 556
 0 557
 0 558
 0 559
 0 560
 0 561
 0 562
 0 563
 0 564
 0 565
 0 566
 0 567
 0 568
 0 569
 0 570
 0 571
 0 572
 0 573
 0 574
 0 575
 0 576
 0 577
 0 578
 0 579
 0 580
 0 581
 0 582
 0 583
 0 584
 0 585
 0 586
 0 587
 0 588
 0 589
 0 590
 0 591
 0 592
 0 593
 0 594
 0 595
 0 596
 0 597
 0 598
 0 599
 0 600


