# Created by Octave 3.8.2, Mon Jun 22 04:02:23 2020 CEST <damian@fptrucha.inv.usc.es>
# name: hd
# type: matrix
# rows: 551
# columns: 2
 0 50
 0 51
 0 52
 0 53
 0 54
 0 55
 0 56
 0 57
 0 58
 0 59
 0 60
 0 61
 0 62
 0 63
 0 64
 0 65
 0 66
 0 67
 0 68
 0 69
 0 70
 0 71
 0 72
 0 73
 0 74
 0 75
 0 76
 0 77
 0 78
 0 79
 0 80
 0 81
 0 82
 0 83
 0 84
 0 85
 0 86
 0 87
 0 88
 0 89
 2 90
 11 91
 10 92
 68 93
 162 94
 340 95
 520 96
 595 97
 726 98
 1006 99
 1285 100
 1369 101
 1417 102
 1460 103
 1556 104
 1488 105
 1490 106
 1487 107
 1363 108
 1378 109
 1292 110
 1166 111
 1113 112
 1041 113
 957 114
 878 115
 856 116
 728 117
 673 118
 642 119
 495 120
 499 121
 427 122
 396 123
 373 124
 289 125
 309 126
 246 127
 227 128
 208 129
 201 130
 168 131
 158 132
 123 133
 134 134
 124 135
 89 136
 96 137
 97 138
 99 139
 74 140
 61 141
 76 142
 57 143
 64 144
 55 145
 55 146
 41 147
 42 148
 53 149
 40 150
 33 151
 22 152
 35 153
 40 154
 32 155
 26 156
 28 157
 22 158
 25 159
 16 160
 18 161
 17 162
 20 163
 15 164
 12 165
 18 166
 12 167
 11 168
 16 169
 18 170
 15 171
 11 172
 13 173
 5 174
 8 175
 9 176
 8 177
 7 178
 13 179
 5 180
 8 181
 4 182
 7 183
 1 184
 4 185
 6 186
 2 187
 1 188
 3 189
 5 190
 2 191
 1 192
 1 193
 3 194
 1 195
 1 196
 0 197
 0 198
 2 199
 2 200
 1 201
 0 202
 0 203
 1 204
 2 205
 0 206
 2 207
 0 208
 0 209
 1 210
 0 211
 0 212
 1 213
 0 214
 2 215
 0 216
 1 217
 0 218
 1 219
 0 220
 0 221
 0 222
 0 223
 0 224
 0 225
 0 226
 0 227
 1 228
 0 229
 0 230
 0 231
 0 232
 0 233
 0 234
 0 235
 0 236
 0 237
 0 238
 0 239
 0 240
 0 241
 0 242
 0 243
 0 244
 0 245
 0 246
 0 247
 0 248
 0 249
 0 250
 0 251
 0 252
 0 253
 0 254
 0 255
 0 256
 0 257
 0 258
 0 259
 0 260
 0 261
 0 262
 0 263
 0 264
 0 265
 0 266
 0 267
 0 268
 0 269
 0 270
 0 271
 0 272
 0 273
 0 274
 0 275
 0 276
 0 277
 0 278
 0 279
 0 280
 1 281
 0 282
 0 283
 0 284
 1 285
 0 286
 0 287
 0 288
 1 289
 0 290
 0 291
 0 292
 0 293
 0 294
 2 295
 0 296
 0 297
 2 298
 0 299
 0 300
 1 301
 0 302
 1 303
 2 304
 0 305
 0 306
 1 307
 0 308
 1 309
 2 310
 0 311
 0 312
 3 313
 2 314
 1 315
 1 316
 2 317
 1 318
 1 319
 2 320
 0 321
 1 322
 2 323
 1 324
 3 325
 1 326
 2 327
 2 328
 1 329
 2 330
 4 331
 0 332
 0 333
 1 334
 2 335
 1 336
 3 337
 1 338
 0 339
 5 340
 0 341
 2 342
 3 343
 3 344
 2 345
 3 346
 5 347
 2 348
 0 349
 0 350
 2 351
 1 352
 1 353
 2 354
 3 355
 2 356
 0 357
 2 358
 2 359
 2 360
 1 361
 0 362
 1 363
 2 364
 0 365
 0 366
 0 367
 1 368
 0 369
 1 370
 0 371
 0 372
 1 373
 1 374
 0 375
 0 376
 0 377
 0 378
 2 379
 0 380
 0 381
 0 382
 1 383
 0 384
 0 385
 0 386
 0 387
 0 388
 0 389
 1 390
 0 391
 1 392
 0 393
 1 394
 0 395
 0 396
 0 397
 0 398
 0 399
 0 400
 0 401
 0 402
 0 403
 0 404
 0 405
 0 406
 0 407
 0 408
 0 409
 0 410
 0 411
 0 412
 0 413
 0 414
 0 415
 0 416
 0 417
 0 418
 0 419
 0 420
 0 421
 0 422
 0 423
 0 424
 0 425
 0 426
 0 427
 0 428
 0 429
 0 430
 0 431
 0 432
 0 433
 0 434
 0 435
 0 436
 0 437
 0 438
 0 439
 0 440
 0 441
 0 442
 0 443
 0 444
 0 445
 0 446
 0 447
 0 448
 0 449
 0 450
 0 451
 0 452
 0 453
 0 454
 0 455
 0 456
 0 457
 0 458
 0 459
 0 460
 0 461
 0 462
 0 463
 0 464
 0 465
 0 466
 0 467
 0 468
 0 469
 0 470
 0 471
 0 472
 0 473
 0 474
 0 475
 0 476
 0 477
 0 478
 0 479
 0 480
 0 481
 0 482
 0 483
 0 484
 0 485
 0 486
 0 487
 0 488
 0 489
 0 490
 0 491
 0 492
 0 493
 0 494
 0 495
 0 496
 0 497
 0 498
 0 499
 0 500
 0 501
 0 502
 0 503
 0 504
 0 505
 0 506
 0 507
 0 508
 0 509
 0 510
 0 511
 0 512
 0 513
 0 514
 0 515
 0 516
 0 517
 0 518
 0 519
 0 520
 0 521
 0 522
 0 523
 0 524
 0 525
 0 526
 0 527
 0 528
 0 529
 0 530
 0 531
 0 532
 0 533
 0 534
 0 535
 0 536
 0 537
 0 538
 0 539
 0 540
 0 541
 0 542
 0 543
 0 544
 0 545
 0 546
 0 547
 0 548
 0 549
 0 550
 0 551
 0 552
 0 553
 0 554
 0 555
 0 556
 0 557
 0 558
 0 559
 0 560
 0 561
 0 562
 0 563
 0 564
 0 565
 0 566
 0 567
 0 568
 0 569
 0 570
 0 571
 0 572
 0 573
 0 574
 0 575
 0 576
 0 577
 0 578
 0 579
 0 580
 0 581
 0 582
 0 583
 0 584
 0 585
 0 586
 0 587
 0 588
 0 589
 0 590
 0 591
 0 592
 0 593
 0 594
 0 595
 0 596
 0 597
 0 598
 0 599
 0 600


