# Created by Octave 3.8.2, Sat Jun 20 10:59:44 2020 CEST <damian@fptrucha.inv.usc.es>
# name: hd
# type: matrix
# rows: 551
# columns: 2
 0 50
 0 51
 0 52
 0 53
 0 54
 0 55
 0 56
 0 57
 0 58
 0 59
 0 60
 0 61
 0 62
 0 63
 0 64
 0 65
 0 66
 0 67
 0 68
 0 69
 0 70
 0 71
 0 72
 0 73
 0 74
 0 75
 0 76
 0 77
 0 78
 0 79
 0 80
 0 81
 0 82
 0 83
 0 84
 0 85
 0 86
 0 87
 0 88
 5 89
 9 90
 17 91
 58 92
 142 93
 286 94
 439 95
 544 96
 696 97
 946 98
 1252 99
 1358 100
 1425 101
 1638 102
 1572 103
 1561 104
 1703 105
 1549 106
 1602 107
 1504 108
 1560 109
 1463 110
 1392 111
 1298 112
 1235 113
 1079 114
 1084 115
 999 116
 906 117
 876 118
 799 119
 709 120
 648 121
 590 122
 561 123
 497 124
 477 125
 414 126
 359 127
 337 128
 267 129
 271 130
 242 131
 199 132
 189 133
 181 134
 160 135
 159 136
 133 137
 128 138
 107 139
 118 140
 95 141
 114 142
 82 143
 88 144
 61 145
 73 146
 59 147
 58 148
 50 149
 47 150
 47 151
 38 152
 35 153
 41 154
 36 155
 30 156
 30 157
 34 158
 24 159
 30 160
 24 161
 32 162
 26 163
 16 164
 14 165
 17 166
 14 167
 21 168
 17 169
 8 170
 16 171
 8 172
 8 173
 8 174
 8 175
 4 176
 5 177
 11 178
 8 179
 3 180
 3 181
 6 182
 10 183
 5 184
 1 185
 4 186
 2 187
 4 188
 1 189
 1 190
 3 191
 4 192
 0 193
 3 194
 1 195
 1 196
 0 197
 1 198
 1 199
 0 200
 1 201
 0 202
 3 203
 0 204
 0 205
 0 206
 1 207
 1 208
 0 209
 1 210
 0 211
 0 212
 0 213
 0 214
 0 215
 0 216
 0 217
 0 218
 0 219
 0 220
 0 221
 0 222
 1 223
 0 224
 0 225
 1 226
 0 227
 0 228
 0 229
 0 230
 0 231
 0 232
 0 233
 0 234
 1 235
 0 236
 0 237
 0 238
 0 239
 0 240
 0 241
 0 242
 0 243
 0 244
 0 245
 0 246
 0 247
 0 248
 0 249
 0 250
 0 251
 0 252
 0 253
 0 254
 0 255
 0 256
 0 257
 0 258
 0 259
 0 260
 0 261
 0 262
 0 263
 0 264
 0 265
 0 266
 0 267
 0 268
 0 269
 0 270
 0 271
 0 272
 0 273
 0 274
 0 275
 0 276
 0 277
 0 278
 0 279
 0 280
 1 281
 0 282
 0 283
 0 284
 0 285
 0 286
 0 287
 0 288
 1 289
 0 290
 0 291
 0 292
 0 293
 0 294
 0 295
 0 296
 0 297
 1 298
 0 299
 0 300
 1 301
 2 302
 0 303
 0 304
 1 305
 1 306
 1 307
 0 308
 0 309
 3 310
 2 311
 3 312
 0 313
 0 314
 0 315
 1 316
 2 317
 0 318
 2 319
 2 320
 0 321
 2 322
 0 323
 1 324
 3 325
 0 326
 3 327
 5 328
 2 329
 0 330
 0 331
 3 332
 1 333
 2 334
 4 335
 6 336
 1 337
 0 338
 2 339
 2 340
 0 341
 1 342
 0 343
 4 344
 0 345
 0 346
 0 347
 1 348
 3 349
 1 350
 0 351
 0 352
 1 353
 2 354
 0 355
 0 356
 1 357
 1 358
 0 359
 1 360
 1 361
 0 362
 1 363
 1 364
 1 365
 1 366
 1 367
 1 368
 1 369
 0 370
 1 371
 0 372
 0 373
 1 374
 2 375
 0 376
 0 377
 1 378
 0 379
 0 380
 0 381
 0 382
 1 383
 0 384
 0 385
 0 386
 0 387
 0 388
 0 389
 0 390
 1 391
 0 392
 0 393
 0 394
 0 395
 0 396
 1 397
 0 398
 0 399
 0 400
 0 401
 1 402
 1 403
 0 404
 0 405
 0 406
 0 407
 0 408
 0 409
 2 410
 0 411
 0 412
 0 413
 0 414
 0 415
 0 416
 0 417
 0 418
 1 419
 0 420
 0 421
 0 422
 0 423
 0 424
 0 425
 0 426
 0 427
 0 428
 0 429
 0 430
 0 431
 0 432
 0 433
 0 434
 0 435
 0 436
 0 437
 0 438
 0 439
 0 440
 0 441
 0 442
 0 443
 0 444
 0 445
 0 446
 0 447
 0 448
 0 449
 0 450
 0 451
 0 452
 0 453
 0 454
 0 455
 0 456
 0 457
 0 458
 0 459
 0 460
 0 461
 0 462
 0 463
 0 464
 0 465
 0 466
 0 467
 0 468
 0 469
 0 470
 0 471
 0 472
 0 473
 0 474
 0 475
 0 476
 0 477
 0 478
 0 479
 0 480
 0 481
 0 482
 0 483
 0 484
 0 485
 0 486
 0 487
 0 488
 0 489
 0 490
 0 491
 0 492
 0 493
 0 494
 0 495
 0 496
 0 497
 0 498
 0 499
 0 500
 0 501
 0 502
 0 503
 0 504
 0 505
 0 506
 0 507
 0 508
 0 509
 0 510
 0 511
 0 512
 0 513
 0 514
 0 515
 0 516
 0 517
 0 518
 0 519
 0 520
 0 521
 0 522
 0 523
 0 524
 0 525
 0 526
 0 527
 0 528
 0 529
 0 530
 0 531
 0 532
 0 533
 0 534
 0 535
 0 536
 0 537
 0 538
 0 539
 0 540
 0 541
 0 542
 0 543
 0 544
 0 545
 0 546
 0 547
 0 548
 0 549
 0 550
 0 551
 0 552
 0 553
 0 554
 0 555
 0 556
 0 557
 0 558
 0 559
 0 560
 0 561
 0 562
 0 563
 0 564
 0 565
 0 566
 0 567
 0 568
 0 569
 0 570
 0 571
 0 572
 0 573
 0 574
 0 575
 0 576
 0 577
 0 578
 0 579
 0 580
 0 581
 0 582
 0 583
 0 584
 0 585
 0 586
 0 587
 0 588
 0 589
 0 590
 0 591
 0 592
 0 593
 0 594
 0 595
 0 596
 0 597
 0 598
 0 599
 0 600


