# Created by Octave 3.8.2, Sat Jun 20 23:37:48 2020 CEST <damian@fptrucha.inv.usc.es>
# name: hd
# type: matrix
# rows: 551
# columns: 2
 0 50
 0 51
 0 52
 0 53
 0 54
 0 55
 0 56
 0 57
 0 58
 0 59
 0 60
 0 61
 0 62
 0 63
 0 64
 0 65
 0 66
 0 67
 0 68
 0 69
 0 70
 0 71
 0 72
 0 73
 0 74
 0 75
 0 76
 0 77
 0 78
 0 79
 0 80
 0 81
 0 82
 0 83
 0 84
 0 85
 0 86
 0 87
 0 88
 3 89
 5 90
 10 91
 50 92
 133 93
 248 94
 380 95
 437 96
 547 97
 812 98
 1005 99
 1117 100
 1181 101
 1297 102
 1251 103
 1392 104
 1368 105
 1401 106
 1336 107
 1308 108
 1334 109
 1225 110
 1197 111
 1127 112
 1107 113
 998 114
 976 115
 917 116
 891 117
 828 118
 730 119
 700 120
 591 121
 577 122
 520 123
 485 124
 433 125
 427 126
 334 127
 325 128
 323 129
 268 130
 239 131
 207 132
 231 133
 184 134
 176 135
 142 136
 152 137
 114 138
 119 139
 127 140
 81 141
 100 142
 95 143
 86 144
 68 145
 69 146
 53 147
 52 148
 47 149
 48 150
 54 151
 50 152
 52 153
 36 154
 44 155
 37 156
 25 157
 27 158
 29 159
 18 160
 22 161
 23 162
 27 163
 18 164
 17 165
 12 166
 20 167
 13 168
 20 169
 9 170
 7 171
 4 172
 4 173
 6 174
 6 175
 9 176
 7 177
 5 178
 6 179
 9 180
 6 181
 2 182
 6 183
 7 184
 7 185
 2 186
 5 187
 1 188
 2 189
 0 190
 1 191
 3 192
 7 193
 3 194
 1 195
 1 196
 0 197
 1 198
 1 199
 0 200
 1 201
 3 202
 1 203
 1 204
 0 205
 2 206
 0 207
 0 208
 0 209
 0 210
 1 211
 0 212
 0 213
 0 214
 0 215
 0 216
 0 217
 1 218
 0 219
 0 220
 0 221
 0 222
 0 223
 0 224
 0 225
 0 226
 1 227
 0 228
 0 229
 0 230
 0 231
 0 232
 0 233
 0 234
 0 235
 0 236
 0 237
 0 238
 0 239
 0 240
 0 241
 0 242
 0 243
 0 244
 0 245
 0 246
 0 247
 0 248
 0 249
 0 250
 0 251
 0 252
 0 253
 0 254
 0 255
 0 256
 0 257
 0 258
 0 259
 0 260
 0 261
 0 262
 0 263
 0 264
 0 265
 0 266
 0 267
 0 268
 0 269
 0 270
 0 271
 0 272
 0 273
 0 274
 0 275
 0 276
 0 277
 0 278
 0 279
 1 280
 0 281
 0 282
 0 283
 0 284
 0 285
 0 286
 0 287
 1 288
 0 289
 2 290
 2 291
 0 292
 0 293
 0 294
 1 295
 0 296
 0 297
 0 298
 1 299
 0 300
 0 301
 1 302
 0 303
 0 304
 0 305
 1 306
 2 307
 0 308
 2 309
 2 310
 0 311
 1 312
 0 313
 3 314
 1 315
 4 316
 2 317
 1 318
 2 319
 0 320
 1 321
 0 322
 1 323
 0 324
 2 325
 0 326
 2 327
 2 328
 0 329
 2 330
 1 331
 0 332
 2 333
 2 334
 2 335
 3 336
 1 337
 1 338
 0 339
 0 340
 0 341
 0 342
 1 343
 1 344
 0 345
 2 346
 4 347
 3 348
 1 349
 1 350
 2 351
 2 352
 0 353
 1 354
 1 355
 1 356
 2 357
 0 358
 3 359
 3 360
 1 361
 0 362
 1 363
 1 364
 2 365
 1 366
 0 367
 1 368
 0 369
 0 370
 2 371
 0 372
 2 373
 1 374
 2 375
 0 376
 0 377
 1 378
 0 379
 1 380
 0 381
 0 382
 1 383
 1 384
 0 385
 0 386
 1 387
 0 388
 0 389
 0 390
 0 391
 1 392
 0 393
 1 394
 1 395
 0 396
 0 397
 0 398
 0 399
 0 400
 1 401
 0 402
 0 403
 0 404
 0 405
 0 406
 0 407
 1 408
 0 409
 0 410
 0 411
 0 412
 0 413
 0 414
 0 415
 0 416
 0 417
 0 418
 0 419
 0 420
 0 421
 0 422
 0 423
 0 424
 0 425
 0 426
 0 427
 0 428
 0 429
 0 430
 0 431
 0 432
 0 433
 0 434
 0 435
 0 436
 0 437
 0 438
 0 439
 0 440
 0 441
 0 442
 0 443
 0 444
 0 445
 0 446
 0 447
 0 448
 0 449
 0 450
 0 451
 0 452
 0 453
 0 454
 0 455
 0 456
 0 457
 0 458
 0 459
 0 460
 0 461
 0 462
 0 463
 0 464
 0 465
 0 466
 0 467
 0 468
 0 469
 0 470
 0 471
 0 472
 0 473
 0 474
 0 475
 0 476
 0 477
 0 478
 0 479
 0 480
 0 481
 0 482
 0 483
 0 484
 0 485
 0 486
 0 487
 0 488
 0 489
 0 490
 0 491
 0 492
 0 493
 0 494
 0 495
 0 496
 0 497
 0 498
 0 499
 0 500
 0 501
 0 502
 0 503
 0 504
 0 505
 0 506
 0 507
 0 508
 0 509
 0 510
 0 511
 0 512
 0 513
 0 514
 0 515
 0 516
 0 517
 0 518
 0 519
 0 520
 0 521
 0 522
 0 523
 0 524
 0 525
 0 526
 0 527
 0 528
 0 529
 0 530
 0 531
 0 532
 0 533
 0 534
 0 535
 0 536
 0 537
 0 538
 0 539
 0 540
 0 541
 0 542
 0 543
 0 544
 0 545
 0 546
 0 547
 0 548
 0 549
 0 550
 0 551
 0 552
 0 553
 0 554
 0 555
 0 556
 0 557
 0 558
 0 559
 0 560
 0 561
 0 562
 0 563
 0 564
 0 565
 0 566
 0 567
 0 568
 0 569
 0 570
 0 571
 0 572
 0 573
 0 574
 0 575
 0 576
 0 577
 0 578
 0 579
 0 580
 0 581
 0 582
 0 583
 0 584
 0 585
 0 586
 0 587
 0 588
 0 589
 0 590
 0 591
 0 592
 0 593
 0 594
 0 595
 0 596
 0 597
 0 598
 0 599
 0 600


