# Created by Octave 3.8.2, Sat Jun 20 03:10:24 2020 CEST <damian@fptrucha.inv.usc.es>
# name: hd
# type: matrix
# rows: 551
# columns: 2
 0 50
 0 51
 0 52
 0 53
 0 54
 0 55
 0 56
 0 57
 1 58
 0 59
 0 60
 0 61
 0 62
 0 63
 0 64
 0 65
 0 66
 0 67
 0 68
 0 69
 0 70
 0 71
 0 72
 0 73
 0 74
 0 75
 0 76
 0 77
 0 78
 0 79
 0 80
 0 81
 0 82
 0 83
 0 84
 0 85
 0 86
 0 87
 0 88
 3 89
 6 90
 17 91
 61 92
 154 93
 238 94
 388 95
 490 96
 677 97
 877 98
 1144 99
 1271 100
 1310 101
 1373 102
 1403 103
 1446 104
 1458 105
 1473 106
 1447 107
 1406 108
 1414 109
 1396 110
 1324 111
 1270 112
 1159 113
 1118 114
 1019 115
 932 116
 975 117
 839 118
 813 119
 744 120
 670 121
 636 122
 580 123
 504 124
 485 125
 446 126
 402 127
 361 128
 339 129
 291 130
 288 131
 266 132
 238 133
 217 134
 189 135
 175 136
 144 137
 153 138
 154 139
 126 140
 98 141
 122 142
 100 143
 83 144
 110 145
 77 146
 82 147
 64 148
 82 149
 64 150
 56 151
 46 152
 64 153
 44 154
 60 155
 36 156
 34 157
 34 158
 25 159
 39 160
 24 161
 29 162
 41 163
 26 164
 23 165
 27 166
 16 167
 15 168
 21 169
 20 170
 16 171
 10 172
 14 173
 6 174
 10 175
 11 176
 9 177
 10 178
 12 179
 6 180
 6 181
 8 182
 8 183
 6 184
 6 185
 4 186
 2 187
 6 188
 5 189
 6 190
 0 191
 4 192
 0 193
 6 194
 4 195
 1 196
 2 197
 2 198
 2 199
 0 200
 3 201
 2 202
 1 203
 4 204
 1 205
 2 206
 2 207
 0 208
 0 209
 1 210
 2 211
 0 212
 1 213
 0 214
 1 215
 0 216
 0 217
 1 218
 0 219
 0 220
 0 221
 0 222
 1 223
 0 224
 0 225
 1 226
 0 227
 0 228
 1 229
 0 230
 0 231
 0 232
 1 233
 0 234
 0 235
 0 236
 0 237
 0 238
 0 239
 0 240
 0 241
 0 242
 0 243
 0 244
 0 245
 0 246
 0 247
 0 248
 0 249
 0 250
 0 251
 0 252
 0 253
 0 254
 0 255
 0 256
 0 257
 0 258
 0 259
 0 260
 0 261
 0 262
 0 263
 0 264
 0 265
 0 266
 0 267
 0 268
 0 269
 0 270
 0 271
 0 272
 0 273
 0 274
 0 275
 0 276
 0 277
 0 278
 0 279
 0 280
 0 281
 0 282
 0 283
 0 284
 0 285
 0 286
 0 287
 0 288
 0 289
 1 290
 1 291
 0 292
 0 293
 0 294
 1 295
 0 296
 0 297
 1 298
 1 299
 0 300
 1 301
 0 302
 0 303
 1 304
 0 305
 0 306
 1 307
 2 308
 2 309
 1 310
 2 311
 1 312
 3 313
 1 314
 0 315
 1 316
 3 317
 1 318
 0 319
 1 320
 3 321
 2 322
 0 323
 3 324
 0 325
 0 326
 4 327
 4 328
 0 329
 1 330
 2 331
 2 332
 6 333
 0 334
 2 335
 0 336
 4 337
 2 338
 1 339
 3 340
 2 341
 1 342
 1 343
 0 344
 0 345
 3 346
 4 347
 5 348
 1 349
 3 350
 0 351
 5 352
 2 353
 4 354
 1 355
 0 356
 1 357
 1 358
 1 359
 0 360
 0 361
 1 362
 2 363
 1 364
 2 365
 2 366
 1 367
 0 368
 1 369
 0 370
 2 371
 0 372
 0 373
 1 374
 0 375
 0 376
 1 377
 1 378
 0 379
 2 380
 0 381
 1 382
 2 383
 0 384
 0 385
 0 386
 1 387
 0 388
 1 389
 1 390
 1 391
 0 392
 0 393
 1 394
 0 395
 0 396
 0 397
 0 398
 0 399
 0 400
 0 401
 0 402
 0 403
 0 404
 0 405
 0 406
 0 407
 0 408
 0 409
 0 410
 0 411
 0 412
 0 413
 1 414
 0 415
 0 416
 0 417
 0 418
 1 419
 0 420
 0 421
 0 422
 0 423
 0 424
 0 425
 0 426
 0 427
 0 428
 0 429
 0 430
 0 431
 0 432
 0 433
 0 434
 0 435
 0 436
 1 437
 0 438
 0 439
 0 440
 0 441
 0 442
 0 443
 0 444
 0 445
 0 446
 0 447
 0 448
 0 449
 0 450
 0 451
 0 452
 0 453
 0 454
 0 455
 0 456
 0 457
 0 458
 0 459
 0 460
 0 461
 0 462
 0 463
 0 464
 0 465
 0 466
 0 467
 0 468
 0 469
 0 470
 0 471
 0 472
 0 473
 0 474
 0 475
 0 476
 0 477
 0 478
 0 479
 0 480
 0 481
 0 482
 0 483
 0 484
 0 485
 0 486
 0 487
 0 488
 0 489
 0 490
 0 491
 0 492
 0 493
 0 494
 0 495
 0 496
 0 497
 0 498
 0 499
 0 500
 0 501
 0 502
 0 503
 0 504
 0 505
 0 506
 0 507
 0 508
 0 509
 0 510
 0 511
 0 512
 0 513
 0 514
 0 515
 0 516
 0 517
 0 518
 0 519
 0 520
 0 521
 0 522
 0 523
 0 524
 0 525
 0 526
 0 527
 0 528
 0 529
 0 530
 0 531
 0 532
 0 533
 0 534
 0 535
 0 536
 0 537
 0 538
 0 539
 0 540
 0 541
 0 542
 0 543
 0 544
 0 545
 0 546
 0 547
 0 548
 0 549
 0 550
 0 551
 0 552
 0 553
 0 554
 0 555
 0 556
 0 557
 0 558
 0 559
 0 560
 0 561
 0 562
 0 563
 0 564
 0 565
 0 566
 0 567
 0 568
 0 569
 0 570
 0 571
 0 572
 0 573
 0 574
 0 575
 0 576
 0 577
 0 578
 0 579
 0 580
 0 581
 0 582
 0 583
 0 584
 0 585
 0 586
 0 587
 0 588
 0 589
 0 590
 0 591
 0 592
 0 593
 0 594
 0 595
 0 596
 0 597
 0 598
 0 599
 0 600


