# Created by Octave 3.8.2, Mon Jun 22 05:25:41 2020 CEST <damian@fptrucha.inv.usc.es>
# name: hd
# type: matrix
# rows: 551
# columns: 2
 0 50
 0 51
 0 52
 0 53
 0 54
 0 55
 0 56
 0 57
 0 58
 0 59
 0 60
 0 61
 0 62
 0 63
 0 64
 0 65
 0 66
 0 67
 0 68
 0 69
 0 70
 0 71
 0 72
 0 73
 0 74
 0 75
 0 76
 0 77
 0 78
 0 79
 0 80
 0 81
 0 82
 0 83
 0 84
 0 85
 0 86
 0 87
 0 88
 1 89
 3 90
 14 91
 28 92
 76 93
 159 94
 354 95
 489 96
 602 97
 781 98
 989 99
 1296 100
 1397 101
 1497 102
 1517 103
 1504 104
 1532 105
 1482 106
 1529 107
 1401 108
 1364 109
 1300 110
 1166 111
 1097 112
 1000 113
 1006 114
 871 115
 789 116
 704 117
 642 118
 584 119
 500 120
 478 121
 412 122
 386 123
 298 124
 311 125
 252 126
 240 127
 243 128
 183 129
 174 130
 165 131
 163 132
 124 133
 111 134
 124 135
 97 136
 86 137
 90 138
 85 139
 88 140
 76 141
 56 142
 47 143
 62 144
 71 145
 57 146
 58 147
 40 148
 29 149
 33 150
 37 151
 39 152
 27 153
 29 154
 31 155
 21 156
 19 157
 24 158
 30 159
 22 160
 22 161
 19 162
 17 163
 14 164
 16 165
 10 166
 26 167
 13 168
 11 169
 14 170
 8 171
 9 172
 8 173
 16 174
 7 175
 7 176
 12 177
 2 178
 5 179
 6 180
 8 181
 9 182
 2 183
 3 184
 6 185
 7 186
 6 187
 2 188
 3 189
 2 190
 2 191
 1 192
 1 193
 1 194
 1 195
 5 196
 2 197
 3 198
 1 199
 2 200
 3 201
 1 202
 2 203
 2 204
 3 205
 0 206
 0 207
 0 208
 1 209
 0 210
 0 211
 0 212
 0 213
 0 214
 0 215
 1 216
 1 217
 0 218
 0 219
 0 220
 0 221
 1 222
 0 223
 1 224
 0 225
 0 226
 0 227
 0 228
 1 229
 1 230
 0 231
 0 232
 0 233
 0 234
 0 235
 0 236
 1 237
 0 238
 0 239
 0 240
 0 241
 0 242
 0 243
 0 244
 0 245
 0 246
 0 247
 0 248
 0 249
 0 250
 0 251
 0 252
 0 253
 0 254
 0 255
 0 256
 0 257
 0 258
 0 259
 0 260
 0 261
 0 262
 0 263
 0 264
 0 265
 0 266
 0 267
 0 268
 0 269
 0 270
 0 271
 0 272
 0 273
 0 274
 1 275
 0 276
 0 277
 0 278
 0 279
 0 280
 0 281
 0 282
 0 283
 0 284
 0 285
 0 286
 0 287
 0 288
 0 289
 0 290
 2 291
 0 292
 1 293
 0 294
 0 295
 1 296
 0 297
 0 298
 0 299
 2 300
 0 301
 0 302
 0 303
 0 304
 1 305
 0 306
 1 307
 0 308
 0 309
 1 310
 0 311
 1 312
 2 313
 0 314
 2 315
 4 316
 0 317
 1 318
 1 319
 0 320
 3 321
 3 322
 1 323
 2 324
 2 325
 1 326
 4 327
 1 328
 1 329
 1 330
 1 331
 3 332
 2 333
 5 334
 3 335
 3 336
 3 337
 2 338
 1 339
 0 340
 1 341
 2 342
 1 343
 2 344
 0 345
 1 346
 3 347
 1 348
 0 349
 0 350
 0 351
 0 352
 2 353
 0 354
 1 355
 1 356
 3 357
 2 358
 1 359
 0 360
 1 361
 1 362
 0 363
 0 364
 2 365
 0 366
 0 367
 0 368
 2 369
 1 370
 1 371
 1 372
 0 373
 0 374
 0 375
 1 376
 1 377
 1 378
 0 379
 0 380
 1 381
 1 382
 0 383
 1 384
 0 385
 0 386
 0 387
 0 388
 0 389
 0 390
 1 391
 0 392
 0 393
 0 394
 0 395
 0 396
 0 397
 0 398
 0 399
 1 400
 0 401
 0 402
 0 403
 0 404
 0 405
 1 406
 0 407
 0 408
 0 409
 1 410
 0 411
 0 412
 0 413
 0 414
 0 415
 0 416
 0 417
 0 418
 0 419
 0 420
 0 421
 0 422
 0 423
 0 424
 0 425
 0 426
 0 427
 0 428
 0 429
 0 430
 0 431
 0 432
 0 433
 0 434
 0 435
 0 436
 0 437
 0 438
 0 439
 0 440
 0 441
 0 442
 0 443
 0 444
 0 445
 0 446
 0 447
 0 448
 0 449
 0 450
 0 451
 0 452
 0 453
 0 454
 0 455
 0 456
 0 457
 0 458
 0 459
 0 460
 0 461
 0 462
 0 463
 0 464
 0 465
 0 466
 0 467
 0 468
 0 469
 0 470
 0 471
 0 472
 0 473
 0 474
 0 475
 0 476
 0 477
 0 478
 0 479
 0 480
 0 481
 0 482
 0 483
 0 484
 0 485
 0 486
 0 487
 0 488
 0 489
 0 490
 0 491
 0 492
 0 493
 0 494
 0 495
 0 496
 0 497
 0 498
 0 499
 0 500
 0 501
 0 502
 0 503
 0 504
 0 505
 0 506
 0 507
 0 508
 0 509
 0 510
 0 511
 0 512
 0 513
 0 514
 0 515
 0 516
 0 517
 0 518
 0 519
 0 520
 0 521
 0 522
 0 523
 0 524
 0 525
 0 526
 0 527
 0 528
 0 529
 0 530
 0 531
 0 532
 0 533
 0 534
 0 535
 0 536
 0 537
 0 538
 0 539
 0 540
 0 541
 0 542
 0 543
 0 544
 0 545
 0 546
 0 547
 0 548
 0 549
 0 550
 0 551
 0 552
 0 553
 0 554
 0 555
 0 556
 0 557
 0 558
 0 559
 0 560
 0 561
 0 562
 0 563
 0 564
 0 565
 0 566
 0 567
 0 568
 0 569
 0 570
 0 571
 0 572
 0 573
 0 574
 0 575
 0 576
 0 577
 0 578
 0 579
 0 580
 0 581
 0 582
 0 583
 0 584
 0 585
 0 586
 0 587
 0 588
 0 589
 0 590
 0 591
 0 592
 0 593
 0 594
 0 595
 0 596
 0 597
 0 598
 0 599
 0 600


