# Created by Octave 3.8.2, Mon Jun 22 11:46:18 2020 CEST <damian@fptrucha.inv.usc.es>
# name: hd
# type: matrix
# rows: 551
# columns: 2
 0 50
 0 51
 0 52
 0 53
 0 54
 0 55
 0 56
 0 57
 0 58
 0 59
 0 60
 0 61
 0 62
 0 63
 0 64
 0 65
 0 66
 0 67
 0 68
 0 69
 0 70
 0 71
 0 72
 0 73
 0 74
 0 75
 0 76
 0 77
 0 78
 0 79
 0 80
 0 81
 0 82
 0 83
 0 84
 0 85
 0 86
 0 87
 0 88
 0 89
 8 90
 12 91
 29 92
 107 93
 228 94
 342 95
 535 96
 660 97
 811 98
 1115 99
 1404 100
 1468 101
 1569 102
 1597 103
 1557 104
 1569 105
 1483 106
 1548 107
 1450 108
 1332 109
 1328 110
 1268 111
 1169 112
 1031 113
 953 114
 873 115
 818 116
 793 117
 648 118
 620 119
 581 120
 499 121
 454 122
 419 123
 358 124
 330 125
 322 126
 245 127
 230 128
 220 129
 215 130
 179 131
 151 132
 161 133
 118 134
 131 135
 120 136
 115 137
 90 138
 90 139
 77 140
 69 141
 81 142
 62 143
 69 144
 55 145
 71 146
 56 147
 56 148
 51 149
 43 150
 45 151
 39 152
 40 153
 23 154
 26 155
 34 156
 40 157
 32 158
 37 159
 29 160
 16 161
 12 162
 18 163
 22 164
 18 165
 13 166
 15 167
 13 168
 10 169
 15 170
 11 171
 14 172
 9 173
 16 174
 4 175
 9 176
 8 177
 8 178
 6 179
 5 180
 5 181
 6 182
 3 183
 7 184
 6 185
 6 186
 5 187
 3 188
 4 189
 3 190
 1 191
 2 192
 4 193
 1 194
 5 195
 1 196
 3 197
 4 198
 1 199
 0 200
 1 201
 0 202
 0 203
 1 204
 2 205
 2 206
 0 207
 2 208
 1 209
 0 210
 1 211
 0 212
 1 213
 0 214
 0 215
 1 216
 0 217
 1 218
 0 219
 0 220
 0 221
 0 222
 0 223
 0 224
 1 225
 1 226
 0 227
 1 228
 1 229
 0 230
 0 231
 1 232
 1 233
 0 234
 0 235
 0 236
 1 237
 0 238
 0 239
 0 240
 0 241
 0 242
 0 243
 0 244
 0 245
 0 246
 0 247
 0 248
 0 249
 0 250
 0 251
 0 252
 0 253
 0 254
 0 255
 0 256
 0 257
 0 258
 0 259
 0 260
 0 261
 0 262
 0 263
 0 264
 0 265
 0 266
 0 267
 0 268
 0 269
 0 270
 0 271
 0 272
 0 273
 0 274
 0 275
 0 276
 0 277
 0 278
 0 279
 0 280
 0 281
 0 282
 1 283
 1 284
 0 285
 0 286
 0 287
 0 288
 0 289
 0 290
 0 291
 0 292
 0 293
 0 294
 1 295
 0 296
 1 297
 0 298
 0 299
 0 300
 2 301
 0 302
 2 303
 0 304
 0 305
 2 306
 1 307
 3 308
 1 309
 1 310
 1 311
 4 312
 3 313
 1 314
 1 315
 0 316
 0 317
 3 318
 2 319
 1 320
 1 321
 3 322
 0 323
 0 324
 0 325
 2 326
 3 327
 0 328
 1 329
 0 330
 0 331
 3 332
 2 333
 2 334
 0 335
 2 336
 2 337
 4 338
 5 339
 3 340
 1 341
 1 342
 1 343
 4 344
 2 345
 0 346
 2 347
 1 348
 0 349
 3 350
 2 351
 2 352
 2 353
 3 354
 0 355
 0 356
 0 357
 2 358
 0 359
 1 360
 0 361
 1 362
 2 363
 0 364
 1 365
 0 366
 1 367
 1 368
 0 369
 0 370
 1 371
 3 372
 0 373
 0 374
 1 375
 1 376
 0 377
 1 378
 0 379
 1 380
 3 381
 0 382
 2 383
 1 384
 1 385
 1 386
 0 387
 1 388
 1 389
 0 390
 0 391
 0 392
 0 393
 0 394
 0 395
 1 396
 0 397
 0 398
 0 399
 0 400
 0 401
 0 402
 0 403
 0 404
 0 405
 0 406
 0 407
 0 408
 0 409
 0 410
 0 411
 0 412
 0 413
 0 414
 0 415
 0 416
 0 417
 1 418
 0 419
 0 420
 0 421
 0 422
 0 423
 0 424
 0 425
 0 426
 0 427
 0 428
 0 429
 0 430
 0 431
 0 432
 0 433
 0 434
 0 435
 0 436
 0 437
 0 438
 0 439
 0 440
 0 441
 1 442
 0 443
 0 444
 0 445
 0 446
 0 447
 0 448
 0 449
 0 450
 0 451
 0 452
 0 453
 0 454
 0 455
 0 456
 0 457
 0 458
 0 459
 0 460
 0 461
 0 462
 0 463
 0 464
 0 465
 0 466
 0 467
 0 468
 0 469
 0 470
 0 471
 0 472
 0 473
 0 474
 0 475
 0 476
 0 477
 0 478
 0 479
 0 480
 0 481
 0 482
 0 483
 0 484
 0 485
 0 486
 0 487
 0 488
 0 489
 0 490
 0 491
 0 492
 0 493
 0 494
 0 495
 0 496
 0 497
 0 498
 0 499
 0 500
 0 501
 0 502
 0 503
 0 504
 0 505
 0 506
 0 507
 0 508
 0 509
 0 510
 0 511
 0 512
 0 513
 0 514
 0 515
 0 516
 0 517
 0 518
 0 519
 0 520
 0 521
 0 522
 0 523
 0 524
 0 525
 0 526
 0 527
 0 528
 0 529
 0 530
 0 531
 0 532
 0 533
 0 534
 0 535
 0 536
 0 537
 0 538
 0 539
 0 540
 0 541
 0 542
 0 543
 0 544
 0 545
 0 546
 0 547
 0 548
 0 549
 0 550
 0 551
 0 552
 0 553
 0 554
 0 555
 0 556
 0 557
 0 558
 0 559
 0 560
 0 561
 0 562
 0 563
 0 564
 0 565
 0 566
 0 567
 0 568
 0 569
 0 570
 0 571
 0 572
 0 573
 0 574
 0 575
 0 576
 0 577
 0 578
 0 579
 0 580
 0 581
 0 582
 0 583
 0 584
 0 585
 0 586
 0 587
 0 588
 0 589
 0 590
 0 591
 0 592
 0 593
 0 594
 0 595
 0 596
 0 597
 0 598
 0 599
 0 600


