# Created by Octave 3.8.2, Sun Jun 21 07:36:47 2020 CEST <damian@fptrucha.inv.usc.es>
# name: hd
# type: matrix
# rows: 551
# columns: 2
 0 50
 0 51
 0 52
 0 53
 0 54
 0 55
 0 56
 0 57
 0 58
 0 59
 0 60
 0 61
 0 62
 0 63
 0 64
 0 65
 0 66
 0 67
 0 68
 0 69
 0 70
 0 71
 0 72
 0 73
 0 74
 0 75
 0 76
 0 77
 0 78
 0 79
 0 80
 0 81
 0 82
 0 83
 0 84
 0 85
 0 86
 0 87
 0 88
 4 89
 9 90
 19 91
 78 92
 145 93
 284 94
 434 95
 518 96
 625 97
 905 98
 1072 99
 1267 100
 1333 101
 1370 102
 1396 103
 1435 104
 1475 105
 1516 106
 1463 107
 1363 108
 1374 109
 1377 110
 1222 111
 1214 112
 1141 113
 1077 114
 1040 115
 944 116
 880 117
 800 118
 742 119
 676 120
 602 121
 541 122
 508 123
 453 124
 425 125
 397 126
 314 127
 307 128
 272 129
 253 130
 215 131
 201 132
 165 133
 165 134
 154 135
 167 136
 133 137
 112 138
 119 139
 95 140
 75 141
 84 142
 87 143
 82 144
 54 145
 54 146
 68 147
 54 148
 58 149
 42 150
 63 151
 30 152
 32 153
 35 154
 24 155
 28 156
 28 157
 21 158
 31 159
 22 160
 20 161
 24 162
 18 163
 9 164
 14 165
 19 166
 13 167
 8 168
 6 169
 14 170
 2 171
 12 172
 6 173
 6 174
 9 175
 5 176
 5 177
 4 178
 6 179
 4 180
 5 181
 0 182
 2 183
 1 184
 5 185
 2 186
 7 187
 6 188
 3 189
 1 190
 2 191
 2 192
 2 193
 1 194
 5 195
 0 196
 1 197
 2 198
 1 199
 0 200
 0 201
 1 202
 0 203
 0 204
 1 205
 0 206
 2 207
 0 208
 0 209
 1 210
 1 211
 0 212
 0 213
 1 214
 0 215
 0 216
 0 217
 0 218
 0 219
 0 220
 0 221
 0 222
 0 223
 2 224
 0 225
 0 226
 0 227
 0 228
 0 229
 0 230
 0 231
 0 232
 0 233
 0 234
 0 235
 0 236
 0 237
 0 238
 0 239
 0 240
 0 241
 0 242
 0 243
 1 244
 0 245
 0 246
 0 247
 1 248
 0 249
 0 250
 0 251
 0 252
 0 253
 0 254
 0 255
 0 256
 0 257
 0 258
 0 259
 0 260
 0 261
 0 262
 0 263
 0 264
 0 265
 0 266
 0 267
 0 268
 0 269
 0 270
 0 271
 0 272
 0 273
 0 274
 0 275
 0 276
 0 277
 0 278
 0 279
 0 280
 0 281
 0 282
 0 283
 0 284
 0 285
 0 286
 0 287
 0 288
 2 289
 0 290
 0 291
 1 292
 0 293
 0 294
 1 295
 0 296
 0 297
 0 298
 2 299
 1 300
 0 301
 0 302
 2 303
 1 304
 1 305
 1 306
 1 307
 3 308
 1 309
 2 310
 2 311
 1 312
 1 313
 1 314
 0 315
 1 316
 0 317
 3 318
 1 319
 2 320
 2 321
 0 322
 0 323
 0 324
 1 325
 2 326
 2 327
 1 328
 1 329
 0 330
 1 331
 2 332
 3 333
 1 334
 0 335
 2 336
 0 337
 0 338
 2 339
 0 340
 1 341
 3 342
 0 343
 1 344
 0 345
 0 346
 3 347
 2 348
 0 349
 2 350
 3 351
 0 352
 0 353
 2 354
 1 355
 0 356
 1 357
 2 358
 2 359
 1 360
 0 361
 2 362
 1 363
 1 364
 2 365
 0 366
 1 367
 2 368
 0 369
 0 370
 3 371
 1 372
 0 373
 0 374
 0 375
 1 376
 1 377
 1 378
 0 379
 0 380
 0 381
 0 382
 0 383
 0 384
 1 385
 0 386
 0 387
 0 388
 0 389
 0 390
 0 391
 0 392
 0 393
 1 394
 0 395
 0 396
 0 397
 0 398
 0 399
 0 400
 0 401
 0 402
 0 403
 0 404
 0 405
 0 406
 0 407
 0 408
 0 409
 0 410
 0 411
 0 412
 0 413
 0 414
 0 415
 0 416
 0 417
 0 418
 0 419
 0 420
 0 421
 0 422
 0 423
 0 424
 0 425
 0 426
 0 427
 0 428
 0 429
 1 430
 0 431
 0 432
 0 433
 0 434
 0 435
 0 436
 0 437
 0 438
 0 439
 0 440
 0 441
 0 442
 0 443
 0 444
 0 445
 0 446
 0 447
 0 448
 0 449
 0 450
 0 451
 0 452
 0 453
 0 454
 0 455
 0 456
 0 457
 0 458
 0 459
 0 460
 0 461
 0 462
 0 463
 0 464
 0 465
 0 466
 0 467
 0 468
 0 469
 0 470
 0 471
 0 472
 0 473
 0 474
 0 475
 0 476
 0 477
 0 478
 0 479
 0 480
 0 481
 0 482
 0 483
 0 484
 0 485
 0 486
 0 487
 0 488
 0 489
 0 490
 0 491
 0 492
 0 493
 0 494
 0 495
 0 496
 0 497
 0 498
 0 499
 0 500
 0 501
 0 502
 0 503
 0 504
 0 505
 0 506
 0 507
 0 508
 0 509
 0 510
 0 511
 0 512
 0 513
 0 514
 0 515
 0 516
 0 517
 0 518
 0 519
 0 520
 0 521
 0 522
 0 523
 0 524
 0 525
 0 526
 0 527
 0 528
 0 529
 0 530
 0 531
 0 532
 0 533
 0 534
 0 535
 0 536
 0 537
 0 538
 0 539
 0 540
 0 541
 0 542
 0 543
 0 544
 0 545
 0 546
 0 547
 0 548
 0 549
 0 550
 0 551
 0 552
 0 553
 0 554
 0 555
 0 556
 0 557
 0 558
 0 559
 0 560
 0 561
 0 562
 0 563
 0 564
 0 565
 0 566
 0 567
 0 568
 0 569
 0 570
 0 571
 0 572
 0 573
 0 574
 0 575
 0 576
 0 577
 0 578
 0 579
 0 580
 0 581
 0 582
 0 583
 0 584
 0 585
 0 586
 0 587
 0 588
 0 589
 0 590
 0 591
 0 592
 0 593
 0 594
 0 595
 0 596
 0 597
 0 598
 0 599
 0 600


