# Created by Octave 3.8.2, Sat Jun 20 17:22:54 2020 CEST <damian@fptrucha.inv.usc.es>
# name: hd
# type: matrix
# rows: 551
# columns: 2
 0 50
 0 51
 0 52
 0 53
 0 54
 0 55
 0 56
 0 57
 0 58
 0 59
 0 60
 0 61
 0 62
 0 63
 0 64
 0 65
 0 66
 0 67
 0 68
 0 69
 0 70
 0 71
 0 72
 0 73
 0 74
 0 75
 0 76
 0 77
 0 78
 0 79
 0 80
 0 81
 0 82
 0 83
 0 84
 0 85
 0 86
 0 87
 0 88
 0 89
 5 90
 15 91
 61 92
 120 93
 265 94
 424 95
 477 96
 568 97
 780 98
 975 99
 1110 100
 1222 101
 1318 102
 1339 103
 1334 104
 1421 105
 1371 106
 1433 107
 1372 108
 1317 109
 1312 110
 1225 111
 1280 112
 1115 113
 1094 114
 986 115
 936 116
 830 117
 834 118
 754 119
 708 120
 571 121
 561 122
 531 123
 490 124
 416 125
 379 126
 350 127
 347 128
 309 129
 275 130
 256 131
 218 132
 215 133
 151 134
 189 135
 165 136
 134 137
 117 138
 102 139
 130 140
 115 141
 93 142
 90 143
 80 144
 72 145
 78 146
 57 147
 51 148
 62 149
 52 150
 43 151
 45 152
 41 153
 51 154
 43 155
 35 156
 47 157
 30 158
 24 159
 29 160
 26 161
 29 162
 35 163
 15 164
 24 165
 15 166
 11 167
 20 168
 12 169
 18 170
 22 171
 15 172
 5 173
 10 174
 8 175
 7 176
 10 177
 5 178
 6 179
 5 180
 3 181
 7 182
 4 183
 6 184
 1 185
 4 186
 4 187
 4 188
 1 189
 2 190
 2 191
 1 192
 6 193
 1 194
 5 195
 1 196
 0 197
 1 198
 1 199
 2 200
 1 201
 1 202
 2 203
 1 204
 3 205
 2 206
 1 207
 1 208
 0 209
 3 210
 1 211
 0 212
 0 213
 0 214
 0 215
 2 216
 0 217
 0 218
 1 219
 0 220
 1 221
 1 222
 0 223
 0 224
 0 225
 0 226
 0 227
 0 228
 0 229
 0 230
 0 231
 0 232
 0 233
 0 234
 0 235
 0 236
 0 237
 0 238
 0 239
 0 240
 0 241
 0 242
 0 243
 0 244
 0 245
 0 246
 0 247
 0 248
 0 249
 0 250
 0 251
 0 252
 0 253
 0 254
 0 255
 0 256
 0 257
 0 258
 0 259
 0 260
 0 261
 0 262
 0 263
 0 264
 0 265
 0 266
 0 267
 0 268
 0 269
 0 270
 1 271
 0 272
 0 273
 0 274
 0 275
 0 276
 0 277
 0 278
 0 279
 0 280
 0 281
 0 282
 0 283
 0 284
 0 285
 0 286
 1 287
 0 288
 1 289
 0 290
 1 291
 0 292
 0 293
 0 294
 0 295
 0 296
 1 297
 0 298
 0 299
 0 300
 0 301
 1 302
 0 303
 0 304
 1 305
 0 306
 0 307
 0 308
 3 309
 0 310
 1 311
 0 312
 2 313
 2 314
 0 315
 0 316
 2 317
 0 318
 2 319
 0 320
 2 321
 3 322
 1 323
 0 324
 3 325
 1 326
 1 327
 3 328
 1 329
 1 330
 3 331
 1 332
 0 333
 2 334
 2 335
 0 336
 1 337
 2 338
 2 339
 0 340
 4 341
 0 342
 0 343
 0 344
 0 345
 0 346
 2 347
 2 348
 2 349
 1 350
 1 351
 1 352
 1 353
 1 354
 2 355
 2 356
 3 357
 2 358
 0 359
 1 360
 1 361
 1 362
 1 363
 1 364
 1 365
 1 366
 1 367
 1 368
 3 369
 1 370
 0 371
 0 372
 0 373
 1 374
 1 375
 4 376
 0 377
 0 378
 1 379
 0 380
 1 381
 2 382
 0 383
 0 384
 0 385
 0 386
 1 387
 1 388
 0 389
 0 390
 1 391
 0 392
 0 393
 0 394
 0 395
 0 396
 2 397
 0 398
 0 399
 0 400
 0 401
 0 402
 0 403
 1 404
 0 405
 0 406
 0 407
 0 408
 0 409
 0 410
 0 411
 0 412
 0 413
 0 414
 0 415
 0 416
 0 417
 0 418
 0 419
 1 420
 0 421
 0 422
 0 423
 0 424
 0 425
 0 426
 0 427
 0 428
 0 429
 1 430
 0 431
 0 432
 0 433
 0 434
 0 435
 0 436
 0 437
 0 438
 0 439
 0 440
 0 441
 0 442
 0 443
 0 444
 0 445
 0 446
 0 447
 0 448
 0 449
 0 450
 0 451
 0 452
 0 453
 0 454
 0 455
 0 456
 0 457
 0 458
 0 459
 0 460
 0 461
 0 462
 0 463
 0 464
 0 465
 0 466
 0 467
 0 468
 0 469
 0 470
 0 471
 0 472
 0 473
 0 474
 0 475
 0 476
 0 477
 0 478
 0 479
 0 480
 0 481
 0 482
 0 483
 0 484
 0 485
 0 486
 0 487
 0 488
 0 489
 0 490
 0 491
 0 492
 0 493
 0 494
 0 495
 0 496
 0 497
 0 498
 0 499
 0 500
 0 501
 0 502
 0 503
 0 504
 0 505
 0 506
 0 507
 0 508
 0 509
 0 510
 0 511
 0 512
 0 513
 0 514
 0 515
 0 516
 0 517
 0 518
 0 519
 0 520
 0 521
 0 522
 0 523
 0 524
 0 525
 0 526
 0 527
 0 528
 0 529
 0 530
 0 531
 0 532
 0 533
 0 534
 0 535
 0 536
 0 537
 0 538
 0 539
 0 540
 0 541
 0 542
 0 543
 0 544
 0 545
 0 546
 0 547
 0 548
 0 549
 0 550
 0 551
 0 552
 0 553
 0 554
 0 555
 0 556
 0 557
 0 558
 0 559
 0 560
 0 561
 0 562
 0 563
 0 564
 0 565
 0 566
 0 567
 0 568
 0 569
 0 570
 0 571
 0 572
 0 573
 0 574
 0 575
 0 576
 0 577
 0 578
 0 579
 0 580
 0 581
 0 582
 0 583
 0 584
 0 585
 0 586
 0 587
 0 588
 0 589
 0 590
 0 591
 0 592
 0 593
 0 594
 0 595
 0 596
 0 597
 0 598
 0 599
 0 600


