# Created by Octave 3.8.2, Sat Jun 20 04:39:28 2020 CEST <damian@fptrucha.inv.usc.es>
# name: hd
# type: matrix
# rows: 551
# columns: 2
 0 50
 0 51
 0 52
 0 53
 0 54
 0 55
 0 56
 0 57
 0 58
 0 59
 0 60
 0 61
 0 62
 0 63
 0 64
 0 65
 0 66
 0 67
 0 68
 0 69
 0 70
 0 71
 0 72
 0 73
 0 74
 0 75
 0 76
 0 77
 0 78
 0 79
 0 80
 0 81
 0 82
 0 83
 0 84
 0 85
 0 86
 0 87
 1 88
 2 89
 8 90
 16 91
 40 92
 160 93
 290 94
 468 95
 539 96
 721 97
 927 98
 1207 99
 1412 100
 1383 101
 1417 102
 1474 103
 1533 104
 1587 105
 1492 106
 1572 107
 1483 108
 1480 109
 1413 110
 1376 111
 1302 112
 1182 113
 1107 114
 1124 115
 969 116
 903 117
 855 118
 774 119
 706 120
 681 121
 628 122
 561 123
 493 124
 453 125
 395 126
 334 127
 319 128
 332 129
 284 130
 244 131
 229 132
 200 133
 207 134
 161 135
 171 136
 140 137
 124 138
 114 139
 110 140
 103 141
 91 142
 83 143
 102 144
 71 145
 83 146
 67 147
 50 148
 64 149
 48 150
 46 151
 42 152
 44 153
 46 154
 42 155
 37 156
 38 157
 23 158
 26 159
 37 160
 35 161
 32 162
 23 163
 19 164
 25 165
 17 166
 17 167
 14 168
 9 169
 10 170
 10 171
 12 172
 4 173
 9 174
 14 175
 10 176
 9 177
 5 178
 8 179
 4 180
 11 181
 8 182
 5 183
 5 184
 4 185
 10 186
 4 187
 2 188
 2 189
 6 190
 3 191
 3 192
 1 193
 4 194
 0 195
 0 196
 2 197
 2 198
 1 199
 2 200
 1 201
 1 202
 1 203
 0 204
 2 205
 1 206
 1 207
 1 208
 1 209
 1 210
 0 211
 1 212
 0 213
 0 214
 0 215
 2 216
 2 217
 0 218
 0 219
 0 220
 0 221
 0 222
 0 223
 0 224
 0 225
 0 226
 0 227
 0 228
 0 229
 0 230
 0 231
 0 232
 0 233
 0 234
 0 235
 0 236
 0 237
 0 238
 0 239
 0 240
 0 241
 0 242
 0 243
 0 244
 0 245
 0 246
 0 247
 0 248
 0 249
 0 250
 0 251
 0 252
 0 253
 0 254
 0 255
 0 256
 0 257
 0 258
 0 259
 0 260
 0 261
 0 262
 0 263
 0 264
 0 265
 0 266
 0 267
 0 268
 0 269
 0 270
 0 271
 0 272
 0 273
 0 274
 0 275
 0 276
 0 277
 0 278
 1 279
 0 280
 0 281
 0 282
 1 283
 0 284
 0 285
 1 286
 0 287
 0 288
 0 289
 0 290
 0 291
 0 292
 0 293
 0 294
 3 295
 2 296
 1 297
 0 298
 0 299
 2 300
 1 301
 0 302
 2 303
 0 304
 1 305
 0 306
 2 307
 0 308
 2 309
 1 310
 1 311
 2 312
 1 313
 1 314
 1 315
 0 316
 1 317
 1 318
 4 319
 0 320
 1 321
 3 322
 0 323
 1 324
 0 325
 2 326
 2 327
 1 328
 1 329
 0 330
 3 331
 4 332
 3 333
 0 334
 4 335
 3 336
 1 337
 1 338
 0 339
 1 340
 1 341
 2 342
 2 343
 1 344
 2 345
 1 346
 0 347
 1 348
 1 349
 2 350
 2 351
 1 352
 3 353
 2 354
 0 355
 3 356
 0 357
 1 358
 0 359
 2 360
 1 361
 0 362
 3 363
 0 364
 0 365
 0 366
 1 367
 0 368
 1 369
 0 370
 0 371
 0 372
 0 373
 1 374
 0 375
 1 376
 0 377
 0 378
 0 379
 1 380
 0 381
 0 382
 0 383
 1 384
 0 385
 0 386
 0 387
 0 388
 0 389
 0 390
 0 391
 0 392
 0 393
 0 394
 0 395
 0 396
 0 397
 0 398
 0 399
 0 400
 0 401
 0 402
 0 403
 0 404
 1 405
 0 406
 1 407
 0 408
 0 409
 0 410
 0 411
 0 412
 1 413
 0 414
 0 415
 0 416
 1 417
 0 418
 0 419
 0 420
 0 421
 0 422
 0 423
 0 424
 1 425
 0 426
 0 427
 0 428
 0 429
 0 430
 0 431
 0 432
 0 433
 0 434
 0 435
 0 436
 0 437
 0 438
 0 439
 0 440
 0 441
 0 442
 0 443
 0 444
 0 445
 0 446
 0 447
 0 448
 0 449
 0 450
 0 451
 0 452
 0 453
 0 454
 0 455
 0 456
 0 457
 0 458
 0 459
 0 460
 0 461
 0 462
 0 463
 0 464
 0 465
 0 466
 0 467
 0 468
 0 469
 0 470
 0 471
 0 472
 0 473
 0 474
 0 475
 0 476
 0 477
 0 478
 0 479
 0 480
 0 481
 0 482
 0 483
 0 484
 0 485
 0 486
 0 487
 0 488
 0 489
 0 490
 0 491
 0 492
 0 493
 0 494
 0 495
 0 496
 0 497
 0 498
 0 499
 0 500
 0 501
 0 502
 0 503
 0 504
 0 505
 0 506
 0 507
 0 508
 0 509
 0 510
 0 511
 0 512
 0 513
 0 514
 0 515
 0 516
 0 517
 0 518
 0 519
 0 520
 0 521
 0 522
 0 523
 0 524
 0 525
 0 526
 0 527
 0 528
 0 529
 0 530
 0 531
 0 532
 0 533
 0 534
 0 535
 0 536
 0 537
 0 538
 0 539
 0 540
 0 541
 0 542
 0 543
 0 544
 0 545
 0 546
 0 547
 0 548
 0 549
 0 550
 0 551
 0 552
 0 553
 0 554
 0 555
 0 556
 0 557
 0 558
 0 559
 0 560
 0 561
 0 562
 0 563
 0 564
 0 565
 0 566
 0 567
 0 568
 0 569
 0 570
 0 571
 0 572
 0 573
 0 574
 0 575
 0 576
 0 577
 0 578
 0 579
 0 580
 0 581
 0 582
 0 583
 0 584
 0 585
 0 586
 0 587
 0 588
 0 589
 0 590
 0 591
 0 592
 0 593
 0 594
 0 595
 0 596
 0 597
 0 598
 0 599
 0 600


