# Created by Octave 3.8.2, Mon Jun 22 20:30:37 2020 CEST <damian@fptrucha.inv.usc.es>
# name: hd
# type: matrix
# rows: 551
# columns: 2
 0 50
 0 51
 0 52
 0 53
 0 54
 0 55
 0 56
 0 57
 0 58
 0 59
 0 60
 0 61
 0 62
 0 63
 0 64
 0 65
 0 66
 0 67
 0 68
 0 69
 0 70
 0 71
 0 72
 0 73
 0 74
 0 75
 0 76
 0 77
 0 78
 0 79
 0 80
 0 81
 0 82
 0 83
 0 84
 0 85
 0 86
 0 87
 0 88
 1 89
 7 90
 4 91
 36 92
 91 93
 220 94
 438 95
 588 96
 662 97
 840 98
 1099 99
 1426 100
 1552 101
 1592 102
 1652 103
 1673 104
 1645 105
 1569 106
 1587 107
 1627 108
 1404 109
 1371 110
 1342 111
 1225 112
 1133 113
 1076 114
 974 115
 903 116
 849 117
 801 118
 681 119
 654 120
 569 121
 511 122
 467 123
 449 124
 362 125
 306 126
 312 127
 268 128
 254 129
 226 130
 205 131
 171 132
 166 133
 147 134
 140 135
 126 136
 118 137
 114 138
 94 139
 98 140
 87 141
 88 142
 77 143
 75 144
 73 145
 67 146
 55 147
 63 148
 39 149
 45 150
 47 151
 45 152
 44 153
 43 154
 38 155
 28 156
 30 157
 43 158
 31 159
 35 160
 27 161
 18 162
 21 163
 20 164
 11 165
 14 166
 12 167
 13 168
 13 169
 17 170
 16 171
 11 172
 6 173
 11 174
 10 175
 4 176
 10 177
 11 178
 6 179
 7 180
 2 181
 9 182
 3 183
 3 184
 2 185
 4 186
 5 187
 4 188
 4 189
 4 190
 5 191
 0 192
 4 193
 0 194
 2 195
 1 196
 0 197
 4 198
 4 199
 1 200
 1 201
 1 202
 0 203
 2 204
 0 205
 2 206
 0 207
 0 208
 2 209
 1 210
 2 211
 0 212
 0 213
 0 214
 1 215
 1 216
 0 217
 0 218
 0 219
 1 220
 1 221
 0 222
 0 223
 0 224
 0 225
 0 226
 0 227
 0 228
 0 229
 1 230
 0 231
 0 232
 0 233
 0 234
 0 235
 0 236
 0 237
 0 238
 0 239
 0 240
 0 241
 0 242
 0 243
 0 244
 0 245
 0 246
 0 247
 0 248
 0 249
 0 250
 0 251
 0 252
 0 253
 0 254
 0 255
 0 256
 0 257
 0 258
 0 259
 0 260
 0 261
 0 262
 1 263
 0 264
 0 265
 0 266
 0 267
 0 268
 0 269
 0 270
 0 271
 0 272
 0 273
 0 274
 0 275
 0 276
 0 277
 0 278
 0 279
 0 280
 0 281
 0 282
 0 283
 0 284
 1 285
 0 286
 0 287
 0 288
 1 289
 0 290
 0 291
 0 292
 0 293
 1 294
 0 295
 0 296
 3 297
 0 298
 0 299
 2 300
 0 301
 0 302
 0 303
 2 304
 0 305
 3 306
 0 307
 0 308
 2 309
 3 310
 1 311
 1 312
 0 313
 0 314
 1 315
 4 316
 3 317
 2 318
 2 319
 1 320
 2 321
 0 322
 4 323
 0 324
 1 325
 3 326
 2 327
 1 328
 1 329
 0 330
 2 331
 4 332
 2 333
 2 334
 2 335
 0 336
 1 337
 2 338
 0 339
 2 340
 3 341
 1 342
 1 343
 1 344
 3 345
 1 346
 3 347
 0 348
 2 349
 0 350
 1 351
 0 352
 0 353
 1 354
 3 355
 2 356
 2 357
 1 358
 2 359
 0 360
 1 361
 2 362
 2 363
 2 364
 3 365
 0 366
 1 367
 1 368
 1 369
 0 370
 0 371
 0 372
 1 373
 0 374
 1 375
 0 376
 1 377
 2 378
 0 379
 0 380
 0 381
 1 382
 0 383
 0 384
 0 385
 2 386
 0 387
 0 388
 1 389
 0 390
 0 391
 0 392
 0 393
 0 394
 0 395
 0 396
 0 397
 0 398
 2 399
 0 400
 0 401
 0 402
 0 403
 0 404
 0 405
 0 406
 0 407
 0 408
 0 409
 0 410
 0 411
 0 412
 1 413
 0 414
 0 415
 1 416
 1 417
 0 418
 0 419
 0 420
 1 421
 0 422
 0 423
 0 424
 0 425
 0 426
 0 427
 1 428
 0 429
 0 430
 0 431
 0 432
 0 433
 0 434
 0 435
 0 436
 0 437
 0 438
 0 439
 0 440
 0 441
 0 442
 0 443
 0 444
 0 445
 0 446
 0 447
 0 448
 0 449
 0 450
 0 451
 0 452
 0 453
 0 454
 0 455
 0 456
 0 457
 0 458
 0 459
 0 460
 0 461
 0 462
 0 463
 0 464
 0 465
 0 466
 0 467
 0 468
 0 469
 0 470
 0 471
 0 472
 0 473
 0 474
 0 475
 0 476
 0 477
 0 478
 0 479
 0 480
 0 481
 0 482
 0 483
 0 484
 0 485
 0 486
 0 487
 0 488
 0 489
 0 490
 0 491
 0 492
 0 493
 0 494
 0 495
 0 496
 0 497
 0 498
 0 499
 0 500
 0 501
 0 502
 0 503
 0 504
 0 505
 0 506
 0 507
 0 508
 0 509
 0 510
 0 511
 0 512
 0 513
 0 514
 0 515
 0 516
 0 517
 0 518
 0 519
 0 520
 0 521
 0 522
 0 523
 0 524
 0 525
 0 526
 0 527
 0 528
 0 529
 0 530
 0 531
 0 532
 0 533
 0 534
 0 535
 0 536
 0 537
 0 538
 0 539
 0 540
 0 541
 0 542
 0 543
 0 544
 0 545
 0 546
 0 547
 0 548
 0 549
 0 550
 0 551
 0 552
 0 553
 0 554
 0 555
 0 556
 0 557
 0 558
 0 559
 0 560
 0 561
 0 562
 0 563
 0 564
 0 565
 0 566
 0 567
 0 568
 0 569
 0 570
 0 571
 0 572
 0 573
 0 574
 0 575
 0 576
 0 577
 0 578
 0 579
 0 580
 0 581
 0 582
 0 583
 0 584
 0 585
 0 586
 0 587
 0 588
 0 589
 0 590
 0 591
 0 592
 0 593
 0 594
 0 595
 0 596
 0 597
 0 598
 0 599
 0 600


