# Created by Octave 3.8.2, Mon Jun 22 04:37:22 2020 CEST <damian@fptrucha.inv.usc.es>
# name: hd
# type: matrix
# rows: 551
# columns: 2
 0 50
 0 51
 0 52
 0 53
 0 54
 0 55
 0 56
 0 57
 0 58
 0 59
 0 60
 0 61
 0 62
 0 63
 0 64
 0 65
 0 66
 0 67
 0 68
 0 69
 0 70
 0 71
 0 72
 0 73
 0 74
 0 75
 0 76
 0 77
 0 78
 0 79
 0 80
 0 81
 0 82
 0 83
 0 84
 0 85
 0 86
 0 87
 0 88
 0 89
 0 90
 8 91
 22 92
 62 93
 141 94
 344 95
 493 96
 581 97
 696 98
 937 99
 1227 100
 1377 101
 1371 102
 1537 103
 1430 104
 1467 105
 1387 106
 1391 107
 1402 108
 1296 109
 1219 110
 1208 111
 1097 112
 1044 113
 907 114
 863 115
 770 116
 693 117
 625 118
 588 119
 547 120
 525 121
 427 122
 375 123
 330 124
 293 125
 260 126
 269 127
 212 128
 188 129
 183 130
 153 131
 158 132
 128 133
 122 134
 129 135
 104 136
 99 137
 90 138
 89 139
 69 140
 78 141
 60 142
 65 143
 70 144
 49 145
 52 146
 62 147
 32 148
 42 149
 33 150
 47 151
 36 152
 31 153
 33 154
 35 155
 32 156
 25 157
 27 158
 26 159
 12 160
 18 161
 19 162
 18 163
 26 164
 18 165
 12 166
 15 167
 10 168
 14 169
 17 170
 7 171
 8 172
 4 173
 14 174
 8 175
 13 176
 8 177
 7 178
 7 179
 8 180
 5 181
 8 182
 6 183
 7 184
 4 185
 2 186
 5 187
 3 188
 4 189
 4 190
 3 191
 0 192
 3 193
 2 194
 3 195
 1 196
 0 197
 0 198
 1 199
 3 200
 2 201
 0 202
 0 203
 0 204
 2 205
 2 206
 0 207
 0 208
 0 209
 2 210
 0 211
 0 212
 0 213
 0 214
 0 215
 0 216
 0 217
 0 218
 0 219
 0 220
 0 221
 0 222
 0 223
 0 224
 0 225
 1 226
 1 227
 0 228
 0 229
 0 230
 0 231
 0 232
 0 233
 0 234
 0 235
 0 236
 0 237
 0 238
 0 239
 1 240
 0 241
 0 242
 0 243
 0 244
 0 245
 0 246
 0 247
 0 248
 0 249
 0 250
 0 251
 0 252
 0 253
 0 254
 0 255
 0 256
 0 257
 0 258
 0 259
 0 260
 0 261
 0 262
 0 263
 0 264
 0 265
 0 266
 0 267
 0 268
 0 269
 0 270
 0 271
 0 272
 0 273
 0 274
 0 275
 0 276
 0 277
 0 278
 0 279
 0 280
 0 281
 0 282
 0 283
 0 284
 0 285
 0 286
 0 287
 0 288
 1 289
 1 290
 0 291
 0 292
 0 293
 0 294
 0 295
 0 296
 0 297
 2 298
 0 299
 0 300
 1 301
 0 302
 0 303
 0 304
 0 305
 1 306
 1 307
 0 308
 0 309
 1 310
 0 311
 0 312
 1 313
 1 314
 0 315
 2 316
 2 317
 1 318
 2 319
 1 320
 4 321
 0 322
 2 323
 0 324
 2 325
 1 326
 0 327
 1 328
 0 329
 4 330
 1 331
 1 332
 3 333
 2 334
 1 335
 0 336
 0 337
 3 338
 3 339
 2 340
 0 341
 0 342
 2 343
 2 344
 4 345
 4 346
 1 347
 0 348
 4 349
 5 350
 0 351
 2 352
 0 353
 0 354
 0 355
 3 356
 0 357
 0 358
 0 359
 1 360
 1 361
 2 362
 1 363
 2 364
 2 365
 0 366
 0 367
 0 368
 2 369
 2 370
 1 371
 0 372
 0 373
 2 374
 0 375
 1 376
 1 377
 1 378
 0 379
 0 380
 0 381
 0 382
 0 383
 1 384
 1 385
 0 386
 0 387
 1 388
 0 389
 0 390
 0 391
 1 392
 0 393
 0 394
 0 395
 0 396
 0 397
 0 398
 0 399
 0 400
 0 401
 0 402
 0 403
 1 404
 0 405
 0 406
 1 407
 0 408
 0 409
 0 410
 0 411
 0 412
 0 413
 0 414
 0 415
 0 416
 0 417
 0 418
 0 419
 0 420
 0 421
 0 422
 0 423
 0 424
 0 425
 0 426
 0 427
 0 428
 0 429
 0 430
 0 431
 0 432
 0 433
 0 434
 0 435
 0 436
 0 437
 0 438
 0 439
 0 440
 0 441
 0 442
 0 443
 0 444
 0 445
 0 446
 0 447
 0 448
 0 449
 0 450
 0 451
 0 452
 0 453
 0 454
 0 455
 0 456
 0 457
 0 458
 0 459
 0 460
 0 461
 0 462
 0 463
 0 464
 0 465
 0 466
 0 467
 0 468
 0 469
 0 470
 0 471
 0 472
 0 473
 0 474
 0 475
 0 476
 0 477
 0 478
 0 479
 0 480
 0 481
 0 482
 0 483
 0 484
 0 485
 0 486
 0 487
 0 488
 0 489
 0 490
 0 491
 0 492
 0 493
 0 494
 0 495
 0 496
 0 497
 0 498
 0 499
 0 500
 0 501
 0 502
 0 503
 0 504
 0 505
 0 506
 0 507
 0 508
 0 509
 0 510
 0 511
 0 512
 0 513
 0 514
 0 515
 0 516
 0 517
 0 518
 0 519
 0 520
 0 521
 0 522
 0 523
 0 524
 0 525
 0 526
 0 527
 0 528
 0 529
 0 530
 0 531
 0 532
 0 533
 0 534
 0 535
 0 536
 0 537
 0 538
 0 539
 0 540
 0 541
 0 542
 0 543
 0 544
 0 545
 0 546
 0 547
 0 548
 0 549
 0 550
 0 551
 0 552
 0 553
 0 554
 0 555
 0 556
 0 557
 0 558
 0 559
 0 560
 0 561
 0 562
 0 563
 0 564
 0 565
 0 566
 0 567
 0 568
 0 569
 0 570
 0 571
 0 572
 0 573
 0 574
 0 575
 0 576
 0 577
 0 578
 0 579
 0 580
 0 581
 0 582
 0 583
 0 584
 0 585
 0 586
 0 587
 0 588
 0 589
 0 590
 0 591
 0 592
 0 593
 0 594
 0 595
 0 596
 0 597
 0 598
 0 599
 0 600


