# Created by Octave 3.8.2, Sat Jun 20 17:24:11 2020 CEST <damian@fptrucha.inv.usc.es>
# name: hd
# type: matrix
# rows: 551
# columns: 2
 0 50
 0 51
 0 52
 0 53
 0 54
 0 55
 0 56
 0 57
 0 58
 0 59
 0 60
 0 61
 0 62
 0 63
 0 64
 0 65
 0 66
 0 67
 0 68
 0 69
 0 70
 0 71
 0 72
 0 73
 0 74
 0 75
 0 76
 0 77
 0 78
 0 79
 0 80
 0 81
 0 82
 0 83
 0 84
 0 85
 0 86
 0 87
 0 88
 2 89
 6 90
 13 91
 52 92
 116 93
 255 94
 369 95
 494 96
 606 97
 819 98
 1009 99
 1143 100
 1187 101
 1323 102
 1364 103
 1380 104
 1473 105
 1336 106
 1426 107
 1420 108
 1297 109
 1195 110
 1220 111
 1136 112
 1102 113
 1041 114
 1072 115
 899 116
 827 117
 750 118
 727 119
 676 120
 607 121
 638 122
 479 123
 463 124
 421 125
 422 126
 367 127
 336 128
 329 129
 295 130
 258 131
 235 132
 184 133
 174 134
 152 135
 146 136
 142 137
 115 138
 116 139
 104 140
 103 141
 111 142
 90 143
 85 144
 80 145
 59 146
 65 147
 69 148
 39 149
 50 150
 54 151
 38 152
 50 153
 32 154
 32 155
 29 156
 46 157
 36 158
 31 159
 29 160
 27 161
 15 162
 27 163
 23 164
 19 165
 14 166
 13 167
 5 168
 14 169
 10 170
 12 171
 12 172
 6 173
 12 174
 5 175
 5 176
 5 177
 9 178
 5 179
 4 180
 5 181
 7 182
 5 183
 4 184
 3 185
 2 186
 1 187
 3 188
 3 189
 4 190
 3 191
 3 192
 1 193
 3 194
 4 195
 2 196
 2 197
 3 198
 1 199
 1 200
 3 201
 1 202
 1 203
 1 204
 0 205
 0 206
 1 207
 0 208
 0 209
 0 210
 1 211
 0 212
 0 213
 0 214
 0 215
 0 216
 0 217
 1 218
 0 219
 0 220
 1 221
 0 222
 0 223
 0 224
 0 225
 0 226
 1 227
 0 228
 0 229
 0 230
 0 231
 0 232
 0 233
 0 234
 0 235
 0 236
 0 237
 0 238
 0 239
 0 240
 0 241
 1 242
 0 243
 0 244
 0 245
 0 246
 0 247
 0 248
 0 249
 0 250
 0 251
 0 252
 0 253
 0 254
 0 255
 0 256
 0 257
 0 258
 0 259
 0 260
 0 261
 0 262
 0 263
 0 264
 0 265
 0 266
 0 267
 0 268
 0 269
 0 270
 0 271
 0 272
 0 273
 0 274
 0 275
 0 276
 0 277
 0 278
 0 279
 0 280
 0 281
 0 282
 0 283
 0 284
 0 285
 1 286
 0 287
 0 288
 0 289
 0 290
 0 291
 2 292
 0 293
 1 294
 0 295
 1 296
 0 297
 0 298
 0 299
 0 300
 0 301
 0 302
 1 303
 1 304
 0 305
 1 306
 1 307
 0 308
 0 309
 2 310
 1 311
 1 312
 0 313
 1 314
 0 315
 2 316
 1 317
 1 318
 0 319
 0 320
 0 321
 1 322
 2 323
 1 324
 1 325
 0 326
 1 327
 2 328
 1 329
 1 330
 2 331
 0 332
 1 333
 0 334
 1 335
 1 336
 0 337
 1 338
 3 339
 1 340
 1 341
 3 342
 1 343
 0 344
 2 345
 1 346
 0 347
 0 348
 1 349
 0 350
 2 351
 1 352
 0 353
 3 354
 0 355
 1 356
 2 357
 1 358
 3 359
 1 360
 1 361
 1 362
 1 363
 1 364
 1 365
 2 366
 1 367
 0 368
 3 369
 0 370
 0 371
 2 372
 2 373
 1 374
 2 375
 1 376
 0 377
 1 378
 0 379
 0 380
 1 381
 0 382
 0 383
 2 384
 0 385
 0 386
 1 387
 0 388
 2 389
 0 390
 0 391
 1 392
 0 393
 0 394
 0 395
 0 396
 0 397
 1 398
 1 399
 1 400
 0 401
 0 402
 0 403
 0 404
 0 405
 0 406
 1 407
 1 408
 0 409
 0 410
 2 411
 0 412
 0 413
 0 414
 0 415
 0 416
 0 417
 0 418
 0 419
 0 420
 0 421
 0 422
 1 423
 0 424
 0 425
 0 426
 0 427
 0 428
 0 429
 0 430
 0 431
 0 432
 0 433
 0 434
 0 435
 0 436
 0 437
 0 438
 0 439
 0 440
 0 441
 0 442
 0 443
 0 444
 0 445
 0 446
 0 447
 0 448
 0 449
 0 450
 0 451
 0 452
 0 453
 0 454
 0 455
 0 456
 0 457
 0 458
 0 459
 0 460
 0 461
 0 462
 0 463
 0 464
 0 465
 0 466
 0 467
 0 468
 0 469
 0 470
 0 471
 0 472
 0 473
 0 474
 0 475
 0 476
 0 477
 0 478
 0 479
 0 480
 0 481
 0 482
 0 483
 0 484
 0 485
 0 486
 0 487
 0 488
 0 489
 0 490
 0 491
 0 492
 0 493
 0 494
 0 495
 0 496
 0 497
 0 498
 0 499
 0 500
 0 501
 0 502
 0 503
 0 504
 0 505
 0 506
 0 507
 0 508
 0 509
 0 510
 0 511
 0 512
 0 513
 0 514
 0 515
 0 516
 0 517
 0 518
 0 519
 0 520
 0 521
 0 522
 0 523
 0 524
 0 525
 0 526
 0 527
 0 528
 0 529
 0 530
 0 531
 0 532
 0 533
 0 534
 0 535
 0 536
 0 537
 0 538
 0 539
 0 540
 0 541
 0 542
 0 543
 0 544
 0 545
 0 546
 0 547
 0 548
 0 549
 0 550
 0 551
 0 552
 0 553
 0 554
 0 555
 0 556
 0 557
 0 558
 0 559
 0 560
 0 561
 0 562
 0 563
 0 564
 0 565
 0 566
 0 567
 0 568
 0 569
 0 570
 0 571
 0 572
 0 573
 0 574
 0 575
 0 576
 0 577
 0 578
 0 579
 0 580
 0 581
 0 582
 0 583
 0 584
 0 585
 0 586
 0 587
 0 588
 0 589
 0 590
 0 591
 0 592
 0 593
 0 594
 0 595
 0 596
 0 597
 0 598
 0 599
 0 600


