# Created by Octave 3.8.2, Sat Jun 20 15:43:12 2020 CEST <damian@fptrucha.inv.usc.es>
# name: hd
# type: matrix
# rows: 551
# columns: 2
 0 50
 0 51
 0 52
 0 53
 0 54
 0 55
 0 56
 0 57
 0 58
 0 59
 0 60
 0 61
 0 62
 0 63
 0 64
 0 65
 0 66
 0 67
 0 68
 0 69
 0 70
 0 71
 0 72
 0 73
 0 74
 0 75
 0 76
 0 77
 0 78
 0 79
 0 80
 0 81
 0 82
 0 83
 0 84
 0 85
 0 86
 0 87
 1 88
 3 89
 11 90
 24 91
 52 92
 138 93
 243 94
 384 95
 491 96
 620 97
 829 98
 1011 99
 1154 100
 1224 101
 1293 102
 1346 103
 1325 104
 1366 105
 1348 106
 1397 107
 1399 108
 1341 109
 1305 110
 1302 111
 1113 112
 1139 113
 1045 114
 1069 115
 960 116
 893 117
 854 118
 772 119
 710 120
 695 121
 577 122
 578 123
 479 124
 432 125
 457 126
 381 127
 346 128
 321 129
 308 130
 265 131
 243 132
 214 133
 229 134
 182 135
 154 136
 140 137
 138 138
 130 139
 99 140
 88 141
 104 142
 80 143
 83 144
 66 145
 82 146
 61 147
 59 148
 56 149
 48 150
 44 151
 50 152
 37 153
 46 154
 43 155
 43 156
 42 157
 36 158
 38 159
 30 160
 27 161
 34 162
 19 163
 27 164
 19 165
 22 166
 20 167
 16 168
 15 169
 17 170
 8 171
 8 172
 12 173
 12 174
 13 175
 9 176
 10 177
 7 178
 3 179
 6 180
 8 181
 9 182
 4 183
 8 184
 6 185
 3 186
 5 187
 1 188
 2 189
 4 190
 4 191
 3 192
 6 193
 4 194
 4 195
 3 196
 1 197
 2 198
 4 199
 0 200
 1 201
 1 202
 2 203
 1 204
 0 205
 1 206
 0 207
 1 208
 0 209
 0 210
 0 211
 0 212
 1 213
 1 214
 0 215
 1 216
 0 217
 0 218
 0 219
 0 220
 1 221
 0 222
 0 223
 0 224
 0 225
 0 226
 1 227
 0 228
 0 229
 0 230
 1 231
 0 232
 0 233
 0 234
 0 235
 0 236
 0 237
 0 238
 0 239
 0 240
 0 241
 0 242
 0 243
 0 244
 0 245
 0 246
 0 247
 0 248
 0 249
 0 250
 0 251
 0 252
 0 253
 0 254
 0 255
 0 256
 0 257
 0 258
 0 259
 1 260
 0 261
 0 262
 0 263
 0 264
 0 265
 0 266
 0 267
 0 268
 0 269
 0 270
 0 271
 0 272
 0 273
 0 274
 0 275
 0 276
 0 277
 0 278
 2 279
 0 280
 0 281
 0 282
 0 283
 1 284
 0 285
 0 286
 1 287
 0 288
 0 289
 0 290
 0 291
 0 292
 1 293
 0 294
 0 295
 0 296
 0 297
 0 298
 0 299
 0 300
 0 301
 0 302
 1 303
 0 304
 0 305
 0 306
 1 307
 0 308
 2 309
 1 310
 1 311
 2 312
 1 313
 4 314
 1 315
 2 316
 1 317
 1 318
 1 319
 1 320
 2 321
 2 322
 1 323
 1 324
 0 325
 1 326
 3 327
 2 328
 2 329
 2 330
 0 331
 0 332
 0 333
 1 334
 1 335
 3 336
 0 337
 2 338
 2 339
 0 340
 3 341
 0 342
 1 343
 1 344
 0 345
 0 346
 1 347
 2 348
 1 349
 0 350
 0 351
 2 352
 2 353
 1 354
 0 355
 3 356
 1 357
 2 358
 2 359
 2 360
 3 361
 2 362
 2 363
 0 364
 1 365
 0 366
 2 367
 1 368
 1 369
 0 370
 0 371
 0 372
 1 373
 0 374
 0 375
 1 376
 0 377
 0 378
 0 379
 0 380
 1 381
 2 382
 0 383
 1 384
 1 385
 1 386
 2 387
 0 388
 0 389
 1 390
 0 391
 0 392
 1 393
 0 394
 1 395
 2 396
 0 397
 1 398
 1 399
 0 400
 0 401
 0 402
 0 403
 0 404
 0 405
 0 406
 0 407
 1 408
 0 409
 0 410
 0 411
 0 412
 0 413
 0 414
 0 415
 0 416
 0 417
 0 418
 0 419
 0 420
 1 421
 0 422
 0 423
 0 424
 0 425
 0 426
 0 427
 0 428
 0 429
 0 430
 0 431
 0 432
 0 433
 0 434
 0 435
 0 436
 0 437
 0 438
 0 439
 0 440
 0 441
 0 442
 0 443
 0 444
 0 445
 0 446
 0 447
 0 448
 0 449
 0 450
 0 451
 0 452
 0 453
 0 454
 0 455
 0 456
 0 457
 0 458
 0 459
 0 460
 0 461
 0 462
 0 463
 0 464
 0 465
 0 466
 0 467
 0 468
 0 469
 0 470
 0 471
 0 472
 0 473
 0 474
 0 475
 0 476
 0 477
 0 478
 0 479
 0 480
 0 481
 0 482
 0 483
 0 484
 0 485
 0 486
 0 487
 0 488
 0 489
 0 490
 0 491
 0 492
 0 493
 0 494
 0 495
 0 496
 0 497
 0 498
 0 499
 0 500
 0 501
 0 502
 0 503
 0 504
 0 505
 0 506
 0 507
 0 508
 0 509
 0 510
 0 511
 0 512
 0 513
 0 514
 0 515
 0 516
 0 517
 0 518
 0 519
 0 520
 0 521
 0 522
 0 523
 0 524
 0 525
 0 526
 0 527
 0 528
 0 529
 0 530
 0 531
 0 532
 0 533
 0 534
 0 535
 0 536
 0 537
 0 538
 0 539
 0 540
 0 541
 0 542
 0 543
 0 544
 0 545
 0 546
 0 547
 0 548
 0 549
 0 550
 0 551
 0 552
 0 553
 0 554
 0 555
 0 556
 0 557
 0 558
 0 559
 0 560
 0 561
 0 562
 0 563
 0 564
 0 565
 0 566
 0 567
 0 568
 0 569
 0 570
 0 571
 0 572
 0 573
 0 574
 0 575
 0 576
 0 577
 0 578
 0 579
 0 580
 0 581
 0 582
 0 583
 0 584
 0 585
 0 586
 0 587
 0 588
 0 589
 0 590
 0 591
 0 592
 0 593
 0 594
 0 595
 0 596
 0 597
 0 598
 0 599
 0 600


