# Created by Octave 3.8.2, Mon Jun 22 09:01:56 2020 CEST <damian@fptrucha.inv.usc.es>
# name: hd
# type: matrix
# rows: 551
# columns: 2
 0 50
 0 51
 0 52
 0 53
 0 54
 0 55
 0 56
 0 57
 0 58
 0 59
 0 60
 0 61
 0 62
 0 63
 0 64
 0 65
 0 66
 0 67
 0 68
 0 69
 0 70
 0 71
 0 72
 0 73
 0 74
 0 75
 0 76
 0 77
 0 78
 0 79
 0 80
 0 81
 0 82
 0 83
 0 84
 0 85
 0 86
 0 87
 0 88
 1 89
 4 90
 14 91
 33 92
 64 93
 176 94
 330 95
 484 96
 596 97
 740 98
 1009 99
 1271 100
 1415 101
 1477 102
 1516 103
 1522 104
 1602 105
 1483 106
 1485 107
 1424 108
 1362 109
 1341 110
 1239 111
 1108 112
 1099 113
 892 114
 914 115
 799 116
 781 117
 675 118
 618 119
 599 120
 543 121
 454 122
 467 123
 387 124
 351 125
 337 126
 284 127
 241 128
 213 129
 185 130
 203 131
 167 132
 164 133
 151 134
 120 135
 118 136
 94 137
 90 138
 100 139
 107 140
 90 141
 83 142
 50 143
 58 144
 54 145
 71 146
 66 147
 49 148
 46 149
 46 150
 39 151
 34 152
 29 153
 27 154
 29 155
 43 156
 27 157
 37 158
 37 159
 29 160
 25 161
 25 162
 22 163
 9 164
 15 165
 22 166
 16 167
 14 168
 11 169
 20 170
 10 171
 9 172
 13 173
 11 174
 9 175
 12 176
 10 177
 4 178
 10 179
 8 180
 10 181
 5 182
 4 183
 7 184
 1 185
 6 186
 3 187
 2 188
 5 189
 1 190
 4 191
 4 192
 2 193
 2 194
 2 195
 1 196
 2 197
 2 198
 4 199
 0 200
 0 201
 2 202
 1 203
 2 204
 1 205
 1 206
 2 207
 1 208
 3 209
 2 210
 1 211
 0 212
 0 213
 0 214
 1 215
 1 216
 0 217
 0 218
 0 219
 0 220
 0 221
 0 222
 0 223
 0 224
 0 225
 0 226
 0 227
 1 228
 0 229
 0 230
 0 231
 0 232
 0 233
 0 234
 0 235
 0 236
 0 237
 0 238
 0 239
 0 240
 0 241
 0 242
 0 243
 0 244
 0 245
 0 246
 0 247
 0 248
 0 249
 0 250
 0 251
 0 252
 0 253
 0 254
 0 255
 0 256
 0 257
 0 258
 0 259
 0 260
 0 261
 0 262
 0 263
 0 264
 0 265
 0 266
 0 267
 0 268
 0 269
 0 270
 0 271
 0 272
 0 273
 0 274
 0 275
 0 276
 0 277
 0 278
 0 279
 0 280
 0 281
 0 282
 0 283
 0 284
 0 285
 0 286
 0 287
 0 288
 0 289
 0 290
 1 291
 1 292
 1 293
 0 294
 0 295
 0 296
 1 297
 0 298
 1 299
 1 300
 0 301
 0 302
 1 303
 1 304
 3 305
 2 306
 1 307
 1 308
 1 309
 3 310
 2 311
 0 312
 0 313
 2 314
 1 315
 2 316
 1 317
 2 318
 2 319
 1 320
 2 321
 0 322
 3 323
 0 324
 3 325
 2 326
 1 327
 2 328
 0 329
 0 330
 4 331
 1 332
 2 333
 3 334
 0 335
 1 336
 1 337
 1 338
 3 339
 1 340
 2 341
 0 342
 3 343
 1 344
 2 345
 2 346
 5 347
 1 348
 3 349
 3 350
 0 351
 1 352
 1 353
 1 354
 1 355
 1 356
 3 357
 0 358
 0 359
 1 360
 1 361
 2 362
 0 363
 4 364
 0 365
 1 366
 0 367
 3 368
 0 369
 0 370
 0 371
 0 372
 0 373
 2 374
 0 375
 0 376
 1 377
 0 378
 1 379
 0 380
 1 381
 2 382
 0 383
 2 384
 0 385
 0 386
 0 387
 0 388
 0 389
 0 390
 1 391
 1 392
 1 393
 0 394
 1 395
 0 396
 0 397
 0 398
 0 399
 0 400
 0 401
 1 402
 0 403
 0 404
 0 405
 0 406
 0 407
 0 408
 0 409
 1 410
 0 411
 1 412
 0 413
 0 414
 0 415
 0 416
 0 417
 0 418
 0 419
 0 420
 0 421
 0 422
 0 423
 0 424
 0 425
 0 426
 0 427
 0 428
 0 429
 0 430
 0 431
 0 432
 0 433
 0 434
 0 435
 0 436
 0 437
 0 438
 0 439
 0 440
 0 441
 0 442
 0 443
 0 444
 0 445
 0 446
 0 447
 0 448
 0 449
 0 450
 0 451
 0 452
 0 453
 0 454
 0 455
 0 456
 0 457
 0 458
 0 459
 0 460
 0 461
 0 462
 0 463
 0 464
 0 465
 0 466
 0 467
 0 468
 0 469
 0 470
 0 471
 0 472
 0 473
 0 474
 0 475
 0 476
 0 477
 0 478
 0 479
 0 480
 0 481
 0 482
 0 483
 0 484
 0 485
 0 486
 0 487
 0 488
 0 489
 0 490
 0 491
 0 492
 0 493
 0 494
 0 495
 0 496
 0 497
 0 498
 0 499
 0 500
 0 501
 0 502
 0 503
 0 504
 0 505
 0 506
 0 507
 0 508
 0 509
 0 510
 0 511
 0 512
 0 513
 0 514
 0 515
 0 516
 0 517
 0 518
 0 519
 0 520
 0 521
 0 522
 0 523
 0 524
 0 525
 0 526
 0 527
 0 528
 0 529
 0 530
 0 531
 0 532
 0 533
 0 534
 0 535
 0 536
 0 537
 0 538
 0 539
 0 540
 0 541
 0 542
 0 543
 0 544
 0 545
 0 546
 0 547
 0 548
 0 549
 0 550
 0 551
 0 552
 0 553
 0 554
 0 555
 0 556
 0 557
 0 558
 0 559
 0 560
 0 561
 0 562
 0 563
 0 564
 0 565
 0 566
 0 567
 0 568
 0 569
 0 570
 0 571
 0 572
 0 573
 0 574
 0 575
 0 576
 0 577
 0 578
 0 579
 0 580
 0 581
 0 582
 0 583
 0 584
 0 585
 0 586
 0 587
 0 588
 0 589
 0 590
 0 591
 0 592
 0 593
 0 594
 0 595
 0 596
 0 597
 0 598
 0 599
 0 600


