# Created by Octave 3.8.2, Mon Jun 22 21:27:55 2020 CEST <damian@fptrucha.inv.usc.es>
# name: hd
# type: matrix
# rows: 551
# columns: 2
 0 50
 0 51
 0 52
 0 53
 0 54
 0 55
 0 56
 0 57
 0 58
 0 59
 0 60
 0 61
 0 62
 0 63
 0 64
 0 65
 0 66
 0 67
 0 68
 0 69
 0 70
 0 71
 0 72
 0 73
 0 74
 0 75
 0 76
 0 77
 0 78
 0 79
 0 80
 0 81
 0 82
 0 83
 0 84
 0 85
 0 86
 0 87
 0 88
 1 89
 4 90
 6 91
 35 92
 98 93
 230 94
 429 95
 598 96
 730 97
 956 98
 1222 99
 1522 100
 1629 101
 1691 102
 1742 103
 1753 104
 1740 105
 1624 106
 1658 107
 1671 108
 1504 109
 1430 110
 1384 111
 1229 112
 1165 113
 1059 114
 1029 115
 843 116
 798 117
 731 118
 672 119
 650 120
 551 121
 481 122
 401 123
 422 124
 331 125
 314 126
 285 127
 241 128
 242 129
 239 130
 184 131
 158 132
 138 133
 144 134
 143 135
 111 136
 104 137
 110 138
 82 139
 102 140
 72 141
 57 142
 78 143
 88 144
 74 145
 63 146
 50 147
 45 148
 48 149
 44 150
 37 151
 51 152
 31 153
 42 154
 29 155
 24 156
 24 157
 25 158
 27 159
 28 160
 27 161
 22 162
 26 163
 18 164
 12 165
 12 166
 20 167
 16 168
 14 169
 12 170
 12 171
 7 172
 14 173
 9 174
 7 175
 7 176
 3 177
 12 178
 6 179
 5 180
 2 181
 3 182
 5 183
 2 184
 3 185
 4 186
 6 187
 1 188
 3 189
 3 190
 2 191
 3 192
 4 193
 0 194
 1 195
 3 196
 2 197
 1 198
 3 199
 0 200
 1 201
 2 202
 0 203
 1 204
 2 205
 1 206
 0 207
 0 208
 0 209
 0 210
 2 211
 0 212
 0 213
 1 214
 0 215
 1 216
 0 217
 0 218
 0 219
 0 220
 0 221
 0 222
 0 223
 0 224
 0 225
 0 226
 0 227
 0 228
 0 229
 0 230
 0 231
 0 232
 0 233
 0 234
 0 235
 0 236
 0 237
 0 238
 0 239
 0 240
 0 241
 0 242
 0 243
 0 244
 0 245
 0 246
 0 247
 0 248
 0 249
 0 250
 0 251
 0 252
 0 253
 0 254
 0 255
 0 256
 0 257
 0 258
 0 259
 0 260
 0 261
 0 262
 0 263
 0 264
 0 265
 0 266
 0 267
 0 268
 0 269
 0 270
 0 271
 0 272
 0 273
 0 274
 0 275
 0 276
 0 277
 0 278
 0 279
 0 280
 0 281
 0 282
 0 283
 1 284
 0 285
 0 286
 0 287
 0 288
 0 289
 0 290
 0 291
 1 292
 0 293
 1 294
 0 295
 2 296
 0 297
 1 298
 1 299
 1 300
 1 301
 1 302
 0 303
 0 304
 1 305
 1 306
 0 307
 0 308
 0 309
 1 310
 2 311
 1 312
 3 313
 1 314
 2 315
 1 316
 2 317
 1 318
 0 319
 4 320
 5 321
 1 322
 0 323
 1 324
 3 325
 1 326
 1 327
 0 328
 6 329
 1 330
 1 331
 1 332
 1 333
 1 334
 0 335
 0 336
 1 337
 0 338
 1 339
 1 340
 2 341
 2 342
 3 343
 2 344
 1 345
 0 346
 0 347
 0 348
 6 349
 2 350
 1 351
 2 352
 0 353
 3 354
 0 355
 1 356
 1 357
 1 358
 1 359
 1 360
 0 361
 0 362
 0 363
 2 364
 0 365
 0 366
 1 367
 0 368
 1 369
 0 370
 0 371
 0 372
 3 373
 1 374
 1 375
 0 376
 0 377
 1 378
 0 379
 1 380
 1 381
 1 382
 1 383
 0 384
 3 385
 0 386
 0 387
 0 388
 0 389
 2 390
 1 391
 0 392
 0 393
 0 394
 1 395
 0 396
 0 397
 0 398
 0 399
 0 400
 1 401
 0 402
 0 403
 0 404
 0 405
 0 406
 0 407
 0 408
 0 409
 0 410
 0 411
 0 412
 0 413
 0 414
 0 415
 0 416
 0 417
 0 418
 0 419
 0 420
 1 421
 0 422
 0 423
 0 424
 0 425
 0 426
 0 427
 0 428
 0 429
 0 430
 0 431
 0 432
 0 433
 0 434
 0 435
 0 436
 0 437
 0 438
 0 439
 0 440
 0 441
 0 442
 0 443
 0 444
 0 445
 0 446
 0 447
 0 448
 0 449
 0 450
 0 451
 0 452
 0 453
 0 454
 0 455
 0 456
 0 457
 0 458
 0 459
 0 460
 0 461
 0 462
 0 463
 0 464
 0 465
 0 466
 0 467
 0 468
 0 469
 0 470
 0 471
 0 472
 0 473
 0 474
 0 475
 0 476
 0 477
 0 478
 0 479
 0 480
 0 481
 0 482
 0 483
 0 484
 0 485
 0 486
 0 487
 0 488
 0 489
 0 490
 0 491
 0 492
 0 493
 0 494
 0 495
 0 496
 0 497
 0 498
 0 499
 0 500
 0 501
 0 502
 0 503
 0 504
 0 505
 0 506
 0 507
 0 508
 0 509
 0 510
 0 511
 0 512
 0 513
 0 514
 0 515
 0 516
 0 517
 0 518
 0 519
 0 520
 0 521
 0 522
 0 523
 0 524
 0 525
 0 526
 0 527
 0 528
 0 529
 0 530
 0 531
 0 532
 0 533
 0 534
 0 535
 0 536
 0 537
 0 538
 0 539
 0 540
 0 541
 0 542
 0 543
 0 544
 0 545
 0 546
 0 547
 0 548
 0 549
 0 550
 0 551
 0 552
 0 553
 0 554
 0 555
 0 556
 0 557
 0 558
 0 559
 0 560
 0 561
 0 562
 0 563
 0 564
 0 565
 0 566
 0 567
 0 568
 0 569
 0 570
 0 571
 0 572
 0 573
 0 574
 0 575
 0 576
 0 577
 0 578
 0 579
 0 580
 0 581
 0 582
 0 583
 0 584
 0 585
 0 586
 0 587
 0 588
 0 589
 0 590
 0 591
 0 592
 0 593
 0 594
 0 595
 0 596
 0 597
 0 598
 0 599
 0 600


