# Created by Octave 3.8.2, Sat Jun 20 15:09:27 2020 CEST <damian@fptrucha.inv.usc.es>
# name: hd
# type: matrix
# rows: 551
# columns: 2
 0 50
 0 51
 0 52
 0 53
 0 54
 0 55
 0 56
 0 57
 0 58
 0 59
 0 60
 0 61
 0 62
 0 63
 0 64
 0 65
 0 66
 0 67
 0 68
 0 69
 0 70
 0 71
 0 72
 0 73
 0 74
 0 75
 0 76
 0 77
 0 78
 0 79
 0 80
 0 81
 0 82
 0 83
 0 84
 0 85
 0 86
 0 87
 0 88
 2 89
 9 90
 15 91
 66 92
 154 93
 280 94
 386 95
 493 96
 602 97
 765 98
 1053 99
 1165 100
 1252 101
 1332 102
 1389 103
 1462 104
 1414 105
 1487 106
 1458 107
 1386 108
 1426 109
 1332 110
 1296 111
 1203 112
 1152 113
 1076 114
 1043 115
 993 116
 871 117
 824 118
 724 119
 674 120
 652 121
 600 122
 551 123
 480 124
 483 125
 417 126
 389 127
 323 128
 309 129
 266 130
 267 131
 222 132
 224 133
 195 134
 177 135
 151 136
 154 137
 132 138
 116 139
 119 140
 99 141
 108 142
 91 143
 76 144
 65 145
 85 146
 79 147
 63 148
 51 149
 50 150
 50 151
 51 152
 56 153
 40 154
 46 155
 32 156
 40 157
 25 158
 31 159
 28 160
 18 161
 31 162
 17 163
 30 164
 23 165
 17 166
 13 167
 14 168
 19 169
 10 170
 15 171
 17 172
 12 173
 6 174
 5 175
 4 176
 7 177
 8 178
 7 179
 6 180
 6 181
 6 182
 3 183
 6 184
 3 185
 4 186
 4 187
 4 188
 3 189
 4 190
 4 191
 6 192
 2 193
 5 194
 2 195
 3 196
 2 197
 2 198
 0 199
 1 200
 0 201
 0 202
 1 203
 0 204
 0 205
 0 206
 0 207
 0 208
 0 209
 0 210
 1 211
 0 212
 2 213
 0 214
 1 215
 1 216
 0 217
 1 218
 0 219
 0 220
 0 221
 1 222
 3 223
 0 224
 2 225
 0 226
 0 227
 0 228
 0 229
 0 230
 0 231
 0 232
 0 233
 0 234
 0 235
 1 236
 1 237
 0 238
 0 239
 0 240
 0 241
 0 242
 0 243
 0 244
 0 245
 0 246
 0 247
 0 248
 0 249
 0 250
 0 251
 0 252
 0 253
 0 254
 0 255
 0 256
 0 257
 0 258
 0 259
 0 260
 0 261
 0 262
 1 263
 0 264
 0 265
 0 266
 1 267
 0 268
 0 269
 0 270
 0 271
 0 272
 0 273
 0 274
 0 275
 0 276
 0 277
 0 278
 1 279
 0 280
 0 281
 0 282
 0 283
 0 284
 0 285
 0 286
 0 287
 0 288
 0 289
 0 290
 0 291
 1 292
 0 293
 0 294
 1 295
 0 296
 1 297
 1 298
 0 299
 0 300
 0 301
 2 302
 0 303
 0 304
 2 305
 1 306
 1 307
 1 308
 0 309
 0 310
 1 311
 0 312
 2 313
 2 314
 1 315
 3 316
 1 317
 3 318
 3 319
 2 320
 0 321
 2 322
 0 323
 1 324
 0 325
 0 326
 3 327
 1 328
 2 329
 1 330
 1 331
 0 332
 1 333
 2 334
 3 335
 1 336
 1 337
 1 338
 3 339
 2 340
 1 341
 2 342
 1 343
 1 344
 2 345
 1 346
 1 347
 1 348
 0 349
 2 350
 1 351
 2 352
 1 353
 2 354
 1 355
 0 356
 2 357
 2 358
 2 359
 0 360
 1 361
 0 362
 1 363
 2 364
 0 365
 1 366
 1 367
 1 368
 4 369
 0 370
 1 371
 1 372
 0 373
 0 374
 2 375
 0 376
 0 377
 0 378
 0 379
 0 380
 0 381
 1 382
 1 383
 0 384
 0 385
 0 386
 1 387
 1 388
 0 389
 0 390
 0 391
 0 392
 0 393
 1 394
 0 395
 0 396
 0 397
 0 398
 0 399
 0 400
 0 401
 0 402
 0 403
 0 404
 0 405
 0 406
 0 407
 0 408
 0 409
 0 410
 1 411
 0 412
 0 413
 0 414
 0 415
 0 416
 0 417
 0 418
 0 419
 0 420
 0 421
 0 422
 0 423
 0 424
 0 425
 0 426
 0 427
 0 428
 0 429
 0 430
 0 431
 0 432
 0 433
 0 434
 0 435
 0 436
 0 437
 0 438
 0 439
 0 440
 0 441
 0 442
 0 443
 0 444
 0 445
 0 446
 0 447
 0 448
 0 449
 0 450
 0 451
 0 452
 0 453
 0 454
 0 455
 0 456
 0 457
 0 458
 0 459
 0 460
 0 461
 0 462
 0 463
 0 464
 0 465
 0 466
 0 467
 0 468
 0 469
 0 470
 0 471
 0 472
 0 473
 0 474
 0 475
 0 476
 0 477
 0 478
 0 479
 0 480
 0 481
 0 482
 0 483
 0 484
 0 485
 0 486
 0 487
 0 488
 0 489
 0 490
 0 491
 0 492
 0 493
 0 494
 0 495
 0 496
 0 497
 0 498
 0 499
 0 500
 0 501
 0 502
 0 503
 0 504
 0 505
 0 506
 0 507
 0 508
 0 509
 0 510
 0 511
 0 512
 0 513
 0 514
 0 515
 0 516
 0 517
 0 518
 0 519
 0 520
 0 521
 0 522
 0 523
 0 524
 0 525
 0 526
 0 527
 0 528
 0 529
 0 530
 0 531
 0 532
 0 533
 0 534
 0 535
 0 536
 0 537
 0 538
 0 539
 0 540
 0 541
 0 542
 0 543
 0 544
 0 545
 0 546
 0 547
 0 548
 0 549
 0 550
 0 551
 0 552
 0 553
 0 554
 0 555
 0 556
 0 557
 0 558
 0 559
 0 560
 0 561
 0 562
 0 563
 0 564
 0 565
 0 566
 0 567
 0 568
 0 569
 0 570
 0 571
 0 572
 0 573
 0 574
 0 575
 0 576
 0 577
 0 578
 0 579
 0 580
 0 581
 0 582
 0 583
 0 584
 0 585
 0 586
 0 587
 0 588
 0 589
 0 590
 0 591
 0 592
 0 593
 0 594
 0 595
 0 596
 0 597
 0 598
 0 599
 0 600


