# Created by Octave 3.8.2, Mon Jun 22 17:10:35 2020 CEST <damian@fptrucha.inv.usc.es>
# name: hd
# type: matrix
# rows: 551
# columns: 2
 0 50
 0 51
 0 52
 0 53
 0 54
 0 55
 0 56
 0 57
 0 58
 0 59
 0 60
 0 61
 0 62
 0 63
 0 64
 0 65
 0 66
 0 67
 0 68
 0 69
 0 70
 0 71
 0 72
 0 73
 0 74
 0 75
 0 76
 0 77
 0 78
 0 79
 0 80
 0 81
 0 82
 0 83
 0 84
 0 85
 0 86
 0 87
 0 88
 1 89
 4 90
 12 91
 25 92
 79 93
 217 94
 421 95
 583 96
 632 97
 831 98
 1166 99
 1488 100
 1577 101
 1629 102
 1654 103
 1649 104
 1605 105
 1613 106
 1607 107
 1582 108
 1495 109
 1495 110
 1348 111
 1234 112
 1084 113
 1021 114
 942 115
 838 116
 796 117
 688 118
 657 119
 606 120
 519 121
 467 122
 415 123
 418 124
 310 125
 307 126
 257 127
 238 128
 215 129
 183 130
 156 131
 180 132
 155 133
 164 134
 138 135
 115 136
 112 137
 94 138
 88 139
 82 140
 86 141
 49 142
 69 143
 68 144
 64 145
 54 146
 54 147
 59 148
 45 149
 53 150
 39 151
 37 152
 36 153
 30 154
 37 155
 32 156
 17 157
 34 158
 21 159
 37 160
 26 161
 17 162
 26 163
 31 164
 23 165
 12 166
 11 167
 4 168
 13 169
 17 170
 16 171
 14 172
 11 173
 6 174
 10 175
 7 176
 9 177
 6 178
 8 179
 8 180
 3 181
 5 182
 5 183
 7 184
 5 185
 2 186
 3 187
 1 188
 3 189
 1 190
 3 191
 3 192
 5 193
 1 194
 2 195
 2 196
 0 197
 2 198
 3 199
 1 200
 3 201
 1 202
 0 203
 0 204
 1 205
 0 206
 1 207
 1 208
 1 209
 0 210
 0 211
 1 212
 0 213
 0 214
 1 215
 0 216
 1 217
 0 218
 0 219
 1 220
 0 221
 0 222
 0 223
 0 224
 0 225
 0 226
 0 227
 1 228
 0 229
 1 230
 0 231
 0 232
 0 233
 0 234
 0 235
 0 236
 0 237
 0 238
 0 239
 0 240
 0 241
 0 242
 0 243
 0 244
 0 245
 0 246
 0 247
 0 248
 0 249
 0 250
 0 251
 1 252
 0 253
 0 254
 1 255
 0 256
 0 257
 0 258
 0 259
 0 260
 0 261
 0 262
 0 263
 0 264
 0 265
 0 266
 0 267
 0 268
 0 269
 0 270
 0 271
 0 272
 0 273
 0 274
 0 275
 0 276
 0 277
 0 278
 0 279
 0 280
 0 281
 0 282
 0 283
 1 284
 0 285
 0 286
 0 287
 0 288
 0 289
 0 290
 1 291
 0 292
 1 293
 0 294
 0 295
 0 296
 0 297
 0 298
 0 299
 2 300
 1 301
 0 302
 0 303
 2 304
 1 305
 0 306
 0 307
 1 308
 1 309
 1 310
 1 311
 1 312
 0 313
 3 314
 1 315
 4 316
 1 317
 0 318
 1 319
 1 320
 4 321
 0 322
 2 323
 2 324
 1 325
 2 326
 3 327
 1 328
 0 329
 2 330
 0 331
 1 332
 4 333
 1 334
 1 335
 2 336
 5 337
 0 338
 1 339
 2 340
 3 341
 1 342
 0 343
 2 344
 2 345
 1 346
 1 347
 0 348
 1 349
 2 350
 0 351
 1 352
 1 353
 1 354
 3 355
 1 356
 0 357
 0 358
 0 359
 3 360
 0 361
 2 362
 2 363
 5 364
 1 365
 0 366
 2 367
 1 368
 0 369
 0 370
 1 371
 1 372
 0 373
 1 374
 1 375
 1 376
 0 377
 0 378
 1 379
 2 380
 0 381
 0 382
 0 383
 1 384
 0 385
 0 386
 2 387
 2 388
 1 389
 0 390
 0 391
 0 392
 0 393
 0 394
 1 395
 0 396
 0 397
 0 398
 0 399
 0 400
 0 401
 0 402
 0 403
 0 404
 0 405
 0 406
 0 407
 1 408
 0 409
 0 410
 1 411
 0 412
 0 413
 0 414
 0 415
 0 416
 1 417
 0 418
 0 419
 0 420
 0 421
 0 422
 0 423
 0 424
 0 425
 0 426
 0 427
 0 428
 0 429
 0 430
 0 431
 0 432
 0 433
 0 434
 0 435
 0 436
 0 437
 0 438
 0 439
 0 440
 0 441
 0 442
 0 443
 0 444
 0 445
 0 446
 0 447
 0 448
 0 449
 0 450
 0 451
 0 452
 0 453
 0 454
 0 455
 0 456
 0 457
 0 458
 0 459
 0 460
 0 461
 0 462
 0 463
 0 464
 0 465
 0 466
 0 467
 0 468
 0 469
 0 470
 0 471
 0 472
 0 473
 0 474
 0 475
 0 476
 0 477
 0 478
 0 479
 0 480
 0 481
 0 482
 0 483
 0 484
 0 485
 0 486
 0 487
 0 488
 0 489
 0 490
 0 491
 0 492
 0 493
 0 494
 0 495
 0 496
 0 497
 0 498
 0 499
 0 500
 0 501
 0 502
 0 503
 0 504
 0 505
 0 506
 0 507
 0 508
 0 509
 0 510
 0 511
 0 512
 0 513
 0 514
 0 515
 0 516
 0 517
 0 518
 0 519
 0 520
 0 521
 0 522
 0 523
 0 524
 0 525
 0 526
 0 527
 0 528
 0 529
 0 530
 0 531
 0 532
 0 533
 0 534
 0 535
 0 536
 0 537
 0 538
 0 539
 0 540
 0 541
 0 542
 0 543
 0 544
 0 545
 0 546
 0 547
 0 548
 0 549
 0 550
 0 551
 0 552
 0 553
 0 554
 0 555
 0 556
 0 557
 0 558
 0 559
 0 560
 0 561
 0 562
 0 563
 0 564
 0 565
 0 566
 0 567
 0 568
 0 569
 0 570
 0 571
 0 572
 0 573
 0 574
 0 575
 0 576
 0 577
 0 578
 0 579
 0 580
 0 581
 0 582
 0 583
 0 584
 0 585
 0 586
 0 587
 0 588
 0 589
 0 590
 0 591
 0 592
 0 593
 0 594
 0 595
 0 596
 0 597
 0 598
 0 599
 0 600


