# Created by Octave 3.8.2, Mon Jun 22 10:25:37 2020 CEST <damian@fptrucha.inv.usc.es>
# name: hd
# type: matrix
# rows: 551
# columns: 2
 0 50
 0 51
 0 52
 0 53
 0 54
 0 55
 0 56
 0 57
 0 58
 0 59
 0 60
 0 61
 0 62
 0 63
 0 64
 0 65
 0 66
 0 67
 0 68
 0 69
 0 70
 0 71
 0 72
 0 73
 0 74
 0 75
 0 76
 0 77
 0 78
 0 79
 0 80
 0 81
 0 82
 0 83
 0 84
 0 85
 0 86
 0 87
 0 88
 2 89
 2 90
 10 91
 33 92
 65 93
 188 94
 394 95
 522 96
 553 97
 790 98
 961 99
 1304 100
 1395 101
 1385 102
 1533 103
 1587 104
 1581 105
 1476 106
 1571 107
 1452 108
 1418 109
 1372 110
 1240 111
 1216 112
 1080 113
 1021 114
 965 115
 881 116
 787 117
 715 118
 633 119
 634 120
 567 121
 494 122
 420 123
 422 124
 363 125
 346 126
 284 127
 244 128
 235 129
 213 130
 199 131
 203 132
 157 133
 143 134
 168 135
 129 136
 138 137
 110 138
 102 139
 101 140
 82 141
 81 142
 83 143
 70 144
 79 145
 62 146
 58 147
 56 148
 52 149
 41 150
 34 151
 35 152
 23 153
 30 154
 37 155
 34 156
 28 157
 30 158
 23 159
 21 160
 22 161
 18 162
 30 163
 12 164
 21 165
 16 166
 17 167
 22 168
 18 169
 15 170
 10 171
 7 172
 9 173
 9 174
 6 175
 9 176
 4 177
 5 178
 10 179
 5 180
 9 181
 8 182
 3 183
 2 184
 3 185
 9 186
 3 187
 2 188
 0 189
 4 190
 4 191
 7 192
 0 193
 3 194
 2 195
 3 196
 2 197
 1 198
 0 199
 3 200
 1 201
 0 202
 0 203
 0 204
 2 205
 1 206
 2 207
 1 208
 0 209
 0 210
 0 211
 1 212
 1 213
 0 214
 1 215
 0 216
 0 217
 0 218
 0 219
 0 220
 0 221
 0 222
 0 223
 0 224
 1 225
 0 226
 0 227
 0 228
 0 229
 0 230
 0 231
 0 232
 0 233
 0 234
 0 235
 0 236
 0 237
 0 238
 0 239
 0 240
 0 241
 0 242
 0 243
 0 244
 0 245
 1 246
 0 247
 0 248
 0 249
 0 250
 0 251
 0 252
 0 253
 0 254
 0 255
 0 256
 0 257
 0 258
 0 259
 0 260
 0 261
 0 262
 0 263
 0 264
 0 265
 0 266
 0 267
 0 268
 0 269
 0 270
 0 271
 0 272
 0 273
 0 274
 0 275
 0 276
 0 277
 0 278
 0 279
 0 280
 0 281
 0 282
 0 283
 0 284
 0 285
 0 286
 0 287
 0 288
 2 289
 0 290
 0 291
 0 292
 0 293
 1 294
 1 295
 1 296
 0 297
 0 298
 1 299
 0 300
 2 301
 0 302
 0 303
 0 304
 2 305
 1 306
 3 307
 1 308
 4 309
 1 310
 2 311
 1 312
 2 313
 1 314
 0 315
 0 316
 3 317
 1 318
 0 319
 3 320
 1 321
 0 322
 1 323
 1 324
 0 325
 2 326
 1 327
 2 328
 2 329
 0 330
 0 331
 2 332
 2 333
 0 334
 0 335
 3 336
 0 337
 1 338
 2 339
 1 340
 1 341
 5 342
 2 343
 4 344
 1 345
 0 346
 2 347
 2 348
 1 349
 5 350
 2 351
 0 352
 1 353
 2 354
 3 355
 2 356
 0 357
 3 358
 1 359
 1 360
 3 361
 0 362
 0 363
 2 364
 2 365
 0 366
 0 367
 1 368
 0 369
 0 370
 0 371
 2 372
 1 373
 0 374
 2 375
 0 376
 1 377
 1 378
 0 379
 1 380
 1 381
 1 382
 0 383
 1 384
 1 385
 0 386
 1 387
 0 388
 0 389
 0 390
 1 391
 0 392
 0 393
 0 394
 0 395
 0 396
 0 397
 0 398
 0 399
 0 400
 1 401
 0 402
 0 403
 0 404
 0 405
 0 406
 0 407
 0 408
 0 409
 0 410
 0 411
 0 412
 0 413
 0 414
 0 415
 0 416
 0 417
 0 418
 1 419
 0 420
 0 421
 0 422
 0 423
 0 424
 0 425
 0 426
 0 427
 0 428
 0 429
 0 430
 0 431
 0 432
 0 433
 0 434
 0 435
 0 436
 0 437
 0 438
 0 439
 0 440
 0 441
 0 442
 0 443
 0 444
 0 445
 0 446
 0 447
 0 448
 0 449
 0 450
 0 451
 0 452
 0 453
 0 454
 0 455
 0 456
 0 457
 0 458
 0 459
 0 460
 0 461
 0 462
 0 463
 0 464
 0 465
 0 466
 0 467
 0 468
 0 469
 0 470
 0 471
 0 472
 0 473
 0 474
 0 475
 0 476
 0 477
 0 478
 0 479
 0 480
 0 481
 0 482
 0 483
 0 484
 0 485
 0 486
 0 487
 0 488
 0 489
 0 490
 0 491
 0 492
 0 493
 0 494
 0 495
 0 496
 0 497
 0 498
 0 499
 0 500
 0 501
 0 502
 0 503
 0 504
 0 505
 0 506
 0 507
 0 508
 0 509
 0 510
 0 511
 0 512
 0 513
 0 514
 0 515
 0 516
 0 517
 0 518
 0 519
 0 520
 0 521
 0 522
 0 523
 0 524
 0 525
 0 526
 0 527
 0 528
 0 529
 0 530
 0 531
 0 532
 0 533
 0 534
 0 535
 0 536
 0 537
 0 538
 0 539
 0 540
 0 541
 0 542
 0 543
 0 544
 0 545
 0 546
 0 547
 0 548
 0 549
 0 550
 0 551
 0 552
 0 553
 0 554
 0 555
 0 556
 0 557
 0 558
 0 559
 0 560
 0 561
 0 562
 0 563
 0 564
 0 565
 0 566
 0 567
 0 568
 0 569
 0 570
 0 571
 0 572
 0 573
 0 574
 0 575
 0 576
 0 577
 0 578
 0 579
 0 580
 0 581
 0 582
 0 583
 0 584
 0 585
 0 586
 0 587
 0 588
 0 589
 0 590
 0 591
 0 592
 0 593
 0 594
 0 595
 0 596
 0 597
 0 598
 0 599
 0 600


