# Created by Octave 3.8.2, Sat Jun 20 15:41:53 2020 CEST <damian@fptrucha.inv.usc.es>
# name: hd
# type: matrix
# rows: 551
# columns: 2
 0 50
 0 51
 0 52
 0 53
 0 54
 0 55
 0 56
 0 57
 0 58
 0 59
 0 60
 0 61
 0 62
 0 63
 0 64
 0 65
 0 66
 0 67
 0 68
 0 69
 0 70
 0 71
 0 72
 0 73
 0 74
 0 75
 0 76
 0 77
 0 78
 0 79
 0 80
 0 81
 0 82
 0 83
 0 84
 0 85
 0 86
 0 87
 1 88
 1 89
 7 90
 12 91
 32 92
 79 93
 178 94
 240 95
 290 96
 395 97
 499 98
 685 99
 788 100
 810 101
 829 102
 879 103
 885 104
 952 105
 892 106
 900 107
 907 108
 907 109
 847 110
 787 111
 798 112
 799 113
 679 114
 642 115
 632 116
 581 117
 517 118
 501 119
 468 120
 454 121
 361 122
 368 123
 317 124
 318 125
 318 126
 248 127
 230 128
 202 129
 196 130
 173 131
 162 132
 133 133
 122 134
 140 135
 94 136
 87 137
 85 138
 75 139
 80 140
 75 141
 58 142
 65 143
 56 144
 39 145
 46 146
 45 147
 49 148
 42 149
 33 150
 42 151
 30 152
 34 153
 32 154
 23 155
 22 156
 20 157
 22 158
 16 159
 18 160
 19 161
 20 162
 17 163
 16 164
 13 165
 14 166
 9 167
 6 168
 12 169
 7 170
 9 171
 8 172
 7 173
 9 174
 5 175
 8 176
 7 177
 9 178
 4 179
 2 180
 3 181
 5 182
 1 183
 4 184
 5 185
 3 186
 3 187
 4 188
 3 189
 2 190
 5 191
 2 192
 3 193
 3 194
 3 195
 0 196
 0 197
 1 198
 0 199
 2 200
 0 201
 0 202
 1 203
 1 204
 0 205
 1 206
 0 207
 0 208
 0 209
 0 210
 0 211
 2 212
 0 213
 0 214
 1 215
 0 216
 0 217
 0 218
 0 219
 0 220
 0 221
 0 222
 0 223
 0 224
 0 225
 0 226
 0 227
 0 228
 0 229
 0 230
 0 231
 0 232
 0 233
 0 234
 0 235
 0 236
 0 237
 0 238
 0 239
 0 240
 0 241
 0 242
 0 243
 0 244
 0 245
 0 246
 0 247
 0 248
 0 249
 0 250
 0 251
 0 252
 0 253
 0 254
 0 255
 0 256
 0 257
 0 258
 0 259
 0 260
 0 261
 0 262
 0 263
 0 264
 0 265
 0 266
 0 267
 0 268
 0 269
 0 270
 0 271
 0 272
 0 273
 0 274
 0 275
 0 276
 0 277
 0 278
 0 279
 0 280
 0 281
 0 282
 0 283
 0 284
 0 285
 0 286
 0 287
 0 288
 0 289
 0 290
 0 291
 2 292
 0 293
 0 294
 0 295
 1 296
 0 297
 0 298
 0 299
 0 300
 2 301
 1 302
 0 303
 1 304
 3 305
 1 306
 1 307
 3 308
 1 309
 0 310
 2 311
 1 312
 0 313
 1 314
 0 315
 0 316
 0 317
 0 318
 1 319
 1 320
 1 321
 0 322
 1 323
 1 324
 0 325
 0 326
 0 327
 1 328
 1 329
 3 330
 0 331
 0 332
 1 333
 2 334
 3 335
 1 336
 2 337
 2 338
 1 339
 0 340
 1 341
 1 342
 1 343
 1 344
 1 345
 1 346
 2 347
 2 348
 0 349
 1 350
 1 351
 2 352
 1 353
 1 354
 1 355
 0 356
 4 357
 0 358
 1 359
 1 360
 0 361
 0 362
 0 363
 0 364
 0 365
 0 366
 1 367
 0 368
 0 369
 1 370
 0 371
 1 372
 0 373
 0 374
 0 375
 0 376
 0 377
 1 378
 1 379
 0 380
 0 381
 0 382
 0 383
 0 384
 0 385
 0 386
 0 387
 0 388
 1 389
 0 390
 0 391
 0 392
 1 393
 0 394
 0 395
 0 396
 0 397
 0 398
 0 399
 0 400
 0 401
 0 402
 0 403
 1 404
 0 405
 0 406
 0 407
 0 408
 1 409
 0 410
 0 411
 0 412
 0 413
 0 414
 0 415
 0 416
 0 417
 0 418
 0 419
 0 420
 0 421
 0 422
 0 423
 0 424
 0 425
 0 426
 0 427
 0 428
 0 429
 0 430
 0 431
 0 432
 0 433
 0 434
 0 435
 0 436
 0 437
 0 438
 0 439
 0 440
 0 441
 0 442
 0 443
 0 444
 0 445
 0 446
 0 447
 0 448
 0 449
 0 450
 0 451
 0 452
 0 453
 0 454
 0 455
 0 456
 0 457
 0 458
 0 459
 0 460
 0 461
 0 462
 0 463
 0 464
 0 465
 0 466
 0 467
 0 468
 0 469
 0 470
 0 471
 0 472
 0 473
 0 474
 0 475
 0 476
 0 477
 0 478
 0 479
 0 480
 0 481
 0 482
 0 483
 0 484
 0 485
 0 486
 0 487
 0 488
 0 489
 0 490
 0 491
 0 492
 0 493
 0 494
 0 495
 0 496
 0 497
 0 498
 0 499
 0 500
 0 501
 0 502
 0 503
 0 504
 0 505
 0 506
 0 507
 0 508
 0 509
 0 510
 0 511
 0 512
 0 513
 0 514
 0 515
 0 516
 0 517
 0 518
 0 519
 0 520
 0 521
 0 522
 0 523
 0 524
 0 525
 0 526
 0 527
 0 528
 0 529
 0 530
 0 531
 0 532
 0 533
 0 534
 0 535
 0 536
 0 537
 0 538
 0 539
 0 540
 0 541
 0 542
 0 543
 0 544
 0 545
 0 546
 0 547
 0 548
 0 549
 0 550
 0 551
 0 552
 0 553
 0 554
 0 555
 0 556
 0 557
 0 558
 0 559
 0 560
 0 561
 0 562
 0 563
 0 564
 0 565
 0 566
 0 567
 0 568
 0 569
 0 570
 0 571
 0 572
 0 573
 0 574
 0 575
 0 576
 0 577
 0 578
 0 579
 0 580
 0 581
 0 582
 0 583
 0 584
 0 585
 0 586
 0 587
 0 588
 0 589
 0 590
 0 591
 0 592
 0 593
 0 594
 0 595
 0 596
 0 597
 0 598
 0 599
 0 600


