# Created by Octave 3.8.2, Mon Jun 22 04:45:22 2020 CEST <damian@fptrucha.inv.usc.es>
# name: hd
# type: matrix
# rows: 551
# columns: 2
 0 50
 0 51
 0 52
 0 53
 0 54
 0 55
 0 56
 0 57
 0 58
 0 59
 0 60
 0 61
 0 62
 0 63
 0 64
 0 65
 0 66
 0 67
 0 68
 0 69
 0 70
 0 71
 0 72
 0 73
 0 74
 0 75
 0 76
 0 77
 0 78
 0 79
 0 80
 0 81
 0 82
 0 83
 0 84
 0 85
 0 86
 0 87
 0 88
 2 89
 3 90
 12 91
 15 92
 71 93
 146 94
 320 95
 491 96
 580 97
 715 98
 952 99
 1230 100
 1342 101
 1366 102
 1460 103
 1484 104
 1462 105
 1420 106
 1475 107
 1337 108
 1281 109
 1258 110
 1160 111
 1116 112
 1034 113
 937 114
 825 115
 742 116
 677 117
 614 118
 624 119
 510 120
 465 121
 410 122
 390 123
 333 124
 320 125
 294 126
 262 127
 237 128
 206 129
 184 130
 173 131
 146 132
 157 133
 118 134
 104 135
 105 136
 101 137
 97 138
 77 139
 89 140
 56 141
 71 142
 66 143
 46 144
 70 145
 44 146
 57 147
 56 148
 50 149
 33 150
 35 151
 36 152
 33 153
 35 154
 22 155
 17 156
 32 157
 30 158
 26 159
 30 160
 25 161
 27 162
 18 163
 18 164
 7 165
 22 166
 9 167
 13 168
 9 169
 10 170
 6 171
 7 172
 7 173
 10 174
 10 175
 8 176
 8 177
 8 178
 6 179
 6 180
 8 181
 5 182
 8 183
 6 184
 3 185
 6 186
 3 187
 5 188
 6 189
 4 190
 3 191
 1 192
 8 193
 2 194
 3 195
 1 196
 2 197
 3 198
 2 199
 0 200
 1 201
 1 202
 0 203
 1 204
 1 205
 0 206
 1 207
 0 208
 1 209
 2 210
 1 211
 1 212
 0 213
 0 214
 2 215
 0 216
 0 217
 0 218
 0 219
 1 220
 0 221
 0 222
 0 223
 0 224
 1 225
 0 226
 0 227
 0 228
 0 229
 0 230
 0 231
 0 232
 0 233
 0 234
 0 235
 0 236
 0 237
 0 238
 0 239
 0 240
 0 241
 0 242
 0 243
 0 244
 0 245
 1 246
 0 247
 0 248
 0 249
 0 250
 0 251
 0 252
 0 253
 0 254
 0 255
 0 256
 0 257
 0 258
 0 259
 0 260
 0 261
 0 262
 0 263
 0 264
 0 265
 0 266
 0 267
 0 268
 0 269
 0 270
 0 271
 0 272
 0 273
 0 274
 0 275
 0 276
 0 277
 0 278
 0 279
 0 280
 0 281
 0 282
 0 283
 1 284
 0 285
 0 286
 1 287
 1 288
 0 289
 0 290
 0 291
 0 292
 0 293
 1 294
 1 295
 1 296
 0 297
 1 298
 1 299
 1 300
 1 301
 1 302
 1 303
 0 304
 0 305
 1 306
 0 307
 2 308
 1 309
 0 310
 1 311
 0 312
 1 313
 2 314
 0 315
 2 316
 1 317
 1 318
 2 319
 0 320
 1 321
 2 322
 0 323
 2 324
 3 325
 1 326
 1 327
 2 328
 0 329
 1 330
 4 331
 2 332
 2 333
 1 334
 1 335
 2 336
 3 337
 2 338
 2 339
 2 340
 2 341
 2 342
 2 343
 0 344
 1 345
 1 346
 0 347
 1 348
 3 349
 0 350
 3 351
 1 352
 1 353
 1 354
 2 355
 2 356
 1 357
 1 358
 0 359
 1 360
 0 361
 0 362
 1 363
 3 364
 2 365
 1 366
 2 367
 2 368
 1 369
 3 370
 0 371
 2 372
 0 373
 1 374
 0 375
 2 376
 0 377
 0 378
 0 379
 0 380
 0 381
 0 382
 0 383
 0 384
 0 385
 0 386
 1 387
 1 388
 0 389
 1 390
 0 391
 1 392
 1 393
 1 394
 0 395
 1 396
 0 397
 0 398
 0 399
 0 400
 0 401
 0 402
 0 403
 0 404
 0 405
 1 406
 0 407
 0 408
 0 409
 0 410
 0 411
 0 412
 0 413
 0 414
 0 415
 0 416
 0 417
 0 418
 0 419
 0 420
 0 421
 0 422
 0 423
 0 424
 0 425
 0 426
 0 427
 0 428
 0 429
 0 430
 0 431
 0 432
 0 433
 0 434
 0 435
 0 436
 0 437
 0 438
 0 439
 0 440
 0 441
 0 442
 0 443
 0 444
 0 445
 0 446
 0 447
 0 448
 0 449
 0 450
 0 451
 0 452
 0 453
 0 454
 0 455
 0 456
 0 457
 0 458
 0 459
 0 460
 0 461
 0 462
 0 463
 0 464
 0 465
 0 466
 0 467
 0 468
 0 469
 0 470
 0 471
 0 472
 0 473
 0 474
 0 475
 0 476
 0 477
 0 478
 0 479
 0 480
 0 481
 0 482
 0 483
 0 484
 0 485
 0 486
 0 487
 0 488
 0 489
 0 490
 0 491
 0 492
 0 493
 0 494
 0 495
 0 496
 0 497
 0 498
 0 499
 0 500
 0 501
 0 502
 0 503
 0 504
 0 505
 0 506
 0 507
 0 508
 0 509
 0 510
 0 511
 0 512
 0 513
 0 514
 0 515
 0 516
 0 517
 0 518
 0 519
 0 520
 0 521
 0 522
 0 523
 0 524
 0 525
 0 526
 0 527
 0 528
 0 529
 0 530
 0 531
 0 532
 0 533
 0 534
 0 535
 0 536
 0 537
 0 538
 0 539
 0 540
 0 541
 0 542
 0 543
 0 544
 0 545
 0 546
 0 547
 0 548
 0 549
 0 550
 0 551
 0 552
 0 553
 0 554
 0 555
 0 556
 0 557
 0 558
 0 559
 0 560
 0 561
 0 562
 0 563
 0 564
 0 565
 0 566
 0 567
 0 568
 0 569
 0 570
 0 571
 0 572
 0 573
 0 574
 0 575
 0 576
 0 577
 0 578
 0 579
 0 580
 0 581
 0 582
 0 583
 0 584
 0 585
 0 586
 0 587
 0 588
 0 589
 0 590
 0 591
 0 592
 0 593
 0 594
 0 595
 0 596
 0 597
 0 598
 0 599
 0 600


