# Created by Octave 3.8.2, Sat Jun 20 04:05:50 2020 CEST <damian@fptrucha.inv.usc.es>
# name: hd
# type: matrix
# rows: 551
# columns: 2
 0 50
 0 51
 0 52
 0 53
 0 54
 0 55
 0 56
 0 57
 0 58
 0 59
 0 60
 0 61
 0 62
 0 63
 0 64
 0 65
 0 66
 0 67
 0 68
 0 69
 0 70
 0 71
 0 72
 0 73
 0 74
 0 75
 0 76
 0 77
 0 78
 0 79
 0 80
 0 81
 0 82
 0 83
 0 84
 0 85
 0 86
 0 87
 0 88
 2 89
 7 90
 15 91
 56 92
 153 93
 296 94
 472 95
 474 96
 683 97
 862 98
 1162 99
 1348 100
 1435 101
 1518 102
 1555 103
 1513 104
 1593 105
 1553 106
 1582 107
 1524 108
 1438 109
 1414 110
 1339 111
 1336 112
 1186 113
 1106 114
 1043 115
 1033 116
 925 117
 871 118
 739 119
 711 120
 611 121
 613 122
 553 123
 470 124
 453 125
 383 126
 379 127
 353 128
 285 129
 279 130
 261 131
 238 132
 239 133
 204 134
 175 135
 158 136
 157 137
 137 138
 123 139
 123 140
 113 141
 89 142
 89 143
 73 144
 75 145
 67 146
 55 147
 57 148
 66 149
 53 150
 58 151
 46 152
 54 153
 48 154
 47 155
 43 156
 31 157
 39 158
 28 159
 37 160
 25 161
 35 162
 17 163
 21 164
 24 165
 18 166
 19 167
 10 168
 13 169
 21 170
 16 171
 15 172
 3 173
 9 174
 8 175
 8 176
 5 177
 6 178
 11 179
 6 180
 3 181
 4 182
 5 183
 8 184
 3 185
 6 186
 2 187
 3 188
 3 189
 4 190
 4 191
 0 192
 3 193
 2 194
 2 195
 3 196
 4 197
 3 198
 0 199
 0 200
 4 201
 0 202
 1 203
 2 204
 1 205
 1 206
 0 207
 0 208
 0 209
 0 210
 2 211
 0 212
 0 213
 0 214
 0 215
 0 216
 0 217
 0 218
 0 219
 0 220
 1 221
 0 222
 1 223
 0 224
 0 225
 0 226
 0 227
 0 228
 0 229
 0 230
 0 231
 0 232
 0 233
 0 234
 1 235
 0 236
 0 237
 0 238
 0 239
 0 240
 0 241
 0 242
 0 243
 0 244
 0 245
 0 246
 0 247
 0 248
 0 249
 0 250
 0 251
 0 252
 0 253
 0 254
 0 255
 0 256
 0 257
 0 258
 0 259
 0 260
 0 261
 0 262
 0 263
 0 264
 1 265
 0 266
 0 267
 0 268
 0 269
 0 270
 0 271
 0 272
 0 273
 0 274
 0 275
 0 276
 0 277
 0 278
 0 279
 0 280
 0 281
 0 282
 0 283
 0 284
 0 285
 0 286
 0 287
 0 288
 0 289
 0 290
 0 291
 0 292
 0 293
 1 294
 0 295
 0 296
 0 297
 1 298
 0 299
 1 300
 0 301
 0 302
 1 303
 2 304
 1 305
 2 306
 1 307
 1 308
 1 309
 1 310
 0 311
 0 312
 0 313
 1 314
 2 315
 1 316
 0 317
 0 318
 3 319
 2 320
 0 321
 0 322
 3 323
 0 324
 0 325
 3 326
 2 327
 3 328
 2 329
 1 330
 2 331
 0 332
 2 333
 3 334
 2 335
 2 336
 1 337
 4 338
 2 339
 1 340
 2 341
 3 342
 1 343
 1 344
 3 345
 2 346
 6 347
 1 348
 1 349
 1 350
 0 351
 2 352
 2 353
 1 354
 2 355
 2 356
 1 357
 4 358
 1 359
 3 360
 3 361
 5 362
 1 363
 3 364
 0 365
 1 366
 0 367
 2 368
 2 369
 0 370
 3 371
 0 372
 2 373
 0 374
 0 375
 1 376
 0 377
 0 378
 1 379
 0 380
 0 381
 0 382
 0 383
 1 384
 2 385
 1 386
 0 387
 0 388
 2 389
 0 390
 1 391
 0 392
 1 393
 0 394
 0 395
 0 396
 0 397
 0 398
 0 399
 0 400
 0 401
 0 402
 0 403
 0 404
 1 405
 0 406
 0 407
 0 408
 0 409
 2 410
 0 411
 0 412
 0 413
 0 414
 0 415
 0 416
 0 417
 0 418
 0 419
 0 420
 0 421
 0 422
 1 423
 0 424
 0 425
 0 426
 0 427
 0 428
 0 429
 0 430
 0 431
 0 432
 2 433
 1 434
 0 435
 0 436
 0 437
 0 438
 0 439
 0 440
 0 441
 0 442
 0 443
 0 444
 0 445
 0 446
 0 447
 0 448
 0 449
 0 450
 0 451
 0 452
 0 453
 0 454
 0 455
 0 456
 0 457
 0 458
 0 459
 0 460
 0 461
 0 462
 0 463
 0 464
 0 465
 0 466
 0 467
 0 468
 0 469
 0 470
 1 471
 0 472
 0 473
 0 474
 0 475
 0 476
 0 477
 0 478
 0 479
 0 480
 0 481
 0 482
 0 483
 0 484
 0 485
 0 486
 0 487
 0 488
 0 489
 0 490
 0 491
 0 492
 0 493
 0 494
 0 495
 0 496
 0 497
 0 498
 0 499
 0 500
 0 501
 0 502
 0 503
 0 504
 0 505
 0 506
 0 507
 0 508
 0 509
 0 510
 0 511
 0 512
 0 513
 0 514
 0 515
 0 516
 0 517
 0 518
 0 519
 0 520
 0 521
 0 522
 0 523
 0 524
 0 525
 0 526
 0 527
 0 528
 0 529
 0 530
 0 531
 0 532
 0 533
 0 534
 0 535
 0 536
 0 537
 0 538
 0 539
 0 540
 0 541
 0 542
 0 543
 0 544
 0 545
 0 546
 0 547
 0 548
 0 549
 0 550
 0 551
 0 552
 0 553
 0 554
 0 555
 0 556
 0 557
 0 558
 0 559
 0 560
 0 561
 0 562
 0 563
 0 564
 0 565
 0 566
 0 567
 0 568
 0 569
 0 570
 0 571
 0 572
 0 573
 0 574
 0 575
 0 576
 0 577
 0 578
 0 579
 0 580
 0 581
 0 582
 0 583
 0 584
 0 585
 0 586
 0 587
 0 588
 0 589
 0 590
 0 591
 0 592
 0 593
 0 594
 0 595
 0 596
 0 597
 0 598
 0 599
 0 600


