# Created by Octave 3.8.2, Mon Jun 22 19:12:23 2020 CEST <damian@fptrucha.inv.usc.es>
# name: hd
# type: matrix
# rows: 551
# columns: 2
 0 50
 0 51
 0 52
 0 53
 0 54
 0 55
 0 56
 0 57
 0 58
 0 59
 0 60
 0 61
 0 62
 0 63
 0 64
 0 65
 0 66
 0 67
 0 68
 0 69
 0 70
 0 71
 0 72
 0 73
 0 74
 0 75
 0 76
 0 77
 0 78
 0 79
 0 80
 0 81
 0 82
 0 83
 0 84
 0 85
 0 86
 0 87
 0 88
 2 89
 4 90
 9 91
 31 92
 81 93
 223 94
 433 95
 540 96
 656 97
 800 98
 1113 99
 1453 100
 1573 101
 1639 102
 1703 103
 1593 104
 1631 105
 1592 106
 1569 107
 1560 108
 1477 109
 1401 110
 1309 111
 1258 112
 1117 113
 1101 114
 1030 115
 910 116
 812 117
 725 118
 669 119
 628 120
 579 121
 521 122
 449 123
 395 124
 378 125
 344 126
 270 127
 256 128
 252 129
 196 130
 197 131
 206 132
 163 133
 159 134
 127 135
 126 136
 111 137
 97 138
 116 139
 108 140
 105 141
 73 142
 86 143
 78 144
 56 145
 65 146
 54 147
 51 148
 44 149
 55 150
 48 151
 36 152
 37 153
 35 154
 31 155
 26 156
 38 157
 31 158
 16 159
 22 160
 23 161
 17 162
 29 163
 22 164
 15 165
 15 166
 14 167
 16 168
 12 169
 16 170
 12 171
 11 172
 10 173
 10 174
 7 175
 5 176
 9 177
 8 178
 5 179
 11 180
 10 181
 5 182
 4 183
 6 184
 6 185
 5 186
 4 187
 1 188
 4 189
 4 190
 0 191
 2 192
 1 193
 2 194
 3 195
 1 196
 0 197
 2 198
 1 199
 4 200
 0 201
 1 202
 1 203
 0 204
 1 205
 0 206
 1 207
 1 208
 0 209
 0 210
 1 211
 0 212
 0 213
 0 214
 1 215
 1 216
 0 217
 0 218
 1 219
 0 220
 1 221
 0 222
 0 223
 0 224
 0 225
 0 226
 0 227
 1 228
 0 229
 0 230
 0 231
 0 232
 0 233
 0 234
 0 235
 0 236
 0 237
 0 238
 0 239
 0 240
 0 241
 0 242
 0 243
 0 244
 0 245
 0 246
 0 247
 0 248
 0 249
 0 250
 0 251
 0 252
 0 253
 1 254
 0 255
 0 256
 0 257
 0 258
 0 259
 0 260
 0 261
 0 262
 0 263
 0 264
 0 265
 0 266
 0 267
 0 268
 0 269
 0 270
 0 271
 0 272
 0 273
 0 274
 0 275
 0 276
 0 277
 0 278
 1 279
 0 280
 1 281
 1 282
 0 283
 0 284
 0 285
 0 286
 0 287
 0 288
 0 289
 0 290
 0 291
 0 292
 1 293
 0 294
 2 295
 1 296
 1 297
 0 298
 0 299
 2 300
 0 301
 1 302
 2 303
 1 304
 2 305
 0 306
 3 307
 0 308
 0 309
 2 310
 0 311
 2 312
 1 313
 3 314
 1 315
 5 316
 2 317
 2 318
 1 319
 4 320
 4 321
 1 322
 1 323
 2 324
 2 325
 2 326
 0 327
 2 328
 3 329
 2 330
 2 331
 2 332
 2 333
 2 334
 1 335
 1 336
 1 337
 2 338
 0 339
 3 340
 4 341
 2 342
 0 343
 1 344
 1 345
 2 346
 0 347
 1 348
 3 349
 2 350
 1 351
 0 352
 2 353
 2 354
 3 355
 1 356
 0 357
 2 358
 0 359
 2 360
 1 361
 2 362
 1 363
 1 364
 2 365
 0 366
 2 367
 0 368
 1 369
 1 370
 1 371
 0 372
 0 373
 1 374
 1 375
 1 376
 3 377
 0 378
 1 379
 0 380
 0 381
 1 382
 1 383
 1 384
 0 385
 0 386
 1 387
 0 388
 0 389
 0 390
 0 391
 0 392
 0 393
 0 394
 1 395
 0 396
 0 397
 0 398
 0 399
 0 400
 0 401
 0 402
 0 403
 0 404
 0 405
 0 406
 0 407
 0 408
 0 409
 0 410
 0 411
 0 412
 0 413
 0 414
 0 415
 0 416
 0 417
 0 418
 0 419
 0 420
 0 421
 0 422
 0 423
 0 424
 0 425
 0 426
 0 427
 0 428
 0 429
 0 430
 0 431
 0 432
 0 433
 0 434
 0 435
 0 436
 0 437
 0 438
 0 439
 0 440
 0 441
 0 442
 0 443
 0 444
 0 445
 0 446
 0 447
 0 448
 0 449
 0 450
 0 451
 0 452
 0 453
 0 454
 0 455
 0 456
 0 457
 0 458
 0 459
 0 460
 0 461
 0 462
 0 463
 0 464
 0 465
 0 466
 0 467
 0 468
 0 469
 0 470
 0 471
 0 472
 0 473
 0 474
 0 475
 0 476
 0 477
 0 478
 0 479
 0 480
 0 481
 0 482
 0 483
 0 484
 0 485
 0 486
 0 487
 0 488
 0 489
 0 490
 0 491
 0 492
 0 493
 0 494
 0 495
 0 496
 0 497
 0 498
 0 499
 0 500
 0 501
 0 502
 0 503
 0 504
 0 505
 0 506
 0 507
 0 508
 0 509
 0 510
 0 511
 0 512
 0 513
 0 514
 0 515
 0 516
 0 517
 0 518
 0 519
 0 520
 0 521
 0 522
 0 523
 0 524
 0 525
 0 526
 0 527
 0 528
 0 529
 0 530
 0 531
 0 532
 0 533
 0 534
 0 535
 0 536
 0 537
 0 538
 0 539
 0 540
 0 541
 0 542
 0 543
 0 544
 0 545
 0 546
 0 547
 0 548
 0 549
 0 550
 0 551
 0 552
 0 553
 0 554
 0 555
 0 556
 0 557
 0 558
 0 559
 0 560
 0 561
 0 562
 0 563
 0 564
 0 565
 0 566
 0 567
 0 568
 0 569
 0 570
 0 571
 0 572
 0 573
 0 574
 0 575
 0 576
 0 577
 0 578
 0 579
 0 580
 0 581
 0 582
 0 583
 0 584
 0 585
 0 586
 0 587
 0 588
 0 589
 0 590
 0 591
 0 592
 0 593
 0 594
 0 595
 0 596
 0 597
 0 598
 0 599
 0 600


