# Created by Octave 3.8.2, Sat Jun 20 09:30:40 2020 CEST <damian@fptrucha.inv.usc.es>
# name: hd
# type: matrix
# rows: 551
# columns: 2
 0 50
 0 51
 0 52
 0 53
 0 54
 0 55
 0 56
 0 57
 0 58
 0 59
 0 60
 0 61
 0 62
 0 63
 0 64
 0 65
 0 66
 0 67
 0 68
 0 69
 0 70
 0 71
 0 72
 0 73
 0 74
 0 75
 0 76
 0 77
 0 78
 0 79
 0 80
 0 81
 0 82
 0 83
 0 84
 0 85
 0 86
 0 87
 0 88
 1 89
 14 90
 22 91
 58 92
 175 93
 333 94
 507 95
 607 96
 796 97
 1054 98
 1344 99
 1463 100
 1595 101
 1642 102
 1689 103
 1638 104
 1775 105
 1676 106
 1743 107
 1609 108
 1560 109
 1506 110
 1435 111
 1317 112
 1216 113
 1196 114
 1067 115
 1011 116
 892 117
 857 118
 714 119
 696 120
 602 121
 572 122
 502 123
 422 124
 401 125
 359 126
 350 127
 291 128
 305 129
 288 130
 216 131
 207 132
 196 133
 185 134
 159 135
 127 136
 135 137
 131 138
 106 139
 101 140
 83 141
 69 142
 91 143
 74 144
 62 145
 60 146
 57 147
 52 148
 56 149
 45 150
 44 151
 48 152
 38 153
 29 154
 32 155
 38 156
 35 157
 31 158
 26 159
 25 160
 22 161
 24 162
 23 163
 16 164
 17 165
 21 166
 16 167
 13 168
 16 169
 10 170
 8 171
 9 172
 5 173
 8 174
 12 175
 6 176
 5 177
 5 178
 5 179
 9 180
 6 181
 4 182
 3 183
 3 184
 3 185
 0 186
 4 187
 2 188
 2 189
 4 190
 5 191
 3 192
 5 193
 2 194
 0 195
 0 196
 3 197
 4 198
 2 199
 2 200
 1 201
 0 202
 1 203
 0 204
 0 205
 0 206
 0 207
 0 208
 0 209
 0 210
 1 211
 1 212
 0 213
 0 214
 0 215
 1 216
 0 217
 0 218
 0 219
 0 220
 0 221
 1 222
 0 223
 0 224
 0 225
 0 226
 1 227
 0 228
 1 229
 0 230
 0 231
 0 232
 0 233
 0 234
 0 235
 0 236
 0 237
 0 238
 0 239
 0 240
 2 241
 0 242
 0 243
 0 244
 0 245
 0 246
 0 247
 0 248
 0 249
 0 250
 0 251
 0 252
 0 253
 0 254
 0 255
 0 256
 0 257
 0 258
 1 259
 0 260
 0 261
 0 262
 0 263
 0 264
 0 265
 0 266
 0 267
 0 268
 0 269
 0 270
 0 271
 0 272
 0 273
 0 274
 0 275
 0 276
 0 277
 0 278
 0 279
 0 280
 0 281
 0 282
 0 283
 0 284
 1 285
 0 286
 0 287
 0 288
 0 289
 0 290
 0 291
 0 292
 0 293
 1 294
 0 295
 0 296
 0 297
 0 298
 0 299
 0 300
 3 301
 0 302
 2 303
 2 304
 0 305
 0 306
 2 307
 0 308
 0 309
 1 310
 2 311
 1 312
 1 313
 0 314
 0 315
 2 316
 1 317
 1 318
 1 319
 1 320
 0 321
 2 322
 3 323
 1 324
 1 325
 0 326
 1 327
 0 328
 2 329
 1 330
 0 331
 0 332
 3 333
 2 334
 2 335
 5 336
 3 337
 1 338
 1 339
 0 340
 2 341
 3 342
 0 343
 0 344
 3 345
 3 346
 1 347
 0 348
 0 349
 2 350
 1 351
 0 352
 0 353
 2 354
 1 355
 0 356
 0 357
 0 358
 0 359
 1 360
 1 361
 1 362
 1 363
 2 364
 1 365
 2 366
 1 367
 0 368
 0 369
 0 370
 1 371
 0 372
 1 373
 1 374
 1 375
 1 376
 0 377
 0 378
 1 379
 0 380
 1 381
 0 382
 0 383
 1 384
 1 385
 1 386
 0 387
 1 388
 0 389
 0 390
 0 391
 1 392
 1 393
 0 394
 0 395
 0 396
 1 397
 0 398
 0 399
 0 400
 0 401
 1 402
 0 403
 1 404
 0 405
 0 406
 0 407
 0 408
 0 409
 0 410
 0 411
 0 412
 0 413
 0 414
 0 415
 0 416
 0 417
 0 418
 0 419
 0 420
 0 421
 1 422
 0 423
 0 424
 0 425
 0 426
 0 427
 0 428
 0 429
 0 430
 0 431
 0 432
 0 433
 0 434
 0 435
 0 436
 0 437
 0 438
 0 439
 0 440
 0 441
 0 442
 0 443
 0 444
 0 445
 0 446
 0 447
 0 448
 0 449
 0 450
 0 451
 0 452
 0 453
 0 454
 0 455
 0 456
 0 457
 0 458
 0 459
 0 460
 0 461
 0 462
 0 463
 0 464
 0 465
 0 466
 0 467
 0 468
 0 469
 0 470
 0 471
 0 472
 0 473
 0 474
 0 475
 0 476
 0 477
 0 478
 0 479
 0 480
 0 481
 0 482
 0 483
 0 484
 0 485
 0 486
 0 487
 0 488
 0 489
 0 490
 0 491
 0 492
 0 493
 0 494
 0 495
 0 496
 0 497
 0 498
 0 499
 0 500
 0 501
 0 502
 0 503
 0 504
 0 505
 0 506
 0 507
 0 508
 0 509
 0 510
 0 511
 0 512
 0 513
 0 514
 0 515
 0 516
 0 517
 0 518
 0 519
 0 520
 0 521
 0 522
 0 523
 0 524
 0 525
 0 526
 0 527
 0 528
 0 529
 0 530
 0 531
 0 532
 0 533
 0 534
 0 535
 0 536
 0 537
 0 538
 0 539
 0 540
 0 541
 0 542
 0 543
 0 544
 0 545
 0 546
 0 547
 0 548
 0 549
 0 550
 0 551
 0 552
 0 553
 0 554
 0 555
 0 556
 0 557
 0 558
 0 559
 0 560
 0 561
 0 562
 0 563
 0 564
 0 565
 0 566
 0 567
 0 568
 0 569
 0 570
 0 571
 0 572
 0 573
 0 574
 0 575
 0 576
 0 577
 0 578
 0 579
 0 580
 0 581
 0 582
 0 583
 0 584
 0 585
 0 586
 0 587
 0 588
 0 589
 0 590
 0 591
 0 592
 0 593
 0 594
 0 595
 0 596
 0 597
 0 598
 0 599
 0 600


