# Created by Octave 3.8.2, Mon Jun 22 20:25:53 2020 CEST <damian@fptrucha.inv.usc.es>
# name: hd
# type: matrix
# rows: 551
# columns: 2
 0 50
 0 51
 0 52
 0 53
 0 54
 0 55
 0 56
 0 57
 0 58
 0 59
 0 60
 0 61
 0 62
 0 63
 0 64
 0 65
 0 66
 0 67
 0 68
 0 69
 0 70
 0 71
 0 72
 0 73
 0 74
 0 75
 0 76
 0 77
 0 78
 0 79
 0 80
 0 81
 0 82
 0 83
 0 84
 0 85
 0 86
 0 87
 0 88
 0 89
 2 90
 9 91
 34 92
 86 93
 204 94
 378 95
 532 96
 650 97
 845 98
 1070 99
 1397 100
 1542 101
 1549 102
 1621 103
 1634 104
 1619 105
 1557 106
 1656 107
 1544 108
 1427 109
 1467 110
 1344 111
 1216 112
 1125 113
 1050 114
 972 115
 908 116
 834 117
 800 118
 699 119
 599 120
 555 121
 496 122
 467 123
 415 124
 370 125
 347 126
 302 127
 249 128
 280 129
 251 130
 199 131
 200 132
 184 133
 159 134
 145 135
 133 136
 99 137
 104 138
 91 139
 99 140
 74 141
 90 142
 75 143
 78 144
 69 145
 49 146
 55 147
 45 148
 41 149
 45 150
 34 151
 37 152
 40 153
 40 154
 32 155
 37 156
 33 157
 25 158
 35 159
 20 160
 33 161
 22 162
 21 163
 25 164
 21 165
 25 166
 18 167
 19 168
 13 169
 19 170
 9 171
 14 172
 16 173
 6 174
 8 175
 6 176
 9 177
 7 178
 7 179
 6 180
 5 181
 4 182
 3 183
 5 184
 6 185
 3 186
 5 187
 4 188
 6 189
 5 190
 2 191
 4 192
 2 193
 3 194
 1 195
 4 196
 1 197
 1 198
 0 199
 0 200
 2 201
 1 202
 0 203
 2 204
 0 205
 1 206
 1 207
 1 208
 0 209
 0 210
 2 211
 2 212
 0 213
 1 214
 0 215
 1 216
 0 217
 2 218
 0 219
 0 220
 0 221
 0 222
 0 223
 0 224
 0 225
 0 226
 0 227
 0 228
 0 229
 0 230
 0 231
 0 232
 0 233
 0 234
 0 235
 0 236
 0 237
 0 238
 0 239
 0 240
 0 241
 0 242
 0 243
 0 244
 0 245
 1 246
 0 247
 0 248
 0 249
 0 250
 0 251
 0 252
 0 253
 0 254
 0 255
 0 256
 0 257
 0 258
 0 259
 0 260
 0 261
 0 262
 0 263
 0 264
 1 265
 1 266
 0 267
 0 268
 0 269
 0 270
 0 271
 0 272
 0 273
 0 274
 1 275
 0 276
 0 277
 0 278
 0 279
 0 280
 0 281
 0 282
 0 283
 0 284
 0 285
 0 286
 0 287
 0 288
 0 289
 0 290
 2 291
 0 292
 0 293
 0 294
 0 295
 1 296
 0 297
 0 298
 0 299
 1 300
 3 301
 0 302
 1 303
 2 304
 2 305
 1 306
 0 307
 1 308
 1 309
 2 310
 0 311
 1 312
 3 313
 3 314
 0 315
 1 316
 2 317
 2 318
 2 319
 2 320
 3 321
 3 322
 4 323
 4 324
 2 325
 1 326
 0 327
 1 328
 0 329
 0 330
 1 331
 1 332
 1 333
 0 334
 1 335
 1 336
 1 337
 2 338
 4 339
 0 340
 2 341
 2 342
 0 343
 2 344
 1 345
 2 346
 1 347
 2 348
 0 349
 0 350
 0 351
 1 352
 0 353
 1 354
 5 355
 1 356
 2 357
 1 358
 1 359
 2 360
 1 361
 0 362
 0 363
 0 364
 0 365
 1 366
 0 367
 1 368
 0 369
 2 370
 0 371
 1 372
 1 373
 0 374
 1 375
 1 376
 1 377
 1 378
 0 379
 0 380
 0 381
 1 382
 1 383
 0 384
 0 385
 1 386
 2 387
 0 388
 1 389
 1 390
 0 391
 0 392
 0 393
 0 394
 2 395
 0 396
 0 397
 1 398
 1 399
 0 400
 0 401
 0 402
 0 403
 0 404
 0 405
 1 406
 0 407
 0 408
 0 409
 0 410
 1 411
 0 412
 0 413
 0 414
 0 415
 0 416
 0 417
 0 418
 0 419
 0 420
 0 421
 0 422
 0 423
 0 424
 0 425
 0 426
 0 427
 0 428
 0 429
 0 430
 1 431
 0 432
 0 433
 0 434
 0 435
 0 436
 0 437
 0 438
 0 439
 0 440
 0 441
 0 442
 0 443
 0 444
 0 445
 0 446
 0 447
 0 448
 0 449
 0 450
 0 451
 0 452
 0 453
 0 454
 0 455
 0 456
 0 457
 0 458
 0 459
 0 460
 0 461
 0 462
 0 463
 0 464
 0 465
 0 466
 0 467
 0 468
 0 469
 0 470
 0 471
 0 472
 0 473
 0 474
 0 475
 0 476
 0 477
 0 478
 0 479
 0 480
 0 481
 0 482
 0 483
 0 484
 0 485
 0 486
 0 487
 0 488
 0 489
 0 490
 0 491
 0 492
 0 493
 0 494
 0 495
 0 496
 0 497
 0 498
 0 499
 0 500
 0 501
 0 502
 0 503
 0 504
 0 505
 0 506
 0 507
 0 508
 0 509
 0 510
 0 511
 0 512
 0 513
 0 514
 0 515
 0 516
 0 517
 0 518
 0 519
 0 520
 0 521
 0 522
 0 523
 0 524
 0 525
 0 526
 0 527
 0 528
 0 529
 0 530
 0 531
 0 532
 0 533
 0 534
 0 535
 0 536
 0 537
 0 538
 0 539
 0 540
 0 541
 0 542
 0 543
 0 544
 0 545
 0 546
 0 547
 0 548
 0 549
 0 550
 0 551
 0 552
 0 553
 0 554
 0 555
 0 556
 0 557
 0 558
 0 559
 0 560
 0 561
 0 562
 0 563
 0 564
 0 565
 0 566
 0 567
 0 568
 0 569
 0 570
 0 571
 0 572
 0 573
 0 574
 0 575
 0 576
 0 577
 0 578
 0 579
 0 580
 0 581
 0 582
 0 583
 0 584
 0 585
 0 586
 0 587
 0 588
 0 589
 0 590
 0 591
 0 592
 0 593
 0 594
 0 595
 0 596
 0 597
 0 598
 0 599
 0 600


