# Created by Octave 3.8.2, Mon Jun 22 14:37:28 2020 CEST <damian@fptrucha.inv.usc.es>
# name: hd
# type: matrix
# rows: 551
# columns: 2
 0 50
 0 51
 0 52
 0 53
 0 54
 0 55
 0 56
 0 57
 0 58
 0 59
 0 60
 0 61
 0 62
 0 63
 0 64
 0 65
 0 66
 0 67
 0 68
 0 69
 0 70
 0 71
 0 72
 0 73
 0 74
 0 75
 0 76
 0 77
 0 78
 0 79
 0 80
 0 81
 0 82
 0 83
 0 84
 0 85
 0 86
 0 87
 0 88
 1 89
 5 90
 8 91
 32 92
 102 93
 222 94
 404 95
 578 96
 640 97
 824 98
 1119 99
 1382 100
 1438 101
 1470 102
 1566 103
 1630 104
 1605 105
 1463 106
 1474 107
 1497 108
 1406 109
 1351 110
 1197 111
 1182 112
 1083 113
 1013 114
 999 115
 842 116
 738 117
 713 118
 598 119
 658 120
 473 121
 439 122
 420 123
 372 124
 364 125
 301 126
 273 127
 227 128
 204 129
 205 130
 176 131
 168 132
 157 133
 133 134
 137 135
 131 136
 96 137
 101 138
 94 139
 90 140
 79 141
 78 142
 66 143
 81 144
 65 145
 63 146
 71 147
 47 148
 52 149
 45 150
 50 151
 42 152
 41 153
 36 154
 37 155
 50 156
 41 157
 28 158
 31 159
 29 160
 17 161
 27 162
 24 163
 23 164
 15 165
 22 166
 17 167
 11 168
 11 169
 14 170
 11 171
 21 172
 17 173
 12 174
 8 175
 10 176
 9 177
 5 178
 13 179
 12 180
 10 181
 8 182
 5 183
 7 184
 6 185
 3 186
 7 187
 5 188
 4 189
 6 190
 1 191
 1 192
 1 193
 5 194
 3 195
 3 196
 4 197
 4 198
 3 199
 0 200
 1 201
 2 202
 1 203
 2 204
 5 205
 2 206
 2 207
 2 208
 0 209
 2 210
 0 211
 0 212
 1 213
 0 214
 0 215
 0 216
 0 217
 0 218
 1 219
 0 220
 0 221
 0 222
 1 223
 0 224
 1 225
 0 226
 0 227
 0 228
 1 229
 0 230
 1 231
 0 232
 0 233
 0 234
 0 235
 0 236
 0 237
 0 238
 1 239
 0 240
 0 241
 0 242
 0 243
 0 244
 0 245
 0 246
 0 247
 0 248
 0 249
 0 250
 0 251
 0 252
 0 253
 0 254
 0 255
 0 256
 0 257
 0 258
 0 259
 0 260
 0 261
 0 262
 0 263
 0 264
 0 265
 0 266
 0 267
 0 268
 0 269
 0 270
 0 271
 0 272
 0 273
 0 274
 0 275
 0 276
 0 277
 0 278
 0 279
 0 280
 0 281
 0 282
 0 283
 0 284
 0 285
 0 286
 0 287
 1 288
 0 289
 0 290
 0 291
 3 292
 0 293
 0 294
 1 295
 0 296
 2 297
 1 298
 3 299
 2 300
 0 301
 1 302
 1 303
 0 304
 0 305
 2 306
 1 307
 1 308
 2 309
 0 310
 1 311
 1 312
 2 313
 0 314
 2 315
 3 316
 2 317
 2 318
 2 319
 0 320
 1 321
 3 322
 3 323
 3 324
 0 325
 1 326
 4 327
 0 328
 2 329
 0 330
 2 331
 1 332
 0 333
 1 334
 3 335
 1 336
 0 337
 4 338
 2 339
 2 340
 2 341
 2 342
 3 343
 2 344
 1 345
 4 346
 0 347
 2 348
 1 349
 0 350
 0 351
 2 352
 0 353
 2 354
 0 355
 3 356
 1 357
 1 358
 2 359
 1 360
 0 361
 0 362
 1 363
 0 364
 0 365
 1 366
 2 367
 2 368
 1 369
 1 370
 3 371
 0 372
 0 373
 1 374
 0 375
 0 376
 2 377
 0 378
 0 379
 2 380
 1 381
 1 382
 0 383
 0 384
 1 385
 0 386
 1 387
 1 388
 1 389
 0 390
 1 391
 0 392
 0 393
 0 394
 0 395
 0 396
 0 397
 0 398
 0 399
 0 400
 0 401
 0 402
 0 403
 0 404
 0 405
 0 406
 0 407
 0 408
 0 409
 1 410
 0 411
 1 412
 0 413
 0 414
 0 415
 0 416
 0 417
 0 418
 0 419
 0 420
 0 421
 0 422
 0 423
 0 424
 0 425
 0 426
 0 427
 0 428
 0 429
 0 430
 0 431
 0 432
 0 433
 0 434
 0 435
 0 436
 0 437
 0 438
 0 439
 0 440
 0 441
 0 442
 0 443
 0 444
 0 445
 0 446
 0 447
 0 448
 0 449
 0 450
 0 451
 0 452
 0 453
 0 454
 0 455
 0 456
 0 457
 0 458
 0 459
 0 460
 0 461
 0 462
 0 463
 0 464
 0 465
 0 466
 0 467
 0 468
 0 469
 0 470
 0 471
 0 472
 0 473
 0 474
 0 475
 0 476
 0 477
 0 478
 0 479
 0 480
 0 481
 0 482
 0 483
 0 484
 0 485
 0 486
 0 487
 0 488
 0 489
 0 490
 0 491
 0 492
 0 493
 0 494
 0 495
 0 496
 0 497
 0 498
 0 499
 0 500
 0 501
 0 502
 0 503
 0 504
 0 505
 0 506
 0 507
 0 508
 0 509
 0 510
 0 511
 0 512
 0 513
 0 514
 0 515
 0 516
 0 517
 0 518
 0 519
 0 520
 0 521
 0 522
 0 523
 0 524
 0 525
 0 526
 0 527
 0 528
 0 529
 0 530
 0 531
 0 532
 0 533
 0 534
 0 535
 0 536
 0 537
 0 538
 0 539
 0 540
 0 541
 0 542
 0 543
 0 544
 0 545
 0 546
 0 547
 0 548
 0 549
 0 550
 0 551
 0 552
 0 553
 0 554
 0 555
 0 556
 0 557
 0 558
 0 559
 0 560
 0 561
 0 562
 0 563
 0 564
 0 565
 0 566
 0 567
 0 568
 0 569
 0 570
 0 571
 0 572
 0 573
 0 574
 0 575
 0 576
 0 577
 0 578
 0 579
 0 580
 0 581
 0 582
 0 583
 0 584
 0 585
 0 586
 0 587
 0 588
 0 589
 0 590
 0 591
 0 592
 0 593
 0 594
 0 595
 0 596
 0 597
 0 598
 0 599
 0 600


