# Created by Octave 3.8.2, Mon Jun 22 06:57:01 2020 CEST <damian@fptrucha.inv.usc.es>
# name: hd
# type: matrix
# rows: 551
# columns: 2
 0 50
 0 51
 0 52
 0 53
 0 54
 0 55
 0 56
 0 57
 0 58
 0 59
 0 60
 0 61
 0 62
 0 63
 0 64
 0 65
 0 66
 0 67
 0 68
 0 69
 0 70
 0 71
 0 72
 0 73
 0 74
 0 75
 0 76
 0 77
 0 78
 0 79
 0 80
 0 81
 0 82
 0 83
 0 84
 0 85
 0 86
 0 87
 0 88
 0 89
 1 90
 4 91
 21 92
 79 93
 154 94
 327 95
 515 96
 577 97
 727 98
 943 99
 1313 100
 1382 101
 1455 102
 1530 103
 1480 104
 1536 105
 1424 106
 1391 107
 1338 108
 1361 109
 1269 110
 1229 111
 1149 112
 1049 113
 997 114
 886 115
 785 116
 715 117
 663 118
 603 119
 589 120
 488 121
 436 122
 365 123
 382 124
 318 125
 320 126
 268 127
 239 128
 224 129
 219 130
 180 131
 131 132
 142 133
 152 134
 127 135
 123 136
 107 137
 99 138
 85 139
 88 140
 75 141
 76 142
 68 143
 64 144
 70 145
 59 146
 58 147
 50 148
 43 149
 48 150
 35 151
 45 152
 29 153
 34 154
 40 155
 29 156
 35 157
 22 158
 28 159
 33 160
 26 161
 23 162
 19 163
 26 164
 13 165
 9 166
 19 167
 12 168
 9 169
 19 170
 8 171
 12 172
 13 173
 13 174
 12 175
 8 176
 6 177
 7 178
 12 179
 9 180
 3 181
 9 182
 4 183
 2 184
 6 185
 3 186
 3 187
 6 188
 3 189
 4 190
 3 191
 2 192
 4 193
 1 194
 0 195
 0 196
 1 197
 2 198
 1 199
 2 200
 2 201
 0 202
 3 203
 0 204
 0 205
 0 206
 0 207
 2 208
 1 209
 0 210
 1 211
 0 212
 0 213
 2 214
 2 215
 0 216
 2 217
 1 218
 0 219
 0 220
 0 221
 1 222
 0 223
 0 224
 0 225
 0 226
 0 227
 0 228
 0 229
 0 230
 0 231
 0 232
 0 233
 0 234
 0 235
 0 236
 0 237
 0 238
 0 239
 0 240
 0 241
 1 242
 0 243
 0 244
 0 245
 0 246
 0 247
 0 248
 0 249
 0 250
 0 251
 0 252
 0 253
 0 254
 0 255
 0 256
 0 257
 0 258
 0 259
 0 260
 0 261
 0 262
 0 263
 0 264
 0 265
 0 266
 0 267
 0 268
 0 269
 0 270
 0 271
 0 272
 0 273
 0 274
 0 275
 0 276
 0 277
 0 278
 0 279
 0 280
 0 281
 0 282
 0 283
 0 284
 0 285
 0 286
 0 287
 0 288
 0 289
 0 290
 0 291
 0 292
 0 293
 0 294
 1 295
 1 296
 1 297
 0 298
 0 299
 0 300
 1 301
 1 302
 2 303
 1 304
 2 305
 0 306
 0 307
 2 308
 1 309
 1 310
 1 311
 1 312
 1 313
 0 314
 1 315
 0 316
 1 317
 2 318
 0 319
 1 320
 1 321
 0 322
 0 323
 1 324
 2 325
 2 326
 1 327
 1 328
 3 329
 4 330
 0 331
 2 332
 2 333
 3 334
 2 335
 3 336
 1 337
 1 338
 2 339
 1 340
 3 341
 1 342
 2 343
 1 344
 0 345
 4 346
 3 347
 3 348
 1 349
 2 350
 2 351
 2 352
 0 353
 2 354
 0 355
 3 356
 0 357
 1 358
 4 359
 2 360
 2 361
 2 362
 0 363
 0 364
 0 365
 1 366
 1 367
 1 368
 2 369
 2 370
 0 371
 2 372
 0 373
 1 374
 1 375
 0 376
 0 377
 2 378
 1 379
 2 380
 0 381
 0 382
 0 383
 0 384
 0 385
 1 386
 0 387
 0 388
 0 389
 1 390
 0 391
 0 392
 0 393
 1 394
 0 395
 0 396
 0 397
 0 398
 0 399
 1 400
 1 401
 0 402
 0 403
 0 404
 0 405
 0 406
 0 407
 0 408
 0 409
 0 410
 1 411
 0 412
 0 413
 0 414
 0 415
 0 416
 0 417
 0 418
 0 419
 0 420
 0 421
 0 422
 0 423
 0 424
 0 425
 0 426
 0 427
 0 428
 0 429
 0 430
 0 431
 0 432
 0 433
 0 434
 0 435
 0 436
 0 437
 0 438
 0 439
 0 440
 0 441
 0 442
 0 443
 0 444
 0 445
 0 446
 0 447
 0 448
 0 449
 0 450
 0 451
 0 452
 0 453
 0 454
 0 455
 0 456
 0 457
 0 458
 0 459
 0 460
 0 461
 0 462
 0 463
 0 464
 0 465
 0 466
 0 467
 0 468
 0 469
 0 470
 0 471
 0 472
 0 473
 0 474
 0 475
 0 476
 0 477
 0 478
 0 479
 0 480
 0 481
 0 482
 0 483
 0 484
 0 485
 0 486
 0 487
 0 488
 0 489
 0 490
 0 491
 0 492
 0 493
 0 494
 0 495
 0 496
 0 497
 0 498
 0 499
 0 500
 0 501
 0 502
 0 503
 0 504
 0 505
 0 506
 0 507
 0 508
 0 509
 0 510
 0 511
 0 512
 0 513
 0 514
 0 515
 0 516
 0 517
 0 518
 0 519
 0 520
 0 521
 0 522
 0 523
 0 524
 0 525
 0 526
 0 527
 0 528
 0 529
 0 530
 0 531
 0 532
 0 533
 0 534
 0 535
 0 536
 0 537
 0 538
 0 539
 0 540
 0 541
 0 542
 0 543
 0 544
 0 545
 0 546
 0 547
 0 548
 0 549
 0 550
 0 551
 0 552
 0 553
 0 554
 0 555
 0 556
 0 557
 0 558
 0 559
 0 560
 0 561
 0 562
 0 563
 0 564
 0 565
 0 566
 0 567
 0 568
 0 569
 0 570
 0 571
 0 572
 0 573
 0 574
 0 575
 0 576
 0 577
 0 578
 0 579
 0 580
 0 581
 0 582
 0 583
 0 584
 0 585
 0 586
 0 587
 0 588
 0 589
 0 590
 0 591
 0 592
 0 593
 0 594
 0 595
 0 596
 0 597
 0 598
 0 599
 0 600


