# Created by Octave 3.8.2, Mon Jun 22 17:15:03 2020 CEST <damian@fptrucha.inv.usc.es>
# name: hd
# type: matrix
# rows: 551
# columns: 2
 0 50
 0 51
 0 52
 0 53
 0 54
 0 55
 0 56
 0 57
 0 58
 0 59
 0 60
 0 61
 0 62
 0 63
 0 64
 0 65
 0 66
 0 67
 0 68
 0 69
 0 70
 0 71
 0 72
 0 73
 0 74
 0 75
 0 76
 0 77
 0 78
 0 79
 0 80
 0 81
 0 82
 0 83
 0 84
 0 85
 0 86
 0 87
 0 88
 0 89
 8 90
 17 91
 41 92
 89 93
 242 94
 453 95
 599 96
 707 97
 894 98
 1163 99
 1581 100
 1622 101
 1673 102
 1739 103
 1672 104
 1784 105
 1683 106
 1645 107
 1530 108
 1465 109
 1416 110
 1296 111
 1227 112
 1147 113
 995 114
 1006 115
 812 116
 772 117
 709 118
 620 119
 576 120
 533 121
 450 122
 383 123
 370 124
 361 125
 261 126
 260 127
 248 128
 213 129
 180 130
 167 131
 155 132
 149 133
 116 134
 129 135
 115 136
 115 137
 77 138
 80 139
 79 140
 79 141
 76 142
 62 143
 62 144
 53 145
 61 146
 43 147
 51 148
 34 149
 43 150
 34 151
 34 152
 34 153
 29 154
 23 155
 39 156
 31 157
 27 158
 27 159
 30 160
 25 161
 17 162
 23 163
 22 164
 13 165
 21 166
 6 167
 8 168
 18 169
 12 170
 8 171
 9 172
 8 173
 8 174
 4 175
 6 176
 8 177
 8 178
 5 179
 6 180
 3 181
 15 182
 5 183
 7 184
 2 185
 4 186
 3 187
 3 188
 3 189
 2 190
 3 191
 1 192
 0 193
 3 194
 4 195
 3 196
 0 197
 1 198
 2 199
 2 200
 2 201
 3 202
 2 203
 1 204
 0 205
 1 206
 1 207
 0 208
 0 209
 0 210
 1 211
 1 212
 0 213
 2 214
 0 215
 0 216
 0 217
 1 218
 1 219
 0 220
 0 221
 0 222
 0 223
 0 224
 1 225
 0 226
 1 227
 0 228
 0 229
 1 230
 1 231
 0 232
 0 233
 0 234
 0 235
 0 236
 0 237
 0 238
 0 239
 0 240
 0 241
 0 242
 0 243
 0 244
 0 245
 0 246
 0 247
 0 248
 0 249
 0 250
 0 251
 0 252
 0 253
 0 254
 0 255
 0 256
 0 257
 0 258
 0 259
 0 260
 0 261
 0 262
 0 263
 0 264
 0 265
 0 266
 0 267
 0 268
 0 269
 0 270
 0 271
 0 272
 0 273
 0 274
 0 275
 0 276
 0 277
 0 278
 0 279
 0 280
 0 281
 0 282
 1 283
 0 284
 0 285
 0 286
 0 287
 0 288
 0 289
 2 290
 0 291
 0 292
 0 293
 2 294
 1 295
 0 296
 0 297
 2 298
 1 299
 1 300
 0 301
 0 302
 2 303
 1 304
 0 305
 0 306
 2 307
 1 308
 1 309
 1 310
 2 311
 0 312
 0 313
 2 314
 1 315
 0 316
 2 317
 1 318
 2 319
 0 320
 0 321
 3 322
 0 323
 1 324
 1 325
 3 326
 0 327
 2 328
 0 329
 3 330
 1 331
 0 332
 0 333
 1 334
 2 335
 1 336
 0 337
 2 338
 1 339
 2 340
 2 341
 1 342
 1 343
 2 344
 1 345
 1 346
 1 347
 0 348
 0 349
 1 350
 0 351
 0 352
 1 353
 1 354
 0 355
 0 356
 2 357
 2 358
 1 359
 3 360
 2 361
 1 362
 1 363
 1 364
 1 365
 2 366
 2 367
 2 368
 0 369
 0 370
 0 371
 1 372
 1 373
 1 374
 0 375
 1 376
 1 377
 0 378
 0 379
 1 380
 1 381
 2 382
 0 383
 2 384
 0 385
 0 386
 0 387
 2 388
 2 389
 0 390
 0 391
 1 392
 0 393
 1 394
 0 395
 1 396
 0 397
 0 398
 0 399
 0 400
 0 401
 1 402
 0 403
 0 404
 0 405
 1 406
 0 407
 2 408
 0 409
 0 410
 0 411
 0 412
 0 413
 0 414
 0 415
 0 416
 0 417
 0 418
 0 419
 0 420
 0 421
 0 422
 0 423
 0 424
 0 425
 0 426
 0 427
 0 428
 0 429
 0 430
 0 431
 0 432
 0 433
 0 434
 0 435
 0 436
 0 437
 0 438
 0 439
 0 440
 0 441
 0 442
 0 443
 0 444
 0 445
 0 446
 0 447
 0 448
 0 449
 0 450
 0 451
 0 452
 0 453
 0 454
 0 455
 0 456
 0 457
 0 458
 0 459
 0 460
 0 461
 0 462
 0 463
 0 464
 0 465
 0 466
 0 467
 0 468
 0 469
 0 470
 0 471
 0 472
 0 473
 0 474
 0 475
 0 476
 0 477
 0 478
 0 479
 0 480
 0 481
 0 482
 0 483
 0 484
 0 485
 0 486
 0 487
 0 488
 0 489
 0 490
 0 491
 0 492
 0 493
 0 494
 0 495
 0 496
 0 497
 0 498
 0 499
 0 500
 0 501
 0 502
 0 503
 0 504
 0 505
 0 506
 0 507
 0 508
 0 509
 0 510
 0 511
 0 512
 0 513
 0 514
 0 515
 0 516
 0 517
 0 518
 0 519
 0 520
 0 521
 0 522
 0 523
 0 524
 0 525
 0 526
 0 527
 0 528
 0 529
 0 530
 0 531
 0 532
 0 533
 0 534
 0 535
 0 536
 0 537
 0 538
 0 539
 0 540
 0 541
 0 542
 0 543
 0 544
 0 545
 0 546
 0 547
 0 548
 0 549
 0 550
 0 551
 0 552
 0 553
 0 554
 0 555
 0 556
 0 557
 0 558
 0 559
 0 560
 0 561
 0 562
 0 563
 0 564
 0 565
 0 566
 0 567
 0 568
 0 569
 0 570
 0 571
 0 572
 0 573
 0 574
 0 575
 0 576
 0 577
 0 578
 0 579
 0 580
 0 581
 0 582
 0 583
 0 584
 0 585
 0 586
 0 587
 0 588
 0 589
 0 590
 0 591
 0 592
 0 593
 0 594
 0 595
 0 596
 0 597
 0 598
 0 599
 0 600


