# Created by Octave 3.8.2, Sat Jun 20 10:23:31 2020 CEST <damian@fptrucha.inv.usc.es>
# name: hd
# type: matrix
# rows: 551
# columns: 2
 0 50
 0 51
 0 52
 0 53
 0 54
 0 55
 0 56
 0 57
 0 58
 0 59
 0 60
 0 61
 0 62
 0 63
 0 64
 0 65
 0 66
 0 67
 0 68
 0 69
 0 70
 0 71
 0 72
 0 73
 0 74
 0 75
 0 76
 0 77
 0 78
 0 79
 0 80
 0 81
 0 82
 0 83
 0 84
 0 85
 0 86
 0 87
 0 88
 2 89
 11 90
 23 91
 52 92
 142 93
 285 94
 514 95
 565 96
 707 97
 1024 98
 1236 99
 1419 100
 1590 101
 1647 102
 1637 103
 1617 104
 1620 105
 1673 106
 1632 107
 1533 108
 1506 109
 1472 110
 1434 111
 1332 112
 1208 113
 1139 114
 1077 115
 1015 116
 901 117
 839 118
 817 119
 653 120
 640 121
 584 122
 501 123
 472 124
 418 125
 365 126
 347 127
 314 128
 296 129
 276 130
 238 131
 207 132
 184 133
 179 134
 164 135
 137 136
 151 137
 131 138
 111 139
 112 140
 86 141
 75 142
 71 143
 59 144
 93 145
 68 146
 51 147
 59 148
 46 149
 47 150
 44 151
 39 152
 32 153
 37 154
 38 155
 36 156
 20 157
 31 158
 28 159
 23 160
 30 161
 25 162
 20 163
 16 164
 10 165
 18 166
 9 167
 20 168
 13 169
 10 170
 14 171
 13 172
 11 173
 10 174
 8 175
 10 176
 12 177
 4 178
 11 179
 4 180
 8 181
 7 182
 6 183
 2 184
 3 185
 2 186
 4 187
 3 188
 3 189
 4 190
 2 191
 0 192
 0 193
 1 194
 2 195
 2 196
 0 197
 0 198
 0 199
 0 200
 0 201
 0 202
 0 203
 1 204
 0 205
 1 206
 0 207
 0 208
 2 209
 0 210
 0 211
 0 212
 0 213
 0 214
 1 215
 0 216
 0 217
 0 218
 0 219
 1 220
 0 221
 0 222
 0 223
 0 224
 0 225
 0 226
 0 227
 0 228
 1 229
 0 230
 0 231
 0 232
 1 233
 0 234
 0 235
 0 236
 1 237
 0 238
 0 239
 0 240
 0 241
 0 242
 0 243
 0 244
 0 245
 0 246
 0 247
 0 248
 0 249
 0 250
 0 251
 0 252
 0 253
 0 254
 0 255
 0 256
 0 257
 0 258
 0 259
 0 260
 0 261
 0 262
 0 263
 0 264
 0 265
 0 266
 0 267
 0 268
 0 269
 0 270
 0 271
 0 272
 1 273
 0 274
 0 275
 0 276
 0 277
 0 278
 0 279
 0 280
 0 281
 1 282
 0 283
 0 284
 2 285
 0 286
 0 287
 0 288
 0 289
 0 290
 1 291
 1 292
 2 293
 0 294
 0 295
 1 296
 0 297
 3 298
 0 299
 0 300
 0 301
 0 302
 1 303
 0 304
 1 305
 1 306
 2 307
 0 308
 0 309
 0 310
 0 311
 0 312
 0 313
 0 314
 2 315
 2 316
 3 317
 1 318
 1 319
 1 320
 3 321
 1 322
 3 323
 0 324
 1 325
 4 326
 0 327
 0 328
 1 329
 1 330
 0 331
 4 332
 3 333
 1 334
 3 335
 1 336
 4 337
 2 338
 5 339
 0 340
 3 341
 2 342
 1 343
 2 344
 0 345
 2 346
 2 347
 1 348
 2 349
 1 350
 1 351
 0 352
 1 353
 0 354
 2 355
 0 356
 0 357
 1 358
 1 359
 1 360
 0 361
 2 362
 1 363
 0 364
 0 365
 3 366
 2 367
 1 368
 1 369
 0 370
 0 371
 3 372
 1 373
 0 374
 0 375
 0 376
 2 377
 0 378
 0 379
 0 380
 0 381
 0 382
 1 383
 0 384
 0 385
 0 386
 0 387
 0 388
 0 389
 0 390
 0 391
 0 392
 0 393
 1 394
 0 395
 0 396
 0 397
 0 398
 0 399
 0 400
 0 401
 0 402
 0 403
 0 404
 1 405
 0 406
 0 407
 0 408
 0 409
 0 410
 0 411
 0 412
 0 413
 0 414
 0 415
 0 416
 0 417
 0 418
 0 419
 0 420
 0 421
 0 422
 0 423
 0 424
 0 425
 0 426
 0 427
 0 428
 0 429
 0 430
 0 431
 0 432
 0 433
 0 434
 0 435
 0 436
 0 437
 0 438
 0 439
 0 440
 1 441
 0 442
 0 443
 0 444
 0 445
 0 446
 0 447
 0 448
 0 449
 0 450
 0 451
 0 452
 0 453
 0 454
 0 455
 0 456
 0 457
 0 458
 0 459
 0 460
 0 461
 0 462
 0 463
 0 464
 0 465
 0 466
 0 467
 0 468
 0 469
 0 470
 0 471
 0 472
 0 473
 0 474
 0 475
 0 476
 0 477
 0 478
 0 479
 0 480
 0 481
 0 482
 0 483
 0 484
 0 485
 0 486
 0 487
 0 488
 0 489
 0 490
 0 491
 0 492
 0 493
 0 494
 0 495
 0 496
 0 497
 0 498
 0 499
 0 500
 0 501
 0 502
 0 503
 0 504
 0 505
 0 506
 0 507
 0 508
 0 509
 0 510
 0 511
 0 512
 0 513
 0 514
 0 515
 0 516
 0 517
 0 518
 0 519
 0 520
 0 521
 0 522
 0 523
 0 524
 0 525
 0 526
 0 527
 0 528
 0 529
 0 530
 0 531
 0 532
 0 533
 0 534
 0 535
 0 536
 0 537
 0 538
 0 539
 0 540
 0 541
 0 542
 0 543
 0 544
 0 545
 0 546
 0 547
 0 548
 0 549
 0 550
 0 551
 0 552
 0 553
 0 554
 0 555
 0 556
 0 557
 0 558
 0 559
 0 560
 0 561
 0 562
 0 563
 0 564
 0 565
 0 566
 0 567
 0 568
 0 569
 0 570
 0 571
 0 572
 0 573
 0 574
 0 575
 0 576
 0 577
 0 578
 0 579
 0 580
 0 581
 0 582
 0 583
 0 584
 0 585
 0 586
 0 587
 0 588
 0 589
 0 590
 0 591
 0 592
 0 593
 0 594
 0 595
 0 596
 0 597
 0 598
 0 599
 0 600


