# Created by Octave 3.8.2, Mon Jun 22 11:35:47 2020 CEST <damian@fptrucha.inv.usc.es>
# name: hd
# type: matrix
# rows: 551
# columns: 2
 0 50
 0 51
 0 52
 0 53
 0 54
 0 55
 0 56
 0 57
 0 58
 0 59
 0 60
 0 61
 0 62
 0 63
 0 64
 0 65
 0 66
 0 67
 0 68
 0 69
 0 70
 0 71
 0 72
 0 73
 0 74
 0 75
 0 76
 0 77
 0 78
 0 79
 0 80
 0 81
 0 82
 0 83
 0 84
 0 85
 0 86
 0 87
 0 88
 0 89
 5 90
 7 91
 22 92
 93 93
 211 94
 394 95
 539 96
 615 97
 753 98
 1083 99
 1404 100
 1375 101
 1434 102
 1604 103
 1594 104
 1618 105
 1508 106
 1618 107
 1419 108
 1361 109
 1318 110
 1167 111
 1180 112
 1068 113
 932 114
 938 115
 833 116
 733 117
 669 118
 637 119
 557 120
 478 121
 495 122
 432 123
 408 124
 334 125
 308 126
 289 127
 249 128
 240 129
 192 130
 234 131
 145 132
 148 133
 158 134
 131 135
 122 136
 102 137
 104 138
 73 139
 96 140
 86 141
 95 142
 76 143
 73 144
 57 145
 66 146
 56 147
 48 148
 53 149
 44 150
 39 151
 45 152
 38 153
 29 154
 22 155
 35 156
 30 157
 37 158
 31 159
 20 160
 23 161
 22 162
 27 163
 18 164
 13 165
 13 166
 9 167
 9 168
 19 169
 18 170
 15 171
 9 172
 11 173
 7 174
 11 175
 6 176
 5 177
 11 178
 9 179
 6 180
 6 181
 3 182
 5 183
 5 184
 6 185
 5 186
 5 187
 4 188
 2 189
 3 190
 2 191
 3 192
 1 193
 4 194
 3 195
 3 196
 0 197
 1 198
 0 199
 0 200
 2 201
 1 202
 2 203
 2 204
 1 205
 0 206
 0 207
 0 208
 0 209
 0 210
 1 211
 0 212
 0 213
 0 214
 1 215
 0 216
 0 217
 0 218
 0 219
 0 220
 0 221
 0 222
 0 223
 0 224
 0 225
 1 226
 0 227
 0 228
 0 229
 1 230
 0 231
 0 232
 0 233
 0 234
 0 235
 0 236
 0 237
 0 238
 0 239
 0 240
 0 241
 0 242
 0 243
 0 244
 0 245
 0 246
 0 247
 0 248
 0 249
 0 250
 0 251
 0 252
 0 253
 0 254
 0 255
 0 256
 0 257
 0 258
 0 259
 0 260
 0 261
 0 262
 0 263
 0 264
 0 265
 0 266
 0 267
 0 268
 0 269
 0 270
 0 271
 0 272
 0 273
 0 274
 0 275
 0 276
 0 277
 0 278
 0 279
 0 280
 0 281
 0 282
 0 283
 0 284
 0 285
 0 286
 0 287
 1 288
 1 289
 0 290
 0 291
 0 292
 0 293
 0 294
 0 295
 1 296
 3 297
 0 298
 0 299
 1 300
 0 301
 1 302
 0 303
 2 304
 0 305
 1 306
 0 307
 3 308
 0 309
 1 310
 1 311
 1 312
 0 313
 3 314
 0 315
 3 316
 0 317
 3 318
 2 319
 0 320
 0 321
 1 322
 1 323
 5 324
 1 325
 4 326
 2 327
 1 328
 1 329
 0 330
 1 331
 2 332
 5 333
 0 334
 0 335
 3 336
 0 337
 0 338
 3 339
 2 340
 0 341
 2 342
 0 343
 0 344
 0 345
 2 346
 0 347
 0 348
 2 349
 0 350
 2 351
 1 352
 3 353
 1 354
 2 355
 1 356
 1 357
 0 358
 0 359
 1 360
 0 361
 0 362
 2 363
 0 364
 3 365
 2 366
 1 367
 0 368
 0 369
 1 370
 2 371
 0 372
 3 373
 0 374
 1 375
 1 376
 0 377
 0 378
 0 379
 0 380
 0 381
 0 382
 1 383
 0 384
 2 385
 2 386
 0 387
 0 388
 1 389
 1 390
 0 391
 1 392
 0 393
 0 394
 0 395
 0 396
 0 397
 0 398
 0 399
 1 400
 0 401
 0 402
 1 403
 0 404
 0 405
 0 406
 0 407
 0 408
 0 409
 0 410
 0 411
 0 412
 0 413
 0 414
 0 415
 0 416
 0 417
 0 418
 0 419
 0 420
 0 421
 0 422
 0 423
 0 424
 0 425
 0 426
 0 427
 0 428
 0 429
 0 430
 0 431
 0 432
 0 433
 0 434
 0 435
 0 436
 0 437
 0 438
 0 439
 0 440
 0 441
 0 442
 0 443
 0 444
 0 445
 0 446
 0 447
 0 448
 0 449
 0 450
 0 451
 0 452
 0 453
 0 454
 0 455
 0 456
 0 457
 0 458
 0 459
 0 460
 0 461
 0 462
 0 463
 0 464
 0 465
 0 466
 0 467
 0 468
 0 469
 0 470
 0 471
 0 472
 0 473
 0 474
 0 475
 0 476
 0 477
 0 478
 0 479
 0 480
 0 481
 0 482
 0 483
 0 484
 0 485
 0 486
 0 487
 0 488
 0 489
 0 490
 0 491
 0 492
 0 493
 0 494
 0 495
 0 496
 0 497
 0 498
 0 499
 0 500
 0 501
 0 502
 0 503
 0 504
 0 505
 0 506
 0 507
 0 508
 0 509
 0 510
 0 511
 0 512
 0 513
 0 514
 0 515
 0 516
 0 517
 0 518
 0 519
 0 520
 0 521
 0 522
 0 523
 0 524
 0 525
 0 526
 0 527
 0 528
 0 529
 0 530
 0 531
 0 532
 0 533
 0 534
 0 535
 0 536
 0 537
 0 538
 0 539
 0 540
 0 541
 0 542
 0 543
 0 544
 0 545
 0 546
 0 547
 0 548
 0 549
 0 550
 0 551
 0 552
 0 553
 0 554
 0 555
 0 556
 0 557
 0 558
 0 559
 0 560
 0 561
 0 562
 0 563
 0 564
 0 565
 0 566
 0 567
 0 568
 0 569
 0 570
 0 571
 0 572
 0 573
 0 574
 0 575
 0 576
 0 577
 0 578
 0 579
 0 580
 0 581
 0 582
 0 583
 0 584
 0 585
 0 586
 0 587
 0 588
 0 589
 0 590
 0 591
 0 592
 0 593
 0 594
 0 595
 0 596
 0 597
 0 598
 0 599
 0 600


