# Created by Octave 3.8.2, Mon Jun 22 14:22:29 2020 CEST <damian@fptrucha.inv.usc.es>
# name: hd
# type: matrix
# rows: 551
# columns: 2
 0 50
 0 51
 0 52
 0 53
 0 54
 0 55
 0 56
 0 57
 0 58
 0 59
 0 60
 0 61
 0 62
 0 63
 0 64
 0 65
 0 66
 0 67
 0 68
 0 69
 0 70
 0 71
 0 72
 0 73
 0 74
 0 75
 0 76
 0 77
 0 78
 0 79
 0 80
 0 81
 0 82
 0 83
 0 84
 0 85
 0 86
 0 87
 1 88
 1 89
 2 90
 11 91
 26 92
 97 93
 197 94
 431 95
 524 96
 661 97
 821 98
 1147 99
 1424 100
 1547 101
 1528 102
 1689 103
 1699 104
 1631 105
 1584 106
 1592 107
 1479 108
 1426 109
 1350 110
 1256 111
 1127 112
 1082 113
 989 114
 961 115
 807 116
 754 117
 661 118
 562 119
 576 120
 474 121
 443 122
 419 123
 373 124
 327 125
 312 126
 281 127
 237 128
 229 129
 200 130
 191 131
 184 132
 161 133
 148 134
 129 135
 127 136
 128 137
 103 138
 87 139
 107 140
 69 141
 81 142
 68 143
 69 144
 73 145
 45 146
 54 147
 39 148
 43 149
 51 150
 56 151
 35 152
 34 153
 33 154
 23 155
 30 156
 23 157
 30 158
 22 159
 36 160
 22 161
 19 162
 33 163
 19 164
 19 165
 17 166
 14 167
 8 168
 27 169
 10 170
 13 171
 15 172
 6 173
 17 174
 5 175
 4 176
 7 177
 8 178
 6 179
 7 180
 4 181
 5 182
 5 183
 4 184
 6 185
 6 186
 9 187
 2 188
 3 189
 3 190
 1 191
 1 192
 4 193
 3 194
 4 195
 3 196
 1 197
 3 198
 3 199
 0 200
 1 201
 1 202
 0 203
 0 204
 2 205
 2 206
 0 207
 1 208
 0 209
 1 210
 2 211
 1 212
 0 213
 1 214
 0 215
 1 216
 0 217
 0 218
 0 219
 0 220
 1 221
 0 222
 0 223
 0 224
 0 225
 0 226
 0 227
 1 228
 0 229
 0 230
 0 231
 0 232
 0 233
 0 234
 0 235
 0 236
 0 237
 0 238
 1 239
 0 240
 0 241
 0 242
 0 243
 0 244
 0 245
 0 246
 0 247
 0 248
 1 249
 0 250
 0 251
 0 252
 0 253
 0 254
 0 255
 0 256
 0 257
 0 258
 0 259
 0 260
 0 261
 0 262
 0 263
 0 264
 0 265
 0 266
 0 267
 0 268
 0 269
 0 270
 0 271
 0 272
 0 273
 0 274
 0 275
 1 276
 0 277
 0 278
 0 279
 0 280
 0 281
 1 282
 0 283
 0 284
 0 285
 1 286
 0 287
 0 288
 0 289
 0 290
 0 291
 0 292
 0 293
 1 294
 1 295
 0 296
 1 297
 0 298
 2 299
 2 300
 2 301
 0 302
 2 303
 0 304
 1 305
 0 306
 2 307
 3 308
 1 309
 1 310
 2 311
 1 312
 2 313
 1 314
 1 315
 2 316
 0 317
 1 318
 1 319
 1 320
 1 321
 3 322
 2 323
 1 324
 1 325
 0 326
 2 327
 1 328
 2 329
 1 330
 4 331
 2 332
 2 333
 1 334
 2 335
 3 336
 2 337
 2 338
 1 339
 2 340
 2 341
 2 342
 1 343
 2 344
 3 345
 1 346
 3 347
 0 348
 3 349
 1 350
 0 351
 1 352
 3 353
 2 354
 2 355
 1 356
 2 357
 1 358
 1 359
 1 360
 1 361
 0 362
 2 363
 2 364
 0 365
 0 366
 0 367
 2 368
 1 369
 0 370
 0 371
 0 372
 1 373
 0 374
 0 375
 0 376
 1 377
 0 378
 0 379
 1 380
 0 381
 2 382
 0 383
 0 384
 0 385
 0 386
 0 387
 0 388
 1 389
 0 390
 0 391
 0 392
 0 393
 1 394
 0 395
 0 396
 0 397
 1 398
 0 399
 1 400
 0 401
 0 402
 1 403
 0 404
 3 405
 0 406
 0 407
 0 408
 0 409
 0 410
 0 411
 0 412
 0 413
 0 414
 0 415
 0 416
 0 417
 0 418
 0 419
 0 420
 0 421
 0 422
 0 423
 0 424
 0 425
 0 426
 0 427
 0 428
 0 429
 0 430
 0 431
 0 432
 0 433
 0 434
 0 435
 0 436
 0 437
 0 438
 0 439
 0 440
 0 441
 0 442
 0 443
 0 444
 0 445
 0 446
 0 447
 0 448
 0 449
 0 450
 0 451
 0 452
 0 453
 0 454
 0 455
 0 456
 0 457
 0 458
 0 459
 0 460
 0 461
 0 462
 0 463
 0 464
 0 465
 0 466
 0 467
 0 468
 0 469
 0 470
 0 471
 0 472
 0 473
 0 474
 0 475
 0 476
 0 477
 0 478
 0 479
 0 480
 0 481
 0 482
 0 483
 0 484
 0 485
 0 486
 0 487
 0 488
 0 489
 0 490
 0 491
 0 492
 0 493
 0 494
 0 495
 0 496
 0 497
 0 498
 0 499
 0 500
 0 501
 0 502
 0 503
 0 504
 0 505
 0 506
 0 507
 0 508
 0 509
 0 510
 0 511
 0 512
 0 513
 0 514
 0 515
 0 516
 0 517
 0 518
 0 519
 0 520
 0 521
 0 522
 0 523
 0 524
 0 525
 0 526
 0 527
 0 528
 0 529
 0 530
 0 531
 0 532
 0 533
 0 534
 0 535
 0 536
 0 537
 0 538
 0 539
 0 540
 0 541
 0 542
 0 543
 0 544
 0 545
 0 546
 0 547
 0 548
 0 549
 0 550
 0 551
 0 552
 0 553
 0 554
 0 555
 0 556
 0 557
 0 558
 0 559
 0 560
 0 561
 0 562
 0 563
 0 564
 0 565
 0 566
 0 567
 0 568
 0 569
 0 570
 0 571
 0 572
 0 573
 0 574
 0 575
 0 576
 0 577
 0 578
 0 579
 0 580
 0 581
 0 582
 0 583
 0 584
 0 585
 0 586
 0 587
 0 588
 0 589
 0 590
 0 591
 0 592
 0 593
 0 594
 0 595
 0 596
 0 597
 0 598
 0 599
 0 600


