# Created by Octave 3.8.2, Sat Jun 20 16:43:12 2020 CEST <damian@fptrucha.inv.usc.es>
# name: hd
# type: matrix
# rows: 551
# columns: 2
 0 50
 0 51
 0 52
 0 53
 0 54
 0 55
 0 56
 0 57
 0 58
 0 59
 0 60
 0 61
 0 62
 0 63
 0 64
 0 65
 0 66
 0 67
 0 68
 0 69
 0 70
 0 71
 0 72
 0 73
 0 74
 0 75
 0 76
 0 77
 0 78
 0 79
 0 80
 0 81
 0 82
 0 83
 0 84
 0 85
 0 86
 0 87
 0 88
 1 89
 4 90
 15 91
 36 92
 115 93
 240 94
 366 95
 445 96
 608 97
 799 98
 1008 99
 1080 100
 1209 101
 1314 102
 1290 103
 1391 104
 1399 105
 1412 106
 1409 107
 1360 108
 1328 109
 1294 110
 1168 111
 1240 112
 1107 113
 1047 114
 1000 115
 905 116
 893 117
 816 118
 761 119
 694 120
 632 121
 565 122
 527 123
 464 124
 430 125
 390 126
 383 127
 331 128
 347 129
 284 130
 230 131
 223 132
 218 133
 191 134
 178 135
 165 136
 155 137
 170 138
 123 139
 109 140
 98 141
 105 142
 99 143
 81 144
 64 145
 69 146
 65 147
 61 148
 74 149
 57 150
 49 151
 29 152
 42 153
 38 154
 28 155
 31 156
 37 157
 19 158
 31 159
 31 160
 19 161
 18 162
 24 163
 17 164
 23 165
 18 166
 15 167
 20 168
 15 169
 11 170
 12 171
 11 172
 11 173
 7 174
 6 175
 6 176
 8 177
 2 178
 7 179
 6 180
 6 181
 0 182
 7 183
 2 184
 4 185
 2 186
 3 187
 6 188
 8 189
 2 190
 0 191
 1 192
 0 193
 5 194
 1 195
 0 196
 5 197
 1 198
 0 199
 0 200
 3 201
 0 202
 3 203
 1 204
 1 205
 0 206
 0 207
 0 208
 2 209
 0 210
 1 211
 0 212
 0 213
 0 214
 0 215
 2 216
 1 217
 0 218
 0 219
 0 220
 0 221
 0 222
 0 223
 1 224
 0 225
 0 226
 0 227
 0 228
 0 229
 0 230
 1 231
 0 232
 1 233
 0 234
 0 235
 1 236
 0 237
 0 238
 0 239
 1 240
 0 241
 0 242
 1 243
 0 244
 0 245
 0 246
 0 247
 0 248
 0 249
 0 250
 0 251
 0 252
 0 253
 0 254
 0 255
 0 256
 0 257
 0 258
 1 259
 0 260
 0 261
 0 262
 0 263
 0 264
 0 265
 0 266
 0 267
 0 268
 0 269
 0 270
 0 271
 0 272
 0 273
 0 274
 0 275
 0 276
 0 277
 0 278
 0 279
 0 280
 0 281
 0 282
 0 283
 1 284
 0 285
 0 286
 1 287
 1 288
 0 289
 0 290
 1 291
 1 292
 0 293
 0 294
 2 295
 0 296
 0 297
 0 298
 0 299
 0 300
 0 301
 0 302
 1 303
 1 304
 2 305
 0 306
 0 307
 0 308
 3 309
 0 310
 2 311
 0 312
 2 313
 1 314
 0 315
 0 316
 1 317
 1 318
 1 319
 1 320
 2 321
 2 322
 3 323
 1 324
 3 325
 1 326
 2 327
 0 328
 1 329
 2 330
 0 331
 1 332
 2 333
 0 334
 2 335
 1 336
 1 337
 1 338
 2 339
 2 340
 2 341
 1 342
 3 343
 0 344
 0 345
 1 346
 1 347
 1 348
 1 349
 0 350
 0 351
 1 352
 2 353
 2 354
 1 355
 3 356
 1 357
 1 358
 3 359
 1 360
 3 361
 0 362
 1 363
 2 364
 0 365
 1 366
 2 367
 0 368
 1 369
 0 370
 2 371
 0 372
 1 373
 1 374
 0 375
 1 376
 0 377
 1 378
 0 379
 0 380
 0 381
 0 382
 2 383
 0 384
 2 385
 1 386
 0 387
 0 388
 0 389
 0 390
 1 391
 0 392
 1 393
 1 394
 0 395
 0 396
 1 397
 0 398
 1 399
 0 400
 1 401
 0 402
 0 403
 0 404
 0 405
 0 406
 1 407
 0 408
 0 409
 0 410
 0 411
 0 412
 0 413
 0 414
 0 415
 0 416
 0 417
 0 418
 0 419
 0 420
 0 421
 0 422
 0 423
 0 424
 0 425
 0 426
 0 427
 0 428
 0 429
 0 430
 0 431
 0 432
 0 433
 0 434
 0 435
 0 436
 0 437
 0 438
 0 439
 0 440
 0 441
 0 442
 0 443
 0 444
 0 445
 0 446
 0 447
 0 448
 0 449
 0 450
 0 451
 0 452
 0 453
 0 454
 0 455
 0 456
 0 457
 0 458
 0 459
 0 460
 0 461
 0 462
 0 463
 0 464
 0 465
 0 466
 0 467
 0 468
 0 469
 0 470
 0 471
 0 472
 0 473
 0 474
 0 475
 0 476
 0 477
 0 478
 0 479
 0 480
 0 481
 0 482
 0 483
 0 484
 0 485
 0 486
 0 487
 0 488
 0 489
 0 490
 0 491
 0 492
 0 493
 0 494
 0 495
 0 496
 0 497
 0 498
 0 499
 0 500
 0 501
 0 502
 0 503
 0 504
 0 505
 0 506
 0 507
 0 508
 0 509
 0 510
 0 511
 0 512
 0 513
 0 514
 0 515
 0 516
 0 517
 0 518
 0 519
 0 520
 0 521
 0 522
 0 523
 0 524
 0 525
 0 526
 0 527
 0 528
 0 529
 0 530
 0 531
 0 532
 0 533
 0 534
 0 535
 0 536
 0 537
 0 538
 0 539
 0 540
 0 541
 0 542
 0 543
 0 544
 0 545
 0 546
 0 547
 0 548
 0 549
 0 550
 0 551
 0 552
 0 553
 0 554
 0 555
 0 556
 0 557
 0 558
 0 559
 0 560
 0 561
 0 562
 0 563
 0 564
 0 565
 0 566
 0 567
 0 568
 0 569
 0 570
 0 571
 0 572
 0 573
 0 574
 0 575
 0 576
 0 577
 0 578
 0 579
 0 580
 0 581
 0 582
 0 583
 0 584
 0 585
 0 586
 0 587
 0 588
 0 589
 0 590
 0 591
 0 592
 0 593
 0 594
 0 595
 0 596
 0 597
 0 598
 0 599
 0 600


