# Created by Octave 3.8.2, Sun Jun 21 07:02:46 2020 CEST <damian@fptrucha.inv.usc.es>
# name: hd
# type: matrix
# rows: 551
# columns: 2
 0 50
 0 51
 0 52
 0 53
 0 54
 0 55
 0 56
 0 57
 0 58
 0 59
 0 60
 0 61
 0 62
 0 63
 0 64
 0 65
 0 66
 0 67
 0 68
 0 69
 0 70
 0 71
 0 72
 0 73
 0 74
 0 75
 0 76
 0 77
 0 78
 0 79
 0 80
 0 81
 0 82
 0 83
 0 84
 0 85
 0 86
 0 87
 0 88
 4 89
 8 90
 15 91
 55 92
 146 93
 301 94
 411 95
 504 96
 612 97
 834 98
 1087 99
 1121 100
 1202 101
 1272 102
 1246 103
 1399 104
 1373 105
 1428 106
 1365 107
 1349 108
 1317 109
 1321 110
 1192 111
 1201 112
 1086 113
 1036 114
 1046 115
 935 116
 813 117
 756 118
 677 119
 693 120
 559 121
 600 122
 525 123
 454 124
 445 125
 370 126
 389 127
 313 128
 264 129
 236 130
 269 131
 238 132
 208 133
 165 134
 154 135
 152 136
 123 137
 115 138
 114 139
 93 140
 74 141
 92 142
 75 143
 62 144
 73 145
 55 146
 54 147
 52 148
 36 149
 49 150
 45 151
 33 152
 39 153
 30 154
 34 155
 40 156
 25 157
 24 158
 28 159
 23 160
 23 161
 15 162
 21 163
 16 164
 12 165
 9 166
 9 167
 12 168
 11 169
 12 170
 14 171
 9 172
 5 173
 8 174
 9 175
 5 176
 7 177
 5 178
 2 179
 7 180
 7 181
 3 182
 1 183
 4 184
 3 185
 3 186
 3 187
 1 188
 4 189
 4 190
 2 191
 0 192
 1 193
 1 194
 1 195
 2 196
 0 197
 0 198
 0 199
 3 200
 1 201
 0 202
 0 203
 1 204
 1 205
 1 206
 0 207
 1 208
 0 209
 0 210
 1 211
 0 212
 0 213
 0 214
 0 215
 2 216
 0 217
 0 218
 1 219
 1 220
 0 221
 1 222
 0 223
 0 224
 0 225
 1 226
 2 227
 0 228
 0 229
 0 230
 0 231
 0 232
 0 233
 0 234
 0 235
 0 236
 0 237
 0 238
 1 239
 1 240
 0 241
 0 242
 0 243
 0 244
 0 245
 0 246
 0 247
 0 248
 0 249
 0 250
 1 251
 0 252
 0 253
 0 254
 0 255
 0 256
 0 257
 0 258
 0 259
 0 260
 0 261
 0 262
 0 263
 0 264
 0 265
 0 266
 0 267
 0 268
 0 269
 0 270
 0 271
 0 272
 0 273
 0 274
 0 275
 0 276
 0 277
 0 278
 0 279
 1 280
 0 281
 0 282
 0 283
 0 284
 0 285
 0 286
 0 287
 0 288
 1 289
 0 290
 1 291
 1 292
 0 293
 0 294
 0 295
 0 296
 0 297
 1 298
 0 299
 0 300
 0 301
 0 302
 1 303
 1 304
 0 305
 0 306
 2 307
 0 308
 1 309
 2 310
 0 311
 4 312
 0 313
 1 314
 1 315
 1 316
 0 317
 2 318
 2 319
 3 320
 1 321
 2 322
 1 323
 2 324
 1 325
 2 326
 0 327
 2 328
 2 329
 2 330
 1 331
 1 332
 1 333
 2 334
 1 335
 1 336
 2 337
 1 338
 0 339
 1 340
 2 341
 8 342
 1 343
 2 344
 1 345
 1 346
 1 347
 2 348
 0 349
 0 350
 1 351
 1 352
 2 353
 0 354
 0 355
 2 356
 0 357
 1 358
 0 359
 0 360
 3 361
 2 362
 2 363
 0 364
 2 365
 2 366
 0 367
 0 368
 2 369
 2 370
 0 371
 1 372
 1 373
 0 374
 0 375
 0 376
 0 377
 0 378
 1 379
 0 380
 1 381
 0 382
 0 383
 0 384
 0 385
 0 386
 1 387
 2 388
 0 389
 1 390
 1 391
 0 392
 0 393
 0 394
 0 395
 0 396
 0 397
 0 398
 0 399
 0 400
 0 401
 0 402
 0 403
 1 404
 0 405
 0 406
 0 407
 0 408
 0 409
 0 410
 0 411
 0 412
 0 413
 0 414
 1 415
 0 416
 0 417
 0 418
 0 419
 0 420
 0 421
 0 422
 0 423
 0 424
 0 425
 0 426
 0 427
 0 428
 0 429
 0 430
 0 431
 0 432
 0 433
 0 434
 0 435
 0 436
 0 437
 0 438
 0 439
 1 440
 0 441
 0 442
 0 443
 0 444
 0 445
 0 446
 0 447
 0 448
 0 449
 0 450
 0 451
 0 452
 0 453
 0 454
 0 455
 0 456
 0 457
 0 458
 0 459
 0 460
 0 461
 0 462
 0 463
 0 464
 0 465
 0 466
 0 467
 0 468
 0 469
 0 470
 0 471
 0 472
 0 473
 0 474
 0 475
 0 476
 0 477
 0 478
 0 479
 0 480
 0 481
 0 482
 0 483
 0 484
 0 485
 0 486
 0 487
 0 488
 0 489
 0 490
 0 491
 0 492
 0 493
 0 494
 0 495
 0 496
 0 497
 0 498
 0 499
 0 500
 0 501
 0 502
 0 503
 0 504
 0 505
 0 506
 0 507
 0 508
 0 509
 0 510
 0 511
 0 512
 0 513
 0 514
 0 515
 0 516
 0 517
 0 518
 0 519
 0 520
 0 521
 0 522
 0 523
 0 524
 0 525
 0 526
 0 527
 0 528
 0 529
 0 530
 0 531
 0 532
 0 533
 0 534
 0 535
 0 536
 0 537
 0 538
 0 539
 0 540
 0 541
 0 542
 0 543
 0 544
 0 545
 0 546
 0 547
 0 548
 0 549
 0 550
 0 551
 0 552
 0 553
 0 554
 0 555
 0 556
 0 557
 0 558
 0 559
 0 560
 0 561
 0 562
 0 563
 0 564
 0 565
 0 566
 0 567
 0 568
 0 569
 0 570
 0 571
 0 572
 0 573
 0 574
 0 575
 0 576
 0 577
 0 578
 0 579
 0 580
 0 581
 0 582
 0 583
 0 584
 0 585
 0 586
 0 587
 0 588
 0 589
 0 590
 0 591
 0 592
 0 593
 0 594
 0 595
 0 596
 0 597
 0 598
 0 599
 0 600


