# Created by Octave 3.8.2, Mon Jun 22 22:19:12 2020 CEST <damian@fptrucha.inv.usc.es>
# name: hd
# type: matrix
# rows: 551
# columns: 2
 0 50
 0 51
 0 52
 0 53
 0 54
 0 55
 0 56
 0 57
 0 58
 0 59
 0 60
 0 61
 0 62
 0 63
 0 64
 0 65
 0 66
 0 67
 0 68
 0 69
 0 70
 0 71
 0 72
 0 73
 0 74
 0 75
 0 76
 0 77
 0 78
 0 79
 0 80
 0 81
 0 82
 0 83
 0 84
 0 85
 0 86
 0 87
 0 88
 0 89
 4 90
 17 91
 46 92
 136 93
 275 94
 492 95
 637 96
 772 97
 935 98
 1219 99
 1543 100
 1724 101
 1672 102
 1769 103
 1700 104
 1704 105
 1651 106
 1688 107
 1559 108
 1447 109
 1420 110
 1305 111
 1296 112
 1048 113
 1025 114
 1026 115
 838 116
 812 117
 698 118
 625 119
 598 120
 534 121
 469 122
 402 123
 378 124
 359 125
 313 126
 309 127
 247 128
 225 129
 196 130
 216 131
 160 132
 168 133
 131 134
 133 135
 138 136
 94 137
 97 138
 97 139
 89 140
 93 141
 86 142
 66 143
 64 144
 66 145
 59 146
 63 147
 58 148
 53 149
 35 150
 49 151
 34 152
 34 153
 35 154
 36 155
 20 156
 30 157
 29 158
 25 159
 26 160
 20 161
 18 162
 26 163
 19 164
 18 165
 17 166
 25 167
 15 168
 17 169
 14 170
 7 171
 13 172
 4 173
 11 174
 5 175
 5 176
 5 177
 8 178
 6 179
 8 180
 4 181
 7 182
 3 183
 3 184
 4 185
 4 186
 5 187
 1 188
 3 189
 2 190
 4 191
 6 192
 1 193
 1 194
 1 195
 2 196
 2 197
 0 198
 0 199
 1 200
 1 201
 1 202
 0 203
 0 204
 1 205
 1 206
 2 207
 4 208
 1 209
 0 210
 1 211
 2 212
 0 213
 1 214
 0 215
 0 216
 2 217
 0 218
 1 219
 0 220
 0 221
 0 222
 1 223
 1 224
 0 225
 1 226
 0 227
 0 228
 0 229
 0 230
 0 231
 0 232
 0 233
 1 234
 0 235
 0 236
 0 237
 0 238
 0 239
 0 240
 0 241
 0 242
 0 243
 0 244
 0 245
 1 246
 0 247
 0 248
 0 249
 0 250
 0 251
 0 252
 0 253
 0 254
 0 255
 0 256
 0 257
 0 258
 0 259
 0 260
 0 261
 0 262
 0 263
 0 264
 0 265
 0 266
 0 267
 0 268
 0 269
 0 270
 0 271
 0 272
 0 273
 0 274
 0 275
 0 276
 0 277
 0 278
 0 279
 0 280
 0 281
 0 282
 0 283
 0 284
 0 285
 0 286
 0 287
 0 288
 1 289
 0 290
 1 291
 0 292
 1 293
 0 294
 0 295
 0 296
 0 297
 3 298
 0 299
 1 300
 2 301
 0 302
 1 303
 0 304
 0 305
 1 306
 1 307
 1 308
 1 309
 1 310
 3 311
 0 312
 2 313
 0 314
 2 315
 3 316
 1 317
 1 318
 2 319
 2 320
 0 321
 3 322
 1 323
 1 324
 3 325
 3 326
 0 327
 4 328
 0 329
 1 330
 1 331
 2 332
 0 333
 1 334
 3 335
 5 336
 0 337
 2 338
 1 339
 1 340
 1 341
 3 342
 1 343
 1 344
 0 345
 1 346
 1 347
 2 348
 0 349
 2 350
 4 351
 0 352
 4 353
 3 354
 0 355
 2 356
 0 357
 0 358
 4 359
 1 360
 0 361
 0 362
 1 363
 0 364
 3 365
 1 366
 3 367
 4 368
 0 369
 2 370
 0 371
 0 372
 3 373
 0 374
 1 375
 1 376
 0 377
 0 378
 3 379
 1 380
 0 381
 2 382
 0 383
 1 384
 0 385
 1 386
 0 387
 1 388
 0 389
 0 390
 1 391
 0 392
 0 393
 0 394
 0 395
 0 396
 0 397
 0 398
 1 399
 0 400
 0 401
 1 402
 0 403
 0 404
 0 405
 0 406
 0 407
 0 408
 0 409
 1 410
 0 411
 0 412
 0 413
 1 414
 0 415
 0 416
 0 417
 0 418
 0 419
 0 420
 0 421
 0 422
 0 423
 0 424
 0 425
 0 426
 0 427
 0 428
 0 429
 0 430
 0 431
 0 432
 0 433
 1 434
 0 435
 0 436
 0 437
 0 438
 0 439
 0 440
 0 441
 0 442
 0 443
 0 444
 0 445
 0 446
 0 447
 0 448
 0 449
 0 450
 0 451
 0 452
 0 453
 0 454
 0 455
 0 456
 0 457
 0 458
 0 459
 0 460
 0 461
 0 462
 0 463
 0 464
 0 465
 0 466
 0 467
 0 468
 0 469
 0 470
 0 471
 0 472
 0 473
 0 474
 0 475
 0 476
 0 477
 0 478
 0 479
 0 480
 0 481
 0 482
 0 483
 0 484
 0 485
 0 486
 0 487
 0 488
 0 489
 0 490
 0 491
 0 492
 0 493
 0 494
 0 495
 0 496
 0 497
 0 498
 0 499
 0 500
 0 501
 0 502
 0 503
 0 504
 0 505
 0 506
 0 507
 0 508
 0 509
 0 510
 0 511
 0 512
 0 513
 0 514
 0 515
 0 516
 0 517
 0 518
 0 519
 0 520
 0 521
 0 522
 0 523
 0 524
 0 525
 0 526
 0 527
 0 528
 0 529
 0 530
 0 531
 0 532
 0 533
 0 534
 0 535
 0 536
 0 537
 0 538
 0 539
 0 540
 0 541
 0 542
 0 543
 0 544
 0 545
 0 546
 0 547
 0 548
 0 549
 0 550
 0 551
 0 552
 0 553
 0 554
 0 555
 0 556
 0 557
 0 558
 0 559
 0 560
 0 561
 0 562
 0 563
 0 564
 0 565
 0 566
 0 567
 0 568
 0 569
 0 570
 0 571
 0 572
 0 573
 0 574
 0 575
 0 576
 0 577
 0 578
 0 579
 0 580
 0 581
 0 582
 0 583
 0 584
 0 585
 0 586
 0 587
 0 588
 0 589
 0 590
 0 591
 0 592
 0 593
 0 594
 0 595
 0 596
 0 597
 0 598
 0 599
 0 600


