# Created by Octave 3.8.2, Sat Jun 20 11:57:00 2020 CEST <damian@fptrucha.inv.usc.es>
# name: hd
# type: matrix
# rows: 551
# columns: 2
 0 50
 0 51
 0 52
 0 53
 0 54
 0 55
 0 56
 0 57
 0 58
 0 59
 0 60
 0 61
 0 62
 0 63
 0 64
 0 65
 0 66
 0 67
 0 68
 0 69
 0 70
 0 71
 0 72
 0 73
 0 74
 0 75
 0 76
 0 77
 0 78
 0 79
 0 80
 0 81
 0 82
 0 83
 0 84
 0 85
 0 86
 0 87
 1 88
 0 89
 11 90
 21 91
 57 92
 151 93
 309 94
 444 95
 530 96
 692 97
 933 98
 1222 99
 1341 100
 1388 101
 1538 102
 1560 103
 1612 104
 1579 105
 1594 106
 1542 107
 1532 108
 1451 109
 1366 110
 1341 111
 1327 112
 1224 113
 1184 114
 1024 115
 939 116
 901 117
 782 118
 782 119
 750 120
 646 121
 545 122
 536 123
 476 124
 483 125
 381 126
 379 127
 316 128
 290 129
 246 130
 228 131
 225 132
 215 133
 173 134
 164 135
 191 136
 140 137
 130 138
 93 139
 113 140
 93 141
 92 142
 87 143
 91 144
 66 145
 62 146
 57 147
 37 148
 47 149
 52 150
 45 151
 54 152
 47 153
 48 154
 37 155
 41 156
 39 157
 36 158
 28 159
 27 160
 26 161
 31 162
 30 163
 24 164
 14 165
 13 166
 15 167
 13 168
 14 169
 10 170
 3 171
 12 172
 6 173
 5 174
 9 175
 7 176
 5 177
 7 178
 6 179
 10 180
 3 181
 6 182
 3 183
 3 184
 4 185
 9 186
 3 187
 5 188
 3 189
 2 190
 3 191
 4 192
 0 193
 3 194
 2 195
 3 196
 1 197
 1 198
 2 199
 2 200
 0 201
 2 202
 0 203
 0 204
 1 205
 1 206
 0 207
 0 208
 1 209
 0 210
 1 211
 0 212
 0 213
 1 214
 0 215
 0 216
 0 217
 1 218
 0 219
 0 220
 0 221
 0 222
 0 223
 0 224
 0 225
 1 226
 1 227
 0 228
 0 229
 0 230
 0 231
 0 232
 0 233
 0 234
 0 235
 0 236
 0 237
 0 238
 0 239
 0 240
 0 241
 0 242
 0 243
 0 244
 0 245
 0 246
 0 247
 0 248
 0 249
 0 250
 0 251
 0 252
 0 253
 0 254
 0 255
 0 256
 0 257
 1 258
 0 259
 0 260
 0 261
 0 262
 0 263
 0 264
 0 265
 0 266
 0 267
 0 268
 0 269
 0 270
 0 271
 0 272
 0 273
 0 274
 0 275
 0 276
 0 277
 0 278
 0 279
 0 280
 0 281
 0 282
 0 283
 0 284
 0 285
 0 286
 0 287
 0 288
 0 289
 1 290
 0 291
 1 292
 0 293
 1 294
 1 295
 0 296
 0 297
 0 298
 0 299
 0 300
 0 301
 0 302
 2 303
 1 304
 0 305
 1 306
 1 307
 1 308
 1 309
 1 310
 1 311
 0 312
 2 313
 0 314
 1 315
 1 316
 1 317
 0 318
 1 319
 1 320
 1 321
 0 322
 1 323
 3 324
 1 325
 2 326
 2 327
 0 328
 2 329
 1 330
 3 331
 0 332
 2 333
 2 334
 3 335
 2 336
 1 337
 0 338
 2 339
 3 340
 1 341
 1 342
 1 343
 0 344
 0 345
 0 346
 1 347
 0 348
 0 349
 0 350
 0 351
 1 352
 0 353
 0 354
 2 355
 0 356
 0 357
 1 358
 4 359
 0 360
 0 361
 1 362
 0 363
 2 364
 0 365
 0 366
 0 367
 2 368
 1 369
 0 370
 0 371
 0 372
 2 373
 0 374
 0 375
 0 376
 1 377
 0 378
 0 379
 0 380
 1 381
 1 382
 0 383
 0 384
 0 385
 0 386
 0 387
 0 388
 1 389
 0 390
 0 391
 0 392
 0 393
 0 394
 0 395
 0 396
 0 397
 1 398
 0 399
 0 400
 1 401
 1 402
 0 403
 0 404
 0 405
 0 406
 0 407
 0 408
 0 409
 0 410
 0 411
 1 412
 0 413
 0 414
 0 415
 0 416
 0 417
 0 418
 0 419
 0 420
 0 421
 0 422
 0 423
 0 424
 1 425
 0 426
 0 427
 0 428
 0 429
 0 430
 0 431
 0 432
 0 433
 0 434
 0 435
 0 436
 0 437
 0 438
 0 439
 0 440
 0 441
 0 442
 0 443
 0 444
 0 445
 0 446
 0 447
 0 448
 0 449
 0 450
 0 451
 0 452
 0 453
 0 454
 0 455
 0 456
 0 457
 0 458
 0 459
 0 460
 0 461
 0 462
 0 463
 0 464
 0 465
 0 466
 0 467
 0 468
 0 469
 0 470
 0 471
 0 472
 0 473
 0 474
 0 475
 0 476
 0 477
 0 478
 0 479
 0 480
 0 481
 0 482
 0 483
 0 484
 0 485
 0 486
 0 487
 0 488
 0 489
 0 490
 0 491
 0 492
 0 493
 0 494
 0 495
 0 496
 0 497
 0 498
 0 499
 0 500
 0 501
 0 502
 0 503
 0 504
 0 505
 0 506
 0 507
 0 508
 0 509
 0 510
 0 511
 0 512
 0 513
 0 514
 0 515
 0 516
 0 517
 0 518
 0 519
 0 520
 0 521
 0 522
 0 523
 0 524
 0 525
 0 526
 0 527
 0 528
 0 529
 0 530
 0 531
 0 532
 0 533
 0 534
 0 535
 0 536
 0 537
 0 538
 0 539
 0 540
 0 541
 0 542
 0 543
 0 544
 0 545
 0 546
 0 547
 0 548
 0 549
 0 550
 0 551
 0 552
 0 553
 0 554
 0 555
 0 556
 0 557
 0 558
 0 559
 0 560
 0 561
 0 562
 0 563
 0 564
 0 565
 0 566
 0 567
 0 568
 0 569
 0 570
 0 571
 0 572
 0 573
 0 574
 0 575
 0 576
 0 577
 0 578
 0 579
 0 580
 0 581
 0 582
 0 583
 0 584
 0 585
 0 586
 0 587
 0 588
 0 589
 0 590
 0 591
 0 592
 0 593
 0 594
 0 595
 0 596
 0 597
 0 598
 0 599
 0 600


