# Created by Octave 3.8.2, Mon Jun 22 19:30:25 2020 CEST <damian@fptrucha.inv.usc.es>
# name: hd
# type: matrix
# rows: 551
# columns: 2
 0 50
 0 51
 0 52
 0 53
 0 54
 0 55
 0 56
 0 57
 0 58
 0 59
 0 60
 0 61
 0 62
 0 63
 0 64
 0 65
 0 66
 0 67
 0 68
 0 69
 0 70
 0 71
 0 72
 0 73
 0 74
 0 75
 0 76
 0 77
 0 78
 0 79
 0 80
 0 81
 0 82
 0 83
 0 84
 0 85
 0 86
 0 87
 0 88
 0 89
 8 90
 10 91
 29 92
 74 93
 212 94
 376 95
 570 96
 612 97
 902 98
 1094 99
 1417 100
 1487 101
 1604 102
 1604 103
 1593 104
 1651 105
 1630 106
 1568 107
 1467 108
 1416 109
 1422 110
 1275 111
 1192 112
 1110 113
 1089 114
 993 115
 876 116
 858 117
 777 118
 666 119
 618 120
 571 121
 533 122
 477 123
 439 124
 383 125
 354 126
 313 127
 276 128
 251 129
 210 130
 206 131
 203 132
 184 133
 151 134
 163 135
 155 136
 133 137
 122 138
 100 139
 92 140
 98 141
 66 142
 68 143
 56 144
 69 145
 68 146
 63 147
 65 148
 52 149
 59 150
 47 151
 36 152
 41 153
 46 154
 34 155
 39 156
 37 157
 21 158
 40 159
 43 160
 24 161
 20 162
 25 163
 13 164
 17 165
 19 166
 18 167
 16 168
 10 169
 12 170
 11 171
 21 172
 12 173
 12 174
 5 175
 14 176
 6 177
 8 178
 8 179
 3 180
 7 181
 5 182
 3 183
 4 184
 6 185
 5 186
 3 187
 3 188
 4 189
 3 190
 2 191
 2 192
 3 193
 3 194
 1 195
 1 196
 5 197
 1 198
 5 199
 1 200
 2 201
 2 202
 5 203
 0 204
 0 205
 0 206
 0 207
 2 208
 1 209
 0 210
 1 211
 0 212
 0 213
 0 214
 0 215
 0 216
 2 217
 0 218
 0 219
 0 220
 0 221
 0 222
 0 223
 0 224
 0 225
 0 226
 0 227
 0 228
 0 229
 0 230
 0 231
 0 232
 0 233
 1 234
 1 235
 0 236
 0 237
 0 238
 0 239
 0 240
 1 241
 0 242
 0 243
 0 244
 0 245
 0 246
 0 247
 0 248
 0 249
 0 250
 0 251
 0 252
 0 253
 0 254
 0 255
 0 256
 0 257
 0 258
 0 259
 0 260
 0 261
 0 262
 0 263
 0 264
 0 265
 0 266
 0 267
 0 268
 1 269
 0 270
 0 271
 0 272
 0 273
 0 274
 0 275
 0 276
 0 277
 0 278
 0 279
 0 280
 0 281
 0 282
 0 283
 0 284
 0 285
 0 286
 0 287
 0 288
 0 289
 0 290
 1 291
 0 292
 0 293
 0 294
 0 295
 0 296
 1 297
 0 298
 0 299
 0 300
 0 301
 0 302
 0 303
 0 304
 2 305
 0 306
 1 307
 2 308
 0 309
 1 310
 2 311
 1 312
 0 313
 3 314
 1 315
 0 316
 1 317
 1 318
 1 319
 0 320
 1 321
 0 322
 2 323
 1 324
 3 325
 0 326
 2 327
 0 328
 1 329
 1 330
 1 331
 1 332
 2 333
 0 334
 0 335
 0 336
 1 337
 3 338
 3 339
 4 340
 0 341
 2 342
 2 343
 1 344
 1 345
 0 346
 2 347
 1 348
 3 349
 1 350
 1 351
 2 352
 2 353
 3 354
 1 355
 0 356
 1 357
 4 358
 1 359
 1 360
 2 361
 0 362
 1 363
 2 364
 1 365
 1 366
 1 367
 1 368
 2 369
 0 370
 1 371
 2 372
 0 373
 2 374
 2 375
 1 376
 1 377
 0 378
 0 379
 0 380
 1 381
 0 382
 1 383
 0 384
 0 385
 0 386
 1 387
 0 388
 0 389
 0 390
 0 391
 0 392
 1 393
 2 394
 0 395
 0 396
 0 397
 1 398
 0 399
 0 400
 1 401
 0 402
 0 403
 0 404
 0 405
 1 406
 0 407
 0 408
 2 409
 0 410
 1 411
 0 412
 0 413
 0 414
 0 415
 1 416
 0 417
 0 418
 0 419
 0 420
 0 421
 0 422
 1 423
 0 424
 0 425
 0 426
 0 427
 0 428
 0 429
 0 430
 0 431
 0 432
 0 433
 0 434
 0 435
 0 436
 0 437
 0 438
 0 439
 0 440
 0 441
 0 442
 0 443
 0 444
 0 445
 0 446
 0 447
 0 448
 0 449
 0 450
 0 451
 0 452
 0 453
 0 454
 0 455
 0 456
 0 457
 0 458
 0 459
 0 460
 0 461
 0 462
 0 463
 0 464
 0 465
 0 466
 0 467
 0 468
 0 469
 0 470
 0 471
 0 472
 0 473
 0 474
 0 475
 0 476
 0 477
 0 478
 0 479
 0 480
 0 481
 0 482
 0 483
 0 484
 0 485
 0 486
 0 487
 0 488
 0 489
 0 490
 0 491
 0 492
 0 493
 0 494
 0 495
 0 496
 0 497
 0 498
 0 499
 0 500
 0 501
 0 502
 0 503
 0 504
 0 505
 0 506
 0 507
 0 508
 0 509
 0 510
 0 511
 0 512
 0 513
 0 514
 0 515
 0 516
 0 517
 0 518
 0 519
 0 520
 0 521
 0 522
 0 523
 0 524
 0 525
 0 526
 0 527
 0 528
 0 529
 0 530
 0 531
 0 532
 0 533
 0 534
 0 535
 0 536
 0 537
 0 538
 0 539
 0 540
 0 541
 0 542
 0 543
 0 544
 0 545
 0 546
 0 547
 0 548
 0 549
 0 550
 0 551
 0 552
 0 553
 0 554
 0 555
 0 556
 0 557
 0 558
 0 559
 0 560
 0 561
 0 562
 0 563
 0 564
 0 565
 0 566
 0 567
 0 568
 0 569
 0 570
 0 571
 0 572
 0 573
 0 574
 0 575
 0 576
 0 577
 0 578
 0 579
 0 580
 0 581
 0 582
 0 583
 0 584
 0 585
 0 586
 0 587
 0 588
 0 589
 0 590
 0 591
 0 592
 0 593
 0 594
 0 595
 0 596
 0 597
 0 598
 0 599
 0 600


