# Created by Octave 3.8.2, Mon Jun 22 13:43:34 2020 CEST <damian@fptrucha.inv.usc.es>
# name: hd
# type: matrix
# rows: 551
# columns: 2
 0 50
 0 51
 0 52
 0 53
 0 54
 0 55
 0 56
 0 57
 0 58
 0 59
 0 60
 0 61
 0 62
 0 63
 0 64
 0 65
 0 66
 0 67
 0 68
 0 69
 0 70
 0 71
 0 72
 0 73
 0 74
 0 75
 0 76
 0 77
 0 78
 0 79
 0 80
 0 81
 0 82
 0 83
 0 84
 0 85
 0 86
 0 87
 0 88
 0 89
 5 90
 6 91
 16 92
 56 93
 151 94
 265 95
 348 96
 454 97
 536 98
 803 99
 1009 100
 1066 101
 1009 102
 1109 103
 1105 104
 1099 105
 1097 106
 1039 107
 1054 108
 916 109
 875 110
 824 111
 835 112
 727 113
 637 114
 601 115
 551 116
 508 117
 414 118
 425 119
 327 120
 338 121
 282 122
 242 123
 232 124
 208 125
 217 126
 170 127
 165 128
 139 129
 125 130
 114 131
 120 132
 94 133
 91 134
 90 135
 66 136
 67 137
 63 138
 50 139
 54 140
 50 141
 36 142
 36 143
 45 144
 45 145
 33 146
 30 147
 45 148
 21 149
 32 150
 27 151
 16 152
 22 153
 24 154
 15 155
 24 156
 15 157
 20 158
 8 159
 27 160
 9 161
 7 162
 13 163
 14 164
 7 165
 5 166
 12 167
 11 168
 5 169
 6 170
 9 171
 12 172
 3 173
 7 174
 7 175
 8 176
 3 177
 3 178
 7 179
 5 180
 2 181
 1 182
 4 183
 3 184
 4 185
 3 186
 2 187
 0 188
 0 189
 1 190
 3 191
 0 192
 2 193
 3 194
 2 195
 1 196
 0 197
 1 198
 0 199
 0 200
 1 201
 0 202
 2 203
 1 204
 0 205
 0 206
 1 207
 1 208
 0 209
 0 210
 1 211
 0 212
 0 213
 0 214
 1 215
 0 216
 0 217
 0 218
 0 219
 0 220
 0 221
 0 222
 0 223
 0 224
 0 225
 0 226
 0 227
 0 228
 0 229
 0 230
 0 231
 0 232
 0 233
 0 234
 0 235
 0 236
 0 237
 0 238
 0 239
 0 240
 0 241
 0 242
 0 243
 0 244
 0 245
 0 246
 0 247
 0 248
 0 249
 0 250
 0 251
 0 252
 0 253
 0 254
 0 255
 0 256
 0 257
 0 258
 0 259
 0 260
 0 261
 0 262
 0 263
 0 264
 0 265
 0 266
 0 267
 0 268
 0 269
 0 270
 0 271
 0 272
 0 273
 0 274
 0 275
 0 276
 0 277
 0 278
 0 279
 0 280
 0 281
 0 282
 0 283
 0 284
 0 285
 0 286
 1 287
 1 288
 0 289
 0 290
 0 291
 0 292
 0 293
 0 294
 1 295
 0 296
 0 297
 0 298
 0 299
 0 300
 0 301
 0 302
 1 303
 0 304
 0 305
 0 306
 1 307
 0 308
 0 309
 1 310
 0 311
 1 312
 1 313
 1 314
 0 315
 2 316
 1 317
 0 318
 1 319
 1 320
 1 321
 1 322
 2 323
 0 324
 1 325
 2 326
 0 327
 0 328
 0 329
 1 330
 1 331
 4 332
 0 333
 0 334
 1 335
 0 336
 1 337
 0 338
 1 339
 2 340
 1 341
 2 342
 3 343
 1 344
 1 345
 2 346
 0 347
 0 348
 0 349
 0 350
 1 351
 0 352
 1 353
 1 354
 2 355
 0 356
 1 357
 1 358
 1 359
 0 360
 1 361
 1 362
 1 363
 0 364
 0 365
 0 366
 0 367
 1 368
 0 369
 2 370
 0 371
 0 372
 0 373
 2 374
 1 375
 1 376
 0 377
 0 378
 0 379
 1 380
 1 381
 0 382
 0 383
 0 384
 0 385
 0 386
 0 387
 0 388
 0 389
 0 390
 0 391
 1 392
 0 393
 2 394
 0 395
 0 396
 0 397
 0 398
 1 399
 0 400
 0 401
 0 402
 0 403
 0 404
 1 405
 0 406
 0 407
 0 408
 0 409
 0 410
 0 411
 1 412
 0 413
 0 414
 0 415
 0 416
 0 417
 0 418
 0 419
 0 420
 0 421
 0 422
 0 423
 0 424
 0 425
 0 426
 0 427
 0 428
 0 429
 0 430
 0 431
 0 432
 0 433
 0 434
 0 435
 0 436
 0 437
 0 438
 0 439
 0 440
 0 441
 0 442
 0 443
 0 444
 0 445
 0 446
 0 447
 0 448
 0 449
 0 450
 0 451
 0 452
 0 453
 0 454
 0 455
 0 456
 0 457
 1 458
 0 459
 0 460
 0 461
 0 462
 0 463
 0 464
 0 465
 0 466
 0 467
 0 468
 0 469
 0 470
 0 471
 0 472
 0 473
 0 474
 0 475
 0 476
 0 477
 0 478
 0 479
 0 480
 0 481
 0 482
 0 483
 0 484
 0 485
 0 486
 0 487
 0 488
 0 489
 0 490
 0 491
 0 492
 0 493
 0 494
 0 495
 0 496
 0 497
 0 498
 0 499
 0 500
 0 501
 0 502
 0 503
 0 504
 0 505
 0 506
 0 507
 0 508
 0 509
 0 510
 0 511
 0 512
 0 513
 0 514
 0 515
 0 516
 0 517
 0 518
 0 519
 0 520
 0 521
 0 522
 0 523
 0 524
 0 525
 0 526
 0 527
 0 528
 0 529
 0 530
 0 531
 0 532
 0 533
 0 534
 0 535
 0 536
 0 537
 0 538
 0 539
 0 540
 0 541
 0 542
 0 543
 0 544
 0 545
 0 546
 0 547
 0 548
 0 549
 0 550
 0 551
 0 552
 0 553
 0 554
 0 555
 0 556
 0 557
 0 558
 0 559
 0 560
 0 561
 0 562
 0 563
 0 564
 0 565
 0 566
 0 567
 0 568
 0 569
 0 570
 0 571
 0 572
 0 573
 0 574
 0 575
 0 576
 0 577
 0 578
 0 579
 0 580
 0 581
 0 582
 0 583
 0 584
 0 585
 0 586
 0 587
 0 588
 0 589
 0 590
 0 591
 0 592
 0 593
 0 594
 0 595
 0 596
 0 597
 0 598
 0 599
 0 600


