# Created by Octave 3.8.2, Sat Jun 20 02:49:45 2020 CEST <damian@fptrucha.inv.usc.es>
# name: hd
# type: matrix
# rows: 551
# columns: 2
 0 50
 0 51
 0 52
 0 53
 0 54
 0 55
 0 56
 0 57
 0 58
 0 59
 0 60
 0 61
 0 62
 0 63
 0 64
 0 65
 0 66
 0 67
 0 68
 0 69
 0 70
 0 71
 0 72
 0 73
 0 74
 0 75
 0 76
 0 77
 0 78
 0 79
 0 80
 0 81
 0 82
 0 83
 0 84
 0 85
 0 86
 0 87
 1 88
 0 89
 11 90
 19 91
 41 92
 154 93
 291 94
 412 95
 521 96
 684 97
 852 98
 1130 99
 1218 100
 1326 101
 1451 102
 1446 103
 1424 104
 1474 105
 1458 106
 1511 107
 1482 108
 1433 109
 1345 110
 1320 111
 1249 112
 1177 113
 1155 114
 1078 115
 1003 116
 923 117
 859 118
 741 119
 745 120
 622 121
 600 122
 598 123
 462 124
 409 125
 431 126
 399 127
 340 128
 356 129
 279 130
 283 131
 232 132
 227 133
 206 134
 193 135
 174 136
 166 137
 170 138
 135 139
 137 140
 116 141
 92 142
 86 143
 83 144
 121 145
 75 146
 59 147
 66 148
 64 149
 63 150
 46 151
 69 152
 56 153
 43 154
 47 155
 47 156
 38 157
 40 158
 32 159
 39 160
 29 161
 27 162
 22 163
 22 164
 11 165
 18 166
 17 167
 17 168
 19 169
 18 170
 16 171
 10 172
 16 173
 11 174
 6 175
 11 176
 11 177
 16 178
 12 179
 14 180
 5 181
 11 182
 6 183
 11 184
 5 185
 9 186
 7 187
 2 188
 4 189
 3 190
 2 191
 4 192
 2 193
 5 194
 3 195
 2 196
 4 197
 3 198
 4 199
 3 200
 0 201
 3 202
 0 203
 2 204
 2 205
 1 206
 0 207
 1 208
 2 209
 1 210
 1 211
 0 212
 1 213
 1 214
 0 215
 0 216
 1 217
 0 218
 0 219
 0 220
 0 221
 0 222
 0 223
 0 224
 0 225
 0 226
 2 227
 0 228
 0 229
 1 230
 0 231
 0 232
 0 233
 0 234
 0 235
 0 236
 0 237
 1 238
 0 239
 0 240
 0 241
 0 242
 0 243
 0 244
 0 245
 0 246
 0 247
 0 248
 1 249
 0 250
 0 251
 0 252
 0 253
 0 254
 0 255
 0 256
 0 257
 0 258
 0 259
 0 260
 0 261
 0 262
 0 263
 0 264
 0 265
 0 266
 0 267
 0 268
 0 269
 0 270
 0 271
 0 272
 0 273
 0 274
 0 275
 0 276
 0 277
 0 278
 0 279
 0 280
 0 281
 0 282
 0 283
 0 284
 1 285
 0 286
 0 287
 0 288
 0 289
 0 290
 1 291
 0 292
 0 293
 0 294
 0 295
 0 296
 1 297
 1 298
 1 299
 1 300
 1 301
 2 302
 0 303
 0 304
 1 305
 2 306
 1 307
 2 308
 1 309
 1 310
 2 311
 0 312
 2 313
 1 314
 4 315
 2 316
 0 317
 2 318
 2 319
 2 320
 1 321
 1 322
 2 323
 1 324
 2 325
 2 326
 3 327
 3 328
 2 329
 0 330
 2 331
 1 332
 1 333
 2 334
 2 335
 2 336
 2 337
 1 338
 3 339
 2 340
 0 341
 4 342
 2 343
 2 344
 1 345
 1 346
 2 347
 0 348
 1 349
 1 350
 1 351
 0 352
 4 353
 1 354
 4 355
 0 356
 2 357
 1 358
 1 359
 1 360
 1 361
 0 362
 0 363
 1 364
 1 365
 0 366
 2 367
 2 368
 0 369
 1 370
 1 371
 0 372
 0 373
 2 374
 1 375
 2 376
 0 377
 0 378
 1 379
 0 380
 1 381
 1 382
 0 383
 0 384
 1 385
 0 386
 1 387
 1 388
 0 389
 1 390
 0 391
 0 392
 0 393
 1 394
 0 395
 0 396
 0 397
 0 398
 1 399
 0 400
 0 401
 0 402
 0 403
 0 404
 0 405
 0 406
 0 407
 1 408
 0 409
 1 410
 0 411
 0 412
 0 413
 0 414
 0 415
 0 416
 0 417
 0 418
 0 419
 0 420
 0 421
 0 422
 0 423
 0 424
 0 425
 0 426
 0 427
 0 428
 0 429
 0 430
 0 431
 0 432
 0 433
 0 434
 0 435
 0 436
 0 437
 0 438
 0 439
 0 440
 0 441
 0 442
 0 443
 0 444
 0 445
 0 446
 0 447
 0 448
 0 449
 0 450
 0 451
 0 452
 0 453
 0 454
 0 455
 0 456
 0 457
 0 458
 0 459
 0 460
 0 461
 0 462
 0 463
 0 464
 0 465
 0 466
 0 467
 0 468
 0 469
 0 470
 0 471
 0 472
 0 473
 0 474
 0 475
 0 476
 0 477
 0 478
 0 479
 0 480
 0 481
 0 482
 0 483
 0 484
 0 485
 0 486
 0 487
 0 488
 0 489
 0 490
 0 491
 0 492
 0 493
 0 494
 0 495
 0 496
 0 497
 0 498
 0 499
 0 500
 0 501
 0 502
 0 503
 0 504
 0 505
 0 506
 0 507
 0 508
 0 509
 0 510
 0 511
 0 512
 0 513
 0 514
 0 515
 0 516
 0 517
 0 518
 0 519
 0 520
 0 521
 0 522
 0 523
 0 524
 0 525
 0 526
 0 527
 0 528
 0 529
 0 530
 0 531
 0 532
 0 533
 0 534
 0 535
 0 536
 0 537
 0 538
 0 539
 0 540
 0 541
 0 542
 0 543
 0 544
 0 545
 0 546
 0 547
 0 548
 0 549
 0 550
 0 551
 0 552
 0 553
 0 554
 0 555
 0 556
 0 557
 0 558
 0 559
 0 560
 0 561
 0 562
 0 563
 0 564
 0 565
 0 566
 0 567
 0 568
 0 569
 0 570
 0 571
 0 572
 0 573
 0 574
 0 575
 0 576
 0 577
 0 578
 0 579
 0 580
 0 581
 0 582
 0 583
 0 584
 0 585
 0 586
 0 587
 0 588
 0 589
 0 590
 0 591
 0 592
 0 593
 0 594
 0 595
 0 596
 0 597
 0 598
 0 599
 0 600


