# Created by Octave 3.8.2, Mon Jun 22 11:12:24 2020 CEST <damian@fptrucha.inv.usc.es>
# name: hd
# type: matrix
# rows: 551
# columns: 2
 0 50
 0 51
 0 52
 0 53
 0 54
 0 55
 0 56
 0 57
 0 58
 0 59
 0 60
 0 61
 0 62
 0 63
 0 64
 0 65
 0 66
 0 67
 0 68
 0 69
 0 70
 0 71
 0 72
 0 73
 0 74
 0 75
 0 76
 0 77
 0 78
 0 79
 0 80
 0 81
 0 82
 0 83
 0 84
 0 85
 0 86
 0 87
 0 88
 0 89
 4 90
 15 91
 22 92
 87 93
 212 94
 394 95
 532 96
 617 97
 761 98
 1092 99
 1362 100
 1364 101
 1557 102
 1565 103
 1619 104
 1675 105
 1461 106
 1567 107
 1432 108
 1439 109
 1328 110
 1227 111
 1146 112
 1137 113
 940 114
 917 115
 819 116
 779 117
 705 118
 647 119
 580 120
 513 121
 482 122
 432 123
 393 124
 338 125
 289 126
 293 127
 245 128
 230 129
 210 130
 193 131
 180 132
 145 133
 138 134
 136 135
 141 136
 120 137
 102 138
 106 139
 90 140
 76 141
 73 142
 72 143
 75 144
 64 145
 72 146
 71 147
 66 148
 46 149
 49 150
 48 151
 27 152
 44 153
 28 154
 22 155
 31 156
 22 157
 25 158
 21 159
 24 160
 18 161
 26 162
 24 163
 12 164
 18 165
 18 166
 16 167
 16 168
 18 169
 19 170
 10 171
 13 172
 11 173
 8 174
 8 175
 13 176
 13 177
 8 178
 6 179
 6 180
 6 181
 7 182
 2 183
 3 184
 5 185
 1 186
 2 187
 4 188
 3 189
 1 190
 3 191
 5 192
 3 193
 0 194
 3 195
 3 196
 4 197
 0 198
 1 199
 3 200
 2 201
 2 202
 1 203
 0 204
 1 205
 0 206
 1 207
 1 208
 1 209
 2 210
 1 211
 1 212
 0 213
 1 214
 1 215
 2 216
 0 217
 2 218
 1 219
 0 220
 0 221
 0 222
 0 223
 0 224
 0 225
 0 226
 0 227
 0 228
 0 229
 0 230
 0 231
 0 232
 0 233
 0 234
 0 235
 1 236
 0 237
 0 238
 0 239
 0 240
 0 241
 0 242
 0 243
 0 244
 0 245
 0 246
 0 247
 0 248
 0 249
 0 250
 0 251
 0 252
 0 253
 0 254
 0 255
 0 256
 0 257
 0 258
 0 259
 0 260
 0 261
 0 262
 0 263
 0 264
 0 265
 0 266
 0 267
 0 268
 0 269
 0 270
 0 271
 0 272
 0 273
 0 274
 0 275
 0 276
 0 277
 0 278
 1 279
 0 280
 1 281
 0 282
 0 283
 0 284
 1 285
 1 286
 0 287
 0 288
 0 289
 0 290
 0 291
 0 292
 3 293
 0 294
 0 295
 1 296
 0 297
 1 298
 0 299
 1 300
 2 301
 0 302
 0 303
 0 304
 3 305
 0 306
 0 307
 0 308
 1 309
 0 310
 0 311
 2 312
 2 313
 3 314
 1 315
 1 316
 0 317
 0 318
 2 319
 3 320
 3 321
 1 322
 3 323
 0 324
 1 325
 2 326
 2 327
 3 328
 1 329
 2 330
 3 331
 0 332
 3 333
 1 334
 0 335
 1 336
 1 337
 3 338
 2 339
 0 340
 3 341
 1 342
 0 343
 0 344
 0 345
 0 346
 2 347
 2 348
 0 349
 2 350
 1 351
 1 352
 2 353
 0 354
 1 355
 0 356
 1 357
 0 358
 1 359
 2 360
 1 361
 3 362
 0 363
 2 364
 2 365
 1 366
 0 367
 0 368
 1 369
 0 370
 2 371
 1 372
 1 373
 2 374
 0 375
 1 376
 1 377
 2 378
 0 379
 2 380
 0 381
 0 382
 2 383
 0 384
 0 385
 1 386
 0 387
 0 388
 0 389
 0 390
 1 391
 0 392
 0 393
 0 394
 1 395
 0 396
 0 397
 1 398
 0 399
 0 400
 0 401
 1 402
 0 403
 0 404
 0 405
 0 406
 1 407
 0 408
 0 409
 0 410
 0 411
 0 412
 0 413
 0 414
 0 415
 0 416
 0 417
 0 418
 0 419
 0 420
 0 421
 0 422
 0 423
 0 424
 0 425
 0 426
 0 427
 0 428
 0 429
 0 430
 0 431
 0 432
 0 433
 0 434
 0 435
 0 436
 0 437
 0 438
 0 439
 0 440
 0 441
 0 442
 0 443
 0 444
 0 445
 0 446
 0 447
 0 448
 0 449
 0 450
 0 451
 0 452
 0 453
 0 454
 0 455
 0 456
 0 457
 0 458
 0 459
 0 460
 0 461
 0 462
 0 463
 0 464
 0 465
 0 466
 0 467
 0 468
 0 469
 0 470
 0 471
 0 472
 0 473
 0 474
 0 475
 0 476
 0 477
 0 478
 0 479
 0 480
 0 481
 0 482
 0 483
 0 484
 0 485
 0 486
 0 487
 0 488
 0 489
 0 490
 0 491
 0 492
 0 493
 0 494
 0 495
 0 496
 0 497
 0 498
 0 499
 0 500
 0 501
 0 502
 0 503
 0 504
 0 505
 0 506
 0 507
 0 508
 0 509
 0 510
 0 511
 0 512
 0 513
 0 514
 0 515
 0 516
 0 517
 0 518
 0 519
 0 520
 0 521
 0 522
 0 523
 0 524
 0 525
 0 526
 0 527
 0 528
 0 529
 0 530
 0 531
 0 532
 0 533
 0 534
 0 535
 0 536
 0 537
 0 538
 0 539
 0 540
 0 541
 0 542
 0 543
 0 544
 0 545
 0 546
 0 547
 0 548
 0 549
 0 550
 0 551
 0 552
 0 553
 0 554
 0 555
 0 556
 0 557
 0 558
 0 559
 0 560
 0 561
 0 562
 0 563
 0 564
 0 565
 0 566
 0 567
 0 568
 0 569
 0 570
 0 571
 0 572
 0 573
 0 574
 0 575
 0 576
 0 577
 0 578
 0 579
 0 580
 0 581
 0 582
 0 583
 0 584
 0 585
 0 586
 0 587
 0 588
 0 589
 0 590
 0 591
 0 592
 0 593
 0 594
 0 595
 0 596
 0 597
 0 598
 0 599
 0 600


