# Created by Octave 3.8.2, Sat Jun 20 02:30:58 2020 CEST <damian@fptrucha.inv.usc.es>
# name: hd
# type: matrix
# rows: 551
# columns: 2
 0 50
 0 51
 0 52
 0 53
 0 54
 0 55
 0 56
 0 57
 0 58
 0 59
 0 60
 0 61
 0 62
 0 63
 0 64
 0 65
 0 66
 0 67
 0 68
 0 69
 0 70
 0 71
 0 72
 0 73
 0 74
 0 75
 0 76
 0 77
 0 78
 0 79
 0 80
 0 81
 0 82
 0 83
 0 84
 0 85
 0 86
 0 87
 0 88
 1 89
 9 90
 17 91
 46 92
 136 93
 222 94
 423 95
 474 96
 671 97
 908 98
 1074 99
 1288 100
 1329 101
 1437 102
 1406 103
 1475 104
 1488 105
 1493 106
 1486 107
 1491 108
 1394 109
 1406 110
 1308 111
 1212 112
 1214 113
 1095 114
 1113 115
 967 116
 906 117
 835 118
 726 119
 770 120
 663 121
 576 122
 591 123
 501 124
 445 125
 394 126
 370 127
 368 128
 306 129
 255 130
 259 131
 236 132
 221 133
 211 134
 185 135
 192 136
 168 137
 149 138
 147 139
 122 140
 115 141
 117 142
 97 143
 86 144
 81 145
 75 146
 70 147
 66 148
 73 149
 60 150
 62 151
 55 152
 44 153
 47 154
 43 155
 33 156
 41 157
 40 158
 37 159
 43 160
 31 161
 25 162
 23 163
 24 164
 24 165
 25 166
 21 167
 17 168
 13 169
 16 170
 13 171
 7 172
 12 173
 9 174
 11 175
 12 176
 20 177
 6 178
 6 179
 7 180
 9 181
 13 182
 10 183
 5 184
 3 185
 2 186
 5 187
 5 188
 2 189
 5 190
 4 191
 2 192
 3 193
 2 194
 4 195
 2 196
 1 197
 1 198
 2 199
 2 200
 1 201
 1 202
 0 203
 3 204
 0 205
 0 206
 3 207
 0 208
 0 209
 1 210
 1 211
 1 212
 0 213
 2 214
 1 215
 1 216
 2 217
 2 218
 0 219
 1 220
 0 221
 0 222
 1 223
 0 224
 0 225
 0 226
 0 227
 0 228
 0 229
 0 230
 0 231
 0 232
 0 233
 0 234
 0 235
 0 236
 0 237
 0 238
 0 239
 0 240
 0 241
 0 242
 0 243
 0 244
 0 245
 0 246
 0 247
 0 248
 0 249
 0 250
 0 251
 0 252
 0 253
 0 254
 0 255
 0 256
 0 257
 0 258
 0 259
 0 260
 0 261
 0 262
 0 263
 0 264
 0 265
 0 266
 0 267
 0 268
 0 269
 0 270
 0 271
 0 272
 0 273
 1 274
 0 275
 0 276
 0 277
 0 278
 0 279
 0 280
 0 281
 0 282
 0 283
 1 284
 0 285
 0 286
 1 287
 0 288
 0 289
 1 290
 0 291
 0 292
 0 293
 0 294
 0 295
 1 296
 1 297
 0 298
 0 299
 1 300
 1 301
 0 302
 0 303
 0 304
 0 305
 1 306
 1 307
 1 308
 0 309
 2 310
 0 311
 1 312
 1 313
 3 314
 1 315
 4 316
 1 317
 3 318
 1 319
 2 320
 3 321
 1 322
 2 323
 0 324
 2 325
 4 326
 4 327
 0 328
 1 329
 4 330
 0 331
 0 332
 2 333
 3 334
 5 335
 0 336
 1 337
 2 338
 0 339
 1 340
 0 341
 1 342
 1 343
 3 344
 2 345
 3 346
 1 347
 1 348
 3 349
 1 350
 1 351
 4 352
 2 353
 1 354
 0 355
 1 356
 2 357
 1 358
 1 359
 2 360
 2 361
 1 362
 1 363
 0 364
 1 365
 1 366
 3 367
 2 368
 1 369
 1 370
 0 371
 1 372
 1 373
 1 374
 2 375
 2 376
 1 377
 0 378
 1 379
 0 380
 0 381
 2 382
 0 383
 0 384
 0 385
 1 386
 0 387
 0 388
 0 389
 0 390
 0 391
 0 392
 0 393
 1 394
 1 395
 0 396
 1 397
 0 398
 1 399
 0 400
 0 401
 0 402
 0 403
 0 404
 0 405
 0 406
 0 407
 0 408
 0 409
 0 410
 1 411
 0 412
 0 413
 0 414
 0 415
 0 416
 0 417
 0 418
 2 419
 0 420
 0 421
 0 422
 0 423
 0 424
 0 425
 0 426
 0 427
 0 428
 0 429
 0 430
 0 431
 0 432
 0 433
 0 434
 0 435
 0 436
 0 437
 0 438
 0 439
 0 440
 0 441
 0 442
 0 443
 0 444
 0 445
 0 446
 0 447
 0 448
 0 449
 0 450
 0 451
 0 452
 0 453
 0 454
 0 455
 0 456
 0 457
 0 458
 0 459
 0 460
 0 461
 0 462
 0 463
 0 464
 0 465
 0 466
 0 467
 0 468
 0 469
 0 470
 0 471
 0 472
 0 473
 0 474
 0 475
 0 476
 0 477
 0 478
 0 479
 0 480
 0 481
 0 482
 0 483
 0 484
 0 485
 0 486
 0 487
 0 488
 0 489
 0 490
 0 491
 0 492
 0 493
 0 494
 0 495
 0 496
 0 497
 0 498
 0 499
 0 500
 0 501
 0 502
 0 503
 0 504
 0 505
 0 506
 0 507
 0 508
 0 509
 0 510
 0 511
 0 512
 0 513
 0 514
 0 515
 0 516
 0 517
 0 518
 0 519
 0 520
 0 521
 0 522
 0 523
 0 524
 0 525
 0 526
 0 527
 0 528
 0 529
 0 530
 0 531
 0 532
 0 533
 0 534
 0 535
 0 536
 0 537
 0 538
 0 539
 0 540
 0 541
 0 542
 0 543
 0 544
 0 545
 0 546
 0 547
 0 548
 0 549
 0 550
 0 551
 0 552
 0 553
 0 554
 0 555
 0 556
 0 557
 0 558
 0 559
 0 560
 0 561
 0 562
 0 563
 0 564
 0 565
 0 566
 0 567
 0 568
 0 569
 0 570
 0 571
 0 572
 0 573
 0 574
 0 575
 0 576
 0 577
 0 578
 0 579
 0 580
 0 581
 0 582
 0 583
 0 584
 0 585
 0 586
 0 587
 0 588
 0 589
 0 590
 0 591
 0 592
 0 593
 0 594
 0 595
 0 596
 0 597
 0 598
 0 599
 0 600


