# Created by Octave 3.8.2, Mon Jun 22 23:44:47 2020 CEST <damian@fptrucha.inv.usc.es>
# name: hd
# type: matrix
# rows: 551
# columns: 2
 0 50
 0 51
 0 52
 0 53
 0 54
 0 55
 0 56
 0 57
 0 58
 0 59
 0 60
 0 61
 0 62
 0 63
 0 64
 0 65
 0 66
 0 67
 0 68
 0 69
 0 70
 0 71
 0 72
 0 73
 0 74
 0 75
 0 76
 0 77
 0 78
 0 79
 0 80
 0 81
 0 82
 0 83
 0 84
 0 85
 0 86
 0 87
 0 88
 0 89
 7 90
 12 91
 46 92
 131 93
 287 94
 460 95
 602 96
 723 97
 973 98
 1223 99
 1445 100
 1598 101
 1638 102
 1650 103
 1695 104
 1706 105
 1657 106
 1639 107
 1620 108
 1501 109
 1466 110
 1338 111
 1303 112
 1169 113
 1080 114
 1003 115
 849 116
 857 117
 809 118
 688 119
 620 120
 579 121
 505 122
 431 123
 412 124
 373 125
 322 126
 301 127
 271 128
 252 129
 207 130
 227 131
 169 132
 176 133
 135 134
 122 135
 128 136
 121 137
 108 138
 102 139
 99 140
 84 141
 70 142
 89 143
 67 144
 67 145
 58 146
 75 147
 64 148
 56 149
 49 150
 36 151
 42 152
 42 153
 31 154
 40 155
 26 156
 32 157
 35 158
 24 159
 27 160
 26 161
 31 162
 24 163
 10 164
 20 165
 19 166
 12 167
 18 168
 16 169
 12 170
 7 171
 10 172
 6 173
 10 174
 7 175
 6 176
 2 177
 7 178
 10 179
 6 180
 6 181
 5 182
 3 183
 6 184
 8 185
 5 186
 2 187
 6 188
 2 189
 4 190
 3 191
 2 192
 1 193
 2 194
 1 195
 3 196
 0 197
 2 198
 2 199
 2 200
 0 201
 0 202
 2 203
 1 204
 0 205
 0 206
 2 207
 2 208
 0 209
 1 210
 0 211
 2 212
 1 213
 0 214
 1 215
 0 216
 0 217
 0 218
 1 219
 1 220
 0 221
 0 222
 0 223
 0 224
 0 225
 0 226
 0 227
 1 228
 0 229
 0 230
 0 231
 0 232
 0 233
 0 234
 0 235
 0 236
 0 237
 0 238
 0 239
 0 240
 0 241
 0 242
 0 243
 0 244
 0 245
 0 246
 0 247
 0 248
 0 249
 0 250
 0 251
 0 252
 0 253
 0 254
 0 255
 0 256
 0 257
 0 258
 0 259
 0 260
 0 261
 0 262
 0 263
 0 264
 0 265
 0 266
 0 267
 0 268
 0 269
 0 270
 0 271
 0 272
 0 273
 0 274
 0 275
 0 276
 0 277
 0 278
 0 279
 0 280
 0 281
 0 282
 0 283
 0 284
 0 285
 0 286
 0 287
 0 288
 0 289
 0 290
 0 291
 1 292
 0 293
 1 294
 1 295
 0 296
 0 297
 0 298
 2 299
 0 300
 1 301
 1 302
 0 303
 0 304
 0 305
 0 306
 1 307
 1 308
 0 309
 0 310
 1 311
 2 312
 0 313
 0 314
 1 315
 1 316
 1 317
 2 318
 2 319
 3 320
 1 321
 2 322
 1 323
 2 324
 0 325
 2 326
 1 327
 3 328
 0 329
 0 330
 2 331
 0 332
 2 333
 0 334
 0 335
 1 336
 3 337
 1 338
 1 339
 2 340
 0 341
 4 342
 1 343
 0 344
 0 345
 4 346
 3 347
 2 348
 5 349
 2 350
 2 351
 1 352
 0 353
 3 354
 1 355
 2 356
 0 357
 0 358
 1 359
 1 360
 2 361
 2 362
 2 363
 3 364
 2 365
 2 366
 0 367
 0 368
 1 369
 1 370
 1 371
 3 372
 0 373
 0 374
 1 375
 1 376
 2 377
 2 378
 0 379
 0 380
 0 381
 1 382
 3 383
 0 384
 0 385
 2 386
 0 387
 0 388
 0 389
 1 390
 0 391
 0 392
 1 393
 0 394
 0 395
 2 396
 0 397
 1 398
 0 399
 0 400
 0 401
 0 402
 0 403
 0 404
 0 405
 1 406
 0 407
 1 408
 0 409
 0 410
 0 411
 0 412
 0 413
 0 414
 0 415
 0 416
 0 417
 0 418
 0 419
 0 420
 0 421
 0 422
 0 423
 0 424
 0 425
 0 426
 0 427
 0 428
 0 429
 0 430
 0 431
 0 432
 0 433
 0 434
 0 435
 0 436
 0 437
 0 438
 0 439
 0 440
 0 441
 0 442
 0 443
 0 444
 0 445
 0 446
 0 447
 0 448
 0 449
 0 450
 0 451
 0 452
 0 453
 0 454
 0 455
 0 456
 0 457
 0 458
 0 459
 0 460
 0 461
 0 462
 0 463
 0 464
 0 465
 0 466
 0 467
 0 468
 0 469
 0 470
 0 471
 0 472
 0 473
 0 474
 0 475
 0 476
 0 477
 0 478
 0 479
 0 480
 0 481
 0 482
 0 483
 0 484
 0 485
 0 486
 0 487
 0 488
 0 489
 0 490
 0 491
 0 492
 0 493
 0 494
 0 495
 0 496
 0 497
 0 498
 0 499
 0 500
 0 501
 0 502
 0 503
 0 504
 0 505
 0 506
 0 507
 0 508
 0 509
 0 510
 0 511
 0 512
 0 513
 0 514
 0 515
 0 516
 0 517
 0 518
 0 519
 0 520
 0 521
 0 522
 0 523
 0 524
 0 525
 0 526
 0 527
 0 528
 0 529
 0 530
 0 531
 0 532
 0 533
 0 534
 0 535
 0 536
 0 537
 0 538
 0 539
 0 540
 0 541
 0 542
 0 543
 0 544
 0 545
 0 546
 0 547
 0 548
 0 549
 0 550
 0 551
 0 552
 0 553
 0 554
 0 555
 0 556
 0 557
 0 558
 0 559
 0 560
 0 561
 0 562
 0 563
 0 564
 0 565
 0 566
 0 567
 0 568
 0 569
 0 570
 0 571
 0 572
 0 573
 0 574
 0 575
 0 576
 0 577
 0 578
 0 579
 0 580
 0 581
 0 582
 0 583
 0 584
 0 585
 0 586
 0 587
 0 588
 0 589
 0 590
 0 591
 0 592
 0 593
 0 594
 0 595
 0 596
 0 597
 0 598
 0 599
 0 600


