# Created by Octave 3.8.2, Sat Jun 20 12:06:21 2020 CEST <damian@fptrucha.inv.usc.es>
# name: hd
# type: matrix
# rows: 551
# columns: 2
 0 50
 0 51
 0 52
 0 53
 0 54
 0 55
 0 56
 0 57
 0 58
 0 59
 0 60
 0 61
 0 62
 0 63
 0 64
 0 65
 0 66
 0 67
 0 68
 0 69
 0 70
 0 71
 0 72
 0 73
 0 74
 0 75
 0 76
 0 77
 0 78
 0 79
 0 80
 0 81
 0 82
 0 83
 0 84
 0 85
 0 86
 0 87
 0 88
 1 89
 9 90
 19 91
 53 92
 128 93
 312 94
 434 95
 556 96
 642 97
 916 98
 1226 99
 1350 100
 1469 101
 1525 102
 1535 103
 1565 104
 1556 105
 1574 106
 1540 107
 1553 108
 1474 109
 1426 110
 1369 111
 1312 112
 1216 113
 1119 114
 1104 115
 1009 116
 910 117
 850 118
 714 119
 741 120
 626 121
 579 122
 540 123
 455 124
 459 125
 402 126
 359 127
 323 128
 272 129
 274 130
 239 131
 200 132
 198 133
 177 134
 156 135
 136 136
 127 137
 127 138
 120 139
 116 140
 95 141
 109 142
 98 143
 75 144
 92 145
 54 146
 56 147
 66 148
 58 149
 52 150
 53 151
 40 152
 34 153
 46 154
 35 155
 29 156
 26 157
 35 158
 30 159
 29 160
 25 161
 22 162
 20 163
 15 164
 17 165
 15 166
 11 167
 14 168
 7 169
 12 170
 19 171
 5 172
 7 173
 8 174
 11 175
 7 176
 9 177
 10 178
 4 179
 11 180
 13 181
 2 182
 6 183
 3 184
 3 185
 3 186
 0 187
 0 188
 2 189
 2 190
 2 191
 0 192
 2 193
 0 194
 0 195
 3 196
 0 197
 1 198
 2 199
 1 200
 1 201
 3 202
 1 203
 2 204
 0 205
 2 206
 0 207
 0 208
 0 209
 1 210
 1 211
 0 212
 0 213
 0 214
 0 215
 1 216
 0 217
 0 218
 0 219
 0 220
 1 221
 0 222
 0 223
 1 224
 0 225
 0 226
 0 227
 0 228
 0 229
 0 230
 0 231
 0 232
 0 233
 0 234
 0 235
 0 236
 0 237
 0 238
 0 239
 0 240
 0 241
 0 242
 0 243
 0 244
 0 245
 0 246
 0 247
 0 248
 0 249
 0 250
 0 251
 0 252
 0 253
 0 254
 0 255
 0 256
 0 257
 0 258
 0 259
 0 260
 0 261
 0 262
 0 263
 0 264
 0 265
 0 266
 0 267
 0 268
 0 269
 0 270
 0 271
 0 272
 0 273
 0 274
 0 275
 0 276
 0 277
 0 278
 0 279
 0 280
 0 281
 0 282
 0 283
 0 284
 0 285
 1 286
 0 287
 0 288
 0 289
 0 290
 0 291
 1 292
 1 293
 0 294
 0 295
 0 296
 0 297
 1 298
 2 299
 2 300
 0 301
 3 302
 0 303
 0 304
 1 305
 0 306
 1 307
 1 308
 0 309
 1 310
 3 311
 1 312
 0 313
 1 314
 1 315
 3 316
 1 317
 0 318
 2 319
 5 320
 1 321
 1 322
 0 323
 1 324
 0 325
 2 326
 3 327
 2 328
 0 329
 0 330
 2 331
 2 332
 1 333
 0 334
 1 335
 1 336
 2 337
 2 338
 0 339
 1 340
 2 341
 1 342
 3 343
 0 344
 1 345
 3 346
 4 347
 2 348
 1 349
 0 350
 1 351
 2 352
 0 353
 2 354
 4 355
 1 356
 1 357
 1 358
 3 359
 2 360
 0 361
 3 362
 0 363
 0 364
 2 365
 0 366
 0 367
 6 368
 1 369
 1 370
 1 371
 0 372
 0 373
 0 374
 2 375
 0 376
 1 377
 0 378
 0 379
 0 380
 0 381
 2 382
 0 383
 1 384
 0 385
 1 386
 1 387
 0 388
 1 389
 0 390
 0 391
 0 392
 0 393
 1 394
 0 395
 0 396
 0 397
 0 398
 0 399
 1 400
 0 401
 0 402
 0 403
 0 404
 0 405
 0 406
 0 407
 0 408
 0 409
 0 410
 0 411
 1 412
 0 413
 0 414
 0 415
 0 416
 0 417
 1 418
 0 419
 0 420
 0 421
 0 422
 0 423
 0 424
 0 425
 0 426
 0 427
 0 428
 0 429
 0 430
 0 431
 0 432
 0 433
 0 434
 0 435
 0 436
 0 437
 0 438
 0 439
 0 440
 0 441
 0 442
 0 443
 0 444
 0 445
 0 446
 0 447
 0 448
 0 449
 0 450
 0 451
 0 452
 0 453
 0 454
 0 455
 0 456
 0 457
 0 458
 0 459
 0 460
 0 461
 0 462
 0 463
 0 464
 0 465
 0 466
 0 467
 0 468
 0 469
 0 470
 0 471
 0 472
 0 473
 0 474
 0 475
 0 476
 0 477
 0 478
 0 479
 0 480
 0 481
 0 482
 0 483
 0 484
 0 485
 0 486
 0 487
 0 488
 0 489
 0 490
 0 491
 0 492
 0 493
 0 494
 0 495
 0 496
 0 497
 0 498
 0 499
 0 500
 0 501
 0 502
 0 503
 0 504
 0 505
 0 506
 0 507
 0 508
 0 509
 0 510
 0 511
 0 512
 0 513
 0 514
 0 515
 0 516
 0 517
 0 518
 0 519
 0 520
 0 521
 0 522
 0 523
 0 524
 0 525
 0 526
 0 527
 0 528
 0 529
 0 530
 0 531
 0 532
 0 533
 0 534
 0 535
 0 536
 0 537
 0 538
 0 539
 0 540
 0 541
 0 542
 0 543
 0 544
 0 545
 0 546
 0 547
 0 548
 0 549
 0 550
 0 551
 0 552
 0 553
 0 554
 0 555
 0 556
 0 557
 0 558
 0 559
 0 560
 0 561
 0 562
 0 563
 0 564
 0 565
 0 566
 0 567
 0 568
 0 569
 0 570
 0 571
 0 572
 0 573
 0 574
 0 575
 0 576
 0 577
 0 578
 0 579
 0 580
 0 581
 0 582
 0 583
 0 584
 0 585
 0 586
 0 587
 0 588
 0 589
 0 590
 0 591
 0 592
 0 593
 0 594
 0 595
 0 596
 0 597
 0 598
 0 599
 0 600


