# Created by Octave 3.8.2, Sat Jun 20 20:46:47 2020 CEST <damian@fptrucha.inv.usc.es>
# name: hd
# type: matrix
# rows: 551
# columns: 2
 0 50
 0 51
 0 52
 0 53
 0 54
 0 55
 0 56
 0 57
 0 58
 0 59
 0 60
 0 61
 0 62
 0 63
 0 64
 0 65
 0 66
 0 67
 0 68
 0 69
 0 70
 0 71
 0 72
 0 73
 0 74
 0 75
 0 76
 0 77
 0 78
 0 79
 0 80
 0 81
 0 82
 0 83
 0 84
 0 85
 0 86
 0 87
 0 88
 2 89
 5 90
 20 91
 42 92
 142 93
 267 94
 335 95
 398 96
 575 97
 769 98
 1004 99
 1078 100
 1197 101
 1250 102
 1313 103
 1334 104
 1334 105
 1381 106
 1349 107
 1378 108
 1259 109
 1300 110
 1317 111
 1203 112
 1097 113
 1035 114
 943 115
 889 116
 848 117
 779 118
 708 119
 724 120
 618 121
 549 122
 566 123
 471 124
 439 125
 428 126
 351 127
 331 128
 267 129
 297 130
 250 131
 228 132
 219 133
 168 134
 154 135
 157 136
 138 137
 116 138
 113 139
 102 140
 119 141
 101 142
 96 143
 65 144
 66 145
 84 146
 68 147
 57 148
 53 149
 39 150
 38 151
 52 152
 40 153
 28 154
 38 155
 28 156
 30 157
 32 158
 32 159
 27 160
 25 161
 23 162
 20 163
 17 164
 17 165
 16 166
 15 167
 17 168
 15 169
 4 170
 15 171
 4 172
 11 173
 8 174
 9 175
 4 176
 8 177
 7 178
 3 179
 8 180
 8 181
 4 182
 2 183
 4 184
 7 185
 3 186
 4 187
 2 188
 1 189
 3 190
 2 191
 2 192
 3 193
 3 194
 2 195
 1 196
 2 197
 1 198
 1 199
 0 200
 2 201
 1 202
 1 203
 0 204
 2 205
 0 206
 2 207
 2 208
 0 209
 0 210
 0 211
 0 212
 1 213
 0 214
 1 215
 0 216
 0 217
 0 218
 0 219
 0 220
 0 221
 1 222
 0 223
 0 224
 0 225
 0 226
 0 227
 0 228
 0 229
 0 230
 1 231
 0 232
 0 233
 0 234
 0 235
 1 236
 0 237
 0 238
 0 239
 0 240
 0 241
 0 242
 0 243
 0 244
 0 245
 0 246
 0 247
 0 248
 0 249
 0 250
 0 251
 0 252
 0 253
 0 254
 0 255
 0 256
 0 257
 0 258
 0 259
 0 260
 0 261
 0 262
 0 263
 0 264
 0 265
 1 266
 0 267
 1 268
 0 269
 0 270
 0 271
 0 272
 0 273
 0 274
 0 275
 0 276
 0 277
 0 278
 0 279
 0 280
 0 281
 0 282
 0 283
 0 284
 0 285
 0 286
 0 287
 0 288
 0 289
 0 290
 0 291
 1 292
 1 293
 1 294
 1 295
 0 296
 0 297
 1 298
 1 299
 0 300
 0 301
 0 302
 0 303
 1 304
 2 305
 1 306
 2 307
 2 308
 2 309
 3 310
 0 311
 1 312
 1 313
 0 314
 3 315
 0 316
 2 317
 1 318
 3 319
 0 320
 1 321
 3 322
 0 323
 0 324
 0 325
 1 326
 3 327
 3 328
 2 329
 2 330
 0 331
 1 332
 0 333
 0 334
 1 335
 0 336
 2 337
 2 338
 1 339
 3 340
 0 341
 3 342
 1 343
 2 344
 2 345
 2 346
 2 347
 2 348
 4 349
 2 350
 2 351
 3 352
 2 353
 0 354
 1 355
 1 356
 0 357
 3 358
 0 359
 2 360
 0 361
 3 362
 0 363
 0 364
 2 365
 0 366
 3 367
 0 368
 0 369
 1 370
 0 371
 1 372
 2 373
 2 374
 0 375
 0 376
 0 377
 0 378
 2 379
 0 380
 0 381
 0 382
 0 383
 1 384
 0 385
 0 386
 0 387
 0 388
 0 389
 0 390
 0 391
 0 392
 0 393
 1 394
 1 395
 0 396
 0 397
 0 398
 0 399
 0 400
 1 401
 0 402
 0 403
 0 404
 0 405
 0 406
 0 407
 0 408
 0 409
 0 410
 0 411
 0 412
 0 413
 0 414
 0 415
 0 416
 0 417
 0 418
 0 419
 0 420
 0 421
 0 422
 0 423
 0 424
 0 425
 0 426
 0 427
 0 428
 0 429
 0 430
 0 431
 0 432
 0 433
 0 434
 0 435
 0 436
 0 437
 0 438
 0 439
 0 440
 0 441
 0 442
 0 443
 0 444
 0 445
 0 446
 0 447
 0 448
 0 449
 0 450
 0 451
 0 452
 0 453
 0 454
 0 455
 0 456
 0 457
 0 458
 0 459
 0 460
 0 461
 0 462
 0 463
 0 464
 0 465
 0 466
 0 467
 0 468
 0 469
 0 470
 0 471
 0 472
 0 473
 0 474
 0 475
 0 476
 0 477
 0 478
 0 479
 0 480
 0 481
 0 482
 0 483
 0 484
 0 485
 0 486
 0 487
 0 488
 0 489
 0 490
 0 491
 0 492
 0 493
 0 494
 0 495
 0 496
 0 497
 0 498
 0 499
 0 500
 0 501
 0 502
 0 503
 0 504
 0 505
 0 506
 0 507
 0 508
 0 509
 0 510
 0 511
 0 512
 0 513
 0 514
 0 515
 0 516
 0 517
 0 518
 0 519
 0 520
 0 521
 0 522
 0 523
 0 524
 0 525
 0 526
 0 527
 0 528
 0 529
 0 530
 0 531
 0 532
 0 533
 0 534
 0 535
 0 536
 0 537
 0 538
 0 539
 0 540
 0 541
 0 542
 0 543
 0 544
 0 545
 0 546
 0 547
 0 548
 0 549
 0 550
 0 551
 0 552
 0 553
 0 554
 0 555
 0 556
 0 557
 0 558
 0 559
 0 560
 0 561
 0 562
 0 563
 0 564
 0 565
 0 566
 0 567
 0 568
 0 569
 0 570
 0 571
 0 572
 0 573
 0 574
 0 575
 0 576
 0 577
 0 578
 0 579
 0 580
 0 581
 0 582
 0 583
 0 584
 0 585
 0 586
 0 587
 0 588
 0 589
 0 590
 0 591
 0 592
 0 593
 0 594
 0 595
 0 596
 0 597
 0 598
 0 599
 0 600


