# Created by Octave 3.8.2, Sat Jun 20 12:35:16 2020 CEST <damian@fptrucha.inv.usc.es>
# name: hd
# type: matrix
# rows: 551
# columns: 2
 0 50
 0 51
 0 52
 0 53
 0 54
 0 55
 0 56
 0 57
 0 58
 0 59
 0 60
 0 61
 0 62
 0 63
 0 64
 0 65
 0 66
 0 67
 0 68
 0 69
 0 70
 0 71
 0 72
 0 73
 0 74
 0 75
 0 76
 0 77
 0 78
 0 79
 0 80
 0 81
 0 82
 0 83
 0 84
 0 85
 0 86
 0 87
 0 88
 2 89
 7 90
 14 91
 47 92
 151 93
 294 94
 430 95
 529 96
 676 97
 958 98
 1234 99
 1446 100
 1454 101
 1442 102
 1579 103
 1530 104
 1660 105
 1555 106
 1552 107
 1519 108
 1349 109
 1327 110
 1344 111
 1253 112
 1203 113
 1074 114
 1063 115
 887 116
 856 117
 811 118
 742 119
 699 120
 628 121
 585 122
 521 123
 475 124
 433 125
 377 126
 383 127
 327 128
 278 129
 267 130
 228 131
 204 132
 206 133
 194 134
 169 135
 149 136
 150 137
 133 138
 107 139
 115 140
 96 141
 96 142
 76 143
 92 144
 75 145
 68 146
 54 147
 74 148
 47 149
 53 150
 45 151
 46 152
 39 153
 35 154
 41 155
 35 156
 36 157
 39 158
 36 159
 32 160
 21 161
 26 162
 22 163
 13 164
 19 165
 16 166
 12 167
 14 168
 12 169
 20 170
 5 171
 11 172
 10 173
 3 174
 6 175
 14 176
 5 177
 3 178
 5 179
 6 180
 7 181
 5 182
 3 183
 2 184
 8 185
 3 186
 3 187
 3 188
 6 189
 2 190
 1 191
 0 192
 1 193
 0 194
 1 195
 3 196
 2 197
 2 198
 2 199
 0 200
 3 201
 2 202
 1 203
 2 204
 1 205
 1 206
 1 207
 0 208
 0 209
 0 210
 0 211
 1 212
 0 213
 1 214
 0 215
 0 216
 0 217
 0 218
 0 219
 1 220
 1 221
 1 222
 0 223
 0 224
 0 225
 0 226
 0 227
 0 228
 0 229
 0 230
 0 231
 0 232
 0 233
 0 234
 0 235
 0 236
 0 237
 0 238
 0 239
 0 240
 0 241
 0 242
 0 243
 0 244
 0 245
 0 246
 0 247
 0 248
 0 249
 0 250
 0 251
 0 252
 0 253
 0 254
 0 255
 0 256
 0 257
 0 258
 0 259
 0 260
 0 261
 0 262
 0 263
 0 264
 0 265
 0 266
 0 267
 0 268
 0 269
 0 270
 0 271
 0 272
 0 273
 0 274
 0 275
 0 276
 0 277
 0 278
 0 279
 0 280
 0 281
 0 282
 0 283
 0 284
 0 285
 0 286
 0 287
 0 288
 1 289
 0 290
 1 291
 1 292
 0 293
 0 294
 1 295
 0 296
 0 297
 2 298
 2 299
 0 300
 0 301
 0 302
 0 303
 0 304
 0 305
 1 306
 1 307
 0 308
 1 309
 0 310
 1 311
 0 312
 0 313
 4 314
 1 315
 1 316
 2 317
 1 318
 0 319
 1 320
 3 321
 3 322
 0 323
 2 324
 1 325
 2 326
 0 327
 1 328
 2 329
 0 330
 1 331
 0 332
 0 333
 2 334
 0 335
 1 336
 4 337
 0 338
 2 339
 3 340
 2 341
 1 342
 3 343
 0 344
 2 345
 2 346
 0 347
 2 348
 1 349
 2 350
 2 351
 2 352
 1 353
 1 354
 2 355
 0 356
 0 357
 1 358
 0 359
 1 360
 0 361
 2 362
 1 363
 1 364
 1 365
 1 366
 4 367
 1 368
 1 369
 0 370
 1 371
 0 372
 0 373
 1 374
 0 375
 1 376
 0 377
 0 378
 1 379
 2 380
 0 381
 1 382
 1 383
 0 384
 1 385
 1 386
 0 387
 2 388
 0 389
 0 390
 0 391
 1 392
 0 393
 0 394
 0 395
 0 396
 0 397
 1 398
 0 399
 0 400
 1 401
 0 402
 1 403
 0 404
 0 405
 1 406
 1 407
 0 408
 0 409
 0 410
 0 411
 0 412
 0 413
 0 414
 0 415
 0 416
 0 417
 0 418
 0 419
 0 420
 0 421
 0 422
 0 423
 0 424
 0 425
 0 426
 0 427
 0 428
 0 429
 0 430
 0 431
 0 432
 0 433
 0 434
 0 435
 0 436
 0 437
 0 438
 0 439
 0 440
 0 441
 0 442
 0 443
 0 444
 0 445
 0 446
 0 447
 0 448
 0 449
 0 450
 0 451
 0 452
 0 453
 0 454
 0 455
 0 456
 0 457
 0 458
 0 459
 0 460
 0 461
 0 462
 0 463
 0 464
 0 465
 0 466
 0 467
 0 468
 0 469
 0 470
 0 471
 0 472
 0 473
 0 474
 0 475
 0 476
 0 477
 0 478
 0 479
 0 480
 0 481
 0 482
 0 483
 0 484
 0 485
 0 486
 0 487
 0 488
 0 489
 0 490
 0 491
 0 492
 0 493
 0 494
 0 495
 0 496
 0 497
 0 498
 0 499
 0 500
 0 501
 0 502
 0 503
 0 504
 0 505
 0 506
 0 507
 0 508
 0 509
 0 510
 0 511
 0 512
 0 513
 0 514
 0 515
 0 516
 0 517
 0 518
 0 519
 0 520
 0 521
 0 522
 0 523
 0 524
 0 525
 0 526
 0 527
 0 528
 0 529
 0 530
 0 531
 0 532
 0 533
 0 534
 0 535
 0 536
 0 537
 0 538
 0 539
 0 540
 0 541
 0 542
 0 543
 0 544
 0 545
 0 546
 0 547
 0 548
 0 549
 0 550
 0 551
 0 552
 0 553
 0 554
 0 555
 0 556
 0 557
 0 558
 0 559
 0 560
 0 561
 0 562
 0 563
 0 564
 0 565
 0 566
 0 567
 0 568
 0 569
 0 570
 0 571
 0 572
 0 573
 0 574
 0 575
 0 576
 0 577
 0 578
 0 579
 0 580
 0 581
 0 582
 0 583
 0 584
 0 585
 0 586
 0 587
 0 588
 0 589
 0 590
 0 591
 0 592
 0 593
 0 594
 0 595
 0 596
 0 597
 0 598
 0 599
 0 600


