# Created by Octave 3.8.2, Sat Jun 20 13:23:39 2020 CEST <damian@fptrucha.inv.usc.es>
# name: hd
# type: matrix
# rows: 551
# columns: 2
 0 50
 0 51
 0 52
 0 53
 0 54
 0 55
 0 56
 0 57
 0 58
 0 59
 0 60
 0 61
 0 62
 0 63
 0 64
 0 65
 0 66
 0 67
 0 68
 0 69
 0 70
 0 71
 0 72
 0 73
 0 74
 0 75
 0 76
 0 77
 0 78
 0 79
 0 80
 0 81
 0 82
 0 83
 0 84
 0 85
 0 86
 0 87
 0 88
 3 89
 4 90
 15 91
 54 92
 172 93
 275 94
 442 95
 552 96
 690 97
 955 98
 1167 99
 1361 100
 1363 101
 1420 102
 1548 103
 1497 104
 1594 105
 1546 106
 1590 107
 1526 108
 1428 109
 1330 110
 1331 111
 1329 112
 1145 113
 1159 114
 1022 115
 933 116
 854 117
 850 118
 751 119
 673 120
 622 121
 595 122
 483 123
 456 124
 434 125
 379 126
 348 127
 349 128
 316 129
 259 130
 225 131
 196 132
 168 133
 155 134
 150 135
 138 136
 147 137
 125 138
 95 139
 106 140
 86 141
 97 142
 71 143
 77 144
 66 145
 65 146
 59 147
 44 148
 56 149
 50 150
 38 151
 39 152
 35 153
 39 154
 26 155
 33 156
 31 157
 36 158
 23 159
 22 160
 24 161
 21 162
 21 163
 18 164
 11 165
 14 166
 15 167
 11 168
 14 169
 13 170
 16 171
 10 172
 9 173
 10 174
 8 175
 2 176
 8 177
 5 178
 8 179
 14 180
 6 181
 1 182
 6 183
 9 184
 3 185
 3 186
 5 187
 2 188
 4 189
 3 190
 0 191
 1 192
 2 193
 4 194
 2 195
 0 196
 1 197
 2 198
 1 199
 1 200
 2 201
 3 202
 1 203
 0 204
 1 205
 0 206
 1 207
 0 208
 0 209
 1 210
 0 211
 0 212
 0 213
 0 214
 0 215
 0 216
 0 217
 0 218
 0 219
 0 220
 0 221
 0 222
 0 223
 0 224
 0 225
 1 226
 0 227
 0 228
 0 229
 0 230
 0 231
 0 232
 0 233
 0 234
 0 235
 0 236
 0 237
 0 238
 0 239
 0 240
 0 241
 0 242
 0 243
 0 244
 0 245
 0 246
 0 247
 0 248
 0 249
 0 250
 0 251
 0 252
 0 253
 0 254
 0 255
 0 256
 0 257
 0 258
 0 259
 0 260
 0 261
 0 262
 0 263
 0 264
 0 265
 0 266
 0 267
 0 268
 0 269
 0 270
 0 271
 0 272
 0 273
 0 274
 0 275
 0 276
 0 277
 0 278
 0 279
 1 280
 0 281
 0 282
 0 283
 0 284
 0 285
 0 286
 0 287
 0 288
 0 289
 0 290
 0 291
 1 292
 0 293
 1 294
 0 295
 0 296
 0 297
 1 298
 0 299
 1 300
 0 301
 0 302
 1 303
 2 304
 1 305
 1 306
 0 307
 0 308
 1 309
 0 310
 2 311
 1 312
 1 313
 0 314
 1 315
 1 316
 3 317
 1 318
 1 319
 2 320
 0 321
 0 322
 2 323
 1 324
 0 325
 0 326
 0 327
 1 328
 1 329
 0 330
 1 331
 2 332
 0 333
 0 334
 1 335
 2 336
 0 337
 0 338
 0 339
 4 340
 2 341
 1 342
 1 343
 2 344
 1 345
 1 346
 1 347
 2 348
 0 349
 2 350
 2 351
 1 352
 1 353
 2 354
 5 355
 0 356
 1 357
 0 358
 2 359
 1 360
 1 361
 0 362
 1 363
 1 364
 0 365
 1 366
 1 367
 0 368
 3 369
 1 370
 1 371
 0 372
 1 373
 0 374
 1 375
 1 376
 2 377
 0 378
 0 379
 0 380
 0 381
 0 382
 1 383
 0 384
 0 385
 0 386
 3 387
 0 388
 0 389
 0 390
 0 391
 0 392
 0 393
 1 394
 0 395
 0 396
 0 397
 0 398
 0 399
 0 400
 0 401
 0 402
 0 403
 0 404
 0 405
 0 406
 1 407
 0 408
 0 409
 0 410
 0 411
 0 412
 0 413
 0 414
 0 415
 0 416
 0 417
 0 418
 0 419
 0 420
 0 421
 0 422
 0 423
 0 424
 0 425
 0 426
 0 427
 0 428
 0 429
 0 430
 0 431
 0 432
 0 433
 0 434
 0 435
 0 436
 0 437
 0 438
 0 439
 0 440
 0 441
 0 442
 0 443
 0 444
 0 445
 0 446
 0 447
 0 448
 0 449
 0 450
 0 451
 0 452
 0 453
 0 454
 0 455
 0 456
 0 457
 0 458
 0 459
 0 460
 0 461
 0 462
 0 463
 0 464
 0 465
 0 466
 0 467
 0 468
 0 469
 0 470
 0 471
 0 472
 0 473
 0 474
 0 475
 0 476
 0 477
 0 478
 0 479
 0 480
 0 481
 0 482
 0 483
 0 484
 0 485
 0 486
 0 487
 0 488
 0 489
 0 490
 0 491
 0 492
 0 493
 0 494
 0 495
 0 496
 0 497
 0 498
 0 499
 0 500
 0 501
 0 502
 0 503
 0 504
 0 505
 0 506
 0 507
 0 508
 0 509
 0 510
 0 511
 0 512
 0 513
 0 514
 0 515
 0 516
 0 517
 0 518
 0 519
 0 520
 0 521
 0 522
 0 523
 0 524
 0 525
 0 526
 0 527
 0 528
 0 529
 0 530
 0 531
 0 532
 0 533
 0 534
 0 535
 0 536
 0 537
 0 538
 0 539
 0 540
 0 541
 0 542
 0 543
 0 544
 0 545
 0 546
 0 547
 0 548
 0 549
 0 550
 0 551
 0 552
 0 553
 0 554
 0 555
 0 556
 0 557
 0 558
 0 559
 0 560
 0 561
 0 562
 0 563
 0 564
 0 565
 0 566
 0 567
 0 568
 0 569
 0 570
 0 571
 0 572
 0 573
 0 574
 0 575
 0 576
 0 577
 0 578
 0 579
 0 580
 0 581
 0 582
 0 583
 0 584
 0 585
 0 586
 0 587
 0 588
 0 589
 0 590
 0 591
 0 592
 0 593
 0 594
 0 595
 0 596
 0 597
 0 598
 0 599
 0 600


