# Created by Octave 3.8.2, Mon Jun 22 05:46:54 2020 CEST <damian@fptrucha.inv.usc.es>
# name: hd
# type: matrix
# rows: 551
# columns: 2
 0 50
 0 51
 0 52
 0 53
 0 54
 0 55
 0 56
 0 57
 0 58
 0 59
 0 60
 0 61
 0 62
 0 63
 0 64
 0 65
 0 66
 0 67
 0 68
 0 69
 0 70
 0 71
 0 72
 0 73
 0 74
 0 75
 0 76
 0 77
 0 78
 0 79
 0 80
 0 81
 0 82
 0 83
 0 84
 0 85
 0 86
 0 87
 0 88
 0 89
 1 90
 14 91
 20 92
 68 93
 158 94
 330 95
 490 96
 585 97
 700 98
 952 99
 1234 100
 1437 101
 1440 102
 1444 103
 1532 104
 1502 105
 1426 106
 1384 107
 1471 108
 1280 109
 1310 110
 1180 111
 1132 112
 1023 113
 960 114
 916 115
 801 116
 705 117
 611 118
 624 119
 524 120
 526 121
 435 122
 428 123
 382 124
 329 125
 285 126
 254 127
 235 128
 212 129
 191 130
 168 131
 159 132
 140 133
 122 134
 135 135
 114 136
 99 137
 94 138
 117 139
 83 140
 82 141
 75 142
 73 143
 71 144
 75 145
 50 146
 59 147
 43 148
 47 149
 43 150
 44 151
 52 152
 41 153
 57 154
 35 155
 22 156
 26 157
 37 158
 28 159
 33 160
 23 161
 17 162
 19 163
 14 164
 18 165
 13 166
 18 167
 14 168
 11 169
 14 170
 10 171
 17 172
 11 173
 7 174
 4 175
 4 176
 12 177
 9 178
 8 179
 8 180
 3 181
 8 182
 7 183
 7 184
 3 185
 5 186
 5 187
 1 188
 3 189
 5 190
 6 191
 2 192
 6 193
 1 194
 3 195
 2 196
 2 197
 1 198
 4 199
 2 200
 0 201
 2 202
 0 203
 0 204
 1 205
 1 206
 1 207
 2 208
 0 209
 0 210
 0 211
 0 212
 1 213
 1 214
 1 215
 0 216
 0 217
 0 218
 0 219
 0 220
 0 221
 1 222
 1 223
 0 224
 1 225
 0 226
 0 227
 0 228
 0 229
 0 230
 0 231
 0 232
 0 233
 0 234
 0 235
 0 236
 0 237
 0 238
 0 239
 0 240
 0 241
 0 242
 0 243
 0 244
 0 245
 0 246
 0 247
 0 248
 0 249
 0 250
 0 251
 0 252
 0 253
 0 254
 0 255
 0 256
 0 257
 0 258
 0 259
 0 260
 0 261
 0 262
 0 263
 0 264
 0 265
 0 266
 0 267
 0 268
 0 269
 0 270
 0 271
 0 272
 0 273
 0 274
 0 275
 0 276
 0 277
 0 278
 0 279
 0 280
 0 281
 0 282
 0 283
 1 284
 0 285
 0 286
 0 287
 0 288
 1 289
 0 290
 0 291
 0 292
 0 293
 0 294
 0 295
 1 296
 0 297
 0 298
 0 299
 0 300
 1 301
 0 302
 0 303
 0 304
 1 305
 1 306
 1 307
 0 308
 0 309
 1 310
 2 311
 2 312
 1 313
 0 314
 2 315
 2 316
 2 317
 5 318
 2 319
 0 320
 3 321
 0 322
 2 323
 1 324
 2 325
 3 326
 4 327
 1 328
 0 329
 1 330
 5 331
 2 332
 4 333
 2 334
 0 335
 1 336
 1 337
 3 338
 0 339
 1 340
 1 341
 1 342
 0 343
 4 344
 1 345
 3 346
 2 347
 0 348
 1 349
 2 350
 2 351
 1 352
 0 353
 3 354
 3 355
 1 356
 2 357
 3 358
 0 359
 1 360
 0 361
 1 362
 1 363
 2 364
 1 365
 2 366
 0 367
 1 368
 0 369
 1 370
 0 371
 1 372
 1 373
 0 374
 0 375
 0 376
 0 377
 0 378
 0 379
 0 380
 1 381
 0 382
 0 383
 0 384
 0 385
 1 386
 1 387
 0 388
 0 389
 0 390
 1 391
 1 392
 0 393
 0 394
 0 395
 0 396
 1 397
 0 398
 0 399
 1 400
 0 401
 0 402
 0 403
 0 404
 0 405
 0 406
 0 407
 0 408
 0 409
 0 410
 1 411
 0 412
 0 413
 0 414
 0 415
 0 416
 0 417
 0 418
 0 419
 0 420
 0 421
 0 422
 0 423
 0 424
 0 425
 0 426
 0 427
 0 428
 0 429
 0 430
 0 431
 0 432
 0 433
 0 434
 0 435
 0 436
 0 437
 0 438
 0 439
 0 440
 0 441
 0 442
 0 443
 0 444
 0 445
 0 446
 0 447
 0 448
 0 449
 0 450
 0 451
 0 452
 0 453
 0 454
 0 455
 0 456
 0 457
 0 458
 0 459
 0 460
 0 461
 0 462
 0 463
 0 464
 0 465
 0 466
 0 467
 0 468
 0 469
 0 470
 0 471
 0 472
 0 473
 0 474
 0 475
 0 476
 0 477
 0 478
 0 479
 0 480
 0 481
 0 482
 0 483
 0 484
 0 485
 0 486
 0 487
 0 488
 0 489
 0 490
 0 491
 0 492
 0 493
 0 494
 0 495
 0 496
 0 497
 0 498
 0 499
 0 500
 0 501
 0 502
 0 503
 0 504
 0 505
 0 506
 0 507
 0 508
 0 509
 0 510
 0 511
 0 512
 0 513
 0 514
 0 515
 0 516
 0 517
 0 518
 0 519
 0 520
 0 521
 0 522
 0 523
 0 524
 0 525
 0 526
 0 527
 0 528
 0 529
 0 530
 0 531
 0 532
 0 533
 0 534
 0 535
 0 536
 0 537
 0 538
 0 539
 0 540
 0 541
 0 542
 0 543
 0 544
 0 545
 0 546
 0 547
 0 548
 0 549
 0 550
 0 551
 0 552
 0 553
 0 554
 0 555
 0 556
 0 557
 0 558
 0 559
 0 560
 0 561
 0 562
 0 563
 0 564
 0 565
 0 566
 0 567
 0 568
 0 569
 0 570
 0 571
 0 572
 0 573
 0 574
 0 575
 0 576
 0 577
 0 578
 0 579
 0 580
 0 581
 0 582
 0 583
 0 584
 0 585
 0 586
 0 587
 0 588
 0 589
 0 590
 0 591
 0 592
 0 593
 0 594
 0 595
 0 596
 0 597
 0 598
 0 599
 0 600


