# Created by Octave 3.8.2, Mon Jun 22 18:57:32 2020 CEST <damian@fptrucha.inv.usc.es>
# name: hd
# type: matrix
# rows: 551
# columns: 2
 0 50
 0 51
 0 52
 0 53
 0 54
 0 55
 0 56
 0 57
 0 58
 0 59
 0 60
 0 61
 0 62
 0 63
 0 64
 0 65
 0 66
 0 67
 0 68
 0 69
 0 70
 0 71
 0 72
 0 73
 0 74
 0 75
 0 76
 0 77
 0 78
 0 79
 0 80
 0 81
 0 82
 0 83
 0 84
 0 85
 0 86
 0 87
 0 88
 0 89
 5 90
 8 91
 30 92
 103 93
 220 94
 426 95
 519 96
 633 97
 848 98
 1121 99
 1471 100
 1557 101
 1582 102
 1614 103
 1590 104
 1624 105
 1592 106
 1587 107
 1530 108
 1473 109
 1399 110
 1269 111
 1280 112
 1152 113
 1097 114
 983 115
 913 116
 786 117
 759 118
 709 119
 615 120
 585 121
 485 122
 412 123
 391 124
 359 125
 328 126
 269 127
 269 128
 239 129
 211 130
 184 131
 206 132
 187 133
 169 134
 133 135
 114 136
 97 137
 123 138
 105 139
 95 140
 95 141
 107 142
 76 143
 64 144
 64 145
 58 146
 51 147
 54 148
 38 149
 36 150
 50 151
 43 152
 36 153
 33 154
 33 155
 33 156
 34 157
 32 158
 31 159
 34 160
 31 161
 25 162
 28 163
 16 164
 22 165
 20 166
 12 167
 15 168
 16 169
 9 170
 8 171
 11 172
 8 173
 10 174
 9 175
 8 176
 10 177
 4 178
 10 179
 5 180
 2 181
 3 182
 3 183
 4 184
 5 185
 3 186
 2 187
 5 188
 5 189
 1 190
 1 191
 4 192
 1 193
 3 194
 2 195
 3 196
 7 197
 2 198
 3 199
 1 200
 0 201
 3 202
 1 203
 1 204
 1 205
 2 206
 0 207
 0 208
 0 209
 1 210
 1 211
 2 212
 0 213
 1 214
 1 215
 0 216
 1 217
 0 218
 0 219
 0 220
 0 221
 0 222
 0 223
 0 224
 0 225
 0 226
 1 227
 0 228
 0 229
 0 230
 1 231
 0 232
 1 233
 0 234
 0 235
 1 236
 0 237
 0 238
 0 239
 0 240
 0 241
 0 242
 0 243
 0 244
 0 245
 0 246
 0 247
 0 248
 0 249
 0 250
 0 251
 0 252
 0 253
 0 254
 0 255
 0 256
 0 257
 0 258
 0 259
 0 260
 0 261
 0 262
 0 263
 0 264
 0 265
 0 266
 0 267
 0 268
 0 269
 0 270
 0 271
 0 272
 0 273
 0 274
 0 275
 0 276
 0 277
 0 278
 0 279
 0 280
 1 281
 0 282
 0 283
 0 284
 0 285
 0 286
 0 287
 0 288
 0 289
 0 290
 0 291
 0 292
 1 293
 0 294
 0 295
 1 296
 0 297
 1 298
 1 299
 1 300
 1 301
 0 302
 3 303
 1 304
 1 305
 1 306
 1 307
 1 308
 0 309
 2 310
 0 311
 1 312
 1 313
 1 314
 0 315
 1 316
 0 317
 2 318
 1 319
 2 320
 2 321
 0 322
 0 323
 2 324
 3 325
 2 326
 3 327
 1 328
 1 329
 2 330
 2 331
 1 332
 2 333
 1 334
 2 335
 0 336
 0 337
 1 338
 0 339
 3 340
 1 341
 3 342
 0 343
 1 344
 0 345
 1 346
 1 347
 0 348
 1 349
 3 350
 2 351
 2 352
 2 353
 0 354
 1 355
 1 356
 1 357
 1 358
 0 359
 4 360
 1 361
 1 362
 2 363
 2 364
 1 365
 0 366
 0 367
 0 368
 1 369
 1 370
 1 371
 1 372
 4 373
 1 374
 3 375
 1 376
 1 377
 1 378
 0 379
 0 380
 0 381
 0 382
 1 383
 1 384
 0 385
 1 386
 0 387
 1 388
 0 389
 1 390
 1 391
 0 392
 0 393
 0 394
 0 395
 0 396
 0 397
 0 398
 1 399
 0 400
 1 401
 0 402
 1 403
 0 404
 0 405
 0 406
 0 407
 0 408
 0 409
 1 410
 0 411
 0 412
 0 413
 0 414
 0 415
 0 416
 0 417
 0 418
 0 419
 0 420
 0 421
 0 422
 0 423
 0 424
 0 425
 0 426
 0 427
 0 428
 0 429
 0 430
 0 431
 0 432
 0 433
 0 434
 0 435
 0 436
 0 437
 0 438
 0 439
 0 440
 0 441
 0 442
 0 443
 0 444
 0 445
 0 446
 0 447
 0 448
 0 449
 0 450
 0 451
 0 452
 0 453
 0 454
 0 455
 0 456
 0 457
 0 458
 0 459
 0 460
 0 461
 0 462
 0 463
 0 464
 0 465
 0 466
 0 467
 0 468
 0 469
 0 470
 0 471
 0 472
 0 473
 0 474
 0 475
 0 476
 0 477
 0 478
 0 479
 0 480
 0 481
 0 482
 0 483
 0 484
 0 485
 0 486
 0 487
 0 488
 0 489
 0 490
 0 491
 0 492
 0 493
 0 494
 0 495
 0 496
 0 497
 0 498
 0 499
 0 500
 0 501
 0 502
 0 503
 0 504
 0 505
 0 506
 0 507
 0 508
 0 509
 0 510
 0 511
 0 512
 0 513
 0 514
 0 515
 0 516
 0 517
 0 518
 0 519
 0 520
 0 521
 0 522
 0 523
 0 524
 0 525
 0 526
 0 527
 0 528
 0 529
 0 530
 0 531
 0 532
 0 533
 0 534
 0 535
 0 536
 0 537
 0 538
 0 539
 0 540
 0 541
 0 542
 0 543
 0 544
 0 545
 0 546
 0 547
 0 548
 0 549
 0 550
 0 551
 0 552
 0 553
 0 554
 0 555
 0 556
 0 557
 0 558
 0 559
 0 560
 0 561
 0 562
 0 563
 0 564
 0 565
 0 566
 0 567
 0 568
 0 569
 0 570
 0 571
 0 572
 0 573
 0 574
 0 575
 0 576
 0 577
 0 578
 0 579
 0 580
 0 581
 0 582
 0 583
 0 584
 0 585
 0 586
 0 587
 0 588
 0 589
 0 590
 0 591
 0 592
 0 593
 0 594
 0 595
 0 596
 0 597
 0 598
 0 599
 0 600


