# Created by Octave 3.8.2, Sat Jun 20 12:24:43 2020 CEST <damian@fptrucha.inv.usc.es>
# name: hd
# type: matrix
# rows: 551
# columns: 2
 0 50
 0 51
 0 52
 0 53
 0 54
 0 55
 0 56
 0 57
 0 58
 0 59
 0 60
 0 61
 0 62
 0 63
 0 64
 0 65
 0 66
 0 67
 0 68
 0 69
 0 70
 0 71
 0 72
 0 73
 0 74
 0 75
 0 76
 0 77
 0 78
 0 79
 0 80
 0 81
 0 82
 0 83
 0 84
 0 85
 0 86
 0 87
 0 88
 1 89
 9 90
 18 91
 66 92
 154 93
 304 94
 458 95
 568 96
 695 97
 926 98
 1210 99
 1289 100
 1451 101
 1514 102
 1567 103
 1547 104
 1527 105
 1630 106
 1594 107
 1561 108
 1509 109
 1438 110
 1355 111
 1304 112
 1238 113
 1157 114
 1110 115
 920 116
 850 117
 829 118
 759 119
 670 120
 626 121
 618 122
 556 123
 476 124
 435 125
 385 126
 368 127
 327 128
 293 129
 267 130
 234 131
 223 132
 196 133
 185 134
 164 135
 147 136
 138 137
 133 138
 112 139
 101 140
 88 141
 102 142
 87 143
 74 144
 83 145
 57 146
 56 147
 54 148
 54 149
 59 150
 28 151
 43 152
 30 153
 31 154
 38 155
 38 156
 29 157
 32 158
 29 159
 28 160
 28 161
 17 162
 27 163
 16 164
 23 165
 17 166
 24 167
 12 168
 14 169
 19 170
 13 171
 10 172
 8 173
 3 174
 7 175
 6 176
 7 177
 9 178
 3 179
 11 180
 4 181
 4 182
 1 183
 3 184
 4 185
 3 186
 4 187
 2 188
 5 189
 2 190
 3 191
 2 192
 0 193
 2 194
 1 195
 1 196
 0 197
 1 198
 1 199
 1 200
 1 201
 1 202
 2 203
 0 204
 1 205
 0 206
 1 207
 1 208
 0 209
 1 210
 0 211
 1 212
 0 213
 0 214
 0 215
 0 216
 1 217
 0 218
 0 219
 0 220
 0 221
 0 222
 0 223
 0 224
 0 225
 0 226
 0 227
 0 228
 0 229
 0 230
 0 231
 0 232
 0 233
 0 234
 0 235
 0 236
 0 237
 0 238
 0 239
 1 240
 0 241
 0 242
 0 243
 0 244
 0 245
 0 246
 0 247
 0 248
 0 249
 0 250
 0 251
 0 252
 0 253
 0 254
 0 255
 0 256
 0 257
 0 258
 0 259
 0 260
 0 261
 0 262
 0 263
 0 264
 0 265
 0 266
 0 267
 0 268
 0 269
 0 270
 0 271
 0 272
 0 273
 0 274
 0 275
 0 276
 0 277
 0 278
 0 279
 0 280
 1 281
 0 282
 0 283
 0 284
 0 285
 0 286
 0 287
 1 288
 1 289
 0 290
 0 291
 1 292
 2 293
 0 294
 0 295
 0 296
 0 297
 3 298
 1 299
 2 300
 0 301
 0 302
 1 303
 0 304
 2 305
 0 306
 1 307
 0 308
 1 309
 1 310
 2 311
 0 312
 1 313
 1 314
 0 315
 0 316
 1 317
 2 318
 1 319
 0 320
 4 321
 3 322
 2 323
 1 324
 0 325
 1 326
 1 327
 1 328
 1 329
 2 330
 3 331
 1 332
 0 333
 1 334
 0 335
 0 336
 0 337
 1 338
 1 339
 1 340
 0 341
 7 342
 1 343
 2 344
 1 345
 0 346
 0 347
 0 348
 2 349
 0 350
 0 351
 1 352
 3 353
 0 354
 2 355
 1 356
 1 357
 0 358
 1 359
 1 360
 0 361
 5 362
 0 363
 4 364
 1 365
 2 366
 1 367
 0 368
 2 369
 1 370
 0 371
 2 372
 3 373
 1 374
 0 375
 0 376
 2 377
 1 378
 1 379
 3 380
 2 381
 0 382
 0 383
 0 384
 0 385
 1 386
 0 387
 0 388
 0 389
 1 390
 1 391
 0 392
 1 393
 0 394
 0 395
 0 396
 0 397
 1 398
 0 399
 1 400
 0 401
 0 402
 0 403
 0 404
 0 405
 0 406
 1 407
 0 408
 0 409
 0 410
 0 411
 0 412
 1 413
 1 414
 1 415
 1 416
 1 417
 0 418
 0 419
 0 420
 0 421
 0 422
 0 423
 0 424
 0 425
 0 426
 0 427
 0 428
 0 429
 0 430
 0 431
 0 432
 0 433
 0 434
 0 435
 0 436
 0 437
 0 438
 0 439
 0 440
 0 441
 0 442
 0 443
 0 444
 0 445
 0 446
 0 447
 0 448
 0 449
 0 450
 0 451
 0 452
 0 453
 0 454
 0 455
 0 456
 0 457
 0 458
 0 459
 0 460
 0 461
 0 462
 0 463
 0 464
 0 465
 0 466
 0 467
 0 468
 0 469
 0 470
 0 471
 0 472
 0 473
 0 474
 0 475
 0 476
 0 477
 0 478
 0 479
 0 480
 0 481
 0 482
 0 483
 0 484
 0 485
 0 486
 0 487
 0 488
 0 489
 0 490
 0 491
 0 492
 0 493
 0 494
 0 495
 0 496
 0 497
 0 498
 0 499
 0 500
 0 501
 0 502
 0 503
 0 504
 0 505
 0 506
 0 507
 0 508
 0 509
 0 510
 0 511
 0 512
 0 513
 0 514
 0 515
 0 516
 0 517
 0 518
 0 519
 0 520
 0 521
 0 522
 0 523
 0 524
 0 525
 0 526
 0 527
 0 528
 0 529
 0 530
 0 531
 0 532
 0 533
 0 534
 0 535
 0 536
 0 537
 0 538
 0 539
 0 540
 0 541
 0 542
 0 543
 0 544
 0 545
 0 546
 0 547
 0 548
 0 549
 0 550
 0 551
 0 552
 0 553
 0 554
 0 555
 0 556
 0 557
 0 558
 0 559
 0 560
 0 561
 0 562
 0 563
 0 564
 0 565
 0 566
 0 567
 0 568
 0 569
 0 570
 0 571
 0 572
 0 573
 0 574
 0 575
 0 576
 0 577
 0 578
 0 579
 0 580
 0 581
 0 582
 0 583
 0 584
 0 585
 0 586
 0 587
 0 588
 0 589
 0 590
 0 591
 0 592
 0 593
 0 594
 0 595
 0 596
 0 597
 0 598
 0 599
 0 600


