# Created by Octave 3.8.2, Mon Jun 22 13:54:18 2020 CEST <damian@fptrucha.inv.usc.es>
# name: hd
# type: matrix
# rows: 551
# columns: 2
 0 50
 0 51
 0 52
 0 53
 0 54
 0 55
 0 56
 0 57
 0 58
 0 59
 0 60
 0 61
 0 62
 0 63
 0 64
 0 65
 0 66
 0 67
 0 68
 0 69
 0 70
 0 71
 0 72
 0 73
 0 74
 0 75
 0 76
 0 77
 0 78
 0 79
 0 80
 0 81
 0 82
 0 83
 0 84
 0 85
 0 86
 0 87
 0 88
 0 89
 7 90
 12 91
 30 92
 96 93
 240 94
 393 95
 575 96
 620 97
 893 98
 1174 99
 1480 100
 1481 101
 1692 102
 1744 103
 1729 104
 1771 105
 1679 106
 1609 107
 1500 108
 1490 109
 1346 110
 1221 111
 1158 112
 1121 113
 1014 114
 977 115
 803 116
 765 117
 658 118
 576 119
 539 120
 489 121
 417 122
 393 123
 327 124
 308 125
 292 126
 250 127
 238 128
 189 129
 186 130
 162 131
 148 132
 149 133
 113 134
 130 135
 116 136
 115 137
 103 138
 84 139
 80 140
 75 141
 73 142
 69 143
 66 144
 53 145
 56 146
 55 147
 45 148
 44 149
 39 150
 43 151
 36 152
 35 153
 39 154
 40 155
 19 156
 30 157
 27 158
 20 159
 24 160
 26 161
 20 162
 16 163
 23 164
 15 165
 9 166
 12 167
 10 168
 7 169
 11 170
 10 171
 11 172
 6 173
 7 174
 6 175
 13 176
 6 177
 3 178
 6 179
 1 180
 9 181
 7 182
 2 183
 4 184
 3 185
 3 186
 4 187
 4 188
 1 189
 3 190
 5 191
 1 192
 2 193
 3 194
 3 195
 3 196
 2 197
 0 198
 0 199
 0 200
 1 201
 1 202
 5 203
 1 204
 1 205
 0 206
 0 207
 1 208
 0 209
 1 210
 1 211
 0 212
 0 213
 0 214
 2 215
 0 216
 0 217
 0 218
 0 219
 0 220
 0 221
 0 222
 1 223
 1 224
 0 225
 0 226
 0 227
 0 228
 0 229
 0 230
 0 231
 0 232
 0 233
 0 234
 0 235
 0 236
 0 237
 0 238
 0 239
 0 240
 0 241
 0 242
 0 243
 0 244
 0 245
 0 246
 0 247
 1 248
 0 249
 0 250
 0 251
 0 252
 0 253
 0 254
 0 255
 0 256
 0 257
 0 258
 0 259
 0 260
 0 261
 0 262
 0 263
 0 264
 0 265
 0 266
 0 267
 0 268
 0 269
 0 270
 0 271
 0 272
 0 273
 0 274
 0 275
 0 276
 0 277
 0 278
 0 279
 0 280
 0 281
 0 282
 0 283
 0 284
 0 285
 0 286
 0 287
 0 288
 0 289
 0 290
 0 291
 0 292
 0 293
 0 294
 1 295
 0 296
 0 297
 0 298
 0 299
 0 300
 0 301
 2 302
 0 303
 0 304
 0 305
 1 306
 2 307
 0 308
 1 309
 2 310
 0 311
 1 312
 1 313
 2 314
 1 315
 0 316
 4 317
 1 318
 2 319
 1 320
 1 321
 0 322
 2 323
 0 324
 2 325
 2 326
 0 327
 1 328
 2 329
 3 330
 2 331
 1 332
 1 333
 0 334
 2 335
 1 336
 0 337
 0 338
 3 339
 2 340
 3 341
 1 342
 1 343
 2 344
 2 345
 0 346
 1 347
 2 348
 1 349
 3 350
 1 351
 0 352
 0 353
 2 354
 3 355
 1 356
 0 357
 1 358
 0 359
 0 360
 3 361
 2 362
 1 363
 0 364
 2 365
 0 366
 0 367
 1 368
 0 369
 0 370
 0 371
 1 372
 1 373
 0 374
 2 375
 0 376
 0 377
 0 378
 1 379
 0 380
 1 381
 1 382
 0 383
 0 384
 2 385
 1 386
 1 387
 0 388
 0 389
 1 390
 0 391
 0 392
 0 393
 0 394
 0 395
 0 396
 0 397
 0 398
 0 399
 0 400
 0 401
 0 402
 0 403
 0 404
 0 405
 0 406
 0 407
 0 408
 0 409
 0 410
 1 411
 0 412
 0 413
 0 414
 0 415
 0 416
 0 417
 1 418
 0 419
 0 420
 0 421
 0 422
 0 423
 0 424
 0 425
 0 426
 1 427
 0 428
 0 429
 0 430
 0 431
 0 432
 0 433
 0 434
 0 435
 0 436
 0 437
 0 438
 0 439
 0 440
 0 441
 0 442
 0 443
 0 444
 0 445
 0 446
 0 447
 0 448
 0 449
 0 450
 0 451
 0 452
 0 453
 0 454
 0 455
 0 456
 0 457
 0 458
 0 459
 0 460
 0 461
 0 462
 0 463
 0 464
 0 465
 0 466
 0 467
 0 468
 0 469
 0 470
 0 471
 0 472
 0 473
 0 474
 0 475
 0 476
 0 477
 0 478
 0 479
 0 480
 0 481
 0 482
 0 483
 0 484
 0 485
 0 486
 0 487
 0 488
 0 489
 0 490
 0 491
 0 492
 0 493
 0 494
 0 495
 0 496
 0 497
 0 498
 0 499
 0 500
 0 501
 0 502
 0 503
 0 504
 0 505
 0 506
 0 507
 0 508
 0 509
 0 510
 0 511
 0 512
 0 513
 0 514
 0 515
 0 516
 0 517
 0 518
 0 519
 0 520
 0 521
 0 522
 0 523
 0 524
 0 525
 0 526
 0 527
 0 528
 0 529
 0 530
 0 531
 0 532
 0 533
 0 534
 0 535
 0 536
 0 537
 0 538
 0 539
 0 540
 0 541
 0 542
 0 543
 0 544
 0 545
 0 546
 0 547
 0 548
 0 549
 0 550
 0 551
 0 552
 0 553
 0 554
 0 555
 0 556
 0 557
 0 558
 0 559
 0 560
 0 561
 0 562
 0 563
 0 564
 0 565
 0 566
 0 567
 0 568
 0 569
 0 570
 0 571
 0 572
 0 573
 0 574
 0 575
 0 576
 0 577
 0 578
 0 579
 0 580
 0 581
 0 582
 0 583
 0 584
 0 585
 0 586
 0 587
 0 588
 0 589
 0 590
 0 591
 0 592
 0 593
 0 594
 0 595
 0 596
 0 597
 0 598
 0 599
 0 600


