# Created by Octave 3.8.2, Mon Jun 22 21:32:41 2020 CEST <damian@fptrucha.inv.usc.es>
# name: hd
# type: matrix
# rows: 551
# columns: 2
 0 50
 0 51
 0 52
 0 53
 0 54
 0 55
 0 56
 0 57
 0 58
 0 59
 0 60
 0 61
 0 62
 0 63
 0 64
 0 65
 0 66
 0 67
 0 68
 0 69
 0 70
 0 71
 0 72
 0 73
 0 74
 0 75
 0 76
 0 77
 0 78
 0 79
 0 80
 0 81
 0 82
 0 83
 0 84
 0 85
 0 86
 0 87
 0 88
 0 89
 7 90
 10 91
 32 92
 125 93
 264 94
 403 95
 552 96
 701 97
 955 98
 1341 99
 1494 100
 1525 101
 1603 102
 1684 103
 1737 104
 1649 105
 1667 106
 1652 107
 1566 108
 1429 109
 1349 110
 1312 111
 1192 112
 1093 113
 1061 114
 981 115
 848 116
 801 117
 721 118
 671 119
 625 120
 539 121
 460 122
 466 123
 376 124
 379 125
 302 126
 296 127
 263 128
 247 129
 215 130
 175 131
 208 132
 171 133
 128 134
 139 135
 117 136
 120 137
 102 138
 103 139
 92 140
 83 141
 75 142
 65 143
 65 144
 55 145
 54 146
 53 147
 59 148
 40 149
 37 150
 47 151
 30 152
 52 153
 29 154
 37 155
 33 156
 26 157
 28 158
 26 159
 27 160
 22 161
 23 162
 21 163
 23 164
 13 165
 13 166
 15 167
 9 168
 18 169
 8 170
 10 171
 10 172
 8 173
 9 174
 5 175
 9 176
 11 177
 7 178
 7 179
 6 180
 5 181
 2 182
 2 183
 4 184
 3 185
 4 186
 3 187
 3 188
 4 189
 3 190
 2 191
 1 192
 2 193
 2 194
 2 195
 2 196
 2 197
 2 198
 4 199
 3 200
 0 201
 1 202
 2 203
 0 204
 1 205
 2 206
 0 207
 0 208
 1 209
 2 210
 1 211
 1 212
 0 213
 1 214
 4 215
 0 216
 1 217
 1 218
 0 219
 1 220
 0 221
 1 222
 0 223
 0 224
 0 225
 0 226
 0 227
 0 228
 0 229
 0 230
 0 231
 0 232
 0 233
 0 234
 0 235
 0 236
 0 237
 0 238
 0 239
 0 240
 0 241
 0 242
 2 243
 0 244
 0 245
 0 246
 0 247
 0 248
 0 249
 0 250
 0 251
 0 252
 0 253
 0 254
 0 255
 0 256
 0 257
 0 258
 0 259
 0 260
 0 261
 0 262
 0 263
 0 264
 0 265
 0 266
 0 267
 0 268
 0 269
 0 270
 0 271
 0 272
 0 273
 0 274
 0 275
 0 276
 0 277
 0 278
 0 279
 0 280
 0 281
 0 282
 0 283
 0 284
 0 285
 2 286
 1 287
 0 288
 0 289
 0 290
 0 291
 1 292
 0 293
 1 294
 0 295
 2 296
 1 297
 0 298
 3 299
 2 300
 0 301
 1 302
 1 303
 0 304
 1 305
 3 306
 4 307
 1 308
 0 309
 1 310
 1 311
 1 312
 1 313
 4 314
 0 315
 0 316
 0 317
 1 318
 0 319
 0 320
 1 321
 1 322
 0 323
 5 324
 3 325
 2 326
 2 327
 2 328
 1 329
 1 330
 0 331
 2 332
 3 333
 1 334
 1 335
 1 336
 0 337
 1 338
 2 339
 0 340
 0 341
 0 342
 1 343
 2 344
 1 345
 0 346
 0 347
 1 348
 4 349
 1 350
 1 351
 0 352
 0 353
 3 354
 2 355
 1 356
 3 357
 2 358
 1 359
 2 360
 1 361
 3 362
 2 363
 1 364
 0 365
 0 366
 1 367
 1 368
 1 369
 2 370
 1 371
 0 372
 1 373
 1 374
 0 375
 1 376
 0 377
 1 378
 1 379
 0 380
 0 381
 1 382
 0 383
 0 384
 0 385
 0 386
 0 387
 0 388
 0 389
 0 390
 0 391
 0 392
 0 393
 1 394
 0 395
 0 396
 0 397
 1 398
 0 399
 0 400
 0 401
 0 402
 0 403
 0 404
 1 405
 0 406
 0 407
 0 408
 1 409
 0 410
 0 411
 0 412
 0 413
 0 414
 0 415
 0 416
 0 417
 0 418
 0 419
 0 420
 0 421
 0 422
 0 423
 0 424
 0 425
 0 426
 0 427
 0 428
 0 429
 1 430
 0 431
 0 432
 0 433
 0 434
 0 435
 0 436
 0 437
 0 438
 0 439
 0 440
 0 441
 0 442
 0 443
 0 444
 0 445
 0 446
 0 447
 0 448
 0 449
 0 450
 0 451
 0 452
 0 453
 0 454
 0 455
 0 456
 0 457
 0 458
 0 459
 0 460
 0 461
 0 462
 0 463
 0 464
 0 465
 0 466
 0 467
 0 468
 0 469
 0 470
 0 471
 0 472
 0 473
 0 474
 0 475
 0 476
 0 477
 0 478
 0 479
 0 480
 0 481
 0 482
 0 483
 0 484
 0 485
 0 486
 0 487
 0 488
 0 489
 0 490
 0 491
 0 492
 0 493
 0 494
 0 495
 0 496
 0 497
 0 498
 0 499
 0 500
 0 501
 0 502
 0 503
 0 504
 0 505
 0 506
 0 507
 0 508
 0 509
 0 510
 0 511
 0 512
 0 513
 0 514
 0 515
 0 516
 0 517
 0 518
 0 519
 0 520
 0 521
 0 522
 0 523
 0 524
 0 525
 0 526
 0 527
 0 528
 0 529
 0 530
 0 531
 0 532
 0 533
 0 534
 0 535
 0 536
 0 537
 0 538
 0 539
 0 540
 0 541
 0 542
 0 543
 0 544
 0 545
 0 546
 0 547
 0 548
 0 549
 0 550
 0 551
 0 552
 0 553
 0 554
 0 555
 0 556
 0 557
 0 558
 0 559
 0 560
 0 561
 0 562
 0 563
 0 564
 0 565
 0 566
 0 567
 0 568
 0 569
 0 570
 0 571
 0 572
 0 573
 0 574
 0 575
 0 576
 0 577
 0 578
 0 579
 0 580
 0 581
 0 582
 0 583
 0 584
 0 585
 0 586
 0 587
 0 588
 0 589
 0 590
 0 591
 0 592
 0 593
 0 594
 0 595
 0 596
 0 597
 0 598
 0 599
 0 600


