# Created by Octave 3.8.2, Sat Jun 20 14:49:50 2020 CEST <damian@fptrucha.inv.usc.es>
# name: hd
# type: matrix
# rows: 551
# columns: 2
 0 50
 0 51
 0 52
 0 53
 0 54
 0 55
 0 56
 0 57
 0 58
 0 59
 0 60
 0 61
 0 62
 0 63
 0 64
 0 65
 0 66
 0 67
 0 68
 0 69
 0 70
 0 71
 0 72
 0 73
 0 74
 0 75
 0 76
 0 77
 0 78
 0 79
 0 80
 0 81
 0 82
 0 83
 0 84
 0 85
 0 86
 0 87
 0 88
 2 89
 6 90
 15 91
 61 92
 123 93
 269 94
 394 95
 469 96
 639 97
 839 98
 1071 99
 1219 100
 1262 101
 1307 102
 1351 103
 1391 104
 1406 105
 1467 106
 1411 107
 1482 108
 1346 109
 1346 110
 1167 111
 1202 112
 1114 113
 1096 114
 1068 115
 989 116
 878 117
 786 118
 777 119
 775 120
 671 121
 546 122
 558 123
 489 124
 467 125
 408 126
 400 127
 323 128
 311 129
 283 130
 249 131
 243 132
 221 133
 195 134
 185 135
 162 136
 145 137
 121 138
 122 139
 113 140
 95 141
 92 142
 84 143
 82 144
 75 145
 81 146
 60 147
 66 148
 65 149
 57 150
 57 151
 39 152
 53 153
 37 154
 35 155
 41 156
 26 157
 40 158
 25 159
 24 160
 32 161
 35 162
 17 163
 15 164
 14 165
 15 166
 7 167
 17 168
 18 169
 18 170
 8 171
 20 172
 8 173
 3 174
 10 175
 8 176
 8 177
 8 178
 4 179
 6 180
 4 181
 7 182
 7 183
 6 184
 4 185
 4 186
 5 187
 5 188
 6 189
 0 190
 1 191
 3 192
 2 193
 1 194
 3 195
 1 196
 0 197
 1 198
 2 199
 2 200
 1 201
 0 202
 1 203
 1 204
 2 205
 0 206
 0 207
 1 208
 0 209
 0 210
 2 211
 1 212
 1 213
 0 214
 0 215
 0 216
 2 217
 0 218
 1 219
 0 220
 0 221
 0 222
 0 223
 1 224
 1 225
 1 226
 0 227
 0 228
 0 229
 0 230
 0 231
 0 232
 0 233
 0 234
 0 235
 0 236
 0 237
 0 238
 0 239
 0 240
 0 241
 0 242
 0 243
 0 244
 0 245
 0 246
 0 247
 0 248
 1 249
 0 250
 0 251
 0 252
 0 253
 0 254
 0 255
 0 256
 0 257
 0 258
 0 259
 0 260
 0 261
 0 262
 0 263
 0 264
 0 265
 0 266
 0 267
 0 268
 0 269
 0 270
 0 271
 0 272
 0 273
 0 274
 0 275
 0 276
 0 277
 0 278
 0 279
 0 280
 0 281
 0 282
 0 283
 0 284
 0 285
 0 286
 1 287
 0 288
 0 289
 1 290
 0 291
 1 292
 0 293
 0 294
 2 295
 1 296
 0 297
 2 298
 0 299
 1 300
 1 301
 1 302
 1 303
 1 304
 1 305
 1 306
 0 307
 1 308
 1 309
 0 310
 1 311
 1 312
 2 313
 0 314
 1 315
 1 316
 0 317
 0 318
 1 319
 0 320
 4 321
 1 322
 2 323
 3 324
 1 325
 1 326
 1 327
 1 328
 1 329
 2 330
 0 331
 0 332
 1 333
 1 334
 1 335
 1 336
 1 337
 0 338
 2 339
 1 340
 1 341
 3 342
 2 343
 1 344
 3 345
 1 346
 2 347
 2 348
 0 349
 1 350
 0 351
 1 352
 3 353
 1 354
 3 355
 0 356
 1 357
 0 358
 4 359
 3 360
 1 361
 1 362
 1 363
 0 364
 3 365
 1 366
 0 367
 0 368
 1 369
 1 370
 0 371
 2 372
 0 373
 0 374
 0 375
 0 376
 1 377
 0 378
 1 379
 0 380
 1 381
 0 382
 0 383
 2 384
 1 385
 0 386
 1 387
 0 388
 0 389
 0 390
 0 391
 0 392
 0 393
 0 394
 3 395
 0 396
 0 397
 0 398
 0 399
 0 400
 1 401
 0 402
 1 403
 0 404
 0 405
 0 406
 0 407
 0 408
 1 409
 0 410
 0 411
 0 412
 1 413
 0 414
 0 415
 0 416
 0 417
 0 418
 0 419
 0 420
 0 421
 0 422
 0 423
 0 424
 0 425
 0 426
 0 427
 0 428
 0 429
 0 430
 0 431
 0 432
 0 433
 0 434
 0 435
 0 436
 0 437
 0 438
 0 439
 0 440
 0 441
 0 442
 0 443
 0 444
 0 445
 0 446
 0 447
 0 448
 0 449
 0 450
 0 451
 0 452
 0 453
 0 454
 0 455
 0 456
 0 457
 0 458
 0 459
 0 460
 0 461
 0 462
 0 463
 0 464
 0 465
 0 466
 0 467
 0 468
 0 469
 0 470
 0 471
 0 472
 0 473
 0 474
 0 475
 0 476
 0 477
 0 478
 0 479
 0 480
 0 481
 0 482
 0 483
 0 484
 0 485
 0 486
 0 487
 0 488
 0 489
 0 490
 0 491
 0 492
 0 493
 0 494
 0 495
 0 496
 0 497
 0 498
 0 499
 0 500
 0 501
 0 502
 0 503
 0 504
 0 505
 0 506
 0 507
 0 508
 0 509
 0 510
 0 511
 0 512
 0 513
 0 514
 0 515
 0 516
 0 517
 0 518
 0 519
 0 520
 0 521
 0 522
 0 523
 0 524
 0 525
 0 526
 0 527
 0 528
 0 529
 0 530
 0 531
 0 532
 0 533
 0 534
 0 535
 0 536
 0 537
 0 538
 0 539
 0 540
 0 541
 0 542
 0 543
 0 544
 0 545
 0 546
 0 547
 0 548
 0 549
 0 550
 0 551
 0 552
 0 553
 0 554
 0 555
 0 556
 0 557
 0 558
 0 559
 0 560
 0 561
 0 562
 0 563
 0 564
 0 565
 0 566
 0 567
 0 568
 0 569
 0 570
 0 571
 0 572
 0 573
 0 574
 0 575
 0 576
 0 577
 0 578
 0 579
 0 580
 0 581
 0 582
 0 583
 0 584
 0 585
 0 586
 0 587
 0 588
 0 589
 0 590
 0 591
 0 592
 0 593
 0 594
 0 595
 0 596
 0 597
 0 598
 0 599
 0 600


