# Created by Octave 3.8.2, Mon Jun 22 01:34:54 2020 CEST <damian@fptrucha.inv.usc.es>
# name: hd
# type: matrix
# rows: 551
# columns: 2
 0 50
 0 51
 0 52
 0 53
 0 54
 0 55
 0 56
 0 57
 0 58
 0 59
 0 60
 0 61
 0 62
 1 63
 0 64
 0 65
 0 66
 0 67
 0 68
 0 69
 0 70
 0 71
 0 72
 0 73
 0 74
 0 75
 0 76
 0 77
 0 78
 0 79
 0 80
 0 81
 0 82
 0 83
 0 84
 0 85
 0 86
 0 87
 0 88
 1 89
 5 90
 9 91
 40 92
 73 93
 177 94
 333 95
 473 96
 518 97
 673 98
 883 99
 1163 100
 1228 101
 1287 102
 1382 103
 1375 104
 1464 105
 1454 106
 1464 107
 1432 108
 1310 109
 1418 110
 1306 111
 1282 112
 1149 113
 1080 114
 1020 115
 1013 116
 851 117
 799 118
 768 119
 713 120
 638 121
 551 122
 561 123
 506 124
 453 125
 423 126
 379 127
 326 128
 310 129
 265 130
 242 131
 234 132
 198 133
 172 134
 187 135
 141 136
 140 137
 147 138
 110 139
 95 140
 94 141
 81 142
 95 143
 60 144
 63 145
 51 146
 60 147
 66 148
 46 149
 38 150
 45 151
 19 152
 36 153
 34 154
 28 155
 40 156
 29 157
 26 158
 27 159
 37 160
 21 161
 21 162
 21 163
 14 164
 13 165
 13 166
 6 167
 10 168
 15 169
 10 170
 8 171
 9 172
 6 173
 7 174
 5 175
 8 176
 4 177
 3 178
 3 179
 4 180
 3 181
 3 182
 5 183
 2 184
 3 185
 5 186
 5 187
 3 188
 2 189
 2 190
 5 191
 1 192
 4 193
 2 194
 0 195
 1 196
 1 197
 0 198
 0 199
 1 200
 0 201
 0 202
 1 203
 0 204
 0 205
 1 206
 2 207
 0 208
 1 209
 0 210
 0 211
 0 212
 0 213
 0 214
 0 215
 0 216
 1 217
 0 218
 0 219
 0 220
 1 221
 0 222
 0 223
 0 224
 0 225
 1 226
 0 227
 0 228
 1 229
 1 230
 0 231
 1 232
 0 233
 0 234
 0 235
 0 236
 0 237
 0 238
 0 239
 0 240
 0 241
 0 242
 0 243
 0 244
 0 245
 0 246
 0 247
 0 248
 0 249
 0 250
 0 251
 0 252
 0 253
 0 254
 0 255
 1 256
 0 257
 0 258
 0 259
 0 260
 0 261
 0 262
 0 263
 0 264
 0 265
 0 266
 0 267
 0 268
 0 269
 0 270
 0 271
 1 272
 0 273
 0 274
 0 275
 0 276
 0 277
 0 278
 0 279
 0 280
 0 281
 0 282
 0 283
 0 284
 0 285
 0 286
 0 287
 0 288
 1 289
 0 290
 0 291
 0 292
 0 293
 1 294
 0 295
 0 296
 0 297
 1 298
 1 299
 0 300
 1 301
 0 302
 0 303
 0 304
 0 305
 0 306
 0 307
 1 308
 0 309
 0 310
 0 311
 0 312
 0 313
 0 314
 1 315
 1 316
 1 317
 2 318
 0 319
 2 320
 1 321
 2 322
 1 323
 0 324
 0 325
 0 326
 1 327
 0 328
 1 329
 2 330
 1 331
 0 332
 2 333
 0 334
 1 335
 2 336
 0 337
 0 338
 0 339
 0 340
 2 341
 0 342
 0 343
 0 344
 2 345
 0 346
 1 347
 1 348
 5 349
 1 350
 1 351
 0 352
 1 353
 1 354
 0 355
 1 356
 1 357
 0 358
 1 359
 1 360
 1 361
 0 362
 3 363
 0 364
 0 365
 1 366
 0 367
 0 368
 0 369
 0 370
 0 371
 0 372
 1 373
 0 374
 0 375
 1 376
 0 377
 0 378
 1 379
 0 380
 2 381
 0 382
 1 383
 1 384
 1 385
 0 386
 3 387
 0 388
 0 389
 1 390
 0 391
 0 392
 0 393
 0 394
 0 395
 1 396
 0 397
 0 398
 0 399
 0 400
 0 401
 0 402
 1 403
 1 404
 0 405
 1 406
 0 407
 1 408
 0 409
 0 410
 0 411
 0 412
 0 413
 1 414
 0 415
 0 416
 0 417
 0 418
 0 419
 0 420
 0 421
 0 422
 0 423
 0 424
 0 425
 0 426
 0 427
 0 428
 0 429
 0 430
 0 431
 0 432
 0 433
 0 434
 0 435
 0 436
 0 437
 0 438
 0 439
 0 440
 0 441
 0 442
 0 443
 1 444
 0 445
 0 446
 0 447
 0 448
 0 449
 0 450
 0 451
 0 452
 0 453
 0 454
 0 455
 0 456
 0 457
 0 458
 0 459
 0 460
 0 461
 0 462
 0 463
 0 464
 0 465
 0 466
 0 467
 0 468
 0 469
 0 470
 0 471
 0 472
 0 473
 0 474
 0 475
 0 476
 0 477
 0 478
 0 479
 0 480
 0 481
 0 482
 0 483
 0 484
 0 485
 0 486
 0 487
 0 488
 0 489
 0 490
 0 491
 0 492
 0 493
 0 494
 0 495
 0 496
 0 497
 0 498
 0 499
 0 500
 0 501
 0 502
 0 503
 0 504
 0 505
 0 506
 0 507
 0 508
 0 509
 0 510
 0 511
 0 512
 0 513
 0 514
 0 515
 0 516
 0 517
 0 518
 0 519
 0 520
 0 521
 0 522
 0 523
 0 524
 0 525
 0 526
 0 527
 0 528
 0 529
 0 530
 0 531
 0 532
 0 533
 0 534
 0 535
 0 536
 0 537
 0 538
 0 539
 0 540
 0 541
 0 542
 0 543
 0 544
 0 545
 0 546
 0 547
 0 548
 0 549
 0 550
 0 551
 0 552
 0 553
 0 554
 0 555
 0 556
 0 557
 0 558
 0 559
 0 560
 0 561
 0 562
 0 563
 0 564
 0 565
 0 566
 0 567
 0 568
 0 569
 0 570
 0 571
 0 572
 0 573
 0 574
 0 575
 0 576
 0 577
 0 578
 0 579
 0 580
 0 581
 0 582
 0 583
 0 584
 0 585
 0 586
 0 587
 0 588
 0 589
 0 590
 0 591
 0 592
 0 593
 0 594
 0 595
 0 596
 0 597
 0 598
 0 599
 0 600


