# Created by Octave 3.8.2, Mon Jun 22 03:17:58 2020 CEST <damian@fptrucha.inv.usc.es>
# name: hd
# type: matrix
# rows: 551
# columns: 2
 0 50
 0 51
 0 52
 0 53
 0 54
 0 55
 0 56
 0 57
 0 58
 0 59
 0 60
 0 61
 0 62
 0 63
 0 64
 0 65
 0 66
 0 67
 0 68
 0 69
 0 70
 0 71
 0 72
 0 73
 0 74
 0 75
 0 76
 0 77
 0 78
 0 79
 0 80
 0 81
 0 82
 0 83
 0 84
 0 85
 0 86
 0 87
 0 88
 1 89
 8 90
 10 91
 33 92
 80 93
 196 94
 390 95
 488 96
 598 97
 760 98
 1041 99
 1370 100
 1422 101
 1391 102
 1564 103
 1432 104
 1507 105
 1410 106
 1373 107
 1368 108
 1305 109
 1330 110
 1196 111
 1029 112
 1041 113
 902 114
 830 115
 740 116
 710 117
 630 118
 572 119
 515 120
 430 121
 420 122
 405 123
 322 124
 316 125
 259 126
 259 127
 210 128
 217 129
 184 130
 184 131
 159 132
 147 133
 142 134
 130 135
 127 136
 110 137
 99 138
 81 139
 76 140
 71 141
 72 142
 68 143
 58 144
 67 145
 68 146
 58 147
 41 148
 36 149
 48 150
 39 151
 27 152
 26 153
 34 154
 33 155
 34 156
 31 157
 26 158
 25 159
 31 160
 12 161
 23 162
 26 163
 28 164
 24 165
 15 166
 8 167
 18 168
 13 169
 9 170
 15 171
 7 172
 8 173
 11 174
 10 175
 9 176
 3 177
 6 178
 4 179
 5 180
 4 181
 9 182
 2 183
 3 184
 8 185
 7 186
 6 187
 4 188
 6 189
 4 190
 3 191
 2 192
 7 193
 2 194
 4 195
 1 196
 2 197
 0 198
 2 199
 4 200
 1 201
 4 202
 3 203
 0 204
 0 205
 0 206
 3 207
 1 208
 1 209
 1 210
 0 211
 0 212
 1 213
 2 214
 2 215
 2 216
 0 217
 1 218
 0 219
 0 220
 1 221
 0 222
 0 223
 0 224
 0 225
 0 226
 0 227
 0 228
 1 229
 0 230
 0 231
 0 232
 0 233
 0 234
 0 235
 0 236
 0 237
 0 238
 0 239
 0 240
 0 241
 0 242
 0 243
 0 244
 0 245
 0 246
 0 247
 0 248
 0 249
 0 250
 0 251
 0 252
 0 253
 0 254
 0 255
 0 256
 0 257
 0 258
 0 259
 0 260
 0 261
 0 262
 0 263
 0 264
 0 265
 0 266
 0 267
 0 268
 0 269
 0 270
 0 271
 0 272
 0 273
 0 274
 0 275
 0 276
 0 277
 0 278
 0 279
 0 280
 0 281
 0 282
 0 283
 0 284
 0 285
 1 286
 0 287
 2 288
 0 289
 0 290
 0 291
 1 292
 0 293
 1 294
 2 295
 0 296
 0 297
 2 298
 1 299
 2 300
 0 301
 0 302
 0 303
 0 304
 0 305
 0 306
 0 307
 2 308
 1 309
 1 310
 0 311
 2 312
 0 313
 2 314
 2 315
 1 316
 2 317
 0 318
 2 319
 1 320
 2 321
 1 322
 2 323
 2 324
 2 325
 2 326
 0 327
 2 328
 2 329
 2 330
 2 331
 1 332
 1 333
 0 334
 4 335
 0 336
 1 337
 1 338
 1 339
 2 340
 2 341
 1 342
 1 343
 1 344
 0 345
 1 346
 0 347
 1 348
 1 349
 1 350
 4 351
 0 352
 1 353
 1 354
 1 355
 1 356
 2 357
 0 358
 3 359
 2 360
 2 361
 1 362
 0 363
 1 364
 0 365
 2 366
 1 367
 2 368
 0 369
 1 370
 0 371
 0 372
 1 373
 0 374
 0 375
 0 376
 0 377
 0 378
 0 379
 1 380
 0 381
 0 382
 0 383
 0 384
 0 385
 0 386
 0 387
 0 388
 0 389
 0 390
 0 391
 0 392
 1 393
 0 394
 1 395
 0 396
 1 397
 0 398
 0 399
 1 400
 0 401
 0 402
 0 403
 0 404
 0 405
 0 406
 0 407
 0 408
 1 409
 0 410
 0 411
 0 412
 1 413
 0 414
 0 415
 0 416
 0 417
 0 418
 0 419
 0 420
 0 421
 0 422
 0 423
 0 424
 0 425
 0 426
 0 427
 0 428
 0 429
 0 430
 0 431
 0 432
 0 433
 0 434
 0 435
 0 436
 0 437
 0 438
 0 439
 0 440
 0 441
 0 442
 0 443
 0 444
 0 445
 0 446
 0 447
 0 448
 0 449
 0 450
 0 451
 0 452
 0 453
 0 454
 0 455
 0 456
 0 457
 0 458
 0 459
 0 460
 0 461
 0 462
 0 463
 0 464
 0 465
 0 466
 0 467
 0 468
 0 469
 0 470
 0 471
 0 472
 0 473
 0 474
 0 475
 0 476
 0 477
 0 478
 0 479
 0 480
 0 481
 0 482
 0 483
 0 484
 0 485
 0 486
 0 487
 0 488
 0 489
 0 490
 0 491
 0 492
 0 493
 0 494
 0 495
 0 496
 0 497
 0 498
 0 499
 0 500
 0 501
 0 502
 0 503
 0 504
 0 505
 0 506
 0 507
 0 508
 0 509
 0 510
 0 511
 0 512
 0 513
 0 514
 0 515
 0 516
 0 517
 0 518
 0 519
 0 520
 0 521
 0 522
 0 523
 0 524
 0 525
 0 526
 0 527
 0 528
 0 529
 0 530
 0 531
 0 532
 0 533
 0 534
 0 535
 0 536
 0 537
 0 538
 0 539
 0 540
 0 541
 0 542
 0 543
 0 544
 0 545
 0 546
 0 547
 0 548
 0 549
 0 550
 0 551
 0 552
 0 553
 0 554
 0 555
 0 556
 0 557
 0 558
 0 559
 0 560
 0 561
 0 562
 0 563
 0 564
 0 565
 0 566
 0 567
 0 568
 0 569
 0 570
 0 571
 0 572
 0 573
 0 574
 0 575
 0 576
 0 577
 0 578
 0 579
 0 580
 0 581
 0 582
 0 583
 0 584
 0 585
 0 586
 0 587
 0 588
 0 589
 0 590
 0 591
 0 592
 0 593
 0 594
 0 595
 0 596
 0 597
 0 598
 0 599
 0 600


