# Created by Octave 3.8.2, Mon Jun 22 11:15:10 2020 CEST <damian@fptrucha.inv.usc.es>
# name: hd
# type: matrix
# rows: 551
# columns: 2
 0 50
 0 51
 0 52
 0 53
 0 54
 0 55
 0 56
 0 57
 0 58
 0 59
 0 60
 0 61
 0 62
 0 63
 0 64
 0 65
 0 66
 0 67
 0 68
 0 69
 0 70
 0 71
 0 72
 0 73
 0 74
 0 75
 0 76
 0 77
 0 78
 0 79
 0 80
 0 81
 0 82
 0 83
 0 84
 0 85
 0 86
 0 87
 0 88
 1 89
 3 90
 17 91
 28 92
 82 93
 200 94
 394 95
 514 96
 575 97
 817 98
 1091 99
 1408 100
 1444 101
 1541 102
 1520 103
 1520 104
 1572 105
 1497 106
 1544 107
 1378 108
 1305 109
 1321 110
 1238 111
 1175 112
 1069 113
 1012 114
 889 115
 810 116
 832 117
 740 118
 663 119
 598 120
 525 121
 475 122
 425 123
 368 124
 365 125
 327 126
 297 127
 289 128
 217 129
 203 130
 187 131
 176 132
 182 133
 159 134
 147 135
 159 136
 117 137
 91 138
 99 139
 88 140
 78 141
 68 142
 66 143
 58 144
 48 145
 73 146
 50 147
 47 148
 43 149
 41 150
 45 151
 36 152
 44 153
 42 154
 26 155
 31 156
 38 157
 30 158
 30 159
 23 160
 32 161
 22 162
 22 163
 23 164
 14 165
 11 166
 25 167
 16 168
 22 169
 10 170
 10 171
 7 172
 11 173
 10 174
 13 175
 9 176
 9 177
 8 178
 5 179
 3 180
 3 181
 5 182
 3 183
 6 184
 5 185
 6 186
 3 187
 4 188
 3 189
 2 190
 1 191
 1 192
 3 193
 7 194
 2 195
 1 196
 4 197
 2 198
 0 199
 3 200
 1 201
 0 202
 2 203
 0 204
 0 205
 6 206
 2 207
 3 208
 1 209
 0 210
 2 211
 0 212
 0 213
 0 214
 2 215
 0 216
 0 217
 0 218
 2 219
 0 220
 0 221
 0 222
 1 223
 0 224
 0 225
 0 226
 0 227
 0 228
 0 229
 0 230
 0 231
 0 232
 0 233
 0 234
 0 235
 0 236
 0 237
 0 238
 0 239
 0 240
 0 241
 0 242
 0 243
 0 244
 0 245
 1 246
 0 247
 0 248
 0 249
 0 250
 0 251
 0 252
 0 253
 0 254
 0 255
 0 256
 0 257
 0 258
 0 259
 0 260
 0 261
 0 262
 0 263
 0 264
 0 265
 0 266
 0 267
 0 268
 0 269
 0 270
 0 271
 0 272
 0 273
 0 274
 0 275
 0 276
 0 277
 0 278
 0 279
 0 280
 0 281
 0 282
 0 283
 0 284
 1 285
 0 286
 0 287
 1 288
 0 289
 0 290
 0 291
 0 292
 0 293
 2 294
 0 295
 1 296
 1 297
 0 298
 0 299
 0 300
 0 301
 0 302
 1 303
 2 304
 1 305
 0 306
 2 307
 0 308
 0 309
 1 310
 0 311
 1 312
 1 313
 0 314
 0 315
 1 316
 1 317
 0 318
 2 319
 1 320
 0 321
 1 322
 1 323
 3 324
 1 325
 0 326
 0 327
 0 328
 2 329
 0 330
 2 331
 0 332
 5 333
 1 334
 0 335
 3 336
 0 337
 1 338
 1 339
 2 340
 2 341
 1 342
 1 343
 1 344
 0 345
 1 346
 2 347
 3 348
 3 349
 0 350
 1 351
 3 352
 2 353
 1 354
 3 355
 1 356
 0 357
 0 358
 1 359
 0 360
 2 361
 1 362
 2 363
 0 364
 1 365
 0 366
 0 367
 1 368
 2 369
 0 370
 0 371
 0 372
 1 373
 0 374
 1 375
 1 376
 0 377
 0 378
 1 379
 1 380
 1 381
 0 382
 0 383
 1 384
 0 385
 1 386
 0 387
 0 388
 0 389
 0 390
 1 391
 0 392
 0 393
 0 394
 1 395
 0 396
 1 397
 0 398
 0 399
 0 400
 0 401
 1 402
 0 403
 0 404
 0 405
 0 406
 0 407
 0 408
 0 409
 0 410
 0 411
 0 412
 1 413
 0 414
 0 415
 1 416
 0 417
 0 418
 0 419
 0 420
 0 421
 0 422
 0 423
 0 424
 0 425
 0 426
 0 427
 0 428
 0 429
 0 430
 0 431
 0 432
 0 433
 0 434
 0 435
 0 436
 0 437
 0 438
 0 439
 0 440
 0 441
 0 442
 0 443
 0 444
 0 445
 0 446
 0 447
 0 448
 0 449
 0 450
 0 451
 0 452
 0 453
 0 454
 0 455
 0 456
 0 457
 0 458
 0 459
 0 460
 0 461
 0 462
 0 463
 0 464
 0 465
 0 466
 0 467
 0 468
 0 469
 0 470
 0 471
 0 472
 0 473
 0 474
 0 475
 0 476
 0 477
 0 478
 0 479
 0 480
 0 481
 0 482
 0 483
 0 484
 0 485
 0 486
 0 487
 0 488
 0 489
 0 490
 0 491
 0 492
 0 493
 0 494
 0 495
 0 496
 0 497
 0 498
 0 499
 0 500
 0 501
 0 502
 0 503
 0 504
 0 505
 0 506
 0 507
 0 508
 0 509
 0 510
 0 511
 0 512
 0 513
 0 514
 0 515
 0 516
 0 517
 0 518
 0 519
 0 520
 0 521
 0 522
 0 523
 0 524
 0 525
 0 526
 0 527
 0 528
 0 529
 0 530
 0 531
 0 532
 0 533
 0 534
 0 535
 0 536
 0 537
 0 538
 0 539
 0 540
 0 541
 0 542
 0 543
 0 544
 0 545
 0 546
 0 547
 0 548
 0 549
 0 550
 0 551
 0 552
 0 553
 0 554
 0 555
 0 556
 0 557
 0 558
 0 559
 0 560
 0 561
 0 562
 0 563
 0 564
 0 565
 0 566
 0 567
 0 568
 0 569
 0 570
 0 571
 0 572
 0 573
 0 574
 0 575
 0 576
 0 577
 0 578
 0 579
 0 580
 0 581
 0 582
 0 583
 0 584
 0 585
 0 586
 0 587
 0 588
 0 589
 0 590
 0 591
 0 592
 0 593
 0 594
 0 595
 0 596
 0 597
 0 598
 0 599
 0 600


