# Created by Octave 3.8.2, Mon Jun 22 11:04:58 2020 CEST <damian@fptrucha.inv.usc.es>
# name: hd
# type: matrix
# rows: 551
# columns: 2
 0 50
 0 51
 0 52
 0 53
 0 54
 0 55
 0 56
 0 57
 0 58
 0 59
 0 60
 0 61
 0 62
 0 63
 0 64
 0 65
 0 66
 0 67
 0 68
 0 69
 0 70
 0 71
 0 72
 0 73
 0 74
 0 75
 0 76
 0 77
 0 78
 0 79
 0 80
 0 81
 0 82
 0 83
 0 84
 0 85
 0 86
 0 87
 0 88
 2 89
 8 90
 11 91
 41 92
 80 93
 219 94
 375 95
 562 96
 661 97
 831 98
 1103 99
 1384 100
 1477 101
 1592 102
 1580 103
 1566 104
 1618 105
 1574 106
 1577 107
 1509 108
 1400 109
 1349 110
 1259 111
 1170 112
 1034 113
 968 114
 931 115
 842 116
 808 117
 706 118
 620 119
 614 120
 479 121
 451 122
 390 123
 375 124
 346 125
 310 126
 285 127
 211 128
 233 129
 225 130
 164 131
 152 132
 148 133
 177 134
 132 135
 124 136
 95 137
 77 138
 92 139
 70 140
 65 141
 68 142
 56 143
 82 144
 69 145
 51 146
 49 147
 36 148
 54 149
 34 150
 40 151
 39 152
 42 153
 24 154
 26 155
 21 156
 32 157
 22 158
 23 159
 34 160
 21 161
 21 162
 20 163
 19 164
 17 165
 16 166
 18 167
 17 168
 15 169
 13 170
 12 171
 9 172
 13 173
 7 174
 8 175
 10 176
 10 177
 5 178
 10 179
 9 180
 4 181
 5 182
 4 183
 4 184
 4 185
 2 186
 4 187
 4 188
 3 189
 3 190
 6 191
 4 192
 2 193
 3 194
 3 195
 2 196
 0 197
 0 198
 1 199
 1 200
 0 201
 1 202
 0 203
 1 204
 0 205
 2 206
 0 207
 1 208
 0 209
 0 210
 0 211
 1 212
 1 213
 0 214
 0 215
 0 216
 0 217
 0 218
 0 219
 1 220
 1 221
 0 222
 0 223
 0 224
 0 225
 0 226
 0 227
 0 228
 0 229
 0 230
 0 231
 0 232
 0 233
 0 234
 0 235
 0 236
 0 237
 0 238
 0 239
 0 240
 0 241
 0 242
 0 243
 0 244
 0 245
 0 246
 0 247
 0 248
 0 249
 0 250
 0 251
 0 252
 0 253
 0 254
 0 255
 0 256
 0 257
 0 258
 0 259
 0 260
 0 261
 0 262
 0 263
 0 264
 1 265
 0 266
 0 267
 0 268
 0 269
 0 270
 0 271
 0 272
 0 273
 0 274
 0 275
 0 276
 0 277
 0 278
 0 279
 0 280
 0 281
 0 282
 0 283
 0 284
 0 285
 0 286
 0 287
 0 288
 0 289
 2 290
 0 291
 0 292
 0 293
 2 294
 0 295
 0 296
 1 297
 0 298
 2 299
 0 300
 0 301
 0 302
 0 303
 1 304
 0 305
 1 306
 3 307
 0 308
 1 309
 2 310
 1 311
 1 312
 0 313
 2 314
 0 315
 4 316
 1 317
 1 318
 3 319
 4 320
 1 321
 1 322
 0 323
 1 324
 1 325
 1 326
 1 327
 0 328
 1 329
 0 330
 3 331
 1 332
 1 333
 1 334
 3 335
 3 336
 2 337
 1 338
 1 339
 2 340
 1 341
 4 342
 0 343
 2 344
 1 345
 1 346
 0 347
 0 348
 2 349
 2 350
 0 351
 2 352
 1 353
 0 354
 1 355
 2 356
 3 357
 0 358
 2 359
 1 360
 0 361
 1 362
 2 363
 1 364
 2 365
 3 366
 2 367
 0 368
 1 369
 0 370
 1 371
 1 372
 0 373
 0 374
 0 375
 0 376
 0 377
 0 378
 0 379
 0 380
 0 381
 0 382
 0 383
 0 384
 1 385
 0 386
 0 387
 0 388
 0 389
 0 390
 0 391
 1 392
 0 393
 0 394
 0 395
 0 396
 0 397
 0 398
 0 399
 0 400
 0 401
 0 402
 0 403
 0 404
 0 405
 0 406
 0 407
 0 408
 0 409
 0 410
 0 411
 0 412
 0 413
 0 414
 0 415
 0 416
 0 417
 0 418
 0 419
 0 420
 0 421
 0 422
 0 423
 0 424
 0 425
 0 426
 0 427
 0 428
 0 429
 0 430
 0 431
 0 432
 0 433
 0 434
 0 435
 0 436
 0 437
 0 438
 0 439
 0 440
 0 441
 0 442
 0 443
 0 444
 0 445
 0 446
 0 447
 0 448
 0 449
 0 450
 0 451
 0 452
 0 453
 0 454
 0 455
 0 456
 0 457
 0 458
 0 459
 0 460
 0 461
 0 462
 0 463
 0 464
 0 465
 0 466
 0 467
 0 468
 0 469
 0 470
 0 471
 0 472
 0 473
 0 474
 0 475
 0 476
 0 477
 0 478
 0 479
 0 480
 0 481
 0 482
 0 483
 0 484
 0 485
 0 486
 0 487
 0 488
 0 489
 0 490
 0 491
 0 492
 0 493
 0 494
 0 495
 0 496
 0 497
 0 498
 0 499
 0 500
 0 501
 0 502
 0 503
 0 504
 0 505
 0 506
 0 507
 0 508
 0 509
 0 510
 0 511
 0 512
 0 513
 0 514
 0 515
 0 516
 0 517
 0 518
 0 519
 0 520
 0 521
 0 522
 0 523
 0 524
 0 525
 0 526
 0 527
 0 528
 0 529
 0 530
 0 531
 0 532
 0 533
 0 534
 0 535
 0 536
 0 537
 0 538
 0 539
 0 540
 0 541
 0 542
 0 543
 0 544
 0 545
 0 546
 0 547
 0 548
 0 549
 0 550
 0 551
 0 552
 0 553
 0 554
 0 555
 0 556
 0 557
 0 558
 0 559
 0 560
 0 561
 0 562
 0 563
 0 564
 0 565
 0 566
 0 567
 0 568
 0 569
 0 570
 0 571
 0 572
 0 573
 0 574
 0 575
 0 576
 0 577
 0 578
 0 579
 0 580
 0 581
 0 582
 0 583
 0 584
 0 585
 0 586
 0 587
 0 588
 0 589
 0 590
 0 591
 0 592
 0 593
 0 594
 0 595
 0 596
 0 597
 0 598
 0 599
 0 600


