# Created by Octave 3.8.2, Mon Jun 22 09:48:37 2020 CEST <damian@fptrucha.inv.usc.es>
# name: hd
# type: matrix
# rows: 551
# columns: 2
 0 50
 0 51
 0 52
 0 53
 0 54
 0 55
 0 56
 0 57
 0 58
 0 59
 0 60
 0 61
 0 62
 0 63
 0 64
 0 65
 0 66
 0 67
 0 68
 0 69
 0 70
 0 71
 0 72
 0 73
 0 74
 0 75
 0 76
 0 77
 0 78
 0 79
 0 80
 0 81
 0 82
 0 83
 0 84
 0 85
 0 86
 0 87
 0 88
 0 89
 3 90
 11 91
 22 92
 72 93
 170 94
 380 95
 500 96
 595 97
 805 98
 1024 99
 1273 100
 1392 101
 1504 102
 1547 103
 1491 104
 1504 105
 1505 106
 1458 107
 1396 108
 1450 109
 1330 110
 1211 111
 1202 112
 1069 113
 985 114
 898 115
 839 116
 785 117
 702 118
 657 119
 596 120
 551 121
 482 122
 453 123
 402 124
 335 125
 305 126
 285 127
 275 128
 217 129
 214 130
 212 131
 169 132
 153 133
 147 134
 147 135
 140 136
 124 137
 111 138
 96 139
 84 140
 89 141
 87 142
 80 143
 76 144
 65 145
 55 146
 70 147
 55 148
 55 149
 47 150
 36 151
 40 152
 32 153
 39 154
 37 155
 32 156
 38 157
 25 158
 25 159
 21 160
 24 161
 24 162
 14 163
 21 164
 13 165
 17 166
 12 167
 16 168
 6 169
 13 170
 15 171
 14 172
 7 173
 12 174
 5 175
 7 176
 7 177
 11 178
 3 179
 10 180
 7 181
 4 182
 3 183
 5 184
 5 185
 4 186
 2 187
 2 188
 0 189
 2 190
 1 191
 3 192
 3 193
 1 194
 5 195
 0 196
 2 197
 1 198
 1 199
 2 200
 2 201
 2 202
 3 203
 0 204
 0 205
 0 206
 2 207
 1 208
 2 209
 0 210
 1 211
 0 212
 0 213
 0 214
 0 215
 0 216
 0 217
 1 218
 0 219
 1 220
 0 221
 1 222
 0 223
 0 224
 1 225
 0 226
 1 227
 0 228
 0 229
 0 230
 0 231
 0 232
 0 233
 0 234
 0 235
 1 236
 1 237
 0 238
 0 239
 1 240
 0 241
 0 242
 0 243
 0 244
 0 245
 0 246
 0 247
 0 248
 0 249
 0 250
 0 251
 0 252
 0 253
 0 254
 0 255
 0 256
 0 257
 0 258
 0 259
 0 260
 0 261
 0 262
 0 263
 0 264
 0 265
 0 266
 0 267
 0 268
 0 269
 0 270
 0 271
 0 272
 1 273
 0 274
 0 275
 0 276
 0 277
 0 278
 0 279
 0 280
 0 281
 0 282
 0 283
 0 284
 0 285
 0 286
 0 287
 0 288
 0 289
 0 290
 0 291
 0 292
 1 293
 0 294
 0 295
 0 296
 0 297
 0 298
 0 299
 1 300
 0 301
 1 302
 1 303
 0 304
 2 305
 1 306
 1 307
 0 308
 1 309
 2 310
 1 311
 1 312
 1 313
 0 314
 3 315
 0 316
 0 317
 1 318
 1 319
 0 320
 2 321
 2 322
 0 323
 0 324
 0 325
 2 326
 2 327
 1 328
 5 329
 1 330
 3 331
 2 332
 1 333
 1 334
 2 335
 0 336
 0 337
 2 338
 4 339
 0 340
 2 341
 2 342
 1 343
 1 344
 2 345
 3 346
 2 347
 1 348
 2 349
 1 350
 0 351
 1 352
 1 353
 0 354
 0 355
 1 356
 2 357
 3 358
 0 359
 2 360
 1 361
 0 362
 0 363
 2 364
 1 365
 1 366
 0 367
 1 368
 0 369
 0 370
 1 371
 0 372
 1 373
 0 374
 0 375
 0 376
 1 377
 1 378
 2 379
 0 380
 0 381
 1 382
 1 383
 0 384
 1 385
 0 386
 0 387
 0 388
 0 389
 1 390
 2 391
 0 392
 0 393
 0 394
 0 395
 0 396
 0 397
 0 398
 0 399
 0 400
 0 401
 0 402
 0 403
 0 404
 0 405
 0 406
 0 407
 1 408
 0 409
 1 410
 0 411
 0 412
 0 413
 0 414
 0 415
 1 416
 0 417
 0 418
 0 419
 1 420
 0 421
 0 422
 0 423
 0 424
 0 425
 0 426
 0 427
 0 428
 0 429
 0 430
 0 431
 0 432
 0 433
 0 434
 0 435
 0 436
 0 437
 0 438
 0 439
 0 440
 0 441
 0 442
 0 443
 0 444
 0 445
 0 446
 0 447
 0 448
 0 449
 0 450
 0 451
 0 452
 0 453
 0 454
 0 455
 0 456
 0 457
 0 458
 0 459
 0 460
 0 461
 0 462
 0 463
 0 464
 0 465
 0 466
 0 467
 0 468
 0 469
 0 470
 0 471
 0 472
 0 473
 0 474
 0 475
 0 476
 0 477
 0 478
 0 479
 0 480
 0 481
 0 482
 0 483
 0 484
 0 485
 0 486
 0 487
 0 488
 0 489
 0 490
 0 491
 0 492
 0 493
 0 494
 0 495
 0 496
 0 497
 0 498
 0 499
 0 500
 0 501
 0 502
 0 503
 0 504
 0 505
 0 506
 0 507
 0 508
 0 509
 0 510
 0 511
 0 512
 0 513
 0 514
 0 515
 0 516
 0 517
 0 518
 0 519
 0 520
 0 521
 0 522
 0 523
 0 524
 0 525
 0 526
 0 527
 0 528
 0 529
 0 530
 0 531
 0 532
 0 533
 0 534
 0 535
 0 536
 0 537
 0 538
 0 539
 0 540
 0 541
 0 542
 0 543
 0 544
 0 545
 0 546
 0 547
 0 548
 0 549
 0 550
 0 551
 0 552
 0 553
 0 554
 0 555
 0 556
 0 557
 0 558
 0 559
 0 560
 0 561
 0 562
 0 563
 0 564
 0 565
 0 566
 0 567
 0 568
 0 569
 0 570
 0 571
 0 572
 0 573
 0 574
 0 575
 0 576
 0 577
 0 578
 0 579
 0 580
 0 581
 0 582
 0 583
 0 584
 0 585
 0 586
 0 587
 0 588
 0 589
 0 590
 0 591
 0 592
 0 593
 0 594
 0 595
 0 596
 0 597
 0 598
 0 599
 0 600


