# Created by Octave 3.8.2, Tue Jun 23 00:41:20 2020 CEST <damian@fptrucha.inv.usc.es>
# name: hd
# type: matrix
# rows: 551
# columns: 2
 0 50
 0 51
 0 52
 0 53
 0 54
 0 55
 0 56
 0 57
 0 58
 0 59
 0 60
 0 61
 0 62
 0 63
 0 64
 0 65
 0 66
 0 67
 0 68
 0 69
 0 70
 0 71
 0 72
 0 73
 0 74
 0 75
 0 76
 0 77
 0 78
 0 79
 0 80
 0 81
 0 82
 0 83
 0 84
 0 85
 0 86
 0 87
 0 88
 1 89
 5 90
 9 91
 54 92
 132 93
 283 94
 466 95
 568 96
 705 97
 886 98
 1265 99
 1446 100
 1614 101
 1617 102
 1632 103
 1718 104
 1688 105
 1624 106
 1671 107
 1510 108
 1487 109
 1430 110
 1319 111
 1221 112
 1161 113
 1087 114
 1007 115
 879 116
 886 117
 732 118
 671 119
 706 120
 556 121
 513 122
 437 123
 406 124
 373 125
 302 126
 284 127
 256 128
 249 129
 201 130
 215 131
 176 132
 152 133
 163 134
 137 135
 129 136
 118 137
 92 138
 102 139
 98 140
 91 141
 79 142
 77 143
 65 144
 66 145
 50 146
 67 147
 52 148
 41 149
 66 150
 41 151
 58 152
 45 153
 37 154
 36 155
 36 156
 30 157
 43 158
 26 159
 27 160
 20 161
 18 162
 14 163
 25 164
 24 165
 15 166
 20 167
 10 168
 8 169
 13 170
 9 171
 11 172
 8 173
 8 174
 12 175
 9 176
 6 177
 2 178
 5 179
 9 180
 5 181
 8 182
 5 183
 2 184
 6 185
 3 186
 5 187
 6 188
 5 189
 5 190
 2 191
 3 192
 2 193
 4 194
 0 195
 2 196
 1 197
 2 198
 5 199
 1 200
 3 201
 1 202
 2 203
 0 204
 5 205
 1 206
 1 207
 1 208
 0 209
 0 210
 1 211
 0 212
 0 213
 0 214
 1 215
 0 216
 1 217
 0 218
 0 219
 0 220
 0 221
 0 222
 0 223
 1 224
 0 225
 0 226
 0 227
 0 228
 1 229
 0 230
 0 231
 0 232
 0 233
 0 234
 0 235
 0 236
 0 237
 0 238
 0 239
 0 240
 0 241
 0 242
 0 243
 0 244
 0 245
 0 246
 0 247
 1 248
 1 249
 0 250
 0 251
 0 252
 0 253
 0 254
 0 255
 0 256
 0 257
 0 258
 0 259
 0 260
 0 261
 0 262
 0 263
 0 264
 0 265
 0 266
 0 267
 0 268
 0 269
 0 270
 0 271
 0 272
 0 273
 0 274
 0 275
 0 276
 0 277
 0 278
 0 279
 0 280
 0 281
 0 282
 0 283
 0 284
 0 285
 0 286
 0 287
 0 288
 2 289
 0 290
 0 291
 1 292
 0 293
 1 294
 2 295
 0 296
 0 297
 0 298
 2 299
 1 300
 0 301
 0 302
 0 303
 0 304
 0 305
 0 306
 6 307
 1 308
 1 309
 0 310
 2 311
 2 312
 0 313
 2 314
 1 315
 1 316
 5 317
 1 318
 0 319
 1 320
 1 321
 2 322
 4 323
 1 324
 3 325
 1 326
 0 327
 2 328
 5 329
 0 330
 1 331
 2 332
 2 333
 1 334
 3 335
 1 336
 0 337
 1 338
 1 339
 1 340
 1 341
 0 342
 1 343
 2 344
 2 345
 2 346
 4 347
 0 348
 3 349
 0 350
 2 351
 2 352
 0 353
 1 354
 2 355
 0 356
 1 357
 2 358
 1 359
 1 360
 1 361
 1 362
 2 363
 0 364
 1 365
 2 366
 0 367
 0 368
 1 369
 1 370
 0 371
 1 372
 1 373
 0 374
 0 375
 0 376
 0 377
 2 378
 0 379
 1 380
 0 381
 0 382
 0 383
 0 384
 0 385
 1 386
 0 387
 0 388
 0 389
 1 390
 0 391
 1 392
 0 393
 0 394
 0 395
 0 396
 0 397
 0 398
 0 399
 1 400
 0 401
 0 402
 0 403
 1 404
 0 405
 0 406
 0 407
 1 408
 0 409
 0 410
 0 411
 0 412
 0 413
 0 414
 1 415
 0 416
 0 417
 0 418
 0 419
 0 420
 0 421
 0 422
 0 423
 0 424
 0 425
 0 426
 0 427
 0 428
 0 429
 0 430
 0 431
 0 432
 0 433
 0 434
 0 435
 0 436
 0 437
 0 438
 0 439
 0 440
 0 441
 0 442
 0 443
 0 444
 0 445
 0 446
 0 447
 0 448
 0 449
 0 450
 0 451
 0 452
 0 453
 0 454
 0 455
 0 456
 0 457
 0 458
 0 459
 0 460
 0 461
 0 462
 0 463
 0 464
 0 465
 0 466
 0 467
 0 468
 0 469
 0 470
 0 471
 0 472
 0 473
 0 474
 0 475
 0 476
 0 477
 0 478
 0 479
 0 480
 0 481
 0 482
 0 483
 0 484
 0 485
 0 486
 0 487
 0 488
 0 489
 0 490
 0 491
 0 492
 0 493
 0 494
 0 495
 0 496
 0 497
 0 498
 0 499
 0 500
 0 501
 0 502
 0 503
 0 504
 0 505
 0 506
 0 507
 0 508
 0 509
 0 510
 0 511
 0 512
 0 513
 0 514
 0 515
 0 516
 0 517
 0 518
 0 519
 0 520
 0 521
 0 522
 0 523
 0 524
 0 525
 0 526
 0 527
 0 528
 0 529
 0 530
 0 531
 0 532
 0 533
 0 534
 0 535
 0 536
 0 537
 0 538
 0 539
 0 540
 0 541
 0 542
 0 543
 0 544
 0 545
 0 546
 0 547
 0 548
 0 549
 0 550
 0 551
 0 552
 0 553
 0 554
 0 555
 0 556
 0 557
 0 558
 0 559
 0 560
 0 561
 0 562
 0 563
 0 564
 0 565
 0 566
 0 567
 0 568
 0 569
 0 570
 0 571
 0 572
 0 573
 0 574
 0 575
 0 576
 0 577
 0 578
 0 579
 0 580
 0 581
 0 582
 0 583
 0 584
 0 585
 0 586
 0 587
 0 588
 0 589
 0 590
 0 591
 0 592
 0 593
 0 594
 0 595
 0 596
 0 597
 0 598
 0 599
 0 600


