# Created by Octave 3.8.2, Mon Jun 22 09:15:01 2020 CEST <damian@fptrucha.inv.usc.es>
# name: hd
# type: matrix
# rows: 551
# columns: 2
 0 50
 0 51
 0 52
 0 53
 0 54
 0 55
 0 56
 0 57
 0 58
 0 59
 0 60
 0 61
 0 62
 0 63
 0 64
 0 65
 0 66
 0 67
 0 68
 0 69
 0 70
 0 71
 0 72
 0 73
 0 74
 0 75
 0 76
 0 77
 0 78
 0 79
 0 80
 0 81
 0 82
 1 83
 0 84
 0 85
 0 86
 0 87
 0 88
 1 89
 2 90
 16 91
 25 92
 85 93
 167 94
 372 95
 495 96
 579 97
 747 98
 989 99
 1333 100
 1334 101
 1482 102
 1545 103
 1580 104
 1541 105
 1505 106
 1485 107
 1381 108
 1417 109
 1339 110
 1183 111
 1113 112
 1075 113
 988 114
 895 115
 842 116
 759 117
 636 118
 605 119
 584 120
 493 121
 461 122
 399 123
 374 124
 329 125
 304 126
 257 127
 222 128
 227 129
 197 130
 161 131
 160 132
 153 133
 121 134
 133 135
 119 136
 101 137
 90 138
 75 139
 93 140
 73 141
 72 142
 60 143
 70 144
 50 145
 55 146
 50 147
 57 148
 49 149
 45 150
 42 151
 34 152
 37 153
 37 154
 32 155
 29 156
 35 157
 28 158
 21 159
 27 160
 23 161
 19 162
 25 163
 23 164
 7 165
 12 166
 15 167
 14 168
 15 169
 17 170
 4 171
 9 172
 12 173
 9 174
 3 175
 11 176
 5 177
 9 178
 7 179
 10 180
 7 181
 5 182
 7 183
 5 184
 5 185
 6 186
 3 187
 5 188
 4 189
 2 190
 2 191
 0 192
 2 193
 2 194
 2 195
 3 196
 0 197
 1 198
 0 199
 2 200
 2 201
 1 202
 1 203
 0 204
 2 205
 1 206
 0 207
 1 208
 0 209
 0 210
 1 211
 2 212
 1 213
 0 214
 0 215
 0 216
 0 217
 0 218
 0 219
 1 220
 0 221
 0 222
 0 223
 0 224
 0 225
 0 226
 0 227
 0 228
 0 229
 0 230
 0 231
 0 232
 0 233
 0 234
 0 235
 0 236
 0 237
 0 238
 0 239
 0 240
 0 241
 0 242
 0 243
 0 244
 0 245
 1 246
 0 247
 0 248
 0 249
 0 250
 0 251
 0 252
 0 253
 0 254
 0 255
 0 256
 0 257
 0 258
 0 259
 0 260
 0 261
 0 262
 0 263
 0 264
 0 265
 0 266
 0 267
 0 268
 0 269
 0 270
 0 271
 0 272
 0 273
 0 274
 0 275
 0 276
 0 277
 0 278
 0 279
 0 280
 1 281
 0 282
 1 283
 0 284
 0 285
 0 286
 0 287
 0 288
 0 289
 0 290
 0 291
 0 292
 0 293
 0 294
 1 295
 0 296
 1 297
 1 298
 1 299
 2 300
 1 301
 1 302
 1 303
 0 304
 0 305
 0 306
 0 307
 2 308
 0 309
 2 310
 0 311
 2 312
 1 313
 3 314
 1 315
 0 316
 0 317
 3 318
 2 319
 0 320
 0 321
 1 322
 2 323
 3 324
 1 325
 1 326
 1 327
 3 328
 2 329
 2 330
 1 331
 1 332
 0 333
 1 334
 2 335
 2 336
 4 337
 3 338
 3 339
 0 340
 0 341
 3 342
 2 343
 2 344
 2 345
 2 346
 2 347
 1 348
 0 349
 2 350
 3 351
 1 352
 1 353
 3 354
 0 355
 0 356
 0 357
 0 358
 1 359
 0 360
 0 361
 2 362
 1 363
 1 364
 0 365
 1 366
 0 367
 0 368
 1 369
 1 370
 1 371
 3 372
 3 373
 0 374
 1 375
 2 376
 1 377
 1 378
 0 379
 1 380
 1 381
 1 382
 0 383
 0 384
 0 385
 0 386
 0 387
 0 388
 0 389
 1 390
 0 391
 0 392
 0 393
 1 394
 0 395
 0 396
 0 397
 1 398
 2 399
 0 400
 0 401
 0 402
 0 403
 0 404
 0 405
 0 406
 0 407
 0 408
 0 409
 0 410
 0 411
 0 412
 0 413
 0 414
 0 415
 0 416
 1 417
 0 418
 0 419
 0 420
 0 421
 0 422
 0 423
 0 424
 0 425
 0 426
 0 427
 0 428
 0 429
 0 430
 0 431
 0 432
 0 433
 0 434
 1 435
 0 436
 0 437
 0 438
 0 439
 0 440
 0 441
 0 442
 0 443
 0 444
 0 445
 0 446
 0 447
 0 448
 0 449
 0 450
 0 451
 0 452
 0 453
 0 454
 0 455
 0 456
 0 457
 0 458
 0 459
 0 460
 0 461
 0 462
 0 463
 0 464
 0 465
 0 466
 0 467
 0 468
 0 469
 0 470
 0 471
 0 472
 0 473
 0 474
 0 475
 0 476
 0 477
 0 478
 0 479
 0 480
 0 481
 0 482
 0 483
 0 484
 0 485
 0 486
 0 487
 0 488
 0 489
 0 490
 0 491
 0 492
 0 493
 0 494
 0 495
 0 496
 0 497
 0 498
 0 499
 0 500
 0 501
 0 502
 0 503
 0 504
 0 505
 0 506
 0 507
 0 508
 0 509
 0 510
 0 511
 0 512
 0 513
 0 514
 0 515
 0 516
 0 517
 0 518
 0 519
 0 520
 0 521
 0 522
 0 523
 0 524
 0 525
 0 526
 0 527
 0 528
 0 529
 0 530
 0 531
 0 532
 0 533
 0 534
 0 535
 0 536
 0 537
 0 538
 0 539
 0 540
 0 541
 0 542
 0 543
 0 544
 0 545
 0 546
 0 547
 0 548
 0 549
 0 550
 0 551
 0 552
 0 553
 0 554
 0 555
 0 556
 0 557
 0 558
 0 559
 0 560
 0 561
 0 562
 0 563
 0 564
 0 565
 0 566
 0 567
 0 568
 0 569
 0 570
 0 571
 0 572
 0 573
 0 574
 0 575
 0 576
 0 577
 0 578
 0 579
 0 580
 0 581
 0 582
 0 583
 0 584
 0 585
 0 586
 0 587
 0 588
 0 589
 0 590
 0 591
 0 592
 0 593
 0 594
 0 595
 0 596
 0 597
 0 598
 0 599
 0 600


