# Created by Octave 3.8.2, Mon Jun 22 06:45:08 2020 CEST <damian@fptrucha.inv.usc.es>
# name: hd
# type: matrix
# rows: 551
# columns: 2
 0 50
 0 51
 0 52
 0 53
 0 54
 0 55
 0 56
 0 57
 0 58
 0 59
 0 60
 0 61
 0 62
 0 63
 0 64
 0 65
 0 66
 0 67
 0 68
 0 69
 0 70
 0 71
 0 72
 0 73
 0 74
 0 75
 0 76
 0 77
 0 78
 0 79
 0 80
 0 81
 0 82
 0 83
 0 84
 0 85
 0 86
 0 87
 0 88
 0 89
 1 90
 8 91
 21 92
 75 93
 151 94
 333 95
 495 96
 628 97
 677 98
 952 99
 1357 100
 1428 101
 1471 102
 1528 103
 1615 104
 1559 105
 1440 106
 1483 107
 1451 108
 1371 109
 1345 110
 1202 111
 1140 112
 1032 113
 945 114
 889 115
 758 116
 709 117
 643 118
 571 119
 565 120
 483 121
 427 122
 380 123
 355 124
 319 125
 249 126
 273 127
 221 128
 229 129
 190 130
 168 131
 146 132
 152 133
 143 134
 122 135
 107 136
 102 137
 86 138
 83 139
 77 140
 71 141
 62 142
 74 143
 72 144
 72 145
 68 146
 53 147
 51 148
 42 149
 43 150
 40 151
 37 152
 48 153
 32 154
 41 155
 35 156
 34 157
 26 158
 23 159
 18 160
 21 161
 22 162
 19 163
 18 164
 19 165
 11 166
 19 167
 8 168
 10 169
 6 170
 9 171
 15 172
 8 173
 11 174
 4 175
 5 176
 9 177
 3 178
 9 179
 4 180
 4 181
 5 182
 6 183
 4 184
 5 185
 6 186
 6 187
 3 188
 2 189
 5 190
 2 191
 2 192
 2 193
 2 194
 1 195
 0 196
 2 197
 4 198
 3 199
 3 200
 1 201
 1 202
 2 203
 2 204
 2 205
 1 206
 1 207
 0 208
 1 209
 1 210
 0 211
 1 212
 0 213
 0 214
 0 215
 1 216
 0 217
 0 218
 0 219
 0 220
 0 221
 0 222
 0 223
 0 224
 0 225
 0 226
 0 227
 0 228
 0 229
 0 230
 0 231
 0 232
 0 233
 0 234
 0 235
 0 236
 0 237
 1 238
 0 239
 0 240
 0 241
 0 242
 0 243
 0 244
 0 245
 0 246
 0 247
 0 248
 0 249
 0 250
 0 251
 0 252
 0 253
 0 254
 0 255
 0 256
 0 257
 1 258
 0 259
 0 260
 0 261
 0 262
 0 263
 0 264
 0 265
 0 266
 0 267
 0 268
 0 269
 0 270
 0 271
 0 272
 0 273
 0 274
 0 275
 0 276
 0 277
 0 278
 0 279
 0 280
 0 281
 0 282
 0 283
 2 284
 0 285
 0 286
 0 287
 0 288
 1 289
 0 290
 0 291
 0 292
 1 293
 0 294
 0 295
 1 296
 0 297
 0 298
 1 299
 0 300
 1 301
 2 302
 1 303
 2 304
 1 305
 2 306
 1 307
 2 308
 2 309
 0 310
 0 311
 3 312
 2 313
 1 314
 2 315
 1 316
 2 317
 3 318
 2 319
 1 320
 1 321
 2 322
 2 323
 1 324
 0 325
 0 326
 2 327
 2 328
 0 329
 2 330
 2 331
 2 332
 2 333
 3 334
 0 335
 2 336
 5 337
 0 338
 2 339
 1 340
 1 341
 1 342
 1 343
 3 344
 3 345
 3 346
 2 347
 2 348
 1 349
 2 350
 0 351
 1 352
 1 353
 1 354
 2 355
 2 356
 3 357
 1 358
 4 359
 1 360
 0 361
 3 362
 0 363
 2 364
 2 365
 0 366
 2 367
 2 368
 0 369
 1 370
 0 371
 0 372
 0 373
 1 374
 1 375
 0 376
 0 377
 1 378
 2 379
 1 380
 0 381
 0 382
 1 383
 0 384
 0 385
 3 386
 1 387
 0 388
 0 389
 1 390
 0 391
 0 392
 0 393
 1 394
 0 395
 1 396
 0 397
 0 398
 0 399
 0 400
 0 401
 0 402
 0 403
 0 404
 0 405
 0 406
 0 407
 0 408
 0 409
 0 410
 1 411
 0 412
 0 413
 0 414
 1 415
 0 416
 0 417
 0 418
 0 419
 0 420
 0 421
 0 422
 0 423
 0 424
 0 425
 1 426
 0 427
 0 428
 0 429
 0 430
 0 431
 0 432
 0 433
 0 434
 0 435
 0 436
 0 437
 0 438
 0 439
 0 440
 0 441
 0 442
 0 443
 0 444
 0 445
 0 446
 0 447
 0 448
 0 449
 0 450
 0 451
 0 452
 0 453
 0 454
 0 455
 0 456
 0 457
 0 458
 0 459
 0 460
 0 461
 0 462
 0 463
 0 464
 0 465
 0 466
 0 467
 0 468
 0 469
 0 470
 0 471
 0 472
 0 473
 0 474
 0 475
 0 476
 0 477
 0 478
 0 479
 0 480
 0 481
 0 482
 0 483
 0 484
 0 485
 0 486
 0 487
 0 488
 0 489
 0 490
 0 491
 0 492
 0 493
 0 494
 0 495
 0 496
 0 497
 0 498
 0 499
 0 500
 0 501
 0 502
 0 503
 0 504
 0 505
 0 506
 0 507
 0 508
 0 509
 0 510
 0 511
 0 512
 0 513
 0 514
 0 515
 0 516
 0 517
 0 518
 0 519
 0 520
 0 521
 0 522
 0 523
 0 524
 0 525
 0 526
 0 527
 0 528
 0 529
 0 530
 0 531
 0 532
 0 533
 0 534
 0 535
 0 536
 0 537
 0 538
 0 539
 0 540
 0 541
 0 542
 0 543
 0 544
 0 545
 0 546
 0 547
 0 548
 0 549
 0 550
 0 551
 0 552
 0 553
 0 554
 0 555
 0 556
 0 557
 0 558
 0 559
 0 560
 0 561
 0 562
 0 563
 0 564
 0 565
 0 566
 0 567
 0 568
 0 569
 0 570
 0 571
 0 572
 0 573
 0 574
 0 575
 0 576
 0 577
 0 578
 0 579
 0 580
 0 581
 0 582
 0 583
 0 584
 0 585
 0 586
 0 587
 0 588
 0 589
 0 590
 0 591
 0 592
 0 593
 0 594
 0 595
 0 596
 0 597
 0 598
 0 599
 0 600


