# Created by Octave 3.8.2, Mon Jun 22 04:24:17 2020 CEST <damian@fptrucha.inv.usc.es>
# name: hd
# type: matrix
# rows: 551
# columns: 2
 0 50
 0 51
 0 52
 0 53
 0 54
 0 55
 0 56
 0 57
 0 58
 0 59
 0 60
 0 61
 0 62
 0 63
 0 64
 0 65
 0 66
 0 67
 0 68
 0 69
 0 70
 0 71
 0 72
 0 73
 0 74
 0 75
 0 76
 0 77
 0 78
 0 79
 0 80
 0 81
 0 82
 0 83
 0 84
 0 85
 0 86
 0 87
 0 88
 0 89
 3 90
 8 91
 16 92
 65 93
 148 94
 301 95
 477 96
 593 97
 716 98
 927 99
 1318 100
 1436 101
 1511 102
 1479 103
 1534 104
 1522 105
 1488 106
 1439 107
 1373 108
 1328 109
 1209 110
 1135 111
 1090 112
 1034 113
 957 114
 857 115
 759 116
 685 117
 630 118
 567 119
 537 120
 446 121
 402 122
 345 123
 308 124
 288 125
 263 126
 240 127
 227 128
 179 129
 201 130
 151 131
 164 132
 136 133
 100 134
 103 135
 90 136
 101 137
 99 138
 89 139
 91 140
 67 141
 61 142
 57 143
 66 144
 60 145
 58 146
 41 147
 37 148
 37 149
 37 150
 42 151
 43 152
 23 153
 29 154
 27 155
 30 156
 29 157
 25 158
 25 159
 24 160
 21 161
 26 162
 23 163
 20 164
 18 165
 12 166
 18 167
 10 168
 7 169
 17 170
 7 171
 7 172
 4 173
 5 174
 6 175
 7 176
 7 177
 7 178
 13 179
 4 180
 7 181
 4 182
 4 183
 5 184
 4 185
 4 186
 3 187
 3 188
 6 189
 2 190
 4 191
 2 192
 1 193
 2 194
 3 195
 0 196
 1 197
 0 198
 1 199
 2 200
 1 201
 1 202
 0 203
 3 204
 1 205
 0 206
 0 207
 1 208
 0 209
 2 210
 1 211
 3 212
 0 213
 0 214
 0 215
 1 216
 0 217
 2 218
 1 219
 1 220
 1 221
 1 222
 0 223
 0 224
 0 225
 0 226
 0 227
 0 228
 0 229
 0 230
 0 231
 0 232
 0 233
 0 234
 0 235
 0 236
 0 237
 0 238
 0 239
 0 240
 0 241
 0 242
 0 243
 0 244
 0 245
 0 246
 0 247
 0 248
 0 249
 0 250
 0 251
 0 252
 0 253
 0 254
 0 255
 0 256
 0 257
 0 258
 0 259
 0 260
 0 261
 0 262
 0 263
 0 264
 0 265
 0 266
 0 267
 0 268
 0 269
 0 270
 0 271
 0 272
 0 273
 0 274
 0 275
 0 276
 0 277
 0 278
 0 279
 0 280
 0 281
 0 282
 0 283
 1 284
 0 285
 0 286
 0 287
 0 288
 0 289
 0 290
 0 291
 0 292
 1 293
 0 294
 0 295
 0 296
 0 297
 0 298
 1 299
 0 300
 1 301
 0 302
 1 303
 2 304
 0 305
 1 306
 0 307
 3 308
 2 309
 2 310
 1 311
 2 312
 1 313
 0 314
 1 315
 0 316
 0 317
 3 318
 2 319
 2 320
 0 321
 0 322
 0 323
 0 324
 0 325
 0 326
 2 327
 0 328
 1 329
 1 330
 1 331
 0 332
 1 333
 1 334
 2 335
 0 336
 0 337
 1 338
 0 339
 1 340
 2 341
 4 342
 2 343
 1 344
 0 345
 1 346
 2 347
 1 348
 1 349
 1 350
 0 351
 0 352
 1 353
 1 354
 2 355
 2 356
 0 357
 4 358
 1 359
 3 360
 0 361
 1 362
 0 363
 0 364
 1 365
 0 366
 1 367
 0 368
 1 369
 2 370
 1 371
 0 372
 1 373
 0 374
 0 375
 0 376
 1 377
 1 378
 0 379
 0 380
 1 381
 0 382
 1 383
 2 384
 0 385
 0 386
 1 387
 2 388
 0 389
 0 390
 0 391
 0 392
 0 393
 0 394
 0 395
 0 396
 0 397
 0 398
 0 399
 0 400
 0 401
 0 402
 0 403
 0 404
 1 405
 0 406
 1 407
 0 408
 0 409
 0 410
 0 411
 0 412
 0 413
 0 414
 0 415
 1 416
 0 417
 0 418
 0 419
 0 420
 0 421
 0 422
 0 423
 0 424
 0 425
 0 426
 0 427
 0 428
 0 429
 0 430
 0 431
 0 432
 0 433
 0 434
 0 435
 0 436
 0 437
 0 438
 0 439
 0 440
 0 441
 0 442
 0 443
 0 444
 0 445
 0 446
 0 447
 0 448
 0 449
 0 450
 1 451
 0 452
 0 453
 0 454
 0 455
 0 456
 0 457
 0 458
 0 459
 0 460
 0 461
 0 462
 0 463
 0 464
 0 465
 0 466
 0 467
 0 468
 0 469
 0 470
 0 471
 0 472
 0 473
 0 474
 0 475
 0 476
 0 477
 0 478
 0 479
 0 480
 0 481
 0 482
 0 483
 0 484
 0 485
 0 486
 0 487
 0 488
 0 489
 0 490
 0 491
 0 492
 0 493
 0 494
 0 495
 0 496
 0 497
 0 498
 0 499
 0 500
 0 501
 0 502
 0 503
 0 504
 0 505
 0 506
 0 507
 0 508
 0 509
 0 510
 0 511
 0 512
 0 513
 0 514
 0 515
 0 516
 0 517
 0 518
 0 519
 0 520
 0 521
 0 522
 0 523
 0 524
 0 525
 0 526
 0 527
 0 528
 0 529
 0 530
 0 531
 0 532
 0 533
 0 534
 0 535
 0 536
 0 537
 0 538
 0 539
 0 540
 0 541
 0 542
 0 543
 0 544
 0 545
 0 546
 0 547
 0 548
 0 549
 0 550
 0 551
 0 552
 0 553
 0 554
 0 555
 0 556
 0 557
 0 558
 0 559
 0 560
 0 561
 0 562
 0 563
 0 564
 0 565
 0 566
 0 567
 0 568
 0 569
 0 570
 0 571
 0 572
 0 573
 0 574
 0 575
 0 576
 0 577
 0 578
 0 579
 0 580
 0 581
 0 582
 0 583
 0 584
 0 585
 0 586
 0 587
 0 588
 0 589
 0 590
 0 591
 0 592
 0 593
 0 594
 0 595
 0 596
 0 597
 0 598
 0 599
 0 600


