# Created by Octave 3.8.2, Sun Jun 21 03:26:41 2020 CEST <damian@fptrucha.inv.usc.es>
# name: hd
# type: matrix
# rows: 551
# columns: 2
 0 50
 0 51
 0 52
 0 53
 0 54
 0 55
 0 56
 0 57
 0 58
 0 59
 0 60
 0 61
 0 62
 0 63
 0 64
 0 65
 0 66
 0 67
 0 68
 0 69
 0 70
 0 71
 0 72
 0 73
 0 74
 0 75
 0 76
 0 77
 0 78
 0 79
 0 80
 0 81
 0 82
 0 83
 0 84
 0 85
 0 86
 0 87
 0 88
 1 89
 6 90
 8 91
 40 92
 126 93
 255 94
 362 95
 430 96
 599 97
 795 98
 1015 99
 1119 100
 1212 101
 1191 102
 1303 103
 1267 104
 1353 105
 1315 106
 1307 107
 1364 108
 1281 109
 1262 110
 1241 111
 1132 112
 1104 113
 973 114
 997 115
 865 116
 867 117
 803 118
 734 119
 675 120
 603 121
 591 122
 489 123
 420 124
 433 125
 384 126
 397 127
 328 128
 298 129
 252 130
 217 131
 216 132
 191 133
 167 134
 177 135
 168 136
 144 137
 124 138
 105 139
 107 140
 98 141
 84 142
 83 143
 79 144
 71 145
 76 146
 57 147
 46 148
 59 149
 33 150
 51 151
 38 152
 36 153
 36 154
 32 155
 33 156
 25 157
 30 158
 30 159
 26 160
 24 161
 19 162
 23 163
 20 164
 10 165
 24 166
 10 167
 15 168
 10 169
 11 170
 11 171
 12 172
 5 173
 8 174
 11 175
 6 176
 6 177
 8 178
 5 179
 4 180
 3 181
 2 182
 7 183
 6 184
 0 185
 5 186
 5 187
 4 188
 2 189
 2 190
 1 191
 5 192
 2 193
 1 194
 1 195
 2 196
 2 197
 2 198
 2 199
 1 200
 2 201
 0 202
 0 203
 2 204
 0 205
 0 206
 0 207
 1 208
 1 209
 0 210
 1 211
 0 212
 0 213
 1 214
 0 215
 0 216
 0 217
 0 218
 2 219
 0 220
 0 221
 0 222
 0 223
 0 224
 0 225
 0 226
 0 227
 0 228
 0 229
 1 230
 0 231
 1 232
 0 233
 1 234
 0 235
 1 236
 0 237
 0 238
 0 239
 0 240
 0 241
 1 242
 0 243
 0 244
 0 245
 0 246
 0 247
 0 248
 0 249
 0 250
 0 251
 0 252
 0 253
 0 254
 0 255
 0 256
 0 257
 0 258
 0 259
 0 260
 0 261
 0 262
 0 263
 0 264
 0 265
 0 266
 0 267
 0 268
 0 269
 0 270
 0 271
 0 272
 0 273
 0 274
 0 275
 0 276
 0 277
 0 278
 1 279
 1 280
 1 281
 0 282
 0 283
 0 284
 0 285
 0 286
 0 287
 0 288
 0 289
 0 290
 0 291
 0 292
 0 293
 0 294
 0 295
 1 296
 0 297
 0 298
 0 299
 0 300
 1 301
 0 302
 0 303
 0 304
 0 305
 0 306
 2 307
 1 308
 1 309
 2 310
 1 311
 1 312
 0 313
 1 314
 3 315
 0 316
 3 317
 1 318
 1 319
 0 320
 2 321
 3 322
 2 323
 0 324
 3 325
 0 326
 4 327
 2 328
 0 329
 2 330
 0 331
 2 332
 0 333
 1 334
 2 335
 1 336
 0 337
 2 338
 1 339
 0 340
 2 341
 0 342
 1 343
 1 344
 2 345
 1 346
 0 347
 2 348
 2 349
 0 350
 1 351
 1 352
 1 353
 3 354
 3 355
 1 356
 0 357
 2 358
 1 359
 0 360
 1 361
 2 362
 0 363
 1 364
 3 365
 1 366
 3 367
 0 368
 1 369
 0 370
 0 371
 0 372
 2 373
 1 374
 1 375
 0 376
 1 377
 0 378
 0 379
 0 380
 0 381
 2 382
 2 383
 0 384
 3 385
 0 386
 0 387
 2 388
 0 389
 0 390
 0 391
 0 392
 0 393
 0 394
 2 395
 0 396
 0 397
 0 398
 0 399
 0 400
 1 401
 1 402
 0 403
 0 404
 0 405
 0 406
 0 407
 0 408
 0 409
 0 410
 0 411
 0 412
 0 413
 0 414
 0 415
 0 416
 0 417
 0 418
 0 419
 0 420
 0 421
 0 422
 0 423
 0 424
 0 425
 0 426
 0 427
 0 428
 0 429
 0 430
 0 431
 0 432
 0 433
 0 434
 0 435
 0 436
 0 437
 0 438
 0 439
 0 440
 0 441
 0 442
 0 443
 0 444
 0 445
 0 446
 0 447
 0 448
 0 449
 0 450
 0 451
 0 452
 0 453
 0 454
 0 455
 0 456
 0 457
 0 458
 0 459
 0 460
 0 461
 0 462
 0 463
 0 464
 0 465
 0 466
 0 467
 0 468
 0 469
 0 470
 0 471
 0 472
 0 473
 0 474
 0 475
 0 476
 0 477
 0 478
 0 479
 0 480
 0 481
 0 482
 0 483
 0 484
 0 485
 0 486
 0 487
 0 488
 0 489
 0 490
 0 491
 0 492
 0 493
 0 494
 0 495
 0 496
 0 497
 0 498
 0 499
 0 500
 0 501
 0 502
 0 503
 0 504
 0 505
 0 506
 0 507
 0 508
 0 509
 0 510
 0 511
 0 512
 0 513
 0 514
 0 515
 0 516
 0 517
 0 518
 0 519
 0 520
 0 521
 0 522
 0 523
 0 524
 0 525
 0 526
 0 527
 0 528
 0 529
 0 530
 0 531
 0 532
 0 533
 0 534
 0 535
 0 536
 0 537
 0 538
 0 539
 0 540
 0 541
 0 542
 0 543
 0 544
 0 545
 0 546
 0 547
 0 548
 0 549
 0 550
 0 551
 0 552
 0 553
 0 554
 0 555
 0 556
 0 557
 0 558
 0 559
 0 560
 0 561
 0 562
 0 563
 0 564
 0 565
 0 566
 0 567
 0 568
 0 569
 0 570
 0 571
 0 572
 0 573
 0 574
 0 575
 0 576
 0 577
 0 578
 0 579
 0 580
 0 581
 0 582
 0 583
 0 584
 0 585
 0 586
 0 587
 0 588
 0 589
 0 590
 0 591
 0 592
 0 593
 0 594
 0 595
 0 596
 0 597
 0 598
 0 599
 0 600


