# Created by Octave 3.8.2, Sat Jun 20 15:41:05 2020 CEST <damian@fptrucha.inv.usc.es>
# name: hd
# type: matrix
# rows: 551
# columns: 2
 0 50
 0 51
 0 52
 0 53
 0 54
 0 55
 0 56
 0 57
 0 58
 0 59
 0 60
 0 61
 0 62
 0 63
 0 64
 0 65
 0 66
 0 67
 0 68
 0 69
 0 70
 0 71
 0 72
 0 73
 0 74
 0 75
 0 76
 0 77
 0 78
 0 79
 0 80
 0 81
 0 82
 0 83
 0 84
 0 85
 0 86
 0 87
 0 88
 1 89
 11 90
 24 91
 47 92
 126 93
 278 94
 376 95
 498 96
 601 97
 820 98
 1024 99
 1131 100
 1210 101
 1348 102
 1312 103
 1316 104
 1419 105
 1436 106
 1410 107
 1369 108
 1298 109
 1365 110
 1257 111
 1222 112
 1117 113
 1032 114
 1021 115
 959 116
 888 117
 817 118
 769 119
 740 120
 647 121
 608 122
 530 123
 474 124
 446 125
 421 126
 356 127
 336 128
 296 129
 282 130
 255 131
 242 132
 199 133
 215 134
 190 135
 174 136
 155 137
 116 138
 126 139
 121 140
 86 141
 108 142
 107 143
 90 144
 83 145
 79 146
 81 147
 57 148
 60 149
 52 150
 44 151
 43 152
 36 153
 32 154
 50 155
 37 156
 40 157
 32 158
 29 159
 32 160
 30 161
 26 162
 26 163
 23 164
 26 165
 15 166
 17 167
 10 168
 14 169
 14 170
 10 171
 18 172
 10 173
 10 174
 6 175
 10 176
 15 177
 9 178
 10 179
 8 180
 5 181
 6 182
 8 183
 7 184
 7 185
 2 186
 2 187
 3 188
 2 189
 2 190
 0 191
 2 192
 3 193
 2 194
 2 195
 5 196
 0 197
 2 198
 3 199
 1 200
 2 201
 1 202
 0 203
 0 204
 1 205
 0 206
 0 207
 2 208
 0 209
 0 210
 0 211
 1 212
 0 213
 1 214
 0 215
 1 216
 0 217
 1 218
 0 219
 0 220
 0 221
 0 222
 0 223
 0 224
 0 225
 0 226
 0 227
 1 228
 0 229
 0 230
 0 231
 0 232
 0 233
 1 234
 0 235
 0 236
 0 237
 0 238
 0 239
 0 240
 0 241
 0 242
 0 243
 0 244
 0 245
 0 246
 0 247
 0 248
 0 249
 0 250
 0 251
 1 252
 0 253
 1 254
 0 255
 0 256
 0 257
 0 258
 0 259
 0 260
 0 261
 0 262
 0 263
 0 264
 0 265
 0 266
 0 267
 0 268
 0 269
 0 270
 0 271
 0 272
 0 273
 0 274
 0 275
 0 276
 0 277
 0 278
 1 279
 0 280
 0 281
 0 282
 0 283
 0 284
 0 285
 0 286
 0 287
 0 288
 1 289
 0 290
 0 291
 1 292
 0 293
 0 294
 0 295
 2 296
 0 297
 0 298
 0 299
 0 300
 3 301
 0 302
 0 303
 0 304
 2 305
 0 306
 1 307
 0 308
 1 309
 1 310
 2 311
 0 312
 0 313
 1 314
 0 315
 0 316
 0 317
 2 318
 1 319
 3 320
 1 321
 2 322
 1 323
 0 324
 3 325
 4 326
 1 327
 2 328
 2 329
 1 330
 3 331
 5 332
 1 333
 1 334
 1 335
 3 336
 2 337
 1 338
 1 339
 2 340
 5 341
 1 342
 1 343
 1 344
 1 345
 3 346
 2 347
 1 348
 2 349
 0 350
 1 351
 1 352
 2 353
 2 354
 0 355
 2 356
 0 357
 1 358
 1 359
 2 360
 1 361
 0 362
 1 363
 0 364
 1 365
 1 366
 0 367
 2 368
 1 369
 0 370
 0 371
 2 372
 2 373
 2 374
 2 375
 1 376
 1 377
 0 378
 1 379
 1 380
 0 381
 3 382
 0 383
 1 384
 0 385
 2 386
 1 387
 0 388
 0 389
 0 390
 0 391
 0 392
 1 393
 1 394
 0 395
 0 396
 0 397
 0 398
 0 399
 0 400
 0 401
 0 402
 0 403
 0 404
 0 405
 2 406
 1 407
 0 408
 0 409
 0 410
 0 411
 0 412
 0 413
 0 414
 1 415
 0 416
 0 417
 0 418
 0 419
 0 420
 0 421
 0 422
 0 423
 0 424
 0 425
 0 426
 0 427
 0 428
 0 429
 0 430
 0 431
 0 432
 0 433
 0 434
 0 435
 0 436
 0 437
 0 438
 0 439
 0 440
 0 441
 0 442
 0 443
 0 444
 0 445
 0 446
 0 447
 0 448
 0 449
 0 450
 0 451
 0 452
 0 453
 0 454
 0 455
 0 456
 0 457
 0 458
 0 459
 0 460
 0 461
 0 462
 0 463
 0 464
 0 465
 0 466
 0 467
 0 468
 0 469
 0 470
 0 471
 0 472
 0 473
 0 474
 0 475
 0 476
 0 477
 0 478
 0 479
 0 480
 0 481
 0 482
 0 483
 0 484
 0 485
 0 486
 0 487
 0 488
 0 489
 0 490
 0 491
 0 492
 0 493
 0 494
 0 495
 0 496
 0 497
 0 498
 0 499
 0 500
 0 501
 0 502
 0 503
 0 504
 0 505
 0 506
 0 507
 0 508
 0 509
 0 510
 0 511
 0 512
 0 513
 0 514
 0 515
 0 516
 0 517
 0 518
 0 519
 0 520
 0 521
 0 522
 0 523
 0 524
 0 525
 0 526
 0 527
 0 528
 0 529
 0 530
 0 531
 0 532
 0 533
 0 534
 0 535
 0 536
 0 537
 0 538
 0 539
 0 540
 0 541
 0 542
 0 543
 0 544
 0 545
 0 546
 0 547
 0 548
 0 549
 0 550
 0 551
 0 552
 0 553
 0 554
 0 555
 0 556
 0 557
 0 558
 0 559
 0 560
 0 561
 0 562
 0 563
 0 564
 0 565
 0 566
 0 567
 0 568
 0 569
 0 570
 0 571
 0 572
 0 573
 0 574
 0 575
 0 576
 0 577
 0 578
 0 579
 0 580
 0 581
 0 582
 0 583
 0 584
 0 585
 0 586
 0 587
 0 588
 0 589
 0 590
 0 591
 0 592
 0 593
 0 594
 0 595
 0 596
 0 597
 0 598
 0 599
 0 600


