# Created by Octave 3.8.2, Mon Jun 22 07:39:15 2020 CEST <damian@fptrucha.inv.usc.es>
# name: hd
# type: matrix
# rows: 551
# columns: 2
 0 50
 0 51
 0 52
 0 53
 0 54
 0 55
 0 56
 0 57
 0 58
 0 59
 0 60
 0 61
 0 62
 0 63
 0 64
 0 65
 0 66
 0 67
 0 68
 0 69
 0 70
 0 71
 0 72
 0 73
 0 74
 0 75
 0 76
 0 77
 0 78
 0 79
 0 80
 0 81
 0 82
 0 83
 0 84
 0 85
 0 86
 0 87
 0 88
 1 89
 7 90
 5 91
 19 92
 79 93
 166 94
 356 95
 541 96
 614 97
 797 98
 1052 99
 1321 100
 1386 101
 1485 102
 1527 103
 1514 104
 1551 105
 1439 106
 1515 107
 1471 108
 1337 109
 1299 110
 1220 111
 1149 112
 1093 113
 940 114
 948 115
 813 116
 811 117
 682 118
 632 119
 557 120
 474 121
 467 122
 423 123
 363 124
 327 125
 319 126
 261 127
 261 128
 216 129
 210 130
 192 131
 173 132
 137 133
 137 134
 117 135
 130 136
 120 137
 103 138
 83 139
 102 140
 67 141
 75 142
 49 143
 66 144
 50 145
 57 146
 49 147
 47 148
 42 149
 40 150
 36 151
 25 152
 39 153
 21 154
 34 155
 33 156
 34 157
 23 158
 32 159
 25 160
 33 161
 22 162
 26 163
 20 164
 16 165
 18 166
 9 167
 13 168
 10 169
 13 170
 5 171
 11 172
 12 173
 15 174
 10 175
 9 176
 8 177
 11 178
 5 179
 8 180
 4 181
 9 182
 8 183
 5 184
 3 185
 1 186
 3 187
 7 188
 2 189
 4 190
 2 191
 3 192
 5 193
 2 194
 1 195
 3 196
 0 197
 1 198
 1 199
 2 200
 0 201
 2 202
 2 203
 0 204
 2 205
 0 206
 0 207
 0 208
 1 209
 1 210
 0 211
 0 212
 0 213
 1 214
 0 215
 1 216
 0 217
 1 218
 0 219
 1 220
 0 221
 0 222
 0 223
 0 224
 0 225
 1 226
 0 227
 0 228
 0 229
 0 230
 1 231
 0 232
 1 233
 1 234
 0 235
 0 236
 1 237
 0 238
 0 239
 0 240
 0 241
 0 242
 0 243
 0 244
 0 245
 0 246
 1 247
 0 248
 0 249
 0 250
 0 251
 0 252
 0 253
 0 254
 0 255
 0 256
 0 257
 0 258
 0 259
 0 260
 0 261
 0 262
 0 263
 0 264
 0 265
 0 266
 0 267
 0 268
 0 269
 0 270
 0 271
 0 272
 0 273
 0 274
 0 275
 0 276
 1 277
 0 278
 0 279
 0 280
 0 281
 0 282
 0 283
 0 284
 0 285
 0 286
 0 287
 0 288
 0 289
 1 290
 1 291
 0 292
 1 293
 0 294
 0 295
 1 296
 0 297
 0 298
 1 299
 0 300
 0 301
 0 302
 0 303
 0 304
 0 305
 0 306
 0 307
 1 308
 1 309
 2 310
 0 311
 0 312
 0 313
 1 314
 1 315
 1 316
 1 317
 1 318
 2 319
 5 320
 2 321
 3 322
 2 323
 1 324
 5 325
 0 326
 1 327
 1 328
 3 329
 0 330
 1 331
 1 332
 2 333
 1 334
 2 335
 1 336
 2 337
 2 338
 0 339
 1 340
 0 341
 4 342
 1 343
 1 344
 3 345
 2 346
 3 347
 1 348
 1 349
 0 350
 0 351
 1 352
 0 353
 1 354
 2 355
 2 356
 0 357
 2 358
 1 359
 1 360
 1 361
 0 362
 1 363
 1 364
 2 365
 1 366
 1 367
 0 368
 0 369
 3 370
 2 371
 1 372
 1 373
 0 374
 0 375
 0 376
 2 377
 0 378
 0 379
 0 380
 0 381
 1 382
 0 383
 0 384
 1 385
 0 386
 0 387
 0 388
 0 389
 1 390
 0 391
 1 392
 1 393
 0 394
 0 395
 0 396
 0 397
 0 398
 0 399
 0 400
 0 401
 1 402
 0 403
 0 404
 0 405
 0 406
 0 407
 0 408
 1 409
 0 410
 0 411
 0 412
 0 413
 0 414
 0 415
 0 416
 0 417
 0 418
 0 419
 0 420
 0 421
 0 422
 0 423
 0 424
 0 425
 0 426
 0 427
 0 428
 0 429
 0 430
 0 431
 0 432
 0 433
 0 434
 0 435
 0 436
 0 437
 0 438
 0 439
 0 440
 0 441
 0 442
 0 443
 0 444
 0 445
 0 446
 0 447
 0 448
 0 449
 0 450
 0 451
 0 452
 0 453
 0 454
 0 455
 0 456
 0 457
 0 458
 0 459
 0 460
 0 461
 0 462
 0 463
 0 464
 0 465
 0 466
 0 467
 0 468
 0 469
 0 470
 0 471
 0 472
 0 473
 0 474
 0 475
 0 476
 0 477
 0 478
 0 479
 0 480
 0 481
 0 482
 0 483
 0 484
 0 485
 0 486
 0 487
 0 488
 0 489
 0 490
 0 491
 0 492
 0 493
 0 494
 0 495
 0 496
 0 497
 0 498
 0 499
 0 500
 0 501
 0 502
 0 503
 0 504
 0 505
 0 506
 0 507
 0 508
 0 509
 0 510
 0 511
 0 512
 0 513
 0 514
 0 515
 0 516
 0 517
 0 518
 0 519
 0 520
 0 521
 0 522
 0 523
 0 524
 0 525
 0 526
 0 527
 0 528
 0 529
 0 530
 0 531
 0 532
 0 533
 0 534
 0 535
 0 536
 0 537
 0 538
 0 539
 0 540
 0 541
 0 542
 0 543
 0 544
 0 545
 0 546
 0 547
 0 548
 0 549
 0 550
 0 551
 0 552
 0 553
 0 554
 0 555
 0 556
 0 557
 0 558
 0 559
 0 560
 0 561
 0 562
 0 563
 0 564
 0 565
 0 566
 0 567
 0 568
 0 569
 0 570
 0 571
 0 572
 0 573
 0 574
 0 575
 0 576
 0 577
 0 578
 0 579
 0 580
 0 581
 0 582
 0 583
 0 584
 0 585
 0 586
 0 587
 0 588
 0 589
 0 590
 0 591
 0 592
 0 593
 0 594
 0 595
 0 596
 0 597
 0 598
 0 599
 0 600


