# Created by Octave 3.8.2, Sun Jun 21 01:52:37 2020 CEST <damian@fptrucha.inv.usc.es>
# name: hd
# type: matrix
# rows: 551
# columns: 2
 0 50
 0 51
 0 52
 0 53
 0 54
 0 55
 0 56
 0 57
 0 58
 0 59
 0 60
 0 61
 0 62
 0 63
 0 64
 0 65
 0 66
 0 67
 0 68
 0 69
 0 70
 0 71
 0 72
 0 73
 0 74
 0 75
 0 76
 0 77
 0 78
 0 79
 0 80
 0 81
 0 82
 0 83
 0 84
 0 85
 0 86
 0 87
 0 88
 4 89
 7 90
 16 91
 58 92
 121 93
 263 94
 379 95
 471 96
 553 97
 791 98
 1012 99
 1169 100
 1165 101
 1361 102
 1259 103
 1356 104
 1371 105
 1312 106
 1325 107
 1405 108
 1297 109
 1189 110
 1227 111
 1164 112
 1058 113
 1033 114
 941 115
 830 116
 812 117
 780 118
 769 119
 679 120
 623 121
 524 122
 556 123
 424 124
 405 125
 403 126
 324 127
 336 128
 275 129
 256 130
 250 131
 200 132
 188 133
 158 134
 155 135
 142 136
 123 137
 104 138
 127 139
 115 140
 86 141
 95 142
 75 143
 72 144
 72 145
 70 146
 44 147
 61 148
 61 149
 61 150
 45 151
 50 152
 43 153
 31 154
 44 155
 29 156
 43 157
 32 158
 29 159
 23 160
 19 161
 31 162
 18 163
 14 164
 19 165
 17 166
 17 167
 10 168
 13 169
 11 170
 10 171
 13 172
 10 173
 19 174
 7 175
 9 176
 5 177
 6 178
 6 179
 3 180
 8 181
 8 182
 10 183
 3 184
 2 185
 4 186
 2 187
 4 188
 1 189
 1 190
 2 191
 1 192
 1 193
 2 194
 6 195
 0 196
 0 197
 1 198
 1 199
 2 200
 1 201
 0 202
 1 203
 2 204
 1 205
 0 206
 3 207
 1 208
 1 209
 0 210
 0 211
 0 212
 0 213
 0 214
 1 215
 1 216
 1 217
 0 218
 0 219
 0 220
 0 221
 0 222
 0 223
 0 224
 0 225
 0 226
 0 227
 0 228
 1 229
 0 230
 0 231
 0 232
 0 233
 0 234
 0 235
 0 236
 1 237
 0 238
 0 239
 0 240
 0 241
 0 242
 0 243
 0 244
 0 245
 0 246
 0 247
 0 248
 0 249
 0 250
 0 251
 0 252
 0 253
 0 254
 0 255
 0 256
 0 257
 0 258
 0 259
 0 260
 0 261
 0 262
 0 263
 0 264
 0 265
 0 266
 0 267
 0 268
 0 269
 0 270
 0 271
 0 272
 0 273
 0 274
 0 275
 0 276
 0 277
 0 278
 0 279
 0 280
 0 281
 0 282
 0 283
 0 284
 0 285
 0 286
 1 287
 0 288
 0 289
 1 290
 1 291
 0 292
 0 293
 0 294
 1 295
 2 296
 0 297
 0 298
 0 299
 2 300
 0 301
 2 302
 2 303
 1 304
 1 305
 0 306
 0 307
 0 308
 0 309
 2 310
 1 311
 1 312
 2 313
 1 314
 2 315
 1 316
 0 317
 1 318
 1 319
 1 320
 2 321
 0 322
 0 323
 0 324
 1 325
 1 326
 1 327
 2 328
 1 329
 1 330
 1 331
 3 332
 0 333
 0 334
 2 335
 5 336
 3 337
 0 338
 0 339
 1 340
 1 341
 0 342
 1 343
 3 344
 0 345
 1 346
 1 347
 0 348
 3 349
 3 350
 2 351
 2 352
 3 353
 1 354
 0 355
 3 356
 0 357
 0 358
 1 359
 1 360
 4 361
 0 362
 0 363
 0 364
 2 365
 2 366
 1 367
 0 368
 0 369
 1 370
 2 371
 1 372
 0 373
 1 374
 2 375
 1 376
 1 377
 0 378
 0 379
 2 380
 1 381
 0 382
 0 383
 1 384
 0 385
 0 386
 0 387
 0 388
 1 389
 0 390
 0 391
 0 392
 0 393
 0 394
 1 395
 1 396
 1 397
 0 398
 0 399
 0 400
 1 401
 0 402
 0 403
 0 404
 0 405
 0 406
 0 407
 0 408
 0 409
 0 410
 0 411
 0 412
 0 413
 0 414
 0 415
 0 416
 0 417
 0 418
 0 419
 0 420
 0 421
 0 422
 0 423
 0 424
 0 425
 1 426
 0 427
 0 428
 1 429
 0 430
 0 431
 0 432
 0 433
 0 434
 0 435
 0 436
 0 437
 0 438
 0 439
 0 440
 0 441
 0 442
 0 443
 0 444
 0 445
 0 446
 1 447
 0 448
 0 449
 0 450
 0 451
 0 452
 0 453
 0 454
 0 455
 0 456
 0 457
 0 458
 0 459
 0 460
 0 461
 0 462
 0 463
 0 464
 0 465
 0 466
 0 467
 0 468
 0 469
 0 470
 0 471
 0 472
 0 473
 0 474
 0 475
 0 476
 0 477
 0 478
 0 479
 0 480
 0 481
 0 482
 0 483
 0 484
 0 485
 0 486
 0 487
 0 488
 0 489
 0 490
 0 491
 0 492
 0 493
 0 494
 0 495
 0 496
 0 497
 0 498
 0 499
 0 500
 0 501
 0 502
 0 503
 0 504
 0 505
 0 506
 0 507
 0 508
 0 509
 0 510
 0 511
 0 512
 0 513
 0 514
 0 515
 0 516
 0 517
 0 518
 0 519
 0 520
 0 521
 0 522
 0 523
 0 524
 0 525
 0 526
 0 527
 0 528
 0 529
 0 530
 0 531
 0 532
 0 533
 0 534
 0 535
 0 536
 0 537
 0 538
 0 539
 0 540
 0 541
 0 542
 0 543
 0 544
 0 545
 0 546
 0 547
 0 548
 0 549
 0 550
 0 551
 0 552
 0 553
 0 554
 0 555
 0 556
 0 557
 0 558
 0 559
 0 560
 0 561
 0 562
 0 563
 0 564
 0 565
 0 566
 0 567
 0 568
 0 569
 0 570
 0 571
 0 572
 0 573
 0 574
 0 575
 0 576
 0 577
 0 578
 0 579
 0 580
 0 581
 0 582
 0 583
 0 584
 0 585
 0 586
 0 587
 0 588
 0 589
 0 590
 0 591
 0 592
 0 593
 0 594
 0 595
 0 596
 0 597
 0 598
 0 599
 0 600


