# Created by Octave 3.8.2, Sat Jun 20 02:15:07 2020 CEST <damian@fptrucha.inv.usc.es>
# name: hd
# type: matrix
# rows: 551
# columns: 2
 0 50
 0 51
 0 52
 0 53
 0 54
 0 55
 0 56
 0 57
 0 58
 0 59
 0 60
 0 61
 0 62
 0 63
 0 64
 0 65
 0 66
 0 67
 0 68
 0 69
 0 70
 0 71
 0 72
 0 73
 0 74
 0 75
 0 76
 0 77
 0 78
 0 79
 0 80
 0 81
 0 82
 0 83
 0 84
 0 85
 0 86
 0 87
 0 88
 1 89
 4 90
 15 91
 59 92
 135 93
 262 94
 440 95
 539 96
 607 97
 846 98
 1091 99
 1258 100
 1232 101
 1410 102
 1463 103
 1510 104
 1513 105
 1498 106
 1452 107
 1469 108
 1423 109
 1476 110
 1314 111
 1246 112
 1224 113
 1093 114
 1056 115
 944 116
 951 117
 794 118
 757 119
 713 120
 675 121
 604 122
 536 123
 533 124
 498 125
 404 126
 402 127
 369 128
 322 129
 287 130
 257 131
 254 132
 234 133
 216 134
 197 135
 176 136
 166 137
 132 138
 131 139
 134 140
 131 141
 111 142
 110 143
 89 144
 64 145
 78 146
 80 147
 77 148
 61 149
 71 150
 47 151
 49 152
 53 153
 50 154
 56 155
 54 156
 45 157
 40 158
 43 159
 40 160
 27 161
 26 162
 21 163
 22 164
 24 165
 17 166
 13 167
 24 168
 18 169
 13 170
 14 171
 15 172
 19 173
 14 174
 10 175
 13 176
 9 177
 16 178
 14 179
 7 180
 11 181
 7 182
 5 183
 4 184
 3 185
 2 186
 1 187
 4 188
 6 189
 2 190
 4 191
 2 192
 1 193
 1 194
 3 195
 4 196
 2 197
 1 198
 3 199
 1 200
 3 201
 3 202
 1 203
 0 204
 2 205
 1 206
 2 207
 0 208
 2 209
 0 210
 1 211
 0 212
 1 213
 1 214
 0 215
 1 216
 0 217
 0 218
 0 219
 1 220
 0 221
 0 222
 0 223
 0 224
 1 225
 1 226
 1 227
 1 228
 0 229
 0 230
 0 231
 0 232
 0 233
 0 234
 0 235
 0 236
 0 237
 0 238
 0 239
 0 240
 0 241
 0 242
 0 243
 0 244
 2 245
 0 246
 0 247
 0 248
 0 249
 0 250
 0 251
 0 252
 0 253
 0 254
 0 255
 0 256
 0 257
 0 258
 0 259
 0 260
 0 261
 0 262
 1 263
 0 264
 0 265
 0 266
 0 267
 0 268
 0 269
 0 270
 0 271
 0 272
 0 273
 0 274
 0 275
 0 276
 0 277
 0 278
 0 279
 0 280
 0 281
 0 282
 0 283
 0 284
 0 285
 1 286
 0 287
 1 288
 0 289
 2 290
 2 291
 1 292
 0 293
 0 294
 1 295
 2 296
 1 297
 1 298
 1 299
 1 300
 0 301
 1 302
 3 303
 0 304
 0 305
 2 306
 1 307
 0 308
 2 309
 2 310
 1 311
 2 312
 3 313
 1 314
 4 315
 1 316
 2 317
 1 318
 1 319
 3 320
 1 321
 2 322
 2 323
 3 324
 3 325
 0 326
 3 327
 2 328
 5 329
 1 330
 2 331
 3 332
 0 333
 2 334
 1 335
 1 336
 2 337
 3 338
 0 339
 3 340
 1 341
 2 342
 1 343
 3 344
 3 345
 2 346
 1 347
 3 348
 5 349
 1 350
 2 351
 1 352
 2 353
 2 354
 0 355
 1 356
 2 357
 1 358
 2 359
 4 360
 1 361
 1 362
 2 363
 0 364
 2 365
 3 366
 1 367
 3 368
 1 369
 2 370
 2 371
 0 372
 0 373
 1 374
 1 375
 0 376
 1 377
 0 378
 0 379
 1 380
 1 381
 1 382
 0 383
 1 384
 0 385
 1 386
 1 387
 0 388
 0 389
 0 390
 0 391
 0 392
 0 393
 0 394
 1 395
 0 396
 0 397
 0 398
 0 399
 2 400
 0 401
 0 402
 0 403
 2 404
 0 405
 0 406
 0 407
 1 408
 1 409
 1 410
 0 411
 0 412
 0 413
 0 414
 0 415
 0 416
 0 417
 0 418
 0 419
 0 420
 0 421
 0 422
 0 423
 0 424
 0 425
 0 426
 0 427
 0 428
 0 429
 0 430
 0 431
 0 432
 0 433
 0 434
 0 435
 0 436
 0 437
 0 438
 0 439
 0 440
 0 441
 0 442
 0 443
 0 444
 0 445
 0 446
 0 447
 0 448
 0 449
 0 450
 0 451
 0 452
 0 453
 0 454
 0 455
 0 456
 0 457
 0 458
 0 459
 0 460
 0 461
 0 462
 0 463
 0 464
 0 465
 0 466
 0 467
 0 468
 0 469
 0 470
 0 471
 0 472
 0 473
 0 474
 0 475
 0 476
 0 477
 0 478
 0 479
 0 480
 0 481
 0 482
 0 483
 0 484
 0 485
 0 486
 0 487
 0 488
 0 489
 0 490
 0 491
 0 492
 0 493
 0 494
 0 495
 0 496
 0 497
 0 498
 0 499
 0 500
 0 501
 0 502
 0 503
 0 504
 0 505
 0 506
 0 507
 0 508
 0 509
 0 510
 0 511
 0 512
 0 513
 0 514
 0 515
 0 516
 0 517
 0 518
 0 519
 0 520
 0 521
 0 522
 0 523
 0 524
 0 525
 0 526
 0 527
 0 528
 0 529
 0 530
 0 531
 0 532
 0 533
 0 534
 0 535
 0 536
 0 537
 0 538
 0 539
 0 540
 0 541
 0 542
 0 543
 0 544
 0 545
 0 546
 0 547
 0 548
 0 549
 0 550
 0 551
 0 552
 0 553
 0 554
 0 555
 0 556
 0 557
 0 558
 0 559
 0 560
 0 561
 0 562
 0 563
 0 564
 0 565
 0 566
 0 567
 0 568
 0 569
 0 570
 0 571
 0 572
 0 573
 0 574
 0 575
 0 576
 0 577
 0 578
 0 579
 0 580
 0 581
 0 582
 0 583
 0 584
 0 585
 0 586
 0 587
 0 588
 0 589
 0 590
 0 591
 0 592
 0 593
 0 594
 0 595
 0 596
 0 597
 0 598
 0 599
 0 600


