# Created by Octave 3.8.2, Sat Jun 20 15:16:07 2020 CEST <damian@fptrucha.inv.usc.es>
# name: hd
# type: matrix
# rows: 551
# columns: 2
 0 50
 0 51
 0 52
 0 53
 0 54
 0 55
 0 56
 0 57
 0 58
 0 59
 0 60
 0 61
 0 62
 0 63
 0 64
 0 65
 0 66
 0 67
 0 68
 0 69
 0 70
 0 71
 0 72
 0 73
 0 74
 0 75
 0 76
 0 77
 0 78
 0 79
 0 80
 0 81
 0 82
 0 83
 0 84
 0 85
 0 86
 0 87
 0 88
 1 89
 3 90
 20 91
 62 92
 136 93
 260 94
 405 95
 453 96
 601 97
 804 98
 1007 99
 1137 100
 1208 101
 1275 102
 1365 103
 1372 104
 1411 105
 1365 106
 1458 107
 1389 108
 1274 109
 1326 110
 1257 111
 1190 112
 1156 113
 1079 114
 983 115
 892 116
 860 117
 859 118
 734 119
 697 120
 638 121
 665 122
 527 123
 526 124
 483 125
 429 126
 371 127
 337 128
 305 129
 289 130
 257 131
 245 132
 220 133
 201 134
 202 135
 146 136
 146 137
 142 138
 131 139
 113 140
 119 141
 94 142
 98 143
 75 144
 100 145
 69 146
 69 147
 69 148
 62 149
 56 150
 47 151
 51 152
 36 153
 45 154
 51 155
 48 156
 34 157
 40 158
 33 159
 26 160
 21 161
 28 162
 22 163
 13 164
 31 165
 6 166
 14 167
 13 168
 12 169
 13 170
 5 171
 6 172
 13 173
 10 174
 9 175
 11 176
 4 177
 6 178
 6 179
 4 180
 7 181
 5 182
 3 183
 5 184
 2 185
 5 186
 8 187
 3 188
 2 189
 4 190
 2 191
 2 192
 2 193
 1 194
 2 195
 2 196
 1 197
 1 198
 2 199
 2 200
 1 201
 2 202
 0 203
 2 204
 3 205
 1 206
 0 207
 0 208
 1 209
 2 210
 0 211
 0 212
 0 213
 0 214
 0 215
 0 216
 1 217
 0 218
 0 219
 0 220
 0 221
 1 222
 0 223
 0 224
 0 225
 0 226
 0 227
 0 228
 0 229
 0 230
 0 231
 0 232
 0 233
 0 234
 0 235
 0 236
 0 237
 0 238
 0 239
 0 240
 0 241
 0 242
 0 243
 0 244
 0 245
 0 246
 0 247
 0 248
 0 249
 0 250
 0 251
 0 252
 0 253
 0 254
 0 255
 0 256
 0 257
 0 258
 0 259
 0 260
 0 261
 0 262
 0 263
 0 264
 0 265
 0 266
 0 267
 0 268
 0 269
 0 270
 0 271
 0 272
 0 273
 0 274
 0 275
 0 276
 0 277
 0 278
 0 279
 0 280
 0 281
 0 282
 0 283
 1 284
 0 285
 0 286
 0 287
 0 288
 0 289
 2 290
 1 291
 0 292
 1 293
 0 294
 1 295
 0 296
 0 297
 2 298
 0 299
 1 300
 0 301
 2 302
 0 303
 0 304
 1 305
 0 306
 1 307
 0 308
 2 309
 2 310
 0 311
 2 312
 2 313
 1 314
 4 315
 1 316
 2 317
 2 318
 0 319
 2 320
 2 321
 1 322
 2 323
 0 324
 0 325
 1 326
 4 327
 3 328
 5 329
 1 330
 1 331
 2 332
 2 333
 1 334
 4 335
 2 336
 1 337
 0 338
 2 339
 1 340
 2 341
 2 342
 1 343
 2 344
 0 345
 0 346
 2 347
 2 348
 2 349
 1 350
 2 351
 2 352
 0 353
 1 354
 0 355
 2 356
 1 357
 2 358
 1 359
 0 360
 1 361
 0 362
 1 363
 1 364
 1 365
 1 366
 1 367
 1 368
 1 369
 0 370
 2 371
 2 372
 1 373
 1 374
 1 375
 0 376
 0 377
 0 378
 1 379
 0 380
 1 381
 1 382
 1 383
 0 384
 0 385
 1 386
 0 387
 1 388
 2 389
 0 390
 0 391
 1 392
 0 393
 1 394
 0 395
 0 396
 0 397
 0 398
 0 399
 0 400
 0 401
 0 402
 0 403
 0 404
 1 405
 0 406
 1 407
 0 408
 0 409
 1 410
 0 411
 0 412
 0 413
 0 414
 0 415
 0 416
 0 417
 0 418
 0 419
 0 420
 1 421
 0 422
 0 423
 0 424
 1 425
 0 426
 0 427
 0 428
 1 429
 0 430
 0 431
 0 432
 0 433
 0 434
 0 435
 0 436
 0 437
 0 438
 0 439
 0 440
 0 441
 0 442
 0 443
 0 444
 0 445
 0 446
 0 447
 0 448
 0 449
 0 450
 0 451
 0 452
 0 453
 0 454
 0 455
 0 456
 0 457
 0 458
 0 459
 0 460
 0 461
 0 462
 0 463
 0 464
 0 465
 0 466
 0 467
 0 468
 0 469
 0 470
 0 471
 0 472
 0 473
 0 474
 0 475
 0 476
 0 477
 0 478
 0 479
 0 480
 0 481
 0 482
 0 483
 0 484
 0 485
 0 486
 0 487
 0 488
 0 489
 0 490
 0 491
 0 492
 0 493
 0 494
 0 495
 0 496
 0 497
 0 498
 0 499
 0 500
 0 501
 0 502
 0 503
 0 504
 0 505
 0 506
 0 507
 0 508
 0 509
 0 510
 0 511
 0 512
 0 513
 0 514
 0 515
 0 516
 0 517
 0 518
 0 519
 0 520
 0 521
 0 522
 0 523
 0 524
 0 525
 0 526
 0 527
 0 528
 0 529
 0 530
 0 531
 0 532
 0 533
 0 534
 0 535
 0 536
 0 537
 0 538
 0 539
 0 540
 0 541
 0 542
 0 543
 0 544
 0 545
 0 546
 0 547
 0 548
 0 549
 0 550
 0 551
 0 552
 0 553
 0 554
 0 555
 0 556
 0 557
 0 558
 0 559
 0 560
 0 561
 0 562
 0 563
 0 564
 0 565
 0 566
 0 567
 0 568
 0 569
 0 570
 0 571
 0 572
 0 573
 0 574
 0 575
 0 576
 0 577
 0 578
 0 579
 0 580
 0 581
 0 582
 0 583
 0 584
 0 585
 0 586
 0 587
 0 588
 0 589
 0 590
 0 591
 0 592
 0 593
 0 594
 0 595
 0 596
 0 597
 0 598
 0 599
 0 600


