# Created by Octave 3.8.2, Sun Jun 21 00:54:00 2020 CEST <damian@fptrucha.inv.usc.es>
# name: hd
# type: matrix
# rows: 551
# columns: 2
 0 50
 0 51
 0 52
 0 53
 0 54
 0 55
 0 56
 0 57
 0 58
 0 59
 0 60
 0 61
 0 62
 0 63
 0 64
 0 65
 0 66
 0 67
 0 68
 0 69
 0 70
 0 71
 0 72
 0 73
 0 74
 0 75
 0 76
 0 77
 0 78
 0 79
 0 80
 0 81
 0 82
 0 83
 0 84
 0 85
 0 86
 1 87
 0 88
 1 89
 6 90
 16 91
 38 92
 116 93
 276 94
 373 95
 441 96
 585 97
 843 98
 993 99
 1076 100
 1184 101
 1325 102
 1378 103
 1298 104
 1368 105
 1378 106
 1338 107
 1298 108
 1254 109
 1318 110
 1235 111
 1150 112
 1031 113
 1011 114
 1007 115
 910 116
 806 117
 785 118
 702 119
 657 120
 654 121
 540 122
 509 123
 464 124
 411 125
 353 126
 338 127
 277 128
 255 129
 236 130
 225 131
 213 132
 186 133
 214 134
 183 135
 151 136
 137 137
 138 138
 111 139
 105 140
 87 141
 80 142
 76 143
 70 144
 67 145
 57 146
 58 147
 54 148
 46 149
 39 150
 48 151
 43 152
 31 153
 27 154
 33 155
 36 156
 30 157
 32 158
 26 159
 27 160
 14 161
 25 162
 17 163
 15 164
 10 165
 15 166
 15 167
 19 168
 19 169
 12 170
 11 171
 15 172
 6 173
 10 174
 8 175
 3 176
 3 177
 4 178
 8 179
 5 180
 6 181
 4 182
 5 183
 3 184
 3 185
 3 186
 2 187
 1 188
 4 189
 3 190
 1 191
 2 192
 0 193
 0 194
 4 195
 3 196
 0 197
 2 198
 0 199
 1 200
 1 201
 0 202
 2 203
 1 204
 0 205
 0 206
 1 207
 0 208
 1 209
 0 210
 0 211
 1 212
 2 213
 0 214
 1 215
 0 216
 0 217
 1 218
 1 219
 1 220
 0 221
 0 222
 0 223
 1 224
 0 225
 0 226
 0 227
 0 228
 0 229
 0 230
 0 231
 0 232
 0 233
 1 234
 0 235
 0 236
 0 237
 0 238
 0 239
 0 240
 0 241
 0 242
 0 243
 0 244
 0 245
 0 246
 0 247
 0 248
 0 249
 0 250
 0 251
 0 252
 0 253
 0 254
 0 255
 0 256
 0 257
 0 258
 0 259
 0 260
 0 261
 0 262
 0 263
 0 264
 0 265
 0 266
 0 267
 0 268
 0 269
 0 270
 0 271
 0 272
 0 273
 0 274
 0 275
 0 276
 0 277
 0 278
 0 279
 0 280
 0 281
 0 282
 0 283
 0 284
 0 285
 0 286
 0 287
 0 288
 1 289
 0 290
 0 291
 1 292
 0 293
 0 294
 0 295
 0 296
 0 297
 0 298
 0 299
 0 300
 0 301
 3 302
 0 303
 0 304
 1 305
 1 306
 1 307
 0 308
 0 309
 1 310
 0 311
 0 312
 1 313
 2 314
 1 315
 1 316
 0 317
 2 318
 1 319
 1 320
 2 321
 0 322
 1 323
 0 324
 1 325
 0 326
 1 327
 0 328
 0 329
 0 330
 2 331
 3 332
 2 333
 2 334
 1 335
 2 336
 1 337
 1 338
 0 339
 0 340
 0 341
 0 342
 0 343
 4 344
 1 345
 2 346
 0 347
 1 348
 2 349
 0 350
 2 351
 1 352
 4 353
 1 354
 2 355
 1 356
 1 357
 1 358
 1 359
 3 360
 6 361
 1 362
 0 363
 1 364
 1 365
 0 366
 2 367
 2 368
 1 369
 0 370
 0 371
 3 372
 2 373
 0 374
 0 375
 2 376
 1 377
 0 378
 0 379
 0 380
 0 381
 0 382
 0 383
 0 384
 1 385
 0 386
 1 387
 1 388
 2 389
 0 390
 1 391
 0 392
 0 393
 1 394
 0 395
 0 396
 1 397
 1 398
 0 399
 0 400
 1 401
 0 402
 0 403
 0 404
 0 405
 0 406
 0 407
 0 408
 0 409
 0 410
 0 411
 0 412
 0 413
 0 414
 0 415
 0 416
 0 417
 0 418
 0 419
 0 420
 0 421
 0 422
 0 423
 0 424
 0 425
 0 426
 0 427
 0 428
 0 429
 0 430
 0 431
 0 432
 0 433
 0 434
 0 435
 0 436
 0 437
 0 438
 0 439
 0 440
 0 441
 0 442
 0 443
 0 444
 0 445
 0 446
 0 447
 0 448
 0 449
 0 450
 0 451
 0 452
 0 453
 0 454
 0 455
 0 456
 0 457
 0 458
 0 459
 0 460
 0 461
 0 462
 0 463
 0 464
 0 465
 0 466
 0 467
 0 468
 0 469
 0 470
 0 471
 0 472
 0 473
 0 474
 0 475
 0 476
 0 477
 0 478
 0 479
 0 480
 0 481
 0 482
 0 483
 0 484
 0 485
 0 486
 0 487
 0 488
 0 489
 0 490
 0 491
 0 492
 0 493
 0 494
 0 495
 0 496
 0 497
 0 498
 0 499
 0 500
 0 501
 0 502
 0 503
 0 504
 0 505
 0 506
 0 507
 0 508
 0 509
 0 510
 0 511
 0 512
 0 513
 0 514
 0 515
 0 516
 0 517
 0 518
 0 519
 0 520
 0 521
 0 522
 0 523
 0 524
 0 525
 0 526
 0 527
 0 528
 0 529
 0 530
 0 531
 0 532
 0 533
 0 534
 0 535
 0 536
 0 537
 0 538
 0 539
 0 540
 0 541
 0 542
 0 543
 0 544
 0 545
 0 546
 0 547
 0 548
 0 549
 0 550
 0 551
 0 552
 0 553
 0 554
 0 555
 0 556
 0 557
 0 558
 0 559
 0 560
 0 561
 0 562
 0 563
 0 564
 0 565
 0 566
 0 567
 0 568
 0 569
 0 570
 0 571
 0 572
 0 573
 0 574
 0 575
 0 576
 0 577
 0 578
 0 579
 0 580
 0 581
 0 582
 0 583
 0 584
 0 585
 0 586
 0 587
 0 588
 0 589
 0 590
 0 591
 0 592
 0 593
 0 594
 0 595
 0 596
 0 597
 0 598
 0 599
 0 600


