# Created by Octave 3.8.2, Sat Jun 20 20:19:51 2020 CEST <damian@fptrucha.inv.usc.es>
# name: hd
# type: matrix
# rows: 551
# columns: 2
 0 50
 0 51
 0 52
 0 53
 0 54
 0 55
 0 56
 0 57
 0 58
 0 59
 0 60
 0 61
 0 62
 0 63
 0 64
 0 65
 0 66
 0 67
 0 68
 0 69
 0 70
 0 71
 0 72
 0 73
 0 74
 0 75
 0 76
 0 77
 0 78
 0 79
 0 80
 0 81
 0 82
 0 83
 0 84
 0 85
 0 86
 0 87
 0 88
 3 89
 6 90
 21 91
 49 92
 129 93
 230 94
 349 95
 444 96
 617 97
 757 98
 1008 99
 1152 100
 1163 101
 1252 102
 1400 103
 1379 104
 1321 105
 1427 106
 1364 107
 1372 108
 1316 109
 1298 110
 1273 111
 1192 112
 1160 113
 1050 114
 1008 115
 943 116
 878 117
 839 118
 772 119
 694 120
 630 121
 610 122
 564 123
 480 124
 442 125
 397 126
 356 127
 339 128
 294 129
 270 130
 222 131
 237 132
 214 133
 178 134
 186 135
 150 136
 147 137
 126 138
 107 139
 112 140
 117 141
 102 142
 100 143
 75 144
 72 145
 70 146
 60 147
 82 148
 62 149
 42 150
 49 151
 51 152
 47 153
 35 154
 48 155
 41 156
 32 157
 28 158
 30 159
 32 160
 23 161
 25 162
 24 163
 22 164
 12 165
 18 166
 21 167
 13 168
 14 169
 14 170
 9 171
 8 172
 11 173
 9 174
 8 175
 8 176
 11 177
 10 178
 9 179
 4 180
 4 181
 4 182
 3 183
 3 184
 7 185
 3 186
 6 187
 4 188
 3 189
 5 190
 0 191
 0 192
 1 193
 3 194
 2 195
 1 196
 2 197
 0 198
 1 199
 3 200
 0 201
 2 202
 0 203
 0 204
 2 205
 1 206
 0 207
 1 208
 1 209
 4 210
 1 211
 0 212
 0 213
 0 214
 2 215
 0 216
 0 217
 1 218
 0 219
 0 220
 0 221
 0 222
 0 223
 0 224
 0 225
 0 226
 0 227
 0 228
 0 229
 1 230
 0 231
 0 232
 0 233
 0 234
 0 235
 0 236
 0 237
 0 238
 0 239
 0 240
 0 241
 0 242
 0 243
 0 244
 0 245
 0 246
 0 247
 0 248
 0 249
 1 250
 0 251
 0 252
 0 253
 0 254
 0 255
 0 256
 0 257
 0 258
 0 259
 0 260
 0 261
 0 262
 0 263
 0 264
 0 265
 0 266
 0 267
 0 268
 0 269
 0 270
 0 271
 0 272
 0 273
 0 274
 0 275
 0 276
 0 277
 0 278
 0 279
 0 280
 0 281
 0 282
 0 283
 0 284
 0 285
 0 286
 0 287
 0 288
 0 289
 2 290
 1 291
 2 292
 0 293
 1 294
 1 295
 1 296
 2 297
 0 298
 2 299
 0 300
 1 301
 0 302
 1 303
 1 304
 0 305
 0 306
 1 307
 1 308
 1 309
 4 310
 3 311
 2 312
 1 313
 0 314
 2 315
 3 316
 2 317
 1 318
 2 319
 2 320
 4 321
 2 322
 0 323
 1 324
 0 325
 2 326
 1 327
 2 328
 2 329
 3 330
 5 331
 2 332
 1 333
 3 334
 2 335
 2 336
 0 337
 1 338
 0 339
 0 340
 3 341
 0 342
 1 343
 0 344
 1 345
 4 346
 1 347
 3 348
 1 349
 1 350
 1 351
 2 352
 0 353
 1 354
 1 355
 0 356
 0 357
 0 358
 1 359
 0 360
 2 361
 0 362
 1 363
 1 364
 1 365
 1 366
 2 367
 1 368
 0 369
 1 370
 1 371
 1 372
 2 373
 0 374
 0 375
 1 376
 2 377
 1 378
 1 379
 3 380
 0 381
 0 382
 1 383
 0 384
 0 385
 0 386
 0 387
 1 388
 1 389
 0 390
 0 391
 0 392
 0 393
 0 394
 0 395
 0 396
 0 397
 1 398
 0 399
 0 400
 1 401
 0 402
 0 403
 0 404
 0 405
 0 406
 1 407
 0 408
 1 409
 0 410
 0 411
 0 412
 0 413
 0 414
 0 415
 0 416
 0 417
 0 418
 0 419
 0 420
 0 421
 0 422
 1 423
 0 424
 0 425
 0 426
 0 427
 0 428
 1 429
 0 430
 0 431
 0 432
 0 433
 0 434
 0 435
 0 436
 0 437
 0 438
 0 439
 0 440
 0 441
 0 442
 0 443
 0 444
 0 445
 0 446
 0 447
 0 448
 0 449
 0 450
 0 451
 0 452
 0 453
 0 454
 0 455
 0 456
 0 457
 0 458
 0 459
 0 460
 0 461
 0 462
 0 463
 0 464
 0 465
 0 466
 0 467
 0 468
 0 469
 0 470
 0 471
 0 472
 0 473
 0 474
 0 475
 0 476
 0 477
 0 478
 0 479
 0 480
 0 481
 0 482
 0 483
 0 484
 0 485
 0 486
 0 487
 0 488
 0 489
 0 490
 0 491
 0 492
 0 493
 0 494
 0 495
 0 496
 0 497
 0 498
 0 499
 0 500
 0 501
 0 502
 0 503
 0 504
 0 505
 0 506
 0 507
 0 508
 0 509
 0 510
 0 511
 0 512
 0 513
 0 514
 0 515
 0 516
 0 517
 0 518
 0 519
 0 520
 0 521
 0 522
 0 523
 0 524
 0 525
 0 526
 0 527
 0 528
 0 529
 0 530
 0 531
 0 532
 0 533
 0 534
 0 535
 0 536
 0 537
 0 538
 0 539
 0 540
 0 541
 0 542
 0 543
 0 544
 0 545
 0 546
 0 547
 0 548
 0 549
 0 550
 0 551
 0 552
 0 553
 0 554
 0 555
 0 556
 0 557
 0 558
 0 559
 0 560
 0 561
 0 562
 0 563
 0 564
 0 565
 0 566
 0 567
 0 568
 0 569
 0 570
 0 571
 0 572
 0 573
 0 574
 0 575
 0 576
 0 577
 0 578
 0 579
 0 580
 0 581
 0 582
 0 583
 0 584
 0 585
 0 586
 0 587
 0 588
 0 589
 0 590
 0 591
 0 592
 0 593
 0 594
 0 595
 0 596
 0 597
 0 598
 0 599
 0 600


