# Created by Octave 3.8.2, Sat Jun 20 13:11:44 2020 CEST <damian@fptrucha.inv.usc.es>
# name: hd
# type: matrix
# rows: 551
# columns: 2
 0 50
 0 51
 0 52
 0 53
 0 54
 0 55
 0 56
 0 57
 0 58
 0 59
 0 60
 0 61
 0 62
 0 63
 0 64
 0 65
 0 66
 0 67
 0 68
 0 69
 0 70
 0 71
 0 72
 0 73
 0 74
 0 75
 0 76
 0 77
 0 78
 0 79
 0 80
 0 81
 0 82
 0 83
 0 84
 0 85
 0 86
 0 87
 0 88
 2 89
 10 90
 17 91
 63 92
 145 93
 288 94
 414 95
 536 96
 698 97
 909 98
 1106 99
 1338 100
 1327 101
 1486 102
 1524 103
 1484 104
 1594 105
 1487 106
 1606 107
 1461 108
 1423 109
 1357 110
 1321 111
 1242 112
 1195 113
 1075 114
 1079 115
 950 116
 843 117
 793 118
 735 119
 679 120
 605 121
 593 122
 531 123
 497 124
 414 125
 376 126
 361 127
 277 128
 257 129
 283 130
 236 131
 212 132
 206 133
 153 134
 176 135
 127 136
 131 137
 118 138
 117 139
 97 140
 85 141
 84 142
 97 143
 71 144
 79 145
 66 146
 58 147
 59 148
 59 149
 62 150
 46 151
 41 152
 46 153
 35 154
 32 155
 31 156
 49 157
 39 158
 36 159
 22 160
 22 161
 22 162
 15 163
 22 164
 16 165
 15 166
 7 167
 19 168
 15 169
 17 170
 11 171
 9 172
 14 173
 6 174
 7 175
 12 176
 8 177
 7 178
 3 179
 9 180
 3 181
 2 182
 6 183
 7 184
 5 185
 5 186
 2 187
 3 188
 4 189
 3 190
 4 191
 1 192
 2 193
 2 194
 1 195
 3 196
 1 197
 1 198
 1 199
 1 200
 2 201
 2 202
 0 203
 1 204
 0 205
 0 206
 2 207
 0 208
 2 209
 0 210
 0 211
 0 212
 0 213
 0 214
 0 215
 0 216
 0 217
 0 218
 0 219
 1 220
 0 221
 0 222
 1 223
 0 224
 0 225
 0 226
 0 227
 0 228
 0 229
 0 230
 0 231
 0 232
 0 233
 0 234
 0 235
 0 236
 0 237
 0 238
 0 239
 0 240
 0 241
 0 242
 0 243
 1 244
 0 245
 0 246
 0 247
 0 248
 0 249
 0 250
 0 251
 0 252
 0 253
 0 254
 0 255
 0 256
 0 257
 0 258
 0 259
 0 260
 0 261
 0 262
 0 263
 0 264
 0 265
 0 266
 0 267
 0 268
 0 269
 0 270
 0 271
 0 272
 1 273
 0 274
 0 275
 0 276
 0 277
 0 278
 0 279
 0 280
 0 281
 0 282
 0 283
 0 284
 0 285
 0 286
 0 287
 0 288
 0 289
 1 290
 0 291
 0 292
 0 293
 0 294
 0 295
 2 296
 0 297
 2 298
 0 299
 0 300
 1 301
 1 302
 2 303
 0 304
 0 305
 1 306
 1 307
 1 308
 2 309
 0 310
 0 311
 0 312
 1 313
 3 314
 1 315
 0 316
 1 317
 2 318
 0 319
 0 320
 1 321
 2 322
 3 323
 3 324
 2 325
 3 326
 1 327
 1 328
 0 329
 0 330
 2 331
 1 332
 2 333
 2 334
 0 335
 1 336
 2 337
 3 338
 2 339
 1 340
 1 341
 1 342
 2 343
 2 344
 1 345
 1 346
 3 347
 1 348
 0 349
 0 350
 0 351
 1 352
 1 353
 4 354
 0 355
 0 356
 0 357
 0 358
 0 359
 0 360
 1 361
 0 362
 0 363
 0 364
 1 365
 1 366
 1 367
 3 368
 0 369
 2 370
 0 371
 0 372
 2 373
 1 374
 0 375
 1 376
 0 377
 1 378
 0 379
 2 380
 0 381
 0 382
 0 383
 0 384
 0 385
 1 386
 0 387
 0 388
 1 389
 1 390
 0 391
 0 392
 0 393
 1 394
 0 395
 0 396
 0 397
 0 398
 1 399
 0 400
 0 401
 1 402
 0 403
 0 404
 0 405
 0 406
 0 407
 0 408
 0 409
 0 410
 0 411
 1 412
 0 413
 1 414
 0 415
 0 416
 0 417
 0 418
 0 419
 0 420
 0 421
 1 422
 0 423
 0 424
 0 425
 0 426
 0 427
 0 428
 0 429
 0 430
 0 431
 0 432
 0 433
 0 434
 0 435
 0 436
 0 437
 0 438
 0 439
 0 440
 0 441
 0 442
 0 443
 0 444
 0 445
 0 446
 0 447
 0 448
 0 449
 0 450
 0 451
 0 452
 0 453
 0 454
 0 455
 0 456
 0 457
 0 458
 0 459
 0 460
 0 461
 0 462
 0 463
 0 464
 0 465
 0 466
 0 467
 0 468
 0 469
 0 470
 0 471
 0 472
 0 473
 0 474
 0 475
 0 476
 0 477
 0 478
 0 479
 0 480
 0 481
 0 482
 0 483
 0 484
 0 485
 0 486
 0 487
 0 488
 0 489
 0 490
 0 491
 0 492
 0 493
 0 494
 0 495
 0 496
 0 497
 0 498
 0 499
 0 500
 0 501
 0 502
 0 503
 0 504
 0 505
 0 506
 0 507
 0 508
 0 509
 0 510
 0 511
 0 512
 0 513
 0 514
 0 515
 0 516
 0 517
 0 518
 0 519
 0 520
 0 521
 0 522
 0 523
 0 524
 0 525
 0 526
 0 527
 0 528
 0 529
 0 530
 0 531
 0 532
 0 533
 0 534
 0 535
 0 536
 0 537
 0 538
 0 539
 0 540
 0 541
 0 542
 0 543
 0 544
 0 545
 0 546
 0 547
 0 548
 0 549
 0 550
 0 551
 0 552
 0 553
 0 554
 0 555
 0 556
 0 557
 0 558
 0 559
 0 560
 0 561
 0 562
 0 563
 0 564
 0 565
 0 566
 0 567
 0 568
 0 569
 0 570
 0 571
 0 572
 0 573
 0 574
 0 575
 0 576
 0 577
 0 578
 0 579
 0 580
 0 581
 0 582
 0 583
 0 584
 0 585
 0 586
 0 587
 0 588
 0 589
 0 590
 0 591
 0 592
 0 593
 0 594
 0 595
 0 596
 0 597
 0 598
 0 599
 0 600


