# Created by Octave 3.8.2, Mon Jun 22 12:37:41 2020 CEST <damian@fptrucha.inv.usc.es>
# name: hd
# type: matrix
# rows: 551
# columns: 2
 0 50
 0 51
 0 52
 0 53
 0 54
 0 55
 0 56
 0 57
 0 58
 0 59
 0 60
 0 61
 0 62
 0 63
 0 64
 0 65
 0 66
 0 67
 0 68
 0 69
 0 70
 0 71
 0 72
 0 73
 0 74
 0 75
 0 76
 0 77
 0 78
 0 79
 0 80
 0 81
 0 82
 0 83
 0 84
 0 85
 0 86
 0 87
 1 88
 0 89
 4 90
 7 91
 35 92
 90 93
 230 94
 393 95
 527 96
 640 97
 886 98
 1097 99
 1395 100
 1458 101
 1449 102
 1523 103
 1573 104
 1582 105
 1514 106
 1513 107
 1446 108
 1395 109
 1350 110
 1249 111
 1159 112
 1127 113
 984 114
 931 115
 843 116
 756 117
 723 118
 707 119
 590 120
 537 121
 472 122
 415 123
 399 124
 341 125
 343 126
 279 127
 229 128
 232 129
 209 130
 172 131
 192 132
 151 133
 138 134
 138 135
 130 136
 134 137
 100 138
 96 139
 86 140
 77 141
 80 142
 66 143
 84 144
 74 145
 75 146
 49 147
 51 148
 49 149
 40 150
 42 151
 39 152
 29 153
 45 154
 31 155
 32 156
 30 157
 19 158
 21 159
 33 160
 22 161
 27 162
 23 163
 18 164
 21 165
 27 166
 9 167
 18 168
 11 169
 10 170
 11 171
 7 172
 7 173
 15 174
 11 175
 9 176
 10 177
 4 178
 5 179
 7 180
 5 181
 5 182
 3 183
 3 184
 3 185
 6 186
 4 187
 0 188
 2 189
 3 190
 1 191
 3 192
 4 193
 4 194
 1 195
 2 196
 1 197
 4 198
 1 199
 1 200
 0 201
 0 202
 2 203
 3 204
 2 205
 1 206
 2 207
 2 208
 0 209
 0 210
 0 211
 1 212
 1 213
 1 214
 0 215
 1 216
 0 217
 1 218
 1 219
 0 220
 0 221
 0 222
 1 223
 1 224
 0 225
 0 226
 0 227
 0 228
 0 229
 0 230
 0 231
 0 232
 0 233
 0 234
 0 235
 0 236
 0 237
 0 238
 0 239
 0 240
 0 241
 0 242
 0 243
 0 244
 1 245
 0 246
 0 247
 0 248
 0 249
 0 250
 0 251
 0 252
 0 253
 0 254
 0 255
 0 256
 0 257
 0 258
 0 259
 0 260
 0 261
 0 262
 0 263
 0 264
 0 265
 0 266
 0 267
 0 268
 0 269
 0 270
 0 271
 0 272
 0 273
 0 274
 0 275
 0 276
 0 277
 0 278
 0 279
 0 280
 0 281
 0 282
 0 283
 0 284
 0 285
 0 286
 0 287
 0 288
 0 289
 0 290
 0 291
 0 292
 0 293
 0 294
 2 295
 1 296
 0 297
 1 298
 1 299
 1 300
 0 301
 0 302
 2 303
 0 304
 0 305
 1 306
 0 307
 1 308
 0 309
 2 310
 0 311
 1 312
 1 313
 1 314
 2 315
 0 316
 0 317
 0 318
 3 319
 3 320
 2 321
 3 322
 1 323
 4 324
 2 325
 4 326
 2 327
 2 328
 1 329
 1 330
 2 331
 3 332
 5 333
 1 334
 3 335
 3 336
 2 337
 1 338
 2 339
 1 340
 0 341
 2 342
 3 343
 3 344
 1 345
 4 346
 2 347
 0 348
 3 349
 1 350
 1 351
 3 352
 1 353
 3 354
 2 355
 2 356
 0 357
 1 358
 2 359
 2 360
 1 361
 1 362
 0 363
 0 364
 0 365
 4 366
 1 367
 0 368
 2 369
 1 370
 0 371
 1 372
 1 373
 1 374
 0 375
 0 376
 0 377
 0 378
 0 379
 0 380
 2 381
 1 382
 0 383
 0 384
 0 385
 0 386
 0 387
 0 388
 1 389
 0 390
 0 391
 0 392
 2 393
 0 394
 1 395
 2 396
 0 397
 0 398
 2 399
 0 400
 0 401
 0 402
 1 403
 0 404
 0 405
 1 406
 0 407
 0 408
 0 409
 0 410
 0 411
 0 412
 0 413
 0 414
 0 415
 0 416
 0 417
 0 418
 0 419
 1 420
 0 421
 0 422
 0 423
 0 424
 0 425
 0 426
 1 427
 0 428
 1 429
 0 430
 0 431
 0 432
 0 433
 0 434
 0 435
 0 436
 0 437
 0 438
 0 439
 0 440
 0 441
 0 442
 0 443
 0 444
 0 445
 0 446
 0 447
 0 448
 0 449
 0 450
 0 451
 0 452
 0 453
 0 454
 0 455
 0 456
 0 457
 0 458
 0 459
 0 460
 0 461
 0 462
 0 463
 0 464
 0 465
 0 466
 0 467
 0 468
 0 469
 0 470
 0 471
 0 472
 0 473
 0 474
 0 475
 0 476
 0 477
 0 478
 0 479
 0 480
 0 481
 0 482
 0 483
 0 484
 0 485
 0 486
 0 487
 0 488
 0 489
 0 490
 0 491
 0 492
 0 493
 0 494
 0 495
 0 496
 0 497
 0 498
 0 499
 0 500
 0 501
 0 502
 0 503
 0 504
 0 505
 0 506
 0 507
 0 508
 0 509
 0 510
 0 511
 0 512
 0 513
 0 514
 0 515
 0 516
 0 517
 0 518
 0 519
 0 520
 0 521
 0 522
 0 523
 0 524
 0 525
 0 526
 0 527
 0 528
 0 529
 0 530
 0 531
 0 532
 0 533
 0 534
 0 535
 0 536
 0 537
 0 538
 0 539
 0 540
 0 541
 0 542
 0 543
 0 544
 0 545
 0 546
 0 547
 0 548
 0 549
 0 550
 0 551
 0 552
 0 553
 0 554
 0 555
 0 556
 0 557
 0 558
 0 559
 0 560
 0 561
 0 562
 0 563
 0 564
 0 565
 0 566
 0 567
 0 568
 0 569
 0 570
 0 571
 0 572
 0 573
 0 574
 0 575
 0 576
 0 577
 0 578
 0 579
 0 580
 0 581
 0 582
 0 583
 0 584
 0 585
 0 586
 0 587
 0 588
 0 589
 0 590
 0 591
 0 592
 0 593
 0 594
 0 595
 0 596
 0 597
 0 598
 0 599
 0 600


