# Created by Octave 3.8.2, Sat Jun 20 18:02:25 2020 CEST <damian@fptrucha.inv.usc.es>
# name: hd
# type: matrix
# rows: 551
# columns: 2
 0 50
 0 51
 0 52
 0 53
 0 54
 0 55
 0 56
 0 57
 0 58
 0 59
 0 60
 0 61
 0 62
 0 63
 0 64
 0 65
 0 66
 0 67
 0 68
 0 69
 0 70
 0 71
 0 72
 0 73
 0 74
 0 75
 0 76
 0 77
 0 78
 0 79
 0 80
 0 81
 0 82
 0 83
 0 84
 0 85
 0 86
 0 87
 0 88
 5 89
 10 90
 12 91
 48 92
 124 93
 230 94
 376 95
 464 96
 580 97
 825 98
 986 99
 1114 100
 1295 101
 1242 102
 1323 103
 1345 104
 1405 105
 1347 106
 1320 107
 1336 108
 1279 109
 1296 110
 1296 111
 1159 112
 1112 113
 1019 114
 991 115
 924 116
 858 117
 813 118
 728 119
 718 120
 612 121
 560 122
 567 123
 504 124
 437 125
 432 126
 406 127
 331 128
 296 129
 263 130
 252 131
 212 132
 200 133
 191 134
 182 135
 143 136
 155 137
 134 138
 127 139
 103 140
 98 141
 95 142
 105 143
 81 144
 75 145
 56 146
 55 147
 70 148
 53 149
 56 150
 61 151
 54 152
 36 153
 33 154
 51 155
 37 156
 29 157
 38 158
 23 159
 34 160
 28 161
 27 162
 21 163
 25 164
 11 165
 13 166
 20 167
 16 168
 12 169
 12 170
 13 171
 10 172
 9 173
 6 174
 4 175
 8 176
 6 177
 8 178
 7 179
 8 180
 5 181
 2 182
 7 183
 1 184
 8 185
 6 186
 4 187
 1 188
 2 189
 3 190
 1 191
 2 192
 1 193
 0 194
 1 195
 3 196
 3 197
 1 198
 2 199
 2 200
 0 201
 1 202
 0 203
 0 204
 3 205
 1 206
 0 207
 1 208
 1 209
 2 210
 1 211
 0 212
 0 213
 0 214
 0 215
 0 216
 0 217
 0 218
 0 219
 0 220
 1 221
 0 222
 1 223
 0 224
 0 225
 1 226
 0 227
 0 228
 0 229
 1 230
 1 231
 0 232
 0 233
 0 234
 0 235
 0 236
 0 237
 0 238
 0 239
 0 240
 0 241
 0 242
 0 243
 0 244
 0 245
 0 246
 0 247
 0 248
 0 249
 0 250
 0 251
 0 252
 0 253
 0 254
 0 255
 0 256
 0 257
 0 258
 0 259
 0 260
 0 261
 0 262
 0 263
 0 264
 0 265
 0 266
 0 267
 0 268
 0 269
 0 270
 0 271
 0 272
 0 273
 0 274
 0 275
 1 276
 0 277
 0 278
 0 279
 0 280
 0 281
 0 282
 0 283
 0 284
 1 285
 0 286
 0 287
 0 288
 0 289
 1 290
 0 291
 0 292
 0 293
 0 294
 0 295
 1 296
 1 297
 0 298
 2 299
 0 300
 0 301
 0 302
 1 303
 0 304
 2 305
 0 306
 0 307
 0 308
 1 309
 1 310
 2 311
 0 312
 1 313
 0 314
 2 315
 2 316
 0 317
 1 318
 0 319
 3 320
 2 321
 2 322
 0 323
 3 324
 1 325
 4 326
 1 327
 0 328
 1 329
 5 330
 1 331
 2 332
 0 333
 1 334
 0 335
 1 336
 0 337
 2 338
 0 339
 2 340
 0 341
 1 342
 4 343
 0 344
 2 345
 3 346
 1 347
 1 348
 0 349
 1 350
 2 351
 0 352
 2 353
 3 354
 0 355
 0 356
 1 357
 1 358
 2 359
 1 360
 1 361
 1 362
 1 363
 0 364
 0 365
 1 366
 1 367
 2 368
 1 369
 1 370
 1 371
 0 372
 1 373
 0 374
 0 375
 1 376
 0 377
 0 378
 1 379
 1 380
 1 381
 0 382
 0 383
 0 384
 0 385
 0 386
 1 387
 1 388
 0 389
 2 390
 0 391
 1 392
 0 393
 0 394
 1 395
 0 396
 0 397
 0 398
 0 399
 0 400
 0 401
 0 402
 0 403
 0 404
 0 405
 0 406
 1 407
 0 408
 0 409
 0 410
 0 411
 0 412
 0 413
 0 414
 0 415
 0 416
 0 417
 1 418
 0 419
 0 420
 0 421
 0 422
 0 423
 0 424
 0 425
 0 426
 0 427
 0 428
 0 429
 0 430
 0 431
 0 432
 0 433
 0 434
 0 435
 0 436
 0 437
 0 438
 0 439
 0 440
 0 441
 0 442
 0 443
 0 444
 0 445
 0 446
 0 447
 0 448
 0 449
 0 450
 0 451
 0 452
 0 453
 0 454
 0 455
 0 456
 0 457
 0 458
 0 459
 0 460
 0 461
 0 462
 0 463
 0 464
 0 465
 0 466
 0 467
 0 468
 0 469
 0 470
 0 471
 0 472
 0 473
 0 474
 0 475
 0 476
 0 477
 0 478
 0 479
 0 480
 0 481
 0 482
 0 483
 0 484
 0 485
 0 486
 0 487
 0 488
 0 489
 0 490
 0 491
 0 492
 0 493
 0 494
 0 495
 0 496
 0 497
 0 498
 0 499
 0 500
 0 501
 0 502
 0 503
 0 504
 0 505
 0 506
 0 507
 0 508
 0 509
 0 510
 0 511
 0 512
 0 513
 0 514
 0 515
 0 516
 0 517
 0 518
 0 519
 0 520
 0 521
 0 522
 0 523
 0 524
 0 525
 0 526
 0 527
 0 528
 0 529
 0 530
 0 531
 0 532
 0 533
 0 534
 0 535
 0 536
 0 537
 0 538
 0 539
 0 540
 0 541
 0 542
 0 543
 0 544
 0 545
 0 546
 0 547
 0 548
 0 549
 0 550
 0 551
 0 552
 0 553
 0 554
 0 555
 0 556
 0 557
 0 558
 0 559
 0 560
 0 561
 0 562
 0 563
 0 564
 0 565
 0 566
 0 567
 0 568
 0 569
 0 570
 0 571
 0 572
 0 573
 0 574
 0 575
 0 576
 0 577
 0 578
 0 579
 0 580
 0 581
 0 582
 0 583
 0 584
 0 585
 0 586
 0 587
 0 588
 0 589
 0 590
 0 591
 0 592
 0 593
 0 594
 0 595
 0 596
 0 597
 0 598
 0 599
 0 600


