# Created by Octave 3.8.2, Mon Jun 22 10:30:56 2020 CEST <damian@fptrucha.inv.usc.es>
# name: hd
# type: matrix
# rows: 551
# columns: 2
 0 50
 0 51
 0 52
 0 53
 0 54
 0 55
 0 56
 0 57
 0 58
 0 59
 0 60
 0 61
 0 62
 0 63
 0 64
 0 65
 0 66
 0 67
 0 68
 0 69
 0 70
 0 71
 0 72
 0 73
 0 74
 0 75
 0 76
 0 77
 0 78
 0 79
 0 80
 0 81
 0 82
 0 83
 0 84
 0 85
 0 86
 0 87
 0 88
 0 89
 4 90
 10 91
 35 92
 78 93
 203 94
 351 95
 480 96
 551 97
 683 98
 967 99
 1249 100
 1360 101
 1368 102
 1525 103
 1556 104
 1490 105
 1444 106
 1470 107
 1415 108
 1351 109
 1308 110
 1250 111
 1167 112
 1095 113
 1034 114
 932 115
 832 116
 760 117
 706 118
 689 119
 605 120
 559 121
 500 122
 472 123
 418 124
 369 125
 318 126
 312 127
 268 128
 242 129
 212 130
 197 131
 200 132
 173 133
 153 134
 147 135
 130 136
 123 137
 101 138
 108 139
 96 140
 92 141
 90 142
 77 143
 66 144
 75 145
 58 146
 58 147
 61 148
 65 149
 42 150
 60 151
 46 152
 44 153
 43 154
 42 155
 37 156
 22 157
 34 158
 24 159
 25 160
 18 161
 20 162
 28 163
 34 164
 22 165
 22 166
 13 167
 9 168
 12 169
 17 170
 10 171
 15 172
 14 173
 12 174
 9 175
 10 176
 11 177
 9 178
 10 179
 3 180
 9 181
 8 182
 6 183
 7 184
 3 185
 3 186
 3 187
 7 188
 1 189
 3 190
 3 191
 1 192
 3 193
 2 194
 2 195
 4 196
 3 197
 1 198
 2 199
 0 200
 1 201
 1 202
 3 203
 2 204
 1 205
 0 206
 0 207
 0 208
 0 209
 1 210
 1 211
 0 212
 1 213
 0 214
 1 215
 1 216
 0 217
 0 218
 0 219
 0 220
 0 221
 0 222
 0 223
 0 224
 0 225
 0 226
 0 227
 0 228
 0 229
 0 230
 0 231
 0 232
 0 233
 0 234
 0 235
 0 236
 0 237
 0 238
 0 239
 0 240
 0 241
 0 242
 0 243
 0 244
 0 245
 0 246
 0 247
 0 248
 0 249
 0 250
 0 251
 1 252
 0 253
 0 254
 0 255
 0 256
 0 257
 0 258
 0 259
 0 260
 0 261
 0 262
 0 263
 0 264
 0 265
 0 266
 0 267
 0 268
 0 269
 0 270
 0 271
 0 272
 0 273
 0 274
 0 275
 0 276
 0 277
 0 278
 0 279
 0 280
 0 281
 0 282
 1 283
 1 284
 0 285
 0 286
 0 287
 0 288
 0 289
 0 290
 1 291
 0 292
 1 293
 1 294
 1 295
 1 296
 1 297
 1 298
 0 299
 4 300
 1 301
 1 302
 0 303
 1 304
 1 305
 0 306
 1 307
 1 308
 2 309
 3 310
 1 311
 0 312
 2 313
 1 314
 5 315
 1 316
 2 317
 1 318
 4 319
 2 320
 3 321
 2 322
 0 323
 1 324
 1 325
 3 326
 3 327
 2 328
 3 329
 3 330
 4 331
 0 332
 0 333
 4 334
 2 335
 1 336
 2 337
 1 338
 1 339
 0 340
 1 341
 4 342
 4 343
 1 344
 3 345
 3 346
 1 347
 1 348
 2 349
 2 350
 4 351
 0 352
 2 353
 1 354
 2 355
 3 356
 1 357
 1 358
 0 359
 5 360
 0 361
 0 362
 1 363
 3 364
 0 365
 1 366
 1 367
 2 368
 2 369
 0 370
 0 371
 1 372
 0 373
 0 374
 2 375
 0 376
 0 377
 1 378
 0 379
 0 380
 0 381
 1 382
 0 383
 0 384
 0 385
 1 386
 0 387
 0 388
 0 389
 0 390
 0 391
 0 392
 0 393
 0 394
 0 395
 0 396
 0 397
 0 398
 1 399
 0 400
 0 401
 0 402
 0 403
 0 404
 0 405
 0 406
 0 407
 0 408
 0 409
 0 410
 0 411
 0 412
 1 413
 0 414
 0 415
 0 416
 0 417
 0 418
 0 419
 0 420
 0 421
 0 422
 0 423
 0 424
 0 425
 0 426
 0 427
 0 428
 0 429
 0 430
 0 431
 0 432
 0 433
 0 434
 0 435
 0 436
 0 437
 0 438
 0 439
 0 440
 0 441
 0 442
 0 443
 0 444
 0 445
 0 446
 0 447
 0 448
 0 449
 0 450
 0 451
 0 452
 0 453
 0 454
 0 455
 0 456
 0 457
 0 458
 0 459
 0 460
 0 461
 0 462
 0 463
 0 464
 0 465
 0 466
 0 467
 0 468
 0 469
 0 470
 0 471
 0 472
 0 473
 0 474
 0 475
 0 476
 0 477
 0 478
 0 479
 0 480
 0 481
 0 482
 0 483
 0 484
 0 485
 0 486
 0 487
 0 488
 0 489
 0 490
 0 491
 0 492
 0 493
 0 494
 0 495
 0 496
 0 497
 0 498
 0 499
 0 500
 0 501
 0 502
 0 503
 0 504
 0 505
 0 506
 0 507
 0 508
 0 509
 0 510
 0 511
 0 512
 0 513
 0 514
 0 515
 0 516
 0 517
 0 518
 0 519
 0 520
 0 521
 0 522
 0 523
 0 524
 0 525
 0 526
 0 527
 0 528
 0 529
 0 530
 0 531
 0 532
 0 533
 0 534
 0 535
 0 536
 0 537
 0 538
 0 539
 0 540
 0 541
 0 542
 0 543
 0 544
 0 545
 0 546
 0 547
 0 548
 0 549
 0 550
 0 551
 0 552
 0 553
 0 554
 0 555
 0 556
 0 557
 0 558
 0 559
 0 560
 0 561
 0 562
 0 563
 0 564
 0 565
 0 566
 0 567
 0 568
 0 569
 0 570
 0 571
 0 572
 0 573
 0 574
 0 575
 0 576
 0 577
 0 578
 0 579
 0 580
 0 581
 0 582
 0 583
 0 584
 0 585
 0 586
 0 587
 0 588
 0 589
 0 590
 0 591
 0 592
 0 593
 0 594
 0 595
 0 596
 0 597
 0 598
 0 599
 0 600


