# Created by Octave 3.8.2, Mon Jun 22 15:47:31 2020 CEST <damian@fptrucha.inv.usc.es>
# name: hd
# type: matrix
# rows: 551
# columns: 2
 0 50
 0 51
 0 52
 0 53
 0 54
 0 55
 0 56
 0 57
 0 58
 0 59
 0 60
 0 61
 0 62
 0 63
 0 64
 0 65
 0 66
 0 67
 0 68
 0 69
 0 70
 0 71
 0 72
 0 73
 0 74
 0 75
 0 76
 0 77
 0 78
 0 79
 0 80
 0 81
 0 82
 0 83
 0 84
 0 85
 0 86
 0 87
 0 88
 0 89
 6 90
 7 91
 33 92
 85 93
 245 94
 424 95
 586 96
 694 97
 857 98
 1226 99
 1485 100
 1661 101
 1695 102
 1731 103
 1630 104
 1681 105
 1619 106
 1543 107
 1570 108
 1450 109
 1485 110
 1330 111
 1222 112
 1134 113
 989 114
 982 115
 903 116
 765 117
 762 118
 651 119
 606 120
 529 121
 490 122
 402 123
 337 124
 305 125
 293 126
 259 127
 242 128
 219 129
 204 130
 180 131
 146 132
 169 133
 145 134
 110 135
 114 136
 127 137
 113 138
 88 139
 92 140
 60 141
 74 142
 56 143
 70 144
 50 145
 66 146
 54 147
 35 148
 44 149
 40 150
 56 151
 38 152
 30 153
 29 154
 27 155
 34 156
 38 157
 36 158
 26 159
 21 160
 22 161
 24 162
 30 163
 20 164
 17 165
 13 166
 21 167
 12 168
 17 169
 13 170
 5 171
 7 172
 7 173
 7 174
 4 175
 10 176
 10 177
 8 178
 9 179
 9 180
 7 181
 5 182
 2 183
 2 184
 4 185
 3 186
 2 187
 3 188
 3 189
 2 190
 1 191
 2 192
 1 193
 7 194
 2 195
 3 196
 1 197
 3 198
 1 199
 1 200
 1 201
 2 202
 2 203
 1 204
 2 205
 0 206
 1 207
 1 208
 1 209
 1 210
 1 211
 1 212
 1 213
 0 214
 2 215
 1 216
 0 217
 0 218
 0 219
 0 220
 0 221
 0 222
 0 223
 0 224
 0 225
 1 226
 0 227
 0 228
 0 229
 0 230
 0 231
 0 232
 0 233
 0 234
 0 235
 0 236
 0 237
 0 238
 0 239
 0 240
 0 241
 0 242
 0 243
 0 244
 0 245
 0 246
 0 247
 0 248
 0 249
 0 250
 0 251
 0 252
 0 253
 0 254
 0 255
 0 256
 0 257
 0 258
 0 259
 0 260
 0 261
 0 262
 0 263
 0 264
 0 265
 0 266
 0 267
 0 268
 0 269
 0 270
 0 271
 0 272
 1 273
 0 274
 0 275
 0 276
 0 277
 1 278
 0 279
 0 280
 0 281
 1 282
 0 283
 0 284
 0 285
 0 286
 0 287
 0 288
 0 289
 1 290
 0 291
 0 292
 0 293
 0 294
 2 295
 0 296
 0 297
 0 298
 1 299
 1 300
 0 301
 2 302
 0 303
 2 304
 0 305
 1 306
 0 307
 1 308
 2 309
 0 310
 1 311
 1 312
 0 313
 0 314
 2 315
 0 316
 3 317
 1 318
 0 319
 1 320
 2 321
 2 322
 1 323
 0 324
 1 325
 1 326
 2 327
 2 328
 2 329
 2 330
 1 331
 1 332
 2 333
 3 334
 1 335
 4 336
 2 337
 3 338
 2 339
 3 340
 1 341
 1 342
 2 343
 0 344
 4 345
 1 346
 0 347
 2 348
 0 349
 1 350
 3 351
 0 352
 1 353
 0 354
 2 355
 0 356
 0 357
 0 358
 3 359
 2 360
 1 361
 4 362
 1 363
 0 364
 2 365
 0 366
 0 367
 0 368
 0 369
 1 370
 0 371
 2 372
 0 373
 2 374
 1 375
 1 376
 0 377
 1 378
 2 379
 0 380
 2 381
 2 382
 0 383
 1 384
 0 385
 0 386
 1 387
 0 388
 1 389
 0 390
 0 391
 0 392
 0 393
 0 394
 0 395
 1 396
 1 397
 0 398
 0 399
 0 400
 0 401
 0 402
 0 403
 2 404
 0 405
 0 406
 0 407
 0 408
 0 409
 0 410
 1 411
 0 412
 0 413
 0 414
 0 415
 0 416
 0 417
 1 418
 0 419
 0 420
 0 421
 0 422
 0 423
 0 424
 0 425
 1 426
 0 427
 0 428
 0 429
 1 430
 0 431
 0 432
 1 433
 0 434
 0 435
 0 436
 0 437
 0 438
 0 439
 0 440
 0 441
 0 442
 0 443
 0 444
 0 445
 0 446
 0 447
 0 448
 0 449
 0 450
 0 451
 0 452
 0 453
 0 454
 0 455
 0 456
 0 457
 0 458
 0 459
 0 460
 0 461
 0 462
 0 463
 0 464
 0 465
 0 466
 0 467
 0 468
 0 469
 0 470
 0 471
 0 472
 0 473
 0 474
 0 475
 0 476
 0 477
 0 478
 0 479
 0 480
 0 481
 0 482
 0 483
 0 484
 0 485
 0 486
 0 487
 0 488
 0 489
 0 490
 0 491
 0 492
 0 493
 0 494
 0 495
 0 496
 0 497
 0 498
 0 499
 0 500
 0 501
 0 502
 0 503
 0 504
 0 505
 0 506
 0 507
 0 508
 0 509
 0 510
 0 511
 0 512
 0 513
 0 514
 0 515
 0 516
 0 517
 0 518
 0 519
 0 520
 0 521
 0 522
 0 523
 0 524
 0 525
 0 526
 0 527
 0 528
 0 529
 0 530
 0 531
 0 532
 0 533
 0 534
 0 535
 0 536
 0 537
 0 538
 0 539
 0 540
 0 541
 0 542
 0 543
 0 544
 0 545
 0 546
 0 547
 0 548
 0 549
 0 550
 0 551
 0 552
 0 553
 0 554
 0 555
 0 556
 0 557
 0 558
 0 559
 0 560
 0 561
 0 562
 0 563
 0 564
 0 565
 0 566
 0 567
 0 568
 0 569
 0 570
 0 571
 0 572
 0 573
 0 574
 0 575
 0 576
 0 577
 0 578
 0 579
 0 580
 0 581
 0 582
 0 583
 0 584
 0 585
 0 586
 0 587
 0 588
 0 589
 0 590
 0 591
 0 592
 0 593
 0 594
 0 595
 0 596
 0 597
 0 598
 0 599
 0 600


