# Created by Octave 3.8.2, Sat Jun 20 22:52:37 2020 CEST <damian@fptrucha.inv.usc.es>
# name: hd
# type: matrix
# rows: 551
# columns: 2
 0 50
 0 51
 0 52
 0 53
 0 54
 0 55
 0 56
 0 57
 0 58
 0 59
 0 60
 0 61
 0 62
 0 63
 0 64
 0 65
 0 66
 0 67
 0 68
 0 69
 0 70
 0 71
 0 72
 0 73
 0 74
 0 75
 0 76
 0 77
 0 78
 0 79
 0 80
 0 81
 0 82
 0 83
 0 84
 0 85
 0 86
 0 87
 1 88
 2 89
 6 90
 11 91
 49 92
 119 93
 262 94
 364 95
 506 96
 534 97
 769 98
 993 99
 1085 100
 1171 101
 1221 102
 1253 103
 1341 104
 1368 105
 1334 106
 1357 107
 1323 108
 1228 109
 1286 110
 1136 111
 1190 112
 1050 113
 1024 114
 998 115
 960 116
 871 117
 779 118
 712 119
 717 120
 620 121
 599 122
 538 123
 442 124
 455 125
 423 126
 351 127
 341 128
 315 129
 264 130
 240 131
 231 132
 195 133
 178 134
 158 135
 166 136
 138 137
 137 138
 130 139
 99 140
 101 141
 94 142
 85 143
 76 144
 80 145
 75 146
 58 147
 62 148
 46 149
 58 150
 47 151
 33 152
 38 153
 43 154
 34 155
 34 156
 27 157
 31 158
 29 159
 30 160
 24 161
 23 162
 21 163
 19 164
 12 165
 15 166
 18 167
 14 168
 15 169
 11 170
 20 171
 9 172
 13 173
 3 174
 7 175
 14 176
 3 177
 5 178
 8 179
 4 180
 13 181
 2 182
 4 183
 7 184
 3 185
 2 186
 2 187
 6 188
 4 189
 3 190
 3 191
 1 192
 0 193
 1 194
 0 195
 2 196
 5 197
 2 198
 1 199
 1 200
 0 201
 1 202
 0 203
 0 204
 0 205
 0 206
 0 207
 0 208
 0 209
 0 210
 0 211
 0 212
 0 213
 0 214
 0 215
 0 216
 0 217
 0 218
 1 219
 1 220
 1 221
 1 222
 1 223
 0 224
 0 225
 0 226
 0 227
 0 228
 0 229
 0 230
 0 231
 0 232
 1 233
 0 234
 0 235
 0 236
 0 237
 0 238
 0 239
 0 240
 0 241
 0 242
 0 243
 0 244
 0 245
 0 246
 0 247
 0 248
 0 249
 0 250
 0 251
 0 252
 0 253
 0 254
 0 255
 0 256
 0 257
 0 258
 0 259
 0 260
 0 261
 0 262
 0 263
 0 264
 0 265
 0 266
 0 267
 0 268
 0 269
 0 270
 0 271
 0 272
 0 273
 0 274
 0 275
 0 276
 0 277
 0 278
 0 279
 0 280
 0 281
 0 282
 1 283
 0 284
 0 285
 1 286
 0 287
 0 288
 0 289
 0 290
 0 291
 1 292
 0 293
 0 294
 1 295
 2 296
 0 297
 0 298
 1 299
 0 300
 0 301
 0 302
 0 303
 1 304
 1 305
 0 306
 0 307
 0 308
 1 309
 1 310
 1 311
 1 312
 0 313
 1 314
 1 315
 1 316
 4 317
 0 318
 1 319
 2 320
 1 321
 0 322
 2 323
 0 324
 4 325
 1 326
 1 327
 1 328
 2 329
 0 330
 1 331
 3 332
 1 333
 1 334
 0 335
 4 336
 0 337
 0 338
 0 339
 1 340
 0 341
 0 342
 0 343
 1 344
 0 345
 4 346
 2 347
 2 348
 1 349
 4 350
 1 351
 0 352
 4 353
 0 354
 2 355
 1 356
 1 357
 4 358
 2 359
 1 360
 2 361
 1 362
 1 363
 4 364
 0 365
 2 366
 0 367
 1 368
 2 369
 2 370
 0 371
 1 372
 0 373
 1 374
 0 375
 1 376
 1 377
 0 378
 0 379
 1 380
 1 381
 0 382
 1 383
 0 384
 0 385
 0 386
 1 387
 0 388
 1 389
 0 390
 1 391
 1 392
 0 393
 1 394
 0 395
 0 396
 0 397
 0 398
 0 399
 0 400
 0 401
 0 402
 1 403
 0 404
 0 405
 0 406
 0 407
 0 408
 0 409
 0 410
 0 411
 0 412
 0 413
 1 414
 0 415
 0 416
 0 417
 0 418
 0 419
 0 420
 0 421
 0 422
 0 423
 0 424
 0 425
 0 426
 0 427
 0 428
 0 429
 0 430
 0 431
 0 432
 0 433
 0 434
 0 435
 0 436
 0 437
 0 438
 0 439
 0 440
 0 441
 0 442
 0 443
 0 444
 0 445
 0 446
 0 447
 0 448
 0 449
 0 450
 0 451
 0 452
 0 453
 0 454
 0 455
 0 456
 0 457
 0 458
 0 459
 0 460
 0 461
 0 462
 0 463
 0 464
 0 465
 0 466
 0 467
 0 468
 0 469
 0 470
 0 471
 0 472
 0 473
 0 474
 0 475
 0 476
 0 477
 0 478
 0 479
 0 480
 0 481
 0 482
 0 483
 0 484
 0 485
 0 486
 0 487
 0 488
 0 489
 0 490
 0 491
 0 492
 0 493
 0 494
 0 495
 0 496
 0 497
 0 498
 0 499
 0 500
 0 501
 0 502
 0 503
 0 504
 0 505
 0 506
 0 507
 0 508
 0 509
 0 510
 0 511
 0 512
 0 513
 0 514
 0 515
 0 516
 0 517
 0 518
 0 519
 0 520
 0 521
 0 522
 0 523
 0 524
 0 525
 0 526
 0 527
 0 528
 0 529
 0 530
 0 531
 0 532
 0 533
 0 534
 0 535
 0 536
 0 537
 0 538
 0 539
 0 540
 0 541
 0 542
 0 543
 0 544
 0 545
 0 546
 0 547
 0 548
 0 549
 0 550
 0 551
 0 552
 0 553
 0 554
 0 555
 0 556
 0 557
 0 558
 0 559
 0 560
 0 561
 0 562
 0 563
 0 564
 0 565
 0 566
 0 567
 0 568
 0 569
 0 570
 0 571
 0 572
 0 573
 0 574
 0 575
 0 576
 0 577
 0 578
 0 579
 0 580
 0 581
 0 582
 0 583
 0 584
 0 585
 0 586
 0 587
 0 588
 0 589
 0 590
 0 591
 0 592
 0 593
 0 594
 0 595
 0 596
 0 597
 0 598
 0 599
 0 600


