# Created by Octave 3.8.2, Mon Jun 22 00:44:04 2020 CEST <damian@fptrucha.inv.usc.es>
# name: hd
# type: matrix
# rows: 551
# columns: 2
 0 50
 0 51
 0 52
 0 53
 0 54
 0 55
 0 56
 0 57
 0 58
 0 59
 0 60
 0 61
 0 62
 0 63
 0 64
 0 65
 0 66
 0 67
 0 68
 0 69
 0 70
 0 71
 0 72
 0 73
 0 74
 0 75
 0 76
 0 77
 0 78
 0 79
 0 80
 0 81
 0 82
 0 83
 0 84
 0 85
 0 86
 0 87
 0 88
 3 89
 6 90
 15 91
 50 92
 139 93
 233 94
 362 95
 468 96
 591 97
 705 98
 981 99
 1121 100
 1157 101
 1196 102
 1247 103
 1225 104
 1419 105
 1352 106
 1306 107
 1344 108
 1313 109
 1234 110
 1206 111
 1116 112
 1061 113
 985 114
 998 115
 893 116
 883 117
 802 118
 763 119
 688 120
 647 121
 616 122
 532 123
 502 124
 465 125
 415 126
 391 127
 308 128
 309 129
 274 130
 250 131
 224 132
 215 133
 197 134
 171 135
 162 136
 144 137
 115 138
 96 139
 91 140
 98 141
 74 142
 102 143
 67 144
 66 145
 64 146
 58 147
 55 148
 50 149
 56 150
 53 151
 39 152
 33 153
 27 154
 28 155
 24 156
 28 157
 35 158
 24 159
 22 160
 25 161
 26 162
 22 163
 24 164
 20 165
 10 166
 16 167
 10 168
 11 169
 11 170
 12 171
 15 172
 7 173
 12 174
 6 175
 7 176
 4 177
 7 178
 8 179
 5 180
 5 181
 7 182
 6 183
 2 184
 4 185
 2 186
 5 187
 4 188
 3 189
 3 190
 2 191
 1 192
 1 193
 2 194
 1 195
 1 196
 0 197
 1 198
 1 199
 1 200
 0 201
 1 202
 2 203
 1 204
 1 205
 2 206
 1 207
 1 208
 0 209
 0 210
 2 211
 0 212
 0 213
 1 214
 0 215
 0 216
 2 217
 0 218
 0 219
 0 220
 0 221
 1 222
 0 223
 1 224
 1 225
 0 226
 0 227
 0 228
 0 229
 0 230
 0 231
 1 232
 0 233
 0 234
 0 235
 0 236
 1 237
 0 238
 0 239
 1 240
 0 241
 0 242
 0 243
 0 244
 0 245
 0 246
 0 247
 0 248
 0 249
 0 250
 0 251
 0 252
 0 253
 0 254
 0 255
 0 256
 0 257
 0 258
 0 259
 0 260
 0 261
 0 262
 0 263
 0 264
 0 265
 0 266
 0 267
 0 268
 0 269
 0 270
 0 271
 0 272
 0 273
 0 274
 0 275
 0 276
 0 277
 0 278
 0 279
 0 280
 0 281
 0 282
 0 283
 0 284
 0 285
 0 286
 0 287
 0 288
 0 289
 0 290
 0 291
 0 292
 0 293
 1 294
 0 295
 0 296
 1 297
 0 298
 2 299
 1 300
 1 301
 0 302
 2 303
 1 304
 2 305
 0 306
 2 307
 0 308
 0 309
 2 310
 1 311
 1 312
 0 313
 1 314
 0 315
 1 316
 1 317
 1 318
 2 319
 2 320
 1 321
 3 322
 1 323
 0 324
 0 325
 0 326
 1 327
 1 328
 2 329
 0 330
 2 331
 1 332
 1 333
 0 334
 3 335
 1 336
 1 337
 0 338
 0 339
 1 340
 0 341
 1 342
 2 343
 3 344
 0 345
 2 346
 2 347
 3 348
 0 349
 1 350
 0 351
 1 352
 1 353
 0 354
 0 355
 1 356
 2 357
 2 358
 0 359
 0 360
 0 361
 1 362
 0 363
 0 364
 2 365
 1 366
 1 367
 0 368
 0 369
 0 370
 1 371
 0 372
 1 373
 1 374
 0 375
 0 376
 1 377
 1 378
 2 379
 1 380
 2 381
 0 382
 2 383
 0 384
 0 385
 0 386
 0 387
 0 388
 1 389
 1 390
 0 391
 0 392
 0 393
 0 394
 0 395
 0 396
 0 397
 1 398
 1 399
 0 400
 0 401
 0 402
 0 403
 0 404
 0 405
 0 406
 0 407
 0 408
 1 409
 0 410
 1 411
 0 412
 0 413
 0 414
 0 415
 0 416
 0 417
 0 418
 1 419
 0 420
 0 421
 0 422
 0 423
 1 424
 0 425
 0 426
 0 427
 0 428
 0 429
 0 430
 0 431
 0 432
 0 433
 0 434
 0 435
 0 436
 0 437
 0 438
 0 439
 0 440
 0 441
 0 442
 0 443
 0 444
 0 445
 0 446
 0 447
 0 448
 0 449
 0 450
 0 451
 0 452
 0 453
 0 454
 0 455
 0 456
 0 457
 0 458
 0 459
 0 460
 0 461
 0 462
 0 463
 0 464
 0 465
 0 466
 0 467
 0 468
 0 469
 0 470
 0 471
 0 472
 0 473
 0 474
 0 475
 0 476
 0 477
 0 478
 0 479
 0 480
 0 481
 0 482
 0 483
 0 484
 0 485
 0 486
 0 487
 0 488
 0 489
 0 490
 0 491
 0 492
 0 493
 0 494
 0 495
 0 496
 0 497
 0 498
 0 499
 0 500
 0 501
 0 502
 0 503
 0 504
 0 505
 0 506
 0 507
 0 508
 0 509
 0 510
 0 511
 0 512
 0 513
 0 514
 0 515
 0 516
 0 517
 0 518
 0 519
 0 520
 0 521
 0 522
 0 523
 0 524
 0 525
 0 526
 0 527
 0 528
 0 529
 0 530
 0 531
 0 532
 0 533
 0 534
 0 535
 0 536
 0 537
 0 538
 0 539
 0 540
 0 541
 0 542
 0 543
 0 544
 0 545
 0 546
 0 547
 0 548
 0 549
 0 550
 0 551
 0 552
 0 553
 0 554
 0 555
 0 556
 0 557
 0 558
 0 559
 0 560
 0 561
 0 562
 0 563
 0 564
 0 565
 0 566
 0 567
 0 568
 0 569
 0 570
 0 571
 0 572
 0 573
 0 574
 0 575
 0 576
 0 577
 0 578
 0 579
 0 580
 0 581
 0 582
 0 583
 0 584
 0 585
 0 586
 0 587
 0 588
 0 589
 0 590
 0 591
 0 592
 0 593
 0 594
 0 595
 0 596
 0 597
 0 598
 0 599
 0 600


