# Created by Octave 3.8.2, Sat Jun 20 11:02:42 2020 CEST <damian@fptrucha.inv.usc.es>
# name: hd
# type: matrix
# rows: 551
# columns: 2
 0 50
 0 51
 0 52
 0 53
 0 54
 0 55
 0 56
 0 57
 0 58
 0 59
 0 60
 0 61
 0 62
 0 63
 0 64
 0 65
 0 66
 0 67
 0 68
 0 69
 0 70
 0 71
 0 72
 0 73
 0 74
 0 75
 0 76
 0 77
 0 78
 0 79
 0 80
 0 81
 0 82
 0 83
 0 84
 0 85
 0 86
 0 87
 0 88
 1 89
 11 90
 19 91
 57 92
 159 93
 302 94
 488 95
 600 96
 759 97
 964 98
 1229 99
 1518 100
 1530 101
 1586 102
 1615 103
 1557 104
 1651 105
 1635 106
 1653 107
 1532 108
 1465 109
 1476 110
 1376 111
 1287 112
 1179 113
 1151 114
 1051 115
 976 116
 904 117
 816 118
 756 119
 680 120
 649 121
 571 122
 549 123
 472 124
 434 125
 373 126
 343 127
 344 128
 305 129
 250 130
 238 131
 192 132
 189 133
 168 134
 148 135
 141 136
 147 137
 106 138
 107 139
 97 140
 121 141
 78 142
 73 143
 68 144
 79 145
 73 146
 61 147
 50 148
 52 149
 56 150
 51 151
 39 152
 38 153
 39 154
 39 155
 28 156
 37 157
 26 158
 34 159
 32 160
 23 161
 18 162
 22 163
 20 164
 11 165
 14 166
 15 167
 11 168
 11 169
 6 170
 6 171
 6 172
 12 173
 7 174
 11 175
 5 176
 6 177
 4 178
 5 179
 8 180
 4 181
 5 182
 1 183
 2 184
 0 185
 3 186
 4 187
 4 188
 3 189
 3 190
 2 191
 1 192
 1 193
 1 194
 1 195
 2 196
 2 197
 3 198
 0 199
 1 200
 1 201
 0 202
 2 203
 1 204
 1 205
 0 206
 0 207
 0 208
 2 209
 1 210
 0 211
 0 212
 0 213
 0 214
 0 215
 1 216
 0 217
 0 218
 1 219
 0 220
 0 221
 0 222
 1 223
 0 224
 0 225
 0 226
 0 227
 0 228
 1 229
 0 230
 0 231
 1 232
 1 233
 0 234
 0 235
 0 236
 0 237
 0 238
 0 239
 0 240
 0 241
 0 242
 0 243
 0 244
 0 245
 0 246
 0 247
 0 248
 0 249
 0 250
 0 251
 0 252
 0 253
 0 254
 0 255
 0 256
 0 257
 0 258
 0 259
 0 260
 0 261
 0 262
 0 263
 0 264
 0 265
 0 266
 0 267
 0 268
 0 269
 0 270
 0 271
 0 272
 0 273
 0 274
 1 275
 0 276
 0 277
 0 278
 0 279
 0 280
 0 281
 0 282
 0 283
 1 284
 0 285
 1 286
 0 287
 0 288
 0 289
 1 290
 0 291
 0 292
 0 293
 0 294
 0 295
 0 296
 0 297
 1 298
 0 299
 0 300
 0 301
 1 302
 0 303
 0 304
 1 305
 1 306
 0 307
 2 308
 1 309
 1 310
 2 311
 0 312
 1 313
 2 314
 1 315
 0 316
 2 317
 3 318
 2 319
 3 320
 1 321
 2 322
 1 323
 0 324
 1 325
 0 326
 3 327
 0 328
 2 329
 2 330
 1 331
 3 332
 2 333
 0 334
 1 335
 1 336
 0 337
 2 338
 3 339
 0 340
 2 341
 1 342
 0 343
 1 344
 0 345
 1 346
 2 347
 1 348
 0 349
 4 350
 2 351
 1 352
 2 353
 1 354
 2 355
 0 356
 1 357
 1 358
 2 359
 1 360
 0 361
 1 362
 1 363
 0 364
 1 365
 1 366
 0 367
 1 368
 0 369
 0 370
 0 371
 1 372
 1 373
 3 374
 1 375
 1 376
 1 377
 0 378
 0 379
 0 380
 0 381
 1 382
 1 383
 2 384
 1 385
 1 386
 0 387
 0 388
 1 389
 0 390
 1 391
 0 392
 1 393
 0 394
 0 395
 2 396
 0 397
 1 398
 0 399
 0 400
 0 401
 0 402
 0 403
 0 404
 0 405
 0 406
 0 407
 0 408
 0 409
 0 410
 0 411
 0 412
 0 413
 0 414
 0 415
 0 416
 0 417
 0 418
 0 419
 0 420
 0 421
 0 422
 0 423
 0 424
 0 425
 0 426
 0 427
 0 428
 0 429
 0 430
 0 431
 0 432
 0 433
 0 434
 0 435
 0 436
 0 437
 0 438
 0 439
 0 440
 0 441
 0 442
 0 443
 0 444
 0 445
 0 446
 0 447
 0 448
 0 449
 0 450
 0 451
 0 452
 0 453
 0 454
 0 455
 0 456
 0 457
 0 458
 0 459
 0 460
 0 461
 0 462
 0 463
 0 464
 0 465
 0 466
 0 467
 0 468
 0 469
 0 470
 0 471
 0 472
 0 473
 0 474
 0 475
 0 476
 0 477
 0 478
 0 479
 0 480
 0 481
 0 482
 0 483
 0 484
 0 485
 0 486
 0 487
 0 488
 0 489
 0 490
 0 491
 0 492
 0 493
 0 494
 0 495
 0 496
 0 497
 0 498
 0 499
 0 500
 0 501
 0 502
 0 503
 0 504
 0 505
 0 506
 0 507
 0 508
 0 509
 0 510
 0 511
 0 512
 0 513
 0 514
 0 515
 0 516
 0 517
 0 518
 0 519
 0 520
 0 521
 0 522
 0 523
 0 524
 0 525
 0 526
 0 527
 0 528
 0 529
 0 530
 0 531
 0 532
 0 533
 0 534
 0 535
 0 536
 0 537
 0 538
 0 539
 0 540
 0 541
 0 542
 0 543
 0 544
 0 545
 0 546
 0 547
 0 548
 0 549
 0 550
 0 551
 0 552
 0 553
 0 554
 0 555
 0 556
 0 557
 0 558
 0 559
 0 560
 0 561
 0 562
 0 563
 0 564
 0 565
 0 566
 0 567
 0 568
 0 569
 0 570
 0 571
 0 572
 0 573
 0 574
 0 575
 0 576
 0 577
 0 578
 0 579
 0 580
 0 581
 0 582
 0 583
 0 584
 0 585
 0 586
 0 587
 0 588
 0 589
 0 590
 0 591
 0 592
 0 593
 0 594
 0 595
 0 596
 0 597
 0 598
 0 599
 0 600


