# Created by Octave 3.8.2, Mon Jun 22 10:57:34 2020 CEST <damian@fptrucha.inv.usc.es>
# name: hd
# type: matrix
# rows: 551
# columns: 2
 0 50
 0 51
 0 52
 0 53
 0 54
 0 55
 0 56
 0 57
 0 58
 0 59
 0 60
 0 61
 0 62
 0 63
 0 64
 0 65
 0 66
 0 67
 0 68
 0 69
 0 70
 0 71
 0 72
 0 73
 0 74
 0 75
 0 76
 0 77
 0 78
 0 79
 0 80
 0 81
 0 82
 0 83
 0 84
 0 85
 0 86
 0 87
 0 88
 0 89
 6 90
 12 91
 39 92
 78 93
 222 94
 389 95
 534 96
 605 97
 833 98
 1030 99
 1357 100
 1439 101
 1503 102
 1530 103
 1629 104
 1547 105
 1664 106
 1475 107
 1478 108
 1412 109
 1361 110
 1222 111
 1197 112
 1049 113
 1034 114
 929 115
 851 116
 832 117
 689 118
 615 119
 585 120
 541 121
 526 122
 463 123
 396 124
 341 125
 306 126
 287 127
 285 128
 221 129
 223 130
 185 131
 182 132
 169 133
 136 134
 126 135
 130 136
 115 137
 83 138
 109 139
 105 140
 82 141
 89 142
 61 143
 63 144
 67 145
 62 146
 57 147
 55 148
 46 149
 40 150
 43 151
 55 152
 46 153
 42 154
 35 155
 32 156
 25 157
 27 158
 31 159
 20 160
 29 161
 24 162
 22 163
 20 164
 14 165
 13 166
 12 167
 22 168
 16 169
 7 170
 15 171
 8 172
 13 173
 10 174
 5 175
 12 176
 15 177
 8 178
 6 179
 8 180
 6 181
 3 182
 6 183
 6 184
 1 185
 9 186
 5 187
 5 188
 3 189
 3 190
 0 191
 2 192
 2 193
 4 194
 1 195
 1 196
 2 197
 2 198
 3 199
 2 200
 1 201
 1 202
 0 203
 0 204
 4 205
 1 206
 4 207
 0 208
 1 209
 0 210
 0 211
 2 212
 0 213
 0 214
 0 215
 1 216
 0 217
 3 218
 0 219
 0 220
 0 221
 0 222
 0 223
 1 224
 0 225
 0 226
 0 227
 0 228
 0 229
 1 230
 0 231
 0 232
 0 233
 0 234
 0 235
 0 236
 1 237
 0 238
 0 239
 0 240
 2 241
 0 242
 0 243
 0 244
 0 245
 0 246
 0 247
 0 248
 0 249
 0 250
 0 251
 0 252
 0 253
 0 254
 0 255
 0 256
 0 257
 0 258
 0 259
 0 260
 0 261
 0 262
 0 263
 0 264
 0 265
 0 266
 0 267
 0 268
 0 269
 0 270
 0 271
 0 272
 0 273
 0 274
 0 275
 0 276
 0 277
 0 278
 0 279
 0 280
 1 281
 0 282
 0 283
 0 284
 0 285
 0 286
 0 287
 0 288
 0 289
 0 290
 0 291
 0 292
 0 293
 0 294
 0 295
 1 296
 0 297
 1 298
 0 299
 1 300
 1 301
 1 302
 2 303
 1 304
 0 305
 3 306
 0 307
 0 308
 2 309
 0 310
 3 311
 2 312
 1 313
 2 314
 1 315
 1 316
 1 317
 0 318
 2 319
 1 320
 0 321
 0 322
 1 323
 1 324
 2 325
 1 326
 0 327
 0 328
 2 329
 2 330
 3 331
 1 332
 1 333
 2 334
 3 335
 2 336
 1 337
 0 338
 0 339
 2 340
 2 341
 1 342
 0 343
 1 344
 1 345
 1 346
 1 347
 5 348
 0 349
 5 350
 1 351
 0 352
 1 353
 0 354
 3 355
 3 356
 0 357
 2 358
 0 359
 3 360
 2 361
 2 362
 0 363
 3 364
 1 365
 1 366
 0 367
 0 368
 1 369
 1 370
 1 371
 1 372
 0 373
 1 374
 0 375
 1 376
 0 377
 6 378
 0 379
 0 380
 1 381
 0 382
 1 383
 3 384
 0 385
 0 386
 0 387
 0 388
 1 389
 0 390
 0 391
 0 392
 0 393
 0 394
 1 395
 1 396
 0 397
 0 398
 0 399
 1 400
 0 401
 1 402
 0 403
 0 404
 0 405
 0 406
 0 407
 0 408
 0 409
 0 410
 0 411
 0 412
 0 413
 0 414
 0 415
 0 416
 0 417
 0 418
 0 419
 0 420
 0 421
 0 422
 0 423
 0 424
 0 425
 0 426
 0 427
 0 428
 0 429
 0 430
 0 431
 0 432
 0 433
 0 434
 0 435
 1 436
 0 437
 0 438
 0 439
 0 440
 0 441
 0 442
 0 443
 0 444
 0 445
 0 446
 0 447
 0 448
 0 449
 0 450
 0 451
 0 452
 0 453
 0 454
 0 455
 0 456
 0 457
 0 458
 0 459
 0 460
 0 461
 0 462
 0 463
 0 464
 0 465
 0 466
 0 467
 0 468
 0 469
 0 470
 0 471
 0 472
 0 473
 0 474
 0 475
 0 476
 0 477
 0 478
 0 479
 0 480
 0 481
 0 482
 0 483
 0 484
 0 485
 0 486
 0 487
 0 488
 0 489
 0 490
 0 491
 0 492
 0 493
 0 494
 0 495
 0 496
 0 497
 0 498
 0 499
 0 500
 0 501
 0 502
 0 503
 0 504
 0 505
 0 506
 0 507
 0 508
 0 509
 0 510
 0 511
 0 512
 0 513
 0 514
 0 515
 0 516
 0 517
 0 518
 0 519
 0 520
 0 521
 0 522
 0 523
 0 524
 0 525
 0 526
 0 527
 0 528
 0 529
 0 530
 0 531
 0 532
 0 533
 0 534
 0 535
 0 536
 0 537
 0 538
 0 539
 0 540
 0 541
 0 542
 0 543
 0 544
 0 545
 0 546
 0 547
 0 548
 0 549
 0 550
 0 551
 0 552
 0 553
 0 554
 0 555
 0 556
 0 557
 0 558
 0 559
 0 560
 0 561
 0 562
 0 563
 0 564
 0 565
 0 566
 0 567
 0 568
 0 569
 0 570
 0 571
 0 572
 0 573
 0 574
 0 575
 0 576
 0 577
 0 578
 0 579
 0 580
 0 581
 0 582
 0 583
 0 584
 0 585
 0 586
 0 587
 0 588
 0 589
 0 590
 0 591
 0 592
 0 593
 0 594
 0 595
 0 596
 0 597
 0 598
 0 599
 0 600


