# Created by Octave 3.8.2, Sat Jun 20 08:54:18 2020 CEST <damian@fptrucha.inv.usc.es>
# name: hd
# type: matrix
# rows: 551
# columns: 2
 0 50
 0 51
 0 52
 0 53
 0 54
 0 55
 0 56
 0 57
 0 58
 0 59
 0 60
 0 61
 0 62
 0 63
 0 64
 0 65
 0 66
 0 67
 0 68
 0 69
 0 70
 0 71
 0 72
 0 73
 0 74
 0 75
 0 76
 0 77
 0 78
 0 79
 0 80
 0 81
 0 82
 0 83
 0 84
 0 85
 0 86
 0 87
 0 88
 1 89
 6 90
 12 91
 69 92
 172 93
 354 94
 539 95
 610 96
 782 97
 1054 98
 1354 99
 1537 100
 1633 101
 1707 102
 1761 103
 1761 104
 1714 105
 1710 106
 1718 107
 1726 108
 1553 109
 1516 110
 1418 111
 1316 112
 1238 113
 1189 114
 1069 115
 981 116
 929 117
 810 118
 733 119
 649 120
 623 121
 591 122
 489 123
 453 124
 440 125
 393 126
 324 127
 286 128
 274 129
 238 130
 212 131
 194 132
 178 133
 162 134
 148 135
 127 136
 143 137
 135 138
 111 139
 118 140
 103 141
 74 142
 76 143
 78 144
 76 145
 63 146
 63 147
 43 148
 47 149
 43 150
 49 151
 50 152
 38 153
 33 154
 30 155
 36 156
 31 157
 26 158
 26 159
 27 160
 30 161
 26 162
 25 163
 21 164
 20 165
 9 166
 16 167
 17 168
 10 169
 10 170
 16 171
 13 172
 5 173
 12 174
 9 175
 9 176
 8 177
 8 178
 6 179
 3 180
 4 181
 3 182
 3 183
 4 184
 2 185
 4 186
 7 187
 6 188
 6 189
 3 190
 4 191
 3 192
 1 193
 1 194
 2 195
 0 196
 0 197
 3 198
 1 199
 1 200
 1 201
 0 202
 1 203
 1 204
 4 205
 1 206
 1 207
 2 208
 0 209
 0 210
 0 211
 0 212
 0 213
 0 214
 0 215
 0 216
 0 217
 0 218
 0 219
 0 220
 0 221
 0 222
 0 223
 0 224
 1 225
 0 226
 0 227
 0 228
 1 229
 0 230
 0 231
 0 232
 0 233
 0 234
 0 235
 0 236
 0 237
 0 238
 0 239
 0 240
 0 241
 0 242
 0 243
 0 244
 0 245
 0 246
 1 247
 0 248
 0 249
 0 250
 0 251
 1 252
 0 253
 0 254
 0 255
 0 256
 0 257
 0 258
 0 259
 0 260
 0 261
 0 262
 1 263
 0 264
 0 265
 0 266
 0 267
 0 268
 0 269
 0 270
 0 271
 0 272
 1 273
 0 274
 0 275
 0 276
 1 277
 0 278
 0 279
 0 280
 0 281
 0 282
 0 283
 0 284
 0 285
 0 286
 0 287
 0 288
 0 289
 0 290
 0 291
 0 292
 0 293
 1 294
 1 295
 0 296
 0 297
 0 298
 1 299
 1 300
 0 301
 0 302
 1 303
 0 304
 1 305
 0 306
 0 307
 2 308
 0 309
 1 310
 0 311
 2 312
 1 313
 1 314
 0 315
 0 316
 0 317
 2 318
 1 319
 0 320
 0 321
 3 322
 2 323
 0 324
 1 325
 1 326
 0 327
 1 328
 0 329
 0 330
 0 331
 1 332
 2 333
 2 334
 2 335
 2 336
 1 337
 1 338
 5 339
 3 340
 3 341
 1 342
 2 343
 0 344
 1 345
 3 346
 4 347
 0 348
 2 349
 0 350
 0 351
 3 352
 0 353
 0 354
 3 355
 1 356
 0 357
 0 358
 1 359
 1 360
 0 361
 0 362
 2 363
 2 364
 2 365
 1 366
 0 367
 0 368
 0 369
 1 370
 0 371
 1 372
 1 373
 1 374
 2 375
 0 376
 0 377
 0 378
 0 379
 0 380
 0 381
 1 382
 0 383
 1 384
 1 385
 0 386
 0 387
 0 388
 1 389
 1 390
 0 391
 0 392
 0 393
 0 394
 0 395
 0 396
 0 397
 0 398
 0 399
 0 400
 1 401
 2 402
 0 403
 0 404
 1 405
 0 406
 0 407
 1 408
 0 409
 0 410
 0 411
 0 412
 0 413
 0 414
 0 415
 0 416
 0 417
 0 418
 0 419
 0 420
 0 421
 0 422
 0 423
 0 424
 1 425
 0 426
 0 427
 0 428
 0 429
 0 430
 0 431
 0 432
 0 433
 0 434
 0 435
 0 436
 0 437
 0 438
 0 439
 0 440
 0 441
 0 442
 0 443
 0 444
 0 445
 0 446
 0 447
 0 448
 0 449
 0 450
 0 451
 0 452
 0 453
 0 454
 0 455
 0 456
 0 457
 0 458
 0 459
 0 460
 0 461
 0 462
 0 463
 0 464
 0 465
 0 466
 0 467
 0 468
 0 469
 0 470
 0 471
 0 472
 0 473
 0 474
 0 475
 0 476
 0 477
 0 478
 0 479
 0 480
 0 481
 0 482
 0 483
 0 484
 0 485
 0 486
 0 487
 0 488
 0 489
 0 490
 0 491
 0 492
 0 493
 0 494
 0 495
 0 496
 0 497
 0 498
 0 499
 0 500
 0 501
 0 502
 0 503
 0 504
 0 505
 0 506
 0 507
 0 508
 0 509
 0 510
 0 511
 0 512
 0 513
 0 514
 0 515
 0 516
 0 517
 0 518
 0 519
 0 520
 0 521
 0 522
 0 523
 0 524
 0 525
 0 526
 0 527
 0 528
 0 529
 0 530
 0 531
 0 532
 0 533
 0 534
 0 535
 0 536
 0 537
 0 538
 0 539
 0 540
 0 541
 0 542
 0 543
 0 544
 0 545
 0 546
 0 547
 0 548
 0 549
 0 550
 0 551
 0 552
 0 553
 0 554
 0 555
 0 556
 0 557
 0 558
 0 559
 0 560
 0 561
 0 562
 0 563
 0 564
 0 565
 0 566
 0 567
 0 568
 0 569
 0 570
 0 571
 0 572
 0 573
 0 574
 0 575
 0 576
 0 577
 0 578
 0 579
 0 580
 0 581
 0 582
 0 583
 0 584
 0 585
 0 586
 0 587
 0 588
 0 589
 0 590
 0 591
 0 592
 0 593
 0 594
 0 595
 0 596
 0 597
 0 598
 0 599
 0 600


