# Created by Octave 3.8.2, Mon Jun 22 06:07:52 2020 CEST <damian@fptrucha.inv.usc.es>
# name: hd
# type: matrix
# rows: 551
# columns: 2
 0 50
 0 51
 0 52
 0 53
 0 54
 0 55
 0 56
 0 57
 0 58
 0 59
 0 60
 0 61
 0 62
 0 63
 0 64
 0 65
 0 66
 0 67
 0 68
 0 69
 0 70
 0 71
 0 72
 0 73
 0 74
 0 75
 0 76
 0 77
 0 78
 0 79
 0 80
 0 81
 0 82
 0 83
 0 84
 0 85
 0 86
 0 87
 0 88
 0 89
 0 90
 7 91
 27 92
 83 93
 159 94
 366 95
 473 96
 622 97
 791 98
 970 99
 1323 100
 1380 101
 1436 102
 1508 103
 1536 104
 1469 105
 1476 106
 1455 107
 1450 108
 1369 109
 1311 110
 1250 111
 1159 112
 1037 113
 994 114
 911 115
 834 116
 717 117
 621 118
 633 119
 582 120
 490 121
 421 122
 391 123
 341 124
 307 125
 293 126
 231 127
 246 128
 203 129
 197 130
 196 131
 163 132
 161 133
 121 134
 122 135
 102 136
 106 137
 83 138
 76 139
 76 140
 70 141
 57 142
 63 143
 53 144
 56 145
 48 146
 60 147
 35 148
 40 149
 50 150
 40 151
 47 152
 38 153
 43 154
 37 155
 23 156
 36 157
 30 158
 18 159
 16 160
 23 161
 19 162
 22 163
 21 164
 16 165
 14 166
 6 167
 9 168
 10 169
 9 170
 8 171
 11 172
 8 173
 7 174
 7 175
 10 176
 4 177
 10 178
 8 179
 5 180
 11 181
 1 182
 6 183
 6 184
 5 185
 5 186
 5 187
 7 188
 1 189
 4 190
 5 191
 1 192
 4 193
 4 194
 1 195
 0 196
 2 197
 2 198
 2 199
 1 200
 0 201
 0 202
 1 203
 0 204
 0 205
 1 206
 1 207
 0 208
 0 209
 0 210
 1 211
 0 212
 0 213
 0 214
 0 215
 1 216
 1 217
 0 218
 0 219
 1 220
 0 221
 0 222
 0 223
 0 224
 2 225
 0 226
 0 227
 0 228
 0 229
 0 230
 0 231
 0 232
 0 233
 0 234
 0 235
 0 236
 0 237
 0 238
 0 239
 0 240
 0 241
 0 242
 0 243
 0 244
 0 245
 1 246
 0 247
 0 248
 0 249
 0 250
 0 251
 0 252
 0 253
 0 254
 0 255
 0 256
 0 257
 0 258
 0 259
 0 260
 0 261
 0 262
 0 263
 0 264
 0 265
 0 266
 0 267
 0 268
 0 269
 0 270
 0 271
 0 272
 0 273
 0 274
 0 275
 0 276
 0 277
 0 278
 0 279
 0 280
 0 281
 0 282
 0 283
 0 284
 0 285
 0 286
 0 287
 0 288
 0 289
 0 290
 0 291
 1 292
 0 293
 0 294
 0 295
 0 296
 0 297
 2 298
 1 299
 0 300
 1 301
 1 302
 2 303
 0 304
 0 305
 2 306
 2 307
 0 308
 0 309
 1 310
 0 311
 1 312
 0 313
 2 314
 0 315
 0 316
 2 317
 0 318
 2 319
 1 320
 0 321
 4 322
 1 323
 2 324
 1 325
 1 326
 1 327
 2 328
 1 329
 2 330
 2 331
 4 332
 4 333
 2 334
 1 335
 0 336
 2 337
 2 338
 0 339
 1 340
 0 341
 2 342
 0 343
 2 344
 1 345
 2 346
 1 347
 2 348
 3 349
 3 350
 1 351
 1 352
 1 353
 0 354
 2 355
 1 356
 2 357
 1 358
 0 359
 2 360
 2 361
 0 362
 0 363
 1 364
 1 365
 0 366
 1 367
 0 368
 1 369
 2 370
 1 371
 0 372
 0 373
 0 374
 1 375
 0 376
 1 377
 0 378
 1 379
 0 380
 0 381
 0 382
 1 383
 0 384
 0 385
 0 386
 1 387
 1 388
 2 389
 0 390
 1 391
 0 392
 0 393
 2 394
 0 395
 0 396
 1 397
 0 398
 0 399
 0 400
 0 401
 0 402
 0 403
 0 404
 0 405
 0 406
 0 407
 0 408
 0 409
 0 410
 0 411
 0 412
 0 413
 0 414
 1 415
 0 416
 0 417
 0 418
 0 419
 0 420
 0 421
 0 422
 0 423
 0 424
 0 425
 0 426
 1 427
 0 428
 0 429
 0 430
 0 431
 0 432
 0 433
 0 434
 0 435
 0 436
 0 437
 1 438
 0 439
 0 440
 0 441
 0 442
 0 443
 0 444
 0 445
 0 446
 0 447
 0 448
 0 449
 0 450
 0 451
 0 452
 0 453
 0 454
 0 455
 0 456
 0 457
 0 458
 0 459
 0 460
 0 461
 0 462
 0 463
 0 464
 0 465
 0 466
 0 467
 0 468
 0 469
 0 470
 0 471
 0 472
 0 473
 0 474
 0 475
 0 476
 0 477
 0 478
 0 479
 0 480
 0 481
 0 482
 0 483
 0 484
 0 485
 0 486
 0 487
 0 488
 0 489
 0 490
 0 491
 0 492
 0 493
 0 494
 0 495
 0 496
 0 497
 0 498
 0 499
 0 500
 0 501
 0 502
 0 503
 0 504
 0 505
 0 506
 0 507
 0 508
 0 509
 0 510
 0 511
 0 512
 0 513
 0 514
 0 515
 0 516
 0 517
 0 518
 0 519
 0 520
 0 521
 0 522
 0 523
 0 524
 0 525
 0 526
 0 527
 0 528
 0 529
 0 530
 0 531
 0 532
 0 533
 0 534
 0 535
 0 536
 0 537
 0 538
 0 539
 0 540
 0 541
 0 542
 0 543
 0 544
 0 545
 0 546
 0 547
 0 548
 0 549
 0 550
 0 551
 0 552
 0 553
 0 554
 0 555
 0 556
 0 557
 0 558
 0 559
 0 560
 0 561
 0 562
 0 563
 0 564
 0 565
 0 566
 0 567
 0 568
 0 569
 0 570
 0 571
 0 572
 0 573
 0 574
 0 575
 0 576
 0 577
 0 578
 0 579
 0 580
 0 581
 0 582
 0 583
 0 584
 0 585
 0 586
 0 587
 0 588
 0 589
 0 590
 0 591
 0 592
 0 593
 0 594
 0 595
 0 596
 0 597
 0 598
 0 599
 0 600


