# Created by Octave 3.8.2, Mon Jun 22 23:33:58 2020 CEST <damian@fptrucha.inv.usc.es>
# name: hd
# type: matrix
# rows: 551
# columns: 2
 0 50
 0 51
 0 52
 0 53
 0 54
 0 55
 0 56
 0 57
 0 58
 0 59
 0 60
 0 61
 0 62
 0 63
 0 64
 0 65
 0 66
 0 67
 0 68
 0 69
 0 70
 0 71
 0 72
 0 73
 0 74
 0 75
 0 76
 0 77
 0 78
 0 79
 0 80
 0 81
 0 82
 0 83
 0 84
 0 85
 0 86
 0 87
 0 88
 1 89
 11 90
 11 91
 46 92
 104 93
 278 94
 480 95
 607 96
 773 97
 951 98
 1289 99
 1548 100
 1659 101
 1664 102
 1743 103
 1758 104
 1664 105
 1625 106
 1712 107
 1627 108
 1524 109
 1444 110
 1367 111
 1188 112
 1162 113
 1029 114
 933 115
 859 116
 863 117
 755 118
 667 119
 632 120
 555 121
 506 122
 460 123
 374 124
 398 125
 323 126
 298 127
 259 128
 227 129
 201 130
 203 131
 183 132
 171 133
 148 134
 150 135
 119 136
 105 137
 95 138
 106 139
 74 140
 89 141
 80 142
 66 143
 59 144
 69 145
 61 146
 58 147
 50 148
 47 149
 56 150
 37 151
 43 152
 35 153
 36 154
 40 155
 46 156
 31 157
 32 158
 37 159
 29 160
 20 161
 23 162
 28 163
 23 164
 23 165
 6 166
 17 167
 17 168
 11 169
 15 170
 12 171
 22 172
 7 173
 8 174
 11 175
 8 176
 8 177
 9 178
 3 179
 5 180
 9 181
 8 182
 5 183
 4 184
 4 185
 3 186
 2 187
 5 188
 2 189
 2 190
 4 191
 2 192
 1 193
 1 194
 4 195
 2 196
 2 197
 1 198
 3 199
 1 200
 1 201
 2 202
 1 203
 1 204
 3 205
 1 206
 1 207
 0 208
 0 209
 0 210
 1 211
 1 212
 0 213
 1 214
 0 215
 0 216
 0 217
 0 218
 0 219
 0 220
 0 221
 0 222
 1 223
 0 224
 0 225
 0 226
 0 227
 0 228
 0 229
 1 230
 0 231
 0 232
 0 233
 0 234
 0 235
 0 236
 0 237
 2 238
 0 239
 0 240
 0 241
 0 242
 0 243
 0 244
 1 245
 0 246
 0 247
 1 248
 0 249
 0 250
 0 251
 0 252
 0 253
 0 254
 0 255
 0 256
 0 257
 0 258
 0 259
 0 260
 0 261
 0 262
 0 263
 0 264
 0 265
 0 266
 0 267
 0 268
 0 269
 0 270
 0 271
 0 272
 0 273
 1 274
 0 275
 0 276
 0 277
 0 278
 0 279
 0 280
 0 281
 0 282
 1 283
 0 284
 0 285
 0 286
 0 287
 1 288
 0 289
 0 290
 0 291
 0 292
 0 293
 0 294
 0 295
 0 296
 1 297
 1 298
 0 299
 0 300
 1 301
 0 302
 0 303
 2 304
 0 305
 2 306
 1 307
 1 308
 2 309
 2 310
 2 311
 2 312
 1 313
 0 314
 0 315
 2 316
 0 317
 0 318
 2 319
 0 320
 2 321
 1 322
 1 323
 2 324
 1 325
 3 326
 2 327
 1 328
 1 329
 4 330
 2 331
 1 332
 3 333
 2 334
 1 335
 1 336
 1 337
 1 338
 1 339
 0 340
 0 341
 4 342
 0 343
 2 344
 2 345
 1 346
 0 347
 5 348
 2 349
 0 350
 0 351
 1 352
 1 353
 1 354
 1 355
 1 356
 2 357
 2 358
 1 359
 0 360
 0 361
 2 362
 3 363
 3 364
 0 365
 1 366
 0 367
 2 368
 1 369
 1 370
 1 371
 1 372
 0 373
 0 374
 0 375
 0 376
 0 377
 2 378
 0 379
 1 380
 1 381
 0 382
 0 383
 0 384
 0 385
 1 386
 0 387
 0 388
 0 389
 1 390
 1 391
 0 392
 0 393
 0 394
 0 395
 0 396
 0 397
 0 398
 0 399
 0 400
 0 401
 0 402
 0 403
 0 404
 0 405
 0 406
 0 407
 0 408
 0 409
 0 410
 0 411
 0 412
 0 413
 0 414
 0 415
 0 416
 0 417
 0 418
 0 419
 0 420
 0 421
 0 422
 0 423
 0 424
 0 425
 0 426
 0 427
 0 428
 0 429
 0 430
 0 431
 0 432
 0 433
 0 434
 0 435
 0 436
 0 437
 0 438
 0 439
 0 440
 0 441
 0 442
 0 443
 0 444
 0 445
 0 446
 0 447
 0 448
 0 449
 0 450
 0 451
 0 452
 0 453
 0 454
 0 455
 0 456
 0 457
 0 458
 0 459
 0 460
 0 461
 0 462
 0 463
 0 464
 0 465
 0 466
 0 467
 0 468
 0 469
 0 470
 0 471
 0 472
 0 473
 0 474
 0 475
 0 476
 0 477
 0 478
 0 479
 0 480
 0 481
 0 482
 0 483
 0 484
 0 485
 0 486
 0 487
 0 488
 0 489
 0 490
 0 491
 0 492
 0 493
 0 494
 0 495
 0 496
 0 497
 0 498
 0 499
 0 500
 0 501
 0 502
 0 503
 0 504
 0 505
 0 506
 0 507
 0 508
 0 509
 0 510
 0 511
 0 512
 0 513
 0 514
 0 515
 0 516
 0 517
 0 518
 0 519
 0 520
 0 521
 0 522
 0 523
 0 524
 0 525
 0 526
 0 527
 0 528
 0 529
 0 530
 0 531
 0 532
 0 533
 0 534
 0 535
 0 536
 0 537
 0 538
 0 539
 0 540
 0 541
 0 542
 0 543
 0 544
 0 545
 0 546
 0 547
 0 548
 0 549
 0 550
 0 551
 0 552
 0 553
 0 554
 0 555
 0 556
 0 557
 0 558
 0 559
 0 560
 0 561
 0 562
 0 563
 0 564
 0 565
 0 566
 0 567
 0 568
 0 569
 0 570
 0 571
 0 572
 0 573
 0 574
 0 575
 0 576
 0 577
 0 578
 0 579
 0 580
 0 581
 0 582
 0 583
 0 584
 0 585
 0 586
 0 587
 0 588
 0 589
 0 590
 0 591
 0 592
 0 593
 0 594
 0 595
 0 596
 0 597
 0 598
 0 599
 0 600


