# Created by Octave 3.8.2, Mon Jun 22 03:11:38 2020 CEST <damian@fptrucha.inv.usc.es>
# name: hd
# type: matrix
# rows: 551
# columns: 2
 0 50
 0 51
 0 52
 0 53
 0 54
 0 55
 0 56
 0 57
 0 58
 0 59
 0 60
 0 61
 0 62
 0 63
 0 64
 0 65
 0 66
 0 67
 0 68
 0 69
 0 70
 0 71
 0 72
 0 73
 0 74
 0 75
 0 76
 0 77
 0 78
 0 79
 0 80
 0 81
 0 82
 0 83
 0 84
 0 85
 0 86
 0 87
 0 88
 2 89
 6 90
 6 91
 22 92
 82 93
 244 94
 417 95
 554 96
 638 97
 814 98
 1141 99
 1336 100
 1400 101
 1479 102
 1472 103
 1484 104
 1570 105
 1443 106
 1455 107
 1425 108
 1280 109
 1252 110
 1142 111
 1080 112
 1021 113
 922 114
 865 115
 750 116
 648 117
 662 118
 537 119
 520 120
 438 121
 373 122
 383 123
 317 124
 296 125
 277 126
 248 127
 212 128
 200 129
 181 130
 189 131
 138 132
 132 133
 127 134
 135 135
 100 136
 85 137
 91 138
 92 139
 93 140
 64 141
 70 142
 72 143
 65 144
 63 145
 52 146
 51 147
 51 148
 34 149
 37 150
 36 151
 32 152
 34 153
 32 154
 17 155
 27 156
 25 157
 35 158
 21 159
 32 160
 30 161
 15 162
 27 163
 16 164
 10 165
 15 166
 14 167
 12 168
 14 169
 13 170
 6 171
 10 172
 12 173
 12 174
 11 175
 7 176
 3 177
 7 178
 9 179
 5 180
 2 181
 1 182
 2 183
 4 184
 2 185
 3 186
 5 187
 1 188
 3 189
 3 190
 0 191
 3 192
 3 193
 3 194
 2 195
 2 196
 1 197
 0 198
 1 199
 1 200
 0 201
 0 202
 0 203
 0 204
 0 205
 0 206
 1 207
 1 208
 1 209
 1 210
 0 211
 0 212
 0 213
 1 214
 2 215
 0 216
 1 217
 0 218
 0 219
 0 220
 0 221
 0 222
 1 223
 0 224
 1 225
 0 226
 0 227
 0 228
 0 229
 0 230
 0 231
 0 232
 0 233
 1 234
 0 235
 0 236
 0 237
 0 238
 0 239
 0 240
 0 241
 0 242
 0 243
 0 244
 0 245
 0 246
 0 247
 0 248
 0 249
 0 250
 0 251
 0 252
 0 253
 0 254
 0 255
 0 256
 0 257
 0 258
 0 259
 0 260
 0 261
 0 262
 0 263
 0 264
 0 265
 0 266
 0 267
 0 268
 0 269
 0 270
 0 271
 0 272
 0 273
 0 274
 0 275
 0 276
 0 277
 0 278
 0 279
 0 280
 0 281
 0 282
 0 283
 0 284
 0 285
 0 286
 0 287
 1 288
 0 289
 0 290
 0 291
 0 292
 0 293
 0 294
 1 295
 1 296
 0 297
 0 298
 1 299
 0 300
 3 301
 0 302
 0 303
 2 304
 0 305
 1 306
 0 307
 2 308
 0 309
 1 310
 2 311
 4 312
 2 313
 0 314
 2 315
 2 316
 0 317
 1 318
 3 319
 0 320
 1 321
 2 322
 2 323
 0 324
 1 325
 1 326
 2 327
 4 328
 4 329
 3 330
 1 331
 3 332
 2 333
 1 334
 1 335
 0 336
 1 337
 0 338
 1 339
 1 340
 1 341
 0 342
 1 343
 0 344
 2 345
 4 346
 0 347
 2 348
 0 349
 4 350
 1 351
 2 352
 0 353
 1 354
 0 355
 0 356
 1 357
 0 358
 0 359
 1 360
 0 361
 0 362
 1 363
 3 364
 0 365
 1 366
 1 367
 0 368
 1 369
 1 370
 2 371
 0 372
 1 373
 1 374
 0 375
 0 376
 2 377
 0 378
 1 379
 1 380
 0 381
 1 382
 0 383
 0 384
 0 385
 0 386
 1 387
 1 388
 1 389
 0 390
 0 391
 1 392
 1 393
 0 394
 0 395
 0 396
 1 397
 0 398
 1 399
 0 400
 0 401
 0 402
 0 403
 0 404
 0 405
 0 406
 0 407
 0 408
 0 409
 0 410
 0 411
 0 412
 0 413
 0 414
 0 415
 0 416
 0 417
 0 418
 1 419
 0 420
 0 421
 0 422
 0 423
 0 424
 0 425
 0 426
 0 427
 0 428
 0 429
 0 430
 0 431
 0 432
 0 433
 0 434
 0 435
 0 436
 0 437
 0 438
 0 439
 0 440
 0 441
 0 442
 0 443
 0 444
 0 445
 0 446
 0 447
 0 448
 0 449
 0 450
 0 451
 0 452
 0 453
 0 454
 0 455
 0 456
 0 457
 0 458
 0 459
 0 460
 0 461
 0 462
 0 463
 0 464
 0 465
 0 466
 0 467
 0 468
 0 469
 0 470
 0 471
 0 472
 0 473
 0 474
 0 475
 0 476
 0 477
 0 478
 0 479
 0 480
 0 481
 0 482
 0 483
 0 484
 0 485
 0 486
 0 487
 0 488
 0 489
 0 490
 0 491
 0 492
 0 493
 0 494
 0 495
 0 496
 0 497
 0 498
 0 499
 0 500
 0 501
 0 502
 0 503
 0 504
 0 505
 0 506
 0 507
 0 508
 0 509
 0 510
 0 511
 0 512
 0 513
 0 514
 0 515
 0 516
 0 517
 0 518
 0 519
 0 520
 0 521
 0 522
 0 523
 0 524
 0 525
 0 526
 0 527
 0 528
 0 529
 0 530
 0 531
 0 532
 0 533
 0 534
 0 535
 0 536
 0 537
 0 538
 0 539
 0 540
 0 541
 0 542
 0 543
 0 544
 0 545
 0 546
 0 547
 0 548
 0 549
 0 550
 0 551
 0 552
 0 553
 0 554
 0 555
 0 556
 0 557
 0 558
 0 559
 0 560
 0 561
 0 562
 0 563
 0 564
 0 565
 0 566
 0 567
 0 568
 0 569
 0 570
 0 571
 0 572
 0 573
 0 574
 0 575
 0 576
 0 577
 0 578
 0 579
 0 580
 0 581
 0 582
 0 583
 0 584
 0 585
 0 586
 0 587
 0 588
 0 589
 0 590
 0 591
 0 592
 0 593
 0 594
 0 595
 0 596
 0 597
 0 598
 0 599
 0 600


