# Created by Octave 3.8.2, Sat Jun 20 08:46:52 2020 CEST <damian@fptrucha.inv.usc.es>
# name: hd
# type: matrix
# rows: 551
# columns: 2
 0 50
 0 51
 0 52
 0 53
 0 54
 0 55
 0 56
 0 57
 0 58
 0 59
 0 60
 0 61
 0 62
 0 63
 0 64
 0 65
 0 66
 0 67
 0 68
 0 69
 0 70
 0 71
 0 72
 0 73
 0 74
 0 75
 0 76
 0 77
 0 78
 0 79
 0 80
 0 81
 0 82
 0 83
 0 84
 0 85
 0 86
 0 87
 0 88
 0 89
 6 90
 16 91
 58 92
 156 93
 319 94
 500 95
 606 96
 796 97
 1048 98
 1364 99
 1549 100
 1610 101
 1647 102
 1737 103
 1713 104
 1754 105
 1689 106
 1697 107
 1694 108
 1510 109
 1525 110
 1391 111
 1360 112
 1163 113
 1144 114
 1117 115
 963 116
 915 117
 833 118
 745 119
 721 120
 624 121
 590 122
 511 123
 471 124
 420 125
 351 126
 344 127
 304 128
 287 129
 238 130
 238 131
 204 132
 199 133
 182 134
 177 135
 144 136
 118 137
 132 138
 119 139
 113 140
 92 141
 77 142
 95 143
 81 144
 61 145
 71 146
 66 147
 49 148
 50 149
 44 150
 47 151
 38 152
 33 153
 30 154
 34 155
 35 156
 30 157
 40 158
 41 159
 21 160
 25 161
 16 162
 26 163
 21 164
 11 165
 20 166
 16 167
 9 168
 13 169
 12 170
 13 171
 19 172
 12 173
 14 174
 6 175
 9 176
 9 177
 9 178
 8 179
 5 180
 7 181
 6 182
 5 183
 6 184
 4 185
 5 186
 3 187
 2 188
 0 189
 2 190
 2 191
 2 192
 5 193
 3 194
 1 195
 1 196
 0 197
 3 198
 0 199
 0 200
 1 201
 0 202
 1 203
 0 204
 0 205
 3 206
 1 207
 1 208
 1 209
 0 210
 0 211
 0 212
 0 213
 2 214
 0 215
 0 216
 0 217
 0 218
 0 219
 0 220
 0 221
 0 222
 0 223
 1 224
 0 225
 0 226
 0 227
 0 228
 0 229
 0 230
 0 231
 0 232
 0 233
 0 234
 0 235
 0 236
 0 237
 0 238
 0 239
 0 240
 0 241
 0 242
 0 243
 0 244
 0 245
 0 246
 0 247
 0 248
 0 249
 0 250
 0 251
 0 252
 0 253
 1 254
 0 255
 0 256
 0 257
 0 258
 0 259
 0 260
 0 261
 0 262
 0 263
 0 264
 0 265
 0 266
 0 267
 0 268
 0 269
 0 270
 0 271
 0 272
 0 273
 0 274
 1 275
 0 276
 0 277
 0 278
 0 279
 1 280
 0 281
 0 282
 0 283
 0 284
 0 285
 0 286
 0 287
 0 288
 0 289
 0 290
 0 291
 1 292
 1 293
 0 294
 0 295
 0 296
 3 297
 0 298
 1 299
 1 300
 2 301
 2 302
 1 303
 1 304
 0 305
 0 306
 0 307
 0 308
 2 309
 2 310
 1 311
 3 312
 1 313
 0 314
 2 315
 1 316
 1 317
 1 318
 3 319
 1 320
 1 321
 2 322
 0 323
 1 324
 0 325
 3 326
 2 327
 1 328
 1 329
 0 330
 1 331
 0 332
 2 333
 0 334
 1 335
 3 336
 2 337
 0 338
 1 339
 0 340
 0 341
 3 342
 2 343
 0 344
 3 345
 5 346
 2 347
 1 348
 4 349
 2 350
 0 351
 1 352
 2 353
 3 354
 0 355
 2 356
 1 357
 0 358
 0 359
 1 360
 0 361
 1 362
 0 363
 1 364
 2 365
 1 366
 0 367
 1 368
 1 369
 2 370
 0 371
 0 372
 0 373
 0 374
 0 375
 2 376
 0 377
 0 378
 0 379
 0 380
 0 381
 2 382
 0 383
 0 384
 1 385
 1 386
 0 387
 2 388
 1 389
 0 390
 1 391
 0 392
 0 393
 0 394
 0 395
 0 396
 0 397
 0 398
 0 399
 0 400
 0 401
 0 402
 0 403
 0 404
 0 405
 2 406
 0 407
 0 408
 0 409
 0 410
 0 411
 2 412
 0 413
 0 414
 0 415
 0 416
 0 417
 0 418
 0 419
 0 420
 0 421
 0 422
 0 423
 1 424
 0 425
 0 426
 0 427
 0 428
 0 429
 0 430
 0 431
 0 432
 0 433
 0 434
 0 435
 0 436
 0 437
 0 438
 0 439
 0 440
 0 441
 0 442
 0 443
 0 444
 0 445
 0 446
 0 447
 0 448
 0 449
 0 450
 0 451
 0 452
 0 453
 0 454
 0 455
 0 456
 0 457
 0 458
 0 459
 0 460
 0 461
 0 462
 0 463
 0 464
 0 465
 0 466
 0 467
 0 468
 0 469
 0 470
 0 471
 0 472
 0 473
 0 474
 0 475
 0 476
 0 477
 0 478
 0 479
 0 480
 0 481
 0 482
 0 483
 0 484
 0 485
 0 486
 0 487
 0 488
 0 489
 0 490
 0 491
 0 492
 0 493
 0 494
 0 495
 0 496
 0 497
 0 498
 0 499
 0 500
 0 501
 0 502
 0 503
 0 504
 0 505
 0 506
 0 507
 0 508
 0 509
 0 510
 0 511
 0 512
 0 513
 0 514
 0 515
 0 516
 0 517
 0 518
 0 519
 0 520
 0 521
 0 522
 0 523
 0 524
 0 525
 0 526
 0 527
 0 528
 0 529
 0 530
 0 531
 0 532
 0 533
 0 534
 0 535
 0 536
 0 537
 0 538
 0 539
 0 540
 0 541
 0 542
 0 543
 0 544
 0 545
 0 546
 0 547
 0 548
 0 549
 0 550
 0 551
 0 552
 0 553
 0 554
 0 555
 0 556
 0 557
 0 558
 0 559
 0 560
 0 561
 0 562
 0 563
 0 564
 0 565
 0 566
 0 567
 0 568
 0 569
 0 570
 0 571
 0 572
 0 573
 0 574
 0 575
 0 576
 0 577
 0 578
 0 579
 0 580
 0 581
 0 582
 0 583
 0 584
 0 585
 0 586
 0 587
 0 588
 0 589
 0 590
 0 591
 0 592
 0 593
 0 594
 0 595
 0 596
 0 597
 0 598
 0 599
 0 600


