# Created by Octave 3.8.2, Mon Jun 22 15:37:57 2020 CEST <damian@fptrucha.inv.usc.es>
# name: hd
# type: matrix
# rows: 551
# columns: 2
 0 50
 0 51
 0 52
 0 53
 0 54
 0 55
 0 56
 0 57
 0 58
 0 59
 0 60
 0 61
 0 62
 0 63
 0 64
 0 65
 0 66
 0 67
 0 68
 0 69
 0 70
 0 71
 0 72
 0 73
 0 74
 0 75
 0 76
 0 77
 0 78
 0 79
 0 80
 0 81
 0 82
 0 83
 0 84
 0 85
 0 86
 0 87
 1 88
 0 89
 7 90
 7 91
 28 92
 93 93
 246 94
 395 95
 591 96
 698 97
 823 98
 1187 99
 1367 100
 1553 101
 1596 102
 1651 103
 1645 104
 1684 105
 1548 106
 1575 107
 1585 108
 1443 109
 1404 110
 1304 111
 1196 112
 1179 113
 997 114
 984 115
 911 116
 831 117
 742 118
 636 119
 590 120
 510 121
 494 122
 436 123
 366 124
 349 125
 336 126
 303 127
 264 128
 239 129
 232 130
 180 131
 155 132
 171 133
 129 134
 136 135
 121 136
 129 137
 95 138
 97 139
 88 140
 84 141
 86 142
 77 143
 69 144
 62 145
 71 146
 56 147
 54 148
 56 149
 49 150
 45 151
 35 152
 34 153
 28 154
 37 155
 29 156
 30 157
 31 158
 31 159
 23 160
 29 161
 24 162
 25 163
 22 164
 19 165
 22 166
 21 167
 9 168
 10 169
 15 170
 15 171
 19 172
 17 173
 8 174
 7 175
 16 176
 9 177
 8 178
 4 179
 9 180
 4 181
 4 182
 8 183
 5 184
 8 185
 3 186
 5 187
 3 188
 5 189
 4 190
 5 191
 5 192
 2 193
 3 194
 0 195
 5 196
 1 197
 1 198
 1 199
 1 200
 1 201
 0 202
 0 203
 0 204
 0 205
 2 206
 2 207
 0 208
 0 209
 0 210
 0 211
 1 212
 1 213
 1 214
 1 215
 1 216
 0 217
 0 218
 1 219
 0 220
 0 221
 0 222
 0 223
 1 224
 0 225
 0 226
 0 227
 0 228
 0 229
 0 230
 0 231
 0 232
 0 233
 0 234
 0 235
 0 236
 0 237
 0 238
 1 239
 0 240
 0 241
 0 242
 0 243
 0 244
 0 245
 0 246
 0 247
 0 248
 0 249
 0 250
 0 251
 0 252
 0 253
 0 254
 1 255
 0 256
 0 257
 0 258
 0 259
 0 260
 0 261
 0 262
 0 263
 0 264
 0 265
 0 266
 0 267
 0 268
 0 269
 0 270
 0 271
 0 272
 0 273
 0 274
 0 275
 0 276
 0 277
 0 278
 0 279
 0 280
 1 281
 0 282
 0 283
 0 284
 1 285
 0 286
 0 287
 0 288
 1 289
 0 290
 0 291
 0 292
 1 293
 0 294
 2 295
 1 296
 0 297
 0 298
 0 299
 0 300
 0 301
 1 302
 2 303
 1 304
 1 305
 0 306
 2 307
 0 308
 1 309
 2 310
 1 311
 3 312
 0 313
 1 314
 4 315
 2 316
 0 317
 1 318
 1 319
 2 320
 3 321
 2 322
 1 323
 0 324
 1 325
 1 326
 2 327
 2 328
 2 329
 1 330
 5 331
 1 332
 1 333
 2 334
 1 335
 0 336
 3 337
 1 338
 5 339
 1 340
 2 341
 3 342
 2 343
 0 344
 0 345
 2 346
 1 347
 1 348
 3 349
 1 350
 3 351
 2 352
 0 353
 1 354
 1 355
 0 356
 0 357
 0 358
 1 359
 2 360
 3 361
 0 362
 0 363
 1 364
 2 365
 1 366
 0 367
 2 368
 1 369
 1 370
 1 371
 0 372
 0 373
 1 374
 0 375
 2 376
 1 377
 1 378
 1 379
 0 380
 0 381
 0 382
 0 383
 0 384
 1 385
 0 386
 1 387
 1 388
 0 389
 0 390
 1 391
 0 392
 0 393
 0 394
 0 395
 0 396
 0 397
 0 398
 0 399
 0 400
 0 401
 0 402
 0 403
 0 404
 0 405
 0 406
 0 407
 1 408
 0 409
 0 410
 0 411
 1 412
 0 413
 0 414
 0 415
 0 416
 0 417
 0 418
 0 419
 0 420
 0 421
 0 422
 0 423
 0 424
 0 425
 0 426
 0 427
 0 428
 0 429
 0 430
 0 431
 0 432
 0 433
 0 434
 0 435
 0 436
 0 437
 0 438
 0 439
 0 440
 0 441
 0 442
 0 443
 0 444
 0 445
 0 446
 0 447
 0 448
 0 449
 0 450
 0 451
 0 452
 0 453
 0 454
 0 455
 0 456
 0 457
 0 458
 0 459
 0 460
 0 461
 0 462
 0 463
 0 464
 0 465
 0 466
 0 467
 0 468
 0 469
 0 470
 0 471
 0 472
 0 473
 0 474
 0 475
 0 476
 0 477
 0 478
 0 479
 0 480
 0 481
 0 482
 0 483
 0 484
 0 485
 0 486
 0 487
 0 488
 0 489
 0 490
 0 491
 0 492
 0 493
 0 494
 0 495
 0 496
 0 497
 0 498
 0 499
 0 500
 0 501
 0 502
 0 503
 0 504
 0 505
 0 506
 0 507
 0 508
 0 509
 0 510
 0 511
 0 512
 0 513
 0 514
 0 515
 0 516
 0 517
 0 518
 0 519
 0 520
 0 521
 0 522
 0 523
 0 524
 0 525
 0 526
 0 527
 0 528
 0 529
 0 530
 0 531
 0 532
 0 533
 0 534
 0 535
 0 536
 0 537
 0 538
 0 539
 0 540
 0 541
 0 542
 0 543
 0 544
 0 545
 0 546
 0 547
 0 548
 0 549
 0 550
 0 551
 0 552
 0 553
 0 554
 0 555
 0 556
 0 557
 0 558
 0 559
 0 560
 0 561
 0 562
 0 563
 0 564
 0 565
 0 566
 0 567
 0 568
 0 569
 0 570
 0 571
 0 572
 0 573
 0 574
 0 575
 0 576
 0 577
 0 578
 0 579
 0 580
 0 581
 0 582
 0 583
 0 584
 0 585
 0 586
 0 587
 0 588
 0 589
 0 590
 0 591
 0 592
 0 593
 0 594
 0 595
 0 596
 0 597
 0 598
 0 599
 0 600


