# Created by Octave 3.8.2, Mon Jun 22 16:56:24 2020 CEST <damian@fptrucha.inv.usc.es>
# name: hd
# type: matrix
# rows: 551
# columns: 2
 0 50
 0 51
 0 52
 0 53
 0 54
 0 55
 0 56
 0 57
 0 58
 0 59
 0 60
 0 61
 0 62
 0 63
 0 64
 0 65
 0 66
 0 67
 0 68
 0 69
 0 70
 0 71
 0 72
 0 73
 0 74
 0 75
 0 76
 0 77
 0 78
 0 79
 0 80
 0 81
 0 82
 0 83
 0 84
 0 85
 0 86
 0 87
 1 88
 1 89
 6 90
 9 91
 29 92
 104 93
 218 94
 452 95
 598 96
 687 97
 836 98
 1238 99
 1489 100
 1603 101
 1560 102
 1682 103
 1724 104
 1689 105
 1611 106
 1714 107
 1628 108
 1465 109
 1417 110
 1254 111
 1210 112
 1148 113
 1009 114
 971 115
 798 116
 784 117
 698 118
 594 119
 579 120
 546 121
 466 122
 384 123
 390 124
 354 125
 315 126
 279 127
 233 128
 217 129
 207 130
 186 131
 173 132
 148 133
 133 134
 107 135
 130 136
 123 137
 107 138
 96 139
 96 140
 92 141
 71 142
 79 143
 51 144
 62 145
 54 146
 56 147
 54 148
 44 149
 46 150
 35 151
 32 152
 38 153
 39 154
 34 155
 27 156
 29 157
 25 158
 24 159
 28 160
 27 161
 22 162
 27 163
 9 164
 13 165
 16 166
 13 167
 12 168
 14 169
 4 170
 9 171
 8 172
 14 173
 12 174
 6 175
 10 176
 4 177
 3 178
 3 179
 6 180
 3 181
 2 182
 9 183
 5 184
 4 185
 6 186
 2 187
 4 188
 4 189
 2 190
 3 191
 2 192
 3 193
 1 194
 5 195
 2 196
 1 197
 0 198
 0 199
 3 200
 2 201
 3 202
 3 203
 0 204
 1 205
 1 206
 2 207
 0 208
 2 209
 0 210
 0 211
 1 212
 1 213
 2 214
 0 215
 0 216
 0 217
 0 218
 0 219
 0 220
 0 221
 0 222
 1 223
 0 224
 0 225
 0 226
 0 227
 0 228
 0 229
 0 230
 0 231
 0 232
 0 233
 0 234
 0 235
 0 236
 0 237
 1 238
 0 239
 0 240
 0 241
 0 242
 0 243
 0 244
 0 245
 0 246
 0 247
 0 248
 0 249
 0 250
 0 251
 0 252
 0 253
 0 254
 0 255
 0 256
 0 257
 0 258
 0 259
 0 260
 0 261
 0 262
 0 263
 0 264
 0 265
 0 266
 0 267
 0 268
 0 269
 0 270
 0 271
 0 272
 0 273
 0 274
 1 275
 0 276
 0 277
 0 278
 0 279
 0 280
 0 281
 1 282
 0 283
 0 284
 0 285
 1 286
 0 287
 0 288
 1 289
 3 290
 1 291
 0 292
 0 293
 0 294
 0 295
 2 296
 2 297
 0 298
 0 299
 0 300
 1 301
 2 302
 0 303
 1 304
 1 305
 0 306
 2 307
 1 308
 1 309
 0 310
 2 311
 0 312
 1 313
 0 314
 3 315
 0 316
 1 317
 1 318
 2 319
 0 320
 2 321
 0 322
 1 323
 0 324
 1 325
 1 326
 1 327
 0 328
 2 329
 0 330
 0 331
 2 332
 1 333
 3 334
 4 335
 1 336
 4 337
 2 338
 0 339
 3 340
 0 341
 0 342
 3 343
 1 344
 1 345
 1 346
 0 347
 2 348
 4 349
 2 350
 0 351
 2 352
 0 353
 0 354
 1 355
 3 356
 2 357
 3 358
 0 359
 1 360
 1 361
 0 362
 1 363
 4 364
 1 365
 0 366
 2 367
 0 368
 0 369
 1 370
 1 371
 1 372
 0 373
 0 374
 1 375
 0 376
 1 377
 0 378
 0 379
 0 380
 0 381
 0 382
 0 383
 0 384
 0 385
 0 386
 1 387
 1 388
 0 389
 0 390
 0 391
 1 392
 0 393
 0 394
 0 395
 0 396
 0 397
 0 398
 0 399
 0 400
 1 401
 0 402
 1 403
 0 404
 0 405
 0 406
 0 407
 0 408
 0 409
 0 410
 0 411
 0 412
 1 413
 0 414
 0 415
 0 416
 0 417
 1 418
 0 419
 0 420
 0 421
 0 422
 0 423
 0 424
 0 425
 0 426
 0 427
 0 428
 0 429
 0 430
 0 431
 0 432
 0 433
 0 434
 0 435
 0 436
 0 437
 0 438
 0 439
 0 440
 0 441
 0 442
 0 443
 0 444
 0 445
 0 446
 0 447
 0 448
 0 449
 0 450
 0 451
 0 452
 0 453
 0 454
 0 455
 0 456
 0 457
 0 458
 0 459
 0 460
 0 461
 0 462
 0 463
 0 464
 0 465
 0 466
 0 467
 0 468
 0 469
 0 470
 0 471
 0 472
 0 473
 0 474
 0 475
 0 476
 0 477
 0 478
 0 479
 0 480
 0 481
 0 482
 0 483
 0 484
 0 485
 0 486
 0 487
 0 488
 0 489
 0 490
 0 491
 0 492
 0 493
 0 494
 0 495
 0 496
 0 497
 0 498
 0 499
 0 500
 0 501
 0 502
 0 503
 0 504
 0 505
 0 506
 0 507
 0 508
 0 509
 0 510
 0 511
 0 512
 0 513
 0 514
 0 515
 0 516
 0 517
 0 518
 0 519
 0 520
 0 521
 0 522
 0 523
 0 524
 0 525
 0 526
 0 527
 0 528
 0 529
 0 530
 0 531
 0 532
 0 533
 0 534
 0 535
 0 536
 0 537
 0 538
 0 539
 0 540
 0 541
 0 542
 0 543
 0 544
 0 545
 0 546
 0 547
 0 548
 0 549
 0 550
 0 551
 0 552
 0 553
 0 554
 0 555
 0 556
 0 557
 0 558
 0 559
 0 560
 0 561
 0 562
 0 563
 0 564
 0 565
 0 566
 0 567
 0 568
 0 569
 0 570
 0 571
 0 572
 0 573
 0 574
 0 575
 0 576
 0 577
 0 578
 0 579
 0 580
 0 581
 0 582
 0 583
 0 584
 0 585
 0 586
 0 587
 0 588
 0 589
 0 590
 0 591
 0 592
 0 593
 0 594
 0 595
 0 596
 0 597
 0 598
 0 599
 0 600


