# Created by Octave 3.8.2, Mon Jun 22 15:46:23 2020 CEST <damian@fptrucha.inv.usc.es>
# name: hd
# type: matrix
# rows: 551
# columns: 2
 0 50
 0 51
 0 52
 0 53
 0 54
 0 55
 0 56
 0 57
 0 58
 0 59
 0 60
 0 61
 0 62
 0 63
 0 64
 0 65
 0 66
 0 67
 0 68
 0 69
 0 70
 0 71
 0 72
 0 73
 0 74
 0 75
 0 76
 0 77
 0 78
 0 79
 0 80
 0 81
 0 82
 0 83
 0 84
 0 85
 0 86
 0 87
 0 88
 0 89
 11 90
 9 91
 31 92
 105 93
 250 94
 463 95
 582 96
 676 97
 924 98
 1248 99
 1590 100
 1670 101
 1662 102
 1821 103
 1700 104
 1764 105
 1602 106
 1624 107
 1534 108
 1435 109
 1404 110
 1289 111
 1168 112
 1182 113
 1020 114
 874 115
 843 116
 763 117
 695 118
 632 119
 573 120
 496 121
 451 122
 352 123
 336 124
 332 125
 286 126
 239 127
 216 128
 206 129
 192 130
 160 131
 167 132
 135 133
 133 134
 107 135
 121 136
 99 137
 114 138
 61 139
 83 140
 75 141
 69 142
 62 143
 57 144
 52 145
 57 146
 47 147
 45 148
 44 149
 43 150
 41 151
 30 152
 34 153
 29 154
 24 155
 23 156
 29 157
 23 158
 33 159
 19 160
 23 161
 27 162
 23 163
 12 164
 22 165
 12 166
 9 167
 10 168
 10 169
 8 170
 6 171
 10 172
 10 173
 10 174
 8 175
 9 176
 5 177
 4 178
 4 179
 2 180
 8 181
 3 182
 5 183
 3 184
 4 185
 4 186
 1 187
 3 188
 1 189
 0 190
 0 191
 3 192
 2 193
 2 194
 2 195
 3 196
 0 197
 0 198
 1 199
 1 200
 1 201
 0 202
 0 203
 2 204
 2 205
 1 206
 2 207
 1 208
 0 209
 0 210
 1 211
 0 212
 0 213
 0 214
 0 215
 0 216
 0 217
 0 218
 0 219
 0 220
 0 221
 0 222
 0 223
 0 224
 0 225
 0 226
 0 227
 0 228
 0 229
 0 230
 0 231
 0 232
 0 233
 0 234
 0 235
 0 236
 0 237
 0 238
 1 239
 0 240
 0 241
 0 242
 0 243
 0 244
 0 245
 0 246
 0 247
 0 248
 0 249
 0 250
 0 251
 0 252
 0 253
 0 254
 0 255
 0 256
 0 257
 0 258
 0 259
 0 260
 0 261
 0 262
 0 263
 0 264
 0 265
 0 266
 0 267
 0 268
 0 269
 0 270
 0 271
 0 272
 0 273
 0 274
 0 275
 0 276
 0 277
 0 278
 0 279
 0 280
 0 281
 0 282
 0 283
 0 284
 0 285
 0 286
 0 287
 2 288
 0 289
 0 290
 1 291
 0 292
 1 293
 0 294
 0 295
 0 296
 1 297
 0 298
 1 299
 0 300
 0 301
 0 302
 1 303
 2 304
 1 305
 1 306
 3 307
 0 308
 0 309
 1 310
 2 311
 0 312
 1 313
 2 314
 0 315
 2 316
 2 317
 1 318
 0 319
 2 320
 1 321
 1 322
 0 323
 2 324
 1 325
 0 326
 1 327
 0 328
 1 329
 0 330
 3 331
 0 332
 4 333
 4 334
 1 335
 1 336
 0 337
 1 338
 2 339
 1 340
 1 341
 0 342
 1 343
 3 344
 0 345
 1 346
 4 347
 0 348
 3 349
 1 350
 2 351
 0 352
 0 353
 1 354
 3 355
 0 356
 0 357
 1 358
 3 359
 3 360
 0 361
 1 362
 1 363
 1 364
 0 365
 1 366
 0 367
 0 368
 1 369
 2 370
 0 371
 0 372
 0 373
 0 374
 1 375
 0 376
 0 377
 0 378
 0 379
 0 380
 0 381
 1 382
 3 383
 0 384
 1 385
 0 386
 0 387
 0 388
 0 389
 1 390
 0 391
 0 392
 0 393
 1 394
 0 395
 0 396
 0 397
 0 398
 0 399
 0 400
 2 401
 1 402
 0 403
 0 404
 0 405
 0 406
 0 407
 0 408
 0 409
 0 410
 0 411
 1 412
 1 413
 0 414
 0 415
 0 416
 0 417
 0 418
 0 419
 0 420
 0 421
 0 422
 0 423
 0 424
 0 425
 0 426
 0 427
 0 428
 0 429
 0 430
 0 431
 0 432
 0 433
 0 434
 0 435
 0 436
 0 437
 0 438
 0 439
 0 440
 0 441
 0 442
 0 443
 0 444
 0 445
 0 446
 0 447
 0 448
 0 449
 0 450
 0 451
 0 452
 0 453
 0 454
 0 455
 0 456
 0 457
 0 458
 0 459
 0 460
 0 461
 0 462
 0 463
 0 464
 0 465
 0 466
 0 467
 0 468
 0 469
 0 470
 0 471
 0 472
 0 473
 0 474
 0 475
 0 476
 0 477
 0 478
 0 479
 0 480
 0 481
 0 482
 0 483
 0 484
 0 485
 0 486
 0 487
 0 488
 0 489
 0 490
 0 491
 0 492
 0 493
 0 494
 0 495
 0 496
 0 497
 0 498
 0 499
 0 500
 0 501
 0 502
 0 503
 0 504
 0 505
 0 506
 0 507
 0 508
 0 509
 0 510
 0 511
 0 512
 0 513
 0 514
 0 515
 0 516
 0 517
 0 518
 0 519
 0 520
 0 521
 0 522
 0 523
 0 524
 0 525
 0 526
 0 527
 0 528
 0 529
 0 530
 0 531
 0 532
 0 533
 0 534
 0 535
 0 536
 0 537
 0 538
 0 539
 0 540
 0 541
 0 542
 0 543
 0 544
 0 545
 0 546
 0 547
 0 548
 0 549
 0 550
 0 551
 0 552
 0 553
 0 554
 0 555
 0 556
 0 557
 0 558
 0 559
 0 560
 0 561
 0 562
 0 563
 0 564
 0 565
 0 566
 0 567
 0 568
 0 569
 0 570
 0 571
 0 572
 0 573
 0 574
 0 575
 0 576
 0 577
 0 578
 0 579
 0 580
 0 581
 0 582
 0 583
 0 584
 0 585
 0 586
 0 587
 0 588
 0 589
 0 590
 0 591
 0 592
 0 593
 0 594
 0 595
 0 596
 0 597
 0 598
 0 599
 0 600


