# Created by Octave 3.8.2, Sat Jun 20 16:57:03 2020 CEST <damian@fptrucha.inv.usc.es>
# name: hd
# type: matrix
# rows: 551
# columns: 2
 0 50
 0 51
 0 52
 0 53
 0 54
 0 55
 0 56
 0 57
 0 58
 0 59
 0 60
 0 61
 0 62
 0 63
 0 64
 0 65
 0 66
 0 67
 0 68
 0 69
 0 70
 0 71
 0 72
 0 73
 0 74
 0 75
 0 76
 0 77
 0 78
 0 79
 0 80
 0 81
 0 82
 0 83
 0 84
 0 85
 0 86
 0 87
 1 88
 2 89
 7 90
 20 91
 48 92
 124 93
 251 94
 366 95
 493 96
 606 97
 777 98
 922 99
 1103 100
 1212 101
 1256 102
 1331 103
 1324 104
 1382 105
 1438 106
 1423 107
 1371 108
 1330 109
 1305 110
 1293 111
 1137 112
 1103 113
 1159 114
 981 115
 948 116
 896 117
 789 118
 692 119
 713 120
 655 121
 605 122
 543 123
 497 124
 485 125
 385 126
 353 127
 375 128
 316 129
 310 130
 239 131
 220 132
 246 133
 212 134
 177 135
 162 136
 138 137
 127 138
 121 139
 101 140
 125 141
 105 142
 104 143
 93 144
 70 145
 75 146
 53 147
 55 148
 54 149
 56 150
 46 151
 48 152
 28 153
 39 154
 41 155
 32 156
 32 157
 30 158
 27 159
 38 160
 32 161
 26 162
 31 163
 24 164
 21 165
 15 166
 14 167
 20 168
 17 169
 10 170
 10 171
 5 172
 9 173
 10 174
 8 175
 5 176
 3 177
 8 178
 6 179
 4 180
 9 181
 5 182
 3 183
 0 184
 2 185
 6 186
 8 187
 4 188
 2 189
 5 190
 3 191
 4 192
 2 193
 2 194
 4 195
 2 196
 3 197
 2 198
 0 199
 2 200
 1 201
 1 202
 2 203
 2 204
 0 205
 0 206
 1 207
 0 208
 2 209
 1 210
 1 211
 1 212
 1 213
 0 214
 1 215
 1 216
 0 217
 0 218
 0 219
 0 220
 0 221
 1 222
 0 223
 0 224
 0 225
 0 226
 1 227
 0 228
 1 229
 0 230
 0 231
 0 232
 0 233
 1 234
 0 235
 1 236
 0 237
 1 238
 0 239
 1 240
 0 241
 0 242
 0 243
 0 244
 0 245
 0 246
 0 247
 0 248
 0 249
 0 250
 0 251
 0 252
 1 253
 0 254
 0 255
 0 256
 0 257
 0 258
 0 259
 0 260
 0 261
 0 262
 0 263
 0 264
 0 265
 0 266
 0 267
 0 268
 0 269
 0 270
 0 271
 0 272
 0 273
 0 274
 0 275
 0 276
 0 277
 0 278
 0 279
 0 280
 0 281
 0 282
 0 283
 0 284
 0 285
 1 286
 1 287
 0 288
 0 289
 0 290
 0 291
 0 292
 0 293
 1 294
 0 295
 0 296
 0 297
 0 298
 1 299
 1 300
 0 301
 0 302
 0 303
 2 304
 1 305
 2 306
 0 307
 0 308
 0 309
 0 310
 2 311
 1 312
 1 313
 1 314
 0 315
 3 316
 3 317
 0 318
 1 319
 0 320
 1 321
 2 322
 0 323
 3 324
 2 325
 3 326
 2 327
 1 328
 2 329
 1 330
 4 331
 3 332
 1 333
 1 334
 1 335
 2 336
 2 337
 1 338
 2 339
 1 340
 5 341
 0 342
 4 343
 0 344
 3 345
 1 346
 1 347
 1 348
 1 349
 0 350
 0 351
 3 352
 0 353
 2 354
 2 355
 1 356
 0 357
 0 358
 1 359
 2 360
 2 361
 1 362
 1 363
 0 364
 0 365
 1 366
 1 367
 1 368
 0 369
 2 370
 0 371
 1 372
 0 373
 0 374
 1 375
 2 376
 1 377
 1 378
 0 379
 1 380
 0 381
 0 382
 1 383
 0 384
 0 385
 0 386
 1 387
 0 388
 0 389
 0 390
 2 391
 0 392
 0 393
 1 394
 0 395
 0 396
 0 397
 0 398
 0 399
 0 400
 0 401
 0 402
 0 403
 0 404
 0 405
 0 406
 0 407
 0 408
 0 409
 0 410
 0 411
 0 412
 0 413
 0 414
 0 415
 0 416
 0 417
 0 418
 0 419
 0 420
 0 421
 0 422
 0 423
 0 424
 0 425
 0 426
 0 427
 0 428
 0 429
 0 430
 0 431
 0 432
 0 433
 0 434
 0 435
 1 436
 0 437
 0 438
 0 439
 0 440
 0 441
 0 442
 0 443
 0 444
 0 445
 0 446
 0 447
 0 448
 0 449
 0 450
 0 451
 0 452
 0 453
 0 454
 0 455
 0 456
 0 457
 0 458
 0 459
 0 460
 0 461
 0 462
 0 463
 0 464
 0 465
 0 466
 0 467
 0 468
 0 469
 0 470
 0 471
 0 472
 0 473
 0 474
 0 475
 0 476
 0 477
 0 478
 0 479
 0 480
 0 481
 0 482
 0 483
 0 484
 0 485
 0 486
 0 487
 0 488
 0 489
 0 490
 0 491
 0 492
 0 493
 0 494
 0 495
 0 496
 0 497
 0 498
 0 499
 0 500
 0 501
 0 502
 0 503
 0 504
 0 505
 0 506
 0 507
 0 508
 0 509
 0 510
 0 511
 0 512
 0 513
 0 514
 0 515
 0 516
 0 517
 0 518
 0 519
 0 520
 0 521
 0 522
 0 523
 0 524
 0 525
 0 526
 0 527
 0 528
 0 529
 0 530
 0 531
 0 532
 0 533
 0 534
 0 535
 0 536
 0 537
 0 538
 0 539
 0 540
 0 541
 0 542
 0 543
 0 544
 0 545
 0 546
 0 547
 0 548
 0 549
 0 550
 0 551
 0 552
 0 553
 0 554
 0 555
 0 556
 0 557
 0 558
 0 559
 0 560
 0 561
 0 562
 0 563
 0 564
 0 565
 0 566
 0 567
 0 568
 0 569
 0 570
 0 571
 0 572
 0 573
 0 574
 0 575
 0 576
 0 577
 0 578
 0 579
 0 580
 0 581
 0 582
 0 583
 0 584
 0 585
 0 586
 0 587
 0 588
 0 589
 0 590
 0 591
 0 592
 0 593
 0 594
 0 595
 0 596
 0 597
 0 598
 0 599
 0 600


