# Created by Octave 3.8.2, Mon Jun 22 22:22:22 2020 CEST <damian@fptrucha.inv.usc.es>
# name: hd
# type: matrix
# rows: 551
# columns: 2
 0 50
 0 51
 0 52
 0 53
 0 54
 0 55
 0 56
 0 57
 0 58
 0 59
 0 60
 0 61
 0 62
 0 63
 0 64
 0 65
 0 66
 0 67
 0 68
 0 69
 0 70
 0 71
 0 72
 0 73
 0 74
 0 75
 0 76
 0 77
 0 78
 0 79
 0 80
 0 81
 0 82
 0 83
 0 84
 0 85
 0 86
 0 87
 0 88
 0 89
 7 90
 7 91
 35 92
 82 93
 186 94
 295 95
 415 96
 487 97
 599 98
 864 99
 1054 100
 1065 101
 1109 102
 1094 103
 1152 104
 1111 105
 1093 106
 1061 107
 1022 108
 989 109
 983 110
 926 111
 768 112
 729 113
 663 114
 658 115
 589 116
 520 117
 445 118
 430 119
 405 120
 345 121
 311 122
 301 123
 239 124
 228 125
 244 126
 180 127
 163 128
 168 129
 156 130
 129 131
 112 132
 87 133
 89 134
 79 135
 67 136
 68 137
 57 138
 72 139
 60 140
 55 141
 48 142
 32 143
 39 144
 57 145
 32 146
 48 147
 26 148
 25 149
 36 150
 23 151
 24 152
 22 153
 20 154
 15 155
 18 156
 18 157
 14 158
 13 159
 15 160
 12 161
 11 162
 11 163
 9 164
 7 165
 14 166
 12 167
 9 168
 13 169
 6 170
 8 171
 5 172
 5 173
 1 174
 3 175
 7 176
 5 177
 7 178
 4 179
 5 180
 2 181
 3 182
 4 183
 2 184
 1 185
 3 186
 1 187
 3 188
 3 189
 1 190
 1 191
 1 192
 1 193
 3 194
 0 195
 1 196
 0 197
 0 198
 0 199
 2 200
 0 201
 1 202
 1 203
 0 204
 0 205
 0 206
 0 207
 1 208
 1 209
 0 210
 0 211
 0 212
 0 213
 0 214
 0 215
 0 216
 0 217
 1 218
 0 219
 0 220
 0 221
 0 222
 0 223
 0 224
 0 225
 0 226
 0 227
 0 228
 0 229
 0 230
 0 231
 0 232
 0 233
 0 234
 0 235
 1 236
 0 237
 0 238
 0 239
 0 240
 0 241
 0 242
 0 243
 0 244
 0 245
 0 246
 0 247
 0 248
 0 249
 0 250
 0 251
 0 252
 0 253
 0 254
 0 255
 0 256
 0 257
 0 258
 0 259
 0 260
 0 261
 0 262
 0 263
 0 264
 0 265
 0 266
 0 267
 0 268
 0 269
 0 270
 0 271
 0 272
 0 273
 0 274
 0 275
 0 276
 0 277
 0 278
 0 279
 0 280
 0 281
 0 282
 0 283
 0 284
 0 285
 0 286
 0 287
 0 288
 0 289
 0 290
 0 291
 0 292
 0 293
 0 294
 0 295
 0 296
 1 297
 0 298
 1 299
 1 300
 1 301
 0 302
 0 303
 0 304
 0 305
 0 306
 1 307
 1 308
 0 309
 1 310
 1 311
 0 312
 1 313
 1 314
 0 315
 2 316
 1 317
 2 318
 1 319
 0 320
 0 321
 1 322
 0 323
 1 324
 0 325
 2 326
 2 327
 0 328
 0 329
 2 330
 1 331
 1 332
 0 333
 0 334
 1 335
 0 336
 1 337
 1 338
 2 339
 1 340
 0 341
 1 342
 3 343
 0 344
 2 345
 0 346
 0 347
 0 348
 1 349
 1 350
 0 351
 3 352
 0 353
 1 354
 1 355
 2 356
 0 357
 1 358
 0 359
 2 360
 1 361
 0 362
 0 363
 0 364
 3 365
 1 366
 1 367
 1 368
 0 369
 0 370
 0 371
 1 372
 0 373
 1 374
 2 375
 1 376
 0 377
 1 378
 0 379
 0 380
 1 381
 2 382
 1 383
 0 384
 0 385
 0 386
 0 387
 0 388
 0 389
 0 390
 0 391
 1 392
 0 393
 0 394
 0 395
 0 396
 1 397
 0 398
 0 399
 0 400
 0 401
 0 402
 0 403
 0 404
 0 405
 0 406
 0 407
 0 408
 0 409
 0 410
 0 411
 0 412
 0 413
 0 414
 0 415
 0 416
 0 417
 0 418
 0 419
 0 420
 0 421
 0 422
 1 423
 0 424
 0 425
 0 426
 0 427
 0 428
 0 429
 0 430
 0 431
 0 432
 0 433
 0 434
 0 435
 0 436
 0 437
 0 438
 0 439
 0 440
 0 441
 0 442
 0 443
 0 444
 0 445
 0 446
 0 447
 0 448
 0 449
 0 450
 0 451
 0 452
 0 453
 0 454
 0 455
 0 456
 0 457
 0 458
 0 459
 0 460
 0 461
 0 462
 0 463
 0 464
 0 465
 0 466
 0 467
 0 468
 0 469
 0 470
 0 471
 0 472
 0 473
 0 474
 0 475
 0 476
 0 477
 0 478
 0 479
 0 480
 0 481
 0 482
 0 483
 0 484
 0 485
 0 486
 0 487
 0 488
 0 489
 0 490
 0 491
 0 492
 0 493
 0 494
 0 495
 0 496
 0 497
 0 498
 0 499
 0 500
 0 501
 0 502
 0 503
 0 504
 0 505
 0 506
 0 507
 0 508
 0 509
 0 510
 0 511
 0 512
 0 513
 0 514
 0 515
 0 516
 0 517
 0 518
 0 519
 0 520
 0 521
 0 522
 0 523
 0 524
 0 525
 0 526
 0 527
 0 528
 0 529
 0 530
 0 531
 0 532
 0 533
 0 534
 0 535
 0 536
 0 537
 0 538
 0 539
 0 540
 0 541
 0 542
 0 543
 0 544
 0 545
 0 546
 0 547
 0 548
 0 549
 0 550
 0 551
 0 552
 0 553
 0 554
 0 555
 0 556
 0 557
 0 558
 0 559
 0 560
 0 561
 0 562
 0 563
 0 564
 0 565
 0 566
 0 567
 0 568
 0 569
 0 570
 0 571
 0 572
 0 573
 0 574
 0 575
 0 576
 0 577
 0 578
 0 579
 0 580
 0 581
 0 582
 0 583
 0 584
 0 585
 0 586
 0 587
 0 588
 0 589
 0 590
 0 591
 0 592
 0 593
 0 594
 0 595
 0 596
 0 597
 0 598
 0 599
 0 600


