# Created by Octave 3.8.2, Mon Jun 22 10:05:56 2020 CEST <damian@fptrucha.inv.usc.es>
# name: hd
# type: matrix
# rows: 551
# columns: 2
 0 50
 0 51
 0 52
 0 53
 0 54
 0 55
 0 56
 0 57
 0 58
 0 59
 0 60
 0 61
 0 62
 0 63
 0 64
 0 65
 0 66
 0 67
 0 68
 0 69
 0 70
 0 71
 0 72
 0 73
 0 74
 0 75
 0 76
 0 77
 0 78
 0 79
 0 80
 0 81
 0 82
 0 83
 0 84
 0 85
 0 86
 0 87
 0 88
 0 89
 6 90
 12 91
 24 92
 73 93
 174 94
 372 95
 523 96
 614 97
 766 98
 1048 99
 1387 100
 1441 101
 1455 102
 1506 103
 1558 104
 1463 105
 1465 106
 1450 107
 1476 108
 1391 109
 1377 110
 1208 111
 1168 112
 1095 113
 1014 114
 925 115
 883 116
 860 117
 717 118
 659 119
 613 120
 554 121
 472 122
 413 123
 378 124
 358 125
 342 126
 282 127
 276 128
 231 129
 215 130
 192 131
 156 132
 159 133
 154 134
 155 135
 131 136
 95 137
 109 138
 83 139
 85 140
 76 141
 85 142
 74 143
 60 144
 73 145
 74 146
 54 147
 50 148
 43 149
 51 150
 48 151
 43 152
 35 153
 32 154
 37 155
 30 156
 40 157
 18 158
 27 159
 16 160
 16 161
 27 162
 21 163
 14 164
 14 165
 16 166
 13 167
 16 168
 11 169
 11 170
 6 171
 7 172
 10 173
 8 174
 11 175
 3 176
 6 177
 10 178
 7 179
 5 180
 3 181
 5 182
 7 183
 4 184
 3 185
 8 186
 6 187
 2 188
 4 189
 3 190
 5 191
 5 192
 3 193
 2 194
 2 195
 6 196
 0 197
 1 198
 3 199
 0 200
 2 201
 0 202
 1 203
 1 204
 1 205
 2 206
 1 207
 1 208
 2 209
 0 210
 0 211
 1 212
 0 213
 0 214
 1 215
 0 216
 1 217
 0 218
 0 219
 0 220
 0 221
 1 222
 2 223
 0 224
 0 225
 1 226
 0 227
 0 228
 0 229
 0 230
 0 231
 1 232
 0 233
 0 234
 0 235
 1 236
 0 237
 0 238
 0 239
 0 240
 0 241
 0 242
 0 243
 0 244
 0 245
 0 246
 0 247
 0 248
 0 249
 0 250
 0 251
 0 252
 0 253
 0 254
 0 255
 0 256
 0 257
 0 258
 0 259
 0 260
 0 261
 0 262
 0 263
 0 264
 0 265
 0 266
 0 267
 0 268
 0 269
 0 270
 0 271
 0 272
 0 273
 0 274
 0 275
 0 276
 0 277
 0 278
 0 279
 0 280
 0 281
 0 282
 0 283
 0 284
 0 285
 0 286
 0 287
 0 288
 0 289
 0 290
 0 291
 0 292
 0 293
 1 294
 0 295
 1 296
 1 297
 2 298
 1 299
 1 300
 0 301
 0 302
 1 303
 2 304
 0 305
 3 306
 0 307
 0 308
 1 309
 1 310
 1 311
 2 312
 1 313
 3 314
 2 315
 0 316
 0 317
 5 318
 3 319
 1 320
 3 321
 0 322
 0 323
 1 324
 1 325
 0 326
 4 327
 0 328
 1 329
 2 330
 0 331
 0 332
 2 333
 3 334
 1 335
 1 336
 1 337
 1 338
 0 339
 1 340
 2 341
 3 342
 2 343
 2 344
 1 345
 1 346
 3 347
 2 348
 2 349
 0 350
 0 351
 1 352
 0 353
 2 354
 1 355
 0 356
 2 357
 0 358
 2 359
 1 360
 1 361
 1 362
 0 363
 1 364
 0 365
 0 366
 2 367
 0 368
 0 369
 1 370
 1 371
 1 372
 3 373
 2 374
 0 375
 0 376
 1 377
 0 378
 0 379
 1 380
 0 381
 0 382
 0 383
 1 384
 2 385
 1 386
 1 387
 4 388
 0 389
 1 390
 0 391
 0 392
 2 393
 1 394
 0 395
 0 396
 0 397
 0 398
 0 399
 0 400
 0 401
 0 402
 1 403
 0 404
 0 405
 0 406
 0 407
 0 408
 0 409
 0 410
 0 411
 0 412
 1 413
 0 414
 0 415
 0 416
 0 417
 0 418
 0 419
 0 420
 0 421
 0 422
 0 423
 0 424
 0 425
 0 426
 0 427
 0 428
 0 429
 0 430
 0 431
 0 432
 0 433
 0 434
 0 435
 0 436
 0 437
 0 438
 0 439
 0 440
 0 441
 0 442
 0 443
 0 444
 0 445
 0 446
 0 447
 0 448
 0 449
 0 450
 0 451
 0 452
 0 453
 0 454
 0 455
 0 456
 0 457
 0 458
 0 459
 0 460
 0 461
 0 462
 0 463
 0 464
 0 465
 0 466
 0 467
 0 468
 0 469
 0 470
 0 471
 0 472
 0 473
 0 474
 0 475
 0 476
 0 477
 0 478
 0 479
 0 480
 0 481
 0 482
 0 483
 0 484
 0 485
 0 486
 0 487
 0 488
 0 489
 0 490
 0 491
 0 492
 0 493
 0 494
 0 495
 0 496
 0 497
 0 498
 0 499
 0 500
 0 501
 0 502
 0 503
 0 504
 0 505
 0 506
 0 507
 0 508
 0 509
 0 510
 0 511
 0 512
 0 513
 0 514
 0 515
 0 516
 0 517
 0 518
 0 519
 0 520
 0 521
 0 522
 0 523
 0 524
 0 525
 0 526
 0 527
 0 528
 0 529
 0 530
 0 531
 0 532
 0 533
 0 534
 0 535
 0 536
 0 537
 0 538
 0 539
 0 540
 0 541
 0 542
 0 543
 0 544
 0 545
 0 546
 0 547
 0 548
 0 549
 0 550
 0 551
 0 552
 0 553
 0 554
 0 555
 0 556
 0 557
 0 558
 0 559
 0 560
 0 561
 0 562
 0 563
 0 564
 0 565
 0 566
 0 567
 0 568
 0 569
 0 570
 0 571
 0 572
 0 573
 0 574
 0 575
 0 576
 0 577
 0 578
 0 579
 0 580
 0 581
 0 582
 0 583
 0 584
 0 585
 0 586
 0 587
 0 588
 0 589
 0 590
 0 591
 0 592
 0 593
 0 594
 0 595
 0 596
 0 597
 0 598
 0 599
 0 600


