# Created by Octave 3.8.2, Sun Jun 21 01:38:48 2020 CEST <damian@fptrucha.inv.usc.es>
# name: hd
# type: matrix
# rows: 551
# columns: 2
 0 50
 0 51
 0 52
 0 53
 0 54
 0 55
 0 56
 0 57
 0 58
 0 59
 0 60
 0 61
 0 62
 0 63
 0 64
 0 65
 0 66
 0 67
 0 68
 0 69
 0 70
 0 71
 0 72
 0 73
 0 74
 0 75
 0 76
 0 77
 0 78
 0 79
 0 80
 0 81
 0 82
 0 83
 0 84
 0 85
 0 86
 0 87
 1 88
 3 89
 5 90
 13 91
 46 92
 133 93
 254 94
 382 95
 479 96
 590 97
 759 98
 1025 99
 1146 100
 1244 101
 1236 102
 1291 103
 1288 104
 1337 105
 1411 106
 1338 107
 1412 108
 1267 109
 1341 110
 1190 111
 1131 112
 1090 113
 1035 114
 1027 115
 872 116
 795 117
 737 118
 700 119
 632 120
 594 121
 542 122
 470 123
 449 124
 439 125
 361 126
 308 127
 283 128
 274 129
 228 130
 199 131
 197 132
 169 133
 178 134
 154 135
 133 136
 156 137
 102 138
 113 139
 97 140
 84 141
 93 142
 67 143
 73 144
 77 145
 68 146
 54 147
 44 148
 38 149
 44 150
 37 151
 22 152
 29 153
 26 154
 34 155
 24 156
 24 157
 30 158
 25 159
 19 160
 19 161
 18 162
 27 163
 20 164
 14 165
 11 166
 16 167
 9 168
 5 169
 7 170
 11 171
 12 172
 10 173
 7 174
 7 175
 8 176
 4 177
 6 178
 6 179
 4 180
 4 181
 1 182
 2 183
 2 184
 3 185
 5 186
 3 187
 1 188
 0 189
 5 190
 2 191
 2 192
 2 193
 2 194
 0 195
 4 196
 5 197
 1 198
 2 199
 2 200
 4 201
 0 202
 0 203
 0 204
 1 205
 3 206
 0 207
 1 208
 1 209
 0 210
 0 211
 0 212
 0 213
 0 214
 1 215
 1 216
 0 217
 1 218
 1 219
 1 220
 0 221
 0 222
 0 223
 1 224
 0 225
 1 226
 1 227
 0 228
 0 229
 0 230
 0 231
 0 232
 1 233
 0 234
 0 235
 0 236
 0 237
 0 238
 0 239
 0 240
 0 241
 0 242
 0 243
 0 244
 0 245
 0 246
 0 247
 0 248
 0 249
 0 250
 0 251
 0 252
 0 253
 0 254
 0 255
 0 256
 0 257
 0 258
 0 259
 0 260
 0 261
 0 262
 0 263
 0 264
 0 265
 0 266
 0 267
 0 268
 0 269
 0 270
 0 271
 0 272
 0 273
 0 274
 0 275
 0 276
 0 277
 0 278
 0 279
 0 280
 0 281
 1 282
 0 283
 0 284
 0 285
 0 286
 1 287
 0 288
 0 289
 0 290
 0 291
 1 292
 0 293
 0 294
 1 295
 0 296
 0 297
 1 298
 0 299
 0 300
 0 301
 0 302
 0 303
 1 304
 1 305
 1 306
 0 307
 0 308
 0 309
 1 310
 0 311
 0 312
 1 313
 2 314
 2 315
 1 316
 0 317
 0 318
 1 319
 2 320
 2 321
 1 322
 5 323
 1 324
 3 325
 0 326
 2 327
 1 328
 1 329
 1 330
 1 331
 3 332
 3 333
 2 334
 1 335
 1 336
 1 337
 3 338
 2 339
 1 340
 6 341
 3 342
 2 343
 2 344
 4 345
 0 346
 0 347
 2 348
 2 349
 1 350
 3 351
 1 352
 0 353
 1 354
 1 355
 0 356
 1 357
 0 358
 0 359
 0 360
 2 361
 0 362
 1 363
 1 364
 1 365
 0 366
 1 367
 1 368
 0 369
 1 370
 1 371
 0 372
 0 373
 0 374
 0 375
 1 376
 0 377
 1 378
 3 379
 0 380
 1 381
 0 382
 1 383
 1 384
 0 385
 1 386
 0 387
 1 388
 0 389
 0 390
 0 391
 1 392
 1 393
 1 394
 0 395
 0 396
 1 397
 0 398
 0 399
 0 400
 0 401
 0 402
 0 403
 0 404
 0 405
 0 406
 0 407
 1 408
 0 409
 0 410
 0 411
 0 412
 0 413
 0 414
 0 415
 0 416
 1 417
 0 418
 0 419
 0 420
 0 421
 0 422
 0 423
 0 424
 0 425
 0 426
 0 427
 0 428
 0 429
 0 430
 0 431
 0 432
 0 433
 0 434
 0 435
 0 436
 0 437
 0 438
 0 439
 0 440
 0 441
 0 442
 0 443
 0 444
 0 445
 0 446
 0 447
 0 448
 0 449
 0 450
 0 451
 0 452
 0 453
 0 454
 0 455
 0 456
 0 457
 0 458
 0 459
 0 460
 0 461
 0 462
 0 463
 0 464
 0 465
 0 466
 0 467
 0 468
 0 469
 0 470
 0 471
 0 472
 0 473
 0 474
 0 475
 0 476
 0 477
 0 478
 0 479
 0 480
 0 481
 0 482
 0 483
 0 484
 0 485
 0 486
 0 487
 0 488
 0 489
 0 490
 0 491
 0 492
 0 493
 0 494
 0 495
 0 496
 0 497
 0 498
 0 499
 0 500
 0 501
 0 502
 0 503
 0 504
 0 505
 0 506
 0 507
 0 508
 0 509
 0 510
 0 511
 0 512
 0 513
 0 514
 0 515
 0 516
 0 517
 0 518
 0 519
 0 520
 0 521
 0 522
 0 523
 0 524
 0 525
 0 526
 0 527
 0 528
 0 529
 0 530
 0 531
 0 532
 0 533
 0 534
 0 535
 0 536
 0 537
 0 538
 0 539
 0 540
 0 541
 0 542
 0 543
 0 544
 0 545
 0 546
 0 547
 0 548
 0 549
 0 550
 0 551
 0 552
 0 553
 0 554
 0 555
 0 556
 0 557
 0 558
 0 559
 0 560
 0 561
 0 562
 0 563
 0 564
 0 565
 0 566
 0 567
 0 568
 0 569
 0 570
 0 571
 0 572
 0 573
 0 574
 0 575
 0 576
 0 577
 0 578
 0 579
 0 580
 0 581
 0 582
 0 583
 0 584
 0 585
 0 586
 0 587
 0 588
 0 589
 0 590
 0 591
 0 592
 0 593
 0 594
 0 595
 0 596
 0 597
 0 598
 0 599
 0 600


