# Created by Octave 3.8.2, Sat Jun 20 19:29:43 2020 CEST <damian@fptrucha.inv.usc.es>
# name: hd
# type: matrix
# rows: 551
# columns: 2
 0 50
 0 51
 0 52
 0 53
 0 54
 0 55
 0 56
 0 57
 0 58
 0 59
 0 60
 0 61
 0 62
 0 63
 0 64
 0 65
 0 66
 0 67
 0 68
 0 69
 0 70
 0 71
 0 72
 0 73
 0 74
 0 75
 0 76
 0 77
 0 78
 0 79
 0 80
 0 81
 0 82
 0 83
 0 84
 0 85
 0 86
 0 87
 0 88
 0 89
 13 90
 15 91
 50 92
 128 93
 242 94
 367 95
 444 96
 613 97
 753 98
 993 99
 1115 100
 1177 101
 1257 102
 1298 103
 1280 104
 1367 105
 1348 106
 1388 107
 1399 108
 1282 109
 1346 110
 1199 111
 1129 112
 1102 113
 1035 114
 968 115
 962 116
 882 117
 799 118
 746 119
 689 120
 626 121
 565 122
 512 123
 490 124
 462 125
 379 126
 366 127
 372 128
 308 129
 281 130
 253 131
 221 132
 212 133
 201 134
 146 135
 159 136
 157 137
 134 138
 137 139
 111 140
 106 141
 93 142
 96 143
 77 144
 78 145
 76 146
 64 147
 45 148
 55 149
 45 150
 58 151
 40 152
 28 153
 40 154
 50 155
 25 156
 39 157
 41 158
 21 159
 28 160
 32 161
 21 162
 24 163
 21 164
 21 165
 19 166
 18 167
 17 168
 11 169
 14 170
 12 171
 7 172
 8 173
 9 174
 4 175
 13 176
 10 177
 6 178
 6 179
 6 180
 6 181
 7 182
 6 183
 7 184
 7 185
 3 186
 5 187
 4 188
 3 189
 5 190
 1 191
 0 192
 0 193
 1 194
 3 195
 3 196
 1 197
 1 198
 1 199
 2 200
 1 201
 2 202
 0 203
 2 204
 0 205
 0 206
 2 207
 0 208
 2 209
 1 210
 0 211
 0 212
 0 213
 0 214
 0 215
 0 216
 0 217
 0 218
 0 219
 0 220
 0 221
 1 222
 0 223
 1 224
 1 225
 0 226
 0 227
 0 228
 0 229
 0 230
 0 231
 1 232
 0 233
 0 234
 0 235
 0 236
 0 237
 0 238
 0 239
 0 240
 0 241
 0 242
 0 243
 0 244
 0 245
 0 246
 0 247
 0 248
 0 249
 0 250
 0 251
 0 252
 0 253
 0 254
 0 255
 0 256
 0 257
 0 258
 0 259
 0 260
 0 261
 0 262
 0 263
 0 264
 0 265
 0 266
 0 267
 0 268
 0 269
 0 270
 0 271
 0 272
 0 273
 0 274
 0 275
 0 276
 0 277
 0 278
 0 279
 0 280
 0 281
 0 282
 0 283
 0 284
 0 285
 0 286
 0 287
 0 288
 0 289
 0 290
 1 291
 1 292
 0 293
 0 294
 1 295
 0 296
 1 297
 0 298
 1 299
 2 300
 1 301
 0 302
 0 303
 0 304
 1 305
 1 306
 0 307
 3 308
 0 309
 0 310
 0 311
 1 312
 0 313
 1 314
 1 315
 1 316
 0 317
 1 318
 2 319
 3 320
 1 321
 1 322
 0 323
 1 324
 2 325
 0 326
 1 327
 0 328
 1 329
 2 330
 1 331
 0 332
 0 333
 1 334
 1 335
 1 336
 2 337
 1 338
 2 339
 3 340
 2 341
 2 342
 2 343
 4 344
 2 345
 3 346
 2 347
 2 348
 0 349
 2 350
 1 351
 2 352
 2 353
 1 354
 0 355
 2 356
 3 357
 3 358
 0 359
 1 360
 2 361
 1 362
 1 363
 1 364
 3 365
 0 366
 1 367
 0 368
 0 369
 1 370
 0 371
 0 372
 1 373
 0 374
 0 375
 0 376
 0 377
 2 378
 0 379
 0 380
 1 381
 0 382
 0 383
 0 384
 1 385
 0 386
 0 387
 0 388
 2 389
 2 390
 0 391
 0 392
 0 393
 1 394
 0 395
 0 396
 0 397
 0 398
 0 399
 0 400
 0 401
 0 402
 1 403
 0 404
 0 405
 0 406
 0 407
 1 408
 0 409
 0 410
 0 411
 0 412
 0 413
 0 414
 1 415
 0 416
 0 417
 1 418
 0 419
 0 420
 0 421
 0 422
 0 423
 0 424
 0 425
 0 426
 0 427
 0 428
 0 429
 0 430
 0 431
 0 432
 0 433
 0 434
 0 435
 0 436
 0 437
 0 438
 0 439
 0 440
 0 441
 0 442
 0 443
 0 444
 0 445
 0 446
 0 447
 0 448
 0 449
 0 450
 0 451
 0 452
 0 453
 0 454
 0 455
 0 456
 0 457
 0 458
 0 459
 0 460
 0 461
 0 462
 0 463
 0 464
 0 465
 0 466
 0 467
 0 468
 0 469
 0 470
 0 471
 0 472
 0 473
 0 474
 0 475
 0 476
 0 477
 0 478
 0 479
 0 480
 0 481
 0 482
 0 483
 0 484
 0 485
 0 486
 0 487
 0 488
 0 489
 0 490
 0 491
 0 492
 0 493
 0 494
 0 495
 0 496
 0 497
 0 498
 0 499
 0 500
 0 501
 0 502
 0 503
 0 504
 0 505
 0 506
 0 507
 0 508
 0 509
 0 510
 0 511
 0 512
 0 513
 0 514
 0 515
 0 516
 0 517
 0 518
 0 519
 0 520
 0 521
 0 522
 0 523
 0 524
 0 525
 0 526
 0 527
 0 528
 0 529
 0 530
 0 531
 0 532
 0 533
 0 534
 0 535
 0 536
 0 537
 0 538
 0 539
 0 540
 0 541
 0 542
 0 543
 0 544
 0 545
 0 546
 0 547
 0 548
 0 549
 0 550
 0 551
 0 552
 0 553
 0 554
 0 555
 0 556
 0 557
 0 558
 0 559
 0 560
 0 561
 0 562
 0 563
 0 564
 0 565
 0 566
 0 567
 0 568
 0 569
 0 570
 0 571
 0 572
 0 573
 0 574
 0 575
 0 576
 0 577
 0 578
 0 579
 0 580
 0 581
 0 582
 0 583
 0 584
 0 585
 0 586
 0 587
 0 588
 0 589
 0 590
 0 591
 0 592
 0 593
 0 594
 0 595
 0 596
 0 597
 0 598
 0 599
 0 600


