# Created by Octave 3.8.2, Sun Jun 21 07:16:47 2020 CEST <damian@fptrucha.inv.usc.es>
# name: hd
# type: matrix
# rows: 551
# columns: 2
 0 50
 0 51
 0 52
 0 53
 0 54
 0 55
 0 56
 0 57
 0 58
 0 59
 0 60
 0 61
 0 62
 0 63
 0 64
 0 65
 0 66
 0 67
 0 68
 0 69
 0 70
 0 71
 0 72
 0 73
 0 74
 0 75
 0 76
 0 77
 0 78
 0 79
 0 80
 0 81
 0 82
 0 83
 0 84
 0 85
 0 86
 0 87
 0 88
 2 89
 5 90
 16 91
 61 92
 141 93
 286 94
 392 95
 459 96
 582 97
 830 98
 1042 99
 1123 100
 1243 101
 1346 102
 1369 103
 1321 104
 1374 105
 1392 106
 1399 107
 1284 108
 1344 109
 1287 110
 1249 111
 1189 112
 1178 113
 1086 114
 1021 115
 879 116
 886 117
 782 118
 731 119
 666 120
 604 121
 549 122
 538 123
 463 124
 433 125
 387 126
 387 127
 303 128
 333 129
 262 130
 245 131
 205 132
 206 133
 189 134
 150 135
 151 136
 131 137
 147 138
 115 139
 99 140
 94 141
 95 142
 87 143
 65 144
 57 145
 53 146
 57 147
 55 148
 37 149
 42 150
 51 151
 46 152
 40 153
 42 154
 35 155
 25 156
 21 157
 24 158
 23 159
 20 160
 27 161
 11 162
 16 163
 19 164
 15 165
 13 166
 9 167
 10 168
 10 169
 10 170
 6 171
 8 172
 9 173
 6 174
 8 175
 6 176
 8 177
 3 178
 3 179
 4 180
 2 181
 4 182
 1 183
 3 184
 0 185
 2 186
 1 187
 1 188
 3 189
 3 190
 0 191
 3 192
 4 193
 0 194
 3 195
 2 196
 1 197
 0 198
 1 199
 1 200
 2 201
 1 202
 1 203
 0 204
 0 205
 0 206
 0 207
 0 208
 1 209
 0 210
 0 211
 0 212
 0 213
 1 214
 0 215
 0 216
 0 217
 0 218
 0 219
 0 220
 1 221
 0 222
 0 223
 1 224
 0 225
 0 226
 0 227
 0 228
 0 229
 0 230
 0 231
 0 232
 0 233
 1 234
 0 235
 0 236
 0 237
 0 238
 0 239
 0 240
 0 241
 0 242
 0 243
 0 244
 0 245
 0 246
 0 247
 0 248
 0 249
 0 250
 0 251
 0 252
 0 253
 0 254
 0 255
 0 256
 0 257
 0 258
 0 259
 0 260
 0 261
 0 262
 0 263
 0 264
 0 265
 1 266
 0 267
 0 268
 0 269
 0 270
 0 271
 0 272
 0 273
 0 274
 0 275
 0 276
 0 277
 0 278
 0 279
 0 280
 0 281
 0 282
 0 283
 0 284
 0 285
 0 286
 0 287
 0 288
 1 289
 1 290
 1 291
 0 292
 0 293
 0 294
 0 295
 0 296
 0 297
 0 298
 0 299
 0 300
 1 301
 1 302
 0 303
 1 304
 0 305
 0 306
 0 307
 3 308
 0 309
 1 310
 0 311
 1 312
 0 313
 1 314
 1 315
 0 316
 2 317
 1 318
 1 319
 0 320
 1 321
 0 322
 0 323
 1 324
 0 325
 0 326
 3 327
 1 328
 1 329
 1 330
 2 331
 1 332
 1 333
 2 334
 2 335
 2 336
 1 337
 1 338
 2 339
 2 340
 2 341
 4 342
 0 343
 1 344
 3 345
 3 346
 4 347
 1 348
 3 349
 2 350
 2 351
 3 352
 2 353
 1 354
 2 355
 1 356
 1 357
 0 358
 1 359
 1 360
 0 361
 0 362
 1 363
 0 364
 0 365
 1 366
 2 367
 2 368
 2 369
 0 370
 0 371
 0 372
 1 373
 0 374
 2 375
 0 376
 0 377
 1 378
 1 379
 0 380
 0 381
 0 382
 0 383
 2 384
 0 385
 2 386
 0 387
 0 388
 2 389
 0 390
 1 391
 0 392
 0 393
 0 394
 0 395
 0 396
 0 397
 0 398
 0 399
 0 400
 1 401
 1 402
 0 403
 0 404
 0 405
 0 406
 0 407
 0 408
 0 409
 0 410
 0 411
 0 412
 0 413
 0 414
 0 415
 0 416
 1 417
 0 418
 0 419
 0 420
 0 421
 0 422
 0 423
 0 424
 0 425
 0 426
 0 427
 0 428
 0 429
 0 430
 0 431
 0 432
 0 433
 0 434
 0 435
 0 436
 0 437
 0 438
 0 439
 0 440
 0 441
 0 442
 0 443
 0 444
 0 445
 0 446
 0 447
 0 448
 0 449
 0 450
 0 451
 0 452
 0 453
 0 454
 0 455
 0 456
 0 457
 0 458
 0 459
 0 460
 0 461
 0 462
 0 463
 0 464
 0 465
 0 466
 0 467
 0 468
 0 469
 0 470
 0 471
 0 472
 0 473
 0 474
 0 475
 0 476
 0 477
 0 478
 0 479
 0 480
 0 481
 0 482
 0 483
 0 484
 0 485
 0 486
 0 487
 0 488
 0 489
 0 490
 0 491
 0 492
 0 493
 0 494
 0 495
 0 496
 0 497
 0 498
 0 499
 0 500
 0 501
 0 502
 0 503
 0 504
 0 505
 0 506
 0 507
 0 508
 0 509
 0 510
 0 511
 0 512
 0 513
 0 514
 0 515
 0 516
 0 517
 0 518
 0 519
 0 520
 0 521
 0 522
 0 523
 0 524
 0 525
 0 526
 0 527
 0 528
 0 529
 0 530
 0 531
 0 532
 0 533
 0 534
 0 535
 0 536
 0 537
 0 538
 0 539
 0 540
 0 541
 0 542
 0 543
 0 544
 0 545
 0 546
 0 547
 0 548
 0 549
 0 550
 0 551
 0 552
 0 553
 0 554
 0 555
 0 556
 0 557
 0 558
 0 559
 0 560
 0 561
 0 562
 0 563
 0 564
 0 565
 0 566
 0 567
 0 568
 0 569
 0 570
 0 571
 0 572
 0 573
 0 574
 0 575
 0 576
 0 577
 0 578
 0 579
 0 580
 0 581
 0 582
 0 583
 0 584
 0 585
 0 586
 0 587
 0 588
 0 589
 0 590
 0 591
 0 592
 0 593
 0 594
 0 595
 0 596
 0 597
 0 598
 0 599
 0 600


