# Created by Octave 3.8.2, Mon Jun 22 06:44:06 2020 CEST <damian@fptrucha.inv.usc.es>
# name: hd
# type: matrix
# rows: 551
# columns: 2
 0 50
 0 51
 0 52
 0 53
 0 54
 0 55
 0 56
 0 57
 0 58
 0 59
 0 60
 0 61
 0 62
 0 63
 0 64
 0 65
 0 66
 0 67
 0 68
 0 69
 0 70
 0 71
 0 72
 0 73
 0 74
 0 75
 0 76
 0 77
 0 78
 0 79
 0 80
 0 81
 0 82
 0 83
 0 84
 0 85
 0 86
 0 87
 0 88
 1 89
 3 90
 7 91
 26 92
 73 93
 149 94
 330 95
 502 96
 649 97
 689 98
 968 99
 1323 100
 1411 101
 1453 102
 1456 103
 1568 104
 1514 105
 1480 106
 1449 107
 1457 108
 1388 109
 1305 110
 1186 111
 1125 112
 1056 113
 920 114
 864 115
 788 116
 765 117
 671 118
 592 119
 580 120
 483 121
 459 122
 368 123
 307 124
 306 125
 249 126
 235 127
 230 128
 202 129
 195 130
 185 131
 146 132
 151 133
 143 134
 100 135
 114 136
 91 137
 92 138
 65 139
 93 140
 60 141
 70 142
 55 143
 59 144
 52 145
 64 146
 60 147
 42 148
 54 149
 41 150
 38 151
 23 152
 35 153
 36 154
 28 155
 29 156
 29 157
 14 158
 35 159
 24 160
 24 161
 28 162
 18 163
 20 164
 18 165
 9 166
 8 167
 13 168
 10 169
 14 170
 13 171
 12 172
 11 173
 7 174
 6 175
 9 176
 12 177
 8 178
 6 179
 4 180
 10 181
 6 182
 3 183
 8 184
 7 185
 5 186
 7 187
 3 188
 2 189
 5 190
 3 191
 3 192
 1 193
 5 194
 3 195
 4 196
 4 197
 3 198
 1 199
 0 200
 1 201
 0 202
 2 203
 2 204
 0 205
 2 206
 0 207
 1 208
 0 209
 0 210
 0 211
 0 212
 1 213
 1 214
 0 215
 0 216
 0 217
 0 218
 0 219
 0 220
 0 221
 0 222
 0 223
 0 224
 0 225
 0 226
 0 227
 0 228
 0 229
 0 230
 0 231
 0 232
 0 233
 0 234
 0 235
 0 236
 0 237
 1 238
 0 239
 0 240
 0 241
 0 242
 0 243
 0 244
 0 245
 0 246
 0 247
 0 248
 0 249
 0 250
 0 251
 0 252
 0 253
 0 254
 0 255
 0 256
 0 257
 0 258
 0 259
 0 260
 0 261
 0 262
 0 263
 0 264
 0 265
 0 266
 0 267
 0 268
 0 269
 0 270
 0 271
 0 272
 0 273
 0 274
 0 275
 0 276
 0 277
 0 278
 0 279
 0 280
 0 281
 0 282
 0 283
 0 284
 0 285
 0 286
 0 287
 0 288
 0 289
 0 290
 0 291
 0 292
 0 293
 0 294
 0 295
 0 296
 2 297
 1 298
 0 299
 0 300
 1 301
 1 302
 1 303
 1 304
 0 305
 2 306
 1 307
 0 308
 1 309
 0 310
 3 311
 0 312
 2 313
 4 314
 0 315
 4 316
 1 317
 1 318
 0 319
 1 320
 4 321
 0 322
 1 323
 3 324
 1 325
 1 326
 2 327
 1 328
 2 329
 2 330
 2 331
 1 332
 1 333
 2 334
 1 335
 2 336
 1 337
 0 338
 0 339
 1 340
 1 341
 3 342
 1 343
 0 344
 4 345
 1 346
 2 347
 1 348
 4 349
 1 350
 4 351
 1 352
 4 353
 3 354
 0 355
 2 356
 2 357
 1 358
 0 359
 0 360
 0 361
 0 362
 1 363
 1 364
 0 365
 1 366
 0 367
 2 368
 2 369
 0 370
 2 371
 0 372
 1 373
 1 374
 0 375
 0 376
 1 377
 0 378
 0 379
 0 380
 0 381
 0 382
 0 383
 0 384
 1 385
 2 386
 0 387
 0 388
 0 389
 0 390
 0 391
 1 392
 1 393
 0 394
 1 395
 0 396
 2 397
 0 398
 0 399
 0 400
 0 401
 0 402
 0 403
 0 404
 0 405
 0 406
 0 407
 0 408
 0 409
 0 410
 0 411
 0 412
 0 413
 0 414
 0 415
 0 416
 0 417
 1 418
 0 419
 0 420
 0 421
 0 422
 0 423
 0 424
 0 425
 0 426
 1 427
 0 428
 0 429
 0 430
 0 431
 0 432
 0 433
 0 434
 0 435
 0 436
 0 437
 0 438
 0 439
 0 440
 0 441
 0 442
 0 443
 0 444
 0 445
 0 446
 0 447
 0 448
 0 449
 0 450
 0 451
 0 452
 0 453
 0 454
 0 455
 0 456
 0 457
 0 458
 0 459
 0 460
 0 461
 0 462
 0 463
 0 464
 0 465
 0 466
 0 467
 0 468
 0 469
 0 470
 0 471
 0 472
 0 473
 0 474
 0 475
 0 476
 0 477
 0 478
 0 479
 0 480
 0 481
 0 482
 0 483
 0 484
 0 485
 0 486
 0 487
 0 488
 0 489
 0 490
 0 491
 0 492
 0 493
 0 494
 0 495
 0 496
 0 497
 0 498
 0 499
 0 500
 0 501
 0 502
 0 503
 0 504
 0 505
 0 506
 0 507
 0 508
 0 509
 0 510
 0 511
 0 512
 0 513
 0 514
 0 515
 0 516
 0 517
 0 518
 0 519
 0 520
 0 521
 0 522
 0 523
 0 524
 0 525
 0 526
 0 527
 0 528
 0 529
 0 530
 0 531
 0 532
 0 533
 0 534
 0 535
 0 536
 0 537
 0 538
 0 539
 0 540
 0 541
 0 542
 0 543
 0 544
 0 545
 0 546
 0 547
 0 548
 0 549
 0 550
 0 551
 0 552
 0 553
 0 554
 0 555
 0 556
 0 557
 0 558
 0 559
 0 560
 0 561
 0 562
 0 563
 0 564
 0 565
 0 566
 0 567
 0 568
 0 569
 0 570
 0 571
 0 572
 0 573
 0 574
 0 575
 0 576
 0 577
 0 578
 0 579
 0 580
 0 581
 0 582
 0 583
 0 584
 0 585
 0 586
 0 587
 0 588
 0 589
 0 590
 0 591
 0 592
 0 593
 0 594
 0 595
 0 596
 0 597
 0 598
 0 599
 0 600


