# Created by Octave 3.8.2, Sun Jun 21 02:49:28 2020 CEST <damian@fptrucha.inv.usc.es>
# name: hd
# type: matrix
# rows: 551
# columns: 2
 0 50
 0 51
 0 52
 0 53
 0 54
 0 55
 0 56
 0 57
 0 58
 0 59
 0 60
 0 61
 0 62
 0 63
 0 64
 0 65
 0 66
 0 67
 0 68
 0 69
 0 70
 0 71
 0 72
 0 73
 0 74
 0 75
 0 76
 0 77
 0 78
 0 79
 0 80
 0 81
 0 82
 0 83
 0 84
 0 85
 0 86
 0 87
 0 88
 1 89
 6 90
 23 91
 53 92
 108 93
 226 94
 405 95
 459 96
 563 97
 764 98
 976 99
 1083 100
 1290 101
 1296 102
 1298 103
 1327 104
 1283 105
 1289 106
 1333 107
 1350 108
 1223 109
 1256 110
 1171 111
 1151 112
 1096 113
 1015 114
 931 115
 905 116
 874 117
 805 118
 727 119
 681 120
 590 121
 550 122
 489 123
 466 124
 447 125
 402 126
 356 127
 294 128
 298 129
 250 130
 227 131
 229 132
 192 133
 184 134
 166 135
 145 136
 126 137
 125 138
 117 139
 86 140
 102 141
 86 142
 91 143
 75 144
 70 145
 66 146
 49 147
 52 148
 50 149
 52 150
 69 151
 37 152
 38 153
 36 154
 28 155
 38 156
 32 157
 37 158
 26 159
 38 160
 17 161
 32 162
 28 163
 14 164
 15 165
 16 166
 11 167
 9 168
 17 169
 16 170
 14 171
 10 172
 8 173
 11 174
 9 175
 5 176
 7 177
 7 178
 7 179
 10 180
 4 181
 4 182
 3 183
 2 184
 4 185
 12 186
 5 187
 0 188
 2 189
 1 190
 1 191
 5 192
 1 193
 2 194
 3 195
 1 196
 2 197
 2 198
 1 199
 0 200
 1 201
 1 202
 0 203
 0 204
 0 205
 2 206
 3 207
 1 208
 1 209
 0 210
 1 211
 0 212
 0 213
 0 214
 0 215
 0 216
 1 217
 0 218
 0 219
 0 220
 0 221
 0 222
 0 223
 1 224
 1 225
 1 226
 0 227
 0 228
 0 229
 0 230
 0 231
 0 232
 1 233
 0 234
 0 235
 0 236
 0 237
 0 238
 0 239
 0 240
 0 241
 0 242
 0 243
 0 244
 0 245
 0 246
 0 247
 0 248
 0 249
 0 250
 0 251
 0 252
 0 253
 0 254
 0 255
 0 256
 0 257
 0 258
 0 259
 0 260
 0 261
 0 262
 0 263
 0 264
 0 265
 0 266
 0 267
 0 268
 0 269
 0 270
 0 271
 0 272
 0 273
 0 274
 0 275
 1 276
 0 277
 0 278
 0 279
 0 280
 0 281
 0 282
 1 283
 0 284
 1 285
 0 286
 0 287
 0 288
 0 289
 1 290
 1 291
 0 292
 1 293
 0 294
 2 295
 0 296
 1 297
 1 298
 2 299
 0 300
 1 301
 1 302
 0 303
 0 304
 2 305
 1 306
 0 307
 1 308
 2 309
 0 310
 0 311
 0 312
 1 313
 2 314
 0 315
 1 316
 3 317
 1 318
 3 319
 0 320
 0 321
 3 322
 0 323
 4 324
 1 325
 2 326
 3 327
 1 328
 3 329
 2 330
 0 331
 3 332
 0 333
 0 334
 1 335
 1 336
 1 337
 1 338
 1 339
 0 340
 0 341
 1 342
 2 343
 3 344
 1 345
 1 346
 1 347
 1 348
 0 349
 5 350
 2 351
 0 352
 1 353
 0 354
 1 355
 0 356
 1 357
 2 358
 0 359
 2 360
 1 361
 1 362
 5 363
 2 364
 0 365
 0 366
 2 367
 1 368
 1 369
 0 370
 0 371
 0 372
 1 373
 0 374
 0 375
 1 376
 1 377
 0 378
 0 379
 1 380
 1 381
 3 382
 1 383
 1 384
 1 385
 0 386
 0 387
 0 388
 0 389
 0 390
 0 391
 1 392
 1 393
 1 394
 0 395
 1 396
 1 397
 0 398
 0 399
 0 400
 0 401
 0 402
 1 403
 1 404
 1 405
 0 406
 0 407
 0 408
 0 409
 0 410
 0 411
 1 412
 0 413
 0 414
 0 415
 0 416
 0 417
 1 418
 0 419
 0 420
 0 421
 0 422
 0 423
 0 424
 0 425
 0 426
 0 427
 0 428
 0 429
 0 430
 0 431
 0 432
 0 433
 0 434
 0 435
 0 436
 0 437
 0 438
 0 439
 0 440
 0 441
 0 442
 0 443
 0 444
 0 445
 0 446
 0 447
 0 448
 0 449
 0 450
 0 451
 0 452
 0 453
 0 454
 0 455
 0 456
 0 457
 0 458
 0 459
 0 460
 0 461
 0 462
 0 463
 0 464
 0 465
 0 466
 0 467
 0 468
 0 469
 0 470
 0 471
 0 472
 0 473
 0 474
 0 475
 0 476
 0 477
 0 478
 0 479
 0 480
 0 481
 0 482
 0 483
 0 484
 0 485
 0 486
 0 487
 0 488
 0 489
 0 490
 0 491
 0 492
 0 493
 0 494
 0 495
 0 496
 0 497
 0 498
 0 499
 0 500
 0 501
 0 502
 0 503
 0 504
 0 505
 0 506
 0 507
 0 508
 0 509
 0 510
 0 511
 0 512
 0 513
 0 514
 0 515
 0 516
 0 517
 0 518
 0 519
 0 520
 0 521
 0 522
 0 523
 0 524
 0 525
 0 526
 0 527
 0 528
 0 529
 0 530
 0 531
 0 532
 0 533
 0 534
 0 535
 0 536
 0 537
 0 538
 0 539
 0 540
 0 541
 0 542
 0 543
 0 544
 0 545
 0 546
 0 547
 0 548
 0 549
 0 550
 0 551
 0 552
 0 553
 0 554
 0 555
 0 556
 0 557
 0 558
 0 559
 0 560
 0 561
 0 562
 0 563
 0 564
 0 565
 0 566
 0 567
 0 568
 0 569
 0 570
 0 571
 0 572
 0 573
 0 574
 0 575
 0 576
 0 577
 0 578
 0 579
 0 580
 0 581
 0 582
 0 583
 0 584
 0 585
 0 586
 0 587
 0 588
 0 589
 0 590
 0 591
 0 592
 0 593
 0 594
 0 595
 0 596
 0 597
 0 598
 0 599
 0 600


