# Created by Octave 3.8.2, Sat Jun 20 17:02:19 2020 CEST <damian@fptrucha.inv.usc.es>
# name: hd
# type: matrix
# rows: 551
# columns: 2
 0 50
 0 51
 0 52
 0 53
 0 54
 0 55
 0 56
 0 57
 0 58
 0 59
 0 60
 0 61
 0 62
 0 63
 0 64
 0 65
 0 66
 0 67
 0 68
 0 69
 0 70
 0 71
 0 72
 0 73
 0 74
 0 75
 0 76
 0 77
 0 78
 0 79
 0 80
 0 81
 0 82
 0 83
 0 84
 0 85
 0 86
 0 87
 0 88
 0 89
 3 90
 15 91
 50 92
 108 93
 249 94
 361 95
 429 96
 611 97
 784 98
 1008 99
 1048 100
 1128 101
 1229 102
 1236 103
 1374 104
 1336 105
 1398 106
 1405 107
 1356 108
 1322 109
 1289 110
 1265 111
 1161 112
 1110 113
 976 114
 927 115
 924 116
 862 117
 782 118
 750 119
 695 120
 647 121
 590 122
 532 123
 545 124
 515 125
 428 126
 372 127
 370 128
 344 129
 266 130
 268 131
 246 132
 185 133
 192 134
 178 135
 152 136
 152 137
 129 138
 113 139
 112 140
 119 141
 104 142
 113 143
 100 144
 81 145
 79 146
 62 147
 64 148
 54 149
 46 150
 64 151
 52 152
 43 153
 43 154
 44 155
 47 156
 24 157
 29 158
 25 159
 31 160
 22 161
 22 162
 23 163
 27 164
 24 165
 17 166
 17 167
 21 168
 20 169
 22 170
 13 171
 15 172
 11 173
 15 174
 9 175
 10 176
 10 177
 2 178
 8 179
 4 180
 2 181
 8 182
 10 183
 2 184
 8 185
 3 186
 3 187
 3 188
 0 189
 3 190
 1 191
 3 192
 2 193
 1 194
 2 195
 3 196
 1 197
 1 198
 1 199
 1 200
 0 201
 1 202
 1 203
 1 204
 0 205
 1 206
 0 207
 1 208
 1 209
 0 210
 0 211
 1 212
 0 213
 0 214
 0 215
 0 216
 0 217
 0 218
 0 219
 1 220
 1 221
 0 222
 1 223
 0 224
 0 225
 0 226
 0 227
 0 228
 0 229
 0 230
 0 231
 0 232
 0 233
 0 234
 0 235
 0 236
 0 237
 1 238
 0 239
 0 240
 0 241
 0 242
 0 243
 0 244
 0 245
 0 246
 0 247
 0 248
 0 249
 0 250
 0 251
 0 252
 1 253
 0 254
 0 255
 0 256
 0 257
 0 258
 0 259
 0 260
 0 261
 0 262
 0 263
 0 264
 0 265
 0 266
 0 267
 0 268
 0 269
 0 270
 0 271
 0 272
 0 273
 0 274
 0 275
 1 276
 0 277
 0 278
 0 279
 0 280
 0 281
 0 282
 0 283
 1 284
 0 285
 0 286
 2 287
 0 288
 0 289
 1 290
 0 291
 0 292
 1 293
 0 294
 0 295
 0 296
 1 297
 1 298
 2 299
 1 300
 0 301
 0 302
 0 303
 0 304
 2 305
 4 306
 0 307
 2 308
 0 309
 0 310
 0 311
 0 312
 2 313
 1 314
 2 315
 1 316
 1 317
 0 318
 0 319
 2 320
 0 321
 2 322
 1 323
 1 324
 0 325
 3 326
 2 327
 2 328
 1 329
 1 330
 0 331
 0 332
 1 333
 4 334
 1 335
 1 336
 0 337
 0 338
 3 339
 2 340
 0 341
 0 342
 1 343
 1 344
 2 345
 2 346
 2 347
 0 348
 0 349
 0 350
 3 351
 2 352
 0 353
 0 354
 0 355
 1 356
 1 357
 0 358
 2 359
 0 360
 0 361
 1 362
 1 363
 0 364
 1 365
 0 366
 0 367
 2 368
 0 369
 1 370
 1 371
 1 372
 0 373
 0 374
 0 375
 2 376
 1 377
 1 378
 1 379
 0 380
 0 381
 0 382
 0 383
 1 384
 2 385
 1 386
 0 387
 0 388
 1 389
 0 390
 0 391
 0 392
 0 393
 0 394
 2 395
 0 396
 1 397
 0 398
 0 399
 1 400
 0 401
 0 402
 0 403
 0 404
 1 405
 0 406
 0 407
 0 408
 0 409
 0 410
 2 411
 0 412
 0 413
 0 414
 0 415
 0 416
 2 417
 0 418
 0 419
 0 420
 0 421
 0 422
 0 423
 0 424
 0 425
 0 426
 0 427
 0 428
 0 429
 0 430
 0 431
 0 432
 0 433
 0 434
 0 435
 0 436
 0 437
 0 438
 0 439
 0 440
 0 441
 0 442
 0 443
 0 444
 0 445
 0 446
 0 447
 0 448
 0 449
 0 450
 0 451
 0 452
 0 453
 0 454
 0 455
 0 456
 0 457
 0 458
 0 459
 0 460
 0 461
 0 462
 0 463
 0 464
 0 465
 0 466
 0 467
 0 468
 0 469
 0 470
 0 471
 0 472
 0 473
 0 474
 0 475
 0 476
 0 477
 0 478
 0 479
 0 480
 0 481
 0 482
 0 483
 0 484
 0 485
 0 486
 0 487
 0 488
 0 489
 0 490
 0 491
 0 492
 0 493
 0 494
 0 495
 0 496
 0 497
 0 498
 0 499
 0 500
 0 501
 0 502
 0 503
 0 504
 0 505
 0 506
 0 507
 0 508
 0 509
 0 510
 0 511
 0 512
 0 513
 0 514
 0 515
 0 516
 0 517
 0 518
 0 519
 0 520
 0 521
 0 522
 0 523
 0 524
 0 525
 0 526
 0 527
 0 528
 0 529
 0 530
 0 531
 0 532
 0 533
 0 534
 0 535
 0 536
 0 537
 0 538
 0 539
 0 540
 0 541
 0 542
 0 543
 0 544
 0 545
 0 546
 0 547
 0 548
 0 549
 0 550
 0 551
 0 552
 0 553
 0 554
 0 555
 0 556
 0 557
 0 558
 0 559
 0 560
 0 561
 0 562
 0 563
 0 564
 0 565
 0 566
 0 567
 0 568
 0 569
 0 570
 0 571
 0 572
 0 573
 0 574
 0 575
 0 576
 0 577
 0 578
 0 579
 0 580
 0 581
 0 582
 0 583
 0 584
 0 585
 0 586
 0 587
 0 588
 0 589
 0 590
 0 591
 0 592
 0 593
 0 594
 0 595
 0 596
 0 597
 0 598
 0 599
 0 600


