# Created by Octave 3.8.2, Mon Jun 22 09:21:15 2020 CEST <damian@fptrucha.inv.usc.es>
# name: hd
# type: matrix
# rows: 551
# columns: 2
 0 50
 0 51
 0 52
 0 53
 0 54
 0 55
 0 56
 0 57
 0 58
 0 59
 0 60
 0 61
 0 62
 0 63
 0 64
 0 65
 0 66
 0 67
 0 68
 0 69
 0 70
 0 71
 0 72
 0 73
 0 74
 0 75
 0 76
 0 77
 0 78
 0 79
 0 80
 0 81
 0 82
 0 83
 0 84
 0 85
 0 86
 0 87
 0 88
 0 89
 1 90
 12 91
 21 92
 71 93
 168 94
 344 95
 520 96
 573 97
 763 98
 1011 99
 1323 100
 1412 101
 1476 102
 1589 103
 1520 104
 1526 105
 1436 106
 1535 107
 1479 108
 1412 109
 1297 110
 1251 111
 1156 112
 1081 113
 965 114
 954 115
 828 116
 785 117
 709 118
 636 119
 614 120
 531 121
 407 122
 441 123
 359 124
 328 125
 318 126
 288 127
 234 128
 245 129
 219 130
 180 131
 176 132
 158 133
 126 134
 138 135
 120 136
 100 137
 114 138
 89 139
 90 140
 77 141
 76 142
 77 143
 63 144
 60 145
 63 146
 72 147
 53 148
 46 149
 39 150
 45 151
 43 152
 42 153
 32 154
 33 155
 31 156
 31 157
 27 158
 35 159
 21 160
 29 161
 29 162
 26 163
 28 164
 22 165
 24 166
 15 167
 16 168
 13 169
 9 170
 12 171
 16 172
 10 173
 15 174
 10 175
 8 176
 10 177
 5 178
 4 179
 9 180
 5 181
 3 182
 7 183
 5 184
 5 185
 3 186
 3 187
 6 188
 5 189
 7 190
 4 191
 5 192
 4 193
 3 194
 1 195
 2 196
 2 197
 3 198
 1 199
 1 200
 1 201
 0 202
 1 203
 1 204
 2 205
 0 206
 2 207
 4 208
 3 209
 1 210
 3 211
 0 212
 0 213
 1 214
 0 215
 0 216
 0 217
 0 218
 0 219
 0 220
 0 221
 0 222
 0 223
 1 224
 0 225
 0 226
 0 227
 0 228
 0 229
 0 230
 1 231
 0 232
 1 233
 0 234
 0 235
 0 236
 0 237
 0 238
 0 239
 0 240
 0 241
 0 242
 0 243
 0 244
 0 245
 0 246
 0 247
 0 248
 0 249
 0 250
 0 251
 0 252
 0 253
 0 254
 0 255
 0 256
 0 257
 0 258
 0 259
 0 260
 0 261
 0 262
 0 263
 0 264
 0 265
 0 266
 0 267
 0 268
 0 269
 0 270
 0 271
 0 272
 0 273
 0 274
 0 275
 1 276
 0 277
 0 278
 0 279
 0 280
 0 281
 0 282
 2 283
 0 284
 0 285
 0 286
 1 287
 0 288
 0 289
 0 290
 0 291
 0 292
 0 293
 0 294
 0 295
 0 296
 1 297
 1 298
 0 299
 0 300
 0 301
 0 302
 1 303
 1 304
 1 305
 1 306
 0 307
 1 308
 0 309
 0 310
 0 311
 2 312
 1 313
 0 314
 0 315
 1 316
 2 317
 0 318
 1 319
 0 320
 2 321
 2 322
 1 323
 2 324
 1 325
 0 326
 2 327
 1 328
 1 329
 2 330
 2 331
 4 332
 5 333
 1 334
 3 335
 0 336
 1 337
 3 338
 4 339
 3 340
 1 341
 1 342
 1 343
 1 344
 2 345
 3 346
 1 347
 2 348
 0 349
 1 350
 1 351
 2 352
 2 353
 3 354
 3 355
 0 356
 2 357
 0 358
 0 359
 0 360
 0 361
 1 362
 1 363
 1 364
 2 365
 3 366
 0 367
 0 368
 1 369
 3 370
 1 371
 2 372
 0 373
 1 374
 1 375
 0 376
 3 377
 0 378
 0 379
 0 380
 2 381
 0 382
 3 383
 0 384
 2 385
 1 386
 0 387
 1 388
 0 389
 1 390
 0 391
 0 392
 0 393
 0 394
 0 395
 0 396
 0 397
 1 398
 0 399
 1 400
 0 401
 0 402
 0 403
 0 404
 0 405
 1 406
 1 407
 0 408
 0 409
 0 410
 0 411
 0 412
 0 413
 0 414
 0 415
 0 416
 1 417
 0 418
 1 419
 0 420
 0 421
 0 422
 0 423
 0 424
 0 425
 0 426
 0 427
 0 428
 0 429
 0 430
 0 431
 0 432
 0 433
 0 434
 0 435
 0 436
 0 437
 0 438
 0 439
 0 440
 0 441
 0 442
 0 443
 0 444
 0 445
 0 446
 0 447
 0 448
 0 449
 0 450
 0 451
 0 452
 0 453
 0 454
 0 455
 0 456
 0 457
 0 458
 0 459
 0 460
 0 461
 0 462
 0 463
 0 464
 0 465
 0 466
 0 467
 0 468
 0 469
 0 470
 0 471
 0 472
 0 473
 0 474
 0 475
 0 476
 0 477
 0 478
 0 479
 0 480
 0 481
 0 482
 0 483
 0 484
 0 485
 0 486
 0 487
 0 488
 0 489
 0 490
 0 491
 0 492
 0 493
 0 494
 0 495
 0 496
 0 497
 0 498
 0 499
 0 500
 0 501
 0 502
 0 503
 0 504
 0 505
 0 506
 0 507
 0 508
 0 509
 0 510
 0 511
 0 512
 0 513
 0 514
 0 515
 0 516
 0 517
 0 518
 0 519
 0 520
 0 521
 0 522
 0 523
 0 524
 0 525
 0 526
 0 527
 0 528
 0 529
 0 530
 0 531
 0 532
 0 533
 0 534
 0 535
 0 536
 0 537
 0 538
 0 539
 0 540
 0 541
 0 542
 0 543
 0 544
 0 545
 0 546
 0 547
 0 548
 0 549
 0 550
 0 551
 0 552
 0 553
 0 554
 0 555
 0 556
 0 557
 0 558
 0 559
 0 560
 0 561
 0 562
 0 563
 0 564
 0 565
 0 566
 0 567
 0 568
 0 569
 0 570
 0 571
 0 572
 0 573
 0 574
 0 575
 0 576
 0 577
 0 578
 0 579
 0 580
 0 581
 0 582
 0 583
 0 584
 0 585
 0 586
 0 587
 0 588
 0 589
 0 590
 0 591
 0 592
 0 593
 0 594
 0 595
 0 596
 0 597
 0 598
 0 599
 0 600


