# Created by Octave 3.8.2, Sun Jun 21 06:26:10 2020 CEST <damian@fptrucha.inv.usc.es>
# name: hd
# type: matrix
# rows: 551
# columns: 2
 0 50
 0 51
 0 52
 0 53
 0 54
 0 55
 0 56
 0 57
 0 58
 0 59
 0 60
 0 61
 0 62
 0 63
 0 64
 0 65
 0 66
 0 67
 0 68
 0 69
 0 70
 0 71
 0 72
 0 73
 0 74
 0 75
 0 76
 0 77
 0 78
 0 79
 0 80
 0 81
 0 82
 0 83
 0 84
 0 85
 0 86
 0 87
 0 88
 1 89
 6 90
 9 91
 69 92
 132 93
 239 94
 350 95
 439 96
 557 97
 703 98
 938 99
 1055 100
 1070 101
 1181 102
 1178 103
 1342 104
 1250 105
 1271 106
 1264 107
 1278 108
 1253 109
 1243 110
 1177 111
 1196 112
 1029 113
 1006 114
 1015 115
 908 116
 849 117
 806 118
 727 119
 706 120
 624 121
 560 122
 531 123
 461 124
 467 125
 392 126
 389 127
 332 128
 293 129
 270 130
 245 131
 192 132
 201 133
 179 134
 151 135
 161 136
 134 137
 139 138
 120 139
 83 140
 102 141
 92 142
 77 143
 67 144
 74 145
 58 146
 61 147
 50 148
 65 149
 47 150
 50 151
 31 152
 35 153
 30 154
 36 155
 36 156
 34 157
 30 158
 29 159
 28 160
 16 161
 22 162
 20 163
 19 164
 22 165
 22 166
 17 167
 13 168
 14 169
 10 170
 10 171
 10 172
 9 173
 10 174
 7 175
 6 176
 7 177
 6 178
 5 179
 1 180
 5 181
 1 182
 7 183
 5 184
 2 185
 4 186
 1 187
 5 188
 6 189
 1 190
 3 191
 4 192
 4 193
 4 194
 1 195
 2 196
 2 197
 0 198
 3 199
 1 200
 1 201
 0 202
 2 203
 1 204
 0 205
 0 206
 0 207
 0 208
 1 209
 0 210
 0 211
 1 212
 0 213
 1 214
 0 215
 0 216
 0 217
 0 218
 0 219
 1 220
 0 221
 0 222
 0 223
 1 224
 0 225
 0 226
 0 227
 0 228
 0 229
 0 230
 0 231
 0 232
 0 233
 0 234
 0 235
 0 236
 0 237
 0 238
 0 239
 0 240
 0 241
 0 242
 0 243
 0 244
 0 245
 0 246
 0 247
 0 248
 0 249
 0 250
 0 251
 0 252
 0 253
 0 254
 0 255
 0 256
 0 257
 0 258
 0 259
 0 260
 0 261
 0 262
 0 263
 0 264
 0 265
 0 266
 0 267
 0 268
 0 269
 0 270
 0 271
 0 272
 0 273
 0 274
 0 275
 0 276
 0 277
 0 278
 0 279
 0 280
 0 281
 0 282
 0 283
 1 284
 0 285
 0 286
 0 287
 0 288
 0 289
 0 290
 0 291
 0 292
 0 293
 0 294
 1 295
 0 296
 0 297
 1 298
 0 299
 2 300
 0 301
 2 302
 2 303
 0 304
 0 305
 1 306
 0 307
 1 308
 1 309
 1 310
 1 311
 3 312
 2 313
 0 314
 1 315
 0 316
 1 317
 2 318
 0 319
 2 320
 0 321
 3 322
 1 323
 3 324
 3 325
 1 326
 1 327
 0 328
 1 329
 1 330
 3 331
 1 332
 5 333
 1 334
 1 335
 1 336
 1 337
 1 338
 2 339
 0 340
 2 341
 0 342
 0 343
 0 344
 3 345
 1 346
 2 347
 1 348
 1 349
 4 350
 0 351
 3 352
 0 353
 0 354
 2 355
 0 356
 1 357
 1 358
 0 359
 1 360
 0 361
 1 362
 1 363
 0 364
 0 365
 0 366
 3 367
 2 368
 2 369
 1 370
 3 371
 0 372
 2 373
 0 374
 1 375
 1 376
 0 377
 0 378
 2 379
 0 380
 0 381
 0 382
 0 383
 0 384
 0 385
 1 386
 0 387
 0 388
 1 389
 0 390
 0 391
 0 392
 1 393
 0 394
 1 395
 0 396
 1 397
 0 398
 0 399
 0 400
 0 401
 1 402
 0 403
 0 404
 0 405
 0 406
 0 407
 0 408
 0 409
 1 410
 0 411
 0 412
 0 413
 0 414
 0 415
 0 416
 0 417
 0 418
 0 419
 0 420
 0 421
 0 422
 0 423
 0 424
 0 425
 0 426
 0 427
 0 428
 0 429
 0 430
 0 431
 0 432
 0 433
 0 434
 0 435
 0 436
 0 437
 0 438
 0 439
 0 440
 0 441
 0 442
 0 443
 0 444
 0 445
 0 446
 0 447
 0 448
 0 449
 0 450
 0 451
 0 452
 0 453
 0 454
 0 455
 0 456
 0 457
 0 458
 0 459
 0 460
 0 461
 0 462
 0 463
 0 464
 0 465
 0 466
 0 467
 0 468
 0 469
 0 470
 0 471
 0 472
 0 473
 0 474
 0 475
 0 476
 0 477
 0 478
 0 479
 0 480
 0 481
 0 482
 0 483
 0 484
 0 485
 0 486
 0 487
 0 488
 0 489
 0 490
 0 491
 0 492
 0 493
 0 494
 0 495
 0 496
 0 497
 0 498
 0 499
 0 500
 0 501
 0 502
 0 503
 0 504
 0 505
 0 506
 0 507
 0 508
 0 509
 0 510
 0 511
 0 512
 0 513
 0 514
 0 515
 0 516
 0 517
 0 518
 0 519
 0 520
 0 521
 0 522
 0 523
 0 524
 0 525
 0 526
 0 527
 0 528
 0 529
 0 530
 0 531
 0 532
 0 533
 0 534
 0 535
 0 536
 0 537
 0 538
 0 539
 0 540
 0 541
 0 542
 0 543
 0 544
 0 545
 0 546
 0 547
 0 548
 0 549
 0 550
 0 551
 0 552
 0 553
 0 554
 0 555
 0 556
 0 557
 0 558
 0 559
 0 560
 0 561
 0 562
 0 563
 0 564
 0 565
 0 566
 0 567
 0 568
 0 569
 0 570
 0 571
 0 572
 0 573
 0 574
 0 575
 0 576
 0 577
 0 578
 0 579
 0 580
 0 581
 0 582
 0 583
 0 584
 0 585
 0 586
 0 587
 0 588
 0 589
 0 590
 0 591
 0 592
 0 593
 0 594
 0 595
 0 596
 0 597
 0 598
 0 599
 0 600


