# Created by Octave 3.8.2, Mon Jun 22 10:49:35 2020 CEST <damian@fptrucha.inv.usc.es>
# name: hd
# type: matrix
# rows: 551
# columns: 2
 0 50
 0 51
 0 52
 0 53
 0 54
 0 55
 0 56
 0 57
 0 58
 0 59
 0 60
 0 61
 0 62
 0 63
 0 64
 0 65
 0 66
 0 67
 0 68
 0 69
 0 70
 0 71
 0 72
 0 73
 0 74
 0 75
 0 76
 0 77
 0 78
 0 79
 0 80
 0 81
 0 82
 0 83
 0 84
 0 85
 0 86
 0 87
 0 88
 1 89
 4 90
 4 91
 28 92
 90 93
 225 94
 389 95
 519 96
 635 97
 821 98
 1118 99
 1377 100
 1447 101
 1495 102
 1599 103
 1539 104
 1556 105
 1511 106
 1539 107
 1510 108
 1375 109
 1332 110
 1214 111
 1153 112
 1068 113
 944 114
 816 115
 851 116
 767 117
 746 118
 641 119
 567 120
 553 121
 457 122
 439 123
 364 124
 357 125
 323 126
 280 127
 231 128
 250 129
 193 130
 185 131
 174 132
 140 133
 160 134
 113 135
 120 136
 110 137
 115 138
 88 139
 85 140
 84 141
 75 142
 58 143
 76 144
 70 145
 74 146
 54 147
 60 148
 50 149
 44 150
 48 151
 39 152
 36 153
 34 154
 35 155
 36 156
 30 157
 30 158
 23 159
 25 160
 28 161
 22 162
 20 163
 24 164
 16 165
 9 166
 13 167
 8 168
 10 169
 12 170
 14 171
 9 172
 10 173
 8 174
 7 175
 11 176
 2 177
 10 178
 5 179
 6 180
 8 181
 6 182
 5 183
 4 184
 8 185
 2 186
 5 187
 5 188
 0 189
 3 190
 4 191
 4 192
 2 193
 3 194
 2 195
 2 196
 0 197
 0 198
 1 199
 1 200
 1 201
 4 202
 1 203
 1 204
 0 205
 1 206
 0 207
 1 208
 0 209
 0 210
 0 211
 0 212
 1 213
 0 214
 0 215
 1 216
 0 217
 0 218
 0 219
 0 220
 2 221
 0 222
 1 223
 1 224
 0 225
 0 226
 0 227
 0 228
 0 229
 0 230
 0 231
 1 232
 0 233
 0 234
 0 235
 0 236
 1 237
 0 238
 0 239
 0 240
 0 241
 0 242
 0 243
 0 244
 0 245
 0 246
 0 247
 0 248
 0 249
 0 250
 0 251
 0 252
 0 253
 0 254
 0 255
 0 256
 0 257
 0 258
 0 259
 0 260
 0 261
 0 262
 0 263
 0 264
 0 265
 0 266
 0 267
 0 268
 0 269
 0 270
 0 271
 0 272
 0 273
 0 274
 0 275
 0 276
 0 277
 0 278
 0 279
 0 280
 0 281
 1 282
 0 283
 0 284
 0 285
 0 286
 0 287
 0 288
 0 289
 1 290
 0 291
 0 292
 2 293
 0 294
 3 295
 1 296
 0 297
 0 298
 0 299
 0 300
 2 301
 0 302
 0 303
 1 304
 1 305
 1 306
 1 307
 1 308
 0 309
 2 310
 0 311
 2 312
 1 313
 2 314
 1 315
 4 316
 1 317
 1 318
 1 319
 1 320
 0 321
 5 322
 1 323
 1 324
 1 325
 5 326
 1 327
 1 328
 3 329
 0 330
 1 331
 2 332
 1 333
 2 334
 1 335
 3 336
 1 337
 3 338
 0 339
 2 340
 1 341
 0 342
 1 343
 1 344
 0 345
 1 346
 1 347
 1 348
 1 349
 2 350
 0 351
 2 352
 1 353
 0 354
 2 355
 2 356
 1 357
 3 358
 0 359
 0 360
 1 361
 0 362
 1 363
 1 364
 0 365
 1 366
 2 367
 1 368
 1 369
 1 370
 0 371
 1 372
 0 373
 0 374
 1 375
 0 376
 0 377
 2 378
 1 379
 0 380
 0 381
 0 382
 2 383
 0 384
 1 385
 1 386
 0 387
 0 388
 0 389
 1 390
 0 391
 0 392
 0 393
 0 394
 0 395
 0 396
 0 397
 0 398
 0 399
 0 400
 0 401
 0 402
 0 403
 0 404
 0 405
 0 406
 0 407
 0 408
 0 409
 0 410
 0 411
 0 412
 0 413
 0 414
 0 415
 0 416
 0 417
 0 418
 0 419
 1 420
 0 421
 0 422
 0 423
 0 424
 0 425
 0 426
 0 427
 0 428
 0 429
 0 430
 0 431
 0 432
 0 433
 0 434
 0 435
 0 436
 0 437
 0 438
 0 439
 0 440
 0 441
 0 442
 0 443
 0 444
 0 445
 0 446
 0 447
 0 448
 0 449
 0 450
 0 451
 0 452
 0 453
 0 454
 0 455
 0 456
 0 457
 0 458
 0 459
 0 460
 0 461
 0 462
 0 463
 0 464
 0 465
 0 466
 0 467
 0 468
 0 469
 0 470
 0 471
 0 472
 0 473
 0 474
 0 475
 0 476
 0 477
 0 478
 0 479
 0 480
 0 481
 0 482
 0 483
 0 484
 0 485
 0 486
 0 487
 0 488
 0 489
 0 490
 0 491
 0 492
 0 493
 0 494
 0 495
 0 496
 0 497
 0 498
 0 499
 0 500
 0 501
 0 502
 0 503
 0 504
 0 505
 0 506
 0 507
 0 508
 0 509
 0 510
 0 511
 0 512
 0 513
 0 514
 0 515
 0 516
 0 517
 0 518
 0 519
 0 520
 0 521
 0 522
 0 523
 0 524
 0 525
 0 526
 0 527
 0 528
 0 529
 0 530
 0 531
 0 532
 0 533
 0 534
 0 535
 0 536
 0 537
 0 538
 0 539
 0 540
 0 541
 0 542
 0 543
 0 544
 0 545
 0 546
 0 547
 0 548
 0 549
 0 550
 0 551
 0 552
 0 553
 0 554
 0 555
 0 556
 0 557
 0 558
 0 559
 0 560
 0 561
 0 562
 0 563
 0 564
 0 565
 0 566
 0 567
 0 568
 0 569
 0 570
 0 571
 0 572
 0 573
 0 574
 0 575
 0 576
 0 577
 0 578
 0 579
 0 580
 0 581
 0 582
 0 583
 0 584
 0 585
 0 586
 0 587
 0 588
 0 589
 0 590
 0 591
 0 592
 0 593
 0 594
 0 595
 0 596
 0 597
 0 598
 0 599
 0 600


