# Created by Octave 3.8.2, Sun Jun 21 05:35:58 2020 CEST <damian@fptrucha.inv.usc.es>
# name: hd
# type: matrix
# rows: 551
# columns: 2
 0 50
 0 51
 0 52
 0 53
 0 54
 0 55
 0 56
 0 57
 0 58
 0 59
 0 60
 0 61
 0 62
 0 63
 0 64
 0 65
 0 66
 0 67
 0 68
 0 69
 0 70
 0 71
 0 72
 0 73
 0 74
 0 75
 0 76
 0 77
 0 78
 0 79
 0 80
 0 81
 0 82
 0 83
 0 84
 0 85
 0 86
 0 87
 0 88
 0 89
 9 90
 11 91
 47 92
 120 93
 238 94
 369 95
 444 96
 558 97
 781 98
 1012 99
 1156 100
 1214 101
 1227 102
 1311 103
 1364 104
 1300 105
 1271 106
 1328 107
 1358 108
 1263 109
 1322 110
 1223 111
 1107 112
 1080 113
 1103 114
 968 115
 957 116
 829 117
 809 118
 746 119
 605 120
 634 121
 555 122
 485 123
 489 124
 462 125
 412 126
 379 127
 306 128
 302 129
 301 130
 228 131
 227 132
 210 133
 193 134
 194 135
 163 136
 137 137
 148 138
 107 139
 108 140
 104 141
 92 142
 95 143
 81 144
 69 145
 55 146
 67 147
 68 148
 64 149
 54 150
 41 151
 53 152
 38 153
 50 154
 28 155
 26 156
 24 157
 26 158
 21 159
 30 160
 27 161
 30 162
 23 163
 24 164
 8 165
 11 166
 17 167
 12 168
 13 169
 14 170
 14 171
 10 172
 5 173
 4 174
 8 175
 9 176
 4 177
 7 178
 4 179
 3 180
 6 181
 6 182
 5 183
 4 184
 5 185
 7 186
 3 187
 4 188
 3 189
 2 190
 3 191
 5 192
 4 193
 1 194
 0 195
 2 196
 1 197
 1 198
 2 199
 1 200
 1 201
 1 202
 2 203
 0 204
 3 205
 0 206
 0 207
 1 208
 1 209
 0 210
 1 211
 0 212
 1 213
 1 214
 0 215
 0 216
 0 217
 0 218
 1 219
 0 220
 1 221
 0 222
 0 223
 0 224
 0 225
 0 226
 0 227
 0 228
 0 229
 0 230
 0 231
 0 232
 1 233
 0 234
 0 235
 0 236
 0 237
 0 238
 0 239
 0 240
 0 241
 0 242
 0 243
 0 244
 0 245
 0 246
 0 247
 0 248
 0 249
 0 250
 0 251
 0 252
 0 253
 0 254
 0 255
 0 256
 0 257
 0 258
 0 259
 0 260
 0 261
 0 262
 0 263
 1 264
 0 265
 0 266
 0 267
 0 268
 0 269
 0 270
 0 271
 0 272
 0 273
 0 274
 0 275
 0 276
 0 277
 0 278
 0 279
 1 280
 0 281
 1 282
 0 283
 0 284
 0 285
 0 286
 0 287
 1 288
 0 289
 0 290
 0 291
 0 292
 0 293
 0 294
 0 295
 0 296
 2 297
 0 298
 0 299
 1 300
 0 301
 1 302
 1 303
 0 304
 0 305
 0 306
 2 307
 1 308
 1 309
 2 310
 0 311
 1 312
 2 313
 0 314
 3 315
 1 316
 2 317
 1 318
 0 319
 1 320
 0 321
 2 322
 1 323
 1 324
 2 325
 0 326
 2 327
 1 328
 3 329
 2 330
 0 331
 2 332
 0 333
 2 334
 2 335
 1 336
 1 337
 3 338
 1 339
 0 340
 2 341
 3 342
 2 343
 0 344
 3 345
 2 346
 2 347
 0 348
 1 349
 4 350
 1 351
 1 352
 0 353
 2 354
 1 355
 0 356
 1 357
 0 358
 0 359
 0 360
 2 361
 2 362
 1 363
 0 364
 2 365
 0 366
 1 367
 1 368
 1 369
 2 370
 2 371
 0 372
 1 373
 1 374
 0 375
 0 376
 0 377
 1 378
 1 379
 0 380
 0 381
 1 382
 0 383
 0 384
 1 385
 1 386
 0 387
 1 388
 0 389
 0 390
 0 391
 0 392
 0 393
 0 394
 1 395
 0 396
 1 397
 0 398
 0 399
 0 400
 0 401
 0 402
 0 403
 0 404
 0 405
 1 406
 0 407
 0 408
 0 409
 0 410
 0 411
 0 412
 0 413
 0 414
 0 415
 0 416
 1 417
 0 418
 0 419
 0 420
 0 421
 0 422
 0 423
 0 424
 0 425
 0 426
 0 427
 0 428
 0 429
 0 430
 0 431
 1 432
 0 433
 0 434
 0 435
 0 436
 0 437
 0 438
 0 439
 0 440
 0 441
 0 442
 0 443
 0 444
 0 445
 0 446
 0 447
 0 448
 0 449
 0 450
 0 451
 0 452
 0 453
 0 454
 0 455
 0 456
 0 457
 0 458
 0 459
 0 460
 0 461
 0 462
 0 463
 0 464
 0 465
 0 466
 0 467
 0 468
 0 469
 0 470
 0 471
 0 472
 0 473
 0 474
 0 475
 0 476
 0 477
 0 478
 0 479
 0 480
 0 481
 0 482
 0 483
 0 484
 0 485
 0 486
 0 487
 0 488
 0 489
 0 490
 0 491
 0 492
 0 493
 0 494
 0 495
 0 496
 0 497
 0 498
 0 499
 0 500
 0 501
 0 502
 0 503
 0 504
 0 505
 0 506
 0 507
 0 508
 0 509
 0 510
 0 511
 0 512
 0 513
 0 514
 0 515
 0 516
 0 517
 0 518
 0 519
 0 520
 0 521
 0 522
 0 523
 0 524
 0 525
 0 526
 0 527
 0 528
 0 529
 0 530
 0 531
 0 532
 0 533
 0 534
 0 535
 0 536
 0 537
 0 538
 0 539
 0 540
 0 541
 0 542
 0 543
 0 544
 0 545
 0 546
 0 547
 0 548
 0 549
 0 550
 0 551
 0 552
 0 553
 0 554
 0 555
 0 556
 0 557
 0 558
 0 559
 0 560
 0 561
 0 562
 0 563
 0 564
 0 565
 0 566
 0 567
 0 568
 0 569
 0 570
 0 571
 0 572
 0 573
 0 574
 0 575
 0 576
 0 577
 0 578
 0 579
 0 580
 0 581
 0 582
 0 583
 0 584
 0 585
 0 586
 0 587
 0 588
 0 589
 0 590
 0 591
 0 592
 0 593
 0 594
 0 595
 0 596
 0 597
 0 598
 0 599
 0 600


