# Created by Octave 3.8.2, Sun Jun 21 01:46:02 2020 CEST <damian@fptrucha.inv.usc.es>
# name: hd
# type: matrix
# rows: 551
# columns: 2
 0 50
 0 51
 0 52
 0 53
 0 54
 0 55
 0 56
 0 57
 0 58
 0 59
 0 60
 0 61
 0 62
 0 63
 0 64
 0 65
 0 66
 0 67
 0 68
 0 69
 0 70
 0 71
 0 72
 0 73
 0 74
 0 75
 0 76
 0 77
 0 78
 0 79
 0 80
 0 81
 0 82
 0 83
 0 84
 0 85
 0 86
 0 87
 0 88
 0 89
 6 90
 9 91
 26 92
 67 93
 136 94
 235 95
 283 96
 413 97
 503 98
 613 99
 688 100
 740 101
 829 102
 791 103
 793 104
 897 105
 812 106
 866 107
 834 108
 853 109
 884 110
 752 111
 699 112
 704 113
 689 114
 649 115
 574 116
 578 117
 508 118
 453 119
 439 120
 438 121
 363 122
 337 123
 305 124
 276 125
 269 126
 258 127
 193 128
 204 129
 167 130
 155 131
 140 132
 134 133
 130 134
 110 135
 104 136
 100 137
 99 138
 68 139
 66 140
 76 141
 59 142
 64 143
 55 144
 50 145
 40 146
 29 147
 32 148
 24 149
 28 150
 35 151
 34 152
 24 153
 26 154
 25 155
 24 156
 22 157
 16 158
 26 159
 25 160
 24 161
 24 162
 18 163
 13 164
 14 165
 11 166
 12 167
 6 168
 9 169
 8 170
 10 171
 9 172
 3 173
 8 174
 6 175
 7 176
 7 177
 2 178
 6 179
 2 180
 5 181
 2 182
 1 183
 2 184
 0 185
 3 186
 5 187
 6 188
 4 189
 3 190
 4 191
 1 192
 0 193
 1 194
 2 195
 1 196
 1 197
 2 198
 0 199
 0 200
 3 201
 0 202
 1 203
 0 204
 1 205
 0 206
 1 207
 0 208
 0 209
 0 210
 0 211
 1 212
 0 213
 0 214
 0 215
 0 216
 0 217
 0 218
 0 219
 0 220
 0 221
 0 222
 1 223
 0 224
 0 225
 0 226
 0 227
 0 228
 0 229
 0 230
 0 231
 0 232
 0 233
 0 234
 0 235
 0 236
 0 237
 0 238
 0 239
 0 240
 0 241
 0 242
 0 243
 0 244
 0 245
 0 246
 0 247
 0 248
 0 249
 0 250
 0 251
 0 252
 0 253
 0 254
 0 255
 0 256
 0 257
 0 258
 0 259
 0 260
 0 261
 0 262
 0 263
 0 264
 0 265
 0 266
 0 267
 0 268
 0 269
 0 270
 0 271
 0 272
 0 273
 0 274
 0 275
 0 276
 0 277
 0 278
 0 279
 0 280
 0 281
 0 282
 0 283
 0 284
 0 285
 0 286
 0 287
 0 288
 1 289
 0 290
 0 291
 0 292
 0 293
 0 294
 1 295
 0 296
 0 297
 0 298
 1 299
 0 300
 1 301
 0 302
 1 303
 0 304
 0 305
 2 306
 0 307
 0 308
 0 309
 1 310
 1 311
 0 312
 1 313
 1 314
 0 315
 0 316
 1 317
 1 318
 0 319
 0 320
 1 321
 0 322
 0 323
 1 324
 1 325
 0 326
 0 327
 2 328
 1 329
 0 330
 1 331
 1 332
 1 333
 1 334
 1 335
 2 336
 0 337
 1 338
 2 339
 1 340
 0 341
 0 342
 1 343
 1 344
 0 345
 0 346
 0 347
 0 348
 0 349
 0 350
 1 351
 0 352
 1 353
 0 354
 1 355
 0 356
 0 357
 0 358
 0 359
 1 360
 0 361
 0 362
 0 363
 0 364
 2 365
 1 366
 0 367
 0 368
 0 369
 1 370
 2 371
 0 372
 1 373
 0 374
 0 375
 1 376
 0 377
 0 378
 0 379
 0 380
 1 381
 0 382
 0 383
 0 384
 1 385
 0 386
 0 387
 1 388
 1 389
 0 390
 0 391
 0 392
 0 393
 0 394
 0 395
 1 396
 0 397
 1 398
 1 399
 0 400
 0 401
 0 402
 0 403
 0 404
 0 405
 0 406
 0 407
 0 408
 0 409
 0 410
 0 411
 0 412
 0 413
 0 414
 0 415
 0 416
 0 417
 0 418
 0 419
 0 420
 0 421
 0 422
 0 423
 0 424
 0 425
 0 426
 0 427
 0 428
 0 429
 0 430
 0 431
 0 432
 0 433
 0 434
 0 435
 0 436
 0 437
 0 438
 0 439
 0 440
 0 441
 0 442
 0 443
 0 444
 0 445
 0 446
 0 447
 0 448
 0 449
 0 450
 0 451
 0 452
 0 453
 0 454
 0 455
 0 456
 0 457
 0 458
 0 459
 0 460
 0 461
 0 462
 0 463
 0 464
 0 465
 0 466
 0 467
 0 468
 0 469
 0 470
 0 471
 0 472
 0 473
 0 474
 0 475
 0 476
 0 477
 0 478
 0 479
 0 480
 0 481
 0 482
 0 483
 0 484
 0 485
 0 486
 0 487
 0 488
 0 489
 0 490
 0 491
 0 492
 0 493
 0 494
 0 495
 0 496
 0 497
 0 498
 0 499
 0 500
 0 501
 0 502
 0 503
 0 504
 0 505
 0 506
 0 507
 0 508
 0 509
 0 510
 0 511
 0 512
 0 513
 0 514
 0 515
 0 516
 0 517
 0 518
 0 519
 0 520
 0 521
 0 522
 0 523
 0 524
 0 525
 0 526
 0 527
 0 528
 0 529
 0 530
 0 531
 0 532
 0 533
 0 534
 0 535
 0 536
 0 537
 0 538
 0 539
 0 540
 0 541
 0 542
 0 543
 0 544
 0 545
 0 546
 0 547
 0 548
 0 549
 0 550
 0 551
 0 552
 0 553
 0 554
 0 555
 0 556
 0 557
 0 558
 0 559
 0 560
 0 561
 0 562
 0 563
 0 564
 0 565
 0 566
 0 567
 0 568
 0 569
 0 570
 0 571
 0 572
 0 573
 0 574
 0 575
 0 576
 0 577
 0 578
 0 579
 0 580
 0 581
 0 582
 0 583
 0 584
 0 585
 0 586
 0 587
 0 588
 0 589
 0 590
 0 591
 0 592
 0 593
 0 594
 0 595
 0 596
 0 597
 0 598
 0 599
 0 600


