# Created by Octave 3.8.2, Mon Jun 22 20:32:56 2020 CEST <damian@fptrucha.inv.usc.es>
# name: hd
# type: matrix
# rows: 551
# columns: 2
 0 50
 0 51
 0 52
 0 53
 0 54
 0 55
 0 56
 0 57
 0 58
 0 59
 0 60
 0 61
 0 62
 0 63
 0 64
 0 65
 0 66
 0 67
 0 68
 0 69
 0 70
 0 71
 0 72
 0 73
 0 74
 0 75
 0 76
 0 77
 0 78
 0 79
 0 80
 0 81
 0 82
 0 83
 0 84
 0 85
 0 86
 0 87
 0 88
 0 89
 5 90
 9 91
 25 92
 91 93
 213 94
 383 95
 556 96
 645 97
 816 98
 1140 99
 1441 100
 1506 101
 1555 102
 1645 103
 1620 104
 1676 105
 1645 106
 1600 107
 1565 108
 1462 109
 1431 110
 1289 111
 1221 112
 1203 113
 1085 114
 979 115
 924 116
 840 117
 778 118
 725 119
 640 120
 566 121
 503 122
 453 123
 385 124
 342 125
 349 126
 290 127
 279 128
 253 129
 235 130
 189 131
 201 132
 165 133
 175 134
 142 135
 139 136
 126 137
 112 138
 99 139
 107 140
 91 141
 81 142
 90 143
 75 144
 74 145
 60 146
 78 147
 58 148
 55 149
 48 150
 49 151
 32 152
 45 153
 39 154
 33 155
 46 156
 34 157
 28 158
 32 159
 42 160
 27 161
 35 162
 30 163
 18 164
 25 165
 14 166
 21 167
 17 168
 18 169
 16 170
 14 171
 15 172
 15 173
 9 174
 7 175
 11 176
 13 177
 12 178
 14 179
 5 180
 4 181
 7 182
 1 183
 6 184
 3 185
 10 186
 4 187
 3 188
 3 189
 4 190
 5 191
 0 192
 1 193
 2 194
 4 195
 0 196
 1 197
 3 198
 1 199
 1 200
 0 201
 0 202
 1 203
 0 204
 0 205
 0 206
 0 207
 2 208
 0 209
 0 210
 0 211
 0 212
 1 213
 2 214
 0 215
 1 216
 0 217
 0 218
 0 219
 0 220
 0 221
 0 222
 0 223
 1 224
 1 225
 0 226
 0 227
 0 228
 1 229
 0 230
 0 231
 0 232
 0 233
 0 234
 0 235
 0 236
 0 237
 0 238
 0 239
 0 240
 0 241
 0 242
 0 243
 0 244
 0 245
 0 246
 0 247
 0 248
 0 249
 0 250
 0 251
 0 252
 0 253
 0 254
 0 255
 0 256
 0 257
 0 258
 0 259
 0 260
 0 261
 0 262
 0 263
 0 264
 0 265
 0 266
 0 267
 0 268
 0 269
 0 270
 0 271
 0 272
 0 273
 0 274
 0 275
 0 276
 0 277
 0 278
 0 279
 0 280
 0 281
 1 282
 0 283
 0 284
 0 285
 0 286
 0 287
 0 288
 1 289
 0 290
 1 291
 0 292
 0 293
 1 294
 1 295
 0 296
 1 297
 0 298
 1 299
 0 300
 1 301
 2 302
 0 303
 0 304
 0 305
 0 306
 0 307
 4 308
 2 309
 1 310
 4 311
 2 312
 1 313
 1 314
 1 315
 2 316
 2 317
 3 318
 3 319
 0 320
 0 321
 3 322
 2 323
 1 324
 0 325
 3 326
 1 327
 2 328
 0 329
 0 330
 1 331
 4 332
 2 333
 1 334
 3 335
 2 336
 0 337
 4 338
 3 339
 2 340
 2 341
 0 342
 1 343
 1 344
 3 345
 2 346
 1 347
 2 348
 0 349
 0 350
 0 351
 3 352
 4 353
 0 354
 0 355
 3 356
 1 357
 1 358
 1 359
 2 360
 0 361
 2 362
 0 363
 1 364
 1 365
 3 366
 1 367
 1 368
 0 369
 0 370
 0 371
 1 372
 1 373
 1 374
 0 375
 0 376
 1 377
 0 378
 0 379
 1 380
 1 381
 1 382
 1 383
 0 384
 0 385
 1 386
 0 387
 1 388
 0 389
 0 390
 0 391
 1 392
 0 393
 1 394
 0 395
 0 396
 0 397
 0 398
 0 399
 1 400
 0 401
 0 402
 0 403
 0 404
 0 405
 0 406
 1 407
 1 408
 0 409
 0 410
 0 411
 1 412
 1 413
 0 414
 0 415
 0 416
 0 417
 0 418
 0 419
 0 420
 0 421
 0 422
 0 423
 0 424
 0 425
 0 426
 0 427
 0 428
 0 429
 0 430
 0 431
 0 432
 0 433
 0 434
 0 435
 0 436
 0 437
 0 438
 0 439
 0 440
 0 441
 0 442
 0 443
 0 444
 0 445
 0 446
 0 447
 0 448
 0 449
 0 450
 0 451
 0 452
 0 453
 0 454
 0 455
 0 456
 0 457
 0 458
 0 459
 0 460
 0 461
 0 462
 0 463
 0 464
 0 465
 0 466
 0 467
 0 468
 0 469
 0 470
 0 471
 0 472
 0 473
 0 474
 0 475
 0 476
 0 477
 0 478
 0 479
 0 480
 0 481
 0 482
 0 483
 0 484
 0 485
 0 486
 0 487
 0 488
 0 489
 0 490
 0 491
 0 492
 0 493
 0 494
 0 495
 0 496
 0 497
 0 498
 0 499
 0 500
 0 501
 0 502
 0 503
 0 504
 0 505
 0 506
 0 507
 0 508
 0 509
 0 510
 0 511
 0 512
 0 513
 0 514
 0 515
 0 516
 0 517
 0 518
 0 519
 0 520
 0 521
 0 522
 0 523
 0 524
 0 525
 0 526
 0 527
 0 528
 0 529
 0 530
 0 531
 0 532
 0 533
 0 534
 0 535
 0 536
 0 537
 0 538
 0 539
 0 540
 0 541
 0 542
 0 543
 0 544
 0 545
 0 546
 0 547
 0 548
 0 549
 0 550
 0 551
 0 552
 0 553
 0 554
 0 555
 0 556
 0 557
 0 558
 0 559
 0 560
 0 561
 0 562
 0 563
 0 564
 0 565
 0 566
 0 567
 0 568
 0 569
 0 570
 0 571
 0 572
 0 573
 0 574
 0 575
 0 576
 0 577
 0 578
 0 579
 0 580
 0 581
 0 582
 0 583
 0 584
 0 585
 0 586
 0 587
 0 588
 0 589
 0 590
 0 591
 0 592
 0 593
 0 594
 0 595
 0 596
 0 597
 0 598
 0 599
 0 600


