# Created by Octave 3.8.2, Sat Jun 20 15:10:48 2020 CEST <damian@fptrucha.inv.usc.es>
# name: hd
# type: matrix
# rows: 551
# columns: 2
 0 50
 0 51
 0 52
 0 53
 0 54
 0 55
 0 56
 0 57
 0 58
 0 59
 0 60
 0 61
 0 62
 0 63
 0 64
 0 65
 0 66
 0 67
 0 68
 0 69
 0 70
 0 71
 0 72
 0 73
 0 74
 0 75
 0 76
 0 77
 0 78
 0 79
 0 80
 0 81
 0 82
 0 83
 0 84
 0 85
 0 86
 0 87
 1 88
 2 89
 4 90
 18 91
 49 92
 142 93
 262 94
 392 95
 488 96
 570 97
 801 98
 1066 99
 1212 100
 1243 101
 1435 102
 1403 103
 1394 104
 1467 105
 1477 106
 1421 107
 1391 108
 1396 109
 1296 110
 1204 111
 1163 112
 1155 113
 1137 114
 1018 115
 939 116
 896 117
 881 118
 727 119
 687 120
 686 121
 581 122
 517 123
 485 124
 422 125
 383 126
 379 127
 340 128
 296 129
 261 130
 257 131
 236 132
 219 133
 194 134
 180 135
 162 136
 157 137
 132 138
 127 139
 121 140
 104 141
 98 142
 99 143
 91 144
 87 145
 70 146
 68 147
 66 148
 55 149
 47 150
 53 151
 46 152
 44 153
 43 154
 40 155
 39 156
 32 157
 27 158
 35 159
 19 160
 24 161
 25 162
 35 163
 31 164
 22 165
 17 166
 23 167
 14 168
 12 169
 16 170
 8 171
 18 172
 13 173
 8 174
 9 175
 5 176
 4 177
 11 178
 8 179
 8 180
 3 181
 5 182
 6 183
 4 184
 6 185
 2 186
 2 187
 1 188
 3 189
 3 190
 4 191
 7 192
 4 193
 3 194
 1 195
 2 196
 1 197
 2 198
 0 199
 3 200
 2 201
 1 202
 1 203
 1 204
 3 205
 1 206
 0 207
 1 208
 0 209
 3 210
 1 211
 0 212
 0 213
 0 214
 1 215
 0 216
 0 217
 0 218
 0 219
 0 220
 0 221
 1 222
 0 223
 0 224
 0 225
 0 226
 0 227
 0 228
 0 229
 0 230
 0 231
 0 232
 0 233
 1 234
 0 235
 0 236
 0 237
 0 238
 0 239
 0 240
 0 241
 0 242
 0 243
 1 244
 0 245
 0 246
 1 247
 0 248
 0 249
 0 250
 0 251
 0 252
 0 253
 0 254
 0 255
 0 256
 0 257
 0 258
 0 259
 0 260
 0 261
 0 262
 0 263
 0 264
 0 265
 0 266
 0 267
 0 268
 0 269
 0 270
 0 271
 0 272
 0 273
 0 274
 0 275
 0 276
 0 277
 1 278
 0 279
 0 280
 0 281
 0 282
 0 283
 0 284
 0 285
 0 286
 1 287
 0 288
 0 289
 0 290
 0 291
 1 292
 1 293
 0 294
 1 295
 1 296
 1 297
 2 298
 0 299
 0 300
 1 301
 0 302
 1 303
 2 304
 3 305
 0 306
 0 307
 1 308
 1 309
 0 310
 1 311
 1 312
 0 313
 1 314
 3 315
 0 316
 0 317
 0 318
 0 319
 1 320
 1 321
 0 322
 0 323
 0 324
 2 325
 0 326
 0 327
 1 328
 1 329
 2 330
 2 331
 1 332
 1 333
 0 334
 2 335
 2 336
 4 337
 0 338
 1 339
 2 340
 2 341
 1 342
 4 343
 0 344
 1 345
 0 346
 0 347
 3 348
 3 349
 1 350
 0 351
 0 352
 1 353
 1 354
 3 355
 2 356
 3 357
 2 358
 1 359
 1 360
 2 361
 0 362
 1 363
 1 364
 1 365
 2 366
 1 367
 1 368
 0 369
 1 370
 2 371
 0 372
 0 373
 2 374
 0 375
 0 376
 2 377
 1 378
 2 379
 1 380
 0 381
 0 382
 0 383
 0 384
 2 385
 1 386
 0 387
 0 388
 0 389
 0 390
 2 391
 0 392
 0 393
 0 394
 0 395
 0 396
 1 397
 0 398
 0 399
 0 400
 0 401
 0 402
 0 403
 0 404
 0 405
 0 406
 0 407
 0 408
 0 409
 0 410
 0 411
 0 412
 0 413
 0 414
 0 415
 0 416
 0 417
 0 418
 0 419
 1 420
 0 421
 0 422
 0 423
 1 424
 0 425
 0 426
 0 427
 0 428
 0 429
 0 430
 0 431
 0 432
 0 433
 0 434
 0 435
 0 436
 0 437
 0 438
 0 439
 0 440
 0 441
 0 442
 0 443
 0 444
 0 445
 0 446
 0 447
 0 448
 0 449
 0 450
 0 451
 0 452
 0 453
 0 454
 0 455
 0 456
 0 457
 0 458
 0 459
 0 460
 0 461
 0 462
 0 463
 0 464
 0 465
 0 466
 0 467
 0 468
 0 469
 0 470
 0 471
 0 472
 0 473
 0 474
 0 475
 0 476
 0 477
 0 478
 0 479
 0 480
 0 481
 0 482
 0 483
 0 484
 0 485
 0 486
 0 487
 0 488
 0 489
 0 490
 0 491
 0 492
 0 493
 0 494
 0 495
 0 496
 0 497
 0 498
 0 499
 0 500
 0 501
 0 502
 0 503
 0 504
 0 505
 0 506
 0 507
 0 508
 0 509
 0 510
 0 511
 0 512
 0 513
 0 514
 0 515
 0 516
 0 517
 0 518
 0 519
 0 520
 0 521
 0 522
 0 523
 0 524
 0 525
 0 526
 0 527
 0 528
 0 529
 0 530
 0 531
 0 532
 0 533
 0 534
 0 535
 0 536
 0 537
 0 538
 0 539
 0 540
 0 541
 0 542
 0 543
 0 544
 0 545
 0 546
 0 547
 0 548
 0 549
 0 550
 0 551
 0 552
 0 553
 0 554
 0 555
 0 556
 0 557
 0 558
 0 559
 0 560
 0 561
 0 562
 0 563
 0 564
 0 565
 0 566
 0 567
 0 568
 0 569
 0 570
 0 571
 0 572
 0 573
 0 574
 0 575
 0 576
 0 577
 0 578
 0 579
 0 580
 0 581
 0 582
 0 583
 0 584
 0 585
 0 586
 0 587
 0 588
 0 589
 0 590
 0 591
 0 592
 0 593
 0 594
 0 595
 0 596
 0 597
 0 598
 0 599
 0 600


