# Created by Octave 3.8.2, Sat Jun 20 14:09:35 2020 CEST <damian@fptrucha.inv.usc.es>
# name: hd
# type: matrix
# rows: 551
# columns: 2
 0 50
 0 51
 0 52
 0 53
 0 54
 0 55
 0 56
 0 57
 0 58
 0 59
 0 60
 0 61
 0 62
 0 63
 0 64
 0 65
 0 66
 0 67
 0 68
 0 69
 0 70
 0 71
 0 72
 0 73
 0 74
 0 75
 0 76
 0 77
 0 78
 0 79
 0 80
 0 81
 0 82
 0 83
 0 84
 0 85
 0 86
 0 87
 0 88
 3 89
 9 90
 18 91
 49 92
 125 93
 271 94
 403 95
 501 96
 631 97
 896 98
 1109 99
 1260 100
 1347 101
 1372 102
 1426 103
 1515 104
 1500 105
 1513 106
 1501 107
 1484 108
 1401 109
 1312 110
 1293 111
 1171 112
 1179 113
 1092 114
 1058 115
 898 116
 848 117
 839 118
 711 119
 688 120
 581 121
 612 122
 510 123
 474 124
 449 125
 381 126
 352 127
 338 128
 292 129
 266 130
 210 131
 240 132
 209 133
 206 134
 147 135
 157 136
 120 137
 128 138
 134 139
 105 140
 110 141
 90 142
 77 143
 75 144
 76 145
 79 146
 67 147
 58 148
 49 149
 53 150
 54 151
 49 152
 43 153
 34 154
 33 155
 32 156
 27 157
 32 158
 21 159
 25 160
 25 161
 26 162
 24 163
 20 164
 13 165
 18 166
 17 167
 17 168
 11 169
 12 170
 8 171
 10 172
 10 173
 6 174
 13 175
 8 176
 8 177
 6 178
 5 179
 6 180
 5 181
 5 182
 3 183
 1 184
 3 185
 5 186
 3 187
 5 188
 3 189
 4 190
 3 191
 4 192
 2 193
 0 194
 3 195
 1 196
 2 197
 0 198
 0 199
 0 200
 2 201
 1 202
 3 203
 1 204
 2 205
 0 206
 1 207
 0 208
 0 209
 1 210
 0 211
 0 212
 1 213
 0 214
 0 215
 0 216
 0 217
 0 218
 0 219
 0 220
 0 221
 0 222
 0 223
 0 224
 1 225
 0 226
 0 227
 0 228
 0 229
 0 230
 0 231
 0 232
 0 233
 1 234
 0 235
 0 236
 0 237
 0 238
 0 239
 0 240
 0 241
 0 242
 0 243
 0 244
 0 245
 0 246
 0 247
 0 248
 0 249
 0 250
 0 251
 0 252
 0 253
 0 254
 0 255
 0 256
 0 257
 0 258
 0 259
 0 260
 0 261
 0 262
 0 263
 1 264
 0 265
 0 266
 0 267
 0 268
 0 269
 0 270
 0 271
 0 272
 0 273
 0 274
 0 275
 0 276
 0 277
 0 278
 0 279
 0 280
 1 281
 0 282
 0 283
 0 284
 0 285
 0 286
 1 287
 0 288
 1 289
 0 290
 1 291
 0 292
 1 293
 0 294
 0 295
 0 296
 0 297
 1 298
 0 299
 0 300
 0 301
 0 302
 0 303
 1 304
 0 305
 0 306
 0 307
 1 308
 0 309
 0 310
 3 311
 1 312
 2 313
 1 314
 0 315
 0 316
 2 317
 1 318
 0 319
 2 320
 1 321
 2 322
 0 323
 1 324
 0 325
 1 326
 1 327
 3 328
 2 329
 2 330
 0 331
 3 332
 3 333
 1 334
 1 335
 1 336
 2 337
 0 338
 1 339
 1 340
 2 341
 2 342
 1 343
 0 344
 2 345
 0 346
 3 347
 1 348
 0 349
 2 350
 2 351
 2 352
 0 353
 1 354
 3 355
 1 356
 0 357
 0 358
 4 359
 1 360
 0 361
 1 362
 0 363
 0 364
 0 365
 0 366
 1 367
 2 368
 1 369
 0 370
 0 371
 0 372
 1 373
 0 374
 2 375
 0 376
 1 377
 0 378
 1 379
 0 380
 0 381
 1 382
 0 383
 1 384
 0 385
 1 386
 0 387
 0 388
 0 389
 1 390
 0 391
 0 392
 0 393
 1 394
 1 395
 0 396
 0 397
 0 398
 0 399
 0 400
 0 401
 0 402
 1 403
 0 404
 0 405
 0 406
 0 407
 0 408
 0 409
 0 410
 0 411
 0 412
 0 413
 0 414
 0 415
 0 416
 0 417
 0 418
 0 419
 0 420
 0 421
 0 422
 0 423
 0 424
 0 425
 0 426
 0 427
 0 428
 0 429
 0 430
 0 431
 0 432
 0 433
 0 434
 0 435
 0 436
 0 437
 0 438
 0 439
 0 440
 0 441
 0 442
 0 443
 0 444
 0 445
 0 446
 0 447
 0 448
 0 449
 0 450
 0 451
 0 452
 0 453
 0 454
 0 455
 0 456
 0 457
 0 458
 0 459
 0 460
 0 461
 0 462
 0 463
 0 464
 0 465
 0 466
 0 467
 0 468
 0 469
 0 470
 0 471
 0 472
 0 473
 0 474
 0 475
 0 476
 0 477
 0 478
 0 479
 0 480
 0 481
 0 482
 0 483
 0 484
 0 485
 0 486
 0 487
 0 488
 0 489
 0 490
 0 491
 0 492
 0 493
 0 494
 0 495
 0 496
 0 497
 0 498
 0 499
 0 500
 0 501
 0 502
 0 503
 0 504
 0 505
 0 506
 0 507
 0 508
 0 509
 0 510
 0 511
 0 512
 0 513
 0 514
 0 515
 0 516
 0 517
 0 518
 0 519
 0 520
 0 521
 0 522
 0 523
 0 524
 0 525
 0 526
 0 527
 0 528
 0 529
 0 530
 0 531
 0 532
 0 533
 0 534
 0 535
 0 536
 0 537
 0 538
 0 539
 0 540
 0 541
 0 542
 0 543
 0 544
 0 545
 0 546
 0 547
 0 548
 0 549
 0 550
 0 551
 0 552
 0 553
 0 554
 0 555
 0 556
 0 557
 0 558
 0 559
 0 560
 0 561
 0 562
 0 563
 0 564
 0 565
 0 566
 0 567
 0 568
 0 569
 0 570
 0 571
 0 572
 0 573
 0 574
 0 575
 0 576
 0 577
 0 578
 0 579
 0 580
 0 581
 0 582
 0 583
 0 584
 0 585
 0 586
 0 587
 0 588
 0 589
 0 590
 0 591
 0 592
 0 593
 0 594
 0 595
 0 596
 0 597
 0 598
 0 599
 0 600


