# Created by Octave 3.8.2, Mon Jun 22 00:21:00 2020 CEST <damian@fptrucha.inv.usc.es>
# name: hd
# type: matrix
# rows: 551
# columns: 2
 0 50
 0 51
 0 52
 0 53
 0 54
 0 55
 0 56
 0 57
 0 58
 0 59
 0 60
 0 61
 0 62
 0 63
 0 64
 0 65
 0 66
 0 67
 0 68
 0 69
 0 70
 0 71
 0 72
 0 73
 0 74
 0 75
 0 76
 0 77
 0 78
 0 79
 0 80
 0 81
 0 82
 0 83
 0 84
 0 85
 0 86
 0 87
 0 88
 7 89
 7 90
 20 91
 59 92
 135 93
 268 94
 367 95
 441 96
 521 97
 750 98
 981 99
 1080 100
 1177 101
 1208 102
 1234 103
 1291 104
 1291 105
 1340 106
 1339 107
 1312 108
 1289 109
 1209 110
 1182 111
 1197 112
 1085 113
 1042 114
 1040 115
 892 116
 824 117
 849 118
 774 119
 725 120
 603 121
 596 122
 549 123
 488 124
 475 125
 412 126
 358 127
 347 128
 280 129
 275 130
 247 131
 225 132
 220 133
 201 134
 195 135
 159 136
 140 137
 137 138
 121 139
 119 140
 98 141
 77 142
 83 143
 67 144
 73 145
 63 146
 57 147
 54 148
 56 149
 42 150
 41 151
 44 152
 39 153
 37 154
 39 155
 27 156
 38 157
 19 158
 30 159
 20 160
 22 161
 21 162
 19 163
 16 164
 16 165
 15 166
 17 167
 9 168
 10 169
 13 170
 8 171
 11 172
 10 173
 7 174
 5 175
 9 176
 9 177
 3 178
 7 179
 2 180
 4 181
 3 182
 3 183
 3 184
 5 185
 1 186
 2 187
 4 188
 5 189
 2 190
 2 191
 2 192
 1 193
 3 194
 3 195
 1 196
 1 197
 2 198
 0 199
 2 200
 1 201
 0 202
 0 203
 0 204
 1 205
 1 206
 1 207
 1 208
 0 209
 0 210
 0 211
 0 212
 0 213
 0 214
 0 215
 1 216
 0 217
 0 218
 1 219
 0 220
 0 221
 0 222
 0 223
 0 224
 0 225
 0 226
 0 227
 0 228
 0 229
 0 230
 0 231
 0 232
 0 233
 0 234
 1 235
 0 236
 0 237
 0 238
 1 239
 0 240
 0 241
 0 242
 0 243
 0 244
 0 245
 0 246
 0 247
 0 248
 0 249
 0 250
 0 251
 0 252
 0 253
 0 254
 0 255
 0 256
 0 257
 0 258
 0 259
 0 260
 0 261
 0 262
 0 263
 0 264
 0 265
 0 266
 0 267
 0 268
 0 269
 0 270
 0 271
 0 272
 0 273
 0 274
 0 275
 0 276
 0 277
 0 278
 0 279
 0 280
 0 281
 0 282
 0 283
 0 284
 0 285
 0 286
 0 287
 1 288
 0 289
 0 290
 0 291
 1 292
 0 293
 1 294
 0 295
 0 296
 0 297
 1 298
 2 299
 0 300
 1 301
 1 302
 3 303
 0 304
 0 305
 0 306
 0 307
 1 308
 1 309
 1 310
 1 311
 0 312
 1 313
 2 314
 1 315
 1 316
 3 317
 2 318
 1 319
 2 320
 1 321
 0 322
 2 323
 2 324
 1 325
 0 326
 0 327
 0 328
 3 329
 2 330
 1 331
 2 332
 0 333
 5 334
 0 335
 0 336
 1 337
 1 338
 0 339
 4 340
 5 341
 0 342
 1 343
 1 344
 0 345
 1 346
 1 347
 1 348
 1 349
 1 350
 0 351
 2 352
 1 353
 1 354
 1 355
 1 356
 2 357
 0 358
 1 359
 0 360
 1 361
 1 362
 0 363
 0 364
 1 365
 1 366
 1 367
 0 368
 1 369
 1 370
 1 371
 2 372
 0 373
 1 374
 0 375
 1 376
 0 377
 1 378
 0 379
 0 380
 1 381
 2 382
 1 383
 1 384
 0 385
 0 386
 0 387
 0 388
 0 389
 0 390
 0 391
 0 392
 0 393
 0 394
 0 395
 0 396
 0 397
 0 398
 0 399
 0 400
 0 401
 0 402
 0 403
 0 404
 0 405
 0 406
 0 407
 0 408
 0 409
 0 410
 0 411
 0 412
 0 413
 1 414
 0 415
 0 416
 0 417
 0 418
 0 419
 0 420
 0 421
 0 422
 0 423
 0 424
 0 425
 0 426
 0 427
 0 428
 0 429
 0 430
 0 431
 0 432
 0 433
 0 434
 0 435
 0 436
 0 437
 0 438
 0 439
 0 440
 0 441
 0 442
 0 443
 0 444
 0 445
 0 446
 0 447
 0 448
 0 449
 0 450
 0 451
 0 452
 0 453
 0 454
 0 455
 0 456
 0 457
 0 458
 0 459
 0 460
 0 461
 0 462
 0 463
 0 464
 0 465
 0 466
 0 467
 0 468
 0 469
 0 470
 0 471
 0 472
 0 473
 0 474
 0 475
 0 476
 0 477
 0 478
 0 479
 0 480
 0 481
 0 482
 0 483
 0 484
 0 485
 0 486
 0 487
 0 488
 0 489
 0 490
 0 491
 0 492
 0 493
 0 494
 0 495
 0 496
 0 497
 0 498
 0 499
 0 500
 0 501
 0 502
 0 503
 0 504
 0 505
 0 506
 0 507
 0 508
 0 509
 0 510
 0 511
 0 512
 0 513
 0 514
 0 515
 0 516
 0 517
 0 518
 0 519
 0 520
 0 521
 0 522
 0 523
 0 524
 0 525
 0 526
 0 527
 0 528
 0 529
 0 530
 0 531
 0 532
 0 533
 0 534
 0 535
 0 536
 0 537
 0 538
 0 539
 0 540
 0 541
 0 542
 0 543
 0 544
 0 545
 0 546
 0 547
 0 548
 0 549
 0 550
 0 551
 0 552
 0 553
 0 554
 0 555
 0 556
 0 557
 0 558
 0 559
 0 560
 0 561
 0 562
 0 563
 0 564
 0 565
 0 566
 0 567
 0 568
 0 569
 0 570
 0 571
 0 572
 0 573
 0 574
 0 575
 0 576
 0 577
 0 578
 0 579
 0 580
 0 581
 0 582
 0 583
 0 584
 0 585
 0 586
 0 587
 0 588
 0 589
 0 590
 0 591
 0 592
 0 593
 0 594
 0 595
 0 596
 0 597
 0 598
 0 599
 0 600


