# Created by Octave 3.8.2, Sat Jun 20 06:19:28 2020 CEST <damian@fptrucha.inv.usc.es>
# name: hd
# type: matrix
# rows: 551
# columns: 2
 0 50
 0 51
 0 52
 0 53
 0 54
 0 55
 0 56
 0 57
 0 58
 1 59
 0 60
 0 61
 0 62
 0 63
 0 64
 0 65
 0 66
 0 67
 0 68
 0 69
 0 70
 0 71
 0 72
 0 73
 0 74
 0 75
 0 76
 0 77
 0 78
 0 79
 0 80
 0 81
 0 82
 0 83
 0 84
 0 85
 0 86
 0 87
 0 88
 1 89
 14 90
 22 91
 51 92
 142 93
 305 94
 457 95
 549 96
 755 97
 992 98
 1238 99
 1420 100
 1494 101
 1664 102
 1669 103
 1640 104
 1625 105
 1606 106
 1645 107
 1583 108
 1442 109
 1459 110
 1353 111
 1262 112
 1196 113
 1128 114
 1160 115
 1019 116
 903 117
 829 118
 789 119
 702 120
 619 121
 579 122
 526 123
 517 124
 446 125
 387 126
 362 127
 278 128
 294 129
 284 130
 232 131
 230 132
 188 133
 180 134
 140 135
 157 136
 130 137
 149 138
 134 139
 108 140
 83 141
 105 142
 72 143
 84 144
 71 145
 69 146
 70 147
 66 148
 46 149
 51 150
 53 151
 38 152
 51 153
 31 154
 32 155
 31 156
 41 157
 28 158
 29 159
 24 160
 20 161
 22 162
 20 163
 28 164
 31 165
 12 166
 13 167
 21 168
 15 169
 16 170
 19 171
 6 172
 8 173
 9 174
 8 175
 8 176
 10 177
 4 178
 4 179
 12 180
 3 181
 6 182
 6 183
 4 184
 1 185
 6 186
 7 187
 3 188
 3 189
 3 190
 3 191
 1 192
 0 193
 1 194
 2 195
 2 196
 0 197
 2 198
 1 199
 0 200
 3 201
 1 202
 2 203
 2 204
 0 205
 0 206
 1 207
 1 208
 0 209
 1 210
 1 211
 0 212
 0 213
 0 214
 0 215
 2 216
 1 217
 0 218
 0 219
 0 220
 2 221
 0 222
 0 223
 0 224
 0 225
 0 226
 0 227
 1 228
 1 229
 0 230
 0 231
 0 232
 0 233
 0 234
 0 235
 0 236
 0 237
 0 238
 0 239
 0 240
 1 241
 0 242
 0 243
 0 244
 0 245
 1 246
 0 247
 0 248
 0 249
 0 250
 0 251
 0 252
 0 253
 0 254
 0 255
 0 256
 0 257
 1 258
 0 259
 0 260
 0 261
 0 262
 0 263
 0 264
 0 265
 0 266
 0 267
 0 268
 0 269
 0 270
 0 271
 0 272
 0 273
 0 274
 0 275
 0 276
 0 277
 0 278
 0 279
 0 280
 0 281
 0 282
 0 283
 0 284
 0 285
 0 286
 0 287
 0 288
 0 289
 0 290
 0 291
 1 292
 1 293
 0 294
 0 295
 0 296
 0 297
 0 298
 0 299
 1 300
 0 301
 1 302
 1 303
 1 304
 1 305
 0 306
 0 307
 1 308
 1 309
 0 310
 2 311
 1 312
 0 313
 1 314
 1 315
 1 316
 3 317
 0 318
 2 319
 1 320
 3 321
 0 322
 2 323
 2 324
 1 325
 1 326
 0 327
 1 328
 3 329
 2 330
 2 331
 0 332
 2 333
 2 334
 4 335
 2 336
 1 337
 3 338
 2 339
 2 340
 0 341
 0 342
 2 343
 1 344
 1 345
 2 346
 2 347
 0 348
 2 349
 1 350
 1 351
 3 352
 2 353
 0 354
 0 355
 0 356
 1 357
 1 358
 1 359
 0 360
 0 361
 0 362
 1 363
 0 364
 0 365
 1 366
 1 367
 3 368
 0 369
 0 370
 0 371
 0 372
 0 373
 1 374
 1 375
 0 376
 3 377
 0 378
 0 379
 2 380
 0 381
 1 382
 0 383
 0 384
 0 385
 1 386
 1 387
 0 388
 1 389
 2 390
 0 391
 0 392
 1 393
 0 394
 1 395
 0 396
 0 397
 0 398
 0 399
 0 400
 0 401
 0 402
 0 403
 0 404
 0 405
 1 406
 0 407
 0 408
 2 409
 0 410
 0 411
 0 412
 0 413
 0 414
 0 415
 0 416
 0 417
 0 418
 0 419
 0 420
 0 421
 0 422
 0 423
 1 424
 0 425
 0 426
 0 427
 0 428
 0 429
 0 430
 0 431
 0 432
 0 433
 0 434
 0 435
 0 436
 0 437
 0 438
 0 439
 0 440
 0 441
 0 442
 0 443
 0 444
 0 445
 0 446
 0 447
 0 448
 0 449
 0 450
 0 451
 0 452
 0 453
 0 454
 0 455
 0 456
 0 457
 0 458
 0 459
 0 460
 0 461
 0 462
 0 463
 0 464
 0 465
 0 466
 0 467
 0 468
 0 469
 0 470
 0 471
 0 472
 0 473
 0 474
 0 475
 0 476
 0 477
 0 478
 0 479
 0 480
 0 481
 0 482
 0 483
 0 484
 0 485
 0 486
 0 487
 0 488
 0 489
 0 490
 0 491
 0 492
 0 493
 0 494
 0 495
 0 496
 0 497
 0 498
 0 499
 0 500
 0 501
 0 502
 0 503
 0 504
 0 505
 0 506
 0 507
 0 508
 0 509
 0 510
 0 511
 0 512
 0 513
 0 514
 0 515
 0 516
 0 517
 0 518
 0 519
 0 520
 0 521
 0 522
 0 523
 0 524
 0 525
 0 526
 0 527
 0 528
 0 529
 0 530
 0 531
 0 532
 0 533
 0 534
 0 535
 0 536
 0 537
 0 538
 0 539
 0 540
 0 541
 0 542
 0 543
 0 544
 0 545
 0 546
 0 547
 0 548
 0 549
 0 550
 0 551
 0 552
 0 553
 0 554
 0 555
 0 556
 0 557
 0 558
 0 559
 0 560
 0 561
 0 562
 0 563
 0 564
 0 565
 0 566
 0 567
 0 568
 0 569
 0 570
 0 571
 0 572
 0 573
 0 574
 0 575
 0 576
 0 577
 0 578
 0 579
 0 580
 0 581
 0 582
 0 583
 0 584
 0 585
 0 586
 0 587
 0 588
 0 589
 0 590
 0 591
 0 592
 0 593
 0 594
 0 595
 0 596
 0 597
 0 598
 0 599
 0 600


