# Created by Octave 3.8.2, Mon Jun 22 13:41:52 2020 CEST <damian@fptrucha.inv.usc.es>
# name: hd
# type: matrix
# rows: 551
# columns: 2
 0 50
 0 51
 0 52
 0 53
 0 54
 0 55
 0 56
 0 57
 0 58
 0 59
 0 60
 0 61
 0 62
 0 63
 0 64
 0 65
 0 66
 0 67
 0 68
 0 69
 0 70
 0 71
 0 72
 0 73
 0 74
 0 75
 0 76
 0 77
 0 78
 0 79
 0 80
 0 81
 0 82
 0 83
 0 84
 0 85
 0 86
 0 87
 0 88
 0 89
 8 90
 12 91
 29 92
 103 93
 214 94
 379 95
 540 96
 681 97
 810 98
 1085 99
 1434 100
 1477 101
 1529 102
 1670 103
 1609 104
 1634 105
 1559 106
 1567 107
 1456 108
 1421 109
 1380 110
 1308 111
 1201 112
 1068 113
 1012 114
 969 115
 835 116
 772 117
 708 118
 637 119
 605 120
 544 121
 468 122
 422 123
 368 124
 352 125
 282 126
 254 127
 243 128
 223 129
 206 130
 195 131
 187 132
 174 133
 110 134
 142 135
 114 136
 123 137
 110 138
 99 139
 84 140
 86 141
 66 142
 72 143
 74 144
 71 145
 52 146
 62 147
 59 148
 43 149
 38 150
 35 151
 35 152
 32 153
 33 154
 35 155
 26 156
 21 157
 23 158
 25 159
 19 160
 22 161
 27 162
 14 163
 21 164
 17 165
 17 166
 19 167
 10 168
 17 169
 19 170
 16 171
 8 172
 11 173
 12 174
 7 175
 7 176
 6 177
 6 178
 5 179
 10 180
 4 181
 5 182
 5 183
 4 184
 5 185
 4 186
 2 187
 5 188
 3 189
 1 190
 4 191
 2 192
 0 193
 4 194
 0 195
 3 196
 1 197
 1 198
 4 199
 0 200
 1 201
 2 202
 2 203
 1 204
 0 205
 1 206
 1 207
 0 208
 0 209
 0 210
 1 211
 0 212
 1 213
 0 214
 0 215
 0 216
 2 217
 0 218
 0 219
 0 220
 1 221
 0 222
 0 223
 0 224
 0 225
 0 226
 0 227
 1 228
 0 229
 1 230
 0 231
 0 232
 0 233
 0 234
 0 235
 0 236
 0 237
 0 238
 0 239
 0 240
 0 241
 0 242
 0 243
 0 244
 0 245
 0 246
 0 247
 0 248
 0 249
 0 250
 0 251
 0 252
 0 253
 0 254
 0 255
 0 256
 0 257
 0 258
 0 259
 0 260
 0 261
 0 262
 0 263
 0 264
 0 265
 0 266
 0 267
 0 268
 0 269
 0 270
 0 271
 0 272
 0 273
 0 274
 0 275
 0 276
 0 277
 0 278
 0 279
 0 280
 0 281
 0 282
 0 283
 0 284
 0 285
 0 286
 0 287
 0 288
 0 289
 0 290
 0 291
 1 292
 0 293
 0 294
 1 295
 0 296
 1 297
 2 298
 0 299
 2 300
 1 301
 1 302
 0 303
 3 304
 2 305
 2 306
 1 307
 1 308
 1 309
 1 310
 3 311
 1 312
 1 313
 1 314
 1 315
 5 316
 1 317
 1 318
 1 319
 1 320
 0 321
 1 322
 2 323
 2 324
 1 325
 1 326
 1 327
 0 328
 0 329
 1 330
 2 331
 1 332
 2 333
 1 334
 2 335
 5 336
 0 337
 1 338
 1 339
 3 340
 2 341
 3 342
 0 343
 1 344
 2 345
 1 346
 0 347
 3 348
 2 349
 0 350
 1 351
 0 352
 1 353
 1 354
 0 355
 2 356
 0 357
 1 358
 1 359
 3 360
 2 361
 2 362
 1 363
 1 364
 1 365
 2 366
 0 367
 0 368
 0 369
 1 370
 0 371
 1 372
 0 373
 0 374
 0 375
 1 376
 2 377
 1 378
 0 379
 0 380
 0 381
 2 382
 0 383
 0 384
 0 385
 1 386
 1 387
 1 388
 1 389
 1 390
 0 391
 0 392
 0 393
 1 394
 0 395
 1 396
 0 397
 0 398
 0 399
 0 400
 0 401
 0 402
 0 403
 0 404
 0 405
 0 406
 0 407
 0 408
 0 409
 0 410
 0 411
 0 412
 0 413
 0 414
 0 415
 0 416
 0 417
 0 418
 0 419
 0 420
 0 421
 0 422
 0 423
 0 424
 0 425
 0 426
 0 427
 0 428
 0 429
 0 430
 0 431
 0 432
 0 433
 0 434
 0 435
 0 436
 0 437
 0 438
 0 439
 0 440
 0 441
 0 442
 0 443
 0 444
 0 445
 0 446
 0 447
 0 448
 0 449
 0 450
 0 451
 0 452
 0 453
 0 454
 0 455
 0 456
 0 457
 0 458
 0 459
 0 460
 0 461
 0 462
 0 463
 0 464
 0 465
 0 466
 0 467
 0 468
 0 469
 0 470
 0 471
 0 472
 0 473
 0 474
 0 475
 0 476
 0 477
 0 478
 0 479
 0 480
 0 481
 0 482
 0 483
 0 484
 0 485
 0 486
 0 487
 0 488
 0 489
 0 490
 0 491
 0 492
 0 493
 0 494
 0 495
 0 496
 0 497
 0 498
 0 499
 0 500
 0 501
 0 502
 0 503
 0 504
 0 505
 0 506
 0 507
 0 508
 0 509
 0 510
 0 511
 0 512
 0 513
 0 514
 0 515
 0 516
 0 517
 0 518
 0 519
 0 520
 0 521
 0 522
 0 523
 0 524
 0 525
 0 526
 0 527
 0 528
 0 529
 0 530
 0 531
 0 532
 0 533
 0 534
 0 535
 0 536
 0 537
 0 538
 0 539
 0 540
 0 541
 0 542
 0 543
 0 544
 0 545
 0 546
 0 547
 0 548
 0 549
 0 550
 0 551
 0 552
 0 553
 0 554
 0 555
 0 556
 0 557
 0 558
 0 559
 0 560
 0 561
 0 562
 0 563
 0 564
 0 565
 0 566
 0 567
 0 568
 0 569
 0 570
 0 571
 0 572
 0 573
 0 574
 0 575
 0 576
 0 577
 0 578
 0 579
 0 580
 0 581
 0 582
 0 583
 0 584
 0 585
 0 586
 0 587
 0 588
 0 589
 0 590
 0 591
 0 592
 0 593
 0 594
 0 595
 0 596
 0 597
 0 598
 0 599
 0 600


