# Created by Octave 3.8.2, Mon Jun 22 15:50:49 2020 CEST <damian@fptrucha.inv.usc.es>
# name: hd
# type: matrix
# rows: 551
# columns: 2
 0 50
 0 51
 0 52
 0 53
 0 54
 0 55
 0 56
 0 57
 0 58
 0 59
 0 60
 0 61
 0 62
 0 63
 0 64
 0 65
 0 66
 0 67
 0 68
 0 69
 0 70
 0 71
 0 72
 0 73
 0 74
 0 75
 0 76
 0 77
 0 78
 0 79
 0 80
 0 81
 0 82
 0 83
 0 84
 0 85
 0 86
 0 87
 0 88
 0 89
 8 90
 18 91
 42 92
 107 93
 254 94
 432 95
 600 96
 733 97
 899 98
 1153 99
 1562 100
 1688 101
 1736 102
 1745 103
 1776 104
 1692 105
 1720 106
 1627 107
 1569 108
 1444 109
 1406 110
 1277 111
 1239 112
 1130 113
 1019 114
 964 115
 818 116
 749 117
 708 118
 596 119
 543 120
 459 121
 467 122
 397 123
 362 124
 313 125
 290 126
 239 127
 227 128
 203 129
 209 130
 177 131
 148 132
 156 133
 112 134
 109 135
 109 136
 97 137
 86 138
 86 139
 76 140
 79 141
 85 142
 61 143
 56 144
 59 145
 61 146
 54 147
 45 148
 38 149
 28 150
 37 151
 25 152
 32 153
 38 154
 32 155
 24 156
 33 157
 23 158
 25 159
 21 160
 17 161
 28 162
 22 163
 22 164
 25 165
 22 166
 14 167
 15 168
 8 169
 7 170
 6 171
 4 172
 7 173
 12 174
 5 175
 6 176
 6 177
 7 178
 10 179
 4 180
 8 181
 7 182
 3 183
 5 184
 3 185
 5 186
 5 187
 4 188
 6 189
 7 190
 1 191
 3 192
 1 193
 2 194
 2 195
 2 196
 2 197
 0 198
 0 199
 2 200
 1 201
 2 202
 2 203
 0 204
 0 205
 1 206
 0 207
 0 208
 1 209
 2 210
 1 211
 0 212
 1 213
 1 214
 0 215
 0 216
 1 217
 0 218
 0 219
 0 220
 0 221
 0 222
 0 223
 0 224
 1 225
 0 226
 1 227
 0 228
 0 229
 0 230
 0 231
 0 232
 0 233
 0 234
 0 235
 0 236
 0 237
 0 238
 0 239
 1 240
 0 241
 0 242
 1 243
 0 244
 0 245
 0 246
 0 247
 0 248
 0 249
 0 250
 0 251
 0 252
 0 253
 0 254
 0 255
 0 256
 0 257
 0 258
 0 259
 0 260
 0 261
 0 262
 0 263
 0 264
 0 265
 0 266
 0 267
 0 268
 0 269
 0 270
 0 271
 0 272
 0 273
 0 274
 0 275
 0 276
 0 277
 0 278
 0 279
 0 280
 0 281
 0 282
 1 283
 0 284
 0 285
 0 286
 1 287
 0 288
 0 289
 0 290
 0 291
 0 292
 0 293
 1 294
 0 295
 0 296
 0 297
 0 298
 1 299
 0 300
 0 301
 0 302
 0 303
 0 304
 0 305
 0 306
 2 307
 0 308
 0 309
 1 310
 2 311
 1 312
 1 313
 1 314
 2 315
 0 316
 0 317
 2 318
 1 319
 1 320
 3 321
 2 322
 2 323
 0 324
 2 325
 1 326
 2 327
 2 328
 4 329
 2 330
 2 331
 1 332
 0 333
 0 334
 0 335
 1 336
 3 337
 1 338
 1 339
 0 340
 1 341
 4 342
 2 343
 2 344
 2 345
 1 346
 0 347
 2 348
 2 349
 0 350
 1 351
 3 352
 1 353
 2 354
 0 355
 2 356
 4 357
 0 358
 0 359
 2 360
 2 361
 0 362
 5 363
 0 364
 1 365
 0 366
 1 367
 0 368
 0 369
 2 370
 0 371
 2 372
 0 373
 1 374
 0 375
 0 376
 0 377
 1 378
 0 379
 0 380
 1 381
 2 382
 1 383
 1 384
 0 385
 0 386
 0 387
 0 388
 0 389
 0 390
 0 391
 0 392
 0 393
 0 394
 0 395
 0 396
 0 397
 0 398
 0 399
 0 400
 0 401
 0 402
 0 403
 0 404
 0 405
 0 406
 0 407
 0 408
 0 409
 1 410
 0 411
 0 412
 0 413
 0 414
 0 415
 0 416
 0 417
 0 418
 0 419
 0 420
 0 421
 0 422
 0 423
 0 424
 0 425
 0 426
 0 427
 0 428
 0 429
 0 430
 0 431
 0 432
 0 433
 0 434
 0 435
 0 436
 0 437
 0 438
 0 439
 0 440
 0 441
 0 442
 0 443
 0 444
 0 445
 0 446
 0 447
 0 448
 0 449
 0 450
 0 451
 0 452
 0 453
 0 454
 0 455
 0 456
 0 457
 0 458
 0 459
 0 460
 0 461
 0 462
 0 463
 0 464
 0 465
 0 466
 0 467
 0 468
 0 469
 0 470
 0 471
 0 472
 0 473
 0 474
 0 475
 0 476
 0 477
 0 478
 0 479
 0 480
 0 481
 0 482
 0 483
 0 484
 0 485
 0 486
 0 487
 0 488
 0 489
 0 490
 0 491
 0 492
 0 493
 0 494
 0 495
 0 496
 0 497
 0 498
 0 499
 0 500
 0 501
 0 502
 0 503
 0 504
 0 505
 0 506
 0 507
 0 508
 0 509
 0 510
 0 511
 0 512
 0 513
 0 514
 0 515
 0 516
 0 517
 0 518
 0 519
 0 520
 0 521
 0 522
 0 523
 0 524
 0 525
 0 526
 0 527
 0 528
 0 529
 0 530
 0 531
 0 532
 0 533
 0 534
 0 535
 0 536
 0 537
 0 538
 0 539
 0 540
 0 541
 0 542
 0 543
 0 544
 0 545
 0 546
 0 547
 0 548
 0 549
 0 550
 0 551
 0 552
 0 553
 0 554
 0 555
 0 556
 0 557
 0 558
 0 559
 0 560
 0 561
 0 562
 0 563
 0 564
 0 565
 0 566
 0 567
 0 568
 0 569
 0 570
 0 571
 0 572
 0 573
 0 574
 0 575
 0 576
 0 577
 0 578
 0 579
 0 580
 0 581
 0 582
 0 583
 0 584
 0 585
 0 586
 0 587
 0 588
 0 589
 0 590
 0 591
 0 592
 0 593
 0 594
 0 595
 0 596
 0 597
 0 598
 0 599
 0 600


