# Created by Octave 3.8.2, Tue Jun 23 00:36:33 2020 CEST <damian@fptrucha.inv.usc.es>
# name: hd
# type: matrix
# rows: 551
# columns: 2
 0 50
 0 51
 0 52
 0 53
 0 54
 0 55
 0 56
 0 57
 0 58
 0 59
 0 60
 0 61
 0 62
 0 63
 0 64
 0 65
 0 66
 0 67
 0 68
 0 69
 0 70
 0 71
 0 72
 0 73
 0 74
 0 75
 0 76
 0 77
 0 78
 0 79
 0 80
 0 81
 0 82
 0 83
 0 84
 0 85
 0 86
 0 87
 0 88
 1 89
 5 90
 11 91
 50 92
 123 93
 256 94
 478 95
 610 96
 742 97
 911 98
 1299 99
 1573 100
 1591 101
 1616 102
 1730 103
 1738 104
 1696 105
 1639 106
 1704 107
 1521 108
 1506 109
 1390 110
 1308 111
 1282 112
 1253 113
 1023 114
 999 115
 877 116
 827 117
 737 118
 653 119
 599 120
 539 121
 487 122
 417 123
 394 124
 359 125
 325 126
 276 127
 248 128
 226 129
 178 130
 191 131
 154 132
 170 133
 159 134
 132 135
 132 136
 114 137
 128 138
 104 139
 88 140
 85 141
 85 142
 78 143
 75 144
 59 145
 58 146
 50 147
 53 148
 45 149
 40 150
 57 151
 38 152
 35 153
 39 154
 37 155
 34 156
 36 157
 40 158
 28 159
 21 160
 15 161
 24 162
 25 163
 20 164
 20 165
 16 166
 11 167
 12 168
 17 169
 12 170
 8 171
 11 172
 12 173
 6 174
 15 175
 9 176
 7 177
 6 178
 5 179
 11 180
 7 181
 5 182
 7 183
 7 184
 7 185
 4 186
 5 187
 2 188
 3 189
 5 190
 3 191
 6 192
 6 193
 0 194
 2 195
 2 196
 0 197
 3 198
 3 199
 1 200
 2 201
 2 202
 0 203
 3 204
 3 205
 1 206
 0 207
 0 208
 0 209
 0 210
 0 211
 1 212
 1 213
 1 214
 1 215
 0 216
 0 217
 0 218
 0 219
 0 220
 0 221
 1 222
 0 223
 0 224
 0 225
 0 226
 0 227
 0 228
 0 229
 1 230
 0 231
 0 232
 0 233
 0 234
 0 235
 0 236
 0 237
 0 238
 0 239
 0 240
 0 241
 0 242
 0 243
 0 244
 0 245
 0 246
 0 247
 0 248
 0 249
 0 250
 0 251
 0 252
 0 253
 0 254
 0 255
 1 256
 0 257
 0 258
 0 259
 0 260
 0 261
 0 262
 0 263
 0 264
 0 265
 0 266
 0 267
 0 268
 0 269
 0 270
 0 271
 0 272
 0 273
 0 274
 0 275
 0 276
 0 277
 0 278
 0 279
 0 280
 0 281
 0 282
 1 283
 0 284
 0 285
 1 286
 0 287
 1 288
 0 289
 0 290
 1 291
 1 292
 1 293
 0 294
 0 295
 1 296
 0 297
 0 298
 1 299
 1 300
 0 301
 0 302
 1 303
 1 304
 2 305
 1 306
 1 307
 1 308
 2 309
 1 310
 2 311
 2 312
 0 313
 2 314
 3 315
 3 316
 2 317
 2 318
 3 319
 0 320
 0 321
 2 322
 1 323
 0 324
 2 325
 1 326
 2 327
 2 328
 5 329
 3 330
 1 331
 0 332
 1 333
 0 334
 2 335
 0 336
 1 337
 1 338
 3 339
 1 340
 1 341
 2 342
 2 343
 2 344
 3 345
 3 346
 1 347
 1 348
 3 349
 2 350
 1 351
 1 352
 2 353
 1 354
 2 355
 1 356
 1 357
 2 358
 1 359
 1 360
 0 361
 0 362
 1 363
 2 364
 3 365
 2 366
 1 367
 1 368
 1 369
 0 370
 0 371
 1 372
 0 373
 1 374
 0 375
 2 376
 1 377
 1 378
 0 379
 0 380
 0 381
 0 382
 0 383
 0 384
 1 385
 0 386
 1 387
 0 388
 0 389
 0 390
 0 391
 0 392
 0 393
 0 394
 0 395
 0 396
 1 397
 0 398
 2 399
 0 400
 0 401
 1 402
 0 403
 0 404
 0 405
 0 406
 1 407
 0 408
 0 409
 0 410
 0 411
 0 412
 1 413
 0 414
 0 415
 0 416
 0 417
 0 418
 0 419
 0 420
 0 421
 0 422
 0 423
 0 424
 0 425
 0 426
 0 427
 0 428
 0 429
 0 430
 0 431
 0 432
 0 433
 0 434
 0 435
 0 436
 0 437
 0 438
 0 439
 0 440
 0 441
 0 442
 0 443
 0 444
 0 445
 0 446
 0 447
 0 448
 0 449
 0 450
 0 451
 0 452
 0 453
 0 454
 0 455
 0 456
 0 457
 0 458
 0 459
 0 460
 0 461
 0 462
 0 463
 0 464
 0 465
 0 466
 0 467
 0 468
 0 469
 0 470
 0 471
 0 472
 0 473
 0 474
 0 475
 0 476
 0 477
 0 478
 0 479
 0 480
 0 481
 0 482
 0 483
 0 484
 0 485
 0 486
 0 487
 0 488
 0 489
 0 490
 0 491
 0 492
 0 493
 0 494
 0 495
 0 496
 0 497
 0 498
 0 499
 0 500
 0 501
 0 502
 0 503
 0 504
 0 505
 0 506
 0 507
 0 508
 0 509
 0 510
 0 511
 0 512
 0 513
 0 514
 0 515
 0 516
 0 517
 0 518
 0 519
 0 520
 0 521
 0 522
 0 523
 0 524
 0 525
 0 526
 0 527
 0 528
 0 529
 0 530
 0 531
 0 532
 0 533
 0 534
 0 535
 0 536
 0 537
 0 538
 0 539
 0 540
 0 541
 0 542
 0 543
 0 544
 0 545
 0 546
 0 547
 0 548
 0 549
 0 550
 0 551
 0 552
 0 553
 0 554
 0 555
 0 556
 0 557
 0 558
 0 559
 0 560
 0 561
 0 562
 0 563
 0 564
 0 565
 0 566
 0 567
 0 568
 0 569
 0 570
 0 571
 0 572
 0 573
 0 574
 0 575
 0 576
 0 577
 0 578
 0 579
 0 580
 0 581
 0 582
 0 583
 0 584
 0 585
 0 586
 0 587
 0 588
 0 589
 0 590
 0 591
 0 592
 0 593
 0 594
 0 595
 0 596
 0 597
 0 598
 0 599
 0 600


