# Created by Octave 3.8.2, Sun Jun 21 05:40:07 2020 CEST <damian@fptrucha.inv.usc.es>
# name: hd
# type: matrix
# rows: 551
# columns: 2
 0 50
 0 51
 0 52
 0 53
 0 54
 0 55
 0 56
 0 57
 0 58
 0 59
 0 60
 0 61
 0 62
 0 63
 0 64
 0 65
 0 66
 0 67
 0 68
 0 69
 0 70
 0 71
 0 72
 0 73
 0 74
 0 75
 0 76
 0 77
 0 78
 0 79
 0 80
 0 81
 0 82
 0 83
 0 84
 0 85
 0 86
 0 87
 1 88
 2 89
 10 90
 12 91
 20 92
 73 93
 171 94
 210 95
 271 96
 410 97
 508 98
 642 99
 722 100
 757 101
 802 102
 813 103
 903 104
 859 105
 905 106
 928 107
 869 108
 816 109
 841 110
 776 111
 770 112
 709 113
 659 114
 587 115
 584 116
 583 117
 470 118
 453 119
 455 120
 403 121
 391 122
 325 123
 328 124
 300 125
 253 126
 246 127
 214 128
 208 129
 168 130
 151 131
 131 132
 157 133
 124 134
 82 135
 97 136
 112 137
 77 138
 62 139
 58 140
 75 141
 45 142
 48 143
 37 144
 43 145
 38 146
 37 147
 27 148
 35 149
 33 150
 34 151
 29 152
 19 153
 21 154
 25 155
 28 156
 18 157
 17 158
 21 159
 16 160
 18 161
 13 162
 7 163
 13 164
 7 165
 13 166
 10 167
 10 168
 10 169
 7 170
 5 171
 4 172
 6 173
 10 174
 6 175
 3 176
 8 177
 3 178
 7 179
 5 180
 2 181
 2 182
 0 183
 3 184
 2 185
 3 186
 0 187
 5 188
 3 189
 3 190
 2 191
 2 192
 1 193
 2 194
 1 195
 2 196
 1 197
 0 198
 2 199
 0 200
 0 201
 0 202
 1 203
 0 204
 0 205
 0 206
 0 207
 1 208
 0 209
 2 210
 0 211
 0 212
 0 213
 0 214
 0 215
 2 216
 0 217
 0 218
 0 219
 0 220
 0 221
 0 222
 0 223
 0 224
 0 225
 0 226
 0 227
 0 228
 0 229
 0 230
 0 231
 0 232
 0 233
 0 234
 0 235
 0 236
 0 237
 0 238
 0 239
 0 240
 0 241
 0 242
 0 243
 0 244
 0 245
 0 246
 0 247
 0 248
 0 249
 0 250
 0 251
 0 252
 0 253
 0 254
 0 255
 0 256
 0 257
 0 258
 0 259
 0 260
 0 261
 0 262
 0 263
 0 264
 0 265
 0 266
 0 267
 0 268
 0 269
 0 270
 0 271
 0 272
 0 273
 0 274
 0 275
 0 276
 0 277
 0 278
 0 279
 0 280
 0 281
 0 282
 0 283
 0 284
 0 285
 0 286
 0 287
 0 288
 0 289
 0 290
 0 291
 0 292
 0 293
 1 294
 0 295
 0 296
 2 297
 1 298
 0 299
 1 300
 0 301
 2 302
 1 303
 0 304
 0 305
 1 306
 0 307
 0 308
 1 309
 0 310
 0 311
 1 312
 0 313
 0 314
 1 315
 0 316
 0 317
 2 318
 1 319
 1 320
 0 321
 1 322
 0 323
 2 324
 1 325
 3 326
 0 327
 2 328
 0 329
 2 330
 0 331
 2 332
 1 333
 1 334
 0 335
 2 336
 1 337
 0 338
 0 339
 0 340
 1 341
 0 342
 0 343
 0 344
 0 345
 0 346
 0 347
 0 348
 0 349
 1 350
 2 351
 0 352
 0 353
 0 354
 0 355
 0 356
 0 357
 1 358
 0 359
 1 360
 1 361
 0 362
 0 363
 0 364
 1 365
 2 366
 0 367
 1 368
 0 369
 1 370
 0 371
 0 372
 1 373
 1 374
 0 375
 0 376
 1 377
 0 378
 0 379
 1 380
 0 381
 1 382
 1 383
 0 384
 0 385
 0 386
 0 387
 1 388
 0 389
 0 390
 0 391
 0 392
 0 393
 0 394
 0 395
 0 396
 0 397
 0 398
 0 399
 0 400
 0 401
 0 402
 0 403
 0 404
 0 405
 0 406
 0 407
 0 408
 0 409
 0 410
 1 411
 0 412
 0 413
 0 414
 0 415
 0 416
 0 417
 0 418
 0 419
 0 420
 0 421
 0 422
 0 423
 0 424
 0 425
 0 426
 0 427
 0 428
 0 429
 0 430
 0 431
 0 432
 0 433
 0 434
 0 435
 0 436
 0 437
 0 438
 0 439
 0 440
 0 441
 0 442
 0 443
 0 444
 0 445
 0 446
 0 447
 0 448
 0 449
 0 450
 0 451
 0 452
 0 453
 0 454
 0 455
 0 456
 0 457
 0 458
 0 459
 0 460
 0 461
 0 462
 0 463
 0 464
 0 465
 0 466
 0 467
 0 468
 0 469
 0 470
 0 471
 0 472
 0 473
 0 474
 0 475
 0 476
 0 477
 0 478
 0 479
 0 480
 0 481
 0 482
 0 483
 0 484
 0 485
 0 486
 0 487
 0 488
 0 489
 0 490
 0 491
 0 492
 0 493
 0 494
 0 495
 0 496
 0 497
 0 498
 0 499
 0 500
 0 501
 0 502
 0 503
 0 504
 0 505
 0 506
 0 507
 0 508
 0 509
 0 510
 0 511
 0 512
 0 513
 0 514
 0 515
 0 516
 0 517
 0 518
 0 519
 0 520
 0 521
 0 522
 0 523
 0 524
 0 525
 0 526
 0 527
 0 528
 0 529
 0 530
 0 531
 0 532
 0 533
 0 534
 0 535
 0 536
 0 537
 0 538
 0 539
 0 540
 0 541
 0 542
 0 543
 0 544
 0 545
 0 546
 0 547
 0 548
 0 549
 0 550
 0 551
 0 552
 0 553
 0 554
 0 555
 0 556
 0 557
 0 558
 0 559
 0 560
 0 561
 0 562
 0 563
 0 564
 0 565
 0 566
 0 567
 0 568
 0 569
 0 570
 0 571
 0 572
 0 573
 0 574
 0 575
 0 576
 0 577
 0 578
 0 579
 0 580
 0 581
 0 582
 0 583
 0 584
 0 585
 0 586
 0 587
 0 588
 0 589
 0 590
 0 591
 0 592
 0 593
 0 594
 0 595
 0 596
 0 597
 0 598
 0 599
 0 600


