# Created by Octave 3.8.2, Sat Jun 20 08:38:35 2020 CEST <damian@fptrucha.inv.usc.es>
# name: hd
# type: matrix
# rows: 551
# columns: 2
 0 50
 0 51
 0 52
 0 53
 0 54
 0 55
 0 56
 0 57
 0 58
 0 59
 0 60
 0 61
 0 62
 0 63
 0 64
 0 65
 0 66
 0 67
 0 68
 0 69
 0 70
 0 71
 0 72
 0 73
 0 74
 0 75
 0 76
 0 77
 0 78
 0 79
 0 80
 0 81
 0 82
 0 83
 0 84
 0 85
 0 86
 0 87
 1 88
 2 89
 9 90
 25 91
 59 92
 168 93
 355 94
 487 95
 610 96
 736 97
 1092 98
 1337 99
 1481 100
 1537 101
 1641 102
 1715 103
 1670 104
 1759 105
 1690 106
 1755 107
 1622 108
 1575 109
 1511 110
 1412 111
 1314 112
 1256 113
 1132 114
 1068 115
 965 116
 971 117
 817 118
 764 119
 714 120
 663 121
 620 122
 537 123
 479 124
 431 125
 419 126
 337 127
 309 128
 263 129
 252 130
 242 131
 190 132
 182 133
 188 134
 178 135
 123 136
 132 137
 129 138
 101 139
 112 140
 100 141
 97 142
 85 143
 68 144
 68 145
 65 146
 74 147
 54 148
 54 149
 36 150
 43 151
 47 152
 28 153
 33 154
 26 155
 28 156
 36 157
 40 158
 29 159
 23 160
 29 161
 29 162
 18 163
 18 164
 16 165
 11 166
 11 167
 11 168
 10 169
 9 170
 11 171
 10 172
 15 173
 5 174
 5 175
 6 176
 7 177
 4 178
 8 179
 5 180
 5 181
 3 182
 3 183
 3 184
 1 185
 1 186
 2 187
 3 188
 3 189
 4 190
 2 191
 2 192
 3 193
 0 194
 4 195
 0 196
 1 197
 2 198
 5 199
 0 200
 1 201
 1 202
 1 203
 1 204
 0 205
 1 206
 0 207
 0 208
 0 209
 0 210
 1 211
 0 212
 0 213
 2 214
 0 215
 0 216
 0 217
 0 218
 0 219
 0 220
 0 221
 0 222
 0 223
 0 224
 0 225
 0 226
 0 227
 0 228
 0 229
 0 230
 0 231
 0 232
 0 233
 0 234
 0 235
 0 236
 0 237
 0 238
 0 239
 0 240
 0 241
 0 242
 0 243
 0 244
 0 245
 0 246
 0 247
 0 248
 1 249
 0 250
 0 251
 0 252
 0 253
 0 254
 0 255
 0 256
 0 257
 0 258
 0 259
 0 260
 0 261
 0 262
 0 263
 0 264
 0 265
 0 266
 0 267
 0 268
 0 269
 0 270
 0 271
 0 272
 0 273
 0 274
 0 275
 0 276
 0 277
 0 278
 0 279
 1 280
 0 281
 0 282
 0 283
 0 284
 0 285
 0 286
 0 287
 1 288
 0 289
 0 290
 0 291
 1 292
 0 293
 0 294
 0 295
 0 296
 1 297
 0 298
 0 299
 1 300
 0 301
 0 302
 0 303
 1 304
 1 305
 0 306
 0 307
 1 308
 1 309
 0 310
 1 311
 0 312
 2 313
 0 314
 1 315
 1 316
 2 317
 0 318
 1 319
 1 320
 0 321
 1 322
 5 323
 3 324
 2 325
 0 326
 1 327
 3 328
 1 329
 2 330
 0 331
 1 332
 2 333
 1 334
 1 335
 1 336
 1 337
 2 338
 0 339
 0 340
 1 341
 1 342
 3 343
 0 344
 2 345
 2 346
 0 347
 0 348
 1 349
 0 350
 0 351
 0 352
 0 353
 0 354
 0 355
 3 356
 1 357
 0 358
 0 359
 0 360
 2 361
 0 362
 1 363
 1 364
 0 365
 0 366
 0 367
 0 368
 1 369
 0 370
 2 371
 2 372
 0 373
 0 374
 0 375
 0 376
 0 377
 1 378
 0 379
 0 380
 0 381
 2 382
 0 383
 1 384
 1 385
 1 386
 0 387
 0 388
 1 389
 1 390
 0 391
 0 392
 0 393
 0 394
 1 395
 0 396
 1 397
 0 398
 1 399
 0 400
 0 401
 0 402
 0 403
 0 404
 0 405
 0 406
 0 407
 0 408
 0 409
 1 410
 1 411
 0 412
 0 413
 0 414
 0 415
 0 416
 0 417
 0 418
 0 419
 0 420
 0 421
 0 422
 0 423
 0 424
 0 425
 0 426
 0 427
 0 428
 0 429
 0 430
 0 431
 0 432
 0 433
 0 434
 0 435
 0 436
 0 437
 0 438
 0 439
 0 440
 0 441
 0 442
 0 443
 0 444
 0 445
 0 446
 0 447
 0 448
 0 449
 0 450
 0 451
 0 452
 0 453
 0 454
 0 455
 0 456
 0 457
 0 458
 0 459
 0 460
 0 461
 0 462
 0 463
 0 464
 0 465
 0 466
 0 467
 0 468
 0 469
 0 470
 0 471
 0 472
 0 473
 0 474
 0 475
 0 476
 0 477
 0 478
 0 479
 0 480
 0 481
 0 482
 0 483
 0 484
 0 485
 0 486
 0 487
 0 488
 0 489
 0 490
 0 491
 0 492
 0 493
 0 494
 0 495
 0 496
 0 497
 0 498
 0 499
 0 500
 0 501
 0 502
 0 503
 0 504
 0 505
 0 506
 0 507
 0 508
 0 509
 0 510
 0 511
 0 512
 0 513
 0 514
 0 515
 0 516
 0 517
 0 518
 0 519
 0 520
 0 521
 0 522
 0 523
 0 524
 0 525
 0 526
 0 527
 0 528
 0 529
 0 530
 0 531
 0 532
 0 533
 0 534
 0 535
 0 536
 0 537
 0 538
 0 539
 0 540
 0 541
 0 542
 0 543
 0 544
 0 545
 0 546
 0 547
 0 548
 0 549
 0 550
 0 551
 0 552
 0 553
 0 554
 0 555
 0 556
 0 557
 0 558
 0 559
 0 560
 0 561
 0 562
 0 563
 0 564
 0 565
 0 566
 0 567
 0 568
 0 569
 0 570
 0 571
 0 572
 0 573
 0 574
 0 575
 0 576
 0 577
 0 578
 0 579
 0 580
 0 581
 0 582
 0 583
 0 584
 0 585
 0 586
 0 587
 0 588
 0 589
 0 590
 0 591
 0 592
 0 593
 0 594
 0 595
 0 596
 0 597
 0 598
 0 599
 0 600


