# Created by Octave 3.8.2, Sat Jun 20 04:14:21 2020 CEST <damian@fptrucha.inv.usc.es>
# name: hd
# type: matrix
# rows: 551
# columns: 2
 0 50
 0 51
 0 52
 0 53
 0 54
 0 55
 0 56
 0 57
 0 58
 0 59
 0 60
 0 61
 0 62
 0 63
 0 64
 0 65
 0 66
 0 67
 0 68
 0 69
 0 70
 0 71
 0 72
 0 73
 0 74
 0 75
 0 76
 0 77
 0 78
 0 79
 0 80
 0 81
 0 82
 0 83
 0 84
 0 85
 0 86
 0 87
 1 88
 1 89
 13 90
 23 91
 62 92
 142 93
 295 94
 410 95
 511 96
 658 97
 956 98
 1207 99
 1343 100
 1390 101
 1417 102
 1495 103
 1532 104
 1549 105
 1579 106
 1616 107
 1477 108
 1459 109
 1410 110
 1394 111
 1311 112
 1226 113
 1136 114
 1075 115
 959 116
 942 117
 871 118
 763 119
 716 120
 648 121
 546 122
 541 123
 490 124
 489 125
 415 126
 423 127
 341 128
 283 129
 296 130
 251 131
 250 132
 222 133
 183 134
 155 135
 161 136
 140 137
 149 138
 123 139
 126 140
 100 141
 97 142
 87 143
 80 144
 66 145
 83 146
 88 147
 73 148
 68 149
 52 150
 54 151
 48 152
 42 153
 45 154
 37 155
 36 156
 34 157
 42 158
 38 159
 33 160
 20 161
 21 162
 20 163
 32 164
 25 165
 17 166
 16 167
 11 168
 13 169
 12 170
 10 171
 16 172
 10 173
 10 174
 19 175
 10 176
 6 177
 7 178
 4 179
 8 180
 12 181
 8 182
 4 183
 4 184
 5 185
 6 186
 3 187
 3 188
 8 189
 3 190
 2 191
 0 192
 1 193
 3 194
 1 195
 1 196
 1 197
 1 198
 1 199
 3 200
 3 201
 1 202
 0 203
 0 204
 3 205
 0 206
 2 207
 0 208
 0 209
 1 210
 2 211
 1 212
 1 213
 1 214
 0 215
 0 216
 0 217
 0 218
 0 219
 0 220
 0 221
 0 222
 0 223
 0 224
 0 225
 0 226
 0 227
 1 228
 0 229
 0 230
 0 231
 0 232
 0 233
 0 234
 0 235
 0 236
 0 237
 0 238
 1 239
 0 240
 0 241
 0 242
 0 243
 0 244
 0 245
 0 246
 0 247
 0 248
 0 249
 0 250
 0 251
 0 252
 0 253
 0 254
 0 255
 0 256
 0 257
 0 258
 0 259
 0 260
 0 261
 0 262
 0 263
 0 264
 0 265
 0 266
 0 267
 0 268
 0 269
 0 270
 0 271
 0 272
 0 273
 0 274
 0 275
 0 276
 0 277
 0 278
 0 279
 0 280
 0 281
 0 282
 0 283
 0 284
 1 285
 0 286
 0 287
 0 288
 0 289
 0 290
 0 291
 0 292
 0 293
 0 294
 0 295
 1 296
 0 297
 1 298
 1 299
 0 300
 3 301
 0 302
 0 303
 4 304
 1 305
 1 306
 0 307
 2 308
 3 309
 1 310
 3 311
 1 312
 2 313
 1 314
 0 315
 1 316
 0 317
 0 318
 0 319
 3 320
 2 321
 1 322
 2 323
 2 324
 2 325
 5 326
 0 327
 2 328
 2 329
 1 330
 1 331
 2 332
 2 333
 3 334
 2 335
 0 336
 0 337
 2 338
 1 339
 2 340
 2 341
 0 342
 1 343
 0 344
 2 345
 0 346
 0 347
 2 348
 2 349
 0 350
 1 351
 0 352
 2 353
 0 354
 2 355
 1 356
 1 357
 2 358
 0 359
 0 360
 0 361
 0 362
 2 363
 2 364
 1 365
 2 366
 0 367
 1 368
 1 369
 4 370
 1 371
 1 372
 3 373
 0 374
 1 375
 1 376
 2 377
 1 378
 0 379
 0 380
 2 381
 2 382
 1 383
 0 384
 0 385
 0 386
 1 387
 2 388
 0 389
 0 390
 2 391
 1 392
 0 393
 1 394
 0 395
 1 396
 0 397
 0 398
 0 399
 0 400
 0 401
 1 402
 0 403
 0 404
 0 405
 0 406
 0 407
 0 408
 1 409
 0 410
 0 411
 0 412
 1 413
 0 414
 0 415
 0 416
 0 417
 0 418
 0 419
 0 420
 0 421
 0 422
 0 423
 0 424
 0 425
 0 426
 0 427
 0 428
 0 429
 0 430
 0 431
 0 432
 0 433
 0 434
 0 435
 0 436
 0 437
 0 438
 0 439
 0 440
 0 441
 0 442
 0 443
 0 444
 0 445
 0 446
 0 447
 0 448
 0 449
 0 450
 0 451
 0 452
 0 453
 0 454
 0 455
 0 456
 0 457
 0 458
 0 459
 0 460
 0 461
 0 462
 0 463
 0 464
 0 465
 0 466
 0 467
 0 468
 0 469
 0 470
 0 471
 0 472
 0 473
 0 474
 0 475
 0 476
 0 477
 0 478
 0 479
 0 480
 0 481
 0 482
 0 483
 0 484
 0 485
 0 486
 0 487
 0 488
 0 489
 0 490
 0 491
 0 492
 0 493
 0 494
 0 495
 0 496
 0 497
 0 498
 0 499
 0 500
 0 501
 0 502
 0 503
 0 504
 0 505
 0 506
 0 507
 0 508
 0 509
 0 510
 0 511
 0 512
 0 513
 0 514
 0 515
 0 516
 0 517
 0 518
 0 519
 0 520
 0 521
 0 522
 0 523
 0 524
 0 525
 0 526
 0 527
 0 528
 0 529
 0 530
 0 531
 0 532
 0 533
 0 534
 0 535
 0 536
 0 537
 0 538
 0 539
 0 540
 0 541
 0 542
 0 543
 0 544
 0 545
 0 546
 0 547
 0 548
 0 549
 0 550
 0 551
 0 552
 0 553
 0 554
 0 555
 0 556
 0 557
 0 558
 0 559
 0 560
 0 561
 0 562
 0 563
 0 564
 0 565
 0 566
 0 567
 0 568
 0 569
 0 570
 0 571
 0 572
 0 573
 0 574
 0 575
 0 576
 0 577
 0 578
 0 579
 0 580
 0 581
 0 582
 0 583
 0 584
 0 585
 0 586
 0 587
 0 588
 0 589
 0 590
 0 591
 0 592
 0 593
 0 594
 0 595
 0 596
 0 597
 0 598
 0 599
 0 600


