# Created by Octave 3.8.2, Mon Jun 22 22:02:36 2020 CEST <damian@fptrucha.inv.usc.es>
# name: hd
# type: matrix
# rows: 551
# columns: 2
 0 50
 0 51
 0 52
 0 53
 0 54
 0 55
 0 56
 0 57
 0 58
 0 59
 0 60
 0 61
 0 62
 0 63
 0 64
 0 65
 0 66
 0 67
 0 68
 0 69
 0 70
 0 71
 0 72
 0 73
 0 74
 0 75
 0 76
 0 77
 0 78
 0 79
 0 80
 0 81
 0 82
 0 83
 0 84
 0 85
 0 86
 0 87
 0 88
 2 89
 4 90
 3 91
 40 92
 129 93
 250 94
 504 95
 655 96
 744 97
 873 98
 1228 99
 1577 100
 1592 101
 1642 102
 1714 103
 1766 104
 1749 105
 1737 106
 1611 107
 1671 108
 1498 109
 1404 110
 1345 111
 1293 112
 1221 113
 1030 114
 913 115
 881 116
 805 117
 709 118
 664 119
 550 120
 492 121
 486 122
 469 123
 339 124
 325 125
 306 126
 282 127
 258 128
 203 129
 210 130
 199 131
 160 132
 151 133
 126 134
 131 135
 123 136
 97 137
 110 138
 100 139
 74 140
 61 141
 62 142
 80 143
 68 144
 71 145
 56 146
 46 147
 47 148
 45 149
 47 150
 33 151
 32 152
 29 153
 29 154
 19 155
 27 156
 26 157
 17 158
 25 159
 22 160
 30 161
 24 162
 18 163
 22 164
 16 165
 14 166
 9 167
 9 168
 12 169
 12 170
 10 171
 10 172
 8 173
 5 174
 6 175
 19 176
 9 177
 6 178
 4 179
 3 180
 5 181
 10 182
 1 183
 2 184
 3 185
 5 186
 5 187
 2 188
 4 189
 5 190
 2 191
 3 192
 3 193
 1 194
 3 195
 1 196
 0 197
 2 198
 0 199
 1 200
 1 201
 0 202
 3 203
 0 204
 2 205
 3 206
 0 207
 0 208
 0 209
 0 210
 0 211
 0 212
 0 213
 1 214
 1 215
 0 216
 2 217
 0 218
 1 219
 0 220
 1 221
 0 222
 0 223
 0 224
 0 225
 0 226
 0 227
 0 228
 0 229
 0 230
 0 231
 0 232
 0 233
 0 234
 0 235
 0 236
 0 237
 0 238
 0 239
 0 240
 0 241
 0 242
 0 243
 0 244
 0 245
 0 246
 0 247
 0 248
 0 249
 0 250
 0 251
 0 252
 0 253
 0 254
 0 255
 0 256
 0 257
 0 258
 0 259
 0 260
 0 261
 0 262
 0 263
 0 264
 1 265
 0 266
 0 267
 0 268
 0 269
 0 270
 0 271
 0 272
 0 273
 0 274
 0 275
 0 276
 0 277
 0 278
 0 279
 0 280
 0 281
 0 282
 0 283
 0 284
 0 285
 1 286
 0 287
 0 288
 0 289
 0 290
 0 291
 0 292
 0 293
 1 294
 1 295
 0 296
 0 297
 0 298
 0 299
 2 300
 0 301
 1 302
 0 303
 4 304
 0 305
 1 306
 1 307
 0 308
 0 309
 1 310
 0 311
 0 312
 1 313
 1 314
 1 315
 0 316
 3 317
 1 318
 1 319
 0 320
 5 321
 2 322
 2 323
 1 324
 2 325
 1 326
 0 327
 1 328
 4 329
 0 330
 1 331
 3 332
 3 333
 1 334
 2 335
 1 336
 0 337
 0 338
 0 339
 1 340
 2 341
 3 342
 0 343
 1 344
 1 345
 3 346
 0 347
 2 348
 0 349
 2 350
 0 351
 0 352
 3 353
 1 354
 1 355
 0 356
 0 357
 0 358
 1 359
 0 360
 1 361
 1 362
 1 363
 0 364
 0 365
 0 366
 2 367
 1 368
 1 369
 2 370
 3 371
 0 372
 2 373
 0 374
 0 375
 0 376
 1 377
 1 378
 0 379
 0 380
 1 381
 0 382
 2 383
 1 384
 0 385
 0 386
 0 387
 0 388
 0 389
 0 390
 1 391
 0 392
 0 393
 0 394
 0 395
 0 396
 0 397
 0 398
 1 399
 0 400
 1 401
 0 402
 0 403
 0 404
 0 405
 1 406
 0 407
 0 408
 0 409
 0 410
 0 411
 0 412
 0 413
 0 414
 1 415
 0 416
 0 417
 0 418
 0 419
 0 420
 0 421
 0 422
 0 423
 0 424
 0 425
 0 426
 0 427
 0 428
 0 429
 0 430
 0 431
 0 432
 0 433
 0 434
 0 435
 0 436
 0 437
 0 438
 0 439
 0 440
 0 441
 0 442
 0 443
 0 444
 0 445
 0 446
 0 447
 0 448
 0 449
 0 450
 0 451
 0 452
 0 453
 0 454
 0 455
 0 456
 0 457
 0 458
 0 459
 0 460
 0 461
 0 462
 0 463
 0 464
 0 465
 0 466
 0 467
 0 468
 0 469
 0 470
 0 471
 0 472
 0 473
 0 474
 0 475
 0 476
 0 477
 0 478
 0 479
 0 480
 0 481
 0 482
 0 483
 0 484
 0 485
 0 486
 0 487
 0 488
 0 489
 0 490
 0 491
 0 492
 0 493
 0 494
 0 495
 0 496
 0 497
 0 498
 0 499
 0 500
 0 501
 0 502
 0 503
 0 504
 0 505
 0 506
 0 507
 0 508
 0 509
 0 510
 0 511
 0 512
 0 513
 0 514
 0 515
 0 516
 0 517
 0 518
 0 519
 0 520
 0 521
 0 522
 0 523
 0 524
 0 525
 0 526
 0 527
 0 528
 0 529
 0 530
 0 531
 0 532
 0 533
 0 534
 0 535
 0 536
 0 537
 0 538
 0 539
 0 540
 0 541
 0 542
 0 543
 0 544
 0 545
 0 546
 0 547
 0 548
 0 549
 0 550
 0 551
 0 552
 0 553
 0 554
 0 555
 0 556
 0 557
 0 558
 0 559
 0 560
 0 561
 0 562
 0 563
 0 564
 0 565
 0 566
 0 567
 0 568
 0 569
 0 570
 0 571
 0 572
 0 573
 0 574
 0 575
 0 576
 0 577
 0 578
 0 579
 0 580
 0 581
 0 582
 0 583
 0 584
 0 585
 0 586
 0 587
 0 588
 0 589
 0 590
 0 591
 0 592
 0 593
 0 594
 0 595
 0 596
 0 597
 0 598
 0 599
 0 600


