# Created by Octave 3.8.2, Sat Jun 20 18:35:55 2020 CEST <damian@fptrucha.inv.usc.es>
# name: hd
# type: matrix
# rows: 551
# columns: 2
 0 50
 0 51
 0 52
 0 53
 0 54
 0 55
 0 56
 0 57
 0 58
 0 59
 0 60
 0 61
 0 62
 0 63
 0 64
 0 65
 0 66
 0 67
 0 68
 0 69
 0 70
 0 71
 0 72
 0 73
 0 74
 0 75
 0 76
 0 77
 0 78
 0 79
 0 80
 0 81
 0 82
 0 83
 0 84
 0 85
 0 86
 0 87
 1 88
 1 89
 5 90
 8 91
 41 92
 153 93
 250 94
 371 95
 466 96
 561 97
 745 98
 980 99
 1144 100
 1216 101
 1327 102
 1341 103
 1363 104
 1422 105
 1368 106
 1381 107
 1291 108
 1212 109
 1298 110
 1211 111
 1174 112
 1136 113
 995 114
 1013 115
 901 116
 873 117
 823 118
 750 119
 677 120
 620 121
 639 122
 518 123
 494 124
 470 125
 381 126
 373 127
 363 128
 280 129
 236 130
 256 131
 225 132
 203 133
 189 134
 148 135
 168 136
 138 137
 136 138
 114 139
 113 140
 89 141
 95 142
 74 143
 78 144
 61 145
 56 146
 67 147
 55 148
 60 149
 54 150
 42 151
 48 152
 43 153
 31 154
 49 155
 33 156
 33 157
 24 158
 22 159
 23 160
 27 161
 23 162
 19 163
 13 164
 16 165
 18 166
 13 167
 16 168
 7 169
 8 170
 14 171
 4 172
 5 173
 5 174
 10 175
 6 176
 8 177
 1 178
 7 179
 4 180
 6 181
 6 182
 1 183
 6 184
 2 185
 6 186
 4 187
 7 188
 4 189
 0 190
 1 191
 2 192
 0 193
 5 194
 1 195
 0 196
 2 197
 2 198
 4 199
 1 200
 5 201
 3 202
 1 203
 0 204
 1 205
 1 206
 0 207
 0 208
 0 209
 1 210
 1 211
 2 212
 0 213
 1 214
 0 215
 1 216
 1 217
 1 218
 0 219
 0 220
 1 221
 0 222
 0 223
 0 224
 0 225
 0 226
 0 227
 0 228
 0 229
 1 230
 0 231
 0 232
 0 233
 0 234
 0 235
 0 236
 0 237
 0 238
 0 239
 0 240
 0 241
 0 242
 0 243
 0 244
 0 245
 0 246
 1 247
 0 248
 0 249
 0 250
 0 251
 0 252
 0 253
 0 254
 0 255
 0 256
 0 257
 0 258
 0 259
 0 260
 0 261
 0 262
 0 263
 0 264
 0 265
 0 266
 0 267
 0 268
 0 269
 0 270
 0 271
 0 272
 0 273
 0 274
 1 275
 0 276
 0 277
 0 278
 0 279
 0 280
 0 281
 0 282
 0 283
 0 284
 0 285
 0 286
 0 287
 0 288
 0 289
 1 290
 0 291
 0 292
 1 293
 0 294
 0 295
 2 296
 1 297
 0 298
 0 299
 0 300
 1 301
 0 302
 1 303
 0 304
 1 305
 1 306
 2 307
 2 308
 1 309
 1 310
 1 311
 2 312
 2 313
 1 314
 0 315
 0 316
 3 317
 2 318
 0 319
 1 320
 2 321
 1 322
 4 323
 0 324
 4 325
 1 326
 0 327
 0 328
 2 329
 2 330
 1 331
 3 332
 2 333
 1 334
 5 335
 1 336
 2 337
 2 338
 2 339
 2 340
 1 341
 3 342
 0 343
 2 344
 0 345
 1 346
 0 347
 0 348
 1 349
 1 350
 2 351
 0 352
 4 353
 2 354
 1 355
 0 356
 4 357
 0 358
 1 359
 4 360
 0 361
 2 362
 2 363
 1 364
 0 365
 0 366
 1 367
 0 368
 0 369
 0 370
 1 371
 1 372
 1 373
 0 374
 1 375
 0 376
 0 377
 0 378
 1 379
 1 380
 0 381
 0 382
 0 383
 0 384
 1 385
 1 386
 1 387
 0 388
 0 389
 0 390
 2 391
 0 392
 0 393
 1 394
 0 395
 0 396
 0 397
 1 398
 0 399
 0 400
 0 401
 0 402
 0 403
 0 404
 1 405
 0 406
 0 407
 1 408
 0 409
 0 410
 0 411
 0 412
 0 413
 1 414
 0 415
 0 416
 0 417
 0 418
 0 419
 0 420
 0 421
 0 422
 0 423
 0 424
 0 425
 0 426
 0 427
 0 428
 0 429
 0 430
 0 431
 0 432
 0 433
 0 434
 0 435
 0 436
 0 437
 0 438
 0 439
 0 440
 0 441
 0 442
 0 443
 0 444
 0 445
 0 446
 0 447
 0 448
 0 449
 0 450
 0 451
 0 452
 0 453
 0 454
 0 455
 0 456
 0 457
 0 458
 0 459
 0 460
 0 461
 0 462
 0 463
 0 464
 0 465
 0 466
 0 467
 0 468
 0 469
 0 470
 0 471
 0 472
 0 473
 0 474
 0 475
 0 476
 0 477
 0 478
 0 479
 0 480
 0 481
 0 482
 0 483
 0 484
 0 485
 0 486
 0 487
 0 488
 0 489
 0 490
 0 491
 0 492
 0 493
 0 494
 0 495
 0 496
 0 497
 0 498
 0 499
 0 500
 0 501
 0 502
 0 503
 0 504
 0 505
 0 506
 0 507
 0 508
 0 509
 0 510
 0 511
 0 512
 0 513
 0 514
 0 515
 0 516
 0 517
 0 518
 0 519
 0 520
 0 521
 0 522
 0 523
 0 524
 0 525
 0 526
 0 527
 0 528
 0 529
 0 530
 0 531
 0 532
 0 533
 0 534
 0 535
 0 536
 0 537
 0 538
 0 539
 0 540
 0 541
 0 542
 0 543
 0 544
 0 545
 0 546
 0 547
 0 548
 0 549
 0 550
 0 551
 0 552
 0 553
 0 554
 0 555
 0 556
 0 557
 0 558
 0 559
 0 560
 0 561
 0 562
 0 563
 0 564
 0 565
 0 566
 0 567
 0 568
 0 569
 0 570
 0 571
 0 572
 0 573
 0 574
 0 575
 0 576
 0 577
 0 578
 0 579
 0 580
 0 581
 0 582
 0 583
 0 584
 0 585
 0 586
 0 587
 0 588
 0 589
 0 590
 0 591
 0 592
 0 593
 0 594
 0 595
 0 596
 0 597
 0 598
 0 599
 0 600


