# Created by Octave 3.8.2, Sat Jun 20 16:04:32 2020 CEST <damian@fptrucha.inv.usc.es>
# name: hd
# type: matrix
# rows: 551
# columns: 2
 0 50
 0 51
 0 52
 0 53
 0 54
 0 55
 0 56
 0 57
 0 58
 0 59
 0 60
 0 61
 0 62
 0 63
 0 64
 0 65
 0 66
 0 67
 0 68
 0 69
 0 70
 0 71
 0 72
 0 73
 0 74
 0 75
 0 76
 0 77
 0 78
 0 79
 0 80
 0 81
 0 82
 0 83
 0 84
 0 85
 0 86
 0 87
 1 88
 4 89
 8 90
 10 91
 54 92
 139 93
 276 94
 409 95
 483 96
 613 97
 809 98
 1064 99
 1131 100
 1269 101
 1312 102
 1356 103
 1347 104
 1430 105
 1383 106
 1454 107
 1352 108
 1295 109
 1352 110
 1317 111
 1216 112
 1110 113
 1089 114
 964 115
 978 116
 885 117
 868 118
 698 119
 674 120
 658 121
 631 122
 559 123
 535 124
 416 125
 397 126
 340 127
 355 128
 324 129
 306 130
 264 131
 238 132
 199 133
 212 134
 189 135
 167 136
 171 137
 150 138
 110 139
 117 140
 108 141
 89 142
 99 143
 80 144
 76 145
 64 146
 85 147
 60 148
 55 149
 55 150
 51 151
 42 152
 34 153
 44 154
 47 155
 47 156
 30 157
 28 158
 34 159
 19 160
 22 161
 25 162
 22 163
 22 164
 16 165
 11 166
 16 167
 18 168
 11 169
 12 170
 10 171
 12 172
 12 173
 13 174
 8 175
 9 176
 8 177
 6 178
 8 179
 4 180
 6 181
 5 182
 4 183
 6 184
 5 185
 7 186
 5 187
 1 188
 4 189
 3 190
 2 191
 4 192
 2 193
 2 194
 1 195
 2 196
 2 197
 0 198
 4 199
 3 200
 2 201
 3 202
 0 203
 2 204
 0 205
 2 206
 0 207
 1 208
 0 209
 0 210
 1 211
 1 212
 2 213
 0 214
 0 215
 0 216
 1 217
 0 218
 0 219
 0 220
 0 221
 1 222
 0 223
 0 224
 0 225
 0 226
 1 227
 0 228
 0 229
 0 230
 0 231
 0 232
 1 233
 1 234
 0 235
 0 236
 0 237
 0 238
 0 239
 0 240
 0 241
 0 242
 0 243
 0 244
 0 245
 0 246
 0 247
 0 248
 0 249
 0 250
 0 251
 0 252
 0 253
 0 254
 0 255
 0 256
 0 257
 0 258
 0 259
 0 260
 0 261
 0 262
 0 263
 0 264
 0 265
 0 266
 0 267
 0 268
 0 269
 0 270
 0 271
 0 272
 0 273
 0 274
 0 275
 0 276
 0 277
 0 278
 0 279
 0 280
 0 281
 0 282
 1 283
 0 284
 0 285
 0 286
 0 287
 0 288
 0 289
 1 290
 0 291
 0 292
 0 293
 0 294
 3 295
 2 296
 1 297
 0 298
 1 299
 0 300
 0 301
 3 302
 1 303
 2 304
 1 305
 0 306
 0 307
 1 308
 1 309
 1 310
 1 311
 1 312
 2 313
 0 314
 0 315
 2 316
 0 317
 2 318
 1 319
 0 320
 0 321
 2 322
 3 323
 0 324
 3 325
 1 326
 0 327
 0 328
 2 329
 3 330
 0 331
 2 332
 1 333
 1 334
 3 335
 1 336
 1 337
 1 338
 0 339
 2 340
 0 341
 2 342
 1 343
 0 344
 2 345
 3 346
 0 347
 1 348
 0 349
 3 350
 1 351
 1 352
 0 353
 2 354
 0 355
 3 356
 1 357
 3 358
 1 359
 0 360
 2 361
 1 362
 1 363
 1 364
 0 365
 1 366
 2 367
 0 368
 1 369
 2 370
 0 371
 2 372
 0 373
 0 374
 0 375
 0 376
 1 377
 1 378
 0 379
 1 380
 1 381
 0 382
 0 383
 0 384
 0 385
 0 386
 1 387
 1 388
 1 389
 0 390
 0 391
 0 392
 1 393
 0 394
 0 395
 0 396
 0 397
 0 398
 0 399
 0 400
 1 401
 0 402
 0 403
 0 404
 0 405
 0 406
 0 407
 0 408
 0 409
 0 410
 0 411
 0 412
 0 413
 0 414
 0 415
 0 416
 0 417
 0 418
 0 419
 0 420
 0 421
 0 422
 0 423
 0 424
 0 425
 0 426
 0 427
 0 428
 0 429
 0 430
 0 431
 0 432
 0 433
 0 434
 0 435
 0 436
 0 437
 0 438
 0 439
 0 440
 0 441
 0 442
 0 443
 0 444
 0 445
 0 446
 0 447
 0 448
 0 449
 0 450
 0 451
 0 452
 0 453
 0 454
 0 455
 0 456
 0 457
 0 458
 0 459
 0 460
 0 461
 0 462
 0 463
 0 464
 0 465
 0 466
 0 467
 0 468
 0 469
 0 470
 0 471
 0 472
 0 473
 0 474
 0 475
 0 476
 0 477
 0 478
 0 479
 0 480
 0 481
 0 482
 0 483
 0 484
 0 485
 0 486
 0 487
 0 488
 0 489
 0 490
 0 491
 0 492
 0 493
 0 494
 0 495
 0 496
 0 497
 0 498
 0 499
 0 500
 0 501
 0 502
 0 503
 0 504
 0 505
 0 506
 0 507
 0 508
 0 509
 0 510
 0 511
 0 512
 0 513
 0 514
 0 515
 0 516
 0 517
 0 518
 0 519
 0 520
 0 521
 0 522
 0 523
 0 524
 0 525
 0 526
 0 527
 0 528
 0 529
 0 530
 0 531
 0 532
 0 533
 0 534
 0 535
 0 536
 0 537
 0 538
 0 539
 0 540
 0 541
 0 542
 0 543
 0 544
 0 545
 0 546
 0 547
 0 548
 0 549
 0 550
 0 551
 0 552
 0 553
 0 554
 0 555
 0 556
 0 557
 0 558
 0 559
 0 560
 0 561
 0 562
 0 563
 0 564
 0 565
 0 566
 0 567
 0 568
 0 569
 0 570
 0 571
 0 572
 0 573
 0 574
 0 575
 0 576
 0 577
 0 578
 0 579
 0 580
 0 581
 0 582
 0 583
 0 584
 0 585
 0 586
 0 587
 0 588
 0 589
 0 590
 0 591
 0 592
 0 593
 0 594
 0 595
 0 596
 0 597
 0 598
 0 599
 0 600


