# Created by Octave 3.8.2, Mon Jun 22 22:08:30 2020 CEST <damian@fptrucha.inv.usc.es>
# name: hd
# type: matrix
# rows: 551
# columns: 2
 0 50
 0 51
 0 52
 0 53
 0 54
 0 55
 0 56
 0 57
 0 58
 0 59
 0 60
 0 61
 0 62
 0 63
 0 64
 0 65
 0 66
 0 67
 0 68
 0 69
 0 70
 0 71
 0 72
 0 73
 0 74
 0 75
 0 76
 0 77
 0 78
 0 79
 0 80
 0 81
 0 82
 0 83
 0 84
 0 85
 0 86
 0 87
 0 88
 0 89
 4 90
 13 91
 51 92
 119 93
 261 94
 451 95
 620 96
 751 97
 911 98
 1334 99
 1529 100
 1589 101
 1637 102
 1773 103
 1688 104
 1688 105
 1738 106
 1601 107
 1538 108
 1455 109
 1414 110
 1279 111
 1224 112
 1152 113
 1037 114
 996 115
 882 116
 807 117
 740 118
 673 119
 595 120
 584 121
 495 122
 383 123
 358 124
 330 125
 321 126
 269 127
 246 128
 212 129
 213 130
 170 131
 167 132
 171 133
 158 134
 134 135
 113 136
 115 137
 90 138
 84 139
 84 140
 79 141
 79 142
 52 143
 79 144
 52 145
 50 146
 55 147
 56 148
 57 149
 49 150
 39 151
 37 152
 36 153
 43 154
 36 155
 25 156
 29 157
 23 158
 30 159
 22 160
 28 161
 20 162
 22 163
 22 164
 16 165
 13 166
 24 167
 16 168
 16 169
 6 170
 7 171
 8 172
 7 173
 10 174
 8 175
 2 176
 6 177
 10 178
 4 179
 6 180
 4 181
 7 182
 7 183
 4 184
 2 185
 4 186
 4 187
 2 188
 4 189
 3 190
 3 191
 2 192
 1 193
 2 194
 3 195
 2 196
 2 197
 1 198
 1 199
 1 200
 2 201
 2 202
 4 203
 2 204
 0 205
 0 206
 0 207
 2 208
 0 209
 1 210
 2 211
 0 212
 0 213
 1 214
 0 215
 0 216
 1 217
 0 218
 1 219
 0 220
 0 221
 0 222
 0 223
 0 224
 0 225
 0 226
 0 227
 0 228
 0 229
 0 230
 0 231
 0 232
 0 233
 0 234
 0 235
 0 236
 0 237
 0 238
 0 239
 0 240
 0 241
 0 242
 0 243
 0 244
 0 245
 0 246
 1 247
 0 248
 0 249
 0 250
 0 251
 0 252
 0 253
 0 254
 0 255
 0 256
 1 257
 0 258
 0 259
 0 260
 0 261
 0 262
 0 263
 0 264
 0 265
 0 266
 0 267
 0 268
 0 269
 0 270
 0 271
 0 272
 0 273
 0 274
 0 275
 0 276
 0 277
 0 278
 0 279
 0 280
 0 281
 0 282
 0 283
 0 284
 0 285
 0 286
 0 287
 0 288
 0 289
 1 290
 0 291
 0 292
 0 293
 0 294
 0 295
 0 296
 0 297
 0 298
 0 299
 0 300
 0 301
 1 302
 1 303
 1 304
 2 305
 4 306
 1 307
 0 308
 1 309
 0 310
 0 311
 1 312
 0 313
 1 314
 2 315
 2 316
 0 317
 4 318
 1 319
 1 320
 1 321
 2 322
 3 323
 0 324
 2 325
 0 326
 2 327
 1 328
 0 329
 1 330
 1 331
 1 332
 2 333
 1 334
 0 335
 1 336
 0 337
 1 338
 2 339
 3 340
 3 341
 0 342
 1 343
 0 344
 2 345
 3 346
 0 347
 0 348
 3 349
 1 350
 1 351
 2 352
 0 353
 0 354
 1 355
 1 356
 3 357
 1 358
 0 359
 1 360
 0 361
 3 362
 0 363
 0 364
 0 365
 1 366
 0 367
 0 368
 1 369
 0 370
 3 371
 2 372
 0 373
 0 374
 2 375
 1 376
 1 377
 1 378
 1 379
 1 380
 2 381
 2 382
 0 383
 0 384
 0 385
 0 386
 0 387
 1 388
 1 389
 2 390
 0 391
 0 392
 1 393
 2 394
 0 395
 0 396
 0 397
 0 398
 0 399
 1 400
 0 401
 0 402
 0 403
 0 404
 0 405
 0 406
 0 407
 1 408
 0 409
 0 410
 0 411
 0 412
 0 413
 1 414
 0 415
 0 416
 1 417
 0 418
 0 419
 0 420
 0 421
 0 422
 0 423
 0 424
 0 425
 0 426
 0 427
 0 428
 0 429
 0 430
 0 431
 0 432
 0 433
 0 434
 0 435
 0 436
 0 437
 0 438
 0 439
 0 440
 0 441
 0 442
 0 443
 0 444
 0 445
 0 446
 0 447
 0 448
 0 449
 0 450
 0 451
 0 452
 0 453
 0 454
 0 455
 0 456
 0 457
 0 458
 0 459
 0 460
 0 461
 0 462
 0 463
 0 464
 0 465
 0 466
 0 467
 0 468
 0 469
 0 470
 0 471
 0 472
 0 473
 0 474
 0 475
 0 476
 0 477
 0 478
 0 479
 0 480
 0 481
 0 482
 0 483
 0 484
 0 485
 0 486
 0 487
 0 488
 0 489
 0 490
 0 491
 0 492
 0 493
 0 494
 0 495
 0 496
 0 497
 0 498
 0 499
 0 500
 0 501
 0 502
 0 503
 0 504
 0 505
 0 506
 0 507
 0 508
 0 509
 0 510
 0 511
 0 512
 0 513
 0 514
 0 515
 0 516
 0 517
 0 518
 0 519
 0 520
 0 521
 0 522
 0 523
 0 524
 0 525
 0 526
 0 527
 0 528
 0 529
 0 530
 0 531
 0 532
 0 533
 0 534
 0 535
 0 536
 0 537
 0 538
 0 539
 0 540
 0 541
 0 542
 0 543
 0 544
 0 545
 0 546
 0 547
 0 548
 0 549
 0 550
 0 551
 0 552
 0 553
 0 554
 0 555
 0 556
 0 557
 0 558
 0 559
 0 560
 0 561
 0 562
 0 563
 0 564
 0 565
 0 566
 0 567
 0 568
 0 569
 0 570
 0 571
 0 572
 0 573
 0 574
 0 575
 0 576
 0 577
 0 578
 0 579
 0 580
 0 581
 0 582
 0 583
 0 584
 0 585
 0 586
 0 587
 0 588
 0 589
 0 590
 0 591
 0 592
 0 593
 0 594
 0 595
 0 596
 0 597
 0 598
 0 599
 0 600


