# Created by Octave 3.8.2, Mon Jun 22 13:34:17 2020 CEST <damian@fptrucha.inv.usc.es>
# name: hd
# type: matrix
# rows: 551
# columns: 2
 0 50
 0 51
 0 52
 0 53
 0 54
 0 55
 0 56
 0 57
 0 58
 0 59
 0 60
 0 61
 0 62
 0 63
 0 64
 0 65
 0 66
 0 67
 0 68
 0 69
 0 70
 0 71
 0 72
 0 73
 0 74
 0 75
 0 76
 0 77
 0 78
 0 79
 0 80
 0 81
 0 82
 0 83
 0 84
 0 85
 0 86
 0 87
 0 88
 1 89
 3 90
 14 91
 33 92
 71 93
 200 94
 413 95
 503 96
 666 97
 763 98
 1208 99
 1413 100
 1525 101
 1527 102
 1659 103
 1704 104
 1677 105
 1599 106
 1603 107
 1457 108
 1469 109
 1425 110
 1192 111
 1196 112
 1053 113
 985 114
 894 115
 865 116
 727 117
 655 118
 638 119
 562 120
 442 121
 433 122
 429 123
 355 124
 320 125
 300 126
 272 127
 238 128
 190 129
 197 130
 198 131
 160 132
 147 133
 156 134
 123 135
 114 136
 107 137
 99 138
 94 139
 87 140
 83 141
 75 142
 59 143
 85 144
 54 145
 64 146
 46 147
 43 148
 37 149
 39 150
 32 151
 37 152
 29 153
 41 154
 31 155
 38 156
 29 157
 29 158
 27 159
 19 160
 22 161
 12 162
 21 163
 17 164
 17 165
 11 166
 13 167
 12 168
 12 169
 15 170
 8 171
 7 172
 9 173
 3 174
 8 175
 7 176
 6 177
 12 178
 6 179
 8 180
 6 181
 4 182
 4 183
 4 184
 6 185
 3 186
 5 187
 2 188
 3 189
 6 190
 5 191
 3 192
 4 193
 1 194
 3 195
 2 196
 0 197
 4 198
 2 199
 1 200
 0 201
 3 202
 3 203
 2 204
 1 205
 0 206
 0 207
 0 208
 0 209
 0 210
 1 211
 0 212
 0 213
 1 214
 0 215
 1 216
 0 217
 0 218
 0 219
 0 220
 0 221
 1 222
 0 223
 0 224
 0 225
 0 226
 3 227
 0 228
 0 229
 0 230
 0 231
 0 232
 0 233
 0 234
 0 235
 0 236
 0 237
 0 238
 0 239
 0 240
 0 241
 0 242
 0 243
 0 244
 0 245
 0 246
 0 247
 0 248
 0 249
 0 250
 0 251
 0 252
 0 253
 0 254
 0 255
 0 256
 0 257
 0 258
 0 259
 0 260
 0 261
 0 262
 0 263
 0 264
 0 265
 0 266
 0 267
 0 268
 0 269
 0 270
 0 271
 0 272
 0 273
 0 274
 0 275
 0 276
 0 277
 1 278
 0 279
 0 280
 0 281
 0 282
 0 283
 0 284
 0 285
 0 286
 0 287
 1 288
 0 289
 0 290
 1 291
 1 292
 0 293
 0 294
 0 295
 2 296
 2 297
 0 298
 0 299
 3 300
 1 301
 1 302
 1 303
 0 304
 4 305
 2 306
 0 307
 0 308
 0 309
 0 310
 0 311
 1 312
 0 313
 2 314
 0 315
 0 316
 2 317
 0 318
 1 319
 2 320
 1 321
 1 322
 2 323
 3 324
 3 325
 0 326
 0 327
 1 328
 0 329
 1 330
 2 331
 2 332
 1 333
 0 334
 0 335
 2 336
 1 337
 1 338
 0 339
 0 340
 1 341
 1 342
 1 343
 0 344
 3 345
 1 346
 4 347
 0 348
 0 349
 3 350
 3 351
 2 352
 3 353
 2 354
 2 355
 0 356
 0 357
 0 358
 3 359
 1 360
 0 361
 2 362
 1 363
 2 364
 1 365
 3 366
 2 367
 0 368
 1 369
 3 370
 1 371
 1 372
 0 373
 0 374
 1 375
 0 376
 0 377
 0 378
 2 379
 1 380
 1 381
 0 382
 0 383
 2 384
 1 385
 2 386
 0 387
 1 388
 0 389
 0 390
 0 391
 0 392
 0 393
 1 394
 0 395
 0 396
 0 397
 0 398
 0 399
 0 400
 1 401
 1 402
 0 403
 0 404
 0 405
 0 406
 0 407
 0 408
 0 409
 0 410
 0 411
 0 412
 0 413
 0 414
 0 415
 0 416
 0 417
 0 418
 0 419
 0 420
 0 421
 0 422
 0 423
 0 424
 0 425
 0 426
 0 427
 0 428
 0 429
 0 430
 0 431
 0 432
 0 433
 0 434
 0 435
 0 436
 0 437
 0 438
 0 439
 0 440
 0 441
 0 442
 0 443
 0 444
 0 445
 0 446
 0 447
 0 448
 0 449
 0 450
 0 451
 0 452
 0 453
 0 454
 0 455
 0 456
 0 457
 0 458
 0 459
 0 460
 0 461
 0 462
 0 463
 0 464
 0 465
 0 466
 0 467
 0 468
 0 469
 0 470
 0 471
 0 472
 0 473
 0 474
 0 475
 0 476
 0 477
 0 478
 0 479
 0 480
 0 481
 0 482
 0 483
 0 484
 0 485
 0 486
 0 487
 0 488
 0 489
 0 490
 0 491
 0 492
 0 493
 0 494
 0 495
 0 496
 0 497
 0 498
 0 499
 0 500
 0 501
 0 502
 0 503
 0 504
 0 505
 0 506
 0 507
 0 508
 0 509
 0 510
 0 511
 0 512
 0 513
 0 514
 0 515
 0 516
 0 517
 0 518
 0 519
 0 520
 0 521
 0 522
 0 523
 0 524
 0 525
 0 526
 0 527
 0 528
 0 529
 0 530
 0 531
 0 532
 0 533
 0 534
 0 535
 0 536
 0 537
 0 538
 0 539
 0 540
 0 541
 0 542
 0 543
 0 544
 0 545
 0 546
 0 547
 0 548
 0 549
 0 550
 0 551
 0 552
 0 553
 0 554
 0 555
 0 556
 0 557
 0 558
 0 559
 0 560
 0 561
 0 562
 0 563
 0 564
 0 565
 0 566
 0 567
 0 568
 0 569
 0 570
 0 571
 0 572
 0 573
 0 574
 0 575
 0 576
 0 577
 0 578
 0 579
 0 580
 0 581
 0 582
 0 583
 0 584
 0 585
 0 586
 0 587
 0 588
 0 589
 0 590
 0 591
 0 592
 0 593
 0 594
 0 595
 0 596
 0 597
 0 598
 0 599
 0 600


