# Created by Octave 3.8.2, Mon Jun 22 08:46:32 2020 CEST <damian@fptrucha.inv.usc.es>
# name: hd
# type: matrix
# rows: 551
# columns: 2
 0 50
 0 51
 0 52
 0 53
 0 54
 0 55
 0 56
 0 57
 0 58
 0 59
 0 60
 0 61
 0 62
 0 63
 0 64
 0 65
 0 66
 0 67
 0 68
 0 69
 0 70
 0 71
 0 72
 0 73
 0 74
 0 75
 0 76
 0 77
 0 78
 0 79
 0 80
 0 81
 0 82
 0 83
 0 84
 0 85
 0 86
 0 87
 0 88
 1 89
 5 90
 12 91
 22 92
 62 93
 153 94
 348 95
 481 96
 591 97
 755 98
 1012 99
 1286 100
 1377 101
 1576 102
 1551 103
 1534 104
 1586 105
 1478 106
 1603 107
 1449 108
 1302 109
 1327 110
 1262 111
 1132 112
 1085 113
 1014 114
 911 115
 831 116
 755 117
 697 118
 581 119
 576 120
 481 121
 464 122
 393 123
 355 124
 364 125
 318 126
 274 127
 273 128
 226 129
 166 130
 180 131
 189 132
 163 133
 145 134
 117 135
 121 136
 103 137
 116 138
 95 139
 86 140
 89 141
 75 142
 74 143
 56 144
 69 145
 57 146
 71 147
 61 148
 47 149
 46 150
 29 151
 34 152
 33 153
 36 154
 36 155
 35 156
 28 157
 32 158
 29 159
 41 160
 26 161
 25 162
 26 163
 22 164
 16 165
 16 166
 15 167
 13 168
 8 169
 17 170
 13 171
 7 172
 8 173
 9 174
 6 175
 7 176
 5 177
 8 178
 5 179
 3 180
 4 181
 7 182
 4 183
 2 184
 2 185
 3 186
 4 187
 5 188
 8 189
 7 190
 3 191
 2 192
 3 193
 2 194
 1 195
 3 196
 1 197
 4 198
 0 199
 0 200
 0 201
 2 202
 2 203
 2 204
 0 205
 0 206
 0 207
 1 208
 0 209
 0 210
 0 211
 0 212
 1 213
 1 214
 1 215
 0 216
 0 217
 0 218
 0 219
 0 220
 0 221
 0 222
 0 223
 0 224
 0 225
 1 226
 0 227
 0 228
 1 229
 0 230
 1 231
 0 232
 0 233
 0 234
 0 235
 0 236
 0 237
 0 238
 0 239
 0 240
 0 241
 0 242
 0 243
 0 244
 0 245
 0 246
 0 247
 0 248
 0 249
 0 250
 0 251
 1 252
 0 253
 0 254
 0 255
 0 256
 0 257
 0 258
 0 259
 0 260
 0 261
 0 262
 0 263
 0 264
 0 265
 0 266
 0 267
 0 268
 0 269
 0 270
 0 271
 0 272
 0 273
 0 274
 0 275
 0 276
 0 277
 0 278
 0 279
 0 280
 0 281
 0 282
 1 283
 0 284
 0 285
 0 286
 1 287
 0 288
 0 289
 1 290
 1 291
 0 292
 0 293
 1 294
 1 295
 0 296
 0 297
 1 298
 0 299
 0 300
 0 301
 0 302
 1 303
 1 304
 0 305
 1 306
 2 307
 1 308
 0 309
 1 310
 0 311
 0 312
 1 313
 0 314
 2 315
 1 316
 1 317
 3 318
 1 319
 3 320
 1 321
 1 322
 1 323
 2 324
 1 325
 1 326
 2 327
 6 328
 3 329
 1 330
 1 331
 2 332
 1 333
 3 334
 3 335
 2 336
 4 337
 1 338
 0 339
 4 340
 0 341
 0 342
 0 343
 3 344
 1 345
 5 346
 0 347
 1 348
 3 349
 3 350
 0 351
 0 352
 3 353
 1 354
 1 355
 1 356
 2 357
 2 358
 2 359
 3 360
 2 361
 2 362
 3 363
 0 364
 0 365
 0 366
 1 367
 0 368
 2 369
 0 370
 0 371
 0 372
 1 373
 2 374
 1 375
 1 376
 1 377
 0 378
 0 379
 0 380
 1 381
 2 382
 1 383
 3 384
 1 385
 0 386
 0 387
 1 388
 0 389
 0 390
 1 391
 0 392
 1 393
 0 394
 0 395
 0 396
 0 397
 1 398
 0 399
 0 400
 0 401
 0 402
 0 403
 0 404
 0 405
 1 406
 0 407
 0 408
 1 409
 2 410
 1 411
 0 412
 0 413
 0 414
 0 415
 0 416
 0 417
 0 418
 0 419
 0 420
 0 421
 0 422
 0 423
 0 424
 0 425
 0 426
 1 427
 0 428
 0 429
 0 430
 0 431
 0 432
 0 433
 0 434
 0 435
 0 436
 0 437
 0 438
 0 439
 0 440
 0 441
 0 442
 0 443
 0 444
 0 445
 0 446
 0 447
 0 448
 0 449
 0 450
 0 451
 0 452
 0 453
 0 454
 0 455
 0 456
 0 457
 0 458
 0 459
 0 460
 0 461
 0 462
 0 463
 0 464
 0 465
 0 466
 0 467
 0 468
 0 469
 0 470
 0 471
 0 472
 0 473
 0 474
 0 475
 0 476
 0 477
 0 478
 0 479
 0 480
 0 481
 0 482
 0 483
 0 484
 0 485
 0 486
 0 487
 0 488
 0 489
 0 490
 0 491
 0 492
 0 493
 0 494
 0 495
 0 496
 0 497
 0 498
 0 499
 0 500
 0 501
 0 502
 0 503
 0 504
 0 505
 0 506
 0 507
 0 508
 0 509
 0 510
 0 511
 0 512
 0 513
 0 514
 0 515
 0 516
 0 517
 0 518
 0 519
 0 520
 0 521
 0 522
 0 523
 0 524
 0 525
 0 526
 0 527
 0 528
 0 529
 0 530
 0 531
 0 532
 0 533
 0 534
 0 535
 0 536
 0 537
 0 538
 0 539
 0 540
 0 541
 0 542
 0 543
 0 544
 0 545
 0 546
 0 547
 0 548
 0 549
 0 550
 0 551
 0 552
 0 553
 0 554
 0 555
 0 556
 0 557
 0 558
 0 559
 0 560
 0 561
 0 562
 0 563
 0 564
 0 565
 0 566
 0 567
 0 568
 0 569
 0 570
 0 571
 0 572
 0 573
 0 574
 0 575
 0 576
 0 577
 0 578
 0 579
 0 580
 0 581
 0 582
 0 583
 0 584
 0 585
 0 586
 0 587
 0 588
 0 589
 0 590
 0 591
 0 592
 0 593
 0 594
 0 595
 0 596
 0 597
 0 598
 0 599
 0 600


