# Created by Octave 3.8.2, Mon Jun 22 15:13:58 2020 CEST <damian@fptrucha.inv.usc.es>
# name: hd
# type: matrix
# rows: 551
# columns: 2
 0 50
 0 51
 0 52
 0 53
 0 54
 0 55
 0 56
 0 57
 0 58
 0 59
 0 60
 0 61
 0 62
 0 63
 0 64
 0 65
 0 66
 0 67
 0 68
 0 69
 0 70
 0 71
 0 72
 0 73
 0 74
 0 75
 0 76
 0 77
 0 78
 0 79
 0 80
 0 81
 0 82
 0 83
 0 84
 0 85
 0 86
 0 87
 0 88
 0 89
 6 90
 8 91
 25 92
 115 93
 243 94
 440 95
 577 96
 680 97
 853 98
 1218 99
 1350 100
 1452 101
 1599 102
 1647 103
 1629 104
 1634 105
 1570 106
 1665 107
 1551 108
 1419 109
 1392 110
 1316 111
 1233 112
 1112 113
 1019 114
 990 115
 837 116
 785 117
 637 118
 651 119
 634 120
 571 121
 482 122
 396 123
 373 124
 372 125
 329 126
 284 127
 230 128
 219 129
 237 130
 190 131
 173 132
 167 133
 140 134
 124 135
 97 136
 121 137
 109 138
 88 139
 94 140
 64 141
 85 142
 70 143
 53 144
 69 145
 64 146
 59 147
 58 148
 44 149
 58 150
 42 151
 41 152
 27 153
 40 154
 32 155
 37 156
 26 157
 24 158
 29 159
 23 160
 19 161
 25 162
 25 163
 27 164
 21 165
 18 166
 18 167
 10 168
 9 169
 13 170
 8 171
 8 172
 8 173
 11 174
 12 175
 9 176
 6 177
 7 178
 4 179
 7 180
 7 181
 6 182
 5 183
 1 184
 8 185
 4 186
 3 187
 4 188
 4 189
 1 190
 4 191
 2 192
 2 193
 2 194
 4 195
 1 196
 1 197
 0 198
 4 199
 2 200
 3 201
 0 202
 1 203
 1 204
 2 205
 2 206
 0 207
 0 208
 1 209
 0 210
 1 211
 0 212
 2 213
 0 214
 0 215
 1 216
 0 217
 0 218
 0 219
 0 220
 0 221
 1 222
 0 223
 0 224
 1 225
 1 226
 1 227
 0 228
 0 229
 0 230
 0 231
 0 232
 0 233
 0 234
 0 235
 0 236
 0 237
 0 238
 1 239
 0 240
 0 241
 0 242
 0 243
 0 244
 0 245
 0 246
 0 247
 0 248
 0 249
 0 250
 0 251
 0 252
 0 253
 0 254
 0 255
 0 256
 0 257
 0 258
 0 259
 0 260
 0 261
 0 262
 0 263
 0 264
 0 265
 0 266
 0 267
 0 268
 0 269
 0 270
 0 271
 0 272
 0 273
 0 274
 0 275
 0 276
 0 277
 0 278
 0 279
 0 280
 0 281
 0 282
 0 283
 0 284
 0 285
 0 286
 0 287
 1 288
 0 289
 0 290
 1 291
 0 292
 1 293
 0 294
 1 295
 1 296
 1 297
 0 298
 0 299
 0 300
 2 301
 0 302
 1 303
 0 304
 3 305
 1 306
 0 307
 0 308
 2 309
 0 310
 2 311
 1 312
 1 313
 1 314
 1 315
 3 316
 2 317
 2 318
 0 319
 2 320
 2 321
 0 322
 2 323
 1 324
 3 325
 2 326
 1 327
 0 328
 2 329
 2 330
 0 331
 0 332
 1 333
 1 334
 0 335
 2 336
 2 337
 4 338
 2 339
 1 340
 3 341
 0 342
 2 343
 2 344
 2 345
 1 346
 2 347
 2 348
 2 349
 2 350
 1 351
 1 352
 1 353
 0 354
 1 355
 2 356
 0 357
 1 358
 0 359
 1 360
 1 361
 1 362
 0 363
 2 364
 0 365
 0 366
 0 367
 5 368
 0 369
 2 370
 0 371
 1 372
 1 373
 0 374
 0 375
 0 376
 0 377
 0 378
 1 379
 0 380
 0 381
 0 382
 0 383
 0 384
 0 385
 0 386
 0 387
 0 388
 1 389
 0 390
 0 391
 0 392
 0 393
 0 394
 0 395
 0 396
 1 397
 1 398
 0 399
 0 400
 0 401
 0 402
 0 403
 0 404
 0 405
 0 406
 0 407
 0 408
 0 409
 0 410
 0 411
 0 412
 0 413
 0 414
 0 415
 0 416
 0 417
 0 418
 0 419
 0 420
 0 421
 0 422
 0 423
 0 424
 0 425
 0 426
 0 427
 0 428
 0 429
 0 430
 0 431
 0 432
 0 433
 0 434
 0 435
 0 436
 0 437
 0 438
 0 439
 0 440
 0 441
 0 442
 0 443
 0 444
 0 445
 0 446
 0 447
 0 448
 0 449
 0 450
 0 451
 0 452
 0 453
 0 454
 0 455
 0 456
 0 457
 0 458
 0 459
 0 460
 0 461
 0 462
 0 463
 0 464
 0 465
 0 466
 0 467
 0 468
 0 469
 0 470
 0 471
 0 472
 0 473
 0 474
 0 475
 0 476
 0 477
 0 478
 0 479
 0 480
 0 481
 0 482
 0 483
 0 484
 0 485
 0 486
 0 487
 0 488
 0 489
 0 490
 0 491
 0 492
 0 493
 0 494
 0 495
 0 496
 0 497
 0 498
 0 499
 0 500
 0 501
 0 502
 0 503
 0 504
 0 505
 0 506
 0 507
 0 508
 0 509
 0 510
 0 511
 0 512
 0 513
 0 514
 0 515
 0 516
 0 517
 0 518
 0 519
 0 520
 0 521
 0 522
 0 523
 0 524
 0 525
 0 526
 0 527
 0 528
 0 529
 0 530
 0 531
 0 532
 0 533
 0 534
 0 535
 0 536
 0 537
 0 538
 0 539
 0 540
 0 541
 0 542
 0 543
 0 544
 0 545
 0 546
 0 547
 0 548
 0 549
 0 550
 0 551
 0 552
 0 553
 0 554
 0 555
 0 556
 0 557
 0 558
 0 559
 0 560
 0 561
 0 562
 0 563
 0 564
 0 565
 0 566
 0 567
 0 568
 0 569
 0 570
 0 571
 0 572
 0 573
 0 574
 0 575
 0 576
 0 577
 0 578
 0 579
 0 580
 0 581
 0 582
 0 583
 0 584
 0 585
 0 586
 0 587
 0 588
 0 589
 0 590
 0 591
 0 592
 0 593
 0 594
 0 595
 0 596
 0 597
 0 598
 0 599
 0 600


