# Created by Octave 3.8.2, Sat Jun 20 17:32:05 2020 CEST <damian@fptrucha.inv.usc.es>
# name: hd
# type: matrix
# rows: 551
# columns: 2
 0 50
 0 51
 0 52
 0 53
 0 54
 0 55
 0 56
 0 57
 0 58
 0 59
 0 60
 0 61
 0 62
 0 63
 0 64
 0 65
 0 66
 0 67
 0 68
 0 69
 0 70
 0 71
 0 72
 0 73
 0 74
 0 75
 0 76
 0 77
 0 78
 0 79
 0 80
 0 81
 0 82
 0 83
 0 84
 0 85
 0 86
 0 87
 0 88
 2 89
 6 90
 13 91
 61 92
 145 93
 269 94
 410 95
 541 96
 645 97
 826 98
 1033 99
 1182 100
 1248 101
 1282 102
 1378 103
 1372 104
 1389 105
 1408 106
 1361 107
 1331 108
 1314 109
 1386 110
 1212 111
 1129 112
 1112 113
 1038 114
 998 115
 882 116
 795 117
 809 118
 749 119
 683 120
 620 121
 581 122
 543 123
 477 124
 437 125
 360 126
 363 127
 342 128
 297 129
 255 130
 236 131
 227 132
 215 133
 182 134
 173 135
 150 136
 140 137
 131 138
 127 139
 99 140
 105 141
 86 142
 98 143
 92 144
 79 145
 63 146
 65 147
 64 148
 49 149
 42 150
 39 151
 47 152
 47 153
 29 154
 43 155
 39 156
 44 157
 30 158
 32 159
 32 160
 26 161
 26 162
 21 163
 16 164
 27 165
 10 166
 17 167
 9 168
 10 169
 13 170
 9 171
 9 172
 8 173
 10 174
 5 175
 4 176
 11 177
 13 178
 5 179
 6 180
 11 181
 5 182
 4 183
 4 184
 8 185
 1 186
 2 187
 3 188
 2 189
 3 190
 0 191
 1 192
 3 193
 2 194
 1 195
 2 196
 1 197
 1 198
 1 199
 0 200
 1 201
 0 202
 2 203
 1 204
 1 205
 1 206
 1 207
 0 208
 3 209
 1 210
 0 211
 1 212
 0 213
 0 214
 0 215
 1 216
 0 217
 0 218
 0 219
 0 220
 0 221
 0 222
 0 223
 0 224
 0 225
 0 226
 0 227
 0 228
 0 229
 0 230
 0 231
 0 232
 0 233
 0 234
 0 235
 0 236
 0 237
 0 238
 0 239
 0 240
 0 241
 0 242
 0 243
 0 244
 0 245
 0 246
 0 247
 0 248
 0 249
 0 250
 0 251
 0 252
 0 253
 0 254
 0 255
 0 256
 0 257
 0 258
 0 259
 0 260
 0 261
 0 262
 0 263
 0 264
 0 265
 0 266
 1 267
 0 268
 0 269
 0 270
 0 271
 0 272
 0 273
 0 274
 0 275
 0 276
 0 277
 0 278
 0 279
 0 280
 0 281
 0 282
 0 283
 0 284
 0 285
 0 286
 0 287
 0 288
 1 289
 2 290
 0 291
 0 292
 0 293
 0 294
 0 295
 0 296
 1 297
 0 298
 3 299
 1 300
 0 301
 0 302
 0 303
 1 304
 1 305
 0 306
 0 307
 1 308
 0 309
 0 310
 0 311
 2 312
 1 313
 0 314
 2 315
 1 316
 1 317
 4 318
 0 319
 1 320
 3 321
 1 322
 0 323
 0 324
 0 325
 2 326
 1 327
 0 328
 0 329
 2 330
 1 331
 2 332
 1 333
 0 334
 1 335
 2 336
 3 337
 2 338
 1 339
 5 340
 1 341
 1 342
 3 343
 0 344
 1 345
 2 346
 0 347
 1 348
 1 349
 1 350
 4 351
 1 352
 0 353
 2 354
 0 355
 1 356
 1 357
 1 358
 0 359
 2 360
 2 361
 0 362
 1 363
 3 364
 0 365
 0 366
 0 367
 0 368
 2 369
 2 370
 0 371
 2 372
 0 373
 1 374
 2 375
 1 376
 2 377
 1 378
 0 379
 1 380
 1 381
 0 382
 0 383
 2 384
 1 385
 0 386
 0 387
 0 388
 0 389
 0 390
 1 391
 0 392
 0 393
 0 394
 0 395
 1 396
 0 397
 0 398
 0 399
 0 400
 0 401
 0 402
 0 403
 0 404
 1 405
 0 406
 0 407
 0 408
 0 409
 0 410
 0 411
 0 412
 0 413
 0 414
 0 415
 0 416
 0 417
 1 418
 0 419
 1 420
 0 421
 0 422
 0 423
 0 424
 0 425
 0 426
 0 427
 0 428
 0 429
 0 430
 0 431
 0 432
 0 433
 0 434
 0 435
 0 436
 0 437
 0 438
 0 439
 0 440
 0 441
 0 442
 0 443
 0 444
 0 445
 0 446
 0 447
 0 448
 0 449
 0 450
 0 451
 0 452
 0 453
 0 454
 0 455
 0 456
 0 457
 0 458
 0 459
 0 460
 0 461
 0 462
 0 463
 0 464
 0 465
 0 466
 0 467
 0 468
 0 469
 0 470
 0 471
 0 472
 0 473
 0 474
 0 475
 0 476
 0 477
 0 478
 0 479
 0 480
 0 481
 0 482
 0 483
 0 484
 0 485
 0 486
 0 487
 0 488
 0 489
 0 490
 0 491
 0 492
 0 493
 0 494
 0 495
 0 496
 0 497
 0 498
 0 499
 0 500
 0 501
 0 502
 0 503
 0 504
 0 505
 0 506
 0 507
 0 508
 0 509
 0 510
 0 511
 0 512
 0 513
 0 514
 0 515
 0 516
 0 517
 0 518
 0 519
 0 520
 0 521
 0 522
 0 523
 0 524
 0 525
 0 526
 0 527
 0 528
 0 529
 0 530
 0 531
 0 532
 0 533
 0 534
 0 535
 0 536
 0 537
 0 538
 0 539
 0 540
 0 541
 0 542
 0 543
 0 544
 0 545
 0 546
 0 547
 0 548
 0 549
 0 550
 0 551
 0 552
 0 553
 0 554
 0 555
 0 556
 0 557
 0 558
 0 559
 0 560
 0 561
 0 562
 0 563
 0 564
 0 565
 0 566
 0 567
 0 568
 0 569
 0 570
 0 571
 0 572
 0 573
 0 574
 0 575
 0 576
 0 577
 0 578
 0 579
 0 580
 0 581
 0 582
 0 583
 0 584
 0 585
 0 586
 0 587
 0 588
 0 589
 0 590
 0 591
 0 592
 0 593
 0 594
 0 595
 0 596
 0 597
 0 598
 0 599
 0 600


