# Created by Octave 3.8.2, Mon Jun 22 17:43:06 2020 CEST <damian@fptrucha.inv.usc.es>
# name: hd
# type: matrix
# rows: 551
# columns: 2
 0 50
 0 51
 0 52
 0 53
 0 54
 0 55
 0 56
 0 57
 0 58
 0 59
 0 60
 0 61
 0 62
 0 63
 0 64
 0 65
 0 66
 0 67
 0 68
 0 69
 0 70
 0 71
 0 72
 0 73
 0 74
 0 75
 0 76
 0 77
 0 78
 0 79
 0 80
 0 81
 0 82
 0 83
 0 84
 0 85
 0 86
 0 87
 0 88
 0 89
 3 90
 6 91
 30 92
 101 93
 220 94
 419 95
 556 96
 702 97
 855 98
 1233 99
 1517 100
 1554 101
 1626 102
 1644 103
 1715 104
 1660 105
 1745 106
 1646 107
 1686 108
 1468 109
 1384 110
 1234 111
 1209 112
 1115 113
 998 114
 934 115
 924 116
 790 117
 733 118
 678 119
 627 120
 489 121
 482 122
 422 123
 376 124
 331 125
 314 126
 276 127
 219 128
 223 129
 170 130
 194 131
 176 132
 158 133
 145 134
 147 135
 114 136
 97 137
 94 138
 97 139
 96 140
 82 141
 79 142
 67 143
 61 144
 69 145
 49 146
 55 147
 38 148
 36 149
 50 150
 44 151
 51 152
 35 153
 38 154
 35 155
 34 156
 28 157
 34 158
 29 159
 33 160
 27 161
 21 162
 20 163
 21 164
 13 165
 12 166
 13 167
 15 168
 14 169
 8 170
 14 171
 6 172
 12 173
 10 174
 11 175
 10 176
 7 177
 6 178
 12 179
 7 180
 3 181
 6 182
 4 183
 7 184
 5 185
 2 186
 4 187
 2 188
 4 189
 1 190
 2 191
 3 192
 2 193
 2 194
 1 195
 3 196
 1 197
 1 198
 1 199
 0 200
 2 201
 1 202
 3 203
 0 204
 0 205
 1 206
 0 207
 3 208
 0 209
 0 210
 0 211
 1 212
 0 213
 0 214
 2 215
 0 216
 1 217
 0 218
 0 219
 0 220
 0 221
 0 222
 0 223
 0 224
 0 225
 1 226
 0 227
 0 228
 0 229
 2 230
 0 231
 0 232
 0 233
 0 234
 0 235
 0 236
 1 237
 0 238
 0 239
 0 240
 0 241
 0 242
 0 243
 0 244
 0 245
 0 246
 0 247
 0 248
 0 249
 0 250
 0 251
 0 252
 0 253
 0 254
 0 255
 0 256
 0 257
 0 258
 0 259
 0 260
 0 261
 0 262
 0 263
 0 264
 0 265
 0 266
 0 267
 0 268
 0 269
 0 270
 0 271
 0 272
 0 273
 0 274
 0 275
 0 276
 0 277
 0 278
 0 279
 0 280
 0 281
 0 282
 0 283
 0 284
 0 285
 1 286
 0 287
 0 288
 0 289
 0 290
 2 291
 1 292
 0 293
 0 294
 0 295
 0 296
 0 297
 2 298
 0 299
 0 300
 1 301
 0 302
 1 303
 1 304
 0 305
 0 306
 0 307
 3 308
 1 309
 1 310
 0 311
 0 312
 0 313
 2 314
 0 315
 0 316
 1 317
 2 318
 2 319
 1 320
 4 321
 0 322
 0 323
 1 324
 1 325
 1 326
 0 327
 1 328
 2 329
 2 330
 0 331
 4 332
 1 333
 1 334
 2 335
 1 336
 1 337
 3 338
 1 339
 0 340
 1 341
 1 342
 1 343
 0 344
 0 345
 0 346
 2 347
 2 348
 2 349
 1 350
 1 351
 3 352
 0 353
 0 354
 1 355
 0 356
 2 357
 1 358
 0 359
 1 360
 0 361
 2 362
 1 363
 1 364
 1 365
 2 366
 0 367
 2 368
 1 369
 0 370
 0 371
 3 372
 1 373
 4 374
 0 375
 1 376
 2 377
 0 378
 1 379
 0 380
 0 381
 1 382
 0 383
 0 384
 0 385
 1 386
 0 387
 0 388
 0 389
 0 390
 0 391
 0 392
 0 393
 0 394
 0 395
 0 396
 0 397
 0 398
 0 399
 0 400
 0 401
 0 402
 0 403
 0 404
 0 405
 0 406
 0 407
 0 408
 0 409
 0 410
 0 411
 0 412
 0 413
 0 414
 0 415
 0 416
 0 417
 0 418
 0 419
 0 420
 0 421
 0 422
 0 423
 0 424
 0 425
 0 426
 0 427
 0 428
 0 429
 0 430
 0 431
 0 432
 0 433
 0 434
 0 435
 0 436
 0 437
 0 438
 0 439
 0 440
 0 441
 0 442
 0 443
 0 444
 0 445
 0 446
 0 447
 0 448
 0 449
 0 450
 0 451
 0 452
 0 453
 0 454
 0 455
 0 456
 0 457
 0 458
 0 459
 0 460
 0 461
 0 462
 0 463
 0 464
 0 465
 0 466
 0 467
 0 468
 0 469
 0 470
 0 471
 0 472
 0 473
 0 474
 0 475
 0 476
 0 477
 0 478
 0 479
 0 480
 0 481
 0 482
 0 483
 0 484
 0 485
 0 486
 0 487
 0 488
 0 489
 0 490
 0 491
 0 492
 0 493
 0 494
 0 495
 0 496
 0 497
 0 498
 0 499
 0 500
 0 501
 0 502
 0 503
 0 504
 0 505
 0 506
 0 507
 0 508
 0 509
 0 510
 0 511
 0 512
 0 513
 0 514
 0 515
 0 516
 0 517
 0 518
 0 519
 0 520
 0 521
 0 522
 0 523
 0 524
 0 525
 0 526
 0 527
 0 528
 0 529
 0 530
 0 531
 0 532
 0 533
 0 534
 0 535
 0 536
 0 537
 0 538
 0 539
 0 540
 0 541
 0 542
 0 543
 0 544
 0 545
 0 546
 0 547
 0 548
 0 549
 0 550
 0 551
 0 552
 0 553
 0 554
 0 555
 0 556
 0 557
 0 558
 0 559
 0 560
 0 561
 0 562
 0 563
 0 564
 0 565
 0 566
 0 567
 0 568
 0 569
 0 570
 0 571
 0 572
 0 573
 0 574
 0 575
 0 576
 0 577
 0 578
 0 579
 0 580
 0 581
 0 582
 0 583
 0 584
 0 585
 0 586
 0 587
 0 588
 0 589
 0 590
 0 591
 0 592
 0 593
 0 594
 0 595
 0 596
 0 597
 0 598
 0 599
 0 600


