# Created by Octave 3.8.2, Mon Jun 22 18:20:38 2020 CEST <damian@fptrucha.inv.usc.es>
# name: hd
# type: matrix
# rows: 551
# columns: 2
 0 50
 0 51
 0 52
 0 53
 0 54
 0 55
 0 56
 0 57
 0 58
 0 59
 0 60
 0 61
 0 62
 0 63
 0 64
 0 65
 0 66
 0 67
 0 68
 0 69
 0 70
 0 71
 0 72
 0 73
 0 74
 0 75
 0 76
 0 77
 0 78
 0 79
 0 80
 0 81
 0 82
 0 83
 0 84
 0 85
 0 86
 0 87
 0 88
 0 89
 7 90
 9 91
 34 92
 71 93
 202 94
 401 95
 538 96
 619 97
 821 98
 1078 99
 1435 100
 1570 101
 1587 102
 1582 103
 1485 104
 1597 105
 1549 106
 1597 107
 1527 108
 1464 109
 1454 110
 1272 111
 1286 112
 1145 113
 1075 114
 974 115
 889 116
 817 117
 692 118
 641 119
 647 120
 537 121
 500 122
 452 123
 425 124
 385 125
 320 126
 298 127
 284 128
 244 129
 207 130
 192 131
 182 132
 183 133
 176 134
 142 135
 127 136
 101 137
 98 138
 103 139
 121 140
 88 141
 95 142
 72 143
 87 144
 83 145
 67 146
 51 147
 59 148
 47 149
 42 150
 48 151
 42 152
 58 153
 50 154
 51 155
 40 156
 34 157
 37 158
 28 159
 20 160
 17 161
 24 162
 26 163
 17 164
 13 165
 14 166
 21 167
 16 168
 19 169
 17 170
 14 171
 16 172
 9 173
 13 174
 12 175
 14 176
 5 177
 9 178
 6 179
 13 180
 4 181
 6 182
 3 183
 3 184
 9 185
 1 186
 5 187
 4 188
 4 189
 0 190
 6 191
 4 192
 0 193
 0 194
 2 195
 0 196
 2 197
 3 198
 1 199
 1 200
 2 201
 2 202
 2 203
 1 204
 1 205
 1 206
 0 207
 1 208
 0 209
 1 210
 0 211
 0 212
 0 213
 1 214
 0 215
 0 216
 0 217
 0 218
 0 219
 0 220
 0 221
 1 222
 0 223
 0 224
 1 225
 0 226
 0 227
 0 228
 0 229
 0 230
 0 231
 0 232
 0 233
 2 234
 0 235
 0 236
 0 237
 0 238
 1 239
 0 240
 1 241
 0 242
 0 243
 0 244
 0 245
 0 246
 0 247
 1 248
 0 249
 0 250
 0 251
 0 252
 0 253
 0 254
 0 255
 0 256
 0 257
 0 258
 0 259
 0 260
 0 261
 0 262
 0 263
 0 264
 0 265
 0 266
 1 267
 0 268
 0 269
 0 270
 0 271
 0 272
 0 273
 0 274
 0 275
 0 276
 2 277
 0 278
 0 279
 1 280
 0 281
 0 282
 0 283
 1 284
 0 285
 0 286
 0 287
 0 288
 1 289
 0 290
 0 291
 1 292
 1 293
 1 294
 3 295
 0 296
 0 297
 0 298
 0 299
 2 300
 2 301
 0 302
 1 303
 0 304
 1 305
 1 306
 1 307
 0 308
 1 309
 2 310
 1 311
 0 312
 1 313
 4 314
 1 315
 1 316
 1 317
 2 318
 1 319
 1 320
 2 321
 0 322
 1 323
 1 324
 4 325
 3 326
 4 327
 2 328
 1 329
 2 330
 1 331
 7 332
 5 333
 3 334
 0 335
 1 336
 1 337
 2 338
 1 339
 2 340
 3 341
 3 342
 2 343
 5 344
 4 345
 2 346
 3 347
 1 348
 2 349
 1 350
 1 351
 6 352
 0 353
 6 354
 2 355
 0 356
 1 357
 2 358
 1 359
 1 360
 1 361
 2 362
 1 363
 1 364
 0 365
 2 366
 1 367
 1 368
 0 369
 1 370
 0 371
 1 372
 1 373
 0 374
 3 375
 1 376
 0 377
 1 378
 0 379
 1 380
 0 381
 0 382
 0 383
 0 384
 0 385
 0 386
 1 387
 0 388
 0 389
 1 390
 1 391
 1 392
 1 393
 2 394
 0 395
 1 396
 1 397
 0 398
 0 399
 0 400
 0 401
 0 402
 0 403
 1 404
 0 405
 0 406
 0 407
 0 408
 0 409
 0 410
 0 411
 0 412
 0 413
 0 414
 0 415
 0 416
 0 417
 0 418
 0 419
 0 420
 0 421
 0 422
 0 423
 0 424
 0 425
 0 426
 0 427
 0 428
 0 429
 0 430
 0 431
 0 432
 0 433
 0 434
 0 435
 0 436
 0 437
 0 438
 0 439
 0 440
 0 441
 0 442
 0 443
 0 444
 0 445
 0 446
 0 447
 0 448
 0 449
 0 450
 0 451
 0 452
 0 453
 0 454
 0 455
 0 456
 0 457
 0 458
 0 459
 0 460
 0 461
 0 462
 0 463
 0 464
 0 465
 0 466
 0 467
 0 468
 0 469
 0 470
 0 471
 0 472
 0 473
 0 474
 0 475
 0 476
 0 477
 0 478
 0 479
 0 480
 0 481
 0 482
 0 483
 0 484
 0 485
 0 486
 0 487
 0 488
 0 489
 0 490
 0 491
 0 492
 0 493
 0 494
 0 495
 0 496
 0 497
 0 498
 0 499
 0 500
 0 501
 0 502
 0 503
 0 504
 0 505
 0 506
 0 507
 0 508
 0 509
 0 510
 0 511
 0 512
 0 513
 0 514
 0 515
 0 516
 0 517
 0 518
 0 519
 0 520
 0 521
 0 522
 0 523
 0 524
 0 525
 0 526
 0 527
 0 528
 0 529
 0 530
 0 531
 0 532
 0 533
 0 534
 0 535
 0 536
 0 537
 0 538
 0 539
 0 540
 0 541
 0 542
 0 543
 0 544
 0 545
 0 546
 0 547
 0 548
 0 549
 0 550
 0 551
 0 552
 0 553
 0 554
 0 555
 0 556
 0 557
 0 558
 0 559
 0 560
 0 561
 0 562
 0 563
 0 564
 0 565
 0 566
 0 567
 0 568
 0 569
 0 570
 0 571
 0 572
 0 573
 0 574
 0 575
 0 576
 0 577
 0 578
 0 579
 0 580
 0 581
 0 582
 0 583
 0 584
 0 585
 0 586
 0 587
 0 588
 0 589
 0 590
 0 591
 0 592
 0 593
 0 594
 0 595
 0 596
 0 597
 0 598
 0 599
 0 600


