# Created by Octave 3.8.2, Mon Jun 22 12:01:30 2020 CEST <damian@fptrucha.inv.usc.es>
# name: hd
# type: matrix
# rows: 551
# columns: 2
 0 50
 0 51
 0 52
 0 53
 0 54
 0 55
 0 56
 0 57
 0 58
 0 59
 0 60
 0 61
 0 62
 0 63
 0 64
 0 65
 0 66
 0 67
 0 68
 0 69
 0 70
 0 71
 0 72
 0 73
 0 74
 0 75
 0 76
 0 77
 0 78
 0 79
 0 80
 0 81
 0 82
 0 83
 0 84
 0 85
 0 86
 0 87
 0 88
 2 89
 4 90
 6 91
 31 92
 89 93
 218 94
 401 95
 538 96
 623 97
 825 98
 1087 99
 1343 100
 1429 101
 1568 102
 1512 103
 1552 104
 1533 105
 1493 106
 1487 107
 1541 108
 1354 109
 1316 110
 1187 111
 1159 112
 1043 113
 1013 114
 904 115
 911 116
 805 117
 678 118
 630 119
 612 120
 513 121
 469 122
 445 123
 365 124
 343 125
 305 126
 277 127
 264 128
 226 129
 211 130
 188 131
 175 132
 175 133
 141 134
 133 135
 104 136
 114 137
 99 138
 97 139
 77 140
 77 141
 84 142
 77 143
 62 144
 64 145
 54 146
 63 147
 53 148
 48 149
 43 150
 31 151
 45 152
 37 153
 32 154
 27 155
 31 156
 33 157
 30 158
 32 159
 24 160
 19 161
 27 162
 20 163
 17 164
 13 165
 14 166
 10 167
 12 168
 19 169
 10 170
 8 171
 6 172
 5 173
 13 174
 7 175
 10 176
 5 177
 7 178
 6 179
 3 180
 4 181
 2 182
 7 183
 4 184
 3 185
 3 186
 7 187
 5 188
 4 189
 5 190
 3 191
 3 192
 1 193
 2 194
 1 195
 4 196
 1 197
 3 198
 1 199
 3 200
 1 201
 2 202
 1 203
 0 204
 0 205
 2 206
 0 207
 1 208
 0 209
 0 210
 1 211
 3 212
 0 213
 0 214
 0 215
 2 216
 1 217
 0 218
 0 219
 1 220
 1 221
 2 222
 0 223
 0 224
 0 225
 0 226
 0 227
 0 228
 0 229
 0 230
 0 231
 0 232
 0 233
 0 234
 0 235
 0 236
 0 237
 0 238
 0 239
 0 240
 0 241
 0 242
 0 243
 0 244
 0 245
 0 246
 0 247
 0 248
 0 249
 1 250
 0 251
 0 252
 0 253
 0 254
 0 255
 0 256
 0 257
 0 258
 0 259
 0 260
 0 261
 0 262
 1 263
 0 264
 0 265
 0 266
 0 267
 0 268
 0 269
 0 270
 0 271
 0 272
 0 273
 0 274
 0 275
 0 276
 0 277
 0 278
 0 279
 0 280
 0 281
 1 282
 0 283
 0 284
 0 285
 0 286
 0 287
 0 288
 0 289
 1 290
 0 291
 1 292
 0 293
 0 294
 2 295
 1 296
 1 297
 1 298
 0 299
 0 300
 3 301
 0 302
 3 303
 2 304
 1 305
 0 306
 2 307
 3 308
 1 309
 1 310
 1 311
 0 312
 2 313
 1 314
 1 315
 0 316
 3 317
 2 318
 2 319
 1 320
 1 321
 2 322
 1 323
 3 324
 1 325
 0 326
 1 327
 2 328
 2 329
 1 330
 1 331
 1 332
 1 333
 2 334
 0 335
 2 336
 2 337
 0 338
 2 339
 0 340
 1 341
 2 342
 0 343
 0 344
 1 345
 2 346
 3 347
 0 348
 2 349
 1 350
 2 351
 3 352
 2 353
 2 354
 0 355
 0 356
 2 357
 3 358
 1 359
 1 360
 2 361
 0 362
 2 363
 1 364
 0 365
 0 366
 2 367
 0 368
 0 369
 1 370
 3 371
 0 372
 1 373
 1 374
 2 375
 0 376
 1 377
 1 378
 1 379
 2 380
 0 381
 0 382
 0 383
 1 384
 0 385
 0 386
 1 387
 0 388
 0 389
 1 390
 1 391
 0 392
 0 393
 0 394
 0 395
 0 396
 1 397
 1 398
 2 399
 0 400
 0 401
 0 402
 0 403
 0 404
 0 405
 0 406
 1 407
 0 408
 0 409
 0 410
 0 411
 0 412
 1 413
 1 414
 0 415
 0 416
 0 417
 0 418
 0 419
 0 420
 0 421
 0 422
 0 423
 0 424
 0 425
 0 426
 1 427
 0 428
 0 429
 0 430
 0 431
 0 432
 0 433
 0 434
 0 435
 0 436
 0 437
 0 438
 0 439
 0 440
 0 441
 0 442
 0 443
 0 444
 0 445
 0 446
 0 447
 0 448
 0 449
 0 450
 0 451
 0 452
 0 453
 0 454
 0 455
 0 456
 0 457
 0 458
 0 459
 0 460
 0 461
 0 462
 0 463
 0 464
 0 465
 0 466
 0 467
 0 468
 0 469
 0 470
 0 471
 0 472
 0 473
 0 474
 0 475
 0 476
 0 477
 0 478
 0 479
 0 480
 0 481
 0 482
 0 483
 0 484
 0 485
 0 486
 0 487
 0 488
 0 489
 0 490
 0 491
 0 492
 0 493
 0 494
 0 495
 0 496
 0 497
 0 498
 0 499
 0 500
 0 501
 0 502
 0 503
 0 504
 0 505
 0 506
 0 507
 0 508
 0 509
 0 510
 0 511
 0 512
 0 513
 0 514
 0 515
 0 516
 0 517
 0 518
 0 519
 0 520
 0 521
 0 522
 0 523
 0 524
 0 525
 0 526
 0 527
 0 528
 0 529
 0 530
 0 531
 0 532
 0 533
 0 534
 0 535
 0 536
 0 537
 0 538
 0 539
 0 540
 0 541
 0 542
 0 543
 0 544
 0 545
 0 546
 0 547
 0 548
 0 549
 0 550
 0 551
 0 552
 0 553
 0 554
 0 555
 0 556
 0 557
 0 558
 0 559
 0 560
 0 561
 0 562
 0 563
 0 564
 0 565
 0 566
 0 567
 0 568
 0 569
 0 570
 0 571
 0 572
 0 573
 0 574
 0 575
 0 576
 0 577
 0 578
 0 579
 0 580
 0 581
 0 582
 0 583
 0 584
 0 585
 0 586
 0 587
 0 588
 0 589
 0 590
 0 591
 0 592
 0 593
 0 594
 0 595
 0 596
 0 597
 0 598
 0 599
 0 600


