# Created by Octave 3.8.2, Mon Jun 22 13:39:41 2020 CEST <damian@fptrucha.inv.usc.es>
# name: hd
# type: matrix
# rows: 551
# columns: 2
 0 50
 0 51
 0 52
 0 53
 0 54
 0 55
 0 56
 0 57
 0 58
 0 59
 0 60
 0 61
 0 62
 0 63
 0 64
 0 65
 0 66
 0 67
 0 68
 0 69
 0 70
 0 71
 0 72
 0 73
 0 74
 0 75
 0 76
 0 77
 0 78
 0 79
 0 80
 0 81
 0 82
 0 83
 0 84
 0 85
 0 86
 0 87
 0 88
 0 89
 6 90
 5 91
 27 92
 108 93
 218 94
 368 95
 548 96
 674 97
 808 98
 1160 99
 1448 100
 1524 101
 1579 102
 1587 103
 1709 104
 1662 105
 1535 106
 1511 107
 1526 108
 1441 109
 1332 110
 1222 111
 1167 112
 1079 113
 1026 114
 960 115
 856 116
 768 117
 715 118
 644 119
 605 120
 497 121
 460 122
 412 123
 389 124
 353 125
 286 126
 232 127
 265 128
 209 129
 208 130
 182 131
 166 132
 139 133
 156 134
 122 135
 128 136
 109 137
 98 138
 96 139
 85 140
 61 141
 90 142
 67 143
 68 144
 80 145
 49 146
 70 147
 55 148
 61 149
 44 150
 34 151
 35 152
 28 153
 30 154
 52 155
 33 156
 31 157
 31 158
 33 159
 19 160
 32 161
 19 162
 23 163
 21 164
 15 165
 11 166
 17 167
 13 168
 7 169
 7 170
 11 171
 12 172
 13 173
 9 174
 4 175
 8 176
 6 177
 10 178
 7 179
 6 180
 7 181
 7 182
 5 183
 5 184
 6 185
 7 186
 8 187
 5 188
 4 189
 2 190
 0 191
 5 192
 4 193
 1 194
 1 195
 3 196
 4 197
 2 198
 1 199
 2 200
 0 201
 1 202
 2 203
 0 204
 2 205
 3 206
 0 207
 0 208
 0 209
 0 210
 1 211
 2 212
 0 213
 0 214
 0 215
 0 216
 0 217
 1 218
 0 219
 0 220
 1 221
 1 222
 0 223
 0 224
 0 225
 1 226
 0 227
 0 228
 1 229
 0 230
 0 231
 0 232
 0 233
 1 234
 0 235
 0 236
 0 237
 0 238
 0 239
 0 240
 0 241
 0 242
 0 243
 1 244
 0 245
 0 246
 0 247
 0 248
 0 249
 0 250
 0 251
 0 252
 0 253
 0 254
 0 255
 0 256
 0 257
 0 258
 0 259
 0 260
 0 261
 0 262
 0 263
 0 264
 0 265
 0 266
 0 267
 0 268
 0 269
 0 270
 0 271
 0 272
 0 273
 1 274
 0 275
 0 276
 0 277
 0 278
 1 279
 1 280
 0 281
 0 282
 0 283
 0 284
 0 285
 0 286
 0 287
 0 288
 0 289
 1 290
 0 291
 0 292
 0 293
 0 294
 0 295
 0 296
 1 297
 0 298
 2 299
 0 300
 1 301
 0 302
 3 303
 2 304
 0 305
 2 306
 1 307
 1 308
 0 309
 1 310
 2 311
 0 312
 0 313
 1 314
 1 315
 3 316
 1 317
 1 318
 2 319
 2 320
 1 321
 1 322
 1 323
 2 324
 3 325
 1 326
 3 327
 0 328
 3 329
 0 330
 2 331
 0 332
 3 333
 1 334
 2 335
 1 336
 3 337
 1 338
 0 339
 2 340
 4 341
 2 342
 1 343
 2 344
 1 345
 0 346
 4 347
 0 348
 2 349
 1 350
 5 351
 1 352
 1 353
 1 354
 0 355
 3 356
 2 357
 1 358
 3 359
 4 360
 2 361
 2 362
 1 363
 1 364
 3 365
 0 366
 1 367
 4 368
 0 369
 0 370
 1 371
 1 372
 0 373
 0 374
 0 375
 1 376
 0 377
 0 378
 1 379
 0 380
 0 381
 0 382
 0 383
 1 384
 0 385
 0 386
 0 387
 0 388
 1 389
 0 390
 0 391
 2 392
 0 393
 0 394
 0 395
 0 396
 0 397
 0 398
 1 399
 0 400
 0 401
 0 402
 0 403
 0 404
 0 405
 1 406
 0 407
 0 408
 1 409
 0 410
 1 411
 0 412
 0 413
 0 414
 0 415
 0 416
 0 417
 0 418
 0 419
 1 420
 0 421
 0 422
 0 423
 0 424
 0 425
 0 426
 0 427
 0 428
 0 429
 0 430
 0 431
 0 432
 0 433
 0 434
 0 435
 0 436
 0 437
 0 438
 0 439
 0 440
 0 441
 0 442
 0 443
 0 444
 0 445
 0 446
 0 447
 0 448
 0 449
 0 450
 0 451
 0 452
 0 453
 0 454
 0 455
 0 456
 0 457
 0 458
 0 459
 0 460
 0 461
 0 462
 0 463
 0 464
 0 465
 0 466
 0 467
 0 468
 0 469
 0 470
 0 471
 0 472
 0 473
 0 474
 0 475
 0 476
 0 477
 0 478
 0 479
 0 480
 0 481
 0 482
 0 483
 0 484
 0 485
 0 486
 0 487
 0 488
 0 489
 0 490
 0 491
 0 492
 0 493
 0 494
 0 495
 0 496
 0 497
 0 498
 0 499
 0 500
 0 501
 0 502
 0 503
 0 504
 0 505
 0 506
 0 507
 0 508
 0 509
 0 510
 0 511
 0 512
 0 513
 0 514
 0 515
 0 516
 0 517
 0 518
 0 519
 0 520
 0 521
 0 522
 0 523
 0 524
 0 525
 0 526
 0 527
 0 528
 0 529
 0 530
 0 531
 0 532
 0 533
 0 534
 0 535
 0 536
 0 537
 0 538
 0 539
 0 540
 0 541
 0 542
 0 543
 0 544
 0 545
 0 546
 0 547
 0 548
 0 549
 0 550
 0 551
 0 552
 0 553
 0 554
 0 555
 0 556
 0 557
 0 558
 0 559
 0 560
 0 561
 0 562
 0 563
 0 564
 0 565
 0 566
 0 567
 0 568
 0 569
 0 570
 0 571
 0 572
 0 573
 0 574
 0 575
 0 576
 0 577
 0 578
 0 579
 0 580
 0 581
 0 582
 0 583
 0 584
 0 585
 0 586
 0 587
 0 588
 0 589
 0 590
 0 591
 0 592
 0 593
 0 594
 0 595
 0 596
 0 597
 0 598
 0 599
 0 600


