# Created by Octave 3.8.2, Sat Jun 20 22:06:38 2020 CEST <damian@fptrucha.inv.usc.es>
# name: hd
# type: matrix
# rows: 551
# columns: 2
 0 50
 0 51
 0 52
 0 53
 0 54
 0 55
 0 56
 0 57
 0 58
 0 59
 0 60
 0 61
 0 62
 0 63
 0 64
 0 65
 0 66
 0 67
 0 68
 0 69
 0 70
 0 71
 0 72
 0 73
 0 74
 0 75
 0 76
 0 77
 0 78
 0 79
 0 80
 0 81
 0 82
 0 83
 0 84
 0 85
 0 86
 0 87
 0 88
 0 89
 7 90
 13 91
 53 92
 139 93
 266 94
 395 95
 431 96
 581 97
 793 98
 1043 99
 1154 100
 1126 101
 1280 102
 1331 103
 1351 104
 1332 105
 1439 106
 1364 107
 1293 108
 1232 109
 1315 110
 1155 111
 1195 112
 1122 113
 1054 114
 1015 115
 895 116
 828 117
 767 118
 706 119
 624 120
 602 121
 542 122
 555 123
 457 124
 386 125
 349 126
 334 127
 292 128
 283 129
 245 130
 245 131
 217 132
 191 133
 174 134
 170 135
 134 136
 116 137
 121 138
 125 139
 108 140
 80 141
 76 142
 81 143
 70 144
 58 145
 71 146
 60 147
 42 148
 47 149
 49 150
 39 151
 33 152
 31 153
 39 154
 30 155
 29 156
 38 157
 24 158
 27 159
 21 160
 23 161
 20 162
 21 163
 11 164
 22 165
 15 166
 12 167
 16 168
 13 169
 9 170
 8 171
 8 172
 10 173
 6 174
 7 175
 9 176
 6 177
 9 178
 7 179
 7 180
 6 181
 4 182
 2 183
 3 184
 5 185
 1 186
 4 187
 4 188
 2 189
 4 190
 1 191
 2 192
 3 193
 1 194
 3 195
 2 196
 1 197
 1 198
 1 199
 1 200
 0 201
 0 202
 2 203
 3 204
 0 205
 1 206
 0 207
 1 208
 0 209
 2 210
 0 211
 0 212
 1 213
 0 214
 0 215
 0 216
 0 217
 1 218
 0 219
 0 220
 0 221
 0 222
 0 223
 0 224
 0 225
 0 226
 0 227
 0 228
 0 229
 0 230
 0 231
 0 232
 0 233
 0 234
 1 235
 0 236
 0 237
 0 238
 0 239
 0 240
 0 241
 0 242
 0 243
 0 244
 0 245
 0 246
 0 247
 0 248
 0 249
 0 250
 0 251
 0 252
 0 253
 0 254
 0 255
 0 256
 0 257
 0 258
 0 259
 0 260
 0 261
 0 262
 0 263
 0 264
 0 265
 0 266
 0 267
 0 268
 0 269
 0 270
 0 271
 0 272
 0 273
 1 274
 0 275
 0 276
 0 277
 0 278
 0 279
 0 280
 0 281
 0 282
 0 283
 1 284
 0 285
 0 286
 0 287
 0 288
 0 289
 0 290
 2 291
 0 292
 1 293
 0 294
 1 295
 0 296
 1 297
 0 298
 0 299
 2 300
 0 301
 1 302
 0 303
 1 304
 0 305
 1 306
 1 307
 0 308
 1 309
 1 310
 1 311
 0 312
 1 313
 1 314
 0 315
 0 316
 3 317
 1 318
 0 319
 2 320
 0 321
 3 322
 2 323
 3 324
 4 325
 2 326
 2 327
 1 328
 0 329
 2 330
 0 331
 0 332
 1 333
 0 334
 1 335
 1 336
 2 337
 3 338
 1 339
 4 340
 5 341
 2 342
 0 343
 2 344
 2 345
 1 346
 1 347
 3 348
 2 349
 3 350
 0 351
 0 352
 3 353
 0 354
 0 355
 0 356
 1 357
 1 358
 1 359
 1 360
 2 361
 1 362
 2 363
 2 364
 1 365
 1 366
 0 367
 1 368
 1 369
 3 370
 0 371
 1 372
 3 373
 0 374
 1 375
 2 376
 0 377
 2 378
 0 379
 1 380
 0 381
 0 382
 0 383
 0 384
 0 385
 0 386
 0 387
 0 388
 0 389
 1 390
 1 391
 0 392
 0 393
 0 394
 1 395
 0 396
 0 397
 0 398
 0 399
 1 400
 0 401
 1 402
 1 403
 1 404
 0 405
 0 406
 0 407
 1 408
 0 409
 0 410
 0 411
 0 412
 0 413
 0 414
 0 415
 0 416
 0 417
 0 418
 0 419
 0 420
 0 421
 0 422
 0 423
 0 424
 0 425
 0 426
 0 427
 0 428
 0 429
 0 430
 0 431
 0 432
 0 433
 0 434
 0 435
 0 436
 0 437
 0 438
 0 439
 0 440
 0 441
 0 442
 0 443
 0 444
 0 445
 0 446
 0 447
 0 448
 0 449
 0 450
 0 451
 0 452
 0 453
 0 454
 0 455
 0 456
 0 457
 0 458
 0 459
 0 460
 0 461
 0 462
 0 463
 0 464
 0 465
 0 466
 0 467
 0 468
 0 469
 0 470
 0 471
 0 472
 0 473
 0 474
 0 475
 0 476
 0 477
 0 478
 0 479
 0 480
 0 481
 0 482
 0 483
 0 484
 0 485
 0 486
 0 487
 0 488
 0 489
 0 490
 0 491
 0 492
 0 493
 0 494
 0 495
 0 496
 0 497
 0 498
 0 499
 0 500
 0 501
 0 502
 0 503
 0 504
 0 505
 0 506
 0 507
 0 508
 0 509
 0 510
 0 511
 0 512
 0 513
 0 514
 0 515
 0 516
 0 517
 0 518
 0 519
 0 520
 0 521
 0 522
 0 523
 0 524
 0 525
 0 526
 0 527
 0 528
 0 529
 0 530
 0 531
 0 532
 0 533
 0 534
 0 535
 0 536
 0 537
 0 538
 0 539
 0 540
 0 541
 0 542
 0 543
 0 544
 0 545
 0 546
 0 547
 0 548
 0 549
 0 550
 0 551
 0 552
 0 553
 0 554
 0 555
 0 556
 0 557
 0 558
 0 559
 0 560
 0 561
 0 562
 0 563
 0 564
 0 565
 0 566
 0 567
 0 568
 0 569
 0 570
 0 571
 0 572
 0 573
 0 574
 0 575
 0 576
 0 577
 0 578
 0 579
 0 580
 0 581
 0 582
 0 583
 0 584
 0 585
 0 586
 0 587
 0 588
 0 589
 0 590
 0 591
 0 592
 0 593
 0 594
 0 595
 0 596
 0 597
 0 598
 0 599
 0 600


