# Created by Octave 3.8.2, Sat Jun 20 10:16:11 2020 CEST <damian@fptrucha.inv.usc.es>
# name: hd
# type: matrix
# rows: 551
# columns: 2
 0 50
 0 51
 0 52
 0 53
 0 54
 0 55
 0 56
 0 57
 0 58
 0 59
 0 60
 0 61
 0 62
 0 63
 0 64
 0 65
 0 66
 0 67
 0 68
 0 69
 0 70
 0 71
 0 72
 0 73
 0 74
 0 75
 0 76
 0 77
 0 78
 0 79
 0 80
 0 81
 0 82
 0 83
 0 84
 0 85
 0 86
 0 87
 1 88
 2 89
 12 90
 26 91
 62 92
 149 93
 337 94
 398 95
 559 96
 755 97
 931 98
 1252 99
 1428 100
 1474 101
 1577 102
 1595 103
 1634 104
 1709 105
 1667 106
 1625 107
 1558 108
 1533 109
 1477 110
 1358 111
 1370 112
 1223 113
 1071 114
 964 115
 911 116
 898 117
 825 118
 700 119
 700 120
 618 121
 608 122
 528 123
 463 124
 457 125
 361 126
 350 127
 296 128
 281 129
 249 130
 228 131
 199 132
 199 133
 179 134
 146 135
 162 136
 123 137
 107 138
 120 139
 101 140
 127 141
 108 142
 86 143
 96 144
 66 145
 70 146
 56 147
 47 148
 50 149
 61 150
 37 151
 49 152
 44 153
 45 154
 35 155
 38 156
 36 157
 35 158
 35 159
 30 160
 27 161
 25 162
 21 163
 18 164
 19 165
 10 166
 23 167
 10 168
 11 169
 12 170
 15 171
 7 172
 7 173
 6 174
 13 175
 7 176
 9 177
 8 178
 5 179
 4 180
 4 181
 5 182
 5 183
 4 184
 5 185
 3 186
 4 187
 3 188
 2 189
 4 190
 2 191
 3 192
 2 193
 4 194
 4 195
 1 196
 0 197
 0 198
 1 199
 1 200
 2 201
 2 202
 1 203
 2 204
 0 205
 0 206
 2 207
 1 208
 0 209
 1 210
 2 211
 0 212
 0 213
 1 214
 0 215
 0 216
 0 217
 0 218
 0 219
 0 220
 3 221
 1 222
 1 223
 0 224
 0 225
 0 226
 0 227
 0 228
 0 229
 0 230
 0 231
 0 232
 0 233
 0 234
 0 235
 0 236
 0 237
 0 238
 0 239
 1 240
 0 241
 0 242
 0 243
 0 244
 0 245
 0 246
 0 247
 0 248
 0 249
 0 250
 0 251
 0 252
 0 253
 0 254
 0 255
 0 256
 0 257
 0 258
 1 259
 0 260
 0 261
 0 262
 0 263
 0 264
 0 265
 0 266
 0 267
 0 268
 0 269
 0 270
 0 271
 0 272
 0 273
 0 274
 0 275
 0 276
 0 277
 0 278
 0 279
 0 280
 0 281
 0 282
 0 283
 0 284
 0 285
 0 286
 0 287
 0 288
 0 289
 0 290
 0 291
 3 292
 0 293
 0 294
 1 295
 0 296
 0 297
 2 298
 0 299
 0 300
 1 301
 0 302
 0 303
 1 304
 0 305
 1 306
 0 307
 0 308
 1 309
 3 310
 0 311
 1 312
 0 313
 0 314
 2 315
 1 316
 1 317
 1 318
 1 319
 0 320
 2 321
 3 322
 0 323
 2 324
 0 325
 0 326
 1 327
 3 328
 2 329
 1 330
 1 331
 2 332
 1 333
 3 334
 0 335
 0 336
 1 337
 0 338
 3 339
 0 340
 1 341
 3 342
 1 343
 3 344
 1 345
 3 346
 1 347
 1 348
 3 349
 2 350
 1 351
 1 352
 1 353
 1 354
 1 355
 3 356
 2 357
 1 358
 1 359
 1 360
 1 361
 1 362
 1 363
 0 364
 4 365
 0 366
 0 367
 4 368
 1 369
 0 370
 1 371
 0 372
 0 373
 4 374
 1 375
 2 376
 0 377
 1 378
 0 379
 2 380
 1 381
 0 382
 1 383
 1 384
 1 385
 0 386
 0 387
 2 388
 1 389
 0 390
 0 391
 0 392
 0 393
 0 394
 0 395
 0 396
 0 397
 1 398
 0 399
 0 400
 0 401
 0 402
 0 403
 0 404
 0 405
 0 406
 0 407
 1 408
 0 409
 0 410
 1 411
 0 412
 0 413
 0 414
 0 415
 0 416
 0 417
 0 418
 0 419
 0 420
 0 421
 0 422
 0 423
 0 424
 0 425
 0 426
 0 427
 0 428
 0 429
 0 430
 0 431
 0 432
 0 433
 0 434
 0 435
 0 436
 0 437
 0 438
 0 439
 0 440
 0 441
 0 442
 0 443
 0 444
 0 445
 0 446
 0 447
 0 448
 0 449
 0 450
 0 451
 0 452
 0 453
 0 454
 0 455
 0 456
 0 457
 0 458
 0 459
 0 460
 0 461
 0 462
 0 463
 0 464
 0 465
 0 466
 0 467
 0 468
 0 469
 0 470
 0 471
 0 472
 0 473
 0 474
 0 475
 0 476
 0 477
 0 478
 0 479
 0 480
 0 481
 0 482
 0 483
 0 484
 0 485
 0 486
 0 487
 0 488
 0 489
 0 490
 0 491
 0 492
 0 493
 0 494
 0 495
 0 496
 0 497
 0 498
 0 499
 0 500
 0 501
 0 502
 0 503
 0 504
 0 505
 0 506
 0 507
 0 508
 0 509
 0 510
 0 511
 0 512
 0 513
 0 514
 0 515
 0 516
 0 517
 0 518
 0 519
 0 520
 0 521
 0 522
 0 523
 0 524
 0 525
 0 526
 0 527
 0 528
 0 529
 0 530
 0 531
 0 532
 0 533
 0 534
 0 535
 0 536
 0 537
 0 538
 0 539
 0 540
 0 541
 0 542
 0 543
 0 544
 0 545
 0 546
 0 547
 0 548
 0 549
 0 550
 0 551
 0 552
 0 553
 0 554
 0 555
 0 556
 0 557
 0 558
 0 559
 0 560
 0 561
 0 562
 0 563
 0 564
 0 565
 0 566
 0 567
 0 568
 0 569
 0 570
 0 571
 0 572
 0 573
 0 574
 0 575
 0 576
 0 577
 0 578
 0 579
 0 580
 0 581
 0 582
 0 583
 0 584
 0 585
 0 586
 0 587
 0 588
 0 589
 0 590
 0 591
 0 592
 0 593
 0 594
 0 595
 0 596
 0 597
 0 598
 0 599
 0 600


