# Created by Octave 3.8.2, Sat Jun 20 02:48:24 2020 CEST <damian@fptrucha.inv.usc.es>
# name: hd
# type: matrix
# rows: 551
# columns: 2
 0 50
 0 51
 0 52
 0 53
 0 54
 0 55
 0 56
 0 57
 0 58
 0 59
 0 60
 0 61
 0 62
 0 63
 0 64
 0 65
 1 66
 0 67
 0 68
 0 69
 0 70
 0 71
 0 72
 0 73
 0 74
 0 75
 0 76
 0 77
 0 78
 0 79
 0 80
 0 81
 0 82
 0 83
 0 84
 0 85
 0 86
 0 87
 0 88
 1 89
 12 90
 22 91
 56 92
 139 93
 281 94
 421 95
 511 96
 645 97
 834 98
 1100 99
 1222 100
 1266 101
 1345 102
 1429 103
 1524 104
 1441 105
 1493 106
 1533 107
 1471 108
 1429 109
 1371 110
 1282 111
 1215 112
 1172 113
 1023 114
 1044 115
 1022 116
 921 117
 842 118
 828 119
 750 120
 626 121
 590 122
 544 123
 472 124
 462 125
 424 126
 409 127
 359 128
 309 129
 291 130
 286 131
 257 132
 220 133
 230 134
 207 135
 179 136
 147 137
 146 138
 146 139
 142 140
 106 141
 106 142
 104 143
 107 144
 103 145
 70 146
 73 147
 60 148
 62 149
 48 150
 53 151
 59 152
 44 153
 55 154
 41 155
 44 156
 28 157
 32 158
 34 159
 45 160
 28 161
 28 162
 30 163
 22 164
 16 165
 24 166
 12 167
 19 168
 22 169
 18 170
 14 171
 18 172
 14 173
 12 174
 4 175
 11 176
 9 177
 13 178
 11 179
 6 180
 9 181
 6 182
 8 183
 6 184
 7 185
 2 186
 5 187
 7 188
 2 189
 7 190
 6 191
 3 192
 7 193
 1 194
 5 195
 3 196
 2 197
 2 198
 2 199
 0 200
 2 201
 2 202
 1 203
 1 204
 1 205
 2 206
 5 207
 0 208
 1 209
 1 210
 0 211
 1 212
 1 213
 0 214
 2 215
 0 216
 1 217
 1 218
 2 219
 0 220
 2 221
 1 222
 0 223
 1 224
 1 225
 0 226
 1 227
 0 228
 1 229
 0 230
 0 231
 1 232
 0 233
 0 234
 0 235
 0 236
 0 237
 0 238
 0 239
 0 240
 0 241
 0 242
 2 243
 0 244
 0 245
 0 246
 0 247
 0 248
 0 249
 0 250
 0 251
 0 252
 0 253
 0 254
 0 255
 0 256
 0 257
 0 258
 0 259
 0 260
 0 261
 0 262
 0 263
 0 264
 0 265
 0 266
 0 267
 0 268
 0 269
 0 270
 0 271
 0 272
 0 273
 0 274
 0 275
 0 276
 0 277
 0 278
 0 279
 0 280
 0 281
 0 282
 0 283
 0 284
 0 285
 0 286
 0 287
 0 288
 0 289
 1 290
 0 291
 1 292
 1 293
 0 294
 1 295
 0 296
 1 297
 0 298
 0 299
 1 300
 1 301
 1 302
 0 303
 1 304
 1 305
 0 306
 1 307
 0 308
 1 309
 0 310
 0 311
 0 312
 1 313
 1 314
 3 315
 2 316
 0 317
 1 318
 2 319
 3 320
 3 321
 3 322
 1 323
 1 324
 2 325
 2 326
 1 327
 4 328
 0 329
 1 330
 4 331
 3 332
 0 333
 2 334
 3 335
 2 336
 3 337
 3 338
 3 339
 2 340
 1 341
 0 342
 0 343
 4 344
 1 345
 2 346
 3 347
 1 348
 0 349
 1 350
 2 351
 2 352
 2 353
 0 354
 0 355
 1 356
 0 357
 4 358
 2 359
 0 360
 1 361
 0 362
 2 363
 0 364
 0 365
 1 366
 3 367
 0 368
 1 369
 2 370
 1 371
 1 372
 0 373
 0 374
 2 375
 2 376
 0 377
 0 378
 1 379
 0 380
 1 381
 0 382
 0 383
 0 384
 0 385
 0 386
 1 387
 0 388
 1 389
 0 390
 0 391
 0 392
 0 393
 0 394
 1 395
 1 396
 1 397
 1 398
 0 399
 1 400
 0 401
 0 402
 0 403
 0 404
 0 405
 0 406
 3 407
 0 408
 0 409
 0 410
 0 411
 0 412
 0 413
 0 414
 0 415
 0 416
 0 417
 0 418
 0 419
 0 420
 0 421
 1 422
 0 423
 0 424
 0 425
 0 426
 1 427
 0 428
 0 429
 1 430
 0 431
 0 432
 0 433
 0 434
 0 435
 0 436
 0 437
 0 438
 0 439
 0 440
 0 441
 0 442
 0 443
 0 444
 0 445
 0 446
 0 447
 0 448
 0 449
 0 450
 0 451
 0 452
 0 453
 0 454
 0 455
 0 456
 0 457
 0 458
 0 459
 0 460
 0 461
 0 462
 0 463
 0 464
 0 465
 0 466
 0 467
 0 468
 0 469
 0 470
 0 471
 0 472
 0 473
 0 474
 0 475
 0 476
 0 477
 0 478
 0 479
 0 480
 0 481
 0 482
 0 483
 0 484
 0 485
 0 486
 0 487
 0 488
 0 489
 0 490
 0 491
 0 492
 0 493
 0 494
 0 495
 0 496
 0 497
 0 498
 0 499
 0 500
 0 501
 0 502
 0 503
 0 504
 0 505
 0 506
 0 507
 0 508
 0 509
 0 510
 0 511
 0 512
 0 513
 0 514
 0 515
 0 516
 0 517
 0 518
 0 519
 0 520
 0 521
 0 522
 0 523
 0 524
 0 525
 0 526
 0 527
 0 528
 0 529
 0 530
 0 531
 0 532
 0 533
 0 534
 0 535
 0 536
 0 537
 0 538
 0 539
 0 540
 0 541
 0 542
 0 543
 0 544
 0 545
 0 546
 0 547
 0 548
 0 549
 0 550
 0 551
 0 552
 0 553
 0 554
 0 555
 0 556
 0 557
 0 558
 0 559
 0 560
 0 561
 0 562
 0 563
 0 564
 0 565
 0 566
 0 567
 0 568
 0 569
 0 570
 0 571
 0 572
 0 573
 0 574
 0 575
 0 576
 0 577
 0 578
 0 579
 0 580
 0 581
 0 582
 0 583
 0 584
 0 585
 0 586
 0 587
 0 588
 0 589
 0 590
 0 591
 0 592
 0 593
 0 594
 0 595
 0 596
 0 597
 0 598
 0 599
 0 600


