# Created by Octave 3.8.2, Sat Jun 20 20:39:24 2020 CEST <damian@fptrucha.inv.usc.es>
# name: hd
# type: matrix
# rows: 551
# columns: 2
 0 50
 0 51
 0 52
 0 53
 0 54
 0 55
 0 56
 0 57
 0 58
 0 59
 0 60
 0 61
 0 62
 0 63
 0 64
 0 65
 0 66
 0 67
 0 68
 0 69
 0 70
 0 71
 0 72
 0 73
 0 74
 0 75
 0 76
 0 77
 0 78
 0 79
 0 80
 0 81
 0 82
 0 83
 0 84
 0 85
 0 86
 0 87
 0 88
 1 89
 7 90
 17 91
 36 92
 115 93
 252 94
 351 95
 456 96
 581 97
 771 98
 1001 99
 1130 100
 1188 101
 1277 102
 1335 103
 1331 104
 1353 105
 1392 106
 1387 107
 1375 108
 1321 109
 1312 110
 1215 111
 1197 112
 1056 113
 1086 114
 1040 115
 889 116
 851 117
 817 118
 726 119
 689 120
 614 121
 616 122
 499 123
 509 124
 470 125
 400 126
 389 127
 343 128
 291 129
 255 130
 253 131
 247 132
 210 133
 197 134
 167 135
 151 136
 117 137
 149 138
 111 139
 114 140
 108 141
 92 142
 93 143
 79 144
 95 145
 75 146
 62 147
 58 148
 55 149
 63 150
 45 151
 34 152
 43 153
 36 154
 32 155
 35 156
 24 157
 27 158
 28 159
 31 160
 30 161
 33 162
 15 163
 18 164
 13 165
 11 166
 19 167
 19 168
 12 169
 8 170
 9 171
 9 172
 5 173
 7 174
 6 175
 6 176
 6 177
 2 178
 5 179
 4 180
 9 181
 3 182
 9 183
 3 184
 7 185
 3 186
 4 187
 4 188
 2 189
 3 190
 1 191
 5 192
 4 193
 5 194
 3 195
 3 196
 2 197
 0 198
 3 199
 1 200
 6 201
 1 202
 1 203
 0 204
 1 205
 0 206
 0 207
 1 208
 0 209
 0 210
 0 211
 0 212
 1 213
 0 214
 0 215
 1 216
 0 217
 0 218
 0 219
 0 220
 0 221
 0 222
 0 223
 0 224
 0 225
 0 226
 0 227
 0 228
 0 229
 0 230
 0 231
 0 232
 0 233
 0 234
 0 235
 0 236
 0 237
 0 238
 0 239
 0 240
 0 241
 0 242
 0 243
 0 244
 0 245
 0 246
 0 247
 0 248
 0 249
 0 250
 0 251
 0 252
 0 253
 0 254
 0 255
 0 256
 0 257
 0 258
 0 259
 0 260
 0 261
 0 262
 0 263
 0 264
 0 265
 0 266
 0 267
 0 268
 0 269
 0 270
 0 271
 0 272
 0 273
 0 274
 0 275
 0 276
 0 277
 0 278
 1 279
 0 280
 0 281
 0 282
 0 283
 0 284
 0 285
 0 286
 1 287
 0 288
 0 289
 0 290
 1 291
 0 292
 2 293
 0 294
 0 295
 0 296
 1 297
 0 298
 1 299
 0 300
 1 301
 0 302
 0 303
 0 304
 0 305
 1 306
 1 307
 0 308
 0 309
 0 310
 1 311
 3 312
 2 313
 1 314
 1 315
 1 316
 1 317
 1 318
 1 319
 0 320
 0 321
 3 322
 1 323
 1 324
 0 325
 2 326
 2 327
 0 328
 2 329
 3 330
 3 331
 2 332
 2 333
 0 334
 2 335
 1 336
 2 337
 0 338
 2 339
 1 340
 0 341
 0 342
 0 343
 1 344
 0 345
 1 346
 0 347
 2 348
 1 349
 0 350
 3 351
 1 352
 3 353
 2 354
 1 355
 1 356
 2 357
 1 358
 0 359
 1 360
 1 361
 2 362
 0 363
 0 364
 0 365
 2 366
 0 367
 0 368
 1 369
 2 370
 0 371
 1 372
 0 373
 1 374
 0 375
 0 376
 0 377
 2 378
 1 379
 0 380
 2 381
 0 382
 1 383
 0 384
 2 385
 0 386
 1 387
 1 388
 0 389
 0 390
 0 391
 1 392
 0 393
 1 394
 1 395
 0 396
 0 397
 0 398
 1 399
 0 400
 0 401
 1 402
 0 403
 0 404
 0 405
 0 406
 0 407
 0 408
 0 409
 0 410
 0 411
 0 412
 0 413
 0 414
 0 415
 0 416
 0 417
 0 418
 0 419
 0 420
 0 421
 0 422
 0 423
 0 424
 0 425
 0 426
 1 427
 0 428
 0 429
 0 430
 0 431
 0 432
 0 433
 0 434
 0 435
 0 436
 0 437
 0 438
 0 439
 0 440
 0 441
 0 442
 0 443
 0 444
 0 445
 0 446
 0 447
 0 448
 0 449
 0 450
 0 451
 0 452
 0 453
 0 454
 0 455
 0 456
 0 457
 0 458
 0 459
 0 460
 0 461
 0 462
 0 463
 0 464
 0 465
 0 466
 0 467
 0 468
 0 469
 0 470
 0 471
 0 472
 0 473
 0 474
 0 475
 0 476
 0 477
 0 478
 0 479
 0 480
 0 481
 0 482
 0 483
 0 484
 0 485
 0 486
 0 487
 0 488
 0 489
 0 490
 0 491
 0 492
 0 493
 0 494
 0 495
 0 496
 0 497
 0 498
 0 499
 0 500
 0 501
 0 502
 0 503
 0 504
 0 505
 0 506
 0 507
 0 508
 0 509
 0 510
 0 511
 0 512
 0 513
 0 514
 0 515
 0 516
 0 517
 0 518
 0 519
 0 520
 0 521
 0 522
 0 523
 0 524
 0 525
 0 526
 0 527
 0 528
 0 529
 0 530
 0 531
 0 532
 0 533
 0 534
 0 535
 0 536
 0 537
 0 538
 0 539
 0 540
 0 541
 0 542
 0 543
 0 544
 0 545
 0 546
 0 547
 0 548
 0 549
 0 550
 0 551
 0 552
 0 553
 0 554
 0 555
 0 556
 0 557
 0 558
 0 559
 0 560
 0 561
 0 562
 0 563
 0 564
 0 565
 0 566
 0 567
 0 568
 0 569
 0 570
 0 571
 0 572
 0 573
 0 574
 0 575
 0 576
 0 577
 0 578
 0 579
 0 580
 0 581
 0 582
 0 583
 0 584
 0 585
 0 586
 0 587
 0 588
 0 589
 0 590
 0 591
 0 592
 0 593
 0 594
 0 595
 0 596
 0 597
 0 598
 0 599
 0 600


