# Created by Octave 3.8.2, Sat Jun 20 19:28:25 2020 CEST <damian@fptrucha.inv.usc.es>
# name: hd
# type: matrix
# rows: 551
# columns: 2
 0 50
 0 51
 0 52
 0 53
 0 54
 0 55
 0 56
 0 57
 0 58
 0 59
 0 60
 0 61
 0 62
 0 63
 0 64
 0 65
 0 66
 0 67
 0 68
 0 69
 0 70
 0 71
 0 72
 0 73
 0 74
 0 75
 0 76
 0 77
 0 78
 0 79
 0 80
 0 81
 0 82
 0 83
 0 84
 0 85
 0 86
 0 87
 0 88
 3 89
 4 90
 15 91
 52 92
 125 93
 268 94
 407 95
 457 96
 615 97
 761 98
 1002 99
 1120 100
 1201 101
 1213 102
 1309 103
 1325 104
 1395 105
 1380 106
 1378 107
 1371 108
 1288 109
 1398 110
 1200 111
 1195 112
 1109 113
 1057 114
 1036 115
 917 116
 906 117
 790 118
 701 119
 733 120
 640 121
 588 122
 488 123
 473 124
 436 125
 449 126
 372 127
 341 128
 306 129
 245 130
 254 131
 225 132
 209 133
 197 134
 173 135
 137 136
 138 137
 117 138
 108 139
 102 140
 114 141
 92 142
 81 143
 78 144
 90 145
 61 146
 61 147
 66 148
 54 149
 45 150
 38 151
 44 152
 49 153
 43 154
 37 155
 31 156
 26 157
 38 158
 32 159
 26 160
 24 161
 26 162
 25 163
 19 164
 17 165
 14 166
 21 167
 17 168
 25 169
 8 170
 17 171
 11 172
 7 173
 14 174
 12 175
 5 176
 9 177
 7 178
 4 179
 11 180
 6 181
 4 182
 9 183
 5 184
 6 185
 4 186
 3 187
 3 188
 4 189
 0 190
 4 191
 4 192
 5 193
 2 194
 1 195
 1 196
 3 197
 1 198
 2 199
 1 200
 1 201
 2 202
 0 203
 0 204
 0 205
 0 206
 0 207
 1 208
 0 209
 0 210
 0 211
 0 212
 1 213
 0 214
 0 215
 0 216
 0 217
 0 218
 0 219
 0 220
 0 221
 0 222
 0 223
 0 224
 0 225
 1 226
 1 227
 0 228
 0 229
 1 230
 1 231
 0 232
 0 233
 0 234
 0 235
 0 236
 0 237
 0 238
 0 239
 0 240
 0 241
 0 242
 0 243
 0 244
 0 245
 0 246
 0 247
 0 248
 1 249
 0 250
 0 251
 0 252
 0 253
 0 254
 0 255
 0 256
 0 257
 0 258
 0 259
 0 260
 0 261
 0 262
 0 263
 0 264
 0 265
 0 266
 0 267
 0 268
 0 269
 0 270
 0 271
 0 272
 0 273
 0 274
 0 275
 0 276
 0 277
 0 278
 0 279
 0 280
 0 281
 0 282
 0 283
 0 284
 0 285
 0 286
 0 287
 0 288
 0 289
 1 290
 0 291
 0 292
 0 293
 0 294
 2 295
 0 296
 1 297
 1 298
 1 299
 0 300
 1 301
 0 302
 0 303
 1 304
 2 305
 3 306
 1 307
 0 308
 0 309
 1 310
 0 311
 0 312
 1 313
 1 314
 1 315
 2 316
 2 317
 1 318
 3 319
 0 320
 2 321
 3 322
 1 323
 2 324
 1 325
 2 326
 1 327
 0 328
 1 329
 2 330
 4 331
 1 332
 2 333
 1 334
 2 335
 0 336
 2 337
 3 338
 0 339
 1 340
 2 341
 2 342
 1 343
 2 344
 1 345
 0 346
 0 347
 1 348
 0 349
 1 350
 0 351
 0 352
 0 353
 2 354
 1 355
 1 356
 1 357
 0 358
 0 359
 1 360
 1 361
 0 362
 1 363
 1 364
 2 365
 1 366
 2 367
 1 368
 5 369
 2 370
 0 371
 2 372
 1 373
 2 374
 0 375
 0 376
 1 377
 0 378
 0 379
 0 380
 2 381
 2 382
 2 383
 1 384
 0 385
 0 386
 0 387
 0 388
 0 389
 1 390
 0 391
 1 392
 0 393
 0 394
 0 395
 0 396
 0 397
 0 398
 0 399
 0 400
 0 401
 0 402
 0 403
 1 404
 0 405
 0 406
 0 407
 0 408
 0 409
 0 410
 0 411
 0 412
 1 413
 0 414
 0 415
 0 416
 1 417
 0 418
 0 419
 0 420
 0 421
 0 422
 0 423
 0 424
 0 425
 0 426
 0 427
 0 428
 0 429
 0 430
 0 431
 0 432
 0 433
 0 434
 0 435
 0 436
 0 437
 0 438
 0 439
 0 440
 0 441
 0 442
 0 443
 0 444
 0 445
 0 446
 0 447
 0 448
 0 449
 0 450
 0 451
 0 452
 0 453
 0 454
 0 455
 0 456
 0 457
 0 458
 0 459
 0 460
 0 461
 0 462
 0 463
 0 464
 0 465
 0 466
 0 467
 0 468
 0 469
 0 470
 0 471
 0 472
 0 473
 0 474
 0 475
 0 476
 0 477
 0 478
 0 479
 0 480
 0 481
 0 482
 0 483
 0 484
 0 485
 0 486
 0 487
 0 488
 0 489
 0 490
 0 491
 0 492
 0 493
 0 494
 0 495
 0 496
 0 497
 0 498
 0 499
 0 500
 0 501
 0 502
 0 503
 0 504
 0 505
 0 506
 0 507
 0 508
 0 509
 0 510
 0 511
 0 512
 0 513
 0 514
 0 515
 0 516
 0 517
 0 518
 0 519
 0 520
 0 521
 0 522
 0 523
 0 524
 0 525
 0 526
 0 527
 0 528
 0 529
 0 530
 0 531
 0 532
 0 533
 0 534
 0 535
 0 536
 0 537
 0 538
 0 539
 0 540
 0 541
 0 542
 0 543
 0 544
 0 545
 0 546
 0 547
 0 548
 0 549
 0 550
 0 551
 0 552
 0 553
 0 554
 0 555
 0 556
 0 557
 0 558
 0 559
 0 560
 0 561
 0 562
 0 563
 0 564
 0 565
 0 566
 0 567
 0 568
 0 569
 0 570
 0 571
 0 572
 0 573
 0 574
 0 575
 0 576
 0 577
 0 578
 0 579
 0 580
 0 581
 0 582
 0 583
 0 584
 0 585
 0 586
 0 587
 0 588
 0 589
 0 590
 0 591
 0 592
 0 593
 0 594
 0 595
 0 596
 0 597
 0 598
 0 599
 0 600


