# Created by Octave 3.8.2, Mon Jun 22 20:18:54 2020 CEST <damian@fptrucha.inv.usc.es>
# name: hd
# type: matrix
# rows: 551
# columns: 2
 0 50
 0 51
 0 52
 0 53
 0 54
 0 55
 0 56
 0 57
 0 58
 0 59
 0 60
 0 61
 0 62
 0 63
 0 64
 0 65
 0 66
 0 67
 0 68
 0 69
 0 70
 0 71
 0 72
 0 73
 0 74
 0 75
 0 76
 0 77
 0 78
 0 79
 0 80
 0 81
 0 82
 0 83
 0 84
 0 85
 0 86
 0 87
 0 88
 0 89
 4 90
 9 91
 29 92
 71 93
 218 94
 381 95
 530 96
 592 97
 856 98
 1074 99
 1495 100
 1512 101
 1604 102
 1647 103
 1606 104
 1660 105
 1572 106
 1638 107
 1571 108
 1448 109
 1432 110
 1306 111
 1203 112
 1182 113
 1099 114
 964 115
 942 116
 823 117
 737 118
 686 119
 614 120
 542 121
 505 122
 441 123
 437 124
 367 125
 334 126
 278 127
 276 128
 287 129
 210 130
 179 131
 191 132
 175 133
 130 134
 131 135
 131 136
 110 137
 84 138
 96 139
 105 140
 73 141
 74 142
 83 143
 81 144
 74 145
 77 146
 52 147
 62 148
 59 149
 54 150
 46 151
 51 152
 48 153
 36 154
 24 155
 31 156
 30 157
 45 158
 37 159
 27 160
 35 161
 19 162
 16 163
 16 164
 16 165
 16 166
 20 167
 19 168
 10 169
 10 170
 12 171
 10 172
 9 173
 12 174
 10 175
 8 176
 8 177
 9 178
 6 179
 5 180
 2 181
 4 182
 6 183
 4 184
 4 185
 7 186
 3 187
 3 188
 5 189
 3 190
 3 191
 0 192
 3 193
 4 194
 2 195
 0 196
 4 197
 3 198
 0 199
 1 200
 1 201
 2 202
 1 203
 2 204
 1 205
 0 206
 2 207
 2 208
 0 209
 1 210
 0 211
 0 212
 0 213
 0 214
 0 215
 1 216
 0 217
 0 218
 0 219
 0 220
 0 221
 1 222
 0 223
 0 224
 1 225
 0 226
 1 227
 0 228
 0 229
 0 230
 0 231
 0 232
 0 233
 0 234
 0 235
 1 236
 0 237
 0 238
 0 239
 0 240
 0 241
 0 242
 0 243
 0 244
 0 245
 0 246
 0 247
 0 248
 0 249
 0 250
 0 251
 0 252
 0 253
 0 254
 0 255
 0 256
 0 257
 0 258
 0 259
 0 260
 0 261
 0 262
 0 263
 0 264
 0 265
 0 266
 0 267
 0 268
 0 269
 0 270
 0 271
 0 272
 0 273
 0 274
 0 275
 0 276
 0 277
 0 278
 0 279
 0 280
 0 281
 0 282
 0 283
 0 284
 0 285
 0 286
 0 287
 0 288
 0 289
 2 290
 2 291
 0 292
 0 293
 0 294
 1 295
 0 296
 0 297
 0 298
 1 299
 3 300
 1 301
 2 302
 0 303
 0 304
 0 305
 1 306
 0 307
 3 308
 0 309
 1 310
 1 311
 1 312
 0 313
 1 314
 2 315
 1 316
 6 317
 3 318
 2 319
 1 320
 3 321
 1 322
 2 323
 1 324
 3 325
 5 326
 0 327
 5 328
 0 329
 1 330
 4 331
 2 332
 3 333
 0 334
 2 335
 1 336
 2 337
 0 338
 1 339
 2 340
 2 341
 2 342
 1 343
 2 344
 1 345
 0 346
 1 347
 1 348
 0 349
 1 350
 1 351
 2 352
 2 353
 2 354
 2 355
 0 356
 3 357
 1 358
 1 359
 0 360
 4 361
 3 362
 3 363
 2 364
 0 365
 1 366
 0 367
 0 368
 2 369
 2 370
 0 371
 1 372
 1 373
 0 374
 0 375
 1 376
 1 377
 1 378
 0 379
 0 380
 1 381
 0 382
 2 383
 1 384
 0 385
 1 386
 0 387
 1 388
 0 389
 0 390
 0 391
 0 392
 0 393
 0 394
 0 395
 0 396
 1 397
 0 398
 0 399
 0 400
 1 401
 0 402
 1 403
 0 404
 0 405
 0 406
 0 407
 0 408
 0 409
 0 410
 0 411
 0 412
 0 413
 0 414
 0 415
 0 416
 0 417
 0 418
 0 419
 0 420
 0 421
 0 422
 1 423
 0 424
 1 425
 0 426
 0 427
 0 428
 0 429
 0 430
 0 431
 0 432
 0 433
 0 434
 0 435
 0 436
 0 437
 0 438
 0 439
 0 440
 0 441
 0 442
 0 443
 0 444
 0 445
 0 446
 0 447
 0 448
 0 449
 0 450
 0 451
 0 452
 0 453
 0 454
 0 455
 0 456
 0 457
 0 458
 0 459
 0 460
 0 461
 0 462
 0 463
 0 464
 0 465
 0 466
 0 467
 0 468
 0 469
 0 470
 0 471
 0 472
 0 473
 0 474
 0 475
 0 476
 0 477
 0 478
 0 479
 0 480
 0 481
 0 482
 0 483
 0 484
 0 485
 0 486
 0 487
 0 488
 0 489
 0 490
 0 491
 0 492
 0 493
 0 494
 0 495
 0 496
 0 497
 0 498
 0 499
 0 500
 0 501
 0 502
 0 503
 0 504
 0 505
 0 506
 0 507
 0 508
 0 509
 0 510
 0 511
 0 512
 0 513
 0 514
 0 515
 0 516
 0 517
 0 518
 0 519
 0 520
 0 521
 0 522
 0 523
 0 524
 0 525
 0 526
 0 527
 0 528
 0 529
 0 530
 0 531
 0 532
 0 533
 0 534
 0 535
 0 536
 0 537
 0 538
 0 539
 0 540
 0 541
 0 542
 0 543
 0 544
 0 545
 0 546
 0 547
 0 548
 0 549
 0 550
 0 551
 0 552
 0 553
 0 554
 0 555
 0 556
 0 557
 0 558
 0 559
 0 560
 0 561
 0 562
 0 563
 0 564
 0 565
 0 566
 0 567
 0 568
 0 569
 0 570
 0 571
 0 572
 0 573
 0 574
 0 575
 0 576
 0 577
 0 578
 0 579
 0 580
 0 581
 0 582
 0 583
 0 584
 0 585
 0 586
 0 587
 0 588
 0 589
 0 590
 0 591
 0 592
 0 593
 0 594
 0 595
 0 596
 0 597
 0 598
 0 599
 0 600


