# Created by Octave 3.8.2, Sat Jun 20 13:41:40 2020 CEST <damian@fptrucha.inv.usc.es>
# name: hd
# type: matrix
# rows: 551
# columns: 2
 0 50
 0 51
 0 52
 0 53
 0 54
 0 55
 0 56
 0 57
 0 58
 0 59
 0 60
 0 61
 0 62
 0 63
 0 64
 0 65
 0 66
 0 67
 0 68
 0 69
 0 70
 0 71
 0 72
 0 73
 0 74
 0 75
 0 76
 0 77
 0 78
 0 79
 0 80
 0 81
 0 82
 0 83
 0 84
 0 85
 0 86
 0 87
 0 88
 2 89
 6 90
 18 91
 59 92
 126 93
 287 94
 411 95
 495 96
 680 97
 850 98
 1155 99
 1256 100
 1312 101
 1426 102
 1477 103
 1495 104
 1522 105
 1522 106
 1535 107
 1429 108
 1398 109
 1396 110
 1311 111
 1211 112
 1159 113
 1022 114
 1048 115
 965 116
 869 117
 828 118
 774 119
 669 120
 655 121
 592 122
 530 123
 450 124
 423 125
 420 126
 367 127
 349 128
 269 129
 269 130
 254 131
 228 132
 197 133
 194 134
 172 135
 154 136
 131 137
 135 138
 130 139
 93 140
 93 141
 96 142
 72 143
 82 144
 68 145
 74 146
 54 147
 45 148
 54 149
 53 150
 44 151
 40 152
 48 153
 40 154
 38 155
 37 156
 28 157
 34 158
 30 159
 33 160
 19 161
 21 162
 27 163
 13 164
 25 165
 12 166
 15 167
 18 168
 16 169
 13 170
 11 171
 12 172
 5 173
 13 174
 5 175
 10 176
 10 177
 2 178
 3 179
 10 180
 7 181
 3 182
 5 183
 2 184
 1 185
 3 186
 6 187
 4 188
 4 189
 4 190
 3 191
 4 192
 0 193
 1 194
 0 195
 0 196
 3 197
 1 198
 1 199
 1 200
 1 201
 0 202
 0 203
 0 204
 1 205
 0 206
 2 207
 0 208
 1 209
 1 210
 0 211
 0 212
 1 213
 0 214
 0 215
 0 216
 0 217
 0 218
 3 219
 0 220
 0 221
 0 222
 0 223
 0 224
 0 225
 0 226
 0 227
 0 228
 0 229
 1 230
 0 231
 0 232
 0 233
 0 234
 0 235
 0 236
 0 237
 0 238
 0 239
 0 240
 0 241
 0 242
 0 243
 0 244
 0 245
 0 246
 0 247
 1 248
 0 249
 0 250
 0 251
 0 252
 0 253
 0 254
 0 255
 0 256
 0 257
 0 258
 0 259
 0 260
 0 261
 0 262
 0 263
 0 264
 0 265
 0 266
 0 267
 0 268
 0 269
 0 270
 1 271
 0 272
 0 273
 0 274
 0 275
 0 276
 0 277
 0 278
 0 279
 0 280
 0 281
 0 282
 0 283
 1 284
 0 285
 1 286
 0 287
 0 288
 0 289
 0 290
 0 291
 0 292
 1 293
 1 294
 1 295
 0 296
 2 297
 0 298
 1 299
 0 300
 2 301
 1 302
 0 303
 0 304
 1 305
 0 306
 0 307
 2 308
 1 309
 0 310
 1 311
 1 312
 1 313
 0 314
 1 315
 0 316
 1 317
 3 318
 3 319
 1 320
 1 321
 0 322
 2 323
 2 324
 0 325
 1 326
 2 327
 0 328
 1 329
 1 330
 1 331
 1 332
 0 333
 2 334
 1 335
 1 336
 2 337
 3 338
 0 339
 0 340
 0 341
 1 342
 0 343
 1 344
 1 345
 1 346
 3 347
 1 348
 0 349
 0 350
 1 351
 2 352
 2 353
 1 354
 1 355
 0 356
 4 357
 1 358
 0 359
 1 360
 1 361
 1 362
 1 363
 2 364
 1 365
 0 366
 0 367
 1 368
 0 369
 1 370
 0 371
 1 372
 2 373
 2 374
 1 375
 0 376
 1 377
 0 378
 1 379
 0 380
 1 381
 0 382
 0 383
 0 384
 0 385
 0 386
 0 387
 0 388
 0 389
 0 390
 0 391
 0 392
 0 393
 0 394
 1 395
 0 396
 0 397
 0 398
 1 399
 0 400
 0 401
 0 402
 0 403
 0 404
 1 405
 0 406
 0 407
 0 408
 0 409
 0 410
 0 411
 0 412
 0 413
 0 414
 0 415
 0 416
 0 417
 0 418
 0 419
 1 420
 0 421
 1 422
 0 423
 0 424
 0 425
 1 426
 0 427
 0 428
 0 429
 0 430
 0 431
 0 432
 0 433
 0 434
 0 435
 0 436
 0 437
 0 438
 0 439
 0 440
 0 441
 0 442
 0 443
 0 444
 0 445
 0 446
 0 447
 0 448
 0 449
 0 450
 0 451
 0 452
 0 453
 0 454
 0 455
 0 456
 0 457
 0 458
 0 459
 0 460
 0 461
 0 462
 0 463
 0 464
 0 465
 0 466
 0 467
 0 468
 0 469
 0 470
 0 471
 0 472
 0 473
 0 474
 0 475
 0 476
 0 477
 0 478
 0 479
 0 480
 0 481
 0 482
 0 483
 0 484
 0 485
 0 486
 0 487
 0 488
 0 489
 0 490
 0 491
 0 492
 0 493
 0 494
 0 495
 0 496
 0 497
 0 498
 0 499
 0 500
 0 501
 0 502
 0 503
 0 504
 0 505
 0 506
 0 507
 0 508
 0 509
 0 510
 0 511
 0 512
 0 513
 0 514
 0 515
 0 516
 0 517
 0 518
 0 519
 0 520
 0 521
 0 522
 0 523
 0 524
 0 525
 0 526
 0 527
 0 528
 0 529
 0 530
 0 531
 0 532
 0 533
 0 534
 0 535
 0 536
 0 537
 0 538
 0 539
 0 540
 0 541
 0 542
 0 543
 0 544
 0 545
 0 546
 0 547
 0 548
 0 549
 0 550
 0 551
 0 552
 0 553
 0 554
 0 555
 0 556
 0 557
 0 558
 0 559
 0 560
 0 561
 0 562
 0 563
 0 564
 0 565
 0 566
 0 567
 0 568
 0 569
 0 570
 0 571
 0 572
 0 573
 0 574
 0 575
 0 576
 0 577
 0 578
 0 579
 0 580
 0 581
 0 582
 0 583
 0 584
 0 585
 0 586
 0 587
 0 588
 0 589
 0 590
 0 591
 0 592
 0 593
 0 594
 0 595
 0 596
 0 597
 0 598
 0 599
 0 600


