# Created by Octave 3.8.2, Sat Jun 20 07:39:01 2020 CEST <damian@fptrucha.inv.usc.es>
# name: hd
# type: matrix
# rows: 551
# columns: 2
 0 50
 0 51
 0 52
 0 53
 0 54
 0 55
 0 56
 0 57
 0 58
 0 59
 0 60
 0 61
 0 62
 0 63
 0 64
 0 65
 0 66
 0 67
 0 68
 0 69
 0 70
 0 71
 0 72
 0 73
 0 74
 0 75
 0 76
 0 77
 0 78
 0 79
 0 80
 0 81
 0 82
 0 83
 0 84
 0 85
 0 86
 0 87
 0 88
 0 89
 4 90
 24 91
 57 92
 159 93
 343 94
 475 95
 609 96
 737 97
 1004 98
 1327 99
 1434 100
 1516 101
 1644 102
 1677 103
 1646 104
 1718 105
 1666 106
 1723 107
 1616 108
 1560 109
 1452 110
 1424 111
 1293 112
 1193 113
 1104 114
 1079 115
 1042 116
 869 117
 877 118
 790 119
 696 120
 623 121
 563 122
 507 123
 485 124
 424 125
 357 126
 354 127
 318 128
 291 129
 266 130
 230 131
 207 132
 192 133
 160 134
 173 135
 177 136
 149 137
 119 138
 105 139
 88 140
 93 141
 79 142
 69 143
 67 144
 57 145
 62 146
 61 147
 54 148
 57 149
 53 150
 40 151
 47 152
 46 153
 37 154
 25 155
 34 156
 32 157
 22 158
 27 159
 39 160
 22 161
 19 162
 18 163
 13 164
 12 165
 16 166
 13 167
 16 168
 18 169
 14 170
 12 171
 8 172
 9 173
 9 174
 9 175
 8 176
 6 177
 8 178
 9 179
 5 180
 7 181
 6 182
 4 183
 5 184
 4 185
 7 186
 0 187
 3 188
 1 189
 4 190
 6 191
 3 192
 0 193
 4 194
 1 195
 1 196
 1 197
 1 198
 1 199
 0 200
 0 201
 4 202
 3 203
 2 204
 1 205
 3 206
 1 207
 1 208
 0 209
 0 210
 0 211
 2 212
 1 213
 0 214
 0 215
 1 216
 0 217
 0 218
 0 219
 1 220
 0 221
 0 222
 0 223
 0 224
 0 225
 0 226
 1 227
 0 228
 3 229
 0 230
 0 231
 0 232
 0 233
 0 234
 0 235
 1 236
 0 237
 0 238
 0 239
 0 240
 0 241
 0 242
 0 243
 0 244
 0 245
 0 246
 0 247
 0 248
 0 249
 0 250
 0 251
 0 252
 0 253
 0 254
 0 255
 0 256
 0 257
 0 258
 0 259
 0 260
 0 261
 0 262
 0 263
 0 264
 0 265
 0 266
 0 267
 0 268
 0 269
 0 270
 0 271
 0 272
 0 273
 0 274
 0 275
 0 276
 1 277
 0 278
 0 279
 0 280
 0 281
 0 282
 0 283
 0 284
 0 285
 0 286
 0 287
 0 288
 1 289
 0 290
 0 291
 1 292
 0 293
 1 294
 0 295
 3 296
 0 297
 0 298
 0 299
 0 300
 1 301
 0 302
 2 303
 0 304
 1 305
 3 306
 0 307
 0 308
 0 309
 2 310
 0 311
 2 312
 3 313
 0 314
 0 315
 1 316
 1 317
 2 318
 1 319
 1 320
 1 321
 1 322
 4 323
 3 324
 0 325
 1 326
 3 327
 2 328
 1 329
 0 330
 1 331
 1 332
 2 333
 1 334
 1 335
 1 336
 1 337
 0 338
 3 339
 1 340
 1 341
 1 342
 3 343
 2 344
 1 345
 0 346
 0 347
 1 348
 0 349
 1 350
 1 351
 0 352
 2 353
 1 354
 2 355
 0 356
 0 357
 0 358
 4 359
 0 360
 0 361
 1 362
 1 363
 0 364
 1 365
 1 366
 0 367
 0 368
 1 369
 1 370
 0 371
 1 372
 0 373
 0 374
 2 375
 2 376
 0 377
 0 378
 0 379
 0 380
 0 381
 0 382
 1 383
 1 384
 1 385
 1 386
 0 387
 0 388
 0 389
 0 390
 0 391
 0 392
 1 393
 2 394
 2 395
 0 396
 2 397
 0 398
 0 399
 0 400
 1 401
 0 402
 0 403
 0 404
 0 405
 0 406
 0 407
 0 408
 1 409
 0 410
 0 411
 0 412
 0 413
 0 414
 1 415
 0 416
 0 417
 0 418
 0 419
 0 420
 0 421
 0 422
 0 423
 0 424
 0 425
 0 426
 0 427
 0 428
 0 429
 0 430
 0 431
 0 432
 0 433
 0 434
 0 435
 0 436
 0 437
 0 438
 0 439
 0 440
 0 441
 0 442
 0 443
 0 444
 0 445
 0 446
 0 447
 0 448
 0 449
 0 450
 0 451
 0 452
 0 453
 0 454
 0 455
 0 456
 0 457
 0 458
 0 459
 0 460
 0 461
 0 462
 0 463
 0 464
 0 465
 0 466
 0 467
 0 468
 0 469
 0 470
 0 471
 0 472
 0 473
 0 474
 0 475
 0 476
 0 477
 0 478
 0 479
 0 480
 0 481
 0 482
 0 483
 0 484
 0 485
 0 486
 0 487
 0 488
 0 489
 0 490
 0 491
 0 492
 0 493
 0 494
 0 495
 0 496
 0 497
 0 498
 0 499
 0 500
 0 501
 0 502
 0 503
 0 504
 0 505
 0 506
 0 507
 0 508
 0 509
 0 510
 0 511
 0 512
 0 513
 0 514
 0 515
 0 516
 0 517
 0 518
 0 519
 0 520
 0 521
 0 522
 0 523
 0 524
 0 525
 0 526
 0 527
 0 528
 0 529
 0 530
 0 531
 0 532
 0 533
 0 534
 0 535
 0 536
 0 537
 0 538
 0 539
 0 540
 0 541
 0 542
 0 543
 0 544
 0 545
 0 546
 0 547
 0 548
 0 549
 0 550
 0 551
 0 552
 0 553
 0 554
 0 555
 0 556
 0 557
 0 558
 0 559
 0 560
 0 561
 0 562
 0 563
 0 564
 0 565
 0 566
 0 567
 0 568
 0 569
 0 570
 0 571
 0 572
 0 573
 0 574
 0 575
 0 576
 0 577
 0 578
 0 579
 0 580
 0 581
 0 582
 0 583
 0 584
 0 585
 0 586
 0 587
 0 588
 0 589
 0 590
 0 591
 0 592
 0 593
 0 594
 0 595
 0 596
 0 597
 0 598
 0 599
 0 600


