# Created by Octave 3.8.2, Sat Jun 20 13:26:26 2020 CEST <damian@fptrucha.inv.usc.es>
# name: hd
# type: matrix
# rows: 551
# columns: 2
 0 50
 0 51
 0 52
 0 53
 0 54
 0 55
 0 56
 0 57
 0 58
 0 59
 0 60
 0 61
 0 62
 0 63
 0 64
 0 65
 0 66
 0 67
 0 68
 0 69
 0 70
 0 71
 0 72
 0 73
 0 74
 0 75
 0 76
 0 77
 0 78
 0 79
 0 80
 0 81
 0 82
 0 83
 0 84
 0 85
 0 86
 0 87
 0 88
 2 89
 8 90
 19 91
 50 92
 146 93
 295 94
 429 95
 508 96
 686 97
 907 98
 1195 99
 1331 100
 1459 101
 1471 102
 1580 103
 1550 104
 1560 105
 1541 106
 1561 107
 1483 108
 1485 109
 1413 110
 1287 111
 1271 112
 1135 113
 1056 114
 1053 115
 964 116
 883 117
 847 118
 727 119
 629 120
 602 121
 530 122
 509 123
 409 124
 432 125
 415 126
 334 127
 334 128
 250 129
 241 130
 209 131
 195 132
 168 133
 196 134
 160 135
 147 136
 130 137
 114 138
 111 139
 108 140
 85 141
 72 142
 74 143
 62 144
 72 145
 78 146
 48 147
 53 148
 54 149
 46 150
 49 151
 41 152
 49 153
 53 154
 33 155
 35 156
 30 157
 26 158
 34 159
 30 160
 25 161
 26 162
 16 163
 17 164
 19 165
 17 166
 11 167
 14 168
 13 169
 16 170
 10 171
 13 172
 7 173
 9 174
 13 175
 12 176
 9 177
 9 178
 7 179
 5 180
 2 181
 5 182
 7 183
 3 184
 1 185
 3 186
 5 187
 3 188
 5 189
 3 190
 3 191
 1 192
 4 193
 4 194
 0 195
 1 196
 1 197
 0 198
 1 199
 1 200
 0 201
 1 202
 0 203
 1 204
 0 205
 1 206
 1 207
 1 208
 1 209
 0 210
 0 211
 0 212
 1 213
 0 214
 0 215
 1 216
 0 217
 0 218
 0 219
 0 220
 0 221
 0 222
 0 223
 0 224
 1 225
 0 226
 0 227
 1 228
 0 229
 0 230
 1 231
 0 232
 0 233
 0 234
 1 235
 0 236
 0 237
 0 238
 0 239
 0 240
 0 241
 0 242
 0 243
 0 244
 0 245
 0 246
 0 247
 0 248
 0 249
 0 250
 0 251
 0 252
 1 253
 0 254
 0 255
 0 256
 0 257
 0 258
 0 259
 0 260
 0 261
 0 262
 0 263
 0 264
 0 265
 0 266
 0 267
 0 268
 0 269
 0 270
 0 271
 0 272
 0 273
 0 274
 0 275
 0 276
 0 277
 0 278
 1 279
 0 280
 0 281
 0 282
 0 283
 0 284
 0 285
 0 286
 0 287
 0 288
 0 289
 0 290
 0 291
 0 292
 0 293
 0 294
 0 295
 1 296
 0 297
 1 298
 0 299
 0 300
 2 301
 1 302
 0 303
 0 304
 1 305
 0 306
 1 307
 3 308
 0 309
 0 310
 0 311
 1 312
 0 313
 1 314
 0 315
 0 316
 0 317
 1 318
 3 319
 0 320
 1 321
 2 322
 1 323
 1 324
 3 325
 2 326
 0 327
 1 328
 2 329
 1 330
 0 331
 4 332
 2 333
 2 334
 0 335
 0 336
 4 337
 5 338
 1 339
 2 340
 1 341
 2 342
 1 343
 1 344
 1 345
 2 346
 0 347
 2 348
 4 349
 0 350
 2 351
 0 352
 1 353
 1 354
 1 355
 2 356
 0 357
 0 358
 1 359
 2 360
 0 361
 2 362
 1 363
 1 364
 3 365
 1 366
 0 367
 0 368
 1 369
 1 370
 2 371
 0 372
 0 373
 0 374
 2 375
 1 376
 0 377
 0 378
 2 379
 0 380
 0 381
 0 382
 0 383
 0 384
 0 385
 0 386
 0 387
 0 388
 2 389
 0 390
 0 391
 1 392
 0 393
 0 394
 0 395
 1 396
 0 397
 1 398
 0 399
 1 400
 0 401
 0 402
 0 403
 0 404
 0 405
 0 406
 0 407
 0 408
 0 409
 0 410
 0 411
 0 412
 0 413
 0 414
 0 415
 0 416
 0 417
 0 418
 0 419
 0 420
 0 421
 0 422
 0 423
 0 424
 0 425
 0 426
 0 427
 0 428
 0 429
 0 430
 0 431
 0 432
 0 433
 0 434
 0 435
 0 436
 0 437
 0 438
 0 439
 0 440
 0 441
 0 442
 0 443
 0 444
 0 445
 0 446
 0 447
 0 448
 0 449
 0 450
 0 451
 0 452
 0 453
 0 454
 0 455
 0 456
 0 457
 0 458
 0 459
 0 460
 0 461
 0 462
 0 463
 0 464
 0 465
 0 466
 0 467
 0 468
 0 469
 0 470
 0 471
 0 472
 0 473
 0 474
 0 475
 0 476
 0 477
 0 478
 0 479
 0 480
 0 481
 0 482
 0 483
 0 484
 0 485
 0 486
 0 487
 0 488
 0 489
 0 490
 0 491
 0 492
 0 493
 0 494
 0 495
 0 496
 0 497
 0 498
 0 499
 0 500
 0 501
 0 502
 0 503
 0 504
 0 505
 0 506
 0 507
 0 508
 0 509
 0 510
 0 511
 0 512
 0 513
 0 514
 0 515
 0 516
 0 517
 0 518
 0 519
 0 520
 0 521
 0 522
 0 523
 0 524
 0 525
 0 526
 0 527
 0 528
 0 529
 0 530
 0 531
 0 532
 0 533
 0 534
 0 535
 0 536
 0 537
 0 538
 0 539
 0 540
 0 541
 0 542
 0 543
 0 544
 0 545
 0 546
 0 547
 0 548
 0 549
 0 550
 0 551
 0 552
 0 553
 0 554
 0 555
 0 556
 0 557
 0 558
 0 559
 0 560
 0 561
 0 562
 0 563
 0 564
 0 565
 0 566
 0 567
 0 568
 0 569
 0 570
 0 571
 0 572
 0 573
 0 574
 0 575
 0 576
 0 577
 0 578
 0 579
 0 580
 0 581
 0 582
 0 583
 0 584
 0 585
 0 586
 0 587
 0 588
 0 589
 0 590
 0 591
 0 592
 0 593
 0 594
 0 595
 0 596
 0 597
 0 598
 0 599
 0 600


