# Created by Octave 3.8.2, Sat Jun 20 09:58:54 2020 CEST <damian@fptrucha.inv.usc.es>
# name: hd
# type: matrix
# rows: 551
# columns: 2
 0 50
 0 51
 0 52
 0 53
 0 54
 0 55
 0 56
 0 57
 0 58
 0 59
 0 60
 0 61
 0 62
 0 63
 0 64
 0 65
 0 66
 0 67
 0 68
 0 69
 0 70
 0 71
 0 72
 0 73
 0 74
 0 75
 0 76
 0 77
 0 78
 0 79
 0 80
 0 81
 0 82
 0 83
 0 84
 0 85
 0 86
 0 87
 0 88
 0 89
 4 90
 16 91
 36 92
 117 93
 199 94
 304 95
 402 96
 462 97
 692 98
 821 99
 989 100
 1033 101
 1097 102
 1077 103
 1115 104
 1155 105
 1097 106
 1092 107
 1081 108
 1059 109
 1043 110
 906 111
 864 112
 832 113
 818 114
 693 115
 643 116
 642 117
 548 118
 508 119
 481 120
 410 121
 358 122
 348 123
 304 124
 278 125
 249 126
 245 127
 206 128
 189 129
 170 130
 135 131
 144 132
 143 133
 118 134
 117 135
 98 136
 78 137
 78 138
 60 139
 59 140
 57 141
 60 142
 65 143
 54 144
 57 145
 43 146
 38 147
 36 148
 29 149
 26 150
 26 151
 34 152
 26 153
 30 154
 21 155
 24 156
 21 157
 18 158
 22 159
 13 160
 17 161
 10 162
 8 163
 7 164
 12 165
 7 166
 13 167
 12 168
 8 169
 7 170
 6 171
 6 172
 6 173
 3 174
 3 175
 8 176
 6 177
 0 178
 3 179
 4 180
 4 181
 1 182
 3 183
 4 184
 1 185
 3 186
 0 187
 1 188
 0 189
 0 190
 1 191
 2 192
 2 193
 1 194
 0 195
 4 196
 2 197
 1 198
 1 199
 0 200
 0 201
 1 202
 0 203
 0 204
 1 205
 0 206
 0 207
 1 208
 0 209
 0 210
 0 211
 0 212
 1 213
 1 214
 1 215
 0 216
 0 217
 0 218
 0 219
 0 220
 0 221
 0 222
 0 223
 0 224
 0 225
 0 226
 0 227
 0 228
 0 229
 0 230
 0 231
 0 232
 0 233
 0 234
 1 235
 0 236
 0 237
 0 238
 0 239
 0 240
 0 241
 0 242
 0 243
 0 244
 0 245
 0 246
 0 247
 0 248
 0 249
 0 250
 0 251
 0 252
 0 253
 0 254
 0 255
 1 256
 0 257
 0 258
 0 259
 0 260
 0 261
 0 262
 0 263
 0 264
 0 265
 0 266
 0 267
 0 268
 0 269
 0 270
 1 271
 0 272
 0 273
 0 274
 0 275
 0 276
 1 277
 0 278
 0 279
 0 280
 0 281
 0 282
 0 283
 0 284
 1 285
 0 286
 0 287
 0 288
 0 289
 0 290
 0 291
 1 292
 0 293
 0 294
 0 295
 1 296
 0 297
 0 298
 1 299
 1 300
 1 301
 1 302
 0 303
 0 304
 0 305
 0 306
 0 307
 0 308
 2 309
 0 310
 0 311
 1 312
 0 313
 0 314
 0 315
 3 316
 1 317
 0 318
 1 319
 2 320
 0 321
 1 322
 2 323
 0 324
 0 325
 1 326
 0 327
 0 328
 2 329
 0 330
 0 331
 0 332
 0 333
 2 334
 2 335
 1 336
 2 337
 0 338
 1 339
 0 340
 0 341
 1 342
 0 343
 0 344
 0 345
 0 346
 1 347
 1 348
 2 349
 0 350
 0 351
 1 352
 0 353
 1 354
 1 355
 0 356
 0 357
 1 358
 0 359
 0 360
 2 361
 0 362
 0 363
 2 364
 0 365
 1 366
 0 367
 0 368
 1 369
 2 370
 1 371
 0 372
 1 373
 0 374
 2 375
 2 376
 0 377
 0 378
 0 379
 1 380
 0 381
 0 382
 0 383
 0 384
 0 385
 0 386
 0 387
 0 388
 0 389
 1 390
 0 391
 0 392
 0 393
 1 394
 0 395
 0 396
 0 397
 0 398
 0 399
 0 400
 1 401
 0 402
 0 403
 0 404
 0 405
 0 406
 0 407
 0 408
 0 409
 0 410
 0 411
 0 412
 0 413
 0 414
 0 415
 0 416
 0 417
 0 418
 0 419
 0 420
 0 421
 0 422
 0 423
 0 424
 0 425
 0 426
 0 427
 0 428
 0 429
 0 430
 0 431
 0 432
 0 433
 0 434
 0 435
 0 436
 0 437
 0 438
 0 439
 0 440
 0 441
 0 442
 0 443
 0 444
 0 445
 0 446
 0 447
 0 448
 0 449
 0 450
 0 451
 0 452
 0 453
 0 454
 0 455
 0 456
 0 457
 0 458
 0 459
 0 460
 0 461
 0 462
 0 463
 0 464
 0 465
 0 466
 0 467
 0 468
 0 469
 0 470
 0 471
 0 472
 0 473
 0 474
 0 475
 0 476
 0 477
 0 478
 0 479
 0 480
 0 481
 0 482
 0 483
 0 484
 0 485
 0 486
 0 487
 0 488
 0 489
 0 490
 0 491
 0 492
 0 493
 0 494
 0 495
 0 496
 0 497
 0 498
 0 499
 0 500
 0 501
 0 502
 0 503
 0 504
 0 505
 0 506
 0 507
 0 508
 0 509
 0 510
 0 511
 0 512
 0 513
 0 514
 0 515
 0 516
 0 517
 0 518
 0 519
 0 520
 0 521
 0 522
 0 523
 0 524
 0 525
 0 526
 0 527
 0 528
 0 529
 0 530
 0 531
 0 532
 0 533
 0 534
 0 535
 0 536
 0 537
 0 538
 0 539
 0 540
 0 541
 0 542
 0 543
 0 544
 0 545
 0 546
 0 547
 0 548
 0 549
 0 550
 0 551
 0 552
 0 553
 0 554
 0 555
 0 556
 0 557
 0 558
 0 559
 0 560
 0 561
 0 562
 0 563
 0 564
 0 565
 0 566
 0 567
 0 568
 0 569
 0 570
 0 571
 0 572
 0 573
 0 574
 0 575
 0 576
 0 577
 0 578
 0 579
 0 580
 0 581
 0 582
 0 583
 0 584
 0 585
 0 586
 0 587
 0 588
 0 589
 0 590
 0 591
 0 592
 0 593
 0 594
 0 595
 0 596
 0 597
 0 598
 0 599
 0 600


