# Created by Octave 3.8.2, Sat Jun 20 07:44:55 2020 CEST <damian@fptrucha.inv.usc.es>
# name: hd
# type: matrix
# rows: 551
# columns: 2
 0 50
 0 51
 0 52
 0 53
 0 54
 0 55
 0 56
 0 57
 0 58
 0 59
 0 60
 0 61
 0 62
 0 63
 0 64
 0 65
 0 66
 0 67
 0 68
 0 69
 0 70
 0 71
 0 72
 0 73
 0 74
 0 75
 0 76
 0 77
 0 78
 0 79
 0 80
 0 81
 0 82
 0 83
 0 84
 0 85
 0 86
 0 87
 1 88
 2 89
 11 90
 17 91
 61 92
 159 93
 303 94
 486 95
 614 96
 812 97
 1015 98
 1304 99
 1501 100
 1479 101
 1574 102
 1715 103
 1724 104
 1677 105
 1769 106
 1629 107
 1651 108
 1460 109
 1475 110
 1378 111
 1362 112
 1189 113
 1138 114
 1053 115
 1020 116
 940 117
 838 118
 782 119
 700 120
 628 121
 553 122
 504 123
 471 124
 440 125
 397 126
 389 127
 305 128
 299 129
 261 130
 236 131
 224 132
 161 133
 171 134
 173 135
 193 136
 126 137
 112 138
 107 139
 98 140
 85 141
 107 142
 84 143
 75 144
 59 145
 74 146
 69 147
 65 148
 55 149
 45 150
 37 151
 34 152
 40 153
 35 154
 32 155
 38 156
 29 157
 27 158
 35 159
 30 160
 25 161
 29 162
 27 163
 15 164
 18 165
 19 166
 19 167
 15 168
 8 169
 13 170
 8 171
 9 172
 8 173
 10 174
 10 175
 5 176
 10 177
 12 178
 6 179
 7 180
 8 181
 5 182
 2 183
 3 184
 5 185
 5 186
 3 187
 1 188
 2 189
 5 190
 4 191
 4 192
 3 193
 1 194
 2 195
 1 196
 2 197
 0 198
 1 199
 1 200
 0 201
 2 202
 1 203
 1 204
 1 205
 0 206
 1 207
 1 208
 1 209
 0 210
 0 211
 1 212
 0 213
 0 214
 3 215
 0 216
 1 217
 0 218
 0 219
 0 220
 1 221
 1 222
 1 223
 0 224
 0 225
 0 226
 0 227
 0 228
 0 229
 0 230
 0 231
 1 232
 0 233
 0 234
 0 235
 0 236
 0 237
 0 238
 0 239
 0 240
 0 241
 0 242
 0 243
 0 244
 0 245
 0 246
 0 247
 0 248
 0 249
 0 250
 0 251
 0 252
 0 253
 0 254
 0 255
 0 256
 0 257
 0 258
 0 259
 0 260
 0 261
 0 262
 0 263
 0 264
 0 265
 0 266
 0 267
 0 268
 0 269
 0 270
 0 271
 0 272
 0 273
 1 274
 0 275
 0 276
 0 277
 0 278
 0 279
 0 280
 0 281
 0 282
 0 283
 0 284
 0 285
 1 286
 0 287
 0 288
 1 289
 1 290
 0 291
 0 292
 0 293
 1 294
 0 295
 1 296
 2 297
 0 298
 0 299
 2 300
 1 301
 0 302
 1 303
 1 304
 0 305
 1 306
 2 307
 2 308
 2 309
 1 310
 2 311
 1 312
 1 313
 3 314
 2 315
 1 316
 2 317
 0 318
 0 319
 0 320
 2 321
 1 322
 1 323
 1 324
 1 325
 1 326
 0 327
 2 328
 0 329
 2 330
 1 331
 1 332
 3 333
 1 334
 1 335
 1 336
 1 337
 0 338
 0 339
 3 340
 2 341
 1 342
 3 343
 4 344
 3 345
 1 346
 0 347
 2 348
 1 349
 0 350
 0 351
 0 352
 4 353
 0 354
 0 355
 0 356
 1 357
 3 358
 0 359
 0 360
 1 361
 3 362
 1 363
 0 364
 1 365
 0 366
 0 367
 0 368
 0 369
 0 370
 0 371
 0 372
 2 373
 0 374
 1 375
 0 376
 1 377
 1 378
 2 379
 0 380
 1 381
 1 382
 0 383
 0 384
 1 385
 0 386
 0 387
 0 388
 1 389
 0 390
 0 391
 2 392
 1 393
 1 394
 1 395
 0 396
 0 397
 0 398
 0 399
 0 400
 0 401
 0 402
 0 403
 0 404
 0 405
 0 406
 0 407
 0 408
 0 409
 0 410
 0 411
 0 412
 0 413
 0 414
 0 415
 0 416
 0 417
 0 418
 0 419
 0 420
 0 421
 0 422
 0 423
 0 424
 0 425
 0 426
 0 427
 0 428
 0 429
 0 430
 0 431
 0 432
 0 433
 0 434
 0 435
 0 436
 1 437
 0 438
 0 439
 0 440
 0 441
 0 442
 0 443
 0 444
 0 445
 0 446
 0 447
 0 448
 0 449
 0 450
 0 451
 0 452
 0 453
 0 454
 0 455
 0 456
 0 457
 0 458
 0 459
 0 460
 0 461
 0 462
 0 463
 0 464
 0 465
 0 466
 0 467
 0 468
 0 469
 0 470
 0 471
 0 472
 0 473
 0 474
 0 475
 0 476
 0 477
 0 478
 0 479
 0 480
 0 481
 0 482
 0 483
 0 484
 0 485
 0 486
 0 487
 0 488
 0 489
 0 490
 0 491
 0 492
 0 493
 0 494
 0 495
 0 496
 0 497
 0 498
 0 499
 0 500
 0 501
 0 502
 0 503
 0 504
 0 505
 0 506
 0 507
 0 508
 0 509
 0 510
 0 511
 0 512
 0 513
 0 514
 0 515
 0 516
 0 517
 0 518
 0 519
 0 520
 0 521
 0 522
 0 523
 0 524
 0 525
 0 526
 0 527
 0 528
 0 529
 0 530
 0 531
 0 532
 0 533
 0 534
 0 535
 0 536
 0 537
 0 538
 0 539
 0 540
 0 541
 0 542
 0 543
 0 544
 0 545
 0 546
 0 547
 0 548
 0 549
 0 550
 0 551
 0 552
 0 553
 0 554
 0 555
 0 556
 0 557
 0 558
 0 559
 0 560
 0 561
 0 562
 0 563
 0 564
 0 565
 0 566
 0 567
 0 568
 0 569
 0 570
 0 571
 0 572
 0 573
 0 574
 0 575
 0 576
 0 577
 0 578
 0 579
 0 580
 0 581
 0 582
 0 583
 0 584
 0 585
 0 586
 0 587
 0 588
 0 589
 0 590
 0 591
 0 592
 0 593
 0 594
 0 595
 0 596
 0 597
 0 598
 0 599
 0 600


