# Created by Octave 3.8.2, Sat Jun 20 03:12:43 2020 CEST <damian@fptrucha.inv.usc.es>
# name: hd
# type: matrix
# rows: 551
# columns: 2
 0 50
 0 51
 0 52
 0 53
 0 54
 0 55
 0 56
 0 57
 0 58
 0 59
 0 60
 0 61
 0 62
 0 63
 0 64
 0 65
 0 66
 0 67
 0 68
 0 69
 0 70
 0 71
 0 72
 0 73
 0 74
 0 75
 0 76
 0 77
 0 78
 0 79
 0 80
 0 81
 0 82
 0 83
 0 84
 0 85
 0 86
 0 87
 0 88
 1 89
 11 90
 16 91
 58 92
 135 93
 293 94
 409 95
 510 96
 654 97
 834 98
 1167 99
 1275 100
 1350 101
 1404 102
 1448 103
 1441 104
 1441 105
 1547 106
 1556 107
 1416 108
 1400 109
 1425 110
 1415 111
 1279 112
 1230 113
 1187 114
 1093 115
 956 116
 902 117
 847 118
 817 119
 721 120
 666 121
 607 122
 566 123
 506 124
 462 125
 452 126
 345 127
 376 128
 304 129
 293 130
 286 131
 238 132
 216 133
 213 134
 190 135
 154 136
 172 137
 137 138
 147 139
 114 140
 103 141
 110 142
 107 143
 91 144
 87 145
 66 146
 81 147
 70 148
 68 149
 53 150
 55 151
 49 152
 41 153
 45 154
 36 155
 45 156
 47 157
 40 158
 35 159
 30 160
 24 161
 33 162
 22 163
 17 164
 14 165
 22 166
 17 167
 13 168
 18 169
 17 170
 26 171
 13 172
 20 173
 11 174
 7 175
 8 176
 5 177
 9 178
 6 179
 7 180
 6 181
 4 182
 6 183
 4 184
 11 185
 5 186
 5 187
 0 188
 6 189
 2 190
 2 191
 0 192
 3 193
 3 194
 1 195
 3 196
 3 197
 1 198
 1 199
 1 200
 0 201
 0 202
 2 203
 1 204
 1 205
 0 206
 0 207
 1 208
 1 209
 0 210
 3 211
 1 212
 0 213
 1 214
 0 215
 0 216
 0 217
 0 218
 0 219
 1 220
 0 221
 0 222
 0 223
 0 224
 0 225
 0 226
 0 227
 0 228
 0 229
 0 230
 0 231
 0 232
 0 233
 0 234
 0 235
 0 236
 0 237
 0 238
 0 239
 0 240
 0 241
 2 242
 0 243
 0 244
 0 245
 0 246
 0 247
 0 248
 0 249
 0 250
 0 251
 0 252
 0 253
 0 254
 0 255
 0 256
 0 257
 0 258
 0 259
 0 260
 0 261
 0 262
 0 263
 0 264
 0 265
 0 266
 0 267
 0 268
 0 269
 0 270
 0 271
 0 272
 0 273
 0 274
 0 275
 0 276
 0 277
 0 278
 0 279
 0 280
 0 281
 0 282
 0 283
 1 284
 0 285
 0 286
 2 287
 1 288
 0 289
 0 290
 0 291
 0 292
 1 293
 0 294
 2 295
 0 296
 0 297
 0 298
 0 299
 0 300
 0 301
 1 302
 0 303
 1 304
 1 305
 0 306
 1 307
 0 308
 1 309
 1 310
 1 311
 2 312
 1 313
 3 314
 3 315
 2 316
 2 317
 2 318
 1 319
 1 320
 1 321
 3 322
 1 323
 1 324
 2 325
 1 326
 2 327
 1 328
 1 329
 3 330
 5 331
 1 332
 3 333
 2 334
 0 335
 6 336
 1 337
 3 338
 2 339
 0 340
 0 341
 6 342
 3 343
 0 344
 0 345
 2 346
 0 347
 0 348
 0 349
 2 350
 3 351
 2 352
 1 353
 2 354
 1 355
 1 356
 1 357
 1 358
 0 359
 0 360
 2 361
 1 362
 1 363
 3 364
 0 365
 1 366
 2 367
 1 368
 3 369
 2 370
 2 371
 1 372
 1 373
 3 374
 1 375
 1 376
 1 377
 0 378
 0 379
 0 380
 1 381
 0 382
 1 383
 1 384
 0 385
 0 386
 0 387
 0 388
 1 389
 1 390
 1 391
 0 392
 0 393
 1 394
 0 395
 0 396
 0 397
 0 398
 0 399
 1 400
 2 401
 0 402
 0 403
 0 404
 0 405
 0 406
 0 407
 0 408
 0 409
 0 410
 0 411
 1 412
 0 413
 0 414
 1 415
 0 416
 0 417
 0 418
 0 419
 0 420
 0 421
 0 422
 0 423
 0 424
 0 425
 0 426
 0 427
 1 428
 0 429
 0 430
 0 431
 0 432
 0 433
 0 434
 0 435
 0 436
 0 437
 0 438
 0 439
 0 440
 0 441
 0 442
 0 443
 0 444
 0 445
 0 446
 0 447
 0 448
 0 449
 0 450
 0 451
 0 452
 0 453
 0 454
 0 455
 0 456
 0 457
 0 458
 0 459
 0 460
 0 461
 0 462
 0 463
 0 464
 0 465
 0 466
 0 467
 0 468
 0 469
 0 470
 0 471
 0 472
 0 473
 0 474
 0 475
 0 476
 0 477
 0 478
 0 479
 0 480
 0 481
 0 482
 0 483
 0 484
 0 485
 0 486
 0 487
 0 488
 0 489
 0 490
 0 491
 0 492
 0 493
 0 494
 0 495
 0 496
 0 497
 0 498
 0 499
 0 500
 0 501
 0 502
 0 503
 0 504
 0 505
 0 506
 0 507
 0 508
 0 509
 0 510
 0 511
 0 512
 0 513
 0 514
 0 515
 0 516
 0 517
 0 518
 0 519
 0 520
 0 521
 0 522
 0 523
 0 524
 0 525
 0 526
 0 527
 0 528
 0 529
 0 530
 0 531
 0 532
 0 533
 0 534
 0 535
 0 536
 0 537
 0 538
 0 539
 0 540
 0 541
 0 542
 0 543
 0 544
 0 545
 0 546
 0 547
 0 548
 0 549
 0 550
 0 551
 0 552
 0 553
 0 554
 0 555
 0 556
 0 557
 0 558
 0 559
 0 560
 0 561
 0 562
 0 563
 0 564
 0 565
 0 566
 0 567
 0 568
 0 569
 0 570
 0 571
 0 572
 0 573
 0 574
 0 575
 0 576
 0 577
 0 578
 0 579
 0 580
 0 581
 0 582
 0 583
 0 584
 0 585
 0 586
 0 587
 0 588
 0 589
 0 590
 0 591
 0 592
 0 593
 0 594
 0 595
 0 596
 0 597
 0 598
 0 599
 0 600


