# Created by Octave 3.8.2, Sat Jun 20 15:19:37 2020 CEST <damian@fptrucha.inv.usc.es>
# name: hd
# type: matrix
# rows: 551
# columns: 2
 0 50
 0 51
 0 52
 0 53
 0 54
 0 55
 0 56
 0 57
 0 58
 0 59
 0 60
 0 61
 0 62
 0 63
 0 64
 0 65
 0 66
 0 67
 0 68
 0 69
 0 70
 0 71
 0 72
 0 73
 0 74
 0 75
 0 76
 0 77
 0 78
 0 79
 0 80
 0 81
 0 82
 0 83
 0 84
 0 85
 0 86
 0 87
 0 88
 0 89
 11 90
 10 91
 56 92
 126 93
 299 94
 382 95
 470 96
 591 97
 804 98
 1036 99
 1165 100
 1225 101
 1259 102
 1324 103
 1349 104
 1429 105
 1349 106
 1383 107
 1406 108
 1313 109
 1345 110
 1228 111
 1189 112
 1150 113
 1078 114
 1022 115
 955 116
 890 117
 817 118
 779 119
 733 120
 615 121
 617 122
 566 123
 496 124
 465 125
 417 126
 392 127
 356 128
 309 129
 324 130
 258 131
 231 132
 214 133
 185 134
 182 135
 164 136
 144 137
 151 138
 126 139
 91 140
 107 141
 110 142
 96 143
 95 144
 82 145
 50 146
 81 147
 52 148
 54 149
 70 150
 46 151
 57 152
 53 153
 42 154
 49 155
 44 156
 38 157
 31 158
 32 159
 30 160
 29 161
 19 162
 23 163
 21 164
 11 165
 14 166
 17 167
 9 168
 18 169
 17 170
 11 171
 12 172
 16 173
 8 174
 9 175
 12 176
 9 177
 7 178
 8 179
 8 180
 5 181
 5 182
 6 183
 6 184
 4 185
 3 186
 6 187
 0 188
 1 189
 2 190
 4 191
 1 192
 1 193
 2 194
 1 195
 4 196
 0 197
 1 198
 0 199
 1 200
 2 201
 1 202
 1 203
 1 204
 1 205
 1 206
 2 207
 0 208
 1 209
 0 210
 1 211
 0 212
 1 213
 0 214
 1 215
 2 216
 0 217
 0 218
 0 219
 0 220
 0 221
 1 222
 1 223
 0 224
 0 225
 0 226
 0 227
 0 228
 0 229
 0 230
 0 231
 1 232
 0 233
 0 234
 0 235
 0 236
 0 237
 1 238
 0 239
 0 240
 0 241
 0 242
 1 243
 0 244
 0 245
 0 246
 0 247
 0 248
 0 249
 0 250
 0 251
 0 252
 0 253
 0 254
 0 255
 0 256
 0 257
 0 258
 0 259
 0 260
 0 261
 0 262
 0 263
 0 264
 0 265
 0 266
 0 267
 0 268
 0 269
 0 270
 0 271
 0 272
 0 273
 0 274
 0 275
 0 276
 0 277
 0 278
 0 279
 0 280
 0 281
 1 282
 0 283
 0 284
 0 285
 0 286
 1 287
 0 288
 1 289
 1 290
 0 291
 1 292
 0 293
 0 294
 0 295
 0 296
 1 297
 0 298
 0 299
 1 300
 2 301
 0 302
 2 303
 1 304
 0 305
 1 306
 0 307
 0 308
 2 309
 0 310
 1 311
 1 312
 2 313
 0 314
 1 315
 1 316
 2 317
 1 318
 2 319
 2 320
 1 321
 2 322
 3 323
 3 324
 1 325
 0 326
 1 327
 1 328
 1 329
 1 330
 3 331
 2 332
 1 333
 2 334
 0 335
 0 336
 2 337
 2 338
 3 339
 2 340
 0 341
 1 342
 4 343
 2 344
 0 345
 0 346
 2 347
 1 348
 0 349
 4 350
 3 351
 0 352
 1 353
 4 354
 0 355
 2 356
 0 357
 2 358
 2 359
 2 360
 1 361
 2 362
 0 363
 2 364
 0 365
 0 366
 1 367
 1 368
 2 369
 1 370
 1 371
 1 372
 1 373
 0 374
 1 375
 0 376
 0 377
 1 378
 1 379
 1 380
 0 381
 2 382
 0 383
 0 384
 0 385
 2 386
 0 387
 0 388
 0 389
 0 390
 0 391
 0 392
 0 393
 0 394
 0 395
 0 396
 0 397
 0 398
 0 399
 0 400
 2 401
 0 402
 0 403
 1 404
 0 405
 0 406
 0 407
 0 408
 0 409
 0 410
 0 411
 0 412
 1 413
 1 414
 0 415
 0 416
 0 417
 0 418
 1 419
 0 420
 0 421
 0 422
 0 423
 0 424
 1 425
 0 426
 0 427
 0 428
 0 429
 0 430
 0 431
 0 432
 0 433
 0 434
 0 435
 0 436
 0 437
 0 438
 0 439
 0 440
 0 441
 0 442
 0 443
 0 444
 0 445
 0 446
 0 447
 0 448
 0 449
 0 450
 0 451
 0 452
 0 453
 0 454
 0 455
 0 456
 0 457
 0 458
 0 459
 0 460
 0 461
 0 462
 0 463
 0 464
 0 465
 0 466
 0 467
 0 468
 0 469
 0 470
 0 471
 0 472
 0 473
 0 474
 0 475
 0 476
 0 477
 0 478
 0 479
 0 480
 0 481
 0 482
 0 483
 0 484
 0 485
 0 486
 0 487
 0 488
 0 489
 0 490
 0 491
 0 492
 0 493
 0 494
 0 495
 0 496
 0 497
 0 498
 0 499
 0 500
 0 501
 0 502
 0 503
 0 504
 0 505
 0 506
 0 507
 0 508
 0 509
 0 510
 0 511
 0 512
 0 513
 0 514
 0 515
 0 516
 0 517
 0 518
 0 519
 0 520
 0 521
 0 522
 0 523
 0 524
 0 525
 0 526
 0 527
 0 528
 0 529
 0 530
 0 531
 0 532
 0 533
 0 534
 0 535
 0 536
 0 537
 0 538
 0 539
 0 540
 0 541
 0 542
 0 543
 0 544
 0 545
 0 546
 0 547
 0 548
 0 549
 0 550
 0 551
 0 552
 0 553
 0 554
 0 555
 0 556
 0 557
 0 558
 0 559
 0 560
 0 561
 0 562
 0 563
 0 564
 0 565
 0 566
 0 567
 0 568
 0 569
 0 570
 0 571
 0 572
 0 573
 0 574
 0 575
 0 576
 0 577
 0 578
 0 579
 0 580
 0 581
 0 582
 0 583
 0 584
 0 585
 0 586
 0 587
 0 588
 0 589
 0 590
 0 591
 0 592
 0 593
 0 594
 0 595
 0 596
 0 597
 0 598
 0 599
 0 600


