# Created by Octave 3.8.2, Sat Jun 20 03:53:41 2020 CEST <damian@fptrucha.inv.usc.es>
# name: hd
# type: matrix
# rows: 551
# columns: 2
 0 50
 0 51
 0 52
 0 53
 0 54
 0 55
 0 56
 0 57
 0 58
 0 59
 0 60
 0 61
 0 62
 0 63
 0 64
 0 65
 0 66
 0 67
 0 68
 0 69
 0 70
 0 71
 0 72
 0 73
 0 74
 0 75
 0 76
 0 77
 0 78
 0 79
 0 80
 0 81
 0 82
 0 83
 0 84
 0 85
 0 86
 0 87
 1 88
 1 89
 12 90
 16 91
 47 92
 129 93
 303 94
 412 95
 512 96
 619 97
 930 98
 1167 99
 1261 100
 1370 101
 1434 102
 1506 103
 1512 104
 1606 105
 1561 106
 1488 107
 1466 108
 1440 109
 1394 110
 1343 111
 1280 112
 1222 113
 1105 114
 1079 115
 972 116
 912 117
 834 118
 787 119
 779 120
 685 121
 628 122
 536 123
 526 124
 480 125
 405 126
 364 127
 421 128
 317 129
 311 130
 271 131
 267 132
 215 133
 224 134
 188 135
 196 136
 167 137
 160 138
 129 139
 112 140
 115 141
 111 142
 97 143
 115 144
 79 145
 71 146
 74 147
 81 148
 57 149
 60 150
 48 151
 64 152
 49 153
 63 154
 35 155
 30 156
 30 157
 23 158
 37 159
 37 160
 36 161
 32 162
 31 163
 36 164
 33 165
 15 166
 20 167
 18 168
 12 169
 19 170
 13 171
 15 172
 22 173
 6 174
 8 175
 5 176
 12 177
 9 178
 7 179
 9 180
 8 181
 5 182
 7 183
 2 184
 5 185
 4 186
 3 187
 5 188
 6 189
 5 190
 6 191
 2 192
 3 193
 2 194
 4 195
 3 196
 2 197
 2 198
 1 199
 2 200
 0 201
 0 202
 1 203
 0 204
 1 205
 1 206
 0 207
 1 208
 1 209
 1 210
 1 211
 0 212
 1 213
 1 214
 0 215
 0 216
 0 217
 0 218
 0 219
 0 220
 0 221
 1 222
 0 223
 0 224
 1 225
 0 226
 0 227
 0 228
 0 229
 0 230
 0 231
 1 232
 0 233
 0 234
 0 235
 0 236
 0 237
 0 238
 0 239
 0 240
 0 241
 0 242
 0 243
 0 244
 0 245
 0 246
 0 247
 0 248
 0 249
 0 250
 0 251
 0 252
 0 253
 0 254
 0 255
 0 256
 0 257
 0 258
 0 259
 0 260
 0 261
 0 262
 0 263
 0 264
 0 265
 0 266
 0 267
 0 268
 0 269
 0 270
 0 271
 0 272
 0 273
 0 274
 0 275
 0 276
 0 277
 0 278
 0 279
 0 280
 0 281
 0 282
 0 283
 0 284
 0 285
 0 286
 1 287
 0 288
 1 289
 0 290
 0 291
 0 292
 2 293
 1 294
 0 295
 1 296
 0 297
 0 298
 1 299
 1 300
 2 301
 0 302
 0 303
 1 304
 0 305
 1 306
 0 307
 1 308
 2 309
 0 310
 0 311
 1 312
 2 313
 1 314
 0 315
 0 316
 1 317
 1 318
 1 319
 2 320
 2 321
 0 322
 3 323
 2 324
 2 325
 1 326
 1 327
 1 328
 1 329
 1 330
 2 331
 1 332
 0 333
 2 334
 1 335
 0 336
 0 337
 1 338
 3 339
 4 340
 2 341
 1 342
 0 343
 3 344
 2 345
 2 346
 2 347
 1 348
 0 349
 0 350
 0 351
 2 352
 1 353
 2 354
 1 355
 1 356
 0 357
 1 358
 2 359
 0 360
 1 361
 2 362
 2 363
 0 364
 0 365
 1 366
 2 367
 2 368
 2 369
 2 370
 2 371
 0 372
 2 373
 0 374
 0 375
 2 376
 0 377
 1 378
 1 379
 1 380
 0 381
 1 382
 1 383
 0 384
 0 385
 1 386
 0 387
 0 388
 1 389
 2 390
 1 391
 0 392
 1 393
 0 394
 0 395
 1 396
 0 397
 0 398
 0 399
 0 400
 0 401
 0 402
 0 403
 0 404
 0 405
 0 406
 0 407
 0 408
 0 409
 0 410
 0 411
 0 412
 0 413
 0 414
 0 415
 1 416
 0 417
 0 418
 0 419
 0 420
 0 421
 0 422
 0 423
 0 424
 0 425
 0 426
 0 427
 0 428
 0 429
 0 430
 0 431
 0 432
 0 433
 0 434
 0 435
 0 436
 0 437
 0 438
 0 439
 0 440
 0 441
 0 442
 0 443
 0 444
 0 445
 0 446
 0 447
 0 448
 0 449
 0 450
 0 451
 0 452
 0 453
 0 454
 0 455
 0 456
 0 457
 0 458
 0 459
 0 460
 0 461
 0 462
 0 463
 0 464
 0 465
 0 466
 0 467
 0 468
 0 469
 0 470
 0 471
 0 472
 0 473
 0 474
 0 475
 0 476
 0 477
 0 478
 0 479
 0 480
 0 481
 0 482
 0 483
 0 484
 0 485
 0 486
 0 487
 0 488
 0 489
 0 490
 0 491
 0 492
 0 493
 0 494
 0 495
 0 496
 0 497
 0 498
 0 499
 0 500
 0 501
 0 502
 0 503
 0 504
 0 505
 0 506
 0 507
 0 508
 0 509
 0 510
 0 511
 0 512
 0 513
 0 514
 0 515
 0 516
 0 517
 0 518
 0 519
 0 520
 0 521
 0 522
 0 523
 0 524
 0 525
 0 526
 0 527
 0 528
 0 529
 0 530
 0 531
 0 532
 0 533
 0 534
 0 535
 0 536
 0 537
 0 538
 0 539
 0 540
 0 541
 0 542
 0 543
 0 544
 0 545
 0 546
 0 547
 0 548
 0 549
 0 550
 0 551
 0 552
 0 553
 0 554
 0 555
 0 556
 0 557
 0 558
 0 559
 0 560
 0 561
 0 562
 0 563
 0 564
 0 565
 0 566
 0 567
 0 568
 0 569
 0 570
 0 571
 0 572
 0 573
 0 574
 0 575
 0 576
 0 577
 0 578
 0 579
 0 580
 0 581
 0 582
 0 583
 0 584
 0 585
 0 586
 0 587
 0 588
 0 589
 0 590
 0 591
 0 592
 0 593
 0 594
 0 595
 0 596
 0 597
 0 598
 0 599
 0 600


