# Created by Octave 3.8.2, Sat Jun 20 12:45:11 2020 CEST <damian@fptrucha.inv.usc.es>
# name: hd
# type: matrix
# rows: 551
# columns: 2
 0 50
 0 51
 0 52
 0 53
 0 54
 0 55
 0 56
 0 57
 0 58
 0 59
 0 60
 0 61
 0 62
 0 63
 0 64
 0 65
 0 66
 0 67
 0 68
 0 69
 0 70
 0 71
 0 72
 0 73
 0 74
 0 75
 0 76
 0 77
 0 78
 0 79
 0 80
 0 81
 0 82
 0 83
 0 84
 0 85
 0 86
 0 87
 0 88
 0 89
 10 90
 15 91
 62 92
 137 93
 278 94
 429 95
 479 96
 645 97
 863 98
 1145 99
 1304 100
 1312 101
 1480 102
 1461 103
 1496 104
 1583 105
 1650 106
 1532 107
 1468 108
 1442 109
 1374 110
 1322 111
 1287 112
 1220 113
 1084 114
 1074 115
 968 116
 892 117
 835 118
 806 119
 720 120
 655 121
 636 122
 508 123
 504 124
 446 125
 410 126
 365 127
 351 128
 304 129
 284 130
 231 131
 231 132
 193 133
 171 134
 178 135
 165 136
 154 137
 109 138
 119 139
 100 140
 102 141
 105 142
 76 143
 69 144
 67 145
 68 146
 59 147
 67 148
 55 149
 44 150
 56 151
 45 152
 46 153
 38 154
 52 155
 39 156
 28 157
 35 158
 33 159
 32 160
 29 161
 31 162
 28 163
 16 164
 11 165
 17 166
 15 167
 16 168
 13 169
 6 170
 13 171
 9 172
 9 173
 10 174
 4 175
 10 176
 9 177
 6 178
 4 179
 7 180
 2 181
 6 182
 0 183
 4 184
 3 185
 1 186
 4 187
 6 188
 2 189
 3 190
 5 191
 4 192
 1 193
 1 194
 2 195
 5 196
 0 197
 2 198
 4 199
 1 200
 4 201
 0 202
 0 203
 1 204
 0 205
 0 206
 1 207
 0 208
 0 209
 0 210
 1 211
 0 212
 0 213
 0 214
 1 215
 1 216
 0 217
 0 218
 0 219
 0 220
 1 221
 0 222
 2 223
 0 224
 0 225
 0 226
 0 227
 0 228
 0 229
 0 230
 0 231
 0 232
 0 233
 0 234
 1 235
 0 236
 0 237
 0 238
 0 239
 0 240
 0 241
 0 242
 0 243
 0 244
 0 245
 0 246
 2 247
 0 248
 0 249
 0 250
 0 251
 0 252
 0 253
 0 254
 0 255
 0 256
 0 257
 0 258
 0 259
 0 260
 0 261
 0 262
 0 263
 0 264
 0 265
 0 266
 0 267
 0 268
 0 269
 0 270
 0 271
 0 272
 0 273
 0 274
 0 275
 0 276
 0 277
 0 278
 0 279
 0 280
 0 281
 0 282
 0 283
 0 284
 0 285
 0 286
 0 287
 0 288
 1 289
 0 290
 0 291
 0 292
 0 293
 0 294
 0 295
 0 296
 2 297
 0 298
 0 299
 1 300
 1 301
 2 302
 1 303
 0 304
 0 305
 1 306
 0 307
 0 308
 0 309
 0 310
 0 311
 0 312
 0 313
 1 314
 1 315
 1 316
 0 317
 2 318
 1 319
 1 320
 2 321
 0 322
 2 323
 0 324
 1 325
 0 326
 2 327
 1 328
 2 329
 2 330
 2 331
 1 332
 1 333
 1 334
 0 335
 2 336
 3 337
 0 338
 2 339
 3 340
 2 341
 1 342
 4 343
 2 344
 3 345
 1 346
 1 347
 3 348
 3 349
 0 350
 1 351
 0 352
 2 353
 2 354
 1 355
 0 356
 2 357
 3 358
 1 359
 1 360
 1 361
 0 362
 1 363
 1 364
 1 365
 0 366
 1 367
 0 368
 2 369
 1 370
 0 371
 0 372
 0 373
 1 374
 1 375
 3 376
 0 377
 1 378
 2 379
 1 380
 1 381
 1 382
 1 383
 1 384
 0 385
 0 386
 1 387
 0 388
 0 389
 1 390
 0 391
 0 392
 0 393
 0 394
 0 395
 0 396
 0 397
 0 398
 0 399
 0 400
 0 401
 0 402
 0 403
 0 404
 0 405
 1 406
 0 407
 0 408
 0 409
 0 410
 0 411
 0 412
 0 413
 0 414
 0 415
 1 416
 0 417
 0 418
 0 419
 0 420
 0 421
 0 422
 0 423
 0 424
 0 425
 0 426
 0 427
 0 428
 0 429
 0 430
 0 431
 0 432
 0 433
 0 434
 0 435
 0 436
 0 437
 0 438
 0 439
 0 440
 0 441
 0 442
 0 443
 0 444
 0 445
 0 446
 0 447
 0 448
 0 449
 0 450
 0 451
 0 452
 0 453
 0 454
 0 455
 0 456
 0 457
 0 458
 0 459
 0 460
 0 461
 0 462
 0 463
 0 464
 0 465
 0 466
 0 467
 0 468
 0 469
 0 470
 0 471
 0 472
 0 473
 0 474
 0 475
 0 476
 0 477
 0 478
 0 479
 0 480
 0 481
 0 482
 0 483
 0 484
 0 485
 0 486
 0 487
 0 488
 0 489
 0 490
 0 491
 0 492
 0 493
 0 494
 0 495
 0 496
 0 497
 0 498
 0 499
 0 500
 0 501
 0 502
 0 503
 0 504
 0 505
 0 506
 0 507
 0 508
 0 509
 0 510
 0 511
 0 512
 0 513
 0 514
 0 515
 0 516
 0 517
 0 518
 0 519
 0 520
 0 521
 0 522
 0 523
 0 524
 0 525
 0 526
 0 527
 0 528
 0 529
 0 530
 0 531
 0 532
 0 533
 0 534
 0 535
 0 536
 0 537
 0 538
 0 539
 0 540
 0 541
 0 542
 0 543
 0 544
 0 545
 0 546
 0 547
 0 548
 0 549
 0 550
 0 551
 0 552
 0 553
 0 554
 0 555
 0 556
 0 557
 0 558
 0 559
 0 560
 0 561
 0 562
 0 563
 0 564
 0 565
 0 566
 0 567
 0 568
 0 569
 0 570
 0 571
 0 572
 0 573
 0 574
 0 575
 0 576
 0 577
 0 578
 0 579
 0 580
 0 581
 0 582
 0 583
 0 584
 0 585
 0 586
 0 587
 0 588
 0 589
 0 590
 0 591
 0 592
 0 593
 0 594
 0 595
 0 596
 0 597
 0 598
 0 599
 0 600


