# Created by Octave 3.8.2, Mon Jun 22 09:27:10 2020 CEST <damian@fptrucha.inv.usc.es>
# name: hd
# type: matrix
# rows: 551
# columns: 2
 0 50
 0 51
 0 52
 0 53
 0 54
 0 55
 0 56
 0 57
 0 58
 0 59
 0 60
 0 61
 0 62
 0 63
 0 64
 0 65
 0 66
 0 67
 0 68
 0 69
 0 70
 0 71
 0 72
 0 73
 0 74
 0 75
 0 76
 0 77
 0 78
 0 79
 0 80
 0 81
 0 82
 0 83
 0 84
 0 85
 0 86
 0 87
 0 88
 0 89
 2 90
 10 91
 20 92
 74 93
 167 94
 358 95
 511 96
 600 97
 703 98
 963 99
 1255 100
 1379 101
 1487 102
 1509 103
 1534 104
 1496 105
 1444 106
 1544 107
 1477 108
 1381 109
 1361 110
 1227 111
 1221 112
 1079 113
 1006 114
 907 115
 815 116
 777 117
 725 118
 633 119
 663 120
 492 121
 474 122
 451 123
 400 124
 366 125
 334 126
 303 127
 249 128
 223 129
 227 130
 193 131
 168 132
 136 133
 138 134
 135 135
 95 136
 123 137
 106 138
 106 139
 102 140
 87 141
 66 142
 64 143
 91 144
 53 145
 63 146
 57 147
 54 148
 43 149
 37 150
 32 151
 30 152
 39 153
 39 154
 31 155
 40 156
 26 157
 26 158
 26 159
 33 160
 33 161
 17 162
 25 163
 12 164
 14 165
 17 166
 17 167
 11 168
 15 169
 10 170
 9 171
 9 172
 18 173
 11 174
 6 175
 6 176
 7 177
 9 178
 4 179
 9 180
 4 181
 10 182
 7 183
 8 184
 3 185
 8 186
 3 187
 3 188
 3 189
 1 190
 3 191
 0 192
 2 193
 3 194
 3 195
 2 196
 3 197
 5 198
 0 199
 0 200
 0 201
 0 202
 1 203
 0 204
 0 205
 0 206
 1 207
 1 208
 1 209
 2 210
 0 211
 0 212
 0 213
 0 214
 2 215
 1 216
 0 217
 1 218
 1 219
 0 220
 0 221
 0 222
 0 223
 1 224
 0 225
 0 226
 1 227
 0 228
 0 229
 0 230
 0 231
 0 232
 1 233
 0 234
 0 235
 0 236
 0 237
 0 238
 0 239
 0 240
 0 241
 0 242
 0 243
 0 244
 1 245
 1 246
 0 247
 0 248
 0 249
 0 250
 0 251
 0 252
 0 253
 0 254
 0 255
 0 256
 0 257
 0 258
 0 259
 0 260
 0 261
 0 262
 0 263
 0 264
 0 265
 0 266
 0 267
 0 268
 0 269
 0 270
 0 271
 0 272
 0 273
 0 274
 0 275
 0 276
 0 277
 0 278
 0 279
 0 280
 0 281
 0 282
 0 283
 0 284
 0 285
 0 286
 0 287
 0 288
 1 289
 1 290
 0 291
 0 292
 2 293
 0 294
 1 295
 0 296
 0 297
 0 298
 0 299
 3 300
 1 301
 0 302
 1 303
 2 304
 0 305
 2 306
 2 307
 0 308
 1 309
 0 310
 4 311
 0 312
 4 313
 0 314
 1 315
 0 316
 1 317
 1 318
 0 319
 0 320
 2 321
 4 322
 0 323
 0 324
 5 325
 3 326
 1 327
 2 328
 3 329
 1 330
 2 331
 2 332
 2 333
 0 334
 3 335
 3 336
 3 337
 2 338
 0 339
 1 340
 2 341
 2 342
 1 343
 2 344
 2 345
 2 346
 0 347
 1 348
 0 349
 0 350
 0 351
 0 352
 1 353
 0 354
 0 355
 2 356
 0 357
 4 358
 3 359
 0 360
 2 361
 0 362
 3 363
 1 364
 0 365
 0 366
 2 367
 1 368
 0 369
 1 370
 0 371
 0 372
 2 373
 1 374
 0 375
 2 376
 0 377
 0 378
 1 379
 0 380
 1 381
 4 382
 1 383
 0 384
 1 385
 1 386
 0 387
 0 388
 0 389
 0 390
 1 391
 0 392
 0 393
 0 394
 0 395
 1 396
 0 397
 0 398
 0 399
 0 400
 0 401
 3 402
 0 403
 0 404
 0 405
 1 406
 0 407
 0 408
 0 409
 0 410
 0 411
 1 412
 0 413
 0 414
 0 415
 0 416
 0 417
 0 418
 0 419
 0 420
 0 421
 0 422
 0 423
 0 424
 0 425
 0 426
 0 427
 0 428
 0 429
 0 430
 0 431
 0 432
 0 433
 0 434
 0 435
 0 436
 0 437
 0 438
 0 439
 0 440
 0 441
 0 442
 0 443
 0 444
 0 445
 0 446
 0 447
 0 448
 0 449
 0 450
 0 451
 0 452
 0 453
 0 454
 0 455
 0 456
 0 457
 0 458
 0 459
 0 460
 0 461
 0 462
 0 463
 0 464
 0 465
 0 466
 0 467
 0 468
 0 469
 0 470
 0 471
 0 472
 0 473
 0 474
 0 475
 0 476
 0 477
 0 478
 0 479
 0 480
 0 481
 0 482
 0 483
 0 484
 0 485
 0 486
 0 487
 0 488
 0 489
 0 490
 0 491
 0 492
 0 493
 0 494
 0 495
 0 496
 0 497
 0 498
 0 499
 0 500
 0 501
 0 502
 0 503
 0 504
 0 505
 0 506
 0 507
 0 508
 0 509
 0 510
 0 511
 0 512
 0 513
 0 514
 0 515
 0 516
 0 517
 0 518
 0 519
 0 520
 0 521
 0 522
 0 523
 0 524
 0 525
 0 526
 0 527
 0 528
 0 529
 0 530
 0 531
 0 532
 0 533
 0 534
 0 535
 0 536
 0 537
 0 538
 0 539
 0 540
 0 541
 0 542
 0 543
 0 544
 0 545
 0 546
 0 547
 0 548
 0 549
 0 550
 0 551
 0 552
 0 553
 0 554
 0 555
 0 556
 0 557
 0 558
 0 559
 0 560
 0 561
 0 562
 0 563
 0 564
 0 565
 0 566
 0 567
 0 568
 0 569
 0 570
 0 571
 0 572
 0 573
 0 574
 0 575
 0 576
 0 577
 0 578
 0 579
 0 580
 0 581
 0 582
 0 583
 0 584
 0 585
 0 586
 0 587
 0 588
 0 589
 0 590
 0 591
 0 592
 0 593
 0 594
 0 595
 0 596
 0 597
 0 598
 0 599
 0 600


