# Created by Octave 3.8.2, Sat Jun 20 10:33:07 2020 CEST <damian@fptrucha.inv.usc.es>
# name: hd
# type: matrix
# rows: 551
# columns: 2
 0 50
 0 51
 0 52
 0 53
 0 54
 0 55
 0 56
 0 57
 0 58
 0 59
 0 60
 0 61
 0 62
 0 63
 0 64
 0 65
 0 66
 0 67
 0 68
 0 69
 0 70
 0 71
 0 72
 0 73
 0 74
 0 75
 0 76
 0 77
 0 78
 0 79
 0 80
 0 81
 0 82
 0 83
 0 84
 0 85
 0 86
 0 87
 0 88
 0 89
 12 90
 13 91
 48 92
 153 93
 304 94
 445 95
 599 96
 755 97
 964 98
 1316 99
 1503 100
 1489 101
 1556 102
 1628 103
 1683 104
 1582 105
 1674 106
 1663 107
 1544 108
 1538 109
 1424 110
 1418 111
 1298 112
 1218 113
 1124 114
 1070 115
 999 116
 902 117
 785 118
 757 119
 688 120
 616 121
 555 122
 554 123
 504 124
 451 125
 397 126
 344 127
 299 128
 277 129
 258 130
 261 131
 199 132
 204 133
 170 134
 146 135
 168 136
 138 137
 122 138
 102 139
 101 140
 78 141
 89 142
 85 143
 66 144
 70 145
 74 146
 68 147
 66 148
 60 149
 43 150
 49 151
 45 152
 40 153
 36 154
 34 155
 20 156
 25 157
 28 158
 30 159
 18 160
 25 161
 27 162
 19 163
 24 164
 16 165
 12 166
 15 167
 13 168
 12 169
 19 170
 13 171
 7 172
 7 173
 9 174
 8 175
 8 176
 6 177
 8 178
 8 179
 6 180
 4 181
 7 182
 4 183
 1 184
 4 185
 6 186
 4 187
 5 188
 1 189
 3 190
 2 191
 3 192
 2 193
 2 194
 2 195
 2 196
 3 197
 1 198
 1 199
 2 200
 1 201
 1 202
 0 203
 1 204
 1 205
 1 206
 0 207
 0 208
 0 209
 0 210
 0 211
 0 212
 1 213
 1 214
 0 215
 0 216
 0 217
 0 218
 1 219
 0 220
 0 221
 0 222
 0 223
 0 224
 1 225
 1 226
 0 227
 0 228
 0 229
 0 230
 0 231
 0 232
 0 233
 0 234
 0 235
 0 236
 1 237
 0 238
 0 239
 0 240
 0 241
 0 242
 0 243
 0 244
 0 245
 0 246
 0 247
 0 248
 0 249
 0 250
 0 251
 0 252
 0 253
 0 254
 0 255
 0 256
 0 257
 0 258
 0 259
 0 260
 0 261
 0 262
 0 263
 0 264
 0 265
 0 266
 0 267
 0 268
 0 269
 0 270
 0 271
 0 272
 0 273
 0 274
 0 275
 0 276
 0 277
 0 278
 0 279
 0 280
 0 281
 0 282
 1 283
 0 284
 0 285
 0 286
 0 287
 0 288
 1 289
 0 290
 0 291
 0 292
 1 293
 0 294
 0 295
 2 296
 0 297
 1 298
 1 299
 0 300
 0 301
 2 302
 3 303
 0 304
 0 305
 0 306
 1 307
 1 308
 0 309
 0 310
 1 311
 2 312
 1 313
 1 314
 1 315
 0 316
 2 317
 0 318
 3 319
 1 320
 4 321
 1 322
 1 323
 3 324
 1 325
 0 326
 1 327
 0 328
 2 329
 0 330
 0 331
 2 332
 1 333
 0 334
 2 335
 0 336
 2 337
 1 338
 0 339
 4 340
 2 341
 1 342
 3 343
 1 344
 3 345
 1 346
 3 347
 2 348
 3 349
 2 350
 2 351
 4 352
 5 353
 3 354
 1 355
 1 356
 1 357
 0 358
 0 359
 0 360
 1 361
 3 362
 1 363
 1 364
 0 365
 3 366
 2 367
 2 368
 1 369
 1 370
 1 371
 0 372
 2 373
 0 374
 2 375
 0 376
 0 377
 0 378
 0 379
 0 380
 0 381
 0 382
 1 383
 0 384
 0 385
 0 386
 0 387
 0 388
 0 389
 0 390
 0 391
 0 392
 0 393
 0 394
 0 395
 1 396
 0 397
 0 398
 0 399
 0 400
 0 401
 0 402
 0 403
 0 404
 0 405
 0 406
 0 407
 0 408
 0 409
 0 410
 0 411
 0 412
 0 413
 0 414
 0 415
 0 416
 0 417
 0 418
 0 419
 0 420
 0 421
 0 422
 0 423
 0 424
 0 425
 0 426
 0 427
 0 428
 0 429
 0 430
 0 431
 0 432
 0 433
 0 434
 0 435
 0 436
 0 437
 0 438
 0 439
 0 440
 0 441
 0 442
 0 443
 0 444
 0 445
 0 446
 0 447
 0 448
 0 449
 0 450
 0 451
 0 452
 0 453
 0 454
 0 455
 0 456
 0 457
 0 458
 0 459
 0 460
 0 461
 0 462
 0 463
 0 464
 0 465
 0 466
 0 467
 0 468
 0 469
 0 470
 0 471
 0 472
 0 473
 0 474
 0 475
 0 476
 0 477
 0 478
 0 479
 0 480
 0 481
 0 482
 0 483
 0 484
 0 485
 0 486
 0 487
 0 488
 0 489
 0 490
 0 491
 0 492
 0 493
 0 494
 0 495
 0 496
 0 497
 0 498
 0 499
 0 500
 0 501
 0 502
 0 503
 0 504
 0 505
 0 506
 0 507
 0 508
 0 509
 0 510
 0 511
 0 512
 0 513
 0 514
 0 515
 0 516
 0 517
 0 518
 0 519
 0 520
 0 521
 0 522
 0 523
 0 524
 0 525
 0 526
 0 527
 0 528
 0 529
 0 530
 0 531
 0 532
 0 533
 0 534
 0 535
 0 536
 0 537
 0 538
 0 539
 0 540
 0 541
 0 542
 0 543
 0 544
 0 545
 0 546
 0 547
 0 548
 0 549
 0 550
 0 551
 0 552
 0 553
 0 554
 0 555
 0 556
 0 557
 0 558
 0 559
 0 560
 0 561
 0 562
 0 563
 0 564
 0 565
 0 566
 0 567
 0 568
 0 569
 0 570
 0 571
 0 572
 0 573
 0 574
 0 575
 0 576
 0 577
 0 578
 0 579
 0 580
 0 581
 0 582
 0 583
 0 584
 0 585
 0 586
 0 587
 0 588
 0 589
 0 590
 0 591
 0 592
 0 593
 0 594
 0 595
 0 596
 0 597
 0 598
 0 599
 0 600


