# Created by Octave 3.8.2, Sat Jun 20 07:28:49 2020 CEST <damian@fptrucha.inv.usc.es>
# name: hd
# type: matrix
# rows: 551
# columns: 2
 0 50
 0 51
 0 52
 0 53
 0 54
 0 55
 0 56
 0 57
 0 58
 0 59
 0 60
 0 61
 0 62
 0 63
 0 64
 0 65
 0 66
 0 67
 0 68
 0 69
 0 70
 0 71
 0 72
 0 73
 0 74
 0 75
 0 76
 0 77
 0 78
 0 79
 0 80
 0 81
 0 82
 0 83
 0 84
 0 85
 0 86
 0 87
 0 88
 1 89
 10 90
 23 91
 52 92
 168 93
 342 94
 503 95
 632 96
 721 97
 938 98
 1288 99
 1488 100
 1478 101
 1584 102
 1564 103
 1593 104
 1728 105
 1707 106
 1665 107
 1519 108
 1568 109
 1451 110
 1451 111
 1358 112
 1188 113
 1110 114
 1052 115
 993 116
 924 117
 854 118
 778 119
 727 120
 643 121
 557 122
 508 123
 525 124
 467 125
 406 126
 402 127
 330 128
 271 129
 259 130
 259 131
 222 132
 199 133
 220 134
 184 135
 148 136
 148 137
 135 138
 129 139
 113 140
 102 141
 96 142
 102 143
 100 144
 71 145
 62 146
 62 147
 60 148
 52 149
 48 150
 42 151
 40 152
 34 153
 39 154
 36 155
 34 156
 24 157
 34 158
 24 159
 32 160
 25 161
 23 162
 20 163
 19 164
 14 165
 9 166
 18 167
 10 168
 11 169
 20 170
 18 171
 7 172
 13 173
 12 174
 7 175
 9 176
 5 177
 6 178
 9 179
 4 180
 6 181
 4 182
 7 183
 0 184
 3 185
 1 186
 6 187
 6 188
 2 189
 1 190
 2 191
 3 192
 2 193
 2 194
 2 195
 0 196
 0 197
 1 198
 2 199
 2 200
 1 201
 0 202
 1 203
 2 204
 1 205
 1 206
 1 207
 1 208
 0 209
 1 210
 0 211
 0 212
 1 213
 1 214
 1 215
 0 216
 0 217
 0 218
 0 219
 0 220
 0 221
 0 222
 0 223
 0 224
 0 225
 0 226
 1 227
 0 228
 0 229
 0 230
 1 231
 0 232
 0 233
 0 234
 0 235
 0 236
 1 237
 1 238
 0 239
 0 240
 0 241
 0 242
 0 243
 0 244
 0 245
 0 246
 0 247
 0 248
 0 249
 0 250
 0 251
 0 252
 0 253
 0 254
 0 255
 0 256
 0 257
 0 258
 0 259
 0 260
 0 261
 0 262
 0 263
 0 264
 0 265
 0 266
 0 267
 0 268
 0 269
 0 270
 0 271
 0 272
 0 273
 0 274
 0 275
 0 276
 0 277
 0 278
 0 279
 0 280
 0 281
 0 282
 0 283
 0 284
 0 285
 0 286
 0 287
 0 288
 0 289
 1 290
 0 291
 0 292
 0 293
 0 294
 0 295
 0 296
 0 297
 0 298
 1 299
 0 300
 0 301
 2 302
 1 303
 2 304
 0 305
 3 306
 0 307
 2 308
 1 309
 0 310
 1 311
 0 312
 2 313
 1 314
 0 315
 0 316
 2 317
 0 318
 0 319
 3 320
 0 321
 1 322
 3 323
 1 324
 3 325
 1 326
 1 327
 1 328
 2 329
 0 330
 2 331
 2 332
 0 333
 2 334
 4 335
 0 336
 3 337
 0 338
 0 339
 1 340
 1 341
 2 342
 1 343
 0 344
 0 345
 0 346
 1 347
 2 348
 0 349
 2 350
 1 351
 2 352
 0 353
 2 354
 2 355
 1 356
 1 357
 1 358
 1 359
 1 360
 1 361
 2 362
 2 363
 0 364
 0 365
 1 366
 1 367
 1 368
 0 369
 1 370
 1 371
 1 372
 1 373
 0 374
 0 375
 0 376
 1 377
 1 378
 0 379
 0 380
 1 381
 0 382
 0 383
 2 384
 0 385
 1 386
 0 387
 1 388
 1 389
 0 390
 0 391
 0 392
 0 393
 0 394
 0 395
 0 396
 0 397
 0 398
 0 399
 0 400
 0 401
 0 402
 0 403
 0 404
 0 405
 0 406
 0 407
 0 408
 0 409
 0 410
 1 411
 0 412
 0 413
 0 414
 0 415
 0 416
 0 417
 1 418
 0 419
 0 420
 0 421
 0 422
 0 423
 0 424
 0 425
 0 426
 0 427
 0 428
 0 429
 0 430
 0 431
 0 432
 0 433
 0 434
 0 435
 0 436
 0 437
 0 438
 0 439
 0 440
 0 441
 0 442
 0 443
 0 444
 0 445
 0 446
 0 447
 0 448
 0 449
 0 450
 0 451
 0 452
 0 453
 0 454
 0 455
 0 456
 0 457
 0 458
 0 459
 0 460
 0 461
 0 462
 0 463
 0 464
 0 465
 0 466
 0 467
 0 468
 0 469
 0 470
 0 471
 0 472
 0 473
 0 474
 0 475
 0 476
 0 477
 0 478
 0 479
 0 480
 0 481
 0 482
 0 483
 0 484
 0 485
 0 486
 0 487
 0 488
 0 489
 0 490
 0 491
 0 492
 0 493
 0 494
 0 495
 0 496
 0 497
 0 498
 0 499
 0 500
 0 501
 0 502
 0 503
 0 504
 0 505
 0 506
 0 507
 0 508
 0 509
 0 510
 0 511
 0 512
 0 513
 0 514
 0 515
 0 516
 0 517
 0 518
 0 519
 0 520
 0 521
 0 522
 0 523
 0 524
 0 525
 0 526
 0 527
 0 528
 0 529
 0 530
 0 531
 0 532
 0 533
 0 534
 0 535
 0 536
 0 537
 0 538
 0 539
 0 540
 0 541
 0 542
 0 543
 0 544
 0 545
 0 546
 0 547
 0 548
 0 549
 0 550
 0 551
 0 552
 0 553
 0 554
 0 555
 0 556
 0 557
 0 558
 0 559
 0 560
 0 561
 0 562
 0 563
 0 564
 0 565
 0 566
 0 567
 0 568
 0 569
 0 570
 0 571
 0 572
 0 573
 0 574
 0 575
 0 576
 0 577
 0 578
 0 579
 0 580
 0 581
 0 582
 0 583
 0 584
 0 585
 0 586
 0 587
 0 588
 0 589
 0 590
 0 591
 0 592
 0 593
 0 594
 0 595
 0 596
 0 597
 0 598
 0 599
 0 600


