# Created by Octave 3.8.2, Mon Jun 22 20:51:02 2020 CEST <damian@fptrucha.inv.usc.es>
# name: hd
# type: matrix
# rows: 551
# columns: 2
 0 50
 0 51
 0 52
 0 53
 0 54
 0 55
 0 56
 0 57
 0 58
 0 59
 0 60
 0 61
 0 62
 0 63
 0 64
 0 65
 0 66
 0 67
 0 68
 0 69
 0 70
 0 71
 0 72
 0 73
 0 74
 0 75
 0 76
 0 77
 0 78
 0 79
 0 80
 0 81
 0 82
 0 83
 0 84
 0 85
 0 86
 0 87
 0 88
 0 89
 3 90
 3 91
 27 92
 71 93
 206 94
 373 95
 510 96
 638 97
 781 98
 1106 99
 1379 100
 1512 101
 1549 102
 1599 103
 1572 104
 1649 105
 1618 106
 1557 107
 1566 108
 1442 109
 1411 110
 1346 111
 1240 112
 1126 113
 1118 114
 1026 115
 919 116
 845 117
 802 118
 726 119
 614 120
 622 121
 540 122
 473 123
 406 124
 365 125
 351 126
 305 127
 272 128
 284 129
 247 130
 199 131
 227 132
 179 133
 161 134
 126 135
 140 136
 141 137
 101 138
 95 139
 88 140
 91 141
 94 142
 90 143
 83 144
 77 145
 69 146
 60 147
 60 148
 63 149
 40 150
 56 151
 31 152
 38 153
 41 154
 31 155
 47 156
 36 157
 35 158
 25 159
 27 160
 24 161
 21 162
 25 163
 17 164
 19 165
 13 166
 13 167
 10 168
 15 169
 15 170
 17 171
 14 172
 10 173
 5 174
 12 175
 11 176
 5 177
 8 178
 8 179
 6 180
 3 181
 5 182
 5 183
 0 184
 6 185
 4 186
 6 187
 3 188
 5 189
 3 190
 5 191
 4 192
 2 193
 3 194
 5 195
 3 196
 2 197
 2 198
 2 199
 4 200
 1 201
 2 202
 0 203
 3 204
 1 205
 0 206
 1 207
 0 208
 3 209
 1 210
 1 211
 0 212
 1 213
 1 214
 0 215
 0 216
 1 217
 0 218
 0 219
 0 220
 0 221
 0 222
 0 223
 0 224
 0 225
 0 226
 0 227
 0 228
 0 229
 1 230
 0 231
 1 232
 1 233
 0 234
 0 235
 0 236
 0 237
 1 238
 0 239
 0 240
 0 241
 0 242
 0 243
 0 244
 0 245
 0 246
 0 247
 0 248
 0 249
 0 250
 0 251
 0 252
 0 253
 0 254
 0 255
 0 256
 0 257
 0 258
 0 259
 0 260
 0 261
 0 262
 0 263
 0 264
 1 265
 0 266
 0 267
 0 268
 0 269
 0 270
 0 271
 0 272
 0 273
 0 274
 0 275
 0 276
 0 277
 0 278
 0 279
 1 280
 1 281
 1 282
 0 283
 0 284
 0 285
 0 286
 1 287
 0 288
 0 289
 1 290
 0 291
 0 292
 1 293
 0 294
 2 295
 1 296
 0 297
 0 298
 0 299
 0 300
 0 301
 2 302
 0 303
 0 304
 0 305
 1 306
 0 307
 1 308
 2 309
 0 310
 1 311
 2 312
 1 313
 1 314
 1 315
 2 316
 4 317
 2 318
 0 319
 2 320
 0 321
 0 322
 1 323
 1 324
 0 325
 3 326
 1 327
 1 328
 2 329
 4 330
 1 331
 1 332
 2 333
 3 334
 0 335
 1 336
 3 337
 3 338
 0 339
 1 340
 0 341
 1 342
 2 343
 1 344
 0 345
 1 346
 5 347
 2 348
 2 349
 1 350
 0 351
 2 352
 1 353
 2 354
 1 355
 1 356
 1 357
 1 358
 1 359
 0 360
 2 361
 0 362
 1 363
 2 364
 1 365
 2 366
 0 367
 1 368
 0 369
 4 370
 1 371
 2 372
 1 373
 1 374
 2 375
 1 376
 0 377
 1 378
 1 379
 1 380
 0 381
 1 382
 0 383
 1 384
 0 385
 0 386
 0 387
 0 388
 0 389
 0 390
 1 391
 0 392
 0 393
 0 394
 0 395
 1 396
 0 397
 0 398
 0 399
 0 400
 1 401
 0 402
 0 403
 1 404
 0 405
 0 406
 0 407
 0 408
 0 409
 0 410
 0 411
 0 412
 0 413
 0 414
 0 415
 0 416
 0 417
 0 418
 0 419
 0 420
 0 421
 0 422
 0 423
 0 424
 0 425
 0 426
 0 427
 0 428
 0 429
 0 430
 0 431
 0 432
 0 433
 0 434
 0 435
 0 436
 0 437
 0 438
 0 439
 0 440
 0 441
 0 442
 0 443
 0 444
 0 445
 0 446
 0 447
 0 448
 0 449
 0 450
 0 451
 0 452
 0 453
 0 454
 0 455
 0 456
 0 457
 0 458
 0 459
 0 460
 0 461
 0 462
 0 463
 0 464
 0 465
 0 466
 0 467
 0 468
 0 469
 0 470
 0 471
 0 472
 0 473
 0 474
 0 475
 0 476
 0 477
 0 478
 0 479
 0 480
 0 481
 0 482
 0 483
 0 484
 0 485
 0 486
 0 487
 0 488
 0 489
 0 490
 0 491
 0 492
 0 493
 0 494
 0 495
 0 496
 0 497
 0 498
 0 499
 0 500
 0 501
 0 502
 0 503
 0 504
 0 505
 0 506
 0 507
 0 508
 0 509
 0 510
 0 511
 0 512
 0 513
 0 514
 0 515
 0 516
 0 517
 0 518
 0 519
 0 520
 0 521
 0 522
 0 523
 0 524
 0 525
 0 526
 0 527
 0 528
 0 529
 0 530
 0 531
 0 532
 0 533
 0 534
 0 535
 0 536
 0 537
 0 538
 0 539
 0 540
 0 541
 0 542
 0 543
 0 544
 0 545
 0 546
 0 547
 0 548
 0 549
 0 550
 0 551
 0 552
 0 553
 0 554
 0 555
 0 556
 0 557
 0 558
 0 559
 0 560
 0 561
 0 562
 0 563
 0 564
 0 565
 0 566
 0 567
 0 568
 0 569
 0 570
 0 571
 0 572
 0 573
 0 574
 0 575
 0 576
 0 577
 0 578
 0 579
 0 580
 0 581
 0 582
 0 583
 0 584
 0 585
 0 586
 0 587
 0 588
 0 589
 0 590
 0 591
 0 592
 0 593
 0 594
 0 595
 0 596
 0 597
 0 598
 0 599
 0 600


