# Created by Octave 3.8.2, Sat Jun 20 19:57:10 2020 CEST <damian@fptrucha.inv.usc.es>
# name: hd
# type: matrix
# rows: 551
# columns: 2
 0 50
 0 51
 0 52
 0 53
 0 54
 0 55
 0 56
 0 57
 0 58
 0 59
 0 60
 0 61
 0 62
 0 63
 0 64
 0 65
 0 66
 0 67
 0 68
 0 69
 0 70
 0 71
 0 72
 0 73
 0 74
 0 75
 0 76
 0 77
 0 78
 0 79
 0 80
 0 81
 0 82
 0 83
 0 84
 0 85
 0 86
 0 87
 0 88
 1 89
 5 90
 14 91
 46 92
 125 93
 242 94
 367 95
 487 96
 573 97
 842 98
 1057 99
 1173 100
 1241 101
 1307 102
 1399 103
 1375 104
 1417 105
 1374 106
 1335 107
 1331 108
 1328 109
 1294 110
 1202 111
 1185 112
 1159 113
 1025 114
 986 115
 924 116
 840 117
 809 118
 719 119
 649 120
 613 121
 612 122
 532 123
 497 124
 434 125
 373 126
 344 127
 322 128
 327 129
 259 130
 205 131
 218 132
 185 133
 184 134
 180 135
 162 136
 136 137
 124 138
 99 139
 102 140
 92 141
 92 142
 75 143
 79 144
 74 145
 57 146
 53 147
 53 148
 46 149
 46 150
 38 151
 41 152
 35 153
 46 154
 41 155
 37 156
 31 157
 23 158
 23 159
 32 160
 28 161
 21 162
 27 163
 18 164
 15 165
 16 166
 18 167
 17 168
 19 169
 9 170
 14 171
 10 172
 9 173
 9 174
 6 175
 6 176
 4 177
 6 178
 6 179
 5 180
 6 181
 8 182
 3 183
 4 184
 1 185
 3 186
 5 187
 2 188
 3 189
 2 190
 1 191
 6 192
 3 193
 1 194
 0 195
 2 196
 1 197
 0 198
 1 199
 2 200
 0 201
 1 202
 2 203
 2 204
 0 205
 0 206
 0 207
 0 208
 0 209
 1 210
 0 211
 1 212
 1 213
 0 214
 0 215
 0 216
 1 217
 3 218
 0 219
 1 220
 0 221
 0 222
 0 223
 0 224
 0 225
 0 226
 1 227
 0 228
 0 229
 0 230
 0 231
 0 232
 0 233
 0 234
 0 235
 0 236
 0 237
 0 238
 0 239
 0 240
 0 241
 0 242
 0 243
 0 244
 0 245
 0 246
 0 247
 0 248
 0 249
 0 250
 0 251
 0 252
 0 253
 0 254
 0 255
 0 256
 0 257
 0 258
 0 259
 0 260
 0 261
 0 262
 0 263
 0 264
 0 265
 0 266
 0 267
 0 268
 0 269
 0 270
 0 271
 0 272
 0 273
 0 274
 0 275
 0 276
 0 277
 0 278
 0 279
 1 280
 0 281
 0 282
 0 283
 1 284
 1 285
 0 286
 1 287
 0 288
 0 289
 0 290
 0 291
 1 292
 0 293
 1 294
 0 295
 0 296
 0 297
 0 298
 0 299
 0 300
 1 301
 1 302
 0 303
 1 304
 0 305
 1 306
 2 307
 0 308
 0 309
 1 310
 2 311
 0 312
 0 313
 0 314
 1 315
 0 316
 0 317
 2 318
 0 319
 0 320
 0 321
 1 322
 2 323
 3 324
 0 325
 0 326
 1 327
 0 328
 0 329
 1 330
 3 331
 1 332
 1 333
 2 334
 1 335
 0 336
 2 337
 0 338
 3 339
 1 340
 4 341
 2 342
 2 343
 0 344
 2 345
 3 346
 1 347
 2 348
 0 349
 1 350
 2 351
 0 352
 0 353
 0 354
 0 355
 0 356
 1 357
 1 358
 1 359
 1 360
 0 361
 1 362
 0 363
 1 364
 0 365
 0 366
 1 367
 2 368
 1 369
 0 370
 3 371
 1 372
 0 373
 1 374
 2 375
 0 376
 0 377
 2 378
 2 379
 0 380
 0 381
 0 382
 1 383
 1 384
 0 385
 0 386
 0 387
 1 388
 0 389
 1 390
 0 391
 1 392
 0 393
 0 394
 1 395
 0 396
 0 397
 1 398
 0 399
 0 400
 1 401
 0 402
 0 403
 0 404
 0 405
 2 406
 0 407
 0 408
 1 409
 0 410
 0 411
 0 412
 0 413
 0 414
 0 415
 0 416
 0 417
 0 418
 0 419
 0 420
 0 421
 0 422
 0 423
 0 424
 0 425
 0 426
 0 427
 0 428
 0 429
 0 430
 0 431
 0 432
 0 433
 0 434
 0 435
 1 436
 0 437
 0 438
 0 439
 0 440
 0 441
 0 442
 0 443
 0 444
 0 445
 0 446
 0 447
 0 448
 0 449
 0 450
 0 451
 0 452
 0 453
 0 454
 0 455
 0 456
 0 457
 0 458
 0 459
 0 460
 0 461
 0 462
 0 463
 0 464
 0 465
 0 466
 0 467
 0 468
 0 469
 0 470
 0 471
 0 472
 0 473
 0 474
 0 475
 0 476
 0 477
 0 478
 0 479
 0 480
 0 481
 0 482
 0 483
 0 484
 0 485
 0 486
 0 487
 0 488
 0 489
 0 490
 0 491
 0 492
 0 493
 0 494
 0 495
 0 496
 0 497
 0 498
 0 499
 0 500
 0 501
 0 502
 0 503
 0 504
 0 505
 0 506
 0 507
 0 508
 0 509
 0 510
 0 511
 0 512
 0 513
 0 514
 0 515
 0 516
 0 517
 0 518
 0 519
 0 520
 0 521
 0 522
 0 523
 0 524
 0 525
 0 526
 0 527
 0 528
 0 529
 0 530
 0 531
 0 532
 0 533
 0 534
 0 535
 0 536
 0 537
 0 538
 0 539
 0 540
 0 541
 0 542
 0 543
 0 544
 0 545
 0 546
 0 547
 0 548
 0 549
 0 550
 0 551
 0 552
 0 553
 0 554
 0 555
 0 556
 0 557
 0 558
 0 559
 0 560
 0 561
 0 562
 0 563
 0 564
 0 565
 0 566
 0 567
 0 568
 0 569
 0 570
 0 571
 0 572
 0 573
 0 574
 0 575
 0 576
 0 577
 0 578
 0 579
 0 580
 0 581
 0 582
 0 583
 0 584
 0 585
 0 586
 0 587
 0 588
 0 589
 0 590
 0 591
 0 592
 0 593
 0 594
 0 595
 0 596
 0 597
 0 598
 0 599
 0 600


