# Created by Octave 3.8.2, Mon Jun 22 16:25:33 2020 CEST <damian@fptrucha.inv.usc.es>
# name: hd
# type: matrix
# rows: 551
# columns: 2
 0 50
 0 51
 0 52
 0 53
 0 54
 0 55
 0 56
 0 57
 0 58
 0 59
 0 60
 0 61
 0 62
 0 63
 0 64
 0 65
 0 66
 0 67
 0 68
 0 69
 0 70
 0 71
 0 72
 0 73
 0 74
 0 75
 0 76
 0 77
 0 78
 0 79
 0 80
 0 81
 0 82
 0 83
 0 84
 0 85
 0 86
 0 87
 0 88
 0 89
 4 90
 11 91
 27 92
 86 93
 227 94
 390 95
 575 96
 629 97
 868 98
 1148 99
 1571 100
 1540 101
 1600 102
 1639 103
 1669 104
 1639 105
 1705 106
 1603 107
 1558 108
 1480 109
 1411 110
 1293 111
 1264 112
 1121 113
 1004 114
 994 115
 882 116
 786 117
 724 118
 616 119
 587 120
 509 121
 462 122
 401 123
 370 124
 308 125
 284 126
 276 127
 245 128
 240 129
 195 130
 177 131
 154 132
 185 133
 124 134
 124 135
 122 136
 100 137
 81 138
 97 139
 81 140
 60 141
 83 142
 74 143
 57 144
 58 145
 54 146
 42 147
 48 148
 45 149
 57 150
 42 151
 46 152
 28 153
 28 154
 18 155
 30 156
 30 157
 23 158
 24 159
 26 160
 17 161
 28 162
 22 163
 16 164
 17 165
 20 166
 13 167
 13 168
 13 169
 16 170
 11 171
 9 172
 7 173
 11 174
 15 175
 7 176
 9 177
 8 178
 6 179
 5 180
 4 181
 7 182
 4 183
 5 184
 2 185
 6 186
 5 187
 5 188
 5 189
 4 190
 4 191
 3 192
 5 193
 1 194
 2 195
 2 196
 3 197
 3 198
 3 199
 1 200
 1 201
 3 202
 1 203
 3 204
 0 205
 2 206
 1 207
 1 208
 0 209
 1 210
 0 211
 1 212
 0 213
 2 214
 2 215
 1 216
 0 217
 0 218
 0 219
 0 220
 0 221
 0 222
 1 223
 0 224
 0 225
 2 226
 0 227
 1 228
 0 229
 0 230
 0 231
 0 232
 0 233
 0 234
 0 235
 0 236
 0 237
 0 238
 0 239
 0 240
 0 241
 0 242
 0 243
 0 244
 0 245
 0 246
 0 247
 0 248
 0 249
 0 250
 0 251
 0 252
 0 253
 0 254
 0 255
 0 256
 0 257
 0 258
 0 259
 0 260
 0 261
 0 262
 0 263
 0 264
 0 265
 0 266
 0 267
 0 268
 0 269
 0 270
 0 271
 0 272
 0 273
 0 274
 0 275
 0 276
 0 277
 0 278
 0 279
 0 280
 0 281
 0 282
 0 283
 1 284
 0 285
 1 286
 0 287
 0 288
 1 289
 0 290
 0 291
 0 292
 2 293
 0 294
 0 295
 0 296
 1 297
 0 298
 1 299
 2 300
 1 301
 1 302
 0 303
 0 304
 1 305
 2 306
 0 307
 0 308
 0 309
 1 310
 3 311
 1 312
 2 313
 1 314
 2 315
 5 316
 3 317
 0 318
 0 319
 1 320
 0 321
 2 322
 4 323
 2 324
 3 325
 0 326
 2 327
 3 328
 0 329
 1 330
 2 331
 4 332
 1 333
 2 334
 4 335
 1 336
 3 337
 2 338
 0 339
 1 340
 1 341
 3 342
 0 343
 1 344
 1 345
 5 346
 2 347
 1 348
 1 349
 1 350
 0 351
 1 352
 2 353
 0 354
 1 355
 0 356
 0 357
 2 358
 0 359
 1 360
 1 361
 0 362
 0 363
 0 364
 2 365
 1 366
 3 367
 2 368
 0 369
 1 370
 0 371
 0 372
 3 373
 1 374
 1 375
 1 376
 2 377
 1 378
 2 379
 1 380
 0 381
 0 382
 1 383
 0 384
 1 385
 0 386
 0 387
 1 388
 0 389
 1 390
 0 391
 0 392
 0 393
 0 394
 0 395
 0 396
 0 397
 0 398
 0 399
 0 400
 0 401
 0 402
 0 403
 1 404
 0 405
 0 406
 0 407
 0 408
 0 409
 0 410
 1 411
 0 412
 0 413
 0 414
 0 415
 0 416
 0 417
 0 418
 0 419
 0 420
 0 421
 0 422
 0 423
 0 424
 0 425
 0 426
 0 427
 0 428
 0 429
 0 430
 0 431
 0 432
 0 433
 0 434
 0 435
 0 436
 0 437
 0 438
 0 439
 0 440
 0 441
 0 442
 0 443
 0 444
 0 445
 0 446
 0 447
 0 448
 0 449
 0 450
 0 451
 0 452
 0 453
 0 454
 0 455
 0 456
 0 457
 0 458
 0 459
 0 460
 0 461
 0 462
 0 463
 0 464
 0 465
 0 466
 0 467
 0 468
 0 469
 0 470
 0 471
 0 472
 0 473
 0 474
 0 475
 0 476
 0 477
 0 478
 0 479
 0 480
 0 481
 0 482
 0 483
 0 484
 0 485
 0 486
 0 487
 0 488
 0 489
 0 490
 0 491
 0 492
 0 493
 0 494
 0 495
 0 496
 0 497
 0 498
 0 499
 0 500
 0 501
 0 502
 0 503
 0 504
 0 505
 0 506
 0 507
 0 508
 0 509
 0 510
 0 511
 0 512
 0 513
 0 514
 0 515
 0 516
 0 517
 0 518
 0 519
 0 520
 0 521
 0 522
 0 523
 0 524
 0 525
 0 526
 0 527
 0 528
 0 529
 0 530
 0 531
 0 532
 0 533
 0 534
 0 535
 0 536
 0 537
 0 538
 0 539
 0 540
 0 541
 0 542
 0 543
 0 544
 0 545
 0 546
 0 547
 0 548
 0 549
 0 550
 0 551
 0 552
 0 553
 0 554
 0 555
 0 556
 0 557
 0 558
 0 559
 0 560
 0 561
 0 562
 0 563
 0 564
 0 565
 0 566
 0 567
 0 568
 0 569
 0 570
 0 571
 0 572
 0 573
 0 574
 0 575
 0 576
 0 577
 0 578
 0 579
 0 580
 0 581
 0 582
 0 583
 0 584
 0 585
 0 586
 0 587
 0 588
 0 589
 0 590
 0 591
 0 592
 0 593
 0 594
 0 595
 0 596
 0 597
 0 598
 0 599
 0 600


