# Created by Octave 3.8.2, Sat Jun 20 14:33:26 2020 CEST <damian@fptrucha.inv.usc.es>
# name: hd
# type: matrix
# rows: 551
# columns: 2
 0 50
 0 51
 0 52
 0 53
 0 54
 0 55
 0 56
 0 57
 0 58
 0 59
 0 60
 0 61
 0 62
 0 63
 0 64
 0 65
 0 66
 0 67
 0 68
 0 69
 0 70
 0 71
 0 72
 0 73
 0 74
 0 75
 0 76
 0 77
 0 78
 0 79
 0 80
 0 81
 0 82
 0 83
 0 84
 0 85
 0 86
 0 87
 1 88
 0 89
 7 90
 17 91
 52 92
 140 93
 284 94
 409 95
 505 96
 697 97
 894 98
 1121 99
 1234 100
 1341 101
 1381 102
 1429 103
 1415 104
 1524 105
 1523 106
 1452 107
 1463 108
 1457 109
 1339 110
 1240 111
 1231 112
 1086 113
 1087 114
 1093 115
 935 116
 883 117
 795 118
 797 119
 704 120
 634 121
 594 122
 534 123
 455 124
 462 125
 422 126
 345 127
 315 128
 298 129
 252 130
 232 131
 223 132
 188 133
 177 134
 163 135
 145 136
 130 137
 114 138
 110 139
 96 140
 97 141
 89 142
 86 143
 69 144
 91 145
 68 146
 51 147
 57 148
 51 149
 55 150
 47 151
 36 152
 46 153
 37 154
 33 155
 25 156
 22 157
 32 158
 37 159
 23 160
 23 161
 24 162
 28 163
 27 164
 20 165
 9 166
 15 167
 8 168
 18 169
 11 170
 15 171
 11 172
 6 173
 7 174
 4 175
 10 176
 8 177
 9 178
 7 179
 6 180
 8 181
 5 182
 5 183
 4 184
 3 185
 3 186
 4 187
 7 188
 3 189
 1 190
 3 191
 4 192
 3 193
 1 194
 3 195
 2 196
 1 197
 1 198
 0 199
 2 200
 2 201
 0 202
 1 203
 2 204
 0 205
 0 206
 0 207
 1 208
 2 209
 1 210
 1 211
 0 212
 0 213
 1 214
 0 215
 1 216
 0 217
 0 218
 1 219
 1 220
 0 221
 0 222
 0 223
 0 224
 0 225
 0 226
 0 227
 0 228
 0 229
 0 230
 1 231
 0 232
 0 233
 0 234
 0 235
 0 236
 0 237
 0 238
 0 239
 0 240
 0 241
 0 242
 0 243
 0 244
 0 245
 0 246
 0 247
 0 248
 0 249
 0 250
 0 251
 0 252
 0 253
 1 254
 0 255
 0 256
 0 257
 0 258
 0 259
 0 260
 0 261
 0 262
 0 263
 0 264
 0 265
 0 266
 0 267
 0 268
 0 269
 0 270
 0 271
 0 272
 0 273
 0 274
 0 275
 1 276
 0 277
 0 278
 0 279
 0 280
 0 281
 0 282
 0 283
 0 284
 0 285
 0 286
 0 287
 0 288
 0 289
 0 290
 0 291
 0 292
 0 293
 0 294
 0 295
 1 296
 0 297
 1 298
 0 299
 0 300
 1 301
 0 302
 3 303
 2 304
 0 305
 1 306
 0 307
 1 308
 0 309
 1 310
 1 311
 2 312
 0 313
 2 314
 1 315
 1 316
 2 317
 1 318
 2 319
 1 320
 0 321
 1 322
 1 323
 3 324
 0 325
 1 326
 1 327
 2 328
 1 329
 0 330
 0 331
 0 332
 5 333
 0 334
 3 335
 1 336
 2 337
 3 338
 2 339
 1 340
 3 341
 2 342
 2 343
 3 344
 1 345
 0 346
 2 347
 1 348
 2 349
 1 350
 0 351
 1 352
 1 353
 1 354
 1 355
 2 356
 1 357
 0 358
 3 359
 0 360
 0 361
 3 362
 0 363
 1 364
 0 365
 1 366
 1 367
 0 368
 0 369
 0 370
 1 371
 2 372
 0 373
 0 374
 0 375
 1 376
 1 377
 1 378
 0 379
 0 380
 1 381
 0 382
 0 383
 0 384
 2 385
 0 386
 1 387
 0 388
 1 389
 0 390
 0 391
 1 392
 0 393
 0 394
 0 395
 0 396
 0 397
 0 398
 2 399
 0 400
 0 401
 0 402
 2 403
 0 404
 1 405
 0 406
 0 407
 0 408
 0 409
 1 410
 0 411
 0 412
 0 413
 0 414
 0 415
 0 416
 0 417
 0 418
 0 419
 0 420
 0 421
 0 422
 0 423
 0 424
 0 425
 0 426
 0 427
 0 428
 0 429
 0 430
 0 431
 0 432
 0 433
 0 434
 0 435
 0 436
 0 437
 0 438
 0 439
 0 440
 0 441
 0 442
 0 443
 0 444
 0 445
 0 446
 0 447
 0 448
 0 449
 0 450
 0 451
 0 452
 0 453
 0 454
 0 455
 0 456
 0 457
 0 458
 0 459
 0 460
 0 461
 0 462
 0 463
 0 464
 0 465
 0 466
 0 467
 0 468
 0 469
 0 470
 0 471
 0 472
 0 473
 0 474
 0 475
 0 476
 0 477
 0 478
 0 479
 0 480
 0 481
 0 482
 0 483
 0 484
 0 485
 0 486
 0 487
 0 488
 0 489
 0 490
 0 491
 0 492
 0 493
 0 494
 0 495
 0 496
 0 497
 0 498
 0 499
 0 500
 0 501
 0 502
 0 503
 0 504
 0 505
 0 506
 0 507
 0 508
 0 509
 0 510
 0 511
 0 512
 0 513
 0 514
 0 515
 0 516
 0 517
 0 518
 0 519
 0 520
 0 521
 0 522
 0 523
 0 524
 0 525
 0 526
 0 527
 0 528
 0 529
 0 530
 0 531
 0 532
 0 533
 0 534
 0 535
 0 536
 0 537
 0 538
 0 539
 0 540
 0 541
 0 542
 0 543
 0 544
 0 545
 0 546
 0 547
 0 548
 0 549
 0 550
 0 551
 0 552
 0 553
 0 554
 0 555
 0 556
 0 557
 0 558
 0 559
 0 560
 0 561
 0 562
 0 563
 0 564
 0 565
 0 566
 0 567
 0 568
 0 569
 0 570
 0 571
 0 572
 0 573
 0 574
 0 575
 0 576
 0 577
 0 578
 0 579
 0 580
 0 581
 0 582
 0 583
 0 584
 0 585
 0 586
 0 587
 0 588
 0 589
 0 590
 0 591
 0 592
 0 593
 0 594
 0 595
 0 596
 0 597
 0 598
 0 599
 0 600


