# Created by Octave 3.8.2, Sat Jun 20 07:14:49 2020 CEST <damian@fptrucha.inv.usc.es>
# name: hd
# type: matrix
# rows: 551
# columns: 2
 0 50
 0 51
 0 52
 0 53
 0 54
 0 55
 0 56
 0 57
 0 58
 0 59
 0 60
 0 61
 0 62
 0 63
 0 64
 0 65
 0 66
 0 67
 0 68
 0 69
 0 70
 0 71
 0 72
 0 73
 0 74
 0 75
 0 76
 0 77
 0 78
 0 79
 0 80
 0 81
 0 82
 0 83
 0 84
 0 85
 0 86
 0 87
 0 88
 3 89
 13 90
 11 91
 68 92
 166 93
 323 94
 521 95
 574 96
 728 97
 1015 98
 1279 99
 1466 100
 1563 101
 1604 102
 1587 103
 1630 104
 1669 105
 1663 106
 1687 107
 1580 108
 1558 109
 1583 110
 1405 111
 1266 112
 1233 113
 1099 114
 1098 115
 995 116
 872 117
 819 118
 794 119
 719 120
 628 121
 592 122
 558 123
 460 124
 449 125
 407 126
 325 127
 341 128
 282 129
 281 130
 233 131
 230 132
 215 133
 161 134
 143 135
 161 136
 143 137
 116 138
 125 139
 129 140
 78 141
 84 142
 76 143
 84 144
 70 145
 61 146
 68 147
 50 148
 51 149
 52 150
 44 151
 42 152
 46 153
 27 154
 33 155
 26 156
 45 157
 22 158
 28 159
 29 160
 25 161
 26 162
 18 163
 14 164
 24 165
 11 166
 13 167
 15 168
 14 169
 11 170
 10 171
 14 172
 7 173
 9 174
 8 175
 8 176
 6 177
 7 178
 8 179
 1 180
 3 181
 6 182
 3 183
 3 184
 2 185
 2 186
 4 187
 4 188
 0 189
 2 190
 1 191
 1 192
 3 193
 0 194
 2 195
 5 196
 1 197
 3 198
 3 199
 1 200
 1 201
 0 202
 1 203
 1 204
 0 205
 2 206
 1 207
 0 208
 0 209
 0 210
 1 211
 2 212
 2 213
 0 214
 1 215
 0 216
 0 217
 0 218
 0 219
 0 220
 1 221
 0 222
 0 223
 0 224
 0 225
 0 226
 0 227
 0 228
 0 229
 0 230
 0 231
 0 232
 2 233
 0 234
 0 235
 0 236
 0 237
 0 238
 0 239
 0 240
 0 241
 1 242
 0 243
 0 244
 0 245
 0 246
 0 247
 0 248
 0 249
 0 250
 0 251
 0 252
 0 253
 0 254
 0 255
 0 256
 0 257
 0 258
 0 259
 0 260
 0 261
 0 262
 0 263
 0 264
 0 265
 0 266
 0 267
 0 268
 0 269
 0 270
 0 271
 0 272
 0 273
 0 274
 0 275
 0 276
 0 277
 0 278
 1 279
 0 280
 0 281
 0 282
 0 283
 0 284
 0 285
 0 286
 0 287
 0 288
 1 289
 0 290
 0 291
 0 292
 1 293
 0 294
 0 295
 0 296
 0 297
 0 298
 0 299
 1 300
 0 301
 0 302
 0 303
 0 304
 1 305
 3 306
 2 307
 1 308
 1 309
 0 310
 1 311
 0 312
 0 313
 0 314
 0 315
 0 316
 0 317
 1 318
 0 319
 2 320
 2 321
 2 322
 2 323
 0 324
 0 325
 1 326
 3 327
 0 328
 2 329
 1 330
 0 331
 2 332
 0 333
 3 334
 0 335
 3 336
 4 337
 0 338
 3 339
 1 340
 0 341
 1 342
 1 343
 0 344
 2 345
 1 346
 4 347
 1 348
 1 349
 2 350
 2 351
 2 352
 2 353
 2 354
 0 355
 2 356
 3 357
 0 358
 2 359
 2 360
 1 361
 1 362
 0 363
 1 364
 0 365
 1 366
 0 367
 1 368
 0 369
 0 370
 0 371
 2 372
 0 373
 1 374
 2 375
 0 376
 0 377
 1 378
 1 379
 0 380
 1 381
 1 382
 1 383
 1 384
 0 385
 0 386
 0 387
 1 388
 0 389
 0 390
 0 391
 0 392
 0 393
 0 394
 0 395
 0 396
 0 397
 1 398
 0 399
 0 400
 1 401
 0 402
 0 403
 0 404
 0 405
 0 406
 1 407
 0 408
 0 409
 0 410
 0 411
 0 412
 0 413
 0 414
 0 415
 0 416
 0 417
 0 418
 0 419
 0 420
 0 421
 0 422
 0 423
 0 424
 0 425
 0 426
 0 427
 0 428
 0 429
 0 430
 0 431
 0 432
 0 433
 0 434
 0 435
 0 436
 0 437
 0 438
 0 439
 0 440
 0 441
 0 442
 0 443
 0 444
 0 445
 0 446
 0 447
 0 448
 0 449
 0 450
 0 451
 0 452
 0 453
 0 454
 0 455
 0 456
 0 457
 0 458
 0 459
 0 460
 0 461
 0 462
 0 463
 0 464
 0 465
 0 466
 0 467
 0 468
 0 469
 0 470
 0 471
 0 472
 0 473
 0 474
 0 475
 0 476
 0 477
 0 478
 0 479
 0 480
 0 481
 0 482
 0 483
 0 484
 0 485
 0 486
 0 487
 0 488
 0 489
 0 490
 0 491
 0 492
 0 493
 0 494
 0 495
 0 496
 0 497
 0 498
 0 499
 0 500
 0 501
 0 502
 0 503
 0 504
 0 505
 0 506
 0 507
 0 508
 0 509
 0 510
 0 511
 0 512
 0 513
 0 514
 0 515
 0 516
 0 517
 0 518
 0 519
 0 520
 0 521
 0 522
 0 523
 0 524
 0 525
 0 526
 0 527
 0 528
 0 529
 0 530
 0 531
 0 532
 0 533
 0 534
 0 535
 0 536
 0 537
 0 538
 0 539
 0 540
 0 541
 0 542
 0 543
 0 544
 0 545
 0 546
 0 547
 0 548
 0 549
 0 550
 0 551
 0 552
 0 553
 0 554
 0 555
 0 556
 0 557
 0 558
 0 559
 0 560
 0 561
 0 562
 0 563
 0 564
 0 565
 0 566
 0 567
 0 568
 0 569
 0 570
 0 571
 0 572
 0 573
 0 574
 0 575
 0 576
 0 577
 0 578
 0 579
 0 580
 0 581
 0 582
 0 583
 0 584
 0 585
 0 586
 0 587
 0 588
 0 589
 0 590
 0 591
 0 592
 0 593
 0 594
 0 595
 0 596
 0 597
 0 598
 0 599
 0 600


