# Created by Octave 3.8.2, Mon Jun 22 06:05:54 2020 CEST <damian@fptrucha.inv.usc.es>
# name: hd
# type: matrix
# rows: 551
# columns: 2
 0 50
 0 51
 0 52
 0 53
 0 54
 0 55
 0 56
 0 57
 0 58
 0 59
 0 60
 0 61
 0 62
 0 63
 0 64
 0 65
 0 66
 0 67
 0 68
 0 69
 0 70
 0 71
 0 72
 0 73
 0 74
 0 75
 0 76
 0 77
 0 78
 0 79
 0 80
 0 81
 0 82
 0 83
 0 84
 0 85
 0 86
 0 87
 0 88
 0 89
 0 90
 13 91
 19 92
 81 93
 166 94
 357 95
 482 96
 602 97
 701 98
 975 99
 1262 100
 1394 101
 1494 102
 1575 103
 1459 104
 1572 105
 1458 106
 1535 107
 1384 108
 1373 109
 1297 110
 1225 111
 1152 112
 1048 113
 1030 114
 921 115
 807 116
 752 117
 657 118
 620 119
 547 120
 487 121
 431 122
 427 123
 348 124
 323 125
 303 126
 264 127
 246 128
 210 129
 200 130
 171 131
 174 132
 145 133
 136 134
 123 135
 108 136
 93 137
 90 138
 86 139
 82 140
 63 141
 71 142
 63 143
 55 144
 53 145
 62 146
 51 147
 45 148
 44 149
 53 150
 41 151
 47 152
 38 153
 29 154
 29 155
 31 156
 31 157
 35 158
 28 159
 21 160
 23 161
 25 162
 21 163
 17 164
 17 165
 19 166
 15 167
 12 168
 11 169
 13 170
 8 171
 17 172
 17 173
 9 174
 7 175
 8 176
 1 177
 3 178
 4 179
 5 180
 4 181
 5 182
 10 183
 4 184
 4 185
 3 186
 5 187
 2 188
 2 189
 2 190
 3 191
 1 192
 1 193
 2 194
 0 195
 1 196
 3 197
 1 198
 1 199
 2 200
 1 201
 1 202
 1 203
 0 204
 2 205
 0 206
 2 207
 0 208
 0 209
 1 210
 0 211
 1 212
 0 213
 0 214
 0 215
 1 216
 0 217
 0 218
 0 219
 0 220
 0 221
 0 222
 0 223
 0 224
 0 225
 0 226
 0 227
 1 228
 0 229
 1 230
 3 231
 0 232
 0 233
 1 234
 0 235
 0 236
 0 237
 0 238
 0 239
 0 240
 1 241
 0 242
 0 243
 1 244
 0 245
 0 246
 0 247
 0 248
 0 249
 0 250
 0 251
 0 252
 0 253
 0 254
 0 255
 0 256
 0 257
 0 258
 0 259
 0 260
 0 261
 0 262
 0 263
 0 264
 0 265
 0 266
 0 267
 0 268
 0 269
 0 270
 0 271
 0 272
 0 273
 0 274
 0 275
 0 276
 0 277
 0 278
 1 279
 0 280
 0 281
 0 282
 0 283
 0 284
 0 285
 0 286
 0 287
 1 288
 2 289
 0 290
 1 291
 0 292
 0 293
 1 294
 0 295
 0 296
 1 297
 0 298
 1 299
 0 300
 0 301
 1 302
 1 303
 1 304
 2 305
 0 306
 0 307
 1 308
 1 309
 3 310
 3 311
 1 312
 1 313
 2 314
 1 315
 1 316
 1 317
 1 318
 0 319
 1 320
 2 321
 1 322
 2 323
 1 324
 0 325
 1 326
 0 327
 1 328
 3 329
 2 330
 3 331
 2 332
 2 333
 0 334
 0 335
 0 336
 2 337
 3 338
 1 339
 0 340
 1 341
 2 342
 1 343
 1 344
 1 345
 1 346
 2 347
 1 348
 0 349
 3 350
 0 351
 0 352
 3 353
 1 354
 0 355
 2 356
 1 357
 0 358
 0 359
 1 360
 0 361
 2 362
 0 363
 2 364
 2 365
 0 366
 0 367
 0 368
 0 369
 3 370
 2 371
 1 372
 2 373
 1 374
 0 375
 1 376
 1 377
 0 378
 1 379
 3 380
 1 381
 0 382
 0 383
 0 384
 2 385
 0 386
 0 387
 0 388
 0 389
 1 390
 0 391
 1 392
 1 393
 0 394
 0 395
 0 396
 0 397
 0 398
 0 399
 0 400
 0 401
 0 402
 0 403
 0 404
 0 405
 0 406
 0 407
 0 408
 0 409
 0 410
 0 411
 0 412
 0 413
 0 414
 1 415
 0 416
 0 417
 0 418
 0 419
 0 420
 0 421
 0 422
 0 423
 0 424
 0 425
 0 426
 1 427
 0 428
 0 429
 0 430
 0 431
 0 432
 0 433
 0 434
 0 435
 0 436
 0 437
 0 438
 0 439
 0 440
 0 441
 0 442
 0 443
 0 444
 0 445
 0 446
 0 447
 0 448
 0 449
 0 450
 0 451
 0 452
 0 453
 0 454
 0 455
 0 456
 0 457
 0 458
 0 459
 0 460
 0 461
 0 462
 0 463
 0 464
 0 465
 0 466
 0 467
 0 468
 0 469
 0 470
 0 471
 0 472
 0 473
 0 474
 0 475
 0 476
 0 477
 0 478
 0 479
 0 480
 0 481
 0 482
 0 483
 0 484
 0 485
 0 486
 0 487
 0 488
 0 489
 0 490
 0 491
 0 492
 0 493
 0 494
 0 495
 0 496
 0 497
 0 498
 0 499
 0 500
 0 501
 0 502
 0 503
 0 504
 0 505
 0 506
 0 507
 0 508
 0 509
 0 510
 0 511
 0 512
 0 513
 0 514
 0 515
 0 516
 0 517
 0 518
 0 519
 0 520
 0 521
 0 522
 0 523
 0 524
 0 525
 0 526
 0 527
 0 528
 0 529
 0 530
 0 531
 0 532
 0 533
 0 534
 0 535
 0 536
 0 537
 0 538
 0 539
 0 540
 0 541
 0 542
 0 543
 0 544
 0 545
 0 546
 0 547
 0 548
 0 549
 0 550
 0 551
 0 552
 0 553
 0 554
 0 555
 0 556
 0 557
 0 558
 0 559
 0 560
 0 561
 0 562
 0 563
 0 564
 0 565
 0 566
 0 567
 0 568
 0 569
 0 570
 0 571
 0 572
 0 573
 0 574
 0 575
 0 576
 0 577
 0 578
 0 579
 0 580
 0 581
 0 582
 0 583
 0 584
 0 585
 0 586
 0 587
 0 588
 0 589
 0 590
 0 591
 0 592
 0 593
 0 594
 0 595
 0 596
 0 597
 0 598
 0 599
 0 600


