# Created by Octave 3.8.2, Mon Jun 22 22:28:16 2020 CEST <damian@fptrucha.inv.usc.es>
# name: hd
# type: matrix
# rows: 551
# columns: 2
 0 50
 0 51
 0 52
 0 53
 0 54
 0 55
 0 56
 0 57
 0 58
 0 59
 0 60
 0 61
 0 62
 0 63
 0 64
 0 65
 0 66
 0 67
 0 68
 0 69
 0 70
 0 71
 0 72
 0 73
 0 74
 0 75
 0 76
 0 77
 0 78
 0 79
 0 80
 0 81
 0 82
 0 83
 0 84
 0 85
 0 86
 0 87
 1 88
 0 89
 3 90
 10 91
 40 92
 110 93
 236 94
 424 95
 603 96
 743 97
 913 98
 1205 99
 1461 100
 1588 101
 1674 102
 1764 103
 1713 104
 1737 105
 1699 106
 1652 107
 1496 108
 1490 109
 1403 110
 1286 111
 1258 112
 1164 113
 1005 114
 953 115
 913 116
 800 117
 797 118
 691 119
 592 120
 562 121
 488 122
 434 123
 433 124
 356 125
 299 126
 291 127
 260 128
 230 129
 228 130
 205 131
 199 132
 170 133
 161 134
 147 135
 135 136
 132 137
 108 138
 83 139
 96 140
 84 141
 66 142
 91 143
 84 144
 74 145
 71 146
 67 147
 63 148
 38 149
 51 150
 41 151
 46 152
 36 153
 34 154
 33 155
 34 156
 34 157
 40 158
 26 159
 28 160
 25 161
 21 162
 26 163
 26 164
 20 165
 10 166
 10 167
 14 168
 16 169
 12 170
 18 171
 9 172
 12 173
 10 174
 3 175
 6 176
 11 177
 5 178
 4 179
 7 180
 5 181
 3 182
 5 183
 5 184
 6 185
 4 186
 4 187
 7 188
 4 189
 4 190
 3 191
 2 192
 2 193
 1 194
 1 195
 3 196
 3 197
 1 198
 1 199
 3 200
 1 201
 2 202
 1 203
 0 204
 2 205
 0 206
 0 207
 0 208
 1 209
 1 210
 1 211
 0 212
 1 213
 4 214
 0 215
 1 216
 0 217
 1 218
 1 219
 0 220
 1 221
 1 222
 1 223
 0 224
 0 225
 0 226
 0 227
 0 228
 0 229
 0 230
 0 231
 0 232
 0 233
 0 234
 0 235
 0 236
 1 237
 0 238
 0 239
 0 240
 0 241
 0 242
 0 243
 0 244
 0 245
 0 246
 0 247
 0 248
 0 249
 0 250
 0 251
 0 252
 0 253
 0 254
 0 255
 0 256
 0 257
 0 258
 0 259
 0 260
 0 261
 0 262
 0 263
 0 264
 0 265
 0 266
 0 267
 0 268
 0 269
 0 270
 0 271
 0 272
 0 273
 0 274
 0 275
 0 276
 0 277
 0 278
 0 279
 0 280
 0 281
 0 282
 0 283
 0 284
 0 285
 1 286
 1 287
 0 288
 0 289
 1 290
 2 291
 0 292
 0 293
 0 294
 0 295
 2 296
 0 297
 2 298
 0 299
 0 300
 1 301
 1 302
 1 303
 0 304
 1 305
 1 306
 1 307
 3 308
 0 309
 0 310
 2 311
 3 312
 1 313
 1 314
 4 315
 3 316
 1 317
 2 318
 4 319
 2 320
 1 321
 6 322
 3 323
 3 324
 1 325
 4 326
 0 327
 1 328
 2 329
 5 330
 2 331
 0 332
 1 333
 0 334
 4 335
 2 336
 3 337
 3 338
 4 339
 3 340
 1 341
 3 342
 2 343
 2 344
 1 345
 5 346
 2 347
 1 348
 0 349
 0 350
 0 351
 2 352
 0 353
 1 354
 3 355
 4 356
 2 357
 0 358
 0 359
 0 360
 2 361
 1 362
 0 363
 0 364
 1 365
 0 366
 0 367
 1 368
 0 369
 0 370
 0 371
 0 372
 0 373
 1 374
 0 375
 0 376
 1 377
 0 378
 1 379
 0 380
 0 381
 0 382
 0 383
 1 384
 0 385
 0 386
 0 387
 1 388
 0 389
 0 390
 0 391
 0 392
 5 393
 0 394
 0 395
 0 396
 0 397
 1 398
 0 399
 0 400
 0 401
 0 402
 0 403
 0 404
 0 405
 0 406
 0 407
 0 408
 0 409
 0 410
 0 411
 0 412
 0 413
 0 414
 0 415
 0 416
 1 417
 0 418
 0 419
 0 420
 0 421
 0 422
 0 423
 0 424
 0 425
 0 426
 0 427
 0 428
 0 429
 0 430
 0 431
 0 432
 0 433
 0 434
 0 435
 0 436
 0 437
 0 438
 0 439
 0 440
 0 441
 0 442
 0 443
 0 444
 0 445
 0 446
 1 447
 0 448
 0 449
 0 450
 0 451
 0 452
 0 453
 0 454
 0 455
 0 456
 0 457
 0 458
 0 459
 0 460
 0 461
 0 462
 0 463
 0 464
 0 465
 0 466
 0 467
 0 468
 0 469
 0 470
 0 471
 0 472
 0 473
 0 474
 0 475
 0 476
 0 477
 0 478
 0 479
 0 480
 0 481
 0 482
 0 483
 0 484
 0 485
 0 486
 0 487
 0 488
 0 489
 0 490
 0 491
 0 492
 0 493
 0 494
 0 495
 0 496
 0 497
 0 498
 0 499
 0 500
 0 501
 0 502
 0 503
 0 504
 0 505
 0 506
 0 507
 0 508
 0 509
 0 510
 0 511
 0 512
 0 513
 0 514
 0 515
 0 516
 0 517
 0 518
 0 519
 0 520
 0 521
 0 522
 0 523
 0 524
 0 525
 0 526
 0 527
 0 528
 0 529
 0 530
 0 531
 0 532
 0 533
 0 534
 0 535
 0 536
 0 537
 0 538
 0 539
 0 540
 0 541
 0 542
 0 543
 0 544
 0 545
 0 546
 0 547
 0 548
 0 549
 0 550
 0 551
 0 552
 0 553
 0 554
 0 555
 0 556
 0 557
 0 558
 0 559
 0 560
 0 561
 0 562
 0 563
 0 564
 0 565
 0 566
 0 567
 0 568
 0 569
 0 570
 0 571
 0 572
 0 573
 0 574
 0 575
 0 576
 0 577
 0 578
 0 579
 0 580
 0 581
 0 582
 0 583
 0 584
 0 585
 0 586
 0 587
 0 588
 0 589
 0 590
 0 591
 0 592
 0 593
 0 594
 0 595
 0 596
 0 597
 0 598
 0 599
 0 600


