# Created by Octave 3.8.2, Mon Jun 22 09:56:28 2020 CEST <damian@fptrucha.inv.usc.es>
# name: hd
# type: matrix
# rows: 551
# columns: 2
 0 50
 0 51
 0 52
 0 53
 0 54
 0 55
 0 56
 0 57
 0 58
 0 59
 0 60
 0 61
 0 62
 0 63
 0 64
 0 65
 0 66
 0 67
 0 68
 0 69
 0 70
 0 71
 0 72
 0 73
 0 74
 0 75
 0 76
 0 77
 0 78
 0 79
 0 80
 0 81
 0 82
 0 83
 0 84
 0 85
 0 86
 0 87
 0 88
 0 89
 2 90
 6 91
 30 92
 67 93
 189 94
 384 95
 484 96
 569 97
 735 98
 1010 99
 1352 100
 1454 101
 1527 102
 1613 103
 1635 104
 1603 105
 1598 106
 1592 107
 1435 108
 1314 109
 1347 110
 1252 111
 1185 112
 1032 113
 974 114
 926 115
 824 116
 833 117
 737 118
 661 119
 579 120
 520 121
 472 122
 444 123
 368 124
 345 125
 293 126
 297 127
 222 128
 224 129
 205 130
 170 131
 173 132
 129 133
 149 134
 127 135
 108 136
 112 137
 115 138
 95 139
 79 140
 78 141
 94 142
 87 143
 60 144
 66 145
 59 146
 59 147
 55 148
 53 149
 43 150
 53 151
 41 152
 39 153
 33 154
 33 155
 42 156
 34 157
 20 158
 30 159
 33 160
 20 161
 31 162
 28 163
 21 164
 17 165
 14 166
 21 167
 20 168
 17 169
 5 170
 6 171
 7 172
 9 173
 8 174
 6 175
 4 176
 6 177
 5 178
 9 179
 5 180
 4 181
 9 182
 5 183
 2 184
 7 185
 5 186
 4 187
 5 188
 4 189
 3 190
 3 191
 1 192
 2 193
 1 194
 1 195
 0 196
 1 197
 2 198
 3 199
 2 200
 3 201
 1 202
 1 203
 2 204
 0 205
 2 206
 1 207
 2 208
 0 209
 1 210
 1 211
 0 212
 0 213
 0 214
 1 215
 0 216
 0 217
 1 218
 0 219
 0 220
 1 221
 0 222
 0 223
 0 224
 0 225
 0 226
 0 227
 0 228
 0 229
 0 230
 0 231
 0 232
 0 233
 0 234
 1 235
 0 236
 0 237
 0 238
 0 239
 0 240
 1 241
 0 242
 0 243
 0 244
 0 245
 0 246
 0 247
 0 248
 0 249
 0 250
 0 251
 0 252
 0 253
 0 254
 0 255
 0 256
 0 257
 0 258
 0 259
 0 260
 0 261
 0 262
 0 263
 0 264
 0 265
 0 266
 0 267
 0 268
 1 269
 0 270
 0 271
 0 272
 0 273
 0 274
 0 275
 0 276
 0 277
 0 278
 0 279
 0 280
 0 281
 0 282
 0 283
 0 284
 0 285
 0 286
 0 287
 0 288
 0 289
 0 290
 0 291
 0 292
 1 293
 0 294
 0 295
 1 296
 0 297
 0 298
 0 299
 0 300
 1 301
 3 302
 0 303
 1 304
 0 305
 1 306
 0 307
 0 308
 3 309
 0 310
 1 311
 0 312
 0 313
 2 314
 1 315
 1 316
 0 317
 3 318
 1 319
 2 320
 0 321
 4 322
 2 323
 1 324
 2 325
 4 326
 1 327
 1 328
 1 329
 1 330
 5 331
 0 332
 1 333
 4 334
 2 335
 2 336
 1 337
 2 338
 3 339
 3 340
 1 341
 3 342
 0 343
 1 344
 0 345
 3 346
 4 347
 2 348
 2 349
 1 350
 1 351
 3 352
 2 353
 1 354
 1 355
 1 356
 0 357
 0 358
 1 359
 3 360
 2 361
 0 362
 0 363
 2 364
 0 365
 1 366
 0 367
 1 368
 0 369
 0 370
 1 371
 1 372
 0 373
 1 374
 0 375
 0 376
 0 377
 1 378
 0 379
 0 380
 1 381
 0 382
 1 383
 1 384
 0 385
 0 386
 0 387
 0 388
 0 389
 1 390
 0 391
 0 392
 0 393
 0 394
 1 395
 0 396
 0 397
 0 398
 1 399
 0 400
 0 401
 0 402
 1 403
 0 404
 0 405
 0 406
 0 407
 0 408
 0 409
 0 410
 0 411
 0 412
 0 413
 0 414
 0 415
 0 416
 0 417
 0 418
 0 419
 0 420
 0 421
 0 422
 1 423
 0 424
 0 425
 0 426
 0 427
 0 428
 0 429
 0 430
 0 431
 0 432
 1 433
 0 434
 0 435
 0 436
 0 437
 0 438
 0 439
 0 440
 0 441
 0 442
 0 443
 0 444
 0 445
 0 446
 0 447
 0 448
 0 449
 0 450
 0 451
 0 452
 0 453
 0 454
 0 455
 0 456
 0 457
 0 458
 0 459
 0 460
 0 461
 0 462
 0 463
 0 464
 0 465
 0 466
 0 467
 0 468
 0 469
 0 470
 0 471
 0 472
 0 473
 0 474
 0 475
 0 476
 0 477
 0 478
 0 479
 0 480
 0 481
 0 482
 0 483
 0 484
 0 485
 0 486
 0 487
 0 488
 0 489
 0 490
 0 491
 0 492
 0 493
 0 494
 0 495
 0 496
 0 497
 0 498
 0 499
 0 500
 0 501
 0 502
 0 503
 0 504
 0 505
 0 506
 0 507
 0 508
 0 509
 0 510
 0 511
 0 512
 0 513
 0 514
 0 515
 0 516
 0 517
 0 518
 0 519
 0 520
 0 521
 0 522
 0 523
 0 524
 0 525
 0 526
 0 527
 0 528
 0 529
 0 530
 0 531
 0 532
 0 533
 0 534
 0 535
 0 536
 0 537
 0 538
 0 539
 0 540
 0 541
 0 542
 0 543
 0 544
 0 545
 0 546
 0 547
 0 548
 0 549
 0 550
 0 551
 0 552
 0 553
 0 554
 0 555
 0 556
 0 557
 0 558
 0 559
 0 560
 0 561
 0 562
 0 563
 0 564
 0 565
 0 566
 0 567
 0 568
 0 569
 0 570
 0 571
 0 572
 0 573
 0 574
 0 575
 0 576
 0 577
 0 578
 0 579
 0 580
 0 581
 0 582
 0 583
 0 584
 0 585
 0 586
 0 587
 0 588
 0 589
 0 590
 0 591
 0 592
 0 593
 0 594
 0 595
 0 596
 0 597
 0 598
 0 599
 0 600


