# Created by Octave 3.8.2, Sun Jun 21 04:48:28 2020 CEST <damian@fptrucha.inv.usc.es>
# name: hd
# type: matrix
# rows: 551
# columns: 2
 0 50
 0 51
 0 52
 0 53
 0 54
 0 55
 0 56
 0 57
 0 58
 0 59
 0 60
 0 61
 0 62
 0 63
 0 64
 0 65
 0 66
 0 67
 0 68
 0 69
 0 70
 0 71
 0 72
 0 73
 0 74
 0 75
 0 76
 0 77
 0 78
 0 79
 0 80
 0 81
 0 82
 0 83
 0 84
 0 85
 0 86
 0 87
 0 88
 3 89
 7 90
 16 91
 50 92
 137 93
 272 94
 427 95
 519 96
 644 97
 861 98
 1060 99
 1175 100
 1249 101
 1324 102
 1388 103
 1437 104
 1402 105
 1443 106
 1368 107
 1385 108
 1315 109
 1370 110
 1207 111
 1149 112
 1097 113
 1031 114
 967 115
 916 116
 795 117
 816 118
 705 119
 653 120
 563 121
 525 122
 523 123
 432 124
 423 125
 353 126
 347 127
 291 128
 235 129
 235 130
 223 131
 226 132
 187 133
 155 134
 142 135
 126 136
 142 137
 113 138
 113 139
 96 140
 96 141
 81 142
 77 143
 71 144
 51 145
 78 146
 48 147
 50 148
 42 149
 55 150
 45 151
 33 152
 37 153
 36 154
 31 155
 32 156
 26 157
 21 158
 28 159
 33 160
 26 161
 11 162
 18 163
 12 164
 18 165
 9 166
 15 167
 13 168
 16 169
 10 170
 9 171
 6 172
 7 173
 8 174
 13 175
 5 176
 8 177
 4 178
 4 179
 10 180
 4 181
 4 182
 4 183
 5 184
 3 185
 3 186
 1 187
 2 188
 3 189
 3 190
 3 191
 3 192
 0 193
 0 194
 2 195
 3 196
 2 197
 0 198
 3 199
 0 200
 1 201
 1 202
 0 203
 0 204
 1 205
 0 206
 1 207
 1 208
 1 209
 0 210
 0 211
 0 212
 0 213
 0 214
 1 215
 0 216
 0 217
 1 218
 0 219
 1 220
 0 221
 0 222
 0 223
 0 224
 0 225
 0 226
 0 227
 0 228
 0 229
 0 230
 0 231
 0 232
 1 233
 0 234
 0 235
 0 236
 1 237
 0 238
 0 239
 0 240
 0 241
 0 242
 0 243
 0 244
 0 245
 0 246
 0 247
 0 248
 0 249
 0 250
 0 251
 0 252
 0 253
 0 254
 0 255
 0 256
 0 257
 0 258
 0 259
 0 260
 0 261
 0 262
 0 263
 0 264
 0 265
 0 266
 0 267
 0 268
 0 269
 0 270
 0 271
 0 272
 0 273
 0 274
 0 275
 1 276
 0 277
 0 278
 0 279
 0 280
 0 281
 0 282
 0 283
 0 284
 0 285
 0 286
 0 287
 0 288
 0 289
 0 290
 0 291
 0 292
 0 293
 1 294
 0 295
 0 296
 0 297
 1 298
 0 299
 0 300
 0 301
 1 302
 1 303
 1 304
 0 305
 1 306
 1 307
 2 308
 1 309
 0 310
 2 311
 1 312
 1 313
 1 314
 2 315
 2 316
 2 317
 1 318
 1 319
 1 320
 2 321
 1 322
 1 323
 3 324
 1 325
 0 326
 1 327
 1 328
 0 329
 1 330
 2 331
 1 332
 3 333
 4 334
 1 335
 0 336
 0 337
 1 338
 0 339
 2 340
 0 341
 4 342
 0 343
 1 344
 3 345
 1 346
 2 347
 1 348
 2 349
 1 350
 0 351
 1 352
 0 353
 0 354
 1 355
 0 356
 2 357
 0 358
 1 359
 0 360
 2 361
 3 362
 1 363
 0 364
 1 365
 2 366
 1 367
 0 368
 2 369
 1 370
 2 371
 1 372
 0 373
 0 374
 1 375
 2 376
 2 377
 2 378
 0 379
 0 380
 0 381
 1 382
 1 383
 1 384
 0 385
 0 386
 0 387
 0 388
 1 389
 0 390
 0 391
 1 392
 1 393
 1 394
 0 395
 0 396
 0 397
 1 398
 0 399
 2 400
 0 401
 0 402
 0 403
 1 404
 0 405
 0 406
 0 407
 0 408
 0 409
 0 410
 1 411
 0 412
 0 413
 0 414
 0 415
 0 416
 0 417
 0 418
 0 419
 0 420
 0 421
 0 422
 0 423
 0 424
 0 425
 0 426
 0 427
 0 428
 0 429
 0 430
 0 431
 0 432
 0 433
 0 434
 0 435
 0 436
 0 437
 0 438
 0 439
 0 440
 0 441
 0 442
 0 443
 0 444
 0 445
 0 446
 0 447
 0 448
 0 449
 0 450
 0 451
 0 452
 0 453
 0 454
 0 455
 0 456
 0 457
 0 458
 0 459
 0 460
 0 461
 0 462
 0 463
 0 464
 0 465
 0 466
 0 467
 0 468
 0 469
 0 470
 0 471
 0 472
 0 473
 0 474
 0 475
 0 476
 0 477
 0 478
 0 479
 0 480
 0 481
 0 482
 0 483
 0 484
 0 485
 0 486
 0 487
 0 488
 0 489
 0 490
 0 491
 0 492
 0 493
 0 494
 0 495
 0 496
 0 497
 0 498
 0 499
 0 500
 0 501
 0 502
 0 503
 0 504
 0 505
 0 506
 0 507
 0 508
 0 509
 0 510
 0 511
 0 512
 0 513
 0 514
 0 515
 0 516
 0 517
 0 518
 0 519
 0 520
 0 521
 0 522
 0 523
 0 524
 0 525
 0 526
 0 527
 0 528
 0 529
 0 530
 0 531
 0 532
 0 533
 0 534
 0 535
 0 536
 0 537
 0 538
 0 539
 0 540
 0 541
 0 542
 0 543
 0 544
 0 545
 0 546
 0 547
 0 548
 0 549
 0 550
 0 551
 0 552
 0 553
 0 554
 0 555
 0 556
 0 557
 0 558
 0 559
 0 560
 0 561
 0 562
 0 563
 0 564
 0 565
 0 566
 0 567
 0 568
 0 569
 0 570
 0 571
 0 572
 0 573
 0 574
 0 575
 0 576
 0 577
 0 578
 0 579
 0 580
 0 581
 0 582
 0 583
 0 584
 0 585
 0 586
 0 587
 0 588
 0 589
 0 590
 0 591
 0 592
 0 593
 0 594
 0 595
 0 596
 0 597
 0 598
 0 599
 0 600


