# Created by Octave 3.8.2, Mon Jun 22 05:06:43 2020 CEST <damian@fptrucha.inv.usc.es>
# name: hd
# type: matrix
# rows: 551
# columns: 2
 0 50
 0 51
 0 52
 0 53
 0 54
 0 55
 0 56
 0 57
 0 58
 0 59
 0 60
 0 61
 0 62
 0 63
 0 64
 0 65
 0 66
 0 67
 0 68
 0 69
 0 70
 0 71
 0 72
 0 73
 0 74
 0 75
 0 76
 0 77
 0 78
 0 79
 0 80
 0 81
 0 82
 0 83
 0 84
 0 85
 0 86
 0 87
 0 88
 1 89
 4 90
 6 91
 21 92
 70 93
 159 94
 344 95
 496 96
 636 97
 660 98
 943 99
 1315 100
 1365 101
 1399 102
 1469 103
 1473 104
 1457 105
 1486 106
 1445 107
 1471 108
 1290 109
 1270 110
 1193 111
 1114 112
 995 113
 942 114
 897 115
 750 116
 691 117
 640 118
 574 119
 530 120
 444 121
 433 122
 377 123
 305 124
 303 125
 282 126
 230 127
 194 128
 208 129
 165 130
 173 131
 158 132
 136 133
 134 134
 115 135
 107 136
 97 137
 82 138
 98 139
 88 140
 100 141
 68 142
 54 143
 51 144
 53 145
 46 146
 50 147
 60 148
 31 149
 41 150
 33 151
 31 152
 32 153
 24 154
 26 155
 39 156
 33 157
 20 158
 29 159
 13 160
 24 161
 15 162
 21 163
 17 164
 17 165
 17 166
 10 167
 18 168
 11 169
 13 170
 11 171
 9 172
 6 173
 7 174
 7 175
 8 176
 11 177
 8 178
 5 179
 4 180
 7 181
 3 182
 4 183
 9 184
 5 185
 3 186
 3 187
 5 188
 7 189
 3 190
 2 191
 3 192
 1 193
 1 194
 0 195
 4 196
 2 197
 2 198
 0 199
 2 200
 1 201
 2 202
 1 203
 0 204
 1 205
 0 206
 0 207
 0 208
 0 209
 0 210
 0 211
 0 212
 1 213
 1 214
 0 215
 0 216
 0 217
 0 218
 0 219
 0 220
 0 221
 0 222
 0 223
 0 224
 0 225
 0 226
 0 227
 0 228
 0 229
 0 230
 0 231
 0 232
 0 233
 1 234
 0 235
 0 236
 1 237
 0 238
 1 239
 0 240
 0 241
 1 242
 0 243
 0 244
 0 245
 0 246
 0 247
 0 248
 0 249
 0 250
 0 251
 0 252
 0 253
 0 254
 0 255
 0 256
 0 257
 0 258
 0 259
 0 260
 0 261
 0 262
 0 263
 0 264
 0 265
 0 266
 0 267
 0 268
 0 269
 0 270
 0 271
 0 272
 0 273
 0 274
 0 275
 0 276
 1 277
 0 278
 0 279
 0 280
 0 281
 0 282
 0 283
 0 284
 0 285
 0 286
 1 287
 0 288
 0 289
 0 290
 0 291
 0 292
 0 293
 0 294
 0 295
 0 296
 0 297
 1 298
 0 299
 3 300
 0 301
 1 302
 0 303
 1 304
 0 305
 0 306
 0 307
 0 308
 0 309
 0 310
 1 311
 3 312
 2 313
 3 314
 0 315
 0 316
 2 317
 0 318
 2 319
 0 320
 2 321
 1 322
 0 323
 2 324
 2 325
 1 326
 0 327
 1 328
 1 329
 1 330
 2 331
 0 332
 0 333
 2 334
 1 335
 0 336
 2 337
 1 338
 1 339
 5 340
 1 341
 4 342
 4 343
 4 344
 0 345
 2 346
 1 347
 2 348
 0 349
 2 350
 0 351
 1 352
 3 353
 1 354
 3 355
 0 356
 2 357
 0 358
 3 359
 1 360
 2 361
 0 362
 0 363
 2 364
 1 365
 1 366
 0 367
 2 368
 0 369
 0 370
 1 371
 2 372
 0 373
 2 374
 1 375
 1 376
 0 377
 1 378
 0 379
 0 380
 0 381
 2 382
 0 383
 0 384
 1 385
 2 386
 1 387
 1 388
 0 389
 0 390
 1 391
 0 392
 0 393
 1 394
 0 395
 0 396
 0 397
 0 398
 1 399
 0 400
 0 401
 0 402
 0 403
 0 404
 0 405
 0 406
 1 407
 0 408
 0 409
 0 410
 0 411
 0 412
 0 413
 0 414
 0 415
 0 416
 0 417
 0 418
 0 419
 1 420
 0 421
 0 422
 0 423
 0 424
 0 425
 0 426
 0 427
 0 428
 0 429
 0 430
 0 431
 0 432
 0 433
 0 434
 0 435
 0 436
 0 437
 0 438
 0 439
 0 440
 0 441
 0 442
 0 443
 0 444
 0 445
 0 446
 0 447
 0 448
 0 449
 0 450
 0 451
 0 452
 0 453
 0 454
 0 455
 0 456
 0 457
 0 458
 0 459
 0 460
 0 461
 0 462
 0 463
 0 464
 0 465
 0 466
 0 467
 0 468
 0 469
 0 470
 0 471
 0 472
 0 473
 0 474
 0 475
 0 476
 0 477
 0 478
 0 479
 0 480
 0 481
 0 482
 0 483
 0 484
 0 485
 0 486
 0 487
 0 488
 0 489
 0 490
 0 491
 0 492
 0 493
 0 494
 0 495
 0 496
 0 497
 0 498
 0 499
 0 500
 0 501
 0 502
 0 503
 0 504
 0 505
 0 506
 0 507
 0 508
 0 509
 0 510
 0 511
 0 512
 0 513
 0 514
 0 515
 0 516
 0 517
 0 518
 0 519
 0 520
 0 521
 0 522
 0 523
 0 524
 0 525
 0 526
 0 527
 0 528
 0 529
 0 530
 0 531
 0 532
 0 533
 0 534
 0 535
 0 536
 0 537
 0 538
 0 539
 0 540
 0 541
 0 542
 0 543
 0 544
 0 545
 0 546
 0 547
 0 548
 0 549
 0 550
 0 551
 0 552
 0 553
 0 554
 0 555
 0 556
 0 557
 0 558
 0 559
 0 560
 0 561
 0 562
 0 563
 0 564
 0 565
 0 566
 0 567
 0 568
 0 569
 0 570
 0 571
 0 572
 0 573
 0 574
 0 575
 0 576
 0 577
 0 578
 0 579
 0 580
 0 581
 0 582
 0 583
 0 584
 0 585
 0 586
 0 587
 0 588
 0 589
 0 590
 0 591
 0 592
 0 593
 0 594
 0 595
 0 596
 0 597
 0 598
 0 599
 0 600


