# Created by Octave 3.8.2, Sat Jun 20 11:58:24 2020 CEST <damian@fptrucha.inv.usc.es>
# name: hd
# type: matrix
# rows: 551
# columns: 2
 0 50
 0 51
 0 52
 0 53
 0 54
 0 55
 0 56
 0 57
 0 58
 0 59
 0 60
 0 61
 0 62
 0 63
 0 64
 0 65
 0 66
 0 67
 0 68
 0 69
 0 70
 0 71
 0 72
 0 73
 0 74
 0 75
 0 76
 0 77
 0 78
 0 79
 0 80
 0 81
 0 82
 0 83
 0 84
 0 85
 0 86
 0 87
 0 88
 1 89
 11 90
 8 91
 67 92
 143 93
 314 94
 468 95
 550 96
 716 97
 966 98
 1255 99
 1388 100
 1439 101
 1533 102
 1520 103
 1601 104
 1673 105
 1528 106
 1593 107
 1498 108
 1419 109
 1475 110
 1370 111
 1287 112
 1215 113
 1116 114
 1109 115
 996 116
 878 117
 815 118
 732 119
 719 120
 625 121
 582 122
 486 123
 516 124
 411 125
 410 126
 359 127
 310 128
 291 129
 261 130
 209 131
 191 132
 180 133
 198 134
 180 135
 153 136
 134 137
 115 138
 103 139
 109 140
 96 141
 93 142
 79 143
 72 144
 61 145
 58 146
 74 147
 60 148
 51 149
 46 150
 43 151
 57 152
 43 153
 27 154
 35 155
 35 156
 36 157
 45 158
 37 159
 33 160
 28 161
 21 162
 23 163
 11 164
 24 165
 29 166
 20 167
 13 168
 22 169
 9 170
 14 171
 7 172
 11 173
 6 174
 13 175
 1 176
 6 177
 8 178
 4 179
 7 180
 8 181
 5 182
 1 183
 6 184
 5 185
 2 186
 1 187
 2 188
 0 189
 2 190
 4 191
 2 192
 4 193
 1 194
 0 195
 1 196
 4 197
 1 198
 1 199
 1 200
 1 201
 1 202
 1 203
 0 204
 0 205
 1 206
 2 207
 3 208
 1 209
 0 210
 0 211
 3 212
 0 213
 0 214
 0 215
 0 216
 0 217
 0 218
 1 219
 0 220
 0 221
 1 222
 0 223
 0 224
 1 225
 0 226
 0 227
 0 228
 0 229
 0 230
 0 231
 0 232
 0 233
 0 234
 0 235
 0 236
 1 237
 0 238
 0 239
 0 240
 0 241
 0 242
 0 243
 0 244
 0 245
 0 246
 0 247
 0 248
 0 249
 0 250
 0 251
 0 252
 0 253
 0 254
 0 255
 0 256
 0 257
 0 258
 0 259
 0 260
 0 261
 0 262
 0 263
 0 264
 0 265
 0 266
 0 267
 0 268
 0 269
 0 270
 0 271
 0 272
 0 273
 0 274
 0 275
 0 276
 0 277
 0 278
 0 279
 0 280
 0 281
 0 282
 0 283
 0 284
 0 285
 0 286
 0 287
 0 288
 0 289
 0 290
 0 291
 1 292
 0 293
 0 294
 0 295
 0 296
 2 297
 2 298
 1 299
 0 300
 0 301
 1 302
 0 303
 0 304
 2 305
 1 306
 2 307
 2 308
 1 309
 1 310
 0 311
 1 312
 0 313
 1 314
 1 315
 0 316
 1 317
 0 318
 5 319
 1 320
 3 321
 2 322
 2 323
 2 324
 3 325
 0 326
 1 327
 4 328
 0 329
 1 330
 2 331
 0 332
 0 333
 2 334
 1 335
 1 336
 0 337
 2 338
 0 339
 2 340
 2 341
 1 342
 1 343
 2 344
 2 345
 1 346
 2 347
 2 348
 0 349
 3 350
 3 351
 2 352
 0 353
 1 354
 1 355
 2 356
 0 357
 2 358
 2 359
 2 360
 2 361
 3 362
 0 363
 1 364
 1 365
 0 366
 2 367
 2 368
 1 369
 1 370
 1 371
 0 372
 0 373
 2 374
 0 375
 1 376
 0 377
 2 378
 0 379
 1 380
 0 381
 2 382
 1 383
 1 384
 0 385
 0 386
 0 387
 0 388
 0 389
 2 390
 0 391
 0 392
 0 393
 1 394
 0 395
 0 396
 1 397
 0 398
 0 399
 0 400
 0 401
 2 402
 0 403
 0 404
 1 405
 0 406
 0 407
 0 408
 0 409
 1 410
 0 411
 0 412
 0 413
 1 414
 0 415
 0 416
 0 417
 0 418
 0 419
 0 420
 0 421
 0 422
 0 423
 0 424
 0 425
 0 426
 0 427
 0 428
 0 429
 0 430
 0 431
 0 432
 0 433
 0 434
 0 435
 0 436
 0 437
 0 438
 0 439
 0 440
 0 441
 0 442
 0 443
 0 444
 0 445
 0 446
 0 447
 0 448
 0 449
 0 450
 0 451
 0 452
 0 453
 0 454
 0 455
 0 456
 0 457
 0 458
 0 459
 0 460
 0 461
 0 462
 0 463
 0 464
 0 465
 0 466
 0 467
 0 468
 0 469
 0 470
 0 471
 0 472
 0 473
 0 474
 0 475
 0 476
 0 477
 0 478
 0 479
 0 480
 0 481
 0 482
 0 483
 0 484
 0 485
 0 486
 0 487
 0 488
 0 489
 0 490
 0 491
 0 492
 0 493
 0 494
 0 495
 0 496
 0 497
 0 498
 0 499
 0 500
 0 501
 0 502
 0 503
 0 504
 0 505
 0 506
 0 507
 0 508
 0 509
 0 510
 0 511
 0 512
 0 513
 0 514
 0 515
 0 516
 0 517
 0 518
 0 519
 0 520
 0 521
 0 522
 0 523
 0 524
 0 525
 0 526
 0 527
 0 528
 0 529
 0 530
 0 531
 0 532
 0 533
 0 534
 0 535
 0 536
 0 537
 0 538
 0 539
 0 540
 0 541
 0 542
 0 543
 0 544
 0 545
 0 546
 0 547
 0 548
 0 549
 0 550
 0 551
 0 552
 0 553
 0 554
 0 555
 0 556
 0 557
 0 558
 0 559
 0 560
 0 561
 0 562
 0 563
 0 564
 0 565
 0 566
 0 567
 0 568
 0 569
 0 570
 0 571
 0 572
 0 573
 0 574
 0 575
 0 576
 0 577
 0 578
 0 579
 0 580
 0 581
 0 582
 0 583
 0 584
 0 585
 0 586
 0 587
 0 588
 0 589
 0 590
 0 591
 0 592
 0 593
 0 594
 0 595
 0 596
 0 597
 0 598
 0 599
 0 600


