# Created by Octave 3.8.2, Mon Jun 22 01:49:49 2020 CEST <damian@fptrucha.inv.usc.es>
# name: hd
# type: matrix
# rows: 551
# columns: 2
 0 50
 0 51
 0 52
 0 53
 0 54
 0 55
 0 56
 0 57
 0 58
 0 59
 0 60
 0 61
 0 62
 0 63
 0 64
 0 65
 0 66
 0 67
 0 68
 0 69
 0 70
 0 71
 0 72
 0 73
 0 74
 0 75
 0 76
 0 77
 0 78
 0 79
 0 80
 0 81
 0 82
 0 83
 0 84
 0 85
 0 86
 0 87
 0 88
 0 89
 0 90
 14 91
 30 92
 66 93
 187 94
 339 95
 467 96
 602 97
 800 98
 979 99
 1281 100
 1408 101
 1510 102
 1541 103
 1594 104
 1593 105
 1647 106
 1597 107
 1626 108
 1511 109
 1494 110
 1326 111
 1263 112
 1159 113
 1078 114
 1001 115
 906 116
 806 117
 803 118
 700 119
 635 120
 604 121
 510 122
 454 123
 403 124
 377 125
 340 126
 311 127
 261 128
 247 129
 213 130
 206 131
 169 132
 153 133
 148 134
 122 135
 98 136
 109 137
 109 138
 90 139
 95 140
 59 141
 79 142
 65 143
 63 144
 72 145
 49 146
 50 147
 55 148
 41 149
 45 150
 40 151
 35 152
 30 153
 29 154
 28 155
 29 156
 23 157
 21 158
 19 159
 22 160
 16 161
 26 162
 24 163
 14 164
 12 165
 18 166
 11 167
 9 168
 11 169
 14 170
 4 171
 4 172
 5 173
 6 174
 13 175
 8 176
 3 177
 5 178
 5 179
 7 180
 2 181
 2 182
 0 183
 3 184
 4 185
 3 186
 3 187
 2 188
 2 189
 1 190
 2 191
 0 192
 2 193
 2 194
 3 195
 2 196
 0 197
 3 198
 0 199
 0 200
 2 201
 0 202
 0 203
 1 204
 1 205
 0 206
 0 207
 0 208
 0 209
 0 210
 1 211
 0 212
 1 213
 0 214
 0 215
 1 216
 0 217
 0 218
 0 219
 0 220
 0 221
 0 222
 0 223
 0 224
 1 225
 0 226
 0 227
 0 228
 0 229
 0 230
 0 231
 0 232
 0 233
 0 234
 0 235
 0 236
 0 237
 0 238
 0 239
 0 240
 0 241
 0 242
 0 243
 0 244
 0 245
 0 246
 0 247
 0 248
 0 249
 0 250
 0 251
 0 252
 0 253
 0 254
 0 255
 0 256
 1 257
 0 258
 0 259
 0 260
 0 261
 1 262
 0 263
 0 264
 0 265
 0 266
 0 267
 0 268
 0 269
 0 270
 0 271
 0 272
 0 273
 0 274
 0 275
 0 276
 0 277
 0 278
 0 279
 0 280
 0 281
 0 282
 0 283
 0 284
 0 285
 0 286
 0 287
 0 288
 0 289
 1 290
 0 291
 0 292
 0 293
 0 294
 1 295
 0 296
 0 297
 0 298
 0 299
 0 300
 0 301
 1 302
 0 303
 0 304
 1 305
 2 306
 1 307
 1 308
 1 309
 0 310
 0 311
 0 312
 0 313
 1 314
 0 315
 1 316
 1 317
 0 318
 2 319
 0 320
 0 321
 0 322
 2 323
 0 324
 1 325
 2 326
 3 327
 1 328
 1 329
 2 330
 1 331
 2 332
 0 333
 1 334
 2 335
 1 336
 3 337
 0 338
 0 339
 1 340
 2 341
 0 342
 0 343
 1 344
 0 345
 1 346
 0 347
 0 348
 0 349
 3 350
 2 351
 3 352
 1 353
 1 354
 1 355
 0 356
 0 357
 1 358
 1 359
 1 360
 0 361
 0 362
 1 363
 2 364
 0 365
 3 366
 2 367
 2 368
 1 369
 1 370
 0 371
 0 372
 0 373
 0 374
 1 375
 0 376
 0 377
 0 378
 0 379
 0 380
 0 381
 0 382
 0 383
 2 384
 0 385
 0 386
 0 387
 0 388
 0 389
 0 390
 0 391
 0 392
 0 393
 0 394
 0 395
 0 396
 0 397
 1 398
 0 399
 0 400
 0 401
 0 402
 0 403
 0 404
 0 405
 0 406
 0 407
 1 408
 0 409
 0 410
 0 411
 0 412
 0 413
 0 414
 0 415
 0 416
 0 417
 0 418
 0 419
 0 420
 0 421
 0 422
 0 423
 0 424
 0 425
 0 426
 0 427
 0 428
 0 429
 0 430
 0 431
 0 432
 0 433
 0 434
 0 435
 0 436
 0 437
 0 438
 0 439
 0 440
 0 441
 0 442
 0 443
 0 444
 0 445
 0 446
 0 447
 0 448
 0 449
 0 450
 0 451
 0 452
 0 453
 0 454
 0 455
 0 456
 0 457
 0 458
 0 459
 0 460
 0 461
 0 462
 0 463
 0 464
 0 465
 0 466
 0 467
 0 468
 0 469
 0 470
 0 471
 0 472
 0 473
 0 474
 0 475
 0 476
 0 477
 0 478
 0 479
 0 480
 0 481
 0 482
 0 483
 0 484
 0 485
 0 486
 0 487
 0 488
 0 489
 0 490
 0 491
 0 492
 0 493
 0 494
 0 495
 0 496
 0 497
 0 498
 0 499
 0 500
 0 501
 0 502
 0 503
 0 504
 0 505
 0 506
 0 507
 0 508
 0 509
 0 510
 0 511
 0 512
 0 513
 0 514
 0 515
 0 516
 0 517
 0 518
 0 519
 0 520
 0 521
 0 522
 0 523
 0 524
 0 525
 0 526
 0 527
 0 528
 0 529
 0 530
 0 531
 0 532
 0 533
 0 534
 0 535
 0 536
 0 537
 0 538
 0 539
 0 540
 0 541
 0 542
 0 543
 0 544
 0 545
 0 546
 0 547
 0 548
 0 549
 0 550
 0 551
 0 552
 0 553
 0 554
 0 555
 0 556
 0 557
 0 558
 0 559
 0 560
 0 561
 0 562
 0 563
 0 564
 0 565
 0 566
 0 567
 0 568
 0 569
 0 570
 0 571
 0 572
 0 573
 0 574
 0 575
 0 576
 0 577
 0 578
 0 579
 0 580
 0 581
 0 582
 0 583
 0 584
 0 585
 0 586
 0 587
 0 588
 0 589
 0 590
 0 591
 0 592
 0 593
 0 594
 0 595
 0 596
 0 597
 0 598
 0 599
 0 600


