# Created by Octave 3.8.2, Mon Jun 22 12:05:40 2020 CEST <damian@fptrucha.inv.usc.es>
# name: hd
# type: matrix
# rows: 551
# columns: 2
 0 50
 0 51
 0 52
 0 53
 0 54
 0 55
 0 56
 0 57
 0 58
 0 59
 0 60
 0 61
 0 62
 0 63
 0 64
 0 65
 0 66
 0 67
 0 68
 0 69
 0 70
 0 71
 0 72
 0 73
 0 74
 0 75
 0 76
 0 77
 0 78
 0 79
 0 80
 0 81
 0 82
 0 83
 0 84
 0 85
 0 86
 0 87
 0 88
 0 89
 3 90
 6 91
 23 92
 73 93
 206 94
 417 95
 547 96
 667 97
 786 98
 1076 99
 1342 100
 1487 101
 1520 102
 1530 103
 1601 104
 1536 105
 1478 106
 1496 107
 1491 108
 1383 109
 1373 110
 1281 111
 1189 112
 1115 113
 987 114
 938 115
 827 116
 791 117
 641 118
 650 119
 575 120
 587 121
 472 122
 397 123
 416 124
 334 125
 267 126
 306 127
 240 128
 222 129
 212 130
 191 131
 180 132
 123 133
 142 134
 141 135
 135 136
 132 137
 97 138
 106 139
 106 140
 83 141
 79 142
 70 143
 48 144
 76 145
 57 146
 69 147
 61 148
 49 149
 38 150
 48 151
 39 152
 40 153
 36 154
 31 155
 29 156
 39 157
 25 158
 21 159
 26 160
 25 161
 25 162
 19 163
 24 164
 21 165
 17 166
 15 167
 13 168
 12 169
 10 170
 17 171
 9 172
 9 173
 10 174
 15 175
 4 176
 5 177
 8 178
 4 179
 7 180
 5 181
 1 182
 3 183
 3 184
 1 185
 7 186
 2 187
 4 188
 3 189
 3 190
 2 191
 4 192
 3 193
 2 194
 2 195
 2 196
 2 197
 2 198
 3 199
 1 200
 0 201
 2 202
 0 203
 0 204
 1 205
 2 206
 1 207
 1 208
 1 209
 1 210
 0 211
 0 212
 0 213
 0 214
 1 215
 0 216
 1 217
 1 218
 0 219
 1 220
 1 221
 0 222
 0 223
 1 224
 0 225
 1 226
 0 227
 0 228
 0 229
 1 230
 0 231
 0 232
 0 233
 0 234
 0 235
 0 236
 0 237
 1 238
 0 239
 0 240
 0 241
 0 242
 0 243
 0 244
 0 245
 0 246
 0 247
 0 248
 0 249
 0 250
 0 251
 0 252
 0 253
 0 254
 0 255
 0 256
 0 257
 0 258
 0 259
 0 260
 0 261
 0 262
 0 263
 0 264
 0 265
 0 266
 0 267
 0 268
 0 269
 0 270
 0 271
 0 272
 0 273
 0 274
 0 275
 0 276
 0 277
 0 278
 0 279
 1 280
 0 281
 0 282
 0 283
 0 284
 0 285
 0 286
 0 287
 0 288
 0 289
 0 290
 0 291
 0 292
 0 293
 0 294
 1 295
 1 296
 1 297
 2 298
 0 299
 0 300
 0 301
 0 302
 2 303
 0 304
 1 305
 1 306
 0 307
 0 308
 1 309
 0 310
 1 311
 0 312
 1 313
 0 314
 3 315
 1 316
 2 317
 0 318
 1 319
 5 320
 2 321
 2 322
 0 323
 1 324
 1 325
 2 326
 0 327
 2 328
 1 329
 1 330
 4 331
 2 332
 2 333
 2 334
 2 335
 2 336
 1 337
 1 338
 3 339
 1 340
 0 341
 5 342
 2 343
 1 344
 2 345
 3 346
 1 347
 2 348
 2 349
 4 350
 3 351
 2 352
 0 353
 0 354
 1 355
 1 356
 1 357
 2 358
 2 359
 2 360
 0 361
 2 362
 1 363
 4 364
 1 365
 1 366
 2 367
 1 368
 0 369
 1 370
 0 371
 0 372
 0 373
 0 374
 0 375
 1 376
 0 377
 1 378
 0 379
 1 380
 0 381
 1 382
 0 383
 0 384
 0 385
 1 386
 1 387
 0 388
 0 389
 0 390
 0 391
 0 392
 0 393
 1 394
 1 395
 0 396
 0 397
 0 398
 0 399
 0 400
 1 401
 0 402
 0 403
 0 404
 0 405
 0 406
 0 407
 1 408
 1 409
 0 410
 0 411
 0 412
 1 413
 0 414
 0 415
 0 416
 0 417
 0 418
 0 419
 0 420
 0 421
 0 422
 0 423
 0 424
 0 425
 0 426
 0 427
 0 428
 0 429
 0 430
 0 431
 0 432
 0 433
 0 434
 0 435
 0 436
 0 437
 0 438
 0 439
 0 440
 0 441
 0 442
 0 443
 0 444
 0 445
 0 446
 0 447
 0 448
 0 449
 0 450
 0 451
 0 452
 0 453
 0 454
 0 455
 0 456
 0 457
 0 458
 0 459
 0 460
 0 461
 0 462
 0 463
 0 464
 0 465
 0 466
 0 467
 0 468
 0 469
 0 470
 0 471
 0 472
 0 473
 0 474
 0 475
 0 476
 0 477
 0 478
 0 479
 0 480
 0 481
 0 482
 0 483
 0 484
 0 485
 0 486
 0 487
 0 488
 0 489
 0 490
 0 491
 0 492
 0 493
 0 494
 0 495
 0 496
 0 497
 0 498
 0 499
 0 500
 0 501
 0 502
 0 503
 0 504
 0 505
 0 506
 0 507
 0 508
 0 509
 0 510
 0 511
 0 512
 0 513
 0 514
 0 515
 0 516
 0 517
 0 518
 0 519
 0 520
 0 521
 0 522
 0 523
 0 524
 0 525
 0 526
 0 527
 0 528
 0 529
 0 530
 0 531
 0 532
 0 533
 0 534
 0 535
 0 536
 0 537
 0 538
 0 539
 0 540
 0 541
 0 542
 0 543
 0 544
 0 545
 0 546
 0 547
 0 548
 0 549
 0 550
 0 551
 0 552
 0 553
 0 554
 0 555
 0 556
 0 557
 0 558
 0 559
 0 560
 0 561
 0 562
 0 563
 0 564
 0 565
 0 566
 0 567
 0 568
 0 569
 0 570
 0 571
 0 572
 0 573
 0 574
 0 575
 0 576
 0 577
 0 578
 0 579
 0 580
 0 581
 0 582
 0 583
 0 584
 0 585
 0 586
 0 587
 0 588
 0 589
 0 590
 0 591
 0 592
 0 593
 0 594
 0 595
 0 596
 0 597
 0 598
 0 599
 0 600


