# Created by Octave 3.8.2, Mon Jun 22 14:06:46 2020 CEST <damian@fptrucha.inv.usc.es>
# name: hd
# type: matrix
# rows: 551
# columns: 2
 0 50
 0 51
 0 52
 0 53
 0 54
 0 55
 0 56
 0 57
 0 58
 0 59
 0 60
 0 61
 0 62
 0 63
 0 64
 0 65
 0 66
 0 67
 0 68
 0 69
 0 70
 0 71
 0 72
 0 73
 0 74
 0 75
 0 76
 0 77
 0 78
 0 79
 0 80
 0 81
 0 82
 0 83
 0 84
 0 85
 0 86
 0 87
 0 88
 0 89
 7 90
 12 91
 25 92
 80 93
 190 94
 404 95
 562 96
 658 97
 825 98
 1138 99
 1469 100
 1572 101
 1577 102
 1671 103
 1715 104
 1700 105
 1594 106
 1615 107
 1517 108
 1416 109
 1331 110
 1323 111
 1164 112
 1071 113
 995 114
 932 115
 788 116
 733 117
 701 118
 624 119
 546 120
 495 121
 454 122
 384 123
 334 124
 337 125
 297 126
 258 127
 204 128
 206 129
 174 130
 184 131
 176 132
 159 133
 130 134
 101 135
 124 136
 100 137
 103 138
 86 139
 90 140
 83 141
 70 142
 68 143
 76 144
 71 145
 59 146
 49 147
 55 148
 40 149
 39 150
 35 151
 40 152
 41 153
 40 154
 33 155
 27 156
 34 157
 30 158
 28 159
 24 160
 20 161
 16 162
 19 163
 23 164
 17 165
 16 166
 13 167
 13 168
 15 169
 8 170
 4 171
 6 172
 6 173
 15 174
 8 175
 12 176
 9 177
 5 178
 6 179
 5 180
 9 181
 3 182
 6 183
 8 184
 4 185
 5 186
 4 187
 5 188
 4 189
 4 190
 1 191
 4 192
 2 193
 1 194
 1 195
 3 196
 1 197
 0 198
 2 199
 2 200
 3 201
 1 202
 2 203
 2 204
 3 205
 0 206
 2 207
 1 208
 1 209
 0 210
 0 211
 0 212
 2 213
 0 214
 0 215
 1 216
 0 217
 1 218
 0 219
 0 220
 1 221
 0 222
 1 223
 0 224
 0 225
 0 226
 0 227
 0 228
 0 229
 0 230
 0 231
 0 232
 0 233
 0 234
 0 235
 1 236
 1 237
 0 238
 0 239
 0 240
 0 241
 0 242
 0 243
 0 244
 0 245
 0 246
 0 247
 0 248
 0 249
 0 250
 0 251
 0 252
 0 253
 0 254
 0 255
 0 256
 0 257
 0 258
 0 259
 0 260
 0 261
 0 262
 0 263
 0 264
 0 265
 0 266
 0 267
 0 268
 0 269
 0 270
 0 271
 0 272
 0 273
 0 274
 0 275
 0 276
 0 277
 0 278
 0 279
 0 280
 0 281
 0 282
 0 283
 0 284
 0 285
 0 286
 0 287
 0 288
 0 289
 0 290
 0 291
 0 292
 0 293
 1 294
 0 295
 1 296
 0 297
 1 298
 0 299
 1 300
 1 301
 0 302
 0 303
 0 304
 1 305
 0 306
 0 307
 2 308
 2 309
 1 310
 0 311
 0 312
 3 313
 1 314
 1 315
 1 316
 1 317
 2 318
 3 319
 2 320
 1 321
 1 322
 1 323
 0 324
 0 325
 1 326
 2 327
 1 328
 3 329
 0 330
 4 331
 2 332
 0 333
 1 334
 1 335
 1 336
 1 337
 0 338
 0 339
 6 340
 1 341
 4 342
 2 343
 0 344
 2 345
 1 346
 3 347
 2 348
 0 349
 0 350
 3 351
 3 352
 0 353
 2 354
 2 355
 3 356
 5 357
 1 358
 0 359
 2 360
 0 361
 0 362
 0 363
 1 364
 1 365
 1 366
 1 367
 2 368
 1 369
 0 370
 0 371
 1 372
 1 373
 1 374
 0 375
 0 376
 0 377
 1 378
 0 379
 0 380
 0 381
 1 382
 0 383
 0 384
 0 385
 0 386
 0 387
 0 388
 0 389
 0 390
 0 391
 0 392
 0 393
 2 394
 0 395
 0 396
 0 397
 0 398
 1 399
 0 400
 0 401
 0 402
 0 403
 0 404
 0 405
 0 406
 0 407
 0 408
 0 409
 0 410
 0 411
 0 412
 0 413
 0 414
 0 415
 0 416
 0 417
 0 418
 1 419
 0 420
 0 421
 0 422
 0 423
 0 424
 0 425
 0 426
 0 427
 0 428
 0 429
 0 430
 0 431
 0 432
 0 433
 0 434
 0 435
 0 436
 0 437
 0 438
 0 439
 0 440
 0 441
 0 442
 0 443
 0 444
 0 445
 0 446
 0 447
 0 448
 0 449
 0 450
 0 451
 0 452
 0 453
 0 454
 0 455
 0 456
 0 457
 0 458
 0 459
 0 460
 0 461
 0 462
 0 463
 0 464
 0 465
 0 466
 0 467
 0 468
 0 469
 0 470
 0 471
 0 472
 0 473
 0 474
 0 475
 0 476
 0 477
 0 478
 0 479
 0 480
 0 481
 0 482
 0 483
 0 484
 0 485
 0 486
 0 487
 0 488
 0 489
 0 490
 0 491
 0 492
 0 493
 0 494
 0 495
 0 496
 0 497
 0 498
 0 499
 0 500
 0 501
 0 502
 0 503
 0 504
 0 505
 0 506
 0 507
 0 508
 0 509
 0 510
 0 511
 0 512
 0 513
 0 514
 0 515
 0 516
 0 517
 0 518
 0 519
 0 520
 0 521
 0 522
 0 523
 0 524
 0 525
 0 526
 0 527
 0 528
 0 529
 0 530
 0 531
 0 532
 0 533
 0 534
 0 535
 0 536
 0 537
 0 538
 0 539
 0 540
 0 541
 0 542
 0 543
 0 544
 0 545
 0 546
 0 547
 0 548
 0 549
 0 550
 0 551
 0 552
 0 553
 0 554
 0 555
 0 556
 0 557
 0 558
 0 559
 0 560
 0 561
 0 562
 0 563
 0 564
 0 565
 0 566
 0 567
 0 568
 0 569
 0 570
 0 571
 0 572
 0 573
 0 574
 0 575
 0 576
 0 577
 0 578
 0 579
 0 580
 0 581
 0 582
 0 583
 0 584
 0 585
 0 586
 0 587
 0 588
 0 589
 0 590
 0 591
 0 592
 0 593
 0 594
 0 595
 0 596
 0 597
 0 598
 0 599
 0 600


