# Created by Octave 3.8.2, Tue Jun 23 00:48:35 2020 CEST <damian@fptrucha.inv.usc.es>
# name: hd
# type: matrix
# rows: 551
# columns: 2
 0 50
 0 51
 0 52
 0 53
 0 54
 0 55
 0 56
 0 57
 0 58
 0 59
 0 60
 0 61
 0 62
 0 63
 0 64
 0 65
 0 66
 0 67
 0 68
 0 69
 0 70
 0 71
 0 72
 0 73
 0 74
 0 75
 0 76
 0 77
 0 78
 0 79
 0 80
 0 81
 0 82
 0 83
 0 84
 0 85
 0 86
 0 87
 0 88
 1 89
 3 90
 9 91
 31 92
 78 93
 182 94
 302 95
 374 96
 485 97
 579 98
 825 99
 913 100
 1060 101
 1004 102
 1109 103
 1071 104
 1115 105
 1014 106
 1044 107
 1064 108
 988 109
 974 110
 886 111
 833 112
 770 113
 699 114
 681 115
 596 116
 534 117
 488 118
 438 119
 435 120
 395 121
 332 122
 321 123
 283 124
 235 125
 235 126
 170 127
 211 128
 154 129
 159 130
 131 131
 126 132
 113 133
 101 134
 120 135
 111 136
 86 137
 93 138
 70 139
 64 140
 45 141
 52 142
 50 143
 40 144
 43 145
 64 146
 33 147
 41 148
 41 149
 33 150
 38 151
 26 152
 25 153
 23 154
 29 155
 24 156
 24 157
 15 158
 21 159
 12 160
 8 161
 11 162
 21 163
 7 164
 7 165
 5 166
 9 167
 12 168
 7 169
 7 170
 12 171
 9 172
 7 173
 3 174
 6 175
 5 176
 6 177
 3 178
 3 179
 4 180
 4 181
 3 182
 6 183
 3 184
 2 185
 3 186
 2 187
 1 188
 0 189
 2 190
 1 191
 2 192
 1 193
 3 194
 0 195
 2 196
 3 197
 1 198
 0 199
 1 200
 1 201
 0 202
 0 203
 0 204
 0 205
 0 206
 0 207
 0 208
 0 209
 0 210
 0 211
 1 212
 0 213
 0 214
 0 215
 0 216
 0 217
 1 218
 0 219
 0 220
 0 221
 0 222
 0 223
 0 224
 0 225
 0 226
 0 227
 0 228
 0 229
 0 230
 0 231
 0 232
 0 233
 0 234
 0 235
 0 236
 0 237
 0 238
 0 239
 0 240
 0 241
 0 242
 0 243
 0 244
 0 245
 0 246
 0 247
 0 248
 0 249
 0 250
 0 251
 0 252
 0 253
 0 254
 0 255
 0 256
 0 257
 0 258
 0 259
 0 260
 0 261
 0 262
 0 263
 0 264
 0 265
 0 266
 0 267
 0 268
 0 269
 0 270
 0 271
 0 272
 0 273
 1 274
 0 275
 0 276
 0 277
 0 278
 0 279
 0 280
 0 281
 0 282
 0 283
 0 284
 0 285
 0 286
 2 287
 0 288
 0 289
 0 290
 0 291
 0 292
 0 293
 1 294
 1 295
 0 296
 0 297
 0 298
 0 299
 0 300
 0 301
 0 302
 0 303
 1 304
 1 305
 0 306
 1 307
 0 308
 0 309
 0 310
 0 311
 1 312
 0 313
 0 314
 3 315
 3 316
 1 317
 2 318
 0 319
 2 320
 3 321
 1 322
 2 323
 1 324
 2 325
 1 326
 1 327
 0 328
 0 329
 3 330
 2 331
 0 332
 0 333
 3 334
 2 335
 1 336
 0 337
 2 338
 1 339
 2 340
 0 341
 0 342
 1 343
 0 344
 2 345
 0 346
 3 347
 0 348
 1 349
 1 350
 0 351
 0 352
 0 353
 2 354
 1 355
 1 356
 0 357
 1 358
 1 359
 1 360
 1 361
 1 362
 2 363
 1 364
 0 365
 1 366
 1 367
 0 368
 0 369
 0 370
 0 371
 0 372
 1 373
 1 374
 0 375
 1 376
 0 377
 0 378
 0 379
 2 380
 0 381
 0 382
 0 383
 0 384
 0 385
 0 386
 0 387
 1 388
 0 389
 0 390
 1 391
 1 392
 1 393
 0 394
 1 395
 0 396
 0 397
 0 398
 0 399
 0 400
 0 401
 0 402
 0 403
 0 404
 0 405
 1 406
 0 407
 0 408
 1 409
 0 410
 0 411
 0 412
 0 413
 0 414
 0 415
 1 416
 0 417
 0 418
 0 419
 0 420
 0 421
 0 422
 0 423
 0 424
 0 425
 0 426
 0 427
 0 428
 0 429
 0 430
 0 431
 0 432
 0 433
 0 434
 0 435
 1 436
 0 437
 0 438
 0 439
 0 440
 0 441
 0 442
 0 443
 0 444
 0 445
 0 446
 0 447
 0 448
 0 449
 0 450
 0 451
 0 452
 0 453
 0 454
 0 455
 0 456
 0 457
 1 458
 0 459
 0 460
 0 461
 0 462
 0 463
 0 464
 0 465
 0 466
 0 467
 0 468
 0 469
 0 470
 0 471
 0 472
 0 473
 0 474
 0 475
 0 476
 0 477
 0 478
 0 479
 0 480
 0 481
 0 482
 0 483
 0 484
 0 485
 0 486
 0 487
 0 488
 0 489
 0 490
 0 491
 0 492
 0 493
 0 494
 0 495
 0 496
 0 497
 0 498
 0 499
 0 500
 0 501
 0 502
 0 503
 0 504
 0 505
 0 506
 0 507
 0 508
 0 509
 0 510
 0 511
 0 512
 0 513
 0 514
 0 515
 0 516
 0 517
 0 518
 0 519
 0 520
 0 521
 0 522
 0 523
 0 524
 0 525
 0 526
 0 527
 0 528
 0 529
 0 530
 0 531
 0 532
 0 533
 0 534
 0 535
 0 536
 0 537
 0 538
 0 539
 0 540
 0 541
 0 542
 0 543
 0 544
 0 545
 0 546
 0 547
 0 548
 0 549
 0 550
 0 551
 0 552
 0 553
 0 554
 0 555
 0 556
 0 557
 0 558
 0 559
 0 560
 0 561
 0 562
 0 563
 0 564
 0 565
 0 566
 0 567
 0 568
 0 569
 0 570
 0 571
 0 572
 0 573
 0 574
 0 575
 0 576
 0 577
 0 578
 0 579
 0 580
 0 581
 0 582
 0 583
 0 584
 0 585
 0 586
 0 587
 0 588
 0 589
 0 590
 0 591
 0 592
 0 593
 0 594
 0 595
 0 596
 0 597
 0 598
 0 599
 0 600


