# Created by Octave 3.8.2, Sat Jun 20 05:10:21 2020 CEST <damian@fptrucha.inv.usc.es>
# name: hd
# type: matrix
# rows: 551
# columns: 2
 0 50
 0 51
 0 52
 0 53
 0 54
 0 55
 0 56
 0 57
 0 58
 0 59
 0 60
 0 61
 0 62
 0 63
 0 64
 0 65
 0 66
 0 67
 0 68
 0 69
 0 70
 0 71
 0 72
 0 73
 0 74
 0 75
 0 76
 0 77
 0 78
 0 79
 0 80
 0 81
 0 82
 0 83
 0 84
 0 85
 0 86
 0 87
 0 88
 2 89
 14 90
 21 91
 58 92
 125 93
 277 94
 462 95
 526 96
 630 97
 922 98
 1176 99
 1292 100
 1347 101
 1477 102
 1531 103
 1524 104
 1547 105
 1512 106
 1599 107
 1437 108
 1445 109
 1381 110
 1390 111
 1241 112
 1191 113
 1118 114
 1021 115
 1040 116
 960 117
 842 118
 768 119
 728 120
 676 121
 599 122
 553 123
 525 124
 440 125
 427 126
 370 127
 337 128
 295 129
 258 130
 263 131
 250 132
 248 133
 186 134
 185 135
 163 136
 166 137
 141 138
 149 139
 138 140
 106 141
 101 142
 97 143
 102 144
 93 145
 84 146
 69 147
 74 148
 63 149
 50 150
 52 151
 49 152
 56 153
 50 154
 46 155
 40 156
 32 157
 44 158
 25 159
 28 160
 27 161
 20 162
 32 163
 25 164
 22 165
 25 166
 14 167
 15 168
 12 169
 15 170
 15 171
 10 172
 15 173
 14 174
 16 175
 7 176
 7 177
 9 178
 8 179
 9 180
 8 181
 6 182
 7 183
 10 184
 5 185
 8 186
 5 187
 5 188
 3 189
 1 190
 3 191
 3 192
 3 193
 2 194
 3 195
 3 196
 0 197
 0 198
 0 199
 2 200
 0 201
 1 202
 4 203
 0 204
 0 205
 2 206
 2 207
 0 208
 0 209
 1 210
 0 211
 0 212
 0 213
 0 214
 1 215
 1 216
 0 217
 1 218
 0 219
 1 220
 0 221
 1 222
 1 223
 0 224
 1 225
 0 226
 0 227
 0 228
 1 229
 0 230
 0 231
 0 232
 1 233
 0 234
 0 235
 0 236
 0 237
 0 238
 0 239
 1 240
 0 241
 0 242
 0 243
 0 244
 0 245
 0 246
 0 247
 0 248
 0 249
 0 250
 0 251
 0 252
 0 253
 0 254
 0 255
 0 256
 0 257
 0 258
 0 259
 0 260
 0 261
 0 262
 0 263
 0 264
 0 265
 0 266
 0 267
 0 268
 0 269
 0 270
 0 271
 0 272
 0 273
 1 274
 0 275
 0 276
 0 277
 0 278
 0 279
 0 280
 0 281
 0 282
 0 283
 1 284
 0 285
 0 286
 0 287
 0 288
 1 289
 0 290
 1 291
 0 292
 0 293
 0 294
 0 295
 1 296
 1 297
 0 298
 1 299
 1 300
 1 301
 1 302
 0 303
 0 304
 1 305
 0 306
 0 307
 1 308
 5 309
 0 310
 1 311
 0 312
 2 313
 0 314
 0 315
 0 316
 0 317
 2 318
 0 319
 2 320
 2 321
 1 322
 2 323
 1 324
 3 325
 1 326
 1 327
 0 328
 2 329
 3 330
 0 331
 0 332
 3 333
 0 334
 0 335
 1 336
 0 337
 2 338
 3 339
 4 340
 3 341
 3 342
 2 343
 0 344
 1 345
 1 346
 4 347
 1 348
 2 349
 1 350
 2 351
 1 352
 2 353
 2 354
 5 355
 1 356
 2 357
 1 358
 4 359
 2 360
 0 361
 1 362
 2 363
 0 364
 0 365
 3 366
 2 367
 0 368
 2 369
 1 370
 1 371
 1 372
 1 373
 2 374
 0 375
 0 376
 1 377
 2 378
 1 379
 1 380
 0 381
 0 382
 1 383
 1 384
 1 385
 0 386
 0 387
 0 388
 0 389
 0 390
 0 391
 0 392
 0 393
 0 394
 0 395
 1 396
 1 397
 1 398
 0 399
 0 400
 0 401
 0 402
 0 403
 0 404
 0 405
 0 406
 0 407
 0 408
 0 409
 0 410
 0 411
 0 412
 0 413
 0 414
 0 415
 0 416
 0 417
 0 418
 0 419
 0 420
 0 421
 1 422
 0 423
 0 424
 0 425
 0 426
 0 427
 0 428
 0 429
 0 430
 0 431
 0 432
 0 433
 0 434
 0 435
 0 436
 0 437
 0 438
 0 439
 0 440
 0 441
 0 442
 0 443
 0 444
 0 445
 0 446
 0 447
 0 448
 0 449
 0 450
 0 451
 0 452
 0 453
 0 454
 0 455
 0 456
 0 457
 0 458
 0 459
 0 460
 0 461
 0 462
 0 463
 0 464
 0 465
 0 466
 0 467
 0 468
 0 469
 0 470
 0 471
 0 472
 0 473
 0 474
 0 475
 0 476
 0 477
 0 478
 0 479
 0 480
 0 481
 0 482
 0 483
 0 484
 0 485
 0 486
 0 487
 0 488
 0 489
 0 490
 0 491
 0 492
 0 493
 0 494
 0 495
 0 496
 0 497
 0 498
 0 499
 0 500
 0 501
 0 502
 0 503
 0 504
 0 505
 0 506
 0 507
 0 508
 0 509
 0 510
 0 511
 0 512
 0 513
 0 514
 0 515
 0 516
 0 517
 0 518
 0 519
 0 520
 0 521
 0 522
 0 523
 0 524
 0 525
 0 526
 0 527
 0 528
 0 529
 0 530
 0 531
 0 532
 0 533
 0 534
 0 535
 0 536
 0 537
 0 538
 0 539
 0 540
 0 541
 0 542
 0 543
 0 544
 0 545
 0 546
 0 547
 0 548
 0 549
 0 550
 0 551
 0 552
 0 553
 0 554
 0 555
 0 556
 0 557
 0 558
 0 559
 0 560
 0 561
 0 562
 0 563
 0 564
 0 565
 0 566
 0 567
 0 568
 0 569
 0 570
 0 571
 0 572
 0 573
 0 574
 0 575
 0 576
 0 577
 0 578
 0 579
 0 580
 0 581
 0 582
 0 583
 0 584
 0 585
 0 586
 0 587
 0 588
 0 589
 0 590
 0 591
 0 592
 0 593
 0 594
 0 595
 0 596
 0 597
 0 598
 0 599
 0 600


