# Created by Octave 3.8.2, Sat Jun 20 17:58:59 2020 CEST <damian@fptrucha.inv.usc.es>
# name: hd
# type: matrix
# rows: 551
# columns: 2
 0 50
 0 51
 0 52
 0 53
 0 54
 0 55
 0 56
 0 57
 0 58
 0 59
 0 60
 0 61
 0 62
 0 63
 0 64
 0 65
 0 66
 0 67
 0 68
 0 69
 0 70
 0 71
 0 72
 0 73
 0 74
 0 75
 0 76
 0 77
 0 78
 0 79
 0 80
 0 81
 0 82
 0 83
 0 84
 0 85
 0 86
 0 87
 0 88
 2 89
 12 90
 17 91
 56 92
 126 93
 234 94
 368 95
 448 96
 569 97
 791 98
 1052 99
 1167 100
 1183 101
 1317 102
 1313 103
 1317 104
 1385 105
 1399 106
 1342 107
 1353 108
 1327 109
 1340 110
 1213 111
 1117 112
 1090 113
 1069 114
 981 115
 897 116
 861 117
 826 118
 723 119
 715 120
 596 121
 576 122
 501 123
 448 124
 449 125
 372 126
 363 127
 315 128
 282 129
 258 130
 269 131
 241 132
 191 133
 204 134
 159 135
 149 136
 153 137
 135 138
 120 139
 124 140
 101 141
 93 142
 101 143
 75 144
 66 145
 68 146
 68 147
 80 148
 54 149
 50 150
 60 151
 35 152
 39 153
 43 154
 30 155
 47 156
 42 157
 33 158
 21 159
 33 160
 24 161
 27 162
 17 163
 32 164
 22 165
 20 166
 16 167
 18 168
 9 169
 14 170
 13 171
 14 172
 7 173
 8 174
 11 175
 9 176
 9 177
 5 178
 5 179
 2 180
 8 181
 4 182
 8 183
 8 184
 5 185
 3 186
 3 187
 3 188
 3 189
 0 190
 2 191
 1 192
 2 193
 2 194
 1 195
 1 196
 2 197
 2 198
 0 199
 2 200
 3 201
 2 202
 3 203
 0 204
 2 205
 1 206
 0 207
 0 208
 1 209
 1 210
 0 211
 1 212
 0 213
 3 214
 0 215
 0 216
 0 217
 0 218
 0 219
 0 220
 0 221
 0 222
 0 223
 1 224
 1 225
 1 226
 0 227
 0 228
 0 229
 0 230
 0 231
 0 232
 1 233
 0 234
 0 235
 0 236
 0 237
 0 238
 0 239
 0 240
 0 241
 0 242
 0 243
 0 244
 0 245
 0 246
 1 247
 0 248
 0 249
 0 250
 0 251
 0 252
 0 253
 0 254
 0 255
 0 256
 0 257
 0 258
 0 259
 0 260
 1 261
 0 262
 0 263
 0 264
 0 265
 0 266
 0 267
 0 268
 0 269
 0 270
 0 271
 0 272
 0 273
 0 274
 0 275
 0 276
 0 277
 0 278
 0 279
 1 280
 0 281
 0 282
 0 283
 1 284
 0 285
 0 286
 0 287
 0 288
 2 289
 0 290
 0 291
 0 292
 0 293
 0 294
 0 295
 0 296
 0 297
 0 298
 1 299
 0 300
 0 301
 1 302
 1 303
 1 304
 0 305
 1 306
 1 307
 0 308
 1 309
 2 310
 0 311
 2 312
 2 313
 3 314
 1 315
 1 316
 0 317
 0 318
 1 319
 2 320
 3 321
 2 322
 2 323
 2 324
 0 325
 0 326
 1 327
 0 328
 1 329
 2 330
 2 331
 1 332
 1 333
 2 334
 0 335
 0 336
 4 337
 1 338
 2 339
 1 340
 1 341
 2 342
 2 343
 0 344
 1 345
 3 346
 1 347
 1 348
 2 349
 0 350
 0 351
 1 352
 0 353
 1 354
 0 355
 2 356
 2 357
 1 358
 0 359
 2 360
 1 361
 0 362
 0 363
 0 364
 2 365
 0 366
 0 367
 0 368
 0 369
 1 370
 0 371
 0 372
 0 373
 0 374
 0 375
 2 376
 2 377
 0 378
 0 379
 0 380
 0 381
 0 382
 1 383
 3 384
 0 385
 0 386
 0 387
 1 388
 0 389
 0 390
 1 391
 1 392
 0 393
 0 394
 0 395
 1 396
 0 397
 1 398
 0 399
 0 400
 0 401
 0 402
 0 403
 0 404
 0 405
 0 406
 0 407
 0 408
 0 409
 0 410
 0 411
 1 412
 0 413
 0 414
 0 415
 0 416
 0 417
 1 418
 0 419
 0 420
 0 421
 0 422
 0 423
 0 424
 0 425
 0 426
 0 427
 0 428
 0 429
 0 430
 0 431
 0 432
 0 433
 0 434
 0 435
 0 436
 0 437
 0 438
 0 439
 0 440
 0 441
 0 442
 0 443
 0 444
 0 445
 0 446
 0 447
 0 448
 0 449
 0 450
 0 451
 0 452
 0 453
 0 454
 0 455
 0 456
 0 457
 0 458
 0 459
 0 460
 0 461
 0 462
 0 463
 0 464
 0 465
 0 466
 0 467
 0 468
 0 469
 0 470
 0 471
 0 472
 0 473
 0 474
 0 475
 0 476
 0 477
 0 478
 0 479
 0 480
 0 481
 0 482
 0 483
 0 484
 0 485
 0 486
 0 487
 0 488
 0 489
 0 490
 0 491
 0 492
 0 493
 0 494
 0 495
 0 496
 0 497
 0 498
 0 499
 0 500
 0 501
 0 502
 0 503
 0 504
 0 505
 0 506
 0 507
 0 508
 0 509
 0 510
 0 511
 0 512
 0 513
 0 514
 0 515
 0 516
 0 517
 0 518
 0 519
 0 520
 0 521
 0 522
 0 523
 0 524
 0 525
 0 526
 0 527
 0 528
 0 529
 0 530
 0 531
 0 532
 0 533
 0 534
 0 535
 0 536
 0 537
 0 538
 0 539
 0 540
 0 541
 0 542
 0 543
 0 544
 0 545
 0 546
 0 547
 0 548
 0 549
 0 550
 0 551
 0 552
 0 553
 0 554
 0 555
 0 556
 0 557
 0 558
 0 559
 0 560
 0 561
 0 562
 0 563
 0 564
 0 565
 0 566
 0 567
 0 568
 0 569
 0 570
 0 571
 0 572
 0 573
 0 574
 0 575
 0 576
 0 577
 0 578
 0 579
 0 580
 0 581
 0 582
 0 583
 0 584
 0 585
 0 586
 0 587
 0 588
 0 589
 0 590
 0 591
 0 592
 0 593
 0 594
 0 595
 0 596
 0 597
 0 598
 0 599
 0 600


