# Created by Octave 3.8.2, Mon Jun 22 08:51:45 2020 CEST <damian@fptrucha.inv.usc.es>
# name: hd
# type: matrix
# rows: 551
# columns: 2
 0 50
 0 51
 0 52
 0 53
 0 54
 0 55
 0 56
 0 57
 0 58
 0 59
 0 60
 0 61
 0 62
 0 63
 0 64
 0 65
 0 66
 0 67
 0 68
 0 69
 0 70
 0 71
 0 72
 0 73
 0 74
 0 75
 0 76
 0 77
 0 78
 0 79
 0 80
 0 81
 0 82
 0 83
 0 84
 0 85
 0 86
 0 87
 0 88
 1 89
 1 90
 9 91
 23 92
 65 93
 162 94
 381 95
 504 96
 655 97
 782 98
 966 99
 1298 100
 1331 101
 1533 102
 1586 103
 1529 104
 1543 105
 1509 106
 1497 107
 1446 108
 1450 109
 1345 110
 1254 111
 1161 112
 1041 113
 1024 114
 914 115
 791 116
 738 117
 671 118
 655 119
 611 120
 535 121
 416 122
 414 123
 344 124
 321 125
 306 126
 283 127
 236 128
 214 129
 180 130
 213 131
 158 132
 164 133
 136 134
 154 135
 127 136
 125 137
 90 138
 104 139
 75 140
 77 141
 73 142
 84 143
 84 144
 64 145
 69 146
 46 147
 56 148
 48 149
 44 150
 48 151
 41 152
 26 153
 39 154
 29 155
 24 156
 31 157
 23 158
 23 159
 30 160
 26 161
 17 162
 29 163
 9 164
 20 165
 11 166
 13 167
 12 168
 13 169
 12 170
 14 171
 9 172
 5 173
 4 174
 12 175
 6 176
 7 177
 6 178
 7 179
 4 180
 8 181
 9 182
 1 183
 2 184
 3 185
 4 186
 3 187
 2 188
 5 189
 2 190
 4 191
 3 192
 3 193
 4 194
 1 195
 2 196
 1 197
 3 198
 3 199
 1 200
 0 201
 2 202
 1 203
 0 204
 1 205
 1 206
 2 207
 0 208
 0 209
 0 210
 1 211
 1 212
 0 213
 1 214
 2 215
 0 216
 0 217
 0 218
 1 219
 0 220
 0 221
 0 222
 0 223
 0 224
 0 225
 0 226
 0 227
 0 228
 0 229
 0 230
 0 231
 0 232
 0 233
 0 234
 0 235
 0 236
 0 237
 0 238
 0 239
 0 240
 0 241
 0 242
 0 243
 0 244
 0 245
 0 246
 0 247
 0 248
 0 249
 0 250
 0 251
 0 252
 0 253
 0 254
 0 255
 0 256
 0 257
 0 258
 0 259
 0 260
 0 261
 0 262
 0 263
 0 264
 0 265
 0 266
 0 267
 0 268
 0 269
 0 270
 0 271
 0 272
 0 273
 0 274
 0 275
 0 276
 0 277
 0 278
 0 279
 0 280
 0 281
 0 282
 0 283
 0 284
 0 285
 0 286
 0 287
 0 288
 0 289
 1 290
 0 291
 1 292
 1 293
 1 294
 0 295
 0 296
 0 297
 0 298
 1 299
 0 300
 1 301
 0 302
 0 303
 2 304
 0 305
 1 306
 0 307
 3 308
 1 309
 3 310
 0 311
 1 312
 1 313
 1 314
 2 315
 1 316
 3 317
 4 318
 1 319
 1 320
 0 321
 1 322
 1 323
 0 324
 0 325
 2 326
 1 327
 0 328
 4 329
 4 330
 1 331
 2 332
 3 333
 4 334
 2 335
 1 336
 1 337
 0 338
 1 339
 1 340
 0 341
 0 342
 2 343
 2 344
 0 345
 0 346
 1 347
 1 348
 0 349
 2 350
 2 351
 2 352
 1 353
 2 354
 0 355
 0 356
 1 357
 0 358
 0 359
 1 360
 0 361
 2 362
 1 363
 1 364
 0 365
 1 366
 1 367
 0 368
 1 369
 0 370
 1 371
 0 372
 2 373
 1 374
 0 375
 1 376
 0 377
 0 378
 0 379
 0 380
 0 381
 0 382
 0 383
 3 384
 1 385
 0 386
 1 387
 0 388
 0 389
 1 390
 0 391
 0 392
 0 393
 0 394
 0 395
 0 396
 0 397
 0 398
 1 399
 1 400
 0 401
 0 402
 0 403
 0 404
 0 405
 0 406
 0 407
 0 408
 1 409
 0 410
 0 411
 0 412
 0 413
 0 414
 0 415
 0 416
 1 417
 0 418
 0 419
 0 420
 0 421
 0 422
 0 423
 0 424
 0 425
 0 426
 0 427
 0 428
 0 429
 0 430
 0 431
 0 432
 0 433
 0 434
 0 435
 0 436
 0 437
 0 438
 0 439
 0 440
 0 441
 0 442
 0 443
 0 444
 0 445
 0 446
 0 447
 0 448
 0 449
 0 450
 0 451
 0 452
 0 453
 0 454
 0 455
 0 456
 0 457
 0 458
 0 459
 0 460
 0 461
 0 462
 0 463
 0 464
 0 465
 0 466
 0 467
 0 468
 0 469
 0 470
 0 471
 0 472
 0 473
 0 474
 0 475
 0 476
 0 477
 0 478
 0 479
 0 480
 0 481
 0 482
 0 483
 0 484
 0 485
 0 486
 0 487
 0 488
 0 489
 0 490
 0 491
 0 492
 0 493
 0 494
 0 495
 0 496
 0 497
 0 498
 0 499
 0 500
 0 501
 0 502
 0 503
 0 504
 0 505
 0 506
 0 507
 0 508
 0 509
 0 510
 0 511
 0 512
 0 513
 0 514
 0 515
 0 516
 0 517
 0 518
 0 519
 0 520
 0 521
 0 522
 0 523
 0 524
 0 525
 0 526
 0 527
 0 528
 0 529
 0 530
 0 531
 0 532
 0 533
 0 534
 0 535
 0 536
 0 537
 0 538
 0 539
 0 540
 0 541
 0 542
 0 543
 0 544
 0 545
 0 546
 0 547
 0 548
 0 549
 0 550
 0 551
 0 552
 0 553
 0 554
 0 555
 0 556
 0 557
 0 558
 0 559
 0 560
 0 561
 0 562
 0 563
 0 564
 0 565
 0 566
 0 567
 0 568
 0 569
 0 570
 0 571
 0 572
 0 573
 0 574
 0 575
 0 576
 0 577
 0 578
 0 579
 0 580
 0 581
 0 582
 0 583
 0 584
 0 585
 0 586
 0 587
 0 588
 0 589
 0 590
 0 591
 0 592
 0 593
 0 594
 0 595
 0 596
 0 597
 0 598
 0 599
 0 600


