# Created by Octave 3.8.2, Mon Jun 22 07:47:22 2020 CEST <damian@fptrucha.inv.usc.es>
# name: hd
# type: matrix
# rows: 551
# columns: 2
 0 50
 0 51
 0 52
 0 53
 0 54
 0 55
 0 56
 0 57
 0 58
 0 59
 0 60
 0 61
 0 62
 0 63
 0 64
 0 65
 0 66
 0 67
 0 68
 0 69
 0 70
 0 71
 0 72
 0 73
 0 74
 0 75
 0 76
 0 77
 0 78
 0 79
 0 80
 0 81
 0 82
 0 83
 0 84
 0 85
 0 86
 0 87
 0 88
 1 89
 1 90
 9 91
 30 92
 86 93
 176 94
 320 95
 462 96
 603 97
 687 98
 970 99
 1263 100
 1343 101
 1334 102
 1448 103
 1414 104
 1524 105
 1421 106
 1487 107
 1382 108
 1325 109
 1323 110
 1262 111
 1159 112
 1079 113
 985 114
 945 115
 800 116
 743 117
 660 118
 684 119
 594 120
 491 121
 472 122
 410 123
 377 124
 327 125
 335 126
 275 127
 272 128
 260 129
 220 130
 172 131
 188 132
 163 133
 154 134
 142 135
 132 136
 113 137
 125 138
 95 139
 85 140
 69 141
 83 142
 82 143
 86 144
 54 145
 43 146
 53 147
 56 148
 55 149
 52 150
 48 151
 34 152
 42 153
 35 154
 40 155
 29 156
 48 157
 33 158
 24 159
 33 160
 36 161
 27 162
 31 163
 13 164
 14 165
 22 166
 14 167
 9 168
 13 169
 19 170
 8 171
 10 172
 14 173
 8 174
 14 175
 5 176
 11 177
 6 178
 8 179
 10 180
 2 181
 2 182
 8 183
 6 184
 8 185
 3 186
 1 187
 4 188
 1 189
 4 190
 6 191
 6 192
 4 193
 1 194
 1 195
 2 196
 2 197
 3 198
 1 199
 1 200
 3 201
 1 202
 2 203
 1 204
 3 205
 0 206
 1 207
 1 208
 2 209
 0 210
 0 211
 2 212
 1 213
 0 214
 0 215
 1 216
 1 217
 0 218
 0 219
 2 220
 0 221
 1 222
 0 223
 0 224
 1 225
 0 226
 1 227
 1 228
 0 229
 0 230
 0 231
 0 232
 1 233
 0 234
 0 235
 0 236
 0 237
 0 238
 0 239
 0 240
 0 241
 0 242
 0 243
 0 244
 0 245
 0 246
 0 247
 0 248
 0 249
 0 250
 0 251
 0 252
 0 253
 0 254
 0 255
 0 256
 0 257
 0 258
 0 259
 0 260
 0 261
 0 262
 0 263
 0 264
 0 265
 0 266
 0 267
 0 268
 0 269
 0 270
 0 271
 0 272
 1 273
 0 274
 0 275
 0 276
 0 277
 0 278
 0 279
 0 280
 0 281
 0 282
 0 283
 0 284
 0 285
 0 286
 0 287
 0 288
 0 289
 1 290
 0 291
 0 292
 0 293
 0 294
 0 295
 0 296
 0 297
 2 298
 1 299
 1 300
 0 301
 0 302
 1 303
 1 304
 0 305
 2 306
 1 307
 1 308
 2 309
 2 310
 2 311
 1 312
 1 313
 1 314
 2 315
 3 316
 1 317
 0 318
 2 319
 0 320
 3 321
 3 322
 0 323
 3 324
 0 325
 1 326
 3 327
 3 328
 4 329
 2 330
 1 331
 3 332
 1 333
 3 334
 1 335
 1 336
 3 337
 3 338
 1 339
 2 340
 3 341
 2 342
 2 343
 1 344
 0 345
 1 346
 3 347
 0 348
 0 349
 2 350
 0 351
 0 352
 1 353
 1 354
 1 355
 2 356
 1 357
 0 358
 1 359
 1 360
 0 361
 1 362
 0 363
 1 364
 1 365
 0 366
 0 367
 1 368
 3 369
 0 370
 1 371
 0 372
 0 373
 1 374
 0 375
 0 376
 0 377
 1 378
 2 379
 0 380
 0 381
 1 382
 0 383
 1 384
 1 385
 1 386
 0 387
 0 388
 0 389
 0 390
 2 391
 1 392
 0 393
 0 394
 0 395
 0 396
 0 397
 0 398
 1 399
 0 400
 0 401
 1 402
 0 403
 0 404
 2 405
 0 406
 1 407
 0 408
 0 409
 0 410
 0 411
 0 412
 0 413
 0 414
 0 415
 0 416
 0 417
 0 418
 0 419
 0 420
 0 421
 0 422
 0 423
 0 424
 0 425
 0 426
 0 427
 0 428
 0 429
 0 430
 0 431
 0 432
 0 433
 0 434
 0 435
 0 436
 0 437
 0 438
 0 439
 0 440
 0 441
 0 442
 0 443
 0 444
 0 445
 0 446
 0 447
 0 448
 0 449
 0 450
 0 451
 0 452
 0 453
 0 454
 0 455
 0 456
 0 457
 0 458
 0 459
 0 460
 0 461
 0 462
 0 463
 0 464
 0 465
 0 466
 0 467
 0 468
 0 469
 0 470
 0 471
 0 472
 0 473
 0 474
 0 475
 0 476
 0 477
 0 478
 0 479
 0 480
 0 481
 0 482
 0 483
 0 484
 0 485
 0 486
 0 487
 0 488
 0 489
 0 490
 0 491
 0 492
 0 493
 0 494
 0 495
 0 496
 0 497
 0 498
 0 499
 0 500
 0 501
 0 502
 0 503
 0 504
 0 505
 0 506
 0 507
 0 508
 0 509
 0 510
 0 511
 0 512
 0 513
 0 514
 0 515
 0 516
 0 517
 0 518
 0 519
 0 520
 0 521
 0 522
 0 523
 0 524
 0 525
 0 526
 0 527
 0 528
 0 529
 0 530
 0 531
 0 532
 0 533
 0 534
 0 535
 0 536
 0 537
 0 538
 0 539
 0 540
 0 541
 0 542
 0 543
 0 544
 0 545
 0 546
 0 547
 0 548
 0 549
 0 550
 0 551
 0 552
 0 553
 0 554
 0 555
 0 556
 0 557
 0 558
 0 559
 0 560
 0 561
 0 562
 0 563
 0 564
 0 565
 0 566
 0 567
 0 568
 0 569
 0 570
 0 571
 0 572
 0 573
 0 574
 0 575
 0 576
 0 577
 0 578
 0 579
 0 580
 0 581
 0 582
 0 583
 0 584
 0 585
 0 586
 0 587
 0 588
 0 589
 0 590
 0 591
 0 592
 0 593
 0 594
 0 595
 0 596
 0 597
 0 598
 0 599
 0 600


