# Created by Octave 3.8.2, Sat Jun 20 18:33:22 2020 CEST <damian@fptrucha.inv.usc.es>
# name: hd
# type: matrix
# rows: 551
# columns: 2
 0 50
 0 51
 0 52
 0 53
 0 54
 0 55
 0 56
 0 57
 0 58
 0 59
 0 60
 0 61
 0 62
 0 63
 0 64
 0 65
 0 66
 0 67
 0 68
 0 69
 0 70
 0 71
 0 72
 0 73
 0 74
 0 75
 0 76
 0 77
 0 78
 0 79
 0 80
 0 81
 0 82
 0 83
 0 84
 0 85
 0 86
 0 87
 0 88
 3 89
 7 90
 16 91
 60 92
 109 93
 235 94
 355 95
 447 96
 490 97
 769 98
 923 99
 1105 100
 1132 101
 1196 102
 1265 103
 1350 104
 1270 105
 1359 106
 1320 107
 1315 108
 1317 109
 1321 110
 1190 111
 1176 112
 1159 113
 1072 114
 1007 115
 957 116
 863 117
 847 118
 726 119
 696 120
 629 121
 555 122
 589 123
 461 124
 430 125
 422 126
 389 127
 316 128
 340 129
 301 130
 269 131
 244 132
 204 133
 184 134
 182 135
 169 136
 162 137
 158 138
 110 139
 136 140
 108 141
 108 142
 85 143
 108 144
 70 145
 77 146
 58 147
 70 148
 53 149
 50 150
 60 151
 44 152
 39 153
 31 154
 27 155
 34 156
 32 157
 33 158
 38 159
 13 160
 26 161
 33 162
 18 163
 23 164
 19 165
 19 166
 10 167
 22 168
 13 169
 13 170
 8 171
 9 172
 17 173
 10 174
 9 175
 6 176
 10 177
 4 178
 6 179
 4 180
 3 181
 5 182
 4 183
 10 184
 7 185
 6 186
 4 187
 2 188
 4 189
 2 190
 3 191
 3 192
 1 193
 0 194
 3 195
 0 196
 0 197
 2 198
 1 199
 1 200
 1 201
 0 202
 1 203
 1 204
 1 205
 0 206
 2 207
 0 208
 1 209
 2 210
 2 211
 0 212
 0 213
 0 214
 1 215
 0 216
 0 217
 0 218
 0 219
 0 220
 0 221
 0 222
 0 223
 0 224
 1 225
 1 226
 0 227
 0 228
 0 229
 0 230
 0 231
 0 232
 0 233
 0 234
 0 235
 0 236
 0 237
 0 238
 0 239
 0 240
 0 241
 0 242
 0 243
 0 244
 0 245
 0 246
 0 247
 0 248
 0 249
 0 250
 0 251
 0 252
 0 253
 0 254
 0 255
 0 256
 0 257
 0 258
 0 259
 0 260
 0 261
 0 262
 0 263
 0 264
 0 265
 0 266
 0 267
 0 268
 0 269
 0 270
 0 271
 0 272
 0 273
 0 274
 0 275
 0 276
 0 277
 0 278
 0 279
 0 280
 0 281
 0 282
 0 283
 0 284
 0 285
 0 286
 0 287
 1 288
 0 289
 0 290
 0 291
 0 292
 1 293
 0 294
 1 295
 1 296
 1 297
 0 298
 2 299
 2 300
 2 301
 1 302
 2 303
 0 304
 2 305
 1 306
 2 307
 2 308
 2 309
 1 310
 2 311
 0 312
 0 313
 1 314
 1 315
 0 316
 2 317
 0 318
 1 319
 2 320
 2 321
 1 322
 0 323
 3 324
 1 325
 0 326
 4 327
 0 328
 2 329
 0 330
 0 331
 4 332
 1 333
 3 334
 2 335
 2 336
 4 337
 0 338
 2 339
 2 340
 1 341
 1 342
 1 343
 1 344
 0 345
 0 346
 1 347
 1 348
 1 349
 2 350
 3 351
 2 352
 1 353
 0 354
 3 355
 3 356
 0 357
 2 358
 1 359
 1 360
 1 361
 0 362
 1 363
 1 364
 1 365
 2 366
 1 367
 0 368
 1 369
 0 370
 1 371
 1 372
 1 373
 2 374
 0 375
 1 376
 2 377
 1 378
 2 379
 0 380
 1 381
 0 382
 1 383
 1 384
 1 385
 0 386
 0 387
 1 388
 0 389
 0 390
 1 391
 0 392
 1 393
 0 394
 1 395
 0 396
 0 397
 0 398
 1 399
 0 400
 0 401
 0 402
 0 403
 0 404
 0 405
 1 406
 0 407
 0 408
 0 409
 0 410
 0 411
 0 412
 0 413
 0 414
 0 415
 0 416
 0 417
 0 418
 0 419
 0 420
 0 421
 0 422
 0 423
 0 424
 0 425
 0 426
 1 427
 0 428
 0 429
 0 430
 0 431
 0 432
 0 433
 0 434
 0 435
 0 436
 1 437
 0 438
 0 439
 0 440
 0 441
 0 442
 0 443
 0 444
 0 445
 0 446
 0 447
 0 448
 0 449
 0 450
 0 451
 0 452
 0 453
 0 454
 0 455
 0 456
 0 457
 0 458
 0 459
 0 460
 0 461
 0 462
 0 463
 0 464
 0 465
 0 466
 0 467
 0 468
 0 469
 0 470
 0 471
 0 472
 0 473
 0 474
 0 475
 0 476
 0 477
 0 478
 0 479
 0 480
 0 481
 0 482
 0 483
 0 484
 0 485
 0 486
 0 487
 0 488
 0 489
 0 490
 0 491
 0 492
 0 493
 0 494
 0 495
 0 496
 0 497
 0 498
 0 499
 0 500
 0 501
 0 502
 0 503
 0 504
 0 505
 0 506
 0 507
 0 508
 0 509
 0 510
 0 511
 0 512
 0 513
 0 514
 0 515
 0 516
 0 517
 0 518
 0 519
 0 520
 0 521
 0 522
 0 523
 0 524
 0 525
 0 526
 0 527
 0 528
 0 529
 0 530
 0 531
 0 532
 0 533
 0 534
 0 535
 0 536
 0 537
 0 538
 0 539
 0 540
 0 541
 0 542
 0 543
 0 544
 0 545
 0 546
 0 547
 0 548
 0 549
 0 550
 0 551
 0 552
 0 553
 0 554
 0 555
 0 556
 0 557
 0 558
 0 559
 0 560
 0 561
 0 562
 0 563
 0 564
 0 565
 0 566
 0 567
 0 568
 0 569
 0 570
 0 571
 0 572
 0 573
 0 574
 0 575
 0 576
 0 577
 0 578
 0 579
 0 580
 0 581
 0 582
 0 583
 0 584
 0 585
 0 586
 0 587
 0 588
 0 589
 0 590
 0 591
 0 592
 0 593
 0 594
 0 595
 0 596
 0 597
 0 598
 0 599
 0 600


