# Created by Octave 3.8.2, Mon Jun 22 13:15:20 2020 CEST <damian@fptrucha.inv.usc.es>
# name: hd
# type: matrix
# rows: 551
# columns: 2
 0 50
 0 51
 0 52
 0 53
 0 54
 0 55
 0 56
 0 57
 0 58
 0 59
 0 60
 0 61
 0 62
 0 63
 0 64
 0 65
 0 66
 0 67
 0 68
 0 69
 0 70
 0 71
 0 72
 0 73
 0 74
 0 75
 0 76
 0 77
 0 78
 0 79
 0 80
 0 81
 0 82
 0 83
 0 84
 0 85
 0 86
 0 87
 1 88
 0 89
 8 90
 10 91
 40 92
 92 93
 211 94
 383 95
 520 96
 675 97
 755 98
 1117 99
 1376 100
 1470 101
 1555 102
 1596 103
 1581 104
 1553 105
 1575 106
 1577 107
 1548 108
 1346 109
 1276 110
 1242 111
 1180 112
 1122 113
 1033 114
 958 115
 905 116
 842 117
 695 118
 700 119
 608 120
 509 121
 488 122
 429 123
 398 124
 345 125
 283 126
 269 127
 262 128
 222 129
 215 130
 206 131
 165 132
 172 133
 131 134
 131 135
 146 136
 113 137
 108 138
 100 139
 89 140
 87 141
 87 142
 66 143
 68 144
 60 145
 54 146
 51 147
 55 148
 51 149
 41 150
 34 151
 42 152
 31 153
 34 154
 26 155
 28 156
 20 157
 28 158
 29 159
 29 160
 25 161
 23 162
 31 163
 25 164
 22 165
 13 166
 19 167
 16 168
 17 169
 19 170
 16 171
 6 172
 10 173
 9 174
 11 175
 9 176
 9 177
 7 178
 5 179
 5 180
 8 181
 6 182
 5 183
 4 184
 7 185
 0 186
 2 187
 4 188
 4 189
 1 190
 4 191
 5 192
 4 193
 2 194
 2 195
 4 196
 2 197
 2 198
 1 199
 1 200
 5 201
 2 202
 2 203
 2 204
 1 205
 0 206
 1 207
 1 208
 1 209
 0 210
 1 211
 1 212
 1 213
 0 214
 0 215
 0 216
 2 217
 0 218
 1 219
 0 220
 0 221
 2 222
 0 223
 0 224
 0 225
 0 226
 0 227
 0 228
 0 229
 1 230
 0 231
 1 232
 0 233
 0 234
 0 235
 0 236
 0 237
 0 238
 1 239
 0 240
 0 241
 0 242
 0 243
 0 244
 0 245
 0 246
 0 247
 0 248
 0 249
 0 250
 0 251
 0 252
 0 253
 0 254
 0 255
 0 256
 0 257
 0 258
 0 259
 0 260
 0 261
 0 262
 0 263
 0 264
 0 265
 1 266
 0 267
 0 268
 0 269
 0 270
 0 271
 0 272
 0 273
 0 274
 0 275
 0 276
 0 277
 0 278
 0 279
 0 280
 1 281
 0 282
 0 283
 0 284
 0 285
 2 286
 1 287
 0 288
 0 289
 1 290
 0 291
 0 292
 1 293
 1 294
 0 295
 0 296
 0 297
 1 298
 0 299
 0 300
 0 301
 1 302
 0 303
 1 304
 1 305
 1 306
 2 307
 3 308
 1 309
 2 310
 0 311
 0 312
 3 313
 2 314
 0 315
 1 316
 1 317
 1 318
 2 319
 0 320
 4 321
 0 322
 1 323
 3 324
 4 325
 2 326
 2 327
 4 328
 2 329
 1 330
 2 331
 3 332
 0 333
 1 334
 2 335
 1 336
 2 337
 1 338
 3 339
 0 340
 3 341
 0 342
 0 343
 3 344
 3 345
 1 346
 5 347
 2 348
 1 349
 2 350
 2 351
 0 352
 0 353
 4 354
 1 355
 1 356
 1 357
 1 358
 0 359
 0 360
 2 361
 0 362
 1 363
 1 364
 1 365
 2 366
 1 367
 1 368
 2 369
 1 370
 0 371
 3 372
 0 373
 0 374
 0 375
 0 376
 1 377
 0 378
 0 379
 2 380
 1 381
 1 382
 1 383
 0 384
 0 385
 0 386
 1 387
 0 388
 2 389
 0 390
 0 391
 1 392
 0 393
 1 394
 0 395
 0 396
 0 397
 1 398
 1 399
 0 400
 0 401
 0 402
 1 403
 0 404
 0 405
 0 406
 0 407
 0 408
 0 409
 0 410
 0 411
 0 412
 0 413
 0 414
 0 415
 0 416
 0 417
 0 418
 0 419
 0 420
 0 421
 0 422
 0 423
 0 424
 0 425
 0 426
 0 427
 0 428
 0 429
 0 430
 0 431
 0 432
 0 433
 0 434
 0 435
 0 436
 0 437
 0 438
 0 439
 0 440
 0 441
 0 442
 0 443
 0 444
 0 445
 0 446
 0 447
 0 448
 0 449
 0 450
 0 451
 0 452
 0 453
 0 454
 0 455
 0 456
 0 457
 0 458
 0 459
 0 460
 0 461
 0 462
 0 463
 0 464
 0 465
 0 466
 0 467
 0 468
 0 469
 0 470
 0 471
 0 472
 0 473
 0 474
 0 475
 0 476
 0 477
 0 478
 0 479
 0 480
 0 481
 0 482
 0 483
 0 484
 0 485
 0 486
 0 487
 0 488
 0 489
 0 490
 0 491
 0 492
 0 493
 0 494
 0 495
 0 496
 0 497
 0 498
 0 499
 0 500
 0 501
 0 502
 0 503
 0 504
 0 505
 0 506
 0 507
 0 508
 0 509
 0 510
 0 511
 0 512
 0 513
 0 514
 0 515
 0 516
 0 517
 0 518
 0 519
 0 520
 0 521
 0 522
 0 523
 0 524
 0 525
 0 526
 0 527
 0 528
 0 529
 0 530
 0 531
 0 532
 0 533
 0 534
 0 535
 0 536
 0 537
 0 538
 0 539
 0 540
 0 541
 0 542
 0 543
 0 544
 0 545
 0 546
 0 547
 0 548
 0 549
 0 550
 0 551
 0 552
 0 553
 0 554
 0 555
 0 556
 0 557
 0 558
 0 559
 0 560
 0 561
 0 562
 0 563
 0 564
 0 565
 0 566
 0 567
 0 568
 0 569
 0 570
 0 571
 0 572
 0 573
 0 574
 0 575
 0 576
 0 577
 0 578
 0 579
 0 580
 0 581
 0 582
 0 583
 0 584
 0 585
 0 586
 0 587
 0 588
 0 589
 0 590
 0 591
 0 592
 0 593
 0 594
 0 595
 0 596
 0 597
 0 598
 0 599
 0 600


