# Created by Octave 3.8.2, Sat Jun 20 11:20:41 2020 CEST <damian@fptrucha.inv.usc.es>
# name: hd
# type: matrix
# rows: 551
# columns: 2
 0 50
 0 51
 0 52
 0 53
 0 54
 0 55
 0 56
 0 57
 0 58
 0 59
 0 60
 0 61
 0 62
 0 63
 0 64
 0 65
 0 66
 0 67
 0 68
 0 69
 0 70
 0 71
 0 72
 0 73
 0 74
 0 75
 0 76
 0 77
 0 78
 0 79
 0 80
 0 81
 0 82
 0 83
 0 84
 0 85
 0 86
 0 87
 0 88
 0 89
 10 90
 15 91
 63 92
 157 93
 293 94
 478 95
 549 96
 694 97
 985 98
 1207 99
 1397 100
 1459 101
 1588 102
 1677 103
 1576 104
 1643 105
 1613 106
 1649 107
 1532 108
 1420 109
 1441 110
 1339 111
 1333 112
 1166 113
 1114 114
 1074 115
 934 116
 951 117
 778 118
 773 119
 727 120
 611 121
 564 122
 545 123
 472 124
 439 125
 415 126
 369 127
 309 128
 287 129
 249 130
 260 131
 208 132
 181 133
 197 134
 168 135
 133 136
 133 137
 117 138
 116 139
 116 140
 104 141
 83 142
 80 143
 75 144
 86 145
 56 146
 63 147
 45 148
 56 149
 44 150
 52 151
 39 152
 38 153
 37 154
 37 155
 44 156
 25 157
 32 158
 25 159
 27 160
 22 161
 26 162
 21 163
 18 164
 11 165
 23 166
 14 167
 10 168
 8 169
 12 170
 11 171
 6 172
 5 173
 15 174
 3 175
 8 176
 6 177
 3 178
 10 179
 5 180
 5 181
 5 182
 2 183
 7 184
 4 185
 3 186
 4 187
 3 188
 2 189
 4 190
 4 191
 2 192
 4 193
 0 194
 2 195
 3 196
 1 197
 2 198
 0 199
 0 200
 1 201
 1 202
 1 203
 2 204
 0 205
 1 206
 3 207
 0 208
 1 209
 1 210
 0 211
 0 212
 1 213
 0 214
 0 215
 0 216
 1 217
 0 218
 0 219
 0 220
 0 221
 1 222
 0 223
 0 224
 0 225
 0 226
 0 227
 1 228
 0 229
 1 230
 0 231
 0 232
 0 233
 0 234
 0 235
 0 236
 0 237
 0 238
 0 239
 0 240
 0 241
 0 242
 0 243
 0 244
 0 245
 0 246
 0 247
 0 248
 0 249
 0 250
 0 251
 0 252
 0 253
 0 254
 0 255
 0 256
 0 257
 0 258
 0 259
 0 260
 0 261
 0 262
 1 263
 0 264
 0 265
 0 266
 0 267
 0 268
 0 269
 0 270
 0 271
 0 272
 0 273
 0 274
 0 275
 0 276
 0 277
 0 278
 0 279
 1 280
 0 281
 0 282
 0 283
 0 284
 0 285
 0 286
 0 287
 0 288
 0 289
 1 290
 0 291
 0 292
 0 293
 0 294
 1 295
 1 296
 0 297
 0 298
 1 299
 1 300
 0 301
 0 302
 1 303
 1 304
 2 305
 1 306
 0 307
 1 308
 1 309
 1 310
 1 311
 0 312
 3 313
 1 314
 1 315
 0 316
 0 317
 1 318
 0 319
 0 320
 2 321
 1 322
 0 323
 1 324
 1 325
 3 326
 2 327
 1 328
 1 329
 4 330
 3 331
 2 332
 1 333
 2 334
 2 335
 1 336
 1 337
 0 338
 0 339
 0 340
 2 341
 0 342
 1 343
 3 344
 0 345
 2 346
 3 347
 0 348
 2 349
 0 350
 1 351
 3 352
 0 353
 1 354
 1 355
 2 356
 1 357
 1 358
 3 359
 2 360
 0 361
 1 362
 0 363
 2 364
 0 365
 0 366
 0 367
 1 368
 0 369
 1 370
 2 371
 2 372
 1 373
 0 374
 2 375
 0 376
 1 377
 1 378
 2 379
 0 380
 1 381
 0 382
 0 383
 0 384
 1 385
 1 386
 0 387
 0 388
 2 389
 0 390
 0 391
 0 392
 0 393
 0 394
 1 395
 0 396
 0 397
 0 398
 0 399
 0 400
 0 401
 0 402
 0 403
 0 404
 0 405
 1 406
 1 407
 0 408
 0 409
 0 410
 0 411
 0 412
 0 413
 0 414
 0 415
 0 416
 0 417
 0 418
 0 419
 1 420
 0 421
 0 422
 0 423
 0 424
 0 425
 0 426
 0 427
 0 428
 0 429
 0 430
 0 431
 0 432
 0 433
 0 434
 0 435
 0 436
 0 437
 0 438
 0 439
 0 440
 0 441
 0 442
 0 443
 0 444
 0 445
 0 446
 0 447
 0 448
 0 449
 0 450
 0 451
 0 452
 0 453
 0 454
 0 455
 0 456
 0 457
 0 458
 0 459
 0 460
 0 461
 0 462
 0 463
 0 464
 0 465
 0 466
 0 467
 0 468
 0 469
 0 470
 0 471
 0 472
 0 473
 0 474
 0 475
 0 476
 0 477
 0 478
 0 479
 0 480
 0 481
 0 482
 0 483
 0 484
 0 485
 0 486
 0 487
 0 488
 0 489
 0 490
 0 491
 0 492
 0 493
 0 494
 0 495
 0 496
 0 497
 0 498
 0 499
 0 500
 0 501
 0 502
 0 503
 0 504
 0 505
 0 506
 0 507
 0 508
 0 509
 0 510
 0 511
 0 512
 0 513
 0 514
 0 515
 0 516
 0 517
 0 518
 0 519
 0 520
 0 521
 0 522
 0 523
 0 524
 0 525
 0 526
 0 527
 0 528
 0 529
 0 530
 0 531
 0 532
 0 533
 0 534
 0 535
 0 536
 0 537
 0 538
 0 539
 0 540
 0 541
 0 542
 0 543
 0 544
 0 545
 0 546
 0 547
 0 548
 0 549
 0 550
 0 551
 0 552
 0 553
 0 554
 0 555
 0 556
 0 557
 0 558
 0 559
 0 560
 0 561
 0 562
 0 563
 0 564
 0 565
 0 566
 0 567
 0 568
 0 569
 0 570
 0 571
 0 572
 0 573
 0 574
 0 575
 0 576
 0 577
 0 578
 0 579
 0 580
 0 581
 0 582
 0 583
 0 584
 0 585
 0 586
 0 587
 0 588
 0 589
 0 590
 0 591
 0 592
 0 593
 0 594
 0 595
 0 596
 0 597
 0 598
 0 599
 0 600


