# Created by Octave 3.8.2, Mon Jun 22 23:00:18 2020 CEST <damian@fptrucha.inv.usc.es>
# name: hd
# type: matrix
# rows: 551
# columns: 2
 0 50
 0 51
 0 52
 0 53
 0 54
 0 55
 0 56
 0 57
 0 58
 0 59
 0 60
 0 61
 0 62
 0 63
 0 64
 0 65
 0 66
 0 67
 0 68
 0 69
 0 70
 0 71
 0 72
 0 73
 0 74
 0 75
 0 76
 0 77
 0 78
 0 79
 0 80
 0 81
 0 82
 0 83
 0 84
 0 85
 0 86
 0 87
 0 88
 1 89
 3 90
 14 91
 48 92
 111 93
 271 94
 507 95
 600 96
 752 97
 937 98
 1332 99
 1555 100
 1710 101
 1826 102
 1798 103
 1794 104
 1744 105
 1675 106
 1771 107
 1720 108
 1508 109
 1455 110
 1365 111
 1239 112
 1211 113
 1054 114
 987 115
 847 116
 772 117
 715 118
 694 119
 583 120
 519 121
 492 122
 411 123
 365 124
 355 125
 285 126
 266 127
 263 128
 198 129
 207 130
 189 131
 179 132
 169 133
 125 134
 129 135
 100 136
 100 137
 104 138
 95 139
 91 140
 64 141
 83 142
 71 143
 54 144
 53 145
 61 146
 50 147
 54 148
 42 149
 44 150
 41 151
 29 152
 26 153
 34 154
 34 155
 24 156
 26 157
 26 158
 22 159
 28 160
 29 161
 16 162
 20 163
 13 164
 15 165
 17 166
 12 167
 15 168
 9 169
 9 170
 10 171
 11 172
 7 173
 4 174
 7 175
 9 176
 11 177
 7 178
 7 179
 12 180
 3 181
 3 182
 2 183
 6 184
 3 185
 5 186
 4 187
 0 188
 5 189
 2 190
 3 191
 3 192
 0 193
 2 194
 1 195
 6 196
 3 197
 1 198
 1 199
 1 200
 0 201
 1 202
 2 203
 1 204
 0 205
 0 206
 0 207
 1 208
 1 209
 0 210
 0 211
 1 212
 3 213
 0 214
 0 215
 0 216
 1 217
 0 218
 0 219
 0 220
 0 221
 0 222
 0 223
 1 224
 0 225
 0 226
 0 227
 0 228
 0 229
 0 230
 0 231
 0 232
 0 233
 0 234
 0 235
 0 236
 0 237
 0 238
 0 239
 0 240
 0 241
 0 242
 0 243
 0 244
 1 245
 0 246
 0 247
 0 248
 0 249
 0 250
 0 251
 0 252
 0 253
 0 254
 0 255
 0 256
 0 257
 0 258
 0 259
 0 260
 0 261
 0 262
 0 263
 0 264
 0 265
 0 266
 0 267
 0 268
 0 269
 0 270
 1 271
 0 272
 0 273
 0 274
 0 275
 0 276
 0 277
 0 278
 0 279
 0 280
 0 281
 0 282
 0 283
 0 284
 0 285
 0 286
 0 287
 0 288
 0 289
 0 290
 0 291
 0 292
 0 293
 0 294
 2 295
 0 296
 1 297
 1 298
 0 299
 0 300
 0 301
 0 302
 0 303
 0 304
 1 305
 1 306
 0 307
 1 308
 0 309
 2 310
 1 311
 0 312
 3 313
 1 314
 1 315
 0 316
 1 317
 0 318
 2 319
 0 320
 1 321
 1 322
 2 323
 2 324
 2 325
 0 326
 0 327
 0 328
 1 329
 1 330
 0 331
 2 332
 0 333
 2 334
 0 335
 1 336
 2 337
 2 338
 1 339
 1 340
 2 341
 2 342
 0 343
 3 344
 0 345
 1 346
 1 347
 1 348
 0 349
 3 350
 1 351
 3 352
 0 353
 1 354
 0 355
 1 356
 0 357
 1 358
 2 359
 0 360
 2 361
 0 362
 1 363
 1 364
 0 365
 1 366
 1 367
 0 368
 0 369
 1 370
 0 371
 2 372
 1 373
 0 374
 0 375
 0 376
 1 377
 0 378
 0 379
 1 380
 0 381
 0 382
 1 383
 0 384
 0 385
 0 386
 0 387
 1 388
 0 389
 0 390
 1 391
 0 392
 0 393
 2 394
 0 395
 0 396
 0 397
 0 398
 1 399
 0 400
 0 401
 1 402
 0 403
 1 404
 0 405
 0 406
 0 407
 0 408
 0 409
 0 410
 0 411
 0 412
 0 413
 0 414
 0 415
 0 416
 0 417
 0 418
 0 419
 0 420
 0 421
 0 422
 0 423
 0 424
 0 425
 0 426
 0 427
 0 428
 0 429
 0 430
 0 431
 0 432
 0 433
 0 434
 0 435
 0 436
 0 437
 0 438
 0 439
 0 440
 0 441
 0 442
 0 443
 0 444
 0 445
 0 446
 0 447
 0 448
 0 449
 0 450
 0 451
 0 452
 0 453
 0 454
 0 455
 0 456
 0 457
 0 458
 0 459
 0 460
 0 461
 0 462
 0 463
 0 464
 0 465
 0 466
 0 467
 0 468
 0 469
 0 470
 0 471
 0 472
 0 473
 0 474
 0 475
 0 476
 0 477
 0 478
 0 479
 0 480
 0 481
 0 482
 0 483
 0 484
 0 485
 0 486
 0 487
 0 488
 0 489
 0 490
 0 491
 0 492
 0 493
 0 494
 0 495
 0 496
 0 497
 0 498
 0 499
 0 500
 0 501
 0 502
 0 503
 0 504
 0 505
 0 506
 0 507
 0 508
 0 509
 0 510
 0 511
 0 512
 0 513
 0 514
 0 515
 0 516
 0 517
 0 518
 0 519
 0 520
 0 521
 0 522
 0 523
 0 524
 0 525
 0 526
 0 527
 0 528
 0 529
 0 530
 0 531
 0 532
 0 533
 0 534
 0 535
 0 536
 0 537
 0 538
 0 539
 0 540
 0 541
 0 542
 0 543
 0 544
 0 545
 0 546
 0 547
 0 548
 0 549
 0 550
 0 551
 0 552
 0 553
 0 554
 0 555
 0 556
 0 557
 0 558
 0 559
 0 560
 0 561
 0 562
 0 563
 0 564
 0 565
 0 566
 0 567
 0 568
 0 569
 0 570
 0 571
 0 572
 0 573
 0 574
 0 575
 0 576
 0 577
 0 578
 0 579
 0 580
 0 581
 0 582
 0 583
 0 584
 0 585
 0 586
 0 587
 0 588
 0 589
 0 590
 0 591
 0 592
 0 593
 0 594
 0 595
 0 596
 0 597
 0 598
 0 599
 0 600


