# Created by Octave 3.8.2, Sat Jun 20 22:41:01 2020 CEST <damian@fptrucha.inv.usc.es>
# name: hd
# type: matrix
# rows: 551
# columns: 2
 0 50
 0 51
 0 52
 0 53
 0 54
 0 55
 0 56
 0 57
 0 58
 0 59
 0 60
 0 61
 0 62
 0 63
 0 64
 0 65
 0 66
 0 67
 0 68
 0 69
 0 70
 0 71
 0 72
 0 73
 0 74
 0 75
 0 76
 0 77
 0 78
 0 79
 0 80
 0 81
 0 82
 0 83
 0 84
 0 85
 0 86
 0 87
 1 88
 0 89
 11 90
 15 91
 61 92
 131 93
 263 94
 399 95
 506 96
 645 97
 815 98
 1036 99
 1163 100
 1166 101
 1337 102
 1343 103
 1272 104
 1407 105
 1467 106
 1351 107
 1390 108
 1329 109
 1282 110
 1218 111
 1170 112
 1097 113
 1072 114
 923 115
 885 116
 830 117
 804 118
 740 119
 702 120
 608 121
 582 122
 509 123
 477 124
 434 125
 375 126
 320 127
 321 128
 291 129
 241 130
 221 131
 192 132
 196 133
 150 134
 163 135
 145 136
 143 137
 121 138
 109 139
 94 140
 88 141
 87 142
 84 143
 72 144
 58 145
 76 146
 54 147
 53 148
 43 149
 51 150
 42 151
 39 152
 42 153
 39 154
 36 155
 25 156
 37 157
 29 158
 29 159
 24 160
 25 161
 25 162
 22 163
 17 164
 19 165
 12 166
 15 167
 11 168
 8 169
 11 170
 10 171
 12 172
 4 173
 6 174
 11 175
 5 176
 5 177
 9 178
 6 179
 5 180
 5 181
 5 182
 1 183
 1 184
 1 185
 3 186
 3 187
 3 188
 2 189
 1 190
 2 191
 2 192
 0 193
 0 194
 1 195
 2 196
 1 197
 0 198
 2 199
 2 200
 2 201
 1 202
 2 203
 0 204
 1 205
 0 206
 1 207
 0 208
 0 209
 0 210
 0 211
 3 212
 0 213
 0 214
 0 215
 0 216
 0 217
 0 218
 0 219
 0 220
 0 221
 0 222
 0 223
 0 224
 0 225
 0 226
 0 227
 0 228
 0 229
 1 230
 0 231
 0 232
 0 233
 0 234
 0 235
 0 236
 0 237
 0 238
 0 239
 0 240
 1 241
 0 242
 0 243
 0 244
 0 245
 0 246
 0 247
 0 248
 0 249
 0 250
 0 251
 0 252
 0 253
 0 254
 0 255
 0 256
 0 257
 0 258
 0 259
 0 260
 0 261
 0 262
 0 263
 0 264
 0 265
 0 266
 0 267
 0 268
 0 269
 0 270
 0 271
 0 272
 0 273
 0 274
 0 275
 0 276
 0 277
 0 278
 0 279
 0 280
 0 281
 0 282
 0 283
 0 284
 0 285
 0 286
 0 287
 0 288
 0 289
 0 290
 1 291
 0 292
 0 293
 0 294
 2 295
 0 296
 0 297
 1 298
 1 299
 3 300
 1 301
 0 302
 0 303
 2 304
 0 305
 1 306
 2 307
 0 308
 1 309
 2 310
 0 311
 0 312
 2 313
 0 314
 0 315
 1 316
 0 317
 1 318
 1 319
 1 320
 0 321
 2 322
 3 323
 2 324
 0 325
 1 326
 3 327
 2 328
 0 329
 1 330
 1 331
 0 332
 2 333
 1 334
 3 335
 1 336
 0 337
 1 338
 2 339
 1 340
 2 341
 2 342
 4 343
 0 344
 1 345
 1 346
 2 347
 1 348
 4 349
 0 350
 0 351
 2 352
 0 353
 0 354
 2 355
 0 356
 1 357
 1 358
 1 359
 0 360
 0 361
 2 362
 2 363
 0 364
 2 365
 1 366
 0 367
 0 368
 0 369
 2 370
 1 371
 3 372
 0 373
 0 374
 0 375
 2 376
 0 377
 1 378
 1 379
 1 380
 3 381
 0 382
 1 383
 0 384
 1 385
 0 386
 1 387
 1 388
 0 389
 0 390
 1 391
 0 392
 1 393
 0 394
 0 395
 0 396
 0 397
 0 398
 0 399
 0 400
 0 401
 0 402
 0 403
 0 404
 0 405
 1 406
 0 407
 0 408
 0 409
 0 410
 0 411
 0 412
 0 413
 0 414
 0 415
 0 416
 0 417
 0 418
 0 419
 0 420
 0 421
 0 422
 0 423
 0 424
 0 425
 0 426
 0 427
 0 428
 0 429
 0 430
 0 431
 0 432
 0 433
 0 434
 0 435
 0 436
 0 437
 0 438
 0 439
 0 440
 0 441
 0 442
 0 443
 0 444
 0 445
 0 446
 0 447
 0 448
 0 449
 0 450
 0 451
 0 452
 0 453
 0 454
 0 455
 0 456
 0 457
 0 458
 0 459
 0 460
 0 461
 0 462
 0 463
 0 464
 0 465
 0 466
 0 467
 0 468
 0 469
 0 470
 0 471
 0 472
 0 473
 0 474
 0 475
 0 476
 0 477
 0 478
 0 479
 0 480
 0 481
 0 482
 0 483
 0 484
 0 485
 0 486
 0 487
 0 488
 0 489
 0 490
 0 491
 0 492
 0 493
 0 494
 0 495
 0 496
 0 497
 0 498
 0 499
 0 500
 0 501
 0 502
 0 503
 0 504
 0 505
 0 506
 0 507
 0 508
 0 509
 0 510
 0 511
 0 512
 0 513
 0 514
 0 515
 0 516
 0 517
 0 518
 0 519
 0 520
 0 521
 0 522
 0 523
 0 524
 0 525
 0 526
 0 527
 0 528
 0 529
 0 530
 0 531
 0 532
 0 533
 0 534
 0 535
 0 536
 0 537
 0 538
 0 539
 0 540
 0 541
 0 542
 0 543
 0 544
 0 545
 0 546
 0 547
 0 548
 0 549
 0 550
 0 551
 0 552
 0 553
 0 554
 0 555
 0 556
 0 557
 0 558
 0 559
 0 560
 0 561
 0 562
 0 563
 0 564
 0 565
 0 566
 0 567
 0 568
 0 569
 0 570
 0 571
 0 572
 0 573
 0 574
 0 575
 0 576
 0 577
 0 578
 0 579
 0 580
 0 581
 0 582
 0 583
 0 584
 0 585
 0 586
 0 587
 0 588
 0 589
 0 590
 0 591
 0 592
 0 593
 0 594
 0 595
 0 596
 0 597
 0 598
 0 599
 0 600


