# Created by Octave 3.8.2, Mon Jun 22 19:05:33 2020 CEST <damian@fptrucha.inv.usc.es>
# name: hd
# type: matrix
# rows: 551
# columns: 2
 0 50
 0 51
 0 52
 0 53
 0 54
 0 55
 0 56
 0 57
 0 58
 0 59
 0 60
 0 61
 0 62
 0 63
 0 64
 0 65
 0 66
 0 67
 0 68
 0 69
 0 70
 0 71
 0 72
 0 73
 0 74
 0 75
 0 76
 0 77
 0 78
 0 79
 0 80
 0 81
 0 82
 0 83
 0 84
 0 85
 0 86
 0 87
 0 88
 0 89
 7 90
 9 91
 35 92
 82 93
 219 94
 411 95
 537 96
 700 97
 832 98
 1092 99
 1433 100
 1545 101
 1600 102
 1665 103
 1667 104
 1690 105
 1651 106
 1651 107
 1556 108
 1463 109
 1437 110
 1326 111
 1258 112
 1182 113
 1058 114
 956 115
 910 116
 855 117
 784 118
 695 119
 641 120
 548 121
 514 122
 453 123
 359 124
 390 125
 312 126
 308 127
 256 128
 235 129
 230 130
 186 131
 166 132
 167 133
 160 134
 145 135
 137 136
 102 137
 119 138
 102 139
 96 140
 101 141
 72 142
 60 143
 69 144
 73 145
 42 146
 56 147
 51 148
 53 149
 50 150
 46 151
 39 152
 49 153
 42 154
 36 155
 27 156
 37 157
 28 158
 25 159
 26 160
 30 161
 24 162
 30 163
 23 164
 26 165
 12 166
 10 167
 15 168
 15 169
 17 170
 7 171
 5 172
 10 173
 6 174
 8 175
 13 176
 10 177
 7 178
 8 179
 2 180
 5 181
 11 182
 3 183
 4 184
 0 185
 2 186
 5 187
 6 188
 4 189
 2 190
 2 191
 3 192
 2 193
 2 194
 3 195
 3 196
 1 197
 4 198
 1 199
 4 200
 1 201
 3 202
 2 203
 0 204
 1 205
 3 206
 1 207
 0 208
 0 209
 0 210
 1 211
 1 212
 1 213
 0 214
 1 215
 2 216
 1 217
 0 218
 0 219
 1 220
 0 221
 1 222
 0 223
 0 224
 0 225
 1 226
 0 227
 0 228
 0 229
 0 230
 0 231
 1 232
 0 233
 0 234
 0 235
 0 236
 0 237
 0 238
 0 239
 0 240
 0 241
 0 242
 0 243
 0 244
 0 245
 0 246
 0 247
 0 248
 0 249
 0 250
 0 251
 0 252
 0 253
 0 254
 0 255
 0 256
 0 257
 0 258
 0 259
 0 260
 0 261
 0 262
 0 263
 0 264
 0 265
 0 266
 0 267
 0 268
 0 269
 0 270
 0 271
 0 272
 0 273
 0 274
 0 275
 0 276
 0 277
 1 278
 0 279
 0 280
 0 281
 0 282
 0 283
 0 284
 0 285
 0 286
 0 287
 0 288
 0 289
 0 290
 0 291
 1 292
 0 293
 0 294
 0 295
 0 296
 0 297
 0 298
 0 299
 0 300
 1 301
 2 302
 0 303
 2 304
 0 305
 2 306
 0 307
 2 308
 3 309
 2 310
 2 311
 2 312
 2 313
 0 314
 5 315
 0 316
 3 317
 1 318
 2 319
 1 320
 3 321
 0 322
 2 323
 0 324
 2 325
 2 326
 2 327
 1 328
 1 329
 4 330
 1 331
 5 332
 0 333
 1 334
 1 335
 0 336
 2 337
 1 338
 0 339
 4 340
 1 341
 3 342
 0 343
 2 344
 0 345
 0 346
 3 347
 0 348
 4 349
 0 350
 2 351
 1 352
 1 353
 2 354
 3 355
 1 356
 1 357
 1 358
 2 359
 1 360
 1 361
 0 362
 0 363
 0 364
 2 365
 1 366
 0 367
 0 368
 0 369
 2 370
 0 371
 0 372
 0 373
 1 374
 0 375
 0 376
 0 377
 1 378
 2 379
 0 380
 0 381
 0 382
 0 383
 0 384
 0 385
 0 386
 2 387
 0 388
 0 389
 0 390
 0 391
 0 392
 0 393
 1 394
 0 395
 0 396
 0 397
 0 398
 1 399
 1 400
 1 401
 0 402
 0 403
 0 404
 0 405
 0 406
 0 407
 0 408
 0 409
 0 410
 0 411
 1 412
 0 413
 0 414
 0 415
 0 416
 0 417
 0 418
 0 419
 0 420
 0 421
 0 422
 0 423
 0 424
 0 425
 0 426
 0 427
 0 428
 0 429
 0 430
 0 431
 0 432
 0 433
 0 434
 0 435
 0 436
 0 437
 0 438
 0 439
 0 440
 0 441
 0 442
 0 443
 0 444
 0 445
 0 446
 0 447
 0 448
 0 449
 0 450
 0 451
 0 452
 0 453
 0 454
 0 455
 0 456
 0 457
 0 458
 0 459
 0 460
 0 461
 0 462
 0 463
 0 464
 0 465
 0 466
 0 467
 0 468
 0 469
 0 470
 0 471
 0 472
 0 473
 0 474
 0 475
 0 476
 0 477
 0 478
 0 479
 0 480
 0 481
 0 482
 0 483
 0 484
 0 485
 0 486
 0 487
 0 488
 0 489
 0 490
 0 491
 0 492
 0 493
 0 494
 0 495
 0 496
 0 497
 0 498
 0 499
 0 500
 0 501
 0 502
 0 503
 0 504
 0 505
 0 506
 0 507
 0 508
 0 509
 0 510
 0 511
 0 512
 0 513
 0 514
 0 515
 0 516
 0 517
 0 518
 0 519
 0 520
 0 521
 0 522
 0 523
 0 524
 0 525
 0 526
 0 527
 0 528
 0 529
 0 530
 0 531
 0 532
 0 533
 0 534
 0 535
 0 536
 0 537
 0 538
 0 539
 0 540
 0 541
 0 542
 0 543
 0 544
 0 545
 0 546
 0 547
 0 548
 0 549
 0 550
 0 551
 0 552
 0 553
 0 554
 0 555
 0 556
 0 557
 0 558
 0 559
 0 560
 0 561
 0 562
 0 563
 0 564
 0 565
 0 566
 0 567
 0 568
 0 569
 0 570
 0 571
 0 572
 0 573
 0 574
 0 575
 0 576
 0 577
 0 578
 0 579
 0 580
 0 581
 0 582
 0 583
 0 584
 0 585
 0 586
 0 587
 0 588
 0 589
 0 590
 0 591
 0 592
 0 593
 0 594
 0 595
 0 596
 0 597
 0 598
 0 599
 0 600


