# Created by Octave 3.8.2, Sat Jun 20 16:22:38 2020 CEST <damian@fptrucha.inv.usc.es>
# name: hd
# type: matrix
# rows: 551
# columns: 2
 0 50
 0 51
 0 52
 0 53
 0 54
 0 55
 0 56
 0 57
 0 58
 0 59
 0 60
 0 61
 0 62
 0 63
 0 64
 0 65
 0 66
 0 67
 0 68
 0 69
 0 70
 0 71
 0 72
 0 73
 0 74
 0 75
 0 76
 0 77
 0 78
 0 79
 0 80
 0 81
 0 82
 0 83
 0 84
 0 85
 0 86
 0 87
 0 88
 2 89
 5 90
 11 91
 57 92
 112 93
 268 94
 383 95
 494 96
 606 97
 857 98
 1135 99
 1104 100
 1274 101
 1268 102
 1354 103
 1389 104
 1474 105
 1462 106
 1420 107
 1394 108
 1357 109
 1346 110
 1260 111
 1145 112
 1133 113
 1049 114
 989 115
 935 116
 819 117
 769 118
 754 119
 730 120
 634 121
 606 122
 534 123
 490 124
 414 125
 420 126
 332 127
 361 128
 336 129
 292 130
 243 131
 225 132
 209 133
 181 134
 177 135
 156 136
 155 137
 131 138
 125 139
 104 140
 88 141
 95 142
 75 143
 79 144
 80 145
 56 146
 69 147
 65 148
 39 149
 66 150
 60 151
 49 152
 38 153
 49 154
 39 155
 34 156
 22 157
 28 158
 27 159
 32 160
 31 161
 25 162
 17 163
 20 164
 16 165
 19 166
 12 167
 15 168
 14 169
 19 170
 14 171
 11 172
 12 173
 4 174
 8 175
 13 176
 8 177
 8 178
 8 179
 6 180
 6 181
 4 182
 1 183
 6 184
 3 185
 5 186
 2 187
 6 188
 3 189
 3 190
 2 191
 4 192
 4 193
 1 194
 1 195
 0 196
 1 197
 2 198
 3 199
 0 200
 0 201
 1 202
 0 203
 1 204
 2 205
 1 206
 1 207
 2 208
 0 209
 0 210
 0 211
 0 212
 0 213
 1 214
 0 215
 1 216
 0 217
 0 218
 0 219
 0 220
 2 221
 0 222
 0 223
 0 224
 0 225
 0 226
 0 227
 0 228
 0 229
 0 230
 0 231
 0 232
 0 233
 0 234
 0 235
 0 236
 0 237
 0 238
 0 239
 0 240
 0 241
 1 242
 0 243
 0 244
 0 245
 0 246
 0 247
 0 248
 0 249
 0 250
 0 251
 0 252
 0 253
 0 254
 0 255
 0 256
 0 257
 0 258
 0 259
 0 260
 0 261
 0 262
 0 263
 0 264
 0 265
 0 266
 0 267
 0 268
 0 269
 0 270
 0 271
 0 272
 0 273
 0 274
 0 275
 0 276
 0 277
 0 278
 0 279
 0 280
 0 281
 0 282
 0 283
 0 284
 0 285
 0 286
 0 287
 0 288
 0 289
 0 290
 0 291
 1 292
 0 293
 0 294
 1 295
 0 296
 2 297
 0 298
 0 299
 2 300
 0 301
 1 302
 3 303
 0 304
 2 305
 1 306
 0 307
 0 308
 2 309
 0 310
 1 311
 0 312
 0 313
 0 314
 2 315
 2 316
 0 317
 1 318
 2 319
 3 320
 1 321
 3 322
 0 323
 0 324
 2 325
 2 326
 0 327
 1 328
 1 329
 2 330
 1 331
 1 332
 2 333
 5 334
 3 335
 1 336
 1 337
 3 338
 4 339
 0 340
 1 341
 1 342
 0 343
 0 344
 1 345
 3 346
 3 347
 3 348
 1 349
 0 350
 1 351
 1 352
 2 353
 0 354
 2 355
 0 356
 0 357
 2 358
 1 359
 6 360
 0 361
 3 362
 1 363
 2 364
 2 365
 2 366
 2 367
 3 368
 0 369
 0 370
 0 371
 1 372
 1 373
 0 374
 2 375
 0 376
 0 377
 1 378
 0 379
 0 380
 1 381
 1 382
 0 383
 1 384
 0 385
 0 386
 0 387
 1 388
 1 389
 0 390
 0 391
 1 392
 0 393
 1 394
 0 395
 1 396
 1 397
 0 398
 0 399
 0 400
 0 401
 0 402
 1 403
 0 404
 0 405
 1 406
 0 407
 0 408
 0 409
 1 410
 0 411
 0 412
 0 413
 0 414
 0 415
 0 416
 0 417
 0 418
 0 419
 0 420
 0 421
 0 422
 0 423
 0 424
 0 425
 0 426
 0 427
 0 428
 0 429
 0 430
 0 431
 0 432
 0 433
 0 434
 0 435
 0 436
 0 437
 0 438
 0 439
 0 440
 0 441
 0 442
 0 443
 0 444
 0 445
 0 446
 0 447
 0 448
 0 449
 0 450
 0 451
 0 452
 0 453
 0 454
 0 455
 0 456
 0 457
 0 458
 0 459
 0 460
 0 461
 1 462
 0 463
 0 464
 0 465
 0 466
 0 467
 0 468
 0 469
 0 470
 0 471
 0 472
 0 473
 0 474
 0 475
 0 476
 0 477
 0 478
 0 479
 0 480
 0 481
 0 482
 0 483
 0 484
 0 485
 0 486
 0 487
 0 488
 0 489
 0 490
 0 491
 0 492
 0 493
 0 494
 0 495
 0 496
 0 497
 0 498
 0 499
 0 500
 0 501
 0 502
 0 503
 0 504
 0 505
 0 506
 0 507
 0 508
 0 509
 0 510
 0 511
 0 512
 0 513
 0 514
 0 515
 0 516
 0 517
 0 518
 0 519
 0 520
 0 521
 0 522
 0 523
 0 524
 0 525
 0 526
 0 527
 0 528
 0 529
 0 530
 0 531
 0 532
 0 533
 0 534
 0 535
 0 536
 0 537
 0 538
 0 539
 0 540
 0 541
 0 542
 0 543
 0 544
 0 545
 0 546
 0 547
 0 548
 0 549
 0 550
 0 551
 0 552
 0 553
 0 554
 0 555
 0 556
 0 557
 0 558
 0 559
 0 560
 0 561
 0 562
 0 563
 0 564
 0 565
 0 566
 0 567
 0 568
 0 569
 0 570
 0 571
 0 572
 0 573
 0 574
 0 575
 0 576
 0 577
 0 578
 0 579
 0 580
 0 581
 0 582
 0 583
 0 584
 0 585
 0 586
 0 587
 0 588
 0 589
 0 590
 0 591
 0 592
 0 593
 0 594
 0 595
 0 596
 0 597
 0 598
 0 599
 0 600


