# Created by Octave 3.8.2, Sat Jun 20 17:56:24 2020 CEST <damian@fptrucha.inv.usc.es>
# name: hd
# type: matrix
# rows: 551
# columns: 2
 0 50
 0 51
 0 52
 0 53
 0 54
 0 55
 0 56
 0 57
 0 58
 0 59
 0 60
 0 61
 0 62
 0 63
 0 64
 0 65
 0 66
 0 67
 0 68
 0 69
 0 70
 0 71
 0 72
 0 73
 0 74
 0 75
 0 76
 0 77
 0 78
 0 79
 0 80
 0 81
 0 82
 0 83
 0 84
 0 85
 0 86
 0 87
 1 88
 2 89
 8 90
 21 91
 46 92
 122 93
 277 94
 395 95
 413 96
 572 97
 753 98
 1025 99
 1094 100
 1181 101
 1309 102
 1409 103
 1336 104
 1408 105
 1454 106
 1354 107
 1323 108
 1311 109
 1289 110
 1220 111
 1210 112
 1135 113
 1073 114
 970 115
 933 116
 873 117
 792 118
 761 119
 699 120
 628 121
 598 122
 533 123
 497 124
 425 125
 419 126
 366 127
 335 128
 258 129
 263 130
 227 131
 216 132
 225 133
 217 134
 190 135
 161 136
 140 137
 151 138
 114 139
 128 140
 119 141
 104 142
 87 143
 88 144
 77 145
 59 146
 78 147
 69 148
 45 149
 48 150
 52 151
 52 152
 59 153
 38 154
 35 155
 43 156
 42 157
 33 158
 31 159
 27 160
 26 161
 25 162
 23 163
 21 164
 33 165
 13 166
 12 167
 13 168
 6 169
 19 170
 10 171
 12 172
 9 173
 5 174
 7 175
 6 176
 10 177
 11 178
 8 179
 5 180
 9 181
 5 182
 4 183
 8 184
 6 185
 4 186
 4 187
 2 188
 4 189
 1 190
 3 191
 4 192
 2 193
 2 194
 3 195
 2 196
 0 197
 3 198
 0 199
 2 200
 3 201
 4 202
 2 203
 1 204
 0 205
 0 206
 0 207
 0 208
 0 209
 0 210
 0 211
 1 212
 0 213
 1 214
 0 215
 2 216
 1 217
 2 218
 0 219
 0 220
 0 221
 0 222
 0 223
 0 224
 0 225
 0 226
 0 227
 0 228
 1 229
 0 230
 0 231
 0 232
 0 233
 1 234
 0 235
 0 236
 0 237
 0 238
 0 239
 0 240
 0 241
 0 242
 0 243
 0 244
 0 245
 0 246
 0 247
 0 248
 0 249
 0 250
 0 251
 0 252
 0 253
 0 254
 0 255
 0 256
 0 257
 0 258
 0 259
 0 260
 0 261
 0 262
 0 263
 0 264
 0 265
 0 266
 0 267
 0 268
 0 269
 0 270
 0 271
 0 272
 0 273
 0 274
 0 275
 0 276
 1 277
 1 278
 0 279
 0 280
 0 281
 0 282
 0 283
 0 284
 0 285
 0 286
 0 287
 0 288
 0 289
 0 290
 0 291
 0 292
 0 293
 0 294
 0 295
 0 296
 0 297
 0 298
 1 299
 0 300
 0 301
 0 302
 1 303
 1 304
 0 305
 1 306
 0 307
 1 308
 1 309
 1 310
 2 311
 0 312
 1 313
 0 314
 1 315
 0 316
 2 317
 3 318
 1 319
 1 320
 4 321
 2 322
 1 323
 2 324
 1 325
 2 326
 1 327
 0 328
 1 329
 0 330
 3 331
 1 332
 1 333
 0 334
 2 335
 0 336
 0 337
 0 338
 4 339
 0 340
 3 341
 5 342
 0 343
 0 344
 0 345
 1 346
 0 347
 1 348
 3 349
 2 350
 0 351
 3 352
 4 353
 0 354
 2 355
 4 356
 1 357
 0 358
 4 359
 0 360
 0 361
 1 362
 0 363
 1 364
 1 365
 2 366
 3 367
 0 368
 1 369
 1 370
 2 371
 2 372
 0 373
 0 374
 0 375
 1 376
 0 377
 0 378
 0 379
 3 380
 1 381
 0 382
 1 383
 1 384
 1 385
 1 386
 0 387
 1 388
 1 389
 0 390
 0 391
 0 392
 1 393
 0 394
 0 395
 0 396
 1 397
 0 398
 0 399
 0 400
 0 401
 0 402
 0 403
 0 404
 1 405
 0 406
 1 407
 0 408
 0 409
 0 410
 0 411
 0 412
 0 413
 0 414
 0 415
 0 416
 0 417
 0 418
 0 419
 0 420
 0 421
 0 422
 0 423
 0 424
 0 425
 0 426
 0 427
 0 428
 0 429
 0 430
 0 431
 0 432
 0 433
 0 434
 0 435
 0 436
 0 437
 0 438
 0 439
 0 440
 0 441
 0 442
 0 443
 0 444
 0 445
 0 446
 0 447
 0 448
 0 449
 0 450
 0 451
 0 452
 0 453
 0 454
 0 455
 0 456
 0 457
 0 458
 0 459
 0 460
 0 461
 0 462
 0 463
 0 464
 0 465
 0 466
 0 467
 0 468
 0 469
 0 470
 0 471
 0 472
 0 473
 0 474
 0 475
 0 476
 0 477
 0 478
 0 479
 0 480
 0 481
 0 482
 0 483
 0 484
 0 485
 0 486
 0 487
 0 488
 0 489
 0 490
 0 491
 0 492
 0 493
 0 494
 0 495
 0 496
 0 497
 0 498
 0 499
 0 500
 0 501
 0 502
 0 503
 0 504
 0 505
 0 506
 0 507
 0 508
 0 509
 0 510
 0 511
 0 512
 0 513
 0 514
 0 515
 0 516
 0 517
 0 518
 0 519
 0 520
 0 521
 0 522
 0 523
 0 524
 0 525
 0 526
 0 527
 0 528
 0 529
 0 530
 0 531
 0 532
 0 533
 0 534
 0 535
 0 536
 0 537
 0 538
 0 539
 0 540
 0 541
 0 542
 0 543
 0 544
 0 545
 0 546
 0 547
 0 548
 0 549
 0 550
 0 551
 0 552
 0 553
 0 554
 0 555
 0 556
 0 557
 0 558
 0 559
 0 560
 0 561
 0 562
 0 563
 0 564
 0 565
 0 566
 0 567
 0 568
 0 569
 0 570
 0 571
 0 572
 0 573
 0 574
 0 575
 0 576
 0 577
 0 578
 0 579
 0 580
 0 581
 0 582
 0 583
 0 584
 0 585
 0 586
 0 587
 0 588
 0 589
 0 590
 0 591
 0 592
 0 593
 0 594
 0 595
 0 596
 0 597
 0 598
 0 599
 0 600


