# Created by Octave 3.8.2, Sat Jun 20 08:31:12 2020 CEST <damian@fptrucha.inv.usc.es>
# name: hd
# type: matrix
# rows: 551
# columns: 2
 0 50
 0 51
 0 52
 0 53
 0 54
 0 55
 0 56
 0 57
 0 58
 0 59
 0 60
 0 61
 0 62
 0 63
 0 64
 0 65
 0 66
 0 67
 0 68
 0 69
 0 70
 0 71
 0 72
 0 73
 0 74
 0 75
 0 76
 0 77
 0 78
 0 79
 0 80
 0 81
 0 82
 0 83
 0 84
 0 85
 0 86
 0 87
 0 88
 3 89
 12 90
 21 91
 59 92
 155 93
 333 94
 545 95
 650 96
 826 97
 1031 98
 1344 99
 1444 100
 1557 101
 1677 102
 1738 103
 1662 104
 1679 105
 1738 106
 1664 107
 1630 108
 1573 109
 1508 110
 1389 111
 1323 112
 1227 113
 1155 114
 1118 115
 1038 116
 909 117
 827 118
 749 119
 672 120
 604 121
 568 122
 530 123
 455 124
 462 125
 358 126
 345 127
 299 128
 285 129
 255 130
 222 131
 193 132
 208 133
 152 134
 171 135
 146 136
 130 137
 131 138
 107 139
 101 140
 90 141
 79 142
 72 143
 73 144
 83 145
 62 146
 68 147
 78 148
 52 149
 49 150
 38 151
 43 152
 37 153
 34 154
 30 155
 31 156
 39 157
 39 158
 33 159
 20 160
 26 161
 21 162
 27 163
 19 164
 19 165
 19 166
 18 167
 14 168
 13 169
 9 170
 6 171
 12 172
 19 173
 6 174
 7 175
 9 176
 8 177
 4 178
 9 179
 4 180
 5 181
 4 182
 5 183
 9 184
 2 185
 3 186
 2 187
 2 188
 5 189
 1 190
 2 191
 3 192
 5 193
 1 194
 1 195
 1 196
 3 197
 2 198
 0 199
 1 200
 0 201
 1 202
 0 203
 0 204
 1 205
 0 206
 2 207
 0 208
 0 209
 0 210
 0 211
 0 212
 0 213
 0 214
 0 215
 0 216
 0 217
 0 218
 0 219
 0 220
 0 221
 0 222
 0 223
 0 224
 0 225
 0 226
 0 227
 0 228
 0 229
 0 230
 1 231
 0 232
 0 233
 0 234
 0 235
 0 236
 0 237
 0 238
 0 239
 0 240
 0 241
 0 242
 0 243
 0 244
 0 245
 0 246
 0 247
 0 248
 0 249
 0 250
 0 251
 0 252
 0 253
 0 254
 0 255
 0 256
 0 257
 0 258
 0 259
 0 260
 0 261
 0 262
 0 263
 0 264
 0 265
 0 266
 0 267
 0 268
 0 269
 0 270
 0 271
 0 272
 0 273
 0 274
 0 275
 0 276
 0 277
 0 278
 0 279
 0 280
 0 281
 0 282
 0 283
 0 284
 0 285
 0 286
 0 287
 0 288
 1 289
 0 290
 0 291
 0 292
 0 293
 1 294
 1 295
 0 296
 0 297
 1 298
 0 299
 0 300
 0 301
 0 302
 0 303
 1 304
 0 305
 0 306
 0 307
 1 308
 1 309
 2 310
 0 311
 1 312
 0 313
 0 314
 1 315
 0 316
 1 317
 1 318
 0 319
 1 320
 1 321
 1 322
 0 323
 1 324
 1 325
 2 326
 1 327
 0 328
 1 329
 1 330
 0 331
 0 332
 1 333
 0 334
 1 335
 4 336
 1 337
 1 338
 2 339
 1 340
 2 341
 0 342
 2 343
 2 344
 0 345
 0 346
 1 347
 3 348
 0 349
 1 350
 2 351
 0 352
 0 353
 1 354
 1 355
 0 356
 0 357
 1 358
 1 359
 0 360
 1 361
 0 362
 1 363
 0 364
 2 365
 0 366
 2 367
 1 368
 0 369
 2 370
 0 371
 0 372
 1 373
 3 374
 2 375
 0 376
 1 377
 0 378
 0 379
 2 380
 0 381
 1 382
 0 383
 0 384
 1 385
 0 386
 2 387
 0 388
 1 389
 0 390
 0 391
 0 392
 0 393
 0 394
 1 395
 0 396
 0 397
 0 398
 1 399
 0 400
 0 401
 0 402
 0 403
 1 404
 0 405
 2 406
 0 407
 0 408
 0 409
 0 410
 0 411
 0 412
 0 413
 1 414
 0 415
 0 416
 0 417
 0 418
 1 419
 0 420
 0 421
 0 422
 0 423
 0 424
 0 425
 0 426
 0 427
 0 428
 0 429
 0 430
 0 431
 0 432
 0 433
 0 434
 0 435
 0 436
 0 437
 0 438
 0 439
 0 440
 0 441
 0 442
 0 443
 0 444
 0 445
 0 446
 0 447
 0 448
 0 449
 0 450
 0 451
 0 452
 0 453
 0 454
 0 455
 0 456
 0 457
 0 458
 0 459
 0 460
 0 461
 0 462
 0 463
 0 464
 0 465
 0 466
 0 467
 0 468
 0 469
 0 470
 0 471
 0 472
 0 473
 0 474
 0 475
 0 476
 0 477
 0 478
 0 479
 0 480
 0 481
 0 482
 0 483
 0 484
 0 485
 0 486
 0 487
 0 488
 0 489
 0 490
 0 491
 0 492
 0 493
 0 494
 0 495
 0 496
 0 497
 0 498
 0 499
 0 500
 0 501
 0 502
 0 503
 0 504
 0 505
 0 506
 0 507
 0 508
 0 509
 0 510
 0 511
 0 512
 0 513
 0 514
 0 515
 0 516
 0 517
 0 518
 0 519
 0 520
 0 521
 0 522
 0 523
 0 524
 0 525
 0 526
 0 527
 0 528
 0 529
 0 530
 0 531
 0 532
 0 533
 0 534
 0 535
 0 536
 0 537
 0 538
 0 539
 0 540
 0 541
 0 542
 0 543
 0 544
 0 545
 0 546
 0 547
 0 548
 0 549
 0 550
 0 551
 0 552
 0 553
 0 554
 0 555
 0 556
 0 557
 0 558
 0 559
 0 560
 0 561
 0 562
 0 563
 0 564
 0 565
 0 566
 0 567
 0 568
 0 569
 0 570
 0 571
 0 572
 0 573
 0 574
 0 575
 0 576
 0 577
 0 578
 0 579
 0 580
 0 581
 0 582
 0 583
 0 584
 0 585
 0 586
 0 587
 0 588
 0 589
 0 590
 0 591
 0 592
 0 593
 0 594
 0 595
 0 596
 0 597
 0 598
 0 599
 0 600


