# Created by Octave 3.8.2, Mon Jun 22 21:17:48 2020 CEST <damian@fptrucha.inv.usc.es>
# name: hd
# type: matrix
# rows: 551
# columns: 2
 0 50
 0 51
 0 52
 0 53
 0 54
 0 55
 0 56
 0 57
 0 58
 0 59
 0 60
 0 61
 0 62
 0 63
 0 64
 0 65
 0 66
 0 67
 0 68
 0 69
 0 70
 0 71
 0 72
 0 73
 0 74
 0 75
 0 76
 0 77
 0 78
 0 79
 0 80
 0 81
 0 82
 0 83
 0 84
 0 85
 0 86
 0 87
 0 88
 0 89
 4 90
 10 91
 47 92
 92 93
 216 94
 399 95
 568 96
 628 97
 801 98
 1204 99
 1333 100
 1572 101
 1580 102
 1686 103
 1658 104
 1625 105
 1694 106
 1599 107
 1510 108
 1520 109
 1412 110
 1355 111
 1224 112
 1207 113
 1078 114
 1045 115
 922 116
 792 117
 769 118
 656 119
 640 120
 572 121
 516 122
 455 123
 426 124
 383 125
 363 126
 313 127
 278 128
 241 129
 214 130
 204 131
 187 132
 177 133
 154 134
 146 135
 131 136
 102 137
 82 138
 122 139
 101 140
 86 141
 83 142
 76 143
 62 144
 60 145
 67 146
 41 147
 60 148
 42 149
 47 150
 40 151
 46 152
 39 153
 32 154
 40 155
 43 156
 35 157
 37 158
 19 159
 24 160
 31 161
 24 162
 23 163
 25 164
 19 165
 19 166
 11 167
 24 168
 15 169
 10 170
 12 171
 16 172
 16 173
 10 174
 14 175
 8 176
 10 177
 9 178
 6 179
 4 180
 15 181
 5 182
 9 183
 8 184
 1 185
 4 186
 2 187
 3 188
 4 189
 1 190
 2 191
 1 192
 4 193
 3 194
 2 195
 3 196
 1 197
 3 198
 2 199
 2 200
 1 201
 2 202
 0 203
 0 204
 1 205
 1 206
 1 207
 1 208
 1 209
 0 210
 0 211
 1 212
 0 213
 1 214
 0 215
 0 216
 0 217
 0 218
 0 219
 0 220
 0 221
 0 222
 0 223
 0 224
 0 225
 0 226
 0 227
 0 228
 0 229
 0 230
 0 231
 1 232
 0 233
 0 234
 0 235
 0 236
 0 237
 0 238
 0 239
 0 240
 0 241
 0 242
 0 243
 0 244
 0 245
 0 246
 0 247
 0 248
 0 249
 0 250
 0 251
 0 252
 0 253
 0 254
 0 255
 0 256
 0 257
 0 258
 0 259
 0 260
 0 261
 0 262
 0 263
 0 264
 0 265
 0 266
 0 267
 0 268
 0 269
 0 270
 0 271
 0 272
 0 273
 0 274
 0 275
 0 276
 0 277
 0 278
 0 279
 0 280
 0 281
 0 282
 0 283
 0 284
 0 285
 0 286
 0 287
 1 288
 0 289
 0 290
 1 291
 2 292
 0 293
 0 294
 1 295
 0 296
 1 297
 0 298
 1 299
 1 300
 0 301
 0 302
 0 303
 2 304
 2 305
 0 306
 0 307
 2 308
 1 309
 0 310
 1 311
 1 312
 3 313
 0 314
 1 315
 1 316
 2 317
 1 318
 1 319
 0 320
 1 321
 1 322
 1 323
 1 324
 1 325
 0 326
 4 327
 1 328
 3 329
 1 330
 1 331
 1 332
 1 333
 3 334
 1 335
 1 336
 3 337
 1 338
 1 339
 1 340
 2 341
 2 342
 2 343
 1 344
 1 345
 1 346
 2 347
 4 348
 0 349
 3 350
 1 351
 0 352
 3 353
 1 354
 2 355
 1 356
 0 357
 2 358
 2 359
 1 360
 2 361
 1 362
 1 363
 3 364
 2 365
 2 366
 0 367
 0 368
 1 369
 0 370
 0 371
 0 372
 0 373
 0 374
 1 375
 0 376
 1 377
 0 378
 2 379
 1 380
 0 381
 1 382
 2 383
 0 384
 2 385
 0 386
 1 387
 0 388
 1 389
 1 390
 0 391
 1 392
 1 393
 0 394
 2 395
 0 396
 0 397
 0 398
 1 399
 0 400
 0 401
 1 402
 1 403
 0 404
 0 405
 0 406
 1 407
 0 408
 0 409
 0 410
 0 411
 1 412
 0 413
 0 414
 0 415
 0 416
 0 417
 0 418
 0 419
 0 420
 0 421
 0 422
 0 423
 0 424
 0 425
 0 426
 0 427
 0 428
 0 429
 0 430
 0 431
 0 432
 0 433
 0 434
 0 435
 0 436
 0 437
 0 438
 0 439
 0 440
 0 441
 0 442
 0 443
 0 444
 0 445
 0 446
 0 447
 0 448
 0 449
 0 450
 0 451
 0 452
 0 453
 0 454
 0 455
 0 456
 0 457
 0 458
 0 459
 0 460
 0 461
 0 462
 0 463
 0 464
 0 465
 0 466
 0 467
 0 468
 0 469
 0 470
 0 471
 0 472
 0 473
 0 474
 0 475
 0 476
 0 477
 0 478
 0 479
 0 480
 0 481
 0 482
 0 483
 0 484
 0 485
 0 486
 0 487
 0 488
 0 489
 0 490
 0 491
 0 492
 0 493
 0 494
 0 495
 0 496
 0 497
 0 498
 0 499
 0 500
 0 501
 0 502
 0 503
 0 504
 0 505
 0 506
 0 507
 0 508
 0 509
 0 510
 0 511
 0 512
 0 513
 0 514
 0 515
 0 516
 0 517
 0 518
 0 519
 0 520
 0 521
 0 522
 0 523
 0 524
 0 525
 0 526
 0 527
 0 528
 0 529
 0 530
 0 531
 0 532
 0 533
 0 534
 0 535
 0 536
 0 537
 0 538
 0 539
 0 540
 0 541
 0 542
 0 543
 0 544
 0 545
 0 546
 0 547
 0 548
 0 549
 0 550
 0 551
 0 552
 0 553
 0 554
 0 555
 0 556
 0 557
 0 558
 0 559
 0 560
 0 561
 0 562
 0 563
 0 564
 0 565
 0 566
 0 567
 0 568
 0 569
 0 570
 0 571
 0 572
 0 573
 0 574
 0 575
 0 576
 0 577
 0 578
 0 579
 0 580
 0 581
 0 582
 0 583
 0 584
 0 585
 0 586
 0 587
 0 588
 0 589
 0 590
 0 591
 0 592
 0 593
 0 594
 0 595
 0 596
 0 597
 0 598
 0 599
 0 600


