# Created by Octave 3.8.2, Mon Jun 22 18:13:13 2020 CEST <damian@fptrucha.inv.usc.es>
# name: hd
# type: matrix
# rows: 551
# columns: 2
 0 50
 0 51
 0 52
 0 53
 0 54
 0 55
 0 56
 0 57
 0 58
 0 59
 0 60
 0 61
 0 62
 0 63
 0 64
 0 65
 0 66
 0 67
 0 68
 0 69
 0 70
 0 71
 0 72
 0 73
 0 74
 0 75
 0 76
 0 77
 0 78
 0 79
 0 80
 0 81
 0 82
 0 83
 0 84
 0 85
 0 86
 0 87
 0 88
 1 89
 8 90
 14 91
 32 92
 110 93
 203 94
 405 95
 577 96
 651 97
 838 98
 1161 99
 1427 100
 1491 101
 1619 102
 1625 103
 1669 104
 1635 105
 1602 106
 1641 107
 1509 108
 1451 109
 1333 110
 1342 111
 1189 112
 1156 113
 1052 114
 976 115
 924 116
 812 117
 687 118
 671 119
 581 120
 554 121
 480 122
 461 123
 396 124
 335 125
 339 126
 314 127
 261 128
 227 129
 239 130
 198 131
 177 132
 144 133
 162 134
 115 135
 120 136
 108 137
 121 138
 104 139
 73 140
 79 141
 75 142
 90 143
 70 144
 65 145
 55 146
 53 147
 50 148
 59 149
 35 150
 45 151
 43 152
 38 153
 43 154
 35 155
 36 156
 25 157
 28 158
 25 159
 25 160
 25 161
 25 162
 21 163
 19 164
 28 165
 17 166
 12 167
 17 168
 13 169
 11 170
 4 171
 8 172
 18 173
 11 174
 14 175
 12 176
 9 177
 5 178
 10 179
 2 180
 5 181
 6 182
 4 183
 2 184
 6 185
 2 186
 4 187
 5 188
 6 189
 3 190
 0 191
 0 192
 5 193
 2 194
 1 195
 1 196
 2 197
 1 198
 1 199
 3 200
 2 201
 1 202
 1 203
 1 204
 0 205
 1 206
 1 207
 2 208
 0 209
 1 210
 2 211
 0 212
 0 213
 0 214
 1 215
 2 216
 1 217
 0 218
 0 219
 0 220
 1 221
 0 222
 0 223
 1 224
 0 225
 1 226
 0 227
 0 228
 0 229
 0 230
 1 231
 0 232
 0 233
 0 234
 0 235
 0 236
 0 237
 0 238
 1 239
 0 240
 0 241
 0 242
 0 243
 0 244
 0 245
 0 246
 0 247
 0 248
 0 249
 0 250
 0 251
 0 252
 0 253
 0 254
 0 255
 0 256
 0 257
 0 258
 0 259
 0 260
 0 261
 0 262
 0 263
 0 264
 0 265
 0 266
 0 267
 0 268
 0 269
 0 270
 0 271
 0 272
 0 273
 0 274
 0 275
 0 276
 0 277
 0 278
 1 279
 0 280
 0 281
 0 282
 0 283
 0 284
 0 285
 0 286
 0 287
 0 288
 0 289
 1 290
 0 291
 0 292
 0 293
 1 294
 0 295
 1 296
 0 297
 1 298
 0 299
 1 300
 0 301
 1 302
 0 303
 1 304
 0 305
 1 306
 0 307
 2 308
 0 309
 3 310
 0 311
 1 312
 0 313
 2 314
 3 315
 2 316
 1 317
 2 318
 0 319
 1 320
 1 321
 0 322
 4 323
 2 324
 2 325
 0 326
 1 327
 1 328
 2 329
 0 330
 1 331
 0 332
 1 333
 3 334
 2 335
 0 336
 0 337
 1 338
 0 339
 4 340
 2 341
 4 342
 1 343
 2 344
 1 345
 1 346
 3 347
 2 348
 1 349
 1 350
 1 351
 1 352
 1 353
 3 354
 3 355
 3 356
 2 357
 2 358
 2 359
 1 360
 1 361
 1 362
 1 363
 0 364
 0 365
 2 366
 0 367
 3 368
 1 369
 3 370
 0 371
 0 372
 1 373
 1 374
 0 375
 1 376
 0 377
 1 378
 0 379
 0 380
 0 381
 1 382
 1 383
 0 384
 1 385
 0 386
 0 387
 0 388
 0 389
 0 390
 0 391
 2 392
 1 393
 0 394
 2 395
 0 396
 0 397
 0 398
 0 399
 0 400
 0 401
 0 402
 1 403
 0 404
 0 405
 0 406
 0 407
 0 408
 0 409
 0 410
 0 411
 0 412
 0 413
 0 414
 0 415
 0 416
 0 417
 0 418
 1 419
 0 420
 0 421
 0 422
 0 423
 0 424
 0 425
 0 426
 0 427
 0 428
 0 429
 0 430
 0 431
 0 432
 0 433
 0 434
 0 435
 0 436
 0 437
 0 438
 0 439
 0 440
 0 441
 0 442
 0 443
 0 444
 0 445
 0 446
 0 447
 0 448
 0 449
 0 450
 0 451
 0 452
 0 453
 0 454
 0 455
 0 456
 0 457
 0 458
 0 459
 0 460
 0 461
 0 462
 0 463
 0 464
 0 465
 0 466
 0 467
 0 468
 0 469
 0 470
 0 471
 0 472
 0 473
 0 474
 0 475
 0 476
 0 477
 0 478
 0 479
 0 480
 0 481
 0 482
 0 483
 0 484
 0 485
 0 486
 0 487
 0 488
 0 489
 0 490
 0 491
 0 492
 0 493
 0 494
 0 495
 0 496
 0 497
 0 498
 0 499
 0 500
 0 501
 0 502
 0 503
 0 504
 0 505
 0 506
 0 507
 0 508
 0 509
 0 510
 0 511
 0 512
 0 513
 0 514
 0 515
 0 516
 0 517
 0 518
 0 519
 0 520
 0 521
 0 522
 0 523
 0 524
 0 525
 0 526
 0 527
 0 528
 0 529
 0 530
 0 531
 0 532
 0 533
 0 534
 0 535
 0 536
 0 537
 0 538
 0 539
 0 540
 0 541
 0 542
 0 543
 0 544
 0 545
 0 546
 0 547
 0 548
 0 549
 0 550
 0 551
 0 552
 0 553
 0 554
 0 555
 0 556
 0 557
 0 558
 0 559
 0 560
 0 561
 0 562
 0 563
 0 564
 0 565
 0 566
 0 567
 0 568
 0 569
 0 570
 0 571
 0 572
 0 573
 0 574
 0 575
 0 576
 0 577
 0 578
 0 579
 0 580
 0 581
 0 582
 0 583
 0 584
 0 585
 0 586
 0 587
 0 588
 0 589
 0 590
 0 591
 0 592
 0 593
 0 594
 0 595
 0 596
 0 597
 0 598
 0 599
 0 600


