# Created by Octave 3.8.2, Mon Jun 22 10:16:33 2020 CEST <damian@fptrucha.inv.usc.es>
# name: hd
# type: matrix
# rows: 551
# columns: 2
 0 50
 0 51
 0 52
 0 53
 0 54
 0 55
 0 56
 0 57
 0 58
 0 59
 0 60
 0 61
 0 62
 0 63
 0 64
 0 65
 0 66
 0 67
 0 68
 0 69
 0 70
 0 71
 0 72
 0 73
 0 74
 0 75
 0 76
 0 77
 0 78
 0 79
 0 80
 0 81
 0 82
 0 83
 0 84
 0 85
 0 86
 0 87
 0 88
 1 89
 4 90
 15 91
 38 92
 83 93
 184 94
 382 95
 531 96
 624 97
 774 98
 1068 99
 1361 100
 1470 101
 1429 102
 1572 103
 1551 104
 1611 105
 1569 106
 1521 107
 1547 108
 1392 109
 1342 110
 1264 111
 1190 112
 1057 113
 995 114
 925 115
 895 116
 704 117
 733 118
 631 119
 577 120
 528 121
 515 122
 432 123
 369 124
 304 125
 306 126
 268 127
 261 128
 235 129
 206 130
 162 131
 162 132
 160 133
 154 134
 111 135
 122 136
 125 137
 92 138
 85 139
 90 140
 61 141
 70 142
 76 143
 68 144
 60 145
 50 146
 45 147
 46 148
 55 149
 35 150
 40 151
 41 152
 28 153
 35 154
 42 155
 32 156
 32 157
 32 158
 20 159
 26 160
 23 161
 27 162
 23 163
 15 164
 21 165
 15 166
 17 167
 10 168
 12 169
 8 170
 13 171
 13 172
 4 173
 5 174
 8 175
 8 176
 5 177
 6 178
 7 179
 8 180
 6 181
 5 182
 7 183
 6 184
 8 185
 6 186
 2 187
 6 188
 1 189
 5 190
 2 191
 3 192
 4 193
 2 194
 1 195
 3 196
 2 197
 4 198
 2 199
 4 200
 4 201
 2 202
 2 203
 1 204
 1 205
 2 206
 2 207
 0 208
 1 209
 0 210
 0 211
 2 212
 1 213
 1 214
 1 215
 0 216
 0 217
 0 218
 0 219
 0 220
 0 221
 0 222
 1 223
 0 224
 0 225
 0 226
 0 227
 0 228
 0 229
 1 230
 0 231
 0 232
 0 233
 0 234
 0 235
 0 236
 0 237
 0 238
 0 239
 0 240
 0 241
 0 242
 0 243
 0 244
 0 245
 1 246
 0 247
 0 248
 0 249
 0 250
 0 251
 0 252
 0 253
 0 254
 0 255
 0 256
 0 257
 0 258
 0 259
 0 260
 0 261
 0 262
 0 263
 0 264
 0 265
 0 266
 0 267
 0 268
 0 269
 0 270
 0 271
 0 272
 0 273
 0 274
 0 275
 0 276
 0 277
 0 278
 0 279
 0 280
 0 281
 0 282
 0 283
 0 284
 1 285
 0 286
 0 287
 0 288
 0 289
 0 290
 1 291
 0 292
 0 293
 0 294
 0 295
 1 296
 0 297
 1 298
 0 299
 2 300
 1 301
 0 302
 0 303
 0 304
 1 305
 1 306
 1 307
 1 308
 0 309
 0 310
 2 311
 2 312
 0 313
 0 314
 2 315
 0 316
 0 317
 2 318
 0 319
 0 320
 2 321
 2 322
 3 323
 1 324
 0 325
 2 326
 1 327
 1 328
 2 329
 1 330
 3 331
 0 332
 4 333
 1 334
 1 335
 0 336
 0 337
 0 338
 2 339
 2 340
 2 341
 2 342
 2 343
 1 344
 2 345
 0 346
 2 347
 1 348
 2 349
 2 350
 0 351
 1 352
 3 353
 3 354
 1 355
 2 356
 0 357
 0 358
 4 359
 1 360
 1 361
 2 362
 1 363
 0 364
 0 365
 0 366
 0 367
 1 368
 2 369
 0 370
 0 371
 0 372
 0 373
 0 374
 0 375
 1 376
 1 377
 0 378
 0 379
 0 380
 0 381
 2 382
 0 383
 0 384
 0 385
 0 386
 1 387
 0 388
 0 389
 2 390
 1 391
 0 392
 0 393
 0 394
 1 395
 1 396
 0 397
 0 398
 0 399
 1 400
 0 401
 1 402
 0 403
 0 404
 0 405
 0 406
 1 407
 0 408
 0 409
 0 410
 0 411
 0 412
 0 413
 0 414
 0 415
 0 416
 0 417
 0 418
 0 419
 0 420
 0 421
 0 422
 1 423
 0 424
 0 425
 0 426
 0 427
 0 428
 0 429
 1 430
 0 431
 0 432
 0 433
 0 434
 0 435
 0 436
 0 437
 0 438
 0 439
 0 440
 0 441
 0 442
 0 443
 0 444
 0 445
 0 446
 0 447
 0 448
 0 449
 0 450
 0 451
 0 452
 0 453
 0 454
 0 455
 0 456
 0 457
 0 458
 0 459
 0 460
 0 461
 0 462
 0 463
 0 464
 0 465
 0 466
 0 467
 0 468
 0 469
 0 470
 0 471
 0 472
 0 473
 0 474
 0 475
 0 476
 0 477
 0 478
 0 479
 0 480
 0 481
 0 482
 0 483
 0 484
 0 485
 0 486
 0 487
 0 488
 0 489
 0 490
 0 491
 0 492
 0 493
 0 494
 0 495
 0 496
 0 497
 0 498
 0 499
 0 500
 0 501
 0 502
 0 503
 0 504
 0 505
 0 506
 0 507
 0 508
 0 509
 0 510
 0 511
 0 512
 0 513
 0 514
 0 515
 0 516
 0 517
 0 518
 0 519
 0 520
 0 521
 0 522
 0 523
 0 524
 0 525
 0 526
 0 527
 0 528
 0 529
 0 530
 0 531
 0 532
 0 533
 0 534
 0 535
 0 536
 0 537
 0 538
 0 539
 0 540
 0 541
 0 542
 0 543
 0 544
 0 545
 0 546
 0 547
 0 548
 0 549
 0 550
 0 551
 0 552
 0 553
 0 554
 0 555
 0 556
 0 557
 0 558
 0 559
 0 560
 0 561
 0 562
 0 563
 0 564
 0 565
 0 566
 0 567
 0 568
 0 569
 0 570
 0 571
 0 572
 0 573
 0 574
 0 575
 0 576
 0 577
 0 578
 0 579
 0 580
 0 581
 0 582
 0 583
 0 584
 0 585
 0 586
 0 587
 0 588
 0 589
 0 590
 0 591
 0 592
 0 593
 0 594
 0 595
 0 596
 0 597
 0 598
 0 599
 0 600


