# Created by Octave 3.8.2, Mon Jun 22 19:48:33 2020 CEST <damian@fptrucha.inv.usc.es>
# name: hd
# type: matrix
# rows: 551
# columns: 2
 0 50
 0 51
 0 52
 0 53
 0 54
 0 55
 0 56
 0 57
 0 58
 0 59
 0 60
 0 61
 0 62
 0 63
 0 64
 0 65
 0 66
 0 67
 0 68
 0 69
 0 70
 0 71
 0 72
 0 73
 0 74
 0 75
 0 76
 0 77
 0 78
 0 79
 0 80
 0 81
 0 82
 0 83
 0 84
 0 85
 0 86
 0 87
 0 88
 0 89
 8 90
 3 91
 27 92
 88 93
 216 94
 369 95
 527 96
 652 97
 832 98
 1111 99
 1481 100
 1535 101
 1543 102
 1593 103
 1662 104
 1697 105
 1578 106
 1573 107
 1521 108
 1424 109
 1408 110
 1300 111
 1240 112
 1127 113
 1074 114
 950 115
 863 116
 867 117
 718 118
 695 119
 635 120
 569 121
 543 122
 467 123
 359 124
 370 125
 344 126
 328 127
 257 128
 245 129
 250 130
 198 131
 185 132
 163 133
 160 134
 169 135
 130 136
 113 137
 115 138
 100 139
 86 140
 83 141
 78 142
 84 143
 70 144
 66 145
 72 146
 67 147
 60 148
 58 149
 51 150
 36 151
 38 152
 43 153
 43 154
 32 155
 22 156
 38 157
 26 158
 23 159
 37 160
 22 161
 34 162
 12 163
 25 164
 16 165
 11 166
 19 167
 16 168
 17 169
 9 170
 15 171
 7 172
 6 173
 10 174
 8 175
 11 176
 6 177
 6 178
 9 179
 4 180
 7 181
 6 182
 4 183
 4 184
 2 185
 4 186
 3 187
 5 188
 6 189
 3 190
 5 191
 6 192
 6 193
 2 194
 0 195
 4 196
 3 197
 3 198
 2 199
 0 200
 0 201
 0 202
 2 203
 1 204
 0 205
 3 206
 1 207
 1 208
 0 209
 0 210
 2 211
 0 212
 2 213
 0 214
 1 215
 0 216
 0 217
 0 218
 1 219
 2 220
 0 221
 0 222
 0 223
 0 224
 0 225
 0 226
 0 227
 0 228
 1 229
 0 230
 0 231
 0 232
 0 233
 0 234
 0 235
 0 236
 0 237
 0 238
 0 239
 0 240
 0 241
 0 242
 0 243
 0 244
 0 245
 0 246
 0 247
 0 248
 0 249
 0 250
 0 251
 0 252
 0 253
 0 254
 0 255
 0 256
 0 257
 0 258
 0 259
 0 260
 0 261
 0 262
 0 263
 0 264
 0 265
 0 266
 0 267
 0 268
 0 269
 0 270
 0 271
 0 272
 0 273
 1 274
 0 275
 0 276
 0 277
 0 278
 0 279
 0 280
 0 281
 0 282
 0 283
 0 284
 0 285
 0 286
 0 287
 0 288
 0 289
 0 290
 1 291
 1 292
 2 293
 1 294
 0 295
 0 296
 0 297
 0 298
 0 299
 0 300
 0 301
 1 302
 1 303
 1 304
 1 305
 0 306
 0 307
 2 308
 2 309
 1 310
 1 311
 1 312
 0 313
 1 314
 2 315
 0 316
 1 317
 2 318
 4 319
 1 320
 0 321
 2 322
 2 323
 2 324
 1 325
 0 326
 1 327
 1 328
 2 329
 0 330
 1 331
 3 332
 1 333
 0 334
 1 335
 2 336
 3 337
 1 338
 1 339
 2 340
 2 341
 3 342
 2 343
 2 344
 2 345
 2 346
 0 347
 2 348
 5 349
 0 350
 4 351
 0 352
 1 353
 3 354
 0 355
 4 356
 1 357
 2 358
 0 359
 2 360
 0 361
 0 362
 1 363
 2 364
 1 365
 1 366
 0 367
 1 368
 1 369
 2 370
 2 371
 1 372
 0 373
 0 374
 1 375
 2 376
 0 377
 1 378
 0 379
 0 380
 1 381
 0 382
 0 383
 1 384
 2 385
 0 386
 0 387
 0 388
 0 389
 0 390
 0 391
 1 392
 0 393
 1 394
 1 395
 0 396
 2 397
 0 398
 0 399
 0 400
 0 401
 0 402
 0 403
 0 404
 0 405
 0 406
 0 407
 0 408
 0 409
 0 410
 0 411
 0 412
 1 413
 0 414
 0 415
 0 416
 0 417
 0 418
 0 419
 0 420
 0 421
 0 422
 0 423
 0 424
 0 425
 0 426
 0 427
 0 428
 0 429
 0 430
 0 431
 1 432
 0 433
 0 434
 0 435
 0 436
 0 437
 1 438
 0 439
 0 440
 0 441
 0 442
 0 443
 0 444
 0 445
 0 446
 0 447
 0 448
 0 449
 0 450
 0 451
 0 452
 0 453
 0 454
 0 455
 0 456
 0 457
 0 458
 0 459
 0 460
 0 461
 0 462
 0 463
 0 464
 0 465
 0 466
 0 467
 0 468
 0 469
 0 470
 0 471
 0 472
 0 473
 0 474
 0 475
 0 476
 0 477
 0 478
 0 479
 0 480
 0 481
 0 482
 0 483
 0 484
 0 485
 0 486
 0 487
 0 488
 0 489
 0 490
 0 491
 0 492
 0 493
 0 494
 0 495
 0 496
 0 497
 0 498
 0 499
 0 500
 0 501
 0 502
 0 503
 0 504
 0 505
 0 506
 0 507
 0 508
 0 509
 0 510
 0 511
 0 512
 0 513
 0 514
 0 515
 0 516
 0 517
 0 518
 0 519
 0 520
 0 521
 0 522
 0 523
 0 524
 0 525
 0 526
 0 527
 0 528
 0 529
 0 530
 0 531
 0 532
 0 533
 0 534
 0 535
 0 536
 0 537
 0 538
 0 539
 0 540
 0 541
 0 542
 0 543
 0 544
 0 545
 0 546
 0 547
 0 548
 0 549
 0 550
 0 551
 0 552
 0 553
 0 554
 0 555
 0 556
 0 557
 0 558
 0 559
 0 560
 0 561
 0 562
 0 563
 0 564
 0 565
 0 566
 0 567
 0 568
 0 569
 0 570
 0 571
 0 572
 0 573
 0 574
 0 575
 0 576
 0 577
 0 578
 0 579
 0 580
 0 581
 0 582
 0 583
 0 584
 0 585
 0 586
 0 587
 0 588
 0 589
 0 590
 0 591
 0 592
 0 593
 0 594
 0 595
 0 596
 0 597
 0 598
 0 599
 0 600


