# Created by Octave 3.8.2, Sat Jun 20 15:35:36 2020 CEST <damian@fptrucha.inv.usc.es>
# name: hd
# type: matrix
# rows: 551
# columns: 2
 0 50
 0 51
 0 52
 0 53
 0 54
 0 55
 0 56
 0 57
 0 58
 0 59
 0 60
 0 61
 0 62
 0 63
 0 64
 0 65
 0 66
 0 67
 0 68
 0 69
 0 70
 0 71
 0 72
 0 73
 0 74
 0 75
 0 76
 0 77
 0 78
 0 79
 0 80
 0 81
 0 82
 0 83
 0 84
 0 85
 0 86
 0 87
 0 88
 3 89
 9 90
 20 91
 38 92
 132 93
 242 94
 424 95
 486 96
 641 97
 835 98
 1006 99
 1148 100
 1177 101
 1315 102
 1316 103
 1410 104
 1410 105
 1342 106
 1422 107
 1336 108
 1304 109
 1327 110
 1200 111
 1130 112
 1125 113
 1054 114
 988 115
 916 116
 911 117
 817 118
 744 119
 722 120
 674 121
 620 122
 570 123
 482 124
 476 125
 451 126
 375 127
 329 128
 338 129
 287 130
 276 131
 235 132
 229 133
 208 134
 159 135
 139 136
 133 137
 131 138
 141 139
 115 140
 109 141
 110 142
 100 143
 91 144
 72 145
 59 146
 58 147
 66 148
 60 149
 60 150
 47 151
 54 152
 43 153
 38 154
 43 155
 44 156
 26 157
 35 158
 32 159
 26 160
 24 161
 23 162
 23 163
 14 164
 16 165
 25 166
 17 167
 8 168
 13 169
 15 170
 13 171
 15 172
 14 173
 13 174
 4 175
 12 176
 6 177
 7 178
 8 179
 6 180
 8 181
 10 182
 5 183
 4 184
 4 185
 1 186
 3 187
 5 188
 4 189
 4 190
 3 191
 1 192
 5 193
 2 194
 2 195
 0 196
 4 197
 3 198
 1 199
 1 200
 0 201
 3 202
 1 203
 0 204
 1 205
 0 206
 0 207
 0 208
 1 209
 1 210
 0 211
 1 212
 1 213
 1 214
 1 215
 0 216
 1 217
 0 218
 1 219
 2 220
 0 221
 0 222
 0 223
 0 224
 1 225
 0 226
 0 227
 1 228
 0 229
 0 230
 0 231
 0 232
 0 233
 0 234
 0 235
 0 236
 0 237
 0 238
 0 239
 0 240
 0 241
 0 242
 0 243
 0 244
 0 245
 0 246
 0 247
 0 248
 0 249
 0 250
 0 251
 0 252
 0 253
 0 254
 0 255
 0 256
 0 257
 0 258
 0 259
 0 260
 0 261
 0 262
 0 263
 0 264
 0 265
 0 266
 0 267
 0 268
 0 269
 0 270
 0 271
 0 272
 0 273
 0 274
 0 275
 0 276
 1 277
 0 278
 0 279
 0 280
 0 281
 0 282
 0 283
 0 284
 0 285
 0 286
 0 287
 0 288
 1 289
 0 290
 1 291
 0 292
 0 293
 0 294
 0 295
 1 296
 2 297
 1 298
 0 299
 1 300
 0 301
 1 302
 0 303
 1 304
 0 305
 0 306
 3 307
 0 308
 0 309
 2 310
 0 311
 0 312
 3 313
 1 314
 1 315
 3 316
 3 317
 0 318
 1 319
 0 320
 0 321
 1 322
 0 323
 2 324
 3 325
 2 326
 5 327
 3 328
 1 329
 1 330
 1 331
 1 332
 1 333
 3 334
 3 335
 0 336
 0 337
 1 338
 3 339
 1 340
 1 341
 2 342
 0 343
 4 344
 0 345
 3 346
 2 347
 2 348
 3 349
 0 350
 0 351
 0 352
 0 353
 3 354
 1 355
 2 356
 1 357
 1 358
 1 359
 0 360
 2 361
 3 362
 1 363
 1 364
 1 365
 0 366
 2 367
 3 368
 0 369
 0 370
 0 371
 0 372
 1 373
 1 374
 0 375
 0 376
 1 377
 1 378
 0 379
 0 380
 0 381
 1 382
 1 383
 1 384
 0 385
 0 386
 0 387
 2 388
 1 389
 0 390
 0 391
 0 392
 0 393
 0 394
 0 395
 0 396
 0 397
 0 398
 2 399
 0 400
 0 401
 0 402
 0 403
 0 404
 0 405
 1 406
 0 407
 0 408
 0 409
 0 410
 0 411
 0 412
 0 413
 0 414
 0 415
 0 416
 0 417
 0 418
 1 419
 0 420
 1 421
 0 422
 0 423
 0 424
 0 425
 0 426
 0 427
 0 428
 0 429
 0 430
 0 431
 0 432
 0 433
 0 434
 0 435
 0 436
 0 437
 0 438
 0 439
 0 440
 0 441
 0 442
 0 443
 0 444
 0 445
 0 446
 0 447
 0 448
 0 449
 0 450
 0 451
 0 452
 0 453
 0 454
 0 455
 0 456
 0 457
 0 458
 0 459
 0 460
 0 461
 0 462
 0 463
 0 464
 0 465
 0 466
 0 467
 0 468
 0 469
 0 470
 0 471
 0 472
 0 473
 0 474
 0 475
 0 476
 0 477
 0 478
 0 479
 0 480
 0 481
 0 482
 0 483
 0 484
 0 485
 0 486
 0 487
 0 488
 0 489
 0 490
 0 491
 0 492
 0 493
 0 494
 0 495
 0 496
 0 497
 0 498
 0 499
 0 500
 0 501
 0 502
 0 503
 0 504
 0 505
 0 506
 0 507
 0 508
 0 509
 0 510
 0 511
 0 512
 0 513
 0 514
 0 515
 0 516
 0 517
 0 518
 0 519
 0 520
 0 521
 0 522
 0 523
 0 524
 0 525
 0 526
 0 527
 0 528
 0 529
 0 530
 0 531
 0 532
 0 533
 0 534
 0 535
 0 536
 0 537
 0 538
 0 539
 0 540
 0 541
 0 542
 0 543
 0 544
 0 545
 0 546
 0 547
 0 548
 0 549
 0 550
 0 551
 0 552
 0 553
 0 554
 0 555
 0 556
 0 557
 0 558
 0 559
 0 560
 0 561
 0 562
 0 563
 0 564
 0 565
 0 566
 0 567
 0 568
 0 569
 0 570
 0 571
 0 572
 0 573
 0 574
 0 575
 0 576
 0 577
 0 578
 0 579
 0 580
 0 581
 0 582
 0 583
 0 584
 0 585
 0 586
 0 587
 0 588
 0 589
 0 590
 0 591
 0 592
 0 593
 0 594
 0 595
 0 596
 0 597
 0 598
 0 599
 0 600


