# Created by Octave 3.8.2, Sat Jun 20 09:18:57 2020 CEST <damian@fptrucha.inv.usc.es>
# name: hd
# type: matrix
# rows: 551
# columns: 2
 0 50
 0 51
 0 52
 0 53
 0 54
 0 55
 0 56
 0 57
 0 58
 0 59
 0 60
 0 61
 0 62
 0 63
 0 64
 0 65
 0 66
 0 67
 0 68
 0 69
 0 70
 0 71
 0 72
 0 73
 0 74
 0 75
 0 76
 0 77
 0 78
 0 79
 0 80
 0 81
 0 82
 0 83
 0 84
 0 85
 0 86
 0 87
 1 88
 1 89
 8 90
 18 91
 55 92
 148 93
 342 94
 504 95
 622 96
 807 97
 1070 98
 1317 99
 1460 100
 1550 101
 1602 102
 1714 103
 1713 104
 1668 105
 1747 106
 1683 107
 1699 108
 1495 109
 1515 110
 1412 111
 1332 112
 1291 113
 1096 114
 1139 115
 966 116
 939 117
 800 118
 728 119
 660 120
 659 121
 596 122
 508 123
 482 124
 449 125
 387 126
 365 127
 329 128
 287 129
 250 130
 208 131
 199 132
 212 133
 139 134
 165 135
 169 136
 136 137
 105 138
 98 139
 112 140
 87 141
 100 142
 73 143
 78 144
 88 145
 78 146
 54 147
 65 148
 42 149
 40 150
 36 151
 41 152
 35 153
 33 154
 25 155
 35 156
 19 157
 27 158
 26 159
 23 160
 22 161
 27 162
 13 163
 22 164
 13 165
 15 166
 13 167
 12 168
 8 169
 7 170
 7 171
 9 172
 9 173
 5 174
 10 175
 3 176
 8 177
 6 178
 7 179
 3 180
 5 181
 1 182
 3 183
 2 184
 4 185
 3 186
 6 187
 0 188
 1 189
 3 190
 2 191
 2 192
 4 193
 4 194
 1 195
 0 196
 1 197
 2 198
 4 199
 0 200
 1 201
 1 202
 0 203
 1 204
 1 205
 1 206
 2 207
 1 208
 0 209
 1 210
 0 211
 0 212
 2 213
 0 214
 1 215
 0 216
 0 217
 0 218
 0 219
 0 220
 1 221
 0 222
 2 223
 0 224
 0 225
 0 226
 0 227
 0 228
 0 229
 0 230
 0 231
 0 232
 0 233
 0 234
 0 235
 0 236
 0 237
 0 238
 0 239
 0 240
 0 241
 1 242
 0 243
 0 244
 0 245
 0 246
 0 247
 0 248
 0 249
 0 250
 0 251
 0 252
 0 253
 0 254
 0 255
 0 256
 0 257
 0 258
 0 259
 0 260
 0 261
 0 262
 0 263
 0 264
 0 265
 0 266
 0 267
 0 268
 0 269
 0 270
 0 271
 0 272
 0 273
 0 274
 0 275
 0 276
 0 277
 0 278
 0 279
 0 280
 0 281
 0 282
 1 283
 0 284
 0 285
 0 286
 0 287
 0 288
 0 289
 0 290
 1 291
 0 292
 0 293
 1 294
 0 295
 0 296
 1 297
 1 298
 0 299
 0 300
 1 301
 0 302
 0 303
 0 304
 0 305
 1 306
 0 307
 0 308
 2 309
 2 310
 1 311
 0 312
 0 313
 1 314
 0 315
 2 316
 2 317
 1 318
 1 319
 1 320
 1 321
 2 322
 2 323
 0 324
 2 325
 0 326
 2 327
 0 328
 0 329
 0 330
 2 331
 2 332
 3 333
 1 334
 0 335
 1 336
 1 337
 0 338
 2 339
 2 340
 1 341
 0 342
 2 343
 1 344
 0 345
 1 346
 2 347
 3 348
 3 349
 1 350
 3 351
 1 352
 0 353
 1 354
 3 355
 0 356
 1 357
 0 358
 1 359
 0 360
 0 361
 1 362
 2 363
 0 364
 2 365
 1 366
 1 367
 1 368
 1 369
 0 370
 0 371
 0 372
 1 373
 0 374
 0 375
 0 376
 0 377
 0 378
 1 379
 3 380
 1 381
 1 382
 0 383
 0 384
 0 385
 0 386
 0 387
 1 388
 0 389
 1 390
 1 391
 1 392
 0 393
 0 394
 0 395
 0 396
 0 397
 0 398
 0 399
 0 400
 1 401
 0 402
 0 403
 0 404
 0 405
 0 406
 0 407
 0 408
 0 409
 0 410
 0 411
 0 412
 0 413
 0 414
 0 415
 1 416
 0 417
 0 418
 0 419
 0 420
 0 421
 0 422
 0 423
 0 424
 0 425
 0 426
 0 427
 0 428
 0 429
 0 430
 0 431
 0 432
 0 433
 0 434
 0 435
 0 436
 0 437
 0 438
 0 439
 0 440
 0 441
 0 442
 0 443
 0 444
 0 445
 0 446
 0 447
 0 448
 0 449
 0 450
 0 451
 0 452
 0 453
 0 454
 0 455
 0 456
 0 457
 0 458
 0 459
 0 460
 0 461
 0 462
 0 463
 0 464
 0 465
 0 466
 0 467
 0 468
 0 469
 0 470
 0 471
 0 472
 0 473
 0 474
 0 475
 0 476
 0 477
 0 478
 0 479
 0 480
 0 481
 0 482
 0 483
 0 484
 0 485
 0 486
 0 487
 0 488
 0 489
 0 490
 0 491
 0 492
 0 493
 0 494
 0 495
 0 496
 0 497
 0 498
 0 499
 0 500
 0 501
 0 502
 0 503
 0 504
 0 505
 0 506
 0 507
 0 508
 0 509
 0 510
 0 511
 0 512
 0 513
 0 514
 0 515
 0 516
 0 517
 0 518
 0 519
 0 520
 0 521
 0 522
 0 523
 0 524
 0 525
 0 526
 0 527
 0 528
 0 529
 0 530
 0 531
 0 532
 0 533
 0 534
 0 535
 0 536
 0 537
 0 538
 0 539
 0 540
 0 541
 0 542
 0 543
 0 544
 0 545
 0 546
 0 547
 0 548
 0 549
 0 550
 0 551
 0 552
 0 553
 0 554
 0 555
 0 556
 0 557
 0 558
 0 559
 0 560
 0 561
 0 562
 0 563
 0 564
 0 565
 0 566
 0 567
 0 568
 0 569
 0 570
 0 571
 0 572
 0 573
 0 574
 0 575
 0 576
 0 577
 0 578
 0 579
 0 580
 0 581
 0 582
 0 583
 0 584
 0 585
 0 586
 0 587
 0 588
 0 589
 0 590
 0 591
 0 592
 0 593
 0 594
 0 595
 0 596
 0 597
 0 598
 0 599
 0 600


