# Created by Octave 3.8.2, Sat Jun 20 07:01:46 2020 CEST <damian@fptrucha.inv.usc.es>
# name: hd
# type: matrix
# rows: 551
# columns: 2
 0 50
 0 51
 0 52
 0 53
 0 54
 0 55
 0 56
 0 57
 0 58
 0 59
 0 60
 0 61
 0 62
 0 63
 0 64
 0 65
 0 66
 0 67
 0 68
 0 69
 0 70
 0 71
 0 72
 0 73
 0 74
 0 75
 0 76
 0 77
 0 78
 0 79
 0 80
 0 81
 1 82
 0 83
 0 84
 0 85
 0 86
 0 87
 0 88
 1 89
 16 90
 14 91
 66 92
 150 93
 297 94
 508 95
 590 96
 696 97
 970 98
 1254 99
 1374 100
 1504 101
 1538 102
 1550 103
 1644 104
 1650 105
 1662 106
 1590 107
 1654 108
 1560 109
 1544 110
 1399 111
 1333 112
 1222 113
 1089 114
 1106 115
 1025 116
 989 117
 909 118
 778 119
 696 120
 655 121
 601 122
 535 123
 525 124
 452 125
 435 126
 364 127
 323 128
 322 129
 285 130
 232 131
 235 132
 200 133
 178 134
 160 135
 149 136
 133 137
 133 138
 117 139
 119 140
 109 141
 84 142
 86 143
 82 144
 77 145
 82 146
 79 147
 55 148
 63 149
 55 150
 43 151
 49 152
 42 153
 33 154
 40 155
 40 156
 36 157
 40 158
 31 159
 21 160
 24 161
 18 162
 24 163
 14 164
 13 165
 24 166
 18 167
 10 168
 13 169
 13 170
 11 171
 9 172
 8 173
 9 174
 7 175
 7 176
 5 177
 3 178
 9 179
 8 180
 12 181
 2 182
 2 183
 5 184
 5 185
 0 186
 5 187
 4 188
 2 189
 1 190
 2 191
 1 192
 2 193
 0 194
 3 195
 5 196
 2 197
 3 198
 1 199
 2 200
 1 201
 1 202
 1 203
 1 204
 0 205
 0 206
 0 207
 2 208
 0 209
 1 210
 1 211
 0 212
 0 213
 0 214
 1 215
 2 216
 0 217
 0 218
 1 219
 0 220
 1 221
 0 222
 1 223
 0 224
 0 225
 0 226
 0 227
 0 228
 1 229
 0 230
 1 231
 0 232
 0 233
 0 234
 0 235
 0 236
 0 237
 0 238
 0 239
 0 240
 0 241
 0 242
 0 243
 0 244
 0 245
 0 246
 0 247
 0 248
 0 249
 0 250
 0 251
 0 252
 0 253
 0 254
 0 255
 0 256
 0 257
 0 258
 0 259
 0 260
 0 261
 0 262
 0 263
 0 264
 0 265
 0 266
 0 267
 0 268
 0 269
 0 270
 0 271
 0 272
 0 273
 0 274
 0 275
 0 276
 0 277
 0 278
 0 279
 0 280
 0 281
 0 282
 0 283
 0 284
 0 285
 0 286
 1 287
 0 288
 0 289
 0 290
 0 291
 0 292
 0 293
 0 294
 0 295
 0 296
 0 297
 1 298
 0 299
 0 300
 0 301
 0 302
 1 303
 0 304
 1 305
 1 306
 2 307
 1 308
 1 309
 1 310
 1 311
 4 312
 1 313
 0 314
 1 315
 0 316
 0 317
 3 318
 1 319
 1 320
 1 321
 0 322
 2 323
 1 324
 1 325
 4 326
 1 327
 3 328
 1 329
 4 330
 0 331
 1 332
 3 333
 1 334
 1 335
 3 336
 0 337
 2 338
 0 339
 2 340
 0 341
 0 342
 1 343
 1 344
 3 345
 2 346
 1 347
 2 348
 1 349
 3 350
 0 351
 0 352
 0 353
 0 354
 0 355
 1 356
 2 357
 0 358
 2 359
 3 360
 0 361
 1 362
 3 363
 1 364
 1 365
 2 366
 0 367
 1 368
 1 369
 0 370
 0 371
 1 372
 0 373
 0 374
 0 375
 0 376
 1 377
 0 378
 0 379
 2 380
 0 381
 2 382
 0 383
 1 384
 0 385
 1 386
 0 387
 1 388
 1 389
 0 390
 0 391
 0 392
 0 393
 0 394
 0 395
 0 396
 0 397
 0 398
 0 399
 0 400
 0 401
 0 402
 1 403
 0 404
 0 405
 0 406
 0 407
 0 408
 0 409
 0 410
 0 411
 0 412
 0 413
 0 414
 0 415
 1 416
 0 417
 0 418
 0 419
 0 420
 0 421
 0 422
 0 423
 1 424
 0 425
 0 426
 0 427
 0 428
 0 429
 0 430
 0 431
 0 432
 0 433
 0 434
 0 435
 0 436
 0 437
 0 438
 0 439
 0 440
 0 441
 0 442
 0 443
 0 444
 0 445
 0 446
 0 447
 0 448
 0 449
 0 450
 0 451
 0 452
 0 453
 0 454
 0 455
 0 456
 0 457
 0 458
 0 459
 0 460
 0 461
 0 462
 0 463
 0 464
 0 465
 0 466
 0 467
 0 468
 0 469
 0 470
 0 471
 0 472
 0 473
 0 474
 0 475
 0 476
 0 477
 0 478
 0 479
 0 480
 0 481
 0 482
 0 483
 0 484
 0 485
 0 486
 0 487
 0 488
 0 489
 0 490
 0 491
 0 492
 0 493
 0 494
 0 495
 0 496
 0 497
 0 498
 0 499
 0 500
 0 501
 0 502
 0 503
 0 504
 0 505
 0 506
 0 507
 0 508
 0 509
 0 510
 0 511
 0 512
 0 513
 0 514
 0 515
 0 516
 0 517
 0 518
 0 519
 0 520
 0 521
 0 522
 0 523
 0 524
 0 525
 0 526
 0 527
 0 528
 0 529
 0 530
 0 531
 0 532
 0 533
 0 534
 0 535
 0 536
 0 537
 0 538
 0 539
 0 540
 0 541
 0 542
 0 543
 0 544
 0 545
 0 546
 0 547
 0 548
 0 549
 0 550
 0 551
 0 552
 0 553
 0 554
 0 555
 0 556
 0 557
 0 558
 0 559
 0 560
 0 561
 0 562
 0 563
 0 564
 0 565
 0 566
 0 567
 0 568
 0 569
 0 570
 0 571
 0 572
 0 573
 0 574
 0 575
 0 576
 0 577
 0 578
 0 579
 0 580
 0 581
 0 582
 0 583
 0 584
 0 585
 0 586
 0 587
 0 588
 0 589
 0 590
 0 591
 0 592
 0 593
 0 594
 0 595
 0 596
 0 597
 0 598
 0 599
 0 600


