# Created by Octave 3.8.2, Mon Jun 22 14:38:34 2020 CEST <damian@fptrucha.inv.usc.es>
# name: hd
# type: matrix
# rows: 551
# columns: 2
 0 50
 0 51
 0 52
 0 53
 0 54
 0 55
 0 56
 0 57
 0 58
 0 59
 0 60
 0 61
 0 62
 0 63
 0 64
 0 65
 0 66
 0 67
 0 68
 0 69
 0 70
 0 71
 0 72
 0 73
 0 74
 0 75
 0 76
 0 77
 0 78
 0 79
 0 80
 0 81
 0 82
 0 83
 0 84
 0 85
 0 86
 0 87
 0 88
 1 89
 3 90
 13 91
 27 92
 86 93
 222 94
 382 95
 526 96
 683 97
 855 98
 1112 99
 1421 100
 1552 101
 1466 102
 1612 103
 1608 104
 1576 105
 1544 106
 1545 107
 1510 108
 1379 109
 1374 110
 1329 111
 1110 112
 1138 113
 1028 114
 978 115
 864 116
 828 117
 723 118
 670 119
 620 120
 524 121
 478 122
 419 123
 372 124
 351 125
 351 126
 288 127
 237 128
 234 129
 217 130
 186 131
 169 132
 137 133
 146 134
 135 135
 113 136
 106 137
 99 138
 101 139
 82 140
 73 141
 92 142
 72 143
 73 144
 76 145
 62 146
 60 147
 53 148
 52 149
 40 150
 35 151
 42 152
 35 153
 30 154
 45 155
 32 156
 33 157
 29 158
 35 159
 32 160
 29 161
 21 162
 26 163
 15 164
 17 165
 16 166
 15 167
 11 168
 11 169
 7 170
 12 171
 12 172
 16 173
 10 174
 12 175
 10 176
 9 177
 7 178
 13 179
 8 180
 8 181
 6 182
 9 183
 4 184
 7 185
 4 186
 1 187
 4 188
 2 189
 5 190
 2 191
 3 192
 2 193
 4 194
 4 195
 2 196
 3 197
 1 198
 1 199
 1 200
 0 201
 0 202
 1 203
 2 204
 1 205
 2 206
 0 207
 0 208
 1 209
 0 210
 2 211
 1 212
 2 213
 0 214
 0 215
 0 216
 0 217
 1 218
 0 219
 0 220
 0 221
 0 222
 0 223
 1 224
 0 225
 0 226
 0 227
 0 228
 0 229
 0 230
 0 231
 0 232
 0 233
 0 234
 0 235
 0 236
 0 237
 0 238
 0 239
 0 240
 0 241
 0 242
 0 243
 0 244
 0 245
 0 246
 0 247
 0 248
 0 249
 0 250
 1 251
 0 252
 0 253
 0 254
 0 255
 0 256
 0 257
 0 258
 0 259
 0 260
 0 261
 0 262
 0 263
 0 264
 0 265
 0 266
 0 267
 0 268
 0 269
 0 270
 0 271
 0 272
 0 273
 0 274
 0 275
 0 276
 0 277
 0 278
 0 279
 0 280
 0 281
 0 282
 0 283
 0 284
 0 285
 0 286
 1 287
 1 288
 0 289
 0 290
 0 291
 1 292
 0 293
 0 294
 0 295
 0 296
 0 297
 0 298
 0 299
 1 300
 1 301
 0 302
 0 303
 2 304
 1 305
 2 306
 2 307
 1 308
 0 309
 1 310
 3 311
 1 312
 1 313
 0 314
 0 315
 2 316
 0 317
 2 318
 1 319
 3 320
 0 321
 3 322
 1 323
 4 324
 3 325
 2 326
 1 327
 4 328
 2 329
 2 330
 0 331
 2 332
 2 333
 3 334
 2 335
 3 336
 1 337
 0 338
 2 339
 3 340
 2 341
 4 342
 3 343
 3 344
 2 345
 0 346
 2 347
 0 348
 2 349
 1 350
 0 351
 1 352
 2 353
 3 354
 2 355
 2 356
 1 357
 1 358
 2 359
 0 360
 0 361
 2 362
 1 363
 2 364
 1 365
 2 366
 1 367
 1 368
 1 369
 0 370
 0 371
 1 372
 0 373
 4 374
 0 375
 0 376
 0 377
 0 378
 0 379
 0 380
 0 381
 0 382
 0 383
 1 384
 0 385
 0 386
 0 387
 0 388
 0 389
 0 390
 2 391
 1 392
 0 393
 0 394
 0 395
 0 396
 0 397
 0 398
 0 399
 0 400
 0 401
 0 402
 0 403
 0 404
 0 405
 0 406
 0 407
 1 408
 0 409
 0 410
 0 411
 1 412
 0 413
 1 414
 0 415
 0 416
 0 417
 0 418
 0 419
 0 420
 0 421
 0 422
 0 423
 0 424
 0 425
 0 426
 0 427
 0 428
 0 429
 0 430
 0 431
 0 432
 0 433
 0 434
 0 435
 0 436
 0 437
 0 438
 0 439
 0 440
 0 441
 0 442
 0 443
 0 444
 0 445
 0 446
 0 447
 0 448
 0 449
 0 450
 0 451
 0 452
 0 453
 0 454
 0 455
 0 456
 1 457
 0 458
 0 459
 0 460
 0 461
 0 462
 0 463
 0 464
 0 465
 0 466
 0 467
 0 468
 0 469
 0 470
 0 471
 0 472
 0 473
 0 474
 0 475
 0 476
 0 477
 0 478
 0 479
 0 480
 0 481
 0 482
 0 483
 0 484
 0 485
 0 486
 0 487
 0 488
 0 489
 0 490
 0 491
 0 492
 0 493
 0 494
 0 495
 0 496
 0 497
 0 498
 0 499
 0 500
 0 501
 0 502
 0 503
 0 504
 0 505
 0 506
 0 507
 0 508
 0 509
 0 510
 0 511
 0 512
 0 513
 0 514
 0 515
 0 516
 0 517
 0 518
 0 519
 0 520
 0 521
 0 522
 0 523
 0 524
 0 525
 0 526
 0 527
 0 528
 0 529
 0 530
 0 531
 0 532
 0 533
 0 534
 0 535
 0 536
 0 537
 0 538
 0 539
 0 540
 0 541
 0 542
 0 543
 0 544
 0 545
 0 546
 0 547
 0 548
 0 549
 0 550
 0 551
 0 552
 0 553
 0 554
 0 555
 0 556
 0 557
 0 558
 0 559
 0 560
 0 561
 0 562
 0 563
 0 564
 0 565
 0 566
 0 567
 0 568
 0 569
 0 570
 0 571
 0 572
 0 573
 0 574
 0 575
 0 576
 0 577
 0 578
 0 579
 0 580
 0 581
 0 582
 0 583
 0 584
 0 585
 0 586
 0 587
 0 588
 0 589
 0 590
 0 591
 0 592
 0 593
 0 594
 0 595
 0 596
 0 597
 0 598
 0 599
 0 600


