# Created by Octave 3.8.2, Sat Jun 20 06:39:08 2020 CEST <damian@fptrucha.inv.usc.es>
# name: hd
# type: matrix
# rows: 551
# columns: 2
 0 50
 0 51
 0 52
 0 53
 0 54
 0 55
 0 56
 0 57
 0 58
 0 59
 0 60
 0 61
 0 62
 0 63
 0 64
 0 65
 0 66
 0 67
 0 68
 0 69
 0 70
 0 71
 0 72
 0 73
 0 74
 0 75
 0 76
 0 77
 0 78
 0 79
 0 80
 0 81
 0 82
 0 83
 0 84
 0 85
 0 86
 0 87
 0 88
 3 89
 12 90
 15 91
 52 92
 138 93
 309 94
 468 95
 576 96
 718 97
 1034 98
 1248 99
 1408 100
 1443 101
 1606 102
 1634 103
 1584 104
 1660 105
 1672 106
 1656 107
 1592 108
 1515 109
 1510 110
 1342 111
 1256 112
 1194 113
 1113 114
 1045 115
 923 116
 872 117
 851 118
 782 119
 736 120
 678 121
 611 122
 510 123
 475 124
 445 125
 418 126
 368 127
 304 128
 283 129
 279 130
 214 131
 217 132
 216 133
 173 134
 175 135
 146 136
 118 137
 114 138
 108 139
 114 140
 102 141
 76 142
 84 143
 87 144
 70 145
 65 146
 68 147
 69 148
 36 149
 52 150
 54 151
 34 152
 57 153
 38 154
 50 155
 42 156
 40 157
 36 158
 23 159
 28 160
 24 161
 21 162
 25 163
 21 164
 22 165
 14 166
 17 167
 14 168
 12 169
 15 170
 16 171
 18 172
 7 173
 9 174
 7 175
 9 176
 12 177
 9 178
 8 179
 2 180
 6 181
 5 182
 4 183
 7 184
 2 185
 4 186
 3 187
 1 188
 3 189
 1 190
 4 191
 2 192
 0 193
 1 194
 4 195
 3 196
 0 197
 0 198
 2 199
 1 200
 0 201
 0 202
 1 203
 1 204
 1 205
 0 206
 0 207
 2 208
 0 209
 1 210
 0 211
 0 212
 0 213
 0 214
 0 215
 0 216
 1 217
 1 218
 0 219
 0 220
 1 221
 1 222
 0 223
 0 224
 0 225
 0 226
 0 227
 0 228
 1 229
 0 230
 0 231
 0 232
 0 233
 0 234
 0 235
 1 236
 0 237
 0 238
 0 239
 0 240
 0 241
 0 242
 0 243
 0 244
 0 245
 0 246
 0 247
 0 248
 0 249
 0 250
 0 251
 0 252
 0 253
 0 254
 0 255
 0 256
 0 257
 0 258
 0 259
 0 260
 0 261
 0 262
 0 263
 0 264
 0 265
 0 266
 0 267
 0 268
 0 269
 0 270
 0 271
 0 272
 1 273
 0 274
 0 275
 1 276
 0 277
 0 278
 0 279
 0 280
 0 281
 0 282
 0 283
 0 284
 0 285
 0 286
 0 287
 0 288
 0 289
 0 290
 0 291
 0 292
 0 293
 0 294
 0 295
 0 296
 0 297
 2 298
 1 299
 0 300
 1 301
 0 302
 2 303
 1 304
 2 305
 1 306
 1 307
 0 308
 0 309
 3 310
 1 311
 1 312
 2 313
 1 314
 1 315
 1 316
 1 317
 1 318
 0 319
 1 320
 1 321
 3 322
 1 323
 0 324
 2 325
 1 326
 1 327
 1 328
 0 329
 2 330
 1 331
 2 332
 2 333
 0 334
 2 335
 2 336
 3 337
 1 338
 2 339
 0 340
 2 341
 3 342
 0 343
 0 344
 1 345
 1 346
 2 347
 1 348
 2 349
 2 350
 2 351
 0 352
 1 353
 3 354
 5 355
 1 356
 0 357
 2 358
 1 359
 0 360
 1 361
 1 362
 3 363
 0 364
 3 365
 1 366
 0 367
 1 368
 1 369
 0 370
 1 371
 0 372
 0 373
 0 374
 0 375
 0 376
 0 377
 0 378
 0 379
 0 380
 0 381
 0 382
 1 383
 0 384
 0 385
 0 386
 0 387
 1 388
 0 389
 0 390
 0 391
 0 392
 0 393
 0 394
 0 395
 0 396
 0 397
 0 398
 1 399
 0 400
 0 401
 0 402
 0 403
 0 404
 0 405
 0 406
 0 407
 1 408
 0 409
 0 410
 0 411
 0 412
 0 413
 0 414
 0 415
 0 416
 0 417
 0 418
 0 419
 0 420
 0 421
 0 422
 0 423
 0 424
 0 425
 0 426
 0 427
 0 428
 0 429
 0 430
 0 431
 0 432
 0 433
 0 434
 0 435
 0 436
 0 437
 0 438
 0 439
 0 440
 0 441
 0 442
 0 443
 0 444
 0 445
 0 446
 0 447
 0 448
 0 449
 0 450
 0 451
 0 452
 0 453
 0 454
 0 455
 0 456
 0 457
 0 458
 0 459
 0 460
 0 461
 0 462
 0 463
 0 464
 0 465
 0 466
 0 467
 0 468
 0 469
 0 470
 0 471
 0 472
 0 473
 0 474
 0 475
 0 476
 0 477
 0 478
 0 479
 0 480
 0 481
 0 482
 0 483
 0 484
 0 485
 0 486
 0 487
 0 488
 0 489
 0 490
 0 491
 0 492
 0 493
 0 494
 0 495
 0 496
 0 497
 0 498
 0 499
 0 500
 0 501
 0 502
 0 503
 0 504
 0 505
 0 506
 0 507
 0 508
 0 509
 0 510
 0 511
 0 512
 0 513
 0 514
 0 515
 0 516
 0 517
 0 518
 0 519
 0 520
 0 521
 0 522
 0 523
 0 524
 0 525
 0 526
 0 527
 0 528
 0 529
 0 530
 0 531
 0 532
 0 533
 0 534
 0 535
 0 536
 0 537
 0 538
 0 539
 0 540
 0 541
 0 542
 0 543
 0 544
 0 545
 0 546
 0 547
 0 548
 0 549
 0 550
 0 551
 0 552
 0 553
 0 554
 0 555
 0 556
 0 557
 0 558
 0 559
 0 560
 0 561
 0 562
 0 563
 0 564
 0 565
 0 566
 0 567
 0 568
 0 569
 0 570
 0 571
 0 572
 0 573
 0 574
 0 575
 0 576
 0 577
 0 578
 0 579
 0 580
 0 581
 0 582
 0 583
 0 584
 0 585
 0 586
 0 587
 0 588
 0 589
 0 590
 0 591
 0 592
 0 593
 0 594
 0 595
 0 596
 0 597
 0 598
 0 599
 0 600


