# Created by Octave 3.8.2, Mon Jun 22 04:04:16 2020 CEST <damian@fptrucha.inv.usc.es>
# name: hd
# type: matrix
# rows: 551
# columns: 2
 0 50
 0 51
 0 52
 0 53
 0 54
 0 55
 0 56
 0 57
 0 58
 0 59
 0 60
 0 61
 0 62
 0 63
 0 64
 0 65
 0 66
 0 67
 0 68
 0 69
 0 70
 0 71
 0 72
 0 73
 0 74
 0 75
 0 76
 0 77
 0 78
 0 79
 0 80
 0 81
 0 82
 0 83
 0 84
 0 85
 0 86
 0 87
 0 88
 0 89
 3 90
 7 91
 24 92
 80 93
 177 94
 364 95
 487 96
 593 97
 734 98
 954 99
 1321 100
 1404 101
 1487 102
 1480 103
 1494 104
 1527 105
 1460 106
 1456 107
 1344 108
 1271 109
 1243 110
 1213 111
 1138 112
 1029 113
 933 114
 883 115
 759 116
 676 117
 628 118
 534 119
 534 120
 436 121
 440 122
 371 123
 335 124
 341 125
 276 126
 244 127
 205 128
 190 129
 178 130
 165 131
 149 132
 150 133
 122 134
 114 135
 98 136
 101 137
 75 138
 89 139
 89 140
 69 141
 61 142
 67 143
 57 144
 55 145
 66 146
 49 147
 46 148
 46 149
 41 150
 39 151
 33 152
 28 153
 28 154
 33 155
 28 156
 38 157
 35 158
 20 159
 16 160
 21 161
 23 162
 11 163
 22 164
 10 165
 17 166
 13 167
 7 168
 7 169
 11 170
 20 171
 7 172
 6 173
 5 174
 9 175
 7 176
 6 177
 11 178
 11 179
 6 180
 6 181
 4 182
 10 183
 4 184
 3 185
 3 186
 3 187
 4 188
 3 189
 4 190
 2 191
 0 192
 2 193
 1 194
 6 195
 2 196
 2 197
 0 198
 1 199
 0 200
 1 201
 0 202
 2 203
 1 204
 0 205
 2 206
 0 207
 1 208
 1 209
 0 210
 0 211
 1 212
 2 213
 0 214
 2 215
 0 216
 0 217
 0 218
 1 219
 0 220
 1 221
 1 222
 0 223
 0 224
 0 225
 0 226
 0 227
 0 228
 0 229
 0 230
 0 231
 0 232
 0 233
 0 234
 0 235
 0 236
 0 237
 0 238
 0 239
 0 240
 0 241
 0 242
 0 243
 0 244
 0 245
 0 246
 0 247
 0 248
 0 249
 0 250
 0 251
 0 252
 0 253
 0 254
 0 255
 0 256
 0 257
 0 258
 0 259
 0 260
 0 261
 0 262
 0 263
 0 264
 0 265
 0 266
 0 267
 0 268
 0 269
 0 270
 0 271
 0 272
 0 273
 0 274
 0 275
 0 276
 0 277
 0 278
 0 279
 0 280
 0 281
 0 282
 0 283
 1 284
 0 285
 0 286
 0 287
 0 288
 0 289
 0 290
 0 291
 1 292
 0 293
 0 294
 0 295
 0 296
 1 297
 1 298
 2 299
 0 300
 4 301
 1 302
 3 303
 2 304
 1 305
 0 306
 0 307
 1 308
 3 309
 1 310
 6 311
 0 312
 1 313
 1 314
 1 315
 3 316
 5 317
 3 318
 0 319
 0 320
 0 321
 0 322
 2 323
 2 324
 3 325
 0 326
 0 327
 0 328
 0 329
 0 330
 3 331
 1 332
 1 333
 2 334
 1 335
 1 336
 2 337
 3 338
 1 339
 2 340
 4 341
 5 342
 2 343
 0 344
 1 345
 0 346
 1 347
 0 348
 1 349
 0 350
 2 351
 0 352
 1 353
 3 354
 0 355
 1 356
 2 357
 1 358
 0 359
 2 360
 1 361
 0 362
 0 363
 0 364
 0 365
 1 366
 2 367
 3 368
 2 369
 0 370
 0 371
 2 372
 0 373
 0 374
 1 375
 0 376
 0 377
 1 378
 1 379
 0 380
 1 381
 0 382
 0 383
 0 384
 0 385
 1 386
 2 387
 1 388
 0 389
 0 390
 0 391
 0 392
 0 393
 0 394
 0 395
 1 396
 0 397
 1 398
 2 399
 0 400
 0 401
 0 402
 0 403
 0 404
 1 405
 0 406
 0 407
 0 408
 0 409
 0 410
 0 411
 0 412
 0 413
 0 414
 0 415
 0 416
 0 417
 0 418
 0 419
 0 420
 0 421
 0 422
 0 423
 0 424
 0 425
 0 426
 0 427
 0 428
 1 429
 0 430
 0 431
 0 432
 0 433
 0 434
 0 435
 0 436
 0 437
 0 438
 0 439
 0 440
 0 441
 0 442
 0 443
 0 444
 0 445
 0 446
 0 447
 0 448
 0 449
 0 450
 0 451
 0 452
 0 453
 0 454
 0 455
 0 456
 0 457
 0 458
 0 459
 0 460
 0 461
 0 462
 0 463
 0 464
 0 465
 0 466
 0 467
 0 468
 0 469
 0 470
 0 471
 0 472
 0 473
 0 474
 0 475
 0 476
 0 477
 0 478
 0 479
 0 480
 0 481
 0 482
 0 483
 0 484
 0 485
 0 486
 0 487
 0 488
 0 489
 0 490
 0 491
 0 492
 0 493
 0 494
 0 495
 0 496
 0 497
 0 498
 0 499
 0 500
 0 501
 0 502
 0 503
 0 504
 0 505
 0 506
 0 507
 0 508
 0 509
 0 510
 0 511
 0 512
 0 513
 0 514
 0 515
 0 516
 0 517
 0 518
 0 519
 0 520
 0 521
 0 522
 0 523
 0 524
 0 525
 0 526
 0 527
 0 528
 0 529
 0 530
 0 531
 0 532
 0 533
 0 534
 0 535
 0 536
 0 537
 0 538
 0 539
 0 540
 0 541
 0 542
 0 543
 0 544
 0 545
 0 546
 0 547
 0 548
 0 549
 0 550
 0 551
 0 552
 0 553
 0 554
 0 555
 0 556
 0 557
 0 558
 0 559
 0 560
 0 561
 0 562
 0 563
 0 564
 0 565
 0 566
 0 567
 0 568
 0 569
 0 570
 0 571
 0 572
 0 573
 0 574
 0 575
 0 576
 0 577
 0 578
 0 579
 0 580
 0 581
 0 582
 0 583
 0 584
 0 585
 0 586
 0 587
 0 588
 0 589
 0 590
 0 591
 0 592
 0 593
 0 594
 0 595
 0 596
 0 597
 0 598
 0 599
 0 600


