# Created by Octave 3.8.2, Mon Jun 22 04:39:49 2020 CEST <damian@fptrucha.inv.usc.es>
# name: hd
# type: matrix
# rows: 551
# columns: 2
 0 50
 0 51
 0 52
 0 53
 0 54
 0 55
 0 56
 0 57
 0 58
 0 59
 0 60
 0 61
 0 62
 0 63
 0 64
 0 65
 0 66
 0 67
 0 68
 0 69
 0 70
 0 71
 0 72
 0 73
 0 74
 0 75
 0 76
 0 77
 0 78
 0 79
 0 80
 0 81
 0 82
 0 83
 0 84
 0 85
 0 86
 0 87
 0 88
 0 89
 2 90
 9 91
 12 92
 52 93
 124 94
 196 95
 309 96
 402 97
 455 98
 641 99
 839 100
 843 101
 917 102
 978 103
 938 104
 1008 105
 964 106
 902 107
 934 108
 854 109
 843 110
 802 111
 653 112
 651 113
 591 114
 620 115
 488 116
 478 117
 450 118
 397 119
 348 120
 295 121
 270 122
 256 123
 263 124
 195 125
 177 126
 149 127
 143 128
 128 129
 103 130
 95 131
 111 132
 99 133
 104 134
 71 135
 73 136
 65 137
 65 138
 56 139
 51 140
 50 141
 43 142
 36 143
 50 144
 35 145
 31 146
 41 147
 35 148
 28 149
 34 150
 26 151
 25 152
 23 153
 33 154
 15 155
 22 156
 20 157
 16 158
 14 159
 13 160
 17 161
 18 162
 19 163
 10 164
 6 165
 9 166
 12 167
 10 168
 9 169
 5 170
 8 171
 5 172
 3 173
 6 174
 8 175
 5 176
 0 177
 5 178
 7 179
 6 180
 4 181
 4 182
 1 183
 3 184
 3 185
 4 186
 2 187
 1 188
 1 189
 1 190
 2 191
 0 192
 4 193
 1 194
 1 195
 0 196
 2 197
 1 198
 1 199
 1 200
 3 201
 2 202
 2 203
 1 204
 0 205
 1 206
 0 207
 1 208
 0 209
 0 210
 0 211
 1 212
 1 213
 0 214
 0 215
 0 216
 0 217
 0 218
 1 219
 0 220
 0 221
 0 222
 0 223
 0 224
 0 225
 0 226
 0 227
 0 228
 0 229
 0 230
 0 231
 0 232
 0 233
 0 234
 0 235
 0 236
 0 237
 0 238
 0 239
 0 240
 0 241
 0 242
 0 243
 0 244
 0 245
 0 246
 0 247
 0 248
 0 249
 0 250
 0 251
 0 252
 0 253
 0 254
 0 255
 0 256
 0 257
 0 258
 0 259
 0 260
 0 261
 0 262
 0 263
 0 264
 0 265
 0 266
 0 267
 0 268
 0 269
 0 270
 0 271
 0 272
 0 273
 0 274
 0 275
 0 276
 0 277
 0 278
 0 279
 0 280
 0 281
 0 282
 0 283
 0 284
 0 285
 0 286
 0 287
 0 288
 0 289
 0 290
 0 291
 1 292
 0 293
 0 294
 1 295
 0 296
 0 297
 0 298
 0 299
 1 300
 0 301
 1 302
 0 303
 0 304
 1 305
 1 306
 1 307
 1 308
 1 309
 1 310
 0 311
 1 312
 0 313
 2 314
 0 315
 0 316
 1 317
 0 318
 0 319
 0 320
 0 321
 1 322
 0 323
 0 324
 3 325
 4 326
 0 327
 1 328
 4 329
 0 330
 1 331
 0 332
 0 333
 1 334
 3 335
 5 336
 0 337
 0 338
 0 339
 0 340
 1 341
 1 342
 0 343
 0 344
 0 345
 2 346
 0 347
 0 348
 1 349
 0 350
 2 351
 1 352
 2 353
 1 354
 1 355
 0 356
 0 357
 2 358
 1 359
 0 360
 1 361
 1 362
 1 363
 1 364
 1 365
 1 366
 1 367
 0 368
 0 369
 1 370
 0 371
 0 372
 1 373
 0 374
 0 375
 1 376
 1 377
 0 378
 0 379
 0 380
 0 381
 0 382
 0 383
 0 384
 1 385
 0 386
 1 387
 0 388
 1 389
 0 390
 0 391
 0 392
 0 393
 0 394
 0 395
 0 396
 1 397
 0 398
 0 399
 1 400
 0 401
 0 402
 0 403
 0 404
 0 405
 0 406
 0 407
 0 408
 0 409
 0 410
 0 411
 0 412
 0 413
 0 414
 0 415
 0 416
 0 417
 0 418
 0 419
 0 420
 0 421
 0 422
 0 423
 0 424
 0 425
 0 426
 0 427
 0 428
 0 429
 0 430
 0 431
 0 432
 0 433
 0 434
 0 435
 0 436
 0 437
 0 438
 0 439
 0 440
 0 441
 0 442
 0 443
 0 444
 0 445
 0 446
 0 447
 0 448
 0 449
 0 450
 0 451
 0 452
 0 453
 0 454
 0 455
 0 456
 0 457
 0 458
 0 459
 0 460
 0 461
 0 462
 0 463
 0 464
 0 465
 0 466
 0 467
 0 468
 0 469
 0 470
 0 471
 0 472
 0 473
 0 474
 0 475
 0 476
 0 477
 0 478
 0 479
 0 480
 0 481
 0 482
 0 483
 0 484
 0 485
 0 486
 0 487
 0 488
 0 489
 0 490
 0 491
 0 492
 0 493
 0 494
 0 495
 0 496
 0 497
 0 498
 0 499
 0 500
 0 501
 0 502
 0 503
 0 504
 0 505
 0 506
 0 507
 0 508
 0 509
 0 510
 0 511
 0 512
 0 513
 0 514
 0 515
 0 516
 0 517
 0 518
 0 519
 0 520
 0 521
 0 522
 0 523
 0 524
 0 525
 0 526
 0 527
 0 528
 0 529
 0 530
 0 531
 0 532
 0 533
 0 534
 0 535
 0 536
 0 537
 0 538
 0 539
 0 540
 0 541
 0 542
 0 543
 0 544
 0 545
 0 546
 0 547
 0 548
 0 549
 0 550
 0 551
 0 552
 0 553
 0 554
 0 555
 0 556
 0 557
 0 558
 0 559
 0 560
 0 561
 0 562
 0 563
 0 564
 0 565
 0 566
 0 567
 0 568
 0 569
 0 570
 0 571
 0 572
 0 573
 0 574
 0 575
 0 576
 0 577
 0 578
 0 579
 0 580
 0 581
 0 582
 0 583
 0 584
 0 585
 0 586
 0 587
 0 588
 0 589
 0 590
 0 591
 0 592
 0 593
 0 594
 0 595
 0 596
 0 597
 0 598
 0 599
 0 600


