# Created by Octave 3.8.2, Sat Jun 20 09:34:32 2020 CEST <damian@fptrucha.inv.usc.es>
# name: hd
# type: matrix
# rows: 551
# columns: 2
 0 50
 0 51
 0 52
 0 53
 0 54
 0 55
 0 56
 0 57
 0 58
 0 59
 0 60
 0 61
 0 62
 0 63
 0 64
 0 65
 0 66
 0 67
 0 68
 0 69
 0 70
 0 71
 0 72
 0 73
 0 74
 0 75
 0 76
 0 77
 0 78
 0 79
 0 80
 0 81
 0 82
 0 83
 0 84
 0 85
 0 86
 0 87
 0 88
 0 89
 4 90
 19 91
 51 92
 147 93
 323 94
 491 95
 589 96
 754 97
 1022 98
 1324 99
 1535 100
 1567 101
 1698 102
 1733 103
 1729 104
 1741 105
 1715 106
 1745 107
 1665 108
 1558 109
 1459 110
 1396 111
 1340 112
 1220 113
 1150 114
 1006 115
 996 116
 954 117
 805 118
 781 119
 678 120
 607 121
 575 122
 533 123
 500 124
 397 125
 383 126
 332 127
 276 128
 254 129
 244 130
 223 131
 198 132
 206 133
 165 134
 163 135
 178 136
 133 137
 122 138
 117 139
 113 140
 86 141
 82 142
 82 143
 66 144
 74 145
 66 146
 62 147
 55 148
 53 149
 59 150
 40 151
 37 152
 33 153
 30 154
 36 155
 29 156
 28 157
 21 158
 37 159
 31 160
 21 161
 22 162
 19 163
 21 164
 15 165
 14 166
 12 167
 14 168
 6 169
 12 170
 12 171
 8 172
 5 173
 7 174
 12 175
 12 176
 8 177
 6 178
 5 179
 1 180
 8 181
 3 182
 4 183
 7 184
 3 185
 3 186
 4 187
 4 188
 3 189
 2 190
 2 191
 0 192
 1 193
 1 194
 1 195
 2 196
 1 197
 1 198
 3 199
 1 200
 2 201
 0 202
 0 203
 3 204
 1 205
 2 206
 1 207
 1 208
 0 209
 2 210
 1 211
 0 212
 0 213
 0 214
 0 215
 0 216
 0 217
 0 218
 0 219
 0 220
 0 221
 1 222
 0 223
 0 224
 0 225
 0 226
 0 227
 0 228
 0 229
 0 230
 1 231
 0 232
 0 233
 0 234
 0 235
 0 236
 0 237
 0 238
 0 239
 0 240
 0 241
 0 242
 0 243
 0 244
 0 245
 0 246
 0 247
 0 248
 0 249
 0 250
 0 251
 0 252
 0 253
 0 254
 0 255
 0 256
 0 257
 0 258
 0 259
 0 260
 0 261
 0 262
 0 263
 0 264
 0 265
 0 266
 0 267
 0 268
 0 269
 0 270
 0 271
 0 272
 0 273
 0 274
 0 275
 0 276
 0 277
 0 278
 0 279
 0 280
 0 281
 0 282
 0 283
 0 284
 0 285
 0 286
 0 287
 0 288
 0 289
 0 290
 0 291
 0 292
 0 293
 0 294
 0 295
 1 296
 0 297
 1 298
 1 299
 1 300
 0 301
 0 302
 1 303
 0 304
 0 305
 0 306
 2 307
 1 308
 2 309
 3 310
 0 311
 0 312
 4 313
 1 314
 2 315
 0 316
 1 317
 2 318
 0 319
 1 320
 2 321
 0 322
 3 323
 1 324
 3 325
 1 326
 1 327
 2 328
 1 329
 1 330
 1 331
 1 332
 3 333
 0 334
 3 335
 2 336
 1 337
 1 338
 1 339
 2 340
 4 341
 0 342
 2 343
 2 344
 1 345
 0 346
 1 347
 0 348
 0 349
 2 350
 0 351
 0 352
 0 353
 1 354
 0 355
 1 356
 0 357
 1 358
 0 359
 0 360
 1 361
 0 362
 2 363
 2 364
 1 365
 0 366
 1 367
 2 368
 0 369
 2 370
 2 371
 0 372
 1 373
 1 374
 0 375
 2 376
 0 377
 0 378
 0 379
 0 380
 0 381
 2 382
 2 383
 1 384
 1 385
 0 386
 2 387
 0 388
 0 389
 0 390
 0 391
 1 392
 0 393
 0 394
 0 395
 0 396
 0 397
 0 398
 0 399
 1 400
 0 401
 0 402
 0 403
 0 404
 0 405
 0 406
 0 407
 0 408
 0 409
 0 410
 1 411
 0 412
 0 413
 0 414
 0 415
 0 416
 0 417
 0 418
 0 419
 0 420
 0 421
 0 422
 0 423
 0 424
 0 425
 0 426
 0 427
 1 428
 0 429
 0 430
 0 431
 0 432
 0 433
 0 434
 0 435
 0 436
 0 437
 0 438
 0 439
 0 440
 0 441
 0 442
 0 443
 0 444
 0 445
 0 446
 0 447
 0 448
 0 449
 0 450
 0 451
 0 452
 0 453
 0 454
 0 455
 0 456
 0 457
 0 458
 0 459
 0 460
 0 461
 0 462
 0 463
 0 464
 0 465
 0 466
 0 467
 0 468
 0 469
 0 470
 0 471
 0 472
 0 473
 0 474
 0 475
 0 476
 0 477
 0 478
 0 479
 0 480
 0 481
 0 482
 0 483
 0 484
 0 485
 0 486
 0 487
 0 488
 0 489
 0 490
 0 491
 0 492
 0 493
 0 494
 0 495
 0 496
 0 497
 0 498
 0 499
 0 500
 0 501
 0 502
 0 503
 0 504
 0 505
 0 506
 0 507
 0 508
 0 509
 0 510
 0 511
 0 512
 0 513
 0 514
 0 515
 0 516
 0 517
 0 518
 0 519
 0 520
 0 521
 0 522
 0 523
 0 524
 0 525
 0 526
 0 527
 0 528
 0 529
 0 530
 0 531
 0 532
 0 533
 0 534
 0 535
 0 536
 0 537
 0 538
 0 539
 0 540
 0 541
 0 542
 0 543
 0 544
 0 545
 0 546
 0 547
 0 548
 0 549
 0 550
 0 551
 0 552
 0 553
 0 554
 0 555
 0 556
 0 557
 0 558
 0 559
 0 560
 0 561
 0 562
 0 563
 0 564
 0 565
 0 566
 0 567
 0 568
 0 569
 0 570
 0 571
 0 572
 0 573
 0 574
 0 575
 0 576
 0 577
 0 578
 0 579
 0 580
 0 581
 0 582
 0 583
 0 584
 0 585
 0 586
 0 587
 0 588
 0 589
 0 590
 0 591
 0 592
 0 593
 0 594
 0 595
 0 596
 0 597
 0 598
 0 599
 0 600


