# Created by Octave 3.8.2, Mon Jun 22 04:06:47 2020 CEST <damian@fptrucha.inv.usc.es>
# name: hd
# type: matrix
# rows: 551
# columns: 2
 0 50
 0 51
 0 52
 0 53
 0 54
 0 55
 0 56
 0 57
 0 58
 0 59
 0 60
 0 61
 0 62
 0 63
 0 64
 0 65
 0 66
 0 67
 0 68
 0 69
 0 70
 0 71
 0 72
 0 73
 0 74
 0 75
 0 76
 0 77
 0 78
 0 79
 0 80
 0 81
 0 82
 0 83
 0 84
 0 85
 0 86
 0 87
 0 88
 0 89
 1 90
 4 91
 15 92
 47 93
 105 94
 198 95
 305 96
 375 97
 454 98
 651 99
 858 100
 912 101
 959 102
 992 103
 978 104
 1017 105
 944 106
 935 107
 889 108
 900 109
 846 110
 747 111
 775 112
 619 113
 584 114
 619 115
 534 116
 488 117
 405 118
 382 119
 367 120
 302 121
 279 122
 279 123
 230 124
 207 125
 195 126
 141 127
 165 128
 131 129
 100 130
 95 131
 110 132
 88 133
 83 134
 72 135
 72 136
 61 137
 47 138
 52 139
 56 140
 39 141
 38 142
 45 143
 48 144
 39 145
 29 146
 38 147
 30 148
 36 149
 28 150
 26 151
 28 152
 20 153
 14 154
 25 155
 21 156
 14 157
 19 158
 13 159
 8 160
 11 161
 11 162
 13 163
 8 164
 8 165
 7 166
 9 167
 8 168
 12 169
 9 170
 12 171
 10 172
 4 173
 8 174
 2 175
 4 176
 3 177
 7 178
 3 179
 1 180
 3 181
 2 182
 0 183
 2 184
 4 185
 5 186
 3 187
 2 188
 1 189
 0 190
 5 191
 2 192
 1 193
 0 194
 3 195
 2 196
 0 197
 0 198
 2 199
 0 200
 0 201
 1 202
 0 203
 0 204
 0 205
 1 206
 0 207
 0 208
 2 209
 0 210
 0 211
 0 212
 0 213
 0 214
 1 215
 0 216
 1 217
 1 218
 0 219
 0 220
 0 221
 0 222
 0 223
 1 224
 0 225
 0 226
 0 227
 0 228
 0 229
 0 230
 0 231
 0 232
 0 233
 0 234
 0 235
 0 236
 0 237
 0 238
 0 239
 0 240
 0 241
 0 242
 0 243
 0 244
 0 245
 0 246
 0 247
 0 248
 0 249
 0 250
 0 251
 0 252
 0 253
 0 254
 0 255
 0 256
 0 257
 0 258
 0 259
 0 260
 0 261
 0 262
 0 263
 0 264
 0 265
 0 266
 0 267
 0 268
 0 269
 0 270
 0 271
 0 272
 0 273
 0 274
 0 275
 0 276
 0 277
 0 278
 0 279
 0 280
 0 281
 0 282
 0 283
 0 284
 0 285
 0 286
 0 287
 0 288
 0 289
 0 290
 0 291
 0 292
 1 293
 0 294
 1 295
 0 296
 0 297
 0 298
 1 299
 0 300
 0 301
 1 302
 0 303
 2 304
 0 305
 1 306
 0 307
 1 308
 0 309
 2 310
 0 311
 0 312
 2 313
 1 314
 1 315
 1 316
 0 317
 1 318
 0 319
 1 320
 2 321
 0 322
 1 323
 0 324
 2 325
 1 326
 0 327
 1 328
 1 329
 2 330
 1 331
 1 332
 1 333
 1 334
 0 335
 1 336
 0 337
 2 338
 0 339
 1 340
 1 341
 4 342
 1 343
 0 344
 1 345
 1 346
 0 347
 0 348
 1 349
 2 350
 0 351
 0 352
 3 353
 1 354
 0 355
 1 356
 2 357
 0 358
 1 359
 1 360
 0 361
 0 362
 2 363
 0 364
 1 365
 1 366
 0 367
 1 368
 2 369
 0 370
 0 371
 0 372
 0 373
 1 374
 0 375
 0 376
 0 377
 0 378
 0 379
 0 380
 0 381
 0 382
 0 383
 0 384
 1 385
 0 386
 0 387
 0 388
 0 389
 0 390
 0 391
 1 392
 0 393
 0 394
 0 395
 0 396
 1 397
 0 398
 0 399
 0 400
 0 401
 0 402
 0 403
 0 404
 0 405
 0 406
 0 407
 0 408
 0 409
 0 410
 0 411
 0 412
 0 413
 0 414
 0 415
 0 416
 0 417
 0 418
 0 419
 0 420
 0 421
 0 422
 0 423
 0 424
 0 425
 0 426
 0 427
 0 428
 0 429
 0 430
 0 431
 0 432
 0 433
 0 434
 0 435
 0 436
 0 437
 0 438
 0 439
 0 440
 0 441
 0 442
 0 443
 0 444
 0 445
 0 446
 0 447
 0 448
 0 449
 0 450
 0 451
 0 452
 0 453
 0 454
 0 455
 0 456
 0 457
 0 458
 0 459
 0 460
 0 461
 0 462
 0 463
 0 464
 0 465
 0 466
 0 467
 0 468
 0 469
 0 470
 0 471
 0 472
 0 473
 0 474
 0 475
 0 476
 0 477
 0 478
 0 479
 0 480
 0 481
 0 482
 0 483
 0 484
 0 485
 0 486
 0 487
 0 488
 0 489
 0 490
 0 491
 0 492
 0 493
 0 494
 0 495
 0 496
 0 497
 0 498
 0 499
 0 500
 0 501
 0 502
 0 503
 0 504
 0 505
 0 506
 0 507
 0 508
 0 509
 0 510
 0 511
 0 512
 0 513
 0 514
 0 515
 0 516
 0 517
 0 518
 0 519
 0 520
 0 521
 0 522
 0 523
 0 524
 0 525
 0 526
 0 527
 0 528
 0 529
 0 530
 0 531
 0 532
 0 533
 0 534
 0 535
 0 536
 0 537
 0 538
 0 539
 0 540
 0 541
 0 542
 0 543
 0 544
 0 545
 0 546
 0 547
 0 548
 0 549
 0 550
 0 551
 0 552
 0 553
 0 554
 0 555
 0 556
 0 557
 0 558
 0 559
 0 560
 0 561
 0 562
 0 563
 0 564
 0 565
 0 566
 0 567
 0 568
 0 569
 0 570
 0 571
 0 572
 0 573
 0 574
 0 575
 0 576
 0 577
 0 578
 0 579
 0 580
 0 581
 0 582
 0 583
 0 584
 0 585
 0 586
 0 587
 0 588
 0 589
 0 590
 0 591
 0 592
 0 593
 0 594
 0 595
 0 596
 0 597
 0 598
 0 599
 0 600


