# Created by Octave 3.8.2, Sat Jun 20 18:09:00 2020 CEST <damian@fptrucha.inv.usc.es>
# name: hd
# type: matrix
# rows: 551
# columns: 2
 0 50
 0 51
 0 52
 0 53
 0 54
 0 55
 0 56
 0 57
 0 58
 0 59
 0 60
 0 61
 0 62
 0 63
 0 64
 0 65
 0 66
 0 67
 0 68
 0 69
 0 70
 0 71
 0 72
 0 73
 0 74
 0 75
 0 76
 0 77
 0 78
 0 79
 0 80
 0 81
 0 82
 0 83
 0 84
 0 85
 0 86
 0 87
 0 88
 2 89
 10 90
 19 91
 60 92
 131 93
 261 94
 376 95
 456 96
 581 97
 788 98
 1027 99
 1192 100
 1134 101
 1287 102
 1285 103
 1406 104
 1364 105
 1406 106
 1413 107
 1368 108
 1342 109
 1326 110
 1194 111
 1114 112
 1164 113
 1011 114
 987 115
 921 116
 845 117
 861 118
 794 119
 717 120
 658 121
 610 122
 526 123
 441 124
 441 125
 362 126
 339 127
 340 128
 296 129
 265 130
 236 131
 224 132
 191 133
 163 134
 153 135
 152 136
 131 137
 123 138
 114 139
 106 140
 91 141
 113 142
 83 143
 93 144
 61 145
 60 146
 59 147
 73 148
 57 149
 47 150
 49 151
 45 152
 36 153
 46 154
 31 155
 37 156
 33 157
 25 158
 29 159
 19 160
 26 161
 27 162
 28 163
 14 164
 22 165
 16 166
 12 167
 11 168
 7 169
 18 170
 9 171
 8 172
 8 173
 7 174
 10 175
 11 176
 12 177
 7 178
 1 179
 8 180
 2 181
 6 182
 5 183
 2 184
 1 185
 3 186
 5 187
 4 188
 1 189
 4 190
 4 191
 1 192
 4 193
 4 194
 4 195
 1 196
 1 197
 3 198
 2 199
 2 200
 0 201
 1 202
 0 203
 0 204
 0 205
 0 206
 0 207
 1 208
 0 209
 0 210
 2 211
 0 212
 1 213
 0 214
 0 215
 1 216
 0 217
 0 218
 0 219
 1 220
 0 221
 0 222
 0 223
 0 224
 0 225
 0 226
 0 227
 0 228
 0 229
 0 230
 1 231
 0 232
 0 233
 0 234
 0 235
 0 236
 0 237
 0 238
 0 239
 0 240
 0 241
 0 242
 0 243
 0 244
 0 245
 0 246
 0 247
 0 248
 0 249
 0 250
 0 251
 0 252
 0 253
 0 254
 0 255
 0 256
 0 257
 0 258
 0 259
 0 260
 0 261
 0 262
 0 263
 0 264
 0 265
 0 266
 0 267
 0 268
 0 269
 0 270
 0 271
 0 272
 0 273
 0 274
 0 275
 0 276
 0 277
 1 278
 0 279
 0 280
 0 281
 0 282
 0 283
 0 284
 0 285
 0 286
 0 287
 0 288
 0 289
 0 290
 0 291
 0 292
 0 293
 1 294
 0 295
 0 296
 0 297
 0 298
 1 299
 1 300
 2 301
 1 302
 1 303
 0 304
 1 305
 2 306
 0 307
 2 308
 0 309
 0 310
 0 311
 0 312
 2 313
 1 314
 2 315
 1 316
 1 317
 1 318
 2 319
 1 320
 1 321
 3 322
 2 323
 1 324
 1 325
 0 326
 2 327
 1 328
 2 329
 0 330
 1 331
 0 332
 0 333
 0 334
 1 335
 1 336
 4 337
 1 338
 0 339
 1 340
 2 341
 1 342
 3 343
 2 344
 2 345
 0 346
 2 347
 1 348
 2 349
 1 350
 0 351
 2 352
 1 353
 1 354
 0 355
 1 356
 2 357
 0 358
 1 359
 0 360
 3 361
 0 362
 0 363
 1 364
 0 365
 2 366
 0 367
 3 368
 0 369
 1 370
 0 371
 0 372
 0 373
 2 374
 1 375
 0 376
 0 377
 1 378
 0 379
 0 380
 2 381
 0 382
 0 383
 2 384
 0 385
 1 386
 0 387
 0 388
 0 389
 0 390
 1 391
 0 392
 1 393
 0 394
 0 395
 0 396
 0 397
 0 398
 0 399
 0 400
 0 401
 0 402
 1 403
 0 404
 0 405
 0 406
 0 407
 0 408
 0 409
 0 410
 0 411
 1 412
 0 413
 0 414
 0 415
 0 416
 1 417
 0 418
 0 419
 0 420
 0 421
 0 422
 0 423
 0 424
 0 425
 0 426
 0 427
 0 428
 0 429
 0 430
 0 431
 0 432
 0 433
 0 434
 0 435
 0 436
 0 437
 0 438
 0 439
 0 440
 0 441
 0 442
 0 443
 0 444
 0 445
 0 446
 0 447
 0 448
 0 449
 0 450
 0 451
 0 452
 0 453
 0 454
 0 455
 0 456
 0 457
 0 458
 0 459
 0 460
 0 461
 0 462
 0 463
 0 464
 0 465
 0 466
 0 467
 0 468
 0 469
 0 470
 0 471
 0 472
 0 473
 0 474
 0 475
 0 476
 0 477
 0 478
 0 479
 0 480
 0 481
 0 482
 0 483
 0 484
 0 485
 0 486
 0 487
 0 488
 0 489
 0 490
 0 491
 0 492
 0 493
 0 494
 0 495
 0 496
 0 497
 0 498
 0 499
 0 500
 0 501
 0 502
 0 503
 0 504
 0 505
 0 506
 0 507
 0 508
 0 509
 0 510
 0 511
 0 512
 0 513
 0 514
 0 515
 0 516
 0 517
 0 518
 0 519
 0 520
 0 521
 0 522
 0 523
 0 524
 0 525
 0 526
 0 527
 0 528
 0 529
 0 530
 0 531
 0 532
 0 533
 0 534
 0 535
 0 536
 0 537
 0 538
 0 539
 0 540
 0 541
 0 542
 0 543
 0 544
 0 545
 0 546
 0 547
 0 548
 0 549
 0 550
 0 551
 0 552
 0 553
 0 554
 0 555
 0 556
 0 557
 0 558
 0 559
 0 560
 0 561
 0 562
 0 563
 0 564
 0 565
 0 566
 0 567
 0 568
 0 569
 0 570
 0 571
 0 572
 0 573
 0 574
 0 575
 0 576
 0 577
 0 578
 0 579
 0 580
 0 581
 0 582
 0 583
 0 584
 0 585
 0 586
 0 587
 0 588
 0 589
 0 590
 0 591
 0 592
 0 593
 0 594
 0 595
 0 596
 0 597
 0 598
 0 599
 0 600


