# Created by Octave 3.8.2, Mon Jun 22 02:31:14 2020 CEST <damian@fptrucha.inv.usc.es>
# name: hd
# type: matrix
# rows: 551
# columns: 2
 0 50
 0 51
 0 52
 0 53
 0 54
 0 55
 0 56
 0 57
 0 58
 0 59
 0 60
 0 61
 0 62
 0 63
 0 64
 0 65
 0 66
 0 67
 0 68
 0 69
 0 70
 0 71
 0 72
 0 73
 0 74
 0 75
 0 76
 0 77
 0 78
 0 79
 0 80
 0 81
 0 82
 0 83
 0 84
 0 85
 0 86
 0 87
 0 88
 0 89
 2 90
 9 91
 31 92
 91 93
 219 94
 392 95
 475 96
 630 97
 747 98
 1070 99
 1327 100
 1366 101
 1403 102
 1465 103
 1414 104
 1439 105
 1423 106
 1458 107
 1351 108
 1355 109
 1312 110
 1108 111
 1079 112
 973 113
 930 114
 845 115
 758 116
 690 117
 641 118
 583 119
 563 120
 472 121
 444 122
 408 123
 355 124
 344 125
 289 126
 278 127
 248 128
 244 129
 204 130
 172 131
 160 132
 174 133
 135 134
 130 135
 103 136
 109 137
 105 138
 102 139
 104 140
 60 141
 73 142
 80 143
 67 144
 52 145
 44 146
 46 147
 54 148
 46 149
 34 150
 37 151
 46 152
 28 153
 37 154
 34 155
 38 156
 28 157
 34 158
 26 159
 37 160
 20 161
 27 162
 17 163
 20 164
 17 165
 13 166
 16 167
 15 168
 18 169
 13 170
 13 171
 15 172
 9 173
 2 174
 7 175
 10 176
 1 177
 6 178
 7 179
 5 180
 5 181
 3 182
 5 183
 3 184
 2 185
 3 186
 6 187
 4 188
 2 189
 3 190
 3 191
 4 192
 4 193
 3 194
 0 195
 1 196
 0 197
 0 198
 0 199
 0 200
 3 201
 2 202
 0 203
 2 204
 0 205
 0 206
 1 207
 0 208
 1 209
 0 210
 0 211
 1 212
 0 213
 0 214
 0 215
 1 216
 3 217
 0 218
 0 219
 1 220
 1 221
 0 222
 0 223
 0 224
 0 225
 0 226
 0 227
 0 228
 0 229
 0 230
 1 231
 0 232
 0 233
 0 234
 0 235
 0 236
 0 237
 0 238
 0 239
 0 240
 0 241
 0 242
 0 243
 0 244
 0 245
 0 246
 0 247
 0 248
 0 249
 0 250
 0 251
 0 252
 0 253
 0 254
 0 255
 0 256
 0 257
 0 258
 0 259
 0 260
 0 261
 0 262
 0 263
 0 264
 0 265
 0 266
 0 267
 0 268
 0 269
 0 270
 0 271
 0 272
 0 273
 0 274
 0 275
 0 276
 0 277
 0 278
 0 279
 0 280
 0 281
 0 282
 0 283
 0 284
 1 285
 0 286
 0 287
 0 288
 1 289
 0 290
 1 291
 0 292
 1 293
 0 294
 0 295
 0 296
 1 297
 0 298
 0 299
 2 300
 0 301
 0 302
 0 303
 0 304
 0 305
 2 306
 1 307
 1 308
 2 309
 0 310
 0 311
 2 312
 1 313
 2 314
 1 315
 3 316
 4 317
 2 318
 1 319
 0 320
 1 321
 2 322
 4 323
 1 324
 0 325
 2 326
 3 327
 0 328
 3 329
 3 330
 1 331
 1 332
 1 333
 3 334
 0 335
 2 336
 0 337
 3 338
 2 339
 4 340
 4 341
 2 342
 2 343
 2 344
 2 345
 1 346
 1 347
 1 348
 0 349
 0 350
 3 351
 2 352
 2 353
 2 354
 0 355
 2 356
 1 357
 0 358
 0 359
 2 360
 2 361
 1 362
 1 363
 2 364
 0 365
 0 366
 0 367
 0 368
 1 369
 1 370
 2 371
 2 372
 0 373
 0 374
 1 375
 0 376
 0 377
 0 378
 1 379
 1 380
 2 381
 0 382
 0 383
 0 384
 0 385
 1 386
 0 387
 0 388
 0 389
 0 390
 0 391
 1 392
 0 393
 0 394
 0 395
 0 396
 0 397
 0 398
 1 399
 0 400
 0 401
 0 402
 0 403
 0 404
 0 405
 0 406
 0 407
 0 408
 1 409
 0 410
 0 411
 0 412
 0 413
 0 414
 0 415
 0 416
 0 417
 0 418
 0 419
 1 420
 0 421
 1 422
 0 423
 0 424
 0 425
 0 426
 0 427
 0 428
 0 429
 0 430
 0 431
 0 432
 0 433
 0 434
 0 435
 0 436
 0 437
 0 438
 0 439
 0 440
 0 441
 0 442
 0 443
 0 444
 0 445
 0 446
 0 447
 0 448
 0 449
 0 450
 0 451
 0 452
 0 453
 0 454
 0 455
 0 456
 0 457
 0 458
 0 459
 0 460
 0 461
 0 462
 0 463
 0 464
 0 465
 0 466
 0 467
 0 468
 0 469
 0 470
 0 471
 0 472
 0 473
 0 474
 0 475
 0 476
 0 477
 0 478
 0 479
 0 480
 0 481
 0 482
 0 483
 0 484
 0 485
 0 486
 0 487
 0 488
 0 489
 0 490
 0 491
 0 492
 0 493
 0 494
 0 495
 0 496
 0 497
 0 498
 0 499
 0 500
 0 501
 0 502
 0 503
 0 504
 0 505
 0 506
 0 507
 0 508
 0 509
 0 510
 0 511
 0 512
 0 513
 0 514
 0 515
 0 516
 0 517
 0 518
 0 519
 0 520
 0 521
 0 522
 0 523
 0 524
 0 525
 0 526
 0 527
 0 528
 0 529
 0 530
 0 531
 0 532
 0 533
 0 534
 0 535
 0 536
 0 537
 0 538
 0 539
 0 540
 0 541
 0 542
 0 543
 0 544
 0 545
 0 546
 0 547
 0 548
 0 549
 0 550
 0 551
 0 552
 0 553
 0 554
 0 555
 0 556
 0 557
 0 558
 0 559
 0 560
 0 561
 0 562
 0 563
 0 564
 0 565
 0 566
 0 567
 0 568
 0 569
 0 570
 0 571
 0 572
 0 573
 0 574
 0 575
 0 576
 0 577
 0 578
 0 579
 0 580
 0 581
 0 582
 0 583
 0 584
 0 585
 0 586
 0 587
 0 588
 0 589
 0 590
 0 591
 0 592
 0 593
 0 594
 0 595
 0 596
 0 597
 0 598
 0 599
 0 600


