# Created by Octave 3.8.2, Mon Jun 22 07:52:02 2020 CEST <damian@fptrucha.inv.usc.es>
# name: hd
# type: matrix
# rows: 551
# columns: 2
 0 50
 0 51
 0 52
 0 53
 0 54
 0 55
 0 56
 0 57
 0 58
 0 59
 0 60
 0 61
 0 62
 0 63
 0 64
 0 65
 0 66
 0 67
 0 68
 0 69
 0 70
 0 71
 0 72
 0 73
 0 74
 0 75
 0 76
 0 77
 0 78
 0 79
 0 80
 0 81
 0 82
 0 83
 0 84
 0 85
 0 86
 0 87
 0 88
 0 89
 2 90
 5 91
 24 92
 55 93
 173 94
 330 95
 488 96
 623 97
 758 98
 986 99
 1238 100
 1411 101
 1450 102
 1494 103
 1591 104
 1568 105
 1469 106
 1597 107
 1380 108
 1374 109
 1400 110
 1222 111
 1184 112
 1095 113
 905 114
 940 115
 848 116
 704 117
 691 118
 606 119
 549 120
 529 121
 469 122
 420 123
 339 124
 320 125
 301 126
 252 127
 230 128
 236 129
 212 130
 197 131
 148 132
 140 133
 138 134
 139 135
 122 136
 122 137
 89 138
 79 139
 83 140
 79 141
 69 142
 65 143
 52 144
 62 145
 61 146
 55 147
 46 148
 38 149
 40 150
 33 151
 32 152
 36 153
 32 154
 31 155
 26 156
 38 157
 28 158
 20 159
 29 160
 23 161
 21 162
 19 163
 20 164
 18 165
 15 166
 16 167
 13 168
 14 169
 10 170
 12 171
 8 172
 13 173
 7 174
 5 175
 7 176
 5 177
 4 178
 6 179
 6 180
 4 181
 6 182
 0 183
 5 184
 3 185
 5 186
 4 187
 6 188
 3 189
 1 190
 2 191
 2 192
 4 193
 4 194
 1 195
 2 196
 5 197
 4 198
 0 199
 1 200
 1 201
 1 202
 2 203
 1 204
 1 205
 0 206
 0 207
 1 208
 3 209
 0 210
 0 211
 0 212
 0 213
 0 214
 0 215
 3 216
 0 217
 0 218
 0 219
 1 220
 0 221
 1 222
 2 223
 0 224
 0 225
 0 226
 0 227
 0 228
 1 229
 0 230
 0 231
 1 232
 0 233
 0 234
 0 235
 0 236
 0 237
 0 238
 1 239
 0 240
 0 241
 0 242
 0 243
 0 244
 0 245
 0 246
 0 247
 0 248
 0 249
 0 250
 0 251
 0 252
 0 253
 0 254
 0 255
 0 256
 0 257
 0 258
 0 259
 0 260
 0 261
 0 262
 0 263
 0 264
 0 265
 0 266
 0 267
 0 268
 0 269
 0 270
 0 271
 0 272
 0 273
 0 274
 0 275
 0 276
 0 277
 0 278
 0 279
 0 280
 0 281
 0 282
 0 283
 0 284
 0 285
 0 286
 0 287
 0 288
 1 289
 0 290
 0 291
 0 292
 1 293
 1 294
 1 295
 2 296
 3 297
 0 298
 0 299
 0 300
 0 301
 2 302
 1 303
 0 304
 0 305
 0 306
 1 307
 0 308
 3 309
 2 310
 1 311
 0 312
 2 313
 0 314
 2 315
 2 316
 2 317
 0 318
 0 319
 3 320
 1 321
 2 322
 6 323
 0 324
 0 325
 1 326
 0 327
 0 328
 0 329
 1 330
 1 331
 3 332
 1 333
 2 334
 3 335
 1 336
 2 337
 5 338
 0 339
 1 340
 2 341
 1 342
 1 343
 1 344
 0 345
 1 346
 2 347
 1 348
 0 349
 2 350
 1 351
 2 352
 1 353
 0 354
 2 355
 1 356
 4 357
 0 358
 0 359
 3 360
 1 361
 1 362
 2 363
 1 364
 3 365
 0 366
 2 367
 2 368
 1 369
 1 370
 2 371
 1 372
 0 373
 1 374
 2 375
 3 376
 1 377
 0 378
 2 379
 1 380
 2 381
 1 382
 0 383
 0 384
 0 385
 0 386
 0 387
 0 388
 0 389
 0 390
 0 391
 0 392
 1 393
 0 394
 0 395
 0 396
 0 397
 1 398
 0 399
 1 400
 0 401
 0 402
 0 403
 0 404
 1 405
 0 406
 0 407
 0 408
 0 409
 0 410
 0 411
 0 412
 0 413
 0 414
 0 415
 0 416
 1 417
 0 418
 0 419
 0 420
 0 421
 0 422
 0 423
 0 424
 0 425
 0 426
 1 427
 1 428
 0 429
 0 430
 0 431
 0 432
 0 433
 0 434
 0 435
 0 436
 0 437
 0 438
 0 439
 0 440
 0 441
 0 442
 0 443
 0 444
 0 445
 0 446
 0 447
 0 448
 0 449
 0 450
 0 451
 0 452
 0 453
 0 454
 0 455
 0 456
 0 457
 0 458
 0 459
 0 460
 0 461
 0 462
 0 463
 0 464
 0 465
 0 466
 0 467
 0 468
 0 469
 0 470
 0 471
 0 472
 0 473
 0 474
 0 475
 0 476
 0 477
 0 478
 0 479
 0 480
 0 481
 0 482
 0 483
 0 484
 0 485
 0 486
 0 487
 0 488
 0 489
 0 490
 0 491
 0 492
 0 493
 0 494
 0 495
 0 496
 0 497
 0 498
 0 499
 0 500
 0 501
 0 502
 0 503
 0 504
 0 505
 0 506
 0 507
 0 508
 0 509
 0 510
 0 511
 0 512
 0 513
 0 514
 0 515
 0 516
 0 517
 0 518
 0 519
 0 520
 0 521
 0 522
 0 523
 0 524
 0 525
 0 526
 0 527
 0 528
 0 529
 0 530
 0 531
 0 532
 0 533
 0 534
 0 535
 0 536
 0 537
 0 538
 0 539
 0 540
 0 541
 0 542
 0 543
 0 544
 0 545
 0 546
 0 547
 0 548
 0 549
 0 550
 0 551
 0 552
 0 553
 0 554
 0 555
 0 556
 0 557
 0 558
 0 559
 0 560
 0 561
 0 562
 0 563
 0 564
 0 565
 0 566
 0 567
 0 568
 0 569
 0 570
 0 571
 0 572
 0 573
 0 574
 0 575
 0 576
 0 577
 0 578
 0 579
 0 580
 0 581
 0 582
 0 583
 0 584
 0 585
 0 586
 0 587
 0 588
 0 589
 0 590
 0 591
 0 592
 0 593
 0 594
 0 595
 0 596
 0 597
 0 598
 0 599
 0 600


