# Created by Octave 3.8.2, Sat Jun 20 15:25:05 2020 CEST <damian@fptrucha.inv.usc.es>
# name: hd
# type: matrix
# rows: 551
# columns: 2
 0 50
 0 51
 0 52
 0 53
 0 54
 0 55
 0 56
 0 57
 0 58
 0 59
 0 60
 0 61
 0 62
 0 63
 0 64
 0 65
 0 66
 0 67
 0 68
 0 69
 0 70
 0 71
 0 72
 0 73
 0 74
 0 75
 0 76
 0 77
 0 78
 0 79
 0 80
 0 81
 0 82
 0 83
 0 84
 0 85
 0 86
 0 87
 0 88
 2 89
 9 90
 20 91
 48 92
 136 93
 273 94
 401 95
 484 96
 616 97
 870 98
 1047 99
 1166 100
 1307 101
 1341 102
 1368 103
 1386 104
 1413 105
 1418 106
 1432 107
 1414 108
 1306 109
 1285 110
 1234 111
 1182 112
 1114 113
 1077 114
 995 115
 964 116
 928 117
 829 118
 768 119
 675 120
 678 121
 534 122
 495 123
 516 124
 451 125
 415 126
 359 127
 336 128
 289 129
 292 130
 250 131
 223 132
 230 133
 214 134
 155 135
 159 136
 123 137
 121 138
 133 139
 86 140
 105 141
 94 142
 90 143
 79 144
 68 145
 68 146
 69 147
 57 148
 55 149
 42 150
 61 151
 40 152
 39 153
 47 154
 29 155
 47 156
 35 157
 31 158
 32 159
 37 160
 23 161
 22 162
 23 163
 23 164
 21 165
 22 166
 8 167
 13 168
 11 169
 15 170
 8 171
 8 172
 10 173
 9 174
 15 175
 10 176
 4 177
 10 178
 9 179
 9 180
 3 181
 8 182
 5 183
 10 184
 5 185
 3 186
 2 187
 1 188
 3 189
 3 190
 0 191
 2 192
 0 193
 2 194
 0 195
 2 196
 2 197
 2 198
 0 199
 0 200
 0 201
 2 202
 2 203
 2 204
 2 205
 0 206
 0 207
 1 208
 0 209
 0 210
 0 211
 0 212
 0 213
 0 214
 1 215
 0 216
 1 217
 1 218
 0 219
 0 220
 0 221
 1 222
 0 223
 0 224
 0 225
 0 226
 0 227
 0 228
 0 229
 0 230
 0 231
 0 232
 1 233
 1 234
 0 235
 0 236
 0 237
 1 238
 0 239
 0 240
 0 241
 0 242
 0 243
 0 244
 0 245
 0 246
 0 247
 0 248
 0 249
 0 250
 0 251
 0 252
 0 253
 0 254
 0 255
 0 256
 0 257
 0 258
 0 259
 0 260
 0 261
 0 262
 0 263
 0 264
 0 265
 0 266
 0 267
 0 268
 0 269
 0 270
 0 271
 0 272
 0 273
 0 274
 0 275
 0 276
 0 277
 0 278
 0 279
 0 280
 0 281
 0 282
 0 283
 0 284
 0 285
 1 286
 0 287
 1 288
 0 289
 0 290
 1 291
 0 292
 0 293
 0 294
 0 295
 0 296
 0 297
 1 298
 0 299
 1 300
 1 301
 3 302
 0 303
 0 304
 0 305
 3 306
 1 307
 0 308
 0 309
 1 310
 0 311
 1 312
 3 313
 1 314
 1 315
 0 316
 1 317
 0 318
 1 319
 3 320
 1 321
 3 322
 1 323
 0 324
 2 325
 0 326
 0 327
 4 328
 1 329
 1 330
 3 331
 2 332
 0 333
 3 334
 3 335
 4 336
 0 337
 0 338
 4 339
 1 340
 3 341
 3 342
 2 343
 1 344
 3 345
 3 346
 1 347
 2 348
 2 349
 0 350
 1 351
 2 352
 4 353
 3 354
 1 355
 2 356
 4 357
 0 358
 0 359
 1 360
 2 361
 4 362
 1 363
 1 364
 0 365
 1 366
 1 367
 4 368
 1 369
 3 370
 2 371
 1 372
 1 373
 0 374
 0 375
 0 376
 0 377
 0 378
 0 379
 0 380
 2 381
 0 382
 1 383
 0 384
 0 385
 0 386
 0 387
 2 388
 1 389
 0 390
 0 391
 0 392
 1 393
 2 394
 0 395
 0 396
 0 397
 0 398
 1 399
 0 400
 0 401
 0 402
 1 403
 0 404
 0 405
 0 406
 0 407
 0 408
 0 409
 0 410
 0 411
 1 412
 0 413
 0 414
 0 415
 1 416
 0 417
 0 418
 0 419
 0 420
 0 421
 0 422
 0 423
 0 424
 0 425
 0 426
 0 427
 0 428
 0 429
 0 430
 0 431
 0 432
 0 433
 0 434
 0 435
 0 436
 0 437
 0 438
 1 439
 0 440
 0 441
 0 442
 0 443
 0 444
 0 445
 0 446
 0 447
 0 448
 0 449
 0 450
 0 451
 0 452
 0 453
 0 454
 0 455
 0 456
 0 457
 0 458
 0 459
 0 460
 0 461
 0 462
 0 463
 0 464
 0 465
 0 466
 0 467
 0 468
 0 469
 0 470
 0 471
 0 472
 0 473
 0 474
 0 475
 0 476
 0 477
 0 478
 0 479
 0 480
 0 481
 0 482
 0 483
 0 484
 0 485
 0 486
 0 487
 0 488
 0 489
 0 490
 0 491
 0 492
 0 493
 0 494
 0 495
 0 496
 0 497
 0 498
 0 499
 0 500
 0 501
 0 502
 0 503
 0 504
 0 505
 0 506
 0 507
 0 508
 0 509
 0 510
 0 511
 0 512
 0 513
 0 514
 0 515
 0 516
 0 517
 0 518
 0 519
 0 520
 0 521
 0 522
 0 523
 0 524
 0 525
 0 526
 0 527
 0 528
 0 529
 0 530
 0 531
 0 532
 0 533
 0 534
 0 535
 0 536
 0 537
 0 538
 0 539
 0 540
 0 541
 0 542
 0 543
 0 544
 0 545
 0 546
 0 547
 0 548
 0 549
 0 550
 0 551
 0 552
 0 553
 0 554
 0 555
 0 556
 0 557
 0 558
 0 559
 0 560
 0 561
 0 562
 0 563
 0 564
 0 565
 0 566
 0 567
 0 568
 0 569
 0 570
 0 571
 0 572
 0 573
 0 574
 0 575
 0 576
 0 577
 0 578
 0 579
 0 580
 0 581
 0 582
 0 583
 0 584
 0 585
 0 586
 0 587
 0 588
 0 589
 0 590
 0 591
 0 592
 0 593
 0 594
 0 595
 0 596
 0 597
 0 598
 0 599
 0 600


