# Created by Octave 3.8.2, Sat Jun 20 03:52:16 2020 CEST <damian@fptrucha.inv.usc.es>
# name: hd
# type: matrix
# rows: 551
# columns: 2
 0 50
 0 51
 0 52
 0 53
 0 54
 0 55
 0 56
 0 57
 0 58
 0 59
 0 60
 0 61
 0 62
 0 63
 0 64
 0 65
 0 66
 0 67
 0 68
 0 69
 0 70
 0 71
 0 72
 0 73
 0 74
 0 75
 0 76
 0 77
 0 78
 0 79
 0 80
 0 81
 0 82
 0 83
 0 84
 0 85
 0 86
 0 87
 0 88
 1 89
 9 90
 20 91
 56 92
 155 93
 291 94
 445 95
 553 96
 680 97
 895 98
 1154 99
 1290 100
 1410 101
 1411 102
 1489 103
 1490 104
 1627 105
 1522 106
 1539 107
 1398 108
 1453 109
 1473 110
 1357 111
 1237 112
 1200 113
 1117 114
 1107 115
 1021 116
 890 117
 856 118
 776 119
 713 120
 698 121
 604 122
 593 123
 530 124
 475 125
 396 126
 389 127
 356 128
 304 129
 306 130
 254 131
 275 132
 212 133
 214 134
 197 135
 159 136
 146 137
 155 138
 135 139
 131 140
 107 141
 115 142
 95 143
 107 144
 81 145
 72 146
 51 147
 73 148
 59 149
 63 150
 57 151
 48 152
 54 153
 45 154
 45 155
 47 156
 46 157
 48 158
 27 159
 41 160
 34 161
 32 162
 24 163
 25 164
 21 165
 27 166
 13 167
 21 168
 20 169
 13 170
 12 171
 4 172
 7 173
 9 174
 11 175
 9 176
 8 177
 6 178
 11 179
 9 180
 7 181
 6 182
 5 183
 8 184
 7 185
 4 186
 5 187
 7 188
 5 189
 4 190
 5 191
 4 192
 2 193
 1 194
 4 195
 0 196
 1 197
 3 198
 0 199
 0 200
 2 201
 0 202
 2 203
 0 204
 0 205
 0 206
 2 207
 2 208
 3 209
 1 210
 1 211
 0 212
 0 213
 0 214
 0 215
 0 216
 2 217
 0 218
 1 219
 0 220
 1 221
 0 222
 1 223
 0 224
 1 225
 0 226
 1 227
 0 228
 0 229
 0 230
 1 231
 0 232
 0 233
 0 234
 0 235
 1 236
 0 237
 0 238
 0 239
 0 240
 0 241
 0 242
 0 243
 0 244
 0 245
 0 246
 0 247
 0 248
 0 249
 1 250
 0 251
 0 252
 0 253
 0 254
 0 255
 0 256
 1 257
 0 258
 0 259
 0 260
 0 261
 0 262
 0 263
 0 264
 0 265
 0 266
 0 267
 0 268
 0 269
 0 270
 0 271
 0 272
 0 273
 0 274
 1 275
 1 276
 1 277
 0 278
 0 279
 0 280
 0 281
 0 282
 0 283
 0 284
 1 285
 1 286
 1 287
 0 288
 0 289
 1 290
 0 291
 0 292
 0 293
 1 294
 0 295
 2 296
 2 297
 1 298
 1 299
 0 300
 2 301
 1 302
 2 303
 1 304
 0 305
 0 306
 1 307
 1 308
 2 309
 0 310
 1 311
 1 312
 0 313
 2 314
 0 315
 4 316
 1 317
 2 318
 3 319
 0 320
 2 321
 3 322
 0 323
 1 324
 2 325
 2 326
 1 327
 1 328
 0 329
 3 330
 3 331
 6 332
 0 333
 0 334
 4 335
 2 336
 0 337
 1 338
 3 339
 1 340
 0 341
 1 342
 5 343
 0 344
 1 345
 2 346
 5 347
 3 348
 2 349
 4 350
 0 351
 2 352
 3 353
 0 354
 1 355
 1 356
 0 357
 1 358
 3 359
 1 360
 2 361
 0 362
 3 363
 4 364
 2 365
 0 366
 1 367
 1 368
 1 369
 0 370
 0 371
 1 372
 0 373
 0 374
 0 375
 1 376
 2 377
 1 378
 1 379
 0 380
 2 381
 0 382
 1 383
 0 384
 1 385
 0 386
 0 387
 0 388
 1 389
 0 390
 0 391
 0 392
 1 393
 0 394
 0 395
 1 396
 0 397
 0 398
 0 399
 0 400
 1 401
 1 402
 0 403
 0 404
 0 405
 0 406
 0 407
 0 408
 0 409
 0 410
 0 411
 0 412
 0 413
 0 414
 0 415
 0 416
 0 417
 0 418
 0 419
 0 420
 0 421
 0 422
 1 423
 0 424
 0 425
 0 426
 0 427
 0 428
 0 429
 0 430
 0 431
 0 432
 0 433
 0 434
 1 435
 0 436
 0 437
 0 438
 0 439
 0 440
 0 441
 0 442
 0 443
 0 444
 0 445
 0 446
 0 447
 0 448
 0 449
 0 450
 0 451
 0 452
 0 453
 0 454
 0 455
 0 456
 0 457
 0 458
 0 459
 0 460
 0 461
 0 462
 0 463
 0 464
 0 465
 0 466
 0 467
 0 468
 0 469
 0 470
 0 471
 0 472
 0 473
 0 474
 0 475
 0 476
 0 477
 0 478
 0 479
 0 480
 0 481
 0 482
 0 483
 0 484
 0 485
 0 486
 0 487
 0 488
 0 489
 0 490
 0 491
 0 492
 0 493
 0 494
 0 495
 0 496
 0 497
 0 498
 0 499
 0 500
 0 501
 0 502
 0 503
 0 504
 0 505
 0 506
 0 507
 0 508
 0 509
 0 510
 0 511
 0 512
 0 513
 0 514
 0 515
 0 516
 0 517
 0 518
 0 519
 0 520
 0 521
 0 522
 0 523
 0 524
 0 525
 0 526
 0 527
 0 528
 0 529
 0 530
 0 531
 0 532
 0 533
 0 534
 0 535
 0 536
 0 537
 0 538
 0 539
 0 540
 0 541
 0 542
 0 543
 0 544
 0 545
 0 546
 0 547
 0 548
 0 549
 0 550
 0 551
 0 552
 0 553
 0 554
 0 555
 0 556
 0 557
 0 558
 0 559
 0 560
 0 561
 0 562
 0 563
 0 564
 0 565
 0 566
 0 567
 0 568
 0 569
 0 570
 0 571
 0 572
 0 573
 0 574
 0 575
 0 576
 0 577
 0 578
 0 579
 0 580
 0 581
 0 582
 0 583
 0 584
 0 585
 0 586
 0 587
 0 588
 0 589
 0 590
 0 591
 0 592
 0 593
 0 594
 0 595
 0 596
 0 597
 0 598
 0 599
 0 600


