# Created by Octave 3.8.2, Mon Jun 22 10:36:13 2020 CEST <damian@fptrucha.inv.usc.es>
# name: hd
# type: matrix
# rows: 551
# columns: 2
 0 50
 0 51
 0 52
 0 53
 0 54
 0 55
 0 56
 0 57
 0 58
 0 59
 0 60
 0 61
 0 62
 0 63
 0 64
 0 65
 0 66
 0 67
 0 68
 0 69
 0 70
 0 71
 0 72
 0 73
 0 74
 0 75
 0 76
 0 77
 0 78
 0 79
 0 80
 0 81
 0 82
 0 83
 0 84
 0 85
 0 86
 0 87
 0 88
 0 89
 3 90
 8 91
 25 92
 70 93
 179 94
 358 95
 515 96
 630 97
 779 98
 1033 99
 1392 100
 1390 101
 1463 102
 1450 103
 1563 104
 1498 105
 1489 106
 1545 107
 1483 108
 1409 109
 1351 110
 1244 111
 1167 112
 1107 113
 1032 114
 971 115
 889 116
 808 117
 733 118
 691 119
 624 120
 566 121
 524 122
 471 123
 425 124
 362 125
 328 126
 283 127
 273 128
 247 129
 232 130
 190 131
 212 132
 171 133
 160 134
 150 135
 118 136
 126 137
 105 138
 98 139
 104 140
 71 141
 75 142
 61 143
 68 144
 59 145
 63 146
 67 147
 56 148
 56 149
 58 150
 45 151
 39 152
 30 153
 47 154
 34 155
 26 156
 28 157
 32 158
 29 159
 30 160
 21 161
 23 162
 25 163
 26 164
 22 165
 14 166
 19 167
 15 168
 17 169
 9 170
 13 171
 10 172
 5 173
 10 174
 15 175
 6 176
 7 177
 10 178
 5 179
 12 180
 4 181
 0 182
 3 183
 4 184
 4 185
 5 186
 3 187
 3 188
 4 189
 1 190
 5 191
 2 192
 5 193
 3 194
 2 195
 1 196
 3 197
 1 198
 1 199
 3 200
 0 201
 2 202
 0 203
 1 204
 1 205
 0 206
 2 207
 0 208
 2 209
 0 210
 0 211
 1 212
 0 213
 0 214
 0 215
 0 216
 0 217
 0 218
 1 219
 0 220
 0 221
 0 222
 0 223
 0 224
 1 225
 0 226
 1 227
 0 228
 0 229
 0 230
 0 231
 0 232
 0 233
 1 234
 0 235
 1 236
 0 237
 0 238
 0 239
 0 240
 0 241
 0 242
 0 243
 0 244
 0 245
 0 246
 0 247
 0 248
 0 249
 0 250
 0 251
 0 252
 0 253
 0 254
 0 255
 0 256
 0 257
 0 258
 0 259
 0 260
 0 261
 0 262
 0 263
 0 264
 0 265
 0 266
 0 267
 0 268
 0 269
 0 270
 0 271
 0 272
 0 273
 0 274
 0 275
 0 276
 0 277
 0 278
 0 279
 0 280
 0 281
 0 282
 0 283
 1 284
 0 285
 0 286
 0 287
 0 288
 0 289
 1 290
 0 291
 1 292
 0 293
 0 294
 1 295
 1 296
 2 297
 0 298
 0 299
 2 300
 0 301
 0 302
 0 303
 1 304
 0 305
 2 306
 2 307
 1 308
 0 309
 1 310
 1 311
 3 312
 0 313
 0 314
 0 315
 1 316
 0 317
 1 318
 1 319
 1 320
 2 321
 3 322
 1 323
 3 324
 4 325
 1 326
 0 327
 1 328
 0 329
 1 330
 2 331
 1 332
 5 333
 0 334
 1 335
 1 336
 1 337
 1 338
 3 339
 5 340
 3 341
 1 342
 1 343
 1 344
 0 345
 3 346
 2 347
 2 348
 2 349
 3 350
 3 351
 2 352
 0 353
 4 354
 1 355
 1 356
 3 357
 2 358
 3 359
 0 360
 0 361
 2 362
 1 363
 1 364
 3 365
 1 366
 0 367
 3 368
 0 369
 2 370
 1 371
 0 372
 2 373
 0 374
 2 375
 1 376
 0 377
 1 378
 0 379
 0 380
 0 381
 1 382
 1 383
 0 384
 0 385
 0 386
 0 387
 1 388
 0 389
 0 390
 0 391
 0 392
 0 393
 0 394
 2 395
 1 396
 1 397
 0 398
 0 399
 0 400
 0 401
 0 402
 0 403
 0 404
 0 405
 0 406
 0 407
 0 408
 0 409
 0 410
 0 411
 1 412
 0 413
 0 414
 0 415
 0 416
 0 417
 0 418
 0 419
 1 420
 1 421
 0 422
 0 423
 0 424
 0 425
 0 426
 0 427
 0 428
 0 429
 0 430
 0 431
 0 432
 0 433
 0 434
 0 435
 0 436
 0 437
 0 438
 0 439
 0 440
 0 441
 0 442
 0 443
 0 444
 0 445
 0 446
 0 447
 0 448
 0 449
 0 450
 0 451
 0 452
 0 453
 0 454
 0 455
 0 456
 0 457
 0 458
 0 459
 0 460
 0 461
 0 462
 0 463
 0 464
 0 465
 0 466
 0 467
 0 468
 0 469
 0 470
 0 471
 0 472
 0 473
 0 474
 0 475
 0 476
 0 477
 0 478
 0 479
 0 480
 0 481
 0 482
 0 483
 0 484
 0 485
 0 486
 0 487
 0 488
 0 489
 0 490
 0 491
 0 492
 0 493
 0 494
 0 495
 0 496
 0 497
 0 498
 0 499
 0 500
 0 501
 0 502
 0 503
 0 504
 0 505
 0 506
 0 507
 0 508
 0 509
 0 510
 0 511
 0 512
 0 513
 0 514
 0 515
 0 516
 0 517
 0 518
 0 519
 0 520
 0 521
 0 522
 0 523
 0 524
 0 525
 0 526
 0 527
 0 528
 0 529
 0 530
 0 531
 0 532
 0 533
 0 534
 0 535
 0 536
 0 537
 0 538
 0 539
 0 540
 0 541
 0 542
 0 543
 0 544
 0 545
 0 546
 0 547
 0 548
 0 549
 0 550
 0 551
 0 552
 0 553
 0 554
 0 555
 0 556
 0 557
 0 558
 0 559
 0 560
 0 561
 0 562
 0 563
 0 564
 0 565
 0 566
 0 567
 0 568
 0 569
 0 570
 0 571
 0 572
 0 573
 0 574
 0 575
 0 576
 0 577
 0 578
 0 579
 0 580
 0 581
 0 582
 0 583
 0 584
 0 585
 0 586
 0 587
 0 588
 0 589
 0 590
 0 591
 0 592
 0 593
 0 594
 0 595
 0 596
 0 597
 0 598
 0 599
 0 600


