# Created by Octave 3.8.2, Mon Jun 22 08:58:57 2020 CEST <damian@fptrucha.inv.usc.es>
# name: hd
# type: matrix
# rows: 551
# columns: 2
 0 50
 0 51
 0 52
 0 53
 0 54
 0 55
 0 56
 0 57
 0 58
 0 59
 0 60
 0 61
 0 62
 0 63
 0 64
 0 65
 0 66
 0 67
 0 68
 0 69
 0 70
 0 71
 0 72
 0 73
 0 74
 0 75
 0 76
 0 77
 0 78
 0 79
 0 80
 0 81
 0 82
 0 83
 0 84
 0 85
 0 86
 0 87
 0 88
 0 89
 4 90
 11 91
 20 92
 79 93
 197 94
 344 95
 486 96
 584 97
 703 98
 1034 99
 1273 100
 1420 101
 1439 102
 1538 103
 1532 104
 1505 105
 1477 106
 1453 107
 1416 108
 1335 109
 1354 110
 1252 111
 1158 112
 1037 113
 961 114
 957 115
 830 116
 755 117
 642 118
 641 119
 577 120
 543 121
 518 122
 397 123
 363 124
 341 125
 320 126
 294 127
 257 128
 230 129
 229 130
 199 131
 184 132
 187 133
 155 134
 127 135
 135 136
 116 137
 108 138
 84 139
 77 140
 96 141
 72 142
 60 143
 80 144
 72 145
 64 146
 56 147
 66 148
 48 149
 56 150
 49 151
 40 152
 30 153
 23 154
 29 155
 45 156
 41 157
 30 158
 20 159
 28 160
 19 161
 20 162
 19 163
 24 164
 20 165
 16 166
 14 167
 10 168
 14 169
 11 170
 11 171
 11 172
 14 173
 5 174
 2 175
 5 176
 11 177
 12 178
 5 179
 7 180
 6 181
 6 182
 2 183
 6 184
 12 185
 7 186
 6 187
 3 188
 3 189
 6 190
 1 191
 4 192
 0 193
 2 194
 1 195
 0 196
 1 197
 2 198
 1 199
 2 200
 0 201
 0 202
 0 203
 0 204
 2 205
 1 206
 1 207
 1 208
 0 209
 2 210
 0 211
 2 212
 0 213
 1 214
 0 215
 0 216
 0 217
 0 218
 0 219
 0 220
 1 221
 0 222
 0 223
 0 224
 1 225
 0 226
 0 227
 0 228
 1 229
 0 230
 0 231
 1 232
 0 233
 0 234
 0 235
 0 236
 1 237
 0 238
 0 239
 0 240
 1 241
 0 242
 0 243
 0 244
 0 245
 0 246
 0 247
 0 248
 0 249
 0 250
 0 251
 0 252
 0 253
 0 254
 0 255
 0 256
 0 257
 0 258
 0 259
 0 260
 0 261
 0 262
 0 263
 0 264
 0 265
 0 266
 0 267
 0 268
 0 269
 0 270
 0 271
 0 272
 0 273
 0 274
 0 275
 0 276
 1 277
 0 278
 0 279
 0 280
 0 281
 0 282
 0 283
 0 284
 0 285
 0 286
 1 287
 0 288
 1 289
 0 290
 0 291
 0 292
 0 293
 0 294
 0 295
 1 296
 0 297
 4 298
 1 299
 0 300
 0 301
 1 302
 1 303
 3 304
 2 305
 3 306
 0 307
 0 308
 4 309
 2 310
 1 311
 0 312
 2 313
 3 314
 0 315
 2 316
 2 317
 1 318
 3 319
 3 320
 0 321
 2 322
 1 323
 0 324
 0 325
 0 326
 2 327
 1 328
 3 329
 1 330
 2 331
 1 332
 1 333
 2 334
 2 335
 2 336
 1 337
 0 338
 0 339
 0 340
 1 341
 1 342
 5 343
 1 344
 2 345
 3 346
 1 347
 3 348
 2 349
 1 350
 3 351
 0 352
 0 353
 1 354
 1 355
 1 356
 0 357
 0 358
 0 359
 0 360
 0 361
 2 362
 1 363
 0 364
 1 365
 1 366
 1 367
 2 368
 4 369
 0 370
 1 371
 0 372
 0 373
 2 374
 0 375
 2 376
 3 377
 2 378
 0 379
 3 380
 1 381
 0 382
 1 383
 0 384
 1 385
 2 386
 0 387
 0 388
 0 389
 1 390
 0 391
 0 392
 0 393
 0 394
 0 395
 1 396
 1 397
 1 398
 0 399
 0 400
 0 401
 0 402
 1 403
 0 404
 0 405
 0 406
 0 407
 0 408
 0 409
 0 410
 0 411
 0 412
 0 413
 0 414
 0 415
 0 416
 0 417
 1 418
 1 419
 1 420
 0 421
 0 422
 0 423
 0 424
 0 425
 0 426
 0 427
 0 428
 0 429
 0 430
 0 431
 0 432
 0 433
 0 434
 0 435
 1 436
 0 437
 0 438
 0 439
 0 440
 0 441
 0 442
 0 443
 0 444
 0 445
 0 446
 0 447
 0 448
 0 449
 0 450
 0 451
 0 452
 0 453
 0 454
 0 455
 0 456
 0 457
 0 458
 0 459
 0 460
 0 461
 0 462
 0 463
 0 464
 0 465
 0 466
 0 467
 0 468
 0 469
 0 470
 0 471
 0 472
 0 473
 0 474
 0 475
 0 476
 0 477
 0 478
 0 479
 0 480
 0 481
 0 482
 0 483
 0 484
 0 485
 0 486
 0 487
 0 488
 0 489
 0 490
 0 491
 0 492
 0 493
 0 494
 0 495
 0 496
 0 497
 0 498
 0 499
 0 500
 0 501
 0 502
 0 503
 0 504
 0 505
 0 506
 0 507
 0 508
 0 509
 0 510
 0 511
 0 512
 0 513
 0 514
 0 515
 0 516
 0 517
 0 518
 0 519
 0 520
 0 521
 0 522
 0 523
 0 524
 0 525
 0 526
 0 527
 0 528
 0 529
 0 530
 0 531
 0 532
 0 533
 0 534
 0 535
 0 536
 0 537
 0 538
 0 539
 0 540
 0 541
 0 542
 0 543
 0 544
 0 545
 0 546
 0 547
 0 548
 0 549
 0 550
 0 551
 0 552
 0 553
 0 554
 0 555
 0 556
 0 557
 0 558
 0 559
 0 560
 0 561
 0 562
 0 563
 0 564
 0 565
 0 566
 0 567
 0 568
 0 569
 0 570
 0 571
 0 572
 0 573
 0 574
 0 575
 0 576
 0 577
 0 578
 0 579
 0 580
 0 581
 0 582
 0 583
 0 584
 0 585
 0 586
 0 587
 0 588
 0 589
 0 590
 0 591
 0 592
 0 593
 0 594
 0 595
 0 596
 0 597
 0 598
 0 599
 0 600


