# Created by Octave 3.8.2, Mon Jun 22 03:42:37 2020 CEST <damian@fptrucha.inv.usc.es>
# name: hd
# type: matrix
# rows: 551
# columns: 2
 0 50
 0 51
 0 52
 0 53
 0 54
 0 55
 0 56
 0 57
 0 58
 0 59
 0 60
 0 61
 0 62
 0 63
 0 64
 0 65
 0 66
 0 67
 0 68
 0 69
 0 70
 0 71
 0 72
 0 73
 0 74
 0 75
 0 76
 0 77
 0 78
 0 79
 0 80
 0 81
 0 82
 0 83
 0 84
 0 85
 0 86
 0 87
 0 88
 1 89
 3 90
 7 91
 30 92
 87 93
 152 94
 382 95
 511 96
 593 97
 686 98
 1003 99
 1251 100
 1343 101
 1511 102
 1454 103
 1484 104
 1481 105
 1512 106
 1494 107
 1407 108
 1327 109
 1303 110
 1190 111
 1124 112
 1085 113
 909 114
 866 115
 806 116
 745 117
 696 118
 563 119
 542 120
 477 121
 440 122
 390 123
 334 124
 318 125
 273 126
 290 127
 232 128
 192 129
 188 130
 192 131
 168 132
 158 133
 136 134
 129 135
 111 136
 123 137
 89 138
 90 139
 79 140
 74 141
 76 142
 71 143
 70 144
 83 145
 62 146
 59 147
 48 148
 43 149
 43 150
 48 151
 41 152
 41 153
 31 154
 32 155
 37 156
 32 157
 22 158
 30 159
 26 160
 25 161
 22 162
 23 163
 24 164
 10 165
 12 166
 9 167
 16 168
 10 169
 10 170
 9 171
 7 172
 13 173
 7 174
 16 175
 1 176
 7 177
 9 178
 2 179
 3 180
 5 181
 2 182
 3 183
 3 184
 4 185
 1 186
 5 187
 2 188
 6 189
 4 190
 5 191
 1 192
 3 193
 2 194
 1 195
 2 196
 2 197
 2 198
 1 199
 2 200
 1 201
 0 202
 1 203
 0 204
 1 205
 1 206
 1 207
 1 208
 2 209
 0 210
 0 211
 1 212
 0 213
 1 214
 2 215
 0 216
 0 217
 0 218
 0 219
 0 220
 0 221
 0 222
 3 223
 0 224
 0 225
 0 226
 0 227
 0 228
 1 229
 0 230
 0 231
 0 232
 1 233
 0 234
 0 235
 0 236
 0 237
 0 238
 0 239
 0 240
 0 241
 0 242
 0 243
 0 244
 0 245
 0 246
 0 247
 0 248
 0 249
 0 250
 0 251
 0 252
 0 253
 0 254
 0 255
 0 256
 0 257
 0 258
 0 259
 0 260
 0 261
 0 262
 0 263
 0 264
 0 265
 0 266
 0 267
 0 268
 0 269
 0 270
 0 271
 0 272
 0 273
 0 274
 0 275
 1 276
 0 277
 0 278
 0 279
 1 280
 0 281
 0 282
 0 283
 0 284
 0 285
 1 286
 1 287
 0 288
 0 289
 0 290
 1 291
 0 292
 0 293
 0 294
 1 295
 1 296
 0 297
 0 298
 1 299
 2 300
 1 301
 0 302
 1 303
 1 304
 2 305
 4 306
 1 307
 0 308
 0 309
 1 310
 3 311
 1 312
 2 313
 0 314
 1 315
 2 316
 1 317
 2 318
 2 319
 1 320
 0 321
 2 322
 1 323
 1 324
 1 325
 1 326
 2 327
 2 328
 6 329
 0 330
 1 331
 3 332
 0 333
 2 334
 2 335
 2 336
 3 337
 1 338
 1 339
 0 340
 1 341
 0 342
 2 343
 1 344
 1 345
 1 346
 1 347
 1 348
 1 349
 1 350
 1 351
 2 352
 1 353
 2 354
 1 355
 1 356
 1 357
 2 358
 4 359
 2 360
 1 361
 1 362
 1 363
 1 364
 0 365
 2 366
 2 367
 2 368
 0 369
 2 370
 2 371
 1 372
 0 373
 1 374
 0 375
 0 376
 0 377
 1 378
 1 379
 0 380
 0 381
 0 382
 1 383
 0 384
 1 385
 0 386
 3 387
 0 388
 1 389
 0 390
 1 391
 0 392
 0 393
 2 394
 1 395
 0 396
 0 397
 0 398
 0 399
 0 400
 0 401
 0 402
 0 403
 0 404
 0 405
 0 406
 0 407
 0 408
 0 409
 0 410
 0 411
 1 412
 0 413
 0 414
 0 415
 0 416
 0 417
 0 418
 0 419
 0 420
 0 421
 0 422
 0 423
 0 424
 0 425
 0 426
 0 427
 0 428
 0 429
 0 430
 0 431
 0 432
 1 433
 0 434
 0 435
 0 436
 0 437
 0 438
 0 439
 0 440
 0 441
 0 442
 0 443
 0 444
 0 445
 0 446
 0 447
 0 448
 0 449
 0 450
 0 451
 0 452
 0 453
 0 454
 0 455
 0 456
 0 457
 0 458
 0 459
 0 460
 0 461
 0 462
 0 463
 0 464
 0 465
 0 466
 0 467
 0 468
 0 469
 0 470
 0 471
 0 472
 0 473
 0 474
 0 475
 0 476
 0 477
 0 478
 0 479
 0 480
 0 481
 0 482
 0 483
 0 484
 0 485
 0 486
 0 487
 0 488
 0 489
 0 490
 0 491
 0 492
 0 493
 0 494
 0 495
 0 496
 0 497
 0 498
 0 499
 0 500
 0 501
 0 502
 0 503
 0 504
 0 505
 0 506
 0 507
 0 508
 0 509
 0 510
 0 511
 0 512
 0 513
 0 514
 0 515
 0 516
 0 517
 0 518
 0 519
 0 520
 0 521
 0 522
 0 523
 0 524
 0 525
 0 526
 0 527
 0 528
 0 529
 0 530
 0 531
 0 532
 0 533
 0 534
 0 535
 0 536
 0 537
 0 538
 0 539
 0 540
 0 541
 0 542
 0 543
 0 544
 0 545
 0 546
 0 547
 0 548
 0 549
 0 550
 0 551
 0 552
 0 553
 0 554
 0 555
 0 556
 0 557
 0 558
 0 559
 0 560
 0 561
 0 562
 0 563
 0 564
 0 565
 0 566
 0 567
 0 568
 0 569
 0 570
 0 571
 0 572
 0 573
 0 574
 0 575
 0 576
 0 577
 0 578
 0 579
 0 580
 0 581
 0 582
 0 583
 0 584
 0 585
 0 586
 0 587
 0 588
 0 589
 0 590
 0 591
 0 592
 0 593
 0 594
 0 595
 0 596
 0 597
 0 598
 0 599
 0 600


