# Created by Octave 3.8.2, Mon Jun 22 05:30:18 2020 CEST <damian@fptrucha.inv.usc.es>
# name: hd
# type: matrix
# rows: 551
# columns: 2
 0 50
 0 51
 0 52
 0 53
 0 54
 0 55
 0 56
 0 57
 0 58
 0 59
 0 60
 0 61
 0 62
 0 63
 0 64
 0 65
 0 66
 0 67
 0 68
 0 69
 0 70
 0 71
 0 72
 0 73
 0 74
 0 75
 0 76
 0 77
 0 78
 0 79
 0 80
 0 81
 0 82
 0 83
 0 84
 0 85
 0 86
 0 87
 0 88
 1 89
 4 90
 9 91
 21 92
 42 93
 104 94
 198 95
 312 96
 382 97
 486 98
 673 99
 884 100
 921 101
 948 102
 981 103
 944 104
 1015 105
 928 106
 985 107
 922 108
 821 109
 844 110
 789 111
 698 112
 689 113
 638 114
 577 115
 538 116
 473 117
 464 118
 387 119
 354 120
 328 121
 317 122
 290 123
 248 124
 206 125
 211 126
 157 127
 154 128
 128 129
 140 130
 112 131
 109 132
 106 133
 88 134
 61 135
 79 136
 58 137
 62 138
 64 139
 57 140
 47 141
 50 142
 40 143
 39 144
 33 145
 36 146
 33 147
 23 148
 37 149
 39 150
 22 151
 20 152
 17 153
 23 154
 27 155
 18 156
 19 157
 16 158
 18 159
 16 160
 22 161
 13 162
 13 163
 12 164
 13 165
 14 166
 9 167
 6 168
 6 169
 8 170
 9 171
 6 172
 7 173
 3 174
 4 175
 4 176
 4 177
 3 178
 4 179
 2 180
 3 181
 5 182
 4 183
 3 184
 2 185
 0 186
 1 187
 0 188
 3 189
 1 190
 1 191
 2 192
 2 193
 3 194
 2 195
 0 196
 1 197
 0 198
 3 199
 0 200
 0 201
 1 202
 1 203
 0 204
 0 205
 0 206
 0 207
 0 208
 2 209
 0 210
 1 211
 0 212
 1 213
 1 214
 1 215
 0 216
 0 217
 0 218
 0 219
 0 220
 0 221
 0 222
 0 223
 0 224
 1 225
 0 226
 0 227
 0 228
 0 229
 0 230
 0 231
 0 232
 0 233
 0 234
 0 235
 0 236
 0 237
 0 238
 1 239
 0 240
 0 241
 0 242
 0 243
 0 244
 0 245
 0 246
 0 247
 0 248
 0 249
 0 250
 0 251
 0 252
 0 253
 0 254
 0 255
 0 256
 0 257
 0 258
 0 259
 0 260
 0 261
 1 262
 0 263
 0 264
 0 265
 0 266
 0 267
 0 268
 0 269
 0 270
 0 271
 0 272
 0 273
 0 274
 0 275
 0 276
 0 277
 0 278
 0 279
 0 280
 0 281
 0 282
 0 283
 0 284
 0 285
 0 286
 0 287
 0 288
 0 289
 1 290
 0 291
 2 292
 0 293
 0 294
 0 295
 0 296
 0 297
 1 298
 1 299
 0 300
 2 301
 0 302
 1 303
 0 304
 0 305
 3 306
 0 307
 1 308
 0 309
 1 310
 0 311
 0 312
 3 313
 0 314
 3 315
 1 316
 2 317
 0 318
 2 319
 1 320
 1 321
 1 322
 3 323
 4 324
 0 325
 1 326
 2 327
 2 328
 1 329
 0 330
 1 331
 0 332
 1 333
 0 334
 1 335
 0 336
 2 337
 0 338
 1 339
 1 340
 0 341
 1 342
 2 343
 0 344
 0 345
 0 346
 1 347
 1 348
 1 349
 1 350
 1 351
 1 352
 0 353
 1 354
 1 355
 0 356
 0 357
 2 358
 0 359
 0 360
 0 361
 1 362
 2 363
 2 364
 0 365
 2 366
 1 367
 1 368
 0 369
 0 370
 0 371
 0 372
 0 373
 1 374
 0 375
 0 376
 0 377
 1 378
 1 379
 0 380
 0 381
 0 382
 0 383
 0 384
 0 385
 0 386
 3 387
 0 388
 1 389
 0 390
 0 391
 0 392
 0 393
 0 394
 0 395
 0 396
 0 397
 0 398
 0 399
 1 400
 0 401
 0 402
 0 403
 0 404
 0 405
 0 406
 1 407
 0 408
 1 409
 0 410
 0 411
 0 412
 0 413
 0 414
 0 415
 0 416
 0 417
 0 418
 0 419
 0 420
 0 421
 0 422
 0 423
 0 424
 0 425
 0 426
 0 427
 0 428
 0 429
 0 430
 0 431
 0 432
 0 433
 0 434
 0 435
 0 436
 0 437
 0 438
 0 439
 1 440
 0 441
 0 442
 0 443
 0 444
 0 445
 0 446
 0 447
 0 448
 0 449
 0 450
 0 451
 0 452
 0 453
 0 454
 0 455
 0 456
 0 457
 0 458
 0 459
 0 460
 0 461
 0 462
 0 463
 0 464
 0 465
 0 466
 0 467
 0 468
 0 469
 0 470
 0 471
 0 472
 0 473
 0 474
 0 475
 0 476
 0 477
 0 478
 0 479
 0 480
 0 481
 0 482
 0 483
 0 484
 0 485
 0 486
 0 487
 0 488
 0 489
 0 490
 0 491
 0 492
 0 493
 0 494
 0 495
 0 496
 0 497
 0 498
 0 499
 0 500
 0 501
 0 502
 0 503
 0 504
 0 505
 0 506
 0 507
 0 508
 0 509
 0 510
 0 511
 0 512
 0 513
 0 514
 0 515
 0 516
 0 517
 0 518
 0 519
 0 520
 0 521
 0 522
 0 523
 0 524
 0 525
 0 526
 0 527
 0 528
 0 529
 0 530
 0 531
 0 532
 0 533
 0 534
 0 535
 0 536
 0 537
 0 538
 0 539
 0 540
 0 541
 0 542
 0 543
 0 544
 0 545
 0 546
 0 547
 0 548
 0 549
 0 550
 0 551
 0 552
 0 553
 0 554
 0 555
 0 556
 0 557
 0 558
 0 559
 0 560
 0 561
 0 562
 0 563
 0 564
 0 565
 0 566
 0 567
 0 568
 0 569
 0 570
 0 571
 0 572
 0 573
 0 574
 0 575
 0 576
 0 577
 0 578
 0 579
 0 580
 0 581
 0 582
 0 583
 0 584
 0 585
 0 586
 0 587
 0 588
 0 589
 0 590
 0 591
 0 592
 0 593
 0 594
 0 595
 0 596
 0 597
 0 598
 0 599
 0 600


