# Created by Octave 3.8.2, Sat Jun 20 10:10:25 2020 CEST <damian@fptrucha.inv.usc.es>
# name: hd
# type: matrix
# rows: 551
# columns: 2
 0 50
 0 51
 0 52
 0 53
 0 54
 0 55
 0 56
 0 57
 0 58
 0 59
 0 60
 0 61
 0 62
 0 63
 0 64
 0 65
 0 66
 0 67
 0 68
 0 69
 0 70
 0 71
 0 72
 0 73
 0 74
 0 75
 0 76
 0 77
 0 78
 0 79
 0 80
 0 81
 0 82
 0 83
 0 84
 0 85
 0 86
 0 87
 0 88
 2 89
 10 90
 16 91
 65 92
 148 93
 305 94
 515 95
 572 96
 784 97
 927 98
 1257 99
 1405 100
 1483 101
 1672 102
 1550 103
 1651 104
 1618 105
 1578 106
 1603 107
 1539 108
 1495 109
 1409 110
 1346 111
 1320 112
 1207 113
 1111 114
 1075 115
 983 116
 886 117
 835 118
 791 119
 728 120
 659 121
 563 122
 501 123
 483 124
 420 125
 369 126
 325 127
 306 128
 285 129
 255 130
 242 131
 181 132
 210 133
 183 134
 177 135
 137 136
 123 137
 108 138
 132 139
 93 140
 90 141
 84 142
 90 143
 74 144
 85 145
 66 146
 67 147
 64 148
 48 149
 51 150
 42 151
 46 152
 32 153
 37 154
 26 155
 32 156
 33 157
 28 158
 24 159
 24 160
 28 161
 25 162
 13 163
 22 164
 24 165
 17 166
 14 167
 8 168
 9 169
 12 170
 8 171
 13 172
 10 173
 6 174
 5 175
 11 176
 6 177
 11 178
 7 179
 5 180
 7 181
 2 182
 3 183
 5 184
 5 185
 7 186
 1 187
 2 188
 4 189
 4 190
 4 191
 3 192
 5 193
 0 194
 5 195
 3 196
 2 197
 4 198
 3 199
 2 200
 2 201
 0 202
 1 203
 0 204
 0 205
 0 206
 3 207
 0 208
 0 209
 0 210
 0 211
 0 212
 0 213
 0 214
 0 215
 0 216
 1 217
 0 218
 0 219
 1 220
 0 221
 1 222
 1 223
 0 224
 0 225
 0 226
 0 227
 0 228
 0 229
 0 230
 0 231
 0 232
 0 233
 0 234
 0 235
 0 236
 1 237
 0 238
 0 239
 0 240
 0 241
 0 242
 0 243
 0 244
 0 245
 0 246
 0 247
 0 248
 0 249
 0 250
 0 251
 0 252
 0 253
 0 254
 0 255
 0 256
 0 257
 0 258
 0 259
 0 260
 0 261
 0 262
 0 263
 0 264
 0 265
 0 266
 0 267
 0 268
 0 269
 0 270
 0 271
 0 272
 0 273
 0 274
 0 275
 0 276
 0 277
 0 278
 0 279
 0 280
 0 281
 1 282
 0 283
 0 284
 0 285
 1 286
 0 287
 0 288
 0 289
 0 290
 1 291
 0 292
 0 293
 1 294
 0 295
 0 296
 0 297
 1 298
 0 299
 0 300
 2 301
 0 302
 0 303
 2 304
 1 305
 0 306
 1 307
 0 308
 0 309
 0 310
 0 311
 0 312
 1 313
 0 314
 2 315
 2 316
 1 317
 3 318
 2 319
 0 320
 0 321
 0 322
 3 323
 0 324
 2 325
 3 326
 4 327
 1 328
 2 329
 1 330
 0 331
 4 332
 3 333
 0 334
 3 335
 1 336
 3 337
 1 338
 0 339
 0 340
 4 341
 1 342
 1 343
 2 344
 1 345
 1 346
 0 347
 0 348
 3 349
 3 350
 2 351
 0 352
 3 353
 2 354
 3 355
 3 356
 3 357
 1 358
 1 359
 0 360
 3 361
 1 362
 2 363
 1 364
 0 365
 1 366
 1 367
 1 368
 1 369
 0 370
 0 371
 0 372
 1 373
 1 374
 1 375
 1 376
 0 377
 0 378
 1 379
 0 380
 1 381
 0 382
 1 383
 0 384
 0 385
 2 386
 0 387
 0 388
 1 389
 0 390
 0 391
 0 392
 0 393
 0 394
 0 395
 1 396
 0 397
 0 398
 0 399
 0 400
 1 401
 0 402
 1 403
 0 404
 0 405
 0 406
 0 407
 0 408
 0 409
 1 410
 0 411
 0 412
 0 413
 0 414
 0 415
 0 416
 0 417
 0 418
 0 419
 0 420
 1 421
 0 422
 0 423
 0 424
 0 425
 0 426
 0 427
 0 428
 1 429
 0 430
 0 431
 0 432
 0 433
 0 434
 0 435
 0 436
 0 437
 0 438
 0 439
 0 440
 0 441
 0 442
 0 443
 0 444
 0 445
 0 446
 0 447
 0 448
 0 449
 0 450
 0 451
 0 452
 0 453
 0 454
 0 455
 0 456
 0 457
 0 458
 0 459
 0 460
 0 461
 0 462
 0 463
 0 464
 0 465
 0 466
 0 467
 0 468
 0 469
 0 470
 0 471
 0 472
 0 473
 0 474
 0 475
 0 476
 0 477
 0 478
 0 479
 0 480
 0 481
 0 482
 0 483
 0 484
 0 485
 0 486
 0 487
 0 488
 0 489
 0 490
 0 491
 0 492
 0 493
 0 494
 0 495
 0 496
 0 497
 0 498
 0 499
 0 500
 0 501
 0 502
 0 503
 0 504
 0 505
 0 506
 0 507
 0 508
 0 509
 0 510
 0 511
 0 512
 0 513
 0 514
 0 515
 0 516
 0 517
 0 518
 0 519
 0 520
 0 521
 0 522
 0 523
 0 524
 0 525
 0 526
 0 527
 0 528
 0 529
 0 530
 0 531
 0 532
 0 533
 0 534
 0 535
 0 536
 0 537
 0 538
 0 539
 0 540
 0 541
 0 542
 0 543
 0 544
 0 545
 0 546
 0 547
 0 548
 0 549
 0 550
 0 551
 0 552
 0 553
 0 554
 0 555
 0 556
 0 557
 0 558
 0 559
 0 560
 0 561
 0 562
 0 563
 0 564
 0 565
 0 566
 0 567
 0 568
 0 569
 0 570
 0 571
 0 572
 0 573
 0 574
 0 575
 0 576
 0 577
 0 578
 0 579
 0 580
 0 581
 0 582
 0 583
 0 584
 0 585
 0 586
 0 587
 0 588
 0 589
 0 590
 0 591
 0 592
 0 593
 0 594
 0 595
 0 596
 0 597
 0 598
 0 599
 0 600


