# Created by Octave 3.8.2, Tue Jun 23 00:12:17 2020 CEST <damian@fptrucha.inv.usc.es>
# name: hd
# type: matrix
# rows: 551
# columns: 2
 0 50
 0 51
 0 52
 0 53
 0 54
 0 55
 0 56
 0 57
 0 58
 0 59
 0 60
 0 61
 0 62
 0 63
 0 64
 0 65
 0 66
 0 67
 0 68
 0 69
 0 70
 0 71
 0 72
 0 73
 0 74
 0 75
 0 76
 0 77
 0 78
 0 79
 0 80
 0 81
 0 82
 0 83
 0 84
 0 85
 0 86
 0 87
 0 88
 2 89
 7 90
 20 91
 43 92
 131 93
 250 94
 428 95
 601 96
 744 97
 947 98
 1271 99
 1478 100
 1590 101
 1654 102
 1694 103
 1756 104
 1661 105
 1715 106
 1619 107
 1589 108
 1492 109
 1407 110
 1362 111
 1285 112
 1065 113
 1073 114
 1003 115
 860 116
 801 117
 787 118
 659 119
 586 120
 522 121
 477 122
 476 123
 417 124
 361 125
 311 126
 323 127
 263 128
 260 129
 228 130
 197 131
 168 132
 168 133
 132 134
 130 135
 131 136
 104 137
 92 138
 101 139
 104 140
 90 141
 76 142
 67 143
 67 144
 58 145
 78 146
 58 147
 51 148
 49 149
 58 150
 38 151
 37 152
 38 153
 39 154
 43 155
 22 156
 25 157
 29 158
 22 159
 29 160
 22 161
 17 162
 22 163
 24 164
 13 165
 13 166
 12 167
 18 168
 8 169
 9 170
 19 171
 12 172
 8 173
 11 174
 6 175
 9 176
 7 177
 7 178
 5 179
 10 180
 4 181
 8 182
 4 183
 2 184
 2 185
 6 186
 3 187
 1 188
 8 189
 2 190
 3 191
 2 192
 3 193
 4 194
 0 195
 2 196
 0 197
 1 198
 1 199
 1 200
 2 201
 1 202
 1 203
 1 204
 0 205
 0 206
 0 207
 1 208
 0 209
 0 210
 0 211
 0 212
 0 213
 0 214
 1 215
 2 216
 2 217
 0 218
 0 219
 0 220
 0 221
 0 222
 0 223
 0 224
 1 225
 0 226
 0 227
 0 228
 0 229
 1 230
 0 231
 0 232
 0 233
 0 234
 0 235
 0 236
 0 237
 0 238
 0 239
 0 240
 0 241
 0 242
 0 243
 0 244
 0 245
 0 246
 0 247
 0 248
 0 249
 0 250
 0 251
 0 252
 0 253
 0 254
 0 255
 0 256
 0 257
 0 258
 0 259
 0 260
 0 261
 0 262
 0 263
 0 264
 0 265
 0 266
 0 267
 0 268
 0 269
 0 270
 0 271
 0 272
 0 273
 0 274
 0 275
 0 276
 0 277
 0 278
 0 279
 0 280
 0 281
 0 282
 0 283
 0 284
 0 285
 0 286
 1 287
 0 288
 1 289
 0 290
 0 291
 0 292
 0 293
 1 294
 0 295
 0 296
 1 297
 0 298
 2 299
 1 300
 0 301
 2 302
 1 303
 1 304
 1 305
 2 306
 0 307
 2 308
 0 309
 1 310
 1 311
 1 312
 0 313
 3 314
 0 315
 0 316
 1 317
 0 318
 5 319
 1 320
 0 321
 2 322
 1 323
 3 324
 1 325
 1 326
 0 327
 0 328
 1 329
 1 330
 1 331
 1 332
 3 333
 1 334
 2 335
 1 336
 2 337
 0 338
 2 339
 0 340
 1 341
 1 342
 1 343
 1 344
 0 345
 0 346
 0 347
 2 348
 2 349
 1 350
 1 351
 1 352
 2 353
 0 354
 0 355
 1 356
 2 357
 2 358
 2 359
 3 360
 0 361
 3 362
 0 363
 1 364
 1 365
 2 366
 1 367
 1 368
 0 369
 0 370
 0 371
 1 372
 1 373
 0 374
 3 375
 0 376
 1 377
 0 378
 1 379
 1 380
 1 381
 1 382
 0 383
 0 384
 0 385
 2 386
 0 387
 0 388
 0 389
 0 390
 0 391
 1 392
 1 393
 0 394
 0 395
 0 396
 0 397
 0 398
 0 399
 0 400
 0 401
 0 402
 0 403
 0 404
 2 405
 0 406
 0 407
 0 408
 0 409
 0 410
 0 411
 0 412
 0 413
 0 414
 1 415
 0 416
 0 417
 0 418
 0 419
 0 420
 0 421
 0 422
 0 423
 0 424
 0 425
 0 426
 0 427
 0 428
 0 429
 0 430
 0 431
 0 432
 0 433
 0 434
 0 435
 0 436
 0 437
 0 438
 0 439
 0 440
 0 441
 0 442
 0 443
 0 444
 0 445
 0 446
 0 447
 0 448
 0 449
 0 450
 0 451
 0 452
 0 453
 0 454
 0 455
 0 456
 0 457
 0 458
 0 459
 0 460
 0 461
 0 462
 0 463
 0 464
 0 465
 0 466
 0 467
 0 468
 0 469
 0 470
 0 471
 0 472
 0 473
 0 474
 0 475
 0 476
 0 477
 0 478
 0 479
 0 480
 0 481
 0 482
 0 483
 0 484
 0 485
 0 486
 0 487
 0 488
 0 489
 0 490
 0 491
 0 492
 0 493
 0 494
 0 495
 0 496
 0 497
 0 498
 0 499
 0 500
 0 501
 0 502
 0 503
 0 504
 0 505
 0 506
 0 507
 0 508
 0 509
 0 510
 0 511
 0 512
 0 513
 0 514
 0 515
 0 516
 0 517
 0 518
 0 519
 0 520
 0 521
 0 522
 0 523
 0 524
 0 525
 0 526
 0 527
 0 528
 0 529
 0 530
 0 531
 0 532
 0 533
 0 534
 0 535
 0 536
 0 537
 0 538
 0 539
 0 540
 0 541
 0 542
 0 543
 0 544
 0 545
 0 546
 0 547
 0 548
 0 549
 0 550
 0 551
 0 552
 0 553
 0 554
 0 555
 0 556
 0 557
 0 558
 0 559
 0 560
 0 561
 0 562
 0 563
 0 564
 0 565
 0 566
 0 567
 0 568
 0 569
 0 570
 0 571
 0 572
 0 573
 0 574
 0 575
 0 576
 0 577
 0 578
 0 579
 0 580
 0 581
 0 582
 0 583
 0 584
 0 585
 0 586
 0 587
 0 588
 0 589
 0 590
 0 591
 0 592
 0 593
 0 594
 0 595
 0 596
 0 597
 0 598
 0 599
 0 600


