# Created by Octave 3.8.2, Sun Jun 21 07:28:44 2020 CEST <damian@fptrucha.inv.usc.es>
# name: hd
# type: matrix
# rows: 551
# columns: 2
 0 50
 0 51
 0 52
 0 53
 0 54
 0 55
 0 56
 0 57
 0 58
 0 59
 0 60
 0 61
 0 62
 0 63
 0 64
 0 65
 0 66
 0 67
 0 68
 0 69
 0 70
 0 71
 0 72
 0 73
 0 74
 0 75
 0 76
 0 77
 0 78
 0 79
 0 80
 0 81
 0 82
 0 83
 0 84
 0 85
 0 86
 0 87
 0 88
 4 89
 7 90
 18 91
 52 92
 120 93
 249 94
 372 95
 430 96
 591 97
 758 98
 956 99
 1038 100
 1080 101
 1143 102
 1294 103
 1288 104
 1308 105
 1301 106
 1272 107
 1232 108
 1255 109
 1281 110
 1171 111
 1211 112
 1114 113
 974 114
 1022 115
 861 116
 903 117
 829 118
 749 119
 713 120
 631 121
 589 122
 524 123
 466 124
 445 125
 421 126
 393 127
 318 128
 313 129
 302 130
 238 131
 246 132
 217 133
 169 134
 202 135
 182 136
 145 137
 142 138
 125 139
 120 140
 112 141
 106 142
 90 143
 78 144
 75 145
 75 146
 78 147
 64 148
 52 149
 53 150
 37 151
 53 152
 57 153
 43 154
 30 155
 39 156
 31 157
 22 158
 29 159
 29 160
 29 161
 21 162
 17 163
 25 164
 13 165
 19 166
 19 167
 8 168
 10 169
 9 170
 11 171
 15 172
 12 173
 9 174
 1 175
 5 176
 8 177
 9 178
 7 179
 4 180
 6 181
 2 182
 1 183
 4 184
 3 185
 8 186
 3 187
 4 188
 0 189
 2 190
 1 191
 2 192
 3 193
 3 194
 1 195
 1 196
 0 197
 3 198
 2 199
 2 200
 1 201
 6 202
 3 203
 1 204
 2 205
 5 206
 0 207
 1 208
 0 209
 0 210
 1 211
 0 212
 1 213
 0 214
 0 215
 2 216
 0 217
 0 218
 0 219
 0 220
 0 221
 0 222
 0 223
 0 224
 1 225
 0 226
 0 227
 0 228
 0 229
 0 230
 0 231
 0 232
 0 233
 1 234
 0 235
 0 236
 0 237
 0 238
 0 239
 0 240
 0 241
 0 242
 0 243
 0 244
 0 245
 0 246
 0 247
 0 248
 0 249
 0 250
 0 251
 0 252
 0 253
 0 254
 0 255
 0 256
 0 257
 0 258
 0 259
 0 260
 0 261
 0 262
 0 263
 0 264
 0 265
 0 266
 0 267
 0 268
 0 269
 0 270
 0 271
 0 272
 0 273
 0 274
 0 275
 0 276
 0 277
 0 278
 0 279
 0 280
 0 281
 0 282
 0 283
 0 284
 0 285
 0 286
 0 287
 1 288
 0 289
 0 290
 0 291
 1 292
 0 293
 1 294
 0 295
 0 296
 0 297
 0 298
 0 299
 2 300
 0 301
 0 302
 1 303
 0 304
 1 305
 0 306
 0 307
 1 308
 0 309
 1 310
 2 311
 0 312
 0 313
 2 314
 2 315
 2 316
 0 317
 2 318
 2 319
 0 320
 0 321
 6 322
 1 323
 1 324
 0 325
 1 326
 1 327
 0 328
 1 329
 0 330
 0 331
 4 332
 2 333
 0 334
 3 335
 0 336
 3 337
 4 338
 2 339
 1 340
 1 341
 3 342
 2 343
 0 344
 1 345
 4 346
 2 347
 3 348
 2 349
 1 350
 0 351
 1 352
 2 353
 1 354
 2 355
 2 356
 0 357
 0 358
 1 359
 1 360
 0 361
 0 362
 0 363
 0 364
 1 365
 2 366
 0 367
 0 368
 1 369
 2 370
 0 371
 1 372
 0 373
 1 374
 0 375
 2 376
 2 377
 0 378
 2 379
 0 380
 1 381
 1 382
 1 383
 0 384
 0 385
 1 386
 0 387
 1 388
 1 389
 1 390
 0 391
 1 392
 0 393
 0 394
 0 395
 0 396
 0 397
 0 398
 0 399
 0 400
 0 401
 0 402
 0 403
 0 404
 0 405
 0 406
 0 407
 0 408
 0 409
 0 410
 0 411
 1 412
 0 413
 0 414
 0 415
 0 416
 0 417
 0 418
 0 419
 0 420
 0 421
 0 422
 0 423
 0 424
 0 425
 0 426
 0 427
 0 428
 0 429
 0 430
 0 431
 0 432
 0 433
 1 434
 0 435
 0 436
 0 437
 0 438
 0 439
 0 440
 0 441
 0 442
 0 443
 0 444
 0 445
 0 446
 0 447
 0 448
 0 449
 0 450
 0 451
 0 452
 0 453
 0 454
 0 455
 0 456
 0 457
 0 458
 0 459
 0 460
 0 461
 0 462
 0 463
 0 464
 0 465
 0 466
 0 467
 0 468
 0 469
 0 470
 0 471
 0 472
 0 473
 0 474
 0 475
 0 476
 0 477
 0 478
 0 479
 0 480
 0 481
 0 482
 0 483
 0 484
 0 485
 0 486
 0 487
 0 488
 0 489
 0 490
 0 491
 0 492
 0 493
 0 494
 0 495
 0 496
 0 497
 0 498
 0 499
 0 500
 0 501
 0 502
 0 503
 0 504
 0 505
 0 506
 0 507
 0 508
 0 509
 0 510
 0 511
 0 512
 0 513
 0 514
 0 515
 0 516
 0 517
 0 518
 0 519
 0 520
 0 521
 0 522
 0 523
 0 524
 0 525
 0 526
 0 527
 0 528
 0 529
 0 530
 0 531
 0 532
 0 533
 0 534
 0 535
 0 536
 0 537
 0 538
 0 539
 0 540
 0 541
 0 542
 0 543
 0 544
 0 545
 0 546
 0 547
 0 548
 0 549
 0 550
 0 551
 0 552
 0 553
 0 554
 0 555
 0 556
 0 557
 0 558
 0 559
 0 560
 0 561
 0 562
 0 563
 0 564
 0 565
 0 566
 0 567
 0 568
 0 569
 0 570
 0 571
 0 572
 0 573
 0 574
 0 575
 0 576
 0 577
 0 578
 0 579
 0 580
 0 581
 0 582
 0 583
 0 584
 0 585
 0 586
 0 587
 0 588
 0 589
 0 590
 0 591
 0 592
 0 593
 0 594
 0 595
 0 596
 0 597
 0 598
 0 599
 0 600


