# Created by Octave 3.8.2, Mon Jun 22 03:04:55 2020 CEST <damian@fptrucha.inv.usc.es>
# name: hd
# type: matrix
# rows: 551
# columns: 2
 0 50
 0 51
 0 52
 0 53
 0 54
 0 55
 0 56
 0 57
 1 58
 0 59
 0 60
 0 61
 0 62
 0 63
 0 64
 0 65
 0 66
 0 67
 0 68
 0 69
 0 70
 0 71
 0 72
 0 73
 0 74
 0 75
 0 76
 0 77
 0 78
 0 79
 0 80
 0 81
 0 82
 0 83
 0 84
 0 85
 0 86
 0 87
 1 88
 1 89
 4 90
 5 91
 27 92
 96 93
 187 94
 406 95
 515 96
 634 97
 791 98
 1141 99
 1394 100
 1448 101
 1490 102
 1437 103
 1513 104
 1507 105
 1492 106
 1444 107
 1437 108
 1292 109
 1200 110
 1140 111
 1059 112
 1029 113
 912 114
 872 115
 828 116
 684 117
 576 118
 606 119
 517 120
 478 121
 430 122
 334 123
 342 124
 321 125
 254 126
 244 127
 243 128
 191 129
 188 130
 180 131
 147 132
 145 133
 119 134
 128 135
 110 136
 108 137
 76 138
 90 139
 61 140
 74 141
 58 142
 66 143
 56 144
 65 145
 50 146
 34 147
 54 148
 34 149
 51 150
 38 151
 31 152
 36 153
 24 154
 33 155
 35 156
 17 157
 28 158
 28 159
 20 160
 26 161
 24 162
 14 163
 19 164
 14 165
 25 166
 13 167
 17 168
 13 169
 12 170
 11 171
 7 172
 9 173
 8 174
 6 175
 8 176
 7 177
 9 178
 6 179
 8 180
 4 181
 2 182
 4 183
 3 184
 4 185
 1 186
 3 187
 0 188
 2 189
 2 190
 1 191
 0 192
 4 193
 2 194
 3 195
 1 196
 0 197
 2 198
 2 199
 1 200
 0 201
 2 202
 0 203
 0 204
 1 205
 0 206
 1 207
 0 208
 0 209
 0 210
 0 211
 2 212
 0 213
 1 214
 0 215
 1 216
 0 217
 0 218
 0 219
 1 220
 0 221
 1 222
 0 223
 0 224
 0 225
 0 226
 0 227
 0 228
 0 229
 0 230
 0 231
 0 232
 0 233
 0 234
 0 235
 0 236
 0 237
 0 238
 0 239
 0 240
 0 241
 0 242
 0 243
 0 244
 0 245
 0 246
 0 247
 0 248
 0 249
 0 250
 0 251
 0 252
 0 253
 0 254
 0 255
 0 256
 0 257
 0 258
 0 259
 0 260
 0 261
 0 262
 0 263
 0 264
 0 265
 0 266
 0 267
 0 268
 0 269
 0 270
 0 271
 1 272
 0 273
 0 274
 1 275
 0 276
 0 277
 0 278
 0 279
 0 280
 1 281
 1 282
 1 283
 0 284
 0 285
 1 286
 0 287
 0 288
 1 289
 1 290
 0 291
 0 292
 0 293
 1 294
 0 295
 0 296
 0 297
 0 298
 3 299
 1 300
 1 301
 0 302
 0 303
 1 304
 2 305
 0 306
 1 307
 1 308
 0 309
 0 310
 1 311
 3 312
 2 313
 1 314
 1 315
 3 316
 1 317
 0 318
 1 319
 1 320
 0 321
 1 322
 3 323
 2 324
 3 325
 3 326
 3 327
 0 328
 0 329
 1 330
 0 331
 0 332
 0 333
 2 334
 2 335
 2 336
 2 337
 0 338
 1 339
 1 340
 2 341
 1 342
 0 343
 2 344
 1 345
 1 346
 0 347
 1 348
 1 349
 2 350
 0 351
 4 352
 2 353
 1 354
 0 355
 0 356
 1 357
 0 358
 0 359
 1 360
 0 361
 0 362
 0 363
 0 364
 1 365
 2 366
 1 367
 1 368
 0 369
 1 370
 2 371
 1 372
 0 373
 1 374
 2 375
 0 376
 0 377
 0 378
 0 379
 0 380
 0 381
 2 382
 0 383
 0 384
 1 385
 2 386
 0 387
 0 388
 1 389
 0 390
 0 391
 0 392
 0 393
 1 394
 0 395
 1 396
 0 397
 1 398
 0 399
 0 400
 0 401
 1 402
 0 403
 0 404
 0 405
 0 406
 0 407
 1 408
 0 409
 0 410
 0 411
 0 412
 1 413
 0 414
 0 415
 0 416
 0 417
 0 418
 0 419
 0 420
 0 421
 0 422
 0 423
 0 424
 0 425
 0 426
 0 427
 0 428
 0 429
 0 430
 0 431
 0 432
 0 433
 0 434
 0 435
 0 436
 0 437
 0 438
 0 439
 0 440
 0 441
 0 442
 0 443
 0 444
 0 445
 0 446
 0 447
 0 448
 0 449
 0 450
 0 451
 0 452
 0 453
 0 454
 0 455
 0 456
 0 457
 0 458
 0 459
 0 460
 0 461
 0 462
 0 463
 0 464
 0 465
 0 466
 0 467
 0 468
 0 469
 0 470
 0 471
 0 472
 0 473
 0 474
 0 475
 0 476
 0 477
 0 478
 0 479
 0 480
 0 481
 0 482
 0 483
 0 484
 0 485
 0 486
 0 487
 0 488
 0 489
 0 490
 0 491
 0 492
 0 493
 0 494
 0 495
 0 496
 0 497
 0 498
 0 499
 0 500
 0 501
 0 502
 0 503
 0 504
 0 505
 0 506
 0 507
 0 508
 0 509
 0 510
 0 511
 0 512
 0 513
 0 514
 0 515
 0 516
 0 517
 0 518
 0 519
 0 520
 0 521
 0 522
 0 523
 0 524
 0 525
 0 526
 0 527
 0 528
 0 529
 0 530
 0 531
 0 532
 0 533
 0 534
 0 535
 0 536
 0 537
 0 538
 0 539
 0 540
 0 541
 0 542
 0 543
 0 544
 0 545
 0 546
 0 547
 0 548
 0 549
 0 550
 0 551
 0 552
 0 553
 0 554
 0 555
 0 556
 0 557
 0 558
 0 559
 0 560
 0 561
 0 562
 0 563
 0 564
 0 565
 0 566
 0 567
 0 568
 0 569
 0 570
 0 571
 0 572
 0 573
 0 574
 0 575
 0 576
 0 577
 0 578
 0 579
 0 580
 0 581
 0 582
 0 583
 0 584
 0 585
 0 586
 0 587
 0 588
 0 589
 0 590
 0 591
 0 592
 0 593
 0 594
 0 595
 0 596
 0 597
 0 598
 0 599
 0 600


