# Created by Octave 3.8.2, Mon Jun 22 09:55:21 2020 CEST <damian@fptrucha.inv.usc.es>
# name: hd
# type: matrix
# rows: 551
# columns: 2
 0 50
 0 51
 0 52
 0 53
 0 54
 0 55
 0 56
 0 57
 0 58
 0 59
 0 60
 0 61
 0 62
 0 63
 0 64
 0 65
 0 66
 0 67
 0 68
 0 69
 0 70
 0 71
 0 72
 0 73
 0 74
 0 75
 0 76
 0 77
 0 78
 0 79
 0 80
 0 81
 0 82
 0 83
 0 84
 0 85
 0 86
 0 87
 0 88
 0 89
 5 90
 12 91
 30 92
 83 93
 178 94
 387 95
 494 96
 599 97
 746 98
 1064 99
 1363 100
 1434 101
 1545 102
 1607 103
 1531 104
 1615 105
 1591 106
 1552 107
 1470 108
 1418 109
 1324 110
 1251 111
 1145 112
 1110 113
 958 114
 987 115
 799 116
 788 117
 732 118
 648 119
 589 120
 518 121
 492 122
 447 123
 426 124
 371 125
 316 126
 272 127
 247 128
 224 129
 204 130
 159 131
 184 132
 144 133
 140 134
 154 135
 126 136
 95 137
 118 138
 104 139
 74 140
 98 141
 67 142
 64 143
 65 144
 82 145
 68 146
 49 147
 55 148
 44 149
 45 150
 46 151
 39 152
 36 153
 40 154
 38 155
 24 156
 27 157
 25 158
 30 159
 28 160
 20 161
 24 162
 16 163
 18 164
 21 165
 11 166
 13 167
 9 168
 13 169
 12 170
 7 171
 14 172
 10 173
 11 174
 7 175
 11 176
 3 177
 12 178
 1 179
 6 180
 2 181
 7 182
 4 183
 6 184
 5 185
 2 186
 6 187
 3 188
 3 189
 3 190
 2 191
 3 192
 3 193
 0 194
 4 195
 3 196
 3 197
 2 198
 3 199
 1 200
 3 201
 0 202
 1 203
 0 204
 0 205
 0 206
 3 207
 1 208
 0 209
 0 210
 0 211
 2 212
 0 213
 1 214
 0 215
 0 216
 0 217
 0 218
 1 219
 0 220
 0 221
 0 222
 1 223
 0 224
 0 225
 0 226
 0 227
 0 228
 1 229
 0 230
 0 231
 0 232
 0 233
 1 234
 0 235
 0 236
 0 237
 0 238
 1 239
 0 240
 0 241
 0 242
 1 243
 0 244
 0 245
 0 246
 0 247
 0 248
 0 249
 0 250
 0 251
 0 252
 0 253
 0 254
 0 255
 0 256
 0 257
 0 258
 0 259
 0 260
 0 261
 0 262
 0 263
 0 264
 0 265
 0 266
 0 267
 0 268
 0 269
 0 270
 0 271
 0 272
 0 273
 0 274
 0 275
 0 276
 0 277
 0 278
 0 279
 0 280
 1 281
 0 282
 0 283
 0 284
 0 285
 1 286
 0 287
 0 288
 0 289
 0 290
 0 291
 0 292
 0 293
 0 294
 0 295
 0 296
 2 297
 0 298
 1 299
 0 300
 0 301
 0 302
 0 303
 0 304
 1 305
 1 306
 1 307
 0 308
 1 309
 1 310
 1 311
 0 312
 0 313
 2 314
 2 315
 1 316
 1 317
 2 318
 1 319
 0 320
 0 321
 2 322
 5 323
 3 324
 2 325
 2 326
 2 327
 1 328
 2 329
 1 330
 2 331
 1 332
 2 333
 1 334
 0 335
 0 336
 2 337
 1 338
 1 339
 1 340
 0 341
 0 342
 2 343
 1 344
 2 345
 1 346
 1 347
 0 348
 1 349
 1 350
 1 351
 1 352
 1 353
 3 354
 1 355
 1 356
 2 357
 2 358
 3 359
 2 360
 0 361
 0 362
 1 363
 4 364
 1 365
 2 366
 0 367
 0 368
 2 369
 0 370
 0 371
 0 372
 1 373
 0 374
 1 375
 1 376
 1 377
 0 378
 1 379
 1 380
 0 381
 0 382
 0 383
 0 384
 0 385
 0 386
 0 387
 0 388
 0 389
 0 390
 0 391
 1 392
 0 393
 0 394
 0 395
 1 396
 0 397
 0 398
 0 399
 1 400
 0 401
 0 402
 0 403
 0 404
 0 405
 0 406
 0 407
 1 408
 0 409
 0 410
 1 411
 1 412
 0 413
 0 414
 0 415
 0 416
 0 417
 0 418
 0 419
 1 420
 0 421
 0 422
 0 423
 0 424
 0 425
 0 426
 0 427
 0 428
 0 429
 0 430
 0 431
 0 432
 0 433
 0 434
 0 435
 0 436
 0 437
 0 438
 0 439
 0 440
 0 441
 0 442
 0 443
 0 444
 0 445
 0 446
 0 447
 0 448
 0 449
 0 450
 0 451
 0 452
 0 453
 0 454
 0 455
 0 456
 0 457
 0 458
 0 459
 0 460
 0 461
 0 462
 0 463
 0 464
 0 465
 0 466
 0 467
 0 468
 0 469
 0 470
 0 471
 0 472
 0 473
 0 474
 0 475
 0 476
 0 477
 0 478
 0 479
 0 480
 0 481
 0 482
 0 483
 0 484
 0 485
 0 486
 0 487
 0 488
 0 489
 0 490
 0 491
 0 492
 0 493
 0 494
 0 495
 0 496
 0 497
 0 498
 0 499
 0 500
 0 501
 0 502
 0 503
 0 504
 0 505
 0 506
 0 507
 0 508
 0 509
 0 510
 0 511
 0 512
 0 513
 0 514
 0 515
 0 516
 0 517
 0 518
 0 519
 0 520
 0 521
 0 522
 0 523
 0 524
 0 525
 0 526
 0 527
 0 528
 0 529
 0 530
 0 531
 0 532
 0 533
 0 534
 0 535
 0 536
 0 537
 0 538
 0 539
 0 540
 0 541
 0 542
 0 543
 0 544
 0 545
 0 546
 0 547
 0 548
 0 549
 0 550
 0 551
 0 552
 0 553
 0 554
 0 555
 0 556
 0 557
 0 558
 0 559
 0 560
 0 561
 0 562
 0 563
 0 564
 0 565
 0 566
 0 567
 0 568
 0 569
 0 570
 0 571
 0 572
 0 573
 0 574
 0 575
 0 576
 0 577
 0 578
 0 579
 0 580
 0 581
 0 582
 0 583
 0 584
 0 585
 0 586
 0 587
 0 588
 0 589
 0 590
 0 591
 0 592
 0 593
 0 594
 0 595
 0 596
 0 597
 0 598
 0 599
 0 600


