# Created by Octave 3.8.2, Mon Jun 22 00:57:36 2020 CEST <damian@fptrucha.inv.usc.es>
# name: hd
# type: matrix
# rows: 551
# columns: 2
 0 50
 0 51
 0 52
 0 53
 0 54
 0 55
 0 56
 0 57
 0 58
 0 59
 0 60
 0 61
 0 62
 0 63
 0 64
 0 65
 0 66
 0 67
 0 68
 0 69
 0 70
 0 71
 0 72
 0 73
 0 74
 0 75
 0 76
 0 77
 0 78
 0 79
 0 80
 0 81
 0 82
 0 83
 0 84
 0 85
 0 86
 0 87
 0 88
 1 89
 6 90
 18 91
 74 92
 157 93
 310 94
 419 95
 558 96
 685 97
 903 98
 1181 99
 1296 100
 1324 101
 1467 102
 1487 103
 1423 104
 1575 105
 1432 106
 1479 107
 1377 108
 1392 109
 1359 110
 1308 111
 1233 112
 1055 113
 988 114
 971 115
 961 116
 891 117
 765 118
 736 119
 716 120
 592 121
 549 122
 523 123
 439 124
 397 125
 363 126
 338 127
 295 128
 255 129
 213 130
 210 131
 211 132
 172 133
 159 134
 142 135
 140 136
 130 137
 83 138
 97 139
 93 140
 86 141
 71 142
 69 143
 58 144
 61 145
 67 146
 56 147
 45 148
 56 149
 39 150
 45 151
 43 152
 37 153
 23 154
 25 155
 44 156
 20 157
 26 158
 18 159
 17 160
 20 161
 19 162
 21 163
 9 164
 14 165
 20 166
 12 167
 14 168
 6 169
 9 170
 11 171
 7 172
 5 173
 2 174
 11 175
 6 176
 3 177
 4 178
 5 179
 5 180
 0 181
 2 182
 3 183
 1 184
 9 185
 2 186
 4 187
 1 188
 2 189
 1 190
 2 191
 3 192
 3 193
 1 194
 1 195
 2 196
 1 197
 1 198
 3 199
 0 200
 0 201
 1 202
 0 203
 1 204
 1 205
 3 206
 0 207
 0 208
 0 209
 1 210
 1 211
 0 212
 1 213
 0 214
 0 215
 0 216
 1 217
 0 218
 1 219
 0 220
 0 221
 0 222
 0 223
 0 224
 0 225
 0 226
 0 227
 0 228
 0 229
 0 230
 0 231
 0 232
 0 233
 0 234
 0 235
 0 236
 0 237
 0 238
 0 239
 0 240
 0 241
 0 242
 0 243
 0 244
 0 245
 0 246
 0 247
 0 248
 0 249
 0 250
 0 251
 0 252
 0 253
 0 254
 0 255
 0 256
 0 257
 0 258
 0 259
 0 260
 0 261
 0 262
 0 263
 0 264
 0 265
 0 266
 0 267
 0 268
 0 269
 0 270
 0 271
 0 272
 0 273
 0 274
 0 275
 0 276
 0 277
 0 278
 0 279
 0 280
 0 281
 0 282
 0 283
 0 284
 0 285
 0 286
 0 287
 0 288
 0 289
 0 290
 0 291
 0 292
 0 293
 0 294
 1 295
 0 296
 0 297
 0 298
 0 299
 0 300
 0 301
 0 302
 0 303
 2 304
 0 305
 0 306
 0 307
 1 308
 2 309
 0 310
 0 311
 0 312
 1 313
 0 314
 2 315
 0 316
 1 317
 0 318
 3 319
 1 320
 1 321
 1 322
 0 323
 0 324
 1 325
 1 326
 0 327
 1 328
 1 329
 1 330
 0 331
 1 332
 1 333
 1 334
 0 335
 2 336
 1 337
 1 338
 0 339
 1 340
 3 341
 0 342
 0 343
 0 344
 2 345
 1 346
 0 347
 0 348
 3 349
 0 350
 0 351
 0 352
 0 353
 0 354
 2 355
 0 356
 1 357
 0 358
 2 359
 2 360
 3 361
 1 362
 1 363
 0 364
 1 365
 1 366
 3 367
 1 368
 0 369
 1 370
 0 371
 0 372
 0 373
 1 374
 0 375
 0 376
 2 377
 4 378
 0 379
 0 380
 0 381
 1 382
 0 383
 0 384
 1 385
 0 386
 0 387
 0 388
 0 389
 0 390
 0 391
 0 392
 0 393
 0 394
 0 395
 0 396
 0 397
 0 398
 0 399
 0 400
 0 401
 0 402
 0 403
 0 404
 0 405
 1 406
 0 407
 0 408
 0 409
 0 410
 0 411
 0 412
 0 413
 1 414
 0 415
 1 416
 0 417
 0 418
 0 419
 0 420
 0 421
 0 422
 0 423
 0 424
 0 425
 0 426
 0 427
 0 428
 0 429
 0 430
 0 431
 0 432
 0 433
 0 434
 0 435
 0 436
 0 437
 0 438
 0 439
 0 440
 0 441
 0 442
 0 443
 0 444
 0 445
 0 446
 0 447
 0 448
 0 449
 0 450
 0 451
 0 452
 0 453
 0 454
 0 455
 0 456
 0 457
 0 458
 0 459
 0 460
 0 461
 0 462
 0 463
 0 464
 0 465
 0 466
 0 467
 0 468
 0 469
 0 470
 0 471
 0 472
 0 473
 0 474
 0 475
 0 476
 0 477
 0 478
 0 479
 0 480
 0 481
 0 482
 0 483
 0 484
 0 485
 0 486
 0 487
 0 488
 0 489
 0 490
 0 491
 0 492
 0 493
 0 494
 0 495
 0 496
 0 497
 0 498
 0 499
 0 500
 0 501
 0 502
 0 503
 0 504
 0 505
 0 506
 0 507
 0 508
 0 509
 0 510
 0 511
 0 512
 0 513
 0 514
 0 515
 0 516
 0 517
 0 518
 0 519
 0 520
 0 521
 0 522
 0 523
 0 524
 0 525
 0 526
 0 527
 0 528
 0 529
 0 530
 0 531
 0 532
 0 533
 0 534
 0 535
 0 536
 0 537
 0 538
 0 539
 0 540
 0 541
 0 542
 0 543
 0 544
 0 545
 0 546
 0 547
 0 548
 0 549
 0 550
 0 551
 0 552
 0 553
 0 554
 0 555
 0 556
 0 557
 0 558
 0 559
 0 560
 0 561
 0 562
 0 563
 0 564
 0 565
 0 566
 0 567
 0 568
 0 569
 0 570
 0 571
 0 572
 0 573
 0 574
 0 575
 0 576
 0 577
 0 578
 0 579
 0 580
 0 581
 0 582
 0 583
 0 584
 0 585
 0 586
 0 587
 0 588
 0 589
 0 590
 0 591
 0 592
 0 593
 0 594
 0 595
 0 596
 0 597
 0 598
 0 599
 0 600


