# Created by Octave 3.8.2, Mon Jun 22 08:22:32 2020 CEST <damian@fptrucha.inv.usc.es>
# name: hd
# type: matrix
# rows: 551
# columns: 2
 0 50
 0 51
 0 52
 0 53
 0 54
 0 55
 0 56
 0 57
 0 58
 0 59
 0 60
 0 61
 0 62
 0 63
 0 64
 0 65
 0 66
 0 67
 0 68
 0 69
 0 70
 0 71
 0 72
 0 73
 0 74
 0 75
 0 76
 0 77
 0 78
 0 79
 0 80
 0 81
 0 82
 0 83
 0 84
 0 85
 0 86
 0 87
 2 88
 0 89
 1 90
 5 91
 30 92
 66 93
 165 94
 311 95
 503 96
 605 97
 742 98
 979 99
 1334 100
 1405 101
 1448 102
 1520 103
 1513 104
 1568 105
 1460 106
 1537 107
 1469 108
 1421 109
 1271 110
 1233 111
 1130 112
 1045 113
 1011 114
 900 115
 820 116
 719 117
 655 118
 604 119
 577 120
 488 121
 457 122
 417 123
 391 124
 359 125
 295 126
 256 127
 280 128
 235 129
 187 130
 193 131
 164 132
 141 133
 147 134
 155 135
 120 136
 110 137
 91 138
 90 139
 108 140
 92 141
 85 142
 73 143
 61 144
 47 145
 60 146
 48 147
 41 148
 50 149
 44 150
 32 151
 44 152
 32 153
 38 154
 33 155
 30 156
 27 157
 32 158
 27 159
 22 160
 22 161
 19 162
 16 163
 16 164
 12 165
 21 166
 15 167
 28 168
 11 169
 14 170
 13 171
 10 172
 7 173
 7 174
 8 175
 7 176
 5 177
 3 178
 8 179
 11 180
 7 181
 3 182
 5 183
 2 184
 3 185
 2 186
 7 187
 3 188
 3 189
 3 190
 5 191
 3 192
 4 193
 3 194
 2 195
 1 196
 0 197
 1 198
 2 199
 1 200
 1 201
 2 202
 0 203
 4 204
 1 205
 1 206
 0 207
 3 208
 0 209
 2 210
 1 211
 0 212
 0 213
 0 214
 0 215
 0 216
 0 217
 2 218
 0 219
 0 220
 0 221
 0 222
 0 223
 0 224
 0 225
 0 226
 0 227
 0 228
 0 229
 0 230
 0 231
 0 232
 0 233
 0 234
 0 235
 0 236
 0 237
 0 238
 0 239
 0 240
 0 241
 0 242
 0 243
 0 244
 0 245
 0 246
 0 247
 0 248
 0 249
 0 250
 0 251
 0 252
 0 253
 0 254
 0 255
 0 256
 0 257
 0 258
 0 259
 0 260
 0 261
 0 262
 0 263
 0 264
 0 265
 0 266
 0 267
 0 268
 0 269
 0 270
 0 271
 0 272
 0 273
 0 274
 0 275
 0 276
 0 277
 0 278
 0 279
 0 280
 0 281
 0 282
 0 283
 0 284
 1 285
 0 286
 0 287
 0 288
 0 289
 0 290
 0 291
 0 292
 0 293
 0 294
 0 295
 0 296
 0 297
 2 298
 0 299
 0 300
 0 301
 0 302
 2 303
 2 304
 2 305
 1 306
 1 307
 0 308
 1 309
 0 310
 0 311
 1 312
 0 313
 3 314
 0 315
 2 316
 1 317
 0 318
 0 319
 2 320
 2 321
 1 322
 1 323
 1 324
 2 325
 0 326
 2 327
 0 328
 0 329
 3 330
 2 331
 3 332
 4 333
 3 334
 0 335
 0 336
 0 337
 1 338
 1 339
 4 340
 0 341
 1 342
 3 343
 2 344
 0 345
 2 346
 2 347
 3 348
 2 349
 0 350
 5 351
 3 352
 0 353
 0 354
 3 355
 1 356
 2 357
 2 358
 1 359
 2 360
 1 361
 0 362
 2 363
 2 364
 1 365
 0 366
 1 367
 0 368
 1 369
 0 370
 0 371
 0 372
 1 373
 0 374
 0 375
 1 376
 2 377
 0 378
 0 379
 1 380
 1 381
 0 382
 1 383
 0 384
 0 385
 3 386
 0 387
 0 388
 0 389
 0 390
 0 391
 0 392
 0 393
 0 394
 0 395
 0 396
 0 397
 0 398
 0 399
 0 400
 1 401
 0 402
 0 403
 0 404
 1 405
 0 406
 0 407
 0 408
 0 409
 1 410
 0 411
 0 412
 0 413
 1 414
 0 415
 0 416
 0 417
 0 418
 0 419
 0 420
 0 421
 1 422
 0 423
 0 424
 0 425
 0 426
 0 427
 0 428
 0 429
 0 430
 0 431
 0 432
 0 433
 0 434
 0 435
 0 436
 0 437
 0 438
 0 439
 0 440
 0 441
 0 442
 0 443
 0 444
 0 445
 0 446
 0 447
 0 448
 0 449
 0 450
 0 451
 0 452
 0 453
 0 454
 0 455
 0 456
 0 457
 0 458
 0 459
 0 460
 0 461
 1 462
 0 463
 0 464
 0 465
 0 466
 0 467
 0 468
 0 469
 0 470
 0 471
 0 472
 0 473
 0 474
 0 475
 0 476
 0 477
 0 478
 0 479
 0 480
 0 481
 0 482
 0 483
 0 484
 0 485
 0 486
 0 487
 0 488
 0 489
 0 490
 0 491
 0 492
 0 493
 0 494
 0 495
 0 496
 0 497
 0 498
 0 499
 0 500
 0 501
 0 502
 0 503
 0 504
 0 505
 0 506
 0 507
 0 508
 0 509
 0 510
 0 511
 0 512
 0 513
 0 514
 0 515
 0 516
 0 517
 0 518
 0 519
 0 520
 0 521
 0 522
 0 523
 0 524
 0 525
 0 526
 0 527
 0 528
 0 529
 0 530
 0 531
 0 532
 0 533
 0 534
 0 535
 0 536
 0 537
 0 538
 0 539
 0 540
 0 541
 0 542
 0 543
 0 544
 0 545
 0 546
 0 547
 0 548
 0 549
 0 550
 0 551
 0 552
 0 553
 0 554
 0 555
 0 556
 0 557
 0 558
 0 559
 0 560
 0 561
 0 562
 0 563
 0 564
 0 565
 0 566
 0 567
 0 568
 0 569
 0 570
 0 571
 0 572
 0 573
 0 574
 0 575
 0 576
 0 577
 0 578
 0 579
 0 580
 0 581
 0 582
 0 583
 0 584
 0 585
 0 586
 0 587
 0 588
 0 589
 0 590
 0 591
 0 592
 0 593
 0 594
 0 595
 0 596
 0 597
 0 598
 0 599
 0 600


