# Created by Octave 3.8.2, Sat Jun 20 09:21:51 2020 CEST <damian@fptrucha.inv.usc.es>
# name: hd
# type: matrix
# rows: 551
# columns: 2
 0 50
 0 51
 0 52
 0 53
 0 54
 0 55
 0 56
 0 57
 0 58
 0 59
 0 60
 0 61
 0 62
 0 63
 0 64
 0 65
 0 66
 0 67
 0 68
 0 69
 0 70
 0 71
 0 72
 0 73
 0 74
 0 75
 0 76
 0 77
 0 78
 0 79
 0 80
 0 81
 0 82
 0 83
 0 84
 0 85
 0 86
 0 87
 0 88
 1 89
 7 90
 17 91
 65 92
 162 93
 316 94
 481 95
 610 96
 759 97
 1062 98
 1374 99
 1455 100
 1572 101
 1645 102
 1773 103
 1694 104
 1707 105
 1676 106
 1700 107
 1633 108
 1600 109
 1468 110
 1383 111
 1306 112
 1247 113
 1141 114
 1099 115
 988 116
 921 117
 848 118
 748 119
 778 120
 646 121
 614 122
 517 123
 427 124
 479 125
 405 126
 367 127
 312 128
 251 129
 252 130
 221 131
 231 132
 176 133
 182 134
 147 135
 155 136
 126 137
 119 138
 101 139
 97 140
 106 141
 100 142
 102 143
 78 144
 80 145
 73 146
 46 147
 65 148
 48 149
 47 150
 54 151
 48 152
 36 153
 36 154
 41 155
 38 156
 38 157
 32 158
 32 159
 22 160
 27 161
 24 162
 32 163
 20 164
 26 165
 16 166
 17 167
 12 168
 17 169
 8 170
 15 171
 9 172
 6 173
 8 174
 5 175
 8 176
 4 177
 5 178
 5 179
 7 180
 3 181
 2 182
 4 183
 6 184
 3 185
 5 186
 0 187
 2 188
 2 189
 6 190
 1 191
 3 192
 0 193
 2 194
 2 195
 0 196
 1 197
 1 198
 2 199
 1 200
 0 201
 0 202
 0 203
 0 204
 1 205
 1 206
 0 207
 0 208
 1 209
 2 210
 0 211
 0 212
 0 213
 1 214
 0 215
 1 216
 0 217
 0 218
 0 219
 0 220
 0 221
 0 222
 0 223
 0 224
 0 225
 0 226
 0 227
 0 228
 0 229
 0 230
 0 231
 0 232
 1 233
 0 234
 0 235
 0 236
 0 237
 0 238
 0 239
 0 240
 0 241
 0 242
 0 243
 0 244
 0 245
 0 246
 0 247
 0 248
 0 249
 0 250
 0 251
 0 252
 0 253
 0 254
 1 255
 0 256
 0 257
 0 258
 0 259
 0 260
 0 261
 0 262
 0 263
 0 264
 0 265
 0 266
 0 267
 0 268
 0 269
 0 270
 0 271
 0 272
 0 273
 0 274
 0 275
 0 276
 0 277
 0 278
 0 279
 0 280
 0 281
 0 282
 1 283
 0 284
 1 285
 0 286
 1 287
 0 288
 0 289
 0 290
 0 291
 0 292
 0 293
 1 294
 0 295
 1 296
 0 297
 1 298
 0 299
 0 300
 1 301
 0 302
 0 303
 0 304
 1 305
 0 306
 1 307
 0 308
 2 309
 2 310
 1 311
 0 312
 0 313
 2 314
 1 315
 1 316
 1 317
 0 318
 2 319
 5 320
 1 321
 1 322
 0 323
 2 324
 6 325
 4 326
 1 327
 2 328
 2 329
 1 330
 1 331
 0 332
 2 333
 1 334
 1 335
 1 336
 1 337
 3 338
 0 339
 2 340
 2 341
 0 342
 0 343
 4 344
 0 345
 4 346
 4 347
 1 348
 1 349
 3 350
 0 351
 2 352
 0 353
 0 354
 1 355
 2 356
 0 357
 0 358
 3 359
 0 360
 0 361
 0 362
 1 363
 0 364
 0 365
 0 366
 0 367
 1 368
 1 369
 0 370
 2 371
 1 372
 0 373
 0 374
 0 375
 0 376
 1 377
 1 378
 0 379
 2 380
 0 381
 2 382
 1 383
 0 384
 0 385
 1 386
 0 387
 0 388
 0 389
 0 390
 1 391
 0 392
 1 393
 0 394
 0 395
 1 396
 0 397
 0 398
 0 399
 0 400
 1 401
 0 402
 0 403
 0 404
 0 405
 0 406
 0 407
 0 408
 0 409
 0 410
 0 411
 1 412
 0 413
 0 414
 0 415
 0 416
 0 417
 0 418
 0 419
 0 420
 1 421
 0 422
 0 423
 0 424
 0 425
 1 426
 0 427
 0 428
 0 429
 0 430
 0 431
 0 432
 0 433
 0 434
 0 435
 0 436
 0 437
 0 438
 0 439
 0 440
 0 441
 0 442
 0 443
 0 444
 0 445
 0 446
 0 447
 0 448
 0 449
 0 450
 0 451
 0 452
 0 453
 0 454
 0 455
 0 456
 0 457
 0 458
 0 459
 0 460
 0 461
 0 462
 0 463
 0 464
 0 465
 0 466
 0 467
 0 468
 0 469
 0 470
 0 471
 0 472
 0 473
 0 474
 0 475
 0 476
 0 477
 0 478
 0 479
 0 480
 0 481
 0 482
 0 483
 0 484
 0 485
 0 486
 0 487
 0 488
 0 489
 0 490
 0 491
 0 492
 0 493
 0 494
 0 495
 0 496
 0 497
 0 498
 0 499
 0 500
 0 501
 0 502
 0 503
 0 504
 0 505
 0 506
 0 507
 0 508
 0 509
 0 510
 0 511
 0 512
 0 513
 0 514
 0 515
 0 516
 0 517
 0 518
 0 519
 0 520
 0 521
 0 522
 0 523
 0 524
 0 525
 0 526
 0 527
 0 528
 0 529
 0 530
 0 531
 0 532
 0 533
 0 534
 0 535
 0 536
 0 537
 0 538
 0 539
 0 540
 0 541
 0 542
 0 543
 0 544
 0 545
 0 546
 0 547
 0 548
 0 549
 0 550
 0 551
 0 552
 0 553
 0 554
 0 555
 0 556
 0 557
 0 558
 0 559
 0 560
 0 561
 0 562
 0 563
 0 564
 0 565
 0 566
 0 567
 0 568
 0 569
 0 570
 0 571
 0 572
 0 573
 0 574
 0 575
 0 576
 0 577
 0 578
 0 579
 0 580
 0 581
 0 582
 0 583
 0 584
 0 585
 0 586
 0 587
 0 588
 0 589
 0 590
 0 591
 0 592
 0 593
 0 594
 0 595
 0 596
 0 597
 0 598
 0 599
 0 600


