# Created by Octave 3.8.2, Mon Jun 22 14:58:55 2020 CEST <damian@fptrucha.inv.usc.es>
# name: hd
# type: matrix
# rows: 551
# columns: 2
 0 50
 0 51
 0 52
 0 53
 0 54
 0 55
 0 56
 0 57
 0 58
 0 59
 0 60
 0 61
 0 62
 0 63
 0 64
 0 65
 0 66
 0 67
 0 68
 0 69
 0 70
 0 71
 0 72
 0 73
 0 74
 0 75
 0 76
 0 77
 0 78
 0 79
 0 80
 0 81
 0 82
 0 83
 0 84
 0 85
 0 86
 0 87
 0 88
 1 89
 4 90
 9 91
 40 92
 83 93
 252 94
 417 95
 580 96
 633 97
 864 98
 1212 99
 1529 100
 1520 101
 1614 102
 1657 103
 1628 104
 1689 105
 1661 106
 1580 107
 1544 108
 1419 109
 1370 110
 1284 111
 1173 112
 1107 113
 996 114
 904 115
 838 116
 765 117
 679 118
 631 119
 585 120
 523 121
 486 122
 401 123
 375 124
 348 125
 304 126
 280 127
 248 128
 219 129
 196 130
 193 131
 182 132
 158 133
 149 134
 120 135
 131 136
 111 137
 102 138
 79 139
 92 140
 83 141
 80 142
 71 143
 56 144
 76 145
 81 146
 53 147
 52 148
 37 149
 28 150
 42 151
 37 152
 34 153
 36 154
 36 155
 33 156
 20 157
 26 158
 31 159
 31 160
 30 161
 19 162
 23 163
 22 164
 10 165
 16 166
 14 167
 12 168
 13 169
 13 170
 12 171
 9 172
 9 173
 10 174
 12 175
 5 176
 5 177
 5 178
 4 179
 5 180
 3 181
 6 182
 3 183
 1 184
 5 185
 5 186
 2 187
 3 188
 3 189
 3 190
 2 191
 4 192
 4 193
 3 194
 3 195
 1 196
 1 197
 1 198
 1 199
 0 200
 3 201
 0 202
 0 203
 1 204
 0 205
 1 206
 0 207
 1 208
 0 209
 1 210
 0 211
 0 212
 0 213
 1 214
 0 215
 0 216
 0 217
 1 218
 0 219
 0 220
 0 221
 0 222
 0 223
 0 224
 0 225
 0 226
 0 227
 1 228
 0 229
 0 230
 0 231
 0 232
 0 233
 0 234
 0 235
 0 236
 0 237
 0 238
 0 239
 0 240
 0 241
 0 242
 0 243
 0 244
 0 245
 0 246
 0 247
 0 248
 0 249
 0 250
 0 251
 0 252
 0 253
 0 254
 0 255
 0 256
 0 257
 0 258
 0 259
 0 260
 0 261
 0 262
 0 263
 0 264
 0 265
 0 266
 0 267
 0 268
 0 269
 0 270
 0 271
 0 272
 0 273
 0 274
 0 275
 0 276
 0 277
 0 278
 0 279
 1 280
 0 281
 1 282
 0 283
 1 284
 0 285
 0 286
 0 287
 0 288
 0 289
 0 290
 0 291
 0 292
 1 293
 0 294
 0 295
 1 296
 2 297
 1 298
 1 299
 1 300
 1 301
 0 302
 1 303
 0 304
 0 305
 0 306
 0 307
 0 308
 0 309
 0 310
 2 311
 0 312
 1 313
 0 314
 2 315
 0 316
 3 317
 1 318
 0 319
 3 320
 1 321
 2 322
 0 323
 1 324
 2 325
 2 326
 2 327
 1 328
 2 329
 1 330
 2 331
 1 332
 0 333
 3 334
 2 335
 3 336
 1 337
 0 338
 0 339
 2 340
 2 341
 1 342
 0 343
 1 344
 1 345
 0 346
 2 347
 1 348
 2 349
 3 350
 0 351
 0 352
 1 353
 1 354
 1 355
 1 356
 4 357
 1 358
 0 359
 0 360
 1 361
 1 362
 0 363
 1 364
 0 365
 0 366
 0 367
 0 368
 0 369
 1 370
 1 371
 0 372
 1 373
 0 374
 1 375
 0 376
 0 377
 0 378
 2 379
 1 380
 1 381
 0 382
 1 383
 0 384
 0 385
 0 386
 0 387
 1 388
 0 389
 0 390
 0 391
 0 392
 2 393
 0 394
 0 395
 0 396
 1 397
 0 398
 0 399
 0 400
 0 401
 0 402
 0 403
 0 404
 0 405
 0 406
 1 407
 0 408
 0 409
 0 410
 0 411
 0 412
 0 413
 0 414
 0 415
 0 416
 0 417
 0 418
 0 419
 0 420
 0 421
 0 422
 0 423
 0 424
 0 425
 0 426
 0 427
 0 428
 0 429
 0 430
 0 431
 0 432
 0 433
 0 434
 0 435
 0 436
 0 437
 0 438
 0 439
 0 440
 0 441
 0 442
 0 443
 0 444
 0 445
 0 446
 0 447
 0 448
 0 449
 0 450
 0 451
 0 452
 0 453
 0 454
 0 455
 0 456
 0 457
 0 458
 0 459
 0 460
 0 461
 0 462
 0 463
 0 464
 0 465
 0 466
 0 467
 0 468
 0 469
 0 470
 0 471
 0 472
 0 473
 0 474
 0 475
 0 476
 0 477
 0 478
 0 479
 0 480
 0 481
 0 482
 0 483
 0 484
 0 485
 0 486
 0 487
 0 488
 0 489
 0 490
 0 491
 0 492
 0 493
 0 494
 0 495
 0 496
 0 497
 0 498
 0 499
 0 500
 0 501
 0 502
 0 503
 0 504
 0 505
 0 506
 0 507
 0 508
 0 509
 0 510
 0 511
 0 512
 0 513
 0 514
 0 515
 0 516
 0 517
 0 518
 0 519
 0 520
 0 521
 0 522
 0 523
 0 524
 0 525
 0 526
 0 527
 0 528
 0 529
 0 530
 0 531
 0 532
 0 533
 0 534
 0 535
 0 536
 0 537
 0 538
 0 539
 0 540
 0 541
 0 542
 0 543
 0 544
 0 545
 0 546
 0 547
 0 548
 0 549
 0 550
 0 551
 0 552
 0 553
 0 554
 0 555
 0 556
 0 557
 0 558
 0 559
 0 560
 0 561
 0 562
 0 563
 0 564
 0 565
 0 566
 0 567
 0 568
 0 569
 0 570
 0 571
 0 572
 0 573
 0 574
 0 575
 0 576
 0 577
 0 578
 0 579
 0 580
 0 581
 0 582
 0 583
 0 584
 0 585
 0 586
 0 587
 0 588
 0 589
 0 590
 0 591
 0 592
 0 593
 0 594
 0 595
 0 596
 0 597
 0 598
 0 599
 0 600


