# Created by Octave 3.8.2, Mon Jun 22 06:51:07 2020 CEST <damian@fptrucha.inv.usc.es>
# name: hd
# type: matrix
# rows: 551
# columns: 2
 0 50
 0 51
 0 52
 0 53
 0 54
 0 55
 0 56
 0 57
 0 58
 0 59
 0 60
 0 61
 0 62
 0 63
 0 64
 0 65
 0 66
 0 67
 0 68
 0 69
 0 70
 0 71
 0 72
 0 73
 0 74
 0 75
 0 76
 0 77
 0 78
 0 79
 0 80
 0 81
 0 82
 0 83
 0 84
 0 85
 0 86
 0 87
 0 88
 0 89
 1 90
 7 91
 26 92
 60 93
 158 94
 327 95
 516 96
 619 97
 712 98
 986 99
 1265 100
 1368 101
 1535 102
 1588 103
 1593 104
 1489 105
 1584 106
 1438 107
 1414 108
 1301 109
 1271 110
 1226 111
 1088 112
 1056 113
 896 114
 867 115
 796 116
 702 117
 689 118
 578 119
 552 120
 491 121
 429 122
 408 123
 322 124
 329 125
 296 126
 233 127
 206 128
 205 129
 210 130
 180 131
 156 132
 145 133
 137 134
 120 135
 112 136
 97 137
 102 138
 83 139
 69 140
 60 141
 64 142
 68 143
 73 144
 66 145
 55 146
 63 147
 48 148
 54 149
 41 150
 37 151
 38 152
 34 153
 31 154
 40 155
 32 156
 36 157
 26 158
 17 159
 20 160
 16 161
 25 162
 22 163
 15 164
 18 165
 6 166
 18 167
 14 168
 9 169
 13 170
 14 171
 9 172
 10 173
 11 174
 14 175
 6 176
 4 177
 9 178
 7 179
 8 180
 3 181
 5 182
 3 183
 3 184
 1 185
 2 186
 6 187
 4 188
 3 189
 2 190
 4 191
 2 192
 1 193
 2 194
 1 195
 1 196
 3 197
 2 198
 1 199
 0 200
 0 201
 1 202
 1 203
 2 204
 2 205
 1 206
 1 207
 2 208
 0 209
 0 210
 0 211
 0 212
 0 213
 0 214
 0 215
 1 216
 1 217
 0 218
 0 219
 1 220
 1 221
 0 222
 0 223
 0 224
 0 225
 0 226
 0 227
 0 228
 0 229
 0 230
 2 231
 0 232
 0 233
 0 234
 0 235
 0 236
 0 237
 0 238
 0 239
 0 240
 0 241
 0 242
 0 243
 0 244
 0 245
 0 246
 0 247
 0 248
 0 249
 0 250
 0 251
 0 252
 0 253
 0 254
 0 255
 0 256
 0 257
 0 258
 0 259
 1 260
 0 261
 0 262
 0 263
 0 264
 0 265
 0 266
 0 267
 0 268
 0 269
 0 270
 0 271
 0 272
 0 273
 0 274
 0 275
 0 276
 0 277
 0 278
 1 279
 0 280
 0 281
 0 282
 0 283
 0 284
 0 285
 0 286
 0 287
 0 288
 0 289
 1 290
 0 291
 0 292
 0 293
 0 294
 1 295
 0 296
 0 297
 0 298
 0 299
 0 300
 0 301
 1 302
 0 303
 2 304
 0 305
 1 306
 0 307
 3 308
 0 309
 0 310
 1 311
 1 312
 0 313
 2 314
 4 315
 0 316
 1 317
 2 318
 1 319
 1 320
 0 321
 1 322
 1 323
 1 324
 1 325
 2 326
 2 327
 2 328
 1 329
 3 330
 3 331
 2 332
 1 333
 5 334
 2 335
 0 336
 0 337
 5 338
 2 339
 2 340
 1 341
 2 342
 0 343
 0 344
 1 345
 1 346
 0 347
 3 348
 0 349
 1 350
 1 351
 0 352
 1 353
 1 354
 1 355
 0 356
 2 357
 2 358
 1 359
 0 360
 4 361
 0 362
 2 363
 0 364
 0 365
 2 366
 2 367
 0 368
 0 369
 1 370
 0 371
 1 372
 2 373
 0 374
 1 375
 3 376
 0 377
 1 378
 1 379
 1 380
 0 381
 1 382
 0 383
 0 384
 1 385
 1 386
 1 387
 0 388
 1 389
 1 390
 0 391
 1 392
 0 393
 0 394
 0 395
 0 396
 0 397
 0 398
 0 399
 0 400
 2 401
 0 402
 0 403
 0 404
 0 405
 0 406
 0 407
 0 408
 0 409
 0 410
 0 411
 0 412
 0 413
 0 414
 0 415
 0 416
 0 417
 1 418
 0 419
 0 420
 0 421
 0 422
 0 423
 0 424
 0 425
 0 426
 0 427
 0 428
 0 429
 0 430
 0 431
 0 432
 0 433
 0 434
 0 435
 0 436
 0 437
 0 438
 0 439
 0 440
 0 441
 0 442
 0 443
 0 444
 0 445
 0 446
 0 447
 0 448
 0 449
 0 450
 0 451
 0 452
 0 453
 0 454
 0 455
 0 456
 0 457
 0 458
 0 459
 0 460
 0 461
 0 462
 0 463
 0 464
 0 465
 0 466
 0 467
 0 468
 0 469
 0 470
 0 471
 0 472
 0 473
 0 474
 0 475
 0 476
 0 477
 0 478
 0 479
 0 480
 0 481
 0 482
 0 483
 0 484
 0 485
 0 486
 0 487
 0 488
 0 489
 0 490
 0 491
 0 492
 0 493
 0 494
 0 495
 0 496
 0 497
 0 498
 0 499
 0 500
 0 501
 0 502
 0 503
 0 504
 0 505
 0 506
 0 507
 0 508
 0 509
 0 510
 0 511
 0 512
 0 513
 0 514
 0 515
 0 516
 0 517
 0 518
 0 519
 0 520
 0 521
 0 522
 0 523
 0 524
 0 525
 0 526
 0 527
 0 528
 0 529
 0 530
 0 531
 0 532
 0 533
 0 534
 0 535
 0 536
 0 537
 0 538
 0 539
 0 540
 0 541
 0 542
 0 543
 0 544
 0 545
 0 546
 0 547
 0 548
 0 549
 0 550
 0 551
 0 552
 0 553
 0 554
 0 555
 0 556
 0 557
 0 558
 0 559
 0 560
 0 561
 0 562
 0 563
 0 564
 0 565
 0 566
 0 567
 0 568
 0 569
 0 570
 0 571
 0 572
 0 573
 0 574
 0 575
 0 576
 0 577
 0 578
 0 579
 0 580
 0 581
 0 582
 0 583
 0 584
 0 585
 0 586
 0 587
 0 588
 0 589
 0 590
 0 591
 0 592
 0 593
 0 594
 0 595
 0 596
 0 597
 0 598
 0 599
 0 600


