# Created by Octave 3.8.2, Sun Jun 21 03:53:54 2020 CEST <damian@fptrucha.inv.usc.es>
# name: hd
# type: matrix
# rows: 551
# columns: 2
 0 50
 0 51
 0 52
 0 53
 0 54
 0 55
 0 56
 0 57
 0 58
 0 59
 0 60
 0 61
 0 62
 0 63
 0 64
 0 65
 0 66
 0 67
 0 68
 0 69
 0 70
 0 71
 0 72
 0 73
 0 74
 0 75
 0 76
 0 77
 0 78
 0 79
 0 80
 0 81
 0 82
 0 83
 0 84
 0 85
 0 86
 0 87
 0 88
 1 89
 11 90
 16 91
 53 92
 127 93
 240 94
 348 95
 458 96
 539 97
 815 98
 976 99
 1161 100
 1246 101
 1291 102
 1305 103
 1345 104
 1352 105
 1461 106
 1423 107
 1346 108
 1303 109
 1259 110
 1175 111
 1120 112
 1099 113
 1047 114
 1000 115
 884 116
 881 117
 788 118
 767 119
 702 120
 647 121
 574 122
 499 123
 494 124
 435 125
 373 126
 348 127
 311 128
 277 129
 276 130
 234 131
 225 132
 226 133
 170 134
 159 135
 146 136
 145 137
 136 138
 112 139
 95 140
 93 141
 91 142
 77 143
 72 144
 59 145
 75 146
 65 147
 52 148
 59 149
 42 150
 37 151
 31 152
 44 153
 30 154
 35 155
 31 156
 37 157
 30 158
 30 159
 31 160
 23 161
 26 162
 24 163
 11 164
 17 165
 18 166
 10 167
 18 168
 10 169
 11 170
 6 171
 16 172
 9 173
 9 174
 5 175
 12 176
 5 177
 3 178
 6 179
 5 180
 3 181
 2 182
 6 183
 5 184
 6 185
 6 186
 2 187
 2 188
 1 189
 1 190
 2 191
 2 192
 2 193
 1 194
 2 195
 1 196
 1 197
 1 198
 1 199
 0 200
 0 201
 2 202
 0 203
 0 204
 0 205
 0 206
 1 207
 0 208
 0 209
 2 210
 0 211
 0 212
 2 213
 1 214
 1 215
 0 216
 1 217
 0 218
 0 219
 2 220
 0 221
 0 222
 0 223
 0 224
 0 225
 0 226
 0 227
 0 228
 0 229
 0 230
 0 231
 0 232
 0 233
 0 234
 0 235
 0 236
 0 237
 0 238
 0 239
 1 240
 0 241
 0 242
 0 243
 0 244
 0 245
 0 246
 0 247
 0 248
 0 249
 0 250
 0 251
 0 252
 0 253
 0 254
 0 255
 0 256
 0 257
 0 258
 0 259
 0 260
 0 261
 0 262
 0 263
 0 264
 0 265
 0 266
 0 267
 0 268
 0 269
 0 270
 0 271
 0 272
 0 273
 0 274
 0 275
 0 276
 0 277
 0 278
 0 279
 0 280
 0 281
 0 282
 0 283
 0 284
 0 285
 0 286
 2 287
 0 288
 0 289
 1 290
 0 291
 0 292
 1 293
 0 294
 0 295
 0 296
 1 297
 0 298
 1 299
 1 300
 0 301
 0 302
 0 303
 1 304
 1 305
 0 306
 1 307
 0 308
 2 309
 4 310
 2 311
 2 312
 1 313
 1 314
 1 315
 1 316
 0 317
 2 318
 0 319
 0 320
 3 321
 0 322
 2 323
 1 324
 0 325
 0 326
 3 327
 1 328
 5 329
 3 330
 0 331
 0 332
 0 333
 4 334
 3 335
 0 336
 2 337
 1 338
 2 339
 2 340
 1 341
 1 342
 2 343
 1 344
 1 345
 0 346
 1 347
 0 348
 0 349
 0 350
 0 351
 0 352
 3 353
 0 354
 0 355
 1 356
 3 357
 0 358
 0 359
 0 360
 1 361
 0 362
 1 363
 1 364
 2 365
 1 366
 0 367
 1 368
 1 369
 1 370
 0 371
 3 372
 1 373
 0 374
 0 375
 1 376
 1 377
 1 378
 1 379
 1 380
 1 381
 1 382
 1 383
 1 384
 1 385
 3 386
 1 387
 1 388
 0 389
 0 390
 0 391
 0 392
 2 393
 0 394
 0 395
 0 396
 0 397
 0 398
 0 399
 1 400
 1 401
 0 402
 1 403
 0 404
 0 405
 0 406
 0 407
 0 408
 0 409
 1 410
 0 411
 0 412
 1 413
 1 414
 0 415
 0 416
 0 417
 0 418
 0 419
 0 420
 0 421
 0 422
 0 423
 0 424
 0 425
 0 426
 0 427
 0 428
 0 429
 0 430
 0 431
 0 432
 0 433
 0 434
 0 435
 0 436
 1 437
 0 438
 0 439
 0 440
 0 441
 0 442
 0 443
 0 444
 0 445
 0 446
 0 447
 0 448
 0 449
 0 450
 0 451
 0 452
 0 453
 0 454
 0 455
 0 456
 0 457
 0 458
 0 459
 0 460
 0 461
 0 462
 0 463
 0 464
 0 465
 0 466
 0 467
 0 468
 0 469
 0 470
 0 471
 0 472
 0 473
 0 474
 0 475
 0 476
 0 477
 0 478
 0 479
 0 480
 0 481
 0 482
 0 483
 0 484
 0 485
 0 486
 0 487
 0 488
 0 489
 0 490
 0 491
 0 492
 0 493
 0 494
 0 495
 0 496
 0 497
 0 498
 0 499
 0 500
 0 501
 0 502
 0 503
 0 504
 0 505
 0 506
 0 507
 0 508
 0 509
 0 510
 0 511
 0 512
 0 513
 0 514
 0 515
 0 516
 0 517
 0 518
 0 519
 0 520
 0 521
 0 522
 0 523
 0 524
 0 525
 0 526
 0 527
 0 528
 0 529
 0 530
 0 531
 0 532
 0 533
 0 534
 0 535
 0 536
 0 537
 0 538
 0 539
 0 540
 0 541
 0 542
 0 543
 0 544
 0 545
 0 546
 0 547
 0 548
 0 549
 0 550
 0 551
 0 552
 0 553
 0 554
 0 555
 0 556
 0 557
 0 558
 0 559
 0 560
 0 561
 0 562
 0 563
 0 564
 0 565
 0 566
 0 567
 0 568
 0 569
 0 570
 0 571
 0 572
 0 573
 0 574
 0 575
 0 576
 0 577
 0 578
 0 579
 0 580
 0 581
 0 582
 0 583
 0 584
 0 585
 0 586
 0 587
 0 588
 0 589
 0 590
 0 591
 0 592
 0 593
 0 594
 0 595
 0 596
 0 597
 0 598
 0 599
 0 600


