# Created by Octave 3.8.2, Mon Jun 22 23:10:43 2020 CEST <damian@fptrucha.inv.usc.es>
# name: hd
# type: matrix
# rows: 551
# columns: 2
 0 50
 0 51
 0 52
 0 53
 0 54
 0 55
 0 56
 0 57
 0 58
 0 59
 0 60
 0 61
 0 62
 0 63
 0 64
 0 65
 0 66
 0 67
 0 68
 0 69
 0 70
 0 71
 0 72
 0 73
 0 74
 0 75
 0 76
 0 77
 0 78
 0 79
 0 80
 0 81
 0 82
 0 83
 0 84
 0 85
 0 86
 0 87
 0 88
 0 89
 4 90
 4 91
 42 92
 100 93
 256 94
 462 95
 649 96
 764 97
 1035 98
 1314 99
 1556 100
 1715 101
 1798 102
 1815 103
 1855 104
 1790 105
 1621 106
 1672 107
 1617 108
 1500 109
 1398 110
 1283 111
 1205 112
 1121 113
 1117 114
 965 115
 877 116
 783 117
 685 118
 655 119
 607 120
 499 121
 492 122
 425 123
 365 124
 353 125
 302 126
 272 127
 229 128
 221 129
 182 130
 188 131
 155 132
 149 133
 136 134
 138 135
 109 136
 86 137
 102 138
 90 139
 83 140
 72 141
 83 142
 58 143
 79 144
 70 145
 63 146
 44 147
 41 148
 44 149
 34 150
 40 151
 37 152
 36 153
 26 154
 33 155
 33 156
 33 157
 22 158
 22 159
 13 160
 29 161
 24 162
 20 163
 28 164
 18 165
 11 166
 20 167
 12 168
 15 169
 17 170
 6 171
 8 172
 1 173
 7 174
 8 175
 10 176
 6 177
 4 178
 4 179
 7 180
 5 181
 6 182
 4 183
 4 184
 3 185
 1 186
 6 187
 5 188
 3 189
 3 190
 5 191
 2 192
 0 193
 1 194
 2 195
 0 196
 1 197
 2 198
 0 199
 1 200
 1 201
 0 202
 1 203
 0 204
 0 205
 0 206
 0 207
 0 208
 1 209
 1 210
 1 211
 1 212
 1 213
 1 214
 0 215
 1 216
 1 217
 0 218
 1 219
 0 220
 0 221
 0 222
 0 223
 1 224
 0 225
 1 226
 0 227
 0 228
 0 229
 0 230
 0 231
 0 232
 0 233
 1 234
 0 235
 0 236
 0 237
 0 238
 0 239
 0 240
 0 241
 0 242
 0 243
 0 244
 0 245
 0 246
 0 247
 0 248
 0 249
 0 250
 0 251
 0 252
 0 253
 0 254
 0 255
 0 256
 0 257
 0 258
 0 259
 0 260
 0 261
 0 262
 0 263
 0 264
 0 265
 0 266
 0 267
 0 268
 0 269
 0 270
 0 271
 0 272
 0 273
 0 274
 0 275
 0 276
 0 277
 0 278
 0 279
 0 280
 0 281
 0 282
 1 283
 0 284
 0 285
 0 286
 0 287
 0 288
 0 289
 0 290
 0 291
 0 292
 1 293
 0 294
 1 295
 0 296
 1 297
 0 298
 2 299
 0 300
 0 301
 2 302
 0 303
 2 304
 0 305
 0 306
 0 307
 1 308
 3 309
 0 310
 4 311
 1 312
 1 313
 2 314
 0 315
 1 316
 2 317
 0 318
 4 319
 0 320
 1 321
 1 322
 2 323
 1 324
 2 325
 1 326
 2 327
 3 328
 0 329
 4 330
 1 331
 0 332
 0 333
 1 334
 2 335
 3 336
 1 337
 1 338
 2 339
 1 340
 2 341
 0 342
 1 343
 1 344
 1 345
 0 346
 0 347
 1 348
 0 349
 2 350
 3 351
 1 352
 4 353
 1 354
 1 355
 1 356
 2 357
 2 358
 2 359
 2 360
 1 361
 1 362
 0 363
 0 364
 0 365
 0 366
 0 367
 0 368
 0 369
 3 370
 2 371
 3 372
 0 373
 1 374
 2 375
 0 376
 0 377
 0 378
 0 379
 0 380
 0 381
 0 382
 0 383
 0 384
 0 385
 0 386
 0 387
 0 388
 0 389
 1 390
 0 391
 0 392
 0 393
 1 394
 0 395
 0 396
 0 397
 0 398
 0 399
 0 400
 1 401
 0 402
 1 403
 0 404
 0 405
 1 406
 0 407
 0 408
 0 409
 0 410
 1 411
 0 412
 0 413
 0 414
 0 415
 1 416
 0 417
 0 418
 0 419
 0 420
 0 421
 0 422
 0 423
 0 424
 0 425
 0 426
 0 427
 0 428
 0 429
 0 430
 0 431
 0 432
 0 433
 0 434
 0 435
 0 436
 0 437
 0 438
 0 439
 0 440
 0 441
 0 442
 0 443
 0 444
 0 445
 0 446
 0 447
 0 448
 0 449
 0 450
 0 451
 0 452
 0 453
 0 454
 0 455
 0 456
 0 457
 0 458
 0 459
 0 460
 0 461
 0 462
 0 463
 0 464
 0 465
 0 466
 0 467
 0 468
 0 469
 0 470
 0 471
 0 472
 0 473
 0 474
 0 475
 0 476
 0 477
 0 478
 0 479
 0 480
 0 481
 0 482
 0 483
 0 484
 0 485
 0 486
 0 487
 0 488
 0 489
 0 490
 0 491
 0 492
 0 493
 0 494
 0 495
 0 496
 0 497
 0 498
 0 499
 0 500
 0 501
 0 502
 0 503
 0 504
 0 505
 0 506
 0 507
 0 508
 0 509
 0 510
 0 511
 0 512
 0 513
 0 514
 0 515
 0 516
 0 517
 0 518
 0 519
 0 520
 0 521
 0 522
 0 523
 0 524
 0 525
 0 526
 0 527
 0 528
 0 529
 0 530
 0 531
 0 532
 0 533
 0 534
 0 535
 0 536
 0 537
 0 538
 0 539
 0 540
 0 541
 0 542
 0 543
 0 544
 0 545
 0 546
 0 547
 0 548
 0 549
 0 550
 0 551
 0 552
 0 553
 0 554
 0 555
 0 556
 0 557
 0 558
 0 559
 0 560
 0 561
 0 562
 0 563
 0 564
 0 565
 0 566
 0 567
 0 568
 0 569
 0 570
 0 571
 0 572
 0 573
 0 574
 0 575
 0 576
 0 577
 0 578
 0 579
 0 580
 0 581
 0 582
 0 583
 0 584
 0 585
 0 586
 0 587
 0 588
 0 589
 0 590
 0 591
 0 592
 0 593
 0 594
 0 595
 0 596
 0 597
 0 598
 0 599
 0 600


