# Created by Octave 3.8.2, Mon Jun 22 22:24:42 2020 CEST <damian@fptrucha.inv.usc.es>
# name: hd
# type: matrix
# rows: 551
# columns: 2
 0 50
 0 51
 0 52
 0 53
 0 54
 0 55
 0 56
 0 57
 0 58
 0 59
 0 60
 0 61
 0 62
 0 63
 0 64
 0 65
 0 66
 0 67
 0 68
 0 69
 0 70
 0 71
 0 72
 0 73
 0 74
 0 75
 0 76
 0 77
 0 78
 0 79
 0 80
 0 81
 0 82
 0 83
 0 84
 0 85
 0 86
 0 87
 0 88
 2 89
 5 90
 9 91
 44 92
 118 93
 260 94
 437 95
 581 96
 715 97
 886 98
 1210 99
 1481 100
 1611 101
 1594 102
 1676 103
 1644 104
 1618 105
 1656 106
 1616 107
 1623 108
 1526 109
 1453 110
 1421 111
 1343 112
 1200 113
 1066 114
 998 115
 844 116
 837 117
 752 118
 697 119
 620 120
 584 121
 509 122
 415 123
 440 124
 389 125
 310 126
 292 127
 255 128
 242 129
 234 130
 198 131
 192 132
 182 133
 151 134
 147 135
 122 136
 120 137
 128 138
 103 139
 106 140
 84 141
 88 142
 76 143
 77 144
 70 145
 66 146
 52 147
 77 148
 47 149
 40 150
 45 151
 27 152
 43 153
 26 154
 40 155
 32 156
 38 157
 30 158
 28 159
 28 160
 32 161
 33 162
 24 163
 23 164
 13 165
 16 166
 22 167
 18 168
 13 169
 8 170
 7 171
 10 172
 11 173
 11 174
 11 175
 15 176
 9 177
 7 178
 7 179
 4 180
 3 181
 9 182
 7 183
 7 184
 2 185
 3 186
 3 187
 4 188
 2 189
 3 190
 4 191
 3 192
 3 193
 1 194
 2 195
 4 196
 2 197
 1 198
 1 199
 3 200
 1 201
 1 202
 2 203
 0 204
 1 205
 1 206
 1 207
 1 208
 1 209
 1 210
 2 211
 0 212
 0 213
 1 214
 0 215
 0 216
 0 217
 0 218
 0 219
 1 220
 0 221
 1 222
 0 223
 0 224
 0 225
 0 226
 0 227
 0 228
 0 229
 0 230
 0 231
 0 232
 0 233
 0 234
 0 235
 0 236
 0 237
 0 238
 0 239
 0 240
 0 241
 0 242
 0 243
 0 244
 0 245
 0 246
 0 247
 0 248
 0 249
 0 250
 0 251
 0 252
 0 253
 0 254
 0 255
 0 256
 0 257
 0 258
 0 259
 0 260
 0 261
 0 262
 0 263
 0 264
 0 265
 0 266
 0 267
 0 268
 0 269
 0 270
 0 271
 0 272
 0 273
 0 274
 0 275
 0 276
 0 277
 0 278
 0 279
 0 280
 0 281
 0 282
 0 283
 0 284
 0 285
 0 286
 0 287
 1 288
 0 289
 0 290
 1 291
 0 292
 0 293
 0 294
 0 295
 0 296
 0 297
 0 298
 0 299
 0 300
 0 301
 0 302
 0 303
 0 304
 1 305
 1 306
 1 307
 1 308
 1 309
 2 310
 1 311
 0 312
 2 313
 1 314
 1 315
 1 316
 3 317
 0 318
 3 319
 2 320
 1 321
 1 322
 1 323
 2 324
 5 325
 2 326
 2 327
 4 328
 2 329
 1 330
 3 331
 1 332
 1 333
 2 334
 1 335
 3 336
 2 337
 1 338
 1 339
 1 340
 0 341
 1 342
 1 343
 3 344
 1 345
 2 346
 3 347
 0 348
 0 349
 1 350
 0 351
 1 352
 0 353
 2 354
 4 355
 1 356
 1 357
 2 358
 0 359
 0 360
 0 361
 0 362
 0 363
 0 364
 5 365
 1 366
 0 367
 2 368
 1 369
 3 370
 0 371
 0 372
 0 373
 0 374
 3 375
 0 376
 0 377
 2 378
 0 379
 0 380
 1 381
 1 382
 1 383
 0 384
 1 385
 0 386
 0 387
 0 388
 1 389
 0 390
 1 391
 1 392
 1 393
 0 394
 1 395
 0 396
 1 397
 1 398
 0 399
 0 400
 0 401
 0 402
 1 403
 0 404
 1 405
 0 406
 0 407
 0 408
 0 409
 0 410
 0 411
 0 412
 0 413
 0 414
 0 415
 0 416
 0 417
 0 418
 2 419
 0 420
 0 421
 0 422
 0 423
 0 424
 0 425
 0 426
 0 427
 0 428
 0 429
 0 430
 0 431
 0 432
 0 433
 0 434
 0 435
 0 436
 0 437
 0 438
 0 439
 0 440
 0 441
 0 442
 0 443
 0 444
 0 445
 0 446
 0 447
 0 448
 0 449
 0 450
 0 451
 0 452
 0 453
 0 454
 0 455
 0 456
 0 457
 0 458
 0 459
 0 460
 0 461
 0 462
 0 463
 0 464
 0 465
 0 466
 0 467
 0 468
 0 469
 0 470
 0 471
 0 472
 0 473
 0 474
 0 475
 0 476
 0 477
 0 478
 0 479
 0 480
 0 481
 0 482
 0 483
 0 484
 0 485
 0 486
 0 487
 0 488
 0 489
 0 490
 0 491
 0 492
 0 493
 0 494
 0 495
 0 496
 0 497
 0 498
 0 499
 0 500
 0 501
 0 502
 0 503
 0 504
 0 505
 0 506
 0 507
 0 508
 0 509
 0 510
 0 511
 0 512
 0 513
 0 514
 0 515
 0 516
 0 517
 0 518
 0 519
 0 520
 0 521
 0 522
 0 523
 0 524
 0 525
 0 526
 0 527
 0 528
 0 529
 0 530
 0 531
 0 532
 0 533
 0 534
 0 535
 0 536
 0 537
 0 538
 0 539
 0 540
 0 541
 0 542
 0 543
 0 544
 0 545
 0 546
 0 547
 0 548
 0 549
 0 550
 0 551
 0 552
 0 553
 0 554
 0 555
 0 556
 0 557
 0 558
 0 559
 0 560
 0 561
 0 562
 0 563
 0 564
 0 565
 0 566
 0 567
 0 568
 0 569
 0 570
 0 571
 0 572
 0 573
 0 574
 0 575
 0 576
 0 577
 0 578
 0 579
 0 580
 0 581
 0 582
 0 583
 0 584
 0 585
 0 586
 0 587
 0 588
 0 589
 0 590
 0 591
 0 592
 0 593
 0 594
 0 595
 0 596
 0 597
 0 598
 0 599
 0 600


