# Created by Octave 3.8.2, Mon Jun 22 14:01:51 2020 CEST <damian@fptrucha.inv.usc.es>
# name: hd
# type: matrix
# rows: 551
# columns: 2
 0 50
 0 51
 0 52
 0 53
 0 54
 0 55
 0 56
 0 57
 0 58
 0 59
 0 60
 0 61
 0 62
 0 63
 0 64
 0 65
 0 66
 0 67
 0 68
 0 69
 0 70
 0 71
 0 72
 0 73
 0 74
 0 75
 0 76
 0 77
 0 78
 0 79
 0 80
 0 81
 0 82
 0 83
 0 84
 0 85
 0 86
 0 87
 0 88
 0 89
 2 90
 9 91
 42 92
 74 93
 232 94
 452 95
 589 96
 662 97
 845 98
 1119 99
 1429 100
 1547 101
 1630 102
 1621 103
 1607 104
 1612 105
 1638 106
 1671 107
 1496 108
 1442 109
 1381 110
 1264 111
 1200 112
 1069 113
 1062 114
 961 115
 820 116
 772 117
 672 118
 592 119
 579 120
 515 121
 466 122
 414 123
 344 124
 301 125
 287 126
 255 127
 225 128
 218 129
 185 130
 172 131
 166 132
 135 133
 140 134
 127 135
 106 136
 109 137
 104 138
 81 139
 74 140
 80 141
 80 142
 57 143
 45 144
 59 145
 57 146
 47 147
 54 148
 45 149
 47 150
 48 151
 50 152
 29 153
 42 154
 36 155
 25 156
 28 157
 28 158
 19 159
 27 160
 22 161
 26 162
 28 163
 21 164
 19 165
 16 166
 23 167
 13 168
 15 169
 9 170
 7 171
 9 172
 11 173
 5 174
 7 175
 8 176
 6 177
 8 178
 6 179
 5 180
 5 181
 6 182
 1 183
 6 184
 4 185
 4 186
 2 187
 4 188
 2 189
 1 190
 2 191
 2 192
 3 193
 2 194
 3 195
 0 196
 2 197
 3 198
 1 199
 1 200
 2 201
 3 202
 0 203
 0 204
 1 205
 1 206
 1 207
 0 208
 0 209
 1 210
 0 211
 1 212
 0 213
 0 214
 0 215
 1 216
 0 217
 0 218
 0 219
 0 220
 0 221
 0 222
 0 223
 0 224
 0 225
 1 226
 0 227
 0 228
 0 229
 0 230
 0 231
 1 232
 0 233
 0 234
 0 235
 0 236
 0 237
 0 238
 0 239
 0 240
 0 241
 0 242
 0 243
 0 244
 0 245
 0 246
 0 247
 0 248
 0 249
 0 250
 0 251
 0 252
 0 253
 0 254
 0 255
 0 256
 0 257
 0 258
 0 259
 0 260
 0 261
 0 262
 0 263
 0 264
 0 265
 0 266
 0 267
 0 268
 0 269
 0 270
 0 271
 0 272
 0 273
 0 274
 0 275
 1 276
 0 277
 0 278
 0 279
 0 280
 0 281
 0 282
 0 283
 0 284
 0 285
 0 286
 0 287
 0 288
 0 289
 1 290
 0 291
 1 292
 1 293
 1 294
 1 295
 0 296
 0 297
 0 298
 0 299
 2 300
 2 301
 1 302
 0 303
 1 304
 0 305
 0 306
 1 307
 1 308
 0 309
 1 310
 1 311
 2 312
 0 313
 2 314
 2 315
 4 316
 2 317
 0 318
 2 319
 0 320
 1 321
 1 322
 2 323
 2 324
 3 325
 2 326
 0 327
 1 328
 1 329
 0 330
 2 331
 0 332
 1 333
 2 334
 2 335
 1 336
 0 337
 2 338
 0 339
 1 340
 2 341
 0 342
 3 343
 2 344
 0 345
 1 346
 0 347
 1 348
 1 349
 0 350
 0 351
 1 352
 0 353
 1 354
 2 355
 1 356
 4 357
 1 358
 1 359
 0 360
 1 361
 0 362
 2 363
 1 364
 2 365
 2 366
 0 367
 0 368
 1 369
 0 370
 0 371
 1 372
 1 373
 2 374
 0 375
 1 376
 1 377
 1 378
 0 379
 2 380
 0 381
 0 382
 0 383
 0 384
 2 385
 1 386
 0 387
 0 388
 0 389
 1 390
 0 391
 0 392
 0 393
 0 394
 0 395
 0 396
 0 397
 0 398
 1 399
 0 400
 0 401
 0 402
 0 403
 0 404
 0 405
 0 406
 0 407
 0 408
 0 409
 0 410
 0 411
 0 412
 1 413
 0 414
 0 415
 0 416
 0 417
 0 418
 0 419
 0 420
 0 421
 0 422
 0 423
 0 424
 0 425
 0 426
 0 427
 0 428
 0 429
 0 430
 0 431
 0 432
 0 433
 0 434
 0 435
 1 436
 0 437
 0 438
 0 439
 0 440
 0 441
 0 442
 0 443
 0 444
 0 445
 0 446
 0 447
 0 448
 0 449
 0 450
 0 451
 0 452
 0 453
 0 454
 0 455
 0 456
 0 457
 0 458
 0 459
 0 460
 0 461
 0 462
 0 463
 0 464
 0 465
 0 466
 0 467
 0 468
 0 469
 0 470
 0 471
 0 472
 0 473
 0 474
 0 475
 0 476
 0 477
 0 478
 0 479
 0 480
 0 481
 0 482
 0 483
 0 484
 0 485
 0 486
 0 487
 0 488
 0 489
 0 490
 0 491
 0 492
 0 493
 0 494
 0 495
 0 496
 0 497
 0 498
 0 499
 0 500
 0 501
 0 502
 0 503
 0 504
 0 505
 0 506
 0 507
 0 508
 0 509
 0 510
 0 511
 0 512
 0 513
 0 514
 0 515
 0 516
 0 517
 0 518
 0 519
 0 520
 0 521
 0 522
 0 523
 0 524
 0 525
 0 526
 0 527
 0 528
 0 529
 0 530
 0 531
 0 532
 0 533
 0 534
 0 535
 0 536
 0 537
 0 538
 0 539
 0 540
 0 541
 0 542
 0 543
 0 544
 0 545
 0 546
 0 547
 0 548
 0 549
 0 550
 0 551
 0 552
 0 553
 0 554
 0 555
 0 556
 0 557
 0 558
 0 559
 0 560
 0 561
 0 562
 0 563
 0 564
 0 565
 0 566
 0 567
 0 568
 0 569
 0 570
 0 571
 0 572
 0 573
 0 574
 0 575
 0 576
 0 577
 0 578
 0 579
 0 580
 0 581
 0 582
 0 583
 0 584
 0 585
 0 586
 0 587
 0 588
 0 589
 0 590
 0 591
 0 592
 0 593
 0 594
 0 595
 0 596
 0 597
 0 598
 0 599
 0 600


