# Created by Octave 3.8.2, Mon Jun 22 03:26:39 2020 CEST <damian@fptrucha.inv.usc.es>
# name: hd
# type: matrix
# rows: 551
# columns: 2
 0 50
 0 51
 0 52
 0 53
 0 54
 0 55
 0 56
 0 57
 0 58
 0 59
 0 60
 0 61
 0 62
 0 63
 0 64
 0 65
 0 66
 0 67
 0 68
 0 69
 0 70
 0 71
 0 72
 0 73
 0 74
 0 75
 0 76
 0 77
 0 78
 0 79
 0 80
 0 81
 0 82
 0 83
 0 84
 0 85
 0 86
 0 87
 0 88
 2 89
 0 90
 9 91
 23 92
 85 93
 162 94
 325 95
 517 96
 604 97
 709 98
 955 99
 1289 100
 1378 101
 1455 102
 1488 103
 1498 104
 1501 105
 1454 106
 1424 107
 1447 108
 1372 109
 1256 110
 1206 111
 1069 112
 970 113
 921 114
 945 115
 794 116
 725 117
 636 118
 619 119
 565 120
 517 121
 412 122
 412 123
 368 124
 346 125
 314 126
 254 127
 244 128
 210 129
 199 130
 169 131
 194 132
 164 133
 139 134
 130 135
 118 136
 109 137
 111 138
 89 139
 90 140
 84 141
 76 142
 66 143
 65 144
 59 145
 54 146
 64 147
 46 148
 45 149
 48 150
 37 151
 38 152
 35 153
 33 154
 40 155
 29 156
 27 157
 30 158
 25 159
 35 160
 19 161
 26 162
 20 163
 24 164
 17 165
 16 166
 10 167
 7 168
 21 169
 13 170
 9 171
 11 172
 12 173
 7 174
 9 175
 5 176
 4 177
 3 178
 4 179
 1 180
 7 181
 5 182
 3 183
 2 184
 4 185
 3 186
 3 187
 4 188
 5 189
 5 190
 3 191
 2 192
 3 193
 1 194
 1 195
 2 196
 2 197
 4 198
 3 199
 1 200
 1 201
 1 202
 0 203
 2 204
 1 205
 0 206
 0 207
 1 208
 0 209
 0 210
 2 211
 0 212
 1 213
 0 214
 1 215
 0 216
 0 217
 0 218
 0 219
 0 220
 1 221
 0 222
 0 223
 0 224
 0 225
 1 226
 0 227
 0 228
 0 229
 1 230
 0 231
 0 232
 0 233
 0 234
 0 235
 0 236
 0 237
 0 238
 0 239
 0 240
 0 241
 0 242
 0 243
 0 244
 0 245
 0 246
 0 247
 0 248
 0 249
 0 250
 0 251
 0 252
 0 253
 0 254
 0 255
 0 256
 0 257
 0 258
 0 259
 0 260
 0 261
 0 262
 0 263
 0 264
 0 265
 0 266
 0 267
 0 268
 0 269
 0 270
 0 271
 0 272
 1 273
 0 274
 0 275
 0 276
 0 277
 0 278
 1 279
 0 280
 0 281
 0 282
 0 283
 1 284
 1 285
 0 286
 0 287
 0 288
 1 289
 0 290
 0 291
 1 292
 1 293
 1 294
 1 295
 0 296
 0 297
 0 298
 0 299
 1 300
 0 301
 0 302
 2 303
 2 304
 0 305
 0 306
 0 307
 0 308
 2 309
 1 310
 1 311
 1 312
 2 313
 0 314
 0 315
 0 316
 1 317
 0 318
 2 319
 0 320
 4 321
 1 322
 4 323
 0 324
 0 325
 1 326
 1 327
 1 328
 0 329
 1 330
 2 331
 6 332
 2 333
 2 334
 3 335
 1 336
 2 337
 2 338
 1 339
 1 340
 0 341
 3 342
 0 343
 1 344
 2 345
 2 346
 1 347
 3 348
 4 349
 3 350
 2 351
 1 352
 0 353
 0 354
 2 355
 0 356
 0 357
 3 358
 2 359
 1 360
 1 361
 3 362
 0 363
 2 364
 0 365
 0 366
 1 367
 1 368
 3 369
 1 370
 0 371
 2 372
 0 373
 0 374
 0 375
 2 376
 0 377
 1 378
 2 379
 1 380
 0 381
 1 382
 0 383
 0 384
 0 385
 0 386
 0 387
 0 388
 0 389
 1 390
 0 391
 0 392
 2 393
 1 394
 0 395
 1 396
 0 397
 0 398
 0 399
 0 400
 0 401
 0 402
 0 403
 0 404
 1 405
 0 406
 0 407
 0 408
 0 409
 0 410
 0 411
 0 412
 0 413
 0 414
 0 415
 0 416
 0 417
 0 418
 0 419
 0 420
 0 421
 0 422
 0 423
 0 424
 0 425
 0 426
 0 427
 0 428
 0 429
 0 430
 0 431
 0 432
 0 433
 0 434
 0 435
 0 436
 0 437
 0 438
 0 439
 0 440
 0 441
 0 442
 0 443
 0 444
 0 445
 0 446
 0 447
 0 448
 0 449
 0 450
 0 451
 0 452
 0 453
 0 454
 0 455
 0 456
 0 457
 0 458
 0 459
 0 460
 0 461
 0 462
 0 463
 0 464
 0 465
 0 466
 0 467
 0 468
 0 469
 0 470
 0 471
 0 472
 0 473
 0 474
 0 475
 0 476
 0 477
 0 478
 0 479
 0 480
 0 481
 0 482
 0 483
 0 484
 0 485
 0 486
 0 487
 0 488
 0 489
 0 490
 0 491
 0 492
 0 493
 0 494
 0 495
 0 496
 0 497
 0 498
 0 499
 0 500
 0 501
 0 502
 0 503
 0 504
 0 505
 0 506
 0 507
 0 508
 0 509
 0 510
 0 511
 0 512
 0 513
 0 514
 0 515
 0 516
 0 517
 0 518
 0 519
 0 520
 0 521
 0 522
 0 523
 0 524
 0 525
 0 526
 0 527
 0 528
 0 529
 0 530
 0 531
 0 532
 0 533
 0 534
 0 535
 0 536
 0 537
 0 538
 0 539
 0 540
 0 541
 0 542
 0 543
 0 544
 0 545
 0 546
 0 547
 0 548
 0 549
 0 550
 0 551
 0 552
 0 553
 0 554
 0 555
 0 556
 0 557
 0 558
 0 559
 0 560
 0 561
 0 562
 0 563
 0 564
 0 565
 0 566
 0 567
 0 568
 0 569
 0 570
 0 571
 0 572
 0 573
 0 574
 0 575
 0 576
 0 577
 0 578
 0 579
 0 580
 0 581
 0 582
 0 583
 0 584
 0 585
 0 586
 0 587
 0 588
 0 589
 0 590
 0 591
 0 592
 0 593
 0 594
 0 595
 0 596
 0 597
 0 598
 0 599
 0 600


