# Created by Octave 3.8.2, Sat Jun 20 17:36:05 2020 CEST <damian@fptrucha.inv.usc.es>
# name: hd
# type: matrix
# rows: 551
# columns: 2
 0 50
 0 51
 0 52
 0 53
 0 54
 0 55
 0 56
 0 57
 0 58
 0 59
 0 60
 0 61
 0 62
 0 63
 0 64
 0 65
 0 66
 0 67
 0 68
 0 69
 0 70
 0 71
 0 72
 0 73
 0 74
 0 75
 0 76
 0 77
 0 78
 0 79
 0 80
 0 81
 0 82
 0 83
 0 84
 0 85
 0 86
 0 87
 0 88
 1 89
 7 90
 12 91
 57 92
 128 93
 251 94
 394 95
 461 96
 662 97
 786 98
 1047 99
 1161 100
 1184 101
 1314 102
 1320 103
 1332 104
 1422 105
 1388 106
 1443 107
 1309 108
 1336 109
 1393 110
 1206 111
 1229 112
 1156 113
 1002 114
 1023 115
 895 116
 869 117
 852 118
 731 119
 683 120
 630 121
 601 122
 534 123
 471 124
 430 125
 355 126
 324 127
 332 128
 284 129
 286 130
 228 131
 227 132
 199 133
 187 134
 174 135
 144 136
 155 137
 119 138
 116 139
 120 140
 115 141
 88 142
 87 143
 68 144
 76 145
 71 146
 65 147
 66 148
 61 149
 48 150
 40 151
 53 152
 47 153
 50 154
 34 155
 38 156
 41 157
 35 158
 26 159
 25 160
 30 161
 27 162
 17 163
 20 164
 23 165
 16 166
 21 167
 16 168
 6 169
 13 170
 15 171
 14 172
 12 173
 14 174
 6 175
 6 176
 4 177
 6 178
 6 179
 7 180
 4 181
 5 182
 3 183
 5 184
 4 185
 7 186
 2 187
 5 188
 2 189
 7 190
 1 191
 1 192
 0 193
 1 194
 2 195
 4 196
 2 197
 4 198
 1 199
 0 200
 0 201
 1 202
 0 203
 0 204
 0 205
 1 206
 0 207
 0 208
 0 209
 1 210
 1 211
 2 212
 0 213
 0 214
 0 215
 0 216
 0 217
 0 218
 0 219
 0 220
 0 221
 0 222
 0 223
 0 224
 0 225
 1 226
 0 227
 1 228
 0 229
 0 230
 0 231
 0 232
 0 233
 1 234
 0 235
 0 236
 0 237
 0 238
 0 239
 0 240
 0 241
 0 242
 0 243
 0 244
 0 245
 0 246
 0 247
 0 248
 0 249
 0 250
 0 251
 0 252
 0 253
 0 254
 0 255
 0 256
 0 257
 0 258
 0 259
 0 260
 0 261
 0 262
 0 263
 0 264
 0 265
 0 266
 0 267
 0 268
 0 269
 0 270
 0 271
 0 272
 0 273
 0 274
 0 275
 0 276
 0 277
 0 278
 0 279
 1 280
 0 281
 1 282
 0 283
 0 284
 0 285
 0 286
 0 287
 0 288
 1 289
 0 290
 0 291
 0 292
 0 293
 0 294
 0 295
 0 296
 0 297
 0 298
 0 299
 0 300
 1 301
 1 302
 0 303
 0 304
 0 305
 3 306
 0 307
 1 308
 1 309
 1 310
 1 311
 0 312
 0 313
 0 314
 1 315
 1 316
 1 317
 1 318
 4 319
 0 320
 1 321
 1 322
 1 323
 1 324
 0 325
 2 326
 0 327
 1 328
 1 329
 2 330
 2 331
 1 332
 2 333
 1 334
 0 335
 1 336
 2 337
 1 338
 2 339
 2 340
 3 341
 2 342
 3 343
 1 344
 1 345
 2 346
 0 347
 2 348
 3 349
 3 350
 1 351
 1 352
 1 353
 1 354
 5 355
 0 356
 1 357
 1 358
 1 359
 2 360
 1 361
 0 362
 0 363
 2 364
 4 365
 1 366
 1 367
 0 368
 1 369
 1 370
 0 371
 1 372
 0 373
 0 374
 0 375
 0 376
 0 377
 0 378
 1 379
 2 380
 0 381
 0 382
 0 383
 1 384
 0 385
 2 386
 1 387
 0 388
 2 389
 1 390
 0 391
 0 392
 0 393
 0 394
 0 395
 0 396
 1 397
 0 398
 0 399
 0 400
 0 401
 0 402
 0 403
 0 404
 0 405
 1 406
 2 407
 0 408
 0 409
 0 410
 0 411
 0 412
 0 413
 0 414
 0 415
 0 416
 0 417
 0 418
 0 419
 0 420
 0 421
 0 422
 0 423
 0 424
 0 425
 0 426
 0 427
 0 428
 0 429
 0 430
 0 431
 0 432
 0 433
 0 434
 0 435
 0 436
 0 437
 0 438
 0 439
 0 440
 0 441
 0 442
 0 443
 0 444
 0 445
 0 446
 0 447
 0 448
 0 449
 0 450
 0 451
 0 452
 0 453
 0 454
 0 455
 0 456
 0 457
 0 458
 0 459
 0 460
 0 461
 0 462
 0 463
 0 464
 0 465
 0 466
 0 467
 0 468
 0 469
 0 470
 0 471
 0 472
 0 473
 0 474
 0 475
 0 476
 0 477
 0 478
 0 479
 0 480
 0 481
 0 482
 0 483
 0 484
 0 485
 0 486
 0 487
 0 488
 0 489
 0 490
 0 491
 0 492
 0 493
 0 494
 0 495
 0 496
 0 497
 0 498
 0 499
 0 500
 0 501
 0 502
 0 503
 0 504
 0 505
 0 506
 0 507
 0 508
 0 509
 0 510
 0 511
 0 512
 0 513
 0 514
 0 515
 0 516
 0 517
 0 518
 0 519
 0 520
 0 521
 0 522
 0 523
 0 524
 0 525
 0 526
 0 527
 0 528
 0 529
 0 530
 0 531
 0 532
 0 533
 0 534
 0 535
 0 536
 0 537
 0 538
 0 539
 0 540
 0 541
 0 542
 0 543
 0 544
 0 545
 0 546
 0 547
 0 548
 0 549
 0 550
 0 551
 0 552
 0 553
 0 554
 0 555
 0 556
 0 557
 0 558
 0 559
 0 560
 0 561
 0 562
 0 563
 0 564
 0 565
 0 566
 0 567
 0 568
 0 569
 0 570
 0 571
 0 572
 0 573
 0 574
 0 575
 0 576
 0 577
 0 578
 0 579
 0 580
 0 581
 0 582
 0 583
 0 584
 0 585
 0 586
 0 587
 0 588
 0 589
 0 590
 0 591
 0 592
 0 593
 0 594
 0 595
 0 596
 0 597
 0 598
 0 599
 0 600


