# Created by Octave 3.8.2, Mon Jun 22 06:42:08 2020 CEST <damian@fptrucha.inv.usc.es>
# name: hd
# type: matrix
# rows: 551
# columns: 2
 0 50
 0 51
 0 52
 0 53
 0 54
 0 55
 0 56
 0 57
 0 58
 0 59
 0 60
 0 61
 0 62
 0 63
 0 64
 0 65
 0 66
 0 67
 0 68
 0 69
 0 70
 0 71
 0 72
 0 73
 0 74
 0 75
 0 76
 0 77
 0 78
 0 79
 0 80
 0 81
 0 82
 0 83
 0 84
 0 85
 0 86
 0 87
 0 88
 1 89
 1 90
 5 91
 16 92
 60 93
 155 94
 347 95
 487 96
 593 97
 731 98
 961 99
 1298 100
 1486 101
 1463 102
 1524 103
 1581 104
 1466 105
 1498 106
 1403 107
 1422 108
 1364 109
 1365 110
 1206 111
 1103 112
 996 113
 994 114
 859 115
 800 116
 765 117
 725 118
 585 119
 522 120
 467 121
 405 122
 369 123
 354 124
 304 125
 326 126
 267 127
 239 128
 215 129
 190 130
 150 131
 151 132
 161 133
 138 134
 115 135
 107 136
 90 137
 117 138
 82 139
 103 140
 69 141
 66 142
 61 143
 66 144
 62 145
 56 146
 57 147
 52 148
 48 149
 39 150
 38 151
 40 152
 27 153
 35 154
 27 155
 36 156
 30 157
 26 158
 18 159
 21 160
 25 161
 24 162
 18 163
 16 164
 24 165
 19 166
 13 167
 14 168
 11 169
 9 170
 6 171
 12 172
 11 173
 8 174
 13 175
 8 176
 8 177
 3 178
 7 179
 5 180
 7 181
 7 182
 3 183
 7 184
 5 185
 6 186
 4 187
 4 188
 2 189
 2 190
 1 191
 4 192
 3 193
 2 194
 2 195
 0 196
 0 197
 0 198
 3 199
 0 200
 0 201
 0 202
 0 203
 1 204
 0 205
 0 206
 0 207
 1 208
 0 209
 0 210
 0 211
 1 212
 0 213
 1 214
 0 215
 0 216
 0 217
 0 218
 1 219
 0 220
 0 221
 1 222
 1 223
 0 224
 0 225
 1 226
 0 227
 0 228
 0 229
 0 230
 0 231
 0 232
 0 233
 0 234
 0 235
 0 236
 0 237
 0 238
 0 239
 0 240
 0 241
 0 242
 0 243
 0 244
 0 245
 0 246
 0 247
 0 248
 0 249
 0 250
 0 251
 0 252
 0 253
 0 254
 0 255
 0 256
 0 257
 0 258
 0 259
 0 260
 0 261
 0 262
 0 263
 0 264
 0 265
 0 266
 0 267
 0 268
 0 269
 0 270
 0 271
 0 272
 0 273
 0 274
 0 275
 0 276
 0 277
 0 278
 0 279
 0 280
 1 281
 0 282
 0 283
 0 284
 0 285
 1 286
 0 287
 0 288
 0 289
 2 290
 0 291
 0 292
 0 293
 2 294
 0 295
 0 296
 0 297
 4 298
 0 299
 0 300
 1 301
 1 302
 0 303
 0 304
 3 305
 1 306
 0 307
 2 308
 1 309
 3 310
 2 311
 1 312
 1 313
 2 314
 0 315
 1 316
 0 317
 1 318
 0 319
 1 320
 1 321
 1 322
 0 323
 3 324
 0 325
 0 326
 1 327
 0 328
 0 329
 1 330
 1 331
 4 332
 0 333
 1 334
 6 335
 0 336
 2 337
 0 338
 0 339
 2 340
 3 341
 2 342
 1 343
 1 344
 2 345
 0 346
 3 347
 1 348
 1 349
 2 350
 1 351
 0 352
 1 353
 4 354
 2 355
 0 356
 1 357
 3 358
 1 359
 1 360
 3 361
 3 362
 1 363
 0 364
 0 365
 2 366
 2 367
 0 368
 1 369
 1 370
 1 371
 1 372
 0 373
 1 374
 1 375
 2 376
 0 377
 0 378
 2 379
 1 380
 0 381
 1 382
 0 383
 0 384
 1 385
 0 386
 1 387
 0 388
 0 389
 1 390
 0 391
 1 392
 1 393
 0 394
 0 395
 0 396
 1 397
 0 398
 0 399
 0 400
 0 401
 0 402
 0 403
 1 404
 0 405
 0 406
 0 407
 0 408
 0 409
 0 410
 0 411
 0 412
 0 413
 0 414
 0 415
 0 416
 0 417
 0 418
 0 419
 0 420
 0 421
 0 422
 0 423
 0 424
 0 425
 0 426
 0 427
 0 428
 0 429
 0 430
 0 431
 0 432
 0 433
 0 434
 0 435
 0 436
 0 437
 0 438
 0 439
 0 440
 0 441
 0 442
 0 443
 0 444
 0 445
 0 446
 0 447
 0 448
 0 449
 0 450
 0 451
 0 452
 0 453
 0 454
 0 455
 0 456
 0 457
 0 458
 0 459
 0 460
 0 461
 0 462
 0 463
 0 464
 0 465
 0 466
 0 467
 0 468
 0 469
 0 470
 0 471
 0 472
 0 473
 0 474
 0 475
 0 476
 0 477
 0 478
 0 479
 0 480
 0 481
 0 482
 0 483
 0 484
 0 485
 0 486
 0 487
 0 488
 0 489
 0 490
 0 491
 0 492
 0 493
 0 494
 0 495
 0 496
 0 497
 0 498
 0 499
 0 500
 0 501
 0 502
 0 503
 0 504
 0 505
 0 506
 0 507
 0 508
 0 509
 0 510
 0 511
 0 512
 0 513
 0 514
 0 515
 0 516
 0 517
 0 518
 0 519
 0 520
 0 521
 0 522
 0 523
 0 524
 0 525
 0 526
 0 527
 0 528
 0 529
 0 530
 0 531
 0 532
 0 533
 0 534
 0 535
 0 536
 0 537
 0 538
 0 539
 0 540
 0 541
 0 542
 0 543
 0 544
 0 545
 0 546
 0 547
 0 548
 0 549
 0 550
 0 551
 0 552
 0 553
 0 554
 0 555
 0 556
 0 557
 0 558
 0 559
 0 560
 0 561
 0 562
 0 563
 0 564
 0 565
 0 566
 0 567
 0 568
 0 569
 0 570
 0 571
 0 572
 0 573
 0 574
 0 575
 0 576
 0 577
 0 578
 0 579
 0 580
 0 581
 0 582
 0 583
 0 584
 0 585
 0 586
 0 587
 0 588
 0 589
 0 590
 0 591
 0 592
 0 593
 0 594
 0 595
 0 596
 0 597
 0 598
 0 599
 0 600


