# Created by Octave 3.8.2, Mon Jun 22 14:26:47 2020 CEST <damian@fptrucha.inv.usc.es>
# name: hd
# type: matrix
# rows: 551
# columns: 2
 0 50
 0 51
 0 52
 0 53
 0 54
 0 55
 0 56
 0 57
 0 58
 0 59
 0 60
 0 61
 0 62
 0 63
 0 64
 0 65
 0 66
 0 67
 0 68
 0 69
 0 70
 0 71
 0 72
 0 73
 0 74
 0 75
 0 76
 0 77
 0 78
 0 79
 0 80
 0 81
 0 82
 0 83
 0 84
 0 85
 0 86
 0 87
 0 88
 1 89
 2 90
 13 91
 31 92
 86 93
 216 94
 367 95
 517 96
 600 97
 775 98
 1097 99
 1456 100
 1437 101
 1531 102
 1511 103
 1601 104
 1629 105
 1472 106
 1522 107
 1474 108
 1414 109
 1338 110
 1246 111
 1196 112
 1127 113
 1002 114
 918 115
 879 116
 773 117
 685 118
 630 119
 576 120
 565 121
 487 122
 440 123
 424 124
 329 125
 326 126
 263 127
 242 128
 233 129
 195 130
 172 131
 202 132
 164 133
 136 134
 149 135
 140 136
 118 137
 92 138
 90 139
 98 140
 71 141
 80 142
 101 143
 63 144
 60 145
 72 146
 55 147
 60 148
 55 149
 42 150
 47 151
 37 152
 41 153
 54 154
 36 155
 44 156
 32 157
 28 158
 24 159
 33 160
 24 161
 20 162
 18 163
 13 164
 20 165
 14 166
 17 167
 12 168
 17 169
 9 170
 20 171
 7 172
 10 173
 10 174
 10 175
 6 176
 7 177
 10 178
 10 179
 1 180
 11 181
 6 182
 6 183
 7 184
 7 185
 12 186
 7 187
 3 188
 4 189
 7 190
 3 191
 2 192
 0 193
 4 194
 1 195
 0 196
 1 197
 2 198
 0 199
 1 200
 1 201
 2 202
 3 203
 2 204
 1 205
 0 206
 0 207
 2 208
 0 209
 0 210
 1 211
 2 212
 0 213
 1 214
 0 215
 1 216
 0 217
 0 218
 3 219
 0 220
 2 221
 0 222
 1 223
 0 224
 1 225
 0 226
 0 227
 0 228
 0 229
 0 230
 0 231
 0 232
 0 233
 0 234
 0 235
 0 236
 0 237
 0 238
 0 239
 0 240
 0 241
 0 242
 0 243
 0 244
 0 245
 0 246
 0 247
 0 248
 0 249
 0 250
 0 251
 0 252
 0 253
 0 254
 0 255
 0 256
 0 257
 0 258
 0 259
 0 260
 0 261
 0 262
 0 263
 0 264
 0 265
 0 266
 0 267
 0 268
 0 269
 0 270
 0 271
 0 272
 0 273
 0 274
 0 275
 0 276
 0 277
 0 278
 0 279
 0 280
 0 281
 0 282
 0 283
 0 284
 0 285
 0 286
 0 287
 1 288
 0 289
 1 290
 0 291
 1 292
 1 293
 0 294
 0 295
 0 296
 2 297
 1 298
 0 299
 0 300
 0 301
 3 302
 0 303
 2 304
 3 305
 1 306
 1 307
 0 308
 3 309
 1 310
 2 311
 0 312
 2 313
 2 314
 0 315
 0 316
 4 317
 1 318
 2 319
 2 320
 0 321
 1 322
 1 323
 0 324
 6 325
 1 326
 2 327
 1 328
 1 329
 1 330
 2 331
 0 332
 0 333
 2 334
 1 335
 4 336
 1 337
 3 338
 4 339
 2 340
 3 341
 1 342
 1 343
 3 344
 4 345
 2 346
 1 347
 2 348
 4 349
 0 350
 5 351
 2 352
 0 353
 1 354
 0 355
 0 356
 1 357
 4 358
 0 359
 1 360
 1 361
 1 362
 0 363
 1 364
 0 365
 1 366
 0 367
 2 368
 0 369
 0 370
 0 371
 2 372
 1 373
 1 374
 1 375
 1 376
 0 377
 1 378
 2 379
 0 380
 0 381
 1 382
 1 383
 0 384
 0 385
 1 386
 0 387
 0 388
 0 389
 1 390
 1 391
 0 392
 0 393
 0 394
 1 395
 0 396
 0 397
 0 398
 0 399
 0 400
 0 401
 0 402
 1 403
 0 404
 1 405
 0 406
 0 407
 0 408
 0 409
 0 410
 0 411
 0 412
 0 413
 0 414
 0 415
 0 416
 0 417
 0 418
 0 419
 0 420
 0 421
 0 422
 0 423
 0 424
 0 425
 0 426
 0 427
 0 428
 0 429
 0 430
 0 431
 0 432
 0 433
 0 434
 0 435
 0 436
 0 437
 0 438
 0 439
 0 440
 0 441
 0 442
 0 443
 0 444
 0 445
 0 446
 0 447
 0 448
 0 449
 0 450
 0 451
 0 452
 0 453
 0 454
 0 455
 0 456
 0 457
 0 458
 0 459
 0 460
 0 461
 0 462
 0 463
 0 464
 0 465
 0 466
 0 467
 0 468
 0 469
 0 470
 0 471
 0 472
 0 473
 0 474
 0 475
 0 476
 0 477
 0 478
 0 479
 0 480
 0 481
 0 482
 0 483
 0 484
 0 485
 0 486
 0 487
 0 488
 0 489
 0 490
 0 491
 0 492
 0 493
 0 494
 0 495
 0 496
 0 497
 0 498
 0 499
 0 500
 0 501
 0 502
 0 503
 0 504
 0 505
 0 506
 0 507
 0 508
 0 509
 0 510
 0 511
 0 512
 0 513
 0 514
 0 515
 0 516
 0 517
 0 518
 0 519
 0 520
 0 521
 0 522
 0 523
 0 524
 0 525
 0 526
 0 527
 0 528
 0 529
 0 530
 0 531
 0 532
 0 533
 0 534
 0 535
 0 536
 0 537
 0 538
 0 539
 0 540
 0 541
 0 542
 0 543
 0 544
 0 545
 0 546
 0 547
 0 548
 0 549
 0 550
 0 551
 0 552
 0 553
 0 554
 0 555
 0 556
 0 557
 0 558
 0 559
 0 560
 0 561
 0 562
 0 563
 0 564
 0 565
 0 566
 0 567
 0 568
 0 569
 0 570
 0 571
 0 572
 0 573
 0 574
 0 575
 0 576
 0 577
 0 578
 0 579
 0 580
 0 581
 0 582
 0 583
 0 584
 0 585
 0 586
 0 587
 0 588
 0 589
 0 590
 0 591
 0 592
 0 593
 0 594
 0 595
 0 596
 0 597
 0 598
 0 599
 0 600


