# Created by Octave 3.8.2, Mon Jun 22 01:54:42 2020 CEST <damian@fptrucha.inv.usc.es>
# name: hd
# type: matrix
# rows: 551
# columns: 2
 0 50
 0 51
 0 52
 0 53
 0 54
 0 55
 0 56
 0 57
 0 58
 0 59
 0 60
 0 61
 0 62
 0 63
 0 64
 0 65
 0 66
 0 67
 0 68
 0 69
 0 70
 0 71
 0 72
 0 73
 0 74
 0 75
 0 76
 0 77
 0 78
 0 79
 0 80
 0 81
 0 82
 0 83
 0 84
 0 85
 0 86
 0 87
 0 88
 0 89
 1 90
 6 91
 21 92
 69 93
 175 94
 319 95
 485 96
 609 97
 736 98
 950 99
 1300 100
 1421 101
 1458 102
 1618 103
 1607 104
 1516 105
 1611 106
 1622 107
 1618 108
 1471 109
 1400 110
 1264 111
 1249 112
 1165 113
 1056 114
 1013 115
 975 116
 851 117
 771 118
 700 119
 584 120
 542 121
 487 122
 495 123
 434 124
 352 125
 346 126
 312 127
 298 128
 241 129
 221 130
 193 131
 181 132
 191 133
 136 134
 137 135
 103 136
 101 137
 108 138
 90 139
 80 140
 71 141
 61 142
 69 143
 80 144
 67 145
 45 146
 51 147
 49 148
 39 149
 31 150
 35 151
 37 152
 30 153
 28 154
 26 155
 29 156
 32 157
 17 158
 23 159
 23 160
 16 161
 20 162
 14 163
 11 164
 14 165
 24 166
 14 167
 16 168
 6 169
 11 170
 5 171
 8 172
 7 173
 4 174
 7 175
 8 176
 5 177
 3 178
 2 179
 5 180
 6 181
 5 182
 2 183
 3 184
 3 185
 2 186
 0 187
 3 188
 3 189
 2 190
 2 191
 3 192
 2 193
 0 194
 0 195
 2 196
 0 197
 1 198
 1 199
 1 200
 1 201
 0 202
 1 203
 0 204
 1 205
 0 206
 0 207
 0 208
 0 209
 1 210
 0 211
 0 212
 0 213
 0 214
 1 215
 0 216
 0 217
 0 218
 0 219
 1 220
 0 221
 0 222
 0 223
 1 224
 1 225
 0 226
 0 227
 0 228
 0 229
 1 230
 0 231
 0 232
 0 233
 0 234
 0 235
 0 236
 0 237
 0 238
 0 239
 0 240
 0 241
 0 242
 0 243
 0 244
 0 245
 0 246
 0 247
 0 248
 0 249
 0 250
 0 251
 0 252
 0 253
 0 254
 0 255
 0 256
 0 257
 0 258
 0 259
 0 260
 0 261
 0 262
 0 263
 0 264
 0 265
 0 266
 0 267
 0 268
 0 269
 0 270
 0 271
 0 272
 0 273
 0 274
 0 275
 0 276
 0 277
 0 278
 0 279
 1 280
 0 281
 1 282
 0 283
 0 284
 0 285
 0 286
 0 287
 0 288
 0 289
 0 290
 0 291
 0 292
 0 293
 0 294
 0 295
 0 296
 0 297
 0 298
 0 299
 0 300
 0 301
 0 302
 1 303
 1 304
 1 305
 3 306
 0 307
 0 308
 1 309
 2 310
 0 311
 1 312
 1 313
 0 314
 1 315
 0 316
 0 317
 0 318
 1 319
 4 320
 0 321
 0 322
 1 323
 0 324
 2 325
 0 326
 0 327
 1 328
 1 329
 1 330
 4 331
 1 332
 2 333
 0 334
 1 335
 1 336
 1 337
 0 338
 1 339
 1 340
 1 341
 2 342
 1 343
 0 344
 0 345
 0 346
 0 347
 0 348
 0 349
 0 350
 0 351
 0 352
 1 353
 2 354
 2 355
 1 356
 0 357
 1 358
 1 359
 0 360
 1 361
 1 362
 1 363
 0 364
 2 365
 0 366
 2 367
 0 368
 0 369
 1 370
 0 371
 0 372
 1 373
 0 374
 0 375
 1 376
 0 377
 2 378
 0 379
 0 380
 1 381
 1 382
 1 383
 0 384
 0 385
 0 386
 0 387
 1 388
 0 389
 0 390
 2 391
 0 392
 0 393
 0 394
 0 395
 1 396
 1 397
 0 398
 0 399
 0 400
 0 401
 0 402
 0 403
 0 404
 0 405
 0 406
 0 407
 1 408
 0 409
 0 410
 0 411
 0 412
 0 413
 1 414
 0 415
 0 416
 1 417
 0 418
 0 419
 0 420
 0 421
 0 422
 0 423
 0 424
 0 425
 1 426
 1 427
 0 428
 0 429
 0 430
 0 431
 0 432
 0 433
 0 434
 0 435
 0 436
 0 437
 0 438
 0 439
 0 440
 0 441
 0 442
 0 443
 0 444
 0 445
 0 446
 0 447
 0 448
 0 449
 0 450
 0 451
 0 452
 0 453
 0 454
 0 455
 0 456
 0 457
 0 458
 0 459
 0 460
 0 461
 0 462
 0 463
 0 464
 0 465
 0 466
 0 467
 0 468
 0 469
 0 470
 0 471
 0 472
 0 473
 0 474
 0 475
 0 476
 0 477
 0 478
 0 479
 0 480
 0 481
 0 482
 0 483
 0 484
 0 485
 0 486
 0 487
 0 488
 0 489
 0 490
 0 491
 0 492
 0 493
 0 494
 0 495
 0 496
 0 497
 0 498
 0 499
 0 500
 0 501
 0 502
 0 503
 0 504
 0 505
 0 506
 0 507
 0 508
 0 509
 0 510
 0 511
 0 512
 0 513
 0 514
 0 515
 0 516
 0 517
 0 518
 0 519
 0 520
 0 521
 0 522
 0 523
 0 524
 0 525
 0 526
 0 527
 0 528
 0 529
 0 530
 0 531
 0 532
 0 533
 0 534
 0 535
 0 536
 0 537
 0 538
 0 539
 0 540
 0 541
 0 542
 0 543
 0 544
 0 545
 0 546
 0 547
 0 548
 0 549
 0 550
 0 551
 0 552
 0 553
 0 554
 0 555
 0 556
 0 557
 0 558
 0 559
 0 560
 0 561
 0 562
 0 563
 0 564
 0 565
 0 566
 0 567
 0 568
 0 569
 0 570
 0 571
 0 572
 0 573
 0 574
 0 575
 0 576
 0 577
 0 578
 0 579
 0 580
 0 581
 0 582
 0 583
 0 584
 0 585
 0 586
 0 587
 0 588
 0 589
 0 590
 0 591
 0 592
 0 593
 0 594
 0 595
 0 596
 0 597
 0 598
 0 599
 0 600


