# Created by Octave 3.8.2, Mon Jun 22 05:01:02 2020 CEST <damian@fptrucha.inv.usc.es>
# name: hd
# type: matrix
# rows: 551
# columns: 2
 0 50
 0 51
 0 52
 0 53
 0 54
 0 55
 0 56
 0 57
 0 58
 0 59
 0 60
 0 61
 0 62
 0 63
 0 64
 0 65
 0 66
 0 67
 0 68
 0 69
 0 70
 0 71
 0 72
 0 73
 0 74
 0 75
 0 76
 0 77
 0 78
 0 79
 0 80
 0 81
 0 82
 0 83
 0 84
 0 85
 0 86
 0 87
 0 88
 1 89
 1 90
 10 91
 13 92
 68 93
 160 94
 320 95
 506 96
 568 97
 740 98
 954 99
 1241 100
 1383 101
 1491 102
 1431 103
 1474 104
 1450 105
 1414 106
 1452 107
 1421 108
 1279 109
 1175 110
 1151 111
 1080 112
 956 113
 886 114
 811 115
 753 116
 659 117
 646 118
 579 119
 493 120
 475 121
 429 122
 355 123
 329 124
 284 125
 269 126
 241 127
 211 128
 202 129
 179 130
 155 131
 151 132
 143 133
 138 134
 114 135
 80 136
 111 137
 113 138
 76 139
 75 140
 74 141
 78 142
 60 143
 53 144
 52 145
 54 146
 48 147
 39 148
 42 149
 56 150
 25 151
 25 152
 25 153
 32 154
 33 155
 41 156
 26 157
 20 158
 25 159
 24 160
 18 161
 14 162
 17 163
 16 164
 16 165
 20 166
 18 167
 14 168
 12 169
 12 170
 4 171
 8 172
 16 173
 20 174
 11 175
 13 176
 5 177
 7 178
 5 179
 4 180
 4 181
 1 182
 7 183
 4 184
 1 185
 6 186
 4 187
 0 188
 2 189
 2 190
 1 191
 4 192
 5 193
 1 194
 3 195
 2 196
 3 197
 1 198
 2 199
 1 200
 1 201
 3 202
 4 203
 0 204
 2 205
 0 206
 1 207
 1 208
 0 209
 0 210
 2 211
 0 212
 0 213
 0 214
 1 215
 1 216
 0 217
 0 218
 0 219
 1 220
 0 221
 1 222
 0 223
 0 224
 0 225
 0 226
 0 227
 0 228
 0 229
 0 230
 0 231
 0 232
 0 233
 1 234
 0 235
 0 236
 0 237
 0 238
 0 239
 0 240
 0 241
 0 242
 0 243
 0 244
 0 245
 0 246
 0 247
 0 248
 0 249
 0 250
 0 251
 0 252
 0 253
 0 254
 0 255
 0 256
 0 257
 0 258
 0 259
 0 260
 0 261
 0 262
 0 263
 0 264
 0 265
 0 266
 0 267
 0 268
 0 269
 0 270
 0 271
 0 272
 0 273
 0 274
 0 275
 0 276
 0 277
 0 278
 0 279
 0 280
 0 281
 0 282
 0 283
 0 284
 0 285
 0 286
 0 287
 0 288
 0 289
 0 290
 0 291
 1 292
 1 293
 1 294
 1 295
 0 296
 2 297
 0 298
 0 299
 0 300
 0 301
 0 302
 0 303
 1 304
 0 305
 2 306
 0 307
 0 308
 1 309
 0 310
 2 311
 1 312
 2 313
 2 314
 7 315
 1 316
 1 317
 0 318
 0 319
 2 320
 2 321
 2 322
 0 323
 1 324
 1 325
 1 326
 1 327
 0 328
 3 329
 0 330
 2 331
 0 332
 1 333
 2 334
 1 335
 1 336
 1 337
 1 338
 1 339
 1 340
 1 341
 3 342
 0 343
 1 344
 2 345
 1 346
 2 347
 3 348
 1 349
 0 350
 1 351
 2 352
 3 353
 0 354
 0 355
 2 356
 2 357
 5 358
 0 359
 1 360
 1 361
 3 362
 1 363
 1 364
 1 365
 1 366
 0 367
 1 368
 0 369
 2 370
 3 371
 0 372
 0 373
 0 374
 0 375
 0 376
 0 377
 1 378
 0 379
 0 380
 1 381
 2 382
 0 383
 0 384
 1 385
 0 386
 0 387
 0 388
 0 389
 0 390
 0 391
 0 392
 0 393
 0 394
 1 395
 0 396
 0 397
 0 398
 0 399
 0 400
 0 401
 0 402
 0 403
 0 404
 0 405
 1 406
 0 407
 0 408
 0 409
 0 410
 0 411
 0 412
 0 413
 1 414
 0 415
 0 416
 0 417
 0 418
 0 419
 0 420
 0 421
 0 422
 0 423
 0 424
 0 425
 0 426
 0 427
 0 428
 0 429
 0 430
 0 431
 0 432
 0 433
 0 434
 0 435
 0 436
 0 437
 0 438
 0 439
 0 440
 0 441
 0 442
 0 443
 0 444
 0 445
 0 446
 0 447
 0 448
 0 449
 0 450
 0 451
 0 452
 0 453
 0 454
 0 455
 0 456
 0 457
 0 458
 0 459
 0 460
 0 461
 0 462
 0 463
 0 464
 0 465
 0 466
 0 467
 0 468
 0 469
 0 470
 0 471
 0 472
 0 473
 0 474
 0 475
 0 476
 0 477
 0 478
 0 479
 0 480
 0 481
 0 482
 0 483
 0 484
 0 485
 0 486
 0 487
 0 488
 0 489
 0 490
 0 491
 0 492
 0 493
 0 494
 0 495
 0 496
 0 497
 0 498
 0 499
 0 500
 0 501
 0 502
 0 503
 0 504
 0 505
 0 506
 0 507
 0 508
 0 509
 0 510
 0 511
 0 512
 0 513
 0 514
 0 515
 0 516
 0 517
 0 518
 0 519
 0 520
 0 521
 0 522
 0 523
 0 524
 0 525
 0 526
 0 527
 0 528
 0 529
 0 530
 0 531
 0 532
 0 533
 0 534
 0 535
 0 536
 0 537
 0 538
 0 539
 0 540
 0 541
 0 542
 0 543
 0 544
 0 545
 0 546
 0 547
 0 548
 0 549
 0 550
 0 551
 0 552
 0 553
 0 554
 0 555
 0 556
 0 557
 0 558
 0 559
 0 560
 0 561
 0 562
 0 563
 0 564
 0 565
 0 566
 0 567
 0 568
 0 569
 0 570
 0 571
 0 572
 0 573
 0 574
 0 575
 0 576
 0 577
 0 578
 0 579
 0 580
 0 581
 0 582
 0 583
 0 584
 0 585
 0 586
 0 587
 0 588
 0 589
 0 590
 0 591
 0 592
 0 593
 0 594
 0 595
 0 596
 0 597
 0 598
 0 599
 0 600


