# Created by Octave 3.8.2, Sat Jun 20 09:50:39 2020 CEST <damian@fptrucha.inv.usc.es>
# name: hd
# type: matrix
# rows: 551
# columns: 2
 0 50
 0 51
 0 52
 0 53
 0 54
 0 55
 0 56
 0 57
 0 58
 0 59
 0 60
 0 61
 0 62
 0 63
 0 64
 0 65
 0 66
 0 67
 0 68
 0 69
 0 70
 0 71
 0 72
 0 73
 0 74
 0 75
 0 76
 0 77
 0 78
 0 79
 0 80
 0 81
 0 82
 0 83
 0 84
 0 85
 0 86
 0 87
 0 88
 0 89
 6 90
 15 91
 55 92
 158 93
 297 94
 465 95
 585 96
 732 97
 1054 98
 1231 99
 1421 100
 1576 101
 1630 102
 1686 103
 1630 104
 1765 105
 1619 106
 1616 107
 1514 108
 1512 109
 1495 110
 1420 111
 1232 112
 1293 113
 1182 114
 1098 115
 950 116
 970 117
 878 118
 759 119
 671 120
 613 121
 582 122
 539 123
 450 124
 431 125
 421 126
 350 127
 327 128
 264 129
 266 130
 242 131
 221 132
 215 133
 178 134
 155 135
 162 136
 147 137
 112 138
 116 139
 98 140
 102 141
 83 142
 71 143
 82 144
 79 145
 76 146
 63 147
 72 148
 53 149
 57 150
 39 151
 41 152
 31 153
 26 154
 40 155
 34 156
 28 157
 35 158
 26 159
 28 160
 18 161
 18 162
 21 163
 21 164
 21 165
 13 166
 23 167
 7 168
 13 169
 8 170
 14 171
 19 172
 9 173
 6 174
 8 175
 4 176
 6 177
 6 178
 5 179
 5 180
 4 181
 7 182
 3 183
 0 184
 4 185
 4 186
 6 187
 3 188
 3 189
 4 190
 2 191
 3 192
 0 193
 2 194
 1 195
 0 196
 0 197
 2 198
 0 199
 1 200
 1 201
 3 202
 1 203
 0 204
 0 205
 1 206
 2 207
 1 208
 0 209
 0 210
 2 211
 0 212
 0 213
 0 214
 0 215
 0 216
 0 217
 0 218
 0 219
 2 220
 0 221
 0 222
 0 223
 0 224
 1 225
 0 226
 0 227
 0 228
 0 229
 1 230
 0 231
 0 232
 0 233
 0 234
 0 235
 0 236
 0 237
 1 238
 0 239
 0 240
 0 241
 0 242
 0 243
 0 244
 0 245
 0 246
 0 247
 0 248
 0 249
 0 250
 0 251
 0 252
 1 253
 0 254
 1 255
 0 256
 0 257
 0 258
 0 259
 0 260
 0 261
 0 262
 0 263
 0 264
 0 265
 0 266
 0 267
 0 268
 0 269
 0 270
 0 271
 0 272
 0 273
 0 274
 0 275
 0 276
 0 277
 0 278
 0 279
 0 280
 1 281
 0 282
 0 283
 0 284
 0 285
 0 286
 0 287
 0 288
 1 289
 0 290
 0 291
 0 292
 0 293
 0 294
 0 295
 2 296
 1 297
 1 298
 1 299
 0 300
 1 301
 0 302
 0 303
 1 304
 3 305
 0 306
 1 307
 2 308
 0 309
 2 310
 2 311
 1 312
 1 313
 1 314
 1 315
 0 316
 1 317
 3 318
 1 319
 1 320
 0 321
 2 322
 1 323
 3 324
 1 325
 3 326
 0 327
 2 328
 3 329
 2 330
 2 331
 4 332
 1 333
 1 334
 2 335
 2 336
 2 337
 3 338
 0 339
 1 340
 2 341
 2 342
 0 343
 4 344
 2 345
 2 346
 2 347
 1 348
 1 349
 0 350
 1 351
 3 352
 2 353
 1 354
 1 355
 2 356
 1 357
 2 358
 0 359
 1 360
 1 361
 1 362
 1 363
 3 364
 1 365
 0 366
 1 367
 0 368
 0 369
 0 370
 0 371
 0 372
 0 373
 0 374
 0 375
 1 376
 0 377
 0 378
 1 379
 0 380
 0 381
 1 382
 0 383
 1 384
 1 385
 0 386
 1 387
 0 388
 0 389
 1 390
 0 391
 1 392
 2 393
 0 394
 0 395
 0 396
 0 397
 2 398
 0 399
 0 400
 0 401
 0 402
 0 403
 0 404
 0 405
 0 406
 0 407
 0 408
 0 409
 0 410
 0 411
 0 412
 0 413
 0 414
 0 415
 0 416
 0 417
 0 418
 0 419
 0 420
 0 421
 0 422
 0 423
 0 424
 0 425
 0 426
 0 427
 0 428
 0 429
 0 430
 0 431
 0 432
 0 433
 0 434
 0 435
 0 436
 0 437
 0 438
 0 439
 0 440
 0 441
 0 442
 0 443
 0 444
 0 445
 0 446
 0 447
 0 448
 0 449
 0 450
 0 451
 0 452
 0 453
 0 454
 0 455
 0 456
 0 457
 0 458
 0 459
 0 460
 0 461
 0 462
 0 463
 0 464
 0 465
 0 466
 0 467
 0 468
 0 469
 0 470
 0 471
 0 472
 0 473
 0 474
 0 475
 0 476
 0 477
 0 478
 0 479
 0 480
 0 481
 0 482
 0 483
 0 484
 0 485
 0 486
 0 487
 0 488
 0 489
 0 490
 0 491
 0 492
 0 493
 0 494
 0 495
 0 496
 0 497
 0 498
 0 499
 0 500
 0 501
 0 502
 0 503
 0 504
 0 505
 0 506
 0 507
 0 508
 0 509
 0 510
 0 511
 0 512
 0 513
 0 514
 0 515
 0 516
 0 517
 0 518
 0 519
 0 520
 0 521
 0 522
 0 523
 0 524
 0 525
 0 526
 0 527
 0 528
 0 529
 0 530
 0 531
 0 532
 0 533
 0 534
 0 535
 0 536
 0 537
 0 538
 0 539
 0 540
 0 541
 0 542
 0 543
 0 544
 0 545
 0 546
 0 547
 0 548
 0 549
 0 550
 0 551
 0 552
 0 553
 0 554
 0 555
 0 556
 0 557
 0 558
 0 559
 0 560
 0 561
 0 562
 0 563
 0 564
 0 565
 0 566
 0 567
 0 568
 0 569
 0 570
 0 571
 0 572
 0 573
 0 574
 0 575
 0 576
 0 577
 0 578
 0 579
 0 580
 0 581
 0 582
 0 583
 0 584
 0 585
 0 586
 0 587
 0 588
 0 589
 0 590
 0 591
 0 592
 0 593
 0 594
 0 595
 0 596
 0 597
 0 598
 0 599
 0 600


