# Created by Octave 3.8.2, Sat Jun 20 15:04:07 2020 CEST <damian@fptrucha.inv.usc.es>
# name: hd
# type: matrix
# rows: 551
# columns: 2
 0 50
 0 51
 0 52
 0 53
 0 54
 0 55
 0 56
 0 57
 0 58
 0 59
 0 60
 0 61
 0 62
 0 63
 0 64
 0 65
 0 66
 0 67
 0 68
 0 69
 0 70
 0 71
 0 72
 0 73
 0 74
 0 75
 0 76
 0 77
 0 78
 0 79
 0 80
 0 81
 0 82
 0 83
 0 84
 0 85
 0 86
 0 87
 0 88
 0 89
 9 90
 10 91
 71 92
 142 93
 240 94
 378 95
 503 96
 607 97
 910 98
 1063 99
 1168 100
 1268 101
 1338 102
 1315 103
 1356 104
 1421 105
 1408 106
 1464 107
 1358 108
 1362 109
 1376 110
 1237 111
 1149 112
 1162 113
 1090 114
 1076 115
 954 116
 923 117
 833 118
 760 119
 675 120
 645 121
 560 122
 523 123
 540 124
 495 125
 392 126
 382 127
 317 128
 320 129
 286 130
 247 131
 234 132
 201 133
 209 134
 171 135
 169 136
 151 137
 141 138
 119 139
 110 140
 117 141
 92 142
 87 143
 91 144
 70 145
 72 146
 74 147
 60 148
 45 149
 44 150
 51 151
 49 152
 37 153
 43 154
 48 155
 25 156
 38 157
 24 158
 28 159
 29 160
 20 161
 27 162
 23 163
 19 164
 26 165
 12 166
 12 167
 14 168
 15 169
 11 170
 11 171
 5 172
 8 173
 7 174
 13 175
 4 176
 3 177
 7 178
 8 179
 3 180
 8 181
 8 182
 10 183
 7 184
 4 185
 4 186
 3 187
 4 188
 3 189
 5 190
 4 191
 2 192
 2 193
 3 194
 3 195
 2 196
 0 197
 2 198
 2 199
 0 200
 2 201
 2 202
 0 203
 0 204
 0 205
 0 206
 2 207
 0 208
 0 209
 1 210
 0 211
 2 212
 1 213
 0 214
 0 215
 0 216
 0 217
 0 218
 0 219
 0 220
 0 221
 0 222
 0 223
 1 224
 0 225
 0 226
 0 227
 0 228
 0 229
 0 230
 0 231
 1 232
 0 233
 0 234
 0 235
 1 236
 0 237
 0 238
 0 239
 0 240
 0 241
 0 242
 0 243
 0 244
 0 245
 0 246
 0 247
 0 248
 0 249
 0 250
 0 251
 0 252
 0 253
 0 254
 0 255
 0 256
 0 257
 0 258
 0 259
 1 260
 0 261
 0 262
 0 263
 0 264
 0 265
 0 266
 0 267
 0 268
 0 269
 0 270
 0 271
 0 272
 1 273
 0 274
 0 275
 0 276
 0 277
 0 278
 0 279
 1 280
 0 281
 0 282
 1 283
 0 284
 0 285
 1 286
 0 287
 0 288
 0 289
 0 290
 0 291
 0 292
 0 293
 0 294
 0 295
 0 296
 0 297
 0 298
 1 299
 3 300
 0 301
 0 302
 0 303
 1 304
 0 305
 1 306
 1 307
 1 308
 0 309
 0 310
 2 311
 0 312
 1 313
 0 314
 0 315
 0 316
 0 317
 1 318
 1 319
 3 320
 0 321
 2 322
 0 323
 2 324
 0 325
 1 326
 4 327
 0 328
 2 329
 1 330
 2 331
 0 332
 0 333
 0 334
 3 335
 0 336
 0 337
 3 338
 3 339
 3 340
 0 341
 2 342
 1 343
 2 344
 2 345
 1 346
 2 347
 1 348
 1 349
 2 350
 0 351
 2 352
 2 353
 0 354
 2 355
 1 356
 1 357
 0 358
 1 359
 1 360
 0 361
 4 362
 0 363
 1 364
 1 365
 1 366
 0 367
 2 368
 1 369
 1 370
 1 371
 1 372
 1 373
 0 374
 1 375
 1 376
 1 377
 1 378
 0 379
 1 380
 1 381
 1 382
 0 383
 0 384
 1 385
 0 386
 0 387
 0 388
 1 389
 0 390
 1 391
 0 392
 0 393
 0 394
 0 395
 0 396
 0 397
 0 398
 1 399
 1 400
 1 401
 0 402
 0 403
 0 404
 0 405
 0 406
 0 407
 0 408
 0 409
 0 410
 0 411
 1 412
 0 413
 1 414
 0 415
 0 416
 0 417
 0 418
 0 419
 0 420
 0 421
 0 422
 0 423
 0 424
 1 425
 0 426
 0 427
 0 428
 0 429
 0 430
 0 431
 0 432
 0 433
 0 434
 0 435
 0 436
 0 437
 0 438
 0 439
 0 440
 0 441
 0 442
 0 443
 0 444
 0 445
 0 446
 0 447
 0 448
 0 449
 0 450
 0 451
 0 452
 0 453
 0 454
 0 455
 0 456
 0 457
 0 458
 0 459
 0 460
 0 461
 0 462
 0 463
 0 464
 0 465
 0 466
 0 467
 0 468
 0 469
 0 470
 0 471
 0 472
 0 473
 0 474
 0 475
 0 476
 0 477
 0 478
 0 479
 0 480
 0 481
 0 482
 0 483
 0 484
 0 485
 0 486
 0 487
 0 488
 0 489
 0 490
 0 491
 0 492
 0 493
 0 494
 0 495
 0 496
 0 497
 0 498
 0 499
 0 500
 0 501
 0 502
 0 503
 0 504
 0 505
 0 506
 0 507
 0 508
 0 509
 0 510
 0 511
 0 512
 0 513
 0 514
 0 515
 0 516
 0 517
 0 518
 0 519
 0 520
 0 521
 0 522
 0 523
 0 524
 0 525
 0 526
 0 527
 0 528
 0 529
 0 530
 0 531
 0 532
 0 533
 0 534
 0 535
 0 536
 0 537
 0 538
 0 539
 0 540
 0 541
 0 542
 0 543
 0 544
 0 545
 0 546
 0 547
 0 548
 0 549
 0 550
 0 551
 0 552
 0 553
 0 554
 0 555
 0 556
 0 557
 0 558
 0 559
 0 560
 0 561
 0 562
 0 563
 0 564
 0 565
 0 566
 0 567
 0 568
 0 569
 0 570
 0 571
 0 572
 0 573
 0 574
 0 575
 0 576
 0 577
 0 578
 0 579
 0 580
 0 581
 0 582
 0 583
 0 584
 0 585
 0 586
 0 587
 0 588
 0 589
 0 590
 0 591
 0 592
 0 593
 0 594
 0 595
 0 596
 0 597
 0 598
 0 599
 0 600


