# Created by Octave 3.8.2, Mon Jun 22 00:26:04 2020 CEST <damian@fptrucha.inv.usc.es>
# name: hd
# type: matrix
# rows: 551
# columns: 2
 0 50
 0 51
 0 52
 0 53
 0 54
 0 55
 0 56
 0 57
 0 58
 0 59
 0 60
 0 61
 0 62
 0 63
 0 64
 0 65
 0 66
 0 67
 0 68
 0 69
 0 70
 0 71
 0 72
 0 73
 0 74
 0 75
 0 76
 0 77
 0 78
 0 79
 0 80
 0 81
 0 82
 0 83
 0 84
 0 85
 0 86
 0 87
 0 88
 3 89
 7 90
 19 91
 68 92
 143 93
 266 94
 463 95
 548 96
 633 97
 929 98
 1131 99
 1265 100
 1364 101
 1432 102
 1465 103
 1430 104
 1564 105
 1502 106
 1497 107
 1401 108
 1432 109
 1393 110
 1305 111
 1210 112
 1172 113
 1059 114
 1023 115
 902 116
 861 117
 770 118
 740 119
 687 120
 643 121
 569 122
 492 123
 435 124
 399 125
 375 126
 340 127
 287 128
 262 129
 238 130
 228 131
 194 132
 171 133
 160 134
 157 135
 140 136
 108 137
 101 138
 102 139
 77 140
 100 141
 74 142
 79 143
 82 144
 59 145
 52 146
 39 147
 44 148
 40 149
 40 150
 36 151
 48 152
 31 153
 28 154
 23 155
 19 156
 26 157
 37 158
 20 159
 18 160
 23 161
 15 162
 20 163
 23 164
 15 165
 8 166
 8 167
 14 168
 11 169
 13 170
 4 171
 13 172
 8 173
 1 174
 7 175
 7 176
 3 177
 4 178
 6 179
 2 180
 4 181
 3 182
 1 183
 3 184
 3 185
 3 186
 4 187
 2 188
 5 189
 1 190
 2 191
 2 192
 3 193
 1 194
 3 195
 5 196
 3 197
 0 198
 0 199
 0 200
 0 201
 0 202
 0 203
 0 204
 1 205
 0 206
 0 207
 0 208
 0 209
 1 210
 1 211
 0 212
 0 213
 1 214
 0 215
 0 216
 0 217
 1 218
 0 219
 0 220
 0 221
 0 222
 0 223
 0 224
 0 225
 0 226
 0 227
 0 228
 1 229
 0 230
 0 231
 0 232
 0 233
 0 234
 0 235
 0 236
 0 237
 0 238
 0 239
 0 240
 0 241
 1 242
 0 243
 0 244
 0 245
 0 246
 0 247
 0 248
 0 249
 0 250
 0 251
 0 252
 0 253
 0 254
 0 255
 0 256
 0 257
 0 258
 0 259
 0 260
 0 261
 0 262
 0 263
 0 264
 0 265
 0 266
 0 267
 0 268
 0 269
 0 270
 0 271
 0 272
 0 273
 0 274
 0 275
 0 276
 0 277
 0 278
 0 279
 0 280
 0 281
 0 282
 0 283
 0 284
 0 285
 0 286
 1 287
 0 288
 0 289
 0 290
 1 291
 0 292
 0 293
 0 294
 0 295
 1 296
 1 297
 0 298
 0 299
 1 300
 0 301
 1 302
 1 303
 1 304
 2 305
 0 306
 0 307
 0 308
 1 309
 1 310
 0 311
 0 312
 0 313
 1 314
 0 315
 1 316
 1 317
 0 318
 3 319
 0 320
 0 321
 0 322
 0 323
 1 324
 0 325
 0 326
 2 327
 1 328
 1 329
 2 330
 2 331
 0 332
 1 333
 1 334
 3 335
 1 336
 0 337
 3 338
 0 339
 0 340
 1 341
 0 342
 1 343
 2 344
 0 345
 0 346
 2 347
 1 348
 0 349
 0 350
 1 351
 0 352
 3 353
 1 354
 1 355
 0 356
 1 357
 0 358
 0 359
 1 360
 0 361
 1 362
 1 363
 2 364
 1 365
 0 366
 0 367
 0 368
 0 369
 1 370
 0 371
 0 372
 1 373
 1 374
 2 375
 0 376
 0 377
 1 378
 1 379
 0 380
 0 381
 0 382
 0 383
 1 384
 0 385
 0 386
 0 387
 0 388
 0 389
 0 390
 1 391
 0 392
 0 393
 0 394
 0 395
 1 396
 1 397
 0 398
 0 399
 0 400
 0 401
 1 402
 0 403
 0 404
 0 405
 0 406
 1 407
 0 408
 0 409
 0 410
 0 411
 0 412
 0 413
 0 414
 0 415
 0 416
 0 417
 1 418
 0 419
 0 420
 0 421
 0 422
 0 423
 0 424
 0 425
 0 426
 0 427
 0 428
 0 429
 0 430
 0 431
 0 432
 0 433
 0 434
 0 435
 0 436
 0 437
 0 438
 0 439
 0 440
 0 441
 0 442
 0 443
 0 444
 0 445
 0 446
 0 447
 0 448
 0 449
 0 450
 0 451
 0 452
 0 453
 0 454
 0 455
 0 456
 0 457
 0 458
 0 459
 0 460
 0 461
 0 462
 0 463
 0 464
 0 465
 0 466
 0 467
 0 468
 0 469
 0 470
 0 471
 0 472
 0 473
 0 474
 0 475
 0 476
 0 477
 0 478
 0 479
 0 480
 0 481
 0 482
 0 483
 0 484
 0 485
 0 486
 0 487
 0 488
 0 489
 0 490
 0 491
 0 492
 0 493
 0 494
 0 495
 0 496
 0 497
 0 498
 0 499
 0 500
 0 501
 0 502
 0 503
 0 504
 0 505
 0 506
 0 507
 0 508
 0 509
 0 510
 0 511
 0 512
 0 513
 0 514
 0 515
 0 516
 0 517
 0 518
 0 519
 0 520
 0 521
 0 522
 0 523
 0 524
 0 525
 0 526
 0 527
 0 528
 0 529
 0 530
 0 531
 0 532
 0 533
 0 534
 0 535
 0 536
 0 537
 0 538
 0 539
 0 540
 0 541
 0 542
 0 543
 0 544
 0 545
 0 546
 0 547
 0 548
 0 549
 0 550
 0 551
 0 552
 0 553
 0 554
 0 555
 0 556
 0 557
 0 558
 0 559
 0 560
 0 561
 0 562
 0 563
 0 564
 0 565
 0 566
 0 567
 0 568
 0 569
 0 570
 0 571
 0 572
 0 573
 0 574
 0 575
 0 576
 0 577
 0 578
 0 579
 0 580
 0 581
 0 582
 0 583
 0 584
 0 585
 0 586
 0 587
 0 588
 0 589
 0 590
 0 591
 0 592
 0 593
 0 594
 0 595
 0 596
 0 597
 0 598
 0 599
 0 600


