# Created by Octave 3.8.2, Sun Jun 21 03:15:04 2020 CEST <damian@fptrucha.inv.usc.es>
# name: hd
# type: matrix
# rows: 551
# columns: 2
 0 50
 0 51
 0 52
 0 53
 0 54
 0 55
 0 56
 0 57
 0 58
 0 59
 0 60
 0 61
 0 62
 0 63
 0 64
 0 65
 0 66
 0 67
 0 68
 0 69
 0 70
 0 71
 0 72
 0 73
 0 74
 0 75
 0 76
 0 77
 0 78
 0 79
 0 80
 0 81
 0 82
 0 83
 0 84
 0 85
 0 86
 0 87
 1 88
 2 89
 8 90
 15 91
 56 92
 119 93
 268 94
 371 95
 422 96
 568 97
 757 98
 982 99
 1112 100
 1143 101
 1223 102
 1248 103
 1234 104
 1322 105
 1305 106
 1357 107
 1308 108
 1253 109
 1256 110
 1190 111
 1130 112
 1066 113
 1027 114
 967 115
 923 116
 868 117
 781 118
 717 119
 672 120
 581 121
 551 122
 553 123
 458 124
 439 125
 416 126
 362 127
 345 128
 303 129
 253 130
 242 131
 190 132
 207 133
 173 134
 183 135
 143 136
 128 137
 133 138
 130 139
 97 140
 104 141
 95 142
 88 143
 69 144
 83 145
 59 146
 62 147
 55 148
 60 149
 50 150
 49 151
 56 152
 46 153
 35 154
 26 155
 40 156
 37 157
 35 158
 34 159
 30 160
 25 161
 20 162
 29 163
 16 164
 20 165
 23 166
 12 167
 9 168
 16 169
 15 170
 7 171
 13 172
 9 173
 9 174
 8 175
 7 176
 12 177
 3 178
 2 179
 2 180
 3 181
 7 182
 8 183
 5 184
 3 185
 3 186
 2 187
 2 188
 6 189
 3 190
 2 191
 3 192
 1 193
 0 194
 1 195
 0 196
 1 197
 1 198
 0 199
 1 200
 1 201
 0 202
 1 203
 1 204
 1 205
 2 206
 0 207
 3 208
 0 209
 0 210
 0 211
 1 212
 1 213
 0 214
 0 215
 0 216
 0 217
 1 218
 0 219
 0 220
 0 221
 0 222
 1 223
 0 224
 0 225
 0 226
 0 227
 0 228
 0 229
 0 230
 0 231
 0 232
 0 233
 0 234
 0 235
 0 236
 1 237
 0 238
 0 239
 0 240
 0 241
 0 242
 0 243
 0 244
 0 245
 0 246
 0 247
 0 248
 0 249
 0 250
 0 251
 0 252
 0 253
 0 254
 0 255
 0 256
 0 257
 0 258
 0 259
 0 260
 0 261
 0 262
 0 263
 0 264
 0 265
 0 266
 0 267
 0 268
 0 269
 0 270
 0 271
 0 272
 0 273
 0 274
 0 275
 0 276
 0 277
 0 278
 0 279
 0 280
 0 281
 0 282
 0 283
 0 284
 0 285
 0 286
 0 287
 0 288
 0 289
 1 290
 0 291
 1 292
 0 293
 0 294
 0 295
 1 296
 1 297
 1 298
 0 299
 0 300
 1 301
 1 302
 0 303
 0 304
 0 305
 0 306
 1 307
 0 308
 3 309
 2 310
 1 311
 2 312
 0 313
 2 314
 1 315
 1 316
 1 317
 1 318
 0 319
 1 320
 2 321
 2 322
 0 323
 3 324
 1 325
 2 326
 2 327
 1 328
 2 329
 2 330
 0 331
 2 332
 0 333
 0 334
 7 335
 1 336
 1 337
 0 338
 0 339
 0 340
 0 341
 1 342
 1 343
 1 344
 1 345
 1 346
 0 347
 0 348
 1 349
 0 350
 0 351
 1 352
 1 353
 0 354
 1 355
 1 356
 0 357
 3 358
 0 359
 1 360
 0 361
 1 362
 0 363
 1 364
 2 365
 1 366
 0 367
 1 368
 2 369
 1 370
 0 371
 1 372
 1 373
 0 374
 1 375
 0 376
 1 377
 0 378
 1 379
 0 380
 0 381
 0 382
 0 383
 0 384
 2 385
 1 386
 0 387
 0 388
 0 389
 0 390
 1 391
 0 392
 0 393
 0 394
 0 395
 0 396
 0 397
 1 398
 0 399
 1 400
 0 401
 0 402
 0 403
 0 404
 0 405
 0 406
 0 407
 0 408
 0 409
 0 410
 0 411
 0 412
 0 413
 0 414
 0 415
 0 416
 0 417
 0 418
 0 419
 0 420
 0 421
 0 422
 0 423
 0 424
 0 425
 0 426
 0 427
 0 428
 0 429
 0 430
 0 431
 0 432
 0 433
 0 434
 0 435
 0 436
 0 437
 0 438
 0 439
 0 440
 0 441
 0 442
 0 443
 0 444
 0 445
 0 446
 0 447
 0 448
 0 449
 0 450
 0 451
 0 452
 0 453
 0 454
 0 455
 0 456
 0 457
 0 458
 0 459
 0 460
 0 461
 0 462
 0 463
 0 464
 0 465
 0 466
 0 467
 0 468
 0 469
 0 470
 0 471
 0 472
 0 473
 0 474
 0 475
 0 476
 0 477
 0 478
 0 479
 0 480
 0 481
 0 482
 0 483
 0 484
 0 485
 0 486
 0 487
 0 488
 0 489
 0 490
 0 491
 0 492
 0 493
 0 494
 0 495
 0 496
 0 497
 0 498
 0 499
 0 500
 0 501
 0 502
 0 503
 0 504
 0 505
 0 506
 0 507
 0 508
 0 509
 0 510
 0 511
 0 512
 0 513
 0 514
 0 515
 0 516
 0 517
 0 518
 0 519
 0 520
 0 521
 0 522
 0 523
 0 524
 0 525
 0 526
 0 527
 0 528
 0 529
 0 530
 0 531
 0 532
 0 533
 0 534
 0 535
 0 536
 0 537
 0 538
 0 539
 0 540
 0 541
 0 542
 0 543
 0 544
 0 545
 0 546
 0 547
 0 548
 0 549
 0 550
 0 551
 0 552
 0 553
 0 554
 0 555
 0 556
 0 557
 0 558
 0 559
 0 560
 0 561
 0 562
 0 563
 0 564
 0 565
 0 566
 0 567
 0 568
 0 569
 0 570
 0 571
 0 572
 0 573
 0 574
 0 575
 0 576
 0 577
 0 578
 0 579
 0 580
 0 581
 0 582
 0 583
 0 584
 0 585
 0 586
 0 587
 0 588
 0 589
 0 590
 0 591
 0 592
 0 593
 0 594
 0 595
 0 596
 0 597
 0 598
 0 599
 0 600


