# Created by Octave 3.8.2, Sat Jun 20 08:22:13 2020 CEST <damian@fptrucha.inv.usc.es>
# name: hd
# type: matrix
# rows: 551
# columns: 2
 0 50
 0 51
 0 52
 0 53
 0 54
 0 55
 0 56
 0 57
 0 58
 0 59
 0 60
 0 61
 0 62
 0 63
 0 64
 0 65
 0 66
 0 67
 0 68
 0 69
 0 70
 0 71
 0 72
 0 73
 0 74
 0 75
 0 76
 0 77
 0 78
 0 79
 0 80
 0 81
 0 82
 0 83
 0 84
 0 85
 0 86
 2 87
 15 88
 16 89
 85 90
 161 91
 262 92
 377 93
 542 94
 737 95
 1064 96
 1470 97
 1652 98
 1773 99
 1872 100
 2020 101
 2022 102
 1894 103
 1970 104
 1815 105
 1685 106
 1670 107
 1462 108
 1429 109
 1296 110
 1160 111
 1098 112
 963 113
 847 114
 827 115
 720 116
 651 117
 560 118
 487 119
 446 120
 440 121
 368 122
 361 123
 280 124
 294 125
 269 126
 223 127
 204 128
 181 129
 159 130
 158 131
 166 132
 122 133
 148 134
 127 135
 106 136
 105 137
 94 138
 100 139
 84 140
 92 141
 66 142
 66 143
 79 144
 59 145
 58 146
 55 147
 42 148
 48 149
 37 150
 43 151
 39 152
 45 153
 35 154
 38 155
 28 156
 25 157
 27 158
 21 159
 23 160
 17 161
 17 162
 16 163
 23 164
 15 165
 14 166
 17 167
 15 168
 18 169
 10 170
 11 171
 13 172
 8 173
 5 174
 7 175
 3 176
 5 177
 5 178
 6 179
 7 180
 6 181
 9 182
 3 183
 3 184
 4 185
 4 186
 3 187
 1 188
 1 189
 3 190
 2 191
 3 192
 0 193
 1 194
 1 195
 3 196
 1 197
 1 198
 0 199
 0 200
 0 201
 1 202
 0 203
 1 204
 0 205
 1 206
 0 207
 0 208
 1 209
 0 210
 0 211
 0 212
 0 213
 0 214
 0 215
 0 216
 2 217
 1 218
 0 219
 0 220
 0 221
 0 222
 0 223
 0 224
 1 225
 0 226
 1 227
 0 228
 0 229
 0 230
 0 231
 0 232
 0 233
 0 234
 0 235
 0 236
 0 237
 0 238
 0 239
 0 240
 0 241
 0 242
 0 243
 0 244
 0 245
 0 246
 0 247
 0 248
 0 249
 0 250
 0 251
 0 252
 0 253
 0 254
 0 255
 0 256
 0 257
 0 258
 0 259
 0 260
 0 261
 0 262
 0 263
 0 264
 0 265
 0 266
 1 267
 0 268
 0 269
 0 270
 0 271
 0 272
 0 273
 1 274
 1 275
 0 276
 0 277
 0 278
 0 279
 0 280
 1 281
 0 282
 0 283
 0 284
 0 285
 0 286
 0 287
 1 288
 0 289
 0 290
 0 291
 0 292
 0 293
 1 294
 0 295
 0 296
 0 297
 0 298
 2 299
 3 300
 1 301
 0 302
 0 303
 1 304
 1 305
 1 306
 1 307
 4 308
 0 309
 0 310
 1 311
 0 312
 1 313
 2 314
 1 315
 1 316
 1 317
 1 318
 2 319
 1 320
 2 321
 1 322
 1 323
 2 324
 2 325
 1 326
 2 327
 1 328
 1 329
 1 330
 2 331
 4 332
 2 333
 1 334
 3 335
 3 336
 3 337
 2 338
 2 339
 2 340
 2 341
 2 342
 1 343
 1 344
 3 345
 3 346
 1 347
 1 348
 4 349
 1 350
 4 351
 1 352
 1 353
 1 354
 2 355
 2 356
 2 357
 1 358
 1 359
 1 360
 0 361
 0 362
 1 363
 1 364
 0 365
 1 366
 0 367
 0 368
 0 369
 0 370
 1 371
 0 372
 1 373
 1 374
 0 375
 0 376
 3 377
 2 378
 0 379
 1 380
 2 381
 1 382
 1 383
 0 384
 0 385
 0 386
 1 387
 1 388
 1 389
 2 390
 0 391
 0 392
 0 393
 1 394
 1 395
 0 396
 0 397
 0 398
 0 399
 0 400
 0 401
 1 402
 1 403
 0 404
 0 405
 0 406
 0 407
 0 408
 0 409
 1 410
 0 411
 1 412
 0 413
 0 414
 0 415
 0 416
 0 417
 0 418
 0 419
 0 420
 0 421
 0 422
 0 423
 0 424
 0 425
 0 426
 0 427
 0 428
 0 429
 0 430
 0 431
 0 432
 0 433
 0 434
 0 435
 0 436
 0 437
 0 438
 0 439
 0 440
 0 441
 0 442
 0 443
 0 444
 0 445
 0 446
 0 447
 0 448
 0 449
 0 450
 0 451
 0 452
 0 453
 0 454
 0 455
 0 456
 0 457
 0 458
 0 459
 0 460
 0 461
 0 462
 0 463
 0 464
 0 465
 0 466
 0 467
 0 468
 0 469
 0 470
 0 471
 0 472
 0 473
 0 474
 0 475
 0 476
 0 477
 0 478
 0 479
 0 480
 0 481
 0 482
 0 483
 0 484
 0 485
 0 486
 0 487
 0 488
 0 489
 0 490
 0 491
 0 492
 0 493
 0 494
 0 495
 0 496
 0 497
 0 498
 0 499
 0 500
 0 501
 0 502
 0 503
 0 504
 0 505
 0 506
 0 507
 0 508
 0 509
 0 510
 0 511
 0 512
 0 513
 0 514
 0 515
 0 516
 0 517
 0 518
 0 519
 0 520
 0 521
 0 522
 0 523
 0 524
 0 525
 0 526
 0 527
 0 528
 0 529
 0 530
 0 531
 0 532
 0 533
 0 534
 0 535
 0 536
 0 537
 0 538
 0 539
 0 540
 0 541
 0 542
 0 543
 0 544
 0 545
 0 546
 0 547
 0 548
 0 549
 0 550
 0 551
 0 552
 0 553
 0 554
 0 555
 0 556
 0 557
 0 558
 0 559
 0 560
 0 561
 0 562
 0 563
 0 564
 0 565
 0 566
 0 567
 0 568
 0 569
 0 570
 0 571
 0 572
 0 573
 0 574
 0 575
 0 576
 0 577
 0 578
 0 579
 0 580
 0 581
 0 582
 0 583
 0 584
 0 585
 0 586
 0 587
 0 588
 0 589
 0 590
 0 591
 0 592
 0 593
 0 594
 0 595
 0 596
 0 597
 0 598
 0 599
 0 600


