# Created by Octave 3.8.2, Sat Jun 20 10:06:06 2020 CEST <damian@fptrucha.inv.usc.es>
# name: hd
# type: matrix
# rows: 551
# columns: 2
 0 50
 0 51
 0 52
 0 53
 0 54
 0 55
 0 56
 0 57
 0 58
 0 59
 0 60
 0 61
 0 62
 0 63
 0 64
 0 65
 0 66
 0 67
 0 68
 0 69
 0 70
 0 71
 0 72
 0 73
 0 74
 0 75
 0 76
 0 77
 0 78
 0 79
 0 80
 0 81
 0 82
 0 83
 0 84
 0 85
 0 86
 2 87
 7 88
 19 89
 96 90
 137 91
 255 92
 357 93
 445 94
 636 95
 980 96
 1229 97
 1551 98
 1624 99
 1890 100
 1840 101
 1763 102
 1818 103
 1876 104
 1754 105
 1652 106
 1648 107
 1470 108
 1351 109
 1233 110
 1150 111
 1035 112
 948 113
 894 114
 889 115
 760 116
 724 117
 642 118
 539 119
 524 120
 461 121
 425 122
 340 123
 340 124
 311 125
 273 126
 249 127
 199 128
 209 129
 208 130
 180 131
 167 132
 142 133
 116 134
 130 135
 127 136
 90 137
 108 138
 98 139
 98 140
 82 141
 92 142
 82 143
 70 144
 73 145
 46 146
 61 147
 50 148
 49 149
 42 150
 39 151
 49 152
 47 153
 29 154
 34 155
 36 156
 41 157
 36 158
 23 159
 24 160
 25 161
 21 162
 19 163
 20 164
 18 165
 14 166
 20 167
 10 168
 15 169
 12 170
 15 171
 8 172
 15 173
 6 174
 11 175
 7 176
 5 177
 6 178
 5 179
 3 180
 6 181
 9 182
 4 183
 8 184
 4 185
 1 186
 6 187
 3 188
 3 189
 6 190
 2 191
 2 192
 4 193
 2 194
 2 195
 3 196
 0 197
 2 198
 3 199
 2 200
 4 201
 1 202
 0 203
 0 204
 3 205
 2 206
 1 207
 0 208
 0 209
 0 210
 0 211
 0 212
 0 213
 1 214
 2 215
 1 216
 0 217
 0 218
 0 219
 1 220
 0 221
 1 222
 0 223
 0 224
 1 225
 0 226
 0 227
 0 228
 0 229
 0 230
 1 231
 0 232
 1 233
 0 234
 0 235
 0 236
 0 237
 0 238
 0 239
 0 240
 0 241
 0 242
 0 243
 0 244
 0 245
 0 246
 0 247
 0 248
 0 249
 0 250
 0 251
 0 252
 0 253
 0 254
 0 255
 0 256
 0 257
 0 258
 0 259
 0 260
 0 261
 0 262
 0 263
 0 264
 0 265
 0 266
 0 267
 0 268
 0 269
 0 270
 0 271
 0 272
 0 273
 0 274
 0 275
 0 276
 0 277
 0 278
 0 279
 0 280
 0 281
 0 282
 0 283
 0 284
 0 285
 0 286
 0 287
 0 288
 0 289
 0 290
 0 291
 0 292
 0 293
 0 294
 0 295
 0 296
 3 297
 1 298
 0 299
 1 300
 0 301
 0 302
 0 303
 3 304
 0 305
 1 306
 0 307
 4 308
 3 309
 1 310
 0 311
 0 312
 2 313
 1 314
 1 315
 0 316
 2 317
 1 318
 2 319
 2 320
 1 321
 2 322
 2 323
 3 324
 0 325
 2 326
 2 327
 4 328
 3 329
 2 330
 2 331
 1 332
 1 333
 3 334
 1 335
 5 336
 2 337
 3 338
 1 339
 1 340
 5 341
 2 342
 2 343
 1 344
 0 345
 2 346
 3 347
 0 348
 3 349
 2 350
 1 351
 2 352
 2 353
 1 354
 2 355
 0 356
 1 357
 1 358
 1 359
 0 360
 1 361
 0 362
 2 363
 1 364
 1 365
 1 366
 1 367
 4 368
 0 369
 0 370
 0 371
 1 372
 0 373
 2 374
 0 375
 1 376
 0 377
 0 378
 1 379
 3 380
 0 381
 2 382
 1 383
 0 384
 0 385
 0 386
 0 387
 0 388
 2 389
 1 390
 0 391
 1 392
 0 393
 0 394
 0 395
 0 396
 0 397
 0 398
 0 399
 0 400
 1 401
 0 402
 1 403
 1 404
 0 405
 0 406
 0 407
 0 408
 0 409
 0 410
 0 411
 0 412
 0 413
 0 414
 0 415
 0 416
 0 417
 0 418
 0 419
 0 420
 0 421
 0 422
 0 423
 0 424
 0 425
 0 426
 0 427
 0 428
 0 429
 0 430
 0 431
 0 432
 0 433
 0 434
 0 435
 0 436
 0 437
 0 438
 0 439
 0 440
 0 441
 0 442
 0 443
 0 444
 0 445
 0 446
 0 447
 0 448
 0 449
 0 450
 0 451
 0 452
 0 453
 0 454
 0 455
 0 456
 0 457
 0 458
 0 459
 0 460
 0 461
 0 462
 0 463
 0 464
 0 465
 0 466
 0 467
 0 468
 0 469
 0 470
 0 471
 0 472
 0 473
 0 474
 0 475
 0 476
 0 477
 0 478
 0 479
 0 480
 0 481
 0 482
 0 483
 0 484
 0 485
 0 486
 0 487
 0 488
 0 489
 0 490
 0 491
 0 492
 0 493
 0 494
 0 495
 0 496
 0 497
 0 498
 0 499
 0 500
 0 501
 0 502
 0 503
 0 504
 0 505
 0 506
 0 507
 0 508
 0 509
 0 510
 0 511
 0 512
 0 513
 0 514
 0 515
 0 516
 0 517
 0 518
 0 519
 0 520
 0 521
 0 522
 0 523
 0 524
 0 525
 0 526
 0 527
 0 528
 0 529
 0 530
 0 531
 0 532
 0 533
 0 534
 0 535
 0 536
 0 537
 0 538
 0 539
 0 540
 0 541
 0 542
 0 543
 0 544
 0 545
 0 546
 0 547
 0 548
 0 549
 0 550
 0 551
 0 552
 0 553
 0 554
 0 555
 0 556
 0 557
 0 558
 0 559
 0 560
 0 561
 0 562
 0 563
 0 564
 0 565
 0 566
 0 567
 0 568
 0 569
 0 570
 0 571
 0 572
 0 573
 0 574
 0 575
 0 576
 0 577
 0 578
 0 579
 0 580
 0 581
 0 582
 0 583
 0 584
 0 585
 0 586
 0 587
 0 588
 0 589
 0 590
 0 591
 0 592
 0 593
 0 594
 0 595
 0 596
 0 597
 0 598
 0 599
 0 600


