# Created by Octave 3.8.2, Sun Jun 21 04:07:51 2020 CEST <damian@fptrucha.inv.usc.es>
# name: hd
# type: matrix
# rows: 551
# columns: 2
 0 50
 0 51
 0 52
 0 53
 0 54
 0 55
 0 56
 0 57
 0 58
 0 59
 0 60
 0 61
 0 62
 0 63
 0 64
 0 65
 0 66
 0 67
 0 68
 0 69
 0 70
 0 71
 0 72
 0 73
 0 74
 0 75
 0 76
 0 77
 0 78
 0 79
 0 80
 0 81
 0 82
 0 83
 0 84
 0 85
 0 86
 0 87
 7 88
 16 89
 58 90
 134 91
 194 92
 275 93
 339 94
 546 95
 789 96
 1037 97
 1198 98
 1380 99
 1416 100
 1523 101
 1619 102
 1567 103
 1485 104
 1529 105
 1427 106
 1432 107
 1370 108
 1199 109
 1179 110
 996 111
 947 112
 880 113
 802 114
 767 115
 679 116
 670 117
 549 118
 528 119
 531 120
 400 121
 387 122
 295 123
 305 124
 277 125
 240 126
 228 127
 213 128
 209 129
 181 130
 148 131
 136 132
 133 133
 134 134
 126 135
 94 136
 94 137
 85 138
 65 139
 67 140
 50 141
 70 142
 59 143
 47 144
 60 145
 51 146
 51 147
 46 148
 47 149
 34 150
 49 151
 45 152
 36 153
 27 154
 31 155
 33 156
 32 157
 22 158
 22 159
 19 160
 17 161
 19 162
 12 163
 13 164
 14 165
 16 166
 13 167
 9 168
 11 169
 10 170
 7 171
 10 172
 6 173
 9 174
 2 175
 4 176
 7 177
 2 178
 7 179
 6 180
 5 181
 5 182
 1 183
 4 184
 2 185
 1 186
 4 187
 3 188
 2 189
 2 190
 3 191
 3 192
 1 193
 0 194
 1 195
 2 196
 1 197
 3 198
 0 199
 1 200
 0 201
 0 202
 1 203
 0 204
 1 205
 1 206
 0 207
 1 208
 0 209
 0 210
 1 211
 1 212
 0 213
 0 214
 0 215
 0 216
 1 217
 0 218
 1 219
 0 220
 0 221
 0 222
 0 223
 0 224
 0 225
 0 226
 1 227
 0 228
 0 229
 0 230
 0 231
 1 232
 0 233
 0 234
 0 235
 0 236
 0 237
 0 238
 0 239
 0 240
 0 241
 0 242
 0 243
 0 244
 0 245
 0 246
 0 247
 0 248
 0 249
 0 250
 0 251
 0 252
 0 253
 0 254
 0 255
 0 256
 0 257
 0 258
 0 259
 0 260
 0 261
 0 262
 0 263
 0 264
 0 265
 0 266
 0 267
 0 268
 0 269
 0 270
 0 271
 0 272
 0 273
 0 274
 0 275
 0 276
 0 277
 0 278
 0 279
 0 280
 1 281
 0 282
 0 283
 0 284
 0 285
 0 286
 2 287
 0 288
 0 289
 0 290
 0 291
 0 292
 0 293
 0 294
 0 295
 0 296
 1 297
 0 298
 2 299
 1 300
 0 301
 1 302
 0 303
 1 304
 0 305
 0 306
 1 307
 4 308
 1 309
 0 310
 2 311
 1 312
 3 313
 1 314
 1 315
 1 316
 1 317
 1 318
 1 319
 0 320
 5 321
 1 322
 1 323
 1 324
 1 325
 3 326
 4 327
 3 328
 1 329
 1 330
 1 331
 2 332
 0 333
 0 334
 1 335
 2 336
 2 337
 1 338
 4 339
 1 340
 1 341
 1 342
 1 343
 0 344
 2 345
 2 346
 0 347
 4 348
 1 349
 0 350
 0 351
 2 352
 1 353
 1 354
 1 355
 0 356
 0 357
 0 358
 0 359
 0 360
 1 361
 1 362
 0 363
 2 364
 2 365
 0 366
 0 367
 2 368
 0 369
 2 370
 0 371
 1 372
 1 373
 0 374
 0 375
 1 376
 1 377
 0 378
 1 379
 0 380
 3 381
 0 382
 0 383
 1 384
 1 385
 0 386
 0 387
 0 388
 0 389
 0 390
 0 391
 1 392
 0 393
 1 394
 1 395
 0 396
 0 397
 0 398
 1 399
 0 400
 0 401
 0 402
 0 403
 0 404
 0 405
 0 406
 0 407
 0 408
 0 409
 0 410
 0 411
 0 412
 0 413
 0 414
 0 415
 0 416
 0 417
 0 418
 0 419
 0 420
 0 421
 0 422
 0 423
 0 424
 0 425
 0 426
 0 427
 0 428
 0 429
 0 430
 0 431
 0 432
 0 433
 0 434
 0 435
 0 436
 0 437
 0 438
 0 439
 0 440
 0 441
 0 442
 0 443
 0 444
 0 445
 0 446
 0 447
 0 448
 0 449
 0 450
 0 451
 0 452
 0 453
 0 454
 0 455
 0 456
 0 457
 0 458
 0 459
 0 460
 0 461
 0 462
 0 463
 0 464
 0 465
 0 466
 0 467
 0 468
 0 469
 0 470
 0 471
 0 472
 0 473
 0 474
 0 475
 0 476
 0 477
 0 478
 0 479
 0 480
 0 481
 0 482
 0 483
 0 484
 0 485
 0 486
 0 487
 0 488
 0 489
 0 490
 0 491
 0 492
 0 493
 0 494
 0 495
 0 496
 0 497
 0 498
 0 499
 0 500
 0 501
 0 502
 0 503
 0 504
 0 505
 0 506
 0 507
 0 508
 0 509
 0 510
 0 511
 0 512
 0 513
 0 514
 0 515
 0 516
 0 517
 0 518
 0 519
 0 520
 0 521
 0 522
 0 523
 0 524
 0 525
 0 526
 0 527
 0 528
 0 529
 0 530
 0 531
 0 532
 0 533
 0 534
 0 535
 0 536
 0 537
 0 538
 0 539
 0 540
 0 541
 0 542
 0 543
 0 544
 0 545
 0 546
 0 547
 0 548
 0 549
 0 550
 0 551
 0 552
 0 553
 0 554
 0 555
 0 556
 0 557
 0 558
 0 559
 0 560
 0 561
 0 562
 0 563
 0 564
 0 565
 0 566
 0 567
 0 568
 0 569
 0 570
 0 571
 0 572
 0 573
 0 574
 0 575
 0 576
 0 577
 0 578
 0 579
 0 580
 0 581
 0 582
 0 583
 0 584
 0 585
 0 586
 0 587
 0 588
 0 589
 0 590
 0 591
 0 592
 0 593
 0 594
 0 595
 0 596
 0 597
 0 598
 0 599
 0 600


