# Created by Octave 3.8.2, Sat Jun 20 07:01:47 2020 CEST <damian@fptrucha.inv.usc.es>
# name: hd
# type: matrix
# rows: 551
# columns: 2
 0 50
 0 51
 0 52
 0 53
 0 54
 0 55
 0 56
 0 57
 0 58
 0 59
 0 60
 0 61
 0 62
 0 63
 0 64
 0 65
 0 66
 0 67
 0 68
 0 69
 0 70
 0 71
 0 72
 0 73
 0 74
 0 75
 0 76
 0 77
 0 78
 0 79
 0 80
 0 81
 0 82
 0 83
 0 84
 0 85
 0 86
 4 87
 7 88
 13 89
 78 90
 139 91
 229 92
 324 93
 447 94
 626 95
 979 96
 1346 97
 1561 98
 1571 99
 1857 100
 1812 101
 1850 102
 1839 103
 1801 104
 1824 105
 1692 106
 1604 107
 1615 108
 1399 109
 1334 110
 1194 111
 1111 112
 1003 113
 939 114
 894 115
 740 116
 691 117
 629 118
 560 119
 481 120
 446 121
 442 122
 370 123
 332 124
 312 125
 273 126
 259 127
 234 128
 198 129
 185 130
 178 131
 167 132
 135 133
 149 134
 129 135
 119 136
 88 137
 118 138
 114 139
 97 140
 95 141
 95 142
 84 143
 82 144
 63 145
 75 146
 61 147
 55 148
 34 149
 44 150
 47 151
 45 152
 44 153
 44 154
 42 155
 30 156
 34 157
 27 158
 27 159
 34 160
 23 161
 35 162
 17 163
 26 164
 18 165
 15 166
 14 167
 13 168
 14 169
 12 170
 9 171
 9 172
 8 173
 7 174
 9 175
 5 176
 13 177
 7 178
 6 179
 3 180
 5 181
 7 182
 8 183
 6 184
 8 185
 2 186
 1 187
 8 188
 5 189
 4 190
 2 191
 4 192
 3 193
 1 194
 1 195
 3 196
 2 197
 1 198
 0 199
 1 200
 2 201
 1 202
 1 203
 2 204
 0 205
 0 206
 0 207
 2 208
 2 209
 0 210
 2 211
 0 212
 0 213
 1 214
 1 215
 0 216
 0 217
 0 218
 0 219
 0 220
 0 221
 0 222
 0 223
 0 224
 0 225
 0 226
 1 227
 0 228
 0 229
 0 230
 0 231
 0 232
 0 233
 0 234
 0 235
 0 236
 0 237
 0 238
 0 239
 0 240
 0 241
 0 242
 0 243
 0 244
 0 245
 0 246
 0 247
 0 248
 0 249
 0 250
 0 251
 0 252
 0 253
 0 254
 0 255
 0 256
 0 257
 1 258
 0 259
 0 260
 0 261
 0 262
 0 263
 0 264
 0 265
 0 266
 0 267
 0 268
 0 269
 0 270
 0 271
 0 272
 0 273
 0 274
 0 275
 0 276
 0 277
 1 278
 0 279
 0 280
 0 281
 0 282
 0 283
 0 284
 0 285
 0 286
 0 287
 0 288
 1 289
 1 290
 1 291
 0 292
 0 293
 0 294
 1 295
 1 296
 0 297
 0 298
 0 299
 1 300
 0 301
 2 302
 2 303
 1 304
 2 305
 0 306
 2 307
 1 308
 0 309
 4 310
 2 311
 2 312
 6 313
 4 314
 0 315
 3 316
 4 317
 3 318
 2 319
 3 320
 0 321
 3 322
 3 323
 1 324
 3 325
 4 326
 1 327
 4 328
 1 329
 2 330
 2 331
 0 332
 1 333
 4 334
 4 335
 2 336
 2 337
 6 338
 1 339
 1 340
 3 341
 4 342
 0 343
 1 344
 1 345
 2 346
 1 347
 2 348
 3 349
 2 350
 2 351
 0 352
 1 353
 2 354
 2 355
 1 356
 1 357
 0 358
 3 359
 2 360
 1 361
 2 362
 2 363
 3 364
 3 365
 0 366
 0 367
 1 368
 2 369
 2 370
 0 371
 1 372
 1 373
 2 374
 1 375
 0 376
 2 377
 0 378
 0 379
 1 380
 0 381
 0 382
 1 383
 1 384
 2 385
 0 386
 0 387
 0 388
 1 389
 1 390
 2 391
 0 392
 1 393
 0 394
 0 395
 0 396
 0 397
 0 398
 0 399
 0 400
 0 401
 0 402
 0 403
 0 404
 0 405
 0 406
 0 407
 0 408
 0 409
 0 410
 0 411
 0 412
 0 413
 0 414
 0 415
 1 416
 0 417
 0 418
 0 419
 0 420
 0 421
 0 422
 0 423
 0 424
 0 425
 0 426
 0 427
 0 428
 0 429
 0 430
 0 431
 0 432
 0 433
 0 434
 0 435
 0 436
 0 437
 0 438
 0 439
 0 440
 0 441
 0 442
 0 443
 0 444
 0 445
 0 446
 0 447
 0 448
 0 449
 0 450
 0 451
 0 452
 0 453
 0 454
 0 455
 0 456
 1 457
 0 458
 0 459
 0 460
 0 461
 0 462
 0 463
 0 464
 0 465
 0 466
 0 467
 0 468
 0 469
 0 470
 0 471
 0 472
 0 473
 0 474
 0 475
 0 476
 0 477
 0 478
 0 479
 0 480
 0 481
 0 482
 0 483
 0 484
 0 485
 0 486
 0 487
 0 488
 0 489
 0 490
 0 491
 0 492
 0 493
 0 494
 0 495
 0 496
 0 497
 0 498
 0 499
 0 500
 0 501
 0 502
 0 503
 0 504
 0 505
 0 506
 0 507
 0 508
 0 509
 0 510
 0 511
 0 512
 0 513
 0 514
 0 515
 0 516
 0 517
 0 518
 0 519
 0 520
 0 521
 0 522
 0 523
 0 524
 0 525
 0 526
 0 527
 0 528
 0 529
 0 530
 0 531
 0 532
 0 533
 0 534
 0 535
 0 536
 0 537
 0 538
 0 539
 0 540
 0 541
 0 542
 0 543
 0 544
 0 545
 0 546
 0 547
 0 548
 0 549
 0 550
 0 551
 0 552
 0 553
 0 554
 0 555
 0 556
 0 557
 0 558
 0 559
 0 560
 0 561
 0 562
 0 563
 0 564
 0 565
 0 566
 0 567
 0 568
 0 569
 0 570
 0 571
 0 572
 0 573
 0 574
 0 575
 0 576
 0 577
 0 578
 0 579
 0 580
 0 581
 0 582
 0 583
 0 584
 0 585
 0 586
 0 587
 0 588
 0 589
 0 590
 0 591
 0 592
 0 593
 0 594
 0 595
 0 596
 0 597
 0 598
 0 599
 0 600


