# Created by Octave 3.8.2, Mon Jun 22 02:10:45 2020 CEST <damian@fptrucha.inv.usc.es>
# name: hd
# type: matrix
# rows: 551
# columns: 2
 0 50
 0 51
 0 52
 0 53
 0 54
 0 55
 0 56
 0 57
 0 58
 0 59
 0 60
 0 61
 0 62
 0 63
 0 64
 0 65
 0 66
 0 67
 0 68
 0 69
 0 70
 0 71
 0 72
 0 73
 0 74
 0 75
 0 76
 0 77
 0 78
 0 79
 0 80
 0 81
 0 82
 0 83
 0 84
 0 85
 0 86
 0 87
 1 88
 10 89
 33 90
 119 91
 181 92
 278 93
 333 94
 482 95
 671 96
 1079 97
 1276 98
 1411 99
 1562 100
 1637 101
 1663 102
 1668 103
 1608 104
 1605 105
 1505 106
 1397 107
 1297 108
 1242 109
 1101 110
 1009 111
 933 112
 877 113
 797 114
 772 115
 663 116
 583 117
 490 118
 465 119
 418 120
 384 121
 325 122
 286 123
 280 124
 230 125
 215 126
 208 127
 179 128
 151 129
 190 130
 144 131
 95 132
 118 133
 99 134
 105 135
 90 136
 65 137
 77 138
 84 139
 76 140
 68 141
 61 142
 60 143
 52 144
 59 145
 43 146
 48 147
 35 148
 46 149
 41 150
 38 151
 47 152
 25 153
 30 154
 33 155
 33 156
 25 157
 23 158
 24 159
 25 160
 23 161
 21 162
 16 163
 15 164
 11 165
 18 166
 11 167
 9 168
 10 169
 12 170
 6 171
 7 172
 6 173
 6 174
 7 175
 5 176
 7 177
 8 178
 3 179
 5 180
 9 181
 5 182
 4 183
 2 184
 3 185
 2 186
 4 187
 3 188
 4 189
 4 190
 1 191
 4 192
 2 193
 3 194
 3 195
 1 196
 1 197
 1 198
 3 199
 1 200
 2 201
 1 202
 0 203
 1 204
 3 205
 0 206
 0 207
 0 208
 1 209
 3 210
 1 211
 0 212
 1 213
 0 214
 0 215
 1 216
 1 217
 1 218
 0 219
 1 220
 0 221
 1 222
 0 223
 0 224
 0 225
 0 226
 0 227
 0 228
 0 229
 0 230
 0 231
 0 232
 0 233
 0 234
 0 235
 0 236
 0 237
 0 238
 1 239
 0 240
 0 241
 1 242
 0 243
 0 244
 0 245
 0 246
 0 247
 0 248
 0 249
 0 250
 0 251
 0 252
 0 253
 0 254
 0 255
 0 256
 0 257
 0 258
 0 259
 0 260
 0 261
 0 262
 0 263
 0 264
 0 265
 0 266
 0 267
 0 268
 0 269
 0 270
 0 271
 0 272
 0 273
 0 274
 0 275
 0 276
 0 277
 0 278
 0 279
 0 280
 0 281
 0 282
 1 283
 0 284
 0 285
 0 286
 0 287
 0 288
 0 289
 0 290
 0 291
 0 292
 0 293
 0 294
 0 295
 0 296
 0 297
 0 298
 0 299
 4 300
 0 301
 1 302
 1 303
 1 304
 3 305
 1 306
 1 307
 1 308
 0 309
 3 310
 4 311
 0 312
 4 313
 1 314
 0 315
 4 316
 1 317
 4 318
 3 319
 1 320
 5 321
 1 322
 3 323
 4 324
 1 325
 2 326
 2 327
 5 328
 0 329
 4 330
 1 331
 2 332
 0 333
 1 334
 2 335
 1 336
 1 337
 0 338
 1 339
 1 340
 3 341
 1 342
 1 343
 3 344
 2 345
 2 346
 0 347
 0 348
 0 349
 2 350
 2 351
 1 352
 1 353
 2 354
 0 355
 2 356
 3 357
 3 358
 2 359
 1 360
 0 361
 0 362
 3 363
 1 364
 1 365
 1 366
 1 367
 0 368
 1 369
 0 370
 1 371
 0 372
 0 373
 0 374
 0 375
 5 376
 1 377
 1 378
 0 379
 0 380
 0 381
 2 382
 0 383
 0 384
 2 385
 1 386
 0 387
 2 388
 0 389
 0 390
 0 391
 0 392
 1 393
 0 394
 1 395
 0 396
 1 397
 1 398
 1 399
 0 400
 1 401
 0 402
 0 403
 0 404
 0 405
 1 406
 0 407
 0 408
 1 409
 0 410
 0 411
 0 412
 0 413
 0 414
 0 415
 0 416
 0 417
 0 418
 0 419
 0 420
 0 421
 0 422
 0 423
 0 424
 0 425
 0 426
 0 427
 0 428
 0 429
 0 430
 0 431
 0 432
 0 433
 0 434
 0 435
 0 436
 0 437
 0 438
 0 439
 0 440
 0 441
 0 442
 0 443
 0 444
 0 445
 0 446
 0 447
 0 448
 0 449
 0 450
 0 451
 0 452
 0 453
 0 454
 0 455
 0 456
 0 457
 0 458
 0 459
 0 460
 0 461
 0 462
 0 463
 0 464
 0 465
 0 466
 0 467
 0 468
 0 469
 0 470
 0 471
 0 472
 0 473
 0 474
 0 475
 0 476
 0 477
 0 478
 0 479
 0 480
 0 481
 0 482
 1 483
 0 484
 0 485
 0 486
 0 487
 0 488
 0 489
 0 490
 0 491
 0 492
 0 493
 0 494
 0 495
 0 496
 0 497
 0 498
 0 499
 0 500
 0 501
 0 502
 0 503
 0 504
 0 505
 0 506
 0 507
 0 508
 0 509
 0 510
 0 511
 0 512
 0 513
 0 514
 0 515
 0 516
 0 517
 0 518
 0 519
 0 520
 0 521
 0 522
 0 523
 0 524
 0 525
 0 526
 0 527
 0 528
 0 529
 0 530
 0 531
 0 532
 0 533
 0 534
 0 535
 0 536
 0 537
 0 538
 0 539
 0 540
 0 541
 0 542
 0 543
 0 544
 0 545
 0 546
 0 547
 0 548
 0 549
 0 550
 0 551
 0 552
 0 553
 0 554
 0 555
 0 556
 0 557
 0 558
 0 559
 0 560
 0 561
 0 562
 0 563
 0 564
 0 565
 0 566
 0 567
 0 568
 0 569
 0 570
 0 571
 0 572
 0 573
 0 574
 0 575
 0 576
 0 577
 0 578
 0 579
 0 580
 0 581
 0 582
 0 583
 0 584
 0 585
 0 586
 0 587
 0 588
 0 589
 0 590
 0 591
 0 592
 0 593
 0 594
 0 595
 0 596
 0 597
 0 598
 0 599
 0 600


