# Created by Octave 3.8.2, Mon Jun 22 14:50:08 2020 CEST <damian@fptrucha.inv.usc.es>
# name: hd
# type: matrix
# rows: 551
# columns: 2
 0 50
 0 51
 0 52
 0 53
 0 54
 0 55
 0 56
 0 57
 0 58
 0 59
 0 60
 0 61
 0 62
 0 63
 0 64
 0 65
 0 66
 0 67
 0 68
 0 69
 0 70
 0 71
 0 72
 0 73
 0 74
 0 75
 0 76
 0 77
 0 78
 0 79
 0 80
 0 81
 0 82
 0 83
 0 84
 0 85
 0 86
 0 87
 1 88
 7 89
 63 90
 124 91
 216 92
 319 93
 394 94
 569 95
 855 96
 1332 97
 1531 98
 1557 99
 1798 100
 1839 101
 1857 102
 1891 103
 1684 104
 1650 105
 1538 106
 1453 107
 1378 108
 1204 109
 1158 110
 957 111
 975 112
 859 113
 757 114
 727 115
 619 116
 544 117
 466 118
 433 119
 414 120
 386 121
 318 122
 280 123
 274 124
 220 125
 205 126
 195 127
 180 128
 153 129
 152 130
 135 131
 145 132
 120 133
 125 134
 110 135
 107 136
 103 137
 82 138
 88 139
 85 140
 75 141
 69 142
 62 143
 68 144
 59 145
 55 146
 48 147
 56 148
 40 149
 34 150
 37 151
 26 152
 34 153
 37 154
 31 155
 23 156
 30 157
 23 158
 19 159
 25 160
 20 161
 20 162
 24 163
 21 164
 24 165
 13 166
 19 167
 15 168
 20 169
 9 170
 13 171
 14 172
 13 173
 9 174
 7 175
 5 176
 13 177
 8 178
 7 179
 6 180
 7 181
 3 182
 4 183
 6 184
 3 185
 2 186
 10 187
 2 188
 2 189
 4 190
 3 191
 1 192
 2 193
 4 194
 3 195
 1 196
 2 197
 1 198
 3 199
 1 200
 2 201
 0 202
 0 203
 1 204
 0 205
 2 206
 0 207
 0 208
 0 209
 1 210
 1 211
 1 212
 0 213
 0 214
 0 215
 0 216
 0 217
 0 218
 0 219
 1 220
 0 221
 0 222
 0 223
 0 224
 1 225
 0 226
 0 227
 0 228
 0 229
 0 230
 0 231
 0 232
 0 233
 0 234
 0 235
 0 236
 0 237
 0 238
 0 239
 0 240
 0 241
 0 242
 0 243
 0 244
 0 245
 0 246
 0 247
 0 248
 0 249
 0 250
 0 251
 0 252
 0 253
 0 254
 0 255
 0 256
 0 257
 0 258
 0 259
 0 260
 0 261
 0 262
 0 263
 0 264
 0 265
 0 266
 0 267
 0 268
 0 269
 0 270
 0 271
 0 272
 0 273
 0 274
 0 275
 0 276
 0 277
 0 278
 0 279
 0 280
 0 281
 0 282
 0 283
 0 284
 0 285
 0 286
 0 287
 0 288
 0 289
 1 290
 1 291
 1 292
 1 293
 0 294
 0 295
 1 296
 4 297
 2 298
 2 299
 4 300
 0 301
 1 302
 0 303
 0 304
 1 305
 2 306
 2 307
 3 308
 3 309
 2 310
 1 311
 3 312
 3 313
 2 314
 3 315
 0 316
 2 317
 3 318
 4 319
 4 320
 0 321
 4 322
 4 323
 3 324
 2 325
 2 326
 5 327
 3 328
 2 329
 7 330
 4 331
 0 332
 4 333
 3 334
 2 335
 1 336
 1 337
 1 338
 2 339
 4 340
 5 341
 4 342
 3 343
 1 344
 5 345
 2 346
 1 347
 2 348
 5 349
 1 350
 2 351
 1 352
 4 353
 3 354
 3 355
 1 356
 4 357
 3 358
 1 359
 0 360
 0 361
 1 362
 1 363
 1 364
 0 365
 0 366
 1 367
 0 368
 0 369
 2 370
 3 371
 2 372
 0 373
 1 374
 0 375
 0 376
 2 377
 0 378
 5 379
 0 380
 1 381
 0 382
 2 383
 0 384
 1 385
 0 386
 0 387
 0 388
 0 389
 0 390
 0 391
 1 392
 0 393
 0 394
 0 395
 0 396
 0 397
 0 398
 0 399
 0 400
 0 401
 0 402
 0 403
 0 404
 0 405
 0 406
 0 407
 0 408
 0 409
 0 410
 0 411
 0 412
 0 413
 0 414
 0 415
 0 416
 0 417
 0 418
 0 419
 0 420
 0 421
 0 422
 0 423
 0 424
 0 425
 0 426
 0 427
 0 428
 0 429
 0 430
 0 431
 0 432
 0 433
 0 434
 0 435
 0 436
 0 437
 0 438
 0 439
 0 440
 0 441
 0 442
 0 443
 0 444
 0 445
 0 446
 0 447
 0 448
 0 449
 0 450
 0 451
 0 452
 0 453
 0 454
 0 455
 0 456
 0 457
 0 458
 0 459
 0 460
 0 461
 0 462
 0 463
 0 464
 0 465
 0 466
 0 467
 0 468
 0 469
 0 470
 0 471
 0 472
 0 473
 0 474
 0 475
 0 476
 0 477
 0 478
 0 479
 0 480
 0 481
 0 482
 0 483
 0 484
 0 485
 0 486
 0 487
 0 488
 0 489
 0 490
 0 491
 0 492
 0 493
 0 494
 0 495
 0 496
 0 497
 0 498
 0 499
 0 500
 0 501
 0 502
 0 503
 0 504
 0 505
 0 506
 0 507
 0 508
 0 509
 0 510
 0 511
 0 512
 0 513
 0 514
 0 515
 0 516
 0 517
 0 518
 0 519
 0 520
 0 521
 0 522
 0 523
 0 524
 0 525
 0 526
 0 527
 0 528
 0 529
 0 530
 0 531
 0 532
 0 533
 0 534
 0 535
 0 536
 0 537
 0 538
 0 539
 0 540
 0 541
 0 542
 0 543
 0 544
 0 545
 0 546
 0 547
 0 548
 0 549
 0 550
 0 551
 0 552
 0 553
 0 554
 0 555
 0 556
 0 557
 0 558
 0 559
 0 560
 0 561
 0 562
 0 563
 0 564
 0 565
 0 566
 0 567
 0 568
 0 569
 0 570
 0 571
 0 572
 0 573
 0 574
 0 575
 0 576
 0 577
 0 578
 0 579
 0 580
 0 581
 0 582
 0 583
 0 584
 0 585
 0 586
 0 587
 0 588
 0 589
 0 590
 0 591
 0 592
 0 593
 0 594
 0 595
 0 596
 0 597
 0 598
 0 599
 0 600


