# Created by Octave 3.8.2, Sun Jun 21 08:14:17 2020 CEST <damian@fptrucha.inv.usc.es>
# name: hd
# type: matrix
# rows: 551
# columns: 2
 0 50
 0 51
 0 52
 0 53
 0 54
 0 55
 0 56
 0 57
 0 58
 0 59
 0 60
 0 61
 0 62
 0 63
 0 64
 0 65
 0 66
 0 67
 0 68
 0 69
 0 70
 0 71
 0 72
 0 73
 0 74
 0 75
 0 76
 0 77
 0 78
 0 79
 0 80
 0 81
 0 82
 0 83
 0 84
 0 85
 0 86
 4 87
 6 88
 16 89
 81 90
 125 91
 213 92
 279 93
 399 94
 555 95
 833 96
 1146 97
 1351 98
 1414 99
 1520 100
 1598 101
 1571 102
 1630 103
 1551 104
 1477 105
 1521 106
 1360 107
 1308 108
 1198 109
 1116 110
 1037 111
 1028 112
 919 113
 855 114
 814 115
 763 116
 661 117
 559 118
 558 119
 538 120
 432 121
 365 122
 361 123
 322 124
 313 125
 239 126
 214 127
 219 128
 161 129
 192 130
 145 131
 141 132
 141 133
 139 134
 103 135
 99 136
 92 137
 80 138
 75 139
 66 140
 70 141
 73 142
 57 143
 50 144
 58 145
 46 146
 30 147
 45 148
 30 149
 41 150
 35 151
 36 152
 27 153
 18 154
 18 155
 19 156
 17 157
 19 158
 18 159
 21 160
 13 161
 15 162
 10 163
 16 164
 16 165
 11 166
 12 167
 10 168
 8 169
 7 170
 6 171
 5 172
 9 173
 5 174
 4 175
 5 176
 8 177
 5 178
 7 179
 5 180
 3 181
 4 182
 4 183
 3 184
 2 185
 2 186
 2 187
 3 188
 1 189
 1 190
 1 191
 1 192
 4 193
 2 194
 1 195
 1 196
 3 197
 0 198
 2 199
 2 200
 1 201
 0 202
 0 203
 2 204
 1 205
 1 206
 1 207
 0 208
 0 209
 0 210
 0 211
 0 212
 0 213
 0 214
 0 215
 1 216
 0 217
 0 218
 1 219
 0 220
 0 221
 0 222
 0 223
 1 224
 0 225
 0 226
 0 227
 0 228
 1 229
 0 230
 0 231
 0 232
 0 233
 0 234
 0 235
 0 236
 0 237
 0 238
 0 239
 0 240
 0 241
 0 242
 0 243
 0 244
 0 245
 0 246
 0 247
 0 248
 0 249
 1 250
 0 251
 0 252
 0 253
 0 254
 0 255
 0 256
 0 257
 0 258
 0 259
 0 260
 0 261
 0 262
 0 263
 0 264
 0 265
 0 266
 0 267
 0 268
 0 269
 0 270
 0 271
 0 272
 0 273
 0 274
 0 275
 0 276
 0 277
 1 278
 0 279
 0 280
 0 281
 1 282
 0 283
 0 284
 0 285
 1 286
 1 287
 0 288
 0 289
 0 290
 0 291
 0 292
 0 293
 0 294
 3 295
 0 296
 0 297
 0 298
 1 299
 0 300
 1 301
 2 302
 2 303
 2 304
 0 305
 0 306
 1 307
 0 308
 1 309
 0 310
 1 311
 2 312
 1 313
 2 314
 2 315
 0 316
 0 317
 0 318
 2 319
 1 320
 1 321
 0 322
 4 323
 4 324
 1 325
 0 326
 0 327
 1 328
 2 329
 4 330
 1 331
 2 332
 2 333
 2 334
 4 335
 0 336
 2 337
 2 338
 2 339
 0 340
 0 341
 0 342
 3 343
 3 344
 0 345
 2 346
 1 347
 2 348
 1 349
 0 350
 0 351
 2 352
 2 353
 0 354
 1 355
 0 356
 1 357
 1 358
 1 359
 2 360
 0 361
 0 362
 1 363
 0 364
 2 365
 0 366
 1 367
 0 368
 0 369
 0 370
 0 371
 1 372
 1 373
 0 374
 2 375
 0 376
 1 377
 2 378
 2 379
 0 380
 1 381
 1 382
 0 383
 1 384
 0 385
 0 386
 0 387
 0 388
 1 389
 0 390
 0 391
 0 392
 0 393
 0 394
 0 395
 0 396
 0 397
 1 398
 0 399
 0 400
 0 401
 0 402
 0 403
 1 404
 0 405
 0 406
 0 407
 0 408
 0 409
 0 410
 0 411
 0 412
 0 413
 0 414
 0 415
 0 416
 0 417
 0 418
 0 419
 0 420
 0 421
 0 422
 0 423
 0 424
 0 425
 0 426
 0 427
 0 428
 0 429
 0 430
 0 431
 0 432
 0 433
 0 434
 0 435
 0 436
 0 437
 0 438
 0 439
 0 440
 0 441
 0 442
 0 443
 0 444
 0 445
 0 446
 0 447
 0 448
 0 449
 0 450
 0 451
 0 452
 0 453
 0 454
 0 455
 0 456
 0 457
 0 458
 0 459
 0 460
 0 461
 0 462
 0 463
 0 464
 0 465
 0 466
 0 467
 0 468
 0 469
 0 470
 0 471
 0 472
 0 473
 0 474
 0 475
 0 476
 0 477
 0 478
 0 479
 0 480
 0 481
 0 482
 0 483
 0 484
 0 485
 0 486
 0 487
 0 488
 0 489
 0 490
 0 491
 0 492
 0 493
 0 494
 0 495
 0 496
 0 497
 0 498
 0 499
 0 500
 0 501
 0 502
 0 503
 0 504
 0 505
 0 506
 0 507
 0 508
 0 509
 0 510
 0 511
 0 512
 0 513
 0 514
 0 515
 0 516
 0 517
 0 518
 0 519
 0 520
 0 521
 0 522
 0 523
 0 524
 0 525
 0 526
 0 527
 0 528
 0 529
 0 530
 0 531
 0 532
 0 533
 0 534
 0 535
 0 536
 0 537
 0 538
 0 539
 0 540
 0 541
 0 542
 0 543
 0 544
 0 545
 0 546
 0 547
 0 548
 0 549
 0 550
 0 551
 0 552
 0 553
 0 554
 0 555
 0 556
 0 557
 0 558
 0 559
 0 560
 0 561
 0 562
 0 563
 0 564
 0 565
 0 566
 0 567
 0 568
 0 569
 0 570
 0 571
 0 572
 0 573
 0 574
 0 575
 0 576
 0 577
 0 578
 0 579
 0 580
 0 581
 0 582
 0 583
 0 584
 0 585
 0 586
 0 587
 0 588
 0 589
 0 590
 0 591
 0 592
 0 593
 0 594
 0 595
 0 596
 0 597
 0 598
 0 599
 0 600


