# Created by Octave 3.8.2, Sat Jun 20 20:59:47 2020 CEST <damian@fptrucha.inv.usc.es>
# name: hd
# type: matrix
# rows: 551
# columns: 2
 0 50
 0 51
 0 52
 0 53
 0 54
 0 55
 0 56
 0 57
 0 58
 0 59
 0 60
 0 61
 0 62
 0 63
 0 64
 0 65
 0 66
 0 67
 0 68
 0 69
 0 70
 0 71
 0 72
 0 73
 0 74
 0 75
 0 76
 0 77
 0 78
 0 79
 0 80
 0 81
 0 82
 0 83
 0 84
 1 85
 0 86
 3 87
 7 88
 24 89
 56 90
 97 91
 207 92
 259 93
 384 94
 577 95
 773 96
 1053 97
 1283 98
 1338 99
 1556 100
 1565 101
 1571 102
 1546 103
 1543 104
 1492 105
 1482 106
 1311 107
 1326 108
 1273 109
 1185 110
 1047 111
 984 112
 899 113
 784 114
 880 115
 703 116
 670 117
 542 118
 524 119
 460 120
 449 121
 445 122
 379 123
 308 124
 282 125
 297 126
 219 127
 204 128
 201 129
 197 130
 166 131
 140 132
 118 133
 125 134
 120 135
 106 136
 117 137
 83 138
 88 139
 97 140
 61 141
 84 142
 62 143
 57 144
 57 145
 59 146
 57 147
 58 148
 44 149
 35 150
 44 151
 41 152
 38 153
 33 154
 38 155
 19 156
 23 157
 21 158
 14 159
 18 160
 24 161
 28 162
 19 163
 14 164
 17 165
 12 166
 15 167
 12 168
 12 169
 7 170
 12 171
 7 172
 6 173
 11 174
 4 175
 6 176
 7 177
 3 178
 7 179
 3 180
 4 181
 1 182
 2 183
 4 184
 6 185
 2 186
 2 187
 2 188
 1 189
 3 190
 0 191
 3 192
 2 193
 3 194
 0 195
 2 196
 1 197
 2 198
 1 199
 2 200
 1 201
 0 202
 0 203
 0 204
 0 205
 0 206
 0 207
 0 208
 1 209
 1 210
 0 211
 0 212
 0 213
 0 214
 1 215
 0 216
 1 217
 0 218
 0 219
 0 220
 1 221
 0 222
 2 223
 1 224
 0 225
 0 226
 0 227
 0 228
 0 229
 0 230
 0 231
 0 232
 0 233
 0 234
 0 235
 0 236
 0 237
 0 238
 0 239
 0 240
 0 241
 0 242
 0 243
 0 244
 0 245
 0 246
 0 247
 0 248
 0 249
 0 250
 1 251
 0 252
 0 253
 0 254
 0 255
 0 256
 0 257
 0 258
 0 259
 0 260
 0 261
 0 262
 0 263
 0 264
 0 265
 0 266
 0 267
 0 268
 0 269
 0 270
 0 271
 0 272
 0 273
 0 274
 0 275
 0 276
 0 277
 0 278
 0 279
 1 280
 1 281
 0 282
 0 283
 0 284
 0 285
 0 286
 0 287
 0 288
 0 289
 0 290
 0 291
 1 292
 1 293
 0 294
 1 295
 0 296
 0 297
 0 298
 2 299
 0 300
 0 301
 0 302
 0 303
 1 304
 1 305
 0 306
 2 307
 0 308
 1 309
 2 310
 1 311
 1 312
 1 313
 1 314
 1 315
 1 316
 3 317
 0 318
 3 319
 1 320
 0 321
 0 322
 0 323
 2 324
 1 325
 4 326
 1 327
 2 328
 0 329
 2 330
 1 331
 4 332
 0 333
 2 334
 3 335
 1 336
 0 337
 1 338
 0 339
 1 340
 1 341
 3 342
 4 343
 0 344
 7 345
 3 346
 0 347
 4 348
 1 349
 2 350
 2 351
 2 352
 1 353
 0 354
 1 355
 2 356
 1 357
 2 358
 2 359
 2 360
 1 361
 4 362
 2 363
 3 364
 3 365
 3 366
 1 367
 0 368
 1 369
 1 370
 1 371
 0 372
 0 373
 1 374
 0 375
 3 376
 0 377
 0 378
 0 379
 0 380
 0 381
 0 382
 0 383
 1 384
 0 385
 1 386
 1 387
 1 388
 0 389
 1 390
 2 391
 0 392
 0 393
 0 394
 0 395
 0 396
 1 397
 0 398
 0 399
 0 400
 0 401
 0 402
 0 403
 2 404
 2 405
 1 406
 0 407
 0 408
 0 409
 1 410
 0 411
 0 412
 1 413
 0 414
 0 415
 1 416
 0 417
 0 418
 0 419
 0 420
 0 421
 0 422
 0 423
 0 424
 0 425
 0 426
 0 427
 0 428
 0 429
 0 430
 0 431
 0 432
 0 433
 0 434
 0 435
 0 436
 0 437
 0 438
 0 439
 0 440
 0 441
 0 442
 0 443
 0 444
 0 445
 0 446
 0 447
 0 448
 0 449
 0 450
 0 451
 0 452
 0 453
 0 454
 0 455
 0 456
 0 457
 0 458
 0 459
 0 460
 0 461
 0 462
 0 463
 0 464
 0 465
 0 466
 0 467
 0 468
 0 469
 0 470
 0 471
 0 472
 0 473
 0 474
 0 475
 0 476
 0 477
 0 478
 0 479
 0 480
 0 481
 0 482
 0 483
 0 484
 0 485
 0 486
 0 487
 0 488
 0 489
 0 490
 0 491
 0 492
 0 493
 0 494
 0 495
 0 496
 0 497
 0 498
 0 499
 0 500
 0 501
 0 502
 0 503
 0 504
 0 505
 0 506
 0 507
 0 508
 0 509
 0 510
 0 511
 0 512
 0 513
 0 514
 0 515
 0 516
 0 517
 0 518
 0 519
 0 520
 0 521
 0 522
 0 523
 0 524
 0 525
 0 526
 0 527
 0 528
 0 529
 0 530
 0 531
 0 532
 0 533
 0 534
 0 535
 0 536
 0 537
 0 538
 0 539
 0 540
 0 541
 0 542
 0 543
 0 544
 0 545
 0 546
 0 547
 0 548
 0 549
 0 550
 0 551
 0 552
 0 553
 0 554
 0 555
 0 556
 0 557
 0 558
 0 559
 0 560
 0 561
 0 562
 0 563
 0 564
 0 565
 0 566
 0 567
 0 568
 0 569
 0 570
 0 571
 0 572
 0 573
 0 574
 0 575
 0 576
 0 577
 0 578
 0 579
 0 580
 0 581
 0 582
 0 583
 0 584
 0 585
 0 586
 0 587
 0 588
 0 589
 0 590
 0 591
 0 592
 0 593
 0 594
 0 595
 0 596
 0 597
 0 598
 0 599
 0 600


