# Created by Octave 3.8.2, Mon Jun 22 07:07:42 2020 CEST <damian@fptrucha.inv.usc.es>
# name: hd
# type: matrix
# rows: 551
# columns: 2
 0 50
 0 51
 0 52
 0 53
 0 54
 0 55
 0 56
 0 57
 0 58
 0 59
 0 60
 0 61
 0 62
 0 63
 0 64
 0 65
 0 66
 0 67
 0 68
 0 69
 0 70
 0 71
 0 72
 0 73
 0 74
 0 75
 0 76
 0 77
 0 78
 0 79
 0 80
 0 81
 0 82
 0 83
 0 84
 0 85
 0 86
 1 87
 2 88
 7 89
 38 90
 116 91
 160 92
 283 93
 309 94
 441 95
 673 96
 1033 97
 1383 98
 1553 99
 1631 100
 1661 101
 1736 102
 1686 103
 1591 104
 1557 105
 1505 106
 1340 107
 1304 108
 1229 109
 1081 110
 1024 111
 901 112
 845 113
 744 114
 697 115
 595 116
 533 117
 461 118
 434 119
 395 120
 325 121
 265 122
 255 123
 229 124
 189 125
 201 126
 171 127
 169 128
 163 129
 139 130
 154 131
 122 132
 98 133
 89 134
 116 135
 117 136
 97 137
 87 138
 94 139
 78 140
 61 141
 69 142
 76 143
 59 144
 64 145
 62 146
 57 147
 54 148
 46 149
 37 150
 42 151
 32 152
 40 153
 37 154
 39 155
 46 156
 20 157
 39 158
 45 159
 21 160
 21 161
 17 162
 22 163
 21 164
 17 165
 10 166
 14 167
 20 168
 18 169
 14 170
 8 171
 9 172
 12 173
 11 174
 7 175
 12 176
 4 177
 9 178
 7 179
 7 180
 6 181
 5 182
 3 183
 8 184
 8 185
 2 186
 7 187
 9 188
 2 189
 2 190
 3 191
 5 192
 2 193
 4 194
 3 195
 5 196
 1 197
 3 198
 1 199
 1 200
 1 201
 1 202
 1 203
 1 204
 2 205
 1 206
 0 207
 0 208
 1 209
 0 210
 0 211
 0 212
 0 213
 0 214
 0 215
 2 216
 3 217
 0 218
 0 219
 0 220
 0 221
 2 222
 0 223
 1 224
 0 225
 0 226
 0 227
 0 228
 0 229
 0 230
 0 231
 0 232
 0 233
 0 234
 0 235
 0 236
 0 237
 0 238
 0 239
 0 240
 0 241
 0 242
 0 243
 0 244
 0 245
 0 246
 0 247
 0 248
 0 249
 0 250
 0 251
 0 252
 0 253
 0 254
 0 255
 0 256
 0 257
 0 258
 0 259
 0 260
 0 261
 0 262
 0 263
 0 264
 0 265
 0 266
 0 267
 0 268
 0 269
 0 270
 0 271
 0 272
 0 273
 0 274
 0 275
 0 276
 0 277
 0 278
 0 279
 0 280
 0 281
 1 282
 0 283
 0 284
 0 285
 0 286
 0 287
 0 288
 3 289
 1 290
 0 291
 0 292
 2 293
 0 294
 0 295
 0 296
 1 297
 4 298
 0 299
 2 300
 5 301
 1 302
 1 303
 3 304
 1 305
 2 306
 2 307
 1 308
 1 309
 0 310
 1 311
 4 312
 1 313
 4 314
 1 315
 2 316
 0 317
 3 318
 2 319
 1 320
 0 321
 2 322
 1 323
 1 324
 3 325
 4 326
 1 327
 2 328
 2 329
 1 330
 0 331
 4 332
 4 333
 2 334
 5 335
 2 336
 2 337
 1 338
 1 339
 0 340
 2 341
 2 342
 1 343
 1 344
 4 345
 2 346
 2 347
 4 348
 2 349
 2 350
 1 351
 2 352
 1 353
 1 354
 0 355
 2 356
 1 357
 2 358
 3 359
 4 360
 1 361
 1 362
 1 363
 1 364
 2 365
 0 366
 2 367
 1 368
 0 369
 0 370
 1 371
 3 372
 0 373
 1 374
 2 375
 0 376
 1 377
 0 378
 2 379
 1 380
 1 381
 0 382
 2 383
 0 384
 0 385
 1 386
 0 387
 1 388
 0 389
 0 390
 0 391
 1 392
 0 393
 0 394
 0 395
 1 396
 0 397
 0 398
 0 399
 0 400
 0 401
 0 402
 0 403
 0 404
 0 405
 0 406
 0 407
 0 408
 0 409
 0 410
 0 411
 0 412
 0 413
 0 414
 0 415
 0 416
 0 417
 0 418
 0 419
 0 420
 0 421
 0 422
 0 423
 0 424
 0 425
 0 426
 0 427
 0 428
 0 429
 0 430
 0 431
 0 432
 0 433
 0 434
 0 435
 0 436
 0 437
 0 438
 0 439
 0 440
 0 441
 0 442
 0 443
 0 444
 0 445
 0 446
 0 447
 0 448
 0 449
 0 450
 0 451
 0 452
 0 453
 0 454
 0 455
 0 456
 0 457
 0 458
 0 459
 0 460
 0 461
 0 462
 0 463
 0 464
 0 465
 0 466
 0 467
 0 468
 0 469
 0 470
 0 471
 0 472
 0 473
 0 474
 0 475
 0 476
 0 477
 0 478
 0 479
 0 480
 0 481
 0 482
 0 483
 0 484
 0 485
 0 486
 0 487
 0 488
 0 489
 0 490
 0 491
 0 492
 0 493
 0 494
 0 495
 0 496
 0 497
 0 498
 0 499
 0 500
 0 501
 0 502
 0 503
 0 504
 0 505
 0 506
 0 507
 0 508
 0 509
 0 510
 0 511
 0 512
 0 513
 0 514
 0 515
 0 516
 0 517
 0 518
 0 519
 0 520
 0 521
 0 522
 0 523
 0 524
 0 525
 0 526
 0 527
 0 528
 0 529
 0 530
 0 531
 0 532
 0 533
 0 534
 0 535
 0 536
 0 537
 0 538
 0 539
 0 540
 0 541
 0 542
 0 543
 0 544
 0 545
 0 546
 0 547
 0 548
 0 549
 0 550
 0 551
 0 552
 0 553
 0 554
 0 555
 0 556
 0 557
 0 558
 0 559
 0 560
 0 561
 0 562
 0 563
 0 564
 0 565
 0 566
 0 567
 0 568
 0 569
 0 570
 0 571
 0 572
 0 573
 0 574
 0 575
 0 576
 0 577
 0 578
 0 579
 0 580
 0 581
 0 582
 0 583
 0 584
 0 585
 0 586
 0 587
 0 588
 0 589
 0 590
 0 591
 0 592
 0 593
 0 594
 0 595
 0 596
 0 597
 0 598
 0 599
 0 600


