# Created by Octave 3.8.2, Sat Jun 20 16:48:26 2020 CEST <damian@fptrucha.inv.usc.es>
# name: hd
# type: matrix
# rows: 551
# columns: 2
 0 50
 0 51
 0 52
 0 53
 0 54
 0 55
 0 56
 0 57
 0 58
 0 59
 0 60
 0 61
 0 62
 0 63
 0 64
 0 65
 0 66
 0 67
 0 68
 0 69
 0 70
 0 71
 0 72
 0 73
 0 74
 0 75
 0 76
 0 77
 0 78
 0 79
 0 80
 0 81
 0 82
 0 83
 0 84
 0 85
 0 86
 3 87
 8 88
 13 89
 67 90
 134 91
 185 92
 254 93
 358 94
 520 95
 859 96
 1088 97
 1304 98
 1415 99
 1530 100
 1557 101
 1561 102
 1631 103
 1536 104
 1502 105
 1446 106
 1350 107
 1331 108
 1208 109
 1241 110
 1034 111
 1030 112
 956 113
 904 114
 799 115
 710 116
 614 117
 601 118
 574 119
 528 120
 450 121
 418 122
 394 123
 349 124
 292 125
 275 126
 269 127
 231 128
 206 129
 187 130
 164 131
 137 132
 137 133
 134 134
 125 135
 118 136
 102 137
 91 138
 105 139
 77 140
 76 141
 96 142
 65 143
 71 144
 77 145
 65 146
 59 147
 52 148
 44 149
 44 150
 54 151
 41 152
 44 153
 35 154
 33 155
 30 156
 26 157
 28 158
 29 159
 25 160
 16 161
 23 162
 19 163
 16 164
 15 165
 15 166
 8 167
 12 168
 14 169
 10 170
 14 171
 9 172
 8 173
 15 174
 6 175
 9 176
 10 177
 4 178
 8 179
 8 180
 7 181
 6 182
 5 183
 6 184
 10 185
 6 186
 3 187
 6 188
 1 189
 1 190
 1 191
 1 192
 2 193
 2 194
 3 195
 1 196
 2 197
 2 198
 0 199
 3 200
 0 201
 1 202
 1 203
 2 204
 1 205
 0 206
 1 207
 1 208
 0 209
 0 210
 0 211
 1 212
 0 213
 0 214
 0 215
 0 216
 0 217
 0 218
 0 219
 1 220
 0 221
 1 222
 0 223
 0 224
 0 225
 1 226
 0 227
 0 228
 0 229
 1 230
 0 231
 0 232
 0 233
 1 234
 1 235
 0 236
 0 237
 0 238
 0 239
 0 240
 0 241
 0 242
 1 243
 0 244
 0 245
 0 246
 0 247
 0 248
 0 249
 0 250
 0 251
 0 252
 0 253
 0 254
 0 255
 0 256
 0 257
 0 258
 1 259
 0 260
 0 261
 0 262
 0 263
 0 264
 0 265
 0 266
 0 267
 0 268
 1 269
 0 270
 0 271
 0 272
 0 273
 0 274
 0 275
 0 276
 0 277
 1 278
 0 279
 0 280
 0 281
 0 282
 0 283
 0 284
 0 285
 0 286
 0 287
 0 288
 0 289
 0 290
 0 291
 0 292
 0 293
 0 294
 0 295
 1 296
 0 297
 0 298
 0 299
 0 300
 1 301
 1 302
 1 303
 0 304
 0 305
 0 306
 2 307
 2 308
 1 309
 2 310
 1 311
 2 312
 1 313
 2 314
 2 315
 1 316
 2 317
 3 318
 1 319
 2 320
 1 321
 2 322
 1 323
 1 324
 0 325
 0 326
 1 327
 0 328
 2 329
 2 330
 1 331
 0 332
 3 333
 3 334
 3 335
 3 336
 2 337
 2 338
 3 339
 3 340
 1 341
 4 342
 3 343
 1 344
 2 345
 0 346
 0 347
 3 348
 1 349
 0 350
 0 351
 0 352
 2 353
 0 354
 3 355
 0 356
 3 357
 1 358
 3 359
 2 360
 2 361
 0 362
 0 363
 1 364
 3 365
 1 366
 0 367
 0 368
 1 369
 0 370
 0 371
 0 372
 1 373
 1 374
 2 375
 1 376
 1 377
 0 378
 0 379
 2 380
 1 381
 2 382
 2 383
 1 384
 1 385
 0 386
 1 387
 0 388
 3 389
 2 390
 0 391
 0 392
 0 393
 0 394
 0 395
 2 396
 0 397
 0 398
 0 399
 0 400
 0 401
 0 402
 0 403
 0 404
 0 405
 2 406
 1 407
 0 408
 0 409
 0 410
 0 411
 0 412
 0 413
 0 414
 0 415
 0 416
 0 417
 0 418
 0 419
 0 420
 0 421
 0 422
 0 423
 0 424
 0 425
 0 426
 0 427
 0 428
 1 429
 0 430
 0 431
 0 432
 0 433
 0 434
 0 435
 0 436
 0 437
 0 438
 0 439
 0 440
 0 441
 0 442
 0 443
 0 444
 0 445
 0 446
 0 447
 0 448
 0 449
 0 450
 0 451
 0 452
 0 453
 0 454
 0 455
 0 456
 0 457
 0 458
 0 459
 0 460
 0 461
 0 462
 0 463
 0 464
 0 465
 0 466
 0 467
 0 468
 0 469
 0 470
 0 471
 0 472
 0 473
 0 474
 0 475
 0 476
 0 477
 0 478
 0 479
 0 480
 0 481
 0 482
 0 483
 0 484
 0 485
 0 486
 0 487
 0 488
 0 489
 0 490
 0 491
 0 492
 0 493
 0 494
 0 495
 0 496
 0 497
 0 498
 0 499
 0 500
 0 501
 0 502
 0 503
 0 504
 0 505
 0 506
 0 507
 0 508
 0 509
 0 510
 0 511
 0 512
 0 513
 0 514
 0 515
 0 516
 0 517
 0 518
 0 519
 0 520
 0 521
 0 522
 0 523
 0 524
 0 525
 0 526
 0 527
 0 528
 0 529
 0 530
 0 531
 0 532
 0 533
 0 534
 0 535
 0 536
 0 537
 0 538
 0 539
 0 540
 0 541
 0 542
 0 543
 0 544
 0 545
 0 546
 0 547
 0 548
 0 549
 0 550
 0 551
 0 552
 0 553
 0 554
 0 555
 0 556
 0 557
 0 558
 0 559
 0 560
 0 561
 0 562
 0 563
 0 564
 0 565
 0 566
 0 567
 0 568
 0 569
 0 570
 0 571
 0 572
 0 573
 0 574
 0 575
 0 576
 0 577
 0 578
 0 579
 0 580
 0 581
 0 582
 0 583
 0 584
 0 585
 0 586
 0 587
 0 588
 0 589
 0 590
 0 591
 0 592
 0 593
 0 594
 0 595
 0 596
 0 597
 0 598
 0 599
 0 600


