# Created by Octave 3.8.2, Mon Jun 22 14:07:50 2020 CEST <damian@fptrucha.inv.usc.es>
# name: hd
# type: matrix
# rows: 551
# columns: 2
 0 50
 0 51
 0 52
 0 53
 0 54
 0 55
 0 56
 0 57
 0 58
 0 59
 0 60
 0 61
 0 62
 0 63
 0 64
 0 65
 0 66
 0 67
 0 68
 0 69
 0 70
 0 71
 0 72
 0 73
 0 74
 0 75
 0 76
 0 77
 0 78
 0 79
 0 80
 0 81
 0 82
 0 83
 0 84
 0 85
 0 86
 1 87
 1 88
 8 89
 33 90
 116 91
 202 92
 333 93
 415 94
 569 95
 898 96
 1243 97
 1508 98
 1682 99
 1778 100
 1860 101
 1926 102
 1857 103
 1739 104
 1696 105
 1599 106
 1446 107
 1343 108
 1268 109
 1191 110
 993 111
 915 112
 822 113
 737 114
 654 115
 577 116
 532 117
 463 118
 420 119
 364 120
 358 121
 282 122
 271 123
 250 124
 237 125
 211 126
 190 127
 188 128
 152 129
 121 130
 132 131
 130 132
 123 133
 115 134
 126 135
 86 136
 88 137
 62 138
 57 139
 99 140
 73 141
 66 142
 49 143
 53 144
 58 145
 48 146
 46 147
 37 148
 36 149
 46 150
 35 151
 31 152
 35 153
 40 154
 42 155
 25 156
 35 157
 17 158
 26 159
 31 160
 26 161
 20 162
 14 163
 17 164
 13 165
 19 166
 12 167
 7 168
 8 169
 13 170
 16 171
 10 172
 12 173
 5 174
 10 175
 10 176
 8 177
 11 178
 7 179
 9 180
 2 181
 6 182
 2 183
 6 184
 4 185
 3 186
 5 187
 3 188
 6 189
 4 190
 6 191
 0 192
 4 193
 0 194
 1 195
 1 196
 2 197
 2 198
 1 199
 2 200
 1 201
 1 202
 1 203
 2 204
 2 205
 1 206
 1 207
 0 208
 1 209
 0 210
 0 211
 2 212
 0 213
 0 214
 1 215
 1 216
 0 217
 0 218
 0 219
 1 220
 0 221
 0 222
 0 223
 1 224
 0 225
 0 226
 0 227
 0 228
 0 229
 0 230
 1 231
 0 232
 1 233
 0 234
 0 235
 0 236
 0 237
 0 238
 0 239
 0 240
 0 241
 0 242
 0 243
 0 244
 0 245
 0 246
 0 247
 0 248
 0 249
 0 250
 0 251
 0 252
 0 253
 0 254
 0 255
 0 256
 0 257
 1 258
 0 259
 0 260
 0 261
 0 262
 0 263
 1 264
 0 265
 0 266
 0 267
 0 268
 0 269
 0 270
 0 271
 0 272
 0 273
 0 274
 0 275
 0 276
 0 277
 0 278
 0 279
 0 280
 1 281
 0 282
 0 283
 1 284
 0 285
 0 286
 0 287
 0 288
 2 289
 1 290
 1 291
 2 292
 0 293
 3 294
 3 295
 2 296
 1 297
 2 298
 0 299
 1 300
 2 301
 1 302
 2 303
 1 304
 2 305
 0 306
 2 307
 1 308
 4 309
 2 310
 2 311
 0 312
 0 313
 0 314
 1 315
 2 316
 6 317
 5 318
 4 319
 0 320
 1 321
 4 322
 3 323
 1 324
 1 325
 1 326
 3 327
 2 328
 3 329
 2 330
 3 331
 0 332
 3 333
 3 334
 2 335
 1 336
 0 337
 7 338
 4 339
 7 340
 3 341
 4 342
 0 343
 5 344
 3 345
 2 346
 2 347
 3 348
 4 349
 1 350
 3 351
 3 352
 2 353
 2 354
 1 355
 4 356
 1 357
 0 358
 1 359
 4 360
 1 361
 1 362
 1 363
 1 364
 0 365
 0 366
 0 367
 2 368
 1 369
 0 370
 0 371
 1 372
 1 373
 2 374
 1 375
 1 376
 0 377
 2 378
 1 379
 1 380
 0 381
 1 382
 1 383
 0 384
 1 385
 0 386
 0 387
 0 388
 0 389
 0 390
 0 391
 1 392
 1 393
 0 394
 0 395
 0 396
 0 397
 1 398
 0 399
 0 400
 1 401
 0 402
 0 403
 0 404
 0 405
 0 406
 0 407
 0 408
 0 409
 0 410
 0 411
 0 412
 0 413
 0 414
 0 415
 0 416
 1 417
 0 418
 0 419
 0 420
 0 421
 0 422
 0 423
 0 424
 0 425
 0 426
 0 427
 0 428
 0 429
 1 430
 0 431
 0 432
 0 433
 0 434
 0 435
 0 436
 0 437
 0 438
 0 439
 0 440
 0 441
 0 442
 0 443
 0 444
 0 445
 0 446
 0 447
 0 448
 0 449
 0 450
 0 451
 0 452
 0 453
 0 454
 0 455
 0 456
 0 457
 0 458
 0 459
 0 460
 0 461
 0 462
 0 463
 0 464
 0 465
 0 466
 0 467
 0 468
 0 469
 0 470
 0 471
 0 472
 0 473
 0 474
 0 475
 0 476
 0 477
 0 478
 0 479
 0 480
 0 481
 0 482
 0 483
 0 484
 0 485
 0 486
 0 487
 0 488
 0 489
 0 490
 0 491
 0 492
 0 493
 0 494
 0 495
 0 496
 0 497
 0 498
 0 499
 0 500
 0 501
 0 502
 0 503
 0 504
 0 505
 0 506
 0 507
 0 508
 0 509
 0 510
 0 511
 0 512
 0 513
 0 514
 0 515
 0 516
 0 517
 0 518
 0 519
 0 520
 0 521
 0 522
 0 523
 0 524
 0 525
 0 526
 0 527
 0 528
 0 529
 0 530
 0 531
 0 532
 0 533
 0 534
 0 535
 0 536
 0 537
 0 538
 0 539
 0 540
 0 541
 0 542
 0 543
 0 544
 0 545
 0 546
 0 547
 0 548
 0 549
 0 550
 0 551
 0 552
 0 553
 0 554
 0 555
 0 556
 0 557
 0 558
 0 559
 0 560
 0 561
 0 562
 0 563
 0 564
 0 565
 0 566
 0 567
 0 568
 0 569
 0 570
 0 571
 0 572
 0 573
 0 574
 0 575
 0 576
 0 577
 0 578
 0 579
 0 580
 0 581
 0 582
 0 583
 0 584
 0 585
 0 586
 0 587
 0 588
 0 589
 0 590
 0 591
 0 592
 0 593
 0 594
 0 595
 0 596
 0 597
 0 598
 0 599
 0 600


