# Created by Octave 3.8.2, Sat Jun 20 20:31:38 2020 CEST <damian@fptrucha.inv.usc.es>
# name: hd
# type: matrix
# rows: 551
# columns: 2
 0 50
 0 51
 0 52
 0 53
 0 54
 0 55
 0 56
 0 57
 0 58
 0 59
 0 60
 0 61
 0 62
 0 63
 0 64
 0 65
 0 66
 0 67
 0 68
 0 69
 0 70
 0 71
 0 72
 0 73
 0 74
 0 75
 0 76
 0 77
 0 78
 0 79
 0 80
 0 81
 0 82
 0 83
 0 84
 0 85
 0 86
 6 87
 7 88
 17 89
 68 90
 130 91
 212 92
 288 93
 366 94
 591 95
 827 96
 1115 97
 1357 98
 1442 99
 1608 100
 1632 101
 1657 102
 1570 103
 1560 104
 1553 105
 1443 106
 1444 107
 1354 108
 1226 109
 1087 110
 1085 111
 1064 112
 963 113
 850 114
 823 115
 684 116
 726 117
 533 118
 512 119
 483 120
 406 121
 381 122
 345 123
 309 124
 294 125
 248 126
 245 127
 187 128
 214 129
 190 130
 189 131
 151 132
 128 133
 130 134
 109 135
 93 136
 105 137
 116 138
 99 139
 84 140
 79 141
 84 142
 62 143
 63 144
 63 145
 58 146
 42 147
 41 148
 42 149
 42 150
 32 151
 31 152
 41 153
 41 154
 31 155
 31 156
 27 157
 20 158
 25 159
 30 160
 26 161
 26 162
 13 163
 22 164
 10 165
 7 166
 12 167
 10 168
 17 169
 11 170
 6 171
 9 172
 3 173
 10 174
 5 175
 8 176
 11 177
 8 178
 7 179
 5 180
 4 181
 3 182
 5 183
 3 184
 1 185
 1 186
 3 187
 3 188
 3 189
 2 190
 2 191
 1 192
 1 193
 3 194
 2 195
 1 196
 0 197
 3 198
 3 199
 0 200
 0 201
 1 202
 0 203
 0 204
 0 205
 0 206
 2 207
 0 208
 0 209
 0 210
 0 211
 0 212
 1 213
 0 214
 0 215
 0 216
 1 217
 1 218
 0 219
 1 220
 0 221
 1 222
 0 223
 0 224
 0 225
 0 226
 0 227
 0 228
 0 229
 0 230
 0 231
 0 232
 0 233
 0 234
 0 235
 0 236
 0 237
 0 238
 0 239
 0 240
 0 241
 0 242
 0 243
 0 244
 0 245
 0 246
 0 247
 0 248
 0 249
 0 250
 0 251
 0 252
 0 253
 0 254
 0 255
 0 256
 0 257
 0 258
 0 259
 0 260
 0 261
 0 262
 0 263
 0 264
 0 265
 0 266
 0 267
 0 268
 0 269
 0 270
 0 271
 0 272
 0 273
 0 274
 0 275
 0 276
 0 277
 0 278
 1 279
 0 280
 0 281
 0 282
 0 283
 0 284
 0 285
 0 286
 0 287
 1 288
 0 289
 0 290
 1 291
 0 292
 0 293
 1 294
 1 295
 0 296
 0 297
 0 298
 1 299
 1 300
 0 301
 0 302
 0 303
 1 304
 1 305
 2 306
 0 307
 3 308
 2 309
 1 310
 0 311
 0 312
 2 313
 1 314
 0 315
 2 316
 0 317
 1 318
 2 319
 0 320
 1 321
 0 322
 1 323
 2 324
 0 325
 4 326
 1 327
 2 328
 5 329
 1 330
 0 331
 1 332
 1 333
 1 334
 1 335
 3 336
 3 337
 1 338
 4 339
 1 340
 0 341
 0 342
 3 343
 2 344
 2 345
 2 346
 2 347
 2 348
 3 349
 2 350
 2 351
 0 352
 0 353
 4 354
 0 355
 1 356
 3 357
 2 358
 1 359
 1 360
 2 361
 2 362
 0 363
 0 364
 0 365
 1 366
 1 367
 2 368
 1 369
 1 370
 2 371
 1 372
 1 373
 0 374
 2 375
 1 376
 0 377
 0 378
 0 379
 1 380
 0 381
 0 382
 1 383
 2 384
 0 385
 2 386
 1 387
 0 388
 3 389
 0 390
 0 391
 1 392
 1 393
 0 394
 0 395
 0 396
 0 397
 0 398
 1 399
 1 400
 1 401
 0 402
 2 403
 0 404
 0 405
 0 406
 0 407
 0 408
 0 409
 1 410
 0 411
 0 412
 0 413
 0 414
 0 415
 0 416
 0 417
 0 418
 0 419
 0 420
 0 421
 0 422
 0 423
 0 424
 0 425
 0 426
 0 427
 0 428
 0 429
 0 430
 0 431
 0 432
 0 433
 0 434
 0 435
 0 436
 0 437
 0 438
 0 439
 0 440
 0 441
 0 442
 0 443
 0 444
 0 445
 0 446
 0 447
 0 448
 0 449
 0 450
 0 451
 0 452
 0 453
 0 454
 0 455
 0 456
 0 457
 0 458
 0 459
 0 460
 0 461
 0 462
 0 463
 0 464
 0 465
 0 466
 0 467
 0 468
 0 469
 0 470
 0 471
 0 472
 0 473
 0 474
 0 475
 0 476
 0 477
 0 478
 0 479
 0 480
 0 481
 0 482
 0 483
 0 484
 0 485
 0 486
 0 487
 0 488
 0 489
 0 490
 0 491
 0 492
 0 493
 0 494
 0 495
 0 496
 0 497
 0 498
 0 499
 0 500
 0 501
 0 502
 0 503
 0 504
 0 505
 0 506
 0 507
 0 508
 0 509
 0 510
 0 511
 0 512
 0 513
 0 514
 0 515
 0 516
 0 517
 0 518
 0 519
 0 520
 0 521
 0 522
 0 523
 0 524
 0 525
 0 526
 0 527
 0 528
 0 529
 0 530
 0 531
 0 532
 0 533
 0 534
 0 535
 0 536
 0 537
 0 538
 0 539
 0 540
 0 541
 0 542
 0 543
 0 544
 0 545
 0 546
 0 547
 0 548
 0 549
 0 550
 0 551
 0 552
 0 553
 0 554
 0 555
 0 556
 0 557
 0 558
 0 559
 0 560
 0 561
 0 562
 0 563
 0 564
 0 565
 0 566
 0 567
 0 568
 0 569
 0 570
 0 571
 0 572
 0 573
 0 574
 0 575
 0 576
 0 577
 0 578
 0 579
 0 580
 0 581
 0 582
 0 583
 0 584
 0 585
 0 586
 0 587
 0 588
 0 589
 0 590
 0 591
 0 592
 0 593
 0 594
 0 595
 0 596
 0 597
 0 598
 0 599
 0 600


