# Created by Octave 3.8.2, Mon Jun 22 13:28:58 2020 CEST <damian@fptrucha.inv.usc.es>
# name: hd
# type: matrix
# rows: 551
# columns: 2
 0 50
 0 51
 0 52
 0 53
 0 54
 0 55
 0 56
 0 57
 0 58
 0 59
 0 60
 0 61
 0 62
 0 63
 0 64
 0 65
 0 66
 0 67
 0 68
 0 69
 0 70
 0 71
 0 72
 0 73
 0 74
 0 75
 0 76
 0 77
 0 78
 0 79
 0 80
 0 81
 0 82
 0 83
 0 84
 0 85
 0 86
 1 87
 4 88
 9 89
 55 90
 117 91
 211 92
 302 93
 388 94
 524 95
 870 96
 1245 97
 1512 98
 1607 99
 1755 100
 1834 101
 1982 102
 1791 103
 1743 104
 1721 105
 1566 106
 1505 107
 1350 108
 1233 109
 1197 110
 996 111
 939 112
 884 113
 763 114
 705 115
 624 116
 536 117
 482 118
 450 119
 384 120
 390 121
 314 122
 246 123
 230 124
 253 125
 214 126
 195 127
 159 128
 181 129
 164 130
 120 131
 130 132
 132 133
 105 134
 114 135
 94 136
 99 137
 92 138
 72 139
 65 140
 81 141
 58 142
 63 143
 57 144
 47 145
 59 146
 74 147
 41 148
 38 149
 35 150
 35 151
 38 152
 34 153
 35 154
 26 155
 27 156
 16 157
 34 158
 29 159
 24 160
 18 161
 23 162
 18 163
 25 164
 19 165
 21 166
 12 167
 8 168
 14 169
 10 170
 8 171
 12 172
 13 173
 8 174
 4 175
 11 176
 7 177
 5 178
 10 179
 6 180
 7 181
 5 182
 5 183
 8 184
 2 185
 4 186
 4 187
 0 188
 7 189
 5 190
 5 191
 3 192
 1 193
 8 194
 2 195
 6 196
 0 197
 4 198
 1 199
 1 200
 2 201
 1 202
 1 203
 2 204
 0 205
 1 206
 0 207
 0 208
 1 209
 0 210
 1 211
 0 212
 4 213
 0 214
 0 215
 0 216
 0 217
 0 218
 0 219
 1 220
 1 221
 0 222
 1 223
 0 224
 0 225
 0 226
 0 227
 0 228
 0 229
 0 230
 0 231
 0 232
 1 233
 1 234
 0 235
 0 236
 0 237
 0 238
 0 239
 0 240
 0 241
 0 242
 0 243
 0 244
 0 245
 0 246
 0 247
 0 248
 0 249
 0 250
 0 251
 0 252
 0 253
 0 254
 0 255
 0 256
 0 257
 0 258
 0 259
 0 260
 0 261
 0 262
 0 263
 0 264
 0 265
 0 266
 0 267
 0 268
 0 269
 0 270
 0 271
 0 272
 0 273
 0 274
 0 275
 0 276
 0 277
 0 278
 0 279
 0 280
 0 281
 1 282
 0 283
 0 284
 0 285
 0 286
 0 287
 0 288
 0 289
 1 290
 1 291
 0 292
 1 293
 0 294
 2 295
 0 296
 4 297
 1 298
 1 299
 0 300
 1 301
 1 302
 1 303
 1 304
 2 305
 1 306
 1 307
 1 308
 1 309
 4 310
 0 311
 5 312
 2 313
 6 314
 1 315
 1 316
 3 317
 1 318
 2 319
 2 320
 4 321
 4 322
 3 323
 3 324
 3 325
 2 326
 3 327
 0 328
 5 329
 2 330
 4 331
 2 332
 3 333
 4 334
 6 335
 1 336
 4 337
 1 338
 7 339
 3 340
 5 341
 4 342
 0 343
 1 344
 2 345
 4 346
 0 347
 5 348
 3 349
 0 350
 1 351
 2 352
 1 353
 1 354
 2 355
 0 356
 3 357
 2 358
 0 359
 2 360
 0 361
 1 362
 2 363
 0 364
 0 365
 1 366
 1 367
 0 368
 1 369
 0 370
 1 371
 0 372
 2 373
 1 374
 0 375
 0 376
 1 377
 3 378
 2 379
 0 380
 1 381
 0 382
 2 383
 0 384
 0 385
 1 386
 0 387
 1 388
 0 389
 0 390
 1 391
 0 392
 1 393
 1 394
 0 395
 0 396
 0 397
 0 398
 0 399
 0 400
 0 401
 0 402
 0 403
 0 404
 0 405
 0 406
 0 407
 0 408
 0 409
 0 410
 0 411
 0 412
 0 413
 0 414
 0 415
 0 416
 0 417
 0 418
 0 419
 0 420
 0 421
 0 422
 0 423
 0 424
 0 425
 0 426
 0 427
 0 428
 0 429
 0 430
 0 431
 0 432
 0 433
 0 434
 0 435
 0 436
 0 437
 0 438
 0 439
 0 440
 0 441
 0 442
 0 443
 0 444
 0 445
 0 446
 0 447
 0 448
 0 449
 0 450
 0 451
 0 452
 0 453
 0 454
 0 455
 0 456
 0 457
 0 458
 0 459
 0 460
 0 461
 0 462
 0 463
 0 464
 0 465
 0 466
 0 467
 0 468
 0 469
 0 470
 0 471
 0 472
 0 473
 0 474
 0 475
 0 476
 0 477
 0 478
 0 479
 0 480
 0 481
 0 482
 0 483
 0 484
 0 485
 0 486
 0 487
 0 488
 0 489
 0 490
 0 491
 0 492
 0 493
 0 494
 0 495
 0 496
 0 497
 0 498
 0 499
 0 500
 0 501
 0 502
 0 503
 0 504
 0 505
 0 506
 0 507
 0 508
 0 509
 0 510
 0 511
 0 512
 0 513
 0 514
 0 515
 0 516
 0 517
 0 518
 0 519
 0 520
 0 521
 0 522
 0 523
 0 524
 0 525
 0 526
 0 527
 0 528
 0 529
 0 530
 0 531
 0 532
 0 533
 0 534
 0 535
 0 536
 0 537
 0 538
 0 539
 0 540
 0 541
 0 542
 0 543
 0 544
 0 545
 0 546
 0 547
 0 548
 0 549
 0 550
 0 551
 0 552
 0 553
 0 554
 0 555
 0 556
 0 557
 0 558
 0 559
 0 560
 0 561
 0 562
 0 563
 0 564
 0 565
 0 566
 0 567
 0 568
 0 569
 0 570
 0 571
 0 572
 0 573
 0 574
 0 575
 0 576
 0 577
 0 578
 0 579
 0 580
 0 581
 0 582
 0 583
 0 584
 0 585
 0 586
 0 587
 0 588
 0 589
 0 590
 0 591
 0 592
 0 593
 0 594
 0 595
 0 596
 0 597
 0 598
 0 599
 0 600


