# Created by Octave 3.8.2, Sat Jun 20 05:45:01 2020 CEST <damian@fptrucha.inv.usc.es>
# name: hd
# type: matrix
# rows: 551
# columns: 2
 0 50
 0 51
 0 52
 0 53
 0 54
 0 55
 0 56
 0 57
 0 58
 0 59
 0 60
 0 61
 0 62
 0 63
 0 64
 0 65
 0 66
 0 67
 0 68
 0 69
 0 70
 0 71
 0 72
 0 73
 0 74
 0 75
 0 76
 0 77
 0 78
 0 79
 0 80
 0 81
 0 82
 0 83
 0 84
 0 85
 0 86
 8 87
 8 88
 18 89
 74 90
 117 91
 197 92
 302 93
 447 94
 617 95
 938 96
 1226 97
 1471 98
 1537 99
 1679 100
 1845 101
 1817 102
 1837 103
 1683 104
 1712 105
 1603 106
 1566 107
 1430 108
 1360 109
 1314 110
 1152 111
 1076 112
 1036 113
 883 114
 945 115
 754 116
 701 117
 646 118
 596 119
 519 120
 498 121
 426 122
 379 123
 339 124
 296 125
 292 126
 276 127
 265 128
 220 129
 205 130
 175 131
 155 132
 177 133
 144 134
 150 135
 119 136
 120 137
 145 138
 114 139
 102 140
 99 141
 88 142
 81 143
 71 144
 83 145
 75 146
 72 147
 56 148
 59 149
 47 150
 57 151
 42 152
 50 153
 54 154
 50 155
 35 156
 39 157
 35 158
 33 159
 29 160
 30 161
 25 162
 20 163
 20 164
 18 165
 19 166
 17 167
 15 168
 13 169
 21 170
 13 171
 8 172
 9 173
 17 174
 11 175
 12 176
 5 177
 9 178
 7 179
 10 180
 7 181
 6 182
 3 183
 5 184
 2 185
 5 186
 6 187
 5 188
 2 189
 3 190
 2 191
 3 192
 1 193
 0 194
 1 195
 1 196
 1 197
 0 198
 2 199
 2 200
 0 201
 1 202
 3 203
 0 204
 2 205
 0 206
 1 207
 0 208
 0 209
 2 210
 1 211
 1 212
 1 213
 0 214
 0 215
 0 216
 0 217
 0 218
 0 219
 0 220
 1 221
 0 222
 0 223
 0 224
 1 225
 0 226
 1 227
 0 228
 0 229
 1 230
 0 231
 0 232
 0 233
 0 234
 0 235
 0 236
 0 237
 0 238
 0 239
 0 240
 0 241
 0 242
 0 243
 1 244
 0 245
 0 246
 0 247
 0 248
 0 249
 0 250
 0 251
 0 252
 0 253
 0 254
 0 255
 0 256
 0 257
 0 258
 0 259
 0 260
 0 261
 0 262
 0 263
 0 264
 0 265
 0 266
 0 267
 0 268
 0 269
 0 270
 0 271
 0 272
 0 273
 0 274
 0 275
 0 276
 0 277
 0 278
 0 279
 0 280
 0 281
 1 282
 1 283
 0 284
 1 285
 0 286
 0 287
 0 288
 1 289
 0 290
 1 291
 2 292
 0 293
 2 294
 0 295
 1 296
 0 297
 0 298
 0 299
 1 300
 2 301
 1 302
 2 303
 1 304
 0 305
 0 306
 0 307
 2 308
 1 309
 2 310
 1 311
 2 312
 0 313
 2 314
 0 315
 4 316
 3 317
 0 318
 3 319
 1 320
 1 321
 0 322
 1 323
 1 324
 2 325
 1 326
 3 327
 3 328
 2 329
 5 330
 1 331
 2 332
 6 333
 3 334
 2 335
 5 336
 3 337
 4 338
 1 339
 4 340
 4 341
 3 342
 4 343
 4 344
 2 345
 1 346
 1 347
 2 348
 4 349
 4 350
 2 351
 2 352
 3 353
 2 354
 2 355
 2 356
 1 357
 2 358
 4 359
 0 360
 5 361
 2 362
 0 363
 1 364
 4 365
 1 366
 2 367
 1 368
 1 369
 2 370
 1 371
 1 372
 1 373
 1 374
 2 375
 0 376
 2 377
 0 378
 1 379
 1 380
 1 381
 0 382
 1 383
 0 384
 3 385
 1 386
 0 387
 0 388
 1 389
 0 390
 0 391
 1 392
 0 393
 0 394
 0 395
 0 396
 0 397
 0 398
 1 399
 0 400
 0 401
 0 402
 0 403
 0 404
 0 405
 0 406
 0 407
 0 408
 0 409
 0 410
 0 411
 0 412
 0 413
 0 414
 0 415
 0 416
 1 417
 0 418
 0 419
 0 420
 0 421
 0 422
 0 423
 0 424
 0 425
 0 426
 0 427
 0 428
 0 429
 0 430
 0 431
 0 432
 0 433
 0 434
 0 435
 0 436
 0 437
 0 438
 0 439
 0 440
 0 441
 0 442
 0 443
 0 444
 0 445
 0 446
 0 447
 0 448
 0 449
 0 450
 0 451
 0 452
 0 453
 0 454
 0 455
 0 456
 0 457
 0 458
 0 459
 0 460
 0 461
 0 462
 0 463
 0 464
 0 465
 0 466
 0 467
 0 468
 0 469
 0 470
 0 471
 0 472
 0 473
 0 474
 0 475
 0 476
 0 477
 0 478
 0 479
 0 480
 0 481
 0 482
 0 483
 0 484
 0 485
 0 486
 0 487
 0 488
 0 489
 0 490
 0 491
 0 492
 0 493
 0 494
 0 495
 0 496
 0 497
 0 498
 0 499
 0 500
 0 501
 0 502
 0 503
 0 504
 0 505
 0 506
 0 507
 0 508
 0 509
 0 510
 0 511
 0 512
 0 513
 0 514
 0 515
 0 516
 0 517
 0 518
 0 519
 0 520
 0 521
 0 522
 0 523
 0 524
 0 525
 0 526
 0 527
 0 528
 0 529
 0 530
 0 531
 0 532
 0 533
 0 534
 0 535
 0 536
 0 537
 0 538
 0 539
 0 540
 0 541
 0 542
 0 543
 0 544
 0 545
 0 546
 0 547
 0 548
 0 549
 0 550
 0 551
 0 552
 0 553
 0 554
 0 555
 0 556
 0 557
 0 558
 0 559
 0 560
 0 561
 0 562
 0 563
 0 564
 0 565
 0 566
 0 567
 0 568
 0 569
 0 570
 0 571
 0 572
 0 573
 0 574
 0 575
 0 576
 0 577
 0 578
 0 579
 0 580
 0 581
 0 582
 0 583
 0 584
 0 585
 0 586
 0 587
 0 588
 0 589
 0 590
 0 591
 0 592
 0 593
 0 594
 0 595
 0 596
 0 597
 0 598
 0 599
 0 600


