# Created by Octave 3.8.2, Mon Jun 22 23:10:44 2020 CEST <damian@fptrucha.inv.usc.es>
# name: hd
# type: matrix
# rows: 551
# columns: 2
 0 50
 0 51
 0 52
 0 53
 0 54
 0 55
 0 56
 0 57
 0 58
 0 59
 0 60
 0 61
 0 62
 0 63
 0 64
 0 65
 0 66
 0 67
 0 68
 0 69
 0 70
 0 71
 0 72
 0 73
 0 74
 0 75
 0 76
 0 77
 0 78
 0 79
 0 80
 0 81
 0 82
 0 83
 0 84
 0 85
 0 86
 0 87
 3 88
 15 89
 79 90
 162 91
 231 92
 332 93
 437 94
 667 95
 971 96
 1364 97
 1559 98
 1759 99
 1963 100
 1982 101
 2069 102
 1924 103
 1862 104
 1810 105
 1556 106
 1630 107
 1410 108
 1331 109
 1258 110
 1089 111
 995 112
 884 113
 818 114
 729 115
 646 116
 527 117
 495 118
 443 119
 405 120
 335 121
 354 122
 295 123
 236 124
 226 125
 224 126
 194 127
 173 128
 167 129
 154 130
 140 131
 115 132
 126 133
 113 134
 109 135
 106 136
 95 137
 107 138
 76 139
 75 140
 67 141
 61 142
 51 143
 67 144
 61 145
 62 146
 57 147
 46 148
 48 149
 42 150
 37 151
 41 152
 41 153
 22 154
 27 155
 25 156
 25 157
 31 158
 28 159
 29 160
 19 161
 23 162
 12 163
 18 164
 15 165
 12 166
 8 167
 10 168
 12 169
 17 170
 9 171
 12 172
 8 173
 11 174
 5 175
 10 176
 5 177
 11 178
 5 179
 5 180
 4 181
 6 182
 4 183
 2 184
 7 185
 4 186
 1 187
 1 188
 3 189
 4 190
 4 191
 7 192
 3 193
 0 194
 4 195
 5 196
 2 197
 0 198
 1 199
 2 200
 0 201
 1 202
 2 203
 0 204
 1 205
 0 206
 1 207
 1 208
 0 209
 1 210
 0 211
 0 212
 1 213
 1 214
 0 215
 0 216
 0 217
 1 218
 1 219
 0 220
 0 221
 0 222
 0 223
 1 224
 0 225
 0 226
 0 227
 0 228
 0 229
 0 230
 1 231
 0 232
 1 233
 0 234
 0 235
 0 236
 0 237
 0 238
 0 239
 0 240
 0 241
 0 242
 0 243
 1 244
 0 245
 0 246
 0 247
 0 248
 0 249
 0 250
 0 251
 0 252
 0 253
 0 254
 0 255
 0 256
 0 257
 0 258
 0 259
 1 260
 0 261
 0 262
 0 263
 0 264
 0 265
 0 266
 0 267
 0 268
 0 269
 0 270
 0 271
 0 272
 0 273
 0 274
 0 275
 0 276
 0 277
 0 278
 1 279
 0 280
 0 281
 0 282
 0 283
 0 284
 0 285
 0 286
 0 287
 0 288
 0 289
 0 290
 0 291
 1 292
 0 293
 0 294
 0 295
 1 296
 0 297
 0 298
 2 299
 2 300
 2 301
 0 302
 2 303
 3 304
 0 305
 0 306
 1 307
 1 308
 1 309
 2 310
 0 311
 3 312
 0 313
 0 314
 2 315
 0 316
 2 317
 0 318
 1 319
 5 320
 3 321
 4 322
 0 323
 0 324
 1 325
 4 326
 5 327
 1 328
 1 329
 4 330
 1 331
 2 332
 1 333
 2 334
 1 335
 0 336
 0 337
 3 338
 1 339
 4 340
 3 341
 2 342
 1 343
 5 344
 2 345
 1 346
 0 347
 1 348
 2 349
 2 350
 2 351
 3 352
 0 353
 1 354
 2 355
 2 356
 4 357
 2 358
 1 359
 0 360
 2 361
 0 362
 0 363
 1 364
 0 365
 0 366
 1 367
 3 368
 0 369
 0 370
 0 371
 2 372
 0 373
 1 374
 1 375
 1 376
 0 377
 1 378
 2 379
 0 380
 0 381
 0 382
 0 383
 0 384
 0 385
 0 386
 0 387
 0 388
 0 389
 0 390
 1 391
 0 392
 0 393
 0 394
 0 395
 0 396
 3 397
 0 398
 0 399
 0 400
 0 401
 1 402
 0 403
 0 404
 0 405
 0 406
 0 407
 0 408
 0 409
 0 410
 0 411
 0 412
 0 413
 0 414
 0 415
 0 416
 0 417
 0 418
 0 419
 0 420
 0 421
 0 422
 0 423
 0 424
 0 425
 0 426
 0 427
 0 428
 0 429
 0 430
 0 431
 0 432
 0 433
 0 434
 0 435
 0 436
 0 437
 0 438
 0 439
 0 440
 0 441
 0 442
 0 443
 0 444
 0 445
 0 446
 0 447
 0 448
 0 449
 0 450
 0 451
 0 452
 0 453
 0 454
 0 455
 0 456
 0 457
 0 458
 0 459
 0 460
 0 461
 0 462
 0 463
 0 464
 0 465
 0 466
 0 467
 0 468
 0 469
 0 470
 0 471
 0 472
 0 473
 0 474
 0 475
 0 476
 0 477
 0 478
 0 479
 0 480
 0 481
 0 482
 0 483
 0 484
 0 485
 0 486
 0 487
 0 488
 0 489
 0 490
 0 491
 0 492
 0 493
 0 494
 0 495
 0 496
 0 497
 0 498
 0 499
 0 500
 0 501
 0 502
 0 503
 0 504
 0 505
 0 506
 0 507
 0 508
 0 509
 0 510
 0 511
 0 512
 0 513
 0 514
 0 515
 0 516
 0 517
 0 518
 0 519
 0 520
 0 521
 0 522
 0 523
 0 524
 0 525
 0 526
 0 527
 0 528
 0 529
 0 530
 0 531
 0 532
 0 533
 0 534
 0 535
 0 536
 0 537
 0 538
 0 539
 0 540
 0 541
 0 542
 0 543
 0 544
 0 545
 0 546
 0 547
 0 548
 0 549
 0 550
 0 551
 0 552
 0 553
 0 554
 0 555
 0 556
 0 557
 0 558
 0 559
 0 560
 0 561
 0 562
 0 563
 0 564
 0 565
 0 566
 0 567
 0 568
 0 569
 0 570
 0 571
 0 572
 0 573
 0 574
 0 575
 0 576
 0 577
 0 578
 0 579
 0 580
 0 581
 0 582
 0 583
 0 584
 0 585
 0 586
 0 587
 0 588
 0 589
 0 590
 0 591
 0 592
 0 593
 0 594
 0 595
 0 596
 0 597
 0 598
 0 599
 0 600


