# Created by Octave 3.8.2, Sat Jun 20 17:48:30 2020 CEST <damian@fptrucha.inv.usc.es>
# name: hd
# type: matrix
# rows: 551
# columns: 2
 0 50
 0 51
 0 52
 0 53
 0 54
 0 55
 0 56
 0 57
 0 58
 0 59
 0 60
 0 61
 0 62
 0 63
 0 64
 0 65
 0 66
 0 67
 0 68
 0 69
 0 70
 0 71
 0 72
 0 73
 0 74
 0 75
 0 76
 0 77
 0 78
 0 79
 0 80
 0 81
 0 82
 0 83
 0 84
 0 85
 1 86
 1 87
 6 88
 22 89
 63 90
 115 91
 186 92
 271 93
 344 94
 539 95
 835 96
 1063 97
 1261 98
 1439 99
 1556 100
 1600 101
 1583 102
 1488 103
 1522 104
 1511 105
 1483 106
 1386 107
 1368 108
 1238 109
 1213 110
 1089 111
 1032 112
 1004 113
 878 114
 791 115
 722 116
 691 117
 653 118
 546 119
 520 120
 477 121
 400 122
 376 123
 346 124
 306 125
 264 126
 247 127
 218 128
 207 129
 212 130
 172 131
 148 132
 140 133
 133 134
 122 135
 119 136
 99 137
 103 138
 74 139
 84 140
 73 141
 75 142
 57 143
 60 144
 64 145
 55 146
 57 147
 40 148
 45 149
 35 150
 29 151
 44 152
 41 153
 36 154
 22 155
 30 156
 40 157
 18 158
 28 159
 31 160
 24 161
 25 162
 20 163
 17 164
 20 165
 19 166
 11 167
 10 168
 12 169
 11 170
 12 171
 4 172
 11 173
 4 174
 7 175
 6 176
 4 177
 12 178
 6 179
 6 180
 7 181
 6 182
 1 183
 8 184
 5 185
 2 186
 3 187
 1 188
 1 189
 0 190
 1 191
 3 192
 1 193
 2 194
 3 195
 0 196
 1 197
 1 198
 1 199
 0 200
 3 201
 2 202
 1 203
 1 204
 0 205
 0 206
 1 207
 0 208
 0 209
 0 210
 1 211
 0 212
 1 213
 1 214
 1 215
 1 216
 0 217
 0 218
 0 219
 0 220
 0 221
 1 222
 0 223
 0 224
 0 225
 0 226
 0 227
 0 228
 0 229
 0 230
 0 231
 0 232
 0 233
 0 234
 1 235
 0 236
 0 237
 0 238
 0 239
 0 240
 0 241
 0 242
 0 243
 0 244
 0 245
 0 246
 0 247
 0 248
 0 249
 0 250
 0 251
 0 252
 0 253
 0 254
 0 255
 0 256
 0 257
 0 258
 0 259
 0 260
 0 261
 0 262
 0 263
 0 264
 0 265
 0 266
 0 267
 0 268
 0 269
 0 270
 0 271
 0 272
 0 273
 0 274
 0 275
 0 276
 0 277
 0 278
 0 279
 0 280
 0 281
 0 282
 0 283
 0 284
 0 285
 0 286
 0 287
 0 288
 0 289
 0 290
 0 291
 1 292
 1 293
 0 294
 0 295
 0 296
 0 297
 1 298
 2 299
 0 300
 1 301
 2 302
 1 303
 0 304
 0 305
 0 306
 0 307
 2 308
 2 309
 2 310
 0 311
 0 312
 1 313
 2 314
 2 315
 4 316
 1 317
 0 318
 0 319
 1 320
 0 321
 3 322
 1 323
 0 324
 4 325
 3 326
 3 327
 1 328
 1 329
 1 330
 0 331
 1 332
 1 333
 1 334
 3 335
 2 336
 3 337
 0 338
 1 339
 2 340
 1 341
 3 342
 5 343
 2 344
 2 345
 1 346
 1 347
 3 348
 1 349
 0 350
 5 351
 1 352
 4 353
 2 354
 1 355
 1 356
 0 357
 0 358
 5 359
 2 360
 3 361
 1 362
 1 363
 1 364
 0 365
 2 366
 1 367
 1 368
 2 369
 1 370
 0 371
 0 372
 2 373
 0 374
 1 375
 0 376
 0 377
 2 378
 1 379
 1 380
 0 381
 0 382
 0 383
 1 384
 2 385
 1 386
 2 387
 0 388
 0 389
 0 390
 0 391
 0 392
 1 393
 0 394
 0 395
 0 396
 1 397
 1 398
 0 399
 0 400
 0 401
 0 402
 0 403
 0 404
 0 405
 0 406
 0 407
 0 408
 0 409
 0 410
 0 411
 0 412
 0 413
 0 414
 0 415
 0 416
 0 417
 0 418
 0 419
 0 420
 0 421
 0 422
 0 423
 0 424
 0 425
 0 426
 0 427
 1 428
 0 429
 0 430
 0 431
 0 432
 0 433
 0 434
 1 435
 0 436
 0 437
 0 438
 0 439
 0 440
 0 441
 0 442
 0 443
 0 444
 0 445
 0 446
 0 447
 0 448
 0 449
 0 450
 0 451
 0 452
 0 453
 1 454
 0 455
 0 456
 0 457
 0 458
 0 459
 0 460
 0 461
 0 462
 0 463
 0 464
 0 465
 0 466
 0 467
 0 468
 0 469
 0 470
 0 471
 0 472
 0 473
 0 474
 0 475
 0 476
 0 477
 0 478
 0 479
 0 480
 0 481
 0 482
 0 483
 0 484
 0 485
 0 486
 0 487
 0 488
 0 489
 0 490
 0 491
 0 492
 0 493
 0 494
 0 495
 0 496
 0 497
 0 498
 0 499
 0 500
 0 501
 0 502
 0 503
 0 504
 0 505
 0 506
 0 507
 0 508
 0 509
 0 510
 0 511
 0 512
 0 513
 0 514
 0 515
 0 516
 0 517
 0 518
 0 519
 0 520
 0 521
 0 522
 0 523
 0 524
 0 525
 0 526
 0 527
 0 528
 0 529
 0 530
 0 531
 0 532
 0 533
 0 534
 0 535
 0 536
 0 537
 0 538
 0 539
 0 540
 0 541
 0 542
 0 543
 0 544
 0 545
 0 546
 0 547
 0 548
 0 549
 0 550
 0 551
 0 552
 0 553
 0 554
 0 555
 0 556
 0 557
 0 558
 0 559
 0 560
 0 561
 0 562
 0 563
 0 564
 0 565
 0 566
 0 567
 0 568
 0 569
 0 570
 0 571
 0 572
 0 573
 0 574
 0 575
 0 576
 0 577
 0 578
 0 579
 0 580
 0 581
 0 582
 0 583
 0 584
 0 585
 0 586
 0 587
 0 588
 0 589
 0 590
 0 591
 0 592
 0 593
 0 594
 0 595
 0 596
 0 597
 0 598
 0 599
 0 600


