# Created by Octave 3.8.2, Mon Jun 22 19:11:16 2020 CEST <damian@fptrucha.inv.usc.es>
# name: hd
# type: matrix
# rows: 551
# columns: 2
 0 50
 0 51
 0 52
 0 53
 0 54
 0 55
 0 56
 0 57
 0 58
 0 59
 0 60
 0 61
 0 62
 0 63
 0 64
 0 65
 0 66
 0 67
 0 68
 0 69
 0 70
 0 71
 0 72
 0 73
 0 74
 0 75
 0 76
 0 77
 0 78
 0 79
 0 80
 0 81
 0 82
 0 83
 0 84
 0 85
 0 86
 0 87
 1 88
 10 89
 50 90
 115 91
 221 92
 333 93
 360 94
 525 95
 765 96
 1275 97
 1427 98
 1574 99
 1833 100
 1789 101
 1822 102
 1867 103
 1793 104
 1803 105
 1574 106
 1463 107
 1429 108
 1312 109
 1206 110
 1095 111
 1054 112
 829 113
 815 114
 776 115
 682 116
 565 117
 514 118
 490 119
 437 120
 382 121
 381 122
 298 123
 279 124
 215 125
 228 126
 208 127
 213 128
 193 129
 151 130
 165 131
 133 132
 149 133
 111 134
 93 135
 85 136
 97 137
 84 138
 86 139
 73 140
 70 141
 73 142
 74 143
 55 144
 56 145
 43 146
 59 147
 40 148
 65 149
 50 150
 43 151
 44 152
 29 153
 44 154
 31 155
 30 156
 35 157
 23 158
 31 159
 26 160
 20 161
 22 162
 25 163
 21 164
 16 165
 20 166
 15 167
 14 168
 9 169
 15 170
 11 171
 11 172
 7 173
 16 174
 6 175
 6 176
 6 177
 4 178
 7 179
 9 180
 3 181
 5 182
 11 183
 6 184
 3 185
 4 186
 3 187
 2 188
 6 189
 2 190
 3 191
 3 192
 4 193
 0 194
 0 195
 1 196
 2 197
 2 198
 0 199
 3 200
 2 201
 3 202
 0 203
 0 204
 2 205
 2 206
 0 207
 0 208
 2 209
 1 210
 1 211
 0 212
 1 213
 1 214
 1 215
 0 216
 0 217
 0 218
 0 219
 0 220
 0 221
 0 222
 1 223
 1 224
 0 225
 0 226
 0 227
 0 228
 0 229
 0 230
 0 231
 0 232
 0 233
 0 234
 0 235
 0 236
 0 237
 1 238
 0 239
 0 240
 0 241
 0 242
 0 243
 0 244
 0 245
 0 246
 0 247
 0 248
 0 249
 0 250
 0 251
 0 252
 0 253
 0 254
 0 255
 0 256
 0 257
 0 258
 0 259
 0 260
 0 261
 0 262
 0 263
 0 264
 0 265
 0 266
 0 267
 0 268
 0 269
 0 270
 0 271
 0 272
 0 273
 0 274
 0 275
 0 276
 0 277
 0 278
 0 279
 0 280
 0 281
 0 282
 0 283
 1 284
 0 285
 0 286
 0 287
 2 288
 0 289
 0 290
 1 291
 0 292
 0 293
 1 294
 0 295
 0 296
 0 297
 1 298
 2 299
 2 300
 0 301
 0 302
 2 303
 0 304
 0 305
 2 306
 4 307
 2 308
 1 309
 1 310
 4 311
 3 312
 2 313
 2 314
 2 315
 2 316
 1 317
 3 318
 4 319
 3 320
 1 321
 1 322
 2 323
 5 324
 4 325
 3 326
 2 327
 1 328
 4 329
 8 330
 4 331
 1 332
 1 333
 1 334
 3 335
 3 336
 1 337
 3 338
 2 339
 5 340
 2 341
 4 342
 0 343
 1 344
 2 345
 1 346
 3 347
 0 348
 3 349
 3 350
 2 351
 4 352
 1 353
 1 354
 0 355
 0 356
 5 357
 1 358
 2 359
 1 360
 2 361
 2 362
 1 363
 2 364
 2 365
 1 366
 1 367
 0 368
 2 369
 3 370
 1 371
 1 372
 1 373
 2 374
 0 375
 0 376
 1 377
 0 378
 1 379
 0 380
 1 381
 0 382
 1 383
 0 384
 0 385
 1 386
 0 387
 0 388
 2 389
 0 390
 1 391
 0 392
 0 393
 0 394
 0 395
 1 396
 0 397
 0 398
 0 399
 0 400
 0 401
 0 402
 2 403
 0 404
 1 405
 2 406
 1 407
 0 408
 0 409
 0 410
 0 411
 0 412
 0 413
 0 414
 1 415
 0 416
 0 417
 0 418
 0 419
 0 420
 0 421
 0 422
 0 423
 0 424
 0 425
 0 426
 0 427
 0 428
 0 429
 0 430
 0 431
 0 432
 0 433
 0 434
 0 435
 0 436
 0 437
 0 438
 0 439
 0 440
 0 441
 0 442
 0 443
 0 444
 0 445
 0 446
 0 447
 0 448
 0 449
 0 450
 0 451
 0 452
 0 453
 0 454
 0 455
 0 456
 0 457
 0 458
 0 459
 0 460
 0 461
 0 462
 0 463
 0 464
 0 465
 0 466
 0 467
 0 468
 0 469
 0 470
 0 471
 0 472
 0 473
 0 474
 0 475
 0 476
 0 477
 0 478
 0 479
 0 480
 0 481
 0 482
 0 483
 0 484
 0 485
 0 486
 0 487
 0 488
 0 489
 0 490
 0 491
 0 492
 0 493
 0 494
 0 495
 0 496
 0 497
 0 498
 0 499
 0 500
 0 501
 0 502
 0 503
 0 504
 0 505
 0 506
 0 507
 0 508
 0 509
 0 510
 0 511
 0 512
 0 513
 0 514
 0 515
 0 516
 0 517
 0 518
 0 519
 0 520
 0 521
 0 522
 0 523
 0 524
 0 525
 0 526
 0 527
 0 528
 0 529
 0 530
 0 531
 0 532
 0 533
 0 534
 0 535
 0 536
 0 537
 0 538
 0 539
 0 540
 0 541
 0 542
 0 543
 0 544
 0 545
 0 546
 0 547
 0 548
 0 549
 0 550
 0 551
 0 552
 0 553
 0 554
 0 555
 0 556
 0 557
 0 558
 0 559
 0 560
 0 561
 0 562
 0 563
 0 564
 0 565
 0 566
 0 567
 0 568
 0 569
 0 570
 0 571
 0 572
 0 573
 0 574
 0 575
 0 576
 0 577
 0 578
 0 579
 0 580
 0 581
 0 582
 0 583
 0 584
 0 585
 0 586
 0 587
 0 588
 0 589
 0 590
 0 591
 0 592
 0 593
 0 594
 0 595
 0 596
 0 597
 0 598
 0 599
 0 600


