# Created by Octave 3.8.2, Sun Jun 21 05:52:18 2020 CEST <damian@fptrucha.inv.usc.es>
# name: hd
# type: matrix
# rows: 551
# columns: 2
 0 50
 0 51
 0 52
 0 53
 0 54
 0 55
 0 56
 0 57
 0 58
 0 59
 0 60
 0 61
 0 62
 0 63
 0 64
 0 65
 0 66
 0 67
 0 68
 0 69
 0 70
 0 71
 0 72
 0 73
 0 74
 0 75
 0 76
 0 77
 0 78
 0 79
 0 80
 0 81
 0 82
 0 83
 0 84
 0 85
 0 86
 3 87
 7 88
 20 89
 73 90
 127 91
 199 92
 277 93
 357 94
 581 95
 797 96
 1044 97
 1221 98
 1381 99
 1582 100
 1504 101
 1607 102
 1536 103
 1527 104
 1537 105
 1497 106
 1395 107
 1239 108
 1185 109
 1224 110
 1061 111
 997 112
 927 113
 839 114
 796 115
 706 116
 656 117
 549 118
 518 119
 473 120
 403 121
 371 122
 371 123
 292 124
 273 125
 247 126
 247 127
 203 128
 188 129
 143 130
 161 131
 152 132
 127 133
 118 134
 134 135
 112 136
 99 137
 90 138
 86 139
 72 140
 61 141
 65 142
 54 143
 51 144
 53 145
 49 146
 48 147
 39 148
 56 149
 34 150
 26 151
 43 152
 40 153
 21 154
 23 155
 28 156
 28 157
 23 158
 23 159
 25 160
 20 161
 24 162
 17 163
 13 164
 17 165
 15 166
 15 167
 11 168
 3 169
 11 170
 6 171
 5 172
 10 173
 4 174
 8 175
 7 176
 5 177
 8 178
 4 179
 3 180
 1 181
 5 182
 4 183
 2 184
 2 185
 3 186
 0 187
 3 188
 2 189
 2 190
 2 191
 4 192
 1 193
 3 194
 1 195
 2 196
 0 197
 0 198
 0 199
 1 200
 1 201
 1 202
 0 203
 2 204
 1 205
 0 206
 1 207
 0 208
 0 209
 1 210
 0 211
 0 212
 0 213
 0 214
 0 215
 0 216
 0 217
 0 218
 0 219
 0 220
 0 221
 0 222
 0 223
 0 224
 0 225
 0 226
 1 227
 0 228
 0 229
 0 230
 0 231
 0 232
 0 233
 0 234
 0 235
 0 236
 0 237
 0 238
 0 239
 0 240
 0 241
 0 242
 0 243
 0 244
 0 245
 0 246
 0 247
 0 248
 0 249
 0 250
 0 251
 0 252
 0 253
 0 254
 0 255
 0 256
 0 257
 0 258
 0 259
 0 260
 0 261
 0 262
 0 263
 0 264
 0 265
 0 266
 0 267
 0 268
 0 269
 0 270
 0 271
 0 272
 0 273
 0 274
 2 275
 0 276
 0 277
 0 278
 0 279
 0 280
 0 281
 0 282
 0 283
 0 284
 0 285
 0 286
 0 287
 0 288
 0 289
 0 290
 0 291
 0 292
 0 293
 1 294
 0 295
 1 296
 2 297
 1 298
 0 299
 1 300
 0 301
 1 302
 1 303
 0 304
 1 305
 0 306
 0 307
 1 308
 1 309
 1 310
 0 311
 2 312
 0 313
 4 314
 0 315
 0 316
 0 317
 1 318
 1 319
 1 320
 4 321
 1 322
 0 323
 1 324
 1 325
 1 326
 0 327
 0 328
 3 329
 2 330
 4 331
 3 332
 1 333
 0 334
 1 335
 3 336
 1 337
 1 338
 0 339
 3 340
 2 341
 0 342
 2 343
 0 344
 1 345
 1 346
 2 347
 1 348
 1 349
 2 350
 2 351
 2 352
 2 353
 2 354
 0 355
 2 356
 0 357
 0 358
 2 359
 2 360
 1 361
 2 362
 1 363
 2 364
 0 365
 1 366
 1 367
 0 368
 2 369
 0 370
 1 371
 1 372
 1 373
 2 374
 1 375
 1 376
 0 377
 2 378
 1 379
 0 380
 0 381
 0 382
 1 383
 0 384
 0 385
 0 386
 0 387
 1 388
 0 389
 0 390
 0 391
 0 392
 0 393
 1 394
 0 395
 0 396
 0 397
 0 398
 1 399
 0 400
 1 401
 0 402
 0 403
 0 404
 0 405
 0 406
 0 407
 0 408
 1 409
 0 410
 0 411
 1 412
 0 413
 1 414
 0 415
 0 416
 0 417
 0 418
 0 419
 0 420
 0 421
 0 422
 0 423
 0 424
 0 425
 0 426
 0 427
 0 428
 0 429
 0 430
 0 431
 0 432
 0 433
 0 434
 0 435
 0 436
 0 437
 0 438
 0 439
 0 440
 0 441
 0 442
 0 443
 0 444
 0 445
 0 446
 0 447
 0 448
 0 449
 0 450
 0 451
 0 452
 0 453
 0 454
 0 455
 0 456
 0 457
 0 458
 0 459
 0 460
 0 461
 0 462
 0 463
 0 464
 0 465
 0 466
 0 467
 0 468
 0 469
 0 470
 0 471
 0 472
 0 473
 0 474
 0 475
 0 476
 0 477
 0 478
 0 479
 0 480
 0 481
 0 482
 0 483
 0 484
 0 485
 0 486
 0 487
 0 488
 0 489
 0 490
 0 491
 0 492
 0 493
 0 494
 0 495
 0 496
 0 497
 0 498
 0 499
 0 500
 0 501
 0 502
 0 503
 0 504
 0 505
 0 506
 0 507
 0 508
 0 509
 0 510
 0 511
 0 512
 0 513
 0 514
 0 515
 0 516
 0 517
 0 518
 0 519
 0 520
 0 521
 0 522
 0 523
 0 524
 0 525
 0 526
 0 527
 0 528
 0 529
 0 530
 0 531
 0 532
 0 533
 0 534
 0 535
 0 536
 0 537
 0 538
 0 539
 0 540
 0 541
 0 542
 0 543
 0 544
 0 545
 0 546
 0 547
 0 548
 0 549
 0 550
 0 551
 0 552
 0 553
 0 554
 0 555
 0 556
 0 557
 0 558
 0 559
 0 560
 0 561
 0 562
 0 563
 0 564
 0 565
 0 566
 0 567
 0 568
 0 569
 0 570
 0 571
 0 572
 0 573
 0 574
 0 575
 0 576
 0 577
 0 578
 0 579
 0 580
 0 581
 0 582
 0 583
 0 584
 0 585
 0 586
 0 587
 0 588
 0 589
 0 590
 0 591
 0 592
 0 593
 0 594
 0 595
 0 596
 0 597
 0 598
 0 599
 0 600


