# Created by Octave 3.8.2, Sun Jun 21 02:14:02 2020 CEST <damian@fptrucha.inv.usc.es>
# name: hd
# type: matrix
# rows: 551
# columns: 2
 0 50
 0 51
 0 52
 0 53
 0 54
 0 55
 0 56
 0 57
 0 58
 0 59
 0 60
 0 61
 0 62
 0 63
 0 64
 0 65
 0 66
 0 67
 0 68
 0 69
 0 70
 0 71
 0 72
 0 73
 0 74
 0 75
 0 76
 0 77
 0 78
 0 79
 0 80
 0 81
 0 82
 0 83
 0 84
 0 85
 0 86
 3 87
 4 88
 14 89
 80 90
 116 91
 218 92
 301 93
 342 94
 541 95
 799 96
 1118 97
 1286 98
 1344 99
 1530 100
 1577 101
 1553 102
 1623 103
 1620 104
 1495 105
 1437 106
 1369 107
 1330 108
 1244 109
 1228 110
 1028 111
 953 112
 917 113
 848 114
 768 115
 630 116
 602 117
 583 118
 528 119
 484 120
 403 121
 353 122
 318 123
 308 124
 272 125
 231 126
 258 127
 210 128
 183 129
 194 130
 156 131
 147 132
 128 133
 121 134
 106 135
 124 136
 104 137
 114 138
 83 139
 75 140
 68 141
 63 142
 52 143
 62 144
 65 145
 49 146
 49 147
 44 148
 30 149
 43 150
 47 151
 39 152
 43 153
 28 154
 33 155
 23 156
 25 157
 28 158
 21 159
 21 160
 22 161
 23 162
 24 163
 13 164
 14 165
 15 166
 11 167
 10 168
 9 169
 5 170
 6 171
 9 172
 8 173
 3 174
 7 175
 6 176
 5 177
 6 178
 2 179
 6 180
 6 181
 3 182
 1 183
 5 184
 4 185
 1 186
 1 187
 5 188
 5 189
 1 190
 4 191
 3 192
 1 193
 0 194
 0 195
 1 196
 2 197
 2 198
 1 199
 3 200
 2 201
 1 202
 1 203
 0 204
 2 205
 1 206
 0 207
 0 208
 0 209
 0 210
 1 211
 0 212
 0 213
 0 214
 0 215
 0 216
 1 217
 0 218
 1 219
 0 220
 0 221
 1 222
 0 223
 0 224
 0 225
 0 226
 0 227
 0 228
 0 229
 0 230
 0 231
 0 232
 0 233
 0 234
 0 235
 0 236
 0 237
 0 238
 0 239
 0 240
 0 241
 0 242
 0 243
 0 244
 0 245
 0 246
 0 247
 0 248
 0 249
 0 250
 0 251
 0 252
 0 253
 0 254
 0 255
 0 256
 0 257
 0 258
 0 259
 0 260
 0 261
 0 262
 0 263
 0 264
 0 265
 0 266
 0 267
 0 268
 0 269
 0 270
 0 271
 0 272
 0 273
 0 274
 0 275
 0 276
 0 277
 0 278
 0 279
 0 280
 0 281
 0 282
 0 283
 0 284
 0 285
 0 286
 0 287
 0 288
 0 289
 0 290
 0 291
 0 292
 3 293
 2 294
 0 295
 0 296
 1 297
 0 298
 1 299
 0 300
 0 301
 0 302
 2 303
 0 304
 1 305
 1 306
 0 307
 0 308
 2 309
 2 310
 0 311
 0 312
 0 313
 2 314
 0 315
 0 316
 1 317
 2 318
 1 319
 1 320
 0 321
 0 322
 2 323
 0 324
 2 325
 2 326
 3 327
 3 328
 4 329
 1 330
 3 331
 2 332
 2 333
 1 334
 2 335
 0 336
 0 337
 2 338
 4 339
 0 340
 0 341
 4 342
 2 343
 2 344
 0 345
 2 346
 2 347
 0 348
 1 349
 1 350
 3 351
 1 352
 0 353
 1 354
 1 355
 3 356
 0 357
 0 358
 2 359
 1 360
 1 361
 2 362
 1 363
 0 364
 2 365
 1 366
 1 367
 0 368
 1 369
 1 370
 0 371
 0 372
 0 373
 1 374
 2 375
 1 376
 2 377
 0 378
 0 379
 0 380
 2 381
 0 382
 1 383
 0 384
 0 385
 0 386
 0 387
 0 388
 0 389
 0 390
 1 391
 0 392
 1 393
 1 394
 1 395
 0 396
 0 397
 0 398
 0 399
 1 400
 0 401
 0 402
 0 403
 0 404
 0 405
 0 406
 0 407
 1 408
 0 409
 0 410
 0 411
 0 412
 0 413
 0 414
 0 415
 0 416
 0 417
 0 418
 0 419
 0 420
 0 421
 0 422
 0 423
 0 424
 0 425
 0 426
 0 427
 0 428
 0 429
 0 430
 0 431
 0 432
 0 433
 0 434
 0 435
 0 436
 0 437
 0 438
 0 439
 0 440
 0 441
 0 442
 0 443
 0 444
 0 445
 0 446
 0 447
 0 448
 0 449
 0 450
 0 451
 0 452
 0 453
 0 454
 0 455
 0 456
 0 457
 0 458
 0 459
 0 460
 0 461
 0 462
 0 463
 0 464
 0 465
 0 466
 0 467
 0 468
 0 469
 0 470
 0 471
 0 472
 0 473
 0 474
 0 475
 0 476
 0 477
 0 478
 0 479
 0 480
 0 481
 0 482
 0 483
 0 484
 0 485
 0 486
 0 487
 0 488
 0 489
 0 490
 0 491
 0 492
 0 493
 0 494
 0 495
 0 496
 0 497
 0 498
 0 499
 0 500
 0 501
 0 502
 0 503
 0 504
 0 505
 0 506
 0 507
 0 508
 0 509
 0 510
 0 511
 0 512
 0 513
 0 514
 0 515
 0 516
 0 517
 0 518
 0 519
 0 520
 0 521
 0 522
 0 523
 0 524
 0 525
 0 526
 0 527
 0 528
 0 529
 0 530
 0 531
 0 532
 0 533
 0 534
 0 535
 0 536
 0 537
 0 538
 0 539
 0 540
 0 541
 0 542
 0 543
 0 544
 0 545
 0 546
 0 547
 0 548
 0 549
 0 550
 0 551
 0 552
 0 553
 0 554
 0 555
 0 556
 0 557
 0 558
 0 559
 0 560
 0 561
 0 562
 0 563
 0 564
 0 565
 0 566
 0 567
 0 568
 0 569
 0 570
 0 571
 0 572
 0 573
 0 574
 0 575
 0 576
 0 577
 0 578
 0 579
 0 580
 0 581
 0 582
 0 583
 0 584
 0 585
 0 586
 0 587
 0 588
 0 589
 0 590
 0 591
 0 592
 0 593
 0 594
 0 595
 0 596
 0 597
 0 598
 0 599
 0 600


