# Created by Octave 3.8.2, Sat Jun 20 21:24:58 2020 CEST <damian@fptrucha.inv.usc.es>
# name: hd
# type: matrix
# rows: 551
# columns: 2
 0 50
 0 51
 0 52
 0 53
 0 54
 0 55
 0 56
 0 57
 0 58
 0 59
 0 60
 0 61
 0 62
 0 63
 0 64
 0 65
 0 66
 0 67
 0 68
 0 69
 0 70
 0 71
 0 72
 0 73
 0 74
 0 75
 0 76
 0 77
 0 78
 0 79
 0 80
 0 81
 0 82
 0 83
 0 84
 0 85
 1 86
 3 87
 8 88
 19 89
 64 90
 105 91
 202 92
 284 93
 380 94
 585 95
 813 96
 1072 97
 1312 98
 1325 99
 1504 100
 1548 101
 1616 102
 1531 103
 1478 104
 1588 105
 1438 106
 1389 107
 1347 108
 1227 109
 1143 110
 1106 111
 972 112
 890 113
 813 114
 788 115
 680 116
 657 117
 600 118
 541 119
 496 120
 417 121
 348 122
 342 123
 339 124
 257 125
 242 126
 257 127
 221 128
 213 129
 178 130
 173 131
 154 132
 121 133
 113 134
 120 135
 115 136
 92 137
 97 138
 92 139
 78 140
 65 141
 84 142
 73 143
 49 144
 54 145
 53 146
 59 147
 48 148
 42 149
 40 150
 41 151
 30 152
 25 153
 38 154
 30 155
 28 156
 31 157
 23 158
 25 159
 23 160
 18 161
 22 162
 21 163
 20 164
 12 165
 13 166
 15 167
 9 168
 8 169
 7 170
 13 171
 7 172
 12 173
 8 174
 8 175
 7 176
 3 177
 6 178
 4 179
 6 180
 6 181
 5 182
 7 183
 3 184
 1 185
 6 186
 1 187
 1 188
 3 189
 5 190
 1 191
 5 192
 2 193
 3 194
 3 195
 0 196
 0 197
 1 198
 0 199
 0 200
 1 201
 0 202
 1 203
 0 204
 3 205
 0 206
 0 207
 0 208
 2 209
 0 210
 1 211
 0 212
 1 213
 0 214
 0 215
 1 216
 1 217
 0 218
 0 219
 0 220
 0 221
 0 222
 0 223
 0 224
 0 225
 0 226
 0 227
 0 228
 0 229
 0 230
 0 231
 0 232
 0 233
 0 234
 0 235
 0 236
 0 237
 0 238
 0 239
 0 240
 0 241
 0 242
 0 243
 0 244
 0 245
 0 246
 0 247
 0 248
 0 249
 1 250
 0 251
 0 252
 0 253
 0 254
 0 255
 0 256
 0 257
 0 258
 0 259
 0 260
 0 261
 0 262
 0 263
 0 264
 0 265
 0 266
 0 267
 0 268
 0 269
 0 270
 0 271
 0 272
 0 273
 0 274
 0 275
 0 276
 0 277
 0 278
 0 279
 0 280
 0 281
 0 282
 0 283
 0 284
 0 285
 0 286
 0 287
 0 288
 1 289
 1 290
 0 291
 0 292
 1 293
 1 294
 0 295
 0 296
 1 297
 3 298
 0 299
 1 300
 0 301
 0 302
 1 303
 0 304
 1 305
 1 306
 3 307
 0 308
 1 309
 0 310
 2 311
 1 312
 1 313
 0 314
 2 315
 2 316
 0 317
 0 318
 2 319
 0 320
 2 321
 3 322
 1 323
 0 324
 1 325
 0 326
 1 327
 0 328
 2 329
 1 330
 0 331
 1 332
 1 333
 2 334
 1 335
 1 336
 2 337
 1 338
 2 339
 2 340
 1 341
 0 342
 1 343
 2 344
 1 345
 3 346
 3 347
 3 348
 4 349
 0 350
 1 351
 2 352
 1 353
 1 354
 3 355
 1 356
 4 357
 2 358
 0 359
 2 360
 3 361
 1 362
 0 363
 0 364
 2 365
 1 366
 1 367
 3 368
 0 369
 2 370
 0 371
 0 372
 0 373
 3 374
 0 375
 1 376
 1 377
 2 378
 0 379
 2 380
 0 381
 0 382
 1 383
 0 384
 1 385
 1 386
 1 387
 0 388
 0 389
 0 390
 1 391
 0 392
 0 393
 0 394
 0 395
 0 396
 1 397
 1 398
 0 399
 0 400
 0 401
 0 402
 0 403
 0 404
 0 405
 1 406
 0 407
 0 408
 1 409
 0 410
 0 411
 0 412
 0 413
 0 414
 0 415
 0 416
 0 417
 1 418
 0 419
 0 420
 0 421
 0 422
 0 423
 0 424
 0 425
 0 426
 0 427
 0 428
 0 429
 0 430
 0 431
 0 432
 0 433
 0 434
 0 435
 0 436
 0 437
 0 438
 0 439
 0 440
 0 441
 0 442
 0 443
 0 444
 0 445
 0 446
 0 447
 0 448
 0 449
 0 450
 0 451
 0 452
 0 453
 0 454
 0 455
 0 456
 0 457
 0 458
 0 459
 0 460
 0 461
 0 462
 0 463
 0 464
 0 465
 0 466
 0 467
 0 468
 0 469
 0 470
 0 471
 0 472
 0 473
 0 474
 0 475
 0 476
 0 477
 0 478
 0 479
 0 480
 0 481
 0 482
 0 483
 0 484
 0 485
 0 486
 0 487
 0 488
 0 489
 0 490
 0 491
 0 492
 0 493
 0 494
 0 495
 0 496
 0 497
 0 498
 0 499
 0 500
 0 501
 0 502
 0 503
 0 504
 0 505
 0 506
 0 507
 0 508
 0 509
 0 510
 0 511
 0 512
 0 513
 0 514
 0 515
 0 516
 0 517
 0 518
 0 519
 0 520
 0 521
 0 522
 0 523
 0 524
 0 525
 0 526
 0 527
 0 528
 0 529
 0 530
 0 531
 0 532
 0 533
 0 534
 0 535
 0 536
 0 537
 0 538
 0 539
 0 540
 0 541
 0 542
 0 543
 0 544
 0 545
 0 546
 0 547
 0 548
 0 549
 0 550
 0 551
 0 552
 0 553
 0 554
 0 555
 0 556
 0 557
 0 558
 0 559
 0 560
 0 561
 0 562
 0 563
 0 564
 0 565
 0 566
 0 567
 0 568
 0 569
 0 570
 0 571
 0 572
 0 573
 0 574
 0 575
 0 576
 0 577
 0 578
 0 579
 0 580
 0 581
 0 582
 0 583
 0 584
 0 585
 0 586
 0 587
 0 588
 0 589
 0 590
 0 591
 0 592
 0 593
 0 594
 0 595
 0 596
 0 597
 0 598
 0 599
 0 600


