# Created by Octave 3.8.2, Mon Jun 22 17:39:40 2020 CEST <damian@fptrucha.inv.usc.es>
# name: hd
# type: matrix
# rows: 551
# columns: 2
 0 50
 0 51
 0 52
 0 53
 0 54
 0 55
 0 56
 0 57
 0 58
 0 59
 0 60
 0 61
 0 62
 0 63
 0 64
 0 65
 0 66
 0 67
 0 68
 0 69
 0 70
 0 71
 0 72
 0 73
 0 74
 0 75
 0 76
 0 77
 0 78
 0 79
 0 80
 0 81
 0 82
 0 83
 0 84
 0 85
 0 86
 2 87
 4 88
 10 89
 43 90
 139 91
 209 92
 300 93
 389 94
 639 95
 911 96
 1446 97
 1590 98
 1788 99
 1796 100
 1916 101
 2010 102
 1949 103
 1845 104
 1723 105
 1623 106
 1551 107
 1370 108
 1268 109
 1245 110
 1018 111
 861 112
 818 113
 755 114
 689 115
 645 116
 557 117
 482 118
 472 119
 394 120
 382 121
 327 122
 266 123
 254 124
 242 125
 219 126
 175 127
 170 128
 150 129
 165 130
 129 131
 116 132
 112 133
 124 134
 91 135
 89 136
 97 137
 85 138
 71 139
 64 140
 70 141
 64 142
 54 143
 53 144
 43 145
 47 146
 44 147
 55 148
 52 149
 31 150
 49 151
 33 152
 40 153
 37 154
 20 155
 21 156
 39 157
 34 158
 13 159
 30 160
 13 161
 11 162
 17 163
 17 164
 17 165
 17 166
 17 167
 11 168
 11 169
 15 170
 5 171
 11 172
 9 173
 9 174
 10 175
 12 176
 5 177
 8 178
 4 179
 5 180
 7 181
 4 182
 8 183
 4 184
 3 185
 5 186
 4 187
 0 188
 5 189
 1 190
 1 191
 2 192
 4 193
 0 194
 2 195
 2 196
 2 197
 1 198
 2 199
 1 200
 1 201
 1 202
 0 203
 3 204
 0 205
 1 206
 1 207
 0 208
 0 209
 1 210
 0 211
 1 212
 1 213
 1 214
 1 215
 1 216
 1 217
 0 218
 1 219
 1 220
 0 221
 1 222
 0 223
 0 224
 0 225
 0 226
 0 227
 0 228
 0 229
 0 230
 0 231
 0 232
 0 233
 1 234
 0 235
 0 236
 0 237
 0 238
 0 239
 0 240
 0 241
 0 242
 0 243
 0 244
 0 245
 0 246
 0 247
 0 248
 0 249
 0 250
 0 251
 0 252
 0 253
 0 254
 0 255
 0 256
 0 257
 0 258
 0 259
 0 260
 0 261
 0 262
 0 263
 0 264
 0 265
 0 266
 0 267
 0 268
 0 269
 0 270
 0 271
 0 272
 0 273
 0 274
 0 275
 0 276
 1 277
 0 278
 0 279
 0 280
 0 281
 0 282
 1 283
 0 284
 0 285
 0 286
 1 287
 0 288
 1 289
 0 290
 1 291
 1 292
 2 293
 1 294
 1 295
 1 296
 2 297
 1 298
 2 299
 2 300
 0 301
 0 302
 0 303
 1 304
 0 305
 1 306
 2 307
 1 308
 1 309
 2 310
 6 311
 3 312
 1 313
 1 314
 2 315
 2 316
 3 317
 1 318
 3 319
 2 320
 1 321
 1 322
 1 323
 0 324
 4 325
 1 326
 4 327
 0 328
 2 329
 1 330
 5 331
 3 332
 1 333
 2 334
 3 335
 2 336
 2 337
 5 338
 3 339
 3 340
 2 341
 3 342
 3 343
 2 344
 3 345
 0 346
 2 347
 0 348
 3 349
 3 350
 3 351
 2 352
 3 353
 2 354
 1 355
 2 356
 2 357
 1 358
 4 359
 2 360
 0 361
 0 362
 3 363
 1 364
 1 365
 1 366
 1 367
 2 368
 1 369
 1 370
 2 371
 1 372
 1 373
 1 374
 1 375
 2 376
 0 377
 1 378
 2 379
 1 380
 0 381
 1 382
 0 383
 0 384
 0 385
 1 386
 0 387
 3 388
 0 389
 0 390
 2 391
 0 392
 0 393
 1 394
 1 395
 0 396
 0 397
 0 398
 0 399
 0 400
 0 401
 0 402
 0 403
 0 404
 1 405
 0 406
 0 407
 0 408
 0 409
 0 410
 0 411
 0 412
 1 413
 0 414
 0 415
 0 416
 0 417
 0 418
 0 419
 0 420
 0 421
 0 422
 0 423
 0 424
 0 425
 0 426
 0 427
 0 428
 0 429
 0 430
 0 431
 0 432
 0 433
 0 434
 0 435
 0 436
 0 437
 0 438
 0 439
 0 440
 0 441
 0 442
 0 443
 0 444
 0 445
 0 446
 0 447
 0 448
 0 449
 0 450
 0 451
 0 452
 0 453
 0 454
 0 455
 0 456
 0 457
 0 458
 0 459
 0 460
 0 461
 0 462
 0 463
 0 464
 0 465
 0 466
 0 467
 0 468
 0 469
 0 470
 0 471
 0 472
 0 473
 0 474
 0 475
 0 476
 0 477
 0 478
 0 479
 0 480
 0 481
 0 482
 0 483
 0 484
 0 485
 0 486
 0 487
 0 488
 0 489
 0 490
 0 491
 0 492
 0 493
 0 494
 0 495
 0 496
 0 497
 0 498
 0 499
 0 500
 0 501
 0 502
 0 503
 0 504
 0 505
 0 506
 0 507
 0 508
 0 509
 0 510
 0 511
 0 512
 0 513
 0 514
 0 515
 0 516
 0 517
 0 518
 0 519
 0 520
 0 521
 0 522
 0 523
 0 524
 0 525
 0 526
 0 527
 0 528
 0 529
 0 530
 0 531
 0 532
 0 533
 0 534
 0 535
 0 536
 0 537
 0 538
 0 539
 0 540
 0 541
 0 542
 0 543
 0 544
 0 545
 0 546
 0 547
 0 548
 0 549
 0 550
 0 551
 0 552
 0 553
 0 554
 0 555
 0 556
 0 557
 0 558
 0 559
 0 560
 0 561
 0 562
 0 563
 0 564
 0 565
 0 566
 0 567
 0 568
 0 569
 0 570
 0 571
 0 572
 0 573
 0 574
 0 575
 0 576
 0 577
 0 578
 0 579
 0 580
 0 581
 0 582
 0 583
 0 584
 0 585
 0 586
 0 587
 0 588
 0 589
 0 590
 0 591
 0 592
 0 593
 0 594
 0 595
 0 596
 0 597
 0 598
 0 599
 0 600


