# Created by Octave 3.8.2, Sat Jun 20 16:05:22 2020 CEST <damian@fptrucha.inv.usc.es>
# name: hd
# type: matrix
# rows: 551
# columns: 2
 0 50
 0 51
 0 52
 0 53
 0 54
 0 55
 0 56
 0 57
 0 58
 0 59
 0 60
 0 61
 0 62
 0 63
 0 64
 0 65
 0 66
 0 67
 0 68
 0 69
 0 70
 0 71
 0 72
 0 73
 0 74
 0 75
 0 76
 0 77
 0 78
 0 79
 0 80
 0 81
 0 82
 0 83
 0 84
 0 85
 0 86
 1 87
 6 88
 10 89
 45 90
 94 91
 133 92
 195 93
 228 94
 365 95
 581 96
 771 97
 948 98
 963 99
 1032 100
 1044 101
 1086 102
 1126 103
 1074 104
 974 105
 915 106
 970 107
 893 108
 799 109
 804 110
 709 111
 676 112
 660 113
 553 114
 527 115
 463 116
 437 117
 347 118
 339 119
 314 120
 263 121
 272 122
 230 123
 223 124
 213 125
 209 126
 169 127
 144 128
 154 129
 125 130
 114 131
 96 132
 102 133
 82 134
 78 135
 80 136
 67 137
 64 138
 63 139
 64 140
 55 141
 43 142
 44 143
 34 144
 47 145
 27 146
 34 147
 30 148
 23 149
 25 150
 26 151
 20 152
 27 153
 26 154
 15 155
 19 156
 23 157
 22 158
 23 159
 12 160
 14 161
 13 162
 7 163
 3 164
 10 165
 17 166
 8 167
 7 168
 11 169
 7 170
 7 171
 6 172
 9 173
 5 174
 3 175
 6 176
 8 177
 3 178
 6 179
 3 180
 4 181
 2 182
 2 183
 2 184
 2 185
 3 186
 0 187
 1 188
 3 189
 3 190
 2 191
 1 192
 2 193
 2 194
 0 195
 0 196
 0 197
 1 198
 1 199
 1 200
 0 201
 0 202
 0 203
 0 204
 0 205
 0 206
 1 207
 0 208
 0 209
 0 210
 0 211
 0 212
 0 213
 0 214
 0 215
 0 216
 0 217
 0 218
 0 219
 1 220
 1 221
 0 222
 0 223
 0 224
 0 225
 0 226
 0 227
 0 228
 1 229
 0 230
 0 231
 0 232
 0 233
 0 234
 0 235
 0 236
 0 237
 0 238
 0 239
 0 240
 0 241
 0 242
 0 243
 0 244
 0 245
 0 246
 0 247
 0 248
 0 249
 0 250
 0 251
 0 252
 0 253
 0 254
 0 255
 0 256
 0 257
 0 258
 0 259
 0 260
 0 261
 0 262
 0 263
 0 264
 0 265
 0 266
 0 267
 0 268
 0 269
 0 270
 1 271
 0 272
 0 273
 0 274
 0 275
 0 276
 0 277
 0 278
 0 279
 0 280
 0 281
 0 282
 0 283
 0 284
 0 285
 0 286
 0 287
 0 288
 0 289
 1 290
 0 291
 1 292
 0 293
 0 294
 0 295
 2 296
 0 297
 1 298
 2 299
 0 300
 2 301
 0 302
 1 303
 0 304
 0 305
 1 306
 1 307
 1 308
 1 309
 3 310
 0 311
 1 312
 0 313
 0 314
 0 315
 3 316
 0 317
 2 318
 0 319
 0 320
 1 321
 1 322
 0 323
 1 324
 3 325
 1 326
 2 327
 0 328
 2 329
 3 330
 4 331
 1 332
 2 333
 1 334
 2 335
 2 336
 0 337
 2 338
 0 339
 1 340
 0 341
 1 342
 3 343
 0 344
 1 345
 0 346
 1 347
 1 348
 1 349
 2 350
 1 351
 3 352
 1 353
 1 354
 2 355
 1 356
 1 357
 1 358
 1 359
 0 360
 2 361
 1 362
 0 363
 0 364
 2 365
 3 366
 0 367
 2 368
 1 369
 0 370
 0 371
 0 372
 1 373
 1 374
 1 375
 2 376
 1 377
 1 378
 0 379
 0 380
 0 381
 0 382
 0 383
 0 384
 0 385
 0 386
 0 387
 0 388
 0 389
 0 390
 1 391
 1 392
 0 393
 1 394
 0 395
 0 396
 0 397
 0 398
 0 399
 1 400
 0 401
 0 402
 0 403
 0 404
 0 405
 0 406
 0 407
 0 408
 0 409
 0 410
 0 411
 0 412
 0 413
 1 414
 0 415
 0 416
 0 417
 0 418
 0 419
 0 420
 0 421
 0 422
 0 423
 0 424
 0 425
 0 426
 0 427
 0 428
 0 429
 0 430
 0 431
 0 432
 0 433
 0 434
 0 435
 0 436
 0 437
 0 438
 0 439
 0 440
 0 441
 0 442
 0 443
 0 444
 0 445
 0 446
 0 447
 0 448
 0 449
 0 450
 0 451
 0 452
 0 453
 0 454
 0 455
 0 456
 0 457
 0 458
 0 459
 0 460
 0 461
 0 462
 0 463
 0 464
 0 465
 0 466
 0 467
 0 468
 0 469
 0 470
 0 471
 0 472
 0 473
 0 474
 0 475
 0 476
 0 477
 0 478
 0 479
 0 480
 0 481
 0 482
 0 483
 0 484
 0 485
 0 486
 0 487
 0 488
 0 489
 0 490
 0 491
 0 492
 0 493
 0 494
 0 495
 0 496
 0 497
 0 498
 0 499
 0 500
 0 501
 0 502
 0 503
 0 504
 0 505
 0 506
 0 507
 0 508
 0 509
 0 510
 0 511
 0 512
 0 513
 0 514
 0 515
 0 516
 0 517
 0 518
 0 519
 0 520
 0 521
 0 522
 0 523
 0 524
 0 525
 0 526
 0 527
 0 528
 0 529
 0 530
 0 531
 0 532
 0 533
 0 534
 0 535
 0 536
 0 537
 0 538
 0 539
 0 540
 0 541
 0 542
 0 543
 0 544
 0 545
 0 546
 0 547
 0 548
 0 549
 0 550
 0 551
 0 552
 0 553
 0 554
 0 555
 0 556
 0 557
 0 558
 0 559
 0 560
 0 561
 0 562
 0 563
 0 564
 0 565
 0 566
 0 567
 0 568
 0 569
 0 570
 0 571
 0 572
 0 573
 0 574
 0 575
 0 576
 0 577
 0 578
 0 579
 0 580
 0 581
 0 582
 0 583
 0 584
 0 585
 0 586
 0 587
 0 588
 0 589
 0 590
 0 591
 0 592
 0 593
 0 594
 0 595
 0 596
 0 597
 0 598
 0 599
 0 600


