# Created by Octave 3.8.2, Mon Jun 22 18:35:28 2020 CEST <damian@fptrucha.inv.usc.es>
# name: hd
# type: matrix
# rows: 551
# columns: 2
 0 50
 0 51
 0 52
 0 53
 0 54
 0 55
 0 56
 0 57
 0 58
 0 59
 0 60
 0 61
 0 62
 0 63
 0 64
 0 65
 0 66
 0 67
 0 68
 0 69
 0 70
 0 71
 0 72
 0 73
 0 74
 0 75
 0 76
 0 77
 0 78
 0 79
 0 80
 0 81
 0 82
 0 83
 0 84
 0 85
 0 86
 0 87
 0 88
 7 89
 43 90
 129 91
 219 92
 293 93
 404 94
 550 95
 823 96
 1184 97
 1528 98
 1645 99
 1716 100
 1803 101
 1820 102
 1807 103
 1710 104
 1733 105
 1536 106
 1498 107
 1399 108
 1297 109
 1213 110
 1107 111
 990 112
 908 113
 850 114
 785 115
 682 116
 588 117
 530 118
 505 119
 465 120
 389 121
 359 122
 274 123
 258 124
 282 125
 227 126
 206 127
 188 128
 166 129
 172 130
 142 131
 133 132
 123 133
 112 134
 107 135
 101 136
 91 137
 97 138
 83 139
 93 140
 70 141
 83 142
 69 143
 61 144
 53 145
 61 146
 44 147
 65 148
 47 149
 57 150
 40 151
 40 152
 31 153
 40 154
 27 155
 40 156
 23 157
 40 158
 31 159
 26 160
 25 161
 29 162
 36 163
 20 164
 22 165
 9 166
 20 167
 12 168
 14 169
 11 170
 12 171
 7 172
 10 173
 9 174
 9 175
 13 176
 9 177
 4 178
 4 179
 10 180
 8 181
 4 182
 4 183
 6 184
 5 185
 2 186
 9 187
 5 188
 1 189
 3 190
 3 191
 3 192
 3 193
 1 194
 1 195
 2 196
 1 197
 2 198
 1 199
 1 200
 2 201
 3 202
 2 203
 0 204
 3 205
 0 206
 0 207
 1 208
 0 209
 0 210
 1 211
 1 212
 1 213
 0 214
 0 215
 1 216
 1 217
 0 218
 2 219
 0 220
 1 221
 0 222
 0 223
 0 224
 0 225
 0 226
 0 227
 0 228
 0 229
 0 230
 0 231
 0 232
 0 233
 0 234
 0 235
 0 236
 0 237
 0 238
 0 239
 0 240
 0 241
 1 242
 0 243
 0 244
 0 245
 0 246
 0 247
 0 248
 0 249
 0 250
 0 251
 0 252
 0 253
 0 254
 0 255
 0 256
 0 257
 0 258
 0 259
 0 260
 0 261
 0 262
 0 263
 0 264
 0 265
 1 266
 0 267
 0 268
 0 269
 0 270
 0 271
 0 272
 0 273
 0 274
 0 275
 0 276
 0 277
 0 278
 0 279
 0 280
 0 281
 0 282
 0 283
 1 284
 0 285
 0 286
 0 287
 0 288
 0 289
 1 290
 1 291
 0 292
 1 293
 1 294
 1 295
 0 296
 0 297
 1 298
 0 299
 1 300
 1 301
 0 302
 2 303
 1 304
 2 305
 2 306
 1 307
 1 308
 1 309
 0 310
 1 311
 4 312
 6 313
 3 314
 2 315
 1 316
 2 317
 1 318
 1 319
 2 320
 3 321
 0 322
 1 323
 3 324
 3 325
 4 326
 3 327
 1 328
 2 329
 3 330
 1 331
 3 332
 2 333
 1 334
 2 335
 2 336
 4 337
 5 338
 1 339
 7 340
 0 341
 3 342
 2 343
 1 344
 0 345
 2 346
 1 347
 2 348
 3 349
 3 350
 2 351
 0 352
 0 353
 0 354
 0 355
 0 356
 0 357
 5 358
 0 359
 3 360
 0 361
 0 362
 2 363
 2 364
 3 365
 2 366
 0 367
 0 368
 0 369
 1 370
 2 371
 1 372
 2 373
 4 374
 0 375
 0 376
 1 377
 2 378
 0 379
 0 380
 0 381
 0 382
 3 383
 1 384
 0 385
 0 386
 1 387
 1 388
 0 389
 0 390
 0 391
 0 392
 0 393
 0 394
 1 395
 1 396
 1 397
 0 398
 0 399
 0 400
 0 401
 0 402
 0 403
 0 404
 0 405
 0 406
 0 407
 0 408
 0 409
 0 410
 0 411
 0 412
 0 413
 1 414
 0 415
 0 416
 0 417
 0 418
 0 419
 0 420
 0 421
 0 422
 0 423
 0 424
 0 425
 0 426
 0 427
 0 428
 0 429
 0 430
 0 431
 0 432
 0 433
 0 434
 0 435
 0 436
 0 437
 0 438
 0 439
 0 440
 0 441
 0 442
 0 443
 0 444
 0 445
 0 446
 0 447
 0 448
 0 449
 0 450
 0 451
 0 452
 0 453
 0 454
 0 455
 0 456
 0 457
 0 458
 0 459
 0 460
 0 461
 0 462
 0 463
 0 464
 0 465
 0 466
 0 467
 0 468
 0 469
 0 470
 0 471
 0 472
 0 473
 0 474
 0 475
 0 476
 0 477
 0 478
 0 479
 0 480
 0 481
 0 482
 0 483
 0 484
 0 485
 0 486
 0 487
 0 488
 0 489
 0 490
 0 491
 0 492
 0 493
 0 494
 0 495
 0 496
 0 497
 0 498
 0 499
 0 500
 0 501
 0 502
 0 503
 0 504
 0 505
 0 506
 0 507
 0 508
 0 509
 0 510
 0 511
 0 512
 0 513
 0 514
 0 515
 0 516
 0 517
 0 518
 0 519
 0 520
 0 521
 0 522
 0 523
 0 524
 0 525
 0 526
 0 527
 0 528
 0 529
 0 530
 0 531
 0 532
 0 533
 0 534
 0 535
 0 536
 0 537
 0 538
 0 539
 0 540
 0 541
 0 542
 0 543
 0 544
 0 545
 0 546
 0 547
 0 548
 0 549
 0 550
 0 551
 0 552
 0 553
 0 554
 0 555
 0 556
 0 557
 0 558
 0 559
 0 560
 0 561
 0 562
 0 563
 0 564
 0 565
 0 566
 0 567
 0 568
 0 569
 0 570
 0 571
 0 572
 0 573
 0 574
 0 575
 0 576
 0 577
 0 578
 0 579
 0 580
 0 581
 0 582
 0 583
 0 584
 0 585
 0 586
 0 587
 0 588
 0 589
 0 590
 0 591
 0 592
 0 593
 0 594
 0 595
 0 596
 0 597
 0 598
 0 599
 0 600


