# Created by Octave 3.8.2, Mon Jun 22 23:01:29 2020 CEST <damian@fptrucha.inv.usc.es>
# name: hd
# type: matrix
# rows: 551
# columns: 2
 0 50
 0 51
 0 52
 0 53
 0 54
 0 55
 0 56
 0 57
 0 58
 0 59
 0 60
 0 61
 0 62
 0 63
 0 64
 0 65
 0 66
 0 67
 0 68
 0 69
 0 70
 0 71
 0 72
 0 73
 0 74
 0 75
 0 76
 0 77
 0 78
 0 79
 0 80
 0 81
 0 82
 0 83
 0 84
 0 85
 1 86
 1 87
 2 88
 12 89
 62 90
 138 91
 218 92
 369 93
 490 94
 667 95
 957 96
 1424 97
 1695 98
 1763 99
 1943 100
 2072 101
 2026 102
 1868 103
 1922 104
 1792 105
 1644 106
 1626 107
 1460 108
 1363 109
 1129 110
 1046 111
 1006 112
 870 113
 771 114
 728 115
 646 116
 533 117
 491 118
 460 119
 417 120
 352 121
 337 122
 292 123
 272 124
 246 125
 213 126
 171 127
 187 128
 155 129
 153 130
 136 131
 119 132
 117 133
 98 134
 99 135
 111 136
 86 137
 81 138
 74 139
 74 140
 64 141
 69 142
 52 143
 36 144
 39 145
 53 146
 37 147
 43 148
 47 149
 45 150
 37 151
 36 152
 36 153
 40 154
 27 155
 36 156
 30 157
 25 158
 34 159
 18 160
 38 161
 15 162
 12 163
 15 164
 23 165
 14 166
 11 167
 12 168
 11 169
 13 170
 13 171
 12 172
 6 173
 13 174
 6 175
 3 176
 7 177
 4 178
 6 179
 8 180
 4 181
 4 182
 3 183
 6 184
 5 185
 2 186
 4 187
 1 188
 4 189
 2 190
 2 191
 1 192
 1 193
 2 194
 4 195
 1 196
 1 197
 1 198
 1 199
 4 200
 0 201
 0 202
 0 203
 0 204
 1 205
 1 206
 2 207
 1 208
 0 209
 0 210
 1 211
 0 212
 0 213
 1 214
 0 215
 0 216
 0 217
 0 218
 0 219
 0 220
 0 221
 0 222
 2 223
 0 224
 0 225
 0 226
 0 227
 0 228
 0 229
 0 230
 0 231
 0 232
 0 233
 0 234
 0 235
 0 236
 0 237
 1 238
 0 239
 0 240
 0 241
 0 242
 0 243
 0 244
 0 245
 0 246
 0 247
 0 248
 0 249
 0 250
 0 251
 0 252
 0 253
 0 254
 0 255
 0 256
 0 257
 0 258
 0 259
 0 260
 0 261
 0 262
 0 263
 0 264
 0 265
 0 266
 0 267
 0 268
 0 269
 0 270
 0 271
 0 272
 0 273
 0 274
 0 275
 0 276
 0 277
 0 278
 0 279
 0 280
 0 281
 0 282
 0 283
 1 284
 0 285
 0 286
 1 287
 0 288
 0 289
 0 290
 1 291
 0 292
 1 293
 1 294
 0 295
 1 296
 1 297
 0 298
 0 299
 0 300
 1 301
 1 302
 1 303
 1 304
 1 305
 2 306
 0 307
 1 308
 1 309
 1 310
 3 311
 2 312
 1 313
 1 314
 1 315
 1 316
 2 317
 2 318
 2 319
 5 320
 2 321
 3 322
 2 323
 2 324
 2 325
 1 326
 4 327
 0 328
 2 329
 1 330
 3 331
 3 332
 2 333
 2 334
 2 335
 0 336
 1 337
 2 338
 4 339
 3 340
 2 341
 2 342
 3 343
 3 344
 3 345
 1 346
 1 347
 3 348
 0 349
 3 350
 2 351
 2 352
 1 353
 2 354
 2 355
 1 356
 3 357
 1 358
 1 359
 2 360
 4 361
 1 362
 2 363
 2 364
 3 365
 1 366
 0 367
 1 368
 0 369
 2 370
 2 371
 1 372
 1 373
 0 374
 0 375
 1 376
 1 377
 1 378
 1 379
 1 380
 2 381
 0 382
 1 383
 0 384
 1 385
 2 386
 2 387
 0 388
 0 389
 0 390
 0 391
 0 392
 1 393
 1 394
 0 395
 0 396
 0 397
 0 398
 0 399
 0 400
 0 401
 0 402
 0 403
 0 404
 0 405
 0 406
 0 407
 0 408
 0 409
 0 410
 0 411
 0 412
 0 413
 0 414
 0 415
 0 416
 0 417
 0 418
 0 419
 0 420
 0 421
 0 422
 0 423
 0 424
 0 425
 0 426
 0 427
 0 428
 0 429
 0 430
 0 431
 0 432
 0 433
 0 434
 0 435
 0 436
 0 437
 1 438
 0 439
 0 440
 0 441
 0 442
 0 443
 0 444
 0 445
 0 446
 0 447
 0 448
 0 449
 0 450
 0 451
 0 452
 0 453
 0 454
 0 455
 0 456
 0 457
 0 458
 0 459
 0 460
 0 461
 0 462
 0 463
 0 464
 0 465
 0 466
 0 467
 0 468
 0 469
 0 470
 0 471
 0 472
 0 473
 0 474
 0 475
 0 476
 0 477
 0 478
 0 479
 0 480
 0 481
 0 482
 0 483
 0 484
 0 485
 0 486
 0 487
 0 488
 0 489
 0 490
 0 491
 0 492
 0 493
 0 494
 0 495
 0 496
 0 497
 0 498
 0 499
 0 500
 0 501
 0 502
 0 503
 0 504
 0 505
 0 506
 0 507
 0 508
 0 509
 0 510
 0 511
 0 512
 0 513
 0 514
 0 515
 0 516
 0 517
 0 518
 0 519
 0 520
 0 521
 0 522
 0 523
 0 524
 0 525
 0 526
 0 527
 0 528
 0 529
 0 530
 0 531
 0 532
 0 533
 0 534
 0 535
 0 536
 0 537
 0 538
 0 539
 0 540
 0 541
 0 542
 0 543
 0 544
 0 545
 0 546
 0 547
 0 548
 0 549
 0 550
 0 551
 0 552
 0 553
 0 554
 0 555
 0 556
 0 557
 0 558
 0 559
 0 560
 0 561
 0 562
 0 563
 0 564
 0 565
 0 566
 0 567
 0 568
 0 569
 0 570
 0 571
 0 572
 0 573
 0 574
 0 575
 0 576
 0 577
 0 578
 0 579
 0 580
 0 581
 0 582
 0 583
 0 584
 0 585
 0 586
 0 587
 0 588
 0 589
 0 590
 0 591
 0 592
 0 593
 0 594
 0 595
 0 596
 0 597
 0 598
 0 599
 0 600


