# Created by Octave 3.8.2, Mon Jun 22 14:22:30 2020 CEST <damian@fptrucha.inv.usc.es>
# name: hd
# type: matrix
# rows: 551
# columns: 2
 0 50
 0 51
 0 52
 0 53
 0 54
 0 55
 0 56
 0 57
 0 58
 0 59
 0 60
 0 61
 0 62
 0 63
 0 64
 0 65
 0 66
 0 67
 0 68
 0 69
 0 70
 0 71
 0 72
 0 73
 0 74
 0 75
 0 76
 0 77
 0 78
 0 79
 0 80
 0 81
 0 82
 0 83
 0 84
 0 85
 0 86
 0 87
 3 88
 7 89
 37 90
 118 91
 212 92
 339 93
 426 94
 576 95
 836 96
 1343 97
 1535 98
 1668 99
 1819 100
 1828 101
 1878 102
 1789 103
 1697 104
 1730 105
 1557 106
 1478 107
 1389 108
 1274 109
 1090 110
 1017 111
 910 112
 865 113
 722 114
 694 115
 574 116
 525 117
 470 118
 403 119
 380 120
 316 121
 300 122
 258 123
 225 124
 236 125
 178 126
 181 127
 180 128
 169 129
 155 130
 137 131
 127 132
 101 133
 115 134
 111 135
 85 136
 96 137
 79 138
 60 139
 75 140
 52 141
 56 142
 65 143
 48 144
 52 145
 51 146
 51 147
 38 148
 43 149
 41 150
 44 151
 32 152
 39 153
 27 154
 39 155
 34 156
 28 157
 23 158
 24 159
 35 160
 19 161
 19 162
 12 163
 16 164
 20 165
 16 166
 14 167
 10 168
 19 169
 12 170
 5 171
 8 172
 13 173
 8 174
 3 175
 7 176
 8 177
 11 178
 4 179
 7 180
 5 181
 4 182
 6 183
 4 184
 2 185
 3 186
 3 187
 1 188
 7 189
 3 190
 2 191
 0 192
 1 193
 3 194
 1 195
 1 196
 0 197
 5 198
 1 199
 1 200
 2 201
 0 202
 1 203
 2 204
 1 205
 1 206
 0 207
 5 208
 2 209
 0 210
 1 211
 1 212
 1 213
 1 214
 0 215
 2 216
 0 217
 1 218
 1 219
 0 220
 1 221
 1 222
 0 223
 0 224
 0 225
 0 226
 0 227
 0 228
 0 229
 0 230
 0 231
 0 232
 0 233
 0 234
 0 235
 0 236
 0 237
 0 238
 0 239
 0 240
 0 241
 0 242
 0 243
 0 244
 0 245
 0 246
 0 247
 0 248
 0 249
 0 250
 0 251
 0 252
 0 253
 0 254
 0 255
 0 256
 0 257
 0 258
 0 259
 0 260
 0 261
 0 262
 0 263
 0 264
 0 265
 0 266
 0 267
 0 268
 0 269
 0 270
 0 271
 0 272
 0 273
 0 274
 0 275
 0 276
 0 277
 0 278
 0 279
 0 280
 0 281
 0 282
 1 283
 0 284
 2 285
 0 286
 0 287
 0 288
 1 289
 0 290
 2 291
 1 292
 0 293
 0 294
 1 295
 3 296
 2 297
 1 298
 4 299
 0 300
 0 301
 0 302
 1 303
 4 304
 4 305
 0 306
 3 307
 2 308
 0 309
 2 310
 0 311
 3 312
 4 313
 2 314
 2 315
 4 316
 2 317
 1 318
 5 319
 4 320
 2 321
 4 322
 2 323
 3 324
 5 325
 1 326
 3 327
 4 328
 2 329
 3 330
 2 331
 3 332
 4 333
 4 334
 4 335
 1 336
 3 337
 3 338
 4 339
 4 340
 2 341
 1 342
 1 343
 1 344
 1 345
 2 346
 2 347
 2 348
 2 349
 1 350
 0 351
 0 352
 1 353
 0 354
 0 355
 2 356
 3 357
 2 358
 3 359
 3 360
 3 361
 0 362
 0 363
 1 364
 0 365
 1 366
 1 367
 1 368
 1 369
 0 370
 1 371
 2 372
 2 373
 0 374
 2 375
 0 376
 0 377
 0 378
 1 379
 1 380
 0 381
 0 382
 1 383
 0 384
 2 385
 1 386
 1 387
 0 388
 2 389
 0 390
 0 391
 0 392
 0 393
 1 394
 0 395
 0 396
 1 397
 0 398
 0 399
 0 400
 0 401
 0 402
 0 403
 1 404
 0 405
 0 406
 0 407
 0 408
 0 409
 0 410
 1 411
 0 412
 0 413
 0 414
 0 415
 0 416
 0 417
 0 418
 0 419
 0 420
 0 421
 0 422
 0 423
 0 424
 0 425
 0 426
 0 427
 0 428
 0 429
 0 430
 0 431
 0 432
 0 433
 0 434
 0 435
 0 436
 0 437
 0 438
 0 439
 0 440
 0 441
 0 442
 0 443
 0 444
 0 445
 0 446
 0 447
 0 448
 0 449
 0 450
 0 451
 0 452
 0 453
 0 454
 0 455
 0 456
 0 457
 0 458
 0 459
 0 460
 0 461
 0 462
 0 463
 0 464
 0 465
 0 466
 0 467
 0 468
 0 469
 0 470
 0 471
 0 472
 0 473
 0 474
 0 475
 0 476
 0 477
 0 478
 0 479
 0 480
 0 481
 0 482
 0 483
 0 484
 0 485
 0 486
 0 487
 0 488
 0 489
 0 490
 0 491
 0 492
 0 493
 0 494
 0 495
 0 496
 0 497
 0 498
 0 499
 0 500
 0 501
 0 502
 0 503
 0 504
 0 505
 0 506
 0 507
 0 508
 0 509
 0 510
 0 511
 0 512
 0 513
 0 514
 0 515
 0 516
 0 517
 0 518
 0 519
 0 520
 0 521
 0 522
 0 523
 0 524
 0 525
 0 526
 0 527
 0 528
 0 529
 0 530
 0 531
 0 532
 0 533
 0 534
 0 535
 0 536
 0 537
 0 538
 0 539
 0 540
 0 541
 0 542
 0 543
 0 544
 0 545
 0 546
 0 547
 0 548
 0 549
 0 550
 0 551
 0 552
 0 553
 0 554
 0 555
 0 556
 0 557
 0 558
 0 559
 0 560
 0 561
 0 562
 0 563
 0 564
 0 565
 0 566
 0 567
 0 568
 0 569
 0 570
 0 571
 0 572
 0 573
 0 574
 0 575
 0 576
 0 577
 0 578
 0 579
 0 580
 0 581
 0 582
 0 583
 0 584
 0 585
 0 586
 0 587
 0 588
 0 589
 0 590
 0 591
 0 592
 0 593
 0 594
 0 595
 0 596
 0 597
 0 598
 0 599
 0 600


