# Created by Octave 3.8.2, Sun Jun 21 00:51:52 2020 CEST <damian@fptrucha.inv.usc.es>
# name: hd
# type: matrix
# rows: 551
# columns: 2
 0 50
 0 51
 0 52
 0 53
 0 54
 0 55
 0 56
 0 57
 0 58
 0 59
 0 60
 0 61
 0 62
 0 63
 0 64
 0 65
 0 66
 0 67
 0 68
 0 69
 0 70
 0 71
 0 72
 0 73
 0 74
 0 75
 0 76
 0 77
 0 78
 0 79
 0 80
 0 81
 0 82
 0 83
 0 84
 0 85
 0 86
 6 87
 6 88
 23 89
 56 90
 95 91
 196 92
 272 93
 371 94
 530 95
 766 96
 1014 97
 1262 98
 1358 99
 1467 100
 1472 101
 1570 102
 1539 103
 1523 104
 1491 105
 1429 106
 1330 107
 1248 108
 1239 109
 1158 110
 1075 111
 961 112
 900 113
 826 114
 792 115
 736 116
 657 117
 614 118
 518 119
 549 120
 468 121
 397 122
 342 123
 332 124
 309 125
 291 126
 221 127
 229 128
 198 129
 186 130
 191 131
 157 132
 140 133
 145 134
 131 135
 123 136
 108 137
 79 138
 95 139
 80 140
 78 141
 93 142
 64 143
 65 144
 56 145
 59 146
 50 147
 56 148
 29 149
 60 150
 43 151
 39 152
 28 153
 36 154
 31 155
 38 156
 25 157
 29 158
 21 159
 30 160
 16 161
 19 162
 14 163
 12 164
 17 165
 12 166
 6 167
 24 168
 8 169
 4 170
 11 171
 5 172
 3 173
 12 174
 8 175
 6 176
 5 177
 5 178
 1 179
 10 180
 3 181
 10 182
 3 183
 1 184
 2 185
 3 186
 0 187
 5 188
 5 189
 3 190
 2 191
 2 192
 2 193
 5 194
 2 195
 3 196
 0 197
 1 198
 2 199
 0 200
 2 201
 0 202
 2 203
 0 204
 0 205
 1 206
 0 207
 1 208
 0 209
 0 210
 1 211
 2 212
 2 213
 0 214
 0 215
 2 216
 1 217
 0 218
 0 219
 0 220
 1 221
 0 222
 0 223
 1 224
 0 225
 0 226
 0 227
 0 228
 0 229
 0 230
 0 231
 1 232
 0 233
 0 234
 0 235
 0 236
 0 237
 0 238
 1 239
 0 240
 0 241
 0 242
 0 243
 0 244
 0 245
 0 246
 0 247
 0 248
 0 249
 0 250
 0 251
 0 252
 0 253
 0 254
 0 255
 0 256
 0 257
 0 258
 0 259
 0 260
 0 261
 0 262
 0 263
 0 264
 0 265
 0 266
 0 267
 0 268
 0 269
 0 270
 0 271
 0 272
 0 273
 0 274
 0 275
 0 276
 0 277
 0 278
 0 279
 0 280
 1 281
 0 282
 0 283
 0 284
 0 285
 0 286
 1 287
 0 288
 0 289
 0 290
 0 291
 0 292
 0 293
 1 294
 1 295
 2 296
 2 297
 0 298
 1 299
 0 300
 1 301
 2 302
 0 303
 0 304
 3 305
 3 306
 1 307
 0 308
 0 309
 2 310
 1 311
 1 312
 1 313
 1 314
 4 315
 1 316
 2 317
 1 318
 1 319
 1 320
 3 321
 2 322
 2 323
 1 324
 5 325
 0 326
 1 327
 3 328
 4 329
 2 330
 2 331
 3 332
 0 333
 2 334
 0 335
 3 336
 0 337
 2 338
 4 339
 3 340
 1 341
 3 342
 0 343
 2 344
 0 345
 3 346
 1 347
 3 348
 0 349
 2 350
 2 351
 1 352
 2 353
 0 354
 2 355
 0 356
 1 357
 4 358
 2 359
 1 360
 0 361
 3 362
 0 363
 2 364
 1 365
 4 366
 0 367
 1 368
 1 369
 0 370
 1 371
 1 372
 0 373
 1 374
 1 375
 0 376
 1 377
 0 378
 0 379
 1 380
 0 381
 1 382
 0 383
 0 384
 1 385
 0 386
 0 387
 0 388
 0 389
 0 390
 1 391
 1 392
 0 393
 0 394
 0 395
 0 396
 1 397
 0 398
 0 399
 1 400
 0 401
 0 402
 0 403
 0 404
 0 405
 0 406
 0 407
 0 408
 0 409
 0 410
 0 411
 1 412
 0 413
 0 414
 0 415
 0 416
 0 417
 0 418
 0 419
 0 420
 0 421
 0 422
 1 423
 0 424
 0 425
 0 426
 0 427
 0 428
 0 429
 0 430
 0 431
 0 432
 0 433
 0 434
 0 435
 0 436
 0 437
 0 438
 0 439
 0 440
 0 441
 0 442
 0 443
 0 444
 0 445
 0 446
 0 447
 0 448
 0 449
 0 450
 0 451
 0 452
 0 453
 0 454
 0 455
 0 456
 0 457
 0 458
 0 459
 0 460
 0 461
 0 462
 0 463
 0 464
 0 465
 0 466
 0 467
 0 468
 0 469
 0 470
 0 471
 0 472
 0 473
 0 474
 0 475
 0 476
 0 477
 0 478
 0 479
 0 480
 0 481
 0 482
 0 483
 0 484
 0 485
 0 486
 0 487
 0 488
 0 489
 0 490
 0 491
 0 492
 0 493
 0 494
 0 495
 0 496
 0 497
 0 498
 0 499
 0 500
 0 501
 0 502
 0 503
 0 504
 0 505
 0 506
 0 507
 0 508
 0 509
 0 510
 0 511
 0 512
 0 513
 0 514
 0 515
 0 516
 0 517
 0 518
 0 519
 0 520
 0 521
 0 522
 0 523
 0 524
 0 525
 0 526
 0 527
 0 528
 0 529
 0 530
 0 531
 0 532
 0 533
 0 534
 0 535
 0 536
 0 537
 0 538
 0 539
 0 540
 0 541
 0 542
 0 543
 0 544
 0 545
 0 546
 0 547
 0 548
 0 549
 0 550
 0 551
 0 552
 0 553
 0 554
 0 555
 0 556
 0 557
 0 558
 0 559
 0 560
 0 561
 0 562
 0 563
 0 564
 0 565
 0 566
 0 567
 0 568
 0 569
 0 570
 0 571
 0 572
 0 573
 0 574
 0 575
 0 576
 0 577
 0 578
 0 579
 0 580
 0 581
 0 582
 0 583
 0 584
 0 585
 0 586
 0 587
 0 588
 0 589
 0 590
 0 591
 0 592
 0 593
 0 594
 0 595
 0 596
 0 597
 0 598
 0 599
 0 600


