# Created by Octave 3.8.2, Mon Jun 22 03:20:49 2020 CEST <damian@fptrucha.inv.usc.es>
# name: hd
# type: matrix
# rows: 551
# columns: 2
 0 50
 0 51
 0 52
 0 53
 0 54
 0 55
 0 56
 0 57
 0 58
 0 59
 0 60
 0 61
 0 62
 0 63
 0 64
 0 65
 0 66
 0 67
 0 68
 0 69
 0 70
 0 71
 0 72
 0 73
 0 74
 0 75
 0 76
 0 77
 0 78
 0 79
 0 80
 0 81
 0 82
 0 83
 0 84
 0 85
 0 86
 2 87
 5 88
 8 89
 51 90
 134 91
 221 92
 331 93
 386 94
 558 95
 845 96
 1226 97
 1369 98
 1541 99
 1672 100
 1758 101
 1718 102
 1618 103
 1501 104
 1541 105
 1412 106
 1294 107
 1212 108
 1096 109
 1078 110
 916 111
 835 112
 766 113
 645 114
 657 115
 570 116
 490 117
 486 118
 399 119
 377 120
 287 121
 285 122
 253 123
 204 124
 207 125
 205 126
 186 127
 169 128
 145 129
 133 130
 133 131
 121 132
 118 133
 116 134
 111 135
 90 136
 87 137
 97 138
 93 139
 95 140
 69 141
 51 142
 57 143
 67 144
 65 145
 52 146
 39 147
 55 148
 42 149
 43 150
 41 151
 47 152
 29 153
 29 154
 30 155
 26 156
 28 157
 24 158
 30 159
 22 160
 17 161
 36 162
 23 163
 24 164
 25 165
 14 166
 19 167
 18 168
 10 169
 14 170
 16 171
 13 172
 11 173
 10 174
 9 175
 6 176
 7 177
 5 178
 13 179
 9 180
 7 181
 8 182
 6 183
 10 184
 5 185
 3 186
 4 187
 4 188
 3 189
 5 190
 2 191
 3 192
 4 193
 3 194
 0 195
 1 196
 1 197
 2 198
 1 199
 1 200
 3 201
 1 202
 3 203
 3 204
 1 205
 1 206
 0 207
 1 208
 1 209
 0 210
 1 211
 0 212
 0 213
 0 214
 0 215
 0 216
 1 217
 2 218
 0 219
 1 220
 1 221
 1 222
 0 223
 0 224
 0 225
 0 226
 0 227
 1 228
 1 229
 0 230
 1 231
 0 232
 0 233
 0 234
 0 235
 0 236
 0 237
 0 238
 0 239
 0 240
 0 241
 0 242
 0 243
 0 244
 0 245
 0 246
 0 247
 0 248
 0 249
 0 250
 0 251
 0 252
 0 253
 0 254
 0 255
 0 256
 0 257
 0 258
 0 259
 0 260
 0 261
 0 262
 0 263
 0 264
 0 265
 0 266
 0 267
 0 268
 0 269
 0 270
 0 271
 0 272
 0 273
 0 274
 0 275
 0 276
 0 277
 1 278
 0 279
 0 280
 1 281
 0 282
 0 283
 1 284
 1 285
 0 286
 0 287
 1 288
 0 289
 0 290
 0 291
 1 292
 0 293
 2 294
 1 295
 1 296
 0 297
 3 298
 0 299
 2 300
 0 301
 2 302
 0 303
 2 304
 1 305
 4 306
 2 307
 0 308
 1 309
 2 310
 3 311
 2 312
 1 313
 2 314
 1 315
 5 316
 3 317
 2 318
 2 319
 2 320
 2 321
 2 322
 3 323
 4 324
 1 325
 2 326
 3 327
 1 328
 1 329
 1 330
 2 331
 4 332
 1 333
 5 334
 4 335
 1 336
 2 337
 2 338
 2 339
 2 340
 0 341
 0 342
 2 343
 2 344
 1 345
 1 346
 2 347
 1 348
 2 349
 2 350
 0 351
 2 352
 5 353
 2 354
 2 355
 1 356
 4 357
 1 358
 1 359
 1 360
 2 361
 0 362
 0 363
 2 364
 3 365
 0 366
 3 367
 1 368
 0 369
 2 370
 1 371
 0 372
 1 373
 0 374
 0 375
 0 376
 1 377
 0 378
 2 379
 1 380
 0 381
 0 382
 0 383
 0 384
 0 385
 0 386
 1 387
 1 388
 0 389
 0 390
 0 391
 0 392
 0 393
 0 394
 0 395
 0 396
 2 397
 0 398
 1 399
 0 400
 0 401
 1 402
 0 403
 1 404
 0 405
 0 406
 0 407
 0 408
 0 409
 1 410
 0 411
 1 412
 0 413
 0 414
 0 415
 0 416
 0 417
 0 418
 0 419
 0 420
 0 421
 0 422
 0 423
 0 424
 0 425
 0 426
 0 427
 0 428
 0 429
 0 430
 0 431
 0 432
 0 433
 0 434
 0 435
 0 436
 0 437
 0 438
 0 439
 0 440
 0 441
 0 442
 0 443
 0 444
 0 445
 0 446
 0 447
 0 448
 0 449
 0 450
 0 451
 0 452
 0 453
 0 454
 0 455
 0 456
 0 457
 0 458
 0 459
 0 460
 0 461
 0 462
 0 463
 0 464
 0 465
 0 466
 0 467
 0 468
 0 469
 0 470
 0 471
 0 472
 0 473
 0 474
 0 475
 0 476
 0 477
 0 478
 0 479
 0 480
 0 481
 0 482
 0 483
 0 484
 0 485
 0 486
 0 487
 0 488
 0 489
 0 490
 0 491
 0 492
 0 493
 0 494
 0 495
 0 496
 0 497
 0 498
 0 499
 0 500
 0 501
 0 502
 0 503
 0 504
 0 505
 0 506
 0 507
 0 508
 0 509
 0 510
 0 511
 0 512
 0 513
 0 514
 0 515
 0 516
 0 517
 0 518
 0 519
 0 520
 0 521
 0 522
 0 523
 0 524
 0 525
 0 526
 0 527
 0 528
 0 529
 0 530
 0 531
 0 532
 0 533
 0 534
 0 535
 0 536
 0 537
 0 538
 0 539
 0 540
 0 541
 0 542
 0 543
 0 544
 0 545
 0 546
 0 547
 0 548
 0 549
 0 550
 0 551
 0 552
 0 553
 0 554
 0 555
 0 556
 0 557
 0 558
 0 559
 0 560
 0 561
 0 562
 0 563
 0 564
 0 565
 0 566
 0 567
 0 568
 0 569
 0 570
 0 571
 0 572
 0 573
 0 574
 0 575
 0 576
 0 577
 0 578
 0 579
 0 580
 0 581
 0 582
 0 583
 0 584
 0 585
 0 586
 0 587
 0 588
 0 589
 0 590
 0 591
 0 592
 0 593
 0 594
 0 595
 0 596
 0 597
 0 598
 0 599
 0 600


