# Created by Octave 3.8.2, Mon Jun 22 09:57:38 2020 CEST <damian@fptrucha.inv.usc.es>
# name: hd
# type: matrix
# rows: 551
# columns: 2
 0 50
 0 51
 1 52
 0 53
 0 54
 0 55
 0 56
 0 57
 0 58
 0 59
 0 60
 0 61
 0 62
 0 63
 0 64
 0 65
 0 66
 0 67
 0 68
 0 69
 0 70
 0 71
 0 72
 0 73
 0 74
 0 75
 0 76
 0 77
 0 78
 0 79
 0 80
 0 81
 0 82
 0 83
 0 84
 0 85
 0 86
 0 87
 2 88
 8 89
 28 90
 97 91
 159 92
 278 93
 322 94
 501 95
 714 96
 1085 97
 1312 98
 1439 99
 1580 100
 1649 101
 1782 102
 1754 103
 1662 104
 1583 105
 1470 106
 1431 107
 1320 108
 1182 109
 1129 110
 1017 111
 993 112
 883 113
 844 114
 724 115
 598 116
 597 117
 485 118
 438 119
 431 120
 370 121
 342 122
 315 123
 268 124
 222 125
 241 126
 195 127
 202 128
 184 129
 182 130
 152 131
 131 132
 135 133
 115 134
 129 135
 106 136
 83 137
 94 138
 78 139
 85 140
 78 141
 65 142
 74 143
 82 144
 56 145
 63 146
 58 147
 59 148
 59 149
 57 150
 46 151
 35 152
 48 153
 35 154
 39 155
 34 156
 30 157
 30 158
 40 159
 33 160
 23 161
 20 162
 27 163
 23 164
 14 165
 20 166
 14 167
 12 168
 20 169
 14 170
 11 171
 15 172
 8 173
 8 174
 9 175
 12 176
 6 177
 14 178
 8 179
 5 180
 12 181
 6 182
 3 183
 5 184
 7 185
 5 186
 3 187
 6 188
 2 189
 4 190
 3 191
 3 192
 0 193
 2 194
 3 195
 2 196
 1 197
 0 198
 1 199
 2 200
 2 201
 2 202
 2 203
 3 204
 4 205
 2 206
 0 207
 1 208
 0 209
 1 210
 0 211
 0 212
 0 213
 1 214
 0 215
 0 216
 0 217
 1 218
 1 219
 0 220
 0 221
 0 222
 0 223
 0 224
 0 225
 1 226
 0 227
 0 228
 0 229
 1 230
 0 231
 0 232
 0 233
 0 234
 0 235
 1 236
 0 237
 0 238
 0 239
 0 240
 0 241
 0 242
 0 243
 0 244
 0 245
 0 246
 0 247
 0 248
 0 249
 0 250
 0 251
 0 252
 0 253
 0 254
 0 255
 0 256
 0 257
 0 258
 0 259
 0 260
 0 261
 0 262
 0 263
 0 264
 0 265
 0 266
 0 267
 0 268
 0 269
 0 270
 0 271
 0 272
 0 273
 1 274
 0 275
 0 276
 0 277
 0 278
 0 279
 0 280
 0 281
 0 282
 0 283
 0 284
 0 285
 0 286
 2 287
 0 288
 0 289
 0 290
 0 291
 0 292
 0 293
 2 294
 1 295
 3 296
 1 297
 0 298
 3 299
 1 300
 2 301
 1 302
 0 303
 0 304
 2 305
 0 306
 2 307
 2 308
 0 309
 1 310
 3 311
 2 312
 1 313
 2 314
 5 315
 2 316
 5 317
 3 318
 0 319
 0 320
 3 321
 4 322
 1 323
 3 324
 9 325
 1 326
 3 327
 5 328
 3 329
 2 330
 4 331
 2 332
 3 333
 7 334
 5 335
 2 336
 1 337
 1 338
 2 339
 3 340
 1 341
 4 342
 1 343
 0 344
 2 345
 5 346
 3 347
 2 348
 4 349
 2 350
 1 351
 1 352
 4 353
 2 354
 4 355
 0 356
 2 357
 1 358
 1 359
 2 360
 3 361
 2 362
 2 363
 4 364
 2 365
 1 366
 0 367
 1 368
 2 369
 4 370
 2 371
 1 372
 0 373
 1 374
 0 375
 2 376
 1 377
 0 378
 1 379
 0 380
 1 381
 0 382
 1 383
 1 384
 0 385
 1 386
 0 387
 0 388
 0 389
 1 390
 1 391
 1 392
 0 393
 0 394
 2 395
 0 396
 1 397
 0 398
 0 399
 0 400
 1 401
 0 402
 1 403
 0 404
 1 405
 0 406
 0 407
 0 408
 0 409
 0 410
 0 411
 0 412
 0 413
 0 414
 0 415
 0 416
 0 417
 0 418
 0 419
 0 420
 0 421
 0 422
 0 423
 0 424
 0 425
 0 426
 0 427
 0 428
 0 429
 0 430
 0 431
 0 432
 0 433
 0 434
 0 435
 0 436
 0 437
 0 438
 0 439
 0 440
 0 441
 0 442
 0 443
 0 444
 0 445
 0 446
 0 447
 0 448
 0 449
 0 450
 0 451
 0 452
 0 453
 0 454
 0 455
 0 456
 0 457
 0 458
 0 459
 0 460
 0 461
 0 462
 0 463
 0 464
 0 465
 0 466
 0 467
 0 468
 0 469
 0 470
 0 471
 0 472
 0 473
 0 474
 0 475
 0 476
 0 477
 0 478
 0 479
 0 480
 0 481
 0 482
 0 483
 0 484
 0 485
 0 486
 0 487
 0 488
 0 489
 0 490
 0 491
 0 492
 0 493
 0 494
 0 495
 0 496
 0 497
 0 498
 0 499
 0 500
 0 501
 0 502
 0 503
 0 504
 0 505
 0 506
 0 507
 0 508
 0 509
 0 510
 0 511
 0 512
 0 513
 0 514
 0 515
 0 516
 0 517
 0 518
 0 519
 0 520
 0 521
 0 522
 0 523
 0 524
 0 525
 0 526
 0 527
 0 528
 0 529
 0 530
 0 531
 0 532
 0 533
 0 534
 0 535
 0 536
 0 537
 0 538
 0 539
 0 540
 0 541
 0 542
 0 543
 0 544
 0 545
 0 546
 0 547
 0 548
 0 549
 0 550
 0 551
 0 552
 0 553
 0 554
 0 555
 0 556
 0 557
 0 558
 0 559
 0 560
 0 561
 0 562
 0 563
 0 564
 0 565
 0 566
 0 567
 0 568
 0 569
 0 570
 0 571
 0 572
 0 573
 0 574
 0 575
 0 576
 0 577
 0 578
 0 579
 0 580
 0 581
 0 582
 0 583
 0 584
 0 585
 0 586
 0 587
 0 588
 0 589
 0 590
 0 591
 0 592
 0 593
 0 594
 0 595
 0 596
 0 597
 0 598
 0 599
 0 600


