# Created by Octave 3.8.2, Sat Jun 20 10:48:53 2020 CEST <damian@fptrucha.inv.usc.es>
# name: hd
# type: matrix
# rows: 551
# columns: 2
 0 50
 0 51
 0 52
 0 53
 0 54
 0 55
 0 56
 0 57
 0 58
 0 59
 0 60
 0 61
 0 62
 0 63
 0 64
 0 65
 0 66
 0 67
 0 68
 0 69
 0 70
 0 71
 0 72
 0 73
 0 74
 0 75
 0 76
 0 77
 0 78
 0 79
 0 80
 0 81
 0 82
 0 83
 0 84
 0 85
 0 86
 3 87
 4 88
 17 89
 70 90
 145 91
 242 92
 332 93
 434 94
 614 95
 910 96
 1338 97
 1583 98
 1644 99
 1872 100
 1944 101
 1821 102
 1891 103
 1711 104
 1718 105
 1664 106
 1558 107
 1452 108
 1345 109
 1253 110
 1213 111
 1057 112
 961 113
 845 114
 832 115
 744 116
 675 117
 611 118
 553 119
 503 120
 462 121
 411 122
 362 123
 332 124
 293 125
 256 126
 240 127
 225 128
 192 129
 159 130
 191 131
 163 132
 148 133
 139 134
 142 135
 99 136
 119 137
 100 138
 92 139
 96 140
 78 141
 82 142
 65 143
 67 144
 71 145
 50 146
 68 147
 51 148
 49 149
 52 150
 38 151
 43 152
 26 153
 37 154
 30 155
 29 156
 33 157
 31 158
 25 159
 28 160
 21 161
 22 162
 19 163
 19 164
 22 165
 18 166
 13 167
 16 168
 13 169
 16 170
 8 171
 11 172
 8 173
 10 174
 9 175
 7 176
 5 177
 7 178
 6 179
 5 180
 3 181
 3 182
 3 183
 5 184
 3 185
 3 186
 4 187
 1 188
 4 189
 4 190
 1 191
 5 192
 2 193
 4 194
 2 195
 3 196
 1 197
 1 198
 1 199
 0 200
 1 201
 1 202
 5 203
 1 204
 1 205
 2 206
 0 207
 1 208
 0 209
 0 210
 2 211
 1 212
 0 213
 0 214
 0 215
 0 216
 2 217
 0 218
 1 219
 0 220
 1 221
 2 222
 0 223
 0 224
 0 225
 0 226
 0 227
 0 228
 0 229
 1 230
 0 231
 0 232
 1 233
 0 234
 0 235
 0 236
 0 237
 0 238
 1 239
 0 240
 0 241
 0 242
 1 243
 0 244
 0 245
 0 246
 0 247
 0 248
 0 249
 0 250
 0 251
 0 252
 0 253
 0 254
 0 255
 0 256
 0 257
 0 258
 0 259
 0 260
 0 261
 0 262
 0 263
 0 264
 0 265
 0 266
 0 267
 0 268
 0 269
 0 270
 0 271
 1 272
 0 273
 0 274
 0 275
 0 276
 0 277
 0 278
 0 279
 0 280
 0 281
 0 282
 0 283
 0 284
 0 285
 0 286
 0 287
 0 288
 0 289
 0 290
 2 291
 0 292
 1 293
 2 294
 0 295
 0 296
 2 297
 3 298
 0 299
 0 300
 1 301
 1 302
 3 303
 0 304
 2 305
 2 306
 0 307
 0 308
 2 309
 1 310
 1 311
 1 312
 2 313
 1 314
 1 315
 0 316
 2 317
 1 318
 3 319
 1 320
 3 321
 0 322
 3 323
 3 324
 1 325
 3 326
 1 327
 3 328
 3 329
 2 330
 1 331
 1 332
 0 333
 0 334
 1 335
 2 336
 2 337
 2 338
 2 339
 1 340
 2 341
 0 342
 2 343
 2 344
 1 345
 3 346
 5 347
 1 348
 1 349
 1 350
 1 351
 2 352
 2 353
 3 354
 1 355
 1 356
 1 357
 2 358
 3 359
 1 360
 0 361
 1 362
 2 363
 1 364
 0 365
 2 366
 1 367
 0 368
 2 369
 1 370
 1 371
 3 372
 3 373
 0 374
 1 375
 2 376
 0 377
 0 378
 1 379
 1 380
 0 381
 0 382
 1 383
 0 384
 1 385
 0 386
 1 387
 0 388
 0 389
 1 390
 0 391
 0 392
 1 393
 0 394
 0 395
 0 396
 0 397
 0 398
 1 399
 0 400
 1 401
 0 402
 0 403
 0 404
 0 405
 1 406
 0 407
 0 408
 0 409
 0 410
 0 411
 0 412
 0 413
 1 414
 0 415
 0 416
 0 417
 0 418
 0 419
 0 420
 0 421
 0 422
 0 423
 1 424
 0 425
 0 426
 0 427
 0 428
 0 429
 0 430
 0 431
 0 432
 0 433
 0 434
 0 435
 0 436
 0 437
 0 438
 0 439
 0 440
 0 441
 0 442
 0 443
 0 444
 0 445
 0 446
 0 447
 0 448
 0 449
 0 450
 0 451
 0 452
 0 453
 0 454
 0 455
 0 456
 0 457
 0 458
 0 459
 0 460
 0 461
 0 462
 0 463
 0 464
 0 465
 0 466
 0 467
 0 468
 0 469
 0 470
 0 471
 0 472
 0 473
 0 474
 0 475
 0 476
 0 477
 0 478
 0 479
 0 480
 0 481
 0 482
 0 483
 0 484
 0 485
 0 486
 0 487
 0 488
 0 489
 0 490
 0 491
 0 492
 0 493
 0 494
 0 495
 0 496
 0 497
 0 498
 0 499
 0 500
 0 501
 0 502
 0 503
 0 504
 0 505
 0 506
 0 507
 0 508
 0 509
 0 510
 0 511
 0 512
 0 513
 0 514
 0 515
 0 516
 0 517
 0 518
 0 519
 0 520
 0 521
 0 522
 0 523
 0 524
 0 525
 0 526
 0 527
 0 528
 0 529
 0 530
 0 531
 0 532
 0 533
 0 534
 0 535
 0 536
 0 537
 0 538
 0 539
 0 540
 0 541
 0 542
 0 543
 0 544
 0 545
 0 546
 0 547
 0 548
 0 549
 0 550
 0 551
 0 552
 0 553
 0 554
 0 555
 0 556
 0 557
 0 558
 0 559
 0 560
 0 561
 0 562
 0 563
 0 564
 0 565
 0 566
 0 567
 0 568
 0 569
 0 570
 0 571
 0 572
 0 573
 0 574
 0 575
 0 576
 0 577
 0 578
 0 579
 0 580
 0 581
 0 582
 0 583
 0 584
 0 585
 0 586
 0 587
 0 588
 0 589
 0 590
 0 591
 0 592
 0 593
 0 594
 0 595
 0 596
 0 597
 0 598
 0 599
 0 600


