# Created by Octave 3.8.2, Mon Jun 22 21:11:55 2020 CEST <damian@fptrucha.inv.usc.es>
# name: hd
# type: matrix
# rows: 551
# columns: 2
 0 50
 0 51
 0 52
 0 53
 0 54
 0 55
 0 56
 0 57
 0 58
 0 59
 0 60
 0 61
 0 62
 0 63
 0 64
 0 65
 0 66
 0 67
 0 68
 0 69
 0 70
 0 71
 0 72
 0 73
 0 74
 0 75
 0 76
 0 77
 0 78
 0 79
 0 80
 0 81
 0 82
 0 83
 0 84
 0 85
 0 86
 0 87
 4 88
 10 89
 39 90
 120 91
 194 92
 316 93
 399 94
 597 95
 894 96
 1285 97
 1583 98
 1634 99
 1791 100
 1912 101
 1914 102
 1806 103
 1733 104
 1751 105
 1678 106
 1557 107
 1438 108
 1323 109
 1254 110
 1104 111
 955 112
 898 113
 770 114
 763 115
 637 116
 632 117
 528 118
 473 119
 401 120
 392 121
 352 122
 321 123
 307 124
 260 125
 235 126
 222 127
 186 128
 144 129
 168 130
 149 131
 133 132
 107 133
 107 134
 109 135
 126 136
 94 137
 92 138
 82 139
 89 140
 81 141
 77 142
 65 143
 68 144
 59 145
 55 146
 43 147
 61 148
 50 149
 45 150
 39 151
 48 152
 31 153
 31 154
 26 155
 45 156
 26 157
 19 158
 25 159
 31 160
 29 161
 19 162
 18 163
 26 164
 19 165
 19 166
 8 167
 17 168
 13 169
 6 170
 11 171
 12 172
 3 173
 10 174
 11 175
 7 176
 15 177
 7 178
 7 179
 8 180
 4 181
 12 182
 3 183
 4 184
 5 185
 7 186
 4 187
 4 188
 1 189
 4 190
 3 191
 4 192
 1 193
 5 194
 4 195
 0 196
 3 197
 1 198
 0 199
 2 200
 1 201
 1 202
 1 203
 0 204
 0 205
 2 206
 0 207
 0 208
 0 209
 1 210
 0 211
 2 212
 0 213
 0 214
 0 215
 0 216
 0 217
 0 218
 0 219
 0 220
 0 221
 0 222
 1 223
 1 224
 0 225
 0 226
 0 227
 0 228
 0 229
 0 230
 0 231
 0 232
 0 233
 0 234
 0 235
 0 236
 0 237
 0 238
 0 239
 0 240
 0 241
 0 242
 0 243
 0 244
 0 245
 0 246
 0 247
 0 248
 0 249
 0 250
 0 251
 0 252
 0 253
 0 254
 0 255
 0 256
 0 257
 0 258
 0 259
 0 260
 0 261
 0 262
 0 263
 0 264
 0 265
 0 266
 0 267
 0 268
 0 269
 0 270
 0 271
 0 272
 0 273
 0 274
 0 275
 0 276
 0 277
 0 278
 0 279
 0 280
 0 281
 0 282
 0 283
 0 284
 0 285
 0 286
 0 287
 0 288
 0 289
 0 290
 0 291
 0 292
 2 293
 1 294
 1 295
 1 296
 1 297
 1 298
 0 299
 3 300
 0 301
 1 302
 0 303
 1 304
 1 305
 2 306
 2 307
 3 308
 1 309
 6 310
 2 311
 2 312
 0 313
 2 314
 0 315
 2 316
 1 317
 0 318
 3 319
 1 320
 1 321
 2 322
 4 323
 2 324
 2 325
 1 326
 2 327
 2 328
 2 329
 2 330
 2 331
 1 332
 2 333
 1 334
 7 335
 2 336
 2 337
 3 338
 1 339
 3 340
 0 341
 3 342
 2 343
 3 344
 4 345
 0 346
 2 347
 3 348
 0 349
 2 350
 0 351
 3 352
 3 353
 2 354
 2 355
 2 356
 1 357
 7 358
 2 359
 1 360
 3 361
 2 362
 2 363
 2 364
 2 365
 0 366
 2 367
 2 368
 2 369
 2 370
 0 371
 2 372
 0 373
 0 374
 1 375
 1 376
 0 377
 1 378
 1 379
 0 380
 0 381
 0 382
 0 383
 0 384
 2 385
 1 386
 0 387
 1 388
 0 389
 0 390
 0 391
 3 392
 0 393
 0 394
 0 395
 0 396
 0 397
 0 398
 0 399
 0 400
 0 401
 0 402
 0 403
 0 404
 0 405
 0 406
 0 407
 0 408
 0 409
 0 410
 0 411
 1 412
 0 413
 0 414
 0 415
 0 416
 0 417
 0 418
 0 419
 0 420
 0 421
 0 422
 0 423
 0 424
 0 425
 0 426
 0 427
 0 428
 0 429
 0 430
 0 431
 0 432
 0 433
 0 434
 0 435
 0 436
 0 437
 0 438
 0 439
 0 440
 0 441
 0 442
 0 443
 0 444
 0 445
 0 446
 0 447
 0 448
 0 449
 0 450
 0 451
 0 452
 0 453
 0 454
 0 455
 0 456
 0 457
 0 458
 0 459
 0 460
 0 461
 0 462
 0 463
 0 464
 0 465
 0 466
 0 467
 0 468
 0 469
 0 470
 0 471
 0 472
 0 473
 0 474
 0 475
 0 476
 0 477
 0 478
 0 479
 0 480
 0 481
 0 482
 0 483
 0 484
 0 485
 0 486
 0 487
 0 488
 0 489
 0 490
 0 491
 0 492
 0 493
 0 494
 0 495
 0 496
 0 497
 0 498
 0 499
 0 500
 0 501
 0 502
 0 503
 0 504
 0 505
 0 506
 0 507
 0 508
 0 509
 0 510
 0 511
 0 512
 0 513
 0 514
 0 515
 0 516
 0 517
 0 518
 0 519
 0 520
 0 521
 0 522
 0 523
 0 524
 0 525
 0 526
 0 527
 0 528
 0 529
 0 530
 0 531
 0 532
 0 533
 0 534
 0 535
 0 536
 0 537
 0 538
 0 539
 0 540
 0 541
 0 542
 0 543
 0 544
 0 545
 0 546
 0 547
 0 548
 0 549
 0 550
 0 551
 0 552
 0 553
 0 554
 0 555
 0 556
 0 557
 0 558
 0 559
 0 560
 0 561
 0 562
 0 563
 0 564
 0 565
 0 566
 0 567
 0 568
 0 569
 0 570
 0 571
 0 572
 0 573
 0 574
 0 575
 0 576
 0 577
 0 578
 0 579
 0 580
 0 581
 0 582
 0 583
 0 584
 0 585
 0 586
 0 587
 0 588
 0 589
 0 590
 0 591
 0 592
 0 593
 0 594
 0 595
 0 596
 0 597
 0 598
 0 599
 0 600


