# Created by Octave 3.8.2, Sat Jun 20 03:32:05 2020 CEST <damian@fptrucha.inv.usc.es>
# name: hd
# type: matrix
# rows: 551
# columns: 2
 0 50
 0 51
 0 52
 0 53
 0 54
 0 55
 0 56
 0 57
 0 58
 0 59
 0 60
 0 61
 0 62
 0 63
 0 64
 0 65
 0 66
 0 67
 0 68
 0 69
 0 70
 0 71
 0 72
 0 73
 0 74
 0 75
 0 76
 0 77
 0 78
 0 79
 0 80
 0 81
 0 82
 0 83
 0 84
 0 85
 0 86
 3 87
 3 88
 18 89
 63 90
 142 91
 223 92
 301 93
 389 94
 633 95
 884 96
 1139 97
 1410 98
 1518 99
 1687 100
 1658 101
 1694 102
 1698 103
 1718 104
 1642 105
 1566 106
 1440 107
 1431 108
 1313 109
 1258 110
 1136 111
 1109 112
 1038 113
 888 114
 845 115
 764 116
 694 117
 661 118
 602 119
 564 120
 458 121
 402 122
 382 123
 353 124
 329 125
 293 126
 267 127
 246 128
 212 129
 204 130
 185 131
 175 132
 167 133
 170 134
 142 135
 126 136
 131 137
 110 138
 120 139
 92 140
 101 141
 117 142
 89 143
 90 144
 66 145
 97 146
 56 147
 72 148
 64 149
 53 150
 43 151
 49 152
 44 153
 42 154
 44 155
 40 156
 35 157
 39 158
 26 159
 31 160
 24 161
 30 162
 23 163
 31 164
 23 165
 12 166
 21 167
 20 168
 17 169
 16 170
 6 171
 15 172
 10 173
 11 174
 8 175
 10 176
 3 177
 7 178
 10 179
 8 180
 7 181
 5 182
 8 183
 11 184
 8 185
 4 186
 4 187
 3 188
 4 189
 6 190
 1 191
 4 192
 6 193
 2 194
 1 195
 1 196
 1 197
 5 198
 1 199
 1 200
 1 201
 1 202
 0 203
 2 204
 1 205
 2 206
 0 207
 0 208
 0 209
 1 210
 0 211
 1 212
 1 213
 0 214
 0 215
 1 216
 1 217
 0 218
 1 219
 0 220
 0 221
 0 222
 0 223
 0 224
 0 225
 0 226
 0 227
 0 228
 0 229
 0 230
 0 231
 0 232
 1 233
 0 234
 0 235
 0 236
 0 237
 0 238
 0 239
 0 240
 1 241
 0 242
 0 243
 0 244
 0 245
 0 246
 0 247
 0 248
 0 249
 0 250
 0 251
 0 252
 0 253
 0 254
 0 255
 0 256
 0 257
 0 258
 0 259
 0 260
 0 261
 0 262
 0 263
 0 264
 0 265
 0 266
 0 267
 0 268
 0 269
 0 270
 0 271
 0 272
 0 273
 0 274
 0 275
 0 276
 0 277
 0 278
 0 279
 0 280
 0 281
 0 282
 0 283
 1 284
 0 285
 0 286
 1 287
 0 288
 0 289
 1 290
 0 291
 0 292
 2 293
 1 294
 1 295
 0 296
 1 297
 1 298
 1 299
 3 300
 1 301
 1 302
 2 303
 1 304
 2 305
 0 306
 3 307
 1 308
 2 309
 1 310
 3 311
 2 312
 5 313
 1 314
 4 315
 2 316
 2 317
 5 318
 1 319
 1 320
 1 321
 2 322
 2 323
 4 324
 3 325
 0 326
 1 327
 3 328
 4 329
 2 330
 1 331
 1 332
 3 333
 0 334
 5 335
 1 336
 2 337
 3 338
 1 339
 5 340
 3 341
 4 342
 7 343
 2 344
 1 345
 1 346
 2 347
 4 348
 2 349
 0 350
 1 351
 5 352
 0 353
 1 354
 5 355
 2 356
 0 357
 2 358
 1 359
 1 360
 1 361
 2 362
 0 363
 3 364
 0 365
 0 366
 1 367
 0 368
 1 369
 0 370
 1 371
 0 372
 1 373
 0 374
 0 375
 0 376
 0 377
 1 378
 2 379
 0 380
 1 381
 0 382
 1 383
 1 384
 0 385
 0 386
 1 387
 2 388
 0 389
 1 390
 0 391
 1 392
 0 393
 0 394
 0 395
 0 396
 0 397
 0 398
 0 399
 0 400
 0 401
 0 402
 0 403
 2 404
 0 405
 0 406
 0 407
 0 408
 0 409
 0 410
 0 411
 0 412
 0 413
 0 414
 0 415
 0 416
 0 417
 0 418
 0 419
 0 420
 0 421
 0 422
 0 423
 0 424
 0 425
 0 426
 0 427
 0 428
 0 429
 0 430
 0 431
 0 432
 0 433
 0 434
 0 435
 0 436
 0 437
 0 438
 0 439
 0 440
 0 441
 0 442
 0 443
 0 444
 0 445
 0 446
 0 447
 0 448
 0 449
 0 450
 0 451
 0 452
 0 453
 0 454
 0 455
 0 456
 0 457
 0 458
 0 459
 0 460
 0 461
 0 462
 0 463
 0 464
 0 465
 0 466
 0 467
 0 468
 0 469
 0 470
 0 471
 0 472
 0 473
 0 474
 0 475
 0 476
 0 477
 0 478
 0 479
 0 480
 0 481
 0 482
 0 483
 0 484
 0 485
 0 486
 0 487
 0 488
 0 489
 0 490
 0 491
 0 492
 0 493
 0 494
 0 495
 0 496
 0 497
 0 498
 0 499
 0 500
 0 501
 0 502
 0 503
 0 504
 0 505
 0 506
 0 507
 0 508
 0 509
 0 510
 0 511
 0 512
 0 513
 0 514
 0 515
 0 516
 0 517
 0 518
 0 519
 0 520
 0 521
 0 522
 0 523
 0 524
 0 525
 0 526
 0 527
 0 528
 0 529
 0 530
 0 531
 0 532
 0 533
 0 534
 0 535
 0 536
 0 537
 0 538
 0 539
 0 540
 0 541
 0 542
 0 543
 0 544
 0 545
 0 546
 0 547
 0 548
 0 549
 0 550
 0 551
 0 552
 0 553
 0 554
 0 555
 0 556
 0 557
 0 558
 0 559
 0 560
 0 561
 0 562
 0 563
 0 564
 0 565
 0 566
 0 567
 0 568
 0 569
 0 570
 0 571
 0 572
 0 573
 0 574
 0 575
 0 576
 0 577
 0 578
 0 579
 0 580
 0 581
 0 582
 0 583
 0 584
 0 585
 0 586
 0 587
 0 588
 0 589
 0 590
 0 591
 0 592
 0 593
 0 594
 0 595
 0 596
 0 597
 0 598
 0 599
 0 600


