# Created by Octave 3.8.2, Mon Jun 22 08:10:12 2020 CEST <damian@fptrucha.inv.usc.es>
# name: hd
# type: matrix
# rows: 551
# columns: 2
 0 50
 0 51
 0 52
 0 53
 0 54
 0 55
 0 56
 0 57
 0 58
 0 59
 0 60
 0 61
 0 62
 0 63
 0 64
 0 65
 0 66
 0 67
 0 68
 0 69
 0 70
 0 71
 0 72
 0 73
 0 74
 0 75
 0 76
 0 77
 0 78
 0 79
 0 80
 0 81
 0 82
 0 83
 0 84
 0 85
 0 86
 1 87
 2 88
 10 89
 39 90
 95 91
 161 92
 265 93
 335 94
 455 95
 701 96
 1050 97
 1325 98
 1556 99
 1640 100
 1693 101
 1726 102
 1661 103
 1712 104
 1608 105
 1518 106
 1400 107
 1263 108
 1241 109
 1123 110
 1019 111
 902 112
 846 113
 763 114
 667 115
 600 116
 541 117
 501 118
 411 119
 421 120
 376 121
 281 122
 287 123
 240 124
 232 125
 200 126
 195 127
 181 128
 183 129
 143 130
 139 131
 122 132
 128 133
 114 134
 104 135
 97 136
 93 137
 79 138
 75 139
 77 140
 89 141
 59 142
 66 143
 53 144
 65 145
 50 146
 49 147
 53 148
 47 149
 49 150
 36 151
 36 152
 39 153
 33 154
 34 155
 36 156
 22 157
 25 158
 25 159
 33 160
 23 161
 18 162
 24 163
 16 164
 9 165
 19 166
 13 167
 18 168
 13 169
 11 170
 12 171
 13 172
 14 173
 9 174
 8 175
 9 176
 11 177
 5 178
 5 179
 6 180
 9 181
 9 182
 7 183
 2 184
 10 185
 1 186
 4 187
 4 188
 1 189
 1 190
 4 191
 1 192
 3 193
 4 194
 2 195
 2 196
 0 197
 1 198
 1 199
 1 200
 1 201
 0 202
 2 203
 1 204
 0 205
 1 206
 3 207
 0 208
 0 209
 0 210
 2 211
 2 212
 0 213
 0 214
 1 215
 1 216
 0 217
 0 218
 0 219
 0 220
 0 221
 0 222
 2 223
 0 224
 0 225
 0 226
 0 227
 0 228
 1 229
 0 230
 0 231
 0 232
 0 233
 0 234
 2 235
 0 236
 0 237
 0 238
 0 239
 0 240
 1 241
 0 242
 0 243
 0 244
 0 245
 1 246
 0 247
 0 248
 0 249
 0 250
 0 251
 0 252
 0 253
 0 254
 0 255
 0 256
 0 257
 0 258
 0 259
 0 260
 0 261
 0 262
 0 263
 0 264
 0 265
 0 266
 0 267
 0 268
 0 269
 0 270
 0 271
 1 272
 0 273
 0 274
 0 275
 0 276
 0 277
 0 278
 0 279
 0 280
 0 281
 0 282
 1 283
 0 284
 0 285
 0 286
 0 287
 0 288
 0 289
 3 290
 2 291
 0 292
 1 293
 1 294
 1 295
 1 296
 2 297
 1 298
 3 299
 2 300
 2 301
 3 302
 2 303
 1 304
 2 305
 0 306
 0 307
 2 308
 1 309
 2 310
 3 311
 0 312
 1 313
 2 314
 7 315
 2 316
 2 317
 1 318
 2 319
 5 320
 3 321
 4 322
 5 323
 5 324
 5 325
 1 326
 1 327
 4 328
 2 329
 5 330
 6 331
 5 332
 3 333
 3 334
 1 335
 4 336
 3 337
 3 338
 2 339
 1 340
 1 341
 1 342
 1 343
 5 344
 2 345
 2 346
 4 347
 2 348
 1 349
 3 350
 0 351
 0 352
 1 353
 1 354
 2 355
 1 356
 2 357
 1 358
 2 359
 0 360
 2 361
 3 362
 3 363
 1 364
 1 365
 1 366
 4 367
 0 368
 3 369
 1 370
 2 371
 4 372
 1 373
 2 374
 1 375
 1 376
 0 377
 0 378
 1 379
 1 380
 0 381
 0 382
 0 383
 0 384
 1 385
 1 386
 0 387
 2 388
 0 389
 1 390
 0 391
 0 392
 0 393
 1 394
 0 395
 0 396
 0 397
 0 398
 0 399
 0 400
 2 401
 0 402
 0 403
 0 404
 0 405
 0 406
 0 407
 0 408
 0 409
 1 410
 0 411
 0 412
 1 413
 0 414
 0 415
 0 416
 0 417
 0 418
 0 419
 0 420
 0 421
 0 422
 0 423
 0 424
 0 425
 0 426
 0 427
 0 428
 0 429
 0 430
 0 431
 0 432
 0 433
 0 434
 0 435
 0 436
 0 437
 0 438
 0 439
 0 440
 0 441
 0 442
 0 443
 0 444
 0 445
 0 446
 0 447
 0 448
 0 449
 0 450
 0 451
 0 452
 0 453
 0 454
 0 455
 0 456
 0 457
 0 458
 0 459
 0 460
 0 461
 0 462
 0 463
 0 464
 0 465
 0 466
 0 467
 0 468
 0 469
 0 470
 0 471
 0 472
 0 473
 0 474
 0 475
 0 476
 0 477
 0 478
 0 479
 0 480
 0 481
 0 482
 0 483
 0 484
 0 485
 0 486
 0 487
 0 488
 0 489
 0 490
 0 491
 0 492
 0 493
 0 494
 0 495
 0 496
 0 497
 0 498
 0 499
 0 500
 0 501
 0 502
 0 503
 0 504
 0 505
 0 506
 0 507
 0 508
 0 509
 0 510
 0 511
 0 512
 0 513
 0 514
 0 515
 0 516
 0 517
 0 518
 0 519
 0 520
 0 521
 0 522
 0 523
 0 524
 0 525
 0 526
 0 527
 0 528
 0 529
 0 530
 0 531
 0 532
 0 533
 0 534
 0 535
 0 536
 0 537
 0 538
 0 539
 0 540
 0 541
 0 542
 0 543
 0 544
 0 545
 0 546
 0 547
 0 548
 0 549
 0 550
 0 551
 0 552
 0 553
 0 554
 0 555
 0 556
 0 557
 0 558
 0 559
 0 560
 0 561
 0 562
 0 563
 0 564
 0 565
 0 566
 0 567
 0 568
 0 569
 0 570
 0 571
 0 572
 0 573
 0 574
 0 575
 0 576
 0 577
 0 578
 0 579
 0 580
 0 581
 0 582
 0 583
 0 584
 0 585
 0 586
 0 587
 0 588
 0 589
 0 590
 0 591
 0 592
 0 593
 0 594
 0 595
 0 596
 0 597
 0 598
 0 599
 0 600


