# Created by Octave 3.8.2, Sun Jun 21 01:11:02 2020 CEST <damian@fptrucha.inv.usc.es>
# name: hd
# type: matrix
# rows: 551
# columns: 2
 0 50
 0 51
 0 52
 0 53
 0 54
 0 55
 0 56
 0 57
 0 58
 0 59
 0 60
 0 61
 0 62
 0 63
 0 64
 0 65
 0 66
 0 67
 0 68
 0 69
 0 70
 0 71
 0 72
 0 73
 0 74
 0 75
 0 76
 0 77
 0 78
 0 79
 0 80
 0 81
 0 82
 0 83
 0 84
 0 85
 0 86
 4 87
 5 88
 12 89
 83 90
 118 91
 202 92
 281 93
 346 94
 514 95
 768 96
 1064 97
 1190 98
 1353 99
 1474 100
 1550 101
 1551 102
 1497 103
 1499 104
 1485 105
 1412 106
 1325 107
 1310 108
 1151 109
 1123 110
 1032 111
 1048 112
 916 113
 851 114
 817 115
 702 116
 631 117
 603 118
 555 119
 499 120
 404 121
 448 122
 346 123
 302 124
 266 125
 228 126
 243 127
 195 128
 214 129
 178 130
 139 131
 128 132
 129 133
 115 134
 125 135
 107 136
 93 137
 83 138
 105 139
 86 140
 83 141
 65 142
 63 143
 57 144
 71 145
 57 146
 46 147
 35 148
 55 149
 46 150
 43 151
 40 152
 25 153
 35 154
 24 155
 23 156
 18 157
 25 158
 26 159
 22 160
 18 161
 20 162
 12 163
 22 164
 20 165
 24 166
 19 167
 15 168
 9 169
 4 170
 12 171
 8 172
 8 173
 7 174
 7 175
 6 176
 14 177
 11 178
 8 179
 4 180
 5 181
 4 182
 7 183
 3 184
 3 185
 5 186
 4 187
 2 188
 3 189
 1 190
 3 191
 4 192
 2 193
 4 194
 3 195
 2 196
 0 197
 1 198
 2 199
 1 200
 0 201
 0 202
 1 203
 1 204
 0 205
 1 206
 2 207
 1 208
 1 209
 0 210
 0 211
 1 212
 0 213
 0 214
 1 215
 0 216
 0 217
 0 218
 0 219
 0 220
 0 221
 0 222
 0 223
 0 224
 0 225
 0 226
 1 227
 0 228
 0 229
 0 230
 0 231
 0 232
 0 233
 0 234
 0 235
 0 236
 0 237
 0 238
 0 239
 0 240
 0 241
 0 242
 0 243
 0 244
 0 245
 0 246
 0 247
 0 248
 0 249
 0 250
 0 251
 0 252
 0 253
 0 254
 0 255
 0 256
 0 257
 0 258
 0 259
 0 260
 0 261
 0 262
 0 263
 0 264
 0 265
 0 266
 0 267
 0 268
 0 269
 0 270
 0 271
 0 272
 1 273
 0 274
 0 275
 0 276
 0 277
 0 278
 0 279
 0 280
 0 281
 0 282
 1 283
 0 284
 0 285
 0 286
 0 287
 0 288
 1 289
 0 290
 0 291
 0 292
 2 293
 0 294
 1 295
 0 296
 0 297
 0 298
 0 299
 0 300
 1 301
 0 302
 0 303
 1 304
 0 305
 1 306
 0 307
 1 308
 2 309
 1 310
 1 311
 2 312
 0 313
 1 314
 1 315
 1 316
 0 317
 1 318
 1 319
 2 320
 1 321
 0 322
 2 323
 2 324
 1 325
 0 326
 1 327
 3 328
 2 329
 2 330
 0 331
 0 332
 0 333
 1 334
 2 335
 2 336
 0 337
 1 338
 1 339
 4 340
 1 341
 3 342
 1 343
 2 344
 1 345
 0 346
 1 347
 2 348
 1 349
 1 350
 3 351
 0 352
 2 353
 1 354
 2 355
 3 356
 0 357
 1 358
 1 359
 4 360
 1 361
 0 362
 0 363
 0 364
 1 365
 3 366
 1 367
 0 368
 0 369
 1 370
 0 371
 0 372
 1 373
 0 374
 0 375
 0 376
 0 377
 0 378
 0 379
 1 380
 0 381
 1 382
 1 383
 0 384
 1 385
 0 386
 3 387
 1 388
 0 389
 0 390
 1 391
 1 392
 0 393
 1 394
 1 395
 0 396
 0 397
 0 398
 1 399
 2 400
 0 401
 0 402
 0 403
 0 404
 0 405
 0 406
 0 407
 0 408
 0 409
 0 410
 0 411
 0 412
 0 413
 0 414
 0 415
 0 416
 0 417
 0 418
 0 419
 0 420
 0 421
 0 422
 0 423
 0 424
 0 425
 0 426
 0 427
 0 428
 0 429
 0 430
 0 431
 0 432
 0 433
 0 434
 0 435
 0 436
 0 437
 0 438
 0 439
 0 440
 0 441
 0 442
 0 443
 0 444
 0 445
 0 446
 0 447
 0 448
 0 449
 0 450
 0 451
 0 452
 0 453
 0 454
 0 455
 0 456
 0 457
 0 458
 0 459
 0 460
 0 461
 0 462
 0 463
 0 464
 0 465
 0 466
 0 467
 0 468
 0 469
 0 470
 0 471
 0 472
 0 473
 0 474
 0 475
 0 476
 0 477
 0 478
 0 479
 0 480
 0 481
 0 482
 0 483
 0 484
 0 485
 0 486
 0 487
 0 488
 0 489
 0 490
 0 491
 0 492
 0 493
 0 494
 0 495
 0 496
 0 497
 0 498
 0 499
 0 500
 0 501
 0 502
 0 503
 0 504
 0 505
 0 506
 0 507
 0 508
 0 509
 0 510
 0 511
 0 512
 0 513
 0 514
 0 515
 0 516
 0 517
 0 518
 0 519
 0 520
 0 521
 0 522
 0 523
 0 524
 0 525
 0 526
 0 527
 0 528
 0 529
 0 530
 0 531
 0 532
 0 533
 0 534
 0 535
 0 536
 0 537
 0 538
 0 539
 0 540
 0 541
 0 542
 0 543
 0 544
 0 545
 0 546
 0 547
 0 548
 0 549
 0 550
 0 551
 0 552
 0 553
 0 554
 0 555
 0 556
 0 557
 0 558
 0 559
 0 560
 0 561
 0 562
 0 563
 0 564
 0 565
 0 566
 0 567
 0 568
 0 569
 0 570
 0 571
 0 572
 0 573
 0 574
 0 575
 0 576
 0 577
 0 578
 0 579
 0 580
 0 581
 0 582
 0 583
 0 584
 0 585
 0 586
 0 587
 0 588
 0 589
 0 590
 0 591
 0 592
 0 593
 0 594
 0 595
 0 596
 0 597
 0 598
 0 599
 0 600


