# Created by Octave 3.8.2, Mon Jun 22 01:28:06 2020 CEST <damian@fptrucha.inv.usc.es>
# name: hd
# type: matrix
# rows: 551
# columns: 2
 0 50
 0 51
 0 52
 0 53
 0 54
 0 55
 0 56
 0 57
 0 58
 0 59
 0 60
 0 61
 0 62
 0 63
 0 64
 0 65
 0 66
 0 67
 0 68
 0 69
 0 70
 0 71
 0 72
 0 73
 0 74
 0 75
 0 76
 0 77
 0 78
 0 79
 0 80
 0 81
 0 82
 0 83
 0 84
 0 85
 0 86
 2 87
 6 88
 14 89
 74 90
 134 91
 192 92
 304 93
 361 94
 578 95
 846 96
 1147 97
 1314 98
 1453 99
 1526 100
 1583 101
 1614 102
 1569 103
 1575 104
 1547 105
 1497 106
 1438 107
 1329 108
 1227 109
 1198 110
 1087 111
 1012 112
 939 113
 825 114
 830 115
 718 116
 648 117
 572 118
 529 119
 532 120
 440 121
 384 122
 368 123
 327 124
 321 125
 233 126
 200 127
 190 128
 172 129
 167 130
 155 131
 156 132
 142 133
 130 134
 116 135
 100 136
 84 137
 97 138
 71 139
 87 140
 61 141
 67 142
 55 143
 46 144
 57 145
 55 146
 46 147
 46 148
 41 149
 25 150
 38 151
 38 152
 29 153
 22 154
 34 155
 21 156
 17 157
 23 158
 18 159
 25 160
 16 161
 12 162
 17 163
 13 164
 9 165
 17 166
 10 167
 9 168
 13 169
 10 170
 11 171
 9 172
 6 173
 5 174
 2 175
 4 176
 5 177
 5 178
 5 179
 4 180
 1 181
 1 182
 3 183
 5 184
 2 185
 3 186
 5 187
 1 188
 4 189
 2 190
 4 191
 0 192
 2 193
 0 194
 1 195
 1 196
 2 197
 2 198
 1 199
 2 200
 1 201
 3 202
 1 203
 3 204
 0 205
 0 206
 0 207
 2 208
 0 209
 2 210
 1 211
 0 212
 0 213
 2 214
 0 215
 1 216
 3 217
 0 218
 0 219
 1 220
 0 221
 0 222
 0 223
 0 224
 0 225
 0 226
 1 227
 0 228
 0 229
 0 230
 0 231
 0 232
 0 233
 0 234
 0 235
 0 236
 0 237
 0 238
 0 239
 0 240
 0 241
 0 242
 0 243
 1 244
 0 245
 0 246
 0 247
 0 248
 0 249
 0 250
 0 251
 0 252
 0 253
 0 254
 0 255
 0 256
 0 257
 0 258
 0 259
 0 260
 0 261
 0 262
 0 263
 0 264
 0 265
 0 266
 0 267
 0 268
 0 269
 0 270
 0 271
 0 272
 0 273
 0 274
 0 275
 0 276
 0 277
 0 278
 0 279
 0 280
 0 281
 0 282
 0 283
 0 284
 0 285
 0 286
 0 287
 0 288
 0 289
 0 290
 1 291
 0 292
 2 293
 0 294
 0 295
 0 296
 0 297
 1 298
 0 299
 0 300
 1 301
 1 302
 0 303
 0 304
 1 305
 3 306
 0 307
 0 308
 0 309
 1 310
 0 311
 1 312
 1 313
 2 314
 1 315
 1 316
 2 317
 3 318
 0 319
 0 320
 0 321
 2 322
 1 323
 2 324
 0 325
 1 326
 1 327
 1 328
 0 329
 2 330
 3 331
 0 332
 2 333
 0 334
 2 335
 2 336
 2 337
 3 338
 0 339
 1 340
 1 341
 2 342
 1 343
 3 344
 2 345
 0 346
 2 347
 2 348
 2 349
 2 350
 1 351
 1 352
 1 353
 1 354
 1 355
 2 356
 1 357
 1 358
 0 359
 0 360
 1 361
 0 362
 1 363
 1 364
 1 365
 1 366
 0 367
 0 368
 1 369
 1 370
 1 371
 0 372
 1 373
 2 374
 1 375
 1 376
 0 377
 2 378
 1 379
 1 380
 0 381
 0 382
 0 383
 0 384
 0 385
 0 386
 1 387
 0 388
 1 389
 0 390
 1 391
 0 392
 0 393
 0 394
 1 395
 0 396
 0 397
 2 398
 1 399
 0 400
 0 401
 0 402
 0 403
 1 404
 0 405
 1 406
 0 407
 1 408
 0 409
 1 410
 0 411
 0 412
 1 413
 0 414
 0 415
 0 416
 0 417
 0 418
 1 419
 0 420
 0 421
 0 422
 0 423
 0 424
 0 425
 0 426
 0 427
 0 428
 0 429
 0 430
 0 431
 0 432
 0 433
 0 434
 0 435
 0 436
 0 437
 0 438
 0 439
 0 440
 0 441
 0 442
 0 443
 0 444
 0 445
 0 446
 0 447
 0 448
 0 449
 0 450
 0 451
 0 452
 0 453
 0 454
 0 455
 0 456
 0 457
 0 458
 0 459
 0 460
 0 461
 0 462
 0 463
 0 464
 0 465
 0 466
 0 467
 0 468
 0 469
 0 470
 0 471
 0 472
 0 473
 0 474
 0 475
 0 476
 0 477
 0 478
 0 479
 0 480
 0 481
 0 482
 0 483
 0 484
 0 485
 0 486
 0 487
 0 488
 0 489
 0 490
 0 491
 0 492
 0 493
 0 494
 0 495
 0 496
 0 497
 0 498
 0 499
 0 500
 0 501
 0 502
 0 503
 0 504
 0 505
 0 506
 0 507
 0 508
 0 509
 0 510
 0 511
 0 512
 0 513
 0 514
 0 515
 0 516
 0 517
 0 518
 0 519
 0 520
 0 521
 0 522
 0 523
 0 524
 0 525
 0 526
 0 527
 0 528
 0 529
 0 530
 0 531
 0 532
 0 533
 0 534
 0 535
 0 536
 0 537
 0 538
 0 539
 0 540
 0 541
 0 542
 0 543
 0 544
 0 545
 0 546
 0 547
 0 548
 0 549
 0 550
 0 551
 0 552
 0 553
 0 554
 0 555
 0 556
 0 557
 0 558
 0 559
 0 560
 0 561
 0 562
 0 563
 0 564
 0 565
 0 566
 0 567
 0 568
 0 569
 0 570
 0 571
 0 572
 0 573
 0 574
 0 575
 0 576
 0 577
 0 578
 0 579
 0 580
 0 581
 0 582
 0 583
 0 584
 0 585
 0 586
 0 587
 0 588
 0 589
 0 590
 0 591
 0 592
 0 593
 0 594
 0 595
 0 596
 0 597
 0 598
 0 599
 0 600


