# Created by Octave 3.8.2, Mon Jun 22 16:14:54 2020 CEST <damian@fptrucha.inv.usc.es>
# name: hd
# type: matrix
# rows: 551
# columns: 2
 0 50
 0 51
 0 52
 0 53
 0 54
 0 55
 0 56
 0 57
 0 58
 0 59
 0 60
 0 61
 0 62
 0 63
 0 64
 0 65
 0 66
 0 67
 0 68
 0 69
 0 70
 0 71
 0 72
 0 73
 0 74
 0 75
 0 76
 0 77
 0 78
 0 79
 0 80
 0 81
 0 82
 0 83
 0 84
 0 85
 0 86
 0 87
 3 88
 18 89
 60 90
 107 91
 247 92
 369 93
 454 94
 617 95
 960 96
 1353 97
 1657 98
 1886 99
 1920 100
 1943 101
 1971 102
 1961 103
 1890 104
 1801 105
 1617 106
 1530 107
 1330 108
 1312 109
 1208 110
 972 111
 907 112
 830 113
 703 114
 721 115
 585 116
 533 117
 464 118
 379 119
 385 120
 305 121
 263 122
 230 123
 200 124
 224 125
 187 126
 206 127
 156 128
 150 129
 141 130
 116 131
 138 132
 110 133
 96 134
 99 135
 89 136
 88 137
 80 138
 74 139
 78 140
 67 141
 58 142
 57 143
 42 144
 45 145
 49 146
 51 147
 37 148
 40 149
 49 150
 28 151
 32 152
 27 153
 37 154
 32 155
 23 156
 31 157
 34 158
 27 159
 22 160
 19 161
 19 162
 18 163
 20 164
 16 165
 9 166
 17 167
 5 168
 13 169
 15 170
 7 171
 10 172
 7 173
 10 174
 9 175
 4 176
 8 177
 1 178
 5 179
 3 180
 2 181
 5 182
 4 183
 5 184
 1 185
 4 186
 3 187
 4 188
 3 189
 2 190
 3 191
 2 192
 1 193
 2 194
 1 195
 5 196
 2 197
 1 198
 1 199
 0 200
 0 201
 1 202
 1 203
 1 204
 2 205
 0 206
 0 207
 2 208
 0 209
 1 210
 0 211
 0 212
 2 213
 0 214
 0 215
 1 216
 1 217
 0 218
 0 219
 0 220
 0 221
 0 222
 0 223
 0 224
 0 225
 0 226
 0 227
 0 228
 0 229
 0 230
 0 231
 0 232
 0 233
 0 234
 0 235
 0 236
 0 237
 0 238
 0 239
 0 240
 0 241
 0 242
 0 243
 0 244
 0 245
 0 246
 0 247
 0 248
 0 249
 0 250
 0 251
 0 252
 0 253
 0 254
 0 255
 0 256
 0 257
 0 258
 0 259
 0 260
 0 261
 0 262
 0 263
 0 264
 0 265
 0 266
 0 267
 0 268
 0 269
 0 270
 0 271
 0 272
 0 273
 0 274
 0 275
 0 276
 0 277
 0 278
 0 279
 0 280
 0 281
 0 282
 0 283
 0 284
 0 285
 1 286
 0 287
 1 288
 2 289
 0 290
 1 291
 1 292
 0 293
 0 294
 0 295
 0 296
 1 297
 0 298
 1 299
 1 300
 0 301
 0 302
 1 303
 1 304
 2 305
 1 306
 0 307
 2 308
 1 309
 0 310
 1 311
 2 312
 0 313
 1 314
 3 315
 5 316
 0 317
 4 318
 3 319
 1 320
 0 321
 0 322
 3 323
 2 324
 2 325
 1 326
 5 327
 1 328
 3 329
 0 330
 3 331
 0 332
 3 333
 5 334
 0 335
 4 336
 0 337
 3 338
 1 339
 1 340
 4 341
 2 342
 3 343
 1 344
 5 345
 2 346
 5 347
 2 348
 0 349
 2 350
 2 351
 4 352
 4 353
 2 354
 2 355
 4 356
 1 357
 1 358
 3 359
 0 360
 0 361
 1 362
 0 363
 2 364
 2 365
 0 366
 0 367
 0 368
 2 369
 1 370
 1 371
 0 372
 0 373
 0 374
 1 375
 1 376
 0 377
 0 378
 1 379
 0 380
 1 381
 0 382
 1 383
 1 384
 1 385
 0 386
 0 387
 0 388
 0 389
 2 390
 0 391
 0 392
 0 393
 0 394
 2 395
 0 396
 0 397
 1 398
 0 399
 0 400
 0 401
 0 402
 0 403
 0 404
 0 405
 0 406
 0 407
 0 408
 0 409
 0 410
 0 411
 0 412
 0 413
 0 414
 0 415
 0 416
 0 417
 0 418
 0 419
 0 420
 0 421
 0 422
 1 423
 0 424
 0 425
 1 426
 0 427
 0 428
 0 429
 0 430
 0 431
 0 432
 0 433
 0 434
 0 435
 0 436
 0 437
 0 438
 0 439
 0 440
 0 441
 0 442
 0 443
 0 444
 0 445
 0 446
 0 447
 0 448
 0 449
 0 450
 0 451
 0 452
 0 453
 0 454
 0 455
 0 456
 0 457
 0 458
 0 459
 0 460
 0 461
 0 462
 0 463
 0 464
 0 465
 0 466
 0 467
 0 468
 0 469
 0 470
 0 471
 0 472
 0 473
 0 474
 0 475
 0 476
 0 477
 0 478
 0 479
 0 480
 0 481
 0 482
 0 483
 0 484
 0 485
 0 486
 0 487
 0 488
 0 489
 0 490
 0 491
 0 492
 0 493
 0 494
 0 495
 0 496
 0 497
 0 498
 0 499
 0 500
 0 501
 0 502
 0 503
 0 504
 0 505
 0 506
 0 507
 0 508
 0 509
 0 510
 0 511
 0 512
 0 513
 0 514
 0 515
 0 516
 0 517
 0 518
 0 519
 0 520
 0 521
 0 522
 0 523
 0 524
 0 525
 0 526
 0 527
 0 528
 0 529
 0 530
 0 531
 0 532
 0 533
 0 534
 0 535
 0 536
 0 537
 0 538
 0 539
 0 540
 0 541
 0 542
 0 543
 0 544
 0 545
 0 546
 0 547
 0 548
 0 549
 0 550
 0 551
 0 552
 0 553
 0 554
 0 555
 0 556
 0 557
 0 558
 0 559
 0 560
 0 561
 0 562
 0 563
 0 564
 0 565
 0 566
 0 567
 0 568
 0 569
 0 570
 0 571
 0 572
 0 573
 0 574
 0 575
 0 576
 0 577
 0 578
 0 579
 0 580
 0 581
 0 582
 0 583
 0 584
 0 585
 0 586
 0 587
 0 588
 0 589
 0 590
 0 591
 0 592
 0 593
 0 594
 0 595
 0 596
 0 597
 0 598
 0 599
 0 600


