# Created by Octave 3.8.2, Mon Jun 22 23:21:16 2020 CEST <damian@fptrucha.inv.usc.es>
# name: hd
# type: matrix
# rows: 551
# columns: 2
 0 50
 0 51
 0 52
 0 53
 0 54
 0 55
 0 56
 0 57
 0 58
 0 59
 0 60
 0 61
 0 62
 0 63
 0 64
 0 65
 0 66
 0 67
 0 68
 0 69
 0 70
 0 71
 0 72
 0 73
 0 74
 0 75
 0 76
 0 77
 0 78
 0 79
 0 80
 0 81
 0 82
 0 83
 0 84
 0 85
 0 86
 0 87
 3 88
 17 89
 59 90
 171 91
 239 92
 365 93
 430 94
 677 95
 998 96
 1448 97
 1738 98
 1735 99
 1866 100
 1940 101
 2009 102
 1949 103
 1771 104
 1795 105
 1648 106
 1541 107
 1385 108
 1304 109
 1189 110
 1089 111
 954 112
 867 113
 766 114
 739 115
 558 116
 574 117
 472 118
 394 119
 397 120
 364 121
 313 122
 309 123
 237 124
 224 125
 218 126
 192 127
 170 128
 167 129
 137 130
 134 131
 109 132
 109 133
 110 134
 118 135
 96 136
 102 137
 78 138
 88 139
 91 140
 75 141
 63 142
 70 143
 65 144
 44 145
 53 146
 50 147
 40 148
 48 149
 55 150
 37 151
 30 152
 27 153
 35 154
 35 155
 26 156
 21 157
 18 158
 28 159
 26 160
 22 161
 19 162
 20 163
 15 164
 10 165
 12 166
 10 167
 13 168
 8 169
 10 170
 9 171
 12 172
 10 173
 6 174
 8 175
 8 176
 4 177
 7 178
 6 179
 7 180
 6 181
 6 182
 2 183
 6 184
 4 185
 7 186
 0 187
 4 188
 1 189
 1 190
 3 191
 2 192
 1 193
 3 194
 0 195
 2 196
 2 197
 0 198
 0 199
 3 200
 1 201
 1 202
 4 203
 2 204
 0 205
 0 206
 1 207
 0 208
 0 209
 1 210
 2 211
 1 212
 0 213
 0 214
 0 215
 1 216
 2 217
 0 218
 0 219
 0 220
 0 221
 0 222
 0 223
 0 224
 0 225
 0 226
 0 227
 0 228
 0 229
 1 230
 0 231
 0 232
 0 233
 1 234
 0 235
 0 236
 0 237
 0 238
 0 239
 0 240
 0 241
 0 242
 0 243
 0 244
 1 245
 0 246
 0 247
 0 248
 0 249
 0 250
 0 251
 0 252
 0 253
 0 254
 0 255
 0 256
 0 257
 0 258
 0 259
 0 260
 0 261
 0 262
 0 263
 0 264
 0 265
 0 266
 0 267
 0 268
 0 269
 0 270
 0 271
 1 272
 0 273
 0 274
 0 275
 0 276
 0 277
 0 278
 1 279
 0 280
 0 281
 0 282
 0 283
 1 284
 0 285
 0 286
 1 287
 1 288
 1 289
 0 290
 0 291
 1 292
 2 293
 1 294
 1 295
 0 296
 0 297
 0 298
 0 299
 2 300
 0 301
 0 302
 1 303
 2 304
 1 305
 3 306
 2 307
 1 308
 0 309
 1 310
 1 311
 3 312
 0 313
 0 314
 2 315
 1 316
 2 317
 6 318
 1 319
 1 320
 0 321
 0 322
 0 323
 2 324
 3 325
 5 326
 3 327
 2 328
 1 329
 2 330
 2 331
 1 332
 5 333
 1 334
 2 335
 1 336
 3 337
 3 338
 3 339
 1 340
 2 341
 0 342
 2 343
 1 344
 2 345
 1 346
 2 347
 4 348
 0 349
 3 350
 0 351
 0 352
 0 353
 0 354
 0 355
 1 356
 1 357
 0 358
 3 359
 3 360
 1 361
 1 362
 1 363
 2 364
 1 365
 0 366
 1 367
 2 368
 1 369
 0 370
 0 371
 0 372
 2 373
 0 374
 0 375
 2 376
 0 377
 0 378
 0 379
 0 380
 0 381
 1 382
 0 383
 1 384
 0 385
 2 386
 1 387
 0 388
 0 389
 0 390
 0 391
 0 392
 0 393
 0 394
 0 395
 1 396
 0 397
 0 398
 1 399
 0 400
 0 401
 0 402
 0 403
 0 404
 2 405
 0 406
 0 407
 0 408
 0 409
 0 410
 0 411
 0 412
 0 413
 0 414
 0 415
 0 416
 0 417
 0 418
 0 419
 0 420
 0 421
 0 422
 0 423
 0 424
 0 425
 0 426
 0 427
 0 428
 0 429
 0 430
 0 431
 0 432
 0 433
 0 434
 0 435
 0 436
 0 437
 0 438
 0 439
 0 440
 0 441
 0 442
 0 443
 0 444
 0 445
 0 446
 0 447
 0 448
 0 449
 0 450
 0 451
 0 452
 0 453
 1 454
 0 455
 0 456
 0 457
 0 458
 0 459
 0 460
 0 461
 0 462
 0 463
 0 464
 0 465
 0 466
 0 467
 0 468
 0 469
 0 470
 0 471
 0 472
 0 473
 0 474
 0 475
 0 476
 0 477
 0 478
 0 479
 0 480
 0 481
 0 482
 0 483
 0 484
 0 485
 0 486
 0 487
 0 488
 0 489
 0 490
 0 491
 0 492
 0 493
 0 494
 0 495
 0 496
 0 497
 0 498
 0 499
 0 500
 0 501
 0 502
 0 503
 0 504
 0 505
 0 506
 0 507
 0 508
 0 509
 0 510
 0 511
 0 512
 0 513
 0 514
 0 515
 0 516
 0 517
 0 518
 0 519
 0 520
 0 521
 0 522
 0 523
 0 524
 0 525
 0 526
 0 527
 0 528
 0 529
 0 530
 0 531
 0 532
 0 533
 0 534
 0 535
 0 536
 0 537
 0 538
 0 539
 0 540
 0 541
 0 542
 0 543
 0 544
 0 545
 0 546
 0 547
 0 548
 0 549
 0 550
 0 551
 0 552
 0 553
 0 554
 0 555
 0 556
 0 557
 0 558
 0 559
 0 560
 0 561
 0 562
 0 563
 0 564
 0 565
 0 566
 0 567
 0 568
 0 569
 0 570
 0 571
 0 572
 0 573
 0 574
 0 575
 0 576
 0 577
 0 578
 0 579
 0 580
 0 581
 0 582
 0 583
 0 584
 0 585
 0 586
 0 587
 0 588
 0 589
 0 590
 0 591
 0 592
 0 593
 0 594
 0 595
 0 596
 0 597
 0 598
 0 599
 0 600


