# Created by Octave 3.8.2, Mon Jun 22 08:08:33 2020 CEST <damian@fptrucha.inv.usc.es>
# name: hd
# type: matrix
# rows: 551
# columns: 2
 0 50
 0 51
 0 52
 0 53
 0 54
 0 55
 0 56
 0 57
 0 58
 0 59
 0 60
 0 61
 0 62
 0 63
 0 64
 0 65
 0 66
 0 67
 0 68
 0 69
 0 70
 0 71
 0 72
 0 73
 0 74
 0 75
 0 76
 0 77
 0 78
 0 79
 0 80
 0 81
 0 82
 0 83
 0 84
 0 85
 0 86
 1 87
 1 88
 6 89
 30 90
 87 91
 180 92
 255 93
 365 94
 445 95
 679 96
 1030 97
 1354 98
 1534 99
 1687 100
 1712 101
 1654 102
 1731 103
 1610 104
 1647 105
 1496 106
 1438 107
 1288 108
 1163 109
 1153 110
 989 111
 937 112
 878 113
 753 114
 653 115
 585 116
 533 117
 486 118
 476 119
 422 120
 352 121
 311 122
 248 123
 257 124
 261 125
 209 126
 199 127
 165 128
 161 129
 149 130
 156 131
 131 132
 118 133
 103 134
 98 135
 102 136
 105 137
 106 138
 101 139
 91 140
 68 141
 65 142
 71 143
 54 144
 52 145
 63 146
 51 147
 44 148
 43 149
 50 150
 45 151
 36 152
 40 153
 33 154
 37 155
 33 156
 30 157
 26 158
 21 159
 30 160
 21 161
 31 162
 26 163
 18 164
 19 165
 14 166
 15 167
 17 168
 6 169
 9 170
 14 171
 13 172
 11 173
 10 174
 14 175
 6 176
 11 177
 6 178
 4 179
 7 180
 8 181
 3 182
 1 183
 4 184
 4 185
 3 186
 4 187
 4 188
 0 189
 1 190
 2 191
 2 192
 3 193
 4 194
 5 195
 1 196
 5 197
 1 198
 1 199
 2 200
 2 201
 1 202
 1 203
 1 204
 1 205
 2 206
 0 207
 1 208
 2 209
 0 210
 1 211
 0 212
 0 213
 0 214
 1 215
 0 216
 0 217
 0 218
 1 219
 0 220
 0 221
 0 222
 0 223
 0 224
 0 225
 0 226
 0 227
 0 228
 0 229
 0 230
 0 231
 0 232
 0 233
 0 234
 0 235
 0 236
 0 237
 1 238
 0 239
 0 240
 0 241
 0 242
 0 243
 0 244
 0 245
 0 246
 0 247
 0 248
 0 249
 0 250
 0 251
 0 252
 0 253
 0 254
 0 255
 0 256
 0 257
 0 258
 0 259
 0 260
 0 261
 0 262
 0 263
 0 264
 0 265
 0 266
 0 267
 0 268
 0 269
 0 270
 0 271
 0 272
 0 273
 0 274
 0 275
 0 276
 0 277
 0 278
 1 279
 0 280
 0 281
 0 282
 1 283
 1 284
 0 285
 0 286
 1 287
 1 288
 0 289
 3 290
 0 291
 0 292
 0 293
 0 294
 0 295
 1 296
 3 297
 0 298
 2 299
 1 300
 3 301
 2 302
 0 303
 0 304
 2 305
 1 306
 2 307
 3 308
 3 309
 1 310
 1 311
 3 312
 1 313
 0 314
 4 315
 2 316
 1 317
 1 318
 1 319
 1 320
 3 321
 4 322
 3 323
 4 324
 1 325
 3 326
 1 327
 0 328
 4 329
 7 330
 2 331
 6 332
 3 333
 1 334
 4 335
 2 336
 4 337
 0 338
 1 339
 2 340
 3 341
 1 342
 2 343
 4 344
 2 345
 2 346
 3 347
 1 348
 1 349
 3 350
 1 351
 5 352
 2 353
 2 354
 1 355
 3 356
 2 357
 4 358
 2 359
 5 360
 1 361
 1 362
 0 363
 3 364
 2 365
 0 366
 1 367
 2 368
 2 369
 2 370
 0 371
 1 372
 1 373
 0 374
 0 375
 4 376
 0 377
 1 378
 0 379
 0 380
 1 381
 1 382
 0 383
 1 384
 0 385
 2 386
 1 387
 0 388
 1 389
 0 390
 1 391
 1 392
 2 393
 1 394
 0 395
 0 396
 1 397
 0 398
 0 399
 0 400
 1 401
 0 402
 0 403
 0 404
 0 405
 0 406
 0 407
 1 408
 0 409
 0 410
 0 411
 0 412
 0 413
 0 414
 0 415
 0 416
 0 417
 0 418
 0 419
 0 420
 0 421
 0 422
 0 423
 0 424
 0 425
 0 426
 0 427
 0 428
 0 429
 1 430
 0 431
 0 432
 0 433
 0 434
 0 435
 0 436
 0 437
 0 438
 0 439
 0 440
 0 441
 0 442
 0 443
 0 444
 0 445
 0 446
 0 447
 0 448
 0 449
 0 450
 0 451
 0 452
 0 453
 0 454
 0 455
 0 456
 0 457
 0 458
 0 459
 0 460
 0 461
 0 462
 0 463
 0 464
 0 465
 0 466
 0 467
 0 468
 0 469
 0 470
 0 471
 0 472
 0 473
 0 474
 0 475
 0 476
 0 477
 0 478
 0 479
 0 480
 0 481
 0 482
 0 483
 0 484
 0 485
 0 486
 0 487
 0 488
 0 489
 0 490
 0 491
 0 492
 0 493
 0 494
 0 495
 0 496
 0 497
 0 498
 0 499
 0 500
 0 501
 0 502
 0 503
 0 504
 0 505
 0 506
 0 507
 0 508
 0 509
 0 510
 0 511
 0 512
 0 513
 0 514
 0 515
 0 516
 0 517
 0 518
 0 519
 0 520
 0 521
 0 522
 0 523
 0 524
 0 525
 0 526
 0 527
 0 528
 0 529
 0 530
 0 531
 0 532
 0 533
 0 534
 0 535
 0 536
 0 537
 0 538
 0 539
 0 540
 0 541
 0 542
 0 543
 0 544
 0 545
 0 546
 0 547
 0 548
 0 549
 0 550
 0 551
 0 552
 0 553
 0 554
 0 555
 0 556
 0 557
 0 558
 0 559
 0 560
 0 561
 0 562
 0 563
 0 564
 0 565
 0 566
 0 567
 0 568
 0 569
 0 570
 0 571
 0 572
 0 573
 0 574
 0 575
 0 576
 0 577
 0 578
 0 579
 0 580
 0 581
 0 582
 0 583
 0 584
 0 585
 0 586
 0 587
 0 588
 0 589
 0 590
 0 591
 0 592
 0 593
 0 594
 0 595
 0 596
 0 597
 0 598
 0 599
 0 600


