# Created by Octave 3.8.2, Sun Jun 21 01:44:16 2020 CEST <damian@fptrucha.inv.usc.es>
# name: hd
# type: matrix
# rows: 551
# columns: 2
 0 50
 0 51
 0 52
 0 53
 0 54
 0 55
 0 56
 0 57
 0 58
 0 59
 0 60
 0 61
 0 62
 0 63
 0 64
 0 65
 0 66
 0 67
 0 68
 0 69
 0 70
 0 71
 0 72
 0 73
 0 74
 0 75
 0 76
 0 77
 0 78
 0 79
 0 80
 0 81
 0 82
 0 83
 0 84
 0 85
 0 86
 2 87
 7 88
 12 89
 56 90
 109 91
 219 92
 254 93
 337 94
 539 95
 787 96
 1052 97
 1222 98
 1282 99
 1417 100
 1521 101
 1538 102
 1471 103
 1460 104
 1496 105
 1416 106
 1340 107
 1249 108
 1161 109
 1173 110
 1064 111
 1070 112
 938 113
 852 114
 804 115
 729 116
 627 117
 568 118
 527 119
 521 120
 433 121
 414 122
 350 123
 279 124
 265 125
 288 126
 271 127
 216 128
 207 129
 177 130
 169 131
 154 132
 116 133
 139 134
 127 135
 127 136
 107 137
 115 138
 92 139
 87 140
 87 141
 70 142
 62 143
 57 144
 61 145
 56 146
 45 147
 37 148
 48 149
 50 150
 44 151
 22 152
 33 153
 40 154
 39 155
 33 156
 26 157
 20 158
 22 159
 22 160
 18 161
 25 162
 26 163
 22 164
 10 165
 13 166
 12 167
 13 168
 11 169
 12 170
 8 171
 9 172
 9 173
 5 174
 6 175
 7 176
 5 177
 4 178
 8 179
 4 180
 3 181
 4 182
 4 183
 5 184
 5 185
 1 186
 2 187
 1 188
 0 189
 4 190
 2 191
 5 192
 4 193
 2 194
 0 195
 3 196
 1 197
 3 198
 2 199
 1 200
 0 201
 0 202
 2 203
 2 204
 1 205
 0 206
 1 207
 0 208
 1 209
 0 210
 0 211
 0 212
 0 213
 0 214
 0 215
 0 216
 1 217
 1 218
 0 219
 0 220
 0 221
 0 222
 0 223
 0 224
 0 225
 0 226
 0 227
 0 228
 0 229
 0 230
 1 231
 0 232
 0 233
 0 234
 0 235
 0 236
 0 237
 0 238
 0 239
 0 240
 0 241
 0 242
 0 243
 0 244
 0 245
 0 246
 0 247
 0 248
 0 249
 0 250
 0 251
 0 252
 0 253
 0 254
 0 255
 0 256
 0 257
 0 258
 0 259
 0 260
 0 261
 0 262
 0 263
 0 264
 0 265
 0 266
 0 267
 0 268
 0 269
 0 270
 0 271
 0 272
 0 273
 0 274
 0 275
 0 276
 0 277
 0 278
 0 279
 1 280
 0 281
 0 282
 0 283
 0 284
 0 285
 0 286
 1 287
 1 288
 0 289
 0 290
 2 291
 1 292
 0 293
 0 294
 1 295
 2 296
 2 297
 2 298
 0 299
 0 300
 1 301
 1 302
 0 303
 0 304
 0 305
 0 306
 0 307
 2 308
 3 309
 2 310
 1 311
 4 312
 0 313
 1 314
 0 315
 1 316
 3 317
 1 318
 3 319
 0 320
 2 321
 0 322
 2 323
 3 324
 2 325
 4 326
 1 327
 2 328
 1 329
 2 330
 1 331
 1 332
 2 333
 0 334
 2 335
 1 336
 1 337
 2 338
 0 339
 4 340
 3 341
 2 342
 3 343
 3 344
 1 345
 0 346
 3 347
 2 348
 2 349
 0 350
 5 351
 3 352
 2 353
 3 354
 3 355
 2 356
 4 357
 3 358
 3 359
 0 360
 0 361
 1 362
 0 363
 1 364
 0 365
 0 366
 1 367
 0 368
 2 369
 1 370
 3 371
 0 372
 1 373
 0 374
 0 375
 0 376
 0 377
 1 378
 0 379
 0 380
 1 381
 0 382
 1 383
 1 384
 0 385
 0 386
 0 387
 0 388
 0 389
 0 390
 0 391
 1 392
 0 393
 0 394
 1 395
 0 396
 0 397
 0 398
 0 399
 0 400
 0 401
 0 402
 0 403
 0 404
 0 405
 0 406
 0 407
 0 408
 0 409
 0 410
 0 411
 0 412
 0 413
 0 414
 0 415
 0 416
 0 417
 0 418
 2 419
 0 420
 0 421
 0 422
 0 423
 0 424
 0 425
 0 426
 0 427
 0 428
 0 429
 0 430
 0 431
 0 432
 0 433
 0 434
 0 435
 0 436
 0 437
 0 438
 0 439
 0 440
 0 441
 0 442
 0 443
 0 444
 0 445
 0 446
 0 447
 0 448
 0 449
 0 450
 0 451
 0 452
 0 453
 0 454
 0 455
 0 456
 0 457
 0 458
 0 459
 0 460
 0 461
 0 462
 0 463
 0 464
 0 465
 0 466
 0 467
 0 468
 0 469
 0 470
 0 471
 0 472
 0 473
 0 474
 0 475
 0 476
 0 477
 0 478
 0 479
 0 480
 0 481
 0 482
 0 483
 0 484
 0 485
 0 486
 0 487
 0 488
 0 489
 0 490
 0 491
 0 492
 0 493
 0 494
 0 495
 0 496
 0 497
 0 498
 0 499
 0 500
 0 501
 0 502
 0 503
 0 504
 0 505
 0 506
 0 507
 0 508
 0 509
 0 510
 0 511
 0 512
 0 513
 0 514
 0 515
 0 516
 0 517
 0 518
 0 519
 0 520
 0 521
 0 522
 0 523
 0 524
 0 525
 0 526
 0 527
 0 528
 0 529
 0 530
 0 531
 0 532
 0 533
 0 534
 0 535
 0 536
 0 537
 0 538
 0 539
 0 540
 0 541
 0 542
 0 543
 0 544
 0 545
 0 546
 0 547
 0 548
 0 549
 0 550
 0 551
 0 552
 0 553
 0 554
 0 555
 0 556
 0 557
 0 558
 0 559
 0 560
 0 561
 0 562
 0 563
 0 564
 0 565
 0 566
 0 567
 0 568
 0 569
 0 570
 0 571
 0 572
 0 573
 0 574
 0 575
 0 576
 0 577
 0 578
 0 579
 0 580
 0 581
 0 582
 0 583
 0 584
 0 585
 0 586
 0 587
 0 588
 0 589
 0 590
 0 591
 0 592
 0 593
 0 594
 0 595
 0 596
 0 597
 0 598
 0 599
 0 600


