# Created by Octave 3.8.2, Mon Jun 22 18:30:56 2020 CEST <damian@fptrucha.inv.usc.es>
# name: hd
# type: matrix
# rows: 551
# columns: 2
 0 50
 0 51
 0 52
 0 53
 0 54
 0 55
 0 56
 0 57
 0 58
 0 59
 0 60
 0 61
 0 62
 0 63
 0 64
 0 65
 0 66
 0 67
 0 68
 0 69
 0 70
 0 71
 0 72
 0 73
 0 74
 0 75
 0 76
 0 77
 0 78
 0 79
 0 80
 0 81
 0 82
 0 83
 0 84
 0 85
 0 86
 2 87
 3 88
 13 89
 31 90
 123 91
 177 92
 312 93
 393 94
 579 95
 826 96
 1184 97
 1564 98
 1568 99
 1808 100
 1869 101
 1775 102
 1831 103
 1809 104
 1759 105
 1577 106
 1488 107
 1347 108
 1323 109
 1178 110
 1115 111
 950 112
 894 113
 854 114
 768 115
 643 116
 595 117
 508 118
 479 119
 408 120
 368 121
 342 122
 281 123
 292 124
 238 125
 254 126
 220 127
 179 128
 171 129
 171 130
 151 131
 131 132
 140 133
 119 134
 117 135
 108 136
 95 137
 100 138
 96 139
 98 140
 62 141
 84 142
 67 143
 68 144
 55 145
 70 146
 49 147
 47 148
 45 149
 37 150
 44 151
 36 152
 32 153
 34 154
 31 155
 33 156
 38 157
 24 158
 24 159
 22 160
 28 161
 32 162
 28 163
 24 164
 15 165
 16 166
 8 167
 12 168
 19 169
 9 170
 8 171
 9 172
 6 173
 7 174
 8 175
 7 176
 5 177
 9 178
 7 179
 6 180
 6 181
 5 182
 5 183
 3 184
 3 185
 7 186
 6 187
 3 188
 3 189
 2 190
 5 191
 9 192
 3 193
 2 194
 3 195
 2 196
 2 197
 3 198
 1 199
 3 200
 1 201
 1 202
 0 203
 2 204
 1 205
 0 206
 0 207
 1 208
 1 209
 0 210
 1 211
 0 212
 1 213
 0 214
 0 215
 0 216
 0 217
 0 218
 0 219
 0 220
 0 221
 0 222
 1 223
 0 224
 0 225
 0 226
 0 227
 1 228
 1 229
 0 230
 1 231
 0 232
 0 233
 0 234
 0 235
 0 236
 0 237
 1 238
 0 239
 0 240
 0 241
 1 242
 0 243
 0 244
 0 245
 0 246
 0 247
 0 248
 0 249
 0 250
 0 251
 0 252
 0 253
 0 254
 0 255
 0 256
 0 257
 0 258
 0 259
 0 260
 0 261
 0 262
 0 263
 0 264
 0 265
 0 266
 0 267
 0 268
 0 269
 0 270
 0 271
 0 272
 0 273
 0 274
 0 275
 0 276
 0 277
 0 278
 0 279
 0 280
 0 281
 0 282
 0 283
 0 284
 0 285
 0 286
 0 287
 0 288
 1 289
 1 290
 1 291
 3 292
 0 293
 1 294
 0 295
 1 296
 2 297
 0 298
 0 299
 2 300
 3 301
 0 302
 2 303
 0 304
 1 305
 2 306
 0 307
 0 308
 1 309
 1 310
 1 311
 1 312
 3 313
 3 314
 4 315
 1 316
 5 317
 3 318
 4 319
 2 320
 2 321
 1 322
 5 323
 2 324
 3 325
 2 326
 2 327
 2 328
 1 329
 4 330
 0 331
 0 332
 6 333
 3 334
 0 335
 6 336
 0 337
 2 338
 3 339
 3 340
 2 341
 5 342
 3 343
 7 344
 1 345
 2 346
 2 347
 3 348
 2 349
 1 350
 1 351
 4 352
 3 353
 2 354
 2 355
 1 356
 1 357
 0 358
 1 359
 0 360
 2 361
 1 362
 0 363
 2 364
 2 365
 1 366
 0 367
 0 368
 1 369
 0 370
 1 371
 3 372
 0 373
 2 374
 0 375
 1 376
 1 377
 1 378
 0 379
 0 380
 1 381
 1 382
 0 383
 0 384
 0 385
 0 386
 0 387
 0 388
 0 389
 0 390
 0 391
 0 392
 1 393
 1 394
 0 395
 0 396
 1 397
 0 398
 0 399
 1 400
 0 401
 0 402
 0 403
 0 404
 0 405
 0 406
 0 407
 0 408
 0 409
 0 410
 0 411
 0 412
 1 413
 1 414
 0 415
 0 416
 0 417
 0 418
 0 419
 0 420
 0 421
 0 422
 0 423
 0 424
 0 425
 0 426
 0 427
 0 428
 0 429
 0 430
 0 431
 0 432
 0 433
 0 434
 0 435
 0 436
 0 437
 0 438
 0 439
 0 440
 0 441
 0 442
 0 443
 0 444
 0 445
 0 446
 0 447
 0 448
 0 449
 0 450
 0 451
 0 452
 0 453
 0 454
 0 455
 0 456
 0 457
 0 458
 0 459
 0 460
 0 461
 0 462
 0 463
 0 464
 0 465
 0 466
 0 467
 0 468
 0 469
 0 470
 0 471
 0 472
 0 473
 0 474
 0 475
 0 476
 0 477
 0 478
 0 479
 0 480
 0 481
 0 482
 0 483
 0 484
 0 485
 0 486
 0 487
 0 488
 0 489
 0 490
 0 491
 0 492
 0 493
 0 494
 0 495
 0 496
 0 497
 0 498
 0 499
 0 500
 0 501
 0 502
 0 503
 0 504
 0 505
 0 506
 0 507
 0 508
 0 509
 0 510
 0 511
 0 512
 0 513
 0 514
 0 515
 0 516
 0 517
 0 518
 0 519
 0 520
 0 521
 0 522
 0 523
 0 524
 0 525
 0 526
 0 527
 0 528
 0 529
 0 530
 0 531
 0 532
 0 533
 0 534
 0 535
 0 536
 0 537
 0 538
 0 539
 0 540
 0 541
 0 542
 0 543
 0 544
 0 545
 0 546
 0 547
 0 548
 0 549
 0 550
 0 551
 0 552
 0 553
 0 554
 0 555
 0 556
 0 557
 0 558
 0 559
 0 560
 0 561
 0 562
 0 563
 0 564
 0 565
 0 566
 0 567
 0 568
 0 569
 0 570
 0 571
 0 572
 0 573
 0 574
 0 575
 0 576
 0 577
 0 578
 0 579
 0 580
 0 581
 0 582
 0 583
 0 584
 0 585
 0 586
 0 587
 0 588
 0 589
 0 590
 0 591
 0 592
 0 593
 0 594
 0 595
 0 596
 0 597
 0 598
 0 599
 0 600


