# Created by Octave 3.8.2, Mon Jun 22 18:18:22 2020 CEST <damian@fptrucha.inv.usc.es>
# name: hd
# type: matrix
# rows: 551
# columns: 2
 0 50
 0 51
 0 52
 0 53
 0 54
 0 55
 0 56
 0 57
 0 58
 0 59
 0 60
 0 61
 0 62
 0 63
 0 64
 0 65
 0 66
 0 67
 0 68
 0 69
 0 70
 0 71
 0 72
 0 73
 0 74
 0 75
 0 76
 0 77
 0 78
 0 79
 0 80
 0 81
 0 82
 0 83
 0 84
 0 85
 0 86
 1 87
 5 88
 9 89
 35 90
 131 91
 192 92
 338 93
 387 94
 561 95
 846 96
 1237 97
 1495 98
 1645 99
 1730 100
 1919 101
 1949 102
 1910 103
 1843 104
 1716 105
 1569 106
 1485 107
 1349 108
 1312 109
 1227 110
 1166 111
 951 112
 866 113
 751 114
 698 115
 612 116
 575 117
 519 118
 448 119
 426 120
 365 121
 342 122
 315 123
 269 124
 242 125
 247 126
 181 127
 196 128
 172 129
 183 130
 146 131
 133 132
 114 133
 96 134
 101 135
 113 136
 101 137
 93 138
 72 139
 73 140
 64 141
 75 142
 68 143
 66 144
 44 145
 47 146
 52 147
 48 148
 37 149
 49 150
 43 151
 32 152
 42 153
 29 154
 36 155
 28 156
 32 157
 25 158
 24 159
 33 160
 24 161
 30 162
 23 163
 19 164
 22 165
 18 166
 17 167
 16 168
 10 169
 13 170
 9 171
 10 172
 12 173
 7 174
 8 175
 4 176
 10 177
 10 178
 3 179
 4 180
 2 181
 7 182
 8 183
 4 184
 7 185
 7 186
 3 187
 5 188
 1 189
 2 190
 5 191
 5 192
 2 193
 0 194
 2 195
 1 196
 1 197
 1 198
 0 199
 1 200
 2 201
 2 202
 0 203
 3 204
 0 205
 0 206
 1 207
 0 208
 0 209
 4 210
 1 211
 0 212
 2 213
 1 214
 0 215
 0 216
 0 217
 0 218
 0 219
 0 220
 0 221
 1 222
 0 223
 0 224
 0 225
 0 226
 0 227
 0 228
 0 229
 0 230
 0 231
 0 232
 0 233
 0 234
 0 235
 0 236
 0 237
 0 238
 0 239
 0 240
 0 241
 0 242
 0 243
 0 244
 0 245
 0 246
 0 247
 0 248
 0 249
 0 250
 0 251
 0 252
 0 253
 0 254
 0 255
 0 256
 0 257
 0 258
 0 259
 0 260
 0 261
 0 262
 0 263
 0 264
 0 265
 0 266
 0 267
 0 268
 0 269
 0 270
 0 271
 0 272
 0 273
 0 274
 0 275
 0 276
 0 277
 0 278
 0 279
 0 280
 0 281
 0 282
 0 283
 0 284
 0 285
 0 286
 0 287
 0 288
 0 289
 1 290
 0 291
 2 292
 1 293
 0 294
 1 295
 1 296
 2 297
 3 298
 1 299
 0 300
 0 301
 1 302
 2 303
 2 304
 2 305
 0 306
 1 307
 1 308
 3 309
 1 310
 1 311
 9 312
 4 313
 1 314
 4 315
 6 316
 2 317
 5 318
 3 319
 2 320
 0 321
 3 322
 2 323
 1 324
 2 325
 3 326
 2 327
 3 328
 7 329
 5 330
 4 331
 3 332
 5 333
 3 334
 3 335
 2 336
 4 337
 1 338
 1 339
 1 340
 4 341
 1 342
 4 343
 1 344
 2 345
 1 346
 1 347
 1 348
 2 349
 1 350
 4 351
 0 352
 2 353
 2 354
 1 355
 5 356
 1 357
 0 358
 4 359
 1 360
 1 361
 1 362
 1 363
 3 364
 0 365
 0 366
 0 367
 2 368
 2 369
 0 370
 1 371
 0 372
 2 373
 1 374
 3 375
 1 376
 2 377
 1 378
 0 379
 1 380
 0 381
 0 382
 0 383
 0 384
 1 385
 0 386
 1 387
 0 388
 0 389
 1 390
 0 391
 0 392
 1 393
 1 394
 0 395
 0 396
 0 397
 0 398
 1 399
 1 400
 1 401
 0 402
 0 403
 0 404
 0 405
 0 406
 0 407
 0 408
 0 409
 0 410
 2 411
 0 412
 0 413
 1 414
 0 415
 0 416
 0 417
 0 418
 0 419
 0 420
 0 421
 0 422
 0 423
 0 424
 1 425
 0 426
 0 427
 0 428
 0 429
 0 430
 0 431
 0 432
 0 433
 0 434
 0 435
 0 436
 0 437
 0 438
 0 439
 0 440
 0 441
 0 442
 0 443
 0 444
 0 445
 0 446
 0 447
 0 448
 0 449
 0 450
 0 451
 0 452
 0 453
 0 454
 0 455
 0 456
 0 457
 0 458
 0 459
 0 460
 0 461
 0 462
 0 463
 0 464
 0 465
 0 466
 0 467
 0 468
 0 469
 0 470
 0 471
 0 472
 0 473
 0 474
 0 475
 0 476
 0 477
 0 478
 0 479
 0 480
 0 481
 0 482
 0 483
 0 484
 0 485
 0 486
 0 487
 0 488
 0 489
 0 490
 0 491
 0 492
 0 493
 0 494
 0 495
 0 496
 0 497
 0 498
 0 499
 0 500
 0 501
 0 502
 0 503
 0 504
 0 505
 0 506
 0 507
 0 508
 0 509
 0 510
 0 511
 0 512
 0 513
 0 514
 0 515
 0 516
 0 517
 0 518
 0 519
 0 520
 0 521
 0 522
 0 523
 0 524
 0 525
 0 526
 0 527
 0 528
 0 529
 0 530
 0 531
 0 532
 0 533
 0 534
 0 535
 0 536
 0 537
 0 538
 0 539
 0 540
 0 541
 0 542
 0 543
 0 544
 0 545
 0 546
 0 547
 0 548
 0 549
 0 550
 0 551
 0 552
 0 553
 0 554
 0 555
 0 556
 0 557
 0 558
 0 559
 0 560
 0 561
 0 562
 0 563
 0 564
 0 565
 0 566
 0 567
 0 568
 0 569
 0 570
 0 571
 0 572
 0 573
 0 574
 0 575
 0 576
 0 577
 0 578
 0 579
 0 580
 0 581
 0 582
 0 583
 0 584
 0 585
 0 586
 0 587
 0 588
 0 589
 0 590
 0 591
 0 592
 0 593
 0 594
 0 595
 0 596
 0 597
 0 598
 0 599
 0 600


