# Created by Octave 3.8.2, Mon Jun 22 11:34:44 2020 CEST <damian@fptrucha.inv.usc.es>
# name: hd
# type: matrix
# rows: 551
# columns: 2
 0 50
 0 51
 0 52
 0 53
 0 54
 0 55
 0 56
 0 57
 0 58
 0 59
 0 60
 0 61
 0 62
 0 63
 0 64
 0 65
 0 66
 0 67
 0 68
 0 69
 0 70
 0 71
 0 72
 0 73
 0 74
 0 75
 0 76
 0 77
 0 78
 0 79
 0 80
 0 81
 0 82
 0 83
 0 84
 0 85
 1 86
 0 87
 0 88
 9 89
 42 90
 100 91
 213 92
 277 93
 351 94
 539 95
 849 96
 1194 97
 1462 98
 1631 99
 1669 100
 1764 101
 1816 102
 1728 103
 1647 104
 1653 105
 1504 106
 1377 107
 1359 108
 1269 109
 1115 110
 1018 111
 897 112
 827 113
 717 114
 704 115
 631 116
 519 117
 485 118
 378 119
 400 120
 344 121
 313 122
 287 123
 278 124
 245 125
 265 126
 167 127
 163 128
 166 129
 146 130
 129 131
 137 132
 128 133
 111 134
 128 135
 113 136
 101 137
 90 138
 90 139
 94 140
 67 141
 71 142
 64 143
 69 144
 51 145
 49 146
 55 147
 49 148
 40 149
 43 150
 33 151
 41 152
 50 153
 37 154
 40 155
 27 156
 28 157
 27 158
 23 159
 33 160
 18 161
 23 162
 23 163
 21 164
 15 165
 14 166
 14 167
 15 168
 16 169
 10 170
 13 171
 9 172
 8 173
 7 174
 11 175
 8 176
 9 177
 8 178
 11 179
 4 180
 14 181
 4 182
 4 183
 5 184
 6 185
 3 186
 9 187
 6 188
 2 189
 1 190
 1 191
 2 192
 2 193
 2 194
 2 195
 1 196
 0 197
 1 198
 4 199
 2 200
 0 201
 2 202
 1 203
 1 204
 2 205
 1 206
 2 207
 0 208
 0 209
 1 210
 0 211
 0 212
 0 213
 0 214
 0 215
 0 216
 0 217
 1 218
 0 219
 0 220
 1 221
 0 222
 0 223
 1 224
 1 225
 0 226
 0 227
 1 228
 0 229
 0 230
 0 231
 0 232
 0 233
 1 234
 0 235
 0 236
 0 237
 0 238
 0 239
 0 240
 0 241
 1 242
 0 243
 0 244
 0 245
 0 246
 0 247
 0 248
 0 249
 0 250
 0 251
 0 252
 0 253
 0 254
 0 255
 0 256
 0 257
 0 258
 0 259
 0 260
 0 261
 0 262
 0 263
 0 264
 0 265
 0 266
 0 267
 0 268
 0 269
 0 270
 0 271
 0 272
 1 273
 0 274
 0 275
 0 276
 0 277
 0 278
 0 279
 0 280
 1 281
 1 282
 0 283
 0 284
 0 285
 0 286
 2 287
 1 288
 1 289
 1 290
 1 291
 0 292
 0 293
 0 294
 3 295
 2 296
 2 297
 1 298
 3 299
 1 300
 1 301
 1 302
 1 303
 1 304
 2 305
 4 306
 4 307
 2 308
 0 309
 1 310
 1 311
 2 312
 2 313
 2 314
 4 315
 1 316
 4 317
 2 318
 3 319
 2 320
 1 321
 3 322
 3 323
 5 324
 2 325
 1 326
 2 327
 3 328
 4 329
 4 330
 4 331
 4 332
 1 333
 5 334
 2 335
 2 336
 2 337
 1 338
 4 339
 3 340
 4 341
 6 342
 1 343
 2 344
 1 345
 5 346
 4 347
 3 348
 1 349
 1 350
 0 351
 0 352
 1 353
 3 354
 5 355
 0 356
 1 357
 2 358
 1 359
 1 360
 0 361
 0 362
 0 363
 3 364
 1 365
 0 366
 1 367
 2 368
 3 369
 1 370
 1 371
 1 372
 0 373
 1 374
 2 375
 1 376
 0 377
 1 378
 1 379
 0 380
 0 381
 0 382
 1 383
 1 384
 0 385
 3 386
 1 387
 1 388
 0 389
 0 390
 0 391
 0 392
 0 393
 1 394
 0 395
 0 396
 0 397
 0 398
 0 399
 0 400
 0 401
 0 402
 0 403
 0 404
 0 405
 1 406
 0 407
 0 408
 1 409
 0 410
 0 411
 0 412
 0 413
 0 414
 0 415
 0 416
 0 417
 0 418
 0 419
 0 420
 0 421
 0 422
 0 423
 0 424
 0 425
 0 426
 0 427
 0 428
 0 429
 0 430
 0 431
 0 432
 0 433
 0 434
 0 435
 0 436
 0 437
 0 438
 0 439
 0 440
 0 441
 0 442
 0 443
 0 444
 0 445
 0 446
 0 447
 0 448
 0 449
 0 450
 0 451
 0 452
 0 453
 0 454
 0 455
 0 456
 0 457
 0 458
 0 459
 0 460
 0 461
 0 462
 0 463
 0 464
 0 465
 0 466
 0 467
 0 468
 0 469
 0 470
 0 471
 0 472
 0 473
 0 474
 0 475
 0 476
 0 477
 0 478
 0 479
 0 480
 0 481
 0 482
 0 483
 0 484
 0 485
 0 486
 0 487
 0 488
 0 489
 0 490
 0 491
 0 492
 0 493
 0 494
 0 495
 0 496
 0 497
 0 498
 0 499
 0 500
 0 501
 0 502
 0 503
 0 504
 0 505
 0 506
 0 507
 0 508
 0 509
 0 510
 0 511
 0 512
 0 513
 0 514
 0 515
 0 516
 0 517
 0 518
 0 519
 0 520
 0 521
 0 522
 0 523
 0 524
 0 525
 0 526
 0 527
 0 528
 0 529
 0 530
 0 531
 0 532
 0 533
 0 534
 0 535
 0 536
 0 537
 0 538
 0 539
 0 540
 0 541
 0 542
 0 543
 0 544
 0 545
 0 546
 0 547
 0 548
 0 549
 0 550
 0 551
 0 552
 0 553
 0 554
 0 555
 0 556
 0 557
 0 558
 0 559
 0 560
 0 561
 0 562
 0 563
 0 564
 0 565
 0 566
 0 567
 0 568
 0 569
 0 570
 0 571
 0 572
 0 573
 0 574
 0 575
 0 576
 0 577
 0 578
 0 579
 0 580
 0 581
 0 582
 0 583
 0 584
 0 585
 0 586
 0 587
 0 588
 0 589
 0 590
 0 591
 0 592
 0 593
 0 594
 0 595
 0 596
 0 597
 0 598
 0 599
 0 600


