# Created by Octave 3.8.2, Mon Jun 22 06:18:50 2020 CEST <damian@fptrucha.inv.usc.es>
# name: hd
# type: matrix
# rows: 551
# columns: 2
 0 50
 0 51
 0 52
 0 53
 0 54
 0 55
 0 56
 0 57
 0 58
 0 59
 0 60
 0 61
 0 62
 0 63
 0 64
 0 65
 0 66
 0 67
 0 68
 0 69
 0 70
 0 71
 0 72
 0 73
 0 74
 0 75
 0 76
 0 77
 0 78
 0 79
 0 80
 0 81
 0 82
 0 83
 0 84
 0 85
 0 86
 1 87
 2 88
 11 89
 18 90
 96 91
 175 92
 318 93
 353 94
 459 95
 693 96
 1065 97
 1347 98
 1473 99
 1575 100
 1697 101
 1706 102
 1667 103
 1588 104
 1537 105
 1439 106
 1363 107
 1261 108
 1152 109
 1087 110
 982 111
 893 112
 795 113
 750 114
 650 115
 566 116
 531 117
 501 118
 366 119
 354 120
 337 121
 329 122
 233 123
 236 124
 227 125
 221 126
 188 127
 187 128
 145 129
 148 130
 141 131
 134 132
 138 133
 90 134
 93 135
 102 136
 83 137
 82 138
 76 139
 72 140
 63 141
 64 142
 61 143
 65 144
 60 145
 62 146
 43 147
 40 148
 48 149
 39 150
 37 151
 41 152
 28 153
 28 154
 31 155
 25 156
 19 157
 26 158
 20 159
 22 160
 21 161
 29 162
 16 163
 17 164
 19 165
 17 166
 19 167
 14 168
 17 169
 12 170
 13 171
 7 172
 10 173
 12 174
 14 175
 9 176
 5 177
 7 178
 7 179
 5 180
 7 181
 5 182
 4 183
 2 184
 5 185
 4 186
 1 187
 1 188
 1 189
 4 190
 0 191
 3 192
 3 193
 2 194
 3 195
 3 196
 1 197
 1 198
 1 199
 1 200
 0 201
 1 202
 2 203
 1 204
 1 205
 0 206
 0 207
 0 208
 0 209
 2 210
 1 211
 1 212
 0 213
 0 214
 0 215
 0 216
 1 217
 0 218
 0 219
 1 220
 0 221
 0 222
 0 223
 1 224
 0 225
 0 226
 0 227
 0 228
 0 229
 0 230
 0 231
 0 232
 0 233
 0 234
 0 235
 0 236
 0 237
 0 238
 0 239
 0 240
 0 241
 0 242
 0 243
 0 244
 1 245
 0 246
 0 247
 0 248
 0 249
 0 250
 1 251
 0 252
 0 253
 0 254
 0 255
 0 256
 0 257
 0 258
 0 259
 0 260
 0 261
 0 262
 0 263
 0 264
 0 265
 0 266
 0 267
 0 268
 0 269
 0 270
 0 271
 0 272
 0 273
 0 274
 0 275
 0 276
 0 277
 0 278
 0 279
 0 280
 0 281
 0 282
 0 283
 1 284
 0 285
 1 286
 0 287
 1 288
 2 289
 1 290
 1 291
 1 292
 0 293
 0 294
 0 295
 3 296
 1 297
 1 298
 3 299
 2 300
 1 301
 0 302
 1 303
 2 304
 1 305
 1 306
 0 307
 0 308
 0 309
 2 310
 2 311
 4 312
 3 313
 3 314
 1 315
 2 316
 2 317
 6 318
 2 319
 4 320
 1 321
 6 322
 4 323
 4 324
 0 325
 7 326
 1 327
 1 328
 4 329
 7 330
 0 331
 2 332
 9 333
 4 334
 1 335
 5 336
 1 337
 0 338
 1 339
 1 340
 0 341
 6 342
 2 343
 2 344
 8 345
 2 346
 3 347
 0 348
 4 349
 1 350
 2 351
 0 352
 1 353
 3 354
 1 355
 2 356
 2 357
 1 358
 2 359
 3 360
 2 361
 3 362
 1 363
 2 364
 1 365
 1 366
 1 367
 1 368
 1 369
 0 370
 0 371
 0 372
 0 373
 2 374
 2 375
 1 376
 0 377
 1 378
 0 379
 0 380
 0 381
 1 382
 2 383
 1 384
 1 385
 1 386
 0 387
 1 388
 2 389
 0 390
 1 391
 0 392
 0 393
 0 394
 0 395
 1 396
 0 397
 0 398
 1 399
 0 400
 0 401
 0 402
 0 403
 0 404
 0 405
 0 406
 0 407
 1 408
 0 409
 0 410
 0 411
 0 412
 0 413
 0 414
 0 415
 0 416
 0 417
 0 418
 0 419
 0 420
 0 421
 0 422
 0 423
 0 424
 0 425
 0 426
 0 427
 1 428
 0 429
 0 430
 0 431
 0 432
 0 433
 0 434
 0 435
 0 436
 0 437
 0 438
 0 439
 0 440
 0 441
 0 442
 0 443
 0 444
 0 445
 0 446
 0 447
 0 448
 0 449
 0 450
 0 451
 0 452
 0 453
 0 454
 0 455
 0 456
 0 457
 0 458
 0 459
 0 460
 0 461
 0 462
 0 463
 0 464
 0 465
 0 466
 0 467
 0 468
 0 469
 0 470
 0 471
 0 472
 0 473
 0 474
 0 475
 0 476
 0 477
 0 478
 0 479
 0 480
 0 481
 0 482
 0 483
 0 484
 0 485
 0 486
 0 487
 0 488
 0 489
 0 490
 0 491
 0 492
 0 493
 0 494
 0 495
 0 496
 0 497
 0 498
 0 499
 0 500
 0 501
 0 502
 0 503
 0 504
 0 505
 0 506
 0 507
 0 508
 0 509
 0 510
 0 511
 0 512
 0 513
 0 514
 0 515
 0 516
 0 517
 0 518
 0 519
 0 520
 0 521
 0 522
 0 523
 0 524
 0 525
 0 526
 0 527
 0 528
 0 529
 0 530
 0 531
 0 532
 0 533
 0 534
 0 535
 0 536
 0 537
 0 538
 0 539
 0 540
 0 541
 0 542
 0 543
 0 544
 0 545
 0 546
 0 547
 0 548
 0 549
 0 550
 0 551
 0 552
 0 553
 0 554
 0 555
 0 556
 0 557
 0 558
 0 559
 0 560
 0 561
 0 562
 0 563
 0 564
 0 565
 0 566
 0 567
 0 568
 0 569
 0 570
 0 571
 0 572
 0 573
 0 574
 0 575
 0 576
 0 577
 0 578
 0 579
 0 580
 0 581
 0 582
 0 583
 0 584
 0 585
 0 586
 0 587
 0 588
 0 589
 0 590
 0 591
 0 592
 0 593
 0 594
 0 595
 0 596
 0 597
 0 598
 0 599
 0 600


