# Created by Octave 3.8.2, Sat Jun 20 15:38:26 2020 CEST <damian@fptrucha.inv.usc.es>
# name: hd
# type: matrix
# rows: 551
# columns: 2
 0 50
 0 51
 0 52
 0 53
 0 54
 0 55
 0 56
 0 57
 0 58
 0 59
 0 60
 0 61
 0 62
 0 63
 0 64
 0 65
 0 66
 0 67
 0 68
 0 69
 0 70
 0 71
 0 72
 0 73
 0 74
 0 75
 0 76
 0 77
 0 78
 0 79
 0 80
 0 81
 0 82
 0 83
 0 84
 0 85
 0 86
 2 87
 9 88
 16 89
 75 90
 140 91
 201 92
 318 93
 410 94
 623 95
 896 96
 1196 97
 1406 98
 1515 99
 1654 100
 1650 101
 1639 102
 1738 103
 1650 104
 1658 105
 1503 106
 1387 107
 1378 108
 1302 109
 1135 110
 1091 111
 1016 112
 933 113
 843 114
 792 115
 708 116
 658 117
 599 118
 534 119
 477 120
 384 121
 385 122
 340 123
 304 124
 310 125
 262 126
 222 127
 226 128
 210 129
 181 130
 162 131
 134 132
 125 133
 131 134
 146 135
 107 136
 104 137
 85 138
 86 139
 94 140
 67 141
 83 142
 69 143
 56 144
 57 145
 55 146
 45 147
 43 148
 44 149
 49 150
 29 151
 41 152
 47 153
 36 154
 37 155
 27 156
 27 157
 29 158
 29 159
 27 160
 23 161
 17 162
 17 163
 17 164
 14 165
 14 166
 9 167
 10 168
 11 169
 10 170
 11 171
 7 172
 6 173
 5 174
 4 175
 7 176
 4 177
 6 178
 6 179
 4 180
 3 181
 6 182
 0 183
 2 184
 6 185
 3 186
 6 187
 0 188
 4 189
 0 190
 2 191
 1 192
 2 193
 1 194
 3 195
 3 196
 1 197
 1 198
 2 199
 0 200
 3 201
 1 202
 1 203
 0 204
 2 205
 0 206
 0 207
 1 208
 1 209
 1 210
 1 211
 1 212
 0 213
 2 214
 0 215
 0 216
 1 217
 0 218
 0 219
 0 220
 0 221
 0 222
 0 223
 1 224
 1 225
 1 226
 0 227
 0 228
 0 229
 0 230
 0 231
 0 232
 0 233
 0 234
 0 235
 1 236
 0 237
 0 238
 0 239
 0 240
 0 241
 0 242
 0 243
 0 244
 0 245
 0 246
 0 247
 0 248
 0 249
 0 250
 0 251
 0 252
 0 253
 0 254
 0 255
 0 256
 0 257
 0 258
 0 259
 0 260
 0 261
 0 262
 0 263
 0 264
 0 265
 0 266
 0 267
 0 268
 0 269
 0 270
 0 271
 0 272
 0 273
 0 274
 0 275
 0 276
 0 277
 0 278
 0 279
 0 280
 0 281
 1 282
 0 283
 0 284
 0 285
 0 286
 0 287
 0 288
 1 289
 0 290
 1 291
 0 292
 0 293
 0 294
 0 295
 0 296
 0 297
 1 298
 1 299
 1 300
 0 301
 0 302
 0 303
 1 304
 1 305
 3 306
 0 307
 1 308
 2 309
 0 310
 6 311
 2 312
 3 313
 1 314
 4 315
 0 316
 3 317
 2 318
 3 319
 0 320
 1 321
 2 322
 2 323
 1 324
 1 325
 2 326
 1 327
 3 328
 2 329
 1 330
 2 331
 0 332
 2 333
 2 334
 2 335
 2 336
 3 337
 3 338
 2 339
 4 340
 1 341
 3 342
 1 343
 0 344
 1 345
 0 346
 1 347
 1 348
 0 349
 1 350
 1 351
 1 352
 1 353
 2 354
 1 355
 2 356
 1 357
 1 358
 0 359
 0 360
 0 361
 2 362
 1 363
 3 364
 1 365
 1 366
 1 367
 2 368
 0 369
 1 370
 0 371
 0 372
 2 373
 0 374
 1 375
 1 376
 1 377
 0 378
 2 379
 0 380
 0 381
 1 382
 0 383
 0 384
 1 385
 0 386
 0 387
 0 388
 0 389
 0 390
 0 391
 0 392
 1 393
 0 394
 1 395
 0 396
 1 397
 0 398
 0 399
 0 400
 1 401
 0 402
 0 403
 0 404
 1 405
 1 406
 0 407
 0 408
 1 409
 0 410
 0 411
 0 412
 0 413
 0 414
 0 415
 0 416
 0 417
 0 418
 0 419
 1 420
 0 421
 0 422
 0 423
 0 424
 0 425
 0 426
 0 427
 0 428
 0 429
 0 430
 0 431
 0 432
 0 433
 0 434
 0 435
 0 436
 0 437
 0 438
 0 439
 0 440
 0 441
 0 442
 0 443
 0 444
 0 445
 0 446
 0 447
 0 448
 0 449
 0 450
 0 451
 0 452
 0 453
 0 454
 0 455
 0 456
 0 457
 0 458
 0 459
 0 460
 0 461
 0 462
 0 463
 0 464
 0 465
 0 466
 0 467
 0 468
 0 469
 0 470
 0 471
 0 472
 0 473
 0 474
 0 475
 0 476
 0 477
 0 478
 0 479
 0 480
 0 481
 0 482
 0 483
 0 484
 0 485
 0 486
 0 487
 0 488
 0 489
 0 490
 0 491
 0 492
 0 493
 0 494
 0 495
 0 496
 0 497
 0 498
 0 499
 0 500
 0 501
 0 502
 0 503
 0 504
 0 505
 0 506
 0 507
 0 508
 0 509
 0 510
 0 511
 0 512
 0 513
 0 514
 0 515
 0 516
 0 517
 0 518
 0 519
 0 520
 0 521
 0 522
 0 523
 0 524
 0 525
 0 526
 0 527
 0 528
 0 529
 0 530
 0 531
 0 532
 0 533
 0 534
 0 535
 0 536
 0 537
 0 538
 0 539
 0 540
 0 541
 0 542
 0 543
 0 544
 0 545
 0 546
 0 547
 0 548
 0 549
 0 550
 0 551
 0 552
 0 553
 0 554
 0 555
 0 556
 0 557
 0 558
 0 559
 0 560
 0 561
 0 562
 0 563
 0 564
 0 565
 0 566
 0 567
 0 568
 0 569
 0 570
 0 571
 0 572
 0 573
 0 574
 0 575
 0 576
 0 577
 0 578
 0 579
 0 580
 0 581
 0 582
 0 583
 0 584
 0 585
 0 586
 0 587
 0 588
 0 589
 0 590
 0 591
 0 592
 0 593
 0 594
 0 595
 0 596
 0 597
 0 598
 0 599
 0 600


