# Created by Octave 3.8.2, Mon Jun 22 19:48:34 2020 CEST <damian@fptrucha.inv.usc.es>
# name: hd
# type: matrix
# rows: 551
# columns: 2
 0 50
 0 51
 0 52
 0 53
 0 54
 0 55
 0 56
 0 57
 0 58
 0 59
 0 60
 0 61
 0 62
 0 63
 0 64
 0 65
 0 66
 0 67
 0 68
 0 69
 0 70
 0 71
 0 72
 0 73
 0 74
 0 75
 0 76
 0 77
 0 78
 0 79
 0 80
 0 81
 0 82
 0 83
 0 84
 0 85
 0 86
 0 87
 4 88
 8 89
 50 90
 123 91
 161 92
 322 93
 381 94
 582 95
 855 96
 1227 97
 1435 98
 1561 99
 1735 100
 1868 101
 1877 102
 1783 103
 1789 104
 1768 105
 1504 106
 1498 107
 1416 108
 1289 109
 1185 110
 1095 111
 987 112
 878 113
 865 114
 758 115
 653 116
 561 117
 525 118
 498 119
 432 120
 407 121
 373 122
 311 123
 292 124
 246 125
 244 126
 219 127
 196 128
 193 129
 163 130
 156 131
 147 132
 136 133
 108 134
 120 135
 112 136
 98 137
 103 138
 86 139
 82 140
 85 141
 95 142
 62 143
 62 144
 58 145
 62 146
 57 147
 62 148
 45 149
 55 150
 35 151
 33 152
 45 153
 43 154
 49 155
 28 156
 33 157
 29 158
 32 159
 25 160
 27 161
 18 162
 22 163
 17 164
 10 165
 21 166
 20 167
 9 168
 6 169
 13 170
 14 171
 9 172
 12 173
 6 174
 11 175
 10 176
 13 177
 3 178
 13 179
 5 180
 4 181
 5 182
 5 183
 3 184
 4 185
 6 186
 3 187
 4 188
 3 189
 3 190
 2 191
 1 192
 2 193
 1 194
 3 195
 1 196
 0 197
 1 198
 5 199
 4 200
 2 201
 0 202
 0 203
 0 204
 1 205
 0 206
 0 207
 0 208
 1 209
 0 210
 2 211
 0 212
 0 213
 0 214
 0 215
 0 216
 1 217
 1 218
 0 219
 0 220
 0 221
 1 222
 0 223
 0 224
 0 225
 0 226
 0 227
 0 228
 0 229
 0 230
 0 231
 0 232
 0 233
 0 234
 0 235
 0 236
 0 237
 0 238
 0 239
 0 240
 0 241
 0 242
 0 243
 0 244
 0 245
 0 246
 0 247
 0 248
 0 249
 0 250
 0 251
 0 252
 0 253
 0 254
 0 255
 0 256
 0 257
 0 258
 0 259
 0 260
 0 261
 0 262
 0 263
 0 264
 0 265
 0 266
 0 267
 0 268
 0 269
 0 270
 0 271
 0 272
 0 273
 0 274
 0 275
 0 276
 0 277
 0 278
 0 279
 0 280
 0 281
 0 282
 0 283
 1 284
 0 285
 0 286
 0 287
 1 288
 0 289
 1 290
 3 291
 0 292
 1 293
 1 294
 2 295
 0 296
 0 297
 4 298
 1 299
 1 300
 0 301
 1 302
 1 303
 1 304
 3 305
 0 306
 1 307
 1 308
 0 309
 1 310
 3 311
 3 312
 3 313
 1 314
 3 315
 2 316
 4 317
 2 318
 1 319
 1 320
 1 321
 1 322
 3 323
 3 324
 2 325
 1 326
 5 327
 0 328
 5 329
 2 330
 1 331
 1 332
 3 333
 2 334
 2 335
 2 336
 2 337
 3 338
 3 339
 4 340
 2 341
 1 342
 5 343
 0 344
 2 345
 2 346
 2 347
 2 348
 1 349
 2 350
 0 351
 1 352
 1 353
 3 354
 2 355
 1 356
 2 357
 1 358
 0 359
 2 360
 1 361
 0 362
 1 363
 2 364
 1 365
 2 366
 1 367
 0 368
 3 369
 2 370
 1 371
 0 372
 0 373
 2 374
 1 375
 2 376
 0 377
 1 378
 0 379
 1 380
 1 381
 0 382
 0 383
 0 384
 0 385
 0 386
 0 387
 0 388
 0 389
 1 390
 0 391
 0 392
 0 393
 1 394
 0 395
 0 396
 0 397
 1 398
 0 399
 0 400
 0 401
 0 402
 0 403
 0 404
 0 405
 0 406
 0 407
 0 408
 0 409
 0 410
 1 411
 0 412
 0 413
 0 414
 0 415
 0 416
 0 417
 0 418
 0 419
 0 420
 0 421
 0 422
 0 423
 0 424
 0 425
 0 426
 0 427
 0 428
 0 429
 0 430
 0 431
 0 432
 0 433
 0 434
 0 435
 0 436
 0 437
 0 438
 0 439
 0 440
 0 441
 0 442
 0 443
 0 444
 0 445
 0 446
 0 447
 0 448
 0 449
 0 450
 0 451
 0 452
 0 453
 0 454
 0 455
 0 456
 0 457
 0 458
 0 459
 0 460
 0 461
 0 462
 0 463
 0 464
 0 465
 0 466
 0 467
 0 468
 0 469
 0 470
 0 471
 0 472
 0 473
 0 474
 0 475
 0 476
 0 477
 0 478
 0 479
 0 480
 0 481
 0 482
 0 483
 0 484
 0 485
 0 486
 0 487
 0 488
 0 489
 0 490
 0 491
 0 492
 0 493
 0 494
 0 495
 0 496
 0 497
 0 498
 0 499
 0 500
 0 501
 0 502
 0 503
 0 504
 0 505
 0 506
 0 507
 0 508
 0 509
 0 510
 0 511
 0 512
 0 513
 0 514
 0 515
 0 516
 0 517
 0 518
 0 519
 0 520
 0 521
 0 522
 0 523
 0 524
 0 525
 0 526
 0 527
 0 528
 0 529
 0 530
 0 531
 0 532
 0 533
 0 534
 0 535
 0 536
 0 537
 0 538
 0 539
 0 540
 0 541
 0 542
 0 543
 0 544
 0 545
 0 546
 0 547
 0 548
 0 549
 0 550
 0 551
 0 552
 0 553
 0 554
 0 555
 0 556
 0 557
 0 558
 0 559
 0 560
 0 561
 0 562
 0 563
 0 564
 0 565
 0 566
 0 567
 0 568
 0 569
 0 570
 0 571
 0 572
 0 573
 0 574
 0 575
 0 576
 0 577
 0 578
 0 579
 0 580
 0 581
 0 582
 0 583
 0 584
 0 585
 0 586
 0 587
 0 588
 0 589
 0 590
 0 591
 0 592
 0 593
 0 594
 0 595
 0 596
 0 597
 0 598
 0 599
 0 600


