# Created by Octave 3.8.2, Sat Jun 20 11:22:12 2020 CEST <damian@fptrucha.inv.usc.es>
# name: hd
# type: matrix
# rows: 551
# columns: 2
 0 50
 0 51
 0 52
 0 53
 0 54
 0 55
 0 56
 0 57
 0 58
 0 59
 0 60
 0 61
 0 62
 0 63
 0 64
 0 65
 0 66
 0 67
 0 68
 0 69
 0 70
 0 71
 0 72
 0 73
 0 74
 0 75
 0 76
 0 77
 0 78
 0 79
 0 80
 0 81
 0 82
 0 83
 0 84
 0 85
 1 86
 0 87
 12 88
 14 89
 78 90
 125 91
 230 92
 330 93
 449 94
 665 95
 965 96
 1315 97
 1474 98
 1662 99
 1867 100
 1854 101
 1889 102
 1882 103
 1755 104
 1718 105
 1625 106
 1580 107
 1407 108
 1343 109
 1324 110
 1201 111
 1105 112
 968 113
 935 114
 839 115
 759 116
 669 117
 604 118
 508 119
 492 120
 443 121
 407 122
 342 123
 307 124
 282 125
 257 126
 213 127
 235 128
 220 129
 206 130
 161 131
 158 132
 145 133
 125 134
 122 135
 106 136
 93 137
 105 138
 99 139
 87 140
 85 141
 75 142
 64 143
 72 144
 57 145
 57 146
 61 147
 60 148
 60 149
 47 150
 46 151
 54 152
 38 153
 25 154
 36 155
 32 156
 17 157
 21 158
 27 159
 17 160
 19 161
 18 162
 19 163
 19 164
 14 165
 13 166
 23 167
 15 168
 15 169
 15 170
 18 171
 10 172
 7 173
 9 174
 7 175
 7 176
 11 177
 7 178
 7 179
 10 180
 7 181
 5 182
 4 183
 5 184
 6 185
 2 186
 10 187
 7 188
 5 189
 3 190
 3 191
 1 192
 1 193
 2 194
 0 195
 1 196
 1 197
 3 198
 0 199
 0 200
 2 201
 1 202
 0 203
 1 204
 0 205
 0 206
 1 207
 0 208
 1 209
 0 210
 2 211
 0 212
 0 213
 2 214
 1 215
 1 216
 0 217
 0 218
 2 219
 1 220
 0 221
 0 222
 0 223
 0 224
 1 225
 0 226
 0 227
 0 228
 2 229
 0 230
 1 231
 0 232
 1 233
 0 234
 0 235
 0 236
 0 237
 0 238
 0 239
 0 240
 0 241
 0 242
 0 243
 0 244
 0 245
 0 246
 0 247
 0 248
 0 249
 0 250
 0 251
 0 252
 0 253
 0 254
 0 255
 0 256
 0 257
 0 258
 0 259
 0 260
 0 261
 0 262
 0 263
 0 264
 0 265
 0 266
 0 267
 0 268
 0 269
 0 270
 0 271
 0 272
 0 273
 0 274
 0 275
 0 276
 0 277
 0 278
 0 279
 0 280
 0 281
 1 282
 0 283
 0 284
 1 285
 0 286
 0 287
 1 288
 0 289
 1 290
 0 291
 2 292
 0 293
 0 294
 0 295
 0 296
 0 297
 1 298
 0 299
 0 300
 1 301
 0 302
 3 303
 0 304
 1 305
 2 306
 1 307
 0 308
 3 309
 2 310
 0 311
 0 312
 2 313
 3 314
 0 315
 4 316
 2 317
 1 318
 2 319
 1 320
 1 321
 2 322
 2 323
 2 324
 1 325
 0 326
 1 327
 2 328
 3 329
 3 330
 2 331
 1 332
 3 333
 0 334
 2 335
 6 336
 2 337
 2 338
 3 339
 2 340
 1 341
 1 342
 2 343
 0 344
 2 345
 1 346
 0 347
 6 348
 0 349
 2 350
 1 351
 0 352
 3 353
 3 354
 3 355
 0 356
 2 357
 0 358
 1 359
 1 360
 1 361
 1 362
 4 363
 3 364
 1 365
 0 366
 2 367
 0 368
 1 369
 0 370
 1 371
 3 372
 1 373
 2 374
 1 375
 0 376
 1 377
 0 378
 0 379
 1 380
 1 381
 0 382
 0 383
 2 384
 0 385
 0 386
 0 387
 0 388
 0 389
 0 390
 1 391
 0 392
 0 393
 0 394
 0 395
 1 396
 0 397
 0 398
 1 399
 0 400
 0 401
 0 402
 0 403
 0 404
 0 405
 0 406
 0 407
 0 408
 0 409
 0 410
 0 411
 0 412
 0 413
 0 414
 0 415
 0 416
 0 417
 0 418
 0 419
 0 420
 0 421
 0 422
 0 423
 0 424
 0 425
 0 426
 0 427
 0 428
 0 429
 0 430
 0 431
 0 432
 0 433
 0 434
 0 435
 0 436
 0 437
 0 438
 0 439
 0 440
 0 441
 0 442
 0 443
 0 444
 0 445
 0 446
 0 447
 0 448
 0 449
 0 450
 0 451
 0 452
 0 453
 0 454
 0 455
 0 456
 0 457
 0 458
 0 459
 0 460
 0 461
 0 462
 0 463
 0 464
 0 465
 0 466
 0 467
 0 468
 0 469
 0 470
 0 471
 0 472
 0 473
 0 474
 0 475
 0 476
 0 477
 0 478
 0 479
 0 480
 0 481
 0 482
 0 483
 0 484
 0 485
 0 486
 0 487
 0 488
 0 489
 0 490
 0 491
 0 492
 0 493
 0 494
 0 495
 0 496
 0 497
 0 498
 0 499
 0 500
 0 501
 0 502
 0 503
 0 504
 0 505
 0 506
 0 507
 0 508
 0 509
 0 510
 0 511
 0 512
 0 513
 0 514
 0 515
 0 516
 0 517
 0 518
 0 519
 0 520
 0 521
 0 522
 0 523
 0 524
 0 525
 0 526
 0 527
 0 528
 0 529
 0 530
 0 531
 0 532
 0 533
 0 534
 0 535
 0 536
 0 537
 0 538
 0 539
 0 540
 0 541
 0 542
 0 543
 0 544
 0 545
 0 546
 0 547
 0 548
 0 549
 0 550
 0 551
 0 552
 0 553
 0 554
 0 555
 0 556
 0 557
 0 558
 0 559
 0 560
 0 561
 0 562
 0 563
 0 564
 0 565
 0 566
 0 567
 0 568
 0 569
 0 570
 0 571
 0 572
 0 573
 0 574
 0 575
 0 576
 0 577
 0 578
 0 579
 0 580
 0 581
 0 582
 0 583
 0 584
 0 585
 0 586
 0 587
 0 588
 0 589
 0 590
 0 591
 0 592
 0 593
 0 594
 0 595
 0 596
 0 597
 0 598
 0 599
 0 600


