# Created by Octave 3.8.2, Mon Jun 22 14:36:26 2020 CEST <damian@fptrucha.inv.usc.es>
# name: hd
# type: matrix
# rows: 551
# columns: 2
 0 50
 0 51
 0 52
 0 53
 0 54
 0 55
 0 56
 0 57
 0 58
 0 59
 0 60
 0 61
 0 62
 0 63
 0 64
 0 65
 0 66
 0 67
 0 68
 0 69
 0 70
 0 71
 0 72
 0 73
 0 74
 0 75
 0 76
 0 77
 0 78
 0 79
 0 80
 0 81
 0 82
 0 83
 0 84
 0 85
 0 86
 0 87
 5 88
 16 89
 43 90
 122 91
 201 92
 335 93
 433 94
 560 95
 902 96
 1316 97
 1502 98
 1585 99
 1715 100
 1895 101
 1806 102
 1811 103
 1777 104
 1648 105
 1518 106
 1388 107
 1369 108
 1237 109
 1136 110
 1013 111
 924 112
 866 113
 749 114
 674 115
 628 116
 517 117
 483 118
 425 119
 406 120
 360 121
 310 122
 296 123
 257 124
 222 125
 232 126
 190 127
 167 128
 172 129
 154 130
 141 131
 130 132
 136 133
 102 134
 107 135
 98 136
 88 137
 90 138
 73 139
 82 140
 69 141
 80 142
 50 143
 71 144
 59 145
 46 146
 46 147
 48 148
 39 149
 45 150
 50 151
 38 152
 30 153
 38 154
 30 155
 28 156
 33 157
 22 158
 30 159
 29 160
 22 161
 23 162
 24 163
 24 164
 16 165
 16 166
 21 167
 15 168
 7 169
 8 170
 9 171
 13 172
 10 173
 12 174
 5 175
 9 176
 9 177
 3 178
 6 179
 5 180
 2 181
 5 182
 7 183
 2 184
 3 185
 5 186
 2 187
 4 188
 3 189
 3 190
 4 191
 4 192
 3 193
 5 194
 4 195
 1 196
 0 197
 0 198
 2 199
 3 200
 1 201
 1 202
 0 203
 3 204
 0 205
 0 206
 0 207
 0 208
 0 209
 2 210
 2 211
 0 212
 1 213
 1 214
 1 215
 0 216
 0 217
 0 218
 0 219
 1 220
 0 221
 1 222
 0 223
 1 224
 0 225
 0 226
 1 227
 0 228
 0 229
 0 230
 0 231
 0 232
 0 233
 0 234
 0 235
 0 236
 0 237
 0 238
 0 239
 0 240
 0 241
 0 242
 0 243
 0 244
 0 245
 0 246
 0 247
 0 248
 0 249
 0 250
 0 251
 0 252
 0 253
 0 254
 0 255
 0 256
 0 257
 0 258
 0 259
 0 260
 0 261
 0 262
 0 263
 0 264
 0 265
 0 266
 0 267
 0 268
 0 269
 0 270
 0 271
 0 272
 0 273
 0 274
 0 275
 0 276
 0 277
 0 278
 0 279
 0 280
 0 281
 0 282
 0 283
 1 284
 0 285
 0 286
 1 287
 0 288
 0 289
 0 290
 1 291
 0 292
 3 293
 4 294
 0 295
 1 296
 1 297
 2 298
 3 299
 2 300
 0 301
 1 302
 1 303
 0 304
 1 305
 1 306
 2 307
 1 308
 0 309
 0 310
 3 311
 2 312
 1 313
 2 314
 4 315
 0 316
 1 317
 2 318
 4 319
 4 320
 2 321
 1 322
 2 323
 1 324
 0 325
 2 326
 4 327
 1 328
 1 329
 1 330
 1 331
 3 332
 8 333
 3 334
 2 335
 1 336
 1 337
 2 338
 3 339
 2 340
 1 341
 3 342
 3 343
 0 344
 1 345
 3 346
 3 347
 3 348
 3 349
 0 350
 2 351
 1 352
 1 353
 3 354
 1 355
 1 356
 2 357
 1 358
 3 359
 2 360
 1 361
 2 362
 2 363
 0 364
 1 365
 2 366
 2 367
 6 368
 1 369
 3 370
 3 371
 0 372
 1 373
 0 374
 0 375
 0 376
 0 377
 0 378
 0 379
 0 380
 2 381
 1 382
 1 383
 0 384
 0 385
 1 386
 0 387
 0 388
 1 389
 1 390
 0 391
 1 392
 0 393
 0 394
 0 395
 0 396
 0 397
 0 398
 0 399
 0 400
 0 401
 0 402
 0 403
 1 404
 0 405
 0 406
 1 407
 0 408
 0 409
 0 410
 0 411
 0 412
 0 413
 2 414
 0 415
 0 416
 0 417
 0 418
 0 419
 0 420
 0 421
 0 422
 0 423
 0 424
 0 425
 0 426
 0 427
 0 428
 0 429
 0 430
 0 431
 0 432
 0 433
 0 434
 0 435
 0 436
 0 437
 0 438
 0 439
 0 440
 0 441
 0 442
 0 443
 0 444
 0 445
 0 446
 0 447
 0 448
 0 449
 0 450
 0 451
 0 452
 0 453
 0 454
 0 455
 0 456
 0 457
 0 458
 0 459
 0 460
 0 461
 0 462
 0 463
 0 464
 0 465
 0 466
 0 467
 0 468
 0 469
 0 470
 0 471
 0 472
 0 473
 0 474
 0 475
 0 476
 0 477
 0 478
 0 479
 0 480
 0 481
 0 482
 0 483
 0 484
 0 485
 0 486
 0 487
 0 488
 0 489
 0 490
 0 491
 0 492
 0 493
 0 494
 0 495
 0 496
 0 497
 0 498
 0 499
 0 500
 0 501
 0 502
 0 503
 0 504
 0 505
 0 506
 0 507
 0 508
 0 509
 0 510
 0 511
 0 512
 0 513
 0 514
 0 515
 0 516
 0 517
 0 518
 0 519
 0 520
 0 521
 0 522
 0 523
 0 524
 0 525
 0 526
 0 527
 0 528
 0 529
 0 530
 0 531
 0 532
 0 533
 0 534
 0 535
 0 536
 0 537
 0 538
 0 539
 0 540
 0 541
 0 542
 0 543
 0 544
 0 545
 0 546
 0 547
 0 548
 0 549
 0 550
 0 551
 0 552
 0 553
 0 554
 0 555
 0 556
 0 557
 0 558
 0 559
 0 560
 0 561
 0 562
 0 563
 0 564
 0 565
 0 566
 0 567
 0 568
 0 569
 0 570
 0 571
 0 572
 0 573
 0 574
 0 575
 0 576
 0 577
 0 578
 0 579
 0 580
 0 581
 0 582
 0 583
 0 584
 0 585
 0 586
 0 587
 0 588
 0 589
 0 590
 0 591
 0 592
 0 593
 0 594
 0 595
 0 596
 0 597
 0 598
 0 599
 0 600


