# Created by Octave 3.8.2, Sat Jun 20 23:28:22 2020 CEST <damian@fptrucha.inv.usc.es>
# name: hd
# type: matrix
# rows: 551
# columns: 2
 0 50
 0 51
 0 52
 0 53
 0 54
 0 55
 0 56
 0 57
 0 58
 0 59
 0 60
 0 61
 0 62
 0 63
 0 64
 0 65
 0 66
 0 67
 0 68
 0 69
 0 70
 0 71
 0 72
 0 73
 0 74
 0 75
 0 76
 0 77
 0 78
 0 79
 0 80
 0 81
 0 82
 0 83
 0 84
 0 85
 0 86
 1 87
 7 88
 15 89
 72 90
 124 91
 224 92
 281 93
 362 94
 582 95
 834 96
 1074 97
 1236 98
 1420 99
 1507 100
 1644 101
 1559 102
 1560 103
 1553 104
 1538 105
 1444 106
 1394 107
 1314 108
 1237 109
 1122 110
 1041 111
 977 112
 924 113
 862 114
 781 115
 658 116
 603 117
 524 118
 495 119
 457 120
 464 121
 384 122
 338 123
 293 124
 271 125
 239 126
 243 127
 212 128
 191 129
 190 130
 182 131
 164 132
 126 133
 128 134
 112 135
 101 136
 76 137
 76 138
 76 139
 72 140
 78 141
 67 142
 57 143
 56 144
 50 145
 53 146
 43 147
 39 148
 47 149
 46 150
 36 151
 34 152
 39 153
 25 154
 24 155
 22 156
 32 157
 25 158
 28 159
 22 160
 22 161
 17 162
 17 163
 9 164
 21 165
 18 166
 14 167
 12 168
 13 169
 10 170
 8 171
 7 172
 9 173
 8 174
 6 175
 9 176
 2 177
 5 178
 2 179
 4 180
 3 181
 3 182
 4 183
 6 184
 3 185
 3 186
 3 187
 1 188
 2 189
 4 190
 1 191
 1 192
 1 193
 2 194
 0 195
 2 196
 1 197
 3 198
 0 199
 1 200
 1 201
 0 202
 1 203
 1 204
 2 205
 0 206
 0 207
 0 208
 0 209
 0 210
 0 211
 1 212
 0 213
 0 214
 0 215
 0 216
 1 217
 0 218
 0 219
 0 220
 0 221
 0 222
 0 223
 0 224
 0 225
 0 226
 0 227
 0 228
 0 229
 0 230
 0 231
 0 232
 0 233
 0 234
 0 235
 0 236
 0 237
 0 238
 0 239
 0 240
 0 241
 0 242
 0 243
 0 244
 0 245
 0 246
 0 247
 0 248
 0 249
 0 250
 0 251
 0 252
 0 253
 0 254
 0 255
 0 256
 0 257
 0 258
 0 259
 0 260
 0 261
 0 262
 0 263
 0 264
 0 265
 0 266
 0 267
 0 268
 0 269
 0 270
 0 271
 0 272
 0 273
 0 274
 0 275
 0 276
 0 277
 0 278
 0 279
 1 280
 0 281
 0 282
 0 283
 0 284
 0 285
 0 286
 0 287
 0 288
 1 289
 0 290
 0 291
 0 292
 2 293
 0 294
 1 295
 0 296
 0 297
 2 298
 0 299
 1 300
 0 301
 0 302
 0 303
 1 304
 1 305
 2 306
 1 307
 0 308
 1 309
 0 310
 2 311
 0 312
 1 313
 2 314
 1 315
 2 316
 1 317
 4 318
 0 319
 1 320
 3 321
 2 322
 1 323
 3 324
 2 325
 2 326
 2 327
 0 328
 2 329
 1 330
 1 331
 2 332
 1 333
 1 334
 0 335
 1 336
 0 337
 2 338
 1 339
 0 340
 0 341
 2 342
 2 343
 1 344
 1 345
 1 346
 4 347
 1 348
 2 349
 2 350
 2 351
 0 352
 2 353
 1 354
 1 355
 1 356
 0 357
 0 358
 3 359
 3 360
 2 361
 1 362
 2 363
 0 364
 1 365
 0 366
 0 367
 1 368
 0 369
 0 370
 0 371
 2 372
 1 373
 1 374
 0 375
 1 376
 1 377
 0 378
 1 379
 0 380
 0 381
 0 382
 0 383
 0 384
 1 385
 0 386
 0 387
 1 388
 0 389
 0 390
 0 391
 0 392
 1 393
 0 394
 0 395
 2 396
 0 397
 0 398
 1 399
 1 400
 0 401
 0 402
 0 403
 0 404
 1 405
 1 406
 0 407
 1 408
 0 409
 0 410
 0 411
 0 412
 0 413
 0 414
 0 415
 0 416
 0 417
 0 418
 0 419
 0 420
 0 421
 0 422
 0 423
 0 424
 0 425
 0 426
 0 427
 0 428
 0 429
 0 430
 0 431
 0 432
 0 433
 0 434
 0 435
 0 436
 0 437
 0 438
 0 439
 0 440
 0 441
 0 442
 0 443
 0 444
 0 445
 0 446
 0 447
 0 448
 0 449
 0 450
 0 451
 0 452
 0 453
 0 454
 0 455
 0 456
 0 457
 0 458
 0 459
 0 460
 0 461
 0 462
 0 463
 0 464
 0 465
 0 466
 0 467
 0 468
 0 469
 0 470
 0 471
 0 472
 0 473
 0 474
 0 475
 0 476
 0 477
 0 478
 0 479
 0 480
 0 481
 0 482
 0 483
 0 484
 0 485
 0 486
 0 487
 0 488
 0 489
 0 490
 0 491
 0 492
 0 493
 0 494
 0 495
 0 496
 0 497
 0 498
 0 499
 0 500
 0 501
 0 502
 0 503
 0 504
 0 505
 0 506
 0 507
 0 508
 0 509
 0 510
 0 511
 0 512
 0 513
 0 514
 0 515
 0 516
 0 517
 0 518
 0 519
 0 520
 0 521
 0 522
 0 523
 0 524
 0 525
 0 526
 0 527
 0 528
 0 529
 0 530
 0 531
 0 532
 0 533
 0 534
 0 535
 0 536
 0 537
 0 538
 0 539
 0 540
 0 541
 0 542
 0 543
 0 544
 0 545
 0 546
 0 547
 0 548
 0 549
 0 550
 0 551
 0 552
 0 553
 0 554
 0 555
 0 556
 0 557
 0 558
 0 559
 0 560
 0 561
 0 562
 0 563
 0 564
 0 565
 0 566
 0 567
 0 568
 0 569
 0 570
 0 571
 0 572
 0 573
 0 574
 0 575
 0 576
 0 577
 0 578
 0 579
 0 580
 0 581
 0 582
 0 583
 0 584
 0 585
 0 586
 0 587
 0 588
 0 589
 0 590
 0 591
 0 592
 0 593
 0 594
 0 595
 0 596
 0 597
 0 598
 0 599
 0 600


