# Created by Octave 3.8.2, Sat Jun 20 05:50:49 2020 CEST <damian@fptrucha.inv.usc.es>
# name: hd
# type: matrix
# rows: 551
# columns: 2
 0 50
 0 51
 0 52
 0 53
 0 54
 0 55
 0 56
 0 57
 0 58
 0 59
 0 60
 0 61
 0 62
 0 63
 0 64
 0 65
 0 66
 0 67
 1 68
 0 69
 0 70
 0 71
 0 72
 0 73
 0 74
 0 75
 0 76
 0 77
 0 78
 0 79
 0 80
 0 81
 0 82
 0 83
 0 84
 0 85
 0 86
 1 87
 9 88
 21 89
 73 90
 129 91
 236 92
 341 93
 418 94
 683 95
 899 96
 1296 97
 1534 98
 1657 99
 1764 100
 1870 101
 1892 102
 1851 103
 1820 104
 1784 105
 1626 106
 1480 107
 1443 108
 1357 109
 1288 110
 1193 111
 1101 112
 978 113
 883 114
 828 115
 714 116
 676 117
 566 118
 545 119
 491 120
 453 121
 419 122
 393 123
 317 124
 298 125
 267 126
 257 127
 248 128
 215 129
 212 130
 202 131
 155 132
 168 133
 146 134
 147 135
 119 136
 140 137
 105 138
 100 139
 97 140
 89 141
 81 142
 75 143
 90 144
 84 145
 72 146
 70 147
 53 148
 42 149
 52 150
 46 151
 49 152
 38 153
 40 154
 33 155
 38 156
 35 157
 30 158
 34 159
 33 160
 29 161
 20 162
 26 163
 17 164
 22 165
 19 166
 16 167
 12 168
 15 169
 15 170
 19 171
 12 172
 12 173
 9 174
 10 175
 6 176
 8 177
 12 178
 3 179
 5 180
 8 181
 4 182
 8 183
 3 184
 2 185
 5 186
 6 187
 6 188
 5 189
 0 190
 3 191
 1 192
 2 193
 0 194
 0 195
 1 196
 5 197
 3 198
 0 199
 1 200
 2 201
 3 202
 1 203
 1 204
 2 205
 1 206
 0 207
 1 208
 1 209
 0 210
 0 211
 2 212
 0 213
 0 214
 0 215
 0 216
 0 217
 0 218
 0 219
 1 220
 0 221
 0 222
 0 223
 1 224
 1 225
 0 226
 0 227
 0 228
 0 229
 0 230
 0 231
 0 232
 0 233
 0 234
 0 235
 0 236
 0 237
 0 238
 0 239
 0 240
 0 241
 0 242
 0 243
 1 244
 0 245
 0 246
 0 247
 0 248
 0 249
 0 250
 0 251
 0 252
 0 253
 0 254
 0 255
 0 256
 0 257
 0 258
 0 259
 0 260
 0 261
 0 262
 0 263
 0 264
 0 265
 0 266
 0 267
 0 268
 0 269
 0 270
 0 271
 0 272
 0 273
 0 274
 0 275
 1 276
 0 277
 1 278
 1 279
 0 280
 0 281
 0 282
 0 283
 0 284
 0 285
 0 286
 2 287
 1 288
 0 289
 0 290
 1 291
 0 292
 1 293
 0 294
 0 295
 0 296
 0 297
 0 298
 1 299
 3 300
 0 301
 1 302
 1 303
 0 304
 1 305
 0 306
 2 307
 1 308
 0 309
 3 310
 2 311
 4 312
 6 313
 0 314
 0 315
 2 316
 1 317
 0 318
 4 319
 2 320
 4 321
 4 322
 3 323
 0 324
 2 325
 3 326
 0 327
 0 328
 4 329
 1 330
 4 331
 1 332
 4 333
 3 334
 1 335
 4 336
 2 337
 6 338
 5 339
 2 340
 0 341
 5 342
 2 343
 1 344
 0 345
 5 346
 2 347
 4 348
 1 349
 4 350
 2 351
 4 352
 2 353
 2 354
 2 355
 3 356
 3 357
 4 358
 0 359
 0 360
 0 361
 2 362
 1 363
 0 364
 1 365
 2 366
 2 367
 0 368
 0 369
 0 370
 2 371
 1 372
 1 373
 0 374
 1 375
 0 376
 0 377
 0 378
 2 379
 0 380
 1 381
 0 382
 0 383
 0 384
 0 385
 1 386
 0 387
 0 388
 0 389
 0 390
 2 391
 2 392
 0 393
 0 394
 0 395
 0 396
 1 397
 0 398
 0 399
 0 400
 0 401
 0 402
 0 403
 0 404
 0 405
 0 406
 1 407
 0 408
 0 409
 1 410
 0 411
 0 412
 0 413
 0 414
 0 415
 0 416
 0 417
 1 418
 1 419
 0 420
 0 421
 0 422
 0 423
 0 424
 0 425
 0 426
 0 427
 0 428
 0 429
 0 430
 0 431
 0 432
 0 433
 0 434
 0 435
 0 436
 1 437
 0 438
 0 439
 0 440
 0 441
 0 442
 0 443
 0 444
 0 445
 0 446
 0 447
 0 448
 0 449
 0 450
 0 451
 0 452
 0 453
 0 454
 0 455
 0 456
 0 457
 0 458
 0 459
 0 460
 0 461
 0 462
 0 463
 0 464
 0 465
 0 466
 0 467
 0 468
 0 469
 0 470
 0 471
 0 472
 0 473
 0 474
 0 475
 0 476
 0 477
 0 478
 0 479
 0 480
 0 481
 0 482
 0 483
 0 484
 0 485
 0 486
 0 487
 0 488
 0 489
 0 490
 0 491
 0 492
 0 493
 0 494
 0 495
 0 496
 0 497
 0 498
 0 499
 0 500
 0 501
 0 502
 0 503
 0 504
 0 505
 0 506
 0 507
 0 508
 0 509
 0 510
 0 511
 0 512
 0 513
 0 514
 0 515
 0 516
 0 517
 0 518
 0 519
 0 520
 0 521
 0 522
 0 523
 0 524
 0 525
 0 526
 0 527
 0 528
 0 529
 0 530
 0 531
 0 532
 0 533
 0 534
 0 535
 0 536
 0 537
 0 538
 0 539
 0 540
 0 541
 0 542
 0 543
 0 544
 0 545
 0 546
 0 547
 0 548
 0 549
 0 550
 0 551
 0 552
 0 553
 0 554
 0 555
 0 556
 0 557
 0 558
 0 559
 0 560
 0 561
 0 562
 0 563
 0 564
 0 565
 0 566
 0 567
 0 568
 0 569
 0 570
 0 571
 0 572
 0 573
 0 574
 0 575
 0 576
 0 577
 0 578
 0 579
 0 580
 0 581
 0 582
 0 583
 0 584
 0 585
 0 586
 0 587
 0 588
 0 589
 0 590
 0 591
 0 592
 0 593
 0 594
 0 595
 0 596
 0 597
 0 598
 0 599
 0 600


