# Created by Octave 3.8.2, Mon Jun 22 07:05:40 2020 CEST <damian@fptrucha.inv.usc.es>
# name: hd
# type: matrix
# rows: 551
# columns: 2
 0 50
 0 51
 0 52
 0 53
 0 54
 0 55
 0 56
 0 57
 0 58
 0 59
 0 60
 0 61
 0 62
 0 63
 0 64
 0 65
 0 66
 0 67
 0 68
 0 69
 0 70
 0 71
 0 72
 0 73
 0 74
 0 75
 0 76
 0 77
 0 78
 0 79
 0 80
 0 81
 0 82
 0 83
 0 84
 0 85
 0 86
 0 87
 1 88
 7 89
 34 90
 102 91
 154 92
 260 93
 318 94
 511 95
 678 96
 1075 97
 1319 98
 1429 99
 1622 100
 1735 101
 1718 102
 1758 103
 1662 104
 1553 105
 1490 106
 1363 107
 1282 108
 1167 109
 1104 110
 947 111
 863 112
 800 113
 705 114
 653 115
 550 116
 489 117
 458 118
 436 119
 360 120
 351 121
 302 122
 305 123
 251 124
 228 125
 228 126
 181 127
 168 128
 179 129
 149 130
 122 131
 130 132
 119 133
 114 134
 109 135
 90 136
 85 137
 93 138
 82 139
 78 140
 69 141
 62 142
 77 143
 60 144
 54 145
 51 146
 50 147
 36 148
 49 149
 42 150
 41 151
 46 152
 32 153
 43 154
 27 155
 25 156
 29 157
 30 158
 29 159
 28 160
 21 161
 29 162
 16 163
 23 164
 14 165
 19 166
 18 167
 18 168
 17 169
 11 170
 11 171
 7 172
 12 173
 13 174
 7 175
 11 176
 11 177
 9 178
 2 179
 1 180
 7 181
 4 182
 8 183
 8 184
 7 185
 2 186
 6 187
 3 188
 6 189
 2 190
 2 191
 2 192
 2 193
 2 194
 6 195
 2 196
 5 197
 2 198
 1 199
 3 200
 3 201
 0 202
 1 203
 2 204
 1 205
 0 206
 0 207
 0 208
 1 209
 0 210
 0 211
 0 212
 0 213
 0 214
 1 215
 0 216
 0 217
 0 218
 1 219
 0 220
 0 221
 0 222
 0 223
 0 224
 0 225
 0 226
 1 227
 2 228
 0 229
 0 230
 0 231
 0 232
 0 233
 0 234
 1 235
 0 236
 0 237
 0 238
 0 239
 0 240
 0 241
 0 242
 0 243
 0 244
 0 245
 0 246
 1 247
 0 248
 0 249
 0 250
 0 251
 0 252
 0 253
 0 254
 0 255
 0 256
 0 257
 0 258
 0 259
 0 260
 0 261
 0 262
 0 263
 0 264
 0 265
 0 266
 0 267
 0 268
 0 269
 0 270
 0 271
 0 272
 0 273
 0 274
 0 275
 0 276
 0 277
 0 278
 0 279
 0 280
 1 281
 0 282
 0 283
 1 284
 0 285
 1 286
 0 287
 0 288
 0 289
 1 290
 0 291
 0 292
 1 293
 0 294
 0 295
 0 296
 0 297
 0 298
 1 299
 1 300
 0 301
 1 302
 4 303
 2 304
 3 305
 2 306
 1 307
 1 308
 1 309
 5 310
 4 311
 2 312
 3 313
 5 314
 2 315
 2 316
 0 317
 1 318
 1 319
 5 320
 4 321
 0 322
 6 323
 6 324
 3 325
 4 326
 2 327
 6 328
 2 329
 2 330
 3 331
 1 332
 8 333
 2 334
 2 335
 2 336
 0 337
 4 338
 1 339
 2 340
 1 341
 4 342
 6 343
 2 344
 2 345
 1 346
 0 347
 6 348
 0 349
 1 350
 1 351
 1 352
 2 353
 3 354
 1 355
 2 356
 2 357
 2 358
 1 359
 0 360
 2 361
 2 362
 1 363
 1 364
 2 365
 0 366
 1 367
 0 368
 3 369
 1 370
 1 371
 2 372
 2 373
 2 374
 0 375
 0 376
 2 377
 1 378
 2 379
 0 380
 0 381
 0 382
 2 383
 1 384
 1 385
 1 386
 0 387
 2 388
 1 389
 0 390
 0 391
 0 392
 0 393
 1 394
 0 395
 0 396
 0 397
 1 398
 0 399
 1 400
 0 401
 0 402
 0 403
 0 404
 0 405
 0 406
 0 407
 0 408
 0 409
 1 410
 0 411
 0 412
 0 413
 0 414
 0 415
 0 416
 0 417
 0 418
 0 419
 0 420
 0 421
 0 422
 0 423
 0 424
 1 425
 0 426
 0 427
 0 428
 0 429
 0 430
 0 431
 0 432
 0 433
 0 434
 0 435
 0 436
 0 437
 1 438
 0 439
 0 440
 0 441
 0 442
 0 443
 0 444
 0 445
 0 446
 0 447
 0 448
 0 449
 0 450
 0 451
 0 452
 0 453
 0 454
 0 455
 0 456
 0 457
 0 458
 0 459
 0 460
 0 461
 0 462
 0 463
 0 464
 0 465
 0 466
 0 467
 0 468
 0 469
 0 470
 0 471
 0 472
 0 473
 0 474
 0 475
 0 476
 0 477
 0 478
 0 479
 0 480
 0 481
 0 482
 0 483
 0 484
 0 485
 0 486
 0 487
 0 488
 0 489
 0 490
 0 491
 0 492
 0 493
 0 494
 0 495
 0 496
 0 497
 0 498
 0 499
 0 500
 0 501
 0 502
 0 503
 0 504
 0 505
 0 506
 0 507
 0 508
 0 509
 0 510
 0 511
 0 512
 0 513
 0 514
 0 515
 0 516
 0 517
 0 518
 0 519
 0 520
 0 521
 0 522
 0 523
 0 524
 0 525
 0 526
 0 527
 0 528
 0 529
 0 530
 0 531
 0 532
 0 533
 0 534
 0 535
 0 536
 0 537
 0 538
 0 539
 0 540
 0 541
 0 542
 0 543
 0 544
 0 545
 0 546
 0 547
 0 548
 0 549
 0 550
 0 551
 0 552
 0 553
 0 554
 0 555
 0 556
 0 557
 0 558
 0 559
 0 560
 0 561
 0 562
 0 563
 0 564
 0 565
 0 566
 0 567
 0 568
 0 569
 0 570
 0 571
 0 572
 0 573
 0 574
 0 575
 0 576
 0 577
 0 578
 0 579
 0 580
 0 581
 0 582
 0 583
 0 584
 0 585
 0 586
 0 587
 0 588
 0 589
 0 590
 0 591
 0 592
 0 593
 0 594
 0 595
 0 596
 0 597
 0 598
 0 599
 0 600


