# Created by Octave 3.8.2, Sat Jun 20 12:55:08 2020 CEST <damian@fptrucha.inv.usc.es>
# name: hd
# type: matrix
# rows: 551
# columns: 2
 0 50
 0 51
 0 52
 0 53
 0 54
 0 55
 0 56
 0 57
 0 58
 0 59
 0 60
 0 61
 0 62
 0 63
 0 64
 0 65
 0 66
 0 67
 0 68
 0 69
 0 70
 0 71
 0 72
 0 73
 0 74
 0 75
 0 76
 0 77
 0 78
 0 79
 0 80
 0 81
 0 82
 0 83
 0 84
 0 85
 0 86
 4 87
 6 88
 21 89
 73 90
 141 91
 231 92
 320 93
 424 94
 636 95
 918 96
 1196 97
 1534 98
 1601 99
 1705 100
 1886 101
 1808 102
 1745 103
 1818 104
 1732 105
 1625 106
 1563 107
 1421 108
 1316 109
 1208 110
 1123 111
 1096 112
 928 113
 871 114
 820 115
 719 116
 652 117
 579 118
 527 119
 493 120
 450 121
 414 122
 362 123
 320 124
 289 125
 266 126
 228 127
 229 128
 202 129
 194 130
 160 131
 161 132
 140 133
 133 134
 134 135
 111 136
 108 137
 96 138
 88 139
 90 140
 70 141
 71 142
 66 143
 75 144
 65 145
 56 146
 57 147
 55 148
 52 149
 45 150
 35 151
 36 152
 34 153
 32 154
 30 155
 27 156
 25 157
 33 158
 22 159
 32 160
 25 161
 20 162
 22 163
 16 164
 17 165
 18 166
 17 167
 16 168
 14 169
 9 170
 15 171
 14 172
 6 173
 8 174
 7 175
 8 176
 9 177
 8 178
 7 179
 7 180
 7 181
 9 182
 8 183
 1 184
 5 185
 5 186
 5 187
 4 188
 4 189
 2 190
 3 191
 5 192
 3 193
 6 194
 1 195
 3 196
 0 197
 3 198
 1 199
 1 200
 1 201
 2 202
 0 203
 1 204
 0 205
 1 206
 1 207
 1 208
 1 209
 0 210
 0 211
 1 212
 0 213
 0 214
 0 215
 0 216
 0 217
 1 218
 0 219
 0 220
 0 221
 1 222
 1 223
 0 224
 0 225
 0 226
 1 227
 0 228
 0 229
 0 230
 0 231
 0 232
 0 233
 0 234
 1 235
 0 236
 0 237
 0 238
 0 239
 0 240
 1 241
 0 242
 0 243
 0 244
 0 245
 0 246
 0 247
 0 248
 0 249
 0 250
 0 251
 0 252
 0 253
 0 254
 0 255
 0 256
 0 257
 0 258
 0 259
 0 260
 0 261
 0 262
 0 263
 0 264
 0 265
 0 266
 0 267
 0 268
 0 269
 0 270
 0 271
 0 272
 0 273
 0 274
 0 275
 0 276
 0 277
 0 278
 0 279
 0 280
 0 281
 0 282
 0 283
 0 284
 0 285
 0 286
 0 287
 1 288
 0 289
 1 290
 1 291
 1 292
 0 293
 0 294
 1 295
 0 296
 0 297
 1 298
 0 299
 1 300
 1 301
 0 302
 1 303
 0 304
 0 305
 1 306
 0 307
 2 308
 1 309
 0 310
 0 311
 4 312
 0 313
 2 314
 1 315
 1 316
 1 317
 1 318
 1 319
 2 320
 2 321
 1 322
 2 323
 2 324
 3 325
 1 326
 1 327
 0 328
 1 329
 0 330
 4 331
 2 332
 0 333
 1 334
 0 335
 1 336
 2 337
 2 338
 2 339
 0 340
 3 341
 1 342
 3 343
 0 344
 3 345
 4 346
 0 347
 2 348
 1 349
 3 350
 3 351
 0 352
 3 353
 2 354
 1 355
 2 356
 0 357
 1 358
 1 359
 1 360
 0 361
 2 362
 0 363
 0 364
 2 365
 1 366
 1 367
 1 368
 1 369
 1 370
 2 371
 1 372
 0 373
 2 374
 0 375
 0 376
 0 377
 2 378
 0 379
 3 380
 1 381
 0 382
 0 383
 0 384
 1 385
 0 386
 0 387
 0 388
 0 389
 0 390
 0 391
 1 392
 0 393
 1 394
 0 395
 1 396
 1 397
 0 398
 0 399
 0 400
 1 401
 0 402
 1 403
 0 404
 0 405
 0 406
 0 407
 0 408
 0 409
 0 410
 0 411
 0 412
 1 413
 0 414
 0 415
 0 416
 0 417
 0 418
 0 419
 0 420
 0 421
 0 422
 0 423
 0 424
 0 425
 0 426
 0 427
 0 428
 0 429
 0 430
 0 431
 0 432
 0 433
 0 434
 0 435
 0 436
 0 437
 0 438
 0 439
 0 440
 0 441
 0 442
 0 443
 0 444
 0 445
 0 446
 0 447
 0 448
 0 449
 0 450
 0 451
 0 452
 0 453
 0 454
 0 455
 0 456
 0 457
 0 458
 0 459
 0 460
 0 461
 0 462
 0 463
 0 464
 0 465
 0 466
 0 467
 0 468
 0 469
 0 470
 0 471
 0 472
 0 473
 0 474
 0 475
 0 476
 0 477
 0 478
 0 479
 0 480
 0 481
 0 482
 0 483
 0 484
 0 485
 0 486
 0 487
 0 488
 0 489
 0 490
 0 491
 0 492
 0 493
 0 494
 0 495
 0 496
 0 497
 0 498
 0 499
 0 500
 0 501
 0 502
 0 503
 0 504
 0 505
 0 506
 0 507
 0 508
 0 509
 0 510
 0 511
 0 512
 0 513
 0 514
 0 515
 0 516
 0 517
 0 518
 0 519
 0 520
 0 521
 0 522
 0 523
 0 524
 0 525
 0 526
 0 527
 0 528
 0 529
 0 530
 0 531
 0 532
 0 533
 0 534
 0 535
 0 536
 0 537
 0 538
 0 539
 0 540
 0 541
 0 542
 0 543
 0 544
 0 545
 0 546
 0 547
 0 548
 0 549
 0 550
 0 551
 0 552
 0 553
 0 554
 0 555
 0 556
 0 557
 0 558
 0 559
 0 560
 0 561
 0 562
 0 563
 0 564
 0 565
 0 566
 0 567
 0 568
 0 569
 0 570
 0 571
 0 572
 0 573
 0 574
 0 575
 0 576
 0 577
 0 578
 0 579
 0 580
 0 581
 0 582
 0 583
 0 584
 0 585
 0 586
 0 587
 0 588
 0 589
 0 590
 0 591
 0 592
 0 593
 0 594
 0 595
 0 596
 0 597
 0 598
 0 599
 0 600


