# Created by Octave 3.8.2, Sat Jun 20 10:31:41 2020 CEST <damian@fptrucha.inv.usc.es>
# name: hd
# type: matrix
# rows: 551
# columns: 2
 0 50
 0 51
 0 52
 0 53
 0 54
 0 55
 0 56
 0 57
 0 58
 0 59
 0 60
 0 61
 0 62
 0 63
 0 64
 0 65
 0 66
 0 67
 0 68
 0 69
 0 70
 0 71
 0 72
 0 73
 0 74
 0 75
 0 76
 0 77
 0 78
 0 79
 0 80
 0 81
 0 82
 0 83
 0 84
 0 85
 1 86
 1 87
 7 88
 20 89
 70 90
 145 91
 220 92
 314 93
 444 94
 635 95
 991 96
 1244 97
 1537 98
 1657 99
 1795 100
 1872 101
 1912 102
 1821 103
 1761 104
 1834 105
 1689 106
 1583 107
 1421 108
 1308 109
 1254 110
 1121 111
 1126 112
 978 113
 877 114
 864 115
 775 116
 676 117
 591 118
 602 119
 492 120
 403 121
 415 122
 357 123
 349 124
 303 125
 277 126
 267 127
 214 128
 188 129
 196 130
 177 131
 154 132
 140 133
 133 134
 154 135
 101 136
 103 137
 102 138
 124 139
 86 140
 75 141
 79 142
 66 143
 60 144
 64 145
 60 146
 55 147
 59 148
 64 149
 46 150
 49 151
 33 152
 32 153
 30 154
 28 155
 37 156
 28 157
 32 158
 30 159
 24 160
 26 161
 17 162
 19 163
 21 164
 22 165
 23 166
 16 167
 24 168
 14 169
 15 170
 7 171
 8 172
 8 173
 6 174
 8 175
 9 176
 7 177
 1 178
 7 179
 7 180
 4 181
 2 182
 3 183
 8 184
 7 185
 0 186
 2 187
 3 188
 5 189
 2 190
 2 191
 3 192
 1 193
 2 194
 0 195
 1 196
 1 197
 5 198
 0 199
 0 200
 3 201
 1 202
 2 203
 1 204
 3 205
 2 206
 0 207
 0 208
 0 209
 2 210
 0 211
 0 212
 1 213
 0 214
 0 215
 1 216
 0 217
 1 218
 0 219
 0 220
 0 221
 1 222
 0 223
 0 224
 0 225
 0 226
 1 227
 0 228
 0 229
 0 230
 0 231
 1 232
 0 233
 0 234
 0 235
 0 236
 0 237
 0 238
 0 239
 0 240
 0 241
 0 242
 0 243
 0 244
 0 245
 0 246
 0 247
 0 248
 0 249
 0 250
 0 251
 1 252
 0 253
 0 254
 0 255
 0 256
 0 257
 0 258
 0 259
 0 260
 0 261
 0 262
 0 263
 0 264
 0 265
 0 266
 0 267
 0 268
 0 269
 0 270
 0 271
 0 272
 0 273
 0 274
 0 275
 0 276
 0 277
 0 278
 0 279
 0 280
 0 281
 0 282
 0 283
 0 284
 2 285
 1 286
 0 287
 1 288
 0 289
 0 290
 1 291
 0 292
 0 293
 0 294
 0 295
 1 296
 0 297
 1 298
 1 299
 0 300
 0 301
 2 302
 1 303
 1 304
 0 305
 1 306
 0 307
 0 308
 1 309
 2 310
 1 311
 2 312
 1 313
 4 314
 2 315
 1 316
 1 317
 4 318
 0 319
 2 320
 1 321
 4 322
 1 323
 2 324
 1 325
 1 326
 4 327
 2 328
 1 329
 4 330
 2 331
 4 332
 4 333
 2 334
 3 335
 2 336
 2 337
 4 338
 2 339
 1 340
 2 341
 1 342
 2 343
 1 344
 2 345
 1 346
 2 347
 1 348
 0 349
 3 350
 1 351
 3 352
 2 353
 4 354
 1 355
 2 356
 0 357
 1 358
 2 359
 1 360
 2 361
 0 362
 1 363
 0 364
 0 365
 0 366
 0 367
 1 368
 2 369
 4 370
 1 371
 0 372
 1 373
 0 374
 0 375
 0 376
 1 377
 1 378
 1 379
 2 380
 0 381
 2 382
 1 383
 0 384
 0 385
 1 386
 0 387
 0 388
 0 389
 0 390
 0 391
 0 392
 0 393
 0 394
 0 395
 0 396
 0 397
 0 398
 0 399
 0 400
 0 401
 1 402
 0 403
 0 404
 0 405
 0 406
 0 407
 1 408
 0 409
 0 410
 0 411
 1 412
 0 413
 0 414
 0 415
 0 416
 0 417
 0 418
 0 419
 0 420
 0 421
 0 422
 1 423
 0 424
 0 425
 0 426
 0 427
 0 428
 0 429
 0 430
 0 431
 0 432
 0 433
 0 434
 0 435
 0 436
 0 437
 0 438
 0 439
 0 440
 0 441
 0 442
 0 443
 0 444
 0 445
 0 446
 0 447
 0 448
 0 449
 0 450
 0 451
 0 452
 0 453
 0 454
 0 455
 0 456
 0 457
 0 458
 0 459
 0 460
 0 461
 0 462
 0 463
 0 464
 0 465
 0 466
 0 467
 0 468
 0 469
 0 470
 0 471
 0 472
 0 473
 0 474
 0 475
 0 476
 0 477
 0 478
 0 479
 0 480
 0 481
 0 482
 0 483
 0 484
 0 485
 0 486
 0 487
 0 488
 0 489
 0 490
 0 491
 0 492
 0 493
 0 494
 0 495
 0 496
 0 497
 0 498
 0 499
 0 500
 0 501
 0 502
 0 503
 0 504
 0 505
 0 506
 0 507
 0 508
 0 509
 0 510
 0 511
 0 512
 0 513
 0 514
 0 515
 0 516
 0 517
 0 518
 0 519
 0 520
 0 521
 0 522
 0 523
 0 524
 0 525
 0 526
 0 527
 0 528
 0 529
 0 530
 0 531
 0 532
 0 533
 0 534
 0 535
 0 536
 0 537
 0 538
 0 539
 0 540
 0 541
 0 542
 0 543
 0 544
 0 545
 0 546
 0 547
 0 548
 0 549
 0 550
 0 551
 0 552
 0 553
 0 554
 0 555
 0 556
 0 557
 0 558
 0 559
 0 560
 0 561
 0 562
 0 563
 0 564
 0 565
 0 566
 0 567
 0 568
 0 569
 0 570
 0 571
 0 572
 0 573
 0 574
 0 575
 0 576
 0 577
 0 578
 0 579
 0 580
 0 581
 0 582
 0 583
 0 584
 0 585
 0 586
 0 587
 0 588
 0 589
 0 590
 0 591
 0 592
 0 593
 0 594
 0 595
 0 596
 0 597
 0 598
 0 599
 0 600


