# Created by Octave 3.8.2, Mon Jun 22 07:13:39 2020 CEST <damian@fptrucha.inv.usc.es>
# name: hd
# type: matrix
# rows: 551
# columns: 2
 0 50
 0 51
 0 52
 0 53
 0 54
 0 55
 0 56
 0 57
 0 58
 0 59
 0 60
 0 61
 0 62
 0 63
 0 64
 0 65
 0 66
 0 67
 0 68
 0 69
 0 70
 0 71
 0 72
 0 73
 0 74
 0 75
 0 76
 0 77
 0 78
 0 79
 0 80
 0 81
 0 82
 0 83
 0 84
 0 85
 0 86
 0 87
 3 88
 4 89
 40 90
 103 91
 146 92
 263 93
 356 94
 467 95
 701 96
 1049 97
 1325 98
 1479 99
 1621 100
 1712 101
 1751 102
 1700 103
 1656 104
 1599 105
 1448 106
 1411 107
 1349 108
 1164 109
 1118 110
 986 111
 865 112
 763 113
 774 114
 667 115
 605 116
 562 117
 429 118
 416 119
 362 120
 338 121
 328 122
 272 123
 225 124
 229 125
 196 126
 179 127
 189 128
 161 129
 153 130
 135 131
 137 132
 120 133
 123 134
 124 135
 106 136
 118 137
 75 138
 80 139
 85 140
 81 141
 65 142
 67 143
 75 144
 52 145
 46 146
 44 147
 43 148
 45 149
 47 150
 41 151
 32 152
 32 153
 33 154
 28 155
 27 156
 37 157
 24 158
 23 159
 27 160
 23 161
 15 162
 17 163
 25 164
 20 165
 13 166
 13 167
 20 168
 8 169
 20 170
 8 171
 11 172
 9 173
 10 174
 7 175
 7 176
 8 177
 8 178
 8 179
 10 180
 7 181
 6 182
 4 183
 10 184
 5 185
 9 186
 1 187
 4 188
 0 189
 4 190
 4 191
 1 192
 5 193
 1 194
 4 195
 3 196
 3 197
 5 198
 2 199
 3 200
 2 201
 0 202
 1 203
 0 204
 1 205
 1 206
 0 207
 2 208
 0 209
 0 210
 0 211
 0 212
 2 213
 0 214
 0 215
 0 216
 0 217
 0 218
 0 219
 3 220
 0 221
 0 222
 1 223
 0 224
 0 225
 0 226
 0 227
 0 228
 0 229
 0 230
 0 231
 0 232
 0 233
 1 234
 0 235
 0 236
 0 237
 0 238
 0 239
 0 240
 0 241
 0 242
 0 243
 0 244
 0 245
 0 246
 0 247
 0 248
 0 249
 0 250
 0 251
 0 252
 0 253
 0 254
 0 255
 0 256
 0 257
 0 258
 0 259
 0 260
 0 261
 0 262
 0 263
 0 264
 0 265
 0 266
 0 267
 0 268
 0 269
 0 270
 0 271
 0 272
 0 273
 0 274
 0 275
 0 276
 0 277
 0 278
 0 279
 0 280
 0 281
 0 282
 0 283
 1 284
 0 285
 2 286
 1 287
 1 288
 1 289
 0 290
 0 291
 1 292
 1 293
 1 294
 2 295
 1 296
 1 297
 0 298
 1 299
 2 300
 1 301
 4 302
 1 303
 1 304
 1 305
 0 306
 0 307
 4 308
 1 309
 3 310
 2 311
 2 312
 4 313
 2 314
 1 315
 3 316
 5 317
 2 318
 1 319
 3 320
 4 321
 2 322
 5 323
 1 324
 3 325
 1 326
 3 327
 0 328
 2 329
 3 330
 1 331
 3 332
 1 333
 2 334
 5 335
 1 336
 4 337
 0 338
 1 339
 3 340
 3 341
 1 342
 5 343
 3 344
 1 345
 2 346
 2 347
 1 348
 1 349
 4 350
 0 351
 1 352
 5 353
 2 354
 0 355
 3 356
 4 357
 0 358
 2 359
 3 360
 1 361
 1 362
 1 363
 0 364
 0 365
 1 366
 1 367
 0 368
 3 369
 0 370
 0 371
 0 372
 1 373
 2 374
 1 375
 1 376
 1 377
 1 378
 1 379
 2 380
 0 381
 0 382
 0 383
 0 384
 0 385
 1 386
 0 387
 0 388
 0 389
 2 390
 0 391
 0 392
 0 393
 1 394
 1 395
 0 396
 0 397
 0 398
 1 399
 0 400
 0 401
 0 402
 0 403
 0 404
 0 405
 1 406
 0 407
 0 408
 1 409
 0 410
 0 411
 0 412
 0 413
 0 414
 0 415
 0 416
 2 417
 0 418
 0 419
 0 420
 0 421
 0 422
 1 423
 0 424
 0 425
 0 426
 0 427
 0 428
 0 429
 0 430
 0 431
 0 432
 0 433
 0 434
 0 435
 0 436
 0 437
 0 438
 0 439
 0 440
 0 441
 0 442
 0 443
 0 444
 0 445
 0 446
 0 447
 0 448
 0 449
 0 450
 0 451
 0 452
 0 453
 0 454
 0 455
 0 456
 0 457
 0 458
 0 459
 0 460
 0 461
 0 462
 0 463
 0 464
 0 465
 0 466
 0 467
 0 468
 0 469
 0 470
 0 471
 0 472
 0 473
 0 474
 0 475
 0 476
 0 477
 0 478
 0 479
 0 480
 0 481
 0 482
 0 483
 0 484
 0 485
 0 486
 0 487
 0 488
 0 489
 0 490
 0 491
 0 492
 0 493
 0 494
 0 495
 0 496
 0 497
 0 498
 0 499
 0 500
 0 501
 0 502
 0 503
 0 504
 0 505
 0 506
 0 507
 0 508
 0 509
 0 510
 0 511
 0 512
 0 513
 0 514
 0 515
 0 516
 0 517
 0 518
 0 519
 0 520
 0 521
 0 522
 0 523
 0 524
 0 525
 0 526
 0 527
 0 528
 0 529
 0 530
 0 531
 0 532
 0 533
 0 534
 0 535
 0 536
 0 537
 0 538
 0 539
 0 540
 0 541
 0 542
 0 543
 0 544
 0 545
 0 546
 0 547
 0 548
 0 549
 0 550
 0 551
 0 552
 0 553
 0 554
 0 555
 0 556
 0 557
 0 558
 0 559
 0 560
 0 561
 0 562
 0 563
 0 564
 0 565
 0 566
 0 567
 0 568
 0 569
 0 570
 0 571
 0 572
 0 573
 0 574
 0 575
 0 576
 0 577
 0 578
 0 579
 0 580
 0 581
 0 582
 0 583
 0 584
 0 585
 0 586
 0 587
 0 588
 0 589
 0 590
 0 591
 0 592
 0 593
 0 594
 0 595
 0 596
 0 597
 0 598
 0 599
 0 600


