# Created by Octave 3.8.2, Mon Jun 22 01:51:31 2020 CEST <damian@fptrucha.inv.usc.es>
# name: hd
# type: matrix
# rows: 551
# columns: 2
 0 50
 0 51
 0 52
 0 53
 0 54
 0 55
 0 56
 0 57
 0 58
 0 59
 0 60
 0 61
 0 62
 0 63
 0 64
 0 65
 0 66
 0 67
 0 68
 0 69
 0 70
 0 71
 0 72
 0 73
 0 74
 0 75
 0 76
 0 77
 0 78
 0 79
 0 80
 0 81
 0 82
 0 83
 0 84
 0 85
 0 86
 1 87
 5 88
 9 89
 36 90
 112 91
 184 92
 265 93
 354 94
 515 95
 759 96
 1122 97
 1438 98
 1647 99
 1731 100
 1829 101
 1964 102
 1868 103
 1742 104
 1748 105
 1589 106
 1526 107
 1421 108
 1388 109
 1285 110
 1121 111
 1035 112
 900 113
 827 114
 725 115
 649 116
 592 117
 537 118
 473 119
 425 120
 346 121
 328 122
 299 123
 271 124
 236 125
 208 126
 195 127
 178 128
 154 129
 150 130
 120 131
 132 132
 103 133
 88 134
 88 135
 83 136
 86 137
 53 138
 85 139
 63 140
 45 141
 48 142
 59 143
 43 144
 49 145
 39 146
 40 147
 36 148
 31 149
 28 150
 28 151
 24 152
 29 153
 29 154
 22 155
 23 156
 19 157
 17 158
 27 159
 16 160
 14 161
 17 162
 23 163
 12 164
 12 165
 7 166
 7 167
 8 168
 7 169
 3 170
 9 171
 4 172
 6 173
 3 174
 6 175
 7 176
 2 177
 3 178
 4 179
 2 180
 3 181
 1 182
 3 183
 3 184
 0 185
 1 186
 3 187
 1 188
 2 189
 0 190
 1 191
 1 192
 2 193
 2 194
 0 195
 0 196
 1 197
 0 198
 0 199
 1 200
 2 201
 0 202
 0 203
 0 204
 0 205
 0 206
 2 207
 0 208
 0 209
 0 210
 0 211
 0 212
 0 213
 0 214
 1 215
 0 216
 1 217
 0 218
 0 219
 0 220
 0 221
 0 222
 0 223
 0 224
 0 225
 0 226
 0 227
 0 228
 0 229
 0 230
 0 231
 0 232
 1 233
 0 234
 0 235
 0 236
 0 237
 0 238
 0 239
 1 240
 0 241
 0 242
 0 243
 0 244
 0 245
 0 246
 0 247
 0 248
 0 249
 0 250
 0 251
 0 252
 0 253
 0 254
 0 255
 0 256
 0 257
 0 258
 0 259
 0 260
 0 261
 0 262
 0 263
 0 264
 0 265
 0 266
 0 267
 0 268
 0 269
 0 270
 0 271
 0 272
 0 273
 0 274
 0 275
 0 276
 0 277
 0 278
 0 279
 0 280
 0 281
 0 282
 0 283
 0 284
 0 285
 0 286
 0 287
 0 288
 0 289
 0 290
 0 291
 0 292
 0 293
 0 294
 0 295
 1 296
 0 297
 0 298
 1 299
 1 300
 0 301
 2 302
 1 303
 0 304
 1 305
 0 306
 1 307
 1 308
 0 309
 0 310
 1 311
 1 312
 1 313
 0 314
 1 315
 2 316
 0 317
 2 318
 3 319
 1 320
 3 321
 2 322
 2 323
 3 324
 7 325
 0 326
 0 327
 1 328
 2 329
 1 330
 0 331
 2 332
 1 333
 5 334
 0 335
 0 336
 0 337
 1 338
 0 339
 3 340
 1 341
 0 342
 1 343
 2 344
 1 345
 0 346
 1 347
 2 348
 2 349
 3 350
 0 351
 0 352
 0 353
 0 354
 2 355
 2 356
 0 357
 1 358
 1 359
 2 360
 2 361
 1 362
 0 363
 1 364
 0 365
 2 366
 1 367
 1 368
 0 369
 0 370
 0 371
 0 372
 0 373
 0 374
 2 375
 3 376
 1 377
 0 378
 0 379
 0 380
 0 381
 0 382
 0 383
 0 384
 0 385
 0 386
 0 387
 1 388
 0 389
 1 390
 0 391
 0 392
 1 393
 1 394
 0 395
 1 396
 0 397
 0 398
 0 399
 0 400
 0 401
 0 402
 0 403
 0 404
 0 405
 0 406
 0 407
 0 408
 0 409
 0 410
 0 411
 0 412
 0 413
 0 414
 0 415
 0 416
 0 417
 0 418
 0 419
 0 420
 0 421
 0 422
 0 423
 0 424
 0 425
 0 426
 0 427
 0 428
 0 429
 0 430
 0 431
 0 432
 0 433
 0 434
 1 435
 0 436
 1 437
 0 438
 0 439
 0 440
 0 441
 0 442
 0 443
 0 444
 0 445
 0 446
 0 447
 0 448
 0 449
 0 450
 0 451
 0 452
 0 453
 0 454
 0 455
 0 456
 0 457
 0 458
 0 459
 0 460
 0 461
 0 462
 0 463
 0 464
 0 465
 0 466
 0 467
 0 468
 0 469
 0 470
 0 471
 0 472
 0 473
 0 474
 0 475
 0 476
 0 477
 0 478
 0 479
 0 480
 0 481
 0 482
 0 483
 0 484
 0 485
 0 486
 0 487
 0 488
 0 489
 0 490
 0 491
 0 492
 0 493
 0 494
 0 495
 0 496
 0 497
 0 498
 0 499
 0 500
 0 501
 0 502
 0 503
 0 504
 0 505
 0 506
 0 507
 0 508
 0 509
 0 510
 0 511
 0 512
 0 513
 0 514
 0 515
 0 516
 0 517
 0 518
 0 519
 0 520
 0 521
 0 522
 0 523
 0 524
 0 525
 0 526
 0 527
 0 528
 0 529
 0 530
 0 531
 0 532
 0 533
 0 534
 0 535
 0 536
 0 537
 0 538
 0 539
 0 540
 0 541
 0 542
 0 543
 0 544
 0 545
 0 546
 0 547
 0 548
 0 549
 0 550
 0 551
 0 552
 0 553
 0 554
 0 555
 0 556
 0 557
 0 558
 0 559
 0 560
 0 561
 0 562
 0 563
 0 564
 0 565
 0 566
 0 567
 0 568
 0 569
 0 570
 0 571
 0 572
 0 573
 0 574
 0 575
 0 576
 0 577
 0 578
 0 579
 0 580
 0 581
 0 582
 0 583
 0 584
 0 585
 0 586
 0 587
 0 588
 0 589
 0 590
 0 591
 0 592
 0 593
 0 594
 0 595
 0 596
 0 597
 0 598
 0 599
 0 600


