# Created by Octave 3.8.2, Sat Jun 20 22:55:14 2020 CEST <damian@fptrucha.inv.usc.es>
# name: hd
# type: matrix
# rows: 551
# columns: 2
 0 50
 0 51
 0 52
 0 53
 0 54
 0 55
 0 56
 0 57
 0 58
 0 59
 0 60
 0 61
 0 62
 0 63
 0 64
 0 65
 0 66
 0 67
 0 68
 0 69
 0 70
 0 71
 0 72
 0 73
 0 74
 0 75
 0 76
 0 77
 0 78
 0 79
 0 80
 0 81
 0 82
 0 83
 0 84
 0 85
 0 86
 4 87
 6 88
 13 89
 61 90
 109 91
 188 92
 262 93
 363 94
 538 95
 814 96
 1029 97
 1213 98
 1281 99
 1389 100
 1587 101
 1511 102
 1539 103
 1565 104
 1474 105
 1411 106
 1386 107
 1270 108
 1247 109
 1146 110
 1084 111
 1056 112
 891 113
 850 114
 794 115
 720 116
 654 117
 588 118
 556 119
 492 120
 412 121
 421 122
 377 123
 335 124
 297 125
 268 126
 264 127
 210 128
 225 129
 186 130
 186 131
 154 132
 126 133
 122 134
 129 135
 114 136
 116 137
 74 138
 76 139
 95 140
 71 141
 76 142
 74 143
 60 144
 45 145
 46 146
 59 147
 39 148
 48 149
 43 150
 39 151
 31 152
 37 153
 36 154
 34 155
 23 156
 25 157
 30 158
 25 159
 28 160
 24 161
 23 162
 13 163
 23 164
 13 165
 10 166
 8 167
 15 168
 7 169
 4 170
 9 171
 8 172
 4 173
 6 174
 2 175
 5 176
 6 177
 9 178
 7 179
 3 180
 6 181
 7 182
 3 183
 4 184
 5 185
 1 186
 2 187
 5 188
 3 189
 0 190
 2 191
 1 192
 3 193
 4 194
 2 195
 2 196
 1 197
 2 198
 0 199
 0 200
 2 201
 2 202
 0 203
 2 204
 0 205
 4 206
 1 207
 1 208
 0 209
 0 210
 0 211
 0 212
 0 213
 0 214
 0 215
 1 216
 1 217
 0 218
 0 219
 1 220
 0 221
 0 222
 0 223
 0 224
 0 225
 0 226
 0 227
 0 228
 0 229
 0 230
 0 231
 0 232
 0 233
 0 234
 0 235
 0 236
 0 237
 1 238
 0 239
 0 240
 0 241
 0 242
 0 243
 0 244
 0 245
 0 246
 0 247
 0 248
 0 249
 0 250
 0 251
 0 252
 0 253
 0 254
 0 255
 0 256
 0 257
 0 258
 0 259
 0 260
 0 261
 0 262
 0 263
 0 264
 0 265
 0 266
 0 267
 0 268
 0 269
 0 270
 0 271
 0 272
 0 273
 0 274
 0 275
 0 276
 0 277
 0 278
 0 279
 0 280
 0 281
 0 282
 0 283
 0 284
 0 285
 0 286
 0 287
 0 288
 0 289
 0 290
 1 291
 0 292
 0 293
 0 294
 0 295
 0 296
 1 297
 0 298
 1 299
 0 300
 0 301
 2 302
 0 303
 2 304
 1 305
 0 306
 0 307
 2 308
 4 309
 2 310
 2 311
 2 312
 0 313
 3 314
 0 315
 0 316
 1 317
 2 318
 0 319
 3 320
 1 321
 1 322
 2 323
 0 324
 3 325
 3 326
 0 327
 0 328
 2 329
 4 330
 4 331
 2 332
 1 333
 2 334
 2 335
 4 336
 2 337
 0 338
 1 339
 1 340
 1 341
 1 342
 3 343
 2 344
 1 345
 3 346
 1 347
 2 348
 2 349
 0 350
 2 351
 2 352
 1 353
 1 354
 1 355
 0 356
 1 357
 0 358
 0 359
 2 360
 0 361
 0 362
 3 363
 1 364
 1 365
 3 366
 2 367
 1 368
 1 369
 1 370
 1 371
 1 372
 2 373
 0 374
 0 375
 0 376
 0 377
 1 378
 0 379
 2 380
 0 381
 0 382
 0 383
 1 384
 0 385
 2 386
 0 387
 1 388
 1 389
 0 390
 1 391
 0 392
 0 393
 0 394
 1 395
 0 396
 1 397
 0 398
 0 399
 0 400
 0 401
 0 402
 0 403
 0 404
 0 405
 1 406
 1 407
 0 408
 1 409
 0 410
 0 411
 1 412
 0 413
 0 414
 0 415
 0 416
 0 417
 0 418
 0 419
 1 420
 0 421
 0 422
 0 423
 0 424
 0 425
 0 426
 0 427
 0 428
 0 429
 0 430
 0 431
 0 432
 0 433
 0 434
 0 435
 0 436
 0 437
 0 438
 0 439
 0 440
 0 441
 0 442
 0 443
 0 444
 0 445
 0 446
 0 447
 0 448
 0 449
 0 450
 0 451
 0 452
 0 453
 0 454
 0 455
 0 456
 0 457
 0 458
 0 459
 0 460
 0 461
 0 462
 0 463
 0 464
 0 465
 0 466
 0 467
 0 468
 0 469
 0 470
 0 471
 0 472
 0 473
 0 474
 0 475
 0 476
 0 477
 0 478
 0 479
 0 480
 0 481
 0 482
 0 483
 0 484
 0 485
 0 486
 0 487
 0 488
 0 489
 0 490
 0 491
 0 492
 0 493
 0 494
 0 495
 0 496
 0 497
 0 498
 0 499
 0 500
 0 501
 0 502
 0 503
 0 504
 0 505
 0 506
 0 507
 0 508
 0 509
 0 510
 0 511
 0 512
 0 513
 0 514
 0 515
 0 516
 0 517
 0 518
 0 519
 0 520
 0 521
 0 522
 0 523
 0 524
 0 525
 0 526
 0 527
 0 528
 0 529
 0 530
 0 531
 0 532
 0 533
 0 534
 0 535
 0 536
 0 537
 0 538
 0 539
 0 540
 0 541
 0 542
 0 543
 0 544
 0 545
 0 546
 0 547
 0 548
 0 549
 0 550
 0 551
 0 552
 0 553
 0 554
 0 555
 0 556
 0 557
 0 558
 0 559
 0 560
 0 561
 0 562
 0 563
 0 564
 0 565
 0 566
 0 567
 0 568
 0 569
 0 570
 0 571
 0 572
 0 573
 0 574
 0 575
 0 576
 0 577
 0 578
 0 579
 0 580
 0 581
 0 582
 0 583
 0 584
 0 585
 0 586
 0 587
 0 588
 0 589
 0 590
 0 591
 0 592
 0 593
 0 594
 0 595
 0 596
 0 597
 0 598
 0 599
 0 600


