# Created by Octave 3.8.2, Sat Jun 20 14:27:14 2020 CEST <damian@fptrucha.inv.usc.es>
# name: hd
# type: matrix
# rows: 551
# columns: 2
 0 50
 0 51
 0 52
 0 53
 0 54
 0 55
 0 56
 0 57
 0 58
 0 59
 0 60
 0 61
 0 62
 0 63
 0 64
 0 65
 0 66
 0 67
 0 68
 0 69
 0 70
 0 71
 0 72
 0 73
 0 74
 0 75
 0 76
 0 77
 0 78
 0 79
 0 80
 0 81
 0 82
 0 83
 0 84
 0 85
 0 86
 2 87
 9 88
 27 89
 69 90
 137 91
 205 92
 308 93
 441 94
 629 95
 883 96
 1161 97
 1421 98
 1455 99
 1583 100
 1631 101
 1713 102
 1707 103
 1667 104
 1665 105
 1560 106
 1447 107
 1389 108
 1312 109
 1242 110
 1135 111
 1098 112
 918 113
 848 114
 815 115
 763 116
 669 117
 613 118
 525 119
 514 120
 446 121
 448 122
 337 123
 341 124
 310 125
 289 126
 244 127
 254 128
 206 129
 203 130
 177 131
 144 132
 158 133
 171 134
 154 135
 126 136
 110 137
 98 138
 108 139
 91 140
 89 141
 84 142
 71 143
 63 144
 57 145
 45 146
 58 147
 31 148
 51 149
 53 150
 48 151
 39 152
 36 153
 38 154
 34 155
 29 156
 34 157
 35 158
 29 159
 34 160
 25 161
 22 162
 19 163
 18 164
 23 165
 20 166
 13 167
 13 168
 11 169
 15 170
 15 171
 6 172
 10 173
 8 174
 7 175
 6 176
 6 177
 12 178
 9 179
 10 180
 7 181
 1 182
 6 183
 3 184
 2 185
 4 186
 5 187
 3 188
 1 189
 2 190
 4 191
 3 192
 1 193
 5 194
 2 195
 2 196
 3 197
 3 198
 1 199
 2 200
 2 201
 0 202
 0 203
 0 204
 1 205
 1 206
 0 207
 0 208
 1 209
 0 210
 0 211
 0 212
 0 213
 0 214
 0 215
 0 216
 2 217
 0 218
 0 219
 1 220
 0 221
 2 222
 0 223
 0 224
 0 225
 0 226
 0 227
 0 228
 0 229
 1 230
 0 231
 0 232
 0 233
 1 234
 1 235
 0 236
 1 237
 0 238
 0 239
 0 240
 0 241
 0 242
 0 243
 0 244
 0 245
 0 246
 0 247
 0 248
 0 249
 0 250
 0 251
 0 252
 1 253
 0 254
 0 255
 0 256
 0 257
 0 258
 0 259
 0 260
 0 261
 0 262
 0 263
 0 264
 0 265
 0 266
 0 267
 0 268
 0 269
 0 270
 0 271
 0 272
 0 273
 0 274
 0 275
 0 276
 0 277
 0 278
 0 279
 0 280
 0 281
 0 282
 0 283
 1 284
 0 285
 1 286
 0 287
 0 288
 0 289
 0 290
 0 291
 0 292
 1 293
 1 294
 0 295
 1 296
 1 297
 0 298
 0 299
 0 300
 0 301
 1 302
 0 303
 0 304
 1 305
 0 306
 3 307
 0 308
 0 309
 1 310
 0 311
 1 312
 0 313
 2 314
 3 315
 7 316
 0 317
 4 318
 1 319
 3 320
 0 321
 1 322
 3 323
 0 324
 2 325
 2 326
 2 327
 2 328
 1 329
 1 330
 2 331
 0 332
 0 333
 2 334
 2 335
 3 336
 1 337
 0 338
 3 339
 3 340
 1 341
 0 342
 0 343
 3 344
 0 345
 0 346
 0 347
 2 348
 2 349
 1 350
 1 351
 1 352
 0 353
 1 354
 0 355
 1 356
 2 357
 2 358
 2 359
 1 360
 1 361
 2 362
 1 363
 1 364
 2 365
 1 366
 0 367
 1 368
 2 369
 1 370
 0 371
 2 372
 1 373
 0 374
 0 375
 1 376
 1 377
 0 378
 0 379
 0 380
 2 381
 2 382
 0 383
 1 384
 2 385
 0 386
 0 387
 2 388
 1 389
 0 390
 0 391
 0 392
 0 393
 0 394
 0 395
 0 396
 0 397
 0 398
 0 399
 0 400
 0 401
 0 402
 0 403
 0 404
 0 405
 0 406
 0 407
 0 408
 0 409
 0 410
 0 411
 0 412
 0 413
 0 414
 0 415
 0 416
 0 417
 0 418
 0 419
 0 420
 0 421
 0 422
 0 423
 0 424
 0 425
 0 426
 0 427
 0 428
 0 429
 0 430
 0 431
 0 432
 0 433
 0 434
 0 435
 0 436
 0 437
 0 438
 0 439
 0 440
 0 441
 0 442
 0 443
 0 444
 0 445
 0 446
 0 447
 0 448
 0 449
 0 450
 0 451
 0 452
 0 453
 0 454
 0 455
 0 456
 0 457
 0 458
 0 459
 0 460
 0 461
 0 462
 0 463
 0 464
 0 465
 0 466
 0 467
 0 468
 0 469
 0 470
 0 471
 0 472
 0 473
 0 474
 0 475
 0 476
 0 477
 0 478
 0 479
 0 480
 0 481
 0 482
 0 483
 0 484
 0 485
 0 486
 0 487
 0 488
 0 489
 0 490
 0 491
 0 492
 0 493
 0 494
 0 495
 0 496
 0 497
 0 498
 0 499
 0 500
 0 501
 0 502
 0 503
 0 504
 0 505
 0 506
 0 507
 0 508
 0 509
 0 510
 0 511
 0 512
 0 513
 0 514
 0 515
 0 516
 0 517
 0 518
 0 519
 0 520
 0 521
 0 522
 0 523
 0 524
 0 525
 0 526
 0 527
 0 528
 0 529
 0 530
 0 531
 0 532
 0 533
 0 534
 0 535
 0 536
 0 537
 0 538
 0 539
 0 540
 0 541
 0 542
 0 543
 0 544
 0 545
 0 546
 0 547
 0 548
 0 549
 0 550
 0 551
 0 552
 0 553
 0 554
 0 555
 0 556
 0 557
 0 558
 0 559
 0 560
 0 561
 0 562
 0 563
 0 564
 0 565
 0 566
 0 567
 0 568
 0 569
 0 570
 0 571
 0 572
 0 573
 0 574
 0 575
 0 576
 0 577
 0 578
 0 579
 0 580
 0 581
 0 582
 0 583
 0 584
 0 585
 0 586
 0 587
 0 588
 0 589
 0 590
 0 591
 0 592
 0 593
 0 594
 0 595
 0 596
 0 597
 0 598
 0 599
 0 600


