# Created by Octave 3.8.2, Mon Jun 22 21:51:11 2020 CEST <damian@fptrucha.inv.usc.es>
# name: hd
# type: matrix
# rows: 551
# columns: 2
 0 50
 0 51
 0 52
 0 53
 0 54
 0 55
 0 56
 0 57
 0 58
 0 59
 0 60
 0 61
 0 62
 0 63
 0 64
 0 65
 0 66
 0 67
 0 68
 0 69
 0 70
 0 71
 0 72
 0 73
 0 74
 0 75
 0 76
 0 77
 0 78
 0 79
 0 80
 1 81
 0 82
 0 83
 0 84
 0 85
 0 86
 1 87
 4 88
 10 89
 68 90
 141 91
 226 92
 329 93
 475 94
 627 95
 1007 96
 1347 97
 1591 98
 1773 99
 1891 100
 1971 101
 1908 102
 1882 103
 1799 104
 1815 105
 1653 106
 1561 107
 1385 108
 1279 109
 1184 110
 1081 111
 964 112
 845 113
 784 114
 691 115
 587 116
 570 117
 504 118
 454 119
 400 120
 366 121
 342 122
 313 123
 253 124
 240 125
 225 126
 228 127
 176 128
 162 129
 159 130
 169 131
 114 132
 129 133
 136 134
 114 135
 73 136
 102 137
 88 138
 81 139
 83 140
 70 141
 66 142
 61 143
 55 144
 45 145
 45 146
 53 147
 38 148
 48 149
 41 150
 36 151
 42 152
 42 153
 27 154
 31 155
 35 156
 38 157
 25 158
 24 159
 22 160
 16 161
 17 162
 25 163
 15 164
 28 165
 10 166
 12 167
 15 168
 11 169
 11 170
 11 171
 13 172
 11 173
 12 174
 12 175
 8 176
 0 177
 3 178
 6 179
 7 180
 5 181
 2 182
 6 183
 3 184
 3 185
 1 186
 1 187
 3 188
 2 189
 4 190
 0 191
 0 192
 4 193
 3 194
 1 195
 0 196
 1 197
 0 198
 3 199
 3 200
 0 201
 0 202
 1 203
 0 204
 1 205
 0 206
 0 207
 0 208
 3 209
 1 210
 1 211
 0 212
 0 213
 1 214
 0 215
 1 216
 0 217
 0 218
 0 219
 1 220
 0 221
 1 222
 0 223
 0 224
 0 225
 0 226
 0 227
 0 228
 0 229
 0 230
 0 231
 0 232
 1 233
 0 234
 0 235
 0 236
 0 237
 0 238
 1 239
 0 240
 0 241
 0 242
 0 243
 0 244
 0 245
 0 246
 0 247
 0 248
 0 249
 0 250
 0 251
 0 252
 0 253
 1 254
 0 255
 0 256
 0 257
 0 258
 0 259
 0 260
 0 261
 0 262
 0 263
 0 264
 0 265
 0 266
 0 267
 0 268
 0 269
 0 270
 0 271
 0 272
 0 273
 0 274
 0 275
 0 276
 0 277
 0 278
 0 279
 0 280
 0 281
 0 282
 1 283
 1 284
 0 285
 0 286
 0 287
 0 288
 0 289
 0 290
 1 291
 0 292
 0 293
 1 294
 1 295
 1 296
 1 297
 1 298
 0 299
 0 300
 1 301
 1 302
 2 303
 1 304
 3 305
 2 306
 0 307
 0 308
 2 309
 2 310
 3 311
 2 312
 1 313
 2 314
 2 315
 1 316
 1 317
 1 318
 2 319
 0 320
 1 321
 1 322
 5 323
 3 324
 3 325
 1 326
 7 327
 3 328
 1 329
 1 330
 3 331
 2 332
 2 333
 3 334
 1 335
 2 336
 2 337
 2 338
 2 339
 3 340
 2 341
 0 342
 5 343
 1 344
 2 345
 1 346
 1 347
 1 348
 0 349
 3 350
 1 351
 2 352
 2 353
 1 354
 2 355
 0 356
 3 357
 2 358
 4 359
 3 360
 2 361
 1 362
 0 363
 0 364
 0 365
 1 366
 1 367
 0 368
 1 369
 0 370
 1 371
 1 372
 0 373
 0 374
 0 375
 0 376
 1 377
 1 378
 1 379
 2 380
 0 381
 0 382
 0 383
 0 384
 0 385
 0 386
 0 387
 0 388
 0 389
 0 390
 1 391
 0 392
 0 393
 1 394
 0 395
 0 396
 1 397
 0 398
 0 399
 0 400
 0 401
 0 402
 0 403
 0 404
 0 405
 0 406
 0 407
 0 408
 1 409
 0 410
 0 411
 1 412
 0 413
 0 414
 0 415
 0 416
 0 417
 0 418
 0 419
 0 420
 0 421
 0 422
 0 423
 0 424
 0 425
 0 426
 0 427
 0 428
 0 429
 0 430
 0 431
 0 432
 0 433
 0 434
 0 435
 0 436
 0 437
 0 438
 0 439
 0 440
 0 441
 0 442
 0 443
 0 444
 0 445
 0 446
 0 447
 0 448
 0 449
 0 450
 0 451
 0 452
 0 453
 0 454
 0 455
 0 456
 0 457
 0 458
 0 459
 0 460
 0 461
 0 462
 0 463
 0 464
 0 465
 0 466
 0 467
 0 468
 0 469
 0 470
 0 471
 0 472
 0 473
 0 474
 0 475
 0 476
 0 477
 0 478
 0 479
 0 480
 0 481
 0 482
 0 483
 0 484
 0 485
 0 486
 0 487
 0 488
 0 489
 0 490
 0 491
 0 492
 0 493
 0 494
 0 495
 0 496
 0 497
 0 498
 0 499
 0 500
 0 501
 0 502
 0 503
 0 504
 0 505
 0 506
 0 507
 0 508
 0 509
 0 510
 0 511
 0 512
 0 513
 0 514
 0 515
 0 516
 0 517
 0 518
 0 519
 0 520
 0 521
 0 522
 0 523
 0 524
 0 525
 0 526
 0 527
 0 528
 0 529
 0 530
 0 531
 0 532
 0 533
 0 534
 0 535
 0 536
 0 537
 0 538
 0 539
 0 540
 0 541
 0 542
 0 543
 0 544
 0 545
 0 546
 0 547
 0 548
 0 549
 0 550
 0 551
 0 552
 0 553
 0 554
 0 555
 0 556
 0 557
 0 558
 0 559
 0 560
 0 561
 0 562
 0 563
 0 564
 0 565
 0 566
 0 567
 0 568
 0 569
 0 570
 0 571
 0 572
 0 573
 0 574
 0 575
 0 576
 0 577
 0 578
 0 579
 0 580
 0 581
 0 582
 0 583
 0 584
 0 585
 0 586
 0 587
 0 588
 0 589
 0 590
 0 591
 0 592
 0 593
 0 594
 0 595
 0 596
 0 597
 0 598
 0 599
 0 600


