# Created by Octave 3.8.2, Sat Jun 20 17:43:19 2020 CEST <damian@fptrucha.inv.usc.es>
# name: hd
# type: matrix
# rows: 551
# columns: 2
 0 50
 0 51
 0 52
 0 53
 0 54
 0 55
 0 56
 0 57
 0 58
 0 59
 0 60
 0 61
 0 62
 0 63
 0 64
 0 65
 0 66
 0 67
 0 68
 0 69
 0 70
 0 71
 0 72
 0 73
 0 74
 0 75
 0 76
 0 77
 0 78
 0 79
 0 80
 0 81
 0 82
 0 83
 0 84
 0 85
 0 86
 7 87
 10 88
 16 89
 72 90
 121 91
 190 92
 289 93
 396 94
 555 95
 791 96
 1036 97
 1313 98
 1397 99
 1562 100
 1664 101
 1667 102
 1557 103
 1525 104
 1505 105
 1509 106
 1409 107
 1326 108
 1255 109
 1147 110
 1036 111
 926 112
 935 113
 923 114
 806 115
 700 116
 687 117
 566 118
 543 119
 527 120
 437 121
 388 122
 345 123
 304 124
 311 125
 255 126
 258 127
 233 128
 202 129
 198 130
 160 131
 158 132
 144 133
 161 134
 133 135
 112 136
 98 137
 101 138
 90 139
 97 140
 84 141
 73 142
 59 143
 75 144
 61 145
 52 146
 62 147
 39 148
 47 149
 43 150
 33 151
 47 152
 39 153
 33 154
 43 155
 31 156
 31 157
 23 158
 24 159
 23 160
 17 161
 23 162
 25 163
 20 164
 17 165
 8 166
 13 167
 15 168
 13 169
 6 170
 8 171
 13 172
 7 173
 9 174
 4 175
 11 176
 6 177
 5 178
 6 179
 6 180
 4 181
 3 182
 6 183
 7 184
 2 185
 2 186
 1 187
 4 188
 2 189
 1 190
 2 191
 0 192
 4 193
 2 194
 2 195
 0 196
 3 197
 1 198
 3 199
 0 200
 0 201
 1 202
 1 203
 0 204
 1 205
 0 206
 0 207
 0 208
 1 209
 0 210
 0 211
 0 212
 0 213
 0 214
 0 215
 0 216
 0 217
 0 218
 1 219
 0 220
 0 221
 0 222
 0 223
 0 224
 0 225
 1 226
 1 227
 0 228
 0 229
 0 230
 0 231
 0 232
 0 233
 0 234
 0 235
 0 236
 0 237
 0 238
 0 239
 0 240
 0 241
 0 242
 0 243
 0 244
 0 245
 0 246
 0 247
 0 248
 0 249
 0 250
 0 251
 0 252
 0 253
 0 254
 0 255
 0 256
 0 257
 0 258
 0 259
 0 260
 0 261
 0 262
 0 263
 0 264
 0 265
 0 266
 0 267
 0 268
 0 269
 0 270
 0 271
 0 272
 0 273
 0 274
 0 275
 0 276
 0 277
 0 278
 0 279
 0 280
 0 281
 0 282
 0 283
 0 284
 0 285
 0 286
 0 287
 0 288
 0 289
 1 290
 0 291
 0 292
 0 293
 0 294
 2 295
 1 296
 1 297
 0 298
 1 299
 0 300
 1 301
 0 302
 2 303
 1 304
 2 305
 2 306
 0 307
 0 308
 0 309
 1 310
 0 311
 0 312
 0 313
 3 314
 0 315
 2 316
 2 317
 3 318
 2 319
 3 320
 0 321
 2 322
 2 323
 1 324
 0 325
 3 326
 2 327
 2 328
 2 329
 1 330
 0 331
 1 332
 0 333
 4 334
 1 335
 1 336
 2 337
 1 338
 1 339
 3 340
 2 341
 2 342
 1 343
 0 344
 1 345
 2 346
 3 347
 2 348
 2 349
 1 350
 1 351
 1 352
 0 353
 3 354
 3 355
 3 356
 1 357
 1 358
 2 359
 2 360
 2 361
 0 362
 1 363
 0 364
 1 365
 1 366
 1 367
 1 368
 1 369
 1 370
 0 371
 1 372
 1 373
 0 374
 1 375
 1 376
 2 377
 0 378
 0 379
 0 380
 0 381
 1 382
 0 383
 0 384
 0 385
 0 386
 0 387
 1 388
 1 389
 1 390
 0 391
 1 392
 0 393
 1 394
 0 395
 0 396
 0 397
 0 398
 1 399
 1 400
 0 401
 0 402
 0 403
 0 404
 0 405
 0 406
 0 407
 0 408
 0 409
 0 410
 0 411
 0 412
 0 413
 0 414
 0 415
 0 416
 0 417
 0 418
 0 419
 0 420
 0 421
 0 422
 0 423
 0 424
 0 425
 0 426
 0 427
 0 428
 0 429
 0 430
 0 431
 0 432
 0 433
 0 434
 0 435
 0 436
 0 437
 0 438
 0 439
 0 440
 0 441
 0 442
 0 443
 0 444
 0 445
 0 446
 0 447
 0 448
 0 449
 0 450
 0 451
 0 452
 0 453
 0 454
 0 455
 0 456
 0 457
 0 458
 0 459
 0 460
 0 461
 0 462
 0 463
 0 464
 0 465
 0 466
 0 467
 0 468
 0 469
 0 470
 0 471
 0 472
 0 473
 0 474
 0 475
 0 476
 0 477
 0 478
 0 479
 0 480
 0 481
 0 482
 0 483
 0 484
 0 485
 0 486
 0 487
 0 488
 0 489
 0 490
 0 491
 0 492
 0 493
 0 494
 0 495
 0 496
 0 497
 0 498
 0 499
 0 500
 0 501
 0 502
 0 503
 0 504
 0 505
 0 506
 0 507
 0 508
 0 509
 0 510
 0 511
 0 512
 0 513
 0 514
 0 515
 0 516
 0 517
 0 518
 0 519
 0 520
 0 521
 0 522
 0 523
 0 524
 0 525
 0 526
 0 527
 0 528
 0 529
 0 530
 0 531
 0 532
 0 533
 0 534
 0 535
 0 536
 0 537
 0 538
 0 539
 0 540
 0 541
 0 542
 0 543
 0 544
 0 545
 0 546
 0 547
 0 548
 0 549
 0 550
 0 551
 0 552
 0 553
 0 554
 0 555
 0 556
 0 557
 0 558
 0 559
 0 560
 0 561
 0 562
 0 563
 0 564
 0 565
 0 566
 0 567
 0 568
 0 569
 0 570
 0 571
 0 572
 0 573
 0 574
 0 575
 0 576
 0 577
 0 578
 0 579
 0 580
 0 581
 0 582
 0 583
 0 584
 0 585
 0 586
 0 587
 0 588
 0 589
 0 590
 0 591
 0 592
 0 593
 0 594
 0 595
 0 596
 0 597
 0 598
 0 599
 0 600


