# Created by Octave 3.8.2, Mon Jun 22 15:06:16 2020 CEST <damian@fptrucha.inv.usc.es>
# name: hd
# type: matrix
# rows: 551
# columns: 2
 0 50
 0 51
 0 52
 0 53
 0 54
 0 55
 0 56
 0 57
 0 58
 0 59
 0 60
 0 61
 0 62
 0 63
 0 64
 0 65
 0 66
 0 67
 0 68
 0 69
 0 70
 0 71
 0 72
 0 73
 0 74
 0 75
 0 76
 0 77
 0 78
 0 79
 0 80
 0 81
 0 82
 0 83
 0 84
 0 85
 0 86
 1 87
 4 88
 16 89
 60 90
 121 91
 203 92
 324 93
 440 94
 573 95
 947 96
 1353 97
 1575 98
 1672 99
 1861 100
 1923 101
 1937 102
 1784 103
 1664 104
 1763 105
 1608 106
 1479 107
 1352 108
 1216 109
 1166 110
 1014 111
 987 112
 886 113
 780 114
 708 115
 625 116
 575 117
 517 118
 417 119
 418 120
 325 121
 313 122
 280 123
 284 124
 255 125
 188 126
 194 127
 171 128
 174 129
 161 130
 170 131
 123 132
 117 133
 111 134
 111 135
 81 136
 83 137
 95 138
 62 139
 67 140
 70 141
 53 142
 64 143
 57 144
 57 145
 40 146
 58 147
 45 148
 40 149
 45 150
 36 151
 34 152
 40 153
 19 154
 33 155
 35 156
 31 157
 32 158
 23 159
 11 160
 22 161
 23 162
 17 163
 17 164
 11 165
 16 166
 9 167
 11 168
 17 169
 12 170
 19 171
 6 172
 7 173
 9 174
 7 175
 12 176
 9 177
 10 178
 5 179
 8 180
 6 181
 3 182
 4 183
 2 184
 3 185
 4 186
 3 187
 4 188
 8 189
 8 190
 1 191
 2 192
 4 193
 1 194
 0 195
 2 196
 2 197
 0 198
 2 199
 1 200
 0 201
 1 202
 1 203
 1 204
 0 205
 0 206
 0 207
 1 208
 1 209
 2 210
 1 211
 0 212
 0 213
 0 214
 0 215
 0 216
 0 217
 0 218
 0 219
 0 220
 0 221
 1 222
 0 223
 0 224
 2 225
 0 226
 0 227
 0 228
 0 229
 0 230
 0 231
 0 232
 0 233
 0 234
 0 235
 0 236
 0 237
 0 238
 0 239
 0 240
 0 241
 0 242
 1 243
 0 244
 1 245
 0 246
 0 247
 0 248
 0 249
 0 250
 0 251
 0 252
 0 253
 0 254
 0 255
 0 256
 0 257
 0 258
 0 259
 0 260
 0 261
 0 262
 0 263
 0 264
 0 265
 0 266
 0 267
 0 268
 0 269
 0 270
 0 271
 0 272
 0 273
 0 274
 0 275
 0 276
 0 277
 0 278
 0 279
 0 280
 0 281
 0 282
 0 283
 0 284
 1 285
 0 286
 1 287
 0 288
 0 289
 3 290
 1 291
 0 292
 0 293
 1 294
 1 295
 1 296
 1 297
 0 298
 0 299
 1 300
 4 301
 1 302
 2 303
 1 304
 0 305
 2 306
 0 307
 1 308
 3 309
 1 310
 1 311
 0 312
 3 313
 1 314
 2 315
 3 316
 2 317
 3 318
 2 319
 2 320
 1 321
 3 322
 4 323
 1 324
 3 325
 1 326
 5 327
 2 328
 5 329
 0 330
 0 331
 2 332
 3 333
 1 334
 5 335
 3 336
 2 337
 2 338
 3 339
 1 340
 2 341
 2 342
 1 343
 5 344
 3 345
 1 346
 3 347
 3 348
 2 349
 4 350
 2 351
 0 352
 0 353
 1 354
 1 355
 0 356
 1 357
 0 358
 0 359
 1 360
 0 361
 1 362
 0 363
 1 364
 0 365
 3 366
 1 367
 2 368
 0 369
 3 370
 1 371
 0 372
 0 373
 2 374
 1 375
 0 376
 1 377
 0 378
 1 379
 0 380
 3 381
 0 382
 2 383
 1 384
 1 385
 0 386
 0 387
 0 388
 2 389
 0 390
 1 391
 1 392
 0 393
 0 394
 0 395
 1 396
 0 397
 0 398
 0 399
 0 400
 0 401
 0 402
 0 403
 0 404
 2 405
 0 406
 0 407
 0 408
 0 409
 0 410
 0 411
 0 412
 0 413
 0 414
 0 415
 0 416
 0 417
 0 418
 0 419
 0 420
 0 421
 0 422
 0 423
 0 424
 0 425
 0 426
 0 427
 0 428
 0 429
 0 430
 0 431
 0 432
 0 433
 0 434
 0 435
 0 436
 0 437
 0 438
 0 439
 0 440
 0 441
 0 442
 0 443
 0 444
 0 445
 0 446
 0 447
 0 448
 0 449
 0 450
 0 451
 0 452
 0 453
 0 454
 0 455
 0 456
 0 457
 0 458
 0 459
 0 460
 0 461
 0 462
 0 463
 0 464
 0 465
 0 466
 0 467
 0 468
 0 469
 0 470
 0 471
 0 472
 0 473
 0 474
 0 475
 0 476
 0 477
 0 478
 0 479
 0 480
 0 481
 0 482
 0 483
 0 484
 0 485
 0 486
 0 487
 0 488
 0 489
 0 490
 0 491
 0 492
 0 493
 0 494
 0 495
 0 496
 0 497
 0 498
 0 499
 0 500
 0 501
 0 502
 0 503
 0 504
 0 505
 0 506
 0 507
 0 508
 0 509
 0 510
 0 511
 0 512
 0 513
 0 514
 0 515
 0 516
 0 517
 0 518
 0 519
 0 520
 0 521
 0 522
 0 523
 0 524
 0 525
 0 526
 0 527
 0 528
 0 529
 0 530
 0 531
 0 532
 0 533
 0 534
 0 535
 0 536
 0 537
 0 538
 0 539
 0 540
 0 541
 0 542
 0 543
 0 544
 0 545
 0 546
 0 547
 0 548
 0 549
 0 550
 0 551
 0 552
 0 553
 0 554
 0 555
 0 556
 0 557
 0 558
 0 559
 0 560
 0 561
 0 562
 0 563
 0 564
 0 565
 0 566
 0 567
 0 568
 0 569
 0 570
 0 571
 0 572
 0 573
 0 574
 0 575
 0 576
 0 577
 0 578
 0 579
 0 580
 0 581
 0 582
 0 583
 0 584
 0 585
 0 586
 0 587
 0 588
 0 589
 0 590
 0 591
 0 592
 0 593
 0 594
 0 595
 0 596
 0 597
 0 598
 0 599
 0 600


