# Created by Octave 3.8.2, Mon Jun 22 15:16:09 2020 CEST <damian@fptrucha.inv.usc.es>
# name: hd
# type: matrix
# rows: 551
# columns: 2
 0 50
 0 51
 0 52
 0 53
 0 54
 0 55
 0 56
 0 57
 0 58
 0 59
 0 60
 0 61
 0 62
 0 63
 0 64
 0 65
 0 66
 0 67
 0 68
 0 69
 0 70
 0 71
 0 72
 0 73
 0 74
 0 75
 0 76
 0 77
 0 78
 0 79
 0 80
 0 81
 0 82
 0 83
 0 84
 0 85
 0 86
 1 87
 6 88
 9 89
 51 90
 127 91
 243 92
 321 93
 411 94
 606 95
 1046 96
 1317 97
 1591 98
 1805 99
 1931 100
 1914 101
 1945 102
 1842 103
 1787 104
 1633 105
 1632 106
 1470 107
 1399 108
 1264 109
 1184 110
 1030 111
 949 112
 833 113
 736 114
 681 115
 642 116
 559 117
 476 118
 400 119
 416 120
 393 121
 286 122
 265 123
 218 124
 227 125
 213 126
 181 127
 183 128
 165 129
 134 130
 131 131
 131 132
 124 133
 113 134
 109 135
 94 136
 97 137
 79 138
 72 139
 66 140
 76 141
 66 142
 52 143
 65 144
 46 145
 58 146
 47 147
 49 148
 43 149
 35 150
 39 151
 51 152
 39 153
 38 154
 38 155
 34 156
 23 157
 20 158
 21 159
 23 160
 20 161
 19 162
 15 163
 19 164
 18 165
 20 166
 11 167
 10 168
 10 169
 13 170
 12 171
 5 172
 15 173
 11 174
 7 175
 6 176
 14 177
 5 178
 6 179
 5 180
 3 181
 3 182
 4 183
 2 184
 4 185
 1 186
 7 187
 4 188
 2 189
 2 190
 3 191
 6 192
 2 193
 1 194
 3 195
 1 196
 0 197
 3 198
 1 199
 0 200
 0 201
 1 202
 1 203
 1 204
 1 205
 2 206
 3 207
 1 208
 0 209
 1 210
 0 211
 1 212
 0 213
 1 214
 0 215
 1 216
 0 217
 2 218
 0 219
 0 220
 1 221
 0 222
 1 223
 0 224
 1 225
 0 226
 0 227
 0 228
 0 229
 0 230
 0 231
 0 232
 0 233
 0 234
 0 235
 0 236
 0 237
 0 238
 0 239
 0 240
 0 241
 0 242
 0 243
 0 244
 0 245
 0 246
 0 247
 0 248
 0 249
 0 250
 0 251
 0 252
 0 253
 0 254
 0 255
 0 256
 0 257
 0 258
 0 259
 0 260
 0 261
 0 262
 0 263
 0 264
 0 265
 0 266
 0 267
 0 268
 0 269
 0 270
 0 271
 0 272
 0 273
 0 274
 0 275
 0 276
 0 277
 0 278
 0 279
 1 280
 0 281
 0 282
 0 283
 0 284
 0 285
 0 286
 0 287
 0 288
 0 289
 0 290
 0 291
 2 292
 0 293
 0 294
 2 295
 2 296
 2 297
 1 298
 2 299
 2 300
 3 301
 3 302
 3 303
 2 304
 2 305
 6 306
 0 307
 3 308
 2 309
 2 310
 4 311
 1 312
 1 313
 2 314
 1 315
 4 316
 0 317
 3 318
 1 319
 1 320
 2 321
 2 322
 2 323
 3 324
 4 325
 2 326
 2 327
 4 328
 1 329
 2 330
 3 331
 2 332
 2 333
 1 334
 1 335
 4 336
 0 337
 1 338
 1 339
 2 340
 2 341
 2 342
 3 343
 1 344
 1 345
 2 346
 1 347
 1 348
 7 349
 1 350
 4 351
 1 352
 1 353
 2 354
 0 355
 2 356
 3 357
 2 358
 1 359
 1 360
 0 361
 1 362
 0 363
 0 364
 2 365
 1 366
 2 367
 2 368
 1 369
 1 370
 1 371
 0 372
 0 373
 0 374
 1 375
 1 376
 2 377
 0 378
 0 379
 1 380
 2 381
 2 382
 1 383
 0 384
 2 385
 1 386
 0 387
 0 388
 0 389
 0 390
 0 391
 0 392
 0 393
 1 394
 0 395
 0 396
 0 397
 0 398
 2 399
 0 400
 2 401
 0 402
 0 403
 0 404
 0 405
 0 406
 0 407
 0 408
 0 409
 0 410
 0 411
 1 412
 0 413
 0 414
 0 415
 0 416
 0 417
 0 418
 0 419
 0 420
 0 421
 0 422
 0 423
 0 424
 0 425
 0 426
 0 427
 0 428
 0 429
 0 430
 0 431
 0 432
 0 433
 0 434
 0 435
 0 436
 0 437
 0 438
 0 439
 0 440
 0 441
 0 442
 0 443
 0 444
 0 445
 0 446
 0 447
 0 448
 0 449
 0 450
 0 451
 0 452
 0 453
 0 454
 0 455
 0 456
 0 457
 0 458
 0 459
 0 460
 0 461
 0 462
 0 463
 0 464
 0 465
 0 466
 0 467
 0 468
 0 469
 0 470
 0 471
 0 472
 0 473
 0 474
 0 475
 0 476
 0 477
 0 478
 0 479
 0 480
 0 481
 0 482
 0 483
 0 484
 0 485
 0 486
 0 487
 0 488
 0 489
 0 490
 0 491
 0 492
 0 493
 0 494
 0 495
 0 496
 0 497
 0 498
 0 499
 0 500
 0 501
 0 502
 0 503
 0 504
 0 505
 0 506
 0 507
 0 508
 0 509
 0 510
 0 511
 0 512
 0 513
 0 514
 0 515
 0 516
 0 517
 0 518
 0 519
 0 520
 0 521
 0 522
 0 523
 0 524
 0 525
 0 526
 0 527
 0 528
 0 529
 0 530
 0 531
 0 532
 0 533
 0 534
 0 535
 0 536
 0 537
 0 538
 0 539
 0 540
 0 541
 0 542
 0 543
 0 544
 0 545
 0 546
 0 547
 0 548
 0 549
 0 550
 0 551
 0 552
 0 553
 0 554
 0 555
 0 556
 0 557
 0 558
 0 559
 0 560
 0 561
 0 562
 0 563
 0 564
 0 565
 0 566
 0 567
 0 568
 0 569
 0 570
 0 571
 0 572
 0 573
 0 574
 0 575
 0 576
 0 577
 0 578
 0 579
 0 580
 0 581
 0 582
 0 583
 0 584
 0 585
 0 586
 0 587
 0 588
 0 589
 0 590
 0 591
 0 592
 0 593
 0 594
 0 595
 0 596
 0 597
 0 598
 0 599
 0 600


