# Created by Octave 3.8.2, Mon Jun 22 20:38:18 2020 CEST <damian@fptrucha.inv.usc.es>
# name: hd
# type: matrix
# rows: 551
# columns: 2
 0 50
 0 51
 0 52
 0 53
 0 54
 0 55
 0 56
 0 57
 0 58
 0 59
 0 60
 0 61
 0 62
 0 63
 0 64
 0 65
 0 66
 0 67
 0 68
 0 69
 0 70
 0 71
 0 72
 0 73
 0 74
 0 75
 0 76
 0 77
 0 78
 0 79
 0 80
 0 81
 0 82
 0 83
 0 84
 0 85
 0 86
 1 87
 2 88
 5 89
 24 90
 75 91
 119 92
 229 93
 275 94
 381 95
 576 96
 843 97
 1041 98
 1093 99
 1169 100
 1201 101
 1285 102
 1288 103
 1253 104
 1157 105
 1087 106
 1009 107
 917 108
 855 109
 787 110
 676 111
 671 112
 574 113
 495 114
 428 115
 466 116
 404 117
 363 118
 302 119
 262 120
 266 121
 220 122
 195 123
 178 124
 149 125
 162 126
 140 127
 121 128
 126 129
 100 130
 105 131
 104 132
 78 133
 84 134
 64 135
 79 136
 70 137
 57 138
 51 139
 42 140
 41 141
 44 142
 52 143
 40 144
 45 145
 41 146
 33 147
 32 148
 35 149
 40 150
 35 151
 32 152
 26 153
 22 154
 19 155
 19 156
 23 157
 18 158
 19 159
 15 160
 19 161
 15 162
 7 163
 14 164
 10 165
 15 166
 4 167
 10 168
 10 169
 5 170
 5 171
 4 172
 4 173
 9 174
 5 175
 4 176
 7 177
 3 178
 5 179
 2 180
 3 181
 1 182
 3 183
 1 184
 0 185
 2 186
 1 187
 3 188
 1 189
 0 190
 1 191
 1 192
 2 193
 1 194
 1 195
 0 196
 1 197
 0 198
 1 199
 0 200
 0 201
 3 202
 0 203
 0 204
 1 205
 0 206
 0 207
 0 208
 0 209
 0 210
 1 211
 0 212
 0 213
 0 214
 0 215
 0 216
 1 217
 1 218
 0 219
 0 220
 0 221
 0 222
 0 223
 1 224
 0 225
 0 226
 0 227
 0 228
 0 229
 0 230
 0 231
 0 232
 0 233
 0 234
 0 235
 0 236
 0 237
 0 238
 0 239
 0 240
 0 241
 1 242
 0 243
 0 244
 0 245
 0 246
 0 247
 0 248
 0 249
 0 250
 0 251
 0 252
 0 253
 0 254
 0 255
 0 256
 0 257
 0 258
 0 259
 0 260
 0 261
 0 262
 0 263
 0 264
 0 265
 0 266
 0 267
 0 268
 0 269
 0 270
 1 271
 0 272
 0 273
 0 274
 0 275
 1 276
 0 277
 0 278
 0 279
 0 280
 0 281
 0 282
 1 283
 0 284
 0 285
 0 286
 0 287
 0 288
 0 289
 0 290
 0 291
 0 292
 0 293
 0 294
 1 295
 1 296
 0 297
 0 298
 0 299
 1 300
 3 301
 1 302
 1 303
 1 304
 1 305
 1 306
 0 307
 0 308
 1 309
 0 310
 1 311
 2 312
 0 313
 2 314
 1 315
 1 316
 1 317
 3 318
 1 319
 0 320
 1 321
 4 322
 2 323
 0 324
 2 325
 0 326
 3 327
 2 328
 0 329
 0 330
 3 331
 0 332
 0 333
 1 334
 2 335
 1 336
 3 337
 3 338
 0 339
 1 340
 2 341
 2 342
 0 343
 2 344
 1 345
 0 346
 2 347
 1 348
 2 349
 2 350
 0 351
 2 352
 2 353
 1 354
 0 355
 1 356
 1 357
 2 358
 2 359
 1 360
 2 361
 0 362
 1 363
 0 364
 1 365
 0 366
 1 367
 1 368
 3 369
 1 370
 0 371
 1 372
 0 373
 1 374
 1 375
 1 376
 1 377
 1 378
 0 379
 0 380
 0 381
 0 382
 1 383
 0 384
 1 385
 1 386
 1 387
 0 388
 0 389
 0 390
 0 391
 0 392
 0 393
 0 394
 0 395
 0 396
 1 397
 0 398
 0 399
 0 400
 0 401
 0 402
 1 403
 0 404
 0 405
 0 406
 0 407
 1 408
 0 409
 0 410
 0 411
 0 412
 1 413
 0 414
 0 415
 0 416
 0 417
 0 418
 0 419
 0 420
 0 421
 0 422
 0 423
 0 424
 0 425
 0 426
 0 427
 0 428
 0 429
 0 430
 0 431
 0 432
 0 433
 0 434
 0 435
 0 436
 0 437
 0 438
 0 439
 0 440
 0 441
 0 442
 0 443
 0 444
 0 445
 0 446
 0 447
 0 448
 0 449
 0 450
 0 451
 0 452
 0 453
 0 454
 0 455
 0 456
 0 457
 0 458
 0 459
 0 460
 0 461
 0 462
 0 463
 0 464
 0 465
 0 466
 0 467
 0 468
 0 469
 0 470
 0 471
 0 472
 0 473
 0 474
 0 475
 0 476
 0 477
 0 478
 0 479
 0 480
 0 481
 0 482
 0 483
 0 484
 0 485
 0 486
 0 487
 0 488
 0 489
 0 490
 0 491
 0 492
 0 493
 0 494
 0 495
 0 496
 0 497
 0 498
 0 499
 0 500
 0 501
 0 502
 0 503
 0 504
 0 505
 0 506
 0 507
 0 508
 0 509
 0 510
 0 511
 0 512
 0 513
 0 514
 0 515
 0 516
 0 517
 0 518
 0 519
 0 520
 0 521
 0 522
 0 523
 0 524
 0 525
 0 526
 0 527
 0 528
 0 529
 0 530
 0 531
 0 532
 0 533
 0 534
 0 535
 0 536
 0 537
 0 538
 0 539
 0 540
 0 541
 0 542
 0 543
 0 544
 0 545
 0 546
 0 547
 0 548
 0 549
 0 550
 0 551
 0 552
 0 553
 0 554
 0 555
 0 556
 0 557
 0 558
 0 559
 0 560
 0 561
 0 562
 0 563
 0 564
 0 565
 0 566
 0 567
 0 568
 0 569
 0 570
 0 571
 0 572
 0 573
 0 574
 0 575
 0 576
 0 577
 0 578
 0 579
 0 580
 0 581
 0 582
 0 583
 0 584
 0 585
 0 586
 0 587
 0 588
 0 589
 0 590
 0 591
 0 592
 0 593
 0 594
 0 595
 0 596
 0 597
 0 598
 0 599
 0 600


