# Created by Octave 3.8.2, Mon Jun 22 12:32:20 2020 CEST <damian@fptrucha.inv.usc.es>
# name: hd
# type: matrix
# rows: 551
# columns: 2
 0 50
 0 51
 0 52
 0 53
 0 54
 0 55
 0 56
 0 57
 0 58
 0 59
 0 60
 0 61
 0 62
 0 63
 0 64
 0 65
 0 66
 0 67
 0 68
 0 69
 0 70
 0 71
 0 72
 0 73
 0 74
 0 75
 0 76
 0 77
 0 78
 0 79
 0 80
 0 81
 0 82
 0 83
 0 84
 0 85
 0 86
 0 87
 1 88
 14 89
 51 90
 139 91
 203 92
 325 93
 371 94
 604 95
 856 96
 1230 97
 1426 98
 1565 99
 1717 100
 1783 101
 1745 102
 1678 103
 1732 104
 1568 105
 1439 106
 1400 107
 1229 108
 1201 109
 1173 110
 1030 111
 956 112
 920 113
 767 114
 733 115
 587 116
 591 117
 495 118
 477 119
 394 120
 365 121
 327 122
 289 123
 262 124
 224 125
 231 126
 197 127
 203 128
 171 129
 166 130
 152 131
 137 132
 133 133
 108 134
 115 135
 121 136
 96 137
 102 138
 86 139
 77 140
 59 141
 76 142
 71 143
 56 144
 62 145
 57 146
 43 147
 45 148
 29 149
 54 150
 40 151
 32 152
 47 153
 35 154
 34 155
 29 156
 27 157
 31 158
 29 159
 26 160
 19 161
 19 162
 19 163
 14 164
 21 165
 13 166
 14 167
 18 168
 9 169
 11 170
 9 171
 11 172
 9 173
 8 174
 12 175
 7 176
 3 177
 6 178
 8 179
 2 180
 9 181
 2 182
 2 183
 2 184
 6 185
 4 186
 1 187
 3 188
 6 189
 3 190
 10 191
 1 192
 2 193
 4 194
 3 195
 2 196
 2 197
 0 198
 0 199
 1 200
 1 201
 2 202
 1 203
 2 204
 0 205
 1 206
 1 207
 1 208
 0 209
 0 210
 1 211
 0 212
 0 213
 2 214
 1 215
 1 216
 0 217
 3 218
 0 219
 0 220
 0 221
 0 222
 0 223
 0 224
 0 225
 0 226
 0 227
 0 228
 0 229
 0 230
 0 231
 0 232
 0 233
 0 234
 0 235
 0 236
 0 237
 0 238
 0 239
 0 240
 0 241
 0 242
 0 243
 0 244
 0 245
 0 246
 0 247
 0 248
 0 249
 0 250
 0 251
 0 252
 0 253
 0 254
 0 255
 1 256
 0 257
 0 258
 0 259
 0 260
 0 261
 0 262
 0 263
 0 264
 0 265
 0 266
 0 267
 0 268
 0 269
 0 270
 0 271
 0 272
 0 273
 0 274
 0 275
 0 276
 0 277
 0 278
 0 279
 0 280
 0 281
 0 282
 0 283
 1 284
 1 285
 0 286
 0 287
 2 288
 0 289
 2 290
 1 291
 0 292
 0 293
 1 294
 0 295
 2 296
 0 297
 1 298
 1 299
 0 300
 0 301
 1 302
 1 303
 1 304
 3 305
 3 306
 1 307
 0 308
 1 309
 0 310
 4 311
 5 312
 3 313
 0 314
 3 315
 5 316
 3 317
 3 318
 1 319
 4 320
 5 321
 1 322
 4 323
 2 324
 1 325
 0 326
 3 327
 2 328
 2 329
 2 330
 1 331
 3 332
 3 333
 2 334
 4 335
 1 336
 2 337
 2 338
 2 339
 2 340
 2 341
 2 342
 1 343
 1 344
 0 345
 4 346
 1 347
 5 348
 0 349
 4 350
 2 351
 1 352
 1 353
 1 354
 3 355
 0 356
 0 357
 2 358
 2 359
 0 360
 0 361
 2 362
 0 363
 0 364
 0 365
 0 366
 0 367
 3 368
 0 369
 3 370
 3 371
 0 372
 0 373
 0 374
 1 375
 1 376
 0 377
 0 378
 3 379
 0 380
 0 381
 0 382
 1 383
 0 384
 1 385
 0 386
 1 387
 1 388
 0 389
 0 390
 0 391
 0 392
 2 393
 0 394
 0 395
 0 396
 0 397
 0 398
 0 399
 1 400
 0 401
 0 402
 0 403
 0 404
 1 405
 0 406
 0 407
 0 408
 1 409
 0 410
 0 411
 0 412
 0 413
 0 414
 1 415
 0 416
 0 417
 0 418
 0 419
 0 420
 0 421
 0 422
 0 423
 0 424
 0 425
 0 426
 0 427
 0 428
 0 429
 0 430
 0 431
 0 432
 0 433
 0 434
 0 435
 0 436
 0 437
 0 438
 0 439
 0 440
 0 441
 0 442
 0 443
 0 444
 0 445
 0 446
 0 447
 0 448
 0 449
 0 450
 0 451
 0 452
 0 453
 0 454
 0 455
 0 456
 0 457
 0 458
 0 459
 0 460
 0 461
 0 462
 0 463
 0 464
 0 465
 0 466
 0 467
 0 468
 0 469
 0 470
 0 471
 0 472
 0 473
 0 474
 0 475
 0 476
 0 477
 0 478
 0 479
 0 480
 0 481
 0 482
 0 483
 0 484
 0 485
 0 486
 0 487
 0 488
 0 489
 0 490
 0 491
 0 492
 0 493
 0 494
 0 495
 0 496
 0 497
 0 498
 0 499
 0 500
 0 501
 0 502
 0 503
 0 504
 0 505
 0 506
 0 507
 0 508
 0 509
 0 510
 0 511
 0 512
 0 513
 0 514
 0 515
 0 516
 0 517
 0 518
 0 519
 0 520
 0 521
 0 522
 0 523
 0 524
 0 525
 0 526
 0 527
 0 528
 0 529
 0 530
 0 531
 0 532
 0 533
 0 534
 0 535
 0 536
 0 537
 0 538
 0 539
 0 540
 0 541
 0 542
 0 543
 0 544
 0 545
 0 546
 0 547
 0 548
 0 549
 0 550
 0 551
 0 552
 0 553
 0 554
 0 555
 0 556
 0 557
 0 558
 0 559
 0 560
 0 561
 0 562
 0 563
 0 564
 0 565
 0 566
 0 567
 0 568
 0 569
 0 570
 0 571
 0 572
 0 573
 0 574
 0 575
 0 576
 0 577
 0 578
 0 579
 0 580
 0 581
 0 582
 0 583
 0 584
 0 585
 0 586
 0 587
 0 588
 0 589
 0 590
 0 591
 0 592
 0 593
 0 594
 0 595
 0 596
 0 597
 0 598
 0 599
 0 600


