# Created by Octave 3.8.2, Sun Jun 21 04:48:30 2020 CEST <damian@fptrucha.inv.usc.es>
# name: hd
# type: matrix
# rows: 551
# columns: 2
 0 50
 0 51
 0 52
 0 53
 0 54
 0 55
 0 56
 0 57
 0 58
 0 59
 0 60
 0 61
 0 62
 0 63
 0 64
 0 65
 0 66
 0 67
 0 68
 0 69
 0 70
 0 71
 0 72
 0 73
 0 74
 0 75
 0 76
 0 77
 0 78
 0 79
 0 80
 0 81
 0 82
 0 83
 0 84
 0 85
 0 86
 2 87
 8 88
 9 89
 69 90
 126 91
 201 92
 280 93
 368 94
 559 95
 860 96
 1125 97
 1304 98
 1439 99
 1528 100
 1667 101
 1619 102
 1615 103
 1587 104
 1609 105
 1479 106
 1435 107
 1318 108
 1236 109
 1139 110
 1090 111
 986 112
 934 113
 827 114
 814 115
 650 116
 610 117
 551 118
 530 119
 489 120
 449 121
 368 122
 316 123
 313 124
 244 125
 265 126
 205 127
 200 128
 205 129
 173 130
 162 131
 133 132
 139 133
 137 134
 100 135
 92 136
 77 137
 84 138
 72 139
 82 140
 66 141
 50 142
 52 143
 64 144
 47 145
 43 146
 47 147
 40 148
 52 149
 29 150
 39 151
 21 152
 21 153
 27 154
 30 155
 33 156
 18 157
 26 158
 22 159
 18 160
 14 161
 19 162
 22 163
 21 164
 18 165
 15 166
 11 167
 10 168
 11 169
 8 170
 10 171
 5 172
 8 173
 7 174
 7 175
 4 176
 5 177
 4 178
 10 179
 4 180
 3 181
 3 182
 2 183
 4 184
 3 185
 4 186
 4 187
 2 188
 1 189
 6 190
 3 191
 0 192
 3 193
 1 194
 2 195
 1 196
 0 197
 0 198
 0 199
 0 200
 0 201
 1 202
 0 203
 0 204
 0 205
 2 206
 0 207
 0 208
 0 209
 0 210
 0 211
 0 212
 1 213
 0 214
 0 215
 0 216
 1 217
 0 218
 0 219
 0 220
 0 221
 0 222
 0 223
 0 224
 0 225
 0 226
 0 227
 0 228
 0 229
 1 230
 0 231
 0 232
 0 233
 0 234
 0 235
 0 236
 0 237
 0 238
 0 239
 0 240
 0 241
 0 242
 0 243
 0 244
 0 245
 0 246
 0 247
 0 248
 0 249
 0 250
 0 251
 0 252
 0 253
 1 254
 0 255
 0 256
 0 257
 0 258
 0 259
 0 260
 0 261
 0 262
 0 263
 0 264
 0 265
 0 266
 0 267
 0 268
 0 269
 0 270
 0 271
 0 272
 0 273
 0 274
 0 275
 0 276
 0 277
 0 278
 0 279
 1 280
 0 281
 0 282
 0 283
 0 284
 0 285
 0 286
 0 287
 0 288
 0 289
 0 290
 1 291
 0 292
 0 293
 1 294
 0 295
 0 296
 0 297
 0 298
 0 299
 1 300
 2 301
 0 302
 0 303
 0 304
 1 305
 0 306
 0 307
 3 308
 2 309
 1 310
 2 311
 0 312
 1 313
 3 314
 2 315
 1 316
 3 317
 3 318
 1 319
 1 320
 2 321
 2 322
 0 323
 1 324
 2 325
 3 326
 0 327
 0 328
 1 329
 2 330
 0 331
 4 332
 1 333
 2 334
 1 335
 3 336
 0 337
 0 338
 4 339
 0 340
 0 341
 1 342
 1 343
 1 344
 0 345
 1 346
 2 347
 1 348
 4 349
 0 350
 2 351
 1 352
 3 353
 0 354
 2 355
 2 356
 0 357
 0 358
 2 359
 1 360
 2 361
 2 362
 1 363
 0 364
 0 365
 2 366
 1 367
 0 368
 0 369
 1 370
 1 371
 1 372
 0 373
 0 374
 1 375
 0 376
 0 377
 1 378
 0 379
 0 380
 1 381
 0 382
 2 383
 1 384
 0 385
 0 386
 1 387
 1 388
 0 389
 0 390
 0 391
 0 392
 1 393
 0 394
 0 395
 0 396
 0 397
 0 398
 0 399
 2 400
 0 401
 0 402
 0 403
 0 404
 0 405
 0 406
 0 407
 0 408
 0 409
 1 410
 2 411
 0 412
 0 413
 0 414
 0 415
 0 416
 0 417
 0 418
 0 419
 0 420
 0 421
 0 422
 0 423
 0 424
 0 425
 0 426
 0 427
 0 428
 0 429
 0 430
 0 431
 0 432
 0 433
 0 434
 0 435
 0 436
 0 437
 0 438
 0 439
 0 440
 0 441
 0 442
 0 443
 0 444
 0 445
 0 446
 0 447
 0 448
 0 449
 0 450
 0 451
 0 452
 0 453
 0 454
 0 455
 0 456
 0 457
 0 458
 0 459
 0 460
 0 461
 0 462
 0 463
 0 464
 0 465
 0 466
 0 467
 0 468
 0 469
 0 470
 0 471
 0 472
 0 473
 0 474
 0 475
 0 476
 0 477
 0 478
 0 479
 0 480
 0 481
 0 482
 0 483
 0 484
 0 485
 0 486
 0 487
 0 488
 0 489
 0 490
 0 491
 0 492
 0 493
 0 494
 0 495
 0 496
 0 497
 0 498
 0 499
 0 500
 0 501
 0 502
 0 503
 0 504
 0 505
 0 506
 0 507
 0 508
 0 509
 0 510
 0 511
 0 512
 0 513
 0 514
 0 515
 0 516
 0 517
 0 518
 0 519
 0 520
 0 521
 0 522
 0 523
 0 524
 0 525
 0 526
 0 527
 0 528
 0 529
 0 530
 0 531
 0 532
 0 533
 0 534
 0 535
 0 536
 0 537
 0 538
 0 539
 0 540
 0 541
 0 542
 0 543
 0 544
 0 545
 0 546
 0 547
 0 548
 0 549
 0 550
 0 551
 0 552
 0 553
 0 554
 0 555
 0 556
 0 557
 0 558
 0 559
 0 560
 0 561
 0 562
 0 563
 0 564
 0 565
 0 566
 0 567
 0 568
 0 569
 0 570
 0 571
 0 572
 0 573
 0 574
 0 575
 0 576
 0 577
 0 578
 0 579
 0 580
 0 581
 0 582
 0 583
 0 584
 0 585
 0 586
 0 587
 0 588
 0 589
 0 590
 0 591
 0 592
 0 593
 0 594
 0 595
 0 596
 0 597
 0 598
 0 599
 0 600


