# Created by Octave 3.8.2, Mon Jun 22 22:18:03 2020 CEST <damian@fptrucha.inv.usc.es>
# name: hd
# type: matrix
# rows: 551
# columns: 2
 0 50
 0 51
 0 52
 0 53
 0 54
 0 55
 0 56
 0 57
 0 58
 0 59
 0 60
 0 61
 0 62
 0 63
 0 64
 0 65
 0 66
 0 67
 0 68
 0 69
 0 70
 0 71
 0 72
 0 73
 0 74
 0 75
 0 76
 0 77
 0 78
 0 79
 0 80
 0 81
 0 82
 0 83
 0 84
 0 85
 0 86
 1 87
 6 88
 12 89
 45 90
 163 91
 201 92
 360 93
 371 94
 691 95
 974 96
 1396 97
 1615 98
 1725 99
 1886 100
 1927 101
 1994 102
 1863 103
 1821 104
 1766 105
 1646 106
 1467 107
 1347 108
 1280 109
 1168 110
 1084 111
 984 112
 869 113
 785 114
 710 115
 651 116
 586 117
 508 118
 456 119
 419 120
 364 121
 355 122
 306 123
 266 124
 275 125
 226 126
 224 127
 176 128
 166 129
 163 130
 126 131
 126 132
 116 133
 145 134
 107 135
 108 136
 97 137
 89 138
 81 139
 82 140
 71 141
 67 142
 53 143
 62 144
 64 145
 59 146
 39 147
 60 148
 42 149
 41 150
 36 151
 38 152
 34 153
 41 154
 28 155
 36 156
 22 157
 18 158
 27 159
 18 160
 21 161
 17 162
 16 163
 23 164
 10 165
 16 166
 8 167
 19 168
 9 169
 8 170
 11 171
 9 172
 11 173
 16 174
 2 175
 7 176
 7 177
 9 178
 5 179
 2 180
 3 181
 5 182
 4 183
 3 184
 4 185
 4 186
 6 187
 2 188
 5 189
 0 190
 2 191
 0 192
 2 193
 1 194
 1 195
 2 196
 0 197
 4 198
 2 199
 0 200
 0 201
 1 202
 0 203
 0 204
 0 205
 1 206
 0 207
 0 208
 0 209
 1 210
 0 211
 1 212
 0 213
 2 214
 0 215
 1 216
 0 217
 0 218
 1 219
 0 220
 1 221
 1 222
 0 223
 0 224
 0 225
 0 226
 1 227
 0 228
 0 229
 0 230
 1 231
 0 232
 0 233
 0 234
 0 235
 0 236
 0 237
 0 238
 0 239
 0 240
 0 241
 0 242
 0 243
 0 244
 0 245
 0 246
 0 247
 0 248
 0 249
 0 250
 0 251
 0 252
 0 253
 0 254
 0 255
 0 256
 0 257
 0 258
 0 259
 0 260
 0 261
 0 262
 0 263
 0 264
 0 265
 0 266
 0 267
 0 268
 0 269
 0 270
 0 271
 0 272
 0 273
 0 274
 1 275
 0 276
 0 277
 0 278
 0 279
 0 280
 0 281
 0 282
 0 283
 0 284
 0 285
 0 286
 0 287
 1 288
 1 289
 0 290
 0 291
 0 292
 0 293
 0 294
 0 295
 1 296
 0 297
 0 298
 0 299
 0 300
 0 301
 2 302
 1 303
 3 304
 0 305
 3 306
 2 307
 0 308
 1 309
 1 310
 1 311
 0 312
 0 313
 4 314
 1 315
 0 316
 2 317
 6 318
 4 319
 2 320
 2 321
 1 322
 3 323
 0 324
 3 325
 2 326
 2 327
 3 328
 1 329
 0 330
 3 331
 1 332
 2 333
 2 334
 4 335
 0 336
 3 337
 3 338
 0 339
 2 340
 4 341
 2 342
 1 343
 2 344
 3 345
 1 346
 1 347
 4 348
 0 349
 3 350
 1 351
 1 352
 1 353
 1 354
 2 355
 0 356
 1 357
 0 358
 0 359
 0 360
 2 361
 0 362
 0 363
 2 364
 1 365
 1 366
 0 367
 0 368
 2 369
 1 370
 1 371
 0 372
 2 373
 0 374
 0 375
 4 376
 2 377
 0 378
 0 379
 1 380
 0 381
 1 382
 2 383
 2 384
 1 385
 1 386
 0 387
 0 388
 1 389
 1 390
 0 391
 0 392
 1 393
 0 394
 0 395
 0 396
 0 397
 0 398
 0 399
 1 400
 0 401
 0 402
 0 403
 0 404
 0 405
 1 406
 1 407
 0 408
 0 409
 0 410
 0 411
 0 412
 0 413
 0 414
 0 415
 0 416
 0 417
 0 418
 0 419
 0 420
 0 421
 0 422
 0 423
 0 424
 0 425
 0 426
 0 427
 0 428
 0 429
 0 430
 0 431
 0 432
 0 433
 0 434
 0 435
 0 436
 0 437
 0 438
 0 439
 0 440
 0 441
 0 442
 0 443
 0 444
 0 445
 0 446
 0 447
 0 448
 0 449
 0 450
 0 451
 0 452
 0 453
 0 454
 0 455
 0 456
 0 457
 0 458
 0 459
 0 460
 0 461
 0 462
 0 463
 0 464
 0 465
 0 466
 0 467
 0 468
 0 469
 0 470
 0 471
 0 472
 0 473
 0 474
 0 475
 0 476
 0 477
 0 478
 0 479
 0 480
 0 481
 0 482
 0 483
 0 484
 0 485
 0 486
 0 487
 0 488
 0 489
 0 490
 0 491
 0 492
 0 493
 0 494
 0 495
 0 496
 0 497
 0 498
 0 499
 0 500
 0 501
 0 502
 0 503
 0 504
 0 505
 0 506
 0 507
 0 508
 0 509
 0 510
 0 511
 0 512
 0 513
 0 514
 0 515
 0 516
 0 517
 0 518
 0 519
 0 520
 0 521
 0 522
 0 523
 0 524
 0 525
 0 526
 0 527
 0 528
 0 529
 0 530
 0 531
 0 532
 0 533
 0 534
 0 535
 0 536
 0 537
 0 538
 0 539
 0 540
 0 541
 0 542
 0 543
 0 544
 0 545
 0 546
 0 547
 0 548
 0 549
 0 550
 0 551
 0 552
 0 553
 0 554
 0 555
 0 556
 0 557
 0 558
 0 559
 0 560
 0 561
 0 562
 0 563
 0 564
 0 565
 0 566
 0 567
 0 568
 0 569
 0 570
 0 571
 0 572
 0 573
 0 574
 0 575
 0 576
 0 577
 0 578
 0 579
 0 580
 0 581
 0 582
 0 583
 0 584
 0 585
 0 586
 0 587
 0 588
 0 589
 0 590
 0 591
 0 592
 0 593
 0 594
 0 595
 0 596
 0 597
 0 598
 0 599
 0 600


