# Created by Octave 3.8.2, Sat Jun 20 12:41:02 2020 CEST <damian@fptrucha.inv.usc.es>
# name: hd
# type: matrix
# rows: 551
# columns: 2
 0 50
 0 51
 0 52
 0 53
 0 54
 0 55
 0 56
 0 57
 0 58
 0 59
 0 60
 0 61
 0 62
 0 63
 0 64
 0 65
 0 66
 0 67
 0 68
 0 69
 0 70
 0 71
 0 72
 0 73
 0 74
 0 75
 0 76
 0 77
 0 78
 0 79
 0 80
 0 81
 0 82
 0 83
 0 84
 0 85
 0 86
 1 87
 10 88
 14 89
 65 90
 151 91
 215 92
 313 93
 440 94
 673 95
 952 96
 1258 97
 1524 98
 1551 99
 1735 100
 1754 101
 1809 102
 1776 103
 1646 104
 1652 105
 1619 106
 1479 107
 1403 108
 1332 109
 1258 110
 1191 111
 1075 112
 957 113
 858 114
 812 115
 729 116
 619 117
 605 118
 499 119
 535 120
 425 121
 412 122
 341 123
 334 124
 319 125
 270 126
 233 127
 230 128
 232 129
 202 130
 171 131
 131 132
 132 133
 128 134
 125 135
 127 136
 111 137
 111 138
 109 139
 87 140
 65 141
 63 142
 63 143
 61 144
 60 145
 55 146
 58 147
 51 148
 56 149
 40 150
 47 151
 37 152
 50 153
 26 154
 29 155
 24 156
 34 157
 26 158
 33 159
 27 160
 27 161
 30 162
 20 163
 23 164
 17 165
 15 166
 16 167
 8 168
 10 169
 8 170
 10 171
 5 172
 9 173
 9 174
 6 175
 7 176
 10 177
 4 178
 9 179
 6 180
 5 181
 3 182
 5 183
 2 184
 2 185
 4 186
 2 187
 5 188
 4 189
 2 190
 3 191
 2 192
 1 193
 2 194
 1 195
 5 196
 1 197
 0 198
 1 199
 1 200
 1 201
 0 202
 1 203
 1 204
 2 205
 1 206
 1 207
 0 208
 0 209
 2 210
 0 211
 0 212
 1 213
 1 214
 1 215
 1 216
 1 217
 0 218
 0 219
 0 220
 0 221
 0 222
 0 223
 0 224
 0 225
 0 226
 0 227
 0 228
 0 229
 0 230
 0 231
 1 232
 0 233
 0 234
 0 235
 0 236
 1 237
 0 238
 0 239
 0 240
 0 241
 0 242
 0 243
 0 244
 0 245
 0 246
 0 247
 0 248
 0 249
 0 250
 0 251
 0 252
 0 253
 0 254
 0 255
 0 256
 0 257
 0 258
 0 259
 0 260
 0 261
 0 262
 0 263
 0 264
 0 265
 0 266
 0 267
 0 268
 0 269
 0 270
 0 271
 0 272
 0 273
 0 274
 0 275
 0 276
 0 277
 0 278
 0 279
 0 280
 0 281
 0 282
 0 283
 0 284
 0 285
 1 286
 0 287
 1 288
 1 289
 1 290
 0 291
 0 292
 0 293
 0 294
 1 295
 2 296
 0 297
 2 298
 1 299
 2 300
 1 301
 2 302
 1 303
 1 304
 2 305
 1 306
 1 307
 5 308
 3 309
 1 310
 2 311
 2 312
 0 313
 2 314
 3 315
 1 316
 2 317
 1 318
 2 319
 3 320
 3 321
 0 322
 2 323
 0 324
 1 325
 1 326
 0 327
 1 328
 2 329
 1 330
 0 331
 5 332
 2 333
 2 334
 2 335
 5 336
 2 337
 1 338
 0 339
 2 340
 0 341
 1 342
 2 343
 1 344
 1 345
 1 346
 4 347
 1 348
 0 349
 4 350
 1 351
 1 352
 1 353
 0 354
 2 355
 3 356
 3 357
 0 358
 1 359
 2 360
 2 361
 2 362
 1 363
 2 364
 2 365
 0 366
 2 367
 1 368
 0 369
 1 370
 2 371
 1 372
 1 373
 1 374
 3 375
 1 376
 0 377
 0 378
 0 379
 1 380
 3 381
 0 382
 0 383
 0 384
 0 385
 1 386
 0 387
 1 388
 0 389
 1 390
 0 391
 0 392
 0 393
 0 394
 0 395
 1 396
 1 397
 1 398
 0 399
 1 400
 0 401
 0 402
 0 403
 0 404
 1 405
 0 406
 0 407
 0 408
 1 409
 0 410
 0 411
 0 412
 0 413
 0 414
 0 415
 0 416
 0 417
 0 418
 0 419
 0 420
 0 421
 0 422
 0 423
 0 424
 0 425
 0 426
 0 427
 0 428
 0 429
 0 430
 0 431
 0 432
 0 433
 0 434
 0 435
 0 436
 0 437
 0 438
 0 439
 0 440
 0 441
 0 442
 0 443
 0 444
 0 445
 0 446
 0 447
 0 448
 0 449
 0 450
 0 451
 0 452
 0 453
 0 454
 0 455
 0 456
 0 457
 0 458
 0 459
 0 460
 0 461
 0 462
 0 463
 0 464
 0 465
 0 466
 0 467
 0 468
 0 469
 0 470
 0 471
 0 472
 0 473
 0 474
 0 475
 0 476
 0 477
 0 478
 0 479
 0 480
 0 481
 0 482
 0 483
 0 484
 0 485
 0 486
 0 487
 0 488
 0 489
 0 490
 0 491
 0 492
 0 493
 0 494
 0 495
 0 496
 0 497
 0 498
 0 499
 0 500
 0 501
 0 502
 0 503
 0 504
 0 505
 0 506
 0 507
 0 508
 0 509
 0 510
 0 511
 0 512
 0 513
 0 514
 0 515
 0 516
 0 517
 0 518
 0 519
 0 520
 0 521
 0 522
 0 523
 0 524
 0 525
 0 526
 0 527
 0 528
 0 529
 0 530
 0 531
 0 532
 0 533
 0 534
 0 535
 0 536
 0 537
 0 538
 0 539
 0 540
 0 541
 0 542
 0 543
 0 544
 0 545
 0 546
 0 547
 0 548
 0 549
 0 550
 0 551
 0 552
 0 553
 0 554
 0 555
 0 556
 0 557
 0 558
 0 559
 0 560
 0 561
 0 562
 0 563
 0 564
 0 565
 0 566
 0 567
 0 568
 0 569
 0 570
 0 571
 0 572
 0 573
 0 574
 0 575
 0 576
 0 577
 0 578
 0 579
 0 580
 0 581
 0 582
 0 583
 0 584
 0 585
 0 586
 0 587
 0 588
 0 589
 0 590
 0 591
 0 592
 0 593
 0 594
 0 595
 0 596
 0 597
 0 598
 0 599
 0 600


