# Created by Octave 3.8.2, Sat Jun 20 11:11:20 2020 CEST <damian@fptrucha.inv.usc.es>
# name: hd
# type: matrix
# rows: 551
# columns: 2
 0 50
 0 51
 0 52
 0 53
 0 54
 0 55
 0 56
 0 57
 0 58
 0 59
 0 60
 0 61
 0 62
 0 63
 0 64
 0 65
 0 66
 0 67
 0 68
 0 69
 0 70
 0 71
 0 72
 0 73
 0 74
 0 75
 0 76
 0 77
 0 78
 0 79
 0 80
 0 81
 0 82
 0 83
 0 84
 0 85
 0 86
 2 87
 8 88
 18 89
 91 90
 128 91
 214 92
 317 93
 446 94
 655 95
 968 96
 1316 97
 1495 98
 1602 99
 1839 100
 1766 101
 1800 102
 1777 103
 1818 104
 1704 105
 1633 106
 1541 107
 1440 108
 1320 109
 1308 110
 1179 111
 1023 112
 1002 113
 951 114
 857 115
 716 116
 655 117
 618 118
 542 119
 525 120
 434 121
 424 122
 353 123
 332 124
 303 125
 279 126
 240 127
 224 128
 208 129
 175 130
 175 131
 145 132
 147 133
 134 134
 143 135
 100 136
 100 137
 113 138
 92 139
 107 140
 74 141
 73 142
 66 143
 61 144
 56 145
 56 146
 55 147
 46 148
 39 149
 44 150
 46 151
 34 152
 44 153
 41 154
 24 155
 26 156
 30 157
 28 158
 27 159
 24 160
 25 161
 24 162
 20 163
 18 164
 15 165
 13 166
 15 167
 20 168
 21 169
 14 170
 11 171
 15 172
 9 173
 11 174
 12 175
 11 176
 11 177
 8 178
 11 179
 4 180
 3 181
 7 182
 4 183
 1 184
 1 185
 2 186
 3 187
 1 188
 2 189
 4 190
 0 191
 3 192
 3 193
 2 194
 2 195
 4 196
 2 197
 2 198
 1 199
 2 200
 0 201
 1 202
 2 203
 2 204
 0 205
 0 206
 0 207
 0 208
 0 209
 0 210
 0 211
 0 212
 0 213
 0 214
 0 215
 0 216
 0 217
 0 218
 0 219
 1 220
 1 221
 0 222
 0 223
 0 224
 0 225
 0 226
 0 227
 0 228
 0 229
 0 230
 0 231
 0 232
 0 233
 0 234
 0 235
 0 236
 2 237
 1 238
 0 239
 0 240
 0 241
 0 242
 0 243
 0 244
 0 245
 0 246
 0 247
 0 248
 0 249
 0 250
 0 251
 0 252
 0 253
 0 254
 0 255
 0 256
 0 257
 0 258
 0 259
 0 260
 0 261
 0 262
 0 263
 0 264
 0 265
 0 266
 0 267
 0 268
 0 269
 0 270
 0 271
 0 272
 0 273
 0 274
 0 275
 0 276
 0 277
 0 278
 0 279
 0 280
 0 281
 0 282
 0 283
 1 284
 0 285
 0 286
 0 287
 0 288
 0 289
 1 290
 1 291
 0 292
 1 293
 1 294
 0 295
 1 296
 1 297
 0 298
 0 299
 2 300
 0 301
 0 302
 2 303
 0 304
 0 305
 2 306
 1 307
 1 308
 1 309
 0 310
 1 311
 1 312
 1 313
 1 314
 2 315
 1 316
 0 317
 1 318
 2 319
 0 320
 2 321
 4 322
 0 323
 1 324
 1 325
 0 326
 1 327
 0 328
 1 329
 1 330
 3 331
 2 332
 1 333
 2 334
 0 335
 0 336
 1 337
 1 338
 4 339
 2 340
 2 341
 5 342
 0 343
 2 344
 1 345
 4 346
 4 347
 2 348
 2 349
 2 350
 0 351
 2 352
 1 353
 0 354
 0 355
 0 356
 1 357
 0 358
 2 359
 1 360
 0 361
 3 362
 1 363
 0 364
 1 365
 2 366
 1 367
 2 368
 1 369
 0 370
 0 371
 1 372
 0 373
 1 374
 1 375
 1 376
 1 377
 1 378
 0 379
 0 380
 0 381
 0 382
 1 383
 1 384
 0 385
 1 386
 1 387
 1 388
 0 389
 0 390
 1 391
 1 392
 0 393
 1 394
 3 395
 1 396
 0 397
 0 398
 1 399
 1 400
 0 401
 0 402
 1 403
 0 404
 0 405
 0 406
 0 407
 0 408
 0 409
 0 410
 0 411
 0 412
 1 413
 0 414
 1 415
 1 416
 0 417
 0 418
 0 419
 0 420
 1 421
 0 422
 0 423
 0 424
 0 425
 0 426
 0 427
 0 428
 0 429
 0 430
 0 431
 0 432
 0 433
 0 434
 0 435
 0 436
 0 437
 0 438
 0 439
 0 440
 0 441
 0 442
 0 443
 0 444
 0 445
 0 446
 0 447
 0 448
 0 449
 0 450
 0 451
 0 452
 0 453
 0 454
 0 455
 0 456
 0 457
 0 458
 0 459
 0 460
 0 461
 0 462
 0 463
 0 464
 0 465
 0 466
 0 467
 0 468
 0 469
 0 470
 0 471
 0 472
 0 473
 0 474
 0 475
 0 476
 0 477
 0 478
 0 479
 0 480
 0 481
 0 482
 0 483
 0 484
 0 485
 0 486
 0 487
 0 488
 0 489
 0 490
 0 491
 0 492
 0 493
 0 494
 0 495
 0 496
 0 497
 0 498
 0 499
 0 500
 0 501
 0 502
 0 503
 0 504
 0 505
 0 506
 0 507
 0 508
 0 509
 0 510
 0 511
 0 512
 0 513
 0 514
 0 515
 0 516
 0 517
 0 518
 0 519
 0 520
 0 521
 0 522
 0 523
 0 524
 0 525
 0 526
 0 527
 0 528
 0 529
 0 530
 0 531
 0 532
 0 533
 0 534
 0 535
 0 536
 0 537
 0 538
 0 539
 0 540
 0 541
 0 542
 0 543
 0 544
 0 545
 0 546
 0 547
 0 548
 0 549
 0 550
 0 551
 0 552
 0 553
 0 554
 0 555
 0 556
 0 557
 0 558
 0 559
 0 560
 0 561
 0 562
 0 563
 0 564
 0 565
 0 566
 0 567
 0 568
 0 569
 0 570
 0 571
 0 572
 0 573
 0 574
 0 575
 0 576
 0 577
 0 578
 0 579
 0 580
 0 581
 0 582
 0 583
 0 584
 0 585
 0 586
 0 587
 0 588
 0 589
 0 590
 0 591
 0 592
 0 593
 0 594
 0 595
 0 596
 0 597
 0 598
 0 599
 0 600


