# Created by Octave 3.8.2, Sun Jun 21 00:24:33 2020 CEST <damian@fptrucha.inv.usc.es>
# name: hd
# type: matrix
# rows: 551
# columns: 2
 0 50
 0 51
 0 52
 0 53
 0 54
 0 55
 0 56
 0 57
 0 58
 0 59
 0 60
 0 61
 0 62
 0 63
 0 64
 0 65
 0 66
 0 67
 0 68
 0 69
 0 70
 0 71
 0 72
 0 73
 0 74
 0 75
 0 76
 0 77
 0 78
 0 79
 0 80
 0 81
 0 82
 0 83
 0 84
 0 85
 0 86
 3 87
 9 88
 7 89
 67 90
 126 91
 210 92
 262 93
 373 94
 507 95
 771 96
 1009 97
 1208 98
 1299 99
 1567 100
 1507 101
 1607 102
 1536 103
 1487 104
 1449 105
 1404 106
 1321 107
 1296 108
 1203 109
 1186 110
 1048 111
 999 112
 971 113
 837 114
 778 115
 688 116
 646 117
 604 118
 557 119
 474 120
 442 121
 376 122
 327 123
 306 124
 275 125
 235 126
 219 127
 215 128
 204 129
 205 130
 134 131
 153 132
 144 133
 116 134
 135 135
 100 136
 101 137
 84 138
 79 139
 82 140
 75 141
 57 142
 61 143
 57 144
 62 145
 49 146
 50 147
 51 148
 46 149
 46 150
 42 151
 38 152
 36 153
 30 154
 39 155
 28 156
 23 157
 14 158
 28 159
 23 160
 22 161
 12 162
 21 163
 12 164
 19 165
 13 166
 12 167
 9 168
 7 169
 16 170
 10 171
 8 172
 5 173
 6 174
 5 175
 9 176
 3 177
 4 178
 6 179
 8 180
 4 181
 2 182
 2 183
 6 184
 3 185
 1 186
 3 187
 2 188
 3 189
 1 190
 3 191
 1 192
 2 193
 3 194
 0 195
 1 196
 1 197
 1 198
 0 199
 1 200
 4 201
 1 202
 1 203
 2 204
 1 205
 2 206
 1 207
 0 208
 1 209
 1 210
 0 211
 0 212
 1 213
 0 214
 0 215
 2 216
 1 217
 0 218
 1 219
 1 220
 0 221
 0 222
 0 223
 0 224
 0 225
 0 226
 1 227
 1 228
 1 229
 0 230
 0 231
 0 232
 0 233
 0 234
 0 235
 0 236
 0 237
 0 238
 0 239
 0 240
 0 241
 0 242
 0 243
 0 244
 0 245
 0 246
 0 247
 0 248
 0 249
 0 250
 0 251
 0 252
 0 253
 0 254
 0 255
 0 256
 0 257
 0 258
 0 259
 0 260
 0 261
 0 262
 0 263
 0 264
 0 265
 0 266
 0 267
 0 268
 0 269
 0 270
 0 271
 0 272
 0 273
 0 274
 0 275
 0 276
 0 277
 0 278
 0 279
 0 280
 0 281
 0 282
 0 283
 1 284
 0 285
 0 286
 0 287
 0 288
 0 289
 0 290
 0 291
 0 292
 0 293
 0 294
 0 295
 1 296
 0 297
 0 298
 0 299
 0 300
 0 301
 0 302
 1 303
 0 304
 1 305
 0 306
 1 307
 2 308
 1 309
 1 310
 1 311
 3 312
 0 313
 0 314
 1 315
 1 316
 1 317
 2 318
 5 319
 0 320
 3 321
 0 322
 1 323
 1 324
 3 325
 0 326
 2 327
 3 328
 1 329
 0 330
 3 331
 3 332
 4 333
 0 334
 4 335
 2 336
 1 337
 0 338
 1 339
 1 340
 1 341
 6 342
 3 343
 0 344
 0 345
 1 346
 3 347
 3 348
 2 349
 3 350
 1 351
 1 352
 2 353
 2 354
 0 355
 1 356
 0 357
 0 358
 1 359
 0 360
 1 361
 0 362
 2 363
 2 364
 1 365
 0 366
 1 367
 3 368
 0 369
 1 370
 0 371
 1 372
 0 373
 1 374
 0 375
 1 376
 0 377
 0 378
 0 379
 0 380
 0 381
 2 382
 2 383
 0 384
 0 385
 0 386
 0 387
 0 388
 1 389
 0 390
 0 391
 0 392
 0 393
 0 394
 0 395
 2 396
 0 397
 0 398
 0 399
 0 400
 0 401
 0 402
 0 403
 0 404
 0 405
 0 406
 0 407
 0 408
 0 409
 0 410
 0 411
 0 412
 0 413
 0 414
 0 415
 0 416
 0 417
 0 418
 0 419
 0 420
 0 421
 0 422
 0 423
 0 424
 0 425
 0 426
 0 427
 0 428
 0 429
 0 430
 0 431
 0 432
 0 433
 0 434
 0 435
 0 436
 0 437
 0 438
 0 439
 0 440
 0 441
 0 442
 0 443
 0 444
 0 445
 0 446
 0 447
 0 448
 0 449
 0 450
 0 451
 0 452
 0 453
 0 454
 0 455
 0 456
 0 457
 0 458
 0 459
 0 460
 0 461
 0 462
 0 463
 0 464
 0 465
 0 466
 0 467
 0 468
 0 469
 0 470
 0 471
 0 472
 0 473
 0 474
 0 475
 0 476
 0 477
 0 478
 0 479
 0 480
 0 481
 0 482
 0 483
 0 484
 0 485
 0 486
 0 487
 0 488
 0 489
 0 490
 0 491
 0 492
 0 493
 0 494
 0 495
 0 496
 0 497
 0 498
 0 499
 0 500
 0 501
 0 502
 0 503
 0 504
 0 505
 0 506
 0 507
 0 508
 0 509
 0 510
 0 511
 0 512
 0 513
 0 514
 0 515
 0 516
 0 517
 0 518
 0 519
 0 520
 0 521
 0 522
 0 523
 0 524
 0 525
 0 526
 0 527
 0 528
 0 529
 0 530
 0 531
 0 532
 0 533
 0 534
 0 535
 0 536
 0 537
 0 538
 0 539
 0 540
 0 541
 0 542
 0 543
 0 544
 0 545
 0 546
 0 547
 0 548
 0 549
 0 550
 0 551
 0 552
 0 553
 0 554
 0 555
 0 556
 0 557
 0 558
 0 559
 0 560
 0 561
 0 562
 0 563
 0 564
 0 565
 0 566
 0 567
 0 568
 0 569
 0 570
 0 571
 0 572
 0 573
 0 574
 0 575
 0 576
 0 577
 0 578
 0 579
 0 580
 0 581
 0 582
 0 583
 0 584
 0 585
 0 586
 0 587
 0 588
 0 589
 0 590
 0 591
 0 592
 0 593
 0 594
 0 595
 0 596
 0 597
 0 598
 0 599
 0 600


