# Created by Octave 3.8.2, Tue Jun 23 00:00:59 2020 CEST <damian@fptrucha.inv.usc.es>
# name: hd
# type: matrix
# rows: 551
# columns: 2
 0 50
 0 51
 0 52
 0 53
 0 54
 0 55
 0 56
 0 57
 0 58
 0 59
 0 60
 0 61
 0 62
 0 63
 0 64
 0 65
 0 66
 0 67
 0 68
 0 69
 0 70
 0 71
 0 72
 0 73
 0 74
 0 75
 0 76
 0 77
 0 78
 0 79
 0 80
 0 81
 0 82
 0 83
 0 84
 0 85
 0 86
 1 87
 9 88
 6 89
 65 90
 142 91
 250 92
 379 93
 453 94
 672 95
 989 96
 1325 97
 1481 98
 1699 99
 1890 100
 1944 101
 1875 102
 1813 103
 1848 104
 1729 105
 1607 106
 1532 107
 1452 108
 1237 109
 1251 110
 1025 111
 946 112
 919 113
 795 114
 727 115
 641 116
 572 117
 509 118
 502 119
 436 120
 377 121
 323 122
 293 123
 283 124
 238 125
 199 126
 207 127
 191 128
 174 129
 165 130
 174 131
 147 132
 127 133
 115 134
 124 135
 102 136
 104 137
 80 138
 87 139
 85 140
 70 141
 63 142
 52 143
 60 144
 57 145
 51 146
 41 147
 53 148
 51 149
 45 150
 42 151
 36 152
 38 153
 21 154
 43 155
 27 156
 26 157
 40 158
 28 159
 17 160
 32 161
 25 162
 17 163
 15 164
 16 165
 12 166
 17 167
 11 168
 10 169
 12 170
 10 171
 14 172
 8 173
 10 174
 9 175
 7 176
 4 177
 10 178
 11 179
 4 180
 4 181
 3 182
 5 183
 7 184
 5 185
 3 186
 1 187
 2 188
 3 189
 0 190
 3 191
 3 192
 4 193
 1 194
 2 195
 3 196
 1 197
 2 198
 1 199
 0 200
 1 201
 0 202
 1 203
 1 204
 1 205
 2 206
 0 207
 1 208
 0 209
 0 210
 0 211
 1 212
 0 213
 1 214
 1 215
 0 216
 0 217
 0 218
 1 219
 0 220
 0 221
 0 222
 0 223
 0 224
 0 225
 0 226
 0 227
 0 228
 0 229
 0 230
 0 231
 0 232
 1 233
 0 234
 0 235
 0 236
 1 237
 0 238
 0 239
 0 240
 0 241
 0 242
 0 243
 0 244
 0 245
 0 246
 0 247
 0 248
 0 249
 0 250
 0 251
 0 252
 0 253
 0 254
 0 255
 0 256
 0 257
 0 258
 0 259
 0 260
 0 261
 0 262
 0 263
 0 264
 0 265
 0 266
 0 267
 0 268
 0 269
 0 270
 0 271
 0 272
 0 273
 0 274
 0 275
 0 276
 0 277
 0 278
 0 279
 1 280
 1 281
 1 282
 0 283
 0 284
 1 285
 0 286
 0 287
 1 288
 1 289
 2 290
 0 291
 0 292
 0 293
 0 294
 0 295
 1 296
 1 297
 3 298
 0 299
 0 300
 0 301
 1 302
 1 303
 0 304
 1 305
 1 306
 2 307
 1 308
 2 309
 3 310
 0 311
 1 312
 1 313
 4 314
 3 315
 1 316
 3 317
 1 318
 3 319
 0 320
 3 321
 2 322
 0 323
 2 324
 2 325
 1 326
 0 327
 4 328
 0 329
 0 330
 1 331
 1 332
 5 333
 3 334
 2 335
 2 336
 0 337
 2 338
 3 339
 4 340
 3 341
 3 342
 1 343
 2 344
 6 345
 0 346
 0 347
 1 348
 5 349
 1 350
 3 351
 1 352
 0 353
 1 354
 1 355
 4 356
 1 357
 2 358
 1 359
 4 360
 1 361
 1 362
 1 363
 3 364
 0 365
 1 366
 2 367
 1 368
 1 369
 1 370
 0 371
 4 372
 1 373
 2 374
 0 375
 2 376
 0 377
 0 378
 1 379
 2 380
 1 381
 1 382
 0 383
 2 384
 1 385
 0 386
 0 387
 1 388
 0 389
 0 390
 0 391
 1 392
 0 393
 0 394
 0 395
 0 396
 0 397
 0 398
 0 399
 0 400
 1 401
 0 402
 1 403
 1 404
 0 405
 0 406
 0 407
 0 408
 0 409
 0 410
 0 411
 0 412
 0 413
 0 414
 1 415
 0 416
 0 417
 0 418
 0 419
 0 420
 0 421
 0 422
 0 423
 0 424
 0 425
 0 426
 0 427
 0 428
 0 429
 0 430
 0 431
 0 432
 0 433
 0 434
 0 435
 0 436
 0 437
 0 438
 0 439
 0 440
 0 441
 0 442
 0 443
 0 444
 0 445
 0 446
 0 447
 0 448
 0 449
 0 450
 0 451
 0 452
 0 453
 0 454
 0 455
 0 456
 0 457
 0 458
 0 459
 0 460
 0 461
 0 462
 0 463
 0 464
 0 465
 0 466
 0 467
 0 468
 0 469
 0 470
 0 471
 0 472
 0 473
 0 474
 0 475
 0 476
 0 477
 0 478
 0 479
 0 480
 0 481
 0 482
 0 483
 0 484
 0 485
 0 486
 0 487
 0 488
 0 489
 0 490
 0 491
 0 492
 0 493
 0 494
 0 495
 0 496
 0 497
 0 498
 0 499
 0 500
 0 501
 0 502
 0 503
 0 504
 0 505
 0 506
 0 507
 0 508
 0 509
 0 510
 0 511
 0 512
 0 513
 0 514
 0 515
 0 516
 0 517
 0 518
 0 519
 0 520
 0 521
 0 522
 0 523
 0 524
 0 525
 0 526
 0 527
 0 528
 0 529
 0 530
 0 531
 0 532
 0 533
 0 534
 0 535
 0 536
 0 537
 0 538
 0 539
 0 540
 0 541
 0 542
 0 543
 0 544
 0 545
 0 546
 0 547
 0 548
 0 549
 0 550
 0 551
 0 552
 0 553
 0 554
 0 555
 0 556
 0 557
 0 558
 0 559
 0 560
 0 561
 0 562
 0 563
 0 564
 0 565
 0 566
 0 567
 0 568
 0 569
 0 570
 0 571
 0 572
 0 573
 0 574
 0 575
 0 576
 0 577
 0 578
 0 579
 0 580
 0 581
 0 582
 0 583
 0 584
 0 585
 0 586
 0 587
 0 588
 0 589
 0 590
 0 591
 0 592
 0 593
 0 594
 0 595
 0 596
 0 597
 0 598
 0 599
 0 600


