# Created by Octave 3.8.2, Mon Jun 22 19:17:46 2020 CEST <damian@fptrucha.inv.usc.es>
# name: hd
# type: matrix
# rows: 551
# columns: 2
 0 50
 0 51
 0 52
 0 53
 0 54
 0 55
 0 56
 0 57
 0 58
 0 59
 0 60
 0 61
 0 62
 0 63
 0 64
 0 65
 0 66
 0 67
 0 68
 0 69
 0 70
 0 71
 0 72
 0 73
 0 74
 0 75
 0 76
 0 77
 0 78
 0 79
 0 80
 0 81
 0 82
 0 83
 0 84
 0 85
 0 86
 0 87
 3 88
 7 89
 39 90
 134 91
 194 92
 327 93
 402 94
 557 95
 811 96
 1295 97
 1536 98
 1630 99
 1800 100
 1848 101
 1860 102
 1921 103
 1769 104
 1782 105
 1662 106
 1486 107
 1470 108
 1384 109
 1253 110
 1053 111
 961 112
 905 113
 783 114
 713 115
 672 116
 544 117
 472 118
 442 119
 382 120
 345 121
 316 122
 250 123
 272 124
 248 125
 232 126
 183 127
 170 128
 145 129
 156 130
 138 131
 146 132
 123 133
 108 134
 90 135
 94 136
 74 137
 93 138
 65 139
 52 140
 75 141
 64 142
 66 143
 49 144
 59 145
 40 146
 46 147
 50 148
 46 149
 36 150
 38 151
 28 152
 30 153
 38 154
 34 155
 36 156
 25 157
 33 158
 23 159
 29 160
 23 161
 12 162
 22 163
 18 164
 13 165
 11 166
 17 167
 12 168
 14 169
 9 170
 11 171
 16 172
 8 173
 7 174
 8 175
 10 176
 4 177
 9 178
 8 179
 7 180
 7 181
 2 182
 1 183
 6 184
 5 185
 4 186
 3 187
 3 188
 3 189
 3 190
 3 191
 1 192
 3 193
 3 194
 3 195
 1 196
 3 197
 3 198
 3 199
 1 200
 1 201
 0 202
 2 203
 1 204
 0 205
 0 206
 1 207
 0 208
 2 209
 1 210
 0 211
 0 212
 1 213
 0 214
 0 215
 0 216
 0 217
 0 218
 1 219
 0 220
 0 221
 0 222
 0 223
 0 224
 0 225
 0 226
 0 227
 0 228
 0 229
 0 230
 0 231
 0 232
 0 233
 0 234
 0 235
 1 236
 1 237
 0 238
 0 239
 0 240
 0 241
 0 242
 0 243
 0 244
 0 245
 0 246
 0 247
 0 248
 0 249
 0 250
 0 251
 0 252
 0 253
 0 254
 0 255
 0 256
 0 257
 1 258
 0 259
 0 260
 0 261
 0 262
 0 263
 0 264
 0 265
 0 266
 0 267
 0 268
 0 269
 0 270
 0 271
 0 272
 0 273
 0 274
 0 275
 0 276
 0 277
 0 278
 0 279
 0 280
 0 281
 0 282
 0 283
 0 284
 0 285
 0 286
 0 287
 0 288
 0 289
 0 290
 2 291
 0 292
 2 293
 0 294
 0 295
 2 296
 1 297
 2 298
 0 299
 2 300
 1 301
 2 302
 0 303
 2 304
 1 305
 0 306
 1 307
 3 308
 2 309
 1 310
 2 311
 1 312
 4 313
 2 314
 1 315
 1 316
 3 317
 4 318
 3 319
 2 320
 1 321
 0 322
 5 323
 7 324
 2 325
 3 326
 3 327
 5 328
 1 329
 3 330
 1 331
 3 332
 1 333
 3 334
 0 335
 4 336
 5 337
 1 338
 1 339
 2 340
 2 341
 0 342
 0 343
 2 344
 2 345
 3 346
 2 347
 1 348
 3 349
 2 350
 3 351
 0 352
 1 353
 0 354
 2 355
 1 356
 1 357
 1 358
 2 359
 0 360
 1 361
 3 362
 1 363
 1 364
 3 365
 3 366
 1 367
 1 368
 1 369
 0 370
 1 371
 1 372
 2 373
 2 374
 1 375
 1 376
 0 377
 2 378
 0 379
 1 380
 1 381
 1 382
 0 383
 0 384
 0 385
 1 386
 0 387
 0 388
 0 389
 0 390
 1 391
 0 392
 0 393
 0 394
 0 395
 0 396
 0 397
 2 398
 0 399
 0 400
 0 401
 0 402
 0 403
 0 404
 0 405
 0 406
 0 407
 0 408
 0 409
 0 410
 0 411
 0 412
 0 413
 0 414
 0 415
 0 416
 0 417
 0 418
 0 419
 0 420
 0 421
 0 422
 0 423
 0 424
 0 425
 0 426
 0 427
 0 428
 0 429
 0 430
 0 431
 0 432
 0 433
 0 434
 0 435
 0 436
 0 437
 0 438
 0 439
 0 440
 0 441
 0 442
 0 443
 0 444
 0 445
 0 446
 0 447
 0 448
 0 449
 0 450
 0 451
 0 452
 0 453
 0 454
 0 455
 0 456
 0 457
 0 458
 0 459
 0 460
 0 461
 0 462
 0 463
 0 464
 0 465
 0 466
 0 467
 0 468
 0 469
 0 470
 0 471
 0 472
 0 473
 0 474
 0 475
 0 476
 0 477
 0 478
 0 479
 0 480
 0 481
 0 482
 0 483
 0 484
 0 485
 0 486
 0 487
 0 488
 0 489
 0 490
 0 491
 0 492
 0 493
 0 494
 0 495
 0 496
 0 497
 0 498
 0 499
 0 500
 0 501
 0 502
 0 503
 0 504
 0 505
 0 506
 0 507
 0 508
 0 509
 0 510
 0 511
 0 512
 0 513
 0 514
 0 515
 0 516
 0 517
 0 518
 0 519
 0 520
 0 521
 0 522
 0 523
 0 524
 0 525
 0 526
 0 527
 0 528
 0 529
 0 530
 0 531
 0 532
 0 533
 0 534
 0 535
 0 536
 0 537
 0 538
 0 539
 0 540
 0 541
 0 542
 0 543
 0 544
 0 545
 0 546
 0 547
 0 548
 0 549
 0 550
 0 551
 0 552
 0 553
 0 554
 0 555
 0 556
 0 557
 0 558
 0 559
 0 560
 0 561
 0 562
 0 563
 0 564
 0 565
 0 566
 0 567
 0 568
 0 569
 0 570
 0 571
 0 572
 0 573
 0 574
 0 575
 0 576
 0 577
 0 578
 0 579
 0 580
 0 581
 0 582
 0 583
 0 584
 0 585
 0 586
 0 587
 0 588
 0 589
 0 590
 0 591
 0 592
 0 593
 0 594
 0 595
 0 596
 0 597
 0 598
 0 599
 0 600


