# Created by Octave 3.8.2, Sun Jun 21 06:15:27 2020 CEST <damian@fptrucha.inv.usc.es>
# name: hd
# type: matrix
# rows: 551
# columns: 2
 0 50
 0 51
 0 52
 0 53
 0 54
 0 55
 0 56
 0 57
 0 58
 0 59
 0 60
 0 61
 0 62
 0 63
 0 64
 0 65
 0 66
 0 67
 0 68
 0 69
 0 70
 0 71
 0 72
 0 73
 0 74
 0 75
 0 76
 0 77
 0 78
 0 79
 0 80
 0 81
 0 82
 0 83
 0 84
 0 85
 1 86
 2 87
 6 88
 25 89
 78 90
 110 91
 213 92
 272 93
 344 94
 550 95
 774 96
 1070 97
 1237 98
 1328 99
 1487 100
 1526 101
 1478 102
 1506 103
 1464 104
 1517 105
 1383 106
 1348 107
 1248 108
 1168 109
 1180 110
 1083 111
 968 112
 924 113
 883 114
 856 115
 711 116
 606 117
 622 118
 550 119
 502 120
 450 121
 419 122
 345 123
 344 124
 298 125
 235 126
 231 127
 225 128
 205 129
 173 130
 142 131
 167 132
 136 133
 120 134
 121 135
 109 136
 88 137
 84 138
 87 139
 66 140
 62 141
 71 142
 43 143
 53 144
 53 145
 57 146
 52 147
 50 148
 41 149
 43 150
 39 151
 40 152
 23 153
 28 154
 25 155
 28 156
 28 157
 27 158
 14 159
 27 160
 20 161
 20 162
 15 163
 15 164
 14 165
 19 166
 10 167
 15 168
 8 169
 17 170
 7 171
 7 172
 11 173
 9 174
 10 175
 7 176
 7 177
 2 178
 4 179
 4 180
 7 181
 3 182
 3 183
 2 184
 0 185
 3 186
 2 187
 4 188
 3 189
 1 190
 0 191
 3 192
 2 193
 1 194
 2 195
 2 196
 2 197
 1 198
 3 199
 0 200
 0 201
 0 202
 0 203
 1 204
 0 205
 0 206
 2 207
 0 208
 1 209
 0 210
 0 211
 1 212
 0 213
 0 214
 0 215
 0 216
 0 217
 0 218
 0 219
 0 220
 0 221
 0 222
 1 223
 0 224
 0 225
 0 226
 0 227
 0 228
 0 229
 0 230
 0 231
 1 232
 0 233
 0 234
 0 235
 0 236
 0 237
 0 238
 0 239
 0 240
 0 241
 0 242
 0 243
 0 244
 0 245
 0 246
 0 247
 0 248
 0 249
 0 250
 0 251
 0 252
 0 253
 0 254
 0 255
 0 256
 0 257
 0 258
 0 259
 0 260
 0 261
 0 262
 0 263
 0 264
 0 265
 0 266
 0 267
 0 268
 0 269
 0 270
 0 271
 0 272
 1 273
 0 274
 0 275
 0 276
 0 277
 0 278
 0 279
 0 280
 0 281
 0 282
 0 283
 1 284
 0 285
 0 286
 1 287
 0 288
 0 289
 0 290
 1 291
 1 292
 0 293
 0 294
 2 295
 1 296
 0 297
 1 298
 0 299
 0 300
 1 301
 0 302
 0 303
 1 304
 0 305
 1 306
 0 307
 0 308
 1 309
 2 310
 1 311
 2 312
 1 313
 0 314
 1 315
 1 316
 0 317
 4 318
 1 319
 1 320
 4 321
 0 322
 1 323
 2 324
 2 325
 0 326
 2 327
 2 328
 3 329
 1 330
 0 331
 1 332
 2 333
 2 334
 6 335
 2 336
 4 337
 1 338
 2 339
 2 340
 1 341
 0 342
 1 343
 0 344
 3 345
 1 346
 3 347
 3 348
 1 349
 2 350
 0 351
 0 352
 2 353
 1 354
 1 355
 2 356
 2 357
 0 358
 2 359
 1 360
 0 361
 0 362
 1 363
 2 364
 2 365
 0 366
 1 367
 0 368
 1 369
 0 370
 1 371
 2 372
 0 373
 2 374
 0 375
 0 376
 1 377
 1 378
 0 379
 0 380
 1 381
 1 382
 1 383
 0 384
 0 385
 0 386
 1 387
 0 388
 0 389
 0 390
 0 391
 1 392
 1 393
 1 394
 0 395
 3 396
 0 397
 0 398
 0 399
 0 400
 0 401
 0 402
 0 403
 0 404
 0 405
 0 406
 0 407
 0 408
 0 409
 0 410
 0 411
 0 412
 0 413
 0 414
 1 415
 0 416
 0 417
 0 418
 0 419
 0 420
 0 421
 0 422
 0 423
 0 424
 0 425
 0 426
 0 427
 0 428
 0 429
 0 430
 0 431
 0 432
 0 433
 0 434
 0 435
 0 436
 0 437
 0 438
 0 439
 0 440
 0 441
 0 442
 0 443
 0 444
 0 445
 0 446
 0 447
 0 448
 0 449
 0 450
 0 451
 0 452
 0 453
 0 454
 0 455
 0 456
 0 457
 0 458
 0 459
 0 460
 0 461
 0 462
 0 463
 0 464
 0 465
 0 466
 0 467
 0 468
 0 469
 0 470
 0 471
 0 472
 0 473
 0 474
 0 475
 0 476
 0 477
 0 478
 0 479
 0 480
 0 481
 0 482
 0 483
 0 484
 0 485
 0 486
 0 487
 0 488
 0 489
 0 490
 0 491
 0 492
 0 493
 0 494
 0 495
 0 496
 0 497
 0 498
 0 499
 0 500
 0 501
 0 502
 0 503
 0 504
 0 505
 0 506
 0 507
 0 508
 0 509
 0 510
 0 511
 0 512
 0 513
 0 514
 0 515
 0 516
 0 517
 0 518
 0 519
 0 520
 0 521
 0 522
 0 523
 0 524
 0 525
 0 526
 0 527
 0 528
 0 529
 0 530
 0 531
 0 532
 0 533
 0 534
 0 535
 0 536
 0 537
 0 538
 0 539
 0 540
 0 541
 0 542
 0 543
 0 544
 0 545
 0 546
 0 547
 0 548
 0 549
 0 550
 0 551
 0 552
 0 553
 0 554
 0 555
 0 556
 0 557
 0 558
 0 559
 0 560
 0 561
 0 562
 0 563
 0 564
 0 565
 0 566
 0 567
 0 568
 0 569
 0 570
 0 571
 0 572
 0 573
 0 574
 0 575
 0 576
 0 577
 0 578
 0 579
 0 580
 0 581
 0 582
 0 583
 0 584
 0 585
 0 586
 0 587
 0 588
 0 589
 0 590
 0 591
 0 592
 0 593
 0 594
 0 595
 0 596
 0 597
 0 598
 0 599
 0 600


