# Created by Octave 3.8.2, Sat Jun 20 21:14:38 2020 CEST <damian@fptrucha.inv.usc.es>
# name: hd
# type: matrix
# rows: 551
# columns: 2
 0 50
 0 51
 0 52
 0 53
 0 54
 0 55
 0 56
 0 57
 0 58
 0 59
 0 60
 0 61
 0 62
 0 63
 0 64
 0 65
 0 66
 0 67
 0 68
 0 69
 0 70
 0 71
 0 72
 0 73
 0 74
 0 75
 0 76
 0 77
 0 78
 0 79
 0 80
 0 81
 0 82
 0 83
 0 84
 0 85
 1 86
 1 87
 5 88
 13 89
 60 90
 95 91
 213 92
 278 93
 372 94
 562 95
 783 96
 1130 97
 1239 98
 1361 99
 1508 100
 1534 101
 1597 102
 1546 103
 1532 104
 1560 105
 1405 106
 1354 107
 1251 108
 1230 109
 1123 110
 1098 111
 975 112
 905 113
 834 114
 781 115
 684 116
 662 117
 621 118
 558 119
 497 120
 432 121
 387 122
 353 123
 292 124
 321 125
 251 126
 229 127
 212 128
 186 129
 174 130
 173 131
 148 132
 122 133
 135 134
 112 135
 126 136
 90 137
 98 138
 90 139
 76 140
 59 141
 78 142
 70 143
 59 144
 44 145
 65 146
 61 147
 45 148
 46 149
 40 150
 26 151
 36 152
 34 153
 37 154
 29 155
 33 156
 25 157
 21 158
 28 159
 26 160
 17 161
 17 162
 15 163
 21 164
 23 165
 16 166
 14 167
 15 168
 11 169
 9 170
 8 171
 9 172
 13 173
 9 174
 8 175
 8 176
 10 177
 12 178
 4 179
 4 180
 7 181
 4 182
 4 183
 3 184
 1 185
 3 186
 4 187
 5 188
 2 189
 4 190
 6 191
 1 192
 3 193
 3 194
 1 195
 4 196
 0 197
 0 198
 0 199
 0 200
 3 201
 0 202
 0 203
 1 204
 1 205
 1 206
 1 207
 0 208
 0 209
 0 210
 0 211
 1 212
 0 213
 0 214
 0 215
 0 216
 1 217
 0 218
 0 219
 0 220
 0 221
 2 222
 0 223
 0 224
 1 225
 0 226
 0 227
 0 228
 0 229
 0 230
 0 231
 0 232
 0 233
 1 234
 0 235
 0 236
 0 237
 0 238
 0 239
 0 240
 0 241
 0 242
 1 243
 0 244
 0 245
 0 246
 0 247
 0 248
 0 249
 0 250
 0 251
 0 252
 0 253
 0 254
 0 255
 0 256
 0 257
 0 258
 0 259
 0 260
 0 261
 0 262
 0 263
 0 264
 0 265
 0 266
 0 267
 0 268
 0 269
 0 270
 0 271
 0 272
 0 273
 1 274
 0 275
 0 276
 0 277
 0 278
 0 279
 0 280
 0 281
 0 282
 0 283
 0 284
 0 285
 0 286
 0 287
 0 288
 0 289
 0 290
 0 291
 1 292
 1 293
 0 294
 0 295
 0 296
 0 297
 0 298
 0 299
 1 300
 1 301
 1 302
 0 303
 0 304
 0 305
 3 306
 0 307
 0 308
 2 309
 0 310
 0 311
 1 312
 1 313
 1 314
 1 315
 1 316
 4 317
 4 318
 1 319
 0 320
 2 321
 2 322
 1 323
 1 324
 4 325
 1 326
 4 327
 1 328
 2 329
 2 330
 0 331
 2 332
 2 333
 2 334
 1 335
 1 336
 0 337
 1 338
 3 339
 3 340
 2 341
 2 342
 0 343
 0 344
 7 345
 2 346
 4 347
 0 348
 1 349
 3 350
 5 351
 2 352
 0 353
 1 354
 2 355
 1 356
 0 357
 2 358
 0 359
 2 360
 0 361
 2 362
 1 363
 0 364
 1 365
 1 366
 0 367
 0 368
 1 369
 0 370
 0 371
 3 372
 2 373
 0 374
 4 375
 0 376
 0 377
 0 378
 0 379
 1 380
 0 381
 1 382
 1 383
 0 384
 0 385
 0 386
 1 387
 1 388
 0 389
 0 390
 0 391
 0 392
 0 393
 0 394
 1 395
 0 396
 0 397
 0 398
 0 399
 0 400
 0 401
 0 402
 0 403
 0 404
 0 405
 0 406
 0 407
 0 408
 0 409
 0 410
 0 411
 0 412
 2 413
 0 414
 0 415
 0 416
 0 417
 0 418
 0 419
 1 420
 0 421
 1 422
 0 423
 0 424
 0 425
 0 426
 0 427
 0 428
 0 429
 0 430
 0 431
 0 432
 0 433
 1 434
 0 435
 0 436
 0 437
 0 438
 0 439
 0 440
 0 441
 0 442
 0 443
 0 444
 0 445
 0 446
 0 447
 0 448
 0 449
 0 450
 0 451
 0 452
 0 453
 0 454
 0 455
 0 456
 0 457
 0 458
 0 459
 0 460
 0 461
 0 462
 0 463
 0 464
 0 465
 0 466
 0 467
 0 468
 0 469
 0 470
 0 471
 0 472
 0 473
 0 474
 0 475
 0 476
 0 477
 0 478
 0 479
 0 480
 0 481
 0 482
 0 483
 0 484
 0 485
 0 486
 0 487
 0 488
 0 489
 0 490
 0 491
 0 492
 0 493
 0 494
 0 495
 0 496
 0 497
 0 498
 0 499
 0 500
 0 501
 0 502
 0 503
 0 504
 0 505
 0 506
 0 507
 0 508
 0 509
 0 510
 0 511
 0 512
 0 513
 0 514
 0 515
 0 516
 0 517
 0 518
 0 519
 0 520
 0 521
 0 522
 0 523
 0 524
 0 525
 0 526
 0 527
 0 528
 0 529
 0 530
 0 531
 0 532
 0 533
 0 534
 0 535
 0 536
 0 537
 0 538
 0 539
 0 540
 0 541
 0 542
 0 543
 0 544
 0 545
 0 546
 0 547
 0 548
 0 549
 0 550
 0 551
 0 552
 0 553
 0 554
 0 555
 0 556
 0 557
 0 558
 0 559
 0 560
 0 561
 0 562
 0 563
 0 564
 0 565
 0 566
 0 567
 0 568
 0 569
 0 570
 0 571
 0 572
 0 573
 0 574
 0 575
 0 576
 0 577
 0 578
 0 579
 0 580
 0 581
 0 582
 0 583
 0 584
 0 585
 0 586
 0 587
 0 588
 0 589
 0 590
 0 591
 0 592
 0 593
 0 594
 0 595
 0 596
 0 597
 0 598
 0 599
 0 600


