# Created by Octave 3.8.2, Sat Jun 20 17:59:00 2020 CEST <damian@fptrucha.inv.usc.es>
# name: hd
# type: matrix
# rows: 551
# columns: 2
 0 50
 0 51
 0 52
 0 53
 0 54
 0 55
 0 56
 0 57
 0 58
 0 59
 0 60
 0 61
 0 62
 0 63
 0 64
 0 65
 0 66
 0 67
 0 68
 0 69
 0 70
 0 71
 0 72
 0 73
 0 74
 0 75
 0 76
 0 77
 0 78
 0 79
 0 80
 0 81
 0 82
 0 83
 0 84
 0 85
 0 86
 0 87
 7 88
 13 89
 58 90
 135 91
 199 92
 281 93
 373 94
 567 95
 798 96
 1110 97
 1224 98
 1340 99
 1532 100
 1647 101
 1585 102
 1520 103
 1545 104
 1514 105
 1456 106
 1367 107
 1233 108
 1241 109
 1186 110
 1073 111
 1022 112
 943 113
 865 114
 801 115
 711 116
 629 117
 563 118
 525 119
 486 120
 443 121
 419 122
 357 123
 312 124
 321 125
 258 126
 249 127
 251 128
 194 129
 178 130
 155 131
 165 132
 159 133
 117 134
 144 135
 113 136
 88 137
 104 138
 96 139
 97 140
 81 141
 68 142
 81 143
 58 144
 60 145
 54 146
 55 147
 40 148
 51 149
 55 150
 33 151
 45 152
 39 153
 34 154
 33 155
 32 156
 28 157
 22 158
 25 159
 30 160
 17 161
 19 162
 31 163
 14 164
 14 165
 7 166
 19 167
 12 168
 7 169
 10 170
 9 171
 10 172
 12 173
 8 174
 8 175
 9 176
 5 177
 11 178
 5 179
 2 180
 10 181
 2 182
 3 183
 4 184
 1 185
 3 186
 4 187
 1 188
 0 189
 2 190
 0 191
 2 192
 1 193
 3 194
 2 195
 1 196
 0 197
 1 198
 3 199
 1 200
 1 201
 0 202
 1 203
 1 204
 0 205
 3 206
 0 207
 0 208
 0 209
 0 210
 0 211
 2 212
 0 213
 0 214
 0 215
 1 216
 0 217
 0 218
 0 219
 0 220
 0 221
 0 222
 0 223
 1 224
 1 225
 1 226
 0 227
 0 228
 0 229
 0 230
 1 231
 0 232
 0 233
 1 234
 0 235
 0 236
 0 237
 0 238
 0 239
 0 240
 0 241
 0 242
 0 243
 0 244
 0 245
 0 246
 0 247
 0 248
 0 249
 0 250
 0 251
 0 252
 0 253
 0 254
 0 255
 0 256
 0 257
 0 258
 0 259
 0 260
 0 261
 0 262
 0 263
 0 264
 0 265
 0 266
 0 267
 0 268
 0 269
 0 270
 0 271
 0 272
 0 273
 0 274
 0 275
 0 276
 0 277
 0 278
 0 279
 0 280
 0 281
 0 282
 0 283
 0 284
 0 285
 1 286
 0 287
 0 288
 0 289
 1 290
 0 291
 2 292
 0 293
 0 294
 0 295
 0 296
 1 297
 0 298
 1 299
 0 300
 1 301
 1 302
 1 303
 0 304
 0 305
 0 306
 4 307
 1 308
 1 309
 0 310
 2 311
 2 312
 2 313
 1 314
 0 315
 1 316
 2 317
 1 318
 2 319
 1 320
 5 321
 3 322
 0 323
 1 324
 1 325
 1 326
 5 327
 3 328
 4 329
 2 330
 1 331
 1 332
 1 333
 2 334
 1 335
 1 336
 1 337
 0 338
 0 339
 0 340
 3 341
 2 342
 2 343
 3 344
 1 345
 0 346
 1 347
 2 348
 2 349
 1 350
 0 351
 1 352
 0 353
 1 354
 0 355
 3 356
 1 357
 0 358
 1 359
 2 360
 2 361
 2 362
 1 363
 1 364
 0 365
 0 366
 0 367
 2 368
 3 369
 0 370
 1 371
 0 372
 1 373
 1 374
 2 375
 0 376
 1 377
 2 378
 0 379
 2 380
 0 381
 1 382
 0 383
 0 384
 3 385
 0 386
 2 387
 0 388
 0 389
 0 390
 1 391
 2 392
 1 393
 0 394
 0 395
 1 396
 0 397
 0 398
 0 399
 0 400
 0 401
 1 402
 0 403
 0 404
 0 405
 0 406
 1 407
 0 408
 0 409
 1 410
 0 411
 0 412
 0 413
 1 414
 0 415
 0 416
 0 417
 0 418
 0 419
 0 420
 0 421
 0 422
 0 423
 0 424
 1 425
 0 426
 0 427
 0 428
 0 429
 0 430
 0 431
 0 432
 0 433
 0 434
 0 435
 0 436
 0 437
 0 438
 0 439
 0 440
 0 441
 0 442
 0 443
 0 444
 0 445
 0 446
 0 447
 0 448
 0 449
 0 450
 0 451
 0 452
 0 453
 0 454
 0 455
 0 456
 0 457
 0 458
 0 459
 0 460
 0 461
 0 462
 0 463
 0 464
 0 465
 0 466
 0 467
 0 468
 0 469
 0 470
 0 471
 0 472
 0 473
 0 474
 0 475
 0 476
 0 477
 0 478
 0 479
 0 480
 0 481
 0 482
 0 483
 0 484
 0 485
 0 486
 0 487
 0 488
 0 489
 0 490
 0 491
 0 492
 0 493
 0 494
 0 495
 0 496
 0 497
 0 498
 0 499
 0 500
 0 501
 0 502
 0 503
 0 504
 0 505
 0 506
 0 507
 0 508
 0 509
 0 510
 0 511
 0 512
 0 513
 0 514
 0 515
 0 516
 0 517
 0 518
 0 519
 0 520
 0 521
 0 522
 0 523
 0 524
 0 525
 0 526
 0 527
 0 528
 0 529
 0 530
 0 531
 0 532
 0 533
 0 534
 0 535
 0 536
 0 537
 0 538
 0 539
 0 540
 0 541
 0 542
 0 543
 0 544
 0 545
 0 546
 0 547
 0 548
 0 549
 0 550
 0 551
 0 552
 0 553
 0 554
 0 555
 0 556
 0 557
 0 558
 0 559
 0 560
 0 561
 0 562
 0 563
 0 564
 0 565
 0 566
 0 567
 0 568
 0 569
 0 570
 0 571
 0 572
 0 573
 0 574
 0 575
 0 576
 0 577
 0 578
 0 579
 0 580
 0 581
 0 582
 0 583
 0 584
 0 585
 0 586
 0 587
 0 588
 0 589
 0 590
 0 591
 0 592
 0 593
 0 594
 0 595
 0 596
 0 597
 0 598
 0 599
 0 600


