# Created by Octave 3.8.2, Sat Jun 20 13:10:25 2020 CEST <damian@fptrucha.inv.usc.es>
# name: hd
# type: matrix
# rows: 551
# columns: 2
 0 50
 0 51
 0 52
 0 53
 0 54
 0 55
 0 56
 0 57
 0 58
 0 59
 0 60
 0 61
 0 62
 0 63
 0 64
 0 65
 0 66
 0 67
 0 68
 0 69
 0 70
 0 71
 0 72
 0 73
 0 74
 0 75
 0 76
 0 77
 0 78
 0 79
 0 80
 0 81
 0 82
 0 83
 0 84
 0 85
 0 86
 4 87
 3 88
 17 89
 74 90
 167 91
 212 92
 324 93
 396 94
 652 95
 962 96
 1208 97
 1382 98
 1547 99
 1714 100
 1793 101
 1812 102
 1778 103
 1705 104
 1715 105
 1595 106
 1563 107
 1405 108
 1389 109
 1261 110
 1192 111
 1116 112
 980 113
 856 114
 793 115
 728 116
 674 117
 627 118
 562 119
 522 120
 476 121
 388 122
 383 123
 286 124
 310 125
 271 126
 268 127
 211 128
 184 129
 198 130
 156 131
 180 132
 140 133
 153 134
 131 135
 119 136
 105 137
 99 138
 84 139
 94 140
 72 141
 76 142
 81 143
 69 144
 56 145
 61 146
 63 147
 57 148
 49 149
 36 150
 50 151
 39 152
 43 153
 37 154
 36 155
 28 156
 26 157
 39 158
 35 159
 21 160
 23 161
 25 162
 25 163
 20 164
 16 165
 24 166
 20 167
 19 168
 6 169
 17 170
 7 171
 5 172
 14 173
 8 174
 12 175
 5 176
 6 177
 4 178
 6 179
 6 180
 7 181
 8 182
 6 183
 8 184
 5 185
 2 186
 1 187
 3 188
 2 189
 3 190
 3 191
 4 192
 3 193
 1 194
 0 195
 2 196
 1 197
 1 198
 2 199
 0 200
 2 201
 1 202
 1 203
 0 204
 0 205
 1 206
 0 207
 2 208
 1 209
 1 210
 0 211
 0 212
 0 213
 1 214
 0 215
 2 216
 1 217
 1 218
 1 219
 0 220
 0 221
 0 222
 0 223
 0 224
 0 225
 1 226
 0 227
 0 228
 0 229
 0 230
 0 231
 0 232
 1 233
 0 234
 0 235
 0 236
 0 237
 0 238
 0 239
 0 240
 0 241
 0 242
 0 243
 0 244
 1 245
 0 246
 0 247
 0 248
 0 249
 0 250
 0 251
 0 252
 0 253
 0 254
 0 255
 0 256
 1 257
 0 258
 0 259
 0 260
 0 261
 0 262
 0 263
 0 264
 0 265
 0 266
 0 267
 0 268
 0 269
 0 270
 0 271
 0 272
 0 273
 0 274
 0 275
 0 276
 0 277
 0 278
 0 279
 0 280
 0 281
 0 282
 0 283
 1 284
 0 285
 0 286
 1 287
 0 288
 0 289
 0 290
 0 291
 0 292
 0 293
 1 294
 0 295
 0 296
 1 297
 1 298
 0 299
 1 300
 1 301
 0 302
 1 303
 1 304
 0 305
 3 306
 0 307
 2 308
 3 309
 0 310
 1 311
 2 312
 1 313
 1 314
 3 315
 0 316
 4 317
 2 318
 2 319
 1 320
 2 321
 0 322
 1 323
 1 324
 3 325
 0 326
 3 327
 0 328
 2 329
 1 330
 2 331
 5 332
 5 333
 0 334
 1 335
 0 336
 0 337
 2 338
 1 339
 3 340
 3 341
 2 342
 0 343
 4 344
 3 345
 2 346
 2 347
 0 348
 4 349
 2 350
 1 351
 1 352
 2 353
 0 354
 0 355
 0 356
 3 357
 2 358
 1 359
 1 360
 1 361
 0 362
 2 363
 0 364
 2 365
 3 366
 1 367
 0 368
 1 369
 1 370
 3 371
 1 372
 1 373
 0 374
 0 375
 0 376
 0 377
 0 378
 0 379
 0 380
 0 381
 0 382
 0 383
 0 384
 1 385
 1 386
 0 387
 0 388
 0 389
 0 390
 0 391
 1 392
 0 393
 0 394
 1 395
 0 396
 0 397
 0 398
 0 399
 0 400
 0 401
 0 402
 0 403
 0 404
 0 405
 0 406
 0 407
 0 408
 0 409
 0 410
 0 411
 0 412
 0 413
 0 414
 0 415
 0 416
 0 417
 0 418
 0 419
 0 420
 0 421
 0 422
 1 423
 0 424
 1 425
 0 426
 0 427
 0 428
 0 429
 0 430
 0 431
 0 432
 0 433
 0 434
 0 435
 0 436
 0 437
 0 438
 0 439
 0 440
 0 441
 0 442
 0 443
 0 444
 0 445
 0 446
 0 447
 0 448
 0 449
 0 450
 0 451
 0 452
 0 453
 0 454
 0 455
 0 456
 0 457
 0 458
 0 459
 0 460
 0 461
 0 462
 0 463
 0 464
 0 465
 0 466
 0 467
 0 468
 0 469
 0 470
 0 471
 0 472
 0 473
 0 474
 0 475
 0 476
 0 477
 0 478
 0 479
 0 480
 0 481
 0 482
 0 483
 0 484
 0 485
 0 486
 0 487
 0 488
 0 489
 0 490
 0 491
 0 492
 0 493
 0 494
 0 495
 0 496
 0 497
 0 498
 0 499
 0 500
 0 501
 0 502
 0 503
 0 504
 0 505
 0 506
 0 507
 0 508
 0 509
 0 510
 0 511
 0 512
 0 513
 0 514
 0 515
 0 516
 0 517
 0 518
 0 519
 0 520
 0 521
 0 522
 0 523
 0 524
 0 525
 0 526
 0 527
 0 528
 0 529
 0 530
 0 531
 0 532
 0 533
 0 534
 0 535
 0 536
 0 537
 0 538
 0 539
 0 540
 0 541
 0 542
 0 543
 0 544
 0 545
 0 546
 0 547
 0 548
 0 549
 0 550
 0 551
 0 552
 0 553
 0 554
 0 555
 0 556
 0 557
 0 558
 0 559
 0 560
 0 561
 0 562
 0 563
 0 564
 0 565
 0 566
 0 567
 0 568
 0 569
 0 570
 0 571
 0 572
 0 573
 0 574
 0 575
 0 576
 0 577
 0 578
 0 579
 0 580
 0 581
 0 582
 0 583
 0 584
 0 585
 0 586
 0 587
 0 588
 0 589
 0 590
 0 591
 0 592
 0 593
 0 594
 0 595
 0 596
 0 597
 0 598
 0 599
 0 600


