# Created by Octave 3.8.2, Sat Jun 20 02:05:40 2020 CEST <damian@fptrucha.inv.usc.es>
# name: hd
# type: matrix
# rows: 551
# columns: 2
 0 50
 0 51
 0 52
 0 53
 0 54
 0 55
 0 56
 0 57
 0 58
 0 59
 0 60
 0 61
 0 62
 0 63
 0 64
 0 65
 0 66
 0 67
 0 68
 0 69
 0 70
 0 71
 0 72
 0 73
 0 74
 0 75
 0 76
 0 77
 0 78
 0 79
 0 80
 0 81
 0 82
 0 83
 0 84
 0 85
 0 86
 0 87
 11 88
 14 89
 69 90
 134 91
 190 92
 289 93
 415 94
 593 95
 848 96
 1163 97
 1258 98
 1447 99
 1627 100
 1697 101
 1671 102
 1702 103
 1700 104
 1584 105
 1504 106
 1469 107
 1413 108
 1242 109
 1266 110
 1122 111
 1045 112
 951 113
 888 114
 754 115
 758 116
 741 117
 608 118
 589 119
 513 120
 504 121
 410 122
 389 123
 355 124
 342 125
 286 126
 291 127
 234 128
 219 129
 213 130
 205 131
 152 132
 161 133
 164 134
 153 135
 133 136
 125 137
 106 138
 100 139
 109 140
 113 141
 95 142
 78 143
 64 144
 74 145
 67 146
 82 147
 64 148
 67 149
 58 150
 59 151
 59 152
 52 153
 42 154
 49 155
 43 156
 47 157
 40 158
 35 159
 27 160
 36 161
 28 162
 18 163
 28 164
 17 165
 26 166
 19 167
 12 168
 23 169
 21 170
 14 171
 11 172
 11 173
 12 174
 11 175
 10 176
 10 177
 8 178
 6 179
 6 180
 8 181
 5 182
 9 183
 13 184
 7 185
 5 186
 1 187
 8 188
 4 189
 7 190
 5 191
 2 192
 4 193
 3 194
 1 195
 2 196
 2 197
 4 198
 3 199
 2 200
 4 201
 1 202
 2 203
 2 204
 1 205
 0 206
 2 207
 1 208
 1 209
 0 210
 0 211
 0 212
 0 213
 0 214
 1 215
 1 216
 1 217
 2 218
 0 219
 1 220
 0 221
 0 222
 0 223
 0 224
 0 225
 0 226
 1 227
 0 228
 0 229
 0 230
 0 231
 0 232
 0 233
 0 234
 0 235
 0 236
 0 237
 0 238
 0 239
 0 240
 0 241
 0 242
 0 243
 0 244
 0 245
 0 246
 0 247
 0 248
 0 249
 0 250
 0 251
 0 252
 0 253
 1 254
 0 255
 0 256
 0 257
 0 258
 0 259
 0 260
 0 261
 0 262
 0 263
 0 264
 0 265
 0 266
 0 267
 0 268
 0 269
 0 270
 0 271
 0 272
 0 273
 0 274
 0 275
 0 276
 0 277
 0 278
 0 279
 0 280
 1 281
 0 282
 0 283
 0 284
 0 285
 0 286
 1 287
 0 288
 0 289
 3 290
 1 291
 0 292
 2 293
 1 294
 2 295
 0 296
 3 297
 2 298
 0 299
 2 300
 0 301
 0 302
 1 303
 3 304
 2 305
 1 306
 1 307
 5 308
 3 309
 3 310
 1 311
 2 312
 2 313
 3 314
 1 315
 0 316
 3 317
 5 318
 6 319
 2 320
 4 321
 0 322
 2 323
 4 324
 2 325
 2 326
 0 327
 1 328
 8 329
 3 330
 4 331
 2 332
 3 333
 2 334
 0 335
 1 336
 0 337
 1 338
 0 339
 2 340
 3 341
 1 342
 3 343
 1 344
 2 345
 2 346
 4 347
 2 348
 2 349
 4 350
 1 351
 3 352
 1 353
 3 354
 4 355
 0 356
 2 357
 5 358
 0 359
 1 360
 1 361
 0 362
 2 363
 0 364
 3 365
 1 366
 2 367
 1 368
 1 369
 0 370
 2 371
 1 372
 0 373
 0 374
 0 375
 0 376
 2 377
 0 378
 1 379
 1 380
 0 381
 0 382
 0 383
 0 384
 0 385
 1 386
 1 387
 0 388
 0 389
 0 390
 1 391
 1 392
 0 393
 1 394
 1 395
 1 396
 0 397
 1 398
 0 399
 1 400
 0 401
 1 402
 0 403
 0 404
 0 405
 0 406
 0 407
 0 408
 0 409
 0 410
 0 411
 0 412
 0 413
 0 414
 0 415
 0 416
 0 417
 0 418
 0 419
 0 420
 0 421
 0 422
 0 423
 0 424
 0 425
 0 426
 0 427
 0 428
 0 429
 0 430
 0 431
 0 432
 0 433
 0 434
 0 435
 0 436
 0 437
 0 438
 1 439
 0 440
 0 441
 0 442
 0 443
 0 444
 0 445
 0 446
 0 447
 0 448
 0 449
 0 450
 0 451
 0 452
 0 453
 0 454
 0 455
 0 456
 0 457
 0 458
 0 459
 0 460
 0 461
 0 462
 0 463
 0 464
 0 465
 0 466
 0 467
 0 468
 0 469
 0 470
 0 471
 0 472
 0 473
 0 474
 0 475
 0 476
 0 477
 0 478
 0 479
 0 480
 0 481
 0 482
 0 483
 0 484
 0 485
 0 486
 0 487
 0 488
 0 489
 0 490
 0 491
 0 492
 0 493
 0 494
 0 495
 0 496
 0 497
 0 498
 0 499
 0 500
 0 501
 0 502
 0 503
 0 504
 0 505
 0 506
 0 507
 0 508
 0 509
 0 510
 0 511
 0 512
 0 513
 0 514
 0 515
 0 516
 0 517
 0 518
 0 519
 0 520
 0 521
 0 522
 0 523
 0 524
 0 525
 0 526
 0 527
 0 528
 0 529
 0 530
 0 531
 0 532
 0 533
 0 534
 0 535
 0 536
 0 537
 0 538
 0 539
 0 540
 0 541
 0 542
 0 543
 0 544
 0 545
 0 546
 0 547
 0 548
 0 549
 0 550
 0 551
 0 552
 0 553
 0 554
 0 555
 0 556
 0 557
 0 558
 0 559
 0 560
 0 561
 0 562
 0 563
 0 564
 0 565
 0 566
 0 567
 0 568
 0 569
 0 570
 0 571
 0 572
 0 573
 0 574
 0 575
 0 576
 0 577
 0 578
 0 579
 0 580
 0 581
 0 582
 0 583
 0 584
 0 585
 0 586
 0 587
 0 588
 0 589
 0 590
 0 591
 0 592
 0 593
 0 594
 0 595
 0 596
 0 597
 0 598
 0 599
 0 600


