# Created by Octave 3.8.2, Sat Jun 20 13:22:18 2020 CEST <damian@fptrucha.inv.usc.es>
# name: hd
# type: matrix
# rows: 551
# columns: 2
 0 50
 0 51
 0 52
 0 53
 0 54
 0 55
 0 56
 0 57
 0 58
 0 59
 0 60
 0 61
 0 62
 0 63
 0 64
 0 65
 0 66
 0 67
 0 68
 0 69
 0 70
 0 71
 0 72
 0 73
 0 74
 0 75
 0 76
 0 77
 0 78
 0 79
 0 80
 0 81
 0 82
 0 83
 0 84
 0 85
 0 86
 4 87
 10 88
 12 89
 78 90
 119 91
 203 92
 308 93
 410 94
 604 95
 872 96
 1204 97
 1487 98
 1548 99
 1581 100
 1749 101
 1748 102
 1762 103
 1706 104
 1676 105
 1538 106
 1441 107
 1412 108
 1328 109
 1335 110
 1110 111
 1068 112
 962 113
 864 114
 839 115
 766 116
 689 117
 587 118
 554 119
 494 120
 456 121
 398 122
 362 123
 331 124
 292 125
 295 126
 252 127
 231 128
 191 129
 204 130
 187 131
 169 132
 170 133
 156 134
 152 135
 112 136
 114 137
 86 138
 88 139
 106 140
 69 141
 83 142
 72 143
 56 144
 69 145
 76 146
 43 147
 68 148
 51 149
 48 150
 36 151
 45 152
 42 153
 42 154
 31 155
 41 156
 26 157
 35 158
 36 159
 28 160
 20 161
 30 162
 26 163
 15 164
 26 165
 19 166
 14 167
 16 168
 14 169
 11 170
 7 171
 4 172
 6 173
 9 174
 13 175
 8 176
 9 177
 8 178
 3 179
 3 180
 1 181
 8 182
 3 183
 4 184
 5 185
 3 186
 3 187
 5 188
 6 189
 5 190
 4 191
 2 192
 2 193
 4 194
 3 195
 1 196
 2 197
 1 198
 2 199
 1 200
 1 201
 1 202
 3 203
 1 204
 2 205
 0 206
 0 207
 1 208
 0 209
 1 210
 0 211
 0 212
 2 213
 0 214
 0 215
 0 216
 0 217
 0 218
 0 219
 1 220
 0 221
 0 222
 1 223
 1 224
 0 225
 0 226
 0 227
 0 228
 0 229
 0 230
 0 231
 0 232
 0 233
 0 234
 0 235
 0 236
 0 237
 0 238
 0 239
 0 240
 0 241
 0 242
 0 243
 0 244
 0 245
 0 246
 0 247
 0 248
 0 249
 0 250
 0 251
 0 252
 0 253
 0 254
 0 255
 0 256
 0 257
 0 258
 0 259
 0 260
 0 261
 0 262
 0 263
 0 264
 0 265
 0 266
 0 267
 0 268
 0 269
 0 270
 0 271
 0 272
 0 273
 0 274
 0 275
 0 276
 0 277
 0 278
 0 279
 0 280
 0 281
 0 282
 0 283
 0 284
 0 285
 0 286
 1 287
 0 288
 0 289
 0 290
 0 291
 1 292
 1 293
 0 294
 1 295
 0 296
 1 297
 1 298
 0 299
 1 300
 4 301
 0 302
 1 303
 0 304
 0 305
 1 306
 2 307
 0 308
 1 309
 1 310
 1 311
 1 312
 1 313
 3 314
 0 315
 0 316
 3 317
 3 318
 1 319
 0 320
 0 321
 0 322
 4 323
 4 324
 1 325
 5 326
 2 327
 1 328
 3 329
 2 330
 2 331
 3 332
 2 333
 3 334
 0 335
 0 336
 4 337
 3 338
 2 339
 2 340
 5 341
 1 342
 2 343
 5 344
 2 345
 2 346
 0 347
 1 348
 0 349
 2 350
 0 351
 2 352
 2 353
 1 354
 0 355
 5 356
 2 357
 2 358
 2 359
 0 360
 1 361
 3 362
 1 363
 1 364
 1 365
 1 366
 0 367
 0 368
 2 369
 0 370
 0 371
 1 372
 0 373
 0 374
 3 375
 0 376
 0 377
 1 378
 1 379
 2 380
 1 381
 1 382
 1 383
 2 384
 1 385
 0 386
 2 387
 1 388
 0 389
 1 390
 0 391
 1 392
 0 393
 0 394
 0 395
 0 396
 1 397
 0 398
 0 399
 0 400
 0 401
 0 402
 0 403
 0 404
 0 405
 0 406
 0 407
 1 408
 0 409
 0 410
 0 411
 0 412
 0 413
 1 414
 0 415
 0 416
 0 417
 0 418
 0 419
 0 420
 0 421
 0 422
 0 423
 0 424
 0 425
 0 426
 0 427
 0 428
 0 429
 0 430
 0 431
 0 432
 0 433
 0 434
 0 435
 0 436
 0 437
 0 438
 0 439
 0 440
 0 441
 0 442
 0 443
 0 444
 0 445
 0 446
 0 447
 0 448
 0 449
 0 450
 0 451
 0 452
 0 453
 0 454
 0 455
 0 456
 0 457
 0 458
 0 459
 0 460
 0 461
 0 462
 0 463
 0 464
 0 465
 0 466
 0 467
 0 468
 0 469
 0 470
 0 471
 0 472
 0 473
 0 474
 0 475
 0 476
 0 477
 0 478
 0 479
 0 480
 0 481
 0 482
 0 483
 0 484
 0 485
 0 486
 0 487
 0 488
 0 489
 0 490
 0 491
 0 492
 0 493
 0 494
 0 495
 0 496
 0 497
 0 498
 0 499
 0 500
 0 501
 0 502
 0 503
 0 504
 0 505
 0 506
 0 507
 0 508
 0 509
 0 510
 0 511
 0 512
 0 513
 0 514
 0 515
 0 516
 0 517
 0 518
 0 519
 0 520
 0 521
 0 522
 0 523
 0 524
 0 525
 0 526
 0 527
 0 528
 0 529
 0 530
 0 531
 0 532
 0 533
 0 534
 0 535
 0 536
 0 537
 0 538
 0 539
 0 540
 0 541
 0 542
 0 543
 0 544
 0 545
 0 546
 0 547
 0 548
 0 549
 0 550
 0 551
 0 552
 0 553
 0 554
 0 555
 0 556
 0 557
 0 558
 0 559
 0 560
 0 561
 0 562
 0 563
 0 564
 0 565
 0 566
 0 567
 0 568
 0 569
 0 570
 0 571
 0 572
 0 573
 0 574
 0 575
 0 576
 0 577
 0 578
 0 579
 0 580
 0 581
 0 582
 0 583
 0 584
 0 585
 0 586
 0 587
 0 588
 0 589
 0 590
 0 591
 0 592
 0 593
 0 594
 0 595
 0 596
 0 597
 0 598
 0 599
 0 600


