# Created by Octave 3.8.2, Mon Jun 22 07:11:41 2020 CEST <damian@fptrucha.inv.usc.es>
# name: hd
# type: matrix
# rows: 551
# columns: 2
 0 50
 0 51
 0 52
 0 53
 0 54
 0 55
 0 56
 0 57
 0 58
 0 59
 0 60
 0 61
 0 62
 0 63
 0 64
 0 65
 0 66
 0 67
 0 68
 0 69
 0 70
 0 71
 0 72
 0 73
 0 74
 0 75
 0 76
 0 77
 0 78
 0 79
 0 80
 0 81
 0 82
 0 83
 0 84
 0 85
 0 86
 0 87
 2 88
 9 89
 31 90
 101 91
 161 92
 298 93
 323 94
 493 95
 672 96
 1079 97
 1407 98
 1476 99
 1569 100
 1730 101
 1736 102
 1673 103
 1596 104
 1581 105
 1474 106
 1395 107
 1287 108
 1165 109
 1108 110
 965 111
 850 112
 853 113
 731 114
 647 115
 566 116
 530 117
 461 118
 432 119
 376 120
 345 121
 303 122
 304 123
 245 124
 240 125
 211 126
 181 127
 166 128
 138 129
 152 130
 143 131
 125 132
 101 133
 105 134
 96 135
 92 136
 94 137
 99 138
 82 139
 104 140
 74 141
 69 142
 43 143
 66 144
 44 145
 46 146
 46 147
 38 148
 48 149
 40 150
 46 151
 38 152
 37 153
 40 154
 28 155
 37 156
 33 157
 25 158
 23 159
 27 160
 31 161
 29 162
 19 163
 16 164
 20 165
 17 166
 20 167
 18 168
 8 169
 5 170
 12 171
 14 172
 11 173
 8 174
 6 175
 7 176
 5 177
 6 178
 5 179
 3 180
 6 181
 9 182
 8 183
 5 184
 1 185
 6 186
 8 187
 3 188
 3 189
 1 190
 1 191
 5 192
 3 193
 2 194
 1 195
 1 196
 2 197
 2 198
 4 199
 0 200
 2 201
 2 202
 3 203
 1 204
 1 205
 2 206
 2 207
 2 208
 2 209
 1 210
 0 211
 0 212
 0 213
 1 214
 1 215
 1 216
 0 217
 0 218
 0 219
 1 220
 0 221
 1 222
 0 223
 1 224
 0 225
 0 226
 0 227
 0 228
 0 229
 1 230
 0 231
 0 232
 0 233
 1 234
 1 235
 0 236
 0 237
 0 238
 0 239
 0 240
 0 241
 0 242
 1 243
 0 244
 0 245
 0 246
 0 247
 0 248
 0 249
 0 250
 0 251
 0 252
 0 253
 0 254
 0 255
 0 256
 0 257
 0 258
 0 259
 0 260
 0 261
 0 262
 0 263
 0 264
 0 265
 0 266
 0 267
 0 268
 0 269
 0 270
 0 271
 0 272
 0 273
 0 274
 0 275
 0 276
 1 277
 0 278
 1 279
 0 280
 0 281
 0 282
 0 283
 1 284
 1 285
 1 286
 2 287
 0 288
 0 289
 0 290
 0 291
 1 292
 0 293
 1 294
 1 295
 1 296
 3 297
 1 298
 0 299
 2 300
 1 301
 1 302
 3 303
 2 304
 0 305
 0 306
 1 307
 0 308
 1 309
 0 310
 2 311
 3 312
 1 313
 2 314
 2 315
 3 316
 2 317
 2 318
 3 319
 1 320
 4 321
 3 322
 1 323
 6 324
 1 325
 4 326
 2 327
 2 328
 0 329
 3 330
 0 331
 4 332
 3 333
 2 334
 1 335
 0 336
 3 337
 0 338
 5 339
 3 340
 1 341
 2 342
 4 343
 0 344
 3 345
 3 346
 2 347
 0 348
 2 349
 5 350
 1 351
 4 352
 3 353
 3 354
 0 355
 1 356
 0 357
 1 358
 2 359
 1 360
 3 361
 4 362
 1 363
 1 364
 0 365
 1 366
 0 367
 0 368
 1 369
 1 370
 2 371
 0 372
 2 373
 1 374
 1 375
 1 376
 1 377
 0 378
 1 379
 1 380
 1 381
 0 382
 0 383
 0 384
 1 385
 0 386
 2 387
 0 388
 0 389
 1 390
 0 391
 1 392
 0 393
 1 394
 0 395
 0 396
 0 397
 1 398
 0 399
 0 400
 0 401
 0 402
 0 403
 0 404
 0 405
 0 406
 0 407
 0 408
 0 409
 1 410
 0 411
 0 412
 0 413
 0 414
 1 415
 0 416
 0 417
 0 418
 1 419
 0 420
 0 421
 0 422
 0 423
 0 424
 0 425
 0 426
 0 427
 0 428
 0 429
 0 430
 0 431
 0 432
 0 433
 0 434
 0 435
 0 436
 0 437
 0 438
 0 439
 0 440
 0 441
 0 442
 0 443
 0 444
 0 445
 0 446
 0 447
 0 448
 0 449
 0 450
 0 451
 0 452
 0 453
 0 454
 0 455
 0 456
 0 457
 0 458
 0 459
 0 460
 0 461
 0 462
 0 463
 0 464
 0 465
 0 466
 0 467
 0 468
 0 469
 0 470
 0 471
 0 472
 0 473
 0 474
 0 475
 0 476
 0 477
 0 478
 0 479
 0 480
 0 481
 0 482
 0 483
 0 484
 0 485
 0 486
 0 487
 0 488
 0 489
 0 490
 0 491
 0 492
 0 493
 0 494
 0 495
 0 496
 0 497
 0 498
 0 499
 0 500
 0 501
 0 502
 0 503
 0 504
 0 505
 0 506
 0 507
 0 508
 0 509
 0 510
 0 511
 0 512
 0 513
 0 514
 0 515
 0 516
 0 517
 0 518
 0 519
 0 520
 0 521
 0 522
 0 523
 0 524
 0 525
 0 526
 0 527
 0 528
 0 529
 0 530
 0 531
 0 532
 0 533
 0 534
 0 535
 0 536
 0 537
 0 538
 0 539
 0 540
 0 541
 0 542
 0 543
 0 544
 0 545
 0 546
 0 547
 0 548
 0 549
 0 550
 0 551
 0 552
 0 553
 0 554
 0 555
 0 556
 0 557
 0 558
 0 559
 0 560
 0 561
 0 562
 0 563
 0 564
 0 565
 0 566
 0 567
 0 568
 0 569
 0 570
 0 571
 0 572
 0 573
 0 574
 0 575
 0 576
 0 577
 0 578
 0 579
 0 580
 0 581
 0 582
 0 583
 0 584
 0 585
 0 586
 0 587
 0 588
 0 589
 0 590
 0 591
 0 592
 0 593
 0 594
 0 595
 0 596
 0 597
 0 598
 0 599
 0 600


