# Created by Octave 3.8.2, Sat Jun 20 04:54:34 2020 CEST <damian@fptrucha.inv.usc.es>
# name: hd
# type: matrix
# rows: 551
# columns: 2
 0 50
 0 51
 0 52
 0 53
 0 54
 0 55
 0 56
 0 57
 0 58
 0 59
 0 60
 0 61
 0 62
 0 63
 0 64
 0 65
 0 66
 0 67
 0 68
 0 69
 0 70
 0 71
 0 72
 0 73
 0 74
 0 75
 0 76
 0 77
 0 78
 0 79
 0 80
 0 81
 0 82
 0 83
 0 84
 0 85
 0 86
 4 87
 12 88
 19 89
 82 90
 127 91
 236 92
 354 93
 449 94
 700 95
 963 96
 1276 97
 1457 98
 1581 99
 1710 100
 1828 101
 1793 102
 1744 103
 1794 104
 1734 105
 1591 106
 1513 107
 1414 108
 1316 109
 1188 110
 1188 111
 1099 112
 996 113
 846 114
 796 115
 785 116
 700 117
 596 118
 551 119
 492 120
 466 121
 407 122
 342 123
 323 124
 303 125
 254 126
 244 127
 248 128
 179 129
 195 130
 209 131
 194 132
 133 133
 142 134
 132 135
 120 136
 114 137
 90 138
 94 139
 94 140
 93 141
 81 142
 80 143
 73 144
 70 145
 68 146
 58 147
 39 148
 57 149
 59 150
 49 151
 40 152
 41 153
 47 154
 38 155
 33 156
 37 157
 32 158
 30 159
 23 160
 26 161
 33 162
 31 163
 17 164
 21 165
 17 166
 11 167
 15 168
 12 169
 13 170
 15 171
 12 172
 14 173
 9 174
 8 175
 3 176
 12 177
 7 178
 7 179
 7 180
 2 181
 5 182
 7 183
 3 184
 1 185
 7 186
 6 187
 1 188
 3 189
 4 190
 5 191
 8 192
 1 193
 1 194
 1 195
 2 196
 2 197
 1 198
 3 199
 2 200
 2 201
 3 202
 1 203
 0 204
 2 205
 1 206
 1 207
 0 208
 1 209
 0 210
 1 211
 1 212
 1 213
 0 214
 0 215
 0 216
 0 217
 0 218
 1 219
 0 220
 1 221
 0 222
 1 223
 0 224
 0 225
 0 226
 0 227
 0 228
 0 229
 0 230
 0 231
 0 232
 0 233
 0 234
 0 235
 0 236
 0 237
 0 238
 0 239
 0 240
 0 241
 0 242
 0 243
 0 244
 0 245
 0 246
 0 247
 0 248
 0 249
 0 250
 0 251
 1 252
 0 253
 0 254
 0 255
 0 256
 0 257
 0 258
 0 259
 0 260
 0 261
 0 262
 0 263
 0 264
 0 265
 0 266
 1 267
 0 268
 0 269
 0 270
 0 271
 0 272
 0 273
 0 274
 1 275
 0 276
 0 277
 0 278
 0 279
 0 280
 0 281
 0 282
 0 283
 0 284
 1 285
 0 286
 0 287
 0 288
 0 289
 0 290
 0 291
 1 292
 1 293
 0 294
 0 295
 2 296
 1 297
 0 298
 1 299
 0 300
 1 301
 1 302
 1 303
 1 304
 1 305
 2 306
 1 307
 3 308
 1 309
 1 310
 0 311
 4 312
 0 313
 1 314
 4 315
 3 316
 1 317
 2 318
 4 319
 3 320
 2 321
 1 322
 1 323
 3 324
 0 325
 2 326
 2 327
 1 328
 4 329
 3 330
 3 331
 2 332
 2 333
 2 334
 4 335
 1 336
 9 337
 2 338
 4 339
 2 340
 0 341
 2 342
 3 343
 0 344
 0 345
 3 346
 4 347
 5 348
 3 349
 3 350
 1 351
 4 352
 3 353
 3 354
 1 355
 1 356
 1 357
 2 358
 4 359
 3 360
 1 361
 4 362
 2 363
 3 364
 1 365
 1 366
 1 367
 3 368
 4 369
 1 370
 1 371
 1 372
 0 373
 3 374
 0 375
 0 376
 1 377
 1 378
 0 379
 0 380
 2 381
 0 382
 2 383
 1 384
 1 385
 1 386
 1 387
 2 388
 0 389
 0 390
 0 391
 1 392
 0 393
 0 394
 0 395
 1 396
 0 397
 0 398
 0 399
 1 400
 0 401
 1 402
 0 403
 0 404
 0 405
 1 406
 0 407
 1 408
 0 409
 0 410
 0 411
 0 412
 0 413
 0 414
 0 415
 0 416
 0 417
 0 418
 0 419
 0 420
 0 421
 0 422
 0 423
 0 424
 0 425
 0 426
 0 427
 0 428
 0 429
 0 430
 0 431
 0 432
 0 433
 0 434
 1 435
 0 436
 0 437
 0 438
 0 439
 0 440
 0 441
 0 442
 0 443
 0 444
 0 445
 0 446
 0 447
 0 448
 0 449
 0 450
 0 451
 0 452
 0 453
 0 454
 0 455
 0 456
 0 457
 0 458
 0 459
 0 460
 0 461
 0 462
 0 463
 0 464
 0 465
 0 466
 0 467
 0 468
 0 469
 0 470
 0 471
 0 472
 0 473
 0 474
 0 475
 0 476
 0 477
 0 478
 0 479
 0 480
 0 481
 0 482
 0 483
 0 484
 0 485
 0 486
 0 487
 0 488
 0 489
 0 490
 0 491
 0 492
 0 493
 0 494
 0 495
 0 496
 0 497
 0 498
 0 499
 0 500
 0 501
 0 502
 0 503
 0 504
 0 505
 0 506
 0 507
 0 508
 0 509
 0 510
 0 511
 0 512
 0 513
 0 514
 0 515
 0 516
 0 517
 0 518
 0 519
 0 520
 0 521
 0 522
 0 523
 0 524
 0 525
 0 526
 0 527
 0 528
 0 529
 0 530
 0 531
 0 532
 0 533
 0 534
 0 535
 0 536
 0 537
 0 538
 0 539
 0 540
 0 541
 0 542
 0 543
 0 544
 0 545
 0 546
 0 547
 0 548
 0 549
 0 550
 0 551
 0 552
 0 553
 0 554
 0 555
 0 556
 0 557
 0 558
 0 559
 0 560
 0 561
 0 562
 0 563
 0 564
 0 565
 0 566
 0 567
 0 568
 0 569
 0 570
 0 571
 0 572
 0 573
 0 574
 0 575
 0 576
 0 577
 0 578
 0 579
 0 580
 0 581
 0 582
 0 583
 0 584
 0 585
 0 586
 0 587
 0 588
 0 589
 0 590
 0 591
 0 592
 0 593
 0 594
 0 595
 0 596
 0 597
 0 598
 0 599
 0 600


