# Created by Octave 3.8.2, Mon Jun 22 10:48:33 2020 CEST <damian@fptrucha.inv.usc.es>
# name: hd
# type: matrix
# rows: 551
# columns: 2
 0 50
 0 51
 0 52
 0 53
 0 54
 0 55
 0 56
 0 57
 0 58
 0 59
 0 60
 0 61
 0 62
 0 63
 0 64
 0 65
 0 66
 0 67
 0 68
 0 69
 0 70
 0 71
 0 72
 0 73
 0 74
 0 75
 0 76
 0 77
 0 78
 0 79
 0 80
 0 81
 0 82
 0 83
 0 84
 0 85
 0 86
 0 87
 1 88
 11 89
 44 90
 139 91
 211 92
 309 93
 338 94
 574 95
 915 96
 1253 97
 1493 98
 1615 99
 1873 100
 1809 101
 1758 102
 1801 103
 1677 104
 1596 105
 1476 106
 1406 107
 1304 108
 1251 109
 1128 110
 987 111
 902 112
 834 113
 721 114
 679 115
 575 116
 590 117
 444 118
 418 119
 415 120
 357 121
 299 122
 307 123
 266 124
 211 125
 203 126
 178 127
 163 128
 162 129
 141 130
 136 131
 128 132
 107 133
 87 134
 114 135
 104 136
 100 137
 77 138
 75 139
 89 140
 75 141
 70 142
 56 143
 65 144
 55 145
 51 146
 45 147
 39 148
 42 149
 57 150
 37 151
 34 152
 31 153
 34 154
 27 155
 30 156
 21 157
 25 158
 22 159
 28 160
 28 161
 15 162
 12 163
 25 164
 17 165
 10 166
 13 167
 23 168
 13 169
 18 170
 16 171
 9 172
 8 173
 12 174
 11 175
 9 176
 9 177
 9 178
 6 179
 3 180
 2 181
 4 182
 7 183
 6 184
 5 185
 3 186
 3 187
 5 188
 2 189
 2 190
 3 191
 2 192
 6 193
 2 194
 3 195
 3 196
 3 197
 2 198
 2 199
 1 200
 0 201
 1 202
 1 203
 1 204
 4 205
 1 206
 1 207
 1 208
 0 209
 0 210
 2 211
 0 212
 0 213
 0 214
 0 215
 0 216
 0 217
 0 218
 0 219
 0 220
 1 221
 0 222
 1 223
 0 224
 0 225
 0 226
 0 227
 0 228
 0 229
 0 230
 0 231
 1 232
 1 233
 1 234
 0 235
 0 236
 0 237
 0 238
 0 239
 0 240
 0 241
 0 242
 0 243
 0 244
 0 245
 0 246
 0 247
 0 248
 0 249
 0 250
 0 251
 0 252
 0 253
 0 254
 0 255
 0 256
 0 257
 0 258
 0 259
 0 260
 0 261
 0 262
 0 263
 0 264
 0 265
 0 266
 0 267
 0 268
 0 269
 0 270
 0 271
 0 272
 0 273
 0 274
 0 275
 0 276
 0 277
 0 278
 0 279
 0 280
 1 281
 0 282
 1 283
 0 284
 0 285
 0 286
 0 287
 0 288
 0 289
 1 290
 1 291
 2 292
 0 293
 2 294
 2 295
 2 296
 1 297
 0 298
 1 299
 1 300
 1 301
 1 302
 4 303
 3 304
 6 305
 2 306
 2 307
 0 308
 2 309
 0 310
 1 311
 0 312
 0 313
 2 314
 1 315
 1 316
 3 317
 2 318
 1 319
 1 320
 2 321
 3 322
 4 323
 6 324
 3 325
 4 326
 1 327
 2 328
 3 329
 1 330
 3 331
 2 332
 3 333
 2 334
 1 335
 0 336
 4 337
 1 338
 2 339
 5 340
 4 341
 4 342
 1 343
 0 344
 2 345
 4 346
 2 347
 5 348
 1 349
 1 350
 3 351
 1 352
 2 353
 2 354
 2 355
 3 356
 2 357
 3 358
 1 359
 0 360
 1 361
 1 362
 0 363
 3 364
 1 365
 1 366
 1 367
 1 368
 0 369
 0 370
 0 371
 2 372
 0 373
 1 374
 0 375
 1 376
 1 377
 1 378
 1 379
 0 380
 0 381
 0 382
 0 383
 0 384
 0 385
 1 386
 2 387
 1 388
 0 389
 0 390
 0 391
 0 392
 1 393
 1 394
 0 395
 1 396
 0 397
 0 398
 1 399
 0 400
 0 401
 0 402
 1 403
 0 404
 1 405
 0 406
 0 407
 0 408
 0 409
 0 410
 1 411
 0 412
 0 413
 0 414
 0 415
 0 416
 0 417
 0 418
 0 419
 0 420
 0 421
 0 422
 0 423
 0 424
 0 425
 0 426
 0 427
 0 428
 1 429
 0 430
 0 431
 0 432
 0 433
 0 434
 0 435
 0 436
 0 437
 0 438
 0 439
 0 440
 0 441
 0 442
 0 443
 0 444
 0 445
 0 446
 0 447
 0 448
 0 449
 0 450
 0 451
 0 452
 0 453
 0 454
 0 455
 0 456
 0 457
 0 458
 0 459
 0 460
 0 461
 0 462
 0 463
 0 464
 0 465
 0 466
 0 467
 0 468
 0 469
 0 470
 0 471
 0 472
 0 473
 0 474
 0 475
 0 476
 0 477
 0 478
 0 479
 0 480
 0 481
 0 482
 0 483
 0 484
 0 485
 0 486
 0 487
 0 488
 0 489
 0 490
 0 491
 0 492
 0 493
 0 494
 0 495
 0 496
 0 497
 0 498
 0 499
 0 500
 0 501
 0 502
 0 503
 0 504
 0 505
 0 506
 0 507
 0 508
 0 509
 0 510
 0 511
 0 512
 0 513
 0 514
 0 515
 0 516
 0 517
 0 518
 0 519
 0 520
 0 521
 0 522
 0 523
 0 524
 0 525
 0 526
 0 527
 0 528
 0 529
 0 530
 0 531
 0 532
 0 533
 0 534
 0 535
 0 536
 0 537
 0 538
 0 539
 0 540
 0 541
 0 542
 0 543
 0 544
 0 545
 0 546
 0 547
 0 548
 0 549
 0 550
 0 551
 0 552
 0 553
 0 554
 0 555
 0 556
 0 557
 0 558
 0 559
 0 560
 0 561
 0 562
 0 563
 0 564
 0 565
 0 566
 0 567
 0 568
 0 569
 0 570
 0 571
 0 572
 0 573
 0 574
 0 575
 0 576
 0 577
 0 578
 0 579
 0 580
 0 581
 0 582
 0 583
 0 584
 0 585
 0 586
 0 587
 0 588
 0 589
 0 590
 0 591
 0 592
 0 593
 0 594
 0 595
 0 596
 0 597
 0 598
 0 599
 0 600


