# Created by Octave 3.8.2, Mon Jun 22 17:12:48 2020 CEST <damian@fptrucha.inv.usc.es>
# name: hd
# type: matrix
# rows: 551
# columns: 2
 0 50
 0 51
 0 52
 0 53
 0 54
 0 55
 0 56
 0 57
 0 58
 0 59
 0 60
 0 61
 0 62
 0 63
 0 64
 0 65
 0 66
 0 67
 0 68
 0 69
 0 70
 0 71
 0 72
 0 73
 0 74
 0 75
 0 76
 0 77
 0 78
 0 79
 0 80
 0 81
 0 82
 0 83
 0 84
 0 85
 0 86
 1 87
 5 88
 8 89
 56 90
 113 91
 203 92
 360 93
 409 94
 598 95
 915 96
 1337 97
 1612 98
 1637 99
 1848 100
 1946 101
 1940 102
 1884 103
 1763 104
 1737 105
 1584 106
 1444 107
 1378 108
 1247 109
 1136 110
 1110 111
 951 112
 843 113
 756 114
 715 115
 587 116
 577 117
 444 118
 419 119
 384 120
 349 121
 302 122
 247 123
 222 124
 236 125
 220 126
 201 127
 159 128
 156 129
 177 130
 137 131
 121 132
 136 133
 113 134
 126 135
 98 136
 108 137
 80 138
 77 139
 81 140
 76 141
 58 142
 73 143
 57 144
 50 145
 62 146
 61 147
 51 148
 38 149
 54 150
 40 151
 34 152
 24 153
 35 154
 39 155
 28 156
 28 157
 25 158
 36 159
 23 160
 21 161
 18 162
 19 163
 21 164
 11 165
 14 166
 19 167
 8 168
 19 169
 11 170
 15 171
 7 172
 9 173
 11 174
 7 175
 11 176
 10 177
 4 178
 7 179
 6 180
 5 181
 6 182
 1 183
 4 184
 3 185
 3 186
 0 187
 5 188
 6 189
 1 190
 1 191
 0 192
 1 193
 2 194
 4 195
 2 196
 2 197
 2 198
 2 199
 0 200
 0 201
 0 202
 1 203
 1 204
 0 205
 2 206
 1 207
 1 208
 0 209
 0 210
 0 211
 0 212
 0 213
 0 214
 0 215
 0 216
 0 217
 0 218
 0 219
 0 220
 0 221
 0 222
 1 223
 0 224
 0 225
 0 226
 0 227
 1 228
 0 229
 0 230
 0 231
 0 232
 0 233
 0 234
 0 235
 0 236
 0 237
 0 238
 0 239
 0 240
 0 241
 0 242
 0 243
 0 244
 0 245
 0 246
 0 247
 0 248
 0 249
 0 250
 0 251
 0 252
 0 253
 0 254
 0 255
 0 256
 0 257
 0 258
 0 259
 0 260
 0 261
 0 262
 0 263
 0 264
 0 265
 0 266
 0 267
 0 268
 0 269
 0 270
 0 271
 0 272
 1 273
 0 274
 0 275
 0 276
 0 277
 0 278
 0 279
 0 280
 0 281
 1 282
 0 283
 0 284
 0 285
 0 286
 0 287
 0 288
 0 289
 0 290
 2 291
 2 292
 0 293
 2 294
 1 295
 4 296
 0 297
 0 298
 1 299
 1 300
 2 301
 1 302
 1 303
 1 304
 2 305
 1 306
 2 307
 2 308
 2 309
 1 310
 4 311
 1 312
 1 313
 0 314
 3 315
 1 316
 2 317
 1 318
 4 319
 1 320
 3 321
 2 322
 2 323
 5 324
 4 325
 3 326
 3 327
 2 328
 1 329
 6 330
 2 331
 2 332
 2 333
 0 334
 2 335
 0 336
 2 337
 1 338
 2 339
 2 340
 2 341
 3 342
 2 343
 3 344
 2 345
 2 346
 0 347
 1 348
 2 349
 1 350
 3 351
 3 352
 3 353
 1 354
 0 355
 1 356
 1 357
 3 358
 2 359
 0 360
 1 361
 0 362
 0 363
 0 364
 0 365
 2 366
 0 367
 0 368
 3 369
 1 370
 2 371
 2 372
 0 373
 0 374
 2 375
 1 376
 0 377
 1 378
 0 379
 2 380
 1 381
 0 382
 0 383
 1 384
 0 385
 0 386
 0 387
 0 388
 1 389
 2 390
 1 391
 0 392
 1 393
 0 394
 1 395
 0 396
 0 397
 0 398
 0 399
 0 400
 0 401
 0 402
 0 403
 0 404
 0 405
 0 406
 0 407
 0 408
 0 409
 0 410
 0 411
 0 412
 0 413
 1 414
 0 415
 0 416
 0 417
 0 418
 0 419
 0 420
 0 421
 0 422
 0 423
 0 424
 0 425
 0 426
 0 427
 0 428
 0 429
 0 430
 0 431
 0 432
 0 433
 0 434
 0 435
 0 436
 0 437
 0 438
 0 439
 0 440
 0 441
 0 442
 0 443
 0 444
 0 445
 0 446
 0 447
 0 448
 0 449
 0 450
 0 451
 0 452
 0 453
 0 454
 0 455
 0 456
 0 457
 0 458
 0 459
 0 460
 0 461
 0 462
 0 463
 0 464
 0 465
 0 466
 0 467
 0 468
 0 469
 0 470
 0 471
 0 472
 0 473
 0 474
 0 475
 0 476
 0 477
 0 478
 0 479
 0 480
 0 481
 0 482
 0 483
 0 484
 0 485
 0 486
 0 487
 0 488
 0 489
 0 490
 0 491
 0 492
 0 493
 0 494
 0 495
 0 496
 0 497
 0 498
 0 499
 0 500
 0 501
 0 502
 0 503
 0 504
 0 505
 0 506
 0 507
 0 508
 0 509
 0 510
 0 511
 0 512
 0 513
 0 514
 0 515
 0 516
 0 517
 0 518
 0 519
 0 520
 0 521
 0 522
 0 523
 0 524
 0 525
 0 526
 0 527
 0 528
 0 529
 0 530
 0 531
 0 532
 0 533
 0 534
 0 535
 0 536
 0 537
 0 538
 0 539
 0 540
 0 541
 0 542
 0 543
 0 544
 0 545
 0 546
 0 547
 0 548
 0 549
 0 550
 0 551
 0 552
 0 553
 0 554
 0 555
 0 556
 0 557
 0 558
 0 559
 0 560
 0 561
 0 562
 0 563
 0 564
 0 565
 0 566
 0 567
 0 568
 0 569
 0 570
 0 571
 0 572
 0 573
 0 574
 0 575
 0 576
 0 577
 0 578
 0 579
 0 580
 0 581
 0 582
 0 583
 0 584
 0 585
 0 586
 0 587
 0 588
 0 589
 0 590
 0 591
 0 592
 0 593
 0 594
 0 595
 0 596
 0 597
 0 598
 0 599
 0 600


