# Created by Octave 3.8.2, Mon Jun 22 10:33:00 2020 CEST <damian@fptrucha.inv.usc.es>
# name: hd
# type: matrix
# rows: 551
# columns: 2
 0 50
 0 51
 0 52
 0 53
 0 54
 0 55
 0 56
 0 57
 0 58
 0 59
 0 60
 0 61
 0 62
 0 63
 0 64
 0 65
 0 66
 0 67
 0 68
 0 69
 0 70
 0 71
 0 72
 0 73
 0 74
 0 75
 0 76
 0 77
 0 78
 0 79
 0 80
 0 81
 0 82
 0 83
 0 84
 0 85
 0 86
 0 87
 3 88
 14 89
 27 90
 102 91
 170 92
 284 93
 369 94
 454 95
 745 96
 1035 97
 1388 98
 1580 99
 1679 100
 1777 101
 1753 102
 1723 103
 1607 104
 1610 105
 1471 106
 1441 107
 1352 108
 1213 109
 1167 110
 1057 111
 990 112
 881 113
 781 114
 697 115
 642 116
 572 117
 484 118
 446 119
 422 120
 376 121
 320 122
 283 123
 239 124
 203 125
 236 126
 198 127
 188 128
 180 129
 191 130
 141 131
 144 132
 118 133
 124 134
 111 135
 94 136
 94 137
 86 138
 83 139
 92 140
 62 141
 71 142
 57 143
 57 144
 72 145
 50 146
 57 147
 38 148
 60 149
 42 150
 46 151
 34 152
 44 153
 29 154
 33 155
 33 156
 23 157
 31 158
 27 159
 22 160
 25 161
 23 162
 13 163
 12 164
 13 165
 21 166
 16 167
 12 168
 12 169
 12 170
 11 171
 9 172
 9 173
 7 174
 10 175
 10 176
 8 177
 10 178
 5 179
 5 180
 6 181
 6 182
 4 183
 9 184
 4 185
 5 186
 3 187
 4 188
 1 189
 1 190
 1 191
 2 192
 2 193
 2 194
 4 195
 2 196
 1 197
 0 198
 1 199
 4 200
 2 201
 3 202
 3 203
 2 204
 1 205
 1 206
 0 207
 0 208
 1 209
 1 210
 0 211
 0 212
 1 213
 0 214
 1 215
 0 216
 0 217
 0 218
 0 219
 1 220
 0 221
 1 222
 0 223
 0 224
 0 225
 0 226
 0 227
 0 228
 0 229
 0 230
 0 231
 0 232
 0 233
 0 234
 0 235
 0 236
 0 237
 1 238
 0 239
 0 240
 0 241
 0 242
 0 243
 0 244
 0 245
 0 246
 0 247
 0 248
 0 249
 0 250
 0 251
 0 252
 0 253
 0 254
 0 255
 0 256
 0 257
 0 258
 0 259
 0 260
 0 261
 0 262
 0 263
 0 264
 0 265
 0 266
 0 267
 0 268
 0 269
 0 270
 0 271
 0 272
 0 273
 0 274
 0 275
 0 276
 0 277
 0 278
 0 279
 0 280
 0 281
 0 282
 0 283
 0 284
 0 285
 0 286
 0 287
 1 288
 0 289
 0 290
 0 291
 2 292
 2 293
 2 294
 1 295
 0 296
 2 297
 2 298
 1 299
 0 300
 1 301
 1 302
 0 303
 2 304
 2 305
 3 306
 0 307
 0 308
 0 309
 2 310
 2 311
 2 312
 0 313
 0 314
 0 315
 1 316
 5 317
 4 318
 1 319
 4 320
 4 321
 1 322
 1 323
 2 324
 6 325
 2 326
 3 327
 2 328
 5 329
 3 330
 1 331
 5 332
 1 333
 2 334
 6 335
 3 336
 1 337
 0 338
 3 339
 1 340
 3 341
 1 342
 0 343
 1 344
 5 345
 2 346
 3 347
 0 348
 1 349
 1 350
 1 351
 1 352
 0 353
 1 354
 1 355
 1 356
 0 357
 2 358
 2 359
 1 360
 1 361
 0 362
 2 363
 2 364
 0 365
 1 366
 2 367
 2 368
 0 369
 0 370
 1 371
 0 372
 0 373
 0 374
 1 375
 0 376
 0 377
 1 378
 2 379
 0 380
 4 381
 1 382
 0 383
 0 384
 0 385
 0 386
 1 387
 1 388
 2 389
 0 390
 0 391
 1 392
 1 393
 0 394
 2 395
 0 396
 0 397
 0 398
 1 399
 0 400
 0 401
 0 402
 0 403
 0 404
 0 405
 0 406
 0 407
 0 408
 1 409
 0 410
 0 411
 0 412
 0 413
 1 414
 0 415
 0 416
 0 417
 0 418
 0 419
 0 420
 0 421
 0 422
 0 423
 0 424
 0 425
 0 426
 0 427
 0 428
 0 429
 0 430
 0 431
 0 432
 0 433
 0 434
 0 435
 0 436
 0 437
 0 438
 0 439
 0 440
 0 441
 0 442
 0 443
 0 444
 0 445
 0 446
 0 447
 0 448
 0 449
 0 450
 0 451
 0 452
 0 453
 0 454
 0 455
 0 456
 0 457
 0 458
 0 459
 0 460
 0 461
 0 462
 0 463
 0 464
 0 465
 0 466
 0 467
 0 468
 0 469
 0 470
 0 471
 0 472
 0 473
 0 474
 0 475
 0 476
 0 477
 0 478
 0 479
 0 480
 0 481
 0 482
 0 483
 0 484
 0 485
 0 486
 0 487
 0 488
 0 489
 0 490
 0 491
 0 492
 0 493
 0 494
 0 495
 0 496
 0 497
 0 498
 0 499
 0 500
 0 501
 0 502
 0 503
 0 504
 0 505
 0 506
 0 507
 0 508
 0 509
 0 510
 0 511
 0 512
 0 513
 0 514
 0 515
 0 516
 0 517
 0 518
 0 519
 0 520
 0 521
 0 522
 0 523
 0 524
 0 525
 0 526
 0 527
 0 528
 0 529
 0 530
 0 531
 0 532
 0 533
 0 534
 0 535
 0 536
 0 537
 0 538
 0 539
 0 540
 0 541
 0 542
 0 543
 0 544
 0 545
 0 546
 0 547
 0 548
 0 549
 0 550
 0 551
 0 552
 0 553
 0 554
 0 555
 0 556
 0 557
 0 558
 0 559
 0 560
 0 561
 0 562
 0 563
 0 564
 0 565
 0 566
 0 567
 0 568
 0 569
 0 570
 0 571
 0 572
 0 573
 0 574
 0 575
 0 576
 0 577
 0 578
 0 579
 0 580
 0 581
 0 582
 0 583
 0 584
 0 585
 0 586
 0 587
 0 588
 0 589
 0 590
 0 591
 0 592
 0 593
 0 594
 0 595
 0 596
 0 597
 0 598
 0 599
 0 600


