# Created by Octave 3.8.2, Sat Jun 20 05:47:55 2020 CEST <damian@fptrucha.inv.usc.es>
# name: hd
# type: matrix
# rows: 551
# columns: 2
 0 50
 0 51
 0 52
 0 53
 0 54
 0 55
 0 56
 0 57
 0 58
 0 59
 0 60
 0 61
 0 62
 0 63
 0 64
 0 65
 0 66
 0 67
 0 68
 0 69
 0 70
 0 71
 0 72
 0 73
 0 74
 0 75
 0 76
 0 77
 0 78
 0 79
 0 80
 0 81
 0 82
 0 83
 0 84
 0 85
 0 86
 1 87
 6 88
 22 89
 78 90
 164 91
 209 92
 334 93
 448 94
 677 95
 1001 96
 1305 97
 1510 98
 1575 99
 1754 100
 1778 101
 1960 102
 1766 103
 1818 104
 1726 105
 1627 106
 1548 107
 1506 108
 1364 109
 1236 110
 1137 111
 1109 112
 1015 113
 940 114
 840 115
 766 116
 722 117
 623 118
 551 119
 533 120
 460 121
 402 122
 407 123
 319 124
 316 125
 268 126
 244 127
 205 128
 233 129
 208 130
 191 131
 190 132
 149 133
 126 134
 133 135
 103 136
 123 137
 126 138
 94 139
 94 140
 88 141
 73 142
 74 143
 81 144
 68 145
 71 146
 60 147
 64 148
 51 149
 51 150
 57 151
 48 152
 41 153
 40 154
 35 155
 36 156
 44 157
 39 158
 34 159
 42 160
 20 161
 16 162
 29 163
 22 164
 22 165
 21 166
 15 167
 22 168
 16 169
 13 170
 13 171
 9 172
 16 173
 14 174
 10 175
 11 176
 13 177
 5 178
 5 179
 11 180
 5 181
 10 182
 6 183
 9 184
 4 185
 2 186
 2 187
 3 188
 4 189
 5 190
 1 191
 3 192
 1 193
 3 194
 2 195
 1 196
 1 197
 5 198
 3 199
 3 200
 1 201
 3 202
 1 203
 2 204
 2 205
 1 206
 1 207
 1 208
 1 209
 0 210
 0 211
 0 212
 2 213
 0 214
 0 215
 0 216
 0 217
 1 218
 0 219
 0 220
 0 221
 0 222
 0 223
 1 224
 0 225
 0 226
 2 227
 1 228
 0 229
 0 230
 0 231
 0 232
 0 233
 0 234
 1 235
 0 236
 0 237
 0 238
 0 239
 0 240
 0 241
 0 242
 1 243
 0 244
 0 245
 0 246
 0 247
 0 248
 0 249
 0 250
 0 251
 0 252
 0 253
 0 254
 0 255
 0 256
 1 257
 0 258
 0 259
 0 260
 0 261
 0 262
 0 263
 0 264
 0 265
 0 266
 0 267
 0 268
 0 269
 0 270
 0 271
 0 272
 0 273
 0 274
 0 275
 0 276
 0 277
 0 278
 0 279
 0 280
 0 281
 0 282
 0 283
 0 284
 0 285
 0 286
 0 287
 0 288
 1 289
 3 290
 0 291
 0 292
 0 293
 0 294
 0 295
 1 296
 1 297
 1 298
 2 299
 4 300
 1 301
 0 302
 2 303
 1 304
 1 305
 1 306
 3 307
 1 308
 1 309
 1 310
 2 311
 0 312
 3 313
 0 314
 0 315
 3 316
 4 317
 4 318
 1 319
 2 320
 2 321
 3 322
 3 323
 1 324
 5 325
 4 326
 5 327
 2 328
 1 329
 4 330
 2 331
 1 332
 3 333
 4 334
 1 335
 1 336
 1 337
 3 338
 2 339
 2 340
 1 341
 3 342
 2 343
 3 344
 0 345
 2 346
 0 347
 1 348
 1 349
 2 350
 0 351
 3 352
 0 353
 2 354
 2 355
 1 356
 1 357
 1 358
 3 359
 3 360
 1 361
 4 362
 1 363
 3 364
 1 365
 1 366
 0 367
 1 368
 0 369
 2 370
 0 371
 2 372
 2 373
 1 374
 1 375
 0 376
 0 377
 1 378
 0 379
 0 380
 0 381
 0 382
 0 383
 0 384
 0 385
 2 386
 1 387
 1 388
 0 389
 0 390
 0 391
 2 392
 0 393
 0 394
 1 395
 0 396
 0 397
 0 398
 0 399
 0 400
 0 401
 0 402
 0 403
 0 404
 0 405
 0 406
 0 407
 0 408
 0 409
 0 410
 0 411
 0 412
 0 413
 0 414
 0 415
 0 416
 0 417
 0 418
 0 419
 0 420
 0 421
 0 422
 0 423
 0 424
 0 425
 0 426
 0 427
 0 428
 0 429
 0 430
 0 431
 0 432
 0 433
 0 434
 0 435
 0 436
 0 437
 0 438
 0 439
 0 440
 0 441
 0 442
 0 443
 0 444
 0 445
 0 446
 0 447
 0 448
 0 449
 0 450
 0 451
 0 452
 0 453
 0 454
 0 455
 0 456
 0 457
 0 458
 0 459
 0 460
 0 461
 0 462
 0 463
 0 464
 0 465
 0 466
 0 467
 0 468
 0 469
 0 470
 0 471
 0 472
 0 473
 0 474
 0 475
 0 476
 0 477
 0 478
 0 479
 0 480
 0 481
 0 482
 0 483
 0 484
 0 485
 0 486
 0 487
 0 488
 0 489
 0 490
 0 491
 0 492
 0 493
 0 494
 0 495
 0 496
 0 497
 0 498
 0 499
 0 500
 0 501
 0 502
 0 503
 0 504
 0 505
 0 506
 0 507
 0 508
 0 509
 0 510
 0 511
 0 512
 0 513
 0 514
 0 515
 0 516
 0 517
 0 518
 0 519
 0 520
 0 521
 0 522
 0 523
 0 524
 0 525
 0 526
 0 527
 0 528
 0 529
 0 530
 0 531
 0 532
 0 533
 0 534
 0 535
 0 536
 0 537
 0 538
 0 539
 0 540
 0 541
 0 542
 0 543
 0 544
 0 545
 0 546
 0 547
 0 548
 0 549
 0 550
 0 551
 0 552
 0 553
 0 554
 0 555
 0 556
 0 557
 0 558
 0 559
 0 560
 0 561
 0 562
 0 563
 0 564
 0 565
 0 566
 0 567
 0 568
 0 569
 0 570
 0 571
 0 572
 0 573
 0 574
 0 575
 0 576
 0 577
 0 578
 0 579
 0 580
 0 581
 0 582
 0 583
 0 584
 0 585
 0 586
 0 587
 0 588
 0 589
 0 590
 0 591
 0 592
 0 593
 0 594
 0 595
 0 596
 0 597
 0 598
 0 599
 0 600


