# Created by Octave 3.8.2, Sat Jun 20 19:16:36 2020 CEST <damian@fptrucha.inv.usc.es>
# name: hd
# type: matrix
# rows: 551
# columns: 2
 0 50
 0 51
 0 52
 0 53
 0 54
 0 55
 0 56
 0 57
 0 58
 0 59
 0 60
 0 61
 0 62
 0 63
 0 64
 0 65
 0 66
 0 67
 0 68
 0 69
 0 70
 0 71
 0 72
 0 73
 0 74
 0 75
 0 76
 0 77
 0 78
 0 79
 0 80
 0 81
 0 82
 0 83
 0 84
 0 85
 0 86
 1 87
 5 88
 13 89
 68 90
 125 91
 208 92
 259 93
 339 94
 569 95
 905 96
 1088 97
 1239 98
 1370 99
 1547 100
 1574 101
 1598 102
 1626 103
 1482 104
 1573 105
 1474 106
 1422 107
 1374 108
 1241 109
 1104 110
 1063 111
 1006 112
 925 113
 860 114
 754 115
 715 116
 631 117
 576 118
 553 119
 476 120
 423 121
 412 122
 351 123
 319 124
 290 125
 266 126
 250 127
 240 128
 180 129
 193 130
 160 131
 149 132
 132 133
 124 134
 124 135
 91 136
 104 137
 88 138
 87 139
 90 140
 68 141
 76 142
 61 143
 70 144
 57 145
 52 146
 57 147
 44 148
 44 149
 46 150
 41 151
 36 152
 25 153
 34 154
 27 155
 26 156
 21 157
 28 158
 27 159
 19 160
 29 161
 26 162
 20 163
 19 164
 15 165
 15 166
 12 167
 13 168
 18 169
 12 170
 8 171
 9 172
 12 173
 10 174
 11 175
 4 176
 8 177
 6 178
 8 179
 2 180
 8 181
 6 182
 6 183
 5 184
 4 185
 1 186
 5 187
 3 188
 3 189
 3 190
 2 191
 2 192
 2 193
 2 194
 0 195
 3 196
 3 197
 2 198
 1 199
 1 200
 0 201
 1 202
 1 203
 0 204
 2 205
 0 206
 2 207
 0 208
 1 209
 0 210
 0 211
 0 212
 1 213
 2 214
 0 215
 0 216
 0 217
 1 218
 0 219
 0 220
 1 221
 0 222
 0 223
 0 224
 0 225
 0 226
 0 227
 1 228
 0 229
 0 230
 0 231
 1 232
 0 233
 0 234
 0 235
 0 236
 0 237
 1 238
 1 239
 0 240
 0 241
 0 242
 0 243
 0 244
 0 245
 0 246
 0 247
 0 248
 0 249
 0 250
 0 251
 0 252
 0 253
 0 254
 0 255
 0 256
 0 257
 0 258
 0 259
 0 260
 0 261
 0 262
 0 263
 0 264
 0 265
 0 266
 0 267
 0 268
 0 269
 0 270
 0 271
 0 272
 0 273
 0 274
 0 275
 0 276
 0 277
 0 278
 0 279
 0 280
 0 281
 0 282
 0 283
 0 284
 0 285
 1 286
 0 287
 1 288
 1 289
 0 290
 1 291
 1 292
 0 293
 0 294
 1 295
 0 296
 1 297
 0 298
 0 299
 0 300
 2 301
 1 302
 0 303
 4 304
 2 305
 1 306
 1 307
 2 308
 2 309
 2 310
 1 311
 3 312
 2 313
 1 314
 1 315
 1 316
 0 317
 2 318
 2 319
 4 320
 1 321
 2 322
 1 323
 1 324
 1 325
 2 326
 2 327
 1 328
 3 329
 3 330
 0 331
 4 332
 2 333
 1 334
 3 335
 1 336
 2 337
 2 338
 4 339
 1 340
 3 341
 3 342
 2 343
 0 344
 4 345
 1 346
 2 347
 0 348
 2 349
 1 350
 1 351
 2 352
 5 353
 1 354
 0 355
 3 356
 0 357
 5 358
 1 359
 0 360
 2 361
 1 362
 3 363
 3 364
 1 365
 2 366
 0 367
 0 368
 0 369
 1 370
 1 371
 1 372
 2 373
 2 374
 1 375
 2 376
 0 377
 0 378
 0 379
 1 380
 0 381
 0 382
 2 383
 1 384
 1 385
 0 386
 0 387
 1 388
 0 389
 0 390
 1 391
 0 392
 0 393
 0 394
 0 395
 0 396
 0 397
 0 398
 0 399
 0 400
 0 401
 0 402
 0 403
 0 404
 0 405
 1 406
 0 407
 0 408
 0 409
 0 410
 0 411
 0 412
 0 413
 0 414
 0 415
 0 416
 0 417
 0 418
 0 419
 0 420
 0 421
 0 422
 0 423
 0 424
 0 425
 0 426
 0 427
 0 428
 0 429
 0 430
 0 431
 0 432
 0 433
 0 434
 0 435
 0 436
 0 437
 0 438
 0 439
 0 440
 0 441
 0 442
 0 443
 0 444
 0 445
 0 446
 0 447
 0 448
 0 449
 0 450
 0 451
 0 452
 0 453
 0 454
 0 455
 0 456
 0 457
 0 458
 0 459
 0 460
 0 461
 0 462
 0 463
 0 464
 0 465
 0 466
 0 467
 0 468
 0 469
 0 470
 0 471
 0 472
 0 473
 0 474
 0 475
 0 476
 0 477
 0 478
 0 479
 0 480
 0 481
 0 482
 0 483
 0 484
 0 485
 0 486
 0 487
 0 488
 0 489
 0 490
 0 491
 0 492
 0 493
 0 494
 0 495
 0 496
 0 497
 0 498
 0 499
 0 500
 0 501
 0 502
 0 503
 0 504
 0 505
 0 506
 0 507
 0 508
 0 509
 0 510
 0 511
 0 512
 0 513
 0 514
 0 515
 0 516
 0 517
 0 518
 0 519
 0 520
 0 521
 0 522
 0 523
 0 524
 0 525
 0 526
 0 527
 0 528
 0 529
 0 530
 0 531
 0 532
 0 533
 0 534
 0 535
 0 536
 0 537
 0 538
 0 539
 0 540
 0 541
 0 542
 0 543
 0 544
 0 545
 0 546
 0 547
 0 548
 0 549
 0 550
 0 551
 0 552
 0 553
 0 554
 0 555
 0 556
 0 557
 0 558
 0 559
 0 560
 0 561
 0 562
 0 563
 0 564
 0 565
 0 566
 0 567
 0 568
 0 569
 0 570
 0 571
 0 572
 0 573
 0 574
 0 575
 0 576
 0 577
 0 578
 0 579
 0 580
 0 581
 0 582
 0 583
 0 584
 0 585
 0 586
 0 587
 0 588
 0 589
 0 590
 0 591
 0 592
 0 593
 0 594
 0 595
 0 596
 0 597
 0 598
 0 599
 0 600


