# Created by Octave 3.8.2, Sat Jun 20 02:12:24 2020 CEST <damian@fptrucha.inv.usc.es>
# name: hd
# type: matrix
# rows: 551
# columns: 2
 0 50
 0 51
 0 52
 0 53
 0 54
 0 55
 0 56
 0 57
 0 58
 0 59
 0 60
 0 61
 0 62
 0 63
 0 64
 0 65
 0 66
 0 67
 0 68
 0 69
 0 70
 0 71
 0 72
 0 73
 0 74
 0 75
 0 76
 0 77
 0 78
 0 79
 0 80
 0 81
 0 82
 0 83
 0 84
 0 85
 1 86
 4 87
 6 88
 16 89
 67 90
 133 91
 229 92
 254 93
 393 94
 562 95
 838 96
 1169 97
 1395 98
 1448 99
 1583 100
 1653 101
 1675 102
 1735 103
 1621 104
 1672 105
 1489 106
 1465 107
 1386 108
 1339 109
 1210 110
 1135 111
 1106 112
 987 113
 893 114
 896 115
 729 116
 710 117
 579 118
 537 119
 536 120
 486 121
 465 122
 402 123
 349 124
 329 125
 273 126
 280 127
 266 128
 255 129
 236 130
 201 131
 174 132
 160 133
 149 134
 157 135
 117 136
 120 137
 112 138
 87 139
 87 140
 103 141
 103 142
 81 143
 83 144
 81 145
 68 146
 57 147
 57 148
 61 149
 60 150
 51 151
 51 152
 67 153
 39 154
 52 155
 37 156
 41 157
 25 158
 30 159
 29 160
 28 161
 25 162
 32 163
 21 164
 21 165
 25 166
 29 167
 30 168
 13 169
 14 170
 18 171
 17 172
 19 173
 13 174
 11 175
 9 176
 11 177
 13 178
 8 179
 9 180
 9 181
 6 182
 3 183
 5 184
 9 185
 6 186
 4 187
 7 188
 4 189
 3 190
 4 191
 3 192
 3 193
 2 194
 3 195
 5 196
 3 197
 1 198
 1 199
 1 200
 1 201
 1 202
 1 203
 1 204
 0 205
 1 206
 1 207
 0 208
 1 209
 0 210
 4 211
 1 212
 2 213
 0 214
 0 215
 0 216
 0 217
 0 218
 1 219
 1 220
 0 221
 0 222
 0 223
 0 224
 0 225
 0 226
 0 227
 0 228
 1 229
 1 230
 0 231
 0 232
 0 233
 0 234
 0 235
 0 236
 0 237
 0 238
 0 239
 0 240
 0 241
 0 242
 1 243
 0 244
 0 245
 0 246
 0 247
 1 248
 0 249
 0 250
 0 251
 0 252
 0 253
 1 254
 0 255
 0 256
 0 257
 0 258
 0 259
 0 260
 0 261
 0 262
 0 263
 1 264
 0 265
 0 266
 0 267
 0 268
 0 269
 0 270
 0 271
 0 272
 0 273
 0 274
 0 275
 0 276
 0 277
 0 278
 0 279
 0 280
 0 281
 0 282
 0 283
 0 284
 0 285
 0 286
 0 287
 0 288
 0 289
 0 290
 0 291
 2 292
 2 293
 0 294
 3 295
 0 296
 1 297
 1 298
 2 299
 0 300
 2 301
 1 302
 3 303
 2 304
 1 305
 1 306
 1 307
 3 308
 5 309
 0 310
 0 311
 2 312
 3 313
 0 314
 1 315
 7 316
 4 317
 1 318
 1 319
 6 320
 4 321
 4 322
 2 323
 3 324
 1 325
 2 326
 3 327
 7 328
 1 329
 3 330
 0 331
 1 332
 1 333
 4 334
 2 335
 2 336
 0 337
 2 338
 0 339
 1 340
 1 341
 6 342
 3 343
 3 344
 2 345
 3 346
 4 347
 2 348
 2 349
 3 350
 3 351
 3 352
 3 353
 1 354
 2 355
 1 356
 1 357
 1 358
 0 359
 5 360
 1 361
 2 362
 2 363
 2 364
 0 365
 2 366
 0 367
 1 368
 1 369
 2 370
 2 371
 2 372
 1 373
 3 374
 0 375
 1 376
 0 377
 0 378
 0 379
 1 380
 1 381
 1 382
 1 383
 1 384
 0 385
 1 386
 0 387
 0 388
 0 389
 0 390
 0 391
 0 392
 0 393
 0 394
 0 395
 1 396
 1 397
 0 398
 0 399
 0 400
 0 401
 1 402
 1 403
 0 404
 0 405
 0 406
 1 407
 0 408
 0 409
 0 410
 0 411
 0 412
 0 413
 0 414
 0 415
 0 416
 0 417
 0 418
 0 419
 0 420
 0 421
 0 422
 0 423
 0 424
 0 425
 0 426
 0 427
 0 428
 0 429
 0 430
 0 431
 0 432
 0 433
 0 434
 0 435
 0 436
 0 437
 0 438
 0 439
 0 440
 0 441
 0 442
 0 443
 0 444
 0 445
 0 446
 0 447
 0 448
 0 449
 0 450
 0 451
 0 452
 0 453
 0 454
 0 455
 0 456
 0 457
 0 458
 0 459
 0 460
 0 461
 0 462
 0 463
 0 464
 0 465
 0 466
 0 467
 0 468
 0 469
 0 470
 0 471
 0 472
 0 473
 0 474
 0 475
 0 476
 0 477
 0 478
 0 479
 0 480
 0 481
 0 482
 0 483
 0 484
 0 485
 0 486
 0 487
 0 488
 0 489
 0 490
 0 491
 0 492
 0 493
 0 494
 0 495
 0 496
 0 497
 0 498
 0 499
 0 500
 0 501
 0 502
 0 503
 0 504
 0 505
 0 506
 0 507
 0 508
 0 509
 0 510
 0 511
 0 512
 0 513
 0 514
 0 515
 0 516
 0 517
 0 518
 0 519
 0 520
 0 521
 0 522
 0 523
 0 524
 0 525
 0 526
 0 527
 0 528
 0 529
 0 530
 0 531
 0 532
 0 533
 0 534
 0 535
 0 536
 0 537
 0 538
 0 539
 0 540
 0 541
 0 542
 0 543
 0 544
 0 545
 0 546
 0 547
 0 548
 0 549
 0 550
 0 551
 0 552
 0 553
 0 554
 0 555
 0 556
 0 557
 0 558
 0 559
 0 560
 0 561
 0 562
 0 563
 0 564
 0 565
 0 566
 0 567
 0 568
 0 569
 0 570
 0 571
 0 572
 0 573
 0 574
 0 575
 0 576
 0 577
 0 578
 0 579
 0 580
 0 581
 0 582
 0 583
 0 584
 0 585
 0 586
 0 587
 0 588
 0 589
 0 590
 0 591
 0 592
 0 593
 0 594
 0 595
 0 596
 0 597
 0 598
 0 599
 0 600


