# Created by Octave 3.8.2, Mon Jun 22 09:33:21 2020 CEST <damian@fptrucha.inv.usc.es>
# name: hd
# type: matrix
# rows: 551
# columns: 2
 0 50
 0 51
 0 52
 0 53
 0 54
 0 55
 0 56
 0 57
 0 58
 0 59
 0 60
 0 61
 0 62
 0 63
 0 64
 0 65
 0 66
 0 67
 0 68
 0 69
 0 70
 0 71
 0 72
 0 73
 0 74
 0 75
 0 76
 0 77
 0 78
 0 79
 0 80
 0 81
 0 82
 0 83
 0 84
 0 85
 0 86
 1 87
 1 88
 13 89
 25 90
 92 91
 165 92
 266 93
 391 94
 470 95
 695 96
 1090 97
 1332 98
 1436 99
 1561 100
 1678 101
 1740 102
 1631 103
 1658 104
 1588 105
 1496 106
 1447 107
 1251 108
 1167 109
 1136 110
 1028 111
 1004 112
 846 113
 820 114
 710 115
 643 116
 574 117
 479 118
 455 119
 407 120
 376 121
 320 122
 285 123
 254 124
 246 125
 240 126
 194 127
 173 128
 172 129
 161 130
 134 131
 140 132
 147 133
 122 134
 100 135
 100 136
 94 137
 82 138
 91 139
 86 140
 81 141
 64 142
 72 143
 78 144
 56 145
 47 146
 67 147
 52 148
 51 149
 33 150
 38 151
 42 152
 33 153
 26 154
 34 155
 27 156
 28 157
 28 158
 23 159
 26 160
 21 161
 20 162
 28 163
 19 164
 20 165
 18 166
 17 167
 25 168
 15 169
 16 170
 12 171
 9 172
 15 173
 6 174
 10 175
 14 176
 6 177
 7 178
 4 179
 7 180
 4 181
 7 182
 2 183
 3 184
 2 185
 6 186
 1 187
 2 188
 6 189
 5 190
 4 191
 6 192
 2 193
 2 194
 3 195
 2 196
 6 197
 2 198
 0 199
 1 200
 1 201
 0 202
 1 203
 3 204
 1 205
 1 206
 0 207
 0 208
 1 209
 0 210
 1 211
 3 212
 0 213
 1 214
 0 215
 0 216
 1 217
 1 218
 0 219
 0 220
 0 221
 0 222
 1 223
 0 224
 1 225
 0 226
 0 227
 0 228
 0 229
 0 230
 0 231
 0 232
 0 233
 0 234
 0 235
 0 236
 0 237
 0 238
 0 239
 0 240
 0 241
 0 242
 1 243
 0 244
 0 245
 0 246
 0 247
 0 248
 0 249
 0 250
 0 251
 0 252
 0 253
 0 254
 0 255
 0 256
 0 257
 0 258
 0 259
 0 260
 0 261
 0 262
 0 263
 0 264
 0 265
 0 266
 0 267
 0 268
 0 269
 0 270
 0 271
 0 272
 0 273
 0 274
 0 275
 0 276
 0 277
 0 278
 0 279
 0 280
 0 281
 0 282
 0 283
 1 284
 0 285
 0 286
 0 287
 2 288
 0 289
 1 290
 0 291
 2 292
 0 293
 0 294
 1 295
 0 296
 1 297
 1 298
 0 299
 2 300
 1 301
 2 302
 2 303
 2 304
 1 305
 0 306
 3 307
 1 308
 0 309
 1 310
 1 311
 7 312
 3 313
 3 314
 3 315
 5 316
 2 317
 2 318
 0 319
 1 320
 1 321
 6 322
 6 323
 1 324
 5 325
 3 326
 2 327
 1 328
 0 329
 6 330
 3 331
 8 332
 1 333
 3 334
 3 335
 2 336
 4 337
 3 338
 2 339
 1 340
 4 341
 7 342
 3 343
 2 344
 3 345
 1 346
 3 347
 2 348
 2 349
 1 350
 3 351
 0 352
 5 353
 3 354
 2 355
 2 356
 3 357
 2 358
 0 359
 1 360
 1 361
 2 362
 0 363
 2 364
 0 365
 1 366
 1 367
 0 368
 0 369
 3 370
 2 371
 1 372
 1 373
 0 374
 2 375
 0 376
 0 377
 0 378
 1 379
 0 380
 0 381
 0 382
 0 383
 2 384
 0 385
 0 386
 0 387
 0 388
 0 389
 0 390
 1 391
 0 392
 0 393
 0 394
 0 395
 0 396
 0 397
 1 398
 0 399
 1 400
 0 401
 0 402
 0 403
 1 404
 0 405
 0 406
 1 407
 0 408
 0 409
 0 410
 1 411
 0 412
 0 413
 0 414
 1 415
 0 416
 0 417
 0 418
 0 419
 0 420
 0 421
 0 422
 0 423
 0 424
 0 425
 0 426
 0 427
 0 428
 0 429
 0 430
 0 431
 0 432
 0 433
 0 434
 0 435
 0 436
 0 437
 0 438
 0 439
 0 440
 0 441
 0 442
 0 443
 0 444
 0 445
 0 446
 0 447
 0 448
 0 449
 0 450
 0 451
 0 452
 0 453
 0 454
 0 455
 0 456
 0 457
 0 458
 0 459
 0 460
 0 461
 0 462
 0 463
 0 464
 0 465
 0 466
 0 467
 0 468
 0 469
 0 470
 0 471
 0 472
 0 473
 0 474
 0 475
 0 476
 0 477
 0 478
 0 479
 0 480
 0 481
 0 482
 0 483
 0 484
 0 485
 0 486
 0 487
 0 488
 0 489
 0 490
 0 491
 0 492
 0 493
 0 494
 0 495
 0 496
 0 497
 0 498
 0 499
 0 500
 0 501
 0 502
 0 503
 0 504
 0 505
 0 506
 0 507
 0 508
 0 509
 0 510
 0 511
 0 512
 0 513
 0 514
 0 515
 0 516
 0 517
 0 518
 0 519
 0 520
 0 521
 0 522
 0 523
 0 524
 0 525
 0 526
 0 527
 0 528
 0 529
 0 530
 0 531
 0 532
 0 533
 0 534
 0 535
 0 536
 0 537
 0 538
 0 539
 0 540
 0 541
 0 542
 0 543
 0 544
 0 545
 0 546
 0 547
 0 548
 0 549
 0 550
 0 551
 0 552
 0 553
 0 554
 0 555
 0 556
 0 557
 0 558
 0 559
 0 560
 0 561
 0 562
 0 563
 0 564
 0 565
 0 566
 0 567
 0 568
 0 569
 0 570
 0 571
 0 572
 0 573
 0 574
 0 575
 0 576
 0 577
 0 578
 0 579
 0 580
 0 581
 0 582
 0 583
 0 584
 0 585
 0 586
 0 587
 0 588
 0 589
 0 590
 0 591
 0 592
 0 593
 0 594
 0 595
 0 596
 0 597
 0 598
 0 599
 0 600


