# Created by Octave 3.8.2, Sat Jun 20 21:26:18 2020 CEST <damian@fptrucha.inv.usc.es>
# name: hd
# type: matrix
# rows: 551
# columns: 2
 0 50
 0 51
 0 52
 0 53
 0 54
 0 55
 0 56
 0 57
 0 58
 0 59
 0 60
 0 61
 0 62
 0 63
 0 64
 0 65
 0 66
 0 67
 0 68
 0 69
 0 70
 0 71
 0 72
 0 73
 0 74
 0 75
 0 76
 0 77
 0 78
 0 79
 0 80
 0 81
 0 82
 0 83
 0 84
 0 85
 0 86
 3 87
 12 88
 15 89
 72 90
 123 91
 223 92
 269 93
 379 94
 530 95
 780 96
 1176 97
 1159 98
 1422 99
 1525 100
 1578 101
 1656 102
 1543 103
 1512 104
 1508 105
 1507 106
 1362 107
 1288 108
 1226 109
 1110 110
 1115 111
 991 112
 986 113
 848 114
 785 115
 672 116
 637 117
 589 118
 561 119
 497 120
 427 121
 390 122
 338 123
 324 124
 278 125
 247 126
 213 127
 226 128
 197 129
 174 130
 151 131
 155 132
 138 133
 121 134
 128 135
 118 136
 83 137
 88 138
 93 139
 88 140
 84 141
 81 142
 79 143
 73 144
 62 145
 66 146
 37 147
 41 148
 49 149
 45 150
 40 151
 40 152
 35 153
 40 154
 31 155
 39 156
 23 157
 24 158
 20 159
 27 160
 24 161
 22 162
 20 163
 9 164
 15 165
 15 166
 8 167
 9 168
 8 169
 15 170
 10 171
 9 172
 9 173
 4 174
 9 175
 4 176
 7 177
 5 178
 6 179
 6 180
 3 181
 4 182
 4 183
 6 184
 7 185
 0 186
 4 187
 3 188
 3 189
 1 190
 3 191
 4 192
 4 193
 2 194
 2 195
 2 196
 2 197
 1 198
 3 199
 0 200
 0 201
 0 202
 1 203
 2 204
 3 205
 1 206
 1 207
 2 208
 0 209
 1 210
 0 211
 2 212
 1 213
 0 214
 0 215
 0 216
 1 217
 0 218
 1 219
 0 220
 0 221
 0 222
 0 223
 0 224
 0 225
 0 226
 1 227
 0 228
 0 229
 0 230
 0 231
 0 232
 0 233
 0 234
 0 235
 1 236
 0 237
 0 238
 0 239
 0 240
 0 241
 0 242
 0 243
 0 244
 0 245
 0 246
 0 247
 0 248
 0 249
 0 250
 0 251
 0 252
 0 253
 0 254
 0 255
 0 256
 0 257
 0 258
 0 259
 0 260
 0 261
 0 262
 0 263
 0 264
 0 265
 0 266
 0 267
 0 268
 0 269
 0 270
 0 271
 0 272
 0 273
 0 274
 0 275
 0 276
 0 277
 0 278
 0 279
 0 280
 0 281
 0 282
 0 283
 0 284
 0 285
 0 286
 0 287
 0 288
 0 289
 0 290
 0 291
 0 292
 0 293
 0 294
 1 295
 1 296
 0 297
 0 298
 1 299
 1 300
 1 301
 0 302
 1 303
 1 304
 1 305
 1 306
 1 307
 1 308
 0 309
 3 310
 0 311
 1 312
 2 313
 1 314
 2 315
 0 316
 3 317
 2 318
 3 319
 1 320
 0 321
 1 322
 3 323
 1 324
 2 325
 4 326
 0 327
 0 328
 2 329
 1 330
 0 331
 1 332
 0 333
 1 334
 6 335
 3 336
 3 337
 4 338
 1 339
 1 340
 3 341
 2 342
 0 343
 0 344
 0 345
 0 346
 2 347
 1 348
 3 349
 1 350
 0 351
 2 352
 2 353
 1 354
 0 355
 1 356
 2 357
 2 358
 2 359
 1 360
 0 361
 1 362
 3 363
 0 364
 1 365
 5 366
 0 367
 0 368
 0 369
 2 370
 0 371
 0 372
 1 373
 1 374
 0 375
 2 376
 0 377
 2 378
 1 379
 2 380
 0 381
 0 382
 0 383
 0 384
 0 385
 1 386
 0 387
 1 388
 1 389
 1 390
 1 391
 0 392
 0 393
 0 394
 0 395
 1 396
 0 397
 0 398
 0 399
 0 400
 0 401
 0 402
 0 403
 1 404
 0 405
 0 406
 0 407
 0 408
 0 409
 1 410
 1 411
 0 412
 0 413
 0 414
 0 415
 0 416
 0 417
 0 418
 0 419
 0 420
 0 421
 0 422
 0 423
 0 424
 0 425
 0 426
 0 427
 0 428
 0 429
 0 430
 0 431
 0 432
 0 433
 0 434
 0 435
 0 436
 0 437
 0 438
 0 439
 0 440
 0 441
 0 442
 0 443
 0 444
 0 445
 0 446
 0 447
 0 448
 0 449
 0 450
 0 451
 0 452
 0 453
 0 454
 0 455
 0 456
 0 457
 0 458
 0 459
 0 460
 0 461
 0 462
 0 463
 0 464
 0 465
 0 466
 0 467
 0 468
 0 469
 0 470
 0 471
 0 472
 0 473
 0 474
 0 475
 0 476
 0 477
 0 478
 0 479
 0 480
 0 481
 0 482
 0 483
 0 484
 0 485
 0 486
 0 487
 0 488
 0 489
 0 490
 0 491
 0 492
 0 493
 0 494
 0 495
 0 496
 0 497
 0 498
 0 499
 0 500
 0 501
 0 502
 0 503
 0 504
 0 505
 0 506
 0 507
 0 508
 0 509
 0 510
 0 511
 0 512
 0 513
 0 514
 0 515
 0 516
 0 517
 0 518
 0 519
 0 520
 0 521
 0 522
 0 523
 0 524
 0 525
 0 526
 0 527
 0 528
 0 529
 0 530
 0 531
 0 532
 0 533
 0 534
 0 535
 0 536
 0 537
 0 538
 0 539
 0 540
 0 541
 0 542
 0 543
 0 544
 0 545
 0 546
 0 547
 0 548
 0 549
 0 550
 0 551
 0 552
 0 553
 0 554
 0 555
 0 556
 0 557
 0 558
 0 559
 0 560
 0 561
 0 562
 0 563
 0 564
 0 565
 0 566
 0 567
 0 568
 0 569
 0 570
 0 571
 0 572
 0 573
 0 574
 0 575
 0 576
 0 577
 0 578
 0 579
 0 580
 0 581
 0 582
 0 583
 0 584
 0 585
 0 586
 0 587
 0 588
 0 589
 0 590
 0 591
 0 592
 0 593
 0 594
 0 595
 0 596
 0 597
 0 598
 0 599
 0 600


