# Created by Octave 3.8.2, Mon Jun 22 13:53:16 2020 CEST <damian@fptrucha.inv.usc.es>
# name: hd
# type: matrix
# rows: 551
# columns: 2
 0 50
 0 51
 0 52
 0 53
 0 54
 0 55
 0 56
 0 57
 0 58
 0 59
 0 60
 0 61
 0 62
 0 63
 0 64
 0 65
 0 66
 0 67
 0 68
 0 69
 0 70
 0 71
 0 72
 0 73
 0 74
 0 75
 0 76
 0 77
 0 78
 0 79
 0 80
 0 81
 0 82
 0 83
 0 84
 0 85
 0 86
 0 87
 2 88
 6 89
 29 90
 129 91
 211 92
 307 93
 458 94
 560 95
 839 96
 1309 97
 1578 98
 1704 99
 1813 100
 1921 101
 1761 102
 1845 103
 1762 104
 1732 105
 1492 106
 1429 107
 1363 108
 1254 109
 1105 110
 1026 111
 959 112
 834 113
 743 114
 724 115
 581 116
 559 117
 458 118
 412 119
 405 120
 402 121
 292 122
 254 123
 230 124
 215 125
 184 126
 186 127
 166 128
 143 129
 187 130
 141 131
 133 132
 114 133
 130 134
 129 135
 92 136
 86 137
 65 138
 87 139
 84 140
 78 141
 43 142
 59 143
 66 144
 60 145
 44 146
 45 147
 48 148
 37 149
 48 150
 41 151
 34 152
 37 153
 33 154
 38 155
 20 156
 30 157
 23 158
 27 159
 17 160
 21 161
 19 162
 17 163
 10 164
 26 165
 15 166
 17 167
 18 168
 14 169
 12 170
 9 171
 7 172
 15 173
 10 174
 12 175
 10 176
 10 177
 6 178
 4 179
 4 180
 5 181
 8 182
 4 183
 5 184
 6 185
 4 186
 7 187
 4 188
 2 189
 0 190
 2 191
 2 192
 1 193
 2 194
 0 195
 0 196
 1 197
 1 198
 2 199
 2 200
 1 201
 4 202
 2 203
 0 204
 1 205
 1 206
 0 207
 1 208
 3 209
 0 210
 0 211
 0 212
 1 213
 0 214
 0 215
 0 216
 0 217
 1 218
 0 219
 0 220
 0 221
 0 222
 0 223
 0 224
 0 225
 0 226
 1 227
 0 228
 0 229
 0 230
 0 231
 0 232
 0 233
 0 234
 0 235
 0 236
 0 237
 0 238
 0 239
 0 240
 0 241
 0 242
 0 243
 0 244
 0 245
 0 246
 0 247
 0 248
 0 249
 0 250
 0 251
 0 252
 0 253
 0 254
 0 255
 0 256
 0 257
 0 258
 0 259
 0 260
 0 261
 0 262
 0 263
 0 264
 0 265
 0 266
 0 267
 0 268
 0 269
 0 270
 0 271
 0 272
 0 273
 0 274
 0 275
 0 276
 0 277
 0 278
 0 279
 0 280
 0 281
 0 282
 0 283
 0 284
 0 285
 0 286
 0 287
 0 288
 1 289
 0 290
 2 291
 0 292
 1 293
 1 294
 3 295
 0 296
 2 297
 3 298
 1 299
 1 300
 1 301
 1 302
 2 303
 0 304
 2 305
 0 306
 1 307
 3 308
 5 309
 1 310
 2 311
 5 312
 2 313
 1 314
 0 315
 3 316
 2 317
 1 318
 5 319
 2 320
 2 321
 1 322
 3 323
 1 324
 3 325
 1 326
 3 327
 3 328
 2 329
 3 330
 5 331
 3 332
 2 333
 3 334
 0 335
 2 336
 5 337
 2 338
 0 339
 3 340
 3 341
 1 342
 0 343
 2 344
 1 345
 3 346
 0 347
 2 348
 2 349
 4 350
 0 351
 0 352
 1 353
 1 354
 3 355
 2 356
 1 357
 1 358
 3 359
 2 360
 0 361
 1 362
 2 363
 1 364
 2 365
 0 366
 3 367
 1 368
 2 369
 3 370
 3 371
 2 372
 1 373
 0 374
 2 375
 0 376
 2 377
 1 378
 0 379
 0 380
 2 381
 0 382
 0 383
 0 384
 0 385
 1 386
 0 387
 0 388
 1 389
 0 390
 0 391
 1 392
 1 393
 0 394
 2 395
 0 396
 0 397
 1 398
 0 399
 0 400
 1 401
 0 402
 0 403
 0 404
 0 405
 0 406
 0 407
 0 408
 1 409
 0 410
 0 411
 0 412
 0 413
 1 414
 0 415
 0 416
 0 417
 0 418
 0 419
 0 420
 0 421
 0 422
 1 423
 0 424
 0 425
 0 426
 0 427
 0 428
 0 429
 0 430
 0 431
 0 432
 1 433
 0 434
 0 435
 0 436
 0 437
 0 438
 0 439
 0 440
 0 441
 0 442
 0 443
 0 444
 0 445
 0 446
 0 447
 0 448
 0 449
 0 450
 0 451
 0 452
 0 453
 0 454
 0 455
 0 456
 0 457
 0 458
 0 459
 0 460
 0 461
 0 462
 0 463
 0 464
 0 465
 0 466
 0 467
 0 468
 0 469
 0 470
 0 471
 0 472
 0 473
 0 474
 0 475
 0 476
 0 477
 0 478
 0 479
 0 480
 0 481
 0 482
 0 483
 0 484
 0 485
 0 486
 0 487
 0 488
 0 489
 0 490
 0 491
 0 492
 0 493
 0 494
 0 495
 0 496
 0 497
 0 498
 0 499
 0 500
 0 501
 0 502
 0 503
 0 504
 0 505
 0 506
 0 507
 0 508
 0 509
 0 510
 0 511
 0 512
 0 513
 0 514
 0 515
 0 516
 0 517
 0 518
 0 519
 0 520
 0 521
 0 522
 0 523
 0 524
 0 525
 0 526
 0 527
 0 528
 0 529
 0 530
 0 531
 0 532
 0 533
 0 534
 0 535
 0 536
 0 537
 0 538
 0 539
 0 540
 0 541
 0 542
 0 543
 0 544
 0 545
 0 546
 0 547
 0 548
 0 549
 0 550
 0 551
 0 552
 0 553
 0 554
 0 555
 0 556
 0 557
 0 558
 0 559
 0 560
 0 561
 0 562
 0 563
 0 564
 0 565
 0 566
 0 567
 0 568
 0 569
 0 570
 0 571
 0 572
 0 573
 0 574
 0 575
 0 576
 0 577
 0 578
 0 579
 0 580
 0 581
 0 582
 0 583
 0 584
 0 585
 0 586
 0 587
 0 588
 0 589
 0 590
 0 591
 0 592
 0 593
 0 594
 0 595
 0 596
 0 597
 0 598
 0 599
 0 600


