# Created by Octave 3.8.2, Mon Jun 22 19:20:04 2020 CEST <damian@fptrucha.inv.usc.es>
# name: hd
# type: matrix
# rows: 551
# columns: 2
 0 50
 0 51
 0 52
 0 53
 0 54
 0 55
 0 56
 0 57
 0 58
 0 59
 0 60
 0 61
 0 62
 0 63
 0 64
 0 65
 0 66
 0 67
 0 68
 0 69
 0 70
 0 71
 0 72
 0 73
 0 74
 0 75
 0 76
 0 77
 0 78
 0 79
 0 80
 0 81
 0 82
 0 83
 0 84
 0 85
 0 86
 0 87
 2 88
 6 89
 45 90
 124 91
 208 92
 348 93
 391 94
 558 95
 872 96
 1163 97
 1512 98
 1639 99
 1850 100
 1863 101
 1925 102
 1865 103
 1748 104
 1726 105
 1654 106
 1506 107
 1382 108
 1363 109
 1199 110
 1056 111
 1006 112
 856 113
 753 114
 708 115
 648 116
 627 117
 492 118
 460 119
 439 120
 372 121
 340 122
 287 123
 281 124
 223 125
 210 126
 193 127
 208 128
 164 129
 159 130
 138 131
 138 132
 135 133
 111 134
 113 135
 105 136
 92 137
 88 138
 76 139
 84 140
 78 141
 59 142
 66 143
 43 144
 56 145
 53 146
 48 147
 65 148
 39 149
 42 150
 51 151
 43 152
 26 153
 38 154
 29 155
 31 156
 23 157
 28 158
 23 159
 17 160
 25 161
 20 162
 6 163
 19 164
 17 165
 23 166
 12 167
 8 168
 7 169
 14 170
 9 171
 14 172
 12 173
 13 174
 8 175
 9 176
 9 177
 11 178
 10 179
 4 180
 8 181
 2 182
 9 183
 5 184
 4 185
 6 186
 1 187
 5 188
 0 189
 5 190
 1 191
 3 192
 3 193
 3 194
 2 195
 1 196
 2 197
 1 198
 1 199
 2 200
 1 201
 1 202
 0 203
 2 204
 2 205
 1 206
 1 207
 0 208
 0 209
 1 210
 0 211
 2 212
 1 213
 0 214
 0 215
 0 216
 0 217
 0 218
 0 219
 0 220
 3 221
 0 222
 0 223
 0 224
 0 225
 0 226
 0 227
 1 228
 0 229
 0 230
 0 231
 0 232
 0 233
 0 234
 0 235
 0 236
 0 237
 0 238
 0 239
 1 240
 0 241
 0 242
 0 243
 0 244
 0 245
 0 246
 0 247
 0 248
 0 249
 0 250
 0 251
 0 252
 0 253
 0 254
 0 255
 0 256
 0 257
 0 258
 0 259
 0 260
 0 261
 0 262
 0 263
 0 264
 0 265
 0 266
 0 267
 0 268
 0 269
 0 270
 0 271
 0 272
 0 273
 0 274
 0 275
 0 276
 1 277
 0 278
 0 279
 0 280
 0 281
 0 282
 0 283
 0 284
 0 285
 0 286
 1 287
 2 288
 1 289
 0 290
 1 291
 1 292
 1 293
 0 294
 0 295
 1 296
 0 297
 1 298
 1 299
 0 300
 0 301
 3 302
 0 303
 0 304
 2 305
 2 306
 2 307
 1 308
 3 309
 1 310
 2 311
 2 312
 0 313
 1 314
 0 315
 2 316
 3 317
 1 318
 4 319
 2 320
 2 321
 3 322
 2 323
 1 324
 2 325
 0 326
 1 327
 6 328
 3 329
 0 330
 2 331
 5 332
 2 333
 1 334
 2 335
 2 336
 7 337
 1 338
 2 339
 3 340
 2 341
 1 342
 1 343
 0 344
 3 345
 0 346
 1 347
 4 348
 4 349
 1 350
 3 351
 0 352
 2 353
 1 354
 3 355
 1 356
 0 357
 2 358
 0 359
 1 360
 1 361
 2 362
 1 363
 0 364
 2 365
 0 366
 3 367
 1 368
 1 369
 1 370
 1 371
 1 372
 1 373
 1 374
 1 375
 0 376
 0 377
 1 378
 0 379
 2 380
 0 381
 0 382
 0 383
 1 384
 1 385
 2 386
 0 387
 1 388
 1 389
 0 390
 0 391
 0 392
 0 393
 2 394
 1 395
 1 396
 1 397
 0 398
 1 399
 0 400
 0 401
 0 402
 0 403
 1 404
 0 405
 0 406
 0 407
 0 408
 0 409
 1 410
 0 411
 0 412
 0 413
 0 414
 0 415
 0 416
 0 417
 0 418
 0 419
 0 420
 1 421
 0 422
 0 423
 0 424
 0 425
 0 426
 0 427
 0 428
 0 429
 0 430
 1 431
 0 432
 0 433
 0 434
 0 435
 0 436
 0 437
 0 438
 0 439
 0 440
 0 441
 0 442
 0 443
 0 444
 0 445
 0 446
 0 447
 0 448
 0 449
 0 450
 0 451
 0 452
 0 453
 0 454
 0 455
 0 456
 0 457
 0 458
 0 459
 0 460
 0 461
 0 462
 0 463
 0 464
 0 465
 0 466
 0 467
 0 468
 0 469
 0 470
 0 471
 0 472
 0 473
 0 474
 0 475
 0 476
 0 477
 0 478
 0 479
 0 480
 0 481
 0 482
 0 483
 0 484
 0 485
 0 486
 0 487
 0 488
 0 489
 0 490
 0 491
 0 492
 0 493
 0 494
 0 495
 0 496
 0 497
 0 498
 0 499
 0 500
 0 501
 0 502
 0 503
 0 504
 0 505
 0 506
 0 507
 0 508
 0 509
 0 510
 0 511
 0 512
 0 513
 0 514
 0 515
 0 516
 0 517
 0 518
 0 519
 0 520
 0 521
 0 522
 0 523
 0 524
 0 525
 0 526
 0 527
 0 528
 0 529
 0 530
 0 531
 0 532
 0 533
 0 534
 0 535
 0 536
 0 537
 0 538
 0 539
 0 540
 0 541
 0 542
 0 543
 0 544
 0 545
 0 546
 0 547
 0 548
 0 549
 0 550
 0 551
 0 552
 0 553
 0 554
 0 555
 0 556
 0 557
 0 558
 0 559
 0 560
 0 561
 0 562
 0 563
 0 564
 0 565
 0 566
 0 567
 0 568
 0 569
 0 570
 0 571
 0 572
 0 573
 0 574
 0 575
 0 576
 0 577
 0 578
 0 579
 0 580
 0 581
 0 582
 0 583
 0 584
 0 585
 0 586
 0 587
 0 588
 0 589
 0 590
 0 591
 0 592
 0 593
 0 594
 0 595
 0 596
 0 597
 0 598
 0 599
 0 600


