# Created by Octave 3.8.2, Sat Jun 20 03:43:52 2020 CEST <damian@fptrucha.inv.usc.es>
# name: hd
# type: matrix
# rows: 551
# columns: 2
 0 50
 0 51
 0 52
 0 53
 0 54
 0 55
 0 56
 0 57
 0 58
 0 59
 0 60
 0 61
 0 62
 0 63
 0 64
 0 65
 0 66
 0 67
 0 68
 0 69
 0 70
 0 71
 0 72
 0 73
 0 74
 0 75
 0 76
 0 77
 0 78
 0 79
 0 80
 0 81
 0 82
 0 83
 0 84
 0 85
 0 86
 4 87
 9 88
 18 89
 78 90
 151 91
 227 92
 304 93
 395 94
 565 95
 864 96
 1201 97
 1402 98
 1505 99
 1624 100
 1685 101
 1766 102
 1776 103
 1669 104
 1747 105
 1604 106
 1502 107
 1467 108
 1359 109
 1250 110
 1078 111
 1070 112
 985 113
 915 114
 821 115
 725 116
 701 117
 645 118
 533 119
 550 120
 485 121
 431 122
 357 123
 316 124
 310 125
 299 126
 274 127
 211 128
 227 129
 204 130
 185 131
 169 132
 149 133
 153 134
 144 135
 124 136
 133 137
 138 138
 111 139
 96 140
 83 141
 87 142
 90 143
 83 144
 69 145
 65 146
 57 147
 67 148
 56 149
 50 150
 54 151
 57 152
 71 153
 53 154
 44 155
 40 156
 47 157
 26 158
 26 159
 31 160
 25 161
 27 162
 25 163
 29 164
 23 165
 23 166
 22 167
 13 168
 18 169
 16 170
 13 171
 18 172
 15 173
 12 174
 7 175
 15 176
 6 177
 11 178
 10 179
 6 180
 4 181
 6 182
 8 183
 7 184
 4 185
 2 186
 5 187
 5 188
 4 189
 10 190
 3 191
 6 192
 3 193
 7 194
 2 195
 3 196
 1 197
 2 198
 1 199
 2 200
 1 201
 1 202
 3 203
 4 204
 2 205
 0 206
 1 207
 0 208
 0 209
 1 210
 1 211
 0 212
 0 213
 1 214
 0 215
 0 216
 1 217
 0 218
 0 219
 0 220
 0 221
 0 222
 1 223
 0 224
 1 225
 0 226
 0 227
 0 228
 0 229
 0 230
 0 231
 0 232
 0 233
 0 234
 0 235
 0 236
 0 237
 0 238
 0 239
 0 240
 0 241
 0 242
 0 243
 0 244
 0 245
 0 246
 0 247
 0 248
 0 249
 0 250
 0 251
 0 252
 0 253
 0 254
 0 255
 0 256
 0 257
 0 258
 0 259
 0 260
 0 261
 0 262
 0 263
 0 264
 0 265
 0 266
 0 267
 0 268
 0 269
 0 270
 0 271
 0 272
 0 273
 0 274
 0 275
 0 276
 0 277
 0 278
 0 279
 0 280
 0 281
 0 282
 1 283
 0 284
 0 285
 0 286
 1 287
 2 288
 1 289
 0 290
 0 291
 0 292
 0 293
 2 294
 0 295
 0 296
 0 297
 0 298
 2 299
 2 300
 0 301
 1 302
 1 303
 2 304
 1 305
 1 306
 2 307
 1 308
 2 309
 0 310
 3 311
 1 312
 0 313
 3 314
 1 315
 4 316
 2 317
 1 318
 2 319
 1 320
 3 321
 0 322
 2 323
 1 324
 2 325
 1 326
 4 327
 1 328
 4 329
 2 330
 1 331
 2 332
 1 333
 1 334
 1 335
 2 336
 1 337
 1 338
 3 339
 1 340
 2 341
 2 342
 2 343
 2 344
 0 345
 3 346
 0 347
 0 348
 1 349
 1 350
 1 351
 2 352
 3 353
 1 354
 3 355
 2 356
 3 357
 1 358
 4 359
 1 360
 1 361
 2 362
 3 363
 0 364
 0 365
 3 366
 0 367
 0 368
 1 369
 1 370
 0 371
 0 372
 1 373
 1 374
 1 375
 2 376
 3 377
 0 378
 0 379
 1 380
 0 381
 0 382
 1 383
 2 384
 1 385
 0 386
 0 387
 0 388
 0 389
 0 390
 0 391
 0 392
 0 393
 0 394
 0 395
 0 396
 0 397
 0 398
 0 399
 0 400
 0 401
 0 402
 2 403
 0 404
 0 405
 0 406
 0 407
 0 408
 0 409
 0 410
 0 411
 0 412
 0 413
 0 414
 0 415
 0 416
 0 417
 0 418
 0 419
 0 420
 0 421
 0 422
 0 423
 0 424
 0 425
 0 426
 0 427
 0 428
 1 429
 0 430
 0 431
 0 432
 0 433
 0 434
 0 435
 0 436
 0 437
 0 438
 0 439
 0 440
 0 441
 0 442
 0 443
 0 444
 0 445
 0 446
 0 447
 0 448
 0 449
 0 450
 0 451
 0 452
 0 453
 0 454
 0 455
 0 456
 0 457
 0 458
 0 459
 0 460
 0 461
 0 462
 0 463
 0 464
 0 465
 0 466
 0 467
 0 468
 0 469
 0 470
 0 471
 0 472
 0 473
 0 474
 0 475
 0 476
 0 477
 0 478
 0 479
 0 480
 0 481
 0 482
 0 483
 0 484
 0 485
 0 486
 0 487
 0 488
 0 489
 0 490
 0 491
 0 492
 0 493
 0 494
 0 495
 0 496
 0 497
 0 498
 0 499
 0 500
 0 501
 0 502
 0 503
 0 504
 0 505
 0 506
 0 507
 0 508
 0 509
 0 510
 0 511
 0 512
 0 513
 0 514
 0 515
 0 516
 0 517
 0 518
 0 519
 0 520
 0 521
 0 522
 0 523
 0 524
 0 525
 0 526
 0 527
 0 528
 0 529
 0 530
 0 531
 0 532
 0 533
 0 534
 0 535
 0 536
 0 537
 0 538
 0 539
 0 540
 0 541
 0 542
 0 543
 0 544
 0 545
 0 546
 0 547
 0 548
 0 549
 0 550
 0 551
 0 552
 0 553
 0 554
 0 555
 0 556
 0 557
 0 558
 0 559
 0 560
 0 561
 0 562
 0 563
 0 564
 0 565
 0 566
 0 567
 0 568
 0 569
 0 570
 0 571
 0 572
 0 573
 0 574
 0 575
 0 576
 0 577
 0 578
 0 579
 0 580
 0 581
 0 582
 0 583
 0 584
 0 585
 0 586
 0 587
 0 588
 0 589
 0 590
 0 591
 0 592
 0 593
 0 594
 0 595
 0 596
 0 597
 0 598
 0 599
 0 600


