# Created by Octave 3.8.2, Mon Jun 22 00:55:30 2020 CEST <damian@fptrucha.inv.usc.es>
# name: hd
# type: matrix
# rows: 551
# columns: 2
 0 50
 0 51
 0 52
 0 53
 0 54
 0 55
 0 56
 0 57
 0 58
 0 59
 0 60
 0 61
 0 62
 0 63
 0 64
 0 65
 0 66
 0 67
 0 68
 0 69
 0 70
 0 71
 0 72
 0 73
 0 74
 0 75
 0 76
 0 77
 0 78
 0 79
 0 80
 0 81
 0 82
 0 83
 0 84
 0 85
 0 86
 2 87
 3 88
 10 89
 58 90
 109 91
 140 92
 198 93
 276 94
 438 95
 608 96
 804 97
 905 98
 994 99
 1029 100
 1044 101
 1134 102
 1072 103
 1088 104
 1049 105
 1019 106
 923 107
 880 108
 871 109
 799 110
 747 111
 679 112
 635 113
 604 114
 518 115
 445 116
 435 117
 354 118
 329 119
 318 120
 289 121
 260 122
 210 123
 192 124
 182 125
 173 126
 162 127
 138 128
 129 129
 106 130
 93 131
 102 132
 83 133
 79 134
 62 135
 61 136
 74 137
 63 138
 46 139
 49 140
 45 141
 45 142
 40 143
 35 144
 33 145
 31 146
 33 147
 21 148
 24 149
 25 150
 19 151
 21 152
 19 153
 11 154
 16 155
 15 156
 16 157
 21 158
 21 159
 13 160
 9 161
 9 162
 15 163
 10 164
 12 165
 10 166
 7 167
 11 168
 8 169
 7 170
 4 171
 4 172
 1 173
 2 174
 7 175
 2 176
 3 177
 8 178
 2 179
 1 180
 2 181
 1 182
 1 183
 1 184
 1 185
 5 186
 2 187
 2 188
 1 189
 1 190
 1 191
 2 192
 4 193
 2 194
 0 195
 2 196
 0 197
 0 198
 0 199
 1 200
 0 201
 1 202
 1 203
 0 204
 0 205
 0 206
 0 207
 1 208
 0 209
 1 210
 0 211
 0 212
 1 213
 0 214
 0 215
 0 216
 0 217
 0 218
 0 219
 0 220
 0 221
 0 222
 1 223
 0 224
 0 225
 0 226
 0 227
 0 228
 0 229
 0 230
 0 231
 0 232
 0 233
 0 234
 0 235
 0 236
 0 237
 0 238
 0 239
 0 240
 0 241
 0 242
 0 243
 0 244
 0 245
 0 246
 0 247
 0 248
 0 249
 0 250
 0 251
 0 252
 0 253
 0 254
 0 255
 0 256
 0 257
 0 258
 0 259
 0 260
 0 261
 0 262
 0 263
 0 264
 0 265
 0 266
 0 267
 0 268
 0 269
 0 270
 0 271
 0 272
 0 273
 0 274
 0 275
 0 276
 0 277
 0 278
 0 279
 0 280
 0 281
 0 282
 0 283
 0 284
 0 285
 0 286
 0 287
 0 288
 0 289
 1 290
 0 291
 0 292
 0 293
 0 294
 0 295
 0 296
 1 297
 0 298
 1 299
 0 300
 0 301
 0 302
 0 303
 0 304
 0 305
 2 306
 2 307
 0 308
 0 309
 0 310
 0 311
 0 312
 0 313
 1 314
 1 315
 1 316
 1 317
 0 318
 1 319
 1 320
 1 321
 0 322
 0 323
 1 324
 2 325
 0 326
 0 327
 0 328
 2 329
 1 330
 0 331
 1 332
 1 333
 1 334
 0 335
 1 336
 2 337
 4 338
 2 339
 0 340
 0 341
 2 342
 1 343
 1 344
 0 345
 0 346
 0 347
 0 348
 1 349
 3 350
 1 351
 2 352
 0 353
 0 354
 4 355
 0 356
 0 357
 2 358
 0 359
 2 360
 2 361
 0 362
 0 363
 0 364
 2 365
 1 366
 0 367
 0 368
 0 369
 1 370
 0 371
 1 372
 0 373
 0 374
 0 375
 0 376
 0 377
 0 378
 0 379
 0 380
 0 381
 1 382
 0 383
 1 384
 0 385
 0 386
 0 387
 0 388
 0 389
 0 390
 0 391
 0 392
 0 393
 1 394
 0 395
 0 396
 0 397
 0 398
 0 399
 1 400
 0 401
 0 402
 1 403
 0 404
 1 405
 0 406
 0 407
 1 408
 1 409
 0 410
 1 411
 0 412
 0 413
 0 414
 0 415
 0 416
 0 417
 0 418
 0 419
 0 420
 0 421
 0 422
 0 423
 0 424
 0 425
 0 426
 0 427
 0 428
 0 429
 0 430
 0 431
 0 432
 0 433
 0 434
 0 435
 0 436
 0 437
 0 438
 0 439
 0 440
 0 441
 0 442
 0 443
 0 444
 0 445
 0 446
 0 447
 0 448
 0 449
 0 450
 0 451
 0 452
 0 453
 0 454
 0 455
 0 456
 0 457
 0 458
 0 459
 0 460
 0 461
 0 462
 0 463
 0 464
 0 465
 0 466
 0 467
 0 468
 0 469
 0 470
 0 471
 0 472
 0 473
 0 474
 0 475
 0 476
 0 477
 0 478
 0 479
 0 480
 0 481
 0 482
 0 483
 0 484
 0 485
 0 486
 0 487
 0 488
 0 489
 0 490
 0 491
 0 492
 0 493
 0 494
 0 495
 0 496
 0 497
 0 498
 0 499
 0 500
 0 501
 0 502
 0 503
 0 504
 0 505
 0 506
 0 507
 0 508
 0 509
 0 510
 0 511
 0 512
 0 513
 0 514
 0 515
 0 516
 0 517
 0 518
 0 519
 0 520
 0 521
 0 522
 0 523
 0 524
 0 525
 0 526
 0 527
 0 528
 0 529
 0 530
 0 531
 0 532
 0 533
 0 534
 0 535
 0 536
 0 537
 0 538
 0 539
 0 540
 0 541
 0 542
 0 543
 0 544
 0 545
 0 546
 0 547
 0 548
 0 549
 0 550
 0 551
 0 552
 0 553
 0 554
 0 555
 0 556
 0 557
 0 558
 0 559
 0 560
 0 561
 0 562
 0 563
 0 564
 0 565
 0 566
 0 567
 0 568
 0 569
 0 570
 0 571
 0 572
 0 573
 0 574
 0 575
 0 576
 0 577
 0 578
 0 579
 0 580
 0 581
 0 582
 0 583
 0 584
 0 585
 0 586
 0 587
 0 588
 0 589
 0 590
 0 591
 0 592
 0 593
 0 594
 0 595
 0 596
 0 597
 0 598
 0 599
 0 600


