# Created by Octave 3.8.2, Mon Jun 22 06:45:08 2020 CEST <damian@fptrucha.inv.usc.es>
# name: hd
# type: matrix
# rows: 551
# columns: 2
 0 50
 0 51
 0 52
 0 53
 0 54
 0 55
 0 56
 0 57
 0 58
 0 59
 0 60
 0 61
 0 62
 0 63
 0 64
 0 65
 0 66
 0 67
 0 68
 0 69
 0 70
 0 71
 0 72
 0 73
 0 74
 0 75
 0 76
 0 77
 0 78
 0 79
 0 80
 0 81
 0 82
 0 83
 0 84
 0 85
 0 86
 0 87
 1 88
 7 89
 26 90
 115 91
 150 92
 301 93
 345 94
 476 95
 679 96
 1034 97
 1309 98
 1446 99
 1564 100
 1626 101
 1724 102
 1682 103
 1622 104
 1629 105
 1448 106
 1402 107
 1300 108
 1161 109
 1123 110
 962 111
 862 112
 816 113
 727 114
 670 115
 577 116
 563 117
 490 118
 420 119
 409 120
 316 121
 305 122
 281 123
 279 124
 229 125
 210 126
 214 127
 176 128
 157 129
 174 130
 148 131
 128 132
 130 133
 103 134
 129 135
 106 136
 83 137
 96 138
 92 139
 92 140
 81 141
 51 142
 56 143
 60 144
 56 145
 54 146
 46 147
 53 148
 41 149
 47 150
 46 151
 37 152
 37 153
 30 154
 29 155
 26 156
 33 157
 14 158
 19 159
 42 160
 26 161
 19 162
 13 163
 25 164
 16 165
 17 166
 12 167
 20 168
 19 169
 13 170
 12 171
 17 172
 14 173
 10 174
 11 175
 7 176
 9 177
 11 178
 7 179
 7 180
 2 181
 7 182
 8 183
 3 184
 2 185
 5 186
 3 187
 2 188
 5 189
 4 190
 4 191
 6 192
 3 193
 0 194
 1 195
 3 196
 0 197
 0 198
 1 199
 0 200
 0 201
 1 202
 1 203
 4 204
 1 205
 4 206
 0 207
 0 208
 1 209
 0 210
 0 211
 0 212
 0 213
 1 214
 0 215
 1 216
 0 217
 1 218
 1 219
 0 220
 0 221
 0 222
 0 223
 0 224
 0 225
 0 226
 0 227
 0 228
 2 229
 0 230
 0 231
 0 232
 0 233
 0 234
 0 235
 0 236
 0 237
 0 238
 0 239
 0 240
 0 241
 0 242
 0 243
 0 244
 0 245
 0 246
 0 247
 0 248
 0 249
 0 250
 0 251
 0 252
 0 253
 0 254
 0 255
 0 256
 0 257
 0 258
 0 259
 0 260
 0 261
 0 262
 0 263
 0 264
 0 265
 0 266
 0 267
 0 268
 0 269
 0 270
 0 271
 0 272
 0 273
 0 274
 0 275
 1 276
 0 277
 0 278
 0 279
 0 280
 0 281
 0 282
 0 283
 0 284
 0 285
 1 286
 1 287
 0 288
 2 289
 0 290
 0 291
 0 292
 0 293
 0 294
 0 295
 1 296
 1 297
 0 298
 0 299
 1 300
 0 301
 1 302
 0 303
 1 304
 1 305
 0 306
 1 307
 5 308
 3 309
 4 310
 0 311
 2 312
 2 313
 4 314
 3 315
 4 316
 2 317
 1 318
 1 319
 6 320
 4 321
 2 322
 1 323
 0 324
 3 325
 1 326
 4 327
 1 328
 3 329
 5 330
 1 331
 3 332
 4 333
 2 334
 5 335
 5 336
 1 337
 3 338
 5 339
 4 340
 4 341
 1 342
 3 343
 2 344
 3 345
 2 346
 2 347
 1 348
 2 349
 2 350
 0 351
 0 352
 3 353
 2 354
 2 355
 2 356
 1 357
 5 358
 1 359
 1 360
 0 361
 0 362
 1 363
 1 364
 3 365
 1 366
 1 367
 2 368
 3 369
 0 370
 1 371
 3 372
 1 373
 0 374
 0 375
 3 376
 0 377
 1 378
 0 379
 0 380
 0 381
 3 382
 0 383
 1 384
 0 385
 0 386
 1 387
 0 388
 0 389
 0 390
 0 391
 0 392
 1 393
 1 394
 2 395
 0 396
 0 397
 0 398
 0 399
 0 400
 0 401
 1 402
 0 403
 0 404
 1 405
 0 406
 0 407
 0 408
 0 409
 0 410
 0 411
 0 412
 0 413
 0 414
 0 415
 0 416
 0 417
 0 418
 0 419
 0 420
 0 421
 0 422
 0 423
 0 424
 0 425
 0 426
 0 427
 0 428
 0 429
 0 430
 0 431
 0 432
 0 433
 0 434
 0 435
 0 436
 0 437
 0 438
 0 439
 0 440
 0 441
 0 442
 0 443
 0 444
 0 445
 0 446
 0 447
 0 448
 0 449
 0 450
 0 451
 0 452
 0 453
 0 454
 0 455
 0 456
 0 457
 0 458
 0 459
 0 460
 0 461
 0 462
 0 463
 0 464
 0 465
 0 466
 0 467
 0 468
 0 469
 0 470
 0 471
 0 472
 0 473
 0 474
 0 475
 0 476
 0 477
 0 478
 0 479
 0 480
 0 481
 0 482
 0 483
 0 484
 0 485
 0 486
 0 487
 0 488
 0 489
 0 490
 0 491
 0 492
 0 493
 0 494
 0 495
 0 496
 0 497
 0 498
 0 499
 0 500
 0 501
 0 502
 0 503
 0 504
 0 505
 0 506
 0 507
 0 508
 0 509
 0 510
 0 511
 0 512
 0 513
 0 514
 0 515
 0 516
 0 517
 0 518
 0 519
 0 520
 0 521
 0 522
 0 523
 0 524
 0 525
 0 526
 0 527
 0 528
 0 529
 0 530
 0 531
 0 532
 0 533
 0 534
 0 535
 0 536
 0 537
 0 538
 0 539
 0 540
 0 541
 0 542
 0 543
 0 544
 0 545
 0 546
 0 547
 0 548
 0 549
 0 550
 0 551
 0 552
 0 553
 0 554
 0 555
 0 556
 0 557
 0 558
 0 559
 0 560
 0 561
 0 562
 0 563
 0 564
 0 565
 0 566
 0 567
 0 568
 0 569
 0 570
 0 571
 0 572
 0 573
 0 574
 0 575
 0 576
 0 577
 0 578
 0 579
 0 580
 0 581
 0 582
 0 583
 0 584
 0 585
 0 586
 0 587
 0 588
 0 589
 0 590
 0 591
 0 592
 0 593
 0 594
 0 595
 0 596
 0 597
 0 598
 0 599
 0 600


