# Created by Octave 3.8.2, Mon Jun 22 04:16:12 2020 CEST <damian@fptrucha.inv.usc.es>
# name: hd
# type: matrix
# rows: 551
# columns: 2
 0 50
 0 51
 0 52
 0 53
 0 54
 0 55
 0 56
 0 57
 0 58
 0 59
 0 60
 0 61
 0 62
 0 63
 0 64
 0 65
 0 66
 0 67
 0 68
 0 69
 0 70
 0 71
 0 72
 0 73
 0 74
 0 75
 0 76
 0 77
 0 78
 0 79
 0 80
 0 81
 0 82
 0 83
 0 84
 0 85
 0 86
 0 87
 1 88
 7 89
 34 90
 127 91
 225 92
 376 93
 445 94
 577 95
 884 96
 1323 97
 1760 98
 1822 99
 2058 100
 2076 101
 2098 102
 1922 103
 1763 104
 1650 105
 1423 106
 1319 107
 1141 108
 1081 109
 904 110
 758 111
 714 112
 594 113
 530 114
 429 115
 353 116
 350 117
 284 118
 250 119
 238 120
 237 121
 187 122
 148 123
 137 124
 145 125
 122 126
 115 127
 110 128
 84 129
 103 130
 102 131
 91 132
 59 133
 72 134
 64 135
 64 136
 48 137
 56 138
 47 139
 48 140
 38 141
 45 142
 45 143
 38 144
 23 145
 36 146
 23 147
 23 148
 24 149
 15 150
 12 151
 30 152
 25 153
 19 154
 21 155
 15 156
 23 157
 13 158
 18 159
 12 160
 13 161
 18 162
 12 163
 10 164
 8 165
 4 166
 8 167
 6 168
 9 169
 9 170
 6 171
 7 172
 3 173
 8 174
 6 175
 5 176
 6 177
 3 178
 1 179
 2 180
 1 181
 7 182
 3 183
 0 184
 1 185
 0 186
 1 187
 2 188
 4 189
 1 190
 2 191
 1 192
 1 193
 1 194
 4 195
 1 196
 0 197
 1 198
 1 199
 1 200
 0 201
 1 202
 0 203
 0 204
 0 205
 2 206
 0 207
 0 208
 0 209
 1 210
 1 211
 0 212
 0 213
 0 214
 0 215
 0 216
 0 217
 0 218
 1 219
 0 220
 1 221
 0 222
 0 223
 0 224
 0 225
 1 226
 0 227
 0 228
 0 229
 0 230
 0 231
 0 232
 0 233
 0 234
 0 235
 0 236
 0 237
 0 238
 0 239
 0 240
 0 241
 0 242
 0 243
 0 244
 0 245
 0 246
 0 247
 0 248
 0 249
 0 250
 0 251
 0 252
 0 253
 0 254
 0 255
 0 256
 0 257
 0 258
 0 259
 0 260
 0 261
 0 262
 0 263
 0 264
 0 265
 0 266
 0 267
 0 268
 0 269
 0 270
 0 271
 0 272
 0 273
 0 274
 0 275
 0 276
 0 277
 0 278
 0 279
 0 280
 0 281
 0 282
 0 283
 1 284
 0 285
 0 286
 0 287
 0 288
 0 289
 0 290
 0 291
 0 292
 0 293
 1 294
 0 295
 0 296
 0 297
 1 298
 1 299
 0 300
 0 301
 1 302
 1 303
 1 304
 0 305
 2 306
 4 307
 0 308
 1 309
 1 310
 2 311
 3 312
 1 313
 1 314
 1 315
 2 316
 4 317
 4 318
 2 319
 3 320
 1 321
 1 322
 2 323
 2 324
 1 325
 2 326
 2 327
 2 328
 4 329
 2 330
 1 331
 2 332
 1 333
 2 334
 1 335
 2 336
 0 337
 2 338
 0 339
 1 340
 2 341
 0 342
 4 343
 0 344
 1 345
 4 346
 2 347
 5 348
 1 349
 1 350
 0 351
 1 352
 1 353
 0 354
 1 355
 2 356
 0 357
 0 358
 1 359
 1 360
 2 361
 1 362
 2 363
 0 364
 1 365
 1 366
 0 367
 2 368
 2 369
 0 370
 0 371
 0 372
 1 373
 0 374
 0 375
 1 376
 0 377
 0 378
 1 379
 0 380
 1 381
 1 382
 0 383
 0 384
 0 385
 2 386
 0 387
 0 388
 0 389
 2 390
 0 391
 0 392
 0 393
 0 394
 0 395
 0 396
 0 397
 0 398
 1 399
 0 400
 0 401
 0 402
 0 403
 1 404
 0 405
 0 406
 1 407
 0 408
 0 409
 0 410
 0 411
 0 412
 0 413
 0 414
 0 415
 0 416
 0 417
 0 418
 0 419
 0 420
 0 421
 0 422
 0 423
 0 424
 0 425
 0 426
 0 427
 0 428
 0 429
 0 430
 0 431
 0 432
 0 433
 0 434
 1 435
 0 436
 0 437
 0 438
 0 439
 0 440
 0 441
 0 442
 0 443
 0 444
 0 445
 0 446
 0 447
 0 448
 0 449
 0 450
 0 451
 0 452
 0 453
 0 454
 0 455
 0 456
 0 457
 0 458
 0 459
 0 460
 0 461
 0 462
 0 463
 0 464
 0 465
 0 466
 0 467
 0 468
 0 469
 0 470
 0 471
 0 472
 0 473
 0 474
 0 475
 0 476
 0 477
 0 478
 0 479
 0 480
 0 481
 0 482
 0 483
 0 484
 0 485
 0 486
 0 487
 0 488
 0 489
 0 490
 0 491
 0 492
 0 493
 0 494
 0 495
 0 496
 0 497
 0 498
 0 499
 0 500
 0 501
 0 502
 0 503
 0 504
 0 505
 0 506
 0 507
 0 508
 0 509
 0 510
 0 511
 0 512
 0 513
 0 514
 0 515
 0 516
 0 517
 0 518
 0 519
 0 520
 0 521
 0 522
 0 523
 0 524
 0 525
 0 526
 0 527
 0 528
 0 529
 0 530
 0 531
 0 532
 0 533
 0 534
 0 535
 0 536
 0 537
 0 538
 0 539
 0 540
 0 541
 0 542
 0 543
 0 544
 0 545
 0 546
 0 547
 0 548
 0 549
 0 550
 0 551
 0 552
 0 553
 0 554
 0 555
 0 556
 0 557
 0 558
 0 559
 0 560
 0 561
 0 562
 0 563
 0 564
 0 565
 0 566
 0 567
 0 568
 0 569
 0 570
 0 571
 0 572
 0 573
 0 574
 0 575
 0 576
 0 577
 0 578
 0 579
 0 580
 0 581
 0 582
 0 583
 0 584
 0 585
 0 586
 0 587
 0 588
 0 589
 0 590
 0 591
 0 592
 0 593
 0 594
 0 595
 0 596
 0 597
 0 598
 0 599
 0 600


