# Created by Octave 3.8.2, Sat Jun 20 20:27:42 2020 CEST <damian@fptrucha.inv.usc.es>
# name: hd
# type: matrix
# rows: 551
# columns: 2
 0 50
 0 51
 0 52
 0 53
 0 54
 0 55
 0 56
 0 57
 0 58
 0 59
 0 60
 0 61
 0 62
 0 63
 0 64
 0 65
 0 66
 0 67
 0 68
 0 69
 0 70
 0 71
 0 72
 0 73
 0 74
 0 75
 0 76
 0 77
 0 78
 0 79
 0 80
 0 81
 0 82
 0 83
 0 84
 0 85
 0 86
 2 87
 5 88
 11 89
 83 90
 144 91
 188 92
 282 93
 392 94
 524 95
 851 96
 1126 97
 1374 98
 1383 99
 1505 100
 1616 101
 1691 102
 1629 103
 1588 104
 1484 105
 1450 106
 1406 107
 1296 108
 1247 109
 1193 110
 1115 111
 987 112
 914 113
 810 114
 789 115
 661 116
 661 117
 556 118
 508 119
 466 120
 449 121
 384 122
 341 123
 319 124
 284 125
 234 126
 234 127
 201 128
 210 129
 185 130
 164 131
 151 132
 129 133
 120 134
 121 135
 126 136
 106 137
 101 138
 82 139
 101 140
 88 141
 68 142
 75 143
 61 144
 48 145
 63 146
 36 147
 47 148
 65 149
 49 150
 35 151
 23 152
 35 153
 25 154
 29 155
 29 156
 20 157
 25 158
 27 159
 21 160
 15 161
 29 162
 13 163
 16 164
 15 165
 11 166
 11 167
 13 168
 6 169
 14 170
 14 171
 15 172
 6 173
 7 174
 11 175
 4 176
 2 177
 7 178
 3 179
 4 180
 9 181
 8 182
 2 183
 0 184
 6 185
 1 186
 5 187
 2 188
 3 189
 4 190
 4 191
 2 192
 1 193
 1 194
 1 195
 2 196
 0 197
 0 198
 1 199
 1 200
 0 201
 2 202
 2 203
 2 204
 2 205
 1 206
 0 207
 1 208
 0 209
 3 210
 1 211
 2 212
 0 213
 0 214
 0 215
 1 216
 1 217
 1 218
 1 219
 0 220
 0 221
 0 222
 0 223
 0 224
 0 225
 0 226
 0 227
 0 228
 0 229
 0 230
 1 231
 0 232
 0 233
 0 234
 0 235
 0 236
 0 237
 0 238
 0 239
 0 240
 0 241
 0 242
 0 243
 0 244
 0 245
 0 246
 0 247
 1 248
 0 249
 0 250
 0 251
 0 252
 0 253
 0 254
 0 255
 0 256
 0 257
 0 258
 0 259
 0 260
 0 261
 0 262
 0 263
 0 264
 1 265
 0 266
 0 267
 0 268
 0 269
 0 270
 0 271
 0 272
 0 273
 0 274
 0 275
 0 276
 0 277
 0 278
 0 279
 0 280
 0 281
 0 282
 0 283
 0 284
 0 285
 0 286
 0 287
 0 288
 0 289
 1 290
 0 291
 1 292
 0 293
 0 294
 0 295
 0 296
 1 297
 0 298
 0 299
 0 300
 0 301
 0 302
 1 303
 2 304
 0 305
 3 306
 0 307
 2 308
 1 309
 1 310
 0 311
 0 312
 1 313
 3 314
 4 315
 0 316
 1 317
 0 318
 0 319
 1 320
 2 321
 0 322
 2 323
 0 324
 3 325
 0 326
 0 327
 1 328
 1 329
 2 330
 1 331
 3 332
 4 333
 0 334
 0 335
 2 336
 4 337
 3 338
 6 339
 1 340
 2 341
 1 342
 2 343
 1 344
 2 345
 3 346
 1 347
 0 348
 1 349
 2 350
 2 351
 1 352
 3 353
 0 354
 1 355
 0 356
 2 357
 2 358
 0 359
 1 360
 3 361
 1 362
 3 363
 1 364
 1 365
 0 366
 1 367
 2 368
 1 369
 1 370
 1 371
 1 372
 1 373
 2 374
 0 375
 2 376
 1 377
 0 378
 0 379
 0 380
 0 381
 0 382
 0 383
 1 384
 1 385
 1 386
 0 387
 0 388
 0 389
 0 390
 3 391
 0 392
 0 393
 1 394
 0 395
 0 396
 0 397
 0 398
 1 399
 0 400
 0 401
 0 402
 0 403
 0 404
 1 405
 0 406
 0 407
 0 408
 0 409
 0 410
 0 411
 0 412
 0 413
 0 414
 1 415
 0 416
 0 417
 0 418
 0 419
 0 420
 0 421
 0 422
 0 423
 0 424
 0 425
 0 426
 0 427
 0 428
 0 429
 0 430
 0 431
 0 432
 0 433
 0 434
 0 435
 0 436
 0 437
 0 438
 0 439
 0 440
 0 441
 0 442
 0 443
 0 444
 0 445
 0 446
 0 447
 0 448
 0 449
 0 450
 0 451
 0 452
 0 453
 0 454
 0 455
 0 456
 0 457
 0 458
 0 459
 0 460
 0 461
 0 462
 0 463
 0 464
 0 465
 0 466
 0 467
 0 468
 0 469
 0 470
 0 471
 0 472
 0 473
 0 474
 0 475
 0 476
 0 477
 0 478
 0 479
 0 480
 0 481
 0 482
 0 483
 0 484
 0 485
 0 486
 0 487
 0 488
 0 489
 0 490
 0 491
 0 492
 0 493
 0 494
 0 495
 0 496
 0 497
 0 498
 0 499
 0 500
 0 501
 0 502
 0 503
 0 504
 0 505
 0 506
 0 507
 0 508
 0 509
 0 510
 0 511
 0 512
 0 513
 0 514
 0 515
 0 516
 0 517
 0 518
 0 519
 0 520
 0 521
 0 522
 0 523
 0 524
 0 525
 0 526
 0 527
 0 528
 0 529
 0 530
 0 531
 0 532
 0 533
 0 534
 0 535
 0 536
 0 537
 0 538
 0 539
 0 540
 0 541
 0 542
 0 543
 0 544
 0 545
 0 546
 0 547
 0 548
 0 549
 0 550
 0 551
 0 552
 0 553
 0 554
 0 555
 0 556
 0 557
 0 558
 0 559
 0 560
 0 561
 0 562
 0 563
 0 564
 0 565
 0 566
 0 567
 0 568
 0 569
 0 570
 0 571
 0 572
 0 573
 0 574
 0 575
 0 576
 0 577
 0 578
 0 579
 0 580
 0 581
 0 582
 0 583
 0 584
 0 585
 0 586
 0 587
 0 588
 0 589
 0 590
 0 591
 0 592
 0 593
 0 594
 0 595
 0 596
 0 597
 0 598
 0 599
 0 600


