# Created by Octave 3.8.2, Mon Jun 22 22:24:43 2020 CEST <damian@fptrucha.inv.usc.es>
# name: hd
# type: matrix
# rows: 551
# columns: 2
 0 50
 0 51
 0 52
 0 53
 0 54
 0 55
 0 56
 0 57
 0 58
 0 59
 0 60
 0 61
 0 62
 0 63
 0 64
 0 65
 0 66
 0 67
 0 68
 0 69
 0 70
 0 71
 0 72
 0 73
 0 74
 0 75
 0 76
 0 77
 0 78
 0 79
 0 80
 0 81
 0 82
 0 83
 0 84
 0 85
 0 86
 2 87
 5 88
 15 89
 49 90
 154 91
 227 92
 359 93
 428 94
 659 95
 1003 96
 1390 97
 1582 98
 1785 99
 1875 100
 2014 101
 1992 102
 1906 103
 1915 104
 1813 105
 1548 106
 1571 107
 1403 108
 1319 109
 1177 110
 1096 111
 1096 112
 803 113
 785 114
 750 115
 606 116
 579 117
 490 118
 435 119
 419 120
 360 121
 307 122
 279 123
 281 124
 220 125
 222 126
 198 127
 175 128
 176 129
 179 130
 132 131
 145 132
 143 133
 112 134
 101 135
 91 136
 83 137
 105 138
 83 139
 75 140
 77 141
 88 142
 71 143
 47 144
 65 145
 54 146
 50 147
 48 148
 51 149
 51 150
 42 151
 31 152
 40 153
 35 154
 37 155
 30 156
 27 157
 18 158
 32 159
 24 160
 25 161
 18 162
 20 163
 25 164
 19 165
 21 166
 14 167
 7 168
 8 169
 14 170
 9 171
 9 172
 9 173
 9 174
 12 175
 3 176
 7 177
 4 178
 9 179
 5 180
 3 181
 2 182
 5 183
 3 184
 4 185
 5 186
 4 187
 2 188
 1 189
 2 190
 3 191
 3 192
 2 193
 4 194
 1 195
 2 196
 2 197
 2 198
 1 199
 3 200
 0 201
 0 202
 2 203
 1 204
 1 205
 1 206
 2 207
 1 208
 2 209
 0 210
 2 211
 1 212
 0 213
 0 214
 1 215
 0 216
 2 217
 0 218
 0 219
 0 220
 0 221
 0 222
 0 223
 0 224
 0 225
 1 226
 1 227
 0 228
 0 229
 1 230
 0 231
 1 232
 0 233
 0 234
 0 235
 0 236
 0 237
 1 238
 0 239
 0 240
 0 241
 0 242
 0 243
 0 244
 0 245
 0 246
 0 247
 0 248
 0 249
 0 250
 0 251
 0 252
 0 253
 0 254
 0 255
 0 256
 0 257
 0 258
 0 259
 0 260
 0 261
 0 262
 0 263
 0 264
 0 265
 0 266
 0 267
 0 268
 0 269
 0 270
 0 271
 0 272
 0 273
 0 274
 0 275
 0 276
 0 277
 0 278
 0 279
 0 280
 0 281
 0 282
 0 283
 0 284
 0 285
 0 286
 0 287
 0 288
 3 289
 0 290
 2 291
 0 292
 0 293
 1 294
 0 295
 1 296
 1 297
 0 298
 0 299
 1 300
 2 301
 1 302
 4 303
 2 304
 1 305
 1 306
 1 307
 0 308
 7 309
 2 310
 0 311
 3 312
 1 313
 0 314
 3 315
 1 316
 3 317
 0 318
 2 319
 4 320
 3 321
 3 322
 3 323
 4 324
 2 325
 3 326
 4 327
 0 328
 1 329
 2 330
 1 331
 2 332
 1 333
 3 334
 2 335
 1 336
 1 337
 1 338
 1 339
 2 340
 3 341
 2 342
 5 343
 2 344
 3 345
 1 346
 2 347
 2 348
 1 349
 1 350
 1 351
 0 352
 0 353
 1 354
 1 355
 5 356
 2 357
 1 358
 1 359
 1 360
 0 361
 1 362
 2 363
 0 364
 1 365
 1 366
 1 367
 3 368
 0 369
 2 370
 2 371
 2 372
 1 373
 2 374
 0 375
 1 376
 1 377
 0 378
 1 379
 1 380
 2 381
 1 382
 1 383
 0 384
 2 385
 0 386
 0 387
 1 388
 0 389
 0 390
 0 391
 2 392
 1 393
 1 394
 0 395
 0 396
 0 397
 0 398
 1 399
 0 400
 0 401
 0 402
 0 403
 0 404
 0 405
 0 406
 0 407
 1 408
 0 409
 1 410
 0 411
 2 412
 0 413
 0 414
 0 415
 0 416
 0 417
 0 418
 0 419
 0 420
 0 421
 0 422
 0 423
 0 424
 0 425
 0 426
 0 427
 0 428
 0 429
 0 430
 0 431
 0 432
 0 433
 0 434
 0 435
 0 436
 0 437
 0 438
 0 439
 0 440
 0 441
 0 442
 0 443
 0 444
 0 445
 0 446
 0 447
 0 448
 0 449
 0 450
 0 451
 0 452
 0 453
 0 454
 0 455
 0 456
 0 457
 0 458
 0 459
 0 460
 0 461
 0 462
 0 463
 0 464
 0 465
 0 466
 0 467
 0 468
 0 469
 0 470
 0 471
 0 472
 0 473
 0 474
 0 475
 0 476
 0 477
 0 478
 0 479
 0 480
 0 481
 0 482
 0 483
 0 484
 0 485
 0 486
 0 487
 0 488
 0 489
 0 490
 0 491
 0 492
 0 493
 0 494
 0 495
 0 496
 0 497
 0 498
 0 499
 0 500
 0 501
 0 502
 0 503
 0 504
 0 505
 0 506
 0 507
 0 508
 0 509
 0 510
 0 511
 0 512
 0 513
 0 514
 0 515
 0 516
 0 517
 0 518
 0 519
 0 520
 0 521
 0 522
 0 523
 0 524
 0 525
 0 526
 0 527
 0 528
 0 529
 0 530
 0 531
 0 532
 0 533
 0 534
 0 535
 0 536
 0 537
 0 538
 0 539
 0 540
 0 541
 0 542
 0 543
 0 544
 0 545
 0 546
 0 547
 0 548
 0 549
 0 550
 0 551
 0 552
 0 553
 0 554
 0 555
 0 556
 0 557
 0 558
 0 559
 0 560
 0 561
 0 562
 0 563
 0 564
 0 565
 0 566
 0 567
 0 568
 0 569
 0 570
 0 571
 0 572
 0 573
 0 574
 0 575
 0 576
 0 577
 0 578
 0 579
 0 580
 0 581
 0 582
 0 583
 0 584
 0 585
 0 586
 0 587
 0 588
 0 589
 0 590
 0 591
 0 592
 0 593
 0 594
 0 595
 0 596
 0 597
 0 598
 0 599
 0 600


