# Created by Octave 3.8.2, Sat Jun 20 05:06:00 2020 CEST <damian@fptrucha.inv.usc.es>
# name: hd
# type: matrix
# rows: 551
# columns: 2
 0 50
 0 51
 0 52
 0 53
 0 54
 0 55
 0 56
 0 57
 0 58
 0 59
 0 60
 0 61
 0 62
 0 63
 0 64
 0 65
 0 66
 0 67
 0 68
 0 69
 0 70
 0 71
 0 72
 0 73
 0 74
 0 75
 0 76
 0 77
 0 78
 0 79
 0 80
 0 81
 0 82
 0 83
 0 84
 0 85
 0 86
 0 87
 7 88
 11 89
 95 90
 126 91
 225 92
 317 93
 467 94
 646 95
 941 96
 1311 97
 1476 98
 1575 99
 1755 100
 1808 101
 1868 102
 1746 103
 1756 104
 1743 105
 1566 106
 1549 107
 1450 108
 1325 109
 1294 110
 1117 111
 1098 112
 1023 113
 863 114
 818 115
 808 116
 668 117
 606 118
 535 119
 571 120
 486 121
 428 122
 409 123
 344 124
 341 125
 281 126
 263 127
 215 128
 220 129
 202 130
 192 131
 171 132
 137 133
 144 134
 122 135
 99 136
 110 137
 120 138
 97 139
 108 140
 77 141
 80 142
 69 143
 64 144
 64 145
 66 146
 64 147
 55 148
 51 149
 54 150
 39 151
 46 152
 42 153
 31 154
 39 155
 40 156
 31 157
 27 158
 34 159
 28 160
 22 161
 18 162
 21 163
 32 164
 19 165
 20 166
 23 167
 16 168
 14 169
 14 170
 16 171
 18 172
 13 173
 9 174
 10 175
 8 176
 6 177
 8 178
 10 179
 5 180
 4 181
 10 182
 2 183
 3 184
 5 185
 6 186
 6 187
 6 188
 6 189
 6 190
 2 191
 2 192
 0 193
 0 194
 1 195
 2 196
 2 197
 2 198
 3 199
 2 200
 1 201
 2 202
 4 203
 0 204
 1 205
 0 206
 0 207
 1 208
 2 209
 1 210
 1 211
 0 212
 1 213
 1 214
 0 215
 0 216
 0 217
 1 218
 0 219
 0 220
 0 221
 0 222
 0 223
 0 224
 1 225
 0 226
 0 227
 0 228
 0 229
 0 230
 0 231
 0 232
 0 233
 0 234
 0 235
 0 236
 0 237
 0 238
 0 239
 0 240
 0 241
 0 242
 0 243
 1 244
 0 245
 0 246
 0 247
 0 248
 0 249
 0 250
 0 251
 0 252
 0 253
 0 254
 0 255
 0 256
 0 257
 0 258
 0 259
 0 260
 0 261
 0 262
 0 263
 0 264
 0 265
 0 266
 0 267
 0 268
 0 269
 0 270
 0 271
 0 272
 0 273
 0 274
 0 275
 0 276
 0 277
 0 278
 0 279
 0 280
 0 281
 0 282
 0 283
 0 284
 0 285
 1 286
 0 287
 1 288
 0 289
 0 290
 0 291
 1 292
 0 293
 1 294
 1 295
 0 296
 0 297
 0 298
 0 299
 2 300
 1 301
 3 302
 1 303
 1 304
 5 305
 2 306
 5 307
 0 308
 1 309
 2 310
 1 311
 4 312
 1 313
 1 314
 1 315
 1 316
 2 317
 2 318
 3 319
 4 320
 2 321
 0 322
 2 323
 1 324
 2 325
 0 326
 1 327
 3 328
 2 329
 0 330
 2 331
 4 332
 1 333
 4 334
 3 335
 2 336
 3 337
 0 338
 6 339
 2 340
 1 341
 2 342
 2 343
 2 344
 3 345
 1 346
 1 347
 2 348
 2 349
 1 350
 1 351
 2 352
 1 353
 0 354
 0 355
 1 356
 0 357
 1 358
 1 359
 1 360
 0 361
 3 362
 1 363
 0 364
 1 365
 1 366
 1 367
 0 368
 1 369
 1 370
 2 371
 0 372
 1 373
 1 374
 0 375
 2 376
 0 377
 0 378
 0 379
 1 380
 1 381
 0 382
 0 383
 1 384
 0 385
 0 386
 0 387
 0 388
 0 389
 0 390
 0 391
 0 392
 0 393
 0 394
 0 395
 0 396
 0 397
 1 398
 0 399
 0 400
 0 401
 1 402
 0 403
 0 404
 0 405
 0 406
 0 407
 0 408
 0 409
 0 410
 0 411
 0 412
 0 413
 0 414
 0 415
 0 416
 0 417
 0 418
 1 419
 0 420
 0 421
 0 422
 0 423
 0 424
 0 425
 0 426
 0 427
 0 428
 0 429
 0 430
 0 431
 0 432
 0 433
 0 434
 0 435
 0 436
 0 437
 0 438
 0 439
 0 440
 0 441
 0 442
 0 443
 0 444
 0 445
 0 446
 0 447
 0 448
 0 449
 0 450
 0 451
 0 452
 0 453
 0 454
 0 455
 0 456
 0 457
 0 458
 0 459
 0 460
 0 461
 0 462
 0 463
 0 464
 0 465
 0 466
 0 467
 0 468
 0 469
 0 470
 0 471
 0 472
 0 473
 0 474
 0 475
 0 476
 0 477
 0 478
 0 479
 0 480
 0 481
 0 482
 0 483
 0 484
 0 485
 0 486
 0 487
 0 488
 0 489
 0 490
 0 491
 0 492
 0 493
 0 494
 0 495
 0 496
 0 497
 0 498
 0 499
 0 500
 0 501
 0 502
 0 503
 0 504
 0 505
 0 506
 0 507
 0 508
 0 509
 0 510
 0 511
 0 512
 0 513
 0 514
 0 515
 0 516
 0 517
 0 518
 0 519
 0 520
 0 521
 0 522
 0 523
 0 524
 0 525
 0 526
 0 527
 0 528
 0 529
 0 530
 0 531
 0 532
 0 533
 0 534
 0 535
 0 536
 0 537
 0 538
 0 539
 0 540
 0 541
 0 542
 0 543
 0 544
 0 545
 0 546
 0 547
 0 548
 0 549
 0 550
 0 551
 0 552
 0 553
 0 554
 0 555
 0 556
 0 557
 0 558
 0 559
 0 560
 0 561
 0 562
 0 563
 0 564
 0 565
 0 566
 0 567
 0 568
 0 569
 0 570
 0 571
 0 572
 0 573
 0 574
 0 575
 0 576
 0 577
 0 578
 0 579
 0 580
 0 581
 0 582
 0 583
 0 584
 0 585
 0 586
 0 587
 0 588
 0 589
 0 590
 0 591
 0 592
 0 593
 0 594
 0 595
 0 596
 0 597
 0 598
 0 599
 0 600


