# Created by Octave 3.8.2, Sun Jun 21 07:21:59 2020 CEST <damian@fptrucha.inv.usc.es>
# name: hd
# type: matrix
# rows: 551
# columns: 2
 0 50
 0 51
 0 52
 0 53
 0 54
 0 55
 0 56
 0 57
 0 58
 0 59
 0 60
 0 61
 0 62
 0 63
 0 64
 0 65
 0 66
 0 67
 0 68
 0 69
 0 70
 0 71
 0 72
 0 73
 0 74
 0 75
 0 76
 0 77
 0 78
 0 79
 0 80
 0 81
 0 82
 0 83
 0 84
 0 85
 0 86
 4 87
 4 88
 15 89
 73 90
 115 91
 184 92
 275 93
 351 94
 575 95
 840 96
 1049 97
 1291 98
 1259 99
 1518 100
 1612 101
 1539 102
 1541 103
 1518 104
 1492 105
 1472 106
 1385 107
 1316 108
 1161 109
 1162 110
 1069 111
 1010 112
 981 113
 867 114
 808 115
 664 116
 661 117
 581 118
 542 119
 478 120
 456 121
 388 122
 390 123
 321 124
 289 125
 254 126
 262 127
 207 128
 171 129
 183 130
 158 131
 159 132
 143 133
 109 134
 118 135
 91 136
 97 137
 93 138
 88 139
 73 140
 68 141
 79 142
 59 143
 55 144
 61 145
 46 146
 46 147
 37 148
 35 149
 44 150
 29 151
 31 152
 23 153
 31 154
 25 155
 20 156
 20 157
 29 158
 27 159
 19 160
 17 161
 18 162
 15 163
 13 164
 11 165
 14 166
 12 167
 5 168
 12 169
 6 170
 6 171
 9 172
 4 173
 9 174
 6 175
 9 176
 4 177
 5 178
 0 179
 4 180
 1 181
 4 182
 2 183
 3 184
 4 185
 4 186
 1 187
 4 188
 1 189
 0 190
 1 191
 1 192
 1 193
 1 194
 0 195
 3 196
 1 197
 0 198
 1 199
 1 200
 0 201
 1 202
 0 203
 0 204
 0 205
 1 206
 0 207
 2 208
 0 209
 1 210
 0 211
 0 212
 0 213
 0 214
 0 215
 0 216
 0 217
 0 218
 0 219
 0 220
 0 221
 0 222
 0 223
 0 224
 0 225
 0 226
 1 227
 0 228
 1 229
 0 230
 0 231
 0 232
 0 233
 0 234
 0 235
 0 236
 0 237
 0 238
 0 239
 0 240
 0 241
 0 242
 0 243
 0 244
 0 245
 0 246
 0 247
 0 248
 0 249
 0 250
 0 251
 0 252
 0 253
 0 254
 0 255
 0 256
 0 257
 0 258
 0 259
 0 260
 0 261
 0 262
 0 263
 0 264
 0 265
 0 266
 0 267
 0 268
 0 269
 0 270
 0 271
 0 272
 0 273
 0 274
 0 275
 0 276
 0 277
 0 278
 0 279
 0 280
 0 281
 0 282
 0 283
 0 284
 1 285
 0 286
 0 287
 1 288
 0 289
 0 290
 1 291
 0 292
 1 293
 1 294
 0 295
 1 296
 0 297
 0 298
 1 299
 1 300
 1 301
 1 302
 0 303
 1 304
 0 305
 0 306
 1 307
 2 308
 2 309
 1 310
 0 311
 2 312
 3 313
 1 314
 1 315
 1 316
 2 317
 2 318
 1 319
 2 320
 2 321
 4 322
 0 323
 1 324
 1 325
 3 326
 2 327
 2 328
 2 329
 4 330
 2 331
 3 332
 1 333
 0 334
 1 335
 4 336
 1 337
 1 338
 1 339
 1 340
 3 341
 3 342
 1 343
 2 344
 1 345
 2 346
 2 347
 2 348
 1 349
 0 350
 1 351
 0 352
 2 353
 1 354
 1 355
 2 356
 3 357
 1 358
 2 359
 0 360
 0 361
 2 362
 2 363
 0 364
 3 365
 2 366
 0 367
 0 368
 0 369
 0 370
 2 371
 1 372
 0 373
 0 374
 1 375
 2 376
 2 377
 0 378
 1 379
 0 380
 0 381
 0 382
 1 383
 0 384
 0 385
 0 386
 1 387
 0 388
 1 389
 0 390
 0 391
 0 392
 0 393
 1 394
 1 395
 0 396
 0 397
 0 398
 1 399
 0 400
 0 401
 0 402
 0 403
 1 404
 0 405
 0 406
 0 407
 0 408
 0 409
 0 410
 0 411
 0 412
 0 413
 1 414
 0 415
 0 416
 0 417
 0 418
 0 419
 0 420
 0 421
 0 422
 0 423
 0 424
 0 425
 0 426
 0 427
 0 428
 0 429
 0 430
 0 431
 0 432
 0 433
 0 434
 0 435
 0 436
 0 437
 0 438
 0 439
 0 440
 0 441
 0 442
 0 443
 0 444
 0 445
 0 446
 0 447
 0 448
 0 449
 0 450
 0 451
 0 452
 0 453
 0 454
 0 455
 0 456
 0 457
 0 458
 0 459
 0 460
 0 461
 0 462
 0 463
 0 464
 0 465
 0 466
 0 467
 0 468
 0 469
 0 470
 0 471
 0 472
 0 473
 0 474
 0 475
 0 476
 0 477
 0 478
 0 479
 0 480
 0 481
 0 482
 0 483
 0 484
 0 485
 0 486
 0 487
 0 488
 0 489
 0 490
 0 491
 0 492
 0 493
 0 494
 0 495
 0 496
 0 497
 0 498
 0 499
 0 500
 0 501
 0 502
 0 503
 0 504
 0 505
 0 506
 0 507
 0 508
 0 509
 0 510
 0 511
 0 512
 0 513
 0 514
 0 515
 0 516
 0 517
 0 518
 0 519
 0 520
 0 521
 0 522
 0 523
 0 524
 0 525
 0 526
 0 527
 0 528
 0 529
 0 530
 0 531
 0 532
 0 533
 0 534
 0 535
 0 536
 0 537
 0 538
 0 539
 0 540
 0 541
 0 542
 0 543
 0 544
 0 545
 0 546
 0 547
 0 548
 0 549
 0 550
 0 551
 0 552
 0 553
 0 554
 0 555
 0 556
 0 557
 0 558
 0 559
 0 560
 0 561
 0 562
 0 563
 0 564
 0 565
 0 566
 0 567
 0 568
 0 569
 0 570
 0 571
 0 572
 0 573
 0 574
 0 575
 0 576
 0 577
 0 578
 0 579
 0 580
 0 581
 0 582
 0 583
 0 584
 0 585
 0 586
 0 587
 0 588
 0 589
 0 590
 0 591
 0 592
 0 593
 0 594
 0 595
 0 596
 0 597
 0 598
 0 599
 0 600


