# Created by Octave 3.8.2, Mon Jun 22 20:52:13 2020 CEST <damian@fptrucha.inv.usc.es>
# name: hd
# type: matrix
# rows: 551
# columns: 2
 0 50
 0 51
 0 52
 0 53
 0 54
 0 55
 0 56
 0 57
 0 58
 0 59
 0 60
 0 61
 0 62
 0 63
 0 64
 0 65
 0 66
 0 67
 0 68
 0 69
 0 70
 0 71
 0 72
 0 73
 0 74
 0 75
 0 76
 0 77
 0 78
 0 79
 0 80
 0 81
 0 82
 0 83
 0 84
 0 85
 0 86
 0 87
 5 88
 11 89
 40 90
 135 91
 179 92
 351 93
 392 94
 551 95
 809 96
 1204 97
 1539 98
 1561 99
 1812 100
 1851 101
 1903 102
 1864 103
 1771 104
 1759 105
 1583 106
 1578 107
 1426 108
 1317 109
 1210 110
 1148 111
 995 112
 919 113
 853 114
 748 115
 659 116
 599 117
 527 118
 489 119
 473 120
 353 121
 340 122
 332 123
 268 124
 246 125
 241 126
 225 127
 193 128
 183 129
 159 130
 145 131
 147 132
 104 133
 105 134
 125 135
 115 136
 92 137
 94 138
 82 139
 83 140
 57 141
 72 142
 77 143
 65 144
 65 145
 52 146
 58 147
 36 148
 52 149
 58 150
 30 151
 47 152
 40 153
 30 154
 50 155
 38 156
 48 157
 27 158
 28 159
 31 160
 25 161
 24 162
 22 163
 21 164
 17 165
 21 166
 17 167
 18 168
 8 169
 10 170
 11 171
 10 172
 14 173
 12 174
 7 175
 6 176
 6 177
 9 178
 3 179
 5 180
 5 181
 5 182
 0 183
 6 184
 3 185
 5 186
 5 187
 5 188
 1 189
 2 190
 5 191
 5 192
 1 193
 1 194
 5 195
 1 196
 1 197
 2 198
 0 199
 3 200
 1 201
 3 202
 2 203
 1 204
 3 205
 0 206
 0 207
 0 208
 1 209
 1 210
 2 211
 1 212
 1 213
 0 214
 0 215
 0 216
 0 217
 0 218
 0 219
 0 220
 0 221
 0 222
 0 223
 0 224
 0 225
 0 226
 0 227
 0 228
 0 229
 1 230
 0 231
 0 232
 0 233
 0 234
 0 235
 0 236
 0 237
 0 238
 0 239
 0 240
 0 241
 0 242
 0 243
 0 244
 0 245
 0 246
 0 247
 0 248
 0 249
 0 250
 0 251
 0 252
 0 253
 0 254
 0 255
 0 256
 0 257
 0 258
 0 259
 0 260
 0 261
 0 262
 0 263
 0 264
 0 265
 0 266
 0 267
 0 268
 0 269
 0 270
 0 271
 0 272
 0 273
 0 274
 0 275
 0 276
 0 277
 0 278
 0 279
 0 280
 1 281
 0 282
 0 283
 0 284
 0 285
 0 286
 0 287
 1 288
 1 289
 0 290
 0 291
 3 292
 0 293
 1 294
 2 295
 1 296
 2 297
 1 298
 3 299
 0 300
 1 301
 2 302
 0 303
 1 304
 1 305
 0 306
 3 307
 1 308
 0 309
 2 310
 3 311
 0 312
 1 313
 2 314
 0 315
 4 316
 3 317
 0 318
 5 319
 3 320
 1 321
 0 322
 3 323
 0 324
 3 325
 2 326
 1 327
 1 328
 6 329
 2 330
 1 331
 2 332
 1 333
 1 334
 3 335
 3 336
 4 337
 1 338
 2 339
 3 340
 2 341
 2 342
 6 343
 2 344
 1 345
 2 346
 3 347
 1 348
 1 349
 2 350
 3 351
 0 352
 4 353
 1 354
 6 355
 2 356
 3 357
 2 358
 1 359
 0 360
 4 361
 1 362
 1 363
 1 364
 0 365
 1 366
 3 367
 1 368
 2 369
 0 370
 3 371
 1 372
 0 373
 3 374
 0 375
 2 376
 0 377
 3 378
 2 379
 0 380
 1 381
 1 382
 0 383
 0 384
 1 385
 1 386
 0 387
 1 388
 1 389
 0 390
 1 391
 0 392
 0 393
 0 394
 0 395
 0 396
 1 397
 1 398
 0 399
 0 400
 0 401
 0 402
 0 403
 0 404
 0 405
 0 406
 0 407
 0 408
 0 409
 0 410
 0 411
 0 412
 0 413
 0 414
 0 415
 0 416
 0 417
 0 418
 0 419
 0 420
 0 421
 0 422
 0 423
 0 424
 1 425
 0 426
 0 427
 0 428
 0 429
 0 430
 0 431
 0 432
 0 433
 0 434
 0 435
 0 436
 0 437
 0 438
 0 439
 0 440
 0 441
 0 442
 0 443
 0 444
 0 445
 0 446
 0 447
 0 448
 0 449
 0 450
 0 451
 0 452
 0 453
 0 454
 0 455
 0 456
 0 457
 0 458
 0 459
 0 460
 0 461
 0 462
 0 463
 0 464
 0 465
 0 466
 0 467
 0 468
 0 469
 0 470
 0 471
 0 472
 0 473
 0 474
 0 475
 0 476
 0 477
 0 478
 0 479
 0 480
 0 481
 0 482
 0 483
 0 484
 0 485
 0 486
 0 487
 0 488
 0 489
 0 490
 0 491
 0 492
 0 493
 0 494
 0 495
 0 496
 0 497
 0 498
 0 499
 0 500
 0 501
 0 502
 0 503
 0 504
 0 505
 0 506
 0 507
 0 508
 0 509
 0 510
 0 511
 0 512
 0 513
 0 514
 0 515
 0 516
 0 517
 0 518
 0 519
 0 520
 0 521
 0 522
 0 523
 0 524
 0 525
 0 526
 0 527
 0 528
 0 529
 0 530
 0 531
 0 532
 0 533
 0 534
 0 535
 0 536
 0 537
 0 538
 0 539
 0 540
 0 541
 0 542
 0 543
 0 544
 0 545
 0 546
 0 547
 0 548
 0 549
 0 550
 0 551
 0 552
 0 553
 0 554
 0 555
 0 556
 0 557
 0 558
 0 559
 0 560
 0 561
 0 562
 0 563
 0 564
 0 565
 0 566
 0 567
 0 568
 0 569
 0 570
 0 571
 0 572
 0 573
 0 574
 0 575
 0 576
 0 577
 0 578
 0 579
 0 580
 0 581
 0 582
 0 583
 0 584
 0 585
 0 586
 0 587
 0 588
 0 589
 0 590
 0 591
 0 592
 0 593
 0 594
 0 595
 0 596
 0 597
 0 598
 0 599
 0 600


