# Created by Octave 3.8.2, Sun Jun 21 00:31:41 2020 CEST <damian@fptrucha.inv.usc.es>
# name: hd
# type: matrix
# rows: 551
# columns: 2
 0 50
 0 51
 0 52
 0 53
 0 54
 0 55
 0 56
 0 57
 0 58
 0 59
 0 60
 0 61
 0 62
 0 63
 0 64
 0 65
 0 66
 0 67
 0 68
 0 69
 0 70
 0 71
 0 72
 0 73
 0 74
 0 75
 0 76
 0 77
 0 78
 0 79
 0 80
 0 81
 0 82
 0 83
 0 84
 0 85
 0 86
 2 87
 7 88
 14 89
 72 90
 124 91
 206 92
 254 93
 335 94
 498 95
 778 96
 1053 97
 1215 98
 1342 99
 1476 100
 1500 101
 1541 102
 1497 103
 1575 104
 1551 105
 1403 106
 1375 107
 1249 108
 1186 109
 1171 110
 1039 111
 907 112
 885 113
 849 114
 729 115
 693 116
 650 117
 571 118
 522 119
 491 120
 437 121
 379 122
 349 123
 317 124
 313 125
 265 126
 238 127
 210 128
 179 129
 177 130
 164 131
 167 132
 153 133
 129 134
 114 135
 110 136
 97 137
 98 138
 98 139
 71 140
 66 141
 60 142
 56 143
 61 144
 80 145
 46 146
 48 147
 49 148
 58 149
 40 150
 36 151
 41 152
 36 153
 38 154
 25 155
 25 156
 17 157
 35 158
 21 159
 21 160
 19 161
 16 162
 12 163
 19 164
 16 165
 12 166
 12 167
 8 168
 8 169
 11 170
 8 171
 11 172
 7 173
 6 174
 3 175
 9 176
 5 177
 7 178
 4 179
 1 180
 3 181
 3 182
 5 183
 6 184
 3 185
 0 186
 2 187
 1 188
 2 189
 3 190
 0 191
 3 192
 1 193
 2 194
 2 195
 5 196
 0 197
 2 198
 0 199
 1 200
 2 201
 1 202
 4 203
 0 204
 0 205
 0 206
 0 207
 0 208
 0 209
 1 210
 1 211
 0 212
 0 213
 0 214
 0 215
 1 216
 0 217
 0 218
 0 219
 0 220
 0 221
 0 222
 1 223
 0 224
 0 225
 0 226
 0 227
 0 228
 0 229
 0 230
 0 231
 0 232
 0 233
 0 234
 0 235
 0 236
 0 237
 0 238
 0 239
 0 240
 0 241
 0 242
 0 243
 0 244
 0 245
 0 246
 0 247
 0 248
 0 249
 0 250
 0 251
 0 252
 0 253
 0 254
 0 255
 0 256
 0 257
 0 258
 0 259
 0 260
 0 261
 0 262
 0 263
 0 264
 0 265
 0 266
 0 267
 0 268
 0 269
 0 270
 0 271
 0 272
 0 273
 0 274
 0 275
 0 276
 0 277
 0 278
 0 279
 1 280
 0 281
 1 282
 0 283
 0 284
 0 285
 0 286
 0 287
 0 288
 0 289
 0 290
 0 291
 0 292
 0 293
 0 294
 0 295
 2 296
 0 297
 0 298
 0 299
 2 300
 1 301
 0 302
 1 303
 0 304
 0 305
 0 306
 2 307
 0 308
 0 309
 1 310
 2 311
 0 312
 0 313
 2 314
 2 315
 0 316
 3 317
 0 318
 1 319
 3 320
 0 321
 2 322
 2 323
 1 324
 1 325
 2 326
 1 327
 1 328
 2 329
 1 330
 4 331
 2 332
 1 333
 0 334
 4 335
 2 336
 2 337
 0 338
 4 339
 0 340
 4 341
 2 342
 2 343
 1 344
 1 345
 1 346
 1 347
 5 348
 1 349
 0 350
 0 351
 1 352
 2 353
 1 354
 2 355
 1 356
 4 357
 0 358
 1 359
 0 360
 1 361
 0 362
 1 363
 3 364
 1 365
 2 366
 1 367
 0 368
 0 369
 0 370
 1 371
 1 372
 0 373
 0 374
 1 375
 3 376
 0 377
 3 378
 0 379
 1 380
 0 381
 1 382
 0 383
 0 384
 0 385
 1 386
 1 387
 1 388
 0 389
 0 390
 1 391
 0 392
 0 393
 0 394
 1 395
 0 396
 1 397
 0 398
 0 399
 1 400
 0 401
 0 402
 1 403
 0 404
 0 405
 0 406
 1 407
 0 408
 0 409
 0 410
 0 411
 0 412
 0 413
 0 414
 0 415
 0 416
 0 417
 2 418
 0 419
 0 420
 0 421
 0 422
 0 423
 0 424
 0 425
 0 426
 0 427
 0 428
 0 429
 0 430
 0 431
 0 432
 0 433
 0 434
 0 435
 0 436
 0 437
 0 438
 0 439
 0 440
 0 441
 0 442
 0 443
 0 444
 0 445
 0 446
 0 447
 0 448
 0 449
 0 450
 0 451
 0 452
 0 453
 0 454
 0 455
 0 456
 0 457
 0 458
 0 459
 0 460
 0 461
 0 462
 0 463
 0 464
 0 465
 0 466
 0 467
 0 468
 0 469
 0 470
 0 471
 0 472
 0 473
 0 474
 0 475
 0 476
 0 477
 0 478
 0 479
 0 480
 0 481
 0 482
 0 483
 0 484
 0 485
 0 486
 0 487
 0 488
 0 489
 0 490
 0 491
 0 492
 0 493
 0 494
 0 495
 0 496
 0 497
 0 498
 0 499
 0 500
 0 501
 0 502
 0 503
 0 504
 0 505
 0 506
 0 507
 0 508
 0 509
 0 510
 0 511
 0 512
 0 513
 0 514
 0 515
 0 516
 0 517
 0 518
 0 519
 0 520
 0 521
 0 522
 0 523
 0 524
 0 525
 0 526
 0 527
 0 528
 0 529
 0 530
 0 531
 0 532
 0 533
 0 534
 0 535
 0 536
 0 537
 0 538
 0 539
 0 540
 0 541
 0 542
 0 543
 0 544
 0 545
 0 546
 0 547
 0 548
 0 549
 0 550
 0 551
 0 552
 0 553
 0 554
 0 555
 0 556
 0 557
 0 558
 0 559
 0 560
 0 561
 0 562
 0 563
 0 564
 0 565
 0 566
 0 567
 0 568
 0 569
 0 570
 0 571
 0 572
 0 573
 0 574
 0 575
 0 576
 0 577
 0 578
 0 579
 0 580
 0 581
 0 582
 0 583
 0 584
 0 585
 0 586
 0 587
 0 588
 0 589
 0 590
 0 591
 0 592
 0 593
 0 594
 0 595
 0 596
 0 597
 0 598
 0 599
 0 600


