# Created by Octave 3.8.2, Sat Jun 20 18:34:38 2020 CEST <damian@fptrucha.inv.usc.es>
# name: hd
# type: matrix
# rows: 551
# columns: 2
 0 50
 0 51
 0 52
 0 53
 0 54
 0 55
 0 56
 0 57
 0 58
 0 59
 0 60
 0 61
 0 62
 0 63
 0 64
 0 65
 0 66
 0 67
 0 68
 0 69
 0 70
 0 71
 0 72
 0 73
 0 74
 0 75
 0 76
 0 77
 0 78
 0 79
 0 80
 0 81
 0 82
 0 83
 0 84
 0 85
 0 86
 1 87
 5 88
 21 89
 57 90
 119 91
 220 92
 291 93
 364 94
 532 95
 827 96
 1070 97
 1246 98
 1355 99
 1496 100
 1545 101
 1555 102
 1552 103
 1550 104
 1559 105
 1434 106
 1331 107
 1291 108
 1131 109
 1245 110
 1020 111
 981 112
 876 113
 845 114
 812 115
 707 116
 662 117
 579 118
 549 119
 505 120
 477 121
 446 122
 379 123
 317 124
 293 125
 269 126
 270 127
 229 128
 196 129
 177 130
 181 131
 146 132
 150 133
 121 134
 128 135
 108 136
 113 137
 112 138
 102 139
 76 140
 83 141
 85 142
 80 143
 53 144
 52 145
 54 146
 55 147
 50 148
 42 149
 40 150
 44 151
 50 152
 25 153
 38 154
 43 155
 32 156
 24 157
 25 158
 27 159
 24 160
 17 161
 13 162
 15 163
 20 164
 17 165
 13 166
 11 167
 13 168
 9 169
 11 170
 13 171
 15 172
 9 173
 3 174
 11 175
 8 176
 7 177
 6 178
 3 179
 7 180
 4 181
 2 182
 5 183
 5 184
 3 185
 6 186
 5 187
 5 188
 5 189
 1 190
 2 191
 0 192
 3 193
 3 194
 3 195
 2 196
 1 197
 0 198
 1 199
 2 200
 1 201
 0 202
 0 203
 1 204
 1 205
 0 206
 0 207
 2 208
 0 209
 0 210
 0 211
 0 212
 0 213
 0 214
 0 215
 2 216
 1 217
 0 218
 0 219
 2 220
 0 221
 0 222
 0 223
 0 224
 1 225
 0 226
 0 227
 0 228
 0 229
 0 230
 0 231
 0 232
 0 233
 0 234
 0 235
 0 236
 0 237
 0 238
 0 239
 0 240
 0 241
 0 242
 0 243
 0 244
 0 245
 0 246
 0 247
 0 248
 0 249
 1 250
 0 251
 0 252
 0 253
 0 254
 0 255
 0 256
 0 257
 0 258
 0 259
 0 260
 0 261
 0 262
 0 263
 0 264
 0 265
 0 266
 0 267
 0 268
 0 269
 0 270
 0 271
 0 272
 0 273
 0 274
 0 275
 0 276
 0 277
 0 278
 0 279
 0 280
 0 281
 0 282
 0 283
 0 284
 0 285
 1 286
 0 287
 0 288
 0 289
 0 290
 1 291
 0 292
 0 293
 1 294
 0 295
 1 296
 0 297
 2 298
 0 299
 1 300
 1 301
 1 302
 2 303
 0 304
 1 305
 0 306
 2 307
 1 308
 0 309
 0 310
 0 311
 1 312
 1 313
 0 314
 3 315
 3 316
 1 317
 1 318
 2 319
 3 320
 5 321
 1 322
 0 323
 1 324
 1 325
 2 326
 2 327
 3 328
 2 329
 0 330
 0 331
 0 332
 1 333
 0 334
 3 335
 1 336
 2 337
 2 338
 4 339
 3 340
 2 341
 1 342
 2 343
 1 344
 3 345
 1 346
 2 347
 1 348
 2 349
 1 350
 2 351
 0 352
 5 353
 1 354
 2 355
 1 356
 0 357
 1 358
 0 359
 1 360
 1 361
 0 362
 4 363
 3 364
 0 365
 0 366
 2 367
 3 368
 0 369
 0 370
 0 371
 1 372
 2 373
 0 374
 1 375
 3 376
 0 377
 2 378
 0 379
 0 380
 1 381
 0 382
 2 383
 0 384
 0 385
 0 386
 1 387
 0 388
 0 389
 0 390
 0 391
 2 392
 0 393
 0 394
 0 395
 1 396
 0 397
 0 398
 0 399
 0 400
 0 401
 0 402
 0 403
 0 404
 1 405
 0 406
 0 407
 0 408
 0 409
 0 410
 0 411
 0 412
 0 413
 0 414
 0 415
 0 416
 0 417
 0 418
 0 419
 0 420
 0 421
 0 422
 0 423
 0 424
 0 425
 0 426
 0 427
 0 428
 0 429
 0 430
 0 431
 0 432
 0 433
 0 434
 0 435
 0 436
 0 437
 0 438
 0 439
 0 440
 0 441
 0 442
 0 443
 0 444
 0 445
 0 446
 0 447
 0 448
 0 449
 0 450
 0 451
 0 452
 0 453
 0 454
 0 455
 0 456
 0 457
 0 458
 0 459
 0 460
 0 461
 0 462
 0 463
 0 464
 0 465
 0 466
 0 467
 0 468
 0 469
 0 470
 0 471
 0 472
 0 473
 0 474
 0 475
 0 476
 0 477
 0 478
 0 479
 0 480
 0 481
 0 482
 0 483
 0 484
 0 485
 0 486
 0 487
 0 488
 0 489
 0 490
 0 491
 0 492
 0 493
 0 494
 0 495
 0 496
 0 497
 0 498
 0 499
 0 500
 0 501
 0 502
 0 503
 0 504
 0 505
 0 506
 0 507
 0 508
 0 509
 0 510
 0 511
 0 512
 0 513
 0 514
 0 515
 0 516
 0 517
 0 518
 0 519
 0 520
 0 521
 0 522
 0 523
 0 524
 0 525
 0 526
 0 527
 0 528
 0 529
 0 530
 0 531
 0 532
 0 533
 0 534
 0 535
 0 536
 0 537
 0 538
 0 539
 0 540
 0 541
 0 542
 0 543
 0 544
 0 545
 0 546
 0 547
 0 548
 0 549
 0 550
 0 551
 0 552
 0 553
 0 554
 0 555
 0 556
 0 557
 0 558
 0 559
 0 560
 0 561
 0 562
 0 563
 0 564
 0 565
 0 566
 0 567
 0 568
 0 569
 0 570
 0 571
 0 572
 0 573
 0 574
 0 575
 0 576
 0 577
 0 578
 0 579
 0 580
 0 581
 0 582
 0 583
 0 584
 0 585
 0 586
 0 587
 0 588
 0 589
 0 590
 0 591
 0 592
 0 593
 0 594
 0 595
 0 596
 0 597
 0 598
 0 599
 0 600


