# Created by Octave 3.8.2, Sat Jun 20 13:23:40 2020 CEST <damian@fptrucha.inv.usc.es>
# name: hd
# type: matrix
# rows: 551
# columns: 2
 0 50
 0 51
 0 52
 0 53
 0 54
 0 55
 0 56
 0 57
 0 58
 0 59
 0 60
 0 61
 0 62
 0 63
 0 64
 0 65
 0 66
 0 67
 0 68
 0 69
 0 70
 0 71
 0 72
 0 73
 0 74
 0 75
 0 76
 0 77
 0 78
 0 79
 0 80
 0 81
 0 82
 0 83
 0 84
 0 85
 0 86
 3 87
 6 88
 13 89
 64 90
 111 91
 204 92
 287 93
 374 94
 599 95
 944 96
 1210 97
 1432 98
 1491 99
 1654 100
 1700 101
 1725 102
 1739 103
 1737 104
 1703 105
 1497 106
 1480 107
 1422 108
 1317 109
 1256 110
 1130 111
 1010 112
 971 113
 913 114
 824 115
 769 116
 661 117
 607 118
 559 119
 508 120
 470 121
 408 122
 413 123
 322 124
 318 125
 272 126
 256 127
 232 128
 201 129
 188 130
 164 131
 155 132
 142 133
 134 134
 138 135
 114 136
 116 137
 116 138
 86 139
 90 140
 86 141
 71 142
 78 143
 73 144
 51 145
 49 146
 62 147
 49 148
 61 149
 40 150
 46 151
 33 152
 32 153
 30 154
 32 155
 34 156
 30 157
 37 158
 40 159
 39 160
 21 161
 27 162
 24 163
 15 164
 17 165
 14 166
 17 167
 13 168
 17 169
 17 170
 9 171
 7 172
 9 173
 11 174
 18 175
 13 176
 9 177
 5 178
 10 179
 7 180
 9 181
 6 182
 10 183
 0 184
 5 185
 6 186
 3 187
 3 188
 3 189
 3 190
 1 191
 2 192
 2 193
 1 194
 2 195
 2 196
 2 197
 4 198
 3 199
 1 200
 0 201
 1 202
 1 203
 0 204
 3 205
 0 206
 0 207
 1 208
 0 209
 0 210
 2 211
 1 212
 0 213
 0 214
 0 215
 0 216
 2 217
 0 218
 0 219
 0 220
 0 221
 0 222
 0 223
 0 224
 0 225
 0 226
 1 227
 0 228
 1 229
 0 230
 2 231
 0 232
 0 233
 0 234
 0 235
 0 236
 0 237
 0 238
 0 239
 0 240
 0 241
 0 242
 0 243
 0 244
 0 245
 0 246
 1 247
 0 248
 0 249
 0 250
 0 251
 0 252
 0 253
 0 254
 0 255
 0 256
 0 257
 0 258
 0 259
 0 260
 0 261
 0 262
 0 263
 0 264
 0 265
 0 266
 0 267
 0 268
 0 269
 0 270
 0 271
 0 272
 0 273
 0 274
 0 275
 0 276
 0 277
 0 278
 0 279
 0 280
 0 281
 0 282
 0 283
 0 284
 0 285
 1 286
 0 287
 0 288
 0 289
 0 290
 2 291
 2 292
 0 293
 2 294
 0 295
 0 296
 0 297
 2 298
 0 299
 1 300
 2 301
 1 302
 1 303
 0 304
 2 305
 1 306
 1 307
 1 308
 0 309
 2 310
 2 311
 2 312
 0 313
 2 314
 0 315
 2 316
 2 317
 2 318
 2 319
 4 320
 1 321
 1 322
 3 323
 1 324
 1 325
 1 326
 3 327
 2 328
 2 329
 2 330
 2 331
 0 332
 2 333
 1 334
 1 335
 0 336
 2 337
 0 338
 0 339
 2 340
 5 341
 3 342
 0 343
 4 344
 2 345
 0 346
 1 347
 2 348
 2 349
 1 350
 0 351
 0 352
 3 353
 1 354
 3 355
 1 356
 4 357
 0 358
 2 359
 1 360
 0 361
 1 362
 0 363
 1 364
 0 365
 1 366
 0 367
 1 368
 2 369
 1 370
 0 371
 1 372
 0 373
 1 374
 0 375
 0 376
 0 377
 0 378
 0 379
 1 380
 0 381
 0 382
 0 383
 0 384
 1 385
 0 386
 0 387
 0 388
 0 389
 0 390
 0 391
 0 392
 0 393
 0 394
 1 395
 0 396
 0 397
 0 398
 0 399
 1 400
 0 401
 0 402
 0 403
 0 404
 0 405
 0 406
 0 407
 0 408
 0 409
 0 410
 0 411
 0 412
 0 413
 0 414
 0 415
 0 416
 0 417
 0 418
 0 419
 0 420
 0 421
 0 422
 0 423
 0 424
 0 425
 0 426
 1 427
 0 428
 0 429
 0 430
 0 431
 1 432
 0 433
 0 434
 0 435
 0 436
 0 437
 0 438
 0 439
 0 440
 0 441
 0 442
 0 443
 0 444
 0 445
 0 446
 0 447
 0 448
 0 449
 0 450
 0 451
 0 452
 0 453
 0 454
 0 455
 0 456
 0 457
 0 458
 0 459
 0 460
 0 461
 0 462
 0 463
 0 464
 0 465
 0 466
 0 467
 0 468
 0 469
 0 470
 0 471
 0 472
 0 473
 0 474
 0 475
 0 476
 0 477
 0 478
 0 479
 0 480
 0 481
 0 482
 0 483
 0 484
 0 485
 0 486
 0 487
 0 488
 0 489
 0 490
 0 491
 0 492
 0 493
 0 494
 0 495
 0 496
 0 497
 0 498
 0 499
 0 500
 0 501
 0 502
 0 503
 0 504
 0 505
 0 506
 0 507
 0 508
 0 509
 0 510
 0 511
 0 512
 0 513
 0 514
 0 515
 0 516
 0 517
 0 518
 0 519
 0 520
 0 521
 0 522
 0 523
 0 524
 0 525
 0 526
 0 527
 0 528
 0 529
 0 530
 0 531
 0 532
 0 533
 0 534
 0 535
 0 536
 0 537
 0 538
 0 539
 0 540
 0 541
 0 542
 0 543
 0 544
 0 545
 0 546
 0 547
 0 548
 0 549
 0 550
 0 551
 0 552
 0 553
 0 554
 0 555
 0 556
 0 557
 0 558
 0 559
 0 560
 0 561
 0 562
 0 563
 0 564
 0 565
 0 566
 0 567
 0 568
 0 569
 0 570
 0 571
 0 572
 0 573
 0 574
 0 575
 0 576
 0 577
 0 578
 0 579
 0 580
 0 581
 0 582
 0 583
 0 584
 0 585
 0 586
 0 587
 0 588
 0 589
 0 590
 0 591
 0 592
 0 593
 0 594
 0 595
 0 596
 0 597
 0 598
 0 599
 0 600


