# Created by Octave 3.8.2, Sat Jun 20 18:14:20 2020 CEST <damian@fptrucha.inv.usc.es>
# name: hd
# type: matrix
# rows: 551
# columns: 2
 0 50
 0 51
 0 52
 0 53
 0 54
 0 55
 1 56
 0 57
 0 58
 0 59
 0 60
 0 61
 0 62
 0 63
 0 64
 0 65
 0 66
 0 67
 0 68
 0 69
 0 70
 0 71
 0 72
 0 73
 0 74
 0 75
 0 76
 0 77
 0 78
 0 79
 0 80
 0 81
 0 82
 0 83
 0 84
 0 85
 0 86
 2 87
 8 88
 11 89
 67 90
 104 91
 224 92
 289 93
 382 94
 548 95
 876 96
 1136 97
 1272 98
 1378 99
 1576 100
 1581 101
 1587 102
 1547 103
 1523 104
 1485 105
 1428 106
 1319 107
 1307 108
 1287 109
 1186 110
 1088 111
 1025 112
 897 113
 869 114
 819 115
 742 116
 603 117
 606 118
 578 119
 494 120
 456 121
 383 122
 354 123
 343 124
 276 125
 272 126
 247 127
 213 128
 191 129
 212 130
 171 131
 160 132
 152 133
 119 134
 110 135
 128 136
 104 137
 81 138
 79 139
 71 140
 78 141
 70 142
 79 143
 72 144
 79 145
 57 146
 64 147
 55 148
 48 149
 46 150
 36 151
 35 152
 29 153
 36 154
 28 155
 38 156
 21 157
 44 158
 27 159
 27 160
 23 161
 20 162
 27 163
 19 164
 16 165
 14 166
 11 167
 13 168
 10 169
 8 170
 13 171
 9 172
 3 173
 8 174
 13 175
 11 176
 5 177
 6 178
 4 179
 4 180
 5 181
 6 182
 7 183
 2 184
 6 185
 3 186
 1 187
 7 188
 4 189
 1 190
 1 191
 1 192
 1 193
 1 194
 4 195
 2 196
 2 197
 2 198
 3 199
 1 200
 1 201
 1 202
 0 203
 1 204
 1 205
 0 206
 0 207
 0 208
 0 209
 1 210
 0 211
 0 212
 1 213
 1 214
 1 215
 0 216
 0 217
 0 218
 0 219
 0 220
 1 221
 0 222
 0 223
 0 224
 0 225
 2 226
 0 227
 0 228
 0 229
 0 230
 0 231
 0 232
 0 233
 2 234
 0 235
 1 236
 0 237
 1 238
 1 239
 0 240
 0 241
 0 242
 1 243
 0 244
 0 245
 0 246
 0 247
 0 248
 0 249
 0 250
 0 251
 0 252
 0 253
 0 254
 0 255
 0 256
 0 257
 0 258
 0 259
 0 260
 0 261
 0 262
 0 263
 0 264
 0 265
 0 266
 0 267
 0 268
 0 269
 0 270
 0 271
 0 272
 0 273
 0 274
 0 275
 0 276
 0 277
 0 278
 0 279
 0 280
 0 281
 0 282
 0 283
 0 284
 0 285
 0 286
 1 287
 0 288
 3 289
 1 290
 0 291
 0 292
 0 293
 0 294
 0 295
 1 296
 1 297
 0 298
 0 299
 4 300
 0 301
 1 302
 1 303
 1 304
 2 305
 1 306
 1 307
 2 308
 0 309
 1 310
 1 311
 1 312
 2 313
 2 314
 1 315
 1 316
 0 317
 0 318
 0 319
 2 320
 0 321
 1 322
 3 323
 2 324
 2 325
 0 326
 1 327
 1 328
 2 329
 0 330
 1 331
 0 332
 0 333
 2 334
 3 335
 1 336
 1 337
 0 338
 3 339
 7 340
 7 341
 2 342
 0 343
 2 344
 5 345
 1 346
 2 347
 1 348
 1 349
 2 350
 0 351
 0 352
 2 353
 2 354
 3 355
 3 356
 3 357
 0 358
 1 359
 0 360
 0 361
 2 362
 1 363
 0 364
 1 365
 1 366
 0 367
 0 368
 1 369
 1 370
 0 371
 1 372
 1 373
 1 374
 2 375
 0 376
 0 377
 0 378
 0 379
 0 380
 1 381
 0 382
 0 383
 0 384
 1 385
 0 386
 2 387
 1 388
 1 389
 0 390
 0 391
 0 392
 2 393
 0 394
 1 395
 1 396
 0 397
 0 398
 0 399
 1 400
 0 401
 0 402
 0 403
 0 404
 0 405
 0 406
 0 407
 1 408
 0 409
 1 410
 0 411
 0 412
 0 413
 0 414
 0 415
 0 416
 0 417
 0 418
 1 419
 0 420
 0 421
 0 422
 0 423
 0 424
 0 425
 0 426
 0 427
 0 428
 0 429
 0 430
 1 431
 0 432
 0 433
 0 434
 0 435
 0 436
 0 437
 0 438
 0 439
 0 440
 0 441
 0 442
 0 443
 0 444
 0 445
 0 446
 0 447
 0 448
 0 449
 0 450
 0 451
 0 452
 0 453
 0 454
 0 455
 0 456
 0 457
 0 458
 0 459
 0 460
 0 461
 0 462
 0 463
 0 464
 0 465
 0 466
 0 467
 0 468
 0 469
 0 470
 0 471
 0 472
 0 473
 0 474
 0 475
 0 476
 0 477
 0 478
 0 479
 0 480
 0 481
 0 482
 0 483
 0 484
 0 485
 0 486
 0 487
 0 488
 0 489
 0 490
 0 491
 0 492
 0 493
 0 494
 0 495
 0 496
 0 497
 0 498
 0 499
 0 500
 0 501
 0 502
 0 503
 0 504
 0 505
 0 506
 0 507
 0 508
 0 509
 0 510
 0 511
 0 512
 0 513
 0 514
 0 515
 0 516
 0 517
 0 518
 0 519
 0 520
 0 521
 0 522
 0 523
 0 524
 0 525
 0 526
 0 527
 0 528
 0 529
 0 530
 0 531
 0 532
 0 533
 0 534
 0 535
 0 536
 0 537
 0 538
 0 539
 0 540
 0 541
 0 542
 0 543
 0 544
 0 545
 0 546
 0 547
 0 548
 0 549
 0 550
 0 551
 0 552
 0 553
 0 554
 0 555
 0 556
 0 557
 0 558
 0 559
 0 560
 0 561
 0 562
 0 563
 0 564
 0 565
 0 566
 0 567
 0 568
 0 569
 0 570
 0 571
 0 572
 0 573
 0 574
 0 575
 0 576
 0 577
 0 578
 0 579
 0 580
 0 581
 0 582
 0 583
 0 584
 0 585
 0 586
 0 587
 0 588
 0 589
 0 590
 0 591
 0 592
 0 593
 0 594
 0 595
 0 596
 0 597
 0 598
 0 599
 0 600


