# Created by Octave 3.8.2, Sat Jun 20 02:53:48 2020 CEST <damian@fptrucha.inv.usc.es>
# name: hd
# type: matrix
# rows: 551
# columns: 2
 0 50
 0 51
 0 52
 0 53
 0 54
 0 55
 0 56
 0 57
 0 58
 0 59
 0 60
 0 61
 0 62
 0 63
 0 64
 0 65
 0 66
 0 67
 0 68
 0 69
 0 70
 0 71
 0 72
 0 73
 0 74
 0 75
 0 76
 0 77
 0 78
 0 79
 0 80
 0 81
 0 82
 0 83
 0 84
 0 85
 0 86
 2 87
 4 88
 8 89
 81 90
 152 91
 180 92
 320 93
 376 94
 629 95
 827 96
 1138 97
 1307 98
 1473 99
 1612 100
 1596 101
 1638 102
 1717 103
 1711 104
 1634 105
 1583 106
 1525 107
 1383 108
 1342 109
 1232 110
 1101 111
 1077 112
 1002 113
 862 114
 887 115
 746 116
 704 117
 611 118
 572 119
 537 120
 465 121
 445 122
 437 123
 364 124
 312 125
 327 126
 282 127
 241 128
 244 129
 208 130
 191 131
 187 132
 190 133
 160 134
 144 135
 141 136
 127 137
 111 138
 123 139
 110 140
 108 141
 99 142
 79 143
 76 144
 69 145
 67 146
 65 147
 64 148
 60 149
 55 150
 56 151
 52 152
 47 153
 55 154
 47 155
 33 156
 36 157
 36 158
 30 159
 34 160
 25 161
 28 162
 36 163
 25 164
 32 165
 22 166
 16 167
 20 168
 18 169
 16 170
 13 171
 17 172
 22 173
 10 174
 15 175
 10 176
 7 177
 8 178
 16 179
 9 180
 4 181
 4 182
 10 183
 9 184
 3 185
 5 186
 3 187
 6 188
 3 189
 5 190
 2 191
 4 192
 4 193
 7 194
 5 195
 2 196
 0 197
 3 198
 2 199
 1 200
 2 201
 0 202
 3 203
 1 204
 0 205
 1 206
 2 207
 0 208
 1 209
 0 210
 0 211
 2 212
 1 213
 1 214
 1 215
 1 216
 1 217
 1 218
 0 219
 0 220
 0 221
 0 222
 1 223
 0 224
 0 225
 0 226
 0 227
 1 228
 0 229
 0 230
 0 231
 0 232
 0 233
 0 234
 0 235
 0 236
 0 237
 0 238
 0 239
 1 240
 0 241
 0 242
 0 243
 0 244
 0 245
 0 246
 0 247
 0 248
 0 249
 0 250
 0 251
 0 252
 0 253
 0 254
 0 255
 0 256
 0 257
 0 258
 0 259
 0 260
 0 261
 0 262
 0 263
 0 264
 0 265
 0 266
 0 267
 0 268
 0 269
 0 270
 0 271
 0 272
 0 273
 0 274
 0 275
 0 276
 0 277
 0 278
 0 279
 0 280
 1 281
 0 282
 1 283
 1 284
 0 285
 1 286
 0 287
 0 288
 0 289
 1 290
 0 291
 0 292
 0 293
 0 294
 0 295
 1 296
 1 297
 0 298
 0 299
 0 300
 3 301
 1 302
 1 303
 1 304
 3 305
 0 306
 1 307
 2 308
 4 309
 3 310
 3 311
 0 312
 4 313
 1 314
 3 315
 1 316
 5 317
 3 318
 2 319
 3 320
 3 321
 1 322
 1 323
 0 324
 2 325
 3 326
 2 327
 2 328
 3 329
 1 330
 0 331
 3 332
 1 333
 1 334
 1 335
 2 336
 3 337
 1 338
 2 339
 1 340
 0 341
 2 342
 1 343
 2 344
 1 345
 3 346
 1 347
 4 348
 2 349
 1 350
 3 351
 3 352
 0 353
 1 354
 4 355
 0 356
 1 357
 2 358
 0 359
 2 360
 1 361
 1 362
 1 363
 1 364
 0 365
 1 366
 0 367
 1 368
 2 369
 1 370
 1 371
 0 372
 2 373
 0 374
 0 375
 1 376
 0 377
 2 378
 0 379
 0 380
 0 381
 0 382
 1 383
 0 384
 1 385
 0 386
 1 387
 0 388
 0 389
 0 390
 0 391
 0 392
 2 393
 1 394
 0 395
 0 396
 0 397
 0 398
 0 399
 0 400
 0 401
 0 402
 0 403
 0 404
 0 405
 0 406
 0 407
 0 408
 0 409
 0 410
 0 411
 0 412
 0 413
 1 414
 0 415
 0 416
 0 417
 0 418
 0 419
 0 420
 0 421
 0 422
 0 423
 1 424
 0 425
 0 426
 0 427
 0 428
 0 429
 0 430
 0 431
 0 432
 0 433
 0 434
 0 435
 0 436
 0 437
 0 438
 0 439
 0 440
 0 441
 0 442
 0 443
 0 444
 0 445
 0 446
 0 447
 0 448
 0 449
 0 450
 0 451
 0 452
 0 453
 0 454
 0 455
 0 456
 0 457
 0 458
 0 459
 0 460
 0 461
 0 462
 0 463
 0 464
 0 465
 0 466
 0 467
 0 468
 0 469
 0 470
 0 471
 0 472
 0 473
 0 474
 0 475
 0 476
 0 477
 0 478
 0 479
 0 480
 0 481
 0 482
 0 483
 0 484
 0 485
 0 486
 0 487
 0 488
 0 489
 0 490
 0 491
 0 492
 0 493
 0 494
 0 495
 0 496
 0 497
 0 498
 0 499
 0 500
 0 501
 0 502
 0 503
 0 504
 0 505
 0 506
 0 507
 0 508
 0 509
 0 510
 0 511
 0 512
 0 513
 0 514
 0 515
 0 516
 0 517
 0 518
 0 519
 0 520
 0 521
 0 522
 0 523
 0 524
 0 525
 0 526
 0 527
 0 528
 0 529
 0 530
 0 531
 0 532
 0 533
 0 534
 0 535
 0 536
 0 537
 0 538
 0 539
 0 540
 0 541
 0 542
 0 543
 0 544
 0 545
 0 546
 0 547
 0 548
 0 549
 0 550
 0 551
 0 552
 0 553
 0 554
 0 555
 0 556
 0 557
 0 558
 0 559
 0 560
 0 561
 0 562
 0 563
 0 564
 0 565
 0 566
 0 567
 0 568
 0 569
 0 570
 0 571
 0 572
 0 573
 0 574
 0 575
 0 576
 0 577
 0 578
 0 579
 0 580
 0 581
 0 582
 0 583
 0 584
 0 585
 0 586
 0 587
 0 588
 0 589
 0 590
 0 591
 0 592
 0 593
 0 594
 0 595
 0 596
 0 597
 0 598
 0 599
 0 600


