# Created by Octave 3.8.2, Mon Jun 22 05:33:14 2020 CEST <damian@fptrucha.inv.usc.es>
# name: hd
# type: matrix
# rows: 551
# columns: 2
 0 50
 0 51
 0 52
 0 53
 0 54
 0 55
 0 56
 0 57
 0 58
 0 59
 0 60
 0 61
 0 62
 0 63
 0 64
 0 65
 0 66
 0 67
 0 68
 0 69
 0 70
 0 71
 0 72
 0 73
 0 74
 0 75
 0 76
 0 77
 0 78
 0 79
 0 80
 0 81
 0 82
 0 83
 0 84
 0 85
 0 86
 0 87
 3 88
 8 89
 23 90
 121 91
 203 92
 324 93
 367 94
 571 95
 756 96
 1122 97
 1476 98
 1592 99
 1735 100
 1768 101
 1871 102
 1840 103
 1711 104
 1503 105
 1443 106
 1362 107
 1234 108
 1061 109
 1046 110
 930 111
 821 112
 742 113
 704 114
 605 115
 536 116
 481 117
 424 118
 396 119
 336 120
 316 121
 295 122
 245 123
 201 124
 200 125
 182 126
 173 127
 143 128
 132 129
 125 130
 123 131
 119 132
 103 133
 90 134
 93 135
 89 136
 92 137
 87 138
 80 139
 77 140
 60 141
 55 142
 47 143
 48 144
 58 145
 60 146
 44 147
 41 148
 52 149
 39 150
 32 151
 43 152
 22 153
 40 154
 35 155
 29 156
 32 157
 18 158
 20 159
 19 160
 34 161
 25 162
 17 163
 24 164
 24 165
 9 166
 11 167
 14 168
 12 169
 12 170
 12 171
 13 172
 13 173
 10 174
 8 175
 11 176
 7 177
 5 178
 5 179
 3 180
 8 181
 5 182
 5 183
 2 184
 3 185
 5 186
 2 187
 3 188
 6 189
 1 190
 2 191
 4 192
 1 193
 1 194
 3 195
 1 196
 3 197
 1 198
 2 199
 4 200
 2 201
 1 202
 2 203
 2 204
 1 205
 0 206
 1 207
 2 208
 0 209
 1 210
 2 211
 0 212
 0 213
 0 214
 2 215
 1 216
 1 217
 0 218
 0 219
 1 220
 1 221
 0 222
 0 223
 0 224
 0 225
 0 226
 0 227
 1 228
 0 229
 1 230
 0 231
 0 232
 0 233
 0 234
 1 235
 0 236
 0 237
 0 238
 0 239
 0 240
 0 241
 0 242
 0 243
 0 244
 1 245
 1 246
 0 247
 0 248
 0 249
 0 250
 0 251
 0 252
 0 253
 0 254
 0 255
 0 256
 1 257
 0 258
 0 259
 0 260
 0 261
 0 262
 0 263
 0 264
 0 265
 0 266
 0 267
 0 268
 0 269
 0 270
 0 271
 0 272
 0 273
 0 274
 0 275
 0 276
 0 277
 0 278
 0 279
 0 280
 0 281
 0 282
 0 283
 0 284
 0 285
 1 286
 0 287
 0 288
 2 289
 0 290
 0 291
 2 292
 0 293
 1 294
 0 295
 0 296
 1 297
 1 298
 1 299
 1 300
 1 301
 2 302
 3 303
 1 304
 2 305
 1 306
 0 307
 0 308
 5 309
 1 310
 1 311
 4 312
 3 313
 2 314
 4 315
 0 316
 0 317
 5 318
 3 319
 2 320
 0 321
 4 322
 2 323
 4 324
 4 325
 3 326
 2 327
 3 328
 2 329
 3 330
 3 331
 5 332
 2 333
 3 334
 4 335
 2 336
 1 337
 6 338
 1 339
 0 340
 1 341
 3 342
 2 343
 3 344
 2 345
 1 346
 0 347
 3 348
 2 349
 2 350
 2 351
 1 352
 1 353
 1 354
 3 355
 3 356
 2 357
 0 358
 2 359
 1 360
 0 361
 4 362
 1 363
 2 364
 0 365
 1 366
 0 367
 1 368
 1 369
 3 370
 0 371
 2 372
 0 373
 0 374
 0 375
 0 376
 1 377
 0 378
 3 379
 0 380
 0 381
 0 382
 0 383
 0 384
 0 385
 0 386
 0 387
 0 388
 0 389
 1 390
 1 391
 0 392
 0 393
 0 394
 1 395
 0 396
 0 397
 0 398
 0 399
 0 400
 0 401
 0 402
 0 403
 0 404
 0 405
 0 406
 0 407
 0 408
 0 409
 0 410
 0 411
 1 412
 0 413
 0 414
 0 415
 0 416
 0 417
 0 418
 0 419
 0 420
 0 421
 0 422
 0 423
 0 424
 0 425
 0 426
 0 427
 0 428
 0 429
 0 430
 0 431
 0 432
 0 433
 0 434
 0 435
 0 436
 0 437
 0 438
 0 439
 0 440
 0 441
 0 442
 0 443
 0 444
 0 445
 0 446
 0 447
 0 448
 0 449
 0 450
 0 451
 0 452
 0 453
 0 454
 0 455
 0 456
 0 457
 0 458
 0 459
 0 460
 0 461
 0 462
 0 463
 0 464
 0 465
 0 466
 0 467
 0 468
 0 469
 0 470
 0 471
 0 472
 0 473
 0 474
 0 475
 0 476
 0 477
 0 478
 0 479
 0 480
 0 481
 0 482
 0 483
 0 484
 0 485
 0 486
 0 487
 0 488
 0 489
 0 490
 0 491
 0 492
 0 493
 0 494
 0 495
 0 496
 0 497
 0 498
 0 499
 0 500
 0 501
 0 502
 0 503
 0 504
 0 505
 0 506
 0 507
 0 508
 0 509
 0 510
 0 511
 0 512
 0 513
 0 514
 0 515
 0 516
 0 517
 0 518
 0 519
 0 520
 0 521
 0 522
 0 523
 0 524
 0 525
 0 526
 0 527
 0 528
 0 529
 0 530
 0 531
 0 532
 0 533
 0 534
 0 535
 0 536
 0 537
 0 538
 0 539
 0 540
 0 541
 0 542
 0 543
 0 544
 0 545
 0 546
 0 547
 0 548
 0 549
 0 550
 0 551
 0 552
 0 553
 0 554
 0 555
 0 556
 0 557
 0 558
 0 559
 0 560
 0 561
 0 562
 0 563
 0 564
 0 565
 0 566
 0 567
 0 568
 0 569
 0 570
 0 571
 0 572
 0 573
 0 574
 0 575
 0 576
 0 577
 0 578
 0 579
 0 580
 0 581
 0 582
 0 583
 0 584
 0 585
 0 586
 0 587
 0 588
 0 589
 0 590
 0 591
 0 592
 0 593
 0 594
 0 595
 0 596
 0 597
 0 598
 0 599
 0 600


