# Created by Octave 3.8.2, Sat Jun 20 11:57:01 2020 CEST <damian@fptrucha.inv.usc.es>
# name: hd
# type: matrix
# rows: 551
# columns: 2
 0 50
 0 51
 0 52
 0 53
 0 54
 0 55
 0 56
 0 57
 0 58
 0 59
 0 60
 0 61
 0 62
 0 63
 0 64
 0 65
 0 66
 0 67
 0 68
 0 69
 0 70
 0 71
 0 72
 0 73
 0 74
 0 75
 0 76
 0 77
 0 78
 0 79
 0 80
 0 81
 0 82
 0 83
 0 84
 0 85
 0 86
 4 87
 5 88
 18 89
 71 90
 119 91
 257 92
 296 93
 427 94
 673 95
 991 96
 1298 97
 1561 98
 1594 99
 1807 100
 1842 101
 1924 102
 1805 103
 1780 104
 1679 105
 1649 106
 1576 107
 1449 108
 1343 109
 1233 110
 1187 111
 1013 112
 925 113
 863 114
 808 115
 718 116
 613 117
 582 118
 517 119
 487 120
 456 121
 366 122
 356 123
 290 124
 264 125
 273 126
 249 127
 228 128
 192 129
 192 130
 175 131
 162 132
 142 133
 128 134
 122 135
 111 136
 96 137
 94 138
 110 139
 84 140
 86 141
 76 142
 54 143
 60 144
 55 145
 67 146
 44 147
 52 148
 49 149
 45 150
 58 151
 40 152
 47 153
 35 154
 40 155
 33 156
 32 157
 26 158
 26 159
 27 160
 24 161
 25 162
 25 163
 14 164
 15 165
 11 166
 14 167
 13 168
 15 169
 13 170
 12 171
 10 172
 10 173
 9 174
 16 175
 4 176
 6 177
 9 178
 11 179
 5 180
 4 181
 7 182
 4 183
 1 184
 4 185
 3 186
 3 187
 3 188
 1 189
 6 190
 4 191
 3 192
 3 193
 2 194
 2 195
 0 196
 1 197
 2 198
 1 199
 0 200
 2 201
 0 202
 0 203
 1 204
 1 205
 0 206
 2 207
 2 208
 0 209
 1 210
 0 211
 1 212
 0 213
 0 214
 0 215
 0 216
 0 217
 0 218
 0 219
 0 220
 1 221
 0 222
 0 223
 0 224
 0 225
 0 226
 0 227
 0 228
 0 229
 0 230
 0 231
 0 232
 0 233
 0 234
 0 235
 0 236
 0 237
 0 238
 0 239
 0 240
 0 241
 0 242
 0 243
 0 244
 0 245
 0 246
 0 247
 0 248
 0 249
 0 250
 0 251
 0 252
 0 253
 0 254
 0 255
 0 256
 0 257
 0 258
 0 259
 0 260
 0 261
 0 262
 0 263
 0 264
 0 265
 0 266
 0 267
 0 268
 0 269
 0 270
 0 271
 0 272
 0 273
 0 274
 0 275
 0 276
 0 277
 0 278
 0 279
 0 280
 0 281
 0 282
 0 283
 0 284
 0 285
 0 286
 0 287
 0 288
 1 289
 0 290
 0 291
 0 292
 0 293
 0 294
 1 295
 1 296
 0 297
 0 298
 0 299
 0 300
 3 301
 1 302
 0 303
 1 304
 1 305
 0 306
 0 307
 0 308
 3 309
 4 310
 3 311
 2 312
 3 313
 0 314
 3 315
 2 316
 3 317
 4 318
 2 319
 0 320
 1 321
 3 322
 3 323
 0 324
 1 325
 0 326
 2 327
 0 328
 5 329
 1 330
 0 331
 1 332
 2 333
 2 334
 1 335
 1 336
 3 337
 2 338
 4 339
 3 340
 2 341
 3 342
 0 343
 2 344
 2 345
 0 346
 2 347
 1 348
 4 349
 2 350
 1 351
 5 352
 1 353
 0 354
 2 355
 1 356
 1 357
 0 358
 3 359
 0 360
 1 361
 2 362
 4 363
 1 364
 0 365
 0 366
 0 367
 1 368
 0 369
 0 370
 0 371
 1 372
 2 373
 0 374
 1 375
 0 376
 0 377
 1 378
 0 379
 2 380
 0 381
 0 382
 1 383
 0 384
 2 385
 0 386
 2 387
 0 388
 0 389
 0 390
 0 391
 0 392
 0 393
 1 394
 1 395
 0 396
 1 397
 0 398
 0 399
 0 400
 0 401
 0 402
 0 403
 0 404
 0 405
 0 406
 0 407
 0 408
 0 409
 1 410
 0 411
 0 412
 0 413
 0 414
 0 415
 0 416
 0 417
 0 418
 0 419
 0 420
 0 421
 0 422
 0 423
 0 424
 0 425
 0 426
 1 427
 0 428
 0 429
 0 430
 0 431
 0 432
 0 433
 0 434
 0 435
 0 436
 0 437
 0 438
 0 439
 0 440
 0 441
 0 442
 0 443
 0 444
 0 445
 0 446
 0 447
 0 448
 0 449
 0 450
 0 451
 0 452
 0 453
 0 454
 0 455
 0 456
 0 457
 0 458
 0 459
 0 460
 0 461
 0 462
 0 463
 0 464
 0 465
 0 466
 0 467
 0 468
 0 469
 0 470
 0 471
 0 472
 0 473
 0 474
 0 475
 0 476
 0 477
 0 478
 0 479
 0 480
 0 481
 0 482
 0 483
 0 484
 0 485
 0 486
 0 487
 0 488
 0 489
 0 490
 0 491
 0 492
 0 493
 0 494
 0 495
 0 496
 0 497
 0 498
 0 499
 0 500
 0 501
 0 502
 0 503
 0 504
 0 505
 0 506
 0 507
 0 508
 0 509
 0 510
 0 511
 0 512
 0 513
 0 514
 0 515
 0 516
 0 517
 0 518
 0 519
 0 520
 0 521
 0 522
 0 523
 0 524
 0 525
 0 526
 0 527
 0 528
 0 529
 0 530
 0 531
 0 532
 0 533
 0 534
 0 535
 0 536
 0 537
 0 538
 0 539
 0 540
 0 541
 0 542
 0 543
 0 544
 0 545
 0 546
 0 547
 0 548
 0 549
 0 550
 0 551
 0 552
 0 553
 0 554
 0 555
 0 556
 0 557
 0 558
 0 559
 0 560
 0 561
 0 562
 0 563
 0 564
 0 565
 0 566
 0 567
 0 568
 0 569
 0 570
 0 571
 0 572
 0 573
 0 574
 0 575
 0 576
 0 577
 0 578
 0 579
 0 580
 0 581
 0 582
 0 583
 0 584
 0 585
 0 586
 0 587
 0 588
 0 589
 0 590
 0 591
 0 592
 0 593
 0 594
 0 595
 0 596
 0 597
 0 598
 0 599
 0 600


