# Created by Octave 3.8.2, Sun Jun 21 02:40:07 2020 CEST <damian@fptrucha.inv.usc.es>
# name: hd
# type: matrix
# rows: 551
# columns: 2
 0 50
 0 51
 0 52
 0 53
 0 54
 0 55
 0 56
 0 57
 0 58
 0 59
 0 60
 0 61
 0 62
 0 63
 0 64
 0 65
 0 66
 0 67
 0 68
 0 69
 0 70
 0 71
 0 72
 0 73
 0 74
 0 75
 0 76
 0 77
 0 78
 0 79
 0 80
 0 81
 0 82
 0 83
 0 84
 0 85
 0 86
 1 87
 4 88
 19 89
 62 90
 112 91
 213 92
 251 93
 369 94
 530 95
 769 96
 1084 97
 1268 98
 1347 99
 1516 100
 1573 101
 1636 102
 1603 103
 1489 104
 1547 105
 1463 106
 1346 107
 1229 108
 1203 109
 1190 110
 1024 111
 1000 112
 825 113
 827 114
 748 115
 665 116
 661 117
 547 118
 505 119
 520 120
 410 121
 346 122
 353 123
 292 124
 283 125
 265 126
 211 127
 215 128
 192 129
 152 130
 165 131
 152 132
 125 133
 114 134
 113 135
 104 136
 95 137
 99 138
 93 139
 92 140
 81 141
 58 142
 60 143
 63 144
 63 145
 48 146
 55 147
 41 148
 39 149
 40 150
 29 151
 24 152
 25 153
 20 154
 29 155
 23 156
 24 157
 24 158
 21 159
 18 160
 19 161
 20 162
 23 163
 11 164
 12 165
 10 166
 11 167
 7 168
 7 169
 13 170
 12 171
 13 172
 10 173
 4 174
 9 175
 11 176
 9 177
 4 178
 2 179
 6 180
 4 181
 4 182
 4 183
 1 184
 4 185
 0 186
 3 187
 5 188
 7 189
 3 190
 1 191
 4 192
 1 193
 1 194
 3 195
 1 196
 0 197
 0 198
 0 199
 4 200
 1 201
 2 202
 0 203
 1 204
 0 205
 0 206
 1 207
 0 208
 1 209
 0 210
 0 211
 0 212
 1 213
 0 214
 0 215
 1 216
 1 217
 0 218
 0 219
 0 220
 1 221
 1 222
 0 223
 0 224
 1 225
 0 226
 0 227
 0 228
 0 229
 1 230
 0 231
 0 232
 0 233
 0 234
 0 235
 0 236
 0 237
 0 238
 0 239
 0 240
 0 241
 0 242
 0 243
 0 244
 0 245
 0 246
 0 247
 0 248
 0 249
 0 250
 0 251
 0 252
 0 253
 0 254
 0 255
 0 256
 0 257
 0 258
 0 259
 0 260
 0 261
 0 262
 0 263
 0 264
 0 265
 0 266
 0 267
 0 268
 0 269
 0 270
 0 271
 0 272
 0 273
 0 274
 0 275
 0 276
 0 277
 0 278
 0 279
 0 280
 0 281
 0 282
 0 283
 0 284
 1 285
 1 286
 1 287
 0 288
 1 289
 0 290
 1 291
 1 292
 1 293
 1 294
 0 295
 0 296
 0 297
 0 298
 0 299
 0 300
 1 301
 1 302
 1 303
 1 304
 1 305
 1 306
 0 307
 0 308
 0 309
 0 310
 0 311
 1 312
 1 313
 0 314
 3 315
 1 316
 0 317
 1 318
 4 319
 0 320
 3 321
 3 322
 1 323
 1 324
 0 325
 1 326
 3 327
 3 328
 0 329
 2 330
 1 331
 2 332
 2 333
 0 334
 2 335
 2 336
 1 337
 1 338
 1 339
 0 340
 1 341
 2 342
 2 343
 2 344
 0 345
 1 346
 2 347
 3 348
 0 349
 0 350
 6 351
 1 352
 1 353
 2 354
 4 355
 1 356
 0 357
 1 358
 1 359
 2 360
 1 361
 0 362
 1 363
 3 364
 1 365
 0 366
 2 367
 0 368
 1 369
 1 370
 0 371
 1 372
 1 373
 0 374
 0 375
 0 376
 2 377
 0 378
 1 379
 0 380
 1 381
 1 382
 1 383
 0 384
 0 385
 0 386
 2 387
 0 388
 0 389
 0 390
 2 391
 0 392
 0 393
 0 394
 0 395
 2 396
 1 397
 0 398
 0 399
 0 400
 0 401
 0 402
 0 403
 0 404
 0 405
 0 406
 0 407
 0 408
 0 409
 0 410
 0 411
 0 412
 0 413
 0 414
 0 415
 0 416
 0 417
 0 418
 0 419
 0 420
 0 421
 0 422
 0 423
 0 424
 0 425
 0 426
 0 427
 0 428
 0 429
 0 430
 0 431
 0 432
 0 433
 0 434
 0 435
 0 436
 0 437
 0 438
 1 439
 0 440
 0 441
 0 442
 0 443
 0 444
 0 445
 0 446
 0 447
 0 448
 0 449
 0 450
 0 451
 0 452
 0 453
 0 454
 0 455
 0 456
 0 457
 0 458
 0 459
 0 460
 0 461
 0 462
 0 463
 0 464
 0 465
 0 466
 0 467
 0 468
 0 469
 0 470
 0 471
 0 472
 0 473
 0 474
 0 475
 0 476
 0 477
 0 478
 0 479
 0 480
 0 481
 0 482
 0 483
 0 484
 0 485
 0 486
 0 487
 0 488
 0 489
 0 490
 0 491
 0 492
 0 493
 0 494
 0 495
 0 496
 0 497
 0 498
 0 499
 0 500
 0 501
 0 502
 0 503
 0 504
 0 505
 0 506
 0 507
 0 508
 0 509
 0 510
 0 511
 0 512
 0 513
 0 514
 0 515
 0 516
 0 517
 0 518
 0 519
 0 520
 0 521
 0 522
 0 523
 0 524
 0 525
 0 526
 0 527
 0 528
 0 529
 0 530
 0 531
 0 532
 0 533
 0 534
 0 535
 0 536
 0 537
 0 538
 0 539
 0 540
 0 541
 0 542
 0 543
 0 544
 0 545
 0 546
 0 547
 0 548
 0 549
 0 550
 0 551
 0 552
 0 553
 0 554
 0 555
 0 556
 0 557
 0 558
 0 559
 0 560
 0 561
 0 562
 0 563
 0 564
 0 565
 0 566
 0 567
 0 568
 0 569
 0 570
 0 571
 0 572
 0 573
 0 574
 0 575
 0 576
 0 577
 0 578
 0 579
 0 580
 0 581
 0 582
 0 583
 0 584
 0 585
 0 586
 0 587
 0 588
 0 589
 0 590
 0 591
 0 592
 0 593
 0 594
 0 595
 0 596
 0 597
 0 598
 0 599
 0 600


