# Created by Octave 3.8.2, Mon Jun 22 19:25:53 2020 CEST <damian@fptrucha.inv.usc.es>
# name: hd
# type: matrix
# rows: 551
# columns: 2
 0 50
 0 51
 0 52
 0 53
 0 54
 0 55
 0 56
 0 57
 0 58
 0 59
 0 60
 0 61
 0 62
 0 63
 0 64
 0 65
 0 66
 0 67
 0 68
 0 69
 0 70
 0 71
 0 72
 0 73
 0 74
 0 75
 0 76
 0 77
 0 78
 0 79
 0 80
 0 81
 0 82
 0 83
 0 84
 0 85
 0 86
 0 87
 1 88
 13 89
 46 90
 117 91
 189 92
 334 93
 395 94
 560 95
 861 96
 1243 97
 1501 98
 1588 99
 1839 100
 1847 101
 1964 102
 1843 103
 1772 104
 1741 105
 1662 106
 1481 107
 1357 108
 1234 109
 1273 110
 1064 111
 1021 112
 869 113
 777 114
 723 115
 643 116
 580 117
 528 118
 482 119
 410 120
 351 121
 300 122
 298 123
 269 124
 250 125
 216 126
 211 127
 206 128
 167 129
 160 130
 169 131
 155 132
 111 133
 121 134
 127 135
 84 136
 104 137
 97 138
 84 139
 89 140
 70 141
 77 142
 69 143
 69 144
 67 145
 58 146
 53 147
 45 148
 40 149
 43 150
 35 151
 42 152
 31 153
 25 154
 33 155
 32 156
 29 157
 19 158
 29 159
 22 160
 25 161
 20 162
 17 163
 19 164
 17 165
 19 166
 7 167
 13 168
 12 169
 6 170
 7 171
 14 172
 7 173
 7 174
 11 175
 7 176
 7 177
 8 178
 7 179
 8 180
 8 181
 4 182
 5 183
 5 184
 5 185
 3 186
 3 187
 6 188
 3 189
 0 190
 3 191
 3 192
 3 193
 4 194
 4 195
 0 196
 1 197
 2 198
 0 199
 3 200
 1 201
 1 202
 2 203
 0 204
 0 205
 0 206
 4 207
 0 208
 0 209
 0 210
 1 211
 1 212
 1 213
 0 214
 0 215
 0 216
 0 217
 0 218
 0 219
 0 220
 0 221
 0 222
 0 223
 0 224
 1 225
 0 226
 0 227
 0 228
 0 229
 0 230
 1 231
 0 232
 0 233
 0 234
 0 235
 1 236
 0 237
 0 238
 0 239
 0 240
 0 241
 0 242
 0 243
 0 244
 0 245
 0 246
 0 247
 0 248
 0 249
 0 250
 0 251
 0 252
 0 253
 0 254
 0 255
 0 256
 0 257
 0 258
 0 259
 0 260
 0 261
 0 262
 0 263
 0 264
 0 265
 0 266
 0 267
 0 268
 0 269
 0 270
 0 271
 0 272
 0 273
 1 274
 0 275
 0 276
 0 277
 0 278
 0 279
 0 280
 0 281
 0 282
 0 283
 0 284
 2 285
 1 286
 0 287
 0 288
 0 289
 2 290
 2 291
 1 292
 0 293
 1 294
 0 295
 0 296
 0 297
 1 298
 3 299
 0 300
 3 301
 1 302
 0 303
 2 304
 0 305
 4 306
 1 307
 3 308
 2 309
 1 310
 1 311
 2 312
 0 313
 2 314
 3 315
 1 316
 4 317
 1 318
 1 319
 1 320
 4 321
 1 322
 1 323
 1 324
 4 325
 1 326
 0 327
 2 328
 5 329
 2 330
 3 331
 2 332
 2 333
 3 334
 1 335
 2 336
 1 337
 3 338
 4 339
 1 340
 0 341
 4 342
 4 343
 3 344
 2 345
 4 346
 1 347
 1 348
 2 349
 0 350
 0 351
 2 352
 2 353
 2 354
 2 355
 2 356
 3 357
 1 358
 0 359
 5 360
 3 361
 2 362
 1 363
 2 364
 2 365
 1 366
 0 367
 1 368
 1 369
 2 370
 2 371
 0 372
 0 373
 1 374
 0 375
 2 376
 1 377
 1 378
 0 379
 1 380
 0 381
 0 382
 2 383
 0 384
 0 385
 0 386
 0 387
 0 388
 0 389
 1 390
 0 391
 0 392
 0 393
 0 394
 0 395
 0 396
 0 397
 1 398
 0 399
 0 400
 0 401
 0 402
 0 403
 0 404
 0 405
 0 406
 0 407
 0 408
 0 409
 0 410
 0 411
 0 412
 0 413
 0 414
 0 415
 0 416
 0 417
 0 418
 0 419
 0 420
 0 421
 0 422
 0 423
 0 424
 0 425
 0 426
 0 427
 0 428
 0 429
 0 430
 0 431
 0 432
 0 433
 0 434
 0 435
 0 436
 0 437
 0 438
 0 439
 0 440
 0 441
 0 442
 0 443
 0 444
 0 445
 0 446
 0 447
 0 448
 0 449
 0 450
 0 451
 0 452
 0 453
 0 454
 0 455
 0 456
 0 457
 0 458
 0 459
 0 460
 0 461
 0 462
 0 463
 0 464
 0 465
 0 466
 0 467
 0 468
 0 469
 0 470
 0 471
 0 472
 0 473
 0 474
 0 475
 0 476
 0 477
 0 478
 0 479
 0 480
 0 481
 0 482
 0 483
 0 484
 0 485
 0 486
 0 487
 0 488
 0 489
 0 490
 0 491
 0 492
 0 493
 0 494
 0 495
 0 496
 0 497
 0 498
 0 499
 0 500
 0 501
 0 502
 0 503
 0 504
 0 505
 0 506
 0 507
 0 508
 0 509
 0 510
 0 511
 0 512
 0 513
 0 514
 0 515
 0 516
 0 517
 0 518
 0 519
 0 520
 0 521
 0 522
 0 523
 0 524
 0 525
 0 526
 0 527
 0 528
 0 529
 0 530
 0 531
 0 532
 0 533
 0 534
 0 535
 0 536
 0 537
 0 538
 0 539
 0 540
 0 541
 0 542
 0 543
 0 544
 0 545
 0 546
 0 547
 0 548
 0 549
 0 550
 0 551
 0 552
 0 553
 0 554
 0 555
 0 556
 0 557
 0 558
 0 559
 0 560
 0 561
 0 562
 0 563
 0 564
 0 565
 0 566
 0 567
 0 568
 0 569
 0 570
 0 571
 0 572
 0 573
 0 574
 0 575
 0 576
 0 577
 0 578
 0 579
 0 580
 0 581
 0 582
 0 583
 0 584
 0 585
 0 586
 0 587
 0 588
 0 589
 0 590
 0 591
 0 592
 0 593
 0 594
 0 595
 0 596
 0 597
 0 598
 0 599
 0 600


