# Created by Octave 3.8.2, Sat Jun 20 05:03:09 2020 CEST <damian@fptrucha.inv.usc.es>
# name: hd
# type: matrix
# rows: 551
# columns: 2
 0 50
 0 51
 0 52
 0 53
 0 54
 0 55
 0 56
 0 57
 0 58
 0 59
 0 60
 0 61
 0 62
 0 63
 0 64
 0 65
 0 66
 0 67
 0 68
 0 69
 0 70
 0 71
 0 72
 0 73
 0 74
 0 75
 0 76
 0 77
 0 78
 0 79
 0 80
 0 81
 0 82
 0 83
 0 84
 0 85
 0 86
 4 87
 4 88
 17 89
 65 90
 133 91
 235 92
 330 93
 412 94
 606 95
 905 96
 1217 97
 1448 98
 1467 99
 1695 100
 1747 101
 1720 102
 1752 103
 1659 104
 1687 105
 1619 106
 1550 107
 1486 108
 1343 109
 1319 110
 1156 111
 1075 112
 959 113
 908 114
 845 115
 682 116
 671 117
 638 118
 548 119
 500 120
 451 121
 450 122
 375 123
 371 124
 339 125
 287 126
 218 127
 244 128
 199 129
 224 130
 184 131
 188 132
 148 133
 154 134
 116 135
 114 136
 99 137
 105 138
 109 139
 90 140
 99 141
 92 142
 83 143
 78 144
 89 145
 55 146
 60 147
 66 148
 56 149
 46 150
 50 151
 49 152
 54 153
 45 154
 45 155
 34 156
 29 157
 32 158
 33 159
 45 160
 43 161
 29 162
 20 163
 20 164
 22 165
 20 166
 19 167
 24 168
 22 169
 11 170
 17 171
 14 172
 10 173
 12 174
 12 175
 5 176
 13 177
 13 178
 9 179
 2 180
 6 181
 4 182
 10 183
 7 184
 3 185
 3 186
 7 187
 5 188
 6 189
 1 190
 0 191
 4 192
 2 193
 3 194
 5 195
 1 196
 4 197
 2 198
 3 199
 3 200
 1 201
 2 202
 1 203
 0 204
 1 205
 0 206
 1 207
 2 208
 1 209
 1 210
 1 211
 2 212
 1 213
 0 214
 0 215
 0 216
 1 217
 1 218
 0 219
 0 220
 1 221
 0 222
 0 223
 0 224
 0 225
 0 226
 0 227
 0 228
 0 229
 0 230
 0 231
 0 232
 0 233
 0 234
 1 235
 0 236
 0 237
 0 238
 0 239
 0 240
 0 241
 0 242
 0 243
 0 244
 0 245
 0 246
 0 247
 0 248
 0 249
 0 250
 0 251
 0 252
 0 253
 0 254
 0 255
 0 256
 0 257
 0 258
 0 259
 0 260
 0 261
 0 262
 0 263
 0 264
 0 265
 0 266
 0 267
 0 268
 0 269
 0 270
 0 271
 1 272
 0 273
 0 274
 0 275
 0 276
 0 277
 0 278
 1 279
 0 280
 0 281
 0 282
 0 283
 0 284
 0 285
 0 286
 1 287
 0 288
 0 289
 1 290
 0 291
 0 292
 0 293
 0 294
 0 295
 0 296
 1 297
 0 298
 1 299
 2 300
 1 301
 2 302
 1 303
 1 304
 0 305
 0 306
 3 307
 0 308
 0 309
 0 310
 2 311
 3 312
 2 313
 3 314
 1 315
 1 316
 3 317
 5 318
 1 319
 0 320
 2 321
 2 322
 3 323
 3 324
 8 325
 3 326
 1 327
 1 328
 1 329
 2 330
 0 331
 2 332
 0 333
 2 334
 2 335
 1 336
 5 337
 2 338
 3 339
 2 340
 3 341
 0 342
 2 343
 5 344
 0 345
 2 346
 2 347
 5 348
 3 349
 3 350
 3 351
 1 352
 2 353
 1 354
 2 355
 2 356
 1 357
 2 358
 1 359
 1 360
 2 361
 1 362
 1 363
 1 364
 1 365
 2 366
 2 367
 0 368
 1 369
 0 370
 0 371
 1 372
 0 373
 1 374
 0 375
 1 376
 0 377
 0 378
 1 379
 0 380
 0 381
 1 382
 0 383
 2 384
 0 385
 1 386
 0 387
 0 388
 1 389
 0 390
 0 391
 0 392
 0 393
 1 394
 0 395
 0 396
 1 397
 2 398
 0 399
 0 400
 0 401
 0 402
 1 403
 0 404
 0 405
 0 406
 0 407
 0 408
 0 409
 0 410
 0 411
 0 412
 0 413
 0 414
 0 415
 0 416
 0 417
 0 418
 0 419
 0 420
 0 421
 0 422
 0 423
 0 424
 0 425
 0 426
 0 427
 0 428
 0 429
 0 430
 0 431
 0 432
 0 433
 0 434
 0 435
 0 436
 0 437
 0 438
 0 439
 0 440
 0 441
 0 442
 0 443
 0 444
 0 445
 0 446
 0 447
 0 448
 0 449
 0 450
 0 451
 0 452
 0 453
 0 454
 0 455
 0 456
 0 457
 0 458
 0 459
 0 460
 0 461
 0 462
 0 463
 0 464
 0 465
 0 466
 0 467
 0 468
 0 469
 0 470
 0 471
 0 472
 0 473
 0 474
 0 475
 0 476
 0 477
 0 478
 0 479
 0 480
 0 481
 0 482
 0 483
 0 484
 0 485
 0 486
 0 487
 0 488
 0 489
 0 490
 0 491
 0 492
 0 493
 0 494
 0 495
 0 496
 0 497
 0 498
 0 499
 0 500
 0 501
 0 502
 0 503
 0 504
 0 505
 0 506
 0 507
 0 508
 0 509
 0 510
 0 511
 0 512
 0 513
 0 514
 0 515
 0 516
 0 517
 0 518
 0 519
 0 520
 0 521
 0 522
 0 523
 0 524
 0 525
 0 526
 0 527
 0 528
 0 529
 0 530
 0 531
 0 532
 0 533
 0 534
 0 535
 0 536
 0 537
 0 538
 0 539
 0 540
 0 541
 0 542
 0 543
 0 544
 0 545
 0 546
 0 547
 0 548
 0 549
 0 550
 0 551
 0 552
 0 553
 0 554
 0 555
 0 556
 0 557
 0 558
 0 559
 0 560
 0 561
 0 562
 0 563
 0 564
 0 565
 0 566
 0 567
 0 568
 0 569
 0 570
 0 571
 0 572
 0 573
 0 574
 0 575
 0 576
 0 577
 0 578
 0 579
 0 580
 0 581
 0 582
 0 583
 0 584
 0 585
 0 586
 0 587
 0 588
 0 589
 0 590
 0 591
 0 592
 0 593
 0 594
 0 595
 0 596
 0 597
 0 598
 0 599
 0 600


