# Created by Octave 3.8.2, Mon Jun 22 14:23:31 2020 CEST <damian@fptrucha.inv.usc.es>
# name: hd
# type: matrix
# rows: 551
# columns: 2
 0 50
 0 51
 0 52
 0 53
 0 54
 0 55
 0 56
 0 57
 0 58
 0 59
 0 60
 0 61
 0 62
 0 63
 0 64
 0 65
 0 66
 0 67
 0 68
 0 69
 0 70
 0 71
 0 72
 0 73
 0 74
 0 75
 0 76
 0 77
 0 78
 0 79
 0 80
 0 81
 0 82
 0 83
 0 84
 0 85
 0 86
 0 87
 2 88
 9 89
 26 90
 113 91
 202 92
 324 93
 416 94
 567 95
 843 96
 1237 97
 1458 98
 1637 99
 1768 100
 1796 101
 1903 102
 1724 103
 1689 104
 1640 105
 1501 106
 1423 107
 1278 108
 1208 109
 1165 110
 1034 111
 931 112
 796 113
 719 114
 694 115
 585 116
 515 117
 493 118
 377 119
 405 120
 345 121
 269 122
 268 123
 221 124
 212 125
 236 126
 186 127
 155 128
 148 129
 154 130
 153 131
 130 132
 126 133
 112 134
 94 135
 105 136
 88 137
 80 138
 91 139
 81 140
 62 141
 60 142
 53 143
 45 144
 48 145
 69 146
 49 147
 49 148
 54 149
 44 150
 33 151
 36 152
 33 153
 36 154
 29 155
 29 156
 28 157
 21 158
 32 159
 18 160
 16 161
 22 162
 17 163
 23 164
 16 165
 8 166
 16 167
 8 168
 11 169
 13 170
 15 171
 9 172
 9 173
 10 174
 9 175
 10 176
 8 177
 14 178
 4 179
 4 180
 4 181
 5 182
 6 183
 3 184
 8 185
 0 186
 2 187
 2 188
 5 189
 3 190
 3 191
 2 192
 2 193
 3 194
 1 195
 1 196
 3 197
 2 198
 1 199
 2 200
 3 201
 4 202
 0 203
 2 204
 0 205
 0 206
 2 207
 1 208
 0 209
 3 210
 0 211
 0 212
 0 213
 0 214
 0 215
 0 216
 0 217
 0 218
 0 219
 0 220
 0 221
 1 222
 0 223
 1 224
 0 225
 0 226
 0 227
 0 228
 0 229
 0 230
 1 231
 0 232
 0 233
 0 234
 0 235
 0 236
 0 237
 0 238
 0 239
 0 240
 0 241
 0 242
 2 243
 0 244
 0 245
 0 246
 0 247
 0 248
 0 249
 0 250
 0 251
 0 252
 0 253
 0 254
 0 255
 0 256
 0 257
 0 258
 0 259
 0 260
 0 261
 0 262
 0 263
 0 264
 0 265
 0 266
 0 267
 0 268
 0 269
 0 270
 0 271
 0 272
 0 273
 0 274
 0 275
 0 276
 0 277
 0 278
 0 279
 0 280
 0 281
 1 282
 0 283
 0 284
 0 285
 0 286
 0 287
 0 288
 0 289
 0 290
 0 291
 2 292
 1 293
 0 294
 0 295
 2 296
 0 297
 1 298
 3 299
 0 300
 5 301
 3 302
 2 303
 2 304
 2 305
 0 306
 0 307
 0 308
 1 309
 1 310
 3 311
 3 312
 2 313
 7 314
 3 315
 4 316
 1 317
 2 318
 2 319
 1 320
 1 321
 0 322
 3 323
 2 324
 5 325
 0 326
 2 327
 3 328
 4 329
 1 330
 3 331
 3 332
 1 333
 4 334
 1 335
 2 336
 3 337
 2 338
 1 339
 1 340
 3 341
 2 342
 0 343
 1 344
 2 345
 1 346
 3 347
 1 348
 5 349
 2 350
 0 351
 1 352
 2 353
 2 354
 4 355
 1 356
 1 357
 0 358
 0 359
 0 360
 1 361
 2 362
 2 363
 1 364
 0 365
 3 366
 0 367
 1 368
 0 369
 3 370
 1 371
 2 372
 2 373
 0 374
 3 375
 1 376
 2 377
 1 378
 0 379
 0 380
 0 381
 0 382
 0 383
 0 384
 0 385
 0 386
 0 387
 1 388
 0 389
 0 390
 0 391
 0 392
 1 393
 0 394
 0 395
 0 396
 0 397
 0 398
 0 399
 0 400
 0 401
 0 402
 1 403
 0 404
 0 405
 0 406
 0 407
 0 408
 0 409
 0 410
 0 411
 1 412
 0 413
 0 414
 0 415
 0 416
 0 417
 0 418
 0 419
 0 420
 0 421
 1 422
 1 423
 0 424
 0 425
 0 426
 0 427
 0 428
 0 429
 0 430
 0 431
 0 432
 0 433
 0 434
 0 435
 0 436
 0 437
 0 438
 0 439
 0 440
 0 441
 0 442
 0 443
 0 444
 0 445
 0 446
 0 447
 0 448
 0 449
 0 450
 0 451
 0 452
 0 453
 0 454
 0 455
 0 456
 0 457
 0 458
 0 459
 0 460
 0 461
 0 462
 0 463
 0 464
 0 465
 0 466
 0 467
 0 468
 0 469
 0 470
 0 471
 0 472
 0 473
 0 474
 0 475
 0 476
 0 477
 0 478
 0 479
 0 480
 0 481
 0 482
 0 483
 0 484
 0 485
 0 486
 0 487
 0 488
 0 489
 0 490
 0 491
 0 492
 0 493
 0 494
 0 495
 0 496
 0 497
 0 498
 0 499
 0 500
 0 501
 0 502
 0 503
 0 504
 0 505
 0 506
 0 507
 0 508
 0 509
 0 510
 0 511
 0 512
 0 513
 0 514
 0 515
 0 516
 0 517
 0 518
 0 519
 0 520
 0 521
 0 522
 0 523
 0 524
 0 525
 0 526
 0 527
 0 528
 0 529
 0 530
 0 531
 0 532
 0 533
 0 534
 0 535
 0 536
 0 537
 0 538
 0 539
 0 540
 0 541
 0 542
 0 543
 0 544
 0 545
 0 546
 0 547
 0 548
 0 549
 0 550
 0 551
 0 552
 0 553
 0 554
 0 555
 0 556
 0 557
 0 558
 0 559
 0 560
 0 561
 0 562
 0 563
 0 564
 0 565
 0 566
 0 567
 0 568
 0 569
 0 570
 0 571
 0 572
 0 573
 0 574
 0 575
 0 576
 0 577
 0 578
 0 579
 0 580
 0 581
 0 582
 0 583
 0 584
 0 585
 0 586
 0 587
 0 588
 0 589
 0 590
 0 591
 0 592
 0 593
 0 594
 0 595
 0 596
 0 597
 0 598
 0 599
 0 600


