# Created by Octave 3.8.2, Mon Jun 22 20:48:46 2020 CEST <damian@fptrucha.inv.usc.es>
# name: hd
# type: matrix
# rows: 551
# columns: 2
 0 50
 0 51
 0 52
 0 53
 0 54
 0 55
 0 56
 0 57
 0 58
 0 59
 0 60
 0 61
 0 62
 0 63
 0 64
 0 65
 0 66
 0 67
 0 68
 0 69
 0 70
 0 71
 0 72
 0 73
 0 74
 0 75
 0 76
 0 77
 0 78
 0 79
 0 80
 0 81
 0 82
 0 83
 0 84
 0 85
 0 86
 0 87
 0 88
 13 89
 46 90
 115 91
 195 92
 345 93
 422 94
 554 95
 853 96
 1205 97
 1486 98
 1621 99
 1781 100
 1775 101
 1831 102
 1839 103
 1768 104
 1773 105
 1589 106
 1531 107
 1419 108
 1326 109
 1220 110
 1053 111
 995 112
 898 113
 864 114
 767 115
 723 116
 585 117
 528 118
 464 119
 446 120
 408 121
 355 122
 322 123
 268 124
 270 125
 255 126
 222 127
 185 128
 179 129
 196 130
 137 131
 149 132
 119 133
 118 134
 107 135
 120 136
 93 137
 95 138
 82 139
 71 140
 78 141
 59 142
 69 143
 70 144
 61 145
 44 146
 45 147
 44 148
 51 149
 50 150
 50 151
 41 152
 38 153
 39 154
 31 155
 36 156
 35 157
 33 158
 34 159
 28 160
 28 161
 15 162
 23 163
 22 164
 23 165
 13 166
 19 167
 11 168
 13 169
 13 170
 9 171
 12 172
 9 173
 8 174
 10 175
 8 176
 6 177
 8 178
 6 179
 8 180
 6 181
 10 182
 4 183
 4 184
 5 185
 2 186
 2 187
 3 188
 2 189
 2 190
 2 191
 3 192
 0 193
 3 194
 3 195
 1 196
 0 197
 1 198
 3 199
 0 200
 1 201
 1 202
 2 203
 1 204
 1 205
 0 206
 1 207
 0 208
 1 209
 0 210
 1 211
 0 212
 0 213
 1 214
 2 215
 0 216
 0 217
 2 218
 0 219
 0 220
 0 221
 0 222
 1 223
 0 224
 0 225
 0 226
 0 227
 0 228
 0 229
 0 230
 0 231
 0 232
 0 233
 0 234
 0 235
 0 236
 0 237
 0 238
 0 239
 0 240
 0 241
 0 242
 0 243
 0 244
 0 245
 1 246
 0 247
 1 248
 0 249
 0 250
 0 251
 0 252
 0 253
 0 254
 0 255
 0 256
 0 257
 0 258
 0 259
 0 260
 0 261
 0 262
 0 263
 0 264
 0 265
 0 266
 0 267
 0 268
 0 269
 0 270
 0 271
 0 272
 0 273
 0 274
 0 275
 0 276
 0 277
 0 278
 0 279
 1 280
 1 281
 0 282
 0 283
 3 284
 0 285
 0 286
 0 287
 0 288
 0 289
 0 290
 1 291
 1 292
 2 293
 1 294
 1 295
 0 296
 0 297
 0 298
 2 299
 0 300
 0 301
 4 302
 0 303
 0 304
 1 305
 1 306
 2 307
 0 308
 1 309
 0 310
 1 311
 1 312
 0 313
 2 314
 1 315
 0 316
 0 317
 0 318
 2 319
 1 320
 3 321
 0 322
 1 323
 2 324
 1 325
 5 326
 4 327
 3 328
 4 329
 6 330
 1 331
 4 332
 3 333
 2 334
 5 335
 3 336
 0 337
 2 338
 3 339
 1 340
 2 341
 1 342
 2 343
 0 344
 0 345
 2 346
 3 347
 0 348
 0 349
 1 350
 1 351
 3 352
 6 353
 1 354
 2 355
 2 356
 0 357
 0 358
 1 359
 2 360
 1 361
 0 362
 2 363
 1 364
 0 365
 1 366
 1 367
 1 368
 0 369
 0 370
 0 371
 3 372
 0 373
 1 374
 0 375
 0 376
 1 377
 1 378
 1 379
 0 380
 0 381
 0 382
 0 383
 1 384
 0 385
 0 386
 1 387
 1 388
 0 389
 1 390
 0 391
 1 392
 0 393
 2 394
 0 395
 0 396
 0 397
 0 398
 0 399
 0 400
 0 401
 0 402
 0 403
 0 404
 0 405
 0 406
 0 407
 0 408
 0 409
 0 410
 1 411
 0 412
 0 413
 0 414
 0 415
 0 416
 0 417
 0 418
 0 419
 0 420
 0 421
 0 422
 0 423
 0 424
 0 425
 0 426
 0 427
 0 428
 0 429
 0 430
 0 431
 0 432
 0 433
 0 434
 0 435
 0 436
 0 437
 0 438
 0 439
 0 440
 0 441
 0 442
 0 443
 0 444
 0 445
 0 446
 0 447
 0 448
 0 449
 0 450
 0 451
 0 452
 0 453
 0 454
 0 455
 0 456
 0 457
 0 458
 0 459
 0 460
 0 461
 0 462
 0 463
 0 464
 0 465
 0 466
 0 467
 0 468
 0 469
 0 470
 0 471
 0 472
 0 473
 0 474
 0 475
 0 476
 0 477
 0 478
 0 479
 0 480
 0 481
 0 482
 0 483
 0 484
 0 485
 0 486
 0 487
 0 488
 0 489
 0 490
 0 491
 0 492
 0 493
 0 494
 0 495
 0 496
 0 497
 0 498
 0 499
 0 500
 0 501
 0 502
 0 503
 0 504
 0 505
 0 506
 0 507
 0 508
 0 509
 0 510
 0 511
 0 512
 0 513
 0 514
 0 515
 0 516
 0 517
 0 518
 0 519
 0 520
 0 521
 0 522
 0 523
 0 524
 0 525
 0 526
 0 527
 0 528
 0 529
 0 530
 0 531
 0 532
 0 533
 0 534
 0 535
 0 536
 0 537
 0 538
 0 539
 0 540
 0 541
 0 542
 0 543
 0 544
 0 545
 0 546
 0 547
 0 548
 0 549
 0 550
 0 551
 0 552
 0 553
 0 554
 0 555
 0 556
 0 557
 0 558
 0 559
 0 560
 0 561
 0 562
 0 563
 0 564
 0 565
 0 566
 0 567
 0 568
 0 569
 0 570
 0 571
 0 572
 0 573
 0 574
 0 575
 0 576
 0 577
 0 578
 0 579
 0 580
 0 581
 0 582
 0 583
 0 584
 0 585
 0 586
 0 587
 0 588
 0 589
 0 590
 0 591
 0 592
 0 593
 0 594
 0 595
 0 596
 0 597
 0 598
 0 599
 0 600


