# Created by Octave 3.8.2, Mon Jun 22 11:00:41 2020 CEST <damian@fptrucha.inv.usc.es>
# name: hd
# type: matrix
# rows: 551
# columns: 2
 0 50
 0 51
 0 52
 0 53
 0 54
 0 55
 0 56
 0 57
 0 58
 0 59
 0 60
 0 61
 0 62
 0 63
 0 64
 0 65
 0 66
 0 67
 0 68
 0 69
 0 70
 0 71
 0 72
 0 73
 0 74
 0 75
 0 76
 0 77
 0 78
 0 79
 0 80
 0 81
 0 82
 0 83
 0 84
 0 85
 0 86
 1 87
 2 88
 12 89
 46 90
 115 91
 165 92
 283 93
 375 94
 597 95
 835 96
 1199 97
 1446 98
 1589 99
 1803 100
 1823 101
 1826 102
 1705 103
 1721 104
 1677 105
 1481 106
 1449 107
 1298 108
 1211 109
 1145 110
 1033 111
 891 112
 828 113
 732 114
 664 115
 564 116
 553 117
 462 118
 436 119
 391 120
 334 121
 290 122
 268 123
 271 124
 213 125
 224 126
 205 127
 193 128
 177 129
 164 130
 155 131
 153 132
 134 133
 113 134
 114 135
 91 136
 97 137
 84 138
 100 139
 67 140
 61 141
 59 142
 57 143
 71 144
 71 145
 54 146
 46 147
 41 148
 51 149
 51 150
 47 151
 32 152
 28 153
 34 154
 36 155
 33 156
 21 157
 20 158
 32 159
 29 160
 22 161
 15 162
 22 163
 22 164
 11 165
 21 166
 21 167
 23 168
 10 169
 15 170
 9 171
 18 172
 11 173
 8 174
 9 175
 8 176
 5 177
 4 178
 6 179
 7 180
 5 181
 5 182
 6 183
 7 184
 2 185
 1 186
 4 187
 2 188
 4 189
 1 190
 3 191
 1 192
 4 193
 1 194
 2 195
 1 196
 1 197
 4 198
 1 199
 2 200
 1 201
 0 202
 2 203
 0 204
 2 205
 1 206
 0 207
 2 208
 0 209
 0 210
 0 211
 1 212
 0 213
 0 214
 1 215
 1 216
 1 217
 0 218
 0 219
 0 220
 0 221
 0 222
 0 223
 0 224
 0 225
 0 226
 1 227
 0 228
 0 229
 0 230
 0 231
 0 232
 0 233
 0 234
 0 235
 0 236
 0 237
 0 238
 0 239
 0 240
 0 241
 0 242
 0 243
 0 244
 0 245
 0 246
 0 247
 0 248
 0 249
 0 250
 0 251
 0 252
 0 253
 0 254
 0 255
 0 256
 0 257
 0 258
 0 259
 0 260
 0 261
 0 262
 0 263
 0 264
 0 265
 0 266
 0 267
 0 268
 0 269
 0 270
 0 271
 0 272
 0 273
 0 274
 0 275
 0 276
 0 277
 0 278
 0 279
 0 280
 0 281
 0 282
 0 283
 1 284
 0 285
 1 286
 0 287
 1 288
 1 289
 2 290
 2 291
 2 292
 1 293
 0 294
 1 295
 1 296
 0 297
 4 298
 3 299
 0 300
 1 301
 1 302
 4 303
 3 304
 1 305
 2 306
 1 307
 1 308
 6 309
 1 310
 3 311
 3 312
 5 313
 1 314
 1 315
 7 316
 2 317
 1 318
 5 319
 1 320
 4 321
 0 322
 0 323
 1 324
 1 325
 1 326
 2 327
 1 328
 2 329
 3 330
 2 331
 3 332
 2 333
 1 334
 1 335
 1 336
 1 337
 3 338
 1 339
 3 340
 1 341
 3 342
 2 343
 4 344
 3 345
 1 346
 4 347
 1 348
 1 349
 4 350
 2 351
 2 352
 3 353
 1 354
 2 355
 2 356
 0 357
 3 358
 1 359
 1 360
 0 361
 2 362
 3 363
 0 364
 0 365
 1 366
 2 367
 1 368
 1 369
 1 370
 2 371
 0 372
 0 373
 0 374
 1 375
 1 376
 1 377
 0 378
 0 379
 1 380
 0 381
 0 382
 0 383
 3 384
 0 385
 0 386
 0 387
 0 388
 0 389
 0 390
 0 391
 0 392
 0 393
 0 394
 1 395
 0 396
 0 397
 0 398
 0 399
 0 400
 0 401
 0 402
 0 403
 0 404
 1 405
 0 406
 0 407
 0 408
 0 409
 0 410
 0 411
 0 412
 0 413
 0 414
 0 415
 0 416
 0 417
 0 418
 0 419
 0 420
 0 421
 0 422
 0 423
 0 424
 0 425
 0 426
 0 427
 0 428
 0 429
 0 430
 0 431
 0 432
 0 433
 0 434
 0 435
 0 436
 0 437
 0 438
 0 439
 0 440
 0 441
 0 442
 0 443
 0 444
 0 445
 0 446
 0 447
 0 448
 0 449
 0 450
 0 451
 0 452
 0 453
 0 454
 0 455
 0 456
 0 457
 0 458
 0 459
 0 460
 0 461
 0 462
 0 463
 0 464
 0 465
 0 466
 0 467
 0 468
 0 469
 0 470
 0 471
 0 472
 0 473
 0 474
 0 475
 0 476
 0 477
 0 478
 0 479
 0 480
 0 481
 0 482
 0 483
 0 484
 0 485
 0 486
 0 487
 0 488
 0 489
 0 490
 0 491
 0 492
 0 493
 0 494
 0 495
 0 496
 0 497
 0 498
 0 499
 0 500
 0 501
 0 502
 0 503
 0 504
 0 505
 0 506
 0 507
 0 508
 0 509
 0 510
 0 511
 0 512
 0 513
 0 514
 0 515
 0 516
 0 517
 0 518
 0 519
 0 520
 0 521
 0 522
 0 523
 0 524
 0 525
 0 526
 0 527
 0 528
 0 529
 0 530
 0 531
 0 532
 0 533
 0 534
 0 535
 0 536
 0 537
 0 538
 0 539
 0 540
 0 541
 0 542
 0 543
 0 544
 0 545
 0 546
 0 547
 0 548
 0 549
 0 550
 0 551
 0 552
 0 553
 0 554
 0 555
 0 556
 0 557
 0 558
 0 559
 0 560
 0 561
 0 562
 0 563
 0 564
 0 565
 0 566
 0 567
 0 568
 0 569
 0 570
 0 571
 0 572
 0 573
 0 574
 0 575
 0 576
 0 577
 0 578
 0 579
 0 580
 0 581
 0 582
 0 583
 0 584
 0 585
 0 586
 0 587
 0 588
 0 589
 0 590
 0 591
 0 592
 0 593
 0 594
 0 595
 0 596
 0 597
 0 598
 0 599
 0 600


