# Created by Octave 3.8.2, Mon Jun 22 10:13:22 2020 CEST <damian@fptrucha.inv.usc.es>
# name: hd
# type: matrix
# rows: 551
# columns: 2
 0 50
 0 51
 0 52
 0 53
 0 54
 0 55
 0 56
 0 57
 0 58
 0 59
 0 60
 0 61
 0 62
 0 63
 0 64
 0 65
 0 66
 0 67
 0 68
 0 69
 0 70
 0 71
 0 72
 0 73
 0 74
 0 75
 0 76
 0 77
 0 78
 0 79
 0 80
 0 81
 0 82
 0 83
 0 84
 0 85
 0 86
 0 87
 4 88
 11 89
 26 90
 106 91
 156 92
 249 93
 361 94
 533 95
 722 96
 1064 97
 1401 98
 1511 99
 1624 100
 1734 101
 1745 102
 1682 103
 1659 104
 1669 105
 1560 106
 1459 107
 1348 108
 1301 109
 1161 110
 987 111
 1044 112
 866 113
 788 114
 724 115
 630 116
 584 117
 514 118
 486 119
 452 120
 405 121
 333 122
 287 123
 238 124
 246 125
 234 126
 228 127
 188 128
 180 129
 160 130
 145 131
 132 132
 141 133
 129 134
 112 135
 98 136
 91 137
 83 138
 92 139
 75 140
 67 141
 62 142
 74 143
 54 144
 65 145
 45 146
 56 147
 47 148
 27 149
 53 150
 44 151
 42 152
 38 153
 47 154
 37 155
 37 156
 23 157
 32 158
 29 159
 28 160
 36 161
 22 162
 16 163
 14 164
 14 165
 14 166
 15 167
 17 168
 10 169
 6 170
 12 171
 10 172
 15 173
 10 174
 8 175
 13 176
 7 177
 9 178
 5 179
 6 180
 5 181
 9 182
 3 183
 1 184
 4 185
 6 186
 7 187
 6 188
 4 189
 7 190
 4 191
 2 192
 2 193
 4 194
 0 195
 0 196
 2 197
 2 198
 1 199
 1 200
 0 201
 2 202
 1 203
 2 204
 3 205
 2 206
 0 207
 0 208
 1 209
 2 210
 0 211
 1 212
 1 213
 1 214
 0 215
 0 216
 0 217
 1 218
 0 219
 0 220
 0 221
 0 222
 0 223
 1 224
 0 225
 0 226
 1 227
 0 228
 0 229
 0 230
 0 231
 0 232
 1 233
 0 234
 0 235
 0 236
 1 237
 0 238
 0 239
 0 240
 0 241
 0 242
 0 243
 0 244
 1 245
 0 246
 0 247
 0 248
 0 249
 0 250
 0 251
 0 252
 1 253
 0 254
 0 255
 0 256
 0 257
 0 258
 0 259
 0 260
 0 261
 0 262
 0 263
 0 264
 0 265
 0 266
 0 267
 0 268
 0 269
 0 270
 0 271
 0 272
 0 273
 0 274
 0 275
 0 276
 0 277
 0 278
 0 279
 0 280
 0 281
 0 282
 0 283
 0 284
 0 285
 1 286
 0 287
 2 288
 0 289
 0 290
 1 291
 1 292
 0 293
 2 294
 2 295
 1 296
 0 297
 1 298
 1 299
 1 300
 0 301
 4 302
 3 303
 0 304
 1 305
 0 306
 1 307
 1 308
 1 309
 2 310
 1 311
 3 312
 3 313
 1 314
 3 315
 1 316
 1 317
 2 318
 2 319
 3 320
 0 321
 4 322
 1 323
 4 324
 4 325
 2 326
 3 327
 4 328
 2 329
 0 330
 1 331
 3 332
 1 333
 4 334
 2 335
 1 336
 1 337
 5 338
 3 339
 1 340
 1 341
 2 342
 4 343
 2 344
 0 345
 4 346
 1 347
 2 348
 1 349
 2 350
 0 351
 1 352
 3 353
 2 354
 0 355
 1 356
 4 357
 0 358
 1 359
 0 360
 1 361
 2 362
 2 363
 2 364
 0 365
 1 366
 0 367
 0 368
 0 369
 1 370
 0 371
 1 372
 2 373
 0 374
 0 375
 1 376
 2 377
 0 378
 1 379
 0 380
 1 381
 0 382
 0 383
 0 384
 1 385
 2 386
 0 387
 0 388
 0 389
 0 390
 0 391
 0 392
 2 393
 0 394
 0 395
 0 396
 0 397
 1 398
 0 399
 0 400
 0 401
 0 402
 1 403
 0 404
 0 405
 0 406
 0 407
 0 408
 0 409
 0 410
 0 411
 1 412
 0 413
 0 414
 0 415
 0 416
 0 417
 0 418
 0 419
 0 420
 0 421
 0 422
 0 423
 0 424
 0 425
 0 426
 0 427
 0 428
 0 429
 0 430
 0 431
 0 432
 0 433
 0 434
 0 435
 0 436
 0 437
 0 438
 0 439
 0 440
 0 441
 0 442
 0 443
 0 444
 0 445
 0 446
 0 447
 0 448
 0 449
 0 450
 0 451
 0 452
 0 453
 0 454
 0 455
 0 456
 0 457
 0 458
 0 459
 0 460
 0 461
 0 462
 0 463
 0 464
 0 465
 0 466
 0 467
 0 468
 0 469
 0 470
 0 471
 0 472
 0 473
 0 474
 0 475
 0 476
 0 477
 0 478
 0 479
 0 480
 0 481
 0 482
 0 483
 0 484
 0 485
 0 486
 0 487
 0 488
 0 489
 0 490
 0 491
 0 492
 0 493
 0 494
 0 495
 0 496
 0 497
 0 498
 0 499
 0 500
 0 501
 0 502
 0 503
 0 504
 0 505
 0 506
 0 507
 0 508
 0 509
 0 510
 0 511
 0 512
 0 513
 0 514
 0 515
 0 516
 0 517
 0 518
 0 519
 0 520
 0 521
 0 522
 0 523
 0 524
 0 525
 0 526
 0 527
 0 528
 0 529
 0 530
 0 531
 0 532
 0 533
 0 534
 0 535
 0 536
 0 537
 0 538
 0 539
 0 540
 0 541
 0 542
 0 543
 0 544
 0 545
 0 546
 0 547
 0 548
 0 549
 0 550
 0 551
 0 552
 0 553
 0 554
 0 555
 0 556
 0 557
 0 558
 0 559
 0 560
 0 561
 0 562
 0 563
 0 564
 0 565
 0 566
 0 567
 0 568
 0 569
 0 570
 0 571
 0 572
 0 573
 0 574
 0 575
 0 576
 0 577
 0 578
 0 579
 0 580
 0 581
 0 582
 0 583
 0 584
 0 585
 0 586
 0 587
 0 588
 0 589
 0 590
 0 591
 0 592
 0 593
 0 594
 0 595
 0 596
 0 597
 0 598
 0 599
 0 600


