# Created by Octave 3.8.2, Sat Jun 20 20:29:01 2020 CEST <damian@fptrucha.inv.usc.es>
# name: hd
# type: matrix
# rows: 551
# columns: 2
 0 50
 0 51
 0 52
 0 53
 0 54
 0 55
 0 56
 0 57
 0 58
 0 59
 0 60
 0 61
 0 62
 0 63
 0 64
 0 65
 0 66
 0 67
 0 68
 0 69
 0 70
 0 71
 0 72
 0 73
 0 74
 0 75
 0 76
 0 77
 0 78
 0 79
 0 80
 0 81
 0 82
 0 83
 0 84
 0 85
 0 86
 0 87
 7 88
 25 89
 75 90
 123 91
 205 92
 270 93
 390 94
 553 95
 836 96
 1118 97
 1334 98
 1412 99
 1558 100
 1559 101
 1598 102
 1636 103
 1525 104
 1532 105
 1475 106
 1432 107
 1348 108
 1302 109
 1154 110
 1049 111
 1042 112
 923 113
 862 114
 789 115
 696 116
 651 117
 538 118
 518 119
 457 120
 412 121
 372 122
 368 123
 324 124
 274 125
 290 126
 227 127
 233 128
 207 129
 179 130
 168 131
 160 132
 138 133
 140 134
 102 135
 110 136
 94 137
 102 138
 79 139
 80 140
 69 141
 60 142
 58 143
 58 144
 68 145
 45 146
 43 147
 53 148
 36 149
 39 150
 38 151
 25 152
 30 153
 36 154
 37 155
 38 156
 31 157
 30 158
 27 159
 18 160
 14 161
 20 162
 18 163
 13 164
 20 165
 16 166
 14 167
 10 168
 10 169
 8 170
 7 171
 13 172
 9 173
 8 174
 8 175
 4 176
 6 177
 8 178
 5 179
 4 180
 7 181
 9 182
 9 183
 4 184
 3 185
 3 186
 1 187
 3 188
 1 189
 4 190
 1 191
 3 192
 2 193
 1 194
 2 195
 1 196
 2 197
 1 198
 2 199
 0 200
 0 201
 0 202
 0 203
 1 204
 0 205
 3 206
 0 207
 0 208
 0 209
 2 210
 1 211
 1 212
 1 213
 0 214
 0 215
 0 216
 0 217
 0 218
 0 219
 0 220
 0 221
 1 222
 0 223
 0 224
 0 225
 0 226
 0 227
 1 228
 0 229
 0 230
 0 231
 0 232
 0 233
 1 234
 0 235
 0 236
 0 237
 0 238
 0 239
 0 240
 1 241
 0 242
 0 243
 0 244
 0 245
 0 246
 0 247
 0 248
 0 249
 0 250
 0 251
 0 252
 0 253
 1 254
 0 255
 0 256
 0 257
 0 258
 0 259
 0 260
 0 261
 0 262
 0 263
 0 264
 0 265
 0 266
 0 267
 0 268
 0 269
 0 270
 0 271
 0 272
 0 273
 0 274
 0 275
 1 276
 0 277
 0 278
 0 279
 0 280
 0 281
 0 282
 0 283
 0 284
 0 285
 0 286
 0 287
 0 288
 0 289
 1 290
 1 291
 0 292
 1 293
 0 294
 1 295
 0 296
 1 297
 2 298
 1 299
 0 300
 0 301
 1 302
 0 303
 1 304
 2 305
 0 306
 0 307
 1 308
 1 309
 2 310
 0 311
 1 312
 2 313
 2 314
 2 315
 2 316
 0 317
 0 318
 4 319
 2 320
 0 321
 2 322
 0 323
 2 324
 0 325
 2 326
 3 327
 3 328
 2 329
 0 330
 2 331
 3 332
 3 333
 2 334
 0 335
 0 336
 1 337
 3 338
 2 339
 1 340
 2 341
 0 342
 1 343
 4 344
 2 345
 3 346
 0 347
 0 348
 3 349
 2 350
 2 351
 0 352
 3 353
 0 354
 3 355
 3 356
 0 357
 0 358
 0 359
 1 360
 2 361
 2 362
 0 363
 0 364
 2 365
 1 366
 1 367
 2 368
 1 369
 0 370
 0 371
 0 372
 0 373
 2 374
 1 375
 1 376
 0 377
 0 378
 0 379
 2 380
 0 381
 0 382
 0 383
 0 384
 0 385
 0 386
 2 387
 0 388
 0 389
 0 390
 0 391
 0 392
 0 393
 1 394
 0 395
 0 396
 0 397
 0 398
 0 399
 0 400
 0 401
 0 402
 0 403
 1 404
 1 405
 0 406
 0 407
 0 408
 0 409
 0 410
 0 411
 1 412
 0 413
 0 414
 0 415
 0 416
 0 417
 0 418
 0 419
 0 420
 0 421
 0 422
 1 423
 0 424
 0 425
 0 426
 0 427
 1 428
 0 429
 0 430
 0 431
 0 432
 0 433
 0 434
 0 435
 0 436
 0 437
 0 438
 0 439
 0 440
 0 441
 0 442
 0 443
 0 444
 0 445
 0 446
 0 447
 0 448
 0 449
 0 450
 0 451
 0 452
 0 453
 0 454
 0 455
 0 456
 0 457
 0 458
 0 459
 0 460
 0 461
 0 462
 0 463
 0 464
 0 465
 0 466
 0 467
 0 468
 0 469
 0 470
 0 471
 0 472
 0 473
 0 474
 0 475
 0 476
 0 477
 0 478
 0 479
 0 480
 0 481
 0 482
 0 483
 0 484
 0 485
 0 486
 0 487
 0 488
 0 489
 0 490
 0 491
 0 492
 0 493
 0 494
 0 495
 0 496
 0 497
 0 498
 0 499
 0 500
 0 501
 0 502
 0 503
 0 504
 0 505
 0 506
 0 507
 0 508
 0 509
 0 510
 0 511
 0 512
 0 513
 0 514
 0 515
 0 516
 0 517
 0 518
 0 519
 0 520
 0 521
 0 522
 0 523
 0 524
 0 525
 0 526
 0 527
 0 528
 0 529
 0 530
 0 531
 0 532
 0 533
 0 534
 0 535
 0 536
 0 537
 0 538
 0 539
 0 540
 0 541
 0 542
 0 543
 0 544
 0 545
 0 546
 0 547
 0 548
 0 549
 0 550
 0 551
 0 552
 0 553
 0 554
 0 555
 0 556
 0 557
 0 558
 0 559
 0 560
 0 561
 0 562
 0 563
 0 564
 0 565
 0 566
 0 567
 0 568
 0 569
 0 570
 0 571
 0 572
 0 573
 0 574
 0 575
 0 576
 0 577
 0 578
 0 579
 0 580
 0 581
 0 582
 0 583
 0 584
 0 585
 0 586
 0 587
 0 588
 0 589
 0 590
 0 591
 0 592
 0 593
 0 594
 0 595
 0 596
 0 597
 0 598
 0 599
 0 600


