# Created by Octave 3.8.2, Sat Jun 20 08:20:45 2020 CEST <damian@fptrucha.inv.usc.es>
# name: hd
# type: matrix
# rows: 551
# columns: 2
 0 50
 0 51
 0 52
 0 53
 0 54
 0 55
 0 56
 0 57
 0 58
 0 59
 0 60
 0 61
 0 62
 0 63
 0 64
 0 65
 0 66
 0 67
 0 68
 0 69
 0 70
 0 71
 0 72
 0 73
 0 74
 0 75
 0 76
 0 77
 0 78
 0 79
 0 80
 0 81
 0 82
 0 83
 0 84
 0 85
 0 86
 2 87
 6 88
 24 89
 91 90
 140 91
 275 92
 351 93
 471 94
 654 95
 1049 96
 1406 97
 1667 98
 1753 99
 1887 100
 1928 101
 2025 102
 1896 103
 1907 104
 1797 105
 1784 106
 1599 107
 1551 108
 1495 109
 1316 110
 1155 111
 1173 112
 1049 113
 940 114
 848 115
 742 116
 637 117
 609 118
 496 119
 538 120
 428 121
 397 122
 358 123
 333 124
 260 125
 289 126
 227 127
 211 128
 190 129
 201 130
 147 131
 146 132
 145 133
 129 134
 137 135
 98 136
 100 137
 102 138
 100 139
 83 140
 80 141
 79 142
 63 143
 67 144
 50 145
 59 146
 42 147
 57 148
 48 149
 40 150
 42 151
 44 152
 37 153
 42 154
 26 155
 29 156
 30 157
 26 158
 27 159
 27 160
 28 161
 27 162
 15 163
 25 164
 15 165
 14 166
 10 167
 12 168
 20 169
 16 170
 11 171
 6 172
 3 173
 10 174
 8 175
 7 176
 9 177
 8 178
 3 179
 7 180
 6 181
 6 182
 2 183
 4 184
 3 185
 2 186
 2 187
 2 188
 2 189
 2 190
 3 191
 1 192
 2 193
 3 194
 2 195
 0 196
 2 197
 1 198
 0 199
 1 200
 2 201
 0 202
 2 203
 2 204
 0 205
 1 206
 0 207
 4 208
 0 209
 0 210
 1 211
 0 212
 0 213
 0 214
 0 215
 1 216
 0 217
 1 218
 0 219
 0 220
 0 221
 0 222
 0 223
 1 224
 1 225
 0 226
 0 227
 0 228
 0 229
 0 230
 0 231
 0 232
 1 233
 0 234
 0 235
 0 236
 0 237
 0 238
 0 239
 0 240
 0 241
 0 242
 1 243
 0 244
 0 245
 0 246
 0 247
 0 248
 0 249
 0 250
 0 251
 0 252
 0 253
 0 254
 0 255
 0 256
 0 257
 0 258
 0 259
 0 260
 0 261
 0 262
 0 263
 0 264
 0 265
 0 266
 0 267
 0 268
 0 269
 0 270
 0 271
 0 272
 0 273
 0 274
 0 275
 0 276
 0 277
 0 278
 0 279
 0 280
 0 281
 0 282
 0 283
 0 284
 1 285
 0 286
 1 287
 0 288
 0 289
 0 290
 0 291
 0 292
 1 293
 1 294
 2 295
 1 296
 0 297
 0 298
 0 299
 1 300
 0 301
 2 302
 3 303
 1 304
 1 305
 1 306
 2 307
 1 308
 1 309
 0 310
 2 311
 0 312
 2 313
 1 314
 1 315
 1 316
 3 317
 2 318
 1 319
 1 320
 3 321
 1 322
 0 323
 2 324
 1 325
 2 326
 1 327
 1 328
 3 329
 2 330
 2 331
 3 332
 0 333
 2 334
 0 335
 0 336
 0 337
 1 338
 1 339
 3 340
 2 341
 2 342
 3 343
 0 344
 2 345
 1 346
 2 347
 1 348
 2 349
 2 350
 1 351
 1 352
 2 353
 0 354
 0 355
 2 356
 1 357
 1 358
 3 359
 2 360
 0 361
 1 362
 1 363
 0 364
 1 365
 1 366
 0 367
 1 368
 1 369
 1 370
 0 371
 0 372
 0 373
 1 374
 2 375
 0 376
 0 377
 0 378
 0 379
 2 380
 0 381
 1 382
 0 383
 0 384
 0 385
 0 386
 0 387
 0 388
 1 389
 0 390
 0 391
 0 392
 1 393
 2 394
 0 395
 0 396
 0 397
 0 398
 1 399
 0 400
 0 401
 1 402
 1 403
 0 404
 0 405
 0 406
 0 407
 1 408
 0 409
 0 410
 0 411
 0 412
 0 413
 0 414
 0 415
 0 416
 0 417
 0 418
 0 419
 0 420
 0 421
 0 422
 0 423
 0 424
 0 425
 0 426
 0 427
 0 428
 0 429
 0 430
 0 431
 0 432
 0 433
 0 434
 0 435
 0 436
 0 437
 0 438
 0 439
 0 440
 0 441
 0 442
 0 443
 0 444
 0 445
 0 446
 0 447
 0 448
 0 449
 0 450
 0 451
 0 452
 0 453
 0 454
 0 455
 0 456
 0 457
 0 458
 0 459
 0 460
 0 461
 0 462
 0 463
 0 464
 0 465
 0 466
 0 467
 0 468
 0 469
 0 470
 0 471
 0 472
 0 473
 0 474
 0 475
 0 476
 0 477
 0 478
 0 479
 0 480
 0 481
 0 482
 0 483
 0 484
 0 485
 0 486
 0 487
 0 488
 0 489
 0 490
 0 491
 0 492
 0 493
 0 494
 0 495
 0 496
 0 497
 0 498
 0 499
 0 500
 0 501
 0 502
 0 503
 0 504
 0 505
 0 506
 0 507
 0 508
 0 509
 0 510
 0 511
 0 512
 0 513
 0 514
 0 515
 0 516
 0 517
 0 518
 0 519
 0 520
 0 521
 0 522
 0 523
 0 524
 0 525
 0 526
 0 527
 0 528
 0 529
 0 530
 0 531
 0 532
 0 533
 0 534
 0 535
 0 536
 0 537
 0 538
 0 539
 0 540
 0 541
 0 542
 0 543
 0 544
 0 545
 0 546
 0 547
 0 548
 0 549
 0 550
 0 551
 0 552
 0 553
 0 554
 0 555
 0 556
 0 557
 0 558
 0 559
 0 560
 0 561
 0 562
 0 563
 0 564
 0 565
 0 566
 0 567
 0 568
 0 569
 0 570
 0 571
 0 572
 0 573
 0 574
 0 575
 0 576
 0 577
 0 578
 0 579
 0 580
 0 581
 0 582
 0 583
 0 584
 0 585
 0 586
 0 587
 0 588
 0 589
 0 590
 0 591
 0 592
 0 593
 0 594
 0 595
 0 596
 0 597
 0 598
 0 599
 0 600


