# Created by Octave 3.8.2, Mon Jun 22 07:17:19 2020 CEST <damian@fptrucha.inv.usc.es>
# name: hd
# type: matrix
# rows: 551
# columns: 2
 0 50
 0 51
 0 52
 0 53
 0 54
 0 55
 0 56
 0 57
 0 58
 0 59
 0 60
 0 61
 0 62
 0 63
 0 64
 0 65
 0 66
 0 67
 0 68
 0 69
 0 70
 0 71
 0 72
 0 73
 0 74
 0 75
 0 76
 0 77
 0 78
 0 79
 0 80
 0 81
 0 82
 0 83
 0 84
 0 85
 0 86
 0 87
 1 88
 8 89
 27 90
 83 91
 139 92
 255 93
 344 94
 496 95
 717 96
 1041 97
 1425 98
 1503 99
 1646 100
 1735 101
 1846 102
 1654 103
 1660 104
 1576 105
 1466 106
 1407 107
 1353 108
 1202 109
 1143 110
 971 111
 901 112
 824 113
 743 114
 626 115
 613 116
 499 117
 479 118
 436 119
 379 120
 346 121
 321 122
 272 123
 238 124
 220 125
 211 126
 191 127
 156 128
 186 129
 166 130
 135 131
 129 132
 119 133
 114 134
 125 135
 82 136
 106 137
 93 138
 78 139
 70 140
 78 141
 73 142
 73 143
 54 144
 47 145
 48 146
 42 147
 45 148
 37 149
 43 150
 34 151
 34 152
 35 153
 44 154
 27 155
 25 156
 30 157
 20 158
 36 159
 31 160
 22 161
 28 162
 22 163
 20 164
 16 165
 17 166
 18 167
 7 168
 13 169
 16 170
 11 171
 11 172
 9 173
 13 174
 11 175
 8 176
 8 177
 7 178
 9 179
 12 180
 6 181
 4 182
 7 183
 7 184
 10 185
 1 186
 7 187
 2 188
 3 189
 3 190
 2 191
 6 192
 3 193
 5 194
 1 195
 1 196
 2 197
 3 198
 2 199
 2 200
 2 201
 0 202
 2 203
 1 204
 3 205
 1 206
 0 207
 1 208
 1 209
 0 210
 1 211
 0 212
 0 213
 0 214
 0 215
 0 216
 0 217
 1 218
 0 219
 0 220
 0 221
 0 222
 0 223
 0 224
 0 225
 1 226
 0 227
 0 228
 0 229
 1 230
 0 231
 0 232
 0 233
 0 234
 0 235
 0 236
 0 237
 1 238
 0 239
 0 240
 0 241
 1 242
 0 243
 0 244
 0 245
 0 246
 0 247
 0 248
 0 249
 0 250
 0 251
 0 252
 0 253
 0 254
 0 255
 0 256
 0 257
 0 258
 0 259
 0 260
 0 261
 0 262
 0 263
 0 264
 0 265
 0 266
 0 267
 0 268
 0 269
 0 270
 0 271
 0 272
 0 273
 0 274
 0 275
 0 276
 0 277
 0 278
 0 279
 0 280
 0 281
 0 282
 0 283
 0 284
 0 285
 0 286
 1 287
 0 288
 1 289
 2 290
 2 291
 1 292
 1 293
 1 294
 0 295
 1 296
 0 297
 2 298
 4 299
 4 300
 0 301
 1 302
 2 303
 0 304
 4 305
 4 306
 4 307
 2 308
 4 309
 1 310
 2 311
 1 312
 0 313
 2 314
 4 315
 2 316
 0 317
 0 318
 1 319
 4 320
 4 321
 2 322
 2 323
 2 324
 1 325
 2 326
 5 327
 4 328
 3 329
 0 330
 3 331
 0 332
 3 333
 4 334
 4 335
 5 336
 2 337
 3 338
 1 339
 1 340
 4 341
 2 342
 2 343
 4 344
 6 345
 2 346
 3 347
 2 348
 3 349
 3 350
 1 351
 1 352
 1 353
 2 354
 1 355
 0 356
 2 357
 2 358
 0 359
 2 360
 1 361
 2 362
 1 363
 1 364
 0 365
 1 366
 1 367
 3 368
 2 369
 1 370
 1 371
 2 372
 0 373
 0 374
 0 375
 0 376
 0 377
 0 378
 0 379
 3 380
 1 381
 0 382
 1 383
 1 384
 0 385
 0 386
 0 387
 2 388
 1 389
 1 390
 0 391
 1 392
 0 393
 0 394
 1 395
 0 396
 0 397
 2 398
 0 399
 0 400
 0 401
 1 402
 0 403
 1 404
 1 405
 0 406
 0 407
 1 408
 0 409
 0 410
 0 411
 0 412
 1 413
 0 414
 0 415
 0 416
 0 417
 0 418
 0 419
 0 420
 1 421
 0 422
 0 423
 0 424
 0 425
 0 426
 0 427
 0 428
 0 429
 0 430
 0 431
 0 432
 0 433
 0 434
 0 435
 0 436
 0 437
 0 438
 0 439
 0 440
 0 441
 0 442
 0 443
 0 444
 0 445
 0 446
 0 447
 0 448
 0 449
 0 450
 0 451
 0 452
 0 453
 0 454
 0 455
 0 456
 0 457
 0 458
 0 459
 0 460
 0 461
 0 462
 0 463
 0 464
 0 465
 0 466
 0 467
 0 468
 0 469
 0 470
 0 471
 0 472
 0 473
 0 474
 0 475
 0 476
 0 477
 0 478
 0 479
 0 480
 0 481
 0 482
 0 483
 0 484
 0 485
 0 486
 0 487
 0 488
 0 489
 0 490
 0 491
 0 492
 0 493
 0 494
 0 495
 0 496
 0 497
 0 498
 0 499
 0 500
 0 501
 0 502
 0 503
 0 504
 0 505
 0 506
 0 507
 0 508
 0 509
 0 510
 0 511
 0 512
 0 513
 0 514
 0 515
 0 516
 0 517
 0 518
 0 519
 0 520
 0 521
 0 522
 0 523
 0 524
 0 525
 0 526
 0 527
 0 528
 0 529
 0 530
 0 531
 0 532
 0 533
 0 534
 0 535
 0 536
 0 537
 0 538
 0 539
 0 540
 0 541
 0 542
 0 543
 0 544
 0 545
 0 546
 0 547
 0 548
 0 549
 0 550
 0 551
 0 552
 0 553
 0 554
 0 555
 0 556
 0 557
 0 558
 0 559
 0 560
 0 561
 0 562
 0 563
 0 564
 0 565
 0 566
 0 567
 0 568
 0 569
 0 570
 0 571
 0 572
 0 573
 0 574
 0 575
 0 576
 0 577
 0 578
 0 579
 0 580
 0 581
 0 582
 0 583
 0 584
 0 585
 0 586
 0 587
 0 588
 0 589
 0 590
 0 591
 0 592
 0 593
 0 594
 0 595
 0 596
 0 597
 0 598
 0 599
 0 600


