# Created by Octave 3.8.2, Sat Jun 20 22:39:45 2020 CEST <damian@fptrucha.inv.usc.es>
# name: hd
# type: matrix
# rows: 551
# columns: 2
 0 50
 0 51
 0 52
 0 53
 0 54
 0 55
 0 56
 0 57
 0 58
 0 59
 0 60
 0 61
 0 62
 0 63
 0 64
 0 65
 0 66
 0 67
 0 68
 0 69
 0 70
 0 71
 0 72
 0 73
 0 74
 0 75
 0 76
 0 77
 0 78
 0 79
 0 80
 0 81
 0 82
 0 83
 0 84
 0 85
 0 86
 4 87
 8 88
 18 89
 70 90
 124 91
 196 92
 259 93
 373 94
 535 95
 828 96
 1117 97
 1287 98
 1378 99
 1487 100
 1587 101
 1571 102
 1634 103
 1564 104
 1539 105
 1420 106
 1401 107
 1297 108
 1324 109
 1138 110
 1117 111
 986 112
 929 113
 885 114
 838 115
 711 116
 646 117
 578 118
 515 119
 509 120
 437 121
 353 122
 341 123
 324 124
 274 125
 269 126
 233 127
 221 128
 192 129
 170 130
 154 131
 149 132
 125 133
 131 134
 110 135
 102 136
 102 137
 85 138
 86 139
 83 140
 71 141
 61 142
 55 143
 69 144
 50 145
 46 146
 42 147
 49 148
 41 149
 39 150
 39 151
 45 152
 30 153
 37 154
 31 155
 23 156
 21 157
 18 158
 33 159
 21 160
 21 161
 17 162
 22 163
 19 164
 10 165
 20 166
 6 167
 12 168
 12 169
 9 170
 4 171
 5 172
 8 173
 7 174
 6 175
 8 176
 7 177
 3 178
 2 179
 5 180
 2 181
 5 182
 6 183
 4 184
 4 185
 0 186
 1 187
 2 188
 5 189
 0 190
 3 191
 1 192
 1 193
 0 194
 3 195
 0 196
 2 197
 1 198
 0 199
 1 200
 1 201
 0 202
 0 203
 0 204
 0 205
 0 206
 0 207
 0 208
 0 209
 0 210
 0 211
 3 212
 0 213
 0 214
 0 215
 0 216
 1 217
 0 218
 1 219
 0 220
 0 221
 0 222
 0 223
 1 224
 0 225
 0 226
 0 227
 0 228
 0 229
 0 230
 0 231
 0 232
 1 233
 0 234
 0 235
 0 236
 0 237
 0 238
 1 239
 0 240
 0 241
 0 242
 0 243
 0 244
 0 245
 0 246
 0 247
 0 248
 0 249
 0 250
 0 251
 0 252
 0 253
 1 254
 0 255
 0 256
 0 257
 1 258
 0 259
 0 260
 0 261
 0 262
 0 263
 0 264
 0 265
 0 266
 0 267
 0 268
 0 269
 0 270
 0 271
 0 272
 0 273
 0 274
 0 275
 0 276
 0 277
 0 278
 0 279
 0 280
 1 281
 0 282
 0 283
 0 284
 0 285
 0 286
 0 287
 0 288
 1 289
 0 290
 0 291
 0 292
 2 293
 2 294
 1 295
 0 296
 1 297
 1 298
 0 299
 1 300
 0 301
 3 302
 1 303
 1 304
 0 305
 1 306
 3 307
 0 308
 1 309
 1 310
 0 311
 2 312
 2 313
 3 314
 2 315
 0 316
 2 317
 2 318
 0 319
 0 320
 1 321
 1 322
 0 323
 1 324
 1 325
 4 326
 0 327
 0 328
 3 329
 2 330
 3 331
 2 332
 4 333
 0 334
 0 335
 2 336
 2 337
 1 338
 3 339
 2 340
 1 341
 2 342
 1 343
 0 344
 2 345
 0 346
 2 347
 0 348
 2 349
 1 350
 2 351
 2 352
 0 353
 2 354
 1 355
 0 356
 2 357
 2 358
 2 359
 2 360
 0 361
 0 362
 2 363
 1 364
 2 365
 0 366
 0 367
 1 368
 0 369
 0 370
 1 371
 1 372
 2 373
 1 374
 1 375
 1 376
 1 377
 0 378
 1 379
 1 380
 0 381
 1 382
 0 383
 0 384
 2 385
 0 386
 0 387
 0 388
 0 389
 2 390
 0 391
 1 392
 0 393
 0 394
 1 395
 0 396
 0 397
 0 398
 0 399
 1 400
 0 401
 0 402
 0 403
 1 404
 0 405
 0 406
 0 407
 0 408
 1 409
 0 410
 0 411
 0 412
 0 413
 0 414
 0 415
 0 416
 1 417
 0 418
 0 419
 0 420
 0 421
 0 422
 0 423
 0 424
 0 425
 0 426
 0 427
 0 428
 0 429
 0 430
 0 431
 0 432
 0 433
 0 434
 0 435
 0 436
 0 437
 0 438
 0 439
 0 440
 0 441
 0 442
 0 443
 0 444
 0 445
 0 446
 0 447
 0 448
 0 449
 0 450
 0 451
 0 452
 0 453
 0 454
 0 455
 0 456
 0 457
 0 458
 0 459
 0 460
 0 461
 0 462
 0 463
 0 464
 0 465
 0 466
 0 467
 0 468
 0 469
 0 470
 0 471
 0 472
 0 473
 0 474
 0 475
 0 476
 0 477
 0 478
 0 479
 0 480
 0 481
 0 482
 0 483
 0 484
 0 485
 0 486
 0 487
 0 488
 0 489
 0 490
 0 491
 0 492
 0 493
 0 494
 0 495
 0 496
 0 497
 0 498
 0 499
 0 500
 0 501
 0 502
 0 503
 0 504
 0 505
 0 506
 0 507
 0 508
 0 509
 0 510
 0 511
 0 512
 0 513
 0 514
 0 515
 0 516
 0 517
 0 518
 0 519
 0 520
 0 521
 0 522
 0 523
 0 524
 0 525
 0 526
 0 527
 0 528
 0 529
 0 530
 0 531
 0 532
 0 533
 0 534
 0 535
 0 536
 0 537
 0 538
 0 539
 0 540
 0 541
 0 542
 0 543
 0 544
 0 545
 0 546
 0 547
 0 548
 0 549
 0 550
 0 551
 0 552
 0 553
 0 554
 0 555
 0 556
 0 557
 0 558
 0 559
 0 560
 0 561
 0 562
 0 563
 0 564
 0 565
 0 566
 0 567
 0 568
 0 569
 0 570
 0 571
 0 572
 0 573
 0 574
 0 575
 0 576
 0 577
 0 578
 0 579
 0 580
 0 581
 0 582
 0 583
 0 584
 0 585
 0 586
 0 587
 0 588
 0 589
 0 590
 0 591
 0 592
 0 593
 0 594
 0 595
 0 596
 0 597
 0 598
 0 599
 0 600


