# Created by Octave 3.8.2, Sun Jun 21 06:43:06 2020 CEST <damian@fptrucha.inv.usc.es>
# name: hd
# type: matrix
# rows: 551
# columns: 2
 0 50
 0 51
 0 52
 0 53
 0 54
 0 55
 0 56
 0 57
 0 58
 0 59
 0 60
 0 61
 0 62
 0 63
 0 64
 0 65
 0 66
 0 67
 0 68
 0 69
 0 70
 0 71
 0 72
 0 73
 0 74
 0 75
 0 76
 0 77
 0 78
 0 79
 0 80
 0 81
 0 82
 0 83
 0 84
 0 85
 0 86
 2 87
 9 88
 23 89
 62 90
 129 91
 231 92
 280 93
 402 94
 579 95
 834 96
 1149 97
 1259 98
 1449 99
 1629 100
 1515 101
 1533 102
 1591 103
 1567 104
 1477 105
 1531 106
 1380 107
 1314 108
 1280 109
 1214 110
 1088 111
 1006 112
 988 113
 842 114
 815 115
 728 116
 694 117
 613 118
 525 119
 479 120
 442 121
 402 122
 375 123
 313 124
 269 125
 277 126
 267 127
 237 128
 176 129
 175 130
 179 131
 145 132
 126 133
 135 134
 101 135
 109 136
 104 137
 111 138
 73 139
 72 140
 67 141
 61 142
 65 143
 65 144
 56 145
 51 146
 38 147
 43 148
 37 149
 44 150
 32 151
 35 152
 32 153
 31 154
 32 155
 20 156
 22 157
 28 158
 17 159
 16 160
 19 161
 19 162
 27 163
 14 164
 15 165
 17 166
 14 167
 21 168
 3 169
 5 170
 6 171
 7 172
 9 173
 10 174
 7 175
 8 176
 3 177
 4 178
 4 179
 5 180
 7 181
 5 182
 1 183
 2 184
 3 185
 3 186
 4 187
 4 188
 2 189
 4 190
 2 191
 1 192
 2 193
 1 194
 2 195
 2 196
 0 197
 2 198
 1 199
 1 200
 3 201
 0 202
 1 203
 2 204
 1 205
 0 206
 1 207
 1 208
 0 209
 1 210
 0 211
 0 212
 0 213
 1 214
 0 215
 0 216
 1 217
 0 218
 0 219
 0 220
 0 221
 1 222
 0 223
 0 224
 0 225
 0 226
 0 227
 0 228
 0 229
 0 230
 0 231
 0 232
 0 233
 0 234
 0 235
 0 236
 0 237
 0 238
 0 239
 0 240
 0 241
 0 242
 0 243
 0 244
 0 245
 0 246
 0 247
 0 248
 0 249
 0 250
 0 251
 0 252
 0 253
 0 254
 0 255
 0 256
 0 257
 0 258
 0 259
 0 260
 0 261
 0 262
 0 263
 0 264
 0 265
 0 266
 0 267
 0 268
 0 269
 0 270
 0 271
 0 272
 0 273
 0 274
 0 275
 0 276
 0 277
 0 278
 0 279
 0 280
 0 281
 0 282
 0 283
 0 284
 1 285
 1 286
 0 287
 0 288
 0 289
 2 290
 0 291
 0 292
 0 293
 0 294
 0 295
 0 296
 0 297
 2 298
 1 299
 0 300
 1 301
 1 302
 0 303
 1 304
 0 305
 4 306
 0 307
 0 308
 0 309
 1 310
 1 311
 0 312
 1 313
 2 314
 0 315
 2 316
 1 317
 0 318
 2 319
 0 320
 3 321
 3 322
 2 323
 2 324
 1 325
 1 326
 2 327
 2 328
 2 329
 2 330
 1 331
 3 332
 2 333
 1 334
 2 335
 3 336
 3 337
 3 338
 4 339
 2 340
 1 341
 1 342
 1 343
 2 344
 1 345
 1 346
 1 347
 0 348
 1 349
 1 350
 0 351
 1 352
 0 353
 3 354
 2 355
 2 356
 2 357
 2 358
 0 359
 2 360
 1 361
 1 362
 1 363
 0 364
 2 365
 1 366
 0 367
 1 368
 0 369
 0 370
 0 371
 2 372
 0 373
 0 374
 1 375
 1 376
 0 377
 0 378
 1 379
 0 380
 2 381
 1 382
 2 383
 0 384
 0 385
 1 386
 0 387
 0 388
 1 389
 0 390
 0 391
 0 392
 0 393
 0 394
 0 395
 0 396
 1 397
 1 398
 0 399
 0 400
 0 401
 0 402
 0 403
 0 404
 1 405
 0 406
 0 407
 1 408
 0 409
 0 410
 1 411
 0 412
 0 413
 0 414
 0 415
 0 416
 0 417
 0 418
 0 419
 0 420
 0 421
 0 422
 0 423
 0 424
 0 425
 0 426
 0 427
 0 428
 0 429
 0 430
 0 431
 0 432
 0 433
 0 434
 0 435
 0 436
 0 437
 0 438
 0 439
 0 440
 0 441
 0 442
 0 443
 0 444
 0 445
 0 446
 0 447
 0 448
 0 449
 0 450
 0 451
 0 452
 0 453
 0 454
 0 455
 0 456
 0 457
 0 458
 0 459
 0 460
 0 461
 0 462
 0 463
 0 464
 0 465
 0 466
 0 467
 0 468
 0 469
 0 470
 0 471
 0 472
 0 473
 0 474
 0 475
 0 476
 0 477
 0 478
 0 479
 0 480
 0 481
 0 482
 0 483
 0 484
 0 485
 0 486
 0 487
 0 488
 0 489
 0 490
 0 491
 0 492
 0 493
 0 494
 0 495
 0 496
 0 497
 0 498
 0 499
 0 500
 0 501
 0 502
 0 503
 0 504
 0 505
 0 506
 0 507
 0 508
 0 509
 0 510
 0 511
 0 512
 0 513
 0 514
 0 515
 0 516
 0 517
 0 518
 0 519
 0 520
 0 521
 0 522
 0 523
 0 524
 0 525
 0 526
 0 527
 0 528
 0 529
 0 530
 0 531
 0 532
 0 533
 0 534
 0 535
 0 536
 0 537
 0 538
 0 539
 0 540
 0 541
 0 542
 0 543
 0 544
 0 545
 0 546
 0 547
 0 548
 0 549
 0 550
 0 551
 0 552
 0 553
 0 554
 0 555
 0 556
 0 557
 0 558
 0 559
 0 560
 0 561
 0 562
 0 563
 0 564
 0 565
 0 566
 0 567
 0 568
 0 569
 0 570
 0 571
 0 572
 0 573
 0 574
 0 575
 0 576
 0 577
 0 578
 0 579
 0 580
 0 581
 0 582
 0 583
 0 584
 0 585
 0 586
 0 587
 0 588
 0 589
 0 590
 0 591
 0 592
 0 593
 0 594
 0 595
 0 596
 0 597
 0 598
 0 599
 0 600


