# Created by Octave 3.8.2, Mon Jun 22 08:18:29 2020 CEST <damian@fptrucha.inv.usc.es>
# name: hd
# type: matrix
# rows: 551
# columns: 2
 0 50
 0 51
 0 52
 0 53
 0 54
 0 55
 0 56
 0 57
 0 58
 0 59
 0 60
 0 61
 0 62
 0 63
 0 64
 0 65
 0 66
 0 67
 0 68
 0 69
 0 70
 0 71
 0 72
 0 73
 0 74
 0 75
 0 76
 0 77
 0 78
 0 79
 0 80
 0 81
 0 82
 0 83
 0 84
 0 85
 0 86
 1 87
 1 88
 10 89
 33 90
 105 91
 149 92
 248 93
 358 94
 459 95
 665 96
 1031 97
 1366 98
 1496 99
 1602 100
 1691 101
 1739 102
 1719 103
 1634 104
 1527 105
 1570 106
 1393 107
 1330 108
 1258 109
 1167 110
 1004 111
 946 112
 843 113
 788 114
 683 115
 587 116
 500 117
 456 118
 460 119
 380 120
 354 121
 310 122
 289 123
 285 124
 237 125
 217 126
 214 127
 168 128
 166 129
 153 130
 163 131
 121 132
 118 133
 111 134
 115 135
 117 136
 83 137
 87 138
 73 139
 78 140
 77 141
 81 142
 62 143
 59 144
 76 145
 54 146
 46 147
 58 148
 45 149
 44 150
 55 151
 35 152
 35 153
 31 154
 33 155
 31 156
 25 157
 33 158
 27 159
 22 160
 35 161
 19 162
 21 163
 18 164
 15 165
 11 166
 21 167
 15 168
 15 169
 11 170
 16 171
 10 172
 10 173
 10 174
 13 175
 7 176
 8 177
 10 178
 9 179
 7 180
 6 181
 6 182
 5 183
 4 184
 5 185
 3 186
 5 187
 5 188
 3 189
 1 190
 0 191
 2 192
 1 193
 3 194
 4 195
 4 196
 2 197
 0 198
 1 199
 1 200
 1 201
 4 202
 2 203
 2 204
 0 205
 2 206
 0 207
 1 208
 2 209
 0 210
 0 211
 0 212
 0 213
 1 214
 0 215
 0 216
 1 217
 0 218
 0 219
 1 220
 1 221
 0 222
 1 223
 0 224
 0 225
 0 226
 0 227
 0 228
 0 229
 0 230
 0 231
 0 232
 0 233
 0 234
 0 235
 0 236
 0 237
 0 238
 0 239
 0 240
 0 241
 0 242
 0 243
 0 244
 0 245
 0 246
 0 247
 0 248
 0 249
 0 250
 0 251
 0 252
 0 253
 0 254
 0 255
 0 256
 0 257
 0 258
 0 259
 0 260
 0 261
 0 262
 0 263
 0 264
 0 265
 0 266
 0 267
 0 268
 0 269
 0 270
 0 271
 0 272
 0 273
 0 274
 0 275
 0 276
 1 277
 0 278
 0 279
 0 280
 0 281
 0 282
 0 283
 0 284
 0 285
 0 286
 0 287
 1 288
 0 289
 0 290
 0 291
 1 292
 1 293
 1 294
 2 295
 3 296
 0 297
 1 298
 0 299
 2 300
 2 301
 1 302
 2 303
 0 304
 2 305
 2 306
 3 307
 2 308
 3 309
 2 310
 2 311
 1 312
 0 313
 1 314
 1 315
 2 316
 4 317
 2 318
 2 319
 0 320
 1 321
 3 322
 1 323
 0 324
 4 325
 0 326
 3 327
 5 328
 4 329
 2 330
 5 331
 3 332
 1 333
 3 334
 6 335
 4 336
 3 337
 3 338
 2 339
 6 340
 3 341
 4 342
 4 343
 5 344
 1 345
 1 346
 4 347
 1 348
 3 349
 0 350
 0 351
 1 352
 0 353
 3 354
 3 355
 1 356
 1 357
 2 358
 0 359
 1 360
 3 361
 2 362
 1 363
 2 364
 1 365
 2 366
 2 367
 1 368
 0 369
 0 370
 0 371
 1 372
 0 373
 0 374
 0 375
 1 376
 0 377
 3 378
 1 379
 2 380
 1 381
 0 382
 1 383
 1 384
 1 385
 1 386
 0 387
 1 388
 0 389
 0 390
 2 391
 0 392
 0 393
 1 394
 0 395
 0 396
 1 397
 0 398
 0 399
 1 400
 0 401
 0 402
 0 403
 0 404
 1 405
 0 406
 0 407
 0 408
 1 409
 0 410
 0 411
 0 412
 0 413
 1 414
 0 415
 0 416
 0 417
 0 418
 0 419
 0 420
 0 421
 0 422
 1 423
 0 424
 0 425
 0 426
 0 427
 0 428
 0 429
 0 430
 0 431
 0 432
 0 433
 0 434
 0 435
 0 436
 0 437
 0 438
 0 439
 0 440
 0 441
 0 442
 0 443
 0 444
 0 445
 0 446
 0 447
 0 448
 0 449
 0 450
 0 451
 0 452
 0 453
 0 454
 0 455
 0 456
 0 457
 0 458
 0 459
 0 460
 0 461
 0 462
 0 463
 0 464
 0 465
 0 466
 0 467
 0 468
 0 469
 0 470
 0 471
 0 472
 0 473
 0 474
 0 475
 0 476
 0 477
 0 478
 0 479
 0 480
 0 481
 0 482
 0 483
 0 484
 0 485
 0 486
 0 487
 0 488
 0 489
 0 490
 0 491
 0 492
 0 493
 0 494
 0 495
 0 496
 0 497
 0 498
 0 499
 0 500
 0 501
 0 502
 0 503
 0 504
 0 505
 0 506
 0 507
 0 508
 0 509
 0 510
 0 511
 0 512
 0 513
 0 514
 0 515
 0 516
 0 517
 0 518
 0 519
 0 520
 0 521
 0 522
 0 523
 0 524
 0 525
 0 526
 0 527
 0 528
 0 529
 0 530
 0 531
 0 532
 0 533
 0 534
 0 535
 0 536
 0 537
 0 538
 0 539
 0 540
 0 541
 0 542
 0 543
 0 544
 0 545
 0 546
 0 547
 0 548
 0 549
 0 550
 0 551
 0 552
 0 553
 0 554
 0 555
 0 556
 0 557
 0 558
 0 559
 0 560
 0 561
 0 562
 0 563
 0 564
 0 565
 0 566
 0 567
 0 568
 0 569
 0 570
 0 571
 0 572
 0 573
 0 574
 0 575
 0 576
 0 577
 0 578
 0 579
 0 580
 0 581
 0 582
 0 583
 0 584
 0 585
 0 586
 0 587
 0 588
 0 589
 0 590
 0 591
 0 592
 0 593
 0 594
 0 595
 0 596
 0 597
 0 598
 0 599
 0 600


