# Created by Octave 3.8.2, Sat Jun 20 22:27:02 2020 CEST <damian@fptrucha.inv.usc.es>
# name: hd
# type: matrix
# rows: 551
# columns: 2
 0 50
 0 51
 0 52
 0 53
 0 54
 0 55
 0 56
 0 57
 0 58
 0 59
 0 60
 0 61
 0 62
 0 63
 0 64
 0 65
 0 66
 0 67
 0 68
 0 69
 0 70
 0 71
 0 72
 0 73
 0 74
 0 75
 0 76
 0 77
 0 78
 0 79
 0 80
 0 81
 0 82
 0 83
 0 84
 0 85
 0 86
 6 87
 3 88
 22 89
 69 90
 102 91
 196 92
 252 93
 373 94
 535 95
 792 96
 1054 97
 1283 98
 1377 99
 1465 100
 1520 101
 1593 102
 1532 103
 1516 104
 1477 105
 1455 106
 1376 107
 1283 108
 1219 109
 1155 110
 1126 111
 964 112
 867 113
 836 114
 787 115
 701 116
 606 117
 614 118
 539 119
 482 120
 432 121
 423 122
 340 123
 299 124
 298 125
 268 126
 264 127
 207 128
 230 129
 201 130
 153 131
 170 132
 149 133
 117 134
 118 135
 118 136
 105 137
 94 138
 92 139
 71 140
 83 141
 58 142
 73 143
 61 144
 52 145
 63 146
 46 147
 45 148
 45 149
 41 150
 35 151
 45 152
 36 153
 25 154
 31 155
 22 156
 20 157
 27 158
 17 159
 24 160
 21 161
 21 162
 20 163
 16 164
 13 165
 15 166
 13 167
 16 168
 13 169
 10 170
 14 171
 7 172
 12 173
 4 174
 3 175
 9 176
 5 177
 6 178
 8 179
 3 180
 3 181
 6 182
 6 183
 3 184
 2 185
 2 186
 3 187
 3 188
 1 189
 2 190
 3 191
 7 192
 3 193
 0 194
 2 195
 1 196
 0 197
 2 198
 2 199
 0 200
 0 201
 1 202
 0 203
 0 204
 1 205
 2 206
 0 207
 0 208
 0 209
 0 210
 0 211
 1 212
 0 213
 1 214
 0 215
 1 216
 1 217
 0 218
 0 219
 0 220
 0 221
 1 222
 1 223
 0 224
 1 225
 0 226
 0 227
 1 228
 0 229
 0 230
 0 231
 0 232
 0 233
 0 234
 0 235
 0 236
 0 237
 0 238
 0 239
 0 240
 0 241
 0 242
 0 243
 0 244
 0 245
 0 246
 0 247
 0 248
 0 249
 0 250
 0 251
 0 252
 0 253
 0 254
 0 255
 0 256
 0 257
 0 258
 0 259
 0 260
 0 261
 0 262
 0 263
 0 264
 0 265
 0 266
 0 267
 0 268
 0 269
 0 270
 0 271
 0 272
 0 273
 0 274
 0 275
 0 276
 0 277
 0 278
 0 279
 0 280
 0 281
 0 282
 0 283
 0 284
 1 285
 0 286
 1 287
 0 288
 0 289
 0 290
 0 291
 1 292
 1 293
 0 294
 0 295
 1 296
 1 297
 0 298
 2 299
 1 300
 0 301
 0 302
 1 303
 1 304
 2 305
 1 306
 1 307
 0 308
 3 309
 3 310
 1 311
 2 312
 0 313
 2 314
 3 315
 1 316
 0 317
 2 318
 0 319
 0 320
 1 321
 1 322
 3 323
 1 324
 5 325
 3 326
 2 327
 2 328
 0 329
 3 330
 4 331
 0 332
 6 333
 3 334
 4 335
 2 336
 0 337
 0 338
 2 339
 2 340
 1 341
 0 342
 1 343
 1 344
 0 345
 0 346
 1 347
 1 348
 1 349
 0 350
 0 351
 0 352
 1 353
 3 354
 2 355
 1 356
 2 357
 1 358
 2 359
 1 360
 0 361
 0 362
 3 363
 1 364
 1 365
 1 366
 1 367
 0 368
 1 369
 2 370
 2 371
 2 372
 1 373
 0 374
 2 375
 0 376
 0 377
 1 378
 0 379
 0 380
 2 381
 0 382
 0 383
 1 384
 1 385
 0 386
 0 387
 0 388
 0 389
 1 390
 1 391
 0 392
 0 393
 0 394
 0 395
 0 396
 0 397
 0 398
 0 399
 2 400
 0 401
 0 402
 0 403
 1 404
 0 405
 0 406
 1 407
 0 408
 0 409
 0 410
 0 411
 0 412
 0 413
 0 414
 0 415
 0 416
 0 417
 0 418
 0 419
 0 420
 0 421
 0 422
 0 423
 0 424
 0 425
 0 426
 0 427
 0 428
 0 429
 0 430
 0 431
 0 432
 0 433
 0 434
 0 435
 0 436
 0 437
 0 438
 0 439
 0 440
 0 441
 0 442
 0 443
 0 444
 0 445
 0 446
 0 447
 0 448
 0 449
 0 450
 0 451
 0 452
 0 453
 0 454
 0 455
 0 456
 0 457
 0 458
 0 459
 0 460
 0 461
 0 462
 0 463
 0 464
 0 465
 0 466
 0 467
 0 468
 0 469
 0 470
 0 471
 0 472
 0 473
 0 474
 0 475
 0 476
 0 477
 0 478
 0 479
 0 480
 0 481
 0 482
 0 483
 0 484
 0 485
 0 486
 0 487
 0 488
 0 489
 0 490
 0 491
 0 492
 0 493
 0 494
 0 495
 0 496
 0 497
 0 498
 0 499
 0 500
 0 501
 0 502
 0 503
 0 504
 0 505
 0 506
 0 507
 0 508
 0 509
 0 510
 0 511
 0 512
 0 513
 0 514
 0 515
 0 516
 0 517
 0 518
 0 519
 0 520
 0 521
 0 522
 0 523
 0 524
 0 525
 0 526
 0 527
 0 528
 0 529
 0 530
 0 531
 0 532
 0 533
 0 534
 0 535
 0 536
 0 537
 0 538
 0 539
 0 540
 0 541
 0 542
 0 543
 0 544
 0 545
 0 546
 0 547
 0 548
 0 549
 0 550
 0 551
 0 552
 0 553
 0 554
 0 555
 0 556
 0 557
 0 558
 0 559
 0 560
 0 561
 0 562
 0 563
 0 564
 0 565
 0 566
 0 567
 0 568
 0 569
 0 570
 0 571
 0 572
 0 573
 0 574
 0 575
 0 576
 0 577
 0 578
 0 579
 0 580
 0 581
 0 582
 0 583
 0 584
 0 585
 0 586
 0 587
 0 588
 0 589
 0 590
 0 591
 0 592
 0 593
 0 594
 0 595
 0 596
 0 597
 0 598
 0 599
 0 600


