# Created by Octave 3.8.2, Tue Jun 23 00:33:00 2020 CEST <damian@fptrucha.inv.usc.es>
# name: hd
# type: matrix
# rows: 551
# columns: 2
 0 50
 0 51
 0 52
 0 53
 0 54
 0 55
 0 56
 0 57
 0 58
 0 59
 0 60
 0 61
 0 62
 0 63
 0 64
 0 65
 0 66
 0 67
 0 68
 0 69
 0 70
 0 71
 0 72
 0 73
 0 74
 0 75
 0 76
 0 77
 0 78
 0 79
 0 80
 0 81
 0 82
 0 83
 0 84
 0 85
 0 86
 0 87
 5 88
 12 89
 59 90
 146 91
 225 92
 353 93
 482 94
 663 95
 980 96
 1307 97
 1612 98
 1622 99
 1837 100
 1887 101
 1869 102
 1912 103
 1738 104
 1679 105
 1662 106
 1558 107
 1374 108
 1333 109
 1282 110
 1003 111
 950 112
 903 113
 841 114
 705 115
 636 116
 567 117
 532 118
 476 119
 424 120
 365 121
 348 122
 334 123
 292 124
 242 125
 252 126
 183 127
 201 128
 167 129
 157 130
 152 131
 142 132
 136 133
 121 134
 121 135
 114 136
 97 137
 91 138
 69 139
 65 140
 80 141
 57 142
 71 143
 47 144
 80 145
 51 146
 46 147
 45 148
 45 149
 42 150
 38 151
 52 152
 39 153
 24 154
 26 155
 23 156
 26 157
 26 158
 27 159
 20 160
 22 161
 17 162
 32 163
 18 164
 14 165
 21 166
 16 167
 24 168
 7 169
 10 170
 10 171
 10 172
 8 173
 11 174
 6 175
 12 176
 6 177
 5 178
 12 179
 6 180
 4 181
 7 182
 2 183
 3 184
 4 185
 5 186
 5 187
 4 188
 3 189
 3 190
 4 191
 3 192
 1 193
 2 194
 1 195
 5 196
 3 197
 0 198
 1 199
 3 200
 4 201
 2 202
 0 203
 0 204
 1 205
 0 206
 0 207
 3 208
 1 209
 0 210
 1 211
 1 212
 0 213
 0 214
 1 215
 0 216
 1 217
 0 218
 0 219
 1 220
 0 221
 0 222
 0 223
 0 224
 0 225
 1 226
 0 227
 0 228
 0 229
 0 230
 0 231
 0 232
 0 233
 0 234
 0 235
 0 236
 0 237
 0 238
 0 239
 0 240
 0 241
 0 242
 0 243
 0 244
 0 245
 0 246
 0 247
 0 248
 0 249
 0 250
 0 251
 0 252
 0 253
 0 254
 0 255
 0 256
 0 257
 0 258
 0 259
 0 260
 0 261
 0 262
 0 263
 0 264
 0 265
 0 266
 0 267
 0 268
 0 269
 0 270
 0 271
 0 272
 0 273
 0 274
 0 275
 0 276
 0 277
 0 278
 0 279
 0 280
 0 281
 0 282
 0 283
 0 284
 0 285
 0 286
 0 287
 0 288
 0 289
 2 290
 2 291
 0 292
 0 293
 0 294
 2 295
 0 296
 2 297
 1 298
 2 299
 2 300
 0 301
 2 302
 2 303
 0 304
 0 305
 1 306
 1 307
 1 308
 1 309
 3 310
 3 311
 0 312
 2 313
 3 314
 1 315
 3 316
 2 317
 3 318
 2 319
 1 320
 2 321
 2 322
 1 323
 2 324
 3 325
 3 326
 3 327
 2 328
 2 329
 2 330
 1 331
 1 332
 4 333
 1 334
 2 335
 0 336
 2 337
 2 338
 2 339
 0 340
 1 341
 2 342
 1 343
 3 344
 1 345
 1 346
 3 347
 2 348
 1 349
 1 350
 0 351
 0 352
 2 353
 1 354
 3 355
 0 356
 1 357
 1 358
 1 359
 0 360
 3 361
 4 362
 4 363
 2 364
 1 365
 1 366
 1 367
 0 368
 1 369
 0 370
 0 371
 1 372
 0 373
 2 374
 3 375
 0 376
 2 377
 2 378
 0 379
 0 380
 1 381
 0 382
 4 383
 1 384
 1 385
 0 386
 0 387
 0 388
 0 389
 0 390
 0 391
 1 392
 0 393
 2 394
 1 395
 0 396
 0 397
 0 398
 1 399
 0 400
 1 401
 0 402
 1 403
 0 404
 0 405
 0 406
 1 407
 0 408
 0 409
 0 410
 0 411
 0 412
 0 413
 0 414
 0 415
 0 416
 0 417
 0 418
 0 419
 0 420
 0 421
 0 422
 0 423
 1 424
 0 425
 0 426
 0 427
 0 428
 0 429
 0 430
 0 431
 0 432
 0 433
 0 434
 0 435
 0 436
 0 437
 0 438
 0 439
 0 440
 0 441
 0 442
 0 443
 0 444
 0 445
 0 446
 0 447
 0 448
 0 449
 0 450
 0 451
 0 452
 0 453
 0 454
 0 455
 0 456
 0 457
 0 458
 0 459
 0 460
 0 461
 0 462
 0 463
 0 464
 0 465
 0 466
 0 467
 0 468
 0 469
 0 470
 0 471
 0 472
 0 473
 0 474
 0 475
 0 476
 0 477
 0 478
 0 479
 0 480
 0 481
 0 482
 0 483
 0 484
 0 485
 0 486
 0 487
 0 488
 0 489
 0 490
 0 491
 0 492
 0 493
 0 494
 0 495
 0 496
 0 497
 0 498
 0 499
 0 500
 0 501
 0 502
 0 503
 0 504
 0 505
 0 506
 0 507
 0 508
 0 509
 0 510
 0 511
 0 512
 0 513
 0 514
 0 515
 0 516
 0 517
 0 518
 0 519
 0 520
 0 521
 0 522
 0 523
 0 524
 0 525
 0 526
 0 527
 0 528
 0 529
 0 530
 0 531
 0 532
 0 533
 0 534
 0 535
 0 536
 0 537
 0 538
 0 539
 0 540
 0 541
 0 542
 0 543
 0 544
 0 545
 0 546
 0 547
 0 548
 0 549
 0 550
 0 551
 0 552
 0 553
 0 554
 0 555
 0 556
 0 557
 0 558
 0 559
 0 560
 0 561
 0 562
 0 563
 0 564
 0 565
 0 566
 0 567
 0 568
 0 569
 0 570
 0 571
 0 572
 0 573
 0 574
 0 575
 0 576
 0 577
 0 578
 0 579
 0 580
 0 581
 0 582
 0 583
 0 584
 0 585
 0 586
 0 587
 0 588
 0 589
 0 590
 0 591
 0 592
 0 593
 0 594
 0 595
 0 596
 0 597
 0 598
 0 599
 0 600


