# Created by Octave 3.8.2, Mon Jun 22 00:32:10 2020 CEST <damian@fptrucha.inv.usc.es>
# name: hd
# type: matrix
# rows: 551
# columns: 2
 0 50
 0 51
 0 52
 0 53
 0 54
 0 55
 0 56
 0 57
 0 58
 0 59
 0 60
 0 61
 0 62
 0 63
 0 64
 0 65
 0 66
 0 67
 0 68
 0 69
 0 70
 0 71
 0 72
 0 73
 0 74
 0 75
 0 76
 0 77
 0 78
 0 79
 0 80
 0 81
 0 82
 0 83
 0 84
 0 85
 0 86
 2 87
 7 88
 21 89
 68 90
 137 91
 225 92
 269 93
 413 94
 620 95
 879 96
 1103 97
 1385 98
 1494 99
 1619 100
 1598 101
 1611 102
 1617 103
 1531 104
 1558 105
 1473 106
 1417 107
 1310 108
 1190 109
 1249 110
 1116 111
 974 112
 960 113
 829 114
 758 115
 707 116
 636 117
 620 118
 544 119
 459 120
 445 121
 380 122
 349 123
 285 124
 283 125
 266 126
 244 127
 195 128
 191 129
 175 130
 144 131
 140 132
 120 133
 118 134
 112 135
 87 136
 96 137
 87 138
 91 139
 57 140
 55 141
 71 142
 51 143
 50 144
 38 145
 40 146
 49 147
 34 148
 38 149
 30 150
 19 151
 38 152
 30 153
 26 154
 27 155
 26 156
 16 157
 24 158
 19 159
 20 160
 14 161
 13 162
 13 163
 12 164
 19 165
 15 166
 9 167
 12 168
 10 169
 4 170
 10 171
 7 172
 3 173
 7 174
 5 175
 3 176
 2 177
 4 178
 3 179
 4 180
 3 181
 7 182
 3 183
 2 184
 2 185
 2 186
 1 187
 2 188
 2 189
 2 190
 1 191
 0 192
 1 193
 1 194
 3 195
 0 196
 0 197
 2 198
 0 199
 2 200
 1 201
 1 202
 1 203
 1 204
 0 205
 2 206
 0 207
 0 208
 1 209
 0 210
 1 211
 0 212
 0 213
 1 214
 0 215
 0 216
 1 217
 0 218
 0 219
 0 220
 0 221
 0 222
 0 223
 0 224
 0 225
 0 226
 0 227
 0 228
 0 229
 0 230
 0 231
 0 232
 0 233
 0 234
 0 235
 0 236
 0 237
 0 238
 0 239
 0 240
 0 241
 0 242
 0 243
 0 244
 0 245
 0 246
 0 247
 0 248
 0 249
 0 250
 0 251
 0 252
 0 253
 0 254
 0 255
 0 256
 0 257
 0 258
 0 259
 0 260
 0 261
 0 262
 0 263
 0 264
 0 265
 0 266
 0 267
 0 268
 0 269
 0 270
 0 271
 0 272
 0 273
 0 274
 0 275
 0 276
 0 277
 0 278
 0 279
 0 280
 0 281
 0 282
 0 283
 0 284
 0 285
 0 286
 0 287
 0 288
 0 289
 0 290
 0 291
 0 292
 0 293
 0 294
 1 295
 0 296
 0 297
 0 298
 0 299
 1 300
 0 301
 1 302
 2 303
 0 304
 1 305
 0 306
 1 307
 0 308
 2 309
 0 310
 1 311
 0 312
 1 313
 0 314
 1 315
 2 316
 2 317
 3 318
 3 319
 1 320
 1 321
 2 322
 2 323
 2 324
 0 325
 4 326
 1 327
 1 328
 2 329
 1 330
 1 331
 0 332
 1 333
 0 334
 2 335
 3 336
 1 337
 1 338
 0 339
 1 340
 1 341
 3 342
 3 343
 2 344
 1 345
 2 346
 4 347
 2 348
 1 349
 2 350
 1 351
 0 352
 0 353
 3 354
 2 355
 0 356
 0 357
 0 358
 2 359
 2 360
 1 361
 0 362
 1 363
 0 364
 2 365
 0 366
 0 367
 0 368
 0 369
 2 370
 0 371
 1 372
 0 373
 0 374
 2 375
 0 376
 0 377
 1 378
 1 379
 0 380
 1 381
 0 382
 0 383
 0 384
 0 385
 1 386
 0 387
 1 388
 0 389
 0 390
 0 391
 0 392
 0 393
 0 394
 0 395
 0 396
 0 397
 0 398
 1 399
 0 400
 0 401
 0 402
 0 403
 0 404
 0 405
 0 406
 0 407
 0 408
 0 409
 0 410
 0 411
 0 412
 0 413
 0 414
 0 415
 1 416
 0 417
 0 418
 0 419
 0 420
 0 421
 0 422
 0 423
 0 424
 0 425
 0 426
 0 427
 0 428
 0 429
 0 430
 0 431
 0 432
 0 433
 0 434
 0 435
 0 436
 0 437
 0 438
 0 439
 0 440
 0 441
 0 442
 0 443
 0 444
 0 445
 0 446
 0 447
 0 448
 0 449
 0 450
 0 451
 0 452
 0 453
 0 454
 0 455
 0 456
 0 457
 0 458
 0 459
 0 460
 0 461
 0 462
 0 463
 0 464
 0 465
 0 466
 0 467
 0 468
 0 469
 0 470
 0 471
 0 472
 0 473
 0 474
 0 475
 0 476
 0 477
 0 478
 0 479
 0 480
 0 481
 0 482
 0 483
 0 484
 0 485
 0 486
 0 487
 0 488
 0 489
 0 490
 0 491
 0 492
 0 493
 0 494
 0 495
 0 496
 0 497
 0 498
 0 499
 0 500
 0 501
 0 502
 0 503
 0 504
 0 505
 0 506
 0 507
 0 508
 0 509
 0 510
 0 511
 0 512
 0 513
 0 514
 0 515
 0 516
 0 517
 0 518
 0 519
 0 520
 0 521
 0 522
 0 523
 0 524
 0 525
 0 526
 0 527
 0 528
 0 529
 0 530
 0 531
 0 532
 0 533
 0 534
 0 535
 0 536
 0 537
 0 538
 0 539
 0 540
 0 541
 0 542
 0 543
 0 544
 0 545
 0 546
 0 547
 0 548
 0 549
 0 550
 0 551
 0 552
 0 553
 0 554
 0 555
 0 556
 0 557
 0 558
 0 559
 0 560
 0 561
 0 562
 0 563
 0 564
 0 565
 0 566
 0 567
 0 568
 0 569
 0 570
 0 571
 0 572
 0 573
 0 574
 0 575
 0 576
 0 577
 0 578
 0 579
 0 580
 0 581
 0 582
 0 583
 0 584
 0 585
 0 586
 0 587
 0 588
 0 589
 0 590
 0 591
 0 592
 0 593
 0 594
 0 595
 0 596
 0 597
 0 598
 0 599
 0 600


