# Created by Octave 3.8.2, Mon Jun 22 04:08:37 2020 CEST <damian@fptrucha.inv.usc.es>
# name: hd
# type: matrix
# rows: 551
# columns: 2
 0 50
 0 51
 0 52
 0 53
 0 54
 0 55
 0 56
 0 57
 0 58
 0 59
 0 60
 0 61
 0 62
 0 63
 0 64
 0 65
 0 66
 0 67
 0 68
 0 69
 0 70
 0 71
 0 72
 0 73
 0 74
 0 75
 0 76
 0 77
 0 78
 0 79
 0 80
 0 81
 0 82
 0 83
 0 84
 0 85
 0 86
 0 87
 4 88
 10 89
 29 90
 116 91
 193 92
 339 93
 444 94
 534 95
 848 96
 1388 97
 1628 98
 1815 99
 1987 100
 2006 101
 2055 102
 1789 103
 1750 104
 1619 105
 1452 106
 1260 107
 1142 108
 1061 109
 939 110
 887 111
 759 112
 674 113
 533 114
 463 115
 428 116
 379 117
 354 118
 286 119
 280 120
 247 121
 204 122
 197 123
 143 124
 157 125
 146 126
 133 127
 107 128
 102 129
 109 130
 96 131
 93 132
 79 133
 77 134
 87 135
 74 136
 55 137
 55 138
 40 139
 49 140
 40 141
 45 142
 43 143
 32 144
 33 145
 35 146
 37 147
 33 148
 37 149
 38 150
 19 151
 21 152
 20 153
 24 154
 21 155
 27 156
 17 157
 16 158
 19 159
 12 160
 15 161
 19 162
 14 163
 10 164
 13 165
 11 166
 11 167
 8 168
 8 169
 3 170
 5 171
 5 172
 6 173
 8 174
 4 175
 6 176
 9 177
 7 178
 3 179
 5 180
 5 181
 2 182
 5 183
 3 184
 3 185
 4 186
 0 187
 1 188
 2 189
 3 190
 3 191
 2 192
 1 193
 1 194
 2 195
 2 196
 1 197
 1 198
 0 199
 1 200
 0 201
 0 202
 0 203
 2 204
 0 205
 0 206
 0 207
 0 208
 4 209
 2 210
 1 211
 0 212
 0 213
 0 214
 0 215
 0 216
 0 217
 0 218
 0 219
 0 220
 0 221
 1 222
 0 223
 0 224
 0 225
 0 226
 0 227
 0 228
 0 229
 0 230
 0 231
 0 232
 0 233
 0 234
 0 235
 0 236
 0 237
 0 238
 0 239
 0 240
 0 241
 1 242
 0 243
 0 244
 0 245
 0 246
 0 247
 0 248
 0 249
 0 250
 0 251
 0 252
 0 253
 0 254
 0 255
 0 256
 0 257
 0 258
 0 259
 0 260
 0 261
 0 262
 0 263
 0 264
 0 265
 0 266
 0 267
 0 268
 0 269
 0 270
 0 271
 0 272
 0 273
 0 274
 0 275
 0 276
 0 277
 0 278
 0 279
 0 280
 0 281
 1 282
 0 283
 0 284
 0 285
 0 286
 0 287
 1 288
 1 289
 0 290
 1 291
 1 292
 0 293
 0 294
 0 295
 0 296
 2 297
 1 298
 0 299
 1 300
 2 301
 0 302
 1 303
 1 304
 3 305
 2 306
 4 307
 1 308
 2 309
 3 310
 3 311
 1 312
 1 313
 4 314
 0 315
 3 316
 0 317
 1 318
 1 319
 1 320
 2 321
 0 322
 0 323
 3 324
 1 325
 0 326
 1 327
 3 328
 4 329
 3 330
 1 331
 1 332
 1 333
 0 334
 0 335
 1 336
 2 337
 4 338
 5 339
 3 340
 3 341
 2 342
 1 343
 2 344
 2 345
 1 346
 0 347
 0 348
 2 349
 4 350
 0 351
 2 352
 0 353
 0 354
 0 355
 3 356
 0 357
 1 358
 1 359
 0 360
 3 361
 0 362
 0 363
 0 364
 2 365
 1 366
 0 367
 1 368
 1 369
 0 370
 0 371
 0 372
 0 373
 0 374
 1 375
 2 376
 0 377
 1 378
 1 379
 0 380
 0 381
 0 382
 0 383
 1 384
 0 385
 0 386
 0 387
 0 388
 0 389
 0 390
 0 391
 0 392
 0 393
 1 394
 1 395
 1 396
 0 397
 0 398
 0 399
 0 400
 1 401
 0 402
 0 403
 1 404
 0 405
 0 406
 0 407
 1 408
 0 409
 0 410
 0 411
 0 412
 0 413
 0 414
 0 415
 0 416
 0 417
 0 418
 0 419
 0 420
 0 421
 0 422
 0 423
 0 424
 0 425
 0 426
 0 427
 0 428
 0 429
 0 430
 0 431
 0 432
 0 433
 0 434
 0 435
 0 436
 0 437
 0 438
 0 439
 0 440
 0 441
 0 442
 0 443
 0 444
 0 445
 0 446
 0 447
 0 448
 0 449
 0 450
 0 451
 0 452
 0 453
 0 454
 0 455
 0 456
 0 457
 0 458
 0 459
 0 460
 0 461
 0 462
 0 463
 0 464
 0 465
 0 466
 0 467
 0 468
 0 469
 0 470
 0 471
 0 472
 0 473
 0 474
 0 475
 0 476
 0 477
 0 478
 0 479
 0 480
 0 481
 0 482
 0 483
 0 484
 0 485
 0 486
 0 487
 0 488
 0 489
 0 490
 0 491
 0 492
 0 493
 0 494
 0 495
 0 496
 0 497
 0 498
 0 499
 0 500
 0 501
 0 502
 0 503
 0 504
 0 505
 0 506
 0 507
 0 508
 0 509
 0 510
 0 511
 0 512
 0 513
 0 514
 0 515
 0 516
 0 517
 0 518
 0 519
 0 520
 0 521
 0 522
 0 523
 0 524
 0 525
 0 526
 0 527
 0 528
 0 529
 0 530
 0 531
 0 532
 0 533
 0 534
 0 535
 0 536
 0 537
 0 538
 0 539
 0 540
 0 541
 0 542
 0 543
 0 544
 0 545
 0 546
 0 547
 0 548
 0 549
 0 550
 0 551
 0 552
 0 553
 0 554
 0 555
 0 556
 0 557
 0 558
 0 559
 0 560
 0 561
 0 562
 0 563
 0 564
 0 565
 0 566
 0 567
 0 568
 0 569
 0 570
 0 571
 0 572
 0 573
 0 574
 0 575
 0 576
 0 577
 0 578
 0 579
 0 580
 0 581
 0 582
 0 583
 0 584
 0 585
 0 586
 0 587
 0 588
 0 589
 0 590
 0 591
 0 592
 0 593
 0 594
 0 595
 0 596
 0 597
 0 598
 0 599
 0 600


