# Created by Octave 3.8.2, Sat Jun 20 18:43:45 2020 CEST <damian@fptrucha.inv.usc.es>
# name: hd
# type: matrix
# rows: 551
# columns: 2
 0 50
 0 51
 0 52
 0 53
 0 54
 0 55
 0 56
 0 57
 0 58
 0 59
 0 60
 0 61
 0 62
 0 63
 0 64
 0 65
 0 66
 0 67
 0 68
 0 69
 0 70
 0 71
 0 72
 0 73
 0 74
 0 75
 0 76
 0 77
 0 78
 0 79
 0 80
 0 81
 0 82
 0 83
 0 84
 0 85
 0 86
 4 87
 5 88
 20 89
 65 90
 117 91
 183 92
 288 93
 385 94
 561 95
 781 96
 1058 97
 1262 98
 1374 99
 1478 100
 1518 101
 1565 102
 1443 103
 1490 104
 1578 105
 1412 106
 1400 107
 1365 108
 1192 109
 1137 110
 1137 111
 1048 112
 953 113
 857 114
 854 115
 749 116
 656 117
 602 118
 600 119
 513 120
 480 121
 382 122
 390 123
 315 124
 315 125
 272 126
 244 127
 229 128
 168 129
 191 130
 177 131
 179 132
 144 133
 131 134
 120 135
 128 136
 131 137
 90 138
 100 139
 72 140
 77 141
 80 142
 67 143
 73 144
 70 145
 54 146
 57 147
 58 148
 49 149
 51 150
 39 151
 46 152
 28 153
 32 154
 30 155
 27 156
 30 157
 30 158
 32 159
 26 160
 19 161
 9 162
 23 163
 16 164
 14 165
 16 166
 12 167
 11 168
 10 169
 10 170
 12 171
 16 172
 11 173
 3 174
 6 175
 5 176
 8 177
 2 178
 7 179
 7 180
 1 181
 2 182
 0 183
 5 184
 7 185
 3 186
 2 187
 5 188
 3 189
 1 190
 2 191
 2 192
 3 193
 0 194
 1 195
 0 196
 0 197
 0 198
 2 199
 1 200
 1 201
 1 202
 0 203
 1 204
 0 205
 0 206
 0 207
 2 208
 0 209
 3 210
 3 211
 1 212
 1 213
 0 214
 1 215
 1 216
 3 217
 0 218
 0 219
 1 220
 0 221
 0 222
 0 223
 0 224
 0 225
 0 226
 0 227
 0 228
 0 229
 0 230
 0 231
 0 232
 0 233
 0 234
 0 235
 0 236
 0 237
 0 238
 0 239
 0 240
 0 241
 0 242
 1 243
 0 244
 0 245
 0 246
 0 247
 0 248
 0 249
 0 250
 0 251
 0 252
 0 253
 0 254
 0 255
 0 256
 0 257
 0 258
 0 259
 0 260
 0 261
 0 262
 0 263
 0 264
 0 265
 0 266
 0 267
 0 268
 0 269
 1 270
 0 271
 0 272
 0 273
 0 274
 0 275
 0 276
 0 277
 0 278
 0 279
 0 280
 1 281
 0 282
 0 283
 0 284
 1 285
 1 286
 1 287
 0 288
 0 289
 0 290
 0 291
 0 292
 0 293
 0 294
 1 295
 0 296
 1 297
 0 298
 1 299
 0 300
 0 301
 1 302
 1 303
 1 304
 2 305
 0 306
 1 307
 0 308
 1 309
 2 310
 0 311
 1 312
 0 313
 0 314
 0 315
 1 316
 0 317
 0 318
 0 319
 1 320
 3 321
 1 322
 3 323
 1 324
 7 325
 0 326
 0 327
 1 328
 1 329
 2 330
 0 331
 0 332
 4 333
 5 334
 3 335
 2 336
 3 337
 1 338
 3 339
 2 340
 2 341
 3 342
 2 343
 4 344
 0 345
 2 346
 4 347
 3 348
 0 349
 1 350
 0 351
 1 352
 3 353
 1 354
 2 355
 1 356
 2 357
 0 358
 2 359
 2 360
 2 361
 0 362
 3 363
 2 364
 0 365
 0 366
 1 367
 0 368
 0 369
 0 370
 1 371
 1 372
 1 373
 1 374
 0 375
 0 376
 1 377
 0 378
 1 379
 0 380
 1 381
 0 382
 0 383
 0 384
 0 385
 0 386
 0 387
 0 388
 0 389
 0 390
 0 391
 0 392
 0 393
 1 394
 0 395
 2 396
 0 397
 0 398
 0 399
 0 400
 0 401
 0 402
 0 403
 0 404
 0 405
 0 406
 0 407
 0 408
 1 409
 0 410
 0 411
 0 412
 0 413
 0 414
 0 415
 0 416
 0 417
 0 418
 0 419
 0 420
 0 421
 0 422
 0 423
 0 424
 0 425
 0 426
 0 427
 0 428
 0 429
 0 430
 0 431
 0 432
 0 433
 0 434
 0 435
 0 436
 0 437
 0 438
 0 439
 0 440
 0 441
 0 442
 0 443
 0 444
 0 445
 0 446
 0 447
 0 448
 0 449
 0 450
 0 451
 0 452
 0 453
 0 454
 0 455
 0 456
 0 457
 0 458
 0 459
 0 460
 0 461
 0 462
 0 463
 0 464
 0 465
 0 466
 0 467
 0 468
 0 469
 0 470
 0 471
 0 472
 0 473
 0 474
 0 475
 0 476
 0 477
 0 478
 0 479
 0 480
 0 481
 0 482
 0 483
 0 484
 0 485
 0 486
 0 487
 0 488
 0 489
 0 490
 0 491
 0 492
 0 493
 0 494
 0 495
 0 496
 0 497
 0 498
 0 499
 0 500
 0 501
 0 502
 0 503
 0 504
 0 505
 0 506
 0 507
 0 508
 0 509
 0 510
 0 511
 0 512
 0 513
 0 514
 0 515
 0 516
 0 517
 0 518
 0 519
 0 520
 0 521
 0 522
 0 523
 0 524
 0 525
 0 526
 0 527
 0 528
 0 529
 0 530
 0 531
 0 532
 0 533
 0 534
 0 535
 0 536
 0 537
 0 538
 0 539
 0 540
 0 541
 0 542
 0 543
 0 544
 0 545
 0 546
 0 547
 0 548
 0 549
 0 550
 0 551
 0 552
 0 553
 0 554
 0 555
 0 556
 0 557
 0 558
 0 559
 0 560
 0 561
 0 562
 0 563
 0 564
 0 565
 0 566
 0 567
 0 568
 0 569
 0 570
 0 571
 0 572
 0 573
 0 574
 0 575
 0 576
 0 577
 0 578
 0 579
 0 580
 0 581
 0 582
 0 583
 0 584
 0 585
 0 586
 0 587
 0 588
 0 589
 0 590
 0 591
 0 592
 0 593
 0 594
 0 595
 0 596
 0 597
 0 598
 0 599
 0 600


