# Created by Octave 3.8.2, Mon Jun 22 01:55:42 2020 CEST <damian@fptrucha.inv.usc.es>
# name: hd
# type: matrix
# rows: 551
# columns: 2
 0 50
 0 51
 0 52
 0 53
 0 54
 0 55
 0 56
 0 57
 0 58
 0 59
 0 60
 0 61
 0 62
 0 63
 0 64
 0 65
 0 66
 0 67
 0 68
 0 69
 0 70
 0 71
 0 72
 0 73
 0 74
 0 75
 0 76
 0 77
 0 78
 0 79
 0 80
 0 81
 0 82
 0 83
 0 84
 0 85
 0 86
 1 87
 0 88
 6 89
 21 90
 98 91
 179 92
 275 93
 356 94
 512 95
 765 96
 1119 97
 1487 98
 1650 99
 1788 100
 1790 101
 1843 102
 1881 103
 1817 104
 1722 105
 1667 106
 1523 107
 1427 108
 1332 109
 1237 110
 1071 111
 1014 112
 929 113
 813 114
 691 115
 672 116
 551 117
 528 118
 445 119
 425 120
 384 121
 294 122
 275 123
 242 124
 225 125
 228 126
 188 127
 178 128
 154 129
 136 130
 137 131
 104 132
 100 133
 88 134
 98 135
 77 136
 86 137
 82 138
 60 139
 59 140
 48 141
 56 142
 60 143
 46 144
 32 145
 44 146
 46 147
 31 148
 39 149
 24 150
 22 151
 18 152
 20 153
 25 154
 26 155
 25 156
 16 157
 24 158
 13 159
 21 160
 16 161
 17 162
 13 163
 10 164
 3 165
 12 166
 8 167
 4 168
 5 169
 8 170
 10 171
 5 172
 4 173
 4 174
 7 175
 9 176
 1 177
 2 178
 3 179
 5 180
 2 181
 1 182
 1 183
 3 184
 2 185
 4 186
 4 187
 4 188
 1 189
 3 190
 0 191
 2 192
 1 193
 1 194
 2 195
 0 196
 2 197
 1 198
 0 199
 1 200
 0 201
 2 202
 0 203
 0 204
 0 205
 0 206
 0 207
 1 208
 0 209
 1 210
 0 211
 0 212
 2 213
 0 214
 0 215
 0 216
 0 217
 1 218
 0 219
 0 220
 1 221
 0 222
 0 223
 0 224
 0 225
 0 226
 0 227
 0 228
 0 229
 0 230
 0 231
 1 232
 0 233
 1 234
 0 235
 0 236
 0 237
 1 238
 0 239
 0 240
 0 241
 0 242
 0 243
 0 244
 0 245
 0 246
 0 247
 0 248
 0 249
 0 250
 0 251
 0 252
 0 253
 0 254
 0 255
 0 256
 0 257
 0 258
 0 259
 0 260
 0 261
 0 262
 0 263
 0 264
 0 265
 0 266
 0 267
 0 268
 0 269
 0 270
 0 271
 0 272
 0 273
 0 274
 0 275
 0 276
 0 277
 0 278
 0 279
 0 280
 0 281
 0 282
 0 283
 0 284
 0 285
 0 286
 0 287
 0 288
 0 289
 0 290
 0 291
 0 292
 0 293
 0 294
 0 295
 0 296
 0 297
 0 298
 0 299
 0 300
 1 301
 1 302
 0 303
 0 304
 2 305
 1 306
 1 307
 2 308
 0 309
 1 310
 0 311
 0 312
 3 313
 2 314
 0 315
 1 316
 1 317
 1 318
 0 319
 2 320
 0 321
 0 322
 0 323
 0 324
 1 325
 3 326
 4 327
 2 328
 0 329
 2 330
 4 331
 2 332
 1 333
 0 334
 1 335
 0 336
 2 337
 1 338
 1 339
 1 340
 1 341
 3 342
 2 343
 0 344
 2 345
 0 346
 1 347
 1 348
 0 349
 1 350
 3 351
 0 352
 0 353
 0 354
 0 355
 0 356
 2 357
 1 358
 1 359
 1 360
 0 361
 1 362
 0 363
 1 364
 2 365
 2 366
 1 367
 1 368
 0 369
 0 370
 2 371
 0 372
 2 373
 0 374
 0 375
 1 376
 1 377
 0 378
 0 379
 0 380
 0 381
 0 382
 1 383
 0 384
 1 385
 0 386
 0 387
 0 388
 0 389
 1 390
 0 391
 0 392
 0 393
 0 394
 1 395
 0 396
 1 397
 0 398
 0 399
 0 400
 0 401
 0 402
 0 403
 0 404
 0 405
 0 406
 1 407
 0 408
 0 409
 0 410
 0 411
 0 412
 0 413
 0 414
 0 415
 0 416
 0 417
 0 418
 0 419
 0 420
 0 421
 0 422
 0 423
 0 424
 0 425
 0 426
 0 427
 0 428
 0 429
 0 430
 0 431
 0 432
 1 433
 0 434
 0 435
 0 436
 0 437
 0 438
 0 439
 0 440
 0 441
 0 442
 0 443
 0 444
 0 445
 0 446
 0 447
 0 448
 0 449
 0 450
 0 451
 0 452
 0 453
 0 454
 0 455
 0 456
 0 457
 0 458
 0 459
 0 460
 0 461
 0 462
 0 463
 0 464
 0 465
 0 466
 0 467
 0 468
 0 469
 0 470
 0 471
 0 472
 0 473
 0 474
 0 475
 0 476
 0 477
 0 478
 0 479
 0 480
 0 481
 0 482
 0 483
 0 484
 0 485
 0 486
 0 487
 0 488
 0 489
 0 490
 0 491
 0 492
 0 493
 0 494
 0 495
 0 496
 0 497
 0 498
 0 499
 0 500
 0 501
 0 502
 0 503
 0 504
 0 505
 0 506
 0 507
 0 508
 0 509
 0 510
 0 511
 0 512
 0 513
 0 514
 0 515
 0 516
 0 517
 0 518
 0 519
 0 520
 0 521
 0 522
 0 523
 0 524
 0 525
 0 526
 0 527
 0 528
 0 529
 0 530
 0 531
 0 532
 0 533
 0 534
 0 535
 0 536
 0 537
 0 538
 0 539
 0 540
 0 541
 0 542
 0 543
 0 544
 0 545
 0 546
 0 547
 0 548
 0 549
 0 550
 0 551
 0 552
 0 553
 0 554
 0 555
 0 556
 0 557
 0 558
 0 559
 0 560
 0 561
 0 562
 0 563
 0 564
 0 565
 0 566
 0 567
 0 568
 0 569
 0 570
 0 571
 0 572
 0 573
 0 574
 0 575
 0 576
 0 577
 0 578
 0 579
 0 580
 0 581
 0 582
 0 583
 0 584
 0 585
 0 586
 0 587
 0 588
 0 589
 0 590
 0 591
 0 592
 0 593
 0 594
 0 595
 0 596
 0 597
 0 598
 0 599
 0 600


