# Created by Octave 3.8.2, Mon Jun 22 04:09:33 2020 CEST <damian@fptrucha.inv.usc.es>
# name: hd
# type: matrix
# rows: 551
# columns: 2
 0 50
 0 51
 0 52
 0 53
 0 54
 0 55
 0 56
 0 57
 0 58
 0 59
 0 60
 0 61
 0 62
 0 63
 0 64
 0 65
 0 66
 0 67
 0 68
 0 69
 0 70
 0 71
 0 72
 0 73
 0 74
 0 75
 0 76
 0 77
 0 78
 0 79
 0 80
 0 81
 0 82
 0 83
 0 84
 0 85
 0 86
 2 87
 1 88
 12 89
 30 90
 98 91
 215 92
 336 93
 432 94
 548 95
 881 96
 1320 97
 1726 98
 1810 99
 1903 100
 1956 101
 1945 102
 1842 103
 1790 104
 1645 105
 1475 106
 1361 107
 1217 108
 1080 109
 940 110
 850 111
 714 112
 636 113
 610 114
 497 115
 425 116
 348 117
 314 118
 298 119
 276 120
 216 121
 207 122
 159 123
 140 124
 146 125
 151 126
 138 127
 105 128
 92 129
 95 130
 88 131
 83 132
 68 133
 63 134
 64 135
 67 136
 60 137
 52 138
 57 139
 54 140
 56 141
 46 142
 49 143
 35 144
 44 145
 25 146
 27 147
 34 148
 25 149
 27 150
 29 151
 31 152
 23 153
 23 154
 14 155
 16 156
 17 157
 13 158
 19 159
 20 160
 15 161
 14 162
 6 163
 9 164
 10 165
 6 166
 14 167
 6 168
 8 169
 5 170
 7 171
 7 172
 9 173
 5 174
 11 175
 5 176
 6 177
 8 178
 2 179
 4 180
 2 181
 5 182
 4 183
 3 184
 6 185
 3 186
 2 187
 2 188
 3 189
 3 190
 1 191
 3 192
 2 193
 1 194
 1 195
 2 196
 0 197
 2 198
 1 199
 2 200
 1 201
 0 202
 1 203
 1 204
 0 205
 0 206
 0 207
 0 208
 0 209
 0 210
 0 211
 0 212
 0 213
 0 214
 1 215
 1 216
 2 217
 0 218
 0 219
 1 220
 0 221
 0 222
 0 223
 0 224
 0 225
 0 226
 1 227
 0 228
 0 229
 0 230
 0 231
 0 232
 0 233
 0 234
 0 235
 0 236
 0 237
 0 238
 0 239
 0 240
 0 241
 0 242
 0 243
 0 244
 0 245
 0 246
 0 247
 0 248
 0 249
 0 250
 1 251
 0 252
 0 253
 0 254
 0 255
 1 256
 0 257
 0 258
 0 259
 0 260
 0 261
 0 262
 0 263
 0 264
 0 265
 0 266
 0 267
 0 268
 0 269
 0 270
 0 271
 0 272
 0 273
 0 274
 0 275
 0 276
 0 277
 1 278
 0 279
 0 280
 0 281
 0 282
 0 283
 0 284
 0 285
 0 286
 1 287
 0 288
 2 289
 1 290
 1 291
 0 292
 0 293
 0 294
 0 295
 1 296
 1 297
 2 298
 0 299
 1 300
 0 301
 1 302
 0 303
 1 304
 1 305
 0 306
 2 307
 2 308
 1 309
 0 310
 2 311
 0 312
 2 313
 3 314
 3 315
 1 316
 4 317
 3 318
 3 319
 3 320
 3 321
 1 322
 2 323
 5 324
 1 325
 3 326
 2 327
 1 328
 6 329
 2 330
 3 331
 2 332
 0 333
 3 334
 2 335
 0 336
 1 337
 0 338
 1 339
 1 340
 1 341
 2 342
 1 343
 1 344
 1 345
 3 346
 1 347
 0 348
 2 349
 3 350
 0 351
 1 352
 3 353
 1 354
 1 355
 0 356
 0 357
 2 358
 2 359
 0 360
 0 361
 3 362
 2 363
 1 364
 2 365
 2 366
 0 367
 0 368
 2 369
 0 370
 0 371
 1 372
 0 373
 1 374
 0 375
 0 376
 1 377
 0 378
 1 379
 0 380
 0 381
 2 382
 1 383
 0 384
 0 385
 2 386
 1 387
 2 388
 0 389
 0 390
 0 391
 1 392
 0 393
 0 394
 0 395
 0 396
 0 397
 1 398
 1 399
 0 400
 0 401
 0 402
 0 403
 0 404
 0 405
 0 406
 2 407
 0 408
 0 409
 0 410
 0 411
 0 412
 0 413
 0 414
 0 415
 0 416
 0 417
 0 418
 0 419
 0 420
 0 421
 0 422
 0 423
 0 424
 0 425
 0 426
 0 427
 0 428
 0 429
 0 430
 0 431
 0 432
 0 433
 0 434
 0 435
 0 436
 0 437
 0 438
 0 439
 0 440
 0 441
 0 442
 0 443
 0 444
 0 445
 0 446
 0 447
 0 448
 0 449
 0 450
 0 451
 0 452
 0 453
 0 454
 0 455
 0 456
 0 457
 0 458
 0 459
 0 460
 0 461
 0 462
 0 463
 0 464
 0 465
 0 466
 0 467
 0 468
 0 469
 0 470
 0 471
 0 472
 0 473
 0 474
 0 475
 0 476
 0 477
 0 478
 0 479
 0 480
 0 481
 0 482
 0 483
 0 484
 0 485
 0 486
 0 487
 0 488
 0 489
 0 490
 0 491
 0 492
 0 493
 0 494
 0 495
 0 496
 0 497
 0 498
 0 499
 0 500
 0 501
 0 502
 0 503
 0 504
 0 505
 0 506
 0 507
 0 508
 0 509
 0 510
 0 511
 0 512
 0 513
 0 514
 0 515
 0 516
 0 517
 0 518
 0 519
 0 520
 0 521
 0 522
 0 523
 0 524
 0 525
 0 526
 0 527
 0 528
 0 529
 0 530
 0 531
 0 532
 0 533
 0 534
 0 535
 0 536
 0 537
 0 538
 0 539
 0 540
 0 541
 0 542
 0 543
 0 544
 0 545
 0 546
 0 547
 0 548
 0 549
 0 550
 0 551
 0 552
 0 553
 0 554
 0 555
 0 556
 0 557
 0 558
 0 559
 0 560
 0 561
 0 562
 0 563
 0 564
 0 565
 0 566
 0 567
 0 568
 0 569
 0 570
 0 571
 0 572
 0 573
 0 574
 0 575
 0 576
 0 577
 0 578
 0 579
 0 580
 0 581
 0 582
 0 583
 0 584
 0 585
 0 586
 0 587
 0 588
 0 589
 0 590
 0 591
 0 592
 0 593
 0 594
 0 595
 0 596
 0 597
 0 598
 0 599
 0 600


