# Created by Octave 3.8.2, Sun Jun 21 03:37:47 2020 CEST <damian@fptrucha.inv.usc.es>
# name: hd
# type: matrix
# rows: 551
# columns: 2
 0 50
 0 51
 0 52
 0 53
 0 54
 0 55
 0 56
 0 57
 0 58
 0 59
 0 60
 0 61
 0 62
 0 63
 0 64
 0 65
 0 66
 0 67
 0 68
 0 69
 0 70
 0 71
 0 72
 0 73
 0 74
 0 75
 0 76
 0 77
 0 78
 0 79
 0 80
 0 81
 0 82
 0 83
 0 84
 0 85
 1 86
 2 87
 6 88
 21 89
 68 90
 129 91
 199 92
 290 93
 402 94
 571 95
 792 96
 1093 97
 1310 98
 1404 99
 1506 100
 1550 101
 1633 102
 1617 103
 1580 104
 1578 105
 1418 106
 1366 107
 1256 108
 1235 109
 1188 110
 1090 111
 1033 112
 910 113
 830 114
 815 115
 712 116
 602 117
 540 118
 481 119
 485 120
 434 121
 399 122
 380 123
 318 124
 277 125
 224 126
 235 127
 206 128
 165 129
 166 130
 157 131
 153 132
 130 133
 114 134
 114 135
 99 136
 89 137
 94 138
 73 139
 66 140
 63 141
 60 142
 74 143
 55 144
 56 145
 41 146
 52 147
 45 148
 63 149
 47 150
 46 151
 32 152
 21 153
 30 154
 37 155
 24 156
 14 157
 22 158
 20 159
 29 160
 14 161
 20 162
 15 163
 15 164
 15 165
 6 166
 12 167
 16 168
 12 169
 6 170
 10 171
 2 172
 2 173
 6 174
 7 175
 9 176
 5 177
 3 178
 9 179
 3 180
 3 181
 2 182
 3 183
 1 184
 5 185
 4 186
 3 187
 2 188
 4 189
 2 190
 2 191
 0 192
 5 193
 0 194
 3 195
 2 196
 2 197
 2 198
 1 199
 2 200
 1 201
 1 202
 2 203
 1 204
 0 205
 1 206
 2 207
 1 208
 0 209
 0 210
 0 211
 0 212
 1 213
 0 214
 1 215
 0 216
 1 217
 0 218
 0 219
 0 220
 0 221
 1 222
 0 223
 0 224
 0 225
 1 226
 0 227
 0 228
 0 229
 1 230
 0 231
 0 232
 0 233
 0 234
 0 235
 0 236
 0 237
 1 238
 0 239
 0 240
 0 241
 0 242
 0 243
 0 244
 0 245
 0 246
 0 247
 0 248
 0 249
 0 250
 0 251
 0 252
 0 253
 0 254
 0 255
 0 256
 0 257
 0 258
 0 259
 0 260
 0 261
 0 262
 0 263
 0 264
 0 265
 0 266
 0 267
 0 268
 0 269
 0 270
 0 271
 0 272
 0 273
 0 274
 0 275
 0 276
 0 277
 0 278
 0 279
 0 280
 0 281
 0 282
 0 283
 0 284
 0 285
 0 286
 0 287
 0 288
 0 289
 1 290
 0 291
 0 292
 0 293
 0 294
 0 295
 0 296
 0 297
 0 298
 0 299
 0 300
 1 301
 0 302
 1 303
 3 304
 1 305
 1 306
 4 307
 2 308
 3 309
 1 310
 1 311
 0 312
 3 313
 1 314
 0 315
 0 316
 1 317
 3 318
 1 319
 1 320
 3 321
 1 322
 0 323
 1 324
 1 325
 4 326
 0 327
 3 328
 3 329
 0 330
 2 331
 0 332
 1 333
 2 334
 0 335
 2 336
 0 337
 1 338
 1 339
 0 340
 1 341
 1 342
 2 343
 0 344
 4 345
 2 346
 1 347
 1 348
 3 349
 1 350
 3 351
 1 352
 1 353
 2 354
 4 355
 2 356
 3 357
 3 358
 1 359
 2 360
 0 361
 1 362
 3 363
 0 364
 0 365
 0 366
 0 367
 0 368
 4 369
 1 370
 0 371
 0 372
 1 373
 0 374
 0 375
 0 376
 0 377
 1 378
 0 379
 1 380
 0 381
 1 382
 2 383
 1 384
 1 385
 1 386
 0 387
 1 388
 0 389
 0 390
 0 391
 0 392
 0 393
 0 394
 0 395
 0 396
 0 397
 0 398
 0 399
 1 400
 0 401
 0 402
 0 403
 0 404
 0 405
 0 406
 0 407
 0 408
 0 409
 0 410
 0 411
 0 412
 0 413
 0 414
 0 415
 0 416
 0 417
 0 418
 0 419
 0 420
 0 421
 0 422
 0 423
 0 424
 0 425
 0 426
 0 427
 0 428
 0 429
 0 430
 0 431
 0 432
 0 433
 0 434
 0 435
 0 436
 0 437
 0 438
 0 439
 0 440
 0 441
 0 442
 0 443
 0 444
 0 445
 0 446
 0 447
 0 448
 0 449
 0 450
 0 451
 0 452
 0 453
 0 454
 0 455
 0 456
 0 457
 0 458
 0 459
 0 460
 0 461
 0 462
 0 463
 0 464
 0 465
 0 466
 0 467
 0 468
 0 469
 0 470
 0 471
 0 472
 0 473
 0 474
 0 475
 0 476
 0 477
 0 478
 0 479
 0 480
 0 481
 0 482
 0 483
 0 484
 0 485
 0 486
 0 487
 0 488
 0 489
 0 490
 0 491
 0 492
 0 493
 0 494
 0 495
 0 496
 0 497
 0 498
 0 499
 0 500
 0 501
 0 502
 0 503
 0 504
 0 505
 0 506
 0 507
 0 508
 0 509
 0 510
 0 511
 0 512
 0 513
 0 514
 0 515
 0 516
 0 517
 0 518
 0 519
 0 520
 0 521
 0 522
 0 523
 0 524
 0 525
 0 526
 0 527
 0 528
 0 529
 0 530
 0 531
 0 532
 0 533
 0 534
 0 535
 0 536
 0 537
 0 538
 0 539
 0 540
 0 541
 0 542
 0 543
 0 544
 0 545
 0 546
 0 547
 0 548
 0 549
 0 550
 0 551
 0 552
 0 553
 0 554
 0 555
 0 556
 0 557
 0 558
 0 559
 0 560
 0 561
 0 562
 0 563
 0 564
 0 565
 0 566
 0 567
 0 568
 0 569
 0 570
 0 571
 0 572
 0 573
 0 574
 0 575
 0 576
 0 577
 0 578
 0 579
 0 580
 0 581
 0 582
 0 583
 0 584
 0 585
 0 586
 0 587
 0 588
 0 589
 0 590
 0 591
 0 592
 0 593
 0 594
 0 595
 0 596
 0 597
 0 598
 0 599
 0 600


