# Created by Octave 3.8.2, Mon Jun 22 07:58:12 2020 CEST <damian@fptrucha.inv.usc.es>
# name: hd
# type: matrix
# rows: 551
# columns: 2
 0 50
 0 51
 0 52
 0 53
 0 54
 0 55
 0 56
 0 57
 0 58
 0 59
 0 60
 0 61
 0 62
 0 63
 0 64
 0 65
 0 66
 0 67
 0 68
 0 69
 0 70
 0 71
 0 72
 0 73
 0 74
 0 75
 0 76
 0 77
 0 78
 0 79
 0 80
 0 81
 0 82
 0 83
 0 84
 0 85
 0 86
 1 87
 4 88
 9 89
 31 90
 108 91
 162 92
 270 93
 342 94
 458 95
 702 96
 1099 97
 1342 98
 1480 99
 1575 100
 1689 101
 1805 102
 1691 103
 1693 104
 1553 105
 1450 106
 1394 107
 1334 108
 1136 109
 1073 110
 1010 111
 960 112
 816 113
 722 114
 667 115
 610 116
 549 117
 524 118
 478 119
 406 120
 372 121
 315 122
 286 123
 233 124
 242 125
 203 126
 179 127
 212 128
 177 129
 155 130
 155 131
 137 132
 129 133
 107 134
 112 135
 101 136
 105 137
 75 138
 81 139
 77 140
 70 141
 64 142
 73 143
 61 144
 55 145
 60 146
 51 147
 62 148
 51 149
 38 150
 43 151
 39 152
 57 153
 32 154
 27 155
 29 156
 39 157
 26 158
 28 159
 28 160
 13 161
 24 162
 16 163
 23 164
 28 165
 18 166
 19 167
 11 168
 10 169
 7 170
 14 171
 8 172
 12 173
 11 174
 3 175
 9 176
 6 177
 8 178
 7 179
 9 180
 10 181
 8 182
 7 183
 2 184
 3 185
 4 186
 1 187
 6 188
 3 189
 4 190
 3 191
 0 192
 0 193
 1 194
 1 195
 0 196
 1 197
 1 198
 1 199
 3 200
 1 201
 1 202
 1 203
 1 204
 3 205
 1 206
 1 207
 1 208
 0 209
 2 210
 1 211
 0 212
 1 213
 0 214
 0 215
 0 216
 1 217
 0 218
 0 219
 0 220
 0 221
 0 222
 0 223
 0 224
 0 225
 0 226
 0 227
 0 228
 0 229
 0 230
 0 231
 0 232
 0 233
 0 234
 0 235
 0 236
 0 237
 0 238
 0 239
 0 240
 0 241
 0 242
 0 243
 0 244
 0 245
 0 246
 0 247
 0 248
 0 249
 0 250
 0 251
 0 252
 0 253
 0 254
 0 255
 0 256
 0 257
 0 258
 0 259
 0 260
 0 261
 0 262
 0 263
 0 264
 0 265
 0 266
 0 267
 0 268
 0 269
 0 270
 0 271
 0 272
 0 273
 0 274
 0 275
 1 276
 1 277
 0 278
 0 279
 0 280
 0 281
 0 282
 0 283
 0 284
 0 285
 0 286
 0 287
 0 288
 0 289
 1 290
 1 291
 1 292
 2 293
 0 294
 1 295
 1 296
 1 297
 0 298
 0 299
 2 300
 1 301
 1 302
 0 303
 3 304
 0 305
 1 306
 2 307
 1 308
 2 309
 5 310
 2 311
 3 312
 2 313
 2 314
 1 315
 6 316
 1 317
 7 318
 1 319
 4 320
 6 321
 3 322
 2 323
 4 324
 3 325
 1 326
 2 327
 4 328
 2 329
 2 330
 1 331
 2 332
 2 333
 0 334
 3 335
 2 336
 2 337
 2 338
 1 339
 1 340
 1 341
 0 342
 4 343
 1 344
 1 345
 2 346
 1 347
 1 348
 1 349
 0 350
 3 351
 1 352
 4 353
 2 354
 0 355
 0 356
 1 357
 1 358
 3 359
 2 360
 2 361
 1 362
 2 363
 2 364
 3 365
 2 366
 4 367
 1 368
 1 369
 1 370
 0 371
 3 372
 1 373
 0 374
 0 375
 0 376
 0 377
 1 378
 0 379
 1 380
 0 381
 1 382
 0 383
 1 384
 1 385
 0 386
 0 387
 1 388
 0 389
 2 390
 0 391
 2 392
 0 393
 0 394
 1 395
 1 396
 0 397
 1 398
 0 399
 0 400
 0 401
 1 402
 0 403
 0 404
 0 405
 0 406
 0 407
 0 408
 0 409
 0 410
 0 411
 0 412
 0 413
 0 414
 0 415
 0 416
 0 417
 0 418
 0 419
 0 420
 0 421
 0 422
 0 423
 1 424
 0 425
 0 426
 0 427
 0 428
 0 429
 0 430
 0 431
 0 432
 0 433
 0 434
 0 435
 0 436
 0 437
 0 438
 0 439
 0 440
 0 441
 0 442
 0 443
 0 444
 0 445
 0 446
 0 447
 0 448
 0 449
 0 450
 0 451
 0 452
 0 453
 0 454
 0 455
 0 456
 0 457
 0 458
 0 459
 0 460
 0 461
 0 462
 0 463
 0 464
 0 465
 0 466
 0 467
 0 468
 0 469
 0 470
 0 471
 0 472
 0 473
 0 474
 0 475
 0 476
 0 477
 0 478
 0 479
 0 480
 0 481
 0 482
 0 483
 0 484
 0 485
 0 486
 0 487
 0 488
 0 489
 0 490
 0 491
 0 492
 0 493
 0 494
 0 495
 0 496
 0 497
 0 498
 0 499
 0 500
 0 501
 0 502
 0 503
 0 504
 0 505
 0 506
 0 507
 0 508
 0 509
 0 510
 0 511
 0 512
 0 513
 0 514
 0 515
 0 516
 0 517
 0 518
 0 519
 0 520
 0 521
 0 522
 0 523
 0 524
 0 525
 0 526
 0 527
 0 528
 0 529
 0 530
 0 531
 0 532
 0 533
 0 534
 0 535
 0 536
 0 537
 0 538
 0 539
 0 540
 0 541
 0 542
 0 543
 0 544
 0 545
 0 546
 0 547
 0 548
 0 549
 0 550
 0 551
 0 552
 0 553
 0 554
 0 555
 0 556
 0 557
 0 558
 0 559
 0 560
 0 561
 0 562
 0 563
 0 564
 0 565
 0 566
 0 567
 0 568
 0 569
 0 570
 0 571
 0 572
 0 573
 0 574
 0 575
 0 576
 0 577
 0 578
 0 579
 0 580
 0 581
 0 582
 0 583
 0 584
 0 585
 0 586
 0 587
 0 588
 0 589
 0 590
 0 591
 0 592
 0 593
 0 594
 0 595
 0 596
 0 597
 0 598
 0 599
 0 600


