# Created by Octave 3.8.2, Mon Jun 22 06:59:38 2020 CEST <damian@fptrucha.inv.usc.es>
# name: hd
# type: matrix
# rows: 551
# columns: 2
 0 50
 0 51
 0 52
 0 53
 0 54
 0 55
 0 56
 0 57
 0 58
 0 59
 0 60
 0 61
 0 62
 0 63
 0 64
 0 65
 0 66
 0 67
 0 68
 0 69
 0 70
 0 71
 0 72
 0 73
 0 74
 0 75
 0 76
 0 77
 0 78
 0 79
 0 80
 0 81
 0 82
 0 83
 0 84
 0 85
 0 86
 0 87
 3 88
 7 89
 32 90
 88 91
 158 92
 278 93
 352 94
 466 95
 678 96
 1026 97
 1374 98
 1512 99
 1646 100
 1678 101
 1752 102
 1706 103
 1608 104
 1543 105
 1518 106
 1316 107
 1297 108
 1210 109
 1124 110
 969 111
 853 112
 818 113
 725 114
 693 115
 561 116
 506 117
 424 118
 389 119
 370 120
 350 121
 335 122
 255 123
 251 124
 263 125
 211 126
 204 127
 173 128
 154 129
 149 130
 113 131
 115 132
 112 133
 107 134
 102 135
 108 136
 95 137
 79 138
 73 139
 77 140
 82 141
 75 142
 68 143
 46 144
 55 145
 57 146
 56 147
 65 148
 42 149
 47 150
 42 151
 39 152
 34 153
 27 154
 35 155
 27 156
 28 157
 25 158
 31 159
 27 160
 23 161
 25 162
 27 163
 18 164
 29 165
 20 166
 13 167
 13 168
 25 169
 9 170
 14 171
 12 172
 8 173
 7 174
 8 175
 9 176
 7 177
 11 178
 5 179
 5 180
 11 181
 6 182
 7 183
 12 184
 3 185
 10 186
 4 187
 1 188
 3 189
 1 190
 6 191
 0 192
 3 193
 2 194
 0 195
 2 196
 3 197
 2 198
 1 199
 1 200
 0 201
 0 202
 0 203
 1 204
 2 205
 1 206
 1 207
 0 208
 2 209
 0 210
 1 211
 1 212
 0 213
 1 214
 1 215
 0 216
 0 217
 0 218
 0 219
 0 220
 0 221
 1 222
 0 223
 0 224
 0 225
 0 226
 1 227
 0 228
 0 229
 1 230
 0 231
 0 232
 0 233
 0 234
 0 235
 0 236
 0 237
 0 238
 0 239
 0 240
 1 241
 0 242
 0 243
 0 244
 0 245
 0 246
 0 247
 0 248
 0 249
 0 250
 0 251
 0 252
 0 253
 0 254
 0 255
 0 256
 0 257
 0 258
 0 259
 0 260
 0 261
 0 262
 0 263
 0 264
 0 265
 0 266
 0 267
 0 268
 0 269
 0 270
 0 271
 0 272
 0 273
 0 274
 0 275
 0 276
 0 277
 0 278
 0 279
 1 280
 0 281
 0 282
 0 283
 0 284
 0 285
 1 286
 0 287
 1 288
 2 289
 1 290
 0 291
 0 292
 1 293
 1 294
 1 295
 0 296
 0 297
 1 298
 0 299
 0 300
 3 301
 1 302
 0 303
 1 304
 4 305
 1 306
 2 307
 2 308
 5 309
 3 310
 3 311
 2 312
 4 313
 5 314
 2 315
 3 316
 0 317
 4 318
 1 319
 2 320
 1 321
 2 322
 4 323
 3 324
 1 325
 1 326
 2 327
 5 328
 3 329
 4 330
 0 331
 4 332
 1 333
 2 334
 2 335
 5 336
 0 337
 3 338
 11 339
 0 340
 1 341
 4 342
 1 343
 0 344
 2 345
 1 346
 1 347
 0 348
 3 349
 5 350
 4 351
 1 352
 2 353
 1 354
 2 355
 1 356
 3 357
 0 358
 4 359
 2 360
 4 361
 2 362
 1 363
 1 364
 0 365
 1 366
 3 367
 0 368
 1 369
 1 370
 0 371
 0 372
 0 373
 3 374
 2 375
 3 376
 0 377
 1 378
 0 379
 2 380
 1 381
 0 382
 1 383
 2 384
 0 385
 1 386
 0 387
 0 388
 0 389
 0 390
 0 391
 0 392
 0 393
 0 394
 0 395
 1 396
 0 397
 0 398
 0 399
 0 400
 0 401
 0 402
 0 403
 0 404
 1 405
 0 406
 0 407
 0 408
 0 409
 0 410
 0 411
 0 412
 0 413
 0 414
 0 415
 0 416
 0 417
 0 418
 0 419
 0 420
 0 421
 0 422
 0 423
 0 424
 0 425
 1 426
 0 427
 0 428
 0 429
 0 430
 0 431
 1 432
 0 433
 0 434
 0 435
 0 436
 0 437
 0 438
 0 439
 0 440
 0 441
 0 442
 0 443
 0 444
 0 445
 0 446
 0 447
 0 448
 0 449
 0 450
 0 451
 0 452
 0 453
 0 454
 0 455
 0 456
 0 457
 0 458
 0 459
 0 460
 0 461
 0 462
 0 463
 0 464
 0 465
 0 466
 0 467
 0 468
 0 469
 0 470
 0 471
 0 472
 0 473
 0 474
 0 475
 0 476
 0 477
 0 478
 0 479
 0 480
 0 481
 0 482
 0 483
 0 484
 0 485
 0 486
 0 487
 0 488
 0 489
 0 490
 0 491
 0 492
 0 493
 0 494
 0 495
 0 496
 0 497
 0 498
 0 499
 0 500
 0 501
 0 502
 0 503
 0 504
 0 505
 0 506
 0 507
 0 508
 0 509
 0 510
 0 511
 0 512
 0 513
 0 514
 0 515
 0 516
 0 517
 0 518
 0 519
 0 520
 0 521
 0 522
 0 523
 0 524
 0 525
 0 526
 0 527
 0 528
 0 529
 0 530
 0 531
 0 532
 0 533
 0 534
 0 535
 0 536
 0 537
 0 538
 0 539
 0 540
 0 541
 0 542
 0 543
 0 544
 0 545
 0 546
 0 547
 0 548
 0 549
 0 550
 0 551
 0 552
 0 553
 0 554
 0 555
 0 556
 0 557
 0 558
 0 559
 0 560
 0 561
 0 562
 0 563
 0 564
 0 565
 0 566
 0 567
 0 568
 0 569
 0 570
 0 571
 0 572
 0 573
 0 574
 0 575
 0 576
 0 577
 0 578
 0 579
 0 580
 0 581
 0 582
 0 583
 0 584
 0 585
 0 586
 0 587
 0 588
 0 589
 0 590
 0 591
 0 592
 0 593
 0 594
 0 595
 0 596
 0 597
 0 598
 0 599
 0 600


