# Created by Octave 3.8.2, Sat Jun 20 02:28:17 2020 CEST <damian@fptrucha.inv.usc.es>
# name: hd
# type: matrix
# rows: 551
# columns: 2
 0 50
 0 51
 0 52
 0 53
 0 54
 0 55
 0 56
 0 57
 0 58
 0 59
 0 60
 0 61
 0 62
 0 63
 0 64
 0 65
 0 66
 0 67
 0 68
 0 69
 0 70
 0 71
 0 72
 0 73
 0 74
 0 75
 0 76
 0 77
 0 78
 0 79
 0 80
 0 81
 0 82
 0 83
 0 84
 0 85
 0 86
 5 87
 6 88
 21 89
 69 90
 151 91
 216 92
 273 93
 414 94
 543 95
 876 96
 1202 97
 1371 98
 1475 99
 1636 100
 1629 101
 1725 102
 1706 103
 1699 104
 1514 105
 1512 106
 1456 107
 1329 108
 1320 109
 1254 110
 1181 111
 1083 112
 959 113
 918 114
 874 115
 769 116
 775 117
 587 118
 622 119
 539 120
 460 121
 451 122
 388 123
 341 124
 304 125
 317 126
 295 127
 260 128
 215 129
 220 130
 212 131
 193 132
 134 133
 165 134
 160 135
 139 136
 113 137
 117 138
 117 139
 114 140
 97 141
 99 142
 85 143
 76 144
 79 145
 76 146
 70 147
 62 148
 51 149
 62 150
 47 151
 55 152
 48 153
 49 154
 41 155
 39 156
 36 157
 41 158
 35 159
 29 160
 34 161
 35 162
 36 163
 18 164
 25 165
 23 166
 19 167
 17 168
 14 169
 17 170
 17 171
 20 172
 11 173
 14 174
 10 175
 20 176
 13 177
 12 178
 9 179
 15 180
 9 181
 9 182
 5 183
 7 184
 6 185
 6 186
 6 187
 3 188
 1 189
 5 190
 1 191
 2 192
 1 193
 2 194
 4 195
 0 196
 2 197
 0 198
 3 199
 1 200
 0 201
 2 202
 1 203
 2 204
 0 205
 1 206
 1 207
 3 208
 1 209
 2 210
 0 211
 1 212
 0 213
 0 214
 1 215
 0 216
 0 217
 1 218
 1 219
 2 220
 1 221
 0 222
 0 223
 0 224
 1 225
 1 226
 0 227
 1 228
 0 229
 0 230
 0 231
 0 232
 0 233
 1 234
 1 235
 0 236
 0 237
 0 238
 1 239
 0 240
 0 241
 0 242
 0 243
 0 244
 0 245
 0 246
 0 247
 0 248
 0 249
 0 250
 0 251
 0 252
 0 253
 0 254
 0 255
 0 256
 0 257
 0 258
 0 259
 0 260
 1 261
 0 262
 0 263
 0 264
 0 265
 0 266
 0 267
 0 268
 0 269
 0 270
 0 271
 0 272
 1 273
 0 274
 0 275
 0 276
 0 277
 0 278
 0 279
 0 280
 0 281
 1 282
 0 283
 0 284
 0 285
 0 286
 0 287
 0 288
 0 289
 1 290
 1 291
 0 292
 0 293
 0 294
 1 295
 1 296
 3 297
 1 298
 1 299
 0 300
 1 301
 0 302
 2 303
 2 304
 0 305
 0 306
 0 307
 3 308
 1 309
 3 310
 6 311
 3 312
 0 313
 2 314
 0 315
 1 316
 2 317
 4 318
 1 319
 2 320
 5 321
 3 322
 2 323
 0 324
 1 325
 1 326
 3 327
 5 328
 3 329
 2 330
 0 331
 1 332
 0 333
 3 334
 1 335
 5 336
 0 337
 0 338
 2 339
 1 340
 4 341
 6 342
 4 343
 4 344
 3 345
 1 346
 2 347
 1 348
 6 349
 3 350
 1 351
 1 352
 1 353
 1 354
 3 355
 2 356
 1 357
 2 358
 2 359
 0 360
 0 361
 1 362
 1 363
 2 364
 1 365
 0 366
 1 367
 0 368
 0 369
 0 370
 2 371
 0 372
 1 373
 0 374
 0 375
 0 376
 0 377
 0 378
 0 379
 0 380
 2 381
 2 382
 1 383
 1 384
 2 385
 2 386
 0 387
 0 388
 0 389
 1 390
 0 391
 0 392
 0 393
 1 394
 1 395
 0 396
 0 397
 0 398
 0 399
 0 400
 0 401
 1 402
 0 403
 0 404
 0 405
 0 406
 0 407
 0 408
 0 409
 0 410
 0 411
 0 412
 0 413
 0 414
 0 415
 0 416
 0 417
 0 418
 0 419
 0 420
 0 421
 0 422
 0 423
 0 424
 0 425
 0 426
 0 427
 0 428
 0 429
 0 430
 0 431
 0 432
 0 433
 0 434
 0 435
 0 436
 0 437
 0 438
 0 439
 0 440
 0 441
 0 442
 0 443
 0 444
 0 445
 0 446
 0 447
 0 448
 0 449
 0 450
 0 451
 0 452
 0 453
 0 454
 0 455
 0 456
 0 457
 0 458
 0 459
 0 460
 0 461
 0 462
 0 463
 0 464
 0 465
 0 466
 0 467
 0 468
 0 469
 0 470
 0 471
 0 472
 0 473
 0 474
 0 475
 0 476
 0 477
 0 478
 0 479
 0 480
 0 481
 0 482
 0 483
 0 484
 0 485
 0 486
 0 487
 0 488
 0 489
 0 490
 0 491
 0 492
 0 493
 0 494
 0 495
 0 496
 0 497
 0 498
 0 499
 0 500
 0 501
 0 502
 0 503
 0 504
 0 505
 0 506
 0 507
 0 508
 0 509
 0 510
 0 511
 0 512
 0 513
 0 514
 0 515
 0 516
 0 517
 0 518
 0 519
 0 520
 0 521
 0 522
 0 523
 0 524
 0 525
 0 526
 0 527
 0 528
 0 529
 0 530
 0 531
 0 532
 0 533
 0 534
 0 535
 0 536
 0 537
 0 538
 0 539
 0 540
 0 541
 0 542
 0 543
 0 544
 0 545
 0 546
 0 547
 0 548
 0 549
 0 550
 0 551
 0 552
 0 553
 0 554
 0 555
 0 556
 0 557
 0 558
 0 559
 0 560
 0 561
 0 562
 0 563
 0 564
 0 565
 0 566
 0 567
 0 568
 0 569
 0 570
 0 571
 0 572
 0 573
 0 574
 0 575
 0 576
 0 577
 0 578
 0 579
 0 580
 0 581
 0 582
 0 583
 0 584
 0 585
 0 586
 0 587
 0 588
 0 589
 0 590
 0 591
 0 592
 0 593
 0 594
 0 595
 0 596
 0 597
 0 598
 0 599
 0 600


