# Created by Octave 3.8.2, Mon Jun 22 11:24:42 2020 CEST <damian@fptrucha.inv.usc.es>
# name: hd
# type: matrix
# rows: 551
# columns: 2
 0 50
 0 51
 0 52
 0 53
 0 54
 0 55
 0 56
 0 57
 0 58
 0 59
 0 60
 0 61
 0 62
 0 63
 0 64
 0 65
 0 66
 0 67
 0 68
 0 69
 0 70
 0 71
 0 72
 0 73
 0 74
 0 75
 0 76
 0 77
 0 78
 0 79
 0 80
 0 81
 0 82
 0 83
 0 84
 0 85
 0 86
 0 87
 1 88
 11 89
 43 90
 110 91
 189 92
 307 93
 388 94
 562 95
 805 96
 1201 97
 1417 98
 1655 99
 1793 100
 1842 101
 1785 102
 1763 103
 1761 104
 1636 105
 1517 106
 1454 107
 1305 108
 1248 109
 1116 110
 1008 111
 909 112
 827 113
 770 114
 686 115
 596 116
 469 117
 482 118
 418 119
 372 120
 331 121
 323 122
 260 123
 273 124
 225 125
 202 126
 178 127
 162 128
 148 129
 143 130
 122 131
 130 132
 91 133
 116 134
 122 135
 96 136
 85 137
 78 138
 80 139
 85 140
 73 141
 72 142
 56 143
 51 144
 44 145
 59 146
 56 147
 35 148
 45 149
 40 150
 40 151
 36 152
 25 153
 31 154
 20 155
 26 156
 33 157
 25 158
 24 159
 33 160
 21 161
 22 162
 16 163
 20 164
 19 165
 23 166
 11 167
 14 168
 15 169
 8 170
 7 171
 8 172
 13 173
 6 174
 16 175
 15 176
 7 177
 5 178
 8 179
 5 180
 5 181
 1 182
 6 183
 6 184
 4 185
 6 186
 2 187
 3 188
 2 189
 2 190
 5 191
 4 192
 3 193
 3 194
 0 195
 4 196
 3 197
 4 198
 1 199
 1 200
 0 201
 2 202
 1 203
 1 204
 1 205
 1 206
 1 207
 1 208
 0 209
 1 210
 0 211
 1 212
 1 213
 0 214
 0 215
 0 216
 0 217
 1 218
 0 219
 1 220
 1 221
 1 222
 0 223
 0 224
 0 225
 0 226
 0 227
 1 228
 0 229
 0 230
 0 231
 0 232
 0 233
 0 234
 0 235
 0 236
 0 237
 0 238
 0 239
 0 240
 0 241
 0 242
 0 243
 0 244
 0 245
 0 246
 0 247
 0 248
 0 249
 0 250
 0 251
 0 252
 0 253
 0 254
 0 255
 0 256
 0 257
 0 258
 0 259
 0 260
 0 261
 0 262
 0 263
 0 264
 0 265
 0 266
 0 267
 0 268
 0 269
 0 270
 0 271
 0 272
 0 273
 0 274
 0 275
 0 276
 1 277
 0 278
 0 279
 0 280
 0 281
 0 282
 0 283
 0 284
 0 285
 0 286
 0 287
 1 288
 0 289
 1 290
 1 291
 1 292
 0 293
 0 294
 1 295
 3 296
 0 297
 1 298
 1 299
 2 300
 4 301
 1 302
 1 303
 1 304
 2 305
 2 306
 2 307
 2 308
 3 309
 2 310
 1 311
 3 312
 1 313
 5 314
 0 315
 1 316
 2 317
 3 318
 4 319
 2 320
 3 321
 4 322
 1 323
 5 324
 2 325
 7 326
 3 327
 0 328
 2 329
 3 330
 3 331
 4 332
 2 333
 2 334
 5 335
 2 336
 2 337
 2 338
 5 339
 1 340
 3 341
 2 342
 2 343
 2 344
 3 345
 4 346
 1 347
 3 348
 3 349
 2 350
 0 351
 2 352
 3 353
 0 354
 2 355
 0 356
 2 357
 2 358
 2 359
 0 360
 0 361
 1 362
 1 363
 1 364
 0 365
 0 366
 0 367
 3 368
 2 369
 3 370
 0 371
 1 372
 1 373
 1 374
 0 375
 3 376
 1 377
 2 378
 0 379
 0 380
 1 381
 1 382
 0 383
 3 384
 0 385
 0 386
 0 387
 0 388
 2 389
 1 390
 1 391
 0 392
 0 393
 0 394
 0 395
 1 396
 0 397
 0 398
 0 399
 1 400
 0 401
 0 402
 0 403
 0 404
 1 405
 0 406
 0 407
 0 408
 0 409
 0 410
 0 411
 0 412
 0 413
 0 414
 0 415
 0 416
 0 417
 0 418
 0 419
 0 420
 0 421
 0 422
 0 423
 0 424
 0 425
 0 426
 0 427
 0 428
 0 429
 0 430
 0 431
 0 432
 0 433
 0 434
 0 435
 0 436
 0 437
 0 438
 0 439
 0 440
 0 441
 0 442
 0 443
 0 444
 0 445
 0 446
 0 447
 0 448
 0 449
 0 450
 0 451
 0 452
 0 453
 0 454
 0 455
 0 456
 0 457
 0 458
 0 459
 0 460
 0 461
 0 462
 0 463
 0 464
 0 465
 0 466
 0 467
 0 468
 0 469
 0 470
 0 471
 0 472
 0 473
 0 474
 0 475
 0 476
 0 477
 0 478
 0 479
 0 480
 0 481
 0 482
 0 483
 0 484
 0 485
 0 486
 0 487
 0 488
 0 489
 0 490
 0 491
 0 492
 0 493
 0 494
 0 495
 0 496
 0 497
 0 498
 0 499
 0 500
 0 501
 0 502
 0 503
 0 504
 0 505
 0 506
 0 507
 0 508
 0 509
 0 510
 0 511
 0 512
 0 513
 0 514
 0 515
 0 516
 0 517
 0 518
 0 519
 0 520
 0 521
 0 522
 0 523
 0 524
 0 525
 0 526
 0 527
 0 528
 0 529
 0 530
 0 531
 0 532
 0 533
 0 534
 0 535
 0 536
 0 537
 0 538
 0 539
 0 540
 0 541
 0 542
 0 543
 0 544
 0 545
 0 546
 0 547
 0 548
 0 549
 0 550
 0 551
 0 552
 0 553
 0 554
 0 555
 0 556
 0 557
 0 558
 0 559
 0 560
 0 561
 0 562
 0 563
 0 564
 0 565
 0 566
 0 567
 0 568
 0 569
 0 570
 0 571
 0 572
 0 573
 0 574
 0 575
 0 576
 0 577
 0 578
 0 579
 0 580
 0 581
 0 582
 0 583
 0 584
 0 585
 0 586
 0 587
 0 588
 0 589
 0 590
 0 591
 0 592
 0 593
 0 594
 0 595
 0 596
 0 597
 0 598
 0 599
 0 600


