# Created by Octave 3.8.2, Mon Jun 22 21:45:16 2020 CEST <damian@fptrucha.inv.usc.es>
# name: hd
# type: matrix
# rows: 551
# columns: 2
 0 50
 0 51
 0 52
 0 53
 0 54
 0 55
 0 56
 0 57
 0 58
 0 59
 0 60
 0 61
 0 62
 0 63
 0 64
 0 65
 0 66
 0 67
 0 68
 0 69
 0 70
 0 71
 0 72
 0 73
 0 74
 0 75
 0 76
 0 77
 0 78
 0 79
 0 80
 0 81
 0 82
 0 83
 0 84
 0 85
 0 86
 1 87
 7 88
 15 89
 60 90
 136 91
 253 92
 405 93
 432 94
 611 95
 1006 96
 1426 97
 1627 98
 1683 99
 1992 100
 1970 101
 1956 102
 1957 103
 1866 104
 1767 105
 1663 106
 1504 107
 1376 108
 1251 109
 1180 110
 1072 111
 967 112
 842 113
 781 114
 725 115
 585 116
 557 117
 487 118
 448 119
 460 120
 359 121
 342 122
 298 123
 245 124
 224 125
 223 126
 195 127
 163 128
 163 129
 153 130
 163 131
 161 132
 117 133
 103 134
 104 135
 115 136
 82 137
 83 138
 73 139
 78 140
 68 141
 63 142
 67 143
 47 144
 53 145
 47 146
 61 147
 50 148
 43 149
 54 150
 33 151
 43 152
 37 153
 33 154
 21 155
 23 156
 23 157
 21 158
 24 159
 19 160
 28 161
 25 162
 14 163
 20 164
 11 165
 11 166
 19 167
 20 168
 17 169
 10 170
 10 171
 8 172
 8 173
 11 174
 10 175
 5 176
 4 177
 5 178
 9 179
 6 180
 9 181
 0 182
 8 183
 2 184
 4 185
 2 186
 4 187
 4 188
 2 189
 3 190
 3 191
 3 192
 4 193
 2 194
 2 195
 0 196
 4 197
 0 198
 1 199
 2 200
 1 201
 0 202
 0 203
 1 204
 1 205
 1 206
 0 207
 1 208
 0 209
 0 210
 0 211
 0 212
 0 213
 0 214
 0 215
 0 216
 0 217
 0 218
 0 219
 1 220
 0 221
 0 222
 0 223
 0 224
 0 225
 0 226
 0 227
 0 228
 0 229
 0 230
 0 231
 0 232
 0 233
 0 234
 0 235
 0 236
 0 237
 0 238
 1 239
 0 240
 0 241
 0 242
 0 243
 0 244
 0 245
 0 246
 0 247
 0 248
 0 249
 0 250
 0 251
 0 252
 0 253
 0 254
 0 255
 0 256
 0 257
 0 258
 0 259
 0 260
 0 261
 0 262
 0 263
 0 264
 0 265
 0 266
 0 267
 0 268
 0 269
 0 270
 0 271
 0 272
 0 273
 0 274
 1 275
 0 276
 0 277
 0 278
 0 279
 0 280
 0 281
 0 282
 0 283
 0 284
 0 285
 0 286
 0 287
 0 288
 2 289
 0 290
 1 291
 1 292
 0 293
 0 294
 0 295
 1 296
 0 297
 0 298
 1 299
 1 300
 1 301
 0 302
 1 303
 1 304
 1 305
 0 306
 2 307
 1 308
 3 309
 2 310
 2 311
 2 312
 2 313
 1 314
 3 315
 1 316
 1 317
 2 318
 0 319
 4 320
 2 321
 4 322
 1 323
 2 324
 1 325
 2 326
 7 327
 4 328
 2 329
 1 330
 0 331
 1 332
 2 333
 2 334
 8 335
 5 336
 3 337
 4 338
 0 339
 2 340
 4 341
 3 342
 1 343
 1 344
 1 345
 3 346
 0 347
 3 348
 2 349
 1 350
 3 351
 1 352
 6 353
 2 354
 0 355
 0 356
 0 357
 1 358
 1 359
 2 360
 2 361
 1 362
 0 363
 0 364
 2 365
 0 366
 2 367
 1 368
 1 369
 3 370
 0 371
 2 372
 0 373
 0 374
 0 375
 0 376
 1 377
 0 378
 1 379
 0 380
 1 381
 0 382
 0 383
 1 384
 1 385
 1 386
 1 387
 0 388
 0 389
 0 390
 0 391
 1 392
 2 393
 0 394
 0 395
 1 396
 2 397
 0 398
 1 399
 0 400
 0 401
 1 402
 0 403
 0 404
 0 405
 0 406
 0 407
 0 408
 0 409
 0 410
 0 411
 0 412
 0 413
 0 414
 0 415
 0 416
 0 417
 0 418
 0 419
 0 420
 0 421
 0 422
 0 423
 0 424
 0 425
 0 426
 1 427
 0 428
 0 429
 0 430
 0 431
 0 432
 0 433
 0 434
 0 435
 0 436
 0 437
 0 438
 0 439
 0 440
 0 441
 0 442
 0 443
 0 444
 0 445
 0 446
 0 447
 0 448
 0 449
 0 450
 0 451
 0 452
 0 453
 0 454
 0 455
 0 456
 0 457
 0 458
 0 459
 0 460
 0 461
 0 462
 0 463
 0 464
 0 465
 0 466
 0 467
 0 468
 0 469
 0 470
 0 471
 0 472
 0 473
 0 474
 0 475
 0 476
 0 477
 0 478
 0 479
 0 480
 0 481
 0 482
 0 483
 0 484
 0 485
 0 486
 0 487
 0 488
 0 489
 0 490
 0 491
 0 492
 0 493
 0 494
 0 495
 0 496
 0 497
 0 498
 0 499
 0 500
 0 501
 0 502
 0 503
 0 504
 0 505
 0 506
 0 507
 0 508
 0 509
 0 510
 0 511
 0 512
 0 513
 0 514
 0 515
 0 516
 0 517
 0 518
 0 519
 0 520
 0 521
 0 522
 0 523
 0 524
 0 525
 0 526
 0 527
 0 528
 0 529
 0 530
 0 531
 0 532
 0 533
 0 534
 0 535
 0 536
 0 537
 0 538
 0 539
 0 540
 0 541
 0 542
 0 543
 0 544
 0 545
 0 546
 0 547
 0 548
 0 549
 0 550
 0 551
 0 552
 0 553
 0 554
 0 555
 0 556
 0 557
 0 558
 0 559
 0 560
 0 561
 0 562
 0 563
 0 564
 0 565
 0 566
 0 567
 0 568
 0 569
 0 570
 0 571
 0 572
 0 573
 0 574
 0 575
 0 576
 0 577
 0 578
 0 579
 0 580
 0 581
 0 582
 0 583
 0 584
 0 585
 0 586
 0 587
 0 588
 0 589
 0 590
 0 591
 0 592
 0 593
 0 594
 0 595
 0 596
 0 597
 0 598
 0 599
 0 600


