# Created by Octave 3.8.2, Mon Jun 22 01:08:16 2020 CEST <damian@fptrucha.inv.usc.es>
# name: hd
# type: matrix
# rows: 551
# columns: 2
 0 50
 0 51
 0 52
 0 53
 0 54
 0 55
 0 56
 0 57
 0 58
 0 59
 0 60
 0 61
 0 62
 0 63
 0 64
 0 65
 0 66
 0 67
 0 68
 0 69
 0 70
 0 71
 0 72
 0 73
 0 74
 0 75
 0 76
 0 77
 0 78
 0 79
 0 80
 0 81
 0 82
 0 83
 0 84
 0 85
 0 86
 5 87
 2 88
 13 89
 87 90
 128 91
 208 92
 294 93
 410 94
 620 95
 882 96
 1125 97
 1392 98
 1364 99
 1613 100
 1587 101
 1709 102
 1635 103
 1604 104
 1491 105
 1542 106
 1498 107
 1398 108
 1224 109
 1134 110
 1094 111
 1021 112
 916 113
 864 114
 774 115
 668 116
 642 117
 548 118
 506 119
 476 120
 412 121
 361 122
 315 123
 314 124
 252 125
 250 126
 231 127
 204 128
 178 129
 166 130
 148 131
 144 132
 119 133
 120 134
 100 135
 107 136
 98 137
 85 138
 80 139
 84 140
 74 141
 53 142
 52 143
 55 144
 44 145
 51 146
 40 147
 29 148
 31 149
 38 150
 21 151
 27 152
 31 153
 35 154
 25 155
 16 156
 14 157
 25 158
 25 159
 19 160
 22 161
 25 162
 11 163
 14 164
 8 165
 15 166
 10 167
 12 168
 9 169
 7 170
 12 171
 10 172
 6 173
 7 174
 5 175
 6 176
 4 177
 3 178
 5 179
 4 180
 0 181
 2 182
 2 183
 6 184
 3 185
 0 186
 1 187
 2 188
 1 189
 4 190
 4 191
 2 192
 2 193
 3 194
 1 195
 1 196
 0 197
 1 198
 1 199
 3 200
 0 201
 0 202
 0 203
 0 204
 2 205
 1 206
 1 207
 1 208
 0 209
 1 210
 1 211
 1 212
 0 213
 0 214
 1 215
 1 216
 0 217
 0 218
 0 219
 0 220
 0 221
 0 222
 1 223
 0 224
 0 225
 0 226
 0 227
 0 228
 0 229
 0 230
 0 231
 0 232
 0 233
 0 234
 0 235
 1 236
 0 237
 0 238
 0 239
 0 240
 0 241
 0 242
 0 243
 0 244
 0 245
 0 246
 0 247
 0 248
 0 249
 0 250
 0 251
 0 252
 0 253
 0 254
 0 255
 0 256
 0 257
 0 258
 0 259
 0 260
 0 261
 0 262
 0 263
 0 264
 0 265
 0 266
 0 267
 0 268
 0 269
 0 270
 0 271
 0 272
 0 273
 0 274
 0 275
 0 276
 0 277
 0 278
 0 279
 0 280
 0 281
 0 282
 1 283
 0 284
 0 285
 0 286
 0 287
 0 288
 1 289
 1 290
 0 291
 0 292
 0 293
 0 294
 0 295
 0 296
 0 297
 0 298
 0 299
 0 300
 2 301
 0 302
 0 303
 0 304
 1 305
 0 306
 1 307
 2 308
 1 309
 0 310
 1 311
 3 312
 1 313
 1 314
 3 315
 0 316
 0 317
 1 318
 0 319
 3 320
 0 321
 4 322
 0 323
 1 324
 1 325
 2 326
 0 327
 2 328
 2 329
 4 330
 2 331
 1 332
 1 333
 1 334
 0 335
 2 336
 0 337
 2 338
 0 339
 2 340
 1 341
 3 342
 2 343
 0 344
 1 345
 2 346
 3 347
 1 348
 0 349
 0 350
 2 351
 2 352
 0 353
 2 354
 2 355
 1 356
 0 357
 1 358
 1 359
 1 360
 0 361
 2 362
 3 363
 0 364
 1 365
 1 366
 0 367
 1 368
 2 369
 2 370
 1 371
 3 372
 0 373
 0 374
 1 375
 0 376
 1 377
 0 378
 1 379
 0 380
 1 381
 0 382
 0 383
 2 384
 1 385
 1 386
 0 387
 0 388
 0 389
 0 390
 0 391
 0 392
 0 393
 0 394
 0 395
 0 396
 0 397
 0 398
 0 399
 0 400
 0 401
 0 402
 0 403
 0 404
 0 405
 0 406
 0 407
 0 408
 0 409
 0 410
 0 411
 0 412
 0 413
 0 414
 0 415
 0 416
 0 417
 1 418
 0 419
 0 420
 0 421
 0 422
 0 423
 0 424
 0 425
 0 426
 0 427
 0 428
 0 429
 0 430
 0 431
 0 432
 0 433
 1 434
 0 435
 0 436
 0 437
 0 438
 0 439
 0 440
 0 441
 0 442
 0 443
 0 444
 0 445
 0 446
 0 447
 0 448
 0 449
 0 450
 0 451
 0 452
 0 453
 0 454
 0 455
 0 456
 0 457
 0 458
 0 459
 0 460
 0 461
 0 462
 0 463
 0 464
 0 465
 0 466
 0 467
 0 468
 0 469
 0 470
 0 471
 0 472
 0 473
 0 474
 0 475
 0 476
 0 477
 0 478
 0 479
 0 480
 0 481
 0 482
 0 483
 0 484
 0 485
 0 486
 0 487
 0 488
 0 489
 0 490
 0 491
 0 492
 0 493
 0 494
 0 495
 0 496
 0 497
 0 498
 0 499
 0 500
 0 501
 0 502
 0 503
 0 504
 0 505
 0 506
 0 507
 0 508
 0 509
 0 510
 0 511
 0 512
 0 513
 0 514
 0 515
 0 516
 0 517
 0 518
 0 519
 0 520
 0 521
 0 522
 0 523
 0 524
 0 525
 0 526
 0 527
 0 528
 0 529
 0 530
 0 531
 0 532
 0 533
 0 534
 0 535
 0 536
 0 537
 0 538
 0 539
 0 540
 0 541
 0 542
 0 543
 0 544
 0 545
 0 546
 0 547
 0 548
 0 549
 0 550
 0 551
 0 552
 0 553
 0 554
 0 555
 0 556
 0 557
 0 558
 0 559
 0 560
 0 561
 0 562
 0 563
 0 564
 0 565
 0 566
 0 567
 0 568
 0 569
 0 570
 0 571
 0 572
 0 573
 0 574
 0 575
 0 576
 0 577
 0 578
 0 579
 0 580
 0 581
 0 582
 0 583
 0 584
 0 585
 0 586
 0 587
 0 588
 0 589
 0 590
 0 591
 0 592
 0 593
 0 594
 0 595
 0 596
 0 597
 0 598
 0 599
 0 600


