# Created by Octave 3.8.2, Mon Jun 22 18:37:16 2020 CEST <damian@fptrucha.inv.usc.es>
# name: hd
# type: matrix
# rows: 551
# columns: 2
 0 50
 0 51
 0 52
 0 53
 0 54
 0 55
 0 56
 0 57
 0 58
 0 59
 0 60
 0 61
 0 62
 0 63
 0 64
 0 65
 0 66
 0 67
 0 68
 0 69
 0 70
 0 71
 0 72
 0 73
 0 74
 0 75
 0 76
 0 77
 0 78
 0 79
 0 80
 0 81
 0 82
 0 83
 0 84
 0 85
 0 86
 1 87
 4 88
 9 89
 37 90
 109 91
 179 92
 282 93
 402 94
 543 95
 791 96
 1179 97
 1507 98
 1557 99
 1725 100
 1914 101
 1843 102
 1813 103
 1792 104
 1667 105
 1608 106
 1522 107
 1464 108
 1303 109
 1277 110
 1072 111
 1031 112
 901 113
 845 114
 735 115
 633 116
 608 117
 510 118
 466 119
 450 120
 374 121
 371 122
 291 123
 273 124
 240 125
 219 126
 210 127
 192 128
 183 129
 170 130
 150 131
 147 132
 129 133
 131 134
 126 135
 112 136
 88 137
 86 138
 93 139
 82 140
 76 141
 62 142
 71 143
 56 144
 53 145
 54 146
 52 147
 61 148
 45 149
 39 150
 46 151
 42 152
 42 153
 45 154
 35 155
 37 156
 29 157
 30 158
 29 159
 31 160
 34 161
 17 162
 19 163
 13 164
 21 165
 14 166
 23 167
 15 168
 12 169
 15 170
 8 171
 7 172
 8 173
 15 174
 4 175
 13 176
 9 177
 6 178
 11 179
 5 180
 12 181
 9 182
 5 183
 5 184
 6 185
 1 186
 2 187
 4 188
 4 189
 3 190
 3 191
 4 192
 2 193
 0 194
 0 195
 0 196
 1 197
 1 198
 1 199
 2 200
 1 201
 3 202
 0 203
 0 204
 0 205
 2 206
 0 207
 1 208
 2 209
 0 210
 0 211
 0 212
 1 213
 0 214
 1 215
 0 216
 0 217
 0 218
 0 219
 0 220
 2 221
 0 222
 0 223
 1 224
 0 225
 0 226
 0 227
 0 228
 0 229
 0 230
 0 231
 0 232
 0 233
 0 234
 0 235
 0 236
 0 237
 0 238
 0 239
 0 240
 0 241
 1 242
 0 243
 0 244
 0 245
 0 246
 0 247
 0 248
 0 249
 0 250
 0 251
 0 252
 0 253
 0 254
 0 255
 0 256
 0 257
 0 258
 0 259
 0 260
 0 261
 0 262
 0 263
 0 264
 0 265
 0 266
 0 267
 0 268
 0 269
 0 270
 0 271
 0 272
 0 273
 0 274
 0 275
 0 276
 0 277
 0 278
 0 279
 1 280
 0 281
 1 282
 0 283
 0 284
 0 285
 0 286
 0 287
 0 288
 1 289
 1 290
 0 291
 1 292
 1 293
 1 294
 0 295
 3 296
 1 297
 1 298
 0 299
 2 300
 1 301
 1 302
 2 303
 3 304
 0 305
 1 306
 0 307
 2 308
 2 309
 2 310
 2 311
 1 312
 2 313
 1 314
 3 315
 3 316
 2 317
 1 318
 1 319
 3 320
 3 321
 2 322
 1 323
 2 324
 2 325
 3 326
 2 327
 2 328
 1 329
 2 330
 4 331
 1 332
 1 333
 3 334
 1 335
 2 336
 4 337
 4 338
 5 339
 0 340
 1 341
 2 342
 2 343
 2 344
 1 345
 3 346
 4 347
 4 348
 1 349
 1 350
 1 351
 2 352
 2 353
 2 354
 7 355
 3 356
 1 357
 4 358
 2 359
 2 360
 2 361
 4 362
 0 363
 1 364
 1 365
 0 366
 2 367
 0 368
 0 369
 2 370
 0 371
 0 372
 1 373
 0 374
 0 375
 0 376
 0 377
 1 378
 1 379
 0 380
 1 381
 1 382
 3 383
 1 384
 0 385
 0 386
 0 387
 0 388
 0 389
 0 390
 0 391
 0 392
 0 393
 0 394
 0 395
 0 396
 0 397
 0 398
 0 399
 0 400
 0 401
 0 402
 0 403
 0 404
 0 405
 0 406
 0 407
 0 408
 0 409
 0 410
 0 411
 0 412
 0 413
 0 414
 0 415
 1 416
 0 417
 0 418
 0 419
 0 420
 0 421
 0 422
 0 423
 0 424
 0 425
 0 426
 0 427
 0 428
 0 429
 0 430
 0 431
 0 432
 0 433
 0 434
 0 435
 0 436
 0 437
 0 438
 0 439
 0 440
 0 441
 0 442
 0 443
 0 444
 0 445
 0 446
 0 447
 0 448
 0 449
 0 450
 0 451
 0 452
 0 453
 0 454
 0 455
 0 456
 0 457
 0 458
 0 459
 0 460
 0 461
 0 462
 0 463
 0 464
 0 465
 0 466
 0 467
 0 468
 0 469
 0 470
 0 471
 0 472
 0 473
 0 474
 0 475
 0 476
 0 477
 0 478
 0 479
 0 480
 0 481
 0 482
 0 483
 0 484
 0 485
 0 486
 0 487
 0 488
 0 489
 0 490
 0 491
 0 492
 0 493
 0 494
 0 495
 0 496
 0 497
 0 498
 0 499
 0 500
 0 501
 0 502
 0 503
 0 504
 0 505
 0 506
 0 507
 0 508
 0 509
 0 510
 0 511
 0 512
 0 513
 0 514
 0 515
 0 516
 0 517
 0 518
 0 519
 0 520
 0 521
 0 522
 0 523
 0 524
 0 525
 0 526
 0 527
 0 528
 0 529
 0 530
 0 531
 0 532
 0 533
 0 534
 0 535
 0 536
 0 537
 0 538
 0 539
 0 540
 0 541
 0 542
 0 543
 0 544
 0 545
 0 546
 0 547
 0 548
 0 549
 0 550
 0 551
 0 552
 0 553
 0 554
 0 555
 0 556
 0 557
 0 558
 0 559
 0 560
 0 561
 0 562
 0 563
 0 564
 0 565
 0 566
 0 567
 0 568
 0 569
 0 570
 0 571
 0 572
 0 573
 0 574
 0 575
 0 576
 0 577
 0 578
 0 579
 0 580
 0 581
 0 582
 0 583
 0 584
 0 585
 0 586
 0 587
 0 588
 0 589
 0 590
 0 591
 0 592
 0 593
 0 594
 0 595
 0 596
 0 597
 0 598
 0 599
 0 600


