# Created by Octave 3.8.2, Mon Jun 22 02:03:03 2020 CEST <damian@fptrucha.inv.usc.es>
# name: hd
# type: matrix
# rows: 551
# columns: 2
 0 50
 0 51
 0 52
 0 53
 0 54
 0 55
 0 56
 0 57
 0 58
 0 59
 0 60
 0 61
 0 62
 0 63
 0 64
 0 65
 0 66
 0 67
 0 68
 0 69
 0 70
 0 71
 0 72
 0 73
 0 74
 0 75
 0 76
 0 77
 0 78
 0 79
 0 80
 0 81
 0 82
 0 83
 0 84
 0 85
 0 86
 0 87
 0 88
 10 89
 35 90
 95 91
 162 92
 277 93
 373 94
 484 95
 730 96
 1075 97
 1381 98
 1616 99
 1776 100
 1824 101
 1949 102
 1960 103
 1797 104
 1747 105
 1667 106
 1575 107
 1392 108
 1302 109
 1263 110
 1098 111
 946 112
 923 113
 761 114
 746 115
 659 116
 580 117
 538 118
 449 119
 394 120
 353 121
 292 122
 291 123
 268 124
 214 125
 192 126
 197 127
 171 128
 165 129
 142 130
 133 131
 137 132
 108 133
 94 134
 96 135
 90 136
 90 137
 77 138
 72 139
 62 140
 53 141
 53 142
 60 143
 41 144
 40 145
 36 146
 40 147
 30 148
 42 149
 25 150
 28 151
 19 152
 23 153
 34 154
 26 155
 19 156
 20 157
 20 158
 27 159
 18 160
 12 161
 15 162
 17 163
 20 164
 15 165
 10 166
 10 167
 7 168
 9 169
 5 170
 5 171
 6 172
 5 173
 5 174
 6 175
 2 176
 4 177
 3 178
 7 179
 6 180
 1 181
 2 182
 3 183
 2 184
 1 185
 2 186
 0 187
 0 188
 2 189
 2 190
 0 191
 2 192
 1 193
 2 194
 0 195
 2 196
 0 197
 0 198
 0 199
 3 200
 1 201
 2 202
 0 203
 2 204
 1 205
 0 206
 1 207
 0 208
 2 209
 0 210
 1 211
 0 212
 0 213
 0 214
 0 215
 1 216
 0 217
 0 218
 0 219
 0 220
 0 221
 0 222
 0 223
 0 224
 0 225
 0 226
 0 227
 0 228
 0 229
 0 230
 0 231
 0 232
 0 233
 0 234
 0 235
 0 236
 0 237
 0 238
 0 239
 0 240
 0 241
 0 242
 0 243
 0 244
 0 245
 0 246
 0 247
 0 248
 0 249
 0 250
 0 251
 0 252
 0 253
 0 254
 0 255
 0 256
 0 257
 0 258
 0 259
 0 260
 0 261
 0 262
 0 263
 1 264
 0 265
 0 266
 0 267
 0 268
 0 269
 0 270
 0 271
 0 272
 0 273
 0 274
 0 275
 0 276
 0 277
 0 278
 0 279
 0 280
 0 281
 0 282
 0 283
 0 284
 1 285
 1 286
 0 287
 0 288
 0 289
 0 290
 0 291
 1 292
 1 293
 0 294
 1 295
 1 296
 0 297
 2 298
 2 299
 0 300
 0 301
 0 302
 0 303
 1 304
 0 305
 2 306
 0 307
 0 308
 1 309
 1 310
 2 311
 0 312
 0 313
 1 314
 0 315
 3 316
 1 317
 2 318
 1 319
 0 320
 1 321
 1 322
 2 323
 0 324
 1 325
 1 326
 0 327
 0 328
 3 329
 0 330
 2 331
 2 332
 1 333
 0 334
 2 335
 2 336
 1 337
 2 338
 0 339
 2 340
 1 341
 4 342
 2 343
 1 344
 0 345
 2 346
 2 347
 0 348
 0 349
 2 350
 3 351
 3 352
 1 353
 0 354
 1 355
 3 356
 0 357
 1 358
 3 359
 3 360
 0 361
 5 362
 1 363
 3 364
 1 365
 1 366
 1 367
 0 368
 1 369
 2 370
 0 371
 1 372
 0 373
 0 374
 1 375
 3 376
 1 377
 0 378
 0 379
 0 380
 0 381
 0 382
 1 383
 0 384
 0 385
 0 386
 0 387
 1 388
 0 389
 0 390
 0 391
 0 392
 1 393
 0 394
 0 395
 1 396
 0 397
 1 398
 0 399
 0 400
 0 401
 0 402
 0 403
 1 404
 0 405
 0 406
 0 407
 0 408
 0 409
 0 410
 0 411
 1 412
 0 413
 0 414
 0 415
 0 416
 0 417
 0 418
 0 419
 0 420
 0 421
 0 422
 0 423
 0 424
 0 425
 0 426
 0 427
 0 428
 0 429
 0 430
 0 431
 0 432
 0 433
 0 434
 0 435
 0 436
 0 437
 0 438
 0 439
 0 440
 0 441
 0 442
 0 443
 0 444
 0 445
 0 446
 0 447
 0 448
 0 449
 0 450
 0 451
 0 452
 0 453
 0 454
 0 455
 0 456
 0 457
 0 458
 0 459
 0 460
 0 461
 0 462
 0 463
 0 464
 0 465
 0 466
 0 467
 0 468
 0 469
 0 470
 0 471
 0 472
 0 473
 0 474
 0 475
 0 476
 0 477
 0 478
 0 479
 0 480
 0 481
 0 482
 0 483
 0 484
 0 485
 0 486
 0 487
 0 488
 0 489
 0 490
 0 491
 0 492
 0 493
 0 494
 0 495
 0 496
 0 497
 0 498
 0 499
 0 500
 0 501
 0 502
 0 503
 0 504
 0 505
 0 506
 0 507
 0 508
 0 509
 0 510
 0 511
 0 512
 0 513
 0 514
 0 515
 0 516
 0 517
 0 518
 0 519
 0 520
 0 521
 0 522
 0 523
 0 524
 0 525
 0 526
 0 527
 0 528
 0 529
 0 530
 0 531
 0 532
 0 533
 0 534
 0 535
 0 536
 0 537
 0 538
 0 539
 0 540
 0 541
 0 542
 0 543
 0 544
 0 545
 0 546
 0 547
 0 548
 0 549
 0 550
 0 551
 0 552
 0 553
 0 554
 0 555
 0 556
 0 557
 0 558
 0 559
 0 560
 0 561
 0 562
 0 563
 0 564
 0 565
 0 566
 0 567
 0 568
 0 569
 0 570
 0 571
 0 572
 0 573
 0 574
 0 575
 0 576
 0 577
 0 578
 0 579
 0 580
 0 581
 0 582
 0 583
 0 584
 0 585
 0 586
 0 587
 0 588
 0 589
 0 590
 0 591
 0 592
 0 593
 0 594
 0 595
 0 596
 0 597
 0 598
 0 599
 0 600


