# Created by Octave 3.8.2, Mon Jun 22 23:07:04 2020 CEST <damian@fptrucha.inv.usc.es>
# name: hd
# type: matrix
# rows: 551
# columns: 2
 0 50
 0 51
 0 52
 0 53
 0 54
 0 55
 0 56
 0 57
 0 58
 0 59
 0 60
 0 61
 0 62
 0 63
 0 64
 0 65
 0 66
 0 67
 0 68
 0 69
 0 70
 0 71
 0 72
 0 73
 0 74
 0 75
 0 76
 0 77
 0 78
 0 79
 0 80
 0 81
 0 82
 0 83
 0 84
 0 85
 0 86
 0 87
 4 88
 11 89
 61 90
 156 91
 214 92
 373 93
 429 94
 645 95
 966 96
 1439 97
 1751 98
 1833 99
 1926 100
 1960 101
 2061 102
 1992 103
 1874 104
 1793 105
 1627 106
 1590 107
 1399 108
 1216 109
 1247 110
 1096 111
 953 112
 918 113
 790 114
 691 115
 608 116
 590 117
 519 118
 421 119
 398 120
 410 121
 332 122
 276 123
 265 124
 253 125
 193 126
 183 127
 170 128
 166 129
 158 130
 146 131
 134 132
 108 133
 112 134
 105 135
 103 136
 87 137
 78 138
 86 139
 73 140
 82 141
 69 142
 52 143
 58 144
 57 145
 53 146
 51 147
 48 148
 49 149
 35 150
 39 151
 39 152
 37 153
 36 154
 26 155
 20 156
 23 157
 27 158
 25 159
 22 160
 12 161
 18 162
 15 163
 17 164
 10 165
 13 166
 19 167
 13 168
 13 169
 16 170
 10 171
 7 172
 23 173
 7 174
 5 175
 8 176
 2 177
 13 178
 8 179
 3 180
 4 181
 8 182
 5 183
 1 184
 4 185
 6 186
 4 187
 4 188
 2 189
 1 190
 3 191
 2 192
 3 193
 1 194
 3 195
 4 196
 1 197
 6 198
 2 199
 2 200
 1 201
 0 202
 2 203
 0 204
 2 205
 0 206
 1 207
 1 208
 0 209
 0 210
 0 211
 0 212
 0 213
 0 214
 0 215
 0 216
 0 217
 0 218
 2 219
 0 220
 0 221
 0 222
 0 223
 0 224
 0 225
 0 226
 0 227
 0 228
 0 229
 0 230
 0 231
 1 232
 0 233
 0 234
 0 235
 0 236
 0 237
 0 238
 0 239
 0 240
 0 241
 0 242
 1 243
 0 244
 0 245
 0 246
 0 247
 0 248
 0 249
 0 250
 0 251
 0 252
 0 253
 0 254
 0 255
 0 256
 0 257
 0 258
 0 259
 0 260
 0 261
 0 262
 0 263
 0 264
 0 265
 0 266
 0 267
 0 268
 0 269
 0 270
 0 271
 0 272
 0 273
 0 274
 0 275
 0 276
 0 277
 0 278
 0 279
 0 280
 0 281
 0 282
 0 283
 0 284
 0 285
 0 286
 0 287
 0 288
 1 289
 1 290
 0 291
 2 292
 1 293
 1 294
 1 295
 1 296
 2 297
 0 298
 1 299
 1 300
 1 301
 3 302
 0 303
 0 304
 0 305
 1 306
 2 307
 2 308
 4 309
 1 310
 2 311
 2 312
 1 313
 1 314
 3 315
 1 316
 2 317
 1 318
 2 319
 1 320
 5 321
 1 322
 1 323
 1 324
 3 325
 2 326
 1 327
 4 328
 4 329
 1 330
 1 331
 1 332
 4 333
 2 334
 3 335
 2 336
 4 337
 1 338
 1 339
 1 340
 1 341
 2 342
 1 343
 2 344
 1 345
 2 346
 1 347
 2 348
 2 349
 3 350
 1 351
 3 352
 3 353
 2 354
 2 355
 1 356
 2 357
 1 358
 1 359
 4 360
 0 361
 2 362
 0 363
 2 364
 0 365
 1 366
 3 367
 1 368
 1 369
 0 370
 0 371
 2 372
 0 373
 0 374
 2 375
 3 376
 2 377
 2 378
 0 379
 0 380
 0 381
 0 382
 1 383
 0 384
 0 385
 0 386
 0 387
 1 388
 0 389
 0 390
 0 391
 0 392
 0 393
 1 394
 0 395
 0 396
 1 397
 0 398
 0 399
 0 400
 1 401
 0 402
 1 403
 2 404
 0 405
 0 406
 0 407
 1 408
 0 409
 0 410
 0 411
 0 412
 0 413
 0 414
 0 415
 0 416
 0 417
 0 418
 1 419
 0 420
 0 421
 0 422
 0 423
 0 424
 0 425
 0 426
 0 427
 0 428
 0 429
 0 430
 0 431
 0 432
 0 433
 0 434
 0 435
 0 436
 0 437
 0 438
 0 439
 0 440
 0 441
 0 442
 0 443
 0 444
 0 445
 0 446
 0 447
 0 448
 0 449
 0 450
 0 451
 0 452
 0 453
 0 454
 0 455
 0 456
 0 457
 0 458
 0 459
 0 460
 0 461
 0 462
 0 463
 0 464
 0 465
 0 466
 0 467
 0 468
 0 469
 0 470
 0 471
 0 472
 0 473
 0 474
 0 475
 0 476
 0 477
 0 478
 0 479
 0 480
 0 481
 0 482
 0 483
 0 484
 0 485
 0 486
 0 487
 0 488
 0 489
 0 490
 0 491
 0 492
 0 493
 0 494
 0 495
 0 496
 0 497
 0 498
 0 499
 0 500
 0 501
 0 502
 0 503
 0 504
 0 505
 0 506
 0 507
 0 508
 0 509
 0 510
 0 511
 0 512
 0 513
 0 514
 0 515
 0 516
 0 517
 0 518
 0 519
 0 520
 0 521
 0 522
 0 523
 0 524
 0 525
 0 526
 0 527
 0 528
 0 529
 0 530
 0 531
 0 532
 0 533
 0 534
 0 535
 0 536
 0 537
 0 538
 0 539
 0 540
 0 541
 0 542
 0 543
 0 544
 0 545
 0 546
 0 547
 0 548
 0 549
 0 550
 0 551
 0 552
 0 553
 0 554
 0 555
 0 556
 0 557
 0 558
 0 559
 0 560
 0 561
 0 562
 0 563
 0 564
 0 565
 0 566
 0 567
 0 568
 0 569
 0 570
 0 571
 0 572
 0 573
 0 574
 0 575
 0 576
 0 577
 0 578
 0 579
 0 580
 0 581
 0 582
 0 583
 0 584
 0 585
 0 586
 0 587
 0 588
 0 589
 0 590
 0 591
 0 592
 0 593
 0 594
 0 595
 0 596
 0 597
 0 598
 0 599
 0 600


