# Created by Octave 3.8.2, Mon Jun 22 02:35:59 2020 CEST <damian@fptrucha.inv.usc.es>
# name: hd
# type: matrix
# rows: 551
# columns: 2
 0 50
 0 51
 0 52
 0 53
 0 54
 0 55
 0 56
 0 57
 0 58
 0 59
 0 60
 0 61
 0 62
 0 63
 0 64
 0 65
 0 66
 0 67
 0 68
 0 69
 0 70
 0 71
 0 72
 0 73
 0 74
 0 75
 0 76
 0 77
 0 78
 0 79
 0 80
 0 81
 0 82
 0 83
 0 84
 0 85
 0 86
 1 87
 6 88
 14 89
 53 90
 128 91
 212 92
 312 93
 380 94
 534 95
 824 96
 1270 97
 1385 98
 1518 99
 1570 100
 1683 101
 1669 102
 1651 103
 1535 104
 1536 105
 1394 106
 1313 107
 1222 108
 1078 109
 1053 110
 917 111
 854 112
 734 113
 650 114
 655 115
 558 116
 490 117
 392 118
 421 119
 339 120
 330 121
 298 122
 267 123
 237 124
 240 125
 212 126
 189 127
 178 128
 159 129
 137 130
 140 131
 130 132
 126 133
 98 134
 116 135
 103 136
 87 137
 100 138
 82 139
 76 140
 92 141
 60 142
 66 143
 66 144
 60 145
 50 146
 57 147
 44 148
 46 149
 40 150
 39 151
 32 152
 47 153
 26 154
 34 155
 39 156
 24 157
 24 158
 32 159
 26 160
 21 161
 22 162
 13 163
 22 164
 17 165
 12 166
 10 167
 15 168
 4 169
 6 170
 6 171
 14 172
 9 173
 9 174
 11 175
 11 176
 9 177
 4 178
 5 179
 3 180
 8 181
 5 182
 3 183
 1 184
 6 185
 5 186
 2 187
 5 188
 1 189
 2 190
 2 191
 1 192
 2 193
 2 194
 4 195
 3 196
 3 197
 0 198
 1 199
 2 200
 0 201
 1 202
 2 203
 2 204
 1 205
 0 206
 2 207
 0 208
 1 209
 0 210
 0 211
 0 212
 1 213
 0 214
 0 215
 2 216
 0 217
 0 218
 0 219
 0 220
 0 221
 0 222
 0 223
 0 224
 0 225
 0 226
 0 227
 0 228
 0 229
 1 230
 0 231
 0 232
 0 233
 0 234
 0 235
 0 236
 0 237
 0 238
 0 239
 0 240
 0 241
 0 242
 0 243
 0 244
 0 245
 0 246
 0 247
 0 248
 0 249
 1 250
 0 251
 0 252
 0 253
 0 254
 0 255
 0 256
 0 257
 0 258
 0 259
 0 260
 0 261
 0 262
 0 263
 0 264
 0 265
 0 266
 0 267
 0 268
 0 269
 0 270
 0 271
 0 272
 0 273
 0 274
 0 275
 0 276
 0 277
 0 278
 0 279
 0 280
 0 281
 2 282
 0 283
 0 284
 1 285
 1 286
 2 287
 0 288
 2 289
 0 290
 1 291
 1 292
 0 293
 2 294
 0 295
 2 296
 2 297
 1 298
 0 299
 4 300
 3 301
 1 302
 1 303
 2 304
 1 305
 1 306
 0 307
 2 308
 2 309
 1 310
 4 311
 2 312
 4 313
 3 314
 3 315
 5 316
 3 317
 1 318
 3 319
 1 320
 0 321
 4 322
 2 323
 6 324
 3 325
 5 326
 4 327
 1 328
 7 329
 3 330
 3 331
 2 332
 3 333
 2 334
 2 335
 3 336
 2 337
 4 338
 3 339
 1 340
 0 341
 3 342
 5 343
 3 344
 3 345
 5 346
 4 347
 3 348
 2 349
 0 350
 1 351
 1 352
 1 353
 1 354
 0 355
 1 356
 2 357
 1 358
 1 359
 0 360
 1 361
 1 362
 3 363
 1 364
 1 365
 1 366
 0 367
 6 368
 2 369
 1 370
 0 371
 1 372
 1 373
 2 374
 0 375
 0 376
 0 377
 2 378
 0 379
 1 380
 1 381
 0 382
 0 383
 1 384
 0 385
 0 386
 1 387
 1 388
 0 389
 0 390
 0 391
 0 392
 0 393
 0 394
 0 395
 0 396
 1 397
 0 398
 0 399
 0 400
 0 401
 0 402
 0 403
 0 404
 1 405
 0 406
 0 407
 0 408
 0 409
 0 410
 0 411
 1 412
 0 413
 0 414
 0 415
 0 416
 0 417
 0 418
 0 419
 0 420
 0 421
 1 422
 0 423
 0 424
 0 425
 0 426
 0 427
 0 428
 0 429
 0 430
 0 431
 0 432
 0 433
 0 434
 0 435
 0 436
 0 437
 0 438
 0 439
 1 440
 0 441
 0 442
 0 443
 0 444
 0 445
 0 446
 0 447
 0 448
 0 449
 0 450
 0 451
 0 452
 0 453
 0 454
 0 455
 0 456
 0 457
 0 458
 0 459
 0 460
 0 461
 0 462
 0 463
 0 464
 0 465
 0 466
 0 467
 0 468
 0 469
 0 470
 0 471
 0 472
 0 473
 0 474
 0 475
 0 476
 0 477
 0 478
 0 479
 0 480
 0 481
 0 482
 0 483
 0 484
 0 485
 0 486
 0 487
 0 488
 0 489
 0 490
 0 491
 0 492
 0 493
 0 494
 0 495
 0 496
 0 497
 0 498
 0 499
 0 500
 0 501
 0 502
 0 503
 0 504
 0 505
 0 506
 0 507
 0 508
 0 509
 0 510
 0 511
 0 512
 0 513
 0 514
 0 515
 0 516
 0 517
 0 518
 0 519
 0 520
 0 521
 0 522
 0 523
 0 524
 0 525
 0 526
 0 527
 0 528
 0 529
 0 530
 0 531
 0 532
 0 533
 0 534
 0 535
 0 536
 0 537
 0 538
 0 539
 0 540
 0 541
 0 542
 0 543
 0 544
 0 545
 0 546
 0 547
 0 548
 0 549
 0 550
 0 551
 0 552
 0 553
 0 554
 0 555
 0 556
 0 557
 0 558
 0 559
 0 560
 0 561
 0 562
 0 563
 0 564
 0 565
 0 566
 0 567
 0 568
 0 569
 0 570
 0 571
 0 572
 0 573
 0 574
 0 575
 0 576
 0 577
 0 578
 0 579
 0 580
 0 581
 0 582
 0 583
 0 584
 0 585
 0 586
 0 587
 0 588
 0 589
 0 590
 0 591
 0 592
 0 593
 0 594
 0 595
 0 596
 0 597
 0 598
 0 599
 0 600


