# Created by Octave 3.8.2, Sun Jun 21 07:07:29 2020 CEST <damian@fptrucha.inv.usc.es>
# name: hd
# type: matrix
# rows: 551
# columns: 2
 0 50
 0 51
 0 52
 0 53
 0 54
 0 55
 0 56
 0 57
 0 58
 0 59
 0 60
 0 61
 0 62
 0 63
 0 64
 0 65
 0 66
 0 67
 0 68
 0 69
 0 70
 0 71
 0 72
 0 73
 0 74
 0 75
 0 76
 0 77
 0 78
 0 79
 0 80
 0 81
 0 82
 0 83
 0 84
 0 85
 0 86
 3 87
 7 88
 27 89
 74 90
 130 91
 225 92
 284 93
 460 94
 644 95
 859 96
 1192 97
 1329 98
 1549 99
 1651 100
 1675 101
 1700 102
 1669 103
 1616 104
 1597 105
 1465 106
 1453 107
 1354 108
 1188 109
 1166 110
 1020 111
 1019 112
 970 113
 854 114
 802 115
 699 116
 614 117
 530 118
 524 119
 439 120
 457 121
 387 122
 331 123
 311 124
 262 125
 233 126
 211 127
 202 128
 179 129
 157 130
 162 131
 136 132
 132 133
 110 134
 101 135
 124 136
 100 137
 87 138
 76 139
 66 140
 58 141
 62 142
 52 143
 51 144
 53 145
 50 146
 37 147
 57 148
 26 149
 36 150
 31 151
 37 152
 32 153
 33 154
 24 155
 24 156
 22 157
 15 158
 25 159
 24 160
 13 161
 11 162
 25 163
 16 164
 14 165
 10 166
 10 167
 15 168
 7 169
 11 170
 7 171
 4 172
 9 173
 9 174
 11 175
 6 176
 6 177
 7 178
 4 179
 5 180
 2 181
 2 182
 3 183
 4 184
 5 185
 3 186
 1 187
 1 188
 4 189
 1 190
 1 191
 0 192
 1 193
 0 194
 0 195
 1 196
 0 197
 4 198
 0 199
 0 200
 0 201
 0 202
 0 203
 1 204
 2 205
 0 206
 1 207
 0 208
 2 209
 1 210
 0 211
 0 212
 0 213
 0 214
 1 215
 0 216
 0 217
 0 218
 0 219
 1 220
 0 221
 0 222
 0 223
 0 224
 0 225
 0 226
 0 227
 0 228
 0 229
 0 230
 0 231
 0 232
 0 233
 0 234
 0 235
 0 236
 0 237
 0 238
 0 239
 0 240
 0 241
 0 242
 0 243
 0 244
 0 245
 0 246
 0 247
 0 248
 0 249
 0 250
 0 251
 0 252
 0 253
 0 254
 0 255
 0 256
 0 257
 0 258
 0 259
 0 260
 0 261
 0 262
 0 263
 0 264
 0 265
 0 266
 0 267
 0 268
 0 269
 0 270
 0 271
 1 272
 0 273
 0 274
 0 275
 0 276
 0 277
 0 278
 0 279
 0 280
 0 281
 0 282
 0 283
 0 284
 0 285
 0 286
 0 287
 1 288
 0 289
 1 290
 0 291
 0 292
 0 293
 0 294
 0 295
 1 296
 1 297
 0 298
 0 299
 0 300
 1 301
 1 302
 2 303
 0 304
 1 305
 1 306
 1 307
 0 308
 4 309
 0 310
 0 311
 1 312
 0 313
 2 314
 0 315
 0 316
 0 317
 0 318
 2 319
 0 320
 1 321
 1 322
 0 323
 1 324
 2 325
 3 326
 2 327
 0 328
 0 329
 2 330
 2 331
 0 332
 1 333
 0 334
 1 335
 0 336
 1 337
 1 338
 1 339
 0 340
 0 341
 0 342
 2 343
 0 344
 1 345
 1 346
 1 347
 4 348
 3 349
 1 350
 1 351
 0 352
 1 353
 2 354
 2 355
 0 356
 0 357
 3 358
 1 359
 2 360
 1 361
 0 362
 0 363
 0 364
 3 365
 1 366
 0 367
 0 368
 0 369
 1 370
 0 371
 0 372
 0 373
 1 374
 1 375
 0 376
 0 377
 0 378
 0 379
 0 380
 1 381
 1 382
 0 383
 0 384
 0 385
 0 386
 0 387
 2 388
 0 389
 1 390
 1 391
 0 392
 0 393
 0 394
 2 395
 0 396
 0 397
 0 398
 0 399
 0 400
 0 401
 0 402
 0 403
 0 404
 0 405
 0 406
 0 407
 0 408
 0 409
 0 410
 0 411
 0 412
 0 413
 0 414
 1 415
 0 416
 0 417
 0 418
 0 419
 0 420
 0 421
 0 422
 0 423
 0 424
 0 425
 0 426
 0 427
 0 428
 0 429
 0 430
 0 431
 1 432
 0 433
 0 434
 0 435
 0 436
 0 437
 0 438
 0 439
 0 440
 0 441
 0 442
 0 443
 0 444
 0 445
 0 446
 0 447
 0 448
 0 449
 0 450
 0 451
 0 452
 0 453
 0 454
 0 455
 0 456
 0 457
 0 458
 0 459
 0 460
 0 461
 0 462
 0 463
 0 464
 0 465
 0 466
 0 467
 0 468
 0 469
 0 470
 0 471
 0 472
 0 473
 0 474
 0 475
 0 476
 0 477
 0 478
 0 479
 0 480
 0 481
 0 482
 0 483
 0 484
 0 485
 0 486
 0 487
 0 488
 0 489
 0 490
 0 491
 0 492
 0 493
 0 494
 0 495
 0 496
 0 497
 0 498
 0 499
 0 500
 0 501
 0 502
 0 503
 0 504
 0 505
 0 506
 0 507
 0 508
 0 509
 0 510
 0 511
 0 512
 0 513
 0 514
 0 515
 0 516
 0 517
 0 518
 0 519
 0 520
 0 521
 0 522
 0 523
 0 524
 0 525
 0 526
 0 527
 0 528
 0 529
 0 530
 0 531
 0 532
 0 533
 0 534
 0 535
 0 536
 0 537
 0 538
 0 539
 0 540
 0 541
 0 542
 0 543
 0 544
 0 545
 0 546
 0 547
 0 548
 0 549
 0 550
 0 551
 0 552
 0 553
 0 554
 0 555
 0 556
 0 557
 0 558
 0 559
 0 560
 0 561
 0 562
 0 563
 0 564
 0 565
 0 566
 0 567
 0 568
 0 569
 0 570
 0 571
 0 572
 0 573
 0 574
 0 575
 0 576
 0 577
 0 578
 0 579
 0 580
 0 581
 0 582
 0 583
 0 584
 0 585
 0 586
 0 587
 0 588
 0 589
 0 590
 0 591
 0 592
 0 593
 0 594
 0 595
 0 596
 0 597
 0 598
 0 599
 0 600


