# Created by Octave 3.8.2, Sat Jun 20 18:49:50 2020 CEST <damian@fptrucha.inv.usc.es>
# name: hd
# type: matrix
# rows: 551
# columns: 2
 0 50
 0 51
 0 52
 0 53
 0 54
 0 55
 0 56
 0 57
 0 58
 0 59
 0 60
 0 61
 0 62
 0 63
 0 64
 0 65
 0 66
 0 67
 0 68
 0 69
 0 70
 0 71
 0 72
 0 73
 0 74
 0 75
 0 76
 0 77
 0 78
 0 79
 0 80
 0 81
 0 82
 0 83
 0 84
 0 85
 0 86
 3 87
 3 88
 18 89
 54 90
 102 91
 216 92
 301 93
 404 94
 523 95
 831 96
 1119 97
 1260 98
 1395 99
 1518 100
 1571 101
 1487 102
 1626 103
 1573 104
 1553 105
 1407 106
 1379 107
 1357 108
 1302 109
 1184 110
 1084 111
 1049 112
 957 113
 826 114
 805 115
 688 116
 667 117
 643 118
 542 119
 495 120
 459 121
 387 122
 412 123
 310 124
 306 125
 251 126
 240 127
 205 128
 208 129
 198 130
 158 131
 167 132
 139 133
 127 134
 111 135
 96 136
 107 137
 106 138
 83 139
 93 140
 76 141
 82 142
 61 143
 51 144
 56 145
 66 146
 47 147
 52 148
 38 149
 50 150
 42 151
 46 152
 37 153
 28 154
 36 155
 42 156
 33 157
 27 158
 33 159
 23 160
 23 161
 13 162
 11 163
 15 164
 12 165
 14 166
 11 167
 14 168
 10 169
 5 170
 6 171
 12 172
 8 173
 6 174
 12 175
 2 176
 9 177
 6 178
 5 179
 4 180
 4 181
 4 182
 4 183
 4 184
 6 185
 5 186
 2 187
 1 188
 6 189
 2 190
 2 191
 3 192
 2 193
 1 194
 1 195
 3 196
 0 197
 1 198
 0 199
 1 200
 2 201
 3 202
 0 203
 3 204
 3 205
 1 206
 0 207
 1 208
 1 209
 1 210
 0 211
 0 212
 1 213
 0 214
 1 215
 1 216
 0 217
 1 218
 0 219
 0 220
 0 221
 0 222
 0 223
 0 224
 0 225
 0 226
 0 227
 0 228
 0 229
 1 230
 0 231
 0 232
 0 233
 0 234
 1 235
 0 236
 0 237
 0 238
 0 239
 0 240
 0 241
 0 242
 0 243
 0 244
 0 245
 0 246
 0 247
 0 248
 0 249
 0 250
 0 251
 0 252
 0 253
 0 254
 0 255
 0 256
 0 257
 0 258
 0 259
 0 260
 0 261
 0 262
 0 263
 0 264
 0 265
 0 266
 0 267
 0 268
 0 269
 0 270
 0 271
 0 272
 0 273
 0 274
 0 275
 0 276
 0 277
 0 278
 0 279
 0 280
 0 281
 0 282
 0 283
 0 284
 0 285
 0 286
 0 287
 0 288
 0 289
 0 290
 1 291
 0 292
 0 293
 0 294
 0 295
 0 296
 0 297
 0 298
 0 299
 0 300
 1 301
 0 302
 0 303
 0 304
 1 305
 1 306
 3 307
 1 308
 0 309
 1 310
 3 311
 2 312
 0 313
 1 314
 2 315
 1 316
 1 317
 1 318
 0 319
 3 320
 2 321
 2 322
 0 323
 3 324
 5 325
 2 326
 5 327
 2 328
 1 329
 1 330
 1 331
 3 332
 3 333
 4 334
 2 335
 2 336
 4 337
 1 338
 3 339
 1 340
 0 341
 2 342
 2 343
 2 344
 2 345
 1 346
 0 347
 2 348
 3 349
 1 350
 2 351
 0 352
 1 353
 1 354
 5 355
 1 356
 1 357
 1 358
 3 359
 1 360
 0 361
 2 362
 0 363
 0 364
 1 365
 1 366
 2 367
 1 368
 2 369
 2 370
 1 371
 0 372
 1 373
 1 374
 2 375
 3 376
 0 377
 1 378
 1 379
 1 380
 0 381
 1 382
 0 383
 1 384
 1 385
 0 386
 1 387
 0 388
 0 389
 1 390
 0 391
 2 392
 1 393
 0 394
 0 395
 0 396
 0 397
 0 398
 0 399
 0 400
 0 401
 0 402
 1 403
 1 404
 1 405
 0 406
 0 407
 0 408
 0 409
 0 410
 0 411
 0 412
 1 413
 0 414
 0 415
 1 416
 0 417
 0 418
 0 419
 0 420
 0 421
 0 422
 0 423
 0 424
 0 425
 0 426
 0 427
 0 428
 0 429
 0 430
 0 431
 0 432
 0 433
 0 434
 0 435
 0 436
 0 437
 0 438
 0 439
 0 440
 0 441
 0 442
 0 443
 0 444
 0 445
 0 446
 0 447
 0 448
 0 449
 0 450
 0 451
 0 452
 0 453
 0 454
 0 455
 0 456
 0 457
 0 458
 0 459
 0 460
 0 461
 0 462
 0 463
 0 464
 0 465
 0 466
 0 467
 0 468
 0 469
 0 470
 0 471
 0 472
 0 473
 0 474
 0 475
 0 476
 0 477
 0 478
 0 479
 0 480
 0 481
 0 482
 0 483
 0 484
 0 485
 0 486
 0 487
 0 488
 0 489
 0 490
 0 491
 0 492
 0 493
 0 494
 0 495
 0 496
 0 497
 0 498
 0 499
 0 500
 0 501
 0 502
 0 503
 0 504
 0 505
 0 506
 0 507
 0 508
 0 509
 0 510
 0 511
 0 512
 0 513
 0 514
 0 515
 0 516
 0 517
 0 518
 0 519
 0 520
 0 521
 0 522
 0 523
 0 524
 0 525
 0 526
 0 527
 0 528
 0 529
 0 530
 0 531
 0 532
 0 533
 0 534
 0 535
 0 536
 0 537
 0 538
 0 539
 0 540
 0 541
 0 542
 0 543
 0 544
 0 545
 0 546
 0 547
 0 548
 0 549
 0 550
 0 551
 0 552
 0 553
 0 554
 0 555
 0 556
 0 557
 0 558
 0 559
 0 560
 0 561
 0 562
 0 563
 0 564
 0 565
 0 566
 0 567
 0 568
 0 569
 0 570
 0 571
 0 572
 0 573
 0 574
 0 575
 0 576
 0 577
 0 578
 0 579
 0 580
 0 581
 0 582
 0 583
 0 584
 0 585
 0 586
 0 587
 0 588
 0 589
 0 590
 0 591
 0 592
 0 593
 0 594
 0 595
 0 596
 0 597
 0 598
 0 599
 0 600


