# Created by Octave 3.8.2, Mon Jun 22 03:49:16 2020 CEST <damian@fptrucha.inv.usc.es>
# name: hd
# type: matrix
# rows: 551
# columns: 2
 0 50
 0 51
 0 52
 0 53
 0 54
 0 55
 0 56
 0 57
 0 58
 0 59
 0 60
 0 61
 0 62
 0 63
 0 64
 0 65
 0 66
 0 67
 0 68
 0 69
 0 70
 0 71
 0 72
 0 73
 0 74
 0 75
 0 76
 0 77
 0 78
 0 79
 0 80
 0 81
 0 82
 0 83
 0 84
 0 85
 0 86
 1 87
 3 88
 4 89
 27 90
 117 91
 155 92
 302 93
 381 94
 550 95
 754 96
 1196 97
 1464 98
 1691 99
 1854 100
 1866 101
 1845 102
 1766 103
 1669 104
 1582 105
 1460 106
 1396 107
 1301 108
 1138 109
 1049 110
 929 111
 825 112
 743 113
 645 114
 577 115
 489 116
 412 117
 426 118
 316 119
 337 120
 307 121
 234 122
 241 123
 182 124
 162 125
 165 126
 156 127
 120 128
 126 129
 131 130
 116 131
 99 132
 83 133
 77 134
 88 135
 87 136
 76 137
 67 138
 75 139
 60 140
 53 141
 47 142
 51 143
 53 144
 33 145
 45 146
 43 147
 50 148
 35 149
 33 150
 31 151
 29 152
 37 153
 29 154
 25 155
 23 156
 22 157
 20 158
 24 159
 15 160
 20 161
 14 162
 23 163
 11 164
 15 165
 13 166
 5 167
 13 168
 13 169
 16 170
 9 171
 8 172
 11 173
 6 174
 5 175
 8 176
 5 177
 8 178
 5 179
 4 180
 3 181
 2 182
 8 183
 4 184
 7 185
 3 186
 4 187
 3 188
 6 189
 3 190
 1 191
 2 192
 1 193
 2 194
 1 195
 1 196
 0 197
 1 198
 3 199
 3 200
 2 201
 1 202
 3 203
 0 204
 0 205
 0 206
 1 207
 2 208
 0 209
 1 210
 0 211
 0 212
 1 213
 0 214
 0 215
 1 216
 0 217
 0 218
 1 219
 0 220
 0 221
 0 222
 0 223
 0 224
 0 225
 0 226
 0 227
 0 228
 0 229
 1 230
 0 231
 0 232
 0 233
 0 234
 0 235
 0 236
 0 237
 0 238
 0 239
 0 240
 0 241
 0 242
 0 243
 0 244
 0 245
 0 246
 0 247
 0 248
 0 249
 0 250
 0 251
 0 252
 0 253
 0 254
 0 255
 0 256
 0 257
 0 258
 0 259
 0 260
 0 261
 0 262
 0 263
 0 264
 0 265
 0 266
 0 267
 0 268
 0 269
 0 270
 0 271
 0 272
 0 273
 0 274
 0 275
 1 276
 0 277
 0 278
 0 279
 0 280
 0 281
 0 282
 1 283
 0 284
 0 285
 0 286
 3 287
 1 288
 0 289
 0 290
 0 291
 1 292
 0 293
 0 294
 0 295
 0 296
 2 297
 0 298
 3 299
 0 300
 0 301
 2 302
 1 303
 1 304
 6 305
 0 306
 1 307
 0 308
 2 309
 1 310
 2 311
 6 312
 2 313
 0 314
 1 315
 5 316
 3 317
 3 318
 6 319
 1 320
 1 321
 5 322
 5 323
 0 324
 3 325
 0 326
 4 327
 1 328
 1 329
 1 330
 2 331
 4 332
 0 333
 1 334
 3 335
 4 336
 3 337
 4 338
 3 339
 2 340
 2 341
 2 342
 2 343
 4 344
 4 345
 2 346
 3 347
 1 348
 1 349
 1 350
 0 351
 1 352
 1 353
 1 354
 2 355
 2 356
 1 357
 1 358
 1 359
 2 360
 1 361
 0 362
 0 363
 0 364
 2 365
 1 366
 2 367
 0 368
 1 369
 1 370
 1 371
 2 372
 0 373
 1 374
 1 375
 1 376
 1 377
 0 378
 0 379
 2 380
 1 381
 0 382
 1 383
 0 384
 1 385
 0 386
 0 387
 2 388
 0 389
 0 390
 1 391
 0 392
 1 393
 0 394
 0 395
 1 396
 0 397
 1 398
 0 399
 0 400
 0 401
 0 402
 0 403
 0 404
 0 405
 0 406
 0 407
 0 408
 0 409
 0 410
 0 411
 2 412
 0 413
 0 414
 0 415
 0 416
 0 417
 0 418
 0 419
 0 420
 0 421
 0 422
 0 423
 0 424
 0 425
 0 426
 0 427
 0 428
 0 429
 0 430
 0 431
 0 432
 0 433
 0 434
 0 435
 0 436
 0 437
 0 438
 0 439
 0 440
 0 441
 0 442
 0 443
 0 444
 0 445
 0 446
 0 447
 0 448
 0 449
 0 450
 0 451
 0 452
 0 453
 0 454
 0 455
 0 456
 0 457
 0 458
 0 459
 0 460
 0 461
 0 462
 0 463
 0 464
 0 465
 0 466
 0 467
 0 468
 0 469
 0 470
 0 471
 0 472
 0 473
 0 474
 0 475
 0 476
 0 477
 0 478
 0 479
 0 480
 0 481
 0 482
 0 483
 0 484
 0 485
 0 486
 0 487
 0 488
 0 489
 0 490
 0 491
 0 492
 0 493
 0 494
 0 495
 0 496
 0 497
 0 498
 0 499
 0 500
 0 501
 0 502
 0 503
 0 504
 0 505
 0 506
 0 507
 0 508
 0 509
 0 510
 0 511
 0 512
 0 513
 0 514
 0 515
 0 516
 0 517
 0 518
 0 519
 0 520
 0 521
 0 522
 0 523
 0 524
 0 525
 0 526
 0 527
 0 528
 0 529
 0 530
 0 531
 0 532
 0 533
 0 534
 0 535
 0 536
 0 537
 0 538
 0 539
 0 540
 0 541
 0 542
 0 543
 0 544
 0 545
 0 546
 0 547
 0 548
 0 549
 0 550
 0 551
 0 552
 0 553
 0 554
 0 555
 0 556
 0 557
 0 558
 0 559
 0 560
 0 561
 0 562
 0 563
 0 564
 0 565
 0 566
 0 567
 0 568
 0 569
 0 570
 0 571
 0 572
 0 573
 0 574
 0 575
 0 576
 0 577
 0 578
 0 579
 0 580
 0 581
 0 582
 0 583
 0 584
 0 585
 0 586
 0 587
 0 588
 0 589
 0 590
 0 591
 0 592
 0 593
 0 594
 0 595
 0 596
 0 597
 0 598
 0 599
 0 600


