# Created by Octave 3.8.2, Mon Jun 22 13:51:08 2020 CEST <damian@fptrucha.inv.usc.es>
# name: hd
# type: matrix
# rows: 551
# columns: 2
 0 50
 0 51
 0 52
 0 53
 0 54
 0 55
 0 56
 0 57
 0 58
 0 59
 0 60
 0 61
 0 62
 0 63
 0 64
 0 65
 0 66
 0 67
 0 68
 0 69
 0 70
 0 71
 0 72
 0 73
 0 74
 0 75
 0 76
 0 77
 0 78
 0 79
 0 80
 0 81
 0 82
 0 83
 0 84
 0 85
 0 86
 0 87
 3 88
 11 89
 34 90
 100 91
 193 92
 301 93
 425 94
 582 95
 872 96
 1263 97
 1557 98
 1671 99
 1764 100
 1922 101
 1948 102
 1895 103
 1744 104
 1649 105
 1539 106
 1451 107
 1377 108
 1253 109
 1108 110
 952 111
 965 112
 814 113
 806 114
 670 115
 574 116
 507 117
 435 118
 418 119
 403 120
 346 121
 281 122
 272 123
 206 124
 224 125
 187 126
 183 127
 176 128
 137 129
 143 130
 129 131
 116 132
 105 133
 109 134
 105 135
 104 136
 87 137
 81 138
 85 139
 67 140
 66 141
 55 142
 61 143
 61 144
 61 145
 34 146
 45 147
 45 148
 41 149
 40 150
 41 151
 33 152
 35 153
 25 154
 27 155
 26 156
 24 157
 28 158
 30 159
 23 160
 14 161
 25 162
 16 163
 15 164
 20 165
 18 166
 16 167
 17 168
 10 169
 13 170
 15 171
 11 172
 8 173
 6 174
 4 175
 8 176
 5 177
 2 178
 8 179
 5 180
 7 181
 6 182
 2 183
 3 184
 8 185
 8 186
 3 187
 5 188
 4 189
 4 190
 1 191
 2 192
 0 193
 2 194
 3 195
 1 196
 1 197
 1 198
 3 199
 2 200
 1 201
 0 202
 1 203
 1 204
 1 205
 1 206
 0 207
 2 208
 1 209
 1 210
 1 211
 0 212
 0 213
 0 214
 0 215
 0 216
 0 217
 0 218
 0 219
 0 220
 0 221
 0 222
 1 223
 0 224
 0 225
 0 226
 1 227
 0 228
 0 229
 0 230
 1 231
 0 232
 0 233
 0 234
 0 235
 0 236
 0 237
 0 238
 1 239
 0 240
 0 241
 0 242
 0 243
 0 244
 0 245
 0 246
 0 247
 0 248
 0 249
 0 250
 0 251
 0 252
 0 253
 0 254
 0 255
 0 256
 0 257
 0 258
 0 259
 0 260
 0 261
 0 262
 0 263
 0 264
 0 265
 0 266
 0 267
 0 268
 0 269
 0 270
 0 271
 0 272
 0 273
 0 274
 0 275
 0 276
 0 277
 0 278
 0 279
 0 280
 0 281
 0 282
 0 283
 0 284
 0 285
 0 286
 2 287
 0 288
 0 289
 0 290
 0 291
 1 292
 0 293
 1 294
 1 295
 0 296
 1 297
 3 298
 2 299
 0 300
 2 301
 0 302
 0 303
 0 304
 1 305
 0 306
 2 307
 2 308
 6 309
 0 310
 2 311
 3 312
 1 313
 4 314
 0 315
 2 316
 4 317
 1 318
 3 319
 2 320
 2 321
 3 322
 2 323
 1 324
 2 325
 4 326
 0 327
 1 328
 1 329
 2 330
 3 331
 1 332
 1 333
 1 334
 0 335
 0 336
 4 337
 6 338
 5 339
 2 340
 2 341
 4 342
 3 343
 0 344
 2 345
 3 346
 3 347
 3 348
 0 349
 3 350
 0 351
 1 352
 1 353
 0 354
 1 355
 3 356
 3 357
 3 358
 0 359
 1 360
 2 361
 0 362
 0 363
 1 364
 2 365
 2 366
 2 367
 1 368
 2 369
 0 370
 1 371
 1 372
 1 373
 1 374
 0 375
 0 376
 1 377
 1 378
 2 379
 0 380
 1 381
 0 382
 0 383
 1 384
 0 385
 1 386
 0 387
 0 388
 0 389
 1 390
 1 391
 0 392
 0 393
 0 394
 0 395
 0 396
 0 397
 1 398
 0 399
 0 400
 0 401
 0 402
 0 403
 0 404
 0 405
 0 406
 1 407
 0 408
 0 409
 0 410
 0 411
 0 412
 1 413
 0 414
 0 415
 0 416
 0 417
 0 418
 0 419
 0 420
 0 421
 0 422
 0 423
 0 424
 0 425
 0 426
 0 427
 0 428
 0 429
 0 430
 0 431
 0 432
 0 433
 0 434
 0 435
 0 436
 0 437
 0 438
 0 439
 0 440
 0 441
 0 442
 0 443
 0 444
 0 445
 0 446
 0 447
 0 448
 0 449
 0 450
 0 451
 0 452
 0 453
 0 454
 0 455
 0 456
 0 457
 0 458
 0 459
 0 460
 0 461
 0 462
 0 463
 0 464
 0 465
 0 466
 0 467
 0 468
 0 469
 0 470
 0 471
 0 472
 0 473
 0 474
 0 475
 0 476
 0 477
 0 478
 0 479
 0 480
 0 481
 0 482
 0 483
 0 484
 0 485
 0 486
 0 487
 0 488
 0 489
 0 490
 0 491
 0 492
 0 493
 0 494
 0 495
 0 496
 0 497
 0 498
 0 499
 0 500
 0 501
 0 502
 0 503
 0 504
 0 505
 0 506
 0 507
 0 508
 0 509
 0 510
 0 511
 0 512
 0 513
 0 514
 0 515
 0 516
 0 517
 0 518
 0 519
 0 520
 0 521
 0 522
 0 523
 0 524
 0 525
 0 526
 0 527
 0 528
 0 529
 0 530
 0 531
 0 532
 0 533
 0 534
 0 535
 0 536
 0 537
 0 538
 0 539
 0 540
 0 541
 0 542
 0 543
 0 544
 0 545
 0 546
 0 547
 0 548
 0 549
 0 550
 0 551
 0 552
 0 553
 0 554
 0 555
 0 556
 0 557
 0 558
 0 559
 0 560
 0 561
 0 562
 0 563
 0 564
 0 565
 0 566
 0 567
 0 568
 0 569
 0 570
 0 571
 0 572
 0 573
 0 574
 0 575
 0 576
 0 577
 0 578
 0 579
 0 580
 0 581
 0 582
 0 583
 0 584
 0 585
 0 586
 0 587
 0 588
 0 589
 0 590
 0 591
 0 592
 0 593
 0 594
 0 595
 0 596
 0 597
 0 598
 0 599
 0 600


