# Created by Octave 3.8.2, Sat Jun 20 12:39:40 2020 CEST <damian@fptrucha.inv.usc.es>
# name: hd
# type: matrix
# rows: 551
# columns: 2
 0 50
 0 51
 0 52
 0 53
 0 54
 0 55
 0 56
 0 57
 0 58
 0 59
 0 60
 0 61
 0 62
 0 63
 0 64
 0 65
 0 66
 0 67
 0 68
 0 69
 0 70
 0 71
 0 72
 0 73
 0 74
 0 75
 0 76
 0 77
 0 78
 0 79
 0 80
 0 81
 0 82
 0 83
 0 84
 0 85
 0 86
 5 87
 6 88
 21 89
 71 90
 138 91
 233 92
 338 93
 449 94
 608 95
 1045 96
 1229 97
 1440 98
 1558 99
 1796 100
 1801 101
 1844 102
 1741 103
 1704 104
 1635 105
 1654 106
 1586 107
 1463 108
 1324 109
 1237 110
 1202 111
 1096 112
 988 113
 784 114
 790 115
 699 116
 655 117
 600 118
 550 119
 471 120
 452 121
 412 122
 349 123
 327 124
 296 125
 255 126
 224 127
 225 128
 196 129
 195 130
 160 131
 150 132
 151 133
 130 134
 110 135
 110 136
 92 137
 106 138
 104 139
 85 140
 71 141
 79 142
 62 143
 69 144
 65 145
 55 146
 76 147
 54 148
 47 149
 32 150
 41 151
 45 152
 40 153
 46 154
 31 155
 28 156
 35 157
 29 158
 23 159
 33 160
 23 161
 21 162
 17 163
 20 164
 21 165
 11 166
 7 167
 12 168
 16 169
 10 170
 8 171
 10 172
 13 173
 9 174
 7 175
 8 176
 11 177
 10 178
 7 179
 2 180
 0 181
 8 182
 7 183
 5 184
 3 185
 1 186
 2 187
 3 188
 6 189
 3 190
 2 191
 1 192
 4 193
 2 194
 1 195
 3 196
 2 197
 0 198
 1 199
 2 200
 2 201
 1 202
 2 203
 0 204
 0 205
 0 206
 3 207
 1 208
 1 209
 0 210
 1 211
 0 212
 0 213
 1 214
 1 215
 0 216
 0 217
 0 218
 2 219
 1 220
 1 221
 0 222
 1 223
 0 224
 0 225
 1 226
 1 227
 0 228
 0 229
 0 230
 0 231
 0 232
 0 233
 0 234
 0 235
 0 236
 0 237
 0 238
 0 239
 1 240
 0 241
 0 242
 0 243
 0 244
 0 245
 0 246
 0 247
 0 248
 0 249
 1 250
 0 251
 0 252
 0 253
 0 254
 0 255
 0 256
 0 257
 0 258
 0 259
 0 260
 0 261
 0 262
 0 263
 0 264
 0 265
 0 266
 0 267
 0 268
 0 269
 0 270
 0 271
 0 272
 0 273
 0 274
 0 275
 0 276
 0 277
 0 278
 0 279
 0 280
 0 281
 1 282
 0 283
 1 284
 0 285
 0 286
 0 287
 0 288
 1 289
 0 290
 1 291
 0 292
 0 293
 1 294
 0 295
 0 296
 0 297
 1 298
 0 299
 0 300
 1 301
 1 302
 1 303
 1 304
 1 305
 1 306
 1 307
 1 308
 2 309
 0 310
 3 311
 0 312
 3 313
 1 314
 2 315
 1 316
 4 317
 2 318
 1 319
 2 320
 2 321
 0 322
 0 323
 1 324
 2 325
 3 326
 2 327
 1 328
 2 329
 1 330
 1 331
 1 332
 3 333
 4 334
 1 335
 0 336
 3 337
 0 338
 0 339
 4 340
 0 341
 7 342
 1 343
 3 344
 2 345
 1 346
 3 347
 2 348
 1 349
 0 350
 1 351
 0 352
 0 353
 1 354
 0 355
 2 356
 1 357
 3 358
 1 359
 1 360
 2 361
 1 362
 1 363
 0 364
 2 365
 1 366
 1 367
 2 368
 0 369
 1 370
 2 371
 0 372
 1 373
 2 374
 1 375
 3 376
 0 377
 0 378
 0 379
 0 380
 0 381
 1 382
 0 383
 1 384
 2 385
 0 386
 0 387
 0 388
 1 389
 1 390
 1 391
 1 392
 0 393
 0 394
 0 395
 0 396
 1 397
 0 398
 0 399
 0 400
 0 401
 1 402
 0 403
 0 404
 0 405
 0 406
 0 407
 0 408
 0 409
 0 410
 0 411
 0 412
 0 413
 0 414
 0 415
 0 416
 0 417
 0 418
 0 419
 1 420
 0 421
 0 422
 1 423
 0 424
 0 425
 0 426
 0 427
 0 428
 0 429
 0 430
 0 431
 0 432
 0 433
 0 434
 0 435
 0 436
 0 437
 0 438
 0 439
 0 440
 0 441
 0 442
 0 443
 0 444
 0 445
 0 446
 0 447
 0 448
 0 449
 0 450
 0 451
 0 452
 0 453
 0 454
 0 455
 0 456
 0 457
 0 458
 0 459
 0 460
 0 461
 0 462
 0 463
 0 464
 0 465
 0 466
 0 467
 0 468
 0 469
 0 470
 0 471
 0 472
 0 473
 0 474
 0 475
 0 476
 0 477
 0 478
 0 479
 0 480
 0 481
 0 482
 0 483
 0 484
 0 485
 0 486
 0 487
 0 488
 0 489
 0 490
 0 491
 0 492
 0 493
 0 494
 0 495
 0 496
 0 497
 0 498
 0 499
 0 500
 0 501
 0 502
 0 503
 0 504
 0 505
 0 506
 0 507
 0 508
 0 509
 0 510
 0 511
 0 512
 0 513
 0 514
 0 515
 0 516
 0 517
 0 518
 0 519
 0 520
 0 521
 0 522
 0 523
 0 524
 0 525
 0 526
 0 527
 0 528
 0 529
 0 530
 0 531
 0 532
 0 533
 0 534
 0 535
 0 536
 0 537
 0 538
 0 539
 0 540
 0 541
 0 542
 0 543
 0 544
 0 545
 0 546
 0 547
 0 548
 0 549
 0 550
 0 551
 0 552
 0 553
 0 554
 0 555
 0 556
 0 557
 0 558
 0 559
 0 560
 0 561
 0 562
 0 563
 0 564
 0 565
 0 566
 0 567
 0 568
 0 569
 0 570
 0 571
 0 572
 0 573
 0 574
 0 575
 0 576
 0 577
 0 578
 0 579
 0 580
 0 581
 0 582
 0 583
 0 584
 0 585
 0 586
 0 587
 0 588
 0 589
 0 590
 0 591
 0 592
 0 593
 0 594
 0 595
 0 596
 0 597
 0 598
 0 599
 0 600


