# Created by Octave 3.8.2, Mon Jun 22 04:06:47 2020 CEST <damian@fptrucha.inv.usc.es>
# name: hd
# type: matrix
# rows: 551
# columns: 2
 0 50
 0 51
 0 52
 0 53
 0 54
 0 55
 0 56
 0 57
 0 58
 0 59
 0 60
 0 61
 0 62
 0 63
 0 64
 0 65
 0 66
 0 67
 0 68
 0 69
 0 70
 0 71
 0 72
 0 73
 0 74
 0 75
 0 76
 0 77
 0 78
 0 79
 0 80
 0 81
 0 82
 0 83
 0 84
 0 85
 0 86
 0 87
 4 88
 3 89
 11 90
 77 91
 150 92
 198 93
 294 94
 360 95
 557 96
 827 97
 1132 98
 1162 99
 1262 100
 1299 101
 1354 102
 1197 103
 1220 104
 1112 105
 956 106
 839 107
 767 108
 678 109
 674 110
 526 111
 469 112
 451 113
 390 114
 310 115
 270 116
 258 117
 238 118
 190 119
 181 120
 163 121
 136 122
 104 123
 124 124
 112 125
 89 126
 83 127
 67 128
 62 129
 65 130
 64 131
 49 132
 48 133
 48 134
 52 135
 28 136
 42 137
 37 138
 36 139
 34 140
 38 141
 29 142
 39 143
 26 144
 22 145
 27 146
 26 147
 13 148
 17 149
 21 150
 14 151
 16 152
 16 153
 11 154
 16 155
 11 156
 15 157
 15 158
 13 159
 8 160
 8 161
 7 162
 10 163
 6 164
 2 165
 4 166
 8 167
 7 168
 3 169
 7 170
 3 171
 4 172
 5 173
 2 174
 4 175
 3 176
 3 177
 5 178
 5 179
 6 180
 1 181
 2 182
 2 183
 2 184
 0 185
 2 186
 1 187
 1 188
 2 189
 2 190
 0 191
 0 192
 1 193
 0 194
 0 195
 0 196
 1 197
 0 198
 2 199
 0 200
 2 201
 1 202
 1 203
 0 204
 0 205
 0 206
 0 207
 1 208
 0 209
 1 210
 0 211
 1 212
 0 213
 0 214
 1 215
 0 216
 1 217
 0 218
 1 219
 0 220
 0 221
 1 222
 0 223
 0 224
 0 225
 0 226
 0 227
 1 228
 0 229
 0 230
 0 231
 0 232
 0 233
 0 234
 0 235
 0 236
 0 237
 0 238
 0 239
 0 240
 0 241
 0 242
 0 243
 0 244
 0 245
 0 246
 0 247
 0 248
 0 249
 0 250
 0 251
 0 252
 0 253
 0 254
 0 255
 0 256
 0 257
 0 258
 0 259
 0 260
 0 261
 0 262
 0 263
 0 264
 0 265
 0 266
 0 267
 0 268
 0 269
 0 270
 0 271
 0 272
 0 273
 0 274
 0 275
 1 276
 0 277
 0 278
 0 279
 0 280
 0 281
 0 282
 0 283
 0 284
 0 285
 0 286
 1 287
 0 288
 0 289
 0 290
 0 291
 0 292
 0 293
 0 294
 1 295
 0 296
 1 297
 0 298
 0 299
 2 300
 1 301
 1 302
 1 303
 1 304
 2 305
 1 306
 2 307
 1 308
 2 309
 2 310
 2 311
 1 312
 1 313
 1 314
 0 315
 2 316
 0 317
 0 318
 2 319
 0 320
 2 321
 2 322
 2 323
 2 324
 1 325
 2 326
 1 327
 1 328
 1 329
 4 330
 2 331
 3 332
 4 333
 2 334
 0 335
 2 336
 0 337
 0 338
 2 339
 1 340
 1 341
 1 342
 1 343
 0 344
 0 345
 1 346
 1 347
 1 348
 3 349
 1 350
 0 351
 2 352
 1 353
 1 354
 0 355
 2 356
 0 357
 1 358
 2 359
 1 360
 0 361
 1 362
 0 363
 1 364
 1 365
 1 366
 2 367
 0 368
 2 369
 2 370
 1 371
 0 372
 0 373
 0 374
 0 375
 0 376
 0 377
 0 378
 1 379
 0 380
 0 381
 0 382
 0 383
 0 384
 0 385
 1 386
 0 387
 0 388
 0 389
 0 390
 0 391
 0 392
 0 393
 0 394
 0 395
 0 396
 0 397
 0 398
 0 399
 0 400
 1 401
 0 402
 1 403
 0 404
 0 405
 0 406
 0 407
 0 408
 0 409
 0 410
 0 411
 0 412
 0 413
 0 414
 0 415
 0 416
 0 417
 0 418
 0 419
 0 420
 0 421
 0 422
 0 423
 0 424
 0 425
 0 426
 0 427
 0 428
 0 429
 0 430
 0 431
 0 432
 0 433
 0 434
 0 435
 0 436
 0 437
 0 438
 0 439
 0 440
 0 441
 0 442
 0 443
 0 444
 0 445
 0 446
 0 447
 0 448
 0 449
 0 450
 0 451
 0 452
 0 453
 0 454
 0 455
 0 456
 0 457
 0 458
 0 459
 0 460
 0 461
 0 462
 0 463
 0 464
 0 465
 0 466
 0 467
 0 468
 0 469
 0 470
 0 471
 0 472
 0 473
 0 474
 0 475
 0 476
 0 477
 1 478
 0 479
 0 480
 0 481
 0 482
 0 483
 0 484
 0 485
 0 486
 0 487
 0 488
 0 489
 0 490
 0 491
 0 492
 0 493
 0 494
 0 495
 0 496
 0 497
 0 498
 0 499
 0 500
 0 501
 0 502
 0 503
 0 504
 0 505
 0 506
 0 507
 0 508
 0 509
 0 510
 0 511
 0 512
 0 513
 0 514
 0 515
 0 516
 0 517
 0 518
 0 519
 0 520
 0 521
 0 522
 0 523
 0 524
 0 525
 0 526
 0 527
 0 528
 0 529
 0 530
 0 531
 0 532
 0 533
 0 534
 0 535
 0 536
 0 537
 0 538
 0 539
 0 540
 0 541
 0 542
 0 543
 0 544
 0 545
 0 546
 0 547
 0 548
 0 549
 0 550
 0 551
 0 552
 0 553
 0 554
 0 555
 0 556
 0 557
 0 558
 0 559
 0 560
 0 561
 0 562
 0 563
 0 564
 0 565
 0 566
 0 567
 0 568
 0 569
 0 570
 0 571
 0 572
 0 573
 0 574
 0 575
 0 576
 0 577
 0 578
 0 579
 0 580
 0 581
 0 582
 0 583
 0 584
 0 585
 0 586
 0 587
 0 588
 0 589
 0 590
 0 591
 0 592
 0 593
 0 594
 0 595
 0 596
 0 597
 0 598
 0 599
 0 600


