# Created by Octave 3.8.2, Sat Jun 20 18:58:58 2020 CEST <damian@fptrucha.inv.usc.es>
# name: hd
# type: matrix
# rows: 551
# columns: 2
 0 50
 0 51
 0 52
 0 53
 0 54
 0 55
 0 56
 0 57
 0 58
 0 59
 0 60
 1 61
 0 62
 0 63
 0 64
 0 65
 0 66
 0 67
 0 68
 0 69
 0 70
 0 71
 0 72
 0 73
 0 74
 0 75
 0 76
 0 77
 0 78
 0 79
 0 80
 0 81
 0 82
 0 83
 0 84
 0 85
 0 86
 5 87
 6 88
 23 89
 69 90
 113 91
 223 92
 290 93
 371 94
 542 95
 779 96
 1082 97
 1243 98
 1423 99
 1517 100
 1569 101
 1640 102
 1610 103
 1559 104
 1502 105
 1376 106
 1402 107
 1355 108
 1156 109
 1179 110
 1084 111
 1032 112
 938 113
 803 114
 785 115
 713 116
 664 117
 582 118
 521 119
 459 120
 440 121
 408 122
 367 123
 308 124
 315 125
 256 126
 229 127
 248 128
 186 129
 182 130
 183 131
 144 132
 151 133
 129 134
 130 135
 121 136
 82 137
 109 138
 89 139
 87 140
 78 141
 83 142
 76 143
 74 144
 69 145
 69 146
 45 147
 47 148
 57 149
 43 150
 39 151
 39 152
 36 153
 45 154
 40 155
 32 156
 28 157
 22 158
 21 159
 22 160
 28 161
 21 162
 15 163
 12 164
 10 165
 10 166
 18 167
 11 168
 12 169
 16 170
 12 171
 8 172
 10 173
 10 174
 10 175
 5 176
 2 177
 10 178
 8 179
 4 180
 4 181
 4 182
 5 183
 4 184
 4 185
 3 186
 6 187
 5 188
 3 189
 4 190
 4 191
 3 192
 0 193
 2 194
 1 195
 2 196
 4 197
 0 198
 0 199
 1 200
 1 201
 2 202
 1 203
 1 204
 1 205
 0 206
 1 207
 1 208
 0 209
 0 210
 0 211
 0 212
 0 213
 0 214
 0 215
 3 216
 1 217
 0 218
 0 219
 1 220
 0 221
 0 222
 0 223
 1 224
 1 225
 0 226
 0 227
 0 228
 0 229
 0 230
 0 231
 0 232
 0 233
 1 234
 0 235
 0 236
 0 237
 0 238
 0 239
 0 240
 0 241
 0 242
 0 243
 0 244
 0 245
 0 246
 0 247
 0 248
 0 249
 0 250
 0 251
 0 252
 0 253
 0 254
 0 255
 0 256
 0 257
 0 258
 0 259
 0 260
 0 261
 0 262
 0 263
 0 264
 0 265
 0 266
 0 267
 0 268
 0 269
 0 270
 0 271
 0 272
 0 273
 0 274
 0 275
 0 276
 0 277
 0 278
 0 279
 0 280
 0 281
 0 282
 0 283
 0 284
 0 285
 0 286
 0 287
 0 288
 0 289
 0 290
 0 291
 0 292
 0 293
 0 294
 2 295
 0 296
 0 297
 0 298
 0 299
 1 300
 1 301
 1 302
 1 303
 2 304
 0 305
 2 306
 1 307
 0 308
 0 309
 1 310
 0 311
 3 312
 3 313
 2 314
 1 315
 2 316
 3 317
 2 318
 0 319
 2 320
 3 321
 0 322
 0 323
 0 324
 1 325
 1 326
 1 327
 0 328
 2 329
 1 330
 1 331
 2 332
 0 333
 1 334
 2 335
 0 336
 4 337
 3 338
 2 339
 2 340
 0 341
 2 342
 1 343
 0 344
 2 345
 2 346
 1 347
 2 348
 4 349
 1 350
 1 351
 0 352
 1 353
 1 354
 2 355
 1 356
 3 357
 1 358
 0 359
 1 360
 2 361
 1 362
 2 363
 0 364
 2 365
 0 366
 0 367
 0 368
 0 369
 0 370
 0 371
 0 372
 0 373
 3 374
 0 375
 2 376
 0 377
 1 378
 1 379
 1 380
 0 381
 1 382
 1 383
 0 384
 0 385
 0 386
 0 387
 0 388
 0 389
 0 390
 1 391
 0 392
 0 393
 0 394
 0 395
 0 396
 1 397
 0 398
 1 399
 0 400
 0 401
 0 402
 1 403
 0 404
 0 405
 0 406
 0 407
 0 408
 0 409
 0 410
 0 411
 0 412
 1 413
 0 414
 0 415
 0 416
 0 417
 0 418
 0 419
 0 420
 1 421
 0 422
 0 423
 0 424
 0 425
 0 426
 0 427
 0 428
 0 429
 0 430
 0 431
 0 432
 0 433
 0 434
 0 435
 0 436
 0 437
 0 438
 0 439
 0 440
 0 441
 0 442
 0 443
 0 444
 0 445
 0 446
 0 447
 0 448
 0 449
 0 450
 0 451
 0 452
 0 453
 0 454
 0 455
 0 456
 0 457
 0 458
 0 459
 0 460
 0 461
 0 462
 0 463
 0 464
 0 465
 0 466
 0 467
 0 468
 0 469
 0 470
 0 471
 0 472
 0 473
 0 474
 0 475
 0 476
 0 477
 0 478
 0 479
 0 480
 0 481
 0 482
 0 483
 0 484
 0 485
 0 486
 0 487
 0 488
 0 489
 0 490
 0 491
 0 492
 0 493
 0 494
 0 495
 0 496
 0 497
 0 498
 0 499
 0 500
 0 501
 0 502
 0 503
 0 504
 0 505
 0 506
 0 507
 0 508
 0 509
 0 510
 0 511
 0 512
 0 513
 0 514
 0 515
 0 516
 0 517
 0 518
 0 519
 0 520
 0 521
 0 522
 0 523
 0 524
 0 525
 0 526
 0 527
 0 528
 0 529
 0 530
 0 531
 0 532
 0 533
 0 534
 0 535
 0 536
 0 537
 0 538
 0 539
 0 540
 0 541
 0 542
 0 543
 0 544
 0 545
 0 546
 0 547
 0 548
 0 549
 0 550
 0 551
 0 552
 0 553
 0 554
 0 555
 0 556
 0 557
 0 558
 0 559
 0 560
 0 561
 0 562
 0 563
 0 564
 0 565
 0 566
 0 567
 0 568
 0 569
 0 570
 0 571
 0 572
 0 573
 0 574
 0 575
 0 576
 0 577
 0 578
 0 579
 0 580
 0 581
 0 582
 0 583
 0 584
 0 585
 0 586
 0 587
 0 588
 0 589
 0 590
 0 591
 0 592
 0 593
 0 594
 0 595
 0 596
 0 597
 0 598
 0 599
 0 600


