# Created by Octave 3.8.2, Sat Jun 20 09:20:22 2020 CEST <damian@fptrucha.inv.usc.es>
# name: hd
# type: matrix
# rows: 551
# columns: 2
 0 50
 0 51
 0 52
 0 53
 0 54
 0 55
 0 56
 0 57
 0 58
 0 59
 0 60
 0 61
 0 62
 0 63
 0 64
 0 65
 0 66
 0 67
 0 68
 0 69
 0 70
 0 71
 0 72
 0 73
 0 74
 0 75
 0 76
 0 77
 0 78
 0 79
 0 80
 0 81
 0 82
 0 83
 0 84
 0 85
 0 86
 6 87
 4 88
 20 89
 89 90
 151 91
 270 92
 345 93
 441 94
 699 95
 1035 96
 1361 97
 1596 98
 1662 99
 1908 100
 1935 101
 1944 102
 1914 103
 1801 104
 1820 105
 1630 106
 1570 107
 1449 108
 1452 109
 1384 110
 1222 111
 1094 112
 1006 113
 940 114
 823 115
 744 116
 664 117
 641 118
 572 119
 509 120
 441 121
 397 122
 355 123
 331 124
 305 125
 273 126
 249 127
 240 128
 218 129
 180 130
 194 131
 153 132
 133 133
 147 134
 116 135
 127 136
 106 137
 109 138
 104 139
 82 140
 75 141
 79 142
 63 143
 69 144
 62 145
 60 146
 56 147
 66 148
 47 149
 48 150
 56 151
 47 152
 40 153
 36 154
 32 155
 38 156
 27 157
 31 158
 26 159
 24 160
 31 161
 23 162
 16 163
 22 164
 18 165
 8 166
 15 167
 20 168
 19 169
 13 170
 13 171
 8 172
 8 173
 9 174
 8 175
 7 176
 8 177
 8 178
 8 179
 9 180
 3 181
 1 182
 2 183
 7 184
 3 185
 6 186
 5 187
 3 188
 3 189
 4 190
 3 191
 2 192
 2 193
 2 194
 3 195
 3 196
 3 197
 1 198
 4 199
 4 200
 1 201
 0 202
 3 203
 1 204
 2 205
 0 206
 0 207
 0 208
 1 209
 0 210
 1 211
 1 212
 0 213
 0 214
 0 215
 0 216
 0 217
 0 218
 0 219
 0 220
 1 221
 0 222
 0 223
 0 224
 0 225
 1 226
 0 227
 0 228
 0 229
 0 230
 0 231
 0 232
 0 233
 0 234
 0 235
 0 236
 0 237
 0 238
 0 239
 0 240
 0 241
 0 242
 0 243
 0 244
 0 245
 0 246
 0 247
 0 248
 0 249
 0 250
 0 251
 0 252
 0 253
 0 254
 0 255
 0 256
 0 257
 0 258
 0 259
 0 260
 0 261
 0 262
 0 263
 0 264
 0 265
 0 266
 1 267
 0 268
 0 269
 0 270
 0 271
 0 272
 0 273
 0 274
 0 275
 0 276
 0 277
 0 278
 0 279
 0 280
 1 281
 0 282
 0 283
 0 284
 0 285
 1 286
 1 287
 0 288
 0 289
 0 290
 1 291
 0 292
 1 293
 0 294
 2 295
 0 296
 0 297
 0 298
 0 299
 3 300
 0 301
 2 302
 2 303
 0 304
 1 305
 1 306
 0 307
 1 308
 0 309
 0 310
 0 311
 2 312
 1 313
 0 314
 1 315
 1 316
 0 317
 0 318
 2 319
 2 320
 2 321
 1 322
 2 323
 5 324
 1 325
 1 326
 3 327
 2 328
 2 329
 1 330
 6 331
 3 332
 2 333
 2 334
 0 335
 3 336
 1 337
 1 338
 1 339
 4 340
 0 341
 2 342
 3 343
 4 344
 1 345
 3 346
 0 347
 3 348
 3 349
 3 350
 2 351
 1 352
 3 353
 0 354
 3 355
 1 356
 1 357
 1 358
 1 359
 3 360
 1 361
 0 362
 1 363
 0 364
 2 365
 2 366
 2 367
 1 368
 0 369
 0 370
 2 371
 1 372
 1 373
 1 374
 3 375
 1 376
 0 377
 0 378
 2 379
 3 380
 0 381
 1 382
 0 383
 0 384
 1 385
 1 386
 0 387
 1 388
 0 389
 0 390
 1 391
 0 392
 1 393
 1 394
 0 395
 1 396
 1 397
 0 398
 0 399
 0 400
 1 401
 0 402
 0 403
 1 404
 0 405
 0 406
 0 407
 0 408
 0 409
 0 410
 0 411
 0 412
 0 413
 0 414
 0 415
 0 416
 0 417
 0 418
 0 419
 0 420
 0 421
 0 422
 0 423
 0 424
 0 425
 0 426
 0 427
 0 428
 0 429
 0 430
 0 431
 0 432
 0 433
 0 434
 0 435
 0 436
 0 437
 0 438
 0 439
 0 440
 0 441
 0 442
 0 443
 0 444
 0 445
 0 446
 0 447
 0 448
 0 449
 0 450
 0 451
 0 452
 0 453
 0 454
 0 455
 0 456
 0 457
 0 458
 0 459
 0 460
 0 461
 0 462
 0 463
 0 464
 0 465
 0 466
 0 467
 0 468
 0 469
 0 470
 0 471
 0 472
 0 473
 0 474
 0 475
 0 476
 0 477
 0 478
 0 479
 0 480
 0 481
 0 482
 0 483
 0 484
 0 485
 0 486
 0 487
 0 488
 0 489
 0 490
 0 491
 0 492
 0 493
 0 494
 0 495
 0 496
 0 497
 0 498
 0 499
 0 500
 0 501
 0 502
 0 503
 0 504
 0 505
 0 506
 0 507
 0 508
 0 509
 0 510
 0 511
 0 512
 0 513
 0 514
 0 515
 0 516
 0 517
 0 518
 0 519
 0 520
 0 521
 0 522
 0 523
 0 524
 0 525
 0 526
 0 527
 0 528
 0 529
 0 530
 0 531
 0 532
 0 533
 0 534
 0 535
 0 536
 0 537
 0 538
 0 539
 0 540
 0 541
 0 542
 0 543
 0 544
 0 545
 0 546
 0 547
 0 548
 0 549
 0 550
 0 551
 0 552
 0 553
 0 554
 0 555
 0 556
 0 557
 0 558
 0 559
 0 560
 0 561
 0 562
 0 563
 0 564
 0 565
 0 566
 0 567
 0 568
 0 569
 0 570
 0 571
 0 572
 0 573
 0 574
 0 575
 0 576
 0 577
 0 578
 0 579
 0 580
 0 581
 0 582
 0 583
 0 584
 0 585
 0 586
 0 587
 0 588
 0 589
 0 590
 0 591
 0 592
 0 593
 0 594
 0 595
 0 596
 0 597
 0 598
 0 599
 0 600


