# Created by Octave 3.8.2, Sat Jun 20 10:54:03 2020 CEST <damian@fptrucha.inv.usc.es>
# name: hd
# type: matrix
# rows: 551
# columns: 2
 0 50
 0 51
 0 52
 0 53
 0 54
 0 55
 0 56
 0 57
 0 58
 0 59
 0 60
 0 61
 0 62
 0 63
 0 64
 0 65
 0 66
 0 67
 0 68
 0 69
 0 70
 0 71
 0 72
 0 73
 0 74
 0 75
 0 76
 0 77
 0 78
 0 79
 0 80
 0 81
 0 82
 0 83
 0 84
 0 85
 0 86
 3 87
 4 88
 12 89
 78 90
 136 91
 237 92
 302 93
 454 94
 670 95
 970 96
 1271 97
 1596 98
 1616 99
 1835 100
 1879 101
 1905 102
 1813 103
 1784 104
 1770 105
 1607 106
 1576 107
 1513 108
 1349 109
 1286 110
 1173 111
 1064 112
 988 113
 912 114
 813 115
 761 116
 632 117
 580 118
 553 119
 447 120
 426 121
 421 122
 360 123
 318 124
 261 125
 258 126
 249 127
 217 128
 198 129
 196 130
 161 131
 193 132
 149 133
 122 134
 116 135
 104 136
 112 137
 105 138
 93 139
 115 140
 105 141
 79 142
 74 143
 51 144
 61 145
 48 146
 49 147
 40 148
 51 149
 52 150
 39 151
 40 152
 31 153
 33 154
 47 155
 33 156
 40 157
 19 158
 28 159
 29 160
 20 161
 26 162
 19 163
 13 164
 15 165
 14 166
 11 167
 14 168
 12 169
 10 170
 13 171
 13 172
 6 173
 9 174
 9 175
 9 176
 6 177
 4 178
 2 179
 9 180
 5 181
 6 182
 7 183
 5 184
 7 185
 3 186
 3 187
 6 188
 6 189
 2 190
 5 191
 2 192
 4 193
 0 194
 5 195
 0 196
 2 197
 0 198
 3 199
 3 200
 1 201
 0 202
 1 203
 1 204
 1 205
 1 206
 0 207
 2 208
 0 209
 0 210
 2 211
 0 212
 0 213
 1 214
 0 215
 0 216
 0 217
 0 218
 1 219
 0 220
 0 221
 0 222
 0 223
 0 224
 0 225
 0 226
 1 227
 0 228
 0 229
 0 230
 0 231
 0 232
 0 233
 0 234
 0 235
 0 236
 0 237
 0 238
 0 239
 0 240
 0 241
 0 242
 0 243
 0 244
 0 245
 0 246
 0 247
 0 248
 0 249
 0 250
 0 251
 0 252
 0 253
 0 254
 0 255
 0 256
 0 257
 0 258
 0 259
 0 260
 0 261
 0 262
 0 263
 0 264
 0 265
 0 266
 0 267
 0 268
 0 269
 0 270
 0 271
 0 272
 1 273
 0 274
 0 275
 0 276
 0 277
 0 278
 0 279
 0 280
 0 281
 2 282
 0 283
 0 284
 0 285
 1 286
 0 287
 1 288
 0 289
 0 290
 0 291
 0 292
 2 293
 0 294
 1 295
 2 296
 1 297
 0 298
 1 299
 1 300
 1 301
 0 302
 1 303
 0 304
 0 305
 1 306
 1 307
 0 308
 0 309
 1 310
 3 311
 1 312
 0 313
 2 314
 3 315
 1 316
 6 317
 0 318
 1 319
 4 320
 2 321
 2 322
 0 323
 2 324
 3 325
 0 326
 0 327
 2 328
 5 329
 2 330
 2 331
 1 332
 1 333
 2 334
 2 335
 3 336
 1 337
 2 338
 2 339
 2 340
 1 341
 2 342
 1 343
 1 344
 1 345
 0 346
 2 347
 0 348
 0 349
 2 350
 0 351
 2 352
 0 353
 0 354
 1 355
 2 356
 1 357
 0 358
 2 359
 1 360
 0 361
 1 362
 1 363
 2 364
 0 365
 0 366
 0 367
 2 368
 0 369
 0 370
 1 371
 0 372
 1 373
 0 374
 0 375
 1 376
 0 377
 0 378
 1 379
 0 380
 1 381
 1 382
 1 383
 0 384
 0 385
 0 386
 0 387
 0 388
 0 389
 0 390
 1 391
 0 392
 0 393
 1 394
 0 395
 0 396
 0 397
 1 398
 0 399
 0 400
 0 401
 0 402
 1 403
 0 404
 0 405
 0 406
 0 407
 0 408
 0 409
 0 410
 0 411
 0 412
 0 413
 0 414
 0 415
 0 416
 0 417
 0 418
 0 419
 0 420
 0 421
 0 422
 0 423
 0 424
 0 425
 0 426
 0 427
 0 428
 0 429
 0 430
 0 431
 0 432
 0 433
 0 434
 0 435
 0 436
 0 437
 0 438
 0 439
 0 440
 0 441
 0 442
 0 443
 0 444
 0 445
 0 446
 0 447
 0 448
 0 449
 0 450
 0 451
 0 452
 0 453
 0 454
 0 455
 0 456
 0 457
 0 458
 0 459
 0 460
 0 461
 0 462
 0 463
 0 464
 0 465
 0 466
 0 467
 0 468
 0 469
 0 470
 0 471
 0 472
 0 473
 0 474
 0 475
 0 476
 0 477
 0 478
 0 479
 0 480
 0 481
 0 482
 0 483
 0 484
 0 485
 0 486
 0 487
 0 488
 0 489
 0 490
 0 491
 0 492
 0 493
 0 494
 0 495
 0 496
 0 497
 0 498
 0 499
 0 500
 0 501
 0 502
 0 503
 0 504
 0 505
 0 506
 0 507
 0 508
 0 509
 0 510
 0 511
 0 512
 0 513
 0 514
 0 515
 0 516
 0 517
 0 518
 0 519
 0 520
 0 521
 0 522
 0 523
 0 524
 0 525
 0 526
 0 527
 0 528
 0 529
 0 530
 0 531
 0 532
 0 533
 0 534
 0 535
 0 536
 0 537
 0 538
 0 539
 0 540
 0 541
 0 542
 0 543
 0 544
 0 545
 0 546
 0 547
 0 548
 0 549
 0 550
 0 551
 0 552
 0 553
 0 554
 0 555
 0 556
 0 557
 0 558
 0 559
 0 560
 0 561
 0 562
 0 563
 0 564
 0 565
 0 566
 0 567
 0 568
 0 569
 0 570
 0 571
 0 572
 0 573
 0 574
 0 575
 0 576
 0 577
 0 578
 0 579
 0 580
 0 581
 0 582
 0 583
 0 584
 0 585
 0 586
 0 587
 0 588
 0 589
 0 590
 0 591
 0 592
 0 593
 0 594
 0 595
 0 596
 0 597
 0 598
 0 599
 0 600


