# Created by Octave 3.8.2, Sat Jun 20 15:43:13 2020 CEST <damian@fptrucha.inv.usc.es>
# name: hd
# type: matrix
# rows: 551
# columns: 2
 0 50
 0 51
 0 52
 0 53
 0 54
 0 55
 0 56
 0 57
 0 58
 0 59
 0 60
 0 61
 0 62
 0 63
 0 64
 0 65
 0 66
 0 67
 0 68
 0 69
 0 70
 0 71
 0 72
 0 73
 0 74
 0 75
 0 76
 0 77
 0 78
 0 79
 0 80
 0 81
 0 82
 0 83
 0 84
 0 85
 0 86
 4 87
 8 88
 19 89
 81 90
 122 91
 219 92
 285 93
 380 94
 582 95
 868 96
 1222 97
 1294 98
 1491 99
 1609 100
 1724 101
 1679 102
 1643 103
 1627 104
 1655 105
 1486 106
 1456 107
 1401 108
 1311 109
 1136 110
 1111 111
 1069 112
 922 113
 824 114
 765 115
 729 116
 655 117
 541 118
 477 119
 484 120
 424 121
 390 122
 304 123
 329 124
 304 125
 279 126
 223 127
 224 128
 182 129
 207 130
 151 131
 141 132
 114 133
 135 134
 104 135
 141 136
 107 137
 92 138
 60 139
 93 140
 73 141
 64 142
 60 143
 56 144
 58 145
 58 146
 55 147
 62 148
 47 149
 37 150
 31 151
 35 152
 34 153
 37 154
 38 155
 27 156
 25 157
 30 158
 26 159
 18 160
 19 161
 12 162
 18 163
 24 164
 14 165
 18 166
 15 167
 15 168
 8 169
 12 170
 8 171
 7 172
 11 173
 6 174
 5 175
 7 176
 5 177
 8 178
 8 179
 11 180
 6 181
 4 182
 7 183
 3 184
 3 185
 0 186
 2 187
 4 188
 0 189
 4 190
 2 191
 2 192
 2 193
 1 194
 0 195
 0 196
 0 197
 1 198
 0 199
 1 200
 1 201
 1 202
 0 203
 1 204
 1 205
 0 206
 1 207
 0 208
 1 209
 0 210
 2 211
 0 212
 0 213
 0 214
 0 215
 1 216
 0 217
 0 218
 0 219
 0 220
 0 221
 1 222
 0 223
 0 224
 1 225
 0 226
 0 227
 0 228
 0 229
 0 230
 0 231
 0 232
 0 233
 0 234
 0 235
 0 236
 0 237
 0 238
 0 239
 0 240
 0 241
 0 242
 0 243
 0 244
 0 245
 0 246
 0 247
 0 248
 0 249
 0 250
 0 251
 0 252
 0 253
 0 254
 0 255
 0 256
 0 257
 0 258
 0 259
 0 260
 0 261
 0 262
 0 263
 0 264
 0 265
 0 266
 0 267
 0 268
 1 269
 0 270
 0 271
 0 272
 0 273
 1 274
 0 275
 0 276
 0 277
 0 278
 0 279
 1 280
 0 281
 0 282
 0 283
 0 284
 0 285
 0 286
 0 287
 2 288
 1 289
 0 290
 1 291
 0 292
 0 293
 0 294
 1 295
 0 296
 0 297
 0 298
 1 299
 0 300
 4 301
 1 302
 1 303
 1 304
 1 305
 0 306
 0 307
 0 308
 0 309
 0 310
 2 311
 1 312
 3 313
 2 314
 1 315
 1 316
 2 317
 1 318
 2 319
 0 320
 0 321
 0 322
 5 323
 5 324
 2 325
 0 326
 0 327
 0 328
 2 329
 2 330
 2 331
 2 332
 2 333
 3 334
 1 335
 2 336
 2 337
 2 338
 1 339
 2 340
 2 341
 2 342
 2 343
 3 344
 4 345
 1 346
 5 347
 3 348
 1 349
 1 350
 0 351
 1 352
 1 353
 0 354
 4 355
 1 356
 2 357
 0 358
 1 359
 1 360
 3 361
 2 362
 0 363
 0 364
 0 365
 0 366
 1 367
 2 368
 2 369
 0 370
 1 371
 2 372
 1 373
 0 374
 0 375
 1 376
 1 377
 0 378
 0 379
 0 380
 1 381
 1 382
 0 383
 0 384
 0 385
 0 386
 0 387
 0 388
 1 389
 1 390
 0 391
 0 392
 0 393
 0 394
 1 395
 0 396
 0 397
 1 398
 0 399
 0 400
 0 401
 0 402
 0 403
 0 404
 0 405
 0 406
 0 407
 0 408
 0 409
 0 410
 0 411
 0 412
 0 413
 0 414
 0 415
 0 416
 0 417
 0 418
 0 419
 0 420
 0 421
 0 422
 0 423
 0 424
 0 425
 0 426
 0 427
 0 428
 0 429
 0 430
 0 431
 0 432
 0 433
 0 434
 0 435
 0 436
 0 437
 0 438
 0 439
 0 440
 0 441
 0 442
 0 443
 0 444
 0 445
 0 446
 0 447
 0 448
 0 449
 0 450
 0 451
 0 452
 0 453
 0 454
 0 455
 0 456
 0 457
 0 458
 0 459
 0 460
 0 461
 0 462
 0 463
 0 464
 0 465
 0 466
 0 467
 0 468
 0 469
 0 470
 0 471
 0 472
 0 473
 0 474
 0 475
 0 476
 0 477
 0 478
 0 479
 0 480
 0 481
 0 482
 0 483
 0 484
 0 485
 0 486
 0 487
 0 488
 0 489
 0 490
 0 491
 0 492
 0 493
 0 494
 0 495
 0 496
 0 497
 0 498
 0 499
 0 500
 0 501
 0 502
 0 503
 0 504
 0 505
 0 506
 0 507
 0 508
 0 509
 0 510
 0 511
 0 512
 0 513
 0 514
 0 515
 0 516
 0 517
 0 518
 0 519
 0 520
 0 521
 0 522
 0 523
 0 524
 0 525
 0 526
 0 527
 0 528
 0 529
 0 530
 0 531
 0 532
 0 533
 0 534
 0 535
 0 536
 0 537
 0 538
 0 539
 0 540
 0 541
 0 542
 0 543
 0 544
 0 545
 0 546
 0 547
 0 548
 0 549
 0 550
 0 551
 0 552
 0 553
 0 554
 0 555
 0 556
 0 557
 0 558
 0 559
 0 560
 0 561
 0 562
 0 563
 0 564
 0 565
 0 566
 0 567
 0 568
 0 569
 0 570
 0 571
 0 572
 0 573
 0 574
 0 575
 0 576
 0 577
 0 578
 0 579
 0 580
 0 581
 0 582
 0 583
 0 584
 0 585
 0 586
 0 587
 0 588
 0 589
 0 590
 0 591
 0 592
 0 593
 0 594
 0 595
 0 596
 0 597
 0 598
 0 599
 0 600


