# Created by Octave 3.8.2, Sat Jun 20 05:00:18 2020 CEST <damian@fptrucha.inv.usc.es>
# name: hd
# type: matrix
# rows: 551
# columns: 2
 0 50
 0 51
 0 52
 0 53
 0 54
 0 55
 0 56
 0 57
 0 58
 0 59
 0 60
 0 61
 0 62
 0 63
 0 64
 0 65
 0 66
 0 67
 0 68
 0 69
 0 70
 0 71
 0 72
 0 73
 0 74
 0 75
 0 76
 0 77
 0 78
 0 79
 0 80
 0 81
 0 82
 0 83
 0 84
 0 85
 0 86
 6 87
 5 88
 19 89
 79 90
 131 91
 244 92
 293 93
 412 94
 611 95
 879 96
 1175 97
 1374 98
 1524 99
 1623 100
 1700 101
 1775 102
 1769 103
 1660 104
 1676 105
 1537 106
 1429 107
 1465 108
 1285 109
 1255 110
 1140 111
 1073 112
 995 113
 915 114
 893 115
 801 116
 670 117
 669 118
 553 119
 533 120
 485 121
 402 122
 392 123
 390 124
 331 125
 302 126
 264 127
 261 128
 207 129
 208 130
 213 131
 163 132
 168 133
 155 134
 131 135
 127 136
 120 137
 110 138
 93 139
 111 140
 77 141
 109 142
 71 143
 83 144
 72 145
 71 146
 55 147
 49 148
 57 149
 52 150
 46 151
 40 152
 42 153
 37 154
 34 155
 51 156
 33 157
 32 158
 27 159
 39 160
 32 161
 27 162
 20 163
 28 164
 17 165
 19 166
 13 167
 16 168
 17 169
 16 170
 9 171
 15 172
 19 173
 16 174
 8 175
 12 176
 11 177
 8 178
 8 179
 12 180
 7 181
 3 182
 9 183
 3 184
 6 185
 6 186
 4 187
 3 188
 3 189
 4 190
 4 191
 1 192
 0 193
 4 194
 0 195
 3 196
 2 197
 2 198
 2 199
 1 200
 1 201
 1 202
 1 203
 1 204
 0 205
 0 206
 1 207
 1 208
 0 209
 1 210
 0 211
 1 212
 1 213
 2 214
 1 215
 0 216
 0 217
 0 218
 1 219
 0 220
 0 221
 1 222
 1 223
 0 224
 0 225
 1 226
 1 227
 0 228
 0 229
 0 230
 1 231
 0 232
 0 233
 0 234
 0 235
 0 236
 0 237
 0 238
 0 239
 0 240
 0 241
 0 242
 0 243
 0 244
 0 245
 0 246
 0 247
 0 248
 0 249
 0 250
 0 251
 0 252
 0 253
 0 254
 0 255
 0 256
 0 257
 0 258
 0 259
 0 260
 0 261
 0 262
 0 263
 0 264
 0 265
 0 266
 0 267
 0 268
 0 269
 0 270
 0 271
 0 272
 0 273
 0 274
 0 275
 0 276
 0 277
 0 278
 0 279
 0 280
 0 281
 0 282
 0 283
 0 284
 0 285
 0 286
 0 287
 1 288
 1 289
 1 290
 1 291
 0 292
 1 293
 0 294
 1 295
 0 296
 1 297
 1 298
 1 299
 1 300
 2 301
 1 302
 0 303
 2 304
 2 305
 2 306
 1 307
 2 308
 0 309
 1 310
 1 311
 5 312
 2 313
 3 314
 2 315
 2 316
 3 317
 1 318
 1 319
 1 320
 2 321
 1 322
 4 323
 1 324
 1 325
 5 326
 5 327
 0 328
 1 329
 2 330
 0 331
 4 332
 5 333
 1 334
 5 335
 3 336
 3 337
 3 338
 3 339
 1 340
 2 341
 1 342
 2 343
 3 344
 2 345
 3 346
 3 347
 0 348
 6 349
 1 350
 5 351
 1 352
 1 353
 1 354
 0 355
 1 356
 2 357
 1 358
 0 359
 1 360
 7 361
 0 362
 1 363
 3 364
 1 365
 0 366
 1 367
 0 368
 1 369
 1 370
 0 371
 0 372
 0 373
 1 374
 0 375
 1 376
 1 377
 1 378
 1 379
 0 380
 0 381
 0 382
 1 383
 0 384
 0 385
 0 386
 0 387
 0 388
 1 389
 0 390
 0 391
 2 392
 1 393
 0 394
 0 395
 0 396
 0 397
 0 398
 0 399
 0 400
 1 401
 0 402
 0 403
 0 404
 0 405
 0 406
 0 407
 0 408
 0 409
 0 410
 0 411
 0 412
 0 413
 0 414
 0 415
 0 416
 0 417
 0 418
 0 419
 0 420
 1 421
 0 422
 1 423
 0 424
 0 425
 0 426
 0 427
 0 428
 0 429
 0 430
 0 431
 0 432
 0 433
 0 434
 0 435
 0 436
 0 437
 0 438
 0 439
 0 440
 0 441
 0 442
 0 443
 0 444
 0 445
 0 446
 0 447
 0 448
 0 449
 0 450
 0 451
 0 452
 0 453
 0 454
 0 455
 0 456
 0 457
 0 458
 0 459
 0 460
 0 461
 0 462
 0 463
 0 464
 0 465
 0 466
 0 467
 0 468
 0 469
 0 470
 0 471
 0 472
 0 473
 0 474
 0 475
 0 476
 0 477
 0 478
 0 479
 0 480
 0 481
 0 482
 0 483
 0 484
 0 485
 0 486
 0 487
 0 488
 0 489
 0 490
 0 491
 0 492
 0 493
 0 494
 0 495
 0 496
 0 497
 0 498
 0 499
 0 500
 0 501
 0 502
 0 503
 0 504
 0 505
 0 506
 0 507
 0 508
 0 509
 0 510
 0 511
 0 512
 0 513
 0 514
 0 515
 0 516
 0 517
 0 518
 0 519
 0 520
 0 521
 0 522
 0 523
 0 524
 0 525
 0 526
 0 527
 0 528
 0 529
 0 530
 0 531
 0 532
 0 533
 0 534
 0 535
 0 536
 0 537
 0 538
 0 539
 0 540
 0 541
 0 542
 0 543
 0 544
 0 545
 0 546
 0 547
 0 548
 0 549
 0 550
 0 551
 0 552
 0 553
 0 554
 0 555
 0 556
 0 557
 0 558
 0 559
 0 560
 0 561
 0 562
 0 563
 0 564
 0 565
 0 566
 0 567
 0 568
 0 569
 0 570
 0 571
 0 572
 0 573
 0 574
 0 575
 0 576
 0 577
 0 578
 0 579
 0 580
 0 581
 0 582
 0 583
 0 584
 0 585
 0 586
 0 587
 0 588
 0 589
 0 590
 0 591
 0 592
 0 593
 0 594
 0 595
 0 596
 0 597
 0 598
 0 599
 0 600


