# Created by Octave 3.8.2, Sat Jun 20 04:42:24 2020 CEST <damian@fptrucha.inv.usc.es>
# name: hd
# type: matrix
# rows: 551
# columns: 2
 0 50
 0 51
 0 52
 0 53
 0 54
 0 55
 0 56
 0 57
 0 58
 0 59
 0 60
 0 61
 0 62
 0 63
 0 64
 0 65
 0 66
 0 67
 0 68
 0 69
 0 70
 0 71
 0 72
 0 73
 0 74
 0 75
 0 76
 0 77
 0 78
 0 79
 0 80
 0 81
 0 82
 0 83
 0 84
 0 85
 1 86
 5 87
 9 88
 20 89
 82 90
 138 91
 237 92
 310 93
 443 94
 628 95
 917 96
 1271 97
 1464 98
 1545 99
 1769 100
 1796 101
 1806 102
 1692 103
 1648 104
 1676 105
 1551 106
 1475 107
 1432 108
 1326 109
 1226 110
 1200 111
 1045 112
 966 113
 906 114
 848 115
 712 116
 671 117
 580 118
 577 119
 521 120
 456 121
 445 122
 354 123
 359 124
 317 125
 282 126
 291 127
 231 128
 208 129
 213 130
 171 131
 164 132
 123 133
 137 134
 150 135
 111 136
 118 137
 104 138
 122 139
 109 140
 73 141
 89 142
 106 143
 78 144
 77 145
 76 146
 57 147
 68 148
 46 149
 59 150
 55 151
 44 152
 44 153
 37 154
 44 155
 25 156
 38 157
 37 158
 35 159
 27 160
 28 161
 24 162
 13 163
 27 164
 18 165
 16 166
 14 167
 19 168
 21 169
 14 170
 16 171
 13 172
 10 173
 6 174
 14 175
 8 176
 8 177
 5 178
 4 179
 10 180
 6 181
 6 182
 4 183
 4 184
 3 185
 5 186
 2 187
 7 188
 2 189
 3 190
 5 191
 3 192
 2 193
 0 194
 1 195
 1 196
 3 197
 0 198
 1 199
 1 200
 1 201
 1 202
 0 203
 1 204
 2 205
 0 206
 1 207
 1 208
 0 209
 0 210
 1 211
 0 212
 1 213
 1 214
 0 215
 1 216
 0 217
 1 218
 0 219
 0 220
 0 221
 1 222
 0 223
 1 224
 1 225
 1 226
 0 227
 0 228
 0 229
 0 230
 0 231
 1 232
 0 233
 0 234
 0 235
 0 236
 0 237
 0 238
 0 239
 0 240
 0 241
 0 242
 0 243
 0 244
 0 245
 0 246
 0 247
 0 248
 0 249
 0 250
 0 251
 0 252
 0 253
 0 254
 0 255
 0 256
 0 257
 0 258
 0 259
 0 260
 0 261
 0 262
 0 263
 0 264
 0 265
 0 266
 0 267
 0 268
 0 269
 0 270
 0 271
 0 272
 0 273
 0 274
 1 275
 0 276
 0 277
 0 278
 0 279
 0 280
 0 281
 0 282
 0 283
 0 284
 0 285
 0 286
 0 287
 0 288
 0 289
 1 290
 0 291
 1 292
 1 293
 0 294
 1 295
 1 296
 3 297
 1 298
 3 299
 1 300
 1 301
 1 302
 3 303
 3 304
 1 305
 0 306
 3 307
 3 308
 2 309
 4 310
 3 311
 2 312
 2 313
 7 314
 2 315
 1 316
 2 317
 2 318
 0 319
 0 320
 4 321
 1 322
 3 323
 3 324
 0 325
 3 326
 1 327
 0 328
 1 329
 0 330
 2 331
 1 332
 3 333
 1 334
 1 335
 3 336
 3 337
 2 338
 2 339
 1 340
 3 341
 2 342
 2 343
 2 344
 0 345
 4 346
 2 347
 3 348
 1 349
 2 350
 3 351
 2 352
 1 353
 0 354
 2 355
 3 356
 2 357
 0 358
 1 359
 0 360
 4 361
 3 362
 1 363
 2 364
 2 365
 0 366
 1 367
 1 368
 0 369
 1 370
 0 371
 3 372
 0 373
 0 374
 1 375
 1 376
 2 377
 3 378
 1 379
 3 380
 0 381
 2 382
 0 383
 0 384
 1 385
 0 386
 1 387
 1 388
 1 389
 0 390
 1 391
 0 392
 0 393
 1 394
 0 395
 0 396
 2 397
 1 398
 0 399
 0 400
 0 401
 0 402
 0 403
 0 404
 0 405
 0 406
 0 407
 1 408
 0 409
 2 410
 1 411
 0 412
 0 413
 0 414
 0 415
 0 416
 0 417
 0 418
 0 419
 0 420
 0 421
 0 422
 0 423
 0 424
 0 425
 0 426
 0 427
 0 428
 0 429
 0 430
 0 431
 0 432
 0 433
 0 434
 0 435
 0 436
 0 437
 0 438
 0 439
 0 440
 0 441
 0 442
 0 443
 0 444
 0 445
 0 446
 0 447
 0 448
 0 449
 0 450
 0 451
 0 452
 0 453
 0 454
 0 455
 0 456
 0 457
 0 458
 0 459
 0 460
 0 461
 0 462
 0 463
 0 464
 0 465
 0 466
 0 467
 0 468
 0 469
 0 470
 0 471
 0 472
 0 473
 0 474
 0 475
 0 476
 0 477
 0 478
 0 479
 0 480
 0 481
 0 482
 0 483
 0 484
 0 485
 0 486
 0 487
 0 488
 0 489
 0 490
 0 491
 0 492
 0 493
 0 494
 0 495
 0 496
 0 497
 0 498
 0 499
 0 500
 0 501
 0 502
 0 503
 0 504
 0 505
 0 506
 0 507
 0 508
 0 509
 0 510
 0 511
 0 512
 0 513
 0 514
 0 515
 0 516
 0 517
 0 518
 0 519
 0 520
 0 521
 0 522
 0 523
 0 524
 0 525
 0 526
 0 527
 0 528
 0 529
 0 530
 0 531
 0 532
 0 533
 0 534
 0 535
 0 536
 0 537
 0 538
 0 539
 0 540
 0 541
 0 542
 0 543
 0 544
 0 545
 0 546
 0 547
 0 548
 0 549
 0 550
 0 551
 0 552
 0 553
 0 554
 0 555
 0 556
 0 557
 0 558
 0 559
 0 560
 0 561
 0 562
 0 563
 0 564
 0 565
 0 566
 0 567
 0 568
 0 569
 0 570
 0 571
 0 572
 0 573
 0 574
 0 575
 0 576
 0 577
 0 578
 0 579
 0 580
 0 581
 0 582
 0 583
 0 584
 0 585
 0 586
 0 587
 0 588
 0 589
 0 590
 0 591
 0 592
 0 593
 0 594
 0 595
 0 596
 0 597
 0 598
 0 599
 0 600


