# Created by Octave 3.8.2, Mon Jun 22 18:57:33 2020 CEST <damian@fptrucha.inv.usc.es>
# name: hd
# type: matrix
# rows: 551
# columns: 2
 0 50
 0 51
 0 52
 0 53
 0 54
 0 55
 0 56
 0 57
 0 58
 0 59
 0 60
 0 61
 0 62
 0 63
 0 64
 0 65
 0 66
 0 67
 0 68
 0 69
 0 70
 0 71
 0 72
 0 73
 0 74
 0 75
 0 76
 0 77
 0 78
 0 79
 0 80
 0 81
 0 82
 0 83
 0 84
 0 85
 0 86
 0 87
 3 88
 11 89
 34 90
 115 91
 201 92
 330 93
 413 94
 557 95
 876 96
 1219 97
 1489 98
 1706 99
 1875 100
 1968 101
 1937 102
 1897 103
 1801 104
 1704 105
 1594 106
 1462 107
 1423 108
 1260 109
 1198 110
 1083 111
 970 112
 886 113
 799 114
 743 115
 659 116
 581 117
 482 118
 417 119
 414 120
 333 121
 319 122
 280 123
 277 124
 234 125
 225 126
 213 127
 175 128
 162 129
 165 130
 133 131
 131 132
 116 133
 114 134
 107 135
 100 136
 113 137
 84 138
 82 139
 82 140
 68 141
 69 142
 53 143
 64 144
 61 145
 50 146
 52 147
 59 148
 38 149
 47 150
 47 151
 26 152
 32 153
 35 154
 25 155
 35 156
 24 157
 29 158
 28 159
 29 160
 13 161
 20 162
 27 163
 15 164
 16 165
 13 166
 15 167
 4 168
 14 169
 12 170
 10 171
 7 172
 12 173
 2 174
 6 175
 6 176
 7 177
 8 178
 9 179
 5 180
 4 181
 6 182
 2 183
 5 184
 0 185
 4 186
 4 187
 2 188
 3 189
 5 190
 3 191
 3 192
 4 193
 5 194
 1 195
 0 196
 4 197
 0 198
 1 199
 2 200
 3 201
 1 202
 0 203
 1 204
 1 205
 1 206
 3 207
 2 208
 1 209
 1 210
 0 211
 0 212
 0 213
 0 214
 0 215
 0 216
 0 217
 0 218
 0 219
 1 220
 0 221
 0 222
 0 223
 1 224
 0 225
 0 226
 0 227
 0 228
 0 229
 0 230
 0 231
 1 232
 0 233
 0 234
 0 235
 0 236
 0 237
 0 238
 0 239
 0 240
 0 241
 0 242
 0 243
 0 244
 0 245
 1 246
 0 247
 0 248
 0 249
 0 250
 0 251
 0 252
 0 253
 1 254
 0 255
 0 256
 0 257
 0 258
 0 259
 0 260
 0 261
 0 262
 0 263
 0 264
 0 265
 0 266
 0 267
 0 268
 0 269
 0 270
 0 271
 0 272
 0 273
 0 274
 0 275
 0 276
 0 277
 0 278
 0 279
 0 280
 0 281
 0 282
 0 283
 0 284
 1 285
 0 286
 1 287
 0 288
 0 289
 1 290
 0 291
 1 292
 0 293
 0 294
 3 295
 2 296
 0 297
 1 298
 0 299
 0 300
 0 301
 0 302
 1 303
 2 304
 2 305
 1 306
 0 307
 3 308
 3 309
 1 310
 1 311
 1 312
 0 313
 2 314
 1 315
 2 316
 2 317
 5 318
 1 319
 5 320
 5 321
 1 322
 1 323
 3 324
 3 325
 4 326
 1 327
 4 328
 4 329
 2 330
 2 331
 5 332
 6 333
 1 334
 2 335
 5 336
 1 337
 4 338
 1 339
 2 340
 1 341
 2 342
 0 343
 2 344
 1 345
 2 346
 2 347
 2 348
 1 349
 0 350
 3 351
 2 352
 1 353
 3 354
 1 355
 2 356
 2 357
 3 358
 2 359
 2 360
 2 361
 1 362
 1 363
 2 364
 0 365
 0 366
 0 367
 1 368
 1 369
 2 370
 1 371
 0 372
 2 373
 1 374
 2 375
 0 376
 1 377
 1 378
 0 379
 1 380
 1 381
 0 382
 0 383
 0 384
 0 385
 1 386
 0 387
 1 388
 1 389
 0 390
 0 391
 0 392
 1 393
 1 394
 0 395
 1 396
 1 397
 0 398
 1 399
 1 400
 0 401
 0 402
 0 403
 0 404
 1 405
 1 406
 1 407
 0 408
 0 409
 0 410
 0 411
 0 412
 0 413
 0 414
 0 415
 0 416
 0 417
 0 418
 0 419
 0 420
 0 421
 0 422
 0 423
 0 424
 0 425
 0 426
 0 427
 0 428
 0 429
 0 430
 0 431
 0 432
 0 433
 0 434
 0 435
 0 436
 0 437
 0 438
 0 439
 0 440
 0 441
 0 442
 0 443
 0 444
 0 445
 0 446
 0 447
 0 448
 0 449
 0 450
 0 451
 0 452
 0 453
 0 454
 0 455
 0 456
 0 457
 0 458
 0 459
 0 460
 0 461
 0 462
 0 463
 0 464
 0 465
 0 466
 0 467
 0 468
 0 469
 0 470
 0 471
 0 472
 0 473
 0 474
 0 475
 0 476
 0 477
 0 478
 0 479
 0 480
 0 481
 0 482
 0 483
 0 484
 0 485
 0 486
 0 487
 0 488
 0 489
 0 490
 0 491
 0 492
 0 493
 0 494
 0 495
 0 496
 0 497
 0 498
 0 499
 0 500
 0 501
 0 502
 0 503
 0 504
 0 505
 0 506
 0 507
 0 508
 0 509
 0 510
 0 511
 0 512
 0 513
 0 514
 0 515
 0 516
 0 517
 0 518
 0 519
 0 520
 0 521
 0 522
 0 523
 0 524
 0 525
 0 526
 0 527
 0 528
 0 529
 0 530
 0 531
 0 532
 0 533
 0 534
 0 535
 0 536
 0 537
 0 538
 0 539
 0 540
 0 541
 0 542
 0 543
 0 544
 0 545
 0 546
 0 547
 0 548
 0 549
 0 550
 0 551
 0 552
 0 553
 0 554
 0 555
 0 556
 0 557
 0 558
 0 559
 0 560
 0 561
 0 562
 0 563
 0 564
 0 565
 0 566
 0 567
 0 568
 0 569
 0 570
 0 571
 0 572
 0 573
 0 574
 0 575
 0 576
 0 577
 0 578
 0 579
 0 580
 0 581
 0 582
 0 583
 0 584
 0 585
 0 586
 0 587
 0 588
 0 589
 0 590
 0 591
 0 592
 0 593
 0 594
 0 595
 0 596
 0 597
 0 598
 0 599
 0 600


