# Created by Octave 3.8.2, Mon Jun 22 10:29:53 2020 CEST <damian@fptrucha.inv.usc.es>
# name: hd
# type: matrix
# rows: 551
# columns: 2
 0 50
 0 51
 0 52
 0 53
 0 54
 0 55
 0 56
 0 57
 0 58
 0 59
 0 60
 0 61
 0 62
 0 63
 0 64
 0 65
 0 66
 0 67
 0 68
 0 69
 0 70
 0 71
 0 72
 0 73
 0 74
 0 75
 0 76
 0 77
 0 78
 0 79
 0 80
 0 81
 0 82
 0 83
 0 84
 0 85
 0 86
 0 87
 2 88
 5 89
 23 90
 99 91
 150 92
 256 93
 339 94
 497 95
 732 96
 1057 97
 1366 98
 1506 99
 1579 100
 1656 101
 1744 102
 1745 103
 1655 104
 1563 105
 1409 106
 1460 107
 1404 108
 1198 109
 1171 110
 1063 111
 909 112
 896 113
 774 114
 699 115
 645 116
 602 117
 514 118
 493 119
 440 120
 373 121
 329 122
 309 123
 270 124
 259 125
 241 126
 209 127
 214 128
 170 129
 161 130
 154 131
 138 132
 125 133
 126 134
 116 135
 120 136
 107 137
 90 138
 95 139
 84 140
 68 141
 62 142
 73 143
 62 144
 58 145
 46 146
 54 147
 53 148
 46 149
 61 150
 48 151
 35 152
 39 153
 30 154
 40 155
 33 156
 18 157
 22 158
 32 159
 27 160
 21 161
 28 162
 28 163
 10 164
 11 165
 10 166
 17 167
 18 168
 8 169
 13 170
 12 171
 12 172
 12 173
 11 174
 5 175
 7 176
 5 177
 6 178
 11 179
 6 180
 2 181
 5 182
 7 183
 3 184
 2 185
 2 186
 6 187
 4 188
 3 189
 2 190
 4 191
 7 192
 3 193
 2 194
 2 195
 1 196
 3 197
 3 198
 5 199
 1 200
 1 201
 1 202
 1 203
 1 204
 0 205
 1 206
 4 207
 2 208
 0 209
 0 210
 0 211
 1 212
 1 213
 0 214
 0 215
 0 216
 0 217
 1 218
 0 219
 0 220
 0 221
 0 222
 1 223
 0 224
 0 225
 0 226
 0 227
 1 228
 0 229
 0 230
 1 231
 0 232
 0 233
 0 234
 0 235
 0 236
 0 237
 0 238
 0 239
 0 240
 0 241
 0 242
 0 243
 0 244
 0 245
 0 246
 0 247
 0 248
 0 249
 0 250
 0 251
 0 252
 0 253
 0 254
 0 255
 0 256
 0 257
 0 258
 0 259
 1 260
 0 261
 0 262
 0 263
 0 264
 0 265
 0 266
 0 267
 0 268
 0 269
 0 270
 0 271
 0 272
 0 273
 0 274
 0 275
 0 276
 0 277
 1 278
 0 279
 0 280
 0 281
 0 282
 0 283
 0 284
 0 285
 1 286
 0 287
 0 288
 1 289
 0 290
 1 291
 0 292
 0 293
 0 294
 1 295
 2 296
 0 297
 1 298
 1 299
 1 300
 0 301
 0 302
 2 303
 1 304
 3 305
 2 306
 3 307
 2 308
 2 309
 2 310
 2 311
 1 312
 1 313
 4 314
 5 315
 1 316
 1 317
 5 318
 1 319
 2 320
 5 321
 1 322
 5 323
 3 324
 3 325
 3 326
 3 327
 4 328
 1 329
 2 330
 0 331
 1 332
 4 333
 0 334
 1 335
 3 336
 0 337
 3 338
 2 339
 3 340
 0 341
 2 342
 3 343
 2 344
 1 345
 2 346
 1 347
 3 348
 2 349
 2 350
 2 351
 2 352
 0 353
 1 354
 2 355
 2 356
 0 357
 4 358
 2 359
 1 360
 2 361
 0 362
 0 363
 1 364
 2 365
 1 366
 0 367
 2 368
 2 369
 3 370
 1 371
 2 372
 1 373
 0 374
 1 375
 1 376
 1 377
 1 378
 0 379
 0 380
 1 381
 0 382
 2 383
 1 384
 0 385
 0 386
 1 387
 0 388
 2 389
 2 390
 0 391
 0 392
 0 393
 1 394
 0 395
 0 396
 0 397
 0 398
 0 399
 0 400
 0 401
 0 402
 0 403
 0 404
 0 405
 0 406
 0 407
 0 408
 0 409
 0 410
 0 411
 0 412
 0 413
 0 414
 0 415
 0 416
 0 417
 0 418
 0 419
 0 420
 0 421
 0 422
 0 423
 0 424
 0 425
 0 426
 0 427
 0 428
 0 429
 0 430
 0 431
 0 432
 0 433
 0 434
 0 435
 0 436
 0 437
 0 438
 1 439
 0 440
 0 441
 0 442
 0 443
 0 444
 0 445
 0 446
 0 447
 0 448
 0 449
 0 450
 0 451
 0 452
 0 453
 0 454
 0 455
 0 456
 0 457
 0 458
 0 459
 0 460
 0 461
 0 462
 0 463
 0 464
 0 465
 0 466
 0 467
 0 468
 0 469
 0 470
 0 471
 0 472
 0 473
 0 474
 0 475
 0 476
 0 477
 0 478
 0 479
 0 480
 0 481
 0 482
 0 483
 0 484
 0 485
 0 486
 0 487
 0 488
 0 489
 0 490
 0 491
 0 492
 0 493
 0 494
 0 495
 0 496
 0 497
 0 498
 0 499
 0 500
 0 501
 0 502
 0 503
 0 504
 0 505
 0 506
 0 507
 0 508
 0 509
 0 510
 0 511
 0 512
 0 513
 0 514
 0 515
 0 516
 0 517
 0 518
 0 519
 0 520
 0 521
 0 522
 0 523
 0 524
 0 525
 0 526
 0 527
 0 528
 0 529
 0 530
 0 531
 0 532
 0 533
 0 534
 0 535
 0 536
 0 537
 0 538
 0 539
 0 540
 0 541
 0 542
 0 543
 0 544
 0 545
 0 546
 0 547
 0 548
 0 549
 0 550
 0 551
 0 552
 0 553
 0 554
 0 555
 0 556
 0 557
 0 558
 0 559
 0 560
 0 561
 0 562
 0 563
 0 564
 0 565
 0 566
 0 567
 0 568
 0 569
 0 570
 0 571
 0 572
 0 573
 0 574
 0 575
 0 576
 0 577
 0 578
 0 579
 0 580
 0 581
 0 582
 0 583
 0 584
 0 585
 0 586
 0 587
 0 588
 0 589
 0 590
 0 591
 0 592
 0 593
 0 594
 0 595
 0 596
 0 597
 0 598
 0 599
 0 600


