# Created by Octave 3.8.2, Mon Jun 22 06:34:33 2020 CEST <damian@fptrucha.inv.usc.es>
# name: hd
# type: matrix
# rows: 551
# columns: 2
 0 50
 0 51
 0 52
 0 53
 0 54
 0 55
 0 56
 0 57
 0 58
 0 59
 0 60
 0 61
 0 62
 0 63
 0 64
 0 65
 0 66
 0 67
 0 68
 0 69
 0 70
 0 71
 0 72
 0 73
 0 74
 0 75
 0 76
 0 77
 0 78
 0 79
 0 80
 0 81
 0 82
 0 83
 0 84
 0 85
 0 86
 0 87
 1 88
 3 89
 29 90
 72 91
 158 92
 314 93
 366 94
 467 95
 703 96
 1018 97
 1324 98
 1538 99
 1639 100
 1664 101
 1806 102
 1610 103
 1648 104
 1596 105
 1523 106
 1356 107
 1300 108
 1197 109
 1109 110
 993 111
 957 112
 846 113
 710 114
 657 115
 593 116
 536 117
 479 118
 419 119
 399 120
 352 121
 299 122
 279 123
 241 124
 225 125
 206 126
 180 127
 186 128
 155 129
 132 130
 139 131
 118 132
 134 133
 116 134
 93 135
 84 136
 113 137
 94 138
 77 139
 77 140
 76 141
 56 142
 58 143
 61 144
 57 145
 55 146
 60 147
 41 148
 41 149
 35 150
 28 151
 36 152
 32 153
 32 154
 35 155
 22 156
 36 157
 26 158
 32 159
 21 160
 21 161
 12 162
 19 163
 19 164
 16 165
 13 166
 11 167
 10 168
 11 169
 14 170
 5 171
 6 172
 6 173
 11 174
 9 175
 9 176
 12 177
 14 178
 6 179
 7 180
 3 181
 3 182
 9 183
 5 184
 7 185
 4 186
 3 187
 1 188
 3 189
 3 190
 4 191
 7 192
 1 193
 5 194
 6 195
 3 196
 3 197
 4 198
 2 199
 2 200
 1 201
 2 202
 4 203
 3 204
 3 205
 2 206
 1 207
 0 208
 1 209
 0 210
 0 211
 1 212
 0 213
 1 214
 0 215
 0 216
 1 217
 0 218
 0 219
 1 220
 0 221
 0 222
 0 223
 1 224
 0 225
 0 226
 0 227
 0 228
 0 229
 0 230
 0 231
 0 232
 0 233
 0 234
 0 235
 0 236
 0 237
 1 238
 0 239
 0 240
 0 241
 0 242
 0 243
 0 244
 0 245
 0 246
 0 247
 0 248
 0 249
 0 250
 0 251
 0 252
 0 253
 0 254
 0 255
 0 256
 0 257
 0 258
 0 259
 0 260
 0 261
 0 262
 0 263
 0 264
 0 265
 0 266
 0 267
 0 268
 0 269
 0 270
 0 271
 0 272
 0 273
 0 274
 0 275
 0 276
 0 277
 0 278
 0 279
 0 280
 0 281
 0 282
 1 283
 0 284
 0 285
 0 286
 1 287
 2 288
 1 289
 1 290
 0 291
 0 292
 1 293
 0 294
 2 295
 0 296
 1 297
 2 298
 0 299
 3 300
 0 301
 1 302
 3 303
 0 304
 1 305
 0 306
 0 307
 3 308
 0 309
 4 310
 1 311
 3 312
 1 313
 3 314
 3 315
 3 316
 2 317
 3 318
 2 319
 1 320
 1 321
 3 322
 6 323
 5 324
 3 325
 6 326
 5 327
 5 328
 2 329
 4 330
 2 331
 2 332
 3 333
 0 334
 1 335
 5 336
 3 337
 3 338
 1 339
 8 340
 1 341
 0 342
 1 343
 1 344
 3 345
 0 346
 3 347
 2 348
 1 349
 3 350
 0 351
 1 352
 1 353
 2 354
 3 355
 1 356
 1 357
 2 358
 0 359
 0 360
 1 361
 2 362
 2 363
 2 364
 0 365
 1 366
 1 367
 0 368
 2 369
 4 370
 0 371
 0 372
 1 373
 1 374
 0 375
 0 376
 1 377
 0 378
 2 379
 2 380
 1 381
 0 382
 1 383
 1 384
 1 385
 1 386
 2 387
 0 388
 2 389
 0 390
 1 391
 0 392
 0 393
 0 394
 0 395
 0 396
 0 397
 0 398
 0 399
 0 400
 0 401
 0 402
 0 403
 0 404
 0 405
 0 406
 0 407
 1 408
 0 409
 0 410
 0 411
 0 412
 0 413
 0 414
 0 415
 0 416
 0 417
 0 418
 0 419
 2 420
 0 421
 0 422
 0 423
 0 424
 0 425
 0 426
 0 427
 0 428
 0 429
 0 430
 0 431
 0 432
 0 433
 0 434
 0 435
 0 436
 0 437
 0 438
 0 439
 0 440
 0 441
 0 442
 0 443
 0 444
 0 445
 0 446
 0 447
 0 448
 0 449
 0 450
 0 451
 0 452
 0 453
 0 454
 0 455
 0 456
 0 457
 0 458
 0 459
 0 460
 0 461
 0 462
 0 463
 0 464
 0 465
 0 466
 0 467
 0 468
 0 469
 0 470
 0 471
 0 472
 0 473
 0 474
 0 475
 0 476
 0 477
 0 478
 0 479
 0 480
 0 481
 0 482
 0 483
 0 484
 0 485
 0 486
 0 487
 0 488
 0 489
 0 490
 0 491
 0 492
 0 493
 0 494
 0 495
 0 496
 0 497
 0 498
 0 499
 0 500
 0 501
 0 502
 0 503
 0 504
 0 505
 0 506
 0 507
 0 508
 0 509
 0 510
 0 511
 0 512
 0 513
 0 514
 0 515
 0 516
 0 517
 0 518
 0 519
 0 520
 0 521
 0 522
 0 523
 0 524
 0 525
 0 526
 0 527
 0 528
 0 529
 0 530
 0 531
 0 532
 0 533
 0 534
 0 535
 0 536
 0 537
 0 538
 0 539
 0 540
 0 541
 0 542
 0 543
 0 544
 0 545
 0 546
 0 547
 0 548
 0 549
 0 550
 0 551
 0 552
 0 553
 0 554
 0 555
 0 556
 0 557
 0 558
 0 559
 0 560
 0 561
 0 562
 0 563
 0 564
 0 565
 0 566
 0 567
 0 568
 0 569
 0 570
 0 571
 0 572
 0 573
 0 574
 0 575
 0 576
 0 577
 0 578
 0 579
 0 580
 0 581
 0 582
 0 583
 0 584
 0 585
 0 586
 0 587
 0 588
 0 589
 0 590
 0 591
 0 592
 0 593
 0 594
 0 595
 0 596
 0 597
 0 598
 0 599
 0 600


