# Created by Octave 3.8.2, Mon Jun 22 12:07:46 2020 CEST <damian@fptrucha.inv.usc.es>
# name: hd
# type: matrix
# rows: 551
# columns: 2
 0 50
 0 51
 0 52
 0 53
 0 54
 0 55
 0 56
 0 57
 0 58
 0 59
 0 60
 0 61
 0 62
 0 63
 0 64
 0 65
 0 66
 0 67
 0 68
 0 69
 0 70
 0 71
 0 72
 0 73
 0 74
 0 75
 0 76
 0 77
 0 78
 0 79
 0 80
 0 81
 0 82
 0 83
 0 84
 0 85
 0 86
 0 87
 2 88
 9 89
 51 90
 124 91
 196 92
 325 93
 368 94
 557 95
 859 96
 1240 97
 1492 98
 1645 99
 1634 100
 1709 101
 1740 102
 1722 103
 1585 104
 1604 105
 1577 106
 1426 107
 1318 108
 1246 109
 1227 110
 1018 111
 904 112
 793 113
 776 114
 681 115
 577 116
 511 117
 492 118
 440 119
 402 120
 363 121
 339 122
 315 123
 254 124
 242 125
 241 126
 216 127
 192 128
 191 129
 163 130
 149 131
 139 132
 141 133
 116 134
 117 135
 103 136
 92 137
 79 138
 78 139
 84 140
 78 141
 66 142
 63 143
 57 144
 55 145
 50 146
 41 147
 47 148
 58 149
 53 150
 42 151
 36 152
 32 153
 33 154
 37 155
 38 156
 31 157
 32 158
 23 159
 24 160
 27 161
 32 162
 17 163
 15 164
 15 165
 14 166
 12 167
 12 168
 15 169
 8 170
 10 171
 14 172
 13 173
 7 174
 11 175
 5 176
 7 177
 5 178
 5 179
 5 180
 4 181
 8 182
 5 183
 3 184
 3 185
 2 186
 2 187
 3 188
 3 189
 8 190
 4 191
 1 192
 5 193
 2 194
 2 195
 2 196
 2 197
 3 198
 3 199
 2 200
 2 201
 0 202
 2 203
 1 204
 2 205
 0 206
 1 207
 2 208
 1 209
 0 210
 1 211
 0 212
 0 213
 2 214
 1 215
 1 216
 0 217
 0 218
 1 219
 0 220
 0 221
 1 222
 0 223
 1 224
 0 225
 0 226
 0 227
 0 228
 1 229
 0 230
 0 231
 0 232
 0 233
 0 234
 0 235
 1 236
 0 237
 0 238
 0 239
 0 240
 0 241
 0 242
 0 243
 0 244
 0 245
 1 246
 0 247
 0 248
 0 249
 0 250
 0 251
 0 252
 1 253
 0 254
 0 255
 0 256
 0 257
 0 258
 0 259
 0 260
 0 261
 0 262
 0 263
 0 264
 0 265
 0 266
 0 267
 0 268
 0 269
 0 270
 0 271
 0 272
 0 273
 0 274
 1 275
 0 276
 0 277
 0 278
 0 279
 0 280
 0 281
 0 282
 1 283
 0 284
 0 285
 0 286
 0 287
 0 288
 1 289
 1 290
 0 291
 0 292
 1 293
 0 294
 1 295
 1 296
 0 297
 1 298
 1 299
 0 300
 0 301
 0 302
 0 303
 2 304
 3 305
 3 306
 0 307
 0 308
 0 309
 3 310
 0 311
 2 312
 4 313
 2 314
 2 315
 3 316
 0 317
 4 318
 3 319
 1 320
 2 321
 0 322
 4 323
 1 324
 3 325
 2 326
 5 327
 0 328
 3 329
 1 330
 4 331
 2 332
 2 333
 1 334
 0 335
 3 336
 3 337
 1 338
 2 339
 2 340
 3 341
 3 342
 2 343
 1 344
 0 345
 1 346
 2 347
 2 348
 2 349
 3 350
 2 351
 1 352
 1 353
 3 354
 2 355
 1 356
 0 357
 2 358
 1 359
 2 360
 1 361
 2 362
 2 363
 2 364
 1 365
 0 366
 1 367
 1 368
 0 369
 0 370
 1 371
 1 372
 0 373
 0 374
 0 375
 0 376
 1 377
 0 378
 1 379
 0 380
 0 381
 0 382
 1 383
 1 384
 1 385
 4 386
 0 387
 0 388
 0 389
 1 390
 0 391
 0 392
 0 393
 0 394
 0 395
 0 396
 0 397
 1 398
 0 399
 0 400
 0 401
 0 402
 0 403
 0 404
 0 405
 1 406
 0 407
 0 408
 0 409
 0 410
 0 411
 1 412
 0 413
 0 414
 1 415
 0 416
 0 417
 1 418
 0 419
 0 420
 0 421
 0 422
 0 423
 0 424
 0 425
 0 426
 0 427
 0 428
 0 429
 0 430
 0 431
 0 432
 0 433
 0 434
 0 435
 0 436
 0 437
 0 438
 0 439
 1 440
 0 441
 0 442
 0 443
 0 444
 0 445
 0 446
 0 447
 0 448
 0 449
 0 450
 0 451
 0 452
 0 453
 0 454
 0 455
 0 456
 0 457
 0 458
 0 459
 0 460
 0 461
 0 462
 0 463
 0 464
 0 465
 0 466
 0 467
 0 468
 0 469
 0 470
 0 471
 0 472
 0 473
 0 474
 0 475
 0 476
 0 477
 0 478
 0 479
 0 480
 0 481
 0 482
 0 483
 0 484
 0 485
 0 486
 0 487
 0 488
 0 489
 0 490
 0 491
 0 492
 0 493
 0 494
 0 495
 0 496
 0 497
 0 498
 0 499
 0 500
 0 501
 0 502
 0 503
 0 504
 0 505
 0 506
 0 507
 0 508
 0 509
 0 510
 0 511
 0 512
 0 513
 0 514
 0 515
 0 516
 0 517
 0 518
 0 519
 0 520
 0 521
 0 522
 0 523
 0 524
 0 525
 0 526
 0 527
 0 528
 0 529
 0 530
 0 531
 0 532
 0 533
 0 534
 0 535
 0 536
 0 537
 0 538
 0 539
 0 540
 0 541
 0 542
 0 543
 0 544
 0 545
 0 546
 0 547
 0 548
 0 549
 0 550
 0 551
 0 552
 0 553
 0 554
 0 555
 0 556
 0 557
 0 558
 0 559
 0 560
 0 561
 0 562
 0 563
 0 564
 0 565
 0 566
 0 567
 0 568
 0 569
 0 570
 0 571
 0 572
 0 573
 0 574
 0 575
 0 576
 0 577
 0 578
 0 579
 0 580
 0 581
 0 582
 0 583
 0 584
 0 585
 0 586
 0 587
 0 588
 0 589
 0 590
 0 591
 0 592
 0 593
 0 594
 0 595
 0 596
 0 597
 0 598
 0 599
 0 600


