# Created by Octave 3.8.2, Sat Jun 20 03:26:31 2020 CEST <damian@fptrucha.inv.usc.es>
# name: hd
# type: matrix
# rows: 551
# columns: 2
 0 50
 0 51
 0 52
 0 53
 0 54
 0 55
 0 56
 0 57
 0 58
 0 59
 0 60
 0 61
 0 62
 0 63
 0 64
 0 65
 0 66
 0 67
 0 68
 0 69
 0 70
 0 71
 0 72
 0 73
 0 74
 0 75
 0 76
 0 77
 0 78
 0 79
 0 80
 0 81
 0 82
 0 83
 0 84
 0 85
 1 86
 6 87
 7 88
 11 89
 60 90
 112 91
 222 92
 280 93
 383 94
 583 95
 928 96
 1195 97
 1400 98
 1534 99
 1650 100
 1730 101
 1745 102
 1759 103
 1665 104
 1566 105
 1578 106
 1520 107
 1344 108
 1264 109
 1217 110
 1133 111
 1030 112
 969 113
 894 114
 868 115
 728 116
 738 117
 599 118
 587 119
 531 120
 530 121
 425 122
 384 123
 354 124
 325 125
 302 126
 271 127
 241 128
 236 129
 238 130
 192 131
 200 132
 170 133
 164 134
 145 135
 158 136
 116 137
 104 138
 120 139
 113 140
 101 141
 100 142
 85 143
 70 144
 66 145
 88 146
 73 147
 77 148
 65 149
 56 150
 57 151
 42 152
 49 153
 47 154
 42 155
 40 156
 39 157
 41 158
 37 159
 35 160
 20 161
 35 162
 29 163
 24 164
 19 165
 17 166
 23 167
 14 168
 13 169
 7 170
 12 171
 17 172
 13 173
 15 174
 8 175
 13 176
 6 177
 8 178
 11 179
 12 180
 8 181
 4 182
 5 183
 2 184
 3 185
 9 186
 3 187
 5 188
 6 189
 3 190
 3 191
 2 192
 0 193
 5 194
 1 195
 4 196
 2 197
 2 198
 2 199
 4 200
 1 201
 0 202
 1 203
 0 204
 2 205
 2 206
 1 207
 2 208
 0 209
 2 210
 1 211
 0 212
 0 213
 0 214
 0 215
 0 216
 0 217
 1 218
 0 219
 0 220
 0 221
 0 222
 1 223
 0 224
 0 225
 0 226
 0 227
 0 228
 1 229
 0 230
 0 231
 0 232
 1 233
 0 234
 0 235
 0 236
 0 237
 0 238
 0 239
 0 240
 1 241
 0 242
 0 243
 0 244
 0 245
 0 246
 0 247
 0 248
 0 249
 0 250
 0 251
 0 252
 0 253
 0 254
 0 255
 0 256
 0 257
 0 258
 0 259
 0 260
 0 261
 0 262
 0 263
 0 264
 0 265
 0 266
 0 267
 0 268
 0 269
 0 270
 0 271
 0 272
 0 273
 0 274
 0 275
 0 276
 0 277
 0 278
 0 279
 1 280
 0 281
 0 282
 0 283
 0 284
 0 285
 0 286
 2 287
 0 288
 0 289
 1 290
 2 291
 0 292
 0 293
 0 294
 0 295
 0 296
 3 297
 3 298
 2 299
 1 300
 0 301
 2 302
 1 303
 0 304
 0 305
 4 306
 6 307
 2 308
 0 309
 1 310
 1 311
 5 312
 1 313
 1 314
 2 315
 3 316
 2 317
 3 318
 3 319
 2 320
 4 321
 2 322
 2 323
 2 324
 2 325
 3 326
 9 327
 3 328
 7 329
 4 330
 3 331
 1 332
 2 333
 1 334
 2 335
 0 336
 2 337
 1 338
 2 339
 4 340
 1 341
 3 342
 3 343
 3 344
 4 345
 1 346
 0 347
 3 348
 1 349
 0 350
 2 351
 1 352
 1 353
 4 354
 2 355
 1 356
 2 357
 2 358
 2 359
 2 360
 2 361
 2 362
 0 363
 2 364
 1 365
 0 366
 1 367
 1 368
 1 369
 3 370
 0 371
 1 372
 1 373
 1 374
 2 375
 2 376
 1 377
 0 378
 1 379
 0 380
 1 381
 0 382
 0 383
 0 384
 0 385
 0 386
 0 387
 1 388
 0 389
 0 390
 2 391
 1 392
 1 393
 0 394
 0 395
 0 396
 0 397
 1 398
 0 399
 0 400
 0 401
 0 402
 0 403
 0 404
 0 405
 0 406
 0 407
 0 408
 0 409
 1 410
 0 411
 0 412
 1 413
 0 414
 0 415
 0 416
 0 417
 0 418
 0 419
 0 420
 0 421
 0 422
 0 423
 0 424
 0 425
 0 426
 0 427
 0 428
 0 429
 0 430
 0 431
 0 432
 0 433
 0 434
 0 435
 0 436
 0 437
 0 438
 0 439
 0 440
 0 441
 0 442
 0 443
 0 444
 0 445
 0 446
 0 447
 0 448
 0 449
 0 450
 0 451
 0 452
 0 453
 0 454
 0 455
 0 456
 0 457
 0 458
 0 459
 0 460
 0 461
 0 462
 0 463
 0 464
 0 465
 0 466
 0 467
 0 468
 0 469
 0 470
 0 471
 0 472
 0 473
 0 474
 0 475
 0 476
 0 477
 0 478
 0 479
 0 480
 0 481
 0 482
 0 483
 0 484
 0 485
 0 486
 0 487
 0 488
 0 489
 0 490
 0 491
 0 492
 0 493
 0 494
 0 495
 0 496
 0 497
 0 498
 0 499
 0 500
 0 501
 0 502
 0 503
 0 504
 0 505
 0 506
 0 507
 0 508
 0 509
 0 510
 0 511
 0 512
 0 513
 0 514
 0 515
 0 516
 0 517
 0 518
 0 519
 0 520
 0 521
 0 522
 0 523
 0 524
 0 525
 0 526
 0 527
 0 528
 0 529
 0 530
 0 531
 0 532
 0 533
 0 534
 0 535
 0 536
 0 537
 0 538
 0 539
 0 540
 0 541
 0 542
 0 543
 0 544
 0 545
 0 546
 0 547
 0 548
 0 549
 0 550
 0 551
 0 552
 0 553
 0 554
 0 555
 0 556
 0 557
 0 558
 0 559
 0 560
 0 561
 0 562
 0 563
 0 564
 0 565
 0 566
 0 567
 0 568
 0 569
 0 570
 0 571
 0 572
 0 573
 0 574
 0 575
 0 576
 0 577
 0 578
 0 579
 0 580
 0 581
 0 582
 0 583
 0 584
 0 585
 0 586
 0 587
 0 588
 0 589
 0 590
 0 591
 0 592
 0 593
 0 594
 0 595
 0 596
 0 597
 0 598
 0 599
 0 600


