# Created by Octave 3.8.2, Sun Jun 21 04:46:13 2020 CEST <damian@fptrucha.inv.usc.es>
# name: hd
# type: matrix
# rows: 551
# columns: 2
 0 50
 0 51
 0 52
 0 53
 0 54
 0 55
 0 56
 0 57
 0 58
 0 59
 0 60
 0 61
 0 62
 0 63
 0 64
 0 65
 0 66
 0 67
 0 68
 0 69
 0 70
 0 71
 0 72
 0 73
 0 74
 0 75
 0 76
 0 77
 0 78
 0 79
 0 80
 0 81
 0 82
 0 83
 0 84
 0 85
 0 86
 1 87
 3 88
 14 89
 57 90
 105 91
 214 92
 298 93
 397 94
 581 95
 813 96
 1063 97
 1355 98
 1486 99
 1647 100
 1604 101
 1700 102
 1620 103
 1567 104
 1608 105
 1516 106
 1390 107
 1327 108
 1178 109
 1173 110
 1120 111
 971 112
 890 113
 840 114
 753 115
 702 116
 647 117
 573 118
 512 119
 441 120
 414 121
 339 122
 326 123
 304 124
 288 125
 255 126
 237 127
 189 128
 181 129
 162 130
 152 131
 140 132
 129 133
 108 134
 119 135
 107 136
 92 137
 98 138
 70 139
 80 140
 85 141
 60 142
 62 143
 60 144
 64 145
 44 146
 62 147
 40 148
 41 149
 41 150
 38 151
 30 152
 25 153
 26 154
 28 155
 22 156
 26 157
 22 158
 22 159
 25 160
 14 161
 17 162
 13 163
 14 164
 10 165
 9 166
 16 167
 10 168
 3 169
 7 170
 10 171
 8 172
 9 173
 4 174
 5 175
 10 176
 8 177
 10 178
 7 179
 4 180
 5 181
 6 182
 1 183
 3 184
 3 185
 6 186
 1 187
 3 188
 2 189
 2 190
 0 191
 1 192
 1 193
 1 194
 2 195
 3 196
 1 197
 1 198
 0 199
 0 200
 1 201
 0 202
 0 203
 1 204
 1 205
 0 206
 3 207
 0 208
 0 209
 0 210
 0 211
 0 212
 1 213
 0 214
 0 215
 0 216
 0 217
 0 218
 1 219
 2 220
 0 221
 0 222
 0 223
 0 224
 0 225
 0 226
 1 227
 0 228
 1 229
 0 230
 0 231
 0 232
 0 233
 1 234
 0 235
 0 236
 0 237
 0 238
 0 239
 0 240
 0 241
 0 242
 0 243
 0 244
 0 245
 0 246
 0 247
 0 248
 0 249
 0 250
 0 251
 0 252
 0 253
 0 254
 0 255
 0 256
 0 257
 0 258
 0 259
 0 260
 0 261
 0 262
 0 263
 0 264
 0 265
 0 266
 0 267
 0 268
 0 269
 1 270
 0 271
 0 272
 0 273
 0 274
 0 275
 0 276
 0 277
 0 278
 0 279
 0 280
 1 281
 0 282
 0 283
 0 284
 0 285
 0 286
 1 287
 0 288
 0 289
 0 290
 0 291
 1 292
 0 293
 0 294
 1 295
 0 296
 0 297
 0 298
 0 299
 3 300
 1 301
 1 302
 0 303
 0 304
 1 305
 0 306
 2 307
 2 308
 1 309
 2 310
 2 311
 3 312
 0 313
 2 314
 0 315
 4 316
 4 317
 1 318
 1 319
 3 320
 1 321
 0 322
 2 323
 1 324
 2 325
 4 326
 1 327
 2 328
 2 329
 1 330
 0 331
 1 332
 0 333
 0 334
 0 335
 3 336
 0 337
 0 338
 1 339
 4 340
 1 341
 4 342
 2 343
 0 344
 2 345
 0 346
 0 347
 2 348
 3 349
 1 350
 1 351
 3 352
 1 353
 2 354
 4 355
 2 356
 2 357
 0 358
 0 359
 0 360
 1 361
 0 362
 1 363
 2 364
 1 365
 0 366
 1 367
 1 368
 1 369
 1 370
 1 371
 1 372
 0 373
 1 374
 1 375
 0 376
 0 377
 1 378
 0 379
 0 380
 0 381
 0 382
 0 383
 2 384
 0 385
 0 386
 0 387
 0 388
 0 389
 0 390
 0 391
 0 392
 0 393
 0 394
 0 395
 0 396
 1 397
 1 398
 1 399
 0 400
 0 401
 0 402
 0 403
 0 404
 0 405
 0 406
 0 407
 0 408
 0 409
 0 410
 0 411
 0 412
 0 413
 0 414
 0 415
 0 416
 2 417
 0 418
 0 419
 0 420
 0 421
 0 422
 0 423
 0 424
 0 425
 0 426
 0 427
 0 428
 0 429
 0 430
 0 431
 0 432
 0 433
 0 434
 0 435
 0 436
 0 437
 0 438
 0 439
 0 440
 0 441
 0 442
 0 443
 0 444
 0 445
 0 446
 0 447
 0 448
 0 449
 0 450
 0 451
 0 452
 0 453
 0 454
 0 455
 0 456
 0 457
 0 458
 0 459
 0 460
 0 461
 0 462
 0 463
 0 464
 0 465
 0 466
 0 467
 0 468
 0 469
 0 470
 0 471
 0 472
 0 473
 0 474
 0 475
 0 476
 0 477
 0 478
 0 479
 0 480
 0 481
 0 482
 0 483
 0 484
 0 485
 0 486
 0 487
 0 488
 0 489
 0 490
 0 491
 0 492
 0 493
 0 494
 0 495
 0 496
 0 497
 0 498
 0 499
 0 500
 0 501
 0 502
 0 503
 0 504
 0 505
 0 506
 0 507
 0 508
 0 509
 0 510
 0 511
 0 512
 0 513
 0 514
 0 515
 0 516
 0 517
 0 518
 0 519
 0 520
 0 521
 0 522
 0 523
 0 524
 0 525
 0 526
 0 527
 0 528
 0 529
 0 530
 0 531
 0 532
 0 533
 0 534
 0 535
 0 536
 0 537
 0 538
 0 539
 0 540
 0 541
 0 542
 0 543
 0 544
 0 545
 0 546
 0 547
 0 548
 0 549
 0 550
 0 551
 0 552
 0 553
 0 554
 0 555
 0 556
 0 557
 0 558
 0 559
 0 560
 0 561
 0 562
 0 563
 0 564
 0 565
 0 566
 0 567
 0 568
 0 569
 0 570
 0 571
 0 572
 0 573
 0 574
 0 575
 0 576
 0 577
 0 578
 0 579
 0 580
 0 581
 0 582
 0 583
 0 584
 0 585
 0 586
 0 587
 0 588
 0 589
 0 590
 0 591
 0 592
 0 593
 0 594
 0 595
 0 596
 0 597
 0 598
 0 599
 0 600


