# Created by Octave 3.8.2, Mon Jun 22 09:35:24 2020 CEST <damian@fptrucha.inv.usc.es>
# name: hd
# type: matrix
# rows: 551
# columns: 2
 0 50
 0 51
 0 52
 0 53
 0 54
 0 55
 0 56
 0 57
 0 58
 0 59
 0 60
 0 61
 0 62
 0 63
 0 64
 0 65
 0 66
 0 67
 0 68
 0 69
 0 70
 0 71
 0 72
 0 73
 0 74
 0 75
 0 76
 0 77
 0 78
 0 79
 0 80
 0 81
 0 82
 0 83
 0 84
 0 85
 0 86
 1 87
 0 88
 5 89
 25 90
 104 91
 165 92
 260 93
 320 94
 438 95
 706 96
 1104 97
 1337 98
 1480 99
 1603 100
 1665 101
 1767 102
 1694 103
 1654 104
 1620 105
 1432 106
 1402 107
 1291 108
 1226 109
 1159 110
 1036 111
 910 112
 799 113
 803 114
 712 115
 651 116
 545 117
 518 118
 483 119
 426 120
 389 121
 308 122
 277 123
 254 124
 224 125
 226 126
 192 127
 193 128
 168 129
 148 130
 115 131
 159 132
 130 133
 111 134
 108 135
 135 136
 114 137
 97 138
 91 139
 104 140
 91 141
 78 142
 64 143
 71 144
 58 145
 58 146
 64 147
 49 148
 45 149
 48 150
 40 151
 41 152
 38 153
 39 154
 30 155
 30 156
 27 157
 40 158
 26 159
 28 160
 30 161
 24 162
 16 163
 22 164
 19 165
 20 166
 13 167
 13 168
 17 169
 16 170
 17 171
 8 172
 8 173
 13 174
 10 175
 11 176
 8 177
 6 178
 7 179
 5 180
 8 181
 6 182
 2 183
 5 184
 11 185
 2 186
 4 187
 7 188
 5 189
 3 190
 2 191
 4 192
 1 193
 4 194
 1 195
 0 196
 0 197
 4 198
 1 199
 0 200
 0 201
 0 202
 0 203
 1 204
 0 205
 3 206
 2 207
 0 208
 0 209
 1 210
 0 211
 0 212
 1 213
 0 214
 1 215
 0 216
 0 217
 0 218
 0 219
 0 220
 0 221
 0 222
 0 223
 0 224
 1 225
 0 226
 0 227
 0 228
 0 229
 0 230
 0 231
 1 232
 0 233
 1 234
 0 235
 0 236
 0 237
 0 238
 0 239
 0 240
 0 241
 0 242
 0 243
 0 244
 0 245
 0 246
 0 247
 0 248
 0 249
 0 250
 0 251
 0 252
 0 253
 0 254
 0 255
 0 256
 0 257
 0 258
 0 259
 0 260
 0 261
 0 262
 0 263
 0 264
 0 265
 0 266
 0 267
 0 268
 0 269
 0 270
 0 271
 0 272
 0 273
 0 274
 0 275
 0 276
 0 277
 0 278
 0 279
 1 280
 0 281
 0 282
 1 283
 1 284
 0 285
 0 286
 1 287
 2 288
 1 289
 0 290
 2 291
 2 292
 1 293
 2 294
 1 295
 0 296
 0 297
 0 298
 1 299
 1 300
 0 301
 1 302
 2 303
 1 304
 0 305
 1 306
 5 307
 3 308
 1 309
 1 310
 2 311
 1 312
 3 313
 1 314
 1 315
 5 316
 2 317
 3 318
 1 319
 2 320
 3 321
 1 322
 1 323
 2 324
 2 325
 1 326
 3 327
 1 328
 3 329
 4 330
 1 331
 4 332
 3 333
 1 334
 3 335
 3 336
 1 337
 0 338
 3 339
 3 340
 2 341
 1 342
 1 343
 3 344
 1 345
 3 346
 0 347
 1 348
 1 349
 3 350
 0 351
 5 352
 2 353
 2 354
 0 355
 1 356
 2 357
 2 358
 0 359
 2 360
 1 361
 1 362
 1 363
 1 364
 3 365
 0 366
 1 367
 3 368
 1 369
 2 370
 1 371
 2 372
 3 373
 1 374
 1 375
 0 376
 0 377
 0 378
 1 379
 0 380
 2 381
 1 382
 1 383
 2 384
 3 385
 0 386
 1 387
 0 388
 0 389
 1 390
 0 391
 1 392
 0 393
 0 394
 2 395
 0 396
 0 397
 0 398
 0 399
 0 400
 0 401
 0 402
 0 403
 0 404
 0 405
 0 406
 0 407
 0 408
 1 409
 0 410
 0 411
 0 412
 1 413
 0 414
 0 415
 0 416
 0 417
 0 418
 0 419
 1 420
 0 421
 0 422
 0 423
 0 424
 0 425
 0 426
 0 427
 0 428
 0 429
 0 430
 0 431
 0 432
 0 433
 0 434
 0 435
 0 436
 0 437
 0 438
 0 439
 0 440
 0 441
 0 442
 0 443
 0 444
 0 445
 0 446
 0 447
 0 448
 0 449
 0 450
 0 451
 0 452
 0 453
 0 454
 0 455
 0 456
 0 457
 0 458
 0 459
 0 460
 0 461
 0 462
 0 463
 0 464
 0 465
 0 466
 0 467
 0 468
 0 469
 0 470
 0 471
 0 472
 0 473
 0 474
 0 475
 0 476
 0 477
 0 478
 0 479
 0 480
 0 481
 0 482
 0 483
 0 484
 0 485
 0 486
 0 487
 0 488
 0 489
 0 490
 0 491
 0 492
 0 493
 0 494
 0 495
 0 496
 0 497
 0 498
 0 499
 0 500
 0 501
 0 502
 0 503
 0 504
 0 505
 0 506
 0 507
 0 508
 0 509
 0 510
 0 511
 0 512
 0 513
 0 514
 0 515
 0 516
 0 517
 0 518
 0 519
 0 520
 0 521
 0 522
 0 523
 0 524
 0 525
 0 526
 0 527
 0 528
 0 529
 0 530
 0 531
 0 532
 0 533
 0 534
 0 535
 0 536
 0 537
 0 538
 0 539
 0 540
 0 541
 0 542
 0 543
 0 544
 0 545
 0 546
 0 547
 0 548
 0 549
 0 550
 0 551
 0 552
 0 553
 0 554
 0 555
 0 556
 0 557
 0 558
 0 559
 0 560
 0 561
 0 562
 0 563
 0 564
 0 565
 0 566
 0 567
 0 568
 0 569
 0 570
 0 571
 0 572
 0 573
 0 574
 0 575
 0 576
 0 577
 0 578
 0 579
 0 580
 0 581
 0 582
 0 583
 0 584
 0 585
 0 586
 0 587
 0 588
 0 589
 0 590
 0 591
 0 592
 0 593
 0 594
 0 595
 0 596
 0 597
 0 598
 0 599
 0 600


