# Created by Octave 3.8.2, Mon Jun 22 06:13:55 2020 CEST <damian@fptrucha.inv.usc.es>
# name: hd
# type: matrix
# rows: 551
# columns: 2
 0 50
 0 51
 0 52
 0 53
 0 54
 0 55
 0 56
 0 57
 0 58
 0 59
 0 60
 0 61
 0 62
 0 63
 0 64
 0 65
 0 66
 0 67
 0 68
 0 69
 0 70
 0 71
 0 72
 0 73
 0 74
 0 75
 0 76
 0 77
 0 78
 0 79
 0 80
 0 81
 0 82
 0 83
 0 84
 0 85
 0 86
 0 87
 3 88
 7 89
 21 90
 85 91
 164 92
 243 93
 330 94
 482 95
 716 96
 1088 97
 1328 98
 1540 99
 1610 100
 1755 101
 1799 102
 1673 103
 1744 104
 1578 105
 1445 106
 1425 107
 1245 108
 1167 109
 1100 110
 954 111
 893 112
 775 113
 727 114
 597 115
 602 116
 517 117
 439 118
 430 119
 381 120
 367 121
 295 122
 262 123
 219 124
 230 125
 208 126
 186 127
 177 128
 163 129
 156 130
 125 131
 147 132
 99 133
 128 134
 95 135
 105 136
 110 137
 91 138
 78 139
 86 140
 68 141
 74 142
 50 143
 67 144
 57 145
 56 146
 37 147
 41 148
 41 149
 37 150
 47 151
 39 152
 41 153
 37 154
 21 155
 27 156
 31 157
 20 158
 21 159
 18 160
 18 161
 19 162
 23 163
 25 164
 9 165
 17 166
 15 167
 13 168
 11 169
 10 170
 11 171
 8 172
 12 173
 6 174
 13 175
 10 176
 14 177
 12 178
 5 179
 4 180
 6 181
 5 182
 7 183
 4 184
 7 185
 2 186
 4 187
 4 188
 3 189
 3 190
 3 191
 0 192
 3 193
 4 194
 0 195
 3 196
 1 197
 2 198
 3 199
 0 200
 0 201
 0 202
 1 203
 1 204
 0 205
 1 206
 4 207
 0 208
 1 209
 0 210
 0 211
 2 212
 2 213
 1 214
 0 215
 0 216
 0 217
 1 218
 0 219
 0 220
 0 221
 1 222
 0 223
 0 224
 1 225
 0 226
 2 227
 0 228
 0 229
 0 230
 0 231
 1 232
 0 233
 0 234
 0 235
 0 236
 0 237
 0 238
 1 239
 0 240
 0 241
 0 242
 0 243
 0 244
 0 245
 0 246
 0 247
 0 248
 0 249
 0 250
 0 251
 0 252
 0 253
 0 254
 0 255
 0 256
 0 257
 0 258
 0 259
 0 260
 0 261
 0 262
 0 263
 0 264
 0 265
 0 266
 0 267
 0 268
 0 269
 0 270
 0 271
 0 272
 0 273
 0 274
 0 275
 0 276
 0 277
 0 278
 0 279
 0 280
 0 281
 0 282
 0 283
 0 284
 0 285
 0 286
 0 287
 0 288
 1 289
 1 290
 1 291
 0 292
 1 293
 0 294
 0 295
 1 296
 2 297
 2 298
 0 299
 0 300
 1 301
 1 302
 1 303
 3 304
 0 305
 0 306
 3 307
 1 308
 2 309
 1 310
 4 311
 1 312
 1 313
 0 314
 1 315
 2 316
 2 317
 3 318
 2 319
 1 320
 3 321
 2 322
 4 323
 2 324
 0 325
 4 326
 2 327
 3 328
 1 329
 2 330
 3 331
 3 332
 2 333
 2 334
 2 335
 3 336
 2 337
 4 338
 2 339
 2 340
 1 341
 4 342
 2 343
 2 344
 5 345
 1 346
 1 347
 4 348
 5 349
 3 350
 3 351
 2 352
 1 353
 2 354
 2 355
 3 356
 3 357
 2 358
 2 359
 2 360
 1 361
 2 362
 0 363
 2 364
 0 365
 2 366
 0 367
 1 368
 1 369
 2 370
 1 371
 1 372
 0 373
 2 374
 1 375
 1 376
 0 377
 0 378
 1 379
 2 380
 1 381
 1 382
 1 383
 2 384
 0 385
 0 386
 2 387
 1 388
 0 389
 0 390
 1 391
 1 392
 0 393
 0 394
 0 395
 0 396
 0 397
 0 398
 0 399
 0 400
 0 401
 0 402
 0 403
 1 404
 0 405
 0 406
 0 407
 0 408
 0 409
 0 410
 0 411
 0 412
 0 413
 0 414
 0 415
 0 416
 0 417
 0 418
 0 419
 0 420
 0 421
 0 422
 0 423
 0 424
 0 425
 0 426
 0 427
 0 428
 0 429
 0 430
 0 431
 0 432
 0 433
 0 434
 0 435
 0 436
 0 437
 0 438
 0 439
 0 440
 1 441
 0 442
 0 443
 0 444
 0 445
 0 446
 0 447
 0 448
 0 449
 0 450
 0 451
 0 452
 0 453
 0 454
 0 455
 0 456
 0 457
 0 458
 0 459
 0 460
 0 461
 0 462
 0 463
 0 464
 0 465
 0 466
 0 467
 0 468
 0 469
 0 470
 0 471
 0 472
 0 473
 0 474
 0 475
 0 476
 0 477
 0 478
 0 479
 0 480
 0 481
 0 482
 0 483
 0 484
 0 485
 0 486
 0 487
 0 488
 0 489
 0 490
 0 491
 0 492
 0 493
 0 494
 0 495
 0 496
 0 497
 0 498
 0 499
 0 500
 0 501
 0 502
 0 503
 0 504
 0 505
 0 506
 0 507
 0 508
 0 509
 0 510
 0 511
 0 512
 0 513
 0 514
 0 515
 0 516
 0 517
 0 518
 0 519
 0 520
 0 521
 0 522
 0 523
 0 524
 0 525
 0 526
 0 527
 0 528
 0 529
 0 530
 0 531
 0 532
 0 533
 0 534
 0 535
 0 536
 0 537
 0 538
 0 539
 0 540
 0 541
 0 542
 0 543
 0 544
 0 545
 0 546
 0 547
 0 548
 0 549
 0 550
 0 551
 0 552
 0 553
 0 554
 0 555
 0 556
 0 557
 0 558
 0 559
 0 560
 0 561
 0 562
 0 563
 0 564
 0 565
 0 566
 0 567
 0 568
 0 569
 0 570
 0 571
 0 572
 0 573
 0 574
 0 575
 0 576
 0 577
 0 578
 0 579
 0 580
 0 581
 0 582
 0 583
 0 584
 0 585
 0 586
 0 587
 0 588
 0 589
 0 590
 0 591
 0 592
 0 593
 0 594
 0 595
 0 596
 0 597
 0 598
 0 599
 0 600


