# Created by Octave 3.8.2, Mon Jun 22 14:37:29 2020 CEST <damian@fptrucha.inv.usc.es>
# name: hd
# type: matrix
# rows: 551
# columns: 2
 0 50
 0 51
 0 52
 0 53
 0 54
 0 55
 0 56
 0 57
 0 58
 0 59
 0 60
 0 61
 0 62
 0 63
 0 64
 0 65
 0 66
 0 67
 0 68
 0 69
 0 70
 0 71
 0 72
 0 73
 0 74
 0 75
 0 76
 0 77
 0 78
 0 79
 0 80
 0 81
 0 82
 0 83
 0 84
 0 85
 0 86
 1 87
 3 88
 11 89
 44 90
 117 91
 203 92
 300 93
 401 94
 586 95
 903 96
 1265 97
 1468 98
 1664 99
 1746 100
 1758 101
 1835 102
 1748 103
 1723 104
 1652 105
 1508 106
 1370 107
 1289 108
 1230 109
 1255 110
 1045 111
 917 112
 877 113
 753 114
 682 115
 560 116
 543 117
 491 118
 437 119
 385 120
 336 121
 319 122
 249 123
 245 124
 229 125
 193 126
 181 127
 145 128
 148 129
 156 130
 124 131
 127 132
 125 133
 112 134
 103 135
 90 136
 107 137
 92 138
 83 139
 62 140
 74 141
 64 142
 60 143
 71 144
 55 145
 49 146
 41 147
 42 148
 41 149
 44 150
 41 151
 33 152
 46 153
 36 154
 38 155
 41 156
 26 157
 35 158
 31 159
 33 160
 22 161
 25 162
 19 163
 13 164
 21 165
 16 166
 13 167
 14 168
 9 169
 8 170
 9 171
 7 172
 8 173
 6 174
 9 175
 8 176
 7 177
 5 178
 7 179
 2 180
 5 181
 5 182
 5 183
 3 184
 6 185
 4 186
 3 187
 4 188
 4 189
 4 190
 1 191
 2 192
 0 193
 1 194
 0 195
 2 196
 2 197
 3 198
 2 199
 2 200
 0 201
 2 202
 2 203
 1 204
 4 205
 1 206
 1 207
 0 208
 0 209
 1 210
 0 211
 0 212
 1 213
 1 214
 0 215
 0 216
 1 217
 0 218
 0 219
 0 220
 0 221
 0 222
 1 223
 0 224
 0 225
 0 226
 0 227
 0 228
 0 229
 0 230
 0 231
 0 232
 0 233
 0 234
 0 235
 0 236
 0 237
 0 238
 0 239
 0 240
 0 241
 0 242
 0 243
 0 244
 0 245
 0 246
 0 247
 0 248
 0 249
 0 250
 0 251
 0 252
 0 253
 0 254
 0 255
 0 256
 0 257
 0 258
 0 259
 0 260
 0 261
 0 262
 0 263
 0 264
 0 265
 0 266
 0 267
 0 268
 0 269
 0 270
 0 271
 0 272
 0 273
 0 274
 0 275
 0 276
 0 277
 0 278
 0 279
 0 280
 0 281
 1 282
 0 283
 1 284
 0 285
 0 286
 0 287
 0 288
 0 289
 0 290
 1 291
 1 292
 2 293
 0 294
 0 295
 2 296
 1 297
 0 298
 1 299
 2 300
 2 301
 1 302
 2 303
 3 304
 1 305
 0 306
 3 307
 3 308
 1 309
 1 310
 1 311
 1 312
 1 313
 3 314
 2 315
 4 316
 1 317
 3 318
 2 319
 6 320
 1 321
 3 322
 0 323
 3 324
 0 325
 4 326
 1 327
 1 328
 3 329
 2 330
 2 331
 2 332
 3 333
 2 334
 2 335
 0 336
 4 337
 1 338
 2 339
 0 340
 1 341
 1 342
 4 343
 3 344
 1 345
 4 346
 2 347
 2 348
 3 349
 1 350
 2 351
 1 352
 2 353
 0 354
 2 355
 1 356
 1 357
 0 358
 3 359
 0 360
 0 361
 4 362
 0 363
 3 364
 1 365
 1 366
 0 367
 0 368
 1 369
 1 370
 2 371
 0 372
 1 373
 2 374
 1 375
 0 376
 1 377
 0 378
 0 379
 1 380
 1 381
 0 382
 1 383
 0 384
 0 385
 2 386
 0 387
 0 388
 0 389
 0 390
 0 391
 1 392
 0 393
 1 394
 0 395
 0 396
 1 397
 0 398
 0 399
 0 400
 0 401
 0 402
 0 403
 0 404
 0 405
 1 406
 0 407
 0 408
 0 409
 0 410
 0 411
 0 412
 0 413
 0 414
 0 415
 0 416
 0 417
 0 418
 0 419
 0 420
 0 421
 0 422
 0 423
 0 424
 0 425
 0 426
 0 427
 0 428
 0 429
 0 430
 0 431
 0 432
 0 433
 0 434
 0 435
 0 436
 0 437
 0 438
 0 439
 0 440
 0 441
 0 442
 0 443
 0 444
 0 445
 0 446
 0 447
 0 448
 0 449
 0 450
 0 451
 0 452
 0 453
 0 454
 0 455
 0 456
 0 457
 0 458
 0 459
 0 460
 0 461
 0 462
 0 463
 0 464
 0 465
 0 466
 0 467
 0 468
 0 469
 0 470
 0 471
 0 472
 0 473
 0 474
 0 475
 0 476
 0 477
 0 478
 0 479
 0 480
 0 481
 0 482
 0 483
 0 484
 0 485
 0 486
 0 487
 0 488
 0 489
 0 490
 0 491
 0 492
 0 493
 0 494
 0 495
 0 496
 0 497
 0 498
 0 499
 0 500
 0 501
 0 502
 0 503
 0 504
 0 505
 0 506
 0 507
 0 508
 0 509
 0 510
 0 511
 0 512
 0 513
 0 514
 0 515
 0 516
 0 517
 0 518
 0 519
 0 520
 0 521
 0 522
 0 523
 0 524
 0 525
 0 526
 0 527
 0 528
 0 529
 0 530
 0 531
 0 532
 0 533
 0 534
 0 535
 0 536
 0 537
 0 538
 0 539
 0 540
 0 541
 0 542
 0 543
 0 544
 0 545
 0 546
 0 547
 0 548
 0 549
 0 550
 0 551
 0 552
 0 553
 0 554
 0 555
 0 556
 0 557
 0 558
 0 559
 0 560
 0 561
 0 562
 0 563
 0 564
 0 565
 0 566
 0 567
 0 568
 0 569
 0 570
 0 571
 0 572
 0 573
 0 574
 0 575
 0 576
 0 577
 0 578
 0 579
 0 580
 0 581
 0 582
 0 583
 0 584
 0 585
 0 586
 0 587
 0 588
 0 589
 0 590
 0 591
 0 592
 0 593
 0 594
 0 595
 0 596
 0 597
 0 598
 0 599
 0 600


