# Created by Octave 3.8.2, Sun Jun 21 05:07:13 2020 CEST <damian@fptrucha.inv.usc.es>
# name: hd
# type: matrix
# rows: 551
# columns: 2
 0 50
 0 51
 0 52
 0 53
 0 54
 0 55
 0 56
 0 57
 0 58
 0 59
 0 60
 0 61
 0 62
 0 63
 0 64
 0 65
 0 66
 0 67
 0 68
 0 69
 0 70
 0 71
 0 72
 0 73
 0 74
 0 75
 0 76
 0 77
 0 78
 0 79
 0 80
 0 81
 0 82
 0 83
 0 84
 0 85
 0 86
 1 87
 5 88
 21 89
 71 90
 122 91
 188 92
 285 93
 396 94
 606 95
 822 96
 1093 97
 1235 98
 1410 99
 1522 100
 1634 101
 1604 102
 1613 103
 1577 104
 1500 105
 1469 106
 1468 107
 1332 108
 1231 109
 1184 110
 1047 111
 967 112
 908 113
 876 114
 811 115
 699 116
 651 117
 611 118
 535 119
 490 120
 441 121
 405 122
 338 123
 296 124
 274 125
 247 126
 266 127
 211 128
 200 129
 171 130
 151 131
 162 132
 135 133
 142 134
 92 135
 102 136
 107 137
 81 138
 88 139
 75 140
 71 141
 73 142
 61 143
 46 144
 53 145
 45 146
 47 147
 45 148
 43 149
 33 150
 48 151
 41 152
 26 153
 29 154
 22 155
 28 156
 26 157
 29 158
 23 159
 27 160
 21 161
 21 162
 16 163
 14 164
 9 165
 13 166
 12 167
 19 168
 12 169
 3 170
 10 171
 3 172
 8 173
 6 174
 6 175
 5 176
 5 177
 3 178
 5 179
 4 180
 2 181
 4 182
 5 183
 4 184
 1 185
 1 186
 4 187
 3 188
 1 189
 5 190
 2 191
 2 192
 1 193
 1 194
 4 195
 0 196
 0 197
 3 198
 0 199
 1 200
 0 201
 3 202
 1 203
 1 204
 1 205
 0 206
 0 207
 1 208
 1 209
 1 210
 1 211
 0 212
 1 213
 1 214
 0 215
 0 216
 0 217
 0 218
 0 219
 0 220
 0 221
 1 222
 0 223
 0 224
 0 225
 0 226
 0 227
 0 228
 1 229
 0 230
 0 231
 0 232
 0 233
 0 234
 0 235
 0 236
 0 237
 0 238
 0 239
 0 240
 0 241
 0 242
 0 243
 0 244
 1 245
 0 246
 0 247
 1 248
 0 249
 0 250
 0 251
 0 252
 0 253
 0 254
 0 255
 0 256
 0 257
 0 258
 0 259
 0 260
 0 261
 0 262
 0 263
 0 264
 0 265
 0 266
 0 267
 0 268
 0 269
 0 270
 0 271
 0 272
 0 273
 0 274
 0 275
 0 276
 0 277
 0 278
 0 279
 0 280
 0 281
 0 282
 0 283
 0 284
 0 285
 0 286
 0 287
 0 288
 0 289
 1 290
 0 291
 0 292
 1 293
 0 294
 0 295
 0 296
 0 297
 1 298
 0 299
 2 300
 3 301
 0 302
 0 303
 2 304
 0 305
 1 306
 2 307
 1 308
 2 309
 3 310
 1 311
 1 312
 0 313
 3 314
 1 315
 0 316
 0 317
 1 318
 2 319
 4 320
 3 321
 0 322
 3 323
 1 324
 1 325
 2 326
 4 327
 2 328
 2 329
 1 330
 2 331
 2 332
 2 333
 2 334
 3 335
 2 336
 0 337
 0 338
 2 339
 1 340
 4 341
 3 342
 3 343
 2 344
 2 345
 2 346
 4 347
 3 348
 1 349
 1 350
 1 351
 1 352
 1 353
 2 354
 1 355
 3 356
 1 357
 2 358
 1 359
 0 360
 2 361
 0 362
 1 363
 0 364
 0 365
 0 366
 2 367
 0 368
 1 369
 2 370
 1 371
 2 372
 0 373
 2 374
 1 375
 1 376
 0 377
 0 378
 0 379
 0 380
 0 381
 1 382
 0 383
 0 384
 0 385
 0 386
 1 387
 0 388
 1 389
 0 390
 0 391
 1 392
 0 393
 2 394
 0 395
 0 396
 0 397
 0 398
 1 399
 0 400
 0 401
 1 402
 0 403
 1 404
 0 405
 0 406
 0 407
 0 408
 0 409
 0 410
 0 411
 0 412
 0 413
 0 414
 0 415
 0 416
 0 417
 0 418
 0 419
 0 420
 0 421
 0 422
 0 423
 0 424
 0 425
 0 426
 0 427
 0 428
 0 429
 0 430
 0 431
 0 432
 0 433
 0 434
 0 435
 0 436
 0 437
 0 438
 0 439
 0 440
 0 441
 0 442
 0 443
 0 444
 0 445
 0 446
 0 447
 0 448
 0 449
 0 450
 0 451
 0 452
 0 453
 0 454
 0 455
 0 456
 0 457
 0 458
 0 459
 0 460
 0 461
 0 462
 0 463
 0 464
 0 465
 0 466
 0 467
 0 468
 0 469
 0 470
 0 471
 0 472
 0 473
 0 474
 0 475
 0 476
 0 477
 0 478
 0 479
 0 480
 0 481
 0 482
 0 483
 0 484
 0 485
 0 486
 0 487
 0 488
 0 489
 0 490
 0 491
 0 492
 0 493
 0 494
 0 495
 0 496
 0 497
 0 498
 0 499
 0 500
 0 501
 0 502
 0 503
 0 504
 0 505
 0 506
 0 507
 0 508
 0 509
 0 510
 0 511
 0 512
 0 513
 0 514
 0 515
 0 516
 0 517
 0 518
 0 519
 0 520
 0 521
 0 522
 0 523
 0 524
 0 525
 0 526
 0 527
 0 528
 0 529
 0 530
 0 531
 0 532
 0 533
 0 534
 0 535
 0 536
 0 537
 0 538
 0 539
 0 540
 0 541
 0 542
 0 543
 0 544
 0 545
 0 546
 0 547
 0 548
 0 549
 0 550
 0 551
 0 552
 0 553
 0 554
 0 555
 0 556
 0 557
 0 558
 0 559
 0 560
 0 561
 0 562
 0 563
 0 564
 0 565
 0 566
 0 567
 0 568
 0 569
 0 570
 0 571
 0 572
 0 573
 0 574
 0 575
 0 576
 0 577
 0 578
 0 579
 0 580
 0 581
 0 582
 0 583
 0 584
 0 585
 0 586
 0 587
 0 588
 0 589
 0 590
 0 591
 0 592
 0 593
 0 594
 0 595
 0 596
 0 597
 0 598
 0 599
 0 600


