# Created by Octave 3.8.2, Sat Jun 20 20:57:13 2020 CEST <damian@fptrucha.inv.usc.es>
# name: hd
# type: matrix
# rows: 551
# columns: 2
 0 50
 0 51
 0 52
 0 53
 0 54
 0 55
 0 56
 0 57
 0 58
 0 59
 0 60
 0 61
 0 62
 0 63
 0 64
 0 65
 0 66
 0 67
 0 68
 0 69
 0 70
 0 71
 0 72
 0 73
 0 74
 0 75
 0 76
 0 77
 0 78
 0 79
 0 80
 0 81
 0 82
 0 83
 0 84
 0 85
 1 86
 2 87
 7 88
 14 89
 58 90
 114 91
 215 92
 288 93
 371 94
 568 95
 804 96
 1189 97
 1345 98
 1459 99
 1543 100
 1625 101
 1570 102
 1573 103
 1526 104
 1475 105
 1463 106
 1338 107
 1311 108
 1230 109
 1120 110
 1059 111
 1045 112
 922 113
 819 114
 784 115
 684 116
 646 117
 556 118
 481 119
 504 120
 436 121
 403 122
 356 123
 293 124
 272 125
 249 126
 235 127
 171 128
 194 129
 163 130
 168 131
 141 132
 137 133
 125 134
 120 135
 108 136
 101 137
 83 138
 96 139
 78 140
 61 141
 70 142
 66 143
 66 144
 58 145
 47 146
 49 147
 42 148
 37 149
 32 150
 38 151
 31 152
 39 153
 32 154
 30 155
 27 156
 36 157
 26 158
 27 159
 23 160
 17 161
 16 162
 19 163
 18 164
 16 165
 12 166
 19 167
 9 168
 11 169
 11 170
 9 171
 11 172
 9 173
 6 174
 4 175
 6 176
 8 177
 6 178
 7 179
 2 180
 2 181
 6 182
 6 183
 3 184
 8 185
 1 186
 4 187
 9 188
 0 189
 2 190
 4 191
 3 192
 4 193
 1 194
 0 195
 2 196
 2 197
 1 198
 0 199
 0 200
 1 201
 0 202
 1 203
 0 204
 0 205
 0 206
 1 207
 0 208
 0 209
 1 210
 1 211
 0 212
 0 213
 1 214
 0 215
 0 216
 0 217
 1 218
 0 219
 0 220
 0 221
 0 222
 0 223
 0 224
 0 225
 0 226
 0 227
 0 228
 0 229
 0 230
 0 231
 1 232
 0 233
 0 234
 0 235
 0 236
 0 237
 0 238
 0 239
 0 240
 0 241
 0 242
 0 243
 0 244
 0 245
 0 246
 0 247
 0 248
 0 249
 0 250
 0 251
 1 252
 0 253
 0 254
 0 255
 0 256
 0 257
 0 258
 0 259
 0 260
 0 261
 0 262
 0 263
 0 264
 0 265
 0 266
 0 267
 0 268
 0 269
 0 270
 0 271
 0 272
 0 273
 0 274
 0 275
 0 276
 0 277
 0 278
 0 279
 0 280
 0 281
 0 282
 0 283
 0 284
 0 285
 0 286
 0 287
 0 288
 0 289
 1 290
 1 291
 1 292
 0 293
 0 294
 1 295
 1 296
 0 297
 0 298
 0 299
 2 300
 2 301
 0 302
 0 303
 2 304
 0 305
 0 306
 1 307
 4 308
 2 309
 0 310
 1 311
 1 312
 2 313
 0 314
 0 315
 0 316
 0 317
 1 318
 2 319
 0 320
 2 321
 1 322
 4 323
 3 324
 1 325
 2 326
 1 327
 2 328
 0 329
 2 330
 2 331
 1 332
 4 333
 2 334
 2 335
 1 336
 2 337
 0 338
 0 339
 1 340
 2 341
 3 342
 1 343
 2 344
 2 345
 0 346
 1 347
 0 348
 3 349
 3 350
 5 351
 0 352
 1 353
 2 354
 0 355
 1 356
 1 357
 3 358
 4 359
 1 360
 0 361
 0 362
 1 363
 1 364
 2 365
 0 366
 1 367
 1 368
 0 369
 0 370
 1 371
 0 372
 1 373
 0 374
 1 375
 0 376
 0 377
 0 378
 0 379
 1 380
 1 381
 0 382
 0 383
 0 384
 0 385
 1 386
 0 387
 0 388
 0 389
 2 390
 1 391
 1 392
 0 393
 0 394
 1 395
 0 396
 1 397
 0 398
 0 399
 0 400
 0 401
 0 402
 0 403
 0 404
 1 405
 0 406
 0 407
 0 408
 0 409
 0 410
 0 411
 0 412
 0 413
 0 414
 0 415
 1 416
 0 417
 0 418
 1 419
 0 420
 0 421
 0 422
 0 423
 0 424
 0 425
 0 426
 0 427
 0 428
 0 429
 0 430
 0 431
 0 432
 0 433
 0 434
 0 435
 0 436
 0 437
 0 438
 0 439
 0 440
 0 441
 0 442
 0 443
 0 444
 0 445
 0 446
 0 447
 0 448
 0 449
 0 450
 0 451
 0 452
 0 453
 0 454
 0 455
 0 456
 0 457
 0 458
 0 459
 0 460
 0 461
 0 462
 0 463
 0 464
 0 465
 0 466
 0 467
 0 468
 0 469
 0 470
 0 471
 0 472
 0 473
 0 474
 0 475
 0 476
 0 477
 0 478
 0 479
 0 480
 0 481
 0 482
 0 483
 0 484
 0 485
 0 486
 0 487
 0 488
 0 489
 0 490
 0 491
 0 492
 0 493
 0 494
 0 495
 0 496
 0 497
 0 498
 0 499
 0 500
 0 501
 0 502
 0 503
 0 504
 0 505
 0 506
 0 507
 0 508
 0 509
 0 510
 0 511
 0 512
 0 513
 0 514
 0 515
 0 516
 0 517
 0 518
 0 519
 0 520
 0 521
 0 522
 0 523
 0 524
 0 525
 0 526
 0 527
 0 528
 0 529
 0 530
 0 531
 0 532
 0 533
 0 534
 0 535
 0 536
 0 537
 0 538
 0 539
 0 540
 0 541
 0 542
 0 543
 0 544
 0 545
 0 546
 0 547
 0 548
 0 549
 0 550
 0 551
 0 552
 0 553
 0 554
 0 555
 0 556
 0 557
 0 558
 0 559
 0 560
 0 561
 0 562
 0 563
 0 564
 0 565
 0 566
 0 567
 0 568
 0 569
 0 570
 0 571
 0 572
 0 573
 0 574
 0 575
 0 576
 0 577
 0 578
 0 579
 0 580
 0 581
 0 582
 0 583
 0 584
 0 585
 0 586
 0 587
 0 588
 0 589
 0 590
 0 591
 0 592
 0 593
 0 594
 0 595
 0 596
 0 597
 0 598
 0 599
 0 600


