# Created by Octave 3.8.2, Sat Jun 20 02:35:11 2020 CEST <damian@fptrucha.inv.usc.es>
# name: hd
# type: matrix
# rows: 551
# columns: 2
 0 50
 0 51
 0 52
 0 53
 0 54
 0 55
 0 56
 0 57
 0 58
 0 59
 0 60
 0 61
 0 62
 0 63
 0 64
 0 65
 0 66
 0 67
 0 68
 0 69
 0 70
 0 71
 0 72
 0 73
 0 74
 0 75
 0 76
 0 77
 0 78
 0 79
 0 80
 0 81
 0 82
 0 83
 0 84
 0 85
 0 86
 3 87
 5 88
 17 89
 68 90
 114 91
 224 92
 264 93
 406 94
 590 95
 911 96
 1117 97
 1385 98
 1402 99
 1632 100
 1719 101
 1748 102
 1723 103
 1684 104
 1587 105
 1568 106
 1459 107
 1415 108
 1297 109
 1308 110
 1205 111
 1020 112
 1036 113
 904 114
 826 115
 732 116
 716 117
 661 118
 608 119
 551 120
 461 121
 467 122
 407 123
 374 124
 326 125
 319 126
 305 127
 250 128
 227 129
 234 130
 205 131
 192 132
 191 133
 152 134
 131 135
 125 136
 146 137
 135 138
 117 139
 103 140
 113 141
 105 142
 99 143
 76 144
 87 145
 77 146
 72 147
 69 148
 82 149
 57 150
 61 151
 50 152
 63 153
 52 154
 55 155
 42 156
 33 157
 40 158
 30 159
 38 160
 28 161
 24 162
 33 163
 34 164
 17 165
 20 166
 17 167
 19 168
 9 169
 17 170
 16 171
 18 172
 13 173
 19 174
 17 175
 11 176
 8 177
 10 178
 11 179
 10 180
 6 181
 10 182
 7 183
 4 184
 6 185
 3 186
 6 187
 5 188
 6 189
 5 190
 3 191
 3 192
 4 193
 5 194
 2 195
 5 196
 1 197
 3 198
 4 199
 3 200
 4 201
 3 202
 3 203
 3 204
 1 205
 2 206
 0 207
 1 208
 1 209
 0 210
 1 211
 1 212
 1 213
 1 214
 0 215
 1 216
 1 217
 0 218
 0 219
 2 220
 1 221
 1 222
 1 223
 0 224
 1 225
 0 226
 1 227
 0 228
 1 229
 0 230
 0 231
 0 232
 0 233
 0 234
 0 235
 0 236
 0 237
 0 238
 0 239
 0 240
 0 241
 0 242
 1 243
 0 244
 0 245
 0 246
 0 247
 0 248
 0 249
 0 250
 0 251
 0 252
 0 253
 0 254
 0 255
 0 256
 0 257
 0 258
 0 259
 0 260
 0 261
 0 262
 0 263
 0 264
 0 265
 0 266
 0 267
 0 268
 0 269
 0 270
 0 271
 0 272
 0 273
 0 274
 0 275
 0 276
 0 277
 0 278
 0 279
 0 280
 0 281
 0 282
 1 283
 2 284
 0 285
 0 286
 1 287
 1 288
 2 289
 0 290
 1 291
 0 292
 0 293
 1 294
 3 295
 0 296
 4 297
 0 298
 1 299
 1 300
 1 301
 2 302
 1 303
 1 304
 5 305
 0 306
 1 307
 1 308
 1 309
 3 310
 1 311
 3 312
 0 313
 4 314
 1 315
 2 316
 3 317
 2 318
 1 319
 2 320
 5 321
 1 322
 3 323
 4 324
 4 325
 2 326
 3 327
 6 328
 2 329
 3 330
 6 331
 6 332
 2 333
 2 334
 0 335
 3 336
 5 337
 4 338
 2 339
 1 340
 1 341
 3 342
 3 343
 1 344
 1 345
 2 346
 2 347
 2 348
 0 349
 0 350
 2 351
 1 352
 2 353
 1 354
 1 355
 2 356
 0 357
 3 358
 3 359
 1 360
 4 361
 0 362
 4 363
 1 364
 0 365
 2 366
 2 367
 0 368
 0 369
 0 370
 0 371
 0 372
 2 373
 0 374
 0 375
 0 376
 0 377
 1 378
 1 379
 2 380
 0 381
 2 382
 1 383
 2 384
 4 385
 2 386
 0 387
 0 388
 2 389
 0 390
 0 391
 0 392
 0 393
 0 394
 1 395
 0 396
 0 397
 0 398
 0 399
 0 400
 0 401
 0 402
 0 403
 1 404
 0 405
 0 406
 0 407
 0 408
 0 409
 0 410
 0 411
 1 412
 0 413
 0 414
 0 415
 0 416
 0 417
 0 418
 0 419
 0 420
 0 421
 0 422
 0 423
 0 424
 0 425
 0 426
 0 427
 0 428
 0 429
 0 430
 0 431
 0 432
 0 433
 0 434
 0 435
 0 436
 0 437
 0 438
 0 439
 0 440
 0 441
 0 442
 0 443
 0 444
 0 445
 0 446
 0 447
 0 448
 0 449
 0 450
 0 451
 0 452
 0 453
 0 454
 0 455
 0 456
 0 457
 0 458
 0 459
 0 460
 0 461
 0 462
 0 463
 0 464
 0 465
 0 466
 0 467
 0 468
 0 469
 0 470
 0 471
 0 472
 0 473
 0 474
 0 475
 0 476
 0 477
 0 478
 0 479
 0 480
 0 481
 0 482
 0 483
 0 484
 0 485
 0 486
 0 487
 0 488
 0 489
 0 490
 0 491
 0 492
 0 493
 0 494
 0 495
 0 496
 0 497
 0 498
 0 499
 0 500
 0 501
 0 502
 0 503
 0 504
 0 505
 0 506
 0 507
 0 508
 0 509
 0 510
 0 511
 0 512
 0 513
 0 514
 0 515
 0 516
 0 517
 0 518
 0 519
 0 520
 0 521
 0 522
 0 523
 0 524
 0 525
 0 526
 0 527
 0 528
 0 529
 0 530
 0 531
 0 532
 0 533
 0 534
 0 535
 0 536
 0 537
 0 538
 0 539
 0 540
 0 541
 0 542
 0 543
 0 544
 0 545
 0 546
 0 547
 0 548
 0 549
 0 550
 0 551
 0 552
 0 553
 0 554
 0 555
 0 556
 0 557
 0 558
 0 559
 0 560
 0 561
 0 562
 0 563
 0 564
 0 565
 0 566
 0 567
 0 568
 0 569
 0 570
 0 571
 0 572
 0 573
 0 574
 0 575
 0 576
 0 577
 0 578
 0 579
 0 580
 0 581
 0 582
 0 583
 0 584
 0 585
 0 586
 0 587
 0 588
 0 589
 0 590
 0 591
 0 592
 0 593
 0 594
 0 595
 0 596
 0 597
 0 598
 0 599
 0 600


