# Created by Octave 3.8.2, Mon Jun 22 22:04:58 2020 CEST <damian@fptrucha.inv.usc.es>
# name: hd
# type: matrix
# rows: 551
# columns: 2
 0 50
 0 51
 0 52
 0 53
 0 54
 0 55
 0 56
 0 57
 0 58
 0 59
 0 60
 0 61
 0 62
 0 63
 0 64
 0 65
 0 66
 0 67
 0 68
 0 69
 0 70
 0 71
 0 72
 0 73
 0 74
 0 75
 0 76
 0 77
 0 78
 0 79
 0 80
 0 81
 0 82
 0 83
 0 84
 0 85
 0 86
 4 87
 3 88
 15 89
 58 90
 152 91
 218 92
 341 93
 431 94
 634 95
 934 96
 1325 97
 1638 98
 1785 99
 1864 100
 1947 101
 2022 102
 1900 103
 1861 104
 1740 105
 1620 106
 1539 107
 1325 108
 1358 109
 1217 110
 1034 111
 990 112
 831 113
 812 114
 753 115
 656 116
 586 117
 514 118
 463 119
 438 120
 336 121
 339 122
 297 123
 268 124
 250 125
 213 126
 206 127
 173 128
 160 129
 152 130
 157 131
 141 132
 119 133
 126 134
 106 135
 113 136
 100 137
 88 138
 93 139
 78 140
 59 141
 57 142
 68 143
 56 144
 50 145
 55 146
 60 147
 36 148
 45 149
 38 150
 25 151
 44 152
 33 153
 37 154
 24 155
 32 156
 21 157
 20 158
 25 159
 20 160
 25 161
 15 162
 23 163
 21 164
 13 165
 14 166
 21 167
 15 168
 14 169
 7 170
 11 171
 12 172
 10 173
 9 174
 3 175
 8 176
 4 177
 4 178
 2 179
 7 180
 6 181
 6 182
 5 183
 3 184
 7 185
 5 186
 3 187
 3 188
 0 189
 5 190
 3 191
 2 192
 1 193
 1 194
 2 195
 0 196
 1 197
 3 198
 3 199
 1 200
 3 201
 3 202
 1 203
 0 204
 2 205
 1 206
 1 207
 1 208
 0 209
 0 210
 0 211
 0 212
 1 213
 0 214
 0 215
 0 216
 0 217
 0 218
 0 219
 2 220
 1 221
 0 222
 0 223
 0 224
 0 225
 0 226
 0 227
 0 228
 0 229
 0 230
 0 231
 0 232
 0 233
 0 234
 0 235
 0 236
 0 237
 0 238
 0 239
 1 240
 0 241
 0 242
 0 243
 0 244
 0 245
 0 246
 0 247
 0 248
 0 249
 0 250
 0 251
 0 252
 0 253
 0 254
 0 255
 0 256
 0 257
 0 258
 0 259
 0 260
 0 261
 0 262
 0 263
 0 264
 0 265
 0 266
 0 267
 0 268
 0 269
 0 270
 0 271
 0 272
 0 273
 0 274
 0 275
 0 276
 0 277
 0 278
 0 279
 0 280
 0 281
 0 282
 0 283
 0 284
 0 285
 0 286
 1 287
 1 288
 0 289
 0 290
 0 291
 1 292
 0 293
 0 294
 0 295
 0 296
 0 297
 1 298
 1 299
 2 300
 0 301
 1 302
 1 303
 0 304
 2 305
 3 306
 3 307
 0 308
 1 309
 0 310
 3 311
 0 312
 1 313
 1 314
 3 315
 1 316
 1 317
 3 318
 0 319
 3 320
 3 321
 1 322
 3 323
 2 324
 2 325
 3 326
 0 327
 0 328
 0 329
 1 330
 0 331
 1 332
 1 333
 1 334
 2 335
 2 336
 3 337
 2 338
 2 339
 0 340
 3 341
 0 342
 2 343
 1 344
 1 345
 0 346
 0 347
 5 348
 0 349
 3 350
 0 351
 1 352
 2 353
 3 354
 1 355
 2 356
 2 357
 0 358
 1 359
 1 360
 1 361
 4 362
 0 363
 1 364
 1 365
 2 366
 1 367
 0 368
 1 369
 0 370
 0 371
 1 372
 1 373
 2 374
 0 375
 0 376
 0 377
 0 378
 0 379
 1 380
 0 381
 1 382
 2 383
 2 384
 1 385
 1 386
 0 387
 0 388
 0 389
 0 390
 0 391
 0 392
 0 393
 1 394
 0 395
 1 396
 0 397
 0 398
 0 399
 0 400
 0 401
 0 402
 0 403
 0 404
 0 405
 0 406
 1 407
 0 408
 0 409
 0 410
 0 411
 0 412
 0 413
 0 414
 0 415
 0 416
 0 417
 0 418
 0 419
 0 420
 0 421
 0 422
 0 423
 0 424
 0 425
 0 426
 0 427
 0 428
 0 429
 0 430
 0 431
 0 432
 0 433
 0 434
 0 435
 0 436
 0 437
 0 438
 0 439
 0 440
 0 441
 0 442
 0 443
 0 444
 0 445
 0 446
 0 447
 0 448
 0 449
 0 450
 0 451
 0 452
 0 453
 0 454
 0 455
 0 456
 0 457
 0 458
 0 459
 0 460
 0 461
 0 462
 0 463
 0 464
 0 465
 0 466
 0 467
 0 468
 0 469
 0 470
 0 471
 0 472
 0 473
 0 474
 0 475
 0 476
 0 477
 0 478
 0 479
 0 480
 0 481
 0 482
 0 483
 0 484
 0 485
 0 486
 0 487
 0 488
 0 489
 0 490
 0 491
 0 492
 0 493
 0 494
 0 495
 0 496
 0 497
 0 498
 0 499
 0 500
 0 501
 0 502
 0 503
 0 504
 0 505
 0 506
 0 507
 0 508
 0 509
 0 510
 0 511
 0 512
 0 513
 0 514
 0 515
 0 516
 0 517
 0 518
 0 519
 0 520
 0 521
 0 522
 0 523
 0 524
 0 525
 0 526
 0 527
 0 528
 0 529
 0 530
 0 531
 0 532
 0 533
 0 534
 0 535
 0 536
 0 537
 0 538
 0 539
 0 540
 0 541
 0 542
 0 543
 0 544
 0 545
 0 546
 0 547
 0 548
 0 549
 0 550
 0 551
 0 552
 0 553
 0 554
 0 555
 0 556
 0 557
 0 558
 0 559
 0 560
 0 561
 0 562
 0 563
 0 564
 0 565
 0 566
 0 567
 0 568
 0 569
 0 570
 0 571
 0 572
 0 573
 0 574
 0 575
 0 576
 0 577
 0 578
 0 579
 0 580
 0 581
 0 582
 0 583
 0 584
 0 585
 0 586
 0 587
 0 588
 0 589
 0 590
 0 591
 0 592
 0 593
 0 594
 0 595
 0 596
 0 597
 0 598
 0 599
 0 600


