# Created by Octave 3.8.2, Mon Jun 22 18:47:36 2020 CEST <damian@fptrucha.inv.usc.es>
# name: hd
# type: matrix
# rows: 551
# columns: 2
 0 50
 0 51
 0 52
 0 53
 0 54
 0 55
 0 56
 0 57
 0 58
 0 59
 0 60
 0 61
 0 62
 0 63
 0 64
 0 65
 0 66
 0 67
 0 68
 0 69
 0 70
 0 71
 0 72
 0 73
 0 74
 0 75
 0 76
 0 77
 0 78
 0 79
 0 80
 0 81
 0 82
 0 83
 0 84
 0 85
 0 86
 0 87
 2 88
 17 89
 44 90
 106 91
 191 92
 305 93
 391 94
 527 95
 875 96
 1204 97
 1545 98
 1706 99
 1771 100
 1934 101
 1909 102
 1928 103
 1812 104
 1665 105
 1588 106
 1513 107
 1404 108
 1355 109
 1248 110
 1086 111
 967 112
 864 113
 748 114
 686 115
 647 116
 573 117
 497 118
 486 119
 458 120
 363 121
 306 122
 281 123
 288 124
 250 125
 220 126
 191 127
 184 128
 166 129
 181 130
 141 131
 149 132
 109 133
 122 134
 102 135
 110 136
 92 137
 94 138
 92 139
 67 140
 84 141
 82 142
 59 143
 54 144
 56 145
 57 146
 57 147
 35 148
 38 149
 40 150
 31 151
 48 152
 50 153
 28 154
 30 155
 19 156
 29 157
 28 158
 20 159
 29 160
 31 161
 26 162
 16 163
 15 164
 21 165
 12 166
 20 167
 10 168
 15 169
 11 170
 16 171
 7 172
 14 173
 8 174
 9 175
 10 176
 7 177
 9 178
 7 179
 8 180
 5 181
 5 182
 4 183
 2 184
 4 185
 2 186
 4 187
 4 188
 6 189
 5 190
 5 191
 3 192
 3 193
 4 194
 3 195
 2 196
 3 197
 3 198
 0 199
 0 200
 1 201
 0 202
 1 203
 2 204
 0 205
 3 206
 2 207
 0 208
 0 209
 0 210
 1 211
 0 212
 0 213
 0 214
 0 215
 0 216
 1 217
 0 218
 2 219
 0 220
 1 221
 0 222
 0 223
 0 224
 0 225
 0 226
 0 227
 0 228
 0 229
 0 230
 0 231
 0 232
 0 233
 0 234
 0 235
 0 236
 0 237
 0 238
 0 239
 0 240
 0 241
 0 242
 0 243
 0 244
 0 245
 0 246
 0 247
 0 248
 0 249
 0 250
 0 251
 0 252
 0 253
 0 254
 0 255
 0 256
 0 257
 0 258
 0 259
 0 260
 0 261
 0 262
 0 263
 0 264
 0 265
 0 266
 0 267
 0 268
 0 269
 0 270
 0 271
 0 272
 0 273
 0 274
 0 275
 0 276
 0 277
 0 278
 0 279
 0 280
 0 281
 0 282
 0 283
 0 284
 0 285
 1 286
 0 287
 1 288
 0 289
 0 290
 1 291
 0 292
 1 293
 1 294
 1 295
 0 296
 1 297
 0 298
 0 299
 2 300
 1 301
 1 302
 1 303
 2 304
 1 305
 1 306
 2 307
 4 308
 3 309
 3 310
 2 311
 2 312
 3 313
 1 314
 4 315
 2 316
 1 317
 0 318
 1 319
 1 320
 3 321
 2 322
 2 323
 2 324
 2 325
 2 326
 3 327
 5 328
 2 329
 4 330
 1 331
 2 332
 1 333
 4 334
 3 335
 3 336
 3 337
 3 338
 1 339
 2 340
 2 341
 5 342
 3 343
 2 344
 9 345
 2 346
 1 347
 2 348
 1 349
 1 350
 1 351
 1 352
 1 353
 1 354
 2 355
 5 356
 1 357
 4 358
 0 359
 0 360
 3 361
 1 362
 1 363
 1 364
 0 365
 1 366
 1 367
 1 368
 0 369
 0 370
 0 371
 1 372
 1 373
 1 374
 0 375
 0 376
 3 377
 2 378
 0 379
 0 380
 3 381
 0 382
 0 383
 1 384
 1 385
 1 386
 1 387
 0 388
 0 389
 0 390
 1 391
 0 392
 1 393
 0 394
 0 395
 0 396
 0 397
 0 398
 0 399
 0 400
 0 401
 1 402
 0 403
 0 404
 1 405
 0 406
 0 407
 0 408
 0 409
 0 410
 0 411
 0 412
 0 413
 0 414
 0 415
 0 416
 0 417
 0 418
 0 419
 0 420
 0 421
 0 422
 0 423
 0 424
 0 425
 0 426
 0 427
 0 428
 0 429
 0 430
 0 431
 0 432
 0 433
 0 434
 0 435
 0 436
 0 437
 0 438
 0 439
 0 440
 0 441
 0 442
 0 443
 0 444
 0 445
 0 446
 0 447
 0 448
 0 449
 0 450
 0 451
 0 452
 0 453
 0 454
 0 455
 0 456
 0 457
 0 458
 0 459
 0 460
 0 461
 0 462
 0 463
 0 464
 0 465
 0 466
 0 467
 0 468
 0 469
 0 470
 0 471
 0 472
 0 473
 0 474
 0 475
 0 476
 0 477
 0 478
 0 479
 0 480
 0 481
 0 482
 0 483
 0 484
 0 485
 0 486
 0 487
 0 488
 0 489
 0 490
 0 491
 0 492
 0 493
 0 494
 0 495
 0 496
 0 497
 0 498
 0 499
 0 500
 0 501
 0 502
 0 503
 0 504
 0 505
 0 506
 0 507
 0 508
 0 509
 0 510
 0 511
 0 512
 0 513
 0 514
 0 515
 0 516
 0 517
 0 518
 0 519
 0 520
 0 521
 0 522
 0 523
 0 524
 0 525
 0 526
 0 527
 0 528
 0 529
 0 530
 0 531
 0 532
 0 533
 0 534
 0 535
 0 536
 0 537
 0 538
 0 539
 0 540
 0 541
 0 542
 0 543
 0 544
 0 545
 0 546
 0 547
 0 548
 0 549
 0 550
 0 551
 0 552
 0 553
 0 554
 0 555
 0 556
 0 557
 0 558
 0 559
 0 560
 0 561
 0 562
 0 563
 0 564
 0 565
 0 566
 0 567
 0 568
 0 569
 0 570
 0 571
 0 572
 0 573
 0 574
 0 575
 0 576
 0 577
 0 578
 0 579
 0 580
 0 581
 0 582
 0 583
 0 584
 0 585
 0 586
 0 587
 0 588
 0 589
 0 590
 0 591
 0 592
 0 593
 0 594
 0 595
 0 596
 0 597
 0 598
 0 599
 0 600


