# Created by Octave 3.8.2, Sun Jun 21 00:46:47 2020 CEST <damian@fptrucha.inv.usc.es>
# name: hd
# type: matrix
# rows: 551
# columns: 2
 0 50
 0 51
 0 52
 0 53
 0 54
 0 55
 0 56
 0 57
 0 58
 0 59
 0 60
 0 61
 0 62
 0 63
 0 64
 0 65
 0 66
 0 67
 0 68
 0 69
 0 70
 0 71
 0 72
 0 73
 0 74
 0 75
 0 76
 0 77
 0 78
 0 79
 0 80
 0 81
 0 82
 0 83
 0 84
 0 85
 0 86
 2 87
 6 88
 16 89
 82 90
 142 91
 197 92
 296 93
 370 94
 574 95
 814 96
 1055 97
 1303 98
 1417 99
 1508 100
 1559 101
 1663 102
 1583 103
 1508 104
 1495 105
 1408 106
 1328 107
 1296 108
 1221 109
 1168 110
 1074 111
 1001 112
 891 113
 901 114
 770 115
 669 116
 626 117
 598 118
 515 119
 463 120
 398 121
 361 122
 322 123
 309 124
 265 125
 239 126
 213 127
 218 128
 176 129
 170 130
 145 131
 134 132
 135 133
 124 134
 107 135
 92 136
 66 137
 79 138
 93 139
 67 140
 76 141
 67 142
 63 143
 56 144
 62 145
 54 146
 50 147
 45 148
 32 149
 37 150
 35 151
 26 152
 28 153
 43 154
 27 155
 27 156
 16 157
 24 158
 23 159
 23 160
 21 161
 15 162
 8 163
 20 164
 8 165
 13 166
 9 167
 4 168
 17 169
 12 170
 12 171
 9 172
 12 173
 13 174
 13 175
 6 176
 8 177
 5 178
 3 179
 4 180
 7 181
 4 182
 1 183
 5 184
 9 185
 1 186
 3 187
 3 188
 3 189
 4 190
 2 191
 1 192
 2 193
 1 194
 1 195
 2 196
 2 197
 2 198
 1 199
 2 200
 2 201
 0 202
 1 203
 1 204
 1 205
 1 206
 1 207
 0 208
 0 209
 0 210
 0 211
 0 212
 0 213
 1 214
 0 215
 1 216
 1 217
 0 218
 0 219
 0 220
 1 221
 1 222
 0 223
 1 224
 0 225
 0 226
 1 227
 0 228
 1 229
 0 230
 0 231
 0 232
 0 233
 0 234
 0 235
 1 236
 0 237
 0 238
 0 239
 0 240
 0 241
 0 242
 0 243
 0 244
 0 245
 0 246
 0 247
 0 248
 0 249
 0 250
 0 251
 0 252
 0 253
 0 254
 0 255
 0 256
 0 257
 0 258
 0 259
 0 260
 0 261
 0 262
 0 263
 0 264
 0 265
 0 266
 0 267
 0 268
 0 269
 0 270
 0 271
 0 272
 0 273
 0 274
 0 275
 0 276
 0 277
 0 278
 0 279
 0 280
 0 281
 0 282
 0 283
 0 284
 0 285
 0 286
 0 287
 0 288
 0 289
 0 290
 1 291
 0 292
 0 293
 1 294
 0 295
 0 296
 0 297
 2 298
 1 299
 0 300
 0 301
 3 302
 0 303
 0 304
 1 305
 0 306
 1 307
 0 308
 1 309
 0 310
 0 311
 1 312
 2 313
 2 314
 2 315
 1 316
 1 317
 2 318
 0 319
 1 320
 2 321
 0 322
 0 323
 1 324
 4 325
 1 326
 0 327
 0 328
 0 329
 2 330
 2 331
 1 332
 2 333
 0 334
 0 335
 2 336
 0 337
 0 338
 2 339
 2 340
 0 341
 3 342
 2 343
 3 344
 1 345
 1 346
 1 347
 2 348
 0 349
 0 350
 3 351
 1 352
 0 353
 2 354
 2 355
 1 356
 0 357
 0 358
 0 359
 0 360
 0 361
 0 362
 2 363
 1 364
 1 365
 3 366
 2 367
 2 368
 0 369
 1 370
 1 371
 0 372
 1 373
 2 374
 3 375
 1 376
 0 377
 0 378
 0 379
 0 380
 0 381
 3 382
 0 383
 0 384
 0 385
 0 386
 1 387
 0 388
 0 389
 0 390
 1 391
 0 392
 0 393
 0 394
 0 395
 0 396
 1 397
 0 398
 0 399
 1 400
 0 401
 0 402
 0 403
 1 404
 1 405
 0 406
 1 407
 0 408
 0 409
 0 410
 0 411
 0 412
 0 413
 0 414
 0 415
 0 416
 0 417
 0 418
 0 419
 0 420
 0 421
 0 422
 0 423
 0 424
 0 425
 0 426
 0 427
 0 428
 0 429
 0 430
 0 431
 0 432
 0 433
 0 434
 0 435
 0 436
 0 437
 0 438
 0 439
 0 440
 0 441
 0 442
 0 443
 0 444
 0 445
 0 446
 0 447
 0 448
 1 449
 0 450
 0 451
 0 452
 0 453
 0 454
 0 455
 0 456
 0 457
 0 458
 0 459
 0 460
 0 461
 0 462
 0 463
 0 464
 0 465
 0 466
 0 467
 0 468
 0 469
 0 470
 0 471
 0 472
 0 473
 0 474
 0 475
 0 476
 0 477
 0 478
 0 479
 0 480
 0 481
 0 482
 0 483
 0 484
 0 485
 0 486
 0 487
 0 488
 0 489
 0 490
 0 491
 0 492
 0 493
 0 494
 0 495
 0 496
 0 497
 0 498
 0 499
 0 500
 0 501
 0 502
 0 503
 0 504
 0 505
 0 506
 0 507
 0 508
 0 509
 0 510
 0 511
 0 512
 0 513
 0 514
 0 515
 0 516
 0 517
 0 518
 0 519
 0 520
 0 521
 0 522
 0 523
 0 524
 0 525
 0 526
 0 527
 0 528
 0 529
 0 530
 0 531
 0 532
 0 533
 0 534
 0 535
 0 536
 0 537
 0 538
 0 539
 0 540
 0 541
 0 542
 0 543
 0 544
 0 545
 0 546
 0 547
 0 548
 0 549
 0 550
 0 551
 0 552
 0 553
 0 554
 0 555
 0 556
 0 557
 0 558
 0 559
 0 560
 0 561
 0 562
 0 563
 0 564
 0 565
 0 566
 0 567
 0 568
 0 569
 0 570
 0 571
 0 572
 0 573
 0 574
 0 575
 0 576
 0 577
 0 578
 0 579
 0 580
 0 581
 0 582
 0 583
 0 584
 0 585
 0 586
 0 587
 0 588
 0 589
 0 590
 0 591
 0 592
 0 593
 0 594
 0 595
 0 596
 0 597
 0 598
 0 599
 0 600


