# Created by Octave 3.8.2, Mon Jun 22 21:36:14 2020 CEST <damian@fptrucha.inv.usc.es>
# name: hd
# type: matrix
# rows: 551
# columns: 2
 0 50
 0 51
 0 52
 0 53
 0 54
 0 55
 0 56
 0 57
 0 58
 0 59
 0 60
 0 61
 0 62
 0 63
 0 64
 0 65
 0 66
 0 67
 0 68
 0 69
 0 70
 0 71
 0 72
 0 73
 0 74
 0 75
 0 76
 0 77
 0 78
 0 79
 0 80
 0 81
 0 82
 0 83
 0 84
 0 85
 0 86
 0 87
 2 88
 20 89
 56 90
 137 91
 231 92
 359 93
 428 94
 649 95
 973 96
 1318 97
 1653 98
 1834 99
 1884 100
 1962 101
 1967 102
 1828 103
 1809 104
 1797 105
 1654 106
 1478 107
 1441 108
 1279 109
 1226 110
 1095 111
 985 112
 851 113
 827 114
 729 115
 594 116
 548 117
 460 118
 420 119
 417 120
 385 121
 325 122
 279 123
 261 124
 244 125
 193 126
 198 127
 187 128
 163 129
 157 130
 139 131
 140 132
 124 133
 122 134
 108 135
 102 136
 90 137
 96 138
 81 139
 103 140
 65 141
 66 142
 67 143
 66 144
 59 145
 64 146
 55 147
 51 148
 56 149
 40 150
 33 151
 34 152
 47 153
 29 154
 32 155
 27 156
 30 157
 22 158
 16 159
 27 160
 21 161
 24 162
 30 163
 14 164
 16 165
 20 166
 17 167
 15 168
 12 169
 4 170
 14 171
 10 172
 6 173
 8 174
 7 175
 11 176
 13 177
 10 178
 2 179
 3 180
 7 181
 9 182
 5 183
 5 184
 4 185
 3 186
 10 187
 5 188
 4 189
 1 190
 2 191
 3 192
 1 193
 3 194
 4 195
 2 196
 2 197
 2 198
 5 199
 1 200
 2 201
 1 202
 3 203
 0 204
 2 205
 1 206
 1 207
 0 208
 0 209
 1 210
 1 211
 0 212
 2 213
 1 214
 0 215
 0 216
 0 217
 1 218
 0 219
 0 220
 0 221
 0 222
 0 223
 0 224
 0 225
 0 226
 0 227
 0 228
 0 229
 0 230
 0 231
 0 232
 0 233
 0 234
 2 235
 0 236
 0 237
 0 238
 0 239
 0 240
 0 241
 0 242
 0 243
 0 244
 0 245
 0 246
 0 247
 0 248
 0 249
 0 250
 0 251
 0 252
 0 253
 0 254
 0 255
 0 256
 0 257
 0 258
 0 259
 0 260
 0 261
 0 262
 0 263
 0 264
 0 265
 0 266
 0 267
 0 268
 0 269
 1 270
 0 271
 0 272
 0 273
 0 274
 0 275
 0 276
 0 277
 0 278
 0 279
 0 280
 0 281
 0 282
 1 283
 0 284
 0 285
 0 286
 0 287
 1 288
 3 289
 0 290
 0 291
 0 292
 2 293
 1 294
 0 295
 1 296
 1 297
 0 298
 0 299
 1 300
 1 301
 2 302
 1 303
 2 304
 2 305
 4 306
 0 307
 5 308
 3 309
 1 310
 2 311
 3 312
 5 313
 1 314
 2 315
 3 316
 3 317
 3 318
 4 319
 2 320
 3 321
 1 322
 3 323
 3 324
 1 325
 3 326
 1 327
 3 328
 3 329
 1 330
 0 331
 1 332
 3 333
 2 334
 1 335
 1 336
 3 337
 1 338
 1 339
 2 340
 4 341
 0 342
 1 343
 1 344
 2 345
 1 346
 5 347
 1 348
 4 349
 0 350
 0 351
 1 352
 1 353
 1 354
 1 355
 2 356
 3 357
 1 358
 0 359
 6 360
 1 361
 1 362
 0 363
 3 364
 0 365
 3 366
 0 367
 1 368
 2 369
 0 370
 0 371
 1 372
 1 373
 0 374
 0 375
 0 376
 0 377
 1 378
 1 379
 0 380
 1 381
 1 382
 0 383
 0 384
 0 385
 0 386
 0 387
 0 388
 0 389
 1 390
 2 391
 0 392
 0 393
 0 394
 0 395
 0 396
 0 397
 0 398
 0 399
 1 400
 0 401
 0 402
 1 403
 0 404
 0 405
 0 406
 0 407
 0 408
 0 409
 0 410
 0 411
 0 412
 0 413
 0 414
 0 415
 0 416
 0 417
 0 418
 0 419
 0 420
 0 421
 0 422
 0 423
 0 424
 0 425
 0 426
 0 427
 0 428
 0 429
 0 430
 0 431
 0 432
 0 433
 0 434
 0 435
 0 436
 0 437
 0 438
 0 439
 0 440
 0 441
 0 442
 0 443
 0 444
 0 445
 0 446
 0 447
 0 448
 0 449
 0 450
 0 451
 0 452
 0 453
 0 454
 0 455
 0 456
 0 457
 0 458
 0 459
 0 460
 0 461
 0 462
 0 463
 0 464
 0 465
 0 466
 0 467
 0 468
 0 469
 0 470
 0 471
 0 472
 0 473
 0 474
 0 475
 0 476
 0 477
 0 478
 0 479
 0 480
 0 481
 0 482
 0 483
 0 484
 0 485
 0 486
 0 487
 0 488
 0 489
 0 490
 0 491
 0 492
 0 493
 0 494
 0 495
 0 496
 0 497
 0 498
 0 499
 0 500
 0 501
 0 502
 0 503
 0 504
 0 505
 0 506
 0 507
 0 508
 0 509
 0 510
 0 511
 0 512
 0 513
 0 514
 0 515
 0 516
 0 517
 0 518
 0 519
 0 520
 0 521
 0 522
 0 523
 0 524
 0 525
 0 526
 0 527
 0 528
 0 529
 0 530
 0 531
 0 532
 0 533
 0 534
 0 535
 0 536
 0 537
 0 538
 0 539
 0 540
 0 541
 0 542
 0 543
 0 544
 0 545
 0 546
 0 547
 0 548
 0 549
 0 550
 0 551
 0 552
 0 553
 0 554
 0 555
 0 556
 0 557
 0 558
 0 559
 0 560
 0 561
 0 562
 0 563
 0 564
 0 565
 0 566
 0 567
 0 568
 0 569
 0 570
 0 571
 0 572
 0 573
 0 574
 0 575
 0 576
 0 577
 0 578
 0 579
 0 580
 0 581
 0 582
 0 583
 0 584
 0 585
 0 586
 0 587
 0 588
 0 589
 0 590
 0 591
 0 592
 0 593
 0 594
 0 595
 0 596
 0 597
 0 598
 0 599
 0 600


