# Created by Octave 3.8.2, Sat Jun 20 11:33:35 2020 CEST <damian@fptrucha.inv.usc.es>
# name: hd
# type: matrix
# rows: 551
# columns: 2
 0 50
 0 51
 0 52
 0 53
 0 54
 0 55
 0 56
 0 57
 0 58
 0 59
 0 60
 0 61
 0 62
 0 63
 0 64
 0 65
 0 66
 0 67
 0 68
 0 69
 0 70
 0 71
 0 72
 0 73
 0 74
 0 75
 0 76
 0 77
 0 78
 0 79
 0 80
 0 81
 0 82
 0 83
 0 84
 0 85
 0 86
 1 87
 5 88
 20 89
 99 90
 171 91
 221 92
 294 93
 429 94
 708 95
 1007 96
 1335 97
 1557 98
 1650 99
 1783 100
 1770 101
 1867 102
 1868 103
 1741 104
 1686 105
 1613 106
 1582 107
 1421 108
 1358 109
 1238 110
 1139 111
 1056 112
 947 113
 886 114
 802 115
 747 116
 646 117
 587 118
 537 119
 475 120
 412 121
 408 122
 346 123
 340 124
 286 125
 254 126
 245 127
 197 128
 202 129
 188 130
 151 131
 145 132
 124 133
 134 134
 117 135
 102 136
 97 137
 87 138
 95 139
 79 140
 88 141
 78 142
 60 143
 62 144
 56 145
 57 146
 71 147
 56 148
 56 149
 56 150
 43 151
 32 152
 41 153
 32 154
 44 155
 34 156
 42 157
 24 158
 21 159
 29 160
 13 161
 18 162
 21 163
 17 164
 13 165
 23 166
 16 167
 14 168
 13 169
 9 170
 8 171
 12 172
 6 173
 6 174
 14 175
 7 176
 9 177
 7 178
 7 179
 7 180
 3 181
 3 182
 3 183
 13 184
 1 185
 5 186
 1 187
 3 188
 1 189
 3 190
 4 191
 0 192
 0 193
 2 194
 0 195
 1 196
 5 197
 1 198
 0 199
 0 200
 2 201
 4 202
 1 203
 1 204
 0 205
 1 206
 0 207
 1 208
 0 209
 1 210
 0 211
 0 212
 0 213
 0 214
 2 215
 0 216
 0 217
 0 218
 0 219
 1 220
 0 221
 0 222
 0 223
 0 224
 0 225
 0 226
 0 227
 0 228
 0 229
 0 230
 0 231
 0 232
 0 233
 0 234
 0 235
 0 236
 0 237
 0 238
 0 239
 0 240
 0 241
 0 242
 0 243
 0 244
 0 245
 0 246
 0 247
 0 248
 0 249
 0 250
 0 251
 0 252
 0 253
 0 254
 0 255
 0 256
 0 257
 0 258
 0 259
 0 260
 0 261
 0 262
 0 263
 0 264
 0 265
 0 266
 0 267
 0 268
 0 269
 0 270
 0 271
 0 272
 0 273
 0 274
 0 275
 0 276
 0 277
 0 278
 0 279
 0 280
 0 281
 0 282
 0 283
 0 284
 0 285
 0 286
 1 287
 0 288
 1 289
 0 290
 3 291
 0 292
 1 293
 1 294
 0 295
 0 296
 0 297
 0 298
 2 299
 0 300
 1 301
 0 302
 0 303
 1 304
 1 305
 1 306
 2 307
 0 308
 1 309
 3 310
 2 311
 2 312
 0 313
 1 314
 2 315
 0 316
 1 317
 2 318
 1 319
 2 320
 1 321
 0 322
 2 323
 5 324
 2 325
 1 326
 2 327
 2 328
 1 329
 2 330
 1 331
 1 332
 0 333
 2 334
 1 335
 2 336
 3 337
 2 338
 2 339
 1 340
 2 341
 3 342
 3 343
 2 344
 1 345
 2 346
 2 347
 2 348
 3 349
 2 350
 1 351
 0 352
 4 353
 3 354
 2 355
 2 356
 2 357
 0 358
 1 359
 0 360
 2 361
 3 362
 2 363
 0 364
 0 365
 3 366
 0 367
 1 368
 0 369
 2 370
 0 371
 1 372
 0 373
 0 374
 0 375
 1 376
 2 377
 0 378
 0 379
 2 380
 0 381
 1 382
 0 383
 2 384
 0 385
 0 386
 0 387
 0 388
 0 389
 0 390
 0 391
 0 392
 2 393
 0 394
 0 395
 1 396
 1 397
 0 398
 1 399
 1 400
 0 401
 1 402
 0 403
 0 404
 0 405
 0 406
 0 407
 0 408
 0 409
 0 410
 0 411
 0 412
 0 413
 0 414
 0 415
 0 416
 0 417
 0 418
 0 419
 0 420
 0 421
 0 422
 0 423
 0 424
 0 425
 0 426
 0 427
 0 428
 0 429
 0 430
 0 431
 0 432
 0 433
 0 434
 0 435
 0 436
 0 437
 0 438
 0 439
 0 440
 0 441
 0 442
 0 443
 0 444
 0 445
 0 446
 0 447
 0 448
 0 449
 0 450
 0 451
 0 452
 0 453
 0 454
 0 455
 0 456
 0 457
 0 458
 0 459
 0 460
 0 461
 0 462
 0 463
 0 464
 0 465
 0 466
 0 467
 0 468
 0 469
 0 470
 0 471
 0 472
 0 473
 0 474
 0 475
 0 476
 0 477
 0 478
 0 479
 0 480
 0 481
 0 482
 0 483
 0 484
 0 485
 0 486
 0 487
 0 488
 0 489
 0 490
 0 491
 0 492
 0 493
 0 494
 0 495
 0 496
 0 497
 0 498
 0 499
 0 500
 0 501
 0 502
 0 503
 0 504
 0 505
 0 506
 0 507
 0 508
 0 509
 0 510
 0 511
 0 512
 0 513
 0 514
 0 515
 0 516
 0 517
 0 518
 0 519
 0 520
 0 521
 0 522
 0 523
 0 524
 0 525
 0 526
 0 527
 0 528
 0 529
 0 530
 0 531
 0 532
 0 533
 0 534
 0 535
 0 536
 0 537
 0 538
 0 539
 0 540
 0 541
 0 542
 0 543
 0 544
 0 545
 0 546
 0 547
 0 548
 0 549
 0 550
 0 551
 0 552
 0 553
 0 554
 0 555
 0 556
 0 557
 0 558
 0 559
 0 560
 0 561
 0 562
 0 563
 0 564
 0 565
 0 566
 0 567
 0 568
 0 569
 0 570
 0 571
 0 572
 0 573
 0 574
 0 575
 0 576
 0 577
 0 578
 0 579
 0 580
 0 581
 0 582
 0 583
 0 584
 0 585
 0 586
 0 587
 0 588
 0 589
 0 590
 0 591
 0 592
 0 593
 0 594
 0 595
 0 596
 0 597
 0 598
 0 599
 0 600


