# Created by Octave 3.8.2, Sat Jun 20 11:44:20 2020 CEST <damian@fptrucha.inv.usc.es>
# name: hd
# type: matrix
# rows: 551
# columns: 2
 0 50
 0 51
 0 52
 0 53
 0 54
 0 55
 0 56
 0 57
 0 58
 0 59
 0 60
 0 61
 0 62
 0 63
 0 64
 0 65
 0 66
 0 67
 0 68
 0 69
 0 70
 0 71
 0 72
 0 73
 0 74
 0 75
 0 76
 0 77
 0 78
 0 79
 0 80
 0 81
 0 82
 0 83
 0 84
 0 85
 0 86
 1 87
 5 88
 13 89
 73 90
 136 91
 255 92
 325 93
 471 94
 666 95
 957 96
 1301 97
 1553 98
 1648 99
 1857 100
 1957 101
 1828 102
 1853 103
 1771 104
 1717 105
 1609 106
 1499 107
 1465 108
 1360 109
 1226 110
 1157 111
 1052 112
 974 113
 932 114
 762 115
 741 116
 690 117
 585 118
 533 119
 524 120
 418 121
 357 122
 364 123
 310 124
 282 125
 258 126
 221 127
 201 128
 202 129
 167 130
 166 131
 141 132
 131 133
 124 134
 115 135
 104 136
 95 137
 106 138
 91 139
 76 140
 78 141
 75 142
 77 143
 63 144
 59 145
 59 146
 50 147
 44 148
 45 149
 46 150
 40 151
 44 152
 51 153
 34 154
 35 155
 33 156
 34 157
 28 158
 23 159
 26 160
 24 161
 17 162
 19 163
 18 164
 20 165
 18 166
 16 167
 14 168
 9 169
 14 170
 10 171
 10 172
 9 173
 8 174
 6 175
 5 176
 11 177
 9 178
 10 179
 5 180
 1 181
 9 182
 4 183
 2 184
 3 185
 3 186
 5 187
 3 188
 1 189
 2 190
 3 191
 2 192
 3 193
 2 194
 1 195
 2 196
 1 197
 0 198
 2 199
 1 200
 3 201
 0 202
 1 203
 0 204
 0 205
 0 206
 1 207
 0 208
 0 209
 1 210
 0 211
 0 212
 0 213
 0 214
 0 215
 2 216
 0 217
 0 218
 0 219
 0 220
 0 221
 1 222
 0 223
 0 224
 0 225
 0 226
 0 227
 0 228
 1 229
 0 230
 1 231
 0 232
 0 233
 0 234
 0 235
 0 236
 0 237
 1 238
 0 239
 0 240
 0 241
 0 242
 0 243
 0 244
 0 245
 0 246
 0 247
 0 248
 0 249
 0 250
 0 251
 1 252
 0 253
 0 254
 0 255
 0 256
 0 257
 0 258
 0 259
 0 260
 0 261
 0 262
 0 263
 0 264
 0 265
 0 266
 0 267
 0 268
 0 269
 0 270
 0 271
 0 272
 0 273
 0 274
 1 275
 0 276
 1 277
 0 278
 0 279
 0 280
 0 281
 0 282
 0 283
 0 284
 0 285
 1 286
 0 287
 0 288
 0 289
 0 290
 0 291
 0 292
 2 293
 1 294
 2 295
 0 296
 0 297
 0 298
 0 299
 0 300
 0 301
 1 302
 3 303
 0 304
 0 305
 0 306
 1 307
 0 308
 0 309
 4 310
 1 311
 1 312
 0 313
 0 314
 3 315
 2 316
 1 317
 2 318
 1 319
 3 320
 3 321
 0 322
 2 323
 3 324
 2 325
 2 326
 2 327
 1 328
 3 329
 0 330
 1 331
 3 332
 1 333
 3 334
 1 335
 1 336
 1 337
 1 338
 1 339
 1 340
 6 341
 3 342
 1 343
 4 344
 3 345
 1 346
 0 347
 1 348
 1 349
 1 350
 4 351
 0 352
 2 353
 1 354
 1 355
 0 356
 3 357
 2 358
 0 359
 4 360
 0 361
 2 362
 0 363
 1 364
 1 365
 3 366
 0 367
 3 368
 1 369
 0 370
 2 371
 2 372
 0 373
 2 374
 0 375
 0 376
 0 377
 1 378
 0 379
 1 380
 3 381
 2 382
 0 383
 0 384
 1 385
 1 386
 1 387
 1 388
 1 389
 0 390
 1 391
 0 392
 0 393
 1 394
 0 395
 0 396
 0 397
 0 398
 0 399
 1 400
 0 401
 0 402
 0 403
 1 404
 1 405
 0 406
 0 407
 0 408
 1 409
 0 410
 0 411
 0 412
 0 413
 0 414
 0 415
 0 416
 0 417
 0 418
 1 419
 0 420
 0 421
 0 422
 0 423
 0 424
 0 425
 0 426
 0 427
 0 428
 0 429
 0 430
 0 431
 0 432
 0 433
 0 434
 0 435
 0 436
 0 437
 0 438
 0 439
 0 440
 0 441
 0 442
 0 443
 0 444
 0 445
 0 446
 0 447
 0 448
 0 449
 0 450
 0 451
 0 452
 0 453
 0 454
 0 455
 0 456
 0 457
 0 458
 0 459
 0 460
 0 461
 0 462
 0 463
 0 464
 0 465
 0 466
 0 467
 0 468
 0 469
 0 470
 0 471
 0 472
 0 473
 0 474
 0 475
 0 476
 0 477
 0 478
 0 479
 0 480
 0 481
 0 482
 0 483
 0 484
 0 485
 0 486
 0 487
 0 488
 0 489
 0 490
 0 491
 0 492
 0 493
 0 494
 0 495
 0 496
 0 497
 0 498
 0 499
 0 500
 0 501
 0 502
 0 503
 0 504
 0 505
 0 506
 0 507
 0 508
 0 509
 0 510
 0 511
 0 512
 0 513
 0 514
 0 515
 0 516
 0 517
 0 518
 0 519
 0 520
 0 521
 0 522
 0 523
 0 524
 0 525
 0 526
 0 527
 0 528
 0 529
 0 530
 0 531
 0 532
 0 533
 0 534
 0 535
 0 536
 0 537
 0 538
 0 539
 0 540
 0 541
 0 542
 0 543
 0 544
 0 545
 0 546
 0 547
 0 548
 0 549
 0 550
 0 551
 0 552
 0 553
 0 554
 0 555
 0 556
 0 557
 0 558
 0 559
 0 560
 0 561
 0 562
 0 563
 0 564
 0 565
 0 566
 0 567
 0 568
 0 569
 0 570
 0 571
 0 572
 0 573
 0 574
 0 575
 0 576
 0 577
 0 578
 0 579
 0 580
 0 581
 0 582
 0 583
 0 584
 0 585
 0 586
 0 587
 0 588
 0 589
 0 590
 0 591
 0 592
 0 593
 0 594
 0 595
 0 596
 0 597
 0 598
 0 599
 0 600


