# Created by Octave 3.8.2, Sat Jun 20 10:16:11 2020 CEST <damian@fptrucha.inv.usc.es>
# name: hd
# type: matrix
# rows: 551
# columns: 2
 0 50
 0 51
 0 52
 0 53
 0 54
 0 55
 0 56
 0 57
 0 58
 0 59
 0 60
 0 61
 0 62
 0 63
 0 64
 0 65
 0 66
 0 67
 0 68
 0 69
 0 70
 0 71
 0 72
 0 73
 0 74
 0 75
 0 76
 0 77
 0 78
 0 79
 0 80
 0 81
 0 82
 0 83
 0 84
 0 85
 0 86
 5 87
 7 88
 21 89
 85 90
 142 91
 267 92
 315 93
 431 94
 675 95
 1016 96
 1310 97
 1602 98
 1644 99
 1742 100
 1867 101
 1850 102
 1821 103
 1695 104
 1767 105
 1653 106
 1548 107
 1468 108
 1387 109
 1242 110
 1162 111
 1084 112
 1002 113
 899 114
 832 115
 745 116
 661 117
 646 118
 553 119
 486 120
 454 121
 395 122
 372 123
 304 124
 309 125
 256 126
 248 127
 216 128
 194 129
 192 130
 168 131
 147 132
 131 133
 143 134
 119 135
 90 136
 107 137
 104 138
 100 139
 80 140
 75 141
 71 142
 78 143
 60 144
 76 145
 60 146
 45 147
 47 148
 46 149
 43 150
 42 151
 42 152
 47 153
 44 154
 29 155
 40 156
 48 157
 20 158
 27 159
 27 160
 26 161
 20 162
 25 163
 16 164
 18 165
 19 166
 11 167
 18 168
 15 169
 12 170
 6 171
 14 172
 6 173
 7 174
 11 175
 4 176
 10 177
 6 178
 3 179
 8 180
 8 181
 2 182
 5 183
 3 184
 2 185
 2 186
 2 187
 2 188
 0 189
 4 190
 4 191
 4 192
 3 193
 0 194
 1 195
 2 196
 3 197
 0 198
 2 199
 2 200
 3 201
 0 202
 0 203
 5 204
 0 205
 1 206
 0 207
 0 208
 1 209
 0 210
 0 211
 3 212
 1 213
 0 214
 2 215
 1 216
 0 217
 1 218
 2 219
 0 220
 0 221
 0 222
 0 223
 0 224
 0 225
 0 226
 0 227
 0 228
 0 229
 0 230
 0 231
 1 232
 0 233
 0 234
 0 235
 1 236
 0 237
 0 238
 0 239
 0 240
 0 241
 0 242
 0 243
 0 244
 0 245
 0 246
 0 247
 0 248
 0 249
 0 250
 0 251
 0 252
 0 253
 0 254
 0 255
 0 256
 0 257
 0 258
 0 259
 0 260
 0 261
 0 262
 0 263
 0 264
 0 265
 0 266
 0 267
 0 268
 0 269
 0 270
 0 271
 0 272
 0 273
 0 274
 0 275
 0 276
 0 277
 0 278
 1 279
 0 280
 0 281
 0 282
 0 283
 0 284
 0 285
 0 286
 0 287
 0 288
 1 289
 2 290
 1 291
 0 292
 0 293
 0 294
 1 295
 1 296
 0 297
 0 298
 0 299
 0 300
 2 301
 1 302
 1 303
 0 304
 1 305
 0 306
 0 307
 1 308
 1 309
 1 310
 1 311
 0 312
 2 313
 1 314
 2 315
 1 316
 3 317
 2 318
 1 319
 4 320
 5 321
 1 322
 3 323
 1 324
 1 325
 2 326
 5 327
 1 328
 1 329
 5 330
 2 331
 2 332
 8 333
 2 334
 2 335
 0 336
 0 337
 1 338
 0 339
 1 340
 1 341
 1 342
 1 343
 1 344
 1 345
 0 346
 4 347
 0 348
 1 349
 2 350
 5 351
 2 352
 2 353
 0 354
 1 355
 2 356
 0 357
 1 358
 3 359
 2 360
 0 361
 2 362
 3 363
 1 364
 1 365
 3 366
 0 367
 1 368
 0 369
 0 370
 0 371
 0 372
 1 373
 1 374
 0 375
 0 376
 0 377
 1 378
 0 379
 2 380
 0 381
 1 382
 0 383
 0 384
 0 385
 1 386
 0 387
 1 388
 0 389
 0 390
 0 391
 0 392
 0 393
 0 394
 0 395
 0 396
 0 397
 0 398
 0 399
 0 400
 0 401
 0 402
 0 403
 0 404
 0 405
 0 406
 0 407
 0 408
 0 409
 0 410
 0 411
 0 412
 0 413
 0 414
 0 415
 0 416
 0 417
 0 418
 0 419
 0 420
 0 421
 0 422
 0 423
 1 424
 0 425
 0 426
 0 427
 0 428
 0 429
 0 430
 0 431
 0 432
 0 433
 0 434
 0 435
 0 436
 0 437
 0 438
 1 439
 0 440
 0 441
 0 442
 0 443
 0 444
 0 445
 0 446
 0 447
 0 448
 0 449
 0 450
 0 451
 0 452
 0 453
 0 454
 0 455
 0 456
 0 457
 0 458
 0 459
 0 460
 0 461
 0 462
 0 463
 0 464
 0 465
 0 466
 0 467
 0 468
 0 469
 0 470
 0 471
 0 472
 0 473
 0 474
 0 475
 0 476
 0 477
 0 478
 0 479
 0 480
 0 481
 0 482
 0 483
 0 484
 0 485
 0 486
 0 487
 0 488
 0 489
 0 490
 0 491
 0 492
 0 493
 0 494
 0 495
 0 496
 0 497
 0 498
 0 499
 0 500
 0 501
 0 502
 0 503
 0 504
 0 505
 0 506
 0 507
 0 508
 0 509
 0 510
 0 511
 0 512
 0 513
 0 514
 0 515
 0 516
 0 517
 0 518
 0 519
 0 520
 0 521
 0 522
 0 523
 0 524
 0 525
 0 526
 0 527
 0 528
 0 529
 0 530
 0 531
 0 532
 0 533
 0 534
 0 535
 0 536
 0 537
 0 538
 0 539
 0 540
 0 541
 0 542
 0 543
 0 544
 0 545
 0 546
 0 547
 0 548
 0 549
 0 550
 0 551
 0 552
 0 553
 0 554
 0 555
 0 556
 0 557
 0 558
 0 559
 0 560
 0 561
 0 562
 0 563
 0 564
 0 565
 0 566
 0 567
 0 568
 0 569
 0 570
 0 571
 0 572
 0 573
 0 574
 0 575
 0 576
 0 577
 0 578
 0 579
 0 580
 0 581
 0 582
 0 583
 0 584
 0 585
 0 586
 0 587
 0 588
 0 589
 0 590
 0 591
 0 592
 0 593
 0 594
 0 595
 0 596
 0 597
 0 598
 0 599
 0 600


