# Created by Octave 3.8.2, Mon Jun 22 03:51:50 2020 CEST <damian@fptrucha.inv.usc.es>
# name: hd
# type: matrix
# rows: 551
# columns: 2
 0 50
 0 51
 0 52
 0 53
 0 54
 0 55
 0 56
 0 57
 0 58
 0 59
 0 60
 0 61
 0 62
 0 63
 0 64
 0 65
 0 66
 0 67
 0 68
 0 69
 0 70
 0 71
 0 72
 0 73
 0 74
 0 75
 0 76
 0 77
 0 78
 0 79
 0 80
 0 81
 0 82
 0 83
 0 84
 0 85
 0 86
 0 87
 3 88
 9 89
 32 90
 118 91
 194 92
 303 93
 369 94
 576 95
 788 96
 1277 97
 1570 98
 1695 99
 1786 100
 1824 101
 1917 102
 1825 103
 1733 104
 1650 105
 1431 106
 1415 107
 1245 108
 1161 109
 1051 110
 876 111
 780 112
 680 113
 625 114
 579 115
 513 116
 405 117
 426 118
 335 119
 317 120
 270 121
 257 122
 207 123
 208 124
 188 125
 173 126
 159 127
 147 128
 122 129
 123 130
 88 131
 117 132
 87 133
 76 134
 78 135
 63 136
 82 137
 81 138
 50 139
 63 140
 60 141
 49 142
 44 143
 41 144
 41 145
 38 146
 39 147
 46 148
 41 149
 37 150
 35 151
 17 152
 32 153
 27 154
 28 155
 29 156
 25 157
 23 158
 18 159
 14 160
 14 161
 16 162
 17 163
 17 164
 14 165
 10 166
 14 167
 4 168
 7 169
 8 170
 3 171
 7 172
 11 173
 5 174
 6 175
 9 176
 10 177
 6 178
 7 179
 4 180
 6 181
 3 182
 5 183
 4 184
 1 185
 3 186
 1 187
 3 188
 1 189
 1 190
 2 191
 2 192
 3 193
 2 194
 0 195
 2 196
 4 197
 0 198
 4 199
 2 200
 0 201
 0 202
 0 203
 1 204
 0 205
 1 206
 0 207
 1 208
 0 209
 1 210
 1 211
 0 212
 0 213
 0 214
 1 215
 0 216
 0 217
 0 218
 0 219
 1 220
 0 221
 0 222
 0 223
 0 224
 0 225
 0 226
 0 227
 0 228
 0 229
 1 230
 0 231
 0 232
 0 233
 1 234
 0 235
 0 236
 0 237
 0 238
 0 239
 0 240
 0 241
 0 242
 0 243
 0 244
 0 245
 0 246
 0 247
 0 248
 0 249
 0 250
 0 251
 0 252
 0 253
 0 254
 0 255
 0 256
 0 257
 0 258
 0 259
 0 260
 0 261
 0 262
 0 263
 0 264
 0 265
 0 266
 0 267
 0 268
 0 269
 0 270
 0 271
 0 272
 0 273
 0 274
 0 275
 0 276
 0 277
 0 278
 1 279
 0 280
 0 281
 0 282
 0 283
 0 284
 0 285
 0 286
 0 287
 1 288
 0 289
 1 290
 0 291
 0 292
 0 293
 1 294
 0 295
 2 296
 1 297
 0 298
 0 299
 2 300
 3 301
 2 302
 2 303
 0 304
 0 305
 0 306
 2 307
 1 308
 3 309
 0 310
 1 311
 3 312
 0 313
 3 314
 1 315
 1 316
 2 317
 2 318
 2 319
 1 320
 3 321
 0 322
 0 323
 3 324
 2 325
 1 326
 3 327
 7 328
 2 329
 2 330
 4 331
 1 332
 4 333
 4 334
 4 335
 1 336
 0 337
 2 338
 2 339
 2 340
 5 341
 6 342
 2 343
 3 344
 2 345
 2 346
 3 347
 3 348
 1 349
 3 350
 1 351
 1 352
 0 353
 1 354
 4 355
 1 356
 1 357
 1 358
 3 359
 5 360
 1 361
 1 362
 1 363
 2 364
 1 365
 2 366
 2 367
 0 368
 0 369
 0 370
 1 371
 0 372
 0 373
 1 374
 0 375
 0 376
 0 377
 2 378
 0 379
 2 380
 0 381
 0 382
 0 383
 2 384
 0 385
 0 386
 1 387
 1 388
 0 389
 2 390
 0 391
 2 392
 0 393
 0 394
 0 395
 0 396
 0 397
 0 398
 0 399
 0 400
 0 401
 0 402
 0 403
 0 404
 0 405
 0 406
 0 407
 0 408
 0 409
 0 410
 0 411
 0 412
 0 413
 0 414
 1 415
 0 416
 0 417
 0 418
 0 419
 0 420
 0 421
 0 422
 0 423
 0 424
 0 425
 0 426
 0 427
 0 428
 0 429
 0 430
 0 431
 0 432
 0 433
 0 434
 0 435
 0 436
 0 437
 0 438
 0 439
 0 440
 0 441
 0 442
 0 443
 0 444
 0 445
 0 446
 0 447
 0 448
 0 449
 0 450
 0 451
 0 452
 0 453
 0 454
 0 455
 0 456
 0 457
 0 458
 0 459
 0 460
 0 461
 0 462
 0 463
 0 464
 0 465
 0 466
 0 467
 0 468
 0 469
 0 470
 0 471
 0 472
 0 473
 0 474
 0 475
 0 476
 0 477
 0 478
 0 479
 0 480
 0 481
 0 482
 0 483
 0 484
 0 485
 0 486
 0 487
 0 488
 0 489
 0 490
 0 491
 0 492
 0 493
 0 494
 0 495
 0 496
 0 497
 0 498
 0 499
 0 500
 0 501
 0 502
 0 503
 0 504
 0 505
 0 506
 0 507
 0 508
 0 509
 0 510
 0 511
 0 512
 0 513
 0 514
 0 515
 0 516
 0 517
 0 518
 0 519
 0 520
 0 521
 0 522
 0 523
 0 524
 0 525
 0 526
 0 527
 0 528
 0 529
 0 530
 0 531
 0 532
 0 533
 0 534
 0 535
 0 536
 0 537
 0 538
 0 539
 0 540
 0 541
 0 542
 0 543
 0 544
 0 545
 0 546
 0 547
 0 548
 0 549
 0 550
 0 551
 0 552
 0 553
 0 554
 0 555
 0 556
 0 557
 0 558
 0 559
 0 560
 0 561
 0 562
 0 563
 0 564
 0 565
 0 566
 0 567
 0 568
 0 569
 0 570
 0 571
 0 572
 0 573
 0 574
 0 575
 0 576
 0 577
 0 578
 0 579
 0 580
 0 581
 0 582
 0 583
 0 584
 0 585
 0 586
 0 587
 0 588
 0 589
 0 590
 0 591
 0 592
 0 593
 0 594
 0 595
 0 596
 0 597
 0 598
 0 599
 0 600


