# Created by Octave 3.8.2, Mon Jun 22 15:03:00 2020 CEST <damian@fptrucha.inv.usc.es>
# name: hd
# type: matrix
# rows: 551
# columns: 2
 0 50
 0 51
 0 52
 0 53
 0 54
 0 55
 0 56
 0 57
 0 58
 0 59
 0 60
 0 61
 0 62
 0 63
 0 64
 0 65
 0 66
 0 67
 0 68
 0 69
 0 70
 0 71
 0 72
 0 73
 0 74
 0 75
 0 76
 0 77
 0 78
 0 79
 0 80
 0 81
 0 82
 0 83
 0 84
 0 85
 0 86
 0 87
 1 88
 12 89
 52 90
 147 91
 221 92
 337 93
 436 94
 610 95
 909 96
 1311 97
 1526 98
 1699 99
 1785 100
 1866 101
 1935 102
 1811 103
 1786 104
 1622 105
 1483 106
 1431 107
 1336 108
 1211 109
 1187 110
 1044 111
 961 112
 875 113
 781 114
 720 115
 627 116
 569 117
 467 118
 456 119
 377 120
 318 121
 314 122
 299 123
 234 124
 241 125
 191 126
 203 127
 178 128
 177 129
 169 130
 144 131
 120 132
 115 133
 123 134
 89 135
 102 136
 106 137
 82 138
 83 139
 80 140
 66 141
 77 142
 51 143
 52 144
 61 145
 53 146
 58 147
 47 148
 45 149
 39 150
 55 151
 44 152
 35 153
 39 154
 24 155
 33 156
 20 157
 25 158
 36 159
 17 160
 23 161
 23 162
 21 163
 19 164
 17 165
 11 166
 30 167
 16 168
 8 169
 9 170
 7 171
 9 172
 6 173
 8 174
 2 175
 8 176
 10 177
 8 178
 9 179
 9 180
 1 181
 5 182
 5 183
 5 184
 5 185
 2 186
 4 187
 1 188
 4 189
 2 190
 1 191
 1 192
 1 193
 2 194
 2 195
 2 196
 1 197
 0 198
 1 199
 1 200
 1 201
 0 202
 0 203
 0 204
 0 205
 0 206
 1 207
 0 208
 0 209
 0 210
 0 211
 1 212
 1 213
 0 214
 0 215
 0 216
 0 217
 0 218
 0 219
 0 220
 0 221
 0 222
 0 223
 0 224
 1 225
 0 226
 0 227
 0 228
 0 229
 0 230
 0 231
 2 232
 0 233
 0 234
 0 235
 0 236
 0 237
 0 238
 0 239
 0 240
 0 241
 0 242
 0 243
 0 244
 0 245
 0 246
 0 247
 0 248
 0 249
 0 250
 0 251
 0 252
 0 253
 0 254
 0 255
 0 256
 0 257
 0 258
 0 259
 0 260
 0 261
 0 262
 0 263
 0 264
 0 265
 0 266
 0 267
 0 268
 0 269
 0 270
 0 271
 0 272
 0 273
 0 274
 0 275
 0 276
 0 277
 0 278
 0 279
 0 280
 0 281
 1 282
 1 283
 1 284
 0 285
 0 286
 0 287
 1 288
 1 289
 0 290
 2 291
 0 292
 3 293
 2 294
 2 295
 2 296
 0 297
 2 298
 0 299
 3 300
 3 301
 1 302
 4 303
 1 304
 0 305
 2 306
 3 307
 1 308
 3 309
 5 310
 4 311
 3 312
 0 313
 1 314
 3 315
 1 316
 0 317
 1 318
 4 319
 4 320
 6 321
 1 322
 2 323
 3 324
 2 325
 0 326
 4 327
 5 328
 1 329
 7 330
 3 331
 2 332
 1 333
 2 334
 0 335
 5 336
 3 337
 2 338
 2 339
 3 340
 0 341
 4 342
 1 343
 1 344
 1 345
 2 346
 3 347
 1 348
 0 349
 3 350
 3 351
 1 352
 3 353
 4 354
 6 355
 3 356
 0 357
 2 358
 1 359
 4 360
 2 361
 1 362
 2 363
 1 364
 2 365
 1 366
 0 367
 1 368
 1 369
 3 370
 0 371
 0 372
 1 373
 0 374
 0 375
 1 376
 0 377
 0 378
 1 379
 1 380
 2 381
 2 382
 0 383
 0 384
 1 385
 0 386
 1 387
 0 388
 0 389
 0 390
 0 391
 1 392
 0 393
 0 394
 0 395
 1 396
 0 397
 0 398
 1 399
 0 400
 0 401
 0 402
 0 403
 0 404
 0 405
 0 406
 1 407
 0 408
 0 409
 0 410
 0 411
 0 412
 1 413
 0 414
 0 415
 0 416
 0 417
 0 418
 0 419
 0 420
 0 421
 0 422
 0 423
 0 424
 0 425
 0 426
 0 427
 0 428
 0 429
 0 430
 0 431
 0 432
 0 433
 0 434
 0 435
 0 436
 0 437
 0 438
 0 439
 0 440
 0 441
 0 442
 0 443
 0 444
 0 445
 0 446
 0 447
 0 448
 0 449
 0 450
 0 451
 0 452
 0 453
 0 454
 0 455
 0 456
 0 457
 0 458
 0 459
 0 460
 0 461
 0 462
 0 463
 0 464
 0 465
 0 466
 0 467
 0 468
 0 469
 0 470
 0 471
 0 472
 0 473
 0 474
 0 475
 0 476
 0 477
 0 478
 0 479
 0 480
 0 481
 0 482
 0 483
 0 484
 0 485
 0 486
 0 487
 0 488
 0 489
 0 490
 0 491
 0 492
 0 493
 0 494
 0 495
 0 496
 0 497
 0 498
 0 499
 0 500
 0 501
 0 502
 0 503
 0 504
 0 505
 0 506
 0 507
 0 508
 0 509
 0 510
 0 511
 0 512
 0 513
 0 514
 0 515
 0 516
 0 517
 0 518
 0 519
 0 520
 0 521
 0 522
 0 523
 0 524
 0 525
 0 526
 0 527
 0 528
 0 529
 0 530
 0 531
 0 532
 0 533
 0 534
 0 535
 0 536
 0 537
 0 538
 0 539
 0 540
 0 541
 0 542
 0 543
 0 544
 0 545
 0 546
 0 547
 0 548
 0 549
 0 550
 0 551
 0 552
 0 553
 0 554
 0 555
 0 556
 0 557
 0 558
 0 559
 0 560
 0 561
 0 562
 0 563
 0 564
 0 565
 0 566
 0 567
 0 568
 0 569
 0 570
 0 571
 0 572
 0 573
 0 574
 0 575
 0 576
 0 577
 0 578
 0 579
 0 580
 0 581
 0 582
 0 583
 0 584
 0 585
 0 586
 0 587
 0 588
 0 589
 0 590
 0 591
 0 592
 0 593
 0 594
 0 595
 0 596
 0 597
 0 598
 0 599
 0 600


