# Created by Octave 3.8.2, Sun Jun 21 05:36:00 2020 CEST <damian@fptrucha.inv.usc.es>
# name: hd
# type: matrix
# rows: 551
# columns: 2
 0 50
 0 51
 0 52
 0 53
 0 54
 0 55
 0 56
 0 57
 0 58
 0 59
 0 60
 0 61
 0 62
 0 63
 0 64
 0 65
 0 66
 0 67
 0 68
 0 69
 0 70
 0 71
 0 72
 0 73
 0 74
 0 75
 0 76
 0 77
 0 78
 0 79
 0 80
 0 81
 0 82
 0 83
 0 84
 0 85
 0 86
 2 87
 9 88
 12 89
 70 90
 139 91
 181 92
 298 93
 376 94
 544 95
 818 96
 1045 97
 1245 98
 1335 99
 1525 100
 1608 101
 1577 102
 1553 103
 1503 104
 1539 105
 1463 106
 1371 107
 1298 108
 1209 109
 1184 110
 1094 111
 976 112
 878 113
 863 114
 780 115
 727 116
 663 117
 595 118
 520 119
 515 120
 428 121
 432 122
 346 123
 324 124
 278 125
 243 126
 243 127
 200 128
 180 129
 176 130
 151 131
 140 132
 141 133
 129 134
 117 135
 113 136
 101 137
 90 138
 95 139
 69 140
 76 141
 58 142
 49 143
 53 144
 55 145
 55 146
 35 147
 54 148
 44 149
 52 150
 33 151
 39 152
 30 153
 28 154
 28 155
 26 156
 29 157
 21 158
 22 159
 17 160
 11 161
 17 162
 18 163
 18 164
 11 165
 16 166
 8 167
 14 168
 7 169
 7 170
 13 171
 10 172
 7 173
 8 174
 3 175
 8 176
 6 177
 1 178
 6 179
 3 180
 11 181
 5 182
 4 183
 3 184
 7 185
 4 186
 1 187
 2 188
 2 189
 3 190
 2 191
 0 192
 1 193
 0 194
 2 195
 0 196
 2 197
 1 198
 2 199
 0 200
 1 201
 0 202
 0 203
 0 204
 0 205
 1 206
 0 207
 0 208
 1 209
 1 210
 0 211
 1 212
 0 213
 0 214
 1 215
 2 216
 1 217
 0 218
 1 219
 0 220
 0 221
 0 222
 0 223
 0 224
 0 225
 0 226
 0 227
 1 228
 0 229
 0 230
 0 231
 0 232
 0 233
 0 234
 0 235
 0 236
 0 237
 0 238
 0 239
 0 240
 0 241
 0 242
 0 243
 0 244
 0 245
 0 246
 0 247
 0 248
 0 249
 0 250
 0 251
 0 252
 0 253
 0 254
 0 255
 0 256
 0 257
 0 258
 0 259
 0 260
 0 261
 0 262
 0 263
 0 264
 0 265
 0 266
 0 267
 0 268
 0 269
 0 270
 0 271
 0 272
 0 273
 0 274
 0 275
 0 276
 0 277
 0 278
 0 279
 1 280
 0 281
 0 282
 0 283
 0 284
 1 285
 0 286
 1 287
 0 288
 0 289
 0 290
 1 291
 0 292
 1 293
 0 294
 1 295
 0 296
 0 297
 1 298
 1 299
 0 300
 1 301
 1 302
 2 303
 1 304
 0 305
 2 306
 1 307
 1 308
 0 309
 0 310
 4 311
 0 312
 0 313
 0 314
 3 315
 4 316
 2 317
 3 318
 0 319
 2 320
 3 321
 1 322
 0 323
 0 324
 1 325
 1 326
 1 327
 1 328
 0 329
 0 330
 3 331
 0 332
 2 333
 1 334
 0 335
 6 336
 1 337
 1 338
 5 339
 0 340
 0 341
 0 342
 0 343
 3 344
 0 345
 0 346
 2 347
 4 348
 2 349
 1 350
 1 351
 6 352
 0 353
 0 354
 1 355
 2 356
 4 357
 2 358
 1 359
 1 360
 0 361
 1 362
 0 363
 0 364
 2 365
 1 366
 0 367
 2 368
 1 369
 2 370
 1 371
 0 372
 2 373
 1 374
 0 375
 0 376
 0 377
 1 378
 0 379
 0 380
 1 381
 0 382
 0 383
 1 384
 0 385
 1 386
 0 387
 0 388
 1 389
 0 390
 1 391
 0 392
 0 393
 0 394
 0 395
 1 396
 0 397
 0 398
 0 399
 0 400
 0 401
 0 402
 0 403
 0 404
 0 405
 0 406
 1 407
 0 408
 0 409
 0 410
 0 411
 0 412
 0 413
 0 414
 1 415
 0 416
 0 417
 0 418
 0 419
 0 420
 0 421
 0 422
 0 423
 0 424
 0 425
 0 426
 0 427
 0 428
 0 429
 0 430
 0 431
 0 432
 0 433
 0 434
 0 435
 0 436
 0 437
 0 438
 0 439
 0 440
 0 441
 0 442
 0 443
 0 444
 0 445
 0 446
 0 447
 0 448
 0 449
 0 450
 0 451
 0 452
 0 453
 0 454
 0 455
 0 456
 0 457
 0 458
 0 459
 0 460
 0 461
 0 462
 0 463
 0 464
 0 465
 0 466
 0 467
 0 468
 0 469
 0 470
 0 471
 0 472
 0 473
 0 474
 0 475
 0 476
 0 477
 0 478
 0 479
 0 480
 0 481
 0 482
 0 483
 0 484
 0 485
 0 486
 0 487
 0 488
 0 489
 0 490
 0 491
 0 492
 0 493
 0 494
 0 495
 0 496
 0 497
 0 498
 0 499
 0 500
 0 501
 0 502
 0 503
 0 504
 0 505
 0 506
 0 507
 0 508
 0 509
 0 510
 0 511
 0 512
 0 513
 0 514
 0 515
 0 516
 0 517
 0 518
 0 519
 0 520
 0 521
 0 522
 0 523
 0 524
 0 525
 0 526
 0 527
 0 528
 0 529
 0 530
 0 531
 0 532
 0 533
 0 534
 0 535
 0 536
 0 537
 0 538
 0 539
 0 540
 0 541
 0 542
 0 543
 0 544
 0 545
 0 546
 0 547
 0 548
 0 549
 0 550
 0 551
 0 552
 0 553
 0 554
 0 555
 0 556
 0 557
 0 558
 0 559
 0 560
 0 561
 0 562
 0 563
 0 564
 0 565
 0 566
 0 567
 0 568
 0 569
 0 570
 0 571
 0 572
 0 573
 0 574
 0 575
 0 576
 0 577
 0 578
 0 579
 0 580
 0 581
 0 582
 0 583
 0 584
 0 585
 0 586
 0 587
 0 588
 0 589
 0 590
 0 591
 0 592
 0 593
 0 594
 0 595
 0 596
 0 597
 0 598
 0 599
 0 600


