# Created by Octave 3.8.2, Mon Jun 22 06:39:32 2020 CEST <damian@fptrucha.inv.usc.es>
# name: hd
# type: matrix
# rows: 551
# columns: 2
 0 50
 0 51
 0 52
 0 53
 0 54
 0 55
 0 56
 0 57
 0 58
 0 59
 0 60
 0 61
 0 62
 0 63
 0 64
 0 65
 0 66
 0 67
 0 68
 0 69
 0 70
 0 71
 0 72
 0 73
 0 74
 0 75
 0 76
 0 77
 0 78
 0 79
 0 80
 0 81
 0 82
 0 83
 0 84
 0 85
 0 86
 0 87
 0 88
 7 89
 28 90
 97 91
 158 92
 290 93
 360 94
 468 95
 654 96
 1052 97
 1369 98
 1516 99
 1636 100
 1743 101
 1720 102
 1710 103
 1639 104
 1670 105
 1435 106
 1340 107
 1340 108
 1192 109
 1090 110
 924 111
 930 112
 795 113
 708 114
 681 115
 555 116
 491 117
 445 118
 429 119
 388 120
 325 121
 285 122
 259 123
 254 124
 227 125
 190 126
 171 127
 152 128
 160 129
 176 130
 123 131
 114 132
 99 133
 104 134
 107 135
 101 136
 85 137
 75 138
 97 139
 82 140
 63 141
 62 142
 67 143
 66 144
 60 145
 53 146
 54 147
 41 148
 33 149
 44 150
 40 151
 36 152
 40 153
 25 154
 42 155
 42 156
 25 157
 25 158
 26 159
 29 160
 25 161
 27 162
 16 163
 18 164
 13 165
 17 166
 14 167
 11 168
 14 169
 14 170
 12 171
 5 172
 9 173
 10 174
 22 175
 8 176
 14 177
 8 178
 11 179
 8 180
 4 181
 3 182
 2 183
 7 184
 0 185
 4 186
 5 187
 1 188
 1 189
 3 190
 4 191
 3 192
 3 193
 2 194
 5 195
 4 196
 1 197
 3 198
 0 199
 0 200
 0 201
 0 202
 1 203
 1 204
 0 205
 0 206
 0 207
 2 208
 2 209
 0 210
 0 211
 1 212
 0 213
 0 214
 1 215
 0 216
 0 217
 1 218
 0 219
 0 220
 1 221
 1 222
 0 223
 0 224
 0 225
 0 226
 0 227
 0 228
 0 229
 0 230
 0 231
 0 232
 1 233
 0 234
 0 235
 0 236
 0 237
 0 238
 0 239
 0 240
 0 241
 0 242
 0 243
 0 244
 0 245
 1 246
 0 247
 0 248
 0 249
 0 250
 0 251
 0 252
 0 253
 1 254
 0 255
 0 256
 0 257
 0 258
 0 259
 0 260
 0 261
 0 262
 0 263
 0 264
 0 265
 0 266
 0 267
 0 268
 0 269
 0 270
 0 271
 0 272
 0 273
 0 274
 0 275
 0 276
 0 277
 0 278
 0 279
 0 280
 0 281
 0 282
 0 283
 0 284
 0 285
 1 286
 0 287
 0 288
 1 289
 1 290
 0 291
 0 292
 1 293
 0 294
 1 295
 0 296
 0 297
 1 298
 0 299
 1 300
 0 301
 1 302
 0 303
 2 304
 4 305
 1 306
 1 307
 3 308
 3 309
 2 310
 5 311
 2 312
 3 313
 2 314
 2 315
 2 316
 4 317
 2 318
 3 319
 3 320
 3 321
 6 322
 2 323
 2 324
 3 325
 2 326
 3 327
 1 328
 4 329
 3 330
 5 331
 1 332
 1 333
 6 334
 0 335
 1 336
 3 337
 0 338
 4 339
 4 340
 2 341
 2 342
 2 343
 3 344
 4 345
 2 346
 2 347
 2 348
 3 349
 3 350
 2 351
 3 352
 0 353
 4 354
 2 355
 1 356
 0 357
 2 358
 1 359
 1 360
 1 361
 4 362
 0 363
 0 364
 0 365
 1 366
 1 367
 1 368
 1 369
 1 370
 2 371
 0 372
 0 373
 1 374
 1 375
 0 376
 0 377
 2 378
 0 379
 0 380
 0 381
 0 382
 1 383
 0 384
 1 385
 1 386
 1 387
 0 388
 0 389
 0 390
 0 391
 1 392
 0 393
 3 394
 0 395
 0 396
 0 397
 0 398
 2 399
 0 400
 0 401
 0 402
 1 403
 0 404
 0 405
 0 406
 0 407
 0 408
 0 409
 0 410
 0 411
 0 412
 0 413
 0 414
 0 415
 0 416
 0 417
 0 418
 0 419
 0 420
 0 421
 0 422
 0 423
 0 424
 0 425
 0 426
 0 427
 0 428
 0 429
 0 430
 0 431
 0 432
 1 433
 0 434
 0 435
 0 436
 0 437
 0 438
 0 439
 0 440
 0 441
 0 442
 0 443
 0 444
 0 445
 0 446
 0 447
 0 448
 0 449
 0 450
 0 451
 0 452
 0 453
 0 454
 0 455
 0 456
 0 457
 0 458
 0 459
 0 460
 0 461
 0 462
 0 463
 0 464
 0 465
 0 466
 0 467
 0 468
 0 469
 0 470
 0 471
 0 472
 0 473
 0 474
 0 475
 0 476
 0 477
 0 478
 0 479
 0 480
 0 481
 0 482
 0 483
 0 484
 0 485
 0 486
 0 487
 0 488
 0 489
 0 490
 0 491
 0 492
 0 493
 0 494
 0 495
 0 496
 0 497
 0 498
 0 499
 0 500
 0 501
 0 502
 0 503
 0 504
 0 505
 0 506
 0 507
 0 508
 0 509
 0 510
 0 511
 0 512
 0 513
 0 514
 0 515
 0 516
 0 517
 0 518
 0 519
 0 520
 0 521
 0 522
 0 523
 0 524
 0 525
 0 526
 0 527
 0 528
 0 529
 0 530
 0 531
 0 532
 0 533
 0 534
 0 535
 0 536
 0 537
 0 538
 0 539
 0 540
 0 541
 0 542
 0 543
 0 544
 0 545
 0 546
 0 547
 0 548
 0 549
 0 550
 0 551
 0 552
 0 553
 0 554
 0 555
 0 556
 0 557
 0 558
 0 559
 0 560
 0 561
 0 562
 0 563
 0 564
 0 565
 0 566
 0 567
 0 568
 0 569
 0 570
 0 571
 0 572
 0 573
 0 574
 0 575
 0 576
 0 577
 0 578
 0 579
 0 580
 0 581
 0 582
 0 583
 0 584
 0 585
 0 586
 0 587
 0 588
 0 589
 0 590
 0 591
 0 592
 0 593
 0 594
 0 595
 0 596
 0 597
 0 598
 0 599
 0 600


