# Created by Octave 3.8.2, Sat Jun 20 03:14:03 2020 CEST <damian@fptrucha.inv.usc.es>
# name: hd
# type: matrix
# rows: 551
# columns: 2
 0 50
 0 51
 0 52
 0 53
 0 54
 0 55
 0 56
 0 57
 0 58
 0 59
 0 60
 0 61
 0 62
 0 63
 0 64
 0 65
 0 66
 0 67
 0 68
 0 69
 0 70
 0 71
 0 72
 0 73
 0 74
 0 75
 0 76
 0 77
 0 78
 0 79
 0 80
 0 81
 0 82
 0 83
 0 84
 0 85
 0 86
 3 87
 9 88
 13 89
 72 90
 130 91
 218 92
 310 93
 401 94
 628 95
 858 96
 1210 97
 1460 98
 1535 99
 1633 100
 1752 101
 1705 102
 1665 103
 1652 104
 1687 105
 1557 106
 1533 107
 1454 108
 1376 109
 1260 110
 1174 111
 1074 112
 1032 113
 856 114
 830 115
 765 116
 689 117
 628 118
 572 119
 538 120
 493 121
 416 122
 373 123
 331 124
 356 125
 287 126
 271 127
 253 128
 241 129
 189 130
 214 131
 179 132
 177 133
 158 134
 146 135
 133 136
 133 137
 145 138
 120 139
 101 140
 81 141
 78 142
 100 143
 86 144
 95 145
 57 146
 75 147
 54 148
 55 149
 55 150
 47 151
 54 152
 68 153
 42 154
 41 155
 34 156
 44 157
 34 158
 33 159
 30 160
 36 161
 38 162
 26 163
 27 164
 20 165
 16 166
 22 167
 11 168
 15 169
 15 170
 13 171
 16 172
 9 173
 14 174
 6 175
 7 176
 10 177
 9 178
 13 179
 10 180
 5 181
 5 182
 5 183
 4 184
 6 185
 3 186
 5 187
 4 188
 4 189
 3 190
 3 191
 3 192
 3 193
 1 194
 1 195
 2 196
 4 197
 2 198
 1 199
 1 200
 0 201
 1 202
 1 203
 2 204
 1 205
 1 206
 1 207
 0 208
 2 209
 1 210
 0 211
 1 212
 2 213
 0 214
 0 215
 0 216
 4 217
 1 218
 0 219
 0 220
 1 221
 0 222
 0 223
 1 224
 0 225
 0 226
 0 227
 0 228
 0 229
 0 230
 1 231
 0 232
 1 233
 0 234
 0 235
 2 236
 0 237
 0 238
 0 239
 0 240
 0 241
 0 242
 0 243
 0 244
 0 245
 0 246
 0 247
 0 248
 0 249
 0 250
 0 251
 0 252
 0 253
 0 254
 0 255
 0 256
 0 257
 0 258
 0 259
 0 260
 0 261
 0 262
 0 263
 0 264
 0 265
 0 266
 0 267
 0 268
 0 269
 0 270
 0 271
 0 272
 0 273
 0 274
 0 275
 0 276
 0 277
 0 278
 0 279
 0 280
 0 281
 0 282
 0 283
 0 284
 0 285
 0 286
 0 287
 0 288
 1 289
 2 290
 0 291
 0 292
 2 293
 0 294
 0 295
 1 296
 0 297
 3 298
 0 299
 4 300
 2 301
 0 302
 1 303
 1 304
 0 305
 2 306
 4 307
 2 308
 1 309
 1 310
 1 311
 3 312
 1 313
 4 314
 3 315
 2 316
 3 317
 2 318
 1 319
 3 320
 2 321
 1 322
 2 323
 3 324
 4 325
 2 326
 7 327
 0 328
 2 329
 2 330
 3 331
 2 332
 0 333
 1 334
 4 335
 5 336
 2 337
 4 338
 2 339
 1 340
 5 341
 4 342
 0 343
 2 344
 0 345
 3 346
 2 347
 4 348
 3 349
 4 350
 2 351
 2 352
 0 353
 2 354
 4 355
 3 356
 0 357
 2 358
 1 359
 2 360
 1 361
 4 362
 2 363
 1 364
 4 365
 1 366
 2 367
 3 368
 1 369
 3 370
 2 371
 1 372
 1 373
 1 374
 0 375
 0 376
 0 377
 1 378
 0 379
 0 380
 1 381
 1 382
 0 383
 1 384
 0 385
 0 386
 1 387
 1 388
 1 389
 0 390
 0 391
 0 392
 0 393
 1 394
 0 395
 0 396
 1 397
 2 398
 1 399
 0 400
 0 401
 0 402
 0 403
 0 404
 1 405
 0 406
 0 407
 0 408
 0 409
 0 410
 0 411
 0 412
 0 413
 0 414
 0 415
 0 416
 0 417
 0 418
 1 419
 0 420
 0 421
 0 422
 0 423
 0 424
 0 425
 0 426
 0 427
 0 428
 0 429
 0 430
 0 431
 0 432
 0 433
 0 434
 0 435
 0 436
 0 437
 0 438
 0 439
 0 440
 0 441
 0 442
 0 443
 0 444
 0 445
 0 446
 0 447
 0 448
 0 449
 0 450
 0 451
 0 452
 0 453
 0 454
 0 455
 0 456
 0 457
 0 458
 0 459
 0 460
 0 461
 0 462
 0 463
 0 464
 0 465
 0 466
 0 467
 0 468
 0 469
 0 470
 0 471
 0 472
 0 473
 0 474
 0 475
 0 476
 0 477
 0 478
 0 479
 0 480
 0 481
 0 482
 0 483
 0 484
 0 485
 0 486
 0 487
 0 488
 0 489
 0 490
 0 491
 0 492
 0 493
 0 494
 0 495
 0 496
 0 497
 0 498
 0 499
 0 500
 0 501
 0 502
 0 503
 0 504
 0 505
 0 506
 0 507
 0 508
 0 509
 0 510
 0 511
 0 512
 0 513
 0 514
 0 515
 0 516
 0 517
 0 518
 0 519
 0 520
 0 521
 0 522
 0 523
 0 524
 0 525
 0 526
 0 527
 0 528
 0 529
 0 530
 0 531
 0 532
 0 533
 0 534
 0 535
 0 536
 0 537
 0 538
 0 539
 0 540
 0 541
 0 542
 0 543
 0 544
 0 545
 0 546
 0 547
 0 548
 0 549
 0 550
 0 551
 0 552
 0 553
 0 554
 0 555
 0 556
 0 557
 0 558
 0 559
 0 560
 0 561
 0 562
 0 563
 0 564
 0 565
 0 566
 0 567
 0 568
 0 569
 0 570
 0 571
 0 572
 0 573
 0 574
 0 575
 0 576
 0 577
 0 578
 0 579
 0 580
 0 581
 0 582
 0 583
 0 584
 0 585
 0 586
 0 587
 0 588
 0 589
 0 590
 0 591
 0 592
 0 593
 0 594
 0 595
 0 596
 0 597
 0 598
 0 599
 0 600


