# Created by Octave 3.8.2, Sat Jun 20 05:38:29 2020 CEST <damian@fptrucha.inv.usc.es>
# name: hd
# type: matrix
# rows: 551
# columns: 2
 0 50
 0 51
 0 52
 0 53
 0 54
 0 55
 0 56
 0 57
 0 58
 0 59
 0 60
 0 61
 0 62
 0 63
 0 64
 0 65
 0 66
 0 67
 0 68
 0 69
 0 70
 0 71
 0 72
 0 73
 0 74
 0 75
 0 76
 0 77
 0 78
 0 79
 0 80
 0 81
 0 82
 0 83
 0 84
 0 85
 0 86
 6 87
 5 88
 15 89
 73 90
 136 91
 229 92
 338 93
 445 94
 718 95
 964 96
 1297 97
 1483 98
 1650 99
 1820 100
 1854 101
 1876 102
 1802 103
 1779 104
 1762 105
 1664 106
 1531 107
 1490 108
 1297 109
 1305 110
 1209 111
 1074 112
 1063 113
 919 114
 839 115
 761 116
 662 117
 613 118
 519 119
 518 120
 482 121
 349 122
 400 123
 333 124
 304 125
 276 126
 254 127
 262 128
 210 129
 199 130
 203 131
 173 132
 128 133
 124 134
 139 135
 127 136
 118 137
 118 138
 103 139
 100 140
 88 141
 84 142
 85 143
 74 144
 62 145
 65 146
 46 147
 58 148
 46 149
 51 150
 45 151
 51 152
 44 153
 33 154
 30 155
 37 156
 35 157
 20 158
 33 159
 33 160
 29 161
 25 162
 20 163
 20 164
 13 165
 24 166
 22 167
 18 168
 16 169
 11 170
 10 171
 11 172
 5 173
 12 174
 6 175
 8 176
 9 177
 8 178
 6 179
 10 180
 6 181
 5 182
 6 183
 8 184
 7 185
 4 186
 3 187
 3 188
 1 189
 6 190
 1 191
 0 192
 5 193
 5 194
 5 195
 0 196
 1 197
 5 198
 2 199
 1 200
 1 201
 1 202
 2 203
 2 204
 2 205
 1 206
 1 207
 1 208
 3 209
 0 210
 0 211
 0 212
 1 213
 0 214
 0 215
 0 216
 1 217
 0 218
 0 219
 0 220
 0 221
 0 222
 0 223
 0 224
 0 225
 2 226
 0 227
 0 228
 0 229
 0 230
 0 231
 0 232
 0 233
 0 234
 0 235
 0 236
 0 237
 0 238
 0 239
 1 240
 0 241
 0 242
 0 243
 0 244
 0 245
 0 246
 0 247
 0 248
 0 249
 0 250
 0 251
 0 252
 0 253
 0 254
 0 255
 0 256
 0 257
 0 258
 0 259
 0 260
 0 261
 0 262
 0 263
 0 264
 0 265
 0 266
 0 267
 0 268
 1 269
 0 270
 0 271
 0 272
 0 273
 0 274
 1 275
 0 276
 0 277
 0 278
 0 279
 0 280
 0 281
 0 282
 0 283
 0 284
 0 285
 1 286
 0 287
 2 288
 1 289
 0 290
 0 291
 1 292
 0 293
 0 294
 0 295
 0 296
 0 297
 0 298
 1 299
 3 300
 1 301
 1 302
 1 303
 2 304
 1 305
 1 306
 3 307
 3 308
 1 309
 4 310
 2 311
 3 312
 0 313
 3 314
 3 315
 2 316
 2 317
 3 318
 0 319
 2 320
 3 321
 1 322
 9 323
 1 324
 6 325
 3 326
 1 327
 2 328
 3 329
 2 330
 1 331
 1 332
 1 333
 3 334
 1 335
 0 336
 0 337
 2 338
 4 339
 4 340
 1 341
 3 342
 1 343
 1 344
 3 345
 2 346
 2 347
 2 348
 4 349
 1 350
 0 351
 3 352
 0 353
 1 354
 0 355
 1 356
 2 357
 2 358
 1 359
 0 360
 1 361
 1 362
 0 363
 0 364
 1 365
 1 366
 1 367
 0 368
 0 369
 2 370
 0 371
 1 372
 2 373
 1 374
 0 375
 0 376
 2 377
 2 378
 1 379
 0 380
 0 381
 0 382
 0 383
 2 384
 0 385
 1 386
 1 387
 0 388
 0 389
 0 390
 0 391
 0 392
 1 393
 0 394
 0 395
 0 396
 1 397
 0 398
 0 399
 1 400
 0 401
 0 402
 0 403
 0 404
 0 405
 1 406
 0 407
 1 408
 0 409
 0 410
 0 411
 0 412
 0 413
 0 414
 1 415
 0 416
 0 417
 0 418
 0 419
 0 420
 0 421
 0 422
 0 423
 0 424
 0 425
 0 426
 0 427
 0 428
 0 429
 0 430
 0 431
 0 432
 0 433
 0 434
 0 435
 0 436
 0 437
 0 438
 0 439
 0 440
 0 441
 0 442
 0 443
 0 444
 0 445
 0 446
 0 447
 0 448
 0 449
 0 450
 0 451
 0 452
 0 453
 0 454
 0 455
 0 456
 0 457
 0 458
 0 459
 0 460
 0 461
 0 462
 0 463
 0 464
 0 465
 0 466
 0 467
 0 468
 0 469
 0 470
 0 471
 0 472
 0 473
 0 474
 0 475
 0 476
 0 477
 0 478
 0 479
 0 480
 0 481
 0 482
 0 483
 0 484
 0 485
 0 486
 0 487
 0 488
 0 489
 0 490
 0 491
 0 492
 0 493
 0 494
 0 495
 0 496
 0 497
 0 498
 0 499
 0 500
 0 501
 0 502
 0 503
 0 504
 0 505
 0 506
 0 507
 0 508
 0 509
 0 510
 0 511
 0 512
 0 513
 0 514
 0 515
 0 516
 0 517
 0 518
 0 519
 0 520
 0 521
 0 522
 0 523
 0 524
 0 525
 0 526
 0 527
 0 528
 0 529
 0 530
 0 531
 0 532
 0 533
 0 534
 0 535
 0 536
 0 537
 0 538
 0 539
 0 540
 0 541
 0 542
 0 543
 0 544
 0 545
 0 546
 0 547
 0 548
 0 549
 0 550
 0 551
 0 552
 0 553
 0 554
 0 555
 0 556
 0 557
 0 558
 0 559
 0 560
 0 561
 0 562
 0 563
 0 564
 0 565
 0 566
 0 567
 0 568
 0 569
 0 570
 0 571
 0 572
 0 573
 0 574
 0 575
 0 576
 0 577
 0 578
 0 579
 0 580
 0 581
 0 582
 0 583
 0 584
 0 585
 0 586
 0 587
 0 588
 0 589
 0 590
 0 591
 0 592
 0 593
 0 594
 0 595
 0 596
 0 597
 0 598
 0 599
 0 600


