# Created by Octave 3.8.2, Mon Jun 22 03:34:55 2020 CEST <damian@fptrucha.inv.usc.es>
# name: hd
# type: matrix
# rows: 551
# columns: 2
 0 50
 0 51
 0 52
 0 53
 0 54
 0 55
 0 56
 0 57
 0 58
 0 59
 0 60
 0 61
 0 62
 0 63
 0 64
 0 65
 0 66
 0 67
 0 68
 0 69
 0 70
 0 71
 0 72
 0 73
 0 74
 0 75
 0 76
 0 77
 0 78
 0 79
 0 80
 0 81
 0 82
 0 83
 0 84
 0 85
 0 86
 2 87
 2 88
 10 89
 30 90
 110 91
 173 92
 306 93
 354 94
 439 95
 686 96
 1062 97
 1351 98
 1466 99
 1499 100
 1619 101
 1701 102
 1604 103
 1610 104
 1552 105
 1442 106
 1342 107
 1273 108
 1096 109
 1063 110
 969 111
 862 112
 818 113
 726 114
 630 115
 533 116
 502 117
 457 118
 419 119
 391 120
 340 121
 290 122
 280 123
 243 124
 221 125
 188 126
 189 127
 169 128
 141 129
 153 130
 118 131
 121 132
 118 133
 119 134
 96 135
 109 136
 113 137
 79 138
 93 139
 83 140
 70 141
 61 142
 66 143
 54 144
 55 145
 53 146
 60 147
 58 148
 44 149
 29 150
 52 151
 53 152
 35 153
 24 154
 23 155
 32 156
 26 157
 21 158
 22 159
 25 160
 12 161
 23 162
 13 163
 13 164
 16 165
 15 166
 12 167
 15 168
 16 169
 13 170
 18 171
 9 172
 10 173
 6 174
 11 175
 10 176
 9 177
 11 178
 9 179
 11 180
 8 181
 7 182
 5 183
 5 184
 4 185
 5 186
 4 187
 1 188
 3 189
 2 190
 3 191
 5 192
 4 193
 2 194
 3 195
 5 196
 3 197
 1 198
 0 199
 1 200
 1 201
 1 202
 1 203
 0 204
 1 205
 4 206
 3 207
 2 208
 1 209
 0 210
 0 211
 2 212
 0 213
 1 214
 0 215
 1 216
 0 217
 1 218
 0 219
 0 220
 0 221
 0 222
 0 223
 0 224
 0 225
 0 226
 1 227
 0 228
 0 229
 1 230
 0 231
 0 232
 0 233
 0 234
 0 235
 0 236
 0 237
 0 238
 0 239
 0 240
 0 241
 0 242
 0 243
 0 244
 0 245
 0 246
 0 247
 0 248
 0 249
 0 250
 0 251
 0 252
 0 253
 0 254
 0 255
 0 256
 0 257
 0 258
 0 259
 0 260
 0 261
 0 262
 0 263
 0 264
 0 265
 0 266
 0 267
 0 268
 0 269
 0 270
 0 271
 0 272
 0 273
 0 274
 0 275
 0 276
 0 277
 0 278
 0 279
 0 280
 0 281
 0 282
 1 283
 0 284
 1 285
 1 286
 1 287
 1 288
 0 289
 0 290
 0 291
 0 292
 1 293
 0 294
 0 295
 1 296
 1 297
 4 298
 2 299
 0 300
 4 301
 1 302
 2 303
 1 304
 2 305
 1 306
 0 307
 0 308
 1 309
 1 310
 2 311
 1 312
 1 313
 0 314
 2 315
 2 316
 4 317
 5 318
 1 319
 3 320
 2 321
 6 322
 3 323
 4 324
 4 325
 1 326
 3 327
 4 328
 1 329
 1 330
 1 331
 2 332
 6 333
 4 334
 4 335
 1 336
 1 337
 3 338
 5 339
 0 340
 4 341
 0 342
 5 343
 1 344
 3 345
 3 346
 3 347
 4 348
 1 349
 1 350
 1 351
 3 352
 1 353
 3 354
 2 355
 2 356
 3 357
 1 358
 1 359
 1 360
 1 361
 1 362
 1 363
 1 364
 1 365
 1 366
 1 367
 2 368
 1 369
 0 370
 0 371
 0 372
 0 373
 0 374
 1 375
 3 376
 1 377
 2 378
 0 379
 0 380
 1 381
 0 382
 0 383
 0 384
 0 385
 1 386
 1 387
 0 388
 1 389
 0 390
 0 391
 0 392
 1 393
 0 394
 0 395
 0 396
 0 397
 0 398
 0 399
 0 400
 1 401
 1 402
 2 403
 1 404
 1 405
 0 406
 0 407
 0 408
 1 409
 0 410
 0 411
 0 412
 0 413
 0 414
 0 415
 0 416
 0 417
 0 418
 0 419
 1 420
 0 421
 0 422
 0 423
 0 424
 0 425
 0 426
 0 427
 0 428
 0 429
 0 430
 0 431
 0 432
 0 433
 0 434
 0 435
 0 436
 0 437
 0 438
 0 439
 0 440
 0 441
 0 442
 0 443
 0 444
 0 445
 0 446
 0 447
 0 448
 0 449
 0 450
 0 451
 0 452
 0 453
 0 454
 0 455
 0 456
 0 457
 0 458
 0 459
 0 460
 0 461
 0 462
 0 463
 0 464
 0 465
 0 466
 0 467
 0 468
 0 469
 0 470
 0 471
 0 472
 0 473
 0 474
 0 475
 0 476
 0 477
 0 478
 0 479
 0 480
 0 481
 0 482
 0 483
 0 484
 0 485
 0 486
 0 487
 0 488
 0 489
 0 490
 0 491
 0 492
 0 493
 0 494
 0 495
 0 496
 0 497
 0 498
 0 499
 0 500
 0 501
 0 502
 0 503
 0 504
 0 505
 0 506
 0 507
 0 508
 0 509
 0 510
 0 511
 0 512
 0 513
 0 514
 0 515
 0 516
 0 517
 0 518
 0 519
 0 520
 0 521
 0 522
 0 523
 0 524
 0 525
 0 526
 0 527
 0 528
 0 529
 0 530
 0 531
 0 532
 0 533
 0 534
 0 535
 0 536
 0 537
 0 538
 0 539
 0 540
 0 541
 0 542
 0 543
 0 544
 0 545
 0 546
 0 547
 0 548
 0 549
 0 550
 0 551
 0 552
 0 553
 0 554
 0 555
 0 556
 0 557
 0 558
 0 559
 0 560
 0 561
 0 562
 0 563
 0 564
 0 565
 0 566
 0 567
 0 568
 0 569
 0 570
 0 571
 0 572
 0 573
 0 574
 0 575
 0 576
 0 577
 0 578
 0 579
 0 580
 0 581
 0 582
 0 583
 0 584
 0 585
 0 586
 0 587
 0 588
 0 589
 0 590
 0 591
 0 592
 0 593
 0 594
 0 595
 0 596
 0 597
 0 598
 0 599
 0 600


