# Created by Octave 3.8.2, Sat Jun 20 10:38:49 2020 CEST <damian@fptrucha.inv.usc.es>
# name: hd
# type: matrix
# rows: 551
# columns: 2
 0 50
 0 51
 0 52
 0 53
 0 54
 0 55
 0 56
 0 57
 0 58
 0 59
 0 60
 0 61
 0 62
 0 63
 0 64
 0 65
 0 66
 0 67
 0 68
 0 69
 0 70
 0 71
 0 72
 0 73
 0 74
 0 75
 0 76
 0 77
 0 78
 0 79
 0 80
 0 81
 0 82
 0 83
 0 84
 0 85
 0 86
 1 87
 4 88
 16 89
 98 90
 146 91
 246 92
 344 93
 425 94
 664 95
 973 96
 1343 97
 1509 98
 1723 99
 1799 100
 1910 101
 1861 102
 1846 103
 1771 104
 1733 105
 1624 106
 1523 107
 1420 108
 1334 109
 1356 110
 1138 111
 1095 112
 1015 113
 918 114
 793 115
 697 116
 722 117
 612 118
 553 119
 476 120
 440 121
 394 122
 368 123
 325 124
 290 125
 270 126
 256 127
 219 128
 202 129
 168 130
 173 131
 156 132
 129 133
 153 134
 140 135
 130 136
 106 137
 99 138
 84 139
 84 140
 83 141
 84 142
 61 143
 81 144
 53 145
 50 146
 65 147
 58 148
 42 149
 40 150
 48 151
 43 152
 39 153
 33 154
 40 155
 29 156
 42 157
 30 158
 33 159
 27 160
 21 161
 19 162
 28 163
 12 164
 15 165
 16 166
 23 167
 11 168
 18 169
 14 170
 11 171
 12 172
 13 173
 9 174
 8 175
 4 176
 5 177
 6 178
 2 179
 7 180
 8 181
 4 182
 6 183
 3 184
 4 185
 9 186
 6 187
 2 188
 7 189
 1 190
 2 191
 3 192
 3 193
 2 194
 2 195
 2 196
 1 197
 2 198
 3 199
 1 200
 1 201
 1 202
 0 203
 2 204
 3 205
 1 206
 2 207
 0 208
 1 209
 1 210
 0 211
 0 212
 1 213
 0 214
 0 215
 0 216
 0 217
 1 218
 0 219
 0 220
 0 221
 1 222
 0 223
 0 224
 1 225
 0 226
 0 227
 0 228
 0 229
 1 230
 0 231
 0 232
 0 233
 0 234
 0 235
 0 236
 0 237
 0 238
 0 239
 0 240
 0 241
 0 242
 0 243
 0 244
 0 245
 0 246
 0 247
 0 248
 0 249
 0 250
 0 251
 0 252
 0 253
 0 254
 0 255
 0 256
 0 257
 0 258
 0 259
 0 260
 0 261
 0 262
 0 263
 0 264
 0 265
 0 266
 0 267
 0 268
 0 269
 0 270
 0 271
 0 272
 0 273
 0 274
 0 275
 0 276
 0 277
 0 278
 1 279
 0 280
 0 281
 1 282
 0 283
 0 284
 1 285
 0 286
 0 287
 2 288
 0 289
 0 290
 0 291
 1 292
 0 293
 0 294
 0 295
 0 296
 0 297
 1 298
 1 299
 0 300
 1 301
 2 302
 0 303
 0 304
 1 305
 3 306
 1 307
 1 308
 1 309
 2 310
 1 311
 3 312
 2 313
 2 314
 1 315
 7 316
 4 317
 2 318
 1 319
 2 320
 1 321
 4 322
 0 323
 3 324
 0 325
 7 326
 0 327
 2 328
 1 329
 0 330
 3 331
 4 332
 3 333
 3 334
 0 335
 2 336
 0 337
 2 338
 1 339
 0 340
 5 341
 3 342
 3 343
 1 344
 1 345
 3 346
 4 347
 2 348
 2 349
 0 350
 4 351
 4 352
 0 353
 2 354
 1 355
 2 356
 1 357
 0 358
 1 359
 1 360
 3 361
 2 362
 1 363
 0 364
 0 365
 1 366
 3 367
 2 368
 1 369
 0 370
 1 371
 1 372
 1 373
 0 374
 0 375
 2 376
 0 377
 0 378
 0 379
 0 380
 0 381
 0 382
 1 383
 0 384
 0 385
 3 386
 0 387
 1 388
 0 389
 2 390
 1 391
 0 392
 0 393
 0 394
 1 395
 0 396
 0 397
 0 398
 0 399
 0 400
 0 401
 0 402
 0 403
 0 404
 0 405
 1 406
 1 407
 0 408
 0 409
 0 410
 0 411
 0 412
 0 413
 0 414
 0 415
 0 416
 0 417
 0 418
 0 419
 0 420
 0 421
 0 422
 0 423
 0 424
 0 425
 0 426
 0 427
 0 428
 0 429
 0 430
 0 431
 0 432
 0 433
 0 434
 0 435
 0 436
 0 437
 0 438
 0 439
 0 440
 0 441
 0 442
 0 443
 0 444
 0 445
 0 446
 0 447
 0 448
 0 449
 0 450
 0 451
 0 452
 0 453
 0 454
 0 455
 0 456
 0 457
 0 458
 0 459
 0 460
 0 461
 0 462
 0 463
 0 464
 0 465
 0 466
 0 467
 0 468
 0 469
 0 470
 0 471
 0 472
 0 473
 0 474
 0 475
 0 476
 0 477
 0 478
 0 479
 0 480
 0 481
 0 482
 0 483
 0 484
 0 485
 0 486
 0 487
 0 488
 0 489
 0 490
 0 491
 0 492
 0 493
 0 494
 0 495
 0 496
 0 497
 0 498
 0 499
 0 500
 0 501
 0 502
 0 503
 0 504
 0 505
 0 506
 0 507
 0 508
 0 509
 0 510
 0 511
 0 512
 0 513
 0 514
 0 515
 0 516
 0 517
 0 518
 0 519
 0 520
 0 521
 0 522
 0 523
 0 524
 0 525
 0 526
 0 527
 0 528
 0 529
 0 530
 0 531
 0 532
 0 533
 0 534
 0 535
 0 536
 0 537
 0 538
 0 539
 0 540
 0 541
 0 542
 0 543
 0 544
 0 545
 0 546
 0 547
 0 548
 0 549
 0 550
 0 551
 0 552
 0 553
 0 554
 0 555
 0 556
 0 557
 0 558
 0 559
 0 560
 0 561
 0 562
 0 563
 0 564
 0 565
 0 566
 0 567
 0 568
 0 569
 0 570
 0 571
 0 572
 0 573
 0 574
 0 575
 0 576
 0 577
 0 578
 0 579
 0 580
 0 581
 0 582
 0 583
 0 584
 0 585
 0 586
 0 587
 0 588
 0 589
 0 590
 0 591
 0 592
 0 593
 0 594
 0 595
 0 596
 0 597
 0 598
 0 599
 0 600


