# Created by Octave 3.8.2, Sat Jun 20 09:37:25 2020 CEST <damian@fptrucha.inv.usc.es>
# name: hd
# type: matrix
# rows: 551
# columns: 2
 0 50
 0 51
 0 52
 0 53
 0 54
 0 55
 0 56
 0 57
 0 58
 0 59
 0 60
 0 61
 0 62
 0 63
 0 64
 0 65
 0 66
 0 67
 0 68
 0 69
 0 70
 0 71
 0 72
 0 73
 0 74
 0 75
 0 76
 0 77
 0 78
 0 79
 0 80
 0 81
 0 82
 0 83
 0 84
 0 85
 0 86
 5 87
 3 88
 27 89
 81 90
 131 91
 276 92
 347 93
 480 94
 688 95
 1012 96
 1454 97
 1584 98
 1777 99
 1885 100
 1877 101
 1915 102
 1872 103
 1883 104
 1871 105
 1639 106
 1536 107
 1457 108
 1388 109
 1317 110
 1158 111
 1068 112
 1017 113
 927 114
 827 115
 745 116
 656 117
 614 118
 564 119
 501 120
 452 121
 431 122
 346 123
 321 124
 291 125
 269 126
 234 127
 224 128
 198 129
 163 130
 144 131
 135 132
 150 133
 139 134
 135 135
 112 136
 107 137
 94 138
 88 139
 89 140
 67 141
 91 142
 69 143
 75 144
 75 145
 57 146
 59 147
 63 148
 59 149
 50 150
 38 151
 39 152
 35 153
 37 154
 35 155
 41 156
 46 157
 30 158
 19 159
 22 160
 29 161
 23 162
 19 163
 18 164
 20 165
 21 166
 11 167
 11 168
 8 169
 10 170
 9 171
 12 172
 12 173
 7 174
 4 175
 4 176
 5 177
 4 178
 3 179
 3 180
 8 181
 9 182
 3 183
 3 184
 4 185
 6 186
 5 187
 1 188
 5 189
 2 190
 5 191
 0 192
 2 193
 2 194
 0 195
 3 196
 2 197
 2 198
 1 199
 0 200
 2 201
 0 202
 1 203
 0 204
 1 205
 1 206
 1 207
 2 208
 0 209
 0 210
 0 211
 0 212
 0 213
 2 214
 1 215
 0 216
 1 217
 0 218
 0 219
 0 220
 0 221
 0 222
 0 223
 0 224
 0 225
 0 226
 0 227
 0 228
 0 229
 0 230
 0 231
 0 232
 0 233
 0 234
 0 235
 0 236
 0 237
 0 238
 0 239
 0 240
 0 241
 0 242
 0 243
 0 244
 0 245
 0 246
 0 247
 0 248
 0 249
 0 250
 0 251
 0 252
 0 253
 0 254
 0 255
 0 256
 0 257
 0 258
 0 259
 0 260
 0 261
 0 262
 0 263
 0 264
 0 265
 0 266
 0 267
 0 268
 0 269
 0 270
 0 271
 0 272
 0 273
 0 274
 0 275
 0 276
 0 277
 0 278
 0 279
 0 280
 0 281
 0 282
 0 283
 0 284
 1 285
 0 286
 1 287
 0 288
 0 289
 0 290
 0 291
 0 292
 0 293
 0 294
 1 295
 0 296
 0 297
 2 298
 0 299
 0 300
 0 301
 1 302
 2 303
 1 304
 2 305
 1 306
 0 307
 1 308
 1 309
 0 310
 3 311
 1 312
 3 313
 0 314
 1 315
 2 316
 1 317
 0 318
 1 319
 0 320
 1 321
 2 322
 1 323
 4 324
 3 325
 1 326
 2 327
 3 328
 3 329
 0 330
 6 331
 0 332
 0 333
 3 334
 0 335
 2 336
 1 337
 3 338
 1 339
 6 340
 1 341
 0 342
 2 343
 0 344
 2 345
 0 346
 3 347
 3 348
 1 349
 3 350
 0 351
 2 352
 0 353
 0 354
 2 355
 2 356
 2 357
 5 358
 1 359
 0 360
 4 361
 1 362
 1 363
 0 364
 1 365
 1 366
 1 367
 2 368
 2 369
 0 370
 1 371
 2 372
 0 373
 0 374
 3 375
 0 376
 1 377
 1 378
 1 379
 0 380
 0 381
 2 382
 1 383
 1 384
 0 385
 0 386
 0 387
 3 388
 0 389
 1 390
 0 391
 0 392
 0 393
 1 394
 0 395
 0 396
 0 397
 0 398
 0 399
 0 400
 0 401
 0 402
 1 403
 0 404
 0 405
 0 406
 0 407
 0 408
 0 409
 0 410
 0 411
 0 412
 0 413
 0 414
 0 415
 0 416
 0 417
 0 418
 0 419
 0 420
 0 421
 0 422
 0 423
 0 424
 0 425
 0 426
 0 427
 0 428
 0 429
 0 430
 0 431
 0 432
 0 433
 0 434
 0 435
 0 436
 0 437
 0 438
 0 439
 0 440
 0 441
 0 442
 0 443
 0 444
 0 445
 0 446
 0 447
 0 448
 0 449
 0 450
 0 451
 0 452
 0 453
 0 454
 0 455
 0 456
 0 457
 0 458
 0 459
 0 460
 0 461
 0 462
 0 463
 0 464
 0 465
 0 466
 0 467
 0 468
 0 469
 0 470
 0 471
 0 472
 0 473
 0 474
 0 475
 0 476
 0 477
 0 478
 0 479
 0 480
 0 481
 0 482
 0 483
 0 484
 0 485
 0 486
 0 487
 0 488
 0 489
 0 490
 0 491
 0 492
 0 493
 0 494
 0 495
 0 496
 0 497
 0 498
 0 499
 0 500
 0 501
 0 502
 0 503
 0 504
 0 505
 0 506
 0 507
 0 508
 0 509
 0 510
 0 511
 0 512
 0 513
 0 514
 0 515
 0 516
 0 517
 0 518
 0 519
 0 520
 0 521
 0 522
 0 523
 0 524
 0 525
 0 526
 0 527
 0 528
 0 529
 0 530
 0 531
 0 532
 0 533
 0 534
 0 535
 0 536
 0 537
 0 538
 0 539
 0 540
 0 541
 0 542
 0 543
 0 544
 0 545
 0 546
 0 547
 0 548
 0 549
 0 550
 0 551
 0 552
 0 553
 0 554
 0 555
 0 556
 0 557
 0 558
 0 559
 0 560
 0 561
 0 562
 0 563
 0 564
 0 565
 0 566
 0 567
 0 568
 0 569
 0 570
 0 571
 0 572
 0 573
 0 574
 0 575
 0 576
 0 577
 0 578
 0 579
 0 580
 0 581
 0 582
 0 583
 0 584
 0 585
 0 586
 0 587
 0 588
 0 589
 0 590
 0 591
 0 592
 0 593
 0 594
 0 595
 0 596
 0 597
 0 598
 0 599
 0 600


