# Created by Octave 3.8.2, Mon Jun 22 07:20:18 2020 CEST <damian@fptrucha.inv.usc.es>
# name: hd
# type: matrix
# rows: 551
# columns: 2
 0 50
 0 51
 0 52
 0 53
 0 54
 0 55
 0 56
 0 57
 0 58
 0 59
 0 60
 0 61
 0 62
 0 63
 0 64
 0 65
 0 66
 0 67
 0 68
 0 69
 0 70
 0 71
 0 72
 0 73
 0 74
 0 75
 0 76
 0 77
 0 78
 0 79
 0 80
 0 81
 0 82
 0 83
 0 84
 0 85
 0 86
 0 87
 1 88
 8 89
 24 90
 90 91
 161 92
 275 93
 361 94
 528 95
 733 96
 1018 97
 1357 98
 1535 99
 1567 100
 1710 101
 1685 102
 1714 103
 1673 104
 1618 105
 1441 106
 1349 107
 1326 108
 1199 109
 1053 110
 998 111
 846 112
 848 113
 721 114
 642 115
 551 116
 581 117
 459 118
 427 119
 383 120
 366 121
 300 122
 304 123
 243 124
 220 125
 189 126
 181 127
 149 128
 148 129
 159 130
 151 131
 147 132
 118 133
 103 134
 109 135
 82 136
 75 137
 87 138
 76 139
 77 140
 74 141
 76 142
 72 143
 73 144
 54 145
 36 146
 48 147
 57 148
 40 149
 44 150
 34 151
 41 152
 33 153
 30 154
 32 155
 33 156
 30 157
 34 158
 28 159
 27 160
 19 161
 21 162
 19 163
 18 164
 22 165
 10 166
 14 167
 18 168
 13 169
 9 170
 10 171
 7 172
 6 173
 7 174
 9 175
 11 176
 7 177
 7 178
 8 179
 7 180
 5 181
 4 182
 6 183
 9 184
 8 185
 5 186
 2 187
 1 188
 7 189
 5 190
 5 191
 2 192
 2 193
 4 194
 1 195
 1 196
 5 197
 4 198
 0 199
 2 200
 0 201
 1 202
 0 203
 0 204
 2 205
 0 206
 2 207
 0 208
 1 209
 0 210
 1 211
 1 212
 0 213
 0 214
 1 215
 0 216
 1 217
 0 218
 0 219
 0 220
 0 221
 0 222
 0 223
 0 224
 0 225
 1 226
 0 227
 0 228
 0 229
 0 230
 0 231
 0 232
 0 233
 0 234
 0 235
 0 236
 0 237
 0 238
 0 239
 0 240
 0 241
 0 242
 0 243
 0 244
 0 245
 0 246
 0 247
 0 248
 0 249
 0 250
 0 251
 0 252
 0 253
 0 254
 0 255
 0 256
 0 257
 0 258
 0 259
 0 260
 0 261
 0 262
 0 263
 0 264
 0 265
 0 266
 0 267
 0 268
 0 269
 0 270
 0 271
 0 272
 0 273
 0 274
 1 275
 0 276
 0 277
 0 278
 0 279
 1 280
 0 281
 1 282
 3 283
 1 284
 1 285
 1 286
 2 287
 0 288
 0 289
 1 290
 1 291
 0 292
 1 293
 0 294
 0 295
 1 296
 1 297
 2 298
 1 299
 2 300
 1 301
 1 302
 1 303
 1 304
 2 305
 3 306
 4 307
 1 308
 1 309
 2 310
 3 311
 2 312
 1 313
 6 314
 0 315
 2 316
 0 317
 1 318
 1 319
 1 320
 3 321
 4 322
 1 323
 0 324
 2 325
 4 326
 5 327
 3 328
 1 329
 3 330
 2 331
 2 332
 2 333
 3 334
 2 335
 4 336
 5 337
 4 338
 6 339
 2 340
 1 341
 1 342
 4 343
 4 344
 3 345
 4 346
 4 347
 2 348
 3 349
 3 350
 1 351
 3 352
 2 353
 1 354
 3 355
 1 356
 0 357
 2 358
 1 359
 3 360
 0 361
 3 362
 0 363
 1 364
 2 365
 0 366
 0 367
 2 368
 2 369
 0 370
 0 371
 1 372
 3 373
 0 374
 0 375
 1 376
 1 377
 0 378
 0 379
 0 380
 2 381
 1 382
 0 383
 0 384
 0 385
 0 386
 0 387
 1 388
 1 389
 1 390
 0 391
 0 392
 0 393
 0 394
 0 395
 0 396
 0 397
 0 398
 1 399
 0 400
 0 401
 1 402
 0 403
 0 404
 0 405
 0 406
 0 407
 0 408
 0 409
 0 410
 0 411
 0 412
 0 413
 0 414
 0 415
 1 416
 0 417
 0 418
 0 419
 0 420
 0 421
 0 422
 0 423
 0 424
 0 425
 0 426
 0 427
 0 428
 0 429
 0 430
 0 431
 0 432
 0 433
 0 434
 0 435
 0 436
 0 437
 0 438
 0 439
 0 440
 0 441
 0 442
 0 443
 0 444
 0 445
 0 446
 0 447
 0 448
 0 449
 0 450
 0 451
 0 452
 0 453
 0 454
 0 455
 0 456
 0 457
 0 458
 0 459
 0 460
 0 461
 0 462
 0 463
 0 464
 0 465
 0 466
 0 467
 0 468
 0 469
 0 470
 0 471
 0 472
 0 473
 0 474
 0 475
 0 476
 0 477
 0 478
 0 479
 0 480
 0 481
 0 482
 0 483
 0 484
 0 485
 0 486
 0 487
 0 488
 0 489
 0 490
 0 491
 0 492
 0 493
 0 494
 0 495
 0 496
 0 497
 0 498
 0 499
 0 500
 0 501
 0 502
 0 503
 0 504
 0 505
 0 506
 0 507
 0 508
 0 509
 0 510
 0 511
 0 512
 0 513
 0 514
 0 515
 0 516
 0 517
 0 518
 0 519
 0 520
 0 521
 0 522
 0 523
 0 524
 0 525
 0 526
 0 527
 0 528
 0 529
 0 530
 0 531
 0 532
 0 533
 0 534
 0 535
 0 536
 0 537
 0 538
 0 539
 0 540
 0 541
 0 542
 0 543
 0 544
 0 545
 0 546
 0 547
 0 548
 0 549
 0 550
 0 551
 0 552
 0 553
 0 554
 0 555
 0 556
 0 557
 0 558
 0 559
 0 560
 0 561
 0 562
 0 563
 0 564
 0 565
 0 566
 0 567
 0 568
 0 569
 0 570
 0 571
 0 572
 0 573
 0 574
 0 575
 0 576
 0 577
 0 578
 0 579
 0 580
 0 581
 0 582
 0 583
 0 584
 0 585
 0 586
 0 587
 0 588
 0 589
 0 590
 0 591
 0 592
 0 593
 0 594
 0 595
 0 596
 0 597
 0 598
 0 599
 0 600


