# Created by Octave 3.8.2, Sat Jun 20 13:52:07 2020 CEST <damian@fptrucha.inv.usc.es>
# name: hd
# type: matrix
# rows: 551
# columns: 2
 0 50
 0 51
 0 52
 0 53
 0 54
 0 55
 0 56
 0 57
 0 58
 0 59
 0 60
 0 61
 0 62
 0 63
 0 64
 0 65
 0 66
 0 67
 0 68
 0 69
 0 70
 0 71
 0 72
 0 73
 0 74
 0 75
 0 76
 0 77
 0 78
 0 79
 0 80
 0 81
 0 82
 0 83
 0 84
 0 85
 0 86
 1 87
 8 88
 10 89
 78 90
 140 91
 209 92
 356 93
 428 94
 625 95
 869 96
 1194 97
 1428 98
 1619 99
 1661 100
 1808 101
 1770 102
 1682 103
 1594 104
 1680 105
 1515 106
 1454 107
 1388 108
 1296 109
 1238 110
 1138 111
 1062 112
 991 113
 823 114
 797 115
 703 116
 705 117
 647 118
 515 119
 533 120
 430 121
 393 122
 376 123
 346 124
 300 125
 277 126
 237 127
 233 128
 205 129
 151 130
 181 131
 175 132
 125 133
 130 134
 139 135
 96 136
 120 137
 102 138
 92 139
 74 140
 75 141
 89 142
 58 143
 73 144
 49 145
 75 146
 64 147
 53 148
 65 149
 52 150
 47 151
 35 152
 30 153
 30 154
 34 155
 36 156
 42 157
 25 158
 27 159
 35 160
 35 161
 19 162
 22 163
 22 164
 15 165
 18 166
 12 167
 12 168
 14 169
 12 170
 9 171
 10 172
 8 173
 8 174
 5 175
 9 176
 7 177
 10 178
 4 179
 5 180
 7 181
 7 182
 4 183
 6 184
 4 185
 8 186
 4 187
 6 188
 2 189
 3 190
 1 191
 3 192
 2 193
 2 194
 4 195
 2 196
 2 197
 3 198
 2 199
 0 200
 1 201
 4 202
 2 203
 0 204
 1 205
 0 206
 0 207
 0 208
 1 209
 1 210
 0 211
 0 212
 1 213
 1 214
 1 215
 0 216
 0 217
 0 218
 0 219
 0 220
 1 221
 0 222
 0 223
 1 224
 2 225
 0 226
 0 227
 0 228
 0 229
 0 230
 0 231
 0 232
 0 233
 0 234
 0 235
 0 236
 0 237
 0 238
 0 239
 0 240
 0 241
 0 242
 0 243
 0 244
 0 245
 0 246
 0 247
 0 248
 0 249
 0 250
 0 251
 0 252
 0 253
 0 254
 0 255
 0 256
 0 257
 0 258
 0 259
 0 260
 0 261
 0 262
 0 263
 0 264
 0 265
 0 266
 0 267
 0 268
 0 269
 0 270
 1 271
 0 272
 0 273
 0 274
 0 275
 0 276
 0 277
 0 278
 0 279
 0 280
 0 281
 0 282
 0 283
 0 284
 2 285
 0 286
 0 287
 0 288
 2 289
 1 290
 0 291
 0 292
 0 293
 0 294
 2 295
 0 296
 1 297
 1 298
 2 299
 0 300
 1 301
 0 302
 0 303
 3 304
 0 305
 2 306
 0 307
 3 308
 1 309
 4 310
 3 311
 1 312
 1 313
 0 314
 1 315
 2 316
 2 317
 0 318
 0 319
 2 320
 1 321
 2 322
 0 323
 2 324
 1 325
 2 326
 3 327
 0 328
 1 329
 3 330
 1 331
 4 332
 0 333
 2 334
 4 335
 3 336
 3 337
 4 338
 2 339
 1 340
 1 341
 1 342
 1 343
 2 344
 2 345
 1 346
 4 347
 1 348
 3 349
 3 350
 2 351
 1 352
 2 353
 6 354
 3 355
 0 356
 3 357
 0 358
 1 359
 1 360
 3 361
 2 362
 4 363
 2 364
 0 365
 0 366
 0 367
 2 368
 1 369
 2 370
 2 371
 1 372
 0 373
 0 374
 0 375
 2 376
 1 377
 1 378
 3 379
 0 380
 0 381
 0 382
 0 383
 1 384
 1 385
 0 386
 0 387
 0 388
 0 389
 1 390
 0 391
 0 392
 1 393
 0 394
 0 395
 0 396
 0 397
 1 398
 0 399
 1 400
 0 401
 0 402
 0 403
 0 404
 0 405
 0 406
 0 407
 0 408
 1 409
 1 410
 0 411
 0 412
 0 413
 0 414
 0 415
 0 416
 0 417
 0 418
 0 419
 0 420
 1 421
 0 422
 0 423
 0 424
 0 425
 0 426
 0 427
 0 428
 0 429
 0 430
 0 431
 0 432
 0 433
 0 434
 0 435
 0 436
 0 437
 0 438
 0 439
 0 440
 0 441
 0 442
 0 443
 0 444
 0 445
 0 446
 1 447
 0 448
 0 449
 0 450
 0 451
 0 452
 0 453
 0 454
 0 455
 0 456
 0 457
 0 458
 0 459
 0 460
 0 461
 0 462
 0 463
 0 464
 0 465
 0 466
 0 467
 0 468
 0 469
 0 470
 0 471
 0 472
 0 473
 0 474
 0 475
 0 476
 0 477
 0 478
 0 479
 0 480
 0 481
 0 482
 0 483
 0 484
 0 485
 0 486
 0 487
 0 488
 0 489
 0 490
 0 491
 0 492
 0 493
 0 494
 0 495
 0 496
 0 497
 0 498
 0 499
 0 500
 0 501
 0 502
 0 503
 0 504
 0 505
 0 506
 0 507
 0 508
 0 509
 0 510
 0 511
 0 512
 0 513
 0 514
 0 515
 0 516
 0 517
 0 518
 0 519
 0 520
 0 521
 0 522
 0 523
 0 524
 0 525
 0 526
 0 527
 0 528
 0 529
 0 530
 0 531
 0 532
 0 533
 0 534
 0 535
 0 536
 0 537
 0 538
 0 539
 0 540
 0 541
 0 542
 0 543
 0 544
 0 545
 0 546
 0 547
 0 548
 0 549
 0 550
 0 551
 0 552
 0 553
 0 554
 0 555
 0 556
 0 557
 0 558
 0 559
 0 560
 0 561
 0 562
 0 563
 0 564
 0 565
 0 566
 0 567
 0 568
 0 569
 0 570
 0 571
 0 572
 0 573
 0 574
 0 575
 0 576
 0 577
 0 578
 0 579
 0 580
 0 581
 0 582
 0 583
 0 584
 0 585
 0 586
 0 587
 0 588
 0 589
 0 590
 0 591
 0 592
 0 593
 0 594
 0 595
 0 596
 0 597
 0 598
 0 599
 0 600


