# Created by Octave 3.8.2, Sat Jun 20 13:06:11 2020 CEST <damian@fptrucha.inv.usc.es>
# name: hd
# type: matrix
# rows: 551
# columns: 2
 0 50
 0 51
 0 52
 0 53
 0 54
 0 55
 0 56
 0 57
 0 58
 0 59
 0 60
 0 61
 0 62
 0 63
 0 64
 0 65
 0 66
 0 67
 0 68
 0 69
 0 70
 0 71
 0 72
 0 73
 0 74
 0 75
 0 76
 0 77
 0 78
 0 79
 0 80
 0 81
 0 82
 0 83
 0 84
 0 85
 0 86
 1 87
 2 88
 20 89
 64 90
 126 91
 231 92
 325 93
 374 94
 609 95
 896 96
 1243 97
 1409 98
 1486 99
 1703 100
 1736 101
 1798 102
 1819 103
 1721 104
 1654 105
 1580 106
 1441 107
 1447 108
 1313 109
 1297 110
 1138 111
 1059 112
 998 113
 822 114
 784 115
 729 116
 679 117
 568 118
 529 119
 500 120
 412 121
 400 122
 373 123
 353 124
 297 125
 301 126
 244 127
 231 128
 221 129
 207 130
 165 131
 153 132
 148 133
 129 134
 137 135
 110 136
 109 137
 87 138
 88 139
 67 140
 75 141
 63 142
 74 143
 76 144
 63 145
 61 146
 52 147
 58 148
 53 149
 45 150
 41 151
 53 152
 40 153
 38 154
 40 155
 28 156
 32 157
 24 158
 23 159
 24 160
 27 161
 22 162
 19 163
 25 164
 12 165
 21 166
 17 167
 18 168
 10 169
 13 170
 9 171
 10 172
 12 173
 12 174
 10 175
 7 176
 10 177
 12 178
 5 179
 4 180
 7 181
 10 182
 4 183
 3 184
 3 185
 3 186
 3 187
 4 188
 5 189
 4 190
 4 191
 2 192
 0 193
 3 194
 5 195
 2 196
 1 197
 0 198
 1 199
 3 200
 1 201
 0 202
 2 203
 2 204
 1 205
 0 206
 0 207
 1 208
 1 209
 1 210
 0 211
 0 212
 0 213
 1 214
 0 215
 0 216
 0 217
 0 218
 0 219
 0 220
 0 221
 0 222
 0 223
 1 224
 0 225
 0 226
 0 227
 0 228
 0 229
 0 230
 0 231
 0 232
 0 233
 0 234
 0 235
 0 236
 0 237
 0 238
 0 239
 0 240
 0 241
 0 242
 1 243
 0 244
 0 245
 0 246
 0 247
 0 248
 0 249
 0 250
 0 251
 0 252
 0 253
 0 254
 0 255
 0 256
 0 257
 0 258
 0 259
 0 260
 0 261
 0 262
 0 263
 0 264
 0 265
 0 266
 0 267
 0 268
 0 269
 0 270
 0 271
 0 272
 0 273
 0 274
 0 275
 0 276
 0 277
 0 278
 0 279
 0 280
 0 281
 0 282
 0 283
 0 284
 0 285
 0 286
 0 287
 1 288
 0 289
 0 290
 0 291
 1 292
 1 293
 0 294
 1 295
 2 296
 0 297
 0 298
 0 299
 1 300
 0 301
 1 302
 1 303
 1 304
 3 305
 0 306
 1 307
 1 308
 3 309
 1 310
 3 311
 1 312
 2 313
 0 314
 0 315
 2 316
 0 317
 1 318
 1 319
 1 320
 3 321
 2 322
 5 323
 3 324
 3 325
 1 326
 0 327
 3 328
 6 329
 2 330
 2 331
 1 332
 3 333
 3 334
 1 335
 2 336
 2 337
 1 338
 3 339
 1 340
 0 341
 2 342
 1 343
 1 344
 3 345
 2 346
 1 347
 1 348
 4 349
 1 350
 0 351
 2 352
 0 353
 1 354
 1 355
 1 356
 2 357
 2 358
 1 359
 1 360
 2 361
 0 362
 2 363
 2 364
 0 365
 1 366
 1 367
 1 368
 4 369
 1 370
 1 371
 1 372
 3 373
 0 374
 1 375
 3 376
 0 377
 0 378
 0 379
 0 380
 0 381
 0 382
 0 383
 0 384
 1 385
 0 386
 0 387
 0 388
 1 389
 0 390
 0 391
 0 392
 0 393
 0 394
 0 395
 0 396
 0 397
 2 398
 0 399
 0 400
 0 401
 0 402
 2 403
 0 404
 0 405
 1 406
 0 407
 0 408
 0 409
 0 410
 0 411
 0 412
 0 413
 0 414
 0 415
 0 416
 0 417
 0 418
 0 419
 0 420
 1 421
 0 422
 0 423
 0 424
 0 425
 0 426
 0 427
 0 428
 0 429
 0 430
 0 431
 0 432
 0 433
 0 434
 0 435
 0 436
 0 437
 0 438
 0 439
 0 440
 0 441
 0 442
 0 443
 0 444
 0 445
 0 446
 0 447
 0 448
 0 449
 0 450
 0 451
 0 452
 0 453
 0 454
 0 455
 0 456
 0 457
 0 458
 0 459
 0 460
 0 461
 0 462
 0 463
 0 464
 0 465
 0 466
 0 467
 0 468
 0 469
 0 470
 0 471
 0 472
 0 473
 0 474
 0 475
 0 476
 0 477
 0 478
 0 479
 0 480
 0 481
 0 482
 0 483
 0 484
 0 485
 0 486
 0 487
 0 488
 0 489
 0 490
 0 491
 0 492
 0 493
 0 494
 0 495
 0 496
 0 497
 0 498
 0 499
 0 500
 0 501
 0 502
 0 503
 0 504
 0 505
 0 506
 0 507
 0 508
 0 509
 0 510
 0 511
 0 512
 0 513
 0 514
 0 515
 0 516
 0 517
 0 518
 0 519
 0 520
 0 521
 0 522
 0 523
 0 524
 0 525
 0 526
 0 527
 0 528
 0 529
 0 530
 0 531
 0 532
 0 533
 0 534
 0 535
 0 536
 0 537
 0 538
 0 539
 0 540
 0 541
 0 542
 0 543
 0 544
 0 545
 0 546
 0 547
 0 548
 0 549
 0 550
 0 551
 0 552
 0 553
 0 554
 0 555
 0 556
 0 557
 0 558
 0 559
 0 560
 0 561
 0 562
 0 563
 0 564
 0 565
 0 566
 0 567
 0 568
 0 569
 0 570
 0 571
 0 572
 0 573
 0 574
 0 575
 0 576
 0 577
 0 578
 0 579
 0 580
 0 581
 0 582
 0 583
 0 584
 0 585
 0 586
 0 587
 0 588
 0 589
 0 590
 0 591
 0 592
 0 593
 0 594
 0 595
 0 596
 0 597
 0 598
 0 599
 0 600


