# Created by Octave 3.8.2, Sat Jun 20 08:42:22 2020 CEST <damian@fptrucha.inv.usc.es>
# name: hd
# type: matrix
# rows: 551
# columns: 2
 0 50
 0 51
 0 52
 0 53
 0 54
 0 55
 0 56
 0 57
 0 58
 0 59
 0 60
 0 61
 0 62
 0 63
 0 64
 0 65
 0 66
 0 67
 0 68
 0 69
 0 70
 0 71
 0 72
 0 73
 0 74
 0 75
 0 76
 0 77
 0 78
 0 79
 0 80
 0 81
 0 82
 0 83
 0 84
 0 85
 0 86
 3 87
 9 88
 17 89
 79 90
 143 91
 260 92
 382 93
 481 94
 703 95
 1090 96
 1371 97
 1689 98
 1754 99
 1969 100
 1902 101
 2069 102
 1916 103
 1912 104
 1788 105
 1634 106
 1597 107
 1475 108
 1451 109
 1301 110
 1202 111
 1074 112
 1078 113
 923 114
 825 115
 762 116
 650 117
 582 118
 560 119
 471 120
 464 121
 381 122
 377 123
 324 124
 310 125
 258 126
 219 127
 221 128
 193 129
 197 130
 160 131
 173 132
 163 133
 144 134
 136 135
 110 136
 103 137
 88 138
 99 139
 95 140
 72 141
 81 142
 86 143
 60 144
 59 145
 60 146
 53 147
 64 148
 44 149
 38 150
 44 151
 36 152
 38 153
 41 154
 31 155
 24 156
 35 157
 28 158
 33 159
 21 160
 21 161
 22 162
 13 163
 24 164
 21 165
 22 166
 8 167
 18 168
 10 169
 8 170
 11 171
 14 172
 5 173
 3 174
 9 175
 4 176
 7 177
 6 178
 6 179
 4 180
 4 181
 3 182
 3 183
 5 184
 3 185
 5 186
 0 187
 3 188
 5 189
 2 190
 2 191
 4 192
 0 193
 3 194
 2 195
 0 196
 1 197
 0 198
 2 199
 0 200
 4 201
 0 202
 0 203
 0 204
 0 205
 0 206
 0 207
 0 208
 2 209
 0 210
 0 211
 0 212
 0 213
 0 214
 1 215
 2 216
 0 217
 0 218
 0 219
 0 220
 0 221
 0 222
 0 223
 0 224
 0 225
 0 226
 0 227
 1 228
 1 229
 0 230
 0 231
 0 232
 0 233
 0 234
 0 235
 0 236
 1 237
 0 238
 0 239
 0 240
 0 241
 0 242
 0 243
 0 244
 0 245
 0 246
 0 247
 0 248
 0 249
 0 250
 0 251
 0 252
 0 253
 0 254
 0 255
 0 256
 0 257
 0 258
 0 259
 0 260
 0 261
 0 262
 0 263
 0 264
 0 265
 0 266
 0 267
 0 268
 0 269
 0 270
 0 271
 0 272
 0 273
 0 274
 0 275
 0 276
 0 277
 0 278
 0 279
 0 280
 1 281
 0 282
 0 283
 0 284
 0 285
 0 286
 1 287
 0 288
 0 289
 0 290
 0 291
 0 292
 0 293
 0 294
 0 295
 1 296
 0 297
 0 298
 0 299
 1 300
 1 301
 0 302
 0 303
 0 304
 1 305
 1 306
 0 307
 0 308
 1 309
 2 310
 3 311
 2 312
 1 313
 2 314
 1 315
 2 316
 0 317
 1 318
 5 319
 2 320
 3 321
 2 322
 3 323
 3 324
 2 325
 1 326
 1 327
 2 328
 0 329
 2 330
 1 331
 1 332
 4 333
 2 334
 2 335
 2 336
 5 337
 1 338
 2 339
 3 340
 4 341
 4 342
 2 343
 1 344
 2 345
 4 346
 1 347
 0 348
 2 349
 1 350
 3 351
 1 352
 3 353
 3 354
 0 355
 1 356
 2 357
 3 358
 1 359
 2 360
 3 361
 2 362
 1 363
 1 364
 0 365
 1 366
 1 367
 0 368
 1 369
 1 370
 1 371
 1 372
 1 373
 0 374
 0 375
 0 376
 1 377
 0 378
 0 379
 0 380
 0 381
 0 382
 0 383
 0 384
 0 385
 0 386
 0 387
 0 388
 1 389
 0 390
 1 391
 2 392
 1 393
 0 394
 0 395
 0 396
 0 397
 0 398
 0 399
 0 400
 0 401
 0 402
 0 403
 0 404
 0 405
 0 406
 1 407
 0 408
 0 409
 0 410
 0 411
 1 412
 0 413
 0 414
 0 415
 0 416
 0 417
 0 418
 0 419
 0 420
 0 421
 0 422
 0 423
 0 424
 0 425
 0 426
 0 427
 0 428
 0 429
 0 430
 0 431
 0 432
 0 433
 0 434
 0 435
 0 436
 0 437
 0 438
 0 439
 0 440
 0 441
 0 442
 0 443
 0 444
 0 445
 0 446
 0 447
 0 448
 0 449
 0 450
 0 451
 0 452
 0 453
 0 454
 0 455
 0 456
 0 457
 0 458
 0 459
 0 460
 0 461
 0 462
 0 463
 0 464
 0 465
 0 466
 0 467
 0 468
 0 469
 0 470
 0 471
 0 472
 0 473
 0 474
 0 475
 0 476
 0 477
 0 478
 0 479
 0 480
 0 481
 0 482
 0 483
 0 484
 0 485
 0 486
 0 487
 0 488
 0 489
 0 490
 0 491
 0 492
 0 493
 0 494
 0 495
 0 496
 0 497
 0 498
 0 499
 0 500
 0 501
 0 502
 0 503
 0 504
 0 505
 0 506
 0 507
 0 508
 0 509
 0 510
 0 511
 0 512
 0 513
 0 514
 0 515
 0 516
 0 517
 0 518
 0 519
 0 520
 0 521
 0 522
 0 523
 0 524
 0 525
 0 526
 0 527
 0 528
 0 529
 0 530
 0 531
 0 532
 0 533
 0 534
 0 535
 0 536
 0 537
 0 538
 0 539
 0 540
 0 541
 0 542
 0 543
 0 544
 0 545
 0 546
 0 547
 0 548
 0 549
 0 550
 0 551
 0 552
 0 553
 0 554
 0 555
 0 556
 0 557
 0 558
 0 559
 0 560
 0 561
 0 562
 0 563
 0 564
 0 565
 0 566
 0 567
 0 568
 0 569
 0 570
 0 571
 0 572
 0 573
 0 574
 0 575
 0 576
 0 577
 0 578
 0 579
 0 580
 0 581
 0 582
 0 583
 0 584
 0 585
 0 586
 0 587
 0 588
 0 589
 0 590
 0 591
 0 592
 0 593
 0 594
 0 595
 0 596
 0 597
 0 598
 0 599
 0 600


