# Created by Octave 3.8.2, Sat Jun 20 14:00:29 2020 CEST <damian@fptrucha.inv.usc.es>
# name: hd
# type: matrix
# rows: 551
# columns: 2
 0 50
 0 51
 0 52
 0 53
 0 54
 0 55
 0 56
 0 57
 0 58
 0 59
 0 60
 0 61
 0 62
 0 63
 0 64
 0 65
 0 66
 0 67
 0 68
 0 69
 0 70
 0 71
 0 72
 0 73
 0 74
 0 75
 0 76
 0 77
 0 78
 0 79
 0 80
 0 81
 0 82
 0 83
 0 84
 0 85
 0 86
 2 87
 9 88
 13 89
 77 90
 155 91
 244 92
 268 93
 424 94
 593 95
 890 96
 1168 97
 1328 98
 1563 99
 1701 100
 1737 101
 1760 102
 1724 103
 1663 104
 1648 105
 1516 106
 1442 107
 1318 108
 1326 109
 1232 110
 1148 111
 1035 112
 980 113
 927 114
 810 115
 733 116
 687 117
 568 118
 587 119
 466 120
 453 121
 368 122
 341 123
 316 124
 296 125
 258 126
 266 127
 224 128
 194 129
 203 130
 176 131
 172 132
 162 133
 140 134
 129 135
 139 136
 96 137
 91 138
 88 139
 73 140
 73 141
 85 142
 63 143
 57 144
 76 145
 57 146
 47 147
 52 148
 54 149
 51 150
 52 151
 46 152
 22 153
 31 154
 42 155
 32 156
 33 157
 27 158
 24 159
 19 160
 22 161
 27 162
 23 163
 12 164
 24 165
 18 166
 22 167
 14 168
 6 169
 13 170
 6 171
 10 172
 10 173
 8 174
 10 175
 10 176
 7 177
 3 178
 7 179
 7 180
 4 181
 2 182
 5 183
 2 184
 3 185
 5 186
 6 187
 3 188
 2 189
 1 190
 3 191
 1 192
 2 193
 4 194
 0 195
 1 196
 2 197
 1 198
 1 199
 1 200
 1 201
 1 202
 0 203
 0 204
 2 205
 0 206
 0 207
 0 208
 0 209
 0 210
 0 211
 0 212
 0 213
 0 214
 0 215
 0 216
 0 217
 0 218
 0 219
 0 220
 0 221
 0 222
 0 223
 0 224
 0 225
 1 226
 0 227
 0 228
 1 229
 0 230
 0 231
 0 232
 0 233
 0 234
 0 235
 0 236
 0 237
 0 238
 0 239
 0 240
 0 241
 0 242
 0 243
 0 244
 0 245
 0 246
 0 247
 0 248
 0 249
 0 250
 0 251
 0 252
 0 253
 0 254
 0 255
 0 256
 0 257
 0 258
 0 259
 0 260
 0 261
 0 262
 0 263
 0 264
 0 265
 0 266
 0 267
 0 268
 0 269
 0 270
 0 271
 0 272
 0 273
 0 274
 0 275
 1 276
 0 277
 0 278
 0 279
 0 280
 0 281
 0 282
 0 283
 0 284
 0 285
 0 286
 0 287
 0 288
 0 289
 0 290
 0 291
 2 292
 0 293
 1 294
 0 295
 0 296
 0 297
 2 298
 2 299
 0 300
 0 301
 3 302
 0 303
 2 304
 0 305
 0 306
 1 307
 4 308
 2 309
 0 310
 2 311
 1 312
 1 313
 0 314
 0 315
 3 316
 2 317
 2 318
 1 319
 2 320
 1 321
 3 322
 1 323
 0 324
 3 325
 0 326
 3 327
 1 328
 1 329
 1 330
 3 331
 2 332
 4 333
 1 334
 2 335
 3 336
 3 337
 0 338
 4 339
 1 340
 2 341
 2 342
 3 343
 2 344
 4 345
 1 346
 3 347
 1 348
 2 349
 1 350
 0 351
 1 352
 2 353
 0 354
 0 355
 1 356
 1 357
 3 358
 2 359
 0 360
 1 361
 0 362
 1 363
 0 364
 0 365
 1 366
 2 367
 0 368
 1 369
 2 370
 2 371
 1 372
 1 373
 0 374
 0 375
 0 376
 0 377
 1 378
 1 379
 0 380
 2 381
 1 382
 0 383
 0 384
 0 385
 0 386
 0 387
 1 388
 0 389
 0 390
 0 391
 0 392
 1 393
 1 394
 0 395
 0 396
 0 397
 0 398
 1 399
 0 400
 0 401
 0 402
 0 403
 0 404
 0 405
 0 406
 1 407
 0 408
 1 409
 0 410
 0 411
 0 412
 0 413
 0 414
 0 415
 0 416
 0 417
 0 418
 0 419
 0 420
 0 421
 0 422
 0 423
 0 424
 0 425
 0 426
 0 427
 0 428
 0 429
 0 430
 0 431
 0 432
 0 433
 0 434
 0 435
 0 436
 0 437
 0 438
 0 439
 0 440
 0 441
 0 442
 0 443
 0 444
 0 445
 0 446
 0 447
 0 448
 0 449
 0 450
 0 451
 0 452
 0 453
 0 454
 0 455
 0 456
 0 457
 0 458
 0 459
 0 460
 0 461
 0 462
 0 463
 0 464
 0 465
 0 466
 0 467
 0 468
 0 469
 0 470
 0 471
 0 472
 0 473
 0 474
 0 475
 0 476
 0 477
 0 478
 0 479
 0 480
 0 481
 0 482
 0 483
 0 484
 0 485
 0 486
 0 487
 0 488
 0 489
 0 490
 0 491
 0 492
 0 493
 0 494
 0 495
 0 496
 0 497
 0 498
 0 499
 0 500
 0 501
 0 502
 0 503
 0 504
 0 505
 0 506
 0 507
 0 508
 0 509
 0 510
 0 511
 0 512
 0 513
 0 514
 0 515
 0 516
 0 517
 0 518
 0 519
 0 520
 0 521
 0 522
 0 523
 0 524
 0 525
 0 526
 0 527
 0 528
 0 529
 0 530
 0 531
 0 532
 0 533
 0 534
 0 535
 0 536
 0 537
 0 538
 0 539
 0 540
 0 541
 0 542
 0 543
 0 544
 0 545
 0 546
 0 547
 0 548
 0 549
 0 550
 0 551
 0 552
 0 553
 0 554
 0 555
 0 556
 0 557
 0 558
 0 559
 0 560
 0 561
 0 562
 0 563
 0 564
 0 565
 0 566
 0 567
 0 568
 0 569
 0 570
 0 571
 0 572
 0 573
 0 574
 0 575
 0 576
 0 577
 0 578
 0 579
 0 580
 0 581
 0 582
 0 583
 0 584
 0 585
 0 586
 0 587
 0 588
 0 589
 0 590
 0 591
 0 592
 0 593
 0 594
 0 595
 0 596
 0 597
 0 598
 0 599
 0 600


