# Created by Octave 3.8.2, Mon Jun 22 21:37:25 2020 CEST <damian@fptrucha.inv.usc.es>
# name: hd
# type: matrix
# rows: 551
# columns: 2
 0 50
 0 51
 0 52
 0 53
 0 54
 0 55
 0 56
 0 57
 0 58
 0 59
 0 60
 0 61
 0 62
 0 63
 0 64
 0 65
 0 66
 0 67
 0 68
 0 69
 0 70
 0 71
 0 72
 0 73
 0 74
 0 75
 0 76
 0 77
 0 78
 0 79
 0 80
 0 81
 0 82
 0 83
 0 84
 0 85
 0 86
 0 87
 3 88
 14 89
 55 90
 124 91
 246 92
 359 93
 447 94
 616 95
 982 96
 1396 97
 1664 98
 1779 99
 1853 100
 1918 101
 1981 102
 1861 103
 1768 104
 1750 105
 1572 106
 1513 107
 1343 108
 1331 109
 1233 110
 1116 111
 954 112
 894 113
 778 114
 696 115
 632 116
 537 117
 497 118
 435 119
 444 120
 352 121
 301 122
 272 123
 244 124
 223 125
 229 126
 194 127
 196 128
 160 129
 142 130
 129 131
 146 132
 120 133
 104 134
 97 135
 100 136
 107 137
 81 138
 75 139
 78 140
 67 141
 61 142
 85 143
 48 144
 60 145
 60 146
 54 147
 52 148
 50 149
 42 150
 34 151
 30 152
 39 153
 26 154
 38 155
 26 156
 16 157
 22 158
 26 159
 30 160
 24 161
 12 162
 19 163
 18 164
 17 165
 15 166
 15 167
 10 168
 9 169
 13 170
 12 171
 9 172
 17 173
 6 174
 7 175
 3 176
 5 177
 5 178
 7 179
 6 180
 6 181
 3 182
 3 183
 3 184
 3 185
 2 186
 3 187
 2 188
 3 189
 1 190
 5 191
 4 192
 2 193
 1 194
 1 195
 2 196
 2 197
 0 198
 1 199
 1 200
 0 201
 1 202
 0 203
 1 204
 1 205
 0 206
 2 207
 1 208
 2 209
 0 210
 0 211
 0 212
 0 213
 0 214
 1 215
 0 216
 1 217
 0 218
 1 219
 0 220
 1 221
 0 222
 0 223
 0 224
 0 225
 1 226
 0 227
 0 228
 0 229
 0 230
 0 231
 0 232
 0 233
 0 234
 0 235
 0 236
 0 237
 0 238
 0 239
 0 240
 0 241
 0 242
 0 243
 0 244
 1 245
 0 246
 0 247
 0 248
 0 249
 0 250
 0 251
 0 252
 0 253
 0 254
 0 255
 0 256
 0 257
 0 258
 0 259
 0 260
 0 261
 0 262
 0 263
 0 264
 0 265
 0 266
 0 267
 0 268
 0 269
 0 270
 0 271
 0 272
 0 273
 0 274
 0 275
 0 276
 0 277
 0 278
 0 279
 0 280
 0 281
 0 282
 1 283
 0 284
 0 285
 0 286
 0 287
 0 288
 1 289
 2 290
 1 291
 0 292
 1 293
 0 294
 0 295
 0 296
 3 297
 2 298
 0 299
 1 300
 3 301
 1 302
 2 303
 3 304
 3 305
 0 306
 1 307
 1 308
 0 309
 3 310
 1 311
 0 312
 0 313
 2 314
 2 315
 2 316
 1 317
 2 318
 3 319
 2 320
 1 321
 4 322
 2 323
 6 324
 4 325
 1 326
 2 327
 2 328
 1 329
 1 330
 3 331
 1 332
 2 333
 7 334
 4 335
 0 336
 2 337
 2 338
 2 339
 3 340
 2 341
 2 342
 2 343
 1 344
 0 345
 3 346
 1 347
 1 348
 2 349
 2 350
 1 351
 2 352
 1 353
 1 354
 3 355
 3 356
 0 357
 1 358
 3 359
 1 360
 1 361
 1 362
 1 363
 0 364
 0 365
 2 366
 1 367
 2 368
 1 369
 3 370
 1 371
 2 372
 2 373
 0 374
 1 375
 1 376
 0 377
 0 378
 1 379
 0 380
 1 381
 0 382
 1 383
 0 384
 1 385
 2 386
 1 387
 0 388
 0 389
 0 390
 0 391
 1 392
 0 393
 0 394
 0 395
 0 396
 0 397
 1 398
 1 399
 0 400
 0 401
 1 402
 0 403
 0 404
 0 405
 0 406
 0 407
 0 408
 0 409
 0 410
 0 411
 0 412
 0 413
 0 414
 0 415
 0 416
 0 417
 0 418
 0 419
 0 420
 0 421
 0 422
 0 423
 0 424
 1 425
 0 426
 0 427
 0 428
 0 429
 0 430
 0 431
 0 432
 0 433
 0 434
 0 435
 0 436
 0 437
 0 438
 0 439
 0 440
 0 441
 0 442
 0 443
 0 444
 0 445
 0 446
 0 447
 0 448
 0 449
 0 450
 0 451
 0 452
 0 453
 0 454
 0 455
 0 456
 0 457
 0 458
 0 459
 0 460
 0 461
 0 462
 0 463
 0 464
 0 465
 0 466
 0 467
 0 468
 0 469
 0 470
 0 471
 0 472
 0 473
 0 474
 0 475
 0 476
 0 477
 0 478
 0 479
 0 480
 0 481
 0 482
 0 483
 0 484
 0 485
 0 486
 0 487
 0 488
 0 489
 0 490
 0 491
 0 492
 0 493
 0 494
 0 495
 0 496
 0 497
 0 498
 0 499
 0 500
 0 501
 0 502
 0 503
 0 504
 0 505
 0 506
 0 507
 0 508
 0 509
 0 510
 0 511
 0 512
 0 513
 0 514
 0 515
 0 516
 0 517
 0 518
 0 519
 0 520
 0 521
 0 522
 0 523
 0 524
 0 525
 0 526
 0 527
 0 528
 0 529
 0 530
 0 531
 0 532
 0 533
 0 534
 0 535
 0 536
 0 537
 0 538
 0 539
 0 540
 0 541
 0 542
 0 543
 0 544
 0 545
 0 546
 0 547
 0 548
 0 549
 0 550
 0 551
 0 552
 0 553
 0 554
 0 555
 0 556
 0 557
 0 558
 0 559
 0 560
 0 561
 0 562
 0 563
 0 564
 0 565
 0 566
 0 567
 0 568
 0 569
 0 570
 0 571
 0 572
 0 573
 0 574
 0 575
 0 576
 0 577
 0 578
 0 579
 0 580
 0 581
 0 582
 0 583
 0 584
 0 585
 0 586
 0 587
 0 588
 0 589
 0 590
 0 591
 0 592
 0 593
 0 594
 0 595
 0 596
 0 597
 0 598
 0 599
 0 600


