# Created by Octave 3.8.2, Mon Jun 22 08:50:42 2020 CEST <damian@fptrucha.inv.usc.es>
# name: hd
# type: matrix
# rows: 551
# columns: 2
 0 50
 0 51
 0 52
 0 53
 0 54
 0 55
 0 56
 0 57
 0 58
 0 59
 0 60
 0 61
 0 62
 0 63
 0 64
 0 65
 0 66
 0 67
 0 68
 0 69
 0 70
 0 71
 0 72
 0 73
 0 74
 0 75
 0 76
 0 77
 0 78
 0 79
 0 80
 0 81
 0 82
 0 83
 0 84
 0 85
 0 86
 0 87
 2 88
 14 89
 26 90
 100 91
 181 92
 290 93
 351 94
 519 95
 708 96
 1078 97
 1372 98
 1541 99
 1626 100
 1783 101
 1834 102
 1696 103
 1777 104
 1613 105
 1573 106
 1392 107
 1301 108
 1174 109
 1151 110
 1016 111
 893 112
 833 113
 718 114
 676 115
 579 116
 503 117
 479 118
 384 119
 423 120
 321 121
 293 122
 285 123
 258 124
 242 125
 207 126
 180 127
 178 128
 160 129
 155 130
 158 131
 133 132
 102 133
 131 134
 118 135
 91 136
 86 137
 82 138
 75 139
 73 140
 63 141
 78 142
 58 143
 56 144
 62 145
 38 146
 49 147
 42 148
 32 149
 48 150
 46 151
 40 152
 38 153
 30 154
 36 155
 38 156
 22 157
 26 158
 26 159
 26 160
 17 161
 18 162
 23 163
 19 164
 18 165
 17 166
 15 167
 10 168
 14 169
 8 170
 16 171
 9 172
 4 173
 8 174
 13 175
 9 176
 12 177
 7 178
 7 179
 1 180
 6 181
 4 182
 6 183
 3 184
 4 185
 3 186
 3 187
 2 188
 1 189
 5 190
 2 191
 4 192
 2 193
 1 194
 3 195
 3 196
 2 197
 4 198
 1 199
 2 200
 3 201
 1 202
 1 203
 0 204
 0 205
 4 206
 1 207
 2 208
 0 209
 0 210
 0 211
 1 212
 2 213
 1 214
 1 215
 0 216
 0 217
 1 218
 1 219
 0 220
 0 221
 0 222
 0 223
 0 224
 0 225
 0 226
 0 227
 0 228
 1 229
 0 230
 1 231
 0 232
 0 233
 0 234
 0 235
 0 236
 0 237
 0 238
 0 239
 0 240
 0 241
 0 242
 0 243
 0 244
 0 245
 0 246
 0 247
 0 248
 0 249
 0 250
 0 251
 0 252
 0 253
 0 254
 0 255
 0 256
 0 257
 0 258
 0 259
 0 260
 0 261
 0 262
 0 263
 0 264
 0 265
 0 266
 0 267
 0 268
 0 269
 0 270
 0 271
 0 272
 0 273
 0 274
 0 275
 0 276
 1 277
 0 278
 0 279
 0 280
 0 281
 0 282
 0 283
 0 284
 0 285
 0 286
 1 287
 0 288
 0 289
 0 290
 0 291
 1 292
 1 293
 1 294
 0 295
 0 296
 0 297
 0 298
 1 299
 1 300
 1 301
 1 302
 1 303
 1 304
 0 305
 3 306
 1 307
 1 308
 1 309
 2 310
 3 311
 3 312
 1 313
 3 314
 2 315
 1 316
 2 317
 0 318
 4 319
 1 320
 0 321
 0 322
 2 323
 0 324
 2 325
 4 326
 3 327
 1 328
 1 329
 2 330
 1 331
 2 332
 2 333
 2 334
 5 335
 1 336
 2 337
 4 338
 1 339
 1 340
 1 341
 0 342
 0 343
 5 344
 1 345
 4 346
 0 347
 4 348
 2 349
 0 350
 3 351
 1 352
 1 353
 1 354
 0 355
 1 356
 2 357
 1 358
 3 359
 3 360
 2 361
 1 362
 1 363
 1 364
 1 365
 2 366
 1 367
 0 368
 2 369
 1 370
 1 371
 1 372
 1 373
 2 374
 1 375
 0 376
 2 377
 1 378
 0 379
 1 380
 0 381
 2 382
 0 383
 0 384
 1 385
 1 386
 0 387
 0 388
 0 389
 1 390
 0 391
 1 392
 0 393
 0 394
 2 395
 1 396
 0 397
 2 398
 0 399
 1 400
 1 401
 0 402
 0 403
 0 404
 1 405
 0 406
 2 407
 0 408
 0 409
 0 410
 0 411
 0 412
 0 413
 0 414
 0 415
 0 416
 0 417
 0 418
 0 419
 0 420
 0 421
 0 422
 0 423
 0 424
 0 425
 0 426
 0 427
 0 428
 0 429
 0 430
 0 431
 0 432
 0 433
 0 434
 0 435
 0 436
 0 437
 0 438
 0 439
 0 440
 0 441
 0 442
 0 443
 0 444
 0 445
 0 446
 0 447
 1 448
 0 449
 0 450
 0 451
 0 452
 0 453
 0 454
 0 455
 0 456
 0 457
 0 458
 0 459
 0 460
 0 461
 0 462
 0 463
 0 464
 0 465
 0 466
 0 467
 0 468
 0 469
 0 470
 0 471
 0 472
 0 473
 0 474
 0 475
 0 476
 0 477
 0 478
 0 479
 0 480
 0 481
 0 482
 0 483
 0 484
 0 485
 0 486
 0 487
 0 488
 0 489
 0 490
 0 491
 0 492
 0 493
 0 494
 0 495
 0 496
 0 497
 0 498
 0 499
 0 500
 0 501
 0 502
 0 503
 0 504
 0 505
 0 506
 0 507
 0 508
 0 509
 0 510
 0 511
 0 512
 0 513
 0 514
 0 515
 0 516
 0 517
 0 518
 0 519
 0 520
 0 521
 0 522
 0 523
 0 524
 0 525
 0 526
 0 527
 0 528
 0 529
 0 530
 0 531
 0 532
 0 533
 0 534
 0 535
 0 536
 0 537
 0 538
 0 539
 0 540
 0 541
 0 542
 0 543
 0 544
 0 545
 0 546
 0 547
 0 548
 0 549
 0 550
 0 551
 0 552
 0 553
 0 554
 0 555
 0 556
 0 557
 0 558
 0 559
 0 560
 0 561
 0 562
 0 563
 0 564
 0 565
 0 566
 0 567
 0 568
 0 569
 0 570
 0 571
 0 572
 0 573
 0 574
 0 575
 0 576
 0 577
 0 578
 0 579
 0 580
 0 581
 0 582
 0 583
 0 584
 0 585
 0 586
 0 587
 0 588
 0 589
 0 590
 0 591
 0 592
 0 593
 0 594
 0 595
 0 596
 0 597
 0 598
 0 599
 0 600


