# Created by Octave 3.8.2, Sat Jun 20 23:37:49 2020 CEST <damian@fptrucha.inv.usc.es>
# name: hd
# type: matrix
# rows: 551
# columns: 2
 0 50
 0 51
 0 52
 0 53
 0 54
 0 55
 0 56
 0 57
 0 58
 0 59
 0 60
 0 61
 0 62
 0 63
 0 64
 0 65
 0 66
 0 67
 0 68
 0 69
 0 70
 0 71
 0 72
 0 73
 0 74
 0 75
 0 76
 0 77
 0 78
 0 79
 0 80
 0 81
 0 82
 0 83
 0 84
 0 85
 0 86
 4 87
 5 88
 12 89
 75 90
 131 91
 173 92
 283 93
 369 94
 586 95
 801 96
 1154 97
 1341 98
 1326 99
 1545 100
 1599 101
 1657 102
 1552 103
 1601 104
 1496 105
 1416 106
 1386 107
 1327 108
 1253 109
 1206 110
 1032 111
 949 112
 951 113
 798 114
 783 115
 672 116
 644 117
 537 118
 511 119
 496 120
 395 121
 382 122
 344 123
 325 124
 264 125
 231 126
 222 127
 205 128
 182 129
 164 130
 142 131
 145 132
 129 133
 123 134
 109 135
 104 136
 87 137
 96 138
 86 139
 77 140
 88 141
 68 142
 76 143
 62 144
 51 145
 59 146
 52 147
 46 148
 53 149
 51 150
 40 151
 35 152
 40 153
 29 154
 26 155
 25 156
 32 157
 33 158
 18 159
 19 160
 16 161
 19 162
 16 163
 21 164
 15 165
 14 166
 12 167
 7 168
 7 169
 8 170
 8 171
 12 172
 4 173
 13 174
 10 175
 6 176
 1 177
 5 178
 6 179
 6 180
 4 181
 4 182
 8 183
 3 184
 4 185
 1 186
 4 187
 3 188
 2 189
 2 190
 1 191
 2 192
 1 193
 0 194
 2 195
 3 196
 1 197
 4 198
 1 199
 0 200
 0 201
 2 202
 0 203
 0 204
 0 205
 0 206
 0 207
 1 208
 0 209
 1 210
 0 211
 0 212
 2 213
 0 214
 0 215
 0 216
 0 217
 1 218
 0 219
 2 220
 0 221
 0 222
 0 223
 0 224
 0 225
 0 226
 0 227
 0 228
 0 229
 0 230
 1 231
 0 232
 1 233
 0 234
 0 235
 0 236
 0 237
 0 238
 0 239
 0 240
 0 241
 0 242
 0 243
 0 244
 0 245
 0 246
 0 247
 0 248
 0 249
 0 250
 0 251
 0 252
 0 253
 0 254
 0 255
 0 256
 0 257
 0 258
 0 259
 0 260
 0 261
 0 262
 0 263
 0 264
 0 265
 0 266
 0 267
 0 268
 0 269
 0 270
 0 271
 0 272
 0 273
 0 274
 0 275
 0 276
 0 277
 0 278
 0 279
 0 280
 0 281
 0 282
 1 283
 0 284
 0 285
 0 286
 0 287
 0 288
 0 289
 1 290
 0 291
 0 292
 0 293
 0 294
 1 295
 0 296
 0 297
 0 298
 2 299
 0 300
 1 301
 0 302
 2 303
 0 304
 1 305
 2 306
 1 307
 0 308
 2 309
 0 310
 0 311
 1 312
 3 313
 2 314
 0 315
 1 316
 1 317
 0 318
 1 319
 2 320
 5 321
 3 322
 2 323
 0 324
 3 325
 2 326
 0 327
 0 328
 1 329
 2 330
 1 331
 1 332
 1 333
 2 334
 3 335
 1 336
 0 337
 4 338
 1 339
 2 340
 1 341
 1 342
 1 343
 0 344
 0 345
 2 346
 6 347
 1 348
 1 349
 0 350
 0 351
 2 352
 3 353
 2 354
 1 355
 1 356
 1 357
 0 358
 0 359
 1 360
 0 361
 0 362
 2 363
 2 364
 1 365
 1 366
 2 367
 0 368
 2 369
 2 370
 1 371
 2 372
 0 373
 0 374
 0 375
 0 376
 0 377
 0 378
 0 379
 2 380
 0 381
 2 382
 0 383
 0 384
 1 385
 0 386
 1 387
 0 388
 0 389
 2 390
 0 391
 0 392
 2 393
 0 394
 0 395
 0 396
 0 397
 2 398
 1 399
 0 400
 0 401
 0 402
 0 403
 0 404
 0 405
 0 406
 0 407
 0 408
 0 409
 1 410
 0 411
 0 412
 0 413
 0 414
 0 415
 0 416
 0 417
 1 418
 0 419
 0 420
 0 421
 0 422
 0 423
 0 424
 0 425
 0 426
 0 427
 0 428
 0 429
 0 430
 0 431
 0 432
 0 433
 0 434
 0 435
 0 436
 0 437
 0 438
 0 439
 0 440
 0 441
 0 442
 0 443
 0 444
 0 445
 0 446
 0 447
 0 448
 0 449
 0 450
 0 451
 0 452
 0 453
 0 454
 0 455
 0 456
 0 457
 0 458
 0 459
 0 460
 0 461
 0 462
 0 463
 0 464
 0 465
 0 466
 0 467
 0 468
 0 469
 0 470
 0 471
 0 472
 0 473
 0 474
 0 475
 0 476
 0 477
 0 478
 0 479
 0 480
 0 481
 0 482
 0 483
 0 484
 0 485
 0 486
 0 487
 0 488
 0 489
 0 490
 0 491
 0 492
 0 493
 0 494
 0 495
 0 496
 0 497
 0 498
 0 499
 0 500
 0 501
 0 502
 0 503
 0 504
 0 505
 0 506
 0 507
 0 508
 0 509
 0 510
 0 511
 0 512
 0 513
 0 514
 0 515
 0 516
 0 517
 0 518
 0 519
 0 520
 0 521
 0 522
 0 523
 0 524
 0 525
 0 526
 0 527
 0 528
 0 529
 0 530
 0 531
 0 532
 0 533
 0 534
 0 535
 0 536
 0 537
 0 538
 0 539
 0 540
 0 541
 0 542
 0 543
 0 544
 0 545
 0 546
 0 547
 0 548
 0 549
 0 550
 0 551
 0 552
 0 553
 0 554
 0 555
 0 556
 0 557
 0 558
 0 559
 0 560
 0 561
 0 562
 0 563
 0 564
 0 565
 0 566
 0 567
 0 568
 0 569
 0 570
 0 571
 0 572
 0 573
 0 574
 0 575
 0 576
 0 577
 0 578
 0 579
 0 580
 0 581
 0 582
 0 583
 0 584
 0 585
 0 586
 0 587
 0 588
 0 589
 0 590
 0 591
 0 592
 0 593
 0 594
 0 595
 0 596
 0 597
 0 598
 0 599
 0 600


