# Created by Octave 3.8.2, Mon Jun 22 22:56:41 2020 CEST <damian@fptrucha.inv.usc.es>
# name: hd
# type: matrix
# rows: 551
# columns: 2
 0 50
 0 51
 0 52
 0 53
 0 54
 0 55
 0 56
 0 57
 0 58
 0 59
 0 60
 0 61
 0 62
 0 63
 0 64
 0 65
 0 66
 0 67
 0 68
 0 69
 0 70
 0 71
 0 72
 0 73
 0 74
 0 75
 0 76
 0 77
 0 78
 0 79
 0 80
 0 81
 0 82
 0 83
 0 84
 0 85
 0 86
 2 87
 5 88
 19 89
 75 90
 157 91
 237 92
 354 93
 516 94
 649 95
 988 96
 1397 97
 1680 98
 1749 99
 2010 100
 2048 101
 1948 102
 1976 103
 1877 104
 1773 105
 1670 106
 1585 107
 1364 108
 1267 109
 1243 110
 1087 111
 993 112
 927 113
 770 114
 705 115
 624 116
 560 117
 491 118
 445 119
 409 120
 364 121
 299 122
 315 123
 246 124
 236 125
 202 126
 203 127
 181 128
 173 129
 128 130
 110 131
 117 132
 126 133
 106 134
 104 135
 100 136
 104 137
 81 138
 88 139
 71 140
 70 141
 56 142
 64 143
 55 144
 51 145
 40 146
 49 147
 38 148
 40 149
 39 150
 46 151
 53 152
 29 153
 27 154
 29 155
 28 156
 25 157
 29 158
 27 159
 29 160
 25 161
 17 162
 10 163
 12 164
 16 165
 9 166
 18 167
 12 168
 15 169
 9 170
 10 171
 5 172
 10 173
 10 174
 7 175
 4 176
 6 177
 7 178
 4 179
 6 180
 6 181
 2 182
 2 183
 3 184
 4 185
 1 186
 2 187
 8 188
 2 189
 4 190
 0 191
 3 192
 1 193
 1 194
 1 195
 2 196
 1 197
 2 198
 3 199
 2 200
 3 201
 3 202
 1 203
 1 204
 2 205
 1 206
 0 207
 0 208
 1 209
 1 210
 0 211
 1 212
 0 213
 0 214
 0 215
 0 216
 0 217
 2 218
 1 219
 0 220
 0 221
 0 222
 0 223
 0 224
 0 225
 1 226
 0 227
 0 228
 0 229
 0 230
 0 231
 0 232
 0 233
 0 234
 0 235
 0 236
 0 237
 0 238
 0 239
 0 240
 0 241
 0 242
 0 243
 0 244
 0 245
 0 246
 0 247
 0 248
 0 249
 0 250
 0 251
 0 252
 0 253
 0 254
 0 255
 0 256
 0 257
 0 258
 0 259
 0 260
 0 261
 0 262
 0 263
 0 264
 0 265
 0 266
 0 267
 0 268
 0 269
 0 270
 0 271
 0 272
 0 273
 0 274
 0 275
 0 276
 0 277
 0 278
 0 279
 0 280
 0 281
 0 282
 0 283
 0 284
 0 285
 1 286
 0 287
 1 288
 0 289
 0 290
 0 291
 0 292
 1 293
 0 294
 1 295
 0 296
 1 297
 0 298
 1 299
 2 300
 3 301
 2 302
 1 303
 1 304
 1 305
 0 306
 0 307
 0 308
 2 309
 4 310
 5 311
 2 312
 2 313
 1 314
 2 315
 3 316
 4 317
 5 318
 1 319
 3 320
 3 321
 2 322
 0 323
 1 324
 3 325
 3 326
 1 327
 0 328
 3 329
 2 330
 0 331
 1 332
 3 333
 1 334
 2 335
 0 336
 3 337
 3 338
 2 339
 3 340
 2 341
 5 342
 1 343
 4 344
 3 345
 0 346
 2 347
 2 348
 5 349
 1 350
 1 351
 0 352
 0 353
 0 354
 2 355
 1 356
 1 357
 1 358
 2 359
 4 360
 1 361
 1 362
 1 363
 0 364
 1 365
 0 366
 0 367
 2 368
 1 369
 1 370
 0 371
 1 372
 0 373
 0 374
 1 375
 1 376
 0 377
 2 378
 2 379
 1 380
 0 381
 0 382
 1 383
 0 384
 0 385
 0 386
 3 387
 0 388
 0 389
 0 390
 0 391
 0 392
 1 393
 0 394
 1 395
 0 396
 1 397
 0 398
 0 399
 0 400
 0 401
 0 402
 0 403
 0 404
 0 405
 1 406
 0 407
 0 408
 0 409
 0 410
 0 411
 0 412
 0 413
 0 414
 0 415
 0 416
 0 417
 0 418
 0 419
 0 420
 0 421
 0 422
 0 423
 0 424
 0 425
 0 426
 0 427
 0 428
 0 429
 0 430
 0 431
 0 432
 0 433
 0 434
 0 435
 0 436
 0 437
 0 438
 0 439
 0 440
 1 441
 0 442
 0 443
 0 444
 0 445
 0 446
 0 447
 0 448
 0 449
 0 450
 0 451
 0 452
 0 453
 0 454
 0 455
 0 456
 0 457
 0 458
 0 459
 0 460
 0 461
 0 462
 0 463
 0 464
 0 465
 0 466
 0 467
 0 468
 0 469
 0 470
 0 471
 0 472
 0 473
 0 474
 0 475
 0 476
 0 477
 0 478
 0 479
 0 480
 0 481
 0 482
 0 483
 0 484
 0 485
 0 486
 0 487
 0 488
 0 489
 0 490
 0 491
 0 492
 0 493
 0 494
 0 495
 0 496
 0 497
 0 498
 0 499
 0 500
 0 501
 0 502
 0 503
 0 504
 0 505
 0 506
 0 507
 0 508
 0 509
 0 510
 0 511
 0 512
 0 513
 0 514
 0 515
 0 516
 0 517
 0 518
 0 519
 0 520
 0 521
 0 522
 0 523
 0 524
 0 525
 0 526
 0 527
 0 528
 0 529
 0 530
 0 531
 0 532
 0 533
 0 534
 0 535
 0 536
 0 537
 0 538
 0 539
 0 540
 0 541
 0 542
 0 543
 0 544
 0 545
 0 546
 0 547
 0 548
 0 549
 0 550
 0 551
 0 552
 0 553
 0 554
 0 555
 0 556
 0 557
 0 558
 0 559
 0 560
 0 561
 0 562
 0 563
 0 564
 0 565
 0 566
 0 567
 0 568
 0 569
 0 570
 0 571
 0 572
 0 573
 0 574
 0 575
 0 576
 0 577
 0 578
 0 579
 0 580
 0 581
 0 582
 0 583
 0 584
 0 585
 0 586
 0 587
 0 588
 0 589
 0 590
 0 591
 0 592
 0 593
 0 594
 0 595
 0 596
 0 597
 0 598
 0 599
 0 600


