# Created by Octave 3.8.2, Mon Jun 22 19:28:09 2020 CEST <damian@fptrucha.inv.usc.es>
# name: hd
# type: matrix
# rows: 551
# columns: 2
 0 50
 0 51
 0 52
 0 53
 0 54
 0 55
 0 56
 0 57
 0 58
 0 59
 0 60
 0 61
 0 62
 0 63
 0 64
 0 65
 0 66
 0 67
 0 68
 0 69
 0 70
 0 71
 0 72
 0 73
 0 74
 0 75
 0 76
 0 77
 0 78
 0 79
 0 80
 0 81
 0 82
 0 83
 0 84
 0 85
 0 86
 0 87
 1 88
 10 89
 37 90
 116 91
 174 92
 296 93
 376 94
 513 95
 809 96
 1181 97
 1484 98
 1497 99
 1709 100
 1816 101
 1873 102
 1909 103
 1693 104
 1796 105
 1543 106
 1534 107
 1415 108
 1346 109
 1201 110
 1073 111
 1002 112
 890 113
 848 114
 714 115
 695 116
 620 117
 509 118
 446 119
 454 120
 363 121
 373 122
 325 123
 282 124
 284 125
 267 126
 245 127
 180 128
 177 129
 169 130
 167 131
 148 132
 120 133
 129 134
 117 135
 96 136
 105 137
 115 138
 90 139
 85 140
 82 141
 73 142
 77 143
 65 144
 72 145
 70 146
 53 147
 51 148
 52 149
 46 150
 43 151
 44 152
 41 153
 37 154
 37 155
 34 156
 32 157
 25 158
 30 159
 31 160
 23 161
 32 162
 14 163
 25 164
 21 165
 18 166
 13 167
 12 168
 16 169
 14 170
 10 171
 9 172
 5 173
 13 174
 6 175
 13 176
 10 177
 6 178
 8 179
 3 180
 2 181
 5 182
 8 183
 5 184
 7 185
 4 186
 5 187
 3 188
 3 189
 4 190
 3 191
 1 192
 3 193
 3 194
 3 195
 2 196
 3 197
 3 198
 0 199
 2 200
 2 201
 0 202
 2 203
 0 204
 0 205
 3 206
 0 207
 2 208
 1 209
 1 210
 0 211
 0 212
 0 213
 0 214
 0 215
 1 216
 1 217
 0 218
 0 219
 0 220
 0 221
 1 222
 0 223
 0 224
 1 225
 0 226
 0 227
 0 228
 0 229
 0 230
 0 231
 0 232
 0 233
 0 234
 0 235
 0 236
 0 237
 0 238
 0 239
 1 240
 0 241
 0 242
 0 243
 0 244
 0 245
 0 246
 0 247
 0 248
 0 249
 0 250
 0 251
 0 252
 0 253
 0 254
 0 255
 0 256
 0 257
 0 258
 0 259
 0 260
 0 261
 0 262
 0 263
 0 264
 0 265
 0 266
 0 267
 0 268
 0 269
 0 270
 0 271
 0 272
 0 273
 0 274
 0 275
 0 276
 0 277
 0 278
 0 279
 0 280
 0 281
 0 282
 0 283
 0 284
 0 285
 0 286
 0 287
 0 288
 1 289
 0 290
 0 291
 0 292
 0 293
 0 294
 1 295
 1 296
 1 297
 2 298
 0 299
 2 300
 0 301
 2 302
 1 303
 0 304
 2 305
 3 306
 1 307
 1 308
 5 309
 2 310
 3 311
 4 312
 1 313
 2 314
 1 315
 1 316
 2 317
 1 318
 2 319
 2 320
 3 321
 1 322
 5 323
 3 324
 4 325
 2 326
 2 327
 1 328
 3 329
 2 330
 2 331
 2 332
 5 333
 3 334
 3 335
 2 336
 2 337
 5 338
 4 339
 1 340
 2 341
 4 342
 2 343
 0 344
 2 345
 1 346
 2 347
 0 348
 3 349
 0 350
 3 351
 3 352
 2 353
 1 354
 1 355
 1 356
 2 357
 1 358
 3 359
 1 360
 3 361
 1 362
 1 363
 3 364
 1 365
 3 366
 1 367
 0 368
 0 369
 2 370
 1 371
 0 372
 0 373
 0 374
 0 375
 1 376
 2 377
 0 378
 1 379
 1 380
 0 381
 0 382
 1 383
 0 384
 0 385
 0 386
 1 387
 1 388
 2 389
 0 390
 0 391
 0 392
 0 393
 2 394
 1 395
 0 396
 0 397
 0 398
 1 399
 0 400
 1 401
 0 402
 0 403
 0 404
 0 405
 1 406
 0 407
 1 408
 0 409
 0 410
 0 411
 0 412
 0 413
 0 414
 0 415
 0 416
 0 417
 0 418
 0 419
 0 420
 0 421
 0 422
 0 423
 0 424
 0 425
 0 426
 0 427
 0 428
 0 429
 0 430
 0 431
 0 432
 0 433
 0 434
 0 435
 0 436
 0 437
 0 438
 0 439
 0 440
 0 441
 0 442
 0 443
 0 444
 0 445
 0 446
 0 447
 0 448
 0 449
 0 450
 0 451
 0 452
 0 453
 0 454
 0 455
 0 456
 0 457
 0 458
 0 459
 0 460
 0 461
 0 462
 0 463
 0 464
 0 465
 0 466
 0 467
 0 468
 0 469
 0 470
 0 471
 0 472
 0 473
 0 474
 0 475
 0 476
 0 477
 0 478
 0 479
 0 480
 0 481
 0 482
 0 483
 0 484
 0 485
 0 486
 0 487
 0 488
 0 489
 0 490
 0 491
 0 492
 0 493
 0 494
 0 495
 0 496
 0 497
 0 498
 0 499
 0 500
 0 501
 0 502
 0 503
 0 504
 0 505
 0 506
 0 507
 0 508
 0 509
 0 510
 0 511
 0 512
 0 513
 0 514
 0 515
 0 516
 0 517
 0 518
 0 519
 0 520
 0 521
 0 522
 0 523
 0 524
 0 525
 0 526
 0 527
 0 528
 0 529
 0 530
 0 531
 0 532
 0 533
 0 534
 0 535
 0 536
 0 537
 0 538
 0 539
 0 540
 0 541
 0 542
 0 543
 0 544
 0 545
 0 546
 0 547
 0 548
 0 549
 0 550
 0 551
 0 552
 0 553
 0 554
 0 555
 0 556
 0 557
 0 558
 0 559
 0 560
 0 561
 0 562
 0 563
 0 564
 0 565
 0 566
 0 567
 0 568
 0 569
 0 570
 0 571
 0 572
 0 573
 0 574
 0 575
 0 576
 0 577
 0 578
 0 579
 0 580
 0 581
 0 582
 0 583
 0 584
 0 585
 0 586
 0 587
 0 588
 0 589
 0 590
 0 591
 0 592
 0 593
 0 594
 0 595
 0 596
 0 597
 0 598
 0 599
 0 600


