# Created by Octave 3.8.2, Mon Jun 22 13:07:51 2020 CEST <damian@fptrucha.inv.usc.es>
# name: hd
# type: matrix
# rows: 551
# columns: 2
 0 50
 0 51
 0 52
 0 53
 0 54
 0 55
 0 56
 0 57
 0 58
 0 59
 0 60
 0 61
 0 62
 0 63
 0 64
 0 65
 0 66
 0 67
 0 68
 0 69
 0 70
 0 71
 0 72
 0 73
 0 74
 0 75
 0 76
 0 77
 0 78
 0 79
 0 80
 0 81
 0 82
 0 83
 0 84
 0 85
 0 86
 0 87
 3 88
 11 89
 48 90
 127 91
 206 92
 326 93
 366 94
 578 95
 867 96
 1278 97
 1508 98
 1638 99
 1751 100
 1698 101
 1897 102
 1760 103
 1753 104
 1676 105
 1481 106
 1365 107
 1413 108
 1255 109
 1182 110
 1034 111
 977 112
 812 113
 819 114
 730 115
 655 116
 556 117
 479 118
 436 119
 406 120
 356 121
 294 122
 298 123
 252 124
 220 125
 218 126
 171 127
 172 128
 152 129
 166 130
 141 131
 139 132
 145 133
 125 134
 115 135
 116 136
 79 137
 83 138
 66 139
 73 140
 67 141
 73 142
 51 143
 53 144
 52 145
 50 146
 56 147
 57 148
 60 149
 47 150
 38 151
 48 152
 29 153
 27 154
 37 155
 32 156
 31 157
 33 158
 27 159
 23 160
 16 161
 27 162
 21 163
 18 164
 16 165
 14 166
 21 167
 7 168
 12 169
 11 170
 15 171
 12 172
 8 173
 15 174
 13 175
 11 176
 10 177
 7 178
 16 179
 7 180
 4 181
 4 182
 9 183
 7 184
 3 185
 7 186
 3 187
 7 188
 3 189
 6 190
 3 191
 1 192
 1 193
 4 194
 3 195
 2 196
 2 197
 1 198
 1 199
 2 200
 1 201
 1 202
 1 203
 0 204
 2 205
 1 206
 0 207
 0 208
 2 209
 1 210
 1 211
 1 212
 0 213
 0 214
 2 215
 0 216
 0 217
 0 218
 2 219
 0 220
 0 221
 1 222
 0 223
 0 224
 1 225
 0 226
 0 227
 1 228
 0 229
 0 230
 0 231
 0 232
 0 233
 0 234
 0 235
 1 236
 0 237
 0 238
 0 239
 0 240
 0 241
 0 242
 0 243
 0 244
 0 245
 0 246
 0 247
 0 248
 0 249
 0 250
 0 251
 0 252
 0 253
 0 254
 0 255
 0 256
 0 257
 0 258
 0 259
 0 260
 0 261
 0 262
 0 263
 0 264
 0 265
 0 266
 0 267
 0 268
 0 269
 0 270
 0 271
 0 272
 0 273
 0 274
 0 275
 0 276
 0 277
 0 278
 0 279
 0 280
 0 281
 0 282
 0 283
 0 284
 1 285
 1 286
 1 287
 0 288
 1 289
 0 290
 1 291
 0 292
 1 293
 2 294
 1 295
 2 296
 2 297
 3 298
 1 299
 0 300
 1 301
 1 302
 0 303
 1 304
 1 305
 3 306
 3 307
 5 308
 3 309
 2 310
 2 311
 3 312
 3 313
 1 314
 4 315
 0 316
 1 317
 5 318
 2 319
 4 320
 2 321
 3 322
 1 323
 3 324
 2 325
 3 326
 0 327
 2 328
 1 329
 4 330
 2 331
 2 332
 3 333
 1 334
 5 335
 3 336
 5 337
 3 338
 2 339
 1 340
 4 341
 5 342
 5 343
 0 344
 0 345
 0 346
 1 347
 4 348
 0 349
 1 350
 0 351
 0 352
 0 353
 2 354
 1 355
 1 356
 0 357
 1 358
 1 359
 0 360
 0 361
 2 362
 1 363
 2 364
 4 365
 1 366
 1 367
 1 368
 1 369
 3 370
 2 371
 1 372
 1 373
 1 374
 1 375
 0 376
 2 377
 2 378
 2 379
 1 380
 1 381
 0 382
 0 383
 0 384
 0 385
 0 386
 0 387
 0 388
 0 389
 0 390
 1 391
 0 392
 0 393
 2 394
 0 395
 1 396
 0 397
 0 398
 0 399
 0 400
 0 401
 0 402
 0 403
 0 404
 1 405
 0 406
 0 407
 0 408
 0 409
 0 410
 0 411
 0 412
 0 413
 0 414
 0 415
 0 416
 0 417
 0 418
 0 419
 0 420
 0 421
 0 422
 0 423
 0 424
 0 425
 0 426
 0 427
 0 428
 0 429
 0 430
 0 431
 0 432
 0 433
 0 434
 0 435
 0 436
 0 437
 0 438
 0 439
 0 440
 0 441
 0 442
 0 443
 0 444
 0 445
 0 446
 0 447
 0 448
 0 449
 0 450
 0 451
 0 452
 0 453
 0 454
 0 455
 0 456
 0 457
 0 458
 0 459
 0 460
 0 461
 0 462
 0 463
 0 464
 0 465
 0 466
 0 467
 0 468
 0 469
 0 470
 0 471
 0 472
 0 473
 0 474
 0 475
 0 476
 0 477
 0 478
 0 479
 0 480
 0 481
 0 482
 0 483
 0 484
 0 485
 0 486
 0 487
 0 488
 0 489
 0 490
 0 491
 0 492
 0 493
 0 494
 0 495
 0 496
 0 497
 0 498
 0 499
 0 500
 0 501
 0 502
 0 503
 0 504
 0 505
 0 506
 0 507
 0 508
 0 509
 0 510
 0 511
 0 512
 0 513
 0 514
 0 515
 0 516
 0 517
 0 518
 0 519
 0 520
 0 521
 0 522
 0 523
 0 524
 0 525
 0 526
 0 527
 0 528
 0 529
 0 530
 0 531
 0 532
 0 533
 0 534
 0 535
 0 536
 0 537
 0 538
 0 539
 0 540
 0 541
 0 542
 0 543
 0 544
 0 545
 0 546
 0 547
 0 548
 0 549
 0 550
 0 551
 0 552
 0 553
 0 554
 0 555
 0 556
 0 557
 0 558
 0 559
 0 560
 0 561
 0 562
 0 563
 0 564
 0 565
 0 566
 0 567
 0 568
 0 569
 0 570
 0 571
 0 572
 0 573
 0 574
 0 575
 0 576
 0 577
 0 578
 0 579
 0 580
 0 581
 0 582
 0 583
 0 584
 0 585
 0 586
 0 587
 0 588
 0 589
 0 590
 0 591
 0 592
 0 593
 0 594
 0 595
 0 596
 0 597
 0 598
 0 599
 0 600


