# Created by Octave 3.8.2, Mon Jun 22 08:26:39 2020 CEST <damian@fptrucha.inv.usc.es>
# name: hd
# type: matrix
# rows: 551
# columns: 2
 0 50
 0 51
 0 52
 0 53
 0 54
 0 55
 0 56
 0 57
 0 58
 0 59
 0 60
 0 61
 0 62
 0 63
 0 64
 0 65
 0 66
 0 67
 0 68
 0 69
 0 70
 0 71
 0 72
 0 73
 0 74
 0 75
 0 76
 0 77
 0 78
 0 79
 0 80
 0 81
 0 82
 0 83
 0 84
 0 85
 0 86
 0 87
 3 88
 9 89
 24 90
 97 91
 138 92
 301 93
 349 94
 490 95
 673 96
 1095 97
 1430 98
 1533 99
 1690 100
 1751 101
 1702 102
 1706 103
 1713 104
 1610 105
 1495 106
 1394 107
 1308 108
 1262 109
 1146 110
 986 111
 911 112
 867 113
 730 114
 725 115
 552 116
 533 117
 484 118
 424 119
 433 120
 365 121
 326 122
 290 123
 271 124
 260 125
 233 126
 213 127
 211 128
 163 129
 161 130
 134 131
 136 132
 132 133
 104 134
 96 135
 102 136
 100 137
 91 138
 79 139
 67 140
 57 141
 78 142
 63 143
 58 144
 59 145
 44 146
 69 147
 48 148
 39 149
 48 150
 50 151
 24 152
 43 153
 23 154
 33 155
 30 156
 33 157
 18 158
 28 159
 29 160
 20 161
 16 162
 25 163
 13 164
 13 165
 15 166
 5 167
 11 168
 8 169
 16 170
 16 171
 8 172
 5 173
 4 174
 10 175
 6 176
 4 177
 3 178
 4 179
 8 180
 1 181
 0 182
 10 183
 3 184
 5 185
 2 186
 3 187
 4 188
 4 189
 1 190
 2 191
 3 192
 2 193
 2 194
 2 195
 3 196
 6 197
 1 198
 1 199
 2 200
 2 201
 1 202
 0 203
 3 204
 1 205
 1 206
 3 207
 1 208
 0 209
 1 210
 2 211
 0 212
 1 213
 0 214
 1 215
 0 216
 0 217
 0 218
 0 219
 0 220
 2 221
 0 222
 0 223
 0 224
 0 225
 0 226
 0 227
 0 228
 0 229
 0 230
 0 231
 0 232
 0 233
 0 234
 0 235
 0 236
 0 237
 0 238
 0 239
 0 240
 0 241
 0 242
 0 243
 0 244
 0 245
 0 246
 0 247
 0 248
 0 249
 0 250
 0 251
 0 252
 0 253
 0 254
 0 255
 0 256
 0 257
 0 258
 0 259
 0 260
 0 261
 0 262
 0 263
 0 264
 0 265
 0 266
 0 267
 0 268
 0 269
 0 270
 0 271
 0 272
 0 273
 0 274
 0 275
 0 276
 0 277
 0 278
 0 279
 0 280
 0 281
 0 282
 0 283
 0 284
 2 285
 1 286
 1 287
 0 288
 1 289
 1 290
 0 291
 0 292
 0 293
 2 294
 0 295
 0 296
 0 297
 0 298
 0 299
 1 300
 0 301
 3 302
 2 303
 1 304
 0 305
 2 306
 0 307
 3 308
 0 309
 1 310
 1 311
 1 312
 1 313
 3 314
 0 315
 1 316
 1 317
 4 318
 1 319
 2 320
 6 321
 5 322
 4 323
 2 324
 0 325
 3 326
 7 327
 0 328
 3 329
 3 330
 7 331
 2 332
 3 333
 5 334
 2 335
 2 336
 2 337
 0 338
 4 339
 1 340
 5 341
 4 342
 3 343
 1 344
 3 345
 5 346
 2 347
 0 348
 0 349
 0 350
 0 351
 1 352
 2 353
 1 354
 0 355
 1 356
 4 357
 1 358
 4 359
 1 360
 1 361
 1 362
 1 363
 0 364
 2 365
 1 366
 2 367
 1 368
 1 369
 0 370
 2 371
 2 372
 0 373
 2 374
 0 375
 0 376
 3 377
 2 378
 2 379
 1 380
 1 381
 1 382
 0 383
 1 384
 1 385
 1 386
 0 387
 1 388
 0 389
 3 390
 0 391
 1 392
 0 393
 0 394
 1 395
 0 396
 0 397
 0 398
 2 399
 0 400
 0 401
 0 402
 0 403
 0 404
 0 405
 1 406
 0 407
 0 408
 0 409
 0 410
 0 411
 0 412
 0 413
 0 414
 0 415
 0 416
 0 417
 0 418
 0 419
 0 420
 0 421
 0 422
 0 423
 0 424
 0 425
 0 426
 0 427
 0 428
 0 429
 0 430
 0 431
 0 432
 0 433
 0 434
 0 435
 0 436
 0 437
 0 438
 0 439
 0 440
 0 441
 0 442
 0 443
 0 444
 0 445
 0 446
 0 447
 0 448
 0 449
 0 450
 0 451
 0 452
 0 453
 0 454
 0 455
 0 456
 0 457
 0 458
 0 459
 0 460
 0 461
 0 462
 0 463
 0 464
 0 465
 0 466
 0 467
 0 468
 0 469
 0 470
 0 471
 0 472
 0 473
 0 474
 0 475
 0 476
 0 477
 0 478
 0 479
 0 480
 0 481
 0 482
 0 483
 0 484
 0 485
 0 486
 0 487
 0 488
 0 489
 0 490
 0 491
 0 492
 0 493
 0 494
 0 495
 0 496
 0 497
 0 498
 0 499
 0 500
 0 501
 0 502
 0 503
 0 504
 0 505
 0 506
 0 507
 0 508
 0 509
 0 510
 0 511
 0 512
 0 513
 0 514
 0 515
 0 516
 0 517
 0 518
 0 519
 0 520
 0 521
 0 522
 0 523
 0 524
 0 525
 0 526
 0 527
 0 528
 0 529
 0 530
 0 531
 0 532
 0 533
 0 534
 0 535
 0 536
 0 537
 0 538
 0 539
 0 540
 0 541
 0 542
 0 543
 0 544
 0 545
 0 546
 0 547
 0 548
 0 549
 0 550
 0 551
 0 552
 0 553
 0 554
 0 555
 0 556
 0 557
 0 558
 0 559
 0 560
 0 561
 0 562
 0 563
 0 564
 0 565
 0 566
 0 567
 0 568
 0 569
 0 570
 0 571
 0 572
 0 573
 0 574
 0 575
 0 576
 0 577
 0 578
 0 579
 0 580
 0 581
 0 582
 0 583
 0 584
 0 585
 0 586
 0 587
 0 588
 0 589
 0 590
 0 591
 0 592
 0 593
 0 594
 0 595
 0 596
 0 597
 0 598
 0 599
 0 600


