# Created by Octave 3.8.2, Mon Jun 22 16:23:21 2020 CEST <damian@fptrucha.inv.usc.es>
# name: hd
# type: matrix
# rows: 551
# columns: 2
 0 50
 0 51
 0 52
 0 53
 0 54
 0 55
 0 56
 0 57
 0 58
 0 59
 0 60
 0 61
 0 62
 0 63
 0 64
 0 65
 0 66
 0 67
 0 68
 0 69
 0 70
 0 71
 0 72
 0 73
 0 74
 0 75
 0 76
 0 77
 0 78
 0 79
 0 80
 0 81
 0 82
 0 83
 0 84
 0 85
 0 86
 1 87
 0 88
 12 89
 39 90
 138 91
 224 92
 329 93
 471 94
 613 95
 929 96
 1399 97
 1739 98
 1813 99
 1918 100
 1973 101
 1903 102
 1929 103
 1824 104
 1684 105
 1530 106
 1516 107
 1305 108
 1233 109
 1189 110
 1033 111
 890 112
 868 113
 715 114
 638 115
 554 116
 528 117
 463 118
 407 119
 377 120
 312 121
 277 122
 242 123
 266 124
 208 125
 208 126
 196 127
 174 128
 136 129
 149 130
 131 131
 115 132
 104 133
 119 134
 85 135
 105 136
 92 137
 78 138
 89 139
 76 140
 61 141
 62 142
 49 143
 49 144
 36 145
 38 146
 48 147
 32 148
 36 149
 44 150
 32 151
 32 152
 29 153
 29 154
 23 155
 22 156
 29 157
 20 158
 15 159
 24 160
 35 161
 19 162
 18 163
 15 164
 11 165
 10 166
 7 167
 10 168
 9 169
 12 170
 5 171
 5 172
 13 173
 6 174
 3 175
 6 176
 7 177
 3 178
 3 179
 3 180
 3 181
 2 182
 2 183
 8 184
 1 185
 4 186
 4 187
 1 188
 1 189
 2 190
 2 191
 2 192
 2 193
 1 194
 2 195
 1 196
 3 197
 3 198
 1 199
 2 200
 2 201
 1 202
 0 203
 2 204
 2 205
 1 206
 0 207
 0 208
 1 209
 0 210
 0 211
 2 212
 0 213
 0 214
 1 215
 1 216
 0 217
 0 218
 0 219
 0 220
 0 221
 0 222
 0 223
 0 224
 0 225
 0 226
 0 227
 0 228
 0 229
 1 230
 1 231
 0 232
 0 233
 0 234
 0 235
 0 236
 0 237
 0 238
 0 239
 0 240
 0 241
 0 242
 0 243
 0 244
 0 245
 0 246
 0 247
 0 248
 0 249
 0 250
 0 251
 0 252
 0 253
 0 254
 0 255
 0 256
 0 257
 0 258
 0 259
 0 260
 0 261
 0 262
 0 263
 0 264
 0 265
 0 266
 0 267
 0 268
 0 269
 0 270
 0 271
 0 272
 0 273
 0 274
 0 275
 0 276
 0 277
 0 278
 0 279
 0 280
 0 281
 0 282
 0 283
 0 284
 0 285
 0 286
 0 287
 1 288
 0 289
 1 290
 0 291
 0 292
 0 293
 1 294
 1 295
 0 296
 1 297
 1 298
 0 299
 2 300
 3 301
 1 302
 1 303
 1 304
 0 305
 0 306
 1 307
 6 308
 4 309
 0 310
 8 311
 0 312
 2 313
 1 314
 2 315
 4 316
 3 317
 1 318
 2 319
 2 320
 3 321
 1 322
 1 323
 2 324
 0 325
 1 326
 2 327
 1 328
 3 329
 2 330
 2 331
 1 332
 1 333
 5 334
 0 335
 0 336
 1 337
 2 338
 6 339
 0 340
 0 341
 0 342
 1 343
 3 344
 1 345
 2 346
 1 347
 0 348
 2 349
 2 350
 2 351
 0 352
 1 353
 2 354
 0 355
 1 356
 1 357
 2 358
 2 359
 2 360
 3 361
 0 362
 1 363
 3 364
 4 365
 1 366
 0 367
 2 368
 0 369
 0 370
 1 371
 1 372
 2 373
 0 374
 4 375
 0 376
 1 377
 0 378
 0 379
 0 380
 0 381
 1 382
 0 383
 0 384
 2 385
 0 386
 0 387
 0 388
 0 389
 0 390
 0 391
 0 392
 0 393
 0 394
 2 395
 0 396
 0 397
 1 398
 0 399
 0 400
 0 401
 1 402
 0 403
 0 404
 0 405
 0 406
 0 407
 0 408
 0 409
 0 410
 0 411
 0 412
 0 413
 0 414
 1 415
 0 416
 0 417
 0 418
 0 419
 0 420
 0 421
 0 422
 0 423
 0 424
 0 425
 0 426
 0 427
 0 428
 0 429
 0 430
 0 431
 0 432
 0 433
 0 434
 0 435
 0 436
 0 437
 0 438
 0 439
 0 440
 0 441
 0 442
 0 443
 0 444
 0 445
 0 446
 0 447
 0 448
 0 449
 0 450
 0 451
 0 452
 0 453
 0 454
 0 455
 0 456
 0 457
 0 458
 0 459
 0 460
 0 461
 0 462
 0 463
 0 464
 0 465
 0 466
 0 467
 0 468
 0 469
 0 470
 0 471
 0 472
 0 473
 0 474
 0 475
 0 476
 0 477
 0 478
 0 479
 0 480
 0 481
 0 482
 0 483
 0 484
 0 485
 0 486
 0 487
 0 488
 0 489
 0 490
 0 491
 0 492
 0 493
 0 494
 0 495
 0 496
 0 497
 0 498
 0 499
 0 500
 0 501
 0 502
 0 503
 0 504
 0 505
 0 506
 0 507
 0 508
 0 509
 0 510
 0 511
 0 512
 0 513
 0 514
 0 515
 0 516
 0 517
 0 518
 0 519
 0 520
 0 521
 0 522
 0 523
 0 524
 0 525
 0 526
 0 527
 0 528
 0 529
 0 530
 0 531
 0 532
 0 533
 0 534
 0 535
 0 536
 0 537
 0 538
 0 539
 0 540
 0 541
 0 542
 0 543
 0 544
 0 545
 0 546
 0 547
 0 548
 0 549
 0 550
 0 551
 0 552
 0 553
 0 554
 0 555
 0 556
 0 557
 0 558
 0 559
 0 560
 0 561
 0 562
 0 563
 0 564
 0 565
 0 566
 0 567
 0 568
 0 569
 0 570
 0 571
 0 572
 0 573
 0 574
 0 575
 0 576
 0 577
 0 578
 0 579
 0 580
 0 581
 0 582
 0 583
 0 584
 0 585
 0 586
 0 587
 0 588
 0 589
 0 590
 0 591
 0 592
 0 593
 0 594
 0 595
 0 596
 0 597
 0 598
 0 599
 0 600


