# Created by Octave 3.8.2, Mon Jun 22 16:54:12 2020 CEST <damian@fptrucha.inv.usc.es>
# name: hd
# type: matrix
# rows: 551
# columns: 2
 0 50
 0 51
 0 52
 0 53
 0 54
 0 55
 0 56
 0 57
 0 58
 0 59
 0 60
 0 61
 0 62
 0 63
 0 64
 0 65
 0 66
 0 67
 0 68
 0 69
 0 70
 0 71
 0 72
 0 73
 0 74
 0 75
 0 76
 0 77
 0 78
 0 79
 0 80
 0 81
 0 82
 0 83
 0 84
 0 85
 0 86
 0 87
 1 88
 15 89
 52 90
 147 91
 204 92
 322 93
 442 94
 618 95
 912 96
 1354 97
 1637 98
 1752 99
 1810 100
 1964 101
 1874 102
 1877 103
 1743 104
 1709 105
 1557 106
 1531 107
 1431 108
 1196 109
 1169 110
 1054 111
 890 112
 843 113
 739 114
 659 115
 588 116
 528 117
 463 118
 407 119
 365 120
 330 121
 300 122
 269 123
 238 124
 235 125
 223 126
 199 127
 165 128
 153 129
 151 130
 132 131
 133 132
 116 133
 109 134
 112 135
 106 136
 80 137
 80 138
 71 139
 73 140
 72 141
 65 142
 73 143
 46 144
 59 145
 51 146
 42 147
 45 148
 53 149
 45 150
 40 151
 25 152
 25 153
 31 154
 17 155
 28 156
 27 157
 30 158
 11 159
 26 160
 23 161
 32 162
 16 163
 14 164
 20 165
 14 166
 9 167
 10 168
 8 169
 7 170
 11 171
 18 172
 6 173
 10 174
 12 175
 7 176
 3 177
 6 178
 4 179
 5 180
 7 181
 3 182
 4 183
 3 184
 4 185
 3 186
 3 187
 7 188
 3 189
 1 190
 3 191
 2 192
 1 193
 4 194
 2 195
 2 196
 3 197
 2 198
 2 199
 0 200
 1 201
 1 202
 0 203
 0 204
 0 205
 1 206
 1 207
 0 208
 0 209
 1 210
 1 211
 0 212
 1 213
 1 214
 1 215
 0 216
 0 217
 1 218
 1 219
 0 220
 0 221
 1 222
 0 223
 0 224
 0 225
 0 226
 0 227
 1 228
 0 229
 0 230
 0 231
 0 232
 0 233
 1 234
 1 235
 0 236
 0 237
 0 238
 0 239
 0 240
 1 241
 0 242
 0 243
 0 244
 0 245
 0 246
 0 247
 0 248
 0 249
 0 250
 0 251
 0 252
 0 253
 0 254
 0 255
 0 256
 0 257
 0 258
 0 259
 0 260
 0 261
 0 262
 0 263
 0 264
 0 265
 0 266
 0 267
 0 268
 0 269
 0 270
 0 271
 0 272
 0 273
 0 274
 0 275
 0 276
 0 277
 0 278
 0 279
 0 280
 0 281
 0 282
 0 283
 0 284
 0 285
 0 286
 0 287
 1 288
 1 289
 0 290
 1 291
 0 292
 1 293
 0 294
 1 295
 3 296
 3 297
 1 298
 0 299
 5 300
 0 301
 2 302
 1 303
 0 304
 2 305
 1 306
 3 307
 1 308
 1 309
 0 310
 2 311
 3 312
 5 313
 1 314
 3 315
 4 316
 5 317
 2 318
 1 319
 0 320
 3 321
 2 322
 1 323
 2 324
 0 325
 0 326
 4 327
 1 328
 1 329
 1 330
 5 331
 1 332
 5 333
 4 334
 1 335
 3 336
 4 337
 1 338
 5 339
 5 340
 5 341
 1 342
 2 343
 1 344
 2 345
 0 346
 4 347
 0 348
 1 349
 0 350
 1 351
 0 352
 4 353
 2 354
 1 355
 1 356
 0 357
 1 358
 2 359
 1 360
 1 361
 4 362
 2 363
 2 364
 2 365
 3 366
 3 367
 0 368
 1 369
 0 370
 0 371
 3 372
 1 373
 3 374
 0 375
 1 376
 0 377
 1 378
 0 379
 1 380
 2 381
 0 382
 0 383
 0 384
 1 385
 0 386
 1 387
 0 388
 0 389
 0 390
 1 391
 1 392
 0 393
 0 394
 0 395
 0 396
 0 397
 0 398
 0 399
 0 400
 0 401
 0 402
 0 403
 0 404
 0 405
 0 406
 0 407
 1 408
 0 409
 0 410
 0 411
 0 412
 0 413
 0 414
 1 415
 0 416
 0 417
 0 418
 0 419
 0 420
 0 421
 0 422
 0 423
 0 424
 0 425
 0 426
 0 427
 0 428
 0 429
 0 430
 0 431
 0 432
 0 433
 0 434
 0 435
 0 436
 0 437
 0 438
 0 439
 0 440
 0 441
 0 442
 0 443
 0 444
 0 445
 0 446
 0 447
 0 448
 0 449
 0 450
 0 451
 0 452
 0 453
 0 454
 0 455
 0 456
 0 457
 0 458
 0 459
 0 460
 0 461
 0 462
 0 463
 0 464
 0 465
 0 466
 0 467
 0 468
 0 469
 0 470
 0 471
 0 472
 0 473
 0 474
 0 475
 0 476
 0 477
 0 478
 0 479
 0 480
 0 481
 0 482
 0 483
 0 484
 0 485
 0 486
 0 487
 0 488
 0 489
 0 490
 0 491
 0 492
 0 493
 0 494
 0 495
 0 496
 0 497
 0 498
 0 499
 0 500
 0 501
 0 502
 0 503
 0 504
 0 505
 0 506
 0 507
 0 508
 0 509
 0 510
 0 511
 0 512
 0 513
 0 514
 0 515
 0 516
 0 517
 0 518
 0 519
 0 520
 0 521
 0 522
 0 523
 0 524
 0 525
 0 526
 0 527
 0 528
 0 529
 0 530
 0 531
 0 532
 0 533
 0 534
 0 535
 0 536
 0 537
 0 538
 0 539
 0 540
 0 541
 0 542
 0 543
 0 544
 0 545
 0 546
 0 547
 0 548
 0 549
 0 550
 0 551
 0 552
 0 553
 0 554
 0 555
 0 556
 0 557
 0 558
 0 559
 0 560
 0 561
 0 562
 0 563
 0 564
 0 565
 0 566
 0 567
 0 568
 0 569
 0 570
 0 571
 0 572
 0 573
 0 574
 0 575
 0 576
 0 577
 0 578
 0 579
 0 580
 0 581
 0 582
 0 583
 0 584
 0 585
 0 586
 0 587
 0 588
 0 589
 0 590
 0 591
 0 592
 0 593
 0 594
 0 595
 0 596
 0 597
 0 598
 0 599
 0 600


