# Created by Octave 3.8.2, Mon Jun 22 09:11:59 2020 CEST <damian@fptrucha.inv.usc.es>
# name: hd
# type: matrix
# rows: 551
# columns: 2
 0 50
 0 51
 0 52
 0 53
 0 54
 0 55
 0 56
 0 57
 0 58
 0 59
 0 60
 0 61
 0 62
 0 63
 0 64
 0 65
 0 66
 0 67
 0 68
 0 69
 0 70
 0 71
 0 72
 0 73
 0 74
 0 75
 0 76
 0 77
 0 78
 0 79
 0 80
 0 81
 0 82
 0 83
 0 84
 0 85
 0 86
 0 87
 1 88
 7 89
 33 90
 100 91
 160 92
 289 93
 339 94
 489 95
 663 96
 1069 97
 1338 98
 1491 99
 1594 100
 1711 101
 1742 102
 1772 103
 1623 104
 1584 105
 1493 106
 1450 107
 1335 108
 1226 109
 1165 110
 1040 111
 900 112
 847 113
 771 114
 706 115
 595 116
 518 117
 550 118
 447 119
 411 120
 369 121
 316 122
 299 123
 252 124
 232 125
 219 126
 203 127
 152 128
 173 129
 143 130
 146 131
 138 132
 109 133
 110 134
 112 135
 108 136
 102 137
 104 138
 69 139
 95 140
 72 141
 46 142
 62 143
 48 144
 54 145
 52 146
 44 147
 45 148
 51 149
 50 150
 59 151
 37 152
 48 153
 42 154
 43 155
 26 156
 23 157
 27 158
 32 159
 29 160
 19 161
 29 162
 13 163
 23 164
 18 165
 14 166
 20 167
 12 168
 19 169
 9 170
 16 171
 8 172
 7 173
 11 174
 5 175
 9 176
 10 177
 5 178
 5 179
 9 180
 3 181
 7 182
 4 183
 6 184
 1 185
 1 186
 6 187
 6 188
 5 189
 6 190
 4 191
 1 192
 5 193
 0 194
 0 195
 0 196
 2 197
 2 198
 5 199
 2 200
 1 201
 0 202
 0 203
 1 204
 1 205
 1 206
 0 207
 1 208
 2 209
 0 210
 0 211
 0 212
 1 213
 0 214
 0 215
 0 216
 2 217
 0 218
 1 219
 1 220
 0 221
 0 222
 0 223
 0 224
 1 225
 0 226
 0 227
 0 228
 0 229
 0 230
 0 231
 0 232
 0 233
 0 234
 0 235
 0 236
 0 237
 0 238
 0 239
 0 240
 0 241
 0 242
 0 243
 0 244
 1 245
 0 246
 0 247
 0 248
 0 249
 0 250
 0 251
 0 252
 0 253
 0 254
 0 255
 0 256
 0 257
 0 258
 0 259
 0 260
 0 261
 0 262
 0 263
 0 264
 0 265
 0 266
 0 267
 0 268
 0 269
 0 270
 0 271
 0 272
 0 273
 0 274
 0 275
 0 276
 0 277
 0 278
 0 279
 1 280
 1 281
 0 282
 0 283
 0 284
 0 285
 0 286
 2 287
 1 288
 0 289
 1 290
 0 291
 0 292
 1 293
 0 294
 0 295
 1 296
 1 297
 3 298
 2 299
 0 300
 0 301
 2 302
 4 303
 0 304
 3 305
 0 306
 4 307
 2 308
 4 309
 1 310
 2 311
 1 312
 2 313
 1 314
 3 315
 0 316
 4 317
 3 318
 1 319
 3 320
 3 321
 1 322
 5 323
 2 324
 3 325
 3 326
 1 327
 2 328
 3 329
 3 330
 4 331
 2 332
 3 333
 1 334
 3 335
 4 336
 1 337
 5 338
 1 339
 4 340
 4 341
 3 342
 4 343
 2 344
 3 345
 1 346
 5 347
 0 348
 2 349
 2 350
 0 351
 3 352
 5 353
 2 354
 1 355
 1 356
 5 357
 1 358
 1 359
 0 360
 0 361
 3 362
 5 363
 0 364
 1 365
 0 366
 1 367
 1 368
 1 369
 3 370
 1 371
 0 372
 3 373
 0 374
 3 375
 1 376
 1 377
 2 378
 1 379
 1 380
 0 381
 3 382
 0 383
 1 384
 0 385
 0 386
 3 387
 0 388
 1 389
 0 390
 0 391
 0 392
 1 393
 0 394
 1 395
 0 396
 0 397
 0 398
 0 399
 0 400
 0 401
 0 402
 0 403
 0 404
 0 405
 0 406
 0 407
 0 408
 0 409
 0 410
 0 411
 0 412
 0 413
 1 414
 1 415
 0 416
 0 417
 0 418
 0 419
 0 420
 0 421
 0 422
 0 423
 0 424
 0 425
 0 426
 0 427
 0 428
 0 429
 0 430
 0 431
 0 432
 0 433
 0 434
 0 435
 0 436
 0 437
 0 438
 0 439
 0 440
 0 441
 0 442
 0 443
 0 444
 0 445
 0 446
 0 447
 0 448
 0 449
 0 450
 0 451
 0 452
 0 453
 0 454
 0 455
 0 456
 0 457
 0 458
 0 459
 0 460
 0 461
 0 462
 0 463
 0 464
 0 465
 0 466
 0 467
 0 468
 0 469
 0 470
 0 471
 0 472
 0 473
 0 474
 0 475
 0 476
 0 477
 0 478
 0 479
 0 480
 0 481
 0 482
 0 483
 0 484
 0 485
 0 486
 0 487
 0 488
 0 489
 0 490
 0 491
 0 492
 0 493
 0 494
 0 495
 0 496
 0 497
 0 498
 0 499
 0 500
 0 501
 0 502
 0 503
 0 504
 0 505
 0 506
 0 507
 0 508
 0 509
 0 510
 0 511
 0 512
 0 513
 0 514
 0 515
 0 516
 0 517
 0 518
 0 519
 0 520
 0 521
 0 522
 0 523
 0 524
 0 525
 0 526
 0 527
 0 528
 0 529
 0 530
 0 531
 0 532
 0 533
 0 534
 0 535
 0 536
 0 537
 0 538
 0 539
 0 540
 0 541
 0 542
 0 543
 0 544
 0 545
 0 546
 0 547
 0 548
 0 549
 0 550
 0 551
 0 552
 0 553
 0 554
 0 555
 0 556
 0 557
 0 558
 0 559
 0 560
 0 561
 0 562
 0 563
 0 564
 0 565
 0 566
 0 567
 0 568
 0 569
 0 570
 0 571
 0 572
 0 573
 0 574
 0 575
 0 576
 0 577
 0 578
 0 579
 0 580
 0 581
 0 582
 0 583
 0 584
 0 585
 0 586
 0 587
 0 588
 0 589
 0 590
 0 591
 0 592
 0 593
 0 594
 0 595
 0 596
 0 597
 0 598
 0 599
 0 600


