# Created by Octave 3.8.2, Sat Jun 20 06:46:21 2020 CEST <damian@fptrucha.inv.usc.es>
# name: hd
# type: matrix
# rows: 551
# columns: 2
 0 50
 0 51
 0 52
 0 53
 0 54
 0 55
 0 56
 0 57
 0 58
 0 59
 0 60
 0 61
 0 62
 0 63
 0 64
 0 65
 0 66
 0 67
 0 68
 0 69
 0 70
 0 71
 0 72
 0 73
 0 74
 0 75
 0 76
 0 77
 0 78
 0 79
 0 80
 0 81
 0 82
 0 83
 0 84
 0 85
 1 86
 3 87
 7 88
 20 89
 76 90
 121 91
 225 92
 348 93
 444 94
 678 95
 999 96
 1343 97
 1605 98
 1633 99
 1843 100
 1854 101
 1931 102
 1869 103
 1764 104
 1778 105
 1656 106
 1518 107
 1455 108
 1371 109
 1356 110
 1178 111
 1079 112
 986 113
 916 114
 828 115
 773 116
 699 117
 607 118
 569 119
 507 120
 445 121
 442 122
 337 123
 317 124
 294 125
 260 126
 266 127
 242 128
 206 129
 204 130
 192 131
 135 132
 163 133
 152 134
 143 135
 125 136
 113 137
 103 138
 114 139
 72 140
 88 141
 77 142
 68 143
 67 144
 61 145
 60 146
 60 147
 62 148
 60 149
 44 150
 47 151
 39 152
 33 153
 41 154
 39 155
 27 156
 27 157
 45 158
 20 159
 31 160
 28 161
 24 162
 20 163
 18 164
 21 165
 15 166
 18 167
 15 168
 22 169
 16 170
 16 171
 10 172
 8 173
 9 174
 7 175
 11 176
 6 177
 7 178
 7 179
 9 180
 2 181
 5 182
 4 183
 8 184
 5 185
 5 186
 5 187
 8 188
 5 189
 4 190
 1 191
 6 192
 6 193
 3 194
 3 195
 0 196
 5 197
 3 198
 0 199
 2 200
 3 201
 0 202
 1 203
 0 204
 1 205
 1 206
 2 207
 1 208
 0 209
 0 210
 1 211
 1 212
 1 213
 1 214
 0 215
 1 216
 1 217
 0 218
 0 219
 0 220
 0 221
 1 222
 1 223
 0 224
 0 225
 0 226
 0 227
 1 228
 0 229
 0 230
 0 231
 0 232
 0 233
 0 234
 0 235
 0 236
 0 237
 0 238
 0 239
 1 240
 0 241
 0 242
 0 243
 0 244
 0 245
 0 246
 0 247
 0 248
 0 249
 0 250
 0 251
 0 252
 0 253
 0 254
 0 255
 0 256
 0 257
 0 258
 0 259
 0 260
 0 261
 0 262
 0 263
 0 264
 0 265
 0 266
 0 267
 0 268
 0 269
 0 270
 0 271
 0 272
 0 273
 0 274
 0 275
 0 276
 0 277
 0 278
 0 279
 1 280
 0 281
 0 282
 0 283
 0 284
 0 285
 0 286
 0 287
 0 288
 0 289
 3 290
 0 291
 0 292
 1 293
 0 294
 0 295
 0 296
 1 297
 1 298
 2 299
 0 300
 0 301
 0 302
 0 303
 2 304
 0 305
 0 306
 1 307
 2 308
 2 309
 1 310
 1 311
 2 312
 5 313
 0 314
 0 315
 1 316
 1 317
 1 318
 3 319
 1 320
 1 321
 1 322
 3 323
 1 324
 5 325
 6 326
 3 327
 3 328
 5 329
 3 330
 1 331
 2 332
 1 333
 2 334
 2 335
 1 336
 3 337
 3 338
 2 339
 1 340
 1 341
 2 342
 3 343
 5 344
 2 345
 0 346
 2 347
 2 348
 1 349
 0 350
 0 351
 1 352
 1 353
 1 354
 1 355
 1 356
 3 357
 1 358
 3 359
 2 360
 2 361
 3 362
 0 363
 1 364
 1 365
 1 366
 0 367
 1 368
 1 369
 0 370
 1 371
 0 372
 1 373
 1 374
 0 375
 2 376
 0 377
 0 378
 1 379
 0 380
 0 381
 0 382
 1 383
 0 384
 0 385
 0 386
 0 387
 0 388
 0 389
 0 390
 0 391
 0 392
 0 393
 0 394
 1 395
 1 396
 0 397
 0 398
 0 399
 0 400
 0 401
 0 402
 0 403
 1 404
 0 405
 0 406
 0 407
 0 408
 0 409
 0 410
 0 411
 0 412
 0 413
 0 414
 0 415
 0 416
 0 417
 0 418
 0 419
 0 420
 0 421
 0 422
 0 423
 0 424
 0 425
 0 426
 1 427
 0 428
 0 429
 0 430
 0 431
 0 432
 0 433
 0 434
 0 435
 0 436
 0 437
 0 438
 0 439
 0 440
 0 441
 0 442
 0 443
 0 444
 0 445
 0 446
 0 447
 0 448
 0 449
 0 450
 0 451
 0 452
 0 453
 0 454
 0 455
 0 456
 0 457
 0 458
 0 459
 0 460
 0 461
 0 462
 0 463
 0 464
 0 465
 0 466
 0 467
 0 468
 0 469
 0 470
 0 471
 0 472
 0 473
 0 474
 0 475
 0 476
 0 477
 0 478
 0 479
 0 480
 0 481
 0 482
 0 483
 0 484
 0 485
 0 486
 0 487
 0 488
 0 489
 0 490
 0 491
 0 492
 0 493
 0 494
 0 495
 0 496
 0 497
 0 498
 0 499
 0 500
 0 501
 0 502
 0 503
 0 504
 0 505
 0 506
 0 507
 0 508
 0 509
 0 510
 0 511
 0 512
 0 513
 0 514
 0 515
 0 516
 0 517
 0 518
 0 519
 0 520
 0 521
 0 522
 0 523
 0 524
 0 525
 0 526
 0 527
 0 528
 0 529
 0 530
 0 531
 0 532
 0 533
 0 534
 0 535
 0 536
 0 537
 0 538
 0 539
 0 540
 0 541
 0 542
 0 543
 0 544
 0 545
 0 546
 0 547
 0 548
 0 549
 0 550
 0 551
 0 552
 0 553
 0 554
 0 555
 0 556
 0 557
 0 558
 0 559
 0 560
 0 561
 0 562
 0 563
 0 564
 0 565
 0 566
 0 567
 0 568
 0 569
 0 570
 0 571
 0 572
 0 573
 0 574
 0 575
 0 576
 0 577
 0 578
 0 579
 0 580
 0 581
 0 582
 0 583
 0 584
 0 585
 0 586
 0 587
 0 588
 0 589
 0 590
 0 591
 0 592
 0 593
 0 594
 0 595
 0 596
 0 597
 0 598
 0 599
 0 600


