# Created by Octave 3.8.2, Mon Jun 22 09:39:31 2020 CEST <damian@fptrucha.inv.usc.es>
# name: hd
# type: matrix
# rows: 551
# columns: 2
 0 50
 0 51
 0 52
 0 53
 0 54
 0 55
 0 56
 0 57
 0 58
 0 59
 0 60
 0 61
 0 62
 0 63
 0 64
 0 65
 0 66
 0 67
 0 68
 0 69
 0 70
 0 71
 0 72
 0 73
 0 74
 0 75
 0 76
 0 77
 0 78
 0 79
 0 80
 0 81
 0 82
 0 83
 0 84
 0 85
 0 86
 0 87
 0 88
 10 89
 30 90
 89 91
 155 92
 278 93
 405 94
 502 95
 732 96
 1059 97
 1343 98
 1474 99
 1618 100
 1692 101
 1808 102
 1789 103
 1591 104
 1664 105
 1490 106
 1456 107
 1307 108
 1216 109
 1114 110
 1024 111
 942 112
 845 113
 779 114
 679 115
 649 116
 570 117
 472 118
 440 119
 390 120
 350 121
 342 122
 283 123
 266 124
 207 125
 215 126
 195 127
 218 128
 172 129
 175 130
 131 131
 138 132
 125 133
 128 134
 96 135
 98 136
 99 137
 98 138
 83 139
 89 140
 77 141
 71 142
 50 143
 69 144
 56 145
 52 146
 46 147
 48 148
 47 149
 35 150
 51 151
 41 152
 43 153
 37 154
 35 155
 22 156
 30 157
 29 158
 35 159
 20 160
 20 161
 24 162
 17 163
 19 164
 17 165
 14 166
 17 167
 13 168
 13 169
 10 170
 20 171
 7 172
 8 173
 9 174
 9 175
 10 176
 7 177
 4 178
 8 179
 3 180
 9 181
 5 182
 8 183
 6 184
 6 185
 3 186
 2 187
 4 188
 1 189
 4 190
 2 191
 6 192
 3 193
 3 194
 1 195
 4 196
 3 197
 2 198
 4 199
 0 200
 3 201
 2 202
 1 203
 1 204
 0 205
 1 206
 1 207
 1 208
 2 209
 0 210
 0 211
 0 212
 1 213
 0 214
 0 215
 0 216
 0 217
 1 218
 0 219
 0 220
 0 221
 0 222
 0 223
 0 224
 0 225
 0 226
 0 227
 0 228
 0 229
 0 230
 0 231
 0 232
 0 233
 0 234
 0 235
 0 236
 0 237
 0 238
 0 239
 0 240
 0 241
 0 242
 0 243
 0 244
 0 245
 0 246
 0 247
 0 248
 0 249
 0 250
 0 251
 0 252
 0 253
 0 254
 0 255
 0 256
 0 257
 0 258
 0 259
 0 260
 0 261
 0 262
 0 263
 0 264
 0 265
 0 266
 0 267
 0 268
 0 269
 0 270
 0 271
 0 272
 0 273
 0 274
 0 275
 0 276
 1 277
 0 278
 0 279
 0 280
 0 281
 0 282
 0 283
 0 284
 0 285
 0 286
 0 287
 0 288
 1 289
 1 290
 1 291
 0 292
 1 293
 1 294
 1 295
 2 296
 4 297
 2 298
 0 299
 3 300
 2 301
 0 302
 4 303
 2 304
 2 305
 2 306
 2 307
 0 308
 3 309
 2 310
 1 311
 4 312
 1 313
 5 314
 1 315
 4 316
 5 317
 2 318
 1 319
 3 320
 2 321
 0 322
 2 323
 2 324
 1 325
 3 326
 4 327
 2 328
 2 329
 4 330
 2 331
 1 332
 1 333
 3 334
 2 335
 0 336
 0 337
 3 338
 3 339
 2 340
 2 341
 2 342
 2 343
 1 344
 4 345
 0 346
 2 347
 3 348
 3 349
 3 350
 4 351
 1 352
 1 353
 4 354
 4 355
 0 356
 3 357
 0 358
 2 359
 2 360
 2 361
 0 362
 0 363
 5 364
 0 365
 1 366
 4 367
 2 368
 0 369
 1 370
 0 371
 2 372
 1 373
 1 374
 2 375
 4 376
 4 377
 0 378
 0 379
 2 380
 0 381
 0 382
 2 383
 0 384
 1 385
 1 386
 0 387
 2 388
 0 389
 0 390
 2 391
 0 392
 0 393
 0 394
 0 395
 1 396
 1 397
 1 398
 0 399
 0 400
 0 401
 1 402
 0 403
 1 404
 0 405
 0 406
 0 407
 0 408
 0 409
 1 410
 0 411
 0 412
 0 413
 0 414
 0 415
 0 416
 0 417
 0 418
 1 419
 0 420
 0 421
 0 422
 0 423
 0 424
 0 425
 0 426
 0 427
 0 428
 0 429
 0 430
 0 431
 0 432
 0 433
 0 434
 0 435
 0 436
 0 437
 0 438
 0 439
 0 440
 0 441
 0 442
 0 443
 0 444
 0 445
 0 446
 0 447
 0 448
 0 449
 0 450
 0 451
 0 452
 0 453
 0 454
 0 455
 0 456
 0 457
 0 458
 0 459
 0 460
 0 461
 0 462
 0 463
 0 464
 0 465
 0 466
 0 467
 0 468
 0 469
 0 470
 0 471
 0 472
 0 473
 0 474
 0 475
 0 476
 0 477
 0 478
 0 479
 0 480
 0 481
 0 482
 0 483
 0 484
 0 485
 0 486
 0 487
 0 488
 0 489
 0 490
 0 491
 0 492
 0 493
 0 494
 0 495
 0 496
 0 497
 0 498
 0 499
 0 500
 0 501
 0 502
 0 503
 0 504
 0 505
 0 506
 0 507
 0 508
 0 509
 0 510
 0 511
 0 512
 0 513
 0 514
 0 515
 0 516
 0 517
 0 518
 0 519
 0 520
 0 521
 0 522
 0 523
 0 524
 0 525
 0 526
 0 527
 0 528
 0 529
 0 530
 0 531
 0 532
 0 533
 0 534
 0 535
 0 536
 0 537
 0 538
 0 539
 0 540
 0 541
 0 542
 0 543
 0 544
 0 545
 0 546
 0 547
 0 548
 0 549
 0 550
 0 551
 0 552
 0 553
 0 554
 0 555
 0 556
 0 557
 0 558
 0 559
 0 560
 0 561
 0 562
 0 563
 0 564
 0 565
 0 566
 0 567
 0 568
 0 569
 0 570
 0 571
 0 572
 0 573
 0 574
 0 575
 0 576
 0 577
 0 578
 0 579
 0 580
 0 581
 0 582
 0 583
 0 584
 0 585
 0 586
 0 587
 0 588
 0 589
 0 590
 0 591
 0 592
 0 593
 0 594
 0 595
 0 596
 0 597
 0 598
 0 599
 0 600


