# Created by Octave 3.8.2, Mon Jun 22 02:01:57 2020 CEST <damian@fptrucha.inv.usc.es>
# name: hd
# type: matrix
# rows: 551
# columns: 2
 0 50
 0 51
 0 52
 0 53
 0 54
 0 55
 0 56
 0 57
 0 58
 0 59
 0 60
 0 61
 0 62
 0 63
 0 64
 0 65
 0 66
 0 67
 0 68
 0 69
 0 70
 0 71
 0 72
 0 73
 0 74
 0 75
 0 76
 0 77
 0 78
 0 79
 0 80
 0 81
 0 82
 0 83
 0 84
 0 85
 0 86
 0 87
 4 88
 5 89
 23 90
 109 91
 197 92
 306 93
 361 94
 505 95
 747 96
 1114 97
 1395 98
 1535 99
 1765 100
 1853 101
 1862 102
 1917 103
 1824 104
 1800 105
 1569 106
 1567 107
 1508 108
 1327 109
 1174 110
 1105 111
 1036 112
 947 113
 775 114
 749 115
 626 116
 608 117
 486 118
 448 119
 411 120
 354 121
 276 122
 275 123
 232 124
 197 125
 180 126
 181 127
 170 128
 152 129
 152 130
 120 131
 126 132
 106 133
 96 134
 79 135
 86 136
 64 137
 87 138
 72 139
 65 140
 50 141
 48 142
 59 143
 53 144
 33 145
 37 146
 41 147
 42 148
 33 149
 29 150
 22 151
 33 152
 23 153
 17 154
 21 155
 24 156
 18 157
 9 158
 14 159
 17 160
 17 161
 15 162
 11 163
 10 164
 13 165
 10 166
 7 167
 11 168
 11 169
 2 170
 7 171
 4 172
 9 173
 6 174
 3 175
 2 176
 4 177
 6 178
 7 179
 1 180
 5 181
 4 182
 1 183
 2 184
 1 185
 3 186
 2 187
 1 188
 4 189
 2 190
 0 191
 0 192
 1 193
 0 194
 2 195
 2 196
 1 197
 0 198
 1 199
 3 200
 1 201
 1 202
 1 203
 0 204
 0 205
 1 206
 0 207
 0 208
 0 209
 1 210
 0 211
 1 212
 0 213
 0 214
 1 215
 0 216
 0 217
 0 218
 0 219
 1 220
 1 221
 0 222
 0 223
 0 224
 0 225
 0 226
 0 227
 0 228
 0 229
 0 230
 0 231
 0 232
 0 233
 0 234
 0 235
 0 236
 0 237
 0 238
 0 239
 0 240
 0 241
 0 242
 0 243
 0 244
 0 245
 0 246
 0 247
 0 248
 0 249
 0 250
 1 251
 0 252
 0 253
 0 254
 0 255
 0 256
 0 257
 0 258
 0 259
 0 260
 0 261
 0 262
 0 263
 0 264
 0 265
 0 266
 0 267
 0 268
 0 269
 0 270
 0 271
 0 272
 0 273
 0 274
 0 275
 0 276
 0 277
 0 278
 0 279
 0 280
 0 281
 0 282
 0 283
 0 284
 0 285
 0 286
 0 287
 0 288
 0 289
 1 290
 0 291
 0 292
 0 293
 1 294
 0 295
 0 296
 0 297
 1 298
 0 299
 0 300
 0 301
 0 302
 1 303
 1 304
 1 305
 1 306
 0 307
 1 308
 2 309
 0 310
 0 311
 1 312
 0 313
 0 314
 0 315
 0 316
 1 317
 3 318
 4 319
 1 320
 0 321
 0 322
 1 323
 0 324
 0 325
 0 326
 3 327
 3 328
 2 329
 1 330
 2 331
 2 332
 2 333
 1 334
 0 335
 0 336
 1 337
 1 338
 0 339
 0 340
 2 341
 0 342
 2 343
 3 344
 0 345
 1 346
 1 347
 1 348
 2 349
 2 350
 0 351
 0 352
 0 353
 2 354
 3 355
 1 356
 2 357
 1 358
 1 359
 3 360
 1 361
 0 362
 0 363
 3 364
 2 365
 0 366
 0 367
 1 368
 0 369
 1 370
 2 371
 1 372
 1 373
 0 374
 1 375
 1 376
 0 377
 0 378
 1 379
 1 380
 0 381
 0 382
 1 383
 1 384
 1 385
 1 386
 0 387
 1 388
 1 389
 1 390
 0 391
 1 392
 0 393
 1 394
 0 395
 0 396
 0 397
 0 398
 1 399
 0 400
 0 401
 0 402
 0 403
 2 404
 0 405
 0 406
 0 407
 1 408
 0 409
 0 410
 0 411
 0 412
 0 413
 0 414
 0 415
 0 416
 0 417
 0 418
 0 419
 0 420
 0 421
 0 422
 0 423
 0 424
 0 425
 0 426
 0 427
 0 428
 0 429
 0 430
 0 431
 0 432
 0 433
 0 434
 0 435
 0 436
 0 437
 0 438
 0 439
 0 440
 0 441
 0 442
 0 443
 0 444
 0 445
 0 446
 0 447
 0 448
 0 449
 0 450
 0 451
 0 452
 0 453
 0 454
 0 455
 0 456
 0 457
 0 458
 0 459
 0 460
 0 461
 0 462
 0 463
 0 464
 0 465
 0 466
 0 467
 0 468
 0 469
 0 470
 0 471
 0 472
 0 473
 0 474
 0 475
 0 476
 0 477
 0 478
 0 479
 0 480
 0 481
 0 482
 0 483
 0 484
 0 485
 0 486
 0 487
 0 488
 0 489
 0 490
 0 491
 0 492
 0 493
 0 494
 0 495
 0 496
 0 497
 0 498
 0 499
 0 500
 0 501
 0 502
 0 503
 0 504
 0 505
 0 506
 0 507
 0 508
 0 509
 0 510
 0 511
 0 512
 0 513
 0 514
 0 515
 0 516
 0 517
 0 518
 0 519
 0 520
 0 521
 0 522
 0 523
 0 524
 0 525
 0 526
 0 527
 0 528
 0 529
 0 530
 0 531
 0 532
 0 533
 0 534
 0 535
 0 536
 0 537
 0 538
 0 539
 0 540
 0 541
 0 542
 0 543
 0 544
 0 545
 0 546
 0 547
 0 548
 0 549
 0 550
 0 551
 0 552
 0 553
 0 554
 0 555
 0 556
 0 557
 0 558
 0 559
 0 560
 0 561
 0 562
 0 563
 0 564
 0 565
 0 566
 0 567
 0 568
 0 569
 0 570
 0 571
 0 572
 0 573
 0 574
 0 575
 0 576
 0 577
 0 578
 0 579
 0 580
 0 581
 0 582
 0 583
 0 584
 0 585
 0 586
 0 587
 0 588
 0 589
 0 590
 0 591
 0 592
 0 593
 0 594
 0 595
 0 596
 0 597
 0 598
 0 599
 0 600


