# Created by Octave 3.8.2, Sun Jun 21 05:10:42 2020 CEST <damian@fptrucha.inv.usc.es>
# name: hd
# type: matrix
# rows: 551
# columns: 2
 0 50
 0 51
 0 52
 0 53
 0 54
 0 55
 0 56
 0 57
 0 58
 0 59
 0 60
 0 61
 0 62
 0 63
 0 64
 0 65
 0 66
 0 67
 0 68
 0 69
 0 70
 0 71
 0 72
 0 73
 0 74
 0 75
 0 76
 0 77
 0 78
 0 79
 0 80
 0 81
 0 82
 0 83
 0 84
 0 85
 0 86
 0 87
 4 88
 12 89
 62 90
 127 91
 202 92
 311 93
 355 94
 554 95
 790 96
 1108 97
 1255 98
 1369 99
 1506 100
 1540 101
 1620 102
 1615 103
 1527 104
 1486 105
 1451 106
 1417 107
 1297 108
 1274 109
 1188 110
 1052 111
 1042 112
 929 113
 831 114
 764 115
 686 116
 712 117
 562 118
 535 119
 483 120
 406 121
 400 122
 341 123
 305 124
 256 125
 252 126
 222 127
 213 128
 191 129
 183 130
 149 131
 148 132
 129 133
 124 134
 120 135
 97 136
 97 137
 92 138
 70 139
 82 140
 77 141
 89 142
 59 143
 50 144
 55 145
 44 146
 45 147
 47 148
 37 149
 42 150
 40 151
 31 152
 33 153
 19 154
 20 155
 27 156
 36 157
 21 158
 23 159
 18 160
 22 161
 24 162
 13 163
 14 164
 15 165
 11 166
 9 167
 10 168
 10 169
 8 170
 12 171
 4 172
 5 173
 9 174
 9 175
 5 176
 8 177
 3 178
 5 179
 6 180
 3 181
 2 182
 5 183
 4 184
 1 185
 1 186
 2 187
 3 188
 4 189
 3 190
 0 191
 4 192
 1 193
 2 194
 3 195
 0 196
 1 197
 2 198
 3 199
 2 200
 4 201
 0 202
 1 203
 0 204
 0 205
 2 206
 1 207
 0 208
 0 209
 1 210
 0 211
 1 212
 1 213
 1 214
 0 215
 1 216
 0 217
 0 218
 0 219
 0 220
 0 221
 2 222
 0 223
 0 224
 0 225
 0 226
 0 227
 0 228
 0 229
 0 230
 0 231
 0 232
 0 233
 0 234
 0 235
 0 236
 0 237
 0 238
 0 239
 0 240
 0 241
 0 242
 0 243
 0 244
 0 245
 1 246
 0 247
 0 248
 0 249
 0 250
 0 251
 0 252
 0 253
 0 254
 0 255
 0 256
 0 257
 0 258
 0 259
 0 260
 0 261
 0 262
 0 263
 0 264
 0 265
 0 266
 0 267
 0 268
 0 269
 0 270
 0 271
 0 272
 0 273
 0 274
 0 275
 0 276
 0 277
 0 278
 0 279
 0 280
 0 281
 0 282
 0 283
 1 284
 0 285
 0 286
 0 287
 0 288
 0 289
 0 290
 0 291
 0 292
 0 293
 0 294
 0 295
 0 296
 0 297
 0 298
 0 299
 1 300
 0 301
 1 302
 1 303
 0 304
 2 305
 0 306
 0 307
 3 308
 1 309
 0 310
 2 311
 2 312
 0 313
 3 314
 0 315
 0 316
 0 317
 1 318
 0 319
 0 320
 1 321
 2 322
 2 323
 2 324
 4 325
 0 326
 0 327
 3 328
 1 329
 1 330
 1 331
 5 332
 0 333
 2 334
 1 335
 1 336
 3 337
 3 338
 2 339
 0 340
 2 341
 1 342
 1 343
 1 344
 1 345
 1 346
 0 347
 0 348
 4 349
 2 350
 2 351
 1 352
 1 353
 2 354
 4 355
 1 356
 0 357
 1 358
 1 359
 0 360
 0 361
 3 362
 2 363
 2 364
 2 365
 0 366
 1 367
 0 368
 0 369
 2 370
 1 371
 1 372
 1 373
 1 374
 1 375
 0 376
 0 377
 0 378
 1 379
 1 380
 1 381
 0 382
 0 383
 1 384
 0 385
 0 386
 0 387
 0 388
 0 389
 1 390
 0 391
 1 392
 0 393
 0 394
 0 395
 0 396
 0 397
 0 398
 0 399
 1 400
 0 401
 0 402
 0 403
 0 404
 0 405
 0 406
 0 407
 0 408
 0 409
 0 410
 0 411
 0 412
 0 413
 0 414
 0 415
 0 416
 0 417
 0 418
 0 419
 0 420
 0 421
 0 422
 0 423
 0 424
 0 425
 0 426
 0 427
 0 428
 0 429
 0 430
 0 431
 0 432
 0 433
 0 434
 0 435
 0 436
 0 437
 0 438
 0 439
 0 440
 0 441
 0 442
 0 443
 0 444
 0 445
 0 446
 0 447
 0 448
 0 449
 0 450
 0 451
 0 452
 0 453
 0 454
 0 455
 0 456
 0 457
 0 458
 0 459
 0 460
 0 461
 0 462
 0 463
 0 464
 0 465
 0 466
 0 467
 0 468
 0 469
 0 470
 0 471
 0 472
 0 473
 0 474
 0 475
 0 476
 0 477
 0 478
 0 479
 0 480
 0 481
 0 482
 0 483
 0 484
 0 485
 0 486
 0 487
 0 488
 0 489
 0 490
 0 491
 0 492
 0 493
 0 494
 0 495
 0 496
 0 497
 0 498
 0 499
 0 500
 0 501
 0 502
 0 503
 0 504
 0 505
 0 506
 0 507
 0 508
 0 509
 0 510
 0 511
 0 512
 0 513
 0 514
 0 515
 0 516
 0 517
 0 518
 0 519
 0 520
 0 521
 0 522
 0 523
 0 524
 0 525
 0 526
 0 527
 0 528
 0 529
 0 530
 0 531
 0 532
 0 533
 0 534
 0 535
 0 536
 0 537
 0 538
 0 539
 0 540
 0 541
 0 542
 0 543
 0 544
 0 545
 0 546
 0 547
 0 548
 0 549
 0 550
 0 551
 0 552
 0 553
 0 554
 0 555
 0 556
 0 557
 0 558
 0 559
 0 560
 0 561
 0 562
 0 563
 0 564
 0 565
 0 566
 0 567
 0 568
 0 569
 0 570
 0 571
 0 572
 0 573
 0 574
 0 575
 0 576
 0 577
 0 578
 0 579
 0 580
 0 581
 0 582
 0 583
 0 584
 0 585
 0 586
 0 587
 0 588
 0 589
 0 590
 0 591
 0 592
 0 593
 0 594
 0 595
 0 596
 0 597
 0 598
 0 599
 0 600


