# Created by Octave 3.8.2, Mon Jun 22 09:37:28 2020 CEST <damian@fptrucha.inv.usc.es>
# name: hd
# type: matrix
# rows: 551
# columns: 2
 0 50
 0 51
 0 52
 0 53
 0 54
 0 55
 0 56
 0 57
 0 58
 0 59
 0 60
 0 61
 0 62
 0 63
 0 64
 0 65
 0 66
 0 67
 0 68
 0 69
 0 70
 0 71
 0 72
 0 73
 0 74
 0 75
 0 76
 0 77
 0 78
 0 79
 0 80
 0 81
 0 82
 0 83
 0 84
 0 85
 0 86
 0 87
 3 88
 6 89
 25 90
 108 91
 146 92
 275 93
 362 94
 484 95
 671 96
 1050 97
 1281 98
 1399 99
 1676 100
 1694 101
 1739 102
 1662 103
 1651 104
 1595 105
 1447 106
 1387 107
 1262 108
 1227 109
 1121 110
 998 111
 964 112
 871 113
 734 114
 745 115
 632 116
 603 117
 530 118
 468 119
 464 120
 341 121
 334 122
 313 123
 253 124
 242 125
 249 126
 196 127
 222 128
 155 129
 173 130
 169 131
 152 132
 115 133
 101 134
 108 135
 121 136
 83 137
 109 138
 83 139
 84 140
 59 141
 62 142
 76 143
 76 144
 58 145
 45 146
 49 147
 49 148
 57 149
 49 150
 49 151
 38 152
 46 153
 30 154
 39 155
 30 156
 34 157
 32 158
 22 159
 25 160
 21 161
 22 162
 17 163
 13 164
 19 165
 10 166
 21 167
 15 168
 7 169
 12 170
 7 171
 11 172
 13 173
 14 174
 11 175
 6 176
 7 177
 7 178
 8 179
 4 180
 9 181
 3 182
 6 183
 3 184
 4 185
 4 186
 6 187
 7 188
 4 189
 3 190
 2 191
 1 192
 4 193
 2 194
 3 195
 2 196
 2 197
 1 198
 1 199
 4 200
 0 201
 1 202
 1 203
 2 204
 0 205
 1 206
 1 207
 0 208
 0 209
 1 210
 0 211
 3 212
 0 213
 2 214
 0 215
 0 216
 1 217
 0 218
 0 219
 1 220
 0 221
 0 222
 0 223
 0 224
 0 225
 0 226
 0 227
 0 228
 0 229
 0 230
 0 231
 0 232
 0 233
 0 234
 0 235
 0 236
 0 237
 0 238
 0 239
 0 240
 0 241
 0 242
 0 243
 0 244
 0 245
 0 246
 1 247
 0 248
 0 249
 0 250
 0 251
 0 252
 0 253
 0 254
 0 255
 0 256
 0 257
 0 258
 0 259
 0 260
 0 261
 0 262
 0 263
 0 264
 0 265
 0 266
 0 267
 0 268
 0 269
 0 270
 0 271
 0 272
 0 273
 0 274
 0 275
 0 276
 0 277
 0 278
 0 279
 0 280
 0 281
 0 282
 0 283
 0 284
 1 285
 0 286
 0 287
 0 288
 0 289
 2 290
 0 291
 0 292
 2 293
 0 294
 1 295
 1 296
 2 297
 2 298
 3 299
 1 300
 2 301
 1 302
 1 303
 2 304
 3 305
 2 306
 0 307
 2 308
 1 309
 1 310
 2 311
 2 312
 3 313
 6 314
 4 315
 3 316
 1 317
 0 318
 4 319
 3 320
 3 321
 3 322
 2 323
 4 324
 1 325
 2 326
 4 327
 6 328
 5 329
 2 330
 3 331
 0 332
 3 333
 5 334
 1 335
 1 336
 2 337
 3 338
 2 339
 4 340
 3 341
 2 342
 3 343
 3 344
 1 345
 1 346
 3 347
 1 348
 3 349
 2 350
 1 351
 2 352
 2 353
 1 354
 3 355
 3 356
 1 357
 2 358
 2 359
 3 360
 1 361
 2 362
 2 363
 1 364
 3 365
 1 366
 2 367
 1 368
 2 369
 0 370
 1 371
 2 372
 1 373
 0 374
 0 375
 1 376
 5 377
 2 378
 0 379
 2 380
 1 381
 0 382
 1 383
 0 384
 0 385
 0 386
 2 387
 0 388
 1 389
 0 390
 1 391
 0 392
 0 393
 0 394
 1 395
 0 396
 0 397
 0 398
 0 399
 0 400
 0 401
 1 402
 0 403
 0 404
 0 405
 0 406
 0 407
 0 408
 0 409
 0 410
 0 411
 0 412
 0 413
 0 414
 0 415
 0 416
 0 417
 0 418
 1 419
 0 420
 0 421
 0 422
 0 423
 0 424
 0 425
 0 426
 0 427
 0 428
 0 429
 0 430
 0 431
 0 432
 0 433
 0 434
 0 435
 0 436
 0 437
 0 438
 0 439
 0 440
 0 441
 0 442
 0 443
 0 444
 0 445
 0 446
 0 447
 0 448
 0 449
 0 450
 0 451
 0 452
 0 453
 0 454
 0 455
 0 456
 0 457
 0 458
 0 459
 0 460
 0 461
 0 462
 0 463
 0 464
 0 465
 0 466
 0 467
 0 468
 0 469
 0 470
 0 471
 0 472
 0 473
 0 474
 0 475
 0 476
 0 477
 0 478
 0 479
 0 480
 0 481
 0 482
 0 483
 0 484
 0 485
 0 486
 0 487
 0 488
 0 489
 0 490
 0 491
 0 492
 0 493
 0 494
 0 495
 0 496
 0 497
 0 498
 0 499
 0 500
 0 501
 0 502
 0 503
 0 504
 0 505
 0 506
 0 507
 0 508
 0 509
 0 510
 0 511
 0 512
 0 513
 0 514
 0 515
 0 516
 0 517
 0 518
 0 519
 0 520
 0 521
 0 522
 0 523
 0 524
 0 525
 0 526
 0 527
 0 528
 0 529
 0 530
 0 531
 0 532
 0 533
 0 534
 0 535
 0 536
 0 537
 0 538
 0 539
 0 540
 0 541
 0 542
 0 543
 0 544
 0 545
 0 546
 0 547
 0 548
 0 549
 0 550
 0 551
 0 552
 0 553
 0 554
 0 555
 0 556
 0 557
 0 558
 0 559
 0 560
 0 561
 0 562
 0 563
 0 564
 0 565
 0 566
 0 567
 0 568
 0 569
 0 570
 0 571
 0 572
 0 573
 0 574
 0 575
 0 576
 0 577
 0 578
 0 579
 0 580
 0 581
 0 582
 0 583
 0 584
 0 585
 0 586
 0 587
 0 588
 0 589
 0 590
 0 591
 0 592
 0 593
 0 594
 0 595
 0 596
 0 597
 0 598
 0 599
 0 600


