# Created by Octave 3.8.2, Sat Jun 20 17:02:20 2020 CEST <damian@fptrucha.inv.usc.es>
# name: hd
# type: matrix
# rows: 551
# columns: 2
 0 50
 0 51
 0 52
 0 53
 0 54
 0 55
 0 56
 0 57
 0 58
 0 59
 0 60
 0 61
 0 62
 0 63
 0 64
 0 65
 0 66
 0 67
 0 68
 0 69
 0 70
 0 71
 0 72
 0 73
 0 74
 0 75
 0 76
 0 77
 0 78
 0 79
 0 80
 0 81
 0 82
 0 83
 0 84
 0 85
 1 86
 2 87
 7 88
 17 89
 69 90
 117 91
 208 92
 292 93
 359 94
 549 95
 841 96
 1115 97
 1311 98
 1310 99
 1469 100
 1537 101
 1586 102
 1593 103
 1544 104
 1532 105
 1419 106
 1388 107
 1329 108
 1263 109
 1150 110
 1043 111
 1043 112
 918 113
 875 114
 817 115
 726 116
 642 117
 599 118
 565 119
 497 120
 454 121
 409 122
 343 123
 341 124
 327 125
 276 126
 208 127
 235 128
 181 129
 196 130
 163 131
 141 132
 147 133
 115 134
 147 135
 119 136
 95 137
 87 138
 100 139
 77 140
 70 141
 73 142
 70 143
 68 144
 59 145
 55 146
 57 147
 44 148
 41 149
 39 150
 43 151
 43 152
 37 153
 31 154
 23 155
 36 156
 40 157
 28 158
 21 159
 30 160
 27 161
 15 162
 21 163
 14 164
 11 165
 14 166
 11 167
 10 168
 10 169
 12 170
 10 171
 17 172
 8 173
 9 174
 12 175
 4 176
 9 177
 7 178
 10 179
 5 180
 7 181
 4 182
 5 183
 5 184
 5 185
 1 186
 7 187
 2 188
 1 189
 0 190
 1 191
 0 192
 1 193
 2 194
 2 195
 0 196
 4 197
 1 198
 1 199
 0 200
 1 201
 1 202
 1 203
 1 204
 1 205
 2 206
 2 207
 0 208
 0 209
 0 210
 0 211
 1 212
 0 213
 1 214
 1 215
 0 216
 0 217
 0 218
 0 219
 0 220
 1 221
 0 222
 0 223
 0 224
 0 225
 0 226
 0 227
 0 228
 0 229
 0 230
 0 231
 0 232
 0 233
 1 234
 0 235
 0 236
 0 237
 0 238
 0 239
 0 240
 0 241
 0 242
 0 243
 0 244
 0 245
 0 246
 0 247
 0 248
 0 249
 0 250
 0 251
 0 252
 0 253
 0 254
 0 255
 0 256
 0 257
 0 258
 0 259
 0 260
 0 261
 0 262
 0 263
 0 264
 0 265
 0 266
 0 267
 0 268
 0 269
 0 270
 0 271
 0 272
 0 273
 0 274
 0 275
 0 276
 0 277
 0 278
 0 279
 0 280
 0 281
 0 282
 0 283
 0 284
 0 285
 0 286
 0 287
 0 288
 0 289
 2 290
 1 291
 1 292
 2 293
 0 294
 2 295
 0 296
 0 297
 0 298
 0 299
 3 300
 0 301
 2 302
 1 303
 0 304
 0 305
 1 306
 0 307
 1 308
 2 309
 0 310
 0 311
 0 312
 4 313
 3 314
 1 315
 0 316
 0 317
 2 318
 1 319
 0 320
 3 321
 3 322
 1 323
 1 324
 2 325
 1 326
 2 327
 0 328
 1 329
 1 330
 3 331
 1 332
 1 333
 2 334
 0 335
 3 336
 1 337
 2 338
 1 339
 1 340
 3 341
 1 342
 1 343
 2 344
 0 345
 2 346
 5 347
 0 348
 0 349
 0 350
 0 351
 5 352
 3 353
 5 354
 1 355
 3 356
 4 357
 0 358
 0 359
 1 360
 1 361
 3 362
 1 363
 1 364
 0 365
 1 366
 0 367
 1 368
 1 369
 0 370
 1 371
 0 372
 0 373
 1 374
 0 375
 1 376
 1 377
 0 378
 3 379
 0 380
 0 381
 1 382
 0 383
 1 384
 0 385
 1 386
 1 387
 0 388
 0 389
 0 390
 1 391
 0 392
 1 393
 0 394
 1 395
 0 396
 1 397
 0 398
 0 399
 1 400
 0 401
 0 402
 0 403
 0 404
 1 405
 0 406
 0 407
 0 408
 0 409
 0 410
 0 411
 0 412
 0 413
 0 414
 0 415
 0 416
 0 417
 0 418
 0 419
 0 420
 0 421
 0 422
 0 423
 0 424
 0 425
 0 426
 0 427
 0 428
 0 429
 0 430
 0 431
 0 432
 0 433
 0 434
 0 435
 0 436
 0 437
 0 438
 0 439
 0 440
 0 441
 0 442
 0 443
 0 444
 0 445
 0 446
 0 447
 0 448
 0 449
 0 450
 0 451
 0 452
 0 453
 0 454
 0 455
 0 456
 0 457
 0 458
 0 459
 0 460
 0 461
 0 462
 0 463
 0 464
 0 465
 0 466
 0 467
 0 468
 0 469
 0 470
 0 471
 0 472
 0 473
 0 474
 0 475
 0 476
 0 477
 0 478
 0 479
 0 480
 0 481
 0 482
 0 483
 0 484
 0 485
 0 486
 0 487
 0 488
 0 489
 0 490
 0 491
 0 492
 0 493
 0 494
 0 495
 0 496
 0 497
 0 498
 0 499
 0 500
 0 501
 0 502
 0 503
 0 504
 0 505
 0 506
 0 507
 0 508
 0 509
 0 510
 0 511
 0 512
 0 513
 0 514
 0 515
 0 516
 0 517
 0 518
 0 519
 0 520
 0 521
 0 522
 0 523
 0 524
 0 525
 0 526
 0 527
 0 528
 0 529
 0 530
 0 531
 0 532
 0 533
 0 534
 0 535
 0 536
 0 537
 0 538
 0 539
 0 540
 0 541
 0 542
 0 543
 0 544
 0 545
 0 546
 0 547
 0 548
 0 549
 0 550
 0 551
 0 552
 0 553
 0 554
 0 555
 0 556
 0 557
 0 558
 0 559
 0 560
 0 561
 0 562
 0 563
 0 564
 0 565
 0 566
 0 567
 0 568
 0 569
 0 570
 0 571
 0 572
 0 573
 0 574
 0 575
 0 576
 0 577
 0 578
 0 579
 0 580
 0 581
 0 582
 0 583
 0 584
 0 585
 0 586
 0 587
 0 588
 0 589
 0 590
 0 591
 0 592
 0 593
 0 594
 0 595
 0 596
 0 597
 0 598
 0 599
 0 600


