# Created by Octave 3.8.2, Sat Jun 20 13:15:54 2020 CEST <damian@fptrucha.inv.usc.es>
# name: hd
# type: matrix
# rows: 551
# columns: 2
 0 50
 0 51
 0 52
 0 53
 0 54
 0 55
 0 56
 0 57
 0 58
 0 59
 0 60
 0 61
 0 62
 0 63
 0 64
 0 65
 0 66
 0 67
 0 68
 0 69
 0 70
 0 71
 0 72
 0 73
 0 74
 0 75
 0 76
 0 77
 0 78
 0 79
 0 80
 0 81
 0 82
 0 83
 0 84
 0 85
 0 86
 0 87
 4 88
 14 89
 64 90
 148 91
 226 92
 358 93
 423 94
 660 95
 852 96
 1268 97
 1542 98
 1616 99
 1756 100
 1789 101
 1858 102
 1806 103
 1673 104
 1682 105
 1653 106
 1505 107
 1406 108
 1268 109
 1233 110
 1176 111
 1028 112
 972 113
 852 114
 784 115
 792 116
 684 117
 564 118
 521 119
 519 120
 399 121
 391 122
 366 123
 321 124
 256 125
 268 126
 250 127
 217 128
 208 129
 185 130
 151 131
 143 132
 131 133
 131 134
 118 135
 115 136
 121 137
 112 138
 93 139
 86 140
 64 141
 80 142
 80 143
 58 144
 48 145
 60 146
 49 147
 43 148
 46 149
 53 150
 45 151
 43 152
 34 153
 32 154
 43 155
 31 156
 29 157
 30 158
 25 159
 21 160
 23 161
 16 162
 21 163
 23 164
 16 165
 9 166
 15 167
 12 168
 13 169
 12 170
 12 171
 13 172
 9 173
 6 174
 7 175
 11 176
 6 177
 10 178
 13 179
 8 180
 6 181
 2 182
 7 183
 7 184
 6 185
 5 186
 3 187
 4 188
 4 189
 1 190
 2 191
 2 192
 1 193
 0 194
 1 195
 2 196
 3 197
 3 198
 0 199
 2 200
 1 201
 0 202
 3 203
 0 204
 1 205
 0 206
 1 207
 0 208
 0 209
 0 210
 1 211
 0 212
 0 213
 0 214
 0 215
 0 216
 0 217
 0 218
 0 219
 0 220
 0 221
 0 222
 1 223
 0 224
 0 225
 0 226
 0 227
 1 228
 0 229
 0 230
 0 231
 1 232
 1 233
 1 234
 0 235
 0 236
 0 237
 0 238
 0 239
 0 240
 0 241
 0 242
 0 243
 0 244
 0 245
 0 246
 0 247
 0 248
 0 249
 0 250
 0 251
 0 252
 0 253
 0 254
 0 255
 0 256
 0 257
 0 258
 0 259
 0 260
 0 261
 0 262
 0 263
 0 264
 0 265
 0 266
 0 267
 0 268
 0 269
 0 270
 0 271
 0 272
 0 273
 0 274
 0 275
 0 276
 0 277
 0 278
 0 279
 0 280
 0 281
 0 282
 0 283
 0 284
 1 285
 1 286
 0 287
 1 288
 0 289
 0 290
 0 291
 0 292
 0 293
 1 294
 0 295
 0 296
 3 297
 0 298
 1 299
 0 300
 0 301
 1 302
 0 303
 1 304
 1 305
 1 306
 2 307
 1 308
 0 309
 0 310
 3 311
 1 312
 0 313
 3 314
 0 315
 5 316
 1 317
 0 318
 2 319
 2 320
 4 321
 2 322
 3 323
 0 324
 4 325
 3 326
 0 327
 1 328
 2 329
 2 330
 3 331
 2 332
 6 333
 2 334
 3 335
 3 336
 2 337
 2 338
 2 339
 1 340
 0 341
 1 342
 2 343
 0 344
 3 345
 2 346
 3 347
 3 348
 1 349
 1 350
 2 351
 1 352
 1 353
 2 354
 4 355
 1 356
 1 357
 2 358
 3 359
 1 360
 1 361
 1 362
 0 363
 0 364
 1 365
 2 366
 0 367
 0 368
 1 369
 1 370
 2 371
 1 372
 1 373
 0 374
 0 375
 0 376
 1 377
 2 378
 0 379
 0 380
 0 381
 0 382
 1 383
 0 384
 0 385
 0 386
 0 387
 0 388
 0 389
 1 390
 1 391
 0 392
 2 393
 1 394
 0 395
 0 396
 0 397
 0 398
 0 399
 0 400
 0 401
 0 402
 0 403
 0 404
 0 405
 1 406
 0 407
 0 408
 0 409
 0 410
 0 411
 1 412
 0 413
 0 414
 0 415
 0 416
 0 417
 0 418
 0 419
 0 420
 0 421
 0 422
 0 423
 0 424
 0 425
 0 426
 0 427
 0 428
 0 429
 0 430
 0 431
 1 432
 0 433
 0 434
 0 435
 0 436
 0 437
 0 438
 1 439
 0 440
 0 441
 0 442
 0 443
 0 444
 0 445
 0 446
 0 447
 0 448
 0 449
 0 450
 0 451
 0 452
 0 453
 0 454
 0 455
 0 456
 0 457
 0 458
 0 459
 0 460
 0 461
 0 462
 0 463
 0 464
 0 465
 0 466
 0 467
 0 468
 0 469
 0 470
 0 471
 0 472
 0 473
 0 474
 0 475
 0 476
 0 477
 0 478
 0 479
 0 480
 0 481
 0 482
 0 483
 0 484
 0 485
 0 486
 0 487
 0 488
 0 489
 0 490
 0 491
 0 492
 0 493
 0 494
 0 495
 0 496
 0 497
 0 498
 0 499
 0 500
 0 501
 0 502
 0 503
 0 504
 0 505
 0 506
 0 507
 0 508
 0 509
 0 510
 0 511
 0 512
 0 513
 0 514
 0 515
 0 516
 0 517
 0 518
 0 519
 0 520
 0 521
 0 522
 0 523
 0 524
 0 525
 0 526
 0 527
 0 528
 0 529
 0 530
 0 531
 0 532
 0 533
 0 534
 0 535
 0 536
 0 537
 0 538
 0 539
 0 540
 0 541
 0 542
 0 543
 0 544
 0 545
 0 546
 0 547
 0 548
 0 549
 0 550
 0 551
 0 552
 0 553
 0 554
 0 555
 0 556
 0 557
 0 558
 0 559
 0 560
 0 561
 0 562
 0 563
 0 564
 0 565
 0 566
 0 567
 0 568
 0 569
 0 570
 0 571
 0 572
 0 573
 0 574
 0 575
 0 576
 0 577
 0 578
 0 579
 0 580
 0 581
 0 582
 0 583
 0 584
 0 585
 0 586
 0 587
 0 588
 0 589
 0 590
 0 591
 0 592
 0 593
 0 594
 0 595
 0 596
 0 597
 0 598
 0 599
 0 600


