# Created by Octave 3.8.2, Mon Jun 22 23:36:23 2020 CEST <damian@fptrucha.inv.usc.es>
# name: hd
# type: matrix
# rows: 551
# columns: 2
 0 50
 0 51
 0 52
 0 53
 0 54
 0 55
 0 56
 0 57
 0 58
 0 59
 0 60
 0 61
 0 62
 0 63
 0 64
 0 65
 0 66
 0 67
 0 68
 0 69
 0 70
 0 71
 0 72
 0 73
 0 74
 0 75
 0 76
 0 77
 0 78
 0 79
 0 80
 0 81
 0 82
 0 83
 0 84
 0 85
 0 86
 1 87
 4 88
 12 89
 65 90
 151 91
 255 92
 373 93
 468 94
 660 95
 1013 96
 1349 97
 1600 98
 1710 99
 1904 100
 2005 101
 1969 102
 1832 103
 1916 104
 1879 105
 1625 106
 1542 107
 1413 108
 1343 109
 1141 110
 1122 111
 1004 112
 855 113
 820 114
 719 115
 656 116
 568 117
 513 118
 474 119
 396 120
 373 121
 333 122
 277 123
 270 124
 242 125
 222 126
 219 127
 190 128
 156 129
 168 130
 151 131
 148 132
 124 133
 106 134
 117 135
 91 136
 90 137
 104 138
 91 139
 82 140
 75 141
 54 142
 55 143
 62 144
 57 145
 56 146
 41 147
 40 148
 40 149
 44 150
 26 151
 39 152
 30 153
 51 154
 34 155
 33 156
 28 157
 23 158
 30 159
 22 160
 26 161
 18 162
 14 163
 26 164
 18 165
 11 166
 13 167
 9 168
 11 169
 12 170
 13 171
 7 172
 4 173
 9 174
 3 175
 9 176
 5 177
 4 178
 6 179
 11 180
 6 181
 8 182
 5 183
 4 184
 0 185
 2 186
 5 187
 5 188
 2 189
 1 190
 6 191
 7 192
 3 193
 5 194
 0 195
 1 196
 3 197
 0 198
 1 199
 1 200
 0 201
 3 202
 1 203
 2 204
 0 205
 2 206
 0 207
 0 208
 2 209
 1 210
 0 211
 0 212
 0 213
 0 214
 0 215
 0 216
 0 217
 0 218
 0 219
 0 220
 1 221
 0 222
 0 223
 0 224
 0 225
 0 226
 0 227
 0 228
 1 229
 0 230
 0 231
 0 232
 0 233
 0 234
 0 235
 0 236
 0 237
 0 238
 0 239
 0 240
 0 241
 0 242
 0 243
 0 244
 0 245
 0 246
 0 247
 0 248
 0 249
 0 250
 0 251
 0 252
 0 253
 0 254
 0 255
 0 256
 0 257
 0 258
 0 259
 0 260
 0 261
 0 262
 0 263
 0 264
 0 265
 0 266
 0 267
 0 268
 0 269
 0 270
 0 271
 0 272
 0 273
 0 274
 0 275
 0 276
 0 277
 0 278
 0 279
 0 280
 0 281
 0 282
 0 283
 2 284
 0 285
 0 286
 0 287
 0 288
 1 289
 0 290
 1 291
 0 292
 0 293
 0 294
 0 295
 0 296
 0 297
 0 298
 1 299
 1 300
 1 301
 1 302
 1 303
 1 304
 3 305
 2 306
 0 307
 0 308
 2 309
 1 310
 5 311
 2 312
 1 313
 4 314
 3 315
 2 316
 3 317
 4 318
 1 319
 1 320
 1 321
 1 322
 2 323
 2 324
 5 325
 2 326
 3 327
 3 328
 2 329
 0 330
 2 331
 1 332
 5 333
 2 334
 7 335
 2 336
 1 337
 0 338
 1 339
 5 340
 1 341
 5 342
 4 343
 2 344
 3 345
 2 346
 2 347
 2 348
 7 349
 2 350
 1 351
 0 352
 0 353
 2 354
 0 355
 3 356
 0 357
 1 358
 0 359
 2 360
 0 361
 1 362
 1 363
 0 364
 0 365
 1 366
 0 367
 1 368
 1 369
 1 370
 0 371
 1 372
 0 373
 0 374
 0 375
 3 376
 2 377
 0 378
 0 379
 1 380
 1 381
 4 382
 0 383
 0 384
 0 385
 0 386
 0 387
 1 388
 0 389
 0 390
 0 391
 0 392
 0 393
 0 394
 0 395
 0 396
 0 397
 0 398
 0 399
 0 400
 0 401
 0 402
 2 403
 0 404
 0 405
 0 406
 0 407
 0 408
 1 409
 0 410
 1 411
 0 412
 0 413
 1 414
 0 415
 0 416
 0 417
 0 418
 0 419
 0 420
 0 421
 0 422
 0 423
 0 424
 0 425
 0 426
 1 427
 0 428
 0 429
 0 430
 0 431
 0 432
 0 433
 0 434
 0 435
 0 436
 0 437
 0 438
 0 439
 0 440
 0 441
 0 442
 0 443
 0 444
 0 445
 0 446
 0 447
 0 448
 0 449
 0 450
 0 451
 0 452
 0 453
 0 454
 0 455
 0 456
 0 457
 0 458
 0 459
 0 460
 0 461
 0 462
 0 463
 0 464
 0 465
 0 466
 0 467
 0 468
 0 469
 0 470
 0 471
 0 472
 0 473
 0 474
 0 475
 0 476
 0 477
 0 478
 0 479
 0 480
 0 481
 0 482
 0 483
 0 484
 0 485
 0 486
 0 487
 0 488
 0 489
 0 490
 0 491
 0 492
 0 493
 0 494
 0 495
 0 496
 0 497
 0 498
 0 499
 0 500
 0 501
 0 502
 0 503
 0 504
 0 505
 0 506
 0 507
 0 508
 0 509
 0 510
 0 511
 0 512
 0 513
 0 514
 0 515
 0 516
 0 517
 0 518
 0 519
 0 520
 0 521
 0 522
 0 523
 0 524
 0 525
 0 526
 0 527
 0 528
 0 529
 0 530
 0 531
 0 532
 0 533
 0 534
 0 535
 0 536
 0 537
 0 538
 0 539
 0 540
 0 541
 0 542
 0 543
 0 544
 0 545
 0 546
 0 547
 0 548
 0 549
 0 550
 0 551
 0 552
 0 553
 0 554
 0 555
 0 556
 0 557
 0 558
 0 559
 0 560
 0 561
 0 562
 0 563
 0 564
 0 565
 0 566
 0 567
 0 568
 0 569
 0 570
 0 571
 0 572
 0 573
 0 574
 0 575
 0 576
 0 577
 0 578
 0 579
 0 580
 0 581
 0 582
 0 583
 0 584
 0 585
 0 586
 0 587
 0 588
 0 589
 0 590
 0 591
 0 592
 0 593
 0 594
 0 595
 0 596
 0 597
 0 598
 0 599
 0 600


