# Created by Octave 3.8.2, Sat Jun 20 19:40:49 2020 CEST <damian@fptrucha.inv.usc.es>
# name: hd
# type: matrix
# rows: 551
# columns: 2
 0 50
 0 51
 0 52
 0 53
 0 54
 0 55
 0 56
 0 57
 0 58
 0 59
 0 60
 0 61
 0 62
 0 63
 0 64
 0 65
 0 66
 0 67
 0 68
 0 69
 0 70
 0 71
 0 72
 0 73
 0 74
 0 75
 0 76
 0 77
 0 78
 0 79
 0 80
 0 81
 0 82
 0 83
 0 84
 0 85
 0 86
 3 87
 5 88
 19 89
 72 90
 138 91
 214 92
 314 93
 365 94
 577 95
 830 96
 1130 97
 1177 98
 1396 99
 1482 100
 1586 101
 1581 102
 1591 103
 1536 104
 1459 105
 1449 106
 1360 107
 1329 108
 1286 109
 1211 110
 1040 111
 1006 112
 930 113
 847 114
 780 115
 725 116
 648 117
 633 118
 547 119
 502 120
 458 121
 361 122
 334 123
 329 124
 304 125
 272 126
 229 127
 222 128
 221 129
 189 130
 165 131
 153 132
 134 133
 115 134
 139 135
 123 136
 101 137
 105 138
 100 139
 78 140
 78 141
 73 142
 66 143
 64 144
 58 145
 65 146
 52 147
 51 148
 48 149
 44 150
 46 151
 43 152
 45 153
 32 154
 31 155
 30 156
 39 157
 30 158
 18 159
 22 160
 28 161
 24 162
 16 163
 15 164
 15 165
 6 166
 12 167
 10 168
 14 169
 8 170
 10 171
 9 172
 5 173
 9 174
 7 175
 5 176
 6 177
 4 178
 5 179
 5 180
 2 181
 5 182
 4 183
 6 184
 3 185
 3 186
 4 187
 5 188
 0 189
 1 190
 4 191
 1 192
 3 193
 1 194
 1 195
 1 196
 2 197
 3 198
 1 199
 2 200
 0 201
 3 202
 1 203
 1 204
 1 205
 1 206
 0 207
 0 208
 1 209
 0 210
 0 211
 1 212
 0 213
 0 214
 0 215
 0 216
 0 217
 0 218
 0 219
 1 220
 0 221
 1 222
 0 223
 0 224
 0 225
 3 226
 0 227
 1 228
 0 229
 0 230
 0 231
 0 232
 0 233
 0 234
 0 235
 0 236
 0 237
 0 238
 0 239
 0 240
 0 241
 0 242
 0 243
 1 244
 0 245
 1 246
 0 247
 0 248
 0 249
 0 250
 0 251
 0 252
 0 253
 1 254
 0 255
 0 256
 0 257
 0 258
 0 259
 0 260
 0 261
 0 262
 1 263
 0 264
 0 265
 0 266
 0 267
 0 268
 0 269
 0 270
 0 271
 0 272
 0 273
 0 274
 0 275
 0 276
 0 277
 0 278
 0 279
 1 280
 0 281
 0 282
 0 283
 1 284
 0 285
 0 286
 0 287
 0 288
 1 289
 1 290
 0 291
 0 292
 0 293
 1 294
 1 295
 2 296
 1 297
 0 298
 0 299
 1 300
 2 301
 0 302
 0 303
 1 304
 0 305
 2 306
 1 307
 4 308
 6 309
 0 310
 2 311
 0 312
 0 313
 2 314
 3 315
 1 316
 1 317
 0 318
 1 319
 4 320
 1 321
 2 322
 2 323
 1 324
 1 325
 0 326
 1 327
 2 328
 0 329
 3 330
 1 331
 1 332
 2 333
 2 334
 2 335
 1 336
 2 337
 6 338
 3 339
 0 340
 1 341
 0 342
 1 343
 0 344
 1 345
 2 346
 1 347
 1 348
 0 349
 2 350
 2 351
 1 352
 1 353
 2 354
 0 355
 4 356
 0 357
 1 358
 3 359
 0 360
 0 361
 1 362
 1 363
 1 364
 0 365
 2 366
 0 367
 0 368
 2 369
 1 370
 3 371
 1 372
 0 373
 0 374
 4 375
 1 376
 1 377
 0 378
 0 379
 0 380
 0 381
 3 382
 0 383
 0 384
 0 385
 1 386
 0 387
 0 388
 0 389
 0 390
 0 391
 0 392
 0 393
 0 394
 0 395
 2 396
 1 397
 0 398
 0 399
 0 400
 0 401
 0 402
 1 403
 0 404
 0 405
 0 406
 0 407
 0 408
 0 409
 0 410
 0 411
 1 412
 0 413
 0 414
 0 415
 0 416
 0 417
 0 418
 0 419
 0 420
 0 421
 0 422
 0 423
 0 424
 0 425
 0 426
 0 427
 0 428
 0 429
 0 430
 0 431
 0 432
 0 433
 0 434
 0 435
 0 436
 0 437
 0 438
 0 439
 0 440
 0 441
 0 442
 0 443
 0 444
 0 445
 0 446
 0 447
 0 448
 0 449
 0 450
 0 451
 0 452
 0 453
 0 454
 0 455
 0 456
 0 457
 0 458
 0 459
 0 460
 0 461
 0 462
 0 463
 0 464
 0 465
 0 466
 0 467
 0 468
 0 469
 0 470
 0 471
 0 472
 0 473
 0 474
 0 475
 0 476
 0 477
 0 478
 0 479
 0 480
 0 481
 0 482
 0 483
 0 484
 0 485
 0 486
 0 487
 0 488
 0 489
 0 490
 0 491
 0 492
 0 493
 0 494
 0 495
 0 496
 0 497
 0 498
 0 499
 0 500
 0 501
 0 502
 0 503
 0 504
 0 505
 0 506
 0 507
 0 508
 0 509
 0 510
 0 511
 0 512
 0 513
 0 514
 0 515
 0 516
 0 517
 0 518
 0 519
 0 520
 0 521
 0 522
 0 523
 0 524
 0 525
 0 526
 0 527
 0 528
 0 529
 0 530
 0 531
 0 532
 0 533
 0 534
 0 535
 0 536
 0 537
 0 538
 0 539
 0 540
 0 541
 0 542
 0 543
 0 544
 0 545
 0 546
 0 547
 0 548
 0 549
 0 550
 0 551
 0 552
 0 553
 0 554
 0 555
 0 556
 0 557
 0 558
 0 559
 0 560
 0 561
 0 562
 0 563
 0 564
 0 565
 0 566
 0 567
 0 568
 0 569
 0 570
 0 571
 0 572
 0 573
 0 574
 0 575
 0 576
 0 577
 0 578
 0 579
 0 580
 0 581
 0 582
 0 583
 0 584
 0 585
 0 586
 0 587
 0 588
 0 589
 0 590
 0 591
 0 592
 0 593
 0 594
 0 595
 0 596
 0 597
 0 598
 0 599
 0 600


