# Created by Octave 3.8.2, Mon Jun 22 12:38:46 2020 CEST <damian@fptrucha.inv.usc.es>
# name: hd
# type: matrix
# rows: 551
# columns: 2
 0 50
 0 51
 0 52
 0 53
 0 54
 0 55
 0 56
 0 57
 0 58
 0 59
 0 60
 0 61
 0 62
 0 63
 0 64
 0 65
 0 66
 0 67
 0 68
 0 69
 0 70
 0 71
 0 72
 0 73
 0 74
 0 75
 0 76
 0 77
 0 78
 0 79
 0 80
 0 81
 0 82
 0 83
 0 84
 0 85
 0 86
 2 87
 1 88
 9 89
 42 90
 135 91
 200 92
 286 93
 439 94
 536 95
 879 96
 1247 97
 1531 98
 1637 99
 1716 100
 1752 101
 1755 102
 1730 103
 1661 104
 1677 105
 1518 106
 1446 107
 1377 108
 1227 109
 1159 110
 1098 111
 960 112
 833 113
 782 114
 769 115
 625 116
 518 117
 459 118
 475 119
 443 120
 342 121
 296 122
 324 123
 312 124
 207 125
 221 126
 179 127
 182 128
 161 129
 153 130
 124 131
 128 132
 114 133
 118 134
 97 135
 82 136
 86 137
 103 138
 85 139
 68 140
 69 141
 62 142
 65 143
 68 144
 48 145
 58 146
 45 147
 41 148
 50 149
 40 150
 51 151
 35 152
 28 153
 30 154
 33 155
 30 156
 34 157
 20 158
 23 159
 17 160
 19 161
 24 162
 21 163
 21 164
 22 165
 15 166
 14 167
 13 168
 13 169
 8 170
 12 171
 9 172
 6 173
 12 174
 11 175
 7 176
 9 177
 11 178
 5 179
 4 180
 6 181
 6 182
 4 183
 7 184
 7 185
 3 186
 3 187
 4 188
 2 189
 4 190
 3 191
 3 192
 4 193
 1 194
 4 195
 6 196
 1 197
 2 198
 1 199
 1 200
 2 201
 2 202
 1 203
 1 204
 3 205
 0 206
 0 207
 1 208
 0 209
 0 210
 0 211
 1 212
 0 213
 0 214
 0 215
 0 216
 0 217
 2 218
 0 219
 1 220
 0 221
 0 222
 0 223
 1 224
 0 225
 0 226
 2 227
 0 228
 0 229
 1 230
 0 231
 0 232
 0 233
 0 234
 0 235
 0 236
 0 237
 0 238
 0 239
 0 240
 0 241
 0 242
 0 243
 0 244
 1 245
 0 246
 0 247
 0 248
 0 249
 0 250
 0 251
 0 252
 0 253
 0 254
 0 255
 0 256
 0 257
 0 258
 0 259
 0 260
 0 261
 0 262
 0 263
 0 264
 0 265
 0 266
 0 267
 0 268
 0 269
 0 270
 0 271
 0 272
 0 273
 0 274
 0 275
 0 276
 0 277
 0 278
 0 279
 0 280
 0 281
 0 282
 0 283
 0 284
 1 285
 0 286
 1 287
 0 288
 0 289
 0 290
 0 291
 2 292
 2 293
 3 294
 0 295
 0 296
 0 297
 0 298
 1 299
 1 300
 1 301
 2 302
 1 303
 0 304
 0 305
 1 306
 0 307
 2 308
 3 309
 1 310
 4 311
 2 312
 2 313
 0 314
 1 315
 3 316
 1 317
 1 318
 2 319
 3 320
 2 321
 3 322
 3 323
 3 324
 4 325
 2 326
 4 327
 1 328
 3 329
 1 330
 4 331
 0 332
 3 333
 4 334
 2 335
 2 336
 4 337
 2 338
 2 339
 0 340
 1 341
 3 342
 0 343
 5 344
 2 345
 5 346
 0 347
 1 348
 2 349
 2 350
 2 351
 2 352
 1 353
 3 354
 2 355
 1 356
 6 357
 1 358
 2 359
 2 360
 0 361
 2 362
 0 363
 0 364
 2 365
 3 366
 0 367
 0 368
 0 369
 0 370
 1 371
 0 372
 0 373
 3 374
 0 375
 1 376
 1 377
 1 378
 0 379
 0 380
 1 381
 0 382
 0 383
 0 384
 0 385
 0 386
 1 387
 0 388
 1 389
 1 390
 0 391
 0 392
 0 393
 0 394
 1 395
 0 396
 0 397
 0 398
 0 399
 0 400
 0 401
 0 402
 0 403
 1 404
 1 405
 0 406
 0 407
 0 408
 0 409
 0 410
 0 411
 0 412
 0 413
 0 414
 0 415
 0 416
 0 417
 0 418
 0 419
 0 420
 0 421
 0 422
 0 423
 0 424
 0 425
 0 426
 0 427
 0 428
 0 429
 0 430
 0 431
 0 432
 0 433
 0 434
 0 435
 0 436
 0 437
 0 438
 0 439
 0 440
 0 441
 0 442
 0 443
 0 444
 0 445
 0 446
 0 447
 0 448
 0 449
 0 450
 0 451
 0 452
 0 453
 0 454
 0 455
 0 456
 0 457
 0 458
 0 459
 0 460
 0 461
 0 462
 0 463
 0 464
 0 465
 0 466
 0 467
 0 468
 0 469
 0 470
 0 471
 0 472
 0 473
 0 474
 0 475
 0 476
 0 477
 0 478
 0 479
 0 480
 0 481
 0 482
 0 483
 0 484
 0 485
 0 486
 0 487
 0 488
 0 489
 0 490
 0 491
 0 492
 0 493
 0 494
 0 495
 0 496
 0 497
 0 498
 0 499
 0 500
 0 501
 0 502
 0 503
 0 504
 0 505
 0 506
 0 507
 0 508
 0 509
 0 510
 0 511
 0 512
 0 513
 0 514
 0 515
 0 516
 0 517
 0 518
 0 519
 0 520
 0 521
 0 522
 0 523
 0 524
 0 525
 0 526
 0 527
 0 528
 0 529
 0 530
 0 531
 0 532
 0 533
 0 534
 0 535
 0 536
 0 537
 0 538
 0 539
 0 540
 0 541
 0 542
 0 543
 0 544
 0 545
 0 546
 0 547
 0 548
 0 549
 0 550
 0 551
 0 552
 0 553
 0 554
 0 555
 0 556
 0 557
 0 558
 0 559
 0 560
 0 561
 0 562
 0 563
 0 564
 0 565
 0 566
 0 567
 0 568
 0 569
 0 570
 0 571
 0 572
 0 573
 0 574
 0 575
 0 576
 0 577
 0 578
 0 579
 0 580
 0 581
 0 582
 0 583
 0 584
 0 585
 0 586
 0 587
 0 588
 0 589
 0 590
 0 591
 0 592
 0 593
 0 594
 0 595
 0 596
 0 597
 0 598
 0 599
 0 600


