# Created by Octave 3.8.2, Mon Jun 22 17:30:29 2020 CEST <damian@fptrucha.inv.usc.es>
# name: hd
# type: matrix
# rows: 551
# columns: 2
 0 50
 0 51
 0 52
 0 53
 0 54
 0 55
 0 56
 0 57
 0 58
 0 59
 0 60
 0 61
 0 62
 0 63
 0 64
 0 65
 0 66
 0 67
 0 68
 0 69
 0 70
 0 71
 0 72
 1 73
 0 74
 0 75
 0 76
 0 77
 0 78
 0 79
 0 80
 0 81
 0 82
 0 83
 0 84
 0 85
 0 86
 1 87
 1 88
 14 89
 38 90
 118 91
 246 92
 351 93
 417 94
 578 95
 914 96
 1410 97
 1583 98
 1674 99
 1907 100
 1953 101
 1973 102
 1846 103
 1824 104
 1727 105
 1587 106
 1506 107
 1412 108
 1304 109
 1212 110
 1049 111
 975 112
 818 113
 763 114
 640 115
 627 116
 573 117
 478 118
 436 119
 397 120
 376 121
 294 122
 290 123
 251 124
 239 125
 190 126
 207 127
 163 128
 126 129
 151 130
 129 131
 133 132
 136 133
 94 134
 99 135
 94 136
 97 137
 101 138
 76 139
 86 140
 82 141
 57 142
 61 143
 57 144
 38 145
 44 146
 49 147
 36 148
 42 149
 36 150
 37 151
 52 152
 38 153
 24 154
 29 155
 32 156
 15 157
 23 158
 33 159
 24 160
 18 161
 27 162
 24 163
 21 164
 15 165
 13 166
 16 167
 13 168
 16 169
 7 170
 6 171
 8 172
 14 173
 9 174
 2 175
 2 176
 6 177
 10 178
 7 179
 11 180
 9 181
 1 182
 8 183
 3 184
 7 185
 7 186
 1 187
 3 188
 0 189
 2 190
 2 191
 2 192
 2 193
 4 194
 1 195
 1 196
 0 197
 1 198
 1 199
 1 200
 4 201
 1 202
 0 203
 1 204
 1 205
 1 206
 0 207
 1 208
 0 209
 0 210
 1 211
 0 212
 1 213
 1 214
 0 215
 1 216
 0 217
 0 218
 0 219
 1 220
 0 221
 0 222
 1 223
 0 224
 0 225
 1 226
 0 227
 0 228
 0 229
 0 230
 0 231
 0 232
 0 233
 0 234
 0 235
 0 236
 0 237
 0 238
 0 239
 0 240
 0 241
 0 242
 0 243
 0 244
 0 245
 0 246
 0 247
 0 248
 0 249
 0 250
 0 251
 0 252
 0 253
 0 254
 0 255
 0 256
 0 257
 0 258
 0 259
 0 260
 0 261
 0 262
 0 263
 0 264
 0 265
 0 266
 0 267
 0 268
 0 269
 0 270
 0 271
 0 272
 0 273
 0 274
 0 275
 0 276
 0 277
 0 278
 0 279
 0 280
 0 281
 0 282
 0 283
 0 284
 0 285
 0 286
 0 287
 2 288
 0 289
 0 290
 0 291
 1 292
 2 293
 1 294
 0 295
 1 296
 0 297
 0 298
 1 299
 0 300
 1 301
 0 302
 3 303
 2 304
 0 305
 2 306
 1 307
 2 308
 5 309
 1 310
 0 311
 1 312
 3 313
 2 314
 3 315
 5 316
 3 317
 4 318
 3 319
 2 320
 1 321
 4 322
 1 323
 2 324
 2 325
 1 326
 0 327
 3 328
 4 329
 2 330
 2 331
 2 332
 4 333
 5 334
 2 335
 2 336
 3 337
 0 338
 3 339
 3 340
 4 341
 2 342
 3 343
 1 344
 2 345
 0 346
 3 347
 1 348
 0 349
 2 350
 3 351
 2 352
 2 353
 2 354
 2 355
 1 356
 2 357
 2 358
 1 359
 2 360
 3 361
 0 362
 3 363
 2 364
 1 365
 1 366
 3 367
 1 368
 0 369
 0 370
 0 371
 1 372
 1 373
 1 374
 1 375
 1 376
 1 377
 0 378
 2 379
 0 380
 0 381
 1 382
 2 383
 0 384
 1 385
 2 386
 2 387
 1 388
 0 389
 1 390
 1 391
 1 392
 0 393
 0 394
 0 395
 1 396
 0 397
 0 398
 0 399
 0 400
 0 401
 0 402
 0 403
 0 404
 1 405
 0 406
 0 407
 0 408
 0 409
 0 410
 0 411
 0 412
 0 413
 0 414
 0 415
 0 416
 0 417
 0 418
 0 419
 0 420
 0 421
 0 422
 0 423
 0 424
 0 425
 0 426
 0 427
 0 428
 0 429
 0 430
 0 431
 0 432
 0 433
 0 434
 0 435
 0 436
 0 437
 0 438
 0 439
 0 440
 0 441
 0 442
 0 443
 0 444
 0 445
 0 446
 0 447
 0 448
 0 449
 0 450
 0 451
 0 452
 0 453
 0 454
 0 455
 0 456
 0 457
 0 458
 0 459
 0 460
 0 461
 0 462
 0 463
 0 464
 0 465
 0 466
 0 467
 0 468
 0 469
 0 470
 0 471
 0 472
 0 473
 0 474
 0 475
 0 476
 0 477
 0 478
 0 479
 0 480
 0 481
 0 482
 0 483
 0 484
 0 485
 0 486
 0 487
 0 488
 0 489
 0 490
 0 491
 0 492
 0 493
 0 494
 0 495
 0 496
 0 497
 0 498
 0 499
 0 500
 0 501
 0 502
 0 503
 0 504
 0 505
 0 506
 0 507
 0 508
 0 509
 0 510
 0 511
 0 512
 0 513
 0 514
 0 515
 0 516
 0 517
 0 518
 0 519
 0 520
 0 521
 0 522
 0 523
 0 524
 0 525
 0 526
 0 527
 0 528
 0 529
 0 530
 0 531
 0 532
 0 533
 0 534
 0 535
 0 536
 0 537
 0 538
 0 539
 0 540
 0 541
 0 542
 0 543
 0 544
 0 545
 0 546
 0 547
 0 548
 0 549
 0 550
 0 551
 0 552
 0 553
 0 554
 0 555
 0 556
 0 557
 0 558
 0 559
 0 560
 0 561
 0 562
 0 563
 0 564
 0 565
 0 566
 0 567
 0 568
 0 569
 0 570
 0 571
 0 572
 0 573
 0 574
 0 575
 0 576
 0 577
 0 578
 0 579
 0 580
 0 581
 0 582
 0 583
 0 584
 0 585
 0 586
 0 587
 0 588
 0 589
 0 590
 0 591
 0 592
 0 593
 0 594
 0 595
 0 596
 0 597
 0 598
 0 599
 0 600


