# Created by Octave 3.8.2, Sun Jun 21 07:04:01 2020 CEST <damian@fptrucha.inv.usc.es>
# name: hd
# type: matrix
# rows: 551
# columns: 2
 0 50
 0 51
 0 52
 0 53
 0 54
 0 55
 0 56
 0 57
 0 58
 0 59
 0 60
 0 61
 0 62
 0 63
 0 64
 0 65
 0 66
 0 67
 0 68
 0 69
 0 70
 0 71
 0 72
 0 73
 0 74
 0 75
 0 76
 0 77
 0 78
 0 79
 0 80
 0 81
 0 82
 0 83
 0 84
 0 85
 0 86
 2 87
 4 88
 13 89
 88 90
 120 91
 252 92
 314 93
 415 94
 629 95
 880 96
 1139 97
 1327 98
 1464 99
 1501 100
 1572 101
 1619 102
 1537 103
 1592 104
 1483 105
 1447 106
 1476 107
 1368 108
 1335 109
 1223 110
 1072 111
 1022 112
 926 113
 868 114
 748 115
 654 116
 643 117
 604 118
 559 119
 495 120
 455 121
 397 122
 366 123
 306 124
 274 125
 253 126
 233 127
 236 128
 184 129
 180 130
 161 131
 179 132
 133 133
 117 134
 136 135
 91 136
 96 137
 94 138
 81 139
 69 140
 67 141
 71 142
 60 143
 67 144
 47 145
 50 146
 40 147
 35 148
 42 149
 41 150
 24 151
 36 152
 31 153
 19 154
 32 155
 24 156
 28 157
 19 158
 18 159
 27 160
 19 161
 13 162
 13 163
 21 164
 12 165
 17 166
 19 167
 11 168
 15 169
 6 170
 8 171
 10 172
 9 173
 6 174
 4 175
 8 176
 10 177
 5 178
 3 179
 1 180
 9 181
 1 182
 5 183
 2 184
 2 185
 1 186
 1 187
 1 188
 2 189
 2 190
 1 191
 2 192
 1 193
 1 194
 0 195
 0 196
 3 197
 0 198
 0 199
 0 200
 1 201
 2 202
 2 203
 2 204
 2 205
 2 206
 0 207
 1 208
 1 209
 0 210
 3 211
 0 212
 0 213
 0 214
 1 215
 0 216
 0 217
 1 218
 0 219
 1 220
 0 221
 0 222
 0 223
 0 224
 1 225
 0 226
 0 227
 0 228
 0 229
 0 230
 0 231
 0 232
 0 233
 0 234
 0 235
 0 236
 0 237
 0 238
 0 239
 0 240
 0 241
 0 242
 0 243
 0 244
 0 245
 0 246
 0 247
 0 248
 0 249
 0 250
 0 251
 0 252
 0 253
 1 254
 0 255
 0 256
 0 257
 0 258
 0 259
 0 260
 0 261
 0 262
 0 263
 0 264
 0 265
 1 266
 0 267
 0 268
 0 269
 0 270
 0 271
 0 272
 0 273
 0 274
 0 275
 0 276
 0 277
 0 278
 0 279
 0 280
 0 281
 0 282
 0 283
 0 284
 1 285
 0 286
 0 287
 0 288
 0 289
 0 290
 0 291
 0 292
 0 293
 0 294
 0 295
 1 296
 1 297
 0 298
 0 299
 0 300
 1 301
 0 302
 0 303
 1 304
 2 305
 0 306
 2 307
 0 308
 0 309
 0 310
 0 311
 2 312
 1 313
 0 314
 1 315
 1 316
 1 317
 1 318
 4 319
 0 320
 2 321
 1 322
 0 323
 1 324
 2 325
 2 326
 3 327
 2 328
 2 329
 1 330
 0 331
 1 332
 1 333
 0 334
 3 335
 1 336
 2 337
 3 338
 4 339
 3 340
 3 341
 3 342
 1 343
 0 344
 0 345
 0 346
 1 347
 1 348
 2 349
 1 350
 1 351
 1 352
 0 353
 1 354
 1 355
 0 356
 0 357
 2 358
 0 359
 2 360
 0 361
 0 362
 2 363
 0 364
 1 365
 0 366
 1 367
 0 368
 0 369
 0 370
 0 371
 1 372
 0 373
 0 374
 0 375
 0 376
 1 377
 0 378
 0 379
 0 380
 0 381
 0 382
 0 383
 0 384
 0 385
 0 386
 1 387
 0 388
 0 389
 0 390
 0 391
 0 392
 0 393
 0 394
 1 395
 1 396
 0 397
 0 398
 0 399
 0 400
 0 401
 0 402
 0 403
 0 404
 0 405
 0 406
 0 407
 0 408
 0 409
 0 410
 0 411
 0 412
 1 413
 0 414
 0 415
 0 416
 0 417
 0 418
 0 419
 1 420
 0 421
 0 422
 0 423
 0 424
 0 425
 0 426
 0 427
 0 428
 0 429
 0 430
 0 431
 0 432
 0 433
 0 434
 0 435
 0 436
 0 437
 0 438
 0 439
 0 440
 0 441
 0 442
 0 443
 0 444
 0 445
 0 446
 0 447
 0 448
 0 449
 0 450
 0 451
 0 452
 0 453
 0 454
 0 455
 0 456
 0 457
 0 458
 0 459
 0 460
 0 461
 0 462
 0 463
 0 464
 0 465
 0 466
 0 467
 0 468
 0 469
 0 470
 0 471
 0 472
 0 473
 0 474
 0 475
 0 476
 0 477
 0 478
 0 479
 0 480
 0 481
 0 482
 0 483
 0 484
 0 485
 0 486
 0 487
 0 488
 0 489
 0 490
 0 491
 0 492
 0 493
 0 494
 0 495
 0 496
 0 497
 0 498
 0 499
 0 500
 0 501
 0 502
 0 503
 0 504
 0 505
 0 506
 0 507
 0 508
 0 509
 0 510
 0 511
 0 512
 0 513
 0 514
 0 515
 0 516
 0 517
 0 518
 0 519
 0 520
 0 521
 0 522
 0 523
 0 524
 0 525
 0 526
 0 527
 0 528
 0 529
 0 530
 0 531
 0 532
 0 533
 0 534
 0 535
 0 536
 0 537
 0 538
 0 539
 0 540
 0 541
 0 542
 0 543
 0 544
 0 545
 0 546
 0 547
 0 548
 0 549
 0 550
 0 551
 0 552
 0 553
 0 554
 0 555
 0 556
 0 557
 0 558
 0 559
 0 560
 0 561
 0 562
 0 563
 0 564
 0 565
 0 566
 0 567
 0 568
 0 569
 0 570
 0 571
 0 572
 0 573
 0 574
 0 575
 0 576
 0 577
 0 578
 0 579
 0 580
 0 581
 0 582
 0 583
 0 584
 0 585
 0 586
 0 587
 0 588
 0 589
 0 590
 0 591
 0 592
 0 593
 0 594
 0 595
 0 596
 0 597
 0 598
 0 599
 0 600


