# Created by Octave 3.8.2, Mon Jun 22 18:09:49 2020 CEST <damian@fptrucha.inv.usc.es>
# name: hd
# type: matrix
# rows: 551
# columns: 2
 0 50
 0 51
 0 52
 0 53
 0 54
 0 55
 0 56
 0 57
 0 58
 0 59
 0 60
 0 61
 0 62
 0 63
 0 64
 0 65
 0 66
 0 67
 0 68
 0 69
 0 70
 0 71
 0 72
 0 73
 0 74
 0 75
 0 76
 0 77
 0 78
 0 79
 0 80
 0 81
 0 82
 0 83
 0 84
 0 85
 0 86
 0 87
 3 88
 10 89
 53 90
 124 91
 202 92
 334 93
 444 94
 583 95
 900 96
 1326 97
 1583 98
 1649 99
 1816 100
 1950 101
 1939 102
 1774 103
 1775 104
 1679 105
 1687 106
 1501 107
 1340 108
 1267 109
 1179 110
 1067 111
 949 112
 865 113
 745 114
 685 115
 595 116
 549 117
 554 118
 453 119
 375 120
 387 121
 343 122
 311 123
 299 124
 278 125
 231 126
 207 127
 171 128
 166 129
 148 130
 146 131
 123 132
 132 133
 117 134
 111 135
 99 136
 94 137
 89 138
 87 139
 89 140
 78 141
 54 142
 72 143
 77 144
 63 145
 57 146
 46 147
 48 148
 46 149
 40 150
 47 151
 37 152
 35 153
 33 154
 32 155
 31 156
 23 157
 19 158
 17 159
 27 160
 18 161
 10 162
 23 163
 15 164
 15 165
 16 166
 8 167
 7 168
 18 169
 7 170
 7 171
 10 172
 7 173
 11 174
 7 175
 5 176
 8 177
 5 178
 7 179
 2 180
 4 181
 6 182
 3 183
 7 184
 4 185
 4 186
 4 187
 3 188
 3 189
 1 190
 5 191
 4 192
 1 193
 3 194
 2 195
 1 196
 2 197
 3 198
 0 199
 2 200
 1 201
 0 202
 0 203
 0 204
 2 205
 1 206
 0 207
 3 208
 1 209
 1 210
 0 211
 0 212
 0 213
 0 214
 1 215
 0 216
 0 217
 0 218
 0 219
 0 220
 1 221
 1 222
 1 223
 0 224
 0 225
 0 226
 0 227
 0 228
 0 229
 0 230
 0 231
 0 232
 0 233
 0 234
 0 235
 0 236
 0 237
 0 238
 0 239
 0 240
 0 241
 0 242
 0 243
 0 244
 0 245
 0 246
 0 247
 0 248
 0 249
 0 250
 0 251
 0 252
 0 253
 0 254
 0 255
 0 256
 0 257
 0 258
 0 259
 0 260
 0 261
 0 262
 0 263
 0 264
 0 265
 0 266
 0 267
 0 268
 0 269
 0 270
 0 271
 0 272
 0 273
 0 274
 0 275
 0 276
 0 277
 0 278
 0 279
 0 280
 1 281
 0 282
 0 283
 0 284
 0 285
 2 286
 0 287
 0 288
 0 289
 0 290
 0 291
 0 292
 3 293
 2 294
 0 295
 0 296
 0 297
 2 298
 2 299
 0 300
 1 301
 2 302
 3 303
 0 304
 2 305
 2 306
 1 307
 2 308
 3 309
 2 310
 1 311
 2 312
 0 313
 1 314
 4 315
 1 316
 0 317
 4 318
 1 319
 1 320
 3 321
 0 322
 3 323
 2 324
 3 325
 2 326
 1 327
 2 328
 5 329
 2 330
 4 331
 2 332
 2 333
 2 334
 2 335
 2 336
 0 337
 4 338
 3 339
 2 340
 3 341
 2 342
 1 343
 3 344
 2 345
 2 346
 0 347
 3 348
 1 349
 2 350
 0 351
 5 352
 1 353
 1 354
 1 355
 2 356
 3 357
 4 358
 0 359
 4 360
 0 361
 2 362
 2 363
 3 364
 0 365
 0 366
 1 367
 1 368
 0 369
 0 370
 1 371
 1 372
 2 373
 1 374
 3 375
 1 376
 0 377
 1 378
 0 379
 1 380
 1 381
 0 382
 0 383
 0 384
 1 385
 0 386
 0 387
 0 388
 1 389
 0 390
 0 391
 0 392
 0 393
 0 394
 0 395
 1 396
 0 397
 0 398
 0 399
 0 400
 0 401
 0 402
 0 403
 0 404
 0 405
 0 406
 0 407
 1 408
 0 409
 0 410
 0 411
 0 412
 0 413
 0 414
 0 415
 0 416
 0 417
 0 418
 1 419
 0 420
 0 421
 0 422
 0 423
 0 424
 0 425
 0 426
 0 427
 0 428
 0 429
 1 430
 0 431
 0 432
 0 433
 0 434
 0 435
 0 436
 0 437
 0 438
 0 439
 0 440
 0 441
 0 442
 0 443
 0 444
 0 445
 0 446
 0 447
 0 448
 0 449
 0 450
 0 451
 0 452
 0 453
 0 454
 0 455
 0 456
 0 457
 0 458
 0 459
 0 460
 0 461
 0 462
 0 463
 0 464
 0 465
 0 466
 0 467
 0 468
 0 469
 0 470
 0 471
 0 472
 0 473
 0 474
 0 475
 0 476
 0 477
 0 478
 0 479
 0 480
 0 481
 0 482
 0 483
 0 484
 0 485
 0 486
 0 487
 0 488
 0 489
 0 490
 0 491
 0 492
 0 493
 0 494
 0 495
 0 496
 0 497
 0 498
 0 499
 0 500
 0 501
 0 502
 0 503
 0 504
 0 505
 0 506
 0 507
 0 508
 0 509
 0 510
 0 511
 0 512
 0 513
 0 514
 0 515
 0 516
 0 517
 0 518
 0 519
 0 520
 0 521
 0 522
 0 523
 0 524
 0 525
 0 526
 0 527
 0 528
 0 529
 0 530
 0 531
 0 532
 0 533
 0 534
 0 535
 0 536
 0 537
 0 538
 0 539
 0 540
 0 541
 0 542
 0 543
 0 544
 0 545
 0 546
 0 547
 0 548
 0 549
 0 550
 0 551
 0 552
 0 553
 0 554
 0 555
 0 556
 0 557
 0 558
 0 559
 0 560
 0 561
 0 562
 0 563
 0 564
 0 565
 0 566
 0 567
 0 568
 0 569
 0 570
 0 571
 0 572
 0 573
 0 574
 0 575
 0 576
 0 577
 0 578
 0 579
 0 580
 0 581
 0 582
 0 583
 0 584
 0 585
 0 586
 0 587
 0 588
 0 589
 0 590
 0 591
 0 592
 0 593
 0 594
 0 595
 0 596
 0 597
 0 598
 0 599
 0 600


