# Created by Octave 3.8.2, Mon Jun 22 05:42:03 2020 CEST <damian@fptrucha.inv.usc.es>
# name: hd
# type: matrix
# rows: 551
# columns: 2
 0 50
 0 51
 0 52
 0 53
 0 54
 0 55
 0 56
 0 57
 0 58
 0 59
 0 60
 0 61
 0 62
 0 63
 0 64
 0 65
 0 66
 0 67
 0 68
 0 69
 0 70
 0 71
 0 72
 0 73
 0 74
 0 75
 0 76
 0 77
 0 78
 0 79
 0 80
 0 81
 0 82
 0 83
 0 84
 0 85
 0 86
 0 87
 3 88
 4 89
 24 90
 98 91
 180 92
 269 93
 328 94
 452 95
 678 96
 1006 97
 1301 98
 1483 99
 1533 100
 1740 101
 1769 102
 1689 103
 1540 104
 1551 105
 1515 106
 1380 107
 1292 108
 1164 109
 1059 110
 972 111
 875 112
 819 113
 704 114
 694 115
 595 116
 462 117
 494 118
 431 119
 360 120
 364 121
 316 122
 249 123
 275 124
 249 125
 191 126
 194 127
 162 128
 186 129
 169 130
 113 131
 127 132
 120 133
 98 134
 127 135
 94 136
 93 137
 105 138
 73 139
 81 140
 76 141
 68 142
 69 143
 58 144
 44 145
 75 146
 59 147
 50 148
 44 149
 43 150
 47 151
 45 152
 45 153
 45 154
 40 155
 31 156
 41 157
 35 158
 23 159
 25 160
 29 161
 19 162
 18 163
 25 164
 26 165
 19 166
 15 167
 12 168
 18 169
 10 170
 16 171
 16 172
 11 173
 10 174
 16 175
 7 176
 5 177
 5 178
 6 179
 14 180
 13 181
 6 182
 5 183
 5 184
 5 185
 6 186
 5 187
 1 188
 1 189
 1 190
 5 191
 3 192
 6 193
 0 194
 6 195
 0 196
 3 197
 0 198
 2 199
 3 200
 2 201
 3 202
 0 203
 4 204
 1 205
 3 206
 0 207
 1 208
 0 209
 1 210
 2 211
 0 212
 1 213
 1 214
 0 215
 1 216
 2 217
 1 218
 1 219
 0 220
 0 221
 0 222
 0 223
 1 224
 0 225
 0 226
 0 227
 0 228
 1 229
 1 230
 0 231
 1 232
 0 233
 0 234
 0 235
 0 236
 0 237
 0 238
 0 239
 0 240
 1 241
 0 242
 0 243
 0 244
 0 245
 0 246
 0 247
 0 248
 0 249
 0 250
 0 251
 0 252
 0 253
 0 254
 0 255
 1 256
 0 257
 0 258
 0 259
 0 260
 0 261
 0 262
 0 263
 0 264
 0 265
 0 266
 0 267
 0 268
 0 269
 0 270
 0 271
 0 272
 0 273
 0 274
 0 275
 0 276
 0 277
 0 278
 1 279
 0 280
 0 281
 0 282
 0 283
 0 284
 0 285
 0 286
 0 287
 0 288
 1 289
 1 290
 0 291
 1 292
 0 293
 3 294
 1 295
 2 296
 0 297
 1 298
 1 299
 1 300
 1 301
 2 302
 2 303
 2 304
 3 305
 2 306
 3 307
 2 308
 3 309
 1 310
 3 311
 2 312
 1 313
 0 314
 0 315
 4 316
 5 317
 0 318
 1 319
 3 320
 2 321
 1 322
 3 323
 2 324
 3 325
 4 326
 3 327
 0 328
 3 329
 3 330
 1 331
 1 332
 1 333
 5 334
 5 335
 1 336
 1 337
 3 338
 3 339
 1 340
 6 341
 3 342
 5 343
 5 344
 2 345
 2 346
 9 347
 2 348
 1 349
 1 350
 0 351
 3 352
 1 353
 4 354
 0 355
 4 356
 3 357
 1 358
 4 359
 1 360
 1 361
 0 362
 0 363
 1 364
 1 365
 2 366
 2 367
 1 368
 0 369
 1 370
 1 371
 2 372
 1 373
 0 374
 1 375
 0 376
 0 377
 0 378
 0 379
 2 380
 1 381
 0 382
 0 383
 0 384
 0 385
 2 386
 0 387
 1 388
 0 389
 0 390
 0 391
 0 392
 1 393
 1 394
 0 395
 1 396
 0 397
 0 398
 0 399
 1 400
 0 401
 0 402
 0 403
 0 404
 0 405
 0 406
 0 407
 0 408
 0 409
 0 410
 0 411
 0 412
 0 413
 0 414
 0 415
 0 416
 0 417
 0 418
 1 419
 0 420
 0 421
 0 422
 0 423
 0 424
 0 425
 0 426
 0 427
 0 428
 0 429
 0 430
 0 431
 0 432
 0 433
 0 434
 0 435
 0 436
 0 437
 0 438
 0 439
 0 440
 0 441
 0 442
 0 443
 0 444
 0 445
 0 446
 0 447
 0 448
 0 449
 0 450
 0 451
 0 452
 0 453
 0 454
 0 455
 0 456
 0 457
 0 458
 0 459
 0 460
 0 461
 0 462
 0 463
 0 464
 0 465
 0 466
 0 467
 0 468
 0 469
 0 470
 0 471
 0 472
 0 473
 0 474
 0 475
 0 476
 0 477
 0 478
 0 479
 0 480
 0 481
 0 482
 0 483
 0 484
 0 485
 0 486
 0 487
 0 488
 0 489
 0 490
 0 491
 0 492
 0 493
 0 494
 0 495
 0 496
 0 497
 0 498
 0 499
 0 500
 0 501
 0 502
 0 503
 0 504
 0 505
 0 506
 0 507
 0 508
 0 509
 0 510
 0 511
 0 512
 0 513
 0 514
 0 515
 0 516
 0 517
 0 518
 0 519
 0 520
 0 521
 0 522
 0 523
 0 524
 0 525
 0 526
 0 527
 0 528
 0 529
 0 530
 0 531
 0 532
 0 533
 0 534
 0 535
 0 536
 0 537
 0 538
 0 539
 0 540
 0 541
 0 542
 0 543
 0 544
 0 545
 0 546
 0 547
 0 548
 0 549
 0 550
 0 551
 0 552
 0 553
 0 554
 0 555
 0 556
 0 557
 0 558
 0 559
 0 560
 0 561
 0 562
 0 563
 0 564
 0 565
 0 566
 0 567
 0 568
 0 569
 0 570
 0 571
 0 572
 0 573
 0 574
 0 575
 0 576
 0 577
 0 578
 0 579
 0 580
 0 581
 0 582
 0 583
 0 584
 0 585
 0 586
 0 587
 0 588
 0 589
 0 590
 0 591
 0 592
 0 593
 0 594
 0 595
 0 596
 0 597
 0 598
 0 599
 0 600


