# Created by Octave 3.8.2, Sun Jun 21 00:20:15 2020 CEST <damian@fptrucha.inv.usc.es>
# name: hd
# type: matrix
# rows: 551
# columns: 2
 0 50
 0 51
 0 52
 0 53
 0 54
 0 55
 0 56
 0 57
 0 58
 0 59
 0 60
 0 61
 0 62
 0 63
 0 64
 0 65
 0 66
 0 67
 0 68
 0 69
 0 70
 0 71
 0 72
 0 73
 0 74
 0 75
 0 76
 0 77
 0 78
 0 79
 0 80
 0 81
 0 82
 0 83
 0 84
 0 85
 0 86
 2 87
 4 88
 16 89
 66 90
 115 91
 198 92
 299 93
 363 94
 522 95
 789 96
 950 97
 1288 98
 1288 99
 1452 100
 1535 101
 1517 102
 1556 103
 1517 104
 1499 105
 1387 106
 1338 107
 1272 108
 1211 109
 1152 110
 1097 111
 933 112
 929 113
 831 114
 720 115
 669 116
 632 117
 581 118
 556 119
 506 120
 430 121
 372 122
 329 123
 325 124
 296 125
 259 126
 230 127
 223 128
 216 129
 172 130
 156 131
 160 132
 127 133
 122 134
 116 135
 92 136
 90 137
 97 138
 75 139
 66 140
 67 141
 67 142
 48 143
 62 144
 60 145
 59 146
 48 147
 41 148
 42 149
 39 150
 36 151
 33 152
 31 153
 28 154
 30 155
 22 156
 23 157
 29 158
 25 159
 21 160
 27 161
 20 162
 22 163
 18 164
 22 165
 19 166
 9 167
 15 168
 12 169
 16 170
 12 171
 9 172
 3 173
 4 174
 4 175
 8 176
 6 177
 9 178
 5 179
 2 180
 5 181
 2 182
 7 183
 4 184
 6 185
 5 186
 3 187
 0 188
 4 189
 2 190
 1 191
 7 192
 2 193
 2 194
 1 195
 0 196
 1 197
 2 198
 0 199
 1 200
 0 201
 1 202
 0 203
 2 204
 0 205
 0 206
 1 207
 1 208
 0 209
 0 210
 1 211
 0 212
 1 213
 0 214
 2 215
 1 216
 0 217
 1 218
 0 219
 0 220
 0 221
 0 222
 0 223
 0 224
 0 225
 1 226
 0 227
 0 228
 0 229
 0 230
 0 231
 0 232
 0 233
 0 234
 0 235
 0 236
 0 237
 0 238
 0 239
 0 240
 1 241
 0 242
 0 243
 0 244
 0 245
 0 246
 0 247
 0 248
 0 249
 0 250
 0 251
 0 252
 0 253
 0 254
 0 255
 0 256
 0 257
 0 258
 0 259
 0 260
 0 261
 0 262
 0 263
 0 264
 0 265
 0 266
 0 267
 0 268
 0 269
 0 270
 0 271
 0 272
 0 273
 0 274
 0 275
 0 276
 0 277
 0 278
 0 279
 0 280
 0 281
 0 282
 0 283
 0 284
 0 285
 0 286
 0 287
 0 288
 0 289
 1 290
 0 291
 0 292
 1 293
 0 294
 0 295
 3 296
 0 297
 0 298
 1 299
 1 300
 1 301
 1 302
 1 303
 0 304
 0 305
 3 306
 0 307
 1 308
 0 309
 1 310
 0 311
 3 312
 2 313
 0 314
 0 315
 1 316
 2 317
 0 318
 3 319
 2 320
 1 321
 2 322
 1 323
 3 324
 3 325
 4 326
 3 327
 4 328
 2 329
 1 330
 2 331
 1 332
 2 333
 2 334
 1 335
 1 336
 2 337
 2 338
 1 339
 1 340
 1 341
 0 342
 2 343
 1 344
 0 345
 0 346
 2 347
 0 348
 0 349
 0 350
 1 351
 1 352
 0 353
 2 354
 0 355
 0 356
 0 357
 4 358
 1 359
 2 360
 1 361
 0 362
 1 363
 0 364
 1 365
 3 366
 1 367
 2 368
 0 369
 1 370
 1 371
 0 372
 0 373
 0 374
 0 375
 0 376
 1 377
 0 378
 0 379
 0 380
 0 381
 0 382
 0 383
 0 384
 0 385
 0 386
 0 387
 0 388
 0 389
 0 390
 0 391
 0 392
 1 393
 0 394
 0 395
 0 396
 0 397
 1 398
 0 399
 0 400
 2 401
 0 402
 0 403
 0 404
 0 405
 0 406
 0 407
 1 408
 0 409
 0 410
 0 411
 0 412
 0 413
 0 414
 0 415
 0 416
 0 417
 1 418
 0 419
 0 420
 0 421
 0 422
 0 423
 0 424
 0 425
 0 426
 0 427
 0 428
 0 429
 0 430
 0 431
 0 432
 0 433
 0 434
 0 435
 0 436
 0 437
 0 438
 0 439
 0 440
 0 441
 0 442
 0 443
 0 444
 0 445
 0 446
 0 447
 0 448
 0 449
 0 450
 0 451
 0 452
 0 453
 0 454
 0 455
 0 456
 0 457
 0 458
 0 459
 0 460
 0 461
 0 462
 0 463
 0 464
 0 465
 0 466
 0 467
 0 468
 0 469
 0 470
 0 471
 0 472
 0 473
 0 474
 0 475
 0 476
 0 477
 0 478
 0 479
 0 480
 0 481
 0 482
 0 483
 0 484
 0 485
 0 486
 0 487
 0 488
 0 489
 0 490
 0 491
 0 492
 0 493
 0 494
 0 495
 0 496
 0 497
 0 498
 0 499
 0 500
 0 501
 0 502
 0 503
 0 504
 0 505
 0 506
 0 507
 0 508
 0 509
 0 510
 0 511
 0 512
 0 513
 0 514
 0 515
 0 516
 0 517
 0 518
 0 519
 0 520
 0 521
 0 522
 0 523
 0 524
 0 525
 0 526
 0 527
 0 528
 0 529
 0 530
 0 531
 0 532
 0 533
 0 534
 0 535
 0 536
 0 537
 0 538
 0 539
 0 540
 0 541
 0 542
 0 543
 0 544
 0 545
 0 546
 0 547
 0 548
 0 549
 0 550
 0 551
 0 552
 0 553
 0 554
 0 555
 0 556
 0 557
 0 558
 0 559
 0 560
 0 561
 0 562
 0 563
 0 564
 0 565
 0 566
 0 567
 0 568
 0 569
 0 570
 0 571
 0 572
 0 573
 0 574
 0 575
 0 576
 0 577
 0 578
 0 579
 0 580
 0 581
 0 582
 0 583
 0 584
 0 585
 0 586
 0 587
 0 588
 0 589
 0 590
 0 591
 0 592
 0 593
 0 594
 0 595
 0 596
 0 597
 0 598
 0 599
 0 600


