# Created by Octave 3.8.2, Mon Jun 22 01:17:02 2020 CEST <damian@fptrucha.inv.usc.es>
# name: hd
# type: matrix
# rows: 551
# columns: 2
 0 50
 0 51
 0 52
 0 53
 0 54
 0 55
 0 56
 0 57
 0 58
 0 59
 0 60
 0 61
 0 62
 0 63
 0 64
 0 65
 0 66
 0 67
 0 68
 0 69
 0 70
 0 71
 0 72
 0 73
 0 74
 0 75
 0 76
 0 77
 0 78
 0 79
 0 80
 0 81
 0 82
 0 83
 0 84
 0 85
 1 86
 2 87
 4 88
 16 89
 68 90
 130 91
 201 92
 295 93
 413 94
 571 95
 862 96
 1144 97
 1269 98
 1408 99
 1528 100
 1590 101
 1663 102
 1572 103
 1498 104
 1478 105
 1472 106
 1372 107
 1317 108
 1246 109
 1152 110
 1073 111
 1014 112
 923 113
 911 114
 804 115
 705 116
 625 117
 556 118
 486 119
 531 120
 375 121
 355 122
 370 123
 290 124
 304 125
 238 126
 238 127
 215 128
 190 129
 157 130
 142 131
 118 132
 125 133
 105 134
 109 135
 101 136
 116 137
 97 138
 94 139
 61 140
 70 141
 60 142
 55 143
 54 144
 54 145
 45 146
 48 147
 30 148
 31 149
 29 150
 35 151
 33 152
 23 153
 29 154
 30 155
 20 156
 27 157
 23 158
 26 159
 24 160
 13 161
 20 162
 28 163
 20 164
 12 165
 8 166
 6 167
 10 168
 16 169
 7 170
 9 171
 4 172
 6 173
 7 174
 4 175
 5 176
 4 177
 5 178
 4 179
 4 180
 1 181
 3 182
 1 183
 5 184
 1 185
 3 186
 2 187
 4 188
 0 189
 3 190
 5 191
 2 192
 1 193
 0 194
 2 195
 0 196
 1 197
 0 198
 1 199
 0 200
 1 201
 3 202
 0 203
 0 204
 0 205
 1 206
 0 207
 0 208
 2 209
 1 210
 0 211
 1 212
 0 213
 0 214
 1 215
 0 216
 0 217
 0 218
 1 219
 0 220
 0 221
 1 222
 0 223
 0 224
 1 225
 0 226
 0 227
 0 228
 0 229
 0 230
 0 231
 0 232
 0 233
 0 234
 0 235
 0 236
 0 237
 0 238
 1 239
 0 240
 0 241
 0 242
 0 243
 0 244
 0 245
 0 246
 0 247
 0 248
 0 249
 0 250
 0 251
 0 252
 0 253
 0 254
 0 255
 0 256
 0 257
 0 258
 0 259
 0 260
 0 261
 0 262
 0 263
 0 264
 0 265
 0 266
 0 267
 0 268
 0 269
 0 270
 1 271
 0 272
 0 273
 0 274
 0 275
 0 276
 0 277
 0 278
 0 279
 0 280
 0 281
 0 282
 0 283
 0 284
 0 285
 0 286
 0 287
 0 288
 0 289
 0 290
 0 291
 1 292
 0 293
 2 294
 1 295
 1 296
 0 297
 2 298
 0 299
 2 300
 0 301
 0 302
 0 303
 1 304
 1 305
 1 306
 1 307
 0 308
 0 309
 2 310
 2 311
 3 312
 1 313
 0 314
 2 315
 3 316
 2 317
 1 318
 1 319
 1 320
 3 321
 0 322
 0 323
 3 324
 1 325
 1 326
 2 327
 2 328
 2 329
 3 330
 2 331
 0 332
 1 333
 2 334
 1 335
 1 336
 3 337
 4 338
 0 339
 2 340
 0 341
 1 342
 0 343
 2 344
 2 345
 1 346
 0 347
 0 348
 2 349
 2 350
 1 351
 4 352
 0 353
 0 354
 0 355
 0 356
 0 357
 2 358
 0 359
 2 360
 1 361
 1 362
 0 363
 1 364
 1 365
 1 366
 1 367
 0 368
 1 369
 1 370
 2 371
 1 372
 0 373
 1 374
 0 375
 0 376
 1 377
 3 378
 2 379
 0 380
 1 381
 0 382
 1 383
 0 384
 0 385
 3 386
 0 387
 0 388
 0 389
 0 390
 1 391
 1 392
 2 393
 0 394
 1 395
 0 396
 0 397
 1 398
 0 399
 1 400
 1 401
 0 402
 0 403
 0 404
 0 405
 0 406
 0 407
 0 408
 1 409
 0 410
 0 411
 0 412
 0 413
 0 414
 1 415
 1 416
 0 417
 0 418
 0 419
 0 420
 0 421
 0 422
 0 423
 0 424
 0 425
 0 426
 0 427
 0 428
 0 429
 0 430
 0 431
 0 432
 0 433
 0 434
 1 435
 0 436
 0 437
 0 438
 0 439
 0 440
 0 441
 1 442
 0 443
 0 444
 0 445
 0 446
 0 447
 0 448
 0 449
 0 450
 0 451
 0 452
 0 453
 0 454
 0 455
 0 456
 0 457
 0 458
 0 459
 0 460
 0 461
 0 462
 0 463
 0 464
 0 465
 0 466
 0 467
 0 468
 0 469
 0 470
 0 471
 0 472
 0 473
 0 474
 0 475
 0 476
 0 477
 0 478
 0 479
 0 480
 0 481
 0 482
 0 483
 0 484
 0 485
 0 486
 0 487
 0 488
 0 489
 0 490
 0 491
 0 492
 0 493
 0 494
 0 495
 0 496
 0 497
 0 498
 0 499
 0 500
 0 501
 0 502
 0 503
 0 504
 0 505
 0 506
 0 507
 0 508
 0 509
 0 510
 0 511
 0 512
 0 513
 0 514
 0 515
 0 516
 0 517
 0 518
 0 519
 0 520
 0 521
 0 522
 0 523
 0 524
 0 525
 0 526
 0 527
 0 528
 0 529
 0 530
 0 531
 0 532
 0 533
 0 534
 0 535
 0 536
 0 537
 0 538
 0 539
 0 540
 0 541
 0 542
 0 543
 0 544
 0 545
 0 546
 0 547
 0 548
 0 549
 0 550
 0 551
 0 552
 0 553
 0 554
 0 555
 0 556
 0 557
 0 558
 0 559
 0 560
 0 561
 0 562
 0 563
 0 564
 0 565
 0 566
 0 567
 0 568
 0 569
 0 570
 0 571
 0 572
 0 573
 0 574
 0 575
 0 576
 0 577
 0 578
 0 579
 0 580
 0 581
 0 582
 0 583
 0 584
 0 585
 0 586
 0 587
 0 588
 0 589
 0 590
 0 591
 0 592
 0 593
 0 594
 0 595
 0 596
 0 597
 0 598
 0 599
 0 600


