# Created by Octave 3.8.2, Mon Jun 22 09:45:23 2020 CEST <damian@fptrucha.inv.usc.es>
# name: hd
# type: matrix
# rows: 551
# columns: 2
 0 50
 0 51
 0 52
 0 53
 0 54
 0 55
 0 56
 0 57
 0 58
 0 59
 0 60
 0 61
 0 62
 0 63
 0 64
 0 65
 0 66
 0 67
 0 68
 0 69
 0 70
 0 71
 0 72
 0 73
 0 74
 0 75
 0 76
 0 77
 0 78
 0 79
 0 80
 0 81
 0 82
 0 83
 0 84
 0 85
 0 86
 0 87
 2 88
 10 89
 35 90
 89 91
 186 92
 284 93
 340 94
 460 95
 740 96
 1076 97
 1322 98
 1528 99
 1690 100
 1691 101
 1733 102
 1717 103
 1663 104
 1615 105
 1540 106
 1441 107
 1353 108
 1192 109
 1160 110
 1074 111
 963 112
 864 113
 787 114
 734 115
 654 116
 530 117
 473 118
 431 119
 444 120
 385 121
 301 122
 300 123
 253 124
 211 125
 205 126
 192 127
 178 128
 185 129
 162 130
 146 131
 138 132
 123 133
 129 134
 123 135
 114 136
 95 137
 96 138
 70 139
 84 140
 69 141
 77 142
 64 143
 54 144
 54 145
 46 146
 53 147
 35 148
 48 149
 52 150
 42 151
 45 152
 34 153
 43 154
 29 155
 31 156
 31 157
 32 158
 26 159
 22 160
 25 161
 16 162
 26 163
 20 164
 17 165
 13 166
 15 167
 6 168
 19 169
 17 170
 13 171
 12 172
 12 173
 11 174
 12 175
 7 176
 8 177
 8 178
 19 179
 8 180
 3 181
 3 182
 6 183
 5 184
 6 185
 4 186
 3 187
 3 188
 2 189
 3 190
 5 191
 2 192
 2 193
 4 194
 2 195
 3 196
 3 197
 2 198
 1 199
 1 200
 2 201
 0 202
 0 203
 0 204
 0 205
 1 206
 2 207
 1 208
 2 209
 2 210
 1 211
 0 212
 0 213
 0 214
 1 215
 1 216
 0 217
 0 218
 1 219
 0 220
 0 221
 1 222
 0 223
 0 224
 0 225
 1 226
 0 227
 0 228
 0 229
 0 230
 0 231
 0 232
 0 233
 0 234
 0 235
 0 236
 0 237
 0 238
 0 239
 0 240
 0 241
 0 242
 0 243
 1 244
 1 245
 0 246
 0 247
 0 248
 0 249
 0 250
 0 251
 0 252
 0 253
 0 254
 0 255
 0 256
 0 257
 0 258
 0 259
 0 260
 0 261
 0 262
 0 263
 0 264
 0 265
 0 266
 0 267
 0 268
 0 269
 0 270
 0 271
 0 272
 0 273
 0 274
 0 275
 0 276
 0 277
 1 278
 0 279
 0 280
 0 281
 0 282
 0 283
 0 284
 0 285
 0 286
 0 287
 0 288
 0 289
 0 290
 2 291
 0 292
 0 293
 1 294
 2 295
 0 296
 2 297
 1 298
 0 299
 1 300
 1 301
 1 302
 2 303
 0 304
 3 305
 2 306
 2 307
 5 308
 2 309
 1 310
 4 311
 3 312
 2 313
 3 314
 3 315
 0 316
 0 317
 3 318
 1 319
 2 320
 3 321
 3 322
 1 323
 1 324
 5 325
 4 326
 6 327
 2 328
 1 329
 2 330
 2 331
 1 332
 5 333
 3 334
 4 335
 6 336
 1 337
 4 338
 0 339
 7 340
 1 341
 0 342
 4 343
 1 344
 1 345
 2 346
 1 347
 3 348
 1 349
 3 350
 2 351
 0 352
 1 353
 0 354
 0 355
 2 356
 3 357
 1 358
 2 359
 4 360
 0 361
 1 362
 2 363
 0 364
 1 365
 1 366
 0 367
 0 368
 0 369
 1 370
 1 371
 0 372
 2 373
 2 374
 1 375
 1 376
 0 377
 2 378
 1 379
 0 380
 0 381
 0 382
 4 383
 0 384
 0 385
 1 386
 0 387
 1 388
 0 389
 1 390
 0 391
 1 392
 1 393
 0 394
 1 395
 0 396
 0 397
 0 398
 0 399
 0 400
 0 401
 0 402
 0 403
 0 404
 0 405
 0 406
 0 407
 1 408
 0 409
 0 410
 0 411
 0 412
 0 413
 1 414
 0 415
 0 416
 0 417
 0 418
 0 419
 0 420
 0 421
 0 422
 0 423
 0 424
 0 425
 0 426
 0 427
 0 428
 0 429
 0 430
 0 431
 0 432
 0 433
 0 434
 0 435
 0 436
 0 437
 0 438
 0 439
 0 440
 0 441
 0 442
 0 443
 0 444
 0 445
 0 446
 0 447
 0 448
 0 449
 0 450
 0 451
 0 452
 0 453
 0 454
 0 455
 0 456
 0 457
 0 458
 0 459
 0 460
 0 461
 0 462
 0 463
 0 464
 0 465
 0 466
 0 467
 0 468
 0 469
 0 470
 0 471
 0 472
 0 473
 0 474
 0 475
 0 476
 0 477
 0 478
 0 479
 0 480
 0 481
 0 482
 0 483
 0 484
 0 485
 0 486
 0 487
 0 488
 0 489
 0 490
 0 491
 0 492
 0 493
 0 494
 0 495
 0 496
 0 497
 0 498
 0 499
 0 500
 0 501
 0 502
 0 503
 0 504
 0 505
 0 506
 0 507
 0 508
 0 509
 0 510
 0 511
 0 512
 0 513
 0 514
 0 515
 0 516
 0 517
 0 518
 0 519
 0 520
 0 521
 0 522
 0 523
 0 524
 0 525
 0 526
 0 527
 0 528
 0 529
 0 530
 0 531
 0 532
 0 533
 0 534
 0 535
 0 536
 0 537
 0 538
 0 539
 0 540
 0 541
 0 542
 0 543
 0 544
 0 545
 0 546
 0 547
 0 548
 0 549
 0 550
 0 551
 0 552
 0 553
 0 554
 0 555
 0 556
 0 557
 0 558
 0 559
 0 560
 0 561
 0 562
 0 563
 0 564
 0 565
 0 566
 0 567
 0 568
 0 569
 0 570
 0 571
 0 572
 0 573
 0 574
 0 575
 0 576
 0 577
 0 578
 0 579
 0 580
 0 581
 0 582
 0 583
 0 584
 0 585
 0 586
 0 587
 0 588
 0 589
 0 590
 0 591
 0 592
 0 593
 0 594
 0 595
 0 596
 0 597
 0 598
 0 599
 0 600


