# Created by Octave 3.8.2, Mon Jun 22 23:56:12 2020 CEST <damian@fptrucha.inv.usc.es>
# name: hd
# type: matrix
# rows: 551
# columns: 2
 0 50
 0 51
 0 52
 0 53
 0 54
 0 55
 0 56
 0 57
 0 58
 0 59
 0 60
 0 61
 0 62
 0 63
 0 64
 0 65
 0 66
 0 67
 0 68
 0 69
 0 70
 0 71
 0 72
 0 73
 0 74
 0 75
 0 76
 0 77
 0 78
 0 79
 0 80
 0 81
 0 82
 0 83
 0 84
 0 85
 0 86
 3 87
 4 88
 14 89
 59 90
 119 91
 266 92
 340 93
 404 94
 653 95
 948 96
 1328 97
 1520 98
 1688 99
 1805 100
 1946 101
 1899 102
 1899 103
 1822 104
 1683 105
 1682 106
 1532 107
 1385 108
 1342 109
 1222 110
 1085 111
 1027 112
 950 113
 809 114
 728 115
 687 116
 612 117
 587 118
 476 119
 436 120
 400 121
 360 122
 317 123
 248 124
 265 125
 246 126
 196 127
 177 128
 182 129
 185 130
 157 131
 151 132
 127 133
 128 134
 126 135
 100 136
 93 137
 84 138
 74 139
 77 140
 69 141
 63 142
 73 143
 67 144
 58 145
 65 146
 52 147
 48 148
 55 149
 47 150
 40 151
 48 152
 34 153
 33 154
 35 155
 40 156
 28 157
 25 158
 30 159
 34 160
 23 161
 27 162
 20 163
 18 164
 23 165
 20 166
 20 167
 13 168
 6 169
 12 170
 8 171
 11 172
 9 173
 8 174
 9 175
 8 176
 12 177
 11 178
 4 179
 5 180
 5 181
 1 182
 6 183
 7 184
 2 185
 6 186
 3 187
 7 188
 4 189
 3 190
 5 191
 5 192
 1 193
 2 194
 3 195
 2 196
 3 197
 3 198
 0 199
 2 200
 3 201
 3 202
 0 203
 1 204
 1 205
 1 206
 0 207
 0 208
 2 209
 1 210
 1 211
 0 212
 0 213
 0 214
 1 215
 0 216
 0 217
 0 218
 1 219
 1 220
 0 221
 0 222
 0 223
 0 224
 0 225
 0 226
 0 227
 0 228
 0 229
 0 230
 0 231
 0 232
 0 233
 0 234
 0 235
 0 236
 0 237
 0 238
 0 239
 0 240
 0 241
 0 242
 0 243
 0 244
 0 245
 0 246
 0 247
 0 248
 0 249
 0 250
 0 251
 0 252
 0 253
 0 254
 0 255
 0 256
 0 257
 0 258
 0 259
 0 260
 0 261
 0 262
 0 263
 0 264
 0 265
 0 266
 0 267
 0 268
 0 269
 0 270
 0 271
 0 272
 0 273
 0 274
 0 275
 0 276
 0 277
 0 278
 0 279
 0 280
 0 281
 0 282
 0 283
 0 284
 0 285
 0 286
 0 287
 0 288
 1 289
 0 290
 0 291
 0 292
 0 293
 0 294
 0 295
 0 296
 0 297
 1 298
 1 299
 0 300
 0 301
 0 302
 2 303
 0 304
 2 305
 1 306
 2 307
 2 308
 2 309
 1 310
 1 311
 2 312
 2 313
 3 314
 1 315
 2 316
 1 317
 1 318
 2 319
 4 320
 0 321
 2 322
 2 323
 3 324
 2 325
 4 326
 1 327
 2 328
 1 329
 2 330
 3 331
 1 332
 3 333
 1 334
 2 335
 1 336
 0 337
 1 338
 2 339
 3 340
 2 341
 4 342
 0 343
 3 344
 0 345
 2 346
 1 347
 3 348
 1 349
 0 350
 5 351
 2 352
 2 353
 1 354
 2 355
 3 356
 1 357
 0 358
 3 359
 2 360
 1 361
 1 362
 2 363
 1 364
 4 365
 0 366
 0 367
 0 368
 3 369
 1 370
 1 371
 1 372
 0 373
 1 374
 1 375
 1 376
 1 377
 1 378
 0 379
 0 380
 0 381
 2 382
 0 383
 0 384
 0 385
 1 386
 0 387
 0 388
 0 389
 0 390
 0 391
 0 392
 0 393
 0 394
 0 395
 1 396
 0 397
 0 398
 1 399
 0 400
 1 401
 0 402
 0 403
 0 404
 1 405
 0 406
 0 407
 0 408
 0 409
 0 410
 0 411
 0 412
 0 413
 0 414
 0 415
 0 416
 0 417
 0 418
 0 419
 0 420
 0 421
 0 422
 0 423
 0 424
 0 425
 0 426
 0 427
 0 428
 0 429
 0 430
 0 431
 0 432
 0 433
 0 434
 0 435
 0 436
 0 437
 0 438
 0 439
 0 440
 0 441
 0 442
 0 443
 0 444
 0 445
 0 446
 0 447
 0 448
 0 449
 0 450
 0 451
 0 452
 0 453
 0 454
 0 455
 0 456
 0 457
 0 458
 0 459
 0 460
 0 461
 0 462
 0 463
 0 464
 0 465
 0 466
 0 467
 0 468
 0 469
 0 470
 0 471
 0 472
 0 473
 0 474
 0 475
 0 476
 0 477
 0 478
 0 479
 0 480
 0 481
 0 482
 0 483
 0 484
 0 485
 0 486
 0 487
 0 488
 0 489
 0 490
 0 491
 0 492
 0 493
 0 494
 0 495
 0 496
 0 497
 0 498
 0 499
 0 500
 0 501
 0 502
 0 503
 0 504
 0 505
 0 506
 0 507
 0 508
 0 509
 0 510
 0 511
 0 512
 0 513
 0 514
 0 515
 0 516
 0 517
 0 518
 0 519
 0 520
 0 521
 0 522
 0 523
 0 524
 0 525
 0 526
 0 527
 0 528
 0 529
 0 530
 0 531
 0 532
 0 533
 0 534
 0 535
 0 536
 0 537
 0 538
 0 539
 0 540
 0 541
 0 542
 0 543
 0 544
 0 545
 0 546
 0 547
 0 548
 0 549
 0 550
 0 551
 0 552
 0 553
 0 554
 0 555
 0 556
 0 557
 0 558
 0 559
 0 560
 0 561
 0 562
 0 563
 0 564
 0 565
 0 566
 0 567
 0 568
 0 569
 0 570
 0 571
 0 572
 0 573
 0 574
 0 575
 0 576
 0 577
 0 578
 0 579
 0 580
 0 581
 0 582
 0 583
 0 584
 0 585
 0 586
 0 587
 0 588
 0 589
 0 590
 0 591
 0 592
 0 593
 0 594
 0 595
 0 596
 0 597
 0 598
 0 599
 0 600


