# Created by Octave 3.8.2, Sat Jun 20 23:31:08 2020 CEST <damian@fptrucha.inv.usc.es>
# name: hd
# type: matrix
# rows: 551
# columns: 2
 0 50
 0 51
 0 52
 0 53
 0 54
 0 55
 0 56
 0 57
 0 58
 0 59
 0 60
 0 61
 0 62
 0 63
 0 64
 0 65
 0 66
 0 67
 0 68
 0 69
 0 70
 0 71
 0 72
 0 73
 0 74
 0 75
 0 76
 0 77
 0 78
 0 79
 0 80
 0 81
 0 82
 0 83
 0 84
 0 85
 0 86
 3 87
 4 88
 14 89
 61 90
 138 91
 194 92
 265 93
 384 94
 569 95
 863 96
 1169 97
 1373 98
 1412 99
 1565 100
 1571 101
 1575 102
 1574 103
 1614 104
 1555 105
 1448 106
 1445 107
 1326 108
 1261 109
 1182 110
 1061 111
 1000 112
 930 113
 870 114
 755 115
 686 116
 638 117
 604 118
 523 119
 495 120
 412 121
 396 122
 350 123
 307 124
 283 125
 255 126
 232 127
 204 128
 188 129
 177 130
 146 131
 136 132
 146 133
 119 134
 129 135
 108 136
 101 137
 93 138
 78 139
 71 140
 67 141
 72 142
 75 143
 52 144
 53 145
 51 146
 52 147
 34 148
 37 149
 34 150
 38 151
 27 152
 23 153
 38 154
 24 155
 34 156
 22 157
 26 158
 21 159
 28 160
 19 161
 20 162
 13 163
 19 164
 15 165
 10 166
 12 167
 12 168
 6 169
 8 170
 5 171
 8 172
 4 173
 6 174
 9 175
 7 176
 3 177
 8 178
 6 179
 6 180
 5 181
 3 182
 4 183
 6 184
 2 185
 2 186
 7 187
 2 188
 0 189
 2 190
 1 191
 2 192
 1 193
 2 194
 1 195
 0 196
 1 197
 1 198
 2 199
 2 200
 1 201
 0 202
 0 203
 2 204
 1 205
 1 206
 1 207
 0 208
 0 209
 0 210
 0 211
 0 212
 0 213
 0 214
 0 215
 0 216
 1 217
 0 218
 0 219
 0 220
 2 221
 0 222
 1 223
 0 224
 0 225
 0 226
 0 227
 0 228
 0 229
 0 230
 0 231
 0 232
 0 233
 0 234
 0 235
 0 236
 0 237
 0 238
 0 239
 0 240
 0 241
 0 242
 0 243
 0 244
 0 245
 0 246
 0 247
 0 248
 0 249
 0 250
 0 251
 0 252
 0 253
 0 254
 0 255
 0 256
 0 257
 0 258
 0 259
 0 260
 0 261
 0 262
 0 263
 0 264
 0 265
 0 266
 0 267
 0 268
 0 269
 0 270
 0 271
 1 272
 0 273
 0 274
 0 275
 0 276
 0 277
 0 278
 0 279
 0 280
 0 281
 0 282
 0 283
 0 284
 0 285
 0 286
 0 287
 0 288
 0 289
 0 290
 0 291
 0 292
 2 293
 1 294
 1 295
 0 296
 1 297
 0 298
 0 299
 0 300
 1 301
 1 302
 0 303
 2 304
 0 305
 0 306
 1 307
 0 308
 0 309
 1 310
 1 311
 0 312
 2 313
 0 314
 0 315
 1 316
 2 317
 2 318
 3 319
 0 320
 1 321
 0 322
 0 323
 3 324
 3 325
 2 326
 0 327
 1 328
 1 329
 2 330
 2 331
 2 332
 4 333
 1 334
 4 335
 5 336
 3 337
 4 338
 1 339
 3 340
 0 341
 2 342
 2 343
 4 344
 2 345
 1 346
 1 347
 0 348
 2 349
 1 350
 3 351
 2 352
 2 353
 4 354
 2 355
 2 356
 0 357
 2 358
 1 359
 0 360
 0 361
 4 362
 1 363
 2 364
 2 365
 2 366
 2 367
 1 368
 0 369
 0 370
 1 371
 0 372
 1 373
 0 374
 0 375
 1 376
 0 377
 0 378
 1 379
 0 380
 0 381
 0 382
 1 383
 1 384
 0 385
 1 386
 0 387
 1 388
 0 389
 0 390
 1 391
 0 392
 1 393
 0 394
 1 395
 0 396
 0 397
 2 398
 1 399
 0 400
 1 401
 0 402
 0 403
 1 404
 1 405
 0 406
 0 407
 0 408
 0 409
 1 410
 0 411
 0 412
 0 413
 0 414
 0 415
 0 416
 0 417
 0 418
 0 419
 0 420
 0 421
 0 422
 0 423
 0 424
 0 425
 0 426
 0 427
 0 428
 0 429
 0 430
 0 431
 0 432
 0 433
 0 434
 0 435
 0 436
 0 437
 0 438
 0 439
 0 440
 0 441
 0 442
 0 443
 0 444
 0 445
 0 446
 0 447
 0 448
 0 449
 0 450
 0 451
 0 452
 0 453
 0 454
 0 455
 0 456
 0 457
 0 458
 0 459
 0 460
 0 461
 0 462
 0 463
 0 464
 0 465
 0 466
 0 467
 0 468
 0 469
 0 470
 0 471
 0 472
 0 473
 0 474
 0 475
 0 476
 0 477
 0 478
 0 479
 0 480
 0 481
 0 482
 0 483
 0 484
 0 485
 0 486
 0 487
 0 488
 0 489
 0 490
 0 491
 0 492
 0 493
 0 494
 0 495
 0 496
 0 497
 0 498
 0 499
 0 500
 0 501
 0 502
 0 503
 0 504
 0 505
 0 506
 0 507
 0 508
 0 509
 0 510
 0 511
 0 512
 0 513
 0 514
 0 515
 0 516
 0 517
 0 518
 0 519
 0 520
 0 521
 0 522
 0 523
 0 524
 0 525
 0 526
 0 527
 0 528
 0 529
 0 530
 0 531
 0 532
 0 533
 0 534
 0 535
 0 536
 0 537
 0 538
 0 539
 0 540
 0 541
 0 542
 0 543
 0 544
 0 545
 0 546
 0 547
 0 548
 0 549
 0 550
 0 551
 0 552
 0 553
 0 554
 0 555
 0 556
 0 557
 0 558
 0 559
 0 560
 0 561
 0 562
 0 563
 0 564
 0 565
 0 566
 0 567
 0 568
 0 569
 0 570
 0 571
 0 572
 0 573
 0 574
 0 575
 0 576
 0 577
 0 578
 0 579
 0 580
 0 581
 0 582
 0 583
 0 584
 0 585
 0 586
 0 587
 0 588
 0 589
 0 590
 0 591
 0 592
 0 593
 0 594
 0 595
 0 596
 0 597
 0 598
 0 599
 0 600


