# Created by Octave 3.8.2, Sat Jun 20 02:43:27 2020 CEST <damian@fptrucha.inv.usc.es>
# name: hd
# type: matrix
# rows: 551
# columns: 2
 0 50
 0 51
 0 52
 0 53
 0 54
 0 55
 0 56
 0 57
 0 58
 0 59
 0 60
 0 61
 0 62
 0 63
 0 64
 0 65
 0 66
 0 67
 0 68
 0 69
 0 70
 0 71
 0 72
 0 73
 0 74
 0 75
 0 76
 0 77
 0 78
 0 79
 0 80
 0 81
 0 82
 0 83
 0 84
 0 85
 0 86
 0 87
 5 88
 22 89
 69 90
 117 91
 197 92
 286 93
 412 94
 572 95
 890 96
 1095 97
 1363 98
 1439 99
 1667 100
 1610 101
 1709 102
 1643 103
 1593 104
 1654 105
 1565 106
 1472 107
 1372 108
 1341 109
 1247 110
 1116 111
 1021 112
 935 113
 890 114
 868 115
 736 116
 662 117
 650 118
 593 119
 554 120
 495 121
 417 122
 420 123
 392 124
 297 125
 315 126
 288 127
 236 128
 222 129
 215 130
 198 131
 177 132
 142 133
 143 134
 162 135
 153 136
 135 137
 120 138
 119 139
 107 140
 93 141
 91 142
 84 143
 72 144
 99 145
 79 146
 60 147
 73 148
 65 149
 72 150
 58 151
 50 152
 38 153
 62 154
 39 155
 34 156
 35 157
 40 158
 34 159
 29 160
 25 161
 36 162
 40 163
 25 164
 19 165
 26 166
 19 167
 25 168
 21 169
 24 170
 20 171
 8 172
 8 173
 12 174
 16 175
 13 176
 10 177
 8 178
 6 179
 8 180
 7 181
 6 182
 2 183
 6 184
 5 185
 2 186
 3 187
 4 188
 2 189
 4 190
 4 191
 5 192
 4 193
 2 194
 2 195
 1 196
 1 197
 1 198
 2 199
 1 200
 1 201
 3 202
 2 203
 1 204
 0 205
 2 206
 1 207
 0 208
 0 209
 2 210
 0 211
 0 212
 0 213
 2 214
 0 215
 0 216
 1 217
 0 218
 0 219
 1 220
 0 221
 0 222
 0 223
 0 224
 0 225
 1 226
 0 227
 1 228
 1 229
 0 230
 0 231
 0 232
 0 233
 0 234
 0 235
 0 236
 1 237
 1 238
 0 239
 0 240
 0 241
 0 242
 0 243
 0 244
 0 245
 0 246
 0 247
 0 248
 0 249
 0 250
 0 251
 0 252
 0 253
 0 254
 0 255
 0 256
 0 257
 0 258
 0 259
 0 260
 0 261
 0 262
 0 263
 0 264
 0 265
 0 266
 0 267
 0 268
 0 269
 0 270
 0 271
 0 272
 0 273
 0 274
 0 275
 0 276
 0 277
 0 278
 0 279
 0 280
 0 281
 0 282
 0 283
 0 284
 0 285
 0 286
 1 287
 0 288
 2 289
 0 290
 0 291
 0 292
 0 293
 0 294
 0 295
 3 296
 3 297
 2 298
 2 299
 3 300
 0 301
 1 302
 1 303
 0 304
 2 305
 1 306
 1 307
 1 308
 0 309
 4 310
 3 311
 3 312
 2 313
 2 314
 3 315
 2 316
 0 317
 2 318
 1 319
 3 320
 1 321
 2 322
 0 323
 3 324
 4 325
 4 326
 4 327
 7 328
 2 329
 2 330
 3 331
 2 332
 2 333
 3 334
 3 335
 4 336
 3 337
 3 338
 1 339
 1 340
 4 341
 1 342
 4 343
 2 344
 5 345
 5 346
 2 347
 2 348
 2 349
 3 350
 5 351
 1 352
 0 353
 0 354
 3 355
 0 356
 1 357
 1 358
 2 359
 2 360
 2 361
 4 362
 4 363
 2 364
 1 365
 0 366
 1 367
 0 368
 0 369
 0 370
 5 371
 1 372
 0 373
 1 374
 0 375
 0 376
 1 377
 0 378
 0 379
 0 380
 0 381
 0 382
 0 383
 0 384
 2 385
 0 386
 1 387
 0 388
 0 389
 0 390
 0 391
 0 392
 0 393
 0 394
 0 395
 0 396
 2 397
 1 398
 0 399
 0 400
 0 401
 0 402
 0 403
 0 404
 0 405
 1 406
 0 407
 0 408
 1 409
 0 410
 0 411
 0 412
 0 413
 0 414
 0 415
 0 416
 0 417
 0 418
 0 419
 0 420
 0 421
 0 422
 0 423
 0 424
 0 425
 0 426
 0 427
 0 428
 0 429
 0 430
 0 431
 0 432
 0 433
 0 434
 0 435
 0 436
 0 437
 0 438
 0 439
 0 440
 0 441
 0 442
 0 443
 0 444
 0 445
 0 446
 0 447
 0 448
 0 449
 0 450
 0 451
 0 452
 0 453
 0 454
 0 455
 0 456
 0 457
 0 458
 0 459
 0 460
 0 461
 0 462
 0 463
 0 464
 0 465
 0 466
 0 467
 0 468
 0 469
 0 470
 0 471
 0 472
 0 473
 0 474
 0 475
 0 476
 0 477
 0 478
 0 479
 0 480
 0 481
 0 482
 0 483
 0 484
 0 485
 0 486
 0 487
 0 488
 0 489
 0 490
 0 491
 0 492
 0 493
 0 494
 0 495
 0 496
 0 497
 0 498
 0 499
 0 500
 0 501
 0 502
 0 503
 0 504
 0 505
 0 506
 0 507
 0 508
 0 509
 0 510
 0 511
 0 512
 0 513
 0 514
 0 515
 0 516
 0 517
 0 518
 0 519
 0 520
 0 521
 0 522
 0 523
 0 524
 0 525
 0 526
 0 527
 0 528
 0 529
 0 530
 0 531
 0 532
 0 533
 0 534
 0 535
 0 536
 0 537
 0 538
 0 539
 0 540
 0 541
 0 542
 0 543
 0 544
 0 545
 0 546
 0 547
 0 548
 0 549
 0 550
 0 551
 0 552
 0 553
 0 554
 0 555
 0 556
 0 557
 0 558
 0 559
 0 560
 0 561
 0 562
 0 563
 0 564
 0 565
 0 566
 0 567
 0 568
 0 569
 0 570
 0 571
 0 572
 0 573
 0 574
 0 575
 0 576
 0 577
 0 578
 0 579
 0 580
 0 581
 0 582
 0 583
 0 584
 0 585
 0 586
 0 587
 0 588
 0 589
 0 590
 0 591
 0 592
 0 593
 0 594
 0 595
 0 596
 0 597
 0 598
 0 599
 0 600


