# Created by Octave 3.8.2, Sat Jun 20 08:54:18 2020 CEST <damian@fptrucha.inv.usc.es>
# name: hd
# type: matrix
# rows: 551
# columns: 2
 0 50
 0 51
 0 52
 0 53
 0 54
 0 55
 0 56
 0 57
 0 58
 0 59
 0 60
 0 61
 0 62
 0 63
 0 64
 0 65
 0 66
 0 67
 0 68
 0 69
 0 70
 0 71
 0 72
 0 73
 0 74
 0 75
 0 76
 0 77
 0 78
 0 79
 0 80
 0 81
 0 82
 0 83
 0 84
 0 85
 0 86
 1 87
 4 88
 25 89
 86 90
 181 91
 263 92
 336 93
 449 94
 700 95
 1071 96
 1376 97
 1692 98
 1731 99
 1956 100
 1952 101
 1983 102
 1966 103
 1905 104
 1820 105
 1629 106
 1667 107
 1469 108
 1440 109
 1323 110
 1242 111
 1144 112
 959 113
 887 114
 811 115
 708 116
 681 117
 588 118
 563 119
 500 120
 425 121
 405 122
 348 123
 332 124
 324 125
 253 126
 231 127
 224 128
 212 129
 196 130
 195 131
 152 132
 144 133
 108 134
 117 135
 95 136
 122 137
 95 138
 101 139
 76 140
 78 141
 65 142
 76 143
 69 144
 61 145
 64 146
 66 147
 52 148
 61 149
 37 150
 41 151
 44 152
 34 153
 43 154
 24 155
 38 156
 29 157
 30 158
 30 159
 31 160
 33 161
 32 162
 15 163
 22 164
 20 165
 24 166
 15 167
 22 168
 9 169
 10 170
 9 171
 7 172
 13 173
 8 174
 6 175
 13 176
 9 177
 8 178
 8 179
 5 180
 3 181
 4 182
 3 183
 3 184
 1 185
 5 186
 3 187
 4 188
 1 189
 3 190
 2 191
 1 192
 1 193
 4 194
 3 195
 0 196
 3 197
 1 198
 2 199
 2 200
 2 201
 4 202
 1 203
 2 204
 1 205
 0 206
 1 207
 0 208
 0 209
 0 210
 1 211
 0 212
 1 213
 0 214
 0 215
 0 216
 2 217
 0 218
 3 219
 0 220
 0 221
 0 222
 0 223
 0 224
 0 225
 0 226
 0 227
 0 228
 1 229
 0 230
 0 231
 0 232
 0 233
 0 234
 0 235
 0 236
 0 237
 0 238
 1 239
 0 240
 0 241
 0 242
 0 243
 0 244
 0 245
 0 246
 0 247
 0 248
 0 249
 0 250
 0 251
 0 252
 0 253
 1 254
 0 255
 0 256
 0 257
 0 258
 0 259
 0 260
 0 261
 0 262
 0 263
 0 264
 0 265
 0 266
 0 267
 0 268
 0 269
 0 270
 0 271
 0 272
 0 273
 0 274
 0 275
 0 276
 0 277
 0 278
 0 279
 0 280
 0 281
 0 282
 0 283
 0 284
 0 285
 0 286
 0 287
 0 288
 0 289
 0 290
 1 291
 1 292
 0 293
 0 294
 1 295
 1 296
 2 297
 0 298
 2 299
 0 300
 1 301
 2 302
 5 303
 0 304
 1 305
 4 306
 1 307
 2 308
 4 309
 0 310
 1 311
 1 312
 0 313
 2 314
 3 315
 0 316
 2 317
 1 318
 1 319
 0 320
 1 321
 3 322
 5 323
 1 324
 4 325
 2 326
 1 327
 0 328
 1 329
 2 330
 1 331
 7 332
 2 333
 1 334
 5 335
 2 336
 2 337
 0 338
 2 339
 3 340
 3 341
 3 342
 1 343
 0 344
 1 345
 2 346
 2 347
 2 348
 2 349
 3 350
 0 351
 3 352
 4 353
 0 354
 1 355
 4 356
 2 357
 6 358
 0 359
 1 360
 1 361
 2 362
 2 363
 0 364
 1 365
 0 366
 1 367
 1 368
 1 369
 0 370
 0 371
 2 372
 1 373
 0 374
 2 375
 0 376
 0 377
 2 378
 1 379
 2 380
 0 381
 1 382
 2 383
 0 384
 0 385
 1 386
 0 387
 0 388
 0 389
 0 390
 0 391
 1 392
 1 393
 0 394
 0 395
 0 396
 0 397
 0 398
 0 399
 0 400
 0 401
 1 402
 0 403
 0 404
 0 405
 0 406
 0 407
 0 408
 0 409
 1 410
 0 411
 0 412
 1 413
 0 414
 0 415
 0 416
 0 417
 0 418
 0 419
 0 420
 0 421
 0 422
 0 423
 0 424
 0 425
 0 426
 0 427
 0 428
 0 429
 0 430
 0 431
 0 432
 0 433
 0 434
 0 435
 0 436
 0 437
 0 438
 0 439
 0 440
 0 441
 0 442
 0 443
 0 444
 0 445
 0 446
 0 447
 0 448
 0 449
 0 450
 0 451
 0 452
 0 453
 0 454
 0 455
 0 456
 0 457
 0 458
 0 459
 0 460
 0 461
 0 462
 0 463
 0 464
 0 465
 0 466
 0 467
 0 468
 0 469
 0 470
 0 471
 0 472
 0 473
 0 474
 0 475
 0 476
 0 477
 0 478
 0 479
 0 480
 0 481
 0 482
 0 483
 0 484
 0 485
 0 486
 0 487
 0 488
 0 489
 0 490
 0 491
 0 492
 0 493
 0 494
 0 495
 0 496
 0 497
 0 498
 0 499
 0 500
 0 501
 0 502
 0 503
 0 504
 0 505
 0 506
 0 507
 0 508
 0 509
 0 510
 0 511
 0 512
 0 513
 0 514
 0 515
 0 516
 0 517
 0 518
 0 519
 0 520
 0 521
 0 522
 0 523
 0 524
 0 525
 0 526
 0 527
 0 528
 0 529
 0 530
 0 531
 0 532
 0 533
 0 534
 0 535
 0 536
 0 537
 0 538
 0 539
 0 540
 0 541
 0 542
 0 543
 0 544
 0 545
 0 546
 0 547
 0 548
 0 549
 0 550
 0 551
 0 552
 0 553
 0 554
 0 555
 0 556
 0 557
 0 558
 0 559
 0 560
 0 561
 0 562
 0 563
 0 564
 0 565
 0 566
 0 567
 0 568
 0 569
 0 570
 0 571
 0 572
 0 573
 0 574
 0 575
 0 576
 0 577
 0 578
 0 579
 0 580
 0 581
 0 582
 0 583
 0 584
 0 585
 0 586
 0 587
 0 588
 0 589
 0 590
 0 591
 0 592
 0 593
 0 594
 0 595
 0 596
 0 597
 0 598
 0 599
 0 600


