# Created by Octave 3.8.2, Mon Jun 22 06:16:50 2020 CEST <damian@fptrucha.inv.usc.es>
# name: hd
# type: matrix
# rows: 551
# columns: 2
 0 50
 0 51
 0 52
 0 53
 0 54
 0 55
 0 56
 0 57
 0 58
 0 59
 0 60
 0 61
 0 62
 0 63
 0 64
 0 65
 0 66
 0 67
 0 68
 0 69
 0 70
 0 71
 0 72
 0 73
 0 74
 0 75
 0 76
 0 77
 0 78
 0 79
 0 80
 0 81
 0 82
 0 83
 0 84
 0 85
 0 86
 1 87
 2 88
 10 89
 33 90
 98 91
 184 92
 276 93
 352 94
 486 95
 699 96
 1050 97
 1423 98
 1548 99
 1640 100
 1755 101
 1731 102
 1692 103
 1621 104
 1606 105
 1552 106
 1394 107
 1256 108
 1156 109
 1158 110
 994 111
 869 112
 819 113
 754 114
 624 115
 587 116
 550 117
 473 118
 414 119
 401 120
 338 121
 284 122
 252 123
 264 124
 228 125
 184 126
 201 127
 188 128
 155 129
 144 130
 143 131
 140 132
 121 133
 87 134
 115 135
 90 136
 99 137
 83 138
 103 139
 74 140
 84 141
 70 142
 72 143
 52 144
 54 145
 50 146
 53 147
 52 148
 57 149
 43 150
 26 151
 39 152
 40 153
 32 154
 41 155
 29 156
 32 157
 25 158
 22 159
 22 160
 32 161
 25 162
 23 163
 16 164
 19 165
 14 166
 25 167
 14 168
 17 169
 8 170
 11 171
 12 172
 11 173
 9 174
 11 175
 15 176
 15 177
 5 178
 5 179
 5 180
 9 181
 6 182
 3 183
 8 184
 5 185
 1 186
 0 187
 5 188
 3 189
 1 190
 0 191
 2 192
 3 193
 1 194
 5 195
 1 196
 1 197
 1 198
 3 199
 1 200
 0 201
 0 202
 2 203
 0 204
 3 205
 0 206
 0 207
 0 208
 0 209
 4 210
 0 211
 1 212
 0 213
 2 214
 0 215
 0 216
 0 217
 0 218
 0 219
 0 220
 0 221
 1 222
 2 223
 0 224
 0 225
 0 226
 0 227
 0 228
 0 229
 0 230
 0 231
 0 232
 0 233
 0 234
 0 235
 0 236
 0 237
 0 238
 0 239
 0 240
 0 241
 0 242
 0 243
 1 244
 1 245
 0 246
 0 247
 0 248
 0 249
 0 250
 0 251
 0 252
 0 253
 0 254
 0 255
 0 256
 0 257
 0 258
 0 259
 0 260
 0 261
 0 262
 0 263
 0 264
 0 265
 0 266
 0 267
 0 268
 0 269
 0 270
 0 271
 0 272
 0 273
 0 274
 0 275
 0 276
 0 277
 0 278
 0 279
 0 280
 0 281
 0 282
 0 283
 1 284
 1 285
 0 286
 1 287
 0 288
 0 289
 1 290
 0 291
 0 292
 0 293
 1 294
 1 295
 3 296
 1 297
 0 298
 0 299
 2 300
 2 301
 1 302
 2 303
 2 304
 1 305
 1 306
 0 307
 1 308
 4 309
 2 310
 4 311
 4 312
 2 313
 1 314
 3 315
 6 316
 2 317
 1 318
 2 319
 3 320
 1 321
 3 322
 2 323
 0 324
 6 325
 7 326
 2 327
 1 328
 1 329
 6 330
 1 331
 2 332
 3 333
 4 334
 2 335
 3 336
 4 337
 5 338
 3 339
 1 340
 2 341
 2 342
 3 343
 2 344
 0 345
 2 346
 5 347
 0 348
 2 349
 1 350
 4 351
 3 352
 3 353
 3 354
 3 355
 1 356
 2 357
 3 358
 3 359
 3 360
 1 361
 1 362
 3 363
 3 364
 2 365
 3 366
 0 367
 1 368
 2 369
 0 370
 0 371
 0 372
 1 373
 2 374
 0 375
 2 376
 0 377
 1 378
 1 379
 0 380
 1 381
 1 382
 0 383
 2 384
 0 385
 0 386
 2 387
 0 388
 0 389
 1 390
 0 391
 2 392
 0 393
 1 394
 0 395
 0 396
 0 397
 0 398
 0 399
 0 400
 0 401
 0 402
 0 403
 0 404
 0 405
 0 406
 0 407
 0 408
 1 409
 0 410
 0 411
 0 412
 1 413
 0 414
 0 415
 0 416
 0 417
 0 418
 0 419
 0 420
 0 421
 0 422
 0 423
 0 424
 0 425
 0 426
 0 427
 0 428
 0 429
 0 430
 0 431
 0 432
 0 433
 0 434
 0 435
 0 436
 0 437
 0 438
 0 439
 0 440
 0 441
 0 442
 0 443
 0 444
 0 445
 0 446
 0 447
 0 448
 0 449
 0 450
 0 451
 0 452
 0 453
 0 454
 0 455
 0 456
 0 457
 0 458
 0 459
 0 460
 0 461
 0 462
 0 463
 0 464
 0 465
 0 466
 0 467
 0 468
 0 469
 0 470
 0 471
 0 472
 0 473
 0 474
 0 475
 0 476
 0 477
 0 478
 0 479
 0 480
 0 481
 0 482
 0 483
 0 484
 0 485
 0 486
 0 487
 0 488
 0 489
 0 490
 0 491
 0 492
 0 493
 0 494
 0 495
 0 496
 0 497
 0 498
 0 499
 0 500
 0 501
 0 502
 0 503
 0 504
 0 505
 0 506
 0 507
 0 508
 0 509
 0 510
 0 511
 0 512
 0 513
 0 514
 0 515
 0 516
 0 517
 0 518
 0 519
 0 520
 0 521
 0 522
 0 523
 0 524
 0 525
 0 526
 0 527
 0 528
 0 529
 0 530
 0 531
 0 532
 0 533
 0 534
 0 535
 0 536
 0 537
 0 538
 0 539
 0 540
 0 541
 0 542
 0 543
 0 544
 0 545
 0 546
 0 547
 0 548
 0 549
 0 550
 0 551
 0 552
 0 553
 0 554
 0 555
 0 556
 0 557
 0 558
 0 559
 0 560
 0 561
 0 562
 0 563
 0 564
 0 565
 0 566
 0 567
 0 568
 0 569
 0 570
 0 571
 0 572
 0 573
 0 574
 0 575
 0 576
 0 577
 0 578
 0 579
 0 580
 0 581
 0 582
 0 583
 0 584
 0 585
 0 586
 0 587
 0 588
 0 589
 0 590
 0 591
 0 592
 0 593
 0 594
 0 595
 0 596
 0 597
 0 598
 0 599
 0 600


