# Created by Octave 3.8.2, Mon Jun 22 01:27:03 2020 CEST <damian@fptrucha.inv.usc.es>
# name: hd
# type: matrix
# rows: 551
# columns: 2
 0 50
 0 51
 0 52
 0 53
 0 54
 0 55
 0 56
 0 57
 0 58
 0 59
 0 60
 0 61
 0 62
 0 63
 0 64
 0 65
 0 66
 0 67
 0 68
 0 69
 0 70
 0 71
 0 72
 0 73
 0 74
 0 75
 0 76
 0 77
 0 78
 0 79
 0 80
 0 81
 0 82
 0 83
 0 84
 0 85
 0 86
 4 87
 5 88
 21 89
 60 90
 132 91
 220 92
 303 93
 389 94
 592 95
 839 96
 1119 97
 1300 98
 1429 99
 1433 100
 1583 101
 1604 102
 1568 103
 1577 104
 1605 105
 1500 106
 1385 107
 1294 108
 1256 109
 1143 110
 1055 111
 971 112
 911 113
 795 114
 795 115
 733 116
 647 117
 561 118
 527 119
 480 120
 435 121
 383 122
 349 123
 331 124
 316 125
 261 126
 206 127
 251 128
 185 129
 175 130
 174 131
 123 132
 119 133
 103 134
 108 135
 98 136
 75 137
 92 138
 89 139
 76 140
 73 141
 52 142
 62 143
 42 144
 45 145
 52 146
 36 147
 40 148
 44 149
 31 150
 40 151
 25 152
 34 153
 28 154
 25 155
 26 156
 33 157
 19 158
 24 159
 26 160
 21 161
 14 162
 20 163
 11 164
 16 165
 16 166
 6 167
 8 168
 11 169
 9 170
 10 171
 6 172
 6 173
 4 174
 7 175
 5 176
 8 177
 4 178
 9 179
 2 180
 2 181
 3 182
 5 183
 3 184
 6 185
 3 186
 2 187
 3 188
 0 189
 2 190
 3 191
 1 192
 0 193
 3 194
 0 195
 3 196
 1 197
 3 198
 0 199
 0 200
 0 201
 0 202
 0 203
 1 204
 1 205
 1 206
 0 207
 1 208
 0 209
 1 210
 0 211
 1 212
 0 213
 0 214
 1 215
 1 216
 0 217
 0 218
 0 219
 0 220
 0 221
 1 222
 0 223
 0 224
 0 225
 0 226
 0 227
 0 228
 0 229
 0 230
 0 231
 0 232
 0 233
 0 234
 0 235
 1 236
 0 237
 0 238
 0 239
 0 240
 0 241
 0 242
 0 243
 0 244
 0 245
 0 246
 0 247
 0 248
 0 249
 0 250
 0 251
 0 252
 0 253
 0 254
 0 255
 0 256
 0 257
 0 258
 0 259
 0 260
 0 261
 0 262
 0 263
 0 264
 0 265
 0 266
 0 267
 0 268
 0 269
 0 270
 0 271
 0 272
 0 273
 0 274
 0 275
 0 276
 0 277
 0 278
 0 279
 0 280
 0 281
 0 282
 0 283
 0 284
 0 285
 0 286
 0 287
 0 288
 2 289
 2 290
 1 291
 0 292
 0 293
 1 294
 0 295
 0 296
 1 297
 0 298
 0 299
 0 300
 1 301
 1 302
 1 303
 1 304
 1 305
 2 306
 0 307
 1 308
 2 309
 2 310
 1 311
 1 312
 0 313
 1 314
 0 315
 0 316
 2 317
 4 318
 0 319
 2 320
 3 321
 0 322
 1 323
 0 324
 1 325
 2 326
 1 327
 0 328
 4 329
 1 330
 1 331
 2 332
 3 333
 1 334
 1 335
 2 336
 1 337
 3 338
 3 339
 3 340
 1 341
 4 342
 0 343
 1 344
 0 345
 0 346
 2 347
 0 348
 1 349
 0 350
 4 351
 0 352
 2 353
 0 354
 1 355
 0 356
 3 357
 2 358
 0 359
 1 360
 1 361
 1 362
 5 363
 1 364
 2 365
 0 366
 1 367
 1 368
 1 369
 0 370
 0 371
 1 372
 0 373
 0 374
 1 375
 0 376
 1 377
 0 378
 0 379
 0 380
 0 381
 0 382
 0 383
 1 384
 0 385
 0 386
 0 387
 0 388
 0 389
 1 390
 0 391
 0 392
 0 393
 2 394
 0 395
 1 396
 0 397
 0 398
 1 399
 0 400
 0 401
 0 402
 0 403
 0 404
 0 405
 0 406
 0 407
 0 408
 2 409
 0 410
 0 411
 0 412
 1 413
 0 414
 0 415
 0 416
 0 417
 0 418
 0 419
 0 420
 0 421
 0 422
 0 423
 0 424
 0 425
 0 426
 0 427
 0 428
 0 429
 0 430
 0 431
 0 432
 0 433
 0 434
 0 435
 0 436
 0 437
 0 438
 0 439
 0 440
 0 441
 0 442
 0 443
 0 444
 0 445
 0 446
 0 447
 0 448
 0 449
 0 450
 0 451
 0 452
 0 453
 0 454
 0 455
 0 456
 0 457
 0 458
 0 459
 0 460
 0 461
 0 462
 0 463
 0 464
 0 465
 0 466
 0 467
 0 468
 0 469
 0 470
 0 471
 0 472
 0 473
 0 474
 0 475
 0 476
 0 477
 0 478
 0 479
 0 480
 0 481
 0 482
 0 483
 0 484
 0 485
 0 486
 0 487
 0 488
 0 489
 0 490
 0 491
 0 492
 0 493
 0 494
 0 495
 0 496
 0 497
 0 498
 0 499
 0 500
 0 501
 0 502
 0 503
 0 504
 0 505
 0 506
 0 507
 0 508
 0 509
 0 510
 0 511
 0 512
 0 513
 0 514
 0 515
 0 516
 0 517
 0 518
 0 519
 0 520
 0 521
 0 522
 0 523
 0 524
 0 525
 0 526
 0 527
 0 528
 0 529
 0 530
 0 531
 0 532
 0 533
 0 534
 0 535
 0 536
 0 537
 0 538
 0 539
 0 540
 0 541
 0 542
 0 543
 0 544
 0 545
 0 546
 0 547
 0 548
 0 549
 0 550
 0 551
 0 552
 0 553
 0 554
 0 555
 0 556
 0 557
 0 558
 0 559
 0 560
 0 561
 0 562
 0 563
 0 564
 0 565
 0 566
 0 567
 0 568
 0 569
 0 570
 0 571
 0 572
 0 573
 0 574
 0 575
 0 576
 0 577
 0 578
 0 579
 0 580
 0 581
 0 582
 0 583
 0 584
 0 585
 0 586
 0 587
 0 588
 0 589
 0 590
 0 591
 0 592
 0 593
 0 594
 0 595
 0 596
 0 597
 0 598
 0 599
 0 600


