# Created by Octave 3.8.2, Mon Jun 22 22:54:15 2020 CEST <damian@fptrucha.inv.usc.es>
# name: hd
# type: matrix
# rows: 551
# columns: 2
 0 50
 0 51
 0 52
 0 53
 0 54
 0 55
 0 56
 0 57
 0 58
 0 59
 0 60
 0 61
 0 62
 0 63
 0 64
 0 65
 0 66
 0 67
 0 68
 0 69
 0 70
 0 71
 0 72
 0 73
 0 74
 0 75
 0 76
 0 77
 0 78
 0 79
 0 80
 0 81
 0 82
 0 83
 0 84
 0 85
 0 86
 0 87
 2 88
 14 89
 64 90
 140 91
 210 92
 380 93
 461 94
 646 95
 980 96
 1361 97
 1688 98
 1822 99
 1998 100
 2018 101
 2040 102
 1904 103
 1913 104
 1761 105
 1720 106
 1540 107
 1423 108
 1294 109
 1158 110
 1004 111
 971 112
 926 113
 813 114
 688 115
 621 116
 559 117
 476 118
 460 119
 411 120
 357 121
 289 122
 254 123
 242 124
 251 125
 187 126
 211 127
 166 128
 162 129
 156 130
 168 131
 126 132
 132 133
 126 134
 110 135
 95 136
 90 137
 72 138
 79 139
 58 140
 75 141
 39 142
 58 143
 61 144
 53 145
 47 146
 47 147
 32 148
 36 149
 36 150
 37 151
 40 152
 35 153
 28 154
 30 155
 24 156
 23 157
 26 158
 20 159
 13 160
 19 161
 15 162
 12 163
 13 164
 16 165
 17 166
 18 167
 18 168
 15 169
 16 170
 6 171
 17 172
 8 173
 6 174
 5 175
 8 176
 3 177
 4 178
 7 179
 4 180
 6 181
 5 182
 8 183
 3 184
 4 185
 4 186
 1 187
 6 188
 4 189
 2 190
 3 191
 5 192
 5 193
 1 194
 3 195
 0 196
 1 197
 1 198
 1 199
 2 200
 1 201
 2 202
 3 203
 0 204
 1 205
 1 206
 0 207
 0 208
 0 209
 3 210
 1 211
 0 212
 1 213
 1 214
 0 215
 1 216
 0 217
 1 218
 0 219
 0 220
 0 221
 1 222
 0 223
 0 224
 0 225
 1 226
 0 227
 0 228
 0 229
 0 230
 0 231
 0 232
 0 233
 0 234
 0 235
 0 236
 0 237
 0 238
 0 239
 0 240
 0 241
 0 242
 0 243
 0 244
 0 245
 0 246
 0 247
 0 248
 0 249
 0 250
 0 251
 0 252
 0 253
 0 254
 0 255
 0 256
 0 257
 0 258
 0 259
 0 260
 0 261
 0 262
 0 263
 0 264
 0 265
 0 266
 0 267
 0 268
 0 269
 0 270
 0 271
 0 272
 0 273
 0 274
 0 275
 0 276
 0 277
 0 278
 0 279
 0 280
 0 281
 0 282
 0 283
 0 284
 1 285
 0 286
 0 287
 0 288
 0 289
 0 290
 0 291
 0 292
 0 293
 1 294
 0 295
 1 296
 0 297
 1 298
 3 299
 1 300
 0 301
 1 302
 1 303
 3 304
 1 305
 1 306
 1 307
 1 308
 1 309
 1 310
 4 311
 2 312
 1 313
 0 314
 0 315
 3 316
 1 317
 1 318
 2 319
 1 320
 2 321
 3 322
 4 323
 2 324
 2 325
 0 326
 3 327
 2 328
 0 329
 2 330
 2 331
 1 332
 3 333
 3 334
 4 335
 2 336
 2 337
 1 338
 3 339
 3 340
 3 341
 3 342
 0 343
 3 344
 1 345
 0 346
 0 347
 1 348
 0 349
 1 350
 1 351
 2 352
 1 353
 3 354
 0 355
 1 356
 1 357
 4 358
 1 359
 0 360
 2 361
 3 362
 2 363
 0 364
 1 365
 1 366
 0 367
 0 368
 2 369
 1 370
 0 371
 1 372
 0 373
 1 374
 0 375
 0 376
 2 377
 0 378
 0 379
 0 380
 1 381
 1 382
 0 383
 0 384
 0 385
 0 386
 0 387
 0 388
 0 389
 0 390
 0 391
 0 392
 0 393
 0 394
 0 395
 1 396
 0 397
 0 398
 0 399
 2 400
 0 401
 0 402
 0 403
 0 404
 0 405
 0 406
 1 407
 0 408
 0 409
 1 410
 1 411
 0 412
 0 413
 0 414
 0 415
 0 416
 0 417
 0 418
 0 419
 0 420
 0 421
 0 422
 0 423
 0 424
 0 425
 0 426
 0 427
 0 428
 0 429
 0 430
 0 431
 0 432
 0 433
 0 434
 0 435
 0 436
 0 437
 0 438
 0 439
 0 440
 0 441
 0 442
 1 443
 0 444
 0 445
 0 446
 0 447
 0 448
 0 449
 0 450
 0 451
 0 452
 0 453
 0 454
 0 455
 0 456
 0 457
 0 458
 0 459
 0 460
 0 461
 0 462
 0 463
 0 464
 0 465
 0 466
 0 467
 0 468
 0 469
 0 470
 0 471
 0 472
 0 473
 0 474
 0 475
 0 476
 0 477
 0 478
 0 479
 0 480
 0 481
 0 482
 0 483
 0 484
 0 485
 0 486
 0 487
 0 488
 0 489
 0 490
 0 491
 0 492
 0 493
 0 494
 0 495
 0 496
 0 497
 0 498
 0 499
 0 500
 0 501
 0 502
 0 503
 0 504
 0 505
 0 506
 0 507
 0 508
 0 509
 0 510
 0 511
 0 512
 0 513
 0 514
 0 515
 0 516
 0 517
 0 518
 0 519
 0 520
 0 521
 0 522
 0 523
 0 524
 0 525
 0 526
 0 527
 0 528
 0 529
 0 530
 0 531
 0 532
 0 533
 0 534
 0 535
 0 536
 0 537
 0 538
 0 539
 0 540
 0 541
 0 542
 0 543
 0 544
 0 545
 0 546
 0 547
 0 548
 0 549
 0 550
 0 551
 0 552
 0 553
 0 554
 0 555
 0 556
 0 557
 0 558
 0 559
 0 560
 0 561
 0 562
 0 563
 0 564
 0 565
 0 566
 0 567
 0 568
 0 569
 0 570
 0 571
 0 572
 0 573
 0 574
 0 575
 0 576
 0 577
 0 578
 0 579
 0 580
 0 581
 0 582
 0 583
 0 584
 0 585
 0 586
 0 587
 0 588
 0 589
 0 590
 0 591
 0 592
 0 593
 0 594
 0 595
 0 596
 0 597
 0 598
 0 599
 0 600


