# Created by Octave 3.8.2, Mon Jun 22 15:25:51 2020 CEST <damian@fptrucha.inv.usc.es>
# name: hd
# type: matrix
# rows: 551
# columns: 2
 0 50
 0 51
 0 52
 0 53
 0 54
 0 55
 0 56
 0 57
 0 58
 0 59
 0 60
 0 61
 0 62
 0 63
 0 64
 0 65
 0 66
 0 67
 0 68
 0 69
 0 70
 0 71
 0 72
 0 73
 0 74
 0 75
 0 76
 0 77
 0 78
 0 79
 0 80
 0 81
 0 82
 0 83
 0 84
 0 85
 0 86
 0 87
 4 88
 12 89
 48 90
 143 91
 242 92
 352 93
 439 94
 610 95
 916 96
 1341 97
 1578 98
 1665 99
 1872 100
 1927 101
 1882 102
 1733 103
 1792 104
 1750 105
 1514 106
 1466 107
 1430 108
 1300 109
 1201 110
 1061 111
 900 112
 831 113
 731 114
 715 115
 555 116
 562 117
 485 118
 469 119
 381 120
 337 121
 318 122
 249 123
 225 124
 232 125
 209 126
 209 127
 169 128
 146 129
 152 130
 128 131
 130 132
 132 133
 119 134
 95 135
 83 136
 77 137
 104 138
 70 139
 85 140
 77 141
 75 142
 52 143
 64 144
 47 145
 43 146
 46 147
 50 148
 52 149
 40 150
 39 151
 29 152
 28 153
 26 154
 35 155
 26 156
 28 157
 19 158
 23 159
 29 160
 20 161
 19 162
 13 163
 15 164
 17 165
 12 166
 21 167
 9 168
 23 169
 10 170
 12 171
 5 172
 13 173
 12 174
 6 175
 7 176
 8 177
 3 178
 4 179
 3 180
 6 181
 4 182
 7 183
 5 184
 2 185
 2 186
 7 187
 2 188
 3 189
 3 190
 2 191
 2 192
 0 193
 3 194
 4 195
 1 196
 1 197
 1 198
 1 199
 0 200
 2 201
 0 202
 1 203
 1 204
 0 205
 0 206
 1 207
 1 208
 0 209
 1 210
 0 211
 0 212
 2 213
 0 214
 0 215
 0 216
 0 217
 0 218
 0 219
 0 220
 1 221
 0 222
 0 223
 2 224
 0 225
 1 226
 0 227
 0 228
 0 229
 0 230
 0 231
 0 232
 0 233
 0 234
 1 235
 0 236
 0 237
 0 238
 0 239
 0 240
 0 241
 0 242
 0 243
 0 244
 0 245
 0 246
 0 247
 0 248
 0 249
 0 250
 0 251
 0 252
 0 253
 0 254
 0 255
 0 256
 0 257
 0 258
 0 259
 0 260
 0 261
 0 262
 0 263
 0 264
 0 265
 0 266
 0 267
 0 268
 0 269
 0 270
 0 271
 0 272
 0 273
 0 274
 0 275
 0 276
 0 277
 0 278
 0 279
 0 280
 0 281
 0 282
 0 283
 0 284
 0 285
 0 286
 0 287
 1 288
 0 289
 2 290
 2 291
 1 292
 0 293
 0 294
 2 295
 0 296
 0 297
 2 298
 3 299
 2 300
 1 301
 1 302
 0 303
 1 304
 4 305
 3 306
 0 307
 1 308
 3 309
 1 310
 1 311
 3 312
 2 313
 4 314
 0 315
 1 316
 5 317
 1 318
 2 319
 3 320
 3 321
 3 322
 0 323
 1 324
 2 325
 0 326
 3 327
 3 328
 1 329
 5 330
 2 331
 1 332
 3 333
 2 334
 1 335
 2 336
 1 337
 1 338
 1 339
 3 340
 2 341
 0 342
 5 343
 3 344
 4 345
 0 346
 4 347
 2 348
 1 349
 0 350
 0 351
 3 352
 3 353
 2 354
 0 355
 1 356
 2 357
 1 358
 1 359
 1 360
 2 361
 0 362
 0 363
 1 364
 1 365
 4 366
 2 367
 1 368
 1 369
 2 370
 1 371
 1 372
 0 373
 0 374
 2 375
 2 376
 1 377
 1 378
 1 379
 1 380
 0 381
 0 382
 1 383
 0 384
 1 385
 0 386
 0 387
 0 388
 0 389
 0 390
 0 391
 0 392
 0 393
 0 394
 1 395
 0 396
 0 397
 0 398
 0 399
 0 400
 1 401
 0 402
 0 403
 0 404
 0 405
 0 406
 1 407
 1 408
 0 409
 0 410
 1 411
 0 412
 0 413
 0 414
 0 415
 0 416
 0 417
 0 418
 0 419
 0 420
 0 421
 0 422
 0 423
 0 424
 0 425
 0 426
 0 427
 0 428
 0 429
 0 430
 0 431
 0 432
 0 433
 0 434
 0 435
 0 436
 0 437
 0 438
 0 439
 0 440
 0 441
 0 442
 0 443
 0 444
 0 445
 0 446
 0 447
 0 448
 0 449
 0 450
 0 451
 0 452
 0 453
 0 454
 0 455
 0 456
 0 457
 0 458
 0 459
 0 460
 0 461
 0 462
 0 463
 0 464
 0 465
 0 466
 0 467
 0 468
 0 469
 0 470
 0 471
 0 472
 0 473
 0 474
 0 475
 0 476
 0 477
 0 478
 0 479
 0 480
 0 481
 0 482
 0 483
 0 484
 0 485
 0 486
 0 487
 0 488
 0 489
 0 490
 0 491
 0 492
 0 493
 0 494
 0 495
 0 496
 0 497
 0 498
 0 499
 0 500
 0 501
 0 502
 0 503
 0 504
 0 505
 0 506
 0 507
 0 508
 0 509
 0 510
 0 511
 0 512
 0 513
 0 514
 0 515
 0 516
 0 517
 0 518
 0 519
 0 520
 0 521
 0 522
 0 523
 0 524
 0 525
 0 526
 0 527
 0 528
 0 529
 0 530
 0 531
 0 532
 0 533
 0 534
 0 535
 0 536
 0 537
 0 538
 0 539
 0 540
 0 541
 0 542
 0 543
 0 544
 0 545
 0 546
 0 547
 0 548
 0 549
 0 550
 0 551
 0 552
 0 553
 0 554
 0 555
 0 556
 0 557
 0 558
 0 559
 0 560
 0 561
 0 562
 0 563
 0 564
 0 565
 0 566
 0 567
 0 568
 0 569
 0 570
 0 571
 0 572
 0 573
 0 574
 0 575
 0 576
 0 577
 0 578
 0 579
 0 580
 0 581
 0 582
 0 583
 0 584
 0 585
 0 586
 0 587
 0 588
 0 589
 0 590
 0 591
 0 592
 0 593
 0 594
 0 595
 0 596
 0 597
 0 598
 0 599
 0 600


