# Created by Octave 3.8.2, Mon Jun 22 00:36:13 2020 CEST <damian@fptrucha.inv.usc.es>
# name: hd
# type: matrix
# rows: 551
# columns: 2
 0 50
 0 51
 0 52
 0 53
 0 54
 0 55
 0 56
 0 57
 0 58
 0 59
 0 60
 0 61
 0 62
 0 63
 0 64
 0 65
 0 66
 0 67
 0 68
 0 69
 0 70
 0 71
 0 72
 0 73
 0 74
 0 75
 0 76
 0 77
 0 78
 0 79
 0 80
 0 81
 0 82
 0 83
 0 84
 0 85
 0 86
 1 87
 11 88
 19 89
 83 90
 129 91
 193 92
 314 93
 406 94
 551 95
 831 96
 1133 97
 1318 98
 1355 99
 1577 100
 1572 101
 1598 102
 1667 103
 1559 104
 1534 105
 1492 106
 1367 107
 1335 108
 1192 109
 1152 110
 992 111
 971 112
 849 113
 825 114
 759 115
 731 116
 636 117
 566 118
 522 119
 499 120
 445 121
 407 122
 310 123
 275 124
 274 125
 250 126
 274 127
 202 128
 166 129
 158 130
 173 131
 129 132
 146 133
 109 134
 106 135
 88 136
 84 137
 82 138
 77 139
 64 140
 60 141
 52 142
 55 143
 48 144
 48 145
 49 146
 47 147
 47 148
 38 149
 27 150
 29 151
 37 152
 30 153
 27 154
 36 155
 27 156
 23 157
 19 158
 16 159
 23 160
 14 161
 9 162
 16 163
 18 164
 14 165
 5 166
 9 167
 8 168
 7 169
 9 170
 8 171
 8 172
 10 173
 6 174
 7 175
 3 176
 5 177
 4 178
 4 179
 3 180
 2 181
 2 182
 2 183
 2 184
 1 185
 3 186
 4 187
 1 188
 2 189
 0 190
 2 191
 1 192
 2 193
 3 194
 2 195
 0 196
 1 197
 2 198
 0 199
 2 200
 1 201
 0 202
 1 203
 1 204
 0 205
 0 206
 0 207
 0 208
 0 209
 0 210
 0 211
 0 212
 1 213
 0 214
 0 215
 0 216
 0 217
 0 218
 1 219
 0 220
 0 221
 0 222
 0 223
 0 224
 0 225
 0 226
 0 227
 0 228
 0 229
 0 230
 0 231
 0 232
 0 233
 0 234
 0 235
 0 236
 0 237
 0 238
 0 239
 0 240
 0 241
 0 242
 0 243
 0 244
 0 245
 0 246
 0 247
 0 248
 0 249
 0 250
 1 251
 0 252
 0 253
 0 254
 0 255
 0 256
 0 257
 0 258
 0 259
 0 260
 0 261
 0 262
 0 263
 0 264
 0 265
 0 266
 0 267
 0 268
 0 269
 0 270
 0 271
 0 272
 0 273
 0 274
 0 275
 0 276
 0 277
 0 278
 0 279
 0 280
 0 281
 0 282
 0 283
 0 284
 0 285
 0 286
 0 287
 0 288
 0 289
 0 290
 1 291
 0 292
 0 293
 0 294
 0 295
 1 296
 0 297
 1 298
 2 299
 0 300
 1 301
 0 302
 1 303
 1 304
 1 305
 0 306
 0 307
 1 308
 0 309
 0 310
 0 311
 1 312
 1 313
 3 314
 2 315
 0 316
 2 317
 0 318
 2 319
 0 320
 1 321
 3 322
 0 323
 1 324
 2 325
 1 326
 1 327
 1 328
 0 329
 0 330
 0 331
 3 332
 2 333
 0 334
 0 335
 1 336
 2 337
 0 338
 0 339
 1 340
 2 341
 0 342
 1 343
 0 344
 5 345
 0 346
 3 347
 1 348
 2 349
 1 350
 2 351
 0 352
 3 353
 1 354
 1 355
 1 356
 1 357
 1 358
 1 359
 0 360
 0 361
 0 362
 0 363
 1 364
 2 365
 2 366
 0 367
 0 368
 0 369
 2 370
 0 371
 0 372
 0 373
 2 374
 1 375
 2 376
 0 377
 0 378
 0 379
 0 380
 0 381
 0 382
 1 383
 0 384
 0 385
 0 386
 1 387
 1 388
 0 389
 0 390
 0 391
 0 392
 1 393
 0 394
 0 395
 0 396
 0 397
 0 398
 0 399
 0 400
 0 401
 1 402
 0 403
 0 404
 0 405
 0 406
 0 407
 1 408
 0 409
 0 410
 0 411
 0 412
 0 413
 0 414
 0 415
 0 416
 0 417
 0 418
 0 419
 0 420
 0 421
 0 422
 0 423
 0 424
 0 425
 0 426
 0 427
 0 428
 0 429
 0 430
 0 431
 0 432
 0 433
 0 434
 0 435
 0 436
 0 437
 0 438
 0 439
 0 440
 0 441
 0 442
 0 443
 0 444
 0 445
 0 446
 0 447
 0 448
 0 449
 0 450
 0 451
 0 452
 0 453
 0 454
 0 455
 0 456
 0 457
 0 458
 0 459
 0 460
 0 461
 0 462
 0 463
 0 464
 0 465
 0 466
 0 467
 0 468
 0 469
 0 470
 0 471
 0 472
 0 473
 0 474
 0 475
 0 476
 0 477
 0 478
 0 479
 0 480
 0 481
 0 482
 0 483
 0 484
 0 485
 0 486
 0 487
 0 488
 0 489
 0 490
 0 491
 0 492
 0 493
 0 494
 0 495
 0 496
 0 497
 0 498
 0 499
 0 500
 0 501
 0 502
 0 503
 0 504
 0 505
 0 506
 0 507
 0 508
 0 509
 0 510
 0 511
 0 512
 0 513
 0 514
 0 515
 0 516
 0 517
 0 518
 0 519
 0 520
 0 521
 0 522
 0 523
 0 524
 0 525
 0 526
 0 527
 0 528
 0 529
 0 530
 0 531
 0 532
 0 533
 0 534
 0 535
 0 536
 0 537
 0 538
 0 539
 0 540
 0 541
 0 542
 0 543
 0 544
 0 545
 0 546
 0 547
 0 548
 0 549
 0 550
 0 551
 0 552
 0 553
 0 554
 0 555
 0 556
 0 557
 0 558
 0 559
 0 560
 0 561
 0 562
 0 563
 0 564
 0 565
 0 566
 0 567
 0 568
 0 569
 0 570
 0 571
 0 572
 0 573
 0 574
 0 575
 0 576
 0 577
 0 578
 0 579
 0 580
 0 581
 0 582
 0 583
 0 584
 0 585
 0 586
 0 587
 0 588
 0 589
 0 590
 0 591
 0 592
 0 593
 0 594
 0 595
 0 596
 0 597
 0 598
 0 599
 0 600


