# Created by Octave 3.8.2, Sun Jun 21 05:24:51 2020 CEST <damian@fptrucha.inv.usc.es>
# name: hd
# type: matrix
# rows: 551
# columns: 2
 0 50
 0 51
 0 52
 0 53
 0 54
 0 55
 0 56
 0 57
 0 58
 0 59
 0 60
 0 61
 0 62
 0 63
 0 64
 0 65
 0 66
 0 67
 0 68
 0 69
 0 70
 0 71
 0 72
 0 73
 0 74
 0 75
 0 76
 0 77
 0 78
 0 79
 0 80
 0 81
 0 82
 0 83
 0 84
 0 85
 0 86
 2 87
 4 88
 17 89
 67 90
 115 91
 221 92
 283 93
 396 94
 554 95
 827 96
 1141 97
 1258 98
 1421 99
 1498 100
 1591 101
 1588 102
 1592 103
 1580 104
 1515 105
 1375 106
 1342 107
 1293 108
 1236 109
 1168 110
 1084 111
 997 112
 941 113
 824 114
 749 115
 691 116
 652 117
 625 118
 509 119
 511 120
 418 121
 406 122
 358 123
 326 124
 283 125
 284 126
 231 127
 191 128
 188 129
 182 130
 172 131
 128 132
 133 133
 134 134
 116 135
 105 136
 91 137
 100 138
 80 139
 75 140
 87 141
 74 142
 57 143
 57 144
 55 145
 54 146
 53 147
 52 148
 49 149
 52 150
 32 151
 35 152
 39 153
 28 154
 30 155
 19 156
 22 157
 34 158
 17 159
 9 160
 19 161
 21 162
 17 163
 12 164
 13 165
 13 166
 8 167
 12 168
 8 169
 14 170
 11 171
 4 172
 9 173
 11 174
 5 175
 4 176
 7 177
 7 178
 4 179
 7 180
 8 181
 4 182
 4 183
 1 184
 5 185
 4 186
 2 187
 4 188
 2 189
 2 190
 3 191
 3 192
 0 193
 1 194
 2 195
 0 196
 2 197
 0 198
 3 199
 0 200
 1 201
 0 202
 0 203
 0 204
 0 205
 1 206
 0 207
 0 208
 1 209
 0 210
 0 211
 0 212
 0 213
 1 214
 1 215
 0 216
 0 217
 0 218
 0 219
 0 220
 0 221
 0 222
 0 223
 1 224
 0 225
 1 226
 0 227
 0 228
 0 229
 0 230
 0 231
 0 232
 0 233
 0 234
 0 235
 0 236
 0 237
 0 238
 0 239
 0 240
 0 241
 0 242
 0 243
 0 244
 0 245
 0 246
 0 247
 0 248
 0 249
 0 250
 0 251
 0 252
 0 253
 0 254
 0 255
 0 256
 0 257
 0 258
 0 259
 0 260
 0 261
 0 262
 0 263
 0 264
 0 265
 0 266
 0 267
 0 268
 0 269
 0 270
 0 271
 0 272
 0 273
 0 274
 0 275
 0 276
 1 277
 0 278
 0 279
 0 280
 0 281
 0 282
 1 283
 1 284
 0 285
 0 286
 1 287
 0 288
 0 289
 0 290
 0 291
 0 292
 0 293
 0 294
 1 295
 0 296
 0 297
 1 298
 0 299
 1 300
 1 301
 0 302
 3 303
 1 304
 1 305
 0 306
 1 307
 1 308
 3 309
 3 310
 1 311
 2 312
 0 313
 1 314
 2 315
 1 316
 2 317
 5 318
 4 319
 2 320
 1 321
 2 322
 1 323
 2 324
 2 325
 0 326
 2 327
 1 328
 0 329
 3 330
 2 331
 2 332
 1 333
 1 334
 4 335
 4 336
 2 337
 3 338
 1 339
 4 340
 0 341
 2 342
 2 343
 0 344
 0 345
 2 346
 0 347
 2 348
 0 349
 0 350
 2 351
 1 352
 4 353
 0 354
 1 355
 1 356
 0 357
 2 358
 0 359
 1 360
 1 361
 1 362
 1 363
 2 364
 0 365
 0 366
 1 367
 3 368
 1 369
 1 370
 0 371
 0 372
 0 373
 0 374
 1 375
 0 376
 0 377
 0 378
 0 379
 0 380
 2 381
 0 382
 0 383
 1 384
 0 385
 0 386
 0 387
 0 388
 0 389
 0 390
 0 391
 0 392
 0 393
 1 394
 1 395
 1 396
 0 397
 0 398
 0 399
 0 400
 0 401
 1 402
 1 403
 0 404
 1 405
 1 406
 0 407
 1 408
 0 409
 0 410
 0 411
 0 412
 0 413
 0 414
 0 415
 0 416
 0 417
 0 418
 0 419
 0 420
 0 421
 0 422
 0 423
 0 424
 0 425
 0 426
 0 427
 0 428
 0 429
 0 430
 0 431
 0 432
 0 433
 0 434
 0 435
 0 436
 0 437
 0 438
 0 439
 0 440
 0 441
 0 442
 0 443
 0 444
 0 445
 0 446
 0 447
 0 448
 0 449
 0 450
 0 451
 0 452
 0 453
 0 454
 0 455
 0 456
 0 457
 0 458
 0 459
 0 460
 0 461
 0 462
 0 463
 0 464
 0 465
 0 466
 0 467
 0 468
 0 469
 0 470
 0 471
 0 472
 0 473
 0 474
 0 475
 0 476
 0 477
 0 478
 0 479
 0 480
 0 481
 0 482
 0 483
 0 484
 0 485
 0 486
 0 487
 0 488
 0 489
 0 490
 0 491
 0 492
 0 493
 0 494
 0 495
 0 496
 0 497
 0 498
 0 499
 0 500
 0 501
 0 502
 0 503
 0 504
 0 505
 0 506
 0 507
 0 508
 0 509
 0 510
 0 511
 0 512
 0 513
 0 514
 0 515
 0 516
 0 517
 0 518
 0 519
 0 520
 0 521
 0 522
 0 523
 0 524
 0 525
 0 526
 0 527
 0 528
 0 529
 0 530
 0 531
 0 532
 0 533
 0 534
 0 535
 0 536
 0 537
 0 538
 0 539
 0 540
 0 541
 0 542
 0 543
 0 544
 0 545
 0 546
 0 547
 0 548
 0 549
 0 550
 0 551
 0 552
 0 553
 0 554
 0 555
 0 556
 0 557
 0 558
 0 559
 0 560
 0 561
 0 562
 0 563
 0 564
 0 565
 0 566
 0 567
 0 568
 0 569
 0 570
 0 571
 0 572
 0 573
 0 574
 0 575
 0 576
 0 577
 0 578
 0 579
 0 580
 0 581
 0 582
 0 583
 0 584
 0 585
 0 586
 0 587
 0 588
 0 589
 0 590
 0 591
 0 592
 0 593
 0 594
 0 595
 0 596
 0 597
 0 598
 0 599
 0 600


