# Created by Octave 3.8.2, Sat Jun 20 16:38:00 2020 CEST <damian@fptrucha.inv.usc.es>
# name: hd
# type: matrix
# rows: 551
# columns: 2
 0 50
 0 51
 0 52
 0 53
 0 54
 0 55
 0 56
 0 57
 0 58
 0 59
 0 60
 0 61
 0 62
 0 63
 0 64
 0 65
 0 66
 0 67
 0 68
 0 69
 0 70
 0 71
 0 72
 0 73
 0 74
 0 75
 0 76
 0 77
 0 78
 0 79
 0 80
 0 81
 0 82
 0 83
 0 84
 0 85
 0 86
 2 87
 5 88
 24 89
 74 90
 119 91
 220 92
 285 93
 404 94
 528 95
 775 96
 1068 97
 1258 98
 1391 99
 1545 100
 1496 101
 1504 102
 1556 103
 1562 104
 1535 105
 1473 106
 1416 107
 1354 108
 1254 109
 1155 110
 1059 111
 1058 112
 941 113
 866 114
 776 115
 783 116
 678 117
 586 118
 510 119
 517 120
 446 121
 405 122
 340 123
 311 124
 285 125
 250 126
 231 127
 249 128
 219 129
 201 130
 200 131
 144 132
 139 133
 133 134
 116 135
 130 136
 105 137
 122 138
 104 139
 74 140
 75 141
 78 142
 79 143
 56 144
 59 145
 58 146
 70 147
 51 148
 58 149
 50 150
 42 151
 34 152
 42 153
 38 154
 30 155
 34 156
 26 157
 31 158
 25 159
 24 160
 23 161
 16 162
 17 163
 15 164
 10 165
 15 166
 8 167
 18 168
 10 169
 9 170
 7 171
 9 172
 8 173
 9 174
 5 175
 5 176
 6 177
 9 178
 6 179
 5 180
 5 181
 6 182
 13 183
 3 184
 5 185
 8 186
 3 187
 4 188
 3 189
 2 190
 5 191
 1 192
 1 193
 2 194
 3 195
 1 196
 2 197
 4 198
 1 199
 3 200
 0 201
 1 202
 0 203
 0 204
 2 205
 1 206
 1 207
 1 208
 0 209
 3 210
 1 211
 0 212
 0 213
 0 214
 0 215
 0 216
 1 217
 0 218
 1 219
 0 220
 0 221
 0 222
 0 223
 0 224
 0 225
 1 226
 0 227
 0 228
 1 229
 1 230
 0 231
 1 232
 0 233
 0 234
 0 235
 0 236
 0 237
 0 238
 0 239
 0 240
 2 241
 0 242
 0 243
 0 244
 0 245
 0 246
 0 247
 0 248
 1 249
 0 250
 0 251
 0 252
 0 253
 0 254
 0 255
 0 256
 0 257
 0 258
 0 259
 0 260
 0 261
 0 262
 0 263
 1 264
 0 265
 0 266
 0 267
 0 268
 0 269
 0 270
 0 271
 0 272
 0 273
 1 274
 0 275
 0 276
 0 277
 0 278
 0 279
 0 280
 1 281
 0 282
 0 283
 0 284
 0 285
 0 286
 0 287
 4 288
 0 289
 1 290
 0 291
 0 292
 0 293
 0 294
 0 295
 0 296
 0 297
 0 298
 1 299
 2 300
 1 301
 1 302
 0 303
 1 304
 2 305
 0 306
 0 307
 2 308
 1 309
 1 310
 0 311
 1 312
 1 313
 0 314
 1 315
 0 316
 0 317
 0 318
 0 319
 1 320
 3 321
 0 322
 1 323
 1 324
 2 325
 3 326
 0 327
 1 328
 1 329
 2 330
 1 331
 4 332
 5 333
 5 334
 3 335
 1 336
 2 337
 2 338
 5 339
 1 340
 0 341
 0 342
 5 343
 6 344
 1 345
 2 346
 2 347
 3 348
 1 349
 2 350
 1 351
 2 352
 0 353
 3 354
 0 355
 1 356
 1 357
 0 358
 1 359
 2 360
 2 361
 0 362
 3 363
 0 364
 3 365
 0 366
 2 367
 2 368
 0 369
 0 370
 2 371
 0 372
 0 373
 0 374
 0 375
 0 376
 1 377
 0 378
 1 379
 2 380
 0 381
 1 382
 0 383
 0 384
 0 385
 1 386
 0 387
 0 388
 1 389
 0 390
 1 391
 0 392
 0 393
 1 394
 0 395
 0 396
 0 397
 0 398
 0 399
 0 400
 0 401
 0 402
 0 403
 0 404
 1 405
 0 406
 0 407
 0 408
 1 409
 0 410
 0 411
 0 412
 0 413
 0 414
 0 415
 0 416
 0 417
 0 418
 0 419
 0 420
 0 421
 0 422
 0 423
 0 424
 0 425
 0 426
 0 427
 0 428
 0 429
 0 430
 0 431
 0 432
 0 433
 0 434
 0 435
 0 436
 0 437
 0 438
 0 439
 0 440
 0 441
 0 442
 0 443
 0 444
 0 445
 0 446
 1 447
 0 448
 0 449
 0 450
 0 451
 0 452
 0 453
 0 454
 0 455
 0 456
 0 457
 0 458
 0 459
 0 460
 0 461
 0 462
 0 463
 0 464
 0 465
 0 466
 0 467
 0 468
 0 469
 0 470
 0 471
 0 472
 0 473
 0 474
 0 475
 0 476
 0 477
 0 478
 0 479
 0 480
 0 481
 0 482
 0 483
 0 484
 0 485
 0 486
 0 487
 0 488
 0 489
 0 490
 0 491
 0 492
 0 493
 0 494
 0 495
 0 496
 0 497
 0 498
 0 499
 0 500
 0 501
 0 502
 0 503
 0 504
 0 505
 0 506
 0 507
 0 508
 0 509
 0 510
 0 511
 0 512
 0 513
 0 514
 0 515
 0 516
 0 517
 0 518
 0 519
 0 520
 0 521
 0 522
 0 523
 0 524
 0 525
 0 526
 0 527
 0 528
 0 529
 0 530
 0 531
 0 532
 0 533
 0 534
 0 535
 0 536
 0 537
 0 538
 0 539
 0 540
 0 541
 0 542
 0 543
 0 544
 0 545
 0 546
 0 547
 0 548
 0 549
 0 550
 0 551
 0 552
 0 553
 0 554
 0 555
 0 556
 0 557
 0 558
 0 559
 0 560
 0 561
 0 562
 0 563
 0 564
 0 565
 0 566
 0 567
 0 568
 0 569
 0 570
 0 571
 0 572
 0 573
 0 574
 0 575
 0 576
 0 577
 0 578
 0 579
 0 580
 0 581
 0 582
 0 583
 0 584
 0 585
 0 586
 0 587
 0 588
 0 589
 0 590
 0 591
 0 592
 0 593
 0 594
 0 595
 0 596
 0 597
 0 598
 0 599
 0 600


