# Created by Octave 3.8.2, Mon Jun 22 20:07:45 2020 CEST <damian@fptrucha.inv.usc.es>
# name: hd
# type: matrix
# rows: 551
# columns: 2
 0 50
 0 51
 0 52
 0 53
 0 54
 0 55
 0 56
 0 57
 0 58
 0 59
 0 60
 0 61
 0 62
 0 63
 0 64
 0 65
 0 66
 0 67
 0 68
 0 69
 0 70
 0 71
 0 72
 0 73
 0 74
 0 75
 0 76
 0 77
 0 78
 0 79
 0 80
 0 81
 0 82
 0 83
 0 84
 0 85
 0 86
 0 87
 2 88
 9 89
 45 90
 108 91
 187 92
 355 93
 424 94
 541 95
 812 96
 1256 97
 1599 98
 1609 99
 1887 100
 1848 101
 1906 102
 1893 103
 1773 104
 1690 105
 1652 106
 1491 107
 1373 108
 1307 109
 1202 110
 1041 111
 1012 112
 908 113
 864 114
 753 115
 659 116
 609 117
 551 118
 494 119
 435 120
 384 121
 359 122
 343 123
 276 124
 268 125
 246 126
 225 127
 170 128
 164 129
 175 130
 140 131
 150 132
 159 133
 125 134
 125 135
 105 136
 103 137
 84 138
 98 139
 88 140
 74 141
 59 142
 69 143
 47 144
 54 145
 57 146
 48 147
 47 148
 51 149
 42 150
 46 151
 40 152
 35 153
 41 154
 36 155
 41 156
 27 157
 27 158
 27 159
 34 160
 28 161
 25 162
 21 163
 21 164
 18 165
 16 166
 14 167
 15 168
 9 169
 13 170
 7 171
 10 172
 9 173
 15 174
 11 175
 8 176
 13 177
 7 178
 11 179
 3 180
 2 181
 4 182
 4 183
 2 184
 2 185
 9 186
 2 187
 5 188
 5 189
 3 190
 2 191
 3 192
 5 193
 4 194
 1 195
 3 196
 3 197
 0 198
 2 199
 2 200
 1 201
 1 202
 0 203
 0 204
 2 205
 1 206
 0 207
 1 208
 1 209
 1 210
 1 211
 2 212
 1 213
 0 214
 0 215
 0 216
 1 217
 1 218
 0 219
 0 220
 1 221
 1 222
 0 223
 0 224
 1 225
 0 226
 0 227
 1 228
 1 229
 0 230
 0 231
 0 232
 0 233
 0 234
 0 235
 0 236
 0 237
 0 238
 0 239
 0 240
 0 241
 0 242
 0 243
 0 244
 0 245
 0 246
 0 247
 1 248
 0 249
 0 250
 0 251
 0 252
 0 253
 0 254
 0 255
 0 256
 0 257
 0 258
 0 259
 0 260
 0 261
 0 262
 0 263
 0 264
 0 265
 0 266
 0 267
 0 268
 0 269
 0 270
 0 271
 0 272
 0 273
 0 274
 0 275
 0 276
 0 277
 0 278
 0 279
 0 280
 1 281
 0 282
 0 283
 1 284
 2 285
 1 286
 0 287
 0 288
 0 289
 1 290
 0 291
 0 292
 0 293
 2 294
 0 295
 1 296
 4 297
 1 298
 0 299
 1 300
 1 301
 2 302
 2 303
 3 304
 4 305
 0 306
 0 307
 1 308
 1 309
 2 310
 2 311
 3 312
 0 313
 2 314
 3 315
 1 316
 3 317
 1 318
 3 319
 1 320
 0 321
 1 322
 3 323
 4 324
 0 325
 1 326
 1 327
 2 328
 1 329
 4 330
 1 331
 1 332
 2 333
 3 334
 2 335
 4 336
 1 337
 1 338
 2 339
 2 340
 1 341
 3 342
 2 343
 1 344
 2 345
 4 346
 1 347
 2 348
 8 349
 3 350
 4 351
 0 352
 5 353
 2 354
 3 355
 2 356
 1 357
 2 358
 2 359
 1 360
 1 361
 0 362
 1 363
 1 364
 0 365
 3 366
 0 367
 2 368
 1 369
 2 370
 0 371
 0 372
 6 373
 1 374
 1 375
 2 376
 3 377
 2 378
 0 379
 1 380
 0 381
 1 382
 1 383
 0 384
 1 385
 0 386
 0 387
 0 388
 0 389
 0 390
 1 391
 1 392
 1 393
 0 394
 0 395
 1 396
 0 397
 0 398
 1 399
 0 400
 1 401
 0 402
 0 403
 0 404
 0 405
 0 406
 0 407
 0 408
 0 409
 1 410
 1 411
 0 412
 1 413
 0 414
 0 415
 0 416
 0 417
 0 418
 0 419
 0 420
 0 421
 0 422
 0 423
 0 424
 0 425
 0 426
 0 427
 0 428
 0 429
 0 430
 0 431
 0 432
 1 433
 0 434
 0 435
 0 436
 0 437
 0 438
 0 439
 0 440
 0 441
 0 442
 0 443
 0 444
 0 445
 0 446
 0 447
 0 448
 0 449
 0 450
 0 451
 0 452
 0 453
 0 454
 0 455
 0 456
 0 457
 0 458
 0 459
 0 460
 0 461
 0 462
 0 463
 0 464
 0 465
 0 466
 0 467
 0 468
 0 469
 0 470
 0 471
 0 472
 0 473
 0 474
 0 475
 0 476
 0 477
 0 478
 0 479
 0 480
 0 481
 0 482
 0 483
 0 484
 0 485
 0 486
 0 487
 0 488
 0 489
 0 490
 0 491
 0 492
 0 493
 0 494
 0 495
 0 496
 0 497
 0 498
 0 499
 0 500
 0 501
 0 502
 0 503
 0 504
 0 505
 0 506
 0 507
 0 508
 0 509
 0 510
 0 511
 0 512
 0 513
 0 514
 0 515
 0 516
 0 517
 0 518
 0 519
 0 520
 0 521
 0 522
 0 523
 0 524
 0 525
 0 526
 0 527
 0 528
 0 529
 0 530
 0 531
 0 532
 0 533
 0 534
 0 535
 0 536
 0 537
 0 538
 0 539
 0 540
 0 541
 0 542
 0 543
 0 544
 0 545
 0 546
 0 547
 0 548
 0 549
 0 550
 0 551
 0 552
 0 553
 0 554
 0 555
 0 556
 0 557
 0 558
 0 559
 0 560
 0 561
 0 562
 0 563
 0 564
 0 565
 0 566
 0 567
 0 568
 0 569
 0 570
 0 571
 0 572
 0 573
 0 574
 0 575
 0 576
 0 577
 0 578
 0 579
 0 580
 0 581
 0 582
 0 583
 0 584
 0 585
 0 586
 0 587
 0 588
 0 589
 0 590
 0 591
 0 592
 0 593
 0 594
 0 595
 0 596
 0 597
 0 598
 0 599
 0 600


