# Created by Octave 3.8.2, Mon Jun 22 03:50:50 2020 CEST <damian@fptrucha.inv.usc.es>
# name: hd
# type: matrix
# rows: 551
# columns: 2
 0 50
 0 51
 0 52
 0 53
 0 54
 0 55
 0 56
 0 57
 0 58
 0 59
 0 60
 0 61
 0 62
 0 63
 0 64
 0 65
 0 66
 0 67
 0 68
 0 69
 0 70
 0 71
 0 72
 0 73
 0 74
 0 75
 0 76
 0 77
 0 78
 0 79
 0 80
 0 81
 0 82
 0 83
 0 84
 0 85
 0 86
 1 87
 0 88
 9 89
 38 90
 106 91
 208 92
 328 93
 398 94
 514 95
 828 96
 1215 97
 1588 98
 1729 99
 1753 100
 1887 101
 1893 102
 1720 103
 1707 104
 1683 105
 1513 106
 1346 107
 1145 108
 1135 109
 1062 110
 831 111
 819 112
 704 113
 676 114
 526 115
 455 116
 444 117
 371 118
 338 119
 325 120
 251 121
 236 122
 216 123
 168 124
 171 125
 149 126
 165 127
 139 128
 122 129
 106 130
 98 131
 122 132
 92 133
 97 134
 77 135
 80 136
 76 137
 73 138
 73 139
 59 140
 61 141
 56 142
 51 143
 48 144
 38 145
 42 146
 62 147
 36 148
 42 149
 32 150
 34 151
 32 152
 24 153
 26 154
 27 155
 18 156
 31 157
 19 158
 26 159
 24 160
 20 161
 22 162
 15 163
 11 164
 13 165
 13 166
 11 167
 14 168
 8 169
 5 170
 4 171
 8 172
 6 173
 4 174
 7 175
 7 176
 6 177
 2 178
 4 179
 7 180
 5 181
 5 182
 4 183
 0 184
 2 185
 1 186
 5 187
 3 188
 2 189
 1 190
 2 191
 3 192
 1 193
 5 194
 2 195
 6 196
 1 197
 1 198
 1 199
 1 200
 2 201
 1 202
 2 203
 2 204
 1 205
 1 206
 0 207
 0 208
 0 209
 0 210
 3 211
 0 212
 2 213
 2 214
 1 215
 1 216
 2 217
 0 218
 0 219
 0 220
 0 221
 0 222
 0 223
 0 224
 0 225
 0 226
 0 227
 0 228
 0 229
 0 230
 0 231
 0 232
 0 233
 0 234
 0 235
 0 236
 0 237
 0 238
 0 239
 0 240
 0 241
 1 242
 0 243
 0 244
 0 245
 0 246
 0 247
 0 248
 0 249
 0 250
 0 251
 0 252
 0 253
 0 254
 0 255
 0 256
 0 257
 0 258
 0 259
 0 260
 0 261
 0 262
 1 263
 0 264
 0 265
 0 266
 0 267
 0 268
 0 269
 0 270
 0 271
 0 272
 0 273
 0 274
 0 275
 0 276
 1 277
 1 278
 0 279
 0 280
 0 281
 0 282
 0 283
 0 284
 0 285
 0 286
 0 287
 0 288
 0 289
 0 290
 0 291
 1 292
 0 293
 1 294
 1 295
 1 296
 0 297
 0 298
 0 299
 1 300
 0 301
 0 302
 2 303
 3 304
 1 305
 2 306
 4 307
 1 308
 4 309
 2 310
 0 311
 4 312
 5 313
 2 314
 3 315
 3 316
 3 317
 6 318
 0 319
 2 320
 2 321
 2 322
 3 323
 2 324
 4 325
 4 326
 2 327
 2 328
 1 329
 4 330
 3 331
 0 332
 1 333
 1 334
 1 335
 5 336
 2 337
 3 338
 2 339
 0 340
 4 341
 4 342
 0 343
 2 344
 5 345
 0 346
 6 347
 1 348
 0 349
 0 350
 1 351
 3 352
 2 353
 1 354
 1 355
 1 356
 3 357
 2 358
 3 359
 1 360
 0 361
 1 362
 0 363
 1 364
 2 365
 0 366
 0 367
 1 368
 0 369
 2 370
 1 371
 0 372
 0 373
 0 374
 2 375
 0 376
 0 377
 0 378
 0 379
 0 380
 0 381
 0 382
 0 383
 1 384
 0 385
 0 386
 0 387
 0 388
 2 389
 0 390
 1 391
 0 392
 1 393
 1 394
 0 395
 0 396
 0 397
 0 398
 0 399
 0 400
 0 401
 0 402
 0 403
 0 404
 0 405
 0 406
 0 407
 0 408
 0 409
 0 410
 0 411
 0 412
 1 413
 0 414
 0 415
 0 416
 0 417
 0 418
 0 419
 0 420
 0 421
 0 422
 0 423
 0 424
 0 425
 0 426
 0 427
 0 428
 0 429
 0 430
 0 431
 1 432
 0 433
 0 434
 0 435
 0 436
 0 437
 0 438
 0 439
 0 440
 0 441
 0 442
 0 443
 0 444
 0 445
 0 446
 0 447
 0 448
 0 449
 0 450
 0 451
 0 452
 0 453
 0 454
 0 455
 0 456
 0 457
 0 458
 0 459
 0 460
 0 461
 0 462
 0 463
 0 464
 0 465
 0 466
 0 467
 0 468
 0 469
 0 470
 0 471
 0 472
 0 473
 0 474
 0 475
 0 476
 0 477
 0 478
 0 479
 0 480
 0 481
 0 482
 0 483
 0 484
 0 485
 0 486
 0 487
 0 488
 0 489
 0 490
 0 491
 0 492
 0 493
 0 494
 0 495
 0 496
 0 497
 0 498
 0 499
 0 500
 0 501
 0 502
 0 503
 0 504
 0 505
 0 506
 0 507
 0 508
 0 509
 0 510
 0 511
 0 512
 0 513
 0 514
 0 515
 0 516
 0 517
 0 518
 0 519
 0 520
 0 521
 0 522
 0 523
 0 524
 0 525
 0 526
 0 527
 0 528
 0 529
 0 530
 0 531
 0 532
 0 533
 0 534
 0 535
 0 536
 0 537
 0 538
 0 539
 0 540
 0 541
 0 542
 0 543
 0 544
 0 545
 0 546
 0 547
 0 548
 0 549
 0 550
 0 551
 0 552
 0 553
 0 554
 0 555
 0 556
 0 557
 0 558
 0 559
 0 560
 0 561
 0 562
 0 563
 0 564
 0 565
 0 566
 0 567
 0 568
 0 569
 0 570
 0 571
 0 572
 0 573
 0 574
 0 575
 0 576
 0 577
 0 578
 0 579
 0 580
 0 581
 0 582
 0 583
 0 584
 0 585
 0 586
 0 587
 0 588
 0 589
 0 590
 0 591
 0 592
 0 593
 0 594
 0 595
 0 596
 0 597
 0 598
 0 599
 0 600


