# Created by Octave 3.8.2, Mon Jun 22 02:08:08 2020 CEST <damian@fptrucha.inv.usc.es>
# name: hd
# type: matrix
# rows: 551
# columns: 2
 0 50
 0 51
 0 52
 0 53
 0 54
 0 55
 0 56
 0 57
 0 58
 0 59
 0 60
 0 61
 0 62
 0 63
 0 64
 0 65
 0 66
 0 67
 0 68
 0 69
 0 70
 0 71
 0 72
 0 73
 0 74
 0 75
 0 76
 0 77
 0 78
 0 79
 0 80
 0 81
 0 82
 0 83
 0 84
 0 85
 0 86
 0 87
 4 88
 2 89
 28 90
 98 91
 148 92
 261 93
 332 94
 427 95
 677 96
 985 97
 1380 98
 1610 99
 1626 100
 1788 101
 1757 102
 1868 103
 1784 104
 1779 105
 1571 106
 1563 107
 1380 108
 1208 109
 1156 110
 993 111
 955 112
 904 113
 785 114
 730 115
 636 116
 606 117
 499 118
 424 119
 397 120
 367 121
 315 122
 294 123
 267 124
 236 125
 212 126
 178 127
 150 128
 149 129
 142 130
 136 131
 156 132
 94 133
 100 134
 111 135
 77 136
 82 137
 73 138
 54 139
 55 140
 60 141
 54 142
 42 143
 41 144
 35 145
 43 146
 46 147
 45 148
 38 149
 32 150
 41 151
 32 152
 23 153
 27 154
 28 155
 32 156
 23 157
 15 158
 17 159
 15 160
 25 161
 14 162
 13 163
 16 164
 12 165
 14 166
 9 167
 7 168
 3 169
 9 170
 7 171
 6 172
 11 173
 6 174
 9 175
 9 176
 9 177
 7 178
 2 179
 8 180
 5 181
 5 182
 2 183
 2 184
 2 185
 2 186
 9 187
 4 188
 0 189
 4 190
 1 191
 2 192
 4 193
 2 194
 1 195
 4 196
 0 197
 0 198
 0 199
 0 200
 0 201
 1 202
 1 203
 0 204
 1 205
 0 206
 1 207
 0 208
 0 209
 0 210
 0 211
 0 212
 0 213
 0 214
 1 215
 0 216
 0 217
 1 218
 0 219
 0 220
 0 221
 0 222
 0 223
 0 224
 0 225
 0 226
 2 227
 0 228
 0 229
 0 230
 0 231
 0 232
 0 233
 0 234
 0 235
 0 236
 0 237
 0 238
 0 239
 0 240
 0 241
 0 242
 1 243
 0 244
 0 245
 0 246
 0 247
 0 248
 0 249
 0 250
 0 251
 0 252
 0 253
 0 254
 0 255
 0 256
 0 257
 0 258
 0 259
 0 260
 0 261
 0 262
 0 263
 0 264
 0 265
 0 266
 0 267
 0 268
 0 269
 0 270
 0 271
 0 272
 0 273
 0 274
 0 275
 0 276
 0 277
 0 278
 0 279
 0 280
 0 281
 0 282
 0 283
 0 284
 0 285
 0 286
 0 287
 0 288
 0 289
 0 290
 0 291
 0 292
 0 293
 0 294
 0 295
 0 296
 1 297
 0 298
 0 299
 0 300
 1 301
 1 302
 0 303
 0 304
 0 305
 1 306
 0 307
 0 308
 1 309
 0 310
 0 311
 0 312
 0 313
 0 314
 3 315
 1 316
 0 317
 1 318
 3 319
 1 320
 3 321
 1 322
 2 323
 1 324
 1 325
 2 326
 1 327
 2 328
 0 329
 0 330
 2 331
 1 332
 1 333
 4 334
 1 335
 5 336
 2 337
 0 338
 1 339
 1 340
 2 341
 1 342
 3 343
 2 344
 0 345
 3 346
 1 347
 1 348
 2 349
 1 350
 0 351
 0 352
 1 353
 1 354
 1 355
 0 356
 1 357
 1 358
 0 359
 1 360
 0 361
 2 362
 3 363
 2 364
 3 365
 1 366
 0 367
 0 368
 1 369
 0 370
 1 371
 0 372
 0 373
 0 374
 3 375
 0 376
 2 377
 0 378
 0 379
 0 380
 0 381
 0 382
 2 383
 0 384
 1 385
 0 386
 0 387
 0 388
 0 389
 1 390
 0 391
 0 392
 0 393
 1 394
 0 395
 0 396
 0 397
 0 398
 0 399
 0 400
 0 401
 0 402
 0 403
 0 404
 1 405
 0 406
 0 407
 0 408
 0 409
 0 410
 0 411
 0 412
 1 413
 0 414
 0 415
 0 416
 0 417
 0 418
 0 419
 0 420
 0 421
 0 422
 0 423
 0 424
 0 425
 0 426
 0 427
 0 428
 0 429
 0 430
 1 431
 0 432
 0 433
 0 434
 0 435
 0 436
 0 437
 0 438
 0 439
 0 440
 0 441
 0 442
 0 443
 0 444
 0 445
 0 446
 0 447
 0 448
 0 449
 0 450
 0 451
 0 452
 0 453
 0 454
 0 455
 0 456
 0 457
 0 458
 0 459
 0 460
 0 461
 0 462
 0 463
 0 464
 0 465
 0 466
 0 467
 0 468
 0 469
 0 470
 0 471
 0 472
 0 473
 0 474
 0 475
 0 476
 0 477
 0 478
 0 479
 0 480
 0 481
 0 482
 0 483
 0 484
 0 485
 0 486
 0 487
 0 488
 0 489
 0 490
 0 491
 0 492
 0 493
 0 494
 0 495
 0 496
 0 497
 0 498
 0 499
 0 500
 0 501
 0 502
 0 503
 0 504
 0 505
 0 506
 0 507
 0 508
 0 509
 0 510
 0 511
 0 512
 0 513
 0 514
 0 515
 0 516
 0 517
 0 518
 0 519
 0 520
 0 521
 0 522
 0 523
 0 524
 0 525
 0 526
 0 527
 0 528
 0 529
 0 530
 0 531
 0 532
 0 533
 0 534
 0 535
 0 536
 0 537
 0 538
 0 539
 0 540
 0 541
 0 542
 0 543
 0 544
 0 545
 0 546
 0 547
 0 548
 0 549
 0 550
 0 551
 0 552
 0 553
 0 554
 0 555
 0 556
 0 557
 0 558
 0 559
 0 560
 0 561
 0 562
 0 563
 0 564
 0 565
 0 566
 0 567
 0 568
 0 569
 0 570
 0 571
 0 572
 0 573
 0 574
 0 575
 0 576
 0 577
 0 578
 0 579
 0 580
 0 581
 0 582
 0 583
 0 584
 0 585
 0 586
 0 587
 0 588
 0 589
 0 590
 0 591
 0 592
 0 593
 0 594
 0 595
 0 596
 0 597
 0 598
 0 599
 0 600


