# Created by Octave 3.8.2, Mon Jun 22 23:46:00 2020 CEST <damian@fptrucha.inv.usc.es>
# name: hd
# type: matrix
# rows: 551
# columns: 2
 0 50
 0 51
 0 52
 0 53
 0 54
 0 55
 0 56
 0 57
 0 58
 0 59
 0 60
 0 61
 0 62
 0 63
 0 64
 0 65
 0 66
 0 67
 0 68
 0 69
 0 70
 0 71
 0 72
 0 73
 0 74
 0 75
 0 76
 0 77
 0 78
 0 79
 0 80
 0 81
 0 82
 0 83
 0 84
 0 85
 0 86
 1 87
 8 88
 15 89
 62 90
 141 91
 204 92
 302 93
 449 94
 663 95
 951 96
 1228 97
 1595 98
 1661 99
 1906 100
 1879 101
 1943 102
 1891 103
 1798 104
 1765 105
 1618 106
 1542 107
 1434 108
 1366 109
 1228 110
 1140 111
 1033 112
 916 113
 881 114
 670 115
 677 116
 598 117
 524 118
 455 119
 396 120
 368 121
 363 122
 305 123
 269 124
 254 125
 219 126
 225 127
 188 128
 185 129
 188 130
 165 131
 136 132
 143 133
 123 134
 103 135
 103 136
 82 137
 97 138
 84 139
 72 140
 78 141
 84 142
 65 143
 65 144
 73 145
 45 146
 49 147
 50 148
 42 149
 47 150
 52 151
 35 152
 47 153
 36 154
 37 155
 28 156
 27 157
 23 158
 32 159
 14 160
 21 161
 19 162
 15 163
 19 164
 9 165
 23 166
 12 167
 14 168
 18 169
 17 170
 11 171
 14 172
 5 173
 11 174
 7 175
 5 176
 10 177
 6 178
 5 179
 5 180
 5 181
 7 182
 3 183
 7 184
 3 185
 8 186
 3 187
 3 188
 2 189
 4 190
 2 191
 2 192
 3 193
 3 194
 0 195
 3 196
 4 197
 0 198
 1 199
 0 200
 1 201
 1 202
 0 203
 2 204
 2 205
 0 206
 1 207
 1 208
 0 209
 0 210
 0 211
 3 212
 0 213
 1 214
 0 215
 0 216
 1 217
 0 218
 0 219
 0 220
 0 221
 0 222
 0 223
 1 224
 0 225
 0 226
 1 227
 0 228
 0 229
 2 230
 0 231
 0 232
 0 233
 0 234
 1 235
 0 236
 0 237
 0 238
 0 239
 0 240
 0 241
 0 242
 0 243
 0 244
 0 245
 0 246
 0 247
 1 248
 0 249
 0 250
 0 251
 0 252
 0 253
 0 254
 0 255
 0 256
 0 257
 0 258
 1 259
 0 260
 0 261
 0 262
 0 263
 0 264
 0 265
 0 266
 0 267
 0 268
 0 269
 0 270
 0 271
 0 272
 0 273
 0 274
 0 275
 0 276
 0 277
 0 278
 0 279
 0 280
 0 281
 0 282
 0 283
 0 284
 0 285
 0 286
 0 287
 1 288
 0 289
 1 290
 1 291
 3 292
 4 293
 1 294
 0 295
 0 296
 1 297
 3 298
 1 299
 1 300
 0 301
 1 302
 1 303
 0 304
 0 305
 1 306
 3 307
 3 308
 1 309
 7 310
 2 311
 4 312
 1 313
 2 314
 2 315
 1 316
 2 317
 1 318
 0 319
 2 320
 1 321
 1 322
 3 323
 0 324
 3 325
 3 326
 0 327
 2 328
 2 329
 2 330
 3 331
 2 332
 1 333
 1 334
 3 335
 2 336
 3 337
 3 338
 0 339
 6 340
 0 341
 1 342
 1 343
 2 344
 0 345
 2 346
 4 347
 2 348
 2 349
 1 350
 3 351
 1 352
 2 353
 1 354
 1 355
 2 356
 2 357
 1 358
 0 359
 2 360
 2 361
 1 362
 0 363
 0 364
 1 365
 2 366
 0 367
 3 368
 0 369
 0 370
 1 371
 1 372
 3 373
 1 374
 2 375
 0 376
 0 377
 1 378
 0 379
 1 380
 0 381
 1 382
 3 383
 1 384
 1 385
 0 386
 0 387
 1 388
 0 389
 0 390
 0 391
 0 392
 2 393
 0 394
 2 395
 0 396
 0 397
 1 398
 0 399
 0 400
 0 401
 1 402
 0 403
 0 404
 2 405
 0 406
 1 407
 0 408
 1 409
 1 410
 0 411
 1 412
 0 413
 0 414
 0 415
 0 416
 0 417
 0 418
 1 419
 0 420
 0 421
 0 422
 0 423
 0 424
 0 425
 0 426
 0 427
 0 428
 0 429
 0 430
 0 431
 0 432
 0 433
 0 434
 0 435
 0 436
 0 437
 0 438
 0 439
 0 440
 0 441
 0 442
 0 443
 0 444
 0 445
 0 446
 0 447
 0 448
 0 449
 0 450
 0 451
 0 452
 0 453
 0 454
 0 455
 0 456
 0 457
 0 458
 0 459
 0 460
 0 461
 0 462
 0 463
 0 464
 0 465
 0 466
 0 467
 0 468
 0 469
 0 470
 0 471
 0 472
 0 473
 0 474
 0 475
 0 476
 0 477
 0 478
 0 479
 0 480
 0 481
 0 482
 0 483
 0 484
 0 485
 0 486
 0 487
 0 488
 0 489
 0 490
 0 491
 0 492
 0 493
 0 494
 0 495
 0 496
 0 497
 0 498
 0 499
 0 500
 0 501
 0 502
 0 503
 0 504
 0 505
 0 506
 0 507
 0 508
 0 509
 0 510
 0 511
 0 512
 0 513
 0 514
 0 515
 0 516
 0 517
 0 518
 0 519
 0 520
 0 521
 0 522
 0 523
 0 524
 0 525
 0 526
 0 527
 0 528
 0 529
 0 530
 0 531
 0 532
 0 533
 0 534
 0 535
 0 536
 0 537
 0 538
 0 539
 0 540
 0 541
 0 542
 0 543
 0 544
 0 545
 0 546
 0 547
 0 548
 0 549
 0 550
 0 551
 0 552
 0 553
 0 554
 0 555
 0 556
 0 557
 0 558
 0 559
 0 560
 0 561
 0 562
 0 563
 0 564
 0 565
 0 566
 0 567
 0 568
 0 569
 0 570
 0 571
 0 572
 0 573
 0 574
 0 575
 0 576
 0 577
 0 578
 0 579
 0 580
 0 581
 0 582
 0 583
 0 584
 0 585
 0 586
 0 587
 0 588
 0 589
 0 590
 0 591
 0 592
 0 593
 0 594
 0 595
 0 596
 0 597
 0 598
 0 599
 0 600


