# Created by Octave 3.8.2, Mon Jun 22 19:53:08 2020 CEST <damian@fptrucha.inv.usc.es>
# name: hd
# type: matrix
# rows: 551
# columns: 2
 0 50
 0 51
 0 52
 0 53
 0 54
 0 55
 0 56
 0 57
 0 58
 0 59
 0 60
 0 61
 0 62
 0 63
 0 64
 0 65
 0 66
 0 67
 0 68
 0 69
 0 70
 0 71
 0 72
 0 73
 0 74
 0 75
 0 76
 0 77
 0 78
 0 79
 0 80
 0 81
 0 82
 0 83
 0 84
 0 85
 0 86
 1 87
 1 88
 12 89
 36 90
 122 91
 199 92
 295 93
 360 94
 569 95
 789 96
 1227 97
 1452 98
 1618 99
 1702 100
 1836 101
 1859 102
 1834 103
 1745 104
 1717 105
 1608 106
 1595 107
 1386 108
 1340 109
 1201 110
 1115 111
 996 112
 848 113
 838 114
 729 115
 631 116
 628 117
 531 118
 464 119
 444 120
 398 121
 373 122
 336 123
 294 124
 272 125
 218 126
 206 127
 192 128
 155 129
 182 130
 152 131
 149 132
 145 133
 130 134
 119 135
 110 136
 108 137
 86 138
 98 139
 109 140
 76 141
 72 142
 68 143
 71 144
 72 145
 53 146
 41 147
 63 148
 53 149
 57 150
 51 151
 39 152
 33 153
 41 154
 45 155
 32 156
 31 157
 25 158
 25 159
 19 160
 24 161
 31 162
 25 163
 22 164
 22 165
 13 166
 16 167
 16 168
 10 169
 14 170
 13 171
 10 172
 12 173
 7 174
 7 175
 9 176
 8 177
 7 178
 9 179
 10 180
 4 181
 9 182
 4 183
 6 184
 3 185
 3 186
 1 187
 2 188
 7 189
 9 190
 8 191
 2 192
 1 193
 3 194
 3 195
 2 196
 2 197
 2 198
 1 199
 1 200
 0 201
 0 202
 0 203
 0 204
 2 205
 0 206
 0 207
 0 208
 1 209
 1 210
 0 211
 0 212
 0 213
 1 214
 1 215
 0 216
 0 217
 0 218
 1 219
 0 220
 0 221
 0 222
 1 223
 0 224
 0 225
 0 226
 0 227
 1 228
 1 229
 0 230
 0 231
 0 232
 0 233
 0 234
 0 235
 0 236
 0 237
 0 238
 0 239
 0 240
 0 241
 0 242
 0 243
 0 244
 0 245
 0 246
 0 247
 0 248
 0 249
 0 250
 0 251
 0 252
 0 253
 0 254
 0 255
 0 256
 0 257
 0 258
 0 259
 0 260
 0 261
 0 262
 0 263
 0 264
 0 265
 0 266
 0 267
 0 268
 0 269
 0 270
 0 271
 0 272
 0 273
 0 274
 0 275
 0 276
 0 277
 0 278
 0 279
 0 280
 0 281
 1 282
 0 283
 0 284
 0 285
 0 286
 2 287
 1 288
 1 289
 1 290
 0 291
 0 292
 0 293
 2 294
 0 295
 2 296
 0 297
 0 298
 0 299
 0 300
 1 301
 4 302
 2 303
 0 304
 1 305
 3 306
 2 307
 2 308
 1 309
 0 310
 1 311
 1 312
 1 313
 1 314
 2 315
 1 316
 0 317
 2 318
 3 319
 1 320
 3 321
 2 322
 2 323
 4 324
 4 325
 2 326
 3 327
 1 328
 2 329
 0 330
 1 331
 1 332
 2 333
 5 334
 5 335
 2 336
 4 337
 0 338
 3 339
 5 340
 5 341
 0 342
 0 343
 2 344
 4 345
 1 346
 1 347
 1 348
 2 349
 2 350
 3 351
 4 352
 2 353
 3 354
 3 355
 1 356
 0 357
 2 358
 0 359
 0 360
 2 361
 2 362
 2 363
 2 364
 1 365
 0 366
 3 367
 4 368
 1 369
 0 370
 0 371
 3 372
 0 373
 0 374
 1 375
 0 376
 1 377
 1 378
 1 379
 1 380
 0 381
 0 382
 0 383
 2 384
 0 385
 1 386
 1 387
 0 388
 0 389
 1 390
 0 391
 0 392
 1 393
 0 394
 1 395
 0 396
 0 397
 0 398
 0 399
 0 400
 0 401
 0 402
 1 403
 0 404
 1 405
 0 406
 1 407
 0 408
 0 409
 0 410
 0 411
 1 412
 0 413
 0 414
 0 415
 0 416
 0 417
 0 418
 0 419
 0 420
 0 421
 0 422
 0 423
 0 424
 0 425
 0 426
 0 427
 0 428
 0 429
 0 430
 0 431
 0 432
 0 433
 0 434
 0 435
 0 436
 0 437
 0 438
 0 439
 0 440
 0 441
 0 442
 0 443
 0 444
 0 445
 0 446
 0 447
 0 448
 0 449
 0 450
 0 451
 0 452
 0 453
 0 454
 0 455
 0 456
 0 457
 0 458
 0 459
 0 460
 0 461
 0 462
 0 463
 0 464
 0 465
 0 466
 0 467
 0 468
 0 469
 0 470
 0 471
 0 472
 0 473
 0 474
 0 475
 0 476
 0 477
 0 478
 0 479
 0 480
 0 481
 0 482
 0 483
 0 484
 0 485
 0 486
 0 487
 0 488
 0 489
 0 490
 0 491
 0 492
 0 493
 0 494
 0 495
 0 496
 0 497
 0 498
 0 499
 0 500
 0 501
 0 502
 0 503
 0 504
 0 505
 0 506
 0 507
 0 508
 0 509
 0 510
 0 511
 0 512
 0 513
 0 514
 0 515
 0 516
 0 517
 0 518
 0 519
 0 520
 0 521
 0 522
 0 523
 0 524
 0 525
 0 526
 0 527
 0 528
 0 529
 0 530
 0 531
 0 532
 0 533
 0 534
 0 535
 0 536
 0 537
 0 538
 0 539
 0 540
 0 541
 0 542
 0 543
 0 544
 0 545
 0 546
 0 547
 0 548
 0 549
 0 550
 0 551
 0 552
 0 553
 0 554
 0 555
 0 556
 0 557
 0 558
 0 559
 0 560
 0 561
 0 562
 0 563
 0 564
 0 565
 0 566
 0 567
 0 568
 0 569
 0 570
 0 571
 0 572
 0 573
 0 574
 0 575
 0 576
 0 577
 0 578
 0 579
 0 580
 0 581
 0 582
 0 583
 0 584
 0 585
 0 586
 0 587
 0 588
 0 589
 0 590
 0 591
 0 592
 0 593
 0 594
 0 595
 0 596
 0 597
 0 598
 0 599
 0 600


