# Created by Octave 3.8.2, Sat Jun 20 12:02:37 2020 CEST <damian@fptrucha.inv.usc.es>
# name: hd
# type: matrix
# rows: 551
# columns: 2
 0 50
 0 51
 0 52
 0 53
 0 54
 0 55
 0 56
 0 57
 0 58
 0 59
 0 60
 0 61
 0 62
 0 63
 0 64
 0 65
 0 66
 0 67
 0 68
 0 69
 0 70
 0 71
 0 72
 0 73
 0 74
 0 75
 0 76
 0 77
 0 78
 0 79
 0 80
 0 81
 0 82
 0 83
 0 84
 0 85
 0 86
 2 87
 6 88
 18 89
 87 90
 133 91
 242 92
 329 93
 431 94
 615 95
 940 96
 1347 97
 1571 98
 1586 99
 1740 100
 1792 101
 1817 102
 1736 103
 1744 104
 1703 105
 1638 106
 1516 107
 1459 108
 1402 109
 1261 110
 1101 111
 1048 112
 956 113
 885 114
 830 115
 663 116
 651 117
 624 118
 617 119
 525 120
 474 121
 398 122
 364 123
 330 124
 305 125
 246 126
 267 127
 212 128
 207 129
 205 130
 165 131
 167 132
 151 133
 130 134
 136 135
 107 136
 128 137
 92 138
 90 139
 83 140
 73 141
 75 142
 77 143
 61 144
 76 145
 63 146
 42 147
 51 148
 51 149
 51 150
 34 151
 37 152
 41 153
 35 154
 36 155
 28 156
 25 157
 31 158
 22 159
 27 160
 27 161
 35 162
 23 163
 15 164
 15 165
 14 166
 5 167
 16 168
 15 169
 13 170
 10 171
 16 172
 8 173
 8 174
 7 175
 5 176
 10 177
 4 178
 2 179
 4 180
 4 181
 5 182
 4 183
 5 184
 5 185
 5 186
 6 187
 1 188
 3 189
 1 190
 4 191
 2 192
 0 193
 1 194
 2 195
 0 196
 2 197
 0 198
 1 199
 1 200
 2 201
 0 202
 0 203
 0 204
 1 205
 0 206
 1 207
 1 208
 3 209
 0 210
 0 211
 1 212
 0 213
 0 214
 1 215
 0 216
 0 217
 0 218
 0 219
 0 220
 0 221
 0 222
 0 223
 0 224
 0 225
 2 226
 0 227
 1 228
 0 229
 0 230
 0 231
 0 232
 0 233
 0 234
 0 235
 0 236
 0 237
 0 238
 0 239
 0 240
 0 241
 0 242
 1 243
 0 244
 0 245
 0 246
 0 247
 0 248
 0 249
 0 250
 0 251
 0 252
 0 253
 0 254
 0 255
 0 256
 0 257
 0 258
 0 259
 0 260
 0 261
 0 262
 0 263
 0 264
 0 265
 0 266
 0 267
 0 268
 0 269
 0 270
 0 271
 0 272
 0 273
 0 274
 0 275
 0 276
 0 277
 0 278
 0 279
 0 280
 0 281
 0 282
 0 283
 0 284
 0 285
 0 286
 0 287
 2 288
 0 289
 1 290
 0 291
 3 292
 0 293
 1 294
 2 295
 2 296
 0 297
 0 298
 1 299
 3 300
 1 301
 1 302
 1 303
 0 304
 3 305
 0 306
 1 307
 1 308
 1 309
 5 310
 0 311
 1 312
 1 313
 1 314
 1 315
 4 316
 2 317
 1 318
 5 319
 0 320
 2 321
 4 322
 4 323
 2 324
 1 325
 1 326
 1 327
 5 328
 0 329
 0 330
 2 331
 0 332
 3 333
 1 334
 0 335
 2 336
 0 337
 3 338
 1 339
 3 340
 3 341
 2 342
 0 343
 2 344
 0 345
 3 346
 0 347
 0 348
 3 349
 2 350
 2 351
 0 352
 3 353
 3 354
 6 355
 2 356
 1 357
 3 358
 0 359
 2 360
 0 361
 0 362
 1 363
 1 364
 1 365
 0 366
 0 367
 1 368
 3 369
 1 370
 2 371
 1 372
 4 373
 0 374
 1 375
 1 376
 0 377
 1 378
 0 379
 1 380
 0 381
 2 382
 0 383
 2 384
 0 385
 2 386
 0 387
 0 388
 0 389
 1 390
 0 391
 1 392
 1 393
 1 394
 0 395
 0 396
 0 397
 1 398
 1 399
 0 400
 1 401
 0 402
 0 403
 0 404
 0 405
 0 406
 0 407
 0 408
 0 409
 0 410
 0 411
 1 412
 0 413
 0 414
 0 415
 0 416
 0 417
 0 418
 0 419
 0 420
 0 421
 0 422
 0 423
 0 424
 0 425
 0 426
 0 427
 0 428
 0 429
 0 430
 0 431
 0 432
 0 433
 1 434
 0 435
 0 436
 0 437
 0 438
 0 439
 0 440
 0 441
 0 442
 0 443
 0 444
 0 445
 0 446
 0 447
 0 448
 0 449
 0 450
 0 451
 0 452
 0 453
 0 454
 0 455
 0 456
 0 457
 0 458
 0 459
 0 460
 0 461
 0 462
 0 463
 0 464
 0 465
 0 466
 0 467
 0 468
 0 469
 0 470
 0 471
 0 472
 0 473
 0 474
 0 475
 0 476
 0 477
 0 478
 0 479
 0 480
 0 481
 0 482
 0 483
 0 484
 0 485
 0 486
 0 487
 0 488
 0 489
 0 490
 0 491
 0 492
 0 493
 0 494
 0 495
 0 496
 0 497
 0 498
 0 499
 0 500
 0 501
 0 502
 0 503
 0 504
 0 505
 0 506
 0 507
 0 508
 0 509
 0 510
 0 511
 0 512
 0 513
 0 514
 0 515
 0 516
 0 517
 0 518
 0 519
 0 520
 0 521
 0 522
 0 523
 0 524
 0 525
 0 526
 0 527
 0 528
 0 529
 0 530
 0 531
 0 532
 0 533
 0 534
 0 535
 0 536
 0 537
 0 538
 0 539
 0 540
 0 541
 0 542
 0 543
 0 544
 0 545
 0 546
 0 547
 0 548
 0 549
 0 550
 0 551
 0 552
 0 553
 0 554
 0 555
 0 556
 0 557
 0 558
 0 559
 0 560
 0 561
 0 562
 0 563
 0 564
 0 565
 0 566
 0 567
 0 568
 0 569
 0 570
 0 571
 0 572
 0 573
 0 574
 0 575
 0 576
 0 577
 0 578
 0 579
 0 580
 0 581
 0 582
 0 583
 0 584
 0 585
 0 586
 0 587
 0 588
 0 589
 0 590
 0 591
 0 592
 0 593
 0 594
 0 595
 0 596
 0 597
 0 598
 0 599
 0 600


