# Created by Octave 3.8.2, Mon Jun 22 07:09:40 2020 CEST <damian@fptrucha.inv.usc.es>
# name: hd
# type: matrix
# rows: 551
# columns: 2
 0 50
 0 51
 0 52
 0 53
 0 54
 0 55
 0 56
 0 57
 0 58
 0 59
 0 60
 0 61
 0 62
 0 63
 0 64
 0 65
 0 66
 0 67
 0 68
 0 69
 0 70
 0 71
 0 72
 0 73
 0 74
 0 75
 0 76
 0 77
 0 78
 0 79
 0 80
 0 81
 0 82
 0 83
 0 84
 0 85
 0 86
 0 87
 1 88
 7 89
 22 90
 90 91
 178 92
 276 93
 328 94
 466 95
 657 96
 1046 97
 1326 98
 1486 99
 1680 100
 1610 101
 1692 102
 1708 103
 1565 104
 1561 105
 1476 106
 1411 107
 1263 108
 1196 109
 1089 110
 983 111
 838 112
 796 113
 675 114
 663 115
 555 116
 548 117
 440 118
 394 119
 391 120
 328 121
 286 122
 282 123
 238 124
 239 125
 221 126
 184 127
 171 128
 146 129
 155 130
 130 131
 136 132
 123 133
 107 134
 115 135
 90 136
 117 137
 86 138
 79 139
 66 140
 77 141
 70 142
 65 143
 53 144
 53 145
 53 146
 46 147
 34 148
 32 149
 44 150
 43 151
 33 152
 37 153
 35 154
 33 155
 30 156
 39 157
 24 158
 24 159
 36 160
 17 161
 20 162
 16 163
 12 164
 9 165
 19 166
 16 167
 15 168
 17 169
 17 170
 13 171
 10 172
 9 173
 17 174
 10 175
 10 176
 8 177
 8 178
 4 179
 7 180
 5 181
 4 182
 2 183
 2 184
 3 185
 10 186
 4 187
 4 188
 2 189
 5 190
 3 191
 2 192
 3 193
 1 194
 2 195
 2 196
 3 197
 3 198
 0 199
 2 200
 2 201
 3 202
 1 203
 1 204
 1 205
 0 206
 0 207
 0 208
 0 209
 0 210
 2 211
 1 212
 1 213
 1 214
 0 215
 1 216
 0 217
 0 218
 1 219
 0 220
 1 221
 0 222
 0 223
 0 224
 1 225
 0 226
 0 227
 1 228
 0 229
 0 230
 0 231
 0 232
 0 233
 0 234
 0 235
 0 236
 0 237
 1 238
 0 239
 0 240
 1 241
 0 242
 0 243
 0 244
 0 245
 0 246
 0 247
 1 248
 0 249
 0 250
 0 251
 0 252
 0 253
 0 254
 0 255
 0 256
 0 257
 0 258
 0 259
 0 260
 0 261
 0 262
 0 263
 0 264
 0 265
 0 266
 0 267
 0 268
 0 269
 0 270
 0 271
 0 272
 0 273
 0 274
 0 275
 0 276
 0 277
 0 278
 0 279
 0 280
 0 281
 0 282
 0 283
 0 284
 0 285
 0 286
 0 287
 0 288
 0 289
 2 290
 1 291
 1 292
 1 293
 1 294
 4 295
 0 296
 1 297
 1 298
 3 299
 4 300
 1 301
 0 302
 1 303
 1 304
 1 305
 2 306
 3 307
 4 308
 1 309
 0 310
 1 311
 2 312
 2 313
 3 314
 4 315
 2 316
 4 317
 3 318
 2 319
 5 320
 3 321
 1 322
 4 323
 3 324
 6 325
 4 326
 4 327
 2 328
 5 329
 1 330
 1 331
 3 332
 5 333
 2 334
 4 335
 1 336
 5 337
 2 338
 2 339
 3 340
 1 341
 1 342
 2 343
 2 344
 1 345
 0 346
 2 347
 3 348
 2 349
 0 350
 0 351
 2 352
 0 353
 2 354
 3 355
 3 356
 3 357
 0 358
 1 359
 2 360
 2 361
 2 362
 3 363
 2 364
 1 365
 0 366
 1 367
 3 368
 2 369
 1 370
 2 371
 1 372
 1 373
 3 374
 0 375
 0 376
 2 377
 0 378
 0 379
 1 380
 1 381
 1 382
 0 383
 1 384
 0 385
 0 386
 0 387
 1 388
 0 389
 1 390
 2 391
 0 392
 0 393
 0 394
 0 395
 0 396
 0 397
 0 398
 0 399
 0 400
 0 401
 0 402
 1 403
 0 404
 0 405
 0 406
 1 407
 0 408
 0 409
 0 410
 0 411
 0 412
 0 413
 0 414
 0 415
 0 416
 0 417
 0 418
 0 419
 0 420
 0 421
 0 422
 0 423
 0 424
 0 425
 0 426
 0 427
 0 428
 0 429
 0 430
 0 431
 0 432
 0 433
 0 434
 0 435
 0 436
 0 437
 0 438
 0 439
 0 440
 0 441
 0 442
 0 443
 0 444
 0 445
 0 446
 0 447
 0 448
 0 449
 0 450
 0 451
 0 452
 0 453
 0 454
 0 455
 0 456
 0 457
 0 458
 0 459
 0 460
 0 461
 0 462
 0 463
 0 464
 0 465
 0 466
 0 467
 0 468
 0 469
 0 470
 0 471
 0 472
 0 473
 0 474
 0 475
 0 476
 0 477
 0 478
 0 479
 0 480
 0 481
 0 482
 0 483
 0 484
 0 485
 0 486
 0 487
 0 488
 0 489
 0 490
 0 491
 0 492
 0 493
 0 494
 0 495
 0 496
 0 497
 0 498
 0 499
 0 500
 0 501
 0 502
 0 503
 0 504
 0 505
 0 506
 0 507
 0 508
 0 509
 0 510
 0 511
 0 512
 0 513
 0 514
 0 515
 0 516
 0 517
 0 518
 0 519
 0 520
 0 521
 0 522
 0 523
 0 524
 0 525
 0 526
 0 527
 0 528
 0 529
 0 530
 0 531
 0 532
 0 533
 0 534
 0 535
 0 536
 0 537
 0 538
 0 539
 0 540
 0 541
 0 542
 0 543
 0 544
 0 545
 0 546
 0 547
 0 548
 0 549
 0 550
 0 551
 0 552
 0 553
 0 554
 0 555
 0 556
 0 557
 0 558
 0 559
 0 560
 0 561
 0 562
 0 563
 0 564
 0 565
 0 566
 0 567
 0 568
 0 569
 0 570
 0 571
 0 572
 0 573
 0 574
 0 575
 0 576
 0 577
 0 578
 0 579
 0 580
 0 581
 0 582
 0 583
 0 584
 0 585
 0 586
 0 587
 0 588
 0 589
 0 590
 0 591
 0 592
 0 593
 0 594
 0 595
 0 596
 0 597
 0 598
 0 599
 0 600


