# Created by Octave 3.8.2, Mon Jun 22 10:00:28 2020 CEST <damian@fptrucha.inv.usc.es>
# name: hd
# type: matrix
# rows: 551
# columns: 2
 0 50
 0 51
 0 52
 0 53
 0 54
 0 55
 0 56
 0 57
 0 58
 0 59
 0 60
 0 61
 0 62
 0 63
 0 64
 0 65
 0 66
 0 67
 0 68
 0 69
 0 70
 0 71
 0 72
 0 73
 0 74
 0 75
 0 76
 0 77
 0 78
 0 79
 0 80
 0 81
 0 82
 0 83
 0 84
 0 85
 0 86
 0 87
 1 88
 3 89
 37 90
 107 91
 173 92
 265 93
 347 94
 465 95
 744 96
 1072 97
 1306 98
 1528 99
 1608 100
 1704 101
 1758 102
 1647 103
 1705 104
 1668 105
 1531 106
 1394 107
 1360 108
 1253 109
 1087 110
 1043 111
 918 112
 828 113
 731 114
 715 115
 617 116
 600 117
 529 118
 472 119
 451 120
 411 121
 323 122
 297 123
 266 124
 234 125
 219 126
 208 127
 206 128
 187 129
 155 130
 177 131
 148 132
 136 133
 123 134
 144 135
 104 136
 79 137
 95 138
 101 139
 95 140
 67 141
 82 142
 69 143
 60 144
 56 145
 46 146
 67 147
 51 148
 52 149
 48 150
 48 151
 32 152
 38 153
 44 154
 38 155
 35 156
 39 157
 27 158
 21 159
 24 160
 29 161
 22 162
 21 163
 31 164
 16 165
 22 166
 11 167
 16 168
 10 169
 16 170
 12 171
 6 172
 13 173
 13 174
 8 175
 6 176
 8 177
 3 178
 11 179
 10 180
 2 181
 5 182
 3 183
 1 184
 1 185
 9 186
 5 187
 4 188
 5 189
 0 190
 4 191
 3 192
 3 193
 1 194
 3 195
 1 196
 0 197
 1 198
 1 199
 1 200
 0 201
 0 202
 0 203
 0 204
 1 205
 1 206
 0 207
 1 208
 0 209
 2 210
 1 211
 0 212
 1 213
 0 214
 0 215
 0 216
 2 217
 1 218
 0 219
 0 220
 1 221
 1 222
 0 223
 0 224
 0 225
 1 226
 0 227
 0 228
 0 229
 0 230
 0 231
 0 232
 0 233
 0 234
 0 235
 0 236
 1 237
 0 238
 0 239
 0 240
 0 241
 0 242
 0 243
 0 244
 0 245
 0 246
 0 247
 0 248
 0 249
 0 250
 0 251
 0 252
 0 253
 0 254
 0 255
 0 256
 0 257
 0 258
 0 259
 0 260
 0 261
 0 262
 0 263
 0 264
 0 265
 0 266
 0 267
 0 268
 0 269
 0 270
 0 271
 0 272
 0 273
 0 274
 0 275
 0 276
 0 277
 0 278
 0 279
 0 280
 0 281
 0 282
 0 283
 0 284
 0 285
 0 286
 1 287
 1 288
 0 289
 1 290
 0 291
 2 292
 1 293
 1 294
 0 295
 2 296
 1 297
 2 298
 1 299
 2 300
 1 301
 1 302
 1 303
 1 304
 1 305
 1 306
 1 307
 2 308
 1 309
 1 310
 1 311
 1 312
 1 313
 2 314
 4 315
 2 316
 1 317
 4 318
 3 319
 1 320
 2 321
 3 322
 2 323
 2 324
 1 325
 3 326
 5 327
 6 328
 4 329
 5 330
 5 331
 2 332
 2 333
 1 334
 2 335
 1 336
 5 337
 4 338
 5 339
 1 340
 1 341
 2 342
 2 343
 8 344
 0 345
 3 346
 0 347
 0 348
 0 349
 2 350
 1 351
 4 352
 1 353
 3 354
 2 355
 1 356
 0 357
 0 358
 0 359
 4 360
 2 361
 2 362
 1 363
 3 364
 1 365
 1 366
 1 367
 2 368
 2 369
 0 370
 1 371
 2 372
 1 373
 2 374
 3 375
 1 376
 0 377
 0 378
 3 379
 0 380
 1 381
 0 382
 0 383
 1 384
 0 385
 1 386
 1 387
 1 388
 0 389
 0 390
 0 391
 1 392
 0 393
 0 394
 0 395
 0 396
 0 397
 0 398
 0 399
 0 400
 0 401
 0 402
 0 403
 0 404
 1 405
 0 406
 1 407
 1 408
 0 409
 0 410
 0 411
 0 412
 0 413
 0 414
 0 415
 0 416
 0 417
 0 418
 0 419
 0 420
 0 421
 0 422
 0 423
 1 424
 0 425
 0 426
 0 427
 0 428
 0 429
 0 430
 0 431
 0 432
 0 433
 0 434
 0 435
 0 436
 0 437
 0 438
 0 439
 0 440
 0 441
 0 442
 0 443
 0 444
 0 445
 0 446
 0 447
 0 448
 0 449
 0 450
 0 451
 0 452
 0 453
 0 454
 0 455
 0 456
 0 457
 0 458
 0 459
 0 460
 0 461
 0 462
 0 463
 0 464
 0 465
 0 466
 0 467
 0 468
 0 469
 0 470
 0 471
 0 472
 0 473
 0 474
 0 475
 0 476
 0 477
 0 478
 0 479
 0 480
 0 481
 0 482
 0 483
 0 484
 0 485
 0 486
 0 487
 0 488
 0 489
 0 490
 0 491
 0 492
 0 493
 0 494
 0 495
 0 496
 0 497
 0 498
 0 499
 0 500
 0 501
 0 502
 0 503
 0 504
 0 505
 0 506
 0 507
 0 508
 0 509
 0 510
 0 511
 0 512
 0 513
 0 514
 0 515
 0 516
 0 517
 0 518
 0 519
 0 520
 0 521
 0 522
 0 523
 0 524
 0 525
 0 526
 0 527
 0 528
 0 529
 0 530
 0 531
 0 532
 0 533
 0 534
 0 535
 0 536
 0 537
 0 538
 0 539
 0 540
 0 541
 0 542
 0 543
 0 544
 0 545
 0 546
 0 547
 0 548
 0 549
 0 550
 0 551
 0 552
 0 553
 0 554
 0 555
 0 556
 0 557
 0 558
 0 559
 0 560
 0 561
 0 562
 0 563
 0 564
 0 565
 0 566
 0 567
 0 568
 0 569
 0 570
 0 571
 0 572
 0 573
 0 574
 0 575
 0 576
 0 577
 0 578
 0 579
 0 580
 0 581
 0 582
 0 583
 0 584
 0 585
 0 586
 0 587
 0 588
 0 589
 0 590
 0 591
 0 592
 0 593
 0 594
 0 595
 0 596
 0 597
 0 598
 0 599
 0 600


