# Created by Octave 3.8.2, Sat Jun 20 14:45:41 2020 CEST <damian@fptrucha.inv.usc.es>
# name: hd
# type: matrix
# rows: 551
# columns: 2
 0 50
 0 51
 0 52
 0 53
 0 54
 0 55
 0 56
 0 57
 0 58
 0 59
 0 60
 0 61
 0 62
 0 63
 0 64
 0 65
 0 66
 0 67
 0 68
 0 69
 0 70
 0 71
 0 72
 0 73
 0 74
 0 75
 0 76
 0 77
 0 78
 0 79
 0 80
 0 81
 0 82
 0 83
 0 84
 0 85
 1 86
 1 87
 6 88
 19 89
 69 90
 102 91
 250 92
 291 93
 364 94
 599 95
 896 96
 1204 97
 1357 98
 1444 99
 1653 100
 1651 101
 1741 102
 1646 103
 1607 104
 1618 105
 1540 106
 1447 107
 1305 108
 1232 109
 1308 110
 1107 111
 1029 112
 949 113
 870 114
 803 115
 742 116
 664 117
 573 118
 578 119
 500 120
 459 121
 445 122
 386 123
 321 124
 320 125
 266 126
 243 127
 234 128
 235 129
 185 130
 150 131
 150 132
 159 133
 147 134
 108 135
 98 136
 97 137
 113 138
 109 139
 98 140
 90 141
 79 142
 76 143
 48 144
 60 145
 48 146
 65 147
 48 148
 55 149
 48 150
 36 151
 47 152
 43 153
 35 154
 34 155
 24 156
 38 157
 27 158
 21 159
 21 160
 27 161
 34 162
 19 163
 20 164
 21 165
 12 166
 14 167
 14 168
 11 169
 20 170
 11 171
 6 172
 6 173
 9 174
 10 175
 9 176
 10 177
 7 178
 7 179
 9 180
 5 181
 7 182
 2 183
 3 184
 4 185
 3 186
 2 187
 1 188
 4 189
 3 190
 2 191
 5 192
 0 193
 0 194
 2 195
 2 196
 2 197
 0 198
 3 199
 2 200
 1 201
 1 202
 1 203
 0 204
 0 205
 0 206
 1 207
 1 208
 0 209
 0 210
 0 211
 0 212
 1 213
 0 214
 1 215
 1 216
 0 217
 0 218
 0 219
 0 220
 1 221
 0 222
 0 223
 0 224
 0 225
 0 226
 0 227
 0 228
 0 229
 0 230
 0 231
 0 232
 1 233
 0 234
 1 235
 0 236
 0 237
 0 238
 0 239
 0 240
 0 241
 0 242
 0 243
 0 244
 0 245
 0 246
 0 247
 0 248
 0 249
 0 250
 0 251
 0 252
 0 253
 0 254
 0 255
 0 256
 0 257
 0 258
 0 259
 0 260
 0 261
 0 262
 0 263
 0 264
 0 265
 0 266
 0 267
 0 268
 0 269
 0 270
 0 271
 0 272
 0 273
 0 274
 0 275
 0 276
 0 277
 0 278
 0 279
 0 280
 1 281
 0 282
 0 283
 0 284
 0 285
 0 286
 0 287
 0 288
 0 289
 1 290
 0 291
 0 292
 0 293
 2 294
 2 295
 1 296
 0 297
 1 298
 0 299
 0 300
 0 301
 2 302
 0 303
 0 304
 1 305
 1 306
 0 307
 0 308
 1 309
 2 310
 1 311
 1 312
 3 313
 1 314
 0 315
 2 316
 1 317
 1 318
 3 319
 1 320
 1 321
 1 322
 1 323
 1 324
 2 325
 5 326
 1 327
 4 328
 2 329
 1 330
 3 331
 3 332
 6 333
 4 334
 3 335
 1 336
 2 337
 3 338
 3 339
 1 340
 3 341
 0 342
 2 343
 1 344
 0 345
 2 346
 2 347
 1 348
 0 349
 3 350
 2 351
 0 352
 0 353
 1 354
 2 355
 2 356
 3 357
 1 358
 1 359
 0 360
 2 361
 1 362
 2 363
 5 364
 1 365
 0 366
 1 367
 2 368
 2 369
 0 370
 1 371
 0 372
 2 373
 0 374
 0 375
 0 376
 1 377
 0 378
 1 379
 0 380
 0 381
 0 382
 0 383
 2 384
 0 385
 2 386
 2 387
 0 388
 0 389
 0 390
 0 391
 1 392
 1 393
 0 394
 0 395
 3 396
 0 397
 1 398
 0 399
 0 400
 0 401
 0 402
 0 403
 0 404
 1 405
 0 406
 0 407
 0 408
 0 409
 0 410
 0 411
 0 412
 0 413
 0 414
 0 415
 0 416
 0 417
 0 418
 0 419
 0 420
 0 421
 0 422
 1 423
 0 424
 0 425
 0 426
 0 427
 0 428
 0 429
 0 430
 0 431
 0 432
 0 433
 0 434
 0 435
 0 436
 0 437
 0 438
 0 439
 0 440
 0 441
 1 442
 0 443
 0 444
 0 445
 0 446
 0 447
 0 448
 0 449
 0 450
 0 451
 0 452
 0 453
 0 454
 0 455
 0 456
 0 457
 0 458
 0 459
 0 460
 0 461
 0 462
 0 463
 0 464
 0 465
 0 466
 0 467
 0 468
 0 469
 0 470
 0 471
 0 472
 0 473
 0 474
 0 475
 0 476
 0 477
 0 478
 0 479
 0 480
 0 481
 0 482
 0 483
 0 484
 0 485
 0 486
 0 487
 0 488
 0 489
 0 490
 0 491
 0 492
 0 493
 0 494
 0 495
 0 496
 0 497
 0 498
 0 499
 0 500
 0 501
 0 502
 0 503
 0 504
 0 505
 0 506
 0 507
 0 508
 0 509
 0 510
 0 511
 0 512
 0 513
 0 514
 0 515
 0 516
 0 517
 0 518
 0 519
 0 520
 0 521
 0 522
 0 523
 0 524
 0 525
 0 526
 0 527
 0 528
 0 529
 0 530
 0 531
 0 532
 0 533
 0 534
 0 535
 0 536
 0 537
 0 538
 0 539
 0 540
 0 541
 0 542
 0 543
 0 544
 0 545
 0 546
 0 547
 0 548
 0 549
 0 550
 0 551
 0 552
 0 553
 0 554
 0 555
 0 556
 0 557
 0 558
 0 559
 0 560
 0 561
 0 562
 0 563
 0 564
 0 565
 0 566
 0 567
 0 568
 0 569
 0 570
 0 571
 0 572
 0 573
 0 574
 0 575
 0 576
 0 577
 0 578
 0 579
 0 580
 0 581
 0 582
 0 583
 0 584
 0 585
 0 586
 0 587
 0 588
 0 589
 0 590
 0 591
 0 592
 0 593
 0 594
 0 595
 0 596
 0 597
 0 598
 0 599
 0 600


