# Created by Octave 3.8.2, Sat Jun 20 14:30:45 2020 CEST <damian@fptrucha.inv.usc.es>
# name: hd
# type: matrix
# rows: 551
# columns: 2
 0 50
 0 51
 0 52
 0 53
 0 54
 0 55
 0 56
 0 57
 0 58
 0 59
 0 60
 0 61
 0 62
 0 63
 0 64
 0 65
 0 66
 0 67
 0 68
 0 69
 0 70
 0 71
 0 72
 0 73
 0 74
 0 75
 0 76
 0 77
 0 78
 0 79
 0 80
 0 81
 0 82
 0 83
 0 84
 0 85
 0 86
 2 87
 5 88
 14 89
 67 90
 69 91
 134 92
 181 93
 295 94
 393 95
 626 96
 775 97
 885 98
 989 99
 1091 100
 1179 101
 1170 102
 1061 103
 1100 104
 1056 105
 1046 106
 951 107
 919 108
 873 109
 849 110
 720 111
 660 112
 648 113
 606 114
 550 115
 473 116
 456 117
 369 118
 369 119
 371 120
 318 121
 266 122
 219 123
 235 124
 225 125
 179 126
 173 127
 141 128
 132 129
 124 130
 106 131
 108 132
 100 133
 93 134
 87 135
 83 136
 66 137
 66 138
 68 139
 75 140
 50 141
 50 142
 38 143
 47 144
 34 145
 29 146
 40 147
 49 148
 32 149
 38 150
 24 151
 22 152
 28 153
 22 154
 24 155
 25 156
 25 157
 15 158
 23 159
 11 160
 11 161
 13 162
 8 163
 12 164
 10 165
 6 166
 6 167
 6 168
 7 169
 10 170
 11 171
 4 172
 4 173
 6 174
 3 175
 11 176
 7 177
 3 178
 5 179
 5 180
 4 181
 3 182
 4 183
 6 184
 3 185
 0 186
 3 187
 2 188
 3 189
 6 190
 1 191
 2 192
 2 193
 1 194
 1 195
 2 196
 0 197
 0 198
 0 199
 1 200
 1 201
 1 202
 0 203
 1 204
 1 205
 0 206
 1 207
 1 208
 0 209
 0 210
 0 211
 0 212
 0 213
 0 214
 2 215
 0 216
 0 217
 1 218
 0 219
 0 220
 1 221
 0 222
 0 223
 0 224
 0 225
 0 226
 0 227
 0 228
 0 229
 0 230
 0 231
 0 232
 0 233
 0 234
 0 235
 0 236
 1 237
 0 238
 0 239
 0 240
 0 241
 0 242
 0 243
 0 244
 0 245
 0 246
 0 247
 0 248
 0 249
 0 250
 0 251
 0 252
 0 253
 0 254
 0 255
 0 256
 0 257
 0 258
 0 259
 0 260
 0 261
 0 262
 0 263
 0 264
 0 265
 0 266
 0 267
 0 268
 0 269
 0 270
 0 271
 0 272
 0 273
 0 274
 0 275
 0 276
 0 277
 0 278
 0 279
 0 280
 0 281
 0 282
 1 283
 0 284
 1 285
 0 286
 1 287
 0 288
 0 289
 0 290
 0 291
 1 292
 3 293
 0 294
 0 295
 0 296
 0 297
 1 298
 1 299
 0 300
 1 301
 1 302
 0 303
 1 304
 1 305
 0 306
 1 307
 0 308
 0 309
 1 310
 1 311
 3 312
 0 313
 1 314
 2 315
 2 316
 1 317
 0 318
 2 319
 0 320
 2 321
 1 322
 3 323
 1 324
 1 325
 2 326
 0 327
 2 328
 2 329
 1 330
 1 331
 1 332
 1 333
 1 334
 1 335
 1 336
 2 337
 2 338
 2 339
 2 340
 0 341
 4 342
 0 343
 2 344
 1 345
 2 346
 1 347
 1 348
 2 349
 2 350
 2 351
 0 352
 0 353
 2 354
 1 355
 1 356
 0 357
 0 358
 1 359
 0 360
 1 361
 0 362
 0 363
 0 364
 0 365
 2 366
 1 367
 0 368
 2 369
 0 370
 0 371
 0 372
 1 373
 1 374
 0 375
 0 376
 0 377
 0 378
 2 379
 0 380
 0 381
 0 382
 0 383
 0 384
 0 385
 0 386
 0 387
 1 388
 0 389
 0 390
 0 391
 0 392
 0 393
 0 394
 0 395
 0 396
 0 397
 0 398
 0 399
 0 400
 0 401
 0 402
 0 403
 0 404
 0 405
 0 406
 1 407
 0 408
 0 409
 0 410
 0 411
 0 412
 0 413
 0 414
 0 415
 0 416
 0 417
 0 418
 0 419
 0 420
 0 421
 0 422
 0 423
 0 424
 0 425
 0 426
 0 427
 0 428
 0 429
 0 430
 0 431
 0 432
 0 433
 0 434
 0 435
 0 436
 0 437
 0 438
 0 439
 0 440
 0 441
 0 442
 0 443
 0 444
 0 445
 0 446
 0 447
 0 448
 0 449
 0 450
 0 451
 0 452
 0 453
 0 454
 0 455
 0 456
 0 457
 0 458
 0 459
 0 460
 0 461
 0 462
 0 463
 0 464
 0 465
 0 466
 0 467
 0 468
 0 469
 0 470
 0 471
 0 472
 0 473
 0 474
 0 475
 0 476
 0 477
 0 478
 0 479
 0 480
 0 481
 0 482
 0 483
 0 484
 0 485
 0 486
 0 487
 0 488
 0 489
 0 490
 0 491
 0 492
 0 493
 0 494
 0 495
 0 496
 0 497
 0 498
 0 499
 0 500
 0 501
 0 502
 0 503
 0 504
 0 505
 0 506
 0 507
 0 508
 0 509
 0 510
 0 511
 0 512
 0 513
 0 514
 0 515
 0 516
 0 517
 0 518
 0 519
 0 520
 0 521
 0 522
 0 523
 0 524
 0 525
 0 526
 0 527
 0 528
 0 529
 0 530
 0 531
 0 532
 0 533
 0 534
 0 535
 0 536
 0 537
 0 538
 0 539
 0 540
 0 541
 0 542
 0 543
 0 544
 0 545
 0 546
 0 547
 0 548
 0 549
 0 550
 0 551
 0 552
 0 553
 0 554
 0 555
 0 556
 0 557
 0 558
 0 559
 0 560
 0 561
 0 562
 0 563
 0 564
 0 565
 0 566
 0 567
 0 568
 0 569
 0 570
 0 571
 0 572
 0 573
 0 574
 0 575
 0 576
 0 577
 0 578
 0 579
 0 580
 0 581
 0 582
 0 583
 0 584
 0 585
 0 586
 0 587
 0 588
 0 589
 0 590
 0 591
 0 592
 0 593
 0 594
 0 595
 0 596
 0 597
 0 598
 0 599
 0 600


