# Created by Octave 3.8.2, Mon Jun 22 03:21:46 2020 CEST <damian@fptrucha.inv.usc.es>
# name: hd
# type: matrix
# rows: 551
# columns: 2
 0 50
 0 51
 0 52
 0 53
 0 54
 0 55
 0 56
 0 57
 0 58
 0 59
 0 60
 0 61
 0 62
 0 63
 0 64
 0 65
 0 66
 0 67
 0 68
 0 69
 0 70
 0 71
 0 72
 0 73
 0 74
 0 75
 0 76
 0 77
 0 78
 0 79
 0 80
 0 81
 0 82
 0 83
 0 84
 0 85
 0 86
 0 87
 5 88
 8 89
 27 90
 96 91
 195 92
 294 93
 349 94
 472 95
 714 96
 1096 97
 1357 98
 1432 99
 1642 100
 1667 101
 1731 102
 1626 103
 1560 104
 1528 105
 1445 106
 1336 107
 1251 108
 1177 109
 1017 110
 952 111
 867 112
 805 113
 677 114
 651 115
 623 116
 485 117
 465 118
 386 119
 374 120
 288 121
 284 122
 292 123
 235 124
 184 125
 204 126
 187 127
 180 128
 150 129
 157 130
 126 131
 114 132
 137 133
 95 134
 110 135
 85 136
 87 137
 76 138
 86 139
 67 140
 69 141
 64 142
 61 143
 56 144
 71 145
 41 146
 50 147
 49 148
 41 149
 48 150
 45 151
 34 152
 40 153
 39 154
 45 155
 30 156
 31 157
 17 158
 33 159
 15 160
 16 161
 27 162
 26 163
 16 164
 15 165
 11 166
 14 167
 14 168
 11 169
 15 170
 12 171
 9 172
 10 173
 10 174
 10 175
 11 176
 8 177
 4 178
 4 179
 14 180
 10 181
 5 182
 5 183
 6 184
 3 185
 2 186
 2 187
 4 188
 2 189
 6 190
 3 191
 2 192
 4 193
 2 194
 3 195
 1 196
 2 197
 2 198
 1 199
 2 200
 1 201
 2 202
 0 203
 1 204
 2 205
 1 206
 1 207
 1 208
 1 209
 0 210
 0 211
 2 212
 0 213
 0 214
 0 215
 0 216
 0 217
 0 218
 0 219
 1 220
 0 221
 1 222
 1 223
 1 224
 0 225
 0 226
 0 227
 0 228
 0 229
 2 230
 0 231
 1 232
 0 233
 0 234
 0 235
 0 236
 0 237
 0 238
 0 239
 0 240
 0 241
 0 242
 0 243
 0 244
 0 245
 0 246
 0 247
 0 248
 0 249
 0 250
 0 251
 0 252
 0 253
 0 254
 0 255
 0 256
 0 257
 0 258
 0 259
 0 260
 0 261
 0 262
 0 263
 0 264
 0 265
 0 266
 1 267
 0 268
 0 269
 0 270
 1 271
 0 272
 0 273
 0 274
 0 275
 0 276
 0 277
 0 278
 0 279
 0 280
 0 281
 0 282
 0 283
 2 284
 0 285
 0 286
 0 287
 2 288
 1 289
 0 290
 1 291
 1 292
 0 293
 2 294
 1 295
 1 296
 0 297
 1 298
 2 299
 2 300
 0 301
 2 302
 3 303
 1 304
 1 305
 1 306
 0 307
 2 308
 1 309
 3 310
 2 311
 2 312
 3 313
 5 314
 4 315
 1 316
 1 317
 0 318
 4 319
 1 320
 2 321
 5 322
 3 323
 1 324
 2 325
 0 326
 4 327
 4 328
 0 329
 2 330
 4 331
 3 332
 4 333
 1 334
 0 335
 0 336
 3 337
 1 338
 3 339
 2 340
 6 341
 6 342
 1 343
 3 344
 1 345
 3 346
 1 347
 1 348
 1 349
 2 350
 2 351
 1 352
 3 353
 2 354
 5 355
 1 356
 2 357
 3 358
 0 359
 2 360
 2 361
 1 362
 1 363
 0 364
 0 365
 1 366
 1 367
 1 368
 4 369
 0 370
 0 371
 1 372
 2 373
 0 374
 0 375
 1 376
 1 377
 0 378
 0 379
 0 380
 0 381
 1 382
 1 383
 1 384
 2 385
 0 386
 0 387
 0 388
 0 389
 0 390
 1 391
 0 392
 0 393
 0 394
 0 395
 0 396
 0 397
 0 398
 0 399
 0 400
 0 401
 0 402
 1 403
 1 404
 0 405
 0 406
 0 407
 1 408
 0 409
 0 410
 0 411
 0 412
 0 413
 0 414
 0 415
 0 416
 0 417
 1 418
 0 419
 0 420
 0 421
 0 422
 0 423
 0 424
 0 425
 0 426
 0 427
 0 428
 0 429
 0 430
 0 431
 0 432
 0 433
 0 434
 0 435
 0 436
 0 437
 0 438
 0 439
 0 440
 0 441
 0 442
 0 443
 0 444
 0 445
 0 446
 0 447
 0 448
 0 449
 0 450
 0 451
 0 452
 0 453
 0 454
 0 455
 0 456
 0 457
 0 458
 0 459
 0 460
 0 461
 0 462
 0 463
 0 464
 0 465
 0 466
 0 467
 0 468
 0 469
 0 470
 0 471
 0 472
 0 473
 0 474
 0 475
 0 476
 0 477
 0 478
 0 479
 0 480
 0 481
 0 482
 0 483
 0 484
 0 485
 0 486
 0 487
 0 488
 0 489
 0 490
 0 491
 0 492
 0 493
 0 494
 0 495
 0 496
 0 497
 0 498
 0 499
 0 500
 0 501
 0 502
 0 503
 0 504
 0 505
 0 506
 0 507
 0 508
 0 509
 0 510
 0 511
 0 512
 0 513
 0 514
 0 515
 0 516
 0 517
 0 518
 0 519
 0 520
 0 521
 0 522
 0 523
 0 524
 0 525
 0 526
 0 527
 0 528
 0 529
 0 530
 0 531
 0 532
 0 533
 0 534
 0 535
 0 536
 0 537
 0 538
 0 539
 0 540
 0 541
 0 542
 0 543
 0 544
 0 545
 0 546
 0 547
 0 548
 0 549
 0 550
 0 551
 0 552
 0 553
 0 554
 0 555
 0 556
 0 557
 0 558
 0 559
 0 560
 0 561
 0 562
 0 563
 0 564
 0 565
 0 566
 0 567
 0 568
 0 569
 0 570
 0 571
 0 572
 0 573
 0 574
 0 575
 0 576
 0 577
 0 578
 0 579
 0 580
 0 581
 0 582
 0 583
 0 584
 0 585
 0 586
 0 587
 0 588
 0 589
 0 590
 0 591
 0 592
 0 593
 0 594
 0 595
 0 596
 0 597
 0 598
 0 599
 0 600


