# Created by Octave 3.8.2, Mon Jun 22 12:02:32 2020 CEST <damian@fptrucha.inv.usc.es>
# name: hd
# type: matrix
# rows: 551
# columns: 2
 0 50
 0 51
 0 52
 0 53
 0 54
 0 55
 0 56
 0 57
 0 58
 0 59
 0 60
 0 61
 0 62
 0 63
 0 64
 0 65
 0 66
 0 67
 0 68
 0 69
 0 70
 0 71
 0 72
 0 73
 0 74
 0 75
 0 76
 0 77
 0 78
 0 79
 0 80
 0 81
 0 82
 0 83
 0 84
 0 85
 0 86
 0 87
 4 88
 8 89
 45 90
 120 91
 202 92
 353 93
 409 94
 522 95
 843 96
 1190 97
 1392 98
 1522 99
 1743 100
 1723 101
 1755 102
 1706 103
 1694 104
 1548 105
 1512 106
 1435 107
 1265 108
 1232 109
 1145 110
 1047 111
 905 112
 861 113
 755 114
 672 115
 621 116
 574 117
 478 118
 453 119
 430 120
 389 121
 333 122
 274 123
 268 124
 277 125
 211 126
 190 127
 187 128
 190 129
 151 130
 151 131
 140 132
 117 133
 130 134
 124 135
 104 136
 115 137
 81 138
 89 139
 87 140
 71 141
 76 142
 72 143
 59 144
 57 145
 56 146
 60 147
 54 148
 45 149
 50 150
 41 151
 52 152
 38 153
 37 154
 36 155
 35 156
 33 157
 26 158
 26 159
 26 160
 19 161
 32 162
 26 163
 16 164
 11 165
 19 166
 9 167
 17 168
 14 169
 13 170
 10 171
 11 172
 13 173
 14 174
 14 175
 5 176
 12 177
 8 178
 6 179
 9 180
 2 181
 7 182
 4 183
 5 184
 3 185
 3 186
 4 187
 5 188
 3 189
 7 190
 2 191
 2 192
 2 193
 5 194
 1 195
 2 196
 2 197
 1 198
 0 199
 2 200
 0 201
 2 202
 2 203
 1 204
 1 205
 0 206
 0 207
 2 208
 1 209
 1 210
 2 211
 0 212
 0 213
 1 214
 0 215
 1 216
 0 217
 1 218
 2 219
 1 220
 0 221
 0 222
 0 223
 0 224
 0 225
 0 226
 0 227
 0 228
 0 229
 0 230
 0 231
 0 232
 0 233
 0 234
 1 235
 0 236
 0 237
 0 238
 0 239
 0 240
 0 241
 0 242
 0 243
 0 244
 0 245
 0 246
 0 247
 0 248
 0 249
 0 250
 0 251
 0 252
 0 253
 0 254
 0 255
 0 256
 0 257
 0 258
 0 259
 0 260
 0 261
 0 262
 0 263
 0 264
 0 265
 0 266
 0 267
 0 268
 0 269
 0 270
 0 271
 0 272
 0 273
 0 274
 0 275
 1 276
 0 277
 0 278
 0 279
 2 280
 0 281
 1 282
 1 283
 1 284
 0 285
 1 286
 0 287
 1 288
 0 289
 1 290
 0 291
 1 292
 1 293
 3 294
 1 295
 5 296
 1 297
 0 298
 3 299
 1 300
 3 301
 2 302
 2 303
 3 304
 4 305
 2 306
 3 307
 2 308
 0 309
 1 310
 3 311
 1 312
 2 313
 0 314
 3 315
 4 316
 1 317
 3 318
 3 319
 1 320
 0 321
 5 322
 4 323
 2 324
 3 325
 1 326
 2 327
 2 328
 2 329
 1 330
 3 331
 3 332
 0 333
 5 334
 3 335
 2 336
 4 337
 3 338
 3 339
 3 340
 2 341
 3 342
 1 343
 3 344
 1 345
 4 346
 3 347
 4 348
 0 349
 1 350
 1 351
 0 352
 0 353
 1 354
 1 355
 3 356
 1 357
 2 358
 1 359
 1 360
 0 361
 3 362
 5 363
 1 364
 0 365
 5 366
 0 367
 1 368
 0 369
 1 370
 1 371
 3 372
 3 373
 1 374
 3 375
 1 376
 0 377
 2 378
 2 379
 0 380
 0 381
 0 382
 1 383
 1 384
 0 385
 1 386
 0 387
 0 388
 0 389
 0 390
 0 391
 0 392
 0 393
 0 394
 0 395
 0 396
 0 397
 0 398
 0 399
 0 400
 0 401
 0 402
 0 403
 1 404
 0 405
 0 406
 0 407
 0 408
 0 409
 0 410
 0 411
 0 412
 0 413
 0 414
 0 415
 0 416
 0 417
 0 418
 0 419
 0 420
 0 421
 0 422
 0 423
 0 424
 0 425
 0 426
 0 427
 0 428
 0 429
 0 430
 0 431
 0 432
 0 433
 0 434
 0 435
 0 436
 0 437
 0 438
 0 439
 0 440
 0 441
 0 442
 0 443
 0 444
 0 445
 0 446
 0 447
 0 448
 0 449
 0 450
 0 451
 0 452
 0 453
 0 454
 0 455
 0 456
 0 457
 0 458
 0 459
 0 460
 0 461
 0 462
 0 463
 0 464
 0 465
 0 466
 0 467
 0 468
 0 469
 0 470
 0 471
 0 472
 0 473
 0 474
 0 475
 0 476
 0 477
 0 478
 0 479
 0 480
 0 481
 0 482
 0 483
 0 484
 0 485
 0 486
 0 487
 0 488
 0 489
 0 490
 0 491
 0 492
 0 493
 0 494
 0 495
 0 496
 0 497
 0 498
 0 499
 0 500
 0 501
 0 502
 0 503
 0 504
 0 505
 0 506
 0 507
 0 508
 0 509
 0 510
 0 511
 0 512
 0 513
 0 514
 0 515
 0 516
 0 517
 0 518
 0 519
 0 520
 0 521
 0 522
 0 523
 0 524
 0 525
 0 526
 0 527
 0 528
 0 529
 0 530
 0 531
 0 532
 0 533
 0 534
 0 535
 0 536
 0 537
 0 538
 0 539
 0 540
 0 541
 0 542
 0 543
 0 544
 0 545
 0 546
 0 547
 0 548
 0 549
 0 550
 0 551
 0 552
 0 553
 0 554
 0 555
 0 556
 0 557
 0 558
 0 559
 0 560
 0 561
 0 562
 0 563
 0 564
 0 565
 0 566
 0 567
 0 568
 0 569
 0 570
 0 571
 0 572
 0 573
 0 574
 0 575
 0 576
 0 577
 0 578
 0 579
 0 580
 0 581
 0 582
 0 583
 0 584
 0 585
 0 586
 0 587
 0 588
 0 589
 0 590
 0 591
 0 592
 0 593
 0 594
 0 595
 0 596
 0 597
 0 598
 0 599
 0 600


