# Created by Octave 3.8.2, Mon Jun 22 05:37:06 2020 CEST <damian@fptrucha.inv.usc.es>
# name: hd
# type: matrix
# rows: 551
# columns: 2
 0 50
 0 51
 0 52
 0 53
 0 54
 0 55
 0 56
 0 57
 0 58
 0 59
 0 60
 0 61
 0 62
 0 63
 0 64
 0 65
 0 66
 0 67
 0 68
 0 69
 0 70
 0 71
 0 72
 0 73
 0 74
 0 75
 0 76
 0 77
 0 78
 0 79
 0 80
 0 81
 0 82
 0 83
 0 84
 0 85
 0 86
 0 87
 6 88
 7 89
 37 90
 102 91
 169 92
 259 93
 340 94
 461 95
 625 96
 1043 97
 1286 98
 1418 99
 1543 100
 1641 101
 1650 102
 1726 103
 1575 104
 1517 105
 1412 106
 1316 107
 1279 108
 1183 109
 1061 110
 927 111
 846 112
 786 113
 738 114
 612 115
 580 116
 540 117
 457 118
 400 119
 398 120
 341 121
 324 122
 285 123
 250 124
 242 125
 193 126
 173 127
 175 128
 165 129
 161 130
 156 131
 134 132
 111 133
 120 134
 122 135
 78 136
 104 137
 90 138
 101 139
 100 140
 72 141
 77 142
 69 143
 65 144
 64 145
 68 146
 58 147
 36 148
 58 149
 48 150
 54 151
 43 152
 35 153
 45 154
 42 155
 27 156
 34 157
 25 158
 23 159
 32 160
 34 161
 18 162
 20 163
 25 164
 21 165
 17 166
 9 167
 13 168
 16 169
 18 170
 11 171
 11 172
 14 173
 16 174
 9 175
 7 176
 5 177
 3 178
 6 179
 9 180
 5 181
 5 182
 6 183
 6 184
 2 185
 2 186
 5 187
 2 188
 6 189
 1 190
 8 191
 3 192
 3 193
 1 194
 3 195
 4 196
 1 197
 1 198
 1 199
 5 200
 0 201
 1 202
 0 203
 0 204
 0 205
 1 206
 2 207
 3 208
 1 209
 2 210
 1 211
 1 212
 0 213
 0 214
 0 215
 0 216
 0 217
 0 218
 0 219
 0 220
 1 221
 0 222
 0 223
 0 224
 1 225
 0 226
 0 227
 0 228
 0 229
 0 230
 0 231
 0 232
 0 233
 0 234
 0 235
 0 236
 0 237
 0 238
 0 239
 0 240
 0 241
 0 242
 0 243
 0 244
 0 245
 0 246
 0 247
 0 248
 0 249
 0 250
 0 251
 0 252
 0 253
 0 254
 0 255
 0 256
 0 257
 0 258
 0 259
 0 260
 0 261
 0 262
 0 263
 0 264
 0 265
 0 266
 0 267
 0 268
 0 269
 0 270
 0 271
 0 272
 0 273
 0 274
 0 275
 0 276
 0 277
 0 278
 0 279
 0 280
 0 281
 0 282
 0 283
 0 284
 1 285
 0 286
 0 287
 2 288
 0 289
 2 290
 2 291
 1 292
 1 293
 2 294
 1 295
 2 296
 1 297
 1 298
 0 299
 1 300
 0 301
 2 302
 3 303
 1 304
 0 305
 3 306
 2 307
 1 308
 4 309
 1 310
 1 311
 2 312
 2 313
 3 314
 4 315
 10 316
 3 317
 1 318
 3 319
 1 320
 2 321
 5 322
 1 323
 3 324
 9 325
 2 326
 3 327
 5 328
 7 329
 5 330
 6 331
 4 332
 4 333
 5 334
 2 335
 1 336
 4 337
 4 338
 3 339
 4 340
 4 341
 2 342
 4 343
 6 344
 6 345
 1 346
 1 347
 4 348
 2 349
 3 350
 2 351
 3 352
 3 353
 0 354
 0 355
 1 356
 5 357
 1 358
 1 359
 3 360
 1 361
 1 362
 2 363
 0 364
 1 365
 2 366
 1 367
 1 368
 0 369
 1 370
 0 371
 1 372
 0 373
 0 374
 1 375
 0 376
 0 377
 0 378
 2 379
 2 380
 1 381
 1 382
 1 383
 1 384
 0 385
 0 386
 0 387
 0 388
 0 389
 0 390
 0 391
 0 392
 0 393
 1 394
 1 395
 0 396
 0 397
 0 398
 0 399
 1 400
 0 401
 0 402
 0 403
 0 404
 0 405
 0 406
 0 407
 1 408
 0 409
 0 410
 0 411
 0 412
 0 413
 0 414
 0 415
 0 416
 0 417
 0 418
 0 419
 0 420
 0 421
 0 422
 0 423
 0 424
 0 425
 0 426
 0 427
 0 428
 0 429
 0 430
 0 431
 0 432
 0 433
 0 434
 0 435
 0 436
 0 437
 0 438
 0 439
 0 440
 0 441
 0 442
 0 443
 0 444
 0 445
 0 446
 0 447
 0 448
 0 449
 0 450
 0 451
 0 452
 0 453
 0 454
 0 455
 0 456
 0 457
 0 458
 0 459
 0 460
 0 461
 0 462
 0 463
 0 464
 0 465
 0 466
 0 467
 0 468
 0 469
 0 470
 0 471
 0 472
 0 473
 0 474
 0 475
 0 476
 0 477
 0 478
 0 479
 0 480
 0 481
 0 482
 0 483
 0 484
 0 485
 0 486
 0 487
 0 488
 0 489
 0 490
 0 491
 0 492
 0 493
 0 494
 0 495
 0 496
 0 497
 0 498
 0 499
 0 500
 0 501
 0 502
 0 503
 0 504
 0 505
 0 506
 0 507
 0 508
 0 509
 0 510
 0 511
 0 512
 0 513
 0 514
 0 515
 0 516
 0 517
 0 518
 0 519
 0 520
 0 521
 0 522
 0 523
 0 524
 0 525
 0 526
 0 527
 0 528
 0 529
 0 530
 0 531
 0 532
 0 533
 0 534
 0 535
 0 536
 0 537
 0 538
 0 539
 0 540
 0 541
 0 542
 0 543
 0 544
 0 545
 0 546
 0 547
 0 548
 0 549
 0 550
 0 551
 0 552
 0 553
 0 554
 0 555
 0 556
 0 557
 0 558
 0 559
 0 560
 0 561
 0 562
 0 563
 0 564
 0 565
 0 566
 0 567
 0 568
 0 569
 0 570
 0 571
 0 572
 0 573
 0 574
 0 575
 0 576
 0 577
 0 578
 0 579
 0 580
 0 581
 0 582
 0 583
 0 584
 0 585
 0 586
 0 587
 0 588
 0 589
 0 590
 0 591
 0 592
 0 593
 0 594
 0 595
 0 596
 0 597
 0 598
 0 599
 0 600


