# Created by Octave 3.8.2, Sat Jun 20 06:22:16 2020 CEST <damian@fptrucha.inv.usc.es>
# name: hd
# type: matrix
# rows: 551
# columns: 2
 0 50
 0 51
 0 52
 0 53
 0 54
 0 55
 0 56
 0 57
 0 58
 0 59
 0 60
 0 61
 0 62
 0 63
 0 64
 0 65
 0 66
 0 67
 0 68
 0 69
 0 70
 0 71
 0 72
 0 73
 0 74
 0 75
 0 76
 0 77
 0 78
 0 79
 0 80
 0 81
 0 82
 0 83
 0 84
 0 85
 0 86
 3 87
 5 88
 18 89
 71 90
 141 91
 230 92
 320 93
 455 94
 642 95
 1031 96
 1250 97
 1615 98
 1540 99
 1827 100
 1894 101
 1831 102
 1835 103
 1746 104
 1806 105
 1637 106
 1513 107
 1433 108
 1379 109
 1391 110
 1155 111
 1109 112
 997 113
 941 114
 799 115
 736 116
 681 117
 638 118
 544 119
 540 120
 499 121
 423 122
 409 123
 342 124
 323 125
 250 126
 270 127
 235 128
 222 129
 214 130
 181 131
 174 132
 152 133
 143 134
 141 135
 101 136
 119 137
 100 138
 105 139
 98 140
 80 141
 81 142
 74 143
 61 144
 83 145
 59 146
 56 147
 65 148
 65 149
 48 150
 53 151
 58 152
 52 153
 46 154
 32 155
 40 156
 30 157
 24 158
 35 159
 38 160
 41 161
 19 162
 24 163
 22 164
 21 165
 16 166
 12 167
 13 168
 14 169
 24 170
 14 171
 8 172
 10 173
 8 174
 20 175
 13 176
 10 177
 5 178
 11 179
 9 180
 4 181
 4 182
 5 183
 5 184
 4 185
 1 186
 6 187
 3 188
 3 189
 6 190
 3 191
 3 192
 3 193
 3 194
 4 195
 0 196
 4 197
 0 198
 1 199
 0 200
 2 201
 1 202
 0 203
 1 204
 0 205
 1 206
 2 207
 0 208
 0 209
 0 210
 0 211
 0 212
 2 213
 1 214
 0 215
 0 216
 1 217
 0 218
 0 219
 0 220
 0 221
 0 222
 1 223
 0 224
 0 225
 0 226
 0 227
 0 228
 0 229
 0 230
 0 231
 0 232
 0 233
 0 234
 0 235
 0 236
 0 237
 0 238
 0 239
 0 240
 0 241
 0 242
 0 243
 0 244
 0 245
 0 246
 0 247
 0 248
 0 249
 0 250
 0 251
 0 252
 0 253
 0 254
 0 255
 0 256
 0 257
 0 258
 0 259
 0 260
 0 261
 0 262
 0 263
 0 264
 0 265
 0 266
 0 267
 0 268
 0 269
 0 270
 0 271
 0 272
 0 273
 0 274
 0 275
 0 276
 0 277
 0 278
 1 279
 0 280
 0 281
 0 282
 1 283
 0 284
 0 285
 1 286
 1 287
 1 288
 0 289
 1 290
 0 291
 2 292
 1 293
 1 294
 2 295
 0 296
 0 297
 0 298
 1 299
 3 300
 3 301
 2 302
 0 303
 1 304
 1 305
 1 306
 1 307
 1 308
 0 309
 3 310
 2 311
 2 312
 2 313
 0 314
 3 315
 2 316
 5 317
 1 318
 1 319
 2 320
 0 321
 10 322
 3 323
 3 324
 1 325
 7 326
 4 327
 2 328
 2 329
 2 330
 2 331
 5 332
 0 333
 3 334
 2 335
 1 336
 1 337
 1 338
 3 339
 2 340
 2 341
 0 342
 2 343
 3 344
 3 345
 2 346
 4 347
 4 348
 3 349
 2 350
 2 351
 3 352
 2 353
 2 354
 0 355
 2 356
 2 357
 2 358
 1 359
 0 360
 1 361
 3 362
 0 363
 2 364
 0 365
 2 366
 2 367
 0 368
 0 369
 0 370
 1 371
 1 372
 2 373
 1 374
 0 375
 1 376
 1 377
 0 378
 1 379
 2 380
 0 381
 1 382
 0 383
 2 384
 1 385
 0 386
 0 387
 0 388
 1 389
 0 390
 0 391
 0 392
 0 393
 0 394
 0 395
 1 396
 0 397
 0 398
 0 399
 0 400
 1 401
 0 402
 0 403
 1 404
 0 405
 0 406
 0 407
 1 408
 0 409
 1 410
 0 411
 0 412
 0 413
 0 414
 0 415
 0 416
 0 417
 0 418
 0 419
 0 420
 0 421
 0 422
 0 423
 0 424
 0 425
 0 426
 0 427
 0 428
 0 429
 0 430
 0 431
 0 432
 0 433
 0 434
 0 435
 0 436
 0 437
 0 438
 0 439
 0 440
 0 441
 0 442
 0 443
 0 444
 0 445
 0 446
 0 447
 0 448
 0 449
 0 450
 0 451
 0 452
 0 453
 0 454
 0 455
 0 456
 0 457
 0 458
 0 459
 0 460
 0 461
 0 462
 0 463
 0 464
 0 465
 0 466
 0 467
 0 468
 0 469
 0 470
 0 471
 0 472
 0 473
 0 474
 0 475
 0 476
 0 477
 0 478
 0 479
 0 480
 0 481
 0 482
 0 483
 0 484
 0 485
 0 486
 0 487
 0 488
 0 489
 0 490
 0 491
 0 492
 0 493
 0 494
 0 495
 0 496
 0 497
 0 498
 0 499
 0 500
 0 501
 0 502
 0 503
 0 504
 0 505
 0 506
 0 507
 0 508
 0 509
 0 510
 0 511
 0 512
 0 513
 0 514
 0 515
 0 516
 0 517
 0 518
 0 519
 0 520
 0 521
 0 522
 0 523
 0 524
 0 525
 0 526
 0 527
 0 528
 0 529
 0 530
 0 531
 0 532
 0 533
 0 534
 0 535
 0 536
 0 537
 0 538
 0 539
 0 540
 0 541
 0 542
 0 543
 0 544
 0 545
 0 546
 0 547
 0 548
 0 549
 0 550
 0 551
 0 552
 0 553
 0 554
 0 555
 0 556
 0 557
 0 558
 0 559
 0 560
 0 561
 0 562
 0 563
 0 564
 0 565
 0 566
 0 567
 0 568
 0 569
 0 570
 0 571
 0 572
 0 573
 0 574
 0 575
 0 576
 0 577
 0 578
 0 579
 0 580
 0 581
 0 582
 0 583
 0 584
 0 585
 0 586
 0 587
 0 588
 0 589
 0 590
 0 591
 0 592
 0 593
 0 594
 0 595
 0 596
 0 597
 0 598
 0 599
 0 600


