# Created by Octave 3.8.2, Mon Jun 22 01:39:15 2020 CEST <damian@fptrucha.inv.usc.es>
# name: hd
# type: matrix
# rows: 551
# columns: 2
 0 50
 0 51
 0 52
 0 53
 0 54
 0 55
 0 56
 0 57
 0 58
 0 59
 0 60
 0 61
 0 62
 0 63
 0 64
 0 65
 0 66
 0 67
 0 68
 0 69
 0 70
 0 71
 0 72
 0 73
 0 74
 0 75
 0 76
 0 77
 0 78
 0 79
 0 80
 0 81
 0 82
 0 83
 0 84
 0 85
 0 86
 1 87
 3 88
 8 89
 41 90
 100 91
 192 92
 269 93
 358 94
 532 95
 763 96
 1074 97
 1408 98
 1500 99
 1700 100
 1760 101
 1812 102
 1759 103
 1651 104
 1714 105
 1616 106
 1564 107
 1449 108
 1294 109
 1269 110
 1147 111
 1069 112
 949 113
 872 114
 790 115
 725 116
 601 117
 605 118
 570 119
 517 120
 387 121
 386 122
 311 123
 304 124
 279 125
 217 126
 200 127
 197 128
 183 129
 155 130
 171 131
 129 132
 106 133
 108 134
 100 135
 97 136
 93 137
 76 138
 72 139
 68 140
 75 141
 61 142
 57 143
 56 144
 41 145
 42 146
 50 147
 39 148
 34 149
 32 150
 43 151
 25 152
 24 153
 28 154
 25 155
 21 156
 13 157
 18 158
 28 159
 14 160
 20 161
 14 162
 9 163
 13 164
 10 165
 10 166
 6 167
 8 168
 2 169
 11 170
 10 171
 3 172
 7 173
 5 174
 4 175
 12 176
 6 177
 6 178
 8 179
 3 180
 3 181
 2 182
 2 183
 5 184
 1 185
 0 186
 4 187
 2 188
 4 189
 1 190
 2 191
 3 192
 2 193
 1 194
 2 195
 0 196
 1 197
 2 198
 0 199
 1 200
 1 201
 0 202
 1 203
 1 204
 1 205
 0 206
 0 207
 0 208
 0 209
 1 210
 1 211
 0 212
 0 213
 0 214
 0 215
 0 216
 0 217
 0 218
 0 219
 0 220
 0 221
 0 222
 0 223
 0 224
 0 225
 0 226
 1 227
 0 228
 0 229
 0 230
 0 231
 0 232
 0 233
 0 234
 0 235
 0 236
 0 237
 0 238
 0 239
 0 240
 0 241
 0 242
 0 243
 0 244
 0 245
 0 246
 0 247
 0 248
 0 249
 0 250
 0 251
 0 252
 0 253
 0 254
 0 255
 0 256
 0 257
 0 258
 0 259
 0 260
 0 261
 0 262
 0 263
 0 264
 0 265
 0 266
 0 267
 0 268
 0 269
 0 270
 0 271
 0 272
 0 273
 0 274
 0 275
 0 276
 0 277
 0 278
 0 279
 0 280
 0 281
 0 282
 0 283
 0 284
 0 285
 0 286
 1 287
 0 288
 0 289
 0 290
 1 291
 0 292
 0 293
 0 294
 1 295
 0 296
 0 297
 0 298
 1 299
 1 300
 0 301
 1 302
 0 303
 1 304
 0 305
 0 306
 1 307
 0 308
 1 309
 0 310
 0 311
 2 312
 0 313
 1 314
 1 315
 2 316
 0 317
 2 318
 2 319
 1 320
 3 321
 3 322
 2 323
 1 324
 0 325
 2 326
 1 327
 1 328
 2 329
 1 330
 1 331
 0 332
 0 333
 1 334
 0 335
 1 336
 2 337
 0 338
 0 339
 1 340
 4 341
 0 342
 2 343
 4 344
 0 345
 1 346
 3 347
 1 348
 1 349
 3 350
 1 351
 0 352
 2 353
 1 354
 1 355
 1 356
 2 357
 1 358
 1 359
 0 360
 2 361
 0 362
 1 363
 0 364
 0 365
 0 366
 0 367
 0 368
 1 369
 1 370
 0 371
 0 372
 0 373
 0 374
 1 375
 0 376
 0 377
 1 378
 0 379
 1 380
 0 381
 2 382
 0 383
 0 384
 0 385
 0 386
 1 387
 0 388
 0 389
 0 390
 0 391
 0 392
 0 393
 1 394
 0 395
 0 396
 0 397
 0 398
 0 399
 0 400
 0 401
 0 402
 0 403
 0 404
 0 405
 0 406
 1 407
 0 408
 1 409
 0 410
 1 411
 0 412
 0 413
 1 414
 0 415
 0 416
 0 417
 0 418
 0 419
 0 420
 0 421
 0 422
 0 423
 0 424
 0 425
 0 426
 0 427
 0 428
 0 429
 0 430
 0 431
 0 432
 0 433
 0 434
 0 435
 0 436
 0 437
 0 438
 0 439
 0 440
 0 441
 0 442
 0 443
 0 444
 0 445
 0 446
 0 447
 0 448
 0 449
 0 450
 0 451
 0 452
 0 453
 0 454
 0 455
 0 456
 0 457
 0 458
 0 459
 0 460
 0 461
 0 462
 0 463
 0 464
 0 465
 0 466
 0 467
 0 468
 0 469
 0 470
 0 471
 0 472
 0 473
 0 474
 0 475
 0 476
 0 477
 0 478
 0 479
 0 480
 0 481
 0 482
 0 483
 0 484
 0 485
 0 486
 0 487
 0 488
 0 489
 0 490
 0 491
 0 492
 0 493
 0 494
 0 495
 0 496
 0 497
 0 498
 0 499
 0 500
 0 501
 0 502
 0 503
 0 504
 0 505
 0 506
 0 507
 0 508
 0 509
 0 510
 0 511
 0 512
 0 513
 0 514
 0 515
 0 516
 0 517
 0 518
 0 519
 0 520
 0 521
 0 522
 0 523
 0 524
 0 525
 0 526
 0 527
 0 528
 0 529
 0 530
 0 531
 0 532
 0 533
 0 534
 0 535
 0 536
 0 537
 0 538
 0 539
 0 540
 0 541
 0 542
 0 543
 0 544
 0 545
 0 546
 0 547
 0 548
 0 549
 0 550
 0 551
 0 552
 0 553
 0 554
 0 555
 0 556
 0 557
 0 558
 0 559
 0 560
 0 561
 0 562
 0 563
 0 564
 0 565
 0 566
 0 567
 0 568
 0 569
 0 570
 0 571
 0 572
 0 573
 0 574
 0 575
 0 576
 0 577
 0 578
 0 579
 0 580
 0 581
 0 582
 0 583
 0 584
 0 585
 0 586
 0 587
 0 588
 0 589
 0 590
 0 591
 0 592
 0 593
 0 594
 0 595
 0 596
 0 597
 0 598
 0 599
 0 600


