# Created by Octave 3.8.2, Mon Jun 22 05:02:56 2020 CEST <damian@fptrucha.inv.usc.es>
# name: hd
# type: matrix
# rows: 551
# columns: 2
 0 50
 0 51
 0 52
 0 53
 0 54
 0 55
 0 56
 0 57
 0 58
 0 59
 0 60
 0 61
 0 62
 0 63
 0 64
 0 65
 0 66
 0 67
 0 68
 0 69
 0 70
 0 71
 0 72
 0 73
 0 74
 0 75
 0 76
 0 77
 0 78
 0 79
 0 80
 0 81
 0 82
 0 83
 0 84
 0 85
 0 86
 0 87
 1 88
 10 89
 41 90
 130 91
 216 92
 369 93
 466 94
 563 95
 883 96
 1431 97
 1770 98
 1910 99
 2117 100
 2028 101
 2139 102
 1928 103
 1718 104
 1606 105
 1409 106
 1356 107
 1123 108
 1006 109
 869 110
 799 111
 635 112
 585 113
 515 114
 474 115
 376 116
 366 117
 296 118
 265 119
 228 120
 237 121
 170 122
 151 123
 130 124
 131 125
 125 126
 114 127
 92 128
 68 129
 90 130
 88 131
 71 132
 69 133
 64 134
 58 135
 60 136
 58 137
 62 138
 52 139
 34 140
 36 141
 40 142
 31 143
 21 144
 34 145
 40 146
 27 147
 18 148
 25 149
 27 150
 25 151
 28 152
 24 153
 23 154
 30 155
 15 156
 13 157
 16 158
 14 159
 15 160
 14 161
 7 162
 16 163
 10 164
 9 165
 8 166
 4 167
 8 168
 9 169
 9 170
 4 171
 11 172
 5 173
 7 174
 3 175
 4 176
 1 177
 6 178
 1 179
 2 180
 2 181
 1 182
 2 183
 2 184
 4 185
 5 186
 4 187
 3 188
 1 189
 1 190
 4 191
 0 192
 2 193
 1 194
 0 195
 1 196
 1 197
 4 198
 1 199
 0 200
 0 201
 1 202
 0 203
 1 204
 0 205
 0 206
 0 207
 2 208
 0 209
 0 210
 3 211
 0 212
 0 213
 1 214
 0 215
 0 216
 1 217
 1 218
 0 219
 1 220
 0 221
 0 222
 1 223
 0 224
 1 225
 0 226
 0 227
 0 228
 1 229
 1 230
 0 231
 0 232
 0 233
 0 234
 0 235
 0 236
 0 237
 0 238
 0 239
 0 240
 0 241
 0 242
 0 243
 0 244
 0 245
 0 246
 0 247
 0 248
 0 249
 0 250
 0 251
 0 252
 0 253
 0 254
 0 255
 0 256
 0 257
 0 258
 0 259
 0 260
 0 261
 0 262
 0 263
 0 264
 0 265
 0 266
 0 267
 0 268
 0 269
 0 270
 0 271
 0 272
 0 273
 0 274
 0 275
 0 276
 0 277
 0 278
 0 279
 0 280
 0 281
 0 282
 0 283
 0 284
 0 285
 0 286
 0 287
 2 288
 0 289
 0 290
 1 291
 0 292
 1 293
 1 294
 1 295
 0 296
 1 297
 1 298
 1 299
 2 300
 0 301
 3 302
 1 303
 2 304
 1 305
 2 306
 2 307
 0 308
 1 309
 1 310
 0 311
 1 312
 2 313
 1 314
 2 315
 2 316
 0 317
 1 318
 2 319
 2 320
 2 321
 1 322
 3 323
 3 324
 1 325
 1 326
 3 327
 2 328
 0 329
 1 330
 3 331
 2 332
 4 333
 1 334
 1 335
 2 336
 0 337
 1 338
 1 339
 3 340
 1 341
 1 342
 1 343
 4 344
 3 345
 1 346
 2 347
 1 348
 0 349
 0 350
 0 351
 0 352
 0 353
 2 354
 2 355
 3 356
 2 357
 1 358
 1 359
 2 360
 1 361
 0 362
 0 363
 1 364
 0 365
 0 366
 0 367
 1 368
 0 369
 0 370
 3 371
 0 372
 3 373
 0 374
 0 375
 1 376
 1 377
 0 378
 1 379
 0 380
 1 381
 0 382
 0 383
 0 384
 1 385
 0 386
 0 387
 0 388
 0 389
 1 390
 1 391
 0 392
 0 393
 0 394
 0 395
 0 396
 0 397
 0 398
 0 399
 1 400
 0 401
 0 402
 0 403
 0 404
 0 405
 0 406
 0 407
 0 408
 0 409
 0 410
 1 411
 0 412
 0 413
 0 414
 0 415
 0 416
 0 417
 0 418
 0 419
 0 420
 0 421
 0 422
 0 423
 0 424
 0 425
 0 426
 0 427
 0 428
 0 429
 0 430
 0 431
 0 432
 0 433
 0 434
 0 435
 0 436
 0 437
 0 438
 0 439
 0 440
 0 441
 0 442
 0 443
 0 444
 0 445
 0 446
 0 447
 0 448
 0 449
 0 450
 0 451
 0 452
 0 453
 0 454
 0 455
 0 456
 0 457
 0 458
 0 459
 0 460
 0 461
 0 462
 0 463
 0 464
 0 465
 0 466
 0 467
 0 468
 0 469
 0 470
 0 471
 0 472
 0 473
 0 474
 0 475
 0 476
 0 477
 0 478
 0 479
 0 480
 0 481
 0 482
 0 483
 0 484
 0 485
 0 486
 0 487
 0 488
 0 489
 0 490
 0 491
 0 492
 0 493
 0 494
 0 495
 0 496
 0 497
 0 498
 0 499
 0 500
 0 501
 0 502
 0 503
 0 504
 0 505
 0 506
 0 507
 0 508
 0 509
 0 510
 0 511
 0 512
 0 513
 0 514
 0 515
 0 516
 0 517
 0 518
 0 519
 0 520
 0 521
 0 522
 0 523
 0 524
 0 525
 0 526
 0 527
 0 528
 0 529
 0 530
 0 531
 0 532
 0 533
 0 534
 0 535
 0 536
 0 537
 0 538
 0 539
 0 540
 0 541
 0 542
 0 543
 0 544
 0 545
 0 546
 0 547
 0 548
 0 549
 0 550
 0 551
 0 552
 0 553
 0 554
 0 555
 0 556
 0 557
 0 558
 0 559
 0 560
 0 561
 0 562
 0 563
 0 564
 0 565
 0 566
 0 567
 0 568
 0 569
 0 570
 0 571
 0 572
 0 573
 0 574
 0 575
 0 576
 0 577
 0 578
 0 579
 0 580
 0 581
 0 582
 0 583
 0 584
 0 585
 0 586
 0 587
 0 588
 0 589
 0 590
 0 591
 0 592
 0 593
 0 594
 0 595
 0 596
 0 597
 0 598
 0 599
 0 600


