# Created by Octave 3.8.2, Sat Jun 20 07:41:58 2020 CEST <damian@fptrucha.inv.usc.es>
# name: hd
# type: matrix
# rows: 551
# columns: 2
 0 50
 0 51
 0 52
 0 53
 0 54
 0 55
 0 56
 0 57
 0 58
 0 59
 0 60
 0 61
 0 62
 0 63
 0 64
 0 65
 0 66
 0 67
 0 68
 1 69
 0 70
 0 71
 0 72
 0 73
 0 74
 0 75
 0 76
 0 77
 0 78
 0 79
 0 80
 0 81
 0 82
 0 83
 0 84
 0 85
 0 86
 1 87
 7 88
 18 89
 94 90
 150 91
 265 92
 324 93
 458 94
 655 95
 1012 96
 1289 97
 1517 98
 1669 99
 1752 100
 1906 101
 1885 102
 1758 103
 1863 104
 1838 105
 1619 106
 1580 107
 1506 108
 1373 109
 1325 110
 1266 111
 1060 112
 968 113
 953 114
 804 115
 781 116
 737 117
 612 118
 564 119
 561 120
 440 121
 423 122
 362 123
 337 124
 319 125
 271 126
 246 127
 224 128
 194 129
 219 130
 197 131
 163 132
 130 133
 125 134
 116 135
 112 136
 129 137
 111 138
 111 139
 92 140
 79 141
 68 142
 81 143
 73 144
 68 145
 64 146
 53 147
 63 148
 62 149
 43 150
 38 151
 52 152
 44 153
 42 154
 40 155
 41 156
 41 157
 41 158
 23 159
 29 160
 36 161
 33 162
 23 163
 28 164
 20 165
 19 166
 10 167
 13 168
 15 169
 13 170
 10 171
 17 172
 12 173
 10 174
 7 175
 7 176
 8 177
 14 178
 6 179
 9 180
 6 181
 8 182
 5 183
 2 184
 4 185
 5 186
 5 187
 1 188
 4 189
 1 190
 3 191
 4 192
 0 193
 2 194
 2 195
 1 196
 1 197
 1 198
 0 199
 2 200
 3 201
 1 202
 0 203
 0 204
 0 205
 1 206
 1 207
 1 208
 1 209
 0 210
 0 211
 0 212
 1 213
 1 214
 0 215
 0 216
 0 217
 1 218
 0 219
 0 220
 0 221
 0 222
 1 223
 0 224
 0 225
 0 226
 0 227
 0 228
 0 229
 0 230
 0 231
 0 232
 0 233
 0 234
 0 235
 0 236
 0 237
 0 238
 0 239
 0 240
 0 241
 0 242
 0 243
 0 244
 0 245
 0 246
 0 247
 0 248
 0 249
 0 250
 0 251
 0 252
 0 253
 0 254
 0 255
 0 256
 0 257
 0 258
 0 259
 0 260
 0 261
 1 262
 0 263
 0 264
 0 265
 0 266
 0 267
 0 268
 0 269
 0 270
 0 271
 0 272
 0 273
 0 274
 0 275
 1 276
 0 277
 0 278
 0 279
 0 280
 0 281
 0 282
 0 283
 0 284
 0 285
 1 286
 0 287
 0 288
 0 289
 0 290
 0 291
 0 292
 0 293
 1 294
 0 295
 0 296
 1 297
 0 298
 1 299
 1 300
 1 301
 0 302
 1 303
 2 304
 2 305
 1 306
 1 307
 1 308
 1 309
 2 310
 1 311
 0 312
 1 313
 2 314
 3 315
 2 316
 2 317
 4 318
 2 319
 3 320
 2 321
 2 322
 4 323
 1 324
 2 325
 0 326
 2 327
 4 328
 3 329
 0 330
 3 331
 4 332
 1 333
 1 334
 4 335
 3 336
 4 337
 2 338
 3 339
 1 340
 2 341
 1 342
 5 343
 2 344
 1 345
 2 346
 3 347
 0 348
 2 349
 1 350
 5 351
 0 352
 2 353
 1 354
 2 355
 1 356
 1 357
 0 358
 1 359
 0 360
 1 361
 3 362
 0 363
 0 364
 0 365
 1 366
 0 367
 1 368
 1 369
 1 370
 1 371
 1 372
 1 373
 0 374
 1 375
 0 376
 1 377
 1 378
 1 379
 1 380
 0 381
 0 382
 0 383
 0 384
 0 385
 0 386
 2 387
 0 388
 0 389
 1 390
 0 391
 0 392
 0 393
 0 394
 0 395
 0 396
 1 397
 0 398
 0 399
 1 400
 0 401
 0 402
 0 403
 1 404
 0 405
 1 406
 0 407
 0 408
 0 409
 0 410
 0 411
 0 412
 1 413
 1 414
 0 415
 0 416
 0 417
 0 418
 1 419
 0 420
 0 421
 0 422
 0 423
 0 424
 0 425
 0 426
 0 427
 0 428
 0 429
 0 430
 0 431
 0 432
 0 433
 0 434
 0 435
 0 436
 0 437
 0 438
 0 439
 0 440
 0 441
 0 442
 0 443
 0 444
 0 445
 0 446
 0 447
 0 448
 0 449
 0 450
 0 451
 0 452
 0 453
 0 454
 0 455
 0 456
 0 457
 0 458
 0 459
 0 460
 0 461
 0 462
 0 463
 0 464
 0 465
 0 466
 0 467
 0 468
 0 469
 0 470
 0 471
 0 472
 0 473
 0 474
 0 475
 0 476
 0 477
 0 478
 0 479
 0 480
 0 481
 0 482
 0 483
 0 484
 0 485
 0 486
 0 487
 0 488
 0 489
 0 490
 0 491
 0 492
 0 493
 0 494
 0 495
 0 496
 0 497
 0 498
 0 499
 0 500
 0 501
 0 502
 0 503
 0 504
 0 505
 0 506
 0 507
 0 508
 0 509
 0 510
 0 511
 0 512
 0 513
 0 514
 0 515
 0 516
 0 517
 0 518
 0 519
 0 520
 0 521
 0 522
 0 523
 0 524
 0 525
 0 526
 0 527
 0 528
 0 529
 0 530
 0 531
 0 532
 0 533
 0 534
 0 535
 0 536
 0 537
 0 538
 0 539
 0 540
 0 541
 0 542
 0 543
 0 544
 0 545
 0 546
 0 547
 0 548
 0 549
 0 550
 0 551
 0 552
 0 553
 0 554
 0 555
 0 556
 0 557
 0 558
 0 559
 0 560
 0 561
 0 562
 0 563
 0 564
 0 565
 0 566
 0 567
 0 568
 0 569
 0 570
 0 571
 0 572
 0 573
 0 574
 0 575
 0 576
 0 577
 0 578
 0 579
 0 580
 0 581
 0 582
 0 583
 0 584
 0 585
 0 586
 0 587
 0 588
 0 589
 0 590
 0 591
 0 592
 0 593
 0 594
 0 595
 0 596
 0 597
 0 598
 0 599
 0 600


