# Created by Octave 3.8.2, Sat Jun 20 21:46:23 2020 CEST <damian@fptrucha.inv.usc.es>
# name: hd
# type: matrix
# rows: 551
# columns: 2
 0 50
 0 51
 0 52
 0 53
 0 54
 0 55
 0 56
 0 57
 0 58
 0 59
 0 60
 0 61
 0 62
 0 63
 0 64
 0 65
 0 66
 0 67
 0 68
 0 69
 0 70
 0 71
 0 72
 0 73
 0 74
 0 75
 0 76
 0 77
 0 78
 0 79
 0 80
 0 81
 0 82
 0 83
 0 84
 0 85
 0 86
 2 87
 5 88
 17 89
 84 90
 126 91
 191 92
 284 93
 370 94
 548 95
 825 96
 1103 97
 1277 98
 1412 99
 1458 100
 1544 101
 1503 102
 1555 103
 1495 104
 1480 105
 1476 106
 1318 107
 1264 108
 1243 109
 1243 110
 1034 111
 1005 112
 938 113
 823 114
 754 115
 678 116
 630 117
 584 118
 502 119
 485 120
 400 121
 417 122
 341 123
 327 124
 295 125
 274 126
 224 127
 222 128
 199 129
 203 130
 146 131
 145 132
 149 133
 129 134
 148 135
 115 136
 114 137
 102 138
 94 139
 99 140
 81 141
 63 142
 76 143
 40 144
 60 145
 37 146
 51 147
 44 148
 61 149
 51 150
 35 151
 33 152
 40 153
 30 154
 37 155
 29 156
 33 157
 24 158
 35 159
 20 160
 35 161
 17 162
 21 163
 14 164
 12 165
 15 166
 13 167
 12 168
 13 169
 9 170
 7 171
 8 172
 2 173
 13 174
 6 175
 12 176
 7 177
 8 178
 4 179
 7 180
 6 181
 4 182
 4 183
 3 184
 5 185
 3 186
 3 187
 3 188
 3 189
 5 190
 4 191
 2 192
 0 193
 2 194
 0 195
 0 196
 2 197
 2 198
 1 199
 1 200
 0 201
 0 202
 1 203
 0 204
 1 205
 2 206
 1 207
 1 208
 0 209
 0 210
 1 211
 1 212
 1 213
 1 214
 0 215
 0 216
 0 217
 1 218
 0 219
 1 220
 0 221
 0 222
 0 223
 0 224
 1 225
 0 226
 0 227
 2 228
 0 229
 0 230
 0 231
 0 232
 1 233
 0 234
 0 235
 0 236
 0 237
 1 238
 0 239
 0 240
 0 241
 1 242
 0 243
 0 244
 0 245
 0 246
 0 247
 0 248
 0 249
 0 250
 0 251
 0 252
 0 253
 0 254
 0 255
 0 256
 0 257
 0 258
 0 259
 0 260
 0 261
 0 262
 0 263
 0 264
 0 265
 0 266
 0 267
 0 268
 0 269
 0 270
 0 271
 0 272
 0 273
 0 274
 0 275
 0 276
 0 277
 0 278
 1 279
 0 280
 0 281
 0 282
 0 283
 0 284
 0 285
 0 286
 1 287
 0 288
 0 289
 1 290
 0 291
 0 292
 0 293
 0 294
 0 295
 1 296
 0 297
 1 298
 1 299
 0 300
 1 301
 0 302
 1 303
 0 304
 1 305
 0 306
 1 307
 1 308
 1 309
 1 310
 2 311
 2 312
 2 313
 2 314
 1 315
 1 316
 3 317
 0 318
 2 319
 1 320
 4 321
 2 322
 2 323
 1 324
 2 325
 2 326
 1 327
 2 328
 3 329
 1 330
 3 331
 2 332
 2 333
 1 334
 2 335
 0 336
 2 337
 5 338
 1 339
 0 340
 1 341
 1 342
 3 343
 0 344
 1 345
 2 346
 0 347
 1 348
 3 349
 3 350
 0 351
 3 352
 2 353
 3 354
 0 355
 0 356
 0 357
 0 358
 1 359
 0 360
 1 361
 1 362
 1 363
 2 364
 1 365
 1 366
 2 367
 1 368
 0 369
 1 370
 0 371
 2 372
 0 373
 0 374
 0 375
 0 376
 1 377
 0 378
 1 379
 1 380
 0 381
 0 382
 0 383
 0 384
 1 385
 0 386
 0 387
 2 388
 0 389
 1 390
 0 391
 0 392
 0 393
 0 394
 0 395
 0 396
 1 397
 0 398
 0 399
 0 400
 0 401
 0 402
 1 403
 0 404
 0 405
 0 406
 0 407
 1 408
 0 409
 0 410
 0 411
 0 412
 0 413
 0 414
 0 415
 0 416
 0 417
 0 418
 0 419
 0 420
 1 421
 0 422
 0 423
 0 424
 0 425
 0 426
 0 427
 0 428
 0 429
 0 430
 0 431
 0 432
 0 433
 0 434
 0 435
 0 436
 0 437
 0 438
 0 439
 0 440
 0 441
 0 442
 0 443
 0 444
 0 445
 0 446
 0 447
 0 448
 0 449
 0 450
 0 451
 0 452
 0 453
 0 454
 0 455
 0 456
 0 457
 0 458
 0 459
 0 460
 0 461
 0 462
 0 463
 0 464
 0 465
 0 466
 0 467
 0 468
 0 469
 0 470
 0 471
 0 472
 0 473
 0 474
 0 475
 0 476
 0 477
 0 478
 0 479
 0 480
 0 481
 0 482
 0 483
 0 484
 0 485
 0 486
 0 487
 0 488
 0 489
 0 490
 0 491
 0 492
 0 493
 0 494
 0 495
 0 496
 0 497
 0 498
 0 499
 0 500
 0 501
 0 502
 0 503
 0 504
 0 505
 0 506
 0 507
 0 508
 0 509
 0 510
 0 511
 0 512
 0 513
 0 514
 0 515
 0 516
 0 517
 0 518
 0 519
 0 520
 0 521
 0 522
 0 523
 0 524
 0 525
 0 526
 0 527
 0 528
 0 529
 0 530
 0 531
 0 532
 0 533
 0 534
 0 535
 0 536
 0 537
 0 538
 0 539
 0 540
 0 541
 0 542
 0 543
 0 544
 0 545
 0 546
 0 547
 0 548
 0 549
 0 550
 0 551
 0 552
 0 553
 0 554
 0 555
 0 556
 0 557
 0 558
 0 559
 0 560
 0 561
 0 562
 0 563
 0 564
 0 565
 0 566
 0 567
 0 568
 0 569
 0 570
 0 571
 0 572
 0 573
 0 574
 0 575
 0 576
 0 577
 0 578
 0 579
 0 580
 0 581
 0 582
 0 583
 0 584
 0 585
 0 586
 0 587
 0 588
 0 589
 0 590
 0 591
 0 592
 0 593
 0 594
 0 595
 0 596
 0 597
 0 598
 0 599
 0 600


