# Created by Octave 3.8.2, Mon Jun 22 04:27:11 2020 CEST <damian@fptrucha.inv.usc.es>
# name: hd
# type: matrix
# rows: 551
# columns: 2
 0 50
 0 51
 0 52
 0 53
 0 54
 0 55
 0 56
 0 57
 0 58
 0 59
 0 60
 0 61
 0 62
 0 63
 0 64
 0 65
 0 66
 0 67
 0 68
 0 69
 0 70
 0 71
 0 72
 0 73
 0 74
 0 75
 0 76
 0 77
 0 78
 0 79
 0 80
 0 81
 0 82
 0 83
 0 84
 0 85
 0 86
 0 87
 2 88
 11 89
 30 90
 116 91
 217 92
 369 93
 470 94
 562 95
 838 96
 1351 97
 1874 98
 1942 99
 1976 100
 2034 101
 2082 102
 1897 103
 1736 104
 1617 105
 1425 106
 1272 107
 1103 108
 951 109
 897 110
 781 111
 715 112
 568 113
 460 114
 446 115
 349 116
 309 117
 295 118
 228 119
 218 120
 194 121
 185 122
 145 123
 136 124
 116 125
 108 126
 106 127
 78 128
 99 129
 73 130
 78 131
 79 132
 89 133
 61 134
 52 135
 48 136
 52 137
 51 138
 40 139
 44 140
 37 141
 34 142
 33 143
 23 144
 34 145
 29 146
 14 147
 27 148
 23 149
 28 150
 20 151
 22 152
 15 153
 25 154
 32 155
 9 156
 15 157
 19 158
 11 159
 6 160
 11 161
 9 162
 10 163
 7 164
 4 165
 5 166
 10 167
 7 168
 7 169
 9 170
 3 171
 6 172
 6 173
 5 174
 7 175
 1 176
 2 177
 8 178
 2 179
 3 180
 2 181
 0 182
 2 183
 3 184
 3 185
 2 186
 1 187
 2 188
 2 189
 1 190
 3 191
 1 192
 3 193
 2 194
 3 195
 0 196
 1 197
 1 198
 1 199
 0 200
 0 201
 2 202
 0 203
 1 204
 0 205
 1 206
 0 207
 1 208
 0 209
 0 210
 0 211
 0 212
 0 213
 0 214
 0 215
 0 216
 0 217
 0 218
 0 219
 0 220
 0 221
 0 222
 0 223
 0 224
 0 225
 0 226
 0 227
 0 228
 0 229
 0 230
 0 231
 0 232
 0 233
 0 234
 0 235
 0 236
 0 237
 0 238
 0 239
 0 240
 0 241
 0 242
 0 243
 0 244
 0 245
 0 246
 0 247
 0 248
 0 249
 0 250
 0 251
 0 252
 0 253
 0 254
 0 255
 0 256
 0 257
 0 258
 0 259
 0 260
 0 261
 0 262
 0 263
 0 264
 0 265
 0 266
 0 267
 0 268
 0 269
 0 270
 0 271
 0 272
 0 273
 0 274
 0 275
 0 276
 0 277
 0 278
 0 279
 0 280
 0 281
 0 282
 0 283
 0 284
 1 285
 0 286
 0 287
 0 288
 0 289
 0 290
 0 291
 1 292
 0 293
 0 294
 1 295
 0 296
 1 297
 2 298
 0 299
 0 300
 0 301
 1 302
 2 303
 0 304
 2 305
 0 306
 1 307
 0 308
 2 309
 1 310
 3 311
 1 312
 0 313
 3 314
 1 315
 4 316
 4 317
 3 318
 2 319
 1 320
 2 321
 1 322
 1 323
 5 324
 2 325
 3 326
 1 327
 2 328
 2 329
 1 330
 3 331
 0 332
 2 333
 0 334
 1 335
 0 336
 1 337
 2 338
 2 339
 2 340
 1 341
 2 342
 0 343
 2 344
 2 345
 0 346
 2 347
 4 348
 1 349
 0 350
 1 351
 0 352
 2 353
 1 354
 1 355
 0 356
 1 357
 1 358
 0 359
 0 360
 4 361
 1 362
 3 363
 0 364
 0 365
 1 366
 0 367
 0 368
 1 369
 0 370
 2 371
 0 372
 0 373
 2 374
 1 375
 1 376
 0 377
 0 378
 0 379
 0 380
 0 381
 1 382
 0 383
 1 384
 1 385
 0 386
 0 387
 0 388
 0 389
 0 390
 0 391
 0 392
 0 393
 0 394
 1 395
 0 396
 0 397
 0 398
 0 399
 0 400
 0 401
 1 402
 0 403
 0 404
 0 405
 0 406
 0 407
 0 408
 0 409
 0 410
 0 411
 0 412
 1 413
 0 414
 0 415
 0 416
 0 417
 0 418
 0 419
 0 420
 0 421
 0 422
 0 423
 0 424
 0 425
 0 426
 1 427
 0 428
 0 429
 0 430
 0 431
 0 432
 0 433
 0 434
 0 435
 0 436
 0 437
 0 438
 0 439
 0 440
 0 441
 0 442
 0 443
 0 444
 0 445
 0 446
 0 447
 0 448
 0 449
 0 450
 0 451
 0 452
 0 453
 0 454
 0 455
 0 456
 0 457
 0 458
 0 459
 0 460
 0 461
 0 462
 0 463
 0 464
 0 465
 0 466
 0 467
 0 468
 0 469
 0 470
 0 471
 0 472
 0 473
 0 474
 0 475
 0 476
 0 477
 0 478
 0 479
 0 480
 0 481
 0 482
 0 483
 0 484
 0 485
 0 486
 0 487
 0 488
 0 489
 0 490
 0 491
 0 492
 0 493
 0 494
 0 495
 0 496
 0 497
 0 498
 0 499
 0 500
 0 501
 0 502
 0 503
 0 504
 0 505
 0 506
 0 507
 0 508
 0 509
 0 510
 0 511
 0 512
 0 513
 0 514
 0 515
 0 516
 0 517
 0 518
 0 519
 0 520
 0 521
 0 522
 0 523
 0 524
 0 525
 0 526
 0 527
 0 528
 0 529
 0 530
 0 531
 0 532
 0 533
 0 534
 0 535
 0 536
 0 537
 0 538
 0 539
 0 540
 0 541
 0 542
 0 543
 0 544
 0 545
 0 546
 0 547
 0 548
 0 549
 0 550
 0 551
 0 552
 0 553
 0 554
 0 555
 0 556
 0 557
 0 558
 0 559
 0 560
 0 561
 0 562
 0 563
 0 564
 0 565
 0 566
 0 567
 0 568
 0 569
 0 570
 0 571
 0 572
 0 573
 0 574
 0 575
 0 576
 0 577
 0 578
 0 579
 0 580
 0 581
 0 582
 0 583
 0 584
 0 585
 0 586
 0 587
 0 588
 0 589
 0 590
 0 591
 0 592
 0 593
 0 594
 0 595
 0 596
 0 597
 0 598
 0 599
 0 600


