# Created by Octave 3.8.2, Mon Jun 22 14:32:06 2020 CEST <damian@fptrucha.inv.usc.es>
# name: hd
# type: matrix
# rows: 551
# columns: 2
 0 50
 0 51
 0 52
 0 53
 0 54
 0 55
 0 56
 0 57
 0 58
 0 59
 0 60
 0 61
 0 62
 0 63
 0 64
 0 65
 0 66
 0 67
 0 68
 0 69
 0 70
 0 71
 0 72
 0 73
 0 74
 0 75
 0 76
 0 77
 0 78
 0 79
 0 80
 0 81
 0 82
 0 83
 0 84
 0 85
 0 86
 1 87
 7 88
 16 89
 46 90
 132 91
 200 92
 316 93
 445 94
 603 95
 882 96
 1257 97
 1470 98
 1652 99
 1718 100
 1826 101
 1856 102
 1815 103
 1706 104
 1669 105
 1581 106
 1432 107
 1310 108
 1257 109
 1148 110
 980 111
 946 112
 845 113
 706 114
 717 115
 627 116
 545 117
 461 118
 447 119
 396 120
 371 121
 279 122
 294 123
 243 124
 236 125
 216 126
 216 127
 167 128
 152 129
 167 130
 132 131
 124 132
 117 133
 111 134
 112 135
 103 136
 81 137
 98 138
 87 139
 84 140
 79 141
 75 142
 61 143
 62 144
 53 145
 50 146
 62 147
 49 148
 44 149
 39 150
 33 151
 42 152
 40 153
 32 154
 31 155
 23 156
 15 157
 22 158
 26 159
 19 160
 26 161
 16 162
 17 163
 20 164
 20 165
 19 166
 12 167
 12 168
 16 169
 12 170
 12 171
 13 172
 13 173
 4 174
 7 175
 14 176
 7 177
 4 178
 8 179
 6 180
 8 181
 3 182
 2 183
 2 184
 4 185
 2 186
 7 187
 4 188
 6 189
 3 190
 0 191
 1 192
 0 193
 2 194
 3 195
 1 196
 2 197
 2 198
 2 199
 2 200
 2 201
 2 202
 2 203
 0 204
 1 205
 0 206
 0 207
 1 208
 1 209
 2 210
 2 211
 0 212
 1 213
 0 214
 0 215
 0 216
 0 217
 1 218
 0 219
 1 220
 0 221
 0 222
 2 223
 0 224
 0 225
 0 226
 0 227
 1 228
 0 229
 1 230
 0 231
 1 232
 0 233
 1 234
 0 235
 0 236
 0 237
 0 238
 0 239
 0 240
 0 241
 0 242
 0 243
 0 244
 0 245
 0 246
 0 247
 0 248
 0 249
 0 250
 0 251
 0 252
 1 253
 0 254
 0 255
 0 256
 0 257
 0 258
 0 259
 0 260
 0 261
 0 262
 0 263
 0 264
 0 265
 0 266
 0 267
 1 268
 0 269
 0 270
 0 271
 0 272
 0 273
 0 274
 0 275
 0 276
 0 277
 0 278
 1 279
 0 280
 0 281
 0 282
 0 283
 0 284
 0 285
 0 286
 1 287
 0 288
 0 289
 0 290
 1 291
 1 292
 2 293
 0 294
 0 295
 1 296
 0 297
 1 298
 0 299
 2 300
 3 301
 2 302
 1 303
 0 304
 3 305
 0 306
 4 307
 1 308
 1 309
 1 310
 3 311
 0 312
 0 313
 4 314
 2 315
 3 316
 1 317
 4 318
 2 319
 0 320
 2 321
 2 322
 1 323
 4 324
 4 325
 4 326
 3 327
 4 328
 2 329
 1 330
 2 331
 0 332
 1 333
 4 334
 2 335
 2 336
 3 337
 5 338
 0 339
 4 340
 0 341
 3 342
 3 343
 3 344
 2 345
 2 346
 0 347
 5 348
 1 349
 1 350
 2 351
 0 352
 3 353
 0 354
 2 355
 4 356
 3 357
 2 358
 1 359
 3 360
 2 361
 2 362
 0 363
 1 364
 0 365
 3 366
 1 367
 0 368
 0 369
 0 370
 0 371
 1 372
 0 373
 2 374
 0 375
 1 376
 0 377
 2 378
 2 379
 0 380
 0 381
 3 382
 0 383
 0 384
 2 385
 1 386
 0 387
 0 388
 0 389
 1 390
 1 391
 0 392
 0 393
 0 394
 0 395
 0 396
 0 397
 0 398
 1 399
 0 400
 0 401
 0 402
 0 403
 1 404
 0 405
 0 406
 0 407
 0 408
 0 409
 0 410
 0 411
 0 412
 0 413
 0 414
 0 415
 0 416
 0 417
 0 418
 0 419
 0 420
 0 421
 0 422
 0 423
 0 424
 0 425
 0 426
 0 427
 0 428
 0 429
 0 430
 0 431
 0 432
 0 433
 0 434
 0 435
 0 436
 0 437
 0 438
 0 439
 0 440
 0 441
 0 442
 0 443
 0 444
 0 445
 0 446
 0 447
 0 448
 0 449
 0 450
 0 451
 0 452
 0 453
 0 454
 0 455
 0 456
 0 457
 0 458
 0 459
 0 460
 0 461
 0 462
 0 463
 0 464
 0 465
 0 466
 0 467
 0 468
 0 469
 0 470
 0 471
 0 472
 0 473
 0 474
 0 475
 0 476
 0 477
 0 478
 0 479
 0 480
 0 481
 0 482
 0 483
 0 484
 0 485
 0 486
 0 487
 0 488
 0 489
 0 490
 0 491
 0 492
 0 493
 0 494
 0 495
 0 496
 0 497
 0 498
 0 499
 0 500
 0 501
 0 502
 0 503
 0 504
 0 505
 0 506
 0 507
 0 508
 0 509
 0 510
 0 511
 0 512
 0 513
 0 514
 0 515
 0 516
 0 517
 0 518
 0 519
 0 520
 0 521
 0 522
 0 523
 0 524
 0 525
 0 526
 0 527
 0 528
 0 529
 0 530
 0 531
 0 532
 0 533
 0 534
 0 535
 0 536
 0 537
 0 538
 0 539
 0 540
 0 541
 0 542
 0 543
 0 544
 0 545
 0 546
 0 547
 0 548
 0 549
 0 550
 0 551
 0 552
 0 553
 0 554
 0 555
 0 556
 0 557
 0 558
 0 559
 0 560
 0 561
 0 562
 0 563
 0 564
 0 565
 0 566
 0 567
 0 568
 0 569
 0 570
 0 571
 0 572
 0 573
 0 574
 0 575
 0 576
 0 577
 0 578
 0 579
 0 580
 0 581
 0 582
 0 583
 0 584
 0 585
 0 586
 0 587
 0 588
 0 589
 0 590
 0 591
 0 592
 0 593
 0 594
 0 595
 0 596
 0 597
 0 598
 0 599
 0 600


