# Created by Octave 3.8.2, Mon Jun 22 10:28:51 2020 CEST <damian@fptrucha.inv.usc.es>
# name: hd
# type: matrix
# rows: 551
# columns: 2
 0 50
 0 51
 0 52
 0 53
 0 54
 0 55
 0 56
 0 57
 0 58
 0 59
 0 60
 0 61
 0 62
 0 63
 0 64
 0 65
 0 66
 0 67
 0 68
 0 69
 0 70
 0 71
 0 72
 0 73
 0 74
 0 75
 0 76
 0 77
 0 78
 0 79
 0 80
 0 81
 0 82
 0 83
 0 84
 0 85
 0 86
 0 87
 2 88
 6 89
 31 90
 112 91
 190 92
 278 93
 374 94
 470 95
 745 96
 1079 97
 1363 98
 1501 99
 1650 100
 1726 101
 1719 102
 1652 103
 1608 104
 1633 105
 1469 106
 1471 107
 1320 108
 1288 109
 1209 110
 1042 111
 956 112
 898 113
 829 114
 744 115
 671 116
 604 117
 499 118
 519 119
 468 120
 397 121
 351 122
 308 123
 274 124
 269 125
 219 126
 223 127
 193 128
 184 129
 172 130
 161 131
 148 132
 123 133
 136 134
 111 135
 92 136
 113 137
 81 138
 100 139
 62 140
 72 141
 72 142
 64 143
 64 144
 65 145
 69 146
 45 147
 45 148
 50 149
 43 150
 40 151
 56 152
 36 153
 33 154
 37 155
 29 156
 22 157
 26 158
 24 159
 33 160
 18 161
 25 162
 15 163
 24 164
 15 165
 10 166
 21 167
 11 168
 8 169
 14 170
 13 171
 6 172
 9 173
 15 174
 12 175
 9 176
 8 177
 6 178
 10 179
 13 180
 3 181
 2 182
 6 183
 7 184
 3 185
 6 186
 3 187
 4 188
 2 189
 4 190
 4 191
 5 192
 2 193
 1 194
 3 195
 2 196
 2 197
 2 198
 3 199
 1 200
 2 201
 0 202
 0 203
 4 204
 0 205
 0 206
 0 207
 0 208
 0 209
 0 210
 0 211
 0 212
 0 213
 0 214
 1 215
 0 216
 1 217
 0 218
 1 219
 0 220
 0 221
 1 222
 0 223
 1 224
 0 225
 0 226
 1 227
 0 228
 0 229
 0 230
 0 231
 0 232
 0 233
 0 234
 0 235
 1 236
 0 237
 1 238
 0 239
 0 240
 0 241
 0 242
 0 243
 0 244
 0 245
 0 246
 0 247
 0 248
 0 249
 0 250
 0 251
 0 252
 0 253
 0 254
 0 255
 0 256
 0 257
 0 258
 0 259
 0 260
 0 261
 0 262
 0 263
 0 264
 0 265
 0 266
 0 267
 0 268
 0 269
 0 270
 0 271
 0 272
 0 273
 0 274
 0 275
 0 276
 1 277
 0 278
 0 279
 0 280
 0 281
 0 282
 0 283
 0 284
 0 285
 0 286
 0 287
 0 288
 0 289
 0 290
 0 291
 0 292
 0 293
 0 294
 1 295
 0 296
 0 297
 0 298
 0 299
 1 300
 3 301
 2 302
 0 303
 0 304
 0 305
 1 306
 1 307
 3 308
 2 309
 2 310
 3 311
 1 312
 0 313
 2 314
 2 315
 2 316
 1 317
 0 318
 2 319
 4 320
 0 321
 4 322
 2 323
 3 324
 5 325
 3 326
 5 327
 2 328
 8 329
 3 330
 4 331
 3 332
 2 333
 2 334
 2 335
 3 336
 2 337
 2 338
 4 339
 3 340
 1 341
 1 342
 2 343
 0 344
 2 345
 2 346
 2 347
 3 348
 1 349
 3 350
 0 351
 2 352
 3 353
 1 354
 3 355
 0 356
 3 357
 2 358
 3 359
 1 360
 2 361
 2 362
 1 363
 2 364
 2 365
 2 366
 0 367
 2 368
 3 369
 0 370
 2 371
 2 372
 1 373
 0 374
 2 375
 0 376
 1 377
 2 378
 1 379
 0 380
 0 381
 1 382
 1 383
 0 384
 1 385
 0 386
 0 387
 1 388
 0 389
 0 390
 0 391
 0 392
 1 393
 1 394
 1 395
 1 396
 1 397
 0 398
 0 399
 0 400
 1 401
 0 402
 0 403
 0 404
 0 405
 0 406
 0 407
 0 408
 0 409
 1 410
 0 411
 0 412
 0 413
 0 414
 0 415
 0 416
 0 417
 0 418
 1 419
 0 420
 0 421
 0 422
 0 423
 0 424
 0 425
 0 426
 0 427
 0 428
 0 429
 0 430
 0 431
 0 432
 0 433
 0 434
 0 435
 0 436
 0 437
 0 438
 0 439
 0 440
 0 441
 0 442
 0 443
 0 444
 0 445
 0 446
 0 447
 0 448
 0 449
 0 450
 0 451
 0 452
 0 453
 0 454
 0 455
 0 456
 0 457
 0 458
 0 459
 0 460
 0 461
 0 462
 0 463
 0 464
 0 465
 0 466
 0 467
 0 468
 0 469
 0 470
 0 471
 0 472
 0 473
 0 474
 0 475
 0 476
 0 477
 0 478
 0 479
 0 480
 0 481
 0 482
 0 483
 0 484
 0 485
 0 486
 0 487
 0 488
 0 489
 0 490
 0 491
 0 492
 0 493
 0 494
 0 495
 0 496
 0 497
 0 498
 0 499
 0 500
 0 501
 0 502
 0 503
 0 504
 0 505
 0 506
 0 507
 0 508
 0 509
 0 510
 0 511
 0 512
 0 513
 0 514
 0 515
 0 516
 0 517
 0 518
 0 519
 0 520
 0 521
 0 522
 0 523
 0 524
 0 525
 0 526
 0 527
 0 528
 0 529
 0 530
 0 531
 0 532
 0 533
 0 534
 0 535
 0 536
 0 537
 0 538
 0 539
 0 540
 0 541
 0 542
 0 543
 0 544
 0 545
 0 546
 0 547
 0 548
 0 549
 0 550
 0 551
 0 552
 0 553
 0 554
 0 555
 0 556
 0 557
 0 558
 0 559
 0 560
 0 561
 0 562
 0 563
 0 564
 0 565
 0 566
 0 567
 0 568
 0 569
 0 570
 0 571
 0 572
 0 573
 0 574
 0 575
 0 576
 0 577
 0 578
 0 579
 0 580
 0 581
 0 582
 0 583
 0 584
 0 585
 0 586
 0 587
 0 588
 0 589
 0 590
 0 591
 0 592
 0 593
 0 594
 0 595
 0 596
 0 597
 0 598
 0 599
 0 600


