# Created by Octave 3.8.2, Sun Jun 21 04:50:43 2020 CEST <damian@fptrucha.inv.usc.es>
# name: hd
# type: matrix
# rows: 551
# columns: 2
 0 50
 0 51
 0 52
 0 53
 0 54
 0 55
 0 56
 0 57
 0 58
 0 59
 0 60
 0 61
 0 62
 0 63
 0 64
 0 65
 0 66
 0 67
 0 68
 0 69
 0 70
 0 71
 0 72
 0 73
 0 74
 0 75
 0 76
 0 77
 0 78
 0 79
 0 80
 0 81
 0 82
 0 83
 0 84
 0 85
 0 86
 3 87
 3 88
 15 89
 67 90
 132 91
 226 92
 270 93
 403 94
 525 95
 848 96
 1169 97
 1331 98
 1461 99
 1631 100
 1662 101
 1690 102
 1661 103
 1522 104
 1623 105
 1438 106
 1386 107
 1320 108
 1200 109
 1145 110
 1119 111
 998 112
 896 113
 844 114
 768 115
 645 116
 616 117
 573 118
 481 119
 464 120
 449 121
 370 122
 319 123
 304 124
 256 125
 209 126
 245 127
 206 128
 199 129
 152 130
 174 131
 164 132
 115 133
 121 134
 121 135
 110 136
 86 137
 87 138
 85 139
 69 140
 64 141
 61 142
 64 143
 65 144
 58 145
 43 146
 49 147
 40 148
 34 149
 44 150
 36 151
 36 152
 29 153
 41 154
 21 155
 33 156
 19 157
 17 158
 14 159
 27 160
 15 161
 16 162
 17 163
 13 164
 15 165
 14 166
 12 167
 9 168
 8 169
 8 170
 6 171
 8 172
 2 173
 5 174
 5 175
 5 176
 6 177
 10 178
 5 179
 3 180
 3 181
 3 182
 1 183
 3 184
 4 185
 2 186
 1 187
 3 188
 1 189
 6 190
 3 191
 1 192
 4 193
 3 194
 2 195
 2 196
 2 197
 0 198
 1 199
 0 200
 2 201
 0 202
 0 203
 0 204
 0 205
 0 206
 2 207
 0 208
 0 209
 0 210
 1 211
 0 212
 0 213
 0 214
 0 215
 0 216
 0 217
 0 218
 0 219
 0 220
 0 221
 0 222
 0 223
 0 224
 1 225
 0 226
 0 227
 0 228
 0 229
 0 230
 0 231
 0 232
 0 233
 0 234
 0 235
 0 236
 1 237
 0 238
 0 239
 0 240
 0 241
 0 242
 0 243
 0 244
 0 245
 0 246
 0 247
 0 248
 0 249
 0 250
 0 251
 0 252
 0 253
 0 254
 0 255
 0 256
 0 257
 0 258
 0 259
 0 260
 0 261
 0 262
 0 263
 0 264
 0 265
 0 266
 0 267
 0 268
 0 269
 0 270
 0 271
 0 272
 0 273
 1 274
 0 275
 0 276
 0 277
 0 278
 0 279
 0 280
 0 281
 0 282
 0 283
 0 284
 0 285
 0 286
 0 287
 0 288
 0 289
 0 290
 0 291
 0 292
 1 293
 3 294
 2 295
 0 296
 0 297
 0 298
 1 299
 1 300
 0 301
 1 302
 1 303
 0 304
 0 305
 2 306
 0 307
 1 308
 0 309
 2 310
 0 311
 1 312
 3 313
 1 314
 0 315
 2 316
 0 317
 3 318
 0 319
 1 320
 2 321
 2 322
 1 323
 1 324
 0 325
 1 326
 4 327
 2 328
 1 329
 4 330
 2 331
 3 332
 1 333
 2 334
 2 335
 3 336
 4 337
 2 338
 1 339
 1 340
 0 341
 3 342
 2 343
 0 344
 1 345
 3 346
 1 347
 2 348
 0 349
 0 350
 0 351
 0 352
 1 353
 3 354
 0 355
 1 356
 3 357
 2 358
 0 359
 3 360
 0 361
 0 362
 1 363
 0 364
 2 365
 0 366
 0 367
 2 368
 2 369
 0 370
 0 371
 1 372
 2 373
 0 374
 1 375
 0 376
 1 377
 0 378
 1 379
 1 380
 0 381
 0 382
 0 383
 0 384
 2 385
 0 386
 1 387
 0 388
 0 389
 0 390
 1 391
 0 392
 0 393
 0 394
 0 395
 0 396
 0 397
 1 398
 0 399
 0 400
 0 401
 0 402
 0 403
 0 404
 0 405
 0 406
 0 407
 0 408
 0 409
 0 410
 0 411
 0 412
 0 413
 0 414
 1 415
 0 416
 0 417
 0 418
 0 419
 0 420
 0 421
 0 422
 0 423
 0 424
 0 425
 0 426
 0 427
 0 428
 0 429
 0 430
 0 431
 0 432
 0 433
 0 434
 0 435
 0 436
 0 437
 0 438
 0 439
 0 440
 0 441
 0 442
 0 443
 0 444
 0 445
 0 446
 0 447
 0 448
 0 449
 0 450
 0 451
 0 452
 0 453
 0 454
 0 455
 0 456
 0 457
 0 458
 0 459
 0 460
 0 461
 0 462
 0 463
 0 464
 0 465
 0 466
 0 467
 0 468
 0 469
 0 470
 0 471
 0 472
 0 473
 0 474
 0 475
 0 476
 0 477
 0 478
 0 479
 0 480
 0 481
 0 482
 0 483
 0 484
 0 485
 0 486
 0 487
 0 488
 0 489
 0 490
 0 491
 0 492
 0 493
 0 494
 0 495
 0 496
 0 497
 0 498
 0 499
 0 500
 0 501
 0 502
 0 503
 0 504
 0 505
 0 506
 0 507
 0 508
 0 509
 0 510
 0 511
 0 512
 0 513
 0 514
 0 515
 0 516
 0 517
 0 518
 0 519
 0 520
 0 521
 0 522
 0 523
 0 524
 0 525
 0 526
 0 527
 0 528
 0 529
 0 530
 0 531
 0 532
 0 533
 0 534
 0 535
 0 536
 0 537
 0 538
 0 539
 0 540
 0 541
 0 542
 0 543
 0 544
 0 545
 0 546
 0 547
 0 548
 0 549
 0 550
 0 551
 0 552
 0 553
 0 554
 0 555
 0 556
 0 557
 0 558
 0 559
 0 560
 0 561
 0 562
 0 563
 0 564
 0 565
 0 566
 0 567
 0 568
 0 569
 0 570
 0 571
 0 572
 0 573
 0 574
 0 575
 0 576
 0 577
 0 578
 0 579
 0 580
 0 581
 0 582
 0 583
 0 584
 0 585
 0 586
 0 587
 0 588
 0 589
 0 590
 0 591
 0 592
 0 593
 0 594
 0 595
 0 596
 0 597
 0 598
 0 599
 0 600


