# Created by Octave 3.8.2, Sun Jun 21 01:52:38 2020 CEST <damian@fptrucha.inv.usc.es>
# name: hd
# type: matrix
# rows: 551
# columns: 2
 0 50
 0 51
 0 52
 0 53
 0 54
 0 55
 0 56
 0 57
 0 58
 0 59
 0 60
 0 61
 0 62
 0 63
 0 64
 0 65
 0 66
 0 67
 0 68
 0 69
 0 70
 0 71
 0 72
 0 73
 0 74
 0 75
 0 76
 0 77
 0 78
 0 79
 0 80
 0 81
 0 82
 0 83
 0 84
 0 85
 0 86
 1 87
 2 88
 22 89
 67 90
 132 91
 196 92
 253 93
 367 94
 506 95
 857 96
 1080 97
 1185 98
 1355 99
 1502 100
 1547 101
 1552 102
 1531 103
 1546 104
 1480 105
 1385 106
 1324 107
 1243 108
 1217 109
 1129 110
 1098 111
 1006 112
 873 113
 859 114
 783 115
 689 116
 622 117
 586 118
 532 119
 497 120
 447 121
 410 122
 339 123
 290 124
 296 125
 281 126
 247 127
 223 128
 175 129
 200 130
 169 131
 127 132
 164 133
 119 134
 117 135
 109 136
 100 137
 106 138
 92 139
 83 140
 63 141
 82 142
 57 143
 72 144
 59 145
 56 146
 50 147
 37 148
 37 149
 56 150
 43 151
 31 152
 26 153
 30 154
 28 155
 31 156
 26 157
 23 158
 19 159
 27 160
 21 161
 18 162
 15 163
 17 164
 17 165
 8 166
 12 167
 8 168
 18 169
 11 170
 11 171
 7 172
 16 173
 8 174
 6 175
 5 176
 7 177
 7 178
 7 179
 3 180
 1 181
 2 182
 6 183
 1 184
 2 185
 5 186
 1 187
 4 188
 6 189
 2 190
 2 191
 1 192
 2 193
 2 194
 2 195
 2 196
 1 197
 1 198
 0 199
 1 200
 3 201
 2 202
 0 203
 1 204
 2 205
 1 206
 0 207
 1 208
 1 209
 1 210
 0 211
 1 212
 1 213
 1 214
 0 215
 0 216
 0 217
 0 218
 0 219
 1 220
 0 221
 0 222
 0 223
 0 224
 1 225
 0 226
 0 227
 0 228
 0 229
 0 230
 1 231
 0 232
 0 233
 0 234
 0 235
 0 236
 0 237
 0 238
 0 239
 0 240
 0 241
 0 242
 0 243
 0 244
 0 245
 0 246
 0 247
 0 248
 0 249
 0 250
 0 251
 0 252
 0 253
 0 254
 0 255
 0 256
 0 257
 0 258
 0 259
 0 260
 0 261
 0 262
 0 263
 0 264
 0 265
 0 266
 0 267
 0 268
 0 269
 0 270
 0 271
 0 272
 0 273
 0 274
 0 275
 0 276
 0 277
 0 278
 0 279
 1 280
 0 281
 0 282
 0 283
 0 284
 1 285
 0 286
 0 287
 0 288
 0 289
 0 290
 0 291
 1 292
 0 293
 1 294
 1 295
 0 296
 0 297
 0 298
 0 299
 1 300
 0 301
 1 302
 2 303
 0 304
 2 305
 0 306
 0 307
 1 308
 0 309
 1 310
 1 311
 1 312
 1 313
 2 314
 1 315
 1 316
 3 317
 1 318
 0 319
 2 320
 2 321
 0 322
 0 323
 4 324
 3 325
 1 326
 2 327
 1 328
 3 329
 3 330
 3 331
 2 332
 2 333
 1 334
 1 335
 1 336
 1 337
 4 338
 3 339
 0 340
 1 341
 3 342
 0 343
 3 344
 3 345
 2 346
 2 347
 2 348
 1 349
 0 350
 2 351
 4 352
 1 353
 0 354
 0 355
 2 356
 0 357
 0 358
 4 359
 3 360
 2 361
 1 362
 1 363
 1 364
 2 365
 0 366
 0 367
 1 368
 1 369
 2 370
 0 371
 0 372
 1 373
 0 374
 1 375
 0 376
 0 377
 1 378
 2 379
 0 380
 0 381
 0 382
 0 383
 1 384
 0 385
 0 386
 0 387
 1 388
 0 389
 1 390
 0 391
 0 392
 0 393
 0 394
 0 395
 0 396
 0 397
 0 398
 0 399
 0 400
 0 401
 0 402
 0 403
 0 404
 1 405
 0 406
 0 407
 0 408
 1 409
 0 410
 0 411
 0 412
 0 413
 0 414
 0 415
 0 416
 0 417
 0 418
 0 419
 0 420
 0 421
 0 422
 0 423
 0 424
 0 425
 0 426
 0 427
 0 428
 0 429
 0 430
 0 431
 0 432
 0 433
 0 434
 0 435
 0 436
 0 437
 0 438
 0 439
 0 440
 0 441
 0 442
 0 443
 0 444
 0 445
 0 446
 0 447
 0 448
 0 449
 0 450
 0 451
 0 452
 0 453
 0 454
 0 455
 0 456
 0 457
 0 458
 0 459
 0 460
 0 461
 0 462
 0 463
 0 464
 0 465
 0 466
 0 467
 0 468
 0 469
 0 470
 0 471
 0 472
 0 473
 0 474
 0 475
 0 476
 0 477
 0 478
 0 479
 0 480
 0 481
 0 482
 0 483
 0 484
 0 485
 0 486
 0 487
 0 488
 0 489
 0 490
 0 491
 0 492
 0 493
 0 494
 0 495
 0 496
 0 497
 0 498
 0 499
 0 500
 0 501
 0 502
 0 503
 0 504
 0 505
 0 506
 0 507
 0 508
 0 509
 0 510
 0 511
 0 512
 0 513
 0 514
 0 515
 0 516
 0 517
 0 518
 0 519
 0 520
 0 521
 0 522
 0 523
 0 524
 0 525
 0 526
 0 527
 0 528
 0 529
 0 530
 0 531
 0 532
 0 533
 0 534
 0 535
 0 536
 0 537
 0 538
 0 539
 0 540
 0 541
 0 542
 0 543
 0 544
 0 545
 0 546
 0 547
 0 548
 0 549
 0 550
 0 551
 0 552
 0 553
 0 554
 0 555
 0 556
 0 557
 0 558
 0 559
 0 560
 0 561
 0 562
 0 563
 0 564
 0 565
 0 566
 0 567
 0 568
 0 569
 0 570
 0 571
 0 572
 0 573
 0 574
 0 575
 0 576
 0 577
 0 578
 0 579
 0 580
 0 581
 0 582
 0 583
 0 584
 0 585
 0 586
 0 587
 0 588
 0 589
 0 590
 0 591
 0 592
 0 593
 0 594
 0 595
 0 596
 0 597
 0 598
 0 599
 0 600


