# Created by Octave 3.8.2, Sun Jun 21 01:23:03 2020 CEST <damian@fptrucha.inv.usc.es>
# name: hd
# type: matrix
# rows: 551
# columns: 2
 0 50
 0 51
 0 52
 0 53
 0 54
 0 55
 0 56
 0 57
 0 58
 0 59
 0 60
 0 61
 0 62
 0 63
 0 64
 0 65
 0 66
 0 67
 0 68
 0 69
 0 70
 0 71
 0 72
 0 73
 0 74
 0 75
 0 76
 0 77
 0 78
 0 79
 0 80
 0 81
 0 82
 0 83
 0 84
 0 85
 0 86
 3 87
 6 88
 17 89
 64 90
 106 91
 203 92
 277 93
 376 94
 535 95
 750 96
 1041 97
 1184 98
 1388 99
 1600 100
 1573 101
 1580 102
 1562 103
 1495 104
 1547 105
 1482 106
 1381 107
 1293 108
 1189 109
 1126 110
 1052 111
 1032 112
 928 113
 861 114
 783 115
 705 116
 577 117
 536 118
 516 119
 430 120
 410 121
 375 122
 352 123
 327 124
 327 125
 254 126
 221 127
 202 128
 192 129
 164 130
 183 131
 140 132
 123 133
 126 134
 114 135
 111 136
 100 137
 107 138
 87 139
 85 140
 64 141
 47 142
 71 143
 43 144
 51 145
 56 146
 40 147
 47 148
 31 149
 45 150
 37 151
 30 152
 36 153
 35 154
 24 155
 34 156
 22 157
 31 158
 22 159
 25 160
 25 161
 24 162
 18 163
 16 164
 17 165
 13 166
 18 167
 11 168
 12 169
 14 170
 9 171
 10 172
 3 173
 8 174
 12 175
 6 176
 7 177
 6 178
 7 179
 3 180
 4 181
 7 182
 6 183
 3 184
 4 185
 6 186
 3 187
 6 188
 3 189
 2 190
 2 191
 0 192
 2 193
 0 194
 5 195
 1 196
 3 197
 4 198
 2 199
 1 200
 0 201
 0 202
 1 203
 1 204
 3 205
 0 206
 0 207
 0 208
 1 209
 0 210
 1 211
 0 212
 0 213
 0 214
 0 215
 1 216
 0 217
 1 218
 1 219
 0 220
 0 221
 0 222
 0 223
 0 224
 0 225
 0 226
 0 227
 0 228
 1 229
 0 230
 0 231
 0 232
 0 233
 0 234
 0 235
 0 236
 0 237
 0 238
 1 239
 0 240
 0 241
 0 242
 0 243
 0 244
 0 245
 0 246
 0 247
 0 248
 0 249
 0 250
 0 251
 0 252
 0 253
 1 254
 0 255
 0 256
 0 257
 0 258
 0 259
 0 260
 0 261
 0 262
 0 263
 0 264
 0 265
 0 266
 0 267
 0 268
 0 269
 0 270
 0 271
 0 272
 0 273
 0 274
 0 275
 0 276
 0 277
 0 278
 0 279
 1 280
 1 281
 0 282
 1 283
 0 284
 0 285
 0 286
 0 287
 0 288
 0 289
 1 290
 0 291
 0 292
 0 293
 0 294
 1 295
 0 296
 0 297
 0 298
 0 299
 0 300
 0 301
 0 302
 0 303
 1 304
 0 305
 0 306
 0 307
 0 308
 1 309
 2 310
 3 311
 0 312
 1 313
 1 314
 1 315
 0 316
 2 317
 0 318
 1 319
 1 320
 2 321
 2 322
 1 323
 2 324
 0 325
 1 326
 0 327
 0 328
 0 329
 3 330
 2 331
 3 332
 1 333
 2 334
 3 335
 2 336
 0 337
 0 338
 2 339
 2 340
 1 341
 2 342
 7 343
 2 344
 3 345
 1 346
 2 347
 4 348
 0 349
 2 350
 1 351
 0 352
 2 353
 3 354
 0 355
 2 356
 0 357
 1 358
 0 359
 0 360
 3 361
 0 362
 1 363
 1 364
 2 365
 1 366
 2 367
 1 368
 1 369
 1 370
 1 371
 1 372
 2 373
 0 374
 0 375
 0 376
 1 377
 1 378
 1 379
 2 380
 1 381
 1 382
 0 383
 0 384
 1 385
 0 386
 1 387
 0 388
 0 389
 0 390
 1 391
 0 392
 0 393
 1 394
 0 395
 1 396
 0 397
 0 398
 0 399
 0 400
 0 401
 1 402
 0 403
 0 404
 0 405
 0 406
 0 407
 0 408
 0 409
 0 410
 0 411
 0 412
 0 413
 0 414
 0 415
 1 416
 0 417
 0 418
 0 419
 0 420
 0 421
 0 422
 1 423
 0 424
 0 425
 0 426
 0 427
 0 428
 0 429
 0 430
 0 431
 0 432
 0 433
 0 434
 0 435
 0 436
 0 437
 0 438
 0 439
 0 440
 0 441
 0 442
 0 443
 0 444
 0 445
 0 446
 0 447
 0 448
 0 449
 0 450
 0 451
 0 452
 0 453
 0 454
 0 455
 0 456
 0 457
 0 458
 1 459
 0 460
 0 461
 0 462
 0 463
 0 464
 0 465
 0 466
 0 467
 0 468
 0 469
 0 470
 0 471
 0 472
 0 473
 0 474
 0 475
 0 476
 0 477
 0 478
 0 479
 0 480
 0 481
 0 482
 0 483
 0 484
 0 485
 0 486
 0 487
 0 488
 0 489
 0 490
 0 491
 0 492
 0 493
 0 494
 0 495
 0 496
 0 497
 0 498
 0 499
 0 500
 0 501
 0 502
 0 503
 0 504
 0 505
 0 506
 0 507
 0 508
 0 509
 0 510
 0 511
 0 512
 0 513
 0 514
 0 515
 0 516
 0 517
 0 518
 0 519
 0 520
 0 521
 0 522
 0 523
 0 524
 0 525
 0 526
 0 527
 0 528
 0 529
 0 530
 0 531
 0 532
 0 533
 0 534
 0 535
 0 536
 0 537
 0 538
 0 539
 0 540
 0 541
 0 542
 0 543
 0 544
 0 545
 0 546
 0 547
 0 548
 0 549
 0 550
 0 551
 0 552
 0 553
 0 554
 0 555
 0 556
 0 557
 0 558
 0 559
 0 560
 0 561
 0 562
 0 563
 0 564
 0 565
 0 566
 0 567
 0 568
 0 569
 0 570
 0 571
 0 572
 0 573
 0 574
 0 575
 0 576
 0 577
 0 578
 0 579
 0 580
 0 581
 0 582
 0 583
 0 584
 0 585
 0 586
 0 587
 0 588
 0 589
 0 590
 0 591
 0 592
 0 593
 0 594
 0 595
 0 596
 0 597
 0 598
 0 599
 0 600


