# Created by Octave 3.8.2, Mon Jun 22 11:11:20 2020 CEST <damian@fptrucha.inv.usc.es>
# name: hd
# type: matrix
# rows: 551
# columns: 2
 0 50
 0 51
 0 52
 0 53
 0 54
 0 55
 0 56
 0 57
 0 58
 0 59
 0 60
 0 61
 0 62
 0 63
 0 64
 0 65
 0 66
 0 67
 0 68
 0 69
 0 70
 0 71
 0 72
 0 73
 0 74
 0 75
 0 76
 0 77
 0 78
 0 79
 0 80
 0 81
 0 82
 0 83
 0 84
 0 85
 0 86
 0 87
 1 88
 8 89
 52 90
 121 91
 190 92
 297 93
 386 94
 564 95
 868 96
 1273 97
 1420 98
 1563 99
 1691 100
 1686 101
 1782 102
 1772 103
 1733 104
 1633 105
 1546 106
 1441 107
 1298 108
 1214 109
 1166 110
 990 111
 947 112
 822 113
 737 114
 669 115
 622 116
 559 117
 470 118
 431 119
 400 120
 328 121
 334 122
 306 123
 252 124
 243 125
 227 126
 190 127
 161 128
 139 129
 156 130
 152 131
 154 132
 130 133
 105 134
 112 135
 118 136
 88 137
 95 138
 90 139
 66 140
 78 141
 67 142
 69 143
 62 144
 54 145
 53 146
 43 147
 45 148
 54 149
 50 150
 36 151
 33 152
 32 153
 33 154
 30 155
 34 156
 29 157
 25 158
 33 159
 29 160
 23 161
 15 162
 21 163
 21 164
 20 165
 14 166
 23 167
 10 168
 15 169
 12 170
 12 171
 4 172
 3 173
 10 174
 6 175
 10 176
 3 177
 10 178
 11 179
 10 180
 7 181
 6 182
 6 183
 7 184
 5 185
 4 186
 1 187
 4 188
 0 189
 4 190
 3 191
 3 192
 3 193
 2 194
 2 195
 2 196
 2 197
 1 198
 0 199
 2 200
 1 201
 3 202
 1 203
 0 204
 1 205
 1 206
 0 207
 0 208
 1 209
 1 210
 2 211
 0 212
 0 213
 0 214
 0 215
 1 216
 0 217
 0 218
 0 219
 0 220
 0 221
 0 222
 0 223
 0 224
 2 225
 0 226
 0 227
 0 228
 0 229
 0 230
 0 231
 0 232
 0 233
 0 234
 0 235
 0 236
 0 237
 0 238
 0 239
 0 240
 1 241
 0 242
 0 243
 0 244
 0 245
 0 246
 0 247
 0 248
 0 249
 0 250
 0 251
 0 252
 0 253
 0 254
 0 255
 0 256
 0 257
 0 258
 0 259
 0 260
 0 261
 0 262
 0 263
 0 264
 0 265
 0 266
 0 267
 0 268
 0 269
 0 270
 0 271
 0 272
 0 273
 0 274
 0 275
 0 276
 1 277
 0 278
 0 279
 0 280
 2 281
 0 282
 0 283
 0 284
 0 285
 1 286
 2 287
 0 288
 1 289
 0 290
 1 291
 2 292
 1 293
 0 294
 1 295
 2 296
 3 297
 1 298
 1 299
 1 300
 0 301
 4 302
 1 303
 2 304
 1 305
 1 306
 0 307
 3 308
 4 309
 0 310
 2 311
 4 312
 1 313
 1 314
 2 315
 2 316
 3 317
 3 318
 2 319
 2 320
 0 321
 3 322
 3 323
 1 324
 3 325
 2 326
 4 327
 4 328
 4 329
 2 330
 3 331
 4 332
 5 333
 0 334
 3 335
 4 336
 3 337
 3 338
 1 339
 2 340
 0 341
 3 342
 4 343
 3 344
 2 345
 4 346
 1 347
 2 348
 2 349
 4 350
 4 351
 0 352
 0 353
 4 354
 2 355
 4 356
 0 357
 2 358
 0 359
 3 360
 1 361
 1 362
 3 363
 2 364
 1 365
 2 366
 0 367
 2 368
 1 369
 2 370
 1 371
 0 372
 3 373
 0 374
 0 375
 0 376
 0 377
 1 378
 1 379
 0 380
 0 381
 0 382
 0 383
 1 384
 2 385
 0 386
 0 387
 0 388
 0 389
 0 390
 0 391
 2 392
 0 393
 0 394
 0 395
 0 396
 0 397
 0 398
 1 399
 0 400
 0 401
 0 402
 0 403
 1 404
 0 405
 0 406
 0 407
 1 408
 0 409
 0 410
 0 411
 0 412
 0 413
 0 414
 0 415
 0 416
 0 417
 0 418
 0 419
 0 420
 0 421
 0 422
 0 423
 0 424
 0 425
 0 426
 0 427
 0 428
 0 429
 0 430
 0 431
 0 432
 0 433
 0 434
 0 435
 0 436
 0 437
 0 438
 0 439
 0 440
 0 441
 0 442
 0 443
 0 444
 0 445
 0 446
 0 447
 0 448
 0 449
 0 450
 0 451
 0 452
 0 453
 0 454
 0 455
 0 456
 0 457
 0 458
 0 459
 0 460
 0 461
 0 462
 0 463
 0 464
 0 465
 0 466
 0 467
 0 468
 0 469
 0 470
 0 471
 0 472
 0 473
 0 474
 0 475
 0 476
 0 477
 0 478
 0 479
 0 480
 0 481
 0 482
 0 483
 0 484
 0 485
 0 486
 0 487
 0 488
 0 489
 0 490
 0 491
 0 492
 0 493
 0 494
 0 495
 0 496
 0 497
 0 498
 0 499
 0 500
 0 501
 0 502
 0 503
 0 504
 0 505
 0 506
 0 507
 0 508
 0 509
 0 510
 0 511
 0 512
 0 513
 0 514
 0 515
 0 516
 0 517
 0 518
 0 519
 0 520
 0 521
 0 522
 0 523
 0 524
 0 525
 0 526
 0 527
 0 528
 0 529
 0 530
 0 531
 0 532
 0 533
 0 534
 0 535
 0 536
 0 537
 0 538
 0 539
 0 540
 0 541
 0 542
 0 543
 0 544
 0 545
 0 546
 0 547
 0 548
 0 549
 0 550
 0 551
 0 552
 0 553
 0 554
 0 555
 0 556
 0 557
 0 558
 0 559
 0 560
 0 561
 0 562
 0 563
 0 564
 0 565
 0 566
 0 567
 0 568
 0 569
 0 570
 0 571
 0 572
 0 573
 0 574
 0 575
 0 576
 0 577
 0 578
 0 579
 0 580
 0 581
 0 582
 0 583
 0 584
 0 585
 0 586
 0 587
 0 588
 0 589
 0 590
 0 591
 0 592
 0 593
 0 594
 0 595
 0 596
 0 597
 0 598
 0 599
 0 600


