# Created by Octave 3.8.2, Sat Jun 20 21:01:04 2020 CEST <damian@fptrucha.inv.usc.es>
# name: hd
# type: matrix
# rows: 551
# columns: 2
 0 50
 0 51
 0 52
 0 53
 0 54
 0 55
 0 56
 0 57
 0 58
 0 59
 0 60
 0 61
 0 62
 0 63
 0 64
 0 65
 0 66
 0 67
 0 68
 0 69
 0 70
 0 71
 0 72
 0 73
 0 74
 0 75
 0 76
 0 77
 0 78
 0 79
 0 80
 0 81
 0 82
 0 83
 0 84
 0 85
 0 86
 3 87
 4 88
 19 89
 64 90
 126 91
 206 92
 285 93
 413 94
 512 95
 769 96
 1069 97
 1219 98
 1311 99
 1450 100
 1571 101
 1597 102
 1506 103
 1522 104
 1508 105
 1436 106
 1319 107
 1312 108
 1288 109
 1107 110
 1029 111
 980 112
 930 113
 889 114
 768 115
 764 116
 637 117
 583 118
 540 119
 516 120
 452 121
 383 122
 325 123
 324 124
 265 125
 232 126
 231 127
 228 128
 166 129
 175 130
 136 131
 130 132
 133 133
 150 134
 125 135
 100 136
 107 137
 94 138
 87 139
 70 140
 62 141
 71 142
 66 143
 55 144
 58 145
 55 146
 54 147
 65 148
 56 149
 27 150
 38 151
 44 152
 35 153
 24 154
 30 155
 26 156
 38 157
 21 158
 26 159
 31 160
 24 161
 22 162
 18 163
 15 164
 8 165
 9 166
 10 167
 14 168
 7 169
 12 170
 9 171
 16 172
 2 173
 6 174
 2 175
 6 176
 5 177
 11 178
 7 179
 1 180
 5 181
 4 182
 6 183
 2 184
 8 185
 2 186
 2 187
 5 188
 1 189
 2 190
 2 191
 1 192
 1 193
 1 194
 4 195
 1 196
 1 197
 1 198
 0 199
 0 200
 1 201
 1 202
 0 203
 2 204
 0 205
 0 206
 1 207
 1 208
 1 209
 0 210
 1 211
 4 212
 0 213
 0 214
 0 215
 0 216
 0 217
 0 218
 0 219
 0 220
 0 221
 1 222
 0 223
 1 224
 1 225
 0 226
 0 227
 0 228
 0 229
 0 230
 0 231
 0 232
 0 233
 0 234
 1 235
 0 236
 0 237
 0 238
 0 239
 0 240
 0 241
 0 242
 0 243
 0 244
 0 245
 0 246
 0 247
 0 248
 0 249
 1 250
 0 251
 0 252
 0 253
 0 254
 0 255
 0 256
 0 257
 0 258
 0 259
 0 260
 0 261
 0 262
 0 263
 0 264
 0 265
 0 266
 0 267
 0 268
 0 269
 0 270
 0 271
 0 272
 0 273
 0 274
 0 275
 0 276
 0 277
 0 278
 0 279
 0 280
 0 281
 1 282
 0 283
 0 284
 0 285
 0 286
 1 287
 0 288
 0 289
 0 290
 0 291
 1 292
 0 293
 1 294
 2 295
 1 296
 0 297
 0 298
 2 299
 0 300
 1 301
 0 302
 0 303
 0 304
 0 305
 0 306
 0 307
 1 308
 3 309
 0 310
 0 311
 1 312
 0 313
 1 314
 2 315
 2 316
 1 317
 0 318
 2 319
 3 320
 0 321
 3 322
 4 323
 1 324
 4 325
 2 326
 0 327
 2 328
 4 329
 5 330
 4 331
 2 332
 0 333
 2 334
 0 335
 1 336
 3 337
 0 338
 1 339
 2 340
 0 341
 2 342
 4 343
 1 344
 0 345
 0 346
 4 347
 1 348
 3 349
 1 350
 1 351
 1 352
 1 353
 4 354
 1 355
 1 356
 0 357
 2 358
 0 359
 2 360
 1 361
 1 362
 0 363
 0 364
 0 365
 1 366
 0 367
 0 368
 2 369
 0 370
 3 371
 2 372
 0 373
 2 374
 3 375
 0 376
 0 377
 1 378
 0 379
 0 380
 0 381
 1 382
 0 383
 0 384
 0 385
 0 386
 1 387
 1 388
 1 389
 0 390
 0 391
 0 392
 0 393
 0 394
 0 395
 0 396
 0 397
 0 398
 0 399
 1 400
 0 401
 0 402
 0 403
 0 404
 0 405
 0 406
 0 407
 0 408
 0 409
 0 410
 0 411
 1 412
 0 413
 0 414
 1 415
 0 416
 0 417
 0 418
 0 419
 0 420
 1 421
 0 422
 0 423
 0 424
 0 425
 0 426
 0 427
 0 428
 0 429
 0 430
 0 431
 0 432
 0 433
 0 434
 0 435
 0 436
 0 437
 0 438
 0 439
 0 440
 0 441
 0 442
 0 443
 0 444
 0 445
 0 446
 0 447
 0 448
 0 449
 0 450
 0 451
 0 452
 0 453
 0 454
 0 455
 0 456
 0 457
 0 458
 0 459
 0 460
 0 461
 0 462
 0 463
 0 464
 0 465
 0 466
 0 467
 0 468
 0 469
 0 470
 0 471
 0 472
 0 473
 0 474
 0 475
 0 476
 0 477
 0 478
 0 479
 0 480
 0 481
 0 482
 0 483
 0 484
 0 485
 0 486
 0 487
 0 488
 0 489
 0 490
 0 491
 0 492
 0 493
 0 494
 0 495
 0 496
 0 497
 0 498
 0 499
 0 500
 0 501
 0 502
 0 503
 0 504
 0 505
 0 506
 0 507
 0 508
 0 509
 0 510
 0 511
 0 512
 0 513
 0 514
 0 515
 0 516
 0 517
 0 518
 0 519
 0 520
 0 521
 0 522
 0 523
 0 524
 0 525
 0 526
 0 527
 0 528
 0 529
 0 530
 0 531
 0 532
 0 533
 0 534
 0 535
 0 536
 0 537
 0 538
 0 539
 0 540
 0 541
 0 542
 0 543
 0 544
 0 545
 0 546
 0 547
 0 548
 0 549
 0 550
 0 551
 0 552
 0 553
 0 554
 0 555
 0 556
 0 557
 0 558
 0 559
 0 560
 0 561
 0 562
 0 563
 0 564
 0 565
 0 566
 0 567
 0 568
 0 569
 0 570
 0 571
 0 572
 0 573
 0 574
 0 575
 0 576
 0 577
 0 578
 0 579
 0 580
 0 581
 0 582
 0 583
 0 584
 0 585
 0 586
 0 587
 0 588
 0 589
 0 590
 0 591
 0 592
 0 593
 0 594
 0 595
 0 596
 0 597
 0 598
 0 599
 0 600


