# Created by Octave 3.8.2, Sat Jun 20 18:22:04 2020 CEST <damian@fptrucha.inv.usc.es>
# name: hd
# type: matrix
# rows: 551
# columns: 2
 0 50
 0 51
 0 52
 0 53
 0 54
 0 55
 0 56
 0 57
 0 58
 0 59
 0 60
 0 61
 1 62
 0 63
 0 64
 0 65
 0 66
 0 67
 0 68
 0 69
 0 70
 0 71
 0 72
 0 73
 0 74
 0 75
 0 76
 0 77
 0 78
 0 79
 0 80
 0 81
 0 82
 0 83
 0 84
 0 85
 0 86
 6 87
 9 88
 11 89
 75 90
 133 91
 216 92
 268 93
 377 94
 528 95
 797 96
 1063 97
 1274 98
 1364 99
 1543 100
 1595 101
 1575 102
 1620 103
 1556 104
 1516 105
 1468 106
 1457 107
 1344 108
 1264 109
 1140 110
 1040 111
 1047 112
 949 113
 797 114
 784 115
 702 116
 661 117
 603 118
 569 119
 491 120
 474 121
 435 122
 399 123
 349 124
 282 125
 277 126
 259 127
 218 128
 209 129
 202 130
 188 131
 156 132
 150 133
 137 134
 141 135
 115 136
 104 137
 94 138
 104 139
 85 140
 90 141
 63 142
 73 143
 69 144
 48 145
 34 146
 49 147
 48 148
 59 149
 47 150
 32 151
 40 152
 35 153
 27 154
 27 155
 24 156
 27 157
 23 158
 29 159
 18 160
 20 161
 21 162
 20 163
 14 164
 19 165
 18 166
 14 167
 14 168
 6 169
 17 170
 5 171
 12 172
 7 173
 7 174
 8 175
 6 176
 5 177
 7 178
 1 179
 3 180
 4 181
 1 182
 2 183
 5 184
 3 185
 2 186
 3 187
 4 188
 2 189
 0 190
 2 191
 3 192
 2 193
 0 194
 1 195
 4 196
 3 197
 1 198
 1 199
 4 200
 1 201
 3 202
 2 203
 0 204
 1 205
 2 206
 0 207
 0 208
 1 209
 0 210
 2 211
 0 212
 1 213
 0 214
 0 215
 2 216
 0 217
 0 218
 0 219
 0 220
 0 221
 0 222
 0 223
 0 224
 0 225
 0 226
 0 227
 0 228
 0 229
 0 230
 0 231
 0 232
 0 233
 0 234
 0 235
 1 236
 0 237
 0 238
 0 239
 0 240
 0 241
 0 242
 0 243
 0 244
 0 245
 0 246
 0 247
 0 248
 0 249
 0 250
 0 251
 0 252
 0 253
 0 254
 0 255
 0 256
 0 257
 0 258
 0 259
 0 260
 0 261
 0 262
 0 263
 0 264
 0 265
 0 266
 0 267
 0 268
 0 269
 0 270
 0 271
 0 272
 0 273
 0 274
 0 275
 0 276
 1 277
 0 278
 0 279
 0 280
 0 281
 0 282
 0 283
 0 284
 0 285
 0 286
 0 287
 0 288
 0 289
 0 290
 0 291
 0 292
 0 293
 0 294
 1 295
 0 296
 0 297
 1 298
 0 299
 1 300
 1 301
 1 302
 2 303
 2 304
 0 305
 1 306
 1 307
 2 308
 2 309
 1 310
 2 311
 2 312
 2 313
 0 314
 0 315
 1 316
 4 317
 4 318
 2 319
 0 320
 2 321
 3 322
 6 323
 2 324
 1 325
 0 326
 0 327
 1 328
 2 329
 1 330
 2 331
 1 332
 0 333
 1 334
 4 335
 1 336
 2 337
 2 338
 1 339
 1 340
 0 341
 0 342
 3 343
 1 344
 2 345
 2 346
 1 347
 2 348
 4 349
 1 350
 0 351
 3 352
 3 353
 2 354
 0 355
 0 356
 2 357
 1 358
 3 359
 1 360
 4 361
 0 362
 2 363
 1 364
 1 365
 3 366
 1 367
 1 368
 0 369
 0 370
 0 371
 0 372
 2 373
 1 374
 1 375
 0 376
 0 377
 0 378
 0 379
 1 380
 0 381
 0 382
 1 383
 0 384
 1 385
 1 386
 1 387
 0 388
 0 389
 0 390
 0 391
 0 392
 0 393
 0 394
 0 395
 0 396
 0 397
 0 398
 1 399
 1 400
 0 401
 0 402
 0 403
 1 404
 0 405
 1 406
 0 407
 0 408
 0 409
 0 410
 0 411
 0 412
 0 413
 0 414
 0 415
 0 416
 0 417
 0 418
 0 419
 0 420
 1 421
 0 422
 0 423
 0 424
 0 425
 0 426
 0 427
 0 428
 0 429
 0 430
 0 431
 0 432
 0 433
 0 434
 0 435
 0 436
 0 437
 0 438
 0 439
 0 440
 0 441
 0 442
 0 443
 0 444
 0 445
 0 446
 0 447
 0 448
 0 449
 0 450
 0 451
 0 452
 0 453
 0 454
 0 455
 0 456
 0 457
 0 458
 0 459
 0 460
 0 461
 0 462
 0 463
 0 464
 0 465
 0 466
 0 467
 0 468
 0 469
 0 470
 0 471
 0 472
 0 473
 0 474
 0 475
 0 476
 0 477
 0 478
 0 479
 0 480
 0 481
 0 482
 0 483
 0 484
 0 485
 0 486
 0 487
 0 488
 0 489
 0 490
 0 491
 0 492
 0 493
 0 494
 0 495
 0 496
 0 497
 0 498
 0 499
 0 500
 0 501
 0 502
 0 503
 0 504
 0 505
 0 506
 0 507
 0 508
 0 509
 0 510
 0 511
 0 512
 0 513
 0 514
 0 515
 0 516
 0 517
 0 518
 0 519
 0 520
 0 521
 0 522
 0 523
 0 524
 0 525
 0 526
 0 527
 0 528
 0 529
 0 530
 0 531
 0 532
 0 533
 0 534
 0 535
 0 536
 0 537
 0 538
 0 539
 0 540
 0 541
 0 542
 0 543
 0 544
 0 545
 0 546
 0 547
 0 548
 0 549
 0 550
 0 551
 0 552
 0 553
 0 554
 0 555
 0 556
 0 557
 0 558
 0 559
 0 560
 0 561
 0 562
 0 563
 0 564
 0 565
 0 566
 0 567
 0 568
 0 569
 0 570
 0 571
 0 572
 0 573
 0 574
 0 575
 0 576
 0 577
 0 578
 0 579
 0 580
 0 581
 0 582
 0 583
 0 584
 0 585
 0 586
 0 587
 0 588
 0 589
 0 590
 0 591
 0 592
 0 593
 0 594
 0 595
 0 596
 0 597
 0 598
 0 599
 0 600


