# Created by Octave 3.8.2, Sat Jun 20 16:30:03 2020 CEST <damian@fptrucha.inv.usc.es>
# name: hd
# type: matrix
# rows: 551
# columns: 2
 0 50
 0 51
 0 52
 0 53
 0 54
 0 55
 0 56
 0 57
 0 58
 0 59
 0 60
 0 61
 0 62
 0 63
 0 64
 0 65
 0 66
 0 67
 0 68
 0 69
 0 70
 0 71
 0 72
 0 73
 0 74
 0 75
 0 76
 0 77
 0 78
 0 79
 0 80
 0 81
 0 82
 0 83
 0 84
 0 85
 1 86
 3 87
 5 88
 23 89
 84 90
 127 91
 212 92
 314 93
 400 94
 571 95
 886 96
 1106 97
 1300 98
 1446 99
 1596 100
 1638 101
 1667 102
 1633 103
 1652 104
 1542 105
 1488 106
 1395 107
 1335 108
 1265 109
 1189 110
 1087 111
 1074 112
 939 113
 882 114
 765 115
 722 116
 653 117
 635 118
 555 119
 516 120
 455 121
 402 122
 356 123
 351 124
 277 125
 268 126
 246 127
 209 128
 207 129
 174 130
 182 131
 153 132
 140 133
 128 134
 129 135
 115 136
 100 137
 83 138
 101 139
 69 140
 82 141
 85 142
 70 143
 63 144
 49 145
 56 146
 44 147
 44 148
 53 149
 34 150
 40 151
 38 152
 46 153
 33 154
 33 155
 30 156
 39 157
 39 158
 22 159
 21 160
 21 161
 14 162
 14 163
 19 164
 28 165
 15 166
 15 167
 11 168
 7 169
 8 170
 6 171
 8 172
 9 173
 8 174
 5 175
 8 176
 5 177
 2 178
 5 179
 12 180
 3 181
 7 182
 5 183
 3 184
 4 185
 5 186
 2 187
 2 188
 3 189
 2 190
 6 191
 1 192
 3 193
 3 194
 1 195
 1 196
 2 197
 3 198
 0 199
 0 200
 0 201
 1 202
 3 203
 0 204
 1 205
 0 206
 0 207
 0 208
 2 209
 1 210
 0 211
 1 212
 0 213
 0 214
 1 215
 0 216
 2 217
 0 218
 0 219
 1 220
 0 221
 0 222
 0 223
 0 224
 0 225
 0 226
 0 227
 0 228
 0 229
 2 230
 0 231
 1 232
 0 233
 0 234
 0 235
 0 236
 0 237
 0 238
 0 239
 0 240
 0 241
 0 242
 0 243
 0 244
 0 245
 0 246
 1 247
 0 248
 0 249
 0 250
 0 251
 0 252
 0 253
 0 254
 0 255
 0 256
 0 257
 0 258
 0 259
 0 260
 0 261
 0 262
 0 263
 0 264
 0 265
 0 266
 0 267
 0 268
 0 269
 0 270
 0 271
 0 272
 0 273
 0 274
 0 275
 0 276
 0 277
 0 278
 1 279
 1 280
 0 281
 0 282
 0 283
 0 284
 0 285
 0 286
 0 287
 0 288
 0 289
 0 290
 1 291
 2 292
 1 293
 0 294
 1 295
 2 296
 0 297
 2 298
 1 299
 0 300
 3 301
 0 302
 0 303
 1 304
 2 305
 0 306
 2 307
 2 308
 1 309
 0 310
 2 311
 2 312
 2 313
 2 314
 2 315
 1 316
 2 317
 2 318
 3 319
 1 320
 3 321
 0 322
 2 323
 1 324
 4 325
 2 326
 2 327
 1 328
 2 329
 1 330
 1 331
 3 332
 4 333
 2 334
 2 335
 1 336
 0 337
 3 338
 4 339
 2 340
 1 341
 1 342
 1 343
 1 344
 0 345
 1 346
 3 347
 0 348
 2 349
 0 350
 1 351
 2 352
 1 353
 2 354
 2 355
 2 356
 0 357
 1 358
 2 359
 2 360
 0 361
 0 362
 1 363
 0 364
 2 365
 2 366
 2 367
 1 368
 1 369
 1 370
 1 371
 0 372
 2 373
 2 374
 2 375
 1 376
 0 377
 0 378
 0 379
 0 380
 0 381
 1 382
 0 383
 0 384
 0 385
 0 386
 0 387
 0 388
 1 389
 1 390
 0 391
 1 392
 0 393
 0 394
 0 395
 0 396
 0 397
 0 398
 0 399
 0 400
 0 401
 0 402
 0 403
 1 404
 0 405
 0 406
 0 407
 0 408
 0 409
 0 410
 0 411
 0 412
 0 413
 0 414
 0 415
 0 416
 1 417
 0 418
 0 419
 0 420
 0 421
 0 422
 0 423
 0 424
 0 425
 0 426
 0 427
 0 428
 0 429
 0 430
 0 431
 0 432
 0 433
 0 434
 0 435
 0 436
 0 437
 0 438
 0 439
 0 440
 0 441
 0 442
 0 443
 0 444
 0 445
 0 446
 0 447
 0 448
 0 449
 0 450
 0 451
 0 452
 0 453
 0 454
 0 455
 0 456
 0 457
 0 458
 0 459
 0 460
 0 461
 0 462
 0 463
 0 464
 0 465
 0 466
 0 467
 0 468
 0 469
 0 470
 0 471
 0 472
 0 473
 0 474
 0 475
 0 476
 0 477
 0 478
 0 479
 0 480
 0 481
 0 482
 0 483
 0 484
 0 485
 0 486
 0 487
 0 488
 0 489
 0 490
 0 491
 0 492
 0 493
 0 494
 0 495
 0 496
 0 497
 0 498
 0 499
 0 500
 0 501
 0 502
 0 503
 0 504
 0 505
 0 506
 0 507
 0 508
 0 509
 0 510
 0 511
 0 512
 0 513
 0 514
 0 515
 0 516
 0 517
 0 518
 0 519
 0 520
 0 521
 0 522
 0 523
 0 524
 0 525
 0 526
 0 527
 0 528
 0 529
 0 530
 0 531
 0 532
 0 533
 0 534
 0 535
 0 536
 0 537
 0 538
 0 539
 0 540
 0 541
 0 542
 0 543
 0 544
 0 545
 0 546
 0 547
 0 548
 0 549
 0 550
 0 551
 0 552
 0 553
 0 554
 0 555
 0 556
 0 557
 0 558
 0 559
 0 560
 0 561
 0 562
 0 563
 0 564
 0 565
 0 566
 0 567
 0 568
 0 569
 0 570
 0 571
 0 572
 0 573
 0 574
 0 575
 0 576
 0 577
 0 578
 0 579
 0 580
 0 581
 0 582
 0 583
 0 584
 0 585
 0 586
 0 587
 0 588
 0 589
 0 590
 0 591
 0 592
 0 593
 0 594
 0 595
 0 596
 0 597
 0 598
 0 599
 0 600


