# Created by Octave 3.8.2, Mon Jun 22 06:53:04 2020 CEST <damian@fptrucha.inv.usc.es>
# name: hd
# type: matrix
# rows: 551
# columns: 2
 0 50
 0 51
 0 52
 0 53
 0 54
 0 55
 0 56
 0 57
 0 58
 0 59
 0 60
 0 61
 0 62
 0 63
 0 64
 0 65
 0 66
 0 67
 0 68
 0 69
 0 70
 0 71
 0 72
 0 73
 0 74
 0 75
 0 76
 0 77
 0 78
 0 79
 0 80
 0 81
 0 82
 0 83
 0 84
 0 85
 0 86
 1 87
 1 88
 10 89
 24 90
 84 91
 156 92
 259 93
 310 94
 455 95
 718 96
 1062 97
 1326 98
 1499 99
 1593 100
 1659 101
 1698 102
 1625 103
 1633 104
 1531 105
 1465 106
 1341 107
 1330 108
 1214 109
 1144 110
 980 111
 868 112
 825 113
 727 114
 651 115
 586 116
 493 117
 437 118
 415 119
 372 120
 368 121
 314 122
 266 123
 278 124
 196 125
 212 126
 182 127
 177 128
 173 129
 156 130
 133 131
 139 132
 106 133
 94 134
 113 135
 100 136
 91 137
 76 138
 84 139
 80 140
 77 141
 57 142
 57 143
 72 144
 60 145
 45 146
 50 147
 51 148
 44 149
 33 150
 48 151
 39 152
 46 153
 31 154
 31 155
 30 156
 28 157
 17 158
 27 159
 24 160
 30 161
 19 162
 17 163
 8 164
 14 165
 18 166
 14 167
 10 168
 19 169
 11 170
 8 171
 13 172
 8 173
 17 174
 14 175
 7 176
 8 177
 13 178
 5 179
 5 180
 4 181
 10 182
 2 183
 4 184
 6 185
 6 186
 5 187
 2 188
 3 189
 2 190
 4 191
 0 192
 0 193
 6 194
 2 195
 1 196
 2 197
 2 198
 2 199
 4 200
 0 201
 1 202
 1 203
 3 204
 1 205
 2 206
 1 207
 1 208
 0 209
 1 210
 0 211
 0 212
 0 213
 0 214
 0 215
 0 216
 0 217
 1 218
 0 219
 0 220
 1 221
 0 222
 0 223
 1 224
 0 225
 0 226
 0 227
 0 228
 0 229
 0 230
 0 231
 0 232
 0 233
 0 234
 0 235
 0 236
 0 237
 0 238
 0 239
 0 240
 0 241
 0 242
 0 243
 0 244
 0 245
 0 246
 0 247
 0 248
 0 249
 0 250
 0 251
 0 252
 0 253
 0 254
 0 255
 0 256
 0 257
 0 258
 0 259
 0 260
 0 261
 0 262
 0 263
 0 264
 0 265
 0 266
 0 267
 0 268
 0 269
 0 270
 0 271
 0 272
 0 273
 0 274
 0 275
 0 276
 0 277
 1 278
 1 279
 0 280
 0 281
 0 282
 2 283
 0 284
 0 285
 0 286
 0 287
 0 288
 0 289
 1 290
 3 291
 0 292
 0 293
 0 294
 0 295
 0 296
 0 297
 1 298
 3 299
 1 300
 2 301
 0 302
 3 303
 1 304
 3 305
 1 306
 3 307
 3 308
 0 309
 3 310
 4 311
 2 312
 1 313
 1 314
 1 315
 3 316
 5 317
 6 318
 3 319
 2 320
 1 321
 1 322
 3 323
 2 324
 4 325
 3 326
 4 327
 1 328
 1 329
 2 330
 4 331
 3 332
 2 333
 3 334
 1 335
 4 336
 1 337
 1 338
 2 339
 4 340
 3 341
 1 342
 5 343
 2 344
 0 345
 2 346
 3 347
 2 348
 7 349
 4 350
 2 351
 4 352
 5 353
 2 354
 4 355
 4 356
 3 357
 4 358
 1 359
 2 360
 1 361
 2 362
 1 363
 4 364
 1 365
 0 366
 0 367
 2 368
 1 369
 1 370
 3 371
 0 372
 1 373
 0 374
 1 375
 2 376
 0 377
 1 378
 1 379
 2 380
 1 381
 3 382
 1 383
 2 384
 1 385
 0 386
 0 387
 1 388
 0 389
 0 390
 0 391
 0 392
 0 393
 0 394
 0 395
 0 396
 1 397
 0 398
 0 399
 0 400
 0 401
 1 402
 1 403
 0 404
 0 405
 0 406
 1 407
 0 408
 0 409
 0 410
 1 411
 0 412
 0 413
 0 414
 0 415
 0 416
 0 417
 0 418
 0 419
 0 420
 0 421
 0 422
 0 423
 0 424
 1 425
 0 426
 0 427
 0 428
 0 429
 0 430
 0 431
 0 432
 0 433
 0 434
 0 435
 0 436
 0 437
 0 438
 0 439
 0 440
 0 441
 0 442
 0 443
 0 444
 0 445
 0 446
 0 447
 0 448
 0 449
 0 450
 0 451
 0 452
 0 453
 0 454
 0 455
 0 456
 0 457
 0 458
 0 459
 0 460
 0 461
 0 462
 0 463
 0 464
 0 465
 0 466
 0 467
 0 468
 0 469
 0 470
 0 471
 0 472
 0 473
 0 474
 0 475
 0 476
 0 477
 0 478
 0 479
 0 480
 0 481
 0 482
 0 483
 0 484
 0 485
 0 486
 0 487
 0 488
 0 489
 0 490
 0 491
 0 492
 0 493
 0 494
 0 495
 0 496
 0 497
 0 498
 0 499
 0 500
 0 501
 0 502
 0 503
 0 504
 0 505
 0 506
 0 507
 0 508
 0 509
 0 510
 0 511
 0 512
 0 513
 0 514
 0 515
 0 516
 0 517
 0 518
 0 519
 0 520
 0 521
 0 522
 0 523
 0 524
 0 525
 0 526
 0 527
 0 528
 0 529
 0 530
 0 531
 0 532
 0 533
 0 534
 0 535
 0 536
 0 537
 0 538
 0 539
 0 540
 0 541
 0 542
 0 543
 0 544
 0 545
 0 546
 0 547
 0 548
 0 549
 0 550
 0 551
 0 552
 0 553
 0 554
 0 555
 0 556
 0 557
 0 558
 0 559
 0 560
 0 561
 0 562
 0 563
 0 564
 0 565
 0 566
 0 567
 0 568
 0 569
 0 570
 0 571
 0 572
 0 573
 0 574
 0 575
 0 576
 0 577
 0 578
 0 579
 0 580
 0 581
 0 582
 0 583
 0 584
 0 585
 0 586
 0 587
 0 588
 0 589
 0 590
 0 591
 0 592
 0 593
 0 594
 0 595
 0 596
 0 597
 0 598
 0 599
 0 600


