# Created by Octave 3.8.2, Sat Jun 20 15:59:15 2020 CEST <damian@fptrucha.inv.usc.es>
# name: hd
# type: matrix
# rows: 551
# columns: 2
 0 50
 0 51
 0 52
 0 53
 0 54
 0 55
 0 56
 0 57
 0 58
 0 59
 0 60
 0 61
 0 62
 0 63
 0 64
 0 65
 0 66
 0 67
 0 68
 0 69
 0 70
 0 71
 0 72
 0 73
 0 74
 0 75
 0 76
 0 77
 0 78
 0 79
 0 80
 0 81
 0 82
 0 83
 0 84
 0 85
 0 86
 3 87
 10 88
 14 89
 70 90
 146 91
 213 92
 270 93
 372 94
 582 95
 840 96
 1128 97
 1380 98
 1417 99
 1626 100
 1680 101
 1663 102
 1612 103
 1591 104
 1544 105
 1430 106
 1434 107
 1328 108
 1288 109
 1162 110
 1135 111
 1052 112
 965 113
 806 114
 809 115
 724 116
 663 117
 598 118
 569 119
 480 120
 433 121
 421 122
 352 123
 343 124
 283 125
 275 126
 241 127
 244 128
 205 129
 184 130
 149 131
 148 132
 153 133
 131 134
 116 135
 95 136
 102 137
 89 138
 85 139
 81 140
 81 141
 80 142
 54 143
 61 144
 57 145
 52 146
 44 147
 51 148
 41 149
 39 150
 40 151
 29 152
 30 153
 43 154
 35 155
 28 156
 27 157
 33 158
 25 159
 28 160
 18 161
 23 162
 20 163
 19 164
 16 165
 8 166
 13 167
 15 168
 9 169
 14 170
 10 171
 7 172
 10 173
 8 174
 10 175
 11 176
 3 177
 7 178
 6 179
 8 180
 6 181
 7 182
 5 183
 8 184
 3 185
 2 186
 4 187
 0 188
 1 189
 4 190
 4 191
 2 192
 0 193
 2 194
 1 195
 3 196
 2 197
 0 198
 0 199
 1 200
 1 201
 1 202
 1 203
 2 204
 1 205
 1 206
 2 207
 0 208
 1 209
 0 210
 0 211
 1 212
 1 213
 0 214
 0 215
 0 216
 0 217
 0 218
 1 219
 0 220
 1 221
 0 222
 1 223
 0 224
 1 225
 0 226
 0 227
 0 228
 0 229
 1 230
 0 231
 0 232
 0 233
 0 234
 0 235
 0 236
 0 237
 0 238
 0 239
 0 240
 0 241
 0 242
 0 243
 0 244
 0 245
 0 246
 0 247
 0 248
 0 249
 0 250
 0 251
 0 252
 0 253
 0 254
 0 255
 0 256
 0 257
 0 258
 0 259
 0 260
 0 261
 0 262
 0 263
 0 264
 0 265
 0 266
 0 267
 0 268
 0 269
 0 270
 0 271
 0 272
 0 273
 0 274
 0 275
 0 276
 0 277
 0 278
 0 279
 0 280
 0 281
 0 282
 0 283
 0 284
 0 285
 2 286
 0 287
 0 288
 0 289
 0 290
 1 291
 0 292
 1 293
 2 294
 0 295
 0 296
 0 297
 1 298
 2 299
 2 300
 1 301
 0 302
 1 303
 2 304
 1 305
 1 306
 0 307
 0 308
 2 309
 0 310
 0 311
 0 312
 0 313
 0 314
 1 315
 1 316
 2 317
 2 318
 2 319
 3 320
 1 321
 0 322
 1 323
 2 324
 1 325
 2 326
 0 327
 5 328
 0 329
 1 330
 3 331
 2 332
 1 333
 1 334
 1 335
 2 336
 4 337
 0 338
 1 339
 0 340
 1 341
 1 342
 2 343
 1 344
 2 345
 3 346
 0 347
 1 348
 2 349
 1 350
 2 351
 2 352
 3 353
 1 354
 0 355
 0 356
 2 357
 0 358
 0 359
 1 360
 2 361
 0 362
 0 363
 0 364
 2 365
 1 366
 0 367
 0 368
 1 369
 3 370
 0 371
 0 372
 0 373
 0 374
 0 375
 1 376
 0 377
 2 378
 0 379
 1 380
 0 381
 2 382
 0 383
 0 384
 2 385
 0 386
 0 387
 2 388
 1 389
 0 390
 1 391
 1 392
 1 393
 0 394
 0 395
 0 396
 2 397
 0 398
 0 399
 0 400
 0 401
 0 402
 0 403
 0 404
 0 405
 0 406
 1 407
 0 408
 0 409
 0 410
 0 411
 0 412
 0 413
 0 414
 0 415
 0 416
 0 417
 0 418
 0 419
 0 420
 0 421
 0 422
 0 423
 0 424
 0 425
 0 426
 1 427
 0 428
 0 429
 0 430
 0 431
 0 432
 0 433
 0 434
 0 435
 0 436
 0 437
 0 438
 0 439
 0 440
 0 441
 0 442
 0 443
 0 444
 0 445
 0 446
 0 447
 0 448
 0 449
 0 450
 0 451
 0 452
 0 453
 0 454
 0 455
 0 456
 0 457
 0 458
 0 459
 0 460
 0 461
 0 462
 0 463
 0 464
 0 465
 0 466
 0 467
 0 468
 0 469
 0 470
 0 471
 0 472
 0 473
 0 474
 0 475
 0 476
 0 477
 0 478
 0 479
 0 480
 0 481
 0 482
 0 483
 0 484
 0 485
 0 486
 0 487
 0 488
 0 489
 0 490
 0 491
 0 492
 0 493
 0 494
 0 495
 0 496
 0 497
 0 498
 0 499
 0 500
 0 501
 0 502
 0 503
 0 504
 0 505
 0 506
 0 507
 0 508
 0 509
 0 510
 0 511
 0 512
 0 513
 0 514
 0 515
 0 516
 0 517
 0 518
 0 519
 0 520
 0 521
 0 522
 0 523
 0 524
 0 525
 0 526
 0 527
 0 528
 0 529
 0 530
 0 531
 0 532
 0 533
 0 534
 0 535
 0 536
 0 537
 0 538
 0 539
 0 540
 0 541
 0 542
 0 543
 0 544
 0 545
 0 546
 0 547
 0 548
 0 549
 0 550
 0 551
 0 552
 0 553
 0 554
 0 555
 0 556
 0 557
 0 558
 0 559
 0 560
 0 561
 0 562
 0 563
 0 564
 0 565
 0 566
 0 567
 0 568
 0 569
 0 570
 0 571
 0 572
 0 573
 0 574
 0 575
 0 576
 0 577
 0 578
 0 579
 0 580
 0 581
 0 582
 0 583
 0 584
 0 585
 0 586
 0 587
 0 588
 0 589
 0 590
 0 591
 0 592
 0 593
 0 594
 0 595
 0 596
 0 597
 0 598
 0 599
 0 600


