# Created by Octave 3.8.2, Mon Jun 22 09:29:13 2020 CEST <damian@fptrucha.inv.usc.es>
# name: hd
# type: matrix
# rows: 551
# columns: 2
 0 50
 0 51
 0 52
 0 53
 0 54
 0 55
 0 56
 0 57
 0 58
 0 59
 0 60
 0 61
 0 62
 0 63
 0 64
 0 65
 0 66
 0 67
 0 68
 0 69
 0 70
 0 71
 0 72
 0 73
 0 74
 0 75
 0 76
 0 77
 0 78
 0 79
 0 80
 0 81
 0 82
 0 83
 0 84
 0 85
 0 86
 0 87
 3 88
 10 89
 18 90
 89 91
 156 92
 293 93
 356 94
 468 95
 667 96
 1065 97
 1307 98
 1482 99
 1523 100
 1667 101
 1729 102
 1622 103
 1530 104
 1592 105
 1521 106
 1367 107
 1268 108
 1189 109
 1192 110
 1102 111
 966 112
 834 113
 826 114
 667 115
 570 116
 579 117
 519 118
 418 119
 452 120
 397 121
 370 122
 275 123
 275 124
 247 125
 239 126
 194 127
 171 128
 146 129
 155 130
 165 131
 135 132
 120 133
 132 134
 118 135
 99 136
 111 137
 85 138
 90 139
 76 140
 61 141
 84 142
 62 143
 63 144
 57 145
 48 146
 57 147
 50 148
 51 149
 46 150
 37 151
 37 152
 40 153
 34 154
 38 155
 40 156
 32 157
 26 158
 27 159
 23 160
 29 161
 22 162
 31 163
 26 164
 17 165
 18 166
 12 167
 27 168
 10 169
 16 170
 11 171
 14 172
 12 173
 17 174
 10 175
 2 176
 13 177
 7 178
 5 179
 10 180
 10 181
 6 182
 9 183
 4 184
 4 185
 3 186
 1 187
 6 188
 7 189
 8 190
 2 191
 8 192
 0 193
 3 194
 1 195
 3 196
 1 197
 2 198
 2 199
 2 200
 4 201
 2 202
 2 203
 2 204
 0 205
 1 206
 0 207
 1 208
 0 209
 2 210
 1 211
 0 212
 1 213
 0 214
 1 215
 0 216
 0 217
 0 218
 0 219
 0 220
 0 221
 0 222
 0 223
 0 224
 0 225
 0 226
 1 227
 0 228
 0 229
 0 230
 1 231
 0 232
 0 233
 0 234
 0 235
 0 236
 0 237
 0 238
 0 239
 0 240
 0 241
 0 242
 0 243
 0 244
 0 245
 0 246
 0 247
 0 248
 0 249
 0 250
 0 251
 0 252
 0 253
 0 254
 0 255
 0 256
 0 257
 0 258
 0 259
 0 260
 0 261
 0 262
 0 263
 0 264
 0 265
 0 266
 0 267
 1 268
 0 269
 0 270
 0 271
 0 272
 0 273
 0 274
 0 275
 1 276
 0 277
 0 278
 0 279
 1 280
 0 281
 0 282
 0 283
 0 284
 0 285
 1 286
 1 287
 0 288
 0 289
 0 290
 2 291
 2 292
 0 293
 1 294
 2 295
 1 296
 2 297
 1 298
 1 299
 2 300
 0 301
 2 302
 2 303
 1 304
 2 305
 1 306
 1 307
 1 308
 2 309
 1 310
 2 311
 4 312
 1 313
 3 314
 1 315
 2 316
 2 317
 2 318
 0 319
 5 320
 3 321
 3 322
 5 323
 5 324
 1 325
 4 326
 3 327
 2 328
 5 329
 2 330
 2 331
 3 332
 3 333
 1 334
 0 335
 2 336
 5 337
 3 338
 3 339
 5 340
 5 341
 2 342
 2 343
 3 344
 2 345
 0 346
 1 347
 1 348
 3 349
 2 350
 4 351
 1 352
 1 353
 0 354
 2 355
 2 356
 3 357
 0 358
 3 359
 1 360
 3 361
 1 362
 2 363
 0 364
 2 365
 2 366
 1 367
 1 368
 1 369
 0 370
 1 371
 1 372
 1 373
 1 374
 1 375
 0 376
 1 377
 2 378
 0 379
 0 380
 1 381
 0 382
 1 383
 2 384
 0 385
 1 386
 0 387
 0 388
 0 389
 0 390
 0 391
 2 392
 1 393
 0 394
 0 395
 0 396
 0 397
 1 398
 0 399
 0 400
 0 401
 0 402
 0 403
 0 404
 0 405
 1 406
 0 407
 0 408
 0 409
 0 410
 1 411
 0 412
 0 413
 0 414
 0 415
 1 416
 0 417
 0 418
 0 419
 0 420
 0 421
 0 422
 0 423
 0 424
 0 425
 0 426
 0 427
 0 428
 0 429
 0 430
 0 431
 0 432
 0 433
 0 434
 0 435
 0 436
 0 437
 0 438
 0 439
 0 440
 0 441
 0 442
 0 443
 0 444
 0 445
 0 446
 0 447
 0 448
 0 449
 0 450
 0 451
 0 452
 0 453
 0 454
 0 455
 0 456
 0 457
 0 458
 0 459
 0 460
 0 461
 0 462
 0 463
 0 464
 0 465
 0 466
 0 467
 0 468
 0 469
 0 470
 0 471
 0 472
 0 473
 0 474
 0 475
 0 476
 0 477
 0 478
 0 479
 0 480
 0 481
 0 482
 0 483
 0 484
 0 485
 0 486
 0 487
 0 488
 0 489
 0 490
 0 491
 0 492
 0 493
 0 494
 0 495
 0 496
 0 497
 0 498
 0 499
 0 500
 0 501
 0 502
 0 503
 0 504
 0 505
 0 506
 0 507
 0 508
 0 509
 0 510
 0 511
 0 512
 0 513
 0 514
 0 515
 0 516
 0 517
 0 518
 0 519
 0 520
 0 521
 0 522
 0 523
 0 524
 0 525
 0 526
 0 527
 0 528
 0 529
 0 530
 0 531
 0 532
 0 533
 0 534
 0 535
 0 536
 0 537
 0 538
 0 539
 0 540
 0 541
 0 542
 0 543
 0 544
 0 545
 0 546
 0 547
 0 548
 0 549
 0 550
 0 551
 0 552
 0 553
 0 554
 0 555
 0 556
 0 557
 0 558
 0 559
 0 560
 0 561
 0 562
 0 563
 0 564
 0 565
 0 566
 0 567
 0 568
 0 569
 0 570
 0 571
 0 572
 0 573
 0 574
 0 575
 0 576
 0 577
 0 578
 0 579
 0 580
 0 581
 0 582
 0 583
 0 584
 0 585
 0 586
 0 587
 0 588
 0 589
 0 590
 0 591
 0 592
 0 593
 0 594
 0 595
 0 596
 0 597
 0 598
 0 599
 0 600


