# Created by Octave 3.8.2, Mon Jun 22 08:38:40 2020 CEST <damian@fptrucha.inv.usc.es>
# name: hd
# type: matrix
# rows: 551
# columns: 2
 0 50
 0 51
 0 52
 0 53
 0 54
 0 55
 0 56
 0 57
 0 58
 0 59
 0 60
 0 61
 0 62
 0 63
 0 64
 0 65
 0 66
 0 67
 0 68
 0 69
 0 70
 0 71
 0 72
 0 73
 0 74
 0 75
 0 76
 0 77
 0 78
 0 79
 0 80
 0 81
 0 82
 0 83
 0 84
 0 85
 0 86
 1 87
 1 88
 7 89
 36 90
 110 91
 163 92
 273 93
 351 94
 487 95
 681 96
 1091 97
 1449 98
 1496 99
 1643 100
 1809 101
 1806 102
 1793 103
 1683 104
 1617 105
 1544 106
 1446 107
 1290 108
 1161 109
 1107 110
 1009 111
 945 112
 758 113
 752 114
 714 115
 620 116
 535 117
 459 118
 419 119
 387 120
 320 121
 310 122
 256 123
 260 124
 208 125
 201 126
 183 127
 154 128
 154 129
 142 130
 117 131
 136 132
 127 133
 99 134
 113 135
 90 136
 77 137
 74 138
 85 139
 86 140
 70 141
 68 142
 54 143
 63 144
 55 145
 48 146
 47 147
 50 148
 54 149
 49 150
 34 151
 37 152
 46 153
 38 154
 29 155
 30 156
 26 157
 28 158
 23 159
 20 160
 28 161
 21 162
 25 163
 20 164
 15 165
 17 166
 16 167
 10 168
 11 169
 9 170
 11 171
 9 172
 10 173
 16 174
 3 175
 9 176
 6 177
 5 178
 13 179
 4 180
 3 181
 6 182
 8 183
 3 184
 3 185
 1 186
 5 187
 6 188
 3 189
 3 190
 4 191
 4 192
 2 193
 2 194
 5 195
 2 196
 2 197
 0 198
 2 199
 1 200
 0 201
 1 202
 4 203
 2 204
 3 205
 2 206
 2 207
 3 208
 1 209
 2 210
 1 211
 0 212
 2 213
 3 214
 0 215
 1 216
 0 217
 0 218
 1 219
 0 220
 1 221
 0 222
 0 223
 1 224
 0 225
 0 226
 0 227
 0 228
 0 229
 0 230
 0 231
 0 232
 0 233
 0 234
 0 235
 0 236
 0 237
 0 238
 0 239
 0 240
 0 241
 0 242
 0 243
 0 244
 0 245
 0 246
 0 247
 0 248
 0 249
 0 250
 0 251
 0 252
 0 253
 0 254
 0 255
 0 256
 0 257
 0 258
 0 259
 0 260
 0 261
 0 262
 0 263
 0 264
 0 265
 0 266
 0 267
 0 268
 0 269
 0 270
 0 271
 0 272
 0 273
 0 274
 0 275
 0 276
 0 277
 0 278
 0 279
 0 280
 0 281
 0 282
 0 283
 1 284
 0 285
 1 286
 0 287
 0 288
 2 289
 0 290
 2 291
 0 292
 1 293
 1 294
 0 295
 3 296
 1 297
 0 298
 2 299
 2 300
 1 301
 2 302
 1 303
 3 304
 1 305
 1 306
 3 307
 2 308
 2 309
 4 310
 4 311
 3 312
 4 313
 1 314
 2 315
 2 316
 1 317
 4 318
 0 319
 0 320
 1 321
 7 322
 3 323
 2 324
 1 325
 4 326
 3 327
 3 328
 1 329
 1 330
 1 331
 1 332
 2 333
 1 334
 1 335
 2 336
 0 337
 3 338
 3 339
 2 340
 4 341
 2 342
 4 343
 4 344
 1 345
 3 346
 3 347
 1 348
 4 349
 3 350
 2 351
 2 352
 2 353
 1 354
 4 355
 2 356
 1 357
 3 358
 1 359
 2 360
 2 361
 0 362
 0 363
 3 364
 1 365
 2 366
 2 367
 0 368
 2 369
 1 370
 1 371
 0 372
 0 373
 2 374
 0 375
 0 376
 0 377
 1 378
 1 379
 0 380
 1 381
 1 382
 0 383
 1 384
 0 385
 1 386
 1 387
 0 388
 1 389
 1 390
 0 391
 0 392
 0 393
 0 394
 0 395
 1 396
 0 397
 1 398
 0 399
 0 400
 0 401
 0 402
 2 403
 1 404
 0 405
 0 406
 0 407
 0 408
 0 409
 0 410
 0 411
 0 412
 0 413
 1 414
 0 415
 0 416
 0 417
 0 418
 0 419
 0 420
 2 421
 0 422
 0 423
 1 424
 0 425
 0 426
 0 427
 0 428
 0 429
 0 430
 0 431
 0 432
 0 433
 0 434
 0 435
 0 436
 0 437
 0 438
 0 439
 0 440
 0 441
 0 442
 0 443
 0 444
 0 445
 0 446
 0 447
 0 448
 0 449
 0 450
 0 451
 0 452
 0 453
 0 454
 0 455
 0 456
 0 457
 0 458
 0 459
 0 460
 0 461
 0 462
 0 463
 0 464
 0 465
 0 466
 0 467
 0 468
 0 469
 0 470
 0 471
 0 472
 0 473
 0 474
 0 475
 0 476
 0 477
 0 478
 0 479
 0 480
 0 481
 0 482
 0 483
 0 484
 0 485
 0 486
 0 487
 0 488
 0 489
 0 490
 0 491
 0 492
 0 493
 0 494
 0 495
 0 496
 0 497
 0 498
 0 499
 0 500
 0 501
 0 502
 0 503
 0 504
 0 505
 0 506
 0 507
 0 508
 0 509
 0 510
 0 511
 0 512
 0 513
 0 514
 0 515
 0 516
 0 517
 0 518
 0 519
 0 520
 0 521
 0 522
 0 523
 0 524
 0 525
 0 526
 0 527
 0 528
 0 529
 0 530
 0 531
 0 532
 0 533
 0 534
 0 535
 0 536
 0 537
 0 538
 0 539
 0 540
 0 541
 0 542
 0 543
 0 544
 0 545
 0 546
 0 547
 0 548
 0 549
 0 550
 0 551
 0 552
 0 553
 0 554
 0 555
 0 556
 0 557
 0 558
 0 559
 0 560
 0 561
 0 562
 0 563
 0 564
 0 565
 0 566
 0 567
 0 568
 0 569
 0 570
 0 571
 0 572
 0 573
 0 574
 0 575
 0 576
 0 577
 0 578
 0 579
 0 580
 0 581
 0 582
 0 583
 0 584
 0 585
 0 586
 0 587
 0 588
 0 589
 0 590
 0 591
 0 592
 0 593
 0 594
 0 595
 0 596
 0 597
 0 598
 0 599
 0 600


