# Created by Octave 3.8.2, Mon Jun 22 14:15:26 2020 CEST <damian@fptrucha.inv.usc.es>
# name: hd
# type: matrix
# rows: 551
# columns: 2
 0 50
 0 51
 0 52
 0 53
 0 54
 0 55
 0 56
 0 57
 0 58
 0 59
 0 60
 0 61
 0 62
 0 63
 0 64
 0 65
 0 66
 0 67
 0 68
 0 69
 0 70
 0 71
 0 72
 0 73
 0 74
 0 75
 0 76
 0 77
 0 78
 0 79
 0 80
 0 81
 0 82
 0 83
 0 84
 0 85
 0 86
 1 87
 3 88
 4 89
 27 90
 107 91
 222 92
 294 93
 388 94
 599 95
 818 96
 1239 97
 1535 98
 1705 99
 1875 100
 1831 101
 1917 102
 1839 103
 1716 104
 1644 105
 1529 106
 1516 107
 1358 108
 1256 109
 1098 110
 982 111
 846 112
 839 113
 690 114
 701 115
 590 116
 508 117
 508 118
 455 119
 356 120
 345 121
 279 122
 254 123
 234 124
 230 125
 187 126
 205 127
 168 128
 146 129
 149 130
 133 131
 135 132
 116 133
 98 134
 117 135
 103 136
 99 137
 110 138
 69 139
 68 140
 66 141
 60 142
 51 143
 49 144
 60 145
 47 146
 41 147
 38 148
 40 149
 41 150
 41 151
 35 152
 38 153
 26 154
 26 155
 37 156
 28 157
 36 158
 27 159
 24 160
 21 161
 13 162
 17 163
 11 164
 15 165
 13 166
 12 167
 13 168
 8 169
 14 170
 15 171
 15 172
 10 173
 5 174
 8 175
 2 176
 5 177
 6 178
 3 179
 2 180
 6 181
 6 182
 7 183
 2 184
 3 185
 2 186
 1 187
 3 188
 3 189
 4 190
 2 191
 3 192
 1 193
 1 194
 2 195
 1 196
 4 197
 3 198
 0 199
 0 200
 3 201
 2 202
 0 203
 1 204
 3 205
 1 206
 0 207
 0 208
 0 209
 2 210
 0 211
 0 212
 1 213
 0 214
 1 215
 0 216
 1 217
 0 218
 0 219
 2 220
 0 221
 0 222
 0 223
 0 224
 0 225
 0 226
 0 227
 0 228
 1 229
 0 230
 0 231
 0 232
 0 233
 0 234
 0 235
 1 236
 0 237
 1 238
 0 239
 0 240
 0 241
 0 242
 1 243
 0 244
 0 245
 0 246
 0 247
 1 248
 0 249
 0 250
 0 251
 0 252
 0 253
 0 254
 0 255
 0 256
 0 257
 0 258
 0 259
 0 260
 0 261
 0 262
 0 263
 0 264
 0 265
 0 266
 0 267
 0 268
 0 269
 0 270
 0 271
 0 272
 0 273
 0 274
 0 275
 0 276
 0 277
 0 278
 0 279
 0 280
 1 281
 0 282
 1 283
 0 284
 1 285
 0 286
 0 287
 0 288
 1 289
 0 290
 0 291
 0 292
 1 293
 0 294
 1 295
 2 296
 3 297
 3 298
 4 299
 2 300
 4 301
 0 302
 2 303
 0 304
 4 305
 3 306
 2 307
 0 308
 1 309
 3 310
 2 311
 0 312
 8 313
 0 314
 3 315
 0 316
 2 317
 3 318
 1 319
 0 320
 0 321
 4 322
 2 323
 3 324
 3 325
 2 326
 2 327
 0 328
 2 329
 2 330
 3 331
 1 332
 4 333
 3 334
 6 335
 3 336
 5 337
 4 338
 1 339
 2 340
 0 341
 3 342
 1 343
 1 344
 2 345
 3 346
 3 347
 3 348
 1 349
 7 350
 1 351
 0 352
 1 353
 1 354
 4 355
 2 356
 0 357
 0 358
 1 359
 0 360
 1 361
 2 362
 2 363
 2 364
 3 365
 0 366
 1 367
 1 368
 3 369
 2 370
 0 371
 2 372
 0 373
 0 374
 0 375
 0 376
 1 377
 0 378
 0 379
 0 380
 1 381
 1 382
 1 383
 0 384
 0 385
 0 386
 1 387
 0 388
 0 389
 0 390
 0 391
 0 392
 0 393
 0 394
 1 395
 0 396
 0 397
 0 398
 1 399
 0 400
 0 401
 0 402
 1 403
 0 404
 0 405
 0 406
 0 407
 0 408
 0 409
 0 410
 0 411
 0 412
 0 413
 0 414
 0 415
 0 416
 0 417
 0 418
 0 419
 0 420
 0 421
 0 422
 0 423
 0 424
 0 425
 0 426
 0 427
 0 428
 0 429
 0 430
 0 431
 0 432
 0 433
 0 434
 0 435
 0 436
 0 437
 0 438
 0 439
 0 440
 0 441
 0 442
 0 443
 0 444
 0 445
 0 446
 0 447
 0 448
 0 449
 0 450
 0 451
 0 452
 0 453
 0 454
 0 455
 0 456
 0 457
 0 458
 0 459
 0 460
 0 461
 0 462
 0 463
 0 464
 0 465
 0 466
 0 467
 0 468
 0 469
 0 470
 0 471
 0 472
 0 473
 0 474
 0 475
 0 476
 0 477
 0 478
 0 479
 0 480
 0 481
 0 482
 0 483
 0 484
 0 485
 0 486
 0 487
 0 488
 0 489
 0 490
 0 491
 0 492
 0 493
 0 494
 0 495
 0 496
 0 497
 0 498
 0 499
 0 500
 0 501
 0 502
 0 503
 0 504
 0 505
 0 506
 0 507
 0 508
 0 509
 0 510
 0 511
 0 512
 0 513
 0 514
 0 515
 0 516
 0 517
 0 518
 0 519
 0 520
 0 521
 0 522
 0 523
 0 524
 0 525
 0 526
 0 527
 0 528
 0 529
 0 530
 0 531
 0 532
 0 533
 0 534
 0 535
 0 536
 0 537
 0 538
 0 539
 0 540
 0 541
 0 542
 0 543
 0 544
 0 545
 0 546
 0 547
 0 548
 0 549
 0 550
 0 551
 0 552
 0 553
 0 554
 0 555
 0 556
 0 557
 0 558
 0 559
 0 560
 0 561
 0 562
 0 563
 0 564
 0 565
 0 566
 0 567
 0 568
 0 569
 0 570
 0 571
 0 572
 0 573
 0 574
 0 575
 0 576
 0 577
 0 578
 0 579
 0 580
 0 581
 0 582
 0 583
 0 584
 0 585
 0 586
 0 587
 0 588
 0 589
 0 590
 0 591
 0 592
 0 593
 0 594
 0 595
 0 596
 0 597
 0 598
 0 599
 0 600


