# Created by Octave 3.8.2, Sat Jun 20 16:23:59 2020 CEST <damian@fptrucha.inv.usc.es>
# name: hd
# type: matrix
# rows: 551
# columns: 2
 0 50
 0 51
 0 52
 0 53
 0 54
 0 55
 0 56
 0 57
 0 58
 0 59
 0 60
 0 61
 0 62
 0 63
 0 64
 0 65
 0 66
 0 67
 0 68
 0 69
 0 70
 0 71
 0 72
 0 73
 0 74
 0 75
 0 76
 0 77
 0 78
 0 79
 0 80
 0 81
 0 82
 0 83
 0 84
 0 85
 0 86
 3 87
 6 88
 17 89
 65 90
 137 91
 194 92
 281 93
 426 94
 518 95
 924 96
 1098 97
 1350 98
 1446 99
 1563 100
 1584 101
 1672 102
 1670 103
 1593 104
 1511 105
 1468 106
 1459 107
 1294 108
 1281 109
 1172 110
 1105 111
 1034 112
 963 113
 851 114
 797 115
 716 116
 663 117
 614 118
 568 119
 483 120
 465 121
 385 122
 334 123
 312 124
 305 125
 277 126
 269 127
 211 128
 220 129
 188 130
 194 131
 159 132
 136 133
 132 134
 122 135
 115 136
 78 137
 88 138
 92 139
 96 140
 73 141
 86 142
 74 143
 59 144
 63 145
 47 146
 66 147
 46 148
 57 149
 45 150
 56 151
 38 152
 35 153
 35 154
 35 155
 36 156
 20 157
 34 158
 25 159
 18 160
 29 161
 18 162
 18 163
 22 164
 18 165
 15 166
 12 167
 17 168
 15 169
 10 170
 17 171
 13 172
 10 173
 13 174
 7 175
 7 176
 5 177
 7 178
 5 179
 10 180
 7 181
 5 182
 3 183
 5 184
 4 185
 3 186
 5 187
 2 188
 0 189
 1 190
 5 191
 0 192
 3 193
 2 194
 1 195
 0 196
 2 197
 1 198
 5 199
 1 200
 2 201
 1 202
 0 203
 1 204
 1 205
 1 206
 0 207
 0 208
 1 209
 1 210
 0 211
 1 212
 0 213
 0 214
 0 215
 0 216
 0 217
 0 218
 0 219
 0 220
 0 221
 0 222
 0 223
 1 224
 0 225
 0 226
 0 227
 0 228
 0 229
 0 230
 0 231
 1 232
 0 233
 0 234
 0 235
 0 236
 0 237
 0 238
 0 239
 0 240
 0 241
 0 242
 0 243
 0 244
 0 245
 0 246
 0 247
 0 248
 1 249
 0 250
 0 251
 1 252
 0 253
 0 254
 0 255
 0 256
 0 257
 0 258
 0 259
 0 260
 0 261
 0 262
 0 263
 0 264
 0 265
 0 266
 0 267
 0 268
 0 269
 0 270
 0 271
 0 272
 0 273
 0 274
 1 275
 0 276
 0 277
 0 278
 0 279
 0 280
 0 281
 1 282
 0 283
 0 284
 1 285
 0 286
 0 287
 0 288
 0 289
 0 290
 0 291
 0 292
 1 293
 0 294
 0 295
 1 296
 0 297
 1 298
 1 299
 0 300
 1 301
 0 302
 0 303
 0 304
 1 305
 0 306
 1 307
 1 308
 3 309
 4 310
 0 311
 3 312
 0 313
 1 314
 1 315
 1 316
 3 317
 3 318
 1 319
 2 320
 3 321
 0 322
 4 323
 3 324
 3 325
 4 326
 4 327
 2 328
 0 329
 0 330
 0 331
 2 332
 3 333
 1 334
 0 335
 1 336
 2 337
 4 338
 3 339
 2 340
 0 341
 3 342
 2 343
 2 344
 1 345
 1 346
 4 347
 4 348
 2 349
 1 350
 0 351
 0 352
 1 353
 2 354
 3 355
 3 356
 1 357
 4 358
 3 359
 1 360
 1 361
 0 362
 2 363
 0 364
 2 365
 1 366
 1 367
 3 368
 3 369
 1 370
 1 371
 1 372
 0 373
 1 374
 0 375
 0 376
 1 377
 1 378
 0 379
 0 380
 1 381
 1 382
 1 383
 1 384
 0 385
 0 386
 0 387
 0 388
 0 389
 1 390
 0 391
 0 392
 0 393
 0 394
 0 395
 0 396
 0 397
 0 398
 1 399
 0 400
 0 401
 0 402
 0 403
 0 404
 0 405
 0 406
 0 407
 0 408
 0 409
 0 410
 0 411
 0 412
 0 413
 0 414
 0 415
 0 416
 0 417
 0 418
 1 419
 0 420
 0 421
 0 422
 0 423
 0 424
 0 425
 1 426
 0 427
 0 428
 0 429
 0 430
 0 431
 0 432
 0 433
 0 434
 0 435
 0 436
 0 437
 0 438
 0 439
 0 440
 0 441
 0 442
 0 443
 0 444
 0 445
 0 446
 0 447
 0 448
 0 449
 0 450
 0 451
 0 452
 0 453
 0 454
 0 455
 0 456
 0 457
 0 458
 0 459
 0 460
 0 461
 0 462
 0 463
 0 464
 0 465
 0 466
 0 467
 0 468
 0 469
 0 470
 0 471
 0 472
 0 473
 0 474
 0 475
 0 476
 0 477
 0 478
 0 479
 0 480
 0 481
 0 482
 0 483
 0 484
 0 485
 0 486
 0 487
 0 488
 0 489
 0 490
 0 491
 0 492
 0 493
 0 494
 0 495
 0 496
 0 497
 0 498
 0 499
 0 500
 0 501
 0 502
 0 503
 0 504
 0 505
 0 506
 0 507
 0 508
 0 509
 0 510
 0 511
 0 512
 0 513
 0 514
 0 515
 0 516
 0 517
 0 518
 0 519
 0 520
 0 521
 0 522
 0 523
 0 524
 0 525
 0 526
 0 527
 0 528
 0 529
 0 530
 0 531
 0 532
 0 533
 0 534
 0 535
 0 536
 0 537
 0 538
 0 539
 0 540
 0 541
 0 542
 0 543
 0 544
 0 545
 0 546
 0 547
 0 548
 0 549
 0 550
 0 551
 0 552
 0 553
 0 554
 0 555
 0 556
 0 557
 0 558
 0 559
 0 560
 0 561
 0 562
 0 563
 0 564
 0 565
 0 566
 0 567
 0 568
 0 569
 0 570
 0 571
 0 572
 0 573
 0 574
 0 575
 0 576
 0 577
 0 578
 0 579
 0 580
 0 581
 0 582
 0 583
 0 584
 0 585
 0 586
 0 587
 0 588
 0 589
 0 590
 0 591
 0 592
 0 593
 0 594
 0 595
 0 596
 0 597
 0 598
 0 599
 0 600


