# Created by Octave 3.8.2, Mon Jun 22 05:44:54 2020 CEST <damian@fptrucha.inv.usc.es>
# name: hd
# type: matrix
# rows: 551
# columns: 2
 0 50
 0 51
 0 52
 0 53
 0 54
 0 55
 0 56
 0 57
 0 58
 0 59
 0 60
 0 61
 0 62
 0 63
 0 64
 0 65
 0 66
 0 67
 0 68
 0 69
 0 70
 0 71
 0 72
 0 73
 0 74
 0 75
 0 76
 0 77
 0 78
 0 79
 0 80
 0 81
 0 82
 0 83
 0 84
 0 85
 0 86
 0 87
 2 88
 7 89
 32 90
 92 91
 161 92
 283 93
 357 94
 446 95
 643 96
 1061 97
 1247 98
 1457 99
 1541 100
 1687 101
 1664 102
 1571 103
 1554 104
 1506 105
 1412 106
 1298 107
 1268 108
 1212 109
 1047 110
 980 111
 956 112
 800 113
 707 114
 676 115
 607 116
 537 117
 422 118
 436 119
 364 120
 324 121
 322 122
 249 123
 226 124
 215 125
 208 126
 172 127
 165 128
 150 129
 153 130
 133 131
 148 132
 137 133
 122 134
 131 135
 107 136
 103 137
 93 138
 76 139
 75 140
 59 141
 84 142
 69 143
 58 144
 73 145
 45 146
 61 147
 54 148
 47 149
 37 150
 46 151
 37 152
 30 153
 21 154
 31 155
 27 156
 37 157
 24 158
 26 159
 32 160
 32 161
 28 162
 23 163
 16 164
 15 165
 11 166
 14 167
 15 168
 14 169
 10 170
 12 171
 11 172
 9 173
 7 174
 8 175
 5 176
 12 177
 8 178
 4 179
 8 180
 7 181
 8 182
 6 183
 7 184
 6 185
 7 186
 5 187
 7 188
 4 189
 1 190
 5 191
 1 192
 3 193
 0 194
 3 195
 3 196
 0 197
 3 198
 1 199
 1 200
 0 201
 0 202
 1 203
 3 204
 2 205
 3 206
 0 207
 2 208
 0 209
 1 210
 1 211
 2 212
 0 213
 0 214
 1 215
 0 216
 0 217
 0 218
 1 219
 0 220
 0 221
 0 222
 0 223
 0 224
 0 225
 0 226
 0 227
 0 228
 1 229
 0 230
 1 231
 0 232
 0 233
 1 234
 1 235
 0 236
 0 237
 0 238
 0 239
 0 240
 0 241
 0 242
 0 243
 0 244
 0 245
 0 246
 0 247
 0 248
 0 249
 0 250
 0 251
 0 252
 0 253
 0 254
 0 255
 0 256
 0 257
 0 258
 1 259
 0 260
 0 261
 0 262
 0 263
 0 264
 0 265
 0 266
 0 267
 0 268
 0 269
 0 270
 0 271
 0 272
 0 273
 0 274
 0 275
 0 276
 0 277
 0 278
 0 279
 0 280
 0 281
 0 282
 0 283
 0 284
 0 285
 1 286
 0 287
 0 288
 3 289
 0 290
 1 291
 1 292
 0 293
 1 294
 0 295
 0 296
 0 297
 3 298
 0 299
 1 300
 2 301
 0 302
 3 303
 0 304
 3 305
 0 306
 3 307
 2 308
 1 309
 3 310
 1 311
 0 312
 2 313
 4 314
 4 315
 3 316
 1 317
 4 318
 1 319
 0 320
 1 321
 2 322
 1 323
 2 324
 5 325
 6 326
 3 327
 3 328
 1 329
 6 330
 4 331
 1 332
 3 333
 2 334
 3 335
 1 336
 2 337
 2 338
 2 339
 3 340
 2 341
 1 342
 1 343
 1 344
 3 345
 0 346
 5 347
 4 348
 2 349
 2 350
 1 351
 2 352
 2 353
 1 354
 3 355
 4 356
 3 357
 2 358
 2 359
 2 360
 3 361
 2 362
 1 363
 2 364
 1 365
 1 366
 2 367
 0 368
 0 369
 1 370
 1 371
 2 372
 2 373
 1 374
 1 375
 1 376
 0 377
 0 378
 1 379
 2 380
 0 381
 1 382
 0 383
 2 384
 0 385
 0 386
 0 387
 2 388
 2 389
 0 390
 0 391
 0 392
 0 393
 0 394
 0 395
 2 396
 0 397
 0 398
 1 399
 0 400
 0 401
 0 402
 0 403
 0 404
 0 405
 0 406
 0 407
 0 408
 0 409
 0 410
 0 411
 0 412
 0 413
 0 414
 0 415
 0 416
 0 417
 0 418
 0 419
 0 420
 0 421
 0 422
 0 423
 0 424
 0 425
 0 426
 0 427
 0 428
 0 429
 0 430
 0 431
 0 432
 0 433
 0 434
 0 435
 0 436
 0 437
 0 438
 0 439
 0 440
 0 441
 0 442
 0 443
 0 444
 0 445
 0 446
 0 447
 0 448
 0 449
 0 450
 0 451
 0 452
 0 453
 0 454
 0 455
 0 456
 0 457
 0 458
 0 459
 0 460
 0 461
 0 462
 0 463
 0 464
 0 465
 0 466
 0 467
 0 468
 0 469
 0 470
 0 471
 0 472
 0 473
 0 474
 0 475
 0 476
 0 477
 0 478
 0 479
 0 480
 0 481
 0 482
 0 483
 0 484
 0 485
 0 486
 0 487
 0 488
 0 489
 0 490
 0 491
 0 492
 0 493
 0 494
 0 495
 0 496
 0 497
 0 498
 0 499
 0 500
 0 501
 0 502
 0 503
 0 504
 0 505
 0 506
 0 507
 0 508
 0 509
 0 510
 0 511
 0 512
 0 513
 0 514
 0 515
 0 516
 0 517
 0 518
 0 519
 0 520
 0 521
 0 522
 0 523
 0 524
 0 525
 0 526
 0 527
 0 528
 0 529
 0 530
 0 531
 0 532
 0 533
 0 534
 0 535
 0 536
 0 537
 0 538
 0 539
 0 540
 0 541
 0 542
 0 543
 0 544
 0 545
 0 546
 0 547
 0 548
 0 549
 0 550
 0 551
 0 552
 0 553
 0 554
 0 555
 0 556
 0 557
 0 558
 0 559
 0 560
 0 561
 0 562
 0 563
 0 564
 0 565
 0 566
 0 567
 0 568
 0 569
 0 570
 0 571
 0 572
 0 573
 0 574
 0 575
 0 576
 0 577
 0 578
 0 579
 0 580
 0 581
 0 582
 0 583
 0 584
 0 585
 0 586
 0 587
 0 588
 0 589
 0 590
 0 591
 0 592
 0 593
 0 594
 0 595
 0 596
 0 597
 0 598
 0 599
 0 600


