# Created by Octave 3.8.2, Tue Jun 23 00:48:36 2020 CEST <damian@fptrucha.inv.usc.es>
# name: hd
# type: matrix
# rows: 551
# columns: 2
 0 50
 0 51
 0 52
 0 53
 0 54
 0 55
 0 56
 0 57
 0 58
 0 59
 0 60
 0 61
 0 62
 0 63
 0 64
 0 65
 0 66
 0 67
 0 68
 0 69
 0 70
 0 71
 0 72
 0 73
 0 74
 0 75
 0 76
 0 77
 0 78
 0 79
 0 80
 0 81
 0 82
 0 83
 0 84
 0 85
 0 86
 1 87
 3 88
 14 89
 37 90
 86 91
 139 92
 229 93
 270 94
 405 95
 678 96
 864 97
 1012 98
 1103 99
 1143 100
 1249 101
 1198 102
 1172 103
 1119 104
 1131 105
 1082 106
 1033 107
 984 108
 877 109
 809 110
 730 111
 646 112
 629 113
 573 114
 518 115
 464 116
 433 117
 355 118
 311 119
 285 120
 294 121
 254 122
 204 123
 195 124
 125 125
 164 126
 121 127
 141 128
 113 129
 118 130
 105 131
 114 132
 84 133
 103 134
 71 135
 78 136
 69 137
 69 138
 72 139
 52 140
 51 141
 62 142
 30 143
 44 144
 42 145
 29 146
 40 147
 24 148
 38 149
 36 150
 25 151
 28 152
 25 153
 21 154
 24 155
 16 156
 21 157
 18 158
 13 159
 18 160
 15 161
 11 162
 12 163
 8 164
 11 165
 5 166
 6 167
 5 168
 3 169
 10 170
 7 171
 6 172
 11 173
 3 174
 4 175
 4 176
 7 177
 2 178
 2 179
 3 180
 1 181
 2 182
 6 183
 5 184
 5 185
 2 186
 2 187
 3 188
 1 189
 5 190
 3 191
 4 192
 2 193
 0 194
 0 195
 0 196
 3 197
 0 198
 0 199
 2 200
 0 201
 1 202
 1 203
 1 204
 0 205
 0 206
 1 207
 1 208
 1 209
 0 210
 2 211
 0 212
 0 213
 0 214
 0 215
 0 216
 0 217
 1 218
 0 219
 0 220
 0 221
 0 222
 1 223
 0 224
 0 225
 0 226
 0 227
 0 228
 0 229
 0 230
 0 231
 0 232
 0 233
 0 234
 0 235
 0 236
 0 237
 0 238
 0 239
 0 240
 1 241
 0 242
 0 243
 0 244
 0 245
 0 246
 0 247
 0 248
 0 249
 0 250
 0 251
 0 252
 0 253
 0 254
 0 255
 0 256
 0 257
 0 258
 0 259
 0 260
 0 261
 0 262
 0 263
 0 264
 0 265
 0 266
 0 267
 0 268
 0 269
 0 270
 0 271
 0 272
 0 273
 0 274
 0 275
 0 276
 0 277
 0 278
 0 279
 0 280
 0 281
 0 282
 0 283
 0 284
 0 285
 0 286
 0 287
 0 288
 0 289
 0 290
 0 291
 0 292
 0 293
 0 294
 1 295
 0 296
 0 297
 1 298
 1 299
 2 300
 2 301
 2 302
 2 303
 0 304
 0 305
 0 306
 1 307
 0 308
 0 309
 1 310
 2 311
 0 312
 3 313
 0 314
 1 315
 3 316
 4 317
 0 318
 2 319
 0 320
 1 321
 0 322
 0 323
 0 324
 1 325
 0 326
 2 327
 1 328
 1 329
 1 330
 2 331
 1 332
 2 333
 3 334
 1 335
 0 336
 1 337
 1 338
 2 339
 2 340
 2 341
 1 342
 2 343
 0 344
 0 345
 1 346
 1 347
 1 348
 1 349
 1 350
 1 351
 0 352
 0 353
 1 354
 0 355
 1 356
 2 357
 2 358
 4 359
 1 360
 0 361
 1 362
 1 363
 0 364
 0 365
 0 366
 2 367
 2 368
 2 369
 0 370
 0 371
 0 372
 0 373
 0 374
 1 375
 0 376
 0 377
 1 378
 1 379
 1 380
 0 381
 0 382
 0 383
 1 384
 0 385
 0 386
 1 387
 0 388
 0 389
 1 390
 0 391
 1 392
 1 393
 3 394
 0 395
 0 396
 0 397
 0 398
 0 399
 1 400
 0 401
 0 402
 0 403
 0 404
 0 405
 0 406
 0 407
 0 408
 0 409
 0 410
 0 411
 1 412
 0 413
 1 414
 0 415
 0 416
 1 417
 0 418
 0 419
 0 420
 0 421
 0 422
 0 423
 0 424
 0 425
 0 426
 0 427
 0 428
 0 429
 0 430
 0 431
 0 432
 0 433
 0 434
 0 435
 0 436
 0 437
 0 438
 0 439
 0 440
 0 441
 0 442
 0 443
 0 444
 0 445
 0 446
 0 447
 0 448
 0 449
 0 450
 0 451
 0 452
 0 453
 0 454
 0 455
 0 456
 0 457
 0 458
 0 459
 0 460
 0 461
 0 462
 0 463
 0 464
 0 465
 0 466
 0 467
 0 468
 0 469
 0 470
 0 471
 0 472
 0 473
 0 474
 0 475
 0 476
 0 477
 0 478
 0 479
 0 480
 0 481
 0 482
 0 483
 0 484
 0 485
 0 486
 0 487
 0 488
 0 489
 0 490
 0 491
 0 492
 0 493
 0 494
 0 495
 0 496
 0 497
 0 498
 0 499
 0 500
 0 501
 0 502
 0 503
 0 504
 0 505
 0 506
 0 507
 0 508
 0 509
 0 510
 0 511
 0 512
 0 513
 0 514
 0 515
 0 516
 0 517
 0 518
 0 519
 0 520
 0 521
 0 522
 0 523
 0 524
 0 525
 0 526
 0 527
 0 528
 0 529
 0 530
 0 531
 0 532
 0 533
 0 534
 0 535
 0 536
 0 537
 0 538
 0 539
 0 540
 0 541
 0 542
 0 543
 0 544
 0 545
 0 546
 0 547
 0 548
 0 549
 0 550
 0 551
 0 552
 0 553
 0 554
 0 555
 0 556
 0 557
 0 558
 0 559
 0 560
 0 561
 0 562
 0 563
 0 564
 0 565
 0 566
 0 567
 0 568
 0 569
 0 570
 0 571
 0 572
 0 573
 0 574
 0 575
 0 576
 0 577
 0 578
 0 579
 0 580
 0 581
 0 582
 0 583
 0 584
 0 585
 0 586
 0 587
 0 588
 0 589
 0 590
 0 591
 0 592
 0 593
 0 594
 0 595
 0 596
 0 597
 0 598
 0 599
 0 600


