# Created by Octave 3.8.2, Mon Jun 22 08:05:25 2020 CEST <damian@fptrucha.inv.usc.es>
# name: hd
# type: matrix
# rows: 551
# columns: 2
 0 50
 0 51
 0 52
 0 53
 0 54
 0 55
 0 56
 0 57
 0 58
 0 59
 0 60
 0 61
 0 62
 0 63
 0 64
 0 65
 0 66
 0 67
 0 68
 0 69
 0 70
 0 71
 0 72
 0 73
 0 74
 0 75
 0 76
 0 77
 0 78
 0 79
 0 80
 0 81
 0 82
 0 83
 0 84
 0 85
 0 86
 0 87
 3 88
 12 89
 28 90
 92 91
 151 92
 297 93
 335 94
 498 95
 700 96
 1044 97
 1398 98
 1563 99
 1670 100
 1704 101
 1765 102
 1677 103
 1662 104
 1667 105
 1510 106
 1408 107
 1315 108
 1241 109
 1100 110
 1035 111
 970 112
 780 113
 740 114
 668 115
 629 116
 563 117
 520 118
 431 119
 396 120
 341 121
 306 122
 274 123
 237 124
 254 125
 209 126
 194 127
 174 128
 152 129
 149 130
 129 131
 141 132
 122 133
 125 134
 112 135
 116 136
 94 137
 105 138
 86 139
 84 140
 66 141
 65 142
 69 143
 58 144
 67 145
 42 146
 60 147
 40 148
 53 149
 63 150
 42 151
 36 152
 38 153
 36 154
 32 155
 26 156
 28 157
 28 158
 22 159
 20 160
 22 161
 20 162
 14 163
 19 164
 18 165
 14 166
 13 167
 17 168
 20 169
 18 170
 12 171
 8 172
 6 173
 5 174
 13 175
 11 176
 7 177
 9 178
 6 179
 11 180
 3 181
 4 182
 2 183
 1 184
 6 185
 2 186
 5 187
 2 188
 5 189
 1 190
 3 191
 6 192
 0 193
 1 194
 1 195
 3 196
 4 197
 2 198
 1 199
 3 200
 0 201
 0 202
 0 203
 0 204
 0 205
 1 206
 0 207
 2 208
 0 209
 0 210
 2 211
 0 212
 2 213
 0 214
 0 215
 1 216
 0 217
 1 218
 1 219
 0 220
 0 221
 0 222
 0 223
 0 224
 0 225
 0 226
 0 227
 0 228
 0 229
 1 230
 0 231
 0 232
 1 233
 0 234
 1 235
 0 236
 0 237
 0 238
 0 239
 0 240
 0 241
 0 242
 0 243
 0 244
 0 245
 0 246
 0 247
 0 248
 0 249
 0 250
 0 251
 0 252
 0 253
 0 254
 0 255
 0 256
 0 257
 0 258
 0 259
 0 260
 0 261
 0 262
 0 263
 0 264
 0 265
 0 266
 0 267
 0 268
 0 269
 0 270
 0 271
 0 272
 0 273
 0 274
 0 275
 0 276
 0 277
 0 278
 0 279
 0 280
 0 281
 0 282
 0 283
 0 284
 0 285
 1 286
 1 287
 0 288
 2 289
 1 290
 1 291
 0 292
 1 293
 0 294
 1 295
 0 296
 1 297
 0 298
 0 299
 0 300
 0 301
 1 302
 1 303
 4 304
 3 305
 3 306
 3 307
 2 308
 2 309
 1 310
 2 311
 3 312
 3 313
 3 314
 3 315
 1 316
 1 317
 5 318
 0 319
 3 320
 3 321
 4 322
 3 323
 2 324
 2 325
 1 326
 2 327
 1 328
 2 329
 3 330
 2 331
 1 332
 0 333
 2 334
 2 335
 2 336
 4 337
 2 338
 0 339
 2 340
 4 341
 0 342
 3 343
 2 344
 4 345
 5 346
 2 347
 3 348
 3 349
 3 350
 3 351
 1 352
 2 353
 3 354
 2 355
 1 356
 0 357
 5 358
 4 359
 1 360
 0 361
 3 362
 2 363
 2 364
 0 365
 1 366
 1 367
 2 368
 1 369
 0 370
 1 371
 2 372
 1 373
 1 374
 0 375
 2 376
 1 377
 1 378
 2 379
 2 380
 2 381
 0 382
 1 383
 1 384
 1 385
 2 386
 0 387
 0 388
 0 389
 0 390
 0 391
 1 392
 0 393
 0 394
 1 395
 0 396
 0 397
 0 398
 1 399
 0 400
 0 401
 0 402
 0 403
 0 404
 0 405
 0 406
 0 407
 0 408
 0 409
 0 410
 0 411
 0 412
 0 413
 0 414
 0 415
 0 416
 0 417
 0 418
 0 419
 0 420
 0 421
 0 422
 0 423
 0 424
 1 425
 0 426
 0 427
 0 428
 0 429
 0 430
 0 431
 0 432
 0 433
 0 434
 0 435
 0 436
 0 437
 0 438
 0 439
 0 440
 0 441
 0 442
 0 443
 0 444
 0 445
 0 446
 0 447
 0 448
 0 449
 0 450
 0 451
 0 452
 0 453
 0 454
 0 455
 0 456
 0 457
 0 458
 0 459
 0 460
 0 461
 0 462
 0 463
 0 464
 0 465
 0 466
 0 467
 0 468
 0 469
 0 470
 0 471
 0 472
 0 473
 0 474
 0 475
 0 476
 0 477
 0 478
 0 479
 0 480
 0 481
 0 482
 0 483
 0 484
 0 485
 0 486
 0 487
 0 488
 0 489
 0 490
 0 491
 0 492
 0 493
 0 494
 0 495
 0 496
 0 497
 0 498
 0 499
 0 500
 0 501
 0 502
 0 503
 0 504
 0 505
 0 506
 0 507
 0 508
 0 509
 0 510
 0 511
 0 512
 0 513
 0 514
 0 515
 0 516
 0 517
 0 518
 0 519
 0 520
 0 521
 0 522
 0 523
 0 524
 0 525
 0 526
 0 527
 0 528
 0 529
 0 530
 0 531
 0 532
 0 533
 0 534
 0 535
 0 536
 0 537
 0 538
 0 539
 0 540
 0 541
 0 542
 0 543
 0 544
 0 545
 0 546
 0 547
 0 548
 0 549
 0 550
 0 551
 0 552
 0 553
 0 554
 0 555
 0 556
 0 557
 0 558
 0 559
 0 560
 0 561
 0 562
 0 563
 0 564
 0 565
 0 566
 0 567
 0 568
 0 569
 0 570
 0 571
 0 572
 0 573
 0 574
 0 575
 0 576
 0 577
 0 578
 0 579
 0 580
 0 581
 0 582
 0 583
 0 584
 0 585
 0 586
 0 587
 0 588
 0 589
 0 590
 0 591
 0 592
 0 593
 0 594
 0 595
 0 596
 0 597
 0 598
 0 599
 0 600


