# Created by Octave 3.8.2, Mon Jun 22 13:47:54 2020 CEST <damian@fptrucha.inv.usc.es>
# name: hd
# type: matrix
# rows: 551
# columns: 2
 0 50
 0 51
 0 52
 0 53
 0 54
 0 55
 0 56
 0 57
 0 58
 0 59
 0 60
 0 61
 0 62
 0 63
 0 64
 0 65
 0 66
 0 67
 0 68
 0 69
 0 70
 0 71
 0 72
 0 73
 0 74
 0 75
 0 76
 0 77
 0 78
 0 79
 0 80
 0 81
 0 82
 0 83
 0 84
 0 85
 0 86
 0 87
 2 88
 14 89
 44 90
 140 91
 183 92
 311 93
 376 94
 593 95
 878 96
 1205 97
 1506 98
 1717 99
 1882 100
 1860 101
 1905 102
 1826 103
 1789 104
 1729 105
 1601 106
 1480 107
 1367 108
 1291 109
 1174 110
 1034 111
 913 112
 818 113
 750 114
 697 115
 579 116
 562 117
 472 118
 413 119
 405 120
 363 121
 317 122
 237 123
 221 124
 214 125
 218 126
 173 127
 189 128
 148 129
 121 130
 131 131
 136 132
 102 133
 101 134
 104 135
 127 136
 91 137
 86 138
 69 139
 72 140
 75 141
 51 142
 58 143
 61 144
 46 145
 57 146
 39 147
 46 148
 47 149
 48 150
 30 151
 27 152
 37 153
 41 154
 34 155
 32 156
 30 157
 26 158
 25 159
 22 160
 21 161
 15 162
 19 163
 15 164
 10 165
 13 166
 15 167
 10 168
 10 169
 8 170
 12 171
 15 172
 4 173
 7 174
 9 175
 14 176
 10 177
 8 178
 7 179
 2 180
 5 181
 4 182
 5 183
 4 184
 1 185
 3 186
 6 187
 1 188
 0 189
 5 190
 1 191
 0 192
 2 193
 0 194
 3 195
 2 196
 4 197
 3 198
 0 199
 0 200
 0 201
 1 202
 1 203
 0 204
 1 205
 2 206
 2 207
 2 208
 0 209
 2 210
 2 211
 0 212
 1 213
 2 214
 0 215
 0 216
 0 217
 0 218
 0 219
 0 220
 0 221
 0 222
 1 223
 0 224
 0 225
 0 226
 0 227
 0 228
 0 229
 0 230
 0 231
 0 232
 0 233
 0 234
 0 235
 0 236
 0 237
 0 238
 0 239
 0 240
 0 241
 0 242
 0 243
 0 244
 0 245
 0 246
 0 247
 0 248
 0 249
 0 250
 0 251
 0 252
 0 253
 0 254
 0 255
 0 256
 0 257
 0 258
 0 259
 0 260
 0 261
 0 262
 0 263
 0 264
 0 265
 0 266
 0 267
 0 268
 0 269
 0 270
 0 271
 0 272
 0 273
 0 274
 0 275
 0 276
 0 277
 0 278
 0 279
 0 280
 0 281
 1 282
 0 283
 0 284
 0 285
 1 286
 0 287
 0 288
 0 289
 2 290
 0 291
 0 292
 0 293
 0 294
 0 295
 2 296
 3 297
 1 298
 1 299
 1 300
 0 301
 2 302
 0 303
 1 304
 0 305
 3 306
 4 307
 2 308
 3 309
 3 310
 3 311
 2 312
 5 313
 2 314
 4 315
 5 316
 2 317
 4 318
 2 319
 4 320
 1 321
 1 322
 2 323
 2 324
 3 325
 2 326
 1 327
 1 328
 1 329
 2 330
 0 331
 3 332
 1 333
 3 334
 2 335
 1 336
 2 337
 4 338
 1 339
 1 340
 1 341
 6 342
 1 343
 1 344
 2 345
 0 346
 1 347
 3 348
 4 349
 3 350
 3 351
 1 352
 1 353
 3 354
 3 355
 1 356
 2 357
 1 358
 1 359
 2 360
 0 361
 0 362
 0 363
 1 364
 0 365
 1 366
 0 367
 1 368
 2 369
 1 370
 1 371
 1 372
 3 373
 1 374
 0 375
 1 376
 1 377
 0 378
 0 379
 1 380
 0 381
 1 382
 0 383
 2 384
 1 385
 1 386
 1 387
 1 388
 0 389
 0 390
 0 391
 0 392
 0 393
 0 394
 2 395
 0 396
 0 397
 0 398
 0 399
 1 400
 0 401
 0 402
 0 403
 0 404
 1 405
 0 406
 1 407
 0 408
 0 409
 0 410
 0 411
 0 412
 0 413
 0 414
 0 415
 0 416
 0 417
 0 418
 0 419
 0 420
 0 421
 0 422
 0 423
 0 424
 0 425
 1 426
 0 427
 0 428
 0 429
 0 430
 0 431
 0 432
 0 433
 0 434
 0 435
 0 436
 0 437
 0 438
 0 439
 0 440
 0 441
 0 442
 0 443
 0 444
 0 445
 0 446
 0 447
 0 448
 0 449
 0 450
 0 451
 0 452
 0 453
 0 454
 0 455
 0 456
 0 457
 0 458
 0 459
 0 460
 0 461
 0 462
 0 463
 0 464
 0 465
 0 466
 0 467
 0 468
 0 469
 0 470
 0 471
 0 472
 0 473
 0 474
 0 475
 0 476
 0 477
 0 478
 0 479
 0 480
 0 481
 0 482
 0 483
 0 484
 0 485
 0 486
 0 487
 0 488
 0 489
 0 490
 0 491
 0 492
 0 493
 0 494
 0 495
 0 496
 0 497
 0 498
 0 499
 0 500
 0 501
 0 502
 0 503
 0 504
 0 505
 0 506
 0 507
 0 508
 0 509
 0 510
 0 511
 0 512
 0 513
 0 514
 0 515
 0 516
 0 517
 0 518
 0 519
 0 520
 0 521
 0 522
 0 523
 0 524
 0 525
 0 526
 0 527
 0 528
 0 529
 0 530
 0 531
 0 532
 0 533
 0 534
 0 535
 0 536
 0 537
 0 538
 0 539
 0 540
 0 541
 0 542
 0 543
 0 544
 0 545
 0 546
 0 547
 0 548
 0 549
 0 550
 0 551
 0 552
 0 553
 0 554
 0 555
 0 556
 0 557
 0 558
 0 559
 0 560
 0 561
 0 562
 0 563
 0 564
 0 565
 0 566
 0 567
 0 568
 0 569
 0 570
 0 571
 0 572
 0 573
 0 574
 0 575
 0 576
 0 577
 0 578
 0 579
 0 580
 0 581
 0 582
 0 583
 0 584
 0 585
 0 586
 0 587
 0 588
 0 589
 0 590
 0 591
 0 592
 0 593
 0 594
 0 595
 0 596
 0 597
 0 598
 0 599
 0 600


