# Created by Octave 3.8.2, Mon Jun 22 22:42:44 2020 CEST <damian@fptrucha.inv.usc.es>
# name: hd
# type: matrix
# rows: 551
# columns: 2
 0 50
 0 51
 0 52
 0 53
 0 54
 0 55
 0 56
 0 57
 0 58
 0 59
 0 60
 0 61
 0 62
 0 63
 0 64
 0 65
 0 66
 0 67
 0 68
 0 69
 0 70
 0 71
 0 72
 0 73
 0 74
 0 75
 0 76
 0 77
 0 78
 0 79
 0 80
 0 81
 0 82
 0 83
 0 84
 0 85
 0 86
 1 87
 5 88
 16 89
 57 90
 141 91
 240 92
 347 93
 431 94
 626 95
 976 96
 1347 97
 1595 98
 1708 99
 1984 100
 1945 101
 1934 102
 1909 103
 1831 104
 1768 105
 1652 106
 1537 107
 1443 108
 1337 109
 1186 110
 1010 111
 1014 112
 896 113
 796 114
 741 115
 634 116
 532 117
 509 118
 439 119
 424 120
 372 121
 333 122
 271 123
 254 124
 257 125
 206 126
 198 127
 157 128
 187 129
 134 130
 154 131
 152 132
 137 133
 118 134
 112 135
 94 136
 85 137
 85 138
 76 139
 74 140
 73 141
 68 142
 69 143
 55 144
 50 145
 53 146
 49 147
 47 148
 36 149
 33 150
 54 151
 39 152
 25 153
 26 154
 31 155
 35 156
 26 157
 28 158
 27 159
 19 160
 17 161
 20 162
 16 163
 21 164
 10 165
 25 166
 11 167
 18 168
 12 169
 12 170
 17 171
 8 172
 19 173
 8 174
 5 175
 11 176
 6 177
 7 178
 6 179
 5 180
 5 181
 7 182
 9 183
 6 184
 2 185
 3 186
 3 187
 2 188
 4 189
 1 190
 2 191
 3 192
 2 193
 2 194
 1 195
 1 196
 2 197
 1 198
 4 199
 2 200
 2 201
 0 202
 0 203
 3 204
 2 205
 0 206
 0 207
 0 208
 1 209
 2 210
 1 211
 0 212
 1 213
 0 214
 1 215
 2 216
 0 217
 0 218
 1 219
 1 220
 0 221
 0 222
 0 223
 0 224
 0 225
 0 226
 0 227
 0 228
 0 229
 0 230
 0 231
 0 232
 0 233
 0 234
 0 235
 0 236
 0 237
 0 238
 0 239
 0 240
 0 241
 0 242
 0 243
 0 244
 0 245
 0 246
 0 247
 0 248
 0 249
 0 250
 0 251
 0 252
 0 253
 0 254
 0 255
 0 256
 0 257
 0 258
 0 259
 0 260
 0 261
 0 262
 0 263
 0 264
 0 265
 0 266
 0 267
 0 268
 0 269
 0 270
 0 271
 0 272
 0 273
 0 274
 0 275
 0 276
 0 277
 0 278
 1 279
 0 280
 0 281
 0 282
 0 283
 0 284
 0 285
 0 286
 0 287
 0 288
 1 289
 0 290
 0 291
 1 292
 1 293
 0 294
 0 295
 1 296
 1 297
 1 298
 0 299
 1 300
 0 301
 1 302
 1 303
 2 304
 2 305
 0 306
 0 307
 3 308
 3 309
 1 310
 1 311
 1 312
 1 313
 4 314
 4 315
 2 316
 3 317
 1 318
 1 319
 2 320
 1 321
 1 322
 1 323
 3 324
 3 325
 2 326
 1 327
 1 328
 4 329
 2 330
 1 331
 1 332
 5 333
 2 334
 1 335
 2 336
 4 337
 2 338
 1 339
 1 340
 0 341
 1 342
 3 343
 1 344
 1 345
 2 346
 1 347
 1 348
 1 349
 3 350
 1 351
 1 352
 1 353
 3 354
 1 355
 1 356
 0 357
 1 358
 1 359
 0 360
 2 361
 2 362
 1 363
 1 364
 1 365
 0 366
 1 367
 0 368
 1 369
 0 370
 1 371
 0 372
 1 373
 0 374
 0 375
 1 376
 1 377
 2 378
 0 379
 2 380
 1 381
 1 382
 0 383
 1 384
 0 385
 1 386
 0 387
 1 388
 0 389
 1 390
 0 391
 1 392
 0 393
 0 394
 0 395
 0 396
 0 397
 0 398
 0 399
 0 400
 0 401
 1 402
 0 403
 0 404
 0 405
 0 406
 0 407
 1 408
 1 409
 0 410
 0 411
 0 412
 0 413
 0 414
 0 415
 0 416
 0 417
 0 418
 0 419
 0 420
 0 421
 0 422
 0 423
 0 424
 0 425
 0 426
 0 427
 0 428
 0 429
 0 430
 0 431
 0 432
 0 433
 0 434
 0 435
 0 436
 0 437
 0 438
 1 439
 0 440
 0 441
 0 442
 0 443
 0 444
 0 445
 0 446
 0 447
 0 448
 0 449
 0 450
 0 451
 0 452
 0 453
 0 454
 0 455
 0 456
 0 457
 0 458
 0 459
 0 460
 0 461
 0 462
 0 463
 0 464
 0 465
 0 466
 0 467
 0 468
 0 469
 0 470
 0 471
 0 472
 0 473
 0 474
 0 475
 0 476
 0 477
 0 478
 0 479
 0 480
 0 481
 0 482
 0 483
 0 484
 0 485
 0 486
 0 487
 0 488
 0 489
 0 490
 0 491
 0 492
 0 493
 0 494
 0 495
 0 496
 0 497
 0 498
 0 499
 0 500
 0 501
 0 502
 0 503
 0 504
 0 505
 0 506
 0 507
 0 508
 0 509
 0 510
 0 511
 0 512
 0 513
 0 514
 0 515
 0 516
 0 517
 0 518
 0 519
 0 520
 0 521
 0 522
 0 523
 0 524
 0 525
 0 526
 0 527
 0 528
 0 529
 0 530
 0 531
 0 532
 0 533
 0 534
 0 535
 0 536
 0 537
 0 538
 0 539
 0 540
 0 541
 0 542
 0 543
 0 544
 0 545
 0 546
 0 547
 0 548
 0 549
 0 550
 0 551
 0 552
 0 553
 0 554
 0 555
 0 556
 0 557
 0 558
 0 559
 0 560
 0 561
 0 562
 0 563
 0 564
 0 565
 0 566
 0 567
 0 568
 0 569
 0 570
 0 571
 0 572
 0 573
 0 574
 0 575
 0 576
 0 577
 0 578
 0 579
 0 580
 0 581
 0 582
 0 583
 0 584
 0 585
 0 586
 0 587
 0 588
 0 589
 0 590
 0 591
 0 592
 0 593
 0 594
 0 595
 0 596
 0 597
 0 598
 0 599
 0 600


