# Created by Octave 3.8.2, Mon Jun 22 20:18:54 2020 CEST <damian@fptrucha.inv.usc.es>
# name: hd
# type: matrix
# rows: 551
# columns: 2
 0 50
 0 51
 0 52
 0 53
 0 54
 0 55
 0 56
 0 57
 0 58
 0 59
 0 60
 0 61
 0 62
 0 63
 0 64
 0 65
 0 66
 0 67
 0 68
 0 69
 0 70
 0 71
 0 72
 0 73
 0 74
 0 75
 0 76
 0 77
 0 78
 0 79
 0 80
 0 81
 0 82
 0 83
 0 84
 0 85
 0 86
 0 87
 0 88
 13 89
 44 90
 135 91
 203 92
 328 93
 431 94
 559 95
 844 96
 1238 97
 1516 98
 1623 99
 1777 100
 1848 101
 1893 102
 1888 103
 1780 104
 1762 105
 1597 106
 1488 107
 1419 108
 1328 109
 1251 110
 1078 111
 938 112
 880 113
 809 114
 715 115
 663 116
 579 117
 506 118
 477 119
 424 120
 406 121
 326 122
 289 123
 285 124
 234 125
 226 126
 215 127
 187 128
 169 129
 156 130
 149 131
 141 132
 134 133
 102 134
 107 135
 120 136
 88 137
 95 138
 75 139
 82 140
 62 141
 62 142
 88 143
 55 144
 60 145
 68 146
 58 147
 45 148
 53 149
 47 150
 31 151
 34 152
 32 153
 31 154
 43 155
 27 156
 32 157
 22 158
 26 159
 33 160
 25 161
 17 162
 23 163
 13 164
 20 165
 16 166
 11 167
 9 168
 12 169
 4 170
 11 171
 8 172
 8 173
 5 174
 12 175
 12 176
 4 177
 6 178
 4 179
 7 180
 8 181
 5 182
 2 183
 3 184
 5 185
 6 186
 4 187
 5 188
 3 189
 4 190
 2 191
 1 192
 2 193
 1 194
 3 195
 4 196
 3 197
 0 198
 1 199
 2 200
 1 201
 1 202
 4 203
 1 204
 0 205
 0 206
 0 207
 3 208
 2 209
 1 210
 1 211
 1 212
 0 213
 0 214
 1 215
 1 216
 0 217
 0 218
 1 219
 0 220
 0 221
 0 222
 0 223
 0 224
 1 225
 0 226
 0 227
 1 228
 0 229
 0 230
 0 231
 0 232
 0 233
 0 234
 0 235
 0 236
 0 237
 0 238
 0 239
 0 240
 0 241
 0 242
 0 243
 0 244
 0 245
 0 246
 0 247
 0 248
 0 249
 0 250
 0 251
 0 252
 0 253
 0 254
 0 255
 0 256
 0 257
 0 258
 0 259
 0 260
 0 261
 0 262
 0 263
 0 264
 0 265
 0 266
 0 267
 0 268
 0 269
 0 270
 0 271
 0 272
 0 273
 0 274
 0 275
 0 276
 0 277
 0 278
 0 279
 0 280
 0 281
 0 282
 1 283
 1 284
 0 285
 1 286
 1 287
 0 288
 1 289
 1 290
 2 291
 0 292
 1 293
 2 294
 2 295
 1 296
 1 297
 1 298
 0 299
 0 300
 4 301
 3 302
 2 303
 1 304
 0 305
 2 306
 1 307
 3 308
 2 309
 3 310
 3 311
 3 312
 2 313
 2 314
 4 315
 4 316
 1 317
 3 318
 1 319
 3 320
 1 321
 5 322
 1 323
 1 324
 3 325
 6 326
 1 327
 5 328
 3 329
 2 330
 4 331
 4 332
 3 333
 2 334
 3 335
 3 336
 6 337
 3 338
 5 339
 3 340
 2 341
 4 342
 1 343
 1 344
 2 345
 0 346
 2 347
 1 348
 2 349
 3 350
 2 351
 1 352
 1 353
 1 354
 2 355
 3 356
 1 357
 2 358
 1 359
 1 360
 1 361
 0 362
 1 363
 3 364
 0 365
 1 366
 0 367
 0 368
 2 369
 1 370
 2 371
 0 372
 0 373
 1 374
 1 375
 1 376
 0 377
 1 378
 0 379
 1 380
 1 381
 0 382
 1 383
 1 384
 0 385
 0 386
 0 387
 0 388
 0 389
 0 390
 1 391
 0 392
 0 393
 0 394
 0 395
 0 396
 0 397
 0 398
 0 399
 0 400
 0 401
 1 402
 0 403
 0 404
 0 405
 0 406
 0 407
 0 408
 0 409
 0 410
 1 411
 0 412
 0 413
 0 414
 0 415
 0 416
 0 417
 0 418
 0 419
 0 420
 0 421
 1 422
 1 423
 0 424
 0 425
 0 426
 0 427
 0 428
 1 429
 0 430
 0 431
 0 432
 0 433
 0 434
 0 435
 0 436
 0 437
 0 438
 0 439
 0 440
 0 441
 0 442
 0 443
 0 444
 0 445
 0 446
 0 447
 0 448
 0 449
 0 450
 0 451
 0 452
 0 453
 0 454
 0 455
 0 456
 0 457
 0 458
 0 459
 0 460
 0 461
 0 462
 0 463
 0 464
 0 465
 0 466
 0 467
 0 468
 0 469
 0 470
 0 471
 0 472
 0 473
 0 474
 0 475
 0 476
 0 477
 0 478
 0 479
 0 480
 0 481
 0 482
 0 483
 0 484
 0 485
 0 486
 0 487
 0 488
 0 489
 0 490
 0 491
 0 492
 0 493
 0 494
 0 495
 0 496
 0 497
 0 498
 0 499
 0 500
 0 501
 0 502
 0 503
 0 504
 0 505
 0 506
 0 507
 0 508
 0 509
 0 510
 0 511
 0 512
 0 513
 0 514
 0 515
 0 516
 0 517
 0 518
 0 519
 0 520
 0 521
 0 522
 0 523
 0 524
 0 525
 0 526
 0 527
 0 528
 0 529
 0 530
 0 531
 0 532
 0 533
 0 534
 0 535
 0 536
 0 537
 0 538
 0 539
 0 540
 0 541
 0 542
 0 543
 0 544
 0 545
 0 546
 0 547
 0 548
 0 549
 0 550
 0 551
 0 552
 0 553
 0 554
 0 555
 0 556
 0 557
 0 558
 0 559
 0 560
 0 561
 0 562
 0 563
 0 564
 0 565
 0 566
 0 567
 0 568
 0 569
 0 570
 0 571
 0 572
 0 573
 0 574
 0 575
 0 576
 0 577
 0 578
 0 579
 0 580
 0 581
 0 582
 0 583
 0 584
 0 585
 0 586
 0 587
 0 588
 0 589
 0 590
 0 591
 0 592
 0 593
 0 594
 0 595
 0 596
 0 597
 0 598
 0 599
 0 600


