# Created by Octave 3.8.2, Mon Jun 22 05:46:55 2020 CEST <damian@fptrucha.inv.usc.es>
# name: hd
# type: matrix
# rows: 551
# columns: 2
 0 50
 0 51
 0 52
 0 53
 0 54
 0 55
 0 56
 0 57
 0 58
 0 59
 0 60
 0 61
 0 62
 0 63
 0 64
 0 65
 0 66
 0 67
 0 68
 0 69
 0 70
 0 71
 0 72
 0 73
 0 74
 0 75
 0 76
 0 77
 0 78
 0 79
 0 80
 0 81
 0 82
 0 83
 0 84
 0 85
 1 86
 0 87
 1 88
 9 89
 21 90
 91 91
 156 92
 263 93
 358 94
 469 95
 687 96
 1006 97
 1399 98
 1501 99
 1567 100
 1673 101
 1705 102
 1681 103
 1607 104
 1560 105
 1444 106
 1381 107
 1217 108
 1180 109
 1059 110
 954 111
 889 112
 811 113
 726 114
 654 115
 537 116
 506 117
 479 118
 419 119
 375 120
 307 121
 322 122
 286 123
 235 124
 254 125
 167 126
 184 127
 192 128
 172 129
 143 130
 145 131
 130 132
 122 133
 118 134
 82 135
 104 136
 103 137
 99 138
 103 139
 95 140
 52 141
 65 142
 60 143
 66 144
 52 145
 55 146
 59 147
 49 148
 46 149
 53 150
 37 151
 36 152
 39 153
 31 154
 40 155
 28 156
 28 157
 17 158
 26 159
 24 160
 23 161
 20 162
 14 163
 15 164
 17 165
 21 166
 17 167
 14 168
 15 169
 11 170
 14 171
 14 172
 15 173
 12 174
 11 175
 5 176
 9 177
 12 178
 6 179
 9 180
 3 181
 9 182
 7 183
 3 184
 3 185
 4 186
 4 187
 6 188
 5 189
 6 190
 5 191
 0 192
 3 193
 3 194
 2 195
 6 196
 1 197
 1 198
 2 199
 1 200
 1 201
 0 202
 2 203
 2 204
 1 205
 0 206
 1 207
 2 208
 2 209
 0 210
 1 211
 1 212
 1 213
 1 214
 1 215
 0 216
 1 217
 0 218
 0 219
 0 220
 0 221
 0 222
 0 223
 0 224
 0 225
 0 226
 2 227
 1 228
 0 229
 0 230
 0 231
 0 232
 0 233
 0 234
 0 235
 1 236
 0 237
 0 238
 0 239
 0 240
 0 241
 0 242
 0 243
 0 244
 0 245
 0 246
 0 247
 0 248
 0 249
 0 250
 0 251
 0 252
 0 253
 0 254
 0 255
 0 256
 0 257
 0 258
 0 259
 0 260
 0 261
 0 262
 0 263
 0 264
 0 265
 0 266
 0 267
 1 268
 0 269
 0 270
 0 271
 0 272
 0 273
 0 274
 0 275
 0 276
 0 277
 0 278
 0 279
 0 280
 0 281
 0 282
 0 283
 0 284
 1 285
 1 286
 0 287
 1 288
 1 289
 0 290
 1 291
 0 292
 2 293
 0 294
 1 295
 1 296
 0 297
 0 298
 1 299
 3 300
 0 301
 0 302
 0 303
 4 304
 3 305
 5 306
 4 307
 1 308
 5 309
 1 310
 4 311
 4 312
 2 313
 2 314
 1 315
 4 316
 5 317
 3 318
 3 319
 1 320
 0 321
 1 322
 0 323
 3 324
 7 325
 5 326
 4 327
 3 328
 3 329
 2 330
 2 331
 1 332
 3 333
 1 334
 1 335
 3 336
 1 337
 6 338
 5 339
 4 340
 0 341
 3 342
 3 343
 0 344
 0 345
 4 346
 3 347
 3 348
 0 349
 6 350
 1 351
 2 352
 3 353
 3 354
 2 355
 2 356
 2 357
 3 358
 1 359
 1 360
 1 361
 1 362
 2 363
 0 364
 4 365
 0 366
 2 367
 1 368
 0 369
 4 370
 0 371
 1 372
 1 373
 0 374
 1 375
 0 376
 2 377
 1 378
 3 379
 0 380
 3 381
 1 382
 1 383
 1 384
 1 385
 0 386
 0 387
 1 388
 0 389
 0 390
 1 391
 0 392
 0 393
 0 394
 0 395
 0 396
 1 397
 0 398
 0 399
 0 400
 0 401
 0 402
 0 403
 0 404
 0 405
 0 406
 1 407
 0 408
 0 409
 0 410
 0 411
 0 412
 0 413
 0 414
 0 415
 0 416
 0 417
 0 418
 0 419
 0 420
 0 421
 0 422
 0 423
 0 424
 0 425
 0 426
 0 427
 0 428
 0 429
 0 430
 0 431
 0 432
 0 433
 0 434
 0 435
 0 436
 0 437
 0 438
 0 439
 0 440
 0 441
 0 442
 0 443
 0 444
 0 445
 0 446
 0 447
 0 448
 0 449
 0 450
 0 451
 0 452
 0 453
 0 454
 0 455
 0 456
 0 457
 0 458
 0 459
 0 460
 0 461
 0 462
 0 463
 0 464
 0 465
 0 466
 0 467
 0 468
 0 469
 0 470
 0 471
 0 472
 0 473
 0 474
 0 475
 0 476
 0 477
 0 478
 0 479
 0 480
 0 481
 0 482
 0 483
 0 484
 0 485
 0 486
 0 487
 0 488
 0 489
 0 490
 0 491
 0 492
 0 493
 0 494
 0 495
 0 496
 0 497
 0 498
 0 499
 0 500
 0 501
 0 502
 0 503
 0 504
 0 505
 0 506
 0 507
 0 508
 0 509
 0 510
 0 511
 0 512
 0 513
 0 514
 0 515
 0 516
 0 517
 0 518
 0 519
 0 520
 0 521
 0 522
 0 523
 0 524
 0 525
 0 526
 0 527
 0 528
 0 529
 0 530
 0 531
 0 532
 0 533
 0 534
 0 535
 0 536
 0 537
 0 538
 0 539
 0 540
 0 541
 0 542
 0 543
 0 544
 0 545
 0 546
 0 547
 0 548
 0 549
 0 550
 0 551
 0 552
 0 553
 0 554
 0 555
 0 556
 0 557
 0 558
 0 559
 0 560
 0 561
 0 562
 0 563
 0 564
 0 565
 0 566
 0 567
 0 568
 0 569
 0 570
 0 571
 0 572
 0 573
 0 574
 0 575
 0 576
 0 577
 0 578
 0 579
 0 580
 0 581
 0 582
 0 583
 0 584
 0 585
 0 586
 0 587
 0 588
 0 589
 0 590
 0 591
 0 592
 0 593
 0 594
 0 595
 0 596
 0 597
 0 598
 0 599
 0 600


