# Created by Octave 3.8.2, Sun Jun 21 06:10:57 2020 CEST <damian@fptrucha.inv.usc.es>
# name: hd
# type: matrix
# rows: 551
# columns: 2
 0 50
 0 51
 0 52
 0 53
 0 54
 0 55
 0 56
 0 57
 0 58
 0 59
 0 60
 0 61
 0 62
 0 63
 0 64
 0 65
 0 66
 0 67
 0 68
 0 69
 0 70
 0 71
 0 72
 0 73
 0 74
 0 75
 0 76
 0 77
 0 78
 0 79
 0 80
 0 81
 0 82
 0 83
 0 84
 0 85
 0 86
 3 87
 10 88
 21 89
 81 90
 116 91
 212 92
 262 93
 389 94
 577 95
 801 96
 1126 97
 1233 98
 1382 99
 1501 100
 1617 101
 1528 102
 1593 103
 1448 104
 1485 105
 1464 106
 1410 107
 1300 108
 1198 109
 1105 110
 1089 111
 981 112
 912 113
 804 114
 788 115
 714 116
 658 117
 581 118
 526 119
 488 120
 454 121
 378 122
 332 123
 331 124
 306 125
 221 126
 226 127
 230 128
 198 129
 197 130
 164 131
 147 132
 133 133
 113 134
 90 135
 101 136
 103 137
 89 138
 78 139
 88 140
 80 141
 56 142
 55 143
 58 144
 60 145
 48 146
 39 147
 48 148
 39 149
 41 150
 46 151
 34 152
 22 153
 31 154
 24 155
 33 156
 24 157
 20 158
 13 159
 21 160
 25 161
 16 162
 17 163
 17 164
 11 165
 12 166
 13 167
 12 168
 13 169
 0 170
 3 171
 9 172
 11 173
 9 174
 11 175
 4 176
 3 177
 5 178
 3 179
 4 180
 4 181
 4 182
 3 183
 2 184
 4 185
 1 186
 2 187
 4 188
 0 189
 6 190
 3 191
 0 192
 0 193
 2 194
 2 195
 2 196
 1 197
 2 198
 0 199
 1 200
 0 201
 1 202
 1 203
 0 204
 1 205
 0 206
 1 207
 1 208
 0 209
 1 210
 0 211
 0 212
 2 213
 0 214
 0 215
 1 216
 0 217
 0 218
 0 219
 0 220
 0 221
 0 222
 0 223
 0 224
 0 225
 0 226
 0 227
 1 228
 0 229
 0 230
 0 231
 0 232
 0 233
 0 234
 1 235
 1 236
 0 237
 0 238
 0 239
 0 240
 1 241
 0 242
 0 243
 0 244
 0 245
 0 246
 0 247
 0 248
 0 249
 0 250
 0 251
 0 252
 0 253
 0 254
 0 255
 0 256
 0 257
 0 258
 0 259
 0 260
 0 261
 0 262
 0 263
 0 264
 0 265
 0 266
 0 267
 0 268
 0 269
 0 270
 0 271
 0 272
 0 273
 0 274
 0 275
 0 276
 0 277
 0 278
 0 279
 0 280
 0 281
 0 282
 0 283
 0 284
 0 285
 0 286
 0 287
 0 288
 2 289
 0 290
 0 291
 0 292
 0 293
 0 294
 0 295
 0 296
 1 297
 2 298
 0 299
 0 300
 0 301
 2 302
 0 303
 1 304
 0 305
 0 306
 0 307
 0 308
 2 309
 2 310
 1 311
 1 312
 1 313
 0 314
 0 315
 1 316
 1 317
 2 318
 1 319
 2 320
 2 321
 3 322
 3 323
 2 324
 0 325
 1 326
 1 327
 1 328
 1 329
 1 330
 4 331
 1 332
 1 333
 1 334
 0 335
 3 336
 2 337
 0 338
 0 339
 1 340
 4 341
 0 342
 1 343
 3 344
 1 345
 2 346
 0 347
 0 348
 0 349
 2 350
 0 351
 2 352
 1 353
 1 354
 2 355
 4 356
 1 357
 0 358
 2 359
 1 360
 0 361
 1 362
 3 363
 1 364
 1 365
 2 366
 1 367
 1 368
 1 369
 1 370
 1 371
 0 372
 0 373
 0 374
 0 375
 1 376
 0 377
 0 378
 1 379
 0 380
 0 381
 0 382
 0 383
 2 384
 0 385
 1 386
 0 387
 1 388
 0 389
 2 390
 0 391
 1 392
 0 393
 0 394
 0 395
 0 396
 0 397
 0 398
 0 399
 0 400
 0 401
 1 402
 0 403
 0 404
 0 405
 1 406
 0 407
 1 408
 0 409
 0 410
 0 411
 0 412
 0 413
 0 414
 0 415
 0 416
 0 417
 0 418
 0 419
 0 420
 0 421
 0 422
 0 423
 0 424
 0 425
 0 426
 0 427
 0 428
 0 429
 0 430
 0 431
 0 432
 0 433
 0 434
 0 435
 0 436
 0 437
 0 438
 0 439
 0 440
 0 441
 0 442
 0 443
 0 444
 0 445
 0 446
 0 447
 0 448
 0 449
 0 450
 0 451
 0 452
 0 453
 0 454
 0 455
 0 456
 0 457
 0 458
 0 459
 0 460
 0 461
 0 462
 0 463
 0 464
 0 465
 0 466
 0 467
 0 468
 0 469
 0 470
 0 471
 0 472
 0 473
 0 474
 0 475
 0 476
 0 477
 0 478
 0 479
 0 480
 0 481
 0 482
 0 483
 0 484
 0 485
 0 486
 0 487
 0 488
 0 489
 0 490
 0 491
 0 492
 0 493
 0 494
 0 495
 0 496
 0 497
 0 498
 0 499
 0 500
 0 501
 0 502
 0 503
 0 504
 0 505
 0 506
 0 507
 0 508
 0 509
 0 510
 0 511
 0 512
 0 513
 0 514
 0 515
 0 516
 0 517
 0 518
 0 519
 0 520
 0 521
 0 522
 0 523
 0 524
 0 525
 0 526
 0 527
 0 528
 0 529
 0 530
 0 531
 0 532
 0 533
 0 534
 0 535
 0 536
 0 537
 0 538
 0 539
 0 540
 0 541
 0 542
 0 543
 0 544
 0 545
 0 546
 0 547
 0 548
 0 549
 0 550
 0 551
 0 552
 0 553
 0 554
 0 555
 0 556
 0 557
 0 558
 0 559
 0 560
 0 561
 0 562
 0 563
 0 564
 0 565
 0 566
 0 567
 0 568
 0 569
 0 570
 0 571
 0 572
 0 573
 0 574
 0 575
 0 576
 0 577
 0 578
 0 579
 0 580
 0 581
 0 582
 0 583
 0 584
 0 585
 0 586
 0 587
 0 588
 0 589
 0 590
 0 591
 0 592
 0 593
 0 594
 0 595
 0 596
 0 597
 0 598
 0 599
 0 600


