# Created by Octave 3.8.2, Mon Jun 22 12:51:12 2020 CEST <damian@fptrucha.inv.usc.es>
# name: hd
# type: matrix
# rows: 551
# columns: 2
 0 50
 0 51
 0 52
 0 53
 0 54
 0 55
 0 56
 0 57
 0 58
 0 59
 0 60
 0 61
 0 62
 0 63
 0 64
 0 65
 0 66
 0 67
 0 68
 0 69
 0 70
 0 71
 0 72
 0 73
 0 74
 0 75
 0 76
 0 77
 0 78
 0 79
 0 80
 0 81
 0 82
 0 83
 0 84
 0 85
 0 86
 1 87
 4 88
 16 89
 52 90
 115 91
 219 92
 326 93
 403 94
 573 95
 898 96
 1289 97
 1516 98
 1590 99
 1799 100
 1873 101
 1890 102
 1770 103
 1741 104
 1715 105
 1507 106
 1467 107
 1349 108
 1238 109
 1129 110
 997 111
 929 112
 834 113
 724 114
 686 115
 612 116
 541 117
 486 118
 441 119
 378 120
 340 121
 290 122
 291 123
 264 124
 236 125
 207 126
 178 127
 155 128
 177 129
 167 130
 122 131
 143 132
 107 133
 108 134
 112 135
 108 136
 87 137
 102 138
 87 139
 88 140
 70 141
 52 142
 55 143
 51 144
 51 145
 56 146
 61 147
 59 148
 43 149
 40 150
 29 151
 33 152
 49 153
 30 154
 30 155
 30 156
 38 157
 24 158
 21 159
 26 160
 30 161
 29 162
 17 163
 13 164
 14 165
 10 166
 21 167
 16 168
 5 169
 8 170
 8 171
 15 172
 7 173
 9 174
 12 175
 6 176
 9 177
 2 178
 3 179
 11 180
 6 181
 5 182
 5 183
 4 184
 3 185
 5 186
 5 187
 4 188
 7 189
 4 190
 0 191
 1 192
 1 193
 1 194
 1 195
 1 196
 2 197
 1 198
 1 199
 0 200
 3 201
 0 202
 0 203
 1 204
 0 205
 0 206
 1 207
 1 208
 0 209
 0 210
 0 211
 0 212
 0 213
 0 214
 0 215
 0 216
 1 217
 0 218
 0 219
 0 220
 0 221
 0 222
 0 223
 0 224
 0 225
 0 226
 1 227
 0 228
 0 229
 1 230
 0 231
 0 232
 0 233
 0 234
 0 235
 2 236
 0 237
 0 238
 0 239
 0 240
 0 241
 0 242
 0 243
 0 244
 0 245
 0 246
 0 247
 0 248
 0 249
 0 250
 0 251
 0 252
 0 253
 0 254
 0 255
 0 256
 0 257
 0 258
 0 259
 0 260
 0 261
 0 262
 0 263
 0 264
 0 265
 0 266
 0 267
 0 268
 0 269
 0 270
 0 271
 0 272
 0 273
 0 274
 0 275
 0 276
 0 277
 0 278
 0 279
 0 280
 0 281
 0 282
 0 283
 0 284
 0 285
 0 286
 2 287
 0 288
 0 289
 0 290
 1 291
 0 292
 0 293
 1 294
 2 295
 0 296
 0 297
 0 298
 3 299
 0 300
 2 301
 1 302
 1 303
 3 304
 1 305
 0 306
 1 307
 1 308
 2 309
 1 310
 3 311
 3 312
 0 313
 2 314
 1 315
 4 316
 3 317
 1 318
 2 319
 4 320
 2 321
 2 322
 3 323
 4 324
 0 325
 1 326
 1 327
 4 328
 4 329
 4 330
 2 331
 5 332
 2 333
 4 334
 1 335
 6 336
 1 337
 1 338
 2 339
 3 340
 2 341
 3 342
 4 343
 5 344
 6 345
 0 346
 6 347
 4 348
 1 349
 2 350
 0 351
 0 352
 1 353
 2 354
 2 355
 0 356
 1 357
 2 358
 2 359
 2 360
 1 361
 2 362
 2 363
 1 364
 2 365
 2 366
 2 367
 1 368
 2 369
 2 370
 1 371
 1 372
 1 373
 2 374
 2 375
 0 376
 1 377
 0 378
 1 379
 0 380
 0 381
 0 382
 0 383
 0 384
 0 385
 0 386
 1 387
 1 388
 0 389
 0 390
 0 391
 0 392
 0 393
 0 394
 0 395
 0 396
 0 397
 0 398
 0 399
 1 400
 0 401
 0 402
 0 403
 0 404
 0 405
 0 406
 0 407
 1 408
 1 409
 0 410
 0 411
 0 412
 0 413
 0 414
 0 415
 0 416
 0 417
 0 418
 0 419
 0 420
 0 421
 0 422
 0 423
 0 424
 0 425
 0 426
 0 427
 0 428
 0 429
 0 430
 0 431
 0 432
 0 433
 0 434
 0 435
 0 436
 0 437
 0 438
 0 439
 0 440
 0 441
 0 442
 0 443
 0 444
 0 445
 0 446
 0 447
 0 448
 0 449
 0 450
 0 451
 0 452
 0 453
 0 454
 0 455
 0 456
 0 457
 0 458
 0 459
 0 460
 0 461
 0 462
 0 463
 0 464
 0 465
 0 466
 0 467
 0 468
 0 469
 0 470
 0 471
 0 472
 0 473
 0 474
 0 475
 0 476
 0 477
 0 478
 0 479
 0 480
 0 481
 0 482
 0 483
 0 484
 0 485
 0 486
 0 487
 0 488
 0 489
 0 490
 0 491
 0 492
 0 493
 0 494
 0 495
 0 496
 0 497
 0 498
 0 499
 0 500
 0 501
 0 502
 0 503
 0 504
 0 505
 0 506
 0 507
 0 508
 0 509
 0 510
 0 511
 0 512
 0 513
 0 514
 0 515
 0 516
 0 517
 0 518
 0 519
 0 520
 0 521
 0 522
 0 523
 0 524
 0 525
 0 526
 0 527
 0 528
 0 529
 0 530
 0 531
 0 532
 0 533
 0 534
 0 535
 0 536
 0 537
 0 538
 0 539
 0 540
 0 541
 0 542
 0 543
 0 544
 0 545
 0 546
 0 547
 0 548
 0 549
 0 550
 0 551
 0 552
 0 553
 0 554
 0 555
 0 556
 0 557
 0 558
 0 559
 0 560
 0 561
 0 562
 0 563
 0 564
 0 565
 0 566
 0 567
 0 568
 0 569
 0 570
 0 571
 0 572
 0 573
 0 574
 0 575
 0 576
 0 577
 0 578
 0 579
 0 580
 0 581
 0 582
 0 583
 0 584
 0 585
 0 586
 0 587
 0 588
 0 589
 0 590
 0 591
 0 592
 0 593
 0 594
 0 595
 0 596
 0 597
 0 598
 0 599
 0 600


