# Created by Octave 3.8.2, Mon Jun 22 07:31:27 2020 CEST <damian@fptrucha.inv.usc.es>
# name: hd
# type: matrix
# rows: 551
# columns: 2
 0 50
 0 51
 0 52
 0 53
 0 54
 0 55
 0 56
 0 57
 0 58
 0 59
 0 60
 0 61
 0 62
 0 63
 0 64
 0 65
 0 66
 0 67
 0 68
 0 69
 0 70
 0 71
 0 72
 0 73
 0 74
 0 75
 0 76
 0 77
 0 78
 0 79
 0 80
 0 81
 0 82
 0 83
 0 84
 0 85
 0 86
 0 87
 0 88
 7 89
 24 90
 108 91
 165 92
 257 93
 377 94
 516 95
 694 96
 1098 97
 1367 98
 1548 99
 1625 100
 1777 101
 1750 102
 1641 103
 1640 104
 1580 105
 1556 106
 1380 107
 1227 108
 1146 109
 1073 110
 934 111
 824 112
 836 113
 715 114
 688 115
 604 116
 502 117
 468 118
 401 119
 407 120
 335 121
 328 122
 297 123
 245 124
 247 125
 215 126
 193 127
 181 128
 163 129
 167 130
 146 131
 130 132
 110 133
 96 134
 96 135
 96 136
 67 137
 70 138
 82 139
 73 140
 66 141
 71 142
 68 143
 53 144
 48 145
 44 146
 48 147
 45 148
 52 149
 43 150
 39 151
 41 152
 35 153
 41 154
 32 155
 24 156
 35 157
 18 158
 27 159
 27 160
 16 161
 24 162
 16 163
 24 164
 11 165
 10 166
 16 167
 14 168
 14 169
 14 170
 14 171
 12 172
 10 173
 5 174
 9 175
 6 176
 3 177
 5 178
 7 179
 4 180
 7 181
 6 182
 5 183
 5 184
 4 185
 5 186
 8 187
 6 188
 3 189
 3 190
 2 191
 2 192
 2 193
 4 194
 4 195
 1 196
 3 197
 2 198
 0 199
 2 200
 3 201
 0 202
 2 203
 3 204
 1 205
 1 206
 2 207
 0 208
 0 209
 1 210
 0 211
 1 212
 0 213
 1 214
 0 215
 1 216
 0 217
 0 218
 0 219
 0 220
 0 221
 1 222
 1 223
 0 224
 0 225
 1 226
 0 227
 1 228
 0 229
 0 230
 0 231
 0 232
 0 233
 0 234
 0 235
 0 236
 0 237
 0 238
 0 239
 0 240
 0 241
 0 242
 0 243
 0 244
 0 245
 0 246
 0 247
 0 248
 0 249
 1 250
 0 251
 0 252
 0 253
 0 254
 0 255
 0 256
 0 257
 0 258
 0 259
 0 260
 0 261
 0 262
 0 263
 0 264
 0 265
 0 266
 0 267
 0 268
 0 269
 0 270
 0 271
 0 272
 0 273
 0 274
 0 275
 0 276
 0 277
 0 278
 0 279
 0 280
 0 281
 0 282
 0 283
 0 284
 0 285
 0 286
 1 287
 1 288
 0 289
 1 290
 1 291
 1 292
 0 293
 2 294
 3 295
 3 296
 2 297
 1 298
 3 299
 1 300
 0 301
 1 302
 3 303
 1 304
 1 305
 0 306
 1 307
 0 308
 4 309
 3 310
 2 311
 4 312
 0 313
 1 314
 0 315
 1 316
 2 317
 3 318
 2 319
 0 320
 2 321
 4 322
 6 323
 2 324
 4 325
 0 326
 1 327
 3 328
 3 329
 3 330
 3 331
 4 332
 1 333
 0 334
 2 335
 2 336
 3 337
 1 338
 2 339
 2 340
 4 341
 1 342
 3 343
 3 344
 2 345
 1 346
 3 347
 3 348
 0 349
 2 350
 3 351
 8 352
 3 353
 1 354
 2 355
 5 356
 0 357
 1 358
 1 359
 6 360
 2 361
 3 362
 3 363
 2 364
 2 365
 1 366
 1 367
 2 368
 0 369
 1 370
 0 371
 1 372
 2 373
 0 374
 0 375
 0 376
 0 377
 1 378
 0 379
 0 380
 2 381
 1 382
 2 383
 0 384
 0 385
 0 386
 1 387
 1 388
 0 389
 1 390
 0 391
 1 392
 0 393
 0 394
 0 395
 0 396
 0 397
 0 398
 0 399
 0 400
 0 401
 0 402
 0 403
 0 404
 0 405
 1 406
 0 407
 0 408
 0 409
 0 410
 0 411
 0 412
 0 413
 0 414
 0 415
 0 416
 0 417
 1 418
 0 419
 0 420
 0 421
 0 422
 0 423
 0 424
 0 425
 0 426
 0 427
 0 428
 0 429
 0 430
 0 431
 0 432
 0 433
 0 434
 0 435
 0 436
 0 437
 0 438
 0 439
 0 440
 0 441
 0 442
 0 443
 0 444
 0 445
 1 446
 0 447
 0 448
 0 449
 0 450
 0 451
 0 452
 0 453
 0 454
 0 455
 0 456
 0 457
 0 458
 0 459
 0 460
 0 461
 0 462
 0 463
 0 464
 0 465
 0 466
 0 467
 0 468
 0 469
 0 470
 0 471
 0 472
 0 473
 0 474
 0 475
 0 476
 0 477
 0 478
 0 479
 0 480
 0 481
 0 482
 0 483
 0 484
 0 485
 0 486
 0 487
 0 488
 0 489
 0 490
 0 491
 0 492
 0 493
 0 494
 0 495
 0 496
 0 497
 0 498
 0 499
 0 500
 0 501
 0 502
 0 503
 0 504
 0 505
 0 506
 0 507
 0 508
 0 509
 0 510
 0 511
 0 512
 0 513
 0 514
 0 515
 0 516
 0 517
 0 518
 0 519
 0 520
 0 521
 0 522
 0 523
 0 524
 0 525
 0 526
 0 527
 0 528
 0 529
 0 530
 0 531
 0 532
 0 533
 0 534
 0 535
 0 536
 0 537
 0 538
 0 539
 0 540
 0 541
 0 542
 0 543
 0 544
 0 545
 0 546
 0 547
 0 548
 0 549
 0 550
 0 551
 0 552
 0 553
 0 554
 0 555
 0 556
 0 557
 0 558
 0 559
 0 560
 0 561
 0 562
 0 563
 0 564
 0 565
 0 566
 0 567
 0 568
 0 569
 0 570
 0 571
 0 572
 0 573
 0 574
 0 575
 0 576
 0 577
 0 578
 0 579
 0 580
 0 581
 0 582
 0 583
 0 584
 0 585
 0 586
 0 587
 0 588
 0 589
 0 590
 0 591
 0 592
 0 593
 0 594
 0 595
 0 596
 0 597
 0 598
 0 599
 0 600


