# Created by Octave 3.8.2, Mon Jun 22 16:13:47 2020 CEST <damian@fptrucha.inv.usc.es>
# name: hd
# type: matrix
# rows: 551
# columns: 2
 0 50
 0 51
 0 52
 0 53
 0 54
 0 55
 0 56
 0 57
 0 58
 0 59
 0 60
 0 61
 0 62
 0 63
 0 64
 0 65
 0 66
 0 67
 0 68
 0 69
 0 70
 0 71
 0 72
 0 73
 0 74
 0 75
 0 76
 0 77
 0 78
 0 79
 0 80
 0 81
 0 82
 0 83
 0 84
 0 85
 0 86
 1 87
 5 88
 12 89
 48 90
 125 91
 225 92
 353 93
 456 94
 646 95
 903 96
 1370 97
 1661 98
 1691 99
 1917 100
 2031 101
 1979 102
 1847 103
 1912 104
 1732 105
 1591 106
 1498 107
 1357 108
 1284 109
 1170 110
 1031 111
 904 112
 774 113
 763 114
 620 115
 570 116
 548 117
 457 118
 413 119
 366 120
 289 121
 268 122
 255 123
 229 124
 237 125
 182 126
 175 127
 158 128
 159 129
 141 130
 130 131
 104 132
 105 133
 110 134
 76 135
 82 136
 62 137
 109 138
 63 139
 71 140
 60 141
 44 142
 50 143
 42 144
 40 145
 42 146
 39 147
 42 148
 39 149
 36 150
 29 151
 35 152
 30 153
 33 154
 22 155
 26 156
 24 157
 29 158
 19 159
 24 160
 23 161
 21 162
 18 163
 18 164
 20 165
 15 166
 9 167
 8 168
 8 169
 13 170
 7 171
 10 172
 8 173
 5 174
 10 175
 4 176
 3 177
 7 178
 4 179
 4 180
 7 181
 1 182
 5 183
 2 184
 4 185
 4 186
 2 187
 2 188
 5 189
 2 190
 4 191
 3 192
 2 193
 0 194
 1 195
 0 196
 3 197
 1 198
 1 199
 0 200
 2 201
 1 202
 1 203
 0 204
 0 205
 0 206
 0 207
 0 208
 0 209
 0 210
 1 211
 0 212
 1 213
 0 214
 1 215
 0 216
 0 217
 0 218
 0 219
 0 220
 0 221
 0 222
 0 223
 0 224
 0 225
 0 226
 0 227
 0 228
 0 229
 0 230
 0 231
 0 232
 0 233
 0 234
 0 235
 0 236
 0 237
 0 238
 0 239
 0 240
 0 241
 0 242
 0 243
 0 244
 0 245
 0 246
 0 247
 0 248
 0 249
 0 250
 0 251
 0 252
 0 253
 0 254
 0 255
 0 256
 0 257
 0 258
 0 259
 0 260
 0 261
 0 262
 0 263
 0 264
 0 265
 0 266
 1 267
 0 268
 0 269
 0 270
 0 271
 0 272
 1 273
 0 274
 0 275
 0 276
 0 277
 0 278
 0 279
 0 280
 1 281
 1 282
 0 283
 0 284
 0 285
 1 286
 0 287
 0 288
 1 289
 0 290
 0 291
 0 292
 1 293
 1 294
 1 295
 0 296
 1 297
 0 298
 2 299
 2 300
 1 301
 1 302
 0 303
 0 304
 1 305
 1 306
 1 307
 0 308
 0 309
 1 310
 1 311
 0 312
 6 313
 0 314
 2 315
 3 316
 1 317
 4 318
 4 319
 3 320
 1 321
 2 322
 1 323
 3 324
 0 325
 1 326
 2 327
 0 328
 1 329
 4 330
 3 331
 1 332
 3 333
 4 334
 2 335
 5 336
 2 337
 0 338
 2 339
 0 340
 1 341
 2 342
 4 343
 2 344
 0 345
 0 346
 3 347
 0 348
 0 349
 1 350
 5 351
 0 352
 5 353
 1 354
 3 355
 1 356
 1 357
 1 358
 0 359
 2 360
 0 361
 1 362
 4 363
 0 364
 1 365
 0 366
 2 367
 0 368
 2 369
 0 370
 2 371
 0 372
 2 373
 1 374
 1 375
 1 376
 0 377
 0 378
 1 379
 1 380
 0 381
 1 382
 0 383
 1 384
 0 385
 0 386
 1 387
 0 388
 0 389
 0 390
 0 391
 0 392
 0 393
 0 394
 1 395
 0 396
 1 397
 0 398
 0 399
 1 400
 0 401
 0 402
 0 403
 0 404
 0 405
 0 406
 0 407
 0 408
 0 409
 0 410
 0 411
 0 412
 0 413
 0 414
 0 415
 0 416
 0 417
 0 418
 0 419
 0 420
 0 421
 0 422
 0 423
 0 424
 0 425
 0 426
 0 427
 0 428
 0 429
 0 430
 0 431
 0 432
 0 433
 0 434
 0 435
 0 436
 0 437
 0 438
 0 439
 0 440
 0 441
 0 442
 0 443
 0 444
 0 445
 0 446
 0 447
 0 448
 0 449
 0 450
 0 451
 0 452
 0 453
 0 454
 0 455
 0 456
 0 457
 0 458
 0 459
 0 460
 0 461
 0 462
 0 463
 0 464
 0 465
 0 466
 0 467
 0 468
 0 469
 0 470
 0 471
 0 472
 0 473
 0 474
 0 475
 0 476
 0 477
 0 478
 0 479
 0 480
 0 481
 0 482
 0 483
 0 484
 0 485
 0 486
 0 487
 0 488
 0 489
 0 490
 0 491
 0 492
 0 493
 0 494
 0 495
 0 496
 0 497
 0 498
 0 499
 0 500
 0 501
 0 502
 0 503
 0 504
 0 505
 0 506
 0 507
 0 508
 0 509
 0 510
 0 511
 0 512
 0 513
 0 514
 0 515
 0 516
 0 517
 0 518
 0 519
 0 520
 0 521
 0 522
 0 523
 0 524
 0 525
 0 526
 0 527
 0 528
 0 529
 0 530
 0 531
 0 532
 0 533
 0 534
 0 535
 0 536
 0 537
 0 538
 0 539
 0 540
 0 541
 0 542
 0 543
 0 544
 0 545
 0 546
 0 547
 0 548
 0 549
 0 550
 0 551
 0 552
 0 553
 0 554
 0 555
 0 556
 0 557
 0 558
 0 559
 0 560
 0 561
 0 562
 0 563
 0 564
 0 565
 0 566
 0 567
 0 568
 0 569
 0 570
 0 571
 0 572
 0 573
 0 574
 0 575
 0 576
 0 577
 0 578
 0 579
 0 580
 0 581
 0 582
 0 583
 0 584
 0 585
 0 586
 0 587
 0 588
 0 589
 0 590
 0 591
 0 592
 0 593
 0 594
 0 595
 0 596
 0 597
 0 598
 0 599
 0 600


