# Created by Octave 3.8.2, Sat Jun 20 16:08:03 2020 CEST <damian@fptrucha.inv.usc.es>
# name: hd
# type: matrix
# rows: 551
# columns: 2
 0 50
 0 51
 0 52
 0 53
 0 54
 0 55
 0 56
 0 57
 0 58
 0 59
 0 60
 0 61
 0 62
 0 63
 0 64
 0 65
 0 66
 0 67
 0 68
 0 69
 0 70
 0 71
 0 72
 0 73
 0 74
 0 75
 0 76
 0 77
 0 78
 0 79
 0 80
 0 81
 0 82
 0 83
 0 84
 0 85
 0 86
 3 87
 3 88
 17 89
 72 90
 137 91
 218 92
 307 93
 389 94
 572 95
 886 96
 1096 97
 1317 98
 1456 99
 1542 100
 1616 101
 1655 102
 1620 103
 1629 104
 1630 105
 1452 106
 1463 107
 1354 108
 1240 109
 1260 110
 1090 111
 1075 112
 949 113
 861 114
 782 115
 705 116
 635 117
 571 118
 514 119
 477 120
 448 121
 418 122
 354 123
 318 124
 327 125
 255 126
 218 127
 216 128
 221 129
 198 130
 167 131
 145 132
 142 133
 127 134
 125 135
 133 136
 91 137
 108 138
 91 139
 88 140
 83 141
 79 142
 75 143
 63 144
 58 145
 56 146
 58 147
 42 148
 40 149
 52 150
 38 151
 28 152
 37 153
 38 154
 28 155
 35 156
 32 157
 20 158
 24 159
 17 160
 19 161
 24 162
 11 163
 22 164
 9 165
 8 166
 10 167
 11 168
 10 169
 13 170
 7 171
 6 172
 7 173
 10 174
 3 175
 10 176
 6 177
 9 178
 9 179
 3 180
 10 181
 4 182
 3 183
 8 184
 3 185
 6 186
 2 187
 2 188
 5 189
 2 190
 2 191
 2 192
 1 193
 2 194
 0 195
 3 196
 1 197
 0 198
 2 199
 2 200
 2 201
 0 202
 2 203
 2 204
 0 205
 0 206
 0 207
 0 208
 3 209
 0 210
 0 211
 1 212
 0 213
 0 214
 0 215
 1 216
 0 217
 2 218
 1 219
 0 220
 0 221
 1 222
 0 223
 0 224
 0 225
 1 226
 0 227
 0 228
 0 229
 0 230
 0 231
 0 232
 0 233
 0 234
 0 235
 0 236
 0 237
 0 238
 0 239
 0 240
 0 241
 0 242
 0 243
 0 244
 0 245
 0 246
 1 247
 0 248
 0 249
 0 250
 0 251
 0 252
 0 253
 0 254
 0 255
 0 256
 0 257
 0 258
 0 259
 0 260
 0 261
 0 262
 0 263
 0 264
 0 265
 0 266
 0 267
 0 268
 0 269
 1 270
 0 271
 0 272
 0 273
 0 274
 0 275
 0 276
 1 277
 0 278
 0 279
 0 280
 0 281
 0 282
 0 283
 0 284
 0 285
 0 286
 0 287
 0 288
 0 289
 0 290
 1 291
 1 292
 1 293
 0 294
 0 295
 1 296
 0 297
 0 298
 2 299
 1 300
 0 301
 1 302
 0 303
 3 304
 3 305
 1 306
 2 307
 1 308
 1 309
 0 310
 0 311
 2 312
 1 313
 2 314
 2 315
 2 316
 2 317
 1 318
 1 319
 2 320
 2 321
 2 322
 1 323
 1 324
 2 325
 0 326
 1 327
 2 328
 3 329
 4 330
 5 331
 2 332
 0 333
 4 334
 1 335
 4 336
 1 337
 2 338
 3 339
 4 340
 3 341
 1 342
 0 343
 0 344
 4 345
 1 346
 3 347
 2 348
 0 349
 1 350
 3 351
 0 352
 3 353
 3 354
 0 355
 0 356
 3 357
 5 358
 0 359
 0 360
 1 361
 0 362
 0 363
 0 364
 1 365
 1 366
 0 367
 0 368
 0 369
 2 370
 0 371
 0 372
 2 373
 0 374
 0 375
 0 376
 0 377
 0 378
 1 379
 2 380
 3 381
 1 382
 1 383
 1 384
 0 385
 0 386
 3 387
 0 388
 0 389
 0 390
 0 391
 0 392
 1 393
 0 394
 1 395
 0 396
 1 397
 0 398
 0 399
 0 400
 1 401
 0 402
 0 403
 0 404
 0 405
 0 406
 0 407
 0 408
 0 409
 0 410
 0 411
 0 412
 0 413
 0 414
 1 415
 0 416
 0 417
 0 418
 0 419
 0 420
 0 421
 0 422
 0 423
 0 424
 0 425
 0 426
 0 427
 0 428
 1 429
 0 430
 0 431
 0 432
 0 433
 0 434
 0 435
 0 436
 0 437
 0 438
 0 439
 0 440
 0 441
 0 442
 0 443
 0 444
 0 445
 0 446
 0 447
 0 448
 0 449
 0 450
 0 451
 0 452
 0 453
 0 454
 0 455
 0 456
 0 457
 0 458
 0 459
 0 460
 0 461
 0 462
 0 463
 0 464
 0 465
 0 466
 0 467
 0 468
 0 469
 0 470
 0 471
 0 472
 0 473
 0 474
 0 475
 0 476
 0 477
 0 478
 0 479
 0 480
 0 481
 0 482
 0 483
 0 484
 0 485
 0 486
 0 487
 0 488
 0 489
 0 490
 0 491
 0 492
 0 493
 0 494
 0 495
 0 496
 0 497
 0 498
 0 499
 0 500
 0 501
 0 502
 0 503
 0 504
 0 505
 0 506
 0 507
 0 508
 0 509
 0 510
 0 511
 0 512
 0 513
 0 514
 0 515
 0 516
 0 517
 0 518
 0 519
 0 520
 0 521
 0 522
 0 523
 0 524
 0 525
 0 526
 0 527
 0 528
 0 529
 0 530
 0 531
 0 532
 0 533
 0 534
 0 535
 0 536
 0 537
 0 538
 0 539
 0 540
 0 541
 0 542
 0 543
 0 544
 0 545
 0 546
 0 547
 0 548
 0 549
 0 550
 0 551
 0 552
 0 553
 0 554
 0 555
 0 556
 0 557
 0 558
 0 559
 0 560
 0 561
 0 562
 0 563
 0 564
 0 565
 0 566
 0 567
 0 568
 0 569
 0 570
 0 571
 0 572
 0 573
 0 574
 0 575
 0 576
 0 577
 0 578
 0 579
 0 580
 0 581
 0 582
 0 583
 0 584
 0 585
 0 586
 0 587
 0 588
 0 589
 0 590
 0 591
 0 592
 0 593
 0 594
 0 595
 0 596
 0 597
 0 598
 0 599
 0 600


