# Created by Octave 3.8.2, Mon Jun 22 12:05:40 2020 CEST <damian@fptrucha.inv.usc.es>
# name: hd
# type: matrix
# rows: 551
# columns: 2
 0 50
 0 51
 0 52
 0 53
 0 54
 0 55
 0 56
 0 57
 0 58
 0 59
 0 60
 0 61
 0 62
 0 63
 0 64
 0 65
 0 66
 0 67
 0 68
 0 69
 0 70
 0 71
 0 72
 0 73
 0 74
 0 75
 0 76
 0 77
 0 78
 0 79
 0 80
 0 81
 0 82
 0 83
 1 84
 0 85
 0 86
 1 87
 2 88
 10 89
 45 90
 136 91
 205 92
 308 93
 398 94
 591 95
 873 96
 1295 97
 1447 98
 1596 99
 1733 100
 1804 101
 1770 102
 1837 103
 1770 104
 1631 105
 1659 106
 1418 107
 1305 108
 1185 109
 1127 110
 1040 111
 915 112
 799 113
 735 114
 682 115
 630 116
 494 117
 455 118
 395 119
 402 120
 363 121
 320 122
 252 123
 218 124
 220 125
 193 126
 197 127
 170 128
 158 129
 145 130
 131 131
 141 132
 105 133
 112 134
 114 135
 104 136
 73 137
 81 138
 81 139
 76 140
 69 141
 82 142
 66 143
 65 144
 48 145
 59 146
 29 147
 38 148
 47 149
 41 150
 31 151
 30 152
 33 153
 37 154
 27 155
 31 156
 30 157
 20 158
 25 159
 18 160
 27 161
 23 162
 21 163
 22 164
 17 165
 13 166
 7 167
 12 168
 10 169
 14 170
 14 171
 9 172
 14 173
 6 174
 8 175
 6 176
 7 177
 10 178
 7 179
 10 180
 5 181
 5 182
 7 183
 3 184
 1 185
 6 186
 6 187
 3 188
 3 189
 3 190
 4 191
 3 192
 1 193
 1 194
 1 195
 3 196
 2 197
 2 198
 2 199
 1 200
 0 201
 0 202
 0 203
 1 204
 0 205
 0 206
 0 207
 2 208
 0 209
 1 210
 1 211
 1 212
 1 213
 0 214
 1 215
 0 216
 0 217
 0 218
 0 219
 0 220
 0 221
 0 222
 0 223
 0 224
 0 225
 0 226
 0 227
 0 228
 0 229
 0 230
 0 231
 0 232
 1 233
 1 234
 0 235
 0 236
 0 237
 0 238
 1 239
 0 240
 0 241
 0 242
 0 243
 0 244
 0 245
 0 246
 0 247
 0 248
 0 249
 0 250
 0 251
 0 252
 0 253
 0 254
 0 255
 0 256
 0 257
 0 258
 0 259
 0 260
 0 261
 0 262
 0 263
 0 264
 0 265
 0 266
 0 267
 0 268
 0 269
 0 270
 0 271
 0 272
 0 273
 0 274
 0 275
 0 276
 0 277
 0 278
 0 279
 0 280
 1 281
 0 282
 1 283
 0 284
 2 285
 0 286
 0 287
 0 288
 1 289
 1 290
 0 291
 0 292
 1 293
 0 294
 3 295
 1 296
 2 297
 2 298
 0 299
 1 300
 1 301
 4 302
 1 303
 0 304
 4 305
 4 306
 1 307
 0 308
 1 309
 5 310
 2 311
 1 312
 4 313
 1 314
 0 315
 2 316
 1 317
 0 318
 3 319
 2 320
 2 321
 1 322
 1 323
 6 324
 1 325
 4 326
 4 327
 2 328
 1 329
 2 330
 4 331
 3 332
 0 333
 1 334
 0 335
 1 336
 2 337
 2 338
 2 339
 1 340
 1 341
 0 342
 0 343
 2 344
 1 345
 3 346
 2 347
 0 348
 3 349
 0 350
 0 351
 3 352
 2 353
 2 354
 1 355
 2 356
 3 357
 0 358
 2 359
 3 360
 1 361
 0 362
 0 363
 1 364
 0 365
 1 366
 1 367
 3 368
 2 369
 1 370
 1 371
 0 372
 0 373
 0 374
 0 375
 2 376
 2 377
 0 378
 1 379
 1 380
 0 381
 0 382
 0 383
 1 384
 0 385
 1 386
 0 387
 0 388
 1 389
 0 390
 0 391
 0 392
 0 393
 0 394
 0 395
 1 396
 0 397
 0 398
 0 399
 0 400
 0 401
 0 402
 0 403
 0 404
 0 405
 0 406
 0 407
 1 408
 0 409
 0 410
 0 411
 0 412
 0 413
 0 414
 0 415
 0 416
 0 417
 1 418
 0 419
 0 420
 0 421
 0 422
 0 423
 0 424
 0 425
 0 426
 0 427
 0 428
 0 429
 0 430
 0 431
 0 432
 0 433
 0 434
 0 435
 0 436
 0 437
 0 438
 0 439
 0 440
 0 441
 0 442
 0 443
 0 444
 0 445
 0 446
 0 447
 0 448
 0 449
 0 450
 0 451
 0 452
 0 453
 0 454
 0 455
 0 456
 0 457
 0 458
 0 459
 0 460
 0 461
 0 462
 0 463
 0 464
 0 465
 0 466
 0 467
 0 468
 0 469
 0 470
 0 471
 0 472
 0 473
 0 474
 0 475
 0 476
 0 477
 0 478
 0 479
 0 480
 0 481
 0 482
 0 483
 0 484
 0 485
 0 486
 0 487
 0 488
 0 489
 0 490
 0 491
 0 492
 0 493
 0 494
 0 495
 0 496
 0 497
 0 498
 0 499
 0 500
 0 501
 0 502
 0 503
 0 504
 0 505
 0 506
 0 507
 0 508
 0 509
 0 510
 0 511
 0 512
 0 513
 0 514
 0 515
 0 516
 0 517
 0 518
 0 519
 0 520
 0 521
 0 522
 0 523
 0 524
 0 525
 0 526
 0 527
 0 528
 0 529
 0 530
 0 531
 0 532
 0 533
 0 534
 0 535
 0 536
 0 537
 0 538
 0 539
 0 540
 0 541
 0 542
 0 543
 0 544
 0 545
 0 546
 0 547
 0 548
 0 549
 0 550
 0 551
 0 552
 0 553
 0 554
 0 555
 0 556
 0 557
 0 558
 0 559
 0 560
 0 561
 0 562
 0 563
 0 564
 0 565
 0 566
 0 567
 0 568
 0 569
 0 570
 0 571
 0 572
 0 573
 0 574
 0 575
 0 576
 0 577
 0 578
 0 579
 0 580
 0 581
 0 582
 0 583
 0 584
 0 585
 0 586
 0 587
 0 588
 0 589
 0 590
 0 591
 0 592
 0 593
 0 594
 0 595
 0 596
 0 597
 0 598
 0 599
 0 600


