# Created by Octave 3.8.2, Sat Jun 20 12:20:26 2020 CEST <damian@fptrucha.inv.usc.es>
# name: hd
# type: matrix
# rows: 551
# columns: 2
 0 50
 0 51
 0 52
 0 53
 0 54
 0 55
 0 56
 0 57
 0 58
 0 59
 0 60
 0 61
 0 62
 0 63
 0 64
 0 65
 0 66
 0 67
 0 68
 0 69
 0 70
 0 71
 0 72
 0 73
 0 74
 0 75
 0 76
 0 77
 0 78
 0 79
 0 80
 0 81
 0 82
 0 83
 0 84
 0 85
 0 86
 6 87
 7 88
 10 89
 76 90
 139 91
 235 92
 349 93
 481 94
 684 95
 1021 96
 1258 97
 1556 98
 1686 99
 1825 100
 1832 101
 1930 102
 1819 103
 1743 104
 1741 105
 1574 106
 1545 107
 1431 108
 1301 109
 1298 110
 1095 111
 1078 112
 947 113
 878 114
 792 115
 677 116
 633 117
 574 118
 544 119
 497 120
 422 121
 382 122
 344 123
 323 124
 284 125
 272 126
 245 127
 238 128
 185 129
 178 130
 166 131
 168 132
 144 133
 112 134
 117 135
 107 136
 90 137
 102 138
 74 139
 75 140
 74 141
 71 142
 63 143
 61 144
 56 145
 49 146
 45 147
 51 148
 38 149
 48 150
 46 151
 40 152
 29 153
 31 154
 39 155
 29 156
 33 157
 24 158
 23 159
 25 160
 33 161
 17 162
 16 163
 19 164
 15 165
 17 166
 16 167
 13 168
 14 169
 9 170
 5 171
 10 172
 11 173
 9 174
 11 175
 9 176
 6 177
 3 178
 5 179
 6 180
 4 181
 8 182
 6 183
 4 184
 8 185
 5 186
 4 187
 2 188
 3 189
 2 190
 1 191
 2 192
 1 193
 3 194
 3 195
 0 196
 1 197
 0 198
 0 199
 0 200
 2 201
 0 202
 2 203
 2 204
 0 205
 0 206
 1 207
 0 208
 1 209
 0 210
 1 211
 0 212
 0 213
 1 214
 0 215
 1 216
 0 217
 0 218
 0 219
 0 220
 0 221
 0 222
 0 223
 0 224
 0 225
 0 226
 0 227
 0 228
 1 229
 0 230
 0 231
 0 232
 0 233
 0 234
 0 235
 0 236
 0 237
 0 238
 0 239
 0 240
 0 241
 0 242
 0 243
 0 244
 0 245
 0 246
 0 247
 0 248
 0 249
 0 250
 0 251
 0 252
 0 253
 0 254
 0 255
 0 256
 0 257
 0 258
 0 259
 0 260
 0 261
 0 262
 0 263
 0 264
 0 265
 0 266
 0 267
 0 268
 0 269
 0 270
 0 271
 0 272
 0 273
 0 274
 0 275
 0 276
 0 277
 1 278
 0 279
 0 280
 1 281
 0 282
 0 283
 0 284
 0 285
 0 286
 0 287
 1 288
 0 289
 2 290
 2 291
 1 292
 0 293
 0 294
 1 295
 2 296
 0 297
 0 298
 0 299
 2 300
 0 301
 1 302
 0 303
 1 304
 3 305
 0 306
 3 307
 0 308
 2 309
 0 310
 1 311
 2 312
 1 313
 2 314
 0 315
 5 316
 3 317
 2 318
 2 319
 2 320
 1 321
 1 322
 2 323
 2 324
 1 325
 0 326
 1 327
 0 328
 2 329
 2 330
 2 331
 2 332
 2 333
 2 334
 2 335
 2 336
 1 337
 2 338
 2 339
 1 340
 1 341
 0 342
 1 343
 0 344
 1 345
 3 346
 3 347
 2 348
 1 349
 1 350
 6 351
 0 352
 0 353
 0 354
 1 355
 1 356
 2 357
 1 358
 2 359
 1 360
 1 361
 0 362
 1 363
 2 364
 1 365
 0 366
 1 367
 1 368
 0 369
 2 370
 2 371
 1 372
 1 373
 0 374
 0 375
 0 376
 1 377
 1 378
 1 379
 0 380
 2 381
 0 382
 2 383
 0 384
 0 385
 1 386
 0 387
 1 388
 0 389
 0 390
 0 391
 0 392
 0 393
 0 394
 0 395
 0 396
 0 397
 0 398
 0 399
 0 400
 1 401
 1 402
 0 403
 0 404
 0 405
 0 406
 0 407
 0 408
 0 409
 0 410
 0 411
 0 412
 0 413
 0 414
 0 415
 1 416
 0 417
 0 418
 0 419
 0 420
 0 421
 0 422
 0 423
 0 424
 0 425
 0 426
 0 427
 0 428
 0 429
 0 430
 0 431
 0 432
 0 433
 0 434
 0 435
 0 436
 0 437
 0 438
 0 439
 0 440
 0 441
 0 442
 0 443
 0 444
 0 445
 0 446
 0 447
 0 448
 0 449
 0 450
 0 451
 0 452
 0 453
 0 454
 0 455
 0 456
 0 457
 0 458
 0 459
 0 460
 0 461
 0 462
 0 463
 0 464
 0 465
 0 466
 0 467
 0 468
 0 469
 0 470
 0 471
 0 472
 0 473
 0 474
 0 475
 0 476
 0 477
 0 478
 0 479
 0 480
 0 481
 0 482
 0 483
 0 484
 0 485
 0 486
 0 487
 0 488
 0 489
 0 490
 0 491
 0 492
 0 493
 0 494
 0 495
 0 496
 0 497
 0 498
 0 499
 0 500
 0 501
 0 502
 0 503
 0 504
 0 505
 0 506
 0 507
 0 508
 0 509
 0 510
 0 511
 0 512
 0 513
 0 514
 0 515
 0 516
 0 517
 0 518
 0 519
 0 520
 0 521
 0 522
 0 523
 0 524
 0 525
 0 526
 0 527
 0 528
 0 529
 0 530
 0 531
 0 532
 0 533
 0 534
 0 535
 0 536
 0 537
 0 538
 0 539
 0 540
 0 541
 0 542
 0 543
 0 544
 0 545
 0 546
 0 547
 0 548
 0 549
 0 550
 0 551
 0 552
 0 553
 0 554
 0 555
 0 556
 0 557
 0 558
 0 559
 0 560
 0 561
 0 562
 0 563
 0 564
 0 565
 0 566
 0 567
 0 568
 0 569
 0 570
 0 571
 0 572
 0 573
 0 574
 0 575
 0 576
 0 577
 0 578
 0 579
 0 580
 0 581
 0 582
 0 583
 0 584
 0 585
 0 586
 0 587
 0 588
 0 589
 0 590
 0 591
 0 592
 0 593
 0 594
 0 595
 0 596
 0 597
 0 598
 0 599
 0 600


