# Created by Octave 3.8.2, Tue Jun 23 00:11:06 2020 CEST <damian@fptrucha.inv.usc.es>
# name: hd
# type: matrix
# rows: 551
# columns: 2
 0 50
 0 51
 0 52
 0 53
 0 54
 0 55
 0 56
 0 57
 0 58
 0 59
 0 60
 0 61
 0 62
 0 63
 0 64
 0 65
 0 66
 0 67
 0 68
 0 69
 0 70
 0 71
 0 72
 0 73
 0 74
 0 75
 0 76
 0 77
 0 78
 0 79
 0 80
 0 81
 0 82
 0 83
 0 84
 0 85
 0 86
 1 87
 3 88
 12 89
 50 90
 125 91
 201 92
 329 93
 434 94
 575 95
 872 96
 1384 97
 1522 98
 1723 99
 1822 100
 1897 101
 1900 102
 1784 103
 1826 104
 1783 105
 1623 106
 1504 107
 1456 108
 1300 109
 1200 110
 1124 111
 987 112
 904 113
 777 114
 757 115
 651 116
 584 117
 547 118
 522 119
 460 120
 423 121
 368 122
 324 123
 297 124
 279 125
 242 126
 224 127
 224 128
 184 129
 155 130
 148 131
 147 132
 130 133
 116 134
 113 135
 99 136
 116 137
 95 138
 71 139
 79 140
 73 141
 72 142
 68 143
 61 144
 45 145
 52 146
 54 147
 56 148
 53 149
 50 150
 44 151
 40 152
 46 153
 28 154
 25 155
 30 156
 26 157
 29 158
 27 159
 26 160
 29 161
 25 162
 17 163
 17 164
 12 165
 8 166
 15 167
 9 168
 12 169
 12 170
 5 171
 6 172
 13 173
 10 174
 8 175
 6 176
 8 177
 9 178
 3 179
 6 180
 4 181
 6 182
 3 183
 8 184
 3 185
 1 186
 3 187
 5 188
 7 189
 6 190
 3 191
 1 192
 3 193
 2 194
 2 195
 5 196
 0 197
 2 198
 3 199
 2 200
 0 201
 1 202
 1 203
 4 204
 2 205
 0 206
 1 207
 1 208
 0 209
 2 210
 2 211
 0 212
 1 213
 1 214
 0 215
 0 216
 1 217
 1 218
 0 219
 0 220
 0 221
 0 222
 0 223
 0 224
 0 225
 0 226
 0 227
 0 228
 0 229
 0 230
 0 231
 0 232
 0 233
 0 234
 0 235
 0 236
 0 237
 1 238
 0 239
 0 240
 0 241
 0 242
 0 243
 0 244
 0 245
 0 246
 0 247
 0 248
 0 249
 0 250
 0 251
 0 252
 0 253
 0 254
 0 255
 0 256
 0 257
 0 258
 0 259
 0 260
 0 261
 0 262
 0 263
 0 264
 0 265
 0 266
 0 267
 0 268
 0 269
 0 270
 0 271
 0 272
 0 273
 0 274
 0 275
 0 276
 0 277
 1 278
 0 279
 0 280
 0 281
 0 282
 0 283
 0 284
 1 285
 0 286
 0 287
 0 288
 0 289
 0 290
 2 291
 1 292
 1 293
 0 294
 0 295
 1 296
 0 297
 2 298
 1 299
 2 300
 3 301
 0 302
 3 303
 1 304
 1 305
 2 306
 1 307
 1 308
 5 309
 2 310
 2 311
 4 312
 2 313
 2 314
 1 315
 0 316
 2 317
 3 318
 3 319
 2 320
 0 321
 3 322
 2 323
 2 324
 2 325
 3 326
 0 327
 3 328
 0 329
 4 330
 0 331
 1 332
 3 333
 1 334
 2 335
 2 336
 3 337
 4 338
 4 339
 3 340
 1 341
 3 342
 4 343
 1 344
 1 345
 0 346
 4 347
 1 348
 1 349
 1 350
 1 351
 1 352
 2 353
 2 354
 1 355
 1 356
 2 357
 3 358
 1 359
 1 360
 0 361
 3 362
 2 363
 2 364
 2 365
 0 366
 2 367
 1 368
 2 369
 0 370
 2 371
 3 372
 1 373
 0 374
 1 375
 0 376
 1 377
 0 378
 2 379
 2 380
 1 381
 2 382
 0 383
 1 384
 1 385
 1 386
 0 387
 0 388
 0 389
 0 390
 1 391
 0 392
 0 393
 0 394
 0 395
 0 396
 0 397
 0 398
 0 399
 1 400
 0 401
 0 402
 1 403
 0 404
 0 405
 0 406
 0 407
 0 408
 0 409
 0 410
 0 411
 0 412
 0 413
 0 414
 0 415
 0 416
 0 417
 0 418
 0 419
 0 420
 0 421
 0 422
 0 423
 0 424
 0 425
 0 426
 0 427
 0 428
 0 429
 0 430
 0 431
 0 432
 0 433
 0 434
 0 435
 0 436
 0 437
 0 438
 0 439
 0 440
 0 441
 0 442
 0 443
 0 444
 0 445
 0 446
 0 447
 0 448
 0 449
 0 450
 0 451
 0 452
 0 453
 0 454
 0 455
 0 456
 0 457
 0 458
 0 459
 0 460
 0 461
 0 462
 0 463
 0 464
 0 465
 0 466
 0 467
 0 468
 0 469
 0 470
 0 471
 0 472
 0 473
 0 474
 0 475
 0 476
 0 477
 0 478
 0 479
 0 480
 0 481
 0 482
 0 483
 0 484
 0 485
 0 486
 0 487
 0 488
 0 489
 0 490
 0 491
 0 492
 0 493
 0 494
 0 495
 0 496
 0 497
 0 498
 0 499
 0 500
 0 501
 0 502
 0 503
 0 504
 0 505
 0 506
 0 507
 0 508
 0 509
 0 510
 0 511
 0 512
 0 513
 0 514
 0 515
 0 516
 0 517
 0 518
 0 519
 0 520
 0 521
 0 522
 0 523
 0 524
 0 525
 0 526
 0 527
 0 528
 0 529
 0 530
 0 531
 0 532
 0 533
 0 534
 0 535
 0 536
 0 537
 0 538
 0 539
 0 540
 0 541
 0 542
 0 543
 0 544
 0 545
 0 546
 0 547
 0 548
 0 549
 0 550
 0 551
 0 552
 0 553
 0 554
 0 555
 0 556
 0 557
 0 558
 0 559
 0 560
 0 561
 0 562
 0 563
 0 564
 0 565
 0 566
 0 567
 0 568
 0 569
 0 570
 0 571
 0 572
 0 573
 0 574
 0 575
 0 576
 0 577
 0 578
 0 579
 0 580
 0 581
 0 582
 0 583
 0 584
 0 585
 0 586
 0 587
 0 588
 0 589
 0 590
 0 591
 0 592
 0 593
 0 594
 0 595
 0 596
 0 597
 0 598
 0 599
 0 600


