# Created by Octave 3.8.2, Sat Jun 20 06:06:19 2020 CEST <damian@fptrucha.inv.usc.es>
# name: hd
# type: matrix
# rows: 551
# columns: 2
 0 50
 0 51
 0 52
 0 53
 0 54
 0 55
 0 56
 0 57
 0 58
 0 59
 0 60
 0 61
 0 62
 0 63
 0 64
 0 65
 0 66
 0 67
 0 68
 0 69
 0 70
 0 71
 0 72
 0 73
 0 74
 0 75
 0 76
 0 77
 0 78
 0 79
 0 80
 0 81
 0 82
 0 83
 0 84
 0 85
 1 86
 1 87
 6 88
 6 89
 47 90
 76 91
 168 92
 217 93
 296 94
 427 95
 574 96
 850 97
 987 98
 1055 99
 1179 100
 1223 101
 1196 102
 1170 103
 1200 104
 1143 105
 1106 106
 1011 107
 959 108
 856 109
 869 110
 787 111
 741 112
 653 113
 643 114
 573 115
 522 116
 462 117
 431 118
 383 119
 364 120
 302 121
 314 122
 250 123
 229 124
 201 125
 187 126
 167 127
 172 128
 124 129
 151 130
 128 131
 101 132
 114 133
 91 134
 96 135
 95 136
 70 137
 73 138
 67 139
 62 140
 65 141
 62 142
 52 143
 43 144
 42 145
 52 146
 44 147
 34 148
 34 149
 42 150
 40 151
 24 152
 37 153
 25 154
 32 155
 23 156
 25 157
 17 158
 19 159
 25 160
 20 161
 23 162
 16 163
 17 164
 10 165
 15 166
 10 167
 17 168
 7 169
 14 170
 3 171
 10 172
 6 173
 7 174
 7 175
 6 176
 9 177
 2 178
 6 179
 6 180
 3 181
 3 182
 5 183
 4 184
 1 185
 0 186
 3 187
 4 188
 1 189
 3 190
 0 191
 4 192
 1 193
 2 194
 1 195
 2 196
 5 197
 3 198
 0 199
 1 200
 2 201
 1 202
 1 203
 1 204
 1 205
 1 206
 1 207
 0 208
 0 209
 1 210
 0 211
 0 212
 0 213
 1 214
 0 215
 0 216
 0 217
 1 218
 1 219
 0 220
 0 221
 0 222
 0 223
 0 224
 0 225
 0 226
 0 227
 0 228
 0 229
 0 230
 0 231
 0 232
 0 233
 0 234
 0 235
 1 236
 0 237
 0 238
 0 239
 0 240
 0 241
 0 242
 0 243
 0 244
 0 245
 0 246
 0 247
 0 248
 0 249
 0 250
 0 251
 0 252
 0 253
 0 254
 0 255
 0 256
 0 257
 0 258
 0 259
 0 260
 0 261
 0 262
 0 263
 0 264
 0 265
 0 266
 0 267
 0 268
 0 269
 0 270
 0 271
 0 272
 0 273
 0 274
 0 275
 0 276
 0 277
 0 278
 0 279
 0 280
 0 281
 0 282
 1 283
 0 284
 0 285
 0 286
 0 287
 0 288
 0 289
 2 290
 0 291
 0 292
 0 293
 0 294
 0 295
 0 296
 0 297
 1 298
 1 299
 1 300
 1 301
 1 302
 2 303
 0 304
 1 305
 0 306
 2 307
 0 308
 0 309
 2 310
 3 311
 2 312
 0 313
 5 314
 0 315
 2 316
 1 317
 3 318
 4 319
 2 320
 2 321
 0 322
 1 323
 1 324
 0 325
 1 326
 0 327
 2 328
 2 329
 1 330
 2 331
 3 332
 1 333
 1 334
 2 335
 0 336
 0 337
 2 338
 1 339
 2 340
 3 341
 4 342
 1 343
 0 344
 0 345
 2 346
 0 347
 0 348
 0 349
 4 350
 2 351
 1 352
 2 353
 0 354
 1 355
 1 356
 0 357
 2 358
 3 359
 0 360
 3 361
 0 362
 0 363
 0 364
 1 365
 0 366
 1 367
 0 368
 1 369
 1 370
 1 371
 0 372
 0 373
 0 374
 2 375
 0 376
 0 377
 1 378
 0 379
 2 380
 0 381
 0 382
 0 383
 0 384
 0 385
 1 386
 0 387
 0 388
 0 389
 0 390
 0 391
 0 392
 2 393
 0 394
 0 395
 1 396
 0 397
 0 398
 1 399
 1 400
 0 401
 0 402
 0 403
 0 404
 0 405
 1 406
 0 407
 0 408
 1 409
 1 410
 0 411
 0 412
 0 413
 0 414
 0 415
 0 416
 0 417
 0 418
 0 419
 0 420
 0 421
 0 422
 0 423
 0 424
 0 425
 0 426
 0 427
 0 428
 0 429
 0 430
 0 431
 0 432
 0 433
 0 434
 0 435
 0 436
 0 437
 0 438
 0 439
 0 440
 0 441
 0 442
 0 443
 0 444
 0 445
 0 446
 0 447
 0 448
 0 449
 0 450
 0 451
 0 452
 0 453
 0 454
 0 455
 0 456
 0 457
 0 458
 0 459
 0 460
 0 461
 0 462
 0 463
 0 464
 0 465
 0 466
 0 467
 0 468
 0 469
 0 470
 0 471
 0 472
 0 473
 0 474
 0 475
 0 476
 0 477
 0 478
 0 479
 0 480
 0 481
 0 482
 0 483
 0 484
 0 485
 0 486
 0 487
 0 488
 0 489
 0 490
 0 491
 0 492
 0 493
 0 494
 0 495
 0 496
 0 497
 0 498
 0 499
 0 500
 0 501
 0 502
 0 503
 0 504
 0 505
 0 506
 0 507
 0 508
 0 509
 0 510
 0 511
 0 512
 0 513
 0 514
 0 515
 0 516
 0 517
 0 518
 0 519
 0 520
 0 521
 0 522
 0 523
 0 524
 0 525
 0 526
 0 527
 0 528
 0 529
 0 530
 0 531
 0 532
 0 533
 0 534
 0 535
 0 536
 0 537
 0 538
 0 539
 0 540
 0 541
 0 542
 0 543
 0 544
 0 545
 0 546
 0 547
 0 548
 0 549
 0 550
 0 551
 0 552
 0 553
 0 554
 0 555
 0 556
 0 557
 0 558
 0 559
 0 560
 0 561
 0 562
 0 563
 0 564
 0 565
 0 566
 0 567
 0 568
 0 569
 0 570
 0 571
 0 572
 0 573
 0 574
 0 575
 0 576
 0 577
 0 578
 0 579
 0 580
 0 581
 0 582
 0 583
 0 584
 0 585
 0 586
 0 587
 0 588
 0 589
 0 590
 0 591
 0 592
 0 593
 0 594
 0 595
 0 596
 0 597
 0 598
 0 599
 0 600


