# Created by Octave 3.8.2, Mon Jun 22 05:54:22 2020 CEST <damian@fptrucha.inv.usc.es>
# name: hd
# type: matrix
# rows: 551
# columns: 2
 0 50
 0 51
 0 52
 0 53
 0 54
 0 55
 0 56
 0 57
 0 58
 0 59
 0 60
 0 61
 0 62
 0 63
 0 64
 0 65
 0 66
 0 67
 0 68
 0 69
 0 70
 0 71
 0 72
 0 73
 0 74
 0 75
 0 76
 0 77
 0 78
 0 79
 1 80
 0 81
 0 82
 0 83
 0 84
 0 85
 0 86
 1 87
 3 88
 4 89
 22 90
 107 91
 168 92
 257 93
 382 94
 464 95
 694 96
 1014 97
 1317 98
 1494 99
 1610 100
 1632 101
 1677 102
 1702 103
 1632 104
 1627 105
 1485 106
 1362 107
 1225 108
 1199 109
 1092 110
 942 111
 889 112
 791 113
 666 114
 650 115
 614 116
 519 117
 420 118
 384 119
 319 120
 394 121
 315 122
 264 123
 268 124
 240 125
 202 126
 191 127
 168 128
 150 129
 134 130
 140 131
 137 132
 113 133
 112 134
 119 135
 109 136
 107 137
 91 138
 81 139
 89 140
 76 141
 69 142
 70 143
 47 144
 66 145
 60 146
 61 147
 40 148
 30 149
 47 150
 43 151
 40 152
 41 153
 34 154
 37 155
 26 156
 21 157
 28 158
 21 159
 30 160
 17 161
 22 162
 20 163
 21 164
 20 165
 18 166
 17 167
 13 168
 13 169
 10 170
 10 171
 14 172
 12 173
 12 174
 7 175
 9 176
 13 177
 10 178
 10 179
 6 180
 6 181
 8 182
 2 183
 5 184
 3 185
 6 186
 6 187
 1 188
 1 189
 1 190
 8 191
 0 192
 0 193
 2 194
 3 195
 1 196
 2 197
 4 198
 4 199
 1 200
 0 201
 1 202
 1 203
 2 204
 2 205
 0 206
 2 207
 1 208
 2 209
 1 210
 1 211
 0 212
 1 213
 1 214
 2 215
 0 216
 1 217
 1 218
 1 219
 0 220
 0 221
 1 222
 0 223
 1 224
 0 225
 0 226
 0 227
 0 228
 0 229
 0 230
 0 231
 0 232
 0 233
 0 234
 0 235
 0 236
 0 237
 0 238
 0 239
 1 240
 0 241
 0 242
 0 243
 1 244
 0 245
 0 246
 0 247
 0 248
 0 249
 0 250
 0 251
 0 252
 0 253
 0 254
 2 255
 0 256
 0 257
 0 258
 0 259
 0 260
 0 261
 0 262
 0 263
 0 264
 0 265
 0 266
 0 267
 0 268
 0 269
 0 270
 0 271
 0 272
 1 273
 0 274
 0 275
 0 276
 0 277
 0 278
 0 279
 0 280
 0 281
 1 282
 1 283
 0 284
 1 285
 0 286
 0 287
 2 288
 1 289
 1 290
 0 291
 1 292
 1 293
 1 294
 0 295
 0 296
 2 297
 2 298
 2 299
 1 300
 3 301
 0 302
 1 303
 2 304
 0 305
 1 306
 1 307
 2 308
 3 309
 1 310
 1 311
 1 312
 3 313
 4 314
 0 315
 3 316
 3 317
 3 318
 4 319
 5 320
 0 321
 4 322
 5 323
 4 324
 2 325
 3 326
 3 327
 4 328
 5 329
 1 330
 1 331
 4 332
 3 333
 1 334
 3 335
 2 336
 2 337
 4 338
 4 339
 1 340
 1 341
 4 342
 2 343
 1 344
 3 345
 3 346
 2 347
 3 348
 2 349
 2 350
 6 351
 5 352
 0 353
 3 354
 1 355
 1 356
 4 357
 3 358
 1 359
 1 360
 1 361
 3 362
 2 363
 5 364
 0 365
 0 366
 3 367
 0 368
 2 369
 1 370
 1 371
 1 372
 1 373
 2 374
 2 375
 0 376
 0 377
 2 378
 1 379
 0 380
 2 381
 1 382
 0 383
 0 384
 0 385
 0 386
 0 387
 0 388
 0 389
 0 390
 1 391
 0 392
 1 393
 0 394
 0 395
 2 396
 0 397
 0 398
 0 399
 0 400
 0 401
 0 402
 0 403
 0 404
 0 405
 0 406
 0 407
 0 408
 0 409
 0 410
 0 411
 0 412
 0 413
 0 414
 0 415
 0 416
 0 417
 0 418
 0 419
 0 420
 0 421
 0 422
 0 423
 0 424
 0 425
 0 426
 0 427
 0 428
 0 429
 0 430
 0 431
 0 432
 0 433
 0 434
 0 435
 0 436
 0 437
 0 438
 0 439
 0 440
 0 441
 0 442
 0 443
 0 444
 0 445
 0 446
 0 447
 0 448
 0 449
 0 450
 0 451
 0 452
 0 453
 0 454
 0 455
 0 456
 0 457
 0 458
 0 459
 0 460
 0 461
 0 462
 0 463
 0 464
 0 465
 0 466
 0 467
 0 468
 0 469
 0 470
 0 471
 0 472
 0 473
 0 474
 0 475
 0 476
 0 477
 0 478
 0 479
 0 480
 0 481
 0 482
 0 483
 0 484
 0 485
 0 486
 0 487
 0 488
 0 489
 0 490
 0 491
 0 492
 0 493
 0 494
 0 495
 0 496
 0 497
 0 498
 0 499
 0 500
 0 501
 0 502
 0 503
 0 504
 0 505
 0 506
 0 507
 0 508
 0 509
 0 510
 0 511
 0 512
 0 513
 0 514
 0 515
 0 516
 0 517
 0 518
 0 519
 0 520
 0 521
 0 522
 0 523
 0 524
 0 525
 0 526
 0 527
 0 528
 0 529
 0 530
 0 531
 0 532
 0 533
 0 534
 0 535
 0 536
 0 537
 0 538
 0 539
 0 540
 0 541
 0 542
 0 543
 0 544
 0 545
 0 546
 0 547
 0 548
 0 549
 0 550
 0 551
 0 552
 0 553
 0 554
 0 555
 0 556
 0 557
 0 558
 0 559
 0 560
 0 561
 0 562
 0 563
 0 564
 0 565
 0 566
 0 567
 0 568
 0 569
 0 570
 0 571
 0 572
 0 573
 0 574
 0 575
 0 576
 0 577
 0 578
 0 579
 0 580
 0 581
 0 582
 0 583
 0 584
 0 585
 0 586
 0 587
 0 588
 0 589
 0 590
 0 591
 0 592
 0 593
 0 594
 0 595
 0 596
 0 597
 0 598
 0 599
 0 600


