# Created by Octave 3.8.2, Sun Jun 21 03:47:22 2020 CEST <damian@fptrucha.inv.usc.es>
# name: hd
# type: matrix
# rows: 551
# columns: 2
 0 50
 0 51
 0 52
 0 53
 0 54
 0 55
 0 56
 0 57
 0 58
 0 59
 0 60
 0 61
 0 62
 0 63
 0 64
 0 65
 0 66
 0 67
 0 68
 0 69
 0 70
 0 71
 0 72
 0 73
 0 74
 0 75
 0 76
 0 77
 0 78
 0 79
 0 80
 0 81
 0 82
 0 83
 0 84
 0 85
 1 86
 3 87
 5 88
 20 89
 63 90
 140 91
 178 92
 255 93
 376 94
 545 95
 798 96
 1140 97
 1265 98
 1392 99
 1506 100
 1614 101
 1615 102
 1516 103
 1503 104
 1535 105
 1447 106
 1386 107
 1286 108
 1223 109
 1188 110
 1050 111
 1050 112
 920 113
 871 114
 753 115
 674 116
 669 117
 592 118
 535 119
 449 120
 394 121
 379 122
 334 123
 309 124
 310 125
 260 126
 230 127
 201 128
 154 129
 187 130
 161 131
 142 132
 124 133
 121 134
 120 135
 116 136
 83 137
 78 138
 101 139
 72 140
 78 141
 61 142
 61 143
 57 144
 61 145
 50 146
 56 147
 46 148
 46 149
 36 150
 27 151
 35 152
 26 153
 27 154
 27 155
 34 156
 23 157
 21 158
 29 159
 23 160
 16 161
 18 162
 17 163
 18 164
 17 165
 14 166
 12 167
 7 168
 12 169
 7 170
 11 171
 9 172
 4 173
 11 174
 6 175
 4 176
 3 177
 3 178
 8 179
 5 180
 5 181
 2 182
 1 183
 1 184
 3 185
 3 186
 3 187
 2 188
 4 189
 3 190
 1 191
 3 192
 4 193
 6 194
 1 195
 4 196
 2 197
 1 198
 2 199
 0 200
 2 201
 0 202
 0 203
 0 204
 1 205
 0 206
 0 207
 0 208
 0 209
 0 210
 0 211
 0 212
 0 213
 1 214
 1 215
 0 216
 0 217
 1 218
 0 219
 0 220
 0 221
 0 222
 0 223
 2 224
 0 225
 0 226
 0 227
 1 228
 0 229
 1 230
 0 231
 0 232
 0 233
 0 234
 0 235
 0 236
 0 237
 0 238
 0 239
 0 240
 0 241
 0 242
 0 243
 0 244
 0 245
 0 246
 0 247
 0 248
 0 249
 0 250
 0 251
 0 252
 0 253
 0 254
 0 255
 0 256
 0 257
 0 258
 0 259
 0 260
 0 261
 0 262
 0 263
 0 264
 0 265
 0 266
 0 267
 0 268
 0 269
 0 270
 0 271
 0 272
 0 273
 0 274
 0 275
 0 276
 0 277
 0 278
 0 279
 0 280
 0 281
 0 282
 0 283
 0 284
 0 285
 0 286
 0 287
 1 288
 0 289
 0 290
 0 291
 0 292
 2 293
 0 294
 1 295
 1 296
 1 297
 0 298
 0 299
 1 300
 1 301
 1 302
 1 303
 0 304
 2 305
 0 306
 1 307
 0 308
 4 309
 2 310
 2 311
 0 312
 1 313
 2 314
 2 315
 2 316
 2 317
 2 318
 1 319
 2 320
 1 321
 0 322
 1 323
 4 324
 2 325
 2 326
 2 327
 4 328
 3 329
 0 330
 2 331
 4 332
 2 333
 2 334
 2 335
 2 336
 3 337
 1 338
 3 339
 0 340
 4 341
 3 342
 1 343
 1 344
 1 345
 1 346
 3 347
 2 348
 2 349
 0 350
 2 351
 2 352
 2 353
 2 354
 2 355
 0 356
 0 357
 2 358
 1 359
 1 360
 1 361
 2 362
 0 363
 0 364
 4 365
 3 366
 0 367
 0 368
 0 369
 1 370
 1 371
 2 372
 1 373
 1 374
 2 375
 1 376
 0 377
 0 378
 0 379
 0 380
 1 381
 0 382
 1 383
 0 384
 0 385
 0 386
 1 387
 0 388
 0 389
 0 390
 0 391
 0 392
 1 393
 0 394
 0 395
 0 396
 0 397
 0 398
 0 399
 0 400
 0 401
 0 402
 1 403
 0 404
 0 405
 0 406
 0 407
 0 408
 0 409
 0 410
 0 411
 0 412
 0 413
 0 414
 0 415
 0 416
 0 417
 0 418
 0 419
 0 420
 0 421
 0 422
 0 423
 0 424
 0 425
 0 426
 0 427
 0 428
 0 429
 0 430
 0 431
 0 432
 0 433
 0 434
 0 435
 0 436
 0 437
 0 438
 0 439
 0 440
 0 441
 0 442
 0 443
 0 444
 0 445
 0 446
 0 447
 0 448
 0 449
 0 450
 0 451
 0 452
 0 453
 0 454
 0 455
 0 456
 0 457
 0 458
 0 459
 0 460
 0 461
 0 462
 0 463
 0 464
 0 465
 0 466
 0 467
 0 468
 0 469
 0 470
 0 471
 0 472
 0 473
 0 474
 0 475
 0 476
 0 477
 0 478
 0 479
 0 480
 0 481
 0 482
 0 483
 0 484
 0 485
 0 486
 0 487
 0 488
 0 489
 0 490
 0 491
 0 492
 0 493
 0 494
 0 495
 0 496
 0 497
 0 498
 0 499
 0 500
 0 501
 0 502
 0 503
 0 504
 0 505
 0 506
 0 507
 0 508
 0 509
 0 510
 0 511
 0 512
 0 513
 0 514
 0 515
 0 516
 0 517
 0 518
 0 519
 0 520
 0 521
 0 522
 0 523
 0 524
 0 525
 0 526
 0 527
 0 528
 0 529
 0 530
 0 531
 0 532
 0 533
 0 534
 0 535
 0 536
 0 537
 0 538
 0 539
 0 540
 0 541
 0 542
 0 543
 0 544
 0 545
 0 546
 0 547
 0 548
 0 549
 0 550
 0 551
 0 552
 0 553
 0 554
 0 555
 0 556
 0 557
 0 558
 0 559
 0 560
 0 561
 0 562
 0 563
 0 564
 0 565
 0 566
 0 567
 0 568
 0 569
 0 570
 0 571
 0 572
 0 573
 0 574
 0 575
 0 576
 0 577
 0 578
 0 579
 0 580
 0 581
 0 582
 0 583
 0 584
 0 585
 0 586
 0 587
 0 588
 0 589
 0 590
 0 591
 0 592
 0 593
 0 594
 0 595
 0 596
 0 597
 0 598
 0 599
 0 600


