# Created by Octave 3.8.2, Mon Jun 22 15:35:42 2020 CEST <damian@fptrucha.inv.usc.es>
# name: hd
# type: matrix
# rows: 551
# columns: 2
 0 50
 0 51
 0 52
 0 53
 0 54
 0 55
 0 56
 0 57
 0 58
 0 59
 0 60
 0 61
 0 62
 0 63
 0 64
 0 65
 0 66
 0 67
 0 68
 0 69
 0 70
 0 71
 0 72
 0 73
 0 74
 0 75
 0 76
 0 77
 0 78
 0 79
 0 80
 0 81
 0 82
 0 83
 0 84
 0 85
 0 86
 0 87
 3 88
 10 89
 31 90
 129 91
 217 92
 372 93
 409 94
 599 95
 937 96
 1309 97
 1592 98
 1643 99
 1777 100
 1900 101
 1878 102
 1900 103
 1743 104
 1675 105
 1657 106
 1447 107
 1310 108
 1231 109
 1189 110
 1005 111
 924 112
 860 113
 799 114
 722 115
 633 116
 535 117
 454 118
 437 119
 413 120
 341 121
 321 122
 223 123
 261 124
 221 125
 221 126
 181 127
 168 128
 146 129
 163 130
 138 131
 126 132
 128 133
 115 134
 111 135
 98 136
 93 137
 76 138
 86 139
 74 140
 59 141
 63 142
 76 143
 52 144
 48 145
 56 146
 47 147
 55 148
 37 149
 41 150
 27 151
 30 152
 36 153
 30 154
 31 155
 28 156
 22 157
 30 158
 21 159
 30 160
 20 161
 20 162
 25 163
 12 164
 12 165
 16 166
 16 167
 7 168
 12 169
 7 170
 10 171
 5 172
 10 173
 13 174
 9 175
 6 176
 7 177
 4 178
 3 179
 5 180
 6 181
 7 182
 4 183
 3 184
 5 185
 5 186
 2 187
 4 188
 6 189
 0 190
 2 191
 2 192
 1 193
 1 194
 2 195
 0 196
 3 197
 3 198
 5 199
 1 200
 0 201
 0 202
 0 203
 0 204
 1 205
 0 206
 0 207
 2 208
 0 209
 1 210
 2 211
 0 212
 0 213
 0 214
 0 215
 0 216
 0 217
 0 218
 1 219
 0 220
 0 221
 0 222
 0 223
 0 224
 0 225
 0 226
 0 227
 0 228
 0 229
 0 230
 0 231
 0 232
 0 233
 0 234
 0 235
 0 236
 0 237
 0 238
 0 239
 0 240
 0 241
 1 242
 0 243
 0 244
 0 245
 0 246
 0 247
 0 248
 0 249
 1 250
 0 251
 0 252
 0 253
 0 254
 0 255
 0 256
 0 257
 0 258
 0 259
 0 260
 0 261
 0 262
 0 263
 0 264
 0 265
 0 266
 0 267
 0 268
 0 269
 0 270
 0 271
 0 272
 0 273
 0 274
 0 275
 0 276
 1 277
 0 278
 0 279
 0 280
 0 281
 0 282
 1 283
 0 284
 0 285
 0 286
 0 287
 0 288
 1 289
 1 290
 0 291
 1 292
 1 293
 0 294
 0 295
 3 296
 0 297
 2 298
 2 299
 2 300
 1 301
 1 302
 2 303
 0 304
 1 305
 0 306
 2 307
 1 308
 1 309
 1 310
 2 311
 4 312
 2 313
 4 314
 1 315
 3 316
 2 317
 1 318
 2 319
 2 320
 0 321
 2 322
 1 323
 5 324
 1 325
 2 326
 1 327
 0 328
 1 329
 3 330
 6 331
 3 332
 2 333
 1 334
 1 335
 3 336
 5 337
 1 338
 2 339
 1 340
 1 341
 1 342
 4 343
 2 344
 1 345
 2 346
 3 347
 3 348
 1 349
 1 350
 2 351
 4 352
 6 353
 2 354
 0 355
 2 356
 0 357
 2 358
 4 359
 1 360
 0 361
 0 362
 1 363
 1 364
 1 365
 0 366
 2 367
 1 368
 1 369
 1 370
 0 371
 1 372
 0 373
 1 374
 0 375
 1 376
 1 377
 0 378
 1 379
 0 380
 1 381
 1 382
 0 383
 1 384
 0 385
 0 386
 0 387
 0 388
 0 389
 0 390
 1 391
 0 392
 0 393
 0 394
 0 395
 0 396
 1 397
 0 398
 0 399
 1 400
 0 401
 0 402
 0 403
 0 404
 0 405
 0 406
 0 407
 0 408
 0 409
 0 410
 0 411
 0 412
 0 413
 0 414
 0 415
 0 416
 0 417
 0 418
 0 419
 0 420
 0 421
 0 422
 0 423
 0 424
 0 425
 1 426
 0 427
 0 428
 0 429
 0 430
 0 431
 0 432
 0 433
 0 434
 0 435
 0 436
 0 437
 0 438
 0 439
 0 440
 0 441
 0 442
 0 443
 0 444
 0 445
 0 446
 0 447
 0 448
 0 449
 0 450
 0 451
 0 452
 0 453
 0 454
 0 455
 0 456
 0 457
 0 458
 0 459
 0 460
 0 461
 0 462
 0 463
 0 464
 0 465
 0 466
 0 467
 0 468
 0 469
 0 470
 0 471
 0 472
 0 473
 0 474
 0 475
 0 476
 0 477
 0 478
 0 479
 0 480
 0 481
 0 482
 0 483
 0 484
 0 485
 0 486
 0 487
 0 488
 0 489
 0 490
 0 491
 0 492
 0 493
 0 494
 0 495
 0 496
 0 497
 0 498
 0 499
 0 500
 0 501
 0 502
 0 503
 0 504
 0 505
 0 506
 0 507
 0 508
 0 509
 0 510
 0 511
 0 512
 0 513
 0 514
 0 515
 0 516
 0 517
 0 518
 0 519
 0 520
 0 521
 0 522
 0 523
 0 524
 0 525
 0 526
 0 527
 0 528
 0 529
 0 530
 0 531
 0 532
 0 533
 0 534
 0 535
 0 536
 0 537
 0 538
 0 539
 0 540
 0 541
 0 542
 0 543
 0 544
 0 545
 0 546
 0 547
 0 548
 0 549
 0 550
 0 551
 0 552
 0 553
 0 554
 0 555
 0 556
 0 557
 0 558
 0 559
 0 560
 0 561
 0 562
 0 563
 0 564
 0 565
 0 566
 0 567
 0 568
 0 569
 0 570
 0 571
 0 572
 0 573
 0 574
 0 575
 0 576
 0 577
 0 578
 0 579
 0 580
 0 581
 0 582
 0 583
 0 584
 0 585
 0 586
 0 587
 0 588
 0 589
 0 590
 0 591
 0 592
 0 593
 0 594
 0 595
 0 596
 0 597
 0 598
 0 599
 0 600


