# Created by Octave 3.8.2, Sat Jun 20 18:20:47 2020 CEST <damian@fptrucha.inv.usc.es>
# name: hd
# type: matrix
# rows: 551
# columns: 2
 0 50
 0 51
 0 52
 0 53
 0 54
 0 55
 0 56
 0 57
 0 58
 0 59
 0 60
 0 61
 0 62
 0 63
 0 64
 0 65
 0 66
 0 67
 0 68
 0 69
 0 70
 0 71
 0 72
 0 73
 0 74
 0 75
 0 76
 0 77
 0 78
 0 79
 0 80
 0 81
 0 82
 0 83
 0 84
 0 85
 0 86
 4 87
 8 88
 19 89
 58 90
 125 91
 184 92
 253 93
 405 94
 539 95
 780 96
 1075 97
 1278 98
 1369 99
 1603 100
 1571 101
 1605 102
 1560 103
 1500 104
 1539 105
 1507 106
 1385 107
 1362 108
 1234 109
 1213 110
 1119 111
 997 112
 945 113
 867 114
 800 115
 686 116
 639 117
 575 118
 527 119
 531 120
 459 121
 381 122
 366 123
 317 124
 293 125
 274 126
 260 127
 224 128
 207 129
 209 130
 166 131
 146 132
 148 133
 130 134
 122 135
 118 136
 110 137
 89 138
 80 139
 75 140
 73 141
 62 142
 68 143
 65 144
 58 145
 64 146
 49 147
 59 148
 36 149
 38 150
 41 151
 39 152
 48 153
 36 154
 34 155
 25 156
 28 157
 20 158
 23 159
 33 160
 27 161
 16 162
 12 163
 18 164
 14 165
 16 166
 10 167
 11 168
 9 169
 7 170
 14 171
 8 172
 15 173
 3 174
 11 175
 10 176
 4 177
 6 178
 3 179
 9 180
 0 181
 6 182
 4 183
 6 184
 1 185
 3 186
 4 187
 1 188
 2 189
 2 190
 1 191
 3 192
 3 193
 0 194
 2 195
 1 196
 2 197
 1 198
 0 199
 3 200
 1 201
 0 202
 0 203
 0 204
 0 205
 0 206
 0 207
 0 208
 1 209
 2 210
 1 211
 0 212
 0 213
 0 214
 0 215
 1 216
 1 217
 0 218
 0 219
 0 220
 0 221
 0 222
 0 223
 0 224
 1 225
 0 226
 0 227
 0 228
 0 229
 0 230
 0 231
 0 232
 0 233
 0 234
 0 235
 1 236
 0 237
 0 238
 0 239
 0 240
 0 241
 0 242
 0 243
 0 244
 0 245
 0 246
 1 247
 0 248
 0 249
 0 250
 0 251
 0 252
 0 253
 0 254
 0 255
 0 256
 0 257
 0 258
 0 259
 0 260
 0 261
 0 262
 0 263
 0 264
 0 265
 0 266
 0 267
 0 268
 0 269
 0 270
 0 271
 0 272
 0 273
 0 274
 0 275
 0 276
 0 277
 0 278
 0 279
 0 280
 1 281
 1 282
 2 283
 0 284
 0 285
 0 286
 0 287
 0 288
 0 289
 0 290
 0 291
 0 292
 0 293
 0 294
 0 295
 0 296
 1 297
 0 298
 2 299
 1 300
 1 301
 0 302
 0 303
 0 304
 0 305
 0 306
 1 307
 0 308
 1 309
 1 310
 0 311
 0 312
 3 313
 3 314
 3 315
 2 316
 3 317
 2 318
 0 319
 3 320
 2 321
 3 322
 0 323
 1 324
 2 325
 0 326
 3 327
 1 328
 3 329
 1 330
 2 331
 4 332
 3 333
 6 334
 4 335
 3 336
 1 337
 0 338
 2 339
 2 340
 1 341
 1 342
 0 343
 3 344
 0 345
 1 346
 1 347
 3 348
 0 349
 3 350
 2 351
 1 352
 2 353
 0 354
 5 355
 2 356
 1 357
 3 358
 3 359
 0 360
 2 361
 0 362
 0 363
 1 364
 0 365
 0 366
 1 367
 0 368
 2 369
 0 370
 2 371
 2 372
 0 373
 0 374
 0 375
 0 376
 1 377
 0 378
 1 379
 0 380
 1 381
 0 382
 0 383
 1 384
 0 385
 0 386
 1 387
 0 388
 0 389
 1 390
 1 391
 2 392
 1 393
 0 394
 0 395
 1 396
 0 397
 0 398
 0 399
 0 400
 1 401
 0 402
 0 403
 0 404
 0 405
 0 406
 0 407
 0 408
 0 409
 0 410
 0 411
 0 412
 0 413
 0 414
 0 415
 0 416
 0 417
 0 418
 0 419
 0 420
 0 421
 0 422
 0 423
 0 424
 0 425
 0 426
 0 427
 0 428
 0 429
 0 430
 0 431
 0 432
 0 433
 0 434
 0 435
 0 436
 0 437
 0 438
 0 439
 0 440
 0 441
 0 442
 0 443
 0 444
 0 445
 0 446
 0 447
 0 448
 0 449
 0 450
 0 451
 0 452
 0 453
 0 454
 0 455
 0 456
 0 457
 0 458
 0 459
 0 460
 0 461
 0 462
 0 463
 0 464
 0 465
 0 466
 0 467
 0 468
 0 469
 0 470
 0 471
 0 472
 0 473
 0 474
 0 475
 0 476
 0 477
 0 478
 0 479
 0 480
 0 481
 0 482
 0 483
 0 484
 0 485
 0 486
 0 487
 0 488
 0 489
 0 490
 0 491
 0 492
 0 493
 0 494
 0 495
 0 496
 0 497
 0 498
 0 499
 0 500
 0 501
 0 502
 0 503
 0 504
 0 505
 0 506
 0 507
 0 508
 0 509
 0 510
 0 511
 0 512
 0 513
 0 514
 0 515
 0 516
 0 517
 0 518
 0 519
 0 520
 0 521
 0 522
 0 523
 0 524
 0 525
 0 526
 0 527
 0 528
 0 529
 0 530
 0 531
 0 532
 0 533
 0 534
 0 535
 0 536
 0 537
 0 538
 0 539
 0 540
 0 541
 0 542
 0 543
 0 544
 0 545
 0 546
 0 547
 0 548
 0 549
 0 550
 0 551
 0 552
 0 553
 0 554
 0 555
 0 556
 0 557
 0 558
 0 559
 0 560
 0 561
 0 562
 0 563
 0 564
 0 565
 0 566
 0 567
 0 568
 0 569
 0 570
 0 571
 0 572
 0 573
 0 574
 0 575
 0 576
 0 577
 0 578
 0 579
 0 580
 0 581
 0 582
 0 583
 0 584
 0 585
 0 586
 0 587
 0 588
 0 589
 0 590
 0 591
 0 592
 0 593
 0 594
 0 595
 0 596
 0 597
 0 598
 0 599
 0 600


