# Created by Octave 3.8.2, Sun Jun 21 05:38:13 2020 CEST <damian@fptrucha.inv.usc.es>
# name: hd
# type: matrix
# rows: 551
# columns: 2
 0 50
 0 51
 0 52
 0 53
 0 54
 0 55
 0 56
 0 57
 0 58
 0 59
 0 60
 0 61
 0 62
 0 63
 0 64
 0 65
 0 66
 0 67
 0 68
 0 69
 0 70
 0 71
 0 72
 0 73
 0 74
 0 75
 0 76
 0 77
 0 78
 0 79
 0 80
 0 81
 0 82
 0 83
 0 84
 0 85
 0 86
 2 87
 7 88
 15 89
 63 90
 130 91
 212 92
 291 93
 388 94
 561 95
 850 96
 1064 97
 1287 98
 1385 99
 1562 100
 1529 101
 1618 102
 1568 103
 1631 104
 1566 105
 1491 106
 1342 107
 1305 108
 1234 109
 1218 110
 1045 111
 1025 112
 958 113
 852 114
 811 115
 671 116
 633 117
 571 118
 514 119
 479 120
 420 121
 367 122
 319 123
 302 124
 295 125
 247 126
 235 127
 197 128
 192 129
 172 130
 162 131
 147 132
 133 133
 118 134
 109 135
 99 136
 97 137
 96 138
 80 139
 70 140
 78 141
 68 142
 66 143
 58 144
 60 145
 57 146
 47 147
 44 148
 42 149
 38 150
 40 151
 28 152
 29 153
 35 154
 24 155
 27 156
 25 157
 26 158
 24 159
 18 160
 22 161
 21 162
 15 163
 11 164
 12 165
 15 166
 9 167
 12 168
 14 169
 6 170
 7 171
 9 172
 7 173
 3 174
 7 175
 7 176
 5 177
 1 178
 4 179
 4 180
 6 181
 4 182
 1 183
 2 184
 5 185
 4 186
 3 187
 4 188
 0 189
 2 190
 3 191
 0 192
 1 193
 0 194
 2 195
 2 196
 1 197
 0 198
 0 199
 0 200
 0 201
 2 202
 1 203
 2 204
 0 205
 1 206
 1 207
 0 208
 0 209
 0 210
 0 211
 0 212
 1 213
 1 214
 1 215
 1 216
 0 217
 0 218
 1 219
 1 220
 0 221
 1 222
 0 223
 0 224
 1 225
 0 226
 0 227
 2 228
 0 229
 0 230
 0 231
 0 232
 0 233
 0 234
 0 235
 0 236
 0 237
 0 238
 0 239
 0 240
 0 241
 0 242
 0 243
 0 244
 0 245
 0 246
 0 247
 0 248
 0 249
 0 250
 0 251
 0 252
 0 253
 0 254
 0 255
 0 256
 0 257
 0 258
 0 259
 0 260
 0 261
 0 262
 0 263
 0 264
 0 265
 0 266
 0 267
 0 268
 0 269
 0 270
 0 271
 0 272
 0 273
 0 274
 0 275
 0 276
 0 277
 0 278
 0 279
 0 280
 0 281
 0 282
 0 283
 0 284
 0 285
 0 286
 0 287
 0 288
 0 289
 2 290
 0 291
 0 292
 0 293
 0 294
 0 295
 1 296
 1 297
 1 298
 1 299
 1 300
 2 301
 1 302
 2 303
 1 304
 0 305
 0 306
 0 307
 0 308
 2 309
 1 310
 2 311
 0 312
 2 313
 0 314
 0 315
 4 316
 1 317
 0 318
 1 319
 1 320
 1 321
 2 322
 0 323
 3 324
 1 325
 4 326
 1 327
 4 328
 0 329
 2 330
 0 331
 2 332
 0 333
 0 334
 2 335
 1 336
 1 337
 1 338
 2 339
 4 340
 2 341
 5 342
 2 343
 0 344
 1 345
 1 346
 1 347
 0 348
 0 349
 1 350
 0 351
 1 352
 0 353
 3 354
 0 355
 1 356
 5 357
 2 358
 0 359
 1 360
 1 361
 0 362
 1 363
 3 364
 0 365
 0 366
 1 367
 2 368
 4 369
 2 370
 1 371
 1 372
 1 373
 0 374
 0 375
 0 376
 1 377
 0 378
 0 379
 0 380
 0 381
 0 382
 1 383
 0 384
 3 385
 0 386
 0 387
 1 388
 0 389
 0 390
 0 391
 0 392
 0 393
 1 394
 0 395
 0 396
 0 397
 1 398
 0 399
 0 400
 1 401
 0 402
 0 403
 0 404
 0 405
 0 406
 0 407
 0 408
 0 409
 0 410
 0 411
 0 412
 0 413
 0 414
 0 415
 0 416
 0 417
 1 418
 1 419
 0 420
 0 421
 0 422
 0 423
 0 424
 0 425
 0 426
 0 427
 0 428
 0 429
 0 430
 0 431
 0 432
 0 433
 0 434
 0 435
 0 436
 0 437
 0 438
 0 439
 0 440
 0 441
 0 442
 0 443
 0 444
 0 445
 0 446
 0 447
 0 448
 0 449
 0 450
 0 451
 0 452
 0 453
 0 454
 0 455
 0 456
 0 457
 0 458
 0 459
 0 460
 0 461
 0 462
 0 463
 0 464
 0 465
 0 466
 0 467
 0 468
 0 469
 0 470
 0 471
 0 472
 0 473
 0 474
 0 475
 0 476
 0 477
 0 478
 0 479
 0 480
 0 481
 0 482
 0 483
 0 484
 0 485
 0 486
 0 487
 0 488
 0 489
 0 490
 0 491
 0 492
 0 493
 0 494
 0 495
 0 496
 0 497
 0 498
 0 499
 0 500
 0 501
 0 502
 0 503
 0 504
 0 505
 0 506
 0 507
 0 508
 0 509
 0 510
 0 511
 0 512
 0 513
 0 514
 0 515
 0 516
 0 517
 0 518
 0 519
 0 520
 0 521
 0 522
 0 523
 0 524
 0 525
 0 526
 0 527
 0 528
 0 529
 0 530
 0 531
 0 532
 0 533
 0 534
 0 535
 0 536
 0 537
 0 538
 0 539
 0 540
 0 541
 0 542
 0 543
 0 544
 0 545
 0 546
 0 547
 0 548
 0 549
 0 550
 0 551
 0 552
 0 553
 0 554
 0 555
 0 556
 0 557
 0 558
 0 559
 0 560
 0 561
 0 562
 0 563
 0 564
 0 565
 0 566
 0 567
 0 568
 0 569
 0 570
 0 571
 0 572
 0 573
 0 574
 0 575
 0 576
 0 577
 0 578
 0 579
 0 580
 0 581
 0 582
 0 583
 0 584
 0 585
 0 586
 0 587
 0 588
 0 589
 0 590
 0 591
 0 592
 0 593
 0 594
 0 595
 0 596
 0 597
 0 598
 0 599
 0 600


