# Created by Octave 3.8.2, Sat Jun 20 17:07:32 2020 CEST <damian@fptrucha.inv.usc.es>
# name: hd
# type: matrix
# rows: 551
# columns: 2
 0 50
 0 51
 0 52
 0 53
 0 54
 0 55
 0 56
 0 57
 0 58
 0 59
 0 60
 0 61
 0 62
 0 63
 0 64
 0 65
 0 66
 0 67
 0 68
 0 69
 0 70
 0 71
 0 72
 0 73
 0 74
 0 75
 0 76
 0 77
 0 78
 0 79
 0 80
 0 81
 0 82
 0 83
 0 84
 1 85
 0 86
 4 87
 6 88
 13 89
 81 90
 114 91
 171 92
 281 93
 401 94
 548 95
 813 96
 1102 97
 1294 98
 1356 99
 1494 100
 1625 101
 1569 102
 1595 103
 1575 104
 1512 105
 1407 106
 1397 107
 1309 108
 1245 109
 1186 110
 1037 111
 1054 112
 914 113
 806 114
 820 115
 720 116
 651 117
 614 118
 540 119
 450 120
 468 121
 420 122
 353 123
 348 124
 301 125
 274 126
 262 127
 207 128
 183 129
 197 130
 169 131
 165 132
 136 133
 144 134
 124 135
 112 136
 123 137
 83 138
 112 139
 80 140
 78 141
 62 142
 76 143
 53 144
 68 145
 50 146
 49 147
 57 148
 41 149
 52 150
 39 151
 41 152
 36 153
 36 154
 23 155
 28 156
 20 157
 31 158
 29 159
 24 160
 16 161
 13 162
 20 163
 20 164
 22 165
 15 166
 15 167
 9 168
 11 169
 12 170
 10 171
 9 172
 13 173
 5 174
 8 175
 8 176
 12 177
 8 178
 3 179
 9 180
 3 181
 5 182
 7 183
 8 184
 5 185
 4 186
 6 187
 3 188
 5 189
 2 190
 1 191
 4 192
 1 193
 2 194
 0 195
 2 196
 0 197
 1 198
 3 199
 1 200
 0 201
 2 202
 1 203
 0 204
 0 205
 3 206
 3 207
 1 208
 1 209
 2 210
 0 211
 0 212
 1 213
 1 214
 0 215
 1 216
 1 217
 0 218
 0 219
 0 220
 0 221
 1 222
 0 223
 1 224
 1 225
 0 226
 0 227
 0 228
 0 229
 0 230
 0 231
 0 232
 0 233
 1 234
 0 235
 0 236
 0 237
 0 238
 0 239
 1 240
 0 241
 0 242
 0 243
 1 244
 0 245
 0 246
 0 247
 0 248
 0 249
 0 250
 0 251
 0 252
 0 253
 1 254
 0 255
 0 256
 0 257
 0 258
 0 259
 0 260
 0 261
 0 262
 0 263
 0 264
 0 265
 0 266
 0 267
 0 268
 0 269
 0 270
 0 271
 0 272
 0 273
 0 274
 0 275
 1 276
 0 277
 0 278
 0 279
 0 280
 0 281
 0 282
 0 283
 0 284
 0 285
 1 286
 0 287
 0 288
 1 289
 0 290
 1 291
 1 292
 1 293
 0 294
 0 295
 0 296
 1 297
 0 298
 0 299
 2 300
 0 301
 3 302
 0 303
 0 304
 1 305
 2 306
 2 307
 0 308
 0 309
 1 310
 1 311
 1 312
 2 313
 0 314
 0 315
 2 316
 1 317
 0 318
 1 319
 0 320
 2 321
 1 322
 1 323
 1 324
 2 325
 1 326
 6 327
 0 328
 1 329
 2 330
 2 331
 2 332
 1 333
 6 334
 4 335
 0 336
 1 337
 1 338
 1 339
 1 340
 2 341
 1 342
 1 343
 1 344
 3 345
 1 346
 0 347
 0 348
 2 349
 0 350
 1 351
 4 352
 2 353
 3 354
 1 355
 0 356
 1 357
 0 358
 3 359
 0 360
 0 361
 2 362
 1 363
 0 364
 1 365
 1 366
 1 367
 2 368
 2 369
 0 370
 1 371
 0 372
 1 373
 0 374
 1 375
 0 376
 1 377
 1 378
 1 379
 2 380
 0 381
 2 382
 0 383
 0 384
 2 385
 0 386
 1 387
 1 388
 0 389
 0 390
 1 391
 1 392
 1 393
 0 394
 0 395
 0 396
 0 397
 0 398
 0 399
 0 400
 0 401
 0 402
 1 403
 0 404
 0 405
 0 406
 0 407
 0 408
 0 409
 0 410
 1 411
 1 412
 0 413
 0 414
 0 415
 0 416
 0 417
 0 418
 0 419
 0 420
 0 421
 0 422
 0 423
 0 424
 0 425
 0 426
 0 427
 0 428
 0 429
 0 430
 0 431
 0 432
 0 433
 0 434
 0 435
 0 436
 0 437
 0 438
 0 439
 0 440
 0 441
 0 442
 0 443
 0 444
 0 445
 0 446
 0 447
 0 448
 0 449
 0 450
 0 451
 0 452
 0 453
 0 454
 0 455
 0 456
 0 457
 0 458
 0 459
 0 460
 0 461
 0 462
 0 463
 0 464
 0 465
 0 466
 0 467
 0 468
 0 469
 0 470
 0 471
 0 472
 0 473
 0 474
 0 475
 0 476
 0 477
 0 478
 0 479
 0 480
 0 481
 0 482
 0 483
 0 484
 0 485
 0 486
 0 487
 0 488
 0 489
 0 490
 0 491
 0 492
 0 493
 0 494
 0 495
 0 496
 0 497
 0 498
 0 499
 0 500
 0 501
 0 502
 0 503
 0 504
 0 505
 0 506
 0 507
 0 508
 0 509
 0 510
 0 511
 0 512
 0 513
 0 514
 0 515
 0 516
 0 517
 0 518
 0 519
 0 520
 0 521
 0 522
 0 523
 0 524
 0 525
 0 526
 0 527
 0 528
 0 529
 0 530
 0 531
 0 532
 0 533
 0 534
 0 535
 0 536
 0 537
 0 538
 0 539
 0 540
 0 541
 0 542
 0 543
 0 544
 0 545
 0 546
 0 547
 0 548
 0 549
 0 550
 0 551
 0 552
 0 553
 0 554
 0 555
 0 556
 0 557
 0 558
 0 559
 0 560
 0 561
 0 562
 0 563
 0 564
 0 565
 0 566
 0 567
 0 568
 0 569
 0 570
 0 571
 0 572
 0 573
 0 574
 0 575
 0 576
 0 577
 0 578
 0 579
 0 580
 0 581
 0 582
 0 583
 0 584
 0 585
 0 586
 0 587
 0 588
 0 589
 0 590
 0 591
 0 592
 0 593
 0 594
 0 595
 0 596
 0 597
 0 598
 0 599
 0 600


