# Created by Octave 3.8.2, Sun Jun 21 06:24:03 2020 CEST <damian@fptrucha.inv.usc.es>
# name: hd
# type: matrix
# rows: 551
# columns: 2
 0 50
 0 51
 0 52
 0 53
 0 54
 0 55
 0 56
 0 57
 0 58
 0 59
 0 60
 0 61
 0 62
 0 63
 0 64
 0 65
 0 66
 0 67
 0 68
 0 69
 0 70
 0 71
 0 72
 0 73
 0 74
 0 75
 0 76
 0 77
 0 78
 0 79
 0 80
 0 81
 0 82
 0 83
 0 84
 0 85
 0 86
 1 87
 7 88
 19 89
 65 90
 114 91
 183 92
 279 93
 362 94
 517 95
 821 96
 1044 97
 1203 98
 1369 99
 1450 100
 1490 101
 1483 102
 1569 103
 1482 104
 1416 105
 1399 106
 1271 107
 1315 108
 1181 109
 1124 110
 1049 111
 1043 112
 918 113
 825 114
 781 115
 720 116
 647 117
 568 118
 470 119
 538 120
 435 121
 385 122
 351 123
 320 124
 306 125
 261 126
 220 127
 217 128
 207 129
 163 130
 140 131
 148 132
 133 133
 118 134
 111 135
 116 136
 98 137
 100 138
 90 139
 94 140
 55 141
 64 142
 71 143
 68 144
 58 145
 53 146
 41 147
 55 148
 32 149
 29 150
 31 151
 21 152
 31 153
 21 154
 36 155
 22 156
 20 157
 17 158
 20 159
 15 160
 23 161
 12 162
 19 163
 16 164
 13 165
 8 166
 15 167
 10 168
 9 169
 5 170
 9 171
 5 172
 7 173
 9 174
 6 175
 8 176
 3 177
 4 178
 3 179
 2 180
 2 181
 2 182
 3 183
 5 184
 3 185
 2 186
 2 187
 2 188
 3 189
 2 190
 2 191
 2 192
 2 193
 1 194
 0 195
 1 196
 0 197
 1 198
 3 199
 0 200
 2 201
 0 202
 0 203
 2 204
 0 205
 0 206
 0 207
 0 208
 0 209
 1 210
 0 211
 0 212
 1 213
 0 214
 1 215
 0 216
 0 217
 0 218
 0 219
 0 220
 0 221
 1 222
 0 223
 0 224
 0 225
 0 226
 0 227
 0 228
 0 229
 0 230
 0 231
 0 232
 0 233
 0 234
 0 235
 0 236
 0 237
 0 238
 0 239
 0 240
 0 241
 0 242
 0 243
 0 244
 0 245
 0 246
 0 247
 0 248
 0 249
 0 250
 0 251
 0 252
 0 253
 0 254
 0 255
 0 256
 0 257
 0 258
 0 259
 0 260
 0 261
 0 262
 0 263
 0 264
 0 265
 0 266
 0 267
 0 268
 0 269
 0 270
 0 271
 0 272
 0 273
 0 274
 0 275
 0 276
 0 277
 0 278
 0 279
 0 280
 0 281
 0 282
 0 283
 1 284
 0 285
 0 286
 0 287
 0 288
 0 289
 0 290
 0 291
 0 292
 1 293
 0 294
 0 295
 0 296
 1 297
 0 298
 0 299
 0 300
 0 301
 2 302
 1 303
 1 304
 0 305
 0 306
 0 307
 0 308
 0 309
 1 310
 3 311
 2 312
 1 313
 1 314
 0 315
 2 316
 1 317
 1 318
 2 319
 0 320
 3 321
 0 322
 4 323
 2 324
 3 325
 1 326
 1 327
 1 328
 0 329
 1 330
 1 331
 1 332
 1 333
 1 334
 1 335
 1 336
 0 337
 2 338
 1 339
 1 340
 3 341
 1 342
 4 343
 2 344
 3 345
 0 346
 4 347
 3 348
 0 349
 3 350
 0 351
 3 352
 1 353
 2 354
 1 355
 1 356
 2 357
 3 358
 1 359
 0 360
 0 361
 0 362
 0 363
 1 364
 1 365
 1 366
 2 367
 0 368
 1 369
 4 370
 0 371
 0 372
 0 373
 0 374
 0 375
 0 376
 0 377
 2 378
 0 379
 0 380
 0 381
 0 382
 0 383
 1 384
 0 385
 2 386
 0 387
 0 388
 1 389
 1 390
 0 391
 0 392
 1 393
 0 394
 0 395
 0 396
 0 397
 0 398
 0 399
 1 400
 0 401
 0 402
 0 403
 0 404
 0 405
 0 406
 0 407
 0 408
 0 409
 0 410
 0 411
 0 412
 0 413
 0 414
 0 415
 0 416
 0 417
 0 418
 0 419
 0 420
 0 421
 0 422
 0 423
 0 424
 0 425
 0 426
 0 427
 0 428
 0 429
 0 430
 0 431
 0 432
 0 433
 0 434
 0 435
 0 436
 0 437
 1 438
 0 439
 0 440
 0 441
 0 442
 0 443
 0 444
 0 445
 0 446
 0 447
 0 448
 0 449
 0 450
 0 451
 0 452
 0 453
 0 454
 0 455
 0 456
 0 457
 0 458
 0 459
 0 460
 0 461
 0 462
 0 463
 0 464
 0 465
 0 466
 0 467
 0 468
 0 469
 0 470
 0 471
 0 472
 0 473
 0 474
 0 475
 0 476
 0 477
 0 478
 0 479
 0 480
 0 481
 0 482
 0 483
 0 484
 0 485
 0 486
 0 487
 0 488
 0 489
 0 490
 0 491
 0 492
 0 493
 0 494
 0 495
 0 496
 0 497
 0 498
 0 499
 0 500
 0 501
 0 502
 0 503
 0 504
 0 505
 0 506
 0 507
 0 508
 0 509
 0 510
 0 511
 0 512
 0 513
 0 514
 0 515
 0 516
 0 517
 0 518
 0 519
 0 520
 0 521
 0 522
 0 523
 0 524
 0 525
 0 526
 0 527
 0 528
 0 529
 0 530
 0 531
 0 532
 0 533
 0 534
 0 535
 0 536
 0 537
 0 538
 0 539
 0 540
 0 541
 0 542
 0 543
 0 544
 0 545
 0 546
 0 547
 0 548
 0 549
 0 550
 0 551
 0 552
 0 553
 0 554
 0 555
 0 556
 0 557
 0 558
 0 559
 0 560
 0 561
 0 562
 0 563
 0 564
 0 565
 0 566
 0 567
 0 568
 0 569
 0 570
 0 571
 0 572
 0 573
 0 574
 0 575
 0 576
 0 577
 0 578
 0 579
 0 580
 0 581
 0 582
 0 583
 0 584
 0 585
 0 586
 0 587
 0 588
 0 589
 0 590
 0 591
 0 592
 0 593
 0 594
 0 595
 0 596
 0 597
 0 598
 0 599
 0 600


