# Created by Octave 3.8.2, Sat Jun 20 17:18:56 2020 CEST <damian@fptrucha.inv.usc.es>
# name: hd
# type: matrix
# rows: 551
# columns: 2
 0 50
 0 51
 0 52
 0 53
 0 54
 0 55
 0 56
 0 57
 0 58
 0 59
 0 60
 0 61
 0 62
 0 63
 0 64
 0 65
 0 66
 0 67
 0 68
 0 69
 0 70
 0 71
 0 72
 0 73
 0 74
 0 75
 0 76
 0 77
 0 78
 0 79
 0 80
 0 81
 0 82
 0 83
 0 84
 0 85
 0 86
 2 87
 9 88
 15 89
 71 90
 110 91
 207 92
 281 93
 380 94
 556 95
 800 96
 1093 97
 1218 98
 1407 99
 1558 100
 1661 101
 1573 102
 1585 103
 1511 104
 1577 105
 1426 106
 1365 107
 1336 108
 1254 109
 1190 110
 1082 111
 999 112
 890 113
 835 114
 856 115
 698 116
 665 117
 586 118
 549 119
 497 120
 473 121
 393 122
 378 123
 346 124
 305 125
 232 126
 237 127
 223 128
 185 129
 181 130
 184 131
 154 132
 138 133
 112 134
 147 135
 106 136
 107 137
 101 138
 94 139
 72 140
 69 141
 75 142
 78 143
 52 144
 57 145
 45 146
 54 147
 49 148
 48 149
 40 150
 41 151
 29 152
 36 153
 29 154
 35 155
 29 156
 30 157
 35 158
 32 159
 28 160
 28 161
 26 162
 27 163
 15 164
 14 165
 17 166
 16 167
 17 168
 12 169
 8 170
 9 171
 6 172
 12 173
 9 174
 10 175
 9 176
 5 177
 6 178
 2 179
 2 180
 6 181
 6 182
 4 183
 7 184
 5 185
 6 186
 3 187
 4 188
 2 189
 4 190
 6 191
 1 192
 2 193
 2 194
 1 195
 1 196
 1 197
 1 198
 1 199
 2 200
 1 201
 0 202
 2 203
 2 204
 2 205
 1 206
 1 207
 0 208
 0 209
 0 210
 1 211
 0 212
 0 213
 1 214
 0 215
 1 216
 0 217
 0 218
 0 219
 0 220
 0 221
 0 222
 1 223
 0 224
 0 225
 0 226
 0 227
 0 228
 0 229
 0 230
 0 231
 0 232
 0 233
 0 234
 0 235
 0 236
 0 237
 0 238
 1 239
 0 240
 0 241
 0 242
 0 243
 0 244
 0 245
 0 246
 0 247
 0 248
 0 249
 0 250
 0 251
 0 252
 0 253
 0 254
 0 255
 0 256
 0 257
 0 258
 0 259
 0 260
 0 261
 0 262
 0 263
 0 264
 0 265
 0 266
 0 267
 0 268
 0 269
 0 270
 0 271
 0 272
 0 273
 0 274
 0 275
 0 276
 0 277
 1 278
 0 279
 0 280
 1 281
 0 282
 1 283
 0 284
 0 285
 1 286
 0 287
 0 288
 1 289
 0 290
 0 291
 0 292
 0 293
 2 294
 2 295
 0 296
 2 297
 0 298
 1 299
 1 300
 1 301
 1 302
 0 303
 2 304
 0 305
 2 306
 1 307
 3 308
 0 309
 5 310
 2 311
 0 312
 2 313
 1 314
 0 315
 4 316
 2 317
 1 318
 4 319
 3 320
 0 321
 1 322
 1 323
 1 324
 1 325
 4 326
 1 327
 1 328
 1 329
 1 330
 4 331
 1 332
 2 333
 3 334
 1 335
 1 336
 3 337
 1 338
 3 339
 3 340
 1 341
 1 342
 5 343
 1 344
 4 345
 4 346
 5 347
 1 348
 0 349
 0 350
 2 351
 2 352
 2 353
 0 354
 0 355
 3 356
 1 357
 0 358
 0 359
 1 360
 2 361
 0 362
 1 363
 1 364
 3 365
 0 366
 1 367
 1 368
 1 369
 0 370
 0 371
 1 372
 0 373
 0 374
 1 375
 1 376
 0 377
 0 378
 0 379
 1 380
 0 381
 0 382
 0 383
 0 384
 0 385
 1 386
 0 387
 0 388
 0 389
 0 390
 0 391
 0 392
 2 393
 0 394
 0 395
 0 396
 0 397
 0 398
 0 399
 0 400
 0 401
 0 402
 0 403
 0 404
 0 405
 1 406
 0 407
 0 408
 0 409
 0 410
 0 411
 0 412
 1 413
 0 414
 0 415
 0 416
 0 417
 0 418
 0 419
 0 420
 0 421
 0 422
 0 423
 0 424
 0 425
 0 426
 1 427
 0 428
 0 429
 0 430
 0 431
 0 432
 0 433
 0 434
 0 435
 0 436
 0 437
 0 438
 0 439
 0 440
 0 441
 0 442
 0 443
 0 444
 0 445
 0 446
 0 447
 0 448
 0 449
 0 450
 0 451
 0 452
 0 453
 0 454
 0 455
 0 456
 0 457
 0 458
 0 459
 0 460
 0 461
 0 462
 0 463
 0 464
 0 465
 0 466
 0 467
 0 468
 0 469
 0 470
 0 471
 0 472
 0 473
 0 474
 0 475
 0 476
 0 477
 0 478
 0 479
 0 480
 0 481
 0 482
 0 483
 0 484
 0 485
 0 486
 0 487
 0 488
 0 489
 0 490
 0 491
 0 492
 0 493
 0 494
 0 495
 0 496
 0 497
 0 498
 0 499
 0 500
 0 501
 0 502
 0 503
 0 504
 0 505
 0 506
 0 507
 0 508
 0 509
 0 510
 0 511
 0 512
 0 513
 0 514
 0 515
 0 516
 0 517
 0 518
 0 519
 0 520
 0 521
 0 522
 0 523
 0 524
 0 525
 0 526
 0 527
 0 528
 0 529
 0 530
 0 531
 0 532
 0 533
 0 534
 0 535
 0 536
 0 537
 0 538
 0 539
 0 540
 0 541
 0 542
 0 543
 0 544
 0 545
 0 546
 0 547
 0 548
 0 549
 0 550
 0 551
 0 552
 0 553
 0 554
 0 555
 0 556
 0 557
 0 558
 0 559
 0 560
 0 561
 0 562
 0 563
 0 564
 0 565
 0 566
 0 567
 0 568
 0 569
 0 570
 0 571
 0 572
 0 573
 0 574
 0 575
 0 576
 0 577
 0 578
 0 579
 0 580
 0 581
 0 582
 0 583
 0 584
 0 585
 0 586
 0 587
 0 588
 0 589
 0 590
 0 591
 0 592
 0 593
 0 594
 0 595
 0 596
 0 597
 0 598
 0 599
 0 600


