# Created by Octave 3.8.2, Sat Jun 20 03:38:27 2020 CEST <damian@fptrucha.inv.usc.es>
# name: hd
# type: matrix
# rows: 551
# columns: 2
 0 50
 0 51
 0 52
 0 53
 0 54
 0 55
 0 56
 0 57
 0 58
 0 59
 0 60
 0 61
 0 62
 0 63
 0 64
 0 65
 0 66
 0 67
 0 68
 0 69
 0 70
 0 71
 0 72
 0 73
 0 74
 0 75
 0 76
 0 77
 0 78
 0 79
 0 80
 0 81
 0 82
 0 83
 0 84
 0 85
 0 86
 3 87
 9 88
 20 89
 62 90
 128 91
 200 92
 299 93
 384 94
 604 95
 946 96
 1179 97
 1446 98
 1550 99
 1617 100
 1681 101
 1725 102
 1667 103
 1614 104
 1666 105
 1548 106
 1421 107
 1480 108
 1341 109
 1238 110
 1178 111
 1123 112
 976 113
 881 114
 867 115
 774 116
 681 117
 611 118
 555 119
 493 120
 429 121
 434 122
 393 123
 322 124
 331 125
 293 126
 245 127
 254 128
 211 129
 178 130
 198 131
 169 132
 160 133
 149 134
 122 135
 150 136
 104 137
 115 138
 106 139
 91 140
 78 141
 82 142
 97 143
 80 144
 77 145
 45 146
 56 147
 57 148
 47 149
 45 150
 54 151
 39 152
 43 153
 39 154
 39 155
 46 156
 36 157
 36 158
 34 159
 36 160
 27 161
 25 162
 31 163
 33 164
 26 165
 26 166
 15 167
 12 168
 8 169
 14 170
 15 171
 14 172
 11 173
 15 174
 11 175
 12 176
 11 177
 7 178
 11 179
 16 180
 8 181
 6 182
 8 183
 5 184
 7 185
 7 186
 6 187
 3 188
 2 189
 2 190
 3 191
 3 192
 3 193
 7 194
 2 195
 2 196
 2 197
 2 198
 1 199
 2 200
 3 201
 0 202
 1 203
 0 204
 1 205
 0 206
 0 207
 1 208
 0 209
 1 210
 0 211
 0 212
 0 213
 0 214
 0 215
 0 216
 1 217
 1 218
 0 219
 2 220
 1 221
 0 222
 0 223
 0 224
 0 225
 1 226
 1 227
 0 228
 0 229
 0 230
 1 231
 1 232
 0 233
 0 234
 0 235
 0 236
 0 237
 0 238
 0 239
 0 240
 0 241
 0 242
 0 243
 0 244
 0 245
 0 246
 0 247
 0 248
 0 249
 0 250
 0 251
 0 252
 0 253
 0 254
 0 255
 0 256
 0 257
 0 258
 0 259
 0 260
 0 261
 0 262
 0 263
 0 264
 0 265
 1 266
 0 267
 0 268
 0 269
 0 270
 0 271
 0 272
 0 273
 0 274
 1 275
 0 276
 0 277
 0 278
 1 279
 0 280
 0 281
 0 282
 0 283
 1 284
 0 285
 0 286
 0 287
 0 288
 0 289
 1 290
 0 291
 0 292
 0 293
 2 294
 0 295
 3 296
 1 297
 1 298
 0 299
 1 300
 1 301
 2 302
 2 303
 2 304
 1 305
 0 306
 3 307
 1 308
 3 309
 1 310
 1 311
 4 312
 1 313
 2 314
 3 315
 1 316
 1 317
 4 318
 2 319
 5 320
 0 321
 3 322
 3 323
 3 324
 0 325
 2 326
 3 327
 4 328
 1 329
 1 330
 0 331
 5 332
 2 333
 4 334
 3 335
 1 336
 3 337
 4 338
 3 339
 4 340
 1 341
 2 342
 4 343
 1 344
 2 345
 0 346
 3 347
 0 348
 2 349
 3 350
 0 351
 2 352
 1 353
 1 354
 3 355
 0 356
 2 357
 1 358
 5 359
 0 360
 1 361
 1 362
 3 363
 0 364
 2 365
 0 366
 3 367
 2 368
 0 369
 3 370
 0 371
 2 372
 0 373
 1 374
 1 375
 0 376
 1 377
 2 378
 0 379
 1 380
 0 381
 0 382
 1 383
 0 384
 0 385
 1 386
 0 387
 0 388
 0 389
 0 390
 0 391
 0 392
 0 393
 1 394
 0 395
 0 396
 0 397
 1 398
 0 399
 0 400
 1 401
 1 402
 0 403
 0 404
 0 405
 0 406
 0 407
 0 408
 1 409
 0 410
 0 411
 1 412
 0 413
 0 414
 1 415
 0 416
 0 417
 0 418
 0 419
 0 420
 0 421
 0 422
 0 423
 0 424
 0 425
 0 426
 0 427
 0 428
 0 429
 0 430
 0 431
 0 432
 0 433
 0 434
 0 435
 0 436
 0 437
 0 438
 0 439
 0 440
 0 441
 0 442
 0 443
 0 444
 0 445
 0 446
 0 447
 0 448
 0 449
 0 450
 0 451
 0 452
 0 453
 0 454
 0 455
 0 456
 0 457
 0 458
 0 459
 0 460
 0 461
 0 462
 0 463
 0 464
 0 465
 0 466
 0 467
 0 468
 0 469
 0 470
 0 471
 0 472
 0 473
 0 474
 0 475
 0 476
 0 477
 0 478
 0 479
 0 480
 0 481
 0 482
 0 483
 0 484
 0 485
 0 486
 0 487
 0 488
 0 489
 0 490
 0 491
 0 492
 0 493
 0 494
 0 495
 0 496
 0 497
 0 498
 0 499
 0 500
 0 501
 0 502
 0 503
 0 504
 0 505
 0 506
 0 507
 0 508
 0 509
 0 510
 0 511
 0 512
 0 513
 0 514
 0 515
 0 516
 0 517
 0 518
 0 519
 0 520
 0 521
 0 522
 0 523
 0 524
 0 525
 0 526
 0 527
 0 528
 0 529
 0 530
 0 531
 0 532
 0 533
 0 534
 0 535
 0 536
 0 537
 0 538
 0 539
 0 540
 0 541
 0 542
 0 543
 0 544
 0 545
 0 546
 0 547
 0 548
 0 549
 0 550
 0 551
 0 552
 0 553
 0 554
 0 555
 0 556
 0 557
 0 558
 0 559
 0 560
 0 561
 0 562
 0 563
 0 564
 0 565
 0 566
 0 567
 0 568
 0 569
 0 570
 0 571
 0 572
 0 573
 0 574
 0 575
 0 576
 0 577
 0 578
 0 579
 0 580
 0 581
 0 582
 0 583
 0 584
 0 585
 0 586
 0 587
 0 588
 0 589
 0 590
 0 591
 0 592
 0 593
 0 594
 0 595
 0 596
 0 597
 0 598
 0 599
 0 600


