# Created by Octave 3.8.2, Mon Jun 22 18:07:36 2020 CEST <damian@fptrucha.inv.usc.es>
# name: hd
# type: matrix
# rows: 551
# columns: 2
 0 50
 0 51
 0 52
 0 53
 0 54
 0 55
 0 56
 0 57
 0 58
 0 59
 0 60
 0 61
 0 62
 0 63
 0 64
 0 65
 0 66
 0 67
 0 68
 0 69
 0 70
 0 71
 0 72
 0 73
 0 74
 0 75
 0 76
 0 77
 0 78
 0 79
 0 80
 0 81
 0 82
 0 83
 0 84
 0 85
 0 86
 0 87
 4 88
 11 89
 47 90
 146 91
 183 92
 318 93
 402 94
 581 95
 911 96
 1342 97
 1645 98
 1762 99
 1928 100
 1947 101
 1901 102
 1825 103
 1760 104
 1772 105
 1580 106
 1535 107
 1372 108
 1226 109
 1166 110
 1060 111
 864 112
 829 113
 732 114
 691 115
 607 116
 543 117
 473 118
 479 119
 434 120
 351 121
 312 122
 295 123
 237 124
 257 125
 202 126
 180 127
 172 128
 161 129
 155 130
 136 131
 113 132
 115 133
 107 134
 123 135
 98 136
 95 137
 90 138
 84 139
 87 140
 64 141
 66 142
 73 143
 46 144
 50 145
 45 146
 50 147
 59 148
 41 149
 49 150
 34 151
 31 152
 37 153
 37 154
 27 155
 33 156
 27 157
 29 158
 23 159
 18 160
 22 161
 20 162
 23 163
 18 164
 14 165
 11 166
 13 167
 16 168
 7 169
 19 170
 16 171
 12 172
 8 173
 9 174
 6 175
 8 176
 5 177
 4 178
 11 179
 5 180
 8 181
 1 182
 4 183
 5 184
 1 185
 4 186
 4 187
 3 188
 3 189
 5 190
 3 191
 3 192
 3 193
 2 194
 5 195
 2 196
 3 197
 2 198
 1 199
 1 200
 4 201
 3 202
 0 203
 2 204
 0 205
 0 206
 1 207
 0 208
 0 209
 1 210
 0 211
 0 212
 0 213
 0 214
 0 215
 0 216
 0 217
 0 218
 0 219
 0 220
 0 221
 1 222
 1 223
 0 224
 0 225
 0 226
 0 227
 0 228
 0 229
 0 230
 0 231
 0 232
 0 233
 0 234
 0 235
 0 236
 0 237
 0 238
 0 239
 0 240
 0 241
 0 242
 0 243
 0 244
 0 245
 0 246
 0 247
 0 248
 0 249
 0 250
 0 251
 0 252
 1 253
 0 254
 0 255
 0 256
 0 257
 0 258
 0 259
 0 260
 0 261
 0 262
 0 263
 0 264
 0 265
 0 266
 0 267
 0 268
 0 269
 0 270
 0 271
 0 272
 0 273
 0 274
 0 275
 0 276
 0 277
 0 278
 0 279
 0 280
 0 281
 0 282
 0 283
 0 284
 0 285
 0 286
 0 287
 0 288
 0 289
 0 290
 0 291
 0 292
 0 293
 0 294
 1 295
 2 296
 0 297
 3 298
 0 299
 3 300
 3 301
 2 302
 1 303
 2 304
 2 305
 0 306
 2 307
 5 308
 3 309
 3 310
 3 311
 4 312
 2 313
 3 314
 3 315
 1 316
 1 317
 2 318
 2 319
 1 320
 1 321
 2 322
 2 323
 1 324
 0 325
 3 326
 0 327
 4 328
 3 329
 4 330
 1 331
 2 332
 1 333
 1 334
 4 335
 1 336
 3 337
 4 338
 2 339
 0 340
 1 341
 2 342
 1 343
 2 344
 2 345
 1 346
 1 347
 1 348
 3 349
 1 350
 2 351
 4 352
 1 353
 0 354
 0 355
 0 356
 0 357
 1 358
 0 359
 1 360
 1 361
 1 362
 2 363
 0 364
 1 365
 1 366
 1 367
 0 368
 1 369
 1 370
 2 371
 1 372
 1 373
 0 374
 1 375
 0 376
 1 377
 1 378
 2 379
 0 380
 1 381
 0 382
 2 383
 0 384
 1 385
 0 386
 0 387
 0 388
 0 389
 2 390
 1 391
 1 392
 0 393
 1 394
 0 395
 1 396
 0 397
 1 398
 0 399
 0 400
 0 401
 0 402
 1 403
 0 404
 0 405
 1 406
 0 407
 1 408
 0 409
 0 410
 0 411
 0 412
 0 413
 0 414
 0 415
 0 416
 1 417
 0 418
 0 419
 0 420
 0 421
 0 422
 0 423
 0 424
 0 425
 0 426
 0 427
 0 428
 0 429
 0 430
 0 431
 0 432
 0 433
 0 434
 0 435
 0 436
 0 437
 0 438
 0 439
 0 440
 0 441
 0 442
 0 443
 0 444
 0 445
 0 446
 0 447
 0 448
 0 449
 0 450
 0 451
 0 452
 0 453
 0 454
 0 455
 0 456
 0 457
 0 458
 0 459
 0 460
 0 461
 0 462
 0 463
 0 464
 0 465
 0 466
 0 467
 0 468
 0 469
 0 470
 0 471
 0 472
 0 473
 0 474
 0 475
 0 476
 0 477
 0 478
 0 479
 0 480
 0 481
 0 482
 0 483
 0 484
 0 485
 0 486
 0 487
 0 488
 0 489
 0 490
 0 491
 0 492
 0 493
 0 494
 0 495
 0 496
 0 497
 0 498
 0 499
 0 500
 0 501
 0 502
 0 503
 0 504
 0 505
 0 506
 0 507
 0 508
 0 509
 0 510
 0 511
 0 512
 0 513
 0 514
 0 515
 0 516
 0 517
 0 518
 0 519
 0 520
 0 521
 0 522
 0 523
 0 524
 0 525
 0 526
 0 527
 0 528
 0 529
 0 530
 0 531
 0 532
 0 533
 0 534
 0 535
 0 536
 0 537
 0 538
 0 539
 0 540
 0 541
 0 542
 0 543
 0 544
 0 545
 0 546
 0 547
 0 548
 0 549
 0 550
 0 551
 0 552
 0 553
 0 554
 0 555
 0 556
 0 557
 0 558
 0 559
 0 560
 0 561
 0 562
 0 563
 0 564
 0 565
 0 566
 0 567
 0 568
 0 569
 0 570
 0 571
 0 572
 0 573
 0 574
 0 575
 0 576
 0 577
 0 578
 0 579
 0 580
 0 581
 0 582
 0 583
 0 584
 0 585
 0 586
 0 587
 0 588
 0 589
 0 590
 0 591
 0 592
 0 593
 0 594
 0 595
 0 596
 0 597
 0 598
 0 599
 0 600


