# Created by Octave 3.8.2, Mon Jun 22 22:07:21 2020 CEST <damian@fptrucha.inv.usc.es>
# name: hd
# type: matrix
# rows: 551
# columns: 2
 0 50
 0 51
 0 52
 0 53
 0 54
 0 55
 0 56
 0 57
 0 58
 0 59
 0 60
 0 61
 0 62
 0 63
 0 64
 0 65
 0 66
 0 67
 0 68
 0 69
 0 70
 0 71
 0 72
 0 73
 0 74
 0 75
 0 76
 0 77
 0 78
 0 79
 0 80
 0 81
 0 82
 0 83
 0 84
 0 85
 0 86
 0 87
 3 88
 11 89
 55 90
 152 91
 259 92
 364 93
 438 94
 612 95
 966 96
 1338 97
 1629 98
 1782 99
 1937 100
 1990 101
 1843 102
 1901 103
 1805 104
 1735 105
 1688 106
 1518 107
 1366 108
 1270 109
 1179 110
 1118 111
 983 112
 909 113
 764 114
 800 115
 651 116
 539 117
 516 118
 429 119
 435 120
 349 121
 316 122
 317 123
 249 124
 259 125
 221 126
 213 127
 196 128
 151 129
 170 130
 152 131
 141 132
 128 133
 114 134
 103 135
 99 136
 100 137
 85 138
 85 139
 81 140
 67 141
 60 142
 54 143
 44 144
 70 145
 63 146
 54 147
 42 148
 40 149
 42 150
 34 151
 49 152
 31 153
 35 154
 33 155
 32 156
 32 157
 22 158
 26 159
 33 160
 37 161
 21 162
 20 163
 14 164
 18 165
 16 166
 19 167
 14 168
 12 169
 15 170
 12 171
 15 172
 10 173
 7 174
 5 175
 2 176
 6 177
 8 178
 7 179
 8 180
 11 181
 3 182
 4 183
 2 184
 5 185
 1 186
 4 187
 2 188
 4 189
 4 190
 2 191
 3 192
 3 193
 2 194
 2 195
 3 196
 5 197
 1 198
 0 199
 2 200
 0 201
 1 202
 1 203
 1 204
 0 205
 1 206
 0 207
 1 208
 1 209
 0 210
 1 211
 1 212
 0 213
 1 214
 0 215
 1 216
 0 217
 0 218
 0 219
 1 220
 0 221
 1 222
 0 223
 0 224
 0 225
 1 226
 0 227
 0 228
 0 229
 0 230
 0 231
 0 232
 1 233
 0 234
 0 235
 0 236
 0 237
 0 238
 0 239
 0 240
 0 241
 0 242
 0 243
 0 244
 0 245
 0 246
 0 247
 0 248
 0 249
 0 250
 0 251
 0 252
 0 253
 0 254
 0 255
 0 256
 0 257
 0 258
 0 259
 0 260
 0 261
 0 262
 0 263
 0 264
 0 265
 0 266
 0 267
 0 268
 0 269
 0 270
 0 271
 0 272
 0 273
 0 274
 0 275
 0 276
 0 277
 0 278
 0 279
 0 280
 0 281
 0 282
 0 283
 0 284
 2 285
 0 286
 0 287
 1 288
 0 289
 0 290
 0 291
 1 292
 0 293
 0 294
 1 295
 1 296
 2 297
 0 298
 0 299
 0 300
 1 301
 3 302
 1 303
 2 304
 1 305
 4 306
 1 307
 1 308
 1 309
 1 310
 4 311
 3 312
 2 313
 4 314
 1 315
 1 316
 2 317
 2 318
 1 319
 2 320
 1 321
 0 322
 2 323
 2 324
 4 325
 1 326
 2 327
 2 328
 2 329
 2 330
 1 331
 3 332
 2 333
 3 334
 2 335
 0 336
 5 337
 2 338
 4 339
 1 340
 4 341
 0 342
 2 343
 4 344
 1 345
 4 346
 1 347
 0 348
 1 349
 5 350
 0 351
 1 352
 4 353
 2 354
 3 355
 1 356
 0 357
 0 358
 2 359
 1 360
 1 361
 0 362
 1 363
 1 364
 1 365
 0 366
 1 367
 1 368
 0 369
 2 370
 0 371
 1 372
 0 373
 1 374
 0 375
 1 376
 2 377
 1 378
 0 379
 1 380
 0 381
 3 382
 0 383
 0 384
 1 385
 2 386
 0 387
 0 388
 0 389
 1 390
 0 391
 2 392
 1 393
 0 394
 0 395
 0 396
 1 397
 0 398
 0 399
 0 400
 1 401
 0 402
 1 403
 0 404
 0 405
 1 406
 0 407
 0 408
 0 409
 0 410
 0 411
 0 412
 0 413
 0 414
 0 415
 0 416
 0 417
 0 418
 0 419
 0 420
 0 421
 0 422
 0 423
 0 424
 0 425
 0 426
 0 427
 0 428
 0 429
 0 430
 0 431
 0 432
 0 433
 0 434
 0 435
 0 436
 0 437
 0 438
 0 439
 0 440
 0 441
 0 442
 0 443
 0 444
 0 445
 0 446
 0 447
 0 448
 0 449
 0 450
 0 451
 0 452
 0 453
 0 454
 0 455
 0 456
 0 457
 0 458
 0 459
 0 460
 0 461
 0 462
 0 463
 0 464
 0 465
 0 466
 0 467
 0 468
 0 469
 0 470
 0 471
 0 472
 0 473
 0 474
 0 475
 0 476
 0 477
 0 478
 0 479
 0 480
 0 481
 0 482
 0 483
 0 484
 0 485
 0 486
 0 487
 0 488
 0 489
 0 490
 0 491
 0 492
 0 493
 0 494
 0 495
 0 496
 0 497
 0 498
 0 499
 0 500
 0 501
 0 502
 0 503
 0 504
 0 505
 0 506
 0 507
 0 508
 0 509
 0 510
 0 511
 0 512
 0 513
 0 514
 0 515
 0 516
 0 517
 0 518
 0 519
 0 520
 0 521
 0 522
 0 523
 0 524
 0 525
 0 526
 0 527
 0 528
 0 529
 0 530
 0 531
 0 532
 0 533
 0 534
 0 535
 0 536
 0 537
 0 538
 0 539
 0 540
 0 541
 0 542
 0 543
 0 544
 0 545
 0 546
 0 547
 0 548
 0 549
 0 550
 0 551
 0 552
 0 553
 0 554
 0 555
 0 556
 0 557
 0 558
 0 559
 0 560
 0 561
 0 562
 0 563
 0 564
 0 565
 0 566
 0 567
 0 568
 0 569
 0 570
 0 571
 0 572
 0 573
 0 574
 0 575
 0 576
 0 577
 0 578
 0 579
 0 580
 0 581
 0 582
 0 583
 0 584
 0 585
 0 586
 0 587
 0 588
 0 589
 0 590
 0 591
 0 592
 0 593
 0 594
 0 595
 0 596
 0 597
 0 598
 0 599
 0 600


