# Created by Octave 3.8.2, Mon Jun 22 16:58:13 2020 CEST <damian@fptrucha.inv.usc.es>
# name: hd
# type: matrix
# rows: 551
# columns: 2
 0 50
 0 51
 0 52
 0 53
 0 54
 0 55
 0 56
 0 57
 0 58
 0 59
 0 60
 0 61
 0 62
 0 63
 0 64
 0 65
 0 66
 0 67
 0 68
 0 69
 0 70
 0 71
 0 72
 0 73
 0 74
 0 75
 0 76
 0 77
 0 78
 0 79
 0 80
 0 81
 0 82
 0 83
 0 84
 0 85
 0 86
 0 87
 3 88
 13 89
 38 90
 147 91
 225 92
 311 93
 402 94
 581 95
 933 96
 1363 97
 1568 98
 1635 99
 1811 100
 2016 101
 1897 102
 1932 103
 1793 104
 1731 105
 1563 106
 1456 107
 1404 108
 1289 109
 1091 110
 987 111
 943 112
 856 113
 739 114
 687 115
 539 116
 525 117
 436 118
 447 119
 381 120
 353 121
 318 122
 263 123
 232 124
 228 125
 199 126
 181 127
 166 128
 148 129
 154 130
 135 131
 106 132
 100 133
 119 134
 101 135
 86 136
 67 137
 84 138
 73 139
 71 140
 69 141
 55 142
 51 143
 47 144
 52 145
 48 146
 34 147
 49 148
 41 149
 42 150
 43 151
 31 152
 32 153
 26 154
 31 155
 37 156
 24 157
 29 158
 26 159
 14 160
 17 161
 22 162
 25 163
 20 164
 20 165
 18 166
 17 167
 12 168
 11 169
 8 170
 9 171
 5 172
 10 173
 10 174
 10 175
 9 176
 6 177
 10 178
 11 179
 6 180
 6 181
 2 182
 5 183
 6 184
 4 185
 8 186
 1 187
 3 188
 1 189
 1 190
 2 191
 1 192
 1 193
 0 194
 5 195
 2 196
 0 197
 0 198
 1 199
 3 200
 0 201
 0 202
 1 203
 0 204
 1 205
 2 206
 2 207
 2 208
 0 209
 0 210
 0 211
 0 212
 1 213
 0 214
 1 215
 0 216
 0 217
 0 218
 0 219
 1 220
 0 221
 0 222
 0 223
 0 224
 0 225
 0 226
 1 227
 0 228
 2 229
 0 230
 1 231
 0 232
 0 233
 0 234
 0 235
 0 236
 0 237
 0 238
 1 239
 0 240
 0 241
 0 242
 0 243
 0 244
 0 245
 0 246
 0 247
 0 248
 0 249
 0 250
 0 251
 0 252
 0 253
 0 254
 0 255
 0 256
 0 257
 0 258
 0 259
 0 260
 0 261
 0 262
 0 263
 0 264
 0 265
 0 266
 0 267
 0 268
 0 269
 0 270
 0 271
 0 272
 0 273
 0 274
 0 275
 0 276
 0 277
 0 278
 0 279
 0 280
 0 281
 0 282
 0 283
 1 284
 0 285
 0 286
 0 287
 2 288
 0 289
 0 290
 0 291
 0 292
 1 293
 1 294
 0 295
 1 296
 2 297
 0 298
 2 299
 3 300
 1 301
 1 302
 2 303
 0 304
 2 305
 1 306
 0 307
 5 308
 4 309
 4 310
 1 311
 2 312
 3 313
 1 314
 0 315
 5 316
 1 317
 2 318
 0 319
 2 320
 3 321
 3 322
 1 323
 1 324
 2 325
 2 326
 2 327
 6 328
 2 329
 3 330
 2 331
 1 332
 1 333
 1 334
 1 335
 4 336
 2 337
 2 338
 1 339
 3 340
 3 341
 2 342
 5 343
 3 344
 1 345
 2 346
 2 347
 4 348
 2 349
 5 350
 2 351
 2 352
 1 353
 0 354
 2 355
 3 356
 1 357
 2 358
 0 359
 0 360
 1 361
 2 362
 1 363
 1 364
 3 365
 3 366
 0 367
 1 368
 1 369
 2 370
 0 371
 1 372
 1 373
 1 374
 1 375
 2 376
 1 377
 0 378
 0 379
 1 380
 1 381
 1 382
 0 383
 1 384
 0 385
 0 386
 0 387
 0 388
 1 389
 0 390
 1 391
 0 392
 1 393
 0 394
 1 395
 0 396
 1 397
 0 398
 1 399
 0 400
 1 401
 0 402
 0 403
 0 404
 0 405
 0 406
 1 407
 0 408
 0 409
 0 410
 0 411
 0 412
 0 413
 0 414
 0 415
 0 416
 0 417
 0 418
 0 419
 0 420
 1 421
 0 422
 0 423
 0 424
 0 425
 0 426
 0 427
 0 428
 0 429
 0 430
 0 431
 0 432
 0 433
 0 434
 0 435
 0 436
 0 437
 0 438
 0 439
 0 440
 0 441
 0 442
 0 443
 0 444
 0 445
 0 446
 0 447
 0 448
 0 449
 0 450
 0 451
 0 452
 0 453
 0 454
 0 455
 0 456
 0 457
 0 458
 0 459
 0 460
 0 461
 0 462
 0 463
 0 464
 0 465
 0 466
 0 467
 0 468
 0 469
 0 470
 0 471
 0 472
 0 473
 0 474
 0 475
 0 476
 0 477
 0 478
 0 479
 0 480
 0 481
 0 482
 0 483
 0 484
 0 485
 0 486
 0 487
 0 488
 0 489
 0 490
 0 491
 0 492
 0 493
 0 494
 0 495
 0 496
 0 497
 0 498
 0 499
 0 500
 0 501
 0 502
 0 503
 0 504
 0 505
 0 506
 0 507
 0 508
 0 509
 0 510
 0 511
 0 512
 0 513
 0 514
 0 515
 0 516
 0 517
 0 518
 0 519
 0 520
 0 521
 0 522
 0 523
 0 524
 0 525
 0 526
 0 527
 0 528
 0 529
 0 530
 0 531
 0 532
 0 533
 0 534
 0 535
 0 536
 0 537
 0 538
 0 539
 0 540
 0 541
 0 542
 0 543
 0 544
 0 545
 0 546
 0 547
 0 548
 0 549
 0 550
 0 551
 0 552
 0 553
 0 554
 0 555
 0 556
 0 557
 0 558
 0 559
 0 560
 0 561
 0 562
 0 563
 0 564
 0 565
 0 566
 0 567
 0 568
 0 569
 0 570
 0 571
 0 572
 0 573
 0 574
 0 575
 0 576
 0 577
 0 578
 0 579
 0 580
 0 581
 0 582
 0 583
 0 584
 0 585
 0 586
 0 587
 0 588
 0 589
 0 590
 0 591
 0 592
 0 593
 0 594
 0 595
 0 596
 0 597
 0 598
 0 599
 0 600


