# Created by Octave 3.8.2, Mon Jun 22 23:15:09 2020 CEST <damian@fptrucha.inv.usc.es>
# name: hd
# type: matrix
# rows: 551
# columns: 2
 0 50
 0 51
 0 52
 0 53
 0 54
 0 55
 0 56
 0 57
 0 58
 0 59
 0 60
 0 61
 0 62
 0 63
 0 64
 0 65
 0 66
 0 67
 0 68
 0 69
 0 70
 0 71
 0 72
 0 73
 0 74
 0 75
 0 76
 0 77
 0 78
 0 79
 0 80
 0 81
 0 82
 0 83
 0 84
 0 85
 0 86
 0 87
 9 88
 13 89
 67 90
 130 91
 226 92
 360 93
 442 94
 590 95
 1025 96
 1353 97
 1591 98
 1848 99
 1959 100
 2013 101
 2033 102
 1928 103
 1842 104
 1774 105
 1673 106
 1548 107
 1389 108
 1310 109
 1180 110
 1104 111
 955 112
 868 113
 805 114
 727 115
 636 116
 587 117
 531 118
 487 119
 406 120
 367 121
 297 122
 275 123
 254 124
 243 125
 208 126
 176 127
 194 128
 171 129
 157 130
 122 131
 131 132
 105 133
 105 134
 99 135
 98 136
 105 137
 79 138
 89 139
 77 140
 54 141
 66 142
 53 143
 52 144
 51 145
 51 146
 44 147
 52 148
 47 149
 32 150
 44 151
 44 152
 24 153
 32 154
 34 155
 23 156
 33 157
 28 158
 26 159
 23 160
 21 161
 25 162
 22 163
 19 164
 17 165
 18 166
 19 167
 14 168
 7 169
 11 170
 9 171
 7 172
 16 173
 5 174
 8 175
 7 176
 6 177
 4 178
 6 179
 7 180
 8 181
 3 182
 3 183
 2 184
 4 185
 8 186
 2 187
 3 188
 4 189
 1 190
 3 191
 2 192
 6 193
 2 194
 1 195
 2 196
 2 197
 0 198
 1 199
 2 200
 0 201
 0 202
 2 203
 1 204
 2 205
 4 206
 1 207
 0 208
 0 209
 0 210
 0 211
 0 212
 0 213
 0 214
 0 215
 1 216
 0 217
 1 218
 0 219
 0 220
 0 221
 0 222
 0 223
 1 224
 0 225
 1 226
 0 227
 0 228
 0 229
 0 230
 0 231
 1 232
 0 233
 0 234
 0 235
 0 236
 0 237
 0 238
 0 239
 0 240
 0 241
 0 242
 0 243
 0 244
 0 245
 0 246
 0 247
 0 248
 0 249
 0 250
 0 251
 0 252
 0 253
 0 254
 0 255
 0 256
 0 257
 0 258
 0 259
 0 260
 0 261
 0 262
 0 263
 0 264
 0 265
 0 266
 0 267
 0 268
 0 269
 0 270
 0 271
 0 272
 0 273
 0 274
 0 275
 0 276
 0 277
 0 278
 1 279
 0 280
 0 281
 0 282
 0 283
 0 284
 0 285
 1 286
 0 287
 0 288
 1 289
 1 290
 0 291
 0 292
 0 293
 1 294
 0 295
 1 296
 0 297
 1 298
 3 299
 0 300
 2 301
 0 302
 0 303
 2 304
 0 305
 1 306
 2 307
 2 308
 3 309
 0 310
 2 311
 3 312
 3 313
 4 314
 2 315
 1 316
 2 317
 3 318
 0 319
 3 320
 0 321
 2 322
 3 323
 3 324
 4 325
 3 326
 2 327
 4 328
 2 329
 1 330
 2 331
 4 332
 1 333
 2 334
 1 335
 2 336
 2 337
 5 338
 4 339
 2 340
 2 341
 1 342
 1 343
 2 344
 1 345
 1 346
 5 347
 2 348
 1 349
 0 350
 2 351
 2 352
 1 353
 0 354
 3 355
 3 356
 0 357
 1 358
 1 359
 1 360
 1 361
 0 362
 0 363
 4 364
 0 365
 2 366
 1 367
 1 368
 1 369
 1 370
 0 371
 1 372
 1 373
 2 374
 2 375
 0 376
 2 377
 1 378
 3 379
 0 380
 1 381
 0 382
 0 383
 0 384
 0 385
 1 386
 0 387
 0 388
 0 389
 0 390
 0 391
 0 392
 0 393
 0 394
 0 395
 0 396
 0 397
 0 398
 0 399
 0 400
 0 401
 0 402
 0 403
 1 404
 0 405
 0 406
 0 407
 0 408
 0 409
 0 410
 0 411
 0 412
 0 413
 0 414
 0 415
 0 416
 0 417
 0 418
 0 419
 0 420
 0 421
 0 422
 0 423
 0 424
 0 425
 0 426
 0 427
 0 428
 0 429
 0 430
 0 431
 1 432
 0 433
 0 434
 0 435
 0 436
 0 437
 0 438
 0 439
 0 440
 0 441
 0 442
 0 443
 0 444
 0 445
 0 446
 0 447
 0 448
 0 449
 0 450
 0 451
 0 452
 0 453
 0 454
 0 455
 0 456
 0 457
 0 458
 0 459
 0 460
 0 461
 0 462
 0 463
 0 464
 0 465
 0 466
 0 467
 0 468
 0 469
 0 470
 0 471
 0 472
 0 473
 0 474
 0 475
 0 476
 0 477
 0 478
 0 479
 0 480
 0 481
 0 482
 0 483
 0 484
 0 485
 0 486
 0 487
 0 488
 0 489
 0 490
 0 491
 0 492
 0 493
 0 494
 0 495
 0 496
 0 497
 0 498
 0 499
 0 500
 0 501
 0 502
 0 503
 0 504
 0 505
 0 506
 0 507
 0 508
 0 509
 0 510
 0 511
 0 512
 0 513
 0 514
 0 515
 0 516
 0 517
 0 518
 0 519
 0 520
 0 521
 0 522
 0 523
 0 524
 0 525
 0 526
 0 527
 0 528
 0 529
 0 530
 0 531
 0 532
 0 533
 0 534
 0 535
 0 536
 0 537
 0 538
 0 539
 0 540
 0 541
 0 542
 0 543
 0 544
 0 545
 0 546
 0 547
 0 548
 0 549
 0 550
 0 551
 0 552
 0 553
 0 554
 0 555
 0 556
 0 557
 0 558
 0 559
 0 560
 0 561
 0 562
 0 563
 0 564
 0 565
 0 566
 0 567
 0 568
 0 569
 0 570
 0 571
 0 572
 0 573
 0 574
 0 575
 0 576
 0 577
 0 578
 0 579
 0 580
 0 581
 0 582
 0 583
 0 584
 0 585
 0 586
 0 587
 0 588
 0 589
 0 590
 0 591
 0 592
 0 593
 0 594
 0 595
 0 596
 0 597
 0 598
 0 599
 0 600


