# Created by Octave 3.8.2, Sun Jun 21 02:12:57 2020 CEST <damian@fptrucha.inv.usc.es>
# name: hd
# type: matrix
# rows: 551
# columns: 2
 0 50
 0 51
 0 52
 0 53
 0 54
 0 55
 0 56
 0 57
 0 58
 0 59
 0 60
 0 61
 0 62
 0 63
 0 64
 0 65
 0 66
 0 67
 0 68
 0 69
 0 70
 0 71
 0 72
 0 73
 0 74
 0 75
 0 76
 0 77
 0 78
 0 79
 0 80
 0 81
 0 82
 0 83
 0 84
 0 85
 0 86
 2 87
 6 88
 19 89
 77 90
 123 91
 219 92
 313 93
 362 94
 552 95
 844 96
 1117 97
 1324 98
 1398 99
 1558 100
 1643 101
 1625 102
 1634 103
 1589 104
 1465 105
 1515 106
 1364 107
 1311 108
 1246 109
 1167 110
 1062 111
 966 112
 870 113
 819 114
 732 115
 744 116
 606 117
 551 118
 519 119
 451 120
 429 121
 328 122
 330 123
 269 124
 289 125
 244 126
 222 127
 186 128
 193 129
 165 130
 147 131
 133 132
 136 133
 110 134
 117 135
 96 136
 72 137
 89 138
 98 139
 78 140
 72 141
 70 142
 49 143
 53 144
 49 145
 50 146
 50 147
 43 148
 42 149
 40 150
 43 151
 23 152
 29 153
 31 154
 25 155
 26 156
 20 157
 18 158
 30 159
 19 160
 25 161
 24 162
 11 163
 11 164
 9 165
 15 166
 13 167
 9 168
 13 169
 7 170
 3 171
 8 172
 9 173
 7 174
 4 175
 5 176
 7 177
 3 178
 1 179
 8 180
 5 181
 2 182
 3 183
 1 184
 3 185
 4 186
 0 187
 2 188
 2 189
 3 190
 4 191
 1 192
 5 193
 1 194
 3 195
 1 196
 0 197
 2 198
 3 199
 1 200
 2 201
 1 202
 0 203
 0 204
 0 205
 0 206
 0 207
 1 208
 0 209
 0 210
 0 211
 2 212
 1 213
 0 214
 0 215
 0 216
 0 217
 1 218
 0 219
 1 220
 0 221
 1 222
 1 223
 0 224
 0 225
 0 226
 0 227
 0 228
 0 229
 0 230
 0 231
 0 232
 0 233
 0 234
 0 235
 0 236
 0 237
 0 238
 0 239
 0 240
 0 241
 0 242
 0 243
 0 244
 0 245
 0 246
 0 247
 0 248
 0 249
 0 250
 0 251
 0 252
 0 253
 0 254
 0 255
 0 256
 0 257
 0 258
 0 259
 0 260
 0 261
 0 262
 0 263
 0 264
 0 265
 0 266
 0 267
 0 268
 0 269
 0 270
 0 271
 0 272
 0 273
 0 274
 0 275
 0 276
 0 277
 0 278
 0 279
 0 280
 0 281
 0 282
 0 283
 1 284
 0 285
 1 286
 1 287
 0 288
 0 289
 0 290
 0 291
 1 292
 1 293
 0 294
 0 295
 0 296
 1 297
 1 298
 1 299
 1 300
 1 301
 0 302
 1 303
 1 304
 0 305
 1 306
 3 307
 3 308
 0 309
 1 310
 3 311
 2 312
 1 313
 1 314
 0 315
 2 316
 0 317
 0 318
 2 319
 4 320
 1 321
 2 322
 0 323
 1 324
 3 325
 2 326
 1 327
 1 328
 0 329
 2 330
 0 331
 1 332
 0 333
 2 334
 2 335
 1 336
 1 337
 3 338
 1 339
 1 340
 2 341
 1 342
 2 343
 3 344
 1 345
 0 346
 2 347
 4 348
 1 349
 0 350
 2 351
 1 352
 0 353
 1 354
 2 355
 1 356
 1 357
 1 358
 0 359
 1 360
 2 361
 1 362
 1 363
 0 364
 2 365
 1 366
 1 367
 0 368
 2 369
 0 370
 0 371
 0 372
 0 373
 0 374
 1 375
 0 376
 0 377
 0 378
 1 379
 0 380
 3 381
 0 382
 1 383
 0 384
 0 385
 0 386
 1 387
 0 388
 1 389
 0 390
 0 391
 0 392
 1 393
 0 394
 0 395
 1 396
 0 397
 0 398
 1 399
 0 400
 1 401
 0 402
 0 403
 0 404
 0 405
 0 406
 0 407
 0 408
 0 409
 0 410
 0 411
 0 412
 0 413
 0 414
 0 415
 0 416
 0 417
 0 418
 0 419
 0 420
 0 421
 0 422
 0 423
 0 424
 0 425
 0 426
 0 427
 0 428
 0 429
 0 430
 0 431
 0 432
 0 433
 0 434
 0 435
 0 436
 0 437
 0 438
 0 439
 0 440
 0 441
 0 442
 0 443
 0 444
 0 445
 0 446
 0 447
 0 448
 0 449
 0 450
 0 451
 0 452
 0 453
 0 454
 0 455
 0 456
 0 457
 0 458
 0 459
 0 460
 0 461
 0 462
 0 463
 0 464
 0 465
 0 466
 0 467
 0 468
 0 469
 0 470
 0 471
 0 472
 0 473
 0 474
 0 475
 0 476
 0 477
 0 478
 0 479
 0 480
 0 481
 0 482
 0 483
 0 484
 0 485
 0 486
 0 487
 0 488
 0 489
 0 490
 0 491
 0 492
 0 493
 0 494
 0 495
 0 496
 0 497
 0 498
 0 499
 0 500
 0 501
 0 502
 0 503
 0 504
 0 505
 0 506
 0 507
 0 508
 0 509
 0 510
 0 511
 0 512
 0 513
 0 514
 0 515
 0 516
 0 517
 0 518
 0 519
 0 520
 0 521
 0 522
 0 523
 0 524
 0 525
 0 526
 0 527
 0 528
 0 529
 0 530
 0 531
 0 532
 0 533
 0 534
 0 535
 0 536
 0 537
 0 538
 0 539
 0 540
 0 541
 0 542
 0 543
 0 544
 0 545
 0 546
 0 547
 0 548
 0 549
 0 550
 0 551
 0 552
 0 553
 0 554
 0 555
 0 556
 0 557
 0 558
 0 559
 0 560
 0 561
 0 562
 0 563
 0 564
 0 565
 0 566
 0 567
 0 568
 0 569
 0 570
 0 571
 0 572
 0 573
 0 574
 0 575
 0 576
 0 577
 0 578
 0 579
 0 580
 0 581
 0 582
 0 583
 0 584
 0 585
 0 586
 0 587
 0 588
 0 589
 0 590
 0 591
 0 592
 0 593
 0 594
 0 595
 0 596
 0 597
 0 598
 0 599
 0 600


