# Created by Octave 3.8.2, Sat Jun 20 20:16:24 2020 CEST <damian@fptrucha.inv.usc.es>
# name: hd
# type: matrix
# rows: 551
# columns: 2
 0 50
 0 51
 0 52
 0 53
 0 54
 0 55
 0 56
 0 57
 0 58
 0 59
 0 60
 0 61
 0 62
 0 63
 0 64
 0 65
 0 66
 0 67
 0 68
 0 69
 0 70
 0 71
 0 72
 0 73
 0 74
 0 75
 0 76
 0 77
 0 78
 0 79
 0 80
 0 81
 0 82
 0 83
 0 84
 0 85
 0 86
 3 87
 10 88
 19 89
 73 90
 119 91
 210 92
 297 93
 356 94
 535 95
 862 96
 1176 97
 1259 98
 1366 99
 1563 100
 1599 101
 1605 102
 1566 103
 1555 104
 1557 105
 1482 106
 1342 107
 1290 108
 1257 109
 1179 110
 1024 111
 1033 112
 883 113
 815 114
 764 115
 682 116
 618 117
 529 118
 540 119
 510 120
 460 121
 404 122
 354 123
 323 124
 267 125
 251 126
 230 127
 217 128
 176 129
 190 130
 158 131
 134 132
 135 133
 144 134
 111 135
 99 136
 74 137
 85 138
 75 139
 93 140
 61 141
 78 142
 64 143
 52 144
 52 145
 47 146
 65 147
 38 148
 49 149
 40 150
 32 151
 42 152
 33 153
 27 154
 30 155
 22 156
 24 157
 21 158
 17 159
 17 160
 21 161
 21 162
 23 163
 12 164
 14 165
 14 166
 12 167
 7 168
 16 169
 9 170
 11 171
 9 172
 5 173
 10 174
 5 175
 5 176
 5 177
 2 178
 3 179
 6 180
 4 181
 5 182
 4 183
 4 184
 6 185
 1 186
 3 187
 3 188
 2 189
 2 190
 4 191
 0 192
 1 193
 3 194
 1 195
 2 196
 2 197
 1 198
 1 199
 4 200
 0 201
 0 202
 1 203
 3 204
 0 205
 2 206
 2 207
 1 208
 1 209
 0 210
 0 211
 0 212
 0 213
 0 214
 1 215
 0 216
 1 217
 0 218
 0 219
 0 220
 0 221
 0 222
 0 223
 0 224
 0 225
 0 226
 0 227
 0 228
 1 229
 0 230
 0 231
 0 232
 0 233
 0 234
 0 235
 0 236
 0 237
 0 238
 0 239
 0 240
 0 241
 0 242
 0 243
 0 244
 0 245
 0 246
 0 247
 0 248
 0 249
 0 250
 0 251
 0 252
 0 253
 0 254
 0 255
 0 256
 1 257
 0 258
 0 259
 0 260
 0 261
 0 262
 0 263
 0 264
 0 265
 0 266
 0 267
 0 268
 0 269
 0 270
 0 271
 0 272
 0 273
 0 274
 0 275
 0 276
 0 277
 0 278
 0 279
 0 280
 0 281
 0 282
 0 283
 1 284
 0 285
 1 286
 0 287
 0 288
 0 289
 0 290
 0 291
 0 292
 1 293
 0 294
 0 295
 0 296
 2 297
 0 298
 0 299
 0 300
 0 301
 0 302
 0 303
 0 304
 2 305
 2 306
 1 307
 0 308
 0 309
 1 310
 2 311
 0 312
 2 313
 1 314
 2 315
 1 316
 1 317
 0 318
 2 319
 1 320
 0 321
 3 322
 2 323
 0 324
 2 325
 2 326
 2 327
 5 328
 0 329
 2 330
 1 331
 2 332
 0 333
 2 334
 2 335
 2 336
 2 337
 0 338
 4 339
 2 340
 0 341
 1 342
 0 343
 1 344
 1 345
 0 346
 1 347
 1 348
 0 349
 0 350
 2 351
 0 352
 0 353
 0 354
 0 355
 2 356
 1 357
 1 358
 4 359
 1 360
 1 361
 2 362
 4 363
 2 364
 1 365
 2 366
 1 367
 1 368
 1 369
 0 370
 1 371
 0 372
 0 373
 0 374
 1 375
 0 376
 2 377
 0 378
 0 379
 1 380
 1 381
 1 382
 0 383
 1 384
 0 385
 0 386
 0 387
 0 388
 0 389
 0 390
 0 391
 0 392
 0 393
 0 394
 1 395
 0 396
 1 397
 0 398
 0 399
 0 400
 0 401
 0 402
 0 403
 1 404
 0 405
 0 406
 0 407
 1 408
 0 409
 0 410
 0 411
 0 412
 1 413
 0 414
 0 415
 0 416
 0 417
 0 418
 0 419
 0 420
 0 421
 0 422
 0 423
 0 424
 0 425
 0 426
 0 427
 0 428
 0 429
 0 430
 0 431
 0 432
 0 433
 0 434
 0 435
 0 436
 0 437
 0 438
 0 439
 0 440
 0 441
 0 442
 0 443
 0 444
 0 445
 0 446
 0 447
 0 448
 0 449
 0 450
 0 451
 0 452
 0 453
 0 454
 0 455
 0 456
 0 457
 0 458
 0 459
 0 460
 0 461
 0 462
 0 463
 0 464
 0 465
 0 466
 0 467
 0 468
 0 469
 0 470
 0 471
 0 472
 0 473
 0 474
 0 475
 0 476
 0 477
 0 478
 0 479
 0 480
 0 481
 0 482
 0 483
 0 484
 0 485
 0 486
 0 487
 0 488
 0 489
 0 490
 0 491
 0 492
 0 493
 0 494
 0 495
 0 496
 0 497
 0 498
 0 499
 0 500
 0 501
 0 502
 0 503
 0 504
 0 505
 0 506
 0 507
 0 508
 0 509
 0 510
 0 511
 0 512
 0 513
 0 514
 0 515
 0 516
 0 517
 0 518
 0 519
 0 520
 0 521
 0 522
 0 523
 0 524
 0 525
 0 526
 0 527
 0 528
 0 529
 0 530
 0 531
 0 532
 0 533
 0 534
 0 535
 0 536
 0 537
 0 538
 0 539
 0 540
 0 541
 0 542
 0 543
 0 544
 0 545
 0 546
 0 547
 0 548
 0 549
 0 550
 0 551
 0 552
 0 553
 0 554
 0 555
 0 556
 0 557
 0 558
 0 559
 0 560
 0 561
 0 562
 0 563
 0 564
 0 565
 0 566
 0 567
 0 568
 0 569
 0 570
 0 571
 0 572
 0 573
 0 574
 0 575
 0 576
 0 577
 0 578
 0 579
 0 580
 0 581
 0 582
 0 583
 0 584
 0 585
 0 586
 0 587
 0 588
 0 589
 0 590
 0 591
 0 592
 0 593
 0 594
 0 595
 0 596
 0 597
 0 598
 0 599
 0 600


