# Created by Octave 3.8.2, Mon Jun 22 15:29:11 2020 CEST <damian@fptrucha.inv.usc.es>
# name: hd
# type: matrix
# rows: 551
# columns: 2
 0 50
 0 51
 0 52
 0 53
 0 54
 0 55
 0 56
 0 57
 0 58
 0 59
 0 60
 0 61
 0 62
 0 63
 0 64
 0 65
 0 66
 0 67
 0 68
 0 69
 0 70
 0 71
 0 72
 0 73
 0 74
 0 75
 0 76
 0 77
 0 78
 0 79
 0 80
 0 81
 0 82
 0 83
 0 84
 0 85
 0 86
 0 87
 5 88
 13 89
 55 90
 146 91
 213 92
 346 93
 479 94
 604 95
 918 96
 1342 97
 1572 98
 1739 99
 1866 100
 1894 101
 1954 102
 1845 103
 1740 104
 1779 105
 1652 106
 1503 107
 1376 108
 1243 109
 1216 110
 1049 111
 920 112
 882 113
 743 114
 667 115
 580 116
 543 117
 460 118
 443 119
 393 120
 387 121
 334 122
 308 123
 247 124
 213 125
 193 126
 172 127
 186 128
 135 129
 151 130
 133 131
 115 132
 119 133
 111 134
 104 135
 96 136
 75 137
 73 138
 79 139
 79 140
 80 141
 74 142
 64 143
 58 144
 57 145
 48 146
 54 147
 39 148
 43 149
 44 150
 43 151
 38 152
 30 153
 28 154
 35 155
 27 156
 23 157
 37 158
 22 159
 22 160
 28 161
 24 162
 18 163
 12 164
 15 165
 14 166
 16 167
 22 168
 16 169
 7 170
 9 171
 10 172
 12 173
 10 174
 9 175
 10 176
 9 177
 4 178
 8 179
 2 180
 9 181
 3 182
 5 183
 2 184
 9 185
 3 186
 2 187
 3 188
 4 189
 1 190
 3 191
 6 192
 0 193
 2 194
 0 195
 2 196
 1 197
 0 198
 2 199
 2 200
 3 201
 4 202
 1 203
 1 204
 2 205
 1 206
 0 207
 0 208
 0 209
 0 210
 0 211
 0 212
 0 213
 0 214
 0 215
 0 216
 0 217
 1 218
 0 219
 0 220
 0 221
 0 222
 0 223
 1 224
 0 225
 0 226
 0 227
 0 228
 0 229
 0 230
 0 231
 0 232
 1 233
 0 234
 0 235
 0 236
 0 237
 0 238
 0 239
 0 240
 0 241
 0 242
 0 243
 0 244
 0 245
 0 246
 0 247
 0 248
 0 249
 0 250
 0 251
 0 252
 0 253
 0 254
 0 255
 0 256
 0 257
 0 258
 0 259
 0 260
 0 261
 0 262
 0 263
 0 264
 0 265
 0 266
 0 267
 0 268
 0 269
 0 270
 0 271
 0 272
 0 273
 0 274
 0 275
 0 276
 0 277
 0 278
 0 279
 0 280
 0 281
 0 282
 0 283
 0 284
 1 285
 0 286
 0 287
 0 288
 0 289
 0 290
 0 291
 1 292
 0 293
 0 294
 0 295
 0 296
 3 297
 2 298
 2 299
 2 300
 3 301
 1 302
 1 303
 2 304
 0 305
 0 306
 1 307
 3 308
 1 309
 1 310
 2 311
 1 312
 3 313
 1 314
 3 315
 1 316
 4 317
 1 318
 2 319
 3 320
 5 321
 1 322
 1 323
 2 324
 4 325
 2 326
 1 327
 2 328
 1 329
 3 330
 1 331
 4 332
 3 333
 1 334
 3 335
 0 336
 2 337
 1 338
 5 339
 1 340
 4 341
 3 342
 1 343
 2 344
 0 345
 4 346
 2 347
 4 348
 4 349
 2 350
 2 351
 0 352
 2 353
 2 354
 1 355
 3 356
 1 357
 2 358
 2 359
 2 360
 3 361
 0 362
 0 363
 2 364
 2 365
 0 366
 1 367
 2 368
 0 369
 0 370
 0 371
 1 372
 1 373
 0 374
 0 375
 1 376
 1 377
 0 378
 1 379
 1 380
 0 381
 0 382
 1 383
 2 384
 0 385
 1 386
 0 387
 0 388
 1 389
 0 390
 2 391
 0 392
 0 393
 0 394
 0 395
 0 396
 0 397
 0 398
 0 399
 0 400
 0 401
 0 402
 0 403
 0 404
 0 405
 0 406
 0 407
 0 408
 0 409
 0 410
 1 411
 0 412
 0 413
 0 414
 0 415
 0 416
 0 417
 0 418
 0 419
 0 420
 0 421
 0 422
 0 423
 0 424
 0 425
 0 426
 0 427
 0 428
 0 429
 0 430
 0 431
 0 432
 0 433
 0 434
 0 435
 0 436
 0 437
 0 438
 0 439
 0 440
 0 441
 0 442
 0 443
 0 444
 0 445
 0 446
 0 447
 0 448
 0 449
 0 450
 0 451
 0 452
 0 453
 0 454
 0 455
 0 456
 0 457
 0 458
 0 459
 0 460
 0 461
 0 462
 0 463
 0 464
 0 465
 0 466
 0 467
 0 468
 0 469
 0 470
 0 471
 0 472
 0 473
 0 474
 0 475
 0 476
 0 477
 0 478
 0 479
 0 480
 0 481
 0 482
 0 483
 0 484
 0 485
 0 486
 0 487
 0 488
 0 489
 0 490
 0 491
 0 492
 0 493
 0 494
 0 495
 0 496
 0 497
 0 498
 0 499
 0 500
 0 501
 0 502
 0 503
 0 504
 0 505
 0 506
 0 507
 0 508
 0 509
 0 510
 0 511
 0 512
 0 513
 0 514
 0 515
 0 516
 0 517
 0 518
 0 519
 0 520
 0 521
 0 522
 0 523
 0 524
 0 525
 0 526
 0 527
 0 528
 0 529
 0 530
 0 531
 0 532
 0 533
 0 534
 0 535
 0 536
 0 537
 0 538
 0 539
 0 540
 0 541
 0 542
 0 543
 0 544
 0 545
 0 546
 0 547
 0 548
 0 549
 0 550
 0 551
 0 552
 0 553
 0 554
 0 555
 0 556
 0 557
 0 558
 0 559
 0 560
 0 561
 0 562
 0 563
 0 564
 0 565
 0 566
 0 567
 0 568
 0 569
 0 570
 0 571
 0 572
 0 573
 0 574
 0 575
 0 576
 0 577
 0 578
 0 579
 0 580
 0 581
 0 582
 0 583
 0 584
 0 585
 0 586
 0 587
 0 588
 0 589
 0 590
 0 591
 0 592
 0 593
 0 594
 0 595
 0 596
 0 597
 0 598
 0 599
 0 600


