# Created by Octave 3.8.2, Mon Jun 22 01:22:05 2020 CEST <damian@fptrucha.inv.usc.es>
# name: hd
# type: matrix
# rows: 551
# columns: 2
 0 50
 0 51
 0 52
 0 53
 0 54
 0 55
 0 56
 0 57
 0 58
 0 59
 0 60
 0 61
 0 62
 0 63
 0 64
 0 65
 0 66
 0 67
 0 68
 0 69
 0 70
 0 71
 0 72
 0 73
 0 74
 0 75
 0 76
 0 77
 0 78
 0 79
 0 80
 0 81
 0 82
 0 83
 0 84
 0 85
 0 86
 5 87
 8 88
 19 89
 60 90
 122 91
 249 92
 265 93
 408 94
 593 95
 849 96
 1184 97
 1290 98
 1417 99
 1564 100
 1530 101
 1568 102
 1572 103
 1498 104
 1454 105
 1444 106
 1383 107
 1343 108
 1236 109
 1086 110
 1010 111
 1011 112
 947 113
 818 114
 821 115
 703 116
 656 117
 609 118
 484 119
 463 120
 450 121
 418 122
 309 123
 311 124
 264 125
 271 126
 223 127
 193 128
 183 129
 157 130
 136 131
 136 132
 123 133
 118 134
 125 135
 97 136
 86 137
 73 138
 72 139
 79 140
 67 141
 72 142
 71 143
 42 144
 45 145
 44 146
 39 147
 42 148
 24 149
 30 150
 30 151
 35 152
 33 153
 25 154
 25 155
 25 156
 17 157
 26 158
 24 159
 21 160
 15 161
 13 162
 12 163
 13 164
 15 165
 12 166
 6 167
 17 168
 12 169
 5 170
 6 171
 5 172
 8 173
 5 174
 7 175
 5 176
 1 177
 2 178
 6 179
 3 180
 3 181
 3 182
 4 183
 6 184
 4 185
 3 186
 2 187
 2 188
 1 189
 2 190
 0 191
 3 192
 0 193
 1 194
 0 195
 2 196
 1 197
 1 198
 0 199
 2 200
 3 201
 0 202
 0 203
 0 204
 0 205
 1 206
 0 207
 0 208
 0 209
 0 210
 0 211
 1 212
 0 213
 0 214
 0 215
 1 216
 1 217
 0 218
 1 219
 0 220
 0 221
 1 222
 0 223
 0 224
 0 225
 0 226
 0 227
 0 228
 0 229
 1 230
 0 231
 0 232
 0 233
 0 234
 0 235
 0 236
 0 237
 0 238
 0 239
 0 240
 1 241
 0 242
 0 243
 0 244
 0 245
 0 246
 0 247
 0 248
 0 249
 0 250
 0 251
 0 252
 0 253
 0 254
 0 255
 0 256
 0 257
 0 258
 0 259
 0 260
 0 261
 0 262
 0 263
 0 264
 0 265
 0 266
 0 267
 0 268
 0 269
 0 270
 0 271
 0 272
 0 273
 0 274
 0 275
 0 276
 0 277
 0 278
 0 279
 0 280
 0 281
 0 282
 0 283
 0 284
 0 285
 0 286
 1 287
 0 288
 1 289
 0 290
 0 291
 0 292
 0 293
 0 294
 1 295
 1 296
 1 297
 0 298
 0 299
 0 300
 0 301
 0 302
 1 303
 0 304
 1 305
 1 306
 1 307
 0 308
 1 309
 3 310
 1 311
 1 312
 1 313
 0 314
 1 315
 1 316
 1 317
 0 318
 0 319
 2 320
 1 321
 0 322
 1 323
 2 324
 3 325
 2 326
 1 327
 2 328
 1 329
 4 330
 2 331
 2 332
 1 333
 3 334
 3 335
 3 336
 3 337
 2 338
 1 339
 1 340
 2 341
 0 342
 1 343
 3 344
 2 345
 1 346
 1 347
 2 348
 0 349
 1 350
 0 351
 2 352
 1 353
 2 354
 0 355
 0 356
 2 357
 0 358
 3 359
 0 360
 1 361
 0 362
 0 363
 1 364
 1 365
 1 366
 1 367
 1 368
 0 369
 2 370
 2 371
 1 372
 0 373
 0 374
 1 375
 0 376
 0 377
 1 378
 1 379
 0 380
 0 381
 0 382
 0 383
 1 384
 0 385
 2 386
 0 387
 0 388
 0 389
 0 390
 0 391
 0 392
 1 393
 1 394
 1 395
 0 396
 0 397
 0 398
 0 399
 0 400
 0 401
 0 402
 0 403
 0 404
 0 405
 0 406
 0 407
 0 408
 0 409
 0 410
 0 411
 0 412
 0 413
 0 414
 0 415
 1 416
 0 417
 0 418
 0 419
 0 420
 0 421
 0 422
 0 423
 0 424
 0 425
 0 426
 0 427
 0 428
 0 429
 0 430
 0 431
 0 432
 0 433
 0 434
 0 435
 0 436
 0 437
 0 438
 0 439
 0 440
 0 441
 0 442
 0 443
 0 444
 0 445
 0 446
 0 447
 0 448
 0 449
 0 450
 0 451
 0 452
 0 453
 0 454
 0 455
 0 456
 0 457
 0 458
 0 459
 0 460
 0 461
 0 462
 0 463
 0 464
 0 465
 0 466
 0 467
 0 468
 0 469
 0 470
 0 471
 0 472
 0 473
 0 474
 0 475
 0 476
 0 477
 0 478
 0 479
 0 480
 0 481
 0 482
 0 483
 0 484
 0 485
 0 486
 0 487
 0 488
 0 489
 0 490
 0 491
 0 492
 0 493
 0 494
 0 495
 0 496
 0 497
 0 498
 0 499
 0 500
 0 501
 0 502
 0 503
 0 504
 0 505
 0 506
 0 507
 0 508
 0 509
 0 510
 0 511
 0 512
 0 513
 0 514
 0 515
 0 516
 0 517
 0 518
 0 519
 0 520
 0 521
 0 522
 0 523
 0 524
 0 525
 0 526
 0 527
 0 528
 0 529
 0 530
 0 531
 0 532
 0 533
 0 534
 0 535
 0 536
 0 537
 0 538
 0 539
 0 540
 0 541
 0 542
 0 543
 0 544
 0 545
 0 546
 0 547
 0 548
 0 549
 0 550
 0 551
 0 552
 0 553
 0 554
 0 555
 0 556
 0 557
 0 558
 0 559
 0 560
 0 561
 0 562
 0 563
 0 564
 0 565
 0 566
 0 567
 0 568
 0 569
 0 570
 0 571
 0 572
 0 573
 0 574
 0 575
 0 576
 0 577
 0 578
 0 579
 0 580
 0 581
 0 582
 0 583
 0 584
 0 585
 0 586
 0 587
 0 588
 0 589
 0 590
 0 591
 0 592
 0 593
 0 594
 0 595
 0 596
 0 597
 0 598
 0 599
 0 600


