# Created by Octave 3.8.2, Sat Jun 20 22:59:55 2020 CEST <damian@fptrucha.inv.usc.es>
# name: hd
# type: matrix
# rows: 551
# columns: 2
 0 50
 0 51
 0 52
 0 53
 0 54
 0 55
 0 56
 0 57
 0 58
 0 59
 0 60
 0 61
 0 62
 0 63
 0 64
 0 65
 0 66
 0 67
 0 68
 0 69
 0 70
 0 71
 0 72
 0 73
 0 74
 0 75
 0 76
 0 77
 0 78
 0 79
 0 80
 0 81
 0 82
 0 83
 0 84
 0 85
 0 86
 2 87
 5 88
 17 89
 71 90
 106 91
 204 92
 286 93
 399 94
 545 95
 796 96
 1019 97
 1236 98
 1335 99
 1458 100
 1612 101
 1570 102
 1558 103
 1509 104
 1527 105
 1487 106
 1330 107
 1346 108
 1244 109
 1211 110
 1096 111
 980 112
 904 113
 796 114
 775 115
 677 116
 612 117
 586 118
 517 119
 474 120
 472 121
 383 122
 359 123
 302 124
 307 125
 260 126
 232 127
 235 128
 218 129
 182 130
 151 131
 151 132
 124 133
 118 134
 121 135
 112 136
 114 137
 118 138
 98 139
 87 140
 66 141
 66 142
 62 143
 51 144
 58 145
 61 146
 47 147
 41 148
 42 149
 42 150
 35 151
 37 152
 36 153
 25 154
 31 155
 24 156
 32 157
 22 158
 31 159
 29 160
 29 161
 16 162
 17 163
 15 164
 18 165
 18 166
 8 167
 12 168
 14 169
 11 170
 8 171
 11 172
 10 173
 7 174
 9 175
 11 176
 5 177
 7 178
 2 179
 4 180
 5 181
 10 182
 6 183
 3 184
 3 185
 5 186
 2 187
 3 188
 2 189
 6 190
 2 191
 2 192
 2 193
 0 194
 2 195
 2 196
 5 197
 2 198
 0 199
 1 200
 0 201
 1 202
 1 203
 1 204
 0 205
 1 206
 0 207
 0 208
 0 209
 2 210
 0 211
 0 212
 1 213
 0 214
 0 215
 1 216
 1 217
 0 218
 0 219
 0 220
 0 221
 0 222
 0 223
 0 224
 2 225
 0 226
 0 227
 0 228
 0 229
 0 230
 0 231
 0 232
 0 233
 0 234
 0 235
 0 236
 0 237
 0 238
 0 239
 0 240
 0 241
 0 242
 0 243
 0 244
 0 245
 0 246
 0 247
 0 248
 0 249
 0 250
 0 251
 0 252
 0 253
 0 254
 0 255
 0 256
 0 257
 0 258
 0 259
 0 260
 0 261
 0 262
 0 263
 0 264
 0 265
 0 266
 0 267
 0 268
 0 269
 0 270
 0 271
 0 272
 0 273
 0 274
 0 275
 0 276
 0 277
 0 278
 0 279
 0 280
 1 281
 0 282
 0 283
 0 284
 0 285
 0 286
 0 287
 0 288
 0 289
 1 290
 0 291
 1 292
 1 293
 0 294
 0 295
 0 296
 2 297
 0 298
 0 299
 1 300
 0 301
 1 302
 1 303
 0 304
 0 305
 0 306
 1 307
 1 308
 0 309
 2 310
 0 311
 0 312
 4 313
 1 314
 3 315
 2 316
 4 317
 2 318
 4 319
 1 320
 1 321
 0 322
 1 323
 4 324
 1 325
 5 326
 1 327
 2 328
 0 329
 3 330
 2 331
 1 332
 1 333
 3 334
 2 335
 1 336
 3 337
 2 338
 0 339
 0 340
 0 341
 4 342
 0 343
 4 344
 2 345
 0 346
 0 347
 3 348
 1 349
 1 350
 3 351
 0 352
 0 353
 2 354
 0 355
 3 356
 0 357
 1 358
 0 359
 0 360
 2 361
 1 362
 0 363
 0 364
 0 365
 1 366
 2 367
 1 368
 2 369
 1 370
 0 371
 1 372
 0 373
 0 374
 0 375
 1 376
 0 377
 1 378
 0 379
 0 380
 0 381
 0 382
 1 383
 0 384
 1 385
 0 386
 0 387
 2 388
 0 389
 0 390
 0 391
 0 392
 0 393
 0 394
 0 395
 1 396
 0 397
 0 398
 0 399
 0 400
 0 401
 0 402
 1 403
 0 404
 0 405
 1 406
 0 407
 0 408
 0 409
 0 410
 0 411
 0 412
 0 413
 0 414
 0 415
 0 416
 0 417
 0 418
 0 419
 0 420
 0 421
 0 422
 0 423
 0 424
 0 425
 0 426
 0 427
 0 428
 0 429
 0 430
 0 431
 0 432
 0 433
 0 434
 0 435
 0 436
 0 437
 0 438
 0 439
 0 440
 0 441
 0 442
 0 443
 0 444
 0 445
 0 446
 0 447
 0 448
 0 449
 0 450
 0 451
 0 452
 0 453
 0 454
 0 455
 0 456
 0 457
 0 458
 0 459
 0 460
 0 461
 0 462
 0 463
 0 464
 0 465
 0 466
 0 467
 0 468
 0 469
 0 470
 0 471
 0 472
 0 473
 0 474
 0 475
 0 476
 0 477
 0 478
 0 479
 0 480
 0 481
 0 482
 0 483
 0 484
 0 485
 0 486
 0 487
 0 488
 0 489
 0 490
 0 491
 0 492
 0 493
 0 494
 0 495
 0 496
 0 497
 0 498
 0 499
 0 500
 0 501
 0 502
 0 503
 0 504
 0 505
 0 506
 0 507
 0 508
 0 509
 0 510
 0 511
 0 512
 0 513
 0 514
 0 515
 0 516
 0 517
 0 518
 0 519
 0 520
 0 521
 0 522
 0 523
 0 524
 0 525
 0 526
 0 527
 0 528
 0 529
 0 530
 0 531
 0 532
 0 533
 0 534
 0 535
 0 536
 0 537
 0 538
 0 539
 0 540
 0 541
 0 542
 0 543
 0 544
 0 545
 0 546
 0 547
 0 548
 0 549
 0 550
 0 551
 0 552
 0 553
 0 554
 0 555
 0 556
 0 557
 0 558
 0 559
 0 560
 0 561
 0 562
 0 563
 0 564
 0 565
 0 566
 0 567
 0 568
 0 569
 0 570
 0 571
 0 572
 0 573
 0 574
 0 575
 0 576
 0 577
 0 578
 0 579
 0 580
 0 581
 0 582
 0 583
 0 584
 0 585
 0 586
 0 587
 0 588
 0 589
 0 590
 0 591
 0 592
 0 593
 0 594
 0 595
 0 596
 0 597
 0 598
 0 599
 0 600


