# Created by Octave 3.8.2, Sat Jun 20 02:49:45 2020 CEST <damian@fptrucha.inv.usc.es>
# name: hd
# type: matrix
# rows: 551
# columns: 2
 0 50
 0 51
 0 52
 0 53
 0 54
 0 55
 0 56
 0 57
 0 58
 0 59
 0 60
 0 61
 0 62
 0 63
 0 64
 0 65
 0 66
 0 67
 0 68
 0 69
 0 70
 0 71
 0 72
 0 73
 0 74
 0 75
 0 76
 0 77
 0 78
 0 79
 0 80
 0 81
 0 82
 0 83
 0 84
 0 85
 0 86
 1 87
 7 88
 16 89
 59 90
 136 91
 231 92
 311 93
 399 94
 568 95
 824 96
 1145 97
 1330 98
 1497 99
 1646 100
 1622 101
 1647 102
 1683 103
 1645 104
 1574 105
 1512 106
 1455 107
 1380 108
 1365 109
 1237 110
 1156 111
 1085 112
 972 113
 908 114
 920 115
 721 116
 696 117
 623 118
 534 119
 551 120
 479 121
 440 122
 370 123
 383 124
 352 125
 302 126
 284 127
 259 128
 238 129
 225 130
 188 131
 175 132
 179 133
 179 134
 138 135
 152 136
 116 137
 124 138
 118 139
 119 140
 93 141
 89 142
 105 143
 99 144
 71 145
 92 146
 89 147
 67 148
 67 149
 66 150
 68 151
 51 152
 40 153
 45 154
 50 155
 40 156
 49 157
 43 158
 36 159
 44 160
 25 161
 29 162
 22 163
 32 164
 19 165
 16 166
 24 167
 21 168
 15 169
 14 170
 13 171
 12 172
 13 173
 14 174
 9 175
 10 176
 11 177
 16 178
 13 179
 13 180
 12 181
 4 182
 9 183
 2 184
 6 185
 10 186
 5 187
 6 188
 2 189
 2 190
 6 191
 7 192
 4 193
 4 194
 3 195
 1 196
 5 197
 4 198
 1 199
 1 200
 1 201
 1 202
 1 203
 2 204
 0 205
 1 206
 0 207
 0 208
 3 209
 3 210
 0 211
 2 212
 0 213
 0 214
 2 215
 3 216
 0 217
 1 218
 0 219
 0 220
 1 221
 0 222
 0 223
 1 224
 0 225
 0 226
 0 227
 0 228
 0 229
 0 230
 1 231
 0 232
 1 233
 1 234
 0 235
 0 236
 0 237
 0 238
 0 239
 0 240
 0 241
 0 242
 0 243
 0 244
 0 245
 0 246
 0 247
 0 248
 0 249
 0 250
 0 251
 0 252
 0 253
 0 254
 0 255
 0 256
 0 257
 0 258
 0 259
 0 260
 0 261
 0 262
 0 263
 0 264
 0 265
 0 266
 1 267
 0 268
 0 269
 0 270
 0 271
 0 272
 0 273
 0 274
 0 275
 0 276
 0 277
 0 278
 0 279
 0 280
 0 281
 0 282
 0 283
 0 284
 1 285
 0 286
 0 287
 0 288
 1 289
 0 290
 1 291
 0 292
 0 293
 0 294
 0 295
 0 296
 2 297
 0 298
 1 299
 1 300
 2 301
 2 302
 2 303
 1 304
 3 305
 0 306
 3 307
 2 308
 2 309
 2 310
 0 311
 2 312
 1 313
 3 314
 2 315
 2 316
 1 317
 0 318
 1 319
 5 320
 1 321
 4 322
 3 323
 1 324
 4 325
 7 326
 2 327
 2 328
 4 329
 5 330
 3 331
 3 332
 1 333
 4 334
 0 335
 2 336
 3 337
 3 338
 2 339
 2 340
 3 341
 4 342
 2 343
 2 344
 1 345
 2 346
 1 347
 2 348
 4 349
 1 350
 2 351
 1 352
 3 353
 3 354
 3 355
 0 356
 1 357
 0 358
 1 359
 4 360
 0 361
 2 362
 2 363
 1 364
 0 365
 1 366
 0 367
 0 368
 1 369
 2 370
 2 371
 0 372
 0 373
 1 374
 1 375
 1 376
 0 377
 0 378
 0 379
 0 380
 0 381
 0 382
 1 383
 0 384
 1 385
 0 386
 0 387
 2 388
 0 389
 0 390
 0 391
 0 392
 0 393
 1 394
 1 395
 3 396
 0 397
 1 398
 2 399
 0 400
 0 401
 1 402
 0 403
 0 404
 1 405
 0 406
 0 407
 1 408
 0 409
 0 410
 0 411
 0 412
 1 413
 0 414
 0 415
 0 416
 0 417
 0 418
 0 419
 0 420
 0 421
 0 422
 0 423
 0 424
 1 425
 0 426
 0 427
 0 428
 1 429
 0 430
 0 431
 0 432
 0 433
 0 434
 0 435
 0 436
 0 437
 0 438
 0 439
 0 440
 0 441
 0 442
 0 443
 0 444
 0 445
 0 446
 0 447
 0 448
 0 449
 0 450
 0 451
 0 452
 0 453
 0 454
 0 455
 0 456
 0 457
 0 458
 0 459
 0 460
 0 461
 0 462
 0 463
 0 464
 0 465
 0 466
 0 467
 0 468
 0 469
 0 470
 0 471
 0 472
 0 473
 0 474
 0 475
 0 476
 0 477
 0 478
 0 479
 0 480
 0 481
 0 482
 0 483
 0 484
 0 485
 0 486
 0 487
 0 488
 0 489
 0 490
 0 491
 0 492
 0 493
 0 494
 0 495
 0 496
 0 497
 0 498
 0 499
 0 500
 0 501
 0 502
 0 503
 0 504
 0 505
 0 506
 0 507
 0 508
 0 509
 0 510
 0 511
 0 512
 0 513
 0 514
 0 515
 0 516
 0 517
 0 518
 0 519
 0 520
 0 521
 0 522
 0 523
 0 524
 0 525
 0 526
 0 527
 0 528
 0 529
 0 530
 0 531
 0 532
 0 533
 0 534
 0 535
 0 536
 0 537
 0 538
 0 539
 0 540
 0 541
 0 542
 0 543
 0 544
 0 545
 0 546
 0 547
 0 548
 0 549
 0 550
 0 551
 0 552
 0 553
 0 554
 0 555
 0 556
 0 557
 0 558
 0 559
 0 560
 0 561
 0 562
 0 563
 0 564
 0 565
 0 566
 0 567
 0 568
 0 569
 0 570
 0 571
 0 572
 0 573
 0 574
 0 575
 0 576
 0 577
 0 578
 0 579
 0 580
 0 581
 0 582
 0 583
 0 584
 0 585
 0 586
 0 587
 0 588
 0 589
 0 590
 0 591
 0 592
 0 593
 0 594
 0 595
 0 596
 0 597
 0 598
 0 599
 0 600


