# Created by Octave 3.8.2, Mon Jun 22 20:41:49 2020 CEST <damian@fptrucha.inv.usc.es>
# name: hd
# type: matrix
# rows: 551
# columns: 2
 0 50
 0 51
 0 52
 0 53
 0 54
 0 55
 0 56
 0 57
 0 58
 0 59
 0 60
 0 61
 0 62
 0 63
 0 64
 0 65
 0 66
 0 67
 0 68
 0 69
 0 70
 0 71
 0 72
 0 73
 0 74
 0 75
 0 76
 0 77
 0 78
 0 79
 0 80
 0 81
 0 82
 0 83
 0 84
 0 85
 0 86
 1 87
 2 88
 7 89
 41 90
 125 91
 185 92
 318 93
 415 94
 603 95
 816 96
 1215 97
 1524 98
 1663 99
 1747 100
 1821 101
 1902 102
 1845 103
 1799 104
 1745 105
 1644 106
 1510 107
 1489 108
 1290 109
 1253 110
 1102 111
 947 112
 887 113
 783 114
 738 115
 653 116
 603 117
 547 118
 478 119
 447 120
 323 121
 345 122
 304 123
 288 124
 227 125
 225 126
 229 127
 217 128
 183 129
 170 130
 168 131
 142 132
 116 133
 130 134
 107 135
 112 136
 114 137
 88 138
 96 139
 79 140
 66 141
 67 142
 75 143
 63 144
 54 145
 57 146
 63 147
 53 148
 49 149
 45 150
 36 151
 41 152
 24 153
 32 154
 27 155
 34 156
 28 157
 26 158
 28 159
 19 160
 29 161
 29 162
 21 163
 19 164
 24 165
 13 166
 16 167
 22 168
 9 169
 13 170
 7 171
 17 172
 10 173
 10 174
 12 175
 13 176
 4 177
 11 178
 11 179
 5 180
 1 181
 4 182
 6 183
 5 184
 9 185
 6 186
 4 187
 3 188
 2 189
 1 190
 1 191
 3 192
 3 193
 4 194
 2 195
 1 196
 4 197
 0 198
 4 199
 1 200
 1 201
 2 202
 2 203
 1 204
 1 205
 0 206
 0 207
 0 208
 0 209
 2 210
 1 211
 0 212
 2 213
 0 214
 0 215
 1 216
 1 217
 0 218
 0 219
 0 220
 1 221
 1 222
 0 223
 0 224
 0 225
 0 226
 0 227
 1 228
 0 229
 0 230
 1 231
 1 232
 0 233
 0 234
 0 235
 1 236
 0 237
 0 238
 1 239
 0 240
 0 241
 0 242
 0 243
 0 244
 0 245
 1 246
 1 247
 0 248
 0 249
 0 250
 0 251
 0 252
 0 253
 0 254
 0 255
 0 256
 0 257
 0 258
 0 259
 0 260
 0 261
 0 262
 0 263
 0 264
 0 265
 0 266
 0 267
 0 268
 0 269
 0 270
 0 271
 0 272
 0 273
 0 274
 0 275
 0 276
 0 277
 0 278
 0 279
 0 280
 0 281
 0 282
 0 283
 0 284
 0 285
 0 286
 1 287
 0 288
 0 289
 0 290
 0 291
 2 292
 0 293
 1 294
 2 295
 1 296
 0 297
 2 298
 1 299
 2 300
 1 301
 2 302
 2 303
 1 304
 1 305
 4 306
 2 307
 2 308
 1 309
 4 310
 4 311
 0 312
 0 313
 0 314
 1 315
 5 316
 2 317
 2 318
 0 319
 1 320
 3 321
 3 322
 3 323
 1 324
 0 325
 1 326
 2 327
 1 328
 3 329
 2 330
 0 331
 2 332
 3 333
 6 334
 0 335
 4 336
 3 337
 2 338
 3 339
 3 340
 6 341
 2 342
 1 343
 1 344
 0 345
 2 346
 3 347
 2 348
 2 349
 4 350
 2 351
 1 352
 1 353
 2 354
 1 355
 0 356
 2 357
 0 358
 1 359
 1 360
 0 361
 2 362
 1 363
 1 364
 2 365
 1 366
 3 367
 1 368
 1 369
 1 370
 1 371
 2 372
 2 373
 0 374
 1 375
 0 376
 1 377
 0 378
 1 379
 2 380
 0 381
 0 382
 0 383
 2 384
 0 385
 0 386
 1 387
 1 388
 1 389
 1 390
 0 391
 0 392
 0 393
 0 394
 0 395
 0 396
 0 397
 1 398
 1 399
 0 400
 0 401
 1 402
 0 403
 0 404
 1 405
 0 406
 0 407
 0 408
 0 409
 0 410
 0 411
 0 412
 0 413
 0 414
 0 415
 1 416
 0 417
 0 418
 0 419
 0 420
 0 421
 0 422
 1 423
 0 424
 0 425
 0 426
 0 427
 0 428
 0 429
 0 430
 0 431
 0 432
 0 433
 0 434
 0 435
 0 436
 0 437
 0 438
 0 439
 0 440
 0 441
 0 442
 0 443
 0 444
 0 445
 0 446
 0 447
 0 448
 0 449
 0 450
 0 451
 0 452
 0 453
 0 454
 0 455
 0 456
 0 457
 0 458
 0 459
 0 460
 0 461
 0 462
 0 463
 0 464
 0 465
 0 466
 0 467
 0 468
 0 469
 0 470
 0 471
 0 472
 0 473
 0 474
 0 475
 0 476
 0 477
 0 478
 0 479
 0 480
 0 481
 0 482
 0 483
 0 484
 0 485
 0 486
 0 487
 0 488
 0 489
 0 490
 0 491
 0 492
 0 493
 0 494
 0 495
 0 496
 0 497
 0 498
 0 499
 0 500
 0 501
 0 502
 0 503
 0 504
 0 505
 0 506
 0 507
 0 508
 0 509
 0 510
 0 511
 0 512
 0 513
 0 514
 0 515
 0 516
 0 517
 0 518
 0 519
 0 520
 0 521
 0 522
 0 523
 0 524
 0 525
 0 526
 0 527
 0 528
 0 529
 0 530
 0 531
 0 532
 0 533
 0 534
 0 535
 0 536
 0 537
 0 538
 0 539
 0 540
 0 541
 0 542
 0 543
 0 544
 0 545
 0 546
 0 547
 0 548
 0 549
 0 550
 0 551
 0 552
 0 553
 0 554
 0 555
 0 556
 0 557
 0 558
 0 559
 0 560
 0 561
 0 562
 0 563
 0 564
 0 565
 0 566
 0 567
 0 568
 0 569
 0 570
 0 571
 0 572
 0 573
 0 574
 0 575
 0 576
 0 577
 0 578
 0 579
 0 580
 0 581
 0 582
 0 583
 0 584
 0 585
 0 586
 0 587
 0 588
 0 589
 0 590
 0 591
 0 592
 0 593
 0 594
 0 595
 0 596
 0 597
 0 598
 0 599
 0 600


