# Created by Octave 3.8.2, Sun Jun 21 02:23:58 2020 CEST <damian@fptrucha.inv.usc.es>
# name: hd
# type: matrix
# rows: 551
# columns: 2
 0 50
 0 51
 0 52
 0 53
 0 54
 0 55
 0 56
 0 57
 0 58
 0 59
 0 60
 0 61
 0 62
 0 63
 0 64
 0 65
 0 66
 0 67
 0 68
 0 69
 0 70
 0 71
 0 72
 0 73
 0 74
 0 75
 0 76
 0 77
 0 78
 0 79
 0 80
 0 81
 0 82
 0 83
 0 84
 0 85
 0 86
 1 87
 6 88
 26 89
 58 90
 135 91
 209 92
 275 93
 408 94
 568 95
 812 96
 1168 97
 1328 98
 1387 99
 1596 100
 1583 101
 1640 102
 1646 103
 1526 104
 1524 105
 1498 106
 1439 107
 1365 108
 1244 109
 1170 110
 1112 111
 1000 112
 933 113
 805 114
 760 115
 726 116
 619 117
 529 118
 539 119
 430 120
 423 121
 416 122
 342 123
 322 124
 287 125
 246 126
 228 127
 215 128
 215 129
 163 130
 168 131
 146 132
 146 133
 105 134
 114 135
 90 136
 74 137
 80 138
 86 139
 56 140
 66 141
 72 142
 60 143
 58 144
 54 145
 63 146
 49 147
 39 148
 40 149
 39 150
 33 151
 34 152
 30 153
 27 154
 28 155
 30 156
 18 157
 28 158
 17 159
 15 160
 22 161
 14 162
 12 163
 9 164
 12 165
 7 166
 18 167
 15 168
 12 169
 13 170
 6 171
 10 172
 9 173
 8 174
 3 175
 6 176
 3 177
 7 178
 8 179
 6 180
 4 181
 4 182
 2 183
 3 184
 7 185
 3 186
 0 187
 5 188
 2 189
 1 190
 1 191
 1 192
 2 193
 1 194
 3 195
 2 196
 1 197
 0 198
 1 199
 0 200
 0 201
 1 202
 1 203
 1 204
 2 205
 0 206
 0 207
 0 208
 1 209
 0 210
 1 211
 0 212
 0 213
 0 214
 1 215
 0 216
 0 217
 3 218
 0 219
 0 220
 0 221
 0 222
 0 223
 0 224
 0 225
 1 226
 0 227
 0 228
 0 229
 0 230
 0 231
 0 232
 0 233
 0 234
 0 235
 0 236
 0 237
 0 238
 0 239
 0 240
 0 241
 0 242
 0 243
 0 244
 0 245
 0 246
 0 247
 0 248
 0 249
 0 250
 0 251
 0 252
 0 253
 0 254
 0 255
 0 256
 0 257
 0 258
 0 259
 0 260
 0 261
 0 262
 0 263
 0 264
 0 265
 0 266
 0 267
 0 268
 0 269
 0 270
 0 271
 0 272
 0 273
 0 274
 0 275
 0 276
 0 277
 0 278
 0 279
 0 280
 0 281
 0 282
 0 283
 0 284
 0 285
 0 286
 0 287
 2 288
 0 289
 0 290
 0 291
 1 292
 0 293
 0 294
 1 295
 0 296
 1 297
 2 298
 1 299
 2 300
 0 301
 0 302
 1 303
 3 304
 3 305
 3 306
 0 307
 1 308
 2 309
 3 310
 1 311
 1 312
 1 313
 2 314
 0 315
 1 316
 0 317
 0 318
 1 319
 1 320
 1 321
 1 322
 2 323
 2 324
 1 325
 2 326
 1 327
 0 328
 1 329
 1 330
 5 331
 1 332
 0 333
 1 334
 3 335
 0 336
 1 337
 2 338
 1 339
 0 340
 1 341
 2 342
 1 343
 1 344
 3 345
 2 346
 1 347
 4 348
 0 349
 5 350
 0 351
 2 352
 1 353
 0 354
 0 355
 0 356
 0 357
 2 358
 1 359
 2 360
 0 361
 3 362
 0 363
 2 364
 3 365
 0 366
 1 367
 0 368
 0 369
 1 370
 0 371
 0 372
 2 373
 0 374
 1 375
 1 376
 0 377
 2 378
 0 379
 0 380
 1 381
 2 382
 0 383
 0 384
 0 385
 0 386
 0 387
 1 388
 0 389
 1 390
 1 391
 0 392
 2 393
 1 394
 0 395
 0 396
 0 397
 0 398
 1 399
 0 400
 0 401
 0 402
 0 403
 0 404
 0 405
 0 406
 0 407
 0 408
 0 409
 0 410
 0 411
 0 412
 0 413
 0 414
 0 415
 0 416
 0 417
 0 418
 0 419
 0 420
 0 421
 0 422
 0 423
 0 424
 0 425
 0 426
 0 427
 0 428
 0 429
 0 430
 0 431
 0 432
 0 433
 0 434
 0 435
 0 436
 0 437
 0 438
 0 439
 0 440
 0 441
 0 442
 0 443
 0 444
 0 445
 0 446
 0 447
 0 448
 0 449
 0 450
 0 451
 0 452
 0 453
 0 454
 0 455
 0 456
 0 457
 0 458
 0 459
 0 460
 0 461
 0 462
 0 463
 0 464
 0 465
 0 466
 0 467
 0 468
 0 469
 0 470
 0 471
 0 472
 0 473
 0 474
 0 475
 0 476
 0 477
 0 478
 0 479
 0 480
 0 481
 0 482
 0 483
 0 484
 0 485
 0 486
 0 487
 0 488
 0 489
 0 490
 0 491
 0 492
 0 493
 0 494
 0 495
 0 496
 0 497
 0 498
 0 499
 0 500
 0 501
 0 502
 0 503
 0 504
 0 505
 0 506
 0 507
 0 508
 0 509
 0 510
 0 511
 0 512
 0 513
 0 514
 0 515
 0 516
 0 517
 0 518
 0 519
 0 520
 0 521
 0 522
 0 523
 0 524
 0 525
 0 526
 0 527
 0 528
 0 529
 0 530
 0 531
 0 532
 0 533
 0 534
 0 535
 0 536
 0 537
 0 538
 0 539
 0 540
 0 541
 0 542
 0 543
 0 544
 0 545
 0 546
 0 547
 0 548
 0 549
 0 550
 0 551
 0 552
 0 553
 0 554
 0 555
 0 556
 0 557
 0 558
 0 559
 0 560
 0 561
 0 562
 0 563
 0 564
 0 565
 0 566
 0 567
 0 568
 0 569
 0 570
 0 571
 0 572
 0 573
 0 574
 0 575
 0 576
 0 577
 0 578
 0 579
 0 580
 0 581
 0 582
 0 583
 0 584
 0 585
 0 586
 0 587
 0 588
 0 589
 0 590
 0 591
 0 592
 0 593
 0 594
 0 595
 0 596
 0 597
 0 598
 0 599
 0 600


