# Created by Octave 3.8.2, Mon Jun 22 12:12:38 2020 CEST <damian@fptrucha.inv.usc.es>
# name: hd
# type: matrix
# rows: 551
# columns: 2
 0 50
 0 51
 0 52
 0 53
 0 54
 0 55
 0 56
 0 57
 0 58
 0 59
 0 60
 0 61
 0 62
 0 63
 0 64
 0 65
 0 66
 0 67
 0 68
 0 69
 0 70
 0 71
 0 72
 0 73
 0 74
 0 75
 0 76
 0 77
 0 78
 0 79
 0 80
 0 81
 0 82
 0 83
 0 84
 0 85
 0 86
 0 87
 4 88
 7 89
 54 90
 137 91
 197 92
 331 93
 390 94
 552 95
 846 96
 1231 97
 1451 98
 1555 99
 1627 100
 1719 101
 1821 102
 1738 103
 1662 104
 1598 105
 1486 106
 1400 107
 1270 108
 1233 109
 1063 110
 1000 111
 894 112
 868 113
 755 114
 758 115
 622 116
 540 117
 521 118
 446 119
 402 120
 366 121
 315 122
 302 123
 267 124
 230 125
 219 126
 231 127
 181 128
 154 129
 162 130
 148 131
 144 132
 120 133
 122 134
 101 135
 82 136
 73 137
 89 138
 81 139
 75 140
 84 141
 58 142
 82 143
 52 144
 73 145
 56 146
 53 147
 52 148
 31 149
 39 150
 47 151
 28 152
 30 153
 24 154
 45 155
 25 156
 29 157
 33 158
 32 159
 20 160
 22 161
 19 162
 26 163
 13 164
 24 165
 28 166
 14 167
 17 168
 19 169
 13 170
 12 171
 12 172
 12 173
 9 174
 9 175
 7 176
 9 177
 3 178
 4 179
 8 180
 11 181
 5 182
 11 183
 4 184
 6 185
 3 186
 1 187
 2 188
 3 189
 2 190
 3 191
 3 192
 3 193
 1 194
 2 195
 2 196
 4 197
 1 198
 3 199
 3 200
 0 201
 2 202
 1 203
 2 204
 1 205
 1 206
 0 207
 1 208
 1 209
 1 210
 1 211
 0 212
 1 213
 0 214
 1 215
 1 216
 0 217
 0 218
 0 219
 0 220
 0 221
 0 222
 0 223
 1 224
 0 225
 0 226
 0 227
 0 228
 0 229
 0 230
 0 231
 0 232
 0 233
 0 234
 0 235
 0 236
 0 237
 0 238
 0 239
 0 240
 0 241
 0 242
 0 243
 0 244
 0 245
 0 246
 0 247
 0 248
 0 249
 0 250
 0 251
 0 252
 0 253
 0 254
 0 255
 0 256
 0 257
 0 258
 0 259
 0 260
 0 261
 0 262
 0 263
 0 264
 0 265
 0 266
 0 267
 0 268
 0 269
 0 270
 0 271
 0 272
 0 273
 1 274
 0 275
 0 276
 0 277
 0 278
 0 279
 1 280
 0 281
 0 282
 0 283
 1 284
 0 285
 2 286
 0 287
 0 288
 0 289
 2 290
 0 291
 0 292
 0 293
 1 294
 0 295
 0 296
 3 297
 1 298
 0 299
 0 300
 0 301
 2 302
 0 303
 1 304
 1 305
 2 306
 0 307
 0 308
 3 309
 1 310
 1 311
 2 312
 1 313
 0 314
 0 315
 2 316
 2 317
 5 318
 3 319
 3 320
 3 321
 1 322
 2 323
 2 324
 3 325
 1 326
 1 327
 1 328
 3 329
 2 330
 8 331
 1 332
 6 333
 4 334
 1 335
 3 336
 2 337
 1 338
 0 339
 1 340
 3 341
 3 342
 4 343
 1 344
 4 345
 3 346
 3 347
 2 348
 0 349
 2 350
 2 351
 1 352
 0 353
 1 354
 1 355
 0 356
 1 357
 1 358
 4 359
 2 360
 0 361
 3 362
 1 363
 1 364
 0 365
 0 366
 0 367
 1 368
 0 369
 0 370
 2 371
 0 372
 1 373
 0 374
 0 375
 2 376
 0 377
 0 378
 0 379
 0 380
 0 381
 1 382
 2 383
 0 384
 0 385
 0 386
 1 387
 1 388
 0 389
 0 390
 1 391
 1 392
 0 393
 0 394
 1 395
 1 396
 0 397
 1 398
 0 399
 1 400
 0 401
 0 402
 1 403
 0 404
 1 405
 0 406
 1 407
 1 408
 0 409
 0 410
 2 411
 0 412
 0 413
 1 414
 0 415
 0 416
 0 417
 0 418
 0 419
 0 420
 0 421
 0 422
 0 423
 0 424
 0 425
 0 426
 0 427
 0 428
 0 429
 0 430
 0 431
 0 432
 0 433
 0 434
 0 435
 0 436
 0 437
 0 438
 0 439
 0 440
 0 441
 0 442
 0 443
 0 444
 0 445
 0 446
 0 447
 0 448
 0 449
 0 450
 0 451
 0 452
 0 453
 0 454
 0 455
 0 456
 0 457
 0 458
 0 459
 0 460
 0 461
 0 462
 0 463
 0 464
 0 465
 0 466
 0 467
 0 468
 0 469
 0 470
 0 471
 0 472
 0 473
 0 474
 0 475
 0 476
 0 477
 0 478
 0 479
 0 480
 0 481
 0 482
 0 483
 0 484
 0 485
 0 486
 0 487
 0 488
 0 489
 0 490
 0 491
 0 492
 0 493
 0 494
 0 495
 0 496
 0 497
 0 498
 0 499
 0 500
 0 501
 0 502
 0 503
 0 504
 0 505
 0 506
 0 507
 0 508
 0 509
 0 510
 0 511
 0 512
 0 513
 0 514
 0 515
 0 516
 0 517
 0 518
 0 519
 0 520
 0 521
 0 522
 0 523
 0 524
 0 525
 0 526
 0 527
 0 528
 0 529
 0 530
 0 531
 0 532
 0 533
 0 534
 0 535
 0 536
 0 537
 0 538
 0 539
 0 540
 0 541
 0 542
 0 543
 0 544
 0 545
 0 546
 0 547
 0 548
 0 549
 0 550
 0 551
 0 552
 0 553
 0 554
 0 555
 0 556
 0 557
 0 558
 0 559
 0 560
 0 561
 0 562
 0 563
 0 564
 0 565
 0 566
 0 567
 0 568
 0 569
 0 570
 0 571
 0 572
 0 573
 0 574
 0 575
 0 576
 0 577
 0 578
 0 579
 0 580
 0 581
 0 582
 0 583
 0 584
 0 585
 0 586
 0 587
 0 588
 0 589
 0 590
 0 591
 0 592
 0 593
 0 594
 0 595
 0 596
 0 597
 0 598
 0 599
 0 600


