# Created by Octave 3.8.2, Mon Jun 22 08:23:34 2020 CEST <damian@fptrucha.inv.usc.es>
# name: hd
# type: matrix
# rows: 551
# columns: 2
 0 50
 0 51
 0 52
 0 53
 0 54
 0 55
 0 56
 0 57
 0 58
 0 59
 0 60
 0 61
 0 62
 0 63
 0 64
 0 65
 0 66
 0 67
 0 68
 0 69
 0 70
 0 71
 0 72
 0 73
 0 74
 0 75
 0 76
 0 77
 0 78
 0 79
 0 80
 0 81
 0 82
 0 83
 0 84
 0 85
 0 86
 0 87
 4 88
 6 89
 19 90
 79 91
 154 92
 276 93
 349 94
 485 95
 739 96
 1036 97
 1382 98
 1474 99
 1598 100
 1688 101
 1712 102
 1737 103
 1602 104
 1672 105
 1485 106
 1464 107
 1379 108
 1288 109
 1151 110
 1045 111
 961 112
 837 113
 788 114
 677 115
 694 116
 555 117
 492 118
 478 119
 422 120
 331 121
 346 122
 297 123
 239 124
 235 125
 220 126
 194 127
 156 128
 184 129
 172 130
 152 131
 118 132
 108 133
 95 134
 120 135
 130 136
 90 137
 89 138
 102 139
 83 140
 72 141
 82 142
 71 143
 56 144
 63 145
 53 146
 53 147
 48 148
 58 149
 36 150
 42 151
 34 152
 32 153
 42 154
 29 155
 36 156
 33 157
 27 158
 34 159
 23 160
 29 161
 20 162
 22 163
 20 164
 24 165
 15 166
 18 167
 14 168
 12 169
 8 170
 8 171
 9 172
 12 173
 11 174
 8 175
 5 176
 5 177
 10 178
 10 179
 5 180
 12 181
 7 182
 8 183
 2 184
 2 185
 3 186
 1 187
 5 188
 3 189
 5 190
 1 191
 1 192
 1 193
 4 194
 0 195
 3 196
 2 197
 2 198
 1 199
 1 200
 2 201
 3 202
 2 203
 1 204
 2 205
 1 206
 2 207
 1 208
 1 209
 1 210
 1 211
 0 212
 2 213
 1 214
 0 215
 0 216
 2 217
 1 218
 1 219
 0 220
 0 221
 0 222
 0 223
 0 224
 0 225
 0 226
 0 227
 0 228
 0 229
 0 230
 0 231
 0 232
 0 233
 0 234
 0 235
 0 236
 0 237
 0 238
 0 239
 0 240
 0 241
 0 242
 0 243
 0 244
 0 245
 0 246
 0 247
 1 248
 0 249
 0 250
 0 251
 0 252
 0 253
 0 254
 0 255
 0 256
 0 257
 0 258
 0 259
 0 260
 0 261
 0 262
 0 263
 0 264
 0 265
 0 266
 0 267
 0 268
 0 269
 0 270
 0 271
 0 272
 0 273
 0 274
 0 275
 0 276
 0 277
 0 278
 0 279
 0 280
 0 281
 0 282
 0 283
 0 284
 0 285
 0 286
 0 287
 1 288
 1 289
 0 290
 0 291
 1 292
 1 293
 3 294
 1 295
 2 296
 1 297
 1 298
 1 299
 1 300
 0 301
 1 302
 1 303
 2 304
 4 305
 3 306
 2 307
 2 308
 5 309
 0 310
 2 311
 2 312
 0 313
 3 314
 3 315
 2 316
 4 317
 5 318
 1 319
 3 320
 4 321
 1 322
 4 323
 5 324
 1 325
 5 326
 1 327
 5 328
 2 329
 3 330
 2 331
 2 332
 1 333
 1 334
 1 335
 3 336
 3 337
 3 338
 3 339
 3 340
 1 341
 3 342
 2 343
 5 344
 1 345
 4 346
 2 347
 1 348
 0 349
 1 350
 2 351
 3 352
 0 353
 0 354
 1 355
 4 356
 1 357
 1 358
 2 359
 0 360
 3 361
 0 362
 0 363
 0 364
 1 365
 1 366
 1 367
 1 368
 1 369
 3 370
 0 371
 0 372
 1 373
 1 374
 1 375
 1 376
 1 377
 0 378
 0 379
 2 380
 1 381
 1 382
 0 383
 1 384
 1 385
 0 386
 0 387
 0 388
 0 389
 0 390
 0 391
 3 392
 0 393
 0 394
 2 395
 0 396
 1 397
 0 398
 1 399
 0 400
 0 401
 0 402
 0 403
 0 404
 0 405
 0 406
 0 407
 0 408
 0 409
 0 410
 0 411
 0 412
 0 413
 0 414
 0 415
 0 416
 0 417
 0 418
 0 419
 1 420
 0 421
 0 422
 0 423
 0 424
 0 425
 0 426
 0 427
 0 428
 0 429
 0 430
 0 431
 0 432
 0 433
 0 434
 0 435
 0 436
 0 437
 0 438
 0 439
 0 440
 0 441
 0 442
 0 443
 0 444
 0 445
 0 446
 0 447
 0 448
 0 449
 0 450
 0 451
 0 452
 0 453
 0 454
 0 455
 0 456
 0 457
 0 458
 0 459
 0 460
 0 461
 0 462
 0 463
 0 464
 0 465
 0 466
 0 467
 0 468
 0 469
 0 470
 0 471
 0 472
 0 473
 0 474
 0 475
 0 476
 0 477
 0 478
 0 479
 0 480
 0 481
 0 482
 0 483
 0 484
 0 485
 0 486
 0 487
 0 488
 0 489
 0 490
 0 491
 0 492
 0 493
 0 494
 0 495
 0 496
 0 497
 0 498
 0 499
 0 500
 0 501
 0 502
 0 503
 0 504
 0 505
 0 506
 0 507
 0 508
 0 509
 0 510
 0 511
 0 512
 0 513
 0 514
 0 515
 0 516
 0 517
 0 518
 0 519
 0 520
 0 521
 0 522
 0 523
 0 524
 0 525
 0 526
 0 527
 0 528
 0 529
 0 530
 0 531
 0 532
 0 533
 0 534
 0 535
 0 536
 0 537
 0 538
 0 539
 0 540
 0 541
 0 542
 0 543
 0 544
 0 545
 0 546
 0 547
 0 548
 0 549
 0 550
 0 551
 0 552
 0 553
 0 554
 0 555
 0 556
 0 557
 0 558
 0 559
 0 560
 0 561
 0 562
 0 563
 0 564
 0 565
 0 566
 0 567
 0 568
 0 569
 0 570
 0 571
 0 572
 0 573
 0 574
 0 575
 0 576
 0 577
 0 578
 0 579
 0 580
 0 581
 0 582
 0 583
 0 584
 0 585
 0 586
 0 587
 0 588
 0 589
 0 590
 0 591
 0 592
 0 593
 0 594
 0 595
 0 596
 0 597
 0 598
 0 599
 0 600


