# Created by Octave 3.8.2, Sun Jun 21 05:31:37 2020 CEST <damian@fptrucha.inv.usc.es>
# name: hd
# type: matrix
# rows: 551
# columns: 2
 0 50
 0 51
 0 52
 0 53
 0 54
 0 55
 0 56
 0 57
 0 58
 0 59
 0 60
 0 61
 0 62
 0 63
 0 64
 0 65
 0 66
 0 67
 0 68
 0 69
 0 70
 0 71
 0 72
 0 73
 0 74
 0 75
 0 76
 0 77
 0 78
 0 79
 0 80
 0 81
 0 82
 0 83
 0 84
 0 85
 0 86
 2 87
 4 88
 23 89
 74 90
 103 91
 217 92
 245 93
 365 94
 537 95
 812 96
 1025 97
 1238 98
 1351 99
 1442 100
 1614 101
 1598 102
 1578 103
 1543 104
 1474 105
 1438 106
 1410 107
 1262 108
 1265 109
 1163 110
 1079 111
 1023 112
 916 113
 882 114
 765 115
 690 116
 656 117
 578 118
 535 119
 498 120
 450 121
 418 122
 365 123
 311 124
 282 125
 239 126
 228 127
 211 128
 218 129
 181 130
 188 131
 142 132
 130 133
 106 134
 124 135
 96 136
 108 137
 122 138
 77 139
 60 140
 67 141
 78 142
 65 143
 54 144
 54 145
 55 146
 63 147
 38 148
 38 149
 40 150
 52 151
 43 152
 24 153
 40 154
 33 155
 41 156
 27 157
 26 158
 17 159
 24 160
 14 161
 18 162
 23 163
 12 164
 23 165
 15 166
 13 167
 11 168
 13 169
 9 170
 4 171
 4 172
 10 173
 12 174
 4 175
 8 176
 6 177
 9 178
 3 179
 7 180
 3 181
 4 182
 1 183
 2 184
 3 185
 7 186
 3 187
 0 188
 4 189
 1 190
 1 191
 2 192
 0 193
 0 194
 0 195
 3 196
 1 197
 3 198
 2 199
 0 200
 1 201
 1 202
 0 203
 0 204
 0 205
 2 206
 0 207
 0 208
 1 209
 0 210
 0 211
 0 212
 1 213
 1 214
 0 215
 0 216
 0 217
 0 218
 0 219
 0 220
 1 221
 1 222
 0 223
 0 224
 0 225
 0 226
 0 227
 0 228
 0 229
 0 230
 0 231
 0 232
 0 233
 0 234
 0 235
 1 236
 0 237
 0 238
 0 239
 0 240
 0 241
 0 242
 0 243
 0 244
 0 245
 0 246
 0 247
 0 248
 0 249
 0 250
 0 251
 0 252
 0 253
 0 254
 0 255
 0 256
 0 257
 0 258
 0 259
 0 260
 0 261
 0 262
 0 263
 0 264
 0 265
 0 266
 0 267
 0 268
 0 269
 0 270
 0 271
 0 272
 0 273
 0 274
 0 275
 0 276
 0 277
 0 278
 0 279
 0 280
 0 281
 0 282
 0 283
 0 284
 0 285
 0 286
 1 287
 0 288
 0 289
 1 290
 0 291
 0 292
 0 293
 1 294
 1 295
 1 296
 0 297
 1 298
 2 299
 0 300
 0 301
 2 302
 0 303
 3 304
 0 305
 1 306
 1 307
 2 308
 0 309
 0 310
 2 311
 1 312
 3 313
 2 314
 0 315
 1 316
 2 317
 1 318
 1 319
 1 320
 1 321
 3 322
 2 323
 2 324
 2 325
 2 326
 4 327
 1 328
 2 329
 4 330
 2 331
 0 332
 0 333
 2 334
 1 335
 1 336
 1 337
 1 338
 4 339
 3 340
 1 341
 1 342
 2 343
 1 344
 2 345
 3 346
 1 347
 1 348
 3 349
 2 350
 2 351
 3 352
 2 353
 1 354
 3 355
 2 356
 3 357
 3 358
 2 359
 3 360
 2 361
 1 362
 1 363
 1 364
 0 365
 0 366
 1 367
 0 368
 1 369
 1 370
 0 371
 0 372
 1 373
 0 374
 2 375
 0 376
 2 377
 2 378
 0 379
 1 380
 0 381
 1 382
 2 383
 1 384
 1 385
 1 386
 0 387
 0 388
 0 389
 1 390
 0 391
 1 392
 0 393
 1 394
 0 395
 0 396
 0 397
 0 398
 0 399
 0 400
 1 401
 1 402
 0 403
 0 404
 0 405
 0 406
 0 407
 0 408
 0 409
 0 410
 0 411
 0 412
 0 413
 0 414
 0 415
 0 416
 0 417
 0 418
 0 419
 0 420
 0 421
 0 422
 0 423
 0 424
 0 425
 0 426
 0 427
 0 428
 0 429
 0 430
 0 431
 0 432
 0 433
 0 434
 0 435
 0 436
 0 437
 0 438
 0 439
 0 440
 0 441
 0 442
 0 443
 0 444
 0 445
 0 446
 0 447
 0 448
 0 449
 0 450
 0 451
 0 452
 0 453
 0 454
 0 455
 0 456
 0 457
 0 458
 0 459
 0 460
 0 461
 0 462
 0 463
 0 464
 0 465
 0 466
 0 467
 0 468
 0 469
 0 470
 0 471
 0 472
 0 473
 0 474
 0 475
 0 476
 0 477
 0 478
 0 479
 0 480
 0 481
 0 482
 0 483
 0 484
 0 485
 0 486
 0 487
 0 488
 0 489
 0 490
 0 491
 0 492
 0 493
 0 494
 0 495
 0 496
 0 497
 0 498
 0 499
 0 500
 0 501
 0 502
 0 503
 0 504
 0 505
 0 506
 0 507
 0 508
 0 509
 0 510
 0 511
 0 512
 0 513
 0 514
 0 515
 0 516
 0 517
 0 518
 0 519
 0 520
 0 521
 0 522
 0 523
 0 524
 0 525
 0 526
 0 527
 0 528
 0 529
 0 530
 0 531
 0 532
 0 533
 0 534
 0 535
 0 536
 0 537
 0 538
 0 539
 0 540
 0 541
 0 542
 0 543
 0 544
 0 545
 0 546
 0 547
 0 548
 0 549
 0 550
 0 551
 0 552
 0 553
 0 554
 0 555
 0 556
 0 557
 0 558
 0 559
 0 560
 0 561
 0 562
 0 563
 0 564
 0 565
 0 566
 0 567
 0 568
 0 569
 0 570
 0 571
 0 572
 0 573
 0 574
 0 575
 0 576
 0 577
 0 578
 0 579
 0 580
 0 581
 0 582
 0 583
 0 584
 0 585
 0 586
 0 587
 0 588
 0 589
 0 590
 0 591
 0 592
 0 593
 0 594
 0 595
 0 596
 0 597
 0 598
 0 599
 0 600


