# Created by Octave 3.8.2, Mon Jun 22 02:05:08 2020 CEST <damian@fptrucha.inv.usc.es>
# name: hd
# type: matrix
# rows: 551
# columns: 2
 0 50
 0 51
 0 52
 0 53
 0 54
 0 55
 0 56
 0 57
 0 58
 0 59
 0 60
 0 61
 0 62
 0 63
 0 64
 0 65
 0 66
 0 67
 0 68
 0 69
 0 70
 0 71
 0 72
 0 73
 0 74
 0 75
 0 76
 0 77
 0 78
 0 79
 0 80
 0 81
 0 82
 0 83
 0 84
 0 85
 0 86
 0 87
 2 88
 10 89
 30 90
 87 91
 149 92
 268 93
 366 94
 480 95
 776 96
 1024 97
 1411 98
 1624 99
 1767 100
 1809 101
 1932 102
 1875 103
 1755 104
 1636 105
 1566 106
 1518 107
 1425 108
 1314 109
 1212 110
 1112 111
 979 112
 906 113
 790 114
 700 115
 653 116
 575 117
 487 118
 441 119
 398 120
 369 121
 297 122
 290 123
 262 124
 208 125
 207 126
 202 127
 141 128
 130 129
 144 130
 125 131
 104 132
 87 133
 102 134
 86 135
 93 136
 86 137
 74 138
 59 139
 70 140
 46 141
 32 142
 62 143
 40 144
 40 145
 37 146
 31 147
 35 148
 37 149
 30 150
 35 151
 25 152
 31 153
 25 154
 24 155
 16 156
 20 157
 18 158
 15 159
 18 160
 17 161
 13 162
 12 163
 12 164
 11 165
 9 166
 5 167
 4 168
 7 169
 8 170
 10 171
 5 172
 6 173
 7 174
 7 175
 7 176
 3 177
 2 178
 1 179
 7 180
 1 181
 3 182
 3 183
 0 184
 2 185
 3 186
 3 187
 2 188
 3 189
 2 190
 1 191
 1 192
 1 193
 0 194
 1 195
 1 196
 0 197
 1 198
 3 199
 0 200
 2 201
 1 202
 0 203
 0 204
 0 205
 0 206
 1 207
 0 208
 1 209
 1 210
 0 211
 1 212
 1 213
 2 214
 1 215
 0 216
 1 217
 0 218
 0 219
 0 220
 0 221
 0 222
 0 223
 0 224
 0 225
 0 226
 0 227
 0 228
 0 229
 0 230
 0 231
 0 232
 0 233
 0 234
 0 235
 0 236
 0 237
 0 238
 0 239
 0 240
 0 241
 0 242
 1 243
 0 244
 0 245
 0 246
 0 247
 0 248
 0 249
 0 250
 0 251
 0 252
 0 253
 0 254
 0 255
 0 256
 0 257
 0 258
 0 259
 0 260
 0 261
 0 262
 0 263
 0 264
 0 265
 0 266
 0 267
 0 268
 0 269
 0 270
 1 271
 0 272
 0 273
 0 274
 0 275
 0 276
 0 277
 0 278
 0 279
 0 280
 0 281
 0 282
 0 283
 0 284
 0 285
 0 286
 0 287
 0 288
 0 289
 0 290
 0 291
 0 292
 0 293
 0 294
 1 295
 0 296
 1 297
 0 298
 0 299
 0 300
 2 301
 1 302
 0 303
 2 304
 1 305
 0 306
 1 307
 1 308
 2 309
 0 310
 3 311
 2 312
 0 313
 1 314
 0 315
 0 316
 1 317
 4 318
 1 319
 1 320
 3 321
 2 322
 1 323
 2 324
 0 325
 0 326
 2 327
 2 328
 3 329
 1 330
 1 331
 1 332
 4 333
 2 334
 0 335
 1 336
 0 337
 3 338
 2 339
 1 340
 1 341
 1 342
 2 343
 0 344
 0 345
 0 346
 3 347
 1 348
 1 349
 2 350
 2 351
 1 352
 0 353
 1 354
 4 355
 1 356
 1 357
 1 358
 0 359
 1 360
 0 361
 2 362
 1 363
 1 364
 0 365
 3 366
 2 367
 1 368
 2 369
 0 370
 1 371
 0 372
 1 373
 0 374
 1 375
 0 376
 1 377
 0 378
 0 379
 0 380
 0 381
 1 382
 0 383
 1 384
 1 385
 0 386
 0 387
 0 388
 1 389
 0 390
 1 391
 0 392
 0 393
 2 394
 0 395
 0 396
 1 397
 0 398
 0 399
 0 400
 0 401
 0 402
 0 403
 0 404
 0 405
 0 406
 1 407
 0 408
 1 409
 1 410
 0 411
 0 412
 0 413
 0 414
 0 415
 0 416
 0 417
 0 418
 0 419
 0 420
 0 421
 0 422
 0 423
 0 424
 0 425
 0 426
 0 427
 0 428
 0 429
 0 430
 0 431
 0 432
 0 433
 0 434
 0 435
 0 436
 0 437
 0 438
 0 439
 0 440
 0 441
 0 442
 0 443
 0 444
 0 445
 0 446
 0 447
 0 448
 0 449
 0 450
 0 451
 0 452
 0 453
 0 454
 0 455
 0 456
 0 457
 0 458
 0 459
 0 460
 0 461
 0 462
 0 463
 0 464
 0 465
 0 466
 0 467
 0 468
 0 469
 0 470
 0 471
 0 472
 0 473
 0 474
 0 475
 0 476
 0 477
 0 478
 0 479
 0 480
 0 481
 0 482
 0 483
 0 484
 0 485
 0 486
 0 487
 0 488
 0 489
 0 490
 0 491
 0 492
 0 493
 0 494
 0 495
 0 496
 0 497
 0 498
 0 499
 0 500
 0 501
 0 502
 0 503
 0 504
 0 505
 0 506
 0 507
 0 508
 0 509
 0 510
 0 511
 0 512
 0 513
 0 514
 0 515
 0 516
 0 517
 0 518
 0 519
 0 520
 0 521
 0 522
 0 523
 0 524
 0 525
 0 526
 0 527
 0 528
 0 529
 0 530
 0 531
 0 532
 0 533
 0 534
 0 535
 0 536
 0 537
 0 538
 0 539
 0 540
 0 541
 0 542
 0 543
 0 544
 0 545
 0 546
 0 547
 0 548
 0 549
 0 550
 0 551
 0 552
 0 553
 0 554
 0 555
 0 556
 0 557
 0 558
 0 559
 0 560
 0 561
 0 562
 0 563
 0 564
 0 565
 0 566
 0 567
 0 568
 0 569
 0 570
 0 571
 0 572
 0 573
 0 574
 0 575
 0 576
 0 577
 0 578
 0 579
 0 580
 0 581
 0 582
 0 583
 0 584
 0 585
 0 586
 0 587
 0 588
 0 589
 0 590
 0 591
 0 592
 0 593
 0 594
 0 595
 0 596
 0 597
 0 598
 0 599
 0 600


