# Created by Octave 3.8.2, Sat Jun 20 15:30:19 2020 CEST <damian@fptrucha.inv.usc.es>
# name: hd
# type: matrix
# rows: 551
# columns: 2
 0 50
 0 51
 0 52
 0 53
 0 54
 0 55
 0 56
 0 57
 0 58
 0 59
 0 60
 0 61
 0 62
 0 63
 0 64
 0 65
 0 66
 0 67
 0 68
 0 69
 0 70
 0 71
 0 72
 0 73
 0 74
 0 75
 0 76
 0 77
 0 78
 0 79
 0 80
 0 81
 0 82
 0 83
 0 84
 0 85
 0 86
 3 87
 7 88
 18 89
 63 90
 130 91
 236 92
 292 93
 383 94
 619 95
 870 96
 1150 97
 1354 98
 1445 99
 1566 100
 1715 101
 1713 102
 1676 103
 1513 104
 1556 105
 1545 106
 1443 107
 1412 108
 1264 109
 1180 110
 1082 111
 1014 112
 931 113
 866 114
 831 115
 738 116
 676 117
 588 118
 568 119
 480 120
 439 121
 413 122
 367 123
 314 124
 304 125
 277 126
 235 127
 200 128
 188 129
 191 130
 171 131
 168 132
 134 133
 131 134
 125 135
 107 136
 105 137
 99 138
 86 139
 73 140
 77 141
 73 142
 61 143
 66 144
 62 145
 42 146
 53 147
 63 148
 52 149
 46 150
 63 151
 38 152
 36 153
 41 154
 33 155
 22 156
 26 157
 35 158
 24 159
 28 160
 23 161
 25 162
 24 163
 13 164
 17 165
 13 166
 15 167
 14 168
 6 169
 14 170
 11 171
 9 172
 10 173
 4 174
 14 175
 4 176
 7 177
 4 178
 2 179
 7 180
 5 181
 7 182
 6 183
 4 184
 4 185
 3 186
 3 187
 1 188
 7 189
 0 190
 2 191
 2 192
 6 193
 2 194
 2 195
 0 196
 0 197
 1 198
 0 199
 2 200
 2 201
 0 202
 0 203
 0 204
 0 205
 0 206
 2 207
 0 208
 0 209
 0 210
 0 211
 0 212
 0 213
 0 214
 0 215
 0 216
 0 217
 0 218
 0 219
 0 220
 0 221
 0 222
 0 223
 0 224
 0 225
 1 226
 0 227
 0 228
 1 229
 1 230
 1 231
 0 232
 0 233
 0 234
 0 235
 0 236
 0 237
 0 238
 0 239
 0 240
 0 241
 0 242
 0 243
 0 244
 0 245
 0 246
 0 247
 0 248
 0 249
 0 250
 0 251
 0 252
 0 253
 0 254
 0 255
 0 256
 0 257
 0 258
 0 259
 0 260
 0 261
 0 262
 0 263
 0 264
 0 265
 0 266
 0 267
 0 268
 0 269
 0 270
 0 271
 0 272
 1 273
 0 274
 0 275
 0 276
 0 277
 0 278
 0 279
 0 280
 0 281
 1 282
 0 283
 0 284
 0 285
 1 286
 0 287
 1 288
 0 289
 0 290
 0 291
 1 292
 0 293
 0 294
 1 295
 0 296
 0 297
 1 298
 2 299
 0 300
 1 301
 1 302
 2 303
 1 304
 2 305
 0 306
 0 307
 1 308
 0 309
 3 310
 1 311
 4 312
 2 313
 1 314
 2 315
 1 316
 3 317
 1 318
 3 319
 1 320
 1 321
 3 322
 1 323
 2 324
 2 325
 2 326
 3 327
 1 328
 1 329
 3 330
 2 331
 2 332
 1 333
 1 334
 0 335
 2 336
 0 337
 0 338
 0 339
 4 340
 0 341
 2 342
 5 343
 4 344
 2 345
 0 346
 2 347
 2 348
 2 349
 1 350
 1 351
 0 352
 1 353
 2 354
 2 355
 1 356
 1 357
 0 358
 1 359
 1 360
 0 361
 2 362
 0 363
 3 364
 1 365
 1 366
 1 367
 3 368
 0 369
 0 370
 0 371
 2 372
 2 373
 0 374
 0 375
 2 376
 0 377
 0 378
 0 379
 1 380
 1 381
 1 382
 0 383
 0 384
 0 385
 0 386
 0 387
 0 388
 1 389
 0 390
 0 391
 0 392
 0 393
 0 394
 0 395
 0 396
 0 397
 0 398
 0 399
 0 400
 1 401
 0 402
 0 403
 0 404
 0 405
 0 406
 0 407
 0 408
 0 409
 0 410
 0 411
 0 412
 0 413
 0 414
 0 415
 0 416
 0 417
 1 418
 0 419
 0 420
 0 421
 0 422
 0 423
 0 424
 0 425
 0 426
 1 427
 0 428
 0 429
 0 430
 0 431
 0 432
 0 433
 0 434
 0 435
 0 436
 0 437
 0 438
 0 439
 0 440
 0 441
 0 442
 0 443
 0 444
 0 445
 0 446
 0 447
 0 448
 0 449
 0 450
 0 451
 0 452
 0 453
 0 454
 0 455
 0 456
 0 457
 0 458
 0 459
 0 460
 0 461
 0 462
 0 463
 0 464
 0 465
 0 466
 0 467
 0 468
 0 469
 0 470
 0 471
 0 472
 0 473
 0 474
 0 475
 0 476
 0 477
 0 478
 0 479
 0 480
 0 481
 0 482
 0 483
 0 484
 0 485
 0 486
 0 487
 0 488
 0 489
 0 490
 0 491
 0 492
 0 493
 0 494
 0 495
 0 496
 0 497
 0 498
 0 499
 0 500
 0 501
 0 502
 0 503
 0 504
 0 505
 0 506
 0 507
 0 508
 0 509
 0 510
 0 511
 0 512
 0 513
 0 514
 0 515
 0 516
 0 517
 0 518
 0 519
 0 520
 0 521
 0 522
 0 523
 0 524
 0 525
 0 526
 0 527
 0 528
 0 529
 0 530
 0 531
 0 532
 0 533
 0 534
 0 535
 0 536
 0 537
 0 538
 0 539
 0 540
 0 541
 0 542
 0 543
 0 544
 0 545
 0 546
 0 547
 0 548
 0 549
 0 550
 0 551
 0 552
 0 553
 0 554
 0 555
 0 556
 0 557
 0 558
 0 559
 0 560
 0 561
 0 562
 0 563
 0 564
 0 565
 0 566
 0 567
 0 568
 0 569
 0 570
 0 571
 0 572
 0 573
 0 574
 0 575
 0 576
 0 577
 0 578
 0 579
 0 580
 0 581
 0 582
 0 583
 0 584
 0 585
 0 586
 0 587
 0 588
 0 589
 0 590
 0 591
 0 592
 0 593
 0 594
 0 595
 0 596
 0 597
 0 598
 0 599
 0 600


