# Created by Octave 3.8.2, Sat Jun 20 05:10:21 2020 CEST <damian@fptrucha.inv.usc.es>
# name: hd
# type: matrix
# rows: 551
# columns: 2
 0 50
 0 51
 0 52
 0 53
 0 54
 0 55
 0 56
 0 57
 0 58
 0 59
 0 60
 0 61
 0 62
 0 63
 0 64
 0 65
 0 66
 0 67
 0 68
 0 69
 0 70
 0 71
 0 72
 0 73
 0 74
 0 75
 0 76
 0 77
 0 78
 0 79
 0 80
 0 81
 0 82
 0 83
 0 84
 0 85
 0 86
 3 87
 10 88
 19 89
 88 90
 129 91
 200 92
 303 93
 411 94
 637 95
 920 96
 1251 97
 1473 98
 1579 99
 1737 100
 1754 101
 1816 102
 1708 103
 1694 104
 1749 105
 1581 106
 1490 107
 1388 108
 1352 109
 1259 110
 1236 111
 1070 112
 972 113
 891 114
 853 115
 784 116
 683 117
 607 118
 529 119
 509 120
 445 121
 461 122
 384 123
 351 124
 328 125
 280 126
 262 127
 250 128
 210 129
 212 130
 188 131
 150 132
 133 133
 154 134
 140 135
 127 136
 108 137
 130 138
 125 139
 95 140
 85 141
 71 142
 65 143
 83 144
 70 145
 69 146
 59 147
 66 148
 58 149
 60 150
 39 151
 53 152
 39 153
 52 154
 38 155
 30 156
 31 157
 28 158
 32 159
 18 160
 29 161
 30 162
 22 163
 30 164
 21 165
 17 166
 20 167
 16 168
 6 169
 12 170
 16 171
 12 172
 9 173
 7 174
 13 175
 7 176
 11 177
 5 178
 6 179
 7 180
 12 181
 6 182
 8 183
 9 184
 5 185
 2 186
 3 187
 8 188
 5 189
 4 190
 4 191
 1 192
 3 193
 2 194
 2 195
 1 196
 1 197
 0 198
 2 199
 1 200
 1 201
 0 202
 2 203
 1 204
 1 205
 1 206
 1 207
 0 208
 0 209
 2 210
 0 211
 0 212
 0 213
 1 214
 2 215
 0 216
 0 217
 0 218
 0 219
 1 220
 0 221
 0 222
 1 223
 1 224
 0 225
 0 226
 0 227
 0 228
 0 229
 0 230
 1 231
 0 232
 0 233
 0 234
 1 235
 0 236
 0 237
 0 238
 0 239
 0 240
 0 241
 0 242
 0 243
 0 244
 0 245
 0 246
 0 247
 0 248
 0 249
 0 250
 0 251
 0 252
 0 253
 0 254
 0 255
 0 256
 0 257
 0 258
 0 259
 0 260
 0 261
 0 262
 0 263
 0 264
 0 265
 0 266
 0 267
 0 268
 0 269
 0 270
 0 271
 0 272
 0 273
 0 274
 0 275
 0 276
 0 277
 0 278
 0 279
 0 280
 0 281
 0 282
 0 283
 0 284
 0 285
 1 286
 0 287
 3 288
 1 289
 0 290
 1 291
 2 292
 0 293
 1 294
 0 295
 0 296
 1 297
 0 298
 1 299
 1 300
 1 301
 1 302
 0 303
 0 304
 0 305
 2 306
 3 307
 0 308
 2 309
 3 310
 1 311
 2 312
 3 313
 2 314
 1 315
 2 316
 2 317
 1 318
 1 319
 0 320
 1 321
 3 322
 3 323
 2 324
 3 325
 4 326
 2 327
 1 328
 1 329
 0 330
 3 331
 2 332
 2 333
 3 334
 4 335
 7 336
 2 337
 1 338
 1 339
 2 340
 3 341
 3 342
 2 343
 5 344
 3 345
 1 346
 1 347
 3 348
 4 349
 0 350
 3 351
 2 352
 1 353
 4 354
 4 355
 1 356
 1 357
 3 358
 0 359
 1 360
 1 361
 1 362
 0 363
 2 364
 4 365
 2 366
 1 367
 1 368
 0 369
 0 370
 0 371
 0 372
 0 373
 2 374
 0 375
 0 376
 2 377
 0 378
 3 379
 0 380
 1 381
 0 382
 1 383
 0 384
 0 385
 0 386
 1 387
 0 388
 0 389
 1 390
 1 391
 0 392
 0 393
 0 394
 0 395
 0 396
 0 397
 0 398
 0 399
 0 400
 0 401
 0 402
 0 403
 0 404
 0 405
 0 406
 0 407
 0 408
 0 409
 0 410
 1 411
 0 412
 0 413
 0 414
 0 415
 0 416
 0 417
 0 418
 0 419
 0 420
 0 421
 0 422
 0 423
 0 424
 0 425
 0 426
 0 427
 0 428
 0 429
 0 430
 0 431
 0 432
 0 433
 0 434
 0 435
 0 436
 0 437
 0 438
 0 439
 0 440
 0 441
 0 442
 0 443
 0 444
 0 445
 0 446
 0 447
 0 448
 0 449
 0 450
 0 451
 0 452
 0 453
 0 454
 0 455
 0 456
 0 457
 0 458
 0 459
 0 460
 0 461
 0 462
 0 463
 0 464
 0 465
 0 466
 0 467
 0 468
 0 469
 0 470
 0 471
 0 472
 0 473
 0 474
 0 475
 0 476
 0 477
 0 478
 0 479
 0 480
 0 481
 0 482
 0 483
 0 484
 0 485
 0 486
 0 487
 0 488
 0 489
 0 490
 0 491
 0 492
 0 493
 0 494
 0 495
 0 496
 0 497
 0 498
 0 499
 0 500
 0 501
 0 502
 0 503
 0 504
 0 505
 0 506
 0 507
 0 508
 0 509
 0 510
 0 511
 0 512
 0 513
 0 514
 0 515
 0 516
 0 517
 0 518
 0 519
 0 520
 0 521
 0 522
 0 523
 0 524
 0 525
 0 526
 0 527
 0 528
 0 529
 0 530
 0 531
 0 532
 0 533
 0 534
 0 535
 0 536
 0 537
 0 538
 0 539
 0 540
 0 541
 0 542
 0 543
 0 544
 0 545
 0 546
 0 547
 0 548
 0 549
 0 550
 0 551
 0 552
 0 553
 0 554
 0 555
 0 556
 0 557
 0 558
 0 559
 0 560
 0 561
 0 562
 0 563
 0 564
 0 565
 0 566
 0 567
 0 568
 0 569
 0 570
 0 571
 0 572
 0 573
 0 574
 0 575
 0 576
 0 577
 0 578
 0 579
 0 580
 0 581
 0 582
 0 583
 0 584
 0 585
 0 586
 0 587
 0 588
 0 589
 0 590
 0 591
 0 592
 0 593
 0 594
 0 595
 0 596
 0 597
 0 598
 0 599
 0 600


