# Created by Octave 3.8.2, Sat Jun 20 05:56:35 2020 CEST <damian@fptrucha.inv.usc.es>
# name: hd
# type: matrix
# rows: 551
# columns: 2
 0 50
 0 51
 0 52
 0 53
 0 54
 0 55
 0 56
 0 57
 0 58
 0 59
 0 60
 0 61
 0 62
 0 63
 0 64
 0 65
 0 66
 0 67
 0 68
 0 69
 0 70
 0 71
 0 72
 0 73
 0 74
 0 75
 0 76
 0 77
 0 78
 0 79
 0 80
 0 81
 0 82
 0 83
 0 84
 0 85
 0 86
 3 87
 4 88
 14 89
 68 90
 131 91
 251 92
 315 93
 463 94
 608 95
 975 96
 1313 97
 1513 98
 1651 99
 1772 100
 1818 101
 1895 102
 1814 103
 1696 104
 1689 105
 1628 106
 1524 107
 1413 108
 1342 109
 1356 110
 1201 111
 1109 112
 1001 113
 922 114
 805 115
 800 116
 705 117
 613 118
 556 119
 521 120
 437 121
 425 122
 395 123
 333 124
 306 125
 260 126
 243 127
 210 128
 196 129
 194 130
 171 131
 176 132
 163 133
 136 134
 133 135
 120 136
 98 137
 119 138
 93 139
 97 140
 89 141
 81 142
 77 143
 81 144
 59 145
 69 146
 73 147
 63 148
 56 149
 47 150
 48 151
 37 152
 42 153
 40 154
 40 155
 39 156
 43 157
 35 158
 30 159
 33 160
 24 161
 21 162
 25 163
 27 164
 13 165
 21 166
 11 167
 16 168
 14 169
 8 170
 8 171
 14 172
 9 173
 16 174
 14 175
 9 176
 9 177
 7 178
 7 179
 9 180
 8 181
 6 182
 5 183
 4 184
 1 185
 2 186
 4 187
 7 188
 5 189
 2 190
 4 191
 3 192
 5 193
 1 194
 2 195
 4 196
 0 197
 0 198
 2 199
 1 200
 0 201
 1 202
 2 203
 0 204
 3 205
 1 206
 1 207
 1 208
 0 209
 0 210
 0 211
 0 212
 0 213
 0 214
 0 215
 0 216
 0 217
 1 218
 2 219
 0 220
 1 221
 1 222
 1 223
 1 224
 0 225
 0 226
 0 227
 0 228
 0 229
 0 230
 0 231
 0 232
 1 233
 1 234
 0 235
 1 236
 0 237
 0 238
 0 239
 0 240
 1 241
 0 242
 0 243
 0 244
 1 245
 0 246
 0 247
 0 248
 0 249
 0 250
 0 251
 0 252
 1 253
 0 254
 0 255
 0 256
 0 257
 0 258
 0 259
 0 260
 0 261
 0 262
 0 263
 0 264
 0 265
 0 266
 0 267
 0 268
 0 269
 0 270
 0 271
 0 272
 0 273
 0 274
 0 275
 0 276
 0 277
 0 278
 0 279
 0 280
 0 281
 1 282
 1 283
 0 284
 0 285
 0 286
 0 287
 0 288
 0 289
 0 290
 1 291
 1 292
 0 293
 0 294
 2 295
 2 296
 0 297
 1 298
 2 299
 1 300
 2 301
 1 302
 3 303
 1 304
 3 305
 0 306
 0 307
 3 308
 1 309
 2 310
 3 311
 0 312
 1 313
 2 314
 1 315
 0 316
 1 317
 3 318
 0 319
 4 320
 5 321
 4 322
 0 323
 2 324
 4 325
 2 326
 3 327
 1 328
 0 329
 4 330
 1 331
 4 332
 2 333
 2 334
 2 335
 2 336
 2 337
 3 338
 2 339
 2 340
 1 341
 2 342
 2 343
 3 344
 1 345
 1 346
 1 347
 0 348
 1 349
 2 350
 2 351
 1 352
 2 353
 2 354
 1 355
 3 356
 1 357
 2 358
 3 359
 1 360
 1 361
 2 362
 0 363
 0 364
 1 365
 0 366
 1 367
 1 368
 1 369
 1 370
 1 371
 1 372
 1 373
 0 374
 1 375
 0 376
 0 377
 0 378
 0 379
 0 380
 1 381
 1 382
 0 383
 1 384
 0 385
 1 386
 0 387
 1 388
 1 389
 0 390
 0 391
 0 392
 0 393
 0 394
 1 395
 0 396
 0 397
 0 398
 1 399
 0 400
 2 401
 1 402
 0 403
 0 404
 0 405
 0 406
 0 407
 0 408
 1 409
 0 410
 0 411
 0 412
 0 413
 0 414
 0 415
 0 416
 0 417
 0 418
 1 419
 0 420
 0 421
 0 422
 0 423
 0 424
 0 425
 0 426
 0 427
 0 428
 0 429
 0 430
 0 431
 0 432
 0 433
 0 434
 0 435
 0 436
 0 437
 0 438
 0 439
 0 440
 0 441
 0 442
 0 443
 0 444
 0 445
 0 446
 0 447
 0 448
 0 449
 0 450
 0 451
 0 452
 0 453
 0 454
 0 455
 0 456
 0 457
 0 458
 0 459
 0 460
 0 461
 0 462
 0 463
 0 464
 0 465
 0 466
 0 467
 0 468
 0 469
 0 470
 0 471
 0 472
 0 473
 0 474
 0 475
 0 476
 0 477
 0 478
 0 479
 0 480
 0 481
 0 482
 0 483
 0 484
 0 485
 0 486
 0 487
 0 488
 0 489
 0 490
 0 491
 0 492
 0 493
 0 494
 0 495
 0 496
 0 497
 0 498
 0 499
 0 500
 0 501
 0 502
 0 503
 0 504
 0 505
 0 506
 0 507
 0 508
 0 509
 0 510
 0 511
 0 512
 0 513
 0 514
 0 515
 0 516
 0 517
 0 518
 0 519
 0 520
 0 521
 0 522
 0 523
 0 524
 0 525
 0 526
 0 527
 0 528
 0 529
 0 530
 0 531
 0 532
 0 533
 0 534
 0 535
 0 536
 0 537
 0 538
 0 539
 0 540
 0 541
 0 542
 0 543
 0 544
 0 545
 0 546
 0 547
 0 548
 0 549
 0 550
 0 551
 0 552
 0 553
 0 554
 0 555
 0 556
 0 557
 0 558
 0 559
 0 560
 0 561
 0 562
 0 563
 0 564
 0 565
 0 566
 0 567
 0 568
 0 569
 0 570
 0 571
 0 572
 0 573
 0 574
 0 575
 0 576
 0 577
 0 578
 0 579
 0 580
 0 581
 0 582
 0 583
 0 584
 0 585
 0 586
 0 587
 0 588
 0 589
 0 590
 0 591
 0 592
 0 593
 0 594
 0 595
 0 596
 0 597
 0 598
 0 599
 0 600


