# Created by Octave 3.8.2, Mon Jun 22 18:19:31 2020 CEST <damian@fptrucha.inv.usc.es>
# name: hd
# type: matrix
# rows: 551
# columns: 2
 0 50
 0 51
 0 52
 0 53
 0 54
 0 55
 0 56
 0 57
 0 58
 0 59
 0 60
 0 61
 0 62
 0 63
 0 64
 0 65
 0 66
 0 67
 0 68
 0 69
 0 70
 0 71
 0 72
 0 73
 0 74
 0 75
 0 76
 0 77
 0 78
 0 79
 0 80
 0 81
 0 82
 0 83
 0 84
 0 85
 0 86
 0 87
 5 88
 9 89
 41 90
 123 91
 190 92
 301 93
 409 94
 605 95
 792 96
 1245 97
 1522 98
 1665 99
 1795 100
 1802 101
 1886 102
 1839 103
 1752 104
 1738 105
 1591 106
 1571 107
 1420 108
 1233 109
 1237 110
 1095 111
 999 112
 821 113
 826 114
 726 115
 646 116
 565 117
 510 118
 460 119
 442 120
 381 121
 346 122
 311 123
 253 124
 219 125
 220 126
 204 127
 180 128
 154 129
 157 130
 167 131
 146 132
 113 133
 125 134
 101 135
 110 136
 82 137
 114 138
 78 139
 71 140
 75 141
 69 142
 48 143
 66 144
 58 145
 50 146
 49 147
 56 148
 51 149
 48 150
 31 151
 31 152
 41 153
 35 154
 34 155
 29 156
 24 157
 27 158
 10 159
 21 160
 23 161
 23 162
 16 163
 22 164
 19 165
 19 166
 21 167
 19 168
 17 169
 8 170
 12 171
 12 172
 11 173
 9 174
 4 175
 7 176
 9 177
 9 178
 8 179
 5 180
 4 181
 4 182
 7 183
 5 184
 8 185
 2 186
 3 187
 5 188
 4 189
 4 190
 1 191
 1 192
 2 193
 4 194
 1 195
 0 196
 4 197
 0 198
 2 199
 0 200
 0 201
 0 202
 1 203
 3 204
 0 205
 1 206
 0 207
 2 208
 0 209
 0 210
 0 211
 0 212
 1 213
 1 214
 1 215
 0 216
 2 217
 0 218
 0 219
 1 220
 0 221
 0 222
 0 223
 0 224
 0 225
 1 226
 0 227
 0 228
 0 229
 0 230
 0 231
 0 232
 0 233
 0 234
 1 235
 0 236
 0 237
 0 238
 0 239
 0 240
 0 241
 0 242
 0 243
 0 244
 0 245
 0 246
 0 247
 0 248
 0 249
 0 250
 0 251
 0 252
 0 253
 0 254
 0 255
 0 256
 0 257
 0 258
 0 259
 0 260
 0 261
 0 262
 0 263
 0 264
 0 265
 0 266
 0 267
 0 268
 0 269
 0 270
 0 271
 0 272
 0 273
 0 274
 0 275
 0 276
 0 277
 0 278
 0 279
 0 280
 1 281
 0 282
 0 283
 0 284
 0 285
 0 286
 1 287
 0 288
 1 289
 1 290
 0 291
 2 292
 1 293
 1 294
 1 295
 0 296
 1 297
 1 298
 0 299
 0 300
 0 301
 0 302
 0 303
 4 304
 1 305
 2 306
 1 307
 4 308
 0 309
 1 310
 2 311
 0 312
 4 313
 0 314
 2 315
 1 316
 2 317
 5 318
 2 319
 3 320
 2 321
 4 322
 2 323
 2 324
 0 325
 1 326
 4 327
 0 328
 5 329
 2 330
 3 331
 6 332
 4 333
 0 334
 2 335
 2 336
 3 337
 3 338
 2 339
 4 340
 3 341
 1 342
 0 343
 3 344
 2 345
 1 346
 1 347
 3 348
 0 349
 2 350
 2 351
 5 352
 0 353
 0 354
 2 355
 1 356
 1 357
 2 358
 2 359
 2 360
 3 361
 0 362
 2 363
 1 364
 1 365
 1 366
 2 367
 0 368
 0 369
 2 370
 0 371
 0 372
 0 373
 0 374
 2 375
 1 376
 1 377
 1 378
 1 379
 2 380
 0 381
 0 382
 3 383
 0 384
 2 385
 1 386
 1 387
 1 388
 0 389
 0 390
 1 391
 0 392
 0 393
 0 394
 0 395
 0 396
 0 397
 0 398
 0 399
 0 400
 0 401
 0 402
 0 403
 0 404
 0 405
 0 406
 0 407
 0 408
 0 409
 0 410
 0 411
 1 412
 0 413
 0 414
 0 415
 0 416
 0 417
 0 418
 0 419
 0 420
 0 421
 0 422
 0 423
 0 424
 0 425
 0 426
 0 427
 0 428
 0 429
 0 430
 0 431
 0 432
 0 433
 0 434
 0 435
 0 436
 0 437
 0 438
 0 439
 0 440
 0 441
 0 442
 0 443
 0 444
 0 445
 0 446
 0 447
 0 448
 0 449
 0 450
 0 451
 0 452
 0 453
 0 454
 0 455
 0 456
 0 457
 0 458
 0 459
 0 460
 0 461
 0 462
 0 463
 0 464
 0 465
 0 466
 0 467
 0 468
 0 469
 0 470
 0 471
 0 472
 0 473
 0 474
 0 475
 0 476
 0 477
 0 478
 0 479
 0 480
 0 481
 0 482
 0 483
 0 484
 0 485
 0 486
 0 487
 0 488
 0 489
 0 490
 0 491
 0 492
 0 493
 0 494
 0 495
 0 496
 0 497
 0 498
 0 499
 0 500
 0 501
 0 502
 0 503
 0 504
 0 505
 0 506
 0 507
 0 508
 0 509
 0 510
 0 511
 0 512
 0 513
 0 514
 0 515
 0 516
 0 517
 0 518
 0 519
 0 520
 0 521
 0 522
 0 523
 0 524
 0 525
 0 526
 0 527
 0 528
 0 529
 0 530
 0 531
 0 532
 0 533
 0 534
 0 535
 0 536
 0 537
 0 538
 0 539
 0 540
 0 541
 0 542
 0 543
 0 544
 0 545
 0 546
 0 547
 0 548
 0 549
 0 550
 0 551
 0 552
 0 553
 0 554
 0 555
 0 556
 0 557
 0 558
 0 559
 0 560
 0 561
 0 562
 0 563
 0 564
 0 565
 0 566
 0 567
 0 568
 0 569
 0 570
 0 571
 0 572
 0 573
 0 574
 0 575
 0 576
 0 577
 0 578
 0 579
 0 580
 0 581
 0 582
 0 583
 0 584
 0 585
 0 586
 0 587
 0 588
 0 589
 0 590
 0 591
 0 592
 0 593
 0 594
 0 595
 0 596
 0 597
 0 598
 0 599
 0 600


