# Created by Octave 3.8.2, Sat Jun 20 14:16:29 2020 CEST <damian@fptrucha.inv.usc.es>
# name: hd
# type: matrix
# rows: 551
# columns: 2
 0 50
 0 51
 0 52
 0 53
 0 54
 0 55
 0 56
 0 57
 0 58
 0 59
 0 60
 0 61
 0 62
 0 63
 0 64
 0 65
 0 66
 0 67
 0 68
 0 69
 0 70
 0 71
 0 72
 0 73
 0 74
 0 75
 0 76
 0 77
 0 78
 0 79
 0 80
 0 81
 0 82
 0 83
 0 84
 0 85
 0 86
 4 87
 11 88
 16 89
 72 90
 143 91
 225 92
 288 93
 404 94
 609 95
 914 96
 1230 97
 1457 98
 1561 99
 1632 100
 1697 101
 1689 102
 1747 103
 1719 104
 1642 105
 1519 106
 1483 107
 1405 108
 1348 109
 1248 110
 1119 111
 1058 112
 930 113
 884 114
 800 115
 680 116
 675 117
 600 118
 531 119
 469 120
 486 121
 399 122
 330 123
 336 124
 292 125
 281 126
 264 127
 183 128
 217 129
 186 130
 178 131
 158 132
 143 133
 141 134
 107 135
 130 136
 109 137
 94 138
 108 139
 80 140
 63 141
 70 142
 56 143
 66 144
 53 145
 64 146
 50 147
 56 148
 52 149
 45 150
 44 151
 42 152
 41 153
 39 154
 32 155
 41 156
 33 157
 30 158
 27 159
 26 160
 23 161
 14 162
 15 163
 26 164
 13 165
 19 166
 11 167
 9 168
 9 169
 15 170
 8 171
 16 172
 10 173
 7 174
 8 175
 8 176
 5 177
 7 178
 13 179
 7 180
 7 181
 7 182
 5 183
 4 184
 4 185
 2 186
 6 187
 3 188
 2 189
 1 190
 3 191
 1 192
 3 193
 2 194
 1 195
 2 196
 3 197
 0 198
 1 199
 3 200
 1 201
 2 202
 1 203
 0 204
 1 205
 0 206
 2 207
 2 208
 0 209
 0 210
 0 211
 0 212
 0 213
 1 214
 0 215
 0 216
 0 217
 0 218
 0 219
 0 220
 0 221
 1 222
 0 223
 0 224
 0 225
 0 226
 0 227
 1 228
 0 229
 0 230
 0 231
 1 232
 0 233
 0 234
 0 235
 0 236
 1 237
 0 238
 0 239
 0 240
 0 241
 0 242
 0 243
 0 244
 0 245
 0 246
 0 247
 0 248
 0 249
 0 250
 1 251
 0 252
 0 253
 0 254
 0 255
 0 256
 0 257
 0 258
 0 259
 0 260
 0 261
 0 262
 0 263
 0 264
 0 265
 0 266
 0 267
 0 268
 0 269
 0 270
 0 271
 0 272
 0 273
 0 274
 0 275
 0 276
 0 277
 0 278
 0 279
 0 280
 0 281
 0 282
 0 283
 0 284
 0 285
 0 286
 1 287
 0 288
 0 289
 0 290
 0 291
 0 292
 0 293
 0 294
 0 295
 0 296
 0 297
 3 298
 0 299
 1 300
 0 301
 0 302
 1 303
 1 304
 2 305
 1 306
 0 307
 3 308
 1 309
 0 310
 2 311
 2 312
 2 313
 1 314
 4 315
 1 316
 2 317
 2 318
 4 319
 3 320
 3 321
 1 322
 1 323
 0 324
 1 325
 3 326
 3 327
 1 328
 2 329
 1 330
 3 331
 1 332
 3 333
 4 334
 3 335
 4 336
 3 337
 0 338
 1 339
 2 340
 2 341
 0 342
 1 343
 0 344
 3 345
 0 346
 2 347
 1 348
 3 349
 0 350
 1 351
 2 352
 2 353
 0 354
 1 355
 1 356
 1 357
 2 358
 0 359
 3 360
 1 361
 1 362
 1 363
 2 364
 1 365
 0 366
 1 367
 0 368
 1 369
 0 370
 0 371
 1 372
 0 373
 0 374
 0 375
 1 376
 1 377
 0 378
 0 379
 0 380
 1 381
 1 382
 1 383
 0 384
 1 385
 2 386
 0 387
 0 388
 1 389
 0 390
 1 391
 0 392
 0 393
 0 394
 0 395
 0 396
 0 397
 0 398
 0 399
 0 400
 1 401
 0 402
 0 403
 0 404
 0 405
 0 406
 0 407
 0 408
 0 409
 0 410
 0 411
 0 412
 0 413
 1 414
 0 415
 0 416
 0 417
 0 418
 0 419
 0 420
 0 421
 0 422
 0 423
 1 424
 0 425
 0 426
 0 427
 0 428
 0 429
 0 430
 0 431
 0 432
 0 433
 0 434
 0 435
 0 436
 0 437
 0 438
 0 439
 0 440
 0 441
 0 442
 0 443
 0 444
 0 445
 0 446
 0 447
 0 448
 0 449
 0 450
 0 451
 0 452
 0 453
 0 454
 0 455
 0 456
 0 457
 0 458
 0 459
 0 460
 0 461
 0 462
 0 463
 0 464
 0 465
 0 466
 0 467
 0 468
 0 469
 0 470
 0 471
 0 472
 0 473
 0 474
 0 475
 0 476
 0 477
 0 478
 0 479
 0 480
 0 481
 0 482
 0 483
 0 484
 0 485
 0 486
 0 487
 0 488
 0 489
 0 490
 0 491
 0 492
 0 493
 0 494
 0 495
 0 496
 0 497
 0 498
 0 499
 0 500
 0 501
 0 502
 0 503
 0 504
 0 505
 0 506
 0 507
 0 508
 0 509
 0 510
 0 511
 0 512
 0 513
 0 514
 0 515
 0 516
 0 517
 0 518
 0 519
 0 520
 0 521
 0 522
 0 523
 0 524
 0 525
 0 526
 0 527
 0 528
 0 529
 0 530
 0 531
 0 532
 0 533
 0 534
 0 535
 0 536
 0 537
 0 538
 0 539
 0 540
 0 541
 0 542
 0 543
 0 544
 0 545
 0 546
 0 547
 0 548
 0 549
 0 550
 0 551
 0 552
 0 553
 0 554
 0 555
 0 556
 0 557
 0 558
 0 559
 0 560
 0 561
 0 562
 0 563
 0 564
 0 565
 0 566
 0 567
 0 568
 0 569
 0 570
 0 571
 0 572
 0 573
 0 574
 0 575
 0 576
 0 577
 0 578
 0 579
 0 580
 0 581
 0 582
 0 583
 0 584
 0 585
 0 586
 0 587
 0 588
 0 589
 0 590
 0 591
 0 592
 0 593
 0 594
 0 595
 0 596
 0 597
 0 598
 0 599
 0 600


