# Created by Octave 3.8.2, Sat Jun 20 03:39:47 2020 CEST <damian@fptrucha.inv.usc.es>
# name: hd
# type: matrix
# rows: 551
# columns: 2
 0 50
 0 51
 0 52
 0 53
 0 54
 0 55
 0 56
 0 57
 0 58
 0 59
 0 60
 0 61
 0 62
 0 63
 0 64
 0 65
 0 66
 0 67
 0 68
 0 69
 0 70
 1 71
 1 72
 0 73
 0 74
 1 75
 0 76
 0 77
 1 78
 0 79
 0 80
 1 81
 0 82
 1 83
 0 84
 1 85
 2 86
 6 87
 13 88
 17 89
 87 90
 135 91
 214 92
 281 93
 390 94
 607 95
 864 96
 1147 97
 1398 98
 1486 99
 1657 100
 1738 101
 1686 102
 1796 103
 1697 104
 1615 105
 1490 106
 1513 107
 1384 108
 1342 109
 1249 110
 1135 111
 1006 112
 973 113
 861 114
 832 115
 743 116
 673 117
 604 118
 532 119
 505 120
 451 121
 403 122
 342 123
 330 124
 329 125
 292 126
 236 127
 240 128
 208 129
 223 130
 181 131
 163 132
 134 133
 161 134
 145 135
 116 136
 107 137
 106 138
 110 139
 95 140
 77 141
 83 142
 79 143
 73 144
 84 145
 82 146
 49 147
 56 148
 59 149
 52 150
 43 151
 45 152
 49 153
 32 154
 40 155
 34 156
 34 157
 37 158
 35 159
 29 160
 37 161
 26 162
 27 163
 22 164
 18 165
 19 166
 23 167
 15 168
 6 169
 12 170
 16 171
 19 172
 12 173
 10 174
 13 175
 7 176
 8 177
 7 178
 8 179
 8 180
 15 181
 5 182
 5 183
 1 184
 9 185
 3 186
 1 187
 4 188
 2 189
 3 190
 3 191
 1 192
 3 193
 4 194
 4 195
 4 196
 0 197
 0 198
 2 199
 0 200
 2 201
 0 202
 3 203
 4 204
 0 205
 0 206
 0 207
 0 208
 3 209
 1 210
 0 211
 1 212
 0 213
 0 214
 0 215
 0 216
 0 217
 0 218
 0 219
 0 220
 0 221
 1 222
 0 223
 0 224
 0 225
 0 226
 0 227
 1 228
 0 229
 0 230
 0 231
 0 232
 0 233
 1 234
 0 235
 0 236
 0 237
 0 238
 0 239
 0 240
 0 241
 0 242
 0 243
 0 244
 0 245
 0 246
 0 247
 0 248
 0 249
 0 250
 0 251
 0 252
 0 253
 0 254
 0 255
 0 256
 0 257
 0 258
 0 259
 0 260
 0 261
 0 262
 0 263
 0 264
 0 265
 0 266
 0 267
 0 268
 0 269
 0 270
 0 271
 0 272
 0 273
 0 274
 0 275
 0 276
 0 277
 0 278
 0 279
 0 280
 0 281
 0 282
 0 283
 0 284
 0 285
 0 286
 0 287
 0 288
 0 289
 0 290
 1 291
 0 292
 0 293
 0 294
 0 295
 1 296
 1 297
 0 298
 0 299
 0 300
 2 301
 3 302
 1 303
 1 304
 3 305
 0 306
 2 307
 1 308
 2 309
 0 310
 2 311
 1 312
 0 313
 1 314
 1 315
 2 316
 1 317
 2 318
 4 319
 1 320
 1 321
 4 322
 1 323
 3 324
 5 325
 1 326
 2 327
 2 328
 3 329
 4 330
 4 331
 2 332
 4 333
 4 334
 2 335
 3 336
 4 337
 3 338
 0 339
 5 340
 4 341
 2 342
 2 343
 3 344
 2 345
 2 346
 4 347
 3 348
 1 349
 2 350
 2 351
 1 352
 2 353
 5 354
 1 355
 1 356
 0 357
 2 358
 2 359
 2 360
 2 361
 0 362
 1 363
 3 364
 4 365
 4 366
 1 367
 3 368
 3 369
 3 370
 1 371
 1 372
 3 373
 1 374
 1 375
 2 376
 0 377
 1 378
 0 379
 1 380
 1 381
 0 382
 0 383
 2 384
 0 385
 0 386
 0 387
 0 388
 2 389
 1 390
 0 391
 0 392
 0 393
 1 394
 1 395
 0 396
 0 397
 0 398
 0 399
 0 400
 0 401
 0 402
 1 403
 0 404
 0 405
 0 406
 0 407
 0 408
 0 409
 0 410
 0 411
 0 412
 0 413
 0 414
 0 415
 0 416
 0 417
 0 418
 0 419
 0 420
 0 421
 0 422
 0 423
 0 424
 0 425
 0 426
 0 427
 0 428
 0 429
 0 430
 0 431
 0 432
 0 433
 0 434
 0 435
 0 436
 0 437
 0 438
 0 439
 0 440
 0 441
 0 442
 0 443
 0 444
 0 445
 0 446
 0 447
 0 448
 0 449
 0 450
 0 451
 0 452
 0 453
 0 454
 0 455
 0 456
 0 457
 0 458
 0 459
 0 460
 0 461
 0 462
 0 463
 0 464
 0 465
 0 466
 0 467
 0 468
 0 469
 0 470
 0 471
 0 472
 0 473
 0 474
 0 475
 0 476
 0 477
 0 478
 0 479
 0 480
 0 481
 0 482
 0 483
 0 484
 0 485
 0 486
 0 487
 0 488
 0 489
 0 490
 0 491
 0 492
 0 493
 0 494
 0 495
 0 496
 0 497
 0 498
 0 499
 0 500
 0 501
 0 502
 0 503
 0 504
 0 505
 0 506
 0 507
 0 508
 0 509
 0 510
 0 511
 0 512
 0 513
 0 514
 0 515
 0 516
 0 517
 0 518
 0 519
 0 520
 0 521
 0 522
 0 523
 0 524
 0 525
 0 526
 0 527
 0 528
 0 529
 0 530
 0 531
 0 532
 0 533
 0 534
 0 535
 0 536
 0 537
 0 538
 0 539
 0 540
 0 541
 0 542
 0 543
 0 544
 0 545
 0 546
 0 547
 0 548
 0 549
 0 550
 0 551
 0 552
 0 553
 0 554
 0 555
 0 556
 0 557
 0 558
 0 559
 0 560
 0 561
 0 562
 0 563
 0 564
 0 565
 0 566
 0 567
 0 568
 0 569
 0 570
 0 571
 0 572
 0 573
 0 574
 0 575
 0 576
 0 577
 0 578
 0 579
 0 580
 0 581
 0 582
 0 583
 0 584
 0 585
 0 586
 0 587
 0 588
 0 589
 0 590
 0 591
 0 592
 0 593
 0 594
 0 595
 0 596
 0 597
 0 598
 0 599
 0 600


