# Created by Octave 3.8.2, Sat Jun 20 08:51:15 2020 CEST <damian@fptrucha.inv.usc.es>
# name: hd
# type: matrix
# rows: 551
# columns: 2
 0 50
 0 51
 0 52
 0 53
 0 54
 0 55
 0 56
 0 57
 0 58
 0 59
 0 60
 0 61
 0 62
 0 63
 0 64
 0 65
 0 66
 0 67
 0 68
 0 69
 0 70
 0 71
 0 72
 0 73
 0 74
 0 75
 0 76
 0 77
 0 78
 0 79
 0 80
 0 81
 0 82
 0 83
 0 84
 0 85
 1 86
 4 87
 8 88
 19 89
 78 90
 157 91
 287 92
 361 93
 448 94
 692 95
 1043 96
 1363 97
 1634 98
 1792 99
 1881 100
 1972 101
 1960 102
 1957 103
 1846 104
 1774 105
 1684 106
 1578 107
 1487 108
 1445 109
 1219 110
 1180 111
 1084 112
 963 113
 885 114
 812 115
 704 116
 711 117
 607 118
 578 119
 492 120
 429 121
 468 122
 334 123
 317 124
 281 125
 259 126
 234 127
 242 128
 230 129
 188 130
 159 131
 160 132
 142 133
 133 134
 127 135
 145 136
 93 137
 99 138
 104 139
 89 140
 74 141
 74 142
 55 143
 58 144
 50 145
 64 146
 48 147
 35 148
 49 149
 45 150
 54 151
 33 152
 47 153
 49 154
 39 155
 30 156
 32 157
 23 158
 30 159
 30 160
 30 161
 26 162
 23 163
 21 164
 22 165
 19 166
 11 167
 15 168
 15 169
 11 170
 6 171
 11 172
 7 173
 9 174
 5 175
 11 176
 7 177
 5 178
 10 179
 5 180
 5 181
 8 182
 3 183
 5 184
 4 185
 6 186
 3 187
 4 188
 3 189
 3 190
 0 191
 4 192
 4 193
 3 194
 1 195
 1 196
 4 197
 3 198
 0 199
 1 200
 1 201
 0 202
 1 203
 1 204
 0 205
 0 206
 0 207
 1 208
 1 209
 0 210
 0 211
 2 212
 0 213
 0 214
 0 215
 1 216
 1 217
 0 218
 0 219
 2 220
 0 221
 0 222
 0 223
 2 224
 0 225
 0 226
 0 227
 0 228
 0 229
 0 230
 0 231
 0 232
 0 233
 0 234
 0 235
 1 236
 0 237
 0 238
 0 239
 0 240
 0 241
 0 242
 0 243
 0 244
 0 245
 0 246
 0 247
 0 248
 0 249
 0 250
 0 251
 0 252
 0 253
 0 254
 0 255
 0 256
 0 257
 0 258
 0 259
 0 260
 0 261
 0 262
 0 263
 0 264
 0 265
 0 266
 0 267
 0 268
 0 269
 0 270
 0 271
 0 272
 0 273
 0 274
 0 275
 0 276
 0 277
 0 278
 0 279
 0 280
 0 281
 1 282
 0 283
 0 284
 0 285
 0 286
 1 287
 0 288
 0 289
 1 290
 0 291
 0 292
 1 293
 0 294
 2 295
 0 296
 0 297
 2 298
 2 299
 0 300
 0 301
 0 302
 1 303
 1 304
 0 305
 0 306
 0 307
 0 308
 1 309
 1 310
 0 311
 3 312
 1 313
 3 314
 2 315
 1 316
 2 317
 2 318
 2 319
 3 320
 4 321
 1 322
 1 323
 4 324
 0 325
 1 326
 2 327
 1 328
 0 329
 3 330
 1 331
 0 332
 3 333
 0 334
 1 335
 3 336
 3 337
 1 338
 1 339
 1 340
 1 341
 2 342
 2 343
 2 344
 3 345
 0 346
 1 347
 1 348
 3 349
 2 350
 4 351
 0 352
 1 353
 1 354
 0 355
 0 356
 2 357
 0 358
 1 359
 1 360
 1 361
 0 362
 1 363
 3 364
 0 365
 1 366
 0 367
 1 368
 1 369
 1 370
 0 371
 0 372
 0 373
 0 374
 0 375
 0 376
 1 377
 0 378
 0 379
 0 380
 0 381
 0 382
 1 383
 0 384
 0 385
 1 386
 0 387
 0 388
 0 389
 1 390
 0 391
 1 392
 0 393
 0 394
 0 395
 0 396
 0 397
 0 398
 0 399
 0 400
 0 401
 1 402
 1 403
 0 404
 0 405
 1 406
 0 407
 0 408
 0 409
 0 410
 0 411
 0 412
 0 413
 0 414
 0 415
 0 416
 0 417
 0 418
 0 419
 0 420
 0 421
 0 422
 0 423
 0 424
 0 425
 0 426
 0 427
 0 428
 0 429
 0 430
 0 431
 0 432
 0 433
 0 434
 0 435
 0 436
 0 437
 0 438
 0 439
 0 440
 0 441
 0 442
 0 443
 0 444
 0 445
 0 446
 0 447
 0 448
 0 449
 0 450
 0 451
 0 452
 0 453
 0 454
 0 455
 0 456
 0 457
 0 458
 0 459
 0 460
 0 461
 0 462
 0 463
 0 464
 0 465
 0 466
 0 467
 0 468
 0 469
 0 470
 0 471
 0 472
 0 473
 0 474
 0 475
 0 476
 0 477
 0 478
 0 479
 0 480
 0 481
 0 482
 0 483
 0 484
 0 485
 0 486
 0 487
 0 488
 0 489
 0 490
 0 491
 0 492
 0 493
 0 494
 0 495
 0 496
 0 497
 0 498
 0 499
 0 500
 0 501
 0 502
 0 503
 0 504
 0 505
 0 506
 0 507
 0 508
 0 509
 0 510
 0 511
 0 512
 0 513
 0 514
 0 515
 0 516
 0 517
 0 518
 0 519
 0 520
 0 521
 0 522
 0 523
 0 524
 0 525
 0 526
 0 527
 0 528
 0 529
 0 530
 0 531
 0 532
 0 533
 0 534
 0 535
 0 536
 0 537
 0 538
 0 539
 0 540
 0 541
 0 542
 0 543
 0 544
 0 545
 0 546
 0 547
 0 548
 0 549
 0 550
 0 551
 0 552
 0 553
 0 554
 0 555
 0 556
 0 557
 0 558
 0 559
 0 560
 0 561
 0 562
 0 563
 0 564
 0 565
 0 566
 0 567
 0 568
 0 569
 0 570
 0 571
 0 572
 0 573
 0 574
 0 575
 0 576
 0 577
 0 578
 0 579
 0 580
 0 581
 0 582
 0 583
 0 584
 0 585
 0 586
 0 587
 0 588
 0 589
 0 590
 0 591
 0 592
 0 593
 0 594
 0 595
 0 596
 0 597
 0 598
 0 599
 0 600


