# Created by Octave 3.8.2, Mon Jun 22 05:40:03 2020 CEST <damian@fptrucha.inv.usc.es>
# name: hd
# type: matrix
# rows: 551
# columns: 2
 0 50
 0 51
 0 52
 0 53
 0 54
 0 55
 0 56
 0 57
 0 58
 0 59
 0 60
 0 61
 0 62
 0 63
 0 64
 0 65
 0 66
 0 67
 0 68
 0 69
 0 70
 0 71
 0 72
 0 73
 0 74
 0 75
 0 76
 0 77
 0 78
 0 79
 0 80
 0 81
 0 82
 0 83
 0 84
 0 85
 0 86
 0 87
 1 88
 11 89
 28 90
 96 91
 186 92
 251 93
 321 94
 443 95
 669 96
 1067 97
 1282 98
 1454 99
 1636 100
 1628 101
 1675 102
 1660 103
 1593 104
 1519 105
 1380 106
 1377 107
 1195 108
 1160 109
 1086 110
 983 111
 875 112
 794 113
 728 114
 661 115
 588 116
 537 117
 463 118
 416 119
 427 120
 316 121
 273 122
 279 123
 221 124
 242 125
 207 126
 210 127
 150 128
 155 129
 169 130
 147 131
 117 132
 119 133
 106 134
 114 135
 109 136
 90 137
 90 138
 69 139
 95 140
 63 141
 80 142
 59 143
 66 144
 78 145
 56 146
 45 147
 54 148
 40 149
 57 150
 39 151
 42 152
 47 153
 37 154
 35 155
 28 156
 36 157
 33 158
 25 159
 26 160
 27 161
 28 162
 24 163
 19 164
 24 165
 16 166
 22 167
 14 168
 16 169
 10 170
 13 171
 12 172
 10 173
 12 174
 8 175
 8 176
 9 177
 8 178
 5 179
 5 180
 8 181
 4 182
 7 183
 7 184
 5 185
 4 186
 3 187
 7 188
 2 189
 5 190
 4 191
 2 192
 3 193
 3 194
 4 195
 4 196
 2 197
 2 198
 1 199
 1 200
 1 201
 1 202
 2 203
 2 204
 1 205
 2 206
 2 207
 0 208
 1 209
 0 210
 0 211
 2 212
 0 213
 1 214
 1 215
 1 216
 1 217
 0 218
 0 219
 1 220
 0 221
 0 222
 0 223
 0 224
 0 225
 0 226
 0 227
 0 228
 1 229
 0 230
 0 231
 0 232
 0 233
 0 234
 0 235
 0 236
 0 237
 0 238
 0 239
 0 240
 0 241
 0 242
 0 243
 0 244
 0 245
 0 246
 0 247
 1 248
 0 249
 0 250
 0 251
 0 252
 0 253
 0 254
 0 255
 0 256
 0 257
 0 258
 0 259
 0 260
 0 261
 0 262
 0 263
 0 264
 0 265
 0 266
 0 267
 0 268
 0 269
 0 270
 0 271
 0 272
 0 273
 0 274
 1 275
 0 276
 0 277
 0 278
 0 279
 0 280
 2 281
 0 282
 0 283
 0 284
 0 285
 2 286
 0 287
 0 288
 0 289
 0 290
 0 291
 1 292
 0 293
 2 294
 1 295
 1 296
 1 297
 3 298
 1 299
 2 300
 2 301
 2 302
 2 303
 1 304
 2 305
 0 306
 1 307
 1 308
 4 309
 1 310
 2 311
 1 312
 3 313
 4 314
 2 315
 3 316
 2 317
 4 318
 4 319
 1 320
 5 321
 4 322
 0 323
 6 324
 5 325
 1 326
 6 327
 0 328
 6 329
 0 330
 1 331
 1 332
 3 333
 6 334
 4 335
 3 336
 3 337
 4 338
 5 339
 2 340
 4 341
 0 342
 6 343
 2 344
 4 345
 1 346
 4 347
 2 348
 5 349
 2 350
 2 351
 1 352
 0 353
 1 354
 1 355
 3 356
 0 357
 1 358
 2 359
 1 360
 0 361
 0 362
 1 363
 2 364
 1 365
 1 366
 2 367
 1 368
 2 369
 1 370
 2 371
 1 372
 1 373
 0 374
 0 375
 0 376
 0 377
 0 378
 0 379
 1 380
 0 381
 1 382
 0 383
 0 384
 0 385
 1 386
 1 387
 1 388
 0 389
 0 390
 0 391
 0 392
 1 393
 1 394
 1 395
 1 396
 0 397
 0 398
 0 399
 0 400
 1 401
 0 402
 1 403
 0 404
 0 405
 0 406
 1 407
 0 408
 1 409
 0 410
 1 411
 0 412
 0 413
 0 414
 0 415
 0 416
 0 417
 0 418
 0 419
 0 420
 0 421
 0 422
 0 423
 0 424
 0 425
 0 426
 0 427
 0 428
 0 429
 0 430
 0 431
 0 432
 0 433
 0 434
 0 435
 0 436
 0 437
 0 438
 0 439
 0 440
 0 441
 0 442
 0 443
 0 444
 0 445
 0 446
 0 447
 0 448
 0 449
 0 450
 0 451
 0 452
 0 453
 0 454
 0 455
 0 456
 0 457
 0 458
 0 459
 0 460
 0 461
 0 462
 0 463
 0 464
 0 465
 0 466
 0 467
 0 468
 0 469
 0 470
 0 471
 0 472
 0 473
 0 474
 0 475
 0 476
 0 477
 0 478
 0 479
 0 480
 0 481
 0 482
 0 483
 0 484
 0 485
 0 486
 0 487
 0 488
 0 489
 0 490
 0 491
 0 492
 0 493
 0 494
 0 495
 0 496
 0 497
 0 498
 0 499
 0 500
 0 501
 0 502
 0 503
 0 504
 0 505
 0 506
 0 507
 0 508
 0 509
 0 510
 0 511
 0 512
 0 513
 0 514
 0 515
 0 516
 0 517
 0 518
 0 519
 0 520
 0 521
 0 522
 0 523
 0 524
 0 525
 0 526
 0 527
 0 528
 0 529
 0 530
 0 531
 0 532
 0 533
 0 534
 0 535
 0 536
 0 537
 0 538
 0 539
 0 540
 0 541
 0 542
 0 543
 0 544
 0 545
 0 546
 0 547
 0 548
 0 549
 0 550
 0 551
 0 552
 0 553
 0 554
 0 555
 0 556
 0 557
 0 558
 0 559
 0 560
 0 561
 0 562
 0 563
 0 564
 0 565
 0 566
 0 567
 0 568
 0 569
 0 570
 0 571
 0 572
 0 573
 0 574
 0 575
 0 576
 0 577
 0 578
 0 579
 0 580
 0 581
 0 582
 0 583
 0 584
 0 585
 0 586
 0 587
 0 588
 0 589
 0 590
 0 591
 0 592
 0 593
 0 594
 0 595
 0 596
 0 597
 0 598
 0 599
 0 600


