# Created by Octave 3.8.2, Sat Jun 20 11:02:43 2020 CEST <damian@fptrucha.inv.usc.es>
# name: hd
# type: matrix
# rows: 551
# columns: 2
 0 50
 0 51
 0 52
 0 53
 0 54
 0 55
 0 56
 0 57
 0 58
 0 59
 0 60
 0 61
 0 62
 0 63
 0 64
 0 65
 0 66
 0 67
 0 68
 0 69
 0 70
 0 71
 0 72
 0 73
 0 74
 0 75
 0 76
 0 77
 0 78
 0 79
 0 80
 0 81
 0 82
 0 83
 0 84
 0 85
 1 86
 2 87
 5 88
 29 89
 76 90
 148 91
 258 92
 364 93
 427 94
 658 95
 956 96
 1325 97
 1548 98
 1614 99
 1810 100
 1842 101
 1923 102
 1889 103
 1789 104
 1701 105
 1579 106
 1592 107
 1485 108
 1352 109
 1269 110
 1141 111
 1007 112
 991 113
 872 114
 825 115
 782 116
 663 117
 560 118
 555 119
 528 120
 444 121
 394 122
 382 123
 339 124
 268 125
 268 126
 242 127
 254 128
 191 129
 217 130
 171 131
 160 132
 141 133
 134 134
 140 135
 117 136
 110 137
 96 138
 112 139
 90 140
 89 141
 80 142
 63 143
 64 144
 57 145
 50 146
 61 147
 45 148
 47 149
 45 150
 47 151
 48 152
 43 153
 37 154
 37 155
 33 156
 29 157
 30 158
 32 159
 23 160
 29 161
 16 162
 22 163
 17 164
 24 165
 8 166
 12 167
 14 168
 6 169
 16 170
 16 171
 11 172
 10 173
 14 174
 7 175
 5 176
 10 177
 3 178
 4 179
 11 180
 13 181
 6 182
 4 183
 5 184
 7 185
 5 186
 5 187
 6 188
 1 189
 4 190
 1 191
 3 192
 3 193
 2 194
 1 195
 2 196
 4 197
 0 198
 1 199
 0 200
 2 201
 1 202
 1 203
 0 204
 0 205
 0 206
 1 207
 0 208
 0 209
 0 210
 1 211
 2 212
 0 213
 0 214
 1 215
 1 216
 0 217
 0 218
 0 219
 1 220
 0 221
 0 222
 0 223
 0 224
 0 225
 1 226
 1 227
 0 228
 0 229
 0 230
 0 231
 0 232
 0 233
 0 234
 0 235
 0 236
 0 237
 0 238
 0 239
 0 240
 0 241
 1 242
 0 243
 0 244
 0 245
 0 246
 0 247
 0 248
 0 249
 0 250
 0 251
 0 252
 0 253
 0 254
 0 255
 0 256
 0 257
 0 258
 0 259
 0 260
 0 261
 0 262
 0 263
 0 264
 0 265
 0 266
 0 267
 0 268
 0 269
 0 270
 0 271
 0 272
 0 273
 0 274
 0 275
 0 276
 0 277
 0 278
 0 279
 0 280
 0 281
 0 282
 1 283
 0 284
 0 285
 0 286
 0 287
 0 288
 1 289
 0 290
 0 291
 0 292
 0 293
 2 294
 0 295
 0 296
 4 297
 0 298
 2 299
 1 300
 2 301
 3 302
 0 303
 0 304
 0 305
 1 306
 2 307
 0 308
 1 309
 2 310
 3 311
 1 312
 4 313
 1 314
 0 315
 1 316
 2 317
 3 318
 1 319
 1 320
 1 321
 4 322
 2 323
 1 324
 5 325
 2 326
 2 327
 4 328
 3 329
 2 330
 3 331
 2 332
 0 333
 1 334
 4 335
 2 336
 2 337
 3 338
 5 339
 0 340
 2 341
 3 342
 0 343
 1 344
 2 345
 2 346
 0 347
 1 348
 3 349
 0 350
 0 351
 1 352
 0 353
 2 354
 2 355
 0 356
 5 357
 4 358
 2 359
 3 360
 2 361
 0 362
 1 363
 1 364
 2 365
 2 366
 1 367
 1 368
 1 369
 0 370
 1 371
 1 372
 0 373
 1 374
 0 375
 1 376
 1 377
 2 378
 1 379
 0 380
 0 381
 2 382
 0 383
 0 384
 0 385
 2 386
 2 387
 1 388
 1 389
 0 390
 0 391
 1 392
 0 393
 1 394
 1 395
 0 396
 0 397
 0 398
 2 399
 0 400
 0 401
 0 402
 1 403
 0 404
 0 405
 0 406
 1 407
 0 408
 0 409
 0 410
 0 411
 0 412
 0 413
 0 414
 0 415
 1 416
 0 417
 0 418
 0 419
 0 420
 1 421
 0 422
 0 423
 0 424
 0 425
 0 426
 0 427
 0 428
 0 429
 0 430
 0 431
 0 432
 0 433
 0 434
 0 435
 0 436
 0 437
 0 438
 0 439
 0 440
 0 441
 0 442
 0 443
 0 444
 0 445
 0 446
 0 447
 0 448
 0 449
 0 450
 0 451
 0 452
 0 453
 0 454
 0 455
 0 456
 0 457
 0 458
 0 459
 0 460
 0 461
 0 462
 0 463
 0 464
 0 465
 0 466
 0 467
 0 468
 0 469
 0 470
 0 471
 0 472
 0 473
 0 474
 0 475
 0 476
 0 477
 0 478
 0 479
 0 480
 0 481
 0 482
 0 483
 0 484
 0 485
 0 486
 0 487
 0 488
 0 489
 0 490
 0 491
 0 492
 0 493
 0 494
 0 495
 0 496
 0 497
 0 498
 0 499
 0 500
 0 501
 0 502
 0 503
 0 504
 0 505
 0 506
 0 507
 0 508
 0 509
 0 510
 0 511
 0 512
 0 513
 0 514
 0 515
 0 516
 0 517
 0 518
 0 519
 0 520
 0 521
 0 522
 0 523
 0 524
 0 525
 0 526
 0 527
 0 528
 0 529
 0 530
 0 531
 0 532
 0 533
 0 534
 0 535
 0 536
 0 537
 0 538
 0 539
 0 540
 0 541
 0 542
 0 543
 0 544
 0 545
 0 546
 0 547
 0 548
 0 549
 0 550
 0 551
 0 552
 0 553
 0 554
 0 555
 0 556
 0 557
 0 558
 0 559
 0 560
 0 561
 0 562
 0 563
 0 564
 0 565
 0 566
 0 567
 0 568
 0 569
 0 570
 0 571
 0 572
 0 573
 0 574
 0 575
 0 576
 0 577
 0 578
 0 579
 0 580
 0 581
 0 582
 0 583
 0 584
 0 585
 0 586
 0 587
 0 588
 0 589
 0 590
 0 591
 0 592
 0 593
 0 594
 0 595
 0 596
 0 597
 0 598
 0 599
 0 600


