# Created by Octave 3.8.2, Sun Jun 21 07:24:16 2020 CEST <damian@fptrucha.inv.usc.es>
# name: hd
# type: matrix
# rows: 551
# columns: 2
 0 50
 0 51
 0 52
 0 53
 0 54
 0 55
 0 56
 0 57
 0 58
 0 59
 0 60
 0 61
 0 62
 0 63
 0 64
 0 65
 0 66
 0 67
 0 68
 0 69
 0 70
 0 71
 0 72
 0 73
 0 74
 0 75
 0 76
 0 77
 0 78
 0 79
 0 80
 0 81
 0 82
 0 83
 0 84
 0 85
 1 86
 2 87
 4 88
 11 89
 74 90
 123 91
 194 92
 273 93
 361 94
 587 95
 834 96
 1121 97
 1276 98
 1343 99
 1447 100
 1615 101
 1567 102
 1546 103
 1562 104
 1536 105
 1416 106
 1335 107
 1322 108
 1203 109
 1126 110
 1059 111
 1012 112
 899 113
 843 114
 797 115
 710 116
 657 117
 589 118
 533 119
 459 120
 434 121
 440 122
 354 123
 331 124
 328 125
 236 126
 216 127
 213 128
 188 129
 170 130
 156 131
 135 132
 125 133
 114 134
 122 135
 129 136
 99 137
 79 138
 76 139
 95 140
 63 141
 75 142
 58 143
 53 144
 49 145
 43 146
 38 147
 41 148
 40 149
 35 150
 35 151
 23 152
 30 153
 32 154
 31 155
 30 156
 22 157
 31 158
 15 159
 22 160
 21 161
 10 162
 15 163
 18 164
 10 165
 10 166
 9 167
 12 168
 5 169
 14 170
 4 171
 7 172
 4 173
 8 174
 5 175
 6 176
 6 177
 4 178
 3 179
 6 180
 3 181
 6 182
 3 183
 3 184
 4 185
 1 186
 2 187
 5 188
 1 189
 1 190
 3 191
 0 192
 4 193
 1 194
 0 195
 3 196
 2 197
 2 198
 1 199
 1 200
 0 201
 1 202
 0 203
 1 204
 0 205
 0 206
 0 207
 0 208
 1 209
 0 210
 0 211
 0 212
 1 213
 0 214
 1 215
 0 216
 0 217
 0 218
 0 219
 0 220
 0 221
 0 222
 0 223
 0 224
 0 225
 0 226
 1 227
 0 228
 0 229
 1 230
 0 231
 0 232
 0 233
 0 234
 0 235
 0 236
 0 237
 0 238
 0 239
 0 240
 0 241
 0 242
 0 243
 0 244
 0 245
 0 246
 0 247
 0 248
 0 249
 0 250
 0 251
 0 252
 0 253
 0 254
 0 255
 0 256
 0 257
 0 258
 0 259
 0 260
 0 261
 0 262
 0 263
 0 264
 0 265
 0 266
 0 267
 0 268
 0 269
 0 270
 0 271
 0 272
 0 273
 0 274
 0 275
 0 276
 0 277
 0 278
 0 279
 0 280
 0 281
 0 282
 1 283
 0 284
 0 285
 0 286
 0 287
 0 288
 0 289
 0 290
 0 291
 0 292
 0 293
 0 294
 2 295
 1 296
 1 297
 1 298
 2 299
 0 300
 1 301
 1 302
 0 303
 1 304
 0 305
 1 306
 2 307
 0 308
 1 309
 0 310
 1 311
 2 312
 2 313
 1 314
 2 315
 1 316
 1 317
 2 318
 2 319
 1 320
 0 321
 2 322
 1 323
 1 324
 1 325
 2 326
 1 327
 3 328
 4 329
 2 330
 1 331
 1 332
 0 333
 3 334
 0 335
 0 336
 1 337
 1 338
 1 339
 1 340
 0 341
 3 342
 2 343
 2 344
 0 345
 0 346
 1 347
 1 348
 3 349
 3 350
 0 351
 3 352
 1 353
 0 354
 0 355
 0 356
 0 357
 1 358
 0 359
 2 360
 0 361
 0 362
 0 363
 1 364
 1 365
 0 366
 2 367
 1 368
 1 369
 2 370
 1 371
 0 372
 0 373
 2 374
 0 375
 0 376
 2 377
 0 378
 0 379
 0 380
 0 381
 0 382
 1 383
 1 384
 0 385
 0 386
 0 387
 1 388
 1 389
 0 390
 1 391
 0 392
 0 393
 0 394
 0 395
 0 396
 0 397
 0 398
 0 399
 0 400
 0 401
 0 402
 0 403
 0 404
 0 405
 0 406
 0 407
 0 408
 0 409
 0 410
 0 411
 0 412
 0 413
 0 414
 0 415
 0 416
 1 417
 0 418
 0 419
 0 420
 1 421
 0 422
 0 423
 0 424
 0 425
 0 426
 0 427
 0 428
 0 429
 0 430
 0 431
 0 432
 0 433
 0 434
 0 435
 0 436
 0 437
 0 438
 0 439
 0 440
 0 441
 0 442
 0 443
 0 444
 0 445
 0 446
 0 447
 0 448
 0 449
 0 450
 0 451
 0 452
 0 453
 0 454
 0 455
 0 456
 0 457
 0 458
 0 459
 0 460
 0 461
 0 462
 0 463
 0 464
 0 465
 0 466
 0 467
 0 468
 0 469
 0 470
 0 471
 0 472
 0 473
 0 474
 0 475
 0 476
 0 477
 0 478
 0 479
 0 480
 0 481
 0 482
 0 483
 0 484
 0 485
 0 486
 0 487
 0 488
 0 489
 0 490
 0 491
 0 492
 0 493
 0 494
 0 495
 0 496
 0 497
 0 498
 0 499
 0 500
 0 501
 0 502
 0 503
 0 504
 0 505
 0 506
 0 507
 0 508
 0 509
 0 510
 0 511
 0 512
 0 513
 0 514
 0 515
 0 516
 0 517
 0 518
 0 519
 0 520
 0 521
 0 522
 0 523
 0 524
 0 525
 0 526
 0 527
 0 528
 0 529
 0 530
 0 531
 0 532
 0 533
 0 534
 0 535
 0 536
 0 537
 0 538
 0 539
 0 540
 0 541
 0 542
 0 543
 0 544
 0 545
 0 546
 0 547
 0 548
 0 549
 0 550
 0 551
 0 552
 0 553
 0 554
 0 555
 0 556
 0 557
 0 558
 0 559
 0 560
 0 561
 0 562
 0 563
 0 564
 0 565
 0 566
 0 567
 0 568
 0 569
 0 570
 0 571
 0 572
 0 573
 0 574
 0 575
 0 576
 0 577
 0 578
 0 579
 0 580
 0 581
 0 582
 0 583
 0 584
 0 585
 0 586
 0 587
 0 588
 0 589
 0 590
 0 591
 0 592
 0 593
 0 594
 0 595
 0 596
 0 597
 0 598
 0 599
 0 600


