# Created by Octave 3.8.2, Mon Jun 22 15:21:24 2020 CEST <damian@fptrucha.inv.usc.es>
# name: hd
# type: matrix
# rows: 551
# columns: 2
 0 50
 0 51
 0 52
 0 53
 0 54
 0 55
 0 56
 0 57
 0 58
 0 59
 0 60
 0 61
 0 62
 0 63
 0 64
 0 65
 0 66
 0 67
 0 68
 0 69
 0 70
 0 71
 0 72
 0 73
 0 74
 0 75
 0 76
 0 77
 0 78
 0 79
 0 80
 0 81
 0 82
 0 83
 0 84
 0 85
 0 86
 0 87
 7 88
 10 89
 54 90
 119 91
 220 92
 378 93
 426 94
 612 95
 945 96
 1346 97
 1528 98
 1714 99
 1806 100
 1905 101
 1983 102
 1835 103
 1819 104
 1676 105
 1643 106
 1520 107
 1431 108
 1260 109
 1204 110
 975 111
 890 112
 835 113
 751 114
 720 115
 621 116
 558 117
 475 118
 444 119
 414 120
 343 121
 308 122
 286 123
 255 124
 230 125
 198 126
 184 127
 171 128
 141 129
 164 130
 119 131
 140 132
 115 133
 101 134
 120 135
 83 136
 84 137
 77 138
 68 139
 69 140
 55 141
 83 142
 56 143
 49 144
 58 145
 54 146
 41 147
 39 148
 41 149
 53 150
 29 151
 34 152
 26 153
 30 154
 30 155
 40 156
 31 157
 27 158
 21 159
 25 160
 24 161
 21 162
 12 163
 29 164
 5 165
 8 166
 9 167
 17 168
 16 169
 14 170
 16 171
 9 172
 10 173
 7 174
 5 175
 11 176
 4 177
 8 178
 3 179
 3 180
 3 181
 7 182
 7 183
 5 184
 6 185
 0 186
 2 187
 8 188
 5 189
 4 190
 2 191
 4 192
 4 193
 4 194
 3 195
 1 196
 0 197
 3 198
 1 199
 1 200
 1 201
 2 202
 1 203
 1 204
 0 205
 0 206
 2 207
 0 208
 0 209
 1 210
 0 211
 0 212
 1 213
 0 214
 1 215
 0 216
 0 217
 1 218
 0 219
 0 220
 0 221
 0 222
 0 223
 1 224
 0 225
 0 226
 1 227
 1 228
 0 229
 0 230
 0 231
 0 232
 0 233
 0 234
 2 235
 0 236
 0 237
 0 238
 0 239
 1 240
 0 241
 0 242
 0 243
 0 244
 0 245
 0 246
 0 247
 0 248
 0 249
 0 250
 0 251
 0 252
 0 253
 0 254
 0 255
 0 256
 0 257
 0 258
 0 259
 0 260
 0 261
 0 262
 0 263
 0 264
 0 265
 0 266
 0 267
 0 268
 0 269
 0 270
 0 271
 0 272
 0 273
 0 274
 0 275
 0 276
 0 277
 0 278
 0 279
 0 280
 0 281
 0 282
 0 283
 0 284
 1 285
 0 286
 0 287
 0 288
 0 289
 1 290
 2 291
 0 292
 0 293
 1 294
 2 295
 1 296
 0 297
 3 298
 0 299
 2 300
 2 301
 1 302
 0 303
 1 304
 5 305
 4 306
 1 307
 1 308
 1 309
 3 310
 3 311
 1 312
 2 313
 4 314
 1 315
 5 316
 3 317
 2 318
 1 319
 3 320
 2 321
 1 322
 2 323
 0 324
 0 325
 1 326
 2 327
 2 328
 3 329
 2 330
 1 331
 3 332
 7 333
 2 334
 4 335
 3 336
 4 337
 3 338
 3 339
 9 340
 1 341
 3 342
 3 343
 0 344
 2 345
 3 346
 2 347
 2 348
 0 349
 1 350
 3 351
 2 352
 1 353
 2 354
 5 355
 3 356
 0 357
 0 358
 2 359
 2 360
 1 361
 3 362
 0 363
 1 364
 1 365
 1 366
 1 367
 1 368
 2 369
 1 370
 0 371
 0 372
 0 373
 0 374
 1 375
 0 376
 0 377
 1 378
 3 379
 0 380
 0 381
 1 382
 0 383
 0 384
 1 385
 1 386
 0 387
 0 388
 1 389
 0 390
 0 391
 0 392
 1 393
 0 394
 0 395
 0 396
 0 397
 0 398
 0 399
 0 400
 1 401
 0 402
 0 403
 0 404
 0 405
 0 406
 0 407
 0 408
 0 409
 0 410
 0 411
 1 412
 0 413
 0 414
 0 415
 0 416
 0 417
 0 418
 1 419
 0 420
 0 421
 0 422
 0 423
 0 424
 0 425
 0 426
 0 427
 0 428
 0 429
 0 430
 0 431
 0 432
 0 433
 0 434
 0 435
 0 436
 0 437
 0 438
 0 439
 0 440
 0 441
 0 442
 0 443
 0 444
 0 445
 0 446
 0 447
 0 448
 0 449
 0 450
 0 451
 0 452
 0 453
 0 454
 0 455
 0 456
 0 457
 0 458
 0 459
 0 460
 0 461
 0 462
 0 463
 0 464
 0 465
 0 466
 0 467
 0 468
 0 469
 0 470
 0 471
 0 472
 0 473
 0 474
 0 475
 0 476
 0 477
 0 478
 0 479
 0 480
 0 481
 0 482
 0 483
 0 484
 0 485
 0 486
 0 487
 0 488
 0 489
 0 490
 0 491
 0 492
 0 493
 0 494
 0 495
 0 496
 0 497
 0 498
 0 499
 0 500
 0 501
 0 502
 0 503
 0 504
 0 505
 0 506
 0 507
 0 508
 0 509
 0 510
 0 511
 0 512
 0 513
 0 514
 0 515
 0 516
 0 517
 0 518
 0 519
 0 520
 0 521
 0 522
 0 523
 0 524
 0 525
 0 526
 0 527
 0 528
 0 529
 0 530
 0 531
 0 532
 0 533
 0 534
 0 535
 0 536
 0 537
 0 538
 0 539
 0 540
 0 541
 0 542
 0 543
 0 544
 0 545
 0 546
 0 547
 0 548
 0 549
 0 550
 0 551
 0 552
 0 553
 0 554
 0 555
 0 556
 0 557
 0 558
 0 559
 0 560
 0 561
 0 562
 0 563
 0 564
 0 565
 0 566
 0 567
 0 568
 0 569
 0 570
 0 571
 0 572
 0 573
 0 574
 0 575
 0 576
 0 577
 0 578
 0 579
 0 580
 0 581
 0 582
 0 583
 0 584
 0 585
 0 586
 0 587
 0 588
 0 589
 0 590
 0 591
 0 592
 0 593
 0 594
 0 595
 0 596
 0 597
 0 598
 0 599
 0 600


