# Created by Octave 3.8.2, Sun Jun 21 07:29:53 2020 CEST <damian@fptrucha.inv.usc.es>
# name: hd
# type: matrix
# rows: 551
# columns: 2
 0 50
 0 51
 0 52
 0 53
 0 54
 0 55
 0 56
 0 57
 0 58
 0 59
 0 60
 0 61
 0 62
 0 63
 0 64
 0 65
 0 66
 0 67
 0 68
 0 69
 0 70
 0 71
 0 72
 0 73
 0 74
 0 75
 0 76
 0 77
 0 78
 0 79
 0 80
 0 81
 0 82
 0 83
 0 84
 0 85
 0 86
 2 87
 2 88
 22 89
 61 90
 106 91
 212 92
 261 93
 366 94
 572 95
 860 96
 1109 97
 1235 98
 1397 99
 1487 100
 1600 101
 1644 102
 1578 103
 1468 104
 1497 105
 1373 106
 1358 107
 1291 108
 1244 109
 1081 110
 1015 111
 957 112
 884 113
 857 114
 770 115
 707 116
 643 117
 590 118
 505 119
 428 120
 415 121
 359 122
 347 123
 299 124
 274 125
 256 126
 203 127
 209 128
 170 129
 163 130
 144 131
 157 132
 111 133
 99 134
 127 135
 81 136
 69 137
 75 138
 81 139
 67 140
 72 141
 72 142
 48 143
 61 144
 47 145
 61 146
 57 147
 41 148
 35 149
 40 150
 33 151
 33 152
 29 153
 35 154
 23 155
 17 156
 20 157
 26 158
 16 159
 19 160
 17 161
 18 162
 12 163
 16 164
 11 165
 10 166
 19 167
 11 168
 12 169
 8 170
 8 171
 8 172
 9 173
 11 174
 9 175
 8 176
 5 177
 6 178
 8 179
 6 180
 7 181
 8 182
 5 183
 3 184
 2 185
 3 186
 4 187
 1 188
 4 189
 3 190
 0 191
 1 192
 1 193
 5 194
 4 195
 1 196
 1 197
 1 198
 1 199
 1 200
 1 201
 0 202
 1 203
 0 204
 2 205
 0 206
 0 207
 0 208
 0 209
 1 210
 0 211
 1 212
 0 213
 0 214
 0 215
 0 216
 1 217
 0 218
 0 219
 0 220
 0 221
 0 222
 0 223
 0 224
 0 225
 0 226
 0 227
 0 228
 0 229
 0 230
 0 231
 0 232
 0 233
 0 234
 0 235
 0 236
 0 237
 0 238
 0 239
 0 240
 0 241
 0 242
 0 243
 0 244
 0 245
 0 246
 0 247
 0 248
 0 249
 0 250
 0 251
 0 252
 0 253
 0 254
 0 255
 0 256
 0 257
 0 258
 0 259
 0 260
 0 261
 0 262
 0 263
 0 264
 0 265
 0 266
 0 267
 0 268
 0 269
 0 270
 0 271
 0 272
 0 273
 0 274
 0 275
 0 276
 1 277
 0 278
 0 279
 0 280
 0 281
 0 282
 0 283
 0 284
 0 285
 2 286
 0 287
 1 288
 0 289
 2 290
 0 291
 1 292
 0 293
 0 294
 0 295
 1 296
 0 297
 0 298
 0 299
 0 300
 0 301
 2 302
 1 303
 0 304
 3 305
 0 306
 1 307
 0 308
 1 309
 0 310
 1 311
 2 312
 1 313
 0 314
 1 315
 1 316
 3 317
 0 318
 0 319
 2 320
 2 321
 0 322
 0 323
 0 324
 1 325
 2 326
 3 327
 3 328
 3 329
 2 330
 2 331
 1 332
 1 333
 2 334
 1 335
 1 336
 1 337
 1 338
 1 339
 3 340
 3 341
 1 342
 1 343
 2 344
 2 345
 2 346
 1 347
 0 348
 0 349
 0 350
 1 351
 1 352
 1 353
 2 354
 3 355
 1 356
 1 357
 0 358
 1 359
 1 360
 1 361
 1 362
 0 363
 1 364
 1 365
 0 366
 1 367
 1 368
 0 369
 0 370
 1 371
 0 372
 0 373
 3 374
 2 375
 3 376
 1 377
 0 378
 2 379
 1 380
 0 381
 0 382
 1 383
 0 384
 0 385
 0 386
 0 387
 0 388
 1 389
 0 390
 0 391
 0 392
 1 393
 0 394
 0 395
 1 396
 0 397
 0 398
 2 399
 0 400
 0 401
 0 402
 0 403
 0 404
 0 405
 0 406
 0 407
 0 408
 0 409
 0 410
 0 411
 0 412
 0 413
 0 414
 0 415
 0 416
 0 417
 0 418
 0 419
 0 420
 1 421
 0 422
 0 423
 0 424
 1 425
 0 426
 0 427
 0 428
 0 429
 0 430
 0 431
 0 432
 0 433
 0 434
 0 435
 0 436
 0 437
 0 438
 0 439
 0 440
 0 441
 0 442
 0 443
 0 444
 0 445
 0 446
 0 447
 0 448
 0 449
 0 450
 0 451
 0 452
 0 453
 0 454
 0 455
 0 456
 0 457
 0 458
 0 459
 0 460
 0 461
 0 462
 0 463
 0 464
 0 465
 0 466
 0 467
 0 468
 0 469
 0 470
 0 471
 0 472
 0 473
 0 474
 0 475
 0 476
 0 477
 0 478
 0 479
 0 480
 0 481
 0 482
 0 483
 0 484
 0 485
 0 486
 0 487
 0 488
 0 489
 0 490
 0 491
 0 492
 0 493
 0 494
 0 495
 0 496
 0 497
 0 498
 0 499
 0 500
 0 501
 0 502
 0 503
 0 504
 0 505
 0 506
 0 507
 0 508
 0 509
 0 510
 0 511
 0 512
 0 513
 0 514
 0 515
 0 516
 0 517
 0 518
 0 519
 0 520
 0 521
 0 522
 0 523
 0 524
 0 525
 0 526
 0 527
 0 528
 0 529
 0 530
 0 531
 0 532
 0 533
 0 534
 0 535
 0 536
 0 537
 0 538
 0 539
 0 540
 0 541
 0 542
 0 543
 0 544
 0 545
 0 546
 0 547
 0 548
 0 549
 0 550
 0 551
 0 552
 0 553
 0 554
 0 555
 0 556
 0 557
 0 558
 0 559
 0 560
 0 561
 0 562
 0 563
 0 564
 0 565
 0 566
 0 567
 0 568
 0 569
 0 570
 0 571
 0 572
 0 573
 0 574
 0 575
 0 576
 0 577
 0 578
 0 579
 0 580
 0 581
 0 582
 0 583
 0 584
 0 585
 0 586
 0 587
 0 588
 0 589
 0 590
 0 591
 0 592
 0 593
 0 594
 0 595
 0 596
 0 597
 0 598
 0 599
 0 600


