# Created by Octave 3.8.2, Mon Jun 22 10:42:13 2020 CEST <damian@fptrucha.inv.usc.es>
# name: hd
# type: matrix
# rows: 551
# columns: 2
 0 50
 0 51
 0 52
 0 53
 0 54
 0 55
 0 56
 0 57
 0 58
 0 59
 0 60
 0 61
 0 62
 0 63
 0 64
 0 65
 0 66
 0 67
 0 68
 0 69
 0 70
 0 71
 0 72
 0 73
 0 74
 0 75
 0 76
 0 77
 0 78
 0 79
 0 80
 0 81
 0 82
 0 83
 0 84
 0 85
 1 86
 0 87
 4 88
 12 89
 34 90
 119 91
 172 92
 303 93
 345 94
 499 95
 717 96
 1107 97
 1429 98
 1540 99
 1752 100
 1764 101
 1937 102
 1724 103
 1668 104
 1639 105
 1574 106
 1467 107
 1354 108
 1280 109
 1174 110
 1064 111
 976 112
 837 113
 822 114
 676 115
 624 116
 554 117
 481 118
 435 119
 407 120
 374 121
 322 122
 287 123
 267 124
 227 125
 213 126
 191 127
 189 128
 159 129
 152 130
 132 131
 133 132
 137 133
 138 134
 120 135
 111 136
 87 137
 90 138
 79 139
 70 140
 79 141
 71 142
 74 143
 61 144
 54 145
 44 146
 41 147
 35 148
 44 149
 41 150
 35 151
 40 152
 34 153
 37 154
 21 155
 32 156
 18 157
 40 158
 23 159
 30 160
 21 161
 20 162
 14 163
 18 164
 18 165
 14 166
 14 167
 16 168
 20 169
 13 170
 15 171
 10 172
 5 173
 10 174
 13 175
 5 176
 9 177
 7 178
 5 179
 11 180
 8 181
 7 182
 6 183
 1 184
 4 185
 3 186
 5 187
 5 188
 5 189
 3 190
 3 191
 2 192
 4 193
 3 194
 3 195
 1 196
 2 197
 0 198
 0 199
 1 200
 1 201
 0 202
 2 203
 2 204
 0 205
 1 206
 0 207
 0 208
 1 209
 0 210
 0 211
 3 212
 0 213
 1 214
 0 215
 0 216
 0 217
 0 218
 0 219
 2 220
 0 221
 0 222
 0 223
 0 224
 0 225
 0 226
 0 227
 0 228
 0 229
 0 230
 0 231
 0 232
 0 233
 1 234
 1 235
 0 236
 0 237
 0 238
 0 239
 0 240
 0 241
 0 242
 0 243
 0 244
 0 245
 0 246
 0 247
 0 248
 0 249
 0 250
 0 251
 0 252
 0 253
 0 254
 0 255
 0 256
 0 257
 0 258
 0 259
 0 260
 0 261
 0 262
 0 263
 0 264
 0 265
 0 266
 0 267
 0 268
 0 269
 0 270
 0 271
 0 272
 0 273
 0 274
 0 275
 0 276
 0 277
 0 278
 0 279
 0 280
 0 281
 1 282
 0 283
 0 284
 0 285
 0 286
 0 287
 2 288
 0 289
 0 290
 2 291
 1 292
 0 293
 0 294
 0 295
 0 296
 2 297
 0 298
 0 299
 0 300
 1 301
 0 302
 0 303
 1 304
 1 305
 0 306
 1 307
 0 308
 1 309
 1 310
 1 311
 3 312
 2 313
 4 314
 2 315
 2 316
 3 317
 3 318
 1 319
 1 320
 1 321
 2 322
 2 323
 2 324
 1 325
 3 326
 1 327
 1 328
 1 329
 2 330
 0 331
 2 332
 4 333
 1 334
 3 335
 0 336
 2 337
 3 338
 3 339
 5 340
 2 341
 4 342
 4 343
 1 344
 0 345
 1 346
 4 347
 2 348
 7 349
 0 350
 2 351
 2 352
 5 353
 1 354
 1 355
 1 356
 2 357
 1 358
 5 359
 0 360
 1 361
 1 362
 0 363
 2 364
 1 365
 1 366
 0 367
 3 368
 1 369
 2 370
 0 371
 0 372
 1 373
 0 374
 0 375
 1 376
 0 377
 0 378
 2 379
 0 380
 0 381
 0 382
 2 383
 1 384
 2 385
 2 386
 0 387
 0 388
 1 389
 0 390
 0 391
 0 392
 1 393
 0 394
 0 395
 1 396
 1 397
 0 398
 0 399
 0 400
 0 401
 0 402
 0 403
 1 404
 0 405
 1 406
 0 407
 1 408
 1 409
 0 410
 0 411
 1 412
 0 413
 0 414
 0 415
 0 416
 0 417
 0 418
 0 419
 0 420
 0 421
 1 422
 0 423
 0 424
 0 425
 0 426
 0 427
 1 428
 0 429
 0 430
 0 431
 0 432
 0 433
 0 434
 0 435
 0 436
 0 437
 0 438
 0 439
 0 440
 0 441
 0 442
 0 443
 0 444
 0 445
 0 446
 0 447
 0 448
 0 449
 0 450
 0 451
 1 452
 0 453
 0 454
 0 455
 0 456
 0 457
 0 458
 0 459
 0 460
 0 461
 0 462
 0 463
 0 464
 0 465
 0 466
 0 467
 0 468
 0 469
 0 470
 0 471
 0 472
 0 473
 0 474
 0 475
 0 476
 0 477
 0 478
 0 479
 0 480
 0 481
 0 482
 0 483
 0 484
 0 485
 0 486
 0 487
 0 488
 0 489
 0 490
 0 491
 0 492
 0 493
 0 494
 0 495
 0 496
 0 497
 0 498
 0 499
 0 500
 0 501
 0 502
 0 503
 0 504
 0 505
 0 506
 0 507
 0 508
 0 509
 0 510
 0 511
 0 512
 0 513
 0 514
 0 515
 0 516
 0 517
 0 518
 0 519
 0 520
 0 521
 0 522
 0 523
 0 524
 0 525
 0 526
 0 527
 0 528
 0 529
 0 530
 0 531
 0 532
 0 533
 0 534
 0 535
 0 536
 0 537
 0 538
 0 539
 0 540
 0 541
 0 542
 0 543
 0 544
 0 545
 0 546
 0 547
 0 548
 0 549
 0 550
 0 551
 0 552
 0 553
 0 554
 0 555
 0 556
 0 557
 0 558
 0 559
 0 560
 0 561
 0 562
 0 563
 0 564
 0 565
 0 566
 0 567
 0 568
 0 569
 0 570
 0 571
 0 572
 0 573
 0 574
 0 575
 0 576
 0 577
 0 578
 0 579
 0 580
 0 581
 0 582
 0 583
 0 584
 0 585
 0 586
 0 587
 0 588
 0 589
 0 590
 0 591
 0 592
 0 593
 0 594
 0 595
 0 596
 0 597
 0 598
 0 599
 0 600


