# Created by Octave 3.8.2, Sat Jun 20 16:27:58 2020 CEST <damian@fptrucha.inv.usc.es>
# name: hd
# type: matrix
# rows: 551
# columns: 2
 0 50
 0 51
 0 52
 0 53
 0 54
 0 55
 0 56
 0 57
 0 58
 0 59
 0 60
 0 61
 0 62
 0 63
 0 64
 0 65
 0 66
 0 67
 0 68
 0 69
 0 70
 0 71
 0 72
 0 73
 0 74
 0 75
 0 76
 0 77
 0 78
 0 79
 0 80
 0 81
 0 82
 0 83
 0 84
 0 85
 1 86
 3 87
 6 88
 15 89
 68 90
 111 91
 195 92
 284 93
 404 94
 588 95
 908 96
 1148 97
 1302 98
 1404 99
 1570 100
 1617 101
 1610 102
 1625 103
 1614 104
 1562 105
 1533 106
 1452 107
 1368 108
 1272 109
 1214 110
 1093 111
 994 112
 934 113
 894 114
 814 115
 728 116
 703 117
 578 118
 539 119
 510 120
 475 121
 429 122
 404 123
 328 124
 306 125
 263 126
 263 127
 235 128
 200 129
 200 130
 209 131
 159 132
 136 133
 120 134
 127 135
 116 136
 94 137
 99 138
 87 139
 88 140
 82 141
 71 142
 69 143
 63 144
 62 145
 57 146
 55 147
 48 148
 46 149
 50 150
 35 151
 44 152
 32 153
 36 154
 25 155
 30 156
 24 157
 29 158
 22 159
 28 160
 19 161
 18 162
 17 163
 22 164
 15 165
 17 166
 12 167
 10 168
 13 169
 7 170
 10 171
 11 172
 8 173
 7 174
 9 175
 5 176
 8 177
 5 178
 6 179
 4 180
 2 181
 6 182
 3 183
 4 184
 7 185
 6 186
 1 187
 4 188
 1 189
 1 190
 2 191
 3 192
 2 193
 1 194
 2 195
 0 196
 1 197
 1 198
 0 199
 2 200
 1 201
 2 202
 1 203
 1 204
 3 205
 3 206
 0 207
 0 208
 0 209
 0 210
 0 211
 2 212
 2 213
 1 214
 2 215
 0 216
 0 217
 0 218
 0 219
 1 220
 0 221
 0 222
 0 223
 0 224
 0 225
 0 226
 0 227
 0 228
 0 229
 0 230
 0 231
 0 232
 0 233
 0 234
 0 235
 0 236
 1 237
 0 238
 0 239
 0 240
 0 241
 0 242
 0 243
 0 244
 0 245
 0 246
 0 247
 0 248
 0 249
 0 250
 0 251
 0 252
 0 253
 0 254
 0 255
 0 256
 0 257
 0 258
 0 259
 0 260
 0 261
 0 262
 0 263
 0 264
 0 265
 0 266
 0 267
 0 268
 0 269
 0 270
 0 271
 0 272
 0 273
 0 274
 0 275
 0 276
 0 277
 0 278
 0 279
 0 280
 0 281
 0 282
 0 283
 0 284
 0 285
 0 286
 1 287
 0 288
 0 289
 0 290
 0 291
 1 292
 0 293
 0 294
 3 295
 0 296
 0 297
 1 298
 1 299
 0 300
 1 301
 1 302
 2 303
 0 304
 1 305
 3 306
 0 307
 3 308
 0 309
 2 310
 1 311
 2 312
 1 313
 2 314
 2 315
 1 316
 1 317
 3 318
 3 319
 0 320
 2 321
 3 322
 4 323
 2 324
 2 325
 2 326
 1 327
 3 328
 3 329
 2 330
 1 331
 0 332
 1 333
 1 334
 3 335
 0 336
 3 337
 2 338
 0 339
 2 340
 2 341
 1 342
 1 343
 0 344
 2 345
 2 346
 3 347
 2 348
 2 349
 3 350
 0 351
 0 352
 2 353
 0 354
 1 355
 4 356
 0 357
 0 358
 0 359
 3 360
 1 361
 1 362
 0 363
 0 364
 3 365
 0 366
 1 367
 1 368
 1 369
 0 370
 0 371
 0 372
 1 373
 0 374
 2 375
 2 376
 2 377
 1 378
 2 379
 1 380
 0 381
 0 382
 0 383
 0 384
 0 385
 0 386
 2 387
 0 388
 1 389
 1 390
 0 391
 1 392
 0 393
 0 394
 0 395
 0 396
 0 397
 0 398
 1 399
 0 400
 1 401
 0 402
 0 403
 0 404
 0 405
 0 406
 0 407
 0 408
 0 409
 0 410
 0 411
 0 412
 0 413
 0 414
 0 415
 0 416
 0 417
 0 418
 0 419
 1 420
 0 421
 0 422
 0 423
 0 424
 0 425
 0 426
 0 427
 0 428
 1 429
 0 430
 0 431
 0 432
 0 433
 0 434
 0 435
 0 436
 0 437
 0 438
 0 439
 0 440
 0 441
 0 442
 0 443
 0 444
 0 445
 0 446
 0 447
 0 448
 0 449
 0 450
 0 451
 0 452
 0 453
 0 454
 0 455
 0 456
 0 457
 0 458
 0 459
 0 460
 0 461
 0 462
 0 463
 0 464
 0 465
 0 466
 0 467
 0 468
 0 469
 0 470
 0 471
 0 472
 0 473
 0 474
 0 475
 0 476
 0 477
 0 478
 0 479
 0 480
 0 481
 0 482
 0 483
 0 484
 0 485
 0 486
 0 487
 0 488
 0 489
 0 490
 0 491
 0 492
 0 493
 0 494
 0 495
 0 496
 0 497
 0 498
 0 499
 0 500
 0 501
 0 502
 0 503
 0 504
 0 505
 0 506
 0 507
 0 508
 0 509
 0 510
 0 511
 0 512
 0 513
 0 514
 0 515
 0 516
 0 517
 0 518
 0 519
 0 520
 0 521
 0 522
 0 523
 0 524
 0 525
 0 526
 0 527
 0 528
 0 529
 0 530
 0 531
 0 532
 0 533
 0 534
 0 535
 0 536
 0 537
 0 538
 0 539
 0 540
 0 541
 0 542
 0 543
 0 544
 0 545
 0 546
 0 547
 0 548
 0 549
 0 550
 0 551
 0 552
 0 553
 0 554
 0 555
 0 556
 0 557
 0 558
 0 559
 0 560
 0 561
 0 562
 0 563
 0 564
 0 565
 0 566
 0 567
 0 568
 0 569
 0 570
 0 571
 0 572
 0 573
 0 574
 0 575
 0 576
 0 577
 0 578
 0 579
 0 580
 0 581
 0 582
 0 583
 0 584
 0 585
 0 586
 0 587
 0 588
 0 589
 0 590
 0 591
 0 592
 0 593
 0 594
 0 595
 0 596
 0 597
 0 598
 0 599
 0 600


