# Created by Octave 3.8.2, Mon Jun 22 22:50:37 2020 CEST <damian@fptrucha.inv.usc.es>
# name: hd
# type: matrix
# rows: 551
# columns: 2
 0 50
 0 51
 0 52
 0 53
 0 54
 0 55
 0 56
 0 57
 0 58
 0 59
 0 60
 0 61
 0 62
 0 63
 0 64
 0 65
 0 66
 0 67
 0 68
 0 69
 0 70
 0 71
 0 72
 0 73
 0 74
 0 75
 0 76
 0 77
 0 78
 0 79
 0 80
 0 81
 0 82
 0 83
 0 84
 0 85
 0 86
 0 87
 3 88
 10 89
 54 90
 130 91
 228 92
 356 93
 442 94
 623 95
 950 96
 1409 97
 1645 98
 1704 99
 1852 100
 1960 101
 2012 102
 1900 103
 1823 104
 1743 105
 1682 106
 1546 107
 1427 108
 1335 109
 1241 110
 1119 111
 937 112
 883 113
 775 114
 721 115
 667 116
 568 117
 501 118
 478 119
 431 120
 392 121
 343 122
 284 123
 268 124
 259 125
 207 126
 187 127
 194 128
 168 129
 166 130
 172 131
 146 132
 109 133
 123 134
 132 135
 83 136
 90 137
 67 138
 84 139
 67 140
 82 141
 62 142
 56 143
 54 144
 56 145
 52 146
 60 147
 66 148
 41 149
 66 150
 34 151
 32 152
 40 153
 34 154
 37 155
 29 156
 23 157
 24 158
 21 159
 29 160
 32 161
 20 162
 24 163
 19 164
 15 165
 14 166
 16 167
 9 168
 8 169
 9 170
 8 171
 14 172
 5 173
 13 174
 9 175
 9 176
 9 177
 8 178
 4 179
 5 180
 5 181
 6 182
 9 183
 5 184
 4 185
 5 186
 8 187
 7 188
 1 189
 1 190
 2 191
 1 192
 2 193
 1 194
 1 195
 0 196
 3 197
 1 198
 1 199
 0 200
 3 201
 1 202
 1 203
 0 204
 4 205
 1 206
 2 207
 0 208
 1 209
 1 210
 1 211
 1 212
 0 213
 0 214
 2 215
 0 216
 2 217
 0 218
 1 219
 1 220
 0 221
 0 222
 0 223
 0 224
 0 225
 1 226
 0 227
 0 228
 0 229
 0 230
 0 231
 0 232
 0 233
 0 234
 0 235
 0 236
 0 237
 0 238
 0 239
 0 240
 0 241
 0 242
 0 243
 0 244
 0 245
 0 246
 0 247
 0 248
 0 249
 0 250
 0 251
 0 252
 0 253
 0 254
 0 255
 0 256
 0 257
 0 258
 0 259
 0 260
 0 261
 0 262
 0 263
 0 264
 0 265
 0 266
 0 267
 0 268
 0 269
 0 270
 0 271
 0 272
 0 273
 0 274
 0 275
 0 276
 0 277
 0 278
 0 279
 0 280
 0 281
 0 282
 0 283
 0 284
 0 285
 1 286
 0 287
 1 288
 0 289
 2 290
 2 291
 1 292
 0 293
 3 294
 0 295
 2 296
 2 297
 0 298
 2 299
 1 300
 0 301
 0 302
 1 303
 3 304
 2 305
 1 306
 3 307
 3 308
 0 309
 0 310
 3 311
 0 312
 4 313
 2 314
 4 315
 0 316
 2 317
 1 318
 0 319
 3 320
 2 321
 1 322
 2 323
 1 324
 1 325
 4 326
 1 327
 4 328
 0 329
 4 330
 4 331
 3 332
 1 333
 1 334
 1 335
 3 336
 4 337
 3 338
 4 339
 2 340
 3 341
 1 342
 0 343
 0 344
 3 345
 4 346
 1 347
 1 348
 0 349
 1 350
 2 351
 1 352
 2 353
 1 354
 1 355
 3 356
 1 357
 0 358
 2 359
 2 360
 1 361
 0 362
 0 363
 1 364
 1 365
 1 366
 0 367
 2 368
 0 369
 0 370
 1 371
 1 372
 0 373
 0 374
 3 375
 0 376
 1 377
 2 378
 1 379
 0 380
 1 381
 2 382
 0 383
 1 384
 0 385
 0 386
 0 387
 0 388
 0 389
 0 390
 0 391
 1 392
 0 393
 0 394
 0 395
 2 396
 0 397
 1 398
 0 399
 0 400
 0 401
 0 402
 1 403
 0 404
 0 405
 0 406
 0 407
 1 408
 0 409
 0 410
 0 411
 0 412
 0 413
 2 414
 0 415
 0 416
 0 417
 0 418
 0 419
 0 420
 0 421
 0 422
 0 423
 0 424
 0 425
 0 426
 0 427
 0 428
 0 429
 0 430
 0 431
 0 432
 0 433
 0 434
 0 435
 0 436
 0 437
 0 438
 0 439
 0 440
 0 441
 0 442
 0 443
 0 444
 0 445
 0 446
 0 447
 0 448
 0 449
 0 450
 0 451
 0 452
 0 453
 0 454
 0 455
 0 456
 0 457
 0 458
 0 459
 0 460
 0 461
 0 462
 0 463
 0 464
 0 465
 0 466
 0 467
 0 468
 0 469
 0 470
 0 471
 0 472
 0 473
 0 474
 0 475
 0 476
 0 477
 0 478
 0 479
 0 480
 0 481
 0 482
 0 483
 0 484
 0 485
 0 486
 0 487
 0 488
 0 489
 0 490
 0 491
 0 492
 0 493
 0 494
 0 495
 0 496
 0 497
 0 498
 0 499
 0 500
 0 501
 0 502
 0 503
 0 504
 0 505
 0 506
 0 507
 0 508
 0 509
 0 510
 0 511
 0 512
 0 513
 0 514
 0 515
 0 516
 0 517
 0 518
 0 519
 0 520
 0 521
 0 522
 0 523
 0 524
 0 525
 0 526
 0 527
 0 528
 0 529
 0 530
 0 531
 0 532
 0 533
 0 534
 0 535
 0 536
 0 537
 0 538
 0 539
 0 540
 0 541
 0 542
 0 543
 0 544
 0 545
 0 546
 0 547
 0 548
 0 549
 0 550
 0 551
 0 552
 0 553
 0 554
 0 555
 0 556
 0 557
 0 558
 0 559
 0 560
 0 561
 0 562
 0 563
 0 564
 0 565
 0 566
 0 567
 0 568
 0 569
 0 570
 0 571
 0 572
 0 573
 0 574
 0 575
 0 576
 0 577
 0 578
 0 579
 0 580
 0 581
 0 582
 0 583
 0 584
 0 585
 0 586
 0 587
 0 588
 0 589
 0 590
 0 591
 0 592
 0 593
 0 594
 0 595
 0 596
 0 597
 0 598
 0 599
 0 600


