# Created by Octave 3.8.2, Mon Jun 22 09:22:56 2020 CEST <damian@fptrucha.inv.usc.es>
# name: hd
# type: matrix
# rows: 551
# columns: 2
 0 50
 0 51
 0 52
 0 53
 0 54
 0 55
 0 56
 0 57
 0 58
 0 59
 0 60
 0 61
 0 62
 0 63
 0 64
 0 65
 0 66
 0 67
 0 68
 0 69
 0 70
 0 71
 0 72
 0 73
 0 74
 0 75
 0 76
 0 77
 0 78
 0 79
 0 80
 0 81
 0 82
 0 83
 0 84
 0 85
 0 86
 0 87
 1 88
 11 89
 25 90
 97 91
 165 92
 290 93
 370 94
 476 95
 709 96
 1062 97
 1336 98
 1543 99
 1682 100
 1713 101
 1764 102
 1696 103
 1728 104
 1694 105
 1526 106
 1439 107
 1289 108
 1257 109
 1122 110
 985 111
 886 112
 871 113
 720 114
 693 115
 567 116
 545 117
 472 118
 438 119
 407 120
 337 121
 308 122
 295 123
 246 124
 235 125
 186 126
 181 127
 168 128
 162 129
 161 130
 148 131
 144 132
 126 133
 108 134
 97 135
 99 136
 84 137
 76 138
 68 139
 71 140
 60 141
 57 142
 65 143
 69 144
 61 145
 54 146
 45 147
 45 148
 56 149
 45 150
 37 151
 38 152
 32 153
 38 154
 36 155
 32 156
 33 157
 29 158
 37 159
 24 160
 20 161
 26 162
 25 163
 18 164
 14 165
 14 166
 16 167
 9 168
 10 169
 15 170
 7 171
 15 172
 8 173
 9 174
 7 175
 7 176
 12 177
 8 178
 7 179
 3 180
 4 181
 10 182
 4 183
 2 184
 5 185
 3 186
 8 187
 7 188
 3 189
 3 190
 1 191
 2 192
 1 193
 3 194
 1 195
 1 196
 3 197
 4 198
 2 199
 3 200
 0 201
 1 202
 0 203
 1 204
 1 205
 0 206
 0 207
 0 208
 0 209
 1 210
 0 211
 1 212
 0 213
 1 214
 0 215
 0 216
 2 217
 0 218
 0 219
 1 220
 0 221
 0 222
 0 223
 0 224
 0 225
 0 226
 0 227
 0 228
 0 229
 0 230
 1 231
 0 232
 0 233
 0 234
 0 235
 0 236
 0 237
 0 238
 0 239
 0 240
 0 241
 0 242
 0 243
 0 244
 0 245
 0 246
 0 247
 0 248
 0 249
 0 250
 0 251
 0 252
 0 253
 0 254
 0 255
 0 256
 0 257
 0 258
 0 259
 0 260
 0 261
 0 262
 0 263
 0 264
 0 265
 0 266
 0 267
 0 268
 0 269
 0 270
 0 271
 0 272
 0 273
 0 274
 0 275
 0 276
 0 277
 0 278
 0 279
 0 280
 0 281
 0 282
 0 283
 0 284
 0 285
 0 286
 0 287
 1 288
 0 289
 0 290
 1 291
 1 292
 1 293
 3 294
 1 295
 1 296
 2 297
 0 298
 3 299
 0 300
 0 301
 1 302
 2 303
 2 304
 2 305
 1 306
 2 307
 2 308
 2 309
 4 310
 1 311
 1 312
 4 313
 0 314
 4 315
 4 316
 3 317
 1 318
 2 319
 3 320
 1 321
 4 322
 3 323
 0 324
 5 325
 2 326
 1 327
 3 328
 0 329
 4 330
 3 331
 0 332
 3 333
 1 334
 5 335
 5 336
 4 337
 2 338
 3 339
 4 340
 3 341
 2 342
 2 343
 2 344
 1 345
 3 346
 2 347
 3 348
 6 349
 1 350
 3 351
 4 352
 2 353
 2 354
 2 355
 1 356
 3 357
 2 358
 1 359
 0 360
 1 361
 2 362
 2 363
 1 364
 1 365
 1 366
 0 367
 0 368
 2 369
 1 370
 1 371
 0 372
 0 373
 2 374
 1 375
 1 376
 2 377
 1 378
 1 379
 0 380
 0 381
 1 382
 1 383
 1 384
 0 385
 0 386
 0 387
 0 388
 0 389
 0 390
 0 391
 1 392
 1 393
 0 394
 1 395
 0 396
 0 397
 1 398
 0 399
 1 400
 0 401
 0 402
 0 403
 1 404
 0 405
 1 406
 0 407
 0 408
 0 409
 0 410
 0 411
 0 412
 1 413
 0 414
 0 415
 0 416
 0 417
 0 418
 0 419
 0 420
 0 421
 1 422
 0 423
 0 424
 0 425
 0 426
 0 427
 0 428
 0 429
 0 430
 0 431
 0 432
 0 433
 0 434
 0 435
 0 436
 0 437
 0 438
 0 439
 0 440
 0 441
 0 442
 0 443
 0 444
 0 445
 0 446
 0 447
 0 448
 0 449
 0 450
 0 451
 0 452
 0 453
 0 454
 0 455
 0 456
 0 457
 0 458
 0 459
 0 460
 0 461
 0 462
 0 463
 0 464
 0 465
 0 466
 0 467
 0 468
 0 469
 0 470
 0 471
 0 472
 0 473
 0 474
 0 475
 0 476
 0 477
 0 478
 0 479
 0 480
 0 481
 0 482
 0 483
 0 484
 0 485
 0 486
 0 487
 0 488
 0 489
 0 490
 0 491
 0 492
 0 493
 0 494
 0 495
 0 496
 0 497
 0 498
 0 499
 0 500
 0 501
 0 502
 0 503
 0 504
 0 505
 0 506
 0 507
 0 508
 0 509
 0 510
 0 511
 0 512
 0 513
 0 514
 0 515
 0 516
 0 517
 0 518
 0 519
 0 520
 0 521
 0 522
 0 523
 0 524
 0 525
 0 526
 0 527
 0 528
 0 529
 0 530
 0 531
 0 532
 0 533
 0 534
 0 535
 0 536
 0 537
 0 538
 0 539
 0 540
 0 541
 0 542
 0 543
 0 544
 0 545
 0 546
 0 547
 0 548
 0 549
 0 550
 0 551
 0 552
 0 553
 0 554
 0 555
 0 556
 0 557
 0 558
 0 559
 0 560
 0 561
 0 562
 0 563
 0 564
 0 565
 0 566
 0 567
 0 568
 0 569
 0 570
 0 571
 0 572
 0 573
 0 574
 0 575
 0 576
 0 577
 0 578
 0 579
 0 580
 0 581
 0 582
 0 583
 0 584
 0 585
 0 586
 0 587
 0 588
 0 589
 0 590
 0 591
 0 592
 0 593
 0 594
 0 595
 0 596
 0 597
 0 598
 0 599
 0 600


