# Created by Octave 3.8.2, Mon Jun 22 15:50:50 2020 CEST <damian@fptrucha.inv.usc.es>
# name: hd
# type: matrix
# rows: 551
# columns: 2
 0 50
 0 51
 0 52
 0 53
 0 54
 0 55
 0 56
 0 57
 0 58
 0 59
 0 60
 0 61
 0 62
 0 63
 0 64
 0 65
 0 66
 0 67
 0 68
 0 69
 0 70
 0 71
 0 72
 0 73
 0 74
 0 75
 0 76
 0 77
 0 78
 0 79
 0 80
 0 81
 0 82
 0 83
 0 84
 0 85
 0 86
 1 87
 2 88
 14 89
 51 90
 140 91
 242 92
 335 93
 406 94
 580 95
 875 96
 1348 97
 1606 98
 1643 99
 1857 100
 1877 101
 1911 102
 1829 103
 1834 104
 1766 105
 1560 106
 1530 107
 1397 108
 1234 109
 1170 110
 1066 111
 1006 112
 905 113
 736 114
 669 115
 600 116
 559 117
 522 118
 452 119
 422 120
 344 121
 337 122
 288 123
 259 124
 244 125
 213 126
 180 127
 160 128
 158 129
 167 130
 130 131
 123 132
 128 133
 96 134
 99 135
 79 136
 79 137
 96 138
 73 139
 79 140
 71 141
 64 142
 83 143
 68 144
 54 145
 45 146
 49 147
 41 148
 45 149
 45 150
 40 151
 40 152
 27 153
 40 154
 30 155
 28 156
 28 157
 24 158
 34 159
 12 160
 26 161
 22 162
 22 163
 15 164
 17 165
 14 166
 21 167
 12 168
 14 169
 13 170
 14 171
 11 172
 8 173
 6 174
 3 175
 8 176
 7 177
 7 178
 6 179
 4 180
 5 181
 3 182
 6 183
 6 184
 6 185
 0 186
 2 187
 1 188
 4 189
 3 190
 1 191
 2 192
 2 193
 1 194
 0 195
 3 196
 2 197
 0 198
 2 199
 1 200
 2 201
 1 202
 1 203
 1 204
 0 205
 1 206
 2 207
 1 208
 1 209
 0 210
 2 211
 1 212
 3 213
 0 214
 0 215
 0 216
 1 217
 3 218
 0 219
 0 220
 0 221
 0 222
 0 223
 0 224
 0 225
 0 226
 0 227
 1 228
 0 229
 0 230
 1 231
 0 232
 0 233
 0 234
 0 235
 0 236
 0 237
 1 238
 0 239
 0 240
 0 241
 0 242
 0 243
 0 244
 0 245
 0 246
 0 247
 0 248
 0 249
 0 250
 0 251
 0 252
 0 253
 0 254
 0 255
 0 256
 0 257
 0 258
 0 259
 0 260
 0 261
 0 262
 0 263
 0 264
 0 265
 0 266
 0 267
 0 268
 0 269
 0 270
 0 271
 0 272
 0 273
 0 274
 0 275
 0 276
 0 277
 0 278
 0 279
 0 280
 0 281
 0 282
 0 283
 1 284
 0 285
 0 286
 1 287
 0 288
 0 289
 1 290
 1 291
 1 292
 1 293
 1 294
 3 295
 0 296
 2 297
 2 298
 1 299
 1 300
 2 301
 2 302
 3 303
 0 304
 1 305
 3 306
 1 307
 5 308
 3 309
 0 310
 1 311
 1 312
 4 313
 2 314
 5 315
 1 316
 1 317
 3 318
 0 319
 4 320
 2 321
 3 322
 5 323
 1 324
 3 325
 1 326
 3 327
 3 328
 1 329
 3 330
 4 331
 2 332
 3 333
 4 334
 4 335
 1 336
 2 337
 3 338
 1 339
 2 340
 1 341
 2 342
 4 343
 3 344
 5 345
 1 346
 0 347
 3 348
 2 349
 2 350
 1 351
 1 352
 2 353
 0 354
 2 355
 6 356
 3 357
 0 358
 0 359
 0 360
 1 361
 1 362
 3 363
 2 364
 1 365
 1 366
 1 367
 0 368
 1 369
 3 370
 1 371
 0 372
 2 373
 1 374
 1 375
 0 376
 3 377
 0 378
 2 379
 0 380
 2 381
 2 382
 0 383
 0 384
 1 385
 0 386
 0 387
 0 388
 0 389
 0 390
 0 391
 0 392
 0 393
 0 394
 0 395
 0 396
 0 397
 0 398
 0 399
 2 400
 1 401
 0 402
 0 403
 0 404
 0 405
 0 406
 0 407
 1 408
 0 409
 0 410
 0 411
 0 412
 0 413
 0 414
 0 415
 0 416
 0 417
 0 418
 0 419
 0 420
 0 421
 0 422
 0 423
 0 424
 0 425
 0 426
 0 427
 0 428
 0 429
 0 430
 0 431
 0 432
 0 433
 0 434
 0 435
 0 436
 0 437
 0 438
 0 439
 0 440
 0 441
 0 442
 0 443
 0 444
 0 445
 0 446
 0 447
 0 448
 0 449
 0 450
 0 451
 0 452
 0 453
 0 454
 0 455
 0 456
 0 457
 0 458
 0 459
 0 460
 0 461
 0 462
 0 463
 0 464
 0 465
 0 466
 0 467
 0 468
 0 469
 0 470
 0 471
 0 472
 0 473
 0 474
 0 475
 0 476
 0 477
 0 478
 0 479
 0 480
 0 481
 0 482
 0 483
 0 484
 0 485
 0 486
 0 487
 0 488
 0 489
 0 490
 0 491
 0 492
 0 493
 0 494
 0 495
 0 496
 0 497
 0 498
 0 499
 0 500
 0 501
 0 502
 0 503
 0 504
 0 505
 0 506
 0 507
 0 508
 0 509
 0 510
 0 511
 0 512
 0 513
 0 514
 0 515
 0 516
 0 517
 0 518
 0 519
 0 520
 0 521
 0 522
 0 523
 0 524
 0 525
 0 526
 0 527
 0 528
 0 529
 0 530
 0 531
 0 532
 0 533
 0 534
 0 535
 0 536
 0 537
 0 538
 0 539
 0 540
 0 541
 0 542
 0 543
 0 544
 0 545
 0 546
 0 547
 0 548
 0 549
 0 550
 0 551
 0 552
 0 553
 0 554
 0 555
 0 556
 0 557
 0 558
 0 559
 0 560
 0 561
 0 562
 0 563
 0 564
 0 565
 0 566
 0 567
 0 568
 0 569
 0 570
 0 571
 0 572
 0 573
 0 574
 0 575
 0 576
 0 577
 0 578
 0 579
 0 580
 0 581
 0 582
 0 583
 0 584
 0 585
 0 586
 0 587
 0 588
 0 589
 0 590
 0 591
 0 592
 0 593
 0 594
 0 595
 0 596
 0 597
 0 598
 0 599
 0 600


