# Created by Octave 3.8.2, Sun Jun 21 03:35:38 2020 CEST <damian@fptrucha.inv.usc.es>
# name: hd
# type: matrix
# rows: 551
# columns: 2
 0 50
 0 51
 0 52
 0 53
 0 54
 0 55
 0 56
 0 57
 0 58
 0 59
 0 60
 0 61
 0 62
 0 63
 0 64
 0 65
 0 66
 0 67
 0 68
 0 69
 0 70
 0 71
 0 72
 0 73
 0 74
 0 75
 0 76
 0 77
 0 78
 0 79
 0 80
 0 81
 0 82
 0 83
 0 84
 0 85
 0 86
 0 87
 2 88
 0 89
 5 90
 27 91
 87 92
 109 93
 170 94
 267 95
 388 96
 566 97
 672 98
 831 99
 957 100
 1043 101
 1148 102
 1168 103
 1279 104
 1217 105
 1298 106
 1214 107
 1324 108
 1249 109
 1256 110
 1122 111
 1119 112
 1094 113
 1027 114
 1044 115
 912 116
 817 117
 825 118
 768 119
 681 120
 667 121
 585 122
 622 123
 499 124
 470 125
 388 126
 450 127
 350 128
 320 129
 339 130
 262 131
 277 132
 222 133
 205 134
 224 135
 198 136
 161 137
 163 138
 159 139
 146 140
 124 141
 114 142
 100 143
 98 144
 107 145
 111 146
 71 147
 80 148
 76 149
 59 150
 63 151
 62 152
 58 153
 55 154
 46 155
 40 156
 47 157
 48 158
 40 159
 26 160
 30 161
 37 162
 22 163
 30 164
 28 165
 32 166
 19 167
 21 168
 17 169
 20 170
 18 171
 11 172
 15 173
 13 174
 13 175
 12 176
 10 177
 5 178
 13 179
 10 180
 12 181
 8 182
 3 183
 2 184
 4 185
 9 186
 2 187
 2 188
 3 189
 4 190
 5 191
 3 192
 7 193
 4 194
 3 195
 1 196
 1 197
 3 198
 2 199
 1 200
 1 201
 1 202
 0 203
 1 204
 4 205
 0 206
 1 207
 3 208
 1 209
 0 210
 0 211
 1 212
 1 213
 0 214
 1 215
 0 216
 1 217
 1 218
 0 219
 0 220
 0 221
 1 222
 0 223
 0 224
 0 225
 0 226
 0 227
 0 228
 0 229
 0 230
 0 231
 0 232
 0 233
 0 234
 1 235
 0 236
 0 237
 0 238
 0 239
 0 240
 0 241
 0 242
 0 243
 0 244
 0 245
 0 246
 0 247
 0 248
 0 249
 0 250
 0 251
 0 252
 0 253
 0 254
 0 255
 0 256
 0 257
 0 258
 0 259
 0 260
 0 261
 0 262
 0 263
 0 264
 0 265
 0 266
 0 267
 0 268
 0 269
 0 270
 0 271
 0 272
 0 273
 0 274
 0 275
 0 276
 0 277
 0 278
 0 279
 0 280
 0 281
 1 282
 1 283
 0 284
 1 285
 1 286
 0 287
 1 288
 0 289
 0 290
 1 291
 0 292
 2 293
 1 294
 1 295
 2 296
 3 297
 2 298
 0 299
 0 300
 0 301
 3 302
 0 303
 1 304
 0 305
 0 306
 2 307
 2 308
 2 309
 1 310
 2 311
 0 312
 0 313
 1 314
 1 315
 3 316
 2 317
 1 318
 2 319
 3 320
 1 321
 5 322
 2 323
 0 324
 1 325
 4 326
 3 327
 6 328
 2 329
 3 330
 2 331
 1 332
 5 333
 4 334
 3 335
 0 336
 1 337
 3 338
 7 339
 0 340
 3 341
 0 342
 2 343
 5 344
 2 345
 2 346
 1 347
 4 348
 2 349
 3 350
 4 351
 0 352
 0 353
 0 354
 2 355
 1 356
 1 357
 2 358
 1 359
 1 360
 2 361
 0 362
 2 363
 0 364
 1 365
 2 366
 1 367
 3 368
 3 369
 0 370
 2 371
 0 372
 0 373
 1 374
 2 375
 0 376
 0 377
 0 378
 2 379
 0 380
 1 381
 0 382
 0 383
 0 384
 2 385
 0 386
 1 387
 0 388
 0 389
 1 390
 0 391
 0 392
 0 393
 0 394
 0 395
 1 396
 1 397
 0 398
 0 399
 0 400
 0 401
 0 402
 0 403
 0 404
 1 405
 0 406
 0 407
 0 408
 0 409
 0 410
 0 411
 0 412
 0 413
 0 414
 0 415
 0 416
 0 417
 0 418
 0 419
 0 420
 1 421
 0 422
 0 423
 0 424
 0 425
 0 426
 0 427
 0 428
 0 429
 0 430
 0 431
 0 432
 0 433
 0 434
 0 435
 0 436
 0 437
 0 438
 0 439
 0 440
 0 441
 0 442
 0 443
 0 444
 0 445
 0 446
 0 447
 0 448
 0 449
 0 450
 0 451
 0 452
 0 453
 0 454
 0 455
 0 456
 0 457
 0 458
 0 459
 0 460
 0 461
 0 462
 0 463
 0 464
 0 465
 0 466
 0 467
 0 468
 0 469
 0 470
 0 471
 0 472
 0 473
 0 474
 0 475
 0 476
 0 477
 0 478
 0 479
 0 480
 0 481
 0 482
 0 483
 0 484
 0 485
 0 486
 0 487
 0 488
 0 489
 0 490
 0 491
 0 492
 0 493
 0 494
 0 495
 0 496
 0 497
 0 498
 0 499
 0 500
 0 501
 0 502
 0 503
 0 504
 0 505
 0 506
 0 507
 0 508
 0 509
 0 510
 0 511
 0 512
 0 513
 0 514
 0 515
 0 516
 0 517
 0 518
 0 519
 0 520
 0 521
 0 522
 0 523
 0 524
 0 525
 0 526
 0 527
 0 528
 0 529
 0 530
 0 531
 0 532
 0 533
 0 534
 0 535
 0 536
 0 537
 0 538
 0 539
 0 540
 0 541
 0 542
 0 543
 0 544
 0 545
 0 546
 0 547
 0 548
 0 549
 0 550
 0 551
 0 552
 0 553
 0 554
 0 555
 0 556
 0 557
 0 558
 0 559
 0 560
 0 561
 0 562
 0 563
 0 564
 0 565
 0 566
 0 567
 0 568
 0 569
 0 570
 0 571
 0 572
 0 573
 0 574
 0 575
 0 576
 0 577
 0 578
 0 579
 0 580
 0 581
 0 582
 0 583
 0 584
 0 585
 0 586
 0 587
 0 588
 0 589
 0 590
 0 591
 0 592
 0 593
 0 594
 0 595
 0 596
 0 597
 0 598
 0 599
 0 600


