# Created by Octave 3.8.2, Mon Jun 22 11:42:09 2020 CEST <damian@fptrucha.inv.usc.es>
# name: hd
# type: matrix
# rows: 551
# columns: 2
 0 50
 0 51
 0 52
 0 53
 0 54
 0 55
 0 56
 0 57
 0 58
 0 59
 0 60
 0 61
 0 62
 0 63
 0 64
 0 65
 0 66
 0 67
 0 68
 0 69
 0 70
 0 71
 0 72
 0 73
 0 74
 0 75
 0 76
 0 77
 0 78
 0 79
 0 80
 0 81
 0 82
 0 83
 0 84
 0 85
 0 86
 0 87
 0 88
 3 89
 3 90
 16 91
 78 92
 139 93
 186 94
 234 95
 412 96
 641 97
 923 98
 1020 99
 1226 100
 1405 101
 1409 102
 1517 103
 1578 104
 1610 105
 1512 106
 1447 107
 1400 108
 1371 109
 1319 110
 1210 111
 1164 112
 1043 113
 944 114
 931 115
 819 116
 746 117
 676 118
 624 119
 553 120
 480 121
 439 122
 409 123
 379 124
 375 125
 312 126
 297 127
 251 128
 238 129
 216 130
 210 131
 180 132
 162 133
 181 134
 167 135
 163 136
 138 137
 105 138
 114 139
 99 140
 90 141
 79 142
 93 143
 79 144
 81 145
 76 146
 72 147
 68 148
 62 149
 71 150
 50 151
 56 152
 41 153
 40 154
 55 155
 44 156
 43 157
 40 158
 43 159
 44 160
 26 161
 29 162
 32 163
 15 164
 20 165
 24 166
 26 167
 18 168
 21 169
 24 170
 15 171
 13 172
 19 173
 14 174
 14 175
 6 176
 13 177
 8 178
 5 179
 15 180
 10 181
 10 182
 7 183
 10 184
 7 185
 5 186
 5 187
 5 188
 7 189
 7 190
 5 191
 4 192
 2 193
 4 194
 4 195
 2 196
 3 197
 0 198
 2 199
 1 200
 5 201
 3 202
 2 203
 0 204
 1 205
 1 206
 0 207
 1 208
 3 209
 1 210
 2 211
 3 212
 0 213
 1 214
 0 215
 1 216
 1 217
 0 218
 0 219
 0 220
 1 221
 1 222
 0 223
 0 224
 0 225
 1 226
 0 227
 0 228
 0 229
 0 230
 0 231
 0 232
 0 233
 1 234
 0 235
 0 236
 0 237
 0 238
 0 239
 0 240
 0 241
 0 242
 0 243
 0 244
 0 245
 0 246
 0 247
 0 248
 0 249
 0 250
 0 251
 0 252
 0 253
 0 254
 0 255
 0 256
 0 257
 0 258
 0 259
 0 260
 0 261
 0 262
 0 263
 0 264
 0 265
 1 266
 0 267
 0 268
 0 269
 1 270
 0 271
 0 272
 0 273
 1 274
 0 275
 0 276
 0 277
 0 278
 0 279
 0 280
 0 281
 1 282
 0 283
 2 284
 1 285
 0 286
 1 287
 1 288
 0 289
 0 290
 3 291
 0 292
 1 293
 1 294
 1 295
 1 296
 0 297
 3 298
 0 299
 1 300
 0 301
 1 302
 1 303
 2 304
 1 305
 2 306
 1 307
 4 308
 1 309
 1 310
 5 311
 1 312
 1 313
 4 314
 3 315
 7 316
 1 317
 3 318
 4 319
 1 320
 4 321
 3 322
 2 323
 4 324
 1 325
 2 326
 7 327
 2 328
 4 329
 4 330
 1 331
 3 332
 3 333
 2 334
 3 335
 1 336
 3 337
 1 338
 0 339
 2 340
 2 341
 0 342
 1 343
 2 344
 3 345
 0 346
 4 347
 1 348
 3 349
 1 350
 1 351
 3 352
 0 353
 3 354
 2 355
 2 356
 2 357
 3 358
 2 359
 3 360
 1 361
 2 362
 1 363
 0 364
 1 365
 1 366
 2 367
 0 368
 1 369
 2 370
 0 371
 0 372
 0 373
 0 374
 1 375
 1 376
 3 377
 0 378
 0 379
 0 380
 0 381
 0 382
 1 383
 1 384
 0 385
 0 386
 0 387
 1 388
 3 389
 0 390
 0 391
 1 392
 0 393
 0 394
 0 395
 1 396
 1 397
 0 398
 0 399
 0 400
 0 401
 1 402
 0 403
 0 404
 0 405
 0 406
 0 407
 0 408
 0 409
 0 410
 0 411
 0 412
 0 413
 0 414
 0 415
 0 416
 0 417
 0 418
 0 419
 0 420
 0 421
 0 422
 1 423
 0 424
 0 425
 1 426
 0 427
 0 428
 0 429
 0 430
 0 431
 0 432
 0 433
 0 434
 0 435
 0 436
 0 437
 0 438
 0 439
 0 440
 0 441
 0 442
 0 443
 0 444
 0 445
 0 446
 0 447
 0 448
 0 449
 0 450
 0 451
 0 452
 0 453
 0 454
 0 455
 0 456
 0 457
 0 458
 0 459
 0 460
 0 461
 0 462
 0 463
 0 464
 0 465
 0 466
 0 467
 0 468
 0 469
 0 470
 0 471
 0 472
 0 473
 0 474
 0 475
 0 476
 0 477
 0 478
 0 479
 0 480
 0 481
 0 482
 0 483
 0 484
 0 485
 0 486
 0 487
 0 488
 0 489
 0 490
 0 491
 0 492
 0 493
 0 494
 0 495
 0 496
 0 497
 0 498
 0 499
 0 500
 0 501
 0 502
 0 503
 0 504
 0 505
 0 506
 0 507
 0 508
 0 509
 0 510
 0 511
 0 512
 0 513
 0 514
 0 515
 0 516
 0 517
 0 518
 0 519
 0 520
 0 521
 0 522
 0 523
 0 524
 0 525
 0 526
 0 527
 0 528
 0 529
 0 530
 0 531
 0 532
 0 533
 0 534
 0 535
 0 536
 0 537
 0 538
 0 539
 0 540
 0 541
 0 542
 0 543
 0 544
 0 545
 0 546
 0 547
 0 548
 0 549
 0 550
 0 551
 0 552
 0 553
 0 554
 0 555
 0 556
 0 557
 0 558
 0 559
 0 560
 0 561
 0 562
 0 563
 0 564
 0 565
 0 566
 0 567
 0 568
 0 569
 0 570
 0 571
 0 572
 0 573
 0 574
 0 575
 0 576
 0 577
 0 578
 0 579
 0 580
 0 581
 0 582
 0 583
 0 584
 0 585
 0 586
 0 587
 0 588
 0 589
 0 590
 0 591
 0 592
 0 593
 0 594
 0 595
 0 596
 0 597
 0 598
 0 599
 0 600


