# Created by Octave 3.8.2, Sun Jun 21 07:04:02 2020 CEST <damian@fptrucha.inv.usc.es>
# name: hd
# type: matrix
# rows: 551
# columns: 2
 0 50
 0 51
 0 52
 0 53
 0 54
 0 55
 0 56
 0 57
 0 58
 0 59
 0 60
 0 61
 0 62
 0 63
 0 64
 0 65
 0 66
 0 67
 0 68
 0 69
 0 70
 0 71
 0 72
 0 73
 0 74
 0 75
 0 76
 0 77
 0 78
 0 79
 0 80
 0 81
 0 82
 0 83
 0 84
 0 85
 0 86
 0 87
 0 88
 1 89
 7 90
 42 91
 89 92
 124 93
 169 94
 262 95
 422 96
 561 97
 754 98
 815 99
 1003 100
 1129 101
 1146 102
 1261 103
 1258 104
 1386 105
 1322 106
 1329 107
 1294 108
 1258 109
 1215 110
 1258 111
 1204 112
 1120 113
 1074 114
 1018 115
 952 116
 934 117
 877 118
 760 119
 744 120
 663 121
 622 122
 540 123
 516 124
 486 125
 481 126
 402 127
 360 128
 328 129
 322 130
 257 131
 246 132
 246 133
 242 134
 206 135
 202 136
 150 137
 156 138
 171 139
 140 140
 134 141
 120 142
 113 143
 108 144
 94 145
 85 146
 88 147
 73 148
 53 149
 65 150
 63 151
 56 152
 61 153
 51 154
 44 155
 43 156
 44 157
 42 158
 39 159
 42 160
 25 161
 20 162
 33 163
 22 164
 18 165
 22 166
 18 167
 22 168
 18 169
 22 170
 10 171
 16 172
 14 173
 10 174
 20 175
 7 176
 15 177
 5 178
 9 179
 4 180
 3 181
 7 182
 3 183
 9 184
 7 185
 4 186
 6 187
 9 188
 5 189
 4 190
 2 191
 3 192
 4 193
 1 194
 1 195
 2 196
 2 197
 3 198
 1 199
 3 200
 3 201
 2 202
 0 203
 0 204
 1 205
 1 206
 0 207
 1 208
 0 209
 1 210
 0 211
 1 212
 1 213
 0 214
 0 215
 0 216
 0 217
 1 218
 0 219
 0 220
 0 221
 0 222
 0 223
 0 224
 0 225
 0 226
 0 227
 0 228
 0 229
 1 230
 0 231
 0 232
 0 233
 0 234
 1 235
 0 236
 0 237
 0 238
 0 239
 0 240
 0 241
 0 242
 0 243
 0 244
 0 245
 0 246
 0 247
 0 248
 0 249
 0 250
 0 251
 0 252
 1 253
 0 254
 0 255
 0 256
 0 257
 1 258
 0 259
 0 260
 0 261
 0 262
 0 263
 0 264
 0 265
 0 266
 0 267
 0 268
 0 269
 0 270
 0 271
 0 272
 0 273
 0 274
 0 275
 0 276
 0 277
 0 278
 0 279
 1 280
 0 281
 0 282
 0 283
 0 284
 1 285
 0 286
 1 287
 0 288
 0 289
 1 290
 0 291
 0 292
 1 293
 0 294
 1 295
 2 296
 1 297
 2 298
 0 299
 0 300
 1 301
 0 302
 3 303
 1 304
 1 305
 0 306
 0 307
 2 308
 0 309
 1 310
 2 311
 2 312
 0 313
 3 314
 4 315
 6 316
 1 317
 2 318
 4 319
 2 320
 0 321
 2 322
 2 323
 1 324
 2 325
 1 326
 3 327
 3 328
 3 329
 3 330
 2 331
 1 332
 1 333
 3 334
 3 335
 3 336
 3 337
 1 338
 3 339
 2 340
 3 341
 2 342
 2 343
 2 344
 0 345
 1 346
 2 347
 3 348
 1 349
 2 350
 0 351
 1 352
 0 353
 3 354
 1 355
 3 356
 0 357
 1 358
 2 359
 2 360
 2 361
 3 362
 2 363
 2 364
 1 365
 2 366
 0 367
 1 368
 1 369
 2 370
 0 371
 1 372
 0 373
 3 374
 1 375
 1 376
 0 377
 1 378
 2 379
 0 380
 0 381
 0 382
 0 383
 1 384
 0 385
 1 386
 0 387
 0 388
 1 389
 0 390
 0 391
 2 392
 0 393
 0 394
 0 395
 1 396
 0 397
 0 398
 0 399
 0 400
 0 401
 0 402
 1 403
 0 404
 0 405
 0 406
 1 407
 0 408
 0 409
 0 410
 0 411
 0 412
 0 413
 0 414
 0 415
 0 416
 0 417
 0 418
 0 419
 0 420
 0 421
 0 422
 0 423
 0 424
 0 425
 0 426
 0 427
 0 428
 0 429
 0 430
 0 431
 0 432
 0 433
 0 434
 0 435
 0 436
 0 437
 0 438
 0 439
 0 440
 0 441
 0 442
 0 443
 0 444
 0 445
 0 446
 0 447
 0 448
 0 449
 0 450
 0 451
 0 452
 0 453
 0 454
 0 455
 0 456
 0 457
 0 458
 0 459
 0 460
 0 461
 0 462
 0 463
 0 464
 0 465
 0 466
 0 467
 0 468
 0 469
 0 470
 0 471
 0 472
 0 473
 0 474
 0 475
 0 476
 0 477
 0 478
 0 479
 0 480
 0 481
 0 482
 0 483
 0 484
 0 485
 0 486
 0 487
 0 488
 0 489
 0 490
 0 491
 0 492
 0 493
 0 494
 0 495
 0 496
 0 497
 0 498
 0 499
 0 500
 0 501
 0 502
 0 503
 0 504
 0 505
 0 506
 0 507
 0 508
 0 509
 0 510
 0 511
 0 512
 0 513
 0 514
 0 515
 0 516
 0 517
 0 518
 0 519
 0 520
 0 521
 0 522
 0 523
 0 524
 0 525
 0 526
 0 527
 0 528
 0 529
 0 530
 0 531
 0 532
 0 533
 0 534
 0 535
 0 536
 0 537
 0 538
 0 539
 0 540
 0 541
 0 542
 0 543
 0 544
 0 545
 0 546
 0 547
 0 548
 0 549
 0 550
 0 551
 0 552
 0 553
 0 554
 0 555
 0 556
 0 557
 0 558
 0 559
 0 560
 0 561
 0 562
 0 563
 0 564
 0 565
 0 566
 0 567
 0 568
 0 569
 0 570
 0 571
 0 572
 0 573
 0 574
 0 575
 0 576
 0 577
 0 578
 0 579
 0 580
 0 581
 0 582
 0 583
 0 584
 0 585
 0 586
 0 587
 0 588
 0 589
 0 590
 0 591
 0 592
 0 593
 0 594
 0 595
 0 596
 0 597
 0 598
 0 599
 0 600


