# Created by Octave 3.8.2, Sat Jun 20 09:29:14 2020 CEST <damian@fptrucha.inv.usc.es>
# name: hd
# type: matrix
# rows: 551
# columns: 2
 0 50
 0 51
 0 52
 0 53
 0 54
 0 55
 0 56
 0 57
 0 58
 0 59
 0 60
 0 61
 0 62
 0 63
 0 64
 0 65
 0 66
 0 67
 0 68
 0 69
 0 70
 0 71
 0 72
 0 73
 0 74
 0 75
 0 76
 0 77
 0 78
 0 79
 0 80
 0 81
 0 82
 0 83
 0 84
 0 85
 0 86
 0 87
 0 88
 6 89
 6 90
 38 91
 130 92
 136 93
 186 94
 326 95
 521 96
 771 97
 913 98
 1154 99
 1373 100
 1456 101
 1461 102
 1471 103
 1559 104
 1625 105
 1562 106
 1639 107
 1487 108
 1479 109
 1466 110
 1378 111
 1325 112
 1267 113
 1174 114
 1128 115
 1045 116
 948 117
 881 118
 823 119
 732 120
 713 121
 614 122
 532 123
 488 124
 516 125
 448 126
 388 127
 380 128
 316 129
 294 130
 280 131
 235 132
 251 133
 192 134
 173 135
 182 136
 192 137
 153 138
 141 139
 143 140
 123 141
 106 142
 106 143
 117 144
 81 145
 96 146
 82 147
 66 148
 67 149
 48 150
 67 151
 55 152
 52 153
 58 154
 49 155
 45 156
 36 157
 47 158
 36 159
 34 160
 31 161
 49 162
 26 163
 31 164
 31 165
 26 166
 13 167
 20 168
 16 169
 16 170
 13 171
 7 172
 14 173
 11 174
 15 175
 9 176
 12 177
 4 178
 10 179
 9 180
 9 181
 9 182
 6 183
 6 184
 7 185
 6 186
 5 187
 5 188
 5 189
 8 190
 3 191
 6 192
 2 193
 3 194
 2 195
 3 196
 2 197
 2 198
 0 199
 4 200
 2 201
 1 202
 1 203
 2 204
 0 205
 1 206
 1 207
 1 208
 2 209
 1 210
 0 211
 1 212
 2 213
 0 214
 0 215
 0 216
 0 217
 0 218
 0 219
 0 220
 0 221
 0 222
 0 223
 0 224
 0 225
 0 226
 0 227
 0 228
 0 229
 0 230
 0 231
 0 232
 0 233
 0 234
 0 235
 1 236
 0 237
 0 238
 0 239
 0 240
 0 241
 0 242
 0 243
 0 244
 2 245
 0 246
 0 247
 0 248
 0 249
 0 250
 0 251
 1 252
 0 253
 0 254
 0 255
 0 256
 0 257
 0 258
 0 259
 0 260
 0 261
 0 262
 0 263
 0 264
 0 265
 0 266
 0 267
 0 268
 0 269
 0 270
 0 271
 0 272
 0 273
 0 274
 0 275
 0 276
 0 277
 0 278
 0 279
 0 280
 1 281
 0 282
 0 283
 0 284
 1 285
 0 286
 0 287
 0 288
 0 289
 2 290
 1 291
 1 292
 1 293
 1 294
 1 295
 1 296
 0 297
 1 298
 1 299
 0 300
 0 301
 3 302
 4 303
 0 304
 0 305
 1 306
 2 307
 1 308
 0 309
 1 310
 0 311
 2 312
 0 313
 0 314
 4 315
 2 316
 3 317
 5 318
 1 319
 1 320
 3 321
 3 322
 0 323
 1 324
 0 325
 1 326
 0 327
 0 328
 2 329
 4 330
 1 331
 5 332
 2 333
 3 334
 0 335
 0 336
 2 337
 2 338
 4 339
 2 340
 1 341
 2 342
 4 343
 2 344
 1 345
 2 346
 1 347
 3 348
 3 349
 2 350
 4 351
 1 352
 0 353
 1 354
 2 355
 1 356
 1 357
 3 358
 1 359
 1 360
 1 361
 2 362
 3 363
 0 364
 2 365
 1 366
 3 367
 1 368
 0 369
 2 370
 1 371
 2 372
 0 373
 1 374
 0 375
 0 376
 3 377
 1 378
 0 379
 1 380
 0 381
 1 382
 0 383
 1 384
 1 385
 1 386
 0 387
 0 388
 0 389
 0 390
 1 391
 1 392
 0 393
 0 394
 0 395
 0 396
 0 397
 0 398
 1 399
 0 400
 0 401
 1 402
 0 403
 1 404
 0 405
 0 406
 2 407
 0 408
 0 409
 0 410
 0 411
 1 412
 0 413
 0 414
 0 415
 0 416
 1 417
 0 418
 0 419
 0 420
 1 421
 0 422
 0 423
 0 424
 0 425
 0 426
 0 427
 0 428
 0 429
 0 430
 0 431
 0 432
 0 433
 0 434
 0 435
 0 436
 0 437
 0 438
 0 439
 0 440
 0 441
 0 442
 0 443
 0 444
 0 445
 0 446
 0 447
 0 448
 0 449
 0 450
 0 451
 0 452
 0 453
 0 454
 0 455
 0 456
 0 457
 0 458
 0 459
 0 460
 0 461
 0 462
 0 463
 0 464
 0 465
 0 466
 0 467
 0 468
 0 469
 0 470
 0 471
 0 472
 0 473
 0 474
 0 475
 0 476
 0 477
 0 478
 0 479
 0 480
 0 481
 0 482
 0 483
 0 484
 0 485
 0 486
 0 487
 0 488
 0 489
 0 490
 0 491
 0 492
 0 493
 0 494
 0 495
 0 496
 0 497
 0 498
 0 499
 0 500
 0 501
 0 502
 0 503
 0 504
 0 505
 0 506
 0 507
 0 508
 0 509
 0 510
 0 511
 0 512
 0 513
 0 514
 0 515
 0 516
 0 517
 0 518
 0 519
 0 520
 0 521
 0 522
 0 523
 0 524
 0 525
 0 526
 0 527
 0 528
 0 529
 0 530
 0 531
 0 532
 0 533
 0 534
 0 535
 0 536
 0 537
 0 538
 0 539
 0 540
 0 541
 0 542
 0 543
 0 544
 0 545
 0 546
 0 547
 0 548
 0 549
 0 550
 0 551
 0 552
 0 553
 0 554
 0 555
 0 556
 0 557
 0 558
 0 559
 0 560
 0 561
 0 562
 0 563
 0 564
 0 565
 0 566
 0 567
 0 568
 0 569
 0 570
 0 571
 0 572
 0 573
 0 574
 0 575
 0 576
 0 577
 0 578
 0 579
 0 580
 0 581
 0 582
 0 583
 0 584
 0 585
 0 586
 0 587
 0 588
 0 589
 0 590
 0 591
 0 592
 0 593
 0 594
 0 595
 0 596
 0 597
 0 598
 0 599
 0 600


