# Created by Octave 3.8.2, Sun Jun 21 01:08:54 2020 CEST <damian@fptrucha.inv.usc.es>
# name: hd
# type: matrix
# rows: 551
# columns: 2
 0 50
 0 51
 0 52
 0 53
 0 54
 0 55
 0 56
 0 57
 0 58
 0 59
 0 60
 0 61
 0 62
 0 63
 0 64
 0 65
 0 66
 0 67
 0 68
 0 69
 0 70
 0 71
 0 72
 0 73
 0 74
 0 75
 0 76
 0 77
 0 78
 0 79
 0 80
 0 81
 0 82
 0 83
 0 84
 0 85
 0 86
 0 87
 2 88
 1 89
 4 90
 31 91
 66 92
 84 93
 153 94
 281 95
 384 96
 536 97
 624 98
 800 99
 994 100
 1040 101
 1060 102
 1134 103
 1195 104
 1243 105
 1246 106
 1237 107
 1238 108
 1156 109
 1230 110
 1136 111
 1114 112
 1083 113
 977 114
 960 115
 904 116
 840 117
 783 118
 745 119
 724 120
 678 121
 593 122
 528 123
 560 124
 496 125
 405 126
 386 127
 388 128
 337 129
 334 130
 286 131
 295 132
 237 133
 252 134
 188 135
 180 136
 213 137
 167 138
 150 139
 148 140
 156 141
 115 142
 104 143
 102 144
 101 145
 97 146
 80 147
 80 148
 78 149
 78 150
 63 151
 61 152
 64 153
 65 154
 59 155
 55 156
 45 157
 43 158
 44 159
 45 160
 43 161
 43 162
 37 163
 37 164
 29 165
 15 166
 22 167
 22 168
 13 169
 24 170
 16 171
 26 172
 20 173
 18 174
 17 175
 14 176
 12 177
 7 178
 12 179
 14 180
 13 181
 13 182
 8 183
 5 184
 5 185
 7 186
 8 187
 3 188
 5 189
 7 190
 8 191
 5 192
 4 193
 4 194
 1 195
 2 196
 6 197
 2 198
 6 199
 4 200
 0 201
 1 202
 3 203
 1 204
 2 205
 2 206
 0 207
 1 208
 1 209
 1 210
 0 211
 0 212
 2 213
 0 214
 3 215
 1 216
 0 217
 0 218
 0 219
 1 220
 0 221
 0 222
 0 223
 2 224
 0 225
 0 226
 0 227
 0 228
 1 229
 1 230
 0 231
 0 232
 0 233
 0 234
 2 235
 0 236
 0 237
 0 238
 0 239
 0 240
 0 241
 0 242
 0 243
 0 244
 0 245
 0 246
 0 247
 0 248
 0 249
 0 250
 0 251
 0 252
 0 253
 0 254
 0 255
 0 256
 0 257
 0 258
 0 259
 0 260
 0 261
 0 262
 0 263
 0 264
 0 265
 0 266
 0 267
 1 268
 0 269
 0 270
 0 271
 0 272
 0 273
 0 274
 0 275
 0 276
 0 277
 0 278
 0 279
 0 280
 0 281
 1 282
 0 283
 0 284
 1 285
 2 286
 1 287
 0 288
 1 289
 1 290
 0 291
 0 292
 0 293
 0 294
 2 295
 1 296
 0 297
 0 298
 0 299
 2 300
 2 301
 1 302
 2 303
 2 304
 1 305
 3 306
 2 307
 1 308
 7 309
 1 310
 2 311
 6 312
 0 313
 2 314
 3 315
 1 316
 1 317
 2 318
 1 319
 3 320
 0 321
 1 322
 3 323
 1 324
 2 325
 4 326
 0 327
 2 328
 0 329
 3 330
 1 331
 2 332
 0 333
 0 334
 0 335
 3 336
 4 337
 7 338
 4 339
 5 340
 1 341
 2 342
 2 343
 2 344
 1 345
 2 346
 3 347
 3 348
 2 349
 1 350
 3 351
 3 352
 2 353
 1 354
 2 355
 7 356
 0 357
 3 358
 1 359
 0 360
 1 361
 2 362
 1 363
 1 364
 1 365
 2 366
 2 367
 1 368
 3 369
 1 370
 0 371
 0 372
 1 373
 1 374
 1 375
 1 376
 1 377
 1 378
 1 379
 1 380
 0 381
 2 382
 0 383
 2 384
 2 385
 0 386
 3 387
 1 388
 1 389
 0 390
 0 391
 0 392
 1 393
 0 394
 0 395
 0 396
 2 397
 0 398
 0 399
 0 400
 0 401
 0 402
 0 403
 0 404
 0 405
 0 406
 0 407
 0 408
 1 409
 0 410
 0 411
 0 412
 0 413
 1 414
 0 415
 0 416
 0 417
 0 418
 0 419
 0 420
 0 421
 0 422
 0 423
 0 424
 0 425
 0 426
 0 427
 0 428
 0 429
 0 430
 0 431
 0 432
 0 433
 0 434
 0 435
 0 436
 0 437
 0 438
 0 439
 0 440
 0 441
 0 442
 0 443
 0 444
 0 445
 0 446
 0 447
 0 448
 0 449
 0 450
 0 451
 0 452
 0 453
 0 454
 0 455
 0 456
 0 457
 0 458
 0 459
 0 460
 0 461
 0 462
 0 463
 0 464
 0 465
 0 466
 0 467
 0 468
 0 469
 0 470
 0 471
 0 472
 0 473
 0 474
 0 475
 0 476
 0 477
 0 478
 0 479
 0 480
 0 481
 0 482
 0 483
 0 484
 0 485
 0 486
 0 487
 0 488
 0 489
 0 490
 0 491
 0 492
 0 493
 0 494
 0 495
 0 496
 0 497
 0 498
 0 499
 0 500
 0 501
 0 502
 0 503
 0 504
 0 505
 0 506
 0 507
 0 508
 0 509
 0 510
 0 511
 0 512
 0 513
 0 514
 0 515
 0 516
 0 517
 0 518
 0 519
 0 520
 0 521
 0 522
 0 523
 0 524
 0 525
 0 526
 0 527
 0 528
 0 529
 0 530
 0 531
 0 532
 0 533
 0 534
 0 535
 0 536
 0 537
 0 538
 0 539
 0 540
 0 541
 0 542
 0 543
 0 544
 0 545
 0 546
 0 547
 0 548
 0 549
 0 550
 0 551
 0 552
 0 553
 0 554
 0 555
 0 556
 0 557
 0 558
 0 559
 0 560
 0 561
 0 562
 0 563
 0 564
 0 565
 0 566
 0 567
 0 568
 0 569
 0 570
 0 571
 0 572
 0 573
 0 574
 0 575
 0 576
 0 577
 0 578
 0 579
 0 580
 0 581
 0 582
 0 583
 0 584
 0 585
 0 586
 0 587
 0 588
 0 589
 0 590
 0 591
 0 592
 0 593
 0 594
 0 595
 0 596
 0 597
 0 598
 0 599
 0 600


