# Created by Octave 3.8.2, Sat Jun 20 15:27:45 2020 CEST <damian@fptrucha.inv.usc.es>
# name: hd
# type: matrix
# rows: 551
# columns: 2
 0 50
 0 51
 0 52
 0 53
 0 54
 0 55
 0 56
 0 57
 0 58
 0 59
 0 60
 0 61
 0 62
 0 63
 0 64
 0 65
 0 66
 0 67
 0 68
 0 69
 0 70
 0 71
 0 72
 0 73
 0 74
 0 75
 0 76
 0 77
 0 78
 0 79
 0 80
 0 81
 0 82
 0 83
 0 84
 0 85
 0 86
 0 87
 2 88
 4 89
 4 90
 27 91
 96 92
 131 93
 176 94
 286 95
 436 96
 603 97
 740 98
 863 99
 991 100
 1099 101
 1157 102
 1263 103
 1317 104
 1351 105
 1379 106
 1380 107
 1299 108
 1294 109
 1333 110
 1264 111
 1161 112
 1134 113
 1068 114
 1041 115
 947 116
 881 117
 848 118
 747 119
 735 120
 678 121
 605 122
 590 123
 514 124
 501 125
 474 126
 455 127
 379 128
 346 129
 314 130
 271 131
 268 132
 246 133
 215 134
 224 135
 209 136
 159 137
 161 138
 162 139
 160 140
 138 141
 113 142
 122 143
 106 144
 111 145
 94 146
 92 147
 84 148
 79 149
 64 150
 65 151
 73 152
 61 153
 57 154
 64 155
 45 156
 50 157
 42 158
 39 159
 35 160
 45 161
 25 162
 27 163
 25 164
 17 165
 25 166
 24 167
 36 168
 19 169
 17 170
 22 171
 18 172
 19 173
 10 174
 11 175
 11 176
 9 177
 8 178
 9 179
 6 180
 9 181
 8 182
 11 183
 8 184
 8 185
 7 186
 6 187
 8 188
 4 189
 4 190
 2 191
 5 192
 4 193
 3 194
 3 195
 5 196
 4 197
 6 198
 1 199
 0 200
 2 201
 0 202
 5 203
 3 204
 2 205
 3 206
 2 207
 0 208
 1 209
 2 210
 0 211
 0 212
 1 213
 0 214
 0 215
 0 216
 2 217
 1 218
 0 219
 1 220
 1 221
 0 222
 2 223
 0 224
 0 225
 0 226
 0 227
 0 228
 1 229
 1 230
 0 231
 0 232
 0 233
 0 234
 0 235
 0 236
 0 237
 0 238
 0 239
 0 240
 0 241
 0 242
 1 243
 1 244
 0 245
 0 246
 0 247
 0 248
 0 249
 0 250
 0 251
 0 252
 0 253
 0 254
 0 255
 0 256
 0 257
 0 258
 0 259
 0 260
 0 261
 0 262
 0 263
 0 264
 0 265
 0 266
 0 267
 0 268
 0 269
 0 270
 0 271
 0 272
 0 273
 0 274
 0 275
 0 276
 0 277
 0 278
 0 279
 0 280
 0 281
 0 282
 2 283
 1 284
 0 285
 0 286
 0 287
 0 288
 1 289
 1 290
 1 291
 3 292
 2 293
 0 294
 1 295
 1 296
 0 297
 1 298
 1 299
 1 300
 4 301
 1 302
 2 303
 2 304
 2 305
 0 306
 3 307
 3 308
 3 309
 2 310
 2 311
 0 312
 4 313
 2 314
 0 315
 4 316
 1 317
 4 318
 1 319
 1 320
 4 321
 2 322
 1 323
 1 324
 1 325
 1 326
 2 327
 2 328
 4 329
 3 330
 6 331
 2 332
 1 333
 2 334
 1 335
 3 336
 3 337
 4 338
 0 339
 6 340
 0 341
 2 342
 2 343
 3 344
 5 345
 0 346
 3 347
 1 348
 1 349
 1 350
 4 351
 2 352
 3 353
 2 354
 1 355
 2 356
 0 357
 1 358
 4 359
 0 360
 3 361
 0 362
 1 363
 1 364
 1 365
 0 366
 1 367
 2 368
 0 369
 1 370
 1 371
 3 372
 1 373
 0 374
 1 375
 1 376
 0 377
 3 378
 3 379
 0 380
 0 381
 0 382
 0 383
 0 384
 1 385
 2 386
 1 387
 1 388
 0 389
 0 390
 0 391
 0 392
 1 393
 0 394
 1 395
 0 396
 0 397
 1 398
 0 399
 0 400
 1 401
 1 402
 1 403
 0 404
 1 405
 0 406
 0 407
 0 408
 0 409
 0 410
 0 411
 0 412
 0 413
 0 414
 0 415
 0 416
 0 417
 0 418
 0 419
 0 420
 0 421
 0 422
 0 423
 0 424
 0 425
 0 426
 0 427
 0 428
 0 429
 0 430
 0 431
 0 432
 0 433
 0 434
 0 435
 0 436
 0 437
 0 438
 0 439
 0 440
 0 441
 0 442
 0 443
 0 444
 0 445
 0 446
 0 447
 0 448
 0 449
 0 450
 0 451
 0 452
 0 453
 0 454
 0 455
 0 456
 0 457
 0 458
 0 459
 0 460
 0 461
 0 462
 0 463
 0 464
 0 465
 0 466
 0 467
 0 468
 0 469
 0 470
 0 471
 0 472
 0 473
 0 474
 0 475
 0 476
 0 477
 0 478
 0 479
 0 480
 0 481
 0 482
 0 483
 0 484
 0 485
 0 486
 0 487
 0 488
 0 489
 0 490
 0 491
 0 492
 0 493
 0 494
 0 495
 0 496
 0 497
 0 498
 0 499
 0 500
 0 501
 0 502
 0 503
 0 504
 0 505
 0 506
 0 507
 0 508
 0 509
 0 510
 0 511
 0 512
 0 513
 0 514
 0 515
 0 516
 0 517
 0 518
 0 519
 0 520
 0 521
 0 522
 0 523
 0 524
 0 525
 0 526
 0 527
 0 528
 0 529
 0 530
 0 531
 0 532
 0 533
 0 534
 0 535
 0 536
 0 537
 0 538
 0 539
 0 540
 0 541
 0 542
 0 543
 0 544
 0 545
 0 546
 0 547
 0 548
 0 549
 0 550
 0 551
 0 552
 0 553
 0 554
 0 555
 0 556
 0 557
 0 558
 0 559
 0 560
 0 561
 0 562
 0 563
 0 564
 0 565
 0 566
 0 567
 0 568
 0 569
 0 570
 0 571
 0 572
 0 573
 0 574
 0 575
 0 576
 0 577
 0 578
 0 579
 0 580
 0 581
 0 582
 0 583
 0 584
 0 585
 0 586
 0 587
 0 588
 0 589
 0 590
 0 591
 0 592
 0 593
 0 594
 0 595
 0 596
 0 597
 0 598
 0 599
 0 600


