# Created by Octave 3.8.2, Sun Jun 21 00:04:31 2020 CEST <damian@fptrucha.inv.usc.es>
# name: hd
# type: matrix
# rows: 551
# columns: 2
 0 50
 0 51
 0 52
 0 53
 0 54
 0 55
 0 56
 0 57
 0 58
 0 59
 0 60
 0 61
 0 62
 0 63
 0 64
 0 65
 0 66
 0 67
 0 68
 0 69
 0 70
 0 71
 0 72
 0 73
 0 74
 0 75
 0 76
 0 77
 0 78
 0 79
 0 80
 0 81
 0 82
 0 83
 0 84
 0 85
 0 86
 0 87
 2 88
 4 89
 2 90
 31 91
 78 92
 112 93
 167 94
 239 95
 404 96
 514 97
 672 98
 838 99
 885 100
 1020 101
 1087 102
 1113 103
 1162 104
 1261 105
 1206 106
 1238 107
 1228 108
 1249 109
 1226 110
 1140 111
 1090 112
 1090 113
 1002 114
 917 115
 915 116
 863 117
 769 118
 767 119
 753 120
 658 121
 570 122
 545 123
 498 124
 477 125
 428 126
 440 127
 390 128
 345 129
 324 130
 285 131
 269 132
 269 133
 218 134
 234 135
 176 136
 181 137
 168 138
 135 139
 162 140
 153 141
 124 142
 102 143
 92 144
 120 145
 87 146
 76 147
 82 148
 80 149
 86 150
 61 151
 65 152
 65 153
 54 154
 74 155
 39 156
 67 157
 37 158
 43 159
 40 160
 25 161
 32 162
 46 163
 31 164
 18 165
 13 166
 30 167
 32 168
 22 169
 27 170
 9 171
 17 172
 12 173
 25 174
 13 175
 15 176
 10 177
 9 178
 11 179
 11 180
 10 181
 6 182
 13 183
 6 184
 6 185
 10 186
 6 187
 8 188
 6 189
 8 190
 8 191
 6 192
 2 193
 1 194
 6 195
 4 196
 3 197
 3 198
 3 199
 4 200
 6 201
 3 202
 1 203
 1 204
 2 205
 1 206
 1 207
 0 208
 1 209
 1 210
 0 211
 1 212
 1 213
 0 214
 1 215
 0 216
 1 217
 0 218
 0 219
 1 220
 0 221
 0 222
 1 223
 2 224
 0 225
 1 226
 1 227
 0 228
 0 229
 0 230
 0 231
 0 232
 0 233
 1 234
 0 235
 0 236
 0 237
 0 238
 0 239
 0 240
 0 241
 0 242
 0 243
 0 244
 0 245
 0 246
 0 247
 0 248
 0 249
 0 250
 0 251
 0 252
 0 253
 0 254
 0 255
 0 256
 0 257
 0 258
 0 259
 0 260
 0 261
 0 262
 0 263
 0 264
 0 265
 0 266
 1 267
 0 268
 0 269
 0 270
 0 271
 0 272
 0 273
 0 274
 0 275
 1 276
 0 277
 0 278
 1 279
 0 280
 0 281
 0 282
 0 283
 0 284
 0 285
 0 286
 0 287
 1 288
 1 289
 1 290
 0 291
 1 292
 1 293
 0 294
 1 295
 1 296
 1 297
 4 298
 2 299
 2 300
 4 301
 4 302
 1 303
 2 304
 2 305
 2 306
 4 307
 1 308
 3 309
 1 310
 3 311
 2 312
 0 313
 1 314
 1 315
 2 316
 1 317
 0 318
 3 319
 1 320
 1 321
 0 322
 3 323
 2 324
 2 325
 5 326
 2 327
 0 328
 3 329
 3 330
 8 331
 4 332
 1 333
 5 334
 3 335
 2 336
 1 337
 3 338
 1 339
 1 340
 3 341
 5 342
 1 343
 4 344
 1 345
 5 346
 2 347
 4 348
 6 349
 1 350
 2 351
 2 352
 2 353
 1 354
 3 355
 1 356
 2 357
 3 358
 3 359
 0 360
 2 361
 0 362
 4 363
 0 364
 0 365
 1 366
 0 367
 0 368
 1 369
 3 370
 1 371
 0 372
 1 373
 1 374
 0 375
 4 376
 0 377
 0 378
 0 379
 1 380
 0 381
 1 382
 1 383
 1 384
 2 385
 0 386
 1 387
 1 388
 0 389
 0 390
 0 391
 0 392
 0 393
 1 394
 0 395
 0 396
 0 397
 0 398
 0 399
 0 400
 0 401
 0 402
 1 403
 0 404
 0 405
 0 406
 0 407
 0 408
 0 409
 0 410
 0 411
 0 412
 0 413
 0 414
 0 415
 0 416
 0 417
 0 418
 0 419
 0 420
 0 421
 0 422
 0 423
 0 424
 0 425
 0 426
 0 427
 0 428
 0 429
 0 430
 0 431
 0 432
 0 433
 0 434
 0 435
 0 436
 0 437
 0 438
 0 439
 0 440
 0 441
 0 442
 0 443
 0 444
 0 445
 0 446
 0 447
 0 448
 0 449
 0 450
 0 451
 0 452
 0 453
 0 454
 0 455
 0 456
 0 457
 0 458
 0 459
 0 460
 0 461
 0 462
 0 463
 0 464
 0 465
 0 466
 0 467
 0 468
 0 469
 0 470
 0 471
 0 472
 0 473
 0 474
 0 475
 0 476
 0 477
 0 478
 0 479
 0 480
 0 481
 0 482
 0 483
 0 484
 0 485
 0 486
 0 487
 0 488
 0 489
 0 490
 0 491
 0 492
 0 493
 0 494
 0 495
 0 496
 0 497
 0 498
 0 499
 0 500
 0 501
 0 502
 0 503
 0 504
 0 505
 0 506
 0 507
 0 508
 0 509
 0 510
 0 511
 0 512
 0 513
 0 514
 0 515
 0 516
 0 517
 0 518
 0 519
 0 520
 0 521
 0 522
 0 523
 0 524
 0 525
 0 526
 0 527
 0 528
 0 529
 0 530
 0 531
 0 532
 0 533
 0 534
 0 535
 0 536
 0 537
 0 538
 0 539
 0 540
 0 541
 0 542
 0 543
 0 544
 0 545
 0 546
 0 547
 0 548
 0 549
 0 550
 0 551
 0 552
 0 553
 0 554
 0 555
 0 556
 0 557
 0 558
 0 559
 0 560
 0 561
 0 562
 0 563
 0 564
 0 565
 0 566
 0 567
 0 568
 0 569
 0 570
 0 571
 0 572
 0 573
 0 574
 0 575
 0 576
 0 577
 0 578
 0 579
 0 580
 0 581
 0 582
 0 583
 0 584
 0 585
 0 586
 0 587
 0 588
 0 589
 0 590
 0 591
 0 592
 0 593
 0 594
 0 595
 0 596
 0 597
 0 598
 0 599
 0 600


