# Created by Octave 3.8.2, Mon Jun 22 22:39:08 2020 CEST <damian@fptrucha.inv.usc.es>
# name: hd
# type: matrix
# rows: 551
# columns: 2
 0 50
 0 51
 0 52
 0 53
 0 54
 0 55
 0 56
 0 57
 0 58
 0 59
 0 60
 0 61
 0 62
 0 63
 0 64
 0 65
 0 66
 0 67
 0 68
 0 69
 0 70
 0 71
 0 72
 0 73
 0 74
 0 75
 0 76
 0 77
 0 78
 0 79
 0 80
 1 81
 0 82
 0 83
 0 84
 0 85
 0 86
 0 87
 1 88
 1 89
 8 90
 30 91
 88 92
 149 93
 193 94
 334 95
 510 96
 767 97
 926 98
 1110 99
 1360 100
 1464 101
 1469 102
 1573 103
 1645 104
 1676 105
 1694 106
 1604 107
 1519 108
 1476 109
 1467 110
 1260 111
 1145 112
 1140 113
 1052 114
 904 115
 829 116
 826 117
 726 118
 692 119
 651 120
 605 121
 484 122
 480 123
 447 124
 383 125
 327 126
 355 127
 305 128
 276 129
 233 130
 214 131
 224 132
 226 133
 181 134
 151 135
 166 136
 158 137
 139 138
 154 139
 102 140
 103 141
 106 142
 88 143
 96 144
 97 145
 59 146
 87 147
 78 148
 56 149
 74 150
 50 151
 63 152
 61 153
 51 154
 45 155
 46 156
 55 157
 38 158
 35 159
 38 160
 28 161
 33 162
 28 163
 25 164
 25 165
 26 166
 19 167
 27 168
 26 169
 18 170
 11 171
 21 172
 13 173
 13 174
 22 175
 16 176
 11 177
 12 178
 12 179
 13 180
 5 181
 8 182
 15 183
 9 184
 4 185
 4 186
 4 187
 7 188
 3 189
 3 190
 3 191
 1 192
 4 193
 3 194
 6 195
 5 196
 6 197
 2 198
 2 199
 7 200
 1 201
 0 202
 2 203
 2 204
 3 205
 2 206
 2 207
 1 208
 1 209
 1 210
 0 211
 0 212
 0 213
 0 214
 1 215
 1 216
 2 217
 0 218
 0 219
 0 220
 0 221
 0 222
 1 223
 0 224
 1 225
 0 226
 0 227
 0 228
 0 229
 0 230
 0 231
 0 232
 0 233
 0 234
 0 235
 0 236
 0 237
 0 238
 0 239
 0 240
 0 241
 0 242
 0 243
 0 244
 0 245
 0 246
 0 247
 0 248
 0 249
 0 250
 0 251
 0 252
 0 253
 0 254
 0 255
 0 256
 0 257
 0 258
 0 259
 0 260
 0 261
 0 262
 0 263
 0 264
 0 265
 0 266
 0 267
 0 268
 0 269
 0 270
 0 271
 0 272
 0 273
 0 274
 0 275
 1 276
 0 277
 0 278
 0 279
 0 280
 0 281
 0 282
 0 283
 0 284
 2 285
 0 286
 0 287
 0 288
 0 289
 0 290
 0 291
 0 292
 0 293
 0 294
 1 295
 1 296
 0 297
 2 298
 3 299
 1 300
 0 301
 1 302
 2 303
 3 304
 2 305
 1 306
 1 307
 0 308
 1 309
 1 310
 9 311
 0 312
 1 313
 2 314
 2 315
 4 316
 2 317
 3 318
 2 319
 4 320
 2 321
 2 322
 2 323
 3 324
 1 325
 3 326
 6 327
 0 328
 4 329
 3 330
 6 331
 2 332
 3 333
 1 334
 1 335
 6 336
 2 337
 2 338
 2 339
 1 340
 3 341
 2 342
 5 343
 3 344
 4 345
 1 346
 0 347
 3 348
 2 349
 1 350
 2 351
 2 352
 1 353
 2 354
 0 355
 2 356
 1 357
 1 358
 4 359
 1 360
 2 361
 4 362
 0 363
 2 364
 0 365
 1 366
 1 367
 2 368
 1 369
 1 370
 1 371
 0 372
 0 373
 0 374
 2 375
 1 376
 0 377
 1 378
 2 379
 2 380
 1 381
 2 382
 1 383
 0 384
 0 385
 0 386
 0 387
 0 388
 0 389
 1 390
 1 391
 1 392
 0 393
 0 394
 0 395
 0 396
 0 397
 0 398
 0 399
 0 400
 0 401
 0 402
 1 403
 0 404
 0 405
 0 406
 0 407
 0 408
 1 409
 1 410
 0 411
 0 412
 0 413
 0 414
 0 415
 0 416
 0 417
 0 418
 0 419
 0 420
 0 421
 0 422
 0 423
 0 424
 0 425
 0 426
 0 427
 0 428
 0 429
 0 430
 0 431
 0 432
 0 433
 0 434
 0 435
 0 436
 0 437
 0 438
 0 439
 0 440
 0 441
 0 442
 0 443
 0 444
 0 445
 0 446
 0 447
 0 448
 0 449
 0 450
 0 451
 0 452
 0 453
 0 454
 0 455
 0 456
 0 457
 0 458
 0 459
 0 460
 0 461
 0 462
 0 463
 0 464
 0 465
 0 466
 0 467
 0 468
 0 469
 0 470
 0 471
 0 472
 0 473
 0 474
 0 475
 0 476
 0 477
 0 478
 0 479
 0 480
 0 481
 0 482
 0 483
 0 484
 0 485
 0 486
 0 487
 0 488
 0 489
 0 490
 0 491
 0 492
 0 493
 0 494
 0 495
 0 496
 0 497
 0 498
 0 499
 0 500
 0 501
 0 502
 0 503
 0 504
 0 505
 0 506
 0 507
 0 508
 0 509
 0 510
 0 511
 0 512
 0 513
 0 514
 0 515
 0 516
 0 517
 0 518
 0 519
 0 520
 0 521
 0 522
 0 523
 0 524
 0 525
 0 526
 0 527
 0 528
 0 529
 0 530
 0 531
 0 532
 0 533
 0 534
 0 535
 0 536
 0 537
 0 538
 0 539
 0 540
 0 541
 0 542
 0 543
 0 544
 0 545
 0 546
 0 547
 0 548
 0 549
 0 550
 0 551
 0 552
 0 553
 0 554
 0 555
 0 556
 0 557
 0 558
 0 559
 0 560
 0 561
 0 562
 0 563
 0 564
 0 565
 0 566
 0 567
 0 568
 0 569
 0 570
 0 571
 0 572
 0 573
 0 574
 0 575
 0 576
 0 577
 0 578
 0 579
 0 580
 0 581
 0 582
 0 583
 0 584
 0 585
 0 586
 0 587
 0 588
 0 589
 0 590
 0 591
 0 592
 0 593
 0 594
 0 595
 0 596
 0 597
 0 598
 0 599
 0 600


