# Created by Octave 3.8.2, Mon Jun 22 08:40:42 2020 CEST <damian@fptrucha.inv.usc.es>
# name: hd
# type: matrix
# rows: 551
# columns: 2
 0 50
 0 51
 0 52
 0 53
 0 54
 0 55
 0 56
 0 57
 0 58
 0 59
 0 60
 0 61
 0 62
 0 63
 0 64
 0 65
 0 66
 0 67
 0 68
 0 69
 0 70
 0 71
 0 72
 0 73
 0 74
 0 75
 0 76
 0 77
 0 78
 0 79
 0 80
 0 81
 0 82
 0 83
 0 84
 0 85
 0 86
 0 87
 0 88
 2 89
 5 90
 14 91
 60 92
 108 93
 159 94
 195 95
 357 96
 609 97
 757 98
 958 99
 1125 100
 1290 101
 1288 102
 1352 103
 1449 104
 1459 105
 1484 106
 1432 107
 1410 108
 1332 109
 1278 110
 1121 111
 1098 112
 1007 113
 974 114
 912 115
 823 116
 809 117
 729 118
 626 119
 615 120
 502 121
 472 122
 444 123
 413 124
 382 125
 291 126
 293 127
 260 128
 258 129
 255 130
 256 131
 212 132
 180 133
 161 134
 169 135
 166 136
 139 137
 151 138
 125 139
 125 140
 117 141
 94 142
 96 143
 101 144
 98 145
 75 146
 64 147
 80 148
 89 149
 67 150
 64 151
 62 152
 58 153
 49 154
 37 155
 53 156
 46 157
 42 158
 48 159
 33 160
 37 161
 37 162
 43 163
 31 164
 23 165
 36 166
 30 167
 21 168
 20 169
 24 170
 17 171
 12 172
 17 173
 22 174
 14 175
 14 176
 18 177
 15 178
 11 179
 16 180
 16 181
 11 182
 9 183
 12 184
 12 185
 5 186
 7 187
 7 188
 5 189
 6 190
 6 191
 3 192
 5 193
 5 194
 8 195
 3 196
 4 197
 2 198
 1 199
 1 200
 1 201
 6 202
 5 203
 5 204
 0 205
 3 206
 1 207
 2 208
 2 209
 1 210
 3 211
 2 212
 0 213
 0 214
 2 215
 0 216
 1 217
 2 218
 1 219
 1 220
 0 221
 0 222
 1 223
 0 224
 0 225
 0 226
 1 227
 0 228
 0 229
 0 230
 0 231
 1 232
 1 233
 0 234
 0 235
 0 236
 0 237
 1 238
 1 239
 1 240
 1 241
 0 242
 0 243
 0 244
 0 245
 1 246
 0 247
 0 248
 0 249
 0 250
 0 251
 0 252
 0 253
 0 254
 0 255
 0 256
 0 257
 0 258
 0 259
 0 260
 0 261
 0 262
 0 263
 0 264
 0 265
 0 266
 0 267
 0 268
 0 269
 0 270
 0 271
 0 272
 1 273
 0 274
 0 275
 0 276
 0 277
 1 278
 0 279
 0 280
 0 281
 0 282
 0 283
 0 284
 0 285
 0 286
 1 287
 1 288
 1 289
 0 290
 0 291
 0 292
 0 293
 0 294
 1 295
 1 296
 1 297
 0 298
 1 299
 1 300
 0 301
 1 302
 2 303
 4 304
 1 305
 3 306
 2 307
 4 308
 2 309
 2 310
 3 311
 0 312
 4 313
 0 314
 2 315
 1 316
 1 317
 3 318
 2 319
 4 320
 1 321
 3 322
 4 323
 2 324
 3 325
 2 326
 3 327
 1 328
 1 329
 4 330
 6 331
 3 332
 6 333
 1 334
 3 335
 5 336
 2 337
 4 338
 3 339
 1 340
 4 341
 0 342
 5 343
 0 344
 4 345
 1 346
 1 347
 3 348
 0 349
 2 350
 1 351
 1 352
 1 353
 1 354
 5 355
 2 356
 2 357
 1 358
 3 359
 1 360
 0 361
 0 362
 0 363
 2 364
 4 365
 2 366
 1 367
 2 368
 0 369
 1 370
 1 371
 0 372
 0 373
 0 374
 1 375
 1 376
 1 377
 2 378
 1 379
 1 380
 2 381
 1 382
 1 383
 1 384
 0 385
 0 386
 0 387
 0 388
 0 389
 1 390
 0 391
 1 392
 2 393
 0 394
 0 395
 0 396
 0 397
 0 398
 0 399
 0 400
 2 401
 0 402
 0 403
 0 404
 0 405
 0 406
 0 407
 0 408
 0 409
 0 410
 0 411
 0 412
 0 413
 0 414
 1 415
 0 416
 0 417
 0 418
 0 419
 0 420
 0 421
 0 422
 0 423
 0 424
 0 425
 0 426
 0 427
 0 428
 0 429
 0 430
 0 431
 0 432
 0 433
 0 434
 0 435
 0 436
 0 437
 0 438
 0 439
 0 440
 0 441
 0 442
 0 443
 0 444
 0 445
 0 446
 0 447
 0 448
 0 449
 0 450
 0 451
 0 452
 0 453
 0 454
 0 455
 0 456
 0 457
 0 458
 0 459
 0 460
 0 461
 0 462
 0 463
 0 464
 0 465
 0 466
 0 467
 0 468
 0 469
 0 470
 0 471
 0 472
 0 473
 0 474
 0 475
 0 476
 0 477
 0 478
 0 479
 0 480
 0 481
 0 482
 0 483
 0 484
 0 485
 0 486
 0 487
 0 488
 0 489
 0 490
 0 491
 0 492
 0 493
 0 494
 0 495
 0 496
 0 497
 0 498
 0 499
 0 500
 0 501
 0 502
 0 503
 0 504
 0 505
 0 506
 0 507
 0 508
 0 509
 0 510
 0 511
 0 512
 0 513
 0 514
 0 515
 0 516
 0 517
 0 518
 0 519
 0 520
 0 521
 0 522
 0 523
 0 524
 0 525
 0 526
 0 527
 0 528
 0 529
 0 530
 0 531
 0 532
 0 533
 0 534
 0 535
 0 536
 0 537
 0 538
 0 539
 0 540
 0 541
 0 542
 0 543
 0 544
 0 545
 0 546
 0 547
 0 548
 0 549
 0 550
 0 551
 0 552
 0 553
 0 554
 0 555
 0 556
 0 557
 0 558
 0 559
 0 560
 0 561
 0 562
 0 563
 0 564
 0 565
 0 566
 0 567
 0 568
 0 569
 0 570
 0 571
 0 572
 0 573
 0 574
 0 575
 0 576
 0 577
 0 578
 0 579
 0 580
 0 581
 0 582
 0 583
 0 584
 0 585
 0 586
 0 587
 0 588
 0 589
 0 590
 0 591
 0 592
 0 593
 0 594
 0 595
 0 596
 0 597
 0 598
 0 599
 0 600


