# Created by Octave 3.8.2, Sun Jun 21 07:32:09 2020 CEST <damian@fptrucha.inv.usc.es>
# name: hd
# type: matrix
# rows: 551
# columns: 2
 0 50
 0 51
 0 52
 0 53
 0 54
 0 55
 0 56
 0 57
 0 58
 0 59
 0 60
 0 61
 0 62
 0 63
 0 64
 0 65
 0 66
 0 67
 0 68
 0 69
 0 70
 0 71
 0 72
 0 73
 0 74
 0 75
 0 76
 0 77
 0 78
 0 79
 0 80
 0 81
 0 82
 0 83
 0 84
 0 85
 0 86
 0 87
 3 88
 2 89
 5 90
 31 91
 90 92
 125 93
 150 94
 267 95
 398 96
 538 97
 686 98
 838 99
 894 100
 1012 101
 1083 102
 1112 103
 1183 104
 1239 105
 1277 106
 1226 107
 1259 108
 1134 109
 1178 110
 1199 111
 1153 112
 1059 113
 1003 114
 964 115
 945 116
 903 117
 802 118
 779 119
 741 120
 694 121
 679 122
 613 123
 550 124
 522 125
 442 126
 430 127
 353 128
 336 129
 308 130
 266 131
 260 132
 231 133
 231 134
 210 135
 184 136
 196 137
 156 138
 127 139
 150 140
 118 141
 116 142
 114 143
 98 144
 94 145
 87 146
 84 147
 78 148
 75 149
 56 150
 83 151
 62 152
 56 153
 57 154
 51 155
 43 156
 41 157
 39 158
 44 159
 42 160
 31 161
 30 162
 32 163
 24 164
 22 165
 28 166
 20 167
 21 168
 25 169
 22 170
 18 171
 17 172
 13 173
 10 174
 13 175
 12 176
 10 177
 11 178
 12 179
 9 180
 5 181
 4 182
 8 183
 8 184
 9 185
 3 186
 5 187
 3 188
 4 189
 3 190
 3 191
 4 192
 6 193
 1 194
 4 195
 2 196
 1 197
 1 198
 1 199
 1 200
 0 201
 3 202
 2 203
 2 204
 2 205
 1 206
 1 207
 2 208
 0 209
 1 210
 1 211
 0 212
 1 213
 0 214
 0 215
 0 216
 1 217
 3 218
 1 219
 1 220
 0 221
 0 222
 1 223
 0 224
 0 225
 0 226
 1 227
 0 228
 0 229
 0 230
 0 231
 0 232
 0 233
 0 234
 0 235
 0 236
 0 237
 0 238
 1 239
 0 240
 0 241
 0 242
 0 243
 0 244
 0 245
 0 246
 0 247
 0 248
 0 249
 0 250
 0 251
 0 252
 0 253
 0 254
 0 255
 0 256
 0 257
 0 258
 0 259
 0 260
 0 261
 0 262
 0 263
 0 264
 0 265
 0 266
 0 267
 0 268
 0 269
 0 270
 0 271
 0 272
 1 273
 0 274
 0 275
 0 276
 0 277
 0 278
 0 279
 0 280
 0 281
 0 282
 2 283
 0 284
 0 285
 1 286
 0 287
 0 288
 0 289
 1 290
 1 291
 2 292
 0 293
 2 294
 1 295
 0 296
 2 297
 0 298
 0 299
 2 300
 0 301
 2 302
 0 303
 1 304
 2 305
 4 306
 4 307
 4 308
 1 309
 1 310
 5 311
 4 312
 3 313
 0 314
 3 315
 0 316
 1 317
 2 318
 4 319
 3 320
 3 321
 0 322
 2 323
 2 324
 1 325
 3 326
 3 327
 2 328
 1 329
 2 330
 0 331
 0 332
 2 333
 4 334
 3 335
 3 336
 2 337
 2 338
 4 339
 0 340
 2 341
 1 342
 3 343
 1 344
 2 345
 1 346
 2 347
 3 348
 2 349
 3 350
 1 351
 2 352
 1 353
 2 354
 1 355
 3 356
 0 357
 2 358
 1 359
 2 360
 0 361
 4 362
 1 363
 0 364
 3 365
 1 366
 1 367
 0 368
 0 369
 0 370
 2 371
 2 372
 3 373
 2 374
 1 375
 0 376
 1 377
 0 378
 2 379
 2 380
 0 381
 0 382
 0 383
 1 384
 1 385
 1 386
 0 387
 1 388
 0 389
 0 390
 0 391
 0 392
 1 393
 1 394
 2 395
 0 396
 0 397
 1 398
 0 399
 0 400
 0 401
 3 402
 0 403
 1 404
 0 405
 0 406
 0 407
 0 408
 0 409
 0 410
 0 411
 0 412
 0 413
 0 414
 0 415
 0 416
 0 417
 0 418
 0 419
 0 420
 0 421
 0 422
 0 423
 0 424
 0 425
 0 426
 0 427
 0 428
 0 429
 0 430
 0 431
 0 432
 0 433
 0 434
 0 435
 0 436
 0 437
 0 438
 0 439
 0 440
 0 441
 0 442
 0 443
 0 444
 0 445
 0 446
 0 447
 0 448
 0 449
 0 450
 0 451
 0 452
 0 453
 0 454
 0 455
 0 456
 0 457
 0 458
 0 459
 0 460
 0 461
 0 462
 0 463
 0 464
 0 465
 0 466
 0 467
 0 468
 0 469
 0 470
 0 471
 0 472
 0 473
 0 474
 0 475
 0 476
 0 477
 0 478
 0 479
 0 480
 0 481
 0 482
 0 483
 0 484
 0 485
 0 486
 0 487
 0 488
 0 489
 0 490
 0 491
 0 492
 0 493
 0 494
 0 495
 0 496
 0 497
 0 498
 0 499
 0 500
 0 501
 0 502
 0 503
 0 504
 0 505
 0 506
 0 507
 0 508
 0 509
 0 510
 0 511
 0 512
 0 513
 0 514
 0 515
 0 516
 0 517
 0 518
 0 519
 0 520
 0 521
 0 522
 0 523
 0 524
 0 525
 0 526
 0 527
 0 528
 0 529
 0 530
 0 531
 0 532
 0 533
 0 534
 0 535
 0 536
 0 537
 0 538
 0 539
 0 540
 0 541
 0 542
 0 543
 0 544
 0 545
 0 546
 0 547
 0 548
 0 549
 0 550
 0 551
 0 552
 0 553
 0 554
 0 555
 0 556
 0 557
 0 558
 0 559
 0 560
 0 561
 0 562
 0 563
 0 564
 0 565
 0 566
 0 567
 0 568
 0 569
 0 570
 0 571
 0 572
 0 573
 0 574
 0 575
 0 576
 0 577
 0 578
 0 579
 0 580
 0 581
 0 582
 0 583
 0 584
 0 585
 0 586
 0 587
 0 588
 0 589
 0 590
 0 591
 0 592
 0 593
 0 594
 0 595
 0 596
 0 597
 0 598
 0 599
 0 600


