# Created by Octave 3.8.2, Sat Jun 20 16:38:01 2020 CEST <damian@fptrucha.inv.usc.es>
# name: hd
# type: matrix
# rows: 551
# columns: 2
 0 50
 0 51
 0 52
 1 53
 0 54
 0 55
 0 56
 0 57
 0 58
 0 59
 0 60
 0 61
 0 62
 0 63
 0 64
 0 65
 0 66
 0 67
 0 68
 0 69
 0 70
 0 71
 0 72
 0 73
 0 74
 0 75
 0 76
 0 77
 0 78
 0 79
 0 80
 0 81
 0 82
 0 83
 0 84
 0 85
 0 86
 0 87
 3 88
 2 89
 3 90
 34 91
 93 92
 128 93
 177 94
 257 95
 410 96
 552 97
 721 98
 853 99
 969 100
 1075 101
 1143 102
 1160 103
 1238 104
 1264 105
 1276 106
 1259 107
 1300 108
 1288 109
 1193 110
 1175 111
 1172 112
 1078 113
 1071 114
 1026 115
 922 116
 891 117
 843 118
 752 119
 785 120
 658 121
 672 122
 615 123
 500 124
 492 125
 449 126
 406 127
 375 128
 343 129
 318 130
 282 131
 290 132
 255 133
 218 134
 212 135
 186 136
 207 137
 148 138
 163 139
 156 140
 132 141
 110 142
 121 143
 109 144
 95 145
 105 146
 84 147
 89 148
 79 149
 78 150
 64 151
 61 152
 57 153
 59 154
 61 155
 55 156
 41 157
 44 158
 41 159
 41 160
 47 161
 35 162
 37 163
 31 164
 32 165
 20 166
 26 167
 35 168
 17 169
 17 170
 18 171
 21 172
 23 173
 15 174
 21 175
 15 176
 8 177
 15 178
 7 179
 13 180
 13 181
 12 182
 8 183
 7 184
 8 185
 7 186
 6 187
 3 188
 2 189
 8 190
 2 191
 4 192
 4 193
 2 194
 3 195
 4 196
 3 197
 3 198
 3 199
 2 200
 3 201
 0 202
 1 203
 2 204
 1 205
 0 206
 2 207
 0 208
 1 209
 1 210
 2 211
 1 212
 0 213
 0 214
 3 215
 2 216
 0 217
 0 218
 1 219
 0 220
 0 221
 0 222
 0 223
 0 224
 0 225
 0 226
 0 227
 0 228
 1 229
 0 230
 0 231
 0 232
 1 233
 0 234
 0 235
 0 236
 0 237
 0 238
 0 239
 0 240
 0 241
 0 242
 0 243
 0 244
 0 245
 0 246
 0 247
 0 248
 0 249
 0 250
 0 251
 0 252
 0 253
 0 254
 0 255
 0 256
 0 257
 0 258
 0 259
 0 260
 0 261
 0 262
 0 263
 0 264
 0 265
 0 266
 0 267
 0 268
 0 269
 0 270
 0 271
 0 272
 1 273
 0 274
 0 275
 0 276
 1 277
 1 278
 0 279
 0 280
 0 281
 0 282
 0 283
 0 284
 0 285
 1 286
 2 287
 0 288
 0 289
 1 290
 0 291
 1 292
 0 293
 1 294
 0 295
 1 296
 0 297
 0 298
 0 299
 2 300
 1 301
 2 302
 1 303
 0 304
 2 305
 1 306
 2 307
 3 308
 2 309
 3 310
 0 311
 1 312
 2 313
 2 314
 5 315
 1 316
 2 317
 2 318
 1 319
 2 320
 2 321
 2 322
 1 323
 1 324
 5 325
 0 326
 4 327
 2 328
 1 329
 1 330
 2 331
 5 332
 2 333
 3 334
 2 335
 4 336
 0 337
 5 338
 0 339
 2 340
 2 341
 1 342
 1 343
 7 344
 2 345
 2 346
 4 347
 1 348
 2 349
 3 350
 2 351
 2 352
 2 353
 1 354
 5 355
 7 356
 3 357
 0 358
 3 359
 0 360
 0 361
 2 362
 5 363
 4 364
 0 365
 1 366
 1 367
 1 368
 2 369
 3 370
 1 371
 1 372
 0 373
 2 374
 0 375
 0 376
 3 377
 0 378
 0 379
 1 380
 1 381
 0 382
 0 383
 0 384
 1 385
 3 386
 0 387
 1 388
 0 389
 0 390
 0 391
 1 392
 0 393
 1 394
 1 395
 0 396
 0 397
 0 398
 0 399
 0 400
 0 401
 0 402
 0 403
 0 404
 0 405
 0 406
 0 407
 0 408
 0 409
 0 410
 0 411
 0 412
 0 413
 1 414
 1 415
 0 416
 0 417
 0 418
 0 419
 0 420
 0 421
 0 422
 0 423
 0 424
 0 425
 0 426
 0 427
 0 428
 0 429
 0 430
 0 431
 0 432
 0 433
 0 434
 0 435
 0 436
 0 437
 0 438
 0 439
 0 440
 0 441
 0 442
 0 443
 0 444
 0 445
 0 446
 0 447
 0 448
 0 449
 0 450
 0 451
 0 452
 0 453
 0 454
 0 455
 0 456
 0 457
 0 458
 0 459
 0 460
 0 461
 0 462
 0 463
 0 464
 0 465
 0 466
 0 467
 0 468
 0 469
 0 470
 0 471
 0 472
 0 473
 0 474
 0 475
 0 476
 0 477
 0 478
 0 479
 0 480
 0 481
 0 482
 0 483
 0 484
 0 485
 0 486
 0 487
 0 488
 0 489
 0 490
 0 491
 0 492
 0 493
 0 494
 0 495
 0 496
 0 497
 1 498
 0 499
 0 500
 0 501
 0 502
 0 503
 0 504
 0 505
 0 506
 0 507
 0 508
 0 509
 0 510
 0 511
 0 512
 0 513
 0 514
 0 515
 0 516
 0 517
 0 518
 0 519
 0 520
 0 521
 0 522
 0 523
 0 524
 0 525
 0 526
 0 527
 0 528
 0 529
 0 530
 0 531
 0 532
 0 533
 0 534
 0 535
 0 536
 0 537
 0 538
 0 539
 0 540
 0 541
 0 542
 0 543
 0 544
 0 545
 0 546
 0 547
 0 548
 0 549
 0 550
 0 551
 0 552
 0 553
 0 554
 0 555
 0 556
 0 557
 0 558
 0 559
 0 560
 0 561
 0 562
 0 563
 0 564
 0 565
 0 566
 0 567
 0 568
 0 569
 0 570
 0 571
 0 572
 0 573
 0 574
 0 575
 0 576
 0 577
 0 578
 0 579
 0 580
 0 581
 0 582
 0 583
 0 584
 0 585
 0 586
 0 587
 0 588
 0 589
 0 590
 0 591
 0 592
 0 593
 0 594
 0 595
 0 596
 0 597
 0 598
 0 599
 0 600


