# Created by Octave 3.8.2, Sat Jun 20 19:31:02 2020 CEST <damian@fptrucha.inv.usc.es>
# name: hd
# type: matrix
# rows: 551
# columns: 2
 0 50
 0 51
 0 52
 0 53
 0 54
 0 55
 0 56
 0 57
 0 58
 0 59
 0 60
 0 61
 0 62
 0 63
 0 64
 0 65
 0 66
 0 67
 0 68
 0 69
 0 70
 0 71
 0 72
 0 73
 0 74
 0 75
 0 76
 0 77
 0 78
 0 79
 0 80
 0 81
 0 82
 0 83
 0 84
 0 85
 0 86
 0 87
 0 88
 0 89
 5 90
 25 91
 94 92
 116 93
 177 94
 272 95
 380 96
 577 97
 714 98
 865 99
 1041 100
 1058 101
 1141 102
 1244 103
 1263 104
 1327 105
 1344 106
 1307 107
 1238 108
 1234 109
 1299 110
 1164 111
 1119 112
 1101 113
 1081 114
 990 115
 884 116
 860 117
 813 118
 756 119
 697 120
 664 121
 632 122
 566 123
 484 124
 479 125
 437 126
 400 127
 375 128
 323 129
 325 130
 289 131
 265 132
 240 133
 240 134
 199 135
 188 136
 185 137
 169 138
 149 139
 161 140
 142 141
 122 142
 116 143
 111 144
 100 145
 74 146
 72 147
 73 148
 72 149
 62 150
 50 151
 79 152
 72 153
 49 154
 46 155
 43 156
 47 157
 48 158
 46 159
 29 160
 35 161
 43 162
 32 163
 44 164
 30 165
 24 166
 20 167
 15 168
 22 169
 22 170
 13 171
 10 172
 22 173
 13 174
 13 175
 11 176
 15 177
 4 178
 7 179
 4 180
 17 181
 5 182
 12 183
 6 184
 9 185
 8 186
 2 187
 8 188
 4 189
 7 190
 6 191
 4 192
 1 193
 1 194
 2 195
 1 196
 4 197
 4 198
 2 199
 3 200
 3 201
 2 202
 0 203
 3 204
 0 205
 1 206
 1 207
 2 208
 0 209
 1 210
 2 211
 1 212
 0 213
 0 214
 1 215
 0 216
 2 217
 1 218
 0 219
 1 220
 0 221
 0 222
 1 223
 2 224
 2 225
 1 226
 0 227
 0 228
 0 229
 0 230
 0 231
 0 232
 0 233
 0 234
 0 235
 0 236
 0 237
 0 238
 0 239
 0 240
 0 241
 0 242
 0 243
 0 244
 0 245
 0 246
 0 247
 0 248
 0 249
 0 250
 0 251
 0 252
 0 253
 0 254
 0 255
 0 256
 0 257
 0 258
 0 259
 0 260
 0 261
 0 262
 1 263
 0 264
 0 265
 0 266
 0 267
 0 268
 0 269
 0 270
 0 271
 0 272
 0 273
 0 274
 0 275
 0 276
 1 277
 0 278
 0 279
 0 280
 1 281
 2 282
 1 283
 1 284
 1 285
 1 286
 0 287
 0 288
 1 289
 1 290
 1 291
 0 292
 1 293
 0 294
 1 295
 0 296
 1 297
 1 298
 1 299
 0 300
 0 301
 0 302
 1 303
 2 304
 0 305
 3 306
 2 307
 0 308
 2 309
 4 310
 3 311
 2 312
 2 313
 2 314
 0 315
 1 316
 2 317
 4 318
 3 319
 1 320
 1 321
 2 322
 2 323
 3 324
 4 325
 0 326
 1 327
 3 328
 0 329
 1 330
 3 331
 1 332
 1 333
 2 334
 2 335
 2 336
 2 337
 7 338
 1 339
 2 340
 2 341
 3 342
 3 343
 0 344
 3 345
 0 346
 1 347
 2 348
 3 349
 1 350
 0 351
 2 352
 1 353
 1 354
 0 355
 0 356
 4 357
 1 358
 1 359
 1 360
 3 361
 2 362
 1 363
 1 364
 3 365
 0 366
 4 367
 0 368
 1 369
 0 370
 0 371
 1 372
 0 373
 0 374
 1 375
 1 376
 0 377
 1 378
 3 379
 0 380
 2 381
 1 382
 0 383
 1 384
 0 385
 0 386
 0 387
 1 388
 1 389
 0 390
 0 391
 0 392
 0 393
 0 394
 1 395
 0 396
 0 397
 0 398
 1 399
 0 400
 0 401
 0 402
 0 403
 0 404
 0 405
 0 406
 0 407
 0 408
 1 409
 0 410
 0 411
 0 412
 0 413
 0 414
 0 415
 0 416
 0 417
 0 418
 0 419
 0 420
 0 421
 0 422
 0 423
 0 424
 0 425
 0 426
 0 427
 0 428
 1 429
 0 430
 0 431
 0 432
 0 433
 0 434
 0 435
 0 436
 0 437
 0 438
 0 439
 0 440
 0 441
 0 442
 0 443
 0 444
 0 445
 0 446
 0 447
 0 448
 0 449
 0 450
 0 451
 0 452
 0 453
 0 454
 0 455
 0 456
 0 457
 0 458
 0 459
 0 460
 0 461
 0 462
 0 463
 0 464
 0 465
 0 466
 0 467
 0 468
 0 469
 0 470
 0 471
 0 472
 0 473
 0 474
 0 475
 0 476
 0 477
 0 478
 0 479
 0 480
 0 481
 0 482
 0 483
 0 484
 0 485
 0 486
 0 487
 0 488
 0 489
 0 490
 0 491
 0 492
 0 493
 0 494
 0 495
 0 496
 0 497
 0 498
 0 499
 0 500
 0 501
 0 502
 0 503
 0 504
 0 505
 0 506
 0 507
 0 508
 0 509
 0 510
 0 511
 0 512
 0 513
 0 514
 0 515
 0 516
 0 517
 0 518
 0 519
 0 520
 0 521
 0 522
 0 523
 0 524
 0 525
 0 526
 0 527
 0 528
 0 529
 0 530
 0 531
 0 532
 0 533
 0 534
 0 535
 0 536
 0 537
 0 538
 0 539
 0 540
 0 541
 0 542
 0 543
 0 544
 0 545
 0 546
 0 547
 0 548
 0 549
 0 550
 0 551
 0 552
 0 553
 0 554
 0 555
 0 556
 0 557
 0 558
 0 559
 0 560
 0 561
 0 562
 0 563
 0 564
 0 565
 0 566
 0 567
 0 568
 0 569
 0 570
 0 571
 0 572
 0 573
 0 574
 0 575
 0 576
 0 577
 0 578
 0 579
 0 580
 0 581
 0 582
 0 583
 0 584
 0 585
 0 586
 0 587
 0 588
 0 589
 0 590
 0 591
 0 592
 0 593
 0 594
 0 595
 0 596
 0 597
 0 598
 0 599
 0 600


