# Created by Octave 3.8.2, Mon Jun 22 03:27:39 2020 CEST <damian@fptrucha.inv.usc.es>
# name: hd
# type: matrix
# rows: 551
# columns: 2
 0 50
 0 51
 0 52
 0 53
 0 54
 0 55
 0 56
 0 57
 0 58
 0 59
 0 60
 0 61
 0 62
 0 63
 0 64
 0 65
 0 66
 0 67
 0 68
 0 69
 0 70
 0 71
 0 72
 0 73
 0 74
 0 75
 0 76
 0 77
 0 78
 0 79
 0 80
 0 81
 0 82
 0 83
 0 84
 0 85
 0 86
 0 87
 0 88
 1 89
 3 90
 14 91
 85 92
 118 93
 146 94
 246 95
 419 96
 591 97
 767 98
 963 99
 1142 100
 1219 101
 1377 102
 1392 103
 1348 104
 1425 105
 1365 106
 1417 107
 1336 108
 1262 109
 1224 110
 1138 111
 1056 112
 945 113
 949 114
 859 115
 814 116
 715 117
 659 118
 614 119
 536 120
 478 121
 460 122
 438 123
 364 124
 350 125
 304 126
 297 127
 257 128
 266 129
 228 130
 247 131
 204 132
 184 133
 182 134
 162 135
 149 136
 133 137
 127 138
 105 139
 111 140
 115 141
 126 142
 98 143
 111 144
 82 145
 83 146
 71 147
 82 148
 66 149
 49 150
 56 151
 62 152
 51 153
 50 154
 43 155
 49 156
 43 157
 46 158
 38 159
 42 160
 26 161
 41 162
 28 163
 27 164
 20 165
 34 166
 20 167
 20 168
 32 169
 13 170
 14 171
 24 172
 22 173
 16 174
 11 175
 10 176
 6 177
 7 178
 16 179
 7 180
 8 181
 5 182
 9 183
 7 184
 13 185
 7 186
 6 187
 1 188
 8 189
 5 190
 1 191
 2 192
 7 193
 2 194
 3 195
 2 196
 2 197
 4 198
 5 199
 4 200
 0 201
 1 202
 3 203
 1 204
 4 205
 1 206
 1 207
 2 208
 3 209
 3 210
 1 211
 0 212
 1 213
 1 214
 0 215
 0 216
 2 217
 1 218
 0 219
 0 220
 0 221
 0 222
 1 223
 2 224
 0 225
 0 226
 0 227
 0 228
 0 229
 0 230
 0 231
 0 232
 0 233
 0 234
 0 235
 0 236
 0 237
 0 238
 0 239
 0 240
 0 241
 0 242
 0 243
 0 244
 1 245
 0 246
 0 247
 0 248
 0 249
 0 250
 0 251
 0 252
 0 253
 0 254
 0 255
 0 256
 0 257
 0 258
 0 259
 0 260
 0 261
 0 262
 0 263
 0 264
 0 265
 0 266
 0 267
 0 268
 0 269
 0 270
 0 271
 0 272
 0 273
 0 274
 0 275
 0 276
 1 277
 0 278
 0 279
 0 280
 0 281
 0 282
 0 283
 0 284
 0 285
 1 286
 0 287
 1 288
 0 289
 1 290
 1 291
 0 292
 0 293
 1 294
 1 295
 0 296
 1 297
 2 298
 0 299
 0 300
 2 301
 4 302
 0 303
 0 304
 5 305
 4 306
 0 307
 0 308
 2 309
 3 310
 4 311
 2 312
 2 313
 1 314
 0 315
 1 316
 1 317
 4 318
 4 319
 2 320
 6 321
 3 322
 3 323
 2 324
 4 325
 3 326
 1 327
 8 328
 3 329
 3 330
 2 331
 2 332
 3 333
 2 334
 3 335
 3 336
 3 337
 2 338
 2 339
 1 340
 2 341
 2 342
 0 343
 0 344
 1 345
 2 346
 2 347
 5 348
 1 349
 4 350
 3 351
 1 352
 1 353
 2 354
 2 355
 2 356
 1 357
 3 358
 0 359
 3 360
 0 361
 1 362
 1 363
 1 364
 0 365
 2 366
 0 367
 0 368
 1 369
 1 370
 0 371
 2 372
 1 373
 1 374
 1 375
 0 376
 1 377
 1 378
 0 379
 0 380
 1 381
 0 382
 0 383
 0 384
 0 385
 0 386
 0 387
 0 388
 0 389
 0 390
 0 391
 0 392
 0 393
 0 394
 0 395
 0 396
 0 397
 0 398
 0 399
 0 400
 1 401
 0 402
 1 403
 0 404
 0 405
 0 406
 0 407
 0 408
 0 409
 0 410
 1 411
 0 412
 1 413
 0 414
 1 415
 0 416
 0 417
 0 418
 0 419
 0 420
 0 421
 0 422
 0 423
 0 424
 0 425
 0 426
 0 427
 0 428
 0 429
 0 430
 0 431
 0 432
 0 433
 0 434
 0 435
 0 436
 0 437
 0 438
 0 439
 0 440
 0 441
 0 442
 0 443
 0 444
 0 445
 0 446
 0 447
 0 448
 0 449
 0 450
 0 451
 0 452
 0 453
 0 454
 0 455
 0 456
 0 457
 0 458
 0 459
 0 460
 0 461
 0 462
 0 463
 0 464
 0 465
 0 466
 0 467
 0 468
 0 469
 0 470
 0 471
 0 472
 0 473
 0 474
 0 475
 0 476
 0 477
 0 478
 0 479
 0 480
 0 481
 0 482
 0 483
 0 484
 0 485
 0 486
 0 487
 0 488
 0 489
 0 490
 0 491
 0 492
 0 493
 0 494
 0 495
 0 496
 0 497
 0 498
 0 499
 0 500
 0 501
 0 502
 0 503
 0 504
 0 505
 0 506
 0 507
 0 508
 0 509
 0 510
 0 511
 0 512
 0 513
 0 514
 0 515
 0 516
 0 517
 0 518
 0 519
 0 520
 0 521
 0 522
 0 523
 0 524
 0 525
 0 526
 0 527
 0 528
 0 529
 0 530
 0 531
 0 532
 0 533
 0 534
 0 535
 0 536
 0 537
 0 538
 0 539
 0 540
 0 541
 0 542
 0 543
 0 544
 0 545
 0 546
 0 547
 0 548
 0 549
 0 550
 0 551
 0 552
 0 553
 0 554
 0 555
 0 556
 0 557
 0 558
 0 559
 0 560
 0 561
 0 562
 0 563
 0 564
 0 565
 0 566
 0 567
 0 568
 0 569
 0 570
 0 571
 0 572
 0 573
 0 574
 0 575
 0 576
 0 577
 0 578
 0 579
 0 580
 0 581
 0 582
 0 583
 0 584
 0 585
 0 586
 0 587
 0 588
 0 589
 0 590
 0 591
 0 592
 0 593
 0 594
 0 595
 0 596
 0 597
 0 598
 0 599
 0 600


