# Created by Octave 3.8.2, Sat Jun 20 17:12:53 2020 CEST <damian@fptrucha.inv.usc.es>
# name: hd
# type: matrix
# rows: 551
# columns: 2
 0 50
 0 51
 0 52
 0 53
 0 54
 0 55
 0 56
 0 57
 0 58
 0 59
 0 60
 0 61
 0 62
 0 63
 0 64
 0 65
 0 66
 0 67
 0 68
 0 69
 0 70
 0 71
 0 72
 0 73
 0 74
 0 75
 0 76
 0 77
 0 78
 0 79
 0 80
 0 81
 0 82
 0 83
 0 84
 0 85
 0 86
 1 87
 2 88
 2 89
 4 90
 39 91
 84 92
 117 93
 163 94
 242 95
 400 96
 533 97
 694 98
 864 99
 982 100
 1050 101
 1154 102
 1171 103
 1210 104
 1353 105
 1219 106
 1309 107
 1353 108
 1241 109
 1293 110
 1224 111
 1125 112
 1063 113
 1048 114
 1027 115
 905 116
 905 117
 802 118
 716 119
 753 120
 690 121
 625 122
 553 123
 513 124
 503 125
 446 126
 412 127
 408 128
 368 129
 338 130
 296 131
 239 132
 257 133
 245 134
 223 135
 194 136
 173 137
 185 138
 154 139
 145 140
 138 141
 138 142
 120 143
 117 144
 105 145
 95 146
 101 147
 88 148
 75 149
 86 150
 75 151
 63 152
 88 153
 58 154
 55 155
 42 156
 37 157
 52 158
 56 159
 46 160
 42 161
 31 162
 27 163
 22 164
 30 165
 19 166
 28 167
 26 168
 19 169
 22 170
 15 171
 22 172
 13 173
 14 174
 11 175
 16 176
 15 177
 14 178
 16 179
 5 180
 6 181
 8 182
 10 183
 6 184
 5 185
 6 186
 7 187
 5 188
 5 189
 1 190
 4 191
 1 192
 5 193
 3 194
 0 195
 4 196
 3 197
 2 198
 2 199
 5 200
 4 201
 2 202
 2 203
 3 204
 1 205
 0 206
 3 207
 0 208
 2 209
 1 210
 1 211
 0 212
 2 213
 2 214
 2 215
 1 216
 0 217
 1 218
 0 219
 1 220
 0 221
 0 222
 0 223
 0 224
 0 225
 0 226
 0 227
 0 228
 0 229
 0 230
 0 231
 0 232
 2 233
 0 234
 0 235
 0 236
 0 237
 0 238
 0 239
 0 240
 0 241
 0 242
 0 243
 0 244
 0 245
 0 246
 1 247
 0 248
 0 249
 0 250
 0 251
 0 252
 0 253
 0 254
 0 255
 0 256
 0 257
 0 258
 0 259
 0 260
 0 261
 0 262
 0 263
 0 264
 0 265
 0 266
 0 267
 0 268
 0 269
 0 270
 0 271
 0 272
 0 273
 0 274
 1 275
 0 276
 1 277
 0 278
 0 279
 0 280
 0 281
 0 282
 0 283
 1 284
 1 285
 1 286
 1 287
 0 288
 1 289
 0 290
 0 291
 0 292
 0 293
 0 294
 0 295
 3 296
 3 297
 1 298
 0 299
 1 300
 0 301
 1 302
 2 303
 3 304
 1 305
 0 306
 3 307
 0 308
 0 309
 3 310
 1 311
 2 312
 2 313
 4 314
 1 315
 0 316
 1 317
 1 318
 2 319
 1 320
 1 321
 3 322
 2 323
 1 324
 1 325
 3 326
 1 327
 4 328
 0 329
 3 330
 3 331
 5 332
 1 333
 2 334
 0 335
 2 336
 4 337
 2 338
 0 339
 5 340
 2 341
 1 342
 1 343
 4 344
 3 345
 1 346
 7 347
 2 348
 1 349
 2 350
 3 351
 5 352
 2 353
 3 354
 2 355
 2 356
 3 357
 0 358
 1 359
 2 360
 1 361
 2 362
 1 363
 0 364
 2 365
 0 366
 2 367
 0 368
 1 369
 1 370
 0 371
 1 372
 3 373
 1 374
 0 375
 1 376
 0 377
 0 378
 0 379
 1 380
 0 381
 0 382
 0 383
 2 384
 1 385
 0 386
 2 387
 1 388
 1 389
 0 390
 2 391
 2 392
 0 393
 0 394
 0 395
 0 396
 1 397
 0 398
 0 399
 0 400
 0 401
 0 402
 0 403
 0 404
 0 405
 0 406
 0 407
 1 408
 0 409
 1 410
 1 411
 0 412
 0 413
 0 414
 0 415
 0 416
 0 417
 0 418
 0 419
 0 420
 0 421
 0 422
 0 423
 0 424
 0 425
 0 426
 0 427
 0 428
 0 429
 0 430
 0 431
 0 432
 0 433
 0 434
 0 435
 0 436
 0 437
 0 438
 0 439
 0 440
 0 441
 0 442
 0 443
 0 444
 0 445
 0 446
 0 447
 0 448
 0 449
 0 450
 0 451
 0 452
 0 453
 0 454
 0 455
 0 456
 0 457
 0 458
 0 459
 0 460
 0 461
 0 462
 0 463
 0 464
 0 465
 0 466
 0 467
 0 468
 0 469
 0 470
 0 471
 0 472
 0 473
 0 474
 0 475
 0 476
 0 477
 0 478
 0 479
 0 480
 0 481
 0 482
 0 483
 0 484
 0 485
 0 486
 0 487
 0 488
 0 489
 0 490
 0 491
 0 492
 0 493
 0 494
 0 495
 0 496
 0 497
 0 498
 0 499
 0 500
 0 501
 0 502
 0 503
 0 504
 0 505
 0 506
 0 507
 0 508
 0 509
 0 510
 0 511
 0 512
 0 513
 0 514
 0 515
 0 516
 0 517
 0 518
 0 519
 0 520
 0 521
 0 522
 0 523
 0 524
 0 525
 0 526
 0 527
 0 528
 0 529
 0 530
 0 531
 0 532
 0 533
 0 534
 0 535
 0 536
 0 537
 0 538
 0 539
 0 540
 0 541
 0 542
 0 543
 0 544
 0 545
 0 546
 0 547
 0 548
 0 549
 0 550
 0 551
 0 552
 0 553
 0 554
 0 555
 0 556
 0 557
 0 558
 0 559
 0 560
 0 561
 0 562
 0 563
 0 564
 0 565
 0 566
 0 567
 0 568
 0 569
 0 570
 0 571
 0 572
 0 573
 0 574
 0 575
 0 576
 0 577
 0 578
 0 579
 0 580
 0 581
 0 582
 0 583
 0 584
 0 585
 0 586
 0 587
 0 588
 0 589
 0 590
 0 591
 0 592
 0 593
 0 594
 0 595
 0 596
 0 597
 0 598
 0 599
 0 600


