# Created by Octave 3.8.2, Mon Jun 22 01:04:08 2020 CEST <damian@fptrucha.inv.usc.es>
# name: hd
# type: matrix
# rows: 551
# columns: 2
 0 50
 0 51
 0 52
 0 53
 0 54
 0 55
 0 56
 0 57
 0 58
 0 59
 0 60
 0 61
 0 62
 0 63
 0 64
 0 65
 0 66
 0 67
 0 68
 0 69
 0 70
 0 71
 0 72
 0 73
 0 74
 0 75
 0 76
 0 77
 0 78
 0 79
 0 80
 0 81
 0 82
 0 83
 0 84
 0 85
 0 86
 0 87
 3 88
 3 89
 4 90
 26 91
 114 92
 127 93
 178 94
 272 95
 420 96
 612 97
 699 98
 807 99
 982 100
 1191 101
 1177 102
 1216 103
 1301 104
 1387 105
 1253 106
 1304 107
 1324 108
 1369 109
 1313 110
 1229 111
 1187 112
 1107 113
 1074 114
 1012 115
 980 116
 834 117
 828 118
 776 119
 707 120
 707 121
 598 122
 573 123
 567 124
 483 125
 454 126
 445 127
 364 128
 400 129
 357 130
 271 131
 237 132
 238 133
 206 134
 206 135
 191 136
 170 137
 162 138
 150 139
 121 140
 133 141
 119 142
 112 143
 118 144
 97 145
 91 146
 94 147
 74 148
 65 149
 56 150
 74 151
 67 152
 58 153
 51 154
 49 155
 36 156
 38 157
 39 158
 37 159
 43 160
 34 161
 21 162
 27 163
 37 164
 24 165
 21 166
 20 167
 23 168
 16 169
 16 170
 12 171
 16 172
 14 173
 11 174
 13 175
 13 176
 7 177
 13 178
 15 179
 10 180
 8 181
 4 182
 4 183
 2 184
 4 185
 6 186
 4 187
 4 188
 6 189
 2 190
 4 191
 2 192
 2 193
 1 194
 3 195
 4 196
 2 197
 1 198
 2 199
 1 200
 5 201
 1 202
 3 203
 0 204
 3 205
 3 206
 0 207
 3 208
 1 209
 0 210
 0 211
 2 212
 1 213
 0 214
 0 215
 0 216
 0 217
 1 218
 1 219
 1 220
 0 221
 1 222
 0 223
 0 224
 0 225
 0 226
 0 227
 0 228
 0 229
 0 230
 0 231
 0 232
 1 233
 1 234
 0 235
 0 236
 0 237
 0 238
 0 239
 0 240
 0 241
 0 242
 0 243
 0 244
 0 245
 0 246
 0 247
 0 248
 0 249
 0 250
 0 251
 0 252
 0 253
 0 254
 0 255
 0 256
 0 257
 0 258
 0 259
 0 260
 0 261
 0 262
 0 263
 0 264
 0 265
 0 266
 0 267
 0 268
 0 269
 0 270
 0 271
 0 272
 0 273
 0 274
 0 275
 0 276
 0 277
 0 278
 0 279
 0 280
 0 281
 0 282
 0 283
 0 284
 1 285
 0 286
 0 287
 0 288
 2 289
 1 290
 1 291
 0 292
 0 293
 0 294
 0 295
 0 296
 3 297
 2 298
 0 299
 0 300
 1 301
 1 302
 1 303
 0 304
 0 305
 2 306
 0 307
 2 308
 0 309
 1 310
 0 311
 2 312
 1 313
 1 314
 1 315
 4 316
 0 317
 2 318
 1 319
 6 320
 1 321
 4 322
 2 323
 2 324
 2 325
 2 326
 2 327
 1 328
 3 329
 5 330
 0 331
 1 332
 1 333
 2 334
 3 335
 3 336
 2 337
 3 338
 3 339
 2 340
 2 341
 3 342
 2 343
 2 344
 1 345
 2 346
 3 347
 3 348
 0 349
 1 350
 2 351
 1 352
 0 353
 1 354
 3 355
 2 356
 3 357
 0 358
 3 359
 0 360
 0 361
 1 362
 1 363
 0 364
 1 365
 0 366
 1 367
 1 368
 1 369
 1 370
 1 371
 1 372
 3 373
 1 374
 1 375
 2 376
 2 377
 0 378
 1 379
 0 380
 0 381
 3 382
 4 383
 1 384
 2 385
 0 386
 1 387
 0 388
 1 389
 0 390
 0 391
 0 392
 0 393
 0 394
 1 395
 0 396
 0 397
 0 398
 0 399
 0 400
 0 401
 0 402
 0 403
 2 404
 1 405
 0 406
 0 407
 0 408
 0 409
 1 410
 0 411
 0 412
 0 413
 0 414
 0 415
 0 416
 0 417
 0 418
 0 419
 0 420
 0 421
 0 422
 0 423
 0 424
 0 425
 0 426
 0 427
 0 428
 0 429
 0 430
 0 431
 0 432
 0 433
 0 434
 0 435
 0 436
 0 437
 0 438
 0 439
 0 440
 0 441
 0 442
 0 443
 0 444
 0 445
 0 446
 0 447
 0 448
 0 449
 0 450
 0 451
 0 452
 0 453
 0 454
 0 455
 0 456
 0 457
 0 458
 0 459
 0 460
 0 461
 0 462
 0 463
 0 464
 0 465
 0 466
 0 467
 0 468
 0 469
 0 470
 0 471
 0 472
 0 473
 0 474
 0 475
 0 476
 0 477
 0 478
 0 479
 0 480
 0 481
 0 482
 0 483
 0 484
 0 485
 0 486
 0 487
 0 488
 0 489
 0 490
 0 491
 0 492
 0 493
 0 494
 0 495
 0 496
 0 497
 0 498
 0 499
 0 500
 0 501
 0 502
 0 503
 0 504
 0 505
 0 506
 0 507
 0 508
 0 509
 0 510
 0 511
 0 512
 0 513
 0 514
 0 515
 0 516
 0 517
 0 518
 0 519
 0 520
 0 521
 0 522
 0 523
 0 524
 0 525
 0 526
 0 527
 0 528
 0 529
 0 530
 0 531
 0 532
 0 533
 0 534
 0 535
 0 536
 0 537
 0 538
 0 539
 0 540
 0 541
 0 542
 0 543
 0 544
 0 545
 0 546
 0 547
 0 548
 0 549
 0 550
 0 551
 0 552
 0 553
 0 554
 0 555
 0 556
 0 557
 0 558
 0 559
 0 560
 0 561
 0 562
 0 563
 0 564
 0 565
 0 566
 0 567
 0 568
 0 569
 0 570
 0 571
 0 572
 0 573
 0 574
 0 575
 0 576
 0 577
 0 578
 0 579
 0 580
 0 581
 0 582
 0 583
 0 584
 0 585
 0 586
 0 587
 0 588
 0 589
 0 590
 0 591
 0 592
 0 593
 0 594
 0 595
 0 596
 0 597
 0 598
 0 599
 0 600


