# Created by Octave 3.8.2, Sun Jun 21 02:05:19 2020 CEST <damian@fptrucha.inv.usc.es>
# name: hd
# type: matrix
# rows: 551
# columns: 2
 0 50
 0 51
 0 52
 0 53
 0 54
 0 55
 0 56
 0 57
 0 58
 0 59
 0 60
 0 61
 0 62
 0 63
 0 64
 0 65
 0 66
 0 67
 0 68
 0 69
 0 70
 0 71
 0 72
 0 73
 0 74
 0 75
 0 76
 0 77
 0 78
 0 79
 0 80
 0 81
 0 82
 0 83
 0 84
 0 85
 0 86
 0 87
 1 88
 2 89
 8 90
 19 91
 59 92
 83 93
 107 94
 141 95
 255 96
 351 97
 470 98
 503 99
 601 100
 693 101
 680 102
 791 103
 792 104
 796 105
 845 106
 811 107
 835 108
 880 109
 802 110
 729 111
 743 112
 713 113
 660 114
 622 115
 590 116
 570 117
 541 118
 469 119
 485 120
 429 121
 389 122
 331 123
 302 124
 336 125
 265 126
 257 127
 227 128
 219 129
 227 130
 191 131
 169 132
 169 133
 130 134
 158 135
 132 136
 110 137
 99 138
 83 139
 102 140
 80 141
 92 142
 60 143
 74 144
 83 145
 52 146
 53 147
 66 148
 44 149
 43 150
 50 151
 35 152
 38 153
 46 154
 23 155
 20 156
 29 157
 25 158
 37 159
 25 160
 30 161
 21 162
 24 163
 17 164
 22 165
 17 166
 11 167
 8 168
 18 169
 6 170
 18 171
 12 172
 14 173
 14 174
 12 175
 11 176
 5 177
 11 178
 6 179
 6 180
 5 181
 2 182
 8 183
 3 184
 3 185
 0 186
 5 187
 4 188
 3 189
 5 190
 4 191
 3 192
 5 193
 0 194
 1 195
 2 196
 2 197
 2 198
 3 199
 0 200
 0 201
 1 202
 2 203
 3 204
 0 205
 0 206
 0 207
 0 208
 0 209
 2 210
 1 211
 2 212
 1 213
 1 214
 0 215
 0 216
 0 217
 0 218
 0 219
 1 220
 0 221
 0 222
 1 223
 0 224
 0 225
 0 226
 0 227
 0 228
 1 229
 0 230
 0 231
 0 232
 1 233
 0 234
 0 235
 0 236
 0 237
 0 238
 0 239
 0 240
 0 241
 0 242
 0 243
 0 244
 0 245
 0 246
 0 247
 0 248
 0 249
 0 250
 0 251
 0 252
 0 253
 0 254
 0 255
 0 256
 0 257
 0 258
 0 259
 0 260
 0 261
 0 262
 0 263
 0 264
 0 265
 0 266
 0 267
 0 268
 0 269
 0 270
 0 271
 0 272
 0 273
 0 274
 1 275
 0 276
 0 277
 0 278
 2 279
 0 280
 1 281
 0 282
 0 283
 0 284
 0 285
 0 286
 0 287
 1 288
 0 289
 0 290
 1 291
 0 292
 0 293
 1 294
 1 295
 1 296
 0 297
 0 298
 1 299
 2 300
 0 301
 0 302
 0 303
 1 304
 1 305
 0 306
 0 307
 2 308
 2 309
 2 310
 1 311
 2 312
 1 313
 0 314
 4 315
 1 316
 0 317
 2 318
 1 319
 2 320
 3 321
 3 322
 1 323
 2 324
 2 325
 3 326
 2 327
 0 328
 3 329
 0 330
 3 331
 1 332
 1 333
 0 334
 4 335
 0 336
 2 337
 2 338
 1 339
 2 340
 2 341
 1 342
 3 343
 3 344
 1 345
 0 346
 3 347
 1 348
 1 349
 1 350
 1 351
 1 352
 1 353
 0 354
 0 355
 1 356
 1 357
 1 358
 1 359
 0 360
 2 361
 0 362
 1 363
 1 364
 1 365
 0 366
 0 367
 0 368
 2 369
 1 370
 0 371
 2 372
 1 373
 0 374
 0 375
 0 376
 0 377
 0 378
 1 379
 0 380
 0 381
 0 382
 0 383
 0 384
 0 385
 1 386
 1 387
 0 388
 0 389
 1 390
 0 391
 2 392
 1 393
 0 394
 0 395
 0 396
 0 397
 0 398
 0 399
 0 400
 0 401
 0 402
 0 403
 0 404
 0 405
 0 406
 0 407
 0 408
 0 409
 0 410
 0 411
 0 412
 0 413
 0 414
 0 415
 0 416
 0 417
 0 418
 0 419
 0 420
 0 421
 0 422
 0 423
 0 424
 0 425
 0 426
 0 427
 0 428
 0 429
 0 430
 0 431
 0 432
 0 433
 0 434
 0 435
 0 436
 0 437
 0 438
 0 439
 0 440
 0 441
 0 442
 0 443
 0 444
 0 445
 0 446
 0 447
 0 448
 0 449
 0 450
 0 451
 0 452
 0 453
 0 454
 0 455
 0 456
 0 457
 0 458
 0 459
 0 460
 0 461
 0 462
 0 463
 0 464
 0 465
 0 466
 0 467
 0 468
 0 469
 0 470
 0 471
 0 472
 0 473
 0 474
 0 475
 0 476
 0 477
 0 478
 0 479
 0 480
 0 481
 0 482
 0 483
 0 484
 0 485
 0 486
 0 487
 0 488
 0 489
 0 490
 0 491
 0 492
 0 493
 0 494
 0 495
 0 496
 0 497
 0 498
 0 499
 0 500
 0 501
 0 502
 0 503
 0 504
 0 505
 0 506
 0 507
 0 508
 0 509
 0 510
 0 511
 0 512
 0 513
 0 514
 0 515
 0 516
 0 517
 0 518
 0 519
 0 520
 0 521
 0 522
 0 523
 0 524
 0 525
 0 526
 0 527
 0 528
 0 529
 0 530
 0 531
 0 532
 0 533
 0 534
 0 535
 0 536
 0 537
 0 538
 0 539
 0 540
 0 541
 0 542
 0 543
 0 544
 0 545
 0 546
 0 547
 0 548
 0 549
 0 550
 0 551
 0 552
 0 553
 0 554
 0 555
 0 556
 0 557
 0 558
 0 559
 0 560
 0 561
 0 562
 0 563
 0 564
 0 565
 0 566
 0 567
 0 568
 0 569
 0 570
 0 571
 0 572
 0 573
 0 574
 0 575
 0 576
 0 577
 0 578
 0 579
 0 580
 0 581
 0 582
 0 583
 0 584
 0 585
 0 586
 0 587
 0 588
 0 589
 0 590
 0 591
 0 592
 0 593
 0 594
 0 595
 0 596
 0 597
 0 598
 0 599
 0 600


