# Created by Octave 3.8.2, Mon Jun 22 02:16:50 2020 CEST <damian@fptrucha.inv.usc.es>
# name: hd
# type: matrix
# rows: 551
# columns: 2
 0 50
 0 51
 0 52
 0 53
 0 54
 0 55
 0 56
 0 57
 0 58
 0 59
 0 60
 0 61
 0 62
 0 63
 0 64
 0 65
 0 66
 0 67
 0 68
 0 69
 0 70
 0 71
 0 72
 0 73
 0 74
 0 75
 0 76
 0 77
 0 78
 0 79
 0 80
 0 81
 0 82
 0 83
 0 84
 0 85
 1 86
 0 87
 1 88
 5 89
 8 90
 44 91
 111 92
 165 93
 191 94
 332 95
 462 96
 717 97
 922 98
 1069 99
 1287 100
 1347 101
 1495 102
 1492 103
 1566 104
 1548 105
 1494 106
 1461 107
 1491 108
 1364 109
 1320 110
 1203 111
 1191 112
 1033 113
 962 114
 933 115
 899 116
 751 117
 722 118
 610 119
 582 120
 495 121
 481 122
 477 123
 431 124
 344 125
 343 126
 316 127
 238 128
 253 129
 262 130
 189 131
 212 132
 199 133
 166 134
 158 135
 140 136
 123 137
 130 138
 113 139
 96 140
 105 141
 99 142
 81 143
 88 144
 76 145
 75 146
 57 147
 66 148
 45 149
 69 150
 43 151
 65 152
 43 153
 41 154
 58 155
 41 156
 34 157
 47 158
 29 159
 24 160
 26 161
 18 162
 32 163
 18 164
 13 165
 22 166
 20 167
 17 168
 17 169
 16 170
 21 171
 12 172
 11 173
 12 174
 12 175
 9 176
 6 177
 6 178
 10 179
 9 180
 9 181
 9 182
 7 183
 5 184
 3 185
 6 186
 11 187
 4 188
 0 189
 3 190
 3 191
 3 192
 1 193
 1 194
 2 195
 2 196
 3 197
 1 198
 1 199
 3 200
 1 201
 1 202
 1 203
 1 204
 1 205
 0 206
 1 207
 3 208
 0 209
 1 210
 1 211
 0 212
 0 213
 0 214
 0 215
 1 216
 0 217
 0 218
 0 219
 0 220
 0 221
 0 222
 0 223
 0 224
 0 225
 0 226
 1 227
 0 228
 0 229
 0 230
 0 231
 0 232
 0 233
 0 234
 0 235
 0 236
 0 237
 0 238
 0 239
 0 240
 0 241
 0 242
 0 243
 0 244
 0 245
 0 246
 0 247
 0 248
 0 249
 0 250
 0 251
 0 252
 0 253
 0 254
 0 255
 0 256
 0 257
 0 258
 0 259
 0 260
 0 261
 0 262
 0 263
 0 264
 0 265
 0 266
 0 267
 1 268
 0 269
 1 270
 0 271
 0 272
 0 273
 0 274
 0 275
 1 276
 0 277
 0 278
 0 279
 1 280
 0 281
 1 282
 0 283
 0 284
 1 285
 0 286
 1 287
 0 288
 1 289
 0 290
 0 291
 0 292
 1 293
 2 294
 0 295
 1 296
 0 297
 0 298
 1 299
 0 300
 3 301
 0 302
 0 303
 1 304
 0 305
 3 306
 4 307
 2 308
 3 309
 4 310
 1 311
 2 312
 0 313
 1 314
 0 315
 2 316
 1 317
 2 318
 2 319
 1 320
 1 321
 2 322
 1 323
 2 324
 4 325
 2 326
 0 327
 2 328
 2 329
 4 330
 2 331
 1 332
 1 333
 3 334
 1 335
 5 336
 5 337
 2 338
 0 339
 2 340
 2 341
 2 342
 2 343
 1 344
 2 345
 3 346
 1 347
 1 348
 2 349
 2 350
 1 351
 0 352
 1 353
 1 354
 1 355
 1 356
 0 357
 0 358
 1 359
 1 360
 1 361
 0 362
 2 363
 2 364
 0 365
 1 366
 1 367
 0 368
 0 369
 0 370
 2 371
 0 372
 1 373
 0 374
 0 375
 1 376
 0 377
 0 378
 0 379
 0 380
 1 381
 0 382
 0 383
 0 384
 0 385
 0 386
 0 387
 0 388
 0 389
 0 390
 0 391
 0 392
 0 393
 0 394
 0 395
 0 396
 0 397
 0 398
 0 399
 0 400
 0 401
 0 402
 1 403
 1 404
 0 405
 0 406
 0 407
 0 408
 0 409
 0 410
 0 411
 0 412
 0 413
 0 414
 0 415
 0 416
 0 417
 0 418
 0 419
 0 420
 0 421
 0 422
 0 423
 0 424
 0 425
 0 426
 0 427
 0 428
 0 429
 0 430
 0 431
 0 432
 0 433
 0 434
 0 435
 0 436
 0 437
 0 438
 0 439
 0 440
 0 441
 1 442
 0 443
 0 444
 0 445
 0 446
 0 447
 0 448
 0 449
 0 450
 0 451
 0 452
 0 453
 0 454
 0 455
 0 456
 0 457
 0 458
 0 459
 0 460
 0 461
 0 462
 0 463
 0 464
 0 465
 0 466
 0 467
 0 468
 0 469
 0 470
 0 471
 0 472
 0 473
 0 474
 0 475
 0 476
 0 477
 0 478
 0 479
 0 480
 0 481
 0 482
 0 483
 0 484
 0 485
 0 486
 0 487
 0 488
 0 489
 0 490
 0 491
 0 492
 0 493
 0 494
 0 495
 0 496
 0 497
 0 498
 0 499
 0 500
 0 501
 0 502
 0 503
 0 504
 0 505
 0 506
 0 507
 0 508
 0 509
 0 510
 0 511
 0 512
 0 513
 0 514
 0 515
 0 516
 0 517
 0 518
 0 519
 0 520
 0 521
 0 522
 0 523
 0 524
 0 525
 0 526
 0 527
 0 528
 0 529
 0 530
 0 531
 0 532
 0 533
 0 534
 0 535
 0 536
 0 537
 0 538
 0 539
 0 540
 0 541
 0 542
 0 543
 0 544
 0 545
 0 546
 0 547
 0 548
 0 549
 0 550
 0 551
 0 552
 0 553
 0 554
 0 555
 0 556
 0 557
 0 558
 0 559
 0 560
 0 561
 0 562
 0 563
 0 564
 0 565
 0 566
 0 567
 0 568
 0 569
 0 570
 0 571
 0 572
 0 573
 0 574
 0 575
 0 576
 0 577
 0 578
 0 579
 0 580
 0 581
 0 582
 0 583
 0 584
 0 585
 0 586
 0 587
 0 588
 0 589
 0 590
 0 591
 0 592
 0 593
 0 594
 0 595
 0 596
 0 597
 0 598
 0 599
 0 600


