# Created by Octave 3.8.2, Sun Jun 21 01:14:19 2020 CEST <damian@fptrucha.inv.usc.es>
# name: hd
# type: matrix
# rows: 551
# columns: 2
 0 50
 0 51
 0 52
 0 53
 0 54
 0 55
 0 56
 0 57
 0 58
 0 59
 0 60
 0 61
 0 62
 0 63
 0 64
 0 65
 0 66
 0 67
 0 68
 0 69
 0 70
 0 71
 0 72
 0 73
 0 74
 0 75
 0 76
 0 77
 0 78
 0 79
 0 80
 0 81
 0 82
 0 83
 0 84
 0 85
 0 86
 0 87
 3 88
 2 89
 8 90
 26 91
 87 92
 126 93
 178 94
 259 95
 379 96
 544 97
 686 98
 769 99
 893 100
 1039 101
 1077 102
 1093 103
 1220 104
 1219 105
 1267 106
 1239 107
 1291 108
 1268 109
 1276 110
 1087 111
 1107 112
 1068 113
 1058 114
 1038 115
 893 116
 824 117
 869 118
 726 119
 702 120
 670 121
 616 122
 611 123
 523 124
 541 125
 456 126
 450 127
 370 128
 379 129
 322 130
 272 131
 281 132
 253 133
 234 134
 220 135
 217 136
 157 137
 156 138
 196 139
 145 140
 127 141
 131 142
 132 143
 122 144
 104 145
 75 146
 74 147
 83 148
 86 149
 85 150
 68 151
 63 152
 41 153
 64 154
 52 155
 46 156
 54 157
 53 158
 43 159
 35 160
 27 161
 50 162
 37 163
 24 164
 32 165
 31 166
 33 167
 24 168
 19 169
 16 170
 22 171
 24 172
 9 173
 10 174
 11 175
 4 176
 15 177
 12 178
 13 179
 11 180
 10 181
 12 182
 6 183
 4 184
 5 185
 2 186
 13 187
 4 188
 6 189
 5 190
 4 191
 2 192
 1 193
 4 194
 2 195
 3 196
 2 197
 5 198
 1 199
 1 200
 2 201
 2 202
 2 203
 0 204
 4 205
 2 206
 0 207
 0 208
 0 209
 1 210
 1 211
 1 212
 0 213
 1 214
 0 215
 0 216
 0 217
 1 218
 0 219
 1 220
 0 221
 0 222
 0 223
 2 224
 0 225
 0 226
 0 227
 0 228
 0 229
 0 230
 0 231
 0 232
 0 233
 0 234
 1 235
 0 236
 0 237
 0 238
 0 239
 0 240
 0 241
 0 242
 0 243
 0 244
 0 245
 0 246
 0 247
 0 248
 0 249
 0 250
 0 251
 1 252
 0 253
 0 254
 0 255
 0 256
 0 257
 0 258
 0 259
 0 260
 0 261
 0 262
 0 263
 0 264
 0 265
 0 266
 0 267
 0 268
 0 269
 0 270
 0 271
 0 272
 0 273
 0 274
 0 275
 0 276
 0 277
 1 278
 0 279
 0 280
 0 281
 0 282
 0 283
 1 284
 0 285
 0 286
 1 287
 0 288
 2 289
 1 290
 0 291
 0 292
 0 293
 0 294
 0 295
 1 296
 0 297
 0 298
 0 299
 1 300
 1 301
 0 302
 0 303
 0 304
 1 305
 4 306
 0 307
 3 308
 1 309
 2 310
 2 311
 2 312
 1 313
 0 314
 2 315
 2 316
 1 317
 0 318
 1 319
 2 320
 4 321
 2 322
 0 323
 3 324
 0 325
 1 326
 4 327
 5 328
 2 329
 2 330
 1 331
 5 332
 4 333
 5 334
 1 335
 4 336
 1 337
 4 338
 1 339
 0 340
 1 341
 2 342
 1 343
 6 344
 1 345
 2 346
 2 347
 2 348
 1 349
 0 350
 1 351
 2 352
 4 353
 1 354
 1 355
 1 356
 1 357
 5 358
 2 359
 0 360
 3 361
 1 362
 0 363
 1 364
 1 365
 2 366
 3 367
 3 368
 0 369
 0 370
 0 371
 0 372
 1 373
 1 374
 1 375
 1 376
 2 377
 2 378
 0 379
 0 380
 1 381
 1 382
 1 383
 0 384
 0 385
 0 386
 0 387
 0 388
 0 389
 2 390
 0 391
 1 392
 0 393
 0 394
 2 395
 0 396
 0 397
 0 398
 0 399
 0 400
 0 401
 0 402
 0 403
 0 404
 0 405
 0 406
 0 407
 0 408
 0 409
 0 410
 0 411
 0 412
 2 413
 0 414
 0 415
 0 416
 0 417
 0 418
 0 419
 0 420
 0 421
 0 422
 0 423
 0 424
 0 425
 0 426
 0 427
 0 428
 0 429
 0 430
 0 431
 0 432
 0 433
 0 434
 0 435
 0 436
 0 437
 0 438
 0 439
 0 440
 0 441
 0 442
 0 443
 0 444
 0 445
 0 446
 0 447
 0 448
 0 449
 0 450
 0 451
 0 452
 0 453
 0 454
 0 455
 0 456
 0 457
 0 458
 0 459
 0 460
 0 461
 0 462
 0 463
 0 464
 0 465
 0 466
 0 467
 0 468
 0 469
 0 470
 0 471
 0 472
 0 473
 0 474
 0 475
 0 476
 0 477
 0 478
 0 479
 0 480
 0 481
 0 482
 0 483
 0 484
 0 485
 0 486
 0 487
 0 488
 0 489
 0 490
 0 491
 0 492
 0 493
 0 494
 0 495
 0 496
 0 497
 0 498
 0 499
 0 500
 0 501
 0 502
 0 503
 0 504
 0 505
 0 506
 0 507
 0 508
 0 509
 0 510
 0 511
 0 512
 0 513
 0 514
 0 515
 0 516
 0 517
 0 518
 0 519
 0 520
 0 521
 0 522
 0 523
 0 524
 0 525
 0 526
 0 527
 0 528
 0 529
 0 530
 0 531
 0 532
 0 533
 0 534
 0 535
 0 536
 0 537
 0 538
 0 539
 0 540
 0 541
 0 542
 0 543
 0 544
 0 545
 0 546
 0 547
 0 548
 0 549
 0 550
 0 551
 0 552
 0 553
 0 554
 0 555
 0 556
 0 557
 0 558
 0 559
 0 560
 0 561
 0 562
 0 563
 0 564
 0 565
 0 566
 0 567
 0 568
 0 569
 0 570
 0 571
 0 572
 0 573
 0 574
 0 575
 0 576
 0 577
 0 578
 0 579
 0 580
 0 581
 0 582
 0 583
 0 584
 0 585
 0 586
 0 587
 0 588
 0 589
 0 590
 0 591
 0 592
 0 593
 0 594
 0 595
 0 596
 0 597
 0 598
 0 599
 0 600


