# Created by Octave 3.8.2, Mon Jun 22 12:36:37 2020 CEST <damian@fptrucha.inv.usc.es>
# name: hd
# type: matrix
# rows: 551
# columns: 2
 0 50
 0 51
 0 52
 0 53
 0 54
 0 55
 0 56
 0 57
 0 58
 0 59
 0 60
 0 61
 0 62
 0 63
 0 64
 0 65
 0 66
 0 67
 0 68
 0 69
 0 70
 0 71
 0 72
 0 73
 0 74
 0 75
 0 76
 0 77
 0 78
 0 79
 0 80
 0 81
 0 82
 0 83
 0 84
 0 85
 0 86
 0 87
 1 88
 1 89
 2 90
 21 91
 75 92
 113 93
 164 94
 223 95
 440 96
 577 97
 790 98
 978 99
 1158 100
 1287 101
 1317 102
 1430 103
 1425 104
 1536 105
 1480 106
 1493 107
 1372 108
 1305 109
 1260 110
 1242 111
 1135 112
 1099 113
 946 114
 921 115
 876 116
 760 117
 697 118
 655 119
 614 120
 537 121
 526 122
 482 123
 434 124
 406 125
 357 126
 345 127
 293 128
 289 129
 252 130
 257 131
 227 132
 217 133
 165 134
 194 135
 169 136
 154 137
 172 138
 151 139
 122 140
 134 141
 101 142
 91 143
 107 144
 87 145
 81 146
 94 147
 73 148
 77 149
 77 150
 46 151
 60 152
 49 153
 61 154
 57 155
 42 156
 70 157
 45 158
 33 159
 30 160
 33 161
 32 162
 31 163
 29 164
 39 165
 28 166
 20 167
 18 168
 26 169
 20 170
 17 171
 15 172
 19 173
 11 174
 10 175
 13 176
 10 177
 4 178
 8 179
 10 180
 6 181
 3 182
 12 183
 4 184
 8 185
 7 186
 8 187
 7 188
 5 189
 7 190
 7 191
 4 192
 6 193
 4 194
 3 195
 2 196
 3 197
 5 198
 2 199
 3 200
 1 201
 1 202
 0 203
 2 204
 0 205
 0 206
 0 207
 1 208
 2 209
 2 210
 1 211
 1 212
 1 213
 2 214
 1 215
 1 216
 3 217
 0 218
 0 219
 0 220
 0 221
 0 222
 1 223
 0 224
 1 225
 0 226
 0 227
 0 228
 0 229
 0 230
 0 231
 0 232
 0 233
 0 234
 0 235
 0 236
 0 237
 0 238
 0 239
 0 240
 0 241
 0 242
 0 243
 0 244
 0 245
 0 246
 0 247
 0 248
 0 249
 0 250
 0 251
 1 252
 0 253
 0 254
 0 255
 0 256
 0 257
 0 258
 0 259
 0 260
 0 261
 0 262
 0 263
 0 264
 0 265
 0 266
 0 267
 0 268
 0 269
 0 270
 1 271
 0 272
 0 273
 0 274
 2 275
 0 276
 0 277
 1 278
 0 279
 2 280
 0 281
 0 282
 0 283
 0 284
 2 285
 1 286
 0 287
 0 288
 1 289
 0 290
 0 291
 0 292
 2 293
 4 294
 5 295
 3 296
 2 297
 0 298
 3 299
 1 300
 5 301
 2 302
 1 303
 2 304
 0 305
 4 306
 3 307
 2 308
 5 309
 4 310
 1 311
 3 312
 2 313
 3 314
 1 315
 1 316
 1 317
 1 318
 0 319
 3 320
 5 321
 0 322
 5 323
 4 324
 1 325
 7 326
 2 327
 2 328
 5 329
 4 330
 6 331
 3 332
 6 333
 2 334
 0 335
 1 336
 4 337
 0 338
 3 339
 3 340
 2 341
 2 342
 2 343
 2 344
 2 345
 4 346
 2 347
 3 348
 1 349
 2 350
 4 351
 2 352
 2 353
 4 354
 0 355
 0 356
 1 357
 0 358
 2 359
 4 360
 0 361
 1 362
 0 363
 0 364
 2 365
 2 366
 0 367
 2 368
 0 369
 2 370
 1 371
 0 372
 2 373
 0 374
 0 375
 1 376
 1 377
 0 378
 3 379
 0 380
 2 381
 1 382
 0 383
 1 384
 0 385
 0 386
 0 387
 0 388
 0 389
 0 390
 0 391
 0 392
 0 393
 0 394
 0 395
 1 396
 0 397
 0 398
 0 399
 0 400
 0 401
 0 402
 0 403
 0 404
 0 405
 0 406
 1 407
 0 408
 0 409
 0 410
 0 411
 0 412
 0 413
 0 414
 0 415
 0 416
 0 417
 0 418
 0 419
 0 420
 0 421
 0 422
 0 423
 0 424
 0 425
 0 426
 0 427
 1 428
 0 429
 0 430
 0 431
 0 432
 0 433
 0 434
 0 435
 0 436
 0 437
 0 438
 0 439
 0 440
 0 441
 0 442
 0 443
 0 444
 0 445
 0 446
 0 447
 0 448
 0 449
 0 450
 0 451
 0 452
 0 453
 0 454
 0 455
 0 456
 0 457
 0 458
 0 459
 0 460
 0 461
 0 462
 0 463
 0 464
 0 465
 0 466
 0 467
 0 468
 0 469
 0 470
 0 471
 0 472
 0 473
 0 474
 0 475
 0 476
 0 477
 0 478
 0 479
 0 480
 0 481
 0 482
 0 483
 0 484
 0 485
 0 486
 0 487
 0 488
 0 489
 0 490
 0 491
 0 492
 0 493
 0 494
 0 495
 0 496
 0 497
 0 498
 0 499
 0 500
 0 501
 0 502
 0 503
 0 504
 0 505
 0 506
 0 507
 0 508
 0 509
 0 510
 0 511
 0 512
 0 513
 0 514
 0 515
 0 516
 0 517
 0 518
 0 519
 0 520
 0 521
 0 522
 0 523
 0 524
 0 525
 0 526
 0 527
 0 528
 0 529
 0 530
 0 531
 0 532
 0 533
 0 534
 0 535
 0 536
 0 537
 0 538
 0 539
 0 540
 0 541
 0 542
 0 543
 0 544
 0 545
 0 546
 0 547
 0 548
 0 549
 0 550
 0 551
 0 552
 0 553
 0 554
 0 555
 0 556
 0 557
 0 558
 0 559
 0 560
 0 561
 0 562
 0 563
 0 564
 0 565
 0 566
 0 567
 0 568
 0 569
 0 570
 0 571
 0 572
 0 573
 0 574
 0 575
 0 576
 0 577
 0 578
 0 579
 0 580
 0 581
 0 582
 0 583
 0 584
 0 585
 0 586
 0 587
 0 588
 0 589
 0 590
 0 591
 0 592
 0 593
 0 594
 0 595
 0 596
 0 597
 0 598
 0 599
 0 600


