# Created by Octave 3.8.2, Mon Jun 22 10:55:29 2020 CEST <damian@fptrucha.inv.usc.es>
# name: hd
# type: matrix
# rows: 551
# columns: 2
 0 50
 0 51
 0 52
 0 53
 0 54
 0 55
 0 56
 0 57
 0 58
 0 59
 0 60
 0 61
 0 62
 0 63
 0 64
 0 65
 0 66
 0 67
 0 68
 0 69
 0 70
 0 71
 0 72
 0 73
 0 74
 0 75
 0 76
 0 77
 0 78
 0 79
 0 80
 0 81
 0 82
 0 83
 0 84
 0 85
 0 86
 0 87
 0 88
 2 89
 1 90
 12 91
 60 92
 76 93
 108 94
 176 95
 295 96
 439 97
 551 98
 664 99
 789 100
 895 101
 921 102
 984 103
 970 104
 982 105
 1011 106
 969 107
 920 108
 883 109
 843 110
 821 111
 776 112
 729 113
 660 114
 646 115
 546 116
 537 117
 462 118
 457 119
 383 120
 343 121
 309 122
 292 123
 274 124
 256 125
 214 126
 215 127
 198 128
 186 129
 173 130
 150 131
 127 132
 119 133
 122 134
 94 135
 106 136
 94 137
 103 138
 85 139
 87 140
 62 141
 66 142
 57 143
 64 144
 51 145
 39 146
 47 147
 38 148
 46 149
 55 150
 29 151
 45 152
 34 153
 40 154
 37 155
 27 156
 28 157
 22 158
 21 159
 38 160
 33 161
 25 162
 16 163
 20 164
 18 165
 17 166
 14 167
 9 168
 12 169
 17 170
 19 171
 12 172
 8 173
 5 174
 6 175
 9 176
 16 177
 8 178
 9 179
 8 180
 1 181
 4 182
 6 183
 5 184
 5 185
 3 186
 5 187
 1 188
 2 189
 2 190
 2 191
 4 192
 6 193
 6 194
 2 195
 0 196
 1 197
 4 198
 0 199
 0 200
 1 201
 1 202
 0 203
 1 204
 2 205
 2 206
 0 207
 0 208
 2 209
 0 210
 0 211
 1 212
 0 213
 0 214
 0 215
 1 216
 0 217
 0 218
 0 219
 0 220
 1 221
 0 222
 0 223
 0 224
 1 225
 0 226
 0 227
 0 228
 0 229
 0 230
 0 231
 0 232
 0 233
 0 234
 0 235
 0 236
 0 237
 0 238
 0 239
 0 240
 0 241
 1 242
 0 243
 0 244
 0 245
 0 246
 0 247
 0 248
 0 249
 0 250
 0 251
 0 252
 0 253
 0 254
 0 255
 0 256
 0 257
 0 258
 0 259
 0 260
 0 261
 0 262
 0 263
 0 264
 1 265
 0 266
 0 267
 0 268
 0 269
 0 270
 0 271
 0 272
 0 273
 0 274
 0 275
 0 276
 0 277
 1 278
 0 279
 0 280
 0 281
 1 282
 0 283
 1 284
 1 285
 0 286
 0 287
 1 288
 0 289
 2 290
 1 291
 4 292
 2 293
 0 294
 0 295
 1 296
 3 297
 3 298
 0 299
 1 300
 0 301
 1 302
 2 303
 0 304
 2 305
 0 306
 3 307
 2 308
 1 309
 2 310
 2 311
 0 312
 3 313
 2 314
 1 315
 0 316
 1 317
 4 318
 2 319
 1 320
 0 321
 2 322
 2 323
 5 324
 1 325
 1 326
 1 327
 1 328
 0 329
 0 330
 3 331
 0 332
 1 333
 1 334
 1 335
 0 336
 1 337
 0 338
 1 339
 1 340
 1 341
 2 342
 1 343
 3 344
 3 345
 3 346
 1 347
 1 348
 0 349
 1 350
 0 351
 1 352
 0 353
 2 354
 0 355
 1 356
 1 357
 2 358
 3 359
 0 360
 0 361
 2 362
 2 363
 4 364
 0 365
 2 366
 3 367
 0 368
 0 369
 0 370
 0 371
 1 372
 1 373
 0 374
 0 375
 0 376
 0 377
 0 378
 1 379
 0 380
 0 381
 0 382
 0 383
 0 384
 0 385
 0 386
 1 387
 2 388
 1 389
 0 390
 0 391
 0 392
 1 393
 1 394
 1 395
 0 396
 0 397
 0 398
 0 399
 0 400
 0 401
 0 402
 1 403
 0 404
 0 405
 0 406
 0 407
 0 408
 0 409
 0 410
 0 411
 0 412
 0 413
 0 414
 0 415
 0 416
 0 417
 0 418
 0 419
 0 420
 0 421
 0 422
 0 423
 0 424
 0 425
 0 426
 0 427
 0 428
 0 429
 0 430
 0 431
 0 432
 0 433
 0 434
 0 435
 0 436
 0 437
 0 438
 0 439
 0 440
 0 441
 0 442
 0 443
 0 444
 0 445
 0 446
 0 447
 0 448
 0 449
 0 450
 0 451
 0 452
 0 453
 0 454
 0 455
 0 456
 0 457
 0 458
 0 459
 0 460
 0 461
 0 462
 0 463
 0 464
 0 465
 0 466
 0 467
 0 468
 0 469
 0 470
 0 471
 0 472
 0 473
 0 474
 0 475
 0 476
 0 477
 0 478
 0 479
 0 480
 0 481
 0 482
 0 483
 0 484
 0 485
 0 486
 0 487
 0 488
 0 489
 0 490
 0 491
 0 492
 0 493
 0 494
 0 495
 0 496
 0 497
 0 498
 0 499
 0 500
 0 501
 0 502
 0 503
 0 504
 0 505
 0 506
 0 507
 0 508
 0 509
 0 510
 0 511
 0 512
 0 513
 0 514
 0 515
 0 516
 0 517
 0 518
 0 519
 0 520
 0 521
 0 522
 0 523
 0 524
 0 525
 0 526
 0 527
 0 528
 0 529
 0 530
 0 531
 0 532
 0 533
 0 534
 0 535
 0 536
 0 537
 0 538
 0 539
 0 540
 0 541
 0 542
 0 543
 0 544
 0 545
 0 546
 0 547
 0 548
 0 549
 0 550
 0 551
 0 552
 0 553
 0 554
 0 555
 0 556
 0 557
 0 558
 0 559
 0 560
 0 561
 0 562
 0 563
 0 564
 0 565
 0 566
 0 567
 0 568
 0 569
 0 570
 0 571
 0 572
 0 573
 0 574
 0 575
 0 576
 0 577
 0 578
 0 579
 0 580
 0 581
 0 582
 0 583
 0 584
 0 585
 0 586
 0 587
 0 588
 0 589
 0 590
 0 591
 0 592
 0 593
 0 594
 0 595
 0 596
 0 597
 0 598
 0 599
 0 600


