# Created by Octave 3.8.2, Tue Jun 23 00:11:07 2020 CEST <damian@fptrucha.inv.usc.es>
# name: hd
# type: matrix
# rows: 551
# columns: 2
 0 50
 0 51
 0 52
 0 53
 0 54
 0 55
 0 56
 0 57
 0 58
 0 59
 0 60
 0 61
 0 62
 0 63
 0 64
 0 65
 0 66
 0 67
 0 68
 0 69
 0 70
 0 71
 0 72
 0 73
 0 74
 0 75
 0 76
 0 77
 0 78
 0 79
 0 80
 0 81
 0 82
 0 83
 0 84
 0 85
 0 86
 0 87
 1 88
 1 89
 9 90
 32 91
 101 92
 154 93
 205 94
 295 95
 500 96
 701 97
 909 98
 1137 99
 1351 100
 1475 101
 1412 102
 1577 103
 1591 104
 1576 105
 1586 106
 1530 107
 1423 108
 1419 109
 1388 110
 1279 111
 1193 112
 1167 113
 1081 114
 1017 115
 900 116
 862 117
 739 118
 682 119
 636 120
 586 121
 509 122
 478 123
 445 124
 393 125
 357 126
 324 127
 294 128
 296 129
 221 130
 249 131
 224 132
 229 133
 200 134
 187 135
 166 136
 160 137
 153 138
 126 139
 130 140
 111 141
 132 142
 100 143
 102 144
 95 145
 83 146
 86 147
 72 148
 62 149
 70 150
 68 151
 82 152
 61 153
 56 154
 60 155
 50 156
 54 157
 45 158
 39 159
 44 160
 39 161
 40 162
 35 163
 34 164
 32 165
 28 166
 17 167
 31 168
 23 169
 13 170
 18 171
 13 172
 15 173
 22 174
 14 175
 15 176
 10 177
 10 178
 7 179
 14 180
 16 181
 11 182
 5 183
 10 184
 11 185
 6 186
 10 187
 3 188
 2 189
 7 190
 1 191
 3 192
 4 193
 3 194
 3 195
 4 196
 3 197
 1 198
 4 199
 1 200
 3 201
 3 202
 2 203
 2 204
 2 205
 3 206
 2 207
 1 208
 4 209
 2 210
 0 211
 0 212
 2 213
 0 214
 0 215
 0 216
 1 217
 0 218
 0 219
 0 220
 0 221
 1 222
 0 223
 0 224
 0 225
 0 226
 0 227
 1 228
 0 229
 0 230
 0 231
 1 232
 0 233
 1 234
 0 235
 0 236
 0 237
 0 238
 0 239
 0 240
 0 241
 0 242
 0 243
 0 244
 0 245
 0 246
 0 247
 0 248
 0 249
 0 250
 0 251
 0 252
 0 253
 0 254
 0 255
 0 256
 0 257
 0 258
 0 259
 0 260
 0 261
 0 262
 0 263
 0 264
 0 265
 0 266
 0 267
 0 268
 0 269
 0 270
 0 271
 0 272
 0 273
 0 274
 0 275
 0 276
 1 277
 0 278
 1 279
 0 280
 1 281
 0 282
 0 283
 1 284
 1 285
 0 286
 5 287
 0 288
 1 289
 1 290
 0 291
 0 292
 1 293
 0 294
 0 295
 0 296
 1 297
 1 298
 3 299
 2 300
 4 301
 3 302
 1 303
 3 304
 0 305
 1 306
 2 307
 3 308
 2 309
 1 310
 3 311
 2 312
 2 313
 3 314
 3 315
 2 316
 2 317
 3 318
 3 319
 1 320
 4 321
 4 322
 1 323
 3 324
 6 325
 1 326
 6 327
 2 328
 2 329
 1 330
 2 331
 4 332
 0 333
 0 334
 2 335
 4 336
 2 337
 2 338
 2 339
 3 340
 1 341
 2 342
 1 343
 2 344
 3 345
 1 346
 1 347
 2 348
 2 349
 0 350
 3 351
 1 352
 2 353
 1 354
 0 355
 1 356
 1 357
 0 358
 2 359
 0 360
 0 361
 3 362
 2 363
 1 364
 1 365
 2 366
 1 367
 2 368
 0 369
 0 370
 0 371
 0 372
 1 373
 0 374
 2 375
 1 376
 0 377
 0 378
 0 379
 1 380
 1 381
 0 382
 1 383
 1 384
 1 385
 2 386
 0 387
 0 388
 0 389
 0 390
 1 391
 0 392
 1 393
 0 394
 0 395
 0 396
 0 397
 0 398
 0 399
 1 400
 0 401
 0 402
 0 403
 0 404
 0 405
 0 406
 0 407
 0 408
 0 409
 0 410
 0 411
 0 412
 0 413
 0 414
 0 415
 0 416
 0 417
 0 418
 0 419
 0 420
 0 421
 0 422
 1 423
 0 424
 0 425
 0 426
 0 427
 0 428
 0 429
 0 430
 0 431
 0 432
 0 433
 0 434
 0 435
 0 436
 0 437
 0 438
 0 439
 0 440
 0 441
 0 442
 0 443
 0 444
 0 445
 0 446
 0 447
 0 448
 0 449
 0 450
 0 451
 0 452
 0 453
 0 454
 0 455
 0 456
 0 457
 0 458
 0 459
 0 460
 0 461
 0 462
 0 463
 0 464
 0 465
 0 466
 0 467
 0 468
 0 469
 0 470
 0 471
 0 472
 0 473
 0 474
 0 475
 0 476
 0 477
 0 478
 0 479
 0 480
 0 481
 0 482
 0 483
 0 484
 0 485
 0 486
 0 487
 0 488
 0 489
 0 490
 0 491
 0 492
 0 493
 0 494
 0 495
 0 496
 0 497
 0 498
 0 499
 0 500
 0 501
 0 502
 0 503
 0 504
 0 505
 0 506
 0 507
 0 508
 0 509
 0 510
 0 511
 0 512
 0 513
 0 514
 0 515
 0 516
 0 517
 0 518
 0 519
 0 520
 0 521
 0 522
 0 523
 0 524
 0 525
 0 526
 0 527
 0 528
 0 529
 0 530
 0 531
 0 532
 0 533
 0 534
 0 535
 0 536
 0 537
 0 538
 0 539
 0 540
 0 541
 0 542
 0 543
 0 544
 0 545
 0 546
 0 547
 0 548
 0 549
 0 550
 0 551
 0 552
 0 553
 0 554
 0 555
 0 556
 0 557
 0 558
 0 559
 0 560
 0 561
 0 562
 0 563
 0 564
 0 565
 0 566
 0 567
 0 568
 0 569
 0 570
 0 571
 0 572
 0 573
 0 574
 0 575
 0 576
 0 577
 0 578
 0 579
 0 580
 0 581
 0 582
 0 583
 0 584
 0 585
 0 586
 0 587
 0 588
 0 589
 0 590
 0 591
 0 592
 0 593
 0 594
 0 595
 0 596
 0 597
 0 598
 0 599
 0 600


