# Created by Octave 3.8.2, Mon Jun 22 19:11:17 2020 CEST <damian@fptrucha.inv.usc.es>
# name: hd
# type: matrix
# rows: 551
# columns: 2
 0 50
 0 51
 0 52
 0 53
 0 54
 0 55
 0 56
 0 57
 0 58
 0 59
 0 60
 0 61
 0 62
 0 63
 0 64
 0 65
 0 66
 0 67
 0 68
 0 69
 0 70
 0 71
 0 72
 0 73
 0 74
 0 75
 0 76
 0 77
 0 78
 0 79
 0 80
 0 81
 0 82
 0 83
 0 84
 0 85
 0 86
 0 87
 0 88
 1 89
 2 90
 15 91
 78 92
 135 93
 191 94
 296 95
 405 96
 623 97
 875 98
 1119 99
 1241 100
 1368 101
 1438 102
 1543 103
 1577 104
 1599 105
 1536 106
 1518 107
 1401 108
 1282 109
 1371 110
 1271 111
 1212 112
 1152 113
 1067 114
 970 115
 867 116
 769 117
 747 118
 685 119
 653 120
 550 121
 560 122
 471 123
 375 124
 404 125
 321 126
 334 127
 312 128
 299 129
 284 130
 249 131
 224 132
 210 133
 198 134
 180 135
 161 136
 160 137
 152 138
 142 139
 128 140
 116 141
 114 142
 98 143
 101 144
 91 145
 91 146
 69 147
 76 148
 52 149
 76 150
 66 151
 65 152
 58 153
 59 154
 54 155
 45 156
 45 157
 35 158
 42 159
 41 160
 28 161
 36 162
 34 163
 33 164
 30 165
 31 166
 22 167
 28 168
 21 169
 19 170
 17 171
 19 172
 12 173
 16 174
 14 175
 20 176
 10 177
 11 178
 16 179
 11 180
 15 181
 12 182
 9 183
 9 184
 13 185
 6 186
 11 187
 4 188
 1 189
 5 190
 4 191
 7 192
 7 193
 4 194
 5 195
 2 196
 3 197
 4 198
 6 199
 1 200
 4 201
 0 202
 6 203
 1 204
 0 205
 1 206
 4 207
 2 208
 2 209
 2 210
 1 211
 0 212
 0 213
 0 214
 2 215
 3 216
 0 217
 0 218
 0 219
 0 220
 1 221
 0 222
 0 223
 2 224
 0 225
 0 226
 1 227
 0 228
 0 229
 0 230
 1 231
 0 232
 0 233
 0 234
 0 235
 0 236
 0 237
 0 238
 0 239
 0 240
 0 241
 0 242
 0 243
 1 244
 0 245
 0 246
 0 247
 0 248
 0 249
 0 250
 0 251
 0 252
 0 253
 0 254
 0 255
 0 256
 0 257
 0 258
 0 259
 0 260
 0 261
 0 262
 0 263
 0 264
 0 265
 0 266
 0 267
 0 268
 0 269
 0 270
 0 271
 0 272
 0 273
 0 274
 0 275
 0 276
 0 277
 0 278
 1 279
 1 280
 2 281
 0 282
 0 283
 0 284
 1 285
 0 286
 4 287
 1 288
 0 289
 0 290
 1 291
 0 292
 2 293
 2 294
 0 295
 0 296
 1 297
 1 298
 1 299
 1 300
 2 301
 1 302
 1 303
 3 304
 2 305
 1 306
 0 307
 1 308
 2 309
 4 310
 1 311
 1 312
 0 313
 3 314
 3 315
 3 316
 2 317
 4 318
 5 319
 3 320
 0 321
 2 322
 2 323
 2 324
 1 325
 5 326
 7 327
 2 328
 1 329
 2 330
 5 331
 4 332
 2 333
 3 334
 0 335
 0 336
 0 337
 2 338
 0 339
 5 340
 2 341
 1 342
 1 343
 3 344
 5 345
 1 346
 0 347
 4 348
 6 349
 4 350
 2 351
 2 352
 0 353
 5 354
 5 355
 3 356
 0 357
 1 358
 1 359
 2 360
 2 361
 1 362
 2 363
 1 364
 1 365
 0 366
 0 367
 4 368
 0 369
 1 370
 2 371
 0 372
 1 373
 1 374
 2 375
 1 376
 0 377
 0 378
 1 379
 1 380
 1 381
 0 382
 1 383
 0 384
 1 385
 1 386
 0 387
 1 388
 1 389
 0 390
 0 391
 1 392
 0 393
 0 394
 1 395
 0 396
 0 397
 1 398
 1 399
 1 400
 0 401
 0 402
 0 403
 1 404
 0 405
 0 406
 0 407
 0 408
 0 409
 0 410
 0 411
 0 412
 0 413
 0 414
 0 415
 0 416
 0 417
 0 418
 0 419
 0 420
 0 421
 0 422
 0 423
 0 424
 0 425
 0 426
 0 427
 0 428
 0 429
 0 430
 0 431
 0 432
 0 433
 0 434
 0 435
 0 436
 0 437
 0 438
 0 439
 0 440
 0 441
 0 442
 0 443
 0 444
 0 445
 0 446
 0 447
 0 448
 0 449
 0 450
 0 451
 0 452
 0 453
 0 454
 0 455
 0 456
 0 457
 0 458
 0 459
 0 460
 0 461
 0 462
 0 463
 0 464
 0 465
 0 466
 0 467
 0 468
 0 469
 0 470
 0 471
 0 472
 0 473
 0 474
 0 475
 0 476
 0 477
 0 478
 0 479
 0 480
 0 481
 0 482
 0 483
 0 484
 0 485
 0 486
 0 487
 0 488
 0 489
 0 490
 0 491
 0 492
 0 493
 0 494
 0 495
 0 496
 0 497
 0 498
 0 499
 0 500
 0 501
 0 502
 0 503
 0 504
 0 505
 0 506
 0 507
 0 508
 0 509
 0 510
 0 511
 0 512
 0 513
 0 514
 0 515
 0 516
 0 517
 0 518
 0 519
 0 520
 0 521
 0 522
 0 523
 0 524
 0 525
 0 526
 0 527
 0 528
 0 529
 0 530
 0 531
 0 532
 0 533
 0 534
 0 535
 0 536
 0 537
 0 538
 0 539
 0 540
 0 541
 0 542
 0 543
 0 544
 0 545
 0 546
 0 547
 0 548
 0 549
 0 550
 0 551
 0 552
 0 553
 0 554
 0 555
 0 556
 0 557
 0 558
 0 559
 0 560
 0 561
 0 562
 0 563
 0 564
 0 565
 0 566
 0 567
 0 568
 0 569
 0 570
 0 571
 0 572
 0 573
 0 574
 0 575
 0 576
 0 577
 0 578
 0 579
 0 580
 0 581
 0 582
 0 583
 0 584
 0 585
 0 586
 0 587
 0 588
 0 589
 0 590
 0 591
 0 592
 0 593
 0 594
 0 595
 0 596
 0 597
 0 598
 0 599
 0 600


