# Created by Octave 3.8.2, Sat Jun 20 05:13:11 2020 CEST <damian@fptrucha.inv.usc.es>
# name: hd
# type: matrix
# rows: 551
# columns: 2
 0 50
 0 51
 0 52
 0 53
 0 54
 0 55
 0 56
 0 57
 0 58
 0 59
 0 60
 0 61
 0 62
 0 63
 0 64
 0 65
 0 66
 0 67
 0 68
 0 69
 0 70
 0 71
 0 72
 0 73
 0 74
 0 75
 0 76
 0 77
 0 78
 0 79
 0 80
 0 81
 0 82
 0 83
 0 84
 0 85
 0 86
 0 87
 1 88
 1 89
 4 90
 26 91
 104 92
 134 93
 184 94
 309 95
 445 96
 627 97
 790 98
 869 99
 1052 100
 1270 101
 1368 102
 1340 103
 1398 104
 1477 105
 1466 106
 1477 107
 1466 108
 1421 109
 1368 110
 1291 111
 1257 112
 1207 113
 1137 114
 1059 115
 1025 116
 955 117
 869 118
 825 119
 745 120
 736 121
 631 122
 581 123
 558 124
 536 125
 435 126
 455 127
 398 128
 362 129
 349 130
 320 131
 302 132
 276 133
 241 134
 213 135
 212 136
 207 137
 128 138
 162 139
 146 140
 169 141
 125 142
 124 143
 114 144
 90 145
 101 146
 112 147
 76 148
 69 149
 88 150
 80 151
 54 152
 67 153
 64 154
 62 155
 46 156
 60 157
 56 158
 51 159
 42 160
 33 161
 44 162
 29 163
 41 164
 35 165
 35 166
 32 167
 41 168
 30 169
 15 170
 21 171
 19 172
 22 173
 13 174
 14 175
 16 176
 17 177
 11 178
 11 179
 12 180
 7 181
 6 182
 12 183
 15 184
 8 185
 5 186
 5 187
 2 188
 3 189
 3 190
 6 191
 6 192
 5 193
 3 194
 2 195
 2 196
 1 197
 2 198
 5 199
 6 200
 0 201
 3 202
 1 203
 2 204
 1 205
 2 206
 0 207
 1 208
 2 209
 1 210
 2 211
 2 212
 1 213
 1 214
 2 215
 0 216
 0 217
 2 218
 2 219
 1 220
 0 221
 0 222
 0 223
 0 224
 1 225
 0 226
 0 227
 0 228
 0 229
 1 230
 0 231
 0 232
 0 233
 0 234
 0 235
 0 236
 0 237
 0 238
 1 239
 0 240
 0 241
 0 242
 0 243
 0 244
 0 245
 0 246
 0 247
 0 248
 0 249
 0 250
 0 251
 0 252
 0 253
 0 254
 0 255
 0 256
 0 257
 0 258
 0 259
 0 260
 0 261
 0 262
 0 263
 0 264
 0 265
 1 266
 0 267
 0 268
 0 269
 0 270
 0 271
 0 272
 0 273
 0 274
 0 275
 0 276
 0 277
 0 278
 0 279
 0 280
 1 281
 1 282
 1 283
 1 284
 0 285
 0 286
 0 287
 1 288
 1 289
 0 290
 0 291
 1 292
 1 293
 0 294
 1 295
 0 296
 1 297
 2 298
 0 299
 0 300
 1 301
 3 302
 1 303
 1 304
 0 305
 1 306
 2 307
 0 308
 3 309
 4 310
 3 311
 1 312
 1 313
 2 314
 3 315
 2 316
 2 317
 2 318
 2 319
 0 320
 0 321
 1 322
 4 323
 1 324
 0 325
 2 326
 4 327
 1 328
 8 329
 3 330
 5 331
 2 332
 0 333
 0 334
 1 335
 3 336
 3 337
 2 338
 2 339
 2 340
 1 341
 1 342
 2 343
 3 344
 1 345
 4 346
 0 347
 2 348
 2 349
 0 350
 2 351
 0 352
 2 353
 1 354
 1 355
 3 356
 2 357
 0 358
 2 359
 2 360
 2 361
 0 362
 1 363
 1 364
 0 365
 0 366
 1 367
 2 368
 1 369
 1 370
 3 371
 1 372
 1 373
 1 374
 3 375
 1 376
 0 377
 2 378
 1 379
 0 380
 1 381
 1 382
 0 383
 0 384
 0 385
 2 386
 1 387
 0 388
 1 389
 2 390
 1 391
 0 392
 0 393
 1 394
 1 395
 1 396
 0 397
 0 398
 0 399
 0 400
 0 401
 0 402
 0 403
 0 404
 0 405
 0 406
 0 407
 2 408
 1 409
 0 410
 0 411
 0 412
 0 413
 0 414
 0 415
 0 416
 0 417
 0 418
 0 419
 0 420
 0 421
 0 422
 0 423
 0 424
 0 425
 0 426
 0 427
 0 428
 0 429
 0 430
 0 431
 0 432
 0 433
 0 434
 0 435
 0 436
 0 437
 0 438
 0 439
 0 440
 0 441
 0 442
 0 443
 0 444
 0 445
 0 446
 0 447
 0 448
 0 449
 0 450
 0 451
 0 452
 0 453
 0 454
 0 455
 0 456
 0 457
 0 458
 0 459
 0 460
 0 461
 0 462
 0 463
 0 464
 0 465
 0 466
 0 467
 0 468
 0 469
 0 470
 0 471
 0 472
 0 473
 0 474
 0 475
 0 476
 0 477
 0 478
 0 479
 0 480
 0 481
 0 482
 0 483
 0 484
 0 485
 0 486
 0 487
 0 488
 0 489
 0 490
 0 491
 0 492
 0 493
 0 494
 0 495
 0 496
 0 497
 0 498
 0 499
 0 500
 0 501
 0 502
 0 503
 0 504
 0 505
 0 506
 0 507
 0 508
 0 509
 0 510
 0 511
 0 512
 0 513
 0 514
 0 515
 0 516
 0 517
 0 518
 0 519
 0 520
 0 521
 0 522
 0 523
 0 524
 0 525
 0 526
 0 527
 0 528
 0 529
 0 530
 0 531
 0 532
 0 533
 0 534
 0 535
 0 536
 0 537
 0 538
 0 539
 0 540
 0 541
 0 542
 0 543
 0 544
 0 545
 0 546
 0 547
 0 548
 0 549
 0 550
 0 551
 0 552
 0 553
 0 554
 0 555
 0 556
 0 557
 0 558
 0 559
 0 560
 0 561
 0 562
 0 563
 0 564
 0 565
 0 566
 0 567
 0 568
 0 569
 0 570
 0 571
 0 572
 0 573
 0 574
 0 575
 0 576
 0 577
 0 578
 0 579
 0 580
 0 581
 0 582
 0 583
 0 584
 0 585
 0 586
 0 587
 0 588
 0 589
 0 590
 0 591
 0 592
 0 593
 0 594
 0 595
 0 596
 0 597
 0 598
 0 599
 0 600


