# Created by Octave 3.8.2, Sat Jun 20 22:11:52 2020 CEST <damian@fptrucha.inv.usc.es>
# name: hd
# type: matrix
# rows: 551
# columns: 2
 0 50
 0 51
 0 52
 0 53
 0 54
 0 55
 0 56
 0 57
 0 58
 0 59
 0 60
 0 61
 0 62
 0 63
 0 64
 0 65
 0 66
 0 67
 0 68
 0 69
 0 70
 0 71
 0 72
 0 73
 0 74
 0 75
 0 76
 0 77
 0 78
 0 79
 0 80
 0 81
 0 82
 0 83
 0 84
 0 85
 0 86
 0 87
 3 88
 4 89
 9 90
 36 91
 84 92
 127 93
 150 94
 265 95
 406 96
 540 97
 731 98
 852 99
 936 100
 1038 101
 1180 102
 1196 103
 1280 104
 1299 105
 1301 106
 1304 107
 1317 108
 1263 109
 1256 110
 1166 111
 1178 112
 1116 113
 1046 114
 1038 115
 893 116
 841 117
 827 118
 707 119
 649 120
 622 121
 573 122
 540 123
 524 124
 490 125
 419 126
 372 127
 354 128
 321 129
 283 130
 262 131
 261 132
 228 133
 215 134
 207 135
 187 136
 183 137
 178 138
 136 139
 125 140
 136 141
 143 142
 95 143
 115 144
 89 145
 67 146
 86 147
 70 148
 69 149
 65 150
 61 151
 61 152
 60 153
 48 154
 49 155
 51 156
 37 157
 39 158
 36 159
 35 160
 40 161
 27 162
 30 163
 36 164
 20 165
 28 166
 21 167
 22 168
 17 169
 20 170
 18 171
 20 172
 14 173
 16 174
 15 175
 9 176
 11 177
 3 178
 14 179
 9 180
 6 181
 6 182
 7 183
 4 184
 3 185
 5 186
 7 187
 4 188
 5 189
 4 190
 3 191
 1 192
 1 193
 2 194
 1 195
 3 196
 1 197
 2 198
 2 199
 1 200
 1 201
 3 202
 2 203
 2 204
 2 205
 2 206
 0 207
 1 208
 3 209
 1 210
 0 211
 0 212
 0 213
 0 214
 0 215
 0 216
 0 217
 0 218
 0 219
 2 220
 0 221
 0 222
 0 223
 0 224
 0 225
 0 226
 0 227
 0 228
 0 229
 1 230
 0 231
 0 232
 0 233
 0 234
 0 235
 0 236
 0 237
 0 238
 0 239
 0 240
 0 241
 0 242
 0 243
 0 244
 0 245
 0 246
 0 247
 0 248
 0 249
 0 250
 0 251
 0 252
 0 253
 0 254
 0 255
 0 256
 0 257
 0 258
 0 259
 0 260
 0 261
 0 262
 0 263
 0 264
 0 265
 0 266
 0 267
 0 268
 1 269
 0 270
 0 271
 1 272
 0 273
 0 274
 0 275
 0 276
 0 277
 0 278
 0 279
 1 280
 0 281
 1 282
 0 283
 0 284
 1 285
 0 286
 0 287
 2 288
 2 289
 0 290
 0 291
 0 292
 0 293
 1 294
 1 295
 5 296
 1 297
 0 298
 2 299
 1 300
 2 301
 2 302
 2 303
 1 304
 1 305
 2 306
 2 307
 4 308
 2 309
 3 310
 0 311
 2 312
 0 313
 2 314
 3 315
 2 316
 3 317
 0 318
 1 319
 1 320
 2 321
 1 322
 4 323
 4 324
 3 325
 1 326
 1 327
 4 328
 1 329
 2 330
 1 331
 2 332
 1 333
 3 334
 4 335
 4 336
 2 337
 2 338
 3 339
 4 340
 1 341
 1 342
 3 343
 1 344
 1 345
 3 346
 0 347
 1 348
 2 349
 3 350
 3 351
 0 352
 4 353
 2 354
 0 355
 2 356
 2 357
 1 358
 4 359
 2 360
 1 361
 2 362
 1 363
 0 364
 1 365
 1 366
 3 367
 0 368
 2 369
 0 370
 0 371
 0 372
 0 373
 0 374
 0 375
 1 376
 1 377
 0 378
 1 379
 1 380
 0 381
 1 382
 2 383
 1 384
 0 385
 0 386
 1 387
 1 388
 2 389
 0 390
 1 391
 1 392
 0 393
 0 394
 0 395
 0 396
 0 397
 1 398
 0 399
 0 400
 0 401
 0 402
 1 403
 1 404
 0 405
 1 406
 0 407
 0 408
 0 409
 0 410
 0 411
 0 412
 0 413
 0 414
 0 415
 0 416
 0 417
 0 418
 0 419
 0 420
 1 421
 0 422
 0 423
 0 424
 0 425
 0 426
 0 427
 0 428
 0 429
 0 430
 0 431
 0 432
 0 433
 0 434
 0 435
 0 436
 0 437
 0 438
 0 439
 0 440
 0 441
 0 442
 0 443
 0 444
 0 445
 0 446
 0 447
 0 448
 0 449
 0 450
 0 451
 0 452
 0 453
 0 454
 0 455
 0 456
 0 457
 0 458
 0 459
 0 460
 0 461
 0 462
 0 463
 0 464
 0 465
 0 466
 0 467
 0 468
 0 469
 0 470
 0 471
 0 472
 0 473
 0 474
 0 475
 0 476
 0 477
 0 478
 0 479
 0 480
 0 481
 0 482
 0 483
 0 484
 0 485
 0 486
 0 487
 0 488
 0 489
 0 490
 0 491
 0 492
 0 493
 0 494
 0 495
 0 496
 0 497
 0 498
 0 499
 0 500
 0 501
 0 502
 0 503
 0 504
 0 505
 0 506
 0 507
 0 508
 0 509
 0 510
 0 511
 0 512
 0 513
 0 514
 0 515
 0 516
 0 517
 0 518
 0 519
 0 520
 0 521
 0 522
 0 523
 0 524
 0 525
 0 526
 0 527
 0 528
 0 529
 0 530
 0 531
 0 532
 0 533
 0 534
 0 535
 0 536
 0 537
 0 538
 0 539
 0 540
 0 541
 0 542
 0 543
 0 544
 0 545
 0 546
 0 547
 0 548
 0 549
 0 550
 0 551
 0 552
 0 553
 0 554
 0 555
 0 556
 0 557
 0 558
 0 559
 0 560
 0 561
 0 562
 0 563
 0 564
 0 565
 0 566
 0 567
 0 568
 0 569
 0 570
 0 571
 0 572
 0 573
 0 574
 0 575
 0 576
 0 577
 0 578
 0 579
 0 580
 0 581
 0 582
 0 583
 0 584
 0 585
 0 586
 0 587
 0 588
 0 589
 0 590
 0 591
 0 592
 0 593
 0 594
 0 595
 0 596
 0 597
 0 598
 0 599
 0 600


