# Created by Octave 3.8.2, Mon Jun 22 09:46:28 2020 CEST <damian@fptrucha.inv.usc.es>
# name: hd
# type: matrix
# rows: 551
# columns: 2
 0 50
 0 51
 0 52
 0 53
 0 54
 0 55
 0 56
 0 57
 0 58
 0 59
 0 60
 0 61
 0 62
 0 63
 0 64
 0 65
 0 66
 0 67
 0 68
 0 69
 0 70
 0 71
 0 72
 0 73
 0 74
 0 75
 0 76
 0 77
 0 78
 0 79
 0 80
 0 81
 0 82
 0 83
 0 84
 0 85
 0 86
 0 87
 0 88
 2 89
 2 90
 15 91
 80 92
 121 93
 160 94
 226 95
 425 96
 593 97
 792 98
 972 99
 1187 100
 1234 101
 1307 102
 1422 103
 1458 104
 1459 105
 1543 106
 1429 107
 1383 108
 1345 109
 1287 110
 1212 111
 1174 112
 1032 113
 958 114
 916 115
 822 116
 821 117
 679 118
 681 119
 574 120
 541 121
 487 122
 437 123
 403 124
 363 125
 306 126
 336 127
 299 128
 276 129
 240 130
 210 131
 213 132
 184 133
 162 134
 178 135
 134 136
 154 137
 128 138
 127 139
 131 140
 120 141
 101 142
 87 143
 79 144
 87 145
 82 146
 75 147
 85 148
 68 149
 52 150
 49 151
 58 152
 52 153
 45 154
 44 155
 53 156
 36 157
 41 158
 35 159
 37 160
 41 161
 41 162
 27 163
 21 164
 24 165
 26 166
 25 167
 21 168
 20 169
 18 170
 22 171
 18 172
 21 173
 16 174
 11 175
 12 176
 12 177
 12 178
 7 179
 9 180
 5 181
 15 182
 7 183
 9 184
 13 185
 12 186
 8 187
 8 188
 5 189
 2 190
 1 191
 8 192
 0 193
 7 194
 3 195
 4 196
 1 197
 6 198
 1 199
 3 200
 1 201
 2 202
 1 203
 1 204
 1 205
 3 206
 2 207
 1 208
 1 209
 0 210
 0 211
 2 212
 0 213
 0 214
 0 215
 0 216
 0 217
 1 218
 0 219
 2 220
 2 221
 0 222
 0 223
 0 224
 0 225
 1 226
 0 227
 1 228
 1 229
 1 230
 0 231
 0 232
 0 233
 0 234
 0 235
 0 236
 0 237
 0 238
 0 239
 0 240
 0 241
 0 242
 1 243
 0 244
 0 245
 0 246
 0 247
 0 248
 0 249
 0 250
 0 251
 0 252
 0 253
 0 254
 0 255
 0 256
 1 257
 0 258
 0 259
 0 260
 0 261
 0 262
 0 263
 0 264
 0 265
 0 266
 0 267
 0 268
 1 269
 0 270
 0 271
 0 272
 0 273
 0 274
 0 275
 0 276
 0 277
 0 278
 1 279
 3 280
 1 281
 0 282
 0 283
 0 284
 0 285
 0 286
 0 287
 3 288
 1 289
 1 290
 1 291
 3 292
 1 293
 1 294
 2 295
 2 296
 0 297
 2 298
 2 299
 1 300
 1 301
 3 302
 2 303
 2 304
 0 305
 1 306
 1 307
 3 308
 2 309
 6 310
 0 311
 1 312
 1 313
 2 314
 1 315
 2 316
 1 317
 2 318
 3 319
 3 320
 2 321
 5 322
 2 323
 5 324
 3 325
 4 326
 5 327
 6 328
 3 329
 2 330
 2 331
 2 332
 3 333
 3 334
 3 335
 1 336
 1 337
 4 338
 4 339
 1 340
 5 341
 1 342
 2 343
 4 344
 0 345
 4 346
 2 347
 2 348
 2 349
 0 350
 3 351
 0 352
 4 353
 1 354
 0 355
 0 356
 1 357
 3 358
 1 359
 4 360
 0 361
 0 362
 0 363
 1 364
 1 365
 1 366
 1 367
 3 368
 2 369
 1 370
 0 371
 0 372
 3 373
 1 374
 0 375
 1 376
 1 377
 2 378
 1 379
 1 380
 3 381
 1 382
 1 383
 0 384
 0 385
 0 386
 1 387
 0 388
 1 389
 1 390
 0 391
 0 392
 0 393
 0 394
 0 395
 0 396
 0 397
 2 398
 0 399
 0 400
 0 401
 0 402
 0 403
 1 404
 0 405
 0 406
 1 407
 0 408
 0 409
 0 410
 0 411
 0 412
 0 413
 0 414
 0 415
 0 416
 0 417
 0 418
 0 419
 0 420
 0 421
 0 422
 0 423
 1 424
 0 425
 0 426
 0 427
 0 428
 0 429
 0 430
 0 431
 0 432
 0 433
 0 434
 0 435
 0 436
 0 437
 0 438
 0 439
 0 440
 0 441
 0 442
 0 443
 0 444
 0 445
 0 446
 0 447
 0 448
 0 449
 0 450
 0 451
 0 452
 0 453
 0 454
 0 455
 0 456
 0 457
 0 458
 0 459
 0 460
 0 461
 0 462
 0 463
 0 464
 0 465
 0 466
 0 467
 0 468
 0 469
 0 470
 0 471
 0 472
 0 473
 0 474
 0 475
 0 476
 0 477
 0 478
 0 479
 0 480
 0 481
 0 482
 0 483
 0 484
 0 485
 0 486
 0 487
 0 488
 0 489
 0 490
 0 491
 0 492
 0 493
 0 494
 0 495
 0 496
 0 497
 0 498
 0 499
 0 500
 0 501
 0 502
 0 503
 0 504
 0 505
 0 506
 0 507
 0 508
 0 509
 0 510
 0 511
 0 512
 0 513
 0 514
 0 515
 0 516
 0 517
 0 518
 0 519
 0 520
 0 521
 0 522
 0 523
 0 524
 0 525
 0 526
 0 527
 0 528
 0 529
 0 530
 0 531
 0 532
 0 533
 0 534
 0 535
 0 536
 0 537
 0 538
 0 539
 0 540
 0 541
 0 542
 0 543
 0 544
 0 545
 0 546
 0 547
 0 548
 0 549
 0 550
 0 551
 0 552
 0 553
 0 554
 0 555
 0 556
 0 557
 0 558
 0 559
 0 560
 0 561
 0 562
 0 563
 0 564
 0 565
 0 566
 0 567
 0 568
 0 569
 0 570
 0 571
 0 572
 0 573
 0 574
 0 575
 0 576
 0 577
 0 578
 0 579
 0 580
 0 581
 0 582
 0 583
 0 584
 0 585
 0 586
 0 587
 0 588
 0 589
 0 590
 0 591
 0 592
 0 593
 0 594
 0 595
 0 596
 0 597
 0 598
 0 599
 0 600


