# Created by Octave 3.8.2, Mon Jun 22 02:35:59 2020 CEST <damian@fptrucha.inv.usc.es>
# name: hd
# type: matrix
# rows: 551
# columns: 2
 0 50
 0 51
 0 52
 0 53
 0 54
 0 55
 0 56
 0 57
 0 58
 0 59
 0 60
 0 61
 0 62
 0 63
 0 64
 0 65
 0 66
 0 67
 0 68
 0 69
 0 70
 0 71
 0 72
 0 73
 0 74
 0 75
 0 76
 0 77
 0 78
 0 79
 0 80
 0 81
 0 82
 0 83
 0 84
 0 85
 0 86
 0 87
 1 88
 4 89
 5 90
 29 91
 77 92
 118 93
 184 94
 286 95
 445 96
 674 97
 898 98
 967 99
 1137 100
 1203 101
 1321 102
 1320 103
 1391 104
 1464 105
 1282 106
 1318 107
 1309 108
 1215 109
 1211 110
 1142 111
 1045 112
 972 113
 918 114
 808 115
 769 116
 708 117
 611 118
 618 119
 533 120
 519 121
 475 122
 416 123
 370 124
 382 125
 340 126
 295 127
 298 128
 264 129
 227 130
 189 131
 195 132
 156 133
 175 134
 165 135
 153 136
 118 137
 127 138
 117 139
 90 140
 109 141
 92 142
 98 143
 87 144
 71 145
 86 146
 63 147
 82 148
 69 149
 71 150
 62 151
 54 152
 55 153
 55 154
 60 155
 47 156
 49 157
 42 158
 32 159
 46 160
 37 161
 33 162
 30 163
 17 164
 31 165
 20 166
 24 167
 26 168
 22 169
 23 170
 14 171
 14 172
 16 173
 16 174
 16 175
 12 176
 4 177
 12 178
 6 179
 7 180
 13 181
 8 182
 9 183
 3 184
 8 185
 3 186
 6 187
 8 188
 6 189
 4 190
 7 191
 2 192
 3 193
 7 194
 0 195
 1 196
 3 197
 3 198
 5 199
 1 200
 2 201
 2 202
 3 203
 2 204
 1 205
 0 206
 2 207
 1 208
 0 209
 2 210
 0 211
 0 212
 0 213
 1 214
 0 215
 1 216
 0 217
 2 218
 0 219
 0 220
 0 221
 0 222
 1 223
 0 224
 2 225
 1 226
 0 227
 0 228
 0 229
 0 230
 0 231
 0 232
 0 233
 1 234
 0 235
 1 236
 0 237
 0 238
 0 239
 0 240
 0 241
 0 242
 0 243
 0 244
 0 245
 0 246
 0 247
 0 248
 0 249
 0 250
 0 251
 1 252
 0 253
 0 254
 0 255
 0 256
 0 257
 0 258
 0 259
 0 260
 0 261
 0 262
 0 263
 0 264
 0 265
 0 266
 0 267
 0 268
 0 269
 0 270
 0 271
 0 272
 0 273
 1 274
 0 275
 0 276
 0 277
 0 278
 0 279
 0 280
 0 281
 0 282
 0 283
 2 284
 1 285
 0 286
 0 287
 0 288
 1 289
 1 290
 2 291
 1 292
 3 293
 3 294
 2 295
 0 296
 3 297
 1 298
 2 299
 1 300
 3 301
 1 302
 1 303
 0 304
 0 305
 2 306
 0 307
 4 308
 1 309
 1 310
 4 311
 1 312
 5 313
 4 314
 1 315
 5 316
 1 317
 1 318
 0 319
 1 320
 5 321
 4 322
 2 323
 2 324
 2 325
 0 326
 6 327
 1 328
 0 329
 0 330
 4 331
 4 332
 0 333
 3 334
 3 335
 3 336
 2 337
 1 338
 2 339
 3 340
 1 341
 5 342
 0 343
 1 344
 2 345
 1 346
 1 347
 0 348
 2 349
 2 350
 3 351
 2 352
 2 353
 0 354
 2 355
 3 356
 2 357
 1 358
 3 359
 2 360
 1 361
 0 362
 2 363
 2 364
 0 365
 2 366
 1 367
 2 368
 1 369
 0 370
 2 371
 1 372
 1 373
 0 374
 1 375
 1 376
 0 377
 1 378
 0 379
 1 380
 0 381
 0 382
 1 383
 1 384
 0 385
 1 386
 1 387
 0 388
 1 389
 0 390
 0 391
 0 392
 0 393
 0 394
 0 395
 0 396
 0 397
 0 398
 0 399
 0 400
 0 401
 0 402
 0 403
 0 404
 0 405
 0 406
 0 407
 0 408
 0 409
 0 410
 0 411
 0 412
 0 413
 0 414
 0 415
 0 416
 0 417
 0 418
 0 419
 0 420
 0 421
 0 422
 0 423
 0 424
 0 425
 0 426
 0 427
 0 428
 0 429
 0 430
 0 431
 0 432
 0 433
 0 434
 0 435
 0 436
 0 437
 0 438
 0 439
 0 440
 0 441
 0 442
 0 443
 0 444
 0 445
 0 446
 0 447
 0 448
 0 449
 0 450
 0 451
 0 452
 0 453
 0 454
 0 455
 0 456
 0 457
 0 458
 0 459
 0 460
 0 461
 0 462
 0 463
 0 464
 0 465
 0 466
 0 467
 0 468
 0 469
 0 470
 0 471
 0 472
 0 473
 0 474
 0 475
 0 476
 0 477
 0 478
 0 479
 0 480
 0 481
 0 482
 0 483
 0 484
 0 485
 0 486
 0 487
 0 488
 0 489
 0 490
 0 491
 0 492
 0 493
 0 494
 0 495
 0 496
 0 497
 0 498
 0 499
 0 500
 0 501
 0 502
 0 503
 0 504
 0 505
 0 506
 0 507
 0 508
 0 509
 0 510
 0 511
 0 512
 0 513
 0 514
 0 515
 0 516
 0 517
 0 518
 0 519
 0 520
 0 521
 0 522
 0 523
 0 524
 0 525
 0 526
 0 527
 0 528
 0 529
 0 530
 0 531
 0 532
 0 533
 0 534
 0 535
 0 536
 0 537
 0 538
 0 539
 0 540
 0 541
 0 542
 0 543
 0 544
 0 545
 0 546
 0 547
 0 548
 0 549
 0 550
 0 551
 0 552
 0 553
 0 554
 0 555
 0 556
 0 557
 0 558
 0 559
 0 560
 0 561
 0 562
 0 563
 0 564
 0 565
 0 566
 0 567
 0 568
 0 569
 0 570
 0 571
 0 572
 0 573
 0 574
 0 575
 0 576
 0 577
 0 578
 0 579
 0 580
 0 581
 0 582
 0 583
 0 584
 0 585
 0 586
 0 587
 0 588
 0 589
 0 590
 0 591
 0 592
 0 593
 0 594
 0 595
 0 596
 0 597
 0 598
 0 599
 0 600


