# Created by Octave 3.8.2, Sat Jun 20 15:17:32 2020 CEST <damian@fptrucha.inv.usc.es>
# name: hd
# type: matrix
# rows: 551
# columns: 2
 0 50
 0 51
 0 52
 0 53
 0 54
 0 55
 0 56
 0 57
 0 58
 0 59
 0 60
 0 61
 0 62
 0 63
 0 64
 0 65
 0 66
 0 67
 0 68
 0 69
 0 70
 0 71
 0 72
 0 73
 0 74
 0 75
 0 76
 0 77
 0 78
 0 79
 0 80
 0 81
 0 82
 0 83
 0 84
 0 85
 0 86
 0 87
 4 88
 1 89
 3 90
 28 91
 82 92
 134 93
 163 94
 255 95
 444 96
 612 97
 741 98
 828 99
 1078 100
 1142 101
 1221 102
 1202 103
 1226 104
 1331 105
 1387 106
 1335 107
 1289 108
 1295 109
 1300 110
 1262 111
 1158 112
 1168 113
 1063 114
 1049 115
 904 116
 882 117
 862 118
 769 119
 744 120
 658 121
 642 122
 605 123
 515 124
 485 125
 468 126
 390 127
 380 128
 338 129
 295 130
 322 131
 261 132
 244 133
 210 134
 211 135
 179 136
 172 137
 175 138
 144 139
 155 140
 135 141
 124 142
 113 143
 119 144
 105 145
 93 146
 79 147
 72 148
 80 149
 63 150
 78 151
 61 152
 66 153
 77 154
 51 155
 53 156
 36 157
 49 158
 46 159
 32 160
 50 161
 40 162
 41 163
 22 164
 27 165
 16 166
 24 167
 20 168
 24 169
 26 170
 23 171
 12 172
 9 173
 15 174
 15 175
 13 176
 14 177
 5 178
 4 179
 9 180
 9 181
 10 182
 9 183
 5 184
 8 185
 5 186
 2 187
 6 188
 3 189
 4 190
 2 191
 3 192
 7 193
 2 194
 3 195
 2 196
 1 197
 2 198
 2 199
 1 200
 1 201
 3 202
 2 203
 2 204
 2 205
 0 206
 2 207
 1 208
 0 209
 0 210
 0 211
 3 212
 1 213
 1 214
 2 215
 0 216
 0 217
 0 218
 0 219
 1 220
 0 221
 1 222
 1 223
 0 224
 0 225
 0 226
 0 227
 0 228
 0 229
 1 230
 0 231
 0 232
 0 233
 0 234
 0 235
 0 236
 0 237
 0 238
 0 239
 0 240
 0 241
 0 242
 0 243
 0 244
 0 245
 0 246
 0 247
 0 248
 0 249
 0 250
 0 251
 0 252
 0 253
 0 254
 0 255
 0 256
 0 257
 0 258
 0 259
 0 260
 0 261
 0 262
 0 263
 0 264
 0 265
 0 266
 1 267
 0 268
 0 269
 0 270
 0 271
 0 272
 0 273
 0 274
 0 275
 1 276
 0 277
 0 278
 0 279
 0 280
 0 281
 0 282
 1 283
 1 284
 0 285
 1 286
 0 287
 2 288
 0 289
 1 290
 2 291
 0 292
 0 293
 0 294
 2 295
 1 296
 0 297
 2 298
 0 299
 1 300
 2 301
 2 302
 3 303
 0 304
 2 305
 3 306
 2 307
 1 308
 2 309
 2 310
 5 311
 1 312
 1 313
 3 314
 4 315
 0 316
 1 317
 2 318
 4 319
 2 320
 3 321
 1 322
 3 323
 2 324
 2 325
 1 326
 2 327
 1 328
 3 329
 6 330
 1 331
 6 332
 3 333
 5 334
 2 335
 6 336
 4 337
 5 338
 0 339
 1 340
 0 341
 3 342
 5 343
 3 344
 3 345
 3 346
 5 347
 3 348
 3 349
 2 350
 4 351
 2 352
 1 353
 3 354
 3 355
 2 356
 2 357
 3 358
 2 359
 0 360
 0 361
 4 362
 0 363
 0 364
 0 365
 1 366
 2 367
 3 368
 2 369
 4 370
 2 371
 0 372
 0 373
 1 374
 3 375
 0 376
 1 377
 0 378
 1 379
 0 380
 0 381
 0 382
 3 383
 0 384
 0 385
 0 386
 0 387
 0 388
 1 389
 0 390
 0 391
 0 392
 0 393
 0 394
 0 395
 0 396
 0 397
 0 398
 2 399
 0 400
 0 401
 0 402
 1 403
 0 404
 1 405
 1 406
 0 407
 0 408
 0 409
 0 410
 0 411
 0 412
 0 413
 1 414
 1 415
 0 416
 0 417
 0 418
 0 419
 0 420
 0 421
 0 422
 0 423
 0 424
 0 425
 0 426
 0 427
 0 428
 0 429
 0 430
 0 431
 0 432
 0 433
 0 434
 0 435
 0 436
 0 437
 0 438
 0 439
 0 440
 0 441
 0 442
 0 443
 0 444
 0 445
 0 446
 0 447
 0 448
 0 449
 0 450
 0 451
 0 452
 0 453
 0 454
 0 455
 0 456
 0 457
 0 458
 0 459
 0 460
 0 461
 0 462
 0 463
 0 464
 0 465
 0 466
 0 467
 0 468
 0 469
 0 470
 0 471
 0 472
 0 473
 0 474
 0 475
 0 476
 0 477
 0 478
 0 479
 0 480
 0 481
 0 482
 0 483
 0 484
 0 485
 0 486
 0 487
 0 488
 0 489
 0 490
 0 491
 0 492
 0 493
 0 494
 0 495
 0 496
 0 497
 0 498
 0 499
 0 500
 0 501
 0 502
 0 503
 0 504
 0 505
 0 506
 0 507
 0 508
 0 509
 0 510
 0 511
 0 512
 0 513
 0 514
 0 515
 0 516
 0 517
 0 518
 0 519
 0 520
 0 521
 0 522
 0 523
 0 524
 0 525
 0 526
 0 527
 0 528
 0 529
 0 530
 0 531
 0 532
 0 533
 0 534
 0 535
 0 536
 0 537
 0 538
 0 539
 0 540
 0 541
 0 542
 0 543
 0 544
 0 545
 0 546
 0 547
 0 548
 0 549
 0 550
 0 551
 0 552
 0 553
 0 554
 0 555
 0 556
 0 557
 0 558
 0 559
 0 560
 0 561
 0 562
 0 563
 0 564
 0 565
 0 566
 0 567
 0 568
 0 569
 0 570
 0 571
 0 572
 0 573
 0 574
 0 575
 0 576
 0 577
 0 578
 0 579
 0 580
 0 581
 0 582
 0 583
 0 584
 0 585
 0 586
 0 587
 0 588
 0 589
 0 590
 0 591
 0 592
 0 593
 0 594
 0 595
 0 596
 0 597
 0 598
 0 599
 0 600


