# Created by Octave 3.8.2, Sun Jun 21 01:36:42 2020 CEST <damian@fptrucha.inv.usc.es>
# name: hd
# type: matrix
# rows: 551
# columns: 2
 0 50
 0 51
 0 52
 0 53
 0 54
 0 55
 0 56
 0 57
 0 58
 0 59
 0 60
 0 61
 0 62
 0 63
 0 64
 0 65
 0 66
 0 67
 0 68
 0 69
 0 70
 0 71
 0 72
 0 73
 0 74
 0 75
 0 76
 0 77
 0 78
 0 79
 0 80
 0 81
 0 82
 0 83
 0 84
 0 85
 0 86
 0 87
 3 88
 0 89
 2 90
 22 91
 82 92
 109 93
 153 94
 255 95
 362 96
 571 97
 685 98
 811 99
 898 100
 1082 101
 1162 102
 1144 103
 1237 104
 1300 105
 1255 106
 1317 107
 1215 108
 1218 109
 1347 110
 1155 111
 1134 112
 1011 113
 1036 114
 996 115
 890 116
 807 117
 816 118
 751 119
 693 120
 653 121
 594 122
 549 123
 533 124
 471 125
 420 126
 400 127
 379 128
 321 129
 321 130
 269 131
 280 132
 252 133
 241 134
 195 135
 197 136
 192 137
 145 138
 155 139
 152 140
 125 141
 126 142
 109 143
 101 144
 111 145
 81 146
 90 147
 69 148
 68 149
 71 150
 57 151
 55 152
 57 153
 61 154
 51 155
 47 156
 49 157
 40 158
 44 159
 42 160
 34 161
 39 162
 29 163
 27 164
 36 165
 23 166
 17 167
 17 168
 22 169
 17 170
 17 171
 20 172
 21 173
 14 174
 16 175
 5 176
 19 177
 17 178
 11 179
 15 180
 10 181
 3 182
 6 183
 4 184
 9 185
 6 186
 3 187
 6 188
 2 189
 3 190
 3 191
 3 192
 2 193
 1 194
 3 195
 5 196
 3 197
 1 198
 3 199
 2 200
 1 201
 1 202
 0 203
 0 204
 3 205
 0 206
 1 207
 0 208
 1 209
 0 210
 1 211
 1 212
 1 213
 1 214
 0 215
 0 216
 0 217
 2 218
 0 219
 1 220
 0 221
 0 222
 0 223
 0 224
 1 225
 0 226
 0 227
 0 228
 0 229
 0 230
 0 231
 0 232
 0 233
 0 234
 0 235
 1 236
 0 237
 0 238
 1 239
 0 240
 0 241
 0 242
 0 243
 0 244
 0 245
 0 246
 0 247
 0 248
 0 249
 0 250
 0 251
 0 252
 0 253
 0 254
 0 255
 0 256
 0 257
 0 258
 0 259
 0 260
 0 261
 0 262
 0 263
 0 264
 0 265
 0 266
 0 267
 0 268
 0 269
 0 270
 0 271
 0 272
 0 273
 0 274
 0 275
 0 276
 0 277
 0 278
 0 279
 0 280
 2 281
 0 282
 1 283
 0 284
 2 285
 2 286
 0 287
 0 288
 1 289
 2 290
 2 291
 0 292
 0 293
 1 294
 0 295
 1 296
 0 297
 1 298
 1 299
 1 300
 0 301
 1 302
 0 303
 6 304
 0 305
 4 306
 0 307
 2 308
 1 309
 2 310
 0 311
 1 312
 1 313
 1 314
 0 315
 2 316
 1 317
 3 318
 4 319
 3 320
 1 321
 4 322
 0 323
 2 324
 3 325
 0 326
 2 327
 6 328
 3 329
 1 330
 2 331
 4 332
 2 333
 2 334
 1 335
 2 336
 3 337
 3 338
 1 339
 1 340
 1 341
 2 342
 1 343
 1 344
 2 345
 4 346
 0 347
 3 348
 1 349
 1 350
 6 351
 3 352
 1 353
 3 354
 2 355
 2 356
 1 357
 2 358
 1 359
 1 360
 2 361
 1 362
 0 363
 1 364
 3 365
 2 366
 0 367
 1 368
 1 369
 2 370
 0 371
 0 372
 2 373
 3 374
 0 375
 2 376
 1 377
 0 378
 0 379
 0 380
 0 381
 0 382
 0 383
 1 384
 0 385
 2 386
 0 387
 0 388
 0 389
 0 390
 1 391
 0 392
 0 393
 0 394
 1 395
 0 396
 1 397
 0 398
 0 399
 0 400
 0 401
 1 402
 0 403
 0 404
 0 405
 0 406
 0 407
 0 408
 0 409
 0 410
 1 411
 0 412
 0 413
 0 414
 0 415
 0 416
 0 417
 0 418
 0 419
 0 420
 0 421
 0 422
 0 423
 0 424
 0 425
 0 426
 0 427
 0 428
 0 429
 0 430
 0 431
 0 432
 0 433
 0 434
 0 435
 0 436
 0 437
 0 438
 0 439
 0 440
 0 441
 0 442
 0 443
 0 444
 0 445
 0 446
 0 447
 0 448
 0 449
 0 450
 0 451
 0 452
 0 453
 0 454
 0 455
 0 456
 0 457
 0 458
 0 459
 0 460
 0 461
 0 462
 0 463
 0 464
 0 465
 0 466
 0 467
 0 468
 0 469
 0 470
 0 471
 0 472
 0 473
 0 474
 0 475
 0 476
 0 477
 0 478
 0 479
 0 480
 0 481
 0 482
 0 483
 0 484
 0 485
 0 486
 0 487
 0 488
 0 489
 0 490
 0 491
 0 492
 0 493
 0 494
 0 495
 0 496
 0 497
 0 498
 0 499
 0 500
 0 501
 0 502
 0 503
 0 504
 0 505
 0 506
 0 507
 0 508
 0 509
 0 510
 0 511
 0 512
 0 513
 0 514
 0 515
 0 516
 0 517
 0 518
 0 519
 0 520
 0 521
 0 522
 0 523
 0 524
 0 525
 0 526
 0 527
 0 528
 0 529
 0 530
 0 531
 0 532
 0 533
 0 534
 0 535
 0 536
 0 537
 0 538
 0 539
 0 540
 0 541
 0 542
 0 543
 0 544
 0 545
 0 546
 0 547
 0 548
 0 549
 0 550
 0 551
 0 552
 0 553
 0 554
 0 555
 0 556
 0 557
 0 558
 0 559
 0 560
 0 561
 0 562
 0 563
 0 564
 0 565
 0 566
 0 567
 0 568
 0 569
 0 570
 0 571
 0 572
 0 573
 0 574
 0 575
 0 576
 0 577
 0 578
 0 579
 0 580
 0 581
 0 582
 0 583
 0 584
 0 585
 0 586
 0 587
 0 588
 0 589
 0 590
 0 591
 0 592
 0 593
 0 594
 0 595
 0 596
 0 597
 0 598
 0 599
 0 600


