# Created by Octave 3.8.2, Mon Jun 22 13:41:53 2020 CEST <damian@fptrucha.inv.usc.es>
# name: hd
# type: matrix
# rows: 551
# columns: 2
 0 50
 0 51
 0 52
 0 53
 0 54
 0 55
 0 56
 0 57
 0 58
 0 59
 0 60
 0 61
 0 62
 0 63
 0 64
 0 65
 0 66
 0 67
 0 68
 0 69
 0 70
 0 71
 0 72
 0 73
 0 74
 0 75
 0 76
 0 77
 0 78
 0 79
 0 80
 0 81
 0 82
 0 83
 0 84
 0 85
 0 86
 0 87
 0 88
 3 89
 1 90
 17 91
 72 92
 114 93
 177 94
 275 95
 425 96
 614 97
 835 98
 1012 99
 1231 100
 1361 101
 1393 102
 1526 103
 1540 104
 1529 105
 1508 106
 1436 107
 1399 108
 1438 109
 1300 110
 1237 111
 1144 112
 1070 113
 1022 114
 938 115
 824 116
 730 117
 720 118
 682 119
 677 120
 587 121
 495 122
 478 123
 404 124
 387 125
 328 126
 309 127
 272 128
 254 129
 246 130
 217 131
 180 132
 185 133
 193 134
 163 135
 156 136
 158 137
 119 138
 136 139
 123 140
 104 141
 103 142
 126 143
 77 144
 88 145
 77 146
 76 147
 81 148
 58 149
 62 150
 66 151
 66 152
 63 153
 52 154
 57 155
 50 156
 44 157
 36 158
 39 159
 40 160
 35 161
 38 162
 27 163
 31 164
 24 165
 24 166
 28 167
 22 168
 23 169
 19 170
 21 171
 11 172
 14 173
 11 174
 12 175
 9 176
 14 177
 12 178
 6 179
 13 180
 6 181
 10 182
 7 183
 7 184
 12 185
 8 186
 7 187
 4 188
 3 189
 3 190
 5 191
 3 192
 4 193
 3 194
 2 195
 2 196
 4 197
 1 198
 2 199
 2 200
 3 201
 1 202
 2 203
 1 204
 4 205
 2 206
 2 207
 3 208
 0 209
 0 210
 1 211
 0 212
 0 213
 0 214
 1 215
 2 216
 1 217
 0 218
 3 219
 2 220
 0 221
 1 222
 2 223
 1 224
 0 225
 0 226
 0 227
 0 228
 0 229
 0 230
 0 231
 0 232
 0 233
 0 234
 0 235
 0 236
 0 237
 1 238
 0 239
 0 240
 1 241
 0 242
 0 243
 0 244
 0 245
 0 246
 0 247
 0 248
 0 249
 0 250
 0 251
 0 252
 0 253
 0 254
 0 255
 0 256
 0 257
 0 258
 0 259
 0 260
 0 261
 0 262
 0 263
 0 264
 0 265
 0 266
 0 267
 0 268
 0 269
 0 270
 0 271
 0 272
 0 273
 0 274
 0 275
 0 276
 1 277
 0 278
 0 279
 0 280
 0 281
 0 282
 2 283
 1 284
 1 285
 0 286
 1 287
 1 288
 0 289
 1 290
 0 291
 2 292
 2 293
 0 294
 1 295
 2 296
 1 297
 2 298
 2 299
 2 300
 2 301
 1 302
 2 303
 1 304
 3 305
 2 306
 0 307
 1 308
 3 309
 1 310
 3 311
 2 312
 3 313
 2 314
 4 315
 1 316
 4 317
 3 318
 5 319
 3 320
 3 321
 0 322
 3 323
 1 324
 3 325
 4 326
 1 327
 5 328
 4 329
 3 330
 5 331
 7 332
 2 333
 5 334
 4 335
 4 336
 4 337
 1 338
 2 339
 2 340
 1 341
 5 342
 0 343
 1 344
 1 345
 2 346
 0 347
 2 348
 3 349
 3 350
 0 351
 1 352
 5 353
 4 354
 1 355
 6 356
 1 357
 2 358
 1 359
 2 360
 1 361
 2 362
 1 363
 4 364
 1 365
 0 366
 3 367
 1 368
 3 369
 1 370
 2 371
 0 372
 2 373
 0 374
 1 375
 2 376
 0 377
 2 378
 0 379
 0 380
 1 381
 0 382
 0 383
 0 384
 0 385
 0 386
 2 387
 0 388
 0 389
 0 390
 0 391
 1 392
 0 393
 1 394
 0 395
 0 396
 0 397
 3 398
 0 399
 0 400
 0 401
 1 402
 0 403
 0 404
 1 405
 1 406
 0 407
 0 408
 1 409
 0 410
 0 411
 0 412
 0 413
 0 414
 0 415
 0 416
 0 417
 0 418
 0 419
 0 420
 0 421
 0 422
 0 423
 0 424
 0 425
 0 426
 0 427
 0 428
 0 429
 0 430
 0 431
 0 432
 0 433
 0 434
 0 435
 0 436
 0 437
 0 438
 0 439
 0 440
 0 441
 0 442
 0 443
 0 444
 0 445
 0 446
 0 447
 0 448
 0 449
 0 450
 0 451
 0 452
 0 453
 0 454
 0 455
 0 456
 0 457
 0 458
 0 459
 0 460
 0 461
 0 462
 0 463
 0 464
 0 465
 0 466
 0 467
 0 468
 0 469
 0 470
 0 471
 0 472
 0 473
 0 474
 0 475
 0 476
 0 477
 0 478
 0 479
 0 480
 0 481
 0 482
 0 483
 0 484
 0 485
 0 486
 0 487
 0 488
 0 489
 0 490
 0 491
 0 492
 0 493
 0 494
 0 495
 0 496
 0 497
 0 498
 0 499
 0 500
 0 501
 0 502
 0 503
 0 504
 0 505
 0 506
 0 507
 0 508
 0 509
 0 510
 0 511
 0 512
 0 513
 0 514
 0 515
 0 516
 0 517
 0 518
 0 519
 0 520
 0 521
 0 522
 0 523
 0 524
 0 525
 0 526
 0 527
 0 528
 0 529
 0 530
 0 531
 0 532
 0 533
 0 534
 0 535
 0 536
 0 537
 0 538
 0 539
 0 540
 0 541
 0 542
 0 543
 0 544
 0 545
 0 546
 0 547
 0 548
 0 549
 0 550
 0 551
 0 552
 0 553
 0 554
 0 555
 0 556
 0 557
 0 558
 0 559
 0 560
 0 561
 0 562
 0 563
 0 564
 0 565
 0 566
 0 567
 0 568
 0 569
 0 570
 0 571
 0 572
 0 573
 0 574
 0 575
 0 576
 0 577
 0 578
 0 579
 0 580
 0 581
 0 582
 0 583
 0 584
 0 585
 0 586
 0 587
 0 588
 0 589
 0 590
 0 591
 0 592
 0 593
 0 594
 0 595
 0 596
 0 597
 0 598
 0 599
 0 600


