# Created by Octave 3.8.2, Sun Jun 21 07:10:58 2020 CEST <damian@fptrucha.inv.usc.es>
# name: hd
# type: matrix
# rows: 551
# columns: 2
 0 50
 0 51
 0 52
 0 53
 0 54
 0 55
 0 56
 0 57
 0 58
 0 59
 0 60
 0 61
 0 62
 0 63
 0 64
 0 65
 0 66
 0 67
 0 68
 0 69
 0 70
 0 71
 0 72
 0 73
 0 74
 0 75
 0 76
 0 77
 0 78
 0 79
 0 80
 0 81
 0 82
 0 83
 0 84
 0 85
 0 86
 0 87
 0 88
 0 89
 5 90
 41 91
 101 92
 103 93
 177 94
 267 95
 397 96
 562 97
 737 98
 808 99
 1020 100
 1073 101
 1188 102
 1214 103
 1331 104
 1335 105
 1348 106
 1316 107
 1355 108
 1362 109
 1309 110
 1185 111
 1195 112
 1139 113
 1073 114
 1029 115
 915 116
 893 117
 783 118
 805 119
 732 120
 645 121
 651 122
 534 123
 555 124
 475 125
 432 126
 403 127
 338 128
 342 129
 321 130
 282 131
 275 132
 252 133
 225 134
 227 135
 184 136
 165 137
 152 138
 171 139
 136 140
 124 141
 110 142
 101 143
 113 144
 95 145
 98 146
 78 147
 72 148
 61 149
 68 150
 65 151
 64 152
 56 153
 56 154
 58 155
 44 156
 41 157
 50 158
 27 159
 37 160
 32 161
 38 162
 31 163
 26 164
 23 165
 21 166
 22 167
 20 168
 23 169
 14 170
 13 171
 20 172
 14 173
 15 174
 9 175
 11 176
 11 177
 5 178
 8 179
 4 180
 7 181
 6 182
 8 183
 4 184
 7 185
 3 186
 8 187
 7 188
 2 189
 2 190
 2 191
 2 192
 1 193
 2 194
 6 195
 3 196
 1 197
 2 198
 3 199
 0 200
 3 201
 3 202
 4 203
 2 204
 2 205
 1 206
 3 207
 0 208
 2 209
 0 210
 1 211
 0 212
 0 213
 1 214
 0 215
 0 216
 1 217
 0 218
 0 219
 0 220
 0 221
 0 222
 0 223
 0 224
 0 225
 0 226
 0 227
 0 228
 0 229
 0 230
 0 231
 0 232
 0 233
 0 234
 0 235
 0 236
 0 237
 0 238
 0 239
 0 240
 0 241
 1 242
 0 243
 0 244
 0 245
 0 246
 0 247
 0 248
 0 249
 0 250
 0 251
 0 252
 0 253
 0 254
 0 255
 0 256
 0 257
 0 258
 0 259
 1 260
 0 261
 0 262
 0 263
 0 264
 0 265
 0 266
 0 267
 0 268
 0 269
 0 270
 0 271
 0 272
 1 273
 0 274
 0 275
 0 276
 0 277
 0 278
 0 279
 0 280
 0 281
 0 282
 1 283
 0 284
 0 285
 0 286
 1 287
 0 288
 1 289
 0 290
 1 291
 1 292
 1 293
 0 294
 0 295
 0 296
 1 297
 1 298
 0 299
 1 300
 2 301
 1 302
 1 303
 1 304
 2 305
 3 306
 1 307
 1 308
 1 309
 1 310
 1 311
 2 312
 1 313
 1 314
 3 315
 0 316
 2 317
 2 318
 1 319
 1 320
 1 321
 2 322
 1 323
 1 324
 4 325
 4 326
 2 327
 0 328
 3 329
 0 330
 0 331
 1 332
 0 333
 0 334
 3 335
 2 336
 0 337
 1 338
 1 339
 1 340
 4 341
 1 342
 1 343
 4 344
 0 345
 4 346
 3 347
 0 348
 2 349
 3 350
 1 351
 1 352
 1 353
 4 354
 1 355
 2 356
 1 357
 1 358
 0 359
 1 360
 1 361
 1 362
 1 363
 0 364
 0 365
 1 366
 3 367
 0 368
 1 369
 3 370
 0 371
 1 372
 1 373
 1 374
 1 375
 0 376
 2 377
 3 378
 1 379
 2 380
 2 381
 2 382
 3 383
 0 384
 0 385
 3 386
 0 387
 1 388
 0 389
 1 390
 0 391
 0 392
 0 393
 0 394
 0 395
 0 396
 0 397
 0 398
 1 399
 0 400
 0 401
 1 402
 0 403
 0 404
 0 405
 0 406
 1 407
 0 408
 1 409
 0 410
 0 411
 0 412
 0 413
 0 414
 0 415
 0 416
 1 417
 0 418
 1 419
 0 420
 0 421
 0 422
 0 423
 1 424
 0 425
 0 426
 0 427
 0 428
 0 429
 0 430
 0 431
 0 432
 0 433
 0 434
 0 435
 0 436
 0 437
 0 438
 0 439
 0 440
 0 441
 0 442
 0 443
 0 444
 0 445
 0 446
 0 447
 0 448
 0 449
 0 450
 0 451
 0 452
 0 453
 0 454
 0 455
 0 456
 0 457
 0 458
 0 459
 0 460
 0 461
 0 462
 0 463
 0 464
 0 465
 0 466
 0 467
 0 468
 0 469
 0 470
 0 471
 0 472
 0 473
 0 474
 0 475
 0 476
 0 477
 0 478
 0 479
 0 480
 0 481
 0 482
 0 483
 0 484
 0 485
 0 486
 0 487
 0 488
 0 489
 0 490
 0 491
 0 492
 0 493
 0 494
 0 495
 0 496
 0 497
 0 498
 0 499
 0 500
 0 501
 0 502
 0 503
 0 504
 0 505
 0 506
 0 507
 0 508
 0 509
 0 510
 0 511
 0 512
 0 513
 0 514
 0 515
 0 516
 0 517
 0 518
 0 519
 0 520
 0 521
 0 522
 0 523
 0 524
 0 525
 0 526
 0 527
 0 528
 0 529
 0 530
 0 531
 0 532
 0 533
 0 534
 0 535
 0 536
 0 537
 0 538
 0 539
 0 540
 0 541
 0 542
 0 543
 0 544
 0 545
 0 546
 0 547
 0 548
 0 549
 0 550
 0 551
 0 552
 0 553
 0 554
 0 555
 0 556
 0 557
 0 558
 0 559
 0 560
 0 561
 0 562
 0 563
 0 564
 0 565
 0 566
 0 567
 0 568
 0 569
 0 570
 0 571
 0 572
 0 573
 0 574
 0 575
 0 576
 0 577
 0 578
 0 579
 0 580
 0 581
 0 582
 0 583
 0 584
 0 585
 0 586
 0 587
 0 588
 0 589
 0 590
 0 591
 0 592
 0 593
 0 594
 0 595
 0 596
 0 597
 0 598
 0 599
 0 600


