# Created by Octave 3.8.2, Mon Jun 22 20:08:54 2020 CEST <damian@fptrucha.inv.usc.es>
# name: hd
# type: matrix
# rows: 551
# columns: 2
 0 50
 0 51
 0 52
 0 53
 0 54
 0 55
 0 56
 0 57
 0 58
 0 59
 0 60
 0 61
 0 62
 0 63
 0 64
 0 65
 0 66
 0 67
 0 68
 0 69
 0 70
 0 71
 0 72
 0 73
 0 74
 0 75
 0 76
 0 77
 0 78
 0 79
 0 80
 0 81
 0 82
 0 83
 0 84
 0 85
 0 86
 0 87
 0 88
 0 89
 0 90
 21 91
 71 92
 129 93
 184 94
 245 95
 450 96
 670 97
 877 98
 1054 99
 1255 100
 1367 101
 1487 102
 1524 103
 1510 104
 1596 105
 1480 106
 1454 107
 1450 108
 1374 109
 1362 110
 1271 111
 1223 112
 1135 113
 1081 114
 1006 115
 833 116
 759 117
 732 118
 715 119
 631 120
 565 121
 511 122
 435 123
 391 124
 392 125
 373 126
 337 127
 313 128
 243 129
 273 130
 260 131
 233 132
 196 133
 194 134
 200 135
 180 136
 156 137
 136 138
 119 139
 136 140
 106 141
 105 142
 105 143
 93 144
 94 145
 82 146
 82 147
 60 148
 84 149
 59 150
 73 151
 60 152
 66 153
 52 154
 46 155
 54 156
 51 157
 47 158
 52 159
 44 160
 39 161
 33 162
 33 163
 31 164
 35 165
 28 166
 20 167
 21 168
 20 169
 17 170
 13 171
 22 172
 19 173
 20 174
 16 175
 16 176
 10 177
 17 178
 4 179
 24 180
 4 181
 10 182
 6 183
 10 184
 9 185
 12 186
 5 187
 4 188
 10 189
 3 190
 12 191
 0 192
 3 193
 5 194
 3 195
 2 196
 3 197
 2 198
 0 199
 3 200
 5 201
 2 202
 4 203
 2 204
 2 205
 4 206
 1 207
 1 208
 2 209
 4 210
 1 211
 2 212
 2 213
 0 214
 0 215
 1 216
 0 217
 0 218
 0 219
 0 220
 1 221
 0 222
 0 223
 0 224
 1 225
 0 226
 0 227
 0 228
 0 229
 0 230
 0 231
 0 232
 0 233
 0 234
 0 235
 0 236
 1 237
 0 238
 0 239
 0 240
 0 241
 0 242
 0 243
 0 244
 0 245
 0 246
 0 247
 0 248
 0 249
 0 250
 0 251
 0 252
 0 253
 0 254
 0 255
 0 256
 0 257
 0 258
 0 259
 0 260
 0 261
 0 262
 0 263
 0 264
 0 265
 0 266
 0 267
 0 268
 0 269
 0 270
 0 271
 0 272
 0 273
 0 274
 0 275
 0 276
 1 277
 0 278
 0 279
 1 280
 1 281
 0 282
 0 283
 1 284
 0 285
 0 286
 0 287
 1 288
 1 289
 1 290
 0 291
 1 292
 1 293
 0 294
 2 295
 1 296
 3 297
 2 298
 2 299
 1 300
 1 301
 3 302
 3 303
 1 304
 2 305
 0 306
 4 307
 2 308
 4 309
 3 310
 5 311
 4 312
 3 313
 2 314
 2 315
 5 316
 1 317
 1 318
 5 319
 6 320
 2 321
 5 322
 3 323
 0 324
 0 325
 1 326
 1 327
 0 328
 1 329
 4 330
 1 331
 4 332
 4 333
 4 334
 1 335
 1 336
 0 337
 4 338
 3 339
 4 340
 2 341
 3 342
 2 343
 4 344
 1 345
 3 346
 0 347
 3 348
 4 349
 1 350
 0 351
 5 352
 1 353
 2 354
 0 355
 2 356
 2 357
 2 358
 1 359
 1 360
 2 361
 2 362
 1 363
 3 364
 0 365
 0 366
 1 367
 0 368
 0 369
 2 370
 2 371
 0 372
 1 373
 0 374
 0 375
 0 376
 2 377
 0 378
 0 379
 0 380
 0 381
 0 382
 2 383
 1 384
 1 385
 0 386
 0 387
 1 388
 0 389
 1 390
 0 391
 1 392
 1 393
 0 394
 0 395
 1 396
 0 397
 0 398
 0 399
 0 400
 0 401
 0 402
 1 403
 0 404
 1 405
 0 406
 0 407
 0 408
 0 409
 0 410
 0 411
 0 412
 0 413
 0 414
 0 415
 1 416
 0 417
 0 418
 0 419
 0 420
 0 421
 0 422
 0 423
 0 424
 0 425
 0 426
 0 427
 0 428
 0 429
 0 430
 0 431
 0 432
 0 433
 0 434
 0 435
 0 436
 0 437
 0 438
 0 439
 0 440
 0 441
 0 442
 0 443
 0 444
 0 445
 0 446
 0 447
 0 448
 0 449
 0 450
 0 451
 0 452
 0 453
 0 454
 0 455
 0 456
 0 457
 0 458
 0 459
 0 460
 0 461
 0 462
 0 463
 0 464
 0 465
 0 466
 0 467
 0 468
 0 469
 0 470
 0 471
 0 472
 0 473
 0 474
 0 475
 0 476
 0 477
 0 478
 0 479
 0 480
 0 481
 0 482
 0 483
 0 484
 0 485
 0 486
 0 487
 0 488
 0 489
 0 490
 0 491
 0 492
 0 493
 0 494
 0 495
 0 496
 0 497
 0 498
 0 499
 0 500
 0 501
 0 502
 0 503
 0 504
 0 505
 0 506
 0 507
 0 508
 0 509
 0 510
 0 511
 0 512
 0 513
 0 514
 0 515
 0 516
 0 517
 0 518
 0 519
 0 520
 0 521
 0 522
 0 523
 0 524
 0 525
 0 526
 0 527
 0 528
 0 529
 0 530
 0 531
 0 532
 0 533
 0 534
 0 535
 0 536
 0 537
 0 538
 0 539
 0 540
 0 541
 0 542
 0 543
 0 544
 0 545
 0 546
 0 547
 0 548
 0 549
 0 550
 0 551
 0 552
 0 553
 0 554
 0 555
 0 556
 0 557
 0 558
 0 559
 0 560
 0 561
 0 562
 0 563
 0 564
 0 565
 0 566
 0 567
 0 568
 0 569
 0 570
 0 571
 0 572
 0 573
 0 574
 0 575
 0 576
 0 577
 0 578
 0 579
 0 580
 0 581
 0 582
 0 583
 0 584
 0 585
 0 586
 0 587
 0 588
 0 589
 0 590
 0 591
 0 592
 0 593
 0 594
 0 595
 0 596
 0 597
 0 598
 0 599
 0 600


