# Created by Octave 3.8.2, Mon Jun 22 05:05:49 2020 CEST <damian@fptrucha.inv.usc.es>
# name: hd
# type: matrix
# rows: 551
# columns: 2
 0 50
 0 51
 0 52
 0 53
 0 54
 0 55
 0 56
 0 57
 0 58
 0 59
 0 60
 0 61
 0 62
 0 63
 0 64
 0 65
 0 66
 0 67
 0 68
 0 69
 0 70
 0 71
 0 72
 0 73
 0 74
 0 75
 0 76
 0 77
 0 78
 0 79
 0 80
 0 81
 0 82
 0 83
 0 84
 0 85
 0 86
 0 87
 0 88
 4 89
 2 90
 11 91
 69 92
 105 93
 155 94
 237 95
 358 96
 534 97
 731 98
 953 99
 1053 100
 1236 101
 1309 102
 1328 103
 1360 104
 1373 105
 1378 106
 1393 107
 1237 108
 1244 109
 1244 110
 1143 111
 1061 112
 959 113
 926 114
 882 115
 784 116
 673 117
 616 118
 561 119
 533 120
 471 121
 464 122
 427 123
 360 124
 333 125
 329 126
 296 127
 253 128
 248 129
 240 130
 218 131
 193 132
 187 133
 160 134
 159 135
 134 136
 141 137
 121 138
 107 139
 111 140
 110 141
 97 142
 97 143
 89 144
 98 145
 71 146
 84 147
 70 148
 62 149
 72 150
 60 151
 50 152
 53 153
 55 154
 37 155
 39 156
 53 157
 49 158
 40 159
 36 160
 30 161
 36 162
 21 163
 24 164
 30 165
 29 166
 17 167
 24 168
 18 169
 22 170
 24 171
 17 172
 18 173
 15 174
 14 175
 15 176
 10 177
 15 178
 12 179
 10 180
 9 181
 3 182
 8 183
 9 184
 9 185
 9 186
 8 187
 4 188
 3 189
 8 190
 5 191
 4 192
 3 193
 1 194
 6 195
 3 196
 3 197
 3 198
 2 199
 3 200
 2 201
 1 202
 1 203
 2 204
 2 205
 2 206
 1 207
 1 208
 2 209
 1 210
 1 211
 1 212
 0 213
 0 214
 2 215
 0 216
 1 217
 1 218
 2 219
 0 220
 1 221
 1 222
 0 223
 1 224
 0 225
 0 226
 0 227
 1 228
 0 229
 1 230
 0 231
 0 232
 0 233
 0 234
 2 235
 0 236
 0 237
 0 238
 1 239
 0 240
 0 241
 0 242
 0 243
 1 244
 0 245
 0 246
 0 247
 0 248
 0 249
 0 250
 0 251
 0 252
 0 253
 0 254
 0 255
 0 256
 0 257
 0 258
 0 259
 0 260
 0 261
 0 262
 0 263
 0 264
 0 265
 0 266
 0 267
 0 268
 0 269
 0 270
 1 271
 1 272
 0 273
 1 274
 0 275
 0 276
 0 277
 1 278
 0 279
 0 280
 0 281
 0 282
 0 283
 0 284
 0 285
 2 286
 0 287
 2 288
 0 289
 1 290
 1 291
 2 292
 1 293
 1 294
 1 295
 0 296
 0 297
 2 298
 4 299
 1 300
 1 301
 2 302
 0 303
 1 304
 1 305
 5 306
 3 307
 0 308
 5 309
 1 310
 5 311
 1 312
 5 313
 3 314
 1 315
 4 316
 2 317
 2 318
 4 319
 3 320
 4 321
 1 322
 4 323
 0 324
 4 325
 3 326
 7 327
 2 328
 1 329
 0 330
 5 331
 2 332
 7 333
 4 334
 1 335
 5 336
 1 337
 1 338
 0 339
 1 340
 2 341
 2 342
 2 343
 2 344
 2 345
 7 346
 1 347
 1 348
 4 349
 4 350
 1 351
 2 352
 3 353
 4 354
 1 355
 0 356
 0 357
 0 358
 1 359
 3 360
 0 361
 4 362
 0 363
 0 364
 2 365
 1 366
 1 367
 2 368
 1 369
 0 370
 0 371
 1 372
 2 373
 0 374
 1 375
 1 376
 0 377
 0 378
 0 379
 3 380
 2 381
 0 382
 0 383
 1 384
 1 385
 1 386
 0 387
 2 388
 0 389
 1 390
 0 391
 0 392
 0 393
 0 394
 0 395
 0 396
 0 397
 0 398
 0 399
 0 400
 0 401
 0 402
 2 403
 0 404
 0 405
 0 406
 0 407
 0 408
 0 409
 2 410
 0 411
 0 412
 0 413
 0 414
 0 415
 0 416
 0 417
 0 418
 0 419
 0 420
 0 421
 0 422
 0 423
 0 424
 0 425
 0 426
 0 427
 0 428
 0 429
 0 430
 0 431
 0 432
 0 433
 0 434
 0 435
 0 436
 0 437
 0 438
 0 439
 0 440
 0 441
 0 442
 0 443
 0 444
 0 445
 0 446
 0 447
 0 448
 0 449
 0 450
 0 451
 0 452
 0 453
 0 454
 0 455
 0 456
 0 457
 0 458
 0 459
 0 460
 0 461
 0 462
 0 463
 0 464
 0 465
 0 466
 0 467
 0 468
 0 469
 0 470
 0 471
 0 472
 0 473
 0 474
 0 475
 0 476
 0 477
 0 478
 0 479
 0 480
 0 481
 0 482
 0 483
 0 484
 0 485
 0 486
 0 487
 0 488
 0 489
 0 490
 0 491
 0 492
 0 493
 0 494
 0 495
 0 496
 0 497
 0 498
 0 499
 0 500
 0 501
 0 502
 0 503
 0 504
 0 505
 0 506
 0 507
 0 508
 0 509
 0 510
 0 511
 0 512
 0 513
 0 514
 0 515
 0 516
 0 517
 0 518
 0 519
 0 520
 0 521
 0 522
 0 523
 0 524
 0 525
 0 526
 0 527
 0 528
 0 529
 0 530
 0 531
 0 532
 0 533
 0 534
 0 535
 0 536
 0 537
 0 538
 0 539
 0 540
 0 541
 0 542
 0 543
 0 544
 0 545
 0 546
 0 547
 0 548
 0 549
 0 550
 0 551
 0 552
 0 553
 0 554
 0 555
 0 556
 0 557
 0 558
 0 559
 0 560
 0 561
 0 562
 0 563
 0 564
 0 565
 0 566
 0 567
 0 568
 0 569
 0 570
 0 571
 0 572
 0 573
 0 574
 0 575
 0 576
 0 577
 0 578
 0 579
 0 580
 0 581
 0 582
 0 583
 0 584
 0 585
 0 586
 0 587
 0 588
 0 589
 0 590
 0 591
 0 592
 0 593
 0 594
 0 595
 0 596
 0 597
 0 598
 0 599
 0 600


