# Created by Octave 3.8.2, Sun Jun 21 04:29:48 2020 CEST <damian@fptrucha.inv.usc.es>
# name: hd
# type: matrix
# rows: 551
# columns: 2
 0 50
 0 51
 0 52
 0 53
 0 54
 0 55
 0 56
 0 57
 0 58
 0 59
 0 60
 0 61
 0 62
 0 63
 0 64
 0 65
 0 66
 0 67
 0 68
 0 69
 0 70
 0 71
 0 72
 0 73
 0 74
 0 75
 0 76
 0 77
 0 78
 0 79
 0 80
 0 81
 0 82
 0 83
 0 84
 0 85
 0 86
 0 87
 0 88
 1 89
 4 90
 28 91
 73 92
 119 93
 173 94
 258 95
 404 96
 612 97
 674 98
 871 99
 1060 100
 1053 101
 1141 102
 1238 103
 1221 104
 1365 105
 1327 106
 1367 107
 1290 108
 1288 109
 1271 110
 1195 111
 1154 112
 1068 113
 1071 114
 1041 115
 883 116
 829 117
 775 118
 719 119
 707 120
 655 121
 577 122
 569 123
 490 124
 463 125
 411 126
 406 127
 346 128
 346 129
 299 130
 286 131
 221 132
 249 133
 205 134
 186 135
 187 136
 162 137
 157 138
 132 139
 138 140
 130 141
 115 142
 124 143
 114 144
 103 145
 101 146
 75 147
 62 148
 54 149
 81 150
 81 151
 52 152
 65 153
 55 154
 58 155
 54 156
 49 157
 34 158
 41 159
 46 160
 21 161
 31 162
 37 163
 31 164
 23 165
 22 166
 17 167
 18 168
 23 169
 25 170
 13 171
 13 172
 20 173
 12 174
 12 175
 10 176
 13 177
 13 178
 11 179
 6 180
 6 181
 12 182
 9 183
 7 184
 14 185
 4 186
 4 187
 7 188
 3 189
 3 190
 4 191
 4 192
 3 193
 2 194
 1 195
 1 196
 3 197
 3 198
 5 199
 2 200
 2 201
 0 202
 5 203
 1 204
 1 205
 2 206
 0 207
 0 208
 0 209
 1 210
 1 211
 1 212
 1 213
 0 214
 0 215
 0 216
 1 217
 0 218
 1 219
 0 220
 1 221
 1 222
 0 223
 1 224
 0 225
 0 226
 0 227
 1 228
 1 229
 1 230
 0 231
 0 232
 0 233
 0 234
 0 235
 0 236
 0 237
 1 238
 0 239
 0 240
 0 241
 0 242
 0 243
 0 244
 0 245
 0 246
 0 247
 0 248
 0 249
 0 250
 0 251
 0 252
 0 253
 0 254
 0 255
 0 256
 0 257
 0 258
 0 259
 0 260
 0 261
 0 262
 0 263
 0 264
 0 265
 0 266
 0 267
 1 268
 0 269
 0 270
 0 271
 0 272
 0 273
 0 274
 0 275
 0 276
 0 277
 0 278
 0 279
 1 280
 1 281
 0 282
 0 283
 2 284
 1 285
 0 286
 1 287
 0 288
 2 289
 0 290
 0 291
 0 292
 1 293
 1 294
 1 295
 0 296
 0 297
 0 298
 1 299
 1 300
 0 301
 0 302
 1 303
 2 304
 5 305
 3 306
 2 307
 2 308
 1 309
 0 310
 3 311
 1 312
 2 313
 2 314
 2 315
 3 316
 0 317
 1 318
 1 319
 2 320
 2 321
 4 322
 1 323
 1 324
 2 325
 1 326
 2 327
 1 328
 2 329
 2 330
 3 331
 3 332
 2 333
 0 334
 6 335
 1 336
 0 337
 5 338
 5 339
 1 340
 0 341
 2 342
 2 343
 4 344
 0 345
 3 346
 0 347
 1 348
 1 349
 4 350
 2 351
 0 352
 0 353
 0 354
 0 355
 1 356
 2 357
 2 358
 2 359
 1 360
 1 361
 0 362
 0 363
 1 364
 0 365
 0 366
 1 367
 2 368
 0 369
 0 370
 0 371
 1 372
 1 373
 1 374
 0 375
 1 376
 1 377
 0 378
 0 379
 0 380
 0 381
 0 382
 2 383
 2 384
 0 385
 2 386
 1 387
 0 388
 1 389
 0 390
 1 391
 2 392
 1 393
 0 394
 0 395
 3 396
 0 397
 1 398
 0 399
 0 400
 0 401
 1 402
 1 403
 0 404
 0 405
 0 406
 0 407
 0 408
 0 409
 0 410
 0 411
 0 412
 0 413
 0 414
 0 415
 0 416
 0 417
 0 418
 0 419
 0 420
 0 421
 0 422
 0 423
 0 424
 0 425
 0 426
 0 427
 0 428
 0 429
 0 430
 0 431
 0 432
 0 433
 0 434
 0 435
 0 436
 0 437
 0 438
 0 439
 0 440
 0 441
 0 442
 0 443
 0 444
 0 445
 0 446
 0 447
 0 448
 0 449
 0 450
 0 451
 0 452
 0 453
 0 454
 0 455
 0 456
 0 457
 0 458
 0 459
 0 460
 0 461
 0 462
 0 463
 0 464
 0 465
 0 466
 0 467
 0 468
 0 469
 0 470
 0 471
 0 472
 0 473
 0 474
 0 475
 0 476
 0 477
 0 478
 0 479
 0 480
 0 481
 0 482
 0 483
 0 484
 0 485
 0 486
 0 487
 0 488
 0 489
 0 490
 0 491
 0 492
 0 493
 0 494
 0 495
 0 496
 0 497
 0 498
 0 499
 0 500
 0 501
 0 502
 0 503
 0 504
 0 505
 0 506
 0 507
 0 508
 0 509
 0 510
 0 511
 0 512
 0 513
 0 514
 0 515
 0 516
 0 517
 0 518
 0 519
 0 520
 0 521
 0 522
 0 523
 0 524
 0 525
 0 526
 0 527
 0 528
 0 529
 0 530
 0 531
 0 532
 0 533
 0 534
 0 535
 0 536
 0 537
 0 538
 0 539
 0 540
 0 541
 0 542
 0 543
 0 544
 0 545
 0 546
 0 547
 0 548
 0 549
 0 550
 0 551
 0 552
 0 553
 0 554
 0 555
 0 556
 0 557
 0 558
 0 559
 0 560
 0 561
 0 562
 0 563
 0 564
 0 565
 0 566
 0 567
 0 568
 0 569
 0 570
 0 571
 0 572
 0 573
 0 574
 0 575
 0 576
 0 577
 0 578
 0 579
 0 580
 0 581
 0 582
 0 583
 0 584
 0 585
 0 586
 0 587
 0 588
 0 589
 0 590
 0 591
 0 592
 0 593
 0 594
 0 595
 0 596
 0 597
 0 598
 0 599
 0 600


