# Created by Octave 3.8.2, Mon Jun 22 07:48:22 2020 CEST <damian@fptrucha.inv.usc.es>
# name: hd
# type: matrix
# rows: 551
# columns: 2
 0 50
 0 51
 0 52
 0 53
 0 54
 0 55
 0 56
 0 57
 0 58
 0 59
 0 60
 0 61
 0 62
 0 63
 0 64
 0 65
 0 66
 0 67
 0 68
 0 69
 0 70
 0 71
 0 72
 0 73
 0 74
 0 75
 0 76
 0 77
 0 78
 0 79
 0 80
 0 81
 0 82
 0 83
 0 84
 0 85
 0 86
 0 87
 0 88
 1 89
 0 90
 16 91
 63 92
 114 93
 159 94
 233 95
 346 96
 622 97
 777 98
 1019 99
 1143 100
 1357 101
 1400 102
 1390 103
 1441 104
 1510 105
 1471 106
 1431 107
 1360 108
 1333 109
 1293 110
 1160 111
 1164 112
 1040 113
 959 114
 856 115
 810 116
 752 117
 684 118
 612 119
 549 120
 506 121
 456 122
 384 123
 404 124
 380 125
 321 126
 300 127
 259 128
 291 129
 256 130
 216 131
 176 132
 191 133
 177 134
 169 135
 150 136
 138 137
 130 138
 118 139
 112 140
 95 141
 110 142
 92 143
 83 144
 81 145
 80 146
 70 147
 76 148
 56 149
 70 150
 71 151
 62 152
 60 153
 47 154
 40 155
 39 156
 39 157
 34 158
 41 159
 35 160
 27 161
 35 162
 31 163
 28 164
 31 165
 25 166
 23 167
 23 168
 27 169
 17 170
 33 171
 16 172
 17 173
 12 174
 16 175
 5 176
 5 177
 8 178
 8 179
 7 180
 10 181
 6 182
 5 183
 5 184
 11 185
 7 186
 10 187
 8 188
 6 189
 7 190
 3 191
 3 192
 2 193
 4 194
 4 195
 3 196
 2 197
 1 198
 6 199
 0 200
 2 201
 2 202
 7 203
 1 204
 6 205
 0 206
 2 207
 0 208
 1 209
 2 210
 1 211
 1 212
 0 213
 0 214
 1 215
 2 216
 0 217
 0 218
 1 219
 0 220
 0 221
 0 222
 0 223
 0 224
 0 225
 0 226
 0 227
 0 228
 0 229
 0 230
 0 231
 1 232
 0 233
 0 234
 1 235
 0 236
 0 237
 0 238
 0 239
 0 240
 0 241
 1 242
 0 243
 0 244
 0 245
 0 246
 0 247
 0 248
 0 249
 0 250
 0 251
 0 252
 0 253
 0 254
 0 255
 0 256
 0 257
 0 258
 0 259
 0 260
 0 261
 0 262
 0 263
 0 264
 0 265
 0 266
 0 267
 0 268
 0 269
 0 270
 0 271
 0 272
 0 273
 0 274
 0 275
 0 276
 0 277
 0 278
 1 279
 2 280
 0 281
 0 282
 0 283
 0 284
 0 285
 1 286
 1 287
 2 288
 1 289
 1 290
 1 291
 1 292
 1 293
 3 294
 1 295
 0 296
 0 297
 1 298
 1 299
 0 300
 1 301
 2 302
 1 303
 2 304
 1 305
 1 306
 1 307
 3 308
 1 309
 4 310
 4 311
 5 312
 3 313
 1 314
 0 315
 2 316
 1 317
 3 318
 1 319
 2 320
 2 321
 6 322
 3 323
 1 324
 0 325
 3 326
 1 327
 3 328
 3 329
 2 330
 4 331
 1 332
 3 333
 4 334
 2 335
 3 336
 1 337
 3 338
 2 339
 3 340
 3 341
 2 342
 4 343
 4 344
 0 345
 1 346
 2 347
 4 348
 1 349
 3 350
 4 351
 2 352
 3 353
 2 354
 1 355
 3 356
 6 357
 1 358
 3 359
 2 360
 5 361
 2 362
 0 363
 1 364
 1 365
 0 366
 3 367
 2 368
 1 369
 0 370
 1 371
 1 372
 0 373
 1 374
 1 375
 0 376
 0 377
 0 378
 0 379
 1 380
 0 381
 1 382
 1 383
 1 384
 0 385
 1 386
 1 387
 0 388
 0 389
 0 390
 0 391
 0 392
 0 393
 0 394
 0 395
 0 396
 1 397
 0 398
 0 399
 1 400
 0 401
 0 402
 0 403
 0 404
 0 405
 0 406
 0 407
 0 408
 0 409
 0 410
 0 411
 0 412
 0 413
 0 414
 0 415
 0 416
 0 417
 0 418
 0 419
 0 420
 0 421
 0 422
 0 423
 0 424
 0 425
 0 426
 0 427
 0 428
 0 429
 0 430
 0 431
 0 432
 0 433
 0 434
 0 435
 0 436
 0 437
 0 438
 0 439
 0 440
 0 441
 0 442
 0 443
 0 444
 0 445
 0 446
 0 447
 0 448
 0 449
 0 450
 0 451
 0 452
 0 453
 0 454
 0 455
 0 456
 0 457
 0 458
 0 459
 0 460
 0 461
 0 462
 0 463
 0 464
 0 465
 0 466
 0 467
 0 468
 0 469
 0 470
 0 471
 0 472
 0 473
 0 474
 0 475
 0 476
 0 477
 0 478
 0 479
 0 480
 0 481
 0 482
 0 483
 0 484
 0 485
 0 486
 0 487
 0 488
 0 489
 0 490
 0 491
 0 492
 0 493
 0 494
 0 495
 0 496
 0 497
 0 498
 0 499
 0 500
 0 501
 0 502
 0 503
 0 504
 0 505
 0 506
 0 507
 0 508
 0 509
 0 510
 0 511
 0 512
 0 513
 0 514
 0 515
 0 516
 0 517
 0 518
 0 519
 0 520
 0 521
 0 522
 0 523
 0 524
 0 525
 0 526
 0 527
 0 528
 0 529
 0 530
 0 531
 0 532
 0 533
 0 534
 0 535
 0 536
 0 537
 0 538
 0 539
 0 540
 0 541
 0 542
 0 543
 0 544
 0 545
 0 546
 0 547
 0 548
 0 549
 0 550
 0 551
 0 552
 0 553
 0 554
 0 555
 0 556
 0 557
 0 558
 0 559
 0 560
 0 561
 0 562
 0 563
 0 564
 0 565
 0 566
 0 567
 0 568
 0 569
 0 570
 0 571
 0 572
 0 573
 0 574
 0 575
 0 576
 0 577
 0 578
 0 579
 0 580
 0 581
 0 582
 0 583
 0 584
 0 585
 0 586
 0 587
 0 588
 0 589
 0 590
 0 591
 0 592
 0 593
 0 594
 0 595
 0 596
 0 597
 0 598
 0 599
 0 600


