# Created by Octave 3.8.2, Mon Jun 22 11:04:59 2020 CEST <damian@fptrucha.inv.usc.es>
# name: hd
# type: matrix
# rows: 551
# columns: 2
 0 50
 0 51
 0 52
 0 53
 0 54
 0 55
 0 56
 0 57
 0 58
 0 59
 0 60
 0 61
 0 62
 0 63
 0 64
 0 65
 0 66
 0 67
 0 68
 0 69
 0 70
 0 71
 0 72
 0 73
 0 74
 0 75
 0 76
 0 77
 0 78
 0 79
 0 80
 0 81
 0 82
 0 83
 1 84
 0 85
 0 86
 1 87
 2 88
 1 89
 2 90
 19 91
 90 92
 110 93
 176 94
 282 95
 457 96
 663 97
 926 98
 964 99
 1252 100
 1365 101
 1452 102
 1456 103
 1535 104
 1573 105
 1515 106
 1494 107
 1407 108
 1358 109
 1323 110
 1263 111
 1179 112
 1040 113
 1012 114
 919 115
 828 116
 688 117
 650 118
 569 119
 568 120
 516 121
 490 122
 450 123
 383 124
 376 125
 307 126
 297 127
 270 128
 239 129
 262 130
 195 131
 196 132
 214 133
 166 134
 153 135
 163 136
 131 137
 129 138
 121 139
 114 140
 130 141
 85 142
 101 143
 87 144
 61 145
 88 146
 75 147
 61 148
 50 149
 54 150
 64 151
 59 152
 58 153
 63 154
 43 155
 51 156
 44 157
 46 158
 44 159
 32 160
 29 161
 37 162
 23 163
 25 164
 17 165
 23 166
 27 167
 18 168
 23 169
 19 170
 15 171
 15 172
 12 173
 16 174
 12 175
 10 176
 10 177
 6 178
 7 179
 8 180
 12 181
 4 182
 12 183
 5 184
 7 185
 7 186
 6 187
 5 188
 3 189
 5 190
 11 191
 3 192
 4 193
 2 194
 4 195
 1 196
 5 197
 3 198
 3 199
 2 200
 2 201
 0 202
 1 203
 1 204
 2 205
 1 206
 0 207
 0 208
 2 209
 1 210
 0 211
 0 212
 2 213
 1 214
 0 215
 0 216
 0 217
 1 218
 0 219
 0 220
 0 221
 1 222
 0 223
 1 224
 0 225
 0 226
 2 227
 2 228
 0 229
 0 230
 0 231
 0 232
 0 233
 1 234
 0 235
 0 236
 1 237
 0 238
 0 239
 0 240
 0 241
 0 242
 0 243
 0 244
 0 245
 0 246
 0 247
 0 248
 0 249
 0 250
 0 251
 0 252
 0 253
 0 254
 0 255
 0 256
 0 257
 0 258
 0 259
 0 260
 0 261
 0 262
 0 263
 0 264
 0 265
 0 266
 0 267
 0 268
 1 269
 0 270
 0 271
 0 272
 0 273
 0 274
 1 275
 0 276
 0 277
 0 278
 0 279
 0 280
 0 281
 0 282
 0 283
 0 284
 0 285
 1 286
 1 287
 0 288
 0 289
 0 290
 0 291
 2 292
 1 293
 3 294
 2 295
 2 296
 4 297
 1 298
 2 299
 0 300
 1 301
 2 302
 4 303
 1 304
 0 305
 5 306
 2 307
 1 308
 3 309
 1 310
 6 311
 6 312
 6 313
 3 314
 0 315
 1 316
 4 317
 3 318
 3 319
 4 320
 0 321
 4 322
 3 323
 2 324
 4 325
 4 326
 3 327
 1 328
 5 329
 3 330
 4 331
 3 332
 2 333
 1 334
 3 335
 1 336
 1 337
 2 338
 3 339
 0 340
 2 341
 2 342
 2 343
 1 344
 2 345
 1 346
 2 347
 3 348
 2 349
 2 350
 1 351
 4 352
 2 353
 2 354
 6 355
 2 356
 0 357
 1 358
 0 359
 0 360
 1 361
 1 362
 1 363
 4 364
 2 365
 1 366
 2 367
 2 368
 0 369
 0 370
 0 371
 0 372
 1 373
 0 374
 0 375
 0 376
 0 377
 0 378
 0 379
 0 380
 1 381
 0 382
 0 383
 1 384
 0 385
 0 386
 0 387
 0 388
 1 389
 0 390
 0 391
 0 392
 0 393
 0 394
 0 395
 0 396
 0 397
 0 398
 1 399
 1 400
 0 401
 0 402
 0 403
 0 404
 0 405
 0 406
 0 407
 0 408
 0 409
 0 410
 1 411
 0 412
 0 413
 0 414
 1 415
 0 416
 0 417
 0 418
 0 419
 0 420
 0 421
 0 422
 1 423
 0 424
 0 425
 0 426
 0 427
 0 428
 0 429
 0 430
 0 431
 0 432
 0 433
 0 434
 0 435
 0 436
 0 437
 0 438
 0 439
 0 440
 0 441
 0 442
 0 443
 0 444
 0 445
 0 446
 0 447
 0 448
 0 449
 0 450
 0 451
 0 452
 0 453
 0 454
 0 455
 0 456
 0 457
 0 458
 0 459
 0 460
 0 461
 0 462
 0 463
 0 464
 0 465
 0 466
 0 467
 0 468
 0 469
 0 470
 0 471
 0 472
 0 473
 0 474
 0 475
 0 476
 0 477
 0 478
 0 479
 0 480
 0 481
 0 482
 0 483
 0 484
 0 485
 0 486
 0 487
 0 488
 0 489
 0 490
 0 491
 0 492
 0 493
 0 494
 0 495
 0 496
 0 497
 0 498
 0 499
 0 500
 0 501
 0 502
 0 503
 0 504
 0 505
 0 506
 0 507
 0 508
 0 509
 0 510
 0 511
 0 512
 0 513
 0 514
 0 515
 0 516
 0 517
 0 518
 0 519
 0 520
 0 521
 0 522
 0 523
 0 524
 0 525
 0 526
 0 527
 0 528
 0 529
 0 530
 0 531
 0 532
 0 533
 0 534
 0 535
 0 536
 0 537
 0 538
 0 539
 0 540
 0 541
 0 542
 0 543
 0 544
 0 545
 0 546
 0 547
 0 548
 0 549
 0 550
 0 551
 0 552
 0 553
 0 554
 0 555
 0 556
 0 557
 0 558
 0 559
 0 560
 0 561
 0 562
 0 563
 0 564
 0 565
 0 566
 0 567
 0 568
 0 569
 0 570
 0 571
 0 572
 0 573
 0 574
 0 575
 0 576
 0 577
 0 578
 0 579
 0 580
 0 581
 0 582
 0 583
 0 584
 0 585
 0 586
 0 587
 0 588
 0 589
 0 590
 0 591
 0 592
 0 593
 0 594
 0 595
 0 596
 0 597
 0 598
 0 599
 0 600


