# Created by Octave 3.8.2, Sat Jun 20 02:21:56 2020 CEST <damian@fptrucha.inv.usc.es>
# name: hd
# type: matrix
# rows: 551
# columns: 2
 0 50
 0 51
 0 52
 0 53
 0 54
 0 55
 0 56
 0 57
 0 58
 0 59
 0 60
 0 61
 0 62
 0 63
 0 64
 0 65
 0 66
 0 67
 0 68
 0 69
 0 70
 0 71
 0 72
 0 73
 0 74
 0 75
 0 76
 0 77
 0 78
 0 79
 0 80
 0 81
 0 82
 0 83
 0 84
 0 85
 0 86
 0 87
 0 88
 0 89
 1 90
 24 91
 86 92
 127 93
 184 94
 267 95
 408 96
 621 97
 731 98
 875 99
 1070 100
 1180 101
 1175 102
 1290 103
 1447 104
 1405 105
 1325 106
 1402 107
 1335 108
 1253 109
 1393 110
 1292 111
 1223 112
 1203 113
 1103 114
 1081 115
 1022 116
 936 117
 859 118
 804 119
 788 120
 717 121
 633 122
 614 123
 564 124
 542 125
 451 126
 415 127
 421 128
 392 129
 345 130
 288 131
 289 132
 284 133
 264 134
 243 135
 255 136
 185 137
 198 138
 167 139
 163 140
 165 141
 137 142
 124 143
 127 144
 118 145
 111 146
 89 147
 96 148
 101 149
 96 150
 59 151
 74 152
 59 153
 63 154
 62 155
 60 156
 60 157
 52 158
 51 159
 44 160
 53 161
 41 162
 38 163
 34 164
 36 165
 35 166
 21 167
 19 168
 17 169
 22 170
 18 171
 21 172
 15 173
 20 174
 9 175
 16 176
 9 177
 12 178
 19 179
 8 180
 13 181
 9 182
 7 183
 8 184
 5 185
 11 186
 9 187
 5 188
 6 189
 6 190
 3 191
 5 192
 4 193
 0 194
 3 195
 2 196
 2 197
 2 198
 2 199
 9 200
 3 201
 3 202
 2 203
 0 204
 4 205
 3 206
 1 207
 2 208
 1 209
 0 210
 2 211
 0 212
 0 213
 0 214
 0 215
 0 216
 0 217
 0 218
 0 219
 0 220
 0 221
 2 222
 0 223
 0 224
 0 225
 1 226
 0 227
 1 228
 0 229
 0 230
 0 231
 0 232
 0 233
 0 234
 0 235
 0 236
 0 237
 0 238
 0 239
 0 240
 0 241
 0 242
 0 243
 0 244
 0 245
 0 246
 0 247
 0 248
 0 249
 0 250
 0 251
 0 252
 0 253
 0 254
 0 255
 0 256
 0 257
 0 258
 0 259
 0 260
 0 261
 0 262
 0 263
 0 264
 0 265
 0 266
 0 267
 0 268
 0 269
 0 270
 0 271
 0 272
 0 273
 0 274
 1 275
 0 276
 0 277
 0 278
 0 279
 0 280
 1 281
 0 282
 0 283
 0 284
 0 285
 0 286
 1 287
 2 288
 0 289
 1 290
 2 291
 0 292
 1 293
 0 294
 1 295
 0 296
 0 297
 1 298
 2 299
 1 300
 1 301
 0 302
 4 303
 2 304
 0 305
 2 306
 5 307
 2 308
 2 309
 3 310
 2 311
 5 312
 1 313
 1 314
 1 315
 2 316
 3 317
 3 318
 2 319
 6 320
 0 321
 4 322
 2 323
 4 324
 2 325
 4 326
 0 327
 4 328
 2 329
 1 330
 4 331
 5 332
 1 333
 4 334
 3 335
 4 336
 4 337
 2 338
 1 339
 4 340
 0 341
 2 342
 0 343
 2 344
 1 345
 7 346
 4 347
 4 348
 3 349
 2 350
 4 351
 2 352
 2 353
 3 354
 1 355
 4 356
 0 357
 3 358
 2 359
 0 360
 3 361
 0 362
 1 363
 1 364
 2 365
 0 366
 1 367
 2 368
 0 369
 3 370
 2 371
 3 372
 0 373
 2 374
 2 375
 0 376
 1 377
 1 378
 1 379
 1 380
 2 381
 0 382
 0 383
 0 384
 0 385
 0 386
 0 387
 0 388
 1 389
 0 390
 1 391
 1 392
 0 393
 0 394
 0 395
 0 396
 0 397
 0 398
 0 399
 0 400
 0 401
 1 402
 0 403
 0 404
 1 405
 0 406
 0 407
 0 408
 0 409
 0 410
 0 411
 0 412
 0 413
 0 414
 0 415
 0 416
 0 417
 0 418
 0 419
 0 420
 0 421
 0 422
 0 423
 0 424
 0 425
 0 426
 0 427
 0 428
 0 429
 0 430
 0 431
 0 432
 0 433
 0 434
 0 435
 0 436
 0 437
 0 438
 0 439
 0 440
 0 441
 0 442
 0 443
 0 444
 0 445
 0 446
 0 447
 0 448
 0 449
 0 450
 0 451
 0 452
 0 453
 0 454
 0 455
 0 456
 0 457
 0 458
 0 459
 0 460
 0 461
 0 462
 0 463
 0 464
 0 465
 0 466
 0 467
 0 468
 0 469
 0 470
 0 471
 0 472
 0 473
 0 474
 0 475
 0 476
 0 477
 0 478
 0 479
 0 480
 0 481
 0 482
 0 483
 0 484
 0 485
 0 486
 0 487
 0 488
 0 489
 0 490
 0 491
 0 492
 0 493
 0 494
 0 495
 0 496
 0 497
 0 498
 0 499
 0 500
 0 501
 0 502
 0 503
 0 504
 0 505
 0 506
 0 507
 0 508
 0 509
 0 510
 0 511
 0 512
 0 513
 0 514
 0 515
 0 516
 0 517
 0 518
 0 519
 0 520
 0 521
 0 522
 0 523
 0 524
 0 525
 0 526
 0 527
 0 528
 0 529
 0 530
 0 531
 0 532
 0 533
 0 534
 0 535
 0 536
 0 537
 0 538
 0 539
 0 540
 0 541
 0 542
 0 543
 0 544
 0 545
 0 546
 0 547
 0 548
 0 549
 0 550
 0 551
 0 552
 0 553
 0 554
 0 555
 0 556
 0 557
 0 558
 0 559
 0 560
 0 561
 0 562
 0 563
 0 564
 0 565
 0 566
 0 567
 0 568
 0 569
 0 570
 0 571
 0 572
 0 573
 0 574
 0 575
 0 576
 0 577
 0 578
 0 579
 0 580
 0 581
 0 582
 0 583
 0 584
 0 585
 0 586
 0 587
 0 588
 0 589
 0 590
 0 591
 0 592
 0 593
 0 594
 0 595
 0 596
 0 597
 0 598
 0 599
 0 600


