# Created by Octave 3.8.2, Sat Jun 20 08:40:02 2020 CEST <damian@fptrucha.inv.usc.es>
# name: hd
# type: matrix
# rows: 551
# columns: 2
 0 50
 0 51
 0 52
 0 53
 0 54
 0 55
 0 56
 0 57
 0 58
 0 59
 0 60
 0 61
 0 62
 0 63
 0 64
 0 65
 0 66
 0 67
 0 68
 0 69
 0 70
 0 71
 0 72
 0 73
 0 74
 0 75
 0 76
 0 77
 0 78
 0 79
 0 80
 0 81
 0 82
 0 83
 0 84
 0 85
 0 86
 0 87
 3 88
 2 89
 10 90
 33 91
 121 92
 152 93
 213 94
 325 95
 515 96
 824 97
 968 98
 1148 99
 1396 100
 1496 101
 1535 102
 1662 103
 1638 104
 1738 105
 1631 106
 1682 107
 1620 108
 1573 109
 1498 110
 1516 111
 1361 112
 1290 113
 1116 114
 1096 115
 1044 116
 986 117
 848 118
 767 119
 765 120
 677 121
 603 122
 530 123
 506 124
 461 125
 404 126
 332 127
 368 128
 312 129
 273 130
 257 131
 263 132
 221 133
 202 134
 180 135
 186 136
 176 137
 142 138
 150 139
 137 140
 131 141
 125 142
 94 143
 80 144
 98 145
 78 146
 76 147
 70 148
 76 149
 54 150
 49 151
 56 152
 60 153
 45 154
 42 155
 39 156
 54 157
 33 158
 41 159
 34 160
 22 161
 28 162
 33 163
 25 164
 15 165
 20 166
 22 167
 19 168
 17 169
 16 170
 23 171
 15 172
 14 173
 15 174
 13 175
 8 176
 13 177
 6 178
 6 179
 7 180
 4 181
 6 182
 4 183
 5 184
 4 185
 3 186
 6 187
 6 188
 0 189
 8 190
 3 191
 4 192
 1 193
 0 194
 3 195
 7 196
 0 197
 0 198
 2 199
 0 200
 1 201
 0 202
 2 203
 0 204
 0 205
 2 206
 3 207
 1 208
 1 209
 1 210
 0 211
 1 212
 0 213
 0 214
 0 215
 0 216
 0 217
 0 218
 0 219
 0 220
 0 221
 0 222
 0 223
 1 224
 1 225
 0 226
 0 227
 0 228
 0 229
 0 230
 0 231
 0 232
 0 233
 1 234
 0 235
 0 236
 0 237
 0 238
 0 239
 0 240
 0 241
 0 242
 0 243
 0 244
 0 245
 0 246
 0 247
 0 248
 0 249
 0 250
 0 251
 0 252
 1 253
 0 254
 0 255
 0 256
 0 257
 0 258
 0 259
 0 260
 0 261
 0 262
 0 263
 0 264
 0 265
 0 266
 0 267
 0 268
 0 269
 0 270
 1 271
 0 272
 0 273
 0 274
 0 275
 0 276
 0 277
 0 278
 0 279
 0 280
 0 281
 0 282
 0 283
 0 284
 1 285
 0 286
 0 287
 0 288
 0 289
 1 290
 0 291
 0 292
 1 293
 0 294
 2 295
 0 296
 0 297
 0 298
 2 299
 1 300
 0 301
 2 302
 1 303
 1 304
 0 305
 0 306
 2 307
 2 308
 2 309
 3 310
 2 311
 2 312
 6 313
 1 314
 3 315
 1 316
 1 317
 2 318
 0 319
 2 320
 0 321
 0 322
 2 323
 2 324
 2 325
 1 326
 2 327
 1 328
 0 329
 2 330
 1 331
 2 332
 2 333
 0 334
 0 335
 2 336
 0 337
 1 338
 4 339
 2 340
 1 341
 2 342
 0 343
 3 344
 1 345
 4 346
 0 347
 2 348
 0 349
 1 350
 1 351
 2 352
 2 353
 1 354
 1 355
 3 356
 1 357
 0 358
 2 359
 0 360
 3 361
 0 362
 0 363
 2 364
 1 365
 0 366
 0 367
 1 368
 2 369
 0 370
 0 371
 0 372
 1 373
 0 374
 0 375
 3 376
 2 377
 2 378
 1 379
 0 380
 1 381
 0 382
 0 383
 1 384
 0 385
 0 386
 0 387
 1 388
 1 389
 1 390
 0 391
 3 392
 0 393
 0 394
 0 395
 0 396
 0 397
 0 398
 0 399
 1 400
 0 401
 0 402
 0 403
 0 404
 0 405
 0 406
 0 407
 0 408
 0 409
 1 410
 0 411
 0 412
 0 413
 0 414
 0 415
 0 416
 0 417
 0 418
 0 419
 0 420
 0 421
 0 422
 0 423
 0 424
 0 425
 0 426
 0 427
 0 428
 0 429
 0 430
 0 431
 0 432
 0 433
 0 434
 0 435
 0 436
 0 437
 0 438
 0 439
 0 440
 0 441
 0 442
 0 443
 0 444
 0 445
 0 446
 0 447
 0 448
 0 449
 0 450
 0 451
 0 452
 0 453
 0 454
 0 455
 0 456
 0 457
 0 458
 0 459
 0 460
 0 461
 0 462
 0 463
 0 464
 0 465
 0 466
 0 467
 0 468
 0 469
 0 470
 0 471
 0 472
 0 473
 0 474
 0 475
 0 476
 0 477
 0 478
 0 479
 0 480
 0 481
 0 482
 0 483
 0 484
 0 485
 0 486
 0 487
 0 488
 0 489
 0 490
 0 491
 0 492
 0 493
 0 494
 0 495
 0 496
 0 497
 0 498
 0 499
 0 500
 0 501
 0 502
 0 503
 0 504
 0 505
 0 506
 0 507
 0 508
 0 509
 0 510
 0 511
 0 512
 0 513
 0 514
 0 515
 0 516
 0 517
 0 518
 0 519
 0 520
 0 521
 0 522
 0 523
 0 524
 0 525
 0 526
 0 527
 0 528
 0 529
 0 530
 0 531
 0 532
 0 533
 0 534
 0 535
 0 536
 0 537
 0 538
 0 539
 0 540
 0 541
 0 542
 0 543
 0 544
 0 545
 0 546
 0 547
 0 548
 0 549
 0 550
 0 551
 0 552
 0 553
 0 554
 0 555
 0 556
 0 557
 0 558
 0 559
 0 560
 0 561
 0 562
 0 563
 0 564
 0 565
 0 566
 0 567
 0 568
 0 569
 0 570
 0 571
 0 572
 0 573
 0 574
 0 575
 0 576
 0 577
 0 578
 0 579
 0 580
 0 581
 0 582
 0 583
 0 584
 0 585
 0 586
 0 587
 0 588
 0 589
 0 590
 0 591
 0 592
 0 593
 0 594
 0 595
 0 596
 0 597
 0 598
 0 599
 0 600


