# Created by Octave 3.8.2, Mon Jun 22 02:24:30 2020 CEST <damian@fptrucha.inv.usc.es>
# name: hd
# type: matrix
# rows: 551
# columns: 2
 0 50
 0 51
 0 52
 0 53
 0 54
 0 55
 0 56
 0 57
 0 58
 0 59
 0 60
 0 61
 0 62
 0 63
 0 64
 0 65
 0 66
 0 67
 0 68
 0 69
 0 70
 0 71
 0 72
 0 73
 0 74
 0 75
 0 76
 0 77
 0 78
 0 79
 0 80
 0 81
 0 82
 0 83
 0 84
 0 85
 0 86
 0 87
 0 88
 2 89
 9 90
 21 91
 64 92
 89 93
 167 94
 247 95
 350 96
 567 97
 686 98
 784 99
 977 100
 1113 101
 1123 102
 1224 103
 1162 104
 1245 105
 1146 106
 1124 107
 1111 108
 993 109
 1076 110
 997 111
 919 112
 870 113
 852 114
 780 115
 642 116
 626 117
 557 118
 531 119
 512 120
 466 121
 420 122
 340 123
 327 124
 306 125
 270 126
 275 127
 224 128
 229 129
 198 130
 198 131
 163 132
 160 133
 143 134
 138 135
 115 136
 115 137
 112 138
 118 139
 103 140
 73 141
 86 142
 89 143
 85 144
 67 145
 77 146
 65 147
 52 148
 51 149
 62 150
 52 151
 43 152
 47 153
 42 154
 40 155
 33 156
 30 157
 38 158
 34 159
 29 160
 18 161
 27 162
 20 163
 17 164
 14 165
 14 166
 22 167
 14 168
 14 169
 14 170
 15 171
 15 172
 11 173
 14 174
 13 175
 8 176
 11 177
 8 178
 11 179
 6 180
 9 181
 5 182
 6 183
 8 184
 3 185
 4 186
 5 187
 2 188
 4 189
 3 190
 0 191
 4 192
 2 193
 4 194
 3 195
 2 196
 2 197
 2 198
 2 199
 3 200
 2 201
 1 202
 6 203
 4 204
 1 205
 1 206
 0 207
 1 208
 1 209
 0 210
 0 211
 0 212
 2 213
 1 214
 0 215
 0 216
 0 217
 1 218
 1 219
 0 220
 0 221
 0 222
 0 223
 0 224
 0 225
 0 226
 0 227
 0 228
 0 229
 0 230
 1 231
 0 232
 0 233
 0 234
 0 235
 0 236
 0 237
 0 238
 0 239
 0 240
 0 241
 0 242
 0 243
 0 244
 0 245
 0 246
 0 247
 0 248
 0 249
 0 250
 0 251
 0 252
 0 253
 0 254
 0 255
 0 256
 0 257
 0 258
 0 259
 0 260
 0 261
 0 262
 0 263
 0 264
 0 265
 0 266
 0 267
 0 268
 0 269
 0 270
 0 271
 0 272
 0 273
 0 274
 0 275
 0 276
 0 277
 0 278
 1 279
 1 280
 0 281
 1 282
 1 283
 0 284
 1 285
 1 286
 1 287
 0 288
 1 289
 0 290
 1 291
 1 292
 0 293
 0 294
 2 295
 1 296
 0 297
 0 298
 0 299
 1 300
 1 301
 0 302
 4 303
 0 304
 1 305
 0 306
 0 307
 4 308
 1 309
 0 310
 3 311
 1 312
 1 313
 2 314
 1 315
 2 316
 1 317
 4 318
 1 319
 1 320
 5 321
 1 322
 2 323
 2 324
 0 325
 1 326
 2 327
 2 328
 2 329
 3 330
 5 331
 1 332
 1 333
 1 334
 0 335
 1 336
 0 337
 4 338
 0 339
 2 340
 1 341
 1 342
 3 343
 2 344
 3 345
 0 346
 1 347
 1 348
 0 349
 2 350
 0 351
 1 352
 1 353
 3 354
 3 355
 1 356
 1 357
 0 358
 2 359
 5 360
 0 361
 1 362
 1 363
 1 364
 0 365
 0 366
 1 367
 1 368
 2 369
 0 370
 2 371
 0 372
 0 373
 1 374
 0 375
 0 376
 0 377
 0 378
 0 379
 0 380
 0 381
 0 382
 0 383
 0 384
 1 385
 0 386
 0 387
 0 388
 0 389
 0 390
 0 391
 0 392
 0 393
 0 394
 0 395
 0 396
 0 397
 0 398
 0 399
 0 400
 0 401
 0 402
 0 403
 0 404
 0 405
 0 406
 1 407
 0 408
 0 409
 0 410
 0 411
 0 412
 0 413
 0 414
 1 415
 0 416
 0 417
 0 418
 0 419
 0 420
 0 421
 0 422
 0 423
 0 424
 0 425
 0 426
 0 427
 1 428
 0 429
 0 430
 0 431
 0 432
 0 433
 0 434
 0 435
 0 436
 0 437
 0 438
 0 439
 0 440
 0 441
 0 442
 0 443
 0 444
 0 445
 0 446
 0 447
 0 448
 0 449
 0 450
 0 451
 0 452
 0 453
 0 454
 0 455
 0 456
 0 457
 0 458
 0 459
 0 460
 0 461
 0 462
 0 463
 0 464
 0 465
 0 466
 0 467
 0 468
 0 469
 0 470
 0 471
 0 472
 0 473
 0 474
 0 475
 0 476
 0 477
 0 478
 0 479
 0 480
 0 481
 0 482
 0 483
 0 484
 0 485
 0 486
 0 487
 0 488
 0 489
 0 490
 0 491
 0 492
 0 493
 0 494
 0 495
 0 496
 0 497
 0 498
 0 499
 0 500
 0 501
 0 502
 0 503
 0 504
 0 505
 0 506
 0 507
 0 508
 0 509
 0 510
 0 511
 0 512
 0 513
 0 514
 0 515
 0 516
 0 517
 0 518
 0 519
 0 520
 0 521
 0 522
 0 523
 0 524
 0 525
 0 526
 0 527
 0 528
 0 529
 0 530
 0 531
 0 532
 0 533
 0 534
 0 535
 0 536
 0 537
 0 538
 0 539
 0 540
 0 541
 0 542
 0 543
 0 544
 0 545
 0 546
 0 547
 0 548
 0 549
 0 550
 0 551
 0 552
 0 553
 0 554
 0 555
 0 556
 0 557
 0 558
 0 559
 0 560
 0 561
 0 562
 0 563
 0 564
 0 565
 0 566
 0 567
 0 568
 0 569
 0 570
 0 571
 0 572
 0 573
 0 574
 0 575
 0 576
 0 577
 0 578
 0 579
 0 580
 0 581
 0 582
 0 583
 0 584
 0 585
 0 586
 0 587
 0 588
 0 589
 0 590
 0 591
 0 592
 0 593
 0 594
 0 595
 0 596
 0 597
 0 598
 0 599
 0 600


