# Created by Octave 3.8.2, Mon Jun 22 06:09:54 2020 CEST <damian@fptrucha.inv.usc.es>
# name: hd
# type: matrix
# rows: 551
# columns: 2
 0 50
 0 51
 0 52
 0 53
 0 54
 0 55
 0 56
 0 57
 0 58
 0 59
 0 60
 0 61
 0 62
 0 63
 0 64
 0 65
 0 66
 0 67
 0 68
 0 69
 0 70
 0 71
 0 72
 0 73
 0 74
 0 75
 0 76
 0 77
 0 78
 0 79
 0 80
 0 81
 0 82
 0 83
 0 84
 0 85
 0 86
 1 87
 2 88
 4 89
 3 90
 19 91
 75 92
 120 93
 168 94
 239 95
 359 96
 596 97
 798 98
 1030 99
 1158 100
 1307 101
 1347 102
 1428 103
 1425 104
 1447 105
 1474 106
 1435 107
 1374 108
 1267 109
 1309 110
 1140 111
 1110 112
 980 113
 979 114
 875 115
 762 116
 773 117
 667 118
 565 119
 478 120
 488 121
 470 122
 397 123
 363 124
 339 125
 301 126
 304 127
 274 128
 248 129
 211 130
 225 131
 169 132
 171 133
 171 134
 139 135
 145 136
 118 137
 131 138
 109 139
 109 140
 95 141
 106 142
 95 143
 92 144
 92 145
 64 146
 90 147
 68 148
 62 149
 53 150
 69 151
 48 152
 46 153
 59 154
 55 155
 47 156
 49 157
 31 158
 41 159
 39 160
 33 161
 28 162
 23 163
 24 164
 22 165
 21 166
 21 167
 25 168
 21 169
 19 170
 29 171
 16 172
 15 173
 6 174
 12 175
 18 176
 12 177
 5 178
 13 179
 5 180
 5 181
 10 182
 13 183
 8 184
 7 185
 3 186
 8 187
 10 188
 5 189
 5 190
 3 191
 4 192
 3 193
 5 194
 2 195
 2 196
 0 197
 2 198
 2 199
 2 200
 3 201
 3 202
 2 203
 4 204
 2 205
 1 206
 1 207
 1 208
 1 209
 0 210
 0 211
 0 212
 0 213
 2 214
 2 215
 1 216
 1 217
 0 218
 1 219
 0 220
 1 221
 2 222
 0 223
 2 224
 1 225
 1 226
 0 227
 0 228
 0 229
 0 230
 0 231
 0 232
 0 233
 1 234
 0 235
 0 236
 0 237
 0 238
 1 239
 0 240
 0 241
 0 242
 0 243
 0 244
 0 245
 0 246
 1 247
 0 248
 0 249
 0 250
 0 251
 0 252
 0 253
 0 254
 0 255
 0 256
 0 257
 0 258
 0 259
 0 260
 0 261
 0 262
 0 263
 0 264
 0 265
 0 266
 0 267
 0 268
 0 269
 0 270
 0 271
 0 272
 0 273
 1 274
 0 275
 0 276
 0 277
 1 278
 1 279
 0 280
 0 281
 0 282
 0 283
 1 284
 1 285
 0 286
 0 287
 0 288
 1 289
 2 290
 1 291
 0 292
 1 293
 1 294
 1 295
 0 296
 1 297
 0 298
 3 299
 0 300
 1 301
 2 302
 2 303
 2 304
 1 305
 1 306
 1 307
 1 308
 2 309
 5 310
 2 311
 5 312
 2 313
 2 314
 3 315
 1 316
 1 317
 3 318
 1 319
 3 320
 2 321
 1 322
 3 323
 4 324
 3 325
 4 326
 5 327
 2 328
 3 329
 4 330
 6 331
 3 332
 1 333
 2 334
 2 335
 2 336
 4 337
 1 338
 3 339
 1 340
 3 341
 2 342
 1 343
 0 344
 3 345
 1 346
 3 347
 0 348
 3 349
 0 350
 0 351
 1 352
 2 353
 2 354
 1 355
 4 356
 2 357
 4 358
 1 359
 1 360
 1 361
 1 362
 1 363
 2 364
 0 365
 1 366
 0 367
 2 368
 0 369
 0 370
 2 371
 1 372
 0 373
 1 374
 0 375
 1 376
 1 377
 1 378
 1 379
 0 380
 0 381
 1 382
 1 383
 2 384
 1 385
 1 386
 1 387
 1 388
 0 389
 0 390
 0 391
 0 392
 0 393
 0 394
 1 395
 0 396
 1 397
 0 398
 0 399
 0 400
 0 401
 0 402
 1 403
 0 404
 0 405
 2 406
 0 407
 0 408
 0 409
 0 410
 0 411
 0 412
 0 413
 1 414
 0 415
 0 416
 0 417
 0 418
 0 419
 0 420
 0 421
 0 422
 0 423
 0 424
 0 425
 0 426
 0 427
 0 428
 0 429
 0 430
 0 431
 0 432
 0 433
 0 434
 0 435
 0 436
 0 437
 0 438
 0 439
 0 440
 0 441
 0 442
 0 443
 0 444
 0 445
 0 446
 0 447
 0 448
 0 449
 0 450
 0 451
 0 452
 0 453
 0 454
 0 455
 0 456
 0 457
 0 458
 0 459
 0 460
 0 461
 0 462
 0 463
 0 464
 0 465
 0 466
 0 467
 0 468
 0 469
 0 470
 0 471
 0 472
 0 473
 0 474
 0 475
 0 476
 0 477
 0 478
 0 479
 0 480
 0 481
 0 482
 0 483
 0 484
 0 485
 0 486
 0 487
 0 488
 0 489
 0 490
 0 491
 0 492
 0 493
 0 494
 0 495
 0 496
 0 497
 0 498
 0 499
 0 500
 0 501
 0 502
 0 503
 0 504
 0 505
 0 506
 0 507
 0 508
 0 509
 0 510
 0 511
 0 512
 0 513
 0 514
 0 515
 0 516
 0 517
 0 518
 0 519
 0 520
 0 521
 0 522
 0 523
 0 524
 0 525
 0 526
 0 527
 0 528
 0 529
 0 530
 0 531
 0 532
 0 533
 0 534
 0 535
 0 536
 0 537
 0 538
 0 539
 0 540
 0 541
 0 542
 0 543
 0 544
 0 545
 0 546
 0 547
 0 548
 0 549
 0 550
 0 551
 0 552
 0 553
 0 554
 0 555
 0 556
 0 557
 0 558
 0 559
 0 560
 0 561
 0 562
 0 563
 0 564
 0 565
 0 566
 0 567
 0 568
 0 569
 0 570
 0 571
 0 572
 0 573
 0 574
 0 575
 0 576
 0 577
 0 578
 0 579
 0 580
 0 581
 0 582
 0 583
 0 584
 0 585
 0 586
 0 587
 0 588
 0 589
 0 590
 0 591
 0 592
 0 593
 0 594
 0 595
 0 596
 0 597
 0 598
 0 599
 0 600


