# Created by Octave 3.8.2, Sat Jun 20 04:26:45 2020 CEST <damian@fptrucha.inv.usc.es>
# name: hd
# type: matrix
# rows: 551
# columns: 2
 0 50
 0 51
 0 52
 0 53
 0 54
 0 55
 0 56
 0 57
 0 58
 0 59
 0 60
 0 61
 0 62
 0 63
 0 64
 0 65
 0 66
 0 67
 0 68
 0 69
 0 70
 0 71
 0 72
 0 73
 0 74
 0 75
 0 76
 0 77
 0 78
 0 79
 0 80
 0 81
 0 82
 0 83
 0 84
 0 85
 0 86
 0 87
 2 88
 1 89
 1 90
 30 91
 103 92
 144 93
 153 94
 304 95
 471 96
 654 97
 893 98
 1044 99
 1223 100
 1296 101
 1412 102
 1490 103
 1497 104
 1584 105
 1566 106
 1581 107
 1480 108
 1482 109
 1448 110
 1404 111
 1287 112
 1275 113
 1121 114
 1084 115
 972 116
 973 117
 877 118
 756 119
 694 120
 727 121
 661 122
 535 123
 540 124
 474 125
 439 126
 372 127
 376 128
 328 129
 311 130
 298 131
 282 132
 251 133
 240 134
 220 135
 196 136
 166 137
 157 138
 148 139
 131 140
 145 141
 127 142
 120 143
 101 144
 91 145
 90 146
 97 147
 61 148
 67 149
 74 150
 65 151
 59 152
 66 153
 59 154
 63 155
 43 156
 42 157
 47 158
 45 159
 37 160
 31 161
 39 162
 38 163
 28 164
 16 165
 35 166
 22 167
 24 168
 18 169
 26 170
 19 171
 13 172
 10 173
 21 174
 20 175
 16 176
 10 177
 12 178
 8 179
 12 180
 7 181
 9 182
 5 183
 6 184
 8 185
 10 186
 6 187
 3 188
 7 189
 6 190
 8 191
 7 192
 6 193
 4 194
 3 195
 7 196
 4 197
 1 198
 5 199
 4 200
 3 201
 1 202
 0 203
 1 204
 2 205
 2 206
 0 207
 1 208
 2 209
 2 210
 1 211
 2 212
 0 213
 0 214
 0 215
 0 216
 3 217
 0 218
 0 219
 0 220
 0 221
 0 222
 0 223
 1 224
 1 225
 0 226
 0 227
 0 228
 0 229
 0 230
 0 231
 0 232
 0 233
 0 234
 0 235
 0 236
 1 237
 0 238
 0 239
 0 240
 0 241
 0 242
 0 243
 0 244
 0 245
 0 246
 0 247
 0 248
 0 249
 0 250
 0 251
 0 252
 0 253
 0 254
 0 255
 0 256
 0 257
 0 258
 0 259
 0 260
 0 261
 0 262
 0 263
 0 264
 0 265
 0 266
 0 267
 0 268
 0 269
 0 270
 0 271
 0 272
 0 273
 0 274
 0 275
 0 276
 0 277
 0 278
 0 279
 1 280
 0 281
 0 282
 0 283
 1 284
 0 285
 0 286
 0 287
 2 288
 0 289
 1 290
 2 291
 0 292
 0 293
 1 294
 0 295
 0 296
 2 297
 1 298
 2 299
 1 300
 2 301
 2 302
 0 303
 0 304
 4 305
 2 306
 1 307
 4 308
 2 309
 2 310
 4 311
 3 312
 5 313
 2 314
 2 315
 3 316
 1 317
 1 318
 0 319
 1 320
 1 321
 0 322
 2 323
 1 324
 4 325
 7 326
 4 327
 5 328
 3 329
 1 330
 2 331
 1 332
 2 333
 4 334
 4 335
 3 336
 2 337
 0 338
 4 339
 5 340
 3 341
 5 342
 3 343
 4 344
 0 345
 3 346
 2 347
 3 348
 2 349
 1 350
 1 351
 2 352
 4 353
 1 354
 1 355
 1 356
 0 357
 2 358
 1 359
 2 360
 0 361
 3 362
 2 363
 0 364
 0 365
 0 366
 0 367
 1 368
 1 369
 2 370
 1 371
 0 372
 0 373
 1 374
 2 375
 1 376
 1 377
 1 378
 0 379
 1 380
 0 381
 0 382
 1 383
 0 384
 1 385
 0 386
 0 387
 0 388
 1 389
 1 390
 0 391
 2 392
 1 393
 0 394
 0 395
 0 396
 1 397
 1 398
 0 399
 0 400
 0 401
 0 402
 0 403
 0 404
 1 405
 0 406
 0 407
 0 408
 0 409
 0 410
 0 411
 0 412
 0 413
 0 414
 0 415
 0 416
 0 417
 0 418
 0 419
 0 420
 0 421
 0 422
 0 423
 0 424
 0 425
 0 426
 0 427
 0 428
 0 429
 0 430
 0 431
 0 432
 0 433
 0 434
 0 435
 0 436
 0 437
 0 438
 0 439
 0 440
 0 441
 0 442
 0 443
 0 444
 0 445
 0 446
 0 447
 0 448
 0 449
 0 450
 0 451
 0 452
 0 453
 0 454
 0 455
 0 456
 0 457
 0 458
 0 459
 0 460
 0 461
 0 462
 0 463
 0 464
 0 465
 0 466
 0 467
 0 468
 0 469
 0 470
 0 471
 0 472
 0 473
 0 474
 0 475
 0 476
 0 477
 0 478
 0 479
 0 480
 0 481
 0 482
 0 483
 0 484
 0 485
 0 486
 0 487
 0 488
 0 489
 0 490
 0 491
 0 492
 0 493
 0 494
 0 495
 0 496
 0 497
 0 498
 0 499
 0 500
 0 501
 0 502
 0 503
 0 504
 0 505
 0 506
 0 507
 0 508
 0 509
 0 510
 0 511
 0 512
 0 513
 0 514
 0 515
 0 516
 0 517
 0 518
 0 519
 0 520
 0 521
 0 522
 0 523
 0 524
 0 525
 0 526
 0 527
 0 528
 0 529
 0 530
 0 531
 0 532
 0 533
 0 534
 0 535
 0 536
 0 537
 0 538
 0 539
 0 540
 0 541
 0 542
 0 543
 0 544
 0 545
 0 546
 0 547
 0 548
 0 549
 0 550
 0 551
 0 552
 0 553
 0 554
 0 555
 0 556
 0 557
 0 558
 0 559
 0 560
 0 561
 0 562
 0 563
 0 564
 0 565
 0 566
 0 567
 0 568
 0 569
 0 570
 0 571
 0 572
 0 573
 0 574
 0 575
 0 576
 0 577
 0 578
 0 579
 0 580
 0 581
 0 582
 0 583
 0 584
 0 585
 0 586
 0 587
 0 588
 0 589
 0 590
 0 591
 0 592
 0 593
 0 594
 0 595
 0 596
 0 597
 0 598
 0 599
 0 600


