# Created by Octave 3.8.2, Sun Jun 21 03:16:14 2020 CEST <damian@fptrucha.inv.usc.es>
# name: hd
# type: matrix
# rows: 551
# columns: 2
 0 50
 0 51
 0 52
 0 53
 0 54
 0 55
 0 56
 0 57
 0 58
 0 59
 0 60
 0 61
 0 62
 0 63
 0 64
 0 65
 0 66
 0 67
 0 68
 0 69
 0 70
 0 71
 0 72
 0 73
 0 74
 0 75
 0 76
 0 77
 0 78
 0 79
 0 80
 0 81
 0 82
 0 83
 0 84
 0 85
 0 86
 1 87
 3 88
 2 89
 9 90
 28 91
 78 92
 104 93
 182 94
 262 95
 381 96
 508 97
 651 98
 800 99
 917 100
 1018 101
 1110 102
 1200 103
 1133 104
 1236 105
 1253 106
 1231 107
 1239 108
 1240 109
 1196 110
 1091 111
 1166 112
 1113 113
 1050 114
 983 115
 939 116
 805 117
 835 118
 680 119
 724 120
 651 121
 598 122
 570 123
 521 124
 479 125
 420 126
 411 127
 343 128
 320 129
 334 130
 285 131
 264 132
 214 133
 206 134
 218 135
 197 136
 160 137
 154 138
 131 139
 158 140
 154 141
 133 142
 109 143
 123 144
 114 145
 91 146
 90 147
 96 148
 72 149
 62 150
 73 151
 74 152
 48 153
 69 154
 65 155
 38 156
 43 157
 47 158
 42 159
 47 160
 35 161
 36 162
 30 163
 26 164
 28 165
 22 166
 21 167
 21 168
 10 169
 18 170
 18 171
 20 172
 16 173
 17 174
 16 175
 9 176
 19 177
 14 178
 8 179
 10 180
 9 181
 14 182
 7 183
 3 184
 6 185
 5 186
 7 187
 5 188
 3 189
 2 190
 1 191
 2 192
 3 193
 3 194
 2 195
 6 196
 3 197
 4 198
 3 199
 1 200
 2 201
 1 202
 0 203
 0 204
 1 205
 1 206
 0 207
 0 208
 0 209
 2 210
 0 211
 1 212
 1 213
 0 214
 1 215
 0 216
 0 217
 0 218
 0 219
 0 220
 0 221
 0 222
 0 223
 0 224
 0 225
 0 226
 1 227
 1 228
 0 229
 0 230
 0 231
 0 232
 1 233
 0 234
 0 235
 0 236
 1 237
 0 238
 0 239
 0 240
 0 241
 0 242
 0 243
 0 244
 0 245
 0 246
 0 247
 0 248
 0 249
 0 250
 0 251
 0 252
 0 253
 1 254
 0 255
 0 256
 0 257
 0 258
 0 259
 0 260
 0 261
 0 262
 0 263
 1 264
 0 265
 0 266
 0 267
 1 268
 1 269
 0 270
 0 271
 0 272
 0 273
 0 274
 1 275
 0 276
 0 277
 0 278
 0 279
 0 280
 1 281
 0 282
 1 283
 1 284
 0 285
 0 286
 0 287
 1 288
 0 289
 0 290
 2 291
 0 292
 0 293
 2 294
 1 295
 0 296
 1 297
 0 298
 0 299
 0 300
 3 301
 1 302
 1 303
 2 304
 1 305
 2 306
 2 307
 2 308
 2 309
 0 310
 0 311
 6 312
 2 313
 0 314
 1 315
 2 316
 2 317
 2 318
 3 319
 4 320
 1 321
 1 322
 2 323
 3 324
 3 325
 3 326
 1 327
 3 328
 2 329
 3 330
 1 331
 3 332
 2 333
 1 334
 4 335
 1 336
 3 337
 2 338
 4 339
 3 340
 1 341
 2 342
 1 343
 6 344
 1 345
 1 346
 1 347
 0 348
 0 349
 1 350
 1 351
 1 352
 1 353
 1 354
 1 355
 2 356
 3 357
 4 358
 3 359
 3 360
 1 361
 2 362
 3 363
 2 364
 2 365
 0 366
 1 367
 2 368
 1 369
 1 370
 0 371
 2 372
 2 373
 0 374
 1 375
 0 376
 1 377
 1 378
 0 379
 0 380
 2 381
 0 382
 1 383
 1 384
 1 385
 0 386
 1 387
 0 388
 0 389
 0 390
 1 391
 0 392
 1 393
 0 394
 0 395
 0 396
 0 397
 0 398
 1 399
 0 400
 0 401
 0 402
 0 403
 0 404
 0 405
 0 406
 0 407
 1 408
 0 409
 0 410
 0 411
 0 412
 0 413
 0 414
 1 415
 0 416
 0 417
 0 418
 0 419
 0 420
 0 421
 0 422
 0 423
 0 424
 1 425
 0 426
 0 427
 0 428
 0 429
 0 430
 0 431
 0 432
 0 433
 0 434
 0 435
 0 436
 0 437
 0 438
 0 439
 0 440
 0 441
 0 442
 0 443
 0 444
 0 445
 0 446
 0 447
 0 448
 0 449
 0 450
 0 451
 0 452
 0 453
 0 454
 0 455
 0 456
 0 457
 0 458
 0 459
 0 460
 0 461
 0 462
 0 463
 0 464
 0 465
 0 466
 0 467
 0 468
 0 469
 0 470
 0 471
 0 472
 0 473
 0 474
 0 475
 0 476
 0 477
 0 478
 0 479
 0 480
 0 481
 0 482
 0 483
 0 484
 0 485
 0 486
 0 487
 0 488
 0 489
 0 490
 0 491
 0 492
 0 493
 0 494
 0 495
 0 496
 0 497
 0 498
 0 499
 0 500
 0 501
 0 502
 0 503
 0 504
 0 505
 0 506
 0 507
 0 508
 0 509
 0 510
 0 511
 0 512
 0 513
 0 514
 0 515
 0 516
 0 517
 0 518
 0 519
 0 520
 0 521
 0 522
 0 523
 0 524
 0 525
 0 526
 0 527
 0 528
 0 529
 0 530
 0 531
 0 532
 0 533
 0 534
 0 535
 0 536
 0 537
 0 538
 0 539
 0 540
 0 541
 0 542
 0 543
 0 544
 0 545
 0 546
 0 547
 0 548
 0 549
 0 550
 0 551
 0 552
 0 553
 0 554
 0 555
 0 556
 0 557
 0 558
 0 559
 0 560
 0 561
 0 562
 0 563
 0 564
 0 565
 0 566
 0 567
 0 568
 0 569
 0 570
 0 571
 0 572
 0 573
 0 574
 0 575
 0 576
 0 577
 0 578
 0 579
 0 580
 0 581
 0 582
 0 583
 0 584
 0 585
 0 586
 0 587
 0 588
 0 589
 0 590
 0 591
 0 592
 0 593
 0 594
 0 595
 0 596
 0 597
 0 598
 0 599
 0 600


