# Created by Octave 3.8.2, Mon Jun 22 03:24:46 2020 CEST <damian@fptrucha.inv.usc.es>
# name: hd
# type: matrix
# rows: 551
# columns: 2
 0 50
 0 51
 0 52
 0 53
 0 54
 0 55
 0 56
 0 57
 0 58
 0 59
 0 60
 0 61
 0 62
 0 63
 0 64
 0 65
 0 66
 0 67
 0 68
 0 69
 0 70
 0 71
 0 72
 0 73
 0 74
 0 75
 0 76
 0 77
 0 78
 0 79
 0 80
 0 81
 0 82
 0 83
 0 84
 0 85
 0 86
 0 87
 0 88
 5 89
 2 90
 11 91
 89 92
 115 93
 166 94
 235 95
 452 96
 608 97
 799 98
 938 99
 1167 100
 1299 101
 1329 102
 1306 103
 1419 104
 1418 105
 1388 106
 1366 107
 1361 108
 1294 109
 1292 110
 1191 111
 1045 112
 1002 113
 909 114
 859 115
 754 116
 730 117
 648 118
 631 119
 566 120
 485 121
 438 122
 391 123
 375 124
 330 125
 309 126
 290 127
 268 128
 242 129
 236 130
 204 131
 219 132
 170 133
 179 134
 162 135
 157 136
 121 137
 131 138
 114 139
 121 140
 113 141
 104 142
 98 143
 76 144
 83 145
 81 146
 70 147
 53 148
 72 149
 45 150
 74 151
 70 152
 51 153
 60 154
 45 155
 43 156
 35 157
 35 158
 42 159
 35 160
 30 161
 26 162
 27 163
 29 164
 27 165
 27 166
 37 167
 23 168
 18 169
 17 170
 25 171
 12 172
 14 173
 16 174
 9 175
 13 176
 11 177
 9 178
 10 179
 6 180
 13 181
 4 182
 7 183
 13 184
 5 185
 3 186
 6 187
 6 188
 4 189
 10 190
 5 191
 11 192
 1 193
 2 194
 6 195
 0 196
 4 197
 1 198
 2 199
 5 200
 2 201
 0 202
 1 203
 2 204
 2 205
 1 206
 1 207
 0 208
 0 209
 2 210
 0 211
 1 212
 1 213
 0 214
 0 215
 1 216
 1 217
 0 218
 0 219
 0 220
 1 221
 1 222
 1 223
 0 224
 0 225
 0 226
 0 227
 1 228
 0 229
 0 230
 0 231
 0 232
 0 233
 0 234
 0 235
 0 236
 0 237
 1 238
 1 239
 0 240
 0 241
 0 242
 1 243
 0 244
 0 245
 0 246
 0 247
 0 248
 0 249
 0 250
 0 251
 0 252
 0 253
 0 254
 0 255
 0 256
 0 257
 0 258
 0 259
 0 260
 0 261
 0 262
 0 263
 0 264
 0 265
 0 266
 0 267
 0 268
 0 269
 0 270
 0 271
 0 272
 0 273
 0 274
 0 275
 1 276
 0 277
 0 278
 0 279
 0 280
 0 281
 1 282
 1 283
 1 284
 1 285
 2 286
 0 287
 0 288
 1 289
 0 290
 1 291
 2 292
 2 293
 1 294
 1 295
 1 296
 0 297
 0 298
 0 299
 1 300
 1 301
 2 302
 2 303
 2 304
 1 305
 0 306
 1 307
 1 308
 5 309
 3 310
 1 311
 2 312
 4 313
 6 314
 1 315
 1 316
 6 317
 5 318
 1 319
 0 320
 5 321
 1 322
 1 323
 4 324
 3 325
 2 326
 1 327
 3 328
 0 329
 4 330
 1 331
 3 332
 2 333
 0 334
 3 335
 1 336
 5 337
 5 338
 2 339
 0 340
 1 341
 0 342
 3 343
 1 344
 2 345
 1 346
 2 347
 2 348
 4 349
 2 350
 3 351
 0 352
 2 353
 4 354
 3 355
 1 356
 1 357
 0 358
 1 359
 1 360
 1 361
 1 362
 1 363
 2 364
 2 365
 2 366
 0 367
 2 368
 1 369
 1 370
 2 371
 1 372
 0 373
 2 374
 2 375
 2 376
 0 377
 0 378
 0 379
 0 380
 3 381
 0 382
 0 383
 1 384
 0 385
 0 386
 0 387
 1 388
 0 389
 0 390
 0 391
 1 392
 0 393
 0 394
 0 395
 0 396
 1 397
 0 398
 0 399
 0 400
 0 401
 0 402
 1 403
 0 404
 0 405
 0 406
 0 407
 0 408
 0 409
 0 410
 0 411
 0 412
 0 413
 0 414
 0 415
 0 416
 0 417
 0 418
 1 419
 0 420
 0 421
 0 422
 0 423
 0 424
 0 425
 0 426
 0 427
 0 428
 0 429
 0 430
 0 431
 0 432
 0 433
 0 434
 0 435
 0 436
 1 437
 0 438
 0 439
 0 440
 0 441
 0 442
 0 443
 0 444
 0 445
 0 446
 0 447
 0 448
 0 449
 0 450
 0 451
 0 452
 0 453
 0 454
 0 455
 0 456
 0 457
 0 458
 0 459
 0 460
 0 461
 0 462
 0 463
 0 464
 0 465
 0 466
 0 467
 0 468
 0 469
 0 470
 0 471
 0 472
 0 473
 0 474
 0 475
 0 476
 0 477
 0 478
 0 479
 0 480
 0 481
 0 482
 0 483
 0 484
 0 485
 0 486
 0 487
 0 488
 0 489
 0 490
 0 491
 0 492
 0 493
 0 494
 0 495
 0 496
 0 497
 0 498
 0 499
 0 500
 0 501
 0 502
 0 503
 0 504
 0 505
 0 506
 0 507
 0 508
 0 509
 0 510
 0 511
 0 512
 0 513
 0 514
 0 515
 0 516
 0 517
 0 518
 0 519
 0 520
 0 521
 0 522
 0 523
 0 524
 0 525
 0 526
 0 527
 0 528
 0 529
 0 530
 0 531
 0 532
 0 533
 0 534
 0 535
 0 536
 0 537
 0 538
 0 539
 0 540
 0 541
 0 542
 0 543
 0 544
 0 545
 0 546
 0 547
 0 548
 0 549
 0 550
 0 551
 0 552
 0 553
 0 554
 0 555
 0 556
 0 557
 0 558
 0 559
 0 560
 0 561
 0 562
 0 563
 0 564
 0 565
 0 566
 0 567
 0 568
 0 569
 0 570
 0 571
 0 572
 0 573
 0 574
 0 575
 0 576
 0 577
 0 578
 0 579
 0 580
 0 581
 0 582
 0 583
 0 584
 0 585
 0 586
 0 587
 0 588
 0 589
 0 590
 0 591
 0 592
 0 593
 0 594
 0 595
 0 596
 0 597
 0 598
 0 599
 0 600


