# Created by Octave 3.8.2, Sun Jun 21 04:21:51 2020 CEST <damian@fptrucha.inv.usc.es>
# name: hd
# type: matrix
# rows: 551
# columns: 2
 0 50
 0 51
 0 52
 0 53
 0 54
 0 55
 0 56
 0 57
 0 58
 0 59
 0 60
 0 61
 0 62
 0 63
 0 64
 0 65
 0 66
 0 67
 0 68
 0 69
 0 70
 0 71
 0 72
 0 73
 0 74
 0 75
 0 76
 0 77
 0 78
 0 79
 0 80
 0 81
 0 82
 0 83
 0 84
 0 85
 0 86
 1 87
 2 88
 2 89
 6 90
 35 91
 76 92
 125 93
 142 94
 261 95
 408 96
 592 97
 700 98
 828 99
 949 100
 1076 101
 1108 102
 1200 103
 1244 104
 1274 105
 1299 106
 1331 107
 1274 108
 1306 109
 1223 110
 1199 111
 1120 112
 1002 113
 1045 114
 1017 115
 896 116
 877 117
 751 118
 744 119
 678 120
 653 121
 580 122
 539 123
 516 124
 475 125
 425 126
 429 127
 371 128
 337 129
 295 130
 292 131
 256 132
 231 133
 191 134
 206 135
 205 136
 167 137
 161 138
 165 139
 163 140
 127 141
 110 142
 92 143
 94 144
 96 145
 95 146
 77 147
 59 148
 79 149
 73 150
 74 151
 68 152
 59 153
 82 154
 52 155
 42 156
 39 157
 49 158
 39 159
 47 160
 30 161
 32 162
 30 163
 24 164
 20 165
 26 166
 22 167
 14 168
 16 169
 16 170
 16 171
 17 172
 17 173
 11 174
 10 175
 12 176
 8 177
 15 178
 14 179
 9 180
 9 181
 4 182
 6 183
 8 184
 9 185
 3 186
 3 187
 3 188
 4 189
 7 190
 4 191
 2 192
 1 193
 0 194
 3 195
 3 196
 6 197
 2 198
 2 199
 4 200
 0 201
 1 202
 0 203
 2 204
 0 205
 2 206
 1 207
 3 208
 1 209
 2 210
 0 211
 1 212
 1 213
 0 214
 0 215
 0 216
 0 217
 0 218
 0 219
 0 220
 1 221
 0 222
 1 223
 0 224
 1 225
 0 226
 0 227
 0 228
 0 229
 0 230
 0 231
 0 232
 0 233
 0 234
 1 235
 0 236
 0 237
 0 238
 1 239
 0 240
 0 241
 0 242
 1 243
 0 244
 0 245
 0 246
 0 247
 0 248
 0 249
 0 250
 0 251
 0 252
 0 253
 0 254
 0 255
 0 256
 0 257
 0 258
 0 259
 0 260
 0 261
 0 262
 0 263
 1 264
 0 265
 0 266
 0 267
 0 268
 0 269
 0 270
 0 271
 1 272
 1 273
 0 274
 1 275
 0 276
 0 277
 0 278
 0 279
 0 280
 0 281
 0 282
 1 283
 0 284
 0 285
 1 286
 0 287
 1 288
 0 289
 1 290
 1 291
 1 292
 1 293
 1 294
 0 295
 0 296
 0 297
 1 298
 0 299
 1 300
 0 301
 0 302
 1 303
 3 304
 0 305
 2 306
 2 307
 1 308
 0 309
 4 310
 0 311
 3 312
 0 313
 3 314
 3 315
 0 316
 1 317
 3 318
 4 319
 5 320
 1 321
 6 322
 0 323
 1 324
 2 325
 3 326
 5 327
 3 328
 2 329
 1 330
 4 331
 3 332
 2 333
 1 334
 5 335
 2 336
 1 337
 2 338
 2 339
 3 340
 2 341
 2 342
 1 343
 1 344
 3 345
 3 346
 3 347
 0 348
 5 349
 1 350
 1 351
 4 352
 4 353
 0 354
 3 355
 1 356
 1 357
 1 358
 3 359
 3 360
 4 361
 1 362
 2 363
 3 364
 2 365
 2 366
 0 367
 3 368
 1 369
 2 370
 0 371
 1 372
 1 373
 1 374
 1 375
 3 376
 5 377
 1 378
 0 379
 1 380
 2 381
 0 382
 1 383
 2 384
 3 385
 0 386
 1 387
 0 388
 1 389
 0 390
 1 391
 0 392
 1 393
 0 394
 0 395
 0 396
 0 397
 0 398
 0 399
 0 400
 1 401
 1 402
 0 403
 1 404
 0 405
 0 406
 0 407
 0 408
 0 409
 0 410
 0 411
 0 412
 0 413
 0 414
 0 415
 0 416
 0 417
 0 418
 0 419
 0 420
 0 421
 0 422
 0 423
 1 424
 0 425
 0 426
 0 427
 0 428
 0 429
 0 430
 0 431
 0 432
 0 433
 1 434
 0 435
 0 436
 0 437
 0 438
 0 439
 0 440
 0 441
 0 442
 0 443
 0 444
 0 445
 0 446
 0 447
 0 448
 0 449
 0 450
 0 451
 0 452
 0 453
 0 454
 0 455
 0 456
 0 457
 0 458
 0 459
 0 460
 0 461
 0 462
 0 463
 0 464
 0 465
 0 466
 0 467
 0 468
 0 469
 0 470
 0 471
 0 472
 0 473
 0 474
 0 475
 0 476
 0 477
 0 478
 0 479
 0 480
 0 481
 0 482
 0 483
 0 484
 0 485
 0 486
 0 487
 0 488
 0 489
 0 490
 0 491
 0 492
 0 493
 0 494
 0 495
 0 496
 0 497
 0 498
 0 499
 0 500
 0 501
 0 502
 0 503
 0 504
 0 505
 0 506
 0 507
 0 508
 0 509
 0 510
 0 511
 0 512
 0 513
 0 514
 0 515
 0 516
 0 517
 0 518
 0 519
 0 520
 0 521
 0 522
 0 523
 0 524
 0 525
 0 526
 0 527
 0 528
 0 529
 0 530
 0 531
 0 532
 0 533
 0 534
 0 535
 0 536
 0 537
 0 538
 0 539
 0 540
 0 541
 0 542
 0 543
 0 544
 0 545
 0 546
 0 547
 0 548
 0 549
 0 550
 0 551
 0 552
 0 553
 0 554
 0 555
 0 556
 0 557
 0 558
 0 559
 0 560
 0 561
 0 562
 0 563
 0 564
 0 565
 0 566
 0 567
 0 568
 0 569
 0 570
 0 571
 0 572
 0 573
 0 574
 0 575
 0 576
 0 577
 0 578
 0 579
 0 580
 0 581
 0 582
 0 583
 0 584
 0 585
 0 586
 0 587
 0 588
 0 589
 0 590
 0 591
 0 592
 0 593
 0 594
 0 595
 0 596
 0 597
 0 598
 0 599
 0 600


