# Created by Octave 3.8.2, Sat Jun 20 12:46:38 2020 CEST <damian@fptrucha.inv.usc.es>
# name: hd
# type: matrix
# rows: 551
# columns: 2
 0 50
 0 51
 0 52
 0 53
 0 54
 0 55
 0 56
 0 57
 0 58
 0 59
 0 60
 0 61
 0 62
 0 63
 0 64
 0 65
 0 66
 0 67
 0 68
 0 69
 0 70
 0 71
 0 72
 0 73
 0 74
 0 75
 0 76
 0 77
 0 78
 0 79
 0 80
 0 81
 0 82
 0 83
 0 84
 0 85
 0 86
 0 87
 1 88
 2 89
 3 90
 23 91
 99 92
 130 93
 188 94
 271 95
 454 96
 665 97
 814 98
 935 99
 1153 100
 1221 101
 1340 102
 1390 103
 1475 104
 1435 105
 1471 106
 1516 107
 1380 108
 1390 109
 1384 110
 1269 111
 1265 112
 1209 113
 1144 114
 1050 115
 969 116
 917 117
 849 118
 803 119
 772 120
 680 121
 675 122
 569 123
 519 124
 480 125
 380 126
 394 127
 388 128
 327 129
 318 130
 322 131
 251 132
 236 133
 226 134
 219 135
 184 136
 179 137
 162 138
 157 139
 133 140
 137 141
 120 142
 120 143
 114 144
 99 145
 85 146
 88 147
 83 148
 68 149
 77 150
 67 151
 56 152
 51 153
 57 154
 62 155
 54 156
 49 157
 46 158
 36 159
 38 160
 34 161
 32 162
 37 163
 22 164
 27 165
 25 166
 16 167
 21 168
 19 169
 17 170
 18 171
 16 172
 19 173
 17 174
 16 175
 15 176
 11 177
 12 178
 8 179
 13 180
 6 181
 13 182
 7 183
 3 184
 9 185
 13 186
 5 187
 7 188
 2 189
 4 190
 8 191
 2 192
 5 193
 2 194
 3 195
 1 196
 3 197
 7 198
 1 199
 1 200
 1 201
 3 202
 0 203
 1 204
 2 205
 1 206
 3 207
 1 208
 1 209
 0 210
 1 211
 0 212
 0 213
 0 214
 0 215
 0 216
 0 217
 2 218
 0 219
 2 220
 0 221
 0 222
 0 223
 1 224
 0 225
 0 226
 0 227
 0 228
 0 229
 0 230
 0 231
 0 232
 0 233
 0 234
 1 235
 0 236
 0 237
 0 238
 0 239
 0 240
 0 241
 1 242
 0 243
 0 244
 0 245
 0 246
 0 247
 0 248
 0 249
 1 250
 0 251
 0 252
 0 253
 0 254
 0 255
 0 256
 0 257
 0 258
 0 259
 0 260
 0 261
 0 262
 0 263
 0 264
 0 265
 0 266
 0 267
 0 268
 0 269
 0 270
 0 271
 0 272
 0 273
 0 274
 0 275
 0 276
 0 277
 0 278
 0 279
 0 280
 0 281
 0 282
 0 283
 1 284
 1 285
 0 286
 0 287
 0 288
 0 289
 2 290
 3 291
 0 292
 1 293
 2 294
 1 295
 2 296
 2 297
 1 298
 1 299
 2 300
 2 301
 0 302
 0 303
 1 304
 0 305
 0 306
 2 307
 1 308
 2 309
 5 310
 3 311
 1 312
 0 313
 2 314
 1 315
 0 316
 2 317
 3 318
 2 319
 1 320
 4 321
 1 322
 2 323
 1 324
 4 325
 5 326
 1 327
 2 328
 0 329
 1 330
 3 331
 2 332
 1 333
 2 334
 1 335
 0 336
 1 337
 2 338
 6 339
 2 340
 3 341
 2 342
 2 343
 0 344
 3 345
 2 346
 0 347
 0 348
 2 349
 4 350
 1 351
 1 352
 3 353
 0 354
 0 355
 1 356
 1 357
 0 358
 0 359
 3 360
 1 361
 1 362
 1 363
 2 364
 1 365
 0 366
 1 367
 2 368
 0 369
 3 370
 1 371
 0 372
 0 373
 1 374
 1 375
 2 376
 2 377
 3 378
 1 379
 0 380
 1 381
 0 382
 0 383
 0 384
 0 385
 1 386
 2 387
 1 388
 2 389
 1 390
 0 391
 1 392
 2 393
 0 394
 0 395
 1 396
 0 397
 0 398
 0 399
 1 400
 0 401
 0 402
 0 403
 0 404
 0 405
 0 406
 0 407
 0 408
 0 409
 0 410
 0 411
 0 412
 0 413
 0 414
 0 415
 1 416
 0 417
 0 418
 1 419
 0 420
 0 421
 0 422
 1 423
 1 424
 0 425
 0 426
 0 427
 0 428
 1 429
 0 430
 0 431
 0 432
 0 433
 0 434
 0 435
 0 436
 0 437
 0 438
 0 439
 0 440
 0 441
 0 442
 0 443
 0 444
 0 445
 0 446
 0 447
 0 448
 0 449
 0 450
 0 451
 0 452
 0 453
 0 454
 0 455
 0 456
 0 457
 0 458
 0 459
 0 460
 0 461
 0 462
 0 463
 0 464
 0 465
 0 466
 0 467
 0 468
 0 469
 0 470
 0 471
 0 472
 0 473
 0 474
 0 475
 0 476
 0 477
 0 478
 0 479
 0 480
 0 481
 0 482
 0 483
 0 484
 0 485
 0 486
 0 487
 0 488
 0 489
 0 490
 0 491
 0 492
 0 493
 0 494
 0 495
 0 496
 0 497
 0 498
 0 499
 0 500
 0 501
 0 502
 0 503
 0 504
 0 505
 0 506
 0 507
 0 508
 0 509
 0 510
 0 511
 0 512
 0 513
 0 514
 0 515
 0 516
 0 517
 0 518
 0 519
 0 520
 0 521
 0 522
 0 523
 0 524
 0 525
 0 526
 0 527
 0 528
 0 529
 0 530
 0 531
 0 532
 0 533
 0 534
 0 535
 0 536
 0 537
 0 538
 0 539
 0 540
 0 541
 0 542
 0 543
 0 544
 0 545
 0 546
 0 547
 0 548
 0 549
 0 550
 0 551
 0 552
 0 553
 0 554
 0 555
 0 556
 0 557
 0 558
 0 559
 0 560
 0 561
 0 562
 0 563
 0 564
 0 565
 0 566
 0 567
 0 568
 0 569
 0 570
 0 571
 0 572
 0 573
 0 574
 0 575
 0 576
 0 577
 0 578
 0 579
 0 580
 0 581
 0 582
 0 583
 0 584
 0 585
 0 586
 0 587
 0 588
 0 589
 0 590
 0 591
 0 592
 0 593
 0 594
 0 595
 0 596
 0 597
 0 598
 0 599
 0 600


