# Created by Octave 3.8.2, Sat Jun 20 08:23:42 2020 CEST <damian@fptrucha.inv.usc.es>
# name: hd
# type: matrix
# rows: 551
# columns: 2
 0 50
 0 51
 0 52
 0 53
 0 54
 0 55
 0 56
 0 57
 0 58
 0 59
 0 60
 0 61
 0 62
 0 63
 0 64
 0 65
 0 66
 0 67
 0 68
 0 69
 0 70
 0 71
 0 72
 0 73
 0 74
 0 75
 0 76
 0 77
 0 78
 0 79
 0 80
 0 81
 0 82
 0 83
 0 84
 0 85
 0 86
 0 87
 3 88
 1 89
 2 90
 39 91
 94 92
 137 93
 204 94
 354 95
 471 96
 746 97
 953 98
 1181 99
 1282 100
 1426 101
 1509 102
 1563 103
 1529 104
 1744 105
 1639 106
 1651 107
 1605 108
 1542 109
 1501 110
 1484 111
 1391 112
 1236 113
 1237 114
 1094 115
 986 116
 932 117
 859 118
 837 119
 726 120
 656 121
 573 122
 564 123
 511 124
 487 125
 438 126
 405 127
 370 128
 299 129
 315 130
 277 131
 243 132
 236 133
 195 134
 179 135
 182 136
 159 137
 164 138
 134 139
 132 140
 130 141
 105 142
 104 143
 80 144
 99 145
 96 146
 96 147
 70 148
 73 149
 76 150
 50 151
 72 152
 58 153
 41 154
 54 155
 40 156
 45 157
 48 158
 33 159
 26 160
 30 161
 26 162
 36 163
 21 164
 18 165
 29 166
 24 167
 18 168
 12 169
 13 170
 19 171
 14 172
 15 173
 12 174
 13 175
 10 176
 15 177
 13 178
 11 179
 9 180
 9 181
 5 182
 9 183
 5 184
 6 185
 9 186
 3 187
 6 188
 5 189
 1 190
 2 191
 6 192
 6 193
 2 194
 2 195
 4 196
 1 197
 1 198
 0 199
 1 200
 0 201
 0 202
 2 203
 0 204
 1 205
 2 206
 1 207
 2 208
 1 209
 1 210
 0 211
 0 212
 0 213
 2 214
 0 215
 0 216
 0 217
 0 218
 0 219
 1 220
 2 221
 0 222
 1 223
 1 224
 1 225
 0 226
 0 227
 0 228
 0 229
 0 230
 0 231
 0 232
 0 233
 0 234
 0 235
 0 236
 0 237
 0 238
 0 239
 0 240
 0 241
 0 242
 1 243
 0 244
 0 245
 1 246
 0 247
 0 248
 0 249
 0 250
 0 251
 1 252
 1 253
 0 254
 0 255
 0 256
 0 257
 0 258
 0 259
 0 260
 0 261
 0 262
 0 263
 0 264
 0 265
 0 266
 0 267
 0 268
 1 269
 0 270
 0 271
 0 272
 0 273
 1 274
 0 275
 0 276
 0 277
 0 278
 1 279
 0 280
 0 281
 0 282
 0 283
 0 284
 0 285
 0 286
 0 287
 0 288
 1 289
 0 290
 0 291
 1 292
 0 293
 0 294
 2 295
 0 296
 2 297
 1 298
 1 299
 0 300
 0 301
 1 302
 3 303
 1 304
 2 305
 1 306
 1 307
 0 308
 2 309
 2 310
 1 311
 0 312
 2 313
 4 314
 0 315
 2 316
 0 317
 2 318
 4 319
 1 320
 2 321
 1 322
 0 323
 1 324
 3 325
 1 326
 4 327
 3 328
 1 329
 2 330
 2 331
 5 332
 4 333
 0 334
 1 335
 3 336
 6 337
 2 338
 2 339
 1 340
 5 341
 0 342
 1 343
 0 344
 3 345
 2 346
 2 347
 1 348
 1 349
 2 350
 1 351
 0 352
 1 353
 1 354
 2 355
 0 356
 0 357
 1 358
 2 359
 1 360
 1 361
 1 362
 1 363
 1 364
 3 365
 2 366
 0 367
 2 368
 0 369
 0 370
 0 371
 1 372
 1 373
 1 374
 1 375
 0 376
 0 377
 0 378
 1 379
 0 380
 0 381
 0 382
 0 383
 1 384
 1 385
 2 386
 1 387
 1 388
 1 389
 1 390
 0 391
 0 392
 1 393
 0 394
 0 395
 1 396
 0 397
 0 398
 0 399
 0 400
 0 401
 1 402
 0 403
 0 404
 0 405
 0 406
 0 407
 0 408
 0 409
 0 410
 0 411
 1 412
 0 413
 0 414
 0 415
 0 416
 0 417
 0 418
 0 419
 0 420
 0 421
 0 422
 0 423
 0 424
 0 425
 0 426
 0 427
 1 428
 0 429
 0 430
 0 431
 0 432
 0 433
 0 434
 0 435
 0 436
 0 437
 0 438
 0 439
 0 440
 0 441
 0 442
 0 443
 0 444
 0 445
 0 446
 0 447
 0 448
 0 449
 0 450
 0 451
 0 452
 0 453
 0 454
 0 455
 0 456
 0 457
 0 458
 0 459
 0 460
 0 461
 0 462
 0 463
 0 464
 0 465
 0 466
 0 467
 0 468
 0 469
 0 470
 0 471
 0 472
 0 473
 0 474
 0 475
 0 476
 0 477
 0 478
 0 479
 0 480
 0 481
 0 482
 0 483
 0 484
 0 485
 0 486
 0 487
 0 488
 0 489
 0 490
 0 491
 0 492
 0 493
 0 494
 0 495
 0 496
 0 497
 0 498
 0 499
 0 500
 0 501
 0 502
 0 503
 0 504
 0 505
 0 506
 0 507
 0 508
 0 509
 0 510
 0 511
 0 512
 0 513
 0 514
 0 515
 0 516
 0 517
 0 518
 0 519
 0 520
 0 521
 0 522
 0 523
 0 524
 0 525
 0 526
 0 527
 0 528
 0 529
 0 530
 0 531
 0 532
 0 533
 0 534
 0 535
 0 536
 0 537
 0 538
 0 539
 0 540
 0 541
 0 542
 0 543
 0 544
 0 545
 0 546
 0 547
 0 548
 0 549
 0 550
 0 551
 0 552
 0 553
 0 554
 0 555
 0 556
 0 557
 0 558
 0 559
 0 560
 0 561
 0 562
 0 563
 0 564
 0 565
 0 566
 0 567
 0 568
 0 569
 0 570
 0 571
 0 572
 0 573
 0 574
 0 575
 0 576
 0 577
 0 578
 0 579
 0 580
 0 581
 0 582
 0 583
 0 584
 0 585
 0 586
 0 587
 0 588
 0 589
 0 590
 0 591
 0 592
 0 593
 0 594
 0 595
 0 596
 0 597
 0 598
 0 599
 0 600


