# Created by Octave 3.8.2, Mon Jun 22 04:28:08 2020 CEST <damian@fptrucha.inv.usc.es>
# name: hd
# type: matrix
# rows: 551
# columns: 2
 0 50
 0 51
 0 52
 0 53
 0 54
 0 55
 0 56
 0 57
 0 58
 0 59
 0 60
 0 61
 0 62
 0 63
 0 64
 0 65
 0 66
 0 67
 0 68
 0 69
 0 70
 0 71
 1 72
 0 73
 0 74
 0 75
 0 76
 0 77
 0 78
 0 79
 0 80
 0 81
 0 82
 0 83
 0 84
 0 85
 0 86
 1 87
 1 88
 3 89
 5 90
 14 91
 65 92
 113 93
 167 94
 208 95
 346 96
 515 97
 749 98
 881 99
 1088 100
 1165 101
 1228 102
 1287 103
 1377 104
 1401 105
 1317 106
 1316 107
 1283 108
 1184 109
 1246 110
 1118 111
 1014 112
 891 113
 881 114
 871 115
 762 116
 700 117
 654 118
 580 119
 573 120
 484 121
 466 122
 391 123
 408 124
 378 125
 285 126
 283 127
 283 128
 249 129
 218 130
 198 131
 170 132
 170 133
 187 134
 156 135
 147 136
 123 137
 124 138
 125 139
 123 140
 100 141
 104 142
 82 143
 74 144
 65 145
 91 146
 71 147
 66 148
 61 149
 69 150
 62 151
 58 152
 49 153
 46 154
 49 155
 39 156
 39 157
 41 158
 35 159
 43 160
 33 161
 29 162
 34 163
 30 164
 25 165
 30 166
 20 167
 24 168
 34 169
 24 170
 20 171
 18 172
 15 173
 15 174
 10 175
 12 176
 11 177
 10 178
 8 179
 8 180
 10 181
 7 182
 4 183
 9 184
 8 185
 8 186
 3 187
 4 188
 5 189
 2 190
 7 191
 4 192
 8 193
 1 194
 3 195
 2 196
 1 197
 1 198
 1 199
 2 200
 2 201
 1 202
 1 203
 2 204
 2 205
 4 206
 1 207
 0 208
 0 209
 1 210
 1 211
 1 212
 0 213
 1 214
 1 215
 0 216
 0 217
 0 218
 1 219
 0 220
 1 221
 0 222
 0 223
 0 224
 0 225
 2 226
 0 227
 0 228
 0 229
 0 230
 0 231
 0 232
 0 233
 1 234
 2 235
 0 236
 0 237
 0 238
 0 239
 0 240
 0 241
 0 242
 0 243
 0 244
 0 245
 0 246
 0 247
 0 248
 0 249
 0 250
 0 251
 0 252
 0 253
 0 254
 0 255
 0 256
 0 257
 0 258
 0 259
 0 260
 0 261
 0 262
 0 263
 0 264
 0 265
 0 266
 0 267
 0 268
 0 269
 0 270
 0 271
 0 272
 0 273
 0 274
 0 275
 0 276
 0 277
 0 278
 1 279
 0 280
 1 281
 0 282
 0 283
 1 284
 1 285
 0 286
 1 287
 0 288
 0 289
 1 290
 0 291
 0 292
 0 293
 0 294
 1 295
 4 296
 0 297
 2 298
 0 299
 1 300
 0 301
 1 302
 3 303
 2 304
 2 305
 2 306
 1 307
 3 308
 4 309
 2 310
 3 311
 1 312
 3 313
 5 314
 7 315
 3 316
 2 317
 2 318
 3 319
 3 320
 2 321
 3 322
 3 323
 1 324
 0 325
 2 326
 4 327
 3 328
 4 329
 3 330
 3 331
 2 332
 2 333
 1 334
 2 335
 2 336
 1 337
 4 338
 2 339
 4 340
 1 341
 3 342
 4 343
 2 344
 2 345
 3 346
 1 347
 1 348
 4 349
 1 350
 3 351
 1 352
 1 353
 2 354
 1 355
 6 356
 3 357
 3 358
 1 359
 3 360
 1 361
 1 362
 1 363
 0 364
 0 365
 1 366
 3 367
 2 368
 1 369
 0 370
 0 371
 1 372
 0 373
 1 374
 1 375
 1 376
 0 377
 0 378
 0 379
 1 380
 0 381
 0 382
 0 383
 0 384
 0 385
 0 386
 0 387
 1 388
 0 389
 0 390
 0 391
 0 392
 1 393
 0 394
 0 395
 0 396
 0 397
 0 398
 1 399
 0 400
 0 401
 1 402
 0 403
 0 404
 0 405
 0 406
 0 407
 0 408
 1 409
 0 410
 0 411
 0 412
 0 413
 0 414
 0 415
 0 416
 0 417
 0 418
 0 419
 0 420
 0 421
 0 422
 0 423
 0 424
 0 425
 0 426
 0 427
 0 428
 1 429
 0 430
 0 431
 0 432
 0 433
 1 434
 0 435
 0 436
 0 437
 0 438
 0 439
 0 440
 0 441
 0 442
 0 443
 0 444
 0 445
 0 446
 0 447
 0 448
 0 449
 0 450
 0 451
 0 452
 0 453
 0 454
 0 455
 0 456
 0 457
 0 458
 0 459
 0 460
 0 461
 0 462
 0 463
 0 464
 0 465
 0 466
 0 467
 0 468
 0 469
 0 470
 0 471
 0 472
 0 473
 0 474
 0 475
 0 476
 0 477
 0 478
 0 479
 0 480
 0 481
 0 482
 0 483
 0 484
 0 485
 0 486
 0 487
 0 488
 0 489
 0 490
 0 491
 0 492
 0 493
 0 494
 0 495
 0 496
 0 497
 0 498
 0 499
 0 500
 0 501
 0 502
 0 503
 0 504
 0 505
 0 506
 0 507
 0 508
 0 509
 0 510
 0 511
 0 512
 0 513
 0 514
 0 515
 0 516
 0 517
 0 518
 0 519
 0 520
 0 521
 0 522
 0 523
 0 524
 0 525
 0 526
 0 527
 0 528
 0 529
 0 530
 0 531
 0 532
 0 533
 0 534
 0 535
 0 536
 0 537
 0 538
 0 539
 0 540
 0 541
 0 542
 0 543
 0 544
 0 545
 0 546
 0 547
 0 548
 0 549
 0 550
 0 551
 0 552
 0 553
 0 554
 0 555
 0 556
 0 557
 0 558
 0 559
 0 560
 0 561
 0 562
 0 563
 0 564
 0 565
 0 566
 0 567
 0 568
 0 569
 0 570
 0 571
 0 572
 0 573
 0 574
 0 575
 0 576
 0 577
 0 578
 0 579
 0 580
 0 581
 0 582
 0 583
 0 584
 0 585
 0 586
 0 587
 0 588
 0 589
 0 590
 0 591
 0 592
 0 593
 0 594
 0 595
 0 596
 0 597
 0 598
 0 599
 0 600


