# Created by Octave 3.8.2, Mon Jun 22 06:11:51 2020 CEST <damian@fptrucha.inv.usc.es>
# name: hd
# type: matrix
# rows: 551
# columns: 2
 0 50
 0 51
 0 52
 0 53
 0 54
 0 55
 0 56
 0 57
 0 58
 0 59
 0 60
 0 61
 0 62
 0 63
 0 64
 0 65
 0 66
 0 67
 0 68
 0 69
 0 70
 0 71
 0 72
 0 73
 0 74
 0 75
 0 76
 0 77
 0 78
 0 79
 0 80
 0 81
 0 82
 0 83
 0 84
 0 85
 0 86
 1 87
 0 88
 3 89
 3 90
 15 91
 70 92
 113 93
 155 94
 216 95
 386 96
 574 97
 792 98
 1005 99
 1139 100
 1227 101
 1339 102
 1381 103
 1405 104
 1458 105
 1462 106
 1436 107
 1400 108
 1295 109
 1217 110
 1118 111
 1071 112
 1000 113
 972 114
 833 115
 759 116
 759 117
 677 118
 601 119
 521 120
 532 121
 460 122
 404 123
 358 124
 317 125
 273 126
 269 127
 236 128
 256 129
 225 130
 204 131
 171 132
 205 133
 154 134
 155 135
 155 136
 119 137
 141 138
 128 139
 129 140
 102 141
 103 142
 94 143
 93 144
 72 145
 74 146
 81 147
 58 148
 73 149
 71 150
 69 151
 55 152
 44 153
 58 154
 53 155
 45 156
 43 157
 52 158
 39 159
 33 160
 44 161
 39 162
 23 163
 24 164
 32 165
 25 166
 20 167
 26 168
 13 169
 18 170
 13 171
 16 172
 11 173
 9 174
 12 175
 11 176
 11 177
 9 178
 10 179
 11 180
 3 181
 11 182
 11 183
 11 184
 12 185
 5 186
 6 187
 6 188
 10 189
 3 190
 3 191
 6 192
 2 193
 2 194
 3 195
 1 196
 2 197
 2 198
 7 199
 4 200
 2 201
 2 202
 1 203
 1 204
 1 205
 0 206
 3 207
 0 208
 0 209
 2 210
 0 211
 1 212
 2 213
 0 214
 1 215
 0 216
 0 217
 0 218
 0 219
 0 220
 0 221
 0 222
 0 223
 0 224
 3 225
 0 226
 1 227
 0 228
 0 229
 0 230
 0 231
 0 232
 0 233
 1 234
 1 235
 0 236
 0 237
 1 238
 0 239
 0 240
 0 241
 1 242
 0 243
 0 244
 0 245
 0 246
 1 247
 0 248
 0 249
 0 250
 0 251
 0 252
 0 253
 0 254
 0 255
 0 256
 0 257
 0 258
 0 259
 0 260
 0 261
 0 262
 0 263
 0 264
 0 265
 0 266
 0 267
 0 268
 0 269
 0 270
 0 271
 0 272
 0 273
 0 274
 0 275
 0 276
 1 277
 0 278
 1 279
 2 280
 0 281
 1 282
 0 283
 0 284
 0 285
 0 286
 0 287
 2 288
 0 289
 0 290
 0 291
 3 292
 1 293
 3 294
 3 295
 2 296
 0 297
 0 298
 0 299
 3 300
 1 301
 0 302
 3 303
 0 304
 2 305
 0 306
 0 307
 2 308
 3 309
 1 310
 3 311
 2 312
 1 313
 2 314
 5 315
 1 316
 6 317
 2 318
 2 319
 4 320
 2 321
 4 322
 1 323
 2 324
 0 325
 2 326
 4 327
 4 328
 4 329
 1 330
 1 331
 4 332
 4 333
 1 334
 2 335
 3 336
 4 337
 4 338
 3 339
 0 340
 1 341
 1 342
 3 343
 2 344
 3 345
 3 346
 3 347
 0 348
 0 349
 1 350
 1 351
 2 352
 3 353
 3 354
 1 355
 0 356
 1 357
 0 358
 3 359
 2 360
 3 361
 2 362
 1 363
 1 364
 3 365
 0 366
 1 367
 1 368
 0 369
 1 370
 1 371
 0 372
 0 373
 0 374
 2 375
 0 376
 1 377
 1 378
 0 379
 0 380
 1 381
 1 382
 0 383
 1 384
 0 385
 1 386
 0 387
 1 388
 1 389
 1 390
 0 391
 0 392
 0 393
 0 394
 0 395
 0 396
 0 397
 0 398
 0 399
 0 400
 0 401
 0 402
 1 403
 0 404
 0 405
 0 406
 0 407
 0 408
 0 409
 0 410
 0 411
 0 412
 0 413
 0 414
 0 415
 0 416
 0 417
 0 418
 0 419
 0 420
 0 421
 0 422
 0 423
 0 424
 0 425
 0 426
 0 427
 0 428
 0 429
 0 430
 0 431
 0 432
 0 433
 0 434
 0 435
 1 436
 0 437
 0 438
 0 439
 0 440
 0 441
 0 442
 0 443
 0 444
 0 445
 0 446
 0 447
 0 448
 0 449
 0 450
 0 451
 0 452
 0 453
 0 454
 0 455
 0 456
 0 457
 0 458
 0 459
 0 460
 0 461
 0 462
 0 463
 0 464
 0 465
 0 466
 0 467
 0 468
 0 469
 0 470
 0 471
 0 472
 0 473
 0 474
 0 475
 0 476
 0 477
 0 478
 0 479
 0 480
 0 481
 0 482
 0 483
 0 484
 0 485
 0 486
 0 487
 0 488
 0 489
 0 490
 0 491
 0 492
 0 493
 0 494
 0 495
 0 496
 0 497
 0 498
 0 499
 0 500
 0 501
 0 502
 0 503
 0 504
 0 505
 0 506
 0 507
 0 508
 0 509
 0 510
 0 511
 0 512
 0 513
 0 514
 0 515
 0 516
 0 517
 0 518
 0 519
 0 520
 0 521
 0 522
 0 523
 0 524
 0 525
 0 526
 0 527
 0 528
 0 529
 0 530
 0 531
 0 532
 0 533
 0 534
 0 535
 0 536
 0 537
 0 538
 0 539
 0 540
 0 541
 0 542
 0 543
 0 544
 0 545
 0 546
 0 547
 0 548
 0 549
 0 550
 0 551
 0 552
 0 553
 0 554
 0 555
 0 556
 0 557
 0 558
 0 559
 0 560
 0 561
 0 562
 0 563
 0 564
 0 565
 0 566
 0 567
 0 568
 0 569
 0 570
 0 571
 0 572
 0 573
 0 574
 0 575
 0 576
 0 577
 0 578
 0 579
 0 580
 0 581
 0 582
 0 583
 0 584
 0 585
 0 586
 0 587
 0 588
 0 589
 0 590
 0 591
 0 592
 0 593
 0 594
 0 595
 0 596
 0 597
 0 598
 0 599
 0 600


