# Created by Octave 3.8.2, Mon Jun 22 16:26:40 2020 CEST <damian@fptrucha.inv.usc.es>
# name: hd
# type: matrix
# rows: 551
# columns: 2
 0 50
 0 51
 0 52
 0 53
 0 54
 0 55
 0 56
 0 57
 0 58
 0 59
 0 60
 0 61
 0 62
 0 63
 0 64
 0 65
 0 66
 0 67
 0 68
 0 69
 0 70
 0 71
 0 72
 0 73
 0 74
 0 75
 0 76
 0 77
 0 78
 0 79
 0 80
 0 81
 0 82
 0 83
 0 84
 0 85
 0 86
 0 87
 0 88
 0 89
 5 90
 14 91
 86 92
 117 93
 170 94
 284 95
 498 96
 644 97
 869 98
 1042 99
 1311 100
 1490 101
 1481 102
 1538 103
 1612 104
 1571 105
 1549 106
 1633 107
 1452 108
 1420 109
 1333 110
 1227 111
 1202 112
 1083 113
 998 114
 961 115
 846 116
 785 117
 660 118
 682 119
 594 120
 538 121
 531 122
 456 123
 422 124
 393 125
 309 126
 306 127
 240 128
 248 129
 231 130
 214 131
 176 132
 199 133
 147 134
 160 135
 146 136
 133 137
 117 138
 114 139
 123 140
 104 141
 97 142
 98 143
 90 144
 99 145
 76 146
 77 147
 64 148
 68 149
 64 150
 56 151
 55 152
 55 153
 49 154
 44 155
 38 156
 39 157
 43 158
 35 159
 44 160
 25 161
 31 162
 19 163
 30 164
 21 165
 24 166
 20 167
 17 168
 24 169
 23 170
 13 171
 28 172
 20 173
 8 174
 15 175
 9 176
 16 177
 18 178
 11 179
 11 180
 8 181
 15 182
 7 183
 11 184
 6 185
 6 186
 6 187
 3 188
 2 189
 3 190
 9 191
 4 192
 6 193
 3 194
 3 195
 2 196
 2 197
 3 198
 1 199
 2 200
 4 201
 3 202
 2 203
 1 204
 0 205
 3 206
 1 207
 1 208
 1 209
 0 210
 0 211
 1 212
 0 213
 1 214
 1 215
 0 216
 0 217
 0 218
 1 219
 1 220
 1 221
 0 222
 0 223
 3 224
 0 225
 0 226
 0 227
 0 228
 0 229
 0 230
 0 231
 1 232
 0 233
 0 234
 0 235
 0 236
 0 237
 0 238
 0 239
 0 240
 0 241
 1 242
 0 243
 0 244
 0 245
 0 246
 1 247
 0 248
 0 249
 0 250
 0 251
 0 252
 0 253
 0 254
 0 255
 0 256
 0 257
 0 258
 0 259
 0 260
 0 261
 0 262
 0 263
 0 264
 0 265
 0 266
 0 267
 0 268
 1 269
 0 270
 0 271
 0 272
 0 273
 0 274
 0 275
 0 276
 0 277
 0 278
 0 279
 0 280
 1 281
 0 282
 0 283
 1 284
 2 285
 1 286
 0 287
 2 288
 1 289
 3 290
 0 291
 2 292
 1 293
 0 294
 1 295
 2 296
 2 297
 3 298
 2 299
 1 300
 0 301
 0 302
 0 303
 1 304
 2 305
 2 306
 0 307
 0 308
 4 309
 3 310
 2 311
 1 312
 1 313
 4 314
 1 315
 2 316
 3 317
 3 318
 3 319
 0 320
 0 321
 2 322
 1 323
 1 324
 0 325
 5 326
 3 327
 2 328
 4 329
 3 330
 3 331
 1 332
 4 333
 2 334
 3 335
 3 336
 2 337
 0 338
 1 339
 0 340
 1 341
 3 342
 1 343
 0 344
 2 345
 3 346
 2 347
 2 348
 1 349
 2 350
 0 351
 2 352
 1 353
 1 354
 4 355
 1 356
 3 357
 0 358
 2 359
 1 360
 1 361
 1 362
 2 363
 2 364
 1 365
 0 366
 1 367
 1 368
 0 369
 0 370
 0 371
 0 372
 1 373
 2 374
 0 375
 0 376
 0 377
 0 378
 1 379
 0 380
 0 381
 1 382
 0 383
 2 384
 0 385
 1 386
 0 387
 0 388
 1 389
 0 390
 0 391
 0 392
 0 393
 0 394
 1 395
 0 396
 0 397
 0 398
 0 399
 0 400
 0 401
 0 402
 0 403
 1 404
 0 405
 0 406
 0 407
 0 408
 0 409
 0 410
 0 411
 0 412
 0 413
 0 414
 0 415
 0 416
 0 417
 0 418
 0 419
 0 420
 0 421
 0 422
 0 423
 0 424
 0 425
 0 426
 0 427
 0 428
 0 429
 0 430
 0 431
 0 432
 0 433
 0 434
 0 435
 0 436
 0 437
 0 438
 0 439
 0 440
 0 441
 0 442
 0 443
 0 444
 0 445
 0 446
 0 447
 0 448
 0 449
 0 450
 0 451
 0 452
 0 453
 0 454
 0 455
 0 456
 0 457
 0 458
 0 459
 0 460
 0 461
 0 462
 0 463
 0 464
 0 465
 0 466
 0 467
 0 468
 0 469
 0 470
 0 471
 0 472
 0 473
 0 474
 0 475
 0 476
 0 477
 0 478
 0 479
 0 480
 0 481
 0 482
 0 483
 0 484
 0 485
 0 486
 0 487
 0 488
 0 489
 0 490
 0 491
 0 492
 0 493
 0 494
 0 495
 0 496
 0 497
 0 498
 0 499
 0 500
 0 501
 0 502
 0 503
 0 504
 0 505
 0 506
 0 507
 0 508
 0 509
 0 510
 0 511
 0 512
 0 513
 0 514
 0 515
 0 516
 0 517
 0 518
 0 519
 0 520
 0 521
 0 522
 0 523
 0 524
 0 525
 0 526
 0 527
 0 528
 0 529
 0 530
 0 531
 0 532
 0 533
 0 534
 0 535
 0 536
 0 537
 0 538
 0 539
 0 540
 0 541
 0 542
 0 543
 0 544
 0 545
 0 546
 0 547
 0 548
 0 549
 0 550
 0 551
 0 552
 0 553
 0 554
 0 555
 0 556
 0 557
 0 558
 0 559
 0 560
 0 561
 0 562
 0 563
 0 564
 0 565
 0 566
 0 567
 0 568
 0 569
 0 570
 0 571
 0 572
 0 573
 0 574
 0 575
 0 576
 0 577
 0 578
 0 579
 0 580
 0 581
 0 582
 0 583
 0 584
 0 585
 0 586
 0 587
 0 588
 0 589
 0 590
 0 591
 0 592
 0 593
 0 594
 0 595
 0 596
 0 597
 0 598
 0 599
 0 600


