# Created by Octave 3.8.2, Mon Jun 22 09:18:11 2020 CEST <damian@fptrucha.inv.usc.es>
# name: hd
# type: matrix
# rows: 551
# columns: 2
 0 50
 0 51
 0 52
 0 53
 0 54
 0 55
 0 56
 0 57
 0 58
 0 59
 0 60
 0 61
 0 62
 0 63
 0 64
 0 65
 0 66
 0 67
 0 68
 0 69
 0 70
 0 71
 0 72
 0 73
 0 74
 0 75
 0 76
 0 77
 0 78
 0 79
 0 80
 0 81
 0 82
 0 83
 0 84
 0 85
 0 86
 0 87
 0 88
 0 89
 3 90
 16 91
 74 92
 99 93
 168 94
 271 95
 393 96
 584 97
 785 98
 937 99
 1196 100
 1303 101
 1353 102
 1524 103
 1412 104
 1503 105
 1474 106
 1408 107
 1344 108
 1327 109
 1286 110
 1187 111
 1159 112
 1050 113
 1006 114
 940 115
 810 116
 785 117
 668 118
 608 119
 589 120
 506 121
 448 122
 415 123
 384 124
 343 125
 322 126
 299 127
 251 128
 268 129
 240 130
 207 131
 204 132
 185 133
 218 134
 163 135
 144 136
 148 137
 130 138
 114 139
 119 140
 111 141
 95 142
 104 143
 91 144
 90 145
 82 146
 83 147
 83 148
 72 149
 59 150
 64 151
 63 152
 42 153
 57 154
 57 155
 44 156
 37 157
 38 158
 43 159
 34 160
 32 161
 30 162
 36 163
 28 164
 32 165
 25 166
 20 167
 24 168
 16 169
 21 170
 13 171
 16 172
 12 173
 15 174
 6 175
 15 176
 17 177
 9 178
 8 179
 6 180
 12 181
 8 182
 8 183
 5 184
 2 185
 9 186
 10 187
 5 188
 2 189
 6 190
 10 191
 4 192
 2 193
 2 194
 5 195
 2 196
 4 197
 2 198
 2 199
 1 200
 2 201
 4 202
 1 203
 1 204
 0 205
 3 206
 2 207
 0 208
 3 209
 3 210
 1 211
 1 212
 1 213
 4 214
 1 215
 3 216
 1 217
 0 218
 0 219
 0 220
 0 221
 0 222
 1 223
 1 224
 0 225
 0 226
 1 227
 0 228
 0 229
 0 230
 0 231
 0 232
 0 233
 0 234
 0 235
 0 236
 0 237
 0 238
 0 239
 0 240
 0 241
 0 242
 1 243
 0 244
 0 245
 0 246
 0 247
 0 248
 0 249
 0 250
 0 251
 0 252
 0 253
 0 254
 0 255
 0 256
 0 257
 0 258
 0 259
 0 260
 0 261
 0 262
 0 263
 0 264
 0 265
 0 266
 0 267
 0 268
 0 269
 1 270
 0 271
 0 272
 0 273
 0 274
 0 275
 0 276
 0 277
 0 278
 1 279
 0 280
 0 281
 0 282
 0 283
 0 284
 1 285
 0 286
 0 287
 0 288
 1 289
 0 290
 1 291
 0 292
 1 293
 0 294
 0 295
 1 296
 1 297
 1 298
 2 299
 1 300
 1 301
 1 302
 0 303
 3 304
 3 305
 1 306
 1 307
 0 308
 2 309
 2 310
 2 311
 1 312
 0 313
 5 314
 1 315
 4 316
 2 317
 4 318
 1 319
 2 320
 1 321
 1 322
 2 323
 5 324
 1 325
 4 326
 5 327
 4 328
 3 329
 2 330
 4 331
 2 332
 4 333
 4 334
 2 335
 4 336
 1 337
 1 338
 0 339
 1 340
 2 341
 1 342
 5 343
 1 344
 1 345
 2 346
 0 347
 2 348
 4 349
 3 350
 0 351
 3 352
 3 353
 1 354
 3 355
 1 356
 4 357
 2 358
 0 359
 3 360
 0 361
 2 362
 0 363
 2 364
 0 365
 1 366
 0 367
 2 368
 1 369
 0 370
 0 371
 0 372
 0 373
 0 374
 2 375
 2 376
 0 377
 0 378
 1 379
 1 380
 0 381
 0 382
 2 383
 1 384
 0 385
 2 386
 0 387
 0 388
 0 389
 0 390
 1 391
 0 392
 0 393
 0 394
 0 395
 0 396
 1 397
 0 398
 0 399
 0 400
 0 401
 0 402
 0 403
 1 404
 0 405
 0 406
 1 407
 0 408
 1 409
 0 410
 0 411
 0 412
 0 413
 1 414
 0 415
 0 416
 0 417
 0 418
 0 419
 0 420
 0 421
 0 422
 0 423
 0 424
 0 425
 0 426
 0 427
 0 428
 0 429
 0 430
 0 431
 0 432
 0 433
 0 434
 0 435
 0 436
 0 437
 0 438
 0 439
 0 440
 0 441
 0 442
 0 443
 0 444
 0 445
 0 446
 0 447
 0 448
 0 449
 0 450
 0 451
 0 452
 0 453
 0 454
 0 455
 0 456
 0 457
 0 458
 0 459
 0 460
 0 461
 0 462
 0 463
 0 464
 0 465
 0 466
 0 467
 0 468
 0 469
 0 470
 0 471
 0 472
 0 473
 0 474
 0 475
 0 476
 0 477
 0 478
 0 479
 0 480
 0 481
 0 482
 0 483
 0 484
 0 485
 0 486
 0 487
 0 488
 0 489
 0 490
 0 491
 0 492
 0 493
 0 494
 0 495
 0 496
 0 497
 0 498
 0 499
 0 500
 0 501
 0 502
 0 503
 0 504
 0 505
 0 506
 0 507
 0 508
 0 509
 0 510
 0 511
 0 512
 0 513
 0 514
 0 515
 0 516
 0 517
 0 518
 0 519
 0 520
 0 521
 0 522
 0 523
 0 524
 0 525
 0 526
 0 527
 0 528
 0 529
 0 530
 0 531
 0 532
 0 533
 0 534
 0 535
 0 536
 0 537
 0 538
 0 539
 0 540
 0 541
 0 542
 0 543
 0 544
 0 545
 0 546
 0 547
 0 548
 0 549
 0 550
 0 551
 0 552
 0 553
 0 554
 0 555
 0 556
 0 557
 0 558
 0 559
 0 560
 0 561
 0 562
 0 563
 0 564
 0 565
 0 566
 0 567
 0 568
 0 569
 0 570
 0 571
 0 572
 0 573
 0 574
 0 575
 0 576
 0 577
 0 578
 0 579
 0 580
 0 581
 0 582
 0 583
 0 584
 0 585
 0 586
 0 587
 0 588
 0 589
 0 590
 0 591
 0 592
 0 593
 0 594
 0 595
 0 596
 0 597
 0 598
 0 599
 0 600


