# Created by Octave 3.8.2, Sat Jun 20 03:19:33 2020 CEST <damian@fptrucha.inv.usc.es>
# name: hd
# type: matrix
# rows: 551
# columns: 2
 0 50
 0 51
 0 52
 0 53
 0 54
 0 55
 0 56
 0 57
 0 58
 0 59
 0 60
 0 61
 0 62
 0 63
 0 64
 0 65
 0 66
 0 67
 0 68
 0 69
 0 70
 0 71
 0 72
 0 73
 0 74
 0 75
 0 76
 0 77
 0 78
 0 79
 0 80
 0 81
 0 82
 0 83
 0 84
 0 85
 0 86
 0 87
 2 88
 2 89
 3 90
 25 91
 92 92
 134 93
 170 94
 270 95
 431 96
 645 97
 786 98
 893 99
 1078 100
 1273 101
 1225 102
 1295 103
 1410 104
 1410 105
 1403 106
 1438 107
 1430 108
 1395 109
 1393 110
 1333 111
 1266 112
 1182 113
 1128 114
 1056 115
 964 116
 951 117
 842 118
 801 119
 725 120
 679 121
 681 122
 582 123
 559 124
 497 125
 463 126
 461 127
 411 128
 347 129
 362 130
 269 131
 288 132
 263 133
 231 134
 227 135
 198 136
 194 137
 173 138
 169 139
 144 140
 115 141
 122 142
 129 143
 114 144
 118 145
 124 146
 81 147
 91 148
 93 149
 91 150
 71 151
 53 152
 74 153
 61 154
 71 155
 44 156
 53 157
 53 158
 53 159
 36 160
 44 161
 45 162
 43 163
 43 164
 33 165
 24 166
 35 167
 24 168
 22 169
 20 170
 25 171
 20 172
 13 173
 13 174
 12 175
 21 176
 20 177
 15 178
 14 179
 11 180
 9 181
 9 182
 6 183
 3 184
 4 185
 8 186
 8 187
 3 188
 7 189
 5 190
 7 191
 5 192
 1 193
 2 194
 4 195
 3 196
 5 197
 2 198
 5 199
 1 200
 2 201
 4 202
 6 203
 2 204
 3 205
 1 206
 0 207
 2 208
 0 209
 5 210
 1 211
 1 212
 1 213
 2 214
 0 215
 1 216
 1 217
 0 218
 0 219
 1 220
 3 221
 0 222
 0 223
 0 224
 1 225
 0 226
 1 227
 0 228
 0 229
 2 230
 0 231
 0 232
 1 233
 0 234
 0 235
 0 236
 0 237
 0 238
 1 239
 0 240
 0 241
 0 242
 0 243
 0 244
 0 245
 0 246
 0 247
 0 248
 0 249
 0 250
 0 251
 0 252
 0 253
 0 254
 0 255
 0 256
 0 257
 0 258
 0 259
 0 260
 0 261
 0 262
 0 263
 0 264
 0 265
 0 266
 0 267
 1 268
 0 269
 0 270
 0 271
 0 272
 0 273
 0 274
 0 275
 0 276
 0 277
 1 278
 0 279
 0 280
 1 281
 0 282
 0 283
 0 284
 0 285
 1 286
 0 287
 0 288
 0 289
 0 290
 1 291
 0 292
 0 293
 0 294
 1 295
 2 296
 0 297
 2 298
 1 299
 2 300
 0 301
 1 302
 2 303
 4 304
 3 305
 3 306
 1 307
 1 308
 0 309
 2 310
 5 311
 2 312
 2 313
 3 314
 0 315
 0 316
 0 317
 3 318
 4 319
 7 320
 4 321
 2 322
 2 323
 1 324
 0 325
 2 326
 4 327
 4 328
 1 329
 5 330
 7 331
 3 332
 4 333
 2 334
 4 335
 2 336
 0 337
 3 338
 3 339
 4 340
 3 341
 0 342
 3 343
 4 344
 2 345
 4 346
 0 347
 1 348
 0 349
 3 350
 1 351
 3 352
 5 353
 1 354
 3 355
 4 356
 1 357
 2 358
 3 359
 2 360
 5 361
 5 362
 2 363
 1 364
 1 365
 1 366
 2 367
 4 368
 1 369
 1 370
 3 371
 1 372
 1 373
 0 374
 2 375
 2 376
 0 377
 1 378
 0 379
 0 380
 1 381
 1 382
 1 383
 0 384
 0 385
 0 386
 0 387
 0 388
 1 389
 0 390
 0 391
 0 392
 1 393
 1 394
 0 395
 0 396
 1 397
 0 398
 0 399
 0 400
 2 401
 0 402
 0 403
 0 404
 0 405
 0 406
 0 407
 0 408
 1 409
 0 410
 0 411
 0 412
 1 413
 1 414
 0 415
 0 416
 0 417
 0 418
 0 419
 0 420
 0 421
 0 422
 0 423
 0 424
 0 425
 0 426
 0 427
 0 428
 0 429
 1 430
 0 431
 0 432
 1 433
 0 434
 0 435
 1 436
 0 437
 0 438
 0 439
 0 440
 0 441
 0 442
 0 443
 0 444
 0 445
 0 446
 0 447
 0 448
 0 449
 0 450
 0 451
 0 452
 0 453
 0 454
 0 455
 0 456
 0 457
 0 458
 0 459
 0 460
 0 461
 0 462
 0 463
 0 464
 0 465
 0 466
 0 467
 0 468
 0 469
 0 470
 0 471
 0 472
 0 473
 0 474
 0 475
 0 476
 0 477
 0 478
 0 479
 0 480
 0 481
 0 482
 0 483
 0 484
 0 485
 0 486
 0 487
 0 488
 0 489
 0 490
 0 491
 0 492
 0 493
 0 494
 0 495
 0 496
 0 497
 0 498
 0 499
 0 500
 0 501
 0 502
 0 503
 0 504
 0 505
 0 506
 0 507
 0 508
 0 509
 0 510
 0 511
 0 512
 0 513
 0 514
 0 515
 0 516
 0 517
 0 518
 0 519
 0 520
 0 521
 0 522
 0 523
 0 524
 0 525
 0 526
 0 527
 0 528
 0 529
 0 530
 0 531
 0 532
 0 533
 0 534
 0 535
 0 536
 0 537
 0 538
 0 539
 0 540
 0 541
 0 542
 0 543
 0 544
 0 545
 0 546
 0 547
 0 548
 0 549
 0 550
 0 551
 0 552
 0 553
 0 554
 0 555
 0 556
 0 557
 0 558
 0 559
 0 560
 0 561
 0 562
 0 563
 0 564
 0 565
 0 566
 0 567
 0 568
 0 569
 0 570
 0 571
 0 572
 0 573
 0 574
 0 575
 0 576
 0 577
 0 578
 0 579
 0 580
 0 581
 0 582
 0 583
 0 584
 0 585
 0 586
 0 587
 0 588
 0 589
 0 590
 0 591
 0 592
 0 593
 0 594
 0 595
 0 596
 0 597
 0 598
 0 599
 0 600


