# Created by Octave 3.8.2, Mon Jun 22 00:47:08 2020 CEST <damian@fptrucha.inv.usc.es>
# name: hd
# type: matrix
# rows: 551
# columns: 2
 0 50
 0 51
 0 52
 0 53
 0 54
 0 55
 0 56
 0 57
 0 58
 0 59
 0 60
 0 61
 0 62
 0 63
 0 64
 0 65
 0 66
 0 67
 0 68
 0 69
 0 70
 0 71
 0 72
 0 73
 0 74
 0 75
 0 76
 0 77
 0 78
 0 79
 0 80
 0 81
 0 82
 0 83
 0 84
 0 85
 0 86
 0 87
 4 88
 3 89
 7 90
 30 91
 72 92
 124 93
 171 94
 239 95
 382 96
 573 97
 676 98
 787 99
 935 100
 963 101
 1143 102
 1090 103
 1165 104
 1216 105
 1301 106
 1314 107
 1311 108
 1227 109
 1223 110
 1247 111
 1144 112
 1116 113
 1044 114
 985 115
 924 116
 876 117
 797 118
 780 119
 763 120
 655 121
 644 122
 560 123
 554 124
 511 125
 493 126
 418 127
 386 128
 342 129
 299 130
 317 131
 258 132
 257 133
 224 134
 275 135
 206 136
 147 137
 173 138
 149 139
 165 140
 140 141
 96 142
 112 143
 107 144
 103 145
 92 146
 89 147
 73 148
 73 149
 84 150
 47 151
 62 152
 62 153
 50 154
 51 155
 54 156
 67 157
 44 158
 37 159
 42 160
 28 161
 26 162
 25 163
 20 164
 20 165
 24 166
 25 167
 35 168
 23 169
 19 170
 24 171
 9 172
 15 173
 15 174
 18 175
 12 176
 11 177
 8 178
 16 179
 3 180
 4 181
 5 182
 10 183
 8 184
 5 185
 4 186
 11 187
 7 188
 5 189
 5 190
 3 191
 1 192
 3 193
 5 194
 1 195
 1 196
 4 197
 0 198
 0 199
 0 200
 3 201
 3 202
 1 203
 2 204
 0 205
 1 206
 4 207
 3 208
 1 209
 2 210
 0 211
 1 212
 0 213
 1 214
 0 215
 0 216
 0 217
 1 218
 1 219
 2 220
 0 221
 0 222
 0 223
 0 224
 0 225
 0 226
 1 227
 0 228
 1 229
 1 230
 0 231
 1 232
 0 233
 1 234
 0 235
 0 236
 0 237
 0 238
 0 239
 0 240
 0 241
 0 242
 0 243
 0 244
 0 245
 0 246
 0 247
 0 248
 0 249
 0 250
 0 251
 0 252
 0 253
 0 254
 0 255
 0 256
 0 257
 0 258
 0 259
 0 260
 0 261
 0 262
 0 263
 0 264
 0 265
 0 266
 0 267
 0 268
 0 269
 0 270
 0 271
 2 272
 0 273
 0 274
 0 275
 1 276
 0 277
 0 278
 0 279
 0 280
 0 281
 0 282
 0 283
 0 284
 0 285
 2 286
 1 287
 3 288
 0 289
 0 290
 0 291
 0 292
 0 293
 1 294
 1 295
 2 296
 1 297
 0 298
 0 299
 1 300
 3 301
 2 302
 3 303
 1 304
 3 305
 1 306
 4 307
 4 308
 3 309
 1 310
 2 311
 0 312
 4 313
 1 314
 0 315
 0 316
 1 317
 1 318
 1 319
 1 320
 4 321
 1 322
 2 323
 1 324
 3 325
 2 326
 1 327
 2 328
 3 329
 4 330
 2 331
 2 332
 6 333
 3 334
 4 335
 7 336
 1 337
 5 338
 4 339
 4 340
 0 341
 0 342
 1 343
 2 344
 1 345
 6 346
 1 347
 2 348
 1 349
 0 350
 2 351
 1 352
 6 353
 2 354
 2 355
 1 356
 2 357
 2 358
 2 359
 1 360
 1 361
 1 362
 3 363
 3 364
 1 365
 3 366
 1 367
 1 368
 1 369
 4 370
 1 371
 1 372
 2 373
 1 374
 2 375
 1 376
 2 377
 3 378
 1 379
 0 380
 1 381
 0 382
 1 383
 0 384
 2 385
 1 386
 0 387
 1 388
 1 389
 1 390
 0 391
 0 392
 1 393
 0 394
 1 395
 0 396
 0 397
 0 398
 0 399
 1 400
 0 401
 1 402
 0 403
 0 404
 0 405
 0 406
 0 407
 0 408
 1 409
 0 410
 0 411
 0 412
 0 413
 0 414
 0 415
 0 416
 0 417
 0 418
 0 419
 0 420
 0 421
 0 422
 0 423
 2 424
 0 425
 0 426
 0 427
 0 428
 0 429
 0 430
 0 431
 0 432
 0 433
 0 434
 0 435
 0 436
 0 437
 0 438
 0 439
 0 440
 0 441
 0 442
 0 443
 0 444
 0 445
 0 446
 0 447
 0 448
 0 449
 0 450
 0 451
 0 452
 0 453
 0 454
 0 455
 0 456
 0 457
 0 458
 0 459
 0 460
 0 461
 0 462
 0 463
 0 464
 0 465
 0 466
 0 467
 0 468
 0 469
 0 470
 0 471
 0 472
 0 473
 0 474
 0 475
 0 476
 0 477
 0 478
 0 479
 0 480
 0 481
 0 482
 0 483
 0 484
 0 485
 0 486
 0 487
 0 488
 0 489
 0 490
 0 491
 0 492
 0 493
 0 494
 0 495
 0 496
 0 497
 0 498
 0 499
 0 500
 0 501
 0 502
 0 503
 0 504
 0 505
 0 506
 0 507
 0 508
 0 509
 0 510
 0 511
 0 512
 0 513
 0 514
 0 515
 0 516
 0 517
 0 518
 0 519
 0 520
 0 521
 0 522
 0 523
 0 524
 0 525
 0 526
 0 527
 0 528
 0 529
 0 530
 0 531
 0 532
 0 533
 0 534
 0 535
 0 536
 0 537
 0 538
 0 539
 0 540
 0 541
 0 542
 0 543
 0 544
 0 545
 0 546
 0 547
 0 548
 0 549
 0 550
 0 551
 0 552
 0 553
 0 554
 0 555
 0 556
 0 557
 0 558
 0 559
 0 560
 0 561
 0 562
 0 563
 0 564
 0 565
 0 566
 0 567
 0 568
 0 569
 0 570
 0 571
 0 572
 0 573
 0 574
 0 575
 0 576
 0 577
 0 578
 0 579
 0 580
 0 581
 0 582
 0 583
 0 584
 0 585
 0 586
 0 587
 0 588
 0 589
 0 590
 0 591
 0 592
 0 593
 0 594
 0 595
 0 596
 0 597
 0 598
 0 599
 0 600


