# Created by Octave 3.8.2, Mon Jun 22 08:05:25 2020 CEST <damian@fptrucha.inv.usc.es>
# name: hd
# type: matrix
# rows: 551
# columns: 2
 0 50
 0 51
 0 52
 0 53
 0 54
 0 55
 0 56
 0 57
 0 58
 0 59
 0 60
 0 61
 0 62
 0 63
 0 64
 0 65
 0 66
 0 67
 0 68
 0 69
 0 70
 0 71
 0 72
 0 73
 0 74
 0 75
 0 76
 0 77
 0 78
 0 79
 0 80
 0 81
 0 82
 0 83
 0 84
 0 85
 0 86
 0 87
 0 88
 1 89
 3 90
 11 91
 68 92
 126 93
 180 94
 254 95
 405 96
 612 97
 792 98
 1007 99
 1208 100
 1335 101
 1363 102
 1444 103
 1460 104
 1547 105
 1546 106
 1486 107
 1392 108
 1316 109
 1298 110
 1166 111
 1087 112
 1047 113
 940 114
 930 115
 789 116
 722 117
 635 118
 620 119
 569 120
 515 121
 475 122
 416 123
 391 124
 351 125
 334 126
 292 127
 284 128
 224 129
 195 130
 192 131
 202 132
 167 133
 179 134
 162 135
 151 136
 136 137
 130 138
 134 139
 130 140
 88 141
 109 142
 100 143
 83 144
 101 145
 85 146
 84 147
 64 148
 79 149
 61 150
 68 151
 50 152
 52 153
 53 154
 37 155
 33 156
 52 157
 32 158
 46 159
 31 160
 35 161
 26 162
 30 163
 31 164
 30 165
 25 166
 19 167
 22 168
 24 169
 21 170
 16 171
 15 172
 15 173
 22 174
 13 175
 17 176
 7 177
 12 178
 10 179
 14 180
 8 181
 10 182
 10 183
 5 184
 7 185
 11 186
 3 187
 7 188
 5 189
 5 190
 0 191
 4 192
 1 193
 7 194
 2 195
 6 196
 4 197
 2 198
 3 199
 4 200
 0 201
 0 202
 0 203
 0 204
 1 205
 1 206
 1 207
 1 208
 1 209
 2 210
 1 211
 1 212
 3 213
 0 214
 1 215
 0 216
 3 217
 1 218
 0 219
 1 220
 0 221
 0 222
 0 223
 0 224
 0 225
 0 226
 0 227
 0 228
 0 229
 0 230
 0 231
 1 232
 0 233
 0 234
 0 235
 0 236
 0 237
 0 238
 0 239
 0 240
 0 241
 0 242
 0 243
 0 244
 0 245
 0 246
 0 247
 0 248
 0 249
 0 250
 0 251
 0 252
 0 253
 0 254
 0 255
 0 256
 0 257
 0 258
 0 259
 0 260
 0 261
 0 262
 0 263
 0 264
 0 265
 0 266
 0 267
 0 268
 0 269
 0 270
 0 271
 0 272
 0 273
 0 274
 0 275
 0 276
 1 277
 0 278
 0 279
 0 280
 0 281
 0 282
 0 283
 0 284
 0 285
 1 286
 0 287
 1 288
 1 289
 1 290
 1 291
 0 292
 0 293
 1 294
 1 295
 0 296
 0 297
 1 298
 0 299
 2 300
 1 301
 0 302
 1 303
 0 304
 1 305
 1 306
 1 307
 3 308
 2 309
 1 310
 0 311
 2 312
 2 313
 4 314
 3 315
 2 316
 2 317
 2 318
 3 319
 2 320
 4 321
 0 322
 5 323
 4 324
 5 325
 5 326
 2 327
 4 328
 2 329
 2 330
 0 331
 6 332
 0 333
 2 334
 1 335
 5 336
 1 337
 2 338
 3 339
 0 340
 5 341
 2 342
 1 343
 2 344
 1 345
 3 346
 1 347
 3 348
 3 349
 1 350
 1 351
 0 352
 0 353
 2 354
 2 355
 3 356
 2 357
 2 358
 0 359
 2 360
 0 361
 1 362
 1 363
 0 364
 1 365
 0 366
 0 367
 1 368
 1 369
 2 370
 0 371
 2 372
 1 373
 1 374
 1 375
 0 376
 0 377
 1 378
 0 379
 0 380
 1 381
 0 382
 0 383
 0 384
 1 385
 0 386
 1 387
 0 388
 1 389
 0 390
 0 391
 0 392
 0 393
 0 394
 0 395
 0 396
 0 397
 1 398
 1 399
 0 400
 0 401
 0 402
 0 403
 0 404
 0 405
 0 406
 0 407
 0 408
 0 409
 0 410
 0 411
 0 412
 0 413
 0 414
 0 415
 0 416
 0 417
 0 418
 0 419
 0 420
 0 421
 0 422
 0 423
 0 424
 0 425
 0 426
 0 427
 0 428
 0 429
 0 430
 0 431
 0 432
 0 433
 0 434
 0 435
 0 436
 0 437
 0 438
 0 439
 0 440
 0 441
 0 442
 0 443
 0 444
 0 445
 0 446
 0 447
 0 448
 0 449
 0 450
 0 451
 0 452
 0 453
 0 454
 0 455
 0 456
 0 457
 0 458
 0 459
 0 460
 0 461
 0 462
 0 463
 0 464
 0 465
 0 466
 0 467
 0 468
 0 469
 0 470
 0 471
 0 472
 0 473
 0 474
 0 475
 0 476
 0 477
 0 478
 0 479
 0 480
 0 481
 0 482
 0 483
 0 484
 0 485
 0 486
 0 487
 0 488
 0 489
 0 490
 0 491
 0 492
 0 493
 0 494
 0 495
 0 496
 0 497
 0 498
 0 499
 0 500
 0 501
 0 502
 0 503
 0 504
 0 505
 0 506
 0 507
 0 508
 0 509
 0 510
 0 511
 0 512
 0 513
 0 514
 0 515
 0 516
 0 517
 0 518
 0 519
 0 520
 0 521
 0 522
 0 523
 0 524
 0 525
 0 526
 0 527
 0 528
 0 529
 0 530
 0 531
 0 532
 0 533
 0 534
 0 535
 0 536
 0 537
 0 538
 0 539
 0 540
 0 541
 0 542
 0 543
 0 544
 0 545
 0 546
 0 547
 0 548
 0 549
 0 550
 0 551
 0 552
 0 553
 0 554
 0 555
 0 556
 0 557
 0 558
 0 559
 0 560
 0 561
 0 562
 0 563
 0 564
 0 565
 0 566
 0 567
 0 568
 0 569
 0 570
 0 571
 0 572
 0 573
 0 574
 0 575
 0 576
 0 577
 0 578
 0 579
 0 580
 0 581
 0 582
 0 583
 0 584
 0 585
 0 586
 0 587
 0 588
 0 589
 0 590
 0 591
 0 592
 0 593
 0 594
 0 595
 0 596
 0 597
 0 598
 0 599
 0 600


