# Created by Octave 3.8.2, Sat Jun 20 12:01:13 2020 CEST <damian@fptrucha.inv.usc.es>
# name: hd
# type: matrix
# rows: 551
# columns: 2
 0 50
 0 51
 0 52
 0 53
 0 54
 0 55
 0 56
 0 57
 0 58
 0 59
 0 60
 0 61
 0 62
 0 63
 0 64
 0 65
 0 66
 0 67
 0 68
 0 69
 0 70
 0 71
 0 72
 0 73
 0 74
 0 75
 0 76
 0 77
 0 78
 0 79
 0 80
 0 81
 0 82
 0 83
 0 84
 0 85
 0 86
 1 87
 3 88
 3 89
 2 90
 30 91
 101 92
 137 93
 198 94
 300 95
 459 96
 683 97
 854 98
 1012 99
 1227 100
 1262 101
 1397 102
 1402 103
 1452 104
 1558 105
 1484 106
 1505 107
 1388 108
 1465 109
 1390 110
 1362 111
 1295 112
 1270 113
 1165 114
 1045 115
 993 116
 908 117
 824 118
 735 119
 749 120
 681 121
 633 122
 578 123
 516 124
 451 125
 452 126
 406 127
 334 128
 368 129
 275 130
 282 131
 251 132
 262 133
 230 134
 202 135
 204 136
 139 137
 169 138
 153 139
 174 140
 115 141
 119 142
 117 143
 102 144
 102 145
 107 146
 114 147
 86 148
 72 149
 73 150
 78 151
 66 152
 65 153
 46 154
 61 155
 36 156
 52 157
 33 158
 48 159
 34 160
 26 161
 29 162
 30 163
 31 164
 37 165
 17 166
 26 167
 25 168
 11 169
 21 170
 14 171
 22 172
 11 173
 16 174
 16 175
 7 176
 10 177
 12 178
 9 179
 9 180
 10 181
 9 182
 11 183
 7 184
 4 185
 6 186
 4 187
 5 188
 4 189
 4 190
 6 191
 3 192
 2 193
 1 194
 4 195
 5 196
 4 197
 2 198
 3 199
 3 200
 3 201
 1 202
 2 203
 3 204
 2 205
 3 206
 4 207
 2 208
 0 209
 1 210
 1 211
 0 212
 0 213
 0 214
 2 215
 0 216
 0 217
 0 218
 0 219
 0 220
 1 221
 0 222
 0 223
 0 224
 0 225
 0 226
 0 227
 0 228
 0 229
 1 230
 0 231
 0 232
 0 233
 0 234
 0 235
 0 236
 0 237
 0 238
 0 239
 0 240
 1 241
 0 242
 0 243
 0 244
 0 245
 0 246
 0 247
 0 248
 0 249
 0 250
 0 251
 0 252
 0 253
 0 254
 0 255
 1 256
 0 257
 0 258
 0 259
 1 260
 0 261
 0 262
 0 263
 0 264
 0 265
 0 266
 0 267
 0 268
 0 269
 0 270
 0 271
 0 272
 0 273
 0 274
 0 275
 0 276
 0 277
 0 278
 0 279
 1 280
 0 281
 0 282
 0 283
 0 284
 1 285
 0 286
 1 287
 0 288
 1 289
 0 290
 0 291
 0 292
 0 293
 3 294
 0 295
 0 296
 3 297
 2 298
 0 299
 1 300
 0 301
 1 302
 2 303
 1 304
 1 305
 1 306
 2 307
 2 308
 1 309
 0 310
 0 311
 2 312
 4 313
 1 314
 2 315
 5 316
 1 317
 1 318
 1 319
 2 320
 2 321
 2 322
 0 323
 5 324
 0 325
 1 326
 1 327
 3 328
 2 329
 2 330
 2 331
 2 332
 5 333
 4 334
 2 335
 4 336
 2 337
 5 338
 3 339
 1 340
 1 341
 1 342
 1 343
 3 344
 3 345
 1 346
 1 347
 3 348
 4 349
 3 350
 1 351
 5 352
 1 353
 3 354
 2 355
 2 356
 2 357
 0 358
 0 359
 1 360
 3 361
 1 362
 1 363
 1 364
 1 365
 0 366
 1 367
 2 368
 3 369
 1 370
 1 371
 1 372
 0 373
 2 374
 1 375
 0 376
 2 377
 1 378
 1 379
 2 380
 0 381
 0 382
 1 383
 0 384
 0 385
 0 386
 0 387
 0 388
 1 389
 0 390
 0 391
 0 392
 1 393
 2 394
 0 395
 0 396
 1 397
 0 398
 0 399
 1 400
 0 401
 0 402
 1 403
 0 404
 0 405
 0 406
 0 407
 0 408
 0 409
 0 410
 0 411
 1 412
 0 413
 0 414
 0 415
 0 416
 0 417
 0 418
 0 419
 0 420
 0 421
 0 422
 0 423
 0 424
 0 425
 0 426
 0 427
 0 428
 0 429
 0 430
 0 431
 1 432
 0 433
 0 434
 0 435
 0 436
 0 437
 0 438
 0 439
 0 440
 0 441
 0 442
 0 443
 0 444
 0 445
 0 446
 0 447
 0 448
 0 449
 0 450
 0 451
 0 452
 0 453
 0 454
 0 455
 0 456
 0 457
 0 458
 0 459
 0 460
 0 461
 0 462
 0 463
 0 464
 0 465
 0 466
 0 467
 0 468
 0 469
 0 470
 0 471
 0 472
 0 473
 0 474
 0 475
 0 476
 0 477
 0 478
 0 479
 0 480
 0 481
 0 482
 0 483
 0 484
 0 485
 0 486
 0 487
 0 488
 0 489
 0 490
 0 491
 0 492
 0 493
 0 494
 0 495
 0 496
 0 497
 0 498
 0 499
 0 500
 0 501
 0 502
 0 503
 0 504
 0 505
 0 506
 0 507
 0 508
 0 509
 0 510
 0 511
 0 512
 0 513
 0 514
 0 515
 0 516
 0 517
 0 518
 0 519
 0 520
 0 521
 0 522
 0 523
 0 524
 0 525
 0 526
 0 527
 0 528
 0 529
 0 530
 0 531
 0 532
 0 533
 0 534
 0 535
 0 536
 0 537
 0 538
 0 539
 0 540
 0 541
 0 542
 0 543
 0 544
 0 545
 0 546
 0 547
 0 548
 0 549
 0 550
 0 551
 0 552
 0 553
 0 554
 0 555
 0 556
 0 557
 0 558
 0 559
 0 560
 0 561
 0 562
 0 563
 0 564
 0 565
 0 566
 0 567
 0 568
 0 569
 0 570
 0 571
 0 572
 0 573
 0 574
 0 575
 0 576
 0 577
 0 578
 0 579
 0 580
 0 581
 0 582
 0 583
 0 584
 0 585
 0 586
 0 587
 0 588
 0 589
 0 590
 0 591
 0 592
 0 593
 0 594
 0 595
 0 596
 0 597
 0 598
 0 599
 0 600


