# Created by Octave 3.8.2, Sat Jun 20 20:30:18 2020 CEST <damian@fptrucha.inv.usc.es>
# name: hd
# type: matrix
# rows: 551
# columns: 2
 0 50
 0 51
 0 52
 0 53
 0 54
 0 55
 0 56
 0 57
 0 58
 0 59
 0 60
 0 61
 0 62
 0 63
 0 64
 0 65
 0 66
 0 67
 0 68
 0 69
 0 70
 0 71
 0 72
 0 73
 0 74
 0 75
 0 76
 0 77
 0 78
 0 79
 0 80
 0 81
 0 82
 0 83
 0 84
 0 85
 0 86
 0 87
 2 88
 3 89
 3 90
 24 91
 88 92
 120 93
 153 94
 280 95
 386 96
 573 97
 701 98
 871 99
 942 100
 1106 101
 1124 102
 1213 103
 1266 104
 1249 105
 1280 106
 1366 107
 1369 108
 1291 109
 1284 110
 1292 111
 1132 112
 1074 113
 1018 114
 991 115
 927 116
 890 117
 773 118
 717 119
 754 120
 657 121
 585 122
 573 123
 545 124
 494 125
 434 126
 392 127
 378 128
 348 129
 341 130
 288 131
 261 132
 205 133
 243 134
 232 135
 207 136
 189 137
 165 138
 134 139
 132 140
 139 141
 137 142
 121 143
 113 144
 102 145
 85 146
 100 147
 84 148
 62 149
 76 150
 73 151
 63 152
 48 153
 51 154
 56 155
 36 156
 51 157
 46 158
 27 159
 34 160
 31 161
 23 162
 29 163
 35 164
 29 165
 29 166
 24 167
 32 168
 18 169
 20 170
 15 171
 17 172
 12 173
 14 174
 7 175
 18 176
 15 177
 9 178
 12 179
 5 180
 8 181
 7 182
 8 183
 8 184
 3 185
 2 186
 3 187
 7 188
 7 189
 6 190
 5 191
 5 192
 3 193
 4 194
 1 195
 3 196
 2 197
 0 198
 3 199
 1 200
 1 201
 1 202
 3 203
 1 204
 0 205
 1 206
 0 207
 0 208
 0 209
 0 210
 0 211
 0 212
 2 213
 3 214
 0 215
 1 216
 2 217
 0 218
 0 219
 0 220
 2 221
 0 222
 1 223
 0 224
 0 225
 0 226
 0 227
 0 228
 0 229
 0 230
 0 231
 0 232
 0 233
 0 234
 0 235
 0 236
 0 237
 0 238
 0 239
 0 240
 0 241
 0 242
 0 243
 0 244
 0 245
 1 246
 0 247
 0 248
 0 249
 0 250
 0 251
 0 252
 0 253
 0 254
 0 255
 0 256
 0 257
 0 258
 0 259
 0 260
 0 261
 0 262
 0 263
 0 264
 0 265
 0 266
 0 267
 0 268
 0 269
 0 270
 0 271
 0 272
 0 273
 0 274
 1 275
 1 276
 0 277
 0 278
 1 279
 0 280
 0 281
 0 282
 0 283
 0 284
 0 285
 1 286
 0 287
 0 288
 1 289
 1 290
 0 291
 3 292
 0 293
 1 294
 0 295
 1 296
 0 297
 1 298
 0 299
 1 300
 0 301
 0 302
 1 303
 3 304
 2 305
 2 306
 1 307
 0 308
 1 309
 4 310
 0 311
 5 312
 2 313
 2 314
 2 315
 3 316
 3 317
 1 318
 1 319
 3 320
 2 321
 1 322
 1 323
 3 324
 1 325
 3 326
 1 327
 5 328
 0 329
 2 330
 1 331
 0 332
 0 333
 3 334
 3 335
 2 336
 5 337
 5 338
 1 339
 4 340
 1 341
 1 342
 2 343
 3 344
 2 345
 4 346
 0 347
 3 348
 3 349
 4 350
 3 351
 1 352
 3 353
 2 354
 0 355
 0 356
 3 357
 2 358
 1 359
 1 360
 3 361
 3 362
 1 363
 4 364
 2 365
 1 366
 1 367
 1 368
 1 369
 2 370
 1 371
 0 372
 0 373
 2 374
 3 375
 0 376
 0 377
 0 378
 2 379
 1 380
 1 381
 2 382
 0 383
 0 384
 1 385
 0 386
 0 387
 0 388
 1 389
 0 390
 0 391
 0 392
 1 393
 1 394
 1 395
 0 396
 0 397
 0 398
 0 399
 0 400
 2 401
 0 402
 2 403
 1 404
 0 405
 0 406
 0 407
 0 408
 0 409
 0 410
 0 411
 0 412
 0 413
 0 414
 0 415
 0 416
 0 417
 0 418
 0 419
 1 420
 0 421
 0 422
 0 423
 0 424
 0 425
 0 426
 0 427
 0 428
 0 429
 0 430
 0 431
 0 432
 0 433
 0 434
 0 435
 0 436
 0 437
 0 438
 0 439
 0 440
 0 441
 0 442
 0 443
 0 444
 0 445
 0 446
 0 447
 0 448
 0 449
 0 450
 0 451
 0 452
 0 453
 0 454
 0 455
 0 456
 0 457
 0 458
 0 459
 0 460
 0 461
 0 462
 0 463
 0 464
 0 465
 0 466
 0 467
 0 468
 0 469
 0 470
 0 471
 0 472
 0 473
 0 474
 0 475
 0 476
 0 477
 0 478
 0 479
 0 480
 0 481
 0 482
 0 483
 0 484
 0 485
 0 486
 0 487
 0 488
 0 489
 0 490
 0 491
 0 492
 0 493
 0 494
 0 495
 0 496
 0 497
 0 498
 0 499
 0 500
 0 501
 0 502
 0 503
 0 504
 0 505
 0 506
 0 507
 0 508
 0 509
 0 510
 0 511
 0 512
 0 513
 0 514
 0 515
 0 516
 0 517
 0 518
 0 519
 0 520
 0 521
 0 522
 0 523
 0 524
 0 525
 0 526
 0 527
 0 528
 0 529
 0 530
 0 531
 0 532
 0 533
 0 534
 0 535
 0 536
 0 537
 0 538
 0 539
 0 540
 0 541
 0 542
 0 543
 0 544
 0 545
 0 546
 0 547
 0 548
 0 549
 0 550
 0 551
 0 552
 0 553
 0 554
 0 555
 0 556
 0 557
 0 558
 0 559
 0 560
 0 561
 0 562
 0 563
 0 564
 0 565
 0 566
 0 567
 0 568
 0 569
 0 570
 0 571
 0 572
 0 573
 0 574
 0 575
 0 576
 0 577
 0 578
 0 579
 0 580
 0 581
 0 582
 0 583
 0 584
 0 585
 0 586
 0 587
 0 588
 0 589
 0 590
 0 591
 0 592
 0 593
 0 594
 0 595
 0 596
 0 597
 0 598
 0 599
 0 600


