# Created by Octave 3.8.2, Mon Jun 22 13:16:26 2020 CEST <damian@fptrucha.inv.usc.es>
# name: hd
# type: matrix
# rows: 551
# columns: 2
 0 50
 0 51
 0 52
 0 53
 0 54
 0 55
 0 56
 0 57
 0 58
 0 59
 0 60
 0 61
 0 62
 0 63
 0 64
 0 65
 0 66
 0 67
 0 68
 0 69
 0 70
 0 71
 0 72
 0 73
 0 74
 0 75
 0 76
 0 77
 0 78
 0 79
 0 80
 0 81
 0 82
 0 83
 0 84
 0 85
 0 86
 0 87
 0 88
 3 89
 5 90
 23 91
 93 92
 114 93
 166 94
 276 95
 446 96
 622 97
 840 98
 1028 99
 1308 100
 1307 101
 1467 102
 1473 103
 1509 104
 1601 105
 1552 106
 1508 107
 1393 108
 1440 109
 1338 110
 1299 111
 1189 112
 1074 113
 1020 114
 925 115
 891 116
 778 117
 694 118
 649 119
 592 120
 514 121
 519 122
 464 123
 425 124
 387 125
 323 126
 304 127
 263 128
 224 129
 246 130
 230 131
 210 132
 195 133
 181 134
 163 135
 177 136
 131 137
 112 138
 128 139
 120 140
 128 141
 104 142
 93 143
 84 144
 90 145
 80 146
 78 147
 63 148
 75 149
 61 150
 65 151
 61 152
 47 153
 45 154
 58 155
 52 156
 43 157
 44 158
 29 159
 35 160
 43 161
 27 162
 24 163
 16 164
 23 165
 31 166
 19 167
 23 168
 28 169
 17 170
 20 171
 16 172
 19 173
 14 174
 15 175
 12 176
 19 177
 11 178
 11 179
 9 180
 11 181
 9 182
 5 183
 7 184
 6 185
 4 186
 4 187
 1 188
 6 189
 4 190
 2 191
 2 192
 3 193
 1 194
 2 195
 3 196
 3 197
 2 198
 2 199
 5 200
 1 201
 1 202
 1 203
 3 204
 1 205
 1 206
 0 207
 1 208
 1 209
 1 210
 1 211
 0 212
 4 213
 1 214
 2 215
 1 216
 3 217
 0 218
 1 219
 0 220
 0 221
 0 222
 1 223
 0 224
 0 225
 0 226
 0 227
 0 228
 0 229
 0 230
 0 231
 0 232
 0 233
 0 234
 0 235
 0 236
 0 237
 1 238
 0 239
 0 240
 0 241
 0 242
 0 243
 0 244
 0 245
 0 246
 0 247
 0 248
 0 249
 0 250
 0 251
 0 252
 0 253
 0 254
 0 255
 0 256
 0 257
 0 258
 0 259
 0 260
 0 261
 0 262
 0 263
 0 264
 0 265
 0 266
 0 267
 0 268
 0 269
 0 270
 0 271
 0 272
 0 273
 0 274
 0 275
 0 276
 0 277
 0 278
 2 279
 0 280
 0 281
 0 282
 0 283
 1 284
 0 285
 0 286
 2 287
 0 288
 1 289
 0 290
 1 291
 2 292
 0 293
 0 294
 0 295
 1 296
 1 297
 1 298
 2 299
 4 300
 2 301
 1 302
 0 303
 2 304
 1 305
 2 306
 1 307
 1 308
 5 309
 4 310
 1 311
 3 312
 1 313
 6 314
 2 315
 3 316
 2 317
 3 318
 3 319
 3 320
 4 321
 4 322
 3 323
 4 324
 2 325
 1 326
 3 327
 6 328
 3 329
 3 330
 4 331
 2 332
 0 333
 3 334
 1 335
 1 336
 2 337
 1 338
 2 339
 2 340
 1 341
 0 342
 0 343
 4 344
 2 345
 1 346
 2 347
 4 348
 2 349
 1 350
 2 351
 0 352
 1 353
 1 354
 3 355
 2 356
 2 357
 1 358
 0 359
 0 360
 2 361
 3 362
 2 363
 1 364
 1 365
 0 366
 2 367
 2 368
 1 369
 1 370
 0 371
 0 372
 1 373
 0 374
 1 375
 0 376
 0 377
 0 378
 1 379
 1 380
 0 381
 3 382
 2 383
 0 384
 0 385
 0 386
 1 387
 0 388
 0 389
 1 390
 0 391
 0 392
 1 393
 0 394
 1 395
 0 396
 0 397
 0 398
 0 399
 0 400
 1 401
 0 402
 0 403
 0 404
 0 405
 0 406
 0 407
 0 408
 0 409
 0 410
 0 411
 0 412
 0 413
 0 414
 0 415
 0 416
 0 417
 0 418
 0 419
 1 420
 1 421
 0 422
 0 423
 0 424
 0 425
 0 426
 0 427
 0 428
 0 429
 0 430
 0 431
 0 432
 0 433
 0 434
 0 435
 0 436
 0 437
 0 438
 0 439
 0 440
 0 441
 0 442
 0 443
 0 444
 0 445
 0 446
 0 447
 0 448
 0 449
 0 450
 0 451
 0 452
 0 453
 0 454
 0 455
 0 456
 0 457
 0 458
 0 459
 0 460
 0 461
 0 462
 0 463
 0 464
 0 465
 0 466
 0 467
 0 468
 0 469
 0 470
 0 471
 0 472
 0 473
 0 474
 0 475
 0 476
 0 477
 0 478
 0 479
 0 480
 0 481
 0 482
 0 483
 0 484
 0 485
 0 486
 0 487
 0 488
 0 489
 0 490
 0 491
 0 492
 0 493
 0 494
 0 495
 0 496
 0 497
 0 498
 0 499
 0 500
 0 501
 0 502
 0 503
 0 504
 0 505
 0 506
 0 507
 0 508
 0 509
 0 510
 0 511
 0 512
 0 513
 0 514
 0 515
 0 516
 0 517
 0 518
 0 519
 0 520
 0 521
 0 522
 0 523
 0 524
 0 525
 0 526
 0 527
 0 528
 0 529
 0 530
 0 531
 0 532
 0 533
 0 534
 0 535
 0 536
 0 537
 0 538
 0 539
 0 540
 0 541
 0 542
 0 543
 0 544
 0 545
 0 546
 0 547
 0 548
 0 549
 0 550
 0 551
 0 552
 0 553
 0 554
 0 555
 0 556
 0 557
 0 558
 0 559
 0 560
 0 561
 0 562
 0 563
 0 564
 0 565
 0 566
 0 567
 0 568
 0 569
 0 570
 0 571
 0 572
 0 573
 0 574
 0 575
 0 576
 0 577
 0 578
 0 579
 0 580
 0 581
 0 582
 0 583
 0 584
 0 585
 0 586
 0 587
 0 588
 0 589
 0 590
 0 591
 0 592
 0 593
 0 594
 0 595
 0 596
 0 597
 0 598
 0 599
 0 600


