# Created by Octave 3.8.2, Mon Jun 22 12:35:34 2020 CEST <damian@fptrucha.inv.usc.es>
# name: hd
# type: matrix
# rows: 551
# columns: 2
 0 50
 0 51
 0 52
 0 53
 0 54
 0 55
 0 56
 0 57
 0 58
 0 59
 0 60
 0 61
 0 62
 0 63
 0 64
 0 65
 0 66
 0 67
 0 68
 0 69
 0 70
 0 71
 0 72
 0 73
 0 74
 0 75
 0 76
 0 77
 0 78
 0 79
 0 80
 0 81
 0 82
 0 83
 0 84
 0 85
 0 86
 0 87
 0 88
 2 89
 5 90
 24 91
 73 92
 117 93
 173 94
 291 95
 401 96
 636 97
 842 98
 925 99
 1084 100
 1304 101
 1364 102
 1452 103
 1400 104
 1534 105
 1459 106
 1443 107
 1389 108
 1325 109
 1297 110
 1237 111
 1128 112
 1071 113
 1018 114
 974 115
 786 116
 817 117
 700 118
 690 119
 630 120
 567 121
 489 122
 509 123
 407 124
 394 125
 394 126
 315 127
 307 128
 273 129
 256 130
 244 131
 236 132
 207 133
 176 134
 212 135
 166 136
 159 137
 135 138
 130 139
 115 140
 122 141
 120 142
 125 143
 96 144
 87 145
 69 146
 90 147
 72 148
 63 149
 71 150
 64 151
 64 152
 53 153
 38 154
 57 155
 49 156
 44 157
 43 158
 31 159
 53 160
 35 161
 29 162
 50 163
 28 164
 30 165
 25 166
 25 167
 21 168
 20 169
 22 170
 25 171
 10 172
 14 173
 14 174
 12 175
 8 176
 10 177
 17 178
 9 179
 9 180
 15 181
 10 182
 5 183
 11 184
 4 185
 10 186
 7 187
 6 188
 8 189
 10 190
 5 191
 7 192
 5 193
 3 194
 6 195
 2 196
 4 197
 6 198
 4 199
 6 200
 2 201
 5 202
 4 203
 3 204
 2 205
 2 206
 0 207
 3 208
 2 209
 1 210
 4 211
 1 212
 0 213
 0 214
 0 215
 0 216
 0 217
 0 218
 0 219
 0 220
 1 221
 0 222
 1 223
 0 224
 0 225
 1 226
 3 227
 0 228
 1 229
 0 230
 0 231
 0 232
 0 233
 2 234
 0 235
 0 236
 0 237
 0 238
 0 239
 0 240
 0 241
 0 242
 0 243
 0 244
 0 245
 0 246
 0 247
 0 248
 1 249
 0 250
 0 251
 0 252
 1 253
 0 254
 0 255
 0 256
 0 257
 0 258
 0 259
 0 260
 0 261
 0 262
 0 263
 0 264
 0 265
 0 266
 0 267
 0 268
 0 269
 0 270
 0 271
 0 272
 0 273
 0 274
 0 275
 0 276
 0 277
 0 278
 0 279
 0 280
 0 281
 0 282
 1 283
 0 284
 2 285
 0 286
 1 287
 2 288
 2 289
 0 290
 2 291
 0 292
 2 293
 1 294
 1 295
 0 296
 4 297
 0 298
 1 299
 1 300
 2 301
 2 302
 1 303
 1 304
 3 305
 4 306
 1 307
 3 308
 2 309
 2 310
 7 311
 5 312
 2 313
 3 314
 2 315
 2 316
 1 317
 0 318
 2 319
 7 320
 1 321
 6 322
 5 323
 0 324
 2 325
 1 326
 1 327
 4 328
 4 329
 4 330
 3 331
 4 332
 7 333
 4 334
 2 335
 0 336
 3 337
 5 338
 2 339
 4 340
 4 341
 1 342
 6 343
 2 344
 3 345
 0 346
 2 347
 3 348
 3 349
 1 350
 2 351
 0 352
 6 353
 2 354
 2 355
 1 356
 1 357
 5 358
 0 359
 0 360
 0 361
 1 362
 1 363
 2 364
 1 365
 1 366
 0 367
 1 368
 2 369
 1 370
 2 371
 2 372
 1 373
 0 374
 2 375
 0 376
 0 377
 0 378
 0 379
 0 380
 1 381
 0 382
 1 383
 1 384
 3 385
 0 386
 0 387
 1 388
 1 389
 1 390
 0 391
 0 392
 0 393
 0 394
 0 395
 0 396
 0 397
 0 398
 0 399
 0 400
 0 401
 0 402
 0 403
 0 404
 0 405
 0 406
 1 407
 0 408
 0 409
 0 410
 0 411
 0 412
 0 413
 0 414
 0 415
 0 416
 0 417
 1 418
 0 419
 0 420
 0 421
 0 422
 1 423
 0 424
 0 425
 0 426
 0 427
 0 428
 0 429
 0 430
 0 431
 0 432
 0 433
 0 434
 0 435
 0 436
 0 437
 0 438
 0 439
 0 440
 0 441
 0 442
 0 443
 0 444
 0 445
 0 446
 0 447
 0 448
 0 449
 0 450
 0 451
 0 452
 0 453
 0 454
 0 455
 0 456
 0 457
 0 458
 0 459
 0 460
 0 461
 0 462
 0 463
 0 464
 0 465
 0 466
 0 467
 0 468
 0 469
 0 470
 0 471
 0 472
 0 473
 0 474
 0 475
 0 476
 0 477
 0 478
 0 479
 0 480
 0 481
 0 482
 0 483
 0 484
 0 485
 0 486
 0 487
 0 488
 0 489
 0 490
 0 491
 0 492
 0 493
 0 494
 0 495
 0 496
 0 497
 0 498
 0 499
 0 500
 0 501
 0 502
 0 503
 0 504
 0 505
 0 506
 0 507
 0 508
 0 509
 0 510
 0 511
 0 512
 0 513
 0 514
 0 515
 0 516
 0 517
 0 518
 0 519
 0 520
 0 521
 0 522
 0 523
 0 524
 0 525
 0 526
 0 527
 0 528
 0 529
 0 530
 0 531
 0 532
 0 533
 0 534
 0 535
 0 536
 0 537
 0 538
 0 539
 0 540
 0 541
 0 542
 0 543
 0 544
 0 545
 0 546
 0 547
 0 548
 0 549
 0 550
 0 551
 0 552
 0 553
 0 554
 0 555
 0 556
 0 557
 0 558
 0 559
 0 560
 0 561
 0 562
 0 563
 0 564
 0 565
 0 566
 0 567
 0 568
 0 569
 0 570
 0 571
 0 572
 0 573
 0 574
 0 575
 0 576
 0 577
 0 578
 0 579
 0 580
 0 581
 0 582
 0 583
 0 584
 0 585
 0 586
 0 587
 0 588
 0 589
 0 590
 0 591
 0 592
 0 593
 0 594
 0 595
 0 596
 0 597
 0 598
 0 599
 0 600


