# Created by Octave 3.8.2, Sat Jun 20 17:17:33 2020 CEST <damian@fptrucha.inv.usc.es>
# name: hd
# type: matrix
# rows: 551
# columns: 2
 0 50
 0 51
 0 52
 0 53
 0 54
 0 55
 0 56
 0 57
 0 58
 0 59
 0 60
 0 61
 0 62
 0 63
 0 64
 0 65
 0 66
 0 67
 0 68
 0 69
 0 70
 0 71
 0 72
 0 73
 0 74
 0 75
 0 76
 0 77
 0 78
 0 79
 0 80
 0 81
 0 82
 0 83
 0 84
 0 85
 0 86
 0 87
 0 88
 0 89
 2 90
 37 91
 102 92
 100 93
 155 94
 272 95
 403 96
 563 97
 733 98
 812 99
 961 100
 1050 101
 1110 102
 1209 103
 1237 104
 1389 105
 1296 106
 1258 107
 1305 108
 1256 109
 1254 110
 1169 111
 1161 112
 1138 113
 1085 114
 1021 115
 926 116
 836 117
 827 118
 762 119
 708 120
 672 121
 602 122
 586 123
 538 124
 469 125
 462 126
 437 127
 350 128
 324 129
 317 130
 291 131
 312 132
 266 133
 242 134
 233 135
 201 136
 194 137
 172 138
 170 139
 126 140
 157 141
 124 142
 113 143
 137 144
 78 145
 96 146
 90 147
 79 148
 82 149
 72 150
 79 151
 54 152
 64 153
 53 154
 52 155
 78 156
 57 157
 37 158
 40 159
 41 160
 38 161
 28 162
 31 163
 31 164
 31 165
 32 166
 34 167
 19 168
 21 169
 24 170
 25 171
 20 172
 11 173
 19 174
 15 175
 8 176
 8 177
 8 178
 8 179
 8 180
 14 181
 6 182
 8 183
 6 184
 9 185
 7 186
 9 187
 6 188
 7 189
 4 190
 3 191
 3 192
 5 193
 5 194
 3 195
 2 196
 3 197
 4 198
 3 199
 3 200
 0 201
 1 202
 0 203
 0 204
 2 205
 1 206
 0 207
 2 208
 2 209
 0 210
 0 211
 2 212
 0 213
 2 214
 1 215
 0 216
 0 217
 0 218
 1 219
 1 220
 0 221
 1 222
 0 223
 0 224
 0 225
 0 226
 0 227
 0 228
 1 229
 0 230
 0 231
 0 232
 1 233
 0 234
 0 235
 0 236
 0 237
 0 238
 0 239
 0 240
 0 241
 0 242
 0 243
 0 244
 0 245
 0 246
 0 247
 0 248
 0 249
 0 250
 0 251
 0 252
 1 253
 0 254
 0 255
 0 256
 0 257
 0 258
 0 259
 0 260
 0 261
 0 262
 0 263
 0 264
 0 265
 0 266
 0 267
 0 268
 0 269
 0 270
 1 271
 0 272
 0 273
 0 274
 0 275
 1 276
 2 277
 0 278
 0 279
 0 280
 1 281
 1 282
 1 283
 0 284
 1 285
 1 286
 1 287
 0 288
 0 289
 1 290
 0 291
 0 292
 0 293
 0 294
 3 295
 1 296
 1 297
 1 298
 1 299
 2 300
 2 301
 1 302
 1 303
 1 304
 0 305
 1 306
 3 307
 3 308
 2 309
 4 310
 1 311
 1 312
 0 313
 0 314
 3 315
 0 316
 5 317
 2 318
 1 319
 4 320
 2 321
 1 322
 4 323
 3 324
 5 325
 2 326
 2 327
 3 328
 2 329
 1 330
 6 331
 1 332
 5 333
 1 334
 1 335
 0 336
 2 337
 4 338
 1 339
 5 340
 3 341
 3 342
 4 343
 0 344
 2 345
 1 346
 3 347
 1 348
 1 349
 2 350
 5 351
 3 352
 1 353
 1 354
 0 355
 1 356
 1 357
 1 358
 3 359
 0 360
 2 361
 1 362
 3 363
 0 364
 0 365
 1 366
 1 367
 1 368
 0 369
 1 370
 1 371
 2 372
 1 373
 3 374
 4 375
 1 376
 2 377
 1 378
 1 379
 2 380
 0 381
 2 382
 0 383
 0 384
 1 385
 0 386
 0 387
 2 388
 0 389
 2 390
 0 391
 0 392
 0 393
 0 394
 0 395
 0 396
 0 397
 1 398
 0 399
 0 400
 0 401
 0 402
 0 403
 1 404
 0 405
 1 406
 1 407
 0 408
 0 409
 0 410
 0 411
 0 412
 0 413
 0 414
 0 415
 0 416
 0 417
 0 418
 0 419
 0 420
 0 421
 0 422
 1 423
 0 424
 0 425
 0 426
 0 427
 0 428
 0 429
 0 430
 0 431
 0 432
 0 433
 0 434
 0 435
 0 436
 0 437
 0 438
 0 439
 0 440
 0 441
 0 442
 0 443
 0 444
 0 445
 0 446
 0 447
 0 448
 0 449
 0 450
 0 451
 0 452
 0 453
 0 454
 0 455
 0 456
 0 457
 0 458
 0 459
 0 460
 0 461
 0 462
 0 463
 0 464
 0 465
 0 466
 0 467
 0 468
 0 469
 0 470
 0 471
 0 472
 0 473
 0 474
 0 475
 0 476
 0 477
 0 478
 0 479
 0 480
 0 481
 0 482
 0 483
 0 484
 0 485
 0 486
 0 487
 0 488
 0 489
 0 490
 0 491
 0 492
 0 493
 0 494
 0 495
 0 496
 0 497
 0 498
 0 499
 0 500
 0 501
 0 502
 0 503
 0 504
 0 505
 0 506
 0 507
 0 508
 0 509
 0 510
 0 511
 0 512
 0 513
 0 514
 0 515
 0 516
 0 517
 0 518
 0 519
 0 520
 0 521
 0 522
 0 523
 0 524
 0 525
 0 526
 0 527
 0 528
 0 529
 0 530
 0 531
 0 532
 0 533
 0 534
 0 535
 0 536
 0 537
 0 538
 0 539
 0 540
 0 541
 0 542
 0 543
 0 544
 0 545
 0 546
 0 547
 0 548
 0 549
 0 550
 0 551
 0 552
 0 553
 0 554
 0 555
 0 556
 0 557
 0 558
 0 559
 0 560
 0 561
 0 562
 0 563
 0 564
 0 565
 0 566
 0 567
 0 568
 0 569
 0 570
 0 571
 0 572
 0 573
 0 574
 0 575
 0 576
 0 577
 0 578
 0 579
 0 580
 0 581
 0 582
 0 583
 0 584
 0 585
 0 586
 0 587
 0 588
 0 589
 0 590
 0 591
 0 592
 0 593
 0 594
 0 595
 0 596
 0 597
 0 598
 0 599
 0 600


