# Created by Octave 3.8.2, Mon Jun 22 03:02:02 2020 CEST <damian@fptrucha.inv.usc.es>
# name: hd
# type: matrix
# rows: 551
# columns: 2
 0 50
 0 51
 0 52
 0 53
 0 54
 0 55
 0 56
 0 57
 0 58
 0 59
 0 60
 0 61
 0 62
 0 63
 0 64
 0 65
 0 66
 0 67
 0 68
 0 69
 0 70
 0 71
 0 72
 0 73
 0 74
 0 75
 0 76
 0 77
 0 78
 0 79
 0 80
 0 81
 0 82
 0 83
 0 84
 0 85
 0 86
 0 87
 1 88
 4 89
 4 90
 30 91
 69 92
 120 93
 171 94
 276 95
 422 96
 621 97
 758 98
 1010 99
 1140 100
 1270 101
 1361 102
 1403 103
 1406 104
 1465 105
 1309 106
 1350 107
 1255 108
 1226 109
 1189 110
 1132 111
 1039 112
 968 113
 939 114
 847 115
 774 116
 695 117
 630 118
 600 119
 546 120
 445 121
 385 122
 436 123
 391 124
 344 125
 325 126
 281 127
 256 128
 267 129
 211 130
 205 131
 193 132
 185 133
 190 134
 150 135
 144 136
 124 137
 128 138
 147 139
 105 140
 94 141
 92 142
 81 143
 80 144
 91 145
 77 146
 80 147
 60 148
 71 149
 58 150
 67 151
 50 152
 55 153
 61 154
 53 155
 44 156
 43 157
 30 158
 45 159
 46 160
 28 161
 33 162
 24 163
 22 164
 22 165
 33 166
 28 167
 24 168
 18 169
 15 170
 18 171
 23 172
 17 173
 19 174
 17 175
 7 176
 8 177
 12 178
 6 179
 13 180
 10 181
 7 182
 7 183
 12 184
 14 185
 6 186
 6 187
 7 188
 7 189
 4 190
 4 191
 4 192
 3 193
 7 194
 4 195
 4 196
 2 197
 3 198
 3 199
 2 200
 2 201
 1 202
 1 203
 2 204
 0 205
 2 206
 2 207
 0 208
 2 209
 2 210
 2 211
 1 212
 0 213
 0 214
 2 215
 0 216
 2 217
 0 218
 1 219
 0 220
 0 221
 0 222
 0 223
 0 224
 2 225
 0 226
 1 227
 0 228
 0 229
 0 230
 1 231
 1 232
 0 233
 0 234
 0 235
 0 236
 0 237
 0 238
 0 239
 0 240
 0 241
 0 242
 0 243
 0 244
 0 245
 0 246
 0 247
 0 248
 0 249
 0 250
 0 251
 0 252
 0 253
 0 254
 0 255
 0 256
 0 257
 1 258
 0 259
 0 260
 0 261
 0 262
 0 263
 0 264
 0 265
 0 266
 0 267
 0 268
 0 269
 0 270
 0 271
 0 272
 0 273
 0 274
 0 275
 0 276
 0 277
 0 278
 1 279
 4 280
 0 281
 0 282
 0 283
 1 284
 1 285
 0 286
 1 287
 2 288
 0 289
 0 290
 1 291
 0 292
 2 293
 2 294
 1 295
 1 296
 2 297
 0 298
 1 299
 1 300
 1 301
 1 302
 2 303
 0 304
 4 305
 2 306
 2 307
 0 308
 2 309
 5 310
 3 311
 3 312
 1 313
 1 314
 2 315
 0 316
 3 317
 4 318
 2 319
 2 320
 4 321
 2 322
 3 323
 5 324
 3 325
 2 326
 3 327
 4 328
 4 329
 2 330
 3 331
 4 332
 1 333
 3 334
 1 335
 1 336
 2 337
 2 338
 1 339
 1 340
 2 341
 2 342
 1 343
 2 344
 3 345
 1 346
 1 347
 2 348
 2 349
 0 350
 3 351
 1 352
 2 353
 0 354
 1 355
 1 356
 1 357
 1 358
 3 359
 1 360
 1 361
 0 362
 2 363
 1 364
 1 365
 0 366
 0 367
 0 368
 1 369
 0 370
 0 371
 0 372
 1 373
 0 374
 0 375
 2 376
 0 377
 0 378
 1 379
 1 380
 0 381
 0 382
 0 383
 0 384
 0 385
 0 386
 1 387
 2 388
 0 389
 0 390
 0 391
 0 392
 0 393
 0 394
 0 395
 1 396
 0 397
 1 398
 0 399
 0 400
 0 401
 0 402
 0 403
 0 404
 0 405
 1 406
 0 407
 0 408
 0 409
 0 410
 0 411
 0 412
 0 413
 0 414
 0 415
 0 416
 0 417
 0 418
 0 419
 0 420
 0 421
 0 422
 0 423
 0 424
 0 425
 0 426
 0 427
 0 428
 0 429
 0 430
 0 431
 0 432
 0 433
 0 434
 0 435
 0 436
 0 437
 0 438
 0 439
 0 440
 0 441
 0 442
 0 443
 0 444
 0 445
 0 446
 0 447
 0 448
 0 449
 0 450
 0 451
 0 452
 0 453
 0 454
 0 455
 0 456
 0 457
 0 458
 0 459
 0 460
 0 461
 0 462
 0 463
 0 464
 0 465
 0 466
 0 467
 0 468
 0 469
 0 470
 0 471
 0 472
 0 473
 0 474
 0 475
 0 476
 0 477
 0 478
 0 479
 0 480
 0 481
 0 482
 0 483
 0 484
 0 485
 0 486
 0 487
 0 488
 0 489
 0 490
 0 491
 0 492
 0 493
 0 494
 0 495
 0 496
 0 497
 0 498
 0 499
 0 500
 0 501
 0 502
 0 503
 0 504
 0 505
 0 506
 0 507
 0 508
 0 509
 0 510
 0 511
 0 512
 0 513
 0 514
 0 515
 0 516
 0 517
 0 518
 0 519
 0 520
 0 521
 0 522
 0 523
 0 524
 0 525
 0 526
 0 527
 0 528
 0 529
 0 530
 0 531
 0 532
 0 533
 0 534
 0 535
 0 536
 0 537
 0 538
 0 539
 0 540
 0 541
 0 542
 0 543
 0 544
 0 545
 0 546
 0 547
 0 548
 0 549
 0 550
 0 551
 0 552
 0 553
 0 554
 0 555
 0 556
 0 557
 0 558
 0 559
 0 560
 0 561
 0 562
 0 563
 0 564
 0 565
 0 566
 0 567
 0 568
 0 569
 0 570
 0 571
 0 572
 0 573
 0 574
 0 575
 0 576
 0 577
 0 578
 0 579
 0 580
 0 581
 0 582
 0 583
 0 584
 0 585
 0 586
 0 587
 0 588
 0 589
 0 590
 0 591
 0 592
 0 593
 0 594
 0 595
 0 596
 0 597
 0 598
 0 599
 0 600


