# Created by Octave 3.8.2, Mon Jun 22 07:52:03 2020 CEST <damian@fptrucha.inv.usc.es>
# name: hd
# type: matrix
# rows: 551
# columns: 2
 0 50
 0 51
 0 52
 0 53
 0 54
 0 55
 0 56
 0 57
 0 58
 0 59
 0 60
 0 61
 0 62
 0 63
 0 64
 0 65
 0 66
 0 67
 0 68
 0 69
 0 70
 0 71
 0 72
 0 73
 0 74
 0 75
 0 76
 0 77
 0 78
 0 79
 0 80
 0 81
 0 82
 0 83
 0 84
 0 85
 0 86
 0 87
 0 88
 5 89
 1 90
 13 91
 72 92
 128 93
 156 94
 257 95
 387 96
 584 97
 749 98
 894 99
 1088 100
 1258 101
 1290 102
 1341 103
 1422 104
 1434 105
 1405 106
 1373 107
 1336 108
 1322 109
 1270 110
 1146 111
 1100 112
 1045 113
 984 114
 923 115
 766 116
 762 117
 701 118
 634 119
 606 120
 524 121
 453 122
 493 123
 408 124
 355 125
 352 126
 311 127
 289 128
 260 129
 263 130
 242 131
 227 132
 185 133
 171 134
 183 135
 154 136
 155 137
 149 138
 140 139
 129 140
 123 141
 94 142
 93 143
 87 144
 80 145
 108 146
 81 147
 77 148
 61 149
 68 150
 56 151
 63 152
 58 153
 53 154
 57 155
 42 156
 45 157
 40 158
 40 159
 35 160
 32 161
 30 162
 32 163
 23 164
 27 165
 30 166
 22 167
 23 168
 15 169
 31 170
 17 171
 20 172
 16 173
 13 174
 11 175
 21 176
 15 177
 9 178
 14 179
 13 180
 12 181
 12 182
 12 183
 8 184
 10 185
 8 186
 8 187
 9 188
 8 189
 4 190
 5 191
 2 192
 6 193
 4 194
 5 195
 5 196
 3 197
 2 198
 2 199
 2 200
 3 201
 0 202
 0 203
 0 204
 1 205
 0 206
 1 207
 3 208
 1 209
 2 210
 2 211
 0 212
 0 213
 1 214
 1 215
 0 216
 1 217
 1 218
 1 219
 4 220
 1 221
 0 222
 0 223
 1 224
 0 225
 0 226
 1 227
 0 228
 0 229
 0 230
 0 231
 1 232
 0 233
 0 234
 0 235
 0 236
 0 237
 0 238
 0 239
 0 240
 0 241
 0 242
 0 243
 0 244
 0 245
 0 246
 0 247
 0 248
 0 249
 0 250
 0 251
 0 252
 0 253
 0 254
 0 255
 0 256
 0 257
 0 258
 0 259
 0 260
 0 261
 0 262
 0 263
 0 264
 0 265
 0 266
 0 267
 0 268
 0 269
 0 270
 0 271
 0 272
 0 273
 0 274
 0 275
 0 276
 0 277
 0 278
 1 279
 1 280
 1 281
 0 282
 2 283
 1 284
 0 285
 1 286
 0 287
 0 288
 0 289
 5 290
 1 291
 2 292
 1 293
 2 294
 2 295
 1 296
 1 297
 2 298
 2 299
 1 300
 1 301
 3 302
 2 303
 2 304
 2 305
 0 306
 2 307
 4 308
 2 309
 2 310
 3 311
 5 312
 1 313
 4 314
 1 315
 5 316
 2 317
 2 318
 3 319
 4 320
 4 321
 4 322
 5 323
 5 324
 2 325
 0 326
 2 327
 3 328
 3 329
 1 330
 5 331
 2 332
 6 333
 1 334
 2 335
 1 336
 2 337
 1 338
 5 339
 3 340
 1 341
 1 342
 2 343
 1 344
 2 345
 2 346
 0 347
 1 348
 1 349
 1 350
 3 351
 0 352
 3 353
 2 354
 3 355
 0 356
 1 357
 2 358
 1 359
 3 360
 0 361
 1 362
 2 363
 1 364
 1 365
 0 366
 0 367
 0 368
 0 369
 0 370
 0 371
 0 372
 2 373
 1 374
 0 375
 1 376
 2 377
 0 378
 1 379
 1 380
 1 381
 1 382
 0 383
 1 384
 0 385
 0 386
 0 387
 1 388
 0 389
 0 390
 3 391
 1 392
 0 393
 0 394
 0 395
 0 396
 1 397
 0 398
 0 399
 1 400
 0 401
 0 402
 0 403
 0 404
 0 405
 0 406
 0 407
 0 408
 1 409
 0 410
 0 411
 0 412
 0 413
 0 414
 0 415
 0 416
 0 417
 0 418
 0 419
 0 420
 0 421
 0 422
 0 423
 0 424
 0 425
 0 426
 0 427
 0 428
 0 429
 0 430
 0 431
 0 432
 0 433
 0 434
 1 435
 0 436
 0 437
 0 438
 0 439
 0 440
 0 441
 0 442
 0 443
 0 444
 0 445
 0 446
 0 447
 0 448
 0 449
 0 450
 0 451
 0 452
 0 453
 0 454
 0 455
 0 456
 0 457
 0 458
 0 459
 0 460
 0 461
 0 462
 0 463
 0 464
 0 465
 0 466
 0 467
 0 468
 0 469
 0 470
 0 471
 0 472
 0 473
 0 474
 0 475
 0 476
 0 477
 0 478
 0 479
 0 480
 0 481
 0 482
 0 483
 0 484
 0 485
 0 486
 0 487
 0 488
 0 489
 0 490
 0 491
 0 492
 0 493
 0 494
 0 495
 0 496
 0 497
 0 498
 0 499
 0 500
 0 501
 0 502
 0 503
 0 504
 0 505
 0 506
 0 507
 0 508
 0 509
 0 510
 0 511
 0 512
 0 513
 0 514
 0 515
 0 516
 0 517
 0 518
 0 519
 0 520
 0 521
 0 522
 0 523
 0 524
 0 525
 0 526
 0 527
 0 528
 0 529
 0 530
 0 531
 0 532
 0 533
 0 534
 0 535
 0 536
 0 537
 0 538
 0 539
 0 540
 0 541
 0 542
 0 543
 0 544
 0 545
 0 546
 0 547
 0 548
 0 549
 0 550
 0 551
 0 552
 0 553
 0 554
 0 555
 0 556
 0 557
 0 558
 0 559
 0 560
 0 561
 0 562
 0 563
 0 564
 0 565
 0 566
 0 567
 0 568
 0 569
 0 570
 0 571
 0 572
 0 573
 0 574
 0 575
 0 576
 0 577
 0 578
 0 579
 0 580
 0 581
 0 582
 0 583
 0 584
 0 585
 0 586
 0 587
 0 588
 0 589
 0 590
 0 591
 0 592
 0 593
 0 594
 0 595
 0 596
 0 597
 0 598
 0 599
 0 600


