# Created by Octave 3.8.2, Mon Jun 22 13:22:50 2020 CEST <damian@fptrucha.inv.usc.es>
# name: hd
# type: matrix
# rows: 551
# columns: 2
 0 50
 0 51
 0 52
 0 53
 0 54
 0 55
 0 56
 0 57
 0 58
 0 59
 0 60
 0 61
 0 62
 0 63
 0 64
 0 65
 0 66
 0 67
 0 68
 0 69
 0 70
 0 71
 0 72
 0 73
 0 74
 0 75
 0 76
 0 77
 0 78
 0 79
 0 80
 0 81
 0 82
 0 83
 0 84
 0 85
 0 86
 0 87
 1 88
 1 89
 1 90
 19 91
 77 92
 119 93
 166 94
 276 95
 434 96
 680 97
 853 98
 1096 99
 1249 100
 1390 101
 1464 102
 1528 103
 1516 104
 1581 105
 1583 106
 1547 107
 1443 108
 1336 109
 1350 110
 1163 111
 1157 112
 1148 113
 1023 114
 933 115
 841 116
 737 117
 665 118
 658 119
 589 120
 488 121
 469 122
 470 123
 402 124
 393 125
 354 126
 305 127
 294 128
 249 129
 247 130
 211 131
 196 132
 166 133
 175 134
 162 135
 155 136
 122 137
 122 138
 101 139
 115 140
 97 141
 90 142
 96 143
 99 144
 74 145
 69 146
 68 147
 46 148
 60 149
 59 150
 60 151
 66 152
 49 153
 64 154
 52 155
 34 156
 38 157
 50 158
 26 159
 35 160
 24 161
 36 162
 22 163
 23 164
 29 165
 23 166
 18 167
 23 168
 21 169
 19 170
 11 171
 14 172
 22 173
 23 174
 14 175
 15 176
 10 177
 8 178
 7 179
 6 180
 9 181
 5 182
 9 183
 6 184
 7 185
 10 186
 6 187
 10 188
 7 189
 5 190
 4 191
 3 192
 5 193
 2 194
 4 195
 5 196
 4 197
 0 198
 0 199
 1 200
 2 201
 3 202
 1 203
 2 204
 1 205
 1 206
 1 207
 0 208
 0 209
 2 210
 1 211
 0 212
 1 213
 2 214
 1 215
 1 216
 1 217
 0 218
 1 219
 1 220
 0 221
 0 222
 0 223
 1 224
 0 225
 0 226
 0 227
 0 228
 0 229
 0 230
 0 231
 0 232
 1 233
 1 234
 1 235
 0 236
 0 237
 0 238
 0 239
 1 240
 0 241
 0 242
 0 243
 0 244
 0 245
 0 246
 0 247
 0 248
 0 249
 0 250
 0 251
 0 252
 0 253
 0 254
 0 255
 0 256
 0 257
 0 258
 0 259
 0 260
 0 261
 0 262
 0 263
 0 264
 0 265
 0 266
 1 267
 0 268
 0 269
 0 270
 0 271
 0 272
 0 273
 0 274
 0 275
 0 276
 1 277
 0 278
 1 279
 0 280
 1 281
 1 282
 0 283
 3 284
 0 285
 0 286
 2 287
 0 288
 1 289
 1 290
 1 291
 2 292
 2 293
 1 294
 0 295
 2 296
 6 297
 0 298
 1 299
 3 300
 0 301
 2 302
 3 303
 0 304
 0 305
 0 306
 1 307
 3 308
 1 309
 6 310
 3 311
 4 312
 1 313
 1 314
 3 315
 1 316
 3 317
 2 318
 5 319
 2 320
 4 321
 6 322
 3 323
 2 324
 6 325
 3 326
 2 327
 2 328
 3 329
 4 330
 3 331
 2 332
 4 333
 4 334
 5 335
 1 336
 0 337
 1 338
 3 339
 1 340
 0 341
 1 342
 5 343
 3 344
 1 345
 2 346
 2 347
 3 348
 3 349
 1 350
 3 351
 3 352
 2 353
 0 354
 1 355
 1 356
 3 357
 1 358
 0 359
 2 360
 4 361
 1 362
 1 363
 0 364
 2 365
 3 366
 1 367
 0 368
 1 369
 0 370
 0 371
 1 372
 1 373
 1 374
 0 375
 0 376
 0 377
 0 378
 0 379
 0 380
 1 381
 0 382
 0 383
 0 384
 0 385
 0 386
 0 387
 2 388
 0 389
 0 390
 0 391
 0 392
 0 393
 0 394
 1 395
 0 396
 0 397
 0 398
 0 399
 1 400
 0 401
 1 402
 0 403
 0 404
 0 405
 0 406
 0 407
 0 408
 0 409
 0 410
 0 411
 0 412
 0 413
 0 414
 0 415
 0 416
 0 417
 0 418
 0 419
 0 420
 0 421
 0 422
 0 423
 0 424
 0 425
 0 426
 0 427
 0 428
 0 429
 0 430
 0 431
 0 432
 0 433
 0 434
 0 435
 0 436
 0 437
 0 438
 0 439
 0 440
 0 441
 0 442
 0 443
 0 444
 0 445
 0 446
 0 447
 0 448
 0 449
 0 450
 0 451
 0 452
 0 453
 0 454
 0 455
 0 456
 0 457
 0 458
 0 459
 0 460
 0 461
 0 462
 0 463
 0 464
 0 465
 0 466
 0 467
 0 468
 0 469
 0 470
 0 471
 0 472
 0 473
 0 474
 0 475
 0 476
 0 477
 0 478
 0 479
 0 480
 0 481
 0 482
 0 483
 0 484
 0 485
 0 486
 0 487
 0 488
 0 489
 0 490
 0 491
 0 492
 0 493
 0 494
 0 495
 0 496
 0 497
 0 498
 0 499
 0 500
 0 501
 0 502
 0 503
 0 504
 0 505
 0 506
 0 507
 0 508
 0 509
 0 510
 0 511
 0 512
 0 513
 0 514
 0 515
 0 516
 0 517
 0 518
 0 519
 0 520
 0 521
 0 522
 0 523
 0 524
 0 525
 0 526
 0 527
 0 528
 0 529
 0 530
 0 531
 0 532
 0 533
 0 534
 0 535
 0 536
 0 537
 0 538
 0 539
 0 540
 0 541
 0 542
 0 543
 0 544
 0 545
 0 546
 0 547
 0 548
 0 549
 0 550
 0 551
 0 552
 0 553
 0 554
 0 555
 0 556
 0 557
 0 558
 0 559
 0 560
 0 561
 0 562
 0 563
 0 564
 0 565
 0 566
 0 567
 0 568
 0 569
 0 570
 0 571
 0 572
 0 573
 0 574
 0 575
 0 576
 0 577
 0 578
 0 579
 0 580
 0 581
 0 582
 0 583
 0 584
 0 585
 0 586
 0 587
 0 588
 0 589
 0 590
 0 591
 0 592
 0 593
 0 594
 0 595
 0 596
 0 597
 0 598
 0 599
 0 600


