# Created by Octave 3.8.2, Mon Jun 22 21:24:22 2020 CEST <damian@fptrucha.inv.usc.es>
# name: hd
# type: matrix
# rows: 551
# columns: 2
 0 50
 0 51
 0 52
 0 53
 0 54
 0 55
 0 56
 0 57
 0 58
 0 59
 0 60
 0 61
 0 62
 0 63
 0 64
 0 65
 0 66
 0 67
 0 68
 0 69
 0 70
 0 71
 0 72
 0 73
 0 74
 0 75
 0 76
 0 77
 0 78
 0 79
 0 80
 0 81
 0 82
 0 83
 0 84
 0 85
 0 86
 0 87
 0 88
 1 89
 3 90
 20 91
 93 92
 126 93
 219 94
 304 95
 463 96
 714 97
 864 98
 1092 99
 1279 100
 1381 101
 1547 102
 1534 103
 1637 104
 1602 105
 1571 106
 1598 107
 1469 108
 1454 109
 1480 110
 1346 111
 1259 112
 1147 113
 1027 114
 971 115
 865 116
 802 117
 734 118
 735 119
 651 120
 587 121
 492 122
 458 123
 423 124
 415 125
 365 126
 324 127
 331 128
 294 129
 259 130
 224 131
 208 132
 211 133
 175 134
 169 135
 159 136
 144 137
 170 138
 127 139
 117 140
 112 141
 130 142
 85 143
 100 144
 86 145
 87 146
 100 147
 81 148
 73 149
 59 150
 53 151
 65 152
 59 153
 46 154
 53 155
 47 156
 42 157
 27 158
 39 159
 45 160
 30 161
 31 162
 31 163
 37 164
 28 165
 28 166
 23 167
 25 168
 18 169
 20 170
 21 171
 21 172
 12 173
 13 174
 16 175
 16 176
 16 177
 8 178
 13 179
 9 180
 20 181
 9 182
 10 183
 9 184
 4 185
 7 186
 5 187
 3 188
 6 189
 4 190
 7 191
 4 192
 2 193
 4 194
 6 195
 3 196
 4 197
 4 198
 2 199
 3 200
 3 201
 0 202
 1 203
 1 204
 3 205
 0 206
 1 207
 0 208
 2 209
 0 210
 0 211
 0 212
 1 213
 2 214
 1 215
 2 216
 1 217
 1 218
 0 219
 0 220
 1 221
 0 222
 0 223
 0 224
 0 225
 1 226
 0 227
 0 228
 2 229
 0 230
 0 231
 0 232
 0 233
 1 234
 0 235
 0 236
 0 237
 1 238
 0 239
 0 240
 0 241
 0 242
 0 243
 0 244
 0 245
 0 246
 0 247
 0 248
 0 249
 0 250
 0 251
 0 252
 0 253
 0 254
 0 255
 0 256
 0 257
 0 258
 0 259
 0 260
 0 261
 0 262
 0 263
 0 264
 0 265
 1 266
 0 267
 0 268
 0 269
 0 270
 0 271
 0 272
 0 273
 0 274
 2 275
 0 276
 0 277
 1 278
 0 279
 0 280
 1 281
 0 282
 1 283
 0 284
 0 285
 1 286
 0 287
 0 288
 0 289
 1 290
 0 291
 1 292
 2 293
 0 294
 0 295
 1 296
 1 297
 2 298
 1 299
 2 300
 1 301
 3 302
 1 303
 1 304
 0 305
 1 306
 1 307
 2 308
 4 309
 1 310
 1 311
 2 312
 2 313
 1 314
 6 315
 1 316
 3 317
 2 318
 2 319
 4 320
 6 321
 2 322
 1 323
 6 324
 7 325
 1 326
 3 327
 3 328
 5 329
 3 330
 2 331
 1 332
 3 333
 3 334
 2 335
 2 336
 2 337
 1 338
 1 339
 2 340
 3 341
 0 342
 1 343
 2 344
 1 345
 2 346
 5 347
 2 348
 2 349
 1 350
 1 351
 4 352
 3 353
 3 354
 1 355
 2 356
 0 357
 2 358
 1 359
 3 360
 3 361
 1 362
 1 363
 3 364
 1 365
 1 366
 0 367
 0 368
 1 369
 4 370
 1 371
 1 372
 2 373
 0 374
 0 375
 0 376
 1 377
 0 378
 0 379
 1 380
 0 381
 1 382
 1 383
 1 384
 0 385
 0 386
 0 387
 0 388
 0 389
 0 390
 2 391
 1 392
 0 393
 0 394
 0 395
 0 396
 0 397
 0 398
 0 399
 1 400
 0 401
 0 402
 0 403
 0 404
 1 405
 0 406
 0 407
 0 408
 0 409
 0 410
 0 411
 0 412
 0 413
 0 414
 0 415
 0 416
 0 417
 0 418
 0 419
 0 420
 0 421
 0 422
 0 423
 1 424
 0 425
 0 426
 0 427
 0 428
 0 429
 0 430
 0 431
 0 432
 0 433
 0 434
 0 435
 0 436
 0 437
 0 438
 0 439
 0 440
 0 441
 0 442
 0 443
 0 444
 0 445
 0 446
 0 447
 0 448
 0 449
 0 450
 0 451
 0 452
 0 453
 0 454
 0 455
 0 456
 0 457
 0 458
 0 459
 0 460
 0 461
 0 462
 0 463
 0 464
 0 465
 0 466
 0 467
 0 468
 0 469
 0 470
 0 471
 0 472
 0 473
 0 474
 0 475
 0 476
 0 477
 0 478
 0 479
 0 480
 0 481
 0 482
 0 483
 0 484
 0 485
 0 486
 0 487
 0 488
 0 489
 0 490
 0 491
 0 492
 0 493
 0 494
 0 495
 0 496
 0 497
 0 498
 0 499
 0 500
 0 501
 0 502
 0 503
 0 504
 0 505
 0 506
 0 507
 0 508
 0 509
 0 510
 0 511
 0 512
 0 513
 0 514
 0 515
 0 516
 0 517
 0 518
 0 519
 0 520
 0 521
 0 522
 0 523
 0 524
 0 525
 0 526
 0 527
 0 528
 0 529
 0 530
 0 531
 0 532
 0 533
 0 534
 0 535
 0 536
 0 537
 0 538
 0 539
 0 540
 0 541
 0 542
 0 543
 0 544
 0 545
 0 546
 0 547
 0 548
 0 549
 0 550
 0 551
 0 552
 0 553
 0 554
 0 555
 0 556
 0 557
 0 558
 0 559
 0 560
 0 561
 0 562
 0 563
 0 564
 0 565
 0 566
 0 567
 0 568
 0 569
 0 570
 0 571
 0 572
 0 573
 0 574
 0 575
 0 576
 0 577
 0 578
 0 579
 0 580
 0 581
 0 582
 0 583
 0 584
 0 585
 0 586
 0 587
 0 588
 0 589
 0 590
 0 591
 0 592
 0 593
 0 594
 0 595
 0 596
 0 597
 0 598
 0 599
 0 600


