# Created by Octave 3.8.2, Mon Jun 22 14:17:35 2020 CEST <damian@fptrucha.inv.usc.es>
# name: hd
# type: matrix
# rows: 551
# columns: 2
 0 50
 0 51
 0 52
 0 53
 0 54
 0 55
 0 56
 0 57
 0 58
 0 59
 0 60
 0 61
 0 62
 0 63
 0 64
 0 65
 0 66
 0 67
 0 68
 0 69
 0 70
 0 71
 0 72
 0 73
 0 74
 0 75
 0 76
 0 77
 0 78
 0 79
 0 80
 0 81
 0 82
 0 83
 0 84
 0 85
 0 86
 0 87
 0 88
 1 89
 5 90
 12 91
 83 92
 120 93
 161 94
 261 95
 392 96
 623 97
 788 98
 1049 99
 1168 100
 1342 101
 1477 102
 1478 103
 1501 104
 1528 105
 1529 106
 1488 107
 1451 108
 1337 109
 1266 110
 1248 111
 1141 112
 1053 113
 943 114
 924 115
 863 116
 748 117
 705 118
 608 119
 587 120
 506 121
 523 122
 446 123
 387 124
 373 125
 334 126
 304 127
 275 128
 244 129
 240 130
 239 131
 226 132
 209 133
 184 134
 151 135
 145 136
 153 137
 145 138
 126 139
 131 140
 117 141
 129 142
 102 143
 93 144
 89 145
 79 146
 84 147
 69 148
 85 149
 70 150
 78 151
 61 152
 60 153
 65 154
 45 155
 59 156
 46 157
 41 158
 40 159
 39 160
 28 161
 30 162
 31 163
 29 164
 30 165
 29 166
 23 167
 23 168
 24 169
 23 170
 10 171
 18 172
 13 173
 15 174
 18 175
 15 176
 12 177
 8 178
 13 179
 8 180
 9 181
 10 182
 11 183
 9 184
 9 185
 5 186
 7 187
 0 188
 5 189
 3 190
 5 191
 5 192
 4 193
 8 194
 2 195
 3 196
 2 197
 3 198
 4 199
 2 200
 0 201
 2 202
 1 203
 3 204
 0 205
 0 206
 3 207
 1 208
 1 209
 1 210
 0 211
 2 212
 1 213
 0 214
 1 215
 1 216
 0 217
 1 218
 1 219
 0 220
 0 221
 0 222
 0 223
 0 224
 0 225
 1 226
 1 227
 0 228
 0 229
 0 230
 0 231
 0 232
 0 233
 0 234
 0 235
 0 236
 0 237
 0 238
 0 239
 0 240
 0 241
 0 242
 0 243
 0 244
 0 245
 0 246
 0 247
 0 248
 0 249
 0 250
 0 251
 0 252
 1 253
 0 254
 0 255
 0 256
 0 257
 0 258
 0 259
 0 260
 0 261
 0 262
 0 263
 0 264
 0 265
 0 266
 0 267
 0 268
 0 269
 0 270
 0 271
 0 272
 0 273
 0 274
 0 275
 0 276
 0 277
 0 278
 0 279
 0 280
 0 281
 0 282
 0 283
 0 284
 0 285
 1 286
 1 287
 1 288
 1 289
 1 290
 4 291
 2 292
 0 293
 1 294
 1 295
 2 296
 0 297
 4 298
 5 299
 1 300
 2 301
 2 302
 2 303
 1 304
 6 305
 4 306
 4 307
 1 308
 1 309
 1 310
 1 311
 1 312
 2 313
 4 314
 2 315
 3 316
 5 317
 3 318
 1 319
 1 320
 1 321
 3 322
 3 323
 0 324
 4 325
 0 326
 3 327
 3 328
 5 329
 5 330
 3 331
 5 332
 0 333
 3 334
 2 335
 3 336
 2 337
 2 338
 2 339
 1 340
 1 341
 2 342
 4 343
 4 344
 0 345
 5 346
 2 347
 2 348
 2 349
 1 350
 0 351
 1 352
 2 353
 2 354
 2 355
 2 356
 1 357
 2 358
 1 359
 1 360
 2 361
 0 362
 2 363
 2 364
 3 365
 1 366
 1 367
 2 368
 0 369
 0 370
 1 371
 2 372
 1 373
 0 374
 1 375
 0 376
 0 377
 1 378
 0 379
 0 380
 0 381
 0 382
 1 383
 0 384
 1 385
 1 386
 0 387
 1 388
 0 389
 0 390
 0 391
 1 392
 0 393
 1 394
 0 395
 0 396
 0 397
 0 398
 0 399
 0 400
 0 401
 0 402
 0 403
 0 404
 0 405
 0 406
 0 407
 0 408
 1 409
 0 410
 0 411
 0 412
 0 413
 0 414
 0 415
 0 416
 0 417
 0 418
 0 419
 0 420
 0 421
 0 422
 0 423
 0 424
 0 425
 1 426
 0 427
 0 428
 0 429
 0 430
 0 431
 0 432
 0 433
 0 434
 0 435
 0 436
 0 437
 0 438
 0 439
 0 440
 0 441
 0 442
 0 443
 0 444
 0 445
 0 446
 0 447
 0 448
 0 449
 0 450
 0 451
 0 452
 0 453
 0 454
 0 455
 0 456
 0 457
 0 458
 0 459
 0 460
 0 461
 0 462
 0 463
 0 464
 0 465
 0 466
 0 467
 0 468
 0 469
 0 470
 0 471
 0 472
 0 473
 0 474
 0 475
 0 476
 0 477
 0 478
 0 479
 0 480
 0 481
 0 482
 0 483
 0 484
 0 485
 0 486
 0 487
 0 488
 0 489
 0 490
 0 491
 0 492
 0 493
 0 494
 0 495
 0 496
 0 497
 0 498
 0 499
 0 500
 0 501
 0 502
 0 503
 0 504
 0 505
 0 506
 0 507
 0 508
 0 509
 0 510
 0 511
 0 512
 0 513
 0 514
 0 515
 0 516
 0 517
 0 518
 0 519
 0 520
 0 521
 0 522
 0 523
 0 524
 0 525
 0 526
 0 527
 0 528
 0 529
 0 530
 0 531
 0 532
 0 533
 0 534
 0 535
 0 536
 0 537
 0 538
 0 539
 0 540
 0 541
 0 542
 0 543
 0 544
 0 545
 0 546
 0 547
 0 548
 0 549
 0 550
 0 551
 0 552
 0 553
 0 554
 0 555
 0 556
 0 557
 0 558
 0 559
 0 560
 0 561
 0 562
 0 563
 0 564
 0 565
 0 566
 0 567
 0 568
 0 569
 0 570
 0 571
 0 572
 0 573
 0 574
 0 575
 0 576
 0 577
 0 578
 0 579
 0 580
 0 581
 0 582
 0 583
 0 584
 0 585
 0 586
 0 587
 0 588
 0 589
 0 590
 0 591
 0 592
 0 593
 0 594
 0 595
 0 596
 0 597
 0 598
 0 599
 0 600


