# Created by Octave 3.8.2, Mon Jun 22 17:32:46 2020 CEST <damian@fptrucha.inv.usc.es>
# name: hd
# type: matrix
# rows: 551
# columns: 2
 0 50
 0 51
 0 52
 0 53
 0 54
 0 55
 0 56
 0 57
 0 58
 0 59
 0 60
 0 61
 0 62
 0 63
 0 64
 0 65
 0 66
 0 67
 0 68
 0 69
 0 70
 0 71
 0 72
 0 73
 0 74
 0 75
 0 76
 0 77
 0 78
 0 79
 0 80
 0 81
 0 82
 0 83
 0 84
 0 85
 0 86
 0 87
 0 88
 1 89
 2 90
 17 91
 74 92
 138 93
 192 94
 312 95
 490 96
 669 97
 936 98
 1119 99
 1427 100
 1434 101
 1583 102
 1594 103
 1570 104
 1682 105
 1670 106
 1658 107
 1534 108
 1407 109
 1399 110
 1289 111
 1172 112
 1128 113
 976 114
 945 115
 800 116
 734 117
 693 118
 616 119
 588 120
 474 121
 466 122
 417 123
 348 124
 349 125
 336 126
 299 127
 263 128
 254 129
 224 130
 216 131
 188 132
 175 133
 158 134
 157 135
 133 136
 131 137
 119 138
 123 139
 113 140
 77 141
 99 142
 82 143
 83 144
 84 145
 80 146
 68 147
 67 148
 59 149
 68 150
 56 151
 41 152
 55 153
 54 154
 35 155
 45 156
 40 157
 39 158
 49 159
 32 160
 25 161
 30 162
 12 163
 28 164
 18 165
 26 166
 26 167
 10 168
 18 169
 14 170
 15 171
 8 172
 19 173
 21 174
 12 175
 12 176
 12 177
 8 178
 7 179
 4 180
 9 181
 9 182
 3 183
 7 184
 3 185
 7 186
 1 187
 7 188
 7 189
 8 190
 4 191
 2 192
 1 193
 2 194
 4 195
 3 196
 3 197
 2 198
 2 199
 0 200
 1 201
 0 202
 3 203
 0 204
 2 205
 2 206
 0 207
 0 208
 1 209
 0 210
 1 211
 0 212
 1 213
 0 214
 1 215
 0 216
 0 217
 0 218
 0 219
 1 220
 0 221
 0 222
 1 223
 0 224
 0 225
 0 226
 1 227
 0 228
 1 229
 0 230
 0 231
 0 232
 1 233
 0 234
 0 235
 0 236
 0 237
 0 238
 0 239
 0 240
 0 241
 0 242
 0 243
 0 244
 0 245
 0 246
 0 247
 0 248
 0 249
 0 250
 0 251
 0 252
 0 253
 0 254
 0 255
 0 256
 0 257
 0 258
 0 259
 1 260
 0 261
 0 262
 0 263
 0 264
 0 265
 0 266
 0 267
 0 268
 0 269
 0 270
 0 271
 0 272
 0 273
 0 274
 0 275
 0 276
 0 277
 0 278
 1 279
 0 280
 0 281
 0 282
 1 283
 0 284
 0 285
 0 286
 0 287
 0 288
 0 289
 2 290
 0 291
 0 292
 1 293
 0 294
 0 295
 1 296
 2 297
 1 298
 3 299
 2 300
 3 301
 1 302
 0 303
 3 304
 1 305
 1 306
 0 307
 1 308
 2 309
 3 310
 2 311
 3 312
 2 313
 0 314
 2 315
 2 316
 0 317
 4 318
 2 319
 3 320
 1 321
 5 322
 2 323
 4 324
 4 325
 5 326
 5 327
 4 328
 0 329
 1 330
 1 331
 3 332
 4 333
 4 334
 0 335
 2 336
 1 337
 2 338
 4 339
 1 340
 3 341
 5 342
 3 343
 1 344
 3 345
 3 346
 2 347
 3 348
 3 349
 2 350
 3 351
 1 352
 3 353
 3 354
 0 355
 2 356
 1 357
 2 358
 1 359
 1 360
 1 361
 2 362
 0 363
 2 364
 2 365
 1 366
 3 367
 3 368
 2 369
 2 370
 1 371
 1 372
 0 373
 2 374
 2 375
 1 376
 0 377
 1 378
 1 379
 2 380
 0 381
 0 382
 0 383
 1 384
 0 385
 0 386
 0 387
 0 388
 0 389
 0 390
 0 391
 0 392
 1 393
 0 394
 0 395
 0 396
 0 397
 0 398
 0 399
 0 400
 0 401
 0 402
 0 403
 0 404
 0 405
 0 406
 1 407
 0 408
 0 409
 0 410
 0 411
 0 412
 0 413
 0 414
 0 415
 0 416
 0 417
 0 418
 0 419
 0 420
 0 421
 0 422
 0 423
 0 424
 0 425
 1 426
 0 427
 0 428
 0 429
 0 430
 0 431
 0 432
 0 433
 0 434
 0 435
 0 436
 1 437
 0 438
 0 439
 0 440
 0 441
 0 442
 0 443
 0 444
 0 445
 0 446
 0 447
 0 448
 0 449
 0 450
 0 451
 0 452
 0 453
 0 454
 0 455
 0 456
 0 457
 0 458
 0 459
 0 460
 0 461
 0 462
 0 463
 0 464
 0 465
 0 466
 0 467
 0 468
 0 469
 0 470
 0 471
 0 472
 0 473
 0 474
 0 475
 0 476
 0 477
 0 478
 0 479
 0 480
 0 481
 0 482
 0 483
 0 484
 0 485
 0 486
 0 487
 0 488
 0 489
 0 490
 0 491
 0 492
 0 493
 0 494
 0 495
 0 496
 0 497
 0 498
 0 499
 0 500
 0 501
 0 502
 0 503
 0 504
 0 505
 0 506
 0 507
 0 508
 0 509
 0 510
 0 511
 0 512
 0 513
 0 514
 0 515
 0 516
 0 517
 0 518
 0 519
 0 520
 0 521
 0 522
 0 523
 0 524
 0 525
 0 526
 0 527
 0 528
 0 529
 0 530
 0 531
 0 532
 0 533
 0 534
 0 535
 0 536
 0 537
 0 538
 0 539
 0 540
 0 541
 0 542
 0 543
 0 544
 0 545
 0 546
 0 547
 0 548
 0 549
 0 550
 0 551
 0 552
 0 553
 0 554
 0 555
 0 556
 0 557
 0 558
 0 559
 0 560
 0 561
 0 562
 0 563
 0 564
 0 565
 0 566
 0 567
 0 568
 0 569
 0 570
 0 571
 0 572
 0 573
 0 574
 0 575
 0 576
 0 577
 0 578
 0 579
 0 580
 0 581
 0 582
 0 583
 0 584
 0 585
 0 586
 0 587
 0 588
 0 589
 0 590
 0 591
 0 592
 0 593
 0 594
 0 595
 0 596
 0 597
 0 598
 0 599
 0 600


