# Created by Octave 3.8.2, Sat Jun 20 20:55:57 2020 CEST <damian@fptrucha.inv.usc.es>
# name: hd
# type: matrix
# rows: 551
# columns: 2
 0 50
 0 51
 0 52
 0 53
 0 54
 0 55
 0 56
 0 57
 0 58
 0 59
 0 60
 0 61
 0 62
 0 63
 0 64
 0 65
 0 66
 0 67
 0 68
 1 69
 0 70
 0 71
 0 72
 0 73
 0 74
 0 75
 0 76
 0 77
 0 78
 0 79
 0 80
 0 81
 0 82
 0 83
 0 84
 0 85
 0 86
 0 87
 0 88
 0 89
 4 90
 28 91
 78 92
 106 93
 172 94
 267 95
 413 96
 592 97
 694 98
 866 99
 1004 100
 1036 101
 1152 102
 1213 103
 1206 104
 1324 105
 1341 106
 1313 107
 1262 108
 1311 109
 1274 110
 1222 111
 1183 112
 1104 113
 1034 114
 995 115
 919 116
 830 117
 820 118
 783 119
 681 120
 645 121
 603 122
 578 123
 531 124
 468 125
 412 126
 407 127
 317 128
 368 129
 316 130
 302 131
 224 132
 215 133
 219 134
 189 135
 178 136
 171 137
 135 138
 175 139
 130 140
 128 141
 126 142
 108 143
 90 144
 98 145
 99 146
 82 147
 73 148
 59 149
 80 150
 66 151
 61 152
 53 153
 54 154
 52 155
 60 156
 46 157
 43 158
 44 159
 32 160
 31 161
 42 162
 28 163
 27 164
 12 165
 21 166
 17 167
 16 168
 18 169
 23 170
 15 171
 15 172
 13 173
 6 174
 9 175
 9 176
 11 177
 7 178
 12 179
 8 180
 8 181
 9 182
 6 183
 13 184
 8 185
 3 186
 4 187
 4 188
 1 189
 3 190
 3 191
 3 192
 5 193
 4 194
 3 195
 3 196
 0 197
 1 198
 4 199
 2 200
 0 201
 0 202
 1 203
 3 204
 0 205
 3 206
 4 207
 2 208
 1 209
 1 210
 0 211
 1 212
 0 213
 0 214
 1 215
 1 216
 0 217
 0 218
 2 219
 0 220
 0 221
 0 222
 1 223
 1 224
 0 225
 0 226
 0 227
 0 228
 0 229
 0 230
 0 231
 0 232
 0 233
 0 234
 0 235
 0 236
 0 237
 0 238
 0 239
 0 240
 0 241
 0 242
 0 243
 0 244
 0 245
 1 246
 0 247
 0 248
 0 249
 0 250
 0 251
 0 252
 0 253
 0 254
 1 255
 0 256
 0 257
 0 258
 0 259
 0 260
 0 261
 0 262
 0 263
 0 264
 0 265
 1 266
 0 267
 0 268
 0 269
 0 270
 0 271
 0 272
 0 273
 0 274
 0 275
 0 276
 0 277
 1 278
 0 279
 0 280
 0 281
 0 282
 0 283
 1 284
 0 285
 0 286
 0 287
 0 288
 0 289
 0 290
 0 291
 2 292
 2 293
 1 294
 0 295
 0 296
 0 297
 1 298
 1 299
 1 300
 0 301
 0 302
 1 303
 2 304
 1 305
 1 306
 0 307
 1 308
 1 309
 1 310
 1 311
 1 312
 1 313
 5 314
 1 315
 2 316
 2 317
 1 318
 0 319
 2 320
 0 321
 3 322
 3 323
 4 324
 5 325
 2 326
 3 327
 4 328
 0 329
 2 330
 2 331
 1 332
 2 333
 2 334
 0 335
 1 336
 1 337
 3 338
 1 339
 2 340
 3 341
 2 342
 4 343
 0 344
 5 345
 3 346
 1 347
 3 348
 0 349
 3 350
 0 351
 0 352
 2 353
 1 354
 1 355
 3 356
 2 357
 3 358
 1 359
 1 360
 0 361
 1 362
 2 363
 2 364
 1 365
 2 366
 0 367
 1 368
 1 369
 3 370
 2 371
 3 372
 1 373
 1 374
 3 375
 0 376
 0 377
 1 378
 0 379
 0 380
 1 381
 0 382
 0 383
 0 384
 1 385
 0 386
 1 387
 1 388
 0 389
 2 390
 0 391
 1 392
 0 393
 0 394
 0 395
 0 396
 2 397
 0 398
 0 399
 1 400
 0 401
 0 402
 0 403
 0 404
 1 405
 0 406
 0 407
 0 408
 1 409
 0 410
 1 411
 0 412
 0 413
 0 414
 0 415
 0 416
 0 417
 0 418
 0 419
 0 420
 0 421
 1 422
 0 423
 0 424
 0 425
 0 426
 0 427
 0 428
 0 429
 0 430
 0 431
 0 432
 0 433
 0 434
 1 435
 0 436
 0 437
 0 438
 0 439
 0 440
 0 441
 0 442
 0 443
 0 444
 0 445
 0 446
 0 447
 0 448
 0 449
 1 450
 0 451
 0 452
 0 453
 0 454
 0 455
 0 456
 0 457
 0 458
 0 459
 0 460
 0 461
 0 462
 0 463
 0 464
 0 465
 0 466
 0 467
 0 468
 0 469
 0 470
 0 471
 0 472
 0 473
 0 474
 0 475
 0 476
 0 477
 0 478
 0 479
 0 480
 0 481
 0 482
 0 483
 0 484
 0 485
 0 486
 0 487
 0 488
 0 489
 0 490
 0 491
 0 492
 0 493
 0 494
 0 495
 0 496
 0 497
 0 498
 0 499
 0 500
 0 501
 0 502
 0 503
 0 504
 0 505
 0 506
 0 507
 0 508
 0 509
 0 510
 0 511
 0 512
 0 513
 0 514
 0 515
 0 516
 0 517
 0 518
 0 519
 0 520
 0 521
 0 522
 0 523
 0 524
 0 525
 0 526
 0 527
 0 528
 0 529
 0 530
 0 531
 0 532
 0 533
 0 534
 0 535
 0 536
 0 537
 0 538
 0 539
 0 540
 0 541
 0 542
 0 543
 0 544
 0 545
 0 546
 0 547
 0 548
 0 549
 0 550
 0 551
 0 552
 0 553
 0 554
 0 555
 0 556
 0 557
 0 558
 0 559
 0 560
 0 561
 0 562
 0 563
 0 564
 0 565
 0 566
 0 567
 0 568
 0 569
 0 570
 0 571
 0 572
 0 573
 0 574
 0 575
 0 576
 0 577
 0 578
 0 579
 0 580
 0 581
 0 582
 0 583
 0 584
 0 585
 0 586
 0 587
 0 588
 0 589
 0 590
 0 591
 0 592
 0 593
 0 594
 0 595
 0 596
 0 597
 0 598
 0 599
 0 600


