# Created by Octave 3.8.2, Sun Jun 21 04:51:53 2020 CEST <damian@fptrucha.inv.usc.es>
# name: hd
# type: matrix
# rows: 551
# columns: 2
 0 50
 0 51
 0 52
 0 53
 0 54
 0 55
 0 56
 0 57
 0 58
 0 59
 0 60
 0 61
 0 62
 0 63
 0 64
 0 65
 0 66
 0 67
 0 68
 0 69
 0 70
 0 71
 0 72
 0 73
 0 74
 0 75
 0 76
 0 77
 0 78
 0 79
 0 80
 0 81
 0 82
 0 83
 0 84
 0 85
 0 86
 0 87
 2 88
 0 89
 2 90
 29 91
 94 92
 112 93
 150 94
 283 95
 421 96
 620 97
 781 98
 919 99
 982 100
 1136 101
 1219 102
 1283 103
 1393 104
 1344 105
 1352 106
 1413 107
 1316 108
 1282 109
 1299 110
 1217 111
 1120 112
 1098 113
 1034 114
 1043 115
 971 116
 813 117
 758 118
 721 119
 703 120
 662 121
 584 122
 552 123
 522 124
 436 125
 429 126
 412 127
 361 128
 316 129
 292 130
 253 131
 262 132
 247 133
 212 134
 200 135
 173 136
 163 137
 149 138
 145 139
 145 140
 115 141
 103 142
 106 143
 88 144
 97 145
 77 146
 71 147
 93 148
 65 149
 62 150
 58 151
 45 152
 44 153
 40 154
 57 155
 43 156
 44 157
 37 158
 36 159
 33 160
 29 161
 34 162
 34 163
 18 164
 16 165
 30 166
 20 167
 15 168
 16 169
 17 170
 14 171
 13 172
 15 173
 15 174
 11 175
 12 176
 8 177
 8 178
 9 179
 4 180
 6 181
 5 182
 4 183
 7 184
 5 185
 5 186
 2 187
 9 188
 5 189
 1 190
 4 191
 2 192
 2 193
 3 194
 3 195
 2 196
 2 197
 3 198
 1 199
 0 200
 2 201
 1 202
 0 203
 3 204
 2 205
 0 206
 2 207
 1 208
 2 209
 1 210
 0 211
 0 212
 0 213
 0 214
 0 215
 0 216
 1 217
 1 218
 0 219
 1 220
 1 221
 0 222
 0 223
 0 224
 0 225
 2 226
 0 227
 1 228
 0 229
 1 230
 0 231
 0 232
 1 233
 1 234
 0 235
 0 236
 0 237
 0 238
 1 239
 0 240
 0 241
 0 242
 0 243
 0 244
 0 245
 0 246
 0 247
 0 248
 0 249
 0 250
 0 251
 0 252
 0 253
 0 254
 0 255
 0 256
 0 257
 0 258
 0 259
 0 260
 0 261
 0 262
 0 263
 0 264
 0 265
 0 266
 0 267
 0 268
 0 269
 0 270
 1 271
 1 272
 0 273
 0 274
 0 275
 0 276
 0 277
 0 278
 1 279
 0 280
 1 281
 1 282
 0 283
 0 284
 2 285
 0 286
 1 287
 0 288
 0 289
 0 290
 1 291
 1 292
 0 293
 0 294
 3 295
 1 296
 0 297
 1 298
 1 299
 0 300
 1 301
 1 302
 3 303
 0 304
 2 305
 0 306
 1 307
 4 308
 2 309
 3 310
 3 311
 2 312
 2 313
 3 314
 4 315
 1 316
 1 317
 2 318
 3 319
 1 320
 4 321
 1 322
 2 323
 3 324
 1 325
 3 326
 2 327
 6 328
 2 329
 3 330
 2 331
 1 332
 3 333
 4 334
 3 335
 0 336
 3 337
 1 338
 3 339
 3 340
 2 341
 4 342
 2 343
 3 344
 1 345
 0 346
 6 347
 1 348
 1 349
 4 350
 2 351
 0 352
 2 353
 1 354
 0 355
 0 356
 1 357
 1 358
 0 359
 3 360
 3 361
 0 362
 1 363
 0 364
 2 365
 1 366
 0 367
 1 368
 2 369
 1 370
 1 371
 1 372
 0 373
 0 374
 1 375
 0 376
 0 377
 0 378
 1 379
 2 380
 0 381
 0 382
 1 383
 0 384
 1 385
 0 386
 2 387
 2 388
 0 389
 0 390
 0 391
 0 392
 0 393
 0 394
 0 395
 1 396
 0 397
 0 398
 0 399
 0 400
 0 401
 0 402
 0 403
 0 404
 0 405
 0 406
 0 407
 0 408
 1 409
 0 410
 0 411
 0 412
 0 413
 0 414
 0 415
 0 416
 0 417
 0 418
 0 419
 0 420
 0 421
 0 422
 0 423
 0 424
 0 425
 0 426
 0 427
 0 428
 0 429
 0 430
 0 431
 0 432
 0 433
 0 434
 0 435
 0 436
 0 437
 0 438
 0 439
 0 440
 0 441
 0 442
 0 443
 0 444
 0 445
 0 446
 0 447
 0 448
 0 449
 0 450
 0 451
 0 452
 0 453
 0 454
 0 455
 0 456
 0 457
 0 458
 0 459
 0 460
 0 461
 0 462
 0 463
 0 464
 0 465
 0 466
 0 467
 0 468
 0 469
 0 470
 0 471
 0 472
 0 473
 0 474
 0 475
 0 476
 0 477
 0 478
 0 479
 0 480
 0 481
 0 482
 0 483
 0 484
 0 485
 0 486
 0 487
 0 488
 0 489
 0 490
 0 491
 0 492
 0 493
 0 494
 0 495
 0 496
 0 497
 0 498
 0 499
 0 500
 0 501
 0 502
 0 503
 0 504
 0 505
 0 506
 0 507
 0 508
 0 509
 0 510
 0 511
 0 512
 0 513
 0 514
 0 515
 0 516
 0 517
 0 518
 0 519
 0 520
 0 521
 0 522
 0 523
 0 524
 0 525
 0 526
 0 527
 0 528
 0 529
 0 530
 0 531
 0 532
 0 533
 0 534
 0 535
 0 536
 0 537
 0 538
 0 539
 0 540
 0 541
 0 542
 0 543
 0 544
 0 545
 0 546
 0 547
 0 548
 0 549
 0 550
 0 551
 0 552
 0 553
 0 554
 0 555
 0 556
 0 557
 0 558
 0 559
 0 560
 0 561
 0 562
 0 563
 0 564
 0 565
 0 566
 0 567
 0 568
 0 569
 0 570
 0 571
 0 572
 0 573
 0 574
 0 575
 0 576
 0 577
 0 578
 0 579
 0 580
 0 581
 0 582
 0 583
 0 584
 0 585
 0 586
 0 587
 0 588
 0 589
 0 590
 0 591
 0 592
 0 593
 0 594
 0 595
 0 596
 0 597
 0 598
 0 599
 0 600


