# Created by Octave 3.8.2, Sun Jun 21 01:50:31 2020 CEST <damian@fptrucha.inv.usc.es>
# name: hd
# type: matrix
# rows: 551
# columns: 2
 0 50
 0 51
 0 52
 0 53
 0 54
 0 55
 0 56
 0 57
 0 58
 0 59
 0 60
 0 61
 0 62
 0 63
 0 64
 0 65
 0 66
 0 67
 0 68
 0 69
 0 70
 0 71
 0 72
 0 73
 0 74
 0 75
 0 76
 0 77
 0 78
 0 79
 0 80
 0 81
 0 82
 0 83
 0 84
 0 85
 0 86
 1 87
 2 88
 4 89
 4 90
 31 91
 92 92
 107 93
 136 94
 216 95
 412 96
 502 97
 650 98
 796 99
 942 100
 1055 101
 1089 102
 1154 103
 1156 104
 1290 105
 1285 106
 1281 107
 1254 108
 1235 109
 1214 110
 1128 111
 1103 112
 1074 113
 1028 114
 967 115
 937 116
 878 117
 785 118
 763 119
 745 120
 614 121
 634 122
 577 123
 546 124
 492 125
 453 126
 388 127
 414 128
 355 129
 277 130
 294 131
 282 132
 233 133
 229 134
 203 135
 200 136
 186 137
 169 138
 151 139
 138 140
 127 141
 130 142
 117 143
 105 144
 109 145
 92 146
 94 147
 80 148
 88 149
 71 150
 62 151
 68 152
 49 153
 59 154
 65 155
 54 156
 49 157
 40 158
 29 159
 41 160
 34 161
 36 162
 25 163
 31 164
 28 165
 28 166
 25 167
 19 168
 24 169
 22 170
 22 171
 23 172
 9 173
 17 174
 12 175
 18 176
 12 177
 8 178
 12 179
 10 180
 14 181
 7 182
 15 183
 14 184
 9 185
 9 186
 4 187
 3 188
 6 189
 5 190
 4 191
 5 192
 6 193
 5 194
 3 195
 1 196
 3 197
 2 198
 3 199
 1 200
 2 201
 1 202
 3 203
 2 204
 1 205
 1 206
 1 207
 3 208
 0 209
 0 210
 1 211
 1 212
 1 213
 0 214
 1 215
 1 216
 0 217
 0 218
 1 219
 0 220
 0 221
 0 222
 0 223
 0 224
 0 225
 0 226
 0 227
 0 228
 0 229
 0 230
 0 231
 0 232
 0 233
 0 234
 0 235
 0 236
 0 237
 1 238
 0 239
 1 240
 0 241
 0 242
 0 243
 0 244
 0 245
 0 246
 0 247
 0 248
 0 249
 0 250
 0 251
 0 252
 0 253
 0 254
 0 255
 0 256
 0 257
 0 258
 0 259
 0 260
 0 261
 0 262
 0 263
 0 264
 0 265
 0 266
 0 267
 0 268
 0 269
 0 270
 0 271
 0 272
 0 273
 0 274
 0 275
 0 276
 0 277
 0 278
 0 279
 0 280
 0 281
 0 282
 0 283
 0 284
 0 285
 0 286
 1 287
 0 288
 0 289
 1 290
 1 291
 0 292
 1 293
 2 294
 1 295
 0 296
 0 297
 1 298
 1 299
 0 300
 0 301
 0 302
 1 303
 1 304
 6 305
 2 306
 2 307
 0 308
 3 309
 2 310
 2 311
 2 312
 1 313
 2 314
 4 315
 2 316
 2 317
 2 318
 2 319
 3 320
 3 321
 1 322
 3 323
 0 324
 2 325
 2 326
 1 327
 4 328
 2 329
 2 330
 4 331
 2 332
 2 333
 2 334
 2 335
 5 336
 2 337
 2 338
 1 339
 1 340
 1 341
 1 342
 0 343
 2 344
 1 345
 1 346
 4 347
 0 348
 3 349
 2 350
 2 351
 2 352
 6 353
 1 354
 2 355
 3 356
 1 357
 3 358
 2 359
 2 360
 1 361
 3 362
 1 363
 1 364
 0 365
 1 366
 1 367
 2 368
 2 369
 1 370
 2 371
 1 372
 2 373
 0 374
 0 375
 1 376
 0 377
 0 378
 1 379
 0 380
 1 381
 3 382
 1 383
 0 384
 1 385
 1 386
 0 387
 0 388
 1 389
 0 390
 0 391
 0 392
 0 393
 1 394
 0 395
 1 396
 0 397
 0 398
 0 399
 0 400
 1 401
 0 402
 1 403
 1 404
 0 405
 0 406
 0 407
 0 408
 1 409
 1 410
 0 411
 0 412
 0 413
 0 414
 0 415
 0 416
 0 417
 0 418
 0 419
 0 420
 0 421
 0 422
 0 423
 0 424
 0 425
 0 426
 0 427
 0 428
 0 429
 0 430
 0 431
 0 432
 0 433
 0 434
 0 435
 0 436
 0 437
 0 438
 0 439
 0 440
 0 441
 0 442
 0 443
 0 444
 0 445
 0 446
 0 447
 0 448
 0 449
 0 450
 0 451
 0 452
 0 453
 0 454
 0 455
 0 456
 0 457
 0 458
 0 459
 0 460
 0 461
 0 462
 0 463
 0 464
 0 465
 0 466
 0 467
 0 468
 0 469
 0 470
 0 471
 0 472
 0 473
 0 474
 0 475
 0 476
 0 477
 0 478
 0 479
 0 480
 0 481
 0 482
 0 483
 0 484
 0 485
 0 486
 0 487
 0 488
 0 489
 0 490
 0 491
 0 492
 0 493
 0 494
 0 495
 0 496
 0 497
 0 498
 0 499
 0 500
 0 501
 0 502
 0 503
 0 504
 0 505
 0 506
 0 507
 0 508
 0 509
 0 510
 0 511
 0 512
 0 513
 0 514
 0 515
 0 516
 0 517
 0 518
 0 519
 0 520
 0 521
 0 522
 0 523
 0 524
 0 525
 0 526
 0 527
 0 528
 0 529
 0 530
 0 531
 0 532
 0 533
 0 534
 0 535
 0 536
 0 537
 0 538
 0 539
 0 540
 0 541
 0 542
 0 543
 0 544
 0 545
 0 546
 0 547
 0 548
 0 549
 0 550
 0 551
 0 552
 0 553
 0 554
 0 555
 0 556
 0 557
 0 558
 0 559
 0 560
 0 561
 0 562
 0 563
 0 564
 0 565
 0 566
 0 567
 0 568
 0 569
 0 570
 0 571
 0 572
 0 573
 0 574
 0 575
 0 576
 0 577
 0 578
 0 579
 0 580
 0 581
 0 582
 0 583
 0 584
 0 585
 0 586
 0 587
 0 588
 0 589
 0 590
 0 591
 0 592
 0 593
 0 594
 0 595
 0 596
 0 597
 0 598
 0 599
 0 600


