# Created by Octave 3.8.2, Sun Jun 21 00:19:11 2020 CEST <damian@fptrucha.inv.usc.es>
# name: hd
# type: matrix
# rows: 551
# columns: 2
 0 50
 0 51
 0 52
 0 53
 0 54
 0 55
 0 56
 0 57
 0 58
 0 59
 0 60
 0 61
 0 62
 0 63
 0 64
 0 65
 0 66
 0 67
 0 68
 0 69
 0 70
 0 71
 0 72
 0 73
 0 74
 0 75
 0 76
 0 77
 0 78
 0 79
 0 80
 0 81
 0 82
 0 83
 0 84
 0 85
 0 86
 0 87
 2 88
 0 89
 2 90
 25 91
 91 92
 95 93
 149 94
 232 95
 379 96
 510 97
 700 98
 792 99
 865 100
 999 101
 1096 102
 1134 103
 1148 104
 1196 105
 1207 106
 1273 107
 1181 108
 1224 109
 1205 110
 1184 111
 1094 112
 1050 113
 1060 114
 976 115
 923 116
 878 117
 835 118
 766 119
 747 120
 621 121
 597 122
 552 123
 557 124
 484 125
 437 126
 418 127
 390 128
 304 129
 326 130
 268 131
 289 132
 236 133
 235 134
 218 135
 178 136
 161 137
 154 138
 160 139
 157 140
 138 141
 129 142
 115 143
 115 144
 107 145
 82 146
 82 147
 75 148
 75 149
 94 150
 56 151
 59 152
 56 153
 55 154
 68 155
 54 156
 47 157
 54 158
 28 159
 42 160
 40 161
 31 162
 40 163
 26 164
 31 165
 29 166
 27 167
 22 168
 18 169
 21 170
 11 171
 14 172
 18 173
 14 174
 11 175
 15 176
 12 177
 11 178
 8 179
 14 180
 7 181
 12 182
 6 183
 6 184
 9 185
 4 186
 8 187
 5 188
 2 189
 3 190
 5 191
 3 192
 1 193
 3 194
 4 195
 0 196
 1 197
 2 198
 2 199
 5 200
 2 201
 4 202
 3 203
 0 204
 3 205
 1 206
 3 207
 1 208
 1 209
 0 210
 1 211
 0 212
 0 213
 0 214
 0 215
 0 216
 0 217
 0 218
 1 219
 1 220
 0 221
 0 222
 0 223
 0 224
 1 225
 0 226
 1 227
 0 228
 0 229
 0 230
 1 231
 0 232
 0 233
 0 234
 0 235
 0 236
 0 237
 0 238
 0 239
 0 240
 0 241
 0 242
 1 243
 0 244
 0 245
 0 246
 0 247
 0 248
 0 249
 0 250
 0 251
 0 252
 0 253
 0 254
 0 255
 0 256
 0 257
 0 258
 0 259
 0 260
 0 261
 0 262
 0 263
 0 264
 0 265
 0 266
 0 267
 0 268
 0 269
 0 270
 0 271
 0 272
 0 273
 0 274
 0 275
 0 276
 0 277
 0 278
 0 279
 0 280
 0 281
 0 282
 2 283
 0 284
 0 285
 0 286
 0 287
 1 288
 0 289
 2 290
 1 291
 1 292
 2 293
 0 294
 0 295
 0 296
 0 297
 3 298
 1 299
 1 300
 1 301
 2 302
 3 303
 1 304
 2 305
 1 306
 2 307
 1 308
 2 309
 4 310
 2 311
 2 312
 1 313
 5 314
 3 315
 3 316
 4 317
 3 318
 1 319
 3 320
 6 321
 1 322
 1 323
 2 324
 4 325
 1 326
 3 327
 2 328
 2 329
 2 330
 2 331
 1 332
 3 333
 3 334
 1 335
 3 336
 3 337
 1 338
 2 339
 4 340
 3 341
 0 342
 1 343
 1 344
 2 345
 1 346
 1 347
 3 348
 2 349
 4 350
 4 351
 0 352
 3 353
 0 354
 3 355
 0 356
 1 357
 3 358
 1 359
 1 360
 1 361
 2 362
 2 363
 0 364
 2 365
 0 366
 1 367
 1 368
 2 369
 1 370
 1 371
 0 372
 0 373
 1 374
 0 375
 2 376
 1 377
 1 378
 0 379
 0 380
 1 381
 1 382
 0 383
 0 384
 1 385
 0 386
 0 387
 0 388
 0 389
 1 390
 0 391
 1 392
 0 393
 0 394
 0 395
 0 396
 0 397
 0 398
 0 399
 0 400
 1 401
 0 402
 0 403
 0 404
 0 405
 1 406
 0 407
 0 408
 0 409
 0 410
 0 411
 0 412
 0 413
 0 414
 0 415
 0 416
 0 417
 0 418
 0 419
 0 420
 0 421
 0 422
 0 423
 0 424
 0 425
 0 426
 0 427
 0 428
 0 429
 0 430
 0 431
 0 432
 0 433
 0 434
 0 435
 0 436
 0 437
 0 438
 0 439
 0 440
 0 441
 0 442
 0 443
 0 444
 0 445
 0 446
 0 447
 0 448
 0 449
 0 450
 0 451
 0 452
 0 453
 0 454
 0 455
 0 456
 0 457
 0 458
 0 459
 0 460
 0 461
 0 462
 0 463
 0 464
 0 465
 0 466
 0 467
 0 468
 0 469
 0 470
 0 471
 0 472
 0 473
 0 474
 0 475
 0 476
 0 477
 0 478
 0 479
 0 480
 0 481
 0 482
 0 483
 0 484
 0 485
 0 486
 0 487
 0 488
 0 489
 0 490
 0 491
 0 492
 0 493
 0 494
 0 495
 0 496
 0 497
 0 498
 0 499
 0 500
 0 501
 0 502
 0 503
 0 504
 0 505
 0 506
 0 507
 0 508
 0 509
 0 510
 0 511
 0 512
 0 513
 0 514
 0 515
 0 516
 0 517
 0 518
 0 519
 0 520
 0 521
 0 522
 0 523
 0 524
 0 525
 0 526
 0 527
 0 528
 0 529
 0 530
 0 531
 0 532
 0 533
 0 534
 0 535
 0 536
 0 537
 0 538
 0 539
 0 540
 0 541
 0 542
 0 543
 0 544
 0 545
 0 546
 0 547
 0 548
 0 549
 0 550
 0 551
 0 552
 0 553
 0 554
 0 555
 0 556
 0 557
 0 558
 0 559
 0 560
 0 561
 0 562
 0 563
 0 564
 0 565
 0 566
 0 567
 0 568
 0 569
 0 570
 0 571
 0 572
 0 573
 0 574
 0 575
 0 576
 0 577
 0 578
 0 579
 0 580
 0 581
 0 582
 0 583
 0 584
 0 585
 0 586
 0 587
 0 588
 0 589
 0 590
 0 591
 0 592
 0 593
 0 594
 0 595
 0 596
 0 597
 0 598
 0 599
 0 600


