# Created by Octave 3.8.2, Sat Jun 20 17:22:57 2020 CEST <damian@fptrucha.inv.usc.es>
# name: hd
# type: matrix
# rows: 551
# columns: 2
 0 50
 0 51
 0 52
 0 53
 0 54
 0 55
 0 56
 0 57
 0 58
 0 59
 0 60
 0 61
 0 62
 0 63
 0 64
 0 65
 0 66
 0 67
 0 68
 0 69
 0 70
 0 71
 0 72
 0 73
 0 74
 0 75
 0 76
 0 77
 0 78
 0 79
 0 80
 0 81
 0 82
 0 83
 0 84
 0 85
 0 86
 1 87
 4 88
 2 89
 5 90
 39 91
 86 92
 115 93
 166 94
 272 95
 385 96
 546 97
 682 98
 866 99
 1000 100
 1084 101
 1103 102
 1215 103
 1191 104
 1281 105
 1302 106
 1288 107
 1354 108
 1254 109
 1266 110
 1158 111
 1115 112
 1103 113
 990 114
 1022 115
 974 116
 921 117
 838 118
 795 119
 740 120
 669 121
 686 122
 594 123
 530 124
 500 125
 437 126
 434 127
 399 128
 363 129
 339 130
 304 131
 269 132
 258 133
 222 134
 195 135
 208 136
 173 137
 183 138
 148 139
 128 140
 133 141
 106 142
 114 143
 108 144
 100 145
 98 146
 93 147
 83 148
 79 149
 85 150
 56 151
 62 152
 67 153
 58 154
 56 155
 51 156
 51 157
 56 158
 41 159
 45 160
 41 161
 45 162
 25 163
 29 164
 35 165
 25 166
 34 167
 25 168
 23 169
 17 170
 17 171
 18 172
 13 173
 14 174
 19 175
 8 176
 8 177
 12 178
 7 179
 9 180
 9 181
 8 182
 8 183
 6 184
 10 185
 12 186
 6 187
 8 188
 5 189
 5 190
 6 191
 9 192
 3 193
 4 194
 4 195
 10 196
 2 197
 2 198
 2 199
 3 200
 1 201
 2 202
 2 203
 2 204
 1 205
 1 206
 0 207
 1 208
 0 209
 0 210
 1 211
 0 212
 2 213
 0 214
 1 215
 0 216
 0 217
 0 218
 0 219
 0 220
 0 221
 0 222
 1 223
 0 224
 0 225
 1 226
 0 227
 0 228
 0 229
 0 230
 0 231
 1 232
 0 233
 0 234
 0 235
 0 236
 0 237
 0 238
 0 239
 0 240
 0 241
 0 242
 0 243
 0 244
 0 245
 0 246
 0 247
 0 248
 0 249
 0 250
 0 251
 0 252
 0 253
 0 254
 0 255
 0 256
 0 257
 0 258
 0 259
 0 260
 0 261
 0 262
 0 263
 0 264
 0 265
 0 266
 0 267
 0 268
 0 269
 0 270
 0 271
 0 272
 0 273
 0 274
 0 275
 0 276
 0 277
 0 278
 1 279
 0 280
 0 281
 0 282
 1 283
 0 284
 1 285
 1 286
 0 287
 0 288
 1 289
 1 290
 0 291
 2 292
 0 293
 0 294
 0 295
 3 296
 1 297
 1 298
 1 299
 1 300
 1 301
 1 302
 2 303
 1 304
 1 305
 4 306
 0 307
 1 308
 0 309
 3 310
 2 311
 7 312
 1 313
 2 314
 3 315
 2 316
 1 317
 2 318
 1 319
 1 320
 2 321
 2 322
 2 323
 3 324
 3 325
 1 326
 3 327
 2 328
 2 329
 5 330
 3 331
 0 332
 3 333
 1 334
 0 335
 2 336
 0 337
 2 338
 2 339
 7 340
 1 341
 2 342
 0 343
 2 344
 2 345
 2 346
 0 347
 2 348
 4 349
 3 350
 5 351
 3 352
 2 353
 4 354
 2 355
 1 356
 5 357
 1 358
 1 359
 2 360
 2 361
 0 362
 3 363
 1 364
 3 365
 1 366
 0 367
 1 368
 1 369
 0 370
 1 371
 0 372
 1 373
 1 374
 1 375
 1 376
 1 377
 2 378
 1 379
 1 380
 0 381
 0 382
 1 383
 3 384
 0 385
 0 386
 0 387
 0 388
 1 389
 1 390
 1 391
 0 392
 0 393
 0 394
 2 395
 0 396
 1 397
 0 398
 1 399
 1 400
 0 401
 1 402
 1 403
 1 404
 1 405
 0 406
 0 407
 0 408
 1 409
 0 410
 0 411
 0 412
 0 413
 0 414
 1 415
 0 416
 0 417
 0 418
 1 419
 0 420
 0 421
 0 422
 0 423
 0 424
 0 425
 0 426
 0 427
 0 428
 0 429
 0 430
 0 431
 0 432
 0 433
 0 434
 0 435
 0 436
 0 437
 0 438
 0 439
 0 440
 0 441
 0 442
 0 443
 0 444
 0 445
 0 446
 0 447
 0 448
 0 449
 0 450
 0 451
 0 452
 0 453
 0 454
 0 455
 0 456
 0 457
 0 458
 0 459
 0 460
 0 461
 0 462
 0 463
 0 464
 0 465
 0 466
 0 467
 0 468
 0 469
 0 470
 0 471
 0 472
 0 473
 0 474
 0 475
 0 476
 0 477
 0 478
 0 479
 0 480
 0 481
 0 482
 0 483
 0 484
 0 485
 0 486
 0 487
 0 488
 0 489
 0 490
 0 491
 0 492
 0 493
 0 494
 0 495
 0 496
 0 497
 0 498
 0 499
 0 500
 0 501
 0 502
 0 503
 0 504
 0 505
 0 506
 0 507
 0 508
 0 509
 0 510
 0 511
 0 512
 0 513
 0 514
 0 515
 0 516
 0 517
 0 518
 0 519
 0 520
 0 521
 0 522
 0 523
 0 524
 0 525
 0 526
 0 527
 0 528
 0 529
 0 530
 0 531
 0 532
 0 533
 0 534
 0 535
 0 536
 0 537
 0 538
 0 539
 0 540
 0 541
 0 542
 0 543
 0 544
 0 545
 0 546
 0 547
 0 548
 0 549
 0 550
 0 551
 0 552
 0 553
 0 554
 0 555
 0 556
 0 557
 0 558
 0 559
 0 560
 0 561
 0 562
 0 563
 0 564
 0 565
 0 566
 0 567
 0 568
 0 569
 0 570
 0 571
 0 572
 0 573
 0 574
 0 575
 0 576
 0 577
 0 578
 0 579
 0 580
 0 581
 0 582
 0 583
 0 584
 0 585
 0 586
 0 587
 0 588
 0 589
 0 590
 0 591
 0 592
 0 593
 0 594
 0 595
 0 596
 0 597
 0 598
 0 599
 0 600


