# Created by Octave 3.8.2, Sat Jun 20 11:35:02 2020 CEST <damian@fptrucha.inv.usc.es>
# name: hd
# type: matrix
# rows: 551
# columns: 2
 0 50
 0 51
 0 52
 0 53
 0 54
 0 55
 0 56
 0 57
 0 58
 0 59
 0 60
 0 61
 0 62
 0 63
 0 64
 0 65
 0 66
 0 67
 0 68
 0 69
 0 70
 0 71
 0 72
 0 73
 0 74
 0 75
 0 76
 0 77
 0 78
 0 79
 0 80
 0 81
 0 82
 0 83
 0 84
 0 85
 0 86
 0 87
 3 88
 4 89
 4 90
 27 91
 105 92
 131 93
 198 94
 277 95
 468 96
 651 97
 819 98
 981 99
 1141 100
 1368 101
 1285 102
 1383 103
 1438 104
 1482 105
 1458 106
 1539 107
 1499 108
 1424 109
 1421 110
 1348 111
 1261 112
 1231 113
 1163 114
 1098 115
 1047 116
 935 117
 825 118
 783 119
 779 120
 672 121
 664 122
 561 123
 529 124
 485 125
 426 126
 416 127
 392 128
 355 129
 318 130
 279 131
 259 132
 248 133
 231 134
 228 135
 204 136
 180 137
 155 138
 165 139
 125 140
 112 141
 116 142
 136 143
 114 144
 102 145
 90 146
 83 147
 107 148
 81 149
 75 150
 71 151
 66 152
 58 153
 54 154
 68 155
 59 156
 46 157
 56 158
 47 159
 34 160
 33 161
 32 162
 25 163
 19 164
 31 165
 21 166
 23 167
 19 168
 18 169
 18 170
 9 171
 16 172
 18 173
 9 174
 8 175
 11 176
 15 177
 14 178
 5 179
 14 180
 6 181
 10 182
 6 183
 9 184
 8 185
 8 186
 4 187
 2 188
 3 189
 6 190
 4 191
 3 192
 4 193
 3 194
 4 195
 3 196
 2 197
 0 198
 3 199
 1 200
 1 201
 3 202
 1 203
 0 204
 0 205
 1 206
 1 207
 0 208
 1 209
 0 210
 1 211
 2 212
 1 213
 0 214
 0 215
 0 216
 0 217
 0 218
 1 219
 1 220
 0 221
 0 222
 0 223
 1 224
 0 225
 0 226
 0 227
 0 228
 1 229
 0 230
 0 231
 0 232
 0 233
 0 234
 0 235
 0 236
 0 237
 0 238
 0 239
 0 240
 0 241
 0 242
 0 243
 0 244
 0 245
 0 246
 0 247
 1 248
 0 249
 0 250
 0 251
 0 252
 0 253
 0 254
 0 255
 0 256
 0 257
 0 258
 0 259
 0 260
 0 261
 0 262
 0 263
 0 264
 0 265
 0 266
 1 267
 0 268
 0 269
 0 270
 0 271
 0 272
 0 273
 0 274
 0 275
 0 276
 0 277
 0 278
 0 279
 1 280
 0 281
 1 282
 0 283
 0 284
 0 285
 0 286
 0 287
 0 288
 1 289
 0 290
 1 291
 0 292
 0 293
 1 294
 0 295
 0 296
 1 297
 3 298
 0 299
 1 300
 2 301
 2 302
 2 303
 1 304
 3 305
 2 306
 1 307
 1 308
 4 309
 2 310
 4 311
 0 312
 1 313
 3 314
 3 315
 0 316
 3 317
 3 318
 4 319
 2 320
 6 321
 1 322
 0 323
 1 324
 3 325
 0 326
 0 327
 3 328
 2 329
 2 330
 4 331
 2 332
 0 333
 0 334
 3 335
 6 336
 0 337
 4 338
 1 339
 4 340
 4 341
 1 342
 0 343
 1 344
 1 345
 4 346
 5 347
 3 348
 1 349
 2 350
 6 351
 2 352
 1 353
 1 354
 0 355
 3 356
 1 357
 1 358
 1 359
 0 360
 0 361
 1 362
 3 363
 3 364
 2 365
 0 366
 2 367
 1 368
 1 369
 1 370
 1 371
 1 372
 0 373
 3 374
 1 375
 0 376
 0 377
 1 378
 1 379
 1 380
 2 381
 2 382
 2 383
 0 384
 0 385
 0 386
 1 387
 0 388
 1 389
 1 390
 2 391
 2 392
 0 393
 1 394
 1 395
 2 396
 0 397
 0 398
 0 399
 1 400
 0 401
 0 402
 0 403
 0 404
 0 405
 0 406
 0 407
 0 408
 0 409
 0 410
 0 411
 0 412
 0 413
 0 414
 0 415
 0 416
 0 417
 0 418
 0 419
 0 420
 0 421
 0 422
 0 423
 0 424
 0 425
 1 426
 0 427
 0 428
 0 429
 0 430
 0 431
 0 432
 0 433
 0 434
 0 435
 0 436
 0 437
 0 438
 0 439
 0 440
 0 441
 0 442
 0 443
 0 444
 0 445
 0 446
 0 447
 0 448
 0 449
 0 450
 0 451
 0 452
 0 453
 0 454
 0 455
 0 456
 0 457
 0 458
 0 459
 0 460
 0 461
 0 462
 0 463
 0 464
 0 465
 0 466
 0 467
 0 468
 0 469
 0 470
 0 471
 0 472
 0 473
 0 474
 0 475
 0 476
 0 477
 0 478
 0 479
 0 480
 0 481
 0 482
 0 483
 0 484
 0 485
 0 486
 0 487
 0 488
 0 489
 0 490
 0 491
 0 492
 0 493
 0 494
 0 495
 0 496
 0 497
 0 498
 0 499
 0 500
 0 501
 0 502
 0 503
 0 504
 0 505
 0 506
 0 507
 0 508
 0 509
 0 510
 0 511
 0 512
 0 513
 0 514
 0 515
 0 516
 0 517
 0 518
 0 519
 0 520
 0 521
 0 522
 0 523
 0 524
 0 525
 0 526
 0 527
 0 528
 0 529
 0 530
 0 531
 0 532
 0 533
 0 534
 0 535
 0 536
 0 537
 0 538
 0 539
 0 540
 0 541
 0 542
 0 543
 0 544
 0 545
 0 546
 0 547
 0 548
 0 549
 0 550
 0 551
 0 552
 0 553
 0 554
 0 555
 0 556
 0 557
 0 558
 0 559
 0 560
 0 561
 0 562
 0 563
 0 564
 0 565
 0 566
 0 567
 0 568
 0 569
 0 570
 0 571
 0 572
 0 573
 0 574
 0 575
 0 576
 0 577
 0 578
 0 579
 0 580
 0 581
 0 582
 0 583
 0 584
 0 585
 0 586
 0 587
 0 588
 0 589
 0 590
 0 591
 0 592
 0 593
 0 594
 0 595
 0 596
 0 597
 0 598
 0 599
 0 600


