# Created by Octave 3.8.2, Sat Jun 20 10:11:56 2020 CEST <damian@fptrucha.inv.usc.es>
# name: hd
# type: matrix
# rows: 551
# columns: 2
 0 50
 0 51
 0 52
 0 53
 0 54
 0 55
 0 56
 0 57
 0 58
 0 59
 0 60
 0 61
 0 62
 0 63
 0 64
 0 65
 0 66
 0 67
 0 68
 0 69
 0 70
 0 71
 0 72
 0 73
 0 74
 0 75
 0 76
 0 77
 0 78
 0 79
 0 80
 0 81
 0 82
 0 83
 0 84
 0 85
 0 86
 0 87
 2 88
 3 89
 9 90
 38 91
 113 92
 149 93
 179 94
 316 95
 507 96
 712 97
 904 98
 1100 99
 1225 100
 1296 101
 1423 102
 1495 103
 1547 104
 1564 105
 1544 106
 1559 107
 1506 108
 1507 109
 1448 110
 1349 111
 1337 112
 1174 113
 1156 114
 1086 115
 996 116
 933 117
 846 118
 795 119
 777 120
 697 121
 620 122
 597 123
 503 124
 458 125
 467 126
 433 127
 372 128
 350 129
 347 130
 282 131
 271 132
 230 133
 202 134
 202 135
 204 136
 172 137
 153 138
 149 139
 122 140
 115 141
 119 142
 108 143
 100 144
 88 145
 99 146
 96 147
 92 148
 64 149
 70 150
 65 151
 48 152
 56 153
 62 154
 45 155
 52 156
 49 157
 48 158
 40 159
 24 160
 36 161
 27 162
 32 163
 23 164
 19 165
 24 166
 16 167
 24 168
 20 169
 20 170
 21 171
 14 172
 16 173
 15 174
 13 175
 4 176
 11 177
 9 178
 15 179
 7 180
 6 181
 7 182
 8 183
 6 184
 8 185
 5 186
 6 187
 0 188
 4 189
 9 190
 5 191
 5 192
 3 193
 5 194
 6 195
 2 196
 0 197
 3 198
 3 199
 1 200
 1 201
 1 202
 0 203
 2 204
 0 205
 1 206
 1 207
 0 208
 0 209
 0 210
 1 211
 1 212
 1 213
 0 214
 0 215
 0 216
 0 217
 0 218
 1 219
 1 220
 1 221
 0 222
 0 223
 0 224
 0 225
 1 226
 0 227
 2 228
 0 229
 0 230
 0 231
 2 232
 0 233
 0 234
 0 235
 0 236
 0 237
 0 238
 0 239
 0 240
 0 241
 0 242
 0 243
 0 244
 0 245
 0 246
 0 247
 0 248
 0 249
 0 250
 0 251
 0 252
 0 253
 0 254
 0 255
 0 256
 0 257
 0 258
 0 259
 0 260
 0 261
 0 262
 0 263
 0 264
 0 265
 0 266
 1 267
 0 268
 0 269
 0 270
 0 271
 0 272
 0 273
 0 274
 0 275
 0 276
 0 277
 0 278
 1 279
 0 280
 0 281
 0 282
 0 283
 0 284
 1 285
 0 286
 0 287
 1 288
 0 289
 1 290
 1 291
 0 292
 0 293
 0 294
 0 295
 0 296
 0 297
 0 298
 3 299
 1 300
 0 301
 1 302
 0 303
 3 304
 0 305
 1 306
 1 307
 3 308
 0 309
 5 310
 1 311
 1 312
 1 313
 3 314
 3 315
 0 316
 3 317
 5 318
 0 319
 2 320
 5 321
 1 322
 4 323
 2 324
 3 325
 3 326
 1 327
 3 328
 2 329
 3 330
 2 331
 3 332
 1 333
 1 334
 3 335
 3 336
 2 337
 1 338
 3 339
 4 340
 0 341
 2 342
 3 343
 2 344
 2 345
 0 346
 1 347
 3 348
 3 349
 1 350
 1 351
 1 352
 2 353
 6 354
 0 355
 1 356
 0 357
 0 358
 3 359
 0 360
 2 361
 0 362
 0 363
 0 364
 1 365
 3 366
 0 367
 1 368
 1 369
 0 370
 0 371
 1 372
 0 373
 0 374
 0 375
 0 376
 2 377
 1 378
 0 379
 0 380
 1 381
 1 382
 1 383
 0 384
 0 385
 0 386
 1 387
 0 388
 1 389
 0 390
 0 391
 0 392
 0 393
 0 394
 0 395
 1 396
 0 397
 0 398
 0 399
 1 400
 0 401
 0 402
 1 403
 0 404
 0 405
 0 406
 0 407
 0 408
 0 409
 1 410
 0 411
 1 412
 0 413
 1 414
 0 415
 0 416
 0 417
 0 418
 1 419
 0 420
 0 421
 0 422
 0 423
 0 424
 0 425
 0 426
 0 427
 0 428
 0 429
 1 430
 0 431
 0 432
 0 433
 0 434
 0 435
 0 436
 0 437
 1 438
 0 439
 0 440
 0 441
 0 442
 0 443
 0 444
 0 445
 0 446
 0 447
 0 448
 0 449
 0 450
 0 451
 0 452
 0 453
 0 454
 0 455
 0 456
 0 457
 0 458
 0 459
 0 460
 0 461
 0 462
 0 463
 0 464
 0 465
 0 466
 0 467
 0 468
 0 469
 0 470
 0 471
 0 472
 0 473
 1 474
 0 475
 0 476
 0 477
 0 478
 0 479
 0 480
 0 481
 0 482
 0 483
 0 484
 0 485
 0 486
 0 487
 0 488
 0 489
 0 490
 0 491
 0 492
 0 493
 0 494
 0 495
 0 496
 0 497
 0 498
 0 499
 0 500
 0 501
 0 502
 0 503
 0 504
 0 505
 0 506
 0 507
 0 508
 0 509
 0 510
 0 511
 0 512
 0 513
 0 514
 0 515
 0 516
 0 517
 0 518
 0 519
 0 520
 0 521
 0 522
 0 523
 0 524
 0 525
 0 526
 0 527
 0 528
 0 529
 0 530
 0 531
 0 532
 0 533
 0 534
 0 535
 0 536
 0 537
 0 538
 0 539
 0 540
 0 541
 0 542
 0 543
 0 544
 0 545
 0 546
 0 547
 0 548
 0 549
 0 550
 0 551
 0 552
 0 553
 0 554
 0 555
 0 556
 0 557
 0 558
 0 559
 0 560
 0 561
 0 562
 0 563
 0 564
 0 565
 0 566
 0 567
 0 568
 0 569
 0 570
 0 571
 0 572
 0 573
 0 574
 0 575
 0 576
 0 577
 0 578
 0 579
 0 580
 0 581
 0 582
 0 583
 0 584
 0 585
 0 586
 0 587
 0 588
 0 589
 0 590
 0 591
 0 592
 0 593
 0 594
 0 595
 0 596
 0 597
 0 598
 0 599
 0 600


