# Created by Octave 3.8.2, Sat Jun 20 19:09:24 2020 CEST <damian@fptrucha.inv.usc.es>
# name: hd
# type: matrix
# rows: 551
# columns: 2
 0 50
 0 51
 0 52
 0 53
 0 54
 0 55
 0 56
 0 57
 0 58
 0 59
 0 60
 0 61
 0 62
 0 63
 0 64
 0 65
 0 66
 0 67
 0 68
 0 69
 0 70
 0 71
 0 72
 0 73
 0 74
 0 75
 0 76
 0 77
 0 78
 0 79
 0 80
 0 81
 0 82
 0 83
 0 84
 0 85
 0 86
 0 87
 3 88
 1 89
 4 90
 19 91
 83 92
 114 93
 157 94
 278 95
 406 96
 568 97
 770 98
 822 99
 1015 100
 1091 101
 1185 102
 1222 103
 1211 104
 1273 105
 1301 106
 1371 107
 1296 108
 1239 109
 1203 110
 1247 111
 1165 112
 1127 113
 1046 114
 1021 115
 923 116
 847 117
 803 118
 773 119
 745 120
 710 121
 609 122
 554 123
 493 124
 457 125
 466 126
 380 127
 355 128
 344 129
 315 130
 302 131
 264 132
 218 133
 222 134
 216 135
 199 136
 171 137
 154 138
 179 139
 132 140
 136 141
 124 142
 109 143
 121 144
 92 145
 103 146
 81 147
 78 148
 71 149
 81 150
 86 151
 62 152
 67 153
 64 154
 54 155
 42 156
 53 157
 46 158
 33 159
 27 160
 34 161
 33 162
 20 163
 37 164
 33 165
 37 166
 28 167
 19 168
 25 169
 20 170
 20 171
 23 172
 16 173
 9 174
 18 175
 7 176
 16 177
 15 178
 13 179
 7 180
 7 181
 6 182
 9 183
 9 184
 10 185
 5 186
 3 187
 4 188
 5 189
 4 190
 4 191
 7 192
 2 193
 6 194
 2 195
 3 196
 1 197
 3 198
 1 199
 3 200
 2 201
 2 202
 2 203
 1 204
 1 205
 3 206
 0 207
 2 208
 1 209
 1 210
 0 211
 2 212
 1 213
 1 214
 0 215
 0 216
 1 217
 1 218
 2 219
 1 220
 0 221
 0 222
 0 223
 0 224
 1 225
 0 226
 1 227
 0 228
 0 229
 0 230
 0 231
 0 232
 0 233
 0 234
 0 235
 0 236
 0 237
 0 238
 0 239
 0 240
 0 241
 0 242
 0 243
 0 244
 0 245
 0 246
 0 247
 0 248
 0 249
 0 250
 0 251
 0 252
 0 253
 0 254
 0 255
 0 256
 0 257
 0 258
 0 259
 0 260
 0 261
 0 262
 0 263
 0 264
 0 265
 0 266
 0 267
 0 268
 0 269
 0 270
 0 271
 0 272
 0 273
 0 274
 0 275
 0 276
 0 277
 0 278
 1 279
 0 280
 0 281
 1 282
 0 283
 0 284
 0 285
 0 286
 0 287
 1 288
 0 289
 1 290
 0 291
 0 292
 0 293
 0 294
 0 295
 0 296
 2 297
 1 298
 2 299
 1 300
 1 301
 1 302
 4 303
 3 304
 3 305
 2 306
 3 307
 2 308
 3 309
 4 310
 0 311
 1 312
 0 313
 3 314
 0 315
 3 316
 0 317
 2 318
 4 319
 1 320
 1 321
 3 322
 5 323
 0 324
 1 325
 1 326
 2 327
 5 328
 1 329
 1 330
 1 331
 1 332
 0 333
 0 334
 5 335
 5 336
 3 337
 1 338
 1 339
 2 340
 2 341
 2 342
 1 343
 3 344
 2 345
 4 346
 1 347
 3 348
 0 349
 1 350
 7 351
 2 352
 1 353
 2 354
 1 355
 2 356
 2 357
 0 358
 2 359
 1 360
 2 361
 0 362
 1 363
 2 364
 1 365
 2 366
 0 367
 1 368
 2 369
 2 370
 4 371
 0 372
 0 373
 1 374
 1 375
 0 376
 0 377
 4 378
 2 379
 0 380
 1 381
 2 382
 1 383
 0 384
 0 385
 1 386
 1 387
 1 388
 0 389
 0 390
 1 391
 0 392
 0 393
 0 394
 0 395
 0 396
 0 397
 0 398
 0 399
 0 400
 0 401
 0 402
 0 403
 1 404
 0 405
 0 406
 0 407
 1 408
 0 409
 0 410
 0 411
 0 412
 0 413
 0 414
 0 415
 0 416
 1 417
 0 418
 0 419
 0 420
 0 421
 2 422
 0 423
 0 424
 0 425
 0 426
 1 427
 0 428
 0 429
 0 430
 0 431
 0 432
 0 433
 0 434
 0 435
 0 436
 1 437
 0 438
 0 439
 0 440
 0 441
 0 442
 0 443
 0 444
 0 445
 0 446
 0 447
 0 448
 0 449
 0 450
 0 451
 0 452
 0 453
 0 454
 0 455
 0 456
 0 457
 0 458
 0 459
 0 460
 0 461
 0 462
 0 463
 0 464
 0 465
 0 466
 0 467
 0 468
 0 469
 0 470
 0 471
 0 472
 0 473
 0 474
 0 475
 0 476
 0 477
 0 478
 0 479
 0 480
 0 481
 0 482
 0 483
 0 484
 0 485
 0 486
 0 487
 0 488
 0 489
 0 490
 0 491
 0 492
 0 493
 0 494
 0 495
 0 496
 0 497
 0 498
 0 499
 0 500
 0 501
 0 502
 0 503
 0 504
 0 505
 0 506
 0 507
 0 508
 0 509
 0 510
 0 511
 0 512
 0 513
 0 514
 0 515
 0 516
 0 517
 0 518
 0 519
 0 520
 0 521
 0 522
 0 523
 0 524
 0 525
 0 526
 0 527
 0 528
 0 529
 0 530
 0 531
 0 532
 0 533
 0 534
 0 535
 0 536
 0 537
 0 538
 0 539
 0 540
 0 541
 0 542
 0 543
 0 544
 0 545
 0 546
 0 547
 0 548
 0 549
 0 550
 0 551
 0 552
 0 553
 0 554
 0 555
 0 556
 0 557
 0 558
 0 559
 0 560
 0 561
 0 562
 0 563
 0 564
 0 565
 0 566
 0 567
 0 568
 0 569
 0 570
 0 571
 0 572
 0 573
 0 574
 0 575
 0 576
 0 577
 0 578
 0 579
 0 580
 0 581
 0 582
 0 583
 0 584
 0 585
 0 586
 0 587
 0 588
 0 589
 0 590
 0 591
 0 592
 0 593
 0 594
 0 595
 0 596
 0 597
 0 598
 0 599
 0 600


