# Created by Octave 3.8.2, Sat Jun 20 15:51:19 2020 CEST <damian@fptrucha.inv.usc.es>
# name: hd
# type: matrix
# rows: 551
# columns: 2
 0 50
 0 51
 0 52
 0 53
 0 54
 0 55
 0 56
 0 57
 0 58
 0 59
 0 60
 0 61
 0 62
 0 63
 0 64
 0 65
 0 66
 0 67
 0 68
 0 69
 0 70
 0 71
 0 72
 0 73
 0 74
 0 75
 0 76
 0 77
 0 78
 0 79
 0 80
 0 81
 0 82
 0 83
 0 84
 0 85
 0 86
 0 87
 2 88
 3 89
 1 90
 27 91
 99 92
 131 93
 158 94
 261 95
 383 96
 621 97
 762 98
 853 99
 1044 100
 1181 101
 1214 102
 1299 103
 1277 104
 1369 105
 1412 106
 1393 107
 1345 108
 1362 109
 1366 110
 1233 111
 1171 112
 1144 113
 1105 114
 1030 115
 985 116
 863 117
 857 118
 790 119
 751 120
 663 121
 581 122
 567 123
 534 124
 514 125
 443 126
 400 127
 367 128
 345 129
 344 130
 275 131
 287 132
 250 133
 213 134
 199 135
 183 136
 183 137
 164 138
 142 139
 150 140
 121 141
 126 142
 103 143
 90 144
 105 145
 97 146
 92 147
 93 148
 73 149
 59 150
 67 151
 51 152
 68 153
 61 154
 49 155
 39 156
 43 157
 52 158
 36 159
 40 160
 34 161
 30 162
 29 163
 26 164
 25 165
 27 166
 20 167
 13 168
 18 169
 26 170
 14 171
 14 172
 19 173
 15 174
 17 175
 15 176
 10 177
 10 178
 12 179
 11 180
 5 181
 6 182
 10 183
 10 184
 5 185
 8 186
 9 187
 7 188
 10 189
 6 190
 2 191
 3 192
 6 193
 3 194
 1 195
 4 196
 6 197
 4 198
 1 199
 5 200
 2 201
 2 202
 2 203
 0 204
 2 205
 0 206
 0 207
 0 208
 0 209
 0 210
 0 211
 1 212
 0 213
 0 214
 2 215
 0 216
 0 217
 0 218
 1 219
 1 220
 0 221
 2 222
 0 223
 1 224
 0 225
 0 226
 1 227
 0 228
 1 229
 0 230
 0 231
 0 232
 0 233
 0 234
 0 235
 0 236
 0 237
 0 238
 0 239
 0 240
 0 241
 0 242
 0 243
 0 244
 0 245
 0 246
 0 247
 0 248
 0 249
 0 250
 0 251
 0 252
 0 253
 0 254
 0 255
 0 256
 0 257
 0 258
 0 259
 0 260
 0 261
 0 262
 0 263
 0 264
 0 265
 0 266
 0 267
 0 268
 0 269
 0 270
 0 271
 0 272
 0 273
 0 274
 0 275
 0 276
 0 277
 0 278
 0 279
 0 280
 0 281
 0 282
 1 283
 0 284
 1 285
 0 286
 0 287
 1 288
 1 289
 1 290
 1 291
 2 292
 0 293
 1 294
 0 295
 0 296
 1 297
 1 298
 1 299
 1 300
 0 301
 1 302
 0 303
 0 304
 2 305
 2 306
 3 307
 2 308
 3 309
 1 310
 3 311
 4 312
 1 313
 0 314
 1 315
 0 316
 6 317
 2 318
 4 319
 1 320
 3 321
 1 322
 5 323
 2 324
 4 325
 2 326
 3 327
 1 328
 3 329
 3 330
 3 331
 4 332
 5 333
 2 334
 4 335
 4 336
 0 337
 1 338
 3 339
 1 340
 1 341
 2 342
 3 343
 2 344
 3 345
 3 346
 2 347
 3 348
 1 349
 1 350
 1 351
 4 352
 4 353
 2 354
 3 355
 1 356
 0 357
 1 358
 1 359
 1 360
 3 361
 1 362
 3 363
 1 364
 0 365
 2 366
 2 367
 2 368
 4 369
 0 370
 4 371
 1 372
 0 373
 0 374
 0 375
 1 376
 1 377
 0 378
 0 379
 1 380
 2 381
 0 382
 0 383
 1 384
 0 385
 0 386
 0 387
 1 388
 2 389
 0 390
 1 391
 1 392
 1 393
 0 394
 0 395
 0 396
 0 397
 1 398
 0 399
 0 400
 0 401
 0 402
 0 403
 0 404
 0 405
 0 406
 0 407
 0 408
 0 409
 0 410
 0 411
 0 412
 0 413
 0 414
 0 415
 0 416
 0 417
 1 418
 0 419
 1 420
 0 421
 0 422
 0 423
 0 424
 0 425
 0 426
 0 427
 0 428
 0 429
 0 430
 0 431
 0 432
 0 433
 0 434
 0 435
 0 436
 0 437
 0 438
 1 439
 0 440
 0 441
 0 442
 0 443
 0 444
 0 445
 0 446
 0 447
 0 448
 0 449
 0 450
 0 451
 0 452
 0 453
 0 454
 0 455
 0 456
 0 457
 0 458
 0 459
 0 460
 0 461
 0 462
 0 463
 0 464
 0 465
 0 466
 0 467
 0 468
 0 469
 0 470
 0 471
 0 472
 0 473
 0 474
 0 475
 0 476
 0 477
 0 478
 0 479
 0 480
 0 481
 0 482
 0 483
 0 484
 0 485
 0 486
 0 487
 0 488
 0 489
 0 490
 0 491
 0 492
 0 493
 0 494
 0 495
 0 496
 0 497
 0 498
 0 499
 0 500
 0 501
 0 502
 0 503
 0 504
 0 505
 0 506
 0 507
 0 508
 0 509
 0 510
 0 511
 0 512
 0 513
 0 514
 0 515
 0 516
 0 517
 0 518
 0 519
 0 520
 0 521
 0 522
 0 523
 0 524
 0 525
 0 526
 0 527
 0 528
 0 529
 0 530
 0 531
 0 532
 0 533
 0 534
 0 535
 0 536
 0 537
 0 538
 0 539
 0 540
 0 541
 0 542
 0 543
 0 544
 0 545
 0 546
 0 547
 0 548
 0 549
 0 550
 0 551
 0 552
 0 553
 0 554
 0 555
 0 556
 0 557
 0 558
 0 559
 0 560
 0 561
 0 562
 0 563
 0 564
 0 565
 0 566
 0 567
 0 568
 0 569
 0 570
 0 571
 0 572
 0 573
 0 574
 0 575
 0 576
 0 577
 0 578
 0 579
 0 580
 0 581
 0 582
 0 583
 0 584
 0 585
 0 586
 0 587
 0 588
 0 589
 0 590
 0 591
 0 592
 0 593
 0 594
 0 595
 0 596
 0 597
 0 598
 0 599
 0 600


