# Created by Octave 3.8.2, Sun Jun 21 06:20:47 2020 CEST <damian@fptrucha.inv.usc.es>
# name: hd
# type: matrix
# rows: 551
# columns: 2
 0 50
 0 51
 0 52
 0 53
 0 54
 0 55
 0 56
 0 57
 0 58
 0 59
 0 60
 0 61
 0 62
 0 63
 0 64
 0 65
 0 66
 0 67
 0 68
 0 69
 0 70
 0 71
 0 72
 0 73
 0 74
 0 75
 0 76
 0 77
 0 78
 0 79
 0 80
 0 81
 0 82
 0 83
 0 84
 0 85
 0 86
 0 87
 5 88
 2 89
 1 90
 27 91
 98 92
 120 93
 161 94
 248 95
 356 96
 589 97
 669 98
 722 99
 926 100
 996 101
 1078 102
 1128 103
 1185 104
 1286 105
 1240 106
 1289 107
 1251 108
 1231 109
 1200 110
 1130 111
 1095 112
 1026 113
 998 114
 981 115
 932 116
 830 117
 850 118
 743 119
 734 120
 635 121
 608 122
 543 123
 532 124
 507 125
 441 126
 434 127
 383 128
 352 129
 347 130
 319 131
 287 132
 234 133
 253 134
 223 135
 215 136
 199 137
 176 138
 174 139
 149 140
 147 141
 135 142
 121 143
 112 144
 108 145
 109 146
 88 147
 84 148
 92 149
 71 150
 65 151
 65 152
 65 153
 66 154
 39 155
 41 156
 45 157
 42 158
 27 159
 32 160
 31 161
 30 162
 36 163
 32 164
 21 165
 24 166
 26 167
 20 168
 24 169
 18 170
 21 171
 14 172
 14 173
 15 174
 16 175
 21 176
 11 177
 7 178
 11 179
 7 180
 10 181
 12 182
 6 183
 3 184
 5 185
 3 186
 10 187
 5 188
 4 189
 4 190
 9 191
 2 192
 3 193
 3 194
 0 195
 3 196
 2 197
 1 198
 3 199
 2 200
 2 201
 1 202
 0 203
 0 204
 1 205
 0 206
 3 207
 0 208
 1 209
 1 210
 2 211
 1 212
 1 213
 0 214
 1 215
 0 216
 0 217
 0 218
 0 219
 0 220
 0 221
 0 222
 1 223
 0 224
 1 225
 0 226
 1 227
 0 228
 0 229
 0 230
 0 231
 0 232
 0 233
 0 234
 0 235
 0 236
 0 237
 0 238
 0 239
 0 240
 0 241
 0 242
 0 243
 0 244
 0 245
 0 246
 0 247
 0 248
 0 249
 0 250
 0 251
 0 252
 0 253
 0 254
 0 255
 0 256
 0 257
 0 258
 0 259
 0 260
 0 261
 0 262
 0 263
 0 264
 0 265
 0 266
 0 267
 0 268
 0 269
 0 270
 0 271
 0 272
 0 273
 0 274
 0 275
 0 276
 0 277
 0 278
 0 279
 2 280
 0 281
 0 282
 0 283
 1 284
 0 285
 2 286
 0 287
 0 288
 0 289
 1 290
 3 291
 0 292
 1 293
 0 294
 2 295
 1 296
 2 297
 1 298
 1 299
 2 300
 3 301
 0 302
 2 303
 3 304
 0 305
 1 306
 2 307
 2 308
 2 309
 1 310
 3 311
 1 312
 1 313
 4 314
 2 315
 2 316
 4 317
 1 318
 1 319
 1 320
 2 321
 3 322
 2 323
 1 324
 2 325
 2 326
 5 327
 7 328
 2 329
 2 330
 2 331
 0 332
 2 333
 0 334
 3 335
 1 336
 1 337
 3 338
 0 339
 1 340
 1 341
 3 342
 2 343
 3 344
 4 345
 5 346
 1 347
 2 348
 2 349
 3 350
 0 351
 1 352
 1 353
 0 354
 3 355
 0 356
 1 357
 0 358
 4 359
 3 360
 0 361
 2 362
 3 363
 3 364
 3 365
 0 366
 2 367
 0 368
 1 369
 1 370
 4 371
 3 372
 1 373
 0 374
 2 375
 0 376
 0 377
 1 378
 1 379
 0 380
 2 381
 1 382
 0 383
 0 384
 3 385
 2 386
 1 387
 1 388
 1 389
 0 390
 0 391
 1 392
 0 393
 0 394
 1 395
 0 396
 0 397
 1 398
 0 399
 0 400
 0 401
 0 402
 1 403
 0 404
 0 405
 0 406
 1 407
 1 408
 0 409
 1 410
 0 411
 1 412
 0 413
 0 414
 0 415
 0 416
 0 417
 0 418
 0 419
 0 420
 0 421
 0 422
 0 423
 0 424
 0 425
 0 426
 0 427
 0 428
 0 429
 0 430
 0 431
 0 432
 0 433
 0 434
 0 435
 0 436
 0 437
 0 438
 0 439
 0 440
 0 441
 0 442
 0 443
 0 444
 0 445
 0 446
 0 447
 0 448
 0 449
 0 450
 0 451
 0 452
 0 453
 0 454
 0 455
 0 456
 0 457
 0 458
 0 459
 0 460
 0 461
 0 462
 0 463
 0 464
 0 465
 0 466
 0 467
 0 468
 0 469
 0 470
 0 471
 0 472
 0 473
 0 474
 0 475
 0 476
 0 477
 0 478
 0 479
 0 480
 0 481
 0 482
 0 483
 0 484
 0 485
 0 486
 0 487
 0 488
 0 489
 0 490
 0 491
 0 492
 0 493
 0 494
 0 495
 0 496
 0 497
 0 498
 0 499
 0 500
 0 501
 0 502
 0 503
 0 504
 0 505
 0 506
 0 507
 0 508
 0 509
 0 510
 0 511
 0 512
 0 513
 0 514
 0 515
 0 516
 0 517
 0 518
 0 519
 0 520
 0 521
 0 522
 0 523
 0 524
 0 525
 0 526
 0 527
 0 528
 0 529
 0 530
 0 531
 0 532
 0 533
 0 534
 0 535
 0 536
 0 537
 0 538
 0 539
 0 540
 0 541
 0 542
 0 543
 0 544
 0 545
 0 546
 0 547
 0 548
 0 549
 0 550
 0 551
 0 552
 0 553
 0 554
 0 555
 0 556
 0 557
 0 558
 0 559
 0 560
 0 561
 0 562
 0 563
 0 564
 0 565
 0 566
 0 567
 0 568
 0 569
 0 570
 0 571
 0 572
 0 573
 0 574
 0 575
 0 576
 0 577
 0 578
 0 579
 0 580
 0 581
 0 582
 0 583
 0 584
 0 585
 0 586
 0 587
 0 588
 0 589
 0 590
 0 591
 0 592
 0 593
 0 594
 0 595
 0 596
 0 597
 0 598
 0 599
 0 600


