# Created by Octave 3.8.2, Mon Jun 22 18:15:28 2020 CEST <damian@fptrucha.inv.usc.es>
# name: hd
# type: matrix
# rows: 551
# columns: 2
 0 50
 0 51
 0 52
 0 53
 0 54
 1 55
 0 56
 0 57
 0 58
 0 59
 0 60
 0 61
 0 62
 0 63
 0 64
 0 65
 0 66
 0 67
 0 68
 0 69
 0 70
 0 71
 0 72
 0 73
 0 74
 0 75
 0 76
 0 77
 0 78
 0 79
 0 80
 0 81
 0 82
 0 83
 0 84
 0 85
 0 86
 0 87
 1 88
 1 89
 4 90
 12 91
 75 92
 120 93
 168 94
 248 95
 449 96
 659 97
 869 98
 1024 99
 1276 100
 1436 101
 1563 102
 1560 103
 1560 104
 1665 105
 1614 106
 1529 107
 1495 108
 1388 109
 1352 110
 1287 111
 1129 112
 1075 113
 1051 114
 964 115
 887 116
 808 117
 759 118
 670 119
 635 120
 563 121
 489 122
 488 123
 395 124
 411 125
 359 126
 316 127
 239 128
 267 129
 272 130
 217 131
 222 132
 206 133
 163 134
 166 135
 177 136
 141 137
 143 138
 134 139
 108 140
 98 141
 97 142
 99 143
 103 144
 86 145
 61 146
 85 147
 87 148
 60 149
 60 150
 61 151
 56 152
 56 153
 52 154
 56 155
 43 156
 44 157
 41 158
 37 159
 38 160
 37 161
 31 162
 26 163
 16 164
 28 165
 33 166
 26 167
 28 168
 25 169
 17 170
 15 171
 16 172
 13 173
 15 174
 19 175
 18 176
 11 177
 9 178
 12 179
 14 180
 6 181
 10 182
 11 183
 8 184
 14 185
 4 186
 3 187
 5 188
 5 189
 8 190
 5 191
 5 192
 2 193
 3 194
 5 195
 2 196
 5 197
 5 198
 1 199
 4 200
 4 201
 1 202
 2 203
 2 204
 3 205
 1 206
 3 207
 2 208
 1 209
 1 210
 2 211
 2 212
 1 213
 0 214
 0 215
 1 216
 0 217
 1 218
 0 219
 2 220
 0 221
 0 222
 0 223
 0 224
 0 225
 0 226
 0 227
 0 228
 0 229
 0 230
 0 231
 0 232
 0 233
 1 234
 0 235
 0 236
 0 237
 0 238
 0 239
 0 240
 0 241
 0 242
 0 243
 0 244
 0 245
 0 246
 0 247
 0 248
 0 249
 0 250
 0 251
 0 252
 0 253
 0 254
 0 255
 0 256
 0 257
 0 258
 0 259
 0 260
 0 261
 0 262
 0 263
 0 264
 1 265
 0 266
 0 267
 0 268
 0 269
 0 270
 0 271
 0 272
 0 273
 1 274
 0 275
 0 276
 0 277
 0 278
 0 279
 1 280
 0 281
 1 282
 0 283
 3 284
 2 285
 0 286
 0 287
 1 288
 1 289
 2 290
 0 291
 0 292
 0 293
 1 294
 4 295
 1 296
 1 297
 1 298
 1 299
 0 300
 2 301
 0 302
 3 303
 1 304
 2 305
 2 306
 3 307
 1 308
 2 309
 4 310
 1 311
 3 312
 2 313
 4 314
 1 315
 1 316
 4 317
 5 318
 1 319
 3 320
 2 321
 2 322
 0 323
 4 324
 2 325
 3 326
 1 327
 3 328
 2 329
 3 330
 5 331
 3 332
 3 333
 1 334
 1 335
 0 336
 2 337
 3 338
 0 339
 3 340
 0 341
 2 342
 0 343
 3 344
 5 345
 4 346
 3 347
 2 348
 1 349
 1 350
 1 351
 4 352
 2 353
 2 354
 0 355
 1 356
 4 357
 3 358
 1 359
 1 360
 2 361
 5 362
 2 363
 1 364
 1 365
 0 366
 1 367
 3 368
 0 369
 0 370
 0 371
 0 372
 0 373
 0 374
 0 375
 1 376
 0 377
 1 378
 0 379
 0 380
 0 381
 0 382
 0 383
 0 384
 1 385
 0 386
 0 387
 0 388
 1 389
 0 390
 0 391
 0 392
 0 393
 0 394
 0 395
 1 396
 1 397
 0 398
 0 399
 0 400
 0 401
 0 402
 0 403
 0 404
 0 405
 1 406
 0 407
 0 408
 0 409
 0 410
 0 411
 0 412
 0 413
 0 414
 0 415
 0 416
 0 417
 0 418
 1 419
 0 420
 0 421
 0 422
 0 423
 0 424
 0 425
 0 426
 0 427
 0 428
 0 429
 0 430
 0 431
 0 432
 0 433
 0 434
 0 435
 0 436
 0 437
 0 438
 0 439
 0 440
 0 441
 0 442
 0 443
 0 444
 0 445
 0 446
 0 447
 0 448
 0 449
 0 450
 0 451
 0 452
 0 453
 0 454
 0 455
 0 456
 0 457
 0 458
 0 459
 0 460
 0 461
 0 462
 0 463
 0 464
 0 465
 0 466
 0 467
 0 468
 0 469
 0 470
 0 471
 0 472
 0 473
 0 474
 0 475
 0 476
 0 477
 0 478
 0 479
 0 480
 0 481
 0 482
 0 483
 0 484
 0 485
 0 486
 0 487
 0 488
 0 489
 0 490
 0 491
 0 492
 0 493
 0 494
 0 495
 0 496
 0 497
 0 498
 0 499
 0 500
 0 501
 0 502
 0 503
 0 504
 0 505
 0 506
 0 507
 0 508
 0 509
 0 510
 0 511
 0 512
 0 513
 0 514
 0 515
 0 516
 0 517
 0 518
 0 519
 0 520
 0 521
 0 522
 0 523
 0 524
 0 525
 0 526
 0 527
 0 528
 0 529
 0 530
 0 531
 0 532
 0 533
 0 534
 0 535
 0 536
 0 537
 0 538
 0 539
 0 540
 0 541
 0 542
 0 543
 0 544
 0 545
 0 546
 0 547
 0 548
 0 549
 0 550
 0 551
 0 552
 0 553
 0 554
 0 555
 0 556
 0 557
 0 558
 0 559
 0 560
 0 561
 0 562
 0 563
 0 564
 0 565
 0 566
 0 567
 0 568
 0 569
 0 570
 0 571
 0 572
 0 573
 0 574
 0 575
 0 576
 0 577
 0 578
 0 579
 0 580
 0 581
 0 582
 0 583
 0 584
 0 585
 0 586
 0 587
 0 588
 0 589
 0 590
 0 591
 0 592
 0 593
 0 594
 0 595
 0 596
 0 597
 0 598
 0 599
 0 600


