# Created by Octave 3.8.2, Mon Jun 22 20:37:34 2020 CEST <damian@fptrucha.inv.usc.es>
# name: hd
# type: matrix
# rows: 551
# columns: 2
 0 50
 0 51
 0 52
 0 53
 0 54
 0 55
 0 56
 0 57
 0 58
 0 59
 0 60
 0 61
 0 62
 0 63
 0 64
 0 65
 0 66
 0 67
 0 68
 0 69
 0 70
 0 71
 0 72
 0 73
 0 74
 0 75
 0 76
 0 77
 0 78
 0 79
 0 80
 0 81
 0 82
 0 83
 0 84
 0 85
 0 86
 0 87
 0 88
 1 89
 1 90
 23 91
 97 92
 135 93
 192 94
 266 95
 476 96
 642 97
 922 98
 1070 99
 1344 100
 1448 101
 1547 102
 1625 103
 1554 104
 1560 105
 1618 106
 1550 107
 1503 108
 1450 109
 1368 110
 1352 111
 1247 112
 1106 113
 1029 114
 938 115
 850 116
 774 117
 754 118
 698 119
 615 120
 518 121
 461 122
 457 123
 392 124
 361 125
 353 126
 298 127
 302 128
 276 129
 265 130
 210 131
 233 132
 202 133
 188 134
 179 135
 148 136
 130 137
 167 138
 136 139
 121 140
 102 141
 112 142
 108 143
 87 144
 107 145
 82 146
 79 147
 92 148
 71 149
 74 150
 61 151
 61 152
 48 153
 55 154
 50 155
 52 156
 53 157
 49 158
 40 159
 39 160
 40 161
 24 162
 28 163
 28 164
 22 165
 28 166
 17 167
 20 168
 14 169
 13 170
 19 171
 11 172
 17 173
 15 174
 14 175
 13 176
 9 177
 10 178
 15 179
 10 180
 10 181
 9 182
 7 183
 8 184
 3 185
 11 186
 8 187
 2 188
 6 189
 3 190
 8 191
 4 192
 8 193
 4 194
 5 195
 2 196
 1 197
 1 198
 4 199
 3 200
 2 201
 1 202
 3 203
 1 204
 0 205
 0 206
 2 207
 1 208
 2 209
 3 210
 0 211
 0 212
 2 213
 1 214
 1 215
 0 216
 1 217
 0 218
 0 219
 0 220
 1 221
 0 222
 0 223
 0 224
 0 225
 0 226
 0 227
 1 228
 0 229
 0 230
 0 231
 0 232
 0 233
 0 234
 0 235
 0 236
 0 237
 0 238
 0 239
 0 240
 0 241
 0 242
 0 243
 0 244
 1 245
 0 246
 0 247
 0 248
 0 249
 0 250
 0 251
 0 252
 0 253
 0 254
 0 255
 0 256
 0 257
 0 258
 0 259
 0 260
 0 261
 0 262
 0 263
 0 264
 0 265
 0 266
 0 267
 0 268
 0 269
 0 270
 0 271
 0 272
 1 273
 0 274
 0 275
 0 276
 0 277
 0 278
 0 279
 1 280
 0 281
 0 282
 0 283
 1 284
 0 285
 0 286
 1 287
 2 288
 0 289
 1 290
 1 291
 0 292
 1 293
 1 294
 2 295
 0 296
 0 297
 3 298
 0 299
 1 300
 0 301
 2 302
 3 303
 1 304
 1 305
 0 306
 3 307
 1 308
 2 309
 5 310
 0 311
 6 312
 1 313
 5 314
 1 315
 1 316
 2 317
 2 318
 3 319
 5 320
 4 321
 2 322
 3 323
 6 324
 2 325
 1 326
 1 327
 5 328
 1 329
 2 330
 6 331
 3 332
 1 333
 0 334
 3 335
 4 336
 3 337
 2 338
 5 339
 2 340
 1 341
 1 342
 2 343
 2 344
 3 345
 4 346
 1 347
 0 348
 1 349
 0 350
 1 351
 0 352
 2 353
 0 354
 3 355
 2 356
 2 357
 1 358
 3 359
 2 360
 0 361
 0 362
 1 363
 1 364
 2 365
 2 366
 0 367
 0 368
 0 369
 0 370
 1 371
 0 372
 0 373
 1 374
 0 375
 1 376
 0 377
 0 378
 0 379
 1 380
 0 381
 0 382
 0 383
 2 384
 1 385
 1 386
 0 387
 0 388
 0 389
 0 390
 0 391
 0 392
 0 393
 0 394
 0 395
 1 396
 0 397
 1 398
 1 399
 0 400
 0 401
 0 402
 0 403
 0 404
 0 405
 0 406
 0 407
 0 408
 0 409
 0 410
 0 411
 0 412
 0 413
 1 414
 0 415
 0 416
 0 417
 0 418
 0 419
 0 420
 0 421
 0 422
 0 423
 0 424
 0 425
 0 426
 0 427
 0 428
 0 429
 0 430
 0 431
 0 432
 0 433
 0 434
 0 435
 0 436
 0 437
 0 438
 0 439
 0 440
 0 441
 1 442
 0 443
 0 444
 0 445
 0 446
 0 447
 0 448
 0 449
 0 450
 0 451
 0 452
 0 453
 0 454
 0 455
 0 456
 0 457
 0 458
 0 459
 0 460
 0 461
 0 462
 0 463
 0 464
 0 465
 0 466
 0 467
 0 468
 0 469
 0 470
 0 471
 0 472
 0 473
 0 474
 0 475
 0 476
 0 477
 0 478
 0 479
 0 480
 0 481
 0 482
 0 483
 0 484
 0 485
 0 486
 0 487
 0 488
 0 489
 0 490
 0 491
 0 492
 0 493
 0 494
 0 495
 0 496
 0 497
 0 498
 0 499
 0 500
 0 501
 0 502
 0 503
 0 504
 0 505
 0 506
 0 507
 0 508
 0 509
 0 510
 0 511
 0 512
 0 513
 0 514
 0 515
 0 516
 0 517
 0 518
 0 519
 0 520
 0 521
 0 522
 0 523
 0 524
 0 525
 0 526
 0 527
 0 528
 0 529
 0 530
 0 531
 0 532
 0 533
 0 534
 0 535
 0 536
 0 537
 0 538
 0 539
 0 540
 0 541
 0 542
 0 543
 0 544
 0 545
 0 546
 0 547
 0 548
 0 549
 0 550
 0 551
 0 552
 0 553
 0 554
 0 555
 0 556
 0 557
 0 558
 0 559
 0 560
 0 561
 0 562
 0 563
 0 564
 0 565
 0 566
 0 567
 0 568
 0 569
 0 570
 0 571
 0 572
 0 573
 0 574
 0 575
 0 576
 0 577
 0 578
 0 579
 0 580
 0 581
 0 582
 0 583
 0 584
 0 585
 0 586
 0 587
 0 588
 0 589
 0 590
 0 591
 0 592
 0 593
 0 594
 0 595
 0 596
 0 597
 0 598
 0 599
 0 600


