# Created by Octave 3.8.2, Sun Jun 21 06:06:27 2020 CEST <damian@fptrucha.inv.usc.es>
# name: hd
# type: matrix
# rows: 551
# columns: 2
 0 50
 0 51
 0 52
 0 53
 0 54
 0 55
 0 56
 0 57
 0 58
 0 59
 0 60
 0 61
 0 62
 0 63
 0 64
 0 65
 0 66
 0 67
 0 68
 0 69
 0 70
 0 71
 0 72
 0 73
 0 74
 0 75
 0 76
 0 77
 0 78
 0 79
 0 80
 0 81
 0 82
 0 83
 0 84
 0 85
 0 86
 0 87
 2 88
 2 89
 4 90
 35 91
 76 92
 128 93
 172 94
 296 95
 384 96
 585 97
 750 98
 824 99
 908 100
 1048 101
 1140 102
 1224 103
 1268 104
 1287 105
 1257 106
 1280 107
 1266 108
 1229 109
 1228 110
 1163 111
 1105 112
 1040 113
 1002 114
 1020 115
 993 116
 833 117
 824 118
 733 119
 715 120
 655 121
 585 122
 558 123
 528 124
 487 125
 400 126
 438 127
 384 128
 334 129
 322 130
 322 131
 282 132
 227 133
 241 134
 195 135
 196 136
 157 137
 180 138
 145 139
 130 140
 143 141
 129 142
 111 143
 99 144
 112 145
 82 146
 81 147
 71 148
 76 149
 71 150
 72 151
 52 152
 60 153
 61 154
 52 155
 46 156
 44 157
 47 158
 31 159
 37 160
 47 161
 29 162
 29 163
 32 164
 23 165
 19 166
 29 167
 22 168
 18 169
 14 170
 15 171
 12 172
 18 173
 12 174
 15 175
 14 176
 11 177
 16 178
 8 179
 10 180
 9 181
 6 182
 9 183
 6 184
 7 185
 5 186
 12 187
 1 188
 4 189
 2 190
 1 191
 1 192
 3 193
 2 194
 4 195
 3 196
 1 197
 1 198
 5 199
 2 200
 1 201
 5 202
 1 203
 1 204
 1 205
 0 206
 1 207
 1 208
 2 209
 1 210
 1 211
 0 212
 2 213
 0 214
 0 215
 0 216
 0 217
 0 218
 0 219
 0 220
 0 221
 0 222
 0 223
 0 224
 0 225
 0 226
 2 227
 0 228
 1 229
 0 230
 0 231
 0 232
 0 233
 0 234
 1 235
 0 236
 1 237
 0 238
 0 239
 0 240
 0 241
 0 242
 0 243
 0 244
 0 245
 0 246
 0 247
 0 248
 0 249
 0 250
 0 251
 0 252
 0 253
 0 254
 0 255
 0 256
 0 257
 0 258
 0 259
 0 260
 0 261
 0 262
 0 263
 0 264
 0 265
 0 266
 1 267
 0 268
 0 269
 0 270
 0 271
 0 272
 0 273
 0 274
 0 275
 0 276
 0 277
 0 278
 0 279
 0 280
 0 281
 0 282
 0 283
 0 284
 1 285
 0 286
 1 287
 0 288
 0 289
 0 290
 0 291
 2 292
 1 293
 0 294
 2 295
 1 296
 1 297
 1 298
 3 299
 3 300
 1 301
 0 302
 1 303
 3 304
 3 305
 1 306
 3 307
 2 308
 2 309
 0 310
 3 311
 5 312
 2 313
 2 314
 3 315
 2 316
 0 317
 5 318
 3 319
 2 320
 4 321
 6 322
 1 323
 2 324
 2 325
 2 326
 1 327
 2 328
 5 329
 5 330
 2 331
 2 332
 1 333
 1 334
 2 335
 5 336
 0 337
 3 338
 2 339
 2 340
 3 341
 4 342
 1 343
 0 344
 3 345
 3 346
 2 347
 0 348
 1 349
 1 350
 3 351
 2 352
 2 353
 3 354
 3 355
 1 356
 1 357
 0 358
 1 359
 1 360
 1 361
 1 362
 3 363
 0 364
 1 365
 0 366
 1 367
 2 368
 0 369
 2 370
 0 371
 1 372
 1 373
 0 374
 1 375
 0 376
 1 377
 1 378
 2 379
 2 380
 1 381
 0 382
 0 383
 0 384
 1 385
 0 386
 1 387
 1 388
 1 389
 0 390
 0 391
 0 392
 0 393
 1 394
 2 395
 0 396
 0 397
 0 398
 0 399
 0 400
 1 401
 1 402
 0 403
 0 404
 0 405
 0 406
 0 407
 0 408
 0 409
 0 410
 0 411
 0 412
 0 413
 0 414
 1 415
 0 416
 0 417
 0 418
 0 419
 0 420
 0 421
 0 422
 0 423
 0 424
 0 425
 0 426
 0 427
 0 428
 0 429
 0 430
 0 431
 0 432
 0 433
 0 434
 0 435
 0 436
 0 437
 0 438
 0 439
 0 440
 0 441
 0 442
 0 443
 0 444
 0 445
 0 446
 0 447
 0 448
 0 449
 0 450
 0 451
 0 452
 0 453
 0 454
 0 455
 0 456
 0 457
 0 458
 0 459
 0 460
 0 461
 0 462
 0 463
 0 464
 0 465
 0 466
 0 467
 0 468
 0 469
 0 470
 0 471
 0 472
 0 473
 0 474
 0 475
 0 476
 0 477
 0 478
 0 479
 0 480
 0 481
 0 482
 0 483
 0 484
 0 485
 0 486
 0 487
 0 488
 0 489
 0 490
 0 491
 0 492
 0 493
 0 494
 0 495
 0 496
 0 497
 0 498
 0 499
 0 500
 0 501
 0 502
 0 503
 0 504
 0 505
 0 506
 0 507
 0 508
 0 509
 0 510
 0 511
 0 512
 0 513
 0 514
 0 515
 0 516
 0 517
 0 518
 0 519
 0 520
 0 521
 0 522
 0 523
 0 524
 0 525
 0 526
 0 527
 0 528
 0 529
 0 530
 0 531
 0 532
 0 533
 0 534
 0 535
 0 536
 0 537
 0 538
 0 539
 0 540
 0 541
 0 542
 0 543
 0 544
 0 545
 0 546
 0 547
 0 548
 0 549
 0 550
 0 551
 0 552
 0 553
 0 554
 0 555
 0 556
 0 557
 0 558
 0 559
 0 560
 0 561
 0 562
 0 563
 0 564
 0 565
 0 566
 0 567
 0 568
 0 569
 0 570
 0 571
 0 572
 0 573
 0 574
 0 575
 0 576
 0 577
 0 578
 0 579
 0 580
 0 581
 0 582
 0 583
 0 584
 0 585
 0 586
 0 587
 0 588
 0 589
 0 590
 0 591
 0 592
 0 593
 0 594
 0 595
 0 596
 0 597
 0 598
 0 599
 0 600


