# Created by Octave 3.8.2, Sun Jun 21 07:48:13 2020 CEST <damian@fptrucha.inv.usc.es>
# name: hd
# type: matrix
# rows: 551
# columns: 2
 0 50
 0 51
 0 52
 0 53
 0 54
 0 55
 0 56
 0 57
 0 58
 0 59
 0 60
 0 61
 0 62
 0 63
 0 64
 0 65
 0 66
 0 67
 0 68
 0 69
 0 70
 0 71
 0 72
 0 73
 0 74
 0 75
 0 76
 0 77
 0 78
 0 79
 0 80
 0 81
 0 82
 0 83
 0 84
 0 85
 0 86
 0 87
 2 88
 2 89
 9 90
 25 91
 73 92
 110 93
 178 94
 279 95
 397 96
 615 97
 734 98
 842 99
 966 100
 1099 101
 1127 102
 1190 103
 1262 104
 1359 105
 1345 106
 1252 107
 1275 108
 1290 109
 1302 110
 1191 111
 1186 112
 1120 113
 1054 114
 1059 115
 896 116
 878 117
 836 118
 780 119
 753 120
 718 121
 575 122
 538 123
 520 124
 529 125
 440 126
 351 127
 359 128
 359 129
 308 130
 297 131
 279 132
 237 133
 196 134
 224 135
 190 136
 162 137
 161 138
 174 139
 155 140
 114 141
 128 142
 98 143
 87 144
 94 145
 82 146
 60 147
 66 148
 72 149
 67 150
 47 151
 65 152
 57 153
 52 154
 63 155
 42 156
 40 157
 25 158
 42 159
 40 160
 32 161
 24 162
 41 163
 31 164
 37 165
 21 166
 19 167
 19 168
 17 169
 12 170
 18 171
 22 172
 8 173
 12 174
 7 175
 13 176
 10 177
 6 178
 11 179
 12 180
 8 181
 4 182
 3 183
 6 184
 5 185
 4 186
 3 187
 4 188
 2 189
 3 190
 6 191
 1 192
 3 193
 4 194
 3 195
 3 196
 2 197
 2 198
 2 199
 3 200
 4 201
 2 202
 1 203
 2 204
 1 205
 1 206
 1 207
 0 208
 1 209
 1 210
 0 211
 0 212
 0 213
 0 214
 2 215
 0 216
 1 217
 0 218
 1 219
 0 220
 0 221
 0 222
 0 223
 1 224
 0 225
 0 226
 0 227
 0 228
 0 229
 0 230
 0 231
 0 232
 0 233
 0 234
 0 235
 0 236
 0 237
 0 238
 0 239
 0 240
 0 241
 0 242
 0 243
 0 244
 1 245
 0 246
 0 247
 0 248
 0 249
 0 250
 0 251
 0 252
 0 253
 0 254
 0 255
 0 256
 0 257
 0 258
 0 259
 0 260
 0 261
 0 262
 0 263
 0 264
 0 265
 0 266
 0 267
 1 268
 0 269
 0 270
 0 271
 0 272
 0 273
 2 274
 0 275
 0 276
 0 277
 1 278
 0 279
 1 280
 0 281
 0 282
 1 283
 0 284
 0 285
 0 286
 1 287
 1 288
 0 289
 0 290
 0 291
 0 292
 1 293
 0 294
 1 295
 1 296
 0 297
 2 298
 1 299
 0 300
 0 301
 3 302
 0 303
 2 304
 2 305
 2 306
 3 307
 1 308
 1 309
 0 310
 1 311
 3 312
 1 313
 1 314
 2 315
 3 316
 3 317
 4 318
 0 319
 3 320
 3 321
 2 322
 1 323
 0 324
 1 325
 4 326
 4 327
 0 328
 2 329
 1 330
 0 331
 0 332
 1 333
 5 334
 2 335
 2 336
 1 337
 5 338
 2 339
 2 340
 2 341
 1 342
 2 343
 2 344
 0 345
 2 346
 1 347
 2 348
 2 349
 2 350
 0 351
 4 352
 2 353
 1 354
 2 355
 0 356
 2 357
 0 358
 2 359
 0 360
 1 361
 0 362
 2 363
 3 364
 1 365
 3 366
 4 367
 1 368
 1 369
 1 370
 0 371
 2 372
 0 373
 0 374
 1 375
 1 376
 1 377
 0 378
 0 379
 0 380
 0 381
 1 382
 1 383
 0 384
 0 385
 0 386
 1 387
 1 388
 1 389
 0 390
 0 391
 1 392
 0 393
 0 394
 0 395
 0 396
 0 397
 0 398
 0 399
 1 400
 0 401
 1 402
 0 403
 1 404
 0 405
 0 406
 0 407
 1 408
 0 409
 0 410
 0 411
 0 412
 1 413
 0 414
 1 415
 0 416
 0 417
 0 418
 0 419
 0 420
 0 421
 0 422
 0 423
 0 424
 0 425
 0 426
 0 427
 0 428
 0 429
 0 430
 0 431
 0 432
 0 433
 0 434
 0 435
 0 436
 0 437
 0 438
 0 439
 0 440
 0 441
 0 442
 0 443
 0 444
 0 445
 0 446
 0 447
 0 448
 0 449
 0 450
 0 451
 0 452
 0 453
 0 454
 0 455
 0 456
 0 457
 0 458
 0 459
 0 460
 0 461
 0 462
 0 463
 0 464
 0 465
 0 466
 0 467
 0 468
 0 469
 0 470
 0 471
 0 472
 0 473
 0 474
 0 475
 0 476
 0 477
 0 478
 0 479
 0 480
 0 481
 0 482
 0 483
 0 484
 0 485
 0 486
 0 487
 0 488
 0 489
 0 490
 0 491
 0 492
 0 493
 0 494
 0 495
 0 496
 0 497
 0 498
 0 499
 0 500
 0 501
 0 502
 0 503
 0 504
 0 505
 0 506
 0 507
 0 508
 0 509
 0 510
 0 511
 0 512
 0 513
 0 514
 0 515
 1 516
 0 517
 0 518
 0 519
 0 520
 0 521
 0 522
 0 523
 0 524
 0 525
 0 526
 0 527
 0 528
 0 529
 0 530
 0 531
 0 532
 0 533
 0 534
 0 535
 0 536
 0 537
 0 538
 0 539
 0 540
 0 541
 0 542
 0 543
 0 544
 0 545
 0 546
 0 547
 0 548
 0 549
 0 550
 0 551
 0 552
 0 553
 0 554
 0 555
 0 556
 0 557
 0 558
 0 559
 0 560
 0 561
 0 562
 0 563
 0 564
 0 565
 0 566
 0 567
 0 568
 0 569
 0 570
 0 571
 0 572
 0 573
 0 574
 0 575
 0 576
 0 577
 0 578
 0 579
 0 580
 0 581
 0 582
 0 583
 0 584
 0 585
 0 586
 0 587
 0 588
 0 589
 0 590
 0 591
 0 592
 0 593
 0 594
 0 595
 0 596
 0 597
 0 598
 0 599
 0 600


