# Created by Octave 3.8.2, Tue Jun 23 00:34:12 2020 CEST <damian@fptrucha.inv.usc.es>
# name: hd
# type: matrix
# rows: 551
# columns: 2
 0 50
 0 51
 0 52
 0 53
 0 54
 0 55
 0 56
 0 57
 0 58
 0 59
 0 60
 0 61
 0 62
 0 63
 0 64
 0 65
 0 66
 0 67
 0 68
 0 69
 0 70
 0 71
 0 72
 0 73
 0 74
 0 75
 0 76
 0 77
 0 78
 0 79
 0 80
 0 81
 0 82
 0 83
 0 84
 0 85
 0 86
 0 87
 1 88
 3 89
 7 90
 45 91
 109 92
 144 93
 213 94
 339 95
 528 96
 742 97
 953 98
 1203 99
 1380 100
 1434 101
 1561 102
 1556 103
 1637 104
 1629 105
 1621 106
 1549 107
 1471 108
 1417 109
 1458 110
 1309 111
 1267 112
 1126 113
 1051 114
 1016 115
 854 116
 849 117
 761 118
 687 119
 623 120
 565 121
 527 122
 490 123
 462 124
 403 125
 364 126
 379 127
 283 128
 245 129
 263 130
 268 131
 224 132
 178 133
 183 134
 198 135
 157 136
 160 137
 150 138
 129 139
 131 140
 102 141
 103 142
 94 143
 102 144
 99 145
 78 146
 73 147
 90 148
 73 149
 78 150
 62 151
 58 152
 47 153
 44 154
 40 155
 45 156
 46 157
 58 158
 50 159
 39 160
 31 161
 31 162
 31 163
 30 164
 26 165
 28 166
 24 167
 23 168
 20 169
 13 170
 10 171
 12 172
 27 173
 12 174
 15 175
 12 176
 5 177
 12 178
 8 179
 11 180
 5 181
 6 182
 14 183
 5 184
 8 185
 8 186
 5 187
 7 188
 3 189
 8 190
 5 191
 2 192
 5 193
 6 194
 5 195
 1 196
 1 197
 0 198
 6 199
 1 200
 2 201
 3 202
 0 203
 0 204
 4 205
 4 206
 1 207
 2 208
 0 209
 4 210
 0 211
 2 212
 2 213
 2 214
 0 215
 0 216
 0 217
 0 218
 0 219
 0 220
 1 221
 0 222
 0 223
 0 224
 0 225
 0 226
 2 227
 1 228
 1 229
 0 230
 0 231
 0 232
 0 233
 0 234
 0 235
 0 236
 0 237
 0 238
 0 239
 0 240
 0 241
 0 242
 1 243
 0 244
 0 245
 0 246
 0 247
 0 248
 0 249
 0 250
 0 251
 0 252
 0 253
 0 254
 0 255
 0 256
 0 257
 1 258
 0 259
 0 260
 0 261
 0 262
 0 263
 0 264
 0 265
 0 266
 0 267
 0 268
 0 269
 0 270
 0 271
 0 272
 0 273
 1 274
 0 275
 2 276
 0 277
 0 278
 0 279
 0 280
 0 281
 1 282
 1 283
 1 284
 0 285
 0 286
 0 287
 2 288
 0 289
 0 290
 0 291
 0 292
 1 293
 2 294
 1 295
 0 296
 2 297
 3 298
 1 299
 3 300
 4 301
 2 302
 2 303
 0 304
 3 305
 2 306
 4 307
 3 308
 3 309
 3 310
 3 311
 2 312
 3 313
 3 314
 3 315
 4 316
 2 317
 5 318
 3 319
 2 320
 2 321
 3 322
 4 323
 5 324
 2 325
 2 326
 0 327
 1 328
 0 329
 2 330
 1 331
 3 332
 0 333
 3 334
 4 335
 3 336
 2 337
 5 338
 2 339
 5 340
 2 341
 2 342
 0 343
 2 344
 3 345
 2 346
 3 347
 2 348
 2 349
 1 350
 3 351
 2 352
 4 353
 1 354
 2 355
 1 356
 2 357
 2 358
 2 359
 2 360
 5 361
 1 362
 2 363
 0 364
 0 365
 1 366
 1 367
 2 368
 1 369
 3 370
 0 371
 2 372
 0 373
 1 374
 0 375
 0 376
 0 377
 3 378
 1 379
 0 380
 1 381
 1 382
 1 383
 0 384
 0 385
 0 386
 0 387
 0 388
 1 389
 2 390
 0 391
 0 392
 0 393
 0 394
 0 395
 0 396
 0 397
 1 398
 1 399
 0 400
 0 401
 0 402
 0 403
 1 404
 0 405
 1 406
 1 407
 0 408
 0 409
 0 410
 0 411
 0 412
 0 413
 0 414
 0 415
 0 416
 0 417
 0 418
 0 419
 0 420
 0 421
 0 422
 0 423
 0 424
 0 425
 0 426
 0 427
 0 428
 0 429
 0 430
 0 431
 0 432
 0 433
 0 434
 0 435
 0 436
 0 437
 0 438
 0 439
 0 440
 0 441
 0 442
 0 443
 0 444
 0 445
 0 446
 0 447
 0 448
 0 449
 0 450
 0 451
 0 452
 0 453
 0 454
 0 455
 0 456
 0 457
 0 458
 0 459
 0 460
 0 461
 0 462
 0 463
 0 464
 0 465
 0 466
 0 467
 0 468
 0 469
 0 470
 0 471
 0 472
 0 473
 0 474
 0 475
 0 476
 0 477
 0 478
 0 479
 0 480
 0 481
 0 482
 0 483
 0 484
 0 485
 0 486
 0 487
 0 488
 0 489
 0 490
 0 491
 0 492
 0 493
 0 494
 0 495
 0 496
 0 497
 0 498
 0 499
 0 500
 0 501
 0 502
 0 503
 0 504
 0 505
 0 506
 0 507
 0 508
 0 509
 0 510
 0 511
 0 512
 0 513
 0 514
 0 515
 0 516
 0 517
 0 518
 0 519
 0 520
 0 521
 0 522
 0 523
 0 524
 0 525
 0 526
 0 527
 0 528
 0 529
 0 530
 0 531
 0 532
 0 533
 0 534
 0 535
 0 536
 0 537
 0 538
 0 539
 0 540
 0 541
 0 542
 0 543
 0 544
 0 545
 0 546
 0 547
 0 548
 0 549
 0 550
 0 551
 0 552
 0 553
 0 554
 0 555
 0 556
 0 557
 0 558
 0 559
 0 560
 0 561
 0 562
 0 563
 0 564
 0 565
 0 566
 0 567
 0 568
 0 569
 0 570
 0 571
 0 572
 0 573
 0 574
 0 575
 0 576
 0 577
 0 578
 0 579
 0 580
 0 581
 0 582
 0 583
 0 584
 0 585
 0 586
 0 587
 0 588
 0 589
 0 590
 0 591
 0 592
 0 593
 0 594
 0 595
 0 596
 0 597
 0 598
 0 599
 0 600


