# Created by Octave 3.8.2, Mon Jun 22 01:32:47 2020 CEST <damian@fptrucha.inv.usc.es>
# name: hd
# type: matrix
# rows: 551
# columns: 2
 0 50
 0 51
 0 52
 0 53
 0 54
 0 55
 0 56
 0 57
 0 58
 0 59
 0 60
 0 61
 0 62
 0 63
 0 64
 0 65
 0 66
 0 67
 0 68
 0 69
 0 70
 0 71
 0 72
 0 73
 0 74
 0 75
 0 76
 0 77
 0 78
 0 79
 0 80
 0 81
 0 82
 0 83
 0 84
 0 85
 0 86
 0 87
 2 88
 6 89
 7 90
 20 91
 82 92
 102 93
 179 94
 267 95
 405 96
 569 97
 658 98
 839 99
 1004 100
 1072 101
 1159 102
 1143 103
 1278 104
 1295 105
 1276 106
 1301 107
 1319 108
 1314 109
 1291 110
 1167 111
 1158 112
 1095 113
 1018 114
 1029 115
 948 116
 813 117
 789 118
 763 119
 729 120
 707 121
 621 122
 552 123
 561 124
 501 125
 438 126
 393 127
 357 128
 344 129
 278 130
 288 131
 265 132
 242 133
 206 134
 190 135
 201 136
 194 137
 170 138
 140 139
 134 140
 129 141
 92 142
 120 143
 86 144
 117 145
 67 146
 78 147
 76 148
 75 149
 61 150
 76 151
 57 152
 46 153
 52 154
 63 155
 45 156
 41 157
 37 158
 31 159
 35 160
 32 161
 33 162
 25 163
 32 164
 34 165
 27 166
 19 167
 15 168
 21 169
 15 170
 13 171
 11 172
 17 173
 6 174
 19 175
 15 176
 10 177
 11 178
 9 179
 10 180
 13 181
 8 182
 8 183
 8 184
 4 185
 7 186
 5 187
 3 188
 3 189
 3 190
 7 191
 2 192
 2 193
 3 194
 2 195
 1 196
 2 197
 1 198
 1 199
 1 200
 0 201
 2 202
 3 203
 3 204
 1 205
 1 206
 1 207
 2 208
 1 209
 0 210
 0 211
 0 212
 1 213
 2 214
 0 215
 1 216
 0 217
 1 218
 0 219
 0 220
 0 221
 1 222
 0 223
 0 224
 1 225
 0 226
 0 227
 0 228
 0 229
 1 230
 0 231
 0 232
 0 233
 0 234
 0 235
 1 236
 0 237
 0 238
 0 239
 0 240
 0 241
 0 242
 0 243
 0 244
 0 245
 0 246
 0 247
 0 248
 0 249
 0 250
 0 251
 0 252
 0 253
 0 254
 0 255
 0 256
 0 257
 0 258
 0 259
 0 260
 0 261
 0 262
 0 263
 0 264
 0 265
 0 266
 0 267
 0 268
 0 269
 0 270
 0 271
 0 272
 0 273
 0 274
 0 275
 0 276
 0 277
 0 278
 0 279
 1 280
 0 281
 2 282
 0 283
 0 284
 0 285
 0 286
 0 287
 1 288
 0 289
 0 290
 0 291
 1 292
 0 293
 0 294
 2 295
 4 296
 2 297
 1 298
 1 299
 1 300
 2 301
 0 302
 0 303
 3 304
 3 305
 1 306
 2 307
 5 308
 3 309
 2 310
 3 311
 2 312
 1 313
 3 314
 2 315
 1 316
 1 317
 0 318
 2 319
 1 320
 2 321
 3 322
 3 323
 2 324
 2 325
 3 326
 4 327
 3 328
 1 329
 2 330
 3 331
 2 332
 2 333
 3 334
 3 335
 4 336
 1 337
 0 338
 1 339
 2 340
 1 341
 2 342
 2 343
 2 344
 3 345
 1 346
 1 347
 2 348
 0 349
 3 350
 0 351
 1 352
 1 353
 2 354
 2 355
 1 356
 1 357
 0 358
 2 359
 0 360
 2 361
 1 362
 2 363
 3 364
 0 365
 2 366
 0 367
 2 368
 1 369
 2 370
 1 371
 2 372
 0 373
 2 374
 1 375
 0 376
 0 377
 1 378
 0 379
 3 380
 2 381
 0 382
 0 383
 1 384
 2 385
 1 386
 1 387
 0 388
 0 389
 0 390
 1 391
 0 392
 1 393
 2 394
 1 395
 1 396
 1 397
 0 398
 0 399
 0 400
 0 401
 0 402
 1 403
 0 404
 0 405
 0 406
 0 407
 0 408
 0 409
 0 410
 0 411
 0 412
 0 413
 0 414
 0 415
 0 416
 0 417
 0 418
 0 419
 0 420
 0 421
 0 422
 1 423
 0 424
 1 425
 0 426
 0 427
 0 428
 0 429
 0 430
 0 431
 0 432
 0 433
 0 434
 0 435
 0 436
 0 437
 0 438
 0 439
 0 440
 0 441
 0 442
 0 443
 0 444
 0 445
 0 446
 0 447
 0 448
 0 449
 0 450
 0 451
 0 452
 0 453
 0 454
 0 455
 0 456
 0 457
 0 458
 0 459
 0 460
 0 461
 0 462
 0 463
 0 464
 0 465
 0 466
 0 467
 0 468
 0 469
 0 470
 0 471
 0 472
 0 473
 0 474
 0 475
 0 476
 0 477
 0 478
 0 479
 0 480
 0 481
 0 482
 0 483
 0 484
 0 485
 0 486
 0 487
 0 488
 0 489
 0 490
 0 491
 0 492
 0 493
 0 494
 0 495
 0 496
 0 497
 0 498
 0 499
 0 500
 0 501
 0 502
 0 503
 0 504
 0 505
 0 506
 0 507
 0 508
 0 509
 0 510
 0 511
 0 512
 0 513
 0 514
 0 515
 0 516
 0 517
 0 518
 0 519
 0 520
 0 521
 0 522
 0 523
 0 524
 0 525
 0 526
 0 527
 0 528
 0 529
 0 530
 0 531
 0 532
 0 533
 0 534
 0 535
 0 536
 0 537
 0 538
 0 539
 0 540
 0 541
 0 542
 0 543
 0 544
 0 545
 0 546
 0 547
 0 548
 0 549
 0 550
 0 551
 0 552
 0 553
 0 554
 0 555
 0 556
 0 557
 0 558
 0 559
 0 560
 0 561
 0 562
 0 563
 0 564
 0 565
 0 566
 0 567
 0 568
 0 569
 0 570
 0 571
 0 572
 0 573
 0 574
 0 575
 0 576
 0 577
 0 578
 0 579
 0 580
 0 581
 0 582
 0 583
 0 584
 0 585
 0 586
 0 587
 0 588
 0 589
 0 590
 0 591
 0 592
 0 593
 0 594
 0 595
 0 596
 0 597
 0 598
 0 599
 0 600


