# Created by Octave 3.8.2, Sat Jun 20 19:06:44 2020 CEST <damian@fptrucha.inv.usc.es>
# name: hd
# type: matrix
# rows: 551
# columns: 2
 0 50
 0 51
 0 52
 0 53
 0 54
 0 55
 0 56
 0 57
 0 58
 0 59
 0 60
 0 61
 0 62
 0 63
 0 64
 0 65
 0 66
 0 67
 0 68
 0 69
 0 70
 0 71
 0 72
 0 73
 0 74
 0 75
 0 76
 0 77
 0 78
 0 79
 0 80
 0 81
 0 82
 0 83
 0 84
 0 85
 0 86
 0 87
 2 88
 2 89
 1 90
 34 91
 93 92
 114 93
 163 94
 282 95
 379 96
 607 97
 672 98
 835 99
 997 100
 1069 101
 1150 102
 1224 103
 1235 104
 1281 105
 1317 106
 1329 107
 1298 108
 1221 109
 1253 110
 1187 111
 1171 112
 1083 113
 973 114
 969 115
 894 116
 924 117
 808 118
 714 119
 735 120
 711 121
 578 122
 563 123
 512 124
 501 125
 435 126
 419 127
 374 128
 374 129
 370 130
 276 131
 284 132
 240 133
 250 134
 213 135
 203 136
 171 137
 160 138
 146 139
 155 140
 113 141
 136 142
 118 143
 104 144
 91 145
 91 146
 88 147
 79 148
 88 149
 65 150
 62 151
 70 152
 66 153
 52 154
 60 155
 47 156
 52 157
 50 158
 45 159
 37 160
 42 161
 30 162
 28 163
 30 164
 28 165
 27 166
 27 167
 20 168
 28 169
 20 170
 20 171
 19 172
 17 173
 17 174
 13 175
 10 176
 13 177
 22 178
 12 179
 13 180
 10 181
 11 182
 9 183
 9 184
 5 185
 10 186
 7 187
 6 188
 5 189
 6 190
 5 191
 5 192
 1 193
 8 194
 2 195
 4 196
 2 197
 4 198
 0 199
 2 200
 3 201
 2 202
 0 203
 1 204
 3 205
 1 206
 4 207
 1 208
 0 209
 0 210
 0 211
 1 212
 0 213
 0 214
 1 215
 2 216
 1 217
 1 218
 0 219
 1 220
 0 221
 1 222
 0 223
 2 224
 1 225
 0 226
 1 227
 0 228
 0 229
 1 230
 0 231
 0 232
 0 233
 0 234
 1 235
 0 236
 1 237
 0 238
 0 239
 0 240
 0 241
 0 242
 0 243
 0 244
 0 245
 0 246
 0 247
 0 248
 0 249
 0 250
 0 251
 0 252
 0 253
 0 254
 0 255
 1 256
 0 257
 0 258
 0 259
 0 260
 0 261
 0 262
 0 263
 0 264
 0 265
 0 266
 0 267
 0 268
 0 269
 0 270
 0 271
 0 272
 0 273
 1 274
 0 275
 0 276
 0 277
 1 278
 0 279
 0 280
 0 281
 0 282
 0 283
 0 284
 0 285
 0 286
 0 287
 0 288
 0 289
 1 290
 1 291
 3 292
 0 293
 1 294
 1 295
 1 296
 0 297
 3 298
 2 299
 1 300
 1 301
 3 302
 1 303
 1 304
 1 305
 1 306
 4 307
 2 308
 1 309
 1 310
 0 311
 5 312
 2 313
 1 314
 1 315
 1 316
 2 317
 4 318
 0 319
 2 320
 1 321
 2 322
 3 323
 1 324
 1 325
 2 326
 3 327
 2 328
 0 329
 1 330
 1 331
 4 332
 3 333
 1 334
 5 335
 3 336
 1 337
 4 338
 4 339
 2 340
 2 341
 2 342
 2 343
 2 344
 1 345
 4 346
 2 347
 0 348
 1 349
 1 350
 3 351
 2 352
 3 353
 1 354
 1 355
 3 356
 0 357
 2 358
 2 359
 0 360
 0 361
 0 362
 0 363
 2 364
 1 365
 0 366
 0 367
 1 368
 2 369
 2 370
 0 371
 1 372
 0 373
 2 374
 3 375
 1 376
 1 377
 3 378
 0 379
 1 380
 0 381
 0 382
 0 383
 1 384
 0 385
 1 386
 1 387
 0 388
 0 389
 1 390
 0 391
 0 392
 0 393
 0 394
 0 395
 0 396
 0 397
 0 398
 1 399
 1 400
 1 401
 0 402
 0 403
 0 404
 0 405
 0 406
 0 407
 1 408
 0 409
 0 410
 0 411
 0 412
 0 413
 0 414
 0 415
 0 416
 0 417
 0 418
 0 419
 0 420
 0 421
 0 422
 0 423
 0 424
 0 425
 0 426
 0 427
 0 428
 0 429
 0 430
 0 431
 0 432
 0 433
 0 434
 0 435
 0 436
 0 437
 0 438
 0 439
 0 440
 0 441
 0 442
 0 443
 0 444
 0 445
 0 446
 0 447
 0 448
 0 449
 0 450
 0 451
 0 452
 0 453
 0 454
 0 455
 0 456
 0 457
 0 458
 0 459
 0 460
 0 461
 0 462
 0 463
 0 464
 0 465
 0 466
 0 467
 0 468
 0 469
 0 470
 0 471
 0 472
 0 473
 0 474
 0 475
 0 476
 0 477
 0 478
 0 479
 0 480
 0 481
 0 482
 0 483
 0 484
 0 485
 0 486
 0 487
 0 488
 0 489
 0 490
 0 491
 0 492
 0 493
 0 494
 0 495
 0 496
 0 497
 0 498
 0 499
 0 500
 0 501
 0 502
 0 503
 0 504
 0 505
 0 506
 0 507
 0 508
 0 509
 0 510
 0 511
 0 512
 0 513
 0 514
 0 515
 0 516
 0 517
 0 518
 0 519
 0 520
 0 521
 0 522
 0 523
 0 524
 0 525
 0 526
 0 527
 0 528
 0 529
 0 530
 0 531
 0 532
 0 533
 0 534
 0 535
 0 536
 0 537
 0 538
 0 539
 0 540
 0 541
 0 542
 0 543
 0 544
 0 545
 0 546
 0 547
 0 548
 0 549
 0 550
 0 551
 0 552
 0 553
 0 554
 0 555
 0 556
 0 557
 0 558
 0 559
 0 560
 0 561
 0 562
 0 563
 0 564
 0 565
 0 566
 0 567
 0 568
 0 569
 0 570
 0 571
 0 572
 0 573
 0 574
 0 575
 0 576
 0 577
 0 578
 0 579
 0 580
 0 581
 0 582
 0 583
 0 584
 0 585
 0 586
 0 587
 0 588
 0 589
 0 590
 0 591
 0 592
 0 593
 0 594
 0 595
 0 596
 0 597
 0 598
 0 599
 0 600


