# Created by Octave 3.8.2, Mon Jun 22 22:37:59 2020 CEST <damian@fptrucha.inv.usc.es>
# name: hd
# type: matrix
# rows: 551
# columns: 2
 0 50
 0 51
 0 52
 0 53
 0 54
 0 55
 0 56
 0 57
 0 58
 0 59
 0 60
 0 61
 0 62
 0 63
 0 64
 0 65
 0 66
 0 67
 0 68
 0 69
 0 70
 0 71
 0 72
 0 73
 0 74
 0 75
 0 76
 0 77
 0 78
 0 79
 0 80
 0 81
 0 82
 0 83
 0 84
 0 85
 0 86
 0 87
 0 88
 5 89
 3 90
 41 91
 89 92
 164 93
 195 94
 330 95
 524 96
 756 97
 990 98
 1156 99
 1339 100
 1464 101
 1558 102
 1557 103
 1626 104
 1688 105
 1595 106
 1498 107
 1497 108
 1397 109
 1369 110
 1260 111
 1211 112
 1139 113
 1066 114
 1004 115
 891 116
 760 117
 738 118
 697 119
 613 120
 530 121
 533 122
 420 123
 421 124
 369 125
 370 126
 299 127
 320 128
 266 129
 238 130
 215 131
 201 132
 175 133
 174 134
 184 135
 161 136
 170 137
 137 138
 109 139
 123 140
 109 141
 93 142
 106 143
 84 144
 97 145
 83 146
 80 147
 79 148
 58 149
 78 150
 53 151
 65 152
 50 153
 47 154
 34 155
 38 156
 52 157
 26 158
 43 159
 40 160
 38 161
 41 162
 39 163
 23 164
 25 165
 19 166
 24 167
 20 168
 17 169
 19 170
 12 171
 21 172
 20 173
 8 174
 11 175
 15 176
 16 177
 8 178
 8 179
 11 180
 5 181
 6 182
 3 183
 11 184
 13 185
 8 186
 5 187
 6 188
 6 189
 8 190
 8 191
 4 192
 4 193
 1 194
 2 195
 3 196
 2 197
 2 198
 4 199
 3 200
 3 201
 1 202
 2 203
 0 204
 1 205
 2 206
 1 207
 0 208
 2 209
 2 210
 0 211
 1 212
 1 213
 1 214
 0 215
 0 216
 2 217
 1 218
 0 219
 0 220
 0 221
 0 222
 0 223
 1 224
 0 225
 1 226
 0 227
 0 228
 0 229
 0 230
 0 231
 0 232
 0 233
 0 234
 0 235
 0 236
 0 237
 0 238
 0 239
 0 240
 0 241
 0 242
 0 243
 0 244
 0 245
 0 246
 0 247
 0 248
 0 249
 0 250
 0 251
 0 252
 0 253
 0 254
 0 255
 0 256
 0 257
 0 258
 0 259
 0 260
 0 261
 0 262
 1 263
 0 264
 0 265
 0 266
 0 267
 0 268
 0 269
 0 270
 1 271
 0 272
 0 273
 0 274
 0 275
 1 276
 0 277
 0 278
 0 279
 1 280
 0 281
 0 282
 0 283
 1 284
 1 285
 0 286
 0 287
 0 288
 1 289
 1 290
 1 291
 3 292
 1 293
 3 294
 2 295
 1 296
 0 297
 2 298
 0 299
 0 300
 2 301
 2 302
 2 303
 1 304
 2 305
 1 306
 0 307
 5 308
 3 309
 2 310
 2 311
 2 312
 0 313
 2 314
 3 315
 3 316
 2 317
 5 318
 3 319
 0 320
 2 321
 2 322
 1 323
 4 324
 5 325
 4 326
 6 327
 1 328
 1 329
 2 330
 1 331
 2 332
 2 333
 4 334
 4 335
 7 336
 2 337
 3 338
 3 339
 2 340
 3 341
 2 342
 2 343
 2 344
 3 345
 2 346
 1 347
 0 348
 1 349
 3 350
 2 351
 5 352
 3 353
 0 354
 3 355
 2 356
 2 357
 2 358
 3 359
 1 360
 2 361
 1 362
 2 363
 1 364
 0 365
 1 366
 3 367
 2 368
 2 369
 2 370
 2 371
 1 372
 2 373
 0 374
 0 375
 0 376
 3 377
 0 378
 1 379
 1 380
 1 381
 0 382
 0 383
 0 384
 2 385
 1 386
 0 387
 1 388
 1 389
 0 390
 0 391
 1 392
 0 393
 0 394
 0 395
 0 396
 0 397
 0 398
 1 399
 0 400
 0 401
 1 402
 0 403
 1 404
 0 405
 1 406
 0 407
 0 408
 1 409
 0 410
 0 411
 0 412
 0 413
 0 414
 0 415
 0 416
 0 417
 0 418
 0 419
 0 420
 0 421
 0 422
 0 423
 0 424
 0 425
 0 426
 0 427
 0 428
 0 429
 0 430
 1 431
 0 432
 0 433
 0 434
 0 435
 0 436
 0 437
 0 438
 0 439
 0 440
 0 441
 0 442
 0 443
 0 444
 0 445
 0 446
 0 447
 0 448
 0 449
 0 450
 0 451
 0 452
 0 453
 0 454
 0 455
 0 456
 0 457
 0 458
 0 459
 0 460
 0 461
 0 462
 0 463
 0 464
 0 465
 0 466
 0 467
 0 468
 0 469
 0 470
 0 471
 0 472
 0 473
 0 474
 0 475
 0 476
 0 477
 0 478
 0 479
 0 480
 0 481
 0 482
 0 483
 0 484
 0 485
 0 486
 0 487
 0 488
 0 489
 0 490
 0 491
 0 492
 0 493
 0 494
 0 495
 0 496
 0 497
 0 498
 0 499
 0 500
 0 501
 0 502
 0 503
 0 504
 0 505
 0 506
 0 507
 0 508
 0 509
 0 510
 0 511
 0 512
 0 513
 0 514
 0 515
 0 516
 0 517
 0 518
 0 519
 0 520
 0 521
 0 522
 0 523
 0 524
 0 525
 0 526
 0 527
 0 528
 0 529
 0 530
 0 531
 0 532
 0 533
 0 534
 0 535
 0 536
 0 537
 0 538
 0 539
 0 540
 0 541
 0 542
 0 543
 0 544
 0 545
 0 546
 0 547
 0 548
 0 549
 0 550
 0 551
 0 552
 0 553
 0 554
 0 555
 0 556
 0 557
 0 558
 0 559
 0 560
 0 561
 0 562
 0 563
 0 564
 0 565
 0 566
 0 567
 0 568
 0 569
 0 570
 0 571
 0 572
 0 573
 0 574
 0 575
 0 576
 0 577
 0 578
 0 579
 0 580
 0 581
 0 582
 0 583
 0 584
 0 585
 0 586
 0 587
 0 588
 0 589
 0 590
 0 591
 0 592
 0 593
 0 594
 0 595
 0 596
 0 597
 0 598
 0 599
 0 600


