# Created by Octave 3.8.2, Sat Jun 20 07:59:10 2020 CEST <damian@fptrucha.inv.usc.es>
# name: hd
# type: matrix
# rows: 551
# columns: 2
 0 50
 0 51
 0 52
 0 53
 0 54
 0 55
 0 56
 0 57
 0 58
 0 59
 0 60
 0 61
 0 62
 0 63
 0 64
 0 65
 0 66
 0 67
 0 68
 0 69
 0 70
 0 71
 0 72
 0 73
 0 74
 0 75
 0 76
 0 77
 0 78
 0 79
 0 80
 0 81
 0 82
 0 83
 0 84
 0 85
 0 86
 1 87
 2 88
 4 89
 4 90
 38 91
 101 92
 134 93
 199 94
 357 95
 472 96
 765 97
 1017 98
 1112 99
 1303 100
 1407 101
 1524 102
 1507 103
 1586 104
 1679 105
 1721 106
 1681 107
 1565 108
 1494 109
 1519 110
 1328 111
 1231 112
 1210 113
 1210 114
 1114 115
 1077 116
 953 117
 832 118
 803 119
 750 120
 657 121
 607 122
 535 123
 494 124
 517 125
 435 126
 369 127
 322 128
 332 129
 286 130
 307 131
 245 132
 243 133
 218 134
 176 135
 191 136
 171 137
 181 138
 140 139
 140 140
 128 141
 113 142
 109 143
 106 144
 87 145
 79 146
 77 147
 70 148
 69 149
 52 150
 72 151
 68 152
 59 153
 70 154
 47 155
 40 156
 41 157
 33 158
 33 159
 42 160
 28 161
 27 162
 24 163
 23 164
 22 165
 18 166
 16 167
 18 168
 15 169
 21 170
 11 171
 16 172
 16 173
 12 174
 14 175
 11 176
 8 177
 6 178
 13 179
 10 180
 6 181
 5 182
 4 183
 4 184
 4 185
 6 186
 5 187
 3 188
 3 189
 1 190
 4 191
 2 192
 2 193
 3 194
 1 195
 2 196
 2 197
 1 198
 2 199
 3 200
 1 201
 3 202
 0 203
 0 204
 1 205
 3 206
 5 207
 0 208
 0 209
 0 210
 1 211
 0 212
 1 213
 0 214
 1 215
 0 216
 0 217
 0 218
 2 219
 0 220
 0 221
 1 222
 0 223
 0 224
 0 225
 0 226
 0 227
 0 228
 1 229
 0 230
 0 231
 0 232
 0 233
 0 234
 0 235
 2 236
 0 237
 0 238
 0 239
 1 240
 0 241
 0 242
 0 243
 0 244
 0 245
 0 246
 0 247
 0 248
 0 249
 0 250
 0 251
 0 252
 0 253
 0 254
 0 255
 0 256
 0 257
 0 258
 0 259
 0 260
 0 261
 0 262
 0 263
 0 264
 0 265
 0 266
 0 267
 0 268
 0 269
 0 270
 0 271
 0 272
 0 273
 0 274
 0 275
 0 276
 0 277
 0 278
 0 279
 0 280
 0 281
 0 282
 0 283
 0 284
 0 285
 0 286
 0 287
 0 288
 0 289
 1 290
 0 291
 1 292
 1 293
 1 294
 1 295
 2 296
 0 297
 2 298
 0 299
 0 300
 1 301
 2 302
 3 303
 3 304
 0 305
 2 306
 2 307
 2 308
 1 309
 1 310
 1 311
 3 312
 2 313
 3 314
 3 315
 1 316
 1 317
 1 318
 2 319
 4 320
 0 321
 4 322
 2 323
 3 324
 3 325
 3 326
 2 327
 3 328
 2 329
 2 330
 2 331
 2 332
 2 333
 0 334
 2 335
 2 336
 1 337
 2 338
 2 339
 3 340
 3 341
 2 342
 2 343
 1 344
 1 345
 1 346
 3 347
 3 348
 2 349
 0 350
 3 351
 3 352
 3 353
 0 354
 2 355
 2 356
 6 357
 1 358
 2 359
 0 360
 2 361
 0 362
 0 363
 1 364
 0 365
 0 366
 1 367
 3 368
 1 369
 1 370
 1 371
 0 372
 0 373
 2 374
 0 375
 0 376
 0 377
 3 378
 0 379
 0 380
 1 381
 0 382
 1 383
 0 384
 1 385
 0 386
 1 387
 0 388
 0 389
 0 390
 1 391
 2 392
 0 393
 0 394
 0 395
 1 396
 3 397
 0 398
 0 399
 0 400
 1 401
 1 402
 0 403
 0 404
 1 405
 0 406
 0 407
 1 408
 0 409
 0 410
 0 411
 0 412
 0 413
 0 414
 0 415
 0 416
 0 417
 0 418
 0 419
 0 420
 1 421
 0 422
 0 423
 0 424
 0 425
 0 426
 0 427
 0 428
 0 429
 0 430
 0 431
 0 432
 0 433
 0 434
 1 435
 0 436
 0 437
 0 438
 0 439
 0 440
 0 441
 0 442
 0 443
 0 444
 0 445
 0 446
 0 447
 0 448
 0 449
 0 450
 0 451
 0 452
 0 453
 0 454
 0 455
 0 456
 0 457
 0 458
 0 459
 0 460
 0 461
 0 462
 0 463
 0 464
 0 465
 0 466
 0 467
 0 468
 0 469
 0 470
 0 471
 0 472
 0 473
 0 474
 0 475
 0 476
 0 477
 0 478
 0 479
 0 480
 0 481
 0 482
 0 483
 0 484
 0 485
 0 486
 0 487
 0 488
 0 489
 0 490
 0 491
 0 492
 0 493
 0 494
 0 495
 0 496
 0 497
 0 498
 0 499
 0 500
 0 501
 0 502
 0 503
 0 504
 0 505
 0 506
 0 507
 0 508
 0 509
 0 510
 0 511
 0 512
 0 513
 0 514
 0 515
 0 516
 0 517
 0 518
 0 519
 0 520
 0 521
 0 522
 0 523
 0 524
 0 525
 0 526
 0 527
 0 528
 0 529
 0 530
 0 531
 0 532
 0 533
 0 534
 0 535
 0 536
 0 537
 0 538
 0 539
 0 540
 0 541
 0 542
 0 543
 0 544
 0 545
 0 546
 0 547
 0 548
 0 549
 0 550
 0 551
 0 552
 0 553
 0 554
 0 555
 0 556
 0 557
 0 558
 0 559
 0 560
 0 561
 0 562
 0 563
 0 564
 0 565
 0 566
 0 567
 0 568
 0 569
 0 570
 0 571
 0 572
 0 573
 0 574
 0 575
 0 576
 0 577
 0 578
 0 579
 0 580
 0 581
 0 582
 0 583
 0 584
 0 585
 0 586
 0 587
 0 588
 0 589
 0 590
 0 591
 0 592
 0 593
 0 594
 0 595
 0 596
 0 597
 0 598
 0 599
 0 600


