# Created by Octave 3.8.2, Mon Jun 22 13:26:46 2020 CEST <damian@fptrucha.inv.usc.es>
# name: hd
# type: matrix
# rows: 551
# columns: 2
 0 50
 0 51
 0 52
 0 53
 0 54
 0 55
 0 56
 0 57
 0 58
 0 59
 0 60
 0 61
 0 62
 0 63
 0 64
 0 65
 0 66
 0 67
 0 68
 0 69
 0 70
 0 71
 0 72
 0 73
 0 74
 0 75
 0 76
 0 77
 0 78
 0 79
 0 80
 0 81
 0 82
 0 83
 0 84
 0 85
 0 86
 0 87
 1 88
 3 89
 3 90
 16 91
 90 92
 127 93
 172 94
 250 95
 452 96
 689 97
 846 98
 1046 99
 1253 100
 1326 101
 1495 102
 1484 103
 1499 104
 1577 105
 1526 106
 1554 107
 1420 108
 1448 109
 1315 110
 1204 111
 1141 112
 1019 113
 998 114
 967 115
 842 116
 805 117
 693 118
 645 119
 654 120
 522 121
 477 122
 445 123
 401 124
 384 125
 308 126
 283 127
 269 128
 265 129
 241 130
 208 131
 190 132
 195 133
 166 134
 163 135
 147 136
 146 137
 146 138
 129 139
 125 140
 111 141
 117 142
 101 143
 97 144
 93 145
 69 146
 84 147
 63 148
 68 149
 63 150
 54 151
 70 152
 53 153
 48 154
 34 155
 44 156
 43 157
 42 158
 47 159
 37 160
 28 161
 32 162
 29 163
 25 164
 21 165
 27 166
 22 167
 16 168
 20 169
 16 170
 29 171
 15 172
 18 173
 13 174
 12 175
 11 176
 11 177
 12 178
 9 179
 12 180
 8 181
 12 182
 7 183
 3 184
 7 185
 8 186
 4 187
 11 188
 9 189
 2 190
 2 191
 1 192
 4 193
 6 194
 3 195
 4 196
 0 197
 2 198
 4 199
 1 200
 1 201
 0 202
 3 203
 0 204
 2 205
 1 206
 1 207
 0 208
 4 209
 0 210
 0 211
 0 212
 0 213
 2 214
 0 215
 1 216
 0 217
 1 218
 0 219
 0 220
 1 221
 1 222
 1 223
 0 224
 0 225
 0 226
 0 227
 0 228
 0 229
 0 230
 0 231
 0 232
 0 233
 0 234
 0 235
 1 236
 0 237
 0 238
 0 239
 0 240
 0 241
 0 242
 0 243
 0 244
 0 245
 0 246
 0 247
 0 248
 0 249
 0 250
 0 251
 2 252
 0 253
 0 254
 0 255
 0 256
 0 257
 0 258
 0 259
 1 260
 1 261
 0 262
 0 263
 0 264
 0 265
 0 266
 0 267
 0 268
 2 269
 0 270
 0 271
 0 272
 0 273
 0 274
 0 275
 0 276
 0 277
 0 278
 0 279
 0 280
 1 281
 0 282
 1 283
 0 284
 2 285
 0 286
 3 287
 1 288
 0 289
 0 290
 0 291
 2 292
 3 293
 2 294
 0 295
 1 296
 0 297
 1 298
 0 299
 0 300
 3 301
 2 302
 1 303
 3 304
 1 305
 1 306
 2 307
 1 308
 5 309
 3 310
 2 311
 1 312
 1 313
 2 314
 2 315
 0 316
 2 317
 2 318
 2 319
 3 320
 1 321
 2 322
 4 323
 0 324
 1 325
 5 326
 2 327
 1 328
 2 329
 1 330
 1 331
 5 332
 4 333
 7 334
 1 335
 2 336
 2 337
 2 338
 1 339
 3 340
 1 341
 1 342
 3 343
 2 344
 2 345
 0 346
 2 347
 3 348
 3 349
 1 350
 2 351
 0 352
 2 353
 2 354
 0 355
 2 356
 1 357
 2 358
 1 359
 1 360
 2 361
 2 362
 1 363
 2 364
 0 365
 1 366
 2 367
 0 368
 0 369
 2 370
 1 371
 1 372
 0 373
 0 374
 2 375
 2 376
 5 377
 1 378
 2 379
 0 380
 0 381
 0 382
 0 383
 0 384
 0 385
 0 386
 0 387
 1 388
 0 389
 1 390
 1 391
 1 392
 0 393
 1 394
 0 395
 0 396
 0 397
 0 398
 0 399
 0 400
 0 401
 1 402
 1 403
 0 404
 0 405
 1 406
 0 407
 0 408
 1 409
 1 410
 0 411
 0 412
 0 413
 0 414
 0 415
 0 416
 0 417
 0 418
 0 419
 0 420
 0 421
 0 422
 0 423
 0 424
 0 425
 0 426
 0 427
 0 428
 0 429
 0 430
 0 431
 0 432
 0 433
 0 434
 0 435
 0 436
 0 437
 0 438
 0 439
 0 440
 0 441
 0 442
 0 443
 0 444
 0 445
 0 446
 0 447
 0 448
 0 449
 0 450
 0 451
 0 452
 0 453
 0 454
 0 455
 0 456
 0 457
 0 458
 0 459
 0 460
 0 461
 0 462
 0 463
 0 464
 0 465
 0 466
 0 467
 0 468
 0 469
 0 470
 0 471
 0 472
 0 473
 0 474
 0 475
 0 476
 0 477
 0 478
 0 479
 0 480
 0 481
 0 482
 0 483
 0 484
 0 485
 0 486
 0 487
 0 488
 0 489
 0 490
 0 491
 0 492
 0 493
 0 494
 0 495
 0 496
 0 497
 0 498
 0 499
 0 500
 0 501
 0 502
 0 503
 0 504
 0 505
 0 506
 0 507
 0 508
 0 509
 0 510
 0 511
 0 512
 0 513
 0 514
 0 515
 0 516
 0 517
 0 518
 0 519
 0 520
 0 521
 0 522
 0 523
 0 524
 0 525
 0 526
 0 527
 0 528
 0 529
 0 530
 0 531
 0 532
 0 533
 0 534
 0 535
 0 536
 0 537
 0 538
 0 539
 0 540
 0 541
 0 542
 0 543
 0 544
 0 545
 0 546
 0 547
 0 548
 0 549
 0 550
 0 551
 0 552
 0 553
 0 554
 0 555
 0 556
 0 557
 0 558
 0 559
 0 560
 0 561
 0 562
 0 563
 0 564
 0 565
 0 566
 0 567
 0 568
 0 569
 0 570
 0 571
 0 572
 0 573
 0 574
 0 575
 0 576
 0 577
 0 578
 0 579
 0 580
 0 581
 0 582
 0 583
 0 584
 0 585
 0 586
 0 587
 0 588
 0 589
 0 590
 0 591
 0 592
 0 593
 0 594
 0 595
 0 596
 0 597
 0 598
 0 599
 0 600


