# Created by Octave 3.8.2, Sat Jun 20 03:00:43 2020 CEST <damian@fptrucha.inv.usc.es>
# name: hd
# type: matrix
# rows: 551
# columns: 2
 0 50
 0 51
 0 52
 0 53
 0 54
 0 55
 0 56
 0 57
 0 58
 0 59
 0 60
 0 61
 0 62
 0 63
 0 64
 0 65
 0 66
 0 67
 0 68
 0 69
 0 70
 0 71
 0 72
 0 73
 0 74
 0 75
 0 76
 0 77
 0 78
 0 79
 0 80
 0 81
 0 82
 0 83
 0 84
 0 85
 0 86
 0 87
 2 88
 2 89
 3 90
 25 91
 93 92
 130 93
 169 94
 255 95
 413 96
 589 97
 818 98
 944 99
 1150 100
 1128 101
 1267 102
 1301 103
 1338 104
 1489 105
 1397 106
 1417 107
 1382 108
 1420 109
 1322 110
 1351 111
 1262 112
 1170 113
 1171 114
 1062 115
 990 116
 901 117
 883 118
 844 119
 762 120
 708 121
 678 122
 609 123
 510 124
 522 125
 480 126
 450 127
 402 128
 357 129
 393 130
 330 131
 292 132
 255 133
 256 134
 246 135
 238 136
 195 137
 166 138
 177 139
 162 140
 149 141
 153 142
 118 143
 99 144
 113 145
 111 146
 109 147
 94 148
 93 149
 76 150
 85 151
 66 152
 63 153
 69 154
 58 155
 42 156
 64 157
 51 158
 37 159
 50 160
 35 161
 35 162
 28 163
 31 164
 26 165
 18 166
 32 167
 18 168
 31 169
 24 170
 27 171
 14 172
 16 173
 20 174
 15 175
 18 176
 12 177
 10 178
 14 179
 6 180
 6 181
 17 182
 6 183
 7 184
 15 185
 4 186
 6 187
 6 188
 6 189
 5 190
 4 191
 4 192
 4 193
 3 194
 2 195
 5 196
 3 197
 2 198
 5 199
 7 200
 2 201
 5 202
 1 203
 3 204
 1 205
 0 206
 4 207
 0 208
 0 209
 2 210
 2 211
 1 212
 0 213
 2 214
 0 215
 0 216
 1 217
 0 218
 2 219
 1 220
 0 221
 1 222
 1 223
 0 224
 0 225
 0 226
 0 227
 0 228
 0 229
 0 230
 1 231
 1 232
 0 233
 0 234
 0 235
 0 236
 0 237
 1 238
 0 239
 0 240
 0 241
 0 242
 0 243
 0 244
 0 245
 0 246
 0 247
 0 248
 0 249
 0 250
 0 251
 0 252
 0 253
 0 254
 0 255
 0 256
 0 257
 0 258
 0 259
 0 260
 0 261
 0 262
 0 263
 0 264
 0 265
 1 266
 0 267
 0 268
 0 269
 0 270
 1 271
 0 272
 0 273
 0 274
 0 275
 0 276
 1 277
 0 278
 0 279
 0 280
 0 281
 0 282
 1 283
 1 284
 0 285
 0 286
 0 287
 0 288
 1 289
 0 290
 0 291
 0 292
 1 293
 1 294
 0 295
 0 296
 0 297
 3 298
 2 299
 0 300
 1 301
 0 302
 2 303
 2 304
 4 305
 3 306
 1 307
 2 308
 3 309
 4 310
 3 311
 1 312
 3 313
 4 314
 1 315
 3 316
 4 317
 3 318
 3 319
 1 320
 4 321
 3 322
 2 323
 0 324
 3 325
 7 326
 0 327
 3 328
 2 329
 1 330
 2 331
 4 332
 1 333
 2 334
 3 335
 2 336
 0 337
 3 338
 5 339
 3 340
 1 341
 2 342
 2 343
 2 344
 2 345
 0 346
 1 347
 0 348
 1 349
 3 350
 5 351
 1 352
 0 353
 2 354
 1 355
 3 356
 2 357
 1 358
 1 359
 2 360
 2 361
 0 362
 0 363
 4 364
 1 365
 4 366
 0 367
 2 368
 1 369
 2 370
 0 371
 0 372
 2 373
 0 374
 2 375
 4 376
 1 377
 2 378
 2 379
 2 380
 0 381
 0 382
 1 383
 1 384
 0 385
 1 386
 1 387
 1 388
 0 389
 2 390
 1 391
 0 392
 0 393
 1 394
 0 395
 1 396
 1 397
 0 398
 0 399
 0 400
 2 401
 0 402
 0 403
 0 404
 0 405
 0 406
 0 407
 0 408
 2 409
 0 410
 0 411
 0 412
 0 413
 1 414
 0 415
 1 416
 1 417
 0 418
 1 419
 0 420
 0 421
 0 422
 0 423
 0 424
 0 425
 0 426
 0 427
 0 428
 0 429
 0 430
 0 431
 0 432
 0 433
 0 434
 0 435
 0 436
 0 437
 0 438
 0 439
 0 440
 0 441
 0 442
 0 443
 0 444
 0 445
 0 446
 0 447
 0 448
 0 449
 0 450
 0 451
 0 452
 0 453
 0 454
 0 455
 0 456
 0 457
 0 458
 0 459
 0 460
 0 461
 0 462
 0 463
 0 464
 0 465
 0 466
 0 467
 0 468
 0 469
 0 470
 0 471
 0 472
 0 473
 0 474
 0 475
 0 476
 0 477
 0 478
 0 479
 0 480
 0 481
 0 482
 0 483
 0 484
 0 485
 0 486
 0 487
 0 488
 0 489
 0 490
 0 491
 0 492
 0 493
 0 494
 0 495
 0 496
 0 497
 0 498
 0 499
 0 500
 0 501
 0 502
 0 503
 0 504
 0 505
 0 506
 0 507
 0 508
 0 509
 0 510
 0 511
 0 512
 0 513
 0 514
 0 515
 0 516
 0 517
 0 518
 0 519
 0 520
 0 521
 0 522
 0 523
 0 524
 0 525
 0 526
 0 527
 0 528
 0 529
 0 530
 0 531
 0 532
 0 533
 0 534
 0 535
 0 536
 0 537
 0 538
 0 539
 0 540
 0 541
 0 542
 0 543
 0 544
 0 545
 0 546
 0 547
 0 548
 0 549
 0 550
 0 551
 0 552
 0 553
 0 554
 0 555
 0 556
 0 557
 0 558
 0 559
 0 560
 0 561
 0 562
 0 563
 0 564
 0 565
 0 566
 0 567
 0 568
 0 569
 0 570
 0 571
 0 572
 0 573
 0 574
 0 575
 0 576
 0 577
 0 578
 0 579
 0 580
 0 581
 0 582
 0 583
 0 584
 0 585
 0 586
 0 587
 0 588
 0 589
 0 590
 0 591
 0 592
 0 593
 0 594
 0 595
 0 596
 0 597
 0 598
 0 599
 0 600


