# Created by Octave 3.8.2, Tue Jun 23 00:17:03 2020 CEST <damian@fptrucha.inv.usc.es>
# name: hd
# type: matrix
# rows: 551
# columns: 2
 0 50
 0 51
 0 52
 0 53
 0 54
 0 55
 0 56
 0 57
 0 58
 0 59
 0 60
 0 61
 0 62
 0 63
 0 64
 0 65
 0 66
 0 67
 0 68
 0 69
 0 70
 0 71
 0 72
 0 73
 0 74
 0 75
 0 76
 0 77
 0 78
 1 79
 0 80
 0 81
 0 82
 0 83
 0 84
 0 85
 0 86
 0 87
 2 88
 4 89
 7 90
 37 91
 103 92
 144 93
 184 94
 322 95
 522 96
 730 97
 977 98
 1139 99
 1363 100
 1454 101
 1503 102
 1570 103
 1583 104
 1683 105
 1598 106
 1609 107
 1505 108
 1475 109
 1376 110
 1417 111
 1197 112
 1155 113
 1029 114
 1013 115
 945 116
 800 117
 713 118
 671 119
 617 120
 602 121
 474 122
 465 123
 406 124
 373 125
 366 126
 342 127
 302 128
 289 129
 287 130
 254 131
 231 132
 208 133
 183 134
 190 135
 161 136
 147 137
 146 138
 131 139
 98 140
 112 141
 119 142
 95 143
 80 144
 82 145
 69 146
 72 147
 68 148
 58 149
 68 150
 73 151
 57 152
 46 153
 43 154
 37 155
 44 156
 47 157
 52 158
 39 159
 38 160
 30 161
 25 162
 23 163
 30 164
 33 165
 34 166
 21 167
 19 168
 26 169
 21 170
 20 171
 12 172
 16 173
 8 174
 11 175
 13 176
 16 177
 12 178
 12 179
 11 180
 12 181
 12 182
 5 183
 7 184
 8 185
 5 186
 9 187
 8 188
 3 189
 6 190
 2 191
 4 192
 6 193
 5 194
 4 195
 1 196
 3 197
 4 198
 5 199
 0 200
 1 201
 1 202
 1 203
 2 204
 2 205
 3 206
 1 207
 2 208
 2 209
 3 210
 0 211
 1 212
 1 213
 0 214
 1 215
 0 216
 0 217
 0 218
 0 219
 0 220
 2 221
 0 222
 0 223
 0 224
 0 225
 0 226
 0 227
 0 228
 0 229
 0 230
 0 231
 0 232
 0 233
 0 234
 0 235
 1 236
 0 237
 0 238
 0 239
 0 240
 0 241
 0 242
 0 243
 0 244
 0 245
 0 246
 0 247
 0 248
 0 249
 0 250
 0 251
 0 252
 0 253
 0 254
 0 255
 0 256
 0 257
 0 258
 0 259
 0 260
 0 261
 0 262
 0 263
 0 264
 0 265
 0 266
 1 267
 0 268
 0 269
 0 270
 0 271
 0 272
 0 273
 0 274
 0 275
 0 276
 1 277
 0 278
 0 279
 0 280
 0 281
 0 282
 0 283
 0 284
 0 285
 0 286
 0 287
 0 288
 0 289
 1 290
 1 291
 3 292
 3 293
 3 294
 1 295
 4 296
 2 297
 1 298
 0 299
 2 300
 2 301
 2 302
 2 303
 0 304
 1 305
 0 306
 1 307
 2 308
 3 309
 1 310
 2 311
 2 312
 2 313
 1 314
 0 315
 2 316
 0 317
 9 318
 1 319
 4 320
 3 321
 4 322
 5 323
 2 324
 2 325
 3 326
 1 327
 3 328
 1 329
 5 330
 2 331
 2 332
 0 333
 1 334
 4 335
 3 336
 4 337
 0 338
 2 339
 5 340
 2 341
 0 342
 3 343
 2 344
 4 345
 3 346
 0 347
 2 348
 1 349
 5 350
 4 351
 3 352
 2 353
 3 354
 4 355
 2 356
 1 357
 2 358
 1 359
 3 360
 1 361
 0 362
 2 363
 0 364
 2 365
 1 366
 2 367
 0 368
 2 369
 0 370
 0 371
 1 372
 0 373
 0 374
 1 375
 0 376
 0 377
 0 378
 1 379
 0 380
 2 381
 1 382
 0 383
 0 384
 1 385
 1 386
 0 387
 1 388
 0 389
 0 390
 0 391
 1 392
 0 393
 1 394
 0 395
 0 396
 0 397
 0 398
 0 399
 0 400
 0 401
 0 402
 0 403
 0 404
 0 405
 0 406
 1 407
 0 408
 0 409
 0 410
 0 411
 0 412
 0 413
 0 414
 0 415
 0 416
 0 417
 0 418
 0 419
 0 420
 1 421
 0 422
 0 423
 0 424
 0 425
 0 426
 0 427
 0 428
 0 429
 0 430
 0 431
 0 432
 0 433
 0 434
 0 435
 0 436
 0 437
 0 438
 0 439
 0 440
 0 441
 0 442
 0 443
 0 444
 0 445
 0 446
 0 447
 0 448
 0 449
 0 450
 0 451
 0 452
 0 453
 0 454
 0 455
 0 456
 0 457
 0 458
 0 459
 0 460
 0 461
 0 462
 0 463
 0 464
 0 465
 0 466
 0 467
 0 468
 0 469
 0 470
 0 471
 0 472
 0 473
 0 474
 0 475
 0 476
 0 477
 0 478
 0 479
 0 480
 0 481
 0 482
 0 483
 0 484
 0 485
 0 486
 0 487
 0 488
 0 489
 0 490
 0 491
 0 492
 0 493
 0 494
 0 495
 0 496
 0 497
 0 498
 0 499
 0 500
 0 501
 0 502
 0 503
 0 504
 0 505
 0 506
 0 507
 0 508
 0 509
 0 510
 0 511
 0 512
 0 513
 0 514
 0 515
 0 516
 0 517
 0 518
 0 519
 0 520
 0 521
 0 522
 0 523
 0 524
 0 525
 0 526
 0 527
 0 528
 0 529
 0 530
 0 531
 0 532
 0 533
 0 534
 0 535
 0 536
 0 537
 0 538
 0 539
 0 540
 0 541
 0 542
 0 543
 0 544
 0 545
 0 546
 0 547
 0 548
 0 549
 0 550
 0 551
 0 552
 0 553
 0 554
 0 555
 0 556
 0 557
 0 558
 0 559
 0 560
 0 561
 0 562
 0 563
 0 564
 0 565
 0 566
 0 567
 0 568
 0 569
 0 570
 0 571
 0 572
 0 573
 0 574
 0 575
 0 576
 0 577
 0 578
 0 579
 0 580
 0 581
 0 582
 0 583
 0 584
 0 585
 0 586
 0 587
 0 588
 0 589
 0 590
 0 591
 0 592
 0 593
 0 594
 0 595
 0 596
 0 597
 0 598
 0 599
 0 600


