# Created by Octave 3.8.2, Sun Jun 21 05:32:44 2020 CEST <damian@fptrucha.inv.usc.es>
# name: hd
# type: matrix
# rows: 551
# columns: 2
 0 50
 0 51
 0 52
 0 53
 0 54
 0 55
 0 56
 0 57
 0 58
 0 59
 0 60
 0 61
 0 62
 0 63
 0 64
 0 65
 0 66
 0 67
 0 68
 0 69
 0 70
 0 71
 0 72
 0 73
 0 74
 0 75
 0 76
 0 77
 0 78
 0 79
 0 80
 0 81
 0 82
 0 83
 0 84
 0 85
 0 86
 1 87
 4 88
 4 89
 4 90
 27 91
 91 92
 102 93
 141 94
 280 95
 417 96
 558 97
 728 98
 795 99
 922 100
 1075 101
 1114 102
 1150 103
 1257 104
 1306 105
 1316 106
 1316 107
 1257 108
 1267 109
 1256 110
 1184 111
 1132 112
 1071 113
 1028 114
 989 115
 930 116
 841 117
 826 118
 773 119
 721 120
 635 121
 608 122
 504 123
 506 124
 476 125
 426 126
 421 127
 351 128
 359 129
 308 130
 288 131
 262 132
 222 133
 227 134
 201 135
 177 136
 199 137
 124 138
 134 139
 144 140
 146 141
 130 142
 128 143
 103 144
 101 145
 84 146
 74 147
 79 148
 88 149
 80 150
 61 151
 66 152
 62 153
 45 154
 52 155
 48 156
 61 157
 39 158
 38 159
 36 160
 32 161
 34 162
 36 163
 23 164
 22 165
 20 166
 26 167
 25 168
 12 169
 13 170
 18 171
 10 172
 15 173
 16 174
 6 175
 16 176
 11 177
 8 178
 11 179
 5 180
 9 181
 6 182
 10 183
 11 184
 3 185
 2 186
 5 187
 5 188
 3 189
 5 190
 4 191
 5 192
 3 193
 3 194
 2 195
 4 196
 1 197
 3 198
 0 199
 0 200
 0 201
 2 202
 3 203
 1 204
 3 205
 1 206
 0 207
 0 208
 0 209
 0 210
 0 211
 0 212
 0 213
 1 214
 1 215
 1 216
 1 217
 1 218
 0 219
 0 220
 0 221
 0 222
 0 223
 0 224
 0 225
 0 226
 0 227
 0 228
 1 229
 1 230
 0 231
 0 232
 0 233
 0 234
 0 235
 0 236
 0 237
 0 238
 0 239
 0 240
 0 241
 0 242
 0 243
 0 244
 0 245
 0 246
 0 247
 0 248
 0 249
 0 250
 0 251
 0 252
 0 253
 0 254
 0 255
 0 256
 0 257
 0 258
 1 259
 0 260
 0 261
 0 262
 0 263
 0 264
 0 265
 0 266
 0 267
 0 268
 0 269
 0 270
 0 271
 0 272
 0 273
 0 274
 0 275
 0 276
 0 277
 0 278
 0 279
 1 280
 2 281
 0 282
 0 283
 1 284
 0 285
 0 286
 0 287
 0 288
 1 289
 1 290
 1 291
 0 292
 2 293
 0 294
 1 295
 1 296
 0 297
 1 298
 0 299
 1 300
 3 301
 1 302
 0 303
 1 304
 1 305
 1 306
 1 307
 2 308
 0 309
 6 310
 1 311
 1 312
 2 313
 1 314
 3 315
 2 316
 1 317
 5 318
 2 319
 4 320
 6 321
 1 322
 2 323
 5 324
 0 325
 3 326
 1 327
 2 328
 3 329
 2 330
 0 331
 2 332
 2 333
 0 334
 2 335
 2 336
 3 337
 5 338
 3 339
 3 340
 3 341
 3 342
 3 343
 2 344
 2 345
 3 346
 1 347
 1 348
 3 349
 0 350
 2 351
 3 352
 3 353
 3 354
 1 355
 3 356
 1 357
 0 358
 0 359
 1 360
 3 361
 1 362
 1 363
 1 364
 1 365
 0 366
 0 367
 0 368
 0 369
 1 370
 2 371
 2 372
 2 373
 0 374
 1 375
 1 376
 1 377
 0 378
 1 379
 1 380
 1 381
 1 382
 0 383
 0 384
 1 385
 0 386
 1 387
 0 388
 0 389
 1 390
 0 391
 2 392
 1 393
 1 394
 1 395
 1 396
 0 397
 0 398
 0 399
 0 400
 0 401
 0 402
 0 403
 0 404
 1 405
 0 406
 0 407
 1 408
 0 409
 1 410
 0 411
 0 412
 0 413
 1 414
 1 415
 0 416
 0 417
 0 418
 0 419
 0 420
 0 421
 0 422
 0 423
 0 424
 0 425
 0 426
 0 427
 0 428
 0 429
 0 430
 1 431
 0 432
 0 433
 0 434
 0 435
 0 436
 0 437
 0 438
 0 439
 0 440
 0 441
 0 442
 0 443
 0 444
 0 445
 0 446
 0 447
 0 448
 0 449
 0 450
 0 451
 0 452
 0 453
 0 454
 0 455
 0 456
 0 457
 0 458
 0 459
 0 460
 0 461
 0 462
 0 463
 0 464
 0 465
 0 466
 0 467
 0 468
 0 469
 0 470
 0 471
 0 472
 0 473
 0 474
 0 475
 0 476
 0 477
 0 478
 0 479
 0 480
 0 481
 0 482
 0 483
 0 484
 0 485
 0 486
 0 487
 0 488
 0 489
 0 490
 0 491
 0 492
 0 493
 0 494
 0 495
 0 496
 0 497
 0 498
 0 499
 0 500
 0 501
 0 502
 0 503
 0 504
 0 505
 0 506
 0 507
 0 508
 0 509
 0 510
 0 511
 0 512
 0 513
 0 514
 0 515
 0 516
 0 517
 0 518
 0 519
 0 520
 0 521
 0 522
 0 523
 0 524
 0 525
 0 526
 0 527
 0 528
 0 529
 0 530
 0 531
 0 532
 0 533
 0 534
 0 535
 0 536
 0 537
 0 538
 0 539
 0 540
 0 541
 0 542
 0 543
 0 544
 0 545
 0 546
 0 547
 0 548
 0 549
 0 550
 0 551
 0 552
 0 553
 0 554
 0 555
 0 556
 0 557
 0 558
 0 559
 0 560
 0 561
 0 562
 0 563
 0 564
 0 565
 0 566
 0 567
 0 568
 0 569
 0 570
 0 571
 0 572
 0 573
 0 574
 0 575
 0 576
 0 577
 0 578
 0 579
 0 580
 0 581
 0 582
 0 583
 0 584
 0 585
 0 586
 0 587
 0 588
 0 589
 0 590
 0 591
 0 592
 0 593
 0 594
 0 595
 0 596
 0 597
 0 598
 0 599
 0 600


