# Created by Octave 3.8.2, Sat Jun 20 18:10:17 2020 CEST <damian@fptrucha.inv.usc.es>
# name: hd
# type: matrix
# rows: 551
# columns: 2
 0 50
 0 51
 0 52
 0 53
 0 54
 0 55
 0 56
 0 57
 0 58
 0 59
 0 60
 0 61
 0 62
 0 63
 0 64
 0 65
 0 66
 0 67
 0 68
 0 69
 0 70
 0 71
 0 72
 0 73
 0 74
 0 75
 0 76
 0 77
 0 78
 0 79
 0 80
 0 81
 0 82
 0 83
 0 84
 0 85
 0 86
 1 87
 2 88
 2 89
 4 90
 31 91
 90 92
 129 93
 179 94
 273 95
 403 96
 586 97
 712 98
 837 99
 988 100
 1075 101
 1176 102
 1231 103
 1296 104
 1395 105
 1314 106
 1356 107
 1322 108
 1232 109
 1250 110
 1159 111
 1119 112
 1069 113
 1003 114
 1047 115
 930 116
 870 117
 835 118
 784 119
 707 120
 656 121
 594 122
 571 123
 501 124
 461 125
 442 126
 385 127
 346 128
 335 129
 323 130
 272 131
 257 132
 228 133
 223 134
 182 135
 209 136
 175 137
 158 138
 156 139
 143 140
 113 141
 120 142
 137 143
 103 144
 98 145
 86 146
 76 147
 91 148
 57 149
 75 150
 68 151
 50 152
 60 153
 38 154
 71 155
 46 156
 40 157
 56 158
 36 159
 32 160
 35 161
 37 162
 31 163
 35 164
 27 165
 21 166
 22 167
 28 168
 23 169
 17 170
 12 171
 8 172
 11 173
 17 174
 11 175
 10 176
 8 177
 5 178
 12 179
 10 180
 7 181
 6 182
 6 183
 5 184
 7 185
 5 186
 6 187
 2 188
 4 189
 2 190
 3 191
 6 192
 2 193
 2 194
 3 195
 2 196
 1 197
 3 198
 3 199
 1 200
 2 201
 4 202
 2 203
 2 204
 1 205
 0 206
 2 207
 0 208
 0 209
 0 210
 0 211
 0 212
 1 213
 1 214
 1 215
 0 216
 1 217
 2 218
 1 219
 0 220
 0 221
 0 222
 0 223
 1 224
 1 225
 1 226
 1 227
 0 228
 0 229
 0 230
 0 231
 1 232
 0 233
 0 234
 0 235
 0 236
 0 237
 0 238
 0 239
 1 240
 0 241
 1 242
 0 243
 0 244
 0 245
 0 246
 0 247
 0 248
 0 249
 0 250
 0 251
 0 252
 0 253
 0 254
 0 255
 0 256
 0 257
 0 258
 0 259
 0 260
 0 261
 0 262
 0 263
 0 264
 0 265
 0 266
 0 267
 0 268
 0 269
 0 270
 0 271
 0 272
 0 273
 0 274
 1 275
 0 276
 0 277
 0 278
 0 279
 0 280
 0 281
 0 282
 0 283
 1 284
 0 285
 0 286
 0 287
 0 288
 0 289
 0 290
 1 291
 1 292
 1 293
 2 294
 1 295
 0 296
 0 297
 0 298
 1 299
 2 300
 1 301
 2 302
 0 303
 1 304
 0 305
 4 306
 1 307
 2 308
 0 309
 1 310
 0 311
 1 312
 0 313
 3 314
 3 315
 1 316
 0 317
 4 318
 3 319
 1 320
 0 321
 4 322
 3 323
 3 324
 5 325
 2 326
 1 327
 2 328
 2 329
 0 330
 3 331
 4 332
 1 333
 0 334
 1 335
 1 336
 2 337
 4 338
 1 339
 2 340
 3 341
 6 342
 4 343
 1 344
 2 345
 3 346
 0 347
 4 348
 1 349
 4 350
 3 351
 1 352
 3 353
 0 354
 3 355
 1 356
 0 357
 3 358
 1 359
 1 360
 3 361
 2 362
 3 363
 3 364
 4 365
 1 366
 2 367
 1 368
 0 369
 0 370
 1 371
 2 372
 1 373
 0 374
 1 375
 2 376
 2 377
 1 378
 0 379
 0 380
 0 381
 1 382
 2 383
 1 384
 0 385
 0 386
 1 387
 2 388
 0 389
 0 390
 2 391
 0 392
 0 393
 0 394
 0 395
 0 396
 0 397
 0 398
 0 399
 1 400
 1 401
 0 402
 0 403
 0 404
 1 405
 0 406
 0 407
 0 408
 0 409
 0 410
 2 411
 0 412
 1 413
 1 414
 0 415
 0 416
 0 417
 0 418
 0 419
 0 420
 0 421
 0 422
 0 423
 0 424
 0 425
 0 426
 0 427
 0 428
 0 429
 0 430
 0 431
 0 432
 0 433
 0 434
 0 435
 0 436
 0 437
 0 438
 0 439
 0 440
 0 441
 0 442
 0 443
 0 444
 0 445
 0 446
 0 447
 0 448
 0 449
 0 450
 0 451
 0 452
 0 453
 0 454
 0 455
 0 456
 0 457
 0 458
 0 459
 0 460
 0 461
 0 462
 0 463
 0 464
 0 465
 0 466
 0 467
 0 468
 0 469
 0 470
 0 471
 0 472
 0 473
 0 474
 0 475
 0 476
 0 477
 0 478
 0 479
 0 480
 0 481
 0 482
 0 483
 0 484
 0 485
 0 486
 0 487
 0 488
 0 489
 0 490
 0 491
 0 492
 0 493
 0 494
 0 495
 0 496
 0 497
 0 498
 0 499
 0 500
 0 501
 0 502
 0 503
 0 504
 0 505
 0 506
 0 507
 0 508
 0 509
 0 510
 0 511
 0 512
 0 513
 0 514
 0 515
 0 516
 0 517
 0 518
 0 519
 0 520
 0 521
 0 522
 0 523
 0 524
 0 525
 0 526
 0 527
 0 528
 0 529
 0 530
 0 531
 0 532
 0 533
 0 534
 0 535
 0 536
 0 537
 0 538
 0 539
 0 540
 0 541
 0 542
 0 543
 0 544
 0 545
 0 546
 0 547
 0 548
 0 549
 0 550
 0 551
 0 552
 0 553
 0 554
 0 555
 0 556
 0 557
 0 558
 0 559
 0 560
 0 561
 0 562
 0 563
 0 564
 0 565
 0 566
 0 567
 0 568
 0 569
 0 570
 0 571
 0 572
 0 573
 0 574
 0 575
 0 576
 0 577
 0 578
 0 579
 0 580
 0 581
 0 582
 0 583
 0 584
 0 585
 0 586
 0 587
 0 588
 0 589
 0 590
 0 591
 0 592
 0 593
 0 594
 0 595
 0 596
 0 597
 0 598
 0 599
 0 600


