# Created by Octave 3.8.2, Sat Jun 20 19:43:24 2020 CEST <damian@fptrucha.inv.usc.es>
# name: hd
# type: matrix
# rows: 551
# columns: 2
 0 50
 0 51
 0 52
 0 53
 0 54
 0 55
 0 56
 0 57
 0 58
 0 59
 0 60
 0 61
 0 62
 0 63
 0 64
 0 65
 0 66
 0 67
 0 68
 0 69
 0 70
 0 71
 0 72
 0 73
 0 74
 0 75
 0 76
 0 77
 0 78
 0 79
 0 80
 0 81
 0 82
 0 83
 0 84
 0 85
 0 86
 1 87
 1 88
 4 89
 4 90
 22 91
 96 92
 99 93
 153 94
 254 95
 405 96
 586 97
 662 98
 804 99
 893 100
 1082 101
 1151 102
 1208 103
 1169 104
 1277 105
 1304 106
 1293 107
 1247 108
 1222 109
 1255 110
 1188 111
 1135 112
 1034 113
 1020 114
 979 115
 931 116
 839 117
 813 118
 769 119
 716 120
 689 121
 621 122
 586 123
 529 124
 479 125
 418 126
 386 127
 391 128
 370 129
 311 130
 287 131
 279 132
 226 133
 232 134
 217 135
 181 136
 200 137
 191 138
 150 139
 158 140
 134 141
 112 142
 109 143
 115 144
 107 145
 90 146
 99 147
 92 148
 69 149
 69 150
 53 151
 68 152
 72 153
 88 154
 68 155
 55 156
 45 157
 36 158
 49 159
 39 160
 33 161
 31 162
 29 163
 21 164
 31 165
 25 166
 27 167
 22 168
 26 169
 21 170
 23 171
 13 172
 22 173
 17 174
 20 175
 13 176
 12 177
 6 178
 11 179
 12 180
 6 181
 6 182
 6 183
 2 184
 3 185
 3 186
 8 187
 4 188
 5 189
 4 190
 7 191
 2 192
 5 193
 2 194
 0 195
 0 196
 1 197
 8 198
 3 199
 1 200
 2 201
 1 202
 4 203
 2 204
 3 205
 2 206
 1 207
 0 208
 2 209
 2 210
 0 211
 1 212
 0 213
 0 214
 0 215
 1 216
 1 217
 0 218
 1 219
 0 220
 0 221
 0 222
 0 223
 1 224
 0 225
 1 226
 0 227
 1 228
 0 229
 0 230
 1 231
 0 232
 0 233
 0 234
 0 235
 0 236
 0 237
 0 238
 0 239
 0 240
 0 241
 0 242
 0 243
 0 244
 0 245
 0 246
 0 247
 0 248
 0 249
 0 250
 0 251
 0 252
 0 253
 0 254
 0 255
 0 256
 0 257
 0 258
 0 259
 1 260
 0 261
 0 262
 0 263
 0 264
 0 265
 0 266
 0 267
 0 268
 0 269
 0 270
 0 271
 0 272
 0 273
 0 274
 0 275
 1 276
 0 277
 0 278
 0 279
 0 280
 0 281
 1 282
 0 283
 0 284
 1 285
 0 286
 0 287
 1 288
 0 289
 2 290
 2 291
 0 292
 2 293
 0 294
 1 295
 1 296
 1 297
 1 298
 0 299
 1 300
 0 301
 2 302
 1 303
 1 304
 0 305
 0 306
 0 307
 1 308
 1 309
 0 310
 1 311
 2 312
 2 313
 2 314
 3 315
 1 316
 1 317
 1 318
 1 319
 3 320
 0 321
 3 322
 2 323
 5 324
 1 325
 2 326
 4 327
 2 328
 3 329
 2 330
 6 331
 2 332
 4 333
 1 334
 3 335
 5 336
 3 337
 5 338
 1 339
 1 340
 1 341
 2 342
 3 343
 3 344
 3 345
 0 346
 2 347
 5 348
 5 349
 2 350
 5 351
 0 352
 2 353
 1 354
 1 355
 2 356
 2 357
 1 358
 0 359
 1 360
 1 361
 3 362
 2 363
 0 364
 0 365
 1 366
 0 367
 2 368
 3 369
 0 370
 0 371
 0 372
 1 373
 2 374
 1 375
 2 376
 2 377
 0 378
 0 379
 1 380
 0 381
 1 382
 1 383
 1 384
 1 385
 0 386
 1 387
 0 388
 1 389
 0 390
 0 391
 2 392
 0 393
 0 394
 0 395
 0 396
 0 397
 0 398
 1 399
 0 400
 1 401
 0 402
 0 403
 0 404
 1 405
 0 406
 0 407
 1 408
 0 409
 0 410
 0 411
 0 412
 0 413
 1 414
 0 415
 0 416
 0 417
 0 418
 0 419
 0 420
 0 421
 0 422
 0 423
 0 424
 0 425
 1 426
 0 427
 0 428
 0 429
 1 430
 0 431
 0 432
 0 433
 0 434
 0 435
 0 436
 0 437
 0 438
 0 439
 0 440
 0 441
 0 442
 0 443
 0 444
 0 445
 0 446
 0 447
 0 448
 0 449
 0 450
 0 451
 0 452
 0 453
 0 454
 0 455
 0 456
 0 457
 0 458
 0 459
 0 460
 0 461
 0 462
 0 463
 0 464
 0 465
 0 466
 0 467
 0 468
 0 469
 0 470
 0 471
 0 472
 0 473
 0 474
 0 475
 0 476
 0 477
 0 478
 0 479
 0 480
 0 481
 0 482
 0 483
 0 484
 0 485
 0 486
 0 487
 0 488
 0 489
 0 490
 0 491
 0 492
 0 493
 0 494
 0 495
 0 496
 0 497
 0 498
 0 499
 0 500
 0 501
 0 502
 0 503
 0 504
 0 505
 0 506
 0 507
 0 508
 0 509
 0 510
 0 511
 0 512
 0 513
 0 514
 0 515
 0 516
 0 517
 0 518
 0 519
 0 520
 0 521
 0 522
 0 523
 0 524
 0 525
 0 526
 0 527
 0 528
 0 529
 0 530
 0 531
 0 532
 0 533
 0 534
 0 535
 0 536
 0 537
 0 538
 0 539
 0 540
 0 541
 0 542
 0 543
 0 544
 0 545
 0 546
 0 547
 0 548
 0 549
 0 550
 0 551
 0 552
 0 553
 0 554
 0 555
 0 556
 0 557
 0 558
 0 559
 0 560
 0 561
 0 562
 0 563
 0 564
 0 565
 0 566
 0 567
 0 568
 0 569
 0 570
 0 571
 0 572
 0 573
 0 574
 0 575
 0 576
 0 577
 0 578
 0 579
 0 580
 0 581
 0 582
 0 583
 0 584
 0 585
 0 586
 0 587
 0 588
 0 589
 0 590
 0 591
 0 592
 0 593
 0 594
 0 595
 0 596
 0 597
 0 598
 0 599
 0 600


