# Created by Octave 3.8.2, Sat Jun 20 13:38:57 2020 CEST <damian@fptrucha.inv.usc.es>
# name: hd
# type: matrix
# rows: 551
# columns: 2
 0 50
 0 51
 0 52
 0 53
 0 54
 0 55
 0 56
 0 57
 0 58
 0 59
 0 60
 0 61
 0 62
 0 63
 0 64
 0 65
 0 66
 0 67
 0 68
 0 69
 0 70
 0 71
 0 72
 0 73
 0 74
 0 75
 0 76
 0 77
 0 78
 0 79
 0 80
 0 81
 0 82
 0 83
 0 84
 0 85
 0 86
 1 87
 0 88
 3 89
 3 90
 26 91
 103 92
 138 93
 179 94
 293 95
 444 96
 647 97
 837 98
 976 99
 1123 100
 1244 101
 1317 102
 1315 103
 1408 104
 1423 105
 1429 106
 1413 107
 1337 108
 1422 109
 1386 110
 1326 111
 1194 112
 1181 113
 1058 114
 1029 115
 923 116
 936 117
 817 118
 828 119
 755 120
 651 121
 651 122
 555 123
 550 124
 502 125
 417 126
 427 127
 349 128
 334 129
 331 130
 296 131
 279 132
 200 133
 248 134
 221 135
 202 136
 196 137
 163 138
 153 139
 137 140
 139 141
 112 142
 107 143
 111 144
 98 145
 88 146
 88 147
 89 148
 75 149
 87 150
 67 151
 67 152
 47 153
 57 154
 52 155
 50 156
 33 157
 29 158
 53 159
 37 160
 39 161
 31 162
 27 163
 27 164
 24 165
 23 166
 25 167
 23 168
 17 169
 15 170
 16 171
 21 172
 15 173
 22 174
 14 175
 12 176
 10 177
 13 178
 10 179
 15 180
 6 181
 8 182
 6 183
 9 184
 10 185
 12 186
 7 187
 6 188
 6 189
 2 190
 0 191
 1 192
 3 193
 3 194
 2 195
 2 196
 3 197
 2 198
 3 199
 3 200
 0 201
 2 202
 5 203
 1 204
 0 205
 0 206
 2 207
 3 208
 1 209
 1 210
 2 211
 1 212
 0 213
 2 214
 0 215
 0 216
 0 217
 0 218
 0 219
 1 220
 0 221
 0 222
 0 223
 1 224
 0 225
 0 226
 1 227
 2 228
 0 229
 0 230
 1 231
 0 232
 0 233
 0 234
 0 235
 0 236
 0 237
 0 238
 0 239
 0 240
 1 241
 0 242
 0 243
 0 244
 0 245
 0 246
 1 247
 0 248
 0 249
 0 250
 0 251
 0 252
 0 253
 0 254
 0 255
 0 256
 0 257
 0 258
 0 259
 0 260
 0 261
 0 262
 0 263
 0 264
 0 265
 0 266
 0 267
 0 268
 0 269
 0 270
 0 271
 0 272
 0 273
 0 274
 0 275
 0 276
 0 277
 0 278
 0 279
 0 280
 0 281
 0 282
 0 283
 1 284
 0 285
 0 286
 0 287
 1 288
 1 289
 1 290
 0 291
 1 292
 0 293
 3 294
 2 295
 0 296
 1 297
 1 298
 1 299
 0 300
 0 301
 3 302
 1 303
 1 304
 1 305
 0 306
 0 307
 3 308
 0 309
 1 310
 1 311
 2 312
 1 313
 4 314
 2 315
 1 316
 0 317
 2 318
 0 319
 2 320
 2 321
 3 322
 2 323
 2 324
 1 325
 3 326
 5 327
 2 328
 2 329
 4 330
 4 331
 5 332
 2 333
 2 334
 5 335
 4 336
 2 337
 0 338
 0 339
 5 340
 3 341
 4 342
 3 343
 2 344
 4 345
 2 346
 1 347
 3 348
 5 349
 2 350
 3 351
 3 352
 5 353
 3 354
 2 355
 2 356
 2 357
 2 358
 2 359
 2 360
 4 361
 1 362
 0 363
 1 364
 1 365
 3 366
 0 367
 0 368
 0 369
 2 370
 0 371
 1 372
 0 373
 0 374
 0 375
 3 376
 2 377
 0 378
 0 379
 1 380
 1 381
 2 382
 0 383
 0 384
 0 385
 1 386
 1 387
 0 388
 0 389
 0 390
 0 391
 1 392
 0 393
 0 394
 0 395
 0 396
 0 397
 0 398
 0 399
 0 400
 0 401
 1 402
 0 403
 0 404
 0 405
 0 406
 0 407
 0 408
 0 409
 0 410
 0 411
 0 412
 0 413
 0 414
 0 415
 0 416
 0 417
 0 418
 0 419
 0 420
 0 421
 0 422
 0 423
 0 424
 0 425
 0 426
 0 427
 0 428
 0 429
 0 430
 0 431
 0 432
 0 433
 0 434
 0 435
 0 436
 0 437
 0 438
 0 439
 0 440
 0 441
 0 442
 0 443
 0 444
 0 445
 0 446
 0 447
 0 448
 0 449
 0 450
 0 451
 0 452
 0 453
 0 454
 0 455
 0 456
 0 457
 0 458
 0 459
 0 460
 0 461
 0 462
 0 463
 0 464
 0 465
 0 466
 0 467
 0 468
 0 469
 0 470
 0 471
 0 472
 0 473
 0 474
 0 475
 0 476
 0 477
 0 478
 0 479
 0 480
 0 481
 0 482
 0 483
 0 484
 0 485
 0 486
 0 487
 0 488
 0 489
 0 490
 0 491
 0 492
 0 493
 0 494
 0 495
 0 496
 0 497
 0 498
 0 499
 0 500
 0 501
 0 502
 0 503
 0 504
 0 505
 0 506
 0 507
 0 508
 0 509
 0 510
 0 511
 0 512
 0 513
 0 514
 0 515
 0 516
 0 517
 0 518
 0 519
 0 520
 0 521
 0 522
 0 523
 0 524
 0 525
 0 526
 0 527
 0 528
 0 529
 0 530
 0 531
 0 532
 0 533
 0 534
 0 535
 0 536
 0 537
 0 538
 0 539
 0 540
 0 541
 0 542
 0 543
 0 544
 0 545
 0 546
 0 547
 0 548
 0 549
 0 550
 0 551
 0 552
 0 553
 0 554
 0 555
 0 556
 0 557
 0 558
 0 559
 0 560
 0 561
 0 562
 0 563
 0 564
 0 565
 0 566
 0 567
 0 568
 0 569
 0 570
 0 571
 0 572
 0 573
 0 574
 0 575
 0 576
 0 577
 0 578
 0 579
 0 580
 0 581
 0 582
 0 583
 0 584
 0 585
 0 586
 0 587
 0 588
 0 589
 0 590
 0 591
 0 592
 0 593
 0 594
 0 595
 0 596
 0 597
 0 598
 0 599
 0 600


