# Created by Octave 3.8.2, Sun Jun 21 07:58:23 2020 CEST <damian@fptrucha.inv.usc.es>
# name: hd
# type: matrix
# rows: 551
# columns: 2
 0 50
 0 51
 0 52
 0 53
 0 54
 0 55
 0 56
 0 57
 0 58
 0 59
 0 60
 0 61
 0 62
 0 63
 0 64
 0 65
 0 66
 0 67
 0 68
 0 69
 0 70
 0 71
 0 72
 0 73
 0 74
 0 75
 0 76
 0 77
 0 78
 0 79
 0 80
 0 81
 0 82
 0 83
 0 84
 0 85
 0 86
 1 87
 3 88
 2 89
 2 90
 28 91
 85 92
 100 93
 152 94
 274 95
 365 96
 549 97
 675 98
 802 99
 876 100
 1018 101
 1089 102
 1125 103
 1159 104
 1212 105
 1158 106
 1231 107
 1194 108
 1167 109
 1251 110
 1143 111
 1117 112
 1089 113
 1078 114
 975 115
 931 116
 840 117
 785 118
 773 119
 714 120
 718 121
 632 122
 601 123
 513 124
 535 125
 438 126
 420 127
 380 128
 361 129
 309 130
 308 131
 274 132
 254 133
 249 134
 203 135
 218 136
 187 137
 166 138
 174 139
 145 140
 120 141
 115 142
 108 143
 93 144
 98 145
 88 146
 86 147
 77 148
 77 149
 82 150
 57 151
 60 152
 64 153
 57 154
 43 155
 54 156
 43 157
 34 158
 34 159
 38 160
 32 161
 35 162
 28 163
 34 164
 42 165
 30 166
 24 167
 27 168
 21 169
 19 170
 24 171
 20 172
 14 173
 12 174
 11 175
 11 176
 12 177
 13 178
 5 179
 5 180
 8 181
 10 182
 12 183
 9 184
 7 185
 5 186
 6 187
 2 188
 5 189
 5 190
 0 191
 1 192
 6 193
 5 194
 2 195
 0 196
 2 197
 4 198
 2 199
 3 200
 2 201
 0 202
 5 203
 1 204
 1 205
 1 206
 0 207
 0 208
 2 209
 2 210
 1 211
 1 212
 0 213
 0 214
 0 215
 0 216
 1 217
 0 218
 0 219
 0 220
 1 221
 1 222
 1 223
 2 224
 0 225
 0 226
 0 227
 1 228
 0 229
 0 230
 0 231
 0 232
 0 233
 0 234
 0 235
 0 236
 0 237
 0 238
 1 239
 0 240
 0 241
 0 242
 0 243
 0 244
 0 245
 0 246
 0 247
 0 248
 0 249
 0 250
 0 251
 0 252
 0 253
 0 254
 0 255
 0 256
 0 257
 0 258
 0 259
 0 260
 0 261
 1 262
 0 263
 0 264
 0 265
 0 266
 1 267
 0 268
 0 269
 0 270
 0 271
 0 272
 0 273
 0 274
 1 275
 0 276
 0 277
 0 278
 0 279
 0 280
 0 281
 0 282
 1 283
 2 284
 0 285
 0 286
 0 287
 0 288
 0 289
 1 290
 1 291
 0 292
 1 293
 0 294
 1 295
 0 296
 1 297
 1 298
 1 299
 0 300
 0 301
 0 302
 4 303
 3 304
 0 305
 2 306
 2 307
 7 308
 2 309
 0 310
 0 311
 2 312
 0 313
 1 314
 1 315
 4 316
 5 317
 4 318
 2 319
 3 320
 2 321
 4 322
 1 323
 4 324
 0 325
 0 326
 3 327
 2 328
 2 329
 3 330
 3 331
 4 332
 3 333
 3 334
 0 335
 2 336
 2 337
 0 338
 2 339
 2 340
 2 341
 1 342
 1 343
 1 344
 3 345
 2 346
 1 347
 1 348
 0 349
 0 350
 2 351
 0 352
 2 353
 3 354
 1 355
 2 356
 4 357
 1 358
 4 359
 1 360
 5 361
 1 362
 2 363
 2 364
 1 365
 0 366
 0 367
 2 368
 2 369
 2 370
 4 371
 1 372
 1 373
 0 374
 0 375
 0 376
 0 377
 0 378
 1 379
 1 380
 1 381
 0 382
 1 383
 0 384
 0 385
 1 386
 0 387
 0 388
 0 389
 0 390
 0 391
 1 392
 0 393
 0 394
 0 395
 0 396
 0 397
 0 398
 1 399
 0 400
 0 401
 0 402
 0 403
 0 404
 0 405
 0 406
 0 407
 0 408
 0 409
 0 410
 0 411
 0 412
 0 413
 0 414
 0 415
 0 416
 0 417
 0 418
 0 419
 0 420
 0 421
 0 422
 0 423
 0 424
 0 425
 0 426
 0 427
 0 428
 0 429
 0 430
 0 431
 0 432
 0 433
 0 434
 0 435
 0 436
 0 437
 0 438
 0 439
 0 440
 0 441
 0 442
 0 443
 0 444
 0 445
 0 446
 0 447
 0 448
 0 449
 0 450
 0 451
 0 452
 0 453
 0 454
 0 455
 0 456
 0 457
 0 458
 0 459
 0 460
 0 461
 0 462
 0 463
 0 464
 0 465
 0 466
 0 467
 0 468
 0 469
 0 470
 0 471
 0 472
 0 473
 0 474
 0 475
 0 476
 0 477
 0 478
 0 479
 0 480
 0 481
 0 482
 0 483
 0 484
 0 485
 0 486
 0 487
 0 488
 0 489
 0 490
 0 491
 0 492
 0 493
 0 494
 0 495
 0 496
 0 497
 0 498
 0 499
 0 500
 0 501
 0 502
 0 503
 0 504
 0 505
 0 506
 0 507
 0 508
 0 509
 0 510
 0 511
 0 512
 0 513
 0 514
 0 515
 0 516
 0 517
 0 518
 0 519
 0 520
 0 521
 0 522
 0 523
 0 524
 0 525
 0 526
 0 527
 0 528
 0 529
 0 530
 0 531
 0 532
 0 533
 0 534
 0 535
 0 536
 0 537
 0 538
 0 539
 0 540
 0 541
 0 542
 0 543
 0 544
 0 545
 0 546
 0 547
 0 548
 0 549
 0 550
 0 551
 0 552
 0 553
 0 554
 0 555
 0 556
 0 557
 0 558
 0 559
 0 560
 0 561
 0 562
 0 563
 0 564
 0 565
 0 566
 0 567
 0 568
 0 569
 0 570
 0 571
 0 572
 0 573
 0 574
 0 575
 0 576
 0 577
 0 578
 0 579
 0 580
 0 581
 0 582
 0 583
 0 584
 0 585
 0 586
 0 587
 0 588
 0 589
 0 590
 0 591
 0 592
 0 593
 0 594
 0 595
 0 596
 0 597
 0 598
 0 599
 0 600


