# Created by Octave 3.8.2, Mon Jun 22 05:56:22 2020 CEST <damian@fptrucha.inv.usc.es>
# name: hd
# type: matrix
# rows: 551
# columns: 2
 0 50
 0 51
 0 52
 0 53
 0 54
 0 55
 0 56
 0 57
 0 58
 0 59
 0 60
 0 61
 0 62
 0 63
 0 64
 0 65
 0 66
 0 67
 0 68
 0 69
 0 70
 0 71
 0 72
 0 73
 0 74
 0 75
 0 76
 0 77
 0 78
 0 79
 0 80
 0 81
 0 82
 0 83
 0 84
 0 85
 0 86
 0 87
 0 88
 5 89
 3 90
 15 91
 67 92
 95 93
 143 94
 246 95
 396 96
 553 97
 751 98
 892 99
 1111 100
 1239 101
 1351 102
 1300 103
 1457 104
 1379 105
 1321 106
 1339 107
 1348 108
 1199 109
 1220 110
 1108 111
 1004 112
 949 113
 940 114
 880 115
 820 116
 741 117
 666 118
 572 119
 528 120
 551 121
 450 122
 449 123
 424 124
 383 125
 323 126
 299 127
 283 128
 257 129
 230 130
 207 131
 199 132
 170 133
 177 134
 150 135
 142 136
 174 137
 142 138
 117 139
 135 140
 108 141
 100 142
 102 143
 110 144
 97 145
 86 146
 72 147
 92 148
 64 149
 79 150
 56 151
 53 152
 49 153
 65 154
 53 155
 46 156
 49 157
 42 158
 41 159
 53 160
 45 161
 29 162
 32 163
 27 164
 30 165
 26 166
 34 167
 16 168
 28 169
 20 170
 21 171
 21 172
 24 173
 9 174
 10 175
 20 176
 12 177
 10 178
 13 179
 12 180
 15 181
 7 182
 8 183
 9 184
 8 185
 8 186
 5 187
 2 188
 5 189
 7 190
 4 191
 4 192
 7 193
 7 194
 7 195
 3 196
 3 197
 4 198
 3 199
 2 200
 1 201
 6 202
 2 203
 2 204
 0 205
 2 206
 2 207
 0 208
 2 209
 2 210
 2 211
 0 212
 2 213
 1 214
 1 215
 3 216
 1 217
 1 218
 2 219
 0 220
 0 221
 1 222
 2 223
 0 224
 0 225
 0 226
 0 227
 1 228
 0 229
 1 230
 0 231
 1 232
 0 233
 1 234
 0 235
 0 236
 0 237
 0 238
 0 239
 0 240
 0 241
 0 242
 0 243
 0 244
 0 245
 0 246
 0 247
 0 248
 0 249
 0 250
 0 251
 0 252
 0 253
 0 254
 0 255
 0 256
 0 257
 0 258
 0 259
 0 260
 0 261
 1 262
 0 263
 0 264
 0 265
 0 266
 0 267
 0 268
 0 269
 0 270
 0 271
 0 272
 1 273
 0 274
 0 275
 0 276
 0 277
 0 278
 0 279
 0 280
 1 281
 0 282
 1 283
 0 284
 0 285
 2 286
 2 287
 0 288
 0 289
 4 290
 0 291
 1 292
 3 293
 2 294
 1 295
 2 296
 2 297
 2 298
 1 299
 1 300
 4 301
 1 302
 1 303
 1 304
 4 305
 4 306
 2 307
 3 308
 3 309
 4 310
 1 311
 1 312
 3 313
 1 314
 3 315
 0 316
 9 317
 4 318
 7 319
 3 320
 2 321
 0 322
 1 323
 1 324
 3 325
 1 326
 3 327
 1 328
 0 329
 1 330
 5 331
 1 332
 5 333
 3 334
 2 335
 3 336
 3 337
 1 338
 2 339
 1 340
 2 341
 5 342
 4 343
 5 344
 1 345
 0 346
 2 347
 3 348
 3 349
 2 350
 2 351
 0 352
 0 353
 4 354
 2 355
 2 356
 0 357
 2 358
 2 359
 2 360
 2 361
 2 362
 3 363
 1 364
 1 365
 1 366
 0 367
 1 368
 1 369
 2 370
 1 371
 1 372
 0 373
 0 374
 1 375
 0 376
 1 377
 2 378
 1 379
 0 380
 0 381
 0 382
 0 383
 0 384
 1 385
 1 386
 2 387
 0 388
 0 389
 1 390
 0 391
 0 392
 0 393
 0 394
 0 395
 0 396
 0 397
 1 398
 0 399
 1 400
 0 401
 0 402
 1 403
 0 404
 0 405
 0 406
 0 407
 0 408
 0 409
 0 410
 0 411
 0 412
 0 413
 0 414
 0 415
 0 416
 0 417
 0 418
 0 419
 0 420
 0 421
 0 422
 0 423
 0 424
 0 425
 0 426
 0 427
 0 428
 0 429
 0 430
 0 431
 0 432
 0 433
 0 434
 0 435
 0 436
 0 437
 0 438
 0 439
 0 440
 0 441
 0 442
 0 443
 0 444
 0 445
 0 446
 0 447
 0 448
 0 449
 0 450
 0 451
 0 452
 0 453
 0 454
 0 455
 0 456
 0 457
 0 458
 0 459
 0 460
 0 461
 0 462
 0 463
 0 464
 0 465
 0 466
 0 467
 0 468
 0 469
 0 470
 0 471
 0 472
 0 473
 0 474
 0 475
 0 476
 0 477
 0 478
 0 479
 0 480
 0 481
 0 482
 0 483
 0 484
 0 485
 0 486
 0 487
 0 488
 0 489
 0 490
 0 491
 0 492
 0 493
 0 494
 0 495
 0 496
 0 497
 0 498
 0 499
 0 500
 0 501
 0 502
 0 503
 0 504
 0 505
 0 506
 0 507
 0 508
 0 509
 0 510
 0 511
 0 512
 0 513
 0 514
 0 515
 0 516
 0 517
 0 518
 0 519
 0 520
 0 521
 0 522
 0 523
 0 524
 0 525
 0 526
 0 527
 0 528
 0 529
 0 530
 0 531
 0 532
 0 533
 0 534
 0 535
 0 536
 0 537
 0 538
 0 539
 0 540
 0 541
 0 542
 0 543
 0 544
 0 545
 0 546
 0 547
 0 548
 0 549
 0 550
 0 551
 0 552
 0 553
 0 554
 0 555
 0 556
 0 557
 0 558
 0 559
 0 560
 0 561
 0 562
 0 563
 0 564
 0 565
 0 566
 0 567
 0 568
 0 569
 0 570
 0 571
 0 572
 0 573
 0 574
 0 575
 0 576
 0 577
 0 578
 0 579
 0 580
 0 581
 0 582
 0 583
 0 584
 0 585
 0 586
 0 587
 0 588
 0 589
 0 590
 0 591
 0 592
 0 593
 0 594
 0 595
 0 596
 0 597
 0 598
 0 599
 0 600


