# Created by Octave 3.8.2, Mon Jun 22 14:20:47 2020 CEST <damian@fptrucha.inv.usc.es>
# name: hd
# type: matrix
# rows: 551
# columns: 2
 0 50
 0 51
 0 52
 0 53
 0 54
 0 55
 0 56
 0 57
 0 58
 0 59
 0 60
 0 61
 0 62
 0 63
 0 64
 0 65
 0 66
 0 67
 0 68
 0 69
 0 70
 0 71
 0 72
 0 73
 0 74
 0 75
 0 76
 0 77
 0 78
 0 79
 0 80
 0 81
 0 82
 0 83
 0 84
 0 85
 1 86
 0 87
 0 88
 6 89
 7 90
 17 91
 79 92
 114 93
 157 94
 258 95
 375 96
 607 97
 804 98
 1034 99
 1247 100
 1333 101
 1431 102
 1455 103
 1527 104
 1546 105
 1503 106
 1533 107
 1463 108
 1319 109
 1351 110
 1220 111
 1196 112
 1074 113
 921 114
 963 115
 847 116
 749 117
 701 118
 671 119
 614 120
 577 121
 452 122
 470 123
 401 124
 345 125
 343 126
 337 127
 290 128
 289 129
 279 130
 235 131
 192 132
 179 133
 163 134
 184 135
 148 136
 156 137
 125 138
 137 139
 111 140
 118 141
 107 142
 98 143
 109 144
 97 145
 75 146
 64 147
 69 148
 72 149
 87 150
 66 151
 50 152
 58 153
 53 154
 53 155
 34 156
 51 157
 49 158
 39 159
 49 160
 32 161
 26 162
 31 163
 39 164
 23 165
 29 166
 18 167
 19 168
 24 169
 20 170
 18 171
 14 172
 20 173
 12 174
 16 175
 17 176
 15 177
 11 178
 15 179
 10 180
 11 181
 9 182
 10 183
 8 184
 3 185
 10 186
 12 187
 3 188
 7 189
 3 190
 4 191
 7 192
 3 193
 6 194
 4 195
 7 196
 6 197
 4 198
 1 199
 2 200
 3 201
 3 202
 1 203
 0 204
 1 205
 1 206
 2 207
 2 208
 1 209
 2 210
 1 211
 0 212
 1 213
 1 214
 1 215
 0 216
 2 217
 0 218
 0 219
 2 220
 0 221
 1 222
 0 223
 0 224
 0 225
 0 226
 1 227
 0 228
 0 229
 0 230
 0 231
 0 232
 0 233
 0 234
 0 235
 0 236
 0 237
 0 238
 0 239
 0 240
 0 241
 0 242
 0 243
 0 244
 0 245
 0 246
 0 247
 0 248
 0 249
 0 250
 0 251
 0 252
 0 253
 0 254
 0 255
 0 256
 0 257
 0 258
 0 259
 0 260
 0 261
 0 262
 0 263
 0 264
 0 265
 0 266
 0 267
 0 268
 0 269
 0 270
 0 271
 0 272
 0 273
 0 274
 0 275
 0 276
 0 277
 0 278
 0 279
 0 280
 1 281
 0 282
 1 283
 0 284
 1 285
 1 286
 1 287
 1 288
 0 289
 1 290
 0 291
 0 292
 2 293
 1 294
 1 295
 3 296
 2 297
 3 298
 3 299
 4 300
 4 301
 3 302
 3 303
 1 304
 2 305
 1 306
 3 307
 1 308
 3 309
 1 310
 2 311
 2 312
 4 313
 2 314
 3 315
 3 316
 2 317
 4 318
 3 319
 4 320
 3 321
 2 322
 7 323
 2 324
 3 325
 2 326
 2 327
 1 328
 0 329
 3 330
 4 331
 1 332
 3 333
 6 334
 4 335
 3 336
 0 337
 6 338
 2 339
 4 340
 2 341
 1 342
 2 343
 1 344
 1 345
 1 346
 0 347
 4 348
 2 349
 2 350
 1 351
 1 352
 1 353
 2 354
 3 355
 1 356
 2 357
 3 358
 3 359
 1 360
 1 361
 2 362
 1 363
 0 364
 1 365
 1 366
 2 367
 1 368
 2 369
 0 370
 0 371
 0 372
 3 373
 1 374
 1 375
 0 376
 1 377
 0 378
 1 379
 1 380
 0 381
 1 382
 0 383
 1 384
 2 385
 0 386
 1 387
 0 388
 0 389
 0 390
 0 391
 0 392
 0 393
 0 394
 0 395
 1 396
 1 397
 0 398
 0 399
 1 400
 0 401
 0 402
 0 403
 0 404
 0 405
 0 406
 0 407
 0 408
 0 409
 1 410
 0 411
 0 412
 0 413
 0 414
 0 415
 0 416
 0 417
 0 418
 0 419
 0 420
 0 421
 0 422
 0 423
 0 424
 0 425
 0 426
 0 427
 0 428
 0 429
 0 430
 0 431
 0 432
 0 433
 0 434
 0 435
 0 436
 0 437
 0 438
 0 439
 0 440
 0 441
 0 442
 0 443
 0 444
 0 445
 0 446
 0 447
 0 448
 0 449
 0 450
 0 451
 0 452
 0 453
 0 454
 0 455
 0 456
 0 457
 0 458
 0 459
 0 460
 0 461
 0 462
 0 463
 0 464
 0 465
 0 466
 0 467
 0 468
 0 469
 0 470
 0 471
 0 472
 0 473
 0 474
 0 475
 0 476
 0 477
 0 478
 0 479
 0 480
 0 481
 0 482
 0 483
 0 484
 0 485
 0 486
 0 487
 0 488
 0 489
 0 490
 0 491
 0 492
 0 493
 0 494
 0 495
 0 496
 0 497
 0 498
 0 499
 0 500
 0 501
 0 502
 0 503
 0 504
 0 505
 0 506
 0 507
 0 508
 0 509
 0 510
 0 511
 0 512
 0 513
 0 514
 0 515
 0 516
 0 517
 0 518
 0 519
 0 520
 0 521
 0 522
 0 523
 0 524
 0 525
 0 526
 0 527
 0 528
 0 529
 0 530
 0 531
 0 532
 0 533
 0 534
 0 535
 0 536
 0 537
 0 538
 0 539
 0 540
 0 541
 0 542
 0 543
 0 544
 0 545
 0 546
 0 547
 0 548
 0 549
 0 550
 0 551
 0 552
 0 553
 0 554
 0 555
 0 556
 0 557
 0 558
 0 559
 0 560
 0 561
 0 562
 0 563
 0 564
 0 565
 0 566
 0 567
 0 568
 0 569
 0 570
 0 571
 0 572
 0 573
 0 574
 0 575
 0 576
 0 577
 0 578
 0 579
 0 580
 0 581
 0 582
 0 583
 0 584
 0 585
 0 586
 0 587
 0 588
 0 589
 0 590
 0 591
 0 592
 0 593
 0 594
 0 595
 0 596
 0 597
 0 598
 0 599
 0 600


