# Created by Octave 3.8.2, Mon Jun 22 04:29:03 2020 CEST <damian@fptrucha.inv.usc.es>
# name: hd
# type: matrix
# rows: 551
# columns: 2
 0 50
 0 51
 0 52
 0 53
 0 54
 0 55
 0 56
 0 57
 0 58
 0 59
 0 60
 0 61
 0 62
 0 63
 0 64
 0 65
 0 66
 0 67
 0 68
 0 69
 0 70
 0 71
 0 72
 0 73
 0 74
 0 75
 0 76
 0 77
 0 78
 0 79
 0 80
 0 81
 0 82
 0 83
 0 84
 0 85
 0 86
 0 87
 0 88
 2 89
 2 90
 14 91
 49 92
 128 93
 141 94
 221 95
 363 96
 553 97
 730 98
 870 99
 1081 100
 1150 101
 1236 102
 1240 103
 1373 104
 1262 105
 1285 106
 1380 107
 1267 108
 1219 109
 1086 110
 1153 111
 1026 112
 974 113
 898 114
 871 115
 752 116
 689 117
 647 118
 606 119
 531 120
 518 121
 478 122
 406 123
 369 124
 364 125
 326 126
 267 127
 276 128
 259 129
 218 130
 221 131
 194 132
 187 133
 184 134
 169 135
 146 136
 132 137
 118 138
 126 139
 118 140
 115 141
 105 142
 95 143
 78 144
 78 145
 61 146
 71 147
 72 148
 64 149
 61 150
 53 151
 65 152
 54 153
 46 154
 47 155
 48 156
 39 157
 39 158
 30 159
 37 160
 23 161
 34 162
 30 163
 26 164
 27 165
 15 166
 21 167
 23 168
 28 169
 18 170
 22 171
 21 172
 13 173
 17 174
 14 175
 10 176
 14 177
 9 178
 12 179
 10 180
 8 181
 11 182
 6 183
 11 184
 8 185
 7 186
 4 187
 2 188
 3 189
 6 190
 1 191
 12 192
 5 193
 1 194
 4 195
 3 196
 5 197
 2 198
 2 199
 4 200
 3 201
 4 202
 0 203
 3 204
 0 205
 3 206
 0 207
 1 208
 2 209
 1 210
 1 211
 3 212
 1 213
 0 214
 2 215
 2 216
 0 217
 1 218
 0 219
 0 220
 1 221
 0 222
 1 223
 0 224
 0 225
 1 226
 0 227
 0 228
 0 229
 0 230
 0 231
 0 232
 0 233
 0 234
 1 235
 0 236
 0 237
 0 238
 0 239
 0 240
 0 241
 0 242
 0 243
 0 244
 0 245
 0 246
 0 247
 0 248
 0 249
 0 250
 1 251
 0 252
 0 253
 0 254
 0 255
 0 256
 0 257
 0 258
 0 259
 0 260
 0 261
 0 262
 0 263
 0 264
 0 265
 0 266
 0 267
 0 268
 0 269
 0 270
 0 271
 1 272
 0 273
 0 274
 0 275
 0 276
 1 277
 0 278
 0 279
 1 280
 0 281
 1 282
 1 283
 2 284
 0 285
 1 286
 2 287
 0 288
 0 289
 0 290
 1 291
 0 292
 0 293
 0 294
 0 295
 0 296
 1 297
 0 298
 0 299
 2 300
 0 301
 2 302
 0 303
 1 304
 2 305
 3 306
 3 307
 3 308
 5 309
 2 310
 2 311
 2 312
 2 313
 0 314
 3 315
 3 316
 3 317
 1 318
 1 319
 1 320
 2 321
 4 322
 2 323
 1 324
 2 325
 3 326
 3 327
 2 328
 4 329
 3 330
 1 331
 2 332
 3 333
 1 334
 2 335
 2 336
 1 337
 4 338
 1 339
 4 340
 3 341
 2 342
 0 343
 4 344
 3 345
 2 346
 0 347
 2 348
 2 349
 1 350
 0 351
 3 352
 2 353
 0 354
 0 355
 0 356
 1 357
 3 358
 0 359
 1 360
 3 361
 2 362
 3 363
 2 364
 0 365
 1 366
 2 367
 1 368
 1 369
 0 370
 3 371
 0 372
 0 373
 1 374
 0 375
 1 376
 2 377
 0 378
 0 379
 2 380
 0 381
 0 382
 1 383
 1 384
 0 385
 0 386
 0 387
 0 388
 1 389
 1 390
 0 391
 0 392
 0 393
 1 394
 0 395
 0 396
 1 397
 0 398
 0 399
 0 400
 0 401
 0 402
 0 403
 0 404
 0 405
 0 406
 0 407
 0 408
 0 409
 0 410
 0 411
 0 412
 0 413
 0 414
 0 415
 0 416
 0 417
 0 418
 0 419
 0 420
 0 421
 0 422
 0 423
 0 424
 0 425
 0 426
 0 427
 0 428
 0 429
 0 430
 0 431
 0 432
 0 433
 0 434
 0 435
 0 436
 0 437
 0 438
 0 439
 0 440
 0 441
 0 442
 0 443
 0 444
 0 445
 0 446
 0 447
 0 448
 0 449
 0 450
 0 451
 0 452
 0 453
 0 454
 0 455
 0 456
 0 457
 0 458
 0 459
 0 460
 0 461
 0 462
 0 463
 0 464
 0 465
 0 466
 0 467
 0 468
 0 469
 0 470
 0 471
 0 472
 0 473
 0 474
 0 475
 0 476
 0 477
 0 478
 0 479
 0 480
 0 481
 0 482
 0 483
 0 484
 0 485
 0 486
 0 487
 0 488
 0 489
 0 490
 0 491
 0 492
 0 493
 0 494
 0 495
 0 496
 0 497
 0 498
 0 499
 0 500
 0 501
 0 502
 0 503
 0 504
 0 505
 0 506
 0 507
 0 508
 0 509
 0 510
 0 511
 0 512
 0 513
 0 514
 0 515
 0 516
 0 517
 0 518
 0 519
 0 520
 0 521
 0 522
 0 523
 0 524
 0 525
 0 526
 0 527
 0 528
 0 529
 0 530
 0 531
 0 532
 0 533
 0 534
 0 535
 0 536
 0 537
 0 538
 0 539
 0 540
 0 541
 0 542
 0 543
 0 544
 0 545
 0 546
 0 547
 0 548
 0 549
 0 550
 0 551
 0 552
 0 553
 0 554
 0 555
 0 556
 0 557
 0 558
 0 559
 0 560
 0 561
 0 562
 0 563
 0 564
 0 565
 0 566
 0 567
 0 568
 0 569
 0 570
 0 571
 0 572
 0 573
 0 574
 0 575
 0 576
 0 577
 0 578
 0 579
 0 580
 0 581
 0 582
 0 583
 0 584
 0 585
 0 586
 0 587
 0 588
 0 589
 0 590
 0 591
 0 592
 0 593
 0 594
 0 595
 0 596
 0 597
 0 598
 0 599
 0 600


