# Created by Octave 3.8.2, Sun Jun 21 04:39:56 2020 CEST <damian@fptrucha.inv.usc.es>
# name: hd
# type: matrix
# rows: 551
# columns: 2
 0 50
 0 51
 0 52
 0 53
 0 54
 0 55
 0 56
 0 57
 0 58
 0 59
 0 60
 0 61
 0 62
 0 63
 0 64
 0 65
 0 66
 0 67
 0 68
 0 69
 0 70
 0 71
 0 72
 0 73
 0 74
 0 75
 0 76
 0 77
 0 78
 0 79
 0 80
 0 81
 0 82
 0 83
 0 84
 0 85
 0 86
 0 87
 4 88
 2 89
 6 90
 30 91
 87 92
 114 93
 156 94
 264 95
 404 96
 616 97
 741 98
 825 99
 1011 100
 1117 101
 1227 102
 1232 103
 1296 104
 1308 105
 1331 106
 1358 107
 1286 108
 1244 109
 1253 110
 1243 111
 1175 112
 1147 113
 1017 114
 1005 115
 924 116
 807 117
 851 118
 809 119
 702 120
 648 121
 595 122
 577 123
 513 124
 466 125
 407 126
 377 127
 334 128
 360 129
 283 130
 244 131
 278 132
 217 133
 217 134
 204 135
 177 136
 168 137
 153 138
 146 139
 145 140
 127 141
 100 142
 99 143
 112 144
 115 145
 107 146
 69 147
 72 148
 74 149
 60 150
 69 151
 49 152
 48 153
 57 154
 51 155
 43 156
 43 157
 40 158
 36 159
 32 160
 22 161
 37 162
 25 163
 24 164
 31 165
 16 166
 19 167
 20 168
 16 169
 13 170
 10 171
 17 172
 19 173
 11 174
 10 175
 10 176
 9 177
 9 178
 8 179
 12 180
 18 181
 11 182
 7 183
 3 184
 3 185
 6 186
 5 187
 7 188
 7 189
 4 190
 4 191
 4 192
 2 193
 5 194
 7 195
 1 196
 0 197
 2 198
 4 199
 1 200
 1 201
 3 202
 1 203
 0 204
 4 205
 1 206
 3 207
 0 208
 3 209
 1 210
 1 211
 0 212
 1 213
 0 214
 0 215
 0 216
 0 217
 1 218
 1 219
 0 220
 0 221
 0 222
 0 223
 0 224
 0 225
 0 226
 0 227
 0 228
 0 229
 0 230
 0 231
 0 232
 0 233
 0 234
 0 235
 1 236
 0 237
 1 238
 0 239
 0 240
 0 241
 0 242
 1 243
 0 244
 0 245
 0 246
 0 247
 0 248
 0 249
 0 250
 0 251
 1 252
 0 253
 0 254
 0 255
 0 256
 0 257
 0 258
 0 259
 0 260
 0 261
 0 262
 0 263
 0 264
 0 265
 0 266
 0 267
 0 268
 0 269
 0 270
 0 271
 0 272
 0 273
 0 274
 0 275
 1 276
 1 277
 0 278
 0 279
 0 280
 0 281
 0 282
 0 283
 1 284
 1 285
 2 286
 0 287
 0 288
 1 289
 0 290
 0 291
 0 292
 0 293
 0 294
 0 295
 0 296
 1 297
 2 298
 3 299
 1 300
 4 301
 0 302
 0 303
 0 304
 2 305
 1 306
 1 307
 2 308
 0 309
 3 310
 0 311
 1 312
 1 313
 3 314
 3 315
 3 316
 1 317
 0 318
 2 319
 2 320
 1 321
 2 322
 4 323
 2 324
 3 325
 2 326
 1 327
 3 328
 2 329
 3 330
 2 331
 4 332
 1 333
 1 334
 2 335
 5 336
 2 337
 4 338
 2 339
 2 340
 0 341
 1 342
 3 343
 3 344
 2 345
 2 346
 1 347
 2 348
 0 349
 2 350
 2 351
 4 352
 2 353
 3 354
 3 355
 0 356
 1 357
 0 358
 1 359
 0 360
 1 361
 2 362
 2 363
 2 364
 0 365
 2 366
 0 367
 2 368
 0 369
 2 370
 0 371
 2 372
 4 373
 1 374
 2 375
 0 376
 1 377
 2 378
 0 379
 1 380
 1 381
 0 382
 0 383
 0 384
 0 385
 0 386
 0 387
 0 388
 0 389
 0 390
 1 391
 0 392
 0 393
 1 394
 0 395
 1 396
 1 397
 0 398
 0 399
 0 400
 0 401
 0 402
 0 403
 0 404
 0 405
 1 406
 0 407
 0 408
 0 409
 0 410
 0 411
 1 412
 0 413
 0 414
 1 415
 0 416
 0 417
 0 418
 0 419
 1 420
 0 421
 0 422
 1 423
 0 424
 0 425
 0 426
 0 427
 0 428
 0 429
 1 430
 0 431
 0 432
 0 433
 0 434
 0 435
 0 436
 0 437
 0 438
 0 439
 0 440
 0 441
 0 442
 0 443
 0 444
 0 445
 0 446
 0 447
 0 448
 0 449
 0 450
 0 451
 0 452
 0 453
 0 454
 0 455
 0 456
 0 457
 0 458
 0 459
 0 460
 0 461
 0 462
 0 463
 0 464
 0 465
 0 466
 0 467
 0 468
 0 469
 0 470
 0 471
 0 472
 0 473
 0 474
 0 475
 0 476
 0 477
 0 478
 0 479
 0 480
 0 481
 0 482
 0 483
 0 484
 0 485
 0 486
 0 487
 0 488
 0 489
 0 490
 0 491
 0 492
 0 493
 0 494
 0 495
 0 496
 0 497
 0 498
 0 499
 0 500
 0 501
 0 502
 0 503
 0 504
 0 505
 0 506
 0 507
 0 508
 0 509
 0 510
 0 511
 0 512
 0 513
 0 514
 0 515
 0 516
 0 517
 0 518
 0 519
 0 520
 0 521
 0 522
 0 523
 0 524
 0 525
 0 526
 0 527
 0 528
 0 529
 0 530
 0 531
 0 532
 0 533
 0 534
 0 535
 0 536
 0 537
 0 538
 0 539
 0 540
 0 541
 0 542
 0 543
 0 544
 0 545
 0 546
 0 547
 0 548
 0 549
 0 550
 0 551
 0 552
 0 553
 0 554
 0 555
 0 556
 0 557
 0 558
 0 559
 0 560
 0 561
 0 562
 0 563
 0 564
 0 565
 0 566
 0 567
 0 568
 0 569
 0 570
 0 571
 0 572
 0 573
 0 574
 0 575
 0 576
 0 577
 0 578
 0 579
 0 580
 0 581
 0 582
 0 583
 0 584
 0 585
 0 586
 0 587
 0 588
 0 589
 0 590
 0 591
 0 592
 0 593
 0 594
 0 595
 0 596
 0 597
 0 598
 0 599
 0 600


