# Created by Octave 3.8.2, Mon Jun 22 10:28:52 2020 CEST <damian@fptrucha.inv.usc.es>
# name: hd
# type: matrix
# rows: 551
# columns: 2
 0 50
 0 51
 0 52
 0 53
 0 54
 0 55
 0 56
 0 57
 0 58
 0 59
 0 60
 0 61
 0 62
 0 63
 0 64
 0 65
 0 66
 0 67
 0 68
 0 69
 0 70
 0 71
 0 72
 0 73
 0 74
 0 75
 0 76
 0 77
 0 78
 0 79
 0 80
 0 81
 0 82
 0 83
 0 84
 0 85
 0 86
 0 87
 0 88
 2 89
 2 90
 15 91
 90 92
 104 93
 180 94
 235 95
 420 96
 552 97
 817 98
 1010 99
 1220 100
 1301 101
 1350 102
 1401 103
 1428 104
 1589 105
 1490 106
 1455 107
 1395 108
 1299 109
 1386 110
 1227 111
 1089 112
 1098 113
 1043 114
 968 115
 827 116
 762 117
 733 118
 648 119
 653 120
 562 121
 460 122
 462 123
 382 124
 357 125
 345 126
 323 127
 280 128
 265 129
 225 130
 263 131
 198 132
 195 133
 168 134
 171 135
 150 136
 152 137
 151 138
 124 139
 115 140
 103 141
 109 142
 94 143
 89 144
 94 145
 89 146
 72 147
 76 148
 73 149
 56 150
 79 151
 48 152
 52 153
 58 154
 52 155
 47 156
 46 157
 46 158
 44 159
 33 160
 31 161
 29 162
 32 163
 31 164
 26 165
 25 166
 26 167
 22 168
 29 169
 25 170
 27 171
 18 172
 15 173
 16 174
 11 175
 11 176
 18 177
 12 178
 10 179
 8 180
 9 181
 6 182
 15 183
 8 184
 11 185
 7 186
 11 187
 2 188
 11 189
 6 190
 8 191
 4 192
 4 193
 2 194
 2 195
 3 196
 6 197
 1 198
 3 199
 5 200
 4 201
 2 202
 1 203
 3 204
 0 205
 2 206
 2 207
 1 208
 0 209
 0 210
 1 211
 2 212
 0 213
 1 214
 0 215
 1 216
 1 217
 0 218
 1 219
 0 220
 1 221
 1 222
 0 223
 0 224
 0 225
 0 226
 0 227
 0 228
 0 229
 0 230
 1 231
 0 232
 0 233
 1 234
 0 235
 0 236
 0 237
 0 238
 0 239
 0 240
 0 241
 0 242
 0 243
 0 244
 0 245
 0 246
 0 247
 0 248
 0 249
 0 250
 0 251
 0 252
 0 253
 0 254
 0 255
 0 256
 0 257
 0 258
 0 259
 0 260
 0 261
 0 262
 0 263
 0 264
 0 265
 0 266
 0 267
 0 268
 0 269
 0 270
 0 271
 0 272
 0 273
 0 274
 0 275
 0 276
 1 277
 0 278
 0 279
 0 280
 2 281
 1 282
 1 283
 1 284
 0 285
 1 286
 0 287
 1 288
 1 289
 1 290
 1 291
 0 292
 0 293
 1 294
 4 295
 2 296
 1 297
 1 298
 1 299
 2 300
 2 301
 1 302
 3 303
 1 304
 4 305
 2 306
 0 307
 0 308
 3 309
 5 310
 1 311
 2 312
 1 313
 2 314
 3 315
 4 316
 1 317
 2 318
 2 319
 5 320
 1 321
 2 322
 2 323
 3 324
 2 325
 2 326
 4 327
 4 328
 2 329
 0 330
 3 331
 3 332
 3 333
 4 334
 1 335
 1 336
 3 337
 2 338
 5 339
 2 340
 1 341
 1 342
 4 343
 1 344
 2 345
 1 346
 2 347
 3 348
 1 349
 0 350
 2 351
 2 352
 2 353
 0 354
 2 355
 0 356
 2 357
 0 358
 5 359
 3 360
 1 361
 2 362
 2 363
 2 364
 1 365
 2 366
 4 367
 1 368
 3 369
 0 370
 0 371
 0 372
 2 373
 0 374
 1 375
 0 376
 3 377
 1 378
 2 379
 0 380
 2 381
 0 382
 0 383
 0 384
 2 385
 2 386
 2 387
 0 388
 2 389
 0 390
 0 391
 0 392
 0 393
 0 394
 0 395
 0 396
 0 397
 0 398
 0 399
 0 400
 0 401
 0 402
 0 403
 1 404
 0 405
 1 406
 0 407
 0 408
 1 409
 0 410
 0 411
 0 412
 0 413
 0 414
 0 415
 0 416
 0 417
 0 418
 0 419
 0 420
 0 421
 0 422
 0 423
 0 424
 0 425
 0 426
 0 427
 0 428
 0 429
 0 430
 1 431
 0 432
 0 433
 0 434
 0 435
 0 436
 0 437
 0 438
 0 439
 0 440
 0 441
 0 442
 0 443
 0 444
 0 445
 0 446
 0 447
 0 448
 0 449
 0 450
 0 451
 0 452
 0 453
 0 454
 0 455
 0 456
 0 457
 0 458
 0 459
 0 460
 0 461
 0 462
 0 463
 0 464
 0 465
 0 466
 0 467
 0 468
 0 469
 0 470
 0 471
 0 472
 0 473
 0 474
 0 475
 0 476
 0 477
 0 478
 0 479
 0 480
 0 481
 0 482
 0 483
 0 484
 0 485
 0 486
 0 487
 0 488
 0 489
 0 490
 0 491
 0 492
 0 493
 0 494
 0 495
 0 496
 0 497
 0 498
 0 499
 0 500
 0 501
 0 502
 0 503
 0 504
 0 505
 0 506
 0 507
 0 508
 0 509
 0 510
 0 511
 0 512
 0 513
 0 514
 0 515
 0 516
 0 517
 0 518
 0 519
 0 520
 0 521
 0 522
 0 523
 0 524
 0 525
 0 526
 0 527
 0 528
 0 529
 0 530
 0 531
 0 532
 0 533
 0 534
 0 535
 0 536
 0 537
 0 538
 0 539
 0 540
 0 541
 0 542
 0 543
 0 544
 0 545
 0 546
 0 547
 0 548
 0 549
 0 550
 0 551
 0 552
 0 553
 0 554
 0 555
 0 556
 0 557
 0 558
 0 559
 0 560
 0 561
 0 562
 0 563
 0 564
 0 565
 0 566
 0 567
 0 568
 0 569
 0 570
 0 571
 0 572
 0 573
 0 574
 0 575
 0 576
 0 577
 0 578
 0 579
 0 580
 0 581
 0 582
 0 583
 0 584
 0 585
 0 586
 0 587
 0 588
 0 589
 0 590
 0 591
 0 592
 0 593
 0 594
 0 595
 0 596
 0 597
 0 598
 0 599
 0 600


