# Created by Octave 3.8.2, Mon Jun 22 15:48:37 2020 CEST <damian@fptrucha.inv.usc.es>
# name: hd
# type: matrix
# rows: 551
# columns: 2
 0 50
 0 51
 0 52
 0 53
 0 54
 0 55
 0 56
 0 57
 0 58
 0 59
 0 60
 0 61
 0 62
 0 63
 0 64
 0 65
 0 66
 0 67
 0 68
 0 69
 0 70
 0 71
 0 72
 0 73
 0 74
 0 75
 0 76
 0 77
 0 78
 0 79
 0 80
 0 81
 0 82
 0 83
 0 84
 0 85
 0 86
 0 87
 1 88
 4 89
 4 90
 24 91
 100 92
 153 93
 169 94
 269 95
 415 96
 671 97
 916 98
 1057 99
 1310 100
 1440 101
 1494 102
 1542 103
 1548 104
 1673 105
 1546 106
 1538 107
 1445 108
 1431 109
 1396 110
 1302 111
 1183 112
 1089 113
 1005 114
 888 115
 840 116
 838 117
 688 118
 669 119
 574 120
 521 121
 459 122
 424 123
 395 124
 361 125
 333 126
 295 127
 306 128
 266 129
 245 130
 221 131
 213 132
 198 133
 191 134
 170 135
 154 136
 135 137
 126 138
 112 139
 108 140
 125 141
 87 142
 93 143
 94 144
 92 145
 76 146
 89 147
 73 148
 71 149
 69 150
 55 151
 66 152
 54 153
 46 154
 41 155
 45 156
 46 157
 35 158
 39 159
 42 160
 35 161
 26 162
 29 163
 28 164
 28 165
 22 166
 9 167
 9 168
 16 169
 24 170
 21 171
 19 172
 13 173
 13 174
 11 175
 10 176
 14 177
 11 178
 13 179
 10 180
 11 181
 10 182
 9 183
 10 184
 2 185
 8 186
 11 187
 9 188
 4 189
 4 190
 4 191
 9 192
 6 193
 3 194
 3 195
 0 196
 2 197
 3 198
 2 199
 0 200
 0 201
 1 202
 2 203
 2 204
 3 205
 1 206
 1 207
 0 208
 1 209
 1 210
 2 211
 1 212
 1 213
 0 214
 1 215
 1 216
 0 217
 0 218
 0 219
 0 220
 0 221
 1 222
 2 223
 0 224
 0 225
 0 226
 0 227
 1 228
 0 229
 0 230
 0 231
 0 232
 0 233
 0 234
 0 235
 0 236
 1 237
 0 238
 0 239
 0 240
 0 241
 0 242
 0 243
 0 244
 0 245
 0 246
 0 247
 0 248
 0 249
 0 250
 0 251
 0 252
 0 253
 0 254
 0 255
 0 256
 0 257
 0 258
 0 259
 0 260
 0 261
 0 262
 0 263
 0 264
 0 265
 0 266
 0 267
 0 268
 0 269
 0 270
 0 271
 0 272
 0 273
 0 274
 1 275
 1 276
 0 277
 0 278
 0 279
 0 280
 0 281
 1 282
 0 283
 0 284
 1 285
 0 286
 0 287
 0 288
 0 289
 0 290
 1 291
 3 292
 1 293
 2 294
 4 295
 0 296
 3 297
 1 298
 3 299
 0 300
 1 301
 0 302
 0 303
 2 304
 2 305
 3 306
 5 307
 2 308
 1 309
 1 310
 3 311
 2 312
 3 313
 0 314
 2 315
 1 316
 2 317
 2 318
 1 319
 2 320
 4 321
 0 322
 4 323
 4 324
 3 325
 1 326
 2 327
 3 328
 4 329
 2 330
 2 331
 3 332
 9 333
 2 334
 3 335
 2 336
 2 337
 5 338
 1 339
 0 340
 2 341
 0 342
 3 343
 2 344
 3 345
 1 346
 2 347
 2 348
 1 349
 1 350
 4 351
 0 352
 2 353
 0 354
 1 355
 1 356
 0 357
 3 358
 1 359
 4 360
 0 361
 2 362
 0 363
 0 364
 0 365
 0 366
 0 367
 2 368
 1 369
 1 370
 3 371
 0 372
 1 373
 2 374
 2 375
 0 376
 0 377
 1 378
 2 379
 0 380
 0 381
 0 382
 0 383
 0 384
 1 385
 1 386
 0 387
 1 388
 0 389
 1 390
 0 391
 0 392
 0 393
 0 394
 1 395
 0 396
 0 397
 0 398
 0 399
 0 400
 0 401
 1 402
 0 403
 0 404
 0 405
 0 406
 0 407
 0 408
 0 409
 0 410
 0 411
 0 412
 0 413
 0 414
 0 415
 0 416
 0 417
 0 418
 0 419
 0 420
 0 421
 0 422
 0 423
 1 424
 0 425
 0 426
 0 427
 0 428
 0 429
 0 430
 0 431
 0 432
 0 433
 1 434
 0 435
 0 436
 0 437
 0 438
 0 439
 0 440
 0 441
 0 442
 0 443
 0 444
 0 445
 0 446
 0 447
 0 448
 0 449
 0 450
 0 451
 0 452
 0 453
 0 454
 0 455
 0 456
 0 457
 0 458
 0 459
 0 460
 0 461
 0 462
 0 463
 0 464
 0 465
 0 466
 0 467
 0 468
 0 469
 0 470
 0 471
 0 472
 0 473
 0 474
 0 475
 0 476
 0 477
 0 478
 0 479
 0 480
 0 481
 0 482
 0 483
 0 484
 0 485
 0 486
 0 487
 0 488
 0 489
 0 490
 0 491
 0 492
 0 493
 0 494
 0 495
 0 496
 0 497
 0 498
 0 499
 0 500
 0 501
 0 502
 0 503
 0 504
 0 505
 0 506
 0 507
 0 508
 0 509
 0 510
 0 511
 0 512
 0 513
 0 514
 0 515
 0 516
 0 517
 0 518
 0 519
 0 520
 0 521
 0 522
 0 523
 0 524
 0 525
 0 526
 0 527
 0 528
 0 529
 0 530
 0 531
 0 532
 0 533
 0 534
 0 535
 0 536
 0 537
 0 538
 0 539
 0 540
 0 541
 0 542
 0 543
 0 544
 0 545
 0 546
 0 547
 0 548
 0 549
 0 550
 0 551
 0 552
 0 553
 0 554
 0 555
 0 556
 0 557
 0 558
 0 559
 0 560
 0 561
 0 562
 0 563
 0 564
 0 565
 0 566
 0 567
 0 568
 0 569
 0 570
 0 571
 0 572
 0 573
 0 574
 0 575
 0 576
 0 577
 0 578
 0 579
 0 580
 0 581
 0 582
 0 583
 0 584
 0 585
 0 586
 0 587
 0 588
 0 589
 0 590
 0 591
 0 592
 0 593
 0 594
 0 595
 0 596
 0 597
 0 598
 0 599
 0 600


