# Created by Octave 3.8.2, Mon Jun 22 00:37:13 2020 CEST <damian@fptrucha.inv.usc.es>
# name: hd
# type: matrix
# rows: 551
# columns: 2
 0 50
 0 51
 0 52
 0 53
 0 54
 0 55
 0 56
 0 57
 0 58
 0 59
 0 60
 0 61
 0 62
 0 63
 0 64
 0 65
 0 66
 0 67
 0 68
 0 69
 0 70
 0 71
 0 72
 0 73
 0 74
 0 75
 0 76
 0 77
 0 78
 0 79
 0 80
 0 81
 0 82
 0 83
 0 84
 0 85
 0 86
 0 87
 0 88
 4 89
 7 90
 28 91
 96 92
 115 93
 179 94
 272 95
 382 96
 538 97
 695 98
 841 99
 915 100
 1051 101
 1129 102
 1203 103
 1247 104
 1270 105
 1286 106
 1239 107
 1319 108
 1301 109
 1229 110
 1178 111
 1152 112
 1118 113
 1085 114
 1035 115
 946 116
 882 117
 882 118
 780 119
 709 120
 635 121
 585 122
 599 123
 516 124
 449 125
 468 126
 436 127
 385 128
 328 129
 345 130
 313 131
 248 132
 243 133
 214 134
 218 135
 181 136
 197 137
 172 138
 156 139
 157 140
 138 141
 109 142
 123 143
 111 144
 95 145
 93 146
 96 147
 69 148
 70 149
 74 150
 67 151
 52 152
 58 153
 48 154
 54 155
 49 156
 47 157
 42 158
 36 159
 50 160
 28 161
 32 162
 33 163
 28 164
 33 165
 23 166
 21 167
 28 168
 18 169
 17 170
 19 171
 21 172
 12 173
 16 174
 16 175
 15 176
 15 177
 2 178
 9 179
 11 180
 11 181
 6 182
 9 183
 11 184
 5 185
 6 186
 3 187
 4 188
 4 189
 5 190
 3 191
 0 192
 5 193
 8 194
 2 195
 0 196
 0 197
 3 198
 4 199
 1 200
 2 201
 1 202
 2 203
 1 204
 1 205
 0 206
 2 207
 1 208
 1 209
 1 210
 0 211
 3 212
 0 213
 0 214
 0 215
 1 216
 1 217
 1 218
 0 219
 1 220
 0 221
 0 222
 0 223
 0 224
 1 225
 0 226
 0 227
 0 228
 0 229
 0 230
 0 231
 1 232
 0 233
 0 234
 0 235
 0 236
 0 237
 0 238
 0 239
 0 240
 0 241
 0 242
 0 243
 0 244
 0 245
 0 246
 0 247
 0 248
 0 249
 0 250
 0 251
 0 252
 0 253
 0 254
 0 255
 0 256
 0 257
 0 258
 0 259
 0 260
 0 261
 0 262
 0 263
 1 264
 0 265
 0 266
 0 267
 0 268
 0 269
 0 270
 0 271
 0 272
 0 273
 0 274
 0 275
 0 276
 0 277
 0 278
 0 279
 0 280
 1 281
 0 282
 0 283
 1 284
 0 285
 0 286
 0 287
 2 288
 0 289
 0 290
 2 291
 1 292
 1 293
 0 294
 2 295
 1 296
 0 297
 1 298
 1 299
 1 300
 1 301
 0 302
 3 303
 2 304
 0 305
 4 306
 0 307
 3 308
 1 309
 0 310
 0 311
 3 312
 4 313
 2 314
 1 315
 2 316
 0 317
 1 318
 1 319
 1 320
 2 321
 0 322
 4 323
 0 324
 1 325
 2 326
 3 327
 2 328
 3 329
 0 330
 2 331
 2 332
 2 333
 3 334
 1 335
 1 336
 2 337
 2 338
 3 339
 2 340
 1 341
 3 342
 3 343
 3 344
 2 345
 0 346
 3 347
 0 348
 4 349
 3 350
 1 351
 2 352
 2 353
 2 354
 1 355
 1 356
 0 357
 2 358
 2 359
 2 360
 2 361
 2 362
 3 363
 0 364
 1 365
 0 366
 0 367
 1 368
 0 369
 0 370
 0 371
 3 372
 1 373
 1 374
 0 375
 2 376
 1 377
 0 378
 0 379
 1 380
 3 381
 2 382
 0 383
 0 384
 0 385
 0 386
 0 387
 2 388
 1 389
 0 390
 0 391
 0 392
 0 393
 0 394
 0 395
 0 396
 0 397
 1 398
 0 399
 0 400
 0 401
 0 402
 0 403
 0 404
 1 405
 0 406
 0 407
 0 408
 0 409
 0 410
 0 411
 0 412
 0 413
 0 414
 0 415
 0 416
 0 417
 0 418
 0 419
 0 420
 0 421
 0 422
 0 423
 0 424
 0 425
 0 426
 0 427
 0 428
 0 429
 0 430
 0 431
 0 432
 0 433
 0 434
 0 435
 0 436
 0 437
 0 438
 0 439
 0 440
 0 441
 0 442
 0 443
 0 444
 0 445
 0 446
 0 447
 0 448
 0 449
 0 450
 0 451
 0 452
 0 453
 0 454
 0 455
 0 456
 0 457
 0 458
 0 459
 0 460
 0 461
 0 462
 0 463
 0 464
 0 465
 0 466
 0 467
 0 468
 0 469
 0 470
 0 471
 0 472
 0 473
 0 474
 0 475
 0 476
 0 477
 0 478
 0 479
 0 480
 0 481
 0 482
 0 483
 0 484
 0 485
 0 486
 0 487
 0 488
 0 489
 0 490
 0 491
 0 492
 0 493
 0 494
 0 495
 0 496
 0 497
 0 498
 0 499
 0 500
 0 501
 0 502
 0 503
 0 504
 0 505
 0 506
 0 507
 0 508
 0 509
 0 510
 0 511
 0 512
 0 513
 0 514
 0 515
 0 516
 0 517
 0 518
 0 519
 0 520
 0 521
 0 522
 0 523
 0 524
 0 525
 0 526
 0 527
 0 528
 0 529
 0 530
 0 531
 0 532
 0 533
 0 534
 0 535
 0 536
 0 537
 0 538
 0 539
 0 540
 0 541
 0 542
 0 543
 0 544
 0 545
 0 546
 0 547
 0 548
 0 549
 0 550
 0 551
 0 552
 0 553
 0 554
 0 555
 0 556
 0 557
 0 558
 0 559
 0 560
 0 561
 0 562
 0 563
 0 564
 0 565
 0 566
 0 567
 0 568
 0 569
 0 570
 0 571
 0 572
 0 573
 0 574
 0 575
 0 576
 0 577
 0 578
 0 579
 0 580
 0 581
 0 582
 0 583
 0 584
 0 585
 0 586
 0 587
 0 588
 0 589
 0 590
 0 591
 0 592
 0 593
 0 594
 0 595
 0 596
 0 597
 0 598
 0 599
 0 600


