# Created by Octave 3.8.2, Mon Jun 22 15:53:05 2020 CEST <damian@fptrucha.inv.usc.es>
# name: hd
# type: matrix
# rows: 551
# columns: 2
 0 50
 0 51
 0 52
 0 53
 0 54
 0 55
 0 56
 0 57
 0 58
 0 59
 0 60
 0 61
 0 62
 0 63
 0 64
 0 65
 0 66
 0 67
 0 68
 0 69
 0 70
 0 71
 0 72
 0 73
 0 74
 0 75
 0 76
 0 77
 0 78
 0 79
 0 80
 0 81
 0 82
 0 83
 0 84
 0 85
 0 86
 0 87
 0 88
 3 89
 4 90
 32 91
 83 92
 135 93
 178 94
 295 95
 477 96
 675 97
 900 98
 1137 99
 1330 100
 1465 101
 1604 102
 1580 103
 1611 104
 1713 105
 1613 106
 1544 107
 1521 108
 1328 109
 1409 110
 1272 111
 1169 112
 1088 113
 1043 114
 960 115
 812 116
 782 117
 734 118
 620 119
 584 120
 569 121
 503 122
 439 123
 376 124
 355 125
 316 126
 297 127
 275 128
 236 129
 240 130
 223 131
 204 132
 202 133
 148 134
 158 135
 174 136
 145 137
 118 138
 118 139
 110 140
 108 141
 87 142
 87 143
 77 144
 82 145
 88 146
 70 147
 61 148
 59 149
 49 150
 62 151
 58 152
 41 153
 55 154
 44 155
 47 156
 47 157
 40 158
 32 159
 50 160
 40 161
 33 162
 21 163
 24 164
 24 165
 27 166
 18 167
 31 168
 15 169
 19 170
 14 171
 24 172
 11 173
 8 174
 12 175
 4 176
 12 177
 7 178
 11 179
 13 180
 7 181
 6 182
 9 183
 8 184
 6 185
 10 186
 1 187
 4 188
 3 189
 8 190
 2 191
 7 192
 7 193
 4 194
 2 195
 2 196
 3 197
 5 198
 2 199
 1 200
 1 201
 0 202
 1 203
 3 204
 2 205
 2 206
 1 207
 1 208
 0 209
 0 210
 0 211
 0 212
 1 213
 1 214
 0 215
 0 216
 2 217
 0 218
 0 219
 0 220
 0 221
 0 222
 0 223
 1 224
 0 225
 0 226
 0 227
 1 228
 0 229
 0 230
 0 231
 0 232
 0 233
 0 234
 0 235
 0 236
 0 237
 0 238
 0 239
 0 240
 0 241
 1 242
 0 243
 0 244
 0 245
 0 246
 0 247
 0 248
 0 249
 0 250
 0 251
 0 252
 0 253
 0 254
 0 255
 0 256
 0 257
 0 258
 0 259
 0 260
 0 261
 0 262
 0 263
 0 264
 0 265
 0 266
 0 267
 0 268
 0 269
 0 270
 0 271
 0 272
 0 273
 0 274
 0 275
 0 276
 0 277
 0 278
 0 279
 1 280
 1 281
 1 282
 0 283
 0 284
 0 285
 1 286
 0 287
 1 288
 1 289
 1 290
 2 291
 0 292
 0 293
 2 294
 2 295
 1 296
 0 297
 1 298
 0 299
 4 300
 1 301
 0 302
 3 303
 3 304
 2 305
 1 306
 1 307
 2 308
 2 309
 3 310
 3 311
 2 312
 1 313
 0 314
 6 315
 3 316
 1 317
 0 318
 2 319
 1 320
 7 321
 0 322
 0 323
 4 324
 1 325
 5 326
 5 327
 4 328
 0 329
 3 330
 0 331
 4 332
 1 333
 2 334
 2 335
 1 336
 1 337
 3 338
 3 339
 5 340
 1 341
 4 342
 2 343
 1 344
 2 345
 6 346
 1 347
 2 348
 1 349
 0 350
 3 351
 2 352
 1 353
 5 354
 1 355
 3 356
 4 357
 1 358
 2 359
 1 360
 3 361
 1 362
 2 363
 2 364
 0 365
 1 366
 3 367
 1 368
 0 369
 0 370
 0 371
 0 372
 0 373
 0 374
 4 375
 0 376
 0 377
 0 378
 0 379
 0 380
 0 381
 1 382
 0 383
 1 384
 1 385
 0 386
 0 387
 1 388
 0 389
 1 390
 0 391
 1 392
 1 393
 0 394
 1 395
 1 396
 0 397
 1 398
 1 399
 0 400
 0 401
 0 402
 0 403
 0 404
 0 405
 0 406
 0 407
 0 408
 0 409
 0 410
 0 411
 0 412
 0 413
 0 414
 1 415
 0 416
 0 417
 0 418
 0 419
 0 420
 0 421
 0 422
 0 423
 0 424
 0 425
 0 426
 0 427
 0 428
 0 429
 0 430
 0 431
 0 432
 0 433
 0 434
 0 435
 0 436
 0 437
 0 438
 0 439
 0 440
 0 441
 0 442
 0 443
 0 444
 0 445
 0 446
 0 447
 0 448
 0 449
 0 450
 0 451
 0 452
 0 453
 0 454
 0 455
 0 456
 0 457
 0 458
 0 459
 0 460
 0 461
 0 462
 0 463
 0 464
 0 465
 0 466
 0 467
 0 468
 0 469
 0 470
 0 471
 0 472
 0 473
 0 474
 0 475
 0 476
 0 477
 0 478
 0 479
 0 480
 0 481
 0 482
 0 483
 0 484
 0 485
 0 486
 0 487
 0 488
 0 489
 0 490
 0 491
 0 492
 0 493
 0 494
 0 495
 0 496
 0 497
 0 498
 0 499
 0 500
 0 501
 0 502
 0 503
 0 504
 0 505
 0 506
 0 507
 0 508
 0 509
 0 510
 0 511
 0 512
 0 513
 0 514
 0 515
 0 516
 0 517
 0 518
 0 519
 0 520
 0 521
 0 522
 0 523
 0 524
 0 525
 0 526
 0 527
 0 528
 0 529
 0 530
 0 531
 0 532
 0 533
 0 534
 0 535
 0 536
 0 537
 0 538
 0 539
 0 540
 0 541
 0 542
 0 543
 0 544
 0 545
 0 546
 0 547
 0 548
 0 549
 0 550
 0 551
 0 552
 0 553
 0 554
 0 555
 0 556
 0 557
 0 558
 0 559
 0 560
 0 561
 0 562
 0 563
 0 564
 0 565
 0 566
 0 567
 0 568
 0 569
 0 570
 0 571
 0 572
 0 573
 0 574
 0 575
 0 576
 0 577
 0 578
 0 579
 0 580
 0 581
 0 582
 0 583
 0 584
 0 585
 0 586
 0 587
 0 588
 0 589
 0 590
 0 591
 0 592
 0 593
 0 594
 0 595
 0 596
 0 597
 0 598
 0 599
 0 600


