# Created by Octave 3.8.2, Sat Jun 20 13:04:49 2020 CEST <damian@fptrucha.inv.usc.es>
# name: hd
# type: matrix
# rows: 551
# columns: 2
 0 50
 0 51
 0 52
 0 53
 0 54
 0 55
 0 56
 0 57
 0 58
 0 59
 0 60
 0 61
 0 62
 0 63
 0 64
 0 65
 0 66
 0 67
 0 68
 0 69
 0 70
 0 71
 0 72
 0 73
 0 74
 0 75
 0 76
 0 77
 0 78
 0 79
 0 80
 0 81
 0 82
 0 83
 0 84
 0 85
 0 86
 0 87
 2 88
 2 89
 2 90
 22 91
 105 92
 138 93
 172 94
 284 95
 414 96
 618 97
 780 98
 970 99
 1081 100
 1277 101
 1225 102
 1208 103
 1376 104
 1480 105
 1422 106
 1486 107
 1344 108
 1420 109
 1343 110
 1261 111
 1235 112
 1208 113
 1082 114
 1150 115
 1019 116
 931 117
 857 118
 835 119
 741 120
 708 121
 657 122
 619 123
 546 124
 518 125
 448 126
 460 127
 400 128
 365 129
 357 130
 306 131
 269 132
 262 133
 238 134
 230 135
 189 136
 171 137
 184 138
 143 139
 157 140
 114 141
 134 142
 117 143
 128 144
 116 145
 105 146
 95 147
 80 148
 86 149
 90 150
 76 151
 63 152
 61 153
 61 154
 57 155
 63 156
 46 157
 54 158
 48 159
 52 160
 39 161
 34 162
 30 163
 30 164
 20 165
 25 166
 24 167
 22 168
 24 169
 20 170
 27 171
 19 172
 12 173
 15 174
 12 175
 9 176
 18 177
 20 178
 12 179
 13 180
 11 181
 12 182
 8 183
 4 184
 7 185
 4 186
 5 187
 7 188
 4 189
 8 190
 1 191
 8 192
 7 193
 1 194
 3 195
 2 196
 4 197
 3 198
 3 199
 5 200
 5 201
 3 202
 3 203
 0 204
 3 205
 1 206
 0 207
 1 208
 1 209
 1 210
 1 211
 0 212
 0 213
 1 214
 0 215
 1 216
 1 217
 1 218
 0 219
 0 220
 0 221
 0 222
 0 223
 1 224
 0 225
 0 226
 0 227
 0 228
 0 229
 0 230
 0 231
 0 232
 0 233
 0 234
 0 235
 0 236
 1 237
 0 238
 0 239
 0 240
 0 241
 0 242
 0 243
 0 244
 0 245
 0 246
 0 247
 0 248
 0 249
 0 250
 0 251
 0 252
 0 253
 0 254
 0 255
 0 256
 0 257
 0 258
 1 259
 0 260
 0 261
 0 262
 0 263
 0 264
 0 265
 0 266
 0 267
 0 268
 1 269
 0 270
 1 271
 0 272
 0 273
 0 274
 0 275
 0 276
 0 277
 0 278
 0 279
 0 280
 0 281
 0 282
 0 283
 1 284
 0 285
 0 286
 0 287
 0 288
 1 289
 1 290
 1 291
 0 292
 0 293
 0 294
 1 295
 0 296
 0 297
 2 298
 1 299
 1 300
 0 301
 3 302
 2 303
 0 304
 1 305
 1 306
 0 307
 2 308
 2 309
 2 310
 1 311
 2 312
 3 313
 2 314
 2 315
 1 316
 3 317
 3 318
 3 319
 2 320
 2 321
 0 322
 3 323
 2 324
 7 325
 1 326
 3 327
 1 328
 3 329
 1 330
 4 331
 1 332
 1 333
 1 334
 2 335
 2 336
 0 337
 1 338
 5 339
 2 340
 1 341
 1 342
 2 343
 4 344
 1 345
 8 346
 2 347
 2 348
 2 349
 6 350
 1 351
 1 352
 3 353
 3 354
 2 355
 1 356
 1 357
 3 358
 5 359
 3 360
 0 361
 3 362
 2 363
 3 364
 2 365
 0 366
 0 367
 1 368
 2 369
 0 370
 1 371
 2 372
 0 373
 1 374
 1 375
 1 376
 0 377
 0 378
 0 379
 1 380
 2 381
 0 382
 0 383
 1 384
 0 385
 0 386
 0 387
 1 388
 1 389
 1 390
 1 391
 0 392
 0 393
 0 394
 2 395
 1 396
 0 397
 0 398
 0 399
 0 400
 0 401
 0 402
 0 403
 0 404
 0 405
 0 406
 0 407
 0 408
 0 409
 0 410
 0 411
 0 412
 0 413
 0 414
 0 415
 0 416
 1 417
 0 418
 0 419
 0 420
 0 421
 0 422
 0 423
 0 424
 0 425
 0 426
 0 427
 0 428
 0 429
 0 430
 0 431
 0 432
 0 433
 0 434
 0 435
 0 436
 0 437
 0 438
 0 439
 0 440
 0 441
 0 442
 0 443
 0 444
 0 445
 0 446
 0 447
 0 448
 0 449
 0 450
 0 451
 0 452
 0 453
 0 454
 0 455
 0 456
 0 457
 0 458
 0 459
 0 460
 0 461
 0 462
 0 463
 0 464
 0 465
 0 466
 0 467
 0 468
 0 469
 0 470
 0 471
 0 472
 0 473
 0 474
 0 475
 0 476
 0 477
 0 478
 0 479
 0 480
 0 481
 0 482
 0 483
 0 484
 0 485
 0 486
 0 487
 0 488
 0 489
 0 490
 0 491
 0 492
 0 493
 0 494
 0 495
 0 496
 0 497
 0 498
 0 499
 0 500
 0 501
 0 502
 0 503
 0 504
 0 505
 0 506
 0 507
 0 508
 0 509
 0 510
 0 511
 0 512
 0 513
 0 514
 0 515
 0 516
 0 517
 0 518
 0 519
 0 520
 0 521
 0 522
 0 523
 0 524
 0 525
 0 526
 0 527
 0 528
 0 529
 0 530
 0 531
 0 532
 0 533
 0 534
 0 535
 0 536
 0 537
 0 538
 0 539
 0 540
 0 541
 0 542
 0 543
 0 544
 0 545
 0 546
 0 547
 0 548
 0 549
 0 550
 0 551
 0 552
 0 553
 0 554
 0 555
 0 556
 0 557
 0 558
 0 559
 0 560
 0 561
 0 562
 0 563
 0 564
 0 565
 0 566
 0 567
 0 568
 0 569
 0 570
 0 571
 0 572
 0 573
 0 574
 0 575
 0 576
 0 577
 0 578
 0 579
 0 580
 0 581
 0 582
 0 583
 0 584
 0 585
 0 586
 0 587
 0 588
 0 589
 0 590
 0 591
 0 592
 0 593
 0 594
 0 595
 0 596
 0 597
 0 598
 0 599
 0 600


