# Created by Octave 3.8.2, Mon Jun 22 11:59:27 2020 CEST <damian@fptrucha.inv.usc.es>
# name: hd
# type: matrix
# rows: 551
# columns: 2
 0 50
 0 51
 0 52
 0 53
 0 54
 0 55
 0 56
 0 57
 0 58
 0 59
 0 60
 0 61
 0 62
 0 63
 0 64
 0 65
 0 66
 0 67
 0 68
 0 69
 0 70
 0 71
 0 72
 0 73
 0 74
 0 75
 0 76
 0 77
 0 78
 0 79
 0 80
 0 81
 0 82
 0 83
 0 84
 0 85
 1 86
 0 87
 2 88
 2 89
 4 90
 10 91
 71 92
 97 93
 173 94
 243 95
 410 96
 619 97
 818 98
 1026 99
 1148 100
 1298 101
 1376 102
 1358 103
 1452 104
 1433 105
 1462 106
 1444 107
 1375 108
 1361 109
 1323 110
 1199 111
 1131 112
 1058 113
 961 114
 913 115
 883 116
 818 117
 658 118
 638 119
 648 120
 544 121
 508 122
 473 123
 442 124
 392 125
 314 126
 321 127
 287 128
 304 129
 236 130
 207 131
 212 132
 174 133
 171 134
 176 135
 186 136
 138 137
 122 138
 121 139
 118 140
 103 141
 118 142
 99 143
 97 144
 87 145
 76 146
 70 147
 88 148
 60 149
 57 150
 52 151
 51 152
 59 153
 51 154
 70 155
 47 156
 57 157
 40 158
 52 159
 34 160
 41 161
 42 162
 32 163
 28 164
 23 165
 31 166
 33 167
 21 168
 21 169
 20 170
 28 171
 20 172
 20 173
 14 174
 8 175
 11 176
 17 177
 8 178
 9 179
 2 180
 8 181
 5 182
 10 183
 8 184
 9 185
 5 186
 9 187
 5 188
 5 189
 6 190
 6 191
 4 192
 3 193
 5 194
 2 195
 3 196
 5 197
 3 198
 4 199
 5 200
 3 201
 2 202
 3 203
 0 204
 0 205
 3 206
 1 207
 2 208
 2 209
 2 210
 0 211
 3 212
 2 213
 0 214
 0 215
 1 216
 1 217
 0 218
 0 219
 0 220
 0 221
 0 222
 0 223
 0 224
 0 225
 0 226
 0 227
 0 228
 0 229
 0 230
 0 231
 0 232
 0 233
 0 234
 0 235
 0 236
 0 237
 0 238
 0 239
 0 240
 0 241
 0 242
 0 243
 0 244
 0 245
 0 246
 0 247
 0 248
 0 249
 0 250
 0 251
 0 252
 1 253
 0 254
 1 255
 1 256
 0 257
 0 258
 0 259
 0 260
 0 261
 0 262
 0 263
 0 264
 0 265
 0 266
 0 267
 0 268
 0 269
 0 270
 0 271
 0 272
 1 273
 1 274
 0 275
 0 276
 0 277
 0 278
 0 279
 0 280
 0 281
 0 282
 0 283
 0 284
 0 285
 0 286
 1 287
 0 288
 1 289
 4 290
 2 291
 1 292
 3 293
 1 294
 1 295
 2 296
 2 297
 1 298
 2 299
 3 300
 1 301
 2 302
 3 303
 4 304
 3 305
 0 306
 2 307
 1 308
 2 309
 6 310
 1 311
 3 312
 2 313
 3 314
 2 315
 4 316
 4 317
 6 318
 3 319
 5 320
 8 321
 5 322
 7 323
 2 324
 4 325
 3 326
 2 327
 2 328
 1 329
 4 330
 2 331
 1 332
 5 333
 4 334
 0 335
 6 336
 1 337
 2 338
 4 339
 2 340
 2 341
 4 342
 4 343
 1 344
 2 345
 0 346
 2 347
 1 348
 0 349
 2 350
 5 351
 1 352
 2 353
 1 354
 1 355
 2 356
 4 357
 0 358
 1 359
 0 360
 0 361
 6 362
 4 363
 1 364
 2 365
 0 366
 5 367
 0 368
 0 369
 0 370
 0 371
 1 372
 1 373
 1 374
 0 375
 0 376
 1 377
 2 378
 0 379
 0 380
 0 381
 1 382
 0 383
 0 384
 0 385
 0 386
 1 387
 0 388
 0 389
 0 390
 1 391
 2 392
 2 393
 0 394
 1 395
 0 396
 0 397
 0 398
 0 399
 0 400
 0 401
 1 402
 0 403
 0 404
 0 405
 0 406
 0 407
 0 408
 0 409
 0 410
 0 411
 0 412
 0 413
 0 414
 0 415
 0 416
 0 417
 0 418
 0 419
 0 420
 0 421
 0 422
 0 423
 0 424
 0 425
 0 426
 0 427
 0 428
 1 429
 0 430
 0 431
 0 432
 0 433
 0 434
 0 435
 0 436
 0 437
 0 438
 0 439
 0 440
 0 441
 0 442
 0 443
 0 444
 0 445
 0 446
 0 447
 0 448
 0 449
 0 450
 0 451
 0 452
 0 453
 0 454
 0 455
 0 456
 0 457
 0 458
 0 459
 0 460
 0 461
 0 462
 0 463
 0 464
 0 465
 0 466
 0 467
 0 468
 0 469
 0 470
 0 471
 0 472
 0 473
 0 474
 0 475
 0 476
 0 477
 0 478
 0 479
 0 480
 0 481
 0 482
 0 483
 0 484
 0 485
 0 486
 0 487
 0 488
 0 489
 0 490
 0 491
 0 492
 0 493
 0 494
 0 495
 0 496
 0 497
 0 498
 0 499
 0 500
 0 501
 0 502
 0 503
 0 504
 0 505
 0 506
 0 507
 0 508
 0 509
 0 510
 0 511
 0 512
 0 513
 0 514
 0 515
 0 516
 0 517
 0 518
 0 519
 0 520
 0 521
 0 522
 0 523
 0 524
 0 525
 0 526
 0 527
 0 528
 0 529
 0 530
 0 531
 0 532
 0 533
 0 534
 0 535
 0 536
 0 537
 0 538
 0 539
 0 540
 0 541
 0 542
 0 543
 0 544
 0 545
 0 546
 0 547
 0 548
 0 549
 0 550
 0 551
 0 552
 0 553
 0 554
 0 555
 0 556
 0 557
 0 558
 0 559
 0 560
 0 561
 0 562
 0 563
 0 564
 0 565
 0 566
 0 567
 0 568
 0 569
 0 570
 0 571
 0 572
 0 573
 0 574
 0 575
 0 576
 0 577
 0 578
 0 579
 0 580
 0 581
 0 582
 0 583
 0 584
 0 585
 0 586
 0 587
 0 588
 0 589
 0 590
 0 591
 0 592
 0 593
 0 594
 0 595
 0 596
 0 597
 0 598
 0 599
 0 600


