# Created by Octave 3.8.2, Sat Jun 20 06:18:00 2020 CEST <damian@fptrucha.inv.usc.es>
# name: hd
# type: matrix
# rows: 551
# columns: 2
 0 50
 0 51
 0 52
 0 53
 0 54
 0 55
 0 56
 0 57
 0 58
 0 59
 0 60
 0 61
 0 62
 0 63
 0 64
 0 65
 0 66
 0 67
 0 68
 0 69
 0 70
 0 71
 0 72
 0 73
 0 74
 0 75
 0 76
 0 77
 0 78
 0 79
 0 80
 0 81
 0 82
 0 83
 0 84
 0 85
 0 86
 0 87
 1 88
 3 89
 3 90
 20 91
 93 92
 142 93
 195 94
 314 95
 492 96
 705 97
 905 98
 1068 99
 1239 100
 1358 101
 1484 102
 1500 103
 1569 104
 1541 105
 1537 106
 1558 107
 1510 108
 1493 109
 1480 110
 1381 111
 1340 112
 1192 113
 1192 114
 1115 115
 1074 116
 896 117
 862 118
 794 119
 744 120
 668 121
 645 122
 563 123
 530 124
 491 125
 478 126
 406 127
 367 128
 332 129
 323 130
 268 131
 274 132
 259 133
 216 134
 230 135
 190 136
 149 137
 146 138
 154 139
 144 140
 131 141
 116 142
 129 143
 97 144
 104 145
 89 146
 73 147
 66 148
 78 149
 74 150
 55 151
 48 152
 49 153
 72 154
 62 155
 50 156
 45 157
 48 158
 39 159
 44 160
 33 161
 27 162
 32 163
 19 164
 29 165
 17 166
 25 167
 22 168
 20 169
 20 170
 17 171
 11 172
 16 173
 14 174
 10 175
 12 176
 11 177
 6 178
 10 179
 0 180
 7 181
 6 182
 7 183
 7 184
 9 185
 6 186
 4 187
 5 188
 4 189
 0 190
 4 191
 2 192
 4 193
 5 194
 2 195
 3 196
 7 197
 2 198
 4 199
 3 200
 2 201
 4 202
 2 203
 2 204
 2 205
 1 206
 1 207
 1 208
 1 209
 0 210
 1 211
 0 212
 0 213
 4 214
 0 215
 1 216
 2 217
 0 218
 0 219
 1 220
 1 221
 0 222
 1 223
 0 224
 0 225
 0 226
 0 227
 1 228
 1 229
 0 230
 0 231
 0 232
 0 233
 0 234
 0 235
 0 236
 0 237
 0 238
 0 239
 0 240
 0 241
 0 242
 0 243
 0 244
 0 245
 0 246
 0 247
 0 248
 0 249
 0 250
 0 251
 0 252
 0 253
 0 254
 0 255
 0 256
 0 257
 0 258
 0 259
 0 260
 0 261
 0 262
 0 263
 0 264
 0 265
 0 266
 0 267
 0 268
 0 269
 0 270
 0 271
 0 272
 0 273
 0 274
 0 275
 0 276
 1 277
 0 278
 0 279
 1 280
 0 281
 0 282
 0 283
 0 284
 0 285
 0 286
 0 287
 0 288
 0 289
 1 290
 1 291
 1 292
 0 293
 0 294
 0 295
 0 296
 1 297
 1 298
 3 299
 0 300
 1 301
 1 302
 2 303
 1 304
 1 305
 2 306
 1 307
 1 308
 1 309
 0 310
 2 311
 2 312
 3 313
 4 314
 2 315
 2 316
 2 317
 3 318
 2 319
 3 320
 4 321
 1 322
 3 323
 3 324
 2 325
 1 326
 1 327
 2 328
 2 329
 3 330
 5 331
 1 332
 0 333
 1 334
 1 335
 4 336
 2 337
 2 338
 0 339
 2 340
 2 341
 3 342
 1 343
 2 344
 4 345
 4 346
 3 347
 1 348
 0 349
 1 350
 2 351
 1 352
 3 353
 1 354
 4 355
 1 356
 1 357
 2 358
 2 359
 1 360
 4 361
 1 362
 1 363
 2 364
 1 365
 3 366
 0 367
 2 368
 0 369
 0 370
 2 371
 1 372
 1 373
 1 374
 0 375
 1 376
 1 377
 0 378
 0 379
 0 380
 0 381
 2 382
 0 383
 0 384
 1 385
 0 386
 0 387
 0 388
 0 389
 0 390
 0 391
 0 392
 0 393
 0 394
 0 395
 0 396
 0 397
 0 398
 1 399
 0 400
 0 401
 0 402
 0 403
 0 404
 0 405
 0 406
 1 407
 0 408
 0 409
 0 410
 0 411
 0 412
 0 413
 0 414
 1 415
 0 416
 0 417
 0 418
 0 419
 0 420
 0 421
 0 422
 0 423
 0 424
 0 425
 0 426
 0 427
 0 428
 0 429
 0 430
 0 431
 0 432
 0 433
 0 434
 0 435
 0 436
 0 437
 0 438
 0 439
 0 440
 0 441
 0 442
 0 443
 0 444
 0 445
 0 446
 0 447
 0 448
 0 449
 0 450
 0 451
 0 452
 0 453
 0 454
 0 455
 0 456
 0 457
 0 458
 0 459
 0 460
 0 461
 0 462
 0 463
 0 464
 0 465
 0 466
 0 467
 0 468
 0 469
 0 470
 0 471
 0 472
 0 473
 0 474
 0 475
 0 476
 0 477
 0 478
 0 479
 0 480
 0 481
 0 482
 0 483
 0 484
 0 485
 0 486
 0 487
 0 488
 0 489
 0 490
 0 491
 0 492
 0 493
 0 494
 0 495
 0 496
 0 497
 0 498
 0 499
 0 500
 0 501
 0 502
 0 503
 0 504
 0 505
 0 506
 0 507
 0 508
 0 509
 0 510
 0 511
 0 512
 0 513
 0 514
 0 515
 0 516
 0 517
 0 518
 0 519
 0 520
 0 521
 0 522
 0 523
 0 524
 0 525
 0 526
 0 527
 0 528
 0 529
 0 530
 0 531
 0 532
 0 533
 0 534
 0 535
 0 536
 0 537
 0 538
 0 539
 0 540
 0 541
 0 542
 0 543
 0 544
 0 545
 0 546
 0 547
 0 548
 0 549
 0 550
 0 551
 0 552
 0 553
 0 554
 0 555
 0 556
 0 557
 0 558
 0 559
 0 560
 0 561
 0 562
 0 563
 0 564
 0 565
 0 566
 0 567
 0 568
 0 569
 0 570
 0 571
 0 572
 0 573
 0 574
 0 575
 0 576
 0 577
 0 578
 0 579
 0 580
 0 581
 0 582
 0 583
 0 584
 0 585
 0 586
 0 587
 0 588
 0 589
 0 590
 0 591
 0 592
 0 593
 0 594
 0 595
 0 596
 0 597
 0 598
 0 599
 0 600


