# Created by Octave 3.8.2, Sat Jun 20 12:42:25 2020 CEST <damian@fptrucha.inv.usc.es>
# name: hd
# type: matrix
# rows: 551
# columns: 2
 0 50
 0 51
 0 52
 0 53
 0 54
 0 55
 0 56
 0 57
 0 58
 0 59
 0 60
 0 61
 0 62
 0 63
 0 64
 0 65
 0 66
 0 67
 0 68
 0 69
 0 70
 0 71
 0 72
 0 73
 0 74
 0 75
 0 76
 0 77
 0 78
 0 79
 0 80
 0 81
 0 82
 0 83
 0 84
 0 85
 0 86
 0 87
 2 88
 3 89
 5 90
 25 91
 94 92
 134 93
 174 94
 310 95
 450 96
 664 97
 806 98
 1038 99
 1126 100
 1221 101
 1350 102
 1359 103
 1450 104
 1488 105
 1460 106
 1531 107
 1442 108
 1374 109
 1416 110
 1257 111
 1275 112
 1190 113
 1122 114
 1129 115
 1005 116
 928 117
 861 118
 781 119
 783 120
 682 121
 605 122
 605 123
 534 124
 460 125
 451 126
 436 127
 340 128
 356 129
 301 130
 297 131
 249 132
 228 133
 200 134
 216 135
 198 136
 181 137
 172 138
 167 139
 134 140
 116 141
 127 142
 115 143
 110 144
 105 145
 83 146
 83 147
 111 148
 79 149
 78 150
 84 151
 67 152
 59 153
 58 154
 65 155
 54 156
 43 157
 39 158
 31 159
 35 160
 33 161
 29 162
 30 163
 31 164
 37 165
 36 166
 19 167
 22 168
 21 169
 25 170
 19 171
 22 172
 17 173
 15 174
 22 175
 11 176
 7 177
 15 178
 7 179
 9 180
 12 181
 4 182
 5 183
 6 184
 5 185
 10 186
 4 187
 3 188
 2 189
 4 190
 3 191
 3 192
 2 193
 5 194
 2 195
 3 196
 2 197
 2 198
 5 199
 2 200
 1 201
 1 202
 2 203
 3 204
 2 205
 1 206
 0 207
 0 208
 0 209
 0 210
 1 211
 0 212
 0 213
 0 214
 0 215
 2 216
 0 217
 0 218
 1 219
 1 220
 0 221
 0 222
 1 223
 0 224
 0 225
 0 226
 0 227
 0 228
 1 229
 0 230
 0 231
 1 232
 1 233
 0 234
 1 235
 0 236
 0 237
 0 238
 1 239
 0 240
 0 241
 1 242
 1 243
 0 244
 0 245
 0 246
 0 247
 0 248
 0 249
 0 250
 0 251
 0 252
 0 253
 0 254
 0 255
 0 256
 0 257
 0 258
 0 259
 0 260
 0 261
 0 262
 0 263
 0 264
 0 265
 0 266
 0 267
 0 268
 0 269
 0 270
 1 271
 0 272
 0 273
 0 274
 0 275
 0 276
 1 277
 0 278
 1 279
 0 280
 0 281
 0 282
 0 283
 0 284
 0 285
 0 286
 0 287
 0 288
 0 289
 0 290
 0 291
 0 292
 0 293
 2 294
 1 295
 0 296
 0 297
 0 298
 2 299
 0 300
 2 301
 3 302
 1 303
 0 304
 2 305
 0 306
 0 307
 2 308
 0 309
 4 310
 4 311
 1 312
 2 313
 2 314
 2 315
 4 316
 2 317
 3 318
 1 319
 1 320
 3 321
 2 322
 2 323
 2 324
 1 325
 4 326
 3 327
 1 328
 2 329
 0 330
 2 331
 1 332
 1 333
 1 334
 1 335
 3 336
 3 337
 1 338
 5 339
 1 340
 3 341
 1 342
 3 343
 2 344
 1 345
 2 346
 2 347
 0 348
 2 349
 2 350
 1 351
 3 352
 0 353
 1 354
 1 355
 1 356
 0 357
 4 358
 0 359
 2 360
 2 361
 1 362
 1 363
 0 364
 0 365
 5 366
 3 367
 2 368
 2 369
 0 370
 2 371
 2 372
 2 373
 1 374
 1 375
 2 376
 2 377
 2 378
 1 379
 0 380
 2 381
 0 382
 1 383
 0 384
 1 385
 3 386
 0 387
 0 388
 1 389
 1 390
 0 391
 0 392
 1 393
 0 394
 0 395
 1 396
 0 397
 0 398
 0 399
 0 400
 0 401
 1 402
 0 403
 0 404
 0 405
 1 406
 0 407
 0 408
 0 409
 0 410
 0 411
 0 412
 1 413
 0 414
 0 415
 0 416
 0 417
 0 418
 1 419
 0 420
 0 421
 0 422
 0 423
 0 424
 0 425
 0 426
 0 427
 0 428
 0 429
 0 430
 0 431
 0 432
 0 433
 0 434
 0 435
 0 436
 0 437
 0 438
 0 439
 0 440
 1 441
 0 442
 0 443
 0 444
 0 445
 0 446
 0 447
 0 448
 0 449
 0 450
 0 451
 0 452
 0 453
 0 454
 0 455
 0 456
 0 457
 0 458
 0 459
 0 460
 0 461
 0 462
 0 463
 0 464
 0 465
 0 466
 0 467
 0 468
 0 469
 0 470
 0 471
 0 472
 0 473
 0 474
 0 475
 0 476
 0 477
 0 478
 0 479
 0 480
 0 481
 0 482
 0 483
 0 484
 0 485
 0 486
 0 487
 0 488
 0 489
 0 490
 0 491
 0 492
 0 493
 0 494
 0 495
 0 496
 0 497
 0 498
 0 499
 0 500
 0 501
 0 502
 0 503
 0 504
 0 505
 0 506
 0 507
 0 508
 0 509
 0 510
 0 511
 0 512
 0 513
 0 514
 0 515
 0 516
 0 517
 0 518
 0 519
 0 520
 0 521
 0 522
 0 523
 0 524
 0 525
 0 526
 0 527
 0 528
 0 529
 0 530
 0 531
 0 532
 0 533
 0 534
 0 535
 0 536
 0 537
 0 538
 0 539
 0 540
 0 541
 0 542
 0 543
 0 544
 0 545
 0 546
 0 547
 0 548
 0 549
 0 550
 0 551
 0 552
 0 553
 0 554
 0 555
 0 556
 0 557
 0 558
 0 559
 0 560
 0 561
 0 562
 0 563
 0 564
 0 565
 0 566
 0 567
 0 568
 0 569
 0 570
 0 571
 0 572
 0 573
 0 574
 0 575
 0 576
 0 577
 0 578
 0 579
 0 580
 0 581
 0 582
 0 583
 0 584
 0 585
 0 586
 0 587
 0 588
 0 589
 0 590
 0 591
 0 592
 0 593
 0 594
 0 595
 0 596
 0 597
 0 598
 0 599
 0 600


