# Created by Octave 3.8.2, Sat Jun 20 17:53:45 2020 CEST <damian@fptrucha.inv.usc.es>
# name: hd
# type: matrix
# rows: 551
# columns: 2
 0 50
 0 51
 0 52
 0 53
 0 54
 0 55
 0 56
 0 57
 0 58
 0 59
 0 60
 0 61
 0 62
 0 63
 0 64
 0 65
 0 66
 0 67
 0 68
 0 69
 0 70
 0 71
 0 72
 0 73
 0 74
 0 75
 0 76
 0 77
 0 78
 0 79
 0 80
 0 81
 0 82
 0 83
 0 84
 0 85
 0 86
 1 87
 3 88
 2 89
 2 90
 31 91
 86 92
 118 93
 182 94
 271 95
 404 96
 570 97
 684 98
 834 99
 988 100
 1106 101
 1143 102
 1184 103
 1229 104
 1319 105
 1445 106
 1317 107
 1338 108
 1277 109
 1221 110
 1198 111
 1193 112
 1116 113
 1051 114
 1009 115
 884 116
 880 117
 815 118
 742 119
 714 120
 644 121
 598 122
 529 123
 518 124
 451 125
 414 126
 411 127
 356 128
 362 129
 309 130
 297 131
 247 132
 235 133
 231 134
 209 135
 186 136
 176 137
 155 138
 131 139
 159 140
 136 141
 125 142
 119 143
 109 144
 96 145
 98 146
 97 147
 82 148
 88 149
 61 150
 71 151
 61 152
 62 153
 54 154
 42 155
 43 156
 42 157
 49 158
 37 159
 32 160
 35 161
 38 162
 37 163
 26 164
 28 165
 29 166
 19 167
 26 168
 16 169
 16 170
 15 171
 16 172
 14 173
 13 174
 13 175
 9 176
 13 177
 13 178
 6 179
 9 180
 10 181
 10 182
 7 183
 5 184
 8 185
 6 186
 7 187
 5 188
 3 189
 1 190
 4 191
 2 192
 3 193
 2 194
 4 195
 3 196
 1 197
 5 198
 2 199
 2 200
 1 201
 1 202
 2 203
 0 204
 3 205
 2 206
 0 207
 3 208
 1 209
 0 210
 3 211
 0 212
 2 213
 0 214
 0 215
 1 216
 4 217
 0 218
 2 219
 1 220
 0 221
 0 222
 0 223
 1 224
 1 225
 0 226
 0 227
 1 228
 0 229
 0 230
 0 231
 0 232
 0 233
 1 234
 0 235
 0 236
 0 237
 0 238
 0 239
 0 240
 0 241
 0 242
 0 243
 0 244
 0 245
 0 246
 0 247
 0 248
 0 249
 0 250
 0 251
 0 252
 0 253
 0 254
 0 255
 0 256
 0 257
 0 258
 0 259
 0 260
 0 261
 0 262
 0 263
 0 264
 0 265
 0 266
 0 267
 0 268
 0 269
 0 270
 0 271
 0 272
 0 273
 1 274
 1 275
 0 276
 0 277
 0 278
 0 279
 0 280
 0 281
 0 282
 1 283
 0 284
 2 285
 0 286
 0 287
 1 288
 1 289
 1 290
 1 291
 0 292
 1 293
 1 294
 2 295
 0 296
 1 297
 1 298
 1 299
 0 300
 0 301
 2 302
 1 303
 1 304
 1 305
 2 306
 1 307
 0 308
 2 309
 1 310
 0 311
 3 312
 2 313
 4 314
 2 315
 1 316
 0 317
 3 318
 1 319
 5 320
 0 321
 2 322
 0 323
 2 324
 3 325
 3 326
 1 327
 2 328
 3 329
 3 330
 1 331
 1 332
 4 333
 2 334
 3 335
 1 336
 1 337
 4 338
 3 339
 2 340
 2 341
 2 342
 3 343
 2 344
 3 345
 1 346
 4 347
 1 348
 2 349
 3 350
 3 351
 3 352
 3 353
 3 354
 1 355
 0 356
 1 357
 2 358
 1 359
 2 360
 1 361
 1 362
 0 363
 3 364
 2 365
 1 366
 0 367
 5 368
 0 369
 1 370
 1 371
 0 372
 1 373
 0 374
 1 375
 1 376
 0 377
 1 378
 2 379
 0 380
 0 381
 1 382
 0 383
 0 384
 0 385
 0 386
 0 387
 0 388
 0 389
 1 390
 0 391
 1 392
 0 393
 0 394
 0 395
 0 396
 1 397
 0 398
 0 399
 1 400
 0 401
 0 402
 0 403
 0 404
 0 405
 0 406
 0 407
 0 408
 0 409
 0 410
 0 411
 0 412
 0 413
 0 414
 0 415
 0 416
 0 417
 0 418
 0 419
 0 420
 0 421
 0 422
 0 423
 0 424
 0 425
 0 426
 0 427
 0 428
 0 429
 0 430
 0 431
 0 432
 0 433
 0 434
 0 435
 0 436
 0 437
 0 438
 0 439
 0 440
 0 441
 0 442
 0 443
 0 444
 0 445
 0 446
 0 447
 0 448
 0 449
 0 450
 0 451
 0 452
 0 453
 0 454
 0 455
 0 456
 0 457
 0 458
 0 459
 0 460
 0 461
 0 462
 0 463
 0 464
 0 465
 0 466
 0 467
 0 468
 0 469
 0 470
 0 471
 0 472
 0 473
 0 474
 0 475
 0 476
 0 477
 0 478
 0 479
 0 480
 0 481
 0 482
 0 483
 0 484
 0 485
 0 486
 0 487
 0 488
 0 489
 0 490
 0 491
 0 492
 0 493
 0 494
 0 495
 0 496
 0 497
 0 498
 0 499
 0 500
 0 501
 0 502
 0 503
 0 504
 0 505
 0 506
 0 507
 0 508
 0 509
 0 510
 0 511
 0 512
 0 513
 0 514
 0 515
 0 516
 0 517
 0 518
 0 519
 0 520
 0 521
 0 522
 0 523
 0 524
 0 525
 0 526
 0 527
 0 528
 0 529
 0 530
 0 531
 0 532
 0 533
 0 534
 0 535
 0 536
 0 537
 0 538
 0 539
 0 540
 0 541
 0 542
 0 543
 0 544
 0 545
 0 546
 0 547
 0 548
 0 549
 0 550
 0 551
 0 552
 0 553
 0 554
 0 555
 0 556
 0 557
 0 558
 0 559
 0 560
 0 561
 0 562
 0 563
 0 564
 0 565
 0 566
 0 567
 0 568
 0 569
 0 570
 0 571
 0 572
 0 573
 0 574
 0 575
 0 576
 0 577
 0 578
 0 579
 0 580
 0 581
 0 582
 0 583
 0 584
 0 585
 0 586
 0 587
 0 588
 0 589
 0 590
 0 591
 0 592
 0 593
 0 594
 0 595
 0 596
 0 597
 0 598
 0 599
 0 600


