# Created by Octave 3.8.2, Sat Jun 20 21:52:25 2020 CEST <damian@fptrucha.inv.usc.es>
# name: hd
# type: matrix
# rows: 551
# columns: 2
 0 50
 0 51
 0 52
 0 53
 0 54
 0 55
 0 56
 0 57
 0 58
 0 59
 0 60
 0 61
 0 62
 0 63
 0 64
 0 65
 0 66
 0 67
 0 68
 0 69
 0 70
 0 71
 0 72
 0 73
 0 74
 0 75
 0 76
 0 77
 0 78
 0 79
 0 80
 0 81
 0 82
 0 83
 0 84
 0 85
 0 86
 0 87
 2 88
 0 89
 3 90
 26 91
 82 92
 107 93
 165 94
 274 95
 377 96
 526 97
 656 98
 788 99
 941 100
 1052 101
 1081 102
 1143 103
 1165 104
 1363 105
 1301 106
 1240 107
 1256 108
 1195 109
 1263 110
 1133 111
 1166 112
 1078 113
 1099 114
 1027 115
 956 116
 886 117
 867 118
 768 119
 728 120
 620 121
 565 122
 552 123
 485 124
 480 125
 440 126
 388 127
 377 128
 367 129
 323 130
 272 131
 275 132
 228 133
 234 134
 238 135
 192 136
 184 137
 173 138
 157 139
 154 140
 141 141
 128 142
 118 143
 102 144
 106 145
 113 146
 73 147
 95 148
 87 149
 74 150
 67 151
 81 152
 64 153
 53 154
 58 155
 67 156
 50 157
 47 158
 41 159
 51 160
 28 161
 38 162
 33 163
 33 164
 35 165
 21 166
 24 167
 22 168
 20 169
 17 170
 19 171
 26 172
 20 173
 9 174
 14 175
 13 176
 11 177
 15 178
 13 179
 8 180
 11 181
 4 182
 6 183
 4 184
 6 185
 6 186
 5 187
 4 188
 7 189
 8 190
 5 191
 6 192
 1 193
 5 194
 4 195
 1 196
 2 197
 2 198
 4 199
 1 200
 1 201
 0 202
 3 203
 1 204
 1 205
 0 206
 2 207
 1 208
 2 209
 1 210
 4 211
 1 212
 1 213
 0 214
 0 215
 0 216
 0 217
 1 218
 1 219
 1 220
 1 221
 0 222
 1 223
 0 224
 1 225
 0 226
 0 227
 0 228
 0 229
 0 230
 0 231
 0 232
 1 233
 0 234
 0 235
 0 236
 0 237
 0 238
 0 239
 0 240
 0 241
 0 242
 0 243
 0 244
 0 245
 0 246
 0 247
 0 248
 0 249
 0 250
 0 251
 0 252
 0 253
 0 254
 0 255
 0 256
 0 257
 0 258
 0 259
 0 260
 0 261
 0 262
 0 263
 0 264
 0 265
 0 266
 0 267
 0 268
 0 269
 0 270
 0 271
 0 272
 1 273
 1 274
 0 275
 1 276
 0 277
 0 278
 0 279
 0 280
 1 281
 0 282
 1 283
 0 284
 0 285
 1 286
 1 287
 0 288
 2 289
 1 290
 1 291
 1 292
 0 293
 0 294
 0 295
 1 296
 0 297
 3 298
 0 299
 3 300
 1 301
 1 302
 1 303
 3 304
 1 305
 2 306
 0 307
 4 308
 2 309
 1 310
 1 311
 4 312
 1 313
 4 314
 0 315
 2 316
 1 317
 3 318
 1 319
 1 320
 4 321
 3 322
 4 323
 1 324
 0 325
 1 326
 1 327
 2 328
 0 329
 3 330
 1 331
 3 332
 2 333
 2 334
 2 335
 3 336
 3 337
 1 338
 2 339
 4 340
 1 341
 2 342
 0 343
 3 344
 1 345
 4 346
 3 347
 2 348
 2 349
 1 350
 2 351
 4 352
 0 353
 2 354
 1 355
 1 356
 1 357
 0 358
 1 359
 2 360
 0 361
 3 362
 1 363
 1 364
 4 365
 1 366
 1 367
 1 368
 1 369
 2 370
 1 371
 1 372
 2 373
 1 374
 1 375
 0 376
 2 377
 1 378
 0 379
 2 380
 1 381
 2 382
 1 383
 0 384
 1 385
 0 386
 0 387
 0 388
 0 389
 1 390
 0 391
 2 392
 2 393
 0 394
 0 395
 1 396
 0 397
 0 398
 0 399
 1 400
 0 401
 0 402
 0 403
 0 404
 1 405
 0 406
 0 407
 0 408
 0 409
 0 410
 0 411
 0 412
 0 413
 0 414
 1 415
 1 416
 0 417
 0 418
 0 419
 0 420
 0 421
 0 422
 1 423
 1 424
 0 425
 0 426
 0 427
 0 428
 0 429
 0 430
 0 431
 0 432
 0 433
 0 434
 0 435
 0 436
 0 437
 0 438
 0 439
 0 440
 0 441
 0 442
 0 443
 0 444
 0 445
 0 446
 0 447
 0 448
 0 449
 0 450
 0 451
 0 452
 0 453
 0 454
 0 455
 0 456
 0 457
 0 458
 0 459
 0 460
 0 461
 0 462
 0 463
 0 464
 0 465
 0 466
 0 467
 0 468
 0 469
 0 470
 0 471
 0 472
 0 473
 0 474
 0 475
 0 476
 0 477
 0 478
 0 479
 0 480
 0 481
 0 482
 0 483
 0 484
 0 485
 0 486
 0 487
 0 488
 0 489
 0 490
 0 491
 0 492
 0 493
 0 494
 0 495
 0 496
 0 497
 0 498
 0 499
 0 500
 0 501
 0 502
 0 503
 0 504
 0 505
 0 506
 0 507
 0 508
 0 509
 0 510
 0 511
 0 512
 0 513
 0 514
 0 515
 0 516
 0 517
 0 518
 0 519
 0 520
 0 521
 0 522
 0 523
 0 524
 0 525
 0 526
 0 527
 0 528
 0 529
 0 530
 0 531
 0 532
 0 533
 0 534
 0 535
 0 536
 0 537
 0 538
 0 539
 0 540
 0 541
 0 542
 0 543
 0 544
 0 545
 0 546
 0 547
 0 548
 0 549
 0 550
 0 551
 0 552
 0 553
 0 554
 0 555
 0 556
 0 557
 0 558
 0 559
 0 560
 0 561
 0 562
 0 563
 0 564
 0 565
 0 566
 0 567
 0 568
 0 569
 0 570
 0 571
 0 572
 0 573
 0 574
 0 575
 0 576
 0 577
 0 578
 0 579
 0 580
 0 581
 0 582
 0 583
 0 584
 0 585
 0 586
 0 587
 0 588
 0 589
 0 590
 0 591
 0 592
 0 593
 0 594
 0 595
 0 596
 0 597
 0 598
 0 599
 0 600


