# Created by Octave 3.8.2, Mon Jun 22 05:21:49 2020 CEST <damian@fptrucha.inv.usc.es>
# name: hd
# type: matrix
# rows: 551
# columns: 2
 0 50
 0 51
 0 52
 0 53
 0 54
 0 55
 0 56
 0 57
 0 58
 0 59
 0 60
 0 61
 0 62
 0 63
 0 64
 0 65
 0 66
 0 67
 0 68
 0 69
 0 70
 0 71
 0 72
 0 73
 0 74
 0 75
 0 76
 0 77
 0 78
 0 79
 0 80
 0 81
 0 82
 0 83
 0 84
 0 85
 0 86
 0 87
 1 88
 1 89
 3 90
 20 91
 85 92
 111 93
 157 94
 215 95
 368 96
 575 97
 772 98
 925 99
 1096 100
 1246 101
 1311 102
 1378 103
 1387 104
 1443 105
 1386 106
 1376 107
 1267 108
 1281 109
 1297 110
 1132 111
 1085 112
 970 113
 890 114
 804 115
 794 116
 766 117
 625 118
 610 119
 588 120
 453 121
 477 122
 407 123
 346 124
 343 125
 315 126
 284 127
 292 128
 238 129
 242 130
 217 131
 188 132
 181 133
 189 134
 158 135
 138 136
 131 137
 109 138
 127 139
 125 140
 98 141
 94 142
 87 143
 94 144
 77 145
 87 146
 70 147
 86 148
 74 149
 55 150
 60 151
 46 152
 44 153
 53 154
 55 155
 31 156
 35 157
 48 158
 45 159
 40 160
 31 161
 30 162
 27 163
 19 164
 23 165
 24 166
 26 167
 26 168
 18 169
 27 170
 13 171
 13 172
 15 173
 14 174
 17 175
 12 176
 11 177
 11 178
 10 179
 9 180
 14 181
 7 182
 11 183
 6 184
 4 185
 9 186
 7 187
 7 188
 3 189
 5 190
 4 191
 1 192
 5 193
 3 194
 5 195
 6 196
 3 197
 1 198
 2 199
 2 200
 3 201
 3 202
 2 203
 2 204
 2 205
 0 206
 1 207
 1 208
 0 209
 2 210
 1 211
 0 212
 1 213
 2 214
 1 215
 1 216
 0 217
 1 218
 0 219
 0 220
 0 221
 0 222
 0 223
 1 224
 0 225
 0 226
 2 227
 0 228
 0 229
 0 230
 0 231
 0 232
 1 233
 1 234
 0 235
 0 236
 1 237
 0 238
 1 239
 0 240
 0 241
 0 242
 0 243
 0 244
 0 245
 0 246
 0 247
 0 248
 0 249
 0 250
 0 251
 0 252
 0 253
 0 254
 0 255
 0 256
 0 257
 0 258
 0 259
 0 260
 0 261
 0 262
 0 263
 0 264
 0 265
 0 266
 0 267
 0 268
 0 269
 0 270
 0 271
 0 272
 0 273
 0 274
 0 275
 0 276
 0 277
 0 278
 0 279
 0 280
 0 281
 0 282
 0 283
 0 284
 0 285
 2 286
 0 287
 2 288
 0 289
 0 290
 0 291
 0 292
 2 293
 0 294
 2 295
 1 296
 1 297
 3 298
 2 299
 2 300
 2 301
 1 302
 0 303
 3 304
 4 305
 2 306
 1 307
 3 308
 4 309
 2 310
 3 311
 2 312
 2 313
 1 314
 2 315
 1 316
 4 317
 2 318
 1 319
 4 320
 2 321
 5 322
 0 323
 1 324
 3 325
 1 326
 2 327
 2 328
 6 329
 3 330
 3 331
 0 332
 3 333
 4 334
 1 335
 4 336
 2 337
 4 338
 2 339
 3 340
 2 341
 4 342
 3 343
 0 344
 0 345
 1 346
 3 347
 2 348
 4 349
 3 350
 2 351
 2 352
 1 353
 1 354
 3 355
 2 356
 0 357
 2 358
 2 359
 2 360
 1 361
 3 362
 2 363
 0 364
 1 365
 0 366
 1 367
 3 368
 0 369
 1 370
 1 371
 0 372
 0 373
 1 374
 1 375
 1 376
 0 377
 0 378
 0 379
 2 380
 1 381
 0 382
 2 383
 5 384
 0 385
 0 386
 0 387
 0 388
 0 389
 1 390
 0 391
 0 392
 1 393
 0 394
 0 395
 0 396
 0 397
 0 398
 0 399
 0 400
 0 401
 0 402
 0 403
 1 404
 0 405
 0 406
 0 407
 0 408
 0 409
 0 410
 0 411
 0 412
 0 413
 0 414
 0 415
 0 416
 0 417
 0 418
 1 419
 0 420
 0 421
 0 422
 0 423
 0 424
 0 425
 0 426
 0 427
 0 428
 0 429
 0 430
 0 431
 0 432
 0 433
 0 434
 0 435
 0 436
 0 437
 0 438
 0 439
 0 440
 0 441
 0 442
 0 443
 0 444
 0 445
 0 446
 0 447
 0 448
 0 449
 0 450
 0 451
 0 452
 0 453
 0 454
 0 455
 0 456
 0 457
 0 458
 0 459
 0 460
 0 461
 0 462
 0 463
 0 464
 0 465
 0 466
 0 467
 0 468
 0 469
 0 470
 0 471
 0 472
 0 473
 0 474
 0 475
 0 476
 0 477
 0 478
 0 479
 0 480
 0 481
 0 482
 0 483
 0 484
 0 485
 0 486
 0 487
 0 488
 0 489
 0 490
 0 491
 0 492
 0 493
 0 494
 0 495
 0 496
 0 497
 0 498
 0 499
 0 500
 0 501
 0 502
 0 503
 0 504
 0 505
 0 506
 0 507
 0 508
 0 509
 0 510
 0 511
 0 512
 0 513
 0 514
 0 515
 0 516
 0 517
 0 518
 0 519
 0 520
 0 521
 0 522
 0 523
 0 524
 0 525
 0 526
 0 527
 0 528
 0 529
 0 530
 0 531
 0 532
 0 533
 0 534
 0 535
 0 536
 0 537
 0 538
 0 539
 0 540
 0 541
 0 542
 0 543
 0 544
 0 545
 0 546
 0 547
 0 548
 0 549
 0 550
 0 551
 0 552
 0 553
 0 554
 0 555
 0 556
 0 557
 0 558
 0 559
 0 560
 0 561
 0 562
 0 563
 0 564
 0 565
 0 566
 0 567
 0 568
 0 569
 0 570
 0 571
 0 572
 0 573
 0 574
 0 575
 0 576
 0 577
 0 578
 0 579
 0 580
 0 581
 0 582
 0 583
 0 584
 0 585
 0 586
 0 587
 0 588
 0 589
 0 590
 0 591
 0 592
 0 593
 0 594
 0 595
 0 596
 0 597
 0 598
 0 599
 0 600


