# Created by Octave 3.8.2, Mon Jun 22 21:51:12 2020 CEST <damian@fptrucha.inv.usc.es>
# name: hd
# type: matrix
# rows: 551
# columns: 2
 0 50
 0 51
 0 52
 0 53
 0 54
 0 55
 0 56
 0 57
 0 58
 0 59
 0 60
 0 61
 0 62
 0 63
 0 64
 0 65
 0 66
 0 67
 0 68
 0 69
 0 70
 0 71
 0 72
 0 73
 0 74
 0 75
 0 76
 0 77
 0 78
 0 79
 0 80
 0 81
 0 82
 0 83
 0 84
 0 85
 0 86
 0 87
 2 88
 1 89
 7 90
 29 91
 117 92
 141 93
 216 94
 332 95
 511 96
 769 97
 1002 98
 1176 99
 1414 100
 1449 101
 1581 102
 1607 103
 1631 104
 1675 105
 1591 106
 1588 107
 1515 108
 1357 109
 1420 110
 1272 111
 1188 112
 1053 113
 1045 114
 954 115
 885 116
 836 117
 696 118
 636 119
 605 120
 550 121
 484 122
 430 123
 398 124
 383 125
 352 126
 292 127
 280 128
 268 129
 244 130
 228 131
 200 132
 190 133
 177 134
 164 135
 157 136
 147 137
 128 138
 120 139
 126 140
 117 141
 110 142
 100 143
 86 144
 90 145
 89 146
 72 147
 62 148
 70 149
 70 150
 59 151
 59 152
 54 153
 53 154
 54 155
 43 156
 41 157
 50 158
 43 159
 29 160
 28 161
 32 162
 32 163
 26 164
 23 165
 25 166
 21 167
 26 168
 19 169
 22 170
 12 171
 23 172
 22 173
 9 174
 16 175
 11 176
 12 177
 10 178
 11 179
 15 180
 9 181
 9 182
 9 183
 11 184
 8 185
 6 186
 7 187
 7 188
 2 189
 5 190
 4 191
 5 192
 5 193
 2 194
 5 195
 5 196
 2 197
 4 198
 1 199
 3 200
 4 201
 1 202
 2 203
 0 204
 1 205
 1 206
 0 207
 1 208
 0 209
 1 210
 0 211
 0 212
 1 213
 2 214
 0 215
 1 216
 3 217
 0 218
 0 219
 0 220
 0 221
 0 222
 1 223
 1 224
 0 225
 0 226
 2 227
 0 228
 0 229
 0 230
 0 231
 0 232
 0 233
 0 234
 0 235
 0 236
 0 237
 0 238
 0 239
 0 240
 0 241
 0 242
 0 243
 0 244
 0 245
 0 246
 0 247
 0 248
 0 249
 0 250
 0 251
 0 252
 0 253
 0 254
 0 255
 0 256
 0 257
 0 258
 0 259
 0 260
 0 261
 0 262
 0 263
 0 264
 0 265
 0 266
 0 267
 0 268
 0 269
 0 270
 0 271
 0 272
 0 273
 1 274
 0 275
 0 276
 0 277
 0 278
 1 279
 0 280
 0 281
 1 282
 1 283
 0 284
 1 285
 0 286
 1 287
 1 288
 0 289
 0 290
 0 291
 0 292
 1 293
 1 294
 1 295
 1 296
 0 297
 1 298
 0 299
 0 300
 1 301
 4 302
 4 303
 3 304
 4 305
 1 306
 1 307
 1 308
 2 309
 4 310
 3 311
 5 312
 2 313
 3 314
 2 315
 2 316
 2 317
 3 318
 3 319
 4 320
 3 321
 1 322
 3 323
 2 324
 1 325
 2 326
 0 327
 2 328
 3 329
 1 330
 1 331
 3 332
 4 333
 3 334
 4 335
 0 336
 4 337
 1 338
 3 339
 4 340
 0 341
 1 342
 3 343
 1 344
 1 345
 3 346
 1 347
 3 348
 1 349
 4 350
 2 351
 6 352
 3 353
 0 354
 0 355
 0 356
 3 357
 0 358
 2 359
 1 360
 1 361
 1 362
 1 363
 0 364
 2 365
 1 366
 2 367
 1 368
 0 369
 2 370
 1 371
 1 372
 1 373
 1 374
 0 375
 0 376
 0 377
 0 378
 0 379
 0 380
 0 381
 1 382
 1 383
 1 384
 1 385
 3 386
 0 387
 0 388
 0 389
 0 390
 3 391
 0 392
 0 393
 1 394
 0 395
 0 396
 0 397
 0 398
 0 399
 0 400
 0 401
 1 402
 0 403
 0 404
 0 405
 0 406
 0 407
 0 408
 0 409
 0 410
 0 411
 0 412
 0 413
 0 414
 0 415
 0 416
 0 417
 0 418
 0 419
 0 420
 0 421
 0 422
 0 423
 0 424
 0 425
 0 426
 0 427
 0 428
 0 429
 0 430
 0 431
 0 432
 0 433
 0 434
 0 435
 0 436
 0 437
 0 438
 0 439
 0 440
 0 441
 0 442
 0 443
 0 444
 0 445
 0 446
 0 447
 0 448
 0 449
 0 450
 0 451
 0 452
 0 453
 0 454
 0 455
 0 456
 0 457
 0 458
 0 459
 0 460
 0 461
 0 462
 0 463
 0 464
 0 465
 0 466
 0 467
 0 468
 0 469
 0 470
 0 471
 0 472
 0 473
 0 474
 0 475
 0 476
 0 477
 0 478
 0 479
 0 480
 0 481
 0 482
 0 483
 0 484
 0 485
 0 486
 0 487
 0 488
 0 489
 0 490
 0 491
 0 492
 0 493
 0 494
 0 495
 0 496
 0 497
 0 498
 0 499
 0 500
 0 501
 0 502
 0 503
 0 504
 0 505
 0 506
 0 507
 0 508
 0 509
 0 510
 0 511
 0 512
 0 513
 0 514
 0 515
 0 516
 0 517
 0 518
 0 519
 0 520
 0 521
 0 522
 0 523
 0 524
 0 525
 0 526
 0 527
 0 528
 0 529
 0 530
 0 531
 0 532
 0 533
 0 534
 0 535
 0 536
 0 537
 0 538
 0 539
 0 540
 0 541
 0 542
 0 543
 0 544
 0 545
 0 546
 0 547
 0 548
 0 549
 0 550
 0 551
 0 552
 0 553
 0 554
 0 555
 0 556
 0 557
 0 558
 0 559
 0 560
 0 561
 0 562
 0 563
 0 564
 0 565
 0 566
 0 567
 0 568
 0 569
 0 570
 0 571
 0 572
 0 573
 0 574
 0 575
 0 576
 0 577
 0 578
 0 579
 0 580
 0 581
 0 582
 0 583
 0 584
 0 585
 0 586
 0 587
 0 588
 0 589
 0 590
 0 591
 0 592
 0 593
 0 594
 0 595
 0 596
 0 597
 0 598
 0 599
 0 600


