# Created by Octave 3.8.2, Sat Jun 20 15:12:12 2020 CEST <damian@fptrucha.inv.usc.es>
# name: hd
# type: matrix
# rows: 551
# columns: 2
 0 50
 0 51
 0 52
 0 53
 0 54
 0 55
 0 56
 0 57
 0 58
 0 59
 0 60
 0 61
 0 62
 0 63
 0 64
 0 65
 0 66
 0 67
 0 68
 0 69
 0 70
 0 71
 0 72
 0 73
 0 74
 0 75
 0 76
 0 77
 0 78
 0 79
 0 80
 0 81
 0 82
 0 83
 0 84
 0 85
 0 86
 1 87
 2 88
 4 89
 6 90
 33 91
 83 92
 133 93
 156 94
 284 95
 399 96
 577 97
 782 98
 860 99
 1077 100
 1110 101
 1214 102
 1244 103
 1314 104
 1315 105
 1322 106
 1328 107
 1394 108
 1347 109
 1305 110
 1223 111
 1216 112
 1162 113
 1121 114
 1084 115
 953 116
 908 117
 892 118
 736 119
 754 120
 672 121
 622 122
 567 123
 526 124
 476 125
 475 126
 431 127
 366 128
 355 129
 348 130
 333 131
 270 132
 233 133
 235 134
 217 135
 194 136
 174 137
 166 138
 154 139
 154 140
 126 141
 112 142
 120 143
 116 144
 99 145
 93 146
 84 147
 103 148
 83 149
 75 150
 82 151
 51 152
 64 153
 77 154
 54 155
 43 156
 58 157
 37 158
 41 159
 33 160
 30 161
 31 162
 20 163
 20 164
 33 165
 26 166
 23 167
 22 168
 21 169
 16 170
 27 171
 18 172
 15 173
 13 174
 11 175
 12 176
 14 177
 16 178
 12 179
 8 180
 7 181
 10 182
 6 183
 4 184
 9 185
 7 186
 8 187
 7 188
 5 189
 5 190
 5 191
 7 192
 4 193
 2 194
 2 195
 5 196
 2 197
 8 198
 3 199
 1 200
 2 201
 1 202
 2 203
 3 204
 2 205
 2 206
 0 207
 1 208
 1 209
 0 210
 0 211
 1 212
 1 213
 1 214
 1 215
 0 216
 1 217
 0 218
 2 219
 0 220
 0 221
 3 222
 0 223
 0 224
 0 225
 1 226
 1 227
 0 228
 0 229
 0 230
 0 231
 0 232
 0 233
 1 234
 0 235
 0 236
 0 237
 0 238
 0 239
 0 240
 0 241
 0 242
 0 243
 0 244
 0 245
 0 246
 0 247
 1 248
 0 249
 0 250
 0 251
 0 252
 0 253
 0 254
 0 255
 0 256
 0 257
 0 258
 0 259
 0 260
 0 261
 0 262
 0 263
 0 264
 0 265
 0 266
 0 267
 0 268
 0 269
 0 270
 1 271
 0 272
 0 273
 1 274
 0 275
 0 276
 0 277
 0 278
 0 279
 0 280
 1 281
 0 282
 0 283
 1 284
 1 285
 1 286
 0 287
 0 288
 2 289
 0 290
 0 291
 1 292
 1 293
 0 294
 0 295
 1 296
 2 297
 1 298
 1 299
 1 300
 2 301
 0 302
 1 303
 1 304
 1 305
 2 306
 0 307
 2 308
 3 309
 0 310
 2 311
 1 312
 0 313
 4 314
 4 315
 1 316
 2 317
 2 318
 3 319
 2 320
 3 321
 2 322
 0 323
 2 324
 2 325
 0 326
 2 327
 3 328
 3 329
 3 330
 2 331
 7 332
 4 333
 2 334
 4 335
 6 336
 2 337
 4 338
 3 339
 2 340
 1 341
 2 342
 2 343
 1 344
 4 345
 0 346
 0 347
 1 348
 3 349
 2 350
 1 351
 2 352
 4 353
 0 354
 4 355
 4 356
 2 357
 3 358
 1 359
 5 360
 0 361
 1 362
 4 363
 0 364
 2 365
 1 366
 2 367
 0 368
 0 369
 2 370
 2 371
 0 372
 1 373
 2 374
 0 375
 0 376
 2 377
 1 378
 0 379
 0 380
 2 381
 0 382
 0 383
 0 384
 0 385
 2 386
 1 387
 0 388
 0 389
 0 390
 2 391
 0 392
 2 393
 1 394
 1 395
 0 396
 1 397
 0 398
 0 399
 0 400
 0 401
 0 402
 0 403
 0 404
 0 405
 0 406
 0 407
 0 408
 1 409
 0 410
 0 411
 0 412
 1 413
 0 414
 0 415
 0 416
 0 417
 0 418
 0 419
 0 420
 0 421
 0 422
 0 423
 0 424
 0 425
 0 426
 0 427
 0 428
 0 429
 0 430
 0 431
 0 432
 0 433
 0 434
 0 435
 0 436
 0 437
 0 438
 0 439
 0 440
 0 441
 0 442
 0 443
 0 444
 0 445
 0 446
 0 447
 0 448
 0 449
 0 450
 0 451
 0 452
 0 453
 0 454
 0 455
 0 456
 0 457
 0 458
 0 459
 0 460
 0 461
 0 462
 0 463
 0 464
 0 465
 0 466
 0 467
 0 468
 0 469
 0 470
 0 471
 0 472
 0 473
 0 474
 0 475
 0 476
 0 477
 0 478
 0 479
 0 480
 0 481
 0 482
 0 483
 0 484
 0 485
 0 486
 0 487
 0 488
 0 489
 0 490
 0 491
 0 492
 0 493
 0 494
 0 495
 0 496
 0 497
 0 498
 0 499
 0 500
 0 501
 0 502
 0 503
 0 504
 0 505
 0 506
 0 507
 0 508
 0 509
 0 510
 0 511
 0 512
 0 513
 0 514
 0 515
 0 516
 0 517
 0 518
 0 519
 0 520
 0 521
 0 522
 0 523
 0 524
 0 525
 0 526
 0 527
 0 528
 0 529
 0 530
 0 531
 0 532
 0 533
 0 534
 0 535
 0 536
 0 537
 0 538
 0 539
 0 540
 0 541
 0 542
 0 543
 0 544
 0 545
 0 546
 0 547
 0 548
 0 549
 0 550
 0 551
 0 552
 0 553
 0 554
 0 555
 0 556
 0 557
 0 558
 0 559
 0 560
 0 561
 0 562
 0 563
 0 564
 0 565
 0 566
 0 567
 0 568
 0 569
 0 570
 0 571
 0 572
 0 573
 0 574
 0 575
 0 576
 0 577
 0 578
 0 579
 0 580
 0 581
 0 582
 0 583
 0 584
 0 585
 0 586
 0 587
 0 588
 0 589
 0 590
 0 591
 0 592
 0 593
 0 594
 0 595
 0 596
 0 597
 0 598
 0 599
 0 600


