# Created by Octave 3.8.2, Mon Jun 22 19:28:10 2020 CEST <damian@fptrucha.inv.usc.es>
# name: hd
# type: matrix
# rows: 551
# columns: 2
 0 50
 0 51
 0 52
 0 53
 0 54
 0 55
 0 56
 0 57
 0 58
 0 59
 0 60
 0 61
 0 62
 0 63
 0 64
 0 65
 0 66
 0 67
 0 68
 0 69
 0 70
 0 71
 0 72
 0 73
 0 74
 0 75
 0 76
 0 77
 0 78
 0 79
 0 80
 0 81
 0 82
 0 83
 0 84
 0 85
 0 86
 0 87
 0 88
 2 89
 7 90
 17 91
 90 92
 118 93
 200 94
 223 95
 415 96
 649 97
 918 98
 1093 99
 1272 100
 1373 101
 1501 102
 1552 103
 1514 104
 1565 105
 1676 106
 1605 107
 1459 108
 1471 109
 1403 110
 1245 111
 1254 112
 1136 113
 1026 114
 951 115
 902 116
 808 117
 712 118
 663 119
 618 120
 577 121
 518 122
 465 123
 434 124
 374 125
 365 126
 300 127
 283 128
 267 129
 238 130
 208 131
 223 132
 211 133
 174 134
 146 135
 164 136
 145 137
 139 138
 135 139
 116 140
 118 141
 99 142
 97 143
 102 144
 82 145
 92 146
 82 147
 79 148
 66 149
 65 150
 59 151
 60 152
 44 153
 55 154
 38 155
 48 156
 45 157
 40 158
 35 159
 43 160
 36 161
 26 162
 38 163
 20 164
 28 165
 30 166
 23 167
 20 168
 20 169
 13 170
 15 171
 12 172
 15 173
 13 174
 14 175
 16 176
 20 177
 9 178
 4 179
 5 180
 10 181
 9 182
 6 183
 5 184
 6 185
 6 186
 4 187
 9 188
 10 189
 3 190
 4 191
 2 192
 6 193
 6 194
 1 195
 2 196
 0 197
 0 198
 5 199
 4 200
 3 201
 4 202
 1 203
 6 204
 4 205
 4 206
 0 207
 1 208
 0 209
 3 210
 0 211
 0 212
 0 213
 1 214
 0 215
 1 216
 1 217
 0 218
 0 219
 0 220
 0 221
 0 222
 0 223
 0 224
 0 225
 1 226
 1 227
 0 228
 0 229
 0 230
 0 231
 1 232
 0 233
 1 234
 0 235
 0 236
 0 237
 0 238
 0 239
 0 240
 0 241
 0 242
 0 243
 0 244
 0 245
 0 246
 0 247
 0 248
 0 249
 0 250
 0 251
 0 252
 0 253
 0 254
 0 255
 0 256
 0 257
 0 258
 0 259
 0 260
 0 261
 0 262
 1 263
 0 264
 0 265
 0 266
 0 267
 0 268
 1 269
 0 270
 0 271
 1 272
 0 273
 0 274
 0 275
 0 276
 0 277
 0 278
 0 279
 1 280
 0 281
 0 282
 1 283
 0 284
 0 285
 2 286
 1 287
 2 288
 0 289
 1 290
 1 291
 1 292
 1 293
 1 294
 0 295
 0 296
 1 297
 1 298
 1 299
 1 300
 3 301
 0 302
 1 303
 3 304
 4 305
 1 306
 4 307
 1 308
 1 309
 1 310
 4 311
 2 312
 1 313
 1 314
 1 315
 3 316
 6 317
 2 318
 3 319
 4 320
 3 321
 2 322
 0 323
 2 324
 3 325
 3 326
 3 327
 4 328
 2 329
 4 330
 2 331
 1 332
 2 333
 4 334
 4 335
 3 336
 2 337
 1 338
 2 339
 3 340
 1 341
 3 342
 1 343
 1 344
 2 345
 3 346
 2 347
 1 348
 3 349
 1 350
 4 351
 1 352
 1 353
 1 354
 2 355
 2 356
 4 357
 0 358
 2 359
 0 360
 1 361
 1 362
 1 363
 6 364
 0 365
 1 366
 2 367
 0 368
 0 369
 2 370
 0 371
 0 372
 1 373
 1 374
 0 375
 0 376
 0 377
 1 378
 0 379
 2 380
 1 381
 1 382
 1 383
 1 384
 0 385
 0 386
 0 387
 0 388
 0 389
 0 390
 0 391
 0 392
 0 393
 0 394
 0 395
 0 396
 0 397
 0 398
 1 399
 0 400
 0 401
 0 402
 0 403
 0 404
 0 405
 0 406
 0 407
 0 408
 0 409
 0 410
 0 411
 1 412
 0 413
 0 414
 0 415
 0 416
 0 417
 0 418
 0 419
 0 420
 0 421
 0 422
 0 423
 0 424
 0 425
 0 426
 0 427
 1 428
 0 429
 0 430
 0 431
 0 432
 0 433
 0 434
 0 435
 0 436
 0 437
 0 438
 0 439
 0 440
 0 441
 0 442
 0 443
 0 444
 0 445
 0 446
 0 447
 0 448
 0 449
 0 450
 0 451
 0 452
 0 453
 0 454
 0 455
 0 456
 0 457
 0 458
 0 459
 0 460
 0 461
 0 462
 0 463
 0 464
 0 465
 0 466
 0 467
 0 468
 0 469
 0 470
 0 471
 0 472
 0 473
 0 474
 0 475
 0 476
 0 477
 0 478
 0 479
 0 480
 0 481
 0 482
 0 483
 0 484
 0 485
 0 486
 0 487
 0 488
 0 489
 0 490
 0 491
 0 492
 0 493
 0 494
 0 495
 0 496
 0 497
 0 498
 0 499
 0 500
 0 501
 0 502
 0 503
 0 504
 0 505
 0 506
 0 507
 0 508
 0 509
 0 510
 0 511
 0 512
 0 513
 0 514
 0 515
 0 516
 0 517
 0 518
 0 519
 0 520
 0 521
 0 522
 0 523
 0 524
 0 525
 0 526
 0 527
 0 528
 0 529
 0 530
 0 531
 0 532
 0 533
 0 534
 0 535
 0 536
 0 537
 0 538
 0 539
 0 540
 0 541
 0 542
 0 543
 0 544
 0 545
 0 546
 0 547
 0 548
 0 549
 0 550
 0 551
 0 552
 0 553
 0 554
 0 555
 0 556
 0 557
 0 558
 0 559
 0 560
 0 561
 0 562
 0 563
 0 564
 0 565
 0 566
 0 567
 0 568
 0 569
 0 570
 0 571
 0 572
 0 573
 0 574
 0 575
 0 576
 0 577
 0 578
 0 579
 0 580
 0 581
 0 582
 0 583
 0 584
 0 585
 0 586
 0 587
 0 588
 0 589
 0 590
 0 591
 0 592
 0 593
 0 594
 0 595
 0 596
 0 597
 0 598
 0 599
 0 600


