# Created by Octave 3.8.2, Tue Jun 23 00:40:10 2020 CEST <damian@fptrucha.inv.usc.es>
# name: hd
# type: matrix
# rows: 551
# columns: 2
 0 50
 0 51
 0 52
 0 53
 0 54
 0 55
 0 56
 0 57
 0 58
 0 59
 0 60
 0 61
 0 62
 0 63
 0 64
 0 65
 0 66
 0 67
 0 68
 0 69
 0 70
 0 71
 0 72
 0 73
 0 74
 0 75
 0 76
 0 77
 0 78
 0 79
 0 80
 0 81
 0 82
 0 83
 0 84
 0 85
 0 86
 0 87
 0 88
 0 89
 7 90
 46 91
 87 92
 142 93
 192 94
 333 95
 527 96
 743 97
 946 98
 1061 99
 1302 100
 1367 101
 1538 102
 1495 103
 1493 104
 1579 105
 1630 106
 1564 107
 1492 108
 1345 109
 1369 110
 1242 111
 1198 112
 1117 113
 1097 114
 1012 115
 882 116
 813 117
 757 118
 647 119
 639 120
 582 121
 515 122
 502 123
 449 124
 424 125
 403 126
 371 127
 339 128
 283 129
 252 130
 236 131
 203 132
 229 133
 177 134
 194 135
 151 136
 133 137
 142 138
 153 139
 139 140
 123 141
 124 142
 98 143
 93 144
 104 145
 105 146
 83 147
 82 148
 68 149
 83 150
 58 151
 60 152
 60 153
 64 154
 50 155
 49 156
 36 157
 54 158
 48 159
 38 160
 42 161
 29 162
 34 163
 21 164
 38 165
 18 166
 20 167
 22 168
 22 169
 19 170
 12 171
 22 172
 14 173
 16 174
 10 175
 15 176
 13 177
 5 178
 13 179
 11 180
 18 181
 4 182
 10 183
 11 184
 8 185
 7 186
 3 187
 9 188
 6 189
 6 190
 6 191
 5 192
 6 193
 6 194
 3 195
 3 196
 3 197
 4 198
 3 199
 1 200
 2 201
 1 202
 1 203
 6 204
 0 205
 2 206
 1 207
 1 208
 0 209
 0 210
 1 211
 1 212
 1 213
 0 214
 0 215
 1 216
 0 217
 0 218
 1 219
 0 220
 0 221
 0 222
 1 223
 0 224
 0 225
 0 226
 0 227
 2 228
 0 229
 0 230
 0 231
 0 232
 1 233
 0 234
 0 235
 1 236
 0 237
 0 238
 0 239
 0 240
 0 241
 0 242
 0 243
 0 244
 0 245
 0 246
 0 247
 0 248
 0 249
 0 250
 0 251
 0 252
 0 253
 0 254
 0 255
 0 256
 0 257
 0 258
 0 259
 0 260
 0 261
 0 262
 0 263
 0 264
 2 265
 0 266
 0 267
 0 268
 0 269
 0 270
 0 271
 0 272
 0 273
 0 274
 0 275
 0 276
 0 277
 0 278
 0 279
 0 280
 1 281
 1 282
 1 283
 1 284
 0 285
 0 286
 1 287
 1 288
 1 289
 1 290
 1 291
 1 292
 3 293
 1 294
 2 295
 0 296
 1 297
 1 298
 2 299
 1 300
 3 301
 0 302
 2 303
 0 304
 4 305
 3 306
 2 307
 5 308
 1 309
 5 310
 0 311
 1 312
 1 313
 2 314
 5 315
 1 316
 6 317
 5 318
 1 319
 3 320
 3 321
 5 322
 6 323
 5 324
 0 325
 2 326
 2 327
 1 328
 4 329
 2 330
 1 331
 1 332
 3 333
 3 334
 3 335
 4 336
 3 337
 1 338
 1 339
 1 340
 2 341
 2 342
 1 343
 3 344
 3 345
 4 346
 2 347
 1 348
 2 349
 2 350
 4 351
 3 352
 2 353
 1 354
 1 355
 2 356
 2 357
 0 358
 1 359
 2 360
 1 361
 1 362
 1 363
 0 364
 0 365
 1 366
 0 367
 1 368
 1 369
 0 370
 1 371
 1 372
 2 373
 0 374
 1 375
 1 376
 0 377
 1 378
 1 379
 2 380
 1 381
 1 382
 1 383
 0 384
 2 385
 1 386
 1 387
 0 388
 1 389
 0 390
 0 391
 1 392
 0 393
 1 394
 0 395
 0 396
 0 397
 0 398
 0 399
 0 400
 0 401
 0 402
 1 403
 0 404
 0 405
 0 406
 0 407
 0 408
 0 409
 0 410
 0 411
 0 412
 0 413
 0 414
 0 415
 0 416
 0 417
 0 418
 1 419
 0 420
 0 421
 0 422
 0 423
 0 424
 0 425
 0 426
 0 427
 0 428
 0 429
 0 430
 0 431
 0 432
 0 433
 0 434
 0 435
 0 436
 0 437
 0 438
 0 439
 0 440
 0 441
 0 442
 0 443
 0 444
 0 445
 0 446
 0 447
 0 448
 0 449
 0 450
 0 451
 0 452
 0 453
 0 454
 0 455
 0 456
 0 457
 0 458
 0 459
 0 460
 0 461
 0 462
 0 463
 0 464
 0 465
 0 466
 0 467
 0 468
 0 469
 0 470
 0 471
 0 472
 0 473
 0 474
 0 475
 0 476
 0 477
 0 478
 0 479
 0 480
 0 481
 0 482
 0 483
 0 484
 0 485
 0 486
 0 487
 0 488
 0 489
 0 490
 0 491
 0 492
 0 493
 0 494
 0 495
 0 496
 0 497
 0 498
 0 499
 0 500
 0 501
 0 502
 0 503
 0 504
 0 505
 0 506
 0 507
 0 508
 0 509
 0 510
 0 511
 0 512
 0 513
 0 514
 0 515
 0 516
 0 517
 0 518
 0 519
 0 520
 0 521
 0 522
 0 523
 0 524
 0 525
 0 526
 0 527
 0 528
 0 529
 0 530
 0 531
 0 532
 0 533
 0 534
 0 535
 0 536
 0 537
 0 538
 0 539
 0 540
 0 541
 0 542
 0 543
 0 544
 0 545
 0 546
 0 547
 0 548
 0 549
 0 550
 0 551
 0 552
 0 553
 0 554
 0 555
 0 556
 0 557
 0 558
 0 559
 0 560
 0 561
 0 562
 0 563
 0 564
 0 565
 0 566
 0 567
 0 568
 0 569
 0 570
 0 571
 0 572
 0 573
 0 574
 0 575
 0 576
 0 577
 0 578
 0 579
 0 580
 0 581
 0 582
 0 583
 0 584
 0 585
 0 586
 0 587
 0 588
 0 589
 0 590
 0 591
 0 592
 0 593
 0 594
 0 595
 0 596
 0 597
 0 598
 0 599
 0 600


