# Created by Octave 3.8.2, Mon Jun 22 01:25:04 2020 CEST <damian@fptrucha.inv.usc.es>
# name: hd
# type: matrix
# rows: 551
# columns: 2
 0 50
 0 51
 0 52
 0 53
 0 54
 0 55
 0 56
 0 57
 0 58
 0 59
 0 60
 0 61
 0 62
 0 63
 0 64
 0 65
 0 66
 0 67
 0 68
 0 69
 0 70
 0 71
 0 72
 0 73
 0 74
 0 75
 0 76
 0 77
 0 78
 0 79
 0 80
 0 81
 0 82
 0 83
 0 84
 0 85
 0 86
 0 87
 0 88
 2 89
 3 90
 39 91
 76 92
 106 93
 143 94
 267 95
 409 96
 556 97
 735 98
 741 99
 982 100
 1032 101
 1085 102
 1118 103
 1189 104
 1229 105
 1271 106
 1305 107
 1280 108
 1169 109
 1202 110
 1064 111
 1179 112
 1067 113
 950 114
 957 115
 936 116
 845 117
 829 118
 765 119
 722 120
 649 121
 600 122
 591 123
 559 124
 474 125
 460 126
 414 127
 351 128
 356 129
 310 130
 299 131
 310 132
 261 133
 224 134
 210 135
 207 136
 183 137
 157 138
 131 139
 140 140
 143 141
 129 142
 120 143
 106 144
 100 145
 97 146
 91 147
 91 148
 74 149
 74 150
 56 151
 64 152
 66 153
 60 154
 63 155
 55 156
 50 157
 45 158
 36 159
 37 160
 33 161
 38 162
 27 163
 27 164
 22 165
 26 166
 17 167
 24 168
 20 169
 20 170
 26 171
 18 172
 26 173
 14 174
 16 175
 11 176
 14 177
 8 178
 6 179
 14 180
 12 181
 6 182
 5 183
 7 184
 6 185
 7 186
 4 187
 6 188
 6 189
 5 190
 10 191
 4 192
 5 193
 0 194
 6 195
 2 196
 0 197
 2 198
 0 199
 3 200
 1 201
 3 202
 2 203
 2 204
 1 205
 0 206
 0 207
 0 208
 1 209
 0 210
 0 211
 0 212
 2 213
 0 214
 1 215
 1 216
 1 217
 1 218
 2 219
 0 220
 0 221
 1 222
 0 223
 1 224
 0 225
 0 226
 0 227
 0 228
 1 229
 0 230
 0 231
 0 232
 0 233
 0 234
 0 235
 0 236
 0 237
 0 238
 0 239
 0 240
 0 241
 0 242
 0 243
 0 244
 0 245
 0 246
 0 247
 0 248
 0 249
 0 250
 0 251
 1 252
 0 253
 0 254
 0 255
 0 256
 0 257
 0 258
 0 259
 0 260
 0 261
 0 262
 0 263
 0 264
 0 265
 0 266
 0 267
 0 268
 0 269
 1 270
 0 271
 0 272
 1 273
 1 274
 1 275
 0 276
 0 277
 0 278
 0 279
 0 280
 0 281
 0 282
 0 283
 0 284
 0 285
 1 286
 1 287
 0 288
 1 289
 0 290
 0 291
 0 292
 1 293
 1 294
 0 295
 3 296
 1 297
 1 298
 3 299
 1 300
 0 301
 1 302
 1 303
 2 304
 3 305
 5 306
 0 307
 2 308
 1 309
 1 310
 1 311
 3 312
 3 313
 0 314
 1 315
 2 316
 3 317
 1 318
 1 319
 4 320
 3 321
 0 322
 2 323
 2 324
 3 325
 0 326
 0 327
 4 328
 2 329
 3 330
 0 331
 1 332
 0 333
 2 334
 1 335
 3 336
 1 337
 3 338
 1 339
 3 340
 2 341
 3 342
 2 343
 1 344
 3 345
 1 346
 3 347
 1 348
 1 349
 1 350
 2 351
 1 352
 4 353
 0 354
 3 355
 0 356
 0 357
 2 358
 0 359
 1 360
 2 361
 0 362
 1 363
 1 364
 1 365
 2 366
 1 367
 2 368
 0 369
 2 370
 1 371
 2 372
 0 373
 2 374
 0 375
 0 376
 0 377
 4 378
 1 379
 1 380
 0 381
 0 382
 0 383
 0 384
 0 385
 2 386
 1 387
 0 388
 0 389
 1 390
 0 391
 0 392
 1 393
 0 394
 0 395
 0 396
 0 397
 0 398
 0 399
 1 400
 0 401
 0 402
 0 403
 0 404
 0 405
 1 406
 0 407
 0 408
 0 409
 0 410
 0 411
 0 412
 0 413
 0 414
 0 415
 0 416
 0 417
 0 418
 0 419
 0 420
 0 421
 0 422
 0 423
 0 424
 0 425
 0 426
 0 427
 0 428
 0 429
 0 430
 0 431
 0 432
 0 433
 0 434
 0 435
 0 436
 0 437
 0 438
 0 439
 0 440
 0 441
 0 442
 0 443
 0 444
 0 445
 0 446
 0 447
 0 448
 0 449
 0 450
 0 451
 0 452
 0 453
 0 454
 0 455
 0 456
 0 457
 0 458
 0 459
 0 460
 0 461
 0 462
 0 463
 0 464
 0 465
 0 466
 0 467
 0 468
 0 469
 0 470
 0 471
 0 472
 0 473
 0 474
 0 475
 0 476
 0 477
 0 478
 0 479
 0 480
 0 481
 0 482
 0 483
 0 484
 0 485
 0 486
 0 487
 0 488
 0 489
 0 490
 0 491
 0 492
 0 493
 0 494
 0 495
 0 496
 0 497
 0 498
 0 499
 0 500
 0 501
 0 502
 0 503
 0 504
 0 505
 0 506
 0 507
 0 508
 0 509
 0 510
 0 511
 0 512
 0 513
 0 514
 0 515
 0 516
 0 517
 0 518
 0 519
 0 520
 0 521
 0 522
 0 523
 0 524
 0 525
 0 526
 0 527
 0 528
 0 529
 0 530
 0 531
 0 532
 0 533
 0 534
 0 535
 0 536
 0 537
 0 538
 0 539
 0 540
 0 541
 0 542
 0 543
 0 544
 0 545
 0 546
 0 547
 0 548
 0 549
 0 550
 0 551
 0 552
 0 553
 0 554
 0 555
 0 556
 0 557
 0 558
 0 559
 0 560
 0 561
 0 562
 0 563
 0 564
 0 565
 0 566
 0 567
 0 568
 0 569
 0 570
 0 571
 0 572
 0 573
 0 574
 0 575
 0 576
 0 577
 0 578
 0 579
 0 580
 0 581
 0 582
 0 583
 0 584
 0 585
 0 586
 0 587
 0 588
 0 589
 0 590
 0 591
 0 592
 0 593
 0 594
 0 595
 0 596
 0 597
 0 598
 0 599
 0 600


