# Created by Octave 3.8.2, Mon Jun 22 23:47:56 2020 CEST <damian@fptrucha.inv.usc.es>
# name: hd
# type: matrix
# rows: 551
# columns: 2
 0 50
 0 51
 0 52
 0 53
 0 54
 0 55
 0 56
 0 57
 0 58
 0 59
 0 60
 0 61
 0 62
 0 63
 0 64
 0 65
 0 66
 0 67
 0 68
 0 69
 0 70
 0 71
 0 72
 0 73
 0 74
 0 75
 0 76
 0 77
 0 78
 0 79
 0 80
 0 81
 0 82
 0 83
 0 84
 0 85
 0 86
 0 87
 0 88
 0 89
 5 90
 34 91
 116 92
 136 93
 204 94
 322 95
 518 96
 769 97
 1002 98
 1155 99
 1376 100
 1476 101
 1565 102
 1598 103
 1603 104
 1606 105
 1535 106
 1560 107
 1462 108
 1406 109
 1405 110
 1234 111
 1194 112
 1126 113
 975 114
 952 115
 850 116
 815 117
 729 118
 694 119
 648 120
 536 121
 522 122
 432 123
 428 124
 407 125
 393 126
 338 127
 298 128
 251 129
 254 130
 236 131
 213 132
 200 133
 186 134
 171 135
 147 136
 170 137
 145 138
 114 139
 166 140
 105 141
 101 142
 113 143
 97 144
 105 145
 89 146
 77 147
 91 148
 82 149
 74 150
 69 151
 64 152
 62 153
 56 154
 59 155
 42 156
 53 157
 40 158
 36 159
 45 160
 39 161
 33 162
 33 163
 27 164
 32 165
 20 166
 21 167
 26 168
 17 169
 23 170
 19 171
 19 172
 13 173
 23 174
 9 175
 9 176
 11 177
 13 178
 9 179
 16 180
 7 181
 10 182
 7 183
 4 184
 12 185
 16 186
 6 187
 7 188
 8 189
 4 190
 6 191
 4 192
 4 193
 2 194
 4 195
 3 196
 4 197
 0 198
 1 199
 2 200
 1 201
 1 202
 3 203
 2 204
 2 205
 1 206
 4 207
 1 208
 1 209
 0 210
 2 211
 2 212
 1 213
 1 214
 0 215
 1 216
 0 217
 0 218
 0 219
 2 220
 2 221
 0 222
 0 223
 0 224
 0 225
 0 226
 0 227
 0 228
 1 229
 0 230
 0 231
 0 232
 0 233
 0 234
 0 235
 0 236
 0 237
 0 238
 0 239
 0 240
 0 241
 0 242
 0 243
 1 244
 0 245
 0 246
 0 247
 0 248
 0 249
 0 250
 0 251
 0 252
 0 253
 0 254
 0 255
 0 256
 0 257
 0 258
 0 259
 0 260
 0 261
 0 262
 0 263
 0 264
 0 265
 0 266
 0 267
 0 268
 0 269
 0 270
 1 271
 0 272
 0 273
 0 274
 0 275
 0 276
 1 277
 0 278
 0 279
 1 280
 0 281
 0 282
 1 283
 1 284
 0 285
 0 286
 1 287
 0 288
 0 289
 0 290
 0 291
 1 292
 2 293
 1 294
 1 295
 0 296
 2 297
 2 298
 4 299
 1 300
 1 301
 3 302
 1 303
 1 304
 7 305
 4 306
 3 307
 3 308
 1 309
 3 310
 2 311
 2 312
 2 313
 3 314
 3 315
 4 316
 1 317
 3 318
 3 319
 3 320
 2 321
 3 322
 2 323
 8 324
 3 325
 1 326
 4 327
 0 328
 6 329
 2 330
 0 331
 4 332
 4 333
 5 334
 1 335
 3 336
 2 337
 0 338
 4 339
 3 340
 2 341
 2 342
 2 343
 1 344
 1 345
 3 346
 2 347
 1 348
 0 349
 1 350
 2 351
 3 352
 0 353
 0 354
 3 355
 4 356
 2 357
 1 358
 0 359
 1 360
 1 361
 1 362
 1 363
 1 364
 2 365
 2 366
 0 367
 0 368
 3 369
 0 370
 2 371
 1 372
 1 373
 0 374
 2 375
 1 376
 0 377
 1 378
 0 379
 1 380
 0 381
 0 382
 0 383
 0 384
 0 385
 0 386
 0 387
 1 388
 0 389
 0 390
 0 391
 0 392
 0 393
 2 394
 0 395
 0 396
 0 397
 0 398
 0 399
 0 400
 0 401
 0 402
 1 403
 0 404
 0 405
 0 406
 0 407
 0 408
 0 409
 0 410
 0 411
 0 412
 0 413
 0 414
 0 415
 0 416
 0 417
 0 418
 0 419
 0 420
 0 421
 0 422
 0 423
 0 424
 0 425
 0 426
 0 427
 0 428
 0 429
 0 430
 0 431
 0 432
 0 433
 1 434
 0 435
 0 436
 0 437
 0 438
 0 439
 0 440
 0 441
 0 442
 0 443
 0 444
 0 445
 1 446
 0 447
 0 448
 0 449
 0 450
 0 451
 0 452
 0 453
 0 454
 0 455
 0 456
 0 457
 0 458
 0 459
 0 460
 0 461
 0 462
 0 463
 0 464
 0 465
 0 466
 0 467
 0 468
 0 469
 0 470
 0 471
 0 472
 0 473
 0 474
 0 475
 0 476
 0 477
 0 478
 0 479
 0 480
 0 481
 0 482
 0 483
 0 484
 0 485
 0 486
 0 487
 0 488
 0 489
 0 490
 0 491
 0 492
 0 493
 0 494
 0 495
 0 496
 0 497
 0 498
 0 499
 0 500
 0 501
 0 502
 0 503
 0 504
 0 505
 0 506
 0 507
 0 508
 0 509
 0 510
 0 511
 0 512
 0 513
 0 514
 0 515
 0 516
 0 517
 0 518
 0 519
 0 520
 0 521
 0 522
 0 523
 0 524
 0 525
 0 526
 0 527
 0 528
 0 529
 0 530
 0 531
 0 532
 0 533
 0 534
 0 535
 0 536
 0 537
 0 538
 0 539
 0 540
 0 541
 0 542
 0 543
 0 544
 0 545
 0 546
 0 547
 0 548
 0 549
 0 550
 0 551
 0 552
 0 553
 0 554
 0 555
 0 556
 0 557
 0 558
 0 559
 0 560
 0 561
 0 562
 0 563
 0 564
 0 565
 0 566
 0 567
 0 568
 0 569
 0 570
 0 571
 0 572
 0 573
 0 574
 0 575
 0 576
 0 577
 0 578
 0 579
 0 580
 0 581
 0 582
 0 583
 0 584
 0 585
 0 586
 0 587
 0 588
 0 589
 0 590
 0 591
 0 592
 0 593
 0 594
 0 595
 0 596
 0 597
 0 598
 0 599
 0 600


