# Created by Octave 3.8.2, Mon Jun 22 23:52:41 2020 CEST <damian@fptrucha.inv.usc.es>
# name: hd
# type: matrix
# rows: 551
# columns: 2
 0 50
 0 51
 0 52
 0 53
 0 54
 0 55
 0 56
 0 57
 0 58
 0 59
 0 60
 0 61
 0 62
 0 63
 0 64
 0 65
 0 66
 0 67
 0 68
 0 69
 0 70
 0 71
 0 72
 0 73
 0 74
 0 75
 0 76
 0 77
 0 78
 0 79
 0 80
 0 81
 0 82
 0 83
 0 84
 0 85
 0 86
 0 87
 3 88
 3 89
 7 90
 44 91
 103 92
 173 93
 203 94
 339 95
 511 96
 787 97
 889 98
 1140 99
 1375 100
 1479 101
 1564 102
 1587 103
 1587 104
 1599 105
 1578 106
 1555 107
 1492 108
 1458 109
 1442 110
 1240 111
 1211 112
 1075 113
 1021 114
 1030 115
 914 116
 871 117
 771 118
 661 119
 638 120
 586 121
 521 122
 467 123
 432 124
 411 125
 365 126
 329 127
 291 128
 300 129
 268 130
 235 131
 211 132
 191 133
 170 134
 180 135
 148 136
 150 137
 146 138
 118 139
 109 140
 107 141
 103 142
 107 143
 87 144
 94 145
 76 146
 71 147
 53 148
 61 149
 62 150
 60 151
 66 152
 54 153
 51 154
 44 155
 39 156
 32 157
 44 158
 37 159
 39 160
 29 161
 28 162
 35 163
 27 164
 20 165
 25 166
 32 167
 15 168
 19 169
 22 170
 16 171
 8 172
 21 173
 16 174
 21 175
 11 176
 10 177
 7 178
 12 179
 14 180
 12 181
 7 182
 7 183
 9 184
 9 185
 9 186
 2 187
 2 188
 2 189
 6 190
 3 191
 2 192
 4 193
 2 194
 5 195
 3 196
 3 197
 2 198
 3 199
 5 200
 1 201
 2 202
 2 203
 1 204
 1 205
 2 206
 0 207
 0 208
 1 209
 1 210
 0 211
 1 212
 0 213
 2 214
 1 215
 1 216
 1 217
 1 218
 0 219
 2 220
 0 221
 0 222
 0 223
 1 224
 0 225
 2 226
 0 227
 0 228
 0 229
 0 230
 0 231
 0 232
 0 233
 0 234
 0 235
 0 236
 1 237
 0 238
 0 239
 0 240
 0 241
 0 242
 0 243
 0 244
 0 245
 0 246
 0 247
 0 248
 0 249
 0 250
 0 251
 0 252
 0 253
 1 254
 0 255
 0 256
 0 257
 0 258
 0 259
 0 260
 1 261
 0 262
 0 263
 0 264
 0 265
 0 266
 0 267
 0 268
 0 269
 0 270
 0 271
 0 272
 0 273
 0 274
 0 275
 0 276
 0 277
 0 278
 1 279
 0 280
 0 281
 0 282
 0 283
 0 284
 1 285
 0 286
 1 287
 0 288
 0 289
 1 290
 2 291
 1 292
 1 293
 2 294
 1 295
 0 296
 2 297
 0 298
 0 299
 1 300
 2 301
 1 302
 1 303
 1 304
 2 305
 0 306
 2 307
 1 308
 1 309
 2 310
 5 311
 1 312
 2 313
 6 314
 3 315
 6 316
 1 317
 3 318
 3 319
 3 320
 3 321
 3 322
 4 323
 2 324
 4 325
 4 326
 3 327
 4 328
 3 329
 2 330
 2 331
 1 332
 3 333
 0 334
 2 335
 1 336
 1 337
 1 338
 3 339
 2 340
 3 341
 1 342
 1 343
 5 344
 3 345
 2 346
 5 347
 4 348
 0 349
 4 350
 5 351
 0 352
 0 353
 3 354
 2 355
 3 356
 5 357
 2 358
 1 359
 3 360
 1 361
 0 362
 1 363
 1 364
 1 365
 3 366
 1 367
 1 368
 1 369
 0 370
 0 371
 1 372
 0 373
 0 374
 0 375
 0 376
 1 377
 2 378
 0 379
 2 380
 0 381
 0 382
 1 383
 1 384
 0 385
 0 386
 0 387
 0 388
 0 389
 0 390
 0 391
 0 392
 0 393
 0 394
 0 395
 0 396
 1 397
 0 398
 0 399
 0 400
 0 401
 0 402
 0 403
 0 404
 0 405
 0 406
 0 407
 0 408
 0 409
 0 410
 0 411
 1 412
 0 413
 0 414
 0 415
 0 416
 0 417
 0 418
 0 419
 0 420
 0 421
 0 422
 0 423
 0 424
 0 425
 0 426
 0 427
 0 428
 0 429
 0 430
 0 431
 0 432
 0 433
 0 434
 0 435
 0 436
 0 437
 0 438
 0 439
 0 440
 0 441
 0 442
 0 443
 0 444
 0 445
 0 446
 0 447
 0 448
 0 449
 0 450
 0 451
 0 452
 0 453
 0 454
 0 455
 0 456
 0 457
 0 458
 0 459
 0 460
 0 461
 0 462
 0 463
 0 464
 0 465
 0 466
 0 467
 0 468
 0 469
 0 470
 0 471
 1 472
 0 473
 0 474
 0 475
 0 476
 0 477
 0 478
 0 479
 0 480
 0 481
 0 482
 0 483
 0 484
 0 485
 0 486
 0 487
 0 488
 0 489
 0 490
 0 491
 0 492
 0 493
 0 494
 0 495
 0 496
 0 497
 0 498
 0 499
 0 500
 0 501
 0 502
 0 503
 0 504
 0 505
 0 506
 0 507
 0 508
 0 509
 0 510
 0 511
 0 512
 0 513
 0 514
 0 515
 0 516
 0 517
 0 518
 0 519
 0 520
 0 521
 0 522
 0 523
 0 524
 0 525
 0 526
 0 527
 0 528
 0 529
 0 530
 0 531
 0 532
 0 533
 0 534
 0 535
 0 536
 0 537
 0 538
 0 539
 0 540
 0 541
 0 542
 0 543
 0 544
 0 545
 0 546
 0 547
 0 548
 0 549
 0 550
 0 551
 0 552
 0 553
 0 554
 0 555
 0 556
 0 557
 0 558
 0 559
 0 560
 0 561
 0 562
 0 563
 0 564
 0 565
 0 566
 0 567
 0 568
 0 569
 0 570
 0 571
 0 572
 0 573
 0 574
 0 575
 0 576
 0 577
 0 578
 0 579
 0 580
 0 581
 0 582
 0 583
 0 584
 0 585
 0 586
 0 587
 0 588
 0 589
 0 590
 0 591
 0 592
 0 593
 0 594
 0 595
 0 596
 0 597
 0 598
 0 599
 0 600


