# Created by Octave 3.8.2, Sun Jun 21 03:23:27 2020 CEST <damian@fptrucha.inv.usc.es>
# name: hd
# type: matrix
# rows: 551
# columns: 2
 0 50
 0 51
 0 52
 0 53
 0 54
 0 55
 0 56
 0 57
 0 58
 0 59
 0 60
 0 61
 0 62
 0 63
 0 64
 0 65
 0 66
 0 67
 0 68
 0 69
 0 70
 0 71
 0 72
 0 73
 0 74
 0 75
 0 76
 0 77
 0 78
 0 79
 0 80
 0 81
 0 82
 0 83
 0 84
 0 85
 0 86
 0 87
 3 88
 3 89
 5 90
 34 91
 79 92
 113 93
 150 94
 279 95
 404 96
 586 97
 699 98
 866 99
 992 100
 1104 101
 1200 102
 1164 103
 1229 104
 1295 105
 1271 106
 1286 107
 1230 108
 1254 109
 1212 110
 1186 111
 1090 112
 1093 113
 1066 114
 1039 115
 938 116
 832 117
 772 118
 813 119
 704 120
 684 121
 588 122
 579 123
 526 124
 492 125
 434 126
 395 127
 368 128
 323 129
 308 130
 313 131
 240 132
 240 133
 201 134
 227 135
 188 136
 161 137
 176 138
 163 139
 157 140
 110 141
 119 142
 107 143
 126 144
 95 145
 88 146
 95 147
 78 148
 56 149
 55 150
 80 151
 75 152
 63 153
 58 154
 56 155
 44 156
 46 157
 45 158
 49 159
 38 160
 24 161
 33 162
 17 163
 23 164
 26 165
 15 166
 23 167
 20 168
 18 169
 8 170
 17 171
 18 172
 14 173
 12 174
 22 175
 8 176
 7 177
 8 178
 8 179
 8 180
 11 181
 12 182
 3 183
 7 184
 4 185
 3 186
 2 187
 3 188
 3 189
 4 190
 2 191
 3 192
 4 193
 3 194
 4 195
 1 196
 4 197
 3 198
 0 199
 1 200
 4 201
 3 202
 1 203
 1 204
 1 205
 2 206
 0 207
 0 208
 0 209
 0 210
 2 211
 0 212
 0 213
 0 214
 1 215
 2 216
 0 217
 2 218
 1 219
 0 220
 1 221
 0 222
 0 223
 1 224
 1 225
 0 226
 2 227
 0 228
 0 229
 0 230
 0 231
 1 232
 0 233
 0 234
 1 235
 0 236
 0 237
 0 238
 0 239
 0 240
 1 241
 0 242
 0 243
 0 244
 0 245
 0 246
 0 247
 0 248
 0 249
 0 250
 0 251
 0 252
 0 253
 0 254
 0 255
 0 256
 0 257
 0 258
 0 259
 0 260
 0 261
 0 262
 0 263
 0 264
 0 265
 0 266
 0 267
 0 268
 0 269
 0 270
 0 271
 0 272
 0 273
 0 274
 0 275
 0 276
 1 277
 0 278
 3 279
 0 280
 0 281
 0 282
 0 283
 0 284
 0 285
 0 286
 2 287
 0 288
 3 289
 0 290
 0 291
 1 292
 0 293
 0 294
 2 295
 0 296
 2 297
 0 298
 3 299
 2 300
 2 301
 1 302
 3 303
 0 304
 3 305
 4 306
 3 307
 3 308
 1 309
 1 310
 5 311
 1 312
 3 313
 0 314
 4 315
 0 316
 2 317
 1 318
 4 319
 2 320
 2 321
 1 322
 2 323
 0 324
 2 325
 6 326
 3 327
 5 328
 2 329
 0 330
 0 331
 2 332
 4 333
 1 334
 2 335
 2 336
 1 337
 1 338
 0 339
 1 340
 3 341
 4 342
 2 343
 2 344
 4 345
 2 346
 2 347
 3 348
 2 349
 1 350
 2 351
 1 352
 3 353
 3 354
 1 355
 3 356
 2 357
 2 358
 2 359
 3 360
 0 361
 1 362
 1 363
 0 364
 1 365
 1 366
 4 367
 0 368
 0 369
 3 370
 1 371
 1 372
 2 373
 1 374
 3 375
 0 376
 0 377
 3 378
 0 379
 1 380
 1 381
 1 382
 0 383
 2 384
 0 385
 0 386
 0 387
 0 388
 1 389
 2 390
 1 391
 0 392
 0 393
 0 394
 1 395
 0 396
 0 397
 0 398
 0 399
 0 400
 1 401
 0 402
 1 403
 0 404
 0 405
 1 406
 0 407
 0 408
 0 409
 0 410
 0 411
 0 412
 0 413
 0 414
 0 415
 0 416
 0 417
 1 418
 0 419
 0 420
 0 421
 0 422
 0 423
 0 424
 0 425
 0 426
 0 427
 0 428
 0 429
 0 430
 0 431
 0 432
 0 433
 0 434
 0 435
 0 436
 0 437
 0 438
 0 439
 0 440
 0 441
 0 442
 0 443
 0 444
 0 445
 0 446
 0 447
 0 448
 0 449
 0 450
 0 451
 0 452
 0 453
 0 454
 0 455
 0 456
 0 457
 0 458
 0 459
 0 460
 0 461
 0 462
 0 463
 0 464
 0 465
 0 466
 0 467
 0 468
 0 469
 0 470
 0 471
 0 472
 0 473
 0 474
 0 475
 0 476
 0 477
 0 478
 0 479
 0 480
 0 481
 0 482
 0 483
 0 484
 0 485
 0 486
 0 487
 0 488
 0 489
 0 490
 0 491
 0 492
 0 493
 0 494
 0 495
 0 496
 0 497
 0 498
 0 499
 0 500
 0 501
 0 502
 0 503
 0 504
 0 505
 0 506
 0 507
 0 508
 0 509
 0 510
 0 511
 0 512
 0 513
 0 514
 0 515
 0 516
 0 517
 0 518
 0 519
 0 520
 0 521
 0 522
 0 523
 0 524
 0 525
 0 526
 0 527
 0 528
 0 529
 0 530
 0 531
 0 532
 0 533
 0 534
 0 535
 0 536
 0 537
 0 538
 0 539
 0 540
 0 541
 0 542
 0 543
 0 544
 0 545
 0 546
 0 547
 0 548
 0 549
 0 550
 0 551
 0 552
 0 553
 0 554
 0 555
 0 556
 0 557
 0 558
 0 559
 0 560
 0 561
 0 562
 0 563
 0 564
 0 565
 0 566
 0 567
 0 568
 0 569
 0 570
 0 571
 0 572
 0 573
 0 574
 0 575
 0 576
 0 577
 0 578
 0 579
 0 580
 0 581
 0 582
 0 583
 0 584
 0 585
 0 586
 0 587
 0 588
 0 589
 0 590
 0 591
 0 592
 0 593
 0 594
 0 595
 0 596
 0 597
 0 598
 0 599
 0 600


