# Created by Octave 3.8.2, Mon Jun 22 09:10:58 2020 CEST <damian@fptrucha.inv.usc.es>
# name: hd
# type: matrix
# rows: 551
# columns: 2
 0 50
 0 51
 0 52
 0 53
 0 54
 0 55
 0 56
 0 57
 0 58
 0 59
 0 60
 0 61
 0 62
 0 63
 0 64
 0 65
 0 66
 0 67
 0 68
 0 69
 0 70
 0 71
 0 72
 0 73
 0 74
 0 75
 0 76
 0 77
 0 78
 0 79
 0 80
 0 81
 0 82
 0 83
 0 84
 0 85
 0 86
 0 87
 0 88
 2 89
 1 90
 14 91
 61 92
 108 93
 145 94
 234 95
 334 96
 571 97
 770 98
 944 99
 1113 100
 1252 101
 1353 102
 1390 103
 1415 104
 1464 105
 1446 106
 1383 107
 1329 108
 1259 109
 1274 110
 1215 111
 1082 112
 1088 113
 936 114
 912 115
 780 116
 738 117
 655 118
 639 119
 602 120
 537 121
 512 122
 456 123
 401 124
 389 125
 361 126
 332 127
 299 128
 280 129
 249 130
 221 131
 226 132
 215 133
 163 134
 183 135
 172 136
 144 137
 137 138
 133 139
 132 140
 127 141
 111 142
 86 143
 97 144
 86 145
 83 146
 71 147
 71 148
 53 149
 52 150
 58 151
 64 152
 53 153
 63 154
 41 155
 43 156
 29 157
 39 158
 46 159
 51 160
 36 161
 30 162
 21 163
 29 164
 31 165
 26 166
 25 167
 21 168
 26 169
 27 170
 25 171
 19 172
 17 173
 14 174
 20 175
 10 176
 23 177
 8 178
 11 179
 10 180
 8 181
 7 182
 8 183
 8 184
 9 185
 4 186
 5 187
 7 188
 7 189
 7 190
 7 191
 8 192
 4 193
 7 194
 4 195
 4 196
 2 197
 2 198
 3 199
 1 200
 1 201
 2 202
 2 203
 1 204
 2 205
 4 206
 0 207
 3 208
 4 209
 0 210
 1 211
 0 212
 1 213
 0 214
 0 215
 1 216
 1 217
 0 218
 0 219
 0 220
 0 221
 0 222
 1 223
 2 224
 1 225
 0 226
 0 227
 0 228
 0 229
 0 230
 0 231
 0 232
 1 233
 0 234
 0 235
 0 236
 0 237
 0 238
 0 239
 0 240
 0 241
 0 242
 0 243
 0 244
 0 245
 0 246
 0 247
 0 248
 0 249
 0 250
 0 251
 0 252
 0 253
 0 254
 0 255
 0 256
 1 257
 0 258
 0 259
 0 260
 0 261
 0 262
 0 263
 0 264
 0 265
 0 266
 0 267
 0 268
 1 269
 0 270
 0 271
 0 272
 0 273
 0 274
 0 275
 0 276
 1 277
 0 278
 0 279
 0 280
 1 281
 1 282
 1 283
 0 284
 0 285
 0 286
 1 287
 0 288
 0 289
 2 290
 0 291
 1 292
 1 293
 0 294
 1 295
 1 296
 3 297
 0 298
 4 299
 1 300
 6 301
 0 302
 2 303
 1 304
 2 305
 3 306
 2 307
 2 308
 1 309
 2 310
 2 311
 2 312
 4 313
 2 314
 3 315
 3 316
 2 317
 0 318
 7 319
 2 320
 3 321
 3 322
 5 323
 2 324
 1 325
 2 326
 2 327
 4 328
 4 329
 6 330
 2 331
 2 332
 2 333
 3 334
 5 335
 1 336
 2 337
 5 338
 1 339
 2 340
 0 341
 3 342
 4 343
 1 344
 0 345
 5 346
 3 347
 2 348
 1 349
 3 350
 3 351
 1 352
 1 353
 0 354
 1 355
 4 356
 2 357
 3 358
 0 359
 4 360
 1 361
 3 362
 1 363
 1 364
 0 365
 0 366
 0 367
 2 368
 1 369
 1 370
 1 371
 1 372
 1 373
 1 374
 0 375
 0 376
 1 377
 0 378
 1 379
 0 380
 0 381
 0 382
 0 383
 0 384
 0 385
 2 386
 0 387
 1 388
 0 389
 1 390
 0 391
 0 392
 0 393
 1 394
 1 395
 0 396
 0 397
 1 398
 0 399
 0 400
 0 401
 0 402
 0 403
 0 404
 0 405
 0 406
 0 407
 0 408
 0 409
 0 410
 0 411
 0 412
 0 413
 0 414
 0 415
 0 416
 0 417
 0 418
 0 419
 0 420
 0 421
 0 422
 0 423
 0 424
 0 425
 0 426
 0 427
 0 428
 0 429
 0 430
 0 431
 0 432
 0 433
 0 434
 0 435
 0 436
 0 437
 0 438
 0 439
 0 440
 0 441
 0 442
 0 443
 0 444
 0 445
 0 446
 0 447
 0 448
 0 449
 0 450
 0 451
 0 452
 0 453
 0 454
 0 455
 0 456
 0 457
 0 458
 0 459
 0 460
 0 461
 0 462
 0 463
 0 464
 0 465
 0 466
 0 467
 0 468
 0 469
 0 470
 0 471
 0 472
 0 473
 0 474
 0 475
 0 476
 0 477
 0 478
 0 479
 0 480
 0 481
 0 482
 0 483
 0 484
 0 485
 0 486
 0 487
 0 488
 0 489
 0 490
 0 491
 0 492
 0 493
 0 494
 0 495
 0 496
 0 497
 0 498
 0 499
 0 500
 0 501
 0 502
 0 503
 0 504
 0 505
 0 506
 0 507
 0 508
 0 509
 0 510
 0 511
 0 512
 0 513
 0 514
 0 515
 0 516
 0 517
 0 518
 0 519
 0 520
 0 521
 0 522
 0 523
 0 524
 0 525
 0 526
 0 527
 0 528
 0 529
 0 530
 0 531
 0 532
 0 533
 0 534
 0 535
 0 536
 0 537
 0 538
 0 539
 0 540
 0 541
 0 542
 0 543
 0 544
 0 545
 0 546
 0 547
 0 548
 0 549
 0 550
 0 551
 0 552
 0 553
 0 554
 0 555
 0 556
 0 557
 0 558
 0 559
 0 560
 0 561
 0 562
 0 563
 0 564
 0 565
 0 566
 0 567
 0 568
 0 569
 0 570
 0 571
 0 572
 0 573
 0 574
 0 575
 0 576
 0 577
 0 578
 0 579
 0 580
 0 581
 0 582
 0 583
 0 584
 0 585
 0 586
 0 587
 0 588
 0 589
 0 590
 0 591
 0 592
 0 593
 0 594
 0 595
 0 596
 0 597
 0 598
 0 599
 0 600


