# Created by Octave 3.8.2, Sat Jun 20 07:22:11 2020 CEST <damian@fptrucha.inv.usc.es>
# name: hd
# type: matrix
# rows: 551
# columns: 2
 0 50
 0 51
 0 52
 0 53
 0 54
 0 55
 0 56
 0 57
 0 58
 0 59
 0 60
 0 61
 0 62
 0 63
 0 64
 0 65
 0 66
 0 67
 0 68
 0 69
 0 70
 0 71
 0 72
 0 73
 0 74
 0 75
 0 76
 0 77
 0 78
 0 79
 0 80
 0 81
 0 82
 0 83
 0 84
 0 85
 0 86
 0 87
 0 88
 1 89
 6 90
 27 91
 99 92
 144 93
 199 94
 314 95
 504 96
 689 97
 880 98
 1123 99
 1238 100
 1354 101
 1438 102
 1531 103
 1589 104
 1673 105
 1589 106
 1569 107
 1458 108
 1561 109
 1363 110
 1449 111
 1317 112
 1329 113
 1158 114
 1189 115
 1000 116
 937 117
 904 118
 828 119
 755 120
 692 121
 600 122
 657 123
 532 124
 478 125
 447 126
 398 127
 358 128
 324 129
 273 130
 276 131
 271 132
 236 133
 232 134
 211 135
 196 136
 170 137
 158 138
 165 139
 137 140
 110 141
 112 142
 116 143
 110 144
 98 145
 89 146
 85 147
 69 148
 86 149
 76 150
 43 151
 76 152
 58 153
 56 154
 43 155
 46 156
 42 157
 37 158
 37 159
 41 160
 36 161
 33 162
 36 163
 20 164
 25 165
 19 166
 31 167
 24 168
 19 169
 15 170
 17 171
 18 172
 17 173
 11 174
 9 175
 9 176
 10 177
 9 178
 13 179
 4 180
 8 181
 9 182
 9 183
 6 184
 7 185
 6 186
 7 187
 3 188
 6 189
 7 190
 6 191
 4 192
 2 193
 1 194
 3 195
 6 196
 3 197
 3 198
 3 199
 1 200
 4 201
 3 202
 0 203
 2 204
 0 205
 1 206
 0 207
 2 208
 0 209
 1 210
 0 211
 2 212
 0 213
 0 214
 0 215
 0 216
 0 217
 0 218
 1 219
 0 220
 0 221
 0 222
 1 223
 0 224
 0 225
 0 226
 2 227
 0 228
 0 229
 0 230
 0 231
 0 232
 0 233
 1 234
 0 235
 0 236
 0 237
 0 238
 0 239
 0 240
 0 241
 0 242
 0 243
 0 244
 0 245
 0 246
 0 247
 0 248
 0 249
 0 250
 0 251
 0 252
 0 253
 0 254
 0 255
 0 256
 0 257
 0 258
 0 259
 0 260
 0 261
 0 262
 0 263
 0 264
 0 265
 0 266
 0 267
 0 268
 0 269
 0 270
 0 271
 0 272
 0 273
 1 274
 0 275
 0 276
 1 277
 0 278
 0 279
 0 280
 0 281
 1 282
 1 283
 0 284
 0 285
 0 286
 0 287
 0 288
 0 289
 0 290
 1 291
 2 292
 1 293
 0 294
 0 295
 0 296
 0 297
 0 298
 3 299
 1 300
 1 301
 1 302
 1 303
 0 304
 1 305
 3 306
 1 307
 0 308
 2 309
 1 310
 0 311
 2 312
 1 313
 1 314
 0 315
 3 316
 3 317
 2 318
 1 319
 1 320
 2 321
 7 322
 5 323
 1 324
 0 325
 1 326
 1 327
 4 328
 4 329
 2 330
 1 331
 5 332
 3 333
 5 334
 0 335
 3 336
 2 337
 4 338
 4 339
 2 340
 2 341
 0 342
 2 343
 2 344
 3 345
 2 346
 1 347
 4 348
 2 349
 0 350
 2 351
 1 352
 5 353
 1 354
 2 355
 0 356
 0 357
 0 358
 1 359
 1 360
 0 361
 0 362
 2 363
 5 364
 0 365
 0 366
 2 367
 0 368
 1 369
 0 370
 0 371
 2 372
 2 373
 1 374
 0 375
 1 376
 0 377
 0 378
 2 379
 0 380
 0 381
 1 382
 0 383
 0 384
 1 385
 0 386
 1 387
 1 388
 0 389
 2 390
 0 391
 0 392
 0 393
 0 394
 0 395
 1 396
 0 397
 1 398
 0 399
 0 400
 0 401
 0 402
 1 403
 0 404
 0 405
 2 406
 0 407
 0 408
 0 409
 0 410
 0 411
 0 412
 0 413
 0 414
 0 415
 0 416
 0 417
 0 418
 0 419
 0 420
 0 421
 0 422
 0 423
 0 424
 0 425
 0 426
 0 427
 0 428
 0 429
 0 430
 0 431
 0 432
 0 433
 0 434
 0 435
 0 436
 0 437
 0 438
 0 439
 0 440
 0 441
 0 442
 0 443
 0 444
 0 445
 0 446
 0 447
 0 448
 0 449
 0 450
 0 451
 0 452
 0 453
 0 454
 0 455
 0 456
 0 457
 0 458
 0 459
 0 460
 0 461
 0 462
 0 463
 0 464
 0 465
 0 466
 0 467
 0 468
 0 469
 0 470
 0 471
 0 472
 0 473
 0 474
 0 475
 0 476
 0 477
 0 478
 0 479
 0 480
 0 481
 0 482
 0 483
 0 484
 0 485
 0 486
 0 487
 0 488
 0 489
 0 490
 0 491
 0 492
 0 493
 0 494
 0 495
 0 496
 0 497
 0 498
 0 499
 0 500
 0 501
 0 502
 0 503
 0 504
 0 505
 0 506
 0 507
 0 508
 0 509
 0 510
 0 511
 0 512
 0 513
 0 514
 0 515
 0 516
 0 517
 0 518
 0 519
 0 520
 0 521
 0 522
 0 523
 0 524
 0 525
 0 526
 0 527
 0 528
 0 529
 0 530
 0 531
 0 532
 0 533
 0 534
 0 535
 0 536
 0 537
 0 538
 0 539
 0 540
 0 541
 0 542
 0 543
 0 544
 0 545
 0 546
 0 547
 0 548
 0 549
 0 550
 0 551
 0 552
 0 553
 0 554
 0 555
 0 556
 0 557
 0 558
 0 559
 0 560
 0 561
 0 562
 0 563
 0 564
 0 565
 0 566
 0 567
 0 568
 0 569
 0 570
 0 571
 0 572
 0 573
 0 574
 0 575
 0 576
 0 577
 0 578
 0 579
 0 580
 0 581
 0 582
 0 583
 0 584
 0 585
 0 586
 0 587
 0 588
 0 589
 0 590
 0 591
 0 592
 0 593
 0 594
 0 595
 0 596
 0 597
 0 598
 0 599
 0 600


