# Created by Octave 3.8.2, Mon Jun 22 03:36:49 2020 CEST <damian@fptrucha.inv.usc.es>
# name: hd
# type: matrix
# rows: 551
# columns: 2
 0 50
 0 51
 0 52
 0 53
 0 54
 0 55
 0 56
 0 57
 0 58
 0 59
 0 60
 0 61
 0 62
 0 63
 0 64
 0 65
 0 66
 0 67
 0 68
 0 69
 0 70
 0 71
 0 72
 0 73
 0 74
 0 75
 0 76
 0 77
 0 78
 0 79
 0 80
 0 81
 0 82
 0 83
 0 84
 0 85
 0 86
 0 87
 0 88
 2 89
 0 90
 10 91
 74 92
 102 93
 160 94
 243 95
 339 96
 575 97
 767 98
 879 99
 1093 100
 1264 101
 1317 102
 1376 103
 1419 104
 1380 105
 1370 106
 1326 107
 1325 108
 1263 109
 1216 110
 1104 111
 1062 112
 1025 113
 910 114
 892 115
 805 116
 748 117
 695 118
 636 119
 558 120
 512 121
 449 122
 426 123
 413 124
 373 125
 337 126
 306 127
 251 128
 250 129
 228 130
 220 131
 202 132
 179 133
 180 134
 175 135
 153 136
 143 137
 137 138
 131 139
 121 140
 89 141
 110 142
 120 143
 88 144
 95 145
 84 146
 92 147
 80 148
 74 149
 61 150
 51 151
 65 152
 61 153
 45 154
 45 155
 51 156
 47 157
 40 158
 41 159
 40 160
 37 161
 42 162
 33 163
 26 164
 26 165
 21 166
 32 167
 25 168
 17 169
 23 170
 16 171
 16 172
 20 173
 19 174
 16 175
 11 176
 10 177
 16 178
 15 179
 8 180
 14 181
 6 182
 10 183
 8 184
 13 185
 7 186
 7 187
 6 188
 8 189
 8 190
 3 191
 4 192
 3 193
 4 194
 5 195
 4 196
 4 197
 1 198
 3 199
 1 200
 0 201
 2 202
 2 203
 1 204
 2 205
 1 206
 0 207
 2 208
 0 209
 1 210
 0 211
 0 212
 1 213
 1 214
 0 215
 2 216
 1 217
 0 218
 0 219
 1 220
 1 221
 0 222
 1 223
 1 224
 0 225
 1 226
 0 227
 0 228
 1 229
 1 230
 1 231
 0 232
 0 233
 0 234
 0 235
 0 236
 0 237
 1 238
 0 239
 0 240
 0 241
 0 242
 0 243
 0 244
 0 245
 0 246
 0 247
 0 248
 0 249
 0 250
 0 251
 0 252
 0 253
 0 254
 0 255
 0 256
 0 257
 0 258
 0 259
 0 260
 0 261
 0 262
 0 263
 0 264
 0 265
 0 266
 0 267
 0 268
 0 269
 0 270
 0 271
 0 272
 0 273
 0 274
 0 275
 0 276
 1 277
 0 278
 0 279
 0 280
 0 281
 1 282
 0 283
 0 284
 0 285
 2 286
 1 287
 1 288
 1 289
 1 290
 0 291
 2 292
 1 293
 0 294
 2 295
 1 296
 1 297
 3 298
 1 299
 3 300
 0 301
 3 302
 2 303
 1 304
 3 305
 0 306
 0 307
 0 308
 1 309
 2 310
 0 311
 3 312
 3 313
 1 314
 2 315
 0 316
 2 317
 2 318
 2 319
 1 320
 0 321
 4 322
 1 323
 4 324
 4 325
 5 326
 1 327
 3 328
 3 329
 1 330
 6 331
 4 332
 1 333
 2 334
 4 335
 3 336
 3 337
 2 338
 0 339
 2 340
 0 341
 2 342
 3 343
 1 344
 3 345
 3 346
 1 347
 2 348
 2 349
 3 350
 2 351
 1 352
 1 353
 1 354
 2 355
 1 356
 2 357
 2 358
 1 359
 1 360
 1 361
 0 362
 1 363
 0 364
 1 365
 0 366
 2 367
 0 368
 3 369
 0 370
 3 371
 0 372
 1 373
 2 374
 0 375
 0 376
 1 377
 0 378
 0 379
 1 380
 1 381
 2 382
 0 383
 0 384
 0 385
 0 386
 0 387
 1 388
 0 389
 0 390
 1 391
 1 392
 0 393
 0 394
 0 395
 0 396
 1 397
 0 398
 0 399
 0 400
 0 401
 0 402
 0 403
 0 404
 0 405
 0 406
 0 407
 0 408
 0 409
 0 410
 1 411
 0 412
 0 413
 0 414
 0 415
 0 416
 0 417
 0 418
 0 419
 0 420
 0 421
 0 422
 0 423
 0 424
 0 425
 0 426
 0 427
 0 428
 0 429
 0 430
 0 431
 0 432
 0 433
 0 434
 0 435
 0 436
 0 437
 0 438
 0 439
 0 440
 0 441
 0 442
 0 443
 0 444
 0 445
 0 446
 0 447
 0 448
 0 449
 0 450
 0 451
 0 452
 0 453
 0 454
 0 455
 0 456
 0 457
 0 458
 0 459
 0 460
 0 461
 0 462
 0 463
 0 464
 0 465
 0 466
 0 467
 0 468
 0 469
 0 470
 0 471
 0 472
 0 473
 0 474
 0 475
 0 476
 0 477
 0 478
 0 479
 0 480
 0 481
 0 482
 0 483
 0 484
 0 485
 0 486
 0 487
 0 488
 0 489
 0 490
 0 491
 0 492
 0 493
 0 494
 0 495
 0 496
 0 497
 0 498
 0 499
 0 500
 0 501
 0 502
 0 503
 0 504
 0 505
 0 506
 0 507
 0 508
 0 509
 0 510
 0 511
 0 512
 0 513
 0 514
 0 515
 0 516
 0 517
 0 518
 0 519
 0 520
 0 521
 0 522
 0 523
 0 524
 0 525
 0 526
 0 527
 0 528
 0 529
 0 530
 0 531
 0 532
 0 533
 0 534
 0 535
 0 536
 0 537
 0 538
 0 539
 0 540
 0 541
 0 542
 0 543
 0 544
 0 545
 0 546
 0 547
 0 548
 0 549
 0 550
 0 551
 0 552
 0 553
 0 554
 0 555
 0 556
 0 557
 0 558
 0 559
 0 560
 0 561
 0 562
 0 563
 0 564
 0 565
 0 566
 0 567
 0 568
 0 569
 0 570
 0 571
 0 572
 0 573
 0 574
 0 575
 0 576
 0 577
 0 578
 0 579
 0 580
 0 581
 0 582
 0 583
 0 584
 0 585
 0 586
 0 587
 0 588
 0 589
 0 590
 0 591
 0 592
 0 593
 0 594
 0 595
 0 596
 0 597
 0 598
 0 599
 0 600


