# Created by Octave 3.8.2, Mon Jun 22 03:48:19 2020 CEST <damian@fptrucha.inv.usc.es>
# name: hd
# type: matrix
# rows: 551
# columns: 2
 0 50
 0 51
 0 52
 0 53
 0 54
 0 55
 0 56
 0 57
 0 58
 0 59
 0 60
 0 61
 0 62
 0 63
 0 64
 0 65
 0 66
 0 67
 0 68
 0 69
 0 70
 0 71
 0 72
 0 73
 0 74
 0 75
 0 76
 0 77
 0 78
 0 79
 0 80
 0 81
 0 82
 0 83
 0 84
 0 85
 0 86
 1 87
 1 88
 2 89
 1 90
 20 91
 69 92
 126 93
 168 94
 259 95
 415 96
 596 97
 786 98
 998 99
 1155 100
 1370 101
 1444 102
 1435 103
 1454 104
 1425 105
 1477 106
 1415 107
 1347 108
 1412 109
 1233 110
 1169 111
 1082 112
 1020 113
 1001 114
 821 115
 809 116
 717 117
 641 118
 581 119
 567 120
 517 121
 440 122
 397 123
 375 124
 348 125
 306 126
 272 127
 292 128
 217 129
 215 130
 229 131
 182 132
 188 133
 147 134
 146 135
 137 136
 130 137
 119 138
 114 139
 110 140
 97 141
 97 142
 90 143
 88 144
 74 145
 52 146
 56 147
 55 148
 59 149
 65 150
 65 151
 55 152
 49 153
 45 154
 44 155
 37 156
 45 157
 32 158
 30 159
 30 160
 33 161
 36 162
 27 163
 21 164
 24 165
 19 166
 15 167
 23 168
 20 169
 17 170
 17 171
 14 172
 14 173
 13 174
 13 175
 14 176
 11 177
 13 178
 10 179
 8 180
 10 181
 6 182
 11 183
 7 184
 9 185
 1 186
 5 187
 1 188
 6 189
 6 190
 4 191
 2 192
 5 193
 2 194
 3 195
 9 196
 0 197
 2 198
 3 199
 5 200
 1 201
 3 202
 1 203
 1 204
 3 205
 2 206
 0 207
 1 208
 1 209
 1 210
 0 211
 2 212
 0 213
 0 214
 1 215
 0 216
 0 217
 0 218
 0 219
 1 220
 0 221
 0 222
 0 223
 0 224
 0 225
 1 226
 0 227
 0 228
 0 229
 0 230
 0 231
 0 232
 2 233
 0 234
 0 235
 0 236
 0 237
 0 238
 0 239
 0 240
 0 241
 0 242
 0 243
 0 244
 0 245
 0 246
 0 247
 0 248
 0 249
 0 250
 0 251
 0 252
 0 253
 0 254
 0 255
 0 256
 0 257
 0 258
 0 259
 0 260
 0 261
 0 262
 0 263
 0 264
 0 265
 0 266
 0 267
 0 268
 0 269
 0 270
 0 271
 0 272
 0 273
 0 274
 0 275
 0 276
 0 277
 0 278
 0 279
 0 280
 0 281
 1 282
 1 283
 0 284
 1 285
 1 286
 0 287
 1 288
 2 289
 0 290
 3 291
 0 292
 0 293
 2 294
 1 295
 3 296
 1 297
 1 298
 2 299
 3 300
 1 301
 3 302
 1 303
 1 304
 1 305
 3 306
 4 307
 2 308
 2 309
 2 310
 1 311
 2 312
 1 313
 1 314
 0 315
 4 316
 3 317
 2 318
 2 319
 1 320
 0 321
 2 322
 4 323
 3 324
 3 325
 0 326
 3 327
 4 328
 4 329
 0 330
 1 331
 1 332
 2 333
 1 334
 1 335
 2 336
 2 337
 0 338
 3 339
 2 340
 5 341
 2 342
 6 343
 2 344
 0 345
 1 346
 2 347
 0 348
 1 349
 2 350
 1 351
 1 352
 3 353
 1 354
 0 355
 1 356
 1 357
 2 358
 1 359
 2 360
 3 361
 2 362
 1 363
 1 364
 3 365
 1 366
 0 367
 2 368
 1 369
 0 370
 0 371
 0 372
 1 373
 1 374
 2 375
 0 376
 0 377
 1 378
 0 379
 3 380
 0 381
 1 382
 1 383
 0 384
 0 385
 1 386
 0 387
 0 388
 1 389
 0 390
 0 391
 0 392
 1 393
 0 394
 0 395
 1 396
 0 397
 0 398
 0 399
 0 400
 0 401
 0 402
 0 403
 0 404
 0 405
 2 406
 0 407
 0 408
 0 409
 0 410
 0 411
 0 412
 0 413
 0 414
 0 415
 0 416
 0 417
 0 418
 0 419
 0 420
 0 421
 0 422
 0 423
 0 424
 0 425
 0 426
 0 427
 0 428
 0 429
 0 430
 0 431
 0 432
 0 433
 0 434
 0 435
 0 436
 0 437
 0 438
 0 439
 0 440
 0 441
 0 442
 0 443
 0 444
 0 445
 0 446
 0 447
 0 448
 0 449
 0 450
 0 451
 0 452
 0 453
 0 454
 0 455
 0 456
 0 457
 0 458
 0 459
 0 460
 0 461
 0 462
 0 463
 0 464
 0 465
 0 466
 0 467
 0 468
 0 469
 0 470
 0 471
 0 472
 0 473
 0 474
 0 475
 0 476
 0 477
 0 478
 0 479
 0 480
 0 481
 0 482
 0 483
 0 484
 0 485
 0 486
 0 487
 0 488
 0 489
 0 490
 0 491
 0 492
 0 493
 0 494
 0 495
 0 496
 0 497
 0 498
 0 499
 0 500
 0 501
 0 502
 0 503
 0 504
 0 505
 0 506
 0 507
 0 508
 0 509
 0 510
 0 511
 0 512
 0 513
 0 514
 0 515
 0 516
 0 517
 0 518
 0 519
 0 520
 0 521
 0 522
 0 523
 0 524
 0 525
 0 526
 0 527
 0 528
 0 529
 0 530
 0 531
 0 532
 0 533
 0 534
 0 535
 0 536
 0 537
 0 538
 0 539
 0 540
 0 541
 0 542
 0 543
 0 544
 0 545
 0 546
 0 547
 0 548
 0 549
 0 550
 0 551
 0 552
 0 553
 0 554
 0 555
 0 556
 0 557
 0 558
 0 559
 0 560
 0 561
 0 562
 0 563
 0 564
 0 565
 0 566
 0 567
 0 568
 0 569
 0 570
 0 571
 0 572
 0 573
 0 574
 0 575
 0 576
 0 577
 0 578
 0 579
 0 580
 0 581
 0 582
 0 583
 0 584
 0 585
 0 586
 0 587
 0 588
 0 589
 0 590
 0 591
 0 592
 0 593
 0 594
 0 595
 0 596
 0 597
 0 598
 0 599
 0 600


