# Created by Octave 3.8.2, Sun Jun 21 00:27:47 2020 CEST <damian@fptrucha.inv.usc.es>
# name: hd
# type: matrix
# rows: 551
# columns: 2
 0 50
 0 51
 0 52
 0 53
 0 54
 0 55
 0 56
 0 57
 0 58
 0 59
 0 60
 0 61
 0 62
 0 63
 0 64
 0 65
 0 66
 0 67
 0 68
 0 69
 0 70
 0 71
 0 72
 0 73
 0 74
 0 75
 0 76
 0 77
 0 78
 0 79
 0 80
 0 81
 0 82
 0 83
 0 84
 0 85
 0 86
 1 87
 1 88
 4 89
 3 90
 28 91
 93 92
 112 93
 192 94
 250 95
 381 96
 551 97
 746 98
 838 99
 949 100
 1085 101
 1134 102
 1171 103
 1204 104
 1332 105
 1262 106
 1317 107
 1287 108
 1250 109
 1211 110
 1161 111
 1137 112
 1117 113
 1016 114
 976 115
 914 116
 828 117
 849 118
 687 119
 689 120
 644 121
 620 122
 579 123
 514 124
 466 125
 396 126
 384 127
 368 128
 302 129
 304 130
 231 131
 296 132
 257 133
 228 134
 205 135
 170 136
 169 137
 157 138
 156 139
 149 140
 125 141
 124 142
 111 143
 101 144
 106 145
 85 146
 75 147
 66 148
 74 149
 64 150
 69 151
 63 152
 50 153
 44 154
 59 155
 44 156
 56 157
 54 158
 38 159
 42 160
 25 161
 28 162
 23 163
 25 164
 22 165
 20 166
 23 167
 21 168
 21 169
 15 170
 18 171
 22 172
 20 173
 15 174
 14 175
 10 176
 14 177
 5 178
 8 179
 8 180
 5 181
 10 182
 12 183
 5 184
 6 185
 6 186
 4 187
 4 188
 1 189
 7 190
 4 191
 8 192
 5 193
 4 194
 5 195
 1 196
 1 197
 5 198
 2 199
 1 200
 1 201
 0 202
 0 203
 0 204
 1 205
 0 206
 1 207
 0 208
 1 209
 0 210
 1 211
 0 212
 0 213
 2 214
 0 215
 1 216
 1 217
 1 218
 1 219
 0 220
 0 221
 0 222
 0 223
 0 224
 0 225
 0 226
 0 227
 0 228
 0 229
 0 230
 0 231
 0 232
 0 233
 0 234
 0 235
 0 236
 0 237
 0 238
 1 239
 0 240
 1 241
 0 242
 0 243
 0 244
 0 245
 0 246
 0 247
 0 248
 1 249
 0 250
 0 251
 0 252
 0 253
 0 254
 0 255
 0 256
 0 257
 0 258
 0 259
 0 260
 0 261
 0 262
 0 263
 0 264
 0 265
 0 266
 0 267
 0 268
 0 269
 0 270
 0 271
 1 272
 0 273
 0 274
 0 275
 0 276
 0 277
 0 278
 0 279
 0 280
 0 281
 0 282
 0 283
 0 284
 0 285
 0 286
 0 287
 0 288
 0 289
 0 290
 0 291
 0 292
 1 293
 1 294
 0 295
 0 296
 2 297
 0 298
 3 299
 1 300
 0 301
 2 302
 0 303
 0 304
 1 305
 1 306
 1 307
 1 308
 2 309
 1 310
 0 311
 0 312
 1 313
 1 314
 9 315
 0 316
 0 317
 1 318
 2 319
 1 320
 2 321
 0 322
 0 323
 3 324
 3 325
 3 326
 3 327
 2 328
 5 329
 4 330
 3 331
 0 332
 0 333
 0 334
 3 335
 1 336
 2 337
 1 338
 0 339
 1 340
 0 341
 1 342
 4 343
 4 344
 5 345
 5 346
 2 347
 1 348
 4 349
 1 350
 4 351
 0 352
 1 353
 4 354
 4 355
 3 356
 1 357
 2 358
 1 359
 0 360
 2 361
 1 362
 1 363
 3 364
 2 365
 1 366
 0 367
 2 368
 0 369
 0 370
 0 371
 1 372
 6 373
 0 374
 1 375
 1 376
 2 377
 2 378
 1 379
 0 380
 2 381
 0 382
 0 383
 0 384
 0 385
 0 386
 0 387
 0 388
 0 389
 1 390
 0 391
 0 392
 0 393
 1 394
 0 395
 0 396
 0 397
 0 398
 0 399
 1 400
 0 401
 0 402
 0 403
 0 404
 0 405
 0 406
 1 407
 1 408
 1 409
 0 410
 0 411
 0 412
 0 413
 0 414
 0 415
 0 416
 0 417
 0 418
 1 419
 0 420
 0 421
 0 422
 0 423
 1 424
 0 425
 0 426
 0 427
 0 428
 0 429
 0 430
 0 431
 0 432
 0 433
 0 434
 0 435
 0 436
 0 437
 0 438
 0 439
 0 440
 0 441
 0 442
 0 443
 0 444
 0 445
 0 446
 0 447
 0 448
 0 449
 0 450
 0 451
 0 452
 0 453
 0 454
 0 455
 0 456
 0 457
 0 458
 0 459
 0 460
 0 461
 0 462
 0 463
 0 464
 0 465
 0 466
 0 467
 0 468
 0 469
 0 470
 0 471
 0 472
 0 473
 0 474
 0 475
 0 476
 0 477
 0 478
 0 479
 0 480
 0 481
 0 482
 0 483
 0 484
 0 485
 0 486
 0 487
 0 488
 0 489
 0 490
 0 491
 0 492
 0 493
 0 494
 0 495
 0 496
 0 497
 0 498
 0 499
 0 500
 0 501
 0 502
 0 503
 0 504
 0 505
 0 506
 0 507
 0 508
 0 509
 0 510
 0 511
 0 512
 0 513
 0 514
 0 515
 0 516
 0 517
 0 518
 0 519
 0 520
 0 521
 0 522
 0 523
 0 524
 0 525
 0 526
 0 527
 0 528
 0 529
 0 530
 0 531
 0 532
 0 533
 0 534
 0 535
 0 536
 0 537
 0 538
 0 539
 0 540
 0 541
 0 542
 0 543
 0 544
 0 545
 0 546
 0 547
 0 548
 0 549
 0 550
 0 551
 0 552
 0 553
 0 554
 0 555
 0 556
 0 557
 0 558
 0 559
 0 560
 0 561
 0 562
 0 563
 0 564
 0 565
 0 566
 0 567
 0 568
 0 569
 0 570
 0 571
 0 572
 0 573
 0 574
 0 575
 0 576
 0 577
 0 578
 0 579
 0 580
 0 581
 0 582
 0 583
 0 584
 0 585
 0 586
 0 587
 0 588
 0 589
 0 590
 0 591
 0 592
 0 593
 0 594
 0 595
 0 596
 0 597
 0 598
 0 599
 0 600


