# Created by Octave 3.8.2, Sat Jun 20 10:38:49 2020 CEST <damian@fptrucha.inv.usc.es>
# name: hd
# type: matrix
# rows: 551
# columns: 2
 0 50
 0 51
 0 52
 0 53
 0 54
 0 55
 0 56
 0 57
 0 58
 0 59
 0 60
 0 61
 0 62
 0 63
 0 64
 0 65
 0 66
 0 67
 0 68
 0 69
 0 70
 0 71
 0 72
 0 73
 0 74
 0 75
 0 76
 0 77
 0 78
 0 79
 0 80
 0 81
 0 82
 0 83
 0 84
 0 85
 0 86
 1 87
 0 88
 2 89
 6 90
 35 91
 91 92
 120 93
 182 94
 295 95
 473 96
 694 97
 874 98
 1103 99
 1184 100
 1320 101
 1408 102
 1446 103
 1513 104
 1542 105
 1614 106
 1580 107
 1444 108
 1427 109
 1428 110
 1381 111
 1262 112
 1207 113
 1144 114
 1116 115
 972 116
 889 117
 879 118
 820 119
 745 120
 738 121
 658 122
 575 123
 560 124
 482 125
 460 126
 399 127
 360 128
 367 129
 322 130
 279 131
 260 132
 267 133
 215 134
 226 135
 174 136
 174 137
 163 138
 178 139
 137 140
 156 141
 117 142
 132 143
 89 144
 112 145
 90 146
 68 147
 81 148
 82 149
 71 150
 71 151
 64 152
 58 153
 52 154
 54 155
 41 156
 43 157
 42 158
 40 159
 38 160
 46 161
 36 162
 20 163
 29 164
 23 165
 20 166
 19 167
 20 168
 19 169
 23 170
 10 171
 25 172
 23 173
 12 174
 15 175
 11 176
 13 177
 10 178
 11 179
 4 180
 8 181
 11 182
 2 183
 5 184
 11 185
 5 186
 5 187
 7 188
 4 189
 2 190
 4 191
 0 192
 4 193
 2 194
 6 195
 3 196
 2 197
 2 198
 1 199
 6 200
 3 201
 3 202
 1 203
 0 204
 1 205
 0 206
 2 207
 1 208
 0 209
 0 210
 1 211
 3 212
 0 213
 0 214
 1 215
 0 216
 1 217
 0 218
 0 219
 0 220
 0 221
 0 222
 0 223
 0 224
 0 225
 0 226
 0 227
 0 228
 0 229
 0 230
 0 231
 0 232
 0 233
 0 234
 1 235
 0 236
 0 237
 0 238
 0 239
 0 240
 0 241
 0 242
 0 243
 0 244
 0 245
 1 246
 0 247
 0 248
 0 249
 0 250
 0 251
 0 252
 0 253
 0 254
 0 255
 0 256
 0 257
 0 258
 0 259
 0 260
 0 261
 0 262
 0 263
 0 264
 0 265
 0 266
 0 267
 0 268
 0 269
 0 270
 0 271
 0 272
 0 273
 0 274
 0 275
 0 276
 0 277
 1 278
 0 279
 0 280
 0 281
 0 282
 0 283
 1 284
 0 285
 0 286
 0 287
 1 288
 1 289
 0 290
 0 291
 0 292
 0 293
 1 294
 0 295
 0 296
 0 297
 0 298
 0 299
 1 300
 1 301
 1 302
 0 303
 1 304
 0 305
 0 306
 0 307
 1 308
 2 309
 4 310
 4 311
 2 312
 2 313
 2 314
 1 315
 1 316
 7 317
 3 318
 3 319
 1 320
 2 321
 3 322
 0 323
 4 324
 3 325
 4 326
 6 327
 1 328
 2 329
 1 330
 3 331
 1 332
 4 333
 0 334
 6 335
 1 336
 2 337
 3 338
 2 339
 2 340
 3 341
 1 342
 3 343
 2 344
 1 345
 2 346
 2 347
 5 348
 2 349
 2 350
 3 351
 2 352
 2 353
 1 354
 1 355
 1 356
 2 357
 3 358
 1 359
 4 360
 2 361
 1 362
 0 363
 1 364
 1 365
 1 366
 0 367
 0 368
 3 369
 0 370
 1 371
 2 372
 0 373
 1 374
 0 375
 0 376
 0 377
 0 378
 0 379
 0 380
 0 381
 0 382
 1 383
 0 384
 0 385
 0 386
 2 387
 0 388
 0 389
 0 390
 0 391
 0 392
 0 393
 0 394
 0 395
 0 396
 0 397
 0 398
 0 399
 0 400
 0 401
 0 402
 0 403
 0 404
 0 405
 0 406
 0 407
 0 408
 0 409
 0 410
 0 411
 0 412
 0 413
 0 414
 0 415
 0 416
 0 417
 0 418
 1 419
 0 420
 0 421
 0 422
 0 423
 0 424
 0 425
 0 426
 0 427
 0 428
 0 429
 0 430
 0 431
 0 432
 0 433
 0 434
 0 435
 0 436
 0 437
 0 438
 0 439
 0 440
 0 441
 0 442
 0 443
 0 444
 1 445
 0 446
 0 447
 0 448
 0 449
 0 450
 0 451
 0 452
 0 453
 0 454
 0 455
 0 456
 0 457
 0 458
 0 459
 0 460
 0 461
 0 462
 0 463
 0 464
 0 465
 0 466
 0 467
 0 468
 0 469
 0 470
 0 471
 0 472
 0 473
 0 474
 0 475
 0 476
 0 477
 0 478
 0 479
 0 480
 0 481
 0 482
 0 483
 0 484
 0 485
 0 486
 0 487
 0 488
 0 489
 0 490
 0 491
 0 492
 0 493
 0 494
 0 495
 0 496
 0 497
 0 498
 0 499
 0 500
 0 501
 0 502
 0 503
 0 504
 0 505
 0 506
 0 507
 0 508
 0 509
 0 510
 0 511
 0 512
 0 513
 0 514
 0 515
 0 516
 0 517
 0 518
 0 519
 0 520
 0 521
 0 522
 0 523
 0 524
 0 525
 0 526
 0 527
 0 528
 0 529
 0 530
 0 531
 0 532
 0 533
 0 534
 0 535
 0 536
 0 537
 0 538
 0 539
 0 540
 0 541
 0 542
 0 543
 0 544
 0 545
 0 546
 0 547
 0 548
 0 549
 0 550
 0 551
 0 552
 0 553
 0 554
 0 555
 0 556
 0 557
 0 558
 0 559
 0 560
 0 561
 0 562
 0 563
 0 564
 0 565
 0 566
 0 567
 0 568
 0 569
 0 570
 0 571
 0 572
 0 573
 0 574
 0 575
 0 576
 0 577
 0 578
 0 579
 0 580
 0 581
 0 582
 0 583
 0 584
 0 585
 0 586
 0 587
 0 588
 0 589
 0 590
 0 591
 0 592
 0 593
 0 594
 0 595
 0 596
 0 597
 0 598
 0 599
 0 600


