# Created by Octave 3.8.2, Sat Jun 20 10:03:16 2020 CEST <damian@fptrucha.inv.usc.es>
# name: hd
# type: matrix
# rows: 551
# columns: 2
 0 50
 0 51
 0 52
 0 53
 0 54
 0 55
 0 56
 0 57
 0 58
 0 59
 0 60
 0 61
 0 62
 0 63
 0 64
 0 65
 0 66
 0 67
 0 68
 0 69
 0 70
 0 71
 0 72
 0 73
 0 74
 0 75
 0 76
 0 77
 0 78
 0 79
 0 80
 0 81
 0 82
 0 83
 0 84
 0 85
 0 86
 0 87
 2 88
 4 89
 7 90
 35 91
 117 92
 159 93
 192 94
 353 95
 486 96
 745 97
 894 98
 1043 99
 1296 100
 1347 101
 1431 102
 1501 103
 1598 104
 1640 105
 1508 106
 1583 107
 1551 108
 1556 109
 1440 110
 1391 111
 1337 112
 1172 113
 1148 114
 1137 115
 1006 116
 974 117
 850 118
 781 119
 708 120
 667 121
 588 122
 591 123
 473 124
 471 125
 462 126
 391 127
 364 128
 313 129
 293 130
 259 131
 249 132
 211 133
 207 134
 191 135
 182 136
 168 137
 170 138
 157 139
 148 140
 116 141
 119 142
 105 143
 115 144
 89 145
 82 146
 75 147
 61 148
 65 149
 59 150
 60 151
 73 152
 56 153
 51 154
 40 155
 47 156
 49 157
 48 158
 32 159
 31 160
 31 161
 38 162
 25 163
 25 164
 28 165
 23 166
 21 167
 27 168
 19 169
 14 170
 19 171
 14 172
 14 173
 9 174
 4 175
 12 176
 11 177
 13 178
 13 179
 8 180
 7 181
 9 182
 7 183
 3 184
 4 185
 7 186
 2 187
 3 188
 4 189
 3 190
 7 191
 2 192
 1 193
 1 194
 3 195
 4 196
 4 197
 0 198
 1 199
 0 200
 0 201
 2 202
 2 203
 1 204
 3 205
 1 206
 2 207
 0 208
 2 209
 0 210
 0 211
 1 212
 1 213
 1 214
 0 215
 0 216
 1 217
 1 218
 0 219
 1 220
 1 221
 0 222
 0 223
 0 224
 1 225
 0 226
 0 227
 0 228
 0 229
 0 230
 0 231
 0 232
 0 233
 0 234
 0 235
 1 236
 0 237
 1 238
 0 239
 0 240
 0 241
 0 242
 0 243
 0 244
 0 245
 0 246
 0 247
 0 248
 0 249
 1 250
 0 251
 0 252
 1 253
 0 254
 0 255
 0 256
 0 257
 0 258
 0 259
 0 260
 0 261
 0 262
 0 263
 0 264
 0 265
 0 266
 0 267
 0 268
 0 269
 0 270
 0 271
 0 272
 0 273
 0 274
 0 275
 0 276
 0 277
 0 278
 0 279
 0 280
 0 281
 0 282
 0 283
 0 284
 1 285
 0 286
 0 287
 0 288
 0 289
 0 290
 0 291
 0 292
 0 293
 1 294
 1 295
 0 296
 1 297
 1 298
 1 299
 1 300
 2 301
 1 302
 1 303
 1 304
 1 305
 0 306
 1 307
 2 308
 2 309
 1 310
 1 311
 2 312
 0 313
 2 314
 6 315
 0 316
 0 317
 3 318
 1 319
 3 320
 4 321
 3 322
 4 323
 2 324
 1 325
 2 326
 3 327
 3 328
 2 329
 2 330
 2 331
 2 332
 1 333
 1 334
 3 335
 1 336
 2 337
 0 338
 3 339
 1 340
 2 341
 0 342
 2 343
 0 344
 1 345
 0 346
 1 347
 0 348
 1 349
 1 350
 3 351
 1 352
 1 353
 2 354
 0 355
 1 356
 3 357
 1 358
 0 359
 1 360
 3 361
 0 362
 0 363
 0 364
 0 365
 0 366
 3 367
 1 368
 1 369
 1 370
 2 371
 1 372
 4 373
 0 374
 2 375
 0 376
 0 377
 3 378
 2 379
 0 380
 0 381
 0 382
 2 383
 1 384
 1 385
 0 386
 0 387
 0 388
 0 389
 1 390
 1 391
 0 392
 0 393
 0 394
 0 395
 2 396
 0 397
 0 398
 0 399
 0 400
 0 401
 0 402
 0 403
 0 404
 1 405
 1 406
 0 407
 1 408
 0 409
 0 410
 0 411
 0 412
 0 413
 2 414
 0 415
 0 416
 0 417
 0 418
 0 419
 0 420
 0 421
 0 422
 0 423
 0 424
 0 425
 0 426
 0 427
 0 428
 0 429
 0 430
 0 431
 0 432
 0 433
 0 434
 0 435
 0 436
 0 437
 0 438
 0 439
 0 440
 0 441
 0 442
 0 443
 0 444
 0 445
 0 446
 0 447
 0 448
 0 449
 0 450
 0 451
 0 452
 0 453
 0 454
 0 455
 0 456
 0 457
 0 458
 0 459
 0 460
 0 461
 0 462
 0 463
 0 464
 0 465
 0 466
 0 467
 0 468
 0 469
 0 470
 0 471
 0 472
 0 473
 0 474
 0 475
 0 476
 0 477
 0 478
 0 479
 0 480
 0 481
 0 482
 0 483
 0 484
 0 485
 0 486
 0 487
 0 488
 0 489
 0 490
 0 491
 0 492
 0 493
 0 494
 0 495
 0 496
 0 497
 0 498
 0 499
 0 500
 0 501
 0 502
 0 503
 0 504
 0 505
 0 506
 0 507
 0 508
 0 509
 0 510
 0 511
 0 512
 0 513
 0 514
 0 515
 0 516
 0 517
 0 518
 0 519
 0 520
 0 521
 0 522
 0 523
 0 524
 0 525
 0 526
 0 527
 0 528
 0 529
 0 530
 0 531
 0 532
 0 533
 0 534
 0 535
 0 536
 0 537
 0 538
 0 539
 0 540
 0 541
 0 542
 0 543
 0 544
 0 545
 0 546
 0 547
 0 548
 0 549
 0 550
 0 551
 0 552
 0 553
 0 554
 0 555
 0 556
 0 557
 0 558
 0 559
 0 560
 0 561
 0 562
 0 563
 0 564
 0 565
 0 566
 0 567
 0 568
 0 569
 0 570
 0 571
 0 572
 0 573
 0 574
 0 575
 0 576
 0 577
 0 578
 0 579
 0 580
 0 581
 0 582
 0 583
 0 584
 0 585
 0 586
 0 587
 0 588
 0 589
 0 590
 0 591
 0 592
 0 593
 0 594
 0 595
 0 596
 0 597
 0 598
 0 599
 0 600


