# Created by Octave 3.8.2, Mon Jun 22 16:27:46 2020 CEST <damian@fptrucha.inv.usc.es>
# name: hd
# type: matrix
# rows: 551
# columns: 2
 0 50
 0 51
 0 52
 0 53
 0 54
 0 55
 0 56
 0 57
 0 58
 0 59
 0 60
 0 61
 0 62
 0 63
 0 64
 0 65
 0 66
 0 67
 0 68
 0 69
 0 70
 0 71
 0 72
 0 73
 0 74
 0 75
 0 76
 0 77
 0 78
 0 79
 0 80
 0 81
 0 82
 0 83
 0 84
 0 85
 0 86
 0 87
 1 88
 2 89
 4 90
 30 91
 91 92
 118 93
 154 94
 267 95
 457 96
 607 97
 875 98
 1086 99
 1291 100
 1370 101
 1458 102
 1544 103
 1577 104
 1579 105
 1558 106
 1616 107
 1501 108
 1458 109
 1318 110
 1277 111
 1128 112
 1063 113
 1028 114
 983 115
 862 116
 842 117
 732 118
 656 119
 651 120
 553 121
 487 122
 411 123
 445 124
 375 125
 344 126
 318 127
 282 128
 250 129
 251 130
 208 131
 217 132
 187 133
 169 134
 154 135
 156 136
 144 137
 139 138
 109 139
 107 140
 117 141
 97 142
 89 143
 79 144
 80 145
 73 146
 70 147
 64 148
 76 149
 72 150
 48 151
 56 152
 60 153
 56 154
 42 155
 47 156
 44 157
 45 158
 35 159
 38 160
 28 161
 33 162
 25 163
 33 164
 26 165
 25 166
 23 167
 25 168
 13 169
 21 170
 13 171
 15 172
 12 173
 15 174
 21 175
 21 176
 13 177
 4 178
 12 179
 9 180
 6 181
 7 182
 7 183
 10 184
 12 185
 7 186
 8 187
 1 188
 5 189
 2 190
 7 191
 5 192
 3 193
 6 194
 1 195
 2 196
 5 197
 2 198
 2 199
 2 200
 1 201
 1 202
 7 203
 2 204
 4 205
 0 206
 2 207
 2 208
 2 209
 1 210
 0 211
 2 212
 1 213
 1 214
 1 215
 1 216
 2 217
 0 218
 0 219
 0 220
 0 221
 0 222
 0 223
 1 224
 0 225
 0 226
 0 227
 1 228
 0 229
 0 230
 0 231
 0 232
 0 233
 0 234
 0 235
 0 236
 0 237
 0 238
 0 239
 0 240
 0 241
 0 242
 0 243
 0 244
 0 245
 0 246
 1 247
 0 248
 0 249
 0 250
 0 251
 0 252
 0 253
 0 254
 0 255
 0 256
 0 257
 0 258
 0 259
 0 260
 0 261
 0 262
 0 263
 0 264
 0 265
 1 266
 0 267
 0 268
 1 269
 0 270
 0 271
 0 272
 0 273
 0 274
 0 275
 0 276
 0 277
 1 278
 0 279
 0 280
 0 281
 1 282
 0 283
 0 284
 0 285
 1 286
 2 287
 3 288
 0 289
 1 290
 1 291
 0 292
 0 293
 0 294
 0 295
 3 296
 1 297
 2 298
 2 299
 3 300
 1 301
 3 302
 1 303
 2 304
 4 305
 2 306
 1 307
 0 308
 1 309
 2 310
 2 311
 5 312
 1 313
 3 314
 5 315
 0 316
 3 317
 2 318
 2 319
 2 320
 3 321
 2 322
 4 323
 5 324
 2 325
 3 326
 2 327
 5 328
 3 329
 0 330
 4 331
 2 332
 3 333
 2 334
 3 335
 1 336
 0 337
 1 338
 0 339
 0 340
 2 341
 0 342
 0 343
 1 344
 4 345
 1 346
 4 347
 6 348
 0 349
 0 350
 2 351
 1 352
 2 353
 0 354
 0 355
 2 356
 5 357
 1 358
 1 359
 1 360
 1 361
 2 362
 1 363
 0 364
 3 365
 1 366
 0 367
 1 368
 0 369
 2 370
 0 371
 0 372
 1 373
 1 374
 2 375
 1 376
 1 377
 0 378
 2 379
 0 380
 0 381
 1 382
 0 383
 2 384
 0 385
 3 386
 0 387
 1 388
 1 389
 0 390
 0 391
 0 392
 0 393
 0 394
 1 395
 0 396
 0 397
 0 398
 0 399
 0 400
 0 401
 0 402
 0 403
 0 404
 0 405
 0 406
 0 407
 0 408
 0 409
 0 410
 0 411
 0 412
 0 413
 0 414
 0 415
 0 416
 0 417
 0 418
 0 419
 0 420
 0 421
 0 422
 0 423
 0 424
 0 425
 0 426
 0 427
 0 428
 0 429
 0 430
 0 431
 0 432
 0 433
 0 434
 0 435
 0 436
 0 437
 0 438
 0 439
 0 440
 0 441
 0 442
 0 443
 0 444
 0 445
 0 446
 0 447
 0 448
 0 449
 0 450
 0 451
 0 452
 0 453
 0 454
 0 455
 0 456
 0 457
 0 458
 0 459
 0 460
 0 461
 0 462
 0 463
 0 464
 0 465
 0 466
 0 467
 0 468
 0 469
 0 470
 0 471
 0 472
 0 473
 0 474
 0 475
 0 476
 0 477
 0 478
 0 479
 0 480
 0 481
 0 482
 0 483
 0 484
 0 485
 0 486
 0 487
 0 488
 0 489
 0 490
 0 491
 0 492
 0 493
 0 494
 0 495
 0 496
 0 497
 0 498
 0 499
 0 500
 0 501
 0 502
 0 503
 0 504
 0 505
 0 506
 0 507
 0 508
 0 509
 0 510
 0 511
 0 512
 0 513
 0 514
 0 515
 0 516
 0 517
 0 518
 0 519
 0 520
 0 521
 0 522
 0 523
 0 524
 0 525
 0 526
 0 527
 0 528
 0 529
 0 530
 0 531
 0 532
 0 533
 0 534
 0 535
 0 536
 0 537
 0 538
 0 539
 0 540
 0 541
 0 542
 0 543
 0 544
 0 545
 0 546
 0 547
 0 548
 0 549
 0 550
 0 551
 0 552
 0 553
 0 554
 0 555
 0 556
 0 557
 0 558
 0 559
 0 560
 0 561
 0 562
 0 563
 0 564
 0 565
 0 566
 0 567
 0 568
 0 569
 0 570
 0 571
 0 572
 0 573
 0 574
 0 575
 0 576
 0 577
 0 578
 0 579
 0 580
 0 581
 0 582
 0 583
 0 584
 0 585
 0 586
 0 587
 0 588
 0 589
 0 590
 0 591
 0 592
 0 593
 0 594
 0 595
 0 596
 0 597
 0 598
 0 599
 0 600


