# Created by Octave 3.8.2, Mon Jun 22 09:42:18 2020 CEST <damian@fptrucha.inv.usc.es>
# name: hd
# type: matrix
# rows: 551
# columns: 2
 0 50
 0 51
 0 52
 0 53
 0 54
 0 55
 0 56
 0 57
 0 58
 0 59
 0 60
 0 61
 0 62
 0 63
 0 64
 0 65
 0 66
 0 67
 0 68
 0 69
 0 70
 0 71
 0 72
 0 73
 0 74
 0 75
 0 76
 0 77
 0 78
 0 79
 0 80
 0 81
 0 82
 0 83
 0 84
 0 85
 0 86
 0 87
 0 88
 2 89
 3 90
 12 91
 68 92
 119 93
 165 94
 242 95
 386 96
 608 97
 820 98
 984 99
 1135 100
 1341 101
 1349 102
 1484 103
 1440 104
 1492 105
 1533 106
 1483 107
 1426 108
 1295 109
 1271 110
 1165 111
 1150 112
 1067 113
 986 114
 947 115
 857 116
 767 117
 740 118
 653 119
 606 120
 521 121
 460 122
 463 123
 437 124
 358 125
 324 126
 288 127
 300 128
 293 129
 258 130
 228 131
 173 132
 180 133
 144 134
 174 135
 153 136
 140 137
 113 138
 123 139
 122 140
 112 141
 95 142
 80 143
 85 144
 91 145
 95 146
 87 147
 62 148
 68 149
 56 150
 49 151
 62 152
 50 153
 51 154
 54 155
 45 156
 47 157
 52 158
 42 159
 44 160
 35 161
 35 162
 34 163
 26 164
 30 165
 29 166
 20 167
 17 168
 20 169
 23 170
 16 171
 17 172
 14 173
 11 174
 16 175
 18 176
 9 177
 16 178
 7 179
 11 180
 7 181
 15 182
 10 183
 5 184
 6 185
 10 186
 6 187
 4 188
 7 189
 7 190
 2 191
 5 192
 3 193
 5 194
 1 195
 2 196
 2 197
 3 198
 5 199
 4 200
 2 201
 3 202
 3 203
 2 204
 1 205
 1 206
 0 207
 0 208
 3 209
 2 210
 2 211
 0 212
 1 213
 1 214
 2 215
 0 216
 1 217
 0 218
 0 219
 0 220
 0 221
 0 222
 0 223
 0 224
 0 225
 0 226
 0 227
 0 228
 0 229
 0 230
 0 231
 0 232
 0 233
 0 234
 0 235
 0 236
 0 237
 0 238
 0 239
 2 240
 0 241
 0 242
 0 243
 0 244
 0 245
 0 246
 0 247
 0 248
 0 249
 0 250
 0 251
 0 252
 0 253
 0 254
 0 255
 0 256
 0 257
 0 258
 0 259
 0 260
 0 261
 0 262
 0 263
 0 264
 0 265
 0 266
 0 267
 0 268
 0 269
 0 270
 0 271
 0 272
 1 273
 0 274
 0 275
 1 276
 0 277
 0 278
 1 279
 0 280
 0 281
 0 282
 1 283
 0 284
 1 285
 0 286
 0 287
 1 288
 1 289
 1 290
 0 291
 0 292
 0 293
 0 294
 3 295
 0 296
 4 297
 3 298
 2 299
 1 300
 1 301
 2 302
 1 303
 1 304
 2 305
 2 306
 2 307
 5 308
 3 309
 4 310
 3 311
 1 312
 3 313
 2 314
 0 315
 3 316
 2 317
 3 318
 1 319
 4 320
 4 321
 5 322
 3 323
 1 324
 2 325
 5 326
 1 327
 5 328
 4 329
 1 330
 4 331
 2 332
 2 333
 2 334
 4 335
 3 336
 2 337
 5 338
 1 339
 2 340
 1 341
 3 342
 4 343
 3 344
 0 345
 3 346
 1 347
 4 348
 2 349
 5 350
 2 351
 1 352
 1 353
 1 354
 5 355
 3 356
 1 357
 1 358
 2 359
 2 360
 0 361
 1 362
 2 363
 2 364
 2 365
 4 366
 6 367
 1 368
 1 369
 0 370
 0 371
 1 372
 1 373
 0 374
 1 375
 0 376
 0 377
 0 378
 1 379
 1 380
 1 381
 0 382
 1 383
 0 384
 0 385
 1 386
 1 387
 0 388
 0 389
 0 390
 0 391
 1 392
 1 393
 0 394
 0 395
 0 396
 1 397
 0 398
 0 399
 0 400
 1 401
 0 402
 2 403
 0 404
 0 405
 0 406
 0 407
 0 408
 0 409
 0 410
 0 411
 0 412
 0 413
 0 414
 0 415
 0 416
 0 417
 0 418
 0 419
 0 420
 0 421
 0 422
 0 423
 0 424
 0 425
 0 426
 0 427
 0 428
 0 429
 0 430
 0 431
 0 432
 0 433
 0 434
 0 435
 0 436
 0 437
 0 438
 0 439
 0 440
 0 441
 0 442
 0 443
 0 444
 0 445
 0 446
 0 447
 0 448
 0 449
 0 450
 0 451
 0 452
 0 453
 0 454
 0 455
 0 456
 0 457
 0 458
 0 459
 0 460
 0 461
 0 462
 0 463
 0 464
 0 465
 0 466
 0 467
 0 468
 0 469
 0 470
 0 471
 0 472
 0 473
 0 474
 0 475
 0 476
 0 477
 0 478
 0 479
 0 480
 0 481
 0 482
 0 483
 0 484
 0 485
 0 486
 0 487
 0 488
 0 489
 0 490
 0 491
 0 492
 0 493
 0 494
 0 495
 0 496
 0 497
 0 498
 0 499
 0 500
 0 501
 0 502
 0 503
 0 504
 0 505
 0 506
 0 507
 0 508
 0 509
 0 510
 0 511
 0 512
 0 513
 0 514
 0 515
 0 516
 0 517
 0 518
 0 519
 0 520
 0 521
 0 522
 0 523
 0 524
 0 525
 0 526
 0 527
 0 528
 0 529
 0 530
 0 531
 0 532
 0 533
 0 534
 0 535
 0 536
 0 537
 0 538
 0 539
 0 540
 0 541
 0 542
 0 543
 0 544
 0 545
 0 546
 0 547
 0 548
 0 549
 0 550
 0 551
 0 552
 0 553
 0 554
 0 555
 0 556
 0 557
 0 558
 0 559
 0 560
 0 561
 0 562
 0 563
 0 564
 0 565
 0 566
 0 567
 0 568
 0 569
 0 570
 0 571
 0 572
 0 573
 0 574
 0 575
 0 576
 0 577
 0 578
 0 579
 0 580
 0 581
 0 582
 0 583
 0 584
 0 585
 0 586
 0 587
 0 588
 0 589
 0 590
 0 591
 0 592
 0 593
 0 594
 0 595
 0 596
 0 597
 0 598
 0 599
 0 600


