# Created by Octave 3.8.2, Sat Jun 20 19:10:13 2020 CEST <damian@fptrucha.inv.usc.es>
# name: hd
# type: matrix
# rows: 551
# columns: 2
 0 50
 0 51
 0 52
 0 53
 0 54
 0 55
 0 56
 0 57
 0 58
 0 59
 0 60
 0 61
 0 62
 0 63
 0 64
 0 65
 0 66
 0 67
 0 68
 0 69
 0 70
 0 71
 0 72
 0 73
 0 74
 0 75
 0 76
 0 77
 0 78
 0 79
 0 80
 0 81
 0 82
 0 83
 0 84
 0 85
 0 86
 0 87
 2 88
 2 89
 4 90
 17 91
 58 92
 77 93
 100 94
 153 95
 265 96
 353 97
 472 98
 490 99
 599 100
 741 101
 773 102
 754 103
 812 104
 844 105
 843 106
 815 107
 800 108
 851 109
 787 110
 772 111
 778 112
 679 113
 658 114
 635 115
 615 116
 604 117
 525 118
 491 119
 486 120
 409 121
 403 122
 363 123
 346 124
 330 125
 283 126
 242 127
 232 128
 210 129
 232 130
 192 131
 195 132
 141 133
 149 134
 127 135
 127 136
 114 137
 107 138
 95 139
 84 140
 83 141
 79 142
 71 143
 61 144
 68 145
 55 146
 57 147
 54 148
 49 149
 43 150
 63 151
 49 152
 52 153
 42 154
 39 155
 22 156
 33 157
 28 158
 26 159
 15 160
 16 161
 15 162
 17 163
 22 164
 19 165
 19 166
 12 167
 10 168
 7 169
 12 170
 15 171
 16 172
 12 173
 5 174
 12 175
 7 176
 7 177
 6 178
 8 179
 8 180
 2 181
 8 182
 3 183
 5 184
 2 185
 9 186
 3 187
 6 188
 5 189
 2 190
 2 191
 4 192
 0 193
 3 194
 5 195
 0 196
 5 197
 3 198
 0 199
 1 200
 1 201
 0 202
 3 203
 1 204
 0 205
 0 206
 4 207
 1 208
 0 209
 2 210
 0 211
 0 212
 1 213
 0 214
 0 215
 1 216
 0 217
 0 218
 0 219
 0 220
 0 221
 0 222
 0 223
 0 224
 0 225
 1 226
 0 227
 0 228
 0 229
 1 230
 1 231
 0 232
 0 233
 0 234
 0 235
 0 236
 0 237
 0 238
 0 239
 0 240
 0 241
 0 242
 0 243
 0 244
 0 245
 0 246
 0 247
 0 248
 0 249
 0 250
 0 251
 0 252
 0 253
 0 254
 0 255
 0 256
 0 257
 0 258
 0 259
 0 260
 0 261
 0 262
 0 263
 0 264
 0 265
 0 266
 0 267
 0 268
 0 269
 0 270
 0 271
 0 272
 0 273
 0 274
 0 275
 0 276
 0 277
 0 278
 0 279
 0 280
 1 281
 0 282
 0 283
 0 284
 1 285
 0 286
 0 287
 0 288
 2 289
 0 290
 0 291
 2 292
 0 293
 1 294
 1 295
 1 296
 1 297
 0 298
 1 299
 1 300
 2 301
 1 302
 1 303
 1 304
 1 305
 0 306
 0 307
 1 308
 0 309
 2 310
 0 311
 1 312
 2 313
 1 314
 2 315
 6 316
 0 317
 2 318
 1 319
 1 320
 2 321
 0 322
 3 323
 2 324
 2 325
 2 326
 2 327
 2 328
 1 329
 1 330
 1 331
 2 332
 1 333
 2 334
 2 335
 2 336
 0 337
 3 338
 1 339
 2 340
 1 341
 3 342
 2 343
 2 344
 1 345
 1 346
 2 347
 0 348
 1 349
 0 350
 1 351
 0 352
 1 353
 1 354
 1 355
 0 356
 2 357
 0 358
 3 359
 1 360
 1 361
 1 362
 0 363
 1 364
 1 365
 2 366
 0 367
 2 368
 0 369
 1 370
 0 371
 0 372
 0 373
 1 374
 0 375
 0 376
 0 377
 0 378
 0 379
 0 380
 0 381
 0 382
 0 383
 0 384
 0 385
 0 386
 1 387
 1 388
 0 389
 0 390
 0 391
 0 392
 0 393
 0 394
 0 395
 0 396
 2 397
 0 398
 0 399
 0 400
 0 401
 0 402
 0 403
 0 404
 0 405
 0 406
 0 407
 0 408
 0 409
 0 410
 0 411
 1 412
 0 413
 0 414
 0 415
 0 416
 0 417
 0 418
 0 419
 0 420
 0 421
 0 422
 0 423
 0 424
 0 425
 0 426
 0 427
 0 428
 0 429
 0 430
 0 431
 0 432
 0 433
 0 434
 0 435
 0 436
 0 437
 0 438
 0 439
 0 440
 0 441
 0 442
 0 443
 0 444
 0 445
 0 446
 0 447
 0 448
 0 449
 0 450
 0 451
 0 452
 0 453
 0 454
 0 455
 0 456
 0 457
 0 458
 0 459
 0 460
 0 461
 0 462
 0 463
 0 464
 0 465
 0 466
 0 467
 0 468
 0 469
 0 470
 0 471
 0 472
 0 473
 0 474
 0 475
 0 476
 0 477
 0 478
 0 479
 0 480
 0 481
 0 482
 0 483
 0 484
 0 485
 0 486
 0 487
 0 488
 0 489
 0 490
 0 491
 0 492
 0 493
 0 494
 0 495
 0 496
 0 497
 0 498
 0 499
 0 500
 0 501
 0 502
 0 503
 0 504
 0 505
 0 506
 0 507
 0 508
 0 509
 0 510
 0 511
 0 512
 0 513
 0 514
 0 515
 0 516
 0 517
 0 518
 0 519
 0 520
 0 521
 0 522
 0 523
 0 524
 0 525
 0 526
 0 527
 0 528
 0 529
 0 530
 0 531
 0 532
 0 533
 0 534
 0 535
 0 536
 0 537
 0 538
 0 539
 0 540
 0 541
 0 542
 0 543
 0 544
 0 545
 0 546
 0 547
 0 548
 0 549
 0 550
 0 551
 0 552
 0 553
 0 554
 0 555
 0 556
 0 557
 0 558
 0 559
 0 560
 0 561
 0 562
 0 563
 0 564
 0 565
 0 566
 0 567
 0 568
 0 569
 0 570
 0 571
 0 572
 0 573
 0 574
 0 575
 0 576
 0 577
 0 578
 0 579
 0 580
 0 581
 0 582
 0 583
 0 584
 0 585
 0 586
 0 587
 0 588
 0 589
 0 590
 0 591
 0 592
 0 593
 0 594
 0 595
 0 596
 0 597
 0 598
 0 599
 0 600


