# Created by Octave 3.8.2, Sat Jun 20 14:34:51 2020 CEST <damian@fptrucha.inv.usc.es>
# name: hd
# type: matrix
# rows: 551
# columns: 2
 0 50
 0 51
 0 52
 0 53
 0 54
 0 55
 0 56
 0 57
 0 58
 0 59
 0 60
 0 61
 0 62
 0 63
 0 64
 0 65
 0 66
 0 67
 0 68
 0 69
 0 70
 0 71
 0 72
 0 73
 0 74
 0 75
 0 76
 0 77
 0 78
 0 79
 0 80
 0 81
 0 82
 0 83
 0 84
 0 85
 0 86
 0 87
 3 88
 4 89
 5 90
 31 91
 92 92
 131 93
 163 94
 294 95
 446 96
 648 97
 815 98
 932 99
 1070 100
 1173 101
 1289 102
 1322 103
 1402 104
 1386 105
 1478 106
 1427 107
 1305 108
 1388 109
 1359 110
 1274 111
 1187 112
 1116 113
 1116 114
 1049 115
 945 116
 856 117
 858 118
 777 119
 772 120
 632 121
 645 122
 513 123
 568 124
 514 125
 416 126
 419 127
 338 128
 319 129
 324 130
 286 131
 271 132
 243 133
 209 134
 176 135
 178 136
 152 137
 154 138
 158 139
 160 140
 123 141
 141 142
 113 143
 106 144
 98 145
 82 146
 77 147
 80 148
 61 149
 54 150
 89 151
 57 152
 50 153
 51 154
 50 155
 65 156
 40 157
 45 158
 42 159
 48 160
 33 161
 22 162
 25 163
 26 164
 23 165
 29 166
 16 167
 19 168
 18 169
 29 170
 22 171
 14 172
 15 173
 20 174
 8 175
 12 176
 5 177
 11 178
 6 179
 7 180
 9 181
 6 182
 7 183
 3 184
 9 185
 3 186
 6 187
 4 188
 3 189
 3 190
 3 191
 10 192
 4 193
 1 194
 4 195
 5 196
 2 197
 4 198
 1 199
 1 200
 0 201
 3 202
 2 203
 1 204
 2 205
 1 206
 2 207
 0 208
 0 209
 0 210
 2 211
 0 212
 0 213
 0 214
 3 215
 0 216
 0 217
 1 218
 1 219
 0 220
 0 221
 0 222
 1 223
 0 224
 0 225
 0 226
 0 227
 0 228
 1 229
 0 230
 0 231
 0 232
 0 233
 0 234
 1 235
 0 236
 0 237
 0 238
 0 239
 0 240
 0 241
 1 242
 0 243
 0 244
 0 245
 0 246
 0 247
 0 248
 0 249
 0 250
 0 251
 0 252
 0 253
 0 254
 0 255
 0 256
 0 257
 0 258
 0 259
 0 260
 0 261
 0 262
 0 263
 0 264
 0 265
 0 266
 0 267
 0 268
 0 269
 0 270
 0 271
 0 272
 0 273
 0 274
 0 275
 0 276
 0 277
 0 278
 0 279
 1 280
 0 281
 0 282
 0 283
 0 284
 0 285
 0 286
 1 287
 1 288
 0 289
 0 290
 1 291
 0 292
 0 293
 1 294
 0 295
 0 296
 0 297
 0 298
 2 299
 0 300
 0 301
 0 302
 0 303
 2 304
 2 305
 2 306
 1 307
 0 308
 2 309
 3 310
 0 311
 1 312
 3 313
 1 314
 2 315
 2 316
 2 317
 1 318
 5 319
 5 320
 2 321
 3 322
 0 323
 1 324
 0 325
 3 326
 5 327
 1 328
 1 329
 1 330
 1 331
 1 332
 3 333
 3 334
 1 335
 2 336
 4 337
 3 338
 3 339
 3 340
 3 341
 3 342
 2 343
 5 344
 7 345
 2 346
 0 347
 3 348
 1 349
 3 350
 1 351
 2 352
 2 353
 2 354
 1 355
 1 356
 0 357
 1 358
 1 359
 0 360
 0 361
 2 362
 1 363
 1 364
 2 365
 0 366
 2 367
 0 368
 0 369
 0 370
 0 371
 0 372
 3 373
 2 374
 0 375
 0 376
 0 377
 0 378
 0 379
 0 380
 1 381
 0 382
 3 383
 0 384
 1 385
 1 386
 2 387
 0 388
 0 389
 0 390
 0 391
 0 392
 0 393
 1 394
 1 395
 0 396
 1 397
 0 398
 0 399
 1 400
 0 401
 0 402
 1 403
 0 404
 0 405
 0 406
 1 407
 0 408
 0 409
 0 410
 1 411
 2 412
 0 413
 0 414
 0 415
 0 416
 0 417
 0 418
 1 419
 0 420
 0 421
 0 422
 0 423
 0 424
 1 425
 0 426
 0 427
 0 428
 0 429
 0 430
 0 431
 0 432
 0 433
 0 434
 0 435
 0 436
 0 437
 0 438
 0 439
 0 440
 0 441
 0 442
 0 443
 0 444
 0 445
 0 446
 0 447
 0 448
 0 449
 0 450
 0 451
 0 452
 0 453
 0 454
 0 455
 0 456
 0 457
 0 458
 0 459
 0 460
 0 461
 0 462
 0 463
 0 464
 0 465
 0 466
 0 467
 0 468
 0 469
 0 470
 0 471
 0 472
 0 473
 0 474
 0 475
 0 476
 0 477
 0 478
 0 479
 0 480
 0 481
 0 482
 0 483
 0 484
 0 485
 0 486
 0 487
 0 488
 0 489
 0 490
 0 491
 0 492
 0 493
 0 494
 0 495
 0 496
 0 497
 0 498
 0 499
 0 500
 0 501
 0 502
 0 503
 0 504
 0 505
 0 506
 0 507
 0 508
 0 509
 0 510
 0 511
 0 512
 0 513
 0 514
 0 515
 0 516
 0 517
 0 518
 0 519
 0 520
 0 521
 0 522
 0 523
 0 524
 0 525
 0 526
 0 527
 0 528
 0 529
 0 530
 0 531
 0 532
 0 533
 0 534
 0 535
 0 536
 0 537
 0 538
 0 539
 0 540
 0 541
 0 542
 0 543
 0 544
 0 545
 0 546
 0 547
 0 548
 0 549
 0 550
 0 551
 0 552
 0 553
 0 554
 0 555
 0 556
 0 557
 0 558
 0 559
 0 560
 0 561
 0 562
 0 563
 0 564
 0 565
 0 566
 0 567
 0 568
 0 569
 0 570
 0 571
 0 572
 0 573
 0 574
 0 575
 0 576
 0 577
 0 578
 0 579
 0 580
 0 581
 0 582
 0 583
 0 584
 0 585
 0 586
 0 587
 0 588
 0 589
 0 590
 0 591
 0 592
 0 593
 0 594
 0 595
 0 596
 0 597
 0 598
 0 599
 0 600


