# Created by Octave 3.8.2, Mon Jun 22 11:22:31 2020 CEST <damian@fptrucha.inv.usc.es>
# name: hd
# type: matrix
# rows: 551
# columns: 2
 0 50
 0 51
 0 52
 0 53
 0 54
 0 55
 0 56
 0 57
 0 58
 0 59
 0 60
 0 61
 0 62
 0 63
 0 64
 0 65
 0 66
 0 67
 0 68
 0 69
 0 70
 0 71
 0 72
 0 73
 0 74
 0 75
 0 76
 0 77
 0 78
 0 79
 0 80
 0 81
 0 82
 0 83
 0 84
 0 85
 0 86
 0 87
 1 88
 0 89
 2 90
 20 91
 78 92
 122 93
 161 94
 253 95
 433 96
 631 97
 898 98
 1013 99
 1195 100
 1331 101
 1471 102
 1453 103
 1496 104
 1431 105
 1464 106
 1428 107
 1362 108
 1331 109
 1301 110
 1184 111
 1158 112
 1010 113
 933 114
 862 115
 825 116
 809 117
 702 118
 631 119
 540 120
 525 121
 458 122
 429 123
 415 124
 385 125
 319 126
 336 127
 309 128
 267 129
 243 130
 234 131
 172 132
 188 133
 185 134
 173 135
 157 136
 140 137
 151 138
 123 139
 143 140
 121 141
 102 142
 98 143
 95 144
 78 145
 76 146
 65 147
 65 148
 83 149
 65 150
 54 151
 65 152
 53 153
 42 154
 50 155
 46 156
 43 157
 42 158
 25 159
 29 160
 32 161
 33 162
 33 163
 25 164
 27 165
 18 166
 22 167
 27 168
 19 169
 20 170
 11 171
 21 172
 18 173
 14 174
 8 175
 15 176
 16 177
 14 178
 8 179
 9 180
 9 181
 10 182
 6 183
 9 184
 7 185
 7 186
 9 187
 12 188
 4 189
 1 190
 6 191
 3 192
 3 193
 2 194
 3 195
 3 196
 2 197
 0 198
 1 199
 6 200
 2 201
 0 202
 4 203
 3 204
 1 205
 1 206
 0 207
 1 208
 1 209
 2 210
 2 211
 0 212
 0 213
 1 214
 0 215
 0 216
 0 217
 3 218
 0 219
 0 220
 0 221
 0 222
 0 223
 0 224
 0 225
 0 226
 0 227
 1 228
 0 229
 0 230
 0 231
 0 232
 0 233
 0 234
 0 235
 0 236
 0 237
 0 238
 0 239
 0 240
 0 241
 0 242
 0 243
 0 244
 0 245
 0 246
 0 247
 0 248
 0 249
 0 250
 0 251
 0 252
 0 253
 0 254
 0 255
 0 256
 0 257
 0 258
 0 259
 0 260
 0 261
 0 262
 0 263
 0 264
 0 265
 0 266
 0 267
 0 268
 0 269
 0 270
 0 271
 0 272
 0 273
 0 274
 0 275
 0 276
 0 277
 1 278
 1 279
 0 280
 0 281
 1 282
 0 283
 2 284
 2 285
 0 286
 0 287
 2 288
 1 289
 2 290
 1 291
 1 292
 2 293
 1 294
 0 295
 0 296
 3 297
 1 298
 2 299
 2 300
 3 301
 3 302
 2 303
 1 304
 2 305
 6 306
 3 307
 1 308
 0 309
 0 310
 1 311
 1 312
 2 313
 1 314
 1 315
 3 316
 1 317
 5 318
 5 319
 2 320
 5 321
 3 322
 1 323
 2 324
 2 325
 5 326
 5 327
 2 328
 3 329
 1 330
 6 331
 3 332
 4 333
 2 334
 4 335
 0 336
 1 337
 1 338
 3 339
 2 340
 1 341
 1 342
 3 343
 0 344
 0 345
 3 346
 2 347
 0 348
 2 349
 1 350
 2 351
 2 352
 0 353
 1 354
 0 355
 1 356
 3 357
 2 358
 2 359
 2 360
 4 361
 2 362
 1 363
 4 364
 2 365
 1 366
 1 367
 0 368
 0 369
 3 370
 0 371
 2 372
 0 373
 2 374
 1 375
 0 376
 1 377
 0 378
 0 379
 1 380
 1 381
 0 382
 1 383
 0 384
 0 385
 1 386
 1 387
 0 388
 1 389
 1 390
 0 391
 1 392
 2 393
 0 394
 0 395
 0 396
 1 397
 0 398
 0 399
 0 400
 1 401
 0 402
 0 403
 0 404
 0 405
 0 406
 0 407
 0 408
 0 409
 0 410
 0 411
 0 412
 0 413
 0 414
 0 415
 0 416
 0 417
 0 418
 0 419
 0 420
 0 421
 0 422
 0 423
 0 424
 0 425
 0 426
 0 427
 0 428
 0 429
 0 430
 0 431
 0 432
 0 433
 0 434
 0 435
 0 436
 0 437
 0 438
 0 439
 0 440
 0 441
 0 442
 0 443
 0 444
 0 445
 0 446
 0 447
 0 448
 0 449
 0 450
 0 451
 0 452
 0 453
 0 454
 0 455
 0 456
 0 457
 0 458
 0 459
 0 460
 0 461
 0 462
 0 463
 0 464
 0 465
 0 466
 0 467
 0 468
 0 469
 0 470
 0 471
 0 472
 0 473
 0 474
 0 475
 0 476
 0 477
 0 478
 0 479
 0 480
 0 481
 0 482
 0 483
 0 484
 0 485
 0 486
 0 487
 0 488
 0 489
 0 490
 0 491
 0 492
 0 493
 0 494
 0 495
 0 496
 0 497
 0 498
 0 499
 0 500
 0 501
 0 502
 0 503
 0 504
 0 505
 0 506
 0 507
 0 508
 0 509
 0 510
 0 511
 0 512
 0 513
 0 514
 0 515
 0 516
 0 517
 0 518
 0 519
 0 520
 0 521
 0 522
 0 523
 0 524
 0 525
 0 526
 0 527
 0 528
 0 529
 0 530
 0 531
 0 532
 0 533
 0 534
 0 535
 0 536
 0 537
 0 538
 0 539
 0 540
 0 541
 0 542
 0 543
 0 544
 0 545
 0 546
 0 547
 0 548
 0 549
 0 550
 0 551
 0 552
 0 553
 0 554
 0 555
 0 556
 0 557
 0 558
 0 559
 0 560
 0 561
 0 562
 0 563
 0 564
 0 565
 0 566
 0 567
 0 568
 0 569
 0 570
 0 571
 0 572
 0 573
 0 574
 0 575
 0 576
 0 577
 0 578
 0 579
 0 580
 0 581
 0 582
 0 583
 0 584
 0 585
 0 586
 0 587
 0 588
 0 589
 0 590
 0 591
 0 592
 0 593
 0 594
 0 595
 0 596
 0 597
 0 598
 0 599
 0 600


