# Created by Octave 3.8.2, Mon Jun 22 20:28:18 2020 CEST <damian@fptrucha.inv.usc.es>
# name: hd
# type: matrix
# rows: 551
# columns: 2
 0 50
 0 51
 0 52
 0 53
 0 54
 0 55
 0 56
 0 57
 0 58
 0 59
 0 60
 0 61
 0 62
 0 63
 0 64
 0 65
 0 66
 0 67
 0 68
 0 69
 0 70
 0 71
 0 72
 0 73
 0 74
 0 75
 0 76
 0 77
 0 78
 0 79
 0 80
 0 81
 0 82
 0 83
 0 84
 0 85
 0 86
 0 87
 2 88
 2 89
 3 90
 23 91
 93 92
 135 93
 194 94
 275 95
 456 96
 663 97
 919 98
 1101 99
 1266 100
 1384 101
 1534 102
 1524 103
 1578 104
 1591 105
 1630 106
 1597 107
 1473 108
 1434 109
 1435 110
 1265 111
 1205 112
 1102 113
 1045 114
 984 115
 886 116
 795 117
 781 118
 712 119
 641 120
 583 121
 506 122
 482 123
 416 124
 363 125
 365 126
 323 127
 284 128
 286 129
 233 130
 208 131
 187 132
 168 133
 174 134
 173 135
 184 136
 140 137
 142 138
 140 139
 118 140
 106 141
 116 142
 101 143
 112 144
 88 145
 87 146
 78 147
 109 148
 62 149
 70 150
 75 151
 63 152
 63 153
 56 154
 45 155
 46 156
 40 157
 45 158
 42 159
 40 160
 23 161
 22 162
 21 163
 22 164
 20 165
 20 166
 21 167
 20 168
 14 169
 20 170
 18 171
 22 172
 18 173
 13 174
 10 175
 7 176
 14 177
 11 178
 14 179
 10 180
 9 181
 11 182
 12 183
 10 184
 10 185
 5 186
 5 187
 8 188
 7 189
 4 190
 5 191
 6 192
 3 193
 5 194
 6 195
 1 196
 2 197
 2 198
 0 199
 1 200
 3 201
 0 202
 1 203
 3 204
 1 205
 1 206
 0 207
 1 208
 3 209
 2 210
 0 211
 0 212
 0 213
 0 214
 0 215
 3 216
 0 217
 4 218
 0 219
 0 220
 0 221
 0 222
 0 223
 0 224
 0 225
 0 226
 0 227
 1 228
 0 229
 0 230
 1 231
 0 232
 0 233
 0 234
 0 235
 0 236
 0 237
 0 238
 0 239
 0 240
 0 241
 0 242
 0 243
 0 244
 0 245
 0 246
 0 247
 0 248
 0 249
 0 250
 1 251
 0 252
 0 253
 0 254
 0 255
 0 256
 0 257
 0 258
 0 259
 0 260
 0 261
 0 262
 0 263
 0 264
 0 265
 0 266
 0 267
 0 268
 0 269
 0 270
 0 271
 0 272
 0 273
 0 274
 1 275
 0 276
 0 277
 0 278
 0 279
 0 280
 0 281
 0 282
 0 283
 0 284
 0 285
 1 286
 1 287
 0 288
 0 289
 1 290
 3 291
 2 292
 0 293
 4 294
 0 295
 2 296
 2 297
 1 298
 0 299
 1 300
 0 301
 1 302
 1 303
 1 304
 2 305
 4 306
 1 307
 1 308
 4 309
 3 310
 2 311
 2 312
 2 313
 2 314
 0 315
 0 316
 3 317
 1 318
 1 319
 1 320
 7 321
 2 322
 7 323
 3 324
 2 325
 6 326
 3 327
 3 328
 3 329
 1 330
 3 331
 1 332
 2 333
 5 334
 3 335
 4 336
 3 337
 4 338
 0 339
 1 340
 0 341
 3 342
 1 343
 2 344
 0 345
 0 346
 2 347
 0 348
 2 349
 0 350
 1 351
 0 352
 4 353
 0 354
 1 355
 1 356
 2 357
 1 358
 2 359
 1 360
 4 361
 0 362
 0 363
 2 364
 1 365
 2 366
 1 367
 2 368
 0 369
 2 370
 0 371
 2 372
 2 373
 1 374
 0 375
 0 376
 1 377
 0 378
 3 379
 1 380
 1 381
 1 382
 0 383
 0 384
 0 385
 0 386
 0 387
 1 388
 1 389
 0 390
 1 391
 0 392
 0 393
 0 394
 0 395
 0 396
 0 397
 0 398
 1 399
 0 400
 0 401
 0 402
 0 403
 0 404
 0 405
 0 406
 0 407
 0 408
 0 409
 0 410
 0 411
 0 412
 0 413
 0 414
 1 415
 0 416
 0 417
 0 418
 0 419
 0 420
 0 421
 0 422
 0 423
 0 424
 0 425
 0 426
 0 427
 0 428
 0 429
 0 430
 0 431
 0 432
 0 433
 0 434
 0 435
 0 436
 0 437
 0 438
 0 439
 0 440
 0 441
 0 442
 0 443
 0 444
 0 445
 0 446
 0 447
 0 448
 0 449
 0 450
 0 451
 0 452
 0 453
 0 454
 0 455
 0 456
 0 457
 0 458
 0 459
 0 460
 0 461
 0 462
 0 463
 0 464
 0 465
 0 466
 0 467
 0 468
 0 469
 0 470
 0 471
 0 472
 0 473
 0 474
 0 475
 0 476
 0 477
 0 478
 0 479
 0 480
 0 481
 0 482
 0 483
 0 484
 0 485
 0 486
 0 487
 0 488
 0 489
 0 490
 0 491
 0 492
 0 493
 0 494
 0 495
 0 496
 0 497
 0 498
 0 499
 0 500
 0 501
 0 502
 0 503
 0 504
 0 505
 0 506
 0 507
 0 508
 0 509
 0 510
 0 511
 0 512
 0 513
 0 514
 0 515
 0 516
 0 517
 0 518
 0 519
 0 520
 0 521
 0 522
 0 523
 0 524
 0 525
 0 526
 0 527
 0 528
 0 529
 0 530
 0 531
 0 532
 0 533
 0 534
 0 535
 0 536
 0 537
 0 538
 0 539
 0 540
 0 541
 0 542
 0 543
 0 544
 0 545
 0 546
 0 547
 0 548
 0 549
 0 550
 0 551
 0 552
 0 553
 0 554
 0 555
 0 556
 0 557
 0 558
 0 559
 0 560
 0 561
 0 562
 0 563
 0 564
 0 565
 0 566
 0 567
 0 568
 0 569
 0 570
 0 571
 0 572
 0 573
 0 574
 0 575
 0 576
 0 577
 0 578
 0 579
 0 580
 0 581
 0 582
 0 583
 0 584
 0 585
 0 586
 0 587
 0 588
 0 589
 0 590
 0 591
 0 592
 0 593
 0 594
 0 595
 0 596
 0 597
 0 598
 0 599
 0 600


