# Created by Octave 3.8.2, Sat Jun 20 06:13:37 2020 CEST <damian@fptrucha.inv.usc.es>
# name: hd
# type: matrix
# rows: 551
# columns: 2
 0 50
 0 51
 0 52
 0 53
 0 54
 0 55
 0 56
 0 57
 0 58
 0 59
 0 60
 0 61
 0 62
 0 63
 0 64
 0 65
 0 66
 0 67
 0 68
 0 69
 0 70
 0 71
 0 72
 0 73
 0 74
 0 75
 0 76
 0 77
 0 78
 0 79
 0 80
 0 81
 0 82
 0 83
 0 84
 0 85
 1 86
 0 87
 3 88
 3 89
 5 90
 30 91
 89 92
 113 93
 189 94
 321 95
 453 96
 720 97
 801 98
 997 99
 1199 100
 1271 101
 1390 102
 1437 103
 1449 104
 1537 105
 1510 106
 1493 107
 1454 108
 1404 109
 1474 110
 1362 111
 1339 112
 1237 113
 1166 114
 1072 115
 1023 116
 1011 117
 897 118
 844 119
 779 120
 703 121
 606 122
 597 123
 552 124
 502 125
 461 126
 398 127
 363 128
 368 129
 325 130
 291 131
 287 132
 253 133
 240 134
 198 135
 193 136
 172 137
 161 138
 143 139
 132 140
 149 141
 120 142
 121 143
 116 144
 90 145
 70 146
 95 147
 82 148
 84 149
 78 150
 90 151
 60 152
 75 153
 58 154
 57 155
 62 156
 49 157
 48 158
 51 159
 47 160
 24 161
 31 162
 25 163
 31 164
 34 165
 25 166
 17 167
 37 168
 15 169
 23 170
 18 171
 24 172
 21 173
 10 174
 15 175
 9 176
 10 177
 6 178
 5 179
 12 180
 7 181
 10 182
 6 183
 4 184
 5 185
 6 186
 2 187
 11 188
 6 189
 5 190
 6 191
 4 192
 7 193
 4 194
 3 195
 5 196
 2 197
 1 198
 4 199
 4 200
 2 201
 1 202
 2 203
 3 204
 3 205
 0 206
 2 207
 2 208
 1 209
 2 210
 1 211
 1 212
 0 213
 2 214
 1 215
 2 216
 1 217
 0 218
 0 219
 0 220
 0 221
 2 222
 0 223
 0 224
 0 225
 0 226
 0 227
 0 228
 0 229
 0 230
 0 231
 0 232
 0 233
 0 234
 0 235
 0 236
 0 237
 0 238
 0 239
 0 240
 0 241
 0 242
 0 243
 0 244
 0 245
 0 246
 0 247
 0 248
 0 249
 0 250
 0 251
 0 252
 0 253
 0 254
 0 255
 0 256
 0 257
 0 258
 0 259
 0 260
 0 261
 0 262
 0 263
 0 264
 0 265
 0 266
 0 267
 0 268
 0 269
 0 270
 0 271
 0 272
 0 273
 0 274
 0 275
 0 276
 0 277
 1 278
 1 279
 0 280
 0 281
 0 282
 0 283
 0 284
 0 285
 0 286
 0 287
 0 288
 0 289
 0 290
 0 291
 1 292
 0 293
 0 294
 1 295
 1 296
 0 297
 1 298
 3 299
 1 300
 0 301
 1 302
 1 303
 1 304
 0 305
 1 306
 2 307
 2 308
 0 309
 3 310
 3 311
 3 312
 1 313
 2 314
 0 315
 1 316
 3 317
 0 318
 2 319
 2 320
 2 321
 2 322
 2 323
 1 324
 1 325
 2 326
 0 327
 3 328
 2 329
 1 330
 4 331
 3 332
 1 333
 3 334
 2 335
 5 336
 3 337
 3 338
 0 339
 3 340
 2 341
 5 342
 3 343
 4 344
 1 345
 6 346
 1 347
 2 348
 2 349
 1 350
 3 351
 4 352
 1 353
 0 354
 1 355
 2 356
 0 357
 1 358
 2 359
 4 360
 2 361
 0 362
 1 363
 0 364
 2 365
 2 366
 0 367
 1 368
 1 369
 2 370
 1 371
 1 372
 2 373
 2 374
 0 375
 0 376
 1 377
 1 378
 0 379
 2 380
 1 381
 0 382
 1 383
 0 384
 0 385
 0 386
 0 387
 0 388
 1 389
 0 390
 1 391
 0 392
 1 393
 0 394
 0 395
 0 396
 0 397
 0 398
 0 399
 0 400
 0 401
 0 402
 1 403
 1 404
 0 405
 0 406
 0 407
 0 408
 0 409
 1 410
 1 411
 0 412
 0 413
 0 414
 0 415
 0 416
 0 417
 0 418
 0 419
 1 420
 0 421
 0 422
 0 423
 0 424
 0 425
 1 426
 0 427
 0 428
 0 429
 0 430
 0 431
 0 432
 0 433
 0 434
 0 435
 0 436
 0 437
 0 438
 0 439
 0 440
 0 441
 0 442
 0 443
 0 444
 0 445
 0 446
 0 447
 0 448
 0 449
 0 450
 0 451
 0 452
 0 453
 0 454
 0 455
 0 456
 0 457
 0 458
 0 459
 0 460
 0 461
 0 462
 0 463
 0 464
 0 465
 0 466
 0 467
 0 468
 0 469
 0 470
 0 471
 0 472
 0 473
 0 474
 0 475
 0 476
 0 477
 0 478
 0 479
 0 480
 0 481
 0 482
 0 483
 0 484
 0 485
 0 486
 0 487
 0 488
 0 489
 0 490
 0 491
 0 492
 0 493
 0 494
 0 495
 0 496
 0 497
 0 498
 0 499
 0 500
 0 501
 0 502
 0 503
 0 504
 0 505
 0 506
 0 507
 0 508
 0 509
 0 510
 0 511
 0 512
 0 513
 0 514
 0 515
 0 516
 0 517
 0 518
 0 519
 0 520
 0 521
 0 522
 0 523
 0 524
 0 525
 0 526
 0 527
 0 528
 0 529
 0 530
 0 531
 0 532
 0 533
 0 534
 0 535
 0 536
 0 537
 0 538
 0 539
 0 540
 0 541
 0 542
 0 543
 0 544
 0 545
 0 546
 0 547
 0 548
 0 549
 0 550
 0 551
 0 552
 0 553
 0 554
 0 555
 0 556
 0 557
 0 558
 0 559
 0 560
 0 561
 0 562
 0 563
 0 564
 0 565
 0 566
 0 567
 0 568
 0 569
 0 570
 0 571
 0 572
 0 573
 0 574
 0 575
 0 576
 0 577
 0 578
 0 579
 0 580
 0 581
 0 582
 0 583
 0 584
 0 585
 0 586
 0 587
 0 588
 0 589
 0 590
 0 591
 0 592
 0 593
 0 594
 0 595
 0 596
 0 597
 0 598
 0 599
 0 600


