# Created by Octave 3.8.2, Sat Jun 20 12:31:11 2020 CEST <damian@fptrucha.inv.usc.es>
# name: hd
# type: matrix
# rows: 551
# columns: 2
 0 50
 0 51
 0 52
 0 53
 0 54
 0 55
 0 56
 0 57
 0 58
 0 59
 0 60
 0 61
 0 62
 0 63
 0 64
 0 65
 0 66
 0 67
 0 68
 0 69
 0 70
 0 71
 0 72
 0 73
 0 74
 0 75
 0 76
 0 77
 0 78
 0 79
 0 80
 0 81
 0 82
 0 83
 0 84
 0 85
 0 86
 1 87
 3 88
 6 89
 5 90
 27 91
 86 92
 131 93
 178 94
 271 95
 478 96
 698 97
 823 98
 964 99
 1151 100
 1303 101
 1352 102
 1418 103
 1417 104
 1521 105
 1469 106
 1447 107
 1469 108
 1434 109
 1384 110
 1289 111
 1292 112
 1153 113
 1129 114
 1088 115
 966 116
 891 117
 899 118
 758 119
 760 120
 664 121
 612 122
 530 123
 531 124
 504 125
 454 126
 408 127
 367 128
 346 129
 298 130
 278 131
 266 132
 239 133
 224 134
 177 135
 190 136
 172 137
 149 138
 140 139
 143 140
 154 141
 126 142
 98 143
 104 144
 88 145
 104 146
 79 147
 79 148
 67 149
 66 150
 59 151
 61 152
 62 153
 57 154
 62 155
 50 156
 52 157
 53 158
 32 159
 48 160
 35 161
 25 162
 30 163
 23 164
 27 165
 27 166
 28 167
 24 168
 21 169
 18 170
 15 171
 16 172
 18 173
 18 174
 11 175
 7 176
 8 177
 15 178
 6 179
 3 180
 10 181
 5 182
 12 183
 4 184
 9 185
 3 186
 6 187
 4 188
 3 189
 2 190
 3 191
 4 192
 6 193
 2 194
 5 195
 3 196
 1 197
 3 198
 2 199
 4 200
 5 201
 6 202
 1 203
 3 204
 2 205
 3 206
 0 207
 0 208
 0 209
 1 210
 1 211
 1 212
 0 213
 0 214
 0 215
 1 216
 0 217
 1 218
 0 219
 0 220
 2 221
 0 222
 0 223
 0 224
 1 225
 0 226
 0 227
 0 228
 1 229
 0 230
 0 231
 0 232
 0 233
 0 234
 1 235
 0 236
 0 237
 0 238
 0 239
 0 240
 1 241
 0 242
 0 243
 0 244
 0 245
 0 246
 0 247
 0 248
 0 249
 0 250
 0 251
 0 252
 0 253
 0 254
 0 255
 0 256
 0 257
 0 258
 0 259
 0 260
 0 261
 0 262
 0 263
 0 264
 0 265
 0 266
 0 267
 0 268
 0 269
 1 270
 0 271
 0 272
 0 273
 0 274
 0 275
 0 276
 0 277
 1 278
 0 279
 0 280
 1 281
 0 282
 1 283
 0 284
 0 285
 1 286
 1 287
 0 288
 1 289
 0 290
 1 291
 0 292
 0 293
 3 294
 0 295
 0 296
 0 297
 3 298
 1 299
 0 300
 1 301
 0 302
 2 303
 1 304
 1 305
 0 306
 1 307
 2 308
 1 309
 2 310
 2 311
 0 312
 0 313
 2 314
 3 315
 1 316
 3 317
 4 318
 2 319
 4 320
 1 321
 2 322
 2 323
 3 324
 4 325
 4 326
 5 327
 2 328
 5 329
 1 330
 0 331
 0 332
 1 333
 1 334
 4 335
 0 336
 2 337
 0 338
 2 339
 5 340
 3 341
 2 342
 1 343
 0 344
 0 345
 2 346
 3 347
 1 348
 4 349
 1 350
 1 351
 4 352
 3 353
 2 354
 0 355
 1 356
 1 357
 0 358
 1 359
 1 360
 1 361
 1 362
 2 363
 5 364
 1 365
 1 366
 1 367
 2 368
 1 369
 2 370
 0 371
 0 372
 0 373
 3 374
 3 375
 0 376
 0 377
 1 378
 1 379
 0 380
 0 381
 1 382
 0 383
 1 384
 1 385
 0 386
 0 387
 0 388
 1 389
 0 390
 0 391
 1 392
 0 393
 0 394
 0 395
 1 396
 0 397
 0 398
 0 399
 0 400
 3 401
 0 402
 0 403
 0 404
 0 405
 1 406
 1 407
 0 408
 0 409
 1 410
 1 411
 0 412
 0 413
 1 414
 0 415
 0 416
 0 417
 0 418
 0 419
 0 420
 1 421
 1 422
 0 423
 0 424
 0 425
 0 426
 0 427
 0 428
 0 429
 0 430
 0 431
 0 432
 0 433
 0 434
 0 435
 0 436
 0 437
 0 438
 0 439
 0 440
 0 441
 0 442
 0 443
 0 444
 0 445
 0 446
 0 447
 0 448
 0 449
 0 450
 0 451
 0 452
 0 453
 0 454
 0 455
 0 456
 0 457
 0 458
 0 459
 0 460
 0 461
 0 462
 0 463
 0 464
 0 465
 0 466
 0 467
 0 468
 0 469
 0 470
 0 471
 0 472
 0 473
 0 474
 0 475
 0 476
 0 477
 0 478
 0 479
 0 480
 0 481
 0 482
 0 483
 0 484
 0 485
 0 486
 0 487
 0 488
 0 489
 0 490
 0 491
 0 492
 0 493
 0 494
 0 495
 0 496
 0 497
 0 498
 0 499
 0 500
 0 501
 0 502
 0 503
 0 504
 0 505
 0 506
 0 507
 0 508
 0 509
 0 510
 0 511
 0 512
 0 513
 0 514
 0 515
 0 516
 0 517
 0 518
 0 519
 0 520
 0 521
 0 522
 0 523
 0 524
 0 525
 0 526
 0 527
 0 528
 0 529
 0 530
 0 531
 0 532
 0 533
 0 534
 0 535
 0 536
 0 537
 0 538
 0 539
 0 540
 0 541
 0 542
 0 543
 0 544
 0 545
 0 546
 0 547
 0 548
 0 549
 0 550
 0 551
 0 552
 0 553
 0 554
 0 555
 0 556
 0 557
 0 558
 0 559
 0 560
 0 561
 0 562
 0 563
 0 564
 0 565
 0 566
 0 567
 0 568
 0 569
 0 570
 0 571
 0 572
 0 573
 0 574
 0 575
 0 576
 0 577
 0 578
 0 579
 0 580
 0 581
 0 582
 0 583
 0 584
 0 585
 0 586
 0 587
 0 588
 0 589
 0 590
 0 591
 0 592
 0 593
 0 594
 0 595
 0 596
 0 597
 0 598
 0 599
 0 600


