# Created by Octave 3.8.2, Mon Jun 22 16:42:56 2020 CEST <damian@fptrucha.inv.usc.es>
# name: hd
# type: matrix
# rows: 551
# columns: 2
 0 50
 0 51
 0 52
 0 53
 0 54
 0 55
 0 56
 0 57
 0 58
 0 59
 0 60
 0 61
 0 62
 0 63
 0 64
 0 65
 0 66
 0 67
 0 68
 0 69
 0 70
 0 71
 0 72
 0 73
 0 74
 0 75
 0 76
 0 77
 0 78
 0 79
 0 80
 0 81
 0 82
 0 83
 0 84
 0 85
 0 86
 0 87
 0 88
 2 89
 3 90
 11 91
 96 92
 111 93
 152 94
 294 95
 457 96
 664 97
 967 98
 1116 99
 1280 100
 1425 101
 1550 102
 1624 103
 1591 104
 1685 105
 1586 106
 1545 107
 1408 108
 1444 109
 1359 110
 1272 111
 1176 112
 1063 113
 1028 114
 997 115
 863 116
 767 117
 695 118
 658 119
 540 120
 537 121
 493 122
 434 123
 397 124
 375 125
 308 126
 289 127
 305 128
 254 129
 221 130
 211 131
 190 132
 180 133
 140 134
 177 135
 135 136
 151 137
 130 138
 122 139
 100 140
 94 141
 96 142
 92 143
 91 144
 98 145
 91 146
 61 147
 63 148
 74 149
 65 150
 62 151
 66 152
 64 153
 54 154
 45 155
 41 156
 44 157
 36 158
 47 159
 43 160
 40 161
 23 162
 27 163
 25 164
 27 165
 29 166
 23 167
 24 168
 22 169
 26 170
 17 171
 15 172
 17 173
 7 174
 12 175
 12 176
 8 177
 10 178
 16 179
 11 180
 4 181
 10 182
 12 183
 14 184
 3 185
 6 186
 6 187
 5 188
 9 189
 4 190
 3 191
 1 192
 4 193
 2 194
 1 195
 7 196
 2 197
 1 198
 1 199
 3 200
 2 201
 1 202
 3 203
 0 204
 2 205
 2 206
 0 207
 1 208
 1 209
 1 210
 1 211
 2 212
 0 213
 0 214
 0 215
 1 216
 0 217
 0 218
 0 219
 1 220
 0 221
 0 222
 0 223
 0 224
 0 225
 0 226
 0 227
 0 228
 0 229
 0 230
 0 231
 2 232
 0 233
 0 234
 0 235
 0 236
 1 237
 0 238
 0 239
 0 240
 0 241
 0 242
 0 243
 0 244
 0 245
 0 246
 0 247
 0 248
 0 249
 0 250
 0 251
 0 252
 0 253
 0 254
 0 255
 0 256
 0 257
 0 258
 0 259
 0 260
 0 261
 0 262
 0 263
 0 264
 0 265
 0 266
 0 267
 0 268
 0 269
 0 270
 0 271
 0 272
 1 273
 0 274
 0 275
 0 276
 0 277
 0 278
 0 279
 1 280
 0 281
 0 282
 0 283
 0 284
 1 285
 1 286
 3 287
 0 288
 0 289
 0 290
 0 291
 1 292
 0 293
 0 294
 0 295
 2 296
 5 297
 4 298
 4 299
 3 300
 1 301
 1 302
 2 303
 1 304
 2 305
 2 306
 1 307
 3 308
 2 309
 1 310
 1 311
 2 312
 4 313
 0 314
 4 315
 3 316
 0 317
 2 318
 3 319
 4 320
 2 321
 3 322
 3 323
 2 324
 2 325
 1 326
 4 327
 1 328
 2 329
 3 330
 2 331
 1 332
 2 333
 3 334
 7 335
 4 336
 2 337
 1 338
 1 339
 0 340
 1 341
 1 342
 2 343
 4 344
 1 345
 1 346
 2 347
 1 348
 0 349
 2 350
 3 351
 6 352
 2 353
 3 354
 0 355
 0 356
 0 357
 1 358
 2 359
 0 360
 2 361
 3 362
 3 363
 2 364
 1 365
 1 366
 0 367
 1 368
 1 369
 3 370
 1 371
 0 372
 1 373
 0 374
 1 375
 1 376
 1 377
 1 378
 0 379
 0 380
 2 381
 1 382
 1 383
 1 384
 0 385
 0 386
 0 387
 1 388
 0 389
 0 390
 1 391
 0 392
 0 393
 0 394
 0 395
 0 396
 1 397
 0 398
 0 399
 0 400
 0 401
 0 402
 0 403
 1 404
 0 405
 0 406
 1 407
 0 408
 0 409
 1 410
 0 411
 0 412
 0 413
 0 414
 0 415
 0 416
 0 417
 0 418
 0 419
 0 420
 0 421
 0 422
 0 423
 0 424
 0 425
 0 426
 0 427
 0 428
 0 429
 0 430
 0 431
 0 432
 0 433
 0 434
 0 435
 0 436
 0 437
 0 438
 1 439
 0 440
 0 441
 0 442
 0 443
 0 444
 0 445
 0 446
 0 447
 0 448
 0 449
 0 450
 0 451
 0 452
 0 453
 0 454
 0 455
 0 456
 0 457
 0 458
 0 459
 0 460
 0 461
 0 462
 0 463
 0 464
 0 465
 0 466
 0 467
 0 468
 0 469
 0 470
 0 471
 0 472
 0 473
 0 474
 0 475
 0 476
 0 477
 0 478
 0 479
 0 480
 0 481
 0 482
 0 483
 0 484
 0 485
 0 486
 0 487
 0 488
 0 489
 0 490
 0 491
 0 492
 0 493
 0 494
 0 495
 0 496
 0 497
 0 498
 0 499
 0 500
 0 501
 0 502
 0 503
 0 504
 0 505
 0 506
 0 507
 0 508
 0 509
 0 510
 0 511
 0 512
 0 513
 0 514
 0 515
 0 516
 0 517
 0 518
 0 519
 0 520
 0 521
 0 522
 0 523
 0 524
 0 525
 0 526
 0 527
 0 528
 0 529
 0 530
 0 531
 0 532
 0 533
 0 534
 0 535
 0 536
 0 537
 0 538
 0 539
 0 540
 0 541
 0 542
 0 543
 0 544
 0 545
 0 546
 0 547
 0 548
 0 549
 0 550
 0 551
 0 552
 0 553
 0 554
 0 555
 0 556
 0 557
 0 558
 0 559
 0 560
 0 561
 0 562
 0 563
 0 564
 0 565
 0 566
 0 567
 0 568
 0 569
 0 570
 0 571
 0 572
 0 573
 0 574
 0 575
 0 576
 0 577
 0 578
 0 579
 0 580
 0 581
 0 582
 0 583
 0 584
 0 585
 0 586
 0 587
 0 588
 0 589
 0 590
 0 591
 0 592
 0 593
 0 594
 0 595
 0 596
 0 597
 0 598
 0 599
 0 600


