# Created by Octave 3.8.2, Sat Jun 20 23:14:28 2020 CEST <damian@fptrucha.inv.usc.es>
# name: hd
# type: matrix
# rows: 551
# columns: 2
 0 50
 0 51
 0 52
 0 53
 0 54
 0 55
 0 56
 0 57
 0 58
 0 59
 0 60
 0 61
 0 62
 0 63
 0 64
 0 65
 0 66
 0 67
 0 68
 0 69
 0 70
 0 71
 0 72
 0 73
 0 74
 0 75
 0 76
 0 77
 0 78
 0 79
 0 80
 0 81
 0 82
 0 83
 0 84
 0 85
 0 86
 1 87
 3 88
 0 89
 5 90
 25 91
 85 92
 111 93
 158 94
 238 95
 334 96
 554 97
 673 98
 783 99
 961 100
 1008 101
 1085 102
 1084 103
 1247 104
 1206 105
 1209 106
 1290 107
 1221 108
 1173 109
 1244 110
 1188 111
 1196 112
 1054 113
 1034 114
 1025 115
 931 116
 835 117
 789 118
 777 119
 711 120
 621 121
 600 122
 575 123
 574 124
 473 125
 454 126
 384 127
 363 128
 378 129
 293 130
 284 131
 266 132
 284 133
 231 134
 243 135
 195 136
 173 137
 153 138
 167 139
 164 140
 126 141
 116 142
 114 143
 116 144
 103 145
 101 146
 97 147
 84 148
 81 149
 58 150
 56 151
 57 152
 61 153
 61 154
 65 155
 52 156
 42 157
 49 158
 36 159
 42 160
 43 161
 32 162
 28 163
 38 164
 29 165
 26 166
 24 167
 33 168
 25 169
 17 170
 20 171
 28 172
 15 173
 19 174
 17 175
 14 176
 9 177
 14 178
 14 179
 8 180
 11 181
 10 182
 6 183
 14 184
 9 185
 11 186
 5 187
 3 188
 5 189
 6 190
 6 191
 5 192
 3 193
 1 194
 0 195
 3 196
 1 197
 3 198
 1 199
 2 200
 2 201
 3 202
 1 203
 2 204
 4 205
 0 206
 0 207
 1 208
 3 209
 0 210
 1 211
 0 212
 2 213
 0 214
 0 215
 0 216
 0 217
 0 218
 0 219
 0 220
 0 221
 0 222
 0 223
 0 224
 0 225
 1 226
 0 227
 0 228
 0 229
 1 230
 0 231
 0 232
 0 233
 1 234
 0 235
 0 236
 0 237
 0 238
 0 239
 0 240
 0 241
 0 242
 0 243
 0 244
 0 245
 0 246
 0 247
 0 248
 0 249
 0 250
 0 251
 0 252
 0 253
 0 254
 0 255
 0 256
 0 257
 0 258
 0 259
 0 260
 0 261
 0 262
 0 263
 0 264
 0 265
 0 266
 0 267
 0 268
 0 269
 0 270
 1 271
 0 272
 0 273
 0 274
 0 275
 0 276
 0 277
 0 278
 0 279
 0 280
 0 281
 0 282
 0 283
 0 284
 0 285
 0 286
 0 287
 2 288
 0 289
 1 290
 1 291
 1 292
 0 293
 1 294
 2 295
 1 296
 1 297
 1 298
 1 299
 0 300
 0 301
 2 302
 0 303
 1 304
 0 305
 1 306
 0 307
 0 308
 1 309
 1 310
 1 311
 2 312
 0 313
 3 314
 2 315
 3 316
 2 317
 0 318
 2 319
 2 320
 4 321
 2 322
 5 323
 3 324
 0 325
 5 326
 4 327
 0 328
 1 329
 2 330
 4 331
 2 332
 2 333
 0 334
 1 335
 2 336
 5 337
 3 338
 0 339
 6 340
 1 341
 0 342
 1 343
 3 344
 5 345
 3 346
 3 347
 1 348
 4 349
 3 350
 4 351
 4 352
 4 353
 1 354
 1 355
 3 356
 1 357
 1 358
 1 359
 1 360
 1 361
 3 362
 3 363
 0 364
 1 365
 2 366
 0 367
 1 368
 1 369
 1 370
 1 371
 0 372
 0 373
 0 374
 1 375
 0 376
 0 377
 0 378
 1 379
 0 380
 0 381
 1 382
 1 383
 0 384
 1 385
 0 386
 0 387
 1 388
 0 389
 0 390
 0 391
 0 392
 0 393
 0 394
 0 395
 1 396
 0 397
 0 398
 0 399
 1 400
 0 401
 0 402
 0 403
 0 404
 0 405
 0 406
 0 407
 0 408
 1 409
 0 410
 0 411
 0 412
 0 413
 0 414
 0 415
 0 416
 0 417
 0 418
 0 419
 0 420
 0 421
 0 422
 0 423
 0 424
 0 425
 0 426
 0 427
 0 428
 0 429
 0 430
 0 431
 0 432
 0 433
 0 434
 1 435
 0 436
 0 437
 0 438
 0 439
 0 440
 0 441
 0 442
 0 443
 0 444
 0 445
 0 446
 0 447
 0 448
 0 449
 0 450
 0 451
 0 452
 0 453
 0 454
 0 455
 0 456
 0 457
 0 458
 0 459
 0 460
 0 461
 0 462
 0 463
 0 464
 0 465
 0 466
 0 467
 0 468
 0 469
 0 470
 0 471
 0 472
 0 473
 0 474
 0 475
 0 476
 0 477
 0 478
 0 479
 0 480
 0 481
 0 482
 0 483
 0 484
 0 485
 0 486
 0 487
 0 488
 0 489
 0 490
 0 491
 0 492
 0 493
 0 494
 0 495
 0 496
 0 497
 0 498
 0 499
 0 500
 0 501
 0 502
 0 503
 0 504
 0 505
 0 506
 0 507
 0 508
 0 509
 0 510
 0 511
 0 512
 0 513
 0 514
 0 515
 0 516
 0 517
 0 518
 0 519
 0 520
 0 521
 0 522
 0 523
 0 524
 0 525
 0 526
 0 527
 0 528
 0 529
 0 530
 0 531
 0 532
 0 533
 0 534
 0 535
 0 536
 0 537
 0 538
 0 539
 0 540
 0 541
 0 542
 0 543
 0 544
 0 545
 0 546
 0 547
 0 548
 0 549
 0 550
 0 551
 0 552
 0 553
 0 554
 0 555
 0 556
 0 557
 0 558
 0 559
 0 560
 0 561
 0 562
 0 563
 0 564
 0 565
 0 566
 0 567
 0 568
 0 569
 0 570
 0 571
 0 572
 0 573
 0 574
 0 575
 0 576
 0 577
 0 578
 0 579
 0 580
 0 581
 0 582
 0 583
 0 584
 0 585
 0 586
 0 587
 0 588
 0 589
 0 590
 0 591
 0 592
 0 593
 0 594
 0 595
 0 596
 0 597
 0 598
 0 599
 0 600


