# Created by Octave 3.8.2, Mon Jun 22 23:09:31 2020 CEST <damian@fptrucha.inv.usc.es>
# name: hd
# type: matrix
# rows: 551
# columns: 2
 0 50
 0 51
 0 52
 0 53
 0 54
 0 55
 0 56
 0 57
 0 58
 0 59
 0 60
 0 61
 0 62
 0 63
 0 64
 0 65
 0 66
 0 67
 0 68
 0 69
 0 70
 0 71
 0 72
 0 73
 0 74
 0 75
 0 76
 0 77
 0 78
 0 79
 0 80
 0 81
 0 82
 0 83
 0 84
 0 85
 0 86
 0 87
 2 88
 2 89
 4 90
 33 91
 93 92
 135 93
 217 94
 316 95
 558 96
 806 97
 987 98
 1201 99
 1441 100
 1500 101
 1549 102
 1598 103
 1660 104
 1646 105
 1563 106
 1622 107
 1600 108
 1499 109
 1403 110
 1221 111
 1197 112
 1153 113
 1022 114
 973 115
 867 116
 798 117
 709 118
 676 119
 615 120
 577 121
 540 122
 431 123
 388 124
 390 125
 344 126
 327 127
 277 128
 252 129
 240 130
 202 131
 208 132
 178 133
 190 134
 164 135
 137 136
 150 137
 140 138
 121 139
 112 140
 125 141
 103 142
 97 143
 93 144
 75 145
 78 146
 56 147
 79 148
 71 149
 69 150
 56 151
 50 152
 59 153
 47 154
 49 155
 48 156
 44 157
 37 158
 37 159
 32 160
 39 161
 35 162
 32 163
 25 164
 21 165
 16 166
 23 167
 25 168
 22 169
 22 170
 17 171
 19 172
 11 173
 15 174
 15 175
 5 176
 10 177
 16 178
 9 179
 9 180
 5 181
 7 182
 10 183
 8 184
 4 185
 5 186
 5 187
 6 188
 8 189
 3 190
 7 191
 5 192
 3 193
 2 194
 1 195
 1 196
 5 197
 2 198
 4 199
 1 200
 6 201
 2 202
 3 203
 1 204
 0 205
 3 206
 3 207
 1 208
 0 209
 0 210
 3 211
 0 212
 0 213
 1 214
 3 215
 1 216
 1 217
 0 218
 0 219
 1 220
 0 221
 0 222
 0 223
 1 224
 0 225
 1 226
 1 227
 1 228
 0 229
 1 230
 0 231
 0 232
 0 233
 0 234
 0 235
 0 236
 0 237
 0 238
 0 239
 0 240
 0 241
 0 242
 0 243
 0 244
 0 245
 0 246
 0 247
 0 248
 0 249
 0 250
 0 251
 0 252
 0 253
 0 254
 0 255
 0 256
 0 257
 0 258
 0 259
 0 260
 0 261
 0 262
 0 263
 0 264
 0 265
 0 266
 0 267
 0 268
 0 269
 0 270
 0 271
 0 272
 0 273
 0 274
 0 275
 0 276
 0 277
 0 278
 0 279
 0 280
 0 281
 1 282
 1 283
 0 284
 0 285
 0 286
 1 287
 1 288
 0 289
 1 290
 0 291
 0 292
 4 293
 2 294
 0 295
 2 296
 3 297
 1 298
 1 299
 4 300
 1 301
 3 302
 1 303
 3 304
 1 305
 0 306
 2 307
 1 308
 3 309
 2 310
 0 311
 4 312
 4 313
 2 314
 0 315
 2 316
 2 317
 3 318
 2 319
 4 320
 5 321
 3 322
 7 323
 1 324
 2 325
 1 326
 3 327
 4 328
 0 329
 1 330
 2 331
 3 332
 2 333
 3 334
 3 335
 1 336
 3 337
 3 338
 2 339
 3 340
 0 341
 3 342
 1 343
 2 344
 3 345
 0 346
 2 347
 2 348
 2 349
 4 350
 1 351
 1 352
 1 353
 1 354
 2 355
 5 356
 0 357
 4 358
 1 359
 0 360
 3 361
 1 362
 1 363
 0 364
 1 365
 1 366
 1 367
 0 368
 1 369
 0 370
 0 371
 0 372
 0 373
 0 374
 4 375
 0 376
 0 377
 0 378
 2 379
 2 380
 1 381
 0 382
 0 383
 0 384
 1 385
 1 386
 1 387
 0 388
 0 389
 0 390
 1 391
 1 392
 0 393
 0 394
 1 395
 0 396
 0 397
 0 398
 1 399
 0 400
 0 401
 0 402
 0 403
 0 404
 0 405
 0 406
 0 407
 0 408
 1 409
 0 410
 0 411
 0 412
 0 413
 0 414
 0 415
 0 416
 0 417
 0 418
 0 419
 0 420
 0 421
 0 422
 0 423
 0 424
 0 425
 0 426
 0 427
 0 428
 0 429
 0 430
 0 431
 0 432
 0 433
 0 434
 0 435
 0 436
 0 437
 0 438
 0 439
 0 440
 0 441
 0 442
 0 443
 0 444
 0 445
 0 446
 0 447
 0 448
 0 449
 0 450
 0 451
 0 452
 0 453
 0 454
 0 455
 0 456
 0 457
 0 458
 0 459
 0 460
 0 461
 0 462
 0 463
 0 464
 0 465
 0 466
 0 467
 0 468
 0 469
 0 470
 0 471
 0 472
 0 473
 0 474
 0 475
 0 476
 0 477
 0 478
 0 479
 0 480
 0 481
 0 482
 0 483
 0 484
 0 485
 0 486
 0 487
 0 488
 0 489
 0 490
 0 491
 0 492
 0 493
 0 494
 0 495
 0 496
 0 497
 0 498
 0 499
 0 500
 0 501
 0 502
 0 503
 0 504
 0 505
 0 506
 0 507
 0 508
 0 509
 0 510
 0 511
 0 512
 0 513
 0 514
 0 515
 0 516
 0 517
 0 518
 0 519
 0 520
 0 521
 0 522
 0 523
 0 524
 0 525
 0 526
 0 527
 0 528
 0 529
 0 530
 0 531
 0 532
 0 533
 0 534
 0 535
 0 536
 0 537
 0 538
 0 539
 0 540
 0 541
 0 542
 0 543
 0 544
 0 545
 0 546
 0 547
 0 548
 0 549
 0 550
 0 551
 0 552
 0 553
 0 554
 0 555
 0 556
 0 557
 0 558
 0 559
 0 560
 0 561
 0 562
 0 563
 0 564
 0 565
 0 566
 0 567
 0 568
 0 569
 0 570
 0 571
 0 572
 0 573
 0 574
 0 575
 0 576
 0 577
 0 578
 0 579
 0 580
 0 581
 0 582
 0 583
 0 584
 0 585
 0 586
 0 587
 0 588
 0 589
 0 590
 0 591
 0 592
 0 593
 0 594
 0 595
 0 596
 0 597
 0 598
 0 599
 0 600


