# Created by Octave 3.8.2, Sun Jun 21 00:11:38 2020 CEST <damian@fptrucha.inv.usc.es>
# name: hd
# type: matrix
# rows: 551
# columns: 2
 0 50
 0 51
 0 52
 0 53
 0 54
 0 55
 0 56
 0 57
 0 58
 0 59
 0 60
 0 61
 0 62
 0 63
 0 64
 0 65
 0 66
 0 67
 0 68
 0 69
 0 70
 0 71
 0 72
 0 73
 0 74
 0 75
 0 76
 0 77
 0 78
 0 79
 0 80
 0 81
 0 82
 0 83
 0 84
 0 85
 0 86
 0 87
 0 88
 3 89
 4 90
 30 91
 79 92
 112 93
 138 94
 230 95
 405 96
 531 97
 693 98
 768 99
 995 100
 1025 101
 1118 102
 1170 103
 1168 104
 1217 105
 1256 106
 1237 107
 1296 108
 1228 109
 1203 110
 1157 111
 1116 112
 1058 113
 1003 114
 979 115
 894 116
 856 117
 823 118
 802 119
 708 120
 638 121
 596 122
 591 123
 523 124
 488 125
 449 126
 418 127
 358 128
 339 129
 324 130
 331 131
 253 132
 270 133
 236 134
 209 135
 221 136
 180 137
 163 138
 133 139
 148 140
 138 141
 106 142
 131 143
 123 144
 100 145
 90 146
 93 147
 84 148
 80 149
 69 150
 79 151
 51 152
 46 153
 55 154
 48 155
 50 156
 40 157
 45 158
 32 159
 32 160
 33 161
 37 162
 34 163
 27 164
 25 165
 26 166
 28 167
 16 168
 22 169
 21 170
 13 171
 21 172
 16 173
 13 174
 18 175
 16 176
 12 177
 13 178
 11 179
 9 180
 9 181
 6 182
 11 183
 10 184
 9 185
 7 186
 2 187
 4 188
 5 189
 6 190
 7 191
 9 192
 3 193
 0 194
 4 195
 2 196
 2 197
 3 198
 2 199
 3 200
 1 201
 7 202
 0 203
 2 204
 2 205
 1 206
 0 207
 3 208
 1 209
 0 210
 0 211
 0 212
 0 213
 0 214
 1 215
 1 216
 1 217
 0 218
 0 219
 0 220
 0 221
 0 222
 1 223
 0 224
 0 225
 0 226
 0 227
 0 228
 0 229
 0 230
 0 231
 0 232
 0 233
 1 234
 0 235
 0 236
 0 237
 0 238
 0 239
 0 240
 0 241
 0 242
 0 243
 0 244
 0 245
 0 246
 0 247
 0 248
 0 249
 0 250
 0 251
 0 252
 0 253
 0 254
 0 255
 0 256
 0 257
 0 258
 0 259
 1 260
 0 261
 0 262
 0 263
 0 264
 0 265
 0 266
 0 267
 0 268
 0 269
 0 270
 0 271
 0 272
 0 273
 0 274
 0 275
 0 276
 0 277
 2 278
 0 279
 0 280
 0 281
 0 282
 0 283
 1 284
 1 285
 0 286
 1 287
 0 288
 0 289
 0 290
 3 291
 4 292
 0 293
 0 294
 3 295
 0 296
 0 297
 1 298
 3 299
 1 300
 0 301
 1 302
 1 303
 1 304
 1 305
 3 306
 1 307
 1 308
 3 309
 1 310
 2 311
 2 312
 2 313
 2 314
 2 315
 2 316
 2 317
 3 318
 0 319
 4 320
 1 321
 1 322
 3 323
 4 324
 3 325
 2 326
 4 327
 3 328
 3 329
 3 330
 2 331
 1 332
 3 333
 2 334
 2 335
 1 336
 3 337
 1 338
 2 339
 2 340
 1 341
 3 342
 1 343
 1 344
 3 345
 1 346
 3 347
 2 348
 1 349
 4 350
 3 351
 1 352
 0 353
 3 354
 3 355
 1 356
 1 357
 2 358
 1 359
 2 360
 1 361
 3 362
 2 363
 1 364
 0 365
 0 366
 3 367
 0 368
 1 369
 1 370
 0 371
 1 372
 1 373
 2 374
 0 375
 0 376
 0 377
 0 378
 0 379
 1 380
 1 381
 1 382
 2 383
 1 384
 1 385
 1 386
 0 387
 1 388
 2 389
 0 390
 2 391
 0 392
 0 393
 0 394
 1 395
 0 396
 0 397
 0 398
 1 399
 1 400
 1 401
 0 402
 1 403
 0 404
 0 405
 0 406
 0 407
 0 408
 0 409
 0 410
 0 411
 0 412
 0 413
 1 414
 0 415
 0 416
 0 417
 0 418
 0 419
 0 420
 0 421
 0 422
 1 423
 0 424
 0 425
 0 426
 0 427
 0 428
 0 429
 0 430
 0 431
 0 432
 0 433
 0 434
 0 435
 0 436
 0 437
 0 438
 0 439
 0 440
 0 441
 0 442
 0 443
 0 444
 0 445
 0 446
 0 447
 0 448
 0 449
 0 450
 0 451
 0 452
 0 453
 0 454
 0 455
 0 456
 0 457
 0 458
 0 459
 0 460
 0 461
 0 462
 0 463
 0 464
 0 465
 0 466
 0 467
 0 468
 0 469
 0 470
 0 471
 0 472
 0 473
 0 474
 0 475
 0 476
 0 477
 0 478
 0 479
 0 480
 0 481
 0 482
 0 483
 0 484
 0 485
 0 486
 0 487
 0 488
 0 489
 0 490
 0 491
 0 492
 0 493
 0 494
 0 495
 0 496
 0 497
 0 498
 0 499
 0 500
 0 501
 0 502
 0 503
 0 504
 0 505
 0 506
 0 507
 0 508
 0 509
 0 510
 0 511
 0 512
 0 513
 0 514
 0 515
 0 516
 0 517
 0 518
 0 519
 0 520
 0 521
 0 522
 0 523
 0 524
 0 525
 0 526
 0 527
 0 528
 0 529
 0 530
 0 531
 0 532
 0 533
 0 534
 0 535
 0 536
 0 537
 0 538
 0 539
 0 540
 0 541
 0 542
 0 543
 0 544
 0 545
 0 546
 0 547
 0 548
 0 549
 0 550
 0 551
 0 552
 0 553
 0 554
 0 555
 0 556
 0 557
 0 558
 0 559
 0 560
 0 561
 0 562
 0 563
 0 564
 0 565
 0 566
 0 567
 0 568
 0 569
 0 570
 0 571
 0 572
 0 573
 0 574
 0 575
 0 576
 0 577
 0 578
 0 579
 0 580
 0 581
 0 582
 0 583
 0 584
 0 585
 0 586
 0 587
 0 588
 0 589
 0 590
 0 591
 0 592
 0 593
 0 594
 0 595
 0 596
 0 597
 0 598
 0 599
 0 600


