# Created by Octave 3.8.2, Mon Jun 22 08:46:33 2020 CEST <damian@fptrucha.inv.usc.es>
# name: hd
# type: matrix
# rows: 551
# columns: 2
 0 50
 0 51
 0 52
 0 53
 0 54
 0 55
 0 56
 0 57
 0 58
 0 59
 0 60
 0 61
 0 62
 0 63
 0 64
 0 65
 0 66
 0 67
 0 68
 0 69
 0 70
 0 71
 0 72
 0 73
 0 74
 1 75
 0 76
 0 77
 0 78
 0 79
 0 80
 0 81
 0 82
 0 83
 0 84
 0 85
 0 86
 1 87
 0 88
 4 89
 4 90
 14 91
 69 92
 99 93
 141 94
 238 95
 334 96
 569 97
 770 98
 989 99
 1114 100
 1227 101
 1346 102
 1337 103
 1404 104
 1480 105
 1423 106
 1407 107
 1324 108
 1291 109
 1283 110
 1190 111
 1114 112
 1092 113
 974 114
 922 115
 871 116
 786 117
 709 118
 617 119
 616 120
 537 121
 481 122
 444 123
 427 124
 380 125
 337 126
 343 127
 286 128
 275 129
 278 130
 240 131
 218 132
 191 133
 185 134
 162 135
 176 136
 134 137
 127 138
 132 139
 121 140
 107 141
 130 142
 111 143
 94 144
 86 145
 75 146
 70 147
 84 148
 64 149
 77 150
 65 151
 45 152
 47 153
 69 154
 55 155
 42 156
 58 157
 45 158
 41 159
 34 160
 40 161
 28 162
 22 163
 37 164
 32 165
 35 166
 27 167
 24 168
 21 169
 26 170
 18 171
 25 172
 19 173
 20 174
 14 175
 10 176
 15 177
 10 178
 11 179
 10 180
 10 181
 9 182
 12 183
 7 184
 8 185
 6 186
 7 187
 3 188
 4 189
 8 190
 3 191
 2 192
 0 193
 5 194
 5 195
 0 196
 6 197
 3 198
 3 199
 2 200
 1 201
 1 202
 2 203
 3 204
 1 205
 2 206
 0 207
 2 208
 3 209
 1 210
 1 211
 1 212
 1 213
 0 214
 1 215
 0 216
 0 217
 0 218
 0 219
 0 220
 0 221
 1 222
 1 223
 0 224
 0 225
 0 226
 0 227
 1 228
 1 229
 0 230
 0 231
 0 232
 1 233
 0 234
 0 235
 1 236
 0 237
 1 238
 0 239
 0 240
 0 241
 0 242
 0 243
 0 244
 0 245
 0 246
 0 247
 0 248
 0 249
 0 250
 0 251
 0 252
 0 253
 0 254
 0 255
 0 256
 0 257
 0 258
 0 259
 0 260
 0 261
 0 262
 0 263
 0 264
 0 265
 0 266
 0 267
 0 268
 0 269
 0 270
 0 271
 0 272
 0 273
 0 274
 0 275
 0 276
 0 277
 0 278
 0 279
 0 280
 0 281
 0 282
 1 283
 0 284
 1 285
 0 286
 0 287
 0 288
 0 289
 3 290
 0 291
 2 292
 2 293
 1 294
 0 295
 2 296
 2 297
 1 298
 7 299
 1 300
 0 301
 1 302
 0 303
 1 304
 1 305
 1 306
 2 307
 4 308
 2 309
 2 310
 2 311
 1 312
 2 313
 5 314
 3 315
 2 316
 5 317
 2 318
 2 319
 4 320
 1 321
 2 322
 4 323
 2 324
 3 325
 3 326
 3 327
 3 328
 2 329
 4 330
 1 331
 2 332
 6 333
 1 334
 4 335
 3 336
 2 337
 1 338
 2 339
 2 340
 1 341
 1 342
 4 343
 3 344
 2 345
 0 346
 3 347
 1 348
 4 349
 6 350
 4 351
 6 352
 2 353
 1 354
 1 355
 1 356
 3 357
 2 358
 2 359
 1 360
 1 361
 4 362
 2 363
 1 364
 0 365
 0 366
 0 367
 0 368
 2 369
 2 370
 1 371
 2 372
 2 373
 1 374
 0 375
 0 376
 1 377
 0 378
 1 379
 1 380
 0 381
 0 382
 1 383
 2 384
 0 385
 1 386
 0 387
 0 388
 0 389
 0 390
 0 391
 0 392
 0 393
 0 394
 1 395
 1 396
 0 397
 0 398
 1 399
 0 400
 0 401
 0 402
 1 403
 0 404
 0 405
 0 406
 0 407
 0 408
 0 409
 0 410
 0 411
 0 412
 0 413
 0 414
 0 415
 0 416
 0 417
 0 418
 0 419
 0 420
 0 421
 0 422
 0 423
 0 424
 0 425
 0 426
 0 427
 0 428
 0 429
 0 430
 0 431
 0 432
 0 433
 0 434
 0 435
 0 436
 0 437
 0 438
 0 439
 0 440
 0 441
 0 442
 0 443
 0 444
 0 445
 0 446
 0 447
 0 448
 0 449
 0 450
 0 451
 0 452
 0 453
 0 454
 0 455
 0 456
 0 457
 0 458
 0 459
 0 460
 0 461
 0 462
 0 463
 0 464
 0 465
 0 466
 0 467
 0 468
 0 469
 0 470
 0 471
 0 472
 0 473
 0 474
 0 475
 0 476
 0 477
 0 478
 0 479
 0 480
 0 481
 0 482
 0 483
 0 484
 0 485
 0 486
 0 487
 0 488
 0 489
 0 490
 0 491
 0 492
 0 493
 0 494
 0 495
 0 496
 0 497
 0 498
 0 499
 0 500
 0 501
 0 502
 0 503
 0 504
 0 505
 0 506
 0 507
 0 508
 0 509
 0 510
 0 511
 0 512
 0 513
 0 514
 0 515
 0 516
 0 517
 0 518
 0 519
 0 520
 0 521
 0 522
 0 523
 0 524
 0 525
 0 526
 0 527
 0 528
 0 529
 0 530
 0 531
 0 532
 0 533
 0 534
 0 535
 0 536
 0 537
 0 538
 0 539
 0 540
 0 541
 0 542
 0 543
 0 544
 0 545
 0 546
 0 547
 0 548
 0 549
 0 550
 0 551
 0 552
 0 553
 0 554
 0 555
 0 556
 0 557
 0 558
 0 559
 0 560
 0 561
 0 562
 0 563
 0 564
 0 565
 0 566
 0 567
 0 568
 0 569
 0 570
 0 571
 0 572
 0 573
 0 574
 0 575
 0 576
 0 577
 0 578
 0 579
 0 580
 0 581
 0 582
 0 583
 0 584
 0 585
 0 586
 0 587
 0 588
 0 589
 0 590
 0 591
 0 592
 0 593
 0 594
 0 595
 0 596
 0 597
 0 598
 0 599
 0 600


