# Created by Octave 3.8.2, Mon Jun 22 19:48:35 2020 CEST <damian@fptrucha.inv.usc.es>
# name: hd
# type: matrix
# rows: 551
# columns: 2
 0 50
 0 51
 0 52
 0 53
 0 54
 0 55
 0 56
 0 57
 0 58
 0 59
 0 60
 0 61
 0 62
 0 63
 0 64
 0 65
 0 66
 0 67
 0 68
 0 69
 0 70
 0 71
 0 72
 0 73
 0 74
 0 75
 0 76
 0 77
 0 78
 0 79
 0 80
 0 81
 0 82
 0 83
 0 84
 0 85
 0 86
 0 87
 0 88
 3 89
 3 90
 19 91
 86 92
 127 93
 167 94
 318 95
 410 96
 651 97
 914 98
 1002 99
 1299 100
 1354 101
 1556 102
 1523 103
 1553 104
 1668 105
 1677 106
 1585 107
 1487 108
 1484 109
 1368 110
 1287 111
 1200 112
 1090 113
 996 114
 966 115
 879 116
 760 117
 761 118
 646 119
 650 120
 577 121
 504 122
 432 123
 363 124
 377 125
 354 126
 340 127
 307 128
 274 129
 267 130
 220 131
 218 132
 177 133
 185 134
 173 135
 175 136
 142 137
 155 138
 129 139
 125 140
 119 141
 115 142
 99 143
 77 144
 76 145
 79 146
 77 147
 82 148
 62 149
 65 150
 53 151
 61 152
 54 153
 51 154
 39 155
 46 156
 54 157
 38 158
 35 159
 46 160
 37 161
 35 162
 33 163
 21 164
 16 165
 30 166
 21 167
 20 168
 28 169
 14 170
 19 171
 13 172
 15 173
 15 174
 11 175
 7 176
 8 177
 10 178
 10 179
 9 180
 9 181
 9 182
 8 183
 11 184
 12 185
 5 186
 1 187
 9 188
 6 189
 1 190
 1 191
 4 192
 3 193
 2 194
 6 195
 6 196
 2 197
 2 198
 1 199
 1 200
 1 201
 1 202
 0 203
 2 204
 2 205
 0 206
 2 207
 1 208
 0 209
 1 210
 2 211
 1 212
 0 213
 1 214
 0 215
 2 216
 0 217
 0 218
 1 219
 2 220
 0 221
 0 222
 1 223
 1 224
 0 225
 0 226
 1 227
 0 228
 1 229
 0 230
 0 231
 0 232
 0 233
 0 234
 0 235
 0 236
 0 237
 0 238
 0 239
 0 240
 0 241
 0 242
 0 243
 0 244
 0 245
 0 246
 0 247
 0 248
 0 249
 0 250
 0 251
 0 252
 0 253
 0 254
 0 255
 0 256
 0 257
 0 258
 0 259
 0 260
 0 261
 0 262
 0 263
 0 264
 0 265
 0 266
 0 267
 0 268
 0 269
 0 270
 0 271
 0 272
 0 273
 0 274
 0 275
 0 276
 0 277
 0 278
 0 279
 0 280
 0 281
 0 282
 0 283
 0 284
 0 285
 0 286
 0 287
 1 288
 3 289
 1 290
 0 291
 2 292
 1 293
 1 294
 0 295
 2 296
 0 297
 0 298
 1 299
 2 300
 0 301
 2 302
 1 303
 2 304
 1 305
 4 306
 1 307
 4 308
 3 309
 1 310
 3 311
 2 312
 2 313
 1 314
 1 315
 0 316
 3 317
 4 318
 0 319
 3 320
 2 321
 2 322
 3 323
 0 324
 4 325
 1 326
 3 327
 5 328
 4 329
 2 330
 2 331
 2 332
 2 333
 1 334
 1 335
 2 336
 2 337
 4 338
 2 339
 2 340
 4 341
 3 342
 0 343
 3 344
 4 345
 2 346
 5 347
 1 348
 2 349
 2 350
 1 351
 2 352
 0 353
 2 354
 0 355
 0 356
 2 357
 6 358
 2 359
 2 360
 0 361
 0 362
 1 363
 1 364
 4 365
 0 366
 1 367
 1 368
 1 369
 1 370
 1 371
 1 372
 1 373
 1 374
 0 375
 0 376
 0 377
 0 378
 0 379
 1 380
 0 381
 0 382
 0 383
 0 384
 0 385
 1 386
 1 387
 0 388
 0 389
 0 390
 0 391
 1 392
 0 393
 0 394
 0 395
 0 396
 0 397
 0 398
 0 399
 0 400
 0 401
 1 402
 0 403
 0 404
 0 405
 1 406
 0 407
 0 408
 0 409
 0 410
 0 411
 0 412
 0 413
 0 414
 0 415
 0 416
 0 417
 0 418
 0 419
 0 420
 0 421
 0 422
 0 423
 0 424
 0 425
 0 426
 0 427
 0 428
 0 429
 0 430
 0 431
 0 432
 0 433
 0 434
 0 435
 0 436
 0 437
 0 438
 0 439
 0 440
 1 441
 0 442
 0 443
 0 444
 0 445
 0 446
 0 447
 0 448
 0 449
 0 450
 0 451
 0 452
 0 453
 0 454
 0 455
 0 456
 0 457
 0 458
 0 459
 0 460
 0 461
 0 462
 0 463
 0 464
 0 465
 0 466
 0 467
 0 468
 0 469
 0 470
 0 471
 0 472
 0 473
 0 474
 0 475
 0 476
 0 477
 0 478
 0 479
 0 480
 0 481
 0 482
 0 483
 0 484
 0 485
 0 486
 0 487
 0 488
 0 489
 0 490
 0 491
 0 492
 0 493
 0 494
 0 495
 0 496
 0 497
 0 498
 0 499
 0 500
 0 501
 0 502
 0 503
 0 504
 0 505
 0 506
 0 507
 0 508
 0 509
 0 510
 0 511
 0 512
 0 513
 0 514
 0 515
 0 516
 0 517
 0 518
 0 519
 0 520
 0 521
 0 522
 0 523
 0 524
 0 525
 0 526
 0 527
 0 528
 0 529
 0 530
 0 531
 0 532
 0 533
 0 534
 0 535
 0 536
 0 537
 0 538
 0 539
 0 540
 0 541
 0 542
 0 543
 0 544
 0 545
 0 546
 0 547
 0 548
 0 549
 0 550
 0 551
 0 552
 0 553
 0 554
 0 555
 0 556
 0 557
 0 558
 0 559
 0 560
 0 561
 0 562
 0 563
 0 564
 0 565
 0 566
 0 567
 0 568
 0 569
 0 570
 0 571
 0 572
 0 573
 0 574
 0 575
 0 576
 0 577
 0 578
 0 579
 0 580
 0 581
 0 582
 0 583
 0 584
 0 585
 0 586
 0 587
 0 588
 0 589
 0 590
 0 591
 0 592
 0 593
 0 594
 0 595
 0 596
 0 597
 0 598
 0 599
 0 600


