# Created by Octave 3.8.2, Mon Jun 22 22:44:42 2020 CEST <damian@fptrucha.inv.usc.es>
# name: hd
# type: matrix
# rows: 551
# columns: 2
 0 50
 0 51
 0 52
 0 53
 0 54
 0 55
 0 56
 0 57
 0 58
 0 59
 0 60
 0 61
 0 62
 0 63
 0 64
 0 65
 0 66
 0 67
 0 68
 0 69
 0 70
 0 71
 0 72
 0 73
 0 74
 0 75
 0 76
 0 77
 0 78
 0 79
 0 80
 0 81
 0 82
 0 83
 0 84
 0 85
 0 86
 0 87
 2 88
 0 89
 4 90
 31 91
 106 92
 160 93
 203 94
 313 95
 519 96
 722 97
 964 98
 1177 99
 1335 100
 1439 101
 1560 102
 1506 103
 1613 104
 1592 105
 1638 106
 1598 107
 1456 108
 1466 109
 1417 110
 1267 111
 1227 112
 1062 113
 1009 114
 926 115
 891 116
 827 117
 726 118
 648 119
 648 120
 567 121
 493 122
 426 123
 403 124
 364 125
 382 126
 318 127
 249 128
 306 129
 248 130
 208 131
 218 132
 216 133
 172 134
 170 135
 147 136
 134 137
 129 138
 130 139
 111 140
 105 141
 113 142
 100 143
 91 144
 71 145
 82 146
 73 147
 79 148
 73 149
 77 150
 46 151
 56 152
 68 153
 58 154
 42 155
 55 156
 64 157
 37 158
 29 159
 42 160
 29 161
 44 162
 26 163
 30 164
 22 165
 23 166
 31 167
 15 168
 14 169
 25 170
 18 171
 19 172
 17 173
 12 174
 20 175
 9 176
 9 177
 13 178
 9 179
 7 180
 4 181
 7 182
 4 183
 8 184
 6 185
 4 186
 5 187
 3 188
 8 189
 7 190
 5 191
 3 192
 2 193
 6 194
 3 195
 2 196
 4 197
 4 198
 2 199
 6 200
 2 201
 3 202
 1 203
 1 204
 1 205
 1 206
 4 207
 3 208
 3 209
 1 210
 3 211
 0 212
 2 213
 1 214
 0 215
 0 216
 0 217
 0 218
 2 219
 0 220
 0 221
 0 222
 1 223
 0 224
 0 225
 0 226
 0 227
 0 228
 1 229
 0 230
 0 231
 0 232
 0 233
 0 234
 0 235
 0 236
 0 237
 0 238
 0 239
 0 240
 0 241
 0 242
 0 243
 0 244
 0 245
 0 246
 0 247
 0 248
 0 249
 1 250
 0 251
 0 252
 0 253
 0 254
 0 255
 0 256
 0 257
 0 258
 0 259
 0 260
 0 261
 0 262
 0 263
 0 264
 0 265
 0 266
 0 267
 0 268
 0 269
 0 270
 0 271
 0 272
 0 273
 1 274
 0 275
 0 276
 0 277
 0 278
 0 279
 0 280
 0 281
 0 282
 0 283
 0 284
 1 285
 1 286
 0 287
 0 288
 0 289
 1 290
 0 291
 0 292
 0 293
 1 294
 0 295
 1 296
 0 297
 1 298
 3 299
 2 300
 1 301
 4 302
 3 303
 3 304
 3 305
 1 306
 5 307
 5 308
 3 309
 1 310
 3 311
 4 312
 2 313
 3 314
 3 315
 2 316
 2 317
 3 318
 3 319
 5 320
 1 321
 0 322
 3 323
 3 324
 1 325
 2 326
 3 327
 1 328
 5 329
 5 330
 2 331
 2 332
 2 333
 2 334
 3 335
 6 336
 6 337
 3 338
 2 339
 4 340
 2 341
 1 342
 1 343
 2 344
 2 345
 3 346
 4 347
 4 348
 2 349
 2 350
 3 351
 6 352
 1 353
 3 354
 0 355
 0 356
 2 357
 2 358
 2 359
 2 360
 0 361
 0 362
 0 363
 3 364
 2 365
 1 366
 2 367
 1 368
 1 369
 1 370
 2 371
 1 372
 0 373
 1 374
 2 375
 0 376
 0 377
 1 378
 0 379
 0 380
 0 381
 1 382
 0 383
 2 384
 0 385
 0 386
 0 387
 1 388
 0 389
 0 390
 0 391
 1 392
 0 393
 0 394
 0 395
 0 396
 0 397
 0 398
 0 399
 1 400
 0 401
 0 402
 0 403
 0 404
 0 405
 0 406
 0 407
 0 408
 0 409
 0 410
 0 411
 0 412
 0 413
 1 414
 0 415
 0 416
 0 417
 0 418
 0 419
 1 420
 0 421
 0 422
 0 423
 0 424
 0 425
 0 426
 0 427
 0 428
 0 429
 0 430
 0 431
 0 432
 0 433
 0 434
 0 435
 0 436
 0 437
 0 438
 0 439
 0 440
 0 441
 0 442
 0 443
 0 444
 0 445
 0 446
 0 447
 0 448
 0 449
 0 450
 0 451
 0 452
 0 453
 0 454
 0 455
 0 456
 0 457
 0 458
 0 459
 0 460
 0 461
 0 462
 0 463
 0 464
 0 465
 0 466
 0 467
 0 468
 0 469
 0 470
 0 471
 0 472
 0 473
 0 474
 0 475
 0 476
 0 477
 0 478
 0 479
 0 480
 0 481
 0 482
 0 483
 0 484
 0 485
 0 486
 0 487
 0 488
 0 489
 0 490
 0 491
 0 492
 0 493
 0 494
 0 495
 0 496
 0 497
 0 498
 0 499
 0 500
 0 501
 0 502
 0 503
 0 504
 0 505
 0 506
 0 507
 0 508
 0 509
 0 510
 0 511
 0 512
 0 513
 0 514
 0 515
 0 516
 0 517
 0 518
 0 519
 0 520
 0 521
 0 522
 0 523
 0 524
 0 525
 0 526
 0 527
 0 528
 0 529
 0 530
 0 531
 0 532
 0 533
 0 534
 0 535
 0 536
 0 537
 0 538
 0 539
 0 540
 0 541
 0 542
 0 543
 0 544
 0 545
 0 546
 0 547
 0 548
 0 549
 0 550
 0 551
 0 552
 0 553
 0 554
 0 555
 0 556
 0 557
 0 558
 0 559
 0 560
 0 561
 0 562
 0 563
 0 564
 0 565
 0 566
 0 567
 0 568
 0 569
 0 570
 0 571
 0 572
 0 573
 0 574
 0 575
 0 576
 0 577
 0 578
 0 579
 0 580
 0 581
 0 582
 0 583
 0 584
 0 585
 0 586
 0 587
 0 588
 0 589
 0 590
 0 591
 0 592
 0 593
 0 594
 0 595
 0 596
 0 597
 0 598
 0 599
 0 600


