# Created by Octave 3.8.2, Mon Jun 22 14:58:57 2020 CEST <damian@fptrucha.inv.usc.es>
# name: hd
# type: matrix
# rows: 551
# columns: 2
 0 50
 0 51
 0 52
 0 53
 0 54
 0 55
 0 56
 0 57
 0 58
 0 59
 0 60
 0 61
 0 62
 0 63
 0 64
 0 65
 0 66
 0 67
 0 68
 0 69
 0 70
 0 71
 0 72
 0 73
 0 74
 0 75
 0 76
 0 77
 0 78
 0 79
 0 80
 0 81
 0 82
 0 83
 0 84
 0 85
 0 86
 0 87
 0 88
 1 89
 6 90
 19 91
 91 92
 119 93
 197 94
 251 95
 438 96
 688 97
 891 98
 1054 99
 1301 100
 1462 101
 1421 102
 1557 103
 1542 104
 1626 105
 1516 106
 1479 107
 1461 108
 1449 109
 1312 110
 1266 111
 1130 112
 1088 113
 1026 114
 895 115
 824 116
 712 117
 694 118
 641 119
 569 120
 551 121
 497 122
 489 123
 396 124
 376 125
 342 126
 353 127
 304 128
 250 129
 264 130
 226 131
 222 132
 204 133
 187 134
 163 135
 159 136
 138 137
 152 138
 122 139
 124 140
 110 141
 98 142
 90 143
 89 144
 76 145
 82 146
 83 147
 69 148
 81 149
 77 150
 64 151
 59 152
 60 153
 34 154
 42 155
 47 156
 40 157
 46 158
 40 159
 46 160
 31 161
 26 162
 24 163
 26 164
 21 165
 24 166
 20 167
 16 168
 25 169
 19 170
 22 171
 13 172
 8 173
 13 174
 18 175
 17 176
 12 177
 13 178
 9 179
 8 180
 10 181
 7 182
 5 183
 9 184
 10 185
 5 186
 9 187
 5 188
 8 189
 9 190
 8 191
 4 192
 1 193
 7 194
 5 195
 3 196
 0 197
 3 198
 1 199
 3 200
 3 201
 6 202
 0 203
 0 204
 0 205
 3 206
 0 207
 0 208
 1 209
 2 210
 3 211
 1 212
 1 213
 0 214
 0 215
 0 216
 0 217
 0 218
 0 219
 0 220
 0 221
 0 222
 0 223
 0 224
 1 225
 1 226
 1 227
 0 228
 0 229
 0 230
 1 231
 0 232
 0 233
 0 234
 0 235
 0 236
 0 237
 0 238
 0 239
 0 240
 0 241
 0 242
 0 243
 0 244
 0 245
 0 246
 0 247
 0 248
 0 249
 0 250
 0 251
 0 252
 1 253
 0 254
 0 255
 0 256
 0 257
 0 258
 0 259
 0 260
 0 261
 0 262
 0 263
 0 264
 0 265
 0 266
 0 267
 0 268
 0 269
 0 270
 0 271
 0 272
 0 273
 0 274
 0 275
 1 276
 0 277
 1 278
 0 279
 0 280
 1 281
 0 282
 0 283
 1 284
 0 285
 1 286
 0 287
 1 288
 0 289
 2 290
 1 291
 1 292
 2 293
 0 294
 2 295
 1 296
 0 297
 1 298
 1 299
 3 300
 3 301
 3 302
 1 303
 0 304
 1 305
 0 306
 2 307
 0 308
 4 309
 2 310
 6 311
 4 312
 1 313
 1 314
 3 315
 3 316
 0 317
 1 318
 2 319
 3 320
 0 321
 4 322
 4 323
 3 324
 3 325
 1 326
 6 327
 5 328
 2 329
 2 330
 3 331
 3 332
 7 333
 5 334
 3 335
 5 336
 7 337
 0 338
 1 339
 5 340
 1 341
 1 342
 3 343
 1 344
 2 345
 1 346
 2 347
 4 348
 4 349
 2 350
 1 351
 2 352
 2 353
 2 354
 1 355
 0 356
 4 357
 2 358
 2 359
 0 360
 0 361
 0 362
 2 363
 1 364
 0 365
 2 366
 3 367
 4 368
 1 369
 0 370
 2 371
 5 372
 0 373
 1 374
 1 375
 0 376
 0 377
 2 378
 0 379
 0 380
 1 381
 1 382
 0 383
 0 384
 0 385
 0 386
 1 387
 0 388
 0 389
 1 390
 1 391
 0 392
 0 393
 0 394
 0 395
 0 396
 0 397
 0 398
 0 399
 0 400
 0 401
 0 402
 0 403
 0 404
 1 405
 0 406
 0 407
 1 408
 0 409
 0 410
 0 411
 0 412
 1 413
 0 414
 0 415
 0 416
 0 417
 0 418
 0 419
 0 420
 0 421
 0 422
 0 423
 0 424
 0 425
 0 426
 0 427
 0 428
 0 429
 0 430
 0 431
 0 432
 0 433
 0 434
 0 435
 0 436
 0 437
 0 438
 0 439
 0 440
 0 441
 0 442
 0 443
 0 444
 0 445
 0 446
 0 447
 0 448
 0 449
 0 450
 0 451
 0 452
 0 453
 0 454
 0 455
 0 456
 0 457
 0 458
 0 459
 0 460
 0 461
 0 462
 0 463
 0 464
 0 465
 0 466
 0 467
 0 468
 0 469
 0 470
 0 471
 0 472
 0 473
 0 474
 0 475
 0 476
 0 477
 0 478
 0 479
 0 480
 0 481
 0 482
 0 483
 0 484
 0 485
 0 486
 0 487
 0 488
 0 489
 0 490
 0 491
 0 492
 0 493
 0 494
 0 495
 0 496
 0 497
 0 498
 0 499
 0 500
 0 501
 0 502
 0 503
 0 504
 0 505
 0 506
 0 507
 0 508
 0 509
 0 510
 0 511
 0 512
 0 513
 0 514
 0 515
 0 516
 0 517
 0 518
 0 519
 0 520
 0 521
 0 522
 0 523
 0 524
 0 525
 0 526
 0 527
 0 528
 0 529
 0 530
 0 531
 0 532
 0 533
 0 534
 0 535
 0 536
 0 537
 0 538
 0 539
 0 540
 0 541
 0 542
 0 543
 0 544
 0 545
 0 546
 0 547
 0 548
 0 549
 0 550
 0 551
 0 552
 0 553
 0 554
 0 555
 0 556
 0 557
 0 558
 0 559
 0 560
 0 561
 0 562
 0 563
 0 564
 0 565
 0 566
 0 567
 0 568
 0 569
 0 570
 0 571
 0 572
 0 573
 0 574
 0 575
 0 576
 0 577
 0 578
 0 579
 0 580
 0 581
 0 582
 0 583
 0 584
 0 585
 0 586
 0 587
 0 588
 0 589
 0 590
 0 591
 0 592
 0 593
 0 594
 0 595
 0 596
 0 597
 0 598
 0 599
 0 600


