# Created by Octave 3.8.2, Sun Jun 21 01:39:57 2020 CEST <damian@fptrucha.inv.usc.es>
# name: hd
# type: matrix
# rows: 551
# columns: 2
 0 50
 0 51
 0 52
 0 53
 0 54
 0 55
 0 56
 0 57
 0 58
 0 59
 0 60
 0 61
 0 62
 0 63
 0 64
 0 65
 0 66
 0 67
 0 68
 0 69
 0 70
 0 71
 0 72
 0 73
 0 74
 0 75
 0 76
 0 77
 0 78
 0 79
 0 80
 0 81
 0 82
 0 83
 0 84
 0 85
 0 86
 0 87
 0 88
 2 89
 5 90
 21 91
 79 92
 90 93
 153 94
 256 95
 390 96
 517 97
 669 98
 812 99
 932 100
 994 101
 1143 102
 1086 103
 1134 104
 1258 105
 1239 106
 1245 107
 1178 108
 1156 109
 1217 110
 1175 111
 1125 112
 1054 113
 1004 114
 934 115
 869 116
 851 117
 751 118
 753 119
 738 120
 625 121
 602 122
 604 123
 536 124
 468 125
 459 126
 448 127
 376 128
 365 129
 330 130
 302 131
 283 132
 265 133
 247 134
 207 135
 199 136
 208 137
 168 138
 182 139
 148 140
 111 141
 115 142
 129 143
 112 144
 105 145
 88 146
 103 147
 88 148
 86 149
 77 150
 77 151
 71 152
 79 153
 60 154
 55 155
 57 156
 48 157
 34 158
 37 159
 42 160
 45 161
 39 162
 30 163
 42 164
 28 165
 37 166
 14 167
 26 168
 22 169
 23 170
 11 171
 17 172
 13 173
 18 174
 16 175
 13 176
 12 177
 11 178
 11 179
 11 180
 5 181
 12 182
 8 183
 9 184
 10 185
 4 186
 7 187
 5 188
 3 189
 7 190
 4 191
 4 192
 7 193
 3 194
 2 195
 3 196
 1 197
 4 198
 2 199
 2 200
 3 201
 4 202
 1 203
 1 204
 2 205
 1 206
 0 207
 2 208
 0 209
 1 210
 1 211
 1 212
 0 213
 2 214
 0 215
 1 216
 0 217
 0 218
 1 219
 0 220
 0 221
 0 222
 0 223
 0 224
 0 225
 0 226
 0 227
 0 228
 0 229
 0 230
 0 231
 0 232
 0 233
 0 234
 1 235
 0 236
 0 237
 0 238
 0 239
 0 240
 0 241
 0 242
 0 243
 0 244
 0 245
 0 246
 0 247
 0 248
 0 249
 0 250
 0 251
 0 252
 0 253
 0 254
 0 255
 0 256
 0 257
 0 258
 0 259
 0 260
 0 261
 0 262
 0 263
 0 264
 0 265
 0 266
 0 267
 0 268
 0 269
 0 270
 0 271
 0 272
 0 273
 0 274
 1 275
 2 276
 1 277
 1 278
 0 279
 1 280
 0 281
 0 282
 0 283
 0 284
 0 285
 1 286
 0 287
 1 288
 0 289
 1 290
 1 291
 1 292
 1 293
 2 294
 0 295
 2 296
 0 297
 0 298
 0 299
 0 300
 0 301
 1 302
 2 303
 0 304
 1 305
 1 306
 0 307
 1 308
 1 309
 2 310
 1 311
 1 312
 1 313
 2 314
 1 315
 2 316
 5 317
 0 318
 1 319
 4 320
 4 321
 4 322
 6 323
 2 324
 1 325
 1 326
 2 327
 1 328
 2 329
 0 330
 1 331
 3 332
 3 333
 2 334
 2 335
 4 336
 3 337
 2 338
 1 339
 2 340
 1 341
 2 342
 4 343
 4 344
 2 345
 4 346
 1 347
 2 348
 1 349
 1 350
 3 351
 2 352
 0 353
 5 354
 2 355
 2 356
 0 357
 3 358
 2 359
 0 360
 1 361
 1 362
 2 363
 1 364
 3 365
 0 366
 2 367
 0 368
 0 369
 1 370
 0 371
 1 372
 1 373
 1 374
 2 375
 2 376
 1 377
 2 378
 0 379
 1 380
 0 381
 2 382
 0 383
 0 384
 0 385
 0 386
 0 387
 0 388
 0 389
 0 390
 0 391
 0 392
 0 393
 0 394
 0 395
 1 396
 0 397
 1 398
 0 399
 0 400
 1 401
 0 402
 0 403
 0 404
 0 405
 0 406
 0 407
 0 408
 0 409
 1 410
 1 411
 0 412
 0 413
 0 414
 0 415
 0 416
 0 417
 0 418
 0 419
 0 420
 0 421
 0 422
 0 423
 0 424
 0 425
 0 426
 0 427
 0 428
 0 429
 0 430
 0 431
 0 432
 0 433
 0 434
 0 435
 0 436
 0 437
 0 438
 0 439
 0 440
 0 441
 0 442
 0 443
 0 444
 0 445
 0 446
 0 447
 0 448
 0 449
 0 450
 0 451
 0 452
 0 453
 0 454
 0 455
 0 456
 0 457
 0 458
 0 459
 0 460
 0 461
 0 462
 0 463
 0 464
 0 465
 0 466
 0 467
 0 468
 0 469
 0 470
 0 471
 0 472
 0 473
 0 474
 0 475
 0 476
 0 477
 0 478
 0 479
 0 480
 0 481
 0 482
 0 483
 0 484
 0 485
 0 486
 0 487
 0 488
 0 489
 0 490
 0 491
 0 492
 0 493
 0 494
 0 495
 0 496
 0 497
 0 498
 0 499
 0 500
 0 501
 0 502
 0 503
 0 504
 0 505
 0 506
 0 507
 0 508
 0 509
 0 510
 0 511
 0 512
 0 513
 0 514
 0 515
 0 516
 0 517
 0 518
 0 519
 0 520
 0 521
 0 522
 0 523
 0 524
 0 525
 0 526
 0 527
 0 528
 0 529
 0 530
 0 531
 0 532
 0 533
 0 534
 0 535
 0 536
 0 537
 0 538
 0 539
 0 540
 0 541
 0 542
 0 543
 0 544
 0 545
 0 546
 0 547
 0 548
 0 549
 0 550
 0 551
 0 552
 0 553
 0 554
 0 555
 0 556
 0 557
 0 558
 0 559
 0 560
 0 561
 0 562
 0 563
 0 564
 0 565
 0 566
 0 567
 0 568
 0 569
 0 570
 0 571
 0 572
 0 573
 0 574
 0 575
 0 576
 0 577
 0 578
 0 579
 0 580
 0 581
 0 582
 0 583
 0 584
 0 585
 0 586
 0 587
 0 588
 0 589
 0 590
 0 591
 0 592
 0 593
 0 594
 0 595
 0 596
 0 597
 0 598
 0 599
 0 600


