# Created by Octave 3.8.2, Tue Jun 23 00:04:31 2020 CEST <damian@fptrucha.inv.usc.es>
# name: hd
# type: matrix
# rows: 551
# columns: 2
 0 50
 0 51
 0 52
 0 53
 0 54
 0 55
 0 56
 0 57
 0 58
 0 59
 0 60
 0 61
 0 62
 0 63
 0 64
 0 65
 0 66
 0 67
 0 68
 0 69
 0 70
 0 71
 0 72
 0 73
 0 74
 0 75
 0 76
 0 77
 0 78
 0 79
 0 80
 0 81
 0 82
 0 83
 0 84
 0 85
 0 86
 0 87
 1 88
 3 89
 4 90
 33 91
 94 92
 127 93
 200 94
 292 95
 522 96
 734 97
 922 98
 1083 99
 1312 100
 1405 101
 1502 102
 1468 103
 1631 104
 1633 105
 1566 106
 1538 107
 1568 108
 1394 109
 1386 110
 1294 111
 1161 112
 1182 113
 1088 114
 958 115
 896 116
 816 117
 777 118
 731 119
 649 120
 554 121
 535 122
 485 123
 451 124
 374 125
 390 126
 340 127
 302 128
 322 129
 285 130
 231 131
 222 132
 202 133
 214 134
 170 135
 162 136
 172 137
 149 138
 129 139
 110 140
 130 141
 103 142
 106 143
 108 144
 88 145
 75 146
 63 147
 79 148
 69 149
 72 150
 64 151
 62 152
 53 153
 47 154
 61 155
 56 156
 51 157
 44 158
 42 159
 26 160
 44 161
 36 162
 27 163
 25 164
 34 165
 30 166
 20 167
 27 168
 24 169
 20 170
 31 171
 16 172
 22 173
 16 174
 20 175
 17 176
 9 177
 11 178
 20 179
 8 180
 3 181
 8 182
 10 183
 12 184
 5 185
 7 186
 6 187
 7 188
 4 189
 2 190
 3 191
 4 192
 3 193
 7 194
 3 195
 7 196
 4 197
 3 198
 5 199
 3 200
 1 201
 0 202
 1 203
 2 204
 0 205
 1 206
 0 207
 3 208
 3 209
 0 210
 0 211
 1 212
 1 213
 2 214
 0 215
 1 216
 1 217
 0 218
 1 219
 0 220
 1 221
 1 222
 0 223
 1 224
 1 225
 0 226
 0 227
 0 228
 1 229
 0 230
 1 231
 0 232
 0 233
 0 234
 0 235
 0 236
 0 237
 0 238
 0 239
 0 240
 0 241
 0 242
 1 243
 0 244
 0 245
 0 246
 0 247
 0 248
 0 249
 0 250
 0 251
 0 252
 0 253
 0 254
 0 255
 0 256
 0 257
 0 258
 0 259
 0 260
 0 261
 0 262
 0 263
 0 264
 0 265
 0 266
 0 267
 0 268
 0 269
 0 270
 0 271
 0 272
 0 273
 0 274
 0 275
 0 276
 0 277
 0 278
 0 279
 0 280
 0 281
 0 282
 0 283
 1 284
 0 285
 0 286
 1 287
 0 288
 0 289
 2 290
 2 291
 1 292
 0 293
 4 294
 0 295
 1 296
 1 297
 2 298
 0 299
 1 300
 2 301
 1 302
 1 303
 0 304
 4 305
 1 306
 1 307
 1 308
 2 309
 4 310
 1 311
 2 312
 2 313
 3 314
 3 315
 2 316
 2 317
 0 318
 2 319
 3 320
 2 321
 3 322
 2 323
 2 324
 2 325
 5 326
 7 327
 3 328
 3 329
 3 330
 3 331
 2 332
 1 333
 5 334
 6 335
 1 336
 1 337
 1 338
 0 339
 3 340
 1 341
 1 342
 1 343
 4 344
 1 345
 4 346
 1 347
 5 348
 2 349
 5 350
 1 351
 1 352
 0 353
 1 354
 3 355
 2 356
 1 357
 1 358
 0 359
 1 360
 0 361
 1 362
 2 363
 1 364
 1 365
 2 366
 2 367
 1 368
 3 369
 3 370
 1 371
 2 372
 0 373
 1 374
 0 375
 0 376
 1 377
 0 378
 2 379
 1 380
 1 381
 0 382
 1 383
 1 384
 0 385
 0 386
 1 387
 0 388
 1 389
 0 390
 0 391
 1 392
 0 393
 0 394
 1 395
 0 396
 0 397
 0 398
 0 399
 0 400
 0 401
 1 402
 0 403
 0 404
 0 405
 0 406
 0 407
 0 408
 0 409
 0 410
 0 411
 0 412
 0 413
 0 414
 0 415
 0 416
 0 417
 0 418
 0 419
 0 420
 0 421
 0 422
 0 423
 0 424
 0 425
 0 426
 0 427
 0 428
 0 429
 0 430
 0 431
 0 432
 1 433
 0 434
 0 435
 0 436
 0 437
 0 438
 0 439
 0 440
 0 441
 0 442
 0 443
 0 444
 0 445
 0 446
 0 447
 0 448
 0 449
 0 450
 0 451
 0 452
 0 453
 0 454
 0 455
 0 456
 0 457
 0 458
 0 459
 0 460
 0 461
 0 462
 0 463
 0 464
 0 465
 0 466
 0 467
 0 468
 0 469
 0 470
 0 471
 0 472
 0 473
 0 474
 0 475
 0 476
 0 477
 0 478
 0 479
 0 480
 0 481
 0 482
 0 483
 0 484
 0 485
 0 486
 0 487
 0 488
 0 489
 0 490
 0 491
 0 492
 0 493
 0 494
 0 495
 0 496
 0 497
 0 498
 0 499
 0 500
 0 501
 0 502
 0 503
 0 504
 0 505
 0 506
 0 507
 0 508
 0 509
 0 510
 0 511
 0 512
 0 513
 0 514
 0 515
 0 516
 0 517
 0 518
 0 519
 0 520
 0 521
 0 522
 0 523
 0 524
 0 525
 0 526
 0 527
 0 528
 0 529
 0 530
 0 531
 0 532
 0 533
 0 534
 0 535
 0 536
 0 537
 0 538
 0 539
 0 540
 0 541
 0 542
 0 543
 0 544
 0 545
 0 546
 0 547
 0 548
 0 549
 0 550
 0 551
 0 552
 0 553
 0 554
 0 555
 0 556
 0 557
 0 558
 0 559
 0 560
 0 561
 0 562
 0 563
 0 564
 0 565
 0 566
 0 567
 0 568
 0 569
 0 570
 0 571
 0 572
 0 573
 0 574
 0 575
 0 576
 0 577
 0 578
 0 579
 0 580
 0 581
 0 582
 0 583
 0 584
 0 585
 0 586
 0 587
 0 588
 0 589
 0 590
 0 591
 0 592
 0 593
 0 594
 0 595
 0 596
 0 597
 0 598
 0 599
 0 600


