# Created by Octave 3.8.2, Sat Jun 20 22:15:22 2020 CEST <damian@fptrucha.inv.usc.es>
# name: hd
# type: matrix
# rows: 551
# columns: 2
 0 50
 0 51
 1 52
 0 53
 0 54
 0 55
 0 56
 0 57
 0 58
 0 59
 0 60
 0 61
 0 62
 0 63
 0 64
 0 65
 0 66
 0 67
 0 68
 0 69
 0 70
 0 71
 0 72
 0 73
 0 74
 0 75
 0 76
 0 77
 0 78
 0 79
 0 80
 0 81
 0 82
 0 83
 0 84
 0 85
 0 86
 0 87
 3 88
 5 89
 6 90
 28 91
 112 92
 128 93
 170 94
 241 95
 388 96
 621 97
 738 98
 869 99
 1004 100
 1128 101
 1162 102
 1266 103
 1240 104
 1281 105
 1336 106
 1236 107
 1225 108
 1274 109
 1277 110
 1198 111
 1115 112
 1104 113
 1046 114
 1006 115
 909 116
 843 117
 793 118
 784 119
 687 120
 636 121
 607 122
 580 123
 470 124
 509 125
 452 126
 393 127
 348 128
 313 129
 315 130
 281 131
 246 132
 236 133
 227 134
 198 135
 195 136
 169 137
 141 138
 146 139
 140 140
 108 141
 117 142
 115 143
 109 144
 97 145
 89 146
 96 147
 80 148
 83 149
 74 150
 68 151
 85 152
 52 153
 58 154
 46 155
 44 156
 34 157
 35 158
 37 159
 27 160
 28 161
 37 162
 33 163
 24 164
 21 165
 21 166
 22 167
 23 168
 28 169
 25 170
 21 171
 19 172
 18 173
 18 174
 13 175
 19 176
 12 177
 8 178
 8 179
 9 180
 5 181
 11 182
 6 183
 9 184
 5 185
 8 186
 10 187
 4 188
 5 189
 2 190
 3 191
 5 192
 1 193
 2 194
 5 195
 1 196
 3 197
 1 198
 1 199
 3 200
 3 201
 1 202
 1 203
 3 204
 1 205
 1 206
 1 207
 2 208
 1 209
 1 210
 0 211
 0 212
 1 213
 0 214
 1 215
 1 216
 1 217
 0 218
 0 219
 0 220
 0 221
 0 222
 0 223
 0 224
 0 225
 0 226
 0 227
 0 228
 1 229
 1 230
 0 231
 0 232
 0 233
 0 234
 0 235
 0 236
 0 237
 0 238
 0 239
 0 240
 0 241
 0 242
 0 243
 0 244
 0 245
 0 246
 0 247
 0 248
 0 249
 0 250
 0 251
 0 252
 0 253
 0 254
 0 255
 0 256
 0 257
 0 258
 0 259
 0 260
 0 261
 0 262
 0 263
 0 264
 0 265
 0 266
 0 267
 0 268
 0 269
 0 270
 1 271
 0 272
 0 273
 0 274
 0 275
 0 276
 0 277
 0 278
 0 279
 0 280
 0 281
 0 282
 0 283
 0 284
 0 285
 0 286
 1 287
 1 288
 1 289
 0 290
 1 291
 0 292
 2 293
 0 294
 1 295
 0 296
 2 297
 1 298
 0 299
 0 300
 2 301
 1 302
 1 303
 3 304
 4 305
 0 306
 0 307
 1 308
 3 309
 3 310
 2 311
 2 312
 2 313
 0 314
 1 315
 2 316
 2 317
 2 318
 0 319
 2 320
 0 321
 2 322
 2 323
 3 324
 3 325
 7 326
 1 327
 1 328
 4 329
 2 330
 4 331
 3 332
 3 333
 3 334
 0 335
 1 336
 2 337
 4 338
 3 339
 2 340
 3 341
 3 342
 0 343
 4 344
 4 345
 3 346
 3 347
 2 348
 2 349
 3 350
 1 351
 0 352
 4 353
 1 354
 0 355
 1 356
 2 357
 0 358
 1 359
 2 360
 0 361
 3 362
 2 363
 0 364
 1 365
 2 366
 2 367
 3 368
 0 369
 3 370
 0 371
 3 372
 2 373
 1 374
 0 375
 2 376
 1 377
 1 378
 1 379
 1 380
 1 381
 0 382
 1 383
 0 384
 0 385
 0 386
 1 387
 0 388
 0 389
 0 390
 0 391
 0 392
 0 393
 1 394
 0 395
 1 396
 0 397
 0 398
 0 399
 1 400
 0 401
 2 402
 1 403
 0 404
 0 405
 0 406
 0 407
 0 408
 1 409
 0 410
 0 411
 0 412
 0 413
 0 414
 0 415
 0 416
 0 417
 0 418
 0 419
 0 420
 0 421
 0 422
 0 423
 0 424
 0 425
 0 426
 0 427
 0 428
 0 429
 0 430
 0 431
 0 432
 0 433
 0 434
 0 435
 0 436
 0 437
 0 438
 0 439
 0 440
 0 441
 1 442
 0 443
 0 444
 0 445
 0 446
 0 447
 0 448
 0 449
 0 450
 0 451
 0 452
 0 453
 0 454
 0 455
 0 456
 0 457
 0 458
 0 459
 0 460
 0 461
 0 462
 0 463
 0 464
 0 465
 0 466
 0 467
 0 468
 0 469
 0 470
 0 471
 0 472
 0 473
 0 474
 0 475
 0 476
 0 477
 0 478
 0 479
 0 480
 0 481
 0 482
 0 483
 0 484
 0 485
 0 486
 0 487
 0 488
 0 489
 0 490
 0 491
 0 492
 0 493
 0 494
 0 495
 0 496
 0 497
 0 498
 0 499
 0 500
 0 501
 0 502
 0 503
 0 504
 0 505
 0 506
 0 507
 0 508
 0 509
 0 510
 0 511
 0 512
 0 513
 0 514
 0 515
 0 516
 0 517
 0 518
 0 519
 0 520
 0 521
 0 522
 0 523
 0 524
 0 525
 0 526
 0 527
 0 528
 0 529
 0 530
 0 531
 0 532
 0 533
 0 534
 0 535
 0 536
 0 537
 0 538
 0 539
 0 540
 0 541
 0 542
 0 543
 0 544
 0 545
 0 546
 0 547
 0 548
 0 549
 0 550
 0 551
 0 552
 0 553
 0 554
 0 555
 0 556
 0 557
 0 558
 0 559
 0 560
 0 561
 0 562
 0 563
 0 564
 0 565
 0 566
 0 567
 0 568
 0 569
 0 570
 0 571
 0 572
 0 573
 0 574
 0 575
 0 576
 0 577
 0 578
 0 579
 0 580
 0 581
 0 582
 0 583
 0 584
 0 585
 0 586
 0 587
 0 588
 0 589
 0 590
 0 591
 0 592
 0 593
 0 594
 0 595
 0 596
 0 597
 0 598
 0 599
 0 600


