# Created by Octave 3.8.2, Mon Jun 22 04:01:28 2020 CEST <damian@fptrucha.inv.usc.es>
# name: hd
# type: matrix
# rows: 551
# columns: 2
 0 50
 0 51
 0 52
 0 53
 0 54
 0 55
 0 56
 0 57
 0 58
 0 59
 0 60
 0 61
 0 62
 0 63
 0 64
 0 65
 0 66
 0 67
 0 68
 0 69
 0 70
 0 71
 0 72
 0 73
 0 74
 0 75
 0 76
 0 77
 0 78
 0 79
 0 80
 0 81
 1 82
 0 83
 0 84
 0 85
 0 86
 0 87
 1 88
 4 89
 3 90
 18 91
 53 92
 111 93
 172 94
 217 95
 385 96
 554 97
 757 98
 969 99
 1108 100
 1260 101
 1301 102
 1318 103
 1429 104
 1413 105
 1390 106
 1322 107
 1345 108
 1226 109
 1211 110
 1109 111
 1079 112
 978 113
 946 114
 906 115
 764 116
 709 117
 612 118
 570 119
 556 120
 518 121
 458 122
 372 123
 349 124
 377 125
 308 126
 288 127
 263 128
 232 129
 228 130
 234 131
 211 132
 188 133
 159 134
 177 135
 140 136
 136 137
 119 138
 110 139
 117 140
 110 141
 116 142
 100 143
 77 144
 75 145
 74 146
 75 147
 74 148
 58 149
 51 150
 53 151
 43 152
 49 153
 44 154
 49 155
 40 156
 44 157
 34 158
 31 159
 21 160
 40 161
 31 162
 26 163
 32 164
 19 165
 10 166
 24 167
 23 168
 20 169
 19 170
 18 171
 14 172
 14 173
 6 174
 20 175
 10 176
 11 177
 10 178
 13 179
 11 180
 8 181
 6 182
 10 183
 9 184
 8 185
 5 186
 6 187
 1 188
 1 189
 4 190
 4 191
 3 192
 3 193
 2 194
 2 195
 6 196
 1 197
 3 198
 6 199
 2 200
 4 201
 4 202
 0 203
 4 204
 4 205
 1 206
 1 207
 0 208
 0 209
 2 210
 1 211
 0 212
 1 213
 2 214
 0 215
 2 216
 0 217
 0 218
 0 219
 0 220
 0 221
 0 222
 0 223
 0 224
 0 225
 0 226
 0 227
 0 228
 0 229
 1 230
 0 231
 0 232
 0 233
 1 234
 1 235
 0 236
 0 237
 0 238
 0 239
 0 240
 0 241
 0 242
 0 243
 0 244
 0 245
 0 246
 0 247
 0 248
 0 249
 0 250
 0 251
 0 252
 0 253
 0 254
 0 255
 0 256
 0 257
 0 258
 1 259
 0 260
 0 261
 0 262
 0 263
 0 264
 0 265
 0 266
 0 267
 0 268
 0 269
 0 270
 0 271
 0 272
 0 273
 0 274
 1 275
 0 276
 1 277
 0 278
 0 279
 0 280
 0 281
 0 282
 0 283
 0 284
 1 285
 1 286
 1 287
 0 288
 0 289
 0 290
 0 291
 1 292
 0 293
 0 294
 1 295
 0 296
 1 297
 1 298
 2 299
 1 300
 0 301
 1 302
 2 303
 2 304
 0 305
 3 306
 2 307
 1 308
 0 309
 2 310
 1 311
 0 312
 2 313
 1 314
 3 315
 0 316
 2 317
 5 318
 4 319
 2 320
 1 321
 7 322
 1 323
 3 324
 2 325
 0 326
 2 327
 4 328
 0 329
 2 330
 1 331
 3 332
 3 333
 5 334
 2 335
 3 336
 3 337
 4 338
 4 339
 3 340
 3 341
 3 342
 0 343
 2 344
 0 345
 2 346
 0 347
 4 348
 2 349
 2 350
 2 351
 0 352
 0 353
 3 354
 4 355
 1 356
 0 357
 0 358
 2 359
 1 360
 0 361
 1 362
 1 363
 2 364
 1 365
 1 366
 1 367
 0 368
 0 369
 1 370
 1 371
 0 372
 1 373
 0 374
 0 375
 0 376
 1 377
 1 378
 0 379
 1 380
 0 381
 0 382
 0 383
 1 384
 0 385
 0 386
 0 387
 0 388
 0 389
 1 390
 0 391
 1 392
 0 393
 0 394
 0 395
 0 396
 0 397
 1 398
 0 399
 0 400
 0 401
 0 402
 0 403
 0 404
 1 405
 0 406
 0 407
 0 408
 0 409
 0 410
 1 411
 0 412
 0 413
 0 414
 0 415
 0 416
 0 417
 0 418
 0 419
 0 420
 0 421
 0 422
 0 423
 0 424
 0 425
 1 426
 0 427
 0 428
 0 429
 0 430
 0 431
 0 432
 0 433
 0 434
 0 435
 0 436
 0 437
 0 438
 0 439
 0 440
 0 441
 0 442
 0 443
 0 444
 0 445
 0 446
 0 447
 0 448
 0 449
 0 450
 0 451
 0 452
 0 453
 0 454
 0 455
 0 456
 0 457
 0 458
 0 459
 0 460
 0 461
 0 462
 0 463
 0 464
 0 465
 0 466
 0 467
 0 468
 0 469
 0 470
 0 471
 0 472
 0 473
 0 474
 0 475
 0 476
 0 477
 0 478
 0 479
 0 480
 0 481
 0 482
 0 483
 0 484
 0 485
 0 486
 0 487
 0 488
 0 489
 0 490
 0 491
 0 492
 0 493
 0 494
 0 495
 0 496
 0 497
 0 498
 0 499
 0 500
 0 501
 0 502
 0 503
 0 504
 0 505
 0 506
 0 507
 0 508
 0 509
 0 510
 0 511
 0 512
 0 513
 0 514
 0 515
 0 516
 0 517
 0 518
 0 519
 0 520
 0 521
 0 522
 0 523
 0 524
 0 525
 0 526
 0 527
 0 528
 0 529
 0 530
 0 531
 0 532
 0 533
 0 534
 0 535
 0 536
 0 537
 0 538
 0 539
 0 540
 0 541
 0 542
 0 543
 0 544
 0 545
 0 546
 0 547
 0 548
 0 549
 0 550
 0 551
 0 552
 0 553
 0 554
 0 555
 0 556
 0 557
 0 558
 0 559
 0 560
 0 561
 0 562
 0 563
 0 564
 0 565
 0 566
 0 567
 0 568
 0 569
 0 570
 0 571
 0 572
 0 573
 0 574
 0 575
 0 576
 0 577
 0 578
 0 579
 0 580
 0 581
 0 582
 0 583
 0 584
 0 585
 0 586
 0 587
 0 588
 0 589
 0 590
 0 591
 0 592
 0 593
 0 594
 0 595
 0 596
 0 597
 0 598
 0 599
 0 600


