# Created by Octave 3.8.2, Sun Jun 21 03:37:49 2020 CEST <damian@fptrucha.inv.usc.es>
# name: hd
# type: matrix
# rows: 551
# columns: 2
 0 50
 0 51
 0 52
 0 53
 0 54
 0 55
 0 56
 0 57
 0 58
 0 59
 0 60
 0 61
 0 62
 0 63
 0 64
 0 65
 0 66
 0 67
 0 68
 0 69
 0 70
 0 71
 0 72
 0 73
 0 74
 0 75
 0 76
 0 77
 0 78
 0 79
 0 80
 0 81
 0 82
 0 83
 0 84
 0 85
 0 86
 0 87
 3 88
 0 89
 2 90
 34 91
 94 92
 107 93
 173 94
 245 95
 382 96
 567 97
 730 98
 817 99
 961 100
 1094 101
 1133 102
 1142 103
 1222 104
 1333 105
 1345 106
 1356 107
 1265 108
 1230 109
 1194 110
 1204 111
 1148 112
 1145 113
 1017 114
 1044 115
 891 116
 888 117
 807 118
 762 119
 697 120
 683 121
 620 122
 549 123
 512 124
 462 125
 420 126
 409 127
 329 128
 305 129
 282 130
 269 131
 257 132
 275 133
 201 134
 194 135
 169 136
 182 137
 154 138
 148 139
 148 140
 114 141
 139 142
 103 143
 90 144
 103 145
 86 146
 80 147
 86 148
 81 149
 76 150
 80 151
 58 152
 75 153
 58 154
 51 155
 54 156
 38 157
 49 158
 39 159
 45 160
 44 161
 25 162
 35 163
 27 164
 18 165
 31 166
 25 167
 14 168
 17 169
 22 170
 12 171
 7 172
 24 173
 20 174
 10 175
 16 176
 11 177
 10 178
 10 179
 16 180
 7 181
 14 182
 7 183
 8 184
 9 185
 3 186
 6 187
 8 188
 3 189
 4 190
 5 191
 3 192
 0 193
 6 194
 10 195
 3 196
 1 197
 2 198
 1 199
 2 200
 2 201
 2 202
 0 203
 2 204
 2 205
 1 206
 0 207
 0 208
 0 209
 2 210
 0 211
 0 212
 1 213
 1 214
 0 215
 0 216
 0 217
 1 218
 2 219
 1 220
 0 221
 0 222
 0 223
 0 224
 0 225
 0 226
 0 227
 0 228
 0 229
 0 230
 0 231
 0 232
 2 233
 0 234
 0 235
 0 236
 0 237
 0 238
 0 239
 1 240
 0 241
 0 242
 0 243
 0 244
 0 245
 1 246
 0 247
 0 248
 0 249
 0 250
 0 251
 0 252
 0 253
 0 254
 0 255
 0 256
 0 257
 0 258
 0 259
 0 260
 0 261
 0 262
 0 263
 0 264
 0 265
 1 266
 1 267
 0 268
 0 269
 0 270
 0 271
 0 272
 0 273
 0 274
 0 275
 0 276
 1 277
 0 278
 1 279
 0 280
 1 281
 0 282
 0 283
 0 284
 0 285
 2 286
 0 287
 0 288
 2 289
 0 290
 0 291
 0 292
 1 293
 0 294
 0 295
 0 296
 0 297
 0 298
 1 299
 0 300
 0 301
 2 302
 2 303
 0 304
 1 305
 7 306
 0 307
 1 308
 4 309
 2 310
 2 311
 1 312
 1 313
 0 314
 1 315
 1 316
 2 317
 1 318
 0 319
 1 320
 5 321
 2 322
 3 323
 3 324
 3 325
 4 326
 1 327
 1 328
 2 329
 3 330
 2 331
 0 332
 1 333
 1 334
 3 335
 2 336
 2 337
 2 338
 1 339
 3 340
 1 341
 2 342
 0 343
 3 344
 1 345
 2 346
 3 347
 2 348
 2 349
 2 350
 2 351
 1 352
 1 353
 6 354
 3 355
 3 356
 1 357
 2 358
 3 359
 1 360
 3 361
 1 362
 0 363
 2 364
 3 365
 1 366
 1 367
 1 368
 0 369
 1 370
 1 371
 2 372
 1 373
 1 374
 1 375
 0 376
 1 377
 0 378
 0 379
 0 380
 1 381
 1 382
 0 383
 1 384
 2 385
 0 386
 2 387
 1 388
 1 389
 1 390
 0 391
 1 392
 1 393
 0 394
 1 395
 0 396
 0 397
 0 398
 1 399
 0 400
 1 401
 1 402
 0 403
 0 404
 0 405
 0 406
 1 407
 0 408
 0 409
 0 410
 0 411
 0 412
 0 413
 0 414
 1 415
 0 416
 0 417
 0 418
 0 419
 0 420
 0 421
 0 422
 0 423
 0 424
 1 425
 0 426
 0 427
 0 428
 0 429
 0 430
 0 431
 0 432
 1 433
 0 434
 0 435
 0 436
 0 437
 0 438
 0 439
 0 440
 0 441
 0 442
 0 443
 1 444
 0 445
 0 446
 0 447
 0 448
 0 449
 0 450
 0 451
 0 452
 0 453
 0 454
 0 455
 0 456
 0 457
 0 458
 0 459
 0 460
 0 461
 0 462
 0 463
 0 464
 0 465
 0 466
 0 467
 0 468
 0 469
 0 470
 0 471
 0 472
 0 473
 0 474
 0 475
 0 476
 0 477
 0 478
 0 479
 0 480
 0 481
 0 482
 0 483
 0 484
 0 485
 0 486
 0 487
 0 488
 0 489
 0 490
 0 491
 0 492
 0 493
 0 494
 0 495
 0 496
 0 497
 0 498
 0 499
 0 500
 0 501
 0 502
 0 503
 0 504
 0 505
 0 506
 0 507
 0 508
 0 509
 0 510
 0 511
 0 512
 0 513
 0 514
 0 515
 0 516
 0 517
 0 518
 0 519
 0 520
 0 521
 0 522
 0 523
 0 524
 0 525
 0 526
 0 527
 0 528
 0 529
 0 530
 0 531
 0 532
 0 533
 0 534
 0 535
 0 536
 0 537
 0 538
 0 539
 0 540
 0 541
 0 542
 0 543
 0 544
 0 545
 0 546
 0 547
 0 548
 0 549
 0 550
 0 551
 0 552
 0 553
 0 554
 0 555
 0 556
 0 557
 0 558
 0 559
 0 560
 0 561
 0 562
 0 563
 0 564
 0 565
 0 566
 0 567
 0 568
 0 569
 0 570
 0 571
 0 572
 0 573
 0 574
 0 575
 0 576
 0 577
 0 578
 0 579
 0 580
 0 581
 0 582
 0 583
 0 584
 0 585
 0 586
 0 587
 0 588
 0 589
 0 590
 0 591
 0 592
 0 593
 0 594
 0 595
 0 596
 0 597
 0 598
 0 599
 0 600


