# Created by Octave 3.8.2, Sat Jun 20 08:34:08 2020 CEST <damian@fptrucha.inv.usc.es>
# name: hd
# type: matrix
# rows: 551
# columns: 2
 0 50
 0 51
 0 52
 0 53
 0 54
 0 55
 0 56
 0 57
 0 58
 0 59
 0 60
 0 61
 0 62
 0 63
 0 64
 0 65
 0 66
 0 67
 0 68
 0 69
 0 70
 0 71
 0 72
 0 73
 0 74
 0 75
 0 76
 0 77
 0 78
 0 79
 0 80
 0 81
 0 82
 0 83
 0 84
 0 85
 0 86
 0 87
 1 88
 1 89
 7 90
 35 91
 108 92
 135 93
 220 94
 322 95
 558 96
 756 97
 1006 98
 1186 99
 1309 100
 1447 101
 1659 102
 1666 103
 1662 104
 1741 105
 1701 106
 1711 107
 1655 108
 1545 109
 1515 110
 1372 111
 1309 112
 1344 113
 1137 114
 1213 115
 1045 116
 906 117
 878 118
 809 119
 727 120
 624 121
 595 122
 549 123
 472 124
 461 125
 398 126
 379 127
 335 128
 340 129
 302 130
 256 131
 225 132
 228 133
 193 134
 196 135
 164 136
 150 137
 162 138
 145 139
 126 140
 98 141
 96 142
 101 143
 86 144
 91 145
 72 146
 83 147
 72 148
 65 149
 71 150
 57 151
 46 152
 44 153
 57 154
 42 155
 38 156
 30 157
 50 158
 37 159
 41 160
 31 161
 26 162
 22 163
 25 164
 24 165
 16 166
 14 167
 18 168
 11 169
 17 170
 17 171
 15 172
 15 173
 18 174
 10 175
 9 176
 10 177
 8 178
 14 179
 9 180
 5 181
 4 182
 5 183
 6 184
 6 185
 6 186
 5 187
 2 188
 1 189
 3 190
 1 191
 3 192
 5 193
 4 194
 0 195
 4 196
 3 197
 3 198
 3 199
 3 200
 0 201
 2 202
 2 203
 1 204
 0 205
 0 206
 0 207
 2 208
 0 209
 0 210
 0 211
 1 212
 1 213
 0 214
 0 215
 1 216
 1 217
 0 218
 1 219
 0 220
 0 221
 1 222
 0 223
 3 224
 0 225
 0 226
 0 227
 0 228
 0 229
 0 230
 0 231
 1 232
 0 233
 0 234
 0 235
 0 236
 0 237
 0 238
 1 239
 0 240
 0 241
 0 242
 0 243
 0 244
 0 245
 0 246
 0 247
 0 248
 0 249
 1 250
 0 251
 0 252
 0 253
 0 254
 0 255
 0 256
 0 257
 0 258
 0 259
 0 260
 0 261
 0 262
 0 263
 0 264
 0 265
 0 266
 0 267
 0 268
 0 269
 0 270
 0 271
 0 272
 0 273
 1 274
 0 275
 0 276
 0 277
 0 278
 1 279
 1 280
 0 281
 0 282
 2 283
 0 284
 0 285
 0 286
 0 287
 0 288
 0 289
 1 290
 0 291
 1 292
 0 293
 1 294
 2 295
 0 296
 1 297
 0 298
 1 299
 0 300
 0 301
 1 302
 0 303
 1 304
 3 305
 1 306
 1 307
 1 308
 0 309
 1 310
 1 311
 0 312
 1 313
 1 314
 2 315
 3 316
 1 317
 2 318
 2 319
 2 320
 1 321
 2 322
 4 323
 1 324
 0 325
 1 326
 2 327
 3 328
 1 329
 0 330
 1 331
 2 332
 1 333
 0 334
 2 335
 3 336
 0 337
 0 338
 2 339
 1 340
 2 341
 2 342
 1 343
 0 344
 3 345
 2 346
 3 347
 0 348
 2 349
 1 350
 4 351
 1 352
 0 353
 1 354
 5 355
 1 356
 3 357
 2 358
 1 359
 1 360
 2 361
 2 362
 0 363
 1 364
 1 365
 1 366
 2 367
 0 368
 0 369
 2 370
 1 371
 1 372
 1 373
 4 374
 0 375
 1 376
 0 377
 0 378
 1 379
 0 380
 0 381
 0 382
 0 383
 0 384
 0 385
 1 386
 0 387
 1 388
 0 389
 1 390
 2 391
 0 392
 0 393
 1 394
 0 395
 0 396
 1 397
 0 398
 1 399
 0 400
 0 401
 1 402
 0 403
 0 404
 0 405
 0 406
 1 407
 1 408
 1 409
 0 410
 0 411
 1 412
 0 413
 0 414
 0 415
 0 416
 0 417
 0 418
 0 419
 0 420
 1 421
 0 422
 0 423
 0 424
 0 425
 0 426
 0 427
 0 428
 0 429
 0 430
 0 431
 0 432
 0 433
 0 434
 0 435
 0 436
 0 437
 0 438
 0 439
 0 440
 0 441
 0 442
 0 443
 0 444
 0 445
 0 446
 0 447
 0 448
 0 449
 0 450
 0 451
 0 452
 0 453
 0 454
 0 455
 0 456
 0 457
 0 458
 0 459
 0 460
 0 461
 0 462
 0 463
 0 464
 0 465
 0 466
 0 467
 0 468
 0 469
 0 470
 0 471
 0 472
 0 473
 0 474
 0 475
 0 476
 0 477
 0 478
 0 479
 0 480
 0 481
 0 482
 0 483
 0 484
 0 485
 0 486
 0 487
 0 488
 0 489
 0 490
 0 491
 0 492
 0 493
 0 494
 0 495
 0 496
 0 497
 0 498
 0 499
 0 500
 0 501
 0 502
 0 503
 0 504
 0 505
 0 506
 0 507
 0 508
 0 509
 0 510
 0 511
 0 512
 0 513
 0 514
 0 515
 0 516
 0 517
 0 518
 0 519
 0 520
 0 521
 0 522
 0 523
 0 524
 0 525
 0 526
 0 527
 0 528
 0 529
 0 530
 0 531
 0 532
 0 533
 0 534
 0 535
 0 536
 0 537
 0 538
 0 539
 0 540
 0 541
 0 542
 0 543
 0 544
 0 545
 0 546
 0 547
 0 548
 0 549
 0 550
 0 551
 0 552
 0 553
 0 554
 0 555
 0 556
 0 557
 0 558
 0 559
 0 560
 0 561
 0 562
 0 563
 0 564
 0 565
 0 566
 0 567
 0 568
 0 569
 0 570
 0 571
 0 572
 0 573
 0 574
 0 575
 0 576
 0 577
 0 578
 0 579
 0 580
 0 581
 0 582
 0 583
 0 584
 0 585
 0 586
 0 587
 0 588
 0 589
 0 590
 0 591
 0 592
 0 593
 0 594
 0 595
 0 596
 0 597
 0 598
 0 599
 0 600


