# Created by Octave 3.8.2, Sat Jun 20 09:06:11 2020 CEST <damian@fptrucha.inv.usc.es>
# name: hd
# type: matrix
# rows: 551
# columns: 2
 0 50
 0 51
 0 52
 0 53
 0 54
 0 55
 0 56
 0 57
 0 58
 0 59
 0 60
 0 61
 0 62
 0 63
 0 64
 0 65
 0 66
 0 67
 0 68
 0 69
 0 70
 0 71
 0 72
 0 73
 0 74
 0 75
 0 76
 0 77
 0 78
 0 79
 0 80
 0 81
 0 82
 0 83
 0 84
 0 85
 0 86
 0 87
 1 88
 2 89
 4 90
 25 91
 105 92
 153 93
 217 94
 379 95
 509 96
 796 97
 978 98
 1087 99
 1377 100
 1465 101
 1581 102
 1659 103
 1688 104
 1717 105
 1707 106
 1647 107
 1606 108
 1589 109
 1530 110
 1395 111
 1293 112
 1254 113
 1140 114
 1135 115
 1071 116
 911 117
 861 118
 750 119
 761 120
 650 121
 585 122
 538 123
 471 124
 441 125
 409 126
 377 127
 340 128
 314 129
 299 130
 274 131
 227 132
 219 133
 208 134
 197 135
 178 136
 147 137
 144 138
 125 139
 130 140
 121 141
 109 142
 87 143
 81 144
 75 145
 87 146
 80 147
 78 148
 72 149
 75 150
 54 151
 58 152
 54 153
 48 154
 45 155
 55 156
 38 157
 37 158
 39 159
 30 160
 29 161
 31 162
 15 163
 27 164
 21 165
 17 166
 16 167
 17 168
 19 169
 10 170
 16 171
 10 172
 14 173
 10 174
 13 175
 6 176
 8 177
 11 178
 8 179
 17 180
 11 181
 10 182
 15 183
 4 184
 12 185
 7 186
 4 187
 2 188
 5 189
 2 190
 5 191
 3 192
 2 193
 6 194
 2 195
 4 196
 0 197
 4 198
 0 199
 1 200
 0 201
 4 202
 0 203
 1 204
 1 205
 2 206
 1 207
 1 208
 0 209
 1 210
 1 211
 2 212
 1 213
 1 214
 0 215
 0 216
 0 217
 0 218
 1 219
 0 220
 0 221
 0 222
 0 223
 0 224
 0 225
 0 226
 0 227
 0 228
 0 229
 0 230
 2 231
 0 232
 0 233
 0 234
 0 235
 0 236
 0 237
 0 238
 0 239
 0 240
 0 241
 0 242
 0 243
 0 244
 0 245
 0 246
 0 247
 0 248
 0 249
 0 250
 0 251
 0 252
 0 253
 0 254
 0 255
 0 256
 0 257
 0 258
 0 259
 0 260
 0 261
 0 262
 0 263
 0 264
 0 265
 0 266
 0 267
 0 268
 0 269
 0 270
 0 271
 0 272
 0 273
 0 274
 0 275
 0 276
 0 277
 1 278
 0 279
 0 280
 1 281
 2 282
 0 283
 0 284
 0 285
 0 286
 1 287
 0 288
 0 289
 0 290
 0 291
 1 292
 1 293
 1 294
 0 295
 0 296
 1 297
 1 298
 0 299
 0 300
 3 301
 1 302
 2 303
 0 304
 3 305
 1 306
 1 307
 0 308
 1 309
 2 310
 3 311
 0 312
 1 313
 0 314
 0 315
 0 316
 3 317
 1 318
 1 319
 2 320
 4 321
 1 322
 1 323
 4 324
 2 325
 5 326
 1 327
 5 328
 1 329
 1 330
 2 331
 3 332
 1 333
 1 334
 2 335
 2 336
 0 337
 1 338
 4 339
 2 340
 0 341
 4 342
 1 343
 1 344
 0 345
 1 346
 1 347
 0 348
 1 349
 3 350
 0 351
 1 352
 1 353
 0 354
 0 355
 1 356
 1 357
 1 358
 3 359
 1 360
 4 361
 0 362
 1 363
 1 364
 1 365
 0 366
 2 367
 1 368
 3 369
 1 370
 1 371
 0 372
 0 373
 4 374
 0 375
 0 376
 0 377
 1 378
 0 379
 0 380
 2 381
 0 382
 1 383
 1 384
 0 385
 1 386
 1 387
 0 388
 0 389
 0 390
 0 391
 0 392
 0 393
 0 394
 0 395
 2 396
 0 397
 0 398
 0 399
 0 400
 0 401
 0 402
 0 403
 0 404
 0 405
 0 406
 0 407
 0 408
 0 409
 0 410
 0 411
 0 412
 0 413
 0 414
 1 415
 0 416
 0 417
 0 418
 0 419
 0 420
 0 421
 0 422
 0 423
 0 424
 0 425
 0 426
 0 427
 0 428
 0 429
 0 430
 0 431
 0 432
 0 433
 0 434
 0 435
 0 436
 0 437
 0 438
 0 439
 0 440
 0 441
 0 442
 0 443
 0 444
 0 445
 0 446
 0 447
 0 448
 0 449
 0 450
 0 451
 0 452
 0 453
 0 454
 0 455
 0 456
 0 457
 0 458
 0 459
 0 460
 0 461
 0 462
 0 463
 0 464
 0 465
 0 466
 0 467
 0 468
 0 469
 0 470
 0 471
 0 472
 0 473
 0 474
 0 475
 0 476
 0 477
 0 478
 0 479
 0 480
 0 481
 0 482
 0 483
 0 484
 0 485
 0 486
 0 487
 0 488
 0 489
 0 490
 0 491
 0 492
 0 493
 0 494
 0 495
 0 496
 0 497
 0 498
 0 499
 0 500
 0 501
 0 502
 0 503
 0 504
 0 505
 0 506
 0 507
 0 508
 0 509
 0 510
 0 511
 0 512
 0 513
 0 514
 0 515
 0 516
 0 517
 0 518
 0 519
 0 520
 0 521
 0 522
 0 523
 0 524
 0 525
 0 526
 0 527
 0 528
 0 529
 0 530
 0 531
 0 532
 0 533
 0 534
 0 535
 0 536
 0 537
 0 538
 0 539
 0 540
 0 541
 0 542
 0 543
 0 544
 0 545
 0 546
 0 547
 0 548
 0 549
 0 550
 0 551
 0 552
 0 553
 0 554
 0 555
 0 556
 0 557
 0 558
 0 559
 0 560
 0 561
 0 562
 0 563
 0 564
 0 565
 0 566
 0 567
 0 568
 0 569
 0 570
 0 571
 0 572
 0 573
 0 574
 0 575
 0 576
 0 577
 0 578
 0 579
 0 580
 0 581
 0 582
 0 583
 0 584
 0 585
 0 586
 0 587
 0 588
 0 589
 0 590
 0 591
 0 592
 0 593
 0 594
 0 595
 0 596
 0 597
 0 598
 0 599
 0 600


