# Created by Octave 3.8.2, Sat Jun 20 16:12:04 2020 CEST <damian@fptrucha.inv.usc.es>
# name: hd
# type: matrix
# rows: 551
# columns: 2
 0 50
 0 51
 0 52
 0 53
 0 54
 0 55
 0 56
 0 57
 0 58
 0 59
 0 60
 0 61
 0 62
 0 63
 0 64
 0 65
 0 66
 0 67
 0 68
 0 69
 0 70
 0 71
 0 72
 0 73
 0 74
 0 75
 0 76
 0 77
 0 78
 0 79
 0 80
 0 81
 0 82
 0 83
 0 84
 0 85
 0 86
 0 87
 2 88
 1 89
 0 90
 19 91
 83 92
 106 93
 184 94
 282 95
 386 96
 581 97
 722 98
 889 99
 965 100
 1075 101
 1141 102
 1297 103
 1233 104
 1296 105
 1318 106
 1324 107
 1335 108
 1279 109
 1281 110
 1214 111
 1192 112
 1130 113
 1088 114
 1007 115
 991 116
 871 117
 859 118
 770 119
 694 120
 678 121
 605 122
 561 123
 561 124
 430 125
 456 126
 419 127
 379 128
 376 129
 326 130
 290 131
 252 132
 274 133
 223 134
 232 135
 217 136
 192 137
 145 138
 138 139
 129 140
 134 141
 130 142
 97 143
 96 144
 115 145
 95 146
 77 147
 99 148
 86 149
 77 150
 78 151
 73 152
 48 153
 59 154
 47 155
 43 156
 43 157
 41 158
 42 159
 42 160
 32 161
 27 162
 27 163
 36 164
 20 165
 29 166
 30 167
 15 168
 16 169
 22 170
 18 171
 15 172
 16 173
 16 174
 12 175
 20 176
 13 177
 18 178
 8 179
 9 180
 9 181
 14 182
 6 183
 8 184
 4 185
 3 186
 7 187
 7 188
 9 189
 5 190
 7 191
 3 192
 2 193
 2 194
 3 195
 5 196
 2 197
 3 198
 3 199
 2 200
 1 201
 0 202
 0 203
 1 204
 2 205
 0 206
 0 207
 2 208
 1 209
 1 210
 0 211
 1 212
 0 213
 0 214
 3 215
 0 216
 1 217
 0 218
 0 219
 0 220
 1 221
 0 222
 1 223
 0 224
 0 225
 0 226
 0 227
 0 228
 1 229
 0 230
 0 231
 0 232
 0 233
 0 234
 0 235
 0 236
 0 237
 0 238
 0 239
 0 240
 0 241
 0 242
 0 243
 0 244
 0 245
 0 246
 0 247
 0 248
 0 249
 0 250
 0 251
 0 252
 0 253
 0 254
 0 255
 0 256
 0 257
 0 258
 0 259
 0 260
 0 261
 0 262
 0 263
 0 264
 0 265
 0 266
 0 267
 0 268
 0 269
 0 270
 0 271
 0 272
 0 273
 0 274
 0 275
 0 276
 0 277
 0 278
 0 279
 0 280
 1 281
 1 282
 1 283
 2 284
 0 285
 1 286
 0 287
 0 288
 0 289
 0 290
 0 291
 1 292
 0 293
 2 294
 0 295
 1 296
 1 297
 1 298
 4 299
 1 300
 0 301
 1 302
 2 303
 1 304
 2 305
 1 306
 2 307
 0 308
 2 309
 2 310
 1 311
 3 312
 0 313
 3 314
 3 315
 3 316
 1 317
 3 318
 3 319
 3 320
 2 321
 5 322
 1 323
 3 324
 3 325
 5 326
 2 327
 0 328
 2 329
 2 330
 2 331
 3 332
 1 333
 2 334
 5 335
 1 336
 2 337
 1 338
 1 339
 3 340
 1 341
 3 342
 4 343
 3 344
 0 345
 1 346
 2 347
 0 348
 6 349
 3 350
 1 351
 3 352
 2 353
 1 354
 3 355
 5 356
 2 357
 1 358
 1 359
 1 360
 4 361
 0 362
 2 363
 0 364
 2 365
 2 366
 0 367
 2 368
 1 369
 0 370
 0 371
 2 372
 0 373
 1 374
 0 375
 1 376
 0 377
 1 378
 1 379
 1 380
 0 381
 1 382
 0 383
 1 384
 0 385
 0 386
 0 387
 1 388
 0 389
 0 390
 0 391
 1 392
 0 393
 0 394
 1 395
 0 396
 0 397
 0 398
 1 399
 0 400
 0 401
 0 402
 0 403
 0 404
 0 405
 0 406
 0 407
 1 408
 1 409
 0 410
 0 411
 1 412
 1 413
 0 414
 0 415
 0 416
 0 417
 0 418
 0 419
 0 420
 0 421
 0 422
 0 423
 0 424
 0 425
 0 426
 0 427
 0 428
 0 429
 0 430
 1 431
 0 432
 0 433
 0 434
 0 435
 0 436
 0 437
 0 438
 0 439
 0 440
 0 441
 0 442
 0 443
 0 444
 0 445
 0 446
 0 447
 0 448
 0 449
 0 450
 0 451
 0 452
 0 453
 0 454
 0 455
 0 456
 0 457
 0 458
 0 459
 0 460
 0 461
 0 462
 0 463
 0 464
 0 465
 0 466
 0 467
 0 468
 0 469
 0 470
 0 471
 0 472
 0 473
 0 474
 0 475
 0 476
 0 477
 0 478
 0 479
 0 480
 0 481
 0 482
 0 483
 0 484
 0 485
 0 486
 0 487
 0 488
 0 489
 0 490
 0 491
 0 492
 0 493
 0 494
 0 495
 0 496
 0 497
 0 498
 0 499
 0 500
 0 501
 0 502
 0 503
 0 504
 0 505
 0 506
 0 507
 0 508
 0 509
 0 510
 0 511
 0 512
 0 513
 0 514
 0 515
 0 516
 0 517
 0 518
 0 519
 0 520
 0 521
 0 522
 0 523
 0 524
 0 525
 0 526
 0 527
 0 528
 0 529
 0 530
 0 531
 0 532
 0 533
 0 534
 0 535
 0 536
 0 537
 0 538
 0 539
 0 540
 0 541
 0 542
 0 543
 0 544
 0 545
 0 546
 0 547
 0 548
 0 549
 0 550
 0 551
 0 552
 0 553
 0 554
 0 555
 0 556
 0 557
 0 558
 0 559
 0 560
 0 561
 0 562
 0 563
 0 564
 0 565
 0 566
 0 567
 0 568
 0 569
 0 570
 0 571
 0 572
 0 573
 0 574
 0 575
 0 576
 0 577
 0 578
 0 579
 0 580
 0 581
 0 582
 0 583
 0 584
 0 585
 0 586
 0 587
 0 588
 0 589
 0 590
 0 591
 0 592
 0 593
 0 594
 0 595
 0 596
 0 597
 0 598
 0 599
 0 600


