# Created by Octave 3.8.2, Sat Jun 20 20:41:33 2020 CEST <damian@fptrucha.inv.usc.es>
# name: hd
# type: matrix
# rows: 551
# columns: 2
 0 50
 0 51
 0 52
 0 53
 0 54
 0 55
 0 56
 0 57
 0 58
 0 59
 0 60
 0 61
 0 62
 0 63
 0 64
 0 65
 0 66
 0 67
 0 68
 0 69
 0 70
 0 71
 0 72
 0 73
 0 74
 0 75
 0 76
 0 77
 0 78
 0 79
 0 80
 0 81
 0 82
 0 83
 0 84
 0 85
 0 86
 0 87
 1 88
 1 89
 3 90
 22 91
 50 92
 73 93
 112 94
 187 95
 237 96
 376 97
 469 98
 564 99
 680 100
 728 101
 777 102
 810 103
 855 104
 875 105
 850 106
 905 107
 849 108
 828 109
 865 110
 800 111
 763 112
 719 113
 692 114
 662 115
 624 116
 616 117
 504 118
 478 119
 463 120
 435 121
 342 122
 360 123
 326 124
 324 125
 295 126
 257 127
 244 128
 242 129
 223 130
 166 131
 198 132
 146 133
 151 134
 133 135
 120 136
 108 137
 95 138
 107 139
 96 140
 87 141
 86 142
 69 143
 74 144
 66 145
 47 146
 57 147
 51 148
 45 149
 37 150
 45 151
 49 152
 31 153
 39 154
 39 155
 35 156
 31 157
 30 158
 21 159
 23 160
 15 161
 21 162
 22 163
 15 164
 16 165
 17 166
 10 167
 7 168
 14 169
 24 170
 11 171
 16 172
 12 173
 13 174
 11 175
 9 176
 11 177
 13 178
 8 179
 6 180
 4 181
 4 182
 3 183
 4 184
 6 185
 4 186
 3 187
 6 188
 3 189
 0 190
 3 191
 3 192
 5 193
 3 194
 2 195
 3 196
 1 197
 3 198
 0 199
 3 200
 3 201
 1 202
 1 203
 1 204
 2 205
 2 206
 2 207
 1 208
 0 209
 1 210
 0 211
 0 212
 0 213
 0 214
 0 215
 1 216
 0 217
 1 218
 0 219
 2 220
 0 221
 0 222
 0 223
 0 224
 0 225
 0 226
 0 227
 0 228
 0 229
 0 230
 1 231
 0 232
 0 233
 0 234
 0 235
 0 236
 0 237
 0 238
 0 239
 0 240
 0 241
 0 242
 0 243
 0 244
 0 245
 0 246
 0 247
 0 248
 0 249
 0 250
 0 251
 0 252
 0 253
 0 254
 0 255
 0 256
 0 257
 0 258
 0 259
 0 260
 0 261
 0 262
 0 263
 0 264
 0 265
 0 266
 0 267
 0 268
 0 269
 0 270
 0 271
 0 272
 0 273
 0 274
 0 275
 0 276
 0 277
 0 278
 0 279
 0 280
 1 281
 1 282
 0 283
 0 284
 1 285
 0 286
 0 287
 0 288
 0 289
 0 290
 1 291
 0 292
 0 293
 0 294
 0 295
 1 296
 0 297
 1 298
 0 299
 2 300
 1 301
 0 302
 3 303
 2 304
 0 305
 1 306
 1 307
 2 308
 0 309
 1 310
 0 311
 1 312
 2 313
 0 314
 0 315
 3 316
 0 317
 1 318
 0 319
 2 320
 3 321
 1 322
 1 323
 5 324
 1 325
 0 326
 2 327
 0 328
 1 329
 1 330
 0 331
 2 332
 1 333
 1 334
 4 335
 1 336
 1 337
 4 338
 1 339
 3 340
 0 341
 2 342
 0 343
 2 344
 2 345
 1 346
 3 347
 3 348
 1 349
 0 350
 0 351
 0 352
 0 353
 1 354
 1 355
 1 356
 3 357
 0 358
 0 359
 2 360
 3 361
 0 362
 1 363
 0 364
 0 365
 1 366
 0 367
 1 368
 4 369
 1 370
 1 371
 0 372
 0 373
 2 374
 0 375
 0 376
 0 377
 1 378
 0 379
 0 380
 0 381
 1 382
 0 383
 0 384
 0 385
 0 386
 0 387
 0 388
 0 389
 0 390
 0 391
 0 392
 0 393
 0 394
 0 395
 0 396
 0 397
 1 398
 0 399
 0 400
 0 401
 0 402
 0 403
 0 404
 0 405
 1 406
 1 407
 0 408
 0 409
 0 410
 0 411
 0 412
 0 413
 0 414
 0 415
 0 416
 0 417
 0 418
 0 419
 0 420
 0 421
 0 422
 1 423
 0 424
 0 425
 0 426
 0 427
 0 428
 0 429
 0 430
 0 431
 0 432
 0 433
 0 434
 0 435
 0 436
 0 437
 0 438
 0 439
 0 440
 0 441
 0 442
 0 443
 0 444
 0 445
 0 446
 0 447
 0 448
 0 449
 0 450
 0 451
 0 452
 0 453
 0 454
 0 455
 0 456
 0 457
 0 458
 0 459
 0 460
 0 461
 0 462
 0 463
 0 464
 0 465
 0 466
 0 467
 0 468
 0 469
 0 470
 0 471
 0 472
 0 473
 0 474
 0 475
 0 476
 0 477
 0 478
 0 479
 0 480
 0 481
 0 482
 0 483
 0 484
 0 485
 0 486
 0 487
 0 488
 0 489
 0 490
 0 491
 0 492
 0 493
 0 494
 0 495
 0 496
 0 497
 0 498
 0 499
 0 500
 0 501
 0 502
 0 503
 0 504
 0 505
 0 506
 0 507
 0 508
 0 509
 0 510
 0 511
 0 512
 0 513
 0 514
 0 515
 0 516
 0 517
 0 518
 0 519
 0 520
 0 521
 0 522
 0 523
 0 524
 0 525
 0 526
 0 527
 0 528
 0 529
 0 530
 0 531
 0 532
 0 533
 0 534
 0 535
 0 536
 0 537
 0 538
 0 539
 0 540
 0 541
 0 542
 0 543
 0 544
 0 545
 0 546
 0 547
 0 548
 0 549
 0 550
 0 551
 0 552
 0 553
 0 554
 0 555
 0 556
 0 557
 0 558
 0 559
 0 560
 0 561
 0 562
 0 563
 0 564
 0 565
 0 566
 0 567
 0 568
 0 569
 0 570
 0 571
 0 572
 0 573
 0 574
 0 575
 0 576
 0 577
 0 578
 0 579
 0 580
 0 581
 0 582
 0 583
 0 584
 0 585
 0 586
 0 587
 0 588
 0 589
 0 590
 0 591
 0 592
 0 593
 0 594
 0 595
 0 596
 0 597
 0 598
 0 599
 0 600


