# Created by Octave 3.8.2, Mon Jun 22 03:22:46 2020 CEST <damian@fptrucha.inv.usc.es>
# name: hd
# type: matrix
# rows: 551
# columns: 2
 0 50
 0 51
 0 52
 0 53
 0 54
 0 55
 0 56
 0 57
 0 58
 0 59
 0 60
 0 61
 0 62
 0 63
 0 64
 0 65
 0 66
 0 67
 0 68
 0 69
 0 70
 0 71
 0 72
 0 73
 0 74
 0 75
 0 76
 0 77
 0 78
 0 79
 0 80
 1 81
 0 82
 0 83
 0 84
 0 85
 0 86
 0 87
 2 88
 8 89
 3 90
 16 91
 52 92
 109 93
 174 94
 243 95
 389 96
 565 97
 773 98
 914 99
 1123 100
 1200 101
 1341 102
 1309 103
 1361 104
 1469 105
 1411 106
 1346 107
 1256 108
 1255 109
 1253 110
 1149 111
 1050 112
 1023 113
 918 114
 859 115
 786 116
 721 117
 662 118
 604 119
 580 120
 538 121
 465 122
 408 123
 411 124
 347 125
 307 126
 317 127
 260 128
 214 129
 244 130
 234 131
 228 132
 185 133
 165 134
 154 135
 144 136
 136 137
 142 138
 123 139
 120 140
 79 141
 105 142
 106 143
 88 144
 73 145
 73 146
 73 147
 68 148
 79 149
 62 150
 55 151
 57 152
 39 153
 43 154
 45 155
 56 156
 52 157
 44 158
 43 159
 33 160
 45 161
 38 162
 30 163
 27 164
 24 165
 29 166
 31 167
 25 168
 24 169
 14 170
 19 171
 9 172
 20 173
 18 174
 19 175
 12 176
 13 177
 14 178
 10 179
 11 180
 14 181
 5 182
 5 183
 6 184
 7 185
 6 186
 6 187
 4 188
 8 189
 5 190
 7 191
 3 192
 2 193
 3 194
 3 195
 1 196
 4 197
 4 198
 2 199
 4 200
 1 201
 3 202
 2 203
 2 204
 2 205
 2 206
 3 207
 3 208
 0 209
 0 210
 2 211
 0 212
 1 213
 2 214
 0 215
 0 216
 0 217
 0 218
 0 219
 1 220
 0 221
 0 222
 0 223
 0 224
 0 225
 0 226
 0 227
 0 228
 0 229
 0 230
 1 231
 0 232
 0 233
 0 234
 0 235
 0 236
 0 237
 0 238
 0 239
 1 240
 0 241
 0 242
 0 243
 0 244
 1 245
 0 246
 0 247
 0 248
 0 249
 0 250
 0 251
 0 252
 0 253
 0 254
 0 255
 0 256
 0 257
 0 258
 0 259
 0 260
 0 261
 0 262
 0 263
 0 264
 0 265
 0 266
 0 267
 0 268
 0 269
 0 270
 0 271
 0 272
 0 273
 0 274
 0 275
 0 276
 0 277
 0 278
 0 279
 0 280
 0 281
 0 282
 0 283
 2 284
 1 285
 1 286
 0 287
 0 288
 1 289
 0 290
 1 291
 0 292
 1 293
 3 294
 3 295
 2 296
 1 297
 2 298
 0 299
 0 300
 0 301
 1 302
 1 303
 2 304
 2 305
 1 306
 4 307
 3 308
 3 309
 1 310
 1 311
 3 312
 3 313
 2 314
 0 315
 4 316
 2 317
 2 318
 3 319
 3 320
 0 321
 3 322
 4 323
 1 324
 1 325
 4 326
 1 327
 0 328
 5 329
 5 330
 2 331
 1 332
 3 333
 4 334
 7 335
 0 336
 2 337
 2 338
 2 339
 4 340
 2 341
 2 342
 8 343
 2 344
 4 345
 4 346
 0 347
 3 348
 2 349
 0 350
 0 351
 1 352
 5 353
 1 354
 1 355
 0 356
 2 357
 0 358
 3 359
 1 360
 0 361
 2 362
 1 363
 2 364
 0 365
 1 366
 1 367
 2 368
 1 369
 0 370
 2 371
 0 372
 1 373
 0 374
 0 375
 0 376
 1 377
 1 378
 0 379
 0 380
 0 381
 0 382
 0 383
 1 384
 0 385
 1 386
 0 387
 0 388
 1 389
 0 390
 0 391
 0 392
 0 393
 0 394
 0 395
 1 396
 0 397
 0 398
 1 399
 1 400
 0 401
 0 402
 0 403
 0 404
 0 405
 0 406
 0 407
 0 408
 0 409
 0 410
 0 411
 0 412
 0 413
 0 414
 0 415
 0 416
 0 417
 0 418
 0 419
 0 420
 0 421
 0 422
 0 423
 0 424
 0 425
 0 426
 0 427
 0 428
 0 429
 0 430
 0 431
 0 432
 0 433
 0 434
 0 435
 0 436
 0 437
 0 438
 0 439
 0 440
 0 441
 0 442
 0 443
 0 444
 0 445
 0 446
 0 447
 0 448
 0 449
 0 450
 0 451
 0 452
 0 453
 0 454
 0 455
 0 456
 0 457
 0 458
 0 459
 0 460
 0 461
 0 462
 0 463
 0 464
 0 465
 0 466
 0 467
 0 468
 0 469
 0 470
 0 471
 0 472
 0 473
 0 474
 0 475
 0 476
 0 477
 0 478
 0 479
 0 480
 0 481
 0 482
 0 483
 0 484
 0 485
 0 486
 0 487
 0 488
 0 489
 0 490
 0 491
 0 492
 0 493
 0 494
 0 495
 0 496
 0 497
 0 498
 0 499
 0 500
 0 501
 0 502
 0 503
 0 504
 0 505
 0 506
 0 507
 0 508
 0 509
 0 510
 0 511
 0 512
 0 513
 0 514
 0 515
 0 516
 0 517
 0 518
 0 519
 0 520
 0 521
 0 522
 0 523
 0 524
 0 525
 0 526
 0 527
 0 528
 0 529
 0 530
 0 531
 0 532
 0 533
 0 534
 0 535
 0 536
 0 537
 0 538
 0 539
 0 540
 0 541
 0 542
 0 543
 0 544
 0 545
 0 546
 0 547
 0 548
 0 549
 0 550
 0 551
 0 552
 0 553
 0 554
 0 555
 0 556
 0 557
 0 558
 0 559
 0 560
 0 561
 0 562
 0 563
 0 564
 0 565
 0 566
 0 567
 0 568
 0 569
 0 570
 0 571
 0 572
 0 573
 0 574
 0 575
 0 576
 0 577
 0 578
 0 579
 0 580
 0 581
 0 582
 0 583
 0 584
 0 585
 0 586
 0 587
 0 588
 0 589
 0 590
 0 591
 0 592
 0 593
 0 594
 0 595
 0 596
 0 597
 0 598
 0 599
 0 600


