# Created by Octave 3.8.2, Mon Jun 22 18:59:47 2020 CEST <damian@fptrucha.inv.usc.es>
# name: hd
# type: matrix
# rows: 551
# columns: 2
 0 50
 0 51
 0 52
 0 53
 0 54
 0 55
 0 56
 0 57
 0 58
 0 59
 0 60
 0 61
 0 62
 0 63
 0 64
 0 65
 0 66
 0 67
 0 68
 0 69
 0 70
 0 71
 0 72
 0 73
 0 74
 0 75
 0 76
 0 77
 0 78
 0 79
 0 80
 0 81
 0 82
 0 83
 0 84
 0 85
 0 86
 0 87
 0 88
 4 89
 2 90
 20 91
 97 92
 140 93
 172 94
 294 95
 431 96
 703 97
 887 98
 1082 99
 1299 100
 1395 101
 1525 102
 1558 103
 1624 104
 1580 105
 1566 106
 1534 107
 1438 108
 1374 109
 1426 110
 1306 111
 1184 112
 1156 113
 1014 114
 1003 115
 854 116
 802 117
 770 118
 673 119
 582 120
 561 121
 522 122
 500 123
 386 124
 395 125
 346 126
 293 127
 288 128
 305 129
 243 130
 215 131
 206 132
 188 133
 154 134
 159 135
 158 136
 137 137
 137 138
 123 139
 128 140
 107 141
 105 142
 90 143
 93 144
 83 145
 77 146
 67 147
 58 148
 70 149
 56 150
 47 151
 62 152
 48 153
 63 154
 54 155
 42 156
 36 157
 39 158
 30 159
 31 160
 31 161
 33 162
 24 163
 29 164
 24 165
 26 166
 24 167
 19 168
 19 169
 23 170
 20 171
 22 172
 15 173
 15 174
 13 175
 12 176
 12 177
 8 178
 7 179
 4 180
 9 181
 8 182
 8 183
 11 184
 6 185
 3 186
 2 187
 9 188
 3 189
 7 190
 5 191
 7 192
 4 193
 3 194
 4 195
 4 196
 3 197
 2 198
 6 199
 1 200
 1 201
 0 202
 2 203
 4 204
 1 205
 0 206
 3 207
 2 208
 0 209
 0 210
 1 211
 2 212
 2 213
 1 214
 0 215
 0 216
 0 217
 2 218
 0 219
 0 220
 0 221
 0 222
 1 223
 0 224
 0 225
 1 226
 0 227
 0 228
 0 229
 0 230
 0 231
 0 232
 0 233
 0 234
 0 235
 0 236
 0 237
 0 238
 1 239
 0 240
 0 241
 0 242
 0 243
 0 244
 0 245
 0 246
 0 247
 0 248
 0 249
 0 250
 0 251
 0 252
 0 253
 0 254
 0 255
 0 256
 0 257
 0 258
 0 259
 0 260
 0 261
 0 262
 0 263
 0 264
 0 265
 0 266
 0 267
 0 268
 0 269
 0 270
 0 271
 0 272
 0 273
 0 274
 0 275
 0 276
 0 277
 1 278
 0 279
 0 280
 0 281
 0 282
 0 283
 0 284
 2 285
 0 286
 1 287
 0 288
 0 289
 2 290
 0 291
 0 292
 1 293
 2 294
 1 295
 2 296
 1 297
 2 298
 0 299
 0 300
 3 301
 4 302
 5 303
 3 304
 5 305
 3 306
 1 307
 2 308
 0 309
 3 310
 1 311
 2 312
 1 313
 2 314
 1 315
 3 316
 0 317
 2 318
 3 319
 2 320
 0 321
 2 322
 2 323
 2 324
 3 325
 1 326
 3 327
 5 328
 2 329
 2 330
 1 331
 0 332
 3 333
 2 334
 2 335
 1 336
 3 337
 1 338
 3 339
 3 340
 0 341
 4 342
 2 343
 0 344
 2 345
 2 346
 3 347
 3 348
 3 349
 2 350
 3 351
 1 352
 1 353
 3 354
 1 355
 3 356
 1 357
 1 358
 1 359
 0 360
 1 361
 3 362
 1 363
 2 364
 1 365
 1 366
 2 367
 0 368
 2 369
 0 370
 1 371
 0 372
 2 373
 1 374
 0 375
 1 376
 1 377
 0 378
 1 379
 1 380
 1 381
 1 382
 0 383
 0 384
 1 385
 1 386
 1 387
 0 388
 1 389
 0 390
 2 391
 2 392
 0 393
 0 394
 0 395
 1 396
 0 397
 0 398
 1 399
 0 400
 0 401
 0 402
 0 403
 1 404
 0 405
 0 406
 0 407
 0 408
 1 409
 1 410
 0 411
 1 412
 0 413
 0 414
 0 415
 0 416
 0 417
 0 418
 0 419
 0 420
 1 421
 0 422
 0 423
 0 424
 0 425
 0 426
 0 427
 0 428
 0 429
 0 430
 0 431
 0 432
 0 433
 0 434
 0 435
 0 436
 0 437
 0 438
 0 439
 0 440
 0 441
 0 442
 0 443
 0 444
 0 445
 0 446
 0 447
 0 448
 0 449
 0 450
 0 451
 0 452
 0 453
 0 454
 0 455
 0 456
 0 457
 0 458
 0 459
 0 460
 0 461
 0 462
 0 463
 0 464
 0 465
 0 466
 0 467
 0 468
 0 469
 0 470
 0 471
 0 472
 0 473
 0 474
 0 475
 0 476
 0 477
 0 478
 0 479
 0 480
 0 481
 0 482
 0 483
 0 484
 0 485
 0 486
 0 487
 0 488
 0 489
 0 490
 0 491
 0 492
 0 493
 0 494
 0 495
 0 496
 0 497
 0 498
 0 499
 0 500
 0 501
 0 502
 0 503
 0 504
 0 505
 0 506
 0 507
 0 508
 0 509
 0 510
 0 511
 0 512
 0 513
 0 514
 0 515
 0 516
 0 517
 0 518
 0 519
 0 520
 0 521
 0 522
 0 523
 0 524
 0 525
 0 526
 0 527
 0 528
 0 529
 0 530
 0 531
 0 532
 0 533
 0 534
 0 535
 0 536
 0 537
 0 538
 0 539
 0 540
 0 541
 0 542
 0 543
 0 544
 0 545
 0 546
 0 547
 0 548
 0 549
 0 550
 0 551
 0 552
 0 553
 0 554
 0 555
 0 556
 0 557
 0 558
 0 559
 0 560
 0 561
 0 562
 0 563
 0 564
 0 565
 0 566
 0 567
 0 568
 0 569
 0 570
 0 571
 0 572
 0 573
 0 574
 0 575
 0 576
 0 577
 0 578
 0 579
 0 580
 0 581
 0 582
 0 583
 0 584
 0 585
 0 586
 0 587
 0 588
 0 589
 0 590
 0 591
 0 592
 0 593
 0 594
 0 595
 0 596
 0 597
 0 598
 0 599
 0 600


