# Created by Octave 3.8.2, Sun Jun 21 01:07:06 2020 CEST <damian@fptrucha.inv.usc.es>
# name: hd
# type: matrix
# rows: 551
# columns: 2
 0 50
 0 51
 0 52
 0 53
 0 54
 0 55
 0 56
 0 57
 0 58
 0 59
 0 60
 0 61
 0 62
 0 63
 0 64
 0 65
 0 66
 0 67
 0 68
 0 69
 0 70
 0 71
 0 72
 0 73
 0 74
 0 75
 0 76
 0 77
 0 78
 0 79
 0 80
 0 81
 0 82
 0 83
 0 84
 0 85
 0 86
 0 87
 1 88
 4 89
 4 90
 33 91
 96 92
 113 93
 156 94
 249 95
 343 96
 541 97
 658 98
 792 99
 932 100
 1028 101
 1093 102
 1149 103
 1252 104
 1252 105
 1233 106
 1280 107
 1193 108
 1195 109
 1160 110
 1166 111
 1148 112
 1087 113
 1074 114
 1008 115
 911 116
 872 117
 822 118
 761 119
 721 120
 627 121
 582 122
 588 123
 532 124
 482 125
 454 126
 416 127
 376 128
 330 129
 301 130
 299 131
 290 132
 227 133
 223 134
 232 135
 212 136
 176 137
 170 138
 144 139
 153 140
 132 141
 127 142
 118 143
 123 144
 91 145
 73 146
 90 147
 93 148
 69 149
 82 150
 69 151
 54 152
 60 153
 66 154
 59 155
 51 156
 44 157
 42 158
 47 159
 31 160
 32 161
 22 162
 27 163
 22 164
 28 165
 26 166
 32 167
 19 168
 26 169
 11 170
 22 171
 12 172
 18 173
 12 174
 20 175
 12 176
 5 177
 14 178
 7 179
 6 180
 7 181
 9 182
 9 183
 4 184
 2 185
 6 186
 7 187
 4 188
 4 189
 6 190
 6 191
 6 192
 4 193
 6 194
 6 195
 2 196
 3 197
 4 198
 4 199
 1 200
 3 201
 4 202
 4 203
 0 204
 1 205
 0 206
 1 207
 2 208
 2 209
 2 210
 1 211
 2 212
 1 213
 0 214
 0 215
 0 216
 0 217
 0 218
 1 219
 0 220
 0 221
 0 222
 0 223
 0 224
 0 225
 0 226
 0 227
 1 228
 1 229
 0 230
 0 231
 0 232
 0 233
 0 234
 0 235
 0 236
 0 237
 0 238
 0 239
 0 240
 0 241
 0 242
 0 243
 0 244
 0 245
 0 246
 0 247
 0 248
 0 249
 0 250
 0 251
 0 252
 0 253
 0 254
 0 255
 0 256
 0 257
 0 258
 0 259
 0 260
 0 261
 0 262
 0 263
 0 264
 0 265
 1 266
 0 267
 0 268
 0 269
 0 270
 0 271
 0 272
 0 273
 0 274
 1 275
 0 276
 0 277
 0 278
 0 279
 0 280
 0 281
 1 282
 0 283
 1 284
 1 285
 0 286
 0 287
 1 288
 1 289
 0 290
 3 291
 0 292
 1 293
 0 294
 1 295
 2 296
 0 297
 0 298
 4 299
 1 300
 1 301
 2 302
 2 303
 1 304
 0 305
 2 306
 3 307
 1 308
 1 309
 1 310
 3 311
 1 312
 0 313
 1 314
 0 315
 2 316
 3 317
 4 318
 1 319
 0 320
 5 321
 1 322
 4 323
 2 324
 3 325
 5 326
 1 327
 4 328
 5 329
 2 330
 5 331
 4 332
 2 333
 0 334
 4 335
 1 336
 4 337
 4 338
 1 339
 1 340
 4 341
 2 342
 3 343
 2 344
 1 345
 2 346
 4 347
 1 348
 6 349
 2 350
 2 351
 2 352
 2 353
 3 354
 3 355
 2 356
 2 357
 0 358
 3 359
 1 360
 3 361
 1 362
 2 363
 0 364
 1 365
 1 366
 3 367
 1 368
 2 369
 3 370
 0 371
 1 372
 0 373
 0 374
 2 375
 0 376
 0 377
 1 378
 0 379
 0 380
 1 381
 0 382
 0 383
 5 384
 1 385
 0 386
 1 387
 1 388
 0 389
 0 390
 2 391
 2 392
 0 393
 0 394
 0 395
 0 396
 1 397
 1 398
 0 399
 0 400
 1 401
 0 402
 1 403
 0 404
 0 405
 0 406
 0 407
 0 408
 0 409
 0 410
 0 411
 0 412
 0 413
 0 414
 0 415
 0 416
 0 417
 0 418
 1 419
 0 420
 0 421
 0 422
 0 423
 0 424
 0 425
 0 426
 0 427
 0 428
 0 429
 0 430
 0 431
 0 432
 0 433
 0 434
 0 435
 0 436
 0 437
 0 438
 0 439
 0 440
 0 441
 0 442
 0 443
 0 444
 0 445
 0 446
 0 447
 0 448
 0 449
 0 450
 0 451
 0 452
 0 453
 0 454
 0 455
 0 456
 0 457
 0 458
 0 459
 0 460
 0 461
 0 462
 0 463
 0 464
 0 465
 0 466
 0 467
 0 468
 0 469
 0 470
 0 471
 0 472
 0 473
 0 474
 0 475
 0 476
 0 477
 0 478
 0 479
 0 480
 0 481
 0 482
 0 483
 0 484
 0 485
 0 486
 0 487
 0 488
 0 489
 0 490
 0 491
 0 492
 0 493
 0 494
 0 495
 0 496
 0 497
 0 498
 0 499
 0 500
 0 501
 0 502
 0 503
 0 504
 0 505
 0 506
 0 507
 0 508
 0 509
 0 510
 0 511
 0 512
 0 513
 0 514
 0 515
 0 516
 0 517
 0 518
 0 519
 0 520
 0 521
 0 522
 0 523
 0 524
 0 525
 0 526
 0 527
 0 528
 0 529
 0 530
 0 531
 0 532
 0 533
 0 534
 0 535
 0 536
 0 537
 0 538
 0 539
 0 540
 0 541
 0 542
 0 543
 0 544
 0 545
 0 546
 0 547
 0 548
 0 549
 0 550
 0 551
 0 552
 0 553
 0 554
 0 555
 0 556
 0 557
 0 558
 0 559
 0 560
 0 561
 0 562
 0 563
 0 564
 0 565
 0 566
 0 567
 0 568
 0 569
 0 570
 0 571
 0 572
 0 573
 0 574
 0 575
 0 576
 0 577
 0 578
 0 579
 0 580
 0 581
 0 582
 0 583
 0 584
 0 585
 0 586
 0 587
 0 588
 0 589
 0 590
 0 591
 0 592
 0 593
 0 594
 0 595
 0 596
 0 597
 0 598
 0 599
 0 600


