# Created by Octave 3.8.2, Mon Jun 22 19:34:59 2020 CEST <damian@fptrucha.inv.usc.es>
# name: hd
# type: matrix
# rows: 551
# columns: 2
 0 50
 0 51
 0 52
 0 53
 0 54
 0 55
 0 56
 0 57
 0 58
 0 59
 0 60
 0 61
 0 62
 0 63
 0 64
 0 65
 0 66
 0 67
 0 68
 0 69
 0 70
 0 71
 0 72
 0 73
 0 74
 0 75
 0 76
 0 77
 0 78
 0 79
 0 80
 0 81
 0 82
 0 83
 0 84
 0 85
 0 86
 0 87
 0 88
 3 89
 2 90
 24 91
 97 92
 118 93
 166 94
 277 95
 434 96
 686 97
 913 98
 1062 99
 1269 100
 1393 101
 1515 102
 1506 103
 1532 104
 1614 105
 1582 106
 1513 107
 1513 108
 1454 109
 1408 110
 1294 111
 1188 112
 1068 113
 1003 114
 914 115
 870 116
 805 117
 716 118
 667 119
 590 120
 535 121
 545 122
 451 123
 391 124
 417 125
 376 126
 317 127
 280 128
 273 129
 262 130
 249 131
 207 132
 208 133
 174 134
 165 135
 152 136
 150 137
 142 138
 124 139
 117 140
 110 141
 115 142
 112 143
 85 144
 97 145
 86 146
 73 147
 75 148
 85 149
 69 150
 62 151
 67 152
 61 153
 56 154
 41 155
 51 156
 45 157
 54 158
 37 159
 36 160
 30 161
 35 162
 23 163
 26 164
 31 165
 16 166
 26 167
 23 168
 20 169
 19 170
 24 171
 17 172
 9 173
 17 174
 13 175
 16 176
 15 177
 14 178
 12 179
 10 180
 9 181
 11 182
 9 183
 16 184
 7 185
 5 186
 7 187
 1 188
 6 189
 6 190
 2 191
 3 192
 6 193
 3 194
 3 195
 3 196
 4 197
 2 198
 2 199
 4 200
 2 201
 2 202
 2 203
 0 204
 2 205
 0 206
 0 207
 0 208
 2 209
 0 210
 2 211
 2 212
 0 213
 0 214
 0 215
 1 216
 1 217
 0 218
 1 219
 0 220
 0 221
 2 222
 0 223
 0 224
 0 225
 1 226
 0 227
 0 228
 0 229
 0 230
 1 231
 0 232
 0 233
 0 234
 0 235
 0 236
 0 237
 0 238
 0 239
 0 240
 0 241
 0 242
 0 243
 0 244
 0 245
 0 246
 0 247
 1 248
 0 249
 0 250
 0 251
 0 252
 0 253
 0 254
 0 255
 0 256
 0 257
 0 258
 0 259
 0 260
 0 261
 0 262
 0 263
 0 264
 0 265
 0 266
 0 267
 0 268
 0 269
 0 270
 0 271
 0 272
 0 273
 1 274
 0 275
 0 276
 0 277
 0 278
 0 279
 0 280
 0 281
 0 282
 0 283
 0 284
 1 285
 1 286
 0 287
 1 288
 0 289
 1 290
 0 291
 2 292
 1 293
 2 294
 2 295
 0 296
 1 297
 0 298
 0 299
 0 300
 1 301
 1 302
 3 303
 2 304
 5 305
 2 306
 2 307
 4 308
 0 309
 2 310
 4 311
 1 312
 1 313
 1 314
 4 315
 2 316
 4 317
 2 318
 0 319
 1 320
 3 321
 4 322
 3 323
 4 324
 2 325
 4 326
 0 327
 5 328
 2 329
 5 330
 4 331
 5 332
 3 333
 5 334
 5 335
 4 336
 3 337
 2 338
 1 339
 5 340
 4 341
 3 342
 3 343
 1 344
 3 345
 1 346
 1 347
 0 348
 4 349
 2 350
 2 351
 1 352
 1 353
 2 354
 2 355
 0 356
 2 357
 2 358
 0 359
 1 360
 1 361
 2 362
 1 363
 0 364
 2 365
 1 366
 0 367
 2 368
 3 369
 0 370
 0 371
 1 372
 0 373
 1 374
 0 375
 0 376
 0 377
 0 378
 0 379
 0 380
 0 381
 0 382
 0 383
 0 384
 0 385
 0 386
 0 387
 2 388
 0 389
 1 390
 0 391
 0 392
 0 393
 0 394
 0 395
 0 396
 1 397
 0 398
 0 399
 0 400
 0 401
 1 402
 0 403
 0 404
 0 405
 0 406
 0 407
 0 408
 0 409
 0 410
 0 411
 0 412
 0 413
 0 414
 0 415
 0 416
 0 417
 0 418
 0 419
 0 420
 0 421
 0 422
 0 423
 0 424
 0 425
 0 426
 1 427
 0 428
 0 429
 0 430
 0 431
 0 432
 0 433
 0 434
 0 435
 0 436
 0 437
 0 438
 0 439
 0 440
 0 441
 0 442
 0 443
 0 444
 0 445
 0 446
 0 447
 0 448
 0 449
 0 450
 0 451
 0 452
 0 453
 0 454
 0 455
 0 456
 0 457
 0 458
 0 459
 0 460
 0 461
 0 462
 0 463
 0 464
 0 465
 0 466
 0 467
 0 468
 0 469
 0 470
 0 471
 0 472
 0 473
 0 474
 0 475
 0 476
 0 477
 0 478
 0 479
 0 480
 0 481
 0 482
 0 483
 0 484
 0 485
 0 486
 0 487
 0 488
 0 489
 0 490
 0 491
 0 492
 0 493
 0 494
 0 495
 0 496
 0 497
 0 498
 0 499
 0 500
 0 501
 0 502
 0 503
 0 504
 0 505
 0 506
 0 507
 0 508
 0 509
 0 510
 0 511
 0 512
 0 513
 0 514
 0 515
 0 516
 0 517
 0 518
 0 519
 0 520
 0 521
 0 522
 0 523
 0 524
 0 525
 0 526
 0 527
 0 528
 0 529
 0 530
 0 531
 0 532
 0 533
 0 534
 0 535
 0 536
 0 537
 0 538
 0 539
 0 540
 0 541
 0 542
 0 543
 0 544
 0 545
 0 546
 0 547
 0 548
 0 549
 0 550
 0 551
 0 552
 0 553
 0 554
 0 555
 0 556
 0 557
 0 558
 0 559
 0 560
 0 561
 0 562
 0 563
 0 564
 0 565
 0 566
 0 567
 0 568
 0 569
 0 570
 0 571
 0 572
 0 573
 0 574
 0 575
 0 576
 0 577
 0 578
 0 579
 0 580
 0 581
 0 582
 0 583
 0 584
 0 585
 0 586
 0 587
 0 588
 0 589
 0 590
 0 591
 0 592
 0 593
 0 594
 0 595
 0 596
 0 597
 0 598
 0 599
 0 600


