# Created by Octave 3.8.2, Mon Jun 22 15:28:07 2020 CEST <damian@fptrucha.inv.usc.es>
# name: hd
# type: matrix
# rows: 551
# columns: 2
 0 50
 0 51
 0 52
 0 53
 0 54
 0 55
 0 56
 0 57
 0 58
 0 59
 0 60
 0 61
 0 62
 0 63
 0 64
 0 65
 0 66
 0 67
 0 68
 0 69
 0 70
 0 71
 0 72
 0 73
 0 74
 0 75
 0 76
 0 77
 0 78
 0 79
 0 80
 0 81
 0 82
 0 83
 0 84
 0 85
 0 86
 0 87
 0 88
 3 89
 5 90
 19 91
 89 92
 130 93
 183 94
 269 95
 446 96
 744 97
 934 98
 1063 99
 1294 100
 1449 101
 1455 102
 1552 103
 1572 104
 1718 105
 1592 106
 1595 107
 1479 108
 1407 109
 1347 110
 1292 111
 1222 112
 1110 113
 1032 114
 1000 115
 863 116
 777 117
 714 118
 630 119
 590 120
 529 121
 481 122
 455 123
 380 124
 387 125
 322 126
 312 127
 260 128
 257 129
 270 130
 203 131
 194 132
 185 133
 162 134
 162 135
 163 136
 139 137
 126 138
 113 139
 123 140
 101 141
 101 142
 87 143
 97 144
 75 145
 85 146
 78 147
 81 148
 55 149
 64 150
 59 151
 54 152
 59 153
 50 154
 36 155
 41 156
 43 157
 28 158
 35 159
 31 160
 31 161
 23 162
 29 163
 29 164
 36 165
 30 166
 18 167
 19 168
 21 169
 18 170
 14 171
 19 172
 13 173
 14 174
 16 175
 12 176
 8 177
 14 178
 10 179
 13 180
 7 181
 8 182
 8 183
 9 184
 8 185
 2 186
 6 187
 9 188
 8 189
 3 190
 5 191
 2 192
 2 193
 5 194
 7 195
 1 196
 2 197
 1 198
 5 199
 0 200
 1 201
 2 202
 4 203
 2 204
 4 205
 1 206
 2 207
 2 208
 1 209
 0 210
 1 211
 3 212
 2 213
 2 214
 1 215
 1 216
 0 217
 0 218
 0 219
 0 220
 0 221
 0 222
 0 223
 0 224
 1 225
 0 226
 0 227
 0 228
 1 229
 1 230
 0 231
 1 232
 0 233
 0 234
 0 235
 0 236
 1 237
 0 238
 0 239
 0 240
 0 241
 1 242
 0 243
 0 244
 0 245
 0 246
 0 247
 0 248
 0 249
 0 250
 0 251
 0 252
 0 253
 0 254
 0 255
 0 256
 0 257
 0 258
 0 259
 0 260
 0 261
 0 262
 0 263
 0 264
 0 265
 0 266
 0 267
 0 268
 0 269
 0 270
 1 271
 0 272
 0 273
 0 274
 0 275
 0 276
 1 277
 0 278
 1 279
 0 280
 2 281
 0 282
 0 283
 2 284
 0 285
 1 286
 2 287
 1 288
 0 289
 1 290
 1 291
 2 292
 0 293
 0 294
 2 295
 2 296
 0 297
 5 298
 3 299
 3 300
 1 301
 0 302
 4 303
 0 304
 2 305
 1 306
 4 307
 2 308
 2 309
 3 310
 3 311
 0 312
 2 313
 2 314
 1 315
 2 316
 0 317
 3 318
 3 319
 4 320
 2 321
 4 322
 2 323
 0 324
 6 325
 1 326
 3 327
 2 328
 1 329
 1 330
 3 331
 7 332
 7 333
 1 334
 6 335
 3 336
 2 337
 0 338
 1 339
 5 340
 2 341
 1 342
 0 343
 2 344
 3 345
 0 346
 1 347
 0 348
 0 349
 1 350
 3 351
 3 352
 0 353
 1 354
 1 355
 2 356
 1 357
 3 358
 2 359
 4 360
 0 361
 2 362
 2 363
 0 364
 0 365
 0 366
 0 367
 0 368
 2 369
 0 370
 0 371
 0 372
 0 373
 0 374
 1 375
 1 376
 0 377
 0 378
 0 379
 0 380
 0 381
 1 382
 0 383
 2 384
 0 385
 0 386
 1 387
 0 388
 2 389
 0 390
 1 391
 0 392
 0 393
 0 394
 0 395
 0 396
 0 397
 1 398
 0 399
 0 400
 1 401
 0 402
 0 403
 0 404
 0 405
 0 406
 0 407
 0 408
 0 409
 0 410
 0 411
 1 412
 0 413
 0 414
 0 415
 0 416
 0 417
 0 418
 0 419
 0 420
 0 421
 0 422
 0 423
 0 424
 0 425
 0 426
 0 427
 0 428
 0 429
 0 430
 0 431
 0 432
 0 433
 0 434
 0 435
 0 436
 0 437
 0 438
 0 439
 0 440
 0 441
 0 442
 0 443
 0 444
 0 445
 0 446
 0 447
 0 448
 0 449
 0 450
 0 451
 0 452
 0 453
 0 454
 0 455
 0 456
 0 457
 0 458
 0 459
 0 460
 0 461
 0 462
 0 463
 0 464
 0 465
 0 466
 0 467
 0 468
 0 469
 0 470
 0 471
 0 472
 0 473
 0 474
 0 475
 0 476
 0 477
 0 478
 0 479
 0 480
 0 481
 0 482
 0 483
 0 484
 0 485
 0 486
 0 487
 0 488
 0 489
 0 490
 0 491
 0 492
 0 493
 0 494
 0 495
 0 496
 0 497
 0 498
 0 499
 0 500
 0 501
 0 502
 0 503
 0 504
 0 505
 0 506
 0 507
 0 508
 0 509
 0 510
 0 511
 0 512
 0 513
 0 514
 0 515
 0 516
 0 517
 0 518
 0 519
 0 520
 0 521
 0 522
 0 523
 0 524
 0 525
 0 526
 0 527
 0 528
 0 529
 0 530
 0 531
 0 532
 0 533
 0 534
 0 535
 0 536
 0 537
 0 538
 0 539
 0 540
 0 541
 0 542
 0 543
 0 544
 0 545
 0 546
 0 547
 0 548
 0 549
 0 550
 0 551
 0 552
 0 553
 0 554
 0 555
 0 556
 0 557
 0 558
 0 559
 0 560
 0 561
 0 562
 0 563
 0 564
 0 565
 0 566
 0 567
 0 568
 0 569
 0 570
 0 571
 0 572
 0 573
 0 574
 0 575
 0 576
 0 577
 0 578
 0 579
 0 580
 0 581
 0 582
 0 583
 0 584
 0 585
 0 586
 0 587
 0 588
 0 589
 0 590
 0 591
 0 592
 0 593
 0 594
 0 595
 0 596
 0 597
 0 598
 0 599
 0 600


