# Created by Octave 3.8.2, Mon Jun 22 04:29:57 2020 CEST <damian@fptrucha.inv.usc.es>
# name: hd
# type: matrix
# rows: 551
# columns: 2
 0 50
 0 51
 0 52
 0 53
 0 54
 0 55
 0 56
 0 57
 0 58
 0 59
 0 60
 0 61
 0 62
 0 63
 0 64
 0 65
 0 66
 0 67
 0 68
 0 69
 0 70
 0 71
 0 72
 0 73
 0 74
 0 75
 0 76
 0 77
 0 78
 0 79
 0 80
 0 81
 0 82
 0 83
 0 84
 0 85
 0 86
 0 87
 0 88
 2 89
 5 90
 15 91
 70 92
 96 93
 148 94
 213 95
 338 96
 506 97
 753 98
 888 99
 1086 100
 1115 101
 1316 102
 1324 103
 1320 104
 1336 105
 1298 106
 1286 107
 1301 108
 1242 109
 1216 110
 1133 111
 1037 112
 955 113
 885 114
 843 115
 690 116
 707 117
 652 118
 588 119
 540 120
 496 121
 468 122
 446 123
 331 124
 367 125
 333 126
 327 127
 273 128
 246 129
 265 130
 203 131
 191 132
 164 133
 188 134
 141 135
 165 136
 130 137
 118 138
 129 139
 104 140
 104 141
 118 142
 102 143
 80 144
 85 145
 85 146
 75 147
 66 148
 66 149
 71 150
 56 151
 56 152
 61 153
 54 154
 45 155
 37 156
 33 157
 32 158
 53 159
 33 160
 34 161
 30 162
 25 163
 21 164
 26 165
 15 166
 22 167
 27 168
 13 169
 20 170
 18 171
 27 172
 19 173
 11 174
 8 175
 24 176
 8 177
 8 178
 9 179
 8 180
 15 181
 8 182
 6 183
 8 184
 10 185
 6 186
 5 187
 6 188
 7 189
 4 190
 6 191
 6 192
 3 193
 7 194
 11 195
 4 196
 2 197
 2 198
 0 199
 3 200
 0 201
 2 202
 3 203
 3 204
 0 205
 0 206
 0 207
 1 208
 1 209
 2 210
 1 211
 1 212
 3 213
 1 214
 0 215
 0 216
 1 217
 0 218
 1 219
 0 220
 1 221
 2 222
 2 223
 1 224
 0 225
 1 226
 0 227
 0 228
 0 229
 0 230
 0 231
 0 232
 0 233
 0 234
 0 235
 0 236
 0 237
 0 238
 0 239
 0 240
 0 241
 0 242
 0 243
 0 244
 0 245
 0 246
 0 247
 0 248
 0 249
 0 250
 0 251
 0 252
 0 253
 0 254
 0 255
 0 256
 0 257
 0 258
 0 259
 0 260
 0 261
 0 262
 0 263
 0 264
 0 265
 0 266
 0 267
 0 268
 1 269
 0 270
 0 271
 0 272
 0 273
 0 274
 0 275
 1 276
 0 277
 0 278
 0 279
 0 280
 0 281
 1 282
 1 283
 0 284
 0 285
 0 286
 0 287
 1 288
 2 289
 0 290
 0 291
 1 292
 2 293
 0 294
 2 295
 1 296
 4 297
 2 298
 0 299
 4 300
 0 301
 1 302
 2 303
 1 304
 2 305
 2 306
 4 307
 6 308
 0 309
 4 310
 1 311
 5 312
 4 313
 5 314
 2 315
 3 316
 1 317
 2 318
 4 319
 3 320
 3 321
 2 322
 2 323
 5 324
 2 325
 2 326
 8 327
 2 328
 2 329
 1 330
 2 331
 1 332
 1 333
 3 334
 3 335
 0 336
 1 337
 3 338
 3 339
 2 340
 2 341
 4 342
 0 343
 1 344
 0 345
 3 346
 2 347
 0 348
 1 349
 0 350
 2 351
 4 352
 0 353
 1 354
 2 355
 2 356
 0 357
 2 358
 3 359
 0 360
 1 361
 1 362
 1 363
 2 364
 4 365
 0 366
 2 367
 0 368
 2 369
 1 370
 1 371
 1 372
 2 373
 0 374
 1 375
 1 376
 3 377
 0 378
 0 379
 1 380
 0 381
 0 382
 0 383
 0 384
 0 385
 0 386
 1 387
 0 388
 0 389
 0 390
 0 391
 2 392
 0 393
 0 394
 0 395
 0 396
 0 397
 0 398
 0 399
 0 400
 0 401
 0 402
 0 403
 1 404
 0 405
 0 406
 0 407
 1 408
 0 409
 0 410
 1 411
 0 412
 0 413
 0 414
 0 415
 0 416
 0 417
 0 418
 0 419
 0 420
 0 421
 0 422
 0 423
 0 424
 0 425
 0 426
 0 427
 0 428
 0 429
 0 430
 0 431
 0 432
 0 433
 0 434
 0 435
 0 436
 0 437
 0 438
 0 439
 0 440
 0 441
 0 442
 0 443
 0 444
 0 445
 0 446
 0 447
 0 448
 0 449
 0 450
 0 451
 0 452
 0 453
 0 454
 0 455
 0 456
 0 457
 0 458
 0 459
 0 460
 0 461
 0 462
 0 463
 0 464
 0 465
 0 466
 0 467
 0 468
 0 469
 0 470
 0 471
 0 472
 0 473
 0 474
 0 475
 0 476
 0 477
 0 478
 0 479
 0 480
 0 481
 0 482
 0 483
 0 484
 0 485
 0 486
 0 487
 0 488
 0 489
 0 490
 0 491
 0 492
 0 493
 0 494
 0 495
 0 496
 0 497
 0 498
 0 499
 0 500
 0 501
 0 502
 0 503
 0 504
 0 505
 0 506
 0 507
 0 508
 0 509
 0 510
 0 511
 0 512
 0 513
 0 514
 0 515
 0 516
 0 517
 0 518
 0 519
 0 520
 0 521
 0 522
 0 523
 0 524
 0 525
 0 526
 0 527
 0 528
 0 529
 0 530
 0 531
 0 532
 0 533
 0 534
 0 535
 0 536
 0 537
 0 538
 0 539
 0 540
 0 541
 0 542
 0 543
 0 544
 0 545
 0 546
 0 547
 0 548
 0 549
 0 550
 0 551
 0 552
 0 553
 0 554
 0 555
 0 556
 0 557
 0 558
 0 559
 0 560
 0 561
 0 562
 0 563
 0 564
 0 565
 0 566
 0 567
 0 568
 0 569
 0 570
 0 571
 0 572
 0 573
 0 574
 0 575
 0 576
 0 577
 0 578
 0 579
 0 580
 0 581
 0 582
 0 583
 0 584
 0 585
 0 586
 0 587
 0 588
 0 589
 0 590
 0 591
 0 592
 0 593
 0 594
 0 595
 0 596
 0 597
 0 598
 0 599
 0 600


