# Created by Octave 3.8.2, Sat Jun 20 13:25:06 2020 CEST <damian@fptrucha.inv.usc.es>
# name: hd
# type: matrix
# rows: 551
# columns: 2
 0 50
 0 51
 0 52
 0 53
 0 54
 0 55
 0 56
 0 57
 0 58
 0 59
 0 60
 0 61
 0 62
 0 63
 0 64
 0 65
 0 66
 0 67
 0 68
 0 69
 0 70
 0 71
 0 72
 0 73
 0 74
 0 75
 0 76
 0 77
 0 78
 0 79
 0 80
 0 81
 0 82
 0 83
 0 84
 0 85
 0 86
 0 87
 0 88
 4 89
 6 90
 38 91
 88 92
 127 93
 173 94
 292 95
 475 96
 683 97
 824 98
 961 99
 1103 100
 1255 101
 1307 102
 1385 103
 1434 104
 1465 105
 1443 106
 1456 107
 1428 108
 1404 109
 1411 110
 1274 111
 1300 112
 1249 113
 1078 114
 1048 115
 1008 116
 859 117
 839 118
 807 119
 743 120
 676 121
 639 122
 580 123
 545 124
 493 125
 420 126
 435 127
 396 128
 387 129
 311 130
 298 131
 276 132
 252 133
 180 134
 222 135
 170 136
 202 137
 176 138
 160 139
 145 140
 122 141
 142 142
 136 143
 96 144
 90 145
 102 146
 77 147
 83 148
 74 149
 78 150
 71 151
 84 152
 61 153
 48 154
 53 155
 35 156
 47 157
 31 158
 49 159
 43 160
 28 161
 28 162
 23 163
 30 164
 30 165
 17 166
 29 167
 17 168
 17 169
 27 170
 19 171
 20 172
 17 173
 14 174
 8 175
 8 176
 8 177
 8 178
 7 179
 8 180
 14 181
 9 182
 12 183
 8 184
 7 185
 4 186
 5 187
 3 188
 6 189
 8 190
 3 191
 2 192
 3 193
 4 194
 6 195
 2 196
 4 197
 4 198
 3 199
 3 200
 2 201
 1 202
 2 203
 0 204
 1 205
 1 206
 2 207
 1 208
 1 209
 0 210
 0 211
 0 212
 2 213
 0 214
 0 215
 0 216
 0 217
 0 218
 2 219
 0 220
 0 221
 0 222
 0 223
 0 224
 0 225
 0 226
 0 227
 0 228
 1 229
 0 230
 1 231
 1 232
 0 233
 0 234
 0 235
 0 236
 0 237
 0 238
 0 239
 0 240
 0 241
 0 242
 0 243
 0 244
 0 245
 0 246
 0 247
 0 248
 0 249
 0 250
 0 251
 0 252
 0 253
 0 254
 0 255
 0 256
 0 257
 0 258
 0 259
 0 260
 0 261
 0 262
 0 263
 0 264
 0 265
 0 266
 0 267
 0 268
 0 269
 0 270
 0 271
 0 272
 0 273
 0 274
 0 275
 0 276
 0 277
 0 278
 1 279
 0 280
 0 281
 0 282
 0 283
 0 284
 0 285
 0 286
 0 287
 0 288
 0 289
 0 290
 0 291
 0 292
 0 293
 0 294
 2 295
 0 296
 1 297
 0 298
 1 299
 0 300
 2 301
 0 302
 2 303
 0 304
 0 305
 0 306
 1 307
 3 308
 0 309
 2 310
 0 311
 2 312
 4 313
 2 314
 4 315
 3 316
 2 317
 1 318
 1 319
 1 320
 4 321
 3 322
 1 323
 3 324
 1 325
 3 326
 4 327
 3 328
 1 329
 2 330
 6 331
 2 332
 3 333
 1 334
 3 335
 6 336
 3 337
 2 338
 2 339
 3 340
 1 341
 2 342
 3 343
 2 344
 5 345
 2 346
 4 347
 3 348
 3 349
 4 350
 1 351
 2 352
 3 353
 1 354
 0 355
 0 356
 1 357
 1 358
 1 359
 3 360
 2 361
 1 362
 0 363
 1 364
 1 365
 0 366
 2 367
 1 368
 2 369
 1 370
 1 371
 0 372
 0 373
 1 374
 0 375
 0 376
 0 377
 3 378
 1 379
 0 380
 1 381
 0 382
 0 383
 1 384
 1 385
 1 386
 0 387
 0 388
 2 389
 0 390
 0 391
 0 392
 1 393
 0 394
 2 395
 0 396
 0 397
 1 398
 0 399
 0 400
 0 401
 0 402
 0 403
 1 404
 0 405
 0 406
 0 407
 0 408
 0 409
 0 410
 0 411
 0 412
 0 413
 1 414
 0 415
 0 416
 0 417
 0 418
 0 419
 0 420
 0 421
 0 422
 0 423
 0 424
 0 425
 1 426
 0 427
 0 428
 0 429
 0 430
 0 431
 0 432
 0 433
 0 434
 0 435
 0 436
 0 437
 0 438
 0 439
 0 440
 0 441
 0 442
 0 443
 0 444
 0 445
 0 446
 0 447
 0 448
 0 449
 0 450
 0 451
 0 452
 0 453
 0 454
 0 455
 0 456
 0 457
 0 458
 0 459
 0 460
 0 461
 0 462
 0 463
 0 464
 0 465
 0 466
 0 467
 0 468
 0 469
 0 470
 0 471
 0 472
 0 473
 0 474
 0 475
 0 476
 0 477
 0 478
 0 479
 0 480
 0 481
 0 482
 0 483
 0 484
 0 485
 0 486
 0 487
 0 488
 0 489
 0 490
 0 491
 0 492
 0 493
 0 494
 0 495
 0 496
 0 497
 0 498
 0 499
 0 500
 0 501
 0 502
 0 503
 0 504
 0 505
 0 506
 0 507
 0 508
 0 509
 0 510
 0 511
 0 512
 0 513
 0 514
 0 515
 0 516
 0 517
 0 518
 0 519
 0 520
 0 521
 0 522
 0 523
 0 524
 0 525
 0 526
 0 527
 0 528
 0 529
 0 530
 0 531
 0 532
 0 533
 0 534
 0 535
 0 536
 0 537
 0 538
 0 539
 0 540
 0 541
 0 542
 0 543
 0 544
 0 545
 0 546
 0 547
 0 548
 0 549
 0 550
 0 551
 0 552
 0 553
 0 554
 0 555
 0 556
 0 557
 0 558
 0 559
 0 560
 0 561
 0 562
 0 563
 0 564
 0 565
 0 566
 0 567
 0 568
 0 569
 0 570
 0 571
 0 572
 0 573
 0 574
 0 575
 0 576
 0 577
 0 578
 0 579
 0 580
 0 581
 0 582
 0 583
 0 584
 0 585
 0 586
 0 587
 0 588
 0 589
 0 590
 0 591
 0 592
 0 593
 0 594
 0 595
 0 596
 0 597
 0 598
 0 599
 0 600


