# Created by Octave 3.8.2, Mon Jun 22 02:54:42 2020 CEST <damian@fptrucha.inv.usc.es>
# name: hd
# type: matrix
# rows: 551
# columns: 2
 0 50
 0 51
 0 52
 0 53
 0 54
 0 55
 0 56
 0 57
 0 58
 0 59
 0 60
 0 61
 0 62
 0 63
 0 64
 0 65
 0 66
 0 67
 0 68
 0 69
 0 70
 0 71
 0 72
 0 73
 0 74
 0 75
 0 76
 0 77
 0 78
 0 79
 0 80
 0 81
 0 82
 0 83
 0 84
 0 85
 0 86
 0 87
 0 88
 3 89
 7 90
 25 91
 97 92
 146 93
 174 94
 291 95
 426 96
 656 97
 871 98
 1008 99
 1157 100
 1249 101
 1348 102
 1382 103
 1386 104
 1473 105
 1334 106
 1399 107
 1330 108
 1254 109
 1231 110
 1131 111
 1020 112
 973 113
 964 114
 819 115
 791 116
 678 117
 650 118
 539 119
 522 120
 493 121
 433 122
 427 123
 368 124
 355 125
 268 126
 269 127
 240 128
 238 129
 239 130
 205 131
 189 132
 162 133
 145 134
 147 135
 127 136
 142 137
 120 138
 105 139
 114 140
 104 141
 92 142
 93 143
 84 144
 84 145
 78 146
 89 147
 75 148
 70 149
 54 150
 50 151
 54 152
 61 153
 60 154
 42 155
 50 156
 45 157
 38 158
 38 159
 30 160
 33 161
 33 162
 34 163
 16 164
 19 165
 22 166
 26 167
 10 168
 26 169
 17 170
 19 171
 19 172
 14 173
 19 174
 11 175
 17 176
 9 177
 10 178
 13 179
 7 180
 5 181
 8 182
 5 183
 10 184
 7 185
 7 186
 8 187
 6 188
 2 189
 5 190
 3 191
 6 192
 5 193
 3 194
 4 195
 3 196
 4 197
 3 198
 1 199
 3 200
 0 201
 3 202
 1 203
 3 204
 1 205
 2 206
 1 207
 0 208
 2 209
 2 210
 0 211
 1 212
 0 213
 0 214
 1 215
 3 216
 2 217
 0 218
 3 219
 1 220
 1 221
 0 222
 0 223
 0 224
 1 225
 0 226
 0 227
 0 228
 0 229
 0 230
 0 231
 1 232
 1 233
 0 234
 0 235
 0 236
 0 237
 0 238
 0 239
 0 240
 0 241
 0 242
 0 243
 0 244
 1 245
 0 246
 0 247
 0 248
 0 249
 0 250
 0 251
 0 252
 0 253
 0 254
 0 255
 0 256
 0 257
 0 258
 0 259
 0 260
 0 261
 0 262
 1 263
 0 264
 0 265
 0 266
 0 267
 0 268
 0 269
 0 270
 0 271
 0 272
 0 273
 0 274
 0 275
 0 276
 0 277
 0 278
 1 279
 2 280
 0 281
 1 282
 0 283
 0 284
 1 285
 0 286
 0 287
 0 288
 0 289
 2 290
 0 291
 0 292
 2 293
 0 294
 2 295
 2 296
 1 297
 1 298
 2 299
 1 300
 3 301
 0 302
 1 303
 4 304
 3 305
 2 306
 2 307
 1 308
 1 309
 5 310
 1 311
 2 312
 1 313
 3 314
 3 315
 1 316
 1 317
 1 318
 3 319
 1 320
 0 321
 8 322
 2 323
 2 324
 2 325
 2 326
 5 327
 1 328
 2 329
 3 330
 2 331
 1 332
 3 333
 1 334
 3 335
 4 336
 2 337
 2 338
 6 339
 2 340
 3 341
 2 342
 1 343
 2 344
 0 345
 1 346
 2 347
 2 348
 1 349
 1 350
 1 351
 1 352
 0 353
 1 354
 1 355
 3 356
 0 357
 2 358
 1 359
 0 360
 2 361
 2 362
 0 363
 0 364
 0 365
 1 366
 1 367
 1 368
 0 369
 0 370
 1 371
 1 372
 0 373
 1 374
 0 375
 0 376
 1 377
 0 378
 0 379
 0 380
 0 381
 0 382
 1 383
 1 384
 1 385
 0 386
 0 387
 0 388
 0 389
 0 390
 0 391
 0 392
 0 393
 0 394
 0 395
 1 396
 0 397
 0 398
 0 399
 0 400
 1 401
 0 402
 0 403
 0 404
 0 405
 0 406
 0 407
 0 408
 0 409
 0 410
 0 411
 0 412
 0 413
 0 414
 0 415
 0 416
 0 417
 0 418
 0 419
 0 420
 0 421
 0 422
 0 423
 0 424
 0 425
 0 426
 0 427
 0 428
 0 429
 0 430
 0 431
 0 432
 0 433
 0 434
 0 435
 0 436
 0 437
 0 438
 0 439
 0 440
 0 441
 0 442
 0 443
 0 444
 0 445
 0 446
 0 447
 0 448
 0 449
 0 450
 0 451
 0 452
 0 453
 0 454
 0 455
 0 456
 0 457
 0 458
 0 459
 0 460
 0 461
 0 462
 0 463
 0 464
 0 465
 0 466
 0 467
 0 468
 0 469
 0 470
 0 471
 0 472
 0 473
 0 474
 0 475
 0 476
 0 477
 0 478
 0 479
 0 480
 0 481
 0 482
 0 483
 0 484
 0 485
 0 486
 0 487
 0 488
 0 489
 0 490
 0 491
 0 492
 0 493
 0 494
 0 495
 0 496
 0 497
 0 498
 0 499
 0 500
 0 501
 0 502
 0 503
 0 504
 0 505
 0 506
 0 507
 0 508
 0 509
 0 510
 0 511
 0 512
 0 513
 0 514
 0 515
 0 516
 0 517
 0 518
 0 519
 0 520
 0 521
 0 522
 0 523
 0 524
 0 525
 0 526
 0 527
 0 528
 0 529
 0 530
 0 531
 0 532
 0 533
 0 534
 0 535
 0 536
 0 537
 0 538
 0 539
 0 540
 0 541
 0 542
 0 543
 0 544
 0 545
 0 546
 0 547
 0 548
 0 549
 0 550
 0 551
 0 552
 0 553
 0 554
 0 555
 0 556
 0 557
 0 558
 0 559
 0 560
 0 561
 0 562
 0 563
 0 564
 0 565
 0 566
 0 567
 0 568
 0 569
 0 570
 0 571
 0 572
 0 573
 0 574
 0 575
 0 576
 0 577
 0 578
 0 579
 0 580
 0 581
 0 582
 0 583
 0 584
 0 585
 0 586
 0 587
 0 588
 0 589
 0 590
 0 591
 0 592
 0 593
 0 594
 0 595
 0 596
 0 597
 0 598
 0 599
 0 600


