# Created by Octave 3.8.2, Mon Jun 22 01:40:19 2020 CEST <damian@fptrucha.inv.usc.es>
# name: hd
# type: matrix
# rows: 551
# columns: 2
 0 50
 0 51
 0 52
 0 53
 0 54
 0 55
 0 56
 0 57
 0 58
 0 59
 0 60
 0 61
 0 62
 0 63
 0 64
 0 65
 0 66
 0 67
 0 68
 0 69
 0 70
 0 71
 0 72
 0 73
 0 74
 0 75
 0 76
 0 77
 0 78
 0 79
 0 80
 0 81
 0 82
 0 83
 0 84
 0 85
 0 86
 0 87
 1 88
 3 89
 0 90
 10 91
 63 92
 125 93
 175 94
 244 95
 320 96
 476 97
 716 98
 822 99
 1066 100
 1170 101
 1253 102
 1271 103
 1296 104
 1398 105
 1432 106
 1455 107
 1359 108
 1418 109
 1318 110
 1233 111
 1223 112
 1136 113
 1126 114
 1075 115
 959 116
 865 117
 860 118
 779 119
 778 120
 643 121
 655 122
 580 123
 525 124
 457 125
 446 126
 430 127
 385 128
 324 129
 321 130
 261 131
 273 132
 231 133
 222 134
 201 135
 170 136
 170 137
 170 138
 155 139
 144 140
 133 141
 129 142
 136 143
 96 144
 110 145
 98 146
 75 147
 68 148
 85 149
 72 150
 54 151
 44 152
 66 153
 62 154
 59 155
 61 156
 41 157
 37 158
 38 159
 41 160
 25 161
 30 162
 29 163
 27 164
 21 165
 16 166
 11 167
 19 168
 17 169
 16 170
 17 171
 17 172
 24 173
 11 174
 18 175
 10 176
 11 177
 9 178
 8 179
 12 180
 9 181
 6 182
 10 183
 5 184
 8 185
 2 186
 7 187
 3 188
 5 189
 5 190
 5 191
 2 192
 4 193
 0 194
 3 195
 2 196
 2 197
 6 198
 2 199
 1 200
 0 201
 1 202
 0 203
 0 204
 2 205
 3 206
 0 207
 2 208
 0 209
 3 210
 1 211
 2 212
 1 213
 1 214
 1 215
 0 216
 1 217
 0 218
 1 219
 1 220
 1 221
 0 222
 0 223
 0 224
 0 225
 1 226
 0 227
 0 228
 0 229
 0 230
 0 231
 0 232
 0 233
 0 234
 0 235
 0 236
 0 237
 0 238
 0 239
 0 240
 0 241
 0 242
 0 243
 0 244
 0 245
 0 246
 0 247
 0 248
 0 249
 0 250
 0 251
 1 252
 0 253
 0 254
 0 255
 0 256
 0 257
 0 258
 0 259
 0 260
 0 261
 0 262
 0 263
 0 264
 0 265
 0 266
 0 267
 0 268
 0 269
 0 270
 0 271
 0 272
 0 273
 0 274
 0 275
 0 276
 0 277
 1 278
 0 279
 0 280
 0 281
 1 282
 0 283
 1 284
 0 285
 2 286
 1 287
 0 288
 1 289
 1 290
 0 291
 1 292
 2 293
 1 294
 0 295
 1 296
 0 297
 2 298
 0 299
 1 300
 1 301
 0 302
 1 303
 2 304
 0 305
 2 306
 3 307
 1 308
 2 309
 0 310
 1 311
 0 312
 2 313
 1 314
 5 315
 0 316
 2 317
 3 318
 2 319
 2 320
 3 321
 4 322
 2 323
 1 324
 2 325
 3 326
 3 327
 0 328
 3 329
 1 330
 1 331
 1 332
 4 333
 2 334
 1 335
 7 336
 3 337
 5 338
 1 339
 0 340
 1 341
 3 342
 3 343
 2 344
 1 345
 1 346
 2 347
 2 348
 1 349
 2 350
 1 351
 2 352
 0 353
 1 354
 0 355
 4 356
 0 357
 2 358
 0 359
 2 360
 0 361
 2 362
 0 363
 3 364
 1 365
 2 366
 1 367
 0 368
 1 369
 1 370
 0 371
 1 372
 0 373
 3 374
 2 375
 1 376
 2 377
 1 378
 0 379
 0 380
 0 381
 0 382
 0 383
 1 384
 1 385
 0 386
 0 387
 2 388
 1 389
 0 390
 0 391
 0 392
 2 393
 0 394
 1 395
 0 396
 0 397
 0 398
 0 399
 0 400
 0 401
 2 402
 0 403
 0 404
 0 405
 1 406
 0 407
 1 408
 0 409
 0 410
 0 411
 0 412
 0 413
 0 414
 0 415
 0 416
 0 417
 0 418
 0 419
 0 420
 2 421
 0 422
 0 423
 0 424
 0 425
 0 426
 0 427
 0 428
 0 429
 0 430
 0 431
 0 432
 0 433
 0 434
 0 435
 0 436
 0 437
 0 438
 0 439
 0 440
 0 441
 0 442
 0 443
 0 444
 0 445
 0 446
 0 447
 0 448
 0 449
 0 450
 0 451
 0 452
 0 453
 0 454
 0 455
 0 456
 0 457
 0 458
 0 459
 0 460
 0 461
 0 462
 0 463
 0 464
 0 465
 0 466
 0 467
 0 468
 0 469
 0 470
 0 471
 0 472
 0 473
 0 474
 0 475
 0 476
 0 477
 0 478
 0 479
 0 480
 0 481
 0 482
 0 483
 0 484
 0 485
 0 486
 0 487
 0 488
 0 489
 0 490
 0 491
 0 492
 0 493
 0 494
 0 495
 0 496
 0 497
 0 498
 0 499
 0 500
 0 501
 0 502
 0 503
 0 504
 0 505
 0 506
 0 507
 0 508
 0 509
 0 510
 0 511
 0 512
 0 513
 0 514
 0 515
 0 516
 0 517
 0 518
 0 519
 0 520
 0 521
 0 522
 0 523
 0 524
 0 525
 0 526
 0 527
 0 528
 0 529
 0 530
 0 531
 0 532
 0 533
 0 534
 0 535
 0 536
 0 537
 0 538
 0 539
 0 540
 0 541
 0 542
 0 543
 0 544
 0 545
 0 546
 0 547
 0 548
 0 549
 0 550
 0 551
 0 552
 0 553
 0 554
 0 555
 0 556
 0 557
 0 558
 0 559
 0 560
 0 561
 0 562
 0 563
 0 564
 0 565
 0 566
 0 567
 0 568
 0 569
 0 570
 0 571
 0 572
 0 573
 0 574
 0 575
 0 576
 0 577
 0 578
 0 579
 0 580
 0 581
 0 582
 0 583
 0 584
 0 585
 0 586
 0 587
 0 588
 0 589
 0 590
 0 591
 0 592
 0 593
 0 594
 0 595
 0 596
 0 597
 0 598
 0 599
 0 600


