# Created by Octave 3.8.2, Mon Jun 22 08:02:24 2020 CEST <damian@fptrucha.inv.usc.es>
# name: hd
# type: matrix
# rows: 551
# columns: 2
 0 50
 0 51
 0 52
 0 53
 0 54
 0 55
 0 56
 0 57
 0 58
 0 59
 0 60
 0 61
 0 62
 0 63
 0 64
 0 65
 0 66
 0 67
 0 68
 0 69
 0 70
 0 71
 0 72
 0 73
 0 74
 0 75
 0 76
 0 77
 0 78
 0 79
 0 80
 0 81
 0 82
 0 83
 0 84
 0 85
 0 86
 0 87
 0 88
 2 89
 1 90
 10 91
 69 92
 114 93
 176 94
 235 95
 373 96
 589 97
 786 98
 966 99
 1181 100
 1254 101
 1384 102
 1402 103
 1512 104
 1559 105
 1441 106
 1393 107
 1411 108
 1296 109
 1286 110
 1203 111
 1178 112
 983 113
 952 114
 879 115
 833 116
 730 117
 630 118
 632 119
 576 120
 481 121
 468 122
 441 123
 385 124
 340 125
 289 126
 251 127
 256 128
 254 129
 212 130
 227 131
 186 132
 194 133
 142 134
 150 135
 144 136
 156 137
 130 138
 119 139
 98 140
 107 141
 96 142
 105 143
 81 144
 85 145
 80 146
 62 147
 58 148
 60 149
 52 150
 55 151
 70 152
 53 153
 44 154
 40 155
 41 156
 51 157
 26 158
 32 159
 48 160
 27 161
 30 162
 32 163
 27 164
 25 165
 31 166
 26 167
 15 168
 18 169
 27 170
 22 171
 22 172
 14 173
 16 174
 20 175
 8 176
 12 177
 14 178
 12 179
 8 180
 14 181
 13 182
 8 183
 6 184
 11 185
 5 186
 5 187
 7 188
 4 189
 0 190
 4 191
 4 192
 2 193
 6 194
 4 195
 5 196
 8 197
 0 198
 1 199
 2 200
 0 201
 1 202
 2 203
 3 204
 5 205
 1 206
 1 207
 0 208
 2 209
 1 210
 0 211
 0 212
 0 213
 0 214
 0 215
 0 216
 0 217
 1 218
 1 219
 0 220
 0 221
 1 222
 0 223
 0 224
 1 225
 1 226
 0 227
 0 228
 0 229
 0 230
 0 231
 1 232
 0 233
 0 234
 1 235
 0 236
 0 237
 0 238
 0 239
 0 240
 0 241
 0 242
 0 243
 0 244
 0 245
 0 246
 0 247
 0 248
 1 249
 0 250
 0 251
 0 252
 0 253
 0 254
 0 255
 0 256
 0 257
 0 258
 0 259
 0 260
 0 261
 0 262
 0 263
 0 264
 0 265
 0 266
 0 267
 0 268
 0 269
 0 270
 0 271
 0 272
 0 273
 1 274
 1 275
 1 276
 0 277
 0 278
 0 279
 0 280
 0 281
 0 282
 0 283
 0 284
 1 285
 1 286
 0 287
 2 288
 1 289
 1 290
 0 291
 2 292
 2 293
 2 294
 1 295
 2 296
 1 297
 3 298
 1 299
 0 300
 1 301
 2 302
 0 303
 2 304
 0 305
 1 306
 0 307
 0 308
 0 309
 4 310
 1 311
 2 312
 1 313
 2 314
 2 315
 4 316
 2 317
 3 318
 1 319
 3 320
 6 321
 2 322
 5 323
 5 324
 2 325
 3 326
 1 327
 2 328
 2 329
 5 330
 0 331
 2 332
 3 333
 3 334
 2 335
 1 336
 6 337
 6 338
 2 339
 4 340
 2 341
 3 342
 6 343
 3 344
 3 345
 4 346
 2 347
 2 348
 0 349
 3 350
 3 351
 1 352
 2 353
 1 354
 0 355
 0 356
 2 357
 2 358
 1 359
 1 360
 1 361
 0 362
 1 363
 2 364
 1 365
 0 366
 2 367
 0 368
 2 369
 0 370
 1 371
 1 372
 0 373
 0 374
 1 375
 3 376
 2 377
 0 378
 0 379
 1 380
 0 381
 0 382
 0 383
 0 384
 1 385
 0 386
 0 387
 0 388
 0 389
 0 390
 1 391
 2 392
 0 393
 0 394
 0 395
 0 396
 1 397
 0 398
 0 399
 0 400
 0 401
 0 402
 1 403
 0 404
 0 405
 0 406
 0 407
 0 408
 0 409
 0 410
 0 411
 0 412
 0 413
 0 414
 0 415
 0 416
 0 417
 0 418
 0 419
 0 420
 0 421
 0 422
 0 423
 0 424
 0 425
 0 426
 0 427
 0 428
 0 429
 0 430
 0 431
 0 432
 0 433
 0 434
 0 435
 0 436
 0 437
 0 438
 0 439
 0 440
 0 441
 0 442
 0 443
 0 444
 0 445
 0 446
 0 447
 0 448
 0 449
 0 450
 0 451
 0 452
 0 453
 0 454
 0 455
 0 456
 0 457
 0 458
 0 459
 0 460
 0 461
 0 462
 0 463
 0 464
 0 465
 0 466
 0 467
 0 468
 0 469
 0 470
 0 471
 0 472
 0 473
 0 474
 0 475
 0 476
 0 477
 0 478
 0 479
 0 480
 0 481
 0 482
 0 483
 0 484
 0 485
 0 486
 0 487
 0 488
 0 489
 0 490
 0 491
 0 492
 0 493
 0 494
 0 495
 0 496
 0 497
 0 498
 0 499
 0 500
 0 501
 0 502
 0 503
 0 504
 0 505
 0 506
 0 507
 0 508
 0 509
 0 510
 0 511
 0 512
 0 513
 0 514
 0 515
 0 516
 0 517
 0 518
 0 519
 0 520
 0 521
 0 522
 0 523
 0 524
 0 525
 0 526
 0 527
 0 528
 0 529
 0 530
 0 531
 0 532
 0 533
 0 534
 0 535
 0 536
 0 537
 0 538
 0 539
 0 540
 0 541
 0 542
 0 543
 0 544
 0 545
 0 546
 0 547
 0 548
 0 549
 0 550
 0 551
 0 552
 0 553
 0 554
 0 555
 0 556
 0 557
 0 558
 0 559
 0 560
 0 561
 0 562
 0 563
 0 564
 0 565
 0 566
 0 567
 0 568
 0 569
 0 570
 0 571
 0 572
 0 573
 0 574
 0 575
 0 576
 0 577
 0 578
 0 579
 0 580
 0 581
 0 582
 0 583
 0 584
 0 585
 0 586
 0 587
 0 588
 0 589
 0 590
 0 591
 0 592
 0 593
 0 594
 0 595
 0 596
 0 597
 0 598
 0 599
 0 600


