# Created by Octave 3.8.2, Sun Jun 21 01:33:25 2020 CEST <damian@fptrucha.inv.usc.es>
# name: hd
# type: matrix
# rows: 551
# columns: 2
 0 50
 0 51
 0 52
 0 53
 0 54
 0 55
 0 56
 0 57
 0 58
 0 59
 0 60
 0 61
 0 62
 0 63
 0 64
 0 65
 0 66
 0 67
 0 68
 0 69
 0 70
 0 71
 0 72
 0 73
 0 74
 0 75
 0 76
 0 77
 0 78
 0 79
 0 80
 0 81
 0 82
 0 83
 0 84
 0 85
 0 86
 0 87
 3 88
 3 89
 4 90
 28 91
 97 92
 101 93
 133 94
 252 95
 364 96
 552 97
 700 98
 780 99
 924 100
 1041 101
 1200 102
 1139 103
 1249 104
 1271 105
 1201 106
 1297 107
 1278 108
 1187 109
 1229 110
 1176 111
 1095 112
 1109 113
 1023 114
 973 115
 873 116
 796 117
 841 118
 762 119
 680 120
 691 121
 593 122
 558 123
 516 124
 463 125
 470 126
 407 127
 380 128
 352 129
 313 130
 271 131
 276 132
 238 133
 205 134
 203 135
 166 136
 187 137
 152 138
 139 139
 144 140
 141 141
 122 142
 148 143
 114 144
 79 145
 87 146
 76 147
 70 148
 70 149
 67 150
 60 151
 55 152
 69 153
 54 154
 49 155
 48 156
 51 157
 55 158
 32 159
 35 160
 32 161
 37 162
 31 163
 29 164
 29 165
 28 166
 31 167
 17 168
 18 169
 12 170
 6 171
 13 172
 14 173
 12 174
 8 175
 13 176
 7 177
 21 178
 16 179
 5 180
 6 181
 6 182
 7 183
 6 184
 4 185
 5 186
 5 187
 2 188
 6 189
 4 190
 3 191
 8 192
 0 193
 4 194
 2 195
 4 196
 3 197
 1 198
 0 199
 2 200
 2 201
 2 202
 2 203
 1 204
 2 205
 5 206
 0 207
 0 208
 0 209
 2 210
 0 211
 2 212
 0 213
 2 214
 0 215
 0 216
 0 217
 1 218
 0 219
 0 220
 1 221
 0 222
 1 223
 1 224
 0 225
 0 226
 0 227
 0 228
 0 229
 0 230
 1 231
 1 232
 0 233
 1 234
 0 235
 0 236
 0 237
 0 238
 0 239
 0 240
 0 241
 0 242
 0 243
 0 244
 0 245
 0 246
 0 247
 0 248
 0 249
 0 250
 0 251
 0 252
 0 253
 0 254
 0 255
 0 256
 0 257
 0 258
 0 259
 0 260
 0 261
 0 262
 0 263
 0 264
 0 265
 0 266
 1 267
 1 268
 0 269
 0 270
 0 271
 0 272
 0 273
 0 274
 0 275
 0 276
 0 277
 0 278
 0 279
 0 280
 0 281
 0 282
 0 283
 0 284
 0 285
 0 286
 0 287
 2 288
 0 289
 0 290
 1 291
 0 292
 0 293
 2 294
 0 295
 1 296
 0 297
 2 298
 0 299
 0 300
 3 301
 0 302
 1 303
 0 304
 0 305
 2 306
 1 307
 0 308
 1 309
 4 310
 2 311
 2 312
 1 313
 0 314
 4 315
 1 316
 4 317
 2 318
 2 319
 0 320
 3 321
 4 322
 1 323
 2 324
 7 325
 3 326
 3 327
 2 328
 3 329
 5 330
 1 331
 2 332
 2 333
 4 334
 2 335
 0 336
 3 337
 3 338
 3 339
 3 340
 3 341
 4 342
 6 343
 1 344
 0 345
 3 346
 4 347
 2 348
 1 349
 0 350
 5 351
 1 352
 0 353
 3 354
 2 355
 1 356
 5 357
 0 358
 1 359
 0 360
 2 361
 0 362
 2 363
 1 364
 0 365
 0 366
 2 367
 2 368
 1 369
 2 370
 0 371
 0 372
 1 373
 0 374
 2 375
 2 376
 0 377
 0 378
 1 379
 0 380
 1 381
 1 382
 0 383
 0 384
 3 385
 1 386
 1 387
 0 388
 0 389
 0 390
 0 391
 0 392
 0 393
 0 394
 2 395
 0 396
 0 397
 0 398
 0 399
 1 400
 0 401
 0 402
 1 403
 1 404
 0 405
 1 406
 1 407
 0 408
 0 409
 0 410
 0 411
 0 412
 0 413
 0 414
 1 415
 0 416
 0 417
 0 418
 0 419
 0 420
 0 421
 0 422
 0 423
 0 424
 0 425
 0 426
 1 427
 0 428
 0 429
 0 430
 0 431
 0 432
 0 433
 0 434
 0 435
 0 436
 0 437
 0 438
 0 439
 0 440
 0 441
 0 442
 0 443
 0 444
 0 445
 0 446
 0 447
 0 448
 0 449
 0 450
 1 451
 0 452
 0 453
 0 454
 0 455
 0 456
 0 457
 0 458
 0 459
 0 460
 0 461
 0 462
 0 463
 0 464
 0 465
 0 466
 0 467
 0 468
 0 469
 0 470
 0 471
 0 472
 0 473
 0 474
 0 475
 0 476
 0 477
 0 478
 0 479
 0 480
 0 481
 0 482
 0 483
 0 484
 0 485
 0 486
 0 487
 0 488
 0 489
 0 490
 0 491
 0 492
 0 493
 0 494
 0 495
 0 496
 0 497
 0 498
 0 499
 0 500
 0 501
 0 502
 0 503
 0 504
 0 505
 0 506
 0 507
 0 508
 0 509
 0 510
 0 511
 0 512
 0 513
 0 514
 0 515
 0 516
 0 517
 0 518
 0 519
 0 520
 0 521
 0 522
 0 523
 0 524
 0 525
 0 526
 0 527
 0 528
 0 529
 0 530
 0 531
 0 532
 0 533
 0 534
 0 535
 0 536
 0 537
 0 538
 0 539
 0 540
 0 541
 0 542
 0 543
 0 544
 0 545
 0 546
 0 547
 0 548
 0 549
 0 550
 0 551
 0 552
 0 553
 0 554
 0 555
 0 556
 0 557
 0 558
 0 559
 0 560
 0 561
 0 562
 0 563
 0 564
 0 565
 0 566
 0 567
 0 568
 0 569
 0 570
 0 571
 0 572
 0 573
 0 574
 0 575
 0 576
 0 577
 0 578
 0 579
 0 580
 0 581
 0 582
 0 583
 0 584
 0 585
 0 586
 0 587
 0 588
 0 589
 0 590
 0 591
 0 592
 0 593
 0 594
 0 595
 0 596
 0 597
 0 598
 0 599
 0 600


