# Created by Octave 3.8.2, Mon Jun 22 14:39:41 2020 CEST <damian@fptrucha.inv.usc.es>
# name: hd
# type: matrix
# rows: 551
# columns: 2
 0 50
 0 51
 0 52
 0 53
 0 54
 0 55
 0 56
 0 57
 0 58
 0 59
 0 60
 0 61
 0 62
 0 63
 0 64
 0 65
 0 66
 0 67
 0 68
 0 69
 0 70
 0 71
 0 72
 0 73
 0 74
 0 75
 0 76
 0 77
 0 78
 0 79
 0 80
 0 81
 0 82
 0 83
 0 84
 0 85
 0 86
 0 87
 0 88
 3 89
 6 90
 16 91
 78 92
 110 93
 215 94
 253 95
 448 96
 639 97
 835 98
 1032 99
 1210 100
 1307 101
 1393 102
 1423 103
 1548 104
 1521 105
 1545 106
 1475 107
 1472 108
 1365 109
 1358 110
 1228 111
 1168 112
 1165 113
 1017 114
 974 115
 806 116
 749 117
 727 118
 646 119
 633 120
 489 121
 461 122
 489 123
 423 124
 372 125
 363 126
 320 127
 276 128
 252 129
 250 130
 229 131
 194 132
 201 133
 152 134
 185 135
 197 136
 148 137
 136 138
 118 139
 114 140
 116 141
 94 142
 87 143
 85 144
 93 145
 91 146
 62 147
 80 148
 71 149
 64 150
 54 151
 69 152
 60 153
 61 154
 58 155
 52 156
 41 157
 49 158
 43 159
 38 160
 32 161
 37 162
 33 163
 23 164
 32 165
 21 166
 24 167
 22 168
 20 169
 21 170
 11 171
 14 172
 26 173
 21 174
 14 175
 15 176
 5 177
 18 178
 18 179
 8 180
 12 181
 13 182
 9 183
 11 184
 6 185
 8 186
 9 187
 4 188
 6 189
 6 190
 3 191
 4 192
 4 193
 2 194
 6 195
 5 196
 2 197
 2 198
 1 199
 3 200
 2 201
 3 202
 1 203
 2 204
 4 205
 0 206
 4 207
 0 208
 0 209
 1 210
 4 211
 3 212
 2 213
 2 214
 0 215
 0 216
 0 217
 2 218
 0 219
 0 220
 0 221
 0 222
 0 223
 0 224
 0 225
 0 226
 0 227
 0 228
 0 229
 0 230
 0 231
 0 232
 0 233
 1 234
 0 235
 0 236
 0 237
 0 238
 0 239
 0 240
 0 241
 0 242
 0 243
 0 244
 0 245
 0 246
 0 247
 1 248
 0 249
 0 250
 0 251
 0 252
 0 253
 0 254
 0 255
 0 256
 0 257
 0 258
 0 259
 0 260
 0 261
 0 262
 0 263
 0 264
 0 265
 0 266
 0 267
 0 268
 0 269
 0 270
 0 271
 0 272
 0 273
 0 274
 0 275
 0 276
 0 277
 0 278
 1 279
 0 280
 0 281
 0 282
 0 283
 2 284
 1 285
 0 286
 0 287
 0 288
 2 289
 2 290
 2 291
 0 292
 2 293
 1 294
 2 295
 3 296
 1 297
 1 298
 0 299
 2 300
 4 301
 2 302
 2 303
 1 304
 2 305
 3 306
 2 307
 1 308
 6 309
 2 310
 4 311
 2 312
 3 313
 1 314
 1 315
 2 316
 2 317
 3 318
 0 319
 5 320
 1 321
 2 322
 1 323
 1 324
 0 325
 5 326
 2 327
 4 328
 7 329
 4 330
 2 331
 0 332
 2 333
 3 334
 1 335
 0 336
 1 337
 0 338
 3 339
 1 340
 4 341
 0 342
 0 343
 1 344
 1 345
 2 346
 0 347
 3 348
 2 349
 0 350
 2 351
 1 352
 1 353
 2 354
 3 355
 4 356
 0 357
 1 358
 1 359
 0 360
 2 361
 0 362
 1 363
 0 364
 1 365
 0 366
 0 367
 0 368
 0 369
 3 370
 0 371
 2 372
 0 373
 1 374
 1 375
 0 376
 0 377
 0 378
 1 379
 0 380
 1 381
 0 382
 1 383
 0 384
 0 385
 0 386
 0 387
 1 388
 0 389
 2 390
 0 391
 0 392
 0 393
 0 394
 0 395
 0 396
 0 397
 0 398
 0 399
 0 400
 0 401
 0 402
 1 403
 0 404
 0 405
 0 406
 0 407
 0 408
 1 409
 0 410
 0 411
 0 412
 0 413
 0 414
 0 415
 0 416
 0 417
 0 418
 0 419
 0 420
 0 421
 0 422
 0 423
 0 424
 0 425
 0 426
 0 427
 0 428
 0 429
 0 430
 0 431
 0 432
 0 433
 0 434
 0 435
 0 436
 0 437
 0 438
 0 439
 0 440
 0 441
 0 442
 0 443
 0 444
 0 445
 0 446
 0 447
 0 448
 0 449
 0 450
 0 451
 0 452
 0 453
 0 454
 0 455
 0 456
 0 457
 0 458
 0 459
 0 460
 0 461
 0 462
 0 463
 0 464
 0 465
 0 466
 0 467
 0 468
 0 469
 0 470
 0 471
 0 472
 0 473
 0 474
 0 475
 0 476
 0 477
 0 478
 0 479
 0 480
 0 481
 0 482
 0 483
 0 484
 0 485
 0 486
 0 487
 0 488
 0 489
 0 490
 0 491
 0 492
 0 493
 0 494
 0 495
 0 496
 0 497
 0 498
 0 499
 0 500
 0 501
 0 502
 0 503
 0 504
 0 505
 0 506
 0 507
 0 508
 0 509
 0 510
 0 511
 0 512
 0 513
 0 514
 0 515
 0 516
 0 517
 0 518
 0 519
 0 520
 0 521
 0 522
 0 523
 0 524
 0 525
 0 526
 0 527
 0 528
 0 529
 0 530
 0 531
 0 532
 0 533
 0 534
 0 535
 0 536
 0 537
 0 538
 0 539
 0 540
 0 541
 0 542
 0 543
 0 544
 0 545
 0 546
 0 547
 0 548
 0 549
 0 550
 0 551
 0 552
 0 553
 0 554
 0 555
 0 556
 0 557
 0 558
 0 559
 0 560
 0 561
 0 562
 0 563
 0 564
 0 565
 0 566
 0 567
 0 568
 0 569
 0 570
 0 571
 0 572
 0 573
 0 574
 0 575
 0 576
 0 577
 0 578
 0 579
 0 580
 0 581
 0 582
 0 583
 0 584
 0 585
 0 586
 0 587
 0 588
 0 589
 0 590
 0 591
 0 592
 0 593
 0 594
 0 595
 0 596
 0 597
 0 598
 0 599
 0 600


