# Created by Octave 3.8.2, Mon Jun 22 10:14:25 2020 CEST <damian@fptrucha.inv.usc.es>
# name: hd
# type: matrix
# rows: 551
# columns: 2
 0 50
 0 51
 0 52
 0 53
 0 54
 0 55
 0 56
 0 57
 0 58
 0 59
 0 60
 0 61
 0 62
 0 63
 0 64
 0 65
 0 66
 0 67
 0 68
 0 69
 0 70
 0 71
 0 72
 0 73
 0 74
 0 75
 0 76
 0 77
 0 78
 0 79
 0 80
 0 81
 0 82
 0 83
 0 84
 0 85
 0 86
 0 87
 0 88
 1 89
 1 90
 17 91
 83 92
 110 93
 182 94
 260 95
 404 96
 528 97
 763 98
 940 99
 1187 100
 1287 101
 1311 102
 1387 103
 1424 104
 1472 105
 1462 106
 1440 107
 1390 108
 1307 109
 1285 110
 1207 111
 1124 112
 1073 113
 993 114
 902 115
 860 116
 756 117
 708 118
 656 119
 627 120
 510 121
 519 122
 491 123
 406 124
 405 125
 356 126
 330 127
 278 128
 297 129
 279 130
 262 131
 221 132
 214 133
 191 134
 170 135
 183 136
 160 137
 147 138
 129 139
 104 140
 98 141
 110 142
 97 143
 103 144
 83 145
 89 146
 78 147
 78 148
 70 149
 55 150
 70 151
 67 152
 58 153
 72 154
 58 155
 62 156
 41 157
 45 158
 40 159
 35 160
 42 161
 36 162
 29 163
 28 164
 20 165
 23 166
 35 167
 23 168
 22 169
 19 170
 19 171
 20 172
 14 173
 19 174
 10 175
 12 176
 12 177
 14 178
 11 179
 11 180
 9 181
 8 182
 8 183
 5 184
 12 185
 6 186
 4 187
 3 188
 5 189
 4 190
 4 191
 4 192
 2 193
 3 194
 1 195
 5 196
 2 197
 4 198
 2 199
 3 200
 2 201
 1 202
 1 203
 1 204
 2 205
 1 206
 2 207
 1 208
 0 209
 2 210
 1 211
 1 212
 0 213
 0 214
 1 215
 1 216
 1 217
 0 218
 0 219
 2 220
 0 221
 1 222
 1 223
 0 224
 0 225
 0 226
 0 227
 2 228
 0 229
 0 230
 0 231
 1 232
 0 233
 0 234
 0 235
 0 236
 0 237
 0 238
 0 239
 0 240
 0 241
 0 242
 0 243
 0 244
 0 245
 0 246
 0 247
 0 248
 0 249
 0 250
 0 251
 0 252
 0 253
 0 254
 0 255
 0 256
 0 257
 0 258
 0 259
 0 260
 0 261
 0 262
 0 263
 0 264
 0 265
 0 266
 0 267
 0 268
 0 269
 1 270
 0 271
 0 272
 0 273
 0 274
 0 275
 1 276
 0 277
 1 278
 0 279
 1 280
 0 281
 0 282
 0 283
 0 284
 0 285
 1 286
 0 287
 1 288
 0 289
 4 290
 3 291
 1 292
 3 293
 1 294
 3 295
 0 296
 1 297
 1 298
 4 299
 1 300
 0 301
 0 302
 0 303
 1 304
 1 305
 3 306
 1 307
 2 308
 0 309
 2 310
 1 311
 3 312
 3 313
 1 314
 1 315
 3 316
 1 317
 5 318
 3 319
 2 320
 5 321
 2 322
 2 323
 4 324
 10 325
 1 326
 4 327
 2 328
 5 329
 3 330
 4 331
 1 332
 3 333
 2 334
 5 335
 1 336
 2 337
 3 338
 4 339
 3 340
 5 341
 4 342
 1 343
 6 344
 5 345
 1 346
 1 347
 5 348
 1 349
 1 350
 2 351
 3 352
 3 353
 2 354
 2 355
 2 356
 0 357
 0 358
 3 359
 2 360
 3 361
 4 362
 4 363
 1 364
 1 365
 1 366
 1 367
 0 368
 0 369
 3 370
 1 371
 1 372
 1 373
 1 374
 1 375
 2 376
 1 377
 1 378
 0 379
 2 380
 1 381
 1 382
 4 383
 1 384
 0 385
 0 386
 1 387
 1 388
 0 389
 0 390
 0 391
 0 392
 0 393
 0 394
 0 395
 0 396
 1 397
 0 398
 0 399
 1 400
 0 401
 0 402
 0 403
 0 404
 0 405
 0 406
 0 407
 0 408
 0 409
 0 410
 0 411
 0 412
 0 413
 0 414
 0 415
 0 416
 0 417
 0 418
 0 419
 1 420
 0 421
 0 422
 0 423
 1 424
 0 425
 0 426
 0 427
 0 428
 0 429
 0 430
 0 431
 0 432
 0 433
 1 434
 0 435
 0 436
 0 437
 0 438
 0 439
 0 440
 0 441
 0 442
 0 443
 0 444
 0 445
 0 446
 0 447
 0 448
 0 449
 0 450
 0 451
 0 452
 0 453
 0 454
 0 455
 0 456
 0 457
 0 458
 0 459
 0 460
 0 461
 0 462
 0 463
 0 464
 0 465
 0 466
 0 467
 0 468
 0 469
 0 470
 0 471
 0 472
 0 473
 0 474
 0 475
 0 476
 0 477
 0 478
 0 479
 0 480
 0 481
 0 482
 0 483
 0 484
 0 485
 0 486
 0 487
 0 488
 0 489
 0 490
 0 491
 0 492
 0 493
 0 494
 0 495
 0 496
 0 497
 0 498
 0 499
 0 500
 0 501
 0 502
 0 503
 0 504
 0 505
 0 506
 0 507
 0 508
 0 509
 0 510
 0 511
 0 512
 0 513
 0 514
 0 515
 0 516
 0 517
 0 518
 0 519
 0 520
 0 521
 0 522
 0 523
 0 524
 0 525
 0 526
 0 527
 0 528
 0 529
 0 530
 0 531
 0 532
 0 533
 0 534
 0 535
 0 536
 0 537
 0 538
 0 539
 0 540
 0 541
 0 542
 0 543
 0 544
 0 545
 0 546
 0 547
 0 548
 0 549
 0 550
 0 551
 0 552
 0 553
 0 554
 0 555
 0 556
 0 557
 0 558
 0 559
 0 560
 0 561
 0 562
 0 563
 0 564
 0 565
 0 566
 0 567
 0 568
 0 569
 0 570
 0 571
 0 572
 0 573
 0 574
 0 575
 0 576
 0 577
 0 578
 0 579
 0 580
 0 581
 0 582
 0 583
 0 584
 0 585
 0 586
 0 587
 0 588
 0 589
 0 590
 0 591
 0 592
 0 593
 0 594
 0 595
 0 596
 0 597
 0 598
 0 599
 0 600


