# Created by Octave 3.8.2, Sun Jun 21 03:19:29 2020 CEST <damian@fptrucha.inv.usc.es>
# name: hd
# type: matrix
# rows: 551
# columns: 2
 0 50
 0 51
 0 52
 0 53
 0 54
 0 55
 0 56
 0 57
 0 58
 0 59
 0 60
 0 61
 0 62
 0 63
 0 64
 0 65
 0 66
 0 67
 0 68
 0 69
 0 70
 0 71
 0 72
 0 73
 0 74
 0 75
 0 76
 0 77
 0 78
 0 79
 0 80
 0 81
 0 82
 0 83
 0 84
 0 85
 0 86
 0 87
 1 88
 0 89
 1 90
 37 91
 91 92
 102 93
 169 94
 277 95
 365 96
 526 97
 677 98
 742 99
 906 100
 975 101
 1106 102
 1143 103
 1226 104
 1259 105
 1234 106
 1267 107
 1254 108
 1203 109
 1228 110
 1178 111
 1154 112
 1074 113
 983 114
 990 115
 947 116
 838 117
 767 118
 701 119
 694 120
 664 121
 599 122
 531 123
 495 124
 540 125
 446 126
 389 127
 383 128
 351 129
 292 130
 317 131
 252 132
 241 133
 246 134
 192 135
 200 136
 178 137
 164 138
 127 139
 135 140
 141 141
 127 142
 122 143
 121 144
 104 145
 86 146
 103 147
 72 148
 71 149
 69 150
 84 151
 63 152
 66 153
 62 154
 52 155
 36 156
 48 157
 49 158
 38 159
 40 160
 38 161
 35 162
 30 163
 29 164
 22 165
 23 166
 29 167
 17 168
 21 169
 15 170
 9 171
 18 172
 14 173
 18 174
 12 175
 10 176
 11 177
 9 178
 11 179
 9 180
 6 181
 11 182
 13 183
 9 184
 4 185
 10 186
 5 187
 5 188
 3 189
 1 190
 7 191
 1 192
 3 193
 1 194
 2 195
 4 196
 2 197
 4 198
 1 199
 1 200
 1 201
 4 202
 0 203
 2 204
 0 205
 0 206
 1 207
 0 208
 2 209
 1 210
 3 211
 1 212
 0 213
 0 214
 0 215
 2 216
 1 217
 1 218
 0 219
 2 220
 1 221
 0 222
 0 223
 1 224
 0 225
 0 226
 0 227
 1 228
 0 229
 0 230
 0 231
 0 232
 0 233
 0 234
 0 235
 0 236
 0 237
 0 238
 0 239
 0 240
 0 241
 0 242
 0 243
 0 244
 0 245
 0 246
 0 247
 0 248
 0 249
 0 250
 0 251
 0 252
 1 253
 0 254
 0 255
 0 256
 0 257
 0 258
 0 259
 0 260
 0 261
 0 262
 0 263
 0 264
 1 265
 0 266
 0 267
 0 268
 0 269
 0 270
 0 271
 0 272
 0 273
 0 274
 0 275
 0 276
 0 277
 0 278
 0 279
 1 280
 1 281
 0 282
 0 283
 1 284
 0 285
 0 286
 1 287
 0 288
 0 289
 0 290
 0 291
 0 292
 1 293
 0 294
 0 295
 2 296
 0 297
 3 298
 0 299
 3 300
 2 301
 0 302
 2 303
 2 304
 0 305
 1 306
 1 307
 2 308
 0 309
 4 310
 3 311
 2 312
 0 313
 4 314
 1 315
 1 316
 1 317
 2 318
 4 319
 2 320
 2 321
 4 322
 1 323
 4 324
 4 325
 2 326
 3 327
 2 328
 3 329
 1 330
 0 331
 5 332
 3 333
 2 334
 2 335
 5 336
 4 337
 3 338
 1 339
 2 340
 1 341
 3 342
 0 343
 4 344
 2 345
 2 346
 1 347
 1 348
 0 349
 3 350
 3 351
 3 352
 0 353
 1 354
 0 355
 1 356
 0 357
 1 358
 1 359
 2 360
 4 361
 2 362
 2 363
 1 364
 0 365
 0 366
 0 367
 3 368
 1 369
 0 370
 5 371
 1 372
 0 373
 1 374
 0 375
 1 376
 2 377
 0 378
 1 379
 1 380
 1 381
 0 382
 1 383
 1 384
 0 385
 2 386
 0 387
 0 388
 1 389
 1 390
 0 391
 2 392
 0 393
 0 394
 1 395
 0 396
 0 397
 1 398
 0 399
 0 400
 0 401
 0 402
 1 403
 0 404
 0 405
 0 406
 0 407
 1 408
 1 409
 0 410
 0 411
 0 412
 0 413
 0 414
 0 415
 0 416
 0 417
 0 418
 1 419
 0 420
 0 421
 0 422
 0 423
 1 424
 0 425
 0 426
 0 427
 0 428
 0 429
 0 430
 0 431
 0 432
 0 433
 0 434
 0 435
 0 436
 0 437
 0 438
 0 439
 0 440
 0 441
 0 442
 0 443
 0 444
 0 445
 0 446
 1 447
 0 448
 0 449
 0 450
 0 451
 0 452
 0 453
 0 454
 0 455
 0 456
 0 457
 0 458
 0 459
 0 460
 0 461
 0 462
 0 463
 0 464
 0 465
 0 466
 0 467
 0 468
 0 469
 0 470
 0 471
 0 472
 0 473
 0 474
 0 475
 0 476
 0 477
 0 478
 0 479
 0 480
 0 481
 0 482
 0 483
 0 484
 0 485
 0 486
 0 487
 0 488
 0 489
 0 490
 0 491
 0 492
 0 493
 0 494
 0 495
 0 496
 0 497
 0 498
 0 499
 0 500
 0 501
 0 502
 0 503
 0 504
 0 505
 0 506
 0 507
 0 508
 0 509
 0 510
 0 511
 0 512
 0 513
 0 514
 0 515
 0 516
 0 517
 0 518
 0 519
 0 520
 0 521
 0 522
 0 523
 0 524
 0 525
 0 526
 0 527
 0 528
 0 529
 0 530
 0 531
 0 532
 0 533
 0 534
 0 535
 0 536
 0 537
 0 538
 0 539
 0 540
 0 541
 0 542
 0 543
 0 544
 0 545
 0 546
 0 547
 0 548
 0 549
 0 550
 0 551
 0 552
 0 553
 0 554
 0 555
 0 556
 0 557
 0 558
 0 559
 0 560
 0 561
 0 562
 0 563
 0 564
 0 565
 0 566
 0 567
 0 568
 0 569
 0 570
 0 571
 0 572
 0 573
 0 574
 0 575
 0 576
 0 577
 0 578
 0 579
 0 580
 0 581
 0 582
 0 583
 0 584
 0 585
 0 586
 0 587
 0 588
 0 589
 0 590
 0 591
 0 592
 0 593
 0 594
 0 595
 0 596
 0 597
 0 598
 0 599
 0 600


