# Created by Octave 3.8.2, Sat Jun 20 02:35:11 2020 CEST <damian@fptrucha.inv.usc.es>
# name: hd
# type: matrix
# rows: 551
# columns: 2
 0 50
 0 51
 0 52
 0 53
 0 54
 0 55
 0 56
 0 57
 0 58
 0 59
 0 60
 0 61
 0 62
 0 63
 0 64
 0 65
 0 66
 0 67
 0 68
 0 69
 0 70
 0 71
 0 72
 0 73
 0 74
 0 75
 0 76
 0 77
 0 78
 0 79
 0 80
 0 81
 0 82
 0 83
 0 84
 0 85
 1 86
 0 87
 3 88
 3 89
 3 90
 25 91
 93 92
 107 93
 189 94
 294 95
 464 96
 643 97
 777 98
 945 99
 1098 100
 1195 101
 1367 102
 1344 103
 1395 104
 1409 105
 1416 106
 1472 107
 1462 108
 1467 109
 1341 110
 1332 111
 1281 112
 1262 113
 1136 114
 1112 115
 949 116
 964 117
 889 118
 850 119
 757 120
 701 121
 662 122
 551 123
 568 124
 518 125
 455 126
 423 127
 353 128
 376 129
 355 130
 316 131
 309 132
 268 133
 237 134
 258 135
 193 136
 196 137
 166 138
 145 139
 158 140
 131 141
 158 142
 124 143
 136 144
 106 145
 107 146
 102 147
 86 148
 92 149
 73 150
 75 151
 64 152
 48 153
 69 154
 64 155
 70 156
 49 157
 46 158
 35 159
 43 160
 26 161
 47 162
 35 163
 29 164
 42 165
 31 166
 30 167
 32 168
 19 169
 21 170
 23 171
 17 172
 17 173
 16 174
 17 175
 9 176
 16 177
 15 178
 18 179
 13 180
 10 181
 8 182
 9 183
 9 184
 9 185
 5 186
 9 187
 9 188
 7 189
 7 190
 1 191
 3 192
 2 193
 2 194
 2 195
 3 196
 2 197
 3 198
 6 199
 5 200
 1 201
 1 202
 3 203
 2 204
 1 205
 2 206
 2 207
 1 208
 0 209
 0 210
 3 211
 0 212
 1 213
 0 214
 1 215
 3 216
 0 217
 0 218
 1 219
 0 220
 0 221
 0 222
 0 223
 0 224
 0 225
 0 226
 0 227
 0 228
 0 229
 0 230
 0 231
 1 232
 0 233
 0 234
 0 235
 0 236
 0 237
 0 238
 0 239
 0 240
 0 241
 0 242
 0 243
 0 244
 0 245
 0 246
 0 247
 0 248
 0 249
 0 250
 0 251
 0 252
 0 253
 0 254
 0 255
 0 256
 1 257
 0 258
 0 259
 0 260
 0 261
 0 262
 0 263
 0 264
 0 265
 0 266
 0 267
 0 268
 0 269
 0 270
 0 271
 0 272
 0 273
 0 274
 0 275
 0 276
 0 277
 0 278
 0 279
 0 280
 0 281
 1 282
 0 283
 0 284
 0 285
 0 286
 0 287
 2 288
 0 289
 2 290
 1 291
 1 292
 1 293
 0 294
 2 295
 0 296
 1 297
 0 298
 1 299
 0 300
 1 301
 1 302
 1 303
 1 304
 1 305
 3 306
 2 307
 0 308
 1 309
 5 310
 1 311
 2 312
 2 313
 7 314
 3 315
 3 316
 3 317
 1 318
 3 319
 6 320
 3 321
 1 322
 1 323
 3 324
 4 325
 3 326
 2 327
 4 328
 1 329
 6 330
 9 331
 2 332
 5 333
 2 334
 3 335
 2 336
 3 337
 1 338
 1 339
 5 340
 7 341
 3 342
 2 343
 3 344
 1 345
 1 346
 3 347
 2 348
 1 349
 1 350
 3 351
 2 352
 2 353
 1 354
 2 355
 1 356
 3 357
 0 358
 2 359
 4 360
 2 361
 3 362
 3 363
 2 364
 3 365
 0 366
 2 367
 1 368
 2 369
 1 370
 1 371
 1 372
 1 373
 1 374
 1 375
 0 376
 0 377
 0 378
 2 379
 1 380
 1 381
 0 382
 0 383
 2 384
 1 385
 0 386
 0 387
 0 388
 0 389
 0 390
 0 391
 2 392
 1 393
 0 394
 0 395
 1 396
 0 397
 0 398
 0 399
 0 400
 0 401
 0 402
 0 403
 1 404
 0 405
 1 406
 0 407
 0 408
 0 409
 0 410
 0 411
 0 412
 0 413
 0 414
 2 415
 0 416
 0 417
 0 418
 0 419
 1 420
 0 421
 0 422
 0 423
 0 424
 0 425
 0 426
 0 427
 0 428
 0 429
 0 430
 0 431
 0 432
 0 433
 0 434
 0 435
 0 436
 0 437
 0 438
 0 439
 0 440
 0 441
 0 442
 0 443
 0 444
 0 445
 0 446
 0 447
 0 448
 0 449
 0 450
 0 451
 0 452
 0 453
 0 454
 0 455
 0 456
 0 457
 0 458
 0 459
 0 460
 0 461
 0 462
 0 463
 0 464
 0 465
 0 466
 0 467
 0 468
 0 469
 0 470
 0 471
 0 472
 0 473
 0 474
 0 475
 0 476
 0 477
 0 478
 0 479
 0 480
 0 481
 0 482
 0 483
 0 484
 0 485
 0 486
 0 487
 0 488
 0 489
 0 490
 0 491
 0 492
 0 493
 0 494
 0 495
 0 496
 0 497
 0 498
 0 499
 0 500
 0 501
 0 502
 0 503
 0 504
 0 505
 0 506
 0 507
 0 508
 0 509
 0 510
 0 511
 0 512
 0 513
 0 514
 0 515
 0 516
 0 517
 0 518
 0 519
 0 520
 0 521
 0 522
 0 523
 0 524
 0 525
 0 526
 0 527
 0 528
 0 529
 0 530
 0 531
 0 532
 0 533
 0 534
 0 535
 0 536
 0 537
 0 538
 0 539
 0 540
 0 541
 0 542
 0 543
 0 544
 0 545
 0 546
 0 547
 0 548
 0 549
 0 550
 0 551
 0 552
 0 553
 0 554
 0 555
 0 556
 0 557
 0 558
 0 559
 0 560
 0 561
 0 562
 0 563
 0 564
 0 565
 0 566
 0 567
 0 568
 0 569
 0 570
 0 571
 0 572
 0 573
 0 574
 0 575
 0 576
 0 577
 0 578
 0 579
 0 580
 0 581
 0 582
 0 583
 0 584
 0 585
 0 586
 0 587
 0 588
 0 589
 0 590
 0 591
 0 592
 0 593
 0 594
 0 595
 0 596
 0 597
 0 598
 0 599
 0 600


