# Created by Octave 3.8.2, Sat Jun 20 14:48:32 2020 CEST <damian@fptrucha.inv.usc.es>
# name: hd
# type: matrix
# rows: 551
# columns: 2
 0 50
 0 51
 0 52
 0 53
 0 54
 0 55
 0 56
 0 57
 0 58
 0 59
 0 60
 0 61
 0 62
 0 63
 0 64
 0 65
 0 66
 0 67
 0 68
 0 69
 0 70
 0 71
 0 72
 0 73
 0 74
 0 75
 0 76
 0 77
 0 78
 0 79
 0 80
 0 81
 0 82
 0 83
 0 84
 0 85
 0 86
 1 87
 3 88
 2 89
 3 90
 30 91
 112 92
 123 93
 192 94
 314 95
 475 96
 679 97
 835 98
 960 99
 1109 100
 1173 101
 1273 102
 1380 103
 1374 104
 1427 105
 1483 106
 1433 107
 1456 108
 1327 109
 1322 110
 1267 111
 1280 112
 1180 113
 1106 114
 1065 115
 990 116
 919 117
 820 118
 736 119
 737 120
 636 121
 648 122
 576 123
 499 124
 502 125
 433 126
 380 127
 384 128
 342 129
 307 130
 268 131
 251 132
 225 133
 208 134
 181 135
 175 136
 147 137
 143 138
 136 139
 134 140
 142 141
 113 142
 114 143
 102 144
 98 145
 86 146
 84 147
 80 148
 72 149
 72 150
 67 151
 53 152
 53 153
 62 154
 41 155
 64 156
 49 157
 38 158
 37 159
 37 160
 35 161
 33 162
 23 163
 20 164
 21 165
 25 166
 20 167
 19 168
 21 169
 18 170
 14 171
 12 172
 13 173
 16 174
 14 175
 11 176
 11 177
 11 178
 13 179
 9 180
 8 181
 4 182
 10 183
 7 184
 5 185
 8 186
 3 187
 9 188
 3 189
 4 190
 2 191
 2 192
 7 193
 2 194
 2 195
 3 196
 3 197
 1 198
 2 199
 3 200
 5 201
 2 202
 1 203
 2 204
 2 205
 0 206
 0 207
 0 208
 2 209
 1 210
 1 211
 0 212
 1 213
 0 214
 1 215
 0 216
 1 217
 1 218
 0 219
 0 220
 0 221
 2 222
 0 223
 1 224
 0 225
 1 226
 0 227
 0 228
 0 229
 0 230
 0 231
 1 232
 0 233
 0 234
 0 235
 1 236
 0 237
 0 238
 0 239
 0 240
 0 241
 0 242
 1 243
 0 244
 1 245
 0 246
 0 247
 0 248
 0 249
 0 250
 0 251
 0 252
 0 253
 0 254
 0 255
 0 256
 0 257
 0 258
 0 259
 0 260
 0 261
 0 262
 0 263
 0 264
 0 265
 0 266
 0 267
 0 268
 0 269
 0 270
 0 271
 0 272
 0 273
 0 274
 0 275
 0 276
 0 277
 0 278
 0 279
 0 280
 0 281
 0 282
 1 283
 0 284
 0 285
 1 286
 0 287
 0 288
 0 289
 1 290
 0 291
 1 292
 0 293
 0 294
 0 295
 0 296
 0 297
 1 298
 2 299
 3 300
 1 301
 0 302
 2 303
 1 304
 1 305
 1 306
 1 307
 2 308
 0 309
 4 310
 5 311
 2 312
 2 313
 1 314
 2 315
 2 316
 1 317
 2 318
 3 319
 1 320
 0 321
 1 322
 1 323
 3 324
 0 325
 2 326
 5 327
 2 328
 0 329
 1 330
 1 331
 1 332
 0 333
 2 334
 3 335
 0 336
 3 337
 3 338
 1 339
 2 340
 4 341
 2 342
 0 343
 2 344
 3 345
 1 346
 4 347
 0 348
 5 349
 1 350
 1 351
 4 352
 3 353
 0 354
 3 355
 1 356
 3 357
 6 358
 0 359
 2 360
 3 361
 0 362
 1 363
 2 364
 2 365
 1 366
 1 367
 0 368
 2 369
 1 370
 1 371
 1 372
 1 373
 1 374
 2 375
 1 376
 0 377
 0 378
 2 379
 0 380
 0 381
 1 382
 0 383
 1 384
 3 385
 1 386
 0 387
 1 388
 0 389
 0 390
 0 391
 0 392
 0 393
 2 394
 1 395
 0 396
 0 397
 0 398
 0 399
 0 400
 0 401
 1 402
 1 403
 0 404
 0 405
 0 406
 0 407
 0 408
 0 409
 0 410
 0 411
 1 412
 0 413
 0 414
 0 415
 0 416
 0 417
 0 418
 0 419
 0 420
 0 421
 0 422
 0 423
 0 424
 0 425
 0 426
 0 427
 0 428
 0 429
 0 430
 0 431
 0 432
 0 433
 0 434
 0 435
 0 436
 0 437
 0 438
 0 439
 0 440
 0 441
 0 442
 0 443
 0 444
 0 445
 0 446
 0 447
 0 448
 0 449
 0 450
 0 451
 0 452
 0 453
 0 454
 0 455
 0 456
 0 457
 0 458
 0 459
 0 460
 0 461
 0 462
 0 463
 0 464
 0 465
 0 466
 0 467
 0 468
 0 469
 0 470
 0 471
 0 472
 0 473
 0 474
 0 475
 0 476
 0 477
 0 478
 0 479
 0 480
 0 481
 0 482
 0 483
 0 484
 0 485
 0 486
 0 487
 0 488
 0 489
 0 490
 0 491
 0 492
 0 493
 0 494
 0 495
 0 496
 0 497
 0 498
 0 499
 0 500
 0 501
 0 502
 0 503
 0 504
 0 505
 0 506
 0 507
 0 508
 0 509
 0 510
 0 511
 0 512
 0 513
 0 514
 0 515
 0 516
 0 517
 0 518
 0 519
 0 520
 0 521
 0 522
 0 523
 0 524
 0 525
 0 526
 0 527
 0 528
 0 529
 0 530
 0 531
 0 532
 0 533
 0 534
 0 535
 0 536
 0 537
 0 538
 0 539
 0 540
 0 541
 0 542
 0 543
 0 544
 0 545
 0 546
 0 547
 0 548
 0 549
 0 550
 0 551
 0 552
 0 553
 0 554
 0 555
 0 556
 0 557
 0 558
 0 559
 0 560
 0 561
 0 562
 0 563
 0 564
 0 565
 0 566
 0 567
 0 568
 0 569
 0 570
 0 571
 0 572
 0 573
 0 574
 0 575
 0 576
 0 577
 0 578
 0 579
 0 580
 0 581
 0 582
 0 583
 0 584
 0 585
 0 586
 0 587
 0 588
 0 589
 0 590
 0 591
 0 592
 0 593
 0 594
 0 595
 0 596
 0 597
 0 598
 0 599
 0 600


