# Created by Octave 3.8.2, Mon Jun 22 03:56:41 2020 CEST <damian@fptrucha.inv.usc.es>
# name: hd
# type: matrix
# rows: 551
# columns: 2
 0 50
 0 51
 0 52
 0 53
 0 54
 0 55
 0 56
 0 57
 0 58
 0 59
 0 60
 0 61
 0 62
 0 63
 0 64
 0 65
 0 66
 0 67
 0 68
 0 69
 0 70
 0 71
 0 72
 0 73
 0 74
 0 75
 0 76
 0 77
 0 78
 0 79
 0 80
 0 81
 0 82
 0 83
 0 84
 0 85
 0 86
 0 87
 1 88
 0 89
 2 90
 9 91
 81 92
 118 93
 181 94
 201 95
 379 96
 515 97
 729 98
 995 99
 1080 100
 1206 101
 1345 102
 1318 103
 1352 104
 1437 105
 1412 106
 1347 107
 1328 108
 1264 109
 1208 110
 1170 111
 1085 112
 1039 113
 920 114
 865 115
 767 116
 737 117
 648 118
 632 119
 549 120
 486 121
 434 122
 409 123
 362 124
 353 125
 350 126
 290 127
 254 128
 278 129
 243 130
 210 131
 194 132
 160 133
 188 134
 157 135
 144 136
 159 137
 124 138
 112 139
 116 140
 89 141
 106 142
 87 143
 95 144
 77 145
 76 146
 78 147
 72 148
 62 149
 54 150
 50 151
 66 152
 57 153
 52 154
 38 155
 50 156
 45 157
 35 158
 43 159
 39 160
 35 161
 39 162
 32 163
 24 164
 26 165
 24 166
 17 167
 17 168
 20 169
 19 170
 14 171
 13 172
 18 173
 12 174
 12 175
 9 176
 17 177
 14 178
 10 179
 13 180
 5 181
 12 182
 12 183
 10 184
 12 185
 9 186
 4 187
 5 188
 11 189
 3 190
 6 191
 2 192
 4 193
 3 194
 1 195
 6 196
 3 197
 3 198
 0 199
 2 200
 4 201
 2 202
 1 203
 1 204
 4 205
 3 206
 0 207
 2 208
 1 209
 1 210
 0 211
 0 212
 1 213
 0 214
 0 215
 3 216
 1 217
 2 218
 1 219
 0 220
 0 221
 0 222
 0 223
 1 224
 0 225
 0 226
 0 227
 0 228
 2 229
 0 230
 0 231
 0 232
 0 233
 0 234
 0 235
 0 236
 0 237
 0 238
 0 239
 0 240
 0 241
 0 242
 0 243
 0 244
 0 245
 0 246
 0 247
 0 248
 1 249
 0 250
 0 251
 0 252
 0 253
 0 254
 0 255
 0 256
 0 257
 0 258
 0 259
 0 260
 0 261
 0 262
 0 263
 0 264
 0 265
 0 266
 0 267
 0 268
 0 269
 0 270
 0 271
 0 272
 0 273
 0 274
 0 275
 0 276
 0 277
 0 278
 0 279
 1 280
 0 281
 0 282
 0 283
 0 284
 0 285
 0 286
 2 287
 0 288
 0 289
 0 290
 0 291
 1 292
 2 293
 2 294
 2 295
 0 296
 2 297
 3 298
 1 299
 3 300
 0 301
 0 302
 1 303
 2 304
 2 305
 5 306
 0 307
 2 308
 1 309
 1 310
 2 311
 5 312
 1 313
 2 314
 3 315
 3 316
 3 317
 2 318
 4 319
 1 320
 4 321
 5 322
 5 323
 3 324
 1 325
 4 326
 1 327
 1 328
 2 329
 0 330
 1 331
 3 332
 0 333
 2 334
 1 335
 2 336
 4 337
 1 338
 5 339
 0 340
 1 341
 2 342
 0 343
 1 344
 0 345
 3 346
 0 347
 2 348
 1 349
 2 350
 0 351
 3 352
 3 353
 1 354
 5 355
 0 356
 0 357
 3 358
 0 359
 1 360
 1 361
 2 362
 3 363
 3 364
 0 365
 1 366
 0 367
 2 368
 2 369
 0 370
 0 371
 1 372
 0 373
 0 374
 2 375
 2 376
 1 377
 0 378
 0 379
 1 380
 0 381
 0 382
 0 383
 0 384
 0 385
 0 386
 0 387
 0 388
 0 389
 0 390
 0 391
 1 392
 0 393
 0 394
 0 395
 0 396
 1 397
 0 398
 0 399
 0 400
 0 401
 0 402
 1 403
 0 404
 0 405
 0 406
 0 407
 0 408
 1 409
 0 410
 0 411
 0 412
 0 413
 0 414
 0 415
 0 416
 0 417
 0 418
 0 419
 0 420
 0 421
 0 422
 0 423
 0 424
 0 425
 0 426
 0 427
 0 428
 0 429
 0 430
 0 431
 0 432
 0 433
 0 434
 0 435
 0 436
 0 437
 0 438
 0 439
 0 440
 0 441
 0 442
 1 443
 0 444
 0 445
 0 446
 0 447
 0 448
 0 449
 0 450
 0 451
 0 452
 0 453
 0 454
 0 455
 0 456
 0 457
 0 458
 0 459
 0 460
 0 461
 0 462
 0 463
 0 464
 0 465
 0 466
 0 467
 0 468
 0 469
 0 470
 0 471
 0 472
 0 473
 0 474
 0 475
 0 476
 0 477
 0 478
 0 479
 0 480
 0 481
 0 482
 0 483
 0 484
 0 485
 0 486
 0 487
 0 488
 1 489
 0 490
 0 491
 0 492
 0 493
 0 494
 0 495
 0 496
 0 497
 0 498
 0 499
 0 500
 0 501
 0 502
 0 503
 0 504
 0 505
 0 506
 0 507
 0 508
 0 509
 0 510
 0 511
 0 512
 0 513
 0 514
 0 515
 0 516
 0 517
 0 518
 0 519
 0 520
 0 521
 0 522
 0 523
 0 524
 0 525
 0 526
 0 527
 0 528
 0 529
 0 530
 0 531
 0 532
 0 533
 0 534
 0 535
 0 536
 0 537
 0 538
 0 539
 0 540
 0 541
 0 542
 0 543
 0 544
 0 545
 0 546
 0 547
 0 548
 0 549
 0 550
 0 551
 0 552
 0 553
 0 554
 0 555
 0 556
 0 557
 0 558
 0 559
 0 560
 0 561
 0 562
 0 563
 0 564
 0 565
 0 566
 0 567
 0 568
 0 569
 0 570
 0 571
 0 572
 0 573
 0 574
 0 575
 0 576
 0 577
 0 578
 0 579
 0 580
 0 581
 0 582
 0 583
 0 584
 0 585
 0 586
 0 587
 0 588
 0 589
 0 590
 0 591
 0 592
 0 593
 0 594
 0 595
 0 596
 0 597
 0 598
 0 599
 0 600


