# Created by Octave 3.8.2, Mon Jun 22 07:56:07 2020 CEST <damian@fptrucha.inv.usc.es>
# name: hd
# type: matrix
# rows: 551
# columns: 2
 0 50
 0 51
 0 52
 0 53
 0 54
 0 55
 0 56
 0 57
 0 58
 0 59
 0 60
 0 61
 0 62
 0 63
 0 64
 0 65
 0 66
 0 67
 0 68
 0 69
 0 70
 0 71
 0 72
 0 73
 0 74
 0 75
 0 76
 0 77
 0 78
 0 79
 0 80
 0 81
 0 82
 0 83
 0 84
 0 85
 0 86
 0 87
 0 88
 4 89
 4 90
 9 91
 56 92
 109 93
 142 94
 230 95
 348 96
 600 97
 792 98
 955 99
 1125 100
 1216 101
 1358 102
 1314 103
 1406 104
 1443 105
 1436 106
 1382 107
 1384 108
 1309 109
 1230 110
 1144 111
 1079 112
 1064 113
 948 114
 886 115
 810 116
 754 117
 626 118
 658 119
 620 120
 488 121
 489 122
 419 123
 371 124
 359 125
 320 126
 315 127
 290 128
 281 129
 223 130
 237 131
 188 132
 204 133
 211 134
 152 135
 159 136
 164 137
 129 138
 119 139
 126 140
 110 141
 101 142
 98 143
 95 144
 86 145
 78 146
 71 147
 77 148
 65 149
 69 150
 77 151
 61 152
 53 153
 51 154
 53 155
 38 156
 49 157
 38 158
 30 159
 32 160
 40 161
 23 162
 30 163
 24 164
 38 165
 33 166
 14 167
 20 168
 27 169
 21 170
 16 171
 22 172
 27 173
 16 174
 13 175
 17 176
 13 177
 10 178
 16 179
 12 180
 13 181
 6 182
 5 183
 9 184
 4 185
 6 186
 7 187
 7 188
 4 189
 6 190
 7 191
 5 192
 1 193
 5 194
 6 195
 2 196
 2 197
 2 198
 2 199
 5 200
 7 201
 4 202
 1 203
 2 204
 1 205
 0 206
 3 207
 1 208
 0 209
 1 210
 1 211
 0 212
 0 213
 1 214
 1 215
 0 216
 0 217
 0 218
 1 219
 3 220
 0 221
 0 222
 0 223
 1 224
 0 225
 0 226
 0 227
 0 228
 0 229
 0 230
 1 231
 0 232
 0 233
 0 234
 1 235
 0 236
 1 237
 0 238
 0 239
 0 240
 0 241
 0 242
 0 243
 0 244
 0 245
 0 246
 0 247
 0 248
 1 249
 0 250
 0 251
 0 252
 0 253
 0 254
 0 255
 0 256
 0 257
 0 258
 0 259
 0 260
 0 261
 0 262
 0 263
 0 264
 0 265
 0 266
 0 267
 0 268
 0 269
 1 270
 0 271
 2 272
 0 273
 0 274
 0 275
 0 276
 0 277
 0 278
 0 279
 1 280
 1 281
 0 282
 0 283
 1 284
 1 285
 0 286
 2 287
 1 288
 0 289
 0 290
 1 291
 1 292
 1 293
 3 294
 4 295
 2 296
 3 297
 1 298
 1 299
 2 300
 1 301
 1 302
 1 303
 3 304
 3 305
 2 306
 2 307
 2 308
 2 309
 0 310
 4 311
 3 312
 0 313
 2 314
 4 315
 2 316
 1 317
 2 318
 3 319
 4 320
 4 321
 2 322
 4 323
 3 324
 1 325
 4 326
 1 327
 4 328
 1 329
 5 330
 1 331
 1 332
 4 333
 4 334
 0 335
 3 336
 2 337
 4 338
 3 339
 5 340
 1 341
 3 342
 4 343
 2 344
 2 345
 1 346
 1 347
 1 348
 1 349
 6 350
 3 351
 1 352
 1 353
 2 354
 1 355
 0 356
 3 357
 2 358
 0 359
 2 360
 2 361
 0 362
 2 363
 0 364
 3 365
 2 366
 1 367
 1 368
 1 369
 0 370
 0 371
 2 372
 0 373
 1 374
 1 375
 0 376
 0 377
 0 378
 1 379
 2 380
 0 381
 1 382
 1 383
 0 384
 1 385
 1 386
 0 387
 0 388
 0 389
 0 390
 0 391
 0 392
 0 393
 0 394
 0 395
 0 396
 0 397
 0 398
 1 399
 0 400
 0 401
 0 402
 0 403
 0 404
 0 405
 1 406
 1 407
 0 408
 0 409
 0 410
 1 411
 0 412
 0 413
 0 414
 0 415
 0 416
 0 417
 0 418
 0 419
 0 420
 0 421
 0 422
 0 423
 0 424
 0 425
 0 426
 0 427
 0 428
 0 429
 0 430
 0 431
 0 432
 0 433
 0 434
 0 435
 0 436
 0 437
 0 438
 0 439
 0 440
 0 441
 0 442
 0 443
 0 444
 0 445
 0 446
 0 447
 0 448
 0 449
 0 450
 0 451
 0 452
 0 453
 0 454
 0 455
 0 456
 0 457
 0 458
 0 459
 0 460
 0 461
 0 462
 0 463
 0 464
 0 465
 0 466
 0 467
 0 468
 0 469
 0 470
 0 471
 0 472
 0 473
 0 474
 0 475
 0 476
 0 477
 0 478
 0 479
 0 480
 0 481
 0 482
 0 483
 0 484
 0 485
 0 486
 0 487
 0 488
 0 489
 0 490
 0 491
 0 492
 0 493
 0 494
 0 495
 0 496
 0 497
 0 498
 0 499
 0 500
 0 501
 0 502
 0 503
 0 504
 0 505
 0 506
 0 507
 0 508
 0 509
 0 510
 0 511
 0 512
 0 513
 0 514
 0 515
 0 516
 0 517
 0 518
 0 519
 0 520
 0 521
 0 522
 0 523
 0 524
 0 525
 0 526
 0 527
 0 528
 0 529
 0 530
 0 531
 0 532
 0 533
 0 534
 0 535
 0 536
 0 537
 0 538
 0 539
 0 540
 0 541
 0 542
 0 543
 0 544
 0 545
 0 546
 0 547
 0 548
 0 549
 0 550
 0 551
 0 552
 0 553
 0 554
 0 555
 0 556
 0 557
 0 558
 0 559
 0 560
 0 561
 0 562
 0 563
 0 564
 0 565
 0 566
 0 567
 0 568
 0 569
 0 570
 0 571
 0 572
 0 573
 0 574
 0 575
 0 576
 0 577
 0 578
 0 579
 0 580
 0 581
 0 582
 0 583
 0 584
 0 585
 0 586
 0 587
 0 588
 0 589
 0 590
 0 591
 0 592
 0 593
 0 594
 0 595
 0 596
 0 597
 0 598
 0 599
 0 600


