# Created by Octave 3.8.2, Sat Jun 20 17:36:08 2020 CEST <damian@fptrucha.inv.usc.es>
# name: hd
# type: matrix
# rows: 551
# columns: 2
 0 50
 0 51
 0 52
 0 53
 0 54
 0 55
 0 56
 0 57
 0 58
 0 59
 0 60
 0 61
 0 62
 0 63
 0 64
 0 65
 0 66
 0 67
 0 68
 0 69
 0 70
 0 71
 0 72
 0 73
 0 74
 0 75
 0 76
 0 77
 0 78
 0 79
 0 80
 0 81
 0 82
 0 83
 0 84
 0 85
 0 86
 0 87
 1 88
 2 89
 7 90
 33 91
 87 92
 109 93
 177 94
 284 95
 384 96
 581 97
 702 98
 849 99
 979 100
 1108 101
 1147 102
 1236 103
 1218 104
 1342 105
 1297 106
 1329 107
 1285 108
 1309 109
 1212 110
 1186 111
 1182 112
 1086 113
 1015 114
 1043 115
 987 116
 847 117
 841 118
 767 119
 696 120
 707 121
 573 122
 559 123
 515 124
 460 125
 448 126
 412 127
 352 128
 402 129
 319 130
 291 131
 271 132
 261 133
 248 134
 199 135
 193 136
 231 137
 153 138
 126 139
 155 140
 150 141
 126 142
 119 143
 101 144
 97 145
 98 146
 91 147
 89 148
 70 149
 84 150
 65 151
 70 152
 75 153
 57 154
 54 155
 51 156
 60 157
 50 158
 58 159
 37 160
 34 161
 30 162
 31 163
 21 164
 32 165
 40 166
 26 167
 27 168
 23 169
 15 170
 18 171
 23 172
 22 173
 14 174
 6 175
 7 176
 8 177
 9 178
 12 179
 10 180
 8 181
 14 182
 10 183
 14 184
 7 185
 9 186
 7 187
 5 188
 4 189
 7 190
 6 191
 4 192
 2 193
 2 194
 2 195
 6 196
 2 197
 3 198
 0 199
 2 200
 2 201
 2 202
 2 203
 2 204
 5 205
 1 206
 1 207
 0 208
 3 209
 0 210
 0 211
 3 212
 1 213
 0 214
 3 215
 2 216
 3 217
 0 218
 1 219
 0 220
 1 221
 1 222
 0 223
 0 224
 0 225
 1 226
 2 227
 0 228
 0 229
 0 230
 0 231
 0 232
 0 233
 0 234
 0 235
 0 236
 0 237
 0 238
 0 239
 0 240
 0 241
 0 242
 0 243
 0 244
 1 245
 0 246
 0 247
 0 248
 0 249
 0 250
 0 251
 0 252
 0 253
 0 254
 0 255
 0 256
 0 257
 0 258
 0 259
 0 260
 0 261
 0 262
 0 263
 0 264
 0 265
 0 266
 0 267
 0 268
 0 269
 0 270
 1 271
 1 272
 0 273
 1 274
 0 275
 0 276
 0 277
 0 278
 0 279
 0 280
 0 281
 1 282
 1 283
 0 284
 0 285
 0 286
 1 287
 0 288
 1 289
 0 290
 1 291
 1 292
 2 293
 0 294
 1 295
 0 296
 1 297
 0 298
 1 299
 1 300
 1 301
 1 302
 2 303
 0 304
 3 305
 2 306
 4 307
 0 308
 1 309
 2 310
 1 311
 2 312
 1 313
 2 314
 6 315
 1 316
 2 317
 1 318
 2 319
 4 320
 0 321
 3 322
 2 323
 3 324
 2 325
 1 326
 1 327
 1 328
 2 329
 1 330
 4 331
 1 332
 2 333
 2 334
 0 335
 1 336
 1 337
 3 338
 0 339
 5 340
 4 341
 3 342
 4 343
 1 344
 1 345
 1 346
 3 347
 4 348
 1 349
 2 350
 2 351
 1 352
 2 353
 4 354
 1 355
 3 356
 5 357
 5 358
 0 359
 1 360
 4 361
 0 362
 2 363
 0 364
 1 365
 0 366
 2 367
 0 368
 1 369
 0 370
 0 371
 3 372
 0 373
 3 374
 1 375
 1 376
 0 377
 1 378
 1 379
 1 380
 0 381
 0 382
 1 383
 1 384
 1 385
 0 386
 0 387
 1 388
 1 389
 1 390
 0 391
 0 392
 0 393
 0 394
 0 395
 0 396
 0 397
 1 398
 0 399
 0 400
 0 401
 0 402
 0 403
 0 404
 0 405
 0 406
 0 407
 0 408
 0 409
 0 410
 1 411
 0 412
 0 413
 0 414
 0 415
 0 416
 0 417
 0 418
 0 419
 0 420
 1 421
 0 422
 0 423
 0 424
 0 425
 0 426
 0 427
 0 428
 0 429
 0 430
 0 431
 0 432
 0 433
 0 434
 0 435
 0 436
 0 437
 0 438
 0 439
 0 440
 0 441
 0 442
 0 443
 0 444
 0 445
 0 446
 0 447
 0 448
 0 449
 0 450
 0 451
 0 452
 0 453
 0 454
 0 455
 0 456
 0 457
 0 458
 0 459
 0 460
 0 461
 0 462
 0 463
 0 464
 0 465
 0 466
 0 467
 0 468
 0 469
 0 470
 0 471
 0 472
 0 473
 0 474
 0 475
 0 476
 0 477
 0 478
 0 479
 0 480
 0 481
 0 482
 0 483
 0 484
 0 485
 0 486
 0 487
 0 488
 0 489
 0 490
 0 491
 0 492
 0 493
 0 494
 0 495
 0 496
 0 497
 0 498
 0 499
 0 500
 0 501
 0 502
 0 503
 0 504
 0 505
 0 506
 0 507
 0 508
 0 509
 0 510
 0 511
 0 512
 0 513
 0 514
 0 515
 0 516
 0 517
 0 518
 0 519
 0 520
 0 521
 0 522
 0 523
 0 524
 0 525
 0 526
 0 527
 0 528
 0 529
 0 530
 0 531
 0 532
 0 533
 0 534
 0 535
 0 536
 0 537
 0 538
 0 539
 0 540
 0 541
 0 542
 0 543
 0 544
 0 545
 0 546
 0 547
 0 548
 0 549
 0 550
 0 551
 0 552
 0 553
 0 554
 0 555
 0 556
 0 557
 0 558
 0 559
 0 560
 0 561
 0 562
 0 563
 0 564
 0 565
 0 566
 0 567
 0 568
 0 569
 0 570
 0 571
 0 572
 0 573
 0 574
 0 575
 0 576
 0 577
 0 578
 0 579
 0 580
 0 581
 0 582
 0 583
 0 584
 0 585
 0 586
 0 587
 0 588
 0 589
 0 590
 0 591
 0 592
 0 593
 0 594
 0 595
 0 596
 0 597
 0 598
 0 599
 0 600


