# Created by Octave 3.8.2, Mon Jun 22 08:33:31 2020 CEST <damian@fptrucha.inv.usc.es>
# name: hd
# type: matrix
# rows: 551
# columns: 2
 0 50
 0 51
 0 52
 0 53
 0 54
 0 55
 0 56
 0 57
 0 58
 0 59
 0 60
 0 61
 0 62
 0 63
 0 64
 0 65
 0 66
 0 67
 0 68
 0 69
 0 70
 0 71
 0 72
 0 73
 0 74
 0 75
 0 76
 0 77
 0 78
 0 79
 0 80
 0 81
 0 82
 0 83
 0 84
 0 85
 0 86
 0 87
 0 88
 0 89
 3 90
 7 91
 70 92
 114 93
 171 94
 211 95
 401 96
 572 97
 818 98
 947 99
 1136 100
 1255 101
 1402 102
 1445 103
 1463 104
 1456 105
 1467 106
 1365 107
 1344 108
 1324 109
 1320 110
 1168 111
 1113 112
 1022 113
 972 114
 935 115
 857 116
 755 117
 702 118
 620 119
 593 120
 520 121
 481 122
 442 123
 418 124
 369 125
 327 126
 301 127
 311 128
 231 129
 222 130
 238 131
 207 132
 183 133
 192 134
 147 135
 137 136
 143 137
 132 138
 123 139
 123 140
 113 141
 98 142
 94 143
 96 144
 77 145
 77 146
 63 147
 71 148
 69 149
 75 150
 59 151
 49 152
 66 153
 45 154
 51 155
 42 156
 37 157
 44 158
 44 159
 34 160
 36 161
 29 162
 30 163
 32 164
 30 165
 27 166
 21 167
 23 168
 26 169
 24 170
 21 171
 19 172
 25 173
 24 174
 16 175
 13 176
 11 177
 19 178
 14 179
 10 180
 11 181
 14 182
 8 183
 4 184
 9 185
 9 186
 3 187
 6 188
 4 189
 6 190
 4 191
 3 192
 2 193
 2 194
 7 195
 3 196
 3 197
 6 198
 0 199
 2 200
 6 201
 2 202
 3 203
 1 204
 0 205
 0 206
 3 207
 3 208
 2 209
 1 210
 2 211
 1 212
 1 213
 1 214
 0 215
 1 216
 0 217
 0 218
 0 219
 0 220
 1 221
 1 222
 0 223
 0 224
 0 225
 1 226
 0 227
 0 228
 0 229
 0 230
 1 231
 0 232
 0 233
 0 234
 0 235
 0 236
 0 237
 0 238
 0 239
 0 240
 0 241
 0 242
 0 243
 1 244
 0 245
 0 246
 1 247
 0 248
 0 249
 0 250
 0 251
 0 252
 0 253
 0 254
 0 255
 0 256
 0 257
 0 258
 0 259
 0 260
 0 261
 0 262
 0 263
 1 264
 0 265
 0 266
 0 267
 0 268
 0 269
 0 270
 0 271
 1 272
 0 273
 0 274
 0 275
 0 276
 0 277
 0 278
 0 279
 0 280
 0 281
 1 282
 0 283
 0 284
 0 285
 1 286
 0 287
 1 288
 0 289
 0 290
 2 291
 1 292
 4 293
 1 294
 0 295
 1 296
 0 297
 0 298
 0 299
 1 300
 0 301
 3 302
 0 303
 2 304
 2 305
 1 306
 0 307
 2 308
 1 309
 0 310
 2 311
 7 312
 5 313
 1 314
 3 315
 0 316
 3 317
 4 318
 7 319
 0 320
 3 321
 3 322
 4 323
 7 324
 4 325
 5 326
 2 327
 6 328
 2 329
 3 330
 1 331
 1 332
 2 333
 3 334
 3 335
 3 336
 5 337
 2 338
 3 339
 3 340
 2 341
 5 342
 3 343
 0 344
 1 345
 3 346
 4 347
 2 348
 4 349
 1 350
 4 351
 0 352
 3 353
 2 354
 4 355
 1 356
 2 357
 1 358
 0 359
 3 360
 1 361
 3 362
 1 363
 2 364
 1 365
 2 366
 1 367
 1 368
 0 369
 0 370
 0 371
 0 372
 0 373
 1 374
 0 375
 2 376
 1 377
 2 378
 0 379
 0 380
 0 381
 1 382
 1 383
 2 384
 0 385
 0 386
 1 387
 0 388
 0 389
 1 390
 0 391
 0 392
 1 393
 1 394
 0 395
 0 396
 0 397
 1 398
 0 399
 0 400
 0 401
 1 402
 0 403
 0 404
 0 405
 0 406
 1 407
 0 408
 1 409
 0 410
 0 411
 0 412
 0 413
 0 414
 0 415
 0 416
 0 417
 0 418
 0 419
 0 420
 0 421
 0 422
 0 423
 0 424
 0 425
 0 426
 0 427
 0 428
 0 429
 0 430
 0 431
 0 432
 0 433
 0 434
 0 435
 0 436
 0 437
 0 438
 0 439
 0 440
 0 441
 0 442
 0 443
 0 444
 0 445
 0 446
 0 447
 0 448
 0 449
 0 450
 0 451
 0 452
 0 453
 0 454
 0 455
 0 456
 0 457
 0 458
 0 459
 0 460
 0 461
 0 462
 0 463
 0 464
 0 465
 0 466
 0 467
 0 468
 0 469
 0 470
 0 471
 0 472
 0 473
 0 474
 0 475
 0 476
 0 477
 0 478
 0 479
 0 480
 0 481
 0 482
 0 483
 0 484
 0 485
 0 486
 0 487
 0 488
 0 489
 0 490
 0 491
 0 492
 0 493
 0 494
 0 495
 0 496
 0 497
 0 498
 0 499
 0 500
 0 501
 0 502
 0 503
 0 504
 0 505
 0 506
 0 507
 0 508
 0 509
 0 510
 0 511
 0 512
 0 513
 0 514
 0 515
 0 516
 0 517
 0 518
 0 519
 0 520
 0 521
 0 522
 0 523
 0 524
 0 525
 0 526
 0 527
 0 528
 0 529
 0 530
 0 531
 0 532
 0 533
 0 534
 0 535
 0 536
 0 537
 0 538
 0 539
 0 540
 0 541
 0 542
 0 543
 0 544
 0 545
 0 546
 0 547
 0 548
 0 549
 0 550
 0 551
 0 552
 0 553
 0 554
 0 555
 0 556
 0 557
 0 558
 0 559
 0 560
 0 561
 0 562
 0 563
 0 564
 0 565
 0 566
 0 567
 0 568
 0 569
 0 570
 0 571
 0 572
 0 573
 0 574
 0 575
 0 576
 0 577
 0 578
 0 579
 0 580
 0 581
 0 582
 0 583
 0 584
 0 585
 0 586
 0 587
 0 588
 0 589
 0 590
 0 591
 0 592
 0 593
 0 594
 0 595
 0 596
 0 597
 0 598
 0 599
 0 600


