# Created by Octave 3.8.2, Sun Jun 21 02:51:44 2020 CEST <damian@fptrucha.inv.usc.es>
# name: hd
# type: matrix
# rows: 551
# columns: 2
 0 50
 0 51
 0 52
 0 53
 0 54
 0 55
 0 56
 0 57
 0 58
 0 59
 0 60
 0 61
 0 62
 0 63
 0 64
 0 65
 0 66
 0 67
 0 68
 0 69
 0 70
 0 71
 0 72
 0 73
 0 74
 0 75
 0 76
 0 77
 0 78
 0 79
 0 80
 0 81
 0 82
 0 83
 0 84
 0 85
 0 86
 1 87
 0 88
 3 89
 4 90
 30 91
 90 92
 108 93
 168 94
 269 95
 401 96
 566 97
 644 98
 815 99
 981 100
 1057 101
 1122 102
 1156 103
 1248 104
 1255 105
 1298 106
 1296 107
 1283 108
 1253 109
 1260 110
 1153 111
 1154 112
 1083 113
 1109 114
 927 115
 911 116
 842 117
 745 118
 758 119
 688 120
 697 121
 616 122
 528 123
 493 124
 481 125
 416 126
 365 127
 364 128
 347 129
 323 130
 317 131
 251 132
 225 133
 177 134
 202 135
 195 136
 161 137
 155 138
 147 139
 134 140
 123 141
 87 142
 105 143
 84 144
 101 145
 88 146
 88 147
 71 148
 70 149
 73 150
 79 151
 60 152
 66 153
 49 154
 53 155
 39 156
 51 157
 45 158
 28 159
 34 160
 23 161
 29 162
 34 163
 26 164
 16 165
 21 166
 18 167
 19 168
 18 169
 16 170
 14 171
 11 172
 15 173
 9 174
 6 175
 13 176
 8 177
 7 178
 12 179
 15 180
 12 181
 11 182
 8 183
 10 184
 8 185
 8 186
 4 187
 3 188
 7 189
 4 190
 2 191
 4 192
 3 193
 3 194
 3 195
 2 196
 0 197
 2 198
 2 199
 2 200
 2 201
 1 202
 4 203
 3 204
 3 205
 1 206
 1 207
 1 208
 0 209
 0 210
 0 211
 1 212
 1 213
 0 214
 0 215
 2 216
 0 217
 0 218
 1 219
 0 220
 0 221
 1 222
 0 223
 1 224
 0 225
 0 226
 0 227
 0 228
 0 229
 1 230
 0 231
 1 232
 0 233
 1 234
 2 235
 0 236
 0 237
 0 238
 0 239
 0 240
 0 241
 0 242
 0 243
 0 244
 0 245
 0 246
 0 247
 0 248
 0 249
 0 250
 0 251
 0 252
 0 253
 0 254
 0 255
 0 256
 0 257
 0 258
 0 259
 0 260
 0 261
 0 262
 0 263
 1 264
 0 265
 0 266
 0 267
 0 268
 0 269
 0 270
 0 271
 0 272
 1 273
 0 274
 0 275
 1 276
 0 277
 0 278
 1 279
 0 280
 0 281
 0 282
 0 283
 0 284
 0 285
 0 286
 2 287
 0 288
 0 289
 1 290
 1 291
 1 292
 0 293
 3 294
 0 295
 0 296
 1 297
 1 298
 2 299
 1 300
 2 301
 1 302
 3 303
 3 304
 3 305
 1 306
 2 307
 2 308
 1 309
 0 310
 1 311
 1 312
 1 313
 1 314
 1 315
 2 316
 1 317
 2 318
 2 319
 1 320
 5 321
 1 322
 2 323
 1 324
 1 325
 2 326
 2 327
 5 328
 0 329
 1 330
 2 331
 3 332
 2 333
 2 334
 5 335
 4 336
 5 337
 1 338
 4 339
 0 340
 2 341
 3 342
 2 343
 4 344
 0 345
 4 346
 1 347
 2 348
 2 349
 4 350
 4 351
 0 352
 5 353
 0 354
 0 355
 2 356
 3 357
 0 358
 3 359
 2 360
 2 361
 2 362
 3 363
 0 364
 0 365
 0 366
 1 367
 0 368
 4 369
 3 370
 0 371
 2 372
 2 373
 1 374
 1 375
 0 376
 0 377
 2 378
 0 379
 1 380
 4 381
 1 382
 0 383
 1 384
 1 385
 0 386
 1 387
 0 388
 0 389
 2 390
 0 391
 1 392
 0 393
 0 394
 0 395
 0 396
 0 397
 0 398
 0 399
 0 400
 1 401
 0 402
 0 403
 0 404
 0 405
 0 406
 1 407
 0 408
 1 409
 0 410
 0 411
 0 412
 0 413
 0 414
 0 415
 0 416
 0 417
 0 418
 0 419
 1 420
 0 421
 0 422
 0 423
 0 424
 1 425
 0 426
 0 427
 0 428
 0 429
 0 430
 0 431
 0 432
 0 433
 0 434
 0 435
 0 436
 0 437
 0 438
 0 439
 0 440
 0 441
 0 442
 0 443
 0 444
 0 445
 0 446
 0 447
 0 448
 0 449
 0 450
 0 451
 0 452
 0 453
 0 454
 0 455
 0 456
 0 457
 0 458
 0 459
 0 460
 0 461
 0 462
 0 463
 0 464
 0 465
 0 466
 0 467
 0 468
 0 469
 0 470
 0 471
 0 472
 0 473
 0 474
 0 475
 0 476
 0 477
 0 478
 0 479
 0 480
 0 481
 0 482
 0 483
 0 484
 0 485
 0 486
 0 487
 0 488
 0 489
 0 490
 0 491
 0 492
 0 493
 0 494
 0 495
 0 496
 0 497
 0 498
 0 499
 0 500
 0 501
 0 502
 0 503
 0 504
 0 505
 0 506
 0 507
 0 508
 0 509
 0 510
 0 511
 0 512
 0 513
 0 514
 0 515
 0 516
 0 517
 0 518
 0 519
 0 520
 0 521
 0 522
 0 523
 0 524
 0 525
 0 526
 0 527
 0 528
 0 529
 0 530
 0 531
 0 532
 0 533
 0 534
 0 535
 0 536
 0 537
 0 538
 0 539
 0 540
 0 541
 0 542
 0 543
 0 544
 0 545
 0 546
 0 547
 0 548
 0 549
 0 550
 0 551
 0 552
 0 553
 0 554
 0 555
 0 556
 0 557
 0 558
 0 559
 0 560
 0 561
 0 562
 0 563
 0 564
 0 565
 0 566
 0 567
 0 568
 0 569
 0 570
 0 571
 0 572
 0 573
 0 574
 0 575
 0 576
 0 577
 0 578
 0 579
 0 580
 0 581
 0 582
 0 583
 0 584
 0 585
 0 586
 0 587
 0 588
 0 589
 0 590
 0 591
 0 592
 0 593
 0 594
 0 595
 0 596
 0 597
 0 598
 0 599
 0 600


