# Created by Octave 3.8.2, Mon Jun 22 13:08:55 2020 CEST <damian@fptrucha.inv.usc.es>
# name: hd
# type: matrix
# rows: 551
# columns: 2
 0 50
 0 51
 0 52
 0 53
 0 54
 0 55
 0 56
 0 57
 0 58
 0 59
 0 60
 0 61
 0 62
 0 63
 0 64
 0 65
 0 66
 0 67
 0 68
 0 69
 0 70
 0 71
 0 72
 0 73
 0 74
 0 75
 0 76
 0 77
 0 78
 0 79
 0 80
 0 81
 0 82
 0 83
 0 84
 0 85
 0 86
 0 87
 1 88
 2 89
 1 90
 17 91
 79 92
 110 93
 149 94
 257 95
 438 96
 673 97
 826 98
 1059 99
 1321 100
 1321 101
 1401 102
 1478 103
 1468 104
 1595 105
 1516 106
 1484 107
 1385 108
 1343 109
 1326 110
 1244 111
 1164 112
 1063 113
 1007 114
 884 115
 852 116
 808 117
 717 118
 633 119
 599 120
 579 121
 482 122
 473 123
 382 124
 358 125
 327 126
 311 127
 303 128
 245 129
 260 130
 220 131
 204 132
 201 133
 181 134
 176 135
 166 136
 136 137
 138 138
 122 139
 124 140
 121 141
 120 142
 88 143
 84 144
 90 145
 94 146
 95 147
 68 148
 71 149
 80 150
 62 151
 50 152
 48 153
 53 154
 44 155
 48 156
 39 157
 35 158
 28 159
 31 160
 42 161
 36 162
 27 163
 28 164
 31 165
 19 166
 25 167
 17 168
 15 169
 20 170
 12 171
 20 172
 12 173
 10 174
 18 175
 18 176
 8 177
 16 178
 10 179
 6 180
 2 181
 9 182
 9 183
 8 184
 13 185
 10 186
 6 187
 9 188
 2 189
 4 190
 7 191
 3 192
 4 193
 5 194
 4 195
 2 196
 2 197
 3 198
 4 199
 3 200
 7 201
 2 202
 2 203
 2 204
 5 205
 0 206
 0 207
 1 208
 1 209
 1 210
 1 211
 0 212
 1 213
 2 214
 1 215
 0 216
 1 217
 1 218
 1 219
 2 220
 0 221
 0 222
 1 223
 0 224
 0 225
 2 226
 0 227
 0 228
 0 229
 0 230
 0 231
 0 232
 0 233
 0 234
 0 235
 0 236
 0 237
 0 238
 0 239
 0 240
 0 241
 0 242
 0 243
 0 244
 0 245
 0 246
 0 247
 0 248
 0 249
 0 250
 0 251
 1 252
 0 253
 0 254
 0 255
 0 256
 0 257
 0 258
 0 259
 0 260
 0 261
 0 262
 0 263
 0 264
 0 265
 0 266
 0 267
 1 268
 0 269
 0 270
 0 271
 0 272
 0 273
 0 274
 0 275
 0 276
 1 277
 0 278
 1 279
 0 280
 0 281
 1 282
 0 283
 1 284
 0 285
 1 286
 1 287
 0 288
 0 289
 2 290
 2 291
 3 292
 2 293
 1 294
 1 295
 0 296
 2 297
 2 298
 3 299
 2 300
 4 301
 1 302
 2 303
 1 304
 4 305
 1 306
 3 307
 1 308
 4 309
 5 310
 2 311
 1 312
 7 313
 2 314
 2 315
 1 316
 7 317
 2 318
 1 319
 2 320
 4 321
 2 322
 2 323
 2 324
 1 325
 2 326
 4 327
 2 328
 5 329
 5 330
 0 331
 10 332
 4 333
 2 334
 4 335
 0 336
 2 337
 5 338
 0 339
 3 340
 3 341
 4 342
 2 343
 4 344
 1 345
 5 346
 4 347
 3 348
 2 349
 1 350
 3 351
 2 352
 1 353
 0 354
 2 355
 0 356
 4 357
 1 358
 2 359
 3 360
 2 361
 1 362
 1 363
 0 364
 1 365
 0 366
 1 367
 1 368
 1 369
 0 370
 1 371
 1 372
 1 373
 1 374
 1 375
 1 376
 1 377
 2 378
 2 379
 0 380
 0 381
 0 382
 0 383
 0 384
 0 385
 0 386
 1 387
 1 388
 0 389
 1 390
 0 391
 1 392
 0 393
 2 394
 0 395
 0 396
 0 397
 1 398
 0 399
 0 400
 0 401
 0 402
 0 403
 1 404
 0 405
 0 406
 0 407
 0 408
 0 409
 0 410
 0 411
 0 412
 0 413
 1 414
 0 415
 0 416
 0 417
 0 418
 0 419
 0 420
 0 421
 0 422
 0 423
 0 424
 0 425
 0 426
 0 427
 0 428
 0 429
 1 430
 0 431
 0 432
 0 433
 0 434
 0 435
 0 436
 0 437
 0 438
 0 439
 0 440
 0 441
 0 442
 0 443
 0 444
 0 445
 0 446
 0 447
 0 448
 0 449
 0 450
 0 451
 0 452
 0 453
 0 454
 0 455
 0 456
 0 457
 0 458
 0 459
 0 460
 0 461
 0 462
 0 463
 0 464
 0 465
 0 466
 0 467
 0 468
 0 469
 0 470
 0 471
 0 472
 0 473
 0 474
 0 475
 0 476
 0 477
 0 478
 0 479
 0 480
 0 481
 0 482
 0 483
 0 484
 0 485
 0 486
 0 487
 0 488
 0 489
 0 490
 0 491
 0 492
 0 493
 0 494
 0 495
 0 496
 0 497
 0 498
 0 499
 0 500
 0 501
 0 502
 0 503
 0 504
 0 505
 0 506
 0 507
 0 508
 0 509
 0 510
 0 511
 0 512
 0 513
 0 514
 0 515
 0 516
 0 517
 0 518
 0 519
 0 520
 0 521
 0 522
 0 523
 0 524
 0 525
 0 526
 0 527
 0 528
 0 529
 0 530
 0 531
 0 532
 0 533
 0 534
 0 535
 0 536
 0 537
 0 538
 0 539
 0 540
 0 541
 0 542
 0 543
 0 544
 0 545
 0 546
 0 547
 0 548
 0 549
 0 550
 0 551
 0 552
 0 553
 0 554
 0 555
 0 556
 0 557
 0 558
 0 559
 0 560
 0 561
 0 562
 0 563
 0 564
 0 565
 0 566
 0 567
 0 568
 0 569
 0 570
 0 571
 0 572
 0 573
 0 574
 0 575
 0 576
 0 577
 0 578
 0 579
 0 580
 0 581
 0 582
 0 583
 0 584
 0 585
 0 586
 0 587
 0 588
 0 589
 0 590
 0 591
 0 592
 0 593
 0 594
 0 595
 0 596
 0 597
 0 598
 0 599
 0 600


