# Created by Octave 3.8.2, Sat Jun 20 03:14:04 2020 CEST <damian@fptrucha.inv.usc.es>
# name: hd
# type: matrix
# rows: 551
# columns: 2
 0 50
 0 51
 0 52
 0 53
 0 54
 0 55
 0 56
 0 57
 0 58
 0 59
 0 60
 0 61
 0 62
 0 63
 0 64
 0 65
 0 66
 0 67
 0 68
 0 69
 0 70
 0 71
 0 72
 0 73
 0 74
 0 75
 0 76
 0 77
 0 78
 0 79
 0 80
 0 81
 0 82
 0 83
 0 84
 0 85
 0 86
 0 87
 3 88
 1 89
 4 90
 38 91
 91 92
 118 93
 163 94
 272 95
 429 96
 608 97
 773 98
 952 99
 1120 100
 1199 101
 1278 102
 1341 103
 1428 104
 1427 105
 1430 106
 1481 107
 1471 108
 1413 109
 1354 110
 1352 111
 1212 112
 1203 113
 1214 114
 1115 115
 1012 116
 877 117
 921 118
 826 119
 737 120
 689 121
 646 122
 596 123
 586 124
 565 125
 519 126
 409 127
 401 128
 333 129
 348 130
 324 131
 303 132
 277 133
 258 134
 250 135
 215 136
 184 137
 184 138
 148 139
 165 140
 147 141
 139 142
 130 143
 130 144
 90 145
 102 146
 97 147
 82 148
 96 149
 85 150
 70 151
 76 152
 67 153
 67 154
 63 155
 58 156
 58 157
 58 158
 41 159
 46 160
 34 161
 51 162
 33 163
 41 164
 34 165
 27 166
 31 167
 30 168
 25 169
 14 170
 21 171
 16 172
 16 173
 17 174
 10 175
 22 176
 12 177
 16 178
 8 179
 14 180
 10 181
 9 182
 7 183
 5 184
 7 185
 8 186
 4 187
 5 188
 5 189
 6 190
 5 191
 3 192
 3 193
 3 194
 7 195
 2 196
 4 197
 3 198
 1 199
 1 200
 3 201
 3 202
 1 203
 2 204
 1 205
 0 206
 2 207
 3 208
 0 209
 0 210
 2 211
 0 212
 0 213
 0 214
 0 215
 3 216
 0 217
 0 218
 0 219
 1 220
 0 221
 0 222
 1 223
 0 224
 0 225
 0 226
 0 227
 0 228
 0 229
 1 230
 0 231
 1 232
 0 233
 0 234
 0 235
 0 236
 0 237
 0 238
 0 239
 0 240
 0 241
 0 242
 0 243
 0 244
 0 245
 0 246
 0 247
 0 248
 0 249
 0 250
 0 251
 0 252
 0 253
 0 254
 0 255
 0 256
 0 257
 0 258
 0 259
 0 260
 0 261
 0 262
 0 263
 0 264
 0 265
 0 266
 0 267
 0 268
 0 269
 0 270
 0 271
 0 272
 0 273
 0 274
 0 275
 0 276
 0 277
 0 278
 0 279
 0 280
 0 281
 0 282
 0 283
 0 284
 0 285
 0 286
 1 287
 1 288
 1 289
 0 290
 2 291
 0 292
 0 293
 0 294
 3 295
 0 296
 0 297
 1 298
 2 299
 4 300
 2 301
 1 302
 1 303
 0 304
 1 305
 5 306
 2 307
 2 308
 1 309
 2 310
 1 311
 1 312
 1 313
 1 314
 3 315
 3 316
 3 317
 3 318
 5 319
 6 320
 5 321
 4 322
 2 323
 3 324
 3 325
 3 326
 2 327
 0 328
 2 329
 3 330
 1 331
 1 332
 3 333
 2 334
 7 335
 5 336
 4 337
 1 338
 1 339
 4 340
 2 341
 2 342
 1 343
 6 344
 4 345
 5 346
 5 347
 1 348
 4 349
 5 350
 1 351
 4 352
 1 353
 1 354
 5 355
 1 356
 1 357
 3 358
 1 359
 1 360
 3 361
 3 362
 3 363
 2 364
 2 365
 0 366
 0 367
 0 368
 3 369
 2 370
 0 371
 4 372
 1 373
 1 374
 2 375
 1 376
 0 377
 1 378
 0 379
 0 380
 1 381
 0 382
 0 383
 0 384
 0 385
 1 386
 0 387
 0 388
 1 389
 0 390
 0 391
 1 392
 1 393
 1 394
 0 395
 0 396
 0 397
 0 398
 0 399
 0 400
 0 401
 0 402
 1 403
 0 404
 0 405
 0 406
 1 407
 0 408
 0 409
 0 410
 0 411
 0 412
 0 413
 0 414
 0 415
 0 416
 0 417
 0 418
 0 419
 0 420
 0 421
 0 422
 0 423
 0 424
 0 425
 0 426
 0 427
 0 428
 0 429
 0 430
 0 431
 0 432
 0 433
 0 434
 0 435
 0 436
 0 437
 0 438
 0 439
 0 440
 0 441
 0 442
 0 443
 0 444
 0 445
 0 446
 0 447
 0 448
 0 449
 0 450
 0 451
 0 452
 0 453
 0 454
 0 455
 0 456
 0 457
 0 458
 0 459
 0 460
 0 461
 0 462
 0 463
 0 464
 0 465
 0 466
 0 467
 0 468
 0 469
 0 470
 0 471
 0 472
 0 473
 0 474
 0 475
 0 476
 0 477
 0 478
 0 479
 0 480
 0 481
 0 482
 0 483
 0 484
 0 485
 0 486
 0 487
 0 488
 0 489
 0 490
 0 491
 0 492
 0 493
 0 494
 0 495
 0 496
 0 497
 0 498
 0 499
 0 500
 0 501
 0 502
 0 503
 0 504
 0 505
 0 506
 0 507
 0 508
 0 509
 0 510
 0 511
 0 512
 0 513
 0 514
 0 515
 0 516
 0 517
 0 518
 0 519
 0 520
 0 521
 0 522
 0 523
 0 524
 0 525
 0 526
 0 527
 0 528
 0 529
 0 530
 0 531
 0 532
 0 533
 0 534
 0 535
 0 536
 0 537
 0 538
 0 539
 0 540
 0 541
 0 542
 0 543
 0 544
 0 545
 0 546
 0 547
 0 548
 0 549
 0 550
 0 551
 0 552
 0 553
 0 554
 0 555
 0 556
 0 557
 0 558
 0 559
 0 560
 0 561
 0 562
 0 563
 0 564
 0 565
 0 566
 0 567
 0 568
 0 569
 0 570
 0 571
 0 572
 0 573
 0 574
 0 575
 0 576
 0 577
 0 578
 0 579
 0 580
 0 581
 0 582
 0 583
 0 584
 0 585
 0 586
 0 587
 0 588
 0 589
 0 590
 0 591
 0 592
 0 593
 0 594
 0 595
 0 596
 0 597
 0 598
 0 599
 0 600


