# Created by Octave 3.8.2, Sat Jun 20 17:37:23 2020 CEST <damian@fptrucha.inv.usc.es>
# name: hd
# type: matrix
# rows: 551
# columns: 2
 0 50
 0 51
 0 52
 0 53
 0 54
 0 55
 0 56
 0 57
 0 58
 0 59
 0 60
 0 61
 0 62
 0 63
 0 64
 0 65
 0 66
 0 67
 0 68
 0 69
 0 70
 0 71
 0 72
 0 73
 0 74
 0 75
 0 76
 0 77
 0 78
 0 79
 0 80
 0 81
 0 82
 0 83
 0 84
 0 85
 0 86
 0 87
 1 88
 5 89
 3 90
 32 91
 71 92
 119 93
 169 94
 266 95
 398 96
 588 97
 734 98
 842 99
 1004 100
 1112 101
 1113 102
 1206 103
 1272 104
 1255 105
 1333 106
 1332 107
 1362 108
 1209 109
 1265 110
 1204 111
 1214 112
 1091 113
 1024 114
 975 115
 950 116
 880 117
 777 118
 790 119
 753 120
 656 121
 591 122
 564 123
 547 124
 496 125
 406 126
 389 127
 397 128
 348 129
 305 130
 295 131
 282 132
 242 133
 192 134
 210 135
 195 136
 186 137
 156 138
 143 139
 140 140
 114 141
 132 142
 117 143
 117 144
 108 145
 88 146
 89 147
 68 148
 72 149
 60 150
 71 151
 62 152
 64 153
 55 154
 53 155
 54 156
 43 157
 54 158
 45 159
 35 160
 37 161
 37 162
 34 163
 25 164
 24 165
 33 166
 31 167
 33 168
 15 169
 26 170
 20 171
 13 172
 15 173
 16 174
 15 175
 13 176
 17 177
 7 178
 16 179
 9 180
 11 181
 8 182
 7 183
 5 184
 5 185
 3 186
 3 187
 2 188
 6 189
 7 190
 1 191
 2 192
 5 193
 6 194
 1 195
 3 196
 6 197
 0 198
 2 199
 2 200
 4 201
 2 202
 6 203
 1 204
 1 205
 2 206
 0 207
 0 208
 1 209
 1 210
 1 211
 0 212
 0 213
 0 214
 0 215
 0 216
 1 217
 0 218
 0 219
 1 220
 1 221
 0 222
 1 223
 0 224
 0 225
 0 226
 0 227
 0 228
 0 229
 0 230
 0 231
 0 232
 0 233
 0 234
 0 235
 0 236
 0 237
 0 238
 0 239
 0 240
 0 241
 0 242
 0 243
 0 244
 0 245
 0 246
 0 247
 0 248
 0 249
 0 250
 0 251
 0 252
 0 253
 0 254
 0 255
 0 256
 0 257
 0 258
 0 259
 0 260
 0 261
 0 262
 0 263
 0 264
 0 265
 0 266
 0 267
 0 268
 0 269
 0 270
 0 271
 0 272
 0 273
 0 274
 0 275
 1 276
 0 277
 0 278
 0 279
 0 280
 0 281
 0 282
 0 283
 0 284
 2 285
 2 286
 0 287
 1 288
 0 289
 1 290
 0 291
 2 292
 1 293
 1 294
 2 295
 0 296
 1 297
 1 298
 1 299
 3 300
 0 301
 0 302
 1 303
 1 304
 2 305
 3 306
 0 307
 1 308
 0 309
 3 310
 4 311
 3 312
 3 313
 3 314
 3 315
 2 316
 4 317
 1 318
 2 319
 5 320
 2 321
 1 322
 2 323
 3 324
 1 325
 4 326
 5 327
 0 328
 4 329
 2 330
 1 331
 0 332
 1 333
 2 334
 2 335
 5 336
 6 337
 1 338
 3 339
 2 340
 5 341
 0 342
 4 343
 1 344
 1 345
 4 346
 2 347
 1 348
 1 349
 1 350
 3 351
 3 352
 0 353
 0 354
 2 355
 0 356
 3 357
 2 358
 3 359
 2 360
 1 361
 0 362
 2 363
 2 364
 2 365
 1 366
 0 367
 0 368
 1 369
 1 370
 1 371
 2 372
 0 373
 2 374
 1 375
 0 376
 0 377
 0 378
 0 379
 0 380
 2 381
 0 382
 1 383
 3 384
 0 385
 1 386
 0 387
 1 388
 1 389
 0 390
 0 391
 0 392
 0 393
 0 394
 0 395
 0 396
 0 397
 0 398
 1 399
 0 400
 0 401
 0 402
 0 403
 0 404
 0 405
 0 406
 1 407
 0 408
 1 409
 1 410
 0 411
 0 412
 0 413
 1 414
 0 415
 0 416
 0 417
 0 418
 1 419
 0 420
 0 421
 0 422
 0 423
 0 424
 0 425
 0 426
 0 427
 0 428
 0 429
 0 430
 0 431
 0 432
 0 433
 0 434
 0 435
 0 436
 0 437
 0 438
 0 439
 0 440
 0 441
 0 442
 0 443
 0 444
 0 445
 0 446
 0 447
 0 448
 0 449
 0 450
 0 451
 0 452
 0 453
 0 454
 0 455
 0 456
 0 457
 0 458
 0 459
 0 460
 0 461
 0 462
 0 463
 0 464
 0 465
 0 466
 0 467
 0 468
 0 469
 0 470
 0 471
 0 472
 0 473
 0 474
 0 475
 0 476
 0 477
 0 478
 0 479
 0 480
 0 481
 0 482
 0 483
 0 484
 0 485
 0 486
 0 487
 0 488
 0 489
 0 490
 0 491
 0 492
 0 493
 0 494
 0 495
 0 496
 0 497
 0 498
 0 499
 0 500
 0 501
 0 502
 0 503
 0 504
 0 505
 0 506
 0 507
 0 508
 0 509
 0 510
 0 511
 0 512
 0 513
 0 514
 0 515
 0 516
 0 517
 0 518
 0 519
 0 520
 0 521
 0 522
 0 523
 0 524
 0 525
 0 526
 0 527
 0 528
 0 529
 0 530
 0 531
 0 532
 0 533
 0 534
 0 535
 0 536
 0 537
 0 538
 0 539
 0 540
 0 541
 0 542
 0 543
 0 544
 0 545
 0 546
 0 547
 0 548
 0 549
 0 550
 0 551
 0 552
 0 553
 0 554
 0 555
 0 556
 0 557
 0 558
 0 559
 0 560
 0 561
 0 562
 0 563
 0 564
 0 565
 0 566
 0 567
 0 568
 0 569
 0 570
 0 571
 0 572
 0 573
 0 574
 0 575
 0 576
 0 577
 0 578
 0 579
 0 580
 0 581
 0 582
 0 583
 0 584
 0 585
 0 586
 0 587
 0 588
 0 589
 0 590
 0 591
 0 592
 0 593
 0 594
 0 595
 0 596
 0 597
 0 598
 0 599
 0 600


