# Created by Octave 3.8.2, Sat Jun 20 11:37:56 2020 CEST <damian@fptrucha.inv.usc.es>
# name: hd
# type: matrix
# rows: 551
# columns: 2
 0 50
 0 51
 0 52
 0 53
 0 54
 0 55
 0 56
 0 57
 0 58
 0 59
 0 60
 0 61
 0 62
 0 63
 0 64
 0 65
 0 66
 0 67
 0 68
 0 69
 0 70
 0 71
 0 72
 0 73
 0 74
 0 75
 0 76
 0 77
 0 78
 0 79
 0 80
 0 81
 0 82
 0 83
 0 84
 0 85
 0 86
 0 87
 1 88
 5 89
 8 90
 33 91
 96 92
 115 93
 188 94
 310 95
 438 96
 695 97
 866 98
 956 99
 1184 100
 1241 101
 1326 102
 1367 103
 1420 104
 1554 105
 1497 106
 1483 107
 1449 108
 1438 109
 1416 110
 1375 111
 1316 112
 1163 113
 1160 114
 1089 115
 993 116
 946 117
 854 118
 746 119
 743 120
 671 121
 622 122
 612 123
 552 124
 496 125
 436 126
 398 127
 365 128
 347 129
 331 130
 277 131
 254 132
 242 133
 239 134
 213 135
 191 136
 177 137
 156 138
 144 139
 156 140
 146 141
 119 142
 137 143
 93 144
 117 145
 86 146
 93 147
 72 148
 91 149
 75 150
 77 151
 71 152
 57 153
 59 154
 54 155
 43 156
 48 157
 34 158
 40 159
 36 160
 31 161
 22 162
 40 163
 31 164
 28 165
 18 166
 24 167
 23 168
 16 169
 21 170
 15 171
 17 172
 16 173
 12 174
 17 175
 17 176
 15 177
 11 178
 7 179
 10 180
 7 181
 7 182
 11 183
 8 184
 1 185
 6 186
 3 187
 4 188
 4 189
 8 190
 8 191
 5 192
 2 193
 4 194
 0 195
 3 196
 3 197
 2 198
 2 199
 0 200
 2 201
 1 202
 3 203
 1 204
 0 205
 1 206
 2 207
 1 208
 1 209
 0 210
 0 211
 1 212
 3 213
 1 214
 1 215
 1 216
 0 217
 0 218
 1 219
 0 220
 1 221
 0 222
 0 223
 0 224
 0 225
 0 226
 0 227
 0 228
 0 229
 0 230
 0 231
 0 232
 1 233
 1 234
 0 235
 0 236
 0 237
 0 238
 0 239
 0 240
 0 241
 0 242
 0 243
 0 244
 0 245
 0 246
 0 247
 0 248
 0 249
 0 250
 0 251
 0 252
 0 253
 0 254
 0 255
 0 256
 0 257
 0 258
 0 259
 0 260
 0 261
 0 262
 0 263
 0 264
 0 265
 0 266
 0 267
 0 268
 0 269
 0 270
 0 271
 0 272
 0 273
 0 274
 0 275
 1 276
 0 277
 0 278
 0 279
 0 280
 0 281
 0 282
 0 283
 0 284
 0 285
 1 286
 0 287
 0 288
 0 289
 1 290
 0 291
 1 292
 1 293
 0 294
 0 295
 1 296
 2 297
 0 298
 0 299
 2 300
 1 301
 2 302
 3 303
 0 304
 0 305
 1 306
 1 307
 2 308
 2 309
 2 310
 1 311
 2 312
 4 313
 3 314
 2 315
 3 316
 2 317
 3 318
 2 319
 4 320
 5 321
 3 322
 3 323
 1 324
 3 325
 1 326
 1 327
 4 328
 4 329
 4 330
 0 331
 1 332
 3 333
 2 334
 3 335
 1 336
 2 337
 5 338
 2 339
 1 340
 0 341
 2 342
 1 343
 2 344
 4 345
 0 346
 2 347
 1 348
 2 349
 2 350
 1 351
 3 352
 1 353
 0 354
 1 355
 2 356
 2 357
 2 358
 1 359
 1 360
 4 361
 0 362
 3 363
 3 364
 0 365
 0 366
 3 367
 0 368
 0 369
 0 370
 1 371
 0 372
 2 373
 1 374
 1 375
 1 376
 1 377
 0 378
 3 379
 0 380
 0 381
 1 382
 0 383
 0 384
 0 385
 2 386
 0 387
 0 388
 1 389
 1 390
 0 391
 0 392
 1 393
 0 394
 1 395
 0 396
 0 397
 0 398
 1 399
 0 400
 0 401
 0 402
 0 403
 0 404
 0 405
 0 406
 0 407
 0 408
 0 409
 0 410
 0 411
 0 412
 0 413
 0 414
 1 415
 0 416
 0 417
 0 418
 0 419
 0 420
 0 421
 1 422
 0 423
 0 424
 0 425
 0 426
 0 427
 0 428
 0 429
 0 430
 0 431
 0 432
 0 433
 0 434
 0 435
 0 436
 0 437
 0 438
 0 439
 0 440
 0 441
 0 442
 0 443
 0 444
 0 445
 0 446
 0 447
 0 448
 0 449
 0 450
 0 451
 0 452
 0 453
 0 454
 0 455
 0 456
 0 457
 0 458
 0 459
 0 460
 0 461
 0 462
 0 463
 0 464
 0 465
 0 466
 0 467
 0 468
 0 469
 0 470
 0 471
 0 472
 0 473
 0 474
 0 475
 0 476
 0 477
 0 478
 0 479
 0 480
 0 481
 0 482
 0 483
 0 484
 0 485
 0 486
 0 487
 0 488
 0 489
 0 490
 0 491
 0 492
 0 493
 0 494
 0 495
 0 496
 0 497
 0 498
 0 499
 0 500
 0 501
 0 502
 0 503
 0 504
 0 505
 0 506
 0 507
 0 508
 0 509
 0 510
 0 511
 0 512
 0 513
 0 514
 0 515
 0 516
 0 517
 0 518
 0 519
 0 520
 0 521
 0 522
 0 523
 0 524
 0 525
 0 526
 0 527
 0 528
 0 529
 0 530
 0 531
 0 532
 0 533
 0 534
 0 535
 0 536
 0 537
 0 538
 0 539
 0 540
 0 541
 0 542
 0 543
 0 544
 0 545
 0 546
 0 547
 0 548
 0 549
 0 550
 0 551
 0 552
 0 553
 0 554
 0 555
 0 556
 0 557
 0 558
 0 559
 0 560
 0 561
 0 562
 0 563
 0 564
 0 565
 0 566
 0 567
 0 568
 0 569
 0 570
 0 571
 0 572
 0 573
 0 574
 0 575
 0 576
 0 577
 0 578
 0 579
 0 580
 0 581
 0 582
 0 583
 0 584
 0 585
 0 586
 0 587
 0 588
 0 589
 0 590
 0 591
 0 592
 0 593
 0 594
 0 595
 0 596
 0 597
 0 598
 0 599
 0 600


