# Created by Octave 3.8.2, Sun Jun 21 06:30:47 2020 CEST <damian@fptrucha.inv.usc.es>
# name: hd
# type: matrix
# rows: 551
# columns: 2
 0 50
 0 51
 0 52
 0 53
 0 54
 0 55
 0 56
 0 57
 0 58
 0 59
 0 60
 0 61
 0 62
 0 63
 0 64
 0 65
 0 66
 0 67
 0 68
 0 69
 0 70
 0 71
 0 72
 0 73
 0 74
 0 75
 0 76
 0 77
 0 78
 0 79
 0 80
 0 81
 0 82
 0 83
 0 84
 0 85
 0 86
 1 87
 5 88
 0 89
 6 90
 39 91
 80 92
 138 93
 139 94
 240 95
 382 96
 527 97
 694 98
 780 99
 889 100
 1027 101
 1081 102
 1157 103
 1215 104
 1196 105
 1259 106
 1253 107
 1209 108
 1270 109
 1174 110
 1139 111
 1152 112
 1092 113
 1085 114
 1052 115
 924 116
 899 117
 797 118
 773 119
 730 120
 667 121
 624 122
 578 123
 531 124
 495 125
 458 126
 419 127
 404 128
 336 129
 274 130
 307 131
 268 132
 291 133
 251 134
 237 135
 205 136
 185 137
 204 138
 150 139
 151 140
 135 141
 146 142
 117 143
 116 144
 106 145
 91 146
 95 147
 91 148
 68 149
 76 150
 68 151
 77 152
 65 153
 64 154
 54 155
 45 156
 49 157
 62 158
 37 159
 37 160
 53 161
 37 162
 34 163
 25 164
 24 165
 22 166
 21 167
 15 168
 21 169
 18 170
 15 171
 11 172
 17 173
 21 174
 17 175
 13 176
 10 177
 7 178
 12 179
 9 180
 9 181
 10 182
 7 183
 5 184
 10 185
 5 186
 5 187
 3 188
 3 189
 5 190
 6 191
 0 192
 4 193
 5 194
 1 195
 2 196
 3 197
 2 198
 4 199
 3 200
 1 201
 2 202
 3 203
 4 204
 1 205
 0 206
 1 207
 0 208
 1 209
 0 210
 0 211
 1 212
 0 213
 0 214
 0 215
 0 216
 0 217
 1 218
 0 219
 1 220
 0 221
 0 222
 0 223
 0 224
 0 225
 0 226
 0 227
 0 228
 0 229
 0 230
 0 231
 0 232
 0 233
 0 234
 0 235
 0 236
 0 237
 1 238
 0 239
 0 240
 0 241
 0 242
 0 243
 0 244
 0 245
 0 246
 0 247
 0 248
 0 249
 0 250
 0 251
 0 252
 0 253
 0 254
 0 255
 0 256
 0 257
 0 258
 0 259
 0 260
 0 261
 0 262
 0 263
 0 264
 0 265
 0 266
 0 267
 0 268
 0 269
 0 270
 0 271
 0 272
 0 273
 0 274
 0 275
 0 276
 0 277
 0 278
 1 279
 0 280
 0 281
 0 282
 1 283
 0 284
 1 285
 1 286
 0 287
 2 288
 0 289
 1 290
 0 291
 0 292
 2 293
 0 294
 2 295
 2 296
 0 297
 0 298
 0 299
 1 300
 4 301
 0 302
 1 303
 0 304
 2 305
 1 306
 3 307
 1 308
 5 309
 0 310
 1 311
 1 312
 1 313
 2 314
 2 315
 0 316
 3 317
 3 318
 1 319
 0 320
 2 321
 3 322
 0 323
 1 324
 2 325
 7 326
 0 327
 2 328
 1 329
 5 330
 5 331
 3 332
 3 333
 2 334
 2 335
 2 336
 3 337
 3 338
 5 339
 2 340
 5 341
 2 342
 3 343
 5 344
 5 345
 2 346
 4 347
 1 348
 4 349
 3 350
 2 351
 2 352
 1 353
 1 354
 1 355
 3 356
 1 357
 1 358
 1 359
 0 360
 3 361
 4 362
 1 363
 0 364
 1 365
 1 366
 1 367
 1 368
 0 369
 2 370
 0 371
 0 372
 2 373
 1 374
 0 375
 2 376
 0 377
 0 378
 0 379
 2 380
 0 381
 1 382
 0 383
 1 384
 0 385
 0 386
 0 387
 0 388
 1 389
 0 390
 0 391
 0 392
 0 393
 0 394
 0 395
 0 396
 0 397
 0 398
 0 399
 0 400
 0 401
 1 402
 1 403
 1 404
 0 405
 0 406
 0 407
 0 408
 0 409
 0 410
 1 411
 0 412
 0 413
 0 414
 0 415
 0 416
 0 417
 0 418
 0 419
 0 420
 0 421
 0 422
 0 423
 0 424
 0 425
 0 426
 0 427
 0 428
 0 429
 0 430
 0 431
 0 432
 0 433
 0 434
 0 435
 0 436
 0 437
 0 438
 0 439
 0 440
 0 441
 0 442
 0 443
 0 444
 0 445
 0 446
 0 447
 0 448
 0 449
 0 450
 0 451
 0 452
 0 453
 0 454
 0 455
 0 456
 0 457
 0 458
 0 459
 0 460
 0 461
 0 462
 0 463
 0 464
 0 465
 0 466
 0 467
 0 468
 0 469
 0 470
 0 471
 0 472
 0 473
 0 474
 0 475
 0 476
 0 477
 0 478
 0 479
 0 480
 0 481
 0 482
 0 483
 0 484
 0 485
 0 486
 0 487
 0 488
 0 489
 0 490
 0 491
 0 492
 0 493
 0 494
 0 495
 0 496
 0 497
 0 498
 0 499
 0 500
 0 501
 0 502
 0 503
 0 504
 0 505
 0 506
 0 507
 0 508
 0 509
 0 510
 0 511
 0 512
 0 513
 0 514
 0 515
 0 516
 0 517
 0 518
 0 519
 0 520
 0 521
 0 522
 0 523
 0 524
 0 525
 0 526
 0 527
 0 528
 0 529
 0 530
 0 531
 0 532
 0 533
 0 534
 0 535
 0 536
 0 537
 0 538
 0 539
 0 540
 0 541
 0 542
 0 543
 0 544
 0 545
 0 546
 0 547
 0 548
 0 549
 0 550
 0 551
 0 552
 0 553
 0 554
 0 555
 0 556
 0 557
 0 558
 0 559
 0 560
 0 561
 0 562
 0 563
 0 564
 0 565
 0 566
 0 567
 0 568
 0 569
 0 570
 0 571
 0 572
 0 573
 0 574
 0 575
 0 576
 0 577
 0 578
 0 579
 0 580
 0 581
 0 582
 0 583
 0 584
 0 585
 0 586
 0 587
 0 588
 0 589
 0 590
 0 591
 0 592
 0 593
 0 594
 0 595
 0 596
 0 597
 0 598
 0 599
 0 600


