# Created by Octave 3.8.2, Sun Jun 21 07:16:51 2020 CEST <damian@fptrucha.inv.usc.es>
# name: hd
# type: matrix
# rows: 551
# columns: 2
 0 50
 0 51
 0 52
 0 53
 0 54
 0 55
 0 56
 0 57
 0 58
 0 59
 0 60
 0 61
 0 62
 0 63
 0 64
 0 65
 0 66
 0 67
 0 68
 0 69
 0 70
 0 71
 0 72
 0 73
 0 74
 0 75
 0 76
 0 77
 0 78
 0 79
 0 80
 0 81
 0 82
 0 83
 0 84
 0 85
 0 86
 0 87
 4 88
 2 89
 5 90
 40 91
 90 92
 131 93
 171 94
 297 95
 390 96
 612 97
 682 98
 860 99
 970 100
 1005 101
 1173 102
 1193 103
 1279 104
 1272 105
 1269 106
 1330 107
 1245 108
 1265 109
 1305 110
 1203 111
 1111 112
 1119 113
 1060 114
 988 115
 934 116
 887 117
 805 118
 697 119
 702 120
 664 121
 661 122
 550 123
 517 124
 518 125
 453 126
 409 127
 406 128
 350 129
 274 130
 302 131
 265 132
 252 133
 252 134
 215 135
 203 136
 154 137
 174 138
 153 139
 170 140
 142 141
 115 142
 103 143
 116 144
 93 145
 87 146
 88 147
 63 148
 71 149
 71 150
 63 151
 79 152
 47 153
 60 154
 56 155
 52 156
 49 157
 51 158
 33 159
 35 160
 36 161
 21 162
 31 163
 27 164
 26 165
 14 166
 29 167
 23 168
 24 169
 17 170
 22 171
 18 172
 9 173
 11 174
 11 175
 12 176
 11 177
 6 178
 14 179
 8 180
 10 181
 4 182
 4 183
 11 184
 2 185
 5 186
 6 187
 4 188
 4 189
 1 190
 0 191
 6 192
 5 193
 4 194
 1 195
 1 196
 3 197
 6 198
 2 199
 1 200
 3 201
 1 202
 1 203
 1 204
 3 205
 1 206
 1 207
 1 208
 3 209
 1 210
 1 211
 1 212
 2 213
 0 214
 0 215
 0 216
 0 217
 0 218
 1 219
 0 220
 0 221
 0 222
 0 223
 0 224
 1 225
 0 226
 0 227
 2 228
 0 229
 0 230
 0 231
 0 232
 1 233
 0 234
 0 235
 0 236
 0 237
 0 238
 0 239
 0 240
 0 241
 0 242
 0 243
 0 244
 0 245
 0 246
 0 247
 0 248
 0 249
 0 250
 0 251
 0 252
 0 253
 0 254
 0 255
 0 256
 0 257
 0 258
 0 259
 0 260
 0 261
 0 262
 0 263
 0 264
 0 265
 0 266
 0 267
 0 268
 0 269
 0 270
 0 271
 0 272
 0 273
 0 274
 0 275
 1 276
 1 277
 0 278
 0 279
 0 280
 0 281
 1 282
 0 283
 1 284
 1 285
 0 286
 0 287
 0 288
 2 289
 2 290
 0 291
 2 292
 0 293
 0 294
 1 295
 1 296
 0 297
 0 298
 0 299
 2 300
 2 301
 0 302
 0 303
 2 304
 2 305
 0 306
 2 307
 3 308
 1 309
 3 310
 0 311
 1 312
 2 313
 1 314
 3 315
 2 316
 3 317
 2 318
 5 319
 0 320
 2 321
 4 322
 2 323
 3 324
 2 325
 2 326
 3 327
 4 328
 0 329
 2 330
 2 331
 1 332
 1 333
 1 334
 7 335
 2 336
 2 337
 1 338
 3 339
 2 340
 2 341
 0 342
 3 343
 2 344
 2 345
 1 346
 2 347
 0 348
 4 349
 0 350
 0 351
 5 352
 0 353
 2 354
 1 355
 3 356
 2 357
 0 358
 3 359
 1 360
 3 361
 0 362
 1 363
 1 364
 1 365
 3 366
 0 367
 0 368
 2 369
 1 370
 0 371
 2 372
 1 373
 1 374
 2 375
 0 376
 1 377
 2 378
 1 379
 2 380
 0 381
 0 382
 0 383
 1 384
 1 385
 0 386
 0 387
 1 388
 1 389
 0 390
 0 391
 1 392
 1 393
 0 394
 1 395
 0 396
 0 397
 0 398
 0 399
 0 400
 0 401
 0 402
 1 403
 0 404
 0 405
 0 406
 0 407
 0 408
 0 409
 0 410
 0 411
 1 412
 0 413
 1 414
 0 415
 0 416
 0 417
 0 418
 0 419
 1 420
 0 421
 0 422
 0 423
 0 424
 0 425
 0 426
 0 427
 0 428
 0 429
 0 430
 0 431
 0 432
 0 433
 0 434
 0 435
 0 436
 0 437
 0 438
 0 439
 0 440
 0 441
 0 442
 0 443
 0 444
 0 445
 0 446
 0 447
 0 448
 0 449
 0 450
 0 451
 0 452
 0 453
 0 454
 0 455
 0 456
 0 457
 0 458
 0 459
 0 460
 0 461
 0 462
 0 463
 0 464
 0 465
 0 466
 0 467
 0 468
 0 469
 0 470
 0 471
 0 472
 0 473
 0 474
 0 475
 0 476
 0 477
 0 478
 0 479
 0 480
 0 481
 0 482
 0 483
 0 484
 0 485
 0 486
 0 487
 0 488
 0 489
 0 490
 0 491
 0 492
 0 493
 0 494
 0 495
 0 496
 0 497
 0 498
 0 499
 0 500
 0 501
 0 502
 0 503
 0 504
 0 505
 0 506
 0 507
 0 508
 0 509
 0 510
 0 511
 0 512
 0 513
 0 514
 0 515
 0 516
 0 517
 0 518
 0 519
 0 520
 0 521
 0 522
 0 523
 0 524
 0 525
 0 526
 0 527
 0 528
 0 529
 0 530
 0 531
 0 532
 0 533
 0 534
 0 535
 0 536
 0 537
 0 538
 0 539
 0 540
 0 541
 0 542
 0 543
 0 544
 0 545
 0 546
 0 547
 0 548
 0 549
 0 550
 0 551
 0 552
 0 553
 0 554
 0 555
 0 556
 0 557
 0 558
 0 559
 0 560
 0 561
 0 562
 0 563
 0 564
 0 565
 0 566
 0 567
 0 568
 0 569
 0 570
 0 571
 0 572
 0 573
 0 574
 0 575
 0 576
 0 577
 0 578
 0 579
 0 580
 0 581
 0 582
 0 583
 0 584
 0 585
 0 586
 0 587
 0 588
 0 589
 0 590
 0 591
 0 592
 0 593
 0 594
 0 595
 0 596
 0 597
 0 598
 0 599
 0 600


