# Created by Octave 3.8.2, Sat Jun 20 06:10:47 2020 CEST <damian@fptrucha.inv.usc.es>
# name: hd
# type: matrix
# rows: 551
# columns: 2
 0 50
 0 51
 0 52
 0 53
 0 54
 0 55
 0 56
 0 57
 0 58
 0 59
 0 60
 0 61
 0 62
 0 63
 0 64
 0 65
 0 66
 0 67
 0 68
 0 69
 0 70
 0 71
 0 72
 0 73
 0 74
 0 75
 0 76
 0 77
 0 78
 0 79
 0 80
 0 81
 0 82
 0 83
 0 84
 0 85
 0 86
 0 87
 0 88
 3 89
 6 90
 35 91
 96 92
 127 93
 200 94
 325 95
 497 96
 718 97
 833 98
 1039 99
 1146 100
 1250 101
 1441 102
 1453 103
 1456 104
 1579 105
 1555 106
 1503 107
 1475 108
 1437 109
 1471 110
 1335 111
 1301 112
 1221 113
 1226 114
 1103 115
 1052 116
 947 117
 896 118
 804 119
 751 120
 713 121
 622 122
 605 123
 504 124
 527 125
 487 126
 415 127
 372 128
 368 129
 327 130
 271 131
 251 132
 240 133
 260 134
 211 135
 182 136
 214 137
 170 138
 157 139
 160 140
 148 141
 129 142
 115 143
 127 144
 111 145
 70 146
 91 147
 87 148
 92 149
 76 150
 62 151
 66 152
 64 153
 66 154
 53 155
 54 156
 64 157
 36 158
 40 159
 39 160
 36 161
 40 162
 33 163
 27 164
 21 165
 26 166
 17 167
 21 168
 27 169
 21 170
 16 171
 26 172
 20 173
 15 174
 11 175
 23 176
 9 177
 19 178
 6 179
 11 180
 12 181
 15 182
 7 183
 8 184
 8 185
 8 186
 1 187
 6 188
 4 189
 5 190
 6 191
 6 192
 3 193
 6 194
 6 195
 4 196
 1 197
 3 198
 2 199
 1 200
 2 201
 2 202
 3 203
 1 204
 3 205
 3 206
 2 207
 1 208
 1 209
 0 210
 1 211
 0 212
 5 213
 2 214
 0 215
 0 216
 0 217
 1 218
 0 219
 1 220
 0 221
 0 222
 0 223
 1 224
 0 225
 0 226
 0 227
 0 228
 1 229
 0 230
 0 231
 2 232
 0 233
 0 234
 0 235
 0 236
 0 237
 0 238
 0 239
 0 240
 0 241
 0 242
 0 243
 0 244
 0 245
 0 246
 0 247
 0 248
 0 249
 0 250
 0 251
 0 252
 0 253
 0 254
 0 255
 0 256
 0 257
 0 258
 0 259
 0 260
 0 261
 0 262
 1 263
 0 264
 0 265
 0 266
 0 267
 0 268
 0 269
 0 270
 0 271
 0 272
 0 273
 0 274
 0 275
 0 276
 0 277
 0 278
 0 279
 0 280
 0 281
 0 282
 1 283
 0 284
 1 285
 0 286
 1 287
 0 288
 0 289
 0 290
 1 291
 0 292
 0 293
 0 294
 0 295
 2 296
 2 297
 0 298
 2 299
 1 300
 1 301
 0 302
 4 303
 1 304
 2 305
 0 306
 3 307
 1 308
 2 309
 4 310
 2 311
 4 312
 0 313
 1 314
 1 315
 4 316
 3 317
 2 318
 0 319
 3 320
 2 321
 1 322
 1 323
 3 324
 1 325
 4 326
 3 327
 3 328
 2 329
 0 330
 1 331
 3 332
 4 333
 2 334
 2 335
 2 336
 1 337
 1 338
 6 339
 4 340
 5 341
 5 342
 1 343
 1 344
 2 345
 1 346
 0 347
 6 348
 2 349
 0 350
 0 351
 1 352
 0 353
 3 354
 4 355
 0 356
 2 357
 3 358
 2 359
 0 360
 0 361
 1 362
 1 363
 1 364
 1 365
 2 366
 0 367
 0 368
 1 369
 3 370
 0 371
 1 372
 0 373
 2 374
 1 375
 1 376
 2 377
 2 378
 0 379
 1 380
 2 381
 0 382
 0 383
 1 384
 0 385
 0 386
 0 387
 1 388
 0 389
 0 390
 0 391
 1 392
 0 393
 0 394
 1 395
 0 396
 1 397
 1 398
 0 399
 0 400
 1 401
 1 402
 1 403
 0 404
 0 405
 0 406
 0 407
 0 408
 0 409
 0 410
 0 411
 0 412
 1 413
 0 414
 0 415
 0 416
 0 417
 0 418
 0 419
 0 420
 0 421
 0 422
 0 423
 0 424
 0 425
 0 426
 0 427
 1 428
 0 429
 0 430
 0 431
 0 432
 0 433
 0 434
 0 435
 0 436
 0 437
 0 438
 0 439
 0 440
 0 441
 0 442
 0 443
 0 444
 0 445
 0 446
 0 447
 0 448
 0 449
 0 450
 0 451
 0 452
 0 453
 0 454
 0 455
 0 456
 0 457
 0 458
 0 459
 0 460
 0 461
 0 462
 0 463
 0 464
 0 465
 0 466
 0 467
 0 468
 0 469
 0 470
 0 471
 0 472
 0 473
 0 474
 0 475
 0 476
 0 477
 0 478
 0 479
 0 480
 0 481
 0 482
 0 483
 0 484
 0 485
 0 486
 0 487
 0 488
 0 489
 0 490
 0 491
 0 492
 0 493
 0 494
 0 495
 0 496
 0 497
 0 498
 0 499
 0 500
 0 501
 0 502
 0 503
 0 504
 0 505
 0 506
 0 507
 0 508
 0 509
 0 510
 0 511
 0 512
 0 513
 0 514
 0 515
 0 516
 0 517
 0 518
 0 519
 0 520
 0 521
 0 522
 0 523
 0 524
 0 525
 0 526
 0 527
 0 528
 0 529
 0 530
 0 531
 0 532
 0 533
 0 534
 0 535
 0 536
 0 537
 0 538
 0 539
 0 540
 0 541
 0 542
 0 543
 0 544
 0 545
 0 546
 0 547
 0 548
 0 549
 0 550
 0 551
 0 552
 0 553
 0 554
 0 555
 0 556
 0 557
 0 558
 0 559
 0 560
 0 561
 0 562
 0 563
 0 564
 0 565
 0 566
 0 567
 0 568
 0 569
 0 570
 0 571
 0 572
 0 573
 0 574
 0 575
 0 576
 0 577
 0 578
 0 579
 0 580
 0 581
 0 582
 0 583
 0 584
 0 585
 0 586
 0 587
 0 588
 0 589
 0 590
 0 591
 0 592
 0 593
 0 594
 0 595
 0 596
 0 597
 0 598
 0 599
 0 600


