# Created by Octave 3.8.2, Sun Jun 21 03:01:30 2020 CEST <damian@fptrucha.inv.usc.es>
# name: hd
# type: matrix
# rows: 551
# columns: 2
 0 50
 0 51
 0 52
 0 53
 0 54
 0 55
 0 56
 0 57
 0 58
 0 59
 0 60
 0 61
 0 62
 0 63
 0 64
 0 65
 0 66
 0 67
 0 68
 0 69
 0 70
 0 71
 0 72
 0 73
 0 74
 0 75
 0 76
 0 77
 0 78
 0 79
 0 80
 0 81
 0 82
 0 83
 0 84
 0 85
 0 86
 0 87
 0 88
 3 89
 3 90
 26 91
 84 92
 103 93
 142 94
 256 95
 353 96
 495 97
 665 98
 726 99
 962 100
 982 101
 1064 102
 1044 103
 1139 104
 1249 105
 1265 106
 1212 107
 1247 108
 1196 109
 1163 110
 1123 111
 1023 112
 1076 113
 988 114
 1024 115
 923 116
 850 117
 795 118
 732 119
 688 120
 623 121
 627 122
 530 123
 510 124
 484 125
 472 126
 395 127
 374 128
 326 129
 340 130
 309 131
 270 132
 236 133
 228 134
 231 135
 170 136
 195 137
 158 138
 148 139
 139 140
 120 141
 124 142
 116 143
 127 144
 126 145
 76 146
 91 147
 68 148
 79 149
 66 150
 59 151
 69 152
 83 153
 62 154
 54 155
 52 156
 58 157
 47 158
 34 159
 31 160
 34 161
 26 162
 29 163
 26 164
 35 165
 24 166
 23 167
 17 168
 29 169
 13 170
 26 171
 22 172
 11 173
 17 174
 15 175
 11 176
 18 177
 12 178
 13 179
 9 180
 9 181
 3 182
 9 183
 6 184
 10 185
 7 186
 5 187
 8 188
 4 189
 3 190
 4 191
 2 192
 3 193
 3 194
 6 195
 2 196
 0 197
 2 198
 3 199
 1 200
 1 201
 2 202
 3 203
 0 204
 1 205
 0 206
 1 207
 2 208
 2 209
 0 210
 3 211
 0 212
 0 213
 0 214
 1 215
 0 216
 2 217
 0 218
 0 219
 1 220
 1 221
 0 222
 2 223
 0 224
 0 225
 0 226
 0 227
 0 228
 1 229
 0 230
 1 231
 0 232
 1 233
 0 234
 0 235
 0 236
 0 237
 1 238
 0 239
 0 240
 0 241
 0 242
 0 243
 0 244
 0 245
 0 246
 0 247
 0 248
 0 249
 0 250
 0 251
 0 252
 0 253
 0 254
 0 255
 0 256
 0 257
 0 258
 0 259
 0 260
 0 261
 0 262
 0 263
 0 264
 0 265
 0 266
 0 267
 0 268
 0 269
 0 270
 0 271
 0 272
 0 273
 0 274
 0 275
 0 276
 0 277
 0 278
 0 279
 2 280
 1 281
 0 282
 1 283
 1 284
 0 285
 0 286
 0 287
 0 288
 0 289
 1 290
 0 291
 2 292
 0 293
 0 294
 0 295
 1 296
 0 297
 1 298
 1 299
 3 300
 1 301
 0 302
 0 303
 1 304
 2 305
 1 306
 1 307
 2 308
 1 309
 2 310
 0 311
 3 312
 3 313
 6 314
 5 315
 2 316
 2 317
 2 318
 2 319
 3 320
 1 321
 1 322
 2 323
 1 324
 3 325
 1 326
 3 327
 4 328
 3 329
 0 330
 1 331
 4 332
 1 333
 2 334
 2 335
 5 336
 0 337
 1 338
 2 339
 1 340
 4 341
 2 342
 2 343
 9 344
 3 345
 1 346
 1 347
 2 348
 2 349
 1 350
 3 351
 1 352
 2 353
 4 354
 2 355
 2 356
 2 357
 3 358
 0 359
 0 360
 0 361
 1 362
 3 363
 0 364
 1 365
 0 366
 1 367
 3 368
 1 369
 0 370
 1 371
 1 372
 1 373
 0 374
 3 375
 3 376
 2 377
 0 378
 0 379
 0 380
 1 381
 0 382
 0 383
 2 384
 0 385
 0 386
 0 387
 0 388
 1 389
 1 390
 0 391
 0 392
 0 393
 0 394
 0 395
 0 396
 2 397
 1 398
 0 399
 0 400
 0 401
 0 402
 0 403
 0 404
 1 405
 0 406
 0 407
 0 408
 0 409
 0 410
 0 411
 0 412
 0 413
 0 414
 0 415
 0 416
 0 417
 0 418
 1 419
 0 420
 0 421
 0 422
 0 423
 0 424
 0 425
 0 426
 0 427
 0 428
 0 429
 0 430
 0 431
 0 432
 0 433
 0 434
 0 435
 0 436
 0 437
 0 438
 0 439
 0 440
 0 441
 0 442
 0 443
 0 444
 0 445
 0 446
 0 447
 0 448
 0 449
 0 450
 0 451
 0 452
 0 453
 0 454
 0 455
 0 456
 0 457
 0 458
 0 459
 0 460
 0 461
 0 462
 0 463
 0 464
 0 465
 0 466
 0 467
 0 468
 0 469
 0 470
 0 471
 0 472
 0 473
 0 474
 0 475
 0 476
 0 477
 0 478
 0 479
 0 480
 0 481
 0 482
 0 483
 0 484
 0 485
 0 486
 0 487
 0 488
 0 489
 0 490
 0 491
 0 492
 0 493
 0 494
 0 495
 0 496
 0 497
 0 498
 0 499
 0 500
 0 501
 0 502
 0 503
 0 504
 0 505
 0 506
 0 507
 0 508
 0 509
 0 510
 0 511
 0 512
 0 513
 0 514
 0 515
 0 516
 0 517
 0 518
 0 519
 0 520
 0 521
 0 522
 0 523
 0 524
 0 525
 0 526
 0 527
 0 528
 0 529
 0 530
 0 531
 0 532
 0 533
 0 534
 0 535
 0 536
 0 537
 0 538
 0 539
 0 540
 0 541
 0 542
 0 543
 0 544
 0 545
 0 546
 0 547
 0 548
 0 549
 0 550
 0 551
 0 552
 0 553
 0 554
 0 555
 0 556
 0 557
 0 558
 0 559
 0 560
 0 561
 0 562
 0 563
 0 564
 0 565
 0 566
 0 567
 0 568
 0 569
 0 570
 0 571
 0 572
 0 573
 0 574
 0 575
 0 576
 0 577
 0 578
 0 579
 0 580
 0 581
 0 582
 0 583
 0 584
 0 585
 0 586
 0 587
 0 588
 0 589
 0 590
 0 591
 0 592
 0 593
 0 594
 0 595
 0 596
 0 597
 0 598
 0 599
 0 600


