# Created by Octave 3.8.2, Sat Jun 20 02:08:16 2020 CEST <damian@fptrucha.inv.usc.es>
# name: hd
# type: matrix
# rows: 551
# columns: 2
 0 50
 0 51
 0 52
 0 53
 0 54
 0 55
 0 56
 0 57
 0 58
 0 59
 0 60
 0 61
 0 62
 0 63
 0 64
 0 65
 0 66
 0 67
 0 68
 0 69
 0 70
 0 71
 0 72
 0 73
 0 74
 0 75
 0 76
 0 77
 0 78
 0 79
 0 80
 0 81
 0 82
 0 83
 0 84
 0 85
 0 86
 0 87
 5 88
 2 89
 5 90
 31 91
 104 92
 114 93
 188 94
 284 95
 428 96
 677 97
 771 98
 956 99
 1112 100
 1204 101
 1306 102
 1420 103
 1424 104
 1416 105
 1399 106
 1424 107
 1323 108
 1376 109
 1282 110
 1284 111
 1189 112
 1216 113
 1147 114
 1105 115
 995 116
 923 117
 835 118
 841 119
 766 120
 664 121
 621 122
 589 123
 520 124
 525 125
 451 126
 437 127
 418 128
 352 129
 296 130
 307 131
 264 132
 261 133
 235 134
 198 135
 229 136
 197 137
 190 138
 152 139
 148 140
 140 141
 128 142
 126 143
 113 144
 84 145
 82 146
 86 147
 107 148
 83 149
 74 150
 72 151
 63 152
 69 153
 66 154
 52 155
 53 156
 57 157
 62 158
 38 159
 53 160
 36 161
 50 162
 30 163
 30 164
 38 165
 37 166
 24 167
 23 168
 33 169
 17 170
 19 171
 15 172
 16 173
 16 174
 16 175
 11 176
 15 177
 9 178
 9 179
 16 180
 11 181
 14 182
 9 183
 5 184
 10 185
 14 186
 2 187
 5 188
 8 189
 5 190
 2 191
 5 192
 7 193
 4 194
 4 195
 2 196
 2 197
 2 198
 1 199
 5 200
 3 201
 0 202
 1 203
 1 204
 2 205
 3 206
 2 207
 2 208
 0 209
 1 210
 0 211
 2 212
 0 213
 1 214
 0 215
 1 216
 0 217
 0 218
 0 219
 0 220
 0 221
 0 222
 0 223
 0 224
 0 225
 0 226
 0 227
 0 228
 0 229
 0 230
 0 231
 0 232
 0 233
 0 234
 0 235
 0 236
 0 237
 0 238
 0 239
 0 240
 0 241
 0 242
 0 243
 0 244
 0 245
 0 246
 0 247
 0 248
 0 249
 0 250
 0 251
 1 252
 0 253
 0 254
 0 255
 0 256
 0 257
 0 258
 0 259
 0 260
 0 261
 0 262
 0 263
 0 264
 0 265
 0 266
 0 267
 0 268
 0 269
 0 270
 0 271
 0 272
 0 273
 1 274
 0 275
 0 276
 0 277
 0 278
 0 279
 0 280
 1 281
 0 282
 0 283
 0 284
 0 285
 0 286
 1 287
 0 288
 0 289
 0 290
 1 291
 0 292
 2 293
 2 294
 0 295
 1 296
 0 297
 1 298
 1 299
 0 300
 2 301
 1 302
 3 303
 1 304
 2 305
 4 306
 1 307
 0 308
 1 309
 2 310
 5 311
 5 312
 3 313
 3 314
 3 315
 2 316
 0 317
 0 318
 4 319
 2 320
 2 321
 3 322
 3 323
 1 324
 0 325
 1 326
 2 327
 2 328
 5 329
 2 330
 2 331
 1 332
 2 333
 1 334
 2 335
 4 336
 2 337
 6 338
 4 339
 3 340
 2 341
 2 342
 1 343
 2 344
 2 345
 0 346
 1 347
 0 348
 3 349
 1 350
 3 351
 2 352
 3 353
 5 354
 3 355
 1 356
 4 357
 5 358
 2 359
 2 360
 2 361
 2 362
 1 363
 3 364
 1 365
 2 366
 0 367
 1 368
 2 369
 0 370
 2 371
 2 372
 0 373
 1 374
 0 375
 0 376
 2 377
 1 378
 0 379
 1 380
 0 381
 2 382
 1 383
 0 384
 0 385
 0 386
 2 387
 2 388
 0 389
 0 390
 0 391
 0 392
 1 393
 0 394
 0 395
 1 396
 0 397
 2 398
 0 399
 1 400
 0 401
 0 402
 0 403
 0 404
 0 405
 0 406
 0 407
 0 408
 0 409
 0 410
 0 411
 0 412
 0 413
 0 414
 0 415
 0 416
 0 417
 0 418
 0 419
 0 420
 0 421
 0 422
 0 423
 0 424
 0 425
 0 426
 0 427
 0 428
 0 429
 0 430
 0 431
 0 432
 0 433
 0 434
 0 435
 0 436
 0 437
 0 438
 0 439
 0 440
 0 441
 0 442
 0 443
 0 444
 0 445
 0 446
 0 447
 0 448
 0 449
 0 450
 0 451
 0 452
 0 453
 0 454
 0 455
 0 456
 0 457
 0 458
 0 459
 0 460
 0 461
 0 462
 0 463
 0 464
 0 465
 0 466
 0 467
 0 468
 0 469
 0 470
 0 471
 0 472
 0 473
 0 474
 0 475
 0 476
 0 477
 0 478
 0 479
 0 480
 0 481
 0 482
 0 483
 0 484
 0 485
 0 486
 0 487
 0 488
 0 489
 0 490
 0 491
 0 492
 0 493
 0 494
 0 495
 0 496
 0 497
 0 498
 0 499
 0 500
 0 501
 0 502
 0 503
 0 504
 0 505
 0 506
 0 507
 0 508
 0 509
 0 510
 0 511
 0 512
 0 513
 0 514
 0 515
 0 516
 0 517
 0 518
 0 519
 0 520
 0 521
 0 522
 0 523
 0 524
 0 525
 0 526
 0 527
 0 528
 0 529
 0 530
 0 531
 0 532
 0 533
 0 534
 0 535
 0 536
 0 537
 0 538
 0 539
 0 540
 0 541
 0 542
 0 543
 0 544
 0 545
 0 546
 0 547
 0 548
 0 549
 0 550
 0 551
 0 552
 0 553
 0 554
 0 555
 0 556
 0 557
 0 558
 0 559
 0 560
 0 561
 0 562
 0 563
 0 564
 0 565
 0 566
 0 567
 0 568
 0 569
 0 570
 0 571
 0 572
 0 573
 0 574
 0 575
 0 576
 0 577
 0 578
 0 579
 0 580
 0 581
 0 582
 0 583
 0 584
 0 585
 0 586
 0 587
 0 588
 0 589
 0 590
 0 591
 0 592
 0 593
 0 594
 0 595
 0 596
 0 597
 0 598
 0 599
 0 600


