# Created by Octave 3.8.2, Mon Jun 22 12:33:24 2020 CEST <damian@fptrucha.inv.usc.es>
# name: hd
# type: matrix
# rows: 551
# columns: 2
 0 50
 0 51
 0 52
 0 53
 0 54
 0 55
 0 56
 0 57
 0 58
 0 59
 0 60
 0 61
 0 62
 0 63
 0 64
 0 65
 0 66
 0 67
 0 68
 0 69
 0 70
 0 71
 0 72
 0 73
 0 74
 0 75
 0 76
 0 77
 0 78
 0 79
 0 80
 0 81
 0 82
 0 83
 0 84
 0 85
 0 86
 0 87
 0 88
 1 89
 1 90
 22 91
 90 92
 113 93
 187 94
 274 95
 441 96
 644 97
 813 98
 971 99
 1199 100
 1358 101
 1406 102
 1528 103
 1543 104
 1540 105
 1474 106
 1535 107
 1424 108
 1455 109
 1319 110
 1247 111
 1111 112
 1103 113
 965 114
 909 115
 853 116
 732 117
 689 118
 627 119
 623 120
 518 121
 508 122
 464 123
 409 124
 399 125
 375 126
 297 127
 288 128
 254 129
 250 130
 242 131
 208 132
 190 133
 168 134
 165 135
 139 136
 155 137
 129 138
 129 139
 125 140
 101 141
 118 142
 111 143
 91 144
 89 145
 76 146
 80 147
 89 148
 79 149
 74 150
 75 151
 66 152
 59 153
 48 154
 47 155
 48 156
 46 157
 38 158
 33 159
 22 160
 30 161
 32 162
 35 163
 25 164
 15 165
 30 166
 24 167
 21 168
 17 169
 21 170
 12 171
 17 172
 23 173
 13 174
 8 175
 11 176
 7 177
 12 178
 7 179
 13 180
 9 181
 14 182
 12 183
 8 184
 7 185
 10 186
 5 187
 10 188
 5 189
 6 190
 2 191
 8 192
 3 193
 3 194
 3 195
 1 196
 1 197
 2 198
 2 199
 2 200
 2 201
 3 202
 5 203
 3 204
 2 205
 1 206
 2 207
 2 208
 1 209
 2 210
 0 211
 2 212
 2 213
 2 214
 1 215
 0 216
 0 217
 1 218
 0 219
 0 220
 0 221
 1 222
 0 223
 0 224
 0 225
 0 226
 1 227
 0 228
 0 229
 0 230
 1 231
 0 232
 0 233
 0 234
 0 235
 0 236
 0 237
 0 238
 0 239
 0 240
 0 241
 0 242
 0 243
 0 244
 0 245
 0 246
 1 247
 0 248
 0 249
 0 250
 0 251
 0 252
 0 253
 0 254
 0 255
 0 256
 0 257
 0 258
 0 259
 0 260
 0 261
 0 262
 0 263
 0 264
 0 265
 0 266
 0 267
 0 268
 0 269
 0 270
 0 271
 0 272
 0 273
 0 274
 0 275
 0 276
 1 277
 0 278
 1 279
 1 280
 0 281
 0 282
 0 283
 0 284
 0 285
 1 286
 2 287
 1 288
 0 289
 0 290
 1 291
 2 292
 0 293
 2 294
 0 295
 0 296
 2 297
 1 298
 4 299
 1 300
 1 301
 3 302
 1 303
 2 304
 4 305
 1 306
 2 307
 1 308
 3 309
 1 310
 2 311
 1 312
 4 313
 2 314
 1 315
 2 316
 4 317
 2 318
 3 319
 4 320
 3 321
 7 322
 8 323
 2 324
 1 325
 1 326
 3 327
 1 328
 2 329
 2 330
 3 331
 4 332
 5 333
 6 334
 2 335
 3 336
 2 337
 3 338
 3 339
 4 340
 1 341
 2 342
 3 343
 4 344
 4 345
 3 346
 2 347
 1 348
 5 349
 0 350
 3 351
 2 352
 2 353
 2 354
 2 355
 1 356
 1 357
 1 358
 2 359
 1 360
 2 361
 0 362
 1 363
 1 364
 1 365
 0 366
 0 367
 2 368
 1 369
 0 370
 3 371
 3 372
 2 373
 1 374
 1 375
 1 376
 0 377
 1 378
 1 379
 0 380
 0 381
 0 382
 0 383
 0 384
 2 385
 0 386
 1 387
 0 388
 1 389
 1 390
 0 391
 0 392
 0 393
 1 394
 0 395
 1 396
 1 397
 1 398
 1 399
 0 400
 0 401
 0 402
 0 403
 0 404
 0 405
 0 406
 0 407
 0 408
 0 409
 0 410
 0 411
 0 412
 0 413
 0 414
 0 415
 0 416
 0 417
 0 418
 0 419
 0 420
 0 421
 0 422
 0 423
 0 424
 0 425
 0 426
 0 427
 0 428
 0 429
 0 430
 0 431
 0 432
 0 433
 0 434
 0 435
 0 436
 0 437
 0 438
 0 439
 0 440
 0 441
 0 442
 0 443
 0 444
 0 445
 0 446
 0 447
 0 448
 0 449
 0 450
 0 451
 0 452
 0 453
 0 454
 0 455
 0 456
 0 457
 0 458
 0 459
 0 460
 0 461
 0 462
 0 463
 0 464
 0 465
 0 466
 0 467
 0 468
 0 469
 0 470
 0 471
 0 472
 0 473
 0 474
 0 475
 0 476
 0 477
 0 478
 0 479
 0 480
 0 481
 0 482
 0 483
 0 484
 0 485
 0 486
 0 487
 0 488
 0 489
 0 490
 0 491
 0 492
 0 493
 0 494
 0 495
 0 496
 0 497
 0 498
 0 499
 0 500
 0 501
 0 502
 0 503
 0 504
 0 505
 0 506
 0 507
 0 508
 0 509
 0 510
 0 511
 0 512
 0 513
 0 514
 0 515
 0 516
 0 517
 0 518
 0 519
 0 520
 0 521
 0 522
 0 523
 0 524
 0 525
 0 526
 0 527
 0 528
 0 529
 0 530
 0 531
 0 532
 0 533
 0 534
 0 535
 0 536
 0 537
 0 538
 0 539
 0 540
 0 541
 0 542
 0 543
 0 544
 0 545
 0 546
 0 547
 0 548
 0 549
 0 550
 0 551
 0 552
 0 553
 0 554
 0 555
 0 556
 0 557
 0 558
 0 559
 0 560
 0 561
 0 562
 0 563
 0 564
 0 565
 0 566
 0 567
 0 568
 0 569
 0 570
 0 571
 0 572
 0 573
 0 574
 0 575
 0 576
 0 577
 0 578
 0 579
 0 580
 0 581
 0 582
 0 583
 0 584
 0 585
 0 586
 0 587
 0 588
 0 589
 0 590
 0 591
 0 592
 0 593
 0 594
 0 595
 0 596
 0 597
 0 598
 0 599
 0 600


