# Created by Octave 3.8.2, Mon Jun 22 19:23:31 2020 CEST <damian@fptrucha.inv.usc.es>
# name: hd
# type: matrix
# rows: 551
# columns: 2
 0 50
 0 51
 0 52
 0 53
 0 54
 0 55
 0 56
 0 57
 0 58
 0 59
 0 60
 0 61
 0 62
 0 63
 0 64
 0 65
 0 66
 0 67
 0 68
 0 69
 0 70
 0 71
 0 72
 0 73
 0 74
 0 75
 0 76
 0 77
 0 78
 0 79
 0 80
 0 81
 0 82
 0 83
 0 84
 0 85
 0 86
 0 87
 2 88
 1 89
 3 90
 10 91
 79 92
 135 93
 174 94
 322 95
 465 96
 674 97
 907 98
 1045 99
 1258 100
 1308 101
 1427 102
 1541 103
 1501 104
 1619 105
 1628 106
 1563 107
 1431 108
 1448 109
 1397 110
 1326 111
 1233 112
 1111 113
 1092 114
 1070 115
 899 116
 798 117
 744 118
 677 119
 621 120
 565 121
 549 122
 503 123
 415 124
 412 125
 346 126
 307 127
 328 128
 269 129
 242 130
 223 131
 234 132
 190 133
 188 134
 195 135
 170 136
 165 137
 132 138
 140 139
 132 140
 118 141
 93 142
 102 143
 92 144
 84 145
 74 146
 85 147
 70 148
 76 149
 61 150
 63 151
 62 152
 65 153
 52 154
 66 155
 53 156
 53 157
 38 158
 34 159
 34 160
 32 161
 29 162
 26 163
 24 164
 26 165
 26 166
 22 167
 25 168
 24 169
 25 170
 15 171
 12 172
 20 173
 14 174
 12 175
 10 176
 13 177
 10 178
 15 179
 12 180
 10 181
 10 182
 8 183
 7 184
 6 185
 8 186
 9 187
 6 188
 8 189
 7 190
 5 191
 3 192
 1 193
 3 194
 4 195
 1 196
 6 197
 5 198
 2 199
 1 200
 0 201
 2 202
 4 203
 1 204
 1 205
 2 206
 1 207
 0 208
 2 209
 1 210
 1 211
 1 212
 0 213
 2 214
 0 215
 0 216
 0 217
 0 218
 0 219
 0 220
 0 221
 0 222
 0 223
 0 224
 0 225
 0 226
 0 227
 0 228
 0 229
 0 230
 0 231
 0 232
 0 233
 2 234
 0 235
 0 236
 0 237
 0 238
 0 239
 0 240
 0 241
 0 242
 0 243
 0 244
 0 245
 0 246
 0 247
 0 248
 0 249
 0 250
 0 251
 0 252
 0 253
 0 254
 0 255
 0 256
 0 257
 0 258
 0 259
 0 260
 0 261
 0 262
 0 263
 0 264
 0 265
 1 266
 0 267
 0 268
 0 269
 0 270
 0 271
 0 272
 0 273
 0 274
 0 275
 0 276
 0 277
 0 278
 0 279
 0 280
 0 281
 0 282
 0 283
 1 284
 0 285
 1 286
 0 287
 0 288
 0 289
 0 290
 0 291
 3 292
 2 293
 3 294
 1 295
 0 296
 2 297
 2 298
 0 299
 1 300
 3 301
 2 302
 1 303
 4 304
 8 305
 1 306
 1 307
 3 308
 1 309
 0 310
 6 311
 0 312
 3 313
 3 314
 2 315
 1 316
 5 317
 7 318
 5 319
 3 320
 2 321
 3 322
 4 323
 6 324
 2 325
 5 326
 3 327
 1 328
 4 329
 1 330
 3 331
 2 332
 2 333
 1 334
 2 335
 3 336
 3 337
 1 338
 1 339
 1 340
 3 341
 3 342
 2 343
 5 344
 4 345
 0 346
 2 347
 3 348
 2 349
 0 350
 5 351
 0 352
 2 353
 4 354
 3 355
 0 356
 3 357
 1 358
 1 359
 1 360
 2 361
 3 362
 1 363
 1 364
 0 365
 3 366
 0 367
 0 368
 1 369
 2 370
 1 371
 0 372
 0 373
 0 374
 0 375
 0 376
 0 377
 0 378
 2 379
 0 380
 2 381
 2 382
 0 383
 1 384
 0 385
 3 386
 0 387
 0 388
 0 389
 2 390
 0 391
 0 392
 0 393
 0 394
 1 395
 0 396
 0 397
 0 398
 0 399
 0 400
 0 401
 0 402
 0 403
 1 404
 0 405
 0 406
 0 407
 0 408
 0 409
 1 410
 0 411
 0 412
 0 413
 0 414
 0 415
 0 416
 0 417
 1 418
 0 419
 0 420
 0 421
 0 422
 0 423
 0 424
 0 425
 0 426
 0 427
 0 428
 0 429
 0 430
 0 431
 0 432
 0 433
 0 434
 0 435
 0 436
 0 437
 0 438
 0 439
 0 440
 0 441
 0 442
 0 443
 0 444
 0 445
 0 446
 0 447
 0 448
 0 449
 0 450
 0 451
 0 452
 0 453
 0 454
 0 455
 0 456
 0 457
 0 458
 0 459
 0 460
 0 461
 0 462
 0 463
 0 464
 0 465
 0 466
 0 467
 0 468
 0 469
 0 470
 0 471
 0 472
 0 473
 0 474
 0 475
 0 476
 0 477
 0 478
 0 479
 0 480
 0 481
 0 482
 0 483
 0 484
 0 485
 0 486
 0 487
 0 488
 0 489
 0 490
 0 491
 0 492
 0 493
 0 494
 0 495
 0 496
 0 497
 0 498
 0 499
 0 500
 0 501
 0 502
 0 503
 0 504
 0 505
 0 506
 0 507
 0 508
 0 509
 0 510
 0 511
 0 512
 0 513
 0 514
 0 515
 0 516
 0 517
 0 518
 0 519
 0 520
 0 521
 0 522
 0 523
 0 524
 0 525
 0 526
 0 527
 0 528
 0 529
 0 530
 0 531
 0 532
 0 533
 0 534
 0 535
 0 536
 0 537
 0 538
 0 539
 0 540
 0 541
 0 542
 0 543
 0 544
 0 545
 0 546
 0 547
 0 548
 0 549
 0 550
 0 551
 0 552
 0 553
 0 554
 0 555
 0 556
 0 557
 0 558
 0 559
 0 560
 0 561
 0 562
 0 563
 0 564
 0 565
 0 566
 0 567
 0 568
 0 569
 0 570
 0 571
 0 572
 0 573
 0 574
 0 575
 0 576
 0 577
 0 578
 0 579
 0 580
 0 581
 0 582
 0 583
 0 584
 0 585
 0 586
 0 587
 0 588
 0 589
 0 590
 0 591
 0 592
 0 593
 0 594
 0 595
 0 596
 0 597
 0 598
 0 599
 0 600


