# Created by Octave 3.8.2, Sat Jun 20 02:59:19 2020 CEST <damian@fptrucha.inv.usc.es>
# name: hd
# type: matrix
# rows: 551
# columns: 2
 0 50
 0 51
 0 52
 0 53
 0 54
 0 55
 0 56
 0 57
 0 58
 0 59
 0 60
 0 61
 0 62
 0 63
 0 64
 0 65
 0 66
 0 67
 0 68
 0 69
 0 70
 0 71
 0 72
 0 73
 0 74
 0 75
 0 76
 0 77
 0 78
 0 79
 0 80
 0 81
 0 82
 0 83
 0 84
 0 85
 0 86
 0 87
 1 88
 4 89
 3 90
 29 91
 90 92
 120 93
 174 94
 282 95
 381 96
 613 97
 751 98
 972 99
 1090 100
 1163 101
 1273 102
 1310 103
 1334 104
 1466 105
 1394 106
 1482 107
 1377 108
 1374 109
 1323 110
 1297 111
 1253 112
 1160 113
 1126 114
 1073 115
 1030 116
 915 117
 840 118
 828 119
 739 120
 653 121
 659 122
 620 123
 564 124
 515 125
 482 126
 435 127
 414 128
 346 129
 352 130
 316 131
 263 132
 264 133
 239 134
 241 135
 246 136
 204 137
 170 138
 163 139
 191 140
 152 141
 148 142
 118 143
 120 144
 106 145
 110 146
 82 147
 101 148
 81 149
 83 150
 85 151
 76 152
 65 153
 77 154
 80 155
 61 156
 46 157
 53 158
 56 159
 44 160
 32 161
 44 162
 34 163
 32 164
 41 165
 30 166
 23 167
 39 168
 27 169
 22 170
 22 171
 21 172
 22 173
 30 174
 14 175
 14 176
 13 177
 15 178
 12 179
 9 180
 17 181
 13 182
 12 183
 5 184
 5 185
 12 186
 2 187
 5 188
 9 189
 8 190
 4 191
 5 192
 6 193
 1 194
 8 195
 2 196
 3 197
 8 198
 5 199
 2 200
 4 201
 3 202
 2 203
 1 204
 1 205
 3 206
 2 207
 1 208
 3 209
 0 210
 1 211
 1 212
 2 213
 0 214
 0 215
 1 216
 0 217
 0 218
 0 219
 1 220
 1 221
 0 222
 0 223
 0 224
 0 225
 0 226
 0 227
 0 228
 0 229
 0 230
 0 231
 0 232
 0 233
 0 234
 0 235
 0 236
 0 237
 0 238
 0 239
 0 240
 0 241
 0 242
 0 243
 0 244
 0 245
 1 246
 0 247
 0 248
 0 249
 0 250
 0 251
 0 252
 0 253
 0 254
 0 255
 0 256
 0 257
 0 258
 0 259
 0 260
 0 261
 0 262
 0 263
 0 264
 0 265
 0 266
 0 267
 0 268
 1 269
 0 270
 0 271
 0 272
 0 273
 0 274
 0 275
 0 276
 0 277
 0 278
 0 279
 0 280
 0 281
 1 282
 1 283
 1 284
 2 285
 0 286
 0 287
 0 288
 0 289
 0 290
 1 291
 2 292
 0 293
 0 294
 0 295
 0 296
 0 297
 0 298
 0 299
 0 300
 2 301
 2 302
 5 303
 2 304
 4 305
 2 306
 1 307
 3 308
 0 309
 1 310
 5 311
 3 312
 6 313
 1 314
 4 315
 3 316
 3 317
 0 318
 6 319
 2 320
 2 321
 0 322
 0 323
 5 324
 7 325
 5 326
 5 327
 3 328
 4 329
 2 330
 0 331
 5 332
 4 333
 2 334
 4 335
 1 336
 3 337
 4 338
 4 339
 2 340
 3 341
 0 342
 1 343
 1 344
 5 345
 0 346
 4 347
 2 348
 4 349
 4 350
 1 351
 1 352
 4 353
 2 354
 2 355
 1 356
 4 357
 2 358
 2 359
 2 360
 0 361
 2 362
 1 363
 0 364
 1 365
 2 366
 1 367
 1 368
 0 369
 0 370
 2 371
 1 372
 2 373
 1 374
 1 375
 2 376
 0 377
 1 378
 0 379
 1 380
 0 381
 1 382
 0 383
 0 384
 0 385
 0 386
 0 387
 2 388
 0 389
 0 390
 0 391
 0 392
 0 393
 1 394
 0 395
 0 396
 0 397
 1 398
 0 399
 0 400
 0 401
 0 402
 0 403
 0 404
 0 405
 0 406
 1 407
 0 408
 0 409
 0 410
 0 411
 0 412
 0 413
 0 414
 0 415
 0 416
 0 417
 0 418
 0 419
 0 420
 0 421
 0 422
 0 423
 0 424
 0 425
 0 426
 0 427
 0 428
 0 429
 0 430
 0 431
 0 432
 0 433
 0 434
 0 435
 0 436
 0 437
 0 438
 0 439
 0 440
 0 441
 0 442
 0 443
 0 444
 0 445
 0 446
 0 447
 0 448
 0 449
 0 450
 0 451
 0 452
 0 453
 0 454
 0 455
 0 456
 0 457
 0 458
 0 459
 0 460
 0 461
 0 462
 0 463
 0 464
 0 465
 0 466
 0 467
 0 468
 0 469
 0 470
 0 471
 0 472
 0 473
 0 474
 0 475
 0 476
 0 477
 0 478
 0 479
 0 480
 0 481
 0 482
 0 483
 0 484
 0 485
 0 486
 0 487
 0 488
 0 489
 0 490
 0 491
 0 492
 0 493
 0 494
 0 495
 0 496
 0 497
 0 498
 0 499
 0 500
 0 501
 0 502
 0 503
 0 504
 0 505
 0 506
 0 507
 0 508
 0 509
 0 510
 0 511
 0 512
 0 513
 0 514
 0 515
 0 516
 0 517
 0 518
 0 519
 0 520
 0 521
 0 522
 0 523
 0 524
 0 525
 0 526
 0 527
 0 528
 0 529
 0 530
 0 531
 0 532
 0 533
 0 534
 0 535
 0 536
 0 537
 0 538
 0 539
 0 540
 0 541
 0 542
 0 543
 0 544
 0 545
 0 546
 0 547
 0 548
 0 549
 0 550
 0 551
 0 552
 0 553
 0 554
 0 555
 0 556
 0 557
 0 558
 0 559
 0 560
 0 561
 0 562
 0 563
 0 564
 0 565
 0 566
 0 567
 0 568
 0 569
 0 570
 0 571
 0 572
 0 573
 0 574
 0 575
 0 576
 0 577
 0 578
 0 579
 0 580
 0 581
 0 582
 0 583
 0 584
 0 585
 0 586
 0 587
 0 588
 0 589
 0 590
 0 591
 0 592
 0 593
 0 594
 0 595
 0 596
 0 597
 0 598
 0 599
 0 600


