# Created by Octave 3.8.2, Mon Jun 22 22:51:52 2020 CEST <damian@fptrucha.inv.usc.es>
# name: hd
# type: matrix
# rows: 551
# columns: 2
 0 50
 0 51
 0 52
 0 53
 0 54
 0 55
 0 56
 0 57
 0 58
 0 59
 0 60
 0 61
 0 62
 0 63
 0 64
 0 65
 0 66
 0 67
 0 68
 0 69
 0 70
 0 71
 0 72
 0 73
 0 74
 0 75
 0 76
 0 77
 0 78
 0 79
 0 80
 0 81
 0 82
 0 83
 0 84
 0 85
 0 86
 2 87
 0 88
 0 89
 8 90
 23 91
 88 92
 133 93
 200 94
 318 95
 500 96
 790 97
 1010 98
 1184 99
 1420 100
 1508 101
 1584 102
 1643 103
 1625 104
 1778 105
 1563 106
 1575 107
 1545 108
 1506 109
 1382 110
 1257 111
 1215 112
 1117 113
 1007 114
 992 115
 813 116
 759 117
 714 118
 690 119
 592 120
 534 121
 483 122
 419 123
 411 124
 348 125
 342 126
 323 127
 292 128
 272 129
 235 130
 218 131
 182 132
 203 133
 178 134
 162 135
 154 136
 127 137
 116 138
 125 139
 110 140
 102 141
 102 142
 86 143
 103 144
 81 145
 85 146
 79 147
 72 148
 66 149
 67 150
 61 151
 39 152
 63 153
 57 154
 52 155
 46 156
 49 157
 38 158
 36 159
 32 160
 32 161
 32 162
 24 163
 34 164
 32 165
 25 166
 20 167
 21 168
 13 169
 18 170
 17 171
 20 172
 10 173
 12 174
 14 175
 14 176
 18 177
 20 178
 10 179
 8 180
 8 181
 5 182
 13 183
 4 184
 6 185
 7 186
 5 187
 6 188
 4 189
 5 190
 6 191
 2 192
 3 193
 8 194
 1 195
 1 196
 3 197
 2 198
 4 199
 3 200
 1 201
 2 202
 3 203
 3 204
 0 205
 0 206
 1 207
 0 208
 2 209
 1 210
 1 211
 0 212
 0 213
 0 214
 0 215
 0 216
 0 217
 1 218
 1 219
 2 220
 0 221
 0 222
 0 223
 0 224
 0 225
 0 226
 0 227
 1 228
 0 229
 0 230
 0 231
 0 232
 0 233
 0 234
 0 235
 0 236
 0 237
 0 238
 0 239
 0 240
 1 241
 0 242
 0 243
 0 244
 0 245
 0 246
 0 247
 1 248
 0 249
 0 250
 0 251
 0 252
 0 253
 0 254
 0 255
 0 256
 0 257
 0 258
 0 259
 0 260
 0 261
 0 262
 0 263
 0 264
 0 265
 0 266
 0 267
 1 268
 0 269
 0 270
 0 271
 0 272
 0 273
 0 274
 0 275
 0 276
 0 277
 0 278
 0 279
 0 280
 0 281
 0 282
 0 283
 2 284
 0 285
 1 286
 0 287
 0 288
 1 289
 0 290
 0 291
 0 292
 0 293
 0 294
 3 295
 3 296
 0 297
 2 298
 3 299
 1 300
 1 301
 1 302
 2 303
 2 304
 0 305
 0 306
 2 307
 5 308
 3 309
 2 310
 4 311
 1 312
 2 313
 2 314
 3 315
 2 316
 2 317
 4 318
 2 319
 2 320
 6 321
 5 322
 3 323
 4 324
 1 325
 3 326
 1 327
 2 328
 1 329
 1 330
 3 331
 1 332
 3 333
 3 334
 2 335
 1 336
 0 337
 3 338
 2 339
 2 340
 4 341
 1 342
 4 343
 2 344
 3 345
 1 346
 1 347
 5 348
 4 349
 2 350
 2 351
 3 352
 2 353
 3 354
 1 355
 0 356
 1 357
 1 358
 1 359
 0 360
 1 361
 2 362
 0 363
 0 364
 0 365
 1 366
 3 367
 0 368
 1 369
 1 370
 0 371
 0 372
 0 373
 0 374
 0 375
 0 376
 2 377
 0 378
 0 379
 0 380
 0 381
 0 382
 0 383
 0 384
 1 385
 0 386
 1 387
 0 388
 0 389
 0 390
 0 391
 1 392
 1 393
 1 394
 0 395
 0 396
 1 397
 0 398
 0 399
 1 400
 1 401
 0 402
 0 403
 0 404
 0 405
 0 406
 0 407
 1 408
 0 409
 0 410
 1 411
 0 412
 0 413
 0 414
 0 415
 0 416
 0 417
 0 418
 0 419
 0 420
 0 421
 0 422
 0 423
 0 424
 0 425
 0 426
 0 427
 0 428
 0 429
 0 430
 0 431
 0 432
 0 433
 0 434
 0 435
 0 436
 0 437
 0 438
 0 439
 0 440
 0 441
 0 442
 0 443
 0 444
 0 445
 0 446
 0 447
 0 448
 0 449
 0 450
 0 451
 0 452
 0 453
 0 454
 0 455
 0 456
 0 457
 0 458
 0 459
 0 460
 0 461
 0 462
 0 463
 0 464
 0 465
 0 466
 0 467
 0 468
 0 469
 0 470
 0 471
 0 472
 0 473
 0 474
 0 475
 0 476
 0 477
 0 478
 0 479
 0 480
 0 481
 0 482
 0 483
 0 484
 0 485
 0 486
 0 487
 0 488
 0 489
 0 490
 0 491
 0 492
 0 493
 0 494
 0 495
 0 496
 0 497
 0 498
 0 499
 0 500
 0 501
 0 502
 0 503
 0 504
 0 505
 0 506
 0 507
 0 508
 0 509
 0 510
 0 511
 0 512
 0 513
 0 514
 0 515
 0 516
 0 517
 0 518
 0 519
 0 520
 0 521
 0 522
 0 523
 0 524
 0 525
 0 526
 0 527
 0 528
 0 529
 0 530
 0 531
 0 532
 0 533
 0 534
 0 535
 0 536
 0 537
 0 538
 0 539
 0 540
 0 541
 0 542
 0 543
 0 544
 0 545
 0 546
 0 547
 0 548
 0 549
 0 550
 0 551
 0 552
 0 553
 0 554
 0 555
 0 556
 0 557
 0 558
 0 559
 0 560
 0 561
 0 562
 0 563
 0 564
 0 565
 0 566
 0 567
 0 568
 0 569
 0 570
 0 571
 0 572
 0 573
 0 574
 0 575
 0 576
 0 577
 0 578
 0 579
 0 580
 0 581
 0 582
 0 583
 0 584
 0 585
 0 586
 0 587
 0 588
 0 589
 0 590
 0 591
 0 592
 0 593
 0 594
 0 595
 0 596
 0 597
 0 598
 0 599
 0 600


