# Created by Octave 3.8.2, Sat Jun 20 22:09:19 2020 CEST <damian@fptrucha.inv.usc.es>
# name: hd
# type: matrix
# rows: 551
# columns: 2
 0 50
 0 51
 0 52
 0 53
 0 54
 0 55
 0 56
 0 57
 0 58
 0 59
 0 60
 0 61
 0 62
 0 63
 0 64
 0 65
 0 66
 0 67
 0 68
 0 69
 0 70
 0 71
 0 72
 0 73
 0 74
 0 75
 0 76
 0 77
 0 78
 0 79
 0 80
 0 81
 0 82
 0 83
 0 84
 0 85
 0 86
 1 87
 1 88
 2 89
 3 90
 31 91
 85 92
 91 93
 171 94
 261 95
 377 96
 543 97
 712 98
 875 99
 983 100
 1085 101
 1162 102
 1197 103
 1281 104
 1353 105
 1305 106
 1287 107
 1286 108
 1199 109
 1256 110
 1204 111
 1177 112
 1047 113
 1015 114
 1046 115
 877 116
 858 117
 790 118
 722 119
 701 120
 659 121
 578 122
 554 123
 514 124
 458 125
 409 126
 423 127
 367 128
 321 129
 313 130
 275 131
 280 132
 247 133
 220 134
 208 135
 182 136
 171 137
 139 138
 128 139
 147 140
 103 141
 118 142
 119 143
 126 144
 104 145
 94 146
 86 147
 87 148
 72 149
 85 150
 68 151
 54 152
 51 153
 59 154
 55 155
 50 156
 55 157
 44 158
 44 159
 46 160
 43 161
 19 162
 36 163
 27 164
 29 165
 21 166
 21 167
 24 168
 13 169
 16 170
 14 171
 17 172
 12 173
 24 174
 8 175
 9 176
 12 177
 14 178
 9 179
 12 180
 3 181
 12 182
 6 183
 4 184
 6 185
 8 186
 2 187
 2 188
 4 189
 7 190
 5 191
 7 192
 5 193
 0 194
 2 195
 0 196
 5 197
 1 198
 2 199
 1 200
 2 201
 1 202
 3 203
 2 204
 1 205
 2 206
 3 207
 2 208
 3 209
 0 210
 2 211
 0 212
 0 213
 1 214
 0 215
 0 216
 0 217
 0 218
 0 219
 2 220
 0 221
 0 222
 0 223
 1 224
 0 225
 0 226
 1 227
 0 228
 0 229
 0 230
 0 231
 0 232
 0 233
 0 234
 0 235
 0 236
 0 237
 0 238
 0 239
 0 240
 0 241
 0 242
 0 243
 0 244
 0 245
 0 246
 1 247
 0 248
 0 249
 0 250
 0 251
 0 252
 0 253
 0 254
 0 255
 0 256
 0 257
 0 258
 0 259
 0 260
 0 261
 0 262
 0 263
 0 264
 0 265
 0 266
 0 267
 0 268
 0 269
 0 270
 0 271
 0 272
 0 273
 1 274
 0 275
 0 276
 0 277
 0 278
 0 279
 0 280
 0 281
 1 282
 0 283
 0 284
 1 285
 2 286
 0 287
 0 288
 1 289
 1 290
 0 291
 0 292
 1 293
 0 294
 1 295
 0 296
 2 297
 1 298
 0 299
 4 300
 1 301
 1 302
 1 303
 3 304
 0 305
 2 306
 6 307
 1 308
 2 309
 1 310
 1 311
 1 312
 1 313
 3 314
 0 315
 1 316
 1 317
 3 318
 3 319
 7 320
 1 321
 1 322
 3 323
 5 324
 3 325
 1 326
 6 327
 2 328
 4 329
 0 330
 1 331
 0 332
 2 333
 2 334
 3 335
 2 336
 1 337
 2 338
 3 339
 1 340
 2 341
 6 342
 3 343
 1 344
 0 345
 4 346
 2 347
 2 348
 3 349
 4 350
 2 351
 1 352
 1 353
 2 354
 2 355
 0 356
 0 357
 1 358
 0 359
 0 360
 1 361
 0 362
 2 363
 0 364
 2 365
 1 366
 3 367
 1 368
 0 369
 4 370
 1 371
 0 372
 0 373
 2 374
 0 375
 0 376
 0 377
 0 378
 1 379
 1 380
 1 381
 0 382
 1 383
 3 384
 0 385
 1 386
 0 387
 1 388
 1 389
 0 390
 0 391
 0 392
 1 393
 1 394
 1 395
 1 396
 0 397
 0 398
 0 399
 0 400
 0 401
 0 402
 0 403
 0 404
 0 405
 0 406
 1 407
 0 408
 0 409
 0 410
 0 411
 0 412
 1 413
 0 414
 0 415
 0 416
 0 417
 0 418
 0 419
 0 420
 0 421
 0 422
 0 423
 0 424
 0 425
 0 426
 0 427
 0 428
 0 429
 0 430
 0 431
 0 432
 0 433
 0 434
 0 435
 0 436
 0 437
 0 438
 0 439
 0 440
 0 441
 0 442
 0 443
 0 444
 0 445
 0 446
 0 447
 0 448
 0 449
 0 450
 0 451
 0 452
 0 453
 0 454
 0 455
 0 456
 0 457
 0 458
 0 459
 0 460
 0 461
 0 462
 0 463
 0 464
 0 465
 0 466
 0 467
 0 468
 0 469
 0 470
 0 471
 0 472
 0 473
 0 474
 0 475
 0 476
 0 477
 0 478
 0 479
 0 480
 0 481
 0 482
 0 483
 0 484
 0 485
 0 486
 0 487
 0 488
 0 489
 0 490
 0 491
 0 492
 0 493
 0 494
 0 495
 0 496
 0 497
 0 498
 0 499
 0 500
 0 501
 0 502
 0 503
 0 504
 0 505
 0 506
 0 507
 0 508
 0 509
 0 510
 0 511
 0 512
 0 513
 0 514
 0 515
 0 516
 0 517
 0 518
 0 519
 0 520
 0 521
 0 522
 0 523
 0 524
 0 525
 0 526
 0 527
 0 528
 0 529
 0 530
 0 531
 0 532
 0 533
 0 534
 0 535
 0 536
 0 537
 0 538
 0 539
 0 540
 0 541
 0 542
 0 543
 0 544
 0 545
 0 546
 0 547
 0 548
 0 549
 0 550
 0 551
 0 552
 0 553
 0 554
 0 555
 0 556
 0 557
 0 558
 0 559
 0 560
 0 561
 0 562
 0 563
 0 564
 0 565
 0 566
 0 567
 0 568
 0 569
 0 570
 0 571
 0 572
 0 573
 0 574
 0 575
 0 576
 0 577
 0 578
 0 579
 0 580
 0 581
 0 582
 0 583
 0 584
 0 585
 0 586
 0 587
 0 588
 0 589
 0 590
 0 591
 0 592
 0 593
 0 594
 0 595
 0 596
 0 597
 0 598
 0 599
 0 600


