# Created by Octave 3.8.2, Sat Jun 20 19:55:06 2020 CEST <damian@fptrucha.inv.usc.es>
# name: hd
# type: matrix
# rows: 551
# columns: 2
 0 50
 0 51
 0 52
 0 53
 0 54
 0 55
 0 56
 0 57
 0 58
 0 59
 0 60
 0 61
 0 62
 0 63
 0 64
 0 65
 0 66
 0 67
 0 68
 0 69
 0 70
 0 71
 0 72
 0 73
 0 74
 0 75
 0 76
 0 77
 0 78
 0 79
 0 80
 0 81
 0 82
 0 83
 0 84
 0 85
 0 86
 0 87
 0 88
 2 89
 6 90
 32 91
 98 92
 106 93
 148 94
 250 95
 380 96
 562 97
 712 98
 840 99
 1044 100
 1050 101
 1144 102
 1181 103
 1167 104
 1311 105
 1307 106
 1300 107
 1276 108
 1275 109
 1181 110
 1192 111
 1142 112
 1057 113
 1019 114
 938 115
 954 116
 808 117
 814 118
 799 119
 686 120
 702 121
 614 122
 536 123
 510 124
 529 125
 471 126
 414 127
 398 128
 343 129
 341 130
 289 131
 274 132
 235 133
 244 134
 220 135
 192 136
 212 137
 177 138
 159 139
 160 140
 122 141
 131 142
 116 143
 120 144
 120 145
 96 146
 88 147
 70 148
 83 149
 74 150
 83 151
 59 152
 71 153
 54 154
 53 155
 48 156
 47 157
 40 158
 56 159
 35 160
 28 161
 46 162
 32 163
 36 164
 26 165
 31 166
 22 167
 19 168
 19 169
 15 170
 19 171
 13 172
 19 173
 18 174
 11 175
 11 176
 10 177
 15 178
 12 179
 10 180
 10 181
 13 182
 14 183
 6 184
 5 185
 6 186
 7 187
 7 188
 3 189
 6 190
 0 191
 4 192
 2 193
 8 194
 3 195
 4 196
 3 197
 7 198
 2 199
 3 200
 1 201
 3 202
 0 203
 4 204
 3 205
 0 206
 2 207
 1 208
 0 209
 0 210
 0 211
 1 212
 1 213
 2 214
 1 215
 1 216
 0 217
 1 218
 0 219
 1 220
 0 221
 0 222
 1 223
 0 224
 1 225
 0 226
 0 227
 0 228
 0 229
 0 230
 1 231
 1 232
 0 233
 0 234
 0 235
 0 236
 0 237
 0 238
 0 239
 0 240
 0 241
 0 242
 0 243
 0 244
 0 245
 0 246
 0 247
 0 248
 0 249
 0 250
 0 251
 0 252
 0 253
 0 254
 0 255
 0 256
 0 257
 0 258
 0 259
 0 260
 0 261
 0 262
 0 263
 0 264
 0 265
 0 266
 0 267
 0 268
 0 269
 0 270
 0 271
 0 272
 0 273
 0 274
 1 275
 0 276
 1 277
 0 278
 0 279
 0 280
 0 281
 2 282
 0 283
 0 284
 0 285
 1 286
 0 287
 1 288
 1 289
 0 290
 2 291
 0 292
 0 293
 1 294
 0 295
 1 296
 0 297
 3 298
 2 299
 4 300
 1 301
 1 302
 0 303
 1 304
 1 305
 0 306
 4 307
 2 308
 1 309
 1 310
 2 311
 1 312
 3 313
 0 314
 4 315
 0 316
 2 317
 4 318
 0 319
 2 320
 4 321
 1 322
 4 323
 1 324
 3 325
 1 326
 1 327
 1 328
 5 329
 5 330
 4 331
 3 332
 0 333
 2 334
 2 335
 2 336
 4 337
 2 338
 1 339
 3 340
 2 341
 3 342
 1 343
 1 344
 2 345
 0 346
 0 347
 3 348
 1 349
 1 350
 2 351
 3 352
 1 353
 2 354
 2 355
 1 356
 3 357
 2 358
 0 359
 2 360
 2 361
 1 362
 1 363
 1 364
 1 365
 2 366
 1 367
 0 368
 1 369
 5 370
 1 371
 2 372
 0 373
 0 374
 1 375
 1 376
 2 377
 0 378
 0 379
 2 380
 0 381
 0 382
 0 383
 1 384
 1 385
 0 386
 0 387
 2 388
 0 389
 1 390
 1 391
 1 392
 1 393
 0 394
 1 395
 0 396
 0 397
 0 398
 0 399
 0 400
 0 401
 0 402
 0 403
 0 404
 0 405
 0 406
 0 407
 0 408
 0 409
 0 410
 0 411
 0 412
 0 413
 0 414
 1 415
 0 416
 0 417
 0 418
 0 419
 0 420
 0 421
 0 422
 0 423
 1 424
 0 425
 0 426
 0 427
 1 428
 0 429
 0 430
 0 431
 0 432
 0 433
 0 434
 0 435
 0 436
 0 437
 0 438
 0 439
 0 440
 0 441
 0 442
 0 443
 0 444
 0 445
 0 446
 0 447
 0 448
 0 449
 0 450
 0 451
 0 452
 0 453
 0 454
 0 455
 0 456
 0 457
 0 458
 0 459
 0 460
 0 461
 0 462
 0 463
 0 464
 0 465
 0 466
 0 467
 0 468
 0 469
 0 470
 0 471
 0 472
 0 473
 0 474
 0 475
 0 476
 0 477
 0 478
 0 479
 0 480
 0 481
 0 482
 0 483
 0 484
 0 485
 0 486
 0 487
 0 488
 0 489
 0 490
 0 491
 0 492
 0 493
 0 494
 0 495
 0 496
 0 497
 0 498
 0 499
 0 500
 0 501
 0 502
 0 503
 0 504
 0 505
 0 506
 0 507
 0 508
 0 509
 0 510
 0 511
 0 512
 0 513
 0 514
 0 515
 0 516
 0 517
 0 518
 0 519
 0 520
 0 521
 0 522
 0 523
 0 524
 0 525
 0 526
 0 527
 0 528
 0 529
 0 530
 0 531
 0 532
 0 533
 0 534
 0 535
 0 536
 0 537
 0 538
 0 539
 0 540
 0 541
 0 542
 0 543
 0 544
 0 545
 0 546
 0 547
 0 548
 0 549
 0 550
 0 551
 0 552
 0 553
 0 554
 0 555
 0 556
 0 557
 0 558
 0 559
 0 560
 0 561
 0 562
 0 563
 0 564
 0 565
 0 566
 0 567
 0 568
 0 569
 0 570
 0 571
 0 572
 0 573
 0 574
 0 575
 0 576
 0 577
 0 578
 0 579
 0 580
 0 581
 0 582
 0 583
 0 584
 0 585
 0 586
 0 587
 0 588
 0 589
 0 590
 0 591
 0 592
 0 593
 0 594
 0 595
 0 596
 0 597
 0 598
 0 599
 0 600


