# Created by Octave 3.8.2, Mon Jun 22 09:34:23 2020 CEST <damian@fptrucha.inv.usc.es>
# name: hd
# type: matrix
# rows: 551
# columns: 2
 0 50
 0 51
 0 52
 0 53
 0 54
 0 55
 0 56
 1 57
 0 58
 0 59
 0 60
 0 61
 0 62
 0 63
 0 64
 0 65
 0 66
 0 67
 0 68
 0 69
 0 70
 0 71
 0 72
 0 73
 0 74
 0 75
 0 76
 0 77
 0 78
 0 79
 0 80
 0 81
 0 82
 0 83
 0 84
 0 85
 0 86
 0 87
 0 88
 2 89
 4 90
 9 91
 76 92
 131 93
 185 94
 237 95
 362 96
 614 97
 863 98
 930 99
 1200 100
 1299 101
 1376 102
 1443 103
 1540 104
 1505 105
 1443 106
 1433 107
 1371 108
 1325 109
 1303 110
 1180 111
 1119 112
 1018 113
 927 114
 905 115
 807 116
 735 117
 742 118
 614 119
 575 120
 532 121
 501 122
 404 123
 438 124
 358 125
 283 126
 283 127
 293 128
 230 129
 240 130
 242 131
 177 132
 191 133
 172 134
 187 135
 148 136
 154 137
 124 138
 103 139
 104 140
 117 141
 105 142
 111 143
 106 144
 81 145
 86 146
 68 147
 65 148
 78 149
 68 150
 49 151
 76 152
 63 153
 53 154
 61 155
 47 156
 51 157
 47 158
 42 159
 32 160
 35 161
 31 162
 27 163
 28 164
 21 165
 16 166
 23 167
 23 168
 30 169
 23 170
 18 171
 16 172
 17 173
 10 174
 20 175
 14 176
 17 177
 11 178
 12 179
 13 180
 9 181
 10 182
 5 183
 7 184
 4 185
 8 186
 10 187
 9 188
 7 189
 8 190
 7 191
 3 192
 5 193
 1 194
 5 195
 1 196
 3 197
 1 198
 3 199
 4 200
 1 201
 2 202
 5 203
 2 204
 0 205
 1 206
 1 207
 4 208
 2 209
 2 210
 1 211
 1 212
 1 213
 1 214
 0 215
 1 216
 0 217
 1 218
 0 219
 0 220
 0 221
 0 222
 0 223
 0 224
 0 225
 1 226
 0 227
 1 228
 0 229
 0 230
 0 231
 0 232
 0 233
 0 234
 1 235
 0 236
 0 237
 0 238
 0 239
 0 240
 0 241
 0 242
 0 243
 0 244
 0 245
 0 246
 0 247
 0 248
 0 249
 0 250
 0 251
 0 252
 0 253
 0 254
 0 255
 0 256
 0 257
 0 258
 1 259
 0 260
 0 261
 0 262
 0 263
 0 264
 0 265
 0 266
 0 267
 0 268
 0 269
 0 270
 0 271
 0 272
 0 273
 0 274
 0 275
 0 276
 1 277
 0 278
 0 279
 0 280
 0 281
 0 282
 0 283
 1 284
 1 285
 0 286
 1 287
 0 288
 0 289
 2 290
 1 291
 1 292
 0 293
 0 294
 2 295
 0 296
 1 297
 3 298
 2 299
 2 300
 1 301
 2 302
 2 303
 2 304
 2 305
 4 306
 3 307
 3 308
 7 309
 3 310
 2 311
 1 312
 3 313
 3 314
 2 315
 3 316
 1 317
 0 318
 0 319
 1 320
 2 321
 3 322
 2 323
 5 324
 1 325
 4 326
 2 327
 3 328
 0 329
 2 330
 1 331
 5 332
 6 333
 4 334
 3 335
 3 336
 2 337
 3 338
 2 339
 6 340
 2 341
 4 342
 4 343
 2 344
 3 345
 2 346
 2 347
 0 348
 4 349
 2 350
 3 351
 1 352
 2 353
 3 354
 3 355
 2 356
 2 357
 1 358
 0 359
 1 360
 1 361
 2 362
 0 363
 1 364
 0 365
 1 366
 1 367
 1 368
 2 369
 2 370
 0 371
 1 372
 0 373
 0 374
 0 375
 1 376
 0 377
 0 378
 0 379
 1 380
 2 381
 0 382
 1 383
 0 384
 0 385
 1 386
 1 387
 3 388
 2 389
 0 390
 3 391
 0 392
 3 393
 0 394
 0 395
 0 396
 0 397
 0 398
 0 399
 0 400
 0 401
 0 402
 0 403
 0 404
 0 405
 0 406
 0 407
 0 408
 0 409
 0 410
 0 411
 0 412
 0 413
 0 414
 0 415
 0 416
 0 417
 0 418
 0 419
 0 420
 0 421
 0 422
 0 423
 0 424
 0 425
 0 426
 0 427
 0 428
 0 429
 0 430
 0 431
 0 432
 0 433
 0 434
 0 435
 0 436
 0 437
 0 438
 0 439
 0 440
 0 441
 0 442
 0 443
 0 444
 0 445
 0 446
 0 447
 0 448
 0 449
 0 450
 0 451
 0 452
 0 453
 0 454
 0 455
 0 456
 0 457
 0 458
 0 459
 0 460
 0 461
 0 462
 0 463
 0 464
 0 465
 0 466
 0 467
 0 468
 0 469
 0 470
 0 471
 0 472
 0 473
 0 474
 0 475
 0 476
 0 477
 0 478
 0 479
 0 480
 0 481
 0 482
 0 483
 0 484
 0 485
 0 486
 0 487
 0 488
 0 489
 0 490
 0 491
 0 492
 0 493
 0 494
 0 495
 0 496
 0 497
 0 498
 0 499
 0 500
 0 501
 0 502
 0 503
 0 504
 0 505
 0 506
 0 507
 0 508
 0 509
 0 510
 0 511
 0 512
 0 513
 0 514
 0 515
 0 516
 0 517
 0 518
 0 519
 0 520
 0 521
 0 522
 0 523
 0 524
 0 525
 0 526
 0 527
 0 528
 0 529
 0 530
 0 531
 0 532
 0 533
 0 534
 0 535
 0 536
 0 537
 0 538
 0 539
 0 540
 0 541
 0 542
 0 543
 0 544
 0 545
 0 546
 0 547
 0 548
 0 549
 0 550
 0 551
 0 552
 0 553
 0 554
 0 555
 0 556
 0 557
 0 558
 0 559
 0 560
 0 561
 0 562
 0 563
 0 564
 0 565
 0 566
 0 567
 0 568
 0 569
 0 570
 0 571
 0 572
 0 573
 0 574
 0 575
 0 576
 0 577
 0 578
 0 579
 0 580
 0 581
 0 582
 0 583
 0 584
 0 585
 0 586
 0 587
 0 588
 0 589
 0 590
 0 591
 0 592
 0 593
 0 594
 0 595
 0 596
 0 597
 0 598
 0 599
 0 600


