# Created by Octave 3.8.2, Mon Jun 22 11:36:53 2020 CEST <damian@fptrucha.inv.usc.es>
# name: hd
# type: matrix
# rows: 551
# columns: 2
 0 50
 0 51
 0 52
 0 53
 0 54
 0 55
 0 56
 0 57
 0 58
 0 59
 0 60
 0 61
 0 62
 0 63
 0 64
 0 65
 0 66
 0 67
 0 68
 0 69
 0 70
 0 71
 0 72
 0 73
 0 74
 0 75
 0 76
 0 77
 0 78
 0 79
 0 80
 0 81
 0 82
 0 83
 0 84
 0 85
 0 86
 0 87
 0 88
 3 89
 4 90
 12 91
 74 92
 137 93
 182 94
 290 95
 429 96
 659 97
 833 98
 1000 99
 1217 100
 1381 101
 1503 102
 1445 103
 1575 104
 1569 105
 1528 106
 1468 107
 1431 108
 1306 109
 1349 110
 1150 111
 1118 112
 1032 113
 1017 114
 925 115
 783 116
 717 117
 676 118
 636 119
 583 120
 480 121
 502 122
 424 123
 373 124
 358 125
 309 126
 277 127
 301 128
 241 129
 229 130
 223 131
 207 132
 170 133
 166 134
 180 135
 150 136
 149 137
 124 138
 125 139
 112 140
 110 141
 100 142
 85 143
 83 144
 72 145
 76 146
 90 147
 76 148
 63 149
 68 150
 61 151
 58 152
 50 153
 59 154
 48 155
 50 156
 37 157
 48 158
 29 159
 44 160
 38 161
 37 162
 26 163
 26 164
 24 165
 26 166
 26 167
 16 168
 23 169
 24 170
 10 171
 11 172
 14 173
 17 174
 10 175
 13 176
 10 177
 17 178
 10 179
 9 180
 7 181
 6 182
 5 183
 12 184
 5 185
 10 186
 7 187
 4 188
 6 189
 5 190
 7 191
 4 192
 3 193
 4 194
 2 195
 5 196
 5 197
 4 198
 1 199
 1 200
 4 201
 1 202
 4 203
 3 204
 4 205
 2 206
 0 207
 0 208
 1 209
 0 210
 2 211
 1 212
 0 213
 2 214
 0 215
 0 216
 0 217
 3 218
 1 219
 0 220
 1 221
 0 222
 0 223
 0 224
 0 225
 1 226
 0 227
 0 228
 0 229
 1 230
 0 231
 0 232
 0 233
 0 234
 0 235
 1 236
 1 237
 0 238
 0 239
 1 240
 0 241
 0 242
 0 243
 0 244
 0 245
 0 246
 0 247
 0 248
 0 249
 0 250
 0 251
 0 252
 0 253
 0 254
 0 255
 0 256
 0 257
 0 258
 0 259
 0 260
 0 261
 0 262
 0 263
 0 264
 0 265
 0 266
 0 267
 0 268
 0 269
 0 270
 0 271
 0 272
 1 273
 0 274
 1 275
 0 276
 1 277
 0 278
 0 279
 1 280
 0 281
 2 282
 0 283
 0 284
 0 285
 0 286
 1 287
 1 288
 0 289
 0 290
 2 291
 1 292
 0 293
 1 294
 2 295
 0 296
 0 297
 2 298
 3 299
 1 300
 2 301
 2 302
 1 303
 0 304
 1 305
 4 306
 2 307
 5 308
 2 309
 0 310
 0 311
 2 312
 1 313
 1 314
 1 315
 2 316
 1 317
 0 318
 1 319
 5 320
 3 321
 1 322
 2 323
 3 324
 6 325
 2 326
 2 327
 2 328
 2 329
 1 330
 2 331
 0 332
 3 333
 2 334
 2 335
 4 336
 4 337
 2 338
 2 339
 6 340
 3 341
 1 342
 1 343
 3 344
 0 345
 3 346
 2 347
 2 348
 0 349
 0 350
 2 351
 1 352
 6 353
 4 354
 1 355
 0 356
 4 357
 2 358
 1 359
 2 360
 3 361
 0 362
 5 363
 2 364
 3 365
 0 366
 1 367
 0 368
 0 369
 1 370
 3 371
 0 372
 1 373
 1 374
 0 375
 1 376
 0 377
 0 378
 1 379
 1 380
 0 381
 1 382
 0 383
 0 384
 0 385
 2 386
 1 387
 2 388
 1 389
 1 390
 0 391
 1 392
 0 393
 0 394
 0 395
 0 396
 0 397
 0 398
 0 399
 0 400
 1 401
 0 402
 0 403
 0 404
 0 405
 0 406
 0 407
 0 408
 0 409
 0 410
 0 411
 0 412
 0 413
 0 414
 0 415
 0 416
 0 417
 0 418
 1 419
 0 420
 0 421
 0 422
 0 423
 0 424
 0 425
 0 426
 0 427
 0 428
 0 429
 0 430
 0 431
 0 432
 0 433
 0 434
 0 435
 0 436
 0 437
 0 438
 0 439
 0 440
 0 441
 0 442
 0 443
 0 444
 0 445
 0 446
 0 447
 0 448
 0 449
 0 450
 0 451
 0 452
 0 453
 0 454
 0 455
 0 456
 0 457
 0 458
 0 459
 0 460
 0 461
 0 462
 0 463
 0 464
 0 465
 0 466
 0 467
 0 468
 0 469
 0 470
 0 471
 0 472
 0 473
 0 474
 0 475
 0 476
 0 477
 0 478
 0 479
 0 480
 0 481
 0 482
 0 483
 0 484
 0 485
 0 486
 0 487
 0 488
 0 489
 0 490
 0 491
 0 492
 0 493
 0 494
 0 495
 0 496
 0 497
 0 498
 0 499
 0 500
 0 501
 0 502
 0 503
 0 504
 0 505
 0 506
 0 507
 0 508
 0 509
 0 510
 0 511
 0 512
 0 513
 0 514
 0 515
 0 516
 0 517
 0 518
 0 519
 0 520
 0 521
 0 522
 0 523
 0 524
 0 525
 0 526
 0 527
 0 528
 0 529
 0 530
 0 531
 0 532
 0 533
 0 534
 0 535
 0 536
 0 537
 0 538
 0 539
 0 540
 0 541
 0 542
 0 543
 0 544
 0 545
 0 546
 0 547
 0 548
 0 549
 0 550
 0 551
 0 552
 0 553
 0 554
 0 555
 0 556
 0 557
 0 558
 0 559
 0 560
 0 561
 0 562
 0 563
 0 564
 0 565
 0 566
 0 567
 0 568
 0 569
 0 570
 0 571
 0 572
 0 573
 0 574
 0 575
 0 576
 0 577
 0 578
 0 579
 0 580
 0 581
 0 582
 0 583
 0 584
 0 585
 0 586
 0 587
 0 588
 0 589
 0 590
 0 591
 0 592
 0 593
 0 594
 0 595
 0 596
 0 597
 0 598
 0 599
 0 600


