# Created by Octave 3.8.2, Sat Jun 20 14:47:07 2020 CEST <damian@fptrucha.inv.usc.es>
# name: hd
# type: matrix
# rows: 551
# columns: 2
 0 50
 0 51
 0 52
 0 53
 0 54
 0 55
 0 56
 0 57
 0 58
 0 59
 0 60
 0 61
 0 62
 0 63
 0 64
 0 65
 0 66
 0 67
 0 68
 0 69
 0 70
 0 71
 0 72
 0 73
 0 74
 0 75
 0 76
 0 77
 0 78
 0 79
 0 80
 0 81
 0 82
 0 83
 0 84
 0 85
 0 86
 0 87
 2 88
 2 89
 4 90
 33 91
 85 92
 130 93
 172 94
 336 95
 451 96
 635 97
 859 98
 990 99
 1137 100
 1309 101
 1355 102
 1376 103
 1374 104
 1467 105
 1476 106
 1439 107
 1404 108
 1323 109
 1298 110
 1306 111
 1233 112
 1136 113
 1059 114
 1059 115
 911 116
 913 117
 795 118
 818 119
 693 120
 628 121
 604 122
 542 123
 496 124
 457 125
 425 126
 397 127
 349 128
 300 129
 311 130
 273 131
 256 132
 214 133
 198 134
 223 135
 165 136
 171 137
 147 138
 145 139
 141 140
 117 141
 106 142
 92 143
 99 144
 82 145
 94 146
 74 147
 87 148
 64 149
 53 150
 58 151
 52 152
 57 153
 43 154
 53 155
 47 156
 44 157
 42 158
 44 159
 28 160
 27 161
 37 162
 34 163
 28 164
 23 165
 14 166
 19 167
 17 168
 18 169
 12 170
 16 171
 17 172
 17 173
 9 174
 10 175
 4 176
 13 177
 7 178
 12 179
 4 180
 5 181
 5 182
 8 183
 5 184
 3 185
 3 186
 2 187
 3 188
 3 189
 4 190
 3 191
 4 192
 1 193
 1 194
 3 195
 2 196
 4 197
 2 198
 4 199
 1 200
 0 201
 0 202
 2 203
 1 204
 1 205
 0 206
 3 207
 0 208
 0 209
 0 210
 1 211
 2 212
 0 213
 0 214
 0 215
 0 216
 1 217
 1 218
 1 219
 0 220
 0 221
 0 222
 0 223
 0 224
 0 225
 0 226
 0 227
 0 228
 0 229
 0 230
 0 231
 0 232
 0 233
 0 234
 0 235
 0 236
 0 237
 1 238
 0 239
 0 240
 0 241
 0 242
 1 243
 0 244
 0 245
 0 246
 0 247
 0 248
 0 249
 0 250
 0 251
 0 252
 0 253
 0 254
 0 255
 0 256
 0 257
 0 258
 0 259
 0 260
 0 261
 0 262
 0 263
 0 264
 0 265
 0 266
 0 267
 0 268
 0 269
 0 270
 0 271
 0 272
 0 273
 0 274
 0 275
 0 276
 0 277
 0 278
 0 279
 0 280
 0 281
 0 282
 1 283
 1 284
 0 285
 0 286
 1 287
 2 288
 0 289
 1 290
 0 291
 1 292
 0 293
 0 294
 0 295
 0 296
 0 297
 0 298
 1 299
 0 300
 2 301
 2 302
 2 303
 0 304
 1 305
 1 306
 0 307
 2 308
 0 309
 1 310
 4 311
 2 312
 1 313
 3 314
 1 315
 2 316
 2 317
 3 318
 0 319
 0 320
 0 321
 2 322
 1 323
 1 324
 2 325
 2 326
 6 327
 2 328
 0 329
 3 330
 1 331
 2 332
 3 333
 0 334
 3 335
 0 336
 0 337
 2 338
 2 339
 1 340
 1 341
 3 342
 0 343
 1 344
 3 345
 3 346
 0 347
 6 348
 0 349
 1 350
 3 351
 2 352
 0 353
 1 354
 3 355
 2 356
 3 357
 5 358
 1 359
 1 360
 3 361
 0 362
 1 363
 0 364
 2 365
 1 366
 0 367
 4 368
 1 369
 1 370
 0 371
 1 372
 1 373
 1 374
 0 375
 0 376
 0 377
 0 378
 0 379
 2 380
 1 381
 0 382
 0 383
 0 384
 1 385
 1 386
 0 387
 0 388
 1 389
 0 390
 0 391
 0 392
 0 393
 0 394
 0 395
 1 396
 1 397
 0 398
 2 399
 0 400
 0 401
 0 402
 0 403
 0 404
 0 405
 1 406
 0 407
 1 408
 1 409
 0 410
 0 411
 0 412
 0 413
 0 414
 0 415
 0 416
 0 417
 0 418
 0 419
 0 420
 0 421
 0 422
 0 423
 0 424
 0 425
 0 426
 0 427
 0 428
 0 429
 0 430
 0 431
 0 432
 0 433
 0 434
 0 435
 0 436
 0 437
 0 438
 0 439
 0 440
 0 441
 0 442
 0 443
 0 444
 0 445
 0 446
 0 447
 0 448
 0 449
 0 450
 0 451
 0 452
 0 453
 0 454
 0 455
 0 456
 0 457
 0 458
 0 459
 0 460
 0 461
 0 462
 0 463
 0 464
 0 465
 0 466
 0 467
 0 468
 0 469
 0 470
 0 471
 0 472
 0 473
 0 474
 0 475
 0 476
 0 477
 0 478
 0 479
 0 480
 0 481
 0 482
 0 483
 0 484
 0 485
 0 486
 0 487
 0 488
 0 489
 0 490
 0 491
 0 492
 0 493
 0 494
 0 495
 0 496
 0 497
 0 498
 0 499
 0 500
 0 501
 0 502
 0 503
 0 504
 0 505
 0 506
 0 507
 0 508
 0 509
 0 510
 0 511
 0 512
 0 513
 0 514
 0 515
 0 516
 0 517
 0 518
 0 519
 0 520
 0 521
 0 522
 0 523
 0 524
 0 525
 0 526
 0 527
 0 528
 0 529
 0 530
 0 531
 0 532
 0 533
 0 534
 0 535
 0 536
 0 537
 0 538
 0 539
 0 540
 0 541
 0 542
 0 543
 0 544
 0 545
 0 546
 0 547
 0 548
 0 549
 0 550
 0 551
 0 552
 0 553
 0 554
 0 555
 0 556
 0 557
 0 558
 0 559
 0 560
 0 561
 0 562
 0 563
 0 564
 0 565
 0 566
 0 567
 0 568
 0 569
 0 570
 0 571
 0 572
 0 573
 0 574
 0 575
 0 576
 0 577
 0 578
 0 579
 0 580
 0 581
 0 582
 0 583
 0 584
 0 585
 0 586
 0 587
 0 588
 0 589
 0 590
 0 591
 0 592
 0 593
 0 594
 0 595
 0 596
 0 597
 0 598
 0 599
 0 600


