# Created by Octave 3.8.2, Sat Jun 20 19:23:11 2020 CEST <damian@fptrucha.inv.usc.es>
# name: hd
# type: matrix
# rows: 551
# columns: 2
 0 50
 0 51
 0 52
 0 53
 0 54
 0 55
 0 56
 0 57
 0 58
 0 59
 0 60
 0 61
 0 62
 0 63
 0 64
 0 65
 0 66
 0 67
 0 68
 0 69
 0 70
 0 71
 0 72
 0 73
 0 74
 0 75
 0 76
 0 77
 0 78
 0 79
 0 80
 0 81
 0 82
 0 83
 0 84
 0 85
 0 86
 0 87
 3 88
 2 89
 7 90
 40 91
 83 92
 116 93
 154 94
 253 95
 399 96
 594 97
 694 98
 857 99
 948 100
 1087 101
 1217 102
 1234 103
 1288 104
 1308 105
 1340 106
 1306 107
 1340 108
 1283 109
 1273 110
 1196 111
 1187 112
 1105 113
 1084 114
 1030 115
 956 116
 829 117
 805 118
 778 119
 695 120
 650 121
 591 122
 576 123
 527 124
 438 125
 417 126
 395 127
 335 128
 337 129
 329 130
 279 131
 270 132
 279 133
 223 134
 227 135
 220 136
 186 137
 163 138
 179 139
 153 140
 116 141
 113 142
 114 143
 101 144
 109 145
 90 146
 108 147
 85 148
 65 149
 70 150
 72 151
 61 152
 56 153
 53 154
 41 155
 46 156
 41 157
 43 158
 35 159
 35 160
 34 161
 20 162
 25 163
 34 164
 13 165
 26 166
 27 167
 16 168
 17 169
 29 170
 21 171
 16 172
 13 173
 12 174
 13 175
 16 176
 10 177
 18 178
 9 179
 11 180
 6 181
 7 182
 3 183
 5 184
 7 185
 5 186
 4 187
 3 188
 11 189
 0 190
 4 191
 1 192
 0 193
 1 194
 0 195
 5 196
 2 197
 4 198
 1 199
 0 200
 0 201
 4 202
 1 203
 2 204
 1 205
 2 206
 3 207
 0 208
 1 209
 1 210
 1 211
 0 212
 0 213
 0 214
 1 215
 1 216
 1 217
 3 218
 1 219
 1 220
 0 221
 1 222
 0 223
 0 224
 0 225
 1 226
 1 227
 1 228
 0 229
 1 230
 0 231
 0 232
 0 233
 0 234
 0 235
 0 236
 0 237
 0 238
 0 239
 1 240
 0 241
 0 242
 0 243
 0 244
 0 245
 0 246
 0 247
 0 248
 1 249
 0 250
 0 251
 0 252
 0 253
 0 254
 0 255
 0 256
 0 257
 0 258
 0 259
 0 260
 0 261
 0 262
 0 263
 0 264
 0 265
 0 266
 0 267
 0 268
 0 269
 0 270
 0 271
 0 272
 0 273
 0 274
 0 275
 0 276
 0 277
 0 278
 0 279
 1 280
 0 281
 0 282
 1 283
 0 284
 1 285
 0 286
 0 287
 0 288
 1 289
 2 290
 0 291
 0 292
 0 293
 1 294
 1 295
 3 296
 0 297
 0 298
 3 299
 1 300
 2 301
 2 302
 1 303
 0 304
 1 305
 0 306
 1 307
 2 308
 2 309
 3 310
 1 311
 3 312
 1 313
 1 314
 1 315
 1 316
 1 317
 1 318
 3 319
 1 320
 2 321
 1 322
 3 323
 2 324
 0 325
 4 326
 4 327
 3 328
 0 329
 1 330
 1 331
 2 332
 1 333
 6 334
 1 335
 4 336
 2 337
 1 338
 2 339
 2 340
 0 341
 2 342
 5 343
 2 344
 0 345
 2 346
 1 347
 1 348
 3 349
 2 350
 0 351
 3 352
 2 353
 1 354
 3 355
 2 356
 0 357
 0 358
 0 359
 4 360
 2 361
 0 362
 1 363
 1 364
 2 365
 2 366
 0 367
 2 368
 1 369
 1 370
 0 371
 1 372
 2 373
 3 374
 1 375
 2 376
 1 377
 1 378
 4 379
 2 380
 0 381
 0 382
 0 383
 0 384
 0 385
 1 386
 0 387
 1 388
 0 389
 2 390
 1 391
 0 392
 0 393
 1 394
 0 395
 0 396
 0 397
 0 398
 1 399
 0 400
 1 401
 0 402
 1 403
 0 404
 0 405
 1 406
 1 407
 0 408
 0 409
 0 410
 0 411
 0 412
 0 413
 0 414
 0 415
 0 416
 0 417
 0 418
 0 419
 0 420
 0 421
 0 422
 0 423
 0 424
 0 425
 0 426
 0 427
 0 428
 0 429
 0 430
 0 431
 0 432
 0 433
 0 434
 0 435
 0 436
 0 437
 0 438
 0 439
 0 440
 0 441
 0 442
 0 443
 0 444
 0 445
 0 446
 0 447
 0 448
 0 449
 0 450
 0 451
 0 452
 0 453
 0 454
 0 455
 0 456
 0 457
 0 458
 0 459
 0 460
 0 461
 0 462
 0 463
 0 464
 0 465
 0 466
 0 467
 0 468
 0 469
 0 470
 0 471
 0 472
 0 473
 0 474
 0 475
 0 476
 0 477
 0 478
 0 479
 0 480
 0 481
 0 482
 0 483
 0 484
 0 485
 0 486
 0 487
 0 488
 0 489
 0 490
 0 491
 0 492
 0 493
 0 494
 0 495
 0 496
 0 497
 0 498
 0 499
 0 500
 0 501
 0 502
 0 503
 0 504
 0 505
 0 506
 0 507
 0 508
 0 509
 0 510
 0 511
 0 512
 0 513
 0 514
 0 515
 0 516
 0 517
 0 518
 0 519
 0 520
 0 521
 0 522
 0 523
 0 524
 0 525
 0 526
 0 527
 0 528
 0 529
 0 530
 0 531
 0 532
 0 533
 0 534
 0 535
 0 536
 0 537
 0 538
 0 539
 0 540
 0 541
 0 542
 0 543
 0 544
 0 545
 0 546
 0 547
 0 548
 0 549
 0 550
 0 551
 0 552
 0 553
 0 554
 0 555
 0 556
 0 557
 0 558
 0 559
 0 560
 0 561
 0 562
 0 563
 0 564
 0 565
 0 566
 0 567
 0 568
 0 569
 0 570
 0 571
 0 572
 0 573
 0 574
 0 575
 0 576
 0 577
 0 578
 0 579
 0 580
 0 581
 0 582
 0 583
 0 584
 0 585
 0 586
 0 587
 0 588
 0 589
 0 590
 0 591
 0 592
 0 593
 0 594
 0 595
 0 596
 0 597
 0 598
 0 599
 0 600


