# Created by Octave 3.8.2, Mon Jun 22 12:51:13 2020 CEST <damian@fptrucha.inv.usc.es>
# name: hd
# type: matrix
# rows: 551
# columns: 2
 0 50
 0 51
 0 52
 0 53
 0 54
 0 55
 0 56
 0 57
 0 58
 0 59
 0 60
 0 61
 0 62
 0 63
 0 64
 0 65
 0 66
 0 67
 0 68
 0 69
 0 70
 0 71
 0 72
 0 73
 0 74
 0 75
 0 76
 0 77
 0 78
 0 79
 0 80
 0 81
 0 82
 0 83
 0 84
 0 85
 0 86
 0 87
 0 88
 1 89
 4 90
 13 91
 85 92
 118 93
 174 94
 248 95
 425 96
 621 97
 782 98
 992 99
 1243 100
 1315 101
 1407 102
 1458 103
 1452 104
 1512 105
 1547 106
 1430 107
 1368 108
 1422 109
 1383 110
 1257 111
 1121 112
 1093 113
 1020 114
 891 115
 842 116
 819 117
 726 118
 655 119
 628 120
 565 121
 510 122
 475 123
 435 124
 398 125
 366 126
 305 127
 292 128
 267 129
 273 130
 240 131
 242 132
 189 133
 190 134
 180 135
 177 136
 152 137
 117 138
 124 139
 112 140
 115 141
 97 142
 90 143
 95 144
 94 145
 87 146
 94 147
 86 148
 77 149
 65 150
 65 151
 74 152
 70 153
 63 154
 47 155
 55 156
 55 157
 43 158
 36 159
 42 160
 25 161
 31 162
 27 163
 28 164
 23 165
 20 166
 34 167
 24 168
 23 169
 16 170
 15 171
 5 172
 7 173
 17 174
 13 175
 6 176
 9 177
 17 178
 12 179
 7 180
 10 181
 13 182
 6 183
 8 184
 7 185
 7 186
 4 187
 7 188
 3 189
 3 190
 4 191
 2 192
 7 193
 4 194
 2 195
 4 196
 5 197
 3 198
 4 199
 4 200
 4 201
 3 202
 3 203
 0 204
 1 205
 2 206
 1 207
 2 208
 0 209
 1 210
 3 211
 1 212
 2 213
 1 214
 3 215
 0 216
 2 217
 2 218
 0 219
 1 220
 0 221
 0 222
 0 223
 0 224
 0 225
 0 226
 0 227
 0 228
 0 229
 0 230
 0 231
 0 232
 1 233
 0 234
 0 235
 0 236
 1 237
 1 238
 0 239
 0 240
 0 241
 0 242
 0 243
 0 244
 0 245
 0 246
 0 247
 0 248
 0 249
 0 250
 0 251
 0 252
 0 253
 0 254
 0 255
 0 256
 0 257
 0 258
 0 259
 0 260
 0 261
 0 262
 0 263
 0 264
 0 265
 0 266
 0 267
 0 268
 0 269
 0 270
 0 271
 0 272
 0 273
 0 274
 0 275
 0 276
 0 277
 1 278
 0 279
 2 280
 2 281
 0 282
 0 283
 0 284
 1 285
 1 286
 1 287
 0 288
 0 289
 1 290
 1 291
 0 292
 1 293
 0 294
 1 295
 2 296
 1 297
 2 298
 3 299
 3 300
 2 301
 3 302
 0 303
 2 304
 2 305
 1 306
 0 307
 4 308
 4 309
 2 310
 1 311
 3 312
 2 313
 3 314
 0 315
 3 316
 3 317
 4 318
 3 319
 5 320
 3 321
 1 322
 2 323
 8 324
 3 325
 3 326
 4 327
 7 328
 0 329
 3 330
 5 331
 2 332
 2 333
 1 334
 0 335
 0 336
 0 337
 1 338
 3 339
 2 340
 2 341
 1 342
 1 343
 2 344
 1 345
 3 346
 4 347
 2 348
 2 349
 1 350
 1 351
 0 352
 2 353
 4 354
 0 355
 2 356
 3 357
 0 358
 2 359
 4 360
 0 361
 0 362
 1 363
 1 364
 1 365
 0 366
 1 367
 0 368
 0 369
 2 370
 0 371
 0 372
 1 373
 1 374
 2 375
 0 376
 1 377
 0 378
 2 379
 0 380
 1 381
 0 382
 0 383
 1 384
 1 385
 1 386
 0 387
 0 388
 0 389
 0 390
 0 391
 0 392
 0 393
 0 394
 1 395
 0 396
 0 397
 1 398
 0 399
 0 400
 1 401
 0 402
 1 403
 0 404
 0 405
 1 406
 0 407
 0 408
 0 409
 0 410
 0 411
 0 412
 2 413
 0 414
 0 415
 0 416
 0 417
 0 418
 0 419
 0 420
 0 421
 0 422
 0 423
 0 424
 0 425
 0 426
 0 427
 0 428
 0 429
 0 430
 0 431
 0 432
 0 433
 0 434
 0 435
 0 436
 0 437
 0 438
 0 439
 0 440
 0 441
 0 442
 0 443
 0 444
 0 445
 0 446
 0 447
 0 448
 0 449
 0 450
 0 451
 0 452
 0 453
 0 454
 0 455
 0 456
 0 457
 0 458
 0 459
 0 460
 0 461
 0 462
 0 463
 0 464
 0 465
 0 466
 0 467
 0 468
 0 469
 0 470
 0 471
 0 472
 0 473
 0 474
 0 475
 0 476
 0 477
 0 478
 0 479
 0 480
 0 481
 0 482
 0 483
 0 484
 0 485
 0 486
 0 487
 0 488
 0 489
 0 490
 0 491
 0 492
 0 493
 0 494
 0 495
 0 496
 0 497
 0 498
 0 499
 0 500
 0 501
 0 502
 0 503
 0 504
 0 505
 0 506
 0 507
 0 508
 0 509
 0 510
 0 511
 0 512
 0 513
 0 514
 0 515
 0 516
 0 517
 0 518
 0 519
 0 520
 0 521
 0 522
 0 523
 0 524
 0 525
 0 526
 0 527
 0 528
 0 529
 0 530
 0 531
 0 532
 0 533
 0 534
 0 535
 0 536
 0 537
 0 538
 0 539
 0 540
 0 541
 0 542
 0 543
 0 544
 0 545
 0 546
 0 547
 0 548
 0 549
 0 550
 0 551
 0 552
 0 553
 0 554
 0 555
 0 556
 0 557
 0 558
 0 559
 0 560
 0 561
 0 562
 0 563
 0 564
 0 565
 0 566
 0 567
 0 568
 0 569
 0 570
 0 571
 0 572
 0 573
 0 574
 0 575
 0 576
 0 577
 0 578
 0 579
 0 580
 0 581
 0 582
 0 583
 0 584
 0 585
 0 586
 0 587
 0 588
 0 589
 0 590
 0 591
 0 592
 0 593
 0 594
 0 595
 0 596
 0 597
 0 598
 0 599
 0 600


