# Created by Octave 3.8.2, Sat Jun 20 11:58:26 2020 CEST <damian@fptrucha.inv.usc.es>
# name: hd
# type: matrix
# rows: 551
# columns: 2
 0 50
 0 51
 0 52
 0 53
 0 54
 0 55
 0 56
 0 57
 0 58
 0 59
 0 60
 0 61
 0 62
 0 63
 0 64
 0 65
 0 66
 0 67
 0 68
 0 69
 0 70
 0 71
 0 72
 0 73
 0 74
 0 75
 0 76
 0 77
 0 78
 0 79
 0 80
 0 81
 0 82
 0 83
 0 84
 0 85
 0 86
 0 87
 0 88
 4 89
 13 90
 39 91
 89 92
 121 93
 187 94
 310 95
 413 96
 658 97
 874 98
 1024 99
 1181 100
 1252 101
 1420 102
 1491 103
 1545 104
 1567 105
 1550 106
 1533 107
 1396 108
 1423 109
 1382 110
 1375 111
 1257 112
 1194 113
 1180 114
 1084 115
 1016 116
 923 117
 820 118
 790 119
 764 120
 670 121
 638 122
 583 123
 539 124
 484 125
 440 126
 413 127
 377 128
 342 129
 300 130
 275 131
 246 132
 267 133
 210 134
 210 135
 158 136
 192 137
 145 138
 153 139
 163 140
 154 141
 126 142
 106 143
 109 144
 109 145
 75 146
 83 147
 83 148
 56 149
 75 150
 58 151
 67 152
 53 153
 55 154
 58 155
 44 156
 50 157
 47 158
 33 159
 37 160
 37 161
 32 162
 29 163
 23 164
 24 165
 26 166
 26 167
 21 168
 18 169
 19 170
 17 171
 10 172
 11 173
 11 174
 15 175
 7 176
 7 177
 18 178
 9 179
 15 180
 10 181
 10 182
 6 183
 4 184
 4 185
 10 186
 7 187
 6 188
 8 189
 2 190
 4 191
 5 192
 7 193
 1 194
 4 195
 1 196
 4 197
 3 198
 2 199
 2 200
 1 201
 1 202
 3 203
 1 204
 2 205
 0 206
 1 207
 0 208
 1 209
 0 210
 0 211
 0 212
 1 213
 1 214
 0 215
 1 216
 0 217
 0 218
 0 219
 0 220
 0 221
 1 222
 1 223
 1 224
 0 225
 1 226
 0 227
 0 228
 1 229
 2 230
 1 231
 0 232
 0 233
 0 234
 0 235
 0 236
 0 237
 0 238
 0 239
 0 240
 0 241
 0 242
 0 243
 0 244
 0 245
 0 246
 0 247
 0 248
 0 249
 0 250
 0 251
 0 252
 0 253
 0 254
 0 255
 0 256
 0 257
 0 258
 0 259
 0 260
 0 261
 0 262
 0 263
 1 264
 0 265
 0 266
 0 267
 0 268
 0 269
 0 270
 0 271
 0 272
 0 273
 0 274
 0 275
 0 276
 0 277
 0 278
 0 279
 0 280
 0 281
 0 282
 0 283
 0 284
 0 285
 0 286
 0 287
 0 288
 0 289
 0 290
 0 291
 0 292
 0 293
 0 294
 0 295
 1 296
 1 297
 0 298
 1 299
 0 300
 0 301
 0 302
 0 303
 1 304
 2 305
 2 306
 0 307
 0 308
 0 309
 1 310
 2 311
 2 312
 1 313
 2 314
 2 315
 0 316
 1 317
 3 318
 1 319
 0 320
 1 321
 1 322
 2 323
 2 324
 0 325
 2 326
 0 327
 2 328
 0 329
 2 330
 4 331
 1 332
 2 333
 0 334
 0 335
 1 336
 1 337
 2 338
 1 339
 1 340
 3 341
 2 342
 6 343
 2 344
 1 345
 3 346
 4 347
 1 348
 0 349
 6 350
 1 351
 2 352
 0 353
 2 354
 1 355
 1 356
 1 357
 2 358
 2 359
 1 360
 2 361
 0 362
 0 363
 0 364
 2 365
 2 366
 1 367
 2 368
 1 369
 2 370
 1 371
 1 372
 2 373
 2 374
 1 375
 1 376
 2 377
 0 378
 0 379
 0 380
 0 381
 3 382
 0 383
 0 384
 2 385
 1 386
 1 387
 0 388
 0 389
 0 390
 0 391
 1 392
 0 393
 0 394
 0 395
 0 396
 0 397
 0 398
 0 399
 0 400
 1 401
 0 402
 0 403
 0 404
 1 405
 1 406
 0 407
 0 408
 0 409
 0 410
 0 411
 0 412
 1 413
 0 414
 0 415
 1 416
 0 417
 0 418
 0 419
 0 420
 0 421
 0 422
 0 423
 0 424
 0 425
 0 426
 0 427
 0 428
 0 429
 0 430
 0 431
 0 432
 0 433
 0 434
 0 435
 0 436
 0 437
 0 438
 0 439
 0 440
 0 441
 0 442
 0 443
 0 444
 0 445
 0 446
 0 447
 0 448
 0 449
 0 450
 0 451
 0 452
 0 453
 0 454
 0 455
 0 456
 0 457
 0 458
 0 459
 0 460
 0 461
 0 462
 0 463
 0 464
 0 465
 0 466
 0 467
 0 468
 0 469
 0 470
 0 471
 0 472
 0 473
 0 474
 0 475
 0 476
 0 477
 0 478
 0 479
 0 480
 0 481
 0 482
 0 483
 0 484
 0 485
 0 486
 0 487
 0 488
 0 489
 0 490
 0 491
 0 492
 0 493
 0 494
 0 495
 0 496
 0 497
 0 498
 0 499
 0 500
 0 501
 0 502
 0 503
 0 504
 0 505
 0 506
 0 507
 0 508
 0 509
 0 510
 0 511
 0 512
 0 513
 0 514
 0 515
 0 516
 0 517
 0 518
 0 519
 0 520
 0 521
 0 522
 0 523
 0 524
 0 525
 0 526
 0 527
 0 528
 0 529
 0 530
 0 531
 0 532
 0 533
 0 534
 0 535
 0 536
 0 537
 0 538
 0 539
 0 540
 0 541
 0 542
 0 543
 0 544
 0 545
 0 546
 0 547
 0 548
 0 549
 0 550
 0 551
 0 552
 0 553
 0 554
 0 555
 0 556
 0 557
 0 558
 0 559
 0 560
 0 561
 0 562
 0 563
 0 564
 0 565
 0 566
 0 567
 0 568
 0 569
 0 570
 0 571
 0 572
 0 573
 0 574
 0 575
 0 576
 0 577
 0 578
 0 579
 0 580
 0 581
 0 582
 0 583
 0 584
 0 585
 0 586
 0 587
 0 588
 0 589
 0 590
 0 591
 0 592
 0 593
 0 594
 0 595
 0 596
 0 597
 0 598
 0 599
 0 600


