# Created by Octave 3.8.2, Mon Jun 22 11:57:22 2020 CEST <damian@fptrucha.inv.usc.es>
# name: hd
# type: matrix
# rows: 551
# columns: 2
 0 50
 0 51
 0 52
 0 53
 0 54
 0 55
 0 56
 0 57
 0 58
 0 59
 0 60
 0 61
 0 62
 0 63
 0 64
 0 65
 0 66
 0 67
 0 68
 0 69
 0 70
 0 71
 0 72
 0 73
 0 74
 0 75
 0 76
 0 77
 0 78
 0 79
 0 80
 0 81
 0 82
 0 83
 0 84
 0 85
 0 86
 0 87
 0 88
 1 89
 1 90
 24 91
 91 92
 140 93
 166 94
 266 95
 407 96
 677 97
 825 98
 997 99
 1198 100
 1393 101
 1438 102
 1450 103
 1535 104
 1466 105
 1502 106
 1379 107
 1359 108
 1292 109
 1299 110
 1255 111
 1116 112
 1110 113
 971 114
 948 115
 816 116
 746 117
 676 118
 613 119
 571 120
 543 121
 434 122
 446 123
 390 124
 366 125
 325 126
 306 127
 301 128
 282 129
 264 130
 222 131
 216 132
 214 133
 177 134
 151 135
 134 136
 132 137
 133 138
 109 139
 113 140
 100 141
 99 142
 104 143
 111 144
 86 145
 71 146
 74 147
 70 148
 69 149
 60 150
 61 151
 55 152
 57 153
 54 154
 43 155
 47 156
 47 157
 47 158
 42 159
 36 160
 44 161
 27 162
 34 163
 33 164
 29 165
 27 166
 21 167
 25 168
 22 169
 22 170
 20 171
 29 172
 16 173
 12 174
 17 175
 7 176
 8 177
 9 178
 10 179
 8 180
 8 181
 6 182
 6 183
 6 184
 9 185
 8 186
 7 187
 7 188
 6 189
 0 190
 6 191
 6 192
 5 193
 3 194
 5 195
 3 196
 6 197
 1 198
 2 199
 2 200
 0 201
 2 202
 1 203
 3 204
 2 205
 3 206
 2 207
 1 208
 1 209
 2 210
 0 211
 1 212
 2 213
 0 214
 0 215
 1 216
 0 217
 0 218
 1 219
 0 220
 0 221
 1 222
 0 223
 1 224
 2 225
 0 226
 3 227
 0 228
 0 229
 0 230
 0 231
 0 232
 0 233
 1 234
 0 235
 0 236
 0 237
 0 238
 0 239
 0 240
 0 241
 0 242
 0 243
 0 244
 0 245
 0 246
 0 247
 0 248
 0 249
 0 250
 0 251
 0 252
 0 253
 0 254
 0 255
 0 256
 0 257
 0 258
 0 259
 0 260
 0 261
 0 262
 0 263
 1 264
 0 265
 0 266
 0 267
 0 268
 0 269
 0 270
 0 271
 0 272
 0 273
 0 274
 0 275
 1 276
 1 277
 0 278
 0 279
 0 280
 0 281
 0 282
 1 283
 0 284
 1 285
 0 286
 0 287
 0 288
 0 289
 0 290
 1 291
 1 292
 1 293
 1 294
 1 295
 3 296
 4 297
 0 298
 5 299
 1 300
 2 301
 6 302
 3 303
 2 304
 3 305
 0 306
 5 307
 3 308
 6 309
 5 310
 1 311
 2 312
 1 313
 5 314
 3 315
 4 316
 2 317
 2 318
 6 319
 3 320
 1 321
 5 322
 3 323
 3 324
 3 325
 4 326
 2 327
 4 328
 4 329
 2 330
 1 331
 3 332
 4 333
 0 334
 3 335
 1 336
 3 337
 1 338
 6 339
 1 340
 2 341
 4 342
 4 343
 3 344
 1 345
 2 346
 6 347
 1 348
 1 349
 0 350
 4 351
 3 352
 2 353
 0 354
 2 355
 1 356
 1 357
 3 358
 2 359
 0 360
 1 361
 1 362
 2 363
 2 364
 2 365
 1 366
 1 367
 0 368
 1 369
 1 370
 1 371
 0 372
 1 373
 0 374
 1 375
 0 376
 0 377
 1 378
 1 379
 0 380
 0 381
 0 382
 0 383
 2 384
 1 385
 1 386
 0 387
 0 388
 0 389
 2 390
 0 391
 0 392
 0 393
 0 394
 1 395
 1 396
 2 397
 3 398
 0 399
 0 400
 0 401
 0 402
 1 403
 0 404
 0 405
 0 406
 0 407
 0 408
 1 409
 0 410
 0 411
 0 412
 0 413
 1 414
 1 415
 0 416
 0 417
 0 418
 0 419
 0 420
 0 421
 0 422
 0 423
 0 424
 0 425
 0 426
 0 427
 0 428
 0 429
 0 430
 0 431
 0 432
 0 433
 0 434
 0 435
 0 436
 0 437
 0 438
 0 439
 0 440
 0 441
 0 442
 0 443
 0 444
 0 445
 0 446
 0 447
 0 448
 0 449
 0 450
 0 451
 0 452
 0 453
 0 454
 0 455
 0 456
 0 457
 0 458
 0 459
 0 460
 0 461
 0 462
 0 463
 0 464
 0 465
 0 466
 0 467
 0 468
 0 469
 0 470
 0 471
 0 472
 0 473
 0 474
 0 475
 0 476
 0 477
 0 478
 0 479
 0 480
 0 481
 0 482
 0 483
 0 484
 0 485
 0 486
 0 487
 0 488
 0 489
 0 490
 0 491
 0 492
 0 493
 0 494
 0 495
 0 496
 0 497
 0 498
 0 499
 0 500
 0 501
 0 502
 0 503
 0 504
 0 505
 0 506
 0 507
 0 508
 0 509
 0 510
 0 511
 0 512
 0 513
 0 514
 0 515
 0 516
 0 517
 0 518
 0 519
 0 520
 0 521
 0 522
 0 523
 0 524
 0 525
 0 526
 0 527
 0 528
 0 529
 0 530
 0 531
 0 532
 0 533
 0 534
 0 535
 0 536
 0 537
 0 538
 0 539
 0 540
 0 541
 0 542
 0 543
 0 544
 0 545
 0 546
 0 547
 0 548
 0 549
 0 550
 0 551
 0 552
 0 553
 0 554
 0 555
 0 556
 0 557
 0 558
 0 559
 0 560
 0 561
 0 562
 0 563
 0 564
 0 565
 0 566
 0 567
 0 568
 0 569
 0 570
 0 571
 0 572
 0 573
 0 574
 0 575
 0 576
 0 577
 0 578
 0 579
 0 580
 0 581
 0 582
 0 583
 0 584
 0 585
 0 586
 0 587
 0 588
 0 589
 0 590
 0 591
 0 592
 0 593
 0 594
 0 595
 0 596
 0 597
 0 598
 0 599
 0 600


