# Created by Octave 3.8.2, Sat Jun 20 11:19:19 2020 CEST <damian@fptrucha.inv.usc.es>
# name: hd
# type: matrix
# rows: 551
# columns: 2
 0 50
 0 51
 0 52
 0 53
 0 54
 0 55
 0 56
 0 57
 0 58
 0 59
 0 60
 0 61
 0 62
 0 63
 0 64
 0 65
 0 66
 0 67
 0 68
 0 69
 0 70
 0 71
 0 72
 0 73
 0 74
 0 75
 0 76
 0 77
 0 78
 0 79
 0 80
 0 81
 0 82
 0 83
 0 84
 0 85
 0 86
 1 87
 3 88
 1 89
 5 90
 27 91
 95 92
 129 93
 189 94
 345 95
 461 96
 695 97
 825 98
 1003 99
 1246 100
 1349 101
 1429 102
 1548 103
 1475 104
 1582 105
 1550 106
 1492 107
 1505 108
 1440 109
 1454 110
 1396 111
 1281 112
 1221 113
 1095 114
 1041 115
 985 116
 920 117
 860 118
 758 119
 705 120
 672 121
 629 122
 498 123
 474 124
 486 125
 424 126
 411 127
 354 128
 358 129
 285 130
 239 131
 281 132
 233 133
 222 134
 194 135
 199 136
 171 137
 148 138
 146 139
 131 140
 130 141
 121 142
 115 143
 99 144
 79 145
 79 146
 84 147
 71 148
 81 149
 64 150
 74 151
 58 152
 67 153
 53 154
 59 155
 47 156
 44 157
 45 158
 32 159
 31 160
 32 161
 32 162
 29 163
 29 164
 30 165
 22 166
 19 167
 16 168
 22 169
 21 170
 14 171
 22 172
 19 173
 15 174
 19 175
 9 176
 4 177
 10 178
 13 179
 7 180
 10 181
 6 182
 3 183
 7 184
 9 185
 1 186
 5 187
 6 188
 6 189
 3 190
 3 191
 6 192
 3 193
 4 194
 3 195
 1 196
 4 197
 2 198
 0 199
 0 200
 3 201
 1 202
 1 203
 1 204
 0 205
 0 206
 1 207
 1 208
 0 209
 2 210
 0 211
 1 212
 0 213
 0 214
 0 215
 1 216
 1 217
 1 218
 0 219
 0 220
 1 221
 0 222
 0 223
 0 224
 0 225
 0 226
 0 227
 0 228
 0 229
 0 230
 0 231
 0 232
 0 233
 0 234
 0 235
 1 236
 0 237
 0 238
 0 239
 0 240
 0 241
 0 242
 0 243
 0 244
 0 245
 0 246
 0 247
 0 248
 0 249
 0 250
 0 251
 0 252
 0 253
 0 254
 0 255
 0 256
 0 257
 0 258
 0 259
 0 260
 0 261
 0 262
 0 263
 0 264
 0 265
 0 266
 0 267
 0 268
 0 269
 1 270
 0 271
 0 272
 0 273
 0 274
 0 275
 0 276
 0 277
 1 278
 0 279
 0 280
 0 281
 0 282
 1 283
 0 284
 0 285
 1 286
 1 287
 1 288
 1 289
 0 290
 0 291
 0 292
 0 293
 0 294
 1 295
 0 296
 0 297
 1 298
 2 299
 0 300
 1 301
 1 302
 0 303
 0 304
 3 305
 2 306
 1 307
 3 308
 1 309
 1 310
 1 311
 1 312
 4 313
 2 314
 4 315
 3 316
 5 317
 2 318
 1 319
 1 320
 2 321
 1 322
 3 323
 4 324
 5 325
 2 326
 4 327
 4 328
 2 329
 2 330
 1 331
 2 332
 4 333
 4 334
 1 335
 2 336
 5 337
 3 338
 2 339
 2 340
 1 341
 1 342
 2 343
 3 344
 2 345
 5 346
 2 347
 1 348
 2 349
 1 350
 4 351
 1 352
 4 353
 1 354
 2 355
 3 356
 2 357
 2 358
 0 359
 3 360
 2 361
 2 362
 1 363
 2 364
 0 365
 1 366
 6 367
 0 368
 2 369
 0 370
 1 371
 0 372
 1 373
 2 374
 0 375
 1 376
 0 377
 1 378
 3 379
 1 380
 2 381
 0 382
 0 383
 0 384
 0 385
 0 386
 0 387
 1 388
 0 389
 0 390
 0 391
 0 392
 0 393
 0 394
 0 395
 0 396
 0 397
 1 398
 0 399
 1 400
 0 401
 0 402
 0 403
 1 404
 0 405
 0 406
 0 407
 0 408
 0 409
 0 410
 0 411
 0 412
 0 413
 0 414
 0 415
 0 416
 0 417
 0 418
 0 419
 0 420
 0 421
 0 422
 0 423
 0 424
 0 425
 0 426
 0 427
 0 428
 0 429
 0 430
 0 431
 0 432
 0 433
 0 434
 0 435
 1 436
 0 437
 0 438
 0 439
 0 440
 0 441
 0 442
 0 443
 0 444
 0 445
 0 446
 0 447
 0 448
 0 449
 0 450
 0 451
 0 452
 0 453
 0 454
 0 455
 0 456
 0 457
 0 458
 0 459
 0 460
 0 461
 0 462
 0 463
 0 464
 0 465
 0 466
 0 467
 0 468
 0 469
 0 470
 0 471
 0 472
 0 473
 0 474
 0 475
 0 476
 0 477
 0 478
 0 479
 0 480
 0 481
 0 482
 0 483
 0 484
 0 485
 0 486
 0 487
 0 488
 0 489
 0 490
 0 491
 0 492
 0 493
 0 494
 0 495
 0 496
 0 497
 0 498
 0 499
 0 500
 0 501
 0 502
 0 503
 0 504
 0 505
 0 506
 0 507
 0 508
 0 509
 0 510
 0 511
 0 512
 0 513
 0 514
 0 515
 0 516
 0 517
 0 518
 0 519
 0 520
 0 521
 0 522
 0 523
 0 524
 0 525
 0 526
 0 527
 0 528
 0 529
 0 530
 0 531
 0 532
 0 533
 0 534
 0 535
 0 536
 0 537
 0 538
 0 539
 0 540
 0 541
 0 542
 0 543
 0 544
 0 545
 0 546
 0 547
 0 548
 0 549
 0 550
 0 551
 0 552
 0 553
 0 554
 0 555
 0 556
 0 557
 0 558
 0 559
 0 560
 0 561
 0 562
 0 563
 0 564
 0 565
 0 566
 0 567
 0 568
 0 569
 0 570
 0 571
 0 572
 0 573
 0 574
 0 575
 0 576
 0 577
 0 578
 0 579
 0 580
 0 581
 0 582
 0 583
 0 584
 0 585
 0 586
 0 587
 0 588
 0 589
 0 590
 0 591
 0 592
 0 593
 0 594
 0 595
 0 596
 0 597
 0 598
 0 599
 0 600


