# Created by Octave 3.8.2, Sat Jun 20 10:00:25 2020 CEST <damian@fptrucha.inv.usc.es>
# name: hd
# type: matrix
# rows: 551
# columns: 2
 0 50
 0 51
 0 52
 0 53
 0 54
 0 55
 0 56
 0 57
 0 58
 0 59
 0 60
 0 61
 0 62
 0 63
 0 64
 0 65
 0 66
 0 67
 0 68
 0 69
 0 70
 0 71
 0 72
 0 73
 0 74
 0 75
 0 76
 0 77
 0 78
 0 79
 0 80
 0 81
 0 82
 0 83
 0 84
 0 85
 0 86
 0 87
 1 88
 1 89
 4 90
 25 91
 96 92
 124 93
 203 94
 340 95
 517 96
 722 97
 926 98
 1117 99
 1283 100
 1453 101
 1449 102
 1572 103
 1621 104
 1626 105
 1655 106
 1629 107
 1504 108
 1470 109
 1562 110
 1331 111
 1357 112
 1235 113
 1197 114
 1099 115
 1026 116
 929 117
 856 118
 796 119
 733 120
 695 121
 615 122
 553 123
 533 124
 488 125
 428 126
 391 127
 370 128
 361 129
 284 130
 285 131
 255 132
 220 133
 242 134
 170 135
 178 136
 180 137
 154 138
 139 139
 124 140
 102 141
 130 142
 114 143
 94 144
 86 145
 87 146
 78 147
 76 148
 62 149
 71 150
 73 151
 54 152
 44 153
 38 154
 50 155
 48 156
 42 157
 42 158
 36 159
 35 160
 34 161
 31 162
 39 163
 19 164
 31 165
 26 166
 17 167
 22 168
 12 169
 16 170
 12 171
 12 172
 14 173
 17 174
 17 175
 12 176
 11 177
 9 178
 9 179
 7 180
 3 181
 4 182
 9 183
 4 184
 8 185
 9 186
 7 187
 5 188
 4 189
 1 190
 5 191
 6 192
 0 193
 1 194
 0 195
 5 196
 2 197
 3 198
 1 199
 3 200
 1 201
 2 202
 1 203
 2 204
 0 205
 1 206
 0 207
 1 208
 0 209
 0 210
 1 211
 1 212
 0 213
 0 214
 1 215
 0 216
 0 217
 0 218
 0 219
 0 220
 0 221
 0 222
 0 223
 0 224
 0 225
 0 226
 0 227
 0 228
 0 229
 0 230
 1 231
 0 232
 0 233
 0 234
 0 235
 0 236
 0 237
 0 238
 0 239
 0 240
 0 241
 0 242
 0 243
 0 244
 0 245
 0 246
 0 247
 0 248
 0 249
 0 250
 0 251
 0 252
 0 253
 0 254
 0 255
 0 256
 0 257
 0 258
 0 259
 0 260
 0 261
 0 262
 0 263
 0 264
 0 265
 0 266
 0 267
 0 268
 0 269
 0 270
 0 271
 1 272
 0 273
 0 274
 0 275
 0 276
 1 277
 1 278
 0 279
 0 280
 0 281
 1 282
 0 283
 0 284
 2 285
 0 286
 0 287
 0 288
 0 289
 1 290
 0 291
 0 292
 0 293
 1 294
 0 295
 0 296
 0 297
 0 298
 1 299
 0 300
 0 301
 1 302
 0 303
 1 304
 0 305
 3 306
 3 307
 0 308
 1 309
 3 310
 1 311
 3 312
 3 313
 2 314
 4 315
 1 316
 3 317
 2 318
 1 319
 1 320
 5 321
 3 322
 3 323
 0 324
 3 325
 1 326
 3 327
 1 328
 4 329
 1 330
 3 331
 4 332
 2 333
 1 334
 2 335
 0 336
 1 337
 2 338
 0 339
 1 340
 2 341
 1 342
 3 343
 2 344
 1 345
 6 346
 3 347
 1 348
 0 349
 2 350
 1 351
 2 352
 2 353
 1 354
 1 355
 4 356
 1 357
 1 358
 2 359
 2 360
 1 361
 1 362
 0 363
 0 364
 0 365
 1 366
 0 367
 1 368
 0 369
 1 370
 1 371
 0 372
 0 373
 2 374
 1 375
 0 376
 1 377
 0 378
 2 379
 0 380
 1 381
 0 382
 0 383
 0 384
 1 385
 1 386
 0 387
 0 388
 0 389
 0 390
 0 391
 0 392
 0 393
 0 394
 1 395
 0 396
 1 397
 0 398
 0 399
 1 400
 0 401
 0 402
 0 403
 0 404
 0 405
 0 406
 0 407
 0 408
 0 409
 0 410
 0 411
 0 412
 0 413
 0 414
 0 415
 0 416
 0 417
 0 418
 0 419
 0 420
 0 421
 0 422
 0 423
 0 424
 0 425
 0 426
 0 427
 0 428
 0 429
 0 430
 0 431
 1 432
 0 433
 0 434
 0 435
 0 436
 0 437
 0 438
 0 439
 0 440
 0 441
 0 442
 0 443
 0 444
 0 445
 0 446
 0 447
 0 448
 0 449
 0 450
 0 451
 0 452
 0 453
 0 454
 0 455
 0 456
 0 457
 0 458
 0 459
 0 460
 0 461
 0 462
 0 463
 0 464
 0 465
 0 466
 0 467
 0 468
 0 469
 0 470
 0 471
 0 472
 0 473
 0 474
 0 475
 0 476
 0 477
 0 478
 0 479
 0 480
 0 481
 0 482
 0 483
 0 484
 0 485
 0 486
 0 487
 0 488
 0 489
 0 490
 0 491
 0 492
 0 493
 0 494
 0 495
 0 496
 0 497
 0 498
 0 499
 0 500
 0 501
 0 502
 0 503
 0 504
 0 505
 0 506
 0 507
 0 508
 0 509
 0 510
 0 511
 0 512
 0 513
 0 514
 0 515
 0 516
 0 517
 0 518
 0 519
 0 520
 0 521
 0 522
 0 523
 0 524
 0 525
 0 526
 0 527
 0 528
 0 529
 0 530
 0 531
 0 532
 0 533
 0 534
 0 535
 0 536
 0 537
 0 538
 0 539
 0 540
 0 541
 0 542
 0 543
 0 544
 0 545
 0 546
 0 547
 0 548
 0 549
 0 550
 0 551
 0 552
 0 553
 0 554
 0 555
 0 556
 0 557
 0 558
 0 559
 0 560
 0 561
 0 562
 0 563
 0 564
 0 565
 0 566
 0 567
 0 568
 0 569
 0 570
 0 571
 0 572
 0 573
 0 574
 0 575
 0 576
 0 577
 0 578
 0 579
 0 580
 0 581
 0 582
 0 583
 0 584
 0 585
 0 586
 0 587
 0 588
 0 589
 0 590
 0 591
 0 592
 0 593
 0 594
 0 595
 0 596
 0 597
 0 598
 0 599
 0 600


