# Created by Octave 3.8.2, Mon Jun 22 11:27:55 2020 CEST <damian@fptrucha.inv.usc.es>
# name: hd
# type: matrix
# rows: 551
# columns: 2
 0 50
 0 51
 0 52
 0 53
 0 54
 0 55
 0 56
 0 57
 0 58
 0 59
 0 60
 0 61
 0 62
 0 63
 0 64
 0 65
 0 66
 0 67
 0 68
 0 69
 0 70
 0 71
 0 72
 0 73
 0 74
 0 75
 0 76
 0 77
 0 78
 0 79
 0 80
 0 81
 0 82
 0 83
 0 84
 0 85
 0 86
 0 87
 0 88
 2 89
 3 90
 14 91
 81 92
 124 93
 184 94
 251 95
 434 96
 632 97
 857 98
 998 99
 1165 100
 1372 101
 1409 102
 1437 103
 1508 104
 1502 105
 1505 106
 1510 107
 1386 108
 1275 109
 1356 110
 1195 111
 1148 112
 1055 113
 967 114
 902 115
 815 116
 765 117
 627 118
 625 119
 602 120
 514 121
 463 122
 446 123
 413 124
 354 125
 344 126
 279 127
 279 128
 285 129
 238 130
 227 131
 189 132
 183 133
 151 134
 160 135
 137 136
 152 137
 132 138
 110 139
 131 140
 116 141
 96 142
 93 143
 100 144
 92 145
 63 146
 63 147
 49 148
 59 149
 61 150
 57 151
 70 152
 47 153
 39 154
 68 155
 48 156
 45 157
 44 158
 21 159
 48 160
 39 161
 30 162
 26 163
 21 164
 30 165
 20 166
 24 167
 35 168
 22 169
 19 170
 20 171
 17 172
 13 173
 17 174
 11 175
 10 176
 14 177
 12 178
 6 179
 9 180
 7 181
 8 182
 4 183
 7 184
 11 185
 7 186
 7 187
 8 188
 2 189
 3 190
 5 191
 2 192
 5 193
 3 194
 4 195
 2 196
 3 197
 4 198
 3 199
 4 200
 4 201
 3 202
 4 203
 2 204
 2 205
 1 206
 3 207
 3 208
 0 209
 3 210
 0 211
 1 212
 0 213
 0 214
 0 215
 0 216
 1 217
 0 218
 0 219
 0 220
 2 221
 1 222
 0 223
 1 224
 1 225
 0 226
 1 227
 0 228
 1 229
 0 230
 0 231
 1 232
 0 233
 0 234
 0 235
 0 236
 0 237
 1 238
 0 239
 0 240
 0 241
 0 242
 0 243
 0 244
 1 245
 0 246
 0 247
 0 248
 0 249
 0 250
 0 251
 0 252
 0 253
 0 254
 1 255
 0 256
 0 257
 0 258
 0 259
 0 260
 0 261
 0 262
 0 263
 0 264
 0 265
 0 266
 0 267
 0 268
 0 269
 0 270
 0 271
 0 272
 0 273
 0 274
 1 275
 0 276
 0 277
 0 278
 1 279
 1 280
 1 281
 0 282
 0 283
 0 284
 1 285
 2 286
 0 287
 1 288
 0 289
 0 290
 2 291
 0 292
 0 293
 1 294
 0 295
 0 296
 1 297
 3 298
 1 299
 3 300
 1 301
 3 302
 2 303
 2 304
 0 305
 1 306
 5 307
 2 308
 2 309
 3 310
 3 311
 4 312
 1 313
 0 314
 3 315
 4 316
 2 317
 2 318
 5 319
 5 320
 2 321
 0 322
 3 323
 5 324
 3 325
 2 326
 9 327
 0 328
 2 329
 3 330
 7 331
 2 332
 1 333
 2 334
 4 335
 4 336
 1 337
 0 338
 2 339
 2 340
 0 341
 2 342
 1 343
 3 344
 4 345
 0 346
 1 347
 2 348
 1 349
 1 350
 0 351
 6 352
 5 353
 2 354
 2 355
 5 356
 0 357
 1 358
 4 359
 2 360
 1 361
 1 362
 1 363
 0 364
 3 365
 0 366
 0 367
 0 368
 0 369
 2 370
 0 371
 0 372
 0 373
 0 374
 0 375
 1 376
 0 377
 0 378
 0 379
 1 380
 1 381
 0 382
 2 383
 2 384
 0 385
 1 386
 1 387
 1 388
 0 389
 1 390
 0 391
 1 392
 0 393
 0 394
 0 395
 1 396
 0 397
 1 398
 1 399
 1 400
 0 401
 0 402
 0 403
 0 404
 1 405
 0 406
 0 407
 0 408
 1 409
 0 410
 0 411
 1 412
 0 413
 0 414
 0 415
 0 416
 0 417
 0 418
 0 419
 0 420
 0 421
 0 422
 0 423
 0 424
 0 425
 0 426
 0 427
 0 428
 0 429
 0 430
 0 431
 0 432
 0 433
 0 434
 0 435
 0 436
 0 437
 0 438
 0 439
 0 440
 0 441
 0 442
 0 443
 0 444
 0 445
 0 446
 0 447
 0 448
 0 449
 0 450
 0 451
 0 452
 0 453
 0 454
 0 455
 0 456
 0 457
 0 458
 0 459
 0 460
 0 461
 0 462
 0 463
 0 464
 0 465
 0 466
 0 467
 0 468
 0 469
 0 470
 0 471
 0 472
 0 473
 0 474
 0 475
 0 476
 0 477
 0 478
 0 479
 0 480
 0 481
 0 482
 0 483
 0 484
 0 485
 0 486
 0 487
 0 488
 0 489
 0 490
 0 491
 0 492
 0 493
 0 494
 0 495
 0 496
 0 497
 0 498
 0 499
 0 500
 0 501
 0 502
 0 503
 0 504
 0 505
 0 506
 0 507
 0 508
 0 509
 0 510
 0 511
 0 512
 0 513
 0 514
 0 515
 0 516
 0 517
 0 518
 0 519
 0 520
 0 521
 0 522
 0 523
 0 524
 0 525
 0 526
 0 527
 0 528
 0 529
 0 530
 0 531
 0 532
 0 533
 0 534
 0 535
 0 536
 0 537
 0 538
 0 539
 0 540
 0 541
 0 542
 0 543
 0 544
 0 545
 0 546
 0 547
 0 548
 0 549
 0 550
 0 551
 0 552
 0 553
 0 554
 0 555
 0 556
 0 557
 0 558
 0 559
 0 560
 0 561
 0 562
 0 563
 0 564
 0 565
 0 566
 0 567
 0 568
 0 569
 0 570
 0 571
 0 572
 0 573
 0 574
 0 575
 0 576
 0 577
 0 578
 0 579
 0 580
 0 581
 0 582
 0 583
 0 584
 0 585
 0 586
 0 587
 0 588
 0 589
 0 590
 0 591
 0 592
 0 593
 0 594
 0 595
 0 596
 0 597
 0 598
 0 599
 0 600


