# Created by Octave 3.8.2, Sat Jun 20 15:35:38 2020 CEST <damian@fptrucha.inv.usc.es>
# name: hd
# type: matrix
# rows: 551
# columns: 2
 0 50
 0 51
 0 52
 0 53
 0 54
 0 55
 0 56
 0 57
 0 58
 0 59
 0 60
 0 61
 0 62
 0 63
 0 64
 0 65
 0 66
 0 67
 0 68
 0 69
 0 70
 0 71
 0 72
 0 73
 0 74
 0 75
 0 76
 0 77
 0 78
 0 79
 0 80
 0 81
 0 82
 0 83
 0 84
 0 85
 0 86
 0 87
 3 88
 2 89
 5 90
 25 91
 82 92
 128 93
 158 94
 267 95
 448 96
 589 97
 749 98
 883 99
 1052 100
 1104 101
 1250 102
 1236 103
 1247 104
 1298 105
 1371 106
 1431 107
 1320 108
 1339 109
 1233 110
 1237 111
 1177 112
 1116 113
 1036 114
 1003 115
 903 116
 930 117
 847 118
 769 119
 705 120
 645 121
 626 122
 569 123
 512 124
 487 125
 440 126
 372 127
 374 128
 358 129
 311 130
 285 131
 291 132
 236 133
 233 134
 225 135
 206 136
 180 137
 160 138
 144 139
 142 140
 137 141
 109 142
 104 143
 90 144
 101 145
 90 146
 90 147
 75 148
 70 149
 57 150
 59 151
 65 152
 61 153
 54 154
 50 155
 53 156
 51 157
 43 158
 40 159
 45 160
 41 161
 35 162
 38 163
 35 164
 35 165
 25 166
 22 167
 14 168
 26 169
 15 170
 15 171
 14 172
 17 173
 17 174
 16 175
 9 176
 16 177
 5 178
 10 179
 13 180
 5 181
 13 182
 7 183
 3 184
 8 185
 10 186
 7 187
 6 188
 8 189
 5 190
 4 191
 3 192
 3 193
 5 194
 3 195
 3 196
 4 197
 4 198
 3 199
 1 200
 3 201
 1 202
 3 203
 2 204
 3 205
 1 206
 0 207
 0 208
 0 209
 0 210
 0 211
 0 212
 0 213
 0 214
 0 215
 0 216
 0 217
 0 218
 1 219
 0 220
 1 221
 0 222
 0 223
 0 224
 0 225
 0 226
 0 227
 0 228
 0 229
 1 230
 0 231
 1 232
 0 233
 0 234
 0 235
 0 236
 0 237
 0 238
 0 239
 0 240
 0 241
 0 242
 0 243
 1 244
 0 245
 0 246
 0 247
 0 248
 0 249
 0 250
 0 251
 0 252
 0 253
 0 254
 0 255
 0 256
 0 257
 0 258
 0 259
 0 260
 0 261
 0 262
 0 263
 0 264
 0 265
 0 266
 0 267
 0 268
 0 269
 0 270
 0 271
 0 272
 0 273
 0 274
 0 275
 1 276
 0 277
 0 278
 0 279
 0 280
 0 281
 0 282
 0 283
 0 284
 1 285
 0 286
 0 287
 3 288
 0 289
 1 290
 1 291
 0 292
 1 293
 0 294
 1 295
 1 296
 2 297
 2 298
 1 299
 2 300
 1 301
 1 302
 0 303
 4 304
 3 305
 4 306
 5 307
 2 308
 1 309
 3 310
 0 311
 1 312
 5 313
 3 314
 1 315
 3 316
 1 317
 3 318
 2 319
 4 320
 3 321
 1 322
 1 323
 3 324
 3 325
 1 326
 4 327
 4 328
 1 329
 5 330
 2 331
 4 332
 2 333
 4 334
 4 335
 3 336
 3 337
 4 338
 7 339
 5 340
 2 341
 1 342
 6 343
 4 344
 3 345
 6 346
 1 347
 5 348
 4 349
 5 350
 3 351
 3 352
 1 353
 3 354
 3 355
 3 356
 2 357
 1 358
 2 359
 3 360
 0 361
 1 362
 1 363
 3 364
 2 365
 0 366
 0 367
 0 368
 1 369
 2 370
 0 371
 1 372
 0 373
 2 374
 0 375
 0 376
 0 377
 0 378
 0 379
 0 380
 2 381
 0 382
 2 383
 1 384
 0 385
 0 386
 1 387
 1 388
 1 389
 0 390
 0 391
 0 392
 0 393
 0 394
 1 395
 1 396
 0 397
 0 398
 0 399
 0 400
 0 401
 0 402
 0 403
 0 404
 2 405
 0 406
 0 407
 0 408
 0 409
 0 410
 0 411
 0 412
 1 413
 1 414
 0 415
 0 416
 0 417
 0 418
 0 419
 0 420
 0 421
 0 422
 0 423
 0 424
 0 425
 0 426
 0 427
 0 428
 0 429
 0 430
 0 431
 0 432
 0 433
 0 434
 0 435
 0 436
 0 437
 0 438
 0 439
 0 440
 0 441
 0 442
 0 443
 0 444
 0 445
 0 446
 0 447
 0 448
 0 449
 0 450
 0 451
 0 452
 0 453
 0 454
 0 455
 0 456
 0 457
 0 458
 0 459
 0 460
 0 461
 0 462
 0 463
 0 464
 0 465
 0 466
 0 467
 0 468
 0 469
 0 470
 0 471
 0 472
 0 473
 0 474
 0 475
 0 476
 0 477
 0 478
 0 479
 0 480
 0 481
 0 482
 0 483
 0 484
 0 485
 0 486
 0 487
 0 488
 0 489
 0 490
 0 491
 0 492
 0 493
 0 494
 0 495
 0 496
 0 497
 0 498
 0 499
 0 500
 0 501
 0 502
 0 503
 0 504
 0 505
 0 506
 0 507
 0 508
 0 509
 0 510
 0 511
 0 512
 0 513
 0 514
 0 515
 0 516
 0 517
 0 518
 0 519
 0 520
 0 521
 0 522
 0 523
 0 524
 0 525
 0 526
 0 527
 0 528
 0 529
 0 530
 0 531
 0 532
 0 533
 0 534
 0 535
 0 536
 0 537
 0 538
 0 539
 0 540
 0 541
 0 542
 0 543
 0 544
 0 545
 0 546
 0 547
 0 548
 0 549
 0 550
 0 551
 0 552
 0 553
 0 554
 0 555
 0 556
 0 557
 0 558
 0 559
 0 560
 0 561
 0 562
 0 563
 0 564
 0 565
 0 566
 0 567
 0 568
 0 569
 0 570
 0 571
 0 572
 0 573
 0 574
 0 575
 0 576
 0 577
 0 578
 0 579
 0 580
 0 581
 0 582
 0 583
 0 584
 0 585
 0 586
 0 587
 0 588
 0 589
 0 590
 0 591
 0 592
 0 593
 0 594
 0 595
 0 596
 0 597
 0 598
 0 599
 0 600


