# Created by Octave 3.8.2, Mon Jun 22 01:17:02 2020 CEST <damian@fptrucha.inv.usc.es>
# name: hd
# type: matrix
# rows: 551
# columns: 2
 0 50
 0 51
 0 52
 0 53
 0 54
 0 55
 0 56
 0 57
 0 58
 0 59
 0 60
 0 61
 0 62
 0 63
 0 64
 0 65
 0 66
 0 67
 0 68
 0 69
 0 70
 0 71
 0 72
 0 73
 0 74
 0 75
 0 76
 0 77
 0 78
 0 79
 0 80
 0 81
 0 82
 0 83
 0 84
 0 85
 0 86
 0 87
 3 88
 1 89
 2 90
 36 91
 78 92
 121 93
 168 94
 278 95
 414 96
 543 97
 716 98
 791 99
 940 100
 1023 101
 1066 102
 1151 103
 1195 104
 1231 105
 1291 106
 1280 107
 1266 108
 1235 109
 1263 110
 1159 111
 1115 112
 1096 113
 1022 114
 971 115
 955 116
 877 117
 841 118
 730 119
 696 120
 684 121
 642 122
 613 123
 576 124
 523 125
 460 126
 432 127
 396 128
 337 129
 306 130
 285 131
 240 132
 249 133
 223 134
 217 135
 175 136
 165 137
 162 138
 172 139
 173 140
 124 141
 120 142
 106 143
 108 144
 111 145
 91 146
 75 147
 81 148
 72 149
 76 150
 80 151
 49 152
 66 153
 67 154
 59 155
 52 156
 45 157
 47 158
 31 159
 38 160
 25 161
 35 162
 39 163
 32 164
 29 165
 27 166
 21 167
 12 168
 29 169
 18 170
 17 171
 17 172
 12 173
 10 174
 11 175
 10 176
 8 177
 14 178
 10 179
 8 180
 10 181
 13 182
 13 183
 9 184
 5 185
 9 186
 5 187
 2 188
 6 189
 6 190
 3 191
 4 192
 5 193
 3 194
 2 195
 0 196
 5 197
 4 198
 3 199
 2 200
 2 201
 4 202
 4 203
 1 204
 3 205
 2 206
 2 207
 1 208
 0 209
 0 210
 1 211
 0 212
 0 213
 0 214
 1 215
 2 216
 1 217
 0 218
 0 219
 0 220
 0 221
 0 222
 0 223
 0 224
 0 225
 0 226
 1 227
 0 228
 0 229
 0 230
 0 231
 0 232
 1 233
 0 234
 0 235
 2 236
 0 237
 0 238
 0 239
 0 240
 0 241
 0 242
 0 243
 0 244
 0 245
 0 246
 0 247
 1 248
 0 249
 0 250
 0 251
 0 252
 0 253
 0 254
 0 255
 0 256
 0 257
 0 258
 0 259
 0 260
 0 261
 0 262
 0 263
 0 264
 0 265
 0 266
 0 267
 0 268
 0 269
 0 270
 0 271
 0 272
 0 273
 0 274
 0 275
 1 276
 0 277
 1 278
 0 279
 1 280
 0 281
 0 282
 0 283
 2 284
 0 285
 1 286
 1 287
 1 288
 0 289
 0 290
 2 291
 0 292
 0 293
 0 294
 0 295
 0 296
 2 297
 1 298
 1 299
 1 300
 1 301
 1 302
 3 303
 2 304
 1 305
 1 306
 1 307
 2 308
 3 309
 0 310
 1 311
 1 312
 2 313
 1 314
 2 315
 0 316
 6 317
 2 318
 3 319
 1 320
 1 321
 1 322
 7 323
 6 324
 1 325
 2 326
 2 327
 3 328
 0 329
 3 330
 6 331
 2 332
 0 333
 3 334
 1 335
 3 336
 1 337
 1 338
 4 339
 1 340
 2 341
 2 342
 2 343
 6 344
 2 345
 1 346
 3 347
 3 348
 0 349
 1 350
 6 351
 4 352
 3 353
 1 354
 5 355
 2 356
 1 357
 2 358
 2 359
 2 360
 0 361
 1 362
 2 363
 2 364
 2 365
 4 366
 0 367
 0 368
 0 369
 1 370
 1 371
 1 372
 1 373
 0 374
 3 375
 0 376
 0 377
 2 378
 1 379
 1 380
 2 381
 0 382
 0 383
 1 384
 0 385
 1 386
 1 387
 0 388
 0 389
 1 390
 0 391
 0 392
 2 393
 0 394
 1 395
 0 396
 0 397
 1 398
 0 399
 0 400
 0 401
 0 402
 0 403
 0 404
 0 405
 0 406
 1 407
 0 408
 1 409
 0 410
 0 411
 0 412
 0 413
 0 414
 0 415
 0 416
 0 417
 0 418
 0 419
 0 420
 0 421
 0 422
 0 423
 0 424
 0 425
 0 426
 0 427
 0 428
 0 429
 0 430
 0 431
 0 432
 0 433
 0 434
 0 435
 0 436
 0 437
 0 438
 0 439
 0 440
 0 441
 0 442
 0 443
 0 444
 0 445
 0 446
 0 447
 0 448
 0 449
 0 450
 0 451
 0 452
 0 453
 0 454
 0 455
 0 456
 0 457
 0 458
 0 459
 0 460
 0 461
 0 462
 0 463
 0 464
 0 465
 0 466
 0 467
 0 468
 0 469
 0 470
 0 471
 0 472
 0 473
 0 474
 0 475
 0 476
 0 477
 0 478
 0 479
 0 480
 0 481
 0 482
 0 483
 0 484
 0 485
 0 486
 0 487
 0 488
 0 489
 0 490
 0 491
 0 492
 0 493
 0 494
 0 495
 0 496
 0 497
 0 498
 0 499
 0 500
 0 501
 0 502
 0 503
 0 504
 0 505
 0 506
 0 507
 0 508
 0 509
 0 510
 0 511
 0 512
 0 513
 0 514
 0 515
 0 516
 0 517
 0 518
 0 519
 0 520
 0 521
 0 522
 0 523
 0 524
 0 525
 0 526
 0 527
 0 528
 0 529
 0 530
 0 531
 0 532
 0 533
 0 534
 0 535
 0 536
 0 537
 0 538
 0 539
 0 540
 0 541
 0 542
 0 543
 0 544
 0 545
 0 546
 0 547
 0 548
 0 549
 0 550
 0 551
 0 552
 0 553
 0 554
 0 555
 0 556
 0 557
 0 558
 0 559
 0 560
 0 561
 0 562
 0 563
 0 564
 0 565
 0 566
 0 567
 0 568
 0 569
 0 570
 0 571
 0 572
 0 573
 0 574
 0 575
 0 576
 0 577
 0 578
 0 579
 0 580
 0 581
 0 582
 0 583
 0 584
 0 585
 0 586
 0 587
 0 588
 0 589
 0 590
 0 591
 0 592
 0 593
 0 594
 0 595
 0 596
 0 597
 0 598
 0 599
 0 600


