# Created by Octave 3.8.2, Sun Jun 21 05:53:25 2020 CEST <damian@fptrucha.inv.usc.es>
# name: hd
# type: matrix
# rows: 551
# columns: 2
 0 50
 0 51
 0 52
 0 53
 0 54
 0 55
 0 56
 0 57
 0 58
 0 59
 0 60
 0 61
 0 62
 0 63
 0 64
 0 65
 0 66
 0 67
 0 68
 0 69
 0 70
 0 71
 0 72
 0 73
 0 74
 0 75
 0 76
 0 77
 0 78
 0 79
 0 80
 0 81
 0 82
 0 83
 0 84
 0 85
 0 86
 0 87
 0 88
 3 89
 4 90
 22 91
 76 92
 103 93
 141 94
 256 95
 365 96
 534 97
 690 98
 801 99
 912 100
 1063 101
 1140 102
 1154 103
 1219 104
 1262 105
 1203 106
 1351 107
 1250 108
 1177 109
 1208 110
 1206 111
 1092 112
 1098 113
 1015 114
 980 115
 889 116
 851 117
 851 118
 735 119
 734 120
 669 121
 604 122
 578 123
 549 124
 478 125
 428 126
 421 127
 394 128
 329 129
 313 130
 294 131
 258 132
 246 133
 220 134
 238 135
 187 136
 164 137
 183 138
 171 139
 130 140
 130 141
 130 142
 129 143
 95 144
 113 145
 81 146
 84 147
 72 148
 87 149
 67 150
 81 151
 73 152
 62 153
 61 154
 55 155
 53 156
 45 157
 37 158
 49 159
 36 160
 42 161
 35 162
 36 163
 28 164
 32 165
 30 166
 26 167
 18 168
 20 169
 21 170
 18 171
 10 172
 22 173
 17 174
 21 175
 14 176
 9 177
 9 178
 11 179
 5 180
 8 181
 9 182
 12 183
 4 184
 5 185
 3 186
 3 187
 7 188
 4 189
 6 190
 7 191
 6 192
 2 193
 0 194
 4 195
 4 196
 1 197
 2 198
 1 199
 5 200
 1 201
 2 202
 2 203
 1 204
 5 205
 0 206
 2 207
 2 208
 0 209
 1 210
 1 211
 1 212
 3 213
 0 214
 0 215
 0 216
 2 217
 0 218
 1 219
 0 220
 1 221
 1 222
 0 223
 0 224
 0 225
 0 226
 2 227
 0 228
 0 229
 0 230
 0 231
 0 232
 1 233
 0 234
 1 235
 0 236
 0 237
 0 238
 0 239
 0 240
 0 241
 0 242
 0 243
 0 244
 0 245
 0 246
 0 247
 0 248
 0 249
 1 250
 0 251
 0 252
 0 253
 0 254
 0 255
 0 256
 1 257
 0 258
 0 259
 0 260
 0 261
 0 262
 0 263
 0 264
 0 265
 0 266
 0 267
 0 268
 0 269
 0 270
 0 271
 0 272
 0 273
 0 274
 1 275
 0 276
 1 277
 1 278
 0 279
 0 280
 0 281
 0 282
 0 283
 1 284
 1 285
 1 286
 0 287
 1 288
 1 289
 2 290
 0 291
 0 292
 0 293
 0 294
 0 295
 0 296
 0 297
 2 298
 2 299
 1 300
 0 301
 1 302
 2 303
 1 304
 0 305
 2 306
 0 307
 0 308
 2 309
 0 310
 0 311
 4 312
 4 313
 1 314
 1 315
 3 316
 1 317
 0 318
 3 319
 2 320
 3 321
 3 322
 3 323
 1 324
 5 325
 2 326
 3 327
 2 328
 4 329
 1 330
 4 331
 2 332
 4 333
 2 334
 1 335
 3 336
 4 337
 1 338
 4 339
 3 340
 0 341
 2 342
 4 343
 1 344
 2 345
 1 346
 0 347
 1 348
 3 349
 4 350
 2 351
 1 352
 3 353
 1 354
 1 355
 1 356
 3 357
 1 358
 0 359
 2 360
 2 361
 2 362
 2 363
 0 364
 1 365
 0 366
 2 367
 0 368
 1 369
 2 370
 1 371
 0 372
 1 373
 1 374
 0 375
 2 376
 2 377
 0 378
 1 379
 0 380
 2 381
 0 382
 0 383
 0 384
 0 385
 0 386
 0 387
 1 388
 1 389
 1 390
 0 391
 0 392
 2 393
 0 394
 0 395
 0 396
 0 397
 0 398
 1 399
 0 400
 1 401
 0 402
 0 403
 0 404
 0 405
 0 406
 0 407
 0 408
 0 409
 0 410
 0 411
 0 412
 0 413
 0 414
 0 415
 0 416
 0 417
 0 418
 0 419
 0 420
 0 421
 0 422
 0 423
 0 424
 0 425
 1 426
 0 427
 0 428
 0 429
 0 430
 0 431
 0 432
 0 433
 0 434
 0 435
 0 436
 0 437
 0 438
 0 439
 0 440
 0 441
 0 442
 0 443
 0 444
 0 445
 0 446
 0 447
 0 448
 0 449
 0 450
 0 451
 0 452
 0 453
 0 454
 0 455
 0 456
 0 457
 0 458
 0 459
 0 460
 0 461
 0 462
 0 463
 0 464
 0 465
 0 466
 0 467
 0 468
 0 469
 0 470
 0 471
 0 472
 0 473
 0 474
 0 475
 0 476
 0 477
 0 478
 0 479
 0 480
 0 481
 0 482
 0 483
 0 484
 0 485
 0 486
 0 487
 0 488
 0 489
 0 490
 0 491
 0 492
 0 493
 0 494
 0 495
 0 496
 0 497
 0 498
 0 499
 0 500
 0 501
 0 502
 0 503
 0 504
 0 505
 0 506
 0 507
 0 508
 0 509
 0 510
 0 511
 0 512
 0 513
 0 514
 0 515
 0 516
 0 517
 0 518
 0 519
 0 520
 0 521
 0 522
 0 523
 0 524
 0 525
 0 526
 0 527
 0 528
 0 529
 0 530
 0 531
 0 532
 0 533
 0 534
 0 535
 0 536
 0 537
 0 538
 0 539
 0 540
 0 541
 0 542
 0 543
 0 544
 0 545
 0 546
 0 547
 0 548
 0 549
 0 550
 0 551
 0 552
 0 553
 0 554
 0 555
 0 556
 0 557
 0 558
 0 559
 0 560
 0 561
 0 562
 0 563
 0 564
 0 565
 0 566
 0 567
 0 568
 0 569
 0 570
 0 571
 0 572
 0 573
 0 574
 0 575
 0 576
 0 577
 0 578
 0 579
 0 580
 0 581
 0 582
 0 583
 0 584
 0 585
 0 586
 0 587
 0 588
 0 589
 0 590
 0 591
 0 592
 0 593
 0 594
 0 595
 0 596
 0 597
 0 598
 0 599
 0 600


