# Created by Octave 3.8.2, Sat Jun 20 17:08:54 2020 CEST <damian@fptrucha.inv.usc.es>
# name: hd
# type: matrix
# rows: 551
# columns: 2
 0 50
 0 51
 0 52
 0 53
 0 54
 0 55
 0 56
 0 57
 0 58
 0 59
 0 60
 0 61
 0 62
 0 63
 0 64
 0 65
 0 66
 0 67
 0 68
 0 69
 0 70
 0 71
 0 72
 0 73
 0 74
 0 75
 0 76
 0 77
 0 78
 0 79
 0 80
 0 81
 0 82
 0 83
 0 84
 0 85
 0 86
 0 87
 3 88
 5 89
 6 90
 28 91
 93 92
 122 93
 177 94
 278 95
 374 96
 605 97
 728 98
 881 99
 1001 100
 1026 101
 1169 102
 1203 103
 1263 104
 1288 105
 1364 106
 1334 107
 1282 108
 1312 109
 1255 110
 1173 111
 1198 112
 1149 113
 1072 114
 1036 115
 928 116
 882 117
 846 118
 765 119
 715 120
 657 121
 635 122
 574 123
 541 124
 507 125
 454 126
 418 127
 388 128
 346 129
 318 130
 311 131
 236 132
 282 133
 233 134
 210 135
 168 136
 185 137
 181 138
 160 139
 164 140
 124 141
 125 142
 127 143
 93 144
 108 145
 89 146
 83 147
 79 148
 87 149
 63 150
 79 151
 64 152
 60 153
 54 154
 66 155
 46 156
 55 157
 56 158
 52 159
 45 160
 32 161
 39 162
 36 163
 20 164
 33 165
 30 166
 35 167
 20 168
 23 169
 21 170
 13 171
 14 172
 18 173
 16 174
 13 175
 21 176
 18 177
 13 178
 9 179
 15 180
 9 181
 7 182
 9 183
 10 184
 10 185
 7 186
 7 187
 8 188
 4 189
 4 190
 5 191
 6 192
 2 193
 1 194
 8 195
 2 196
 4 197
 0 198
 0 199
 4 200
 5 201
 2 202
 2 203
 1 204
 1 205
 0 206
 0 207
 2 208
 0 209
 1 210
 0 211
 2 212
 1 213
 0 214
 0 215
 1 216
 0 217
 1 218
 0 219
 0 220
 1 221
 1 222
 0 223
 0 224
 0 225
 0 226
 1 227
 0 228
 1 229
 0 230
 0 231
 0 232
 1 233
 0 234
 0 235
 0 236
 0 237
 0 238
 1 239
 0 240
 0 241
 1 242
 0 243
 0 244
 0 245
 0 246
 0 247
 0 248
 0 249
 0 250
 0 251
 0 252
 0 253
 0 254
 0 255
 0 256
 0 257
 0 258
 0 259
 0 260
 0 261
 0 262
 0 263
 0 264
 0 265
 0 266
 0 267
 0 268
 0 269
 0 270
 0 271
 0 272
 0 273
 0 274
 0 275
 0 276
 0 277
 1 278
 0 279
 3 280
 0 281
 0 282
 0 283
 0 284
 0 285
 2 286
 2 287
 0 288
 0 289
 1 290
 0 291
 1 292
 0 293
 4 294
 3 295
 1 296
 1 297
 1 298
 1 299
 0 300
 1 301
 2 302
 1 303
 1 304
 1 305
 5 306
 0 307
 1 308
 2 309
 2 310
 2 311
 4 312
 1 313
 2 314
 0 315
 3 316
 3 317
 2 318
 2 319
 1 320
 1 321
 3 322
 3 323
 1 324
 2 325
 3 326
 0 327
 4 328
 4 329
 1 330
 1 331
 0 332
 4 333
 1 334
 2 335
 3 336
 3 337
 1 338
 5 339
 3 340
 0 341
 2 342
 1 343
 3 344
 6 345
 2 346
 4 347
 4 348
 2 349
 2 350
 3 351
 3 352
 3 353
 3 354
 3 355
 1 356
 1 357
 0 358
 1 359
 0 360
 2 361
 2 362
 2 363
 2 364
 5 365
 2 366
 0 367
 0 368
 0 369
 1 370
 0 371
 0 372
 0 373
 2 374
 0 375
 0 376
 0 377
 1 378
 1 379
 2 380
 0 381
 0 382
 0 383
 0 384
 0 385
 1 386
 0 387
 0 388
 0 389
 0 390
 1 391
 1 392
 0 393
 1 394
 1 395
 0 396
 0 397
 1 398
 0 399
 0 400
 0 401
 0 402
 1 403
 0 404
 0 405
 0 406
 0 407
 2 408
 0 409
 0 410
 0 411
 0 412
 1 413
 0 414
 0 415
 0 416
 0 417
 0 418
 0 419
 1 420
 0 421
 0 422
 0 423
 0 424
 0 425
 0 426
 0 427
 0 428
 0 429
 0 430
 0 431
 0 432
 1 433
 0 434
 0 435
 0 436
 0 437
 0 438
 0 439
 0 440
 0 441
 0 442
 0 443
 0 444
 0 445
 0 446
 0 447
 0 448
 0 449
 0 450
 0 451
 0 452
 0 453
 0 454
 0 455
 0 456
 0 457
 0 458
 0 459
 0 460
 0 461
 0 462
 0 463
 0 464
 0 465
 0 466
 0 467
 0 468
 0 469
 0 470
 0 471
 0 472
 0 473
 0 474
 0 475
 0 476
 0 477
 0 478
 0 479
 0 480
 0 481
 0 482
 0 483
 0 484
 0 485
 0 486
 0 487
 0 488
 0 489
 0 490
 0 491
 0 492
 0 493
 0 494
 0 495
 0 496
 0 497
 0 498
 0 499
 0 500
 0 501
 0 502
 0 503
 0 504
 0 505
 0 506
 0 507
 0 508
 0 509
 0 510
 0 511
 0 512
 0 513
 0 514
 0 515
 0 516
 0 517
 0 518
 0 519
 0 520
 0 521
 0 522
 0 523
 0 524
 0 525
 0 526
 0 527
 0 528
 0 529
 0 530
 0 531
 0 532
 0 533
 0 534
 0 535
 0 536
 0 537
 0 538
 0 539
 0 540
 0 541
 0 542
 0 543
 0 544
 0 545
 0 546
 0 547
 0 548
 0 549
 0 550
 0 551
 0 552
 0 553
 0 554
 0 555
 0 556
 0 557
 0 558
 0 559
 0 560
 0 561
 0 562
 0 563
 0 564
 0 565
 0 566
 0 567
 0 568
 0 569
 0 570
 0 571
 0 572
 0 573
 0 574
 0 575
 0 576
 0 577
 0 578
 0 579
 0 580
 0 581
 0 582
 0 583
 0 584
 0 585
 0 586
 0 587
 0 588
 0 589
 0 590
 0 591
 0 592
 0 593
 0 594
 0 595
 0 596
 0 597
 0 598
 0 599
 0 600


