# Created by Octave 3.8.2, Mon Jun 22 05:27:40 2020 CEST <damian@fptrucha.inv.usc.es>
# name: hd
# type: matrix
# rows: 551
# columns: 2
 0 50
 0 51
 0 52
 0 53
 0 54
 0 55
 0 56
 0 57
 0 58
 0 59
 0 60
 0 61
 0 62
 0 63
 0 64
 0 65
 0 66
 0 67
 0 68
 0 69
 0 70
 0 71
 0 72
 0 73
 0 74
 0 75
 0 76
 0 77
 0 78
 0 79
 0 80
 0 81
 0 82
 0 83
 0 84
 0 85
 0 86
 0 87
 0 88
 3 89
 2 90
 15 91
 79 92
 108 93
 175 94
 218 95
 392 96
 574 97
 788 98
 970 99
 1226 100
 1277 101
 1292 102
 1357 103
 1379 104
 1434 105
 1391 106
 1414 107
 1327 108
 1296 109
 1235 110
 1155 111
 1091 112
 995 113
 947 114
 836 115
 788 116
 700 117
 648 118
 571 119
 554 120
 506 121
 442 122
 401 123
 398 124
 363 125
 320 126
 259 127
 289 128
 232 129
 233 130
 228 131
 183 132
 172 133
 177 134
 148 135
 153 136
 156 137
 124 138
 100 139
 113 140
 101 141
 98 142
 87 143
 81 144
 85 145
 81 146
 71 147
 62 148
 64 149
 53 150
 51 151
 57 152
 37 153
 50 154
 49 155
 49 156
 49 157
 32 158
 42 159
 29 160
 34 161
 34 162
 21 163
 31 164
 25 165
 20 166
 16 167
 29 168
 18 169
 24 170
 10 171
 19 172
 7 173
 11 174
 15 175
 14 176
 10 177
 6 178
 7 179
 6 180
 5 181
 7 182
 5 183
 8 184
 13 185
 7 186
 5 187
 0 188
 5 189
 6 190
 6 191
 4 192
 1 193
 3 194
 2 195
 7 196
 1 197
 2 198
 0 199
 1 200
 3 201
 1 202
 0 203
 3 204
 1 205
 1 206
 1 207
 1 208
 1 209
 0 210
 0 211
 0 212
 3 213
 0 214
 0 215
 2 216
 0 217
 1 218
 0 219
 0 220
 1 221
 0 222
 0 223
 0 224
 1 225
 1 226
 0 227
 0 228
 1 229
 0 230
 1 231
 0 232
 0 233
 1 234
 0 235
 0 236
 0 237
 0 238
 0 239
 0 240
 0 241
 0 242
 1 243
 0 244
 0 245
 1 246
 0 247
 0 248
 0 249
 0 250
 0 251
 0 252
 0 253
 0 254
 0 255
 0 256
 0 257
 0 258
 0 259
 0 260
 0 261
 0 262
 0 263
 0 264
 0 265
 0 266
 0 267
 0 268
 0 269
 0 270
 0 271
 1 272
 0 273
 0 274
 0 275
 0 276
 1 277
 0 278
 0 279
 1 280
 0 281
 0 282
 0 283
 0 284
 0 285
 0 286
 0 287
 0 288
 0 289
 2 290
 1 291
 3 292
 0 293
 1 294
 1 295
 1 296
 0 297
 2 298
 2 299
 1 300
 1 301
 0 302
 4 303
 2 304
 1 305
 2 306
 1 307
 1 308
 2 309
 3 310
 3 311
 3 312
 2 313
 3 314
 3 315
 2 316
 3 317
 5 318
 5 319
 5 320
 4 321
 1 322
 4 323
 2 324
 1 325
 3 326
 4 327
 2 328
 1 329
 2 330
 5 331
 1 332
 2 333
 3 334
 5 335
 4 336
 3 337
 2 338
 1 339
 2 340
 1 341
 2 342
 0 343
 1 344
 0 345
 1 346
 2 347
 4 348
 2 349
 2 350
 1 351
 4 352
 0 353
 2 354
 3 355
 0 356
 0 357
 1 358
 0 359
 0 360
 0 361
 1 362
 2 363
 2 364
 0 365
 2 366
 0 367
 0 368
 1 369
 0 370
 1 371
 0 372
 1 373
 1 374
 0 375
 2 376
 0 377
 0 378
 3 379
 1 380
 0 381
 0 382
 0 383
 0 384
 1 385
 0 386
 1 387
 0 388
 0 389
 0 390
 0 391
 0 392
 1 393
 0 394
 0 395
 0 396
 0 397
 0 398
 0 399
 0 400
 1 401
 1 402
 0 403
 0 404
 0 405
 0 406
 0 407
 0 408
 0 409
 0 410
 0 411
 0 412
 0 413
 0 414
 0 415
 0 416
 0 417
 0 418
 0 419
 0 420
 0 421
 0 422
 0 423
 0 424
 0 425
 0 426
 0 427
 0 428
 0 429
 0 430
 0 431
 0 432
 0 433
 0 434
 1 435
 0 436
 0 437
 0 438
 0 439
 0 440
 0 441
 0 442
 0 443
 0 444
 0 445
 0 446
 0 447
 0 448
 0 449
 0 450
 0 451
 0 452
 0 453
 0 454
 0 455
 0 456
 0 457
 0 458
 0 459
 0 460
 0 461
 0 462
 0 463
 0 464
 0 465
 0 466
 0 467
 0 468
 0 469
 0 470
 0 471
 0 472
 0 473
 0 474
 0 475
 0 476
 0 477
 0 478
 0 479
 0 480
 0 481
 0 482
 0 483
 0 484
 0 485
 0 486
 0 487
 0 488
 0 489
 0 490
 0 491
 0 492
 0 493
 0 494
 0 495
 0 496
 0 497
 0 498
 0 499
 0 500
 0 501
 0 502
 0 503
 0 504
 0 505
 0 506
 0 507
 0 508
 0 509
 0 510
 0 511
 0 512
 0 513
 0 514
 0 515
 0 516
 0 517
 0 518
 0 519
 0 520
 0 521
 0 522
 0 523
 0 524
 0 525
 0 526
 0 527
 0 528
 0 529
 0 530
 0 531
 0 532
 0 533
 0 534
 0 535
 0 536
 0 537
 0 538
 0 539
 0 540
 0 541
 0 542
 0 543
 0 544
 0 545
 0 546
 0 547
 0 548
 0 549
 0 550
 0 551
 0 552
 0 553
 0 554
 0 555
 0 556
 0 557
 0 558
 0 559
 0 560
 0 561
 0 562
 0 563
 0 564
 0 565
 0 566
 0 567
 0 568
 0 569
 0 570
 0 571
 0 572
 0 573
 0 574
 0 575
 0 576
 0 577
 0 578
 0 579
 0 580
 0 581
 0 582
 0 583
 0 584
 0 585
 0 586
 0 587
 0 588
 0 589
 0 590
 0 591
 0 592
 0 593
 0 594
 0 595
 0 596
 0 597
 0 598
 0 599
 0 600


