# Created by Octave 3.8.2, Mon Jun 22 13:33:14 2020 CEST <damian@fptrucha.inv.usc.es>
# name: hd
# type: matrix
# rows: 551
# columns: 2
 0 50
 0 51
 0 52
 0 53
 0 54
 0 55
 0 56
 0 57
 0 58
 0 59
 0 60
 0 61
 0 62
 0 63
 0 64
 0 65
 0 66
 1 67
 0 68
 0 69
 0 70
 0 71
 0 72
 0 73
 0 74
 0 75
 0 76
 0 77
 0 78
 0 79
 0 80
 0 81
 0 82
 0 83
 0 84
 0 85
 0 86
 1 87
 2 88
 2 89
 5 90
 11 91
 79 92
 144 93
 177 94
 275 95
 443 96
 646 97
 847 98
 1070 99
 1264 100
 1368 101
 1440 102
 1536 103
 1551 104
 1514 105
 1579 106
 1569 107
 1478 108
 1406 109
 1320 110
 1206 111
 1265 112
 1085 113
 990 114
 937 115
 858 116
 810 117
 709 118
 629 119
 623 120
 514 121
 488 122
 450 123
 382 124
 347 125
 359 126
 324 127
 271 128
 253 129
 240 130
 218 131
 200 132
 172 133
 176 134
 167 135
 151 136
 149 137
 111 138
 156 139
 143 140
 91 141
 97 142
 119 143
 92 144
 90 145
 76 146
 73 147
 64 148
 60 149
 65 150
 78 151
 65 152
 50 153
 33 154
 51 155
 41 156
 35 157
 39 158
 37 159
 48 160
 34 161
 30 162
 20 163
 17 164
 30 165
 24 166
 27 167
 17 168
 23 169
 17 170
 15 171
 25 172
 17 173
 14 174
 12 175
 14 176
 12 177
 19 178
 12 179
 12 180
 12 181
 4 182
 8 183
 5 184
 6 185
 2 186
 11 187
 1 188
 5 189
 3 190
 4 191
 4 192
 3 193
 5 194
 4 195
 5 196
 0 197
 4 198
 1 199
 2 200
 5 201
 3 202
 0 203
 1 204
 1 205
 0 206
 0 207
 0 208
 3 209
 1 210
 1 211
 0 212
 0 213
 1 214
 0 215
 1 216
 1 217
 0 218
 1 219
 2 220
 0 221
 0 222
 1 223
 1 224
 0 225
 1 226
 0 227
 0 228
 0 229
 1 230
 1 231
 0 232
 0 233
 1 234
 0 235
 0 236
 0 237
 1 238
 0 239
 1 240
 0 241
 0 242
 0 243
 0 244
 1 245
 0 246
 0 247
 1 248
 0 249
 0 250
 0 251
 0 252
 0 253
 0 254
 0 255
 0 256
 0 257
 0 258
 0 259
 0 260
 0 261
 0 262
 0 263
 0 264
 0 265
 0 266
 0 267
 0 268
 0 269
 0 270
 0 271
 0 272
 0 273
 0 274
 0 275
 0 276
 0 277
 0 278
 0 279
 1 280
 1 281
 0 282
 0 283
 0 284
 0 285
 0 286
 1 287
 2 288
 0 289
 1 290
 1 291
 1 292
 1 293
 1 294
 0 295
 2 296
 2 297
 1 298
 1 299
 0 300
 3 301
 1 302
 3 303
 1 304
 2 305
 1 306
 3 307
 3 308
 4 309
 1 310
 2 311
 2 312
 2 313
 4 314
 2 315
 2 316
 1 317
 4 318
 3 319
 2 320
 3 321
 3 322
 3 323
 3 324
 3 325
 1 326
 0 327
 1 328
 1 329
 1 330
 2 331
 2 332
 1 333
 2 334
 0 335
 3 336
 6 337
 1 338
 1 339
 4 340
 4 341
 2 342
 3 343
 2 344
 0 345
 1 346
 6 347
 2 348
 1 349
 3 350
 1 351
 0 352
 0 353
 2 354
 1 355
 3 356
 4 357
 0 358
 0 359
 0 360
 2 361
 1 362
 0 363
 0 364
 2 365
 0 366
 1 367
 0 368
 0 369
 0 370
 1 371
 1 372
 0 373
 1 374
 1 375
 0 376
 0 377
 0 378
 1 379
 2 380
 1 381
 0 382
 3 383
 0 384
 0 385
 0 386
 0 387
 0 388
 0 389
 0 390
 0 391
 0 392
 1 393
 1 394
 0 395
 0 396
 0 397
 0 398
 0 399
 0 400
 1 401
 0 402
 0 403
 0 404
 0 405
 0 406
 0 407
 0 408
 0 409
 0 410
 0 411
 0 412
 0 413
 0 414
 0 415
 0 416
 0 417
 0 418
 0 419
 0 420
 0 421
 0 422
 0 423
 0 424
 0 425
 0 426
 0 427
 0 428
 0 429
 0 430
 0 431
 0 432
 0 433
 0 434
 0 435
 0 436
 0 437
 0 438
 0 439
 0 440
 0 441
 0 442
 0 443
 0 444
 0 445
 0 446
 0 447
 0 448
 0 449
 0 450
 0 451
 0 452
 0 453
 0 454
 0 455
 0 456
 0 457
 0 458
 0 459
 0 460
 0 461
 0 462
 0 463
 0 464
 0 465
 0 466
 0 467
 0 468
 0 469
 0 470
 0 471
 0 472
 0 473
 0 474
 0 475
 0 476
 0 477
 0 478
 0 479
 0 480
 0 481
 0 482
 0 483
 0 484
 0 485
 0 486
 0 487
 0 488
 0 489
 0 490
 0 491
 0 492
 0 493
 0 494
 0 495
 0 496
 0 497
 0 498
 0 499
 0 500
 0 501
 0 502
 0 503
 0 504
 0 505
 0 506
 0 507
 0 508
 0 509
 0 510
 0 511
 0 512
 0 513
 0 514
 0 515
 0 516
 0 517
 0 518
 0 519
 0 520
 0 521
 0 522
 0 523
 0 524
 0 525
 0 526
 0 527
 0 528
 0 529
 0 530
 0 531
 0 532
 0 533
 0 534
 0 535
 0 536
 0 537
 0 538
 0 539
 0 540
 0 541
 0 542
 0 543
 0 544
 0 545
 0 546
 0 547
 0 548
 0 549
 0 550
 0 551
 0 552
 0 553
 0 554
 0 555
 0 556
 0 557
 0 558
 0 559
 0 560
 0 561
 0 562
 0 563
 0 564
 0 565
 0 566
 0 567
 0 568
 0 569
 0 570
 0 571
 0 572
 0 573
 0 574
 0 575
 0 576
 0 577
 0 578
 0 579
 0 580
 0 581
 0 582
 0 583
 0 584
 0 585
 0 586
 0 587
 0 588
 0 589
 0 590
 0 591
 0 592
 0 593
 0 594
 0 595
 0 596
 0 597
 0 598
 0 599
 0 600


