# Created by Octave 3.8.2, Sat Jun 20 08:07:55 2020 CEST <damian@fptrucha.inv.usc.es>
# name: hd
# type: matrix
# rows: 551
# columns: 2
 0 50
 0 51
 0 52
 0 53
 0 54
 0 55
 0 56
 0 57
 0 58
 0 59
 0 60
 0 61
 0 62
 0 63
 0 64
 0 65
 0 66
 0 67
 0 68
 0 69
 0 70
 0 71
 0 72
 0 73
 0 74
 0 75
 0 76
 0 77
 0 78
 0 79
 0 80
 0 81
 0 82
 0 83
 0 84
 0 85
 0 86
 0 87
 2 88
 3 89
 3 90
 25 91
 117 92
 123 93
 186 94
 336 95
 486 96
 705 97
 926 98
 1060 99
 1297 100
 1328 101
 1424 102
 1476 103
 1540 104
 1590 105
 1556 106
 1618 107
 1518 108
 1452 109
 1467 110
 1388 111
 1273 112
 1213 113
 1121 114
 1171 115
 1034 116
 920 117
 925 118
 823 119
 749 120
 703 121
 655 122
 605 123
 524 124
 480 125
 441 126
 386 127
 419 128
 330 129
 315 130
 297 131
 276 132
 259 133
 230 134
 227 135
 184 136
 188 137
 162 138
 141 139
 160 140
 138 141
 102 142
 124 143
 97 144
 107 145
 105 146
 68 147
 85 148
 88 149
 64 150
 72 151
 69 152
 60 153
 58 154
 49 155
 47 156
 54 157
 38 158
 45 159
 42 160
 38 161
 27 162
 29 163
 28 164
 23 165
 30 166
 23 167
 22 168
 16 169
 21 170
 18 171
 17 172
 14 173
 12 174
 11 175
 11 176
 7 177
 13 178
 12 179
 10 180
 7 181
 5 182
 6 183
 9 184
 8 185
 3 186
 4 187
 1 188
 3 189
 7 190
 4 191
 4 192
 2 193
 4 194
 3 195
 1 196
 2 197
 0 198
 4 199
 1 200
 0 201
 3 202
 0 203
 1 204
 0 205
 0 206
 3 207
 0 208
 2 209
 0 210
 0 211
 0 212
 0 213
 1 214
 0 215
 1 216
 0 217
 0 218
 1 219
 0 220
 0 221
 0 222
 0 223
 0 224
 0 225
 0 226
 0 227
 0 228
 0 229
 0 230
 0 231
 0 232
 0 233
 0 234
 0 235
 0 236
 0 237
 0 238
 0 239
 0 240
 0 241
 0 242
 0 243
 0 244
 0 245
 0 246
 0 247
 0 248
 0 249
 0 250
 1 251
 0 252
 0 253
 0 254
 0 255
 0 256
 0 257
 0 258
 1 259
 0 260
 0 261
 0 262
 0 263
 0 264
 0 265
 0 266
 1 267
 0 268
 0 269
 0 270
 0 271
 0 272
 0 273
 0 274
 0 275
 0 276
 0 277
 0 278
 0 279
 0 280
 0 281
 0 282
 0 283
 0 284
 0 285
 0 286
 1 287
 0 288
 0 289
 1 290
 0 291
 1 292
 2 293
 0 294
 1 295
 2 296
 0 297
 2 298
 3 299
 0 300
 3 301
 0 302
 0 303
 2 304
 2 305
 2 306
 1 307
 2 308
 1 309
 4 310
 2 311
 1 312
 2 313
 2 314
 1 315
 3 316
 1 317
 3 318
 0 319
 0 320
 3 321
 2 322
 4 323
 0 324
 1 325
 5 326
 3 327
 1 328
 2 329
 1 330
 1 331
 3 332
 1 333
 1 334
 4 335
 1 336
 1 337
 5 338
 2 339
 1 340
 2 341
 1 342
 4 343
 4 344
 3 345
 2 346
 4 347
 0 348
 1 349
 2 350
 2 351
 3 352
 0 353
 3 354
 1 355
 2 356
 2 357
 2 358
 0 359
 0 360
 2 361
 1 362
 1 363
 1 364
 0 365
 2 366
 2 367
 1 368
 0 369
 0 370
 3 371
 0 372
 0 373
 0 374
 4 375
 1 376
 3 377
 1 378
 0 379
 2 380
 0 381
 2 382
 1 383
 0 384
 1 385
 1 386
 0 387
 0 388
 0 389
 0 390
 1 391
 1 392
 0 393
 1 394
 0 395
 0 396
 0 397
 0 398
 1 399
 0 400
 0 401
 0 402
 0 403
 1 404
 0 405
 0 406
 0 407
 1 408
 0 409
 0 410
 0 411
 0 412
 0 413
 0 414
 0 415
 0 416
 0 417
 0 418
 0 419
 0 420
 0 421
 0 422
 0 423
 0 424
 0 425
 0 426
 0 427
 0 428
 0 429
 0 430
 0 431
 0 432
 0 433
 0 434
 0 435
 0 436
 0 437
 0 438
 0 439
 0 440
 0 441
 0 442
 0 443
 0 444
 0 445
 0 446
 0 447
 0 448
 0 449
 0 450
 0 451
 0 452
 0 453
 0 454
 0 455
 0 456
 0 457
 0 458
 0 459
 0 460
 0 461
 0 462
 0 463
 0 464
 0 465
 0 466
 0 467
 0 468
 0 469
 0 470
 0 471
 0 472
 0 473
 0 474
 0 475
 0 476
 0 477
 0 478
 0 479
 0 480
 0 481
 0 482
 0 483
 0 484
 0 485
 0 486
 0 487
 0 488
 0 489
 0 490
 0 491
 0 492
 0 493
 0 494
 0 495
 0 496
 0 497
 0 498
 0 499
 0 500
 0 501
 0 502
 0 503
 0 504
 0 505
 0 506
 0 507
 0 508
 0 509
 0 510
 0 511
 0 512
 0 513
 0 514
 0 515
 0 516
 0 517
 0 518
 0 519
 0 520
 0 521
 0 522
 0 523
 0 524
 0 525
 0 526
 0 527
 0 528
 0 529
 0 530
 0 531
 0 532
 0 533
 0 534
 0 535
 0 536
 0 537
 0 538
 0 539
 0 540
 0 541
 0 542
 0 543
 0 544
 0 545
 0 546
 0 547
 0 548
 0 549
 0 550
 0 551
 0 552
 0 553
 0 554
 0 555
 0 556
 0 557
 0 558
 0 559
 0 560
 0 561
 0 562
 0 563
 0 564
 0 565
 0 566
 0 567
 0 568
 0 569
 0 570
 0 571
 0 572
 0 573
 0 574
 0 575
 0 576
 0 577
 0 578
 0 579
 0 580
 0 581
 0 582
 0 583
 0 584
 0 585
 0 586
 0 587
 0 588
 0 589
 0 590
 0 591
 0 592
 0 593
 0 594
 0 595
 0 596
 0 597
 0 598
 0 599
 0 600


