# Created by Octave 3.8.2, Sat Jun 20 22:51:20 2020 CEST <damian@fptrucha.inv.usc.es>
# name: hd
# type: matrix
# rows: 551
# columns: 2
 0 50
 0 51
 0 52
 0 53
 0 54
 0 55
 0 56
 0 57
 0 58
 0 59
 0 60
 0 61
 0 62
 0 63
 0 64
 0 65
 0 66
 0 67
 0 68
 0 69
 0 70
 0 71
 0 72
 0 73
 0 74
 0 75
 0 76
 0 77
 0 78
 0 79
 0 80
 0 81
 0 82
 0 83
 0 84
 0 85
 0 86
 1 87
 4 88
 2 89
 2 90
 29 91
 101 92
 98 93
 133 94
 261 95
 358 96
 582 97
 684 98
 816 99
 906 100
 1007 101
 1050 102
 1089 103
 1194 104
 1227 105
 1238 106
 1233 107
 1226 108
 1193 109
 1163 110
 1160 111
 1122 112
 1104 113
 1025 114
 925 115
 933 116
 847 117
 806 118
 752 119
 727 120
 652 121
 609 122
 577 123
 537 124
 520 125
 408 126
 409 127
 378 128
 358 129
 301 130
 319 131
 261 132
 266 133
 235 134
 226 135
 184 136
 199 137
 166 138
 123 139
 157 140
 142 141
 130 142
 129 143
 139 144
 94 145
 82 146
 89 147
 84 148
 76 149
 58 150
 59 151
 69 152
 52 153
 63 154
 56 155
 49 156
 48 157
 47 158
 41 159
 52 160
 44 161
 41 162
 39 163
 23 164
 30 165
 25 166
 23 167
 27 168
 19 169
 21 170
 16 171
 17 172
 17 173
 17 174
 12 175
 9 176
 7 177
 17 178
 6 179
 16 180
 14 181
 12 182
 18 183
 7 184
 8 185
 6 186
 10 187
 4 188
 5 189
 5 190
 8 191
 0 192
 7 193
 4 194
 4 195
 4 196
 6 197
 3 198
 6 199
 1 200
 2 201
 1 202
 1 203
 2 204
 2 205
 0 206
 0 207
 1 208
 3 209
 3 210
 1 211
 1 212
 2 213
 2 214
 1 215
 1 216
 1 217
 0 218
 0 219
 0 220
 0 221
 0 222
 0 223
 1 224
 0 225
 1 226
 0 227
 0 228
 0 229
 0 230
 1 231
 0 232
 0 233
 0 234
 0 235
 0 236
 0 237
 0 238
 0 239
 0 240
 0 241
 0 242
 0 243
 0 244
 0 245
 0 246
 0 247
 0 248
 0 249
 0 250
 0 251
 0 252
 0 253
 0 254
 0 255
 0 256
 0 257
 0 258
 0 259
 0 260
 0 261
 0 262
 0 263
 0 264
 0 265
 0 266
 0 267
 0 268
 0 269
 0 270
 0 271
 1 272
 0 273
 0 274
 0 275
 0 276
 0 277
 1 278
 0 279
 1 280
 0 281
 0 282
 1 283
 0 284
 0 285
 1 286
 1 287
 0 288
 0 289
 4 290
 1 291
 3 292
 0 293
 1 294
 0 295
 1 296
 0 297
 2 298
 3 299
 0 300
 1 301
 1 302
 1 303
 3 304
 1 305
 1 306
 2 307
 1 308
 1 309
 2 310
 6 311
 1 312
 1 313
 3 314
 2 315
 1 316
 4 317
 2 318
 0 319
 2 320
 3 321
 3 322
 2 323
 3 324
 5 325
 4 326
 2 327
 1 328
 1 329
 0 330
 1 331
 4 332
 1 333
 4 334
 4 335
 0 336
 3 337
 1 338
 1 339
 2 340
 4 341
 7 342
 4 343
 2 344
 3 345
 1 346
 3 347
 3 348
 7 349
 3 350
 2 351
 1 352
 1 353
 0 354
 4 355
 2 356
 3 357
 2 358
 0 359
 2 360
 1 361
 1 362
 0 363
 3 364
 0 365
 3 366
 2 367
 1 368
 1 369
 0 370
 1 371
 1 372
 0 373
 0 374
 0 375
 0 376
 0 377
 0 378
 1 379
 1 380
 1 381
 0 382
 1 383
 0 384
 1 385
 1 386
 1 387
 0 388
 0 389
 0 390
 0 391
 0 392
 0 393
 0 394
 0 395
 0 396
 0 397
 0 398
 0 399
 1 400
 0 401
 0 402
 0 403
 0 404
 0 405
 0 406
 0 407
 0 408
 0 409
 0 410
 1 411
 0 412
 0 413
 0 414
 0 415
 0 416
 0 417
 0 418
 0 419
 0 420
 1 421
 0 422
 0 423
 0 424
 0 425
 0 426
 0 427
 0 428
 0 429
 0 430
 0 431
 0 432
 0 433
 0 434
 0 435
 0 436
 0 437
 0 438
 0 439
 0 440
 0 441
 0 442
 0 443
 0 444
 0 445
 0 446
 0 447
 0 448
 0 449
 0 450
 0 451
 0 452
 0 453
 0 454
 0 455
 0 456
 0 457
 0 458
 0 459
 0 460
 0 461
 0 462
 0 463
 1 464
 0 465
 0 466
 0 467
 0 468
 0 469
 0 470
 0 471
 0 472
 0 473
 0 474
 0 475
 0 476
 0 477
 0 478
 0 479
 0 480
 0 481
 0 482
 0 483
 0 484
 0 485
 0 486
 0 487
 0 488
 0 489
 0 490
 0 491
 0 492
 0 493
 0 494
 0 495
 0 496
 0 497
 0 498
 0 499
 0 500
 0 501
 0 502
 0 503
 0 504
 0 505
 0 506
 0 507
 0 508
 0 509
 0 510
 0 511
 0 512
 0 513
 0 514
 0 515
 0 516
 0 517
 0 518
 0 519
 0 520
 0 521
 0 522
 0 523
 0 524
 0 525
 0 526
 0 527
 0 528
 0 529
 0 530
 0 531
 0 532
 0 533
 0 534
 0 535
 0 536
 0 537
 0 538
 0 539
 0 540
 0 541
 0 542
 0 543
 0 544
 0 545
 0 546
 0 547
 0 548
 0 549
 0 550
 0 551
 0 552
 0 553
 0 554
 0 555
 0 556
 0 557
 0 558
 0 559
 0 560
 0 561
 0 562
 0 563
 0 564
 0 565
 0 566
 0 567
 0 568
 0 569
 0 570
 0 571
 0 572
 0 573
 0 574
 0 575
 0 576
 0 577
 0 578
 0 579
 0 580
 0 581
 0 582
 0 583
 0 584
 0 585
 0 586
 0 587
 0 588
 0 589
 0 590
 0 591
 0 592
 0 593
 0 594
 0 595
 0 596
 0 597
 0 598
 0 599
 0 600


