# Created by Octave 3.8.2, Mon Jun 22 07:54:05 2020 CEST <damian@fptrucha.inv.usc.es>
# name: hd
# type: matrix
# rows: 551
# columns: 2
 0 50
 0 51
 0 52
 0 53
 0 54
 0 55
 0 56
 0 57
 0 58
 0 59
 0 60
 0 61
 0 62
 0 63
 0 64
 0 65
 0 66
 0 67
 0 68
 0 69
 0 70
 0 71
 0 72
 0 73
 0 74
 0 75
 0 76
 0 77
 0 78
 0 79
 0 80
 0 81
 0 82
 0 83
 0 84
 0 85
 0 86
 0 87
 0 88
 3 89
 1 90
 15 91
 65 92
 122 93
 187 94
 266 95
 384 96
 561 97
 829 98
 918 99
 1185 100
 1225 101
 1369 102
 1402 103
 1446 104
 1536 105
 1420 106
 1454 107
 1393 108
 1305 109
 1180 110
 1178 111
 1143 112
 1024 113
 915 114
 905 115
 781 116
 714 117
 651 118
 591 119
 560 120
 509 121
 423 122
 416 123
 350 124
 346 125
 330 126
 285 127
 290 128
 245 129
 190 130
 200 131
 176 132
 177 133
 157 134
 177 135
 146 136
 136 137
 120 138
 102 139
 116 140
 119 141
 121 142
 94 143
 101 144
 82 145
 76 146
 83 147
 62 148
 48 149
 62 150
 60 151
 37 152
 58 153
 52 154
 49 155
 51 156
 38 157
 38 158
 37 159
 38 160
 33 161
 40 162
 34 163
 31 164
 21 165
 19 166
 20 167
 23 168
 29 169
 17 170
 22 171
 22 172
 19 173
 19 174
 12 175
 9 176
 12 177
 10 178
 11 179
 12 180
 9 181
 6 182
 9 183
 12 184
 10 185
 10 186
 4 187
 4 188
 7 189
 4 190
 0 191
 2 192
 3 193
 3 194
 7 195
 3 196
 2 197
 3 198
 1 199
 3 200
 5 201
 6 202
 3 203
 0 204
 0 205
 1 206
 1 207
 4 208
 0 209
 3 210
 2 211
 0 212
 1 213
 0 214
 0 215
 0 216
 2 217
 1 218
 0 219
 0 220
 0 221
 1 222
 0 223
 1 224
 0 225
 1 226
 1 227
 0 228
 1 229
 0 230
 1 231
 0 232
 0 233
 0 234
 0 235
 0 236
 0 237
 0 238
 0 239
 0 240
 0 241
 0 242
 0 243
 0 244
 0 245
 0 246
 0 247
 0 248
 0 249
 0 250
 0 251
 0 252
 0 253
 0 254
 0 255
 0 256
 0 257
 0 258
 0 259
 0 260
 0 261
 0 262
 0 263
 0 264
 0 265
 0 266
 0 267
 0 268
 1 269
 0 270
 0 271
 0 272
 0 273
 0 274
 0 275
 0 276
 0 277
 0 278
 1 279
 0 280
 0 281
 0 282
 0 283
 0 284
 1 285
 0 286
 1 287
 1 288
 1 289
 1 290
 2 291
 1 292
 1 293
 0 294
 1 295
 2 296
 3 297
 0 298
 2 299
 1 300
 0 301
 3 302
 3 303
 1 304
 0 305
 3 306
 0 307
 1 308
 2 309
 3 310
 1 311
 5 312
 1 313
 3 314
 2 315
 2 316
 3 317
 2 318
 2 319
 2 320
 4 321
 2 322
 4 323
 3 324
 3 325
 5 326
 1 327
 3 328
 4 329
 4 330
 3 331
 2 332
 3 333
 3 334
 2 335
 3 336
 4 337
 3 338
 2 339
 2 340
 2 341
 1 342
 3 343
 3 344
 1 345
 7 346
 2 347
 1 348
 0 349
 2 350
 1 351
 1 352
 1 353
 1 354
 2 355
 2 356
 2 357
 3 358
 4 359
 2 360
 1 361
 0 362
 4 363
 0 364
 2 365
 0 366
 2 367
 0 368
 0 369
 0 370
 0 371
 1 372
 2 373
 1 374
 1 375
 0 376
 1 377
 0 378
 0 379
 0 380
 0 381
 1 382
 0 383
 0 384
 0 385
 0 386
 1 387
 0 388
 0 389
 0 390
 0 391
 0 392
 1 393
 0 394
 0 395
 0 396
 0 397
 0 398
 0 399
 0 400
 0 401
 1 402
 0 403
 0 404
 0 405
 1 406
 1 407
 0 408
 0 409
 0 410
 0 411
 1 412
 0 413
 0 414
 0 415
 0 416
 0 417
 0 418
 0 419
 0 420
 0 421
 0 422
 0 423
 0 424
 0 425
 0 426
 0 427
 0 428
 0 429
 0 430
 0 431
 0 432
 0 433
 1 434
 0 435
 0 436
 0 437
 0 438
 0 439
 0 440
 0 441
 0 442
 0 443
 0 444
 0 445
 0 446
 0 447
 0 448
 0 449
 0 450
 0 451
 0 452
 0 453
 0 454
 0 455
 0 456
 0 457
 0 458
 0 459
 0 460
 0 461
 0 462
 0 463
 0 464
 0 465
 0 466
 0 467
 0 468
 0 469
 0 470
 0 471
 0 472
 0 473
 0 474
 0 475
 0 476
 0 477
 0 478
 0 479
 0 480
 0 481
 0 482
 0 483
 0 484
 0 485
 0 486
 0 487
 0 488
 0 489
 0 490
 0 491
 0 492
 0 493
 0 494
 0 495
 0 496
 0 497
 0 498
 0 499
 0 500
 0 501
 0 502
 0 503
 0 504
 0 505
 0 506
 0 507
 0 508
 0 509
 0 510
 0 511
 0 512
 0 513
 0 514
 0 515
 0 516
 0 517
 0 518
 0 519
 0 520
 0 521
 0 522
 0 523
 0 524
 0 525
 0 526
 0 527
 0 528
 0 529
 0 530
 0 531
 0 532
 0 533
 0 534
 0 535
 0 536
 0 537
 0 538
 0 539
 0 540
 0 541
 0 542
 0 543
 0 544
 0 545
 0 546
 0 547
 0 548
 0 549
 0 550
 0 551
 0 552
 0 553
 0 554
 0 555
 0 556
 0 557
 0 558
 0 559
 0 560
 0 561
 0 562
 0 563
 0 564
 0 565
 0 566
 0 567
 0 568
 0 569
 0 570
 0 571
 0 572
 0 573
 0 574
 0 575
 0 576
 0 577
 0 578
 0 579
 0 580
 0 581
 0 582
 0 583
 0 584
 0 585
 0 586
 0 587
 0 588
 0 589
 0 590
 0 591
 0 592
 0 593
 0 594
 0 595
 0 596
 0 597
 0 598
 0 599
 0 600


