# Created by Octave 3.8.2, Mon Jun 22 23:24:52 2020 CEST <damian@fptrucha.inv.usc.es>
# name: hd
# type: matrix
# rows: 551
# columns: 2
 0 50
 0 51
 0 52
 0 53
 0 54
 0 55
 0 56
 0 57
 0 58
 0 59
 0 60
 0 61
 0 62
 0 63
 0 64
 0 65
 0 66
 0 67
 0 68
 0 69
 0 70
 0 71
 0 72
 0 73
 0 74
 0 75
 0 76
 0 77
 0 78
 0 79
 0 80
 0 81
 0 82
 0 83
 0 84
 0 85
 0 86
 0 87
 1 88
 2 89
 6 90
 28 91
 107 92
 148 93
 188 94
 348 95
 469 96
 784 97
 994 98
 1166 99
 1370 100
 1521 101
 1579 102
 1731 103
 1604 104
 1731 105
 1634 106
 1590 107
 1553 108
 1469 109
 1379 110
 1278 111
 1234 112
 1159 113
 973 114
 974 115
 895 116
 796 117
 728 118
 646 119
 574 120
 547 121
 520 122
 475 123
 400 124
 370 125
 345 126
 337 127
 293 128
 261 129
 248 130
 207 131
 188 132
 162 133
 199 134
 169 135
 156 136
 144 137
 137 138
 120 139
 108 140
 103 141
 116 142
 101 143
 105 144
 82 145
 77 146
 82 147
 65 148
 76 149
 43 150
 50 151
 66 152
 52 153
 42 154
 45 155
 45 156
 37 157
 30 158
 39 159
 50 160
 25 161
 21 162
 29 163
 23 164
 35 165
 28 166
 17 167
 13 168
 17 169
 18 170
 16 171
 16 172
 20 173
 20 174
 14 175
 13 176
 11 177
 7 178
 10 179
 10 180
 11 181
 9 182
 10 183
 8 184
 8 185
 3 186
 8 187
 6 188
 8 189
 3 190
 4 191
 2 192
 4 193
 4 194
 1 195
 4 196
 4 197
 3 198
 3 199
 3 200
 4 201
 0 202
 2 203
 1 204
 1 205
 0 206
 0 207
 2 208
 0 209
 1 210
 0 211
 3 212
 1 213
 0 214
 0 215
 1 216
 0 217
 0 218
 0 219
 2 220
 0 221
 0 222
 1 223
 1 224
 0 225
 0 226
 0 227
 0 228
 0 229
 0 230
 1 231
 1 232
 0 233
 1 234
 0 235
 0 236
 0 237
 0 238
 0 239
 0 240
 0 241
 0 242
 0 243
 0 244
 0 245
 0 246
 0 247
 0 248
 0 249
 2 250
 0 251
 0 252
 0 253
 0 254
 0 255
 0 256
 0 257
 0 258
 0 259
 0 260
 0 261
 0 262
 0 263
 0 264
 0 265
 0 266
 0 267
 0 268
 0 269
 0 270
 0 271
 0 272
 1 273
 0 274
 0 275
 0 276
 0 277
 0 278
 0 279
 0 280
 0 281
 1 282
 2 283
 0 284
 0 285
 0 286
 0 287
 1 288
 1 289
 1 290
 3 291
 0 292
 1 293
 1 294
 1 295
 2 296
 0 297
 1 298
 0 299
 1 300
 0 301
 3 302
 1 303
 1 304
 1 305
 2 306
 5 307
 3 308
 1 309
 1 310
 3 311
 3 312
 2 313
 2 314
 1 315
 6 316
 1 317
 4 318
 3 319
 2 320
 2 321
 4 322
 5 323
 5 324
 2 325
 4 326
 4 327
 1 328
 1 329
 4 330
 0 331
 2 332
 7 333
 1 334
 2 335
 5 336
 1 337
 4 338
 3 339
 3 340
 1 341
 1 342
 4 343
 0 344
 1 345
 2 346
 0 347
 2 348
 4 349
 1 350
 3 351
 0 352
 0 353
 4 354
 3 355
 2 356
 3 357
 2 358
 1 359
 2 360
 0 361
 4 362
 1 363
 2 364
 2 365
 1 366
 1 367
 1 368
 0 369
 0 370
 0 371
 1 372
 3 373
 1 374
 2 375
 1 376
 0 377
 1 378
 2 379
 1 380
 1 381
 0 382
 1 383
 0 384
 0 385
 0 386
 0 387
 0 388
 1 389
 0 390
 1 391
 2 392
 0 393
 0 394
 0 395
 0 396
 0 397
 2 398
 0 399
 1 400
 0 401
 0 402
 0 403
 0 404
 1 405
 0 406
 0 407
 2 408
 0 409
 0 410
 0 411
 0 412
 0 413
 0 414
 0 415
 0 416
 0 417
 0 418
 0 419
 0 420
 0 421
 0 422
 0 423
 0 424
 0 425
 0 426
 0 427
 0 428
 0 429
 0 430
 0 431
 0 432
 0 433
 0 434
 0 435
 0 436
 0 437
 0 438
 0 439
 0 440
 0 441
 0 442
 0 443
 0 444
 0 445
 0 446
 0 447
 0 448
 0 449
 0 450
 0 451
 0 452
 0 453
 0 454
 0 455
 0 456
 0 457
 0 458
 0 459
 0 460
 0 461
 0 462
 0 463
 0 464
 0 465
 0 466
 0 467
 0 468
 0 469
 0 470
 0 471
 0 472
 0 473
 0 474
 0 475
 0 476
 0 477
 0 478
 0 479
 0 480
 0 481
 0 482
 0 483
 0 484
 0 485
 0 486
 0 487
 0 488
 0 489
 0 490
 0 491
 0 492
 0 493
 0 494
 0 495
 0 496
 0 497
 0 498
 0 499
 0 500
 0 501
 0 502
 0 503
 0 504
 0 505
 0 506
 0 507
 0 508
 0 509
 0 510
 0 511
 0 512
 0 513
 0 514
 0 515
 0 516
 0 517
 0 518
 0 519
 0 520
 0 521
 0 522
 0 523
 0 524
 0 525
 0 526
 0 527
 0 528
 0 529
 0 530
 0 531
 0 532
 0 533
 0 534
 0 535
 0 536
 0 537
 0 538
 0 539
 0 540
 0 541
 0 542
 0 543
 0 544
 0 545
 0 546
 0 547
 0 548
 0 549
 0 550
 0 551
 0 552
 0 553
 0 554
 0 555
 0 556
 0 557
 0 558
 0 559
 0 560
 0 561
 0 562
 0 563
 0 564
 0 565
 0 566
 0 567
 0 568
 0 569
 0 570
 0 571
 0 572
 0 573
 0 574
 0 575
 0 576
 0 577
 0 578
 0 579
 0 580
 0 581
 0 582
 0 583
 0 584
 0 585
 0 586
 0 587
 0 588
 0 589
 0 590
 0 591
 0 592
 0 593
 0 594
 0 595
 0 596
 0 597
 0 598
 0 599
 0 600


