# Created by Octave 3.8.2, Mon Jun 22 20:18:55 2020 CEST <damian@fptrucha.inv.usc.es>
# name: hd
# type: matrix
# rows: 551
# columns: 2
 0 50
 0 51
 0 52
 0 53
 0 54
 0 55
 0 56
 0 57
 0 58
 0 59
 0 60
 0 61
 0 62
 0 63
 0 64
 0 65
 0 66
 0 67
 0 68
 0 69
 0 70
 0 71
 0 72
 0 73
 0 74
 0 75
 0 76
 0 77
 0 78
 0 79
 0 80
 0 81
 0 82
 0 83
 0 84
 0 85
 0 86
 0 87
 1 88
 0 89
 3 90
 15 91
 90 92
 137 93
 206 94
 302 95
 446 96
 628 97
 913 98
 1110 99
 1254 100
 1418 101
 1514 102
 1610 103
 1588 104
 1556 105
 1618 106
 1597 107
 1511 108
 1486 109
 1389 110
 1272 111
 1137 112
 1154 113
 1005 114
 930 115
 858 116
 730 117
 736 118
 688 119
 633 120
 531 121
 486 122
 428 123
 418 124
 401 125
 338 126
 336 127
 290 128
 258 129
 228 130
 231 131
 204 132
 197 133
 186 134
 167 135
 161 136
 165 137
 142 138
 125 139
 119 140
 107 141
 113 142
 85 143
 97 144
 91 145
 76 146
 77 147
 75 148
 69 149
 75 150
 70 151
 61 152
 67 153
 55 154
 46 155
 43 156
 44 157
 34 158
 34 159
 44 160
 41 161
 33 162
 39 163
 39 164
 23 165
 24 166
 20 167
 19 168
 20 169
 21 170
 23 171
 21 172
 14 173
 13 174
 12 175
 9 176
 8 177
 9 178
 10 179
 10 180
 9 181
 8 182
 9 183
 1 184
 5 185
 11 186
 10 187
 7 188
 7 189
 5 190
 4 191
 3 192
 7 193
 6 194
 4 195
 4 196
 4 197
 3 198
 1 199
 0 200
 2 201
 1 202
 0 203
 3 204
 1 205
 0 206
 1 207
 3 208
 1 209
 1 210
 1 211
 3 212
 0 213
 0 214
 0 215
 0 216
 0 217
 1 218
 0 219
 3 220
 1 221
 3 222
 1 223
 0 224
 0 225
 0 226
 0 227
 1 228
 0 229
 0 230
 0 231
 1 232
 0 233
 0 234
 0 235
 0 236
 0 237
 0 238
 0 239
 0 240
 0 241
 0 242
 0 243
 0 244
 0 245
 0 246
 0 247
 0 248
 0 249
 0 250
 0 251
 0 252
 0 253
 0 254
 0 255
 0 256
 0 257
 0 258
 0 259
 0 260
 0 261
 0 262
 0 263
 0 264
 0 265
 0 266
 0 267
 0 268
 0 269
 0 270
 0 271
 0 272
 0 273
 0 274
 1 275
 0 276
 0 277
 0 278
 0 279
 0 280
 0 281
 1 282
 0 283
 1 284
 1 285
 0 286
 0 287
 1 288
 1 289
 0 290
 0 291
 0 292
 0 293
 2 294
 0 295
 2 296
 3 297
 1 298
 0 299
 3 300
 2 301
 3 302
 3 303
 1 304
 3 305
 0 306
 3 307
 1 308
 3 309
 4 310
 3 311
 2 312
 2 313
 1 314
 0 315
 4 316
 2 317
 3 318
 1 319
 3 320
 0 321
 3 322
 1 323
 4 324
 2 325
 2 326
 3 327
 2 328
 3 329
 5 330
 3 331
 5 332
 6 333
 1 334
 3 335
 4 336
 3 337
 1 338
 3 339
 0 340
 2 341
 4 342
 1 343
 2 344
 2 345
 4 346
 3 347
 3 348
 3 349
 5 350
 2 351
 1 352
 3 353
 1 354
 1 355
 2 356
 4 357
 1 358
 1 359
 4 360
 1 361
 2 362
 1 363
 1 364
 2 365
 1 366
 2 367
 6 368
 0 369
 2 370
 0 371
 2 372
 1 373
 2 374
 1 375
 0 376
 2 377
 1 378
 0 379
 0 380
 0 381
 0 382
 0 383
 0 384
 2 385
 1 386
 0 387
 0 388
 0 389
 0 390
 1 391
 0 392
 0 393
 0 394
 0 395
 1 396
 0 397
 0 398
 0 399
 0 400
 0 401
 2 402
 0 403
 0 404
 0 405
 0 406
 1 407
 0 408
 0 409
 1 410
 0 411
 0 412
 0 413
 0 414
 0 415
 0 416
 0 417
 0 418
 0 419
 0 420
 0 421
 0 422
 0 423
 0 424
 0 425
 0 426
 0 427
 0 428
 0 429
 0 430
 0 431
 0 432
 0 433
 0 434
 0 435
 0 436
 0 437
 0 438
 0 439
 0 440
 0 441
 0 442
 0 443
 0 444
 0 445
 0 446
 0 447
 0 448
 0 449
 0 450
 0 451
 0 452
 0 453
 0 454
 0 455
 0 456
 0 457
 0 458
 0 459
 0 460
 0 461
 0 462
 0 463
 0 464
 0 465
 0 466
 0 467
 0 468
 0 469
 0 470
 0 471
 0 472
 0 473
 0 474
 0 475
 0 476
 0 477
 0 478
 0 479
 0 480
 0 481
 0 482
 0 483
 0 484
 0 485
 0 486
 0 487
 0 488
 0 489
 0 490
 0 491
 0 492
 0 493
 0 494
 0 495
 0 496
 0 497
 0 498
 0 499
 0 500
 0 501
 0 502
 0 503
 0 504
 0 505
 0 506
 0 507
 0 508
 0 509
 0 510
 0 511
 0 512
 0 513
 0 514
 0 515
 0 516
 0 517
 0 518
 0 519
 0 520
 0 521
 0 522
 0 523
 0 524
 0 525
 0 526
 0 527
 0 528
 0 529
 0 530
 0 531
 0 532
 0 533
 0 534
 0 535
 0 536
 0 537
 0 538
 0 539
 0 540
 0 541
 0 542
 0 543
 0 544
 0 545
 0 546
 0 547
 0 548
 0 549
 0 550
 0 551
 0 552
 0 553
 0 554
 0 555
 0 556
 0 557
 0 558
 0 559
 0 560
 0 561
 0 562
 0 563
 0 564
 0 565
 0 566
 0 567
 0 568
 0 569
 0 570
 0 571
 0 572
 0 573
 0 574
 0 575
 0 576
 0 577
 0 578
 0 579
 0 580
 0 581
 0 582
 0 583
 0 584
 0 585
 0 586
 0 587
 0 588
 0 589
 0 590
 0 591
 0 592
 0 593
 0 594
 0 595
 0 596
 0 597
 0 598
 0 599
 0 600


