# Created by Octave 3.8.2, Sun Jun 21 04:15:33 2020 CEST <damian@fptrucha.inv.usc.es>
# name: hd
# type: matrix
# rows: 551
# columns: 2
 0 50
 0 51
 0 52
 0 53
 0 54
 0 55
 0 56
 0 57
 0 58
 0 59
 0 60
 0 61
 0 62
 0 63
 0 64
 0 65
 0 66
 0 67
 0 68
 0 69
 0 70
 0 71
 0 72
 0 73
 0 74
 0 75
 0 76
 0 77
 0 78
 0 79
 0 80
 0 81
 0 82
 0 83
 0 84
 0 85
 0 86
 0 87
 0 88
 6 89
 5 90
 18 91
 76 92
 85 93
 148 94
 247 95
 383 96
 557 97
 643 98
 793 99
 944 100
 1042 101
 1134 102
 1118 103
 1177 104
 1293 105
 1265 106
 1242 107
 1282 108
 1225 109
 1260 110
 1215 111
 1124 112
 1066 113
 1038 114
 984 115
 902 116
 870 117
 825 118
 767 119
 692 120
 627 121
 607 122
 578 123
 500 124
 467 125
 408 126
 398 127
 345 128
 346 129
 309 130
 336 131
 263 132
 253 133
 219 134
 219 135
 212 136
 183 137
 185 138
 158 139
 145 140
 143 141
 139 142
 123 143
 111 144
 108 145
 109 146
 93 147
 94 148
 78 149
 78 150
 72 151
 70 152
 57 153
 40 154
 65 155
 55 156
 46 157
 48 158
 32 159
 32 160
 32 161
 39 162
 33 163
 29 164
 29 165
 18 166
 37 167
 26 168
 25 169
 15 170
 18 171
 18 172
 16 173
 20 174
 19 175
 10 176
 13 177
 17 178
 10 179
 12 180
 8 181
 8 182
 3 183
 10 184
 10 185
 7 186
 1 187
 5 188
 7 189
 8 190
 4 191
 6 192
 2 193
 2 194
 5 195
 5 196
 2 197
 4 198
 2 199
 2 200
 3 201
 2 202
 3 203
 6 204
 1 205
 0 206
 2 207
 0 208
 2 209
 0 210
 3 211
 1 212
 0 213
 1 214
 0 215
 0 216
 1 217
 0 218
 0 219
 1 220
 0 221
 2 222
 1 223
 1 224
 0 225
 0 226
 0 227
 0 228
 0 229
 0 230
 0 231
 1 232
 0 233
 0 234
 0 235
 0 236
 0 237
 1 238
 0 239
 0 240
 0 241
 0 242
 0 243
 0 244
 0 245
 0 246
 0 247
 0 248
 0 249
 0 250
 0 251
 0 252
 0 253
 0 254
 0 255
 0 256
 0 257
 0 258
 0 259
 0 260
 0 261
 0 262
 0 263
 0 264
 0 265
 0 266
 0 267
 0 268
 0 269
 0 270
 0 271
 0 272
 0 273
 0 274
 0 275
 0 276
 0 277
 1 278
 0 279
 0 280
 1 281
 0 282
 0 283
 0 284
 0 285
 0 286
 0 287
 0 288
 0 289
 1 290
 3 291
 1 292
 0 293
 2 294
 1 295
 2 296
 0 297
 3 298
 3 299
 1 300
 3 301
 1 302
 0 303
 2 304
 2 305
 3 306
 2 307
 0 308
 4 309
 1 310
 5 311
 4 312
 0 313
 2 314
 5 315
 3 316
 0 317
 2 318
 2 319
 4 320
 2 321
 0 322
 1 323
 4 324
 1 325
 1 326
 3 327
 6 328
 3 329
 1 330
 2 331
 1 332
 0 333
 2 334
 3 335
 2 336
 2 337
 3 338
 1 339
 3 340
 1 341
 2 342
 0 343
 0 344
 1 345
 2 346
 2 347
 0 348
 2 349
 4 350
 3 351
 1 352
 3 353
 1 354
 3 355
 1 356
 2 357
 2 358
 4 359
 0 360
 0 361
 4 362
 1 363
 2 364
 1 365
 1 366
 1 367
 0 368
 2 369
 2 370
 1 371
 3 372
 0 373
 2 374
 1 375
 1 376
 1 377
 3 378
 1 379
 2 380
 0 381
 0 382
 0 383
 2 384
 0 385
 0 386
 1 387
 0 388
 0 389
 0 390
 1 391
 0 392
 0 393
 0 394
 1 395
 0 396
 0 397
 1 398
 0 399
 0 400
 0 401
 0 402
 1 403
 0 404
 0 405
 0 406
 0 407
 0 408
 0 409
 0 410
 0 411
 0 412
 0 413
 0 414
 0 415
 0 416
 0 417
 0 418
 1 419
 0 420
 0 421
 1 422
 0 423
 0 424
 0 425
 0 426
 0 427
 0 428
 0 429
 0 430
 0 431
 0 432
 0 433
 0 434
 0 435
 0 436
 0 437
 0 438
 0 439
 0 440
 0 441
 0 442
 0 443
 0 444
 0 445
 0 446
 0 447
 0 448
 0 449
 0 450
 0 451
 0 452
 0 453
 0 454
 0 455
 0 456
 0 457
 0 458
 0 459
 0 460
 0 461
 0 462
 0 463
 0 464
 0 465
 0 466
 0 467
 0 468
 0 469
 0 470
 0 471
 0 472
 0 473
 0 474
 0 475
 0 476
 0 477
 0 478
 0 479
 0 480
 0 481
 0 482
 0 483
 0 484
 0 485
 0 486
 0 487
 0 488
 0 489
 0 490
 0 491
 0 492
 0 493
 0 494
 0 495
 0 496
 0 497
 0 498
 0 499
 0 500
 0 501
 0 502
 0 503
 0 504
 0 505
 0 506
 0 507
 0 508
 0 509
 0 510
 0 511
 0 512
 0 513
 0 514
 0 515
 0 516
 0 517
 0 518
 0 519
 0 520
 0 521
 0 522
 0 523
 0 524
 0 525
 0 526
 0 527
 0 528
 0 529
 0 530
 0 531
 0 532
 0 533
 0 534
 0 535
 0 536
 0 537
 0 538
 0 539
 0 540
 0 541
 0 542
 0 543
 0 544
 0 545
 0 546
 0 547
 0 548
 0 549
 0 550
 0 551
 0 552
 0 553
 0 554
 0 555
 0 556
 0 557
 0 558
 0 559
 0 560
 0 561
 0 562
 0 563
 0 564
 0 565
 0 566
 0 567
 0 568
 0 569
 0 570
 0 571
 0 572
 0 573
 0 574
 0 575
 0 576
 0 577
 0 578
 0 579
 0 580
 0 581
 0 582
 0 583
 0 584
 0 585
 0 586
 0 587
 0 588
 0 589
 0 590
 0 591
 0 592
 0 593
 0 594
 0 595
 0 596
 0 597
 0 598
 0 599
 0 600


