# Created by Octave 3.8.2, Sat Jun 20 06:06:19 2020 CEST <damian@fptrucha.inv.usc.es>
# name: hd
# type: matrix
# rows: 551
# columns: 2
 0 50
 0 51
 0 52
 0 53
 0 54
 0 55
 0 56
 0 57
 0 58
 0 59
 0 60
 0 61
 0 62
 0 63
 0 64
 0 65
 0 66
 0 67
 0 68
 0 69
 0 70
 0 71
 0 72
 0 73
 0 74
 0 75
 0 76
 0 77
 0 78
 0 79
 0 80
 0 81
 0 82
 0 83
 0 84
 0 85
 0 86
 0 87
 2 88
 1 89
 2 90
 21 91
 62 92
 101 93
 106 94
 189 95
 284 96
 416 97
 560 98
 669 99
 797 100
 791 101
 880 102
 991 103
 989 104
 1003 105
 1064 106
 1035 107
 959 108
 1022 109
 878 110
 895 111
 888 112
 807 113
 739 114
 751 115
 660 116
 675 117
 595 118
 571 119
 577 120
 432 121
 452 122
 371 123
 370 124
 351 125
 298 126
 293 127
 256 128
 245 129
 218 130
 183 131
 201 132
 169 133
 166 134
 139 135
 117 136
 144 137
 110 138
 109 139
 94 140
 111 141
 100 142
 78 143
 79 144
 74 145
 67 146
 74 147
 57 148
 64 149
 53 150
 49 151
 40 152
 33 153
 29 154
 39 155
 32 156
 43 157
 38 158
 33 159
 30 160
 18 161
 22 162
 24 163
 10 164
 16 165
 20 166
 14 167
 11 168
 20 169
 12 170
 9 171
 16 172
 14 173
 7 174
 12 175
 5 176
 10 177
 6 178
 11 179
 5 180
 7 181
 3 182
 5 183
 4 184
 6 185
 7 186
 11 187
 2 188
 1 189
 1 190
 3 191
 4 192
 7 193
 5 194
 4 195
 2 196
 3 197
 3 198
 0 199
 0 200
 0 201
 1 202
 2 203
 1 204
 1 205
 1 206
 0 207
 4 208
 1 209
 1 210
 0 211
 0 212
 1 213
 0 214
 0 215
 1 216
 0 217
 0 218
 0 219
 0 220
 1 221
 0 222
 0 223
 1 224
 0 225
 2 226
 0 227
 0 228
 0 229
 0 230
 0 231
 0 232
 0 233
 0 234
 0 235
 0 236
 1 237
 0 238
 1 239
 0 240
 0 241
 0 242
 0 243
 0 244
 0 245
 0 246
 0 247
 0 248
 0 249
 0 250
 0 251
 0 252
 0 253
 0 254
 0 255
 0 256
 0 257
 0 258
 0 259
 0 260
 0 261
 0 262
 0 263
 0 264
 0 265
 0 266
 0 267
 0 268
 0 269
 0 270
 0 271
 0 272
 0 273
 0 274
 0 275
 0 276
 0 277
 0 278
 0 279
 1 280
 0 281
 0 282
 0 283
 0 284
 0 285
 0 286
 1 287
 0 288
 0 289
 0 290
 3 291
 0 292
 0 293
 2 294
 3 295
 1 296
 1 297
 1 298
 3 299
 0 300
 2 301
 1 302
 0 303
 3 304
 0 305
 1 306
 0 307
 0 308
 0 309
 1 310
 1 311
 0 312
 0 313
 2 314
 2 315
 2 316
 0 317
 1 318
 2 319
 0 320
 2 321
 1 322
 1 323
 0 324
 5 325
 0 326
 0 327
 2 328
 0 329
 2 330
 3 331
 2 332
 2 333
 0 334
 2 335
 0 336
 2 337
 1 338
 1 339
 0 340
 0 341
 3 342
 1 343
 0 344
 2 345
 4 346
 2 347
 3 348
 1 349
 1 350
 1 351
 6 352
 0 353
 0 354
 3 355
 3 356
 0 357
 1 358
 0 359
 0 360
 1 361
 0 362
 1 363
 0 364
 0 365
 0 366
 0 367
 4 368
 1 369
 0 370
 0 371
 0 372
 0 373
 2 374
 1 375
 1 376
 0 377
 1 378
 0 379
 0 380
 1 381
 0 382
 1 383
 0 384
 0 385
 0 386
 0 387
 1 388
 0 389
 0 390
 1 391
 0 392
 0 393
 0 394
 0 395
 0 396
 0 397
 0 398
 0 399
 0 400
 0 401
 0 402
 0 403
 0 404
 0 405
 0 406
 0 407
 1 408
 0 409
 1 410
 0 411
 0 412
 0 413
 0 414
 0 415
 0 416
 0 417
 0 418
 0 419
 0 420
 0 421
 0 422
 1 423
 0 424
 0 425
 0 426
 0 427
 0 428
 0 429
 0 430
 0 431
 0 432
 0 433
 0 434
 0 435
 0 436
 0 437
 0 438
 0 439
 0 440
 0 441
 0 442
 0 443
 0 444
 0 445
 0 446
 0 447
 0 448
 0 449
 0 450
 0 451
 0 452
 0 453
 0 454
 0 455
 0 456
 0 457
 0 458
 0 459
 0 460
 0 461
 0 462
 0 463
 0 464
 0 465
 0 466
 0 467
 0 468
 0 469
 0 470
 0 471
 0 472
 0 473
 0 474
 0 475
 0 476
 0 477
 0 478
 0 479
 0 480
 0 481
 0 482
 0 483
 0 484
 0 485
 0 486
 0 487
 0 488
 0 489
 0 490
 0 491
 0 492
 0 493
 0 494
 0 495
 0 496
 0 497
 0 498
 0 499
 0 500
 0 501
 0 502
 0 503
 0 504
 0 505
 0 506
 0 507
 0 508
 0 509
 0 510
 0 511
 0 512
 0 513
 0 514
 0 515
 0 516
 0 517
 0 518
 0 519
 0 520
 0 521
 0 522
 0 523
 0 524
 0 525
 0 526
 0 527
 0 528
 0 529
 0 530
 0 531
 0 532
 0 533
 0 534
 0 535
 0 536
 0 537
 0 538
 0 539
 0 540
 0 541
 0 542
 0 543
 0 544
 0 545
 0 546
 0 547
 0 548
 0 549
 0 550
 0 551
 0 552
 0 553
 0 554
 0 555
 0 556
 0 557
 0 558
 0 559
 0 560
 0 561
 0 562
 0 563
 0 564
 0 565
 0 566
 0 567
 0 568
 0 569
 0 570
 0 571
 0 572
 0 573
 0 574
 0 575
 0 576
 0 577
 0 578
 0 579
 0 580
 0 581
 0 582
 0 583
 0 584
 0 585
 0 586
 0 587
 0 588
 0 589
 0 590
 0 591
 0 592
 0 593
 0 594
 0 595
 0 596
 0 597
 0 598
 0 599
 0 600


