# Created by Octave 3.8.2, Mon Jun 22 02:23:42 2020 CEST <damian@fptrucha.inv.usc.es>
# name: hd
# type: matrix
# rows: 551
# columns: 2
 0 50
 0 51
 0 52
 0 53
 0 54
 0 55
 0 56
 0 57
 0 58
 0 59
 0 60
 0 61
 0 62
 0 63
 0 64
 0 65
 0 66
 0 67
 0 68
 0 69
 0 70
 0 71
 0 72
 0 73
 0 74
 0 75
 0 76
 0 77
 0 78
 0 79
 0 80
 0 81
 0 82
 0 83
 0 84
 0 85
 0 86
 0 87
 0 88
 3 89
 3 90
 31 91
 78 92
 102 93
 173 94
 261 95
 440 96
 607 97
 777 98
 915 99
 1106 100
 1152 101
 1290 102
 1326 103
 1353 104
 1344 105
 1297 106
 1330 107
 1273 108
 1234 109
 1186 110
 1070 111
 1041 112
 925 113
 834 114
 798 115
 806 116
 702 117
 617 118
 576 119
 508 120
 477 121
 458 122
 398 123
 366 124
 330 125
 324 126
 286 127
 246 128
 234 129
 231 130
 186 131
 189 132
 198 133
 176 134
 152 135
 131 136
 116 137
 109 138
 131 139
 106 140
 90 141
 85 142
 80 143
 89 144
 71 145
 66 146
 58 147
 55 148
 45 149
 54 150
 61 151
 57 152
 35 153
 39 154
 54 155
 42 156
 41 157
 35 158
 30 159
 30 160
 20 161
 28 162
 27 163
 23 164
 27 165
 16 166
 19 167
 13 168
 14 169
 17 170
 17 171
 12 172
 10 173
 12 174
 15 175
 12 176
 6 177
 9 178
 5 179
 8 180
 8 181
 8 182
 6 183
 6 184
 7 185
 4 186
 6 187
 6 188
 4 189
 0 190
 4 191
 3 192
 3 193
 1 194
 2 195
 2 196
 2 197
 4 198
 6 199
 2 200
 1 201
 2 202
 0 203
 3 204
 0 205
 0 206
 2 207
 0 208
 1 209
 0 210
 3 211
 0 212
 0 213
 1 214
 1 215
 2 216
 1 217
 1 218
 0 219
 0 220
 0 221
 1 222
 0 223
 0 224
 0 225
 1 226
 0 227
 0 228
 0 229
 0 230
 0 231
 1 232
 0 233
 0 234
 0 235
 0 236
 0 237
 0 238
 0 239
 0 240
 0 241
 0 242
 0 243
 0 244
 0 245
 0 246
 0 247
 0 248
 0 249
 0 250
 0 251
 0 252
 0 253
 0 254
 0 255
 0 256
 0 257
 0 258
 0 259
 0 260
 0 261
 0 262
 0 263
 0 264
 0 265
 0 266
 0 267
 0 268
 0 269
 0 270
 0 271
 1 272
 0 273
 0 274
 0 275
 0 276
 0 277
 0 278
 0 279
 1 280
 1 281
 0 282
 0 283
 0 284
 0 285
 1 286
 0 287
 1 288
 0 289
 1 290
 0 291
 1 292
 1 293
 2 294
 0 295
 1 296
 0 297
 1 298
 1 299
 1 300
 1 301
 1 302
 0 303
 1 304
 1 305
 1 306
 1 307
 1 308
 1 309
 0 310
 2 311
 0 312
 0 313
 3 314
 1 315
 3 316
 1 317
 3 318
 4 319
 1 320
 2 321
 1 322
 2 323
 0 324
 0 325
 2 326
 3 327
 3 328
 0 329
 5 330
 4 331
 1 332
 4 333
 1 334
 2 335
 3 336
 2 337
 1 338
 2 339
 3 340
 3 341
 1 342
 4 343
 1 344
 2 345
 1 346
 1 347
 2 348
 3 349
 3 350
 1 351
 3 352
 1 353
 0 354
 1 355
 1 356
 3 357
 2 358
 0 359
 0 360
 0 361
 0 362
 0 363
 2 364
 2 365
 0 366
 1 367
 0 368
 1 369
 0 370
 0 371
 1 372
 0 373
 2 374
 2 375
 0 376
 0 377
 0 378
 0 379
 0 380
 0 381
 1 382
 0 383
 0 384
 0 385
 0 386
 0 387
 0 388
 0 389
 1 390
 0 391
 0 392
 0 393
 0 394
 0 395
 0 396
 1 397
 0 398
 0 399
 1 400
 0 401
 0 402
 0 403
 0 404
 0 405
 0 406
 0 407
 0 408
 0 409
 0 410
 0 411
 0 412
 0 413
 0 414
 0 415
 0 416
 0 417
 0 418
 1 419
 0 420
 0 421
 0 422
 0 423
 0 424
 0 425
 0 426
 0 427
 0 428
 0 429
 0 430
 0 431
 0 432
 0 433
 0 434
 0 435
 0 436
 0 437
 0 438
 0 439
 0 440
 0 441
 0 442
 0 443
 0 444
 0 445
 0 446
 0 447
 0 448
 0 449
 0 450
 0 451
 0 452
 0 453
 0 454
 0 455
 0 456
 0 457
 0 458
 0 459
 0 460
 0 461
 0 462
 0 463
 0 464
 0 465
 0 466
 0 467
 0 468
 0 469
 0 470
 0 471
 0 472
 0 473
 0 474
 0 475
 0 476
 0 477
 0 478
 0 479
 0 480
 0 481
 0 482
 0 483
 0 484
 0 485
 0 486
 0 487
 0 488
 0 489
 0 490
 0 491
 0 492
 0 493
 0 494
 0 495
 0 496
 0 497
 0 498
 0 499
 0 500
 0 501
 0 502
 0 503
 0 504
 0 505
 0 506
 0 507
 0 508
 0 509
 0 510
 0 511
 0 512
 0 513
 0 514
 0 515
 0 516
 0 517
 0 518
 0 519
 0 520
 0 521
 0 522
 0 523
 0 524
 0 525
 0 526
 0 527
 0 528
 0 529
 0 530
 0 531
 0 532
 0 533
 0 534
 0 535
 0 536
 0 537
 0 538
 0 539
 0 540
 0 541
 0 542
 0 543
 0 544
 0 545
 0 546
 0 547
 0 548
 0 549
 0 550
 0 551
 0 552
 0 553
 0 554
 0 555
 0 556
 0 557
 0 558
 0 559
 0 560
 0 561
 0 562
 0 563
 0 564
 0 565
 0 566
 0 567
 0 568
 0 569
 0 570
 0 571
 0 572
 0 573
 0 574
 0 575
 0 576
 0 577
 0 578
 0 579
 0 580
 0 581
 0 582
 0 583
 0 584
 0 585
 0 586
 0 587
 0 588
 0 589
 0 590
 0 591
 0 592
 0 593
 0 594
 0 595
 0 596
 0 597
 0 598
 0 599
 0 600


