# Created by Octave 3.8.2, Sat Jun 20 14:51:09 2020 CEST <damian@fptrucha.inv.usc.es>
# name: hd
# type: matrix
# rows: 551
# columns: 2
 0 50
 0 51
 0 52
 0 53
 0 54
 0 55
 0 56
 0 57
 0 58
 0 59
 0 60
 0 61
 0 62
 0 63
 0 64
 0 65
 0 66
 0 67
 0 68
 0 69
 0 70
 0 71
 0 72
 0 73
 0 74
 0 75
 0 76
 0 77
 0 78
 0 79
 0 80
 0 81
 0 82
 0 83
 0 84
 0 85
 0 86
 2 87
 5 88
 3 89
 7 90
 28 91
 71 92
 124 93
 174 94
 275 95
 426 96
 632 97
 740 98
 914 99
 1008 100
 1175 101
 1276 102
 1299 103
 1311 104
 1438 105
 1373 106
 1388 107
 1430 108
 1342 109
 1263 110
 1206 111
 1164 112
 1149 113
 1087 114
 1020 115
 916 116
 864 117
 824 118
 768 119
 750 120
 680 121
 657 122
 594 123
 540 124
 508 125
 439 126
 363 127
 362 128
 327 129
 307 130
 264 131
 263 132
 250 133
 212 134
 200 135
 176 136
 161 137
 164 138
 144 139
 129 140
 153 141
 99 142
 125 143
 92 144
 115 145
 88 146
 86 147
 87 148
 76 149
 76 150
 79 151
 55 152
 54 153
 90 154
 55 155
 60 156
 54 157
 47 158
 40 159
 52 160
 26 161
 32 162
 29 163
 30 164
 29 165
 20 166
 24 167
 24 168
 20 169
 24 170
 21 171
 15 172
 17 173
 13 174
 10 175
 18 176
 7 177
 13 178
 10 179
 9 180
 3 181
 11 182
 8 183
 13 184
 5 185
 6 186
 5 187
 7 188
 4 189
 5 190
 4 191
 11 192
 4 193
 2 194
 7 195
 2 196
 2 197
 0 198
 6 199
 0 200
 1 201
 2 202
 0 203
 3 204
 1 205
 2 206
 0 207
 1 208
 1 209
 3 210
 0 211
 1 212
 0 213
 1 214
 1 215
 0 216
 0 217
 1 218
 0 219
 0 220
 0 221
 0 222
 0 223
 0 224
 0 225
 0 226
 0 227
 0 228
 0 229
 0 230
 0 231
 0 232
 0 233
 0 234
 0 235
 0 236
 0 237
 0 238
 0 239
 0 240
 0 241
 0 242
 0 243
 0 244
 0 245
 0 246
 0 247
 0 248
 0 249
 0 250
 0 251
 0 252
 0 253
 0 254
 0 255
 0 256
 0 257
 0 258
 0 259
 0 260
 0 261
 0 262
 0 263
 0 264
 0 265
 0 266
 0 267
 0 268
 0 269
 0 270
 0 271
 0 272
 0 273
 0 274
 0 275
 0 276
 0 277
 0 278
 0 279
 0 280
 0 281
 2 282
 0 283
 0 284
 0 285
 2 286
 0 287
 0 288
 0 289
 0 290
 0 291
 1 292
 0 293
 2 294
 3 295
 0 296
 0 297
 2 298
 0 299
 1 300
 0 301
 4 302
 2 303
 1 304
 3 305
 1 306
 0 307
 3 308
 1 309
 2 310
 2 311
 1 312
 1 313
 1 314
 2 315
 3 316
 1 317
 2 318
 3 319
 3 320
 4 321
 1 322
 1 323
 2 324
 8 325
 0 326
 3 327
 0 328
 2 329
 3 330
 1 331
 1 332
 2 333
 3 334
 4 335
 3 336
 0 337
 4 338
 1 339
 4 340
 5 341
 1 342
 1 343
 2 344
 1 345
 6 346
 0 347
 1 348
 2 349
 1 350
 2 351
 1 352
 1 353
 1 354
 1 355
 1 356
 0 357
 3 358
 5 359
 1 360
 2 361
 0 362
 0 363
 1 364
 0 365
 1 366
 2 367
 1 368
 1 369
 0 370
 1 371
 2 372
 2 373
 0 374
 0 375
 0 376
 1 377
 0 378
 1 379
 2 380
 1 381
 1 382
 1 383
 0 384
 1 385
 2 386
 0 387
 1 388
 0 389
 1 390
 1 391
 1 392
 0 393
 0 394
 1 395
 0 396
 0 397
 1 398
 0 399
 1 400
 1 401
 0 402
 0 403
 0 404
 0 405
 0 406
 0 407
 0 408
 0 409
 0 410
 0 411
 1 412
 0 413
 0 414
 0 415
 0 416
 1 417
 0 418
 1 419
 0 420
 0 421
 0 422
 0 423
 0 424
 0 425
 0 426
 0 427
 0 428
 0 429
 0 430
 0 431
 0 432
 0 433
 0 434
 0 435
 0 436
 0 437
 0 438
 0 439
 0 440
 0 441
 0 442
 0 443
 0 444
 0 445
 0 446
 0 447
 0 448
 0 449
 0 450
 0 451
 0 452
 0 453
 0 454
 0 455
 0 456
 0 457
 0 458
 0 459
 0 460
 0 461
 0 462
 0 463
 0 464
 0 465
 0 466
 0 467
 0 468
 0 469
 0 470
 0 471
 0 472
 0 473
 0 474
 0 475
 0 476
 0 477
 0 478
 0 479
 0 480
 0 481
 0 482
 0 483
 0 484
 0 485
 0 486
 0 487
 0 488
 0 489
 0 490
 0 491
 0 492
 0 493
 0 494
 0 495
 0 496
 0 497
 0 498
 0 499
 0 500
 0 501
 0 502
 0 503
 0 504
 0 505
 0 506
 0 507
 0 508
 0 509
 0 510
 0 511
 0 512
 0 513
 0 514
 0 515
 0 516
 0 517
 0 518
 0 519
 0 520
 0 521
 0 522
 0 523
 0 524
 0 525
 0 526
 0 527
 0 528
 0 529
 0 530
 0 531
 0 532
 0 533
 0 534
 0 535
 0 536
 0 537
 0 538
 0 539
 0 540
 0 541
 0 542
 0 543
 0 544
 0 545
 0 546
 0 547
 0 548
 0 549
 0 550
 0 551
 0 552
 0 553
 0 554
 0 555
 0 556
 0 557
 0 558
 0 559
 0 560
 0 561
 0 562
 0 563
 0 564
 0 565
 0 566
 0 567
 0 568
 0 569
 0 570
 0 571
 0 572
 0 573
 0 574
 0 575
 0 576
 0 577
 0 578
 0 579
 0 580
 0 581
 0 582
 0 583
 0 584
 0 585
 0 586
 0 587
 0 588
 0 589
 0 590
 0 591
 0 592
 0 593
 0 594
 0 595
 0 596
 0 597
 0 598
 0 599
 0 600


