# Created by Octave 3.8.2, Sat Jun 20 07:33:10 2020 CEST <damian@fptrucha.inv.usc.es>
# name: hd
# type: matrix
# rows: 551
# columns: 2
 0 50
 0 51
 0 52
 0 53
 0 54
 0 55
 0 56
 0 57
 0 58
 0 59
 0 60
 0 61
 0 62
 0 63
 0 64
 0 65
 0 66
 0 67
 0 68
 0 69
 0 70
 0 71
 0 72
 0 73
 0 74
 0 75
 0 76
 0 77
 0 78
 0 79
 0 80
 0 81
 0 82
 0 83
 0 84
 0 85
 0 86
 0 87
 2 88
 2 89
 4 90
 40 91
 83 92
 108 93
 182 94
 323 95
 509 96
 663 97
 838 98
 1030 99
 1214 100
 1295 101
 1446 102
 1451 103
 1605 104
 1543 105
 1511 106
 1586 107
 1529 108
 1452 109
 1459 110
 1383 111
 1376 112
 1249 113
 1150 114
 1106 115
 1000 116
 912 117
 845 118
 832 119
 699 120
 687 121
 613 122
 585 123
 538 124
 540 125
 480 126
 395 127
 375 128
 365 129
 335 130
 272 131
 240 132
 272 133
 255 134
 210 135
 186 136
 182 137
 165 138
 149 139
 155 140
 117 141
 121 142
 104 143
 104 144
 111 145
 102 146
 75 147
 69 148
 82 149
 81 150
 75 151
 52 152
 66 153
 63 154
 52 155
 69 156
 49 157
 52 158
 41 159
 24 160
 34 161
 39 162
 37 163
 29 164
 25 165
 38 166
 26 167
 29 168
 28 169
 24 170
 16 171
 11 172
 17 173
 17 174
 7 175
 9 176
 7 177
 10 178
 11 179
 5 180
 10 181
 11 182
 7 183
 7 184
 7 185
 4 186
 6 187
 2 188
 8 189
 3 190
 7 191
 4 192
 2 193
 2 194
 2 195
 4 196
 1 197
 0 198
 4 199
 1 200
 0 201
 1 202
 4 203
 1 204
 0 205
 0 206
 2 207
 1 208
 0 209
 0 210
 0 211
 1 212
 1 213
 0 214
 1 215
 0 216
 2 217
 1 218
 1 219
 1 220
 0 221
 1 222
 1 223
 0 224
 1 225
 0 226
 0 227
 0 228
 1 229
 0 230
 0 231
 0 232
 0 233
 0 234
 0 235
 0 236
 0 237
 0 238
 0 239
 0 240
 0 241
 0 242
 0 243
 0 244
 0 245
 0 246
 0 247
 0 248
 0 249
 0 250
 0 251
 0 252
 0 253
 0 254
 0 255
 0 256
 0 257
 0 258
 0 259
 0 260
 0 261
 0 262
 0 263
 0 264
 0 265
 0 266
 0 267
 1 268
 0 269
 0 270
 0 271
 0 272
 0 273
 0 274
 0 275
 0 276
 0 277
 0 278
 0 279
 0 280
 0 281
 1 282
 0 283
 0 284
 2 285
 0 286
 0 287
 0 288
 1 289
 0 290
 1 291
 0 292
 1 293
 1 294
 2 295
 1 296
 1 297
 3 298
 0 299
 2 300
 1 301
 1 302
 1 303
 2 304
 0 305
 0 306
 4 307
 0 308
 1 309
 0 310
 0 311
 0 312
 1 313
 0 314
 2 315
 2 316
 0 317
 2 318
 0 319
 1 320
 5 321
 0 322
 5 323
 1 324
 1 325
 5 326
 1 327
 2 328
 2 329
 3 330
 2 331
 2 332
 1 333
 2 334
 1 335
 1 336
 2 337
 1 338
 1 339
 1 340
 4 341
 3 342
 1 343
 1 344
 1 345
 3 346
 1 347
 1 348
 3 349
 2 350
 2 351
 2 352
 3 353
 1 354
 1 355
 1 356
 2 357
 2 358
 1 359
 1 360
 1 361
 1 362
 1 363
 5 364
 1 365
 0 366
 0 367
 2 368
 3 369
 1 370
 4 371
 1 372
 1 373
 0 374
 1 375
 1 376
 0 377
 1 378
 2 379
 0 380
 1 381
 0 382
 0 383
 0 384
 1 385
 0 386
 1 387
 0 388
 1 389
 0 390
 2 391
 1 392
 0 393
 0 394
 0 395
 0 396
 0 397
 0 398
 0 399
 0 400
 0 401
 1 402
 0 403
 0 404
 0 405
 0 406
 0 407
 0 408
 0 409
 0 410
 1 411
 0 412
 0 413
 0 414
 0 415
 0 416
 0 417
 0 418
 0 419
 0 420
 0 421
 0 422
 0 423
 0 424
 0 425
 0 426
 0 427
 0 428
 0 429
 0 430
 0 431
 0 432
 0 433
 0 434
 0 435
 0 436
 0 437
 0 438
 0 439
 0 440
 0 441
 0 442
 0 443
 0 444
 0 445
 0 446
 0 447
 0 448
 0 449
 0 450
 0 451
 0 452
 0 453
 0 454
 0 455
 0 456
 0 457
 0 458
 0 459
 0 460
 0 461
 0 462
 0 463
 0 464
 0 465
 0 466
 0 467
 0 468
 0 469
 0 470
 0 471
 0 472
 0 473
 0 474
 0 475
 0 476
 0 477
 0 478
 0 479
 0 480
 0 481
 0 482
 0 483
 0 484
 0 485
 0 486
 0 487
 0 488
 0 489
 0 490
 0 491
 0 492
 0 493
 0 494
 0 495
 0 496
 0 497
 0 498
 0 499
 0 500
 0 501
 0 502
 0 503
 0 504
 0 505
 0 506
 0 507
 0 508
 0 509
 0 510
 0 511
 0 512
 0 513
 0 514
 0 515
 0 516
 0 517
 0 518
 0 519
 0 520
 0 521
 0 522
 0 523
 0 524
 0 525
 0 526
 0 527
 0 528
 0 529
 0 530
 0 531
 0 532
 0 533
 0 534
 0 535
 0 536
 0 537
 0 538
 0 539
 0 540
 0 541
 0 542
 0 543
 0 544
 0 545
 0 546
 0 547
 0 548
 0 549
 0 550
 0 551
 0 552
 0 553
 0 554
 0 555
 0 556
 0 557
 0 558
 0 559
 0 560
 0 561
 0 562
 0 563
 0 564
 0 565
 0 566
 0 567
 0 568
 0 569
 0 570
 0 571
 0 572
 0 573
 0 574
 0 575
 0 576
 0 577
 0 578
 0 579
 0 580
 0 581
 0 582
 0 583
 0 584
 0 585
 0 586
 0 587
 0 588
 0 589
 0 590
 0 591
 0 592
 0 593
 0 594
 0 595
 0 596
 0 597
 0 598
 0 599
 0 600


