# Created by Octave 3.8.2, Mon Jun 22 09:59:27 2020 CEST <damian@fptrucha.inv.usc.es>
# name: hd
# type: matrix
# rows: 551
# columns: 2
 0 50
 0 51
 0 52
 0 53
 0 54
 0 55
 0 56
 0 57
 0 58
 0 59
 0 60
 0 61
 0 62
 0 63
 0 64
 0 65
 0 66
 0 67
 0 68
 0 69
 0 70
 0 71
 0 72
 0 73
 0 74
 0 75
 0 76
 0 77
 0 78
 0 79
 0 80
 0 81
 0 82
 0 83
 0 84
 0 85
 0 86
 0 87
 0 88
 2 89
 0 90
 11 91
 41 92
 68 93
 111 94
 159 95
 263 96
 386 97
 534 98
 636 99
 733 100
 846 101
 876 102
 949 103
 918 104
 967 105
 931 106
 923 107
 922 108
 910 109
 891 110
 789 111
 728 112
 671 113
 615 114
 605 115
 579 116
 529 117
 449 118
 415 119
 379 120
 368 121
 312 122
 323 123
 250 124
 267 125
 247 126
 199 127
 196 128
 180 129
 164 130
 138 131
 140 132
 140 133
 103 134
 122 135
 84 136
 107 137
 89 138
 83 139
 78 140
 79 141
 82 142
 71 143
 56 144
 77 145
 58 146
 42 147
 47 148
 42 149
 39 150
 39 151
 53 152
 34 153
 49 154
 38 155
 34 156
 37 157
 26 158
 28 159
 20 160
 22 161
 25 162
 29 163
 24 164
 26 165
 24 166
 14 167
 21 168
 16 169
 11 170
 11 171
 5 172
 3 173
 12 174
 11 175
 8 176
 12 177
 8 178
 16 179
 10 180
 4 181
 8 182
 4 183
 4 184
 12 185
 4 186
 3 187
 5 188
 6 189
 4 190
 2 191
 4 192
 3 193
 3 194
 1 195
 0 196
 3 197
 1 198
 6 199
 1 200
 1 201
 0 202
 1 203
 0 204
 0 205
 2 206
 1 207
 0 208
 0 209
 0 210
 2 211
 0 212
 1 213
 0 214
 1 215
 0 216
 0 217
 1 218
 0 219
 1 220
 0 221
 0 222
 0 223
 0 224
 0 225
 0 226
 0 227
 0 228
 0 229
 0 230
 0 231
 0 232
 0 233
 0 234
 1 235
 0 236
 0 237
 0 238
 0 239
 0 240
 0 241
 0 242
 0 243
 0 244
 0 245
 0 246
 0 247
 0 248
 0 249
 0 250
 0 251
 0 252
 0 253
 0 254
 0 255
 0 256
 0 257
 0 258
 0 259
 0 260
 0 261
 0 262
 0 263
 0 264
 0 265
 0 266
 0 267
 0 268
 0 269
 0 270
 0 271
 0 272
 0 273
 0 274
 0 275
 1 276
 0 277
 0 278
 1 279
 0 280
 0 281
 0 282
 0 283
 0 284
 0 285
 1 286
 0 287
 0 288
 0 289
 1 290
 1 291
 0 292
 1 293
 1 294
 2 295
 3 296
 2 297
 2 298
 1 299
 1 300
 0 301
 0 302
 0 303
 4 304
 2 305
 0 306
 0 307
 2 308
 1 309
 0 310
 0 311
 1 312
 3 313
 0 314
 1 315
 2 316
 0 317
 1 318
 0 319
 3 320
 3 321
 2 322
 1 323
 1 324
 5 325
 2 326
 4 327
 1 328
 0 329
 3 330
 2 331
 3 332
 2 333
 1 334
 0 335
 0 336
 2 337
 2 338
 2 339
 0 340
 2 341
 0 342
 4 343
 5 344
 2 345
 1 346
 0 347
 0 348
 2 349
 3 350
 2 351
 1 352
 1 353
 0 354
 1 355
 1 356
 0 357
 1 358
 3 359
 2 360
 1 361
 1 362
 0 363
 1 364
 1 365
 3 366
 1 367
 0 368
 1 369
 3 370
 1 371
 1 372
 2 373
 0 374
 2 375
 0 376
 1 377
 0 378
 0 379
 1 380
 0 381
 1 382
 1 383
 0 384
 1 385
 1 386
 0 387
 1 388
 1 389
 0 390
 0 391
 0 392
 2 393
 0 394
 0 395
 0 396
 0 397
 0 398
 0 399
 0 400
 0 401
 0 402
 0 403
 0 404
 0 405
 0 406
 0 407
 1 408
 0 409
 0 410
 0 411
 1 412
 0 413
 0 414
 0 415
 0 416
 0 417
 0 418
 0 419
 0 420
 0 421
 0 422
 0 423
 0 424
 0 425
 0 426
 0 427
 0 428
 0 429
 0 430
 0 431
 0 432
 0 433
 0 434
 0 435
 0 436
 0 437
 0 438
 0 439
 0 440
 0 441
 0 442
 0 443
 0 444
 0 445
 0 446
 0 447
 0 448
 0 449
 0 450
 0 451
 0 452
 0 453
 0 454
 0 455
 0 456
 0 457
 0 458
 0 459
 0 460
 0 461
 0 462
 0 463
 0 464
 0 465
 0 466
 0 467
 0 468
 0 469
 0 470
 0 471
 0 472
 0 473
 0 474
 0 475
 0 476
 0 477
 0 478
 0 479
 0 480
 0 481
 0 482
 0 483
 0 484
 0 485
 0 486
 0 487
 0 488
 0 489
 0 490
 0 491
 0 492
 0 493
 0 494
 0 495
 0 496
 0 497
 0 498
 0 499
 0 500
 0 501
 0 502
 0 503
 0 504
 0 505
 0 506
 0 507
 0 508
 0 509
 0 510
 0 511
 0 512
 0 513
 0 514
 0 515
 0 516
 0 517
 0 518
 0 519
 0 520
 0 521
 0 522
 0 523
 0 524
 0 525
 0 526
 0 527
 0 528
 0 529
 0 530
 0 531
 0 532
 0 533
 0 534
 0 535
 0 536
 0 537
 0 538
 0 539
 0 540
 0 541
 0 542
 0 543
 0 544
 0 545
 0 546
 0 547
 0 548
 0 549
 0 550
 0 551
 0 552
 0 553
 0 554
 0 555
 0 556
 0 557
 0 558
 0 559
 0 560
 0 561
 0 562
 0 563
 0 564
 0 565
 0 566
 0 567
 0 568
 0 569
 0 570
 0 571
 0 572
 0 573
 0 574
 0 575
 0 576
 0 577
 0 578
 0 579
 0 580
 0 581
 0 582
 0 583
 0 584
 0 585
 0 586
 0 587
 0 588
 0 589
 0 590
 0 591
 0 592
 0 593
 0 594
 0 595
 0 596
 0 597
 0 598
 0 599
 0 600


