# Created by Octave 3.8.2, Sun Jun 21 03:28:56 2020 CEST <damian@fptrucha.inv.usc.es>
# name: hd
# type: matrix
# rows: 551
# columns: 2
 0 50
 0 51
 0 52
 0 53
 0 54
 0 55
 0 56
 0 57
 0 58
 0 59
 0 60
 0 61
 0 62
 0 63
 0 64
 0 65
 0 66
 0 67
 0 68
 0 69
 0 70
 0 71
 0 72
 0 73
 0 74
 0 75
 0 76
 0 77
 0 78
 0 79
 0 80
 0 81
 0 82
 0 83
 0 84
 0 85
 0 86
 0 87
 4 88
 1 89
 2 90
 28 91
 73 92
 119 93
 178 94
 268 95
 425 96
 581 97
 742 98
 880 99
 961 100
 1114 101
 1149 102
 1198 103
 1274 104
 1286 105
 1284 106
 1298 107
 1275 108
 1218 109
 1246 110
 1165 111
 1149 112
 1080 113
 1022 114
 997 115
 929 116
 870 117
 839 118
 777 119
 707 120
 638 121
 583 122
 492 123
 515 124
 464 125
 469 126
 378 127
 345 128
 301 129
 303 130
 286 131
 236 132
 205 133
 197 134
 210 135
 163 136
 165 137
 132 138
 132 139
 132 140
 110 141
 124 142
 105 143
 98 144
 94 145
 80 146
 89 147
 72 148
 68 149
 64 150
 58 151
 62 152
 56 153
 59 154
 43 155
 48 156
 33 157
 44 158
 43 159
 33 160
 45 161
 21 162
 22 163
 29 164
 25 165
 27 166
 16 167
 12 168
 20 169
 14 170
 18 171
 11 172
 10 173
 12 174
 14 175
 16 176
 8 177
 8 178
 9 179
 9 180
 7 181
 13 182
 8 183
 12 184
 3 185
 2 186
 4 187
 9 188
 5 189
 5 190
 2 191
 4 192
 1 193
 3 194
 5 195
 3 196
 3 197
 1 198
 1 199
 4 200
 1 201
 4 202
 2 203
 3 204
 2 205
 2 206
 0 207
 0 208
 1 209
 1 210
 1 211
 0 212
 2 213
 1 214
 1 215
 0 216
 0 217
 0 218
 0 219
 0 220
 0 221
 2 222
 0 223
 0 224
 0 225
 0 226
 0 227
 0 228
 0 229
 0 230
 1 231
 0 232
 0 233
 0 234
 0 235
 0 236
 0 237
 0 238
 0 239
 0 240
 1 241
 0 242
 0 243
 0 244
 0 245
 0 246
 1 247
 0 248
 0 249
 0 250
 0 251
 0 252
 0 253
 0 254
 0 255
 0 256
 0 257
 0 258
 0 259
 0 260
 0 261
 0 262
 0 263
 0 264
 0 265
 0 266
 0 267
 0 268
 0 269
 0 270
 0 271
 1 272
 0 273
 0 274
 0 275
 0 276
 0 277
 0 278
 0 279
 0 280
 1 281
 1 282
 0 283
 1 284
 0 285
 0 286
 0 287
 1 288
 0 289
 0 290
 2 291
 1 292
 1 293
 0 294
 0 295
 1 296
 0 297
 0 298
 1 299
 1 300
 2 301
 6 302
 0 303
 0 304
 1 305
 2 306
 2 307
 1 308
 2 309
 2 310
 1 311
 0 312
 4 313
 3 314
 3 315
 1 316
 2 317
 2 318
 1 319
 3 320
 2 321
 5 322
 1 323
 1 324
 2 325
 2 326
 3 327
 3 328
 3 329
 4 330
 2 331
 3 332
 7 333
 4 334
 3 335
 2 336
 2 337
 3 338
 1 339
 2 340
 4 341
 3 342
 3 343
 2 344
 1 345
 2 346
 1 347
 3 348
 4 349
 4 350
 0 351
 2 352
 2 353
 1 354
 1 355
 6 356
 2 357
 2 358
 2 359
 2 360
 2 361
 3 362
 2 363
 2 364
 2 365
 1 366
 0 367
 0 368
 0 369
 0 370
 0 371
 0 372
 0 373
 1 374
 2 375
 0 376
 0 377
 0 378
 0 379
 1 380
 1 381
 0 382
 0 383
 0 384
 0 385
 1 386
 0 387
 0 388
 0 389
 2 390
 0 391
 0 392
 0 393
 0 394
 0 395
 0 396
 0 397
 0 398
 0 399
 0 400
 1 401
 0 402
 0 403
 0 404
 0 405
 0 406
 0 407
 0 408
 0 409
 0 410
 0 411
 0 412
 0 413
 0 414
 0 415
 1 416
 0 417
 0 418
 0 419
 0 420
 0 421
 0 422
 0 423
 0 424
 0 425
 1 426
 0 427
 0 428
 0 429
 0 430
 0 431
 0 432
 0 433
 0 434
 0 435
 0 436
 0 437
 0 438
 0 439
 0 440
 0 441
 0 442
 0 443
 0 444
 0 445
 0 446
 0 447
 0 448
 0 449
 0 450
 0 451
 0 452
 0 453
 0 454
 0 455
 0 456
 0 457
 0 458
 0 459
 0 460
 0 461
 0 462
 0 463
 0 464
 0 465
 0 466
 0 467
 0 468
 0 469
 0 470
 0 471
 0 472
 0 473
 0 474
 0 475
 0 476
 0 477
 0 478
 0 479
 0 480
 0 481
 0 482
 0 483
 0 484
 0 485
 0 486
 0 487
 0 488
 0 489
 0 490
 0 491
 0 492
 0 493
 0 494
 0 495
 0 496
 0 497
 0 498
 0 499
 0 500
 0 501
 0 502
 0 503
 0 504
 0 505
 0 506
 0 507
 0 508
 0 509
 0 510
 0 511
 0 512
 0 513
 0 514
 0 515
 0 516
 0 517
 0 518
 0 519
 0 520
 0 521
 0 522
 0 523
 0 524
 0 525
 0 526
 0 527
 0 528
 0 529
 0 530
 0 531
 0 532
 0 533
 0 534
 0 535
 0 536
 0 537
 0 538
 0 539
 0 540
 0 541
 0 542
 0 543
 0 544
 0 545
 0 546
 0 547
 0 548
 0 549
 0 550
 0 551
 0 552
 0 553
 0 554
 0 555
 0 556
 0 557
 0 558
 0 559
 0 560
 0 561
 0 562
 0 563
 0 564
 0 565
 0 566
 0 567
 0 568
 0 569
 0 570
 0 571
 0 572
 0 573
 0 574
 0 575
 0 576
 0 577
 0 578
 0 579
 0 580
 0 581
 0 582
 0 583
 0 584
 0 585
 0 586
 0 587
 0 588
 0 589
 0 590
 0 591
 0 592
 0 593
 0 594
 0 595
 0 596
 0 597
 0 598
 0 599
 0 600


