# Created by Octave 3.8.2, Mon Jun 22 20:56:55 2020 CEST <damian@fptrucha.inv.usc.es>
# name: hd
# type: matrix
# rows: 551
# columns: 2
 0 50
 0 51
 0 52
 0 53
 0 54
 0 55
 0 56
 0 57
 0 58
 0 59
 0 60
 0 61
 0 62
 0 63
 0 64
 0 65
 0 66
 0 67
 0 68
 0 69
 0 70
 0 71
 0 72
 0 73
 0 74
 0 75
 0 76
 0 77
 0 78
 0 79
 0 80
 0 81
 0 82
 0 83
 0 84
 0 85
 0 86
 0 87
 0 88
 1 89
 3 90
 23 91
 93 92
 117 93
 159 94
 291 95
 461 96
 703 97
 903 98
 1114 99
 1337 100
 1445 101
 1485 102
 1522 103
 1597 104
 1530 105
 1615 106
 1522 107
 1509 108
 1429 109
 1372 110
 1231 111
 1218 112
 1141 113
 1063 114
 1009 115
 977 116
 825 117
 686 118
 685 119
 620 120
 563 121
 547 122
 471 123
 442 124
 401 125
 354 126
 336 127
 287 128
 287 129
 254 130
 231 131
 213 132
 217 133
 194 134
 190 135
 176 136
 132 137
 155 138
 158 139
 116 140
 112 141
 104 142
 96 143
 124 144
 85 145
 88 146
 76 147
 65 148
 62 149
 68 150
 55 151
 65 152
 70 153
 54 154
 57 155
 45 156
 49 157
 38 158
 46 159
 41 160
 22 161
 30 162
 33 163
 37 164
 28 165
 31 166
 23 167
 20 168
 24 169
 19 170
 14 171
 18 172
 15 173
 17 174
 15 175
 13 176
 13 177
 7 178
 12 179
 9 180
 5 181
 8 182
 8 183
 5 184
 8 185
 7 186
 6 187
 8 188
 3 189
 7 190
 6 191
 7 192
 4 193
 7 194
 2 195
 2 196
 6 197
 1 198
 1 199
 2 200
 2 201
 2 202
 3 203
 0 204
 1 205
 0 206
 1 207
 1 208
 2 209
 1 210
 1 211
 0 212
 1 213
 1 214
 1 215
 1 216
 2 217
 1 218
 0 219
 1 220
 1 221
 0 222
 0 223
 0 224
 0 225
 0 226
 0 227
 0 228
 0 229
 0 230
 0 231
 0 232
 0 233
 0 234
 0 235
 0 236
 0 237
 0 238
 0 239
 0 240
 1 241
 0 242
 0 243
 0 244
 0 245
 0 246
 0 247
 0 248
 0 249
 0 250
 0 251
 0 252
 0 253
 0 254
 0 255
 0 256
 0 257
 0 258
 0 259
 0 260
 0 261
 0 262
 0 263
 0 264
 0 265
 0 266
 0 267
 0 268
 0 269
 0 270
 0 271
 0 272
 0 273
 0 274
 0 275
 0 276
 0 277
 0 278
 0 279
 1 280
 0 281
 0 282
 0 283
 3 284
 0 285
 0 286
 1 287
 2 288
 0 289
 1 290
 1 291
 1 292
 3 293
 0 294
 0 295
 1 296
 1 297
 2 298
 1 299
 6 300
 2 301
 1 302
 2 303
 1 304
 2 305
 1 306
 1 307
 1 308
 5 309
 4 310
 3 311
 4 312
 3 313
 4 314
 3 315
 2 316
 2 317
 7 318
 1 319
 6 320
 5 321
 3 322
 2 323
 0 324
 3 325
 1 326
 0 327
 1 328
 5 329
 2 330
 2 331
 8 332
 2 333
 5 334
 2 335
 4 336
 4 337
 0 338
 5 339
 2 340
 2 341
 5 342
 1 343
 3 344
 4 345
 1 346
 2 347
 0 348
 5 349
 2 350
 1 351
 3 352
 0 353
 2 354
 2 355
 1 356
 0 357
 2 358
 0 359
 2 360
 1 361
 2 362
 0 363
 2 364
 0 365
 2 366
 1 367
 0 368
 0 369
 3 370
 0 371
 0 372
 1 373
 0 374
 0 375
 0 376
 1 377
 0 378
 2 379
 1 380
 0 381
 0 382
 3 383
 0 384
 0 385
 2 386
 0 387
 2 388
 0 389
 1 390
 0 391
 0 392
 0 393
 0 394
 0 395
 0 396
 0 397
 0 398
 0 399
 0 400
 0 401
 0 402
 0 403
 0 404
 0 405
 0 406
 0 407
 0 408
 0 409
 0 410
 0 411
 0 412
 0 413
 0 414
 0 415
 0 416
 0 417
 0 418
 0 419
 0 420
 0 421
 1 422
 0 423
 0 424
 0 425
 0 426
 0 427
 0 428
 0 429
 0 430
 0 431
 0 432
 0 433
 0 434
 0 435
 0 436
 0 437
 0 438
 0 439
 0 440
 0 441
 0 442
 0 443
 0 444
 0 445
 0 446
 0 447
 0 448
 0 449
 0 450
 0 451
 0 452
 0 453
 0 454
 0 455
 0 456
 0 457
 0 458
 0 459
 0 460
 0 461
 0 462
 0 463
 0 464
 0 465
 0 466
 0 467
 0 468
 0 469
 0 470
 0 471
 0 472
 0 473
 0 474
 0 475
 0 476
 0 477
 0 478
 0 479
 0 480
 0 481
 0 482
 0 483
 0 484
 0 485
 0 486
 0 487
 0 488
 0 489
 0 490
 0 491
 0 492
 0 493
 0 494
 0 495
 0 496
 0 497
 0 498
 0 499
 0 500
 0 501
 0 502
 0 503
 0 504
 0 505
 0 506
 0 507
 0 508
 0 509
 0 510
 0 511
 0 512
 0 513
 0 514
 0 515
 0 516
 0 517
 0 518
 0 519
 0 520
 0 521
 0 522
 0 523
 0 524
 0 525
 0 526
 0 527
 0 528
 0 529
 0 530
 0 531
 0 532
 0 533
 0 534
 0 535
 0 536
 0 537
 0 538
 0 539
 0 540
 0 541
 0 542
 0 543
 0 544
 0 545
 0 546
 0 547
 0 548
 0 549
 0 550
 0 551
 0 552
 0 553
 0 554
 0 555
 0 556
 0 557
 0 558
 0 559
 0 560
 0 561
 0 562
 0 563
 0 564
 0 565
 0 566
 0 567
 0 568
 0 569
 0 570
 0 571
 0 572
 0 573
 0 574
 0 575
 0 576
 0 577
 0 578
 0 579
 0 580
 0 581
 0 582
 0 583
 0 584
 0 585
 0 586
 0 587
 0 588
 0 589
 0 590
 0 591
 0 592
 0 593
 0 594
 0 595
 0 596
 0 597
 0 598
 0 599
 0 600


