# Created by Octave 3.8.2, Sun Jun 21 03:50:43 2020 CEST <damian@fptrucha.inv.usc.es>
# name: hd
# type: matrix
# rows: 551
# columns: 2
 0 50
 0 51
 0 52
 0 53
 0 54
 0 55
 0 56
 0 57
 0 58
 0 59
 0 60
 0 61
 0 62
 0 63
 0 64
 0 65
 0 66
 0 67
 0 68
 0 69
 0 70
 0 71
 0 72
 0 73
 0 74
 0 75
 0 76
 0 77
 0 78
 0 79
 0 80
 0 81
 0 82
 0 83
 0 84
 0 85
 0 86
 1 87
 0 88
 2 89
 4 90
 24 91
 85 92
 128 93
 147 94
 259 95
 385 96
 551 97
 697 98
 835 99
 974 100
 1127 101
 1131 102
 1199 103
 1257 104
 1231 105
 1247 106
 1289 107
 1219 108
 1207 109
 1279 110
 1185 111
 1121 112
 1139 113
 951 114
 1028 115
 925 116
 781 117
 801 118
 744 119
 667 120
 658 121
 597 122
 559 123
 520 124
 473 125
 375 126
 398 127
 351 128
 324 129
 334 130
 275 131
 252 132
 226 133
 212 134
 251 135
 194 136
 176 137
 153 138
 148 139
 143 140
 133 141
 110 142
 102 143
 100 144
 103 145
 96 146
 95 147
 66 148
 82 149
 76 150
 73 151
 65 152
 52 153
 56 154
 47 155
 45 156
 40 157
 54 158
 36 159
 29 160
 43 161
 32 162
 25 163
 26 164
 15 165
 28 166
 22 167
 10 168
 24 169
 24 170
 16 171
 22 172
 15 173
 14 174
 15 175
 9 176
 7 177
 12 178
 7 179
 5 180
 7 181
 10 182
 9 183
 5 184
 5 185
 7 186
 3 187
 4 188
 6 189
 3 190
 5 191
 5 192
 3 193
 1 194
 7 195
 2 196
 4 197
 3 198
 3 199
 0 200
 0 201
 3 202
 1 203
 4 204
 2 205
 1 206
 1 207
 2 208
 1 209
 0 210
 1 211
 2 212
 0 213
 0 214
 0 215
 0 216
 0 217
 1 218
 0 219
 0 220
 0 221
 0 222
 0 223
 0 224
 0 225
 0 226
 2 227
 0 228
 0 229
 0 230
 1 231
 0 232
 0 233
 0 234
 0 235
 0 236
 0 237
 0 238
 0 239
 0 240
 0 241
 0 242
 0 243
 0 244
 0 245
 0 246
 0 247
 0 248
 0 249
 0 250
 0 251
 0 252
 0 253
 0 254
 0 255
 1 256
 0 257
 0 258
 0 259
 0 260
 0 261
 0 262
 0 263
 0 264
 0 265
 0 266
 0 267
 0 268
 0 269
 0 270
 0 271
 0 272
 0 273
 0 274
 0 275
 0 276
 0 277
 0 278
 0 279
 0 280
 0 281
 0 282
 0 283
 0 284
 0 285
 0 286
 0 287
 0 288
 0 289
 0 290
 1 291
 1 292
 0 293
 0 294
 0 295
 1 296
 1 297
 0 298
 0 299
 0 300
 0 301
 1 302
 1 303
 2 304
 0 305
 1 306
 2 307
 0 308
 2 309
 2 310
 2 311
 1 312
 0 313
 0 314
 3 315
 0 316
 2 317
 4 318
 2 319
 3 320
 3 321
 1 322
 3 323
 1 324
 3 325
 3 326
 3 327
 4 328
 2 329
 5 330
 5 331
 1 332
 5 333
 1 334
 2 335
 2 336
 3 337
 3 338
 3 339
 3 340
 1 341
 1 342
 1 343
 3 344
 1 345
 1 346
 1 347
 3 348
 2 349
 2 350
 0 351
 1 352
 2 353
 1 354
 2 355
 2 356
 0 357
 2 358
 1 359
 2 360
 1 361
 0 362
 2 363
 1 364
 2 365
 2 366
 2 367
 2 368
 1 369
 1 370
 0 371
 0 372
 1 373
 0 374
 1 375
 0 376
 0 377
 0 378
 0 379
 2 380
 1 381
 0 382
 1 383
 0 384
 0 385
 1 386
 0 387
 1 388
 0 389
 0 390
 1 391
 0 392
 0 393
 1 394
 0 395
 0 396
 0 397
 0 398
 0 399
 0 400
 0 401
 0 402
 0 403
 0 404
 0 405
 0 406
 0 407
 0 408
 0 409
 0 410
 0 411
 0 412
 0 413
 0 414
 0 415
 0 416
 1 417
 0 418
 0 419
 0 420
 0 421
 0 422
 0 423
 0 424
 0 425
 0 426
 0 427
 0 428
 0 429
 1 430
 0 431
 0 432
 0 433
 0 434
 0 435
 0 436
 0 437
 0 438
 0 439
 0 440
 0 441
 0 442
 0 443
 0 444
 0 445
 0 446
 0 447
 0 448
 0 449
 0 450
 0 451
 0 452
 0 453
 0 454
 0 455
 0 456
 0 457
 0 458
 0 459
 0 460
 0 461
 0 462
 0 463
 0 464
 0 465
 0 466
 0 467
 0 468
 0 469
 0 470
 0 471
 0 472
 0 473
 0 474
 0 475
 0 476
 0 477
 0 478
 0 479
 0 480
 0 481
 0 482
 0 483
 0 484
 0 485
 0 486
 0 487
 0 488
 0 489
 0 490
 0 491
 0 492
 0 493
 0 494
 0 495
 0 496
 0 497
 0 498
 0 499
 0 500
 0 501
 0 502
 0 503
 0 504
 0 505
 0 506
 0 507
 0 508
 0 509
 0 510
 0 511
 0 512
 0 513
 0 514
 0 515
 0 516
 0 517
 0 518
 0 519
 0 520
 0 521
 0 522
 0 523
 0 524
 0 525
 0 526
 0 527
 0 528
 0 529
 0 530
 0 531
 0 532
 0 533
 0 534
 0 535
 0 536
 0 537
 0 538
 0 539
 0 540
 0 541
 0 542
 0 543
 0 544
 0 545
 0 546
 0 547
 0 548
 0 549
 0 550
 0 551
 0 552
 0 553
 0 554
 0 555
 0 556
 0 557
 0 558
 0 559
 0 560
 0 561
 0 562
 0 563
 0 564
 0 565
 0 566
 0 567
 0 568
 0 569
 0 570
 0 571
 0 572
 0 573
 0 574
 0 575
 0 576
 0 577
 0 578
 0 579
 0 580
 0 581
 0 582
 0 583
 0 584
 0 585
 0 586
 0 587
 0 588
 0 589
 0 590
 0 591
 0 592
 0 593
 0 594
 0 595
 0 596
 0 597
 0 598
 0 599
 0 600


