# Created by Octave 3.8.2, Sat Jun 20 20:19:54 2020 CEST <damian@fptrucha.inv.usc.es>
# name: hd
# type: matrix
# rows: 551
# columns: 2
 0 50
 0 51
 0 52
 0 53
 0 54
 0 55
 0 56
 0 57
 0 58
 0 59
 0 60
 0 61
 0 62
 0 63
 0 64
 0 65
 0 66
 0 67
 0 68
 0 69
 0 70
 0 71
 0 72
 0 73
 0 74
 0 75
 0 76
 0 77
 0 78
 0 79
 0 80
 0 81
 0 82
 0 83
 0 84
 0 85
 0 86
 0 87
 1 88
 4 89
 5 90
 32 91
 94 92
 115 93
 154 94
 279 95
 382 96
 566 97
 720 98
 814 99
 1004 100
 1078 101
 1142 102
 1277 103
 1264 104
 1364 105
 1314 106
 1392 107
 1307 108
 1372 109
 1297 110
 1209 111
 1167 112
 1095 113
 1065 114
 993 115
 927 116
 912 117
 813 118
 756 119
 731 120
 670 121
 633 122
 567 123
 490 124
 469 125
 437 126
 432 127
 378 128
 329 129
 345 130
 288 131
 253 132
 224 133
 231 134
 180 135
 198 136
 160 137
 143 138
 149 139
 136 140
 112 141
 125 142
 129 143
 127 144
 86 145
 82 146
 84 147
 90 148
 79 149
 75 150
 67 151
 56 152
 55 153
 59 154
 54 155
 61 156
 43 157
 48 158
 35 159
 41 160
 37 161
 28 162
 27 163
 22 164
 19 165
 28 166
 17 167
 23 168
 25 169
 13 170
 23 171
 21 172
 14 173
 18 174
 11 175
 19 176
 11 177
 7 178
 9 179
 9 180
 16 181
 11 182
 7 183
 5 184
 7 185
 2 186
 7 187
 2 188
 4 189
 3 190
 3 191
 3 192
 7 193
 2 194
 0 195
 3 196
 2 197
 6 198
 2 199
 2 200
 4 201
 0 202
 1 203
 2 204
 3 205
 2 206
 0 207
 0 208
 1 209
 0 210
 0 211
 1 212
 3 213
 1 214
 0 215
 0 216
 0 217
 0 218
 0 219
 0 220
 0 221
 1 222
 0 223
 0 224
 0 225
 0 226
 0 227
 0 228
 0 229
 0 230
 0 231
 1 232
 1 233
 1 234
 0 235
 0 236
 0 237
 0 238
 0 239
 1 240
 0 241
 0 242
 0 243
 0 244
 0 245
 0 246
 0 247
 0 248
 0 249
 0 250
 0 251
 0 252
 0 253
 0 254
 0 255
 0 256
 0 257
 0 258
 0 259
 0 260
 0 261
 0 262
 0 263
 1 264
 0 265
 0 266
 0 267
 0 268
 0 269
 0 270
 1 271
 0 272
 0 273
 0 274
 0 275
 0 276
 1 277
 0 278
 0 279
 0 280
 0 281
 1 282
 0 283
 0 284
 0 285
 0 286
 1 287
 0 288
 1 289
 0 290
 0 291
 0 292
 0 293
 0 294
 2 295
 1 296
 0 297
 0 298
 2 299
 4 300
 1 301
 1 302
 0 303
 3 304
 3 305
 3 306
 0 307
 6 308
 1 309
 0 310
 2 311
 1 312
 2 313
 0 314
 5 315
 2 316
 1 317
 2 318
 3 319
 4 320
 6 321
 2 322
 2 323
 1 324
 3 325
 1 326
 3 327
 0 328
 3 329
 1 330
 4 331
 2 332
 2 333
 1 334
 1 335
 2 336
 2 337
 4 338
 4 339
 1 340
 4 341
 3 342
 5 343
 3 344
 6 345
 2 346
 6 347
 6 348
 0 349
 3 350
 3 351
 2 352
 4 353
 1 354
 1 355
 2 356
 2 357
 1 358
 3 359
 1 360
 0 361
 0 362
 1 363
 0 364
 3 365
 2 366
 2 367
 1 368
 1 369
 2 370
 1 371
 1 372
 2 373
 1 374
 1 375
 0 376
 0 377
 0 378
 0 379
 0 380
 1 381
 1 382
 0 383
 2 384
 1 385
 0 386
 0 387
 0 388
 2 389
 1 390
 1 391
 0 392
 0 393
 1 394
 1 395
 0 396
 1 397
 0 398
 0 399
 0 400
 0 401
 0 402
 0 403
 0 404
 0 405
 0 406
 0 407
 0 408
 0 409
 0 410
 0 411
 0 412
 0 413
 0 414
 0 415
 0 416
 0 417
 0 418
 0 419
 0 420
 0 421
 0 422
 0 423
 0 424
 0 425
 0 426
 0 427
 0 428
 0 429
 0 430
 0 431
 0 432
 0 433
 0 434
 0 435
 0 436
 0 437
 0 438
 0 439
 0 440
 0 441
 0 442
 0 443
 0 444
 0 445
 0 446
 0 447
 0 448
 0 449
 0 450
 0 451
 0 452
 0 453
 0 454
 0 455
 0 456
 0 457
 0 458
 0 459
 0 460
 0 461
 0 462
 0 463
 0 464
 0 465
 0 466
 0 467
 0 468
 0 469
 0 470
 0 471
 0 472
 0 473
 0 474
 0 475
 0 476
 0 477
 0 478
 0 479
 0 480
 0 481
 0 482
 0 483
 0 484
 0 485
 0 486
 0 487
 0 488
 0 489
 0 490
 0 491
 0 492
 0 493
 0 494
 0 495
 0 496
 0 497
 0 498
 0 499
 0 500
 0 501
 0 502
 0 503
 0 504
 0 505
 0 506
 0 507
 0 508
 0 509
 0 510
 0 511
 0 512
 0 513
 0 514
 0 515
 0 516
 0 517
 0 518
 0 519
 0 520
 0 521
 0 522
 0 523
 0 524
 0 525
 0 526
 0 527
 0 528
 0 529
 0 530
 0 531
 0 532
 0 533
 0 534
 0 535
 0 536
 0 537
 0 538
 0 539
 0 540
 0 541
 0 542
 0 543
 0 544
 0 545
 0 546
 0 547
 0 548
 0 549
 0 550
 0 551
 0 552
 0 553
 0 554
 0 555
 0 556
 0 557
 0 558
 0 559
 0 560
 0 561
 0 562
 0 563
 0 564
 0 565
 0 566
 0 567
 0 568
 0 569
 0 570
 0 571
 0 572
 0 573
 0 574
 0 575
 0 576
 0 577
 0 578
 0 579
 0 580
 0 581
 0 582
 0 583
 0 584
 0 585
 0 586
 0 587
 0 588
 0 589
 0 590
 0 591
 0 592
 0 593
 0 594
 0 595
 0 596
 0 597
 0 598
 0 599
 0 600


