# Created by Octave 3.8.2, Mon Jun 22 09:48:38 2020 CEST <damian@fptrucha.inv.usc.es>
# name: hd
# type: matrix
# rows: 551
# columns: 2
 0 50
 0 51
 0 52
 0 53
 0 54
 0 55
 0 56
 0 57
 0 58
 0 59
 0 60
 0 61
 0 62
 0 63
 0 64
 0 65
 0 66
 0 67
 0 68
 0 69
 0 70
 0 71
 0 72
 0 73
 0 74
 0 75
 0 76
 0 77
 0 78
 0 79
 0 80
 0 81
 0 82
 0 83
 0 84
 0 85
 0 86
 0 87
 0 88
 1 89
 2 90
 17 91
 69 92
 105 93
 152 94
 263 95
 412 96
 599 97
 805 98
 966 99
 1138 100
 1220 101
 1373 102
 1475 103
 1489 104
 1506 105
 1447 106
 1446 107
 1458 108
 1308 109
 1261 110
 1231 111
 1102 112
 1102 113
 946 114
 899 115
 818 116
 766 117
 687 118
 641 119
 589 120
 508 121
 461 122
 437 123
 457 124
 369 125
 334 126
 314 127
 278 128
 260 129
 250 130
 213 131
 215 132
 179 133
 178 134
 177 135
 147 136
 148 137
 130 138
 120 139
 117 140
 111 141
 109 142
 105 143
 84 144
 73 145
 97 146
 65 147
 63 148
 64 149
 70 150
 50 151
 52 152
 62 153
 49 154
 49 155
 45 156
 48 157
 38 158
 44 159
 45 160
 25 161
 29 162
 33 163
 32 164
 29 165
 20 166
 25 167
 21 168
 17 169
 23 170
 27 171
 22 172
 21 173
 18 174
 20 175
 18 176
 20 177
 9 178
 6 179
 12 180
 14 181
 15 182
 14 183
 9 184
 7 185
 3 186
 6 187
 6 188
 7 189
 6 190
 7 191
 5 192
 6 193
 7 194
 5 195
 5 196
 3 197
 5 198
 2 199
 1 200
 4 201
 2 202
 1 203
 1 204
 1 205
 2 206
 1 207
 1 208
 1 209
 1 210
 0 211
 1 212
 0 213
 0 214
 2 215
 1 216
 0 217
 0 218
 1 219
 0 220
 2 221
 0 222
 1 223
 2 224
 0 225
 2 226
 1 227
 1 228
 0 229
 0 230
 0 231
 0 232
 1 233
 0 234
 0 235
 0 236
 0 237
 0 238
 0 239
 0 240
 0 241
 0 242
 0 243
 0 244
 0 245
 0 246
 0 247
 0 248
 1 249
 0 250
 0 251
 0 252
 0 253
 0 254
 1 255
 0 256
 0 257
 0 258
 0 259
 0 260
 0 261
 0 262
 0 263
 0 264
 0 265
 0 266
 0 267
 0 268
 0 269
 0 270
 0 271
 1 272
 0 273
 0 274
 0 275
 0 276
 0 277
 0 278
 0 279
 0 280
 0 281
 0 282
 0 283
 0 284
 1 285
 0 286
 2 287
 1 288
 0 289
 0 290
 2 291
 4 292
 1 293
 0 294
 1 295
 0 296
 1 297
 2 298
 0 299
 3 300
 3 301
 2 302
 3 303
 2 304
 0 305
 1 306
 3 307
 5 308
 2 309
 2 310
 6 311
 2 312
 1 313
 2 314
 1 315
 4 316
 3 317
 5 318
 4 319
 0 320
 3 321
 5 322
 4 323
 1 324
 2 325
 2 326
 3 327
 2 328
 5 329
 4 330
 0 331
 0 332
 3 333
 2 334
 3 335
 2 336
 5 337
 4 338
 2 339
 2 340
 2 341
 1 342
 0 343
 5 344
 1 345
 3 346
 3 347
 1 348
 2 349
 1 350
 2 351
 1 352
 2 353
 2 354
 1 355
 0 356
 3 357
 0 358
 0 359
 4 360
 1 361
 2 362
 0 363
 1 364
 0 365
 1 366
 1 367
 1 368
 2 369
 1 370
 1 371
 2 372
 0 373
 0 374
 1 375
 1 376
 0 377
 0 378
 0 379
 3 380
 2 381
 1 382
 0 383
 1 384
 0 385
 2 386
 0 387
 0 388
 0 389
 0 390
 0 391
 0 392
 0 393
 0 394
 0 395
 0 396
 0 397
 0 398
 0 399
 0 400
 0 401
 0 402
 0 403
 0 404
 0 405
 0 406
 0 407
 0 408
 0 409
 0 410
 0 411
 1 412
 0 413
 0 414
 0 415
 0 416
 0 417
 0 418
 0 419
 1 420
 0 421
 0 422
 0 423
 0 424
 0 425
 0 426
 0 427
 0 428
 0 429
 0 430
 0 431
 0 432
 0 433
 0 434
 0 435
 0 436
 0 437
 0 438
 0 439
 0 440
 0 441
 0 442
 0 443
 0 444
 0 445
 0 446
 0 447
 0 448
 0 449
 0 450
 0 451
 0 452
 0 453
 0 454
 0 455
 0 456
 0 457
 0 458
 0 459
 0 460
 0 461
 0 462
 0 463
 0 464
 0 465
 0 466
 0 467
 0 468
 0 469
 0 470
 0 471
 0 472
 0 473
 0 474
 0 475
 0 476
 0 477
 0 478
 0 479
 0 480
 0 481
 0 482
 0 483
 0 484
 0 485
 0 486
 0 487
 0 488
 0 489
 0 490
 0 491
 0 492
 0 493
 0 494
 0 495
 0 496
 0 497
 0 498
 0 499
 0 500
 0 501
 0 502
 0 503
 0 504
 0 505
 0 506
 0 507
 0 508
 0 509
 0 510
 0 511
 0 512
 0 513
 0 514
 0 515
 0 516
 0 517
 0 518
 0 519
 0 520
 0 521
 0 522
 0 523
 0 524
 0 525
 0 526
 0 527
 0 528
 0 529
 0 530
 0 531
 0 532
 0 533
 0 534
 0 535
 0 536
 0 537
 0 538
 0 539
 0 540
 0 541
 0 542
 0 543
 0 544
 0 545
 0 546
 0 547
 0 548
 0 549
 0 550
 0 551
 0 552
 0 553
 0 554
 0 555
 0 556
 0 557
 0 558
 0 559
 0 560
 0 561
 0 562
 0 563
 0 564
 0 565
 0 566
 0 567
 0 568
 0 569
 0 570
 0 571
 0 572
 0 573
 0 574
 0 575
 0 576
 0 577
 0 578
 0 579
 0 580
 0 581
 0 582
 0 583
 0 584
 0 585
 0 586
 0 587
 0 588
 0 589
 0 590
 0 591
 0 592
 0 593
 0 594
 0 595
 0 596
 0 597
 0 598
 0 599
 0 600


