# Created by Octave 3.8.2, Mon Jun 22 00:39:57 2020 CEST <damian@fptrucha.inv.usc.es>
# name: hd
# type: matrix
# rows: 551
# columns: 2
 0 50
 0 51
 0 52
 0 53
 0 54
 0 55
 0 56
 0 57
 0 58
 0 59
 0 60
 0 61
 0 62
 0 63
 0 64
 0 65
 0 66
 0 67
 0 68
 0 69
 0 70
 0 71
 0 72
 0 73
 0 74
 0 75
 0 76
 0 77
 0 78
 0 79
 0 80
 0 81
 0 82
 0 83
 0 84
 0 85
 0 86
 1 87
 2 88
 1 89
 5 90
 26 91
 102 92
 113 93
 165 94
 246 95
 405 96
 582 97
 710 98
 844 99
 971 100
 1018 101
 1110 102
 1189 103
 1200 104
 1283 105
 1254 106
 1292 107
 1257 108
 1282 109
 1171 110
 1130 111
 1174 112
 1095 113
 970 114
 994 115
 921 116
 862 117
 856 118
 773 119
 756 120
 720 121
 656 122
 577 123
 494 124
 498 125
 465 126
 362 127
 399 128
 360 129
 346 130
 308 131
 264 132
 243 133
 224 134
 191 135
 187 136
 169 137
 179 138
 168 139
 161 140
 139 141
 127 142
 108 143
 105 144
 97 145
 92 146
 97 147
 72 148
 69 149
 75 150
 67 151
 64 152
 63 153
 70 154
 65 155
 47 156
 49 157
 39 158
 44 159
 38 160
 32 161
 23 162
 26 163
 31 164
 22 165
 34 166
 29 167
 26 168
 18 169
 20 170
 25 171
 22 172
 19 173
 14 174
 12 175
 8 176
 14 177
 5 178
 12 179
 4 180
 13 181
 14 182
 5 183
 8 184
 7 185
 8 186
 6 187
 7 188
 3 189
 3 190
 0 191
 3 192
 5 193
 1 194
 4 195
 1 196
 3 197
 2 198
 2 199
 2 200
 2 201
 1 202
 2 203
 0 204
 2 205
 2 206
 1 207
 1 208
 1 209
 1 210
 0 211
 0 212
 1 213
 1 214
 1 215
 0 216
 0 217
 0 218
 0 219
 0 220
 3 221
 1 222
 0 223
 1 224
 1 225
 1 226
 0 227
 0 228
 0 229
 1 230
 0 231
 0 232
 0 233
 0 234
 0 235
 0 236
 0 237
 0 238
 0 239
 0 240
 0 241
 0 242
 1 243
 0 244
 0 245
 0 246
 0 247
 0 248
 0 249
 0 250
 0 251
 0 252
 0 253
 0 254
 0 255
 0 256
 0 257
 0 258
 0 259
 0 260
 0 261
 0 262
 0 263
 0 264
 0 265
 0 266
 0 267
 0 268
 0 269
 0 270
 1 271
 0 272
 0 273
 0 274
 1 275
 0 276
 2 277
 0 278
 0 279
 0 280
 0 281
 0 282
 0 283
 0 284
 0 285
 2 286
 1 287
 0 288
 0 289
 0 290
 1 291
 0 292
 0 293
 0 294
 0 295
 0 296
 2 297
 1 298
 0 299
 0 300
 0 301
 0 302
 3 303
 1 304
 2 305
 1 306
 1 307
 1 308
 1 309
 0 310
 2 311
 0 312
 1 313
 4 314
 3 315
 3 316
 3 317
 5 318
 0 319
 1 320
 2 321
 3 322
 2 323
 3 324
 5 325
 2 326
 2 327
 1 328
 5 329
 3 330
 2 331
 4 332
 2 333
 0 334
 3 335
 1 336
 4 337
 2 338
 0 339
 3 340
 0 341
 2 342
 0 343
 2 344
 2 345
 3 346
 1 347
 1 348
 3 349
 0 350
 1 351
 3 352
 2 353
 3 354
 3 355
 2 356
 2 357
 4 358
 1 359
 1 360
 0 361
 5 362
 1 363
 2 364
 2 365
 0 366
 1 367
 1 368
 2 369
 3 370
 2 371
 0 372
 0 373
 0 374
 1 375
 1 376
 0 377
 1 378
 0 379
 1 380
 0 381
 1 382
 0 383
 0 384
 0 385
 1 386
 0 387
 0 388
 0 389
 0 390
 0 391
 1 392
 0 393
 0 394
 0 395
 1 396
 1 397
 0 398
 0 399
 0 400
 0 401
 0 402
 0 403
 0 404
 0 405
 0 406
 0 407
 1 408
 0 409
 0 410
 0 411
 0 412
 0 413
 0 414
 0 415
 0 416
 0 417
 0 418
 0 419
 0 420
 0 421
 0 422
 0 423
 0 424
 0 425
 0 426
 1 427
 0 428
 0 429
 1 430
 0 431
 0 432
 0 433
 0 434
 0 435
 0 436
 0 437
 0 438
 0 439
 0 440
 0 441
 0 442
 0 443
 0 444
 0 445
 0 446
 0 447
 0 448
 0 449
 0 450
 0 451
 0 452
 0 453
 0 454
 0 455
 0 456
 0 457
 0 458
 0 459
 0 460
 0 461
 0 462
 0 463
 0 464
 0 465
 0 466
 0 467
 0 468
 0 469
 0 470
 0 471
 0 472
 0 473
 0 474
 0 475
 0 476
 0 477
 0 478
 0 479
 0 480
 0 481
 0 482
 0 483
 0 484
 0 485
 0 486
 0 487
 0 488
 0 489
 0 490
 0 491
 0 492
 0 493
 0 494
 0 495
 0 496
 0 497
 0 498
 0 499
 0 500
 0 501
 0 502
 0 503
 0 504
 0 505
 0 506
 0 507
 0 508
 0 509
 0 510
 0 511
 0 512
 0 513
 0 514
 0 515
 0 516
 0 517
 0 518
 0 519
 0 520
 0 521
 0 522
 0 523
 0 524
 0 525
 0 526
 0 527
 0 528
 0 529
 0 530
 0 531
 0 532
 0 533
 0 534
 0 535
 0 536
 0 537
 0 538
 0 539
 0 540
 0 541
 0 542
 0 543
 0 544
 0 545
 0 546
 0 547
 0 548
 0 549
 0 550
 0 551
 0 552
 0 553
 0 554
 0 555
 0 556
 0 557
 0 558
 0 559
 0 560
 0 561
 0 562
 0 563
 0 564
 0 565
 0 566
 0 567
 0 568
 0 569
 0 570
 0 571
 0 572
 0 573
 0 574
 0 575
 0 576
 0 577
 0 578
 0 579
 0 580
 0 581
 0 582
 0 583
 0 584
 0 585
 0 586
 0 587
 0 588
 0 589
 0 590
 0 591
 0 592
 0 593
 0 594
 0 595
 0 596
 0 597
 0 598
 0 599
 0 600


