# Created by Octave 3.8.2, Sat Jun 20 04:49:26 2020 CEST <damian@fptrucha.inv.usc.es>
# name: hd
# type: matrix
# rows: 551
# columns: 2
 0 50
 0 51
 0 52
 0 53
 0 54
 0 55
 0 56
 0 57
 0 58
 0 59
 0 60
 0 61
 0 62
 0 63
 0 64
 0 65
 0 66
 0 67
 0 68
 0 69
 0 70
 0 71
 0 72
 0 73
 0 74
 0 75
 0 76
 0 77
 0 78
 0 79
 0 80
 0 81
 0 82
 0 83
 0 84
 0 85
 0 86
 0 87
 0 88
 4 89
 9 90
 35 91
 87 92
 132 93
 167 94
 267 95
 433 96
 622 97
 806 98
 958 99
 1145 100
 1210 101
 1384 102
 1324 103
 1397 104
 1421 105
 1462 106
 1430 107
 1413 108
 1490 109
 1359 110
 1299 111
 1226 112
 1209 113
 1129 114
 1114 115
 1012 116
 932 117
 858 118
 771 119
 796 120
 718 121
 652 122
 613 123
 516 124
 511 125
 475 126
 417 127
 410 128
 354 129
 346 130
 327 131
 289 132
 253 133
 230 134
 214 135
 228 136
 204 137
 193 138
 169 139
 131 140
 150 141
 125 142
 128 143
 122 144
 109 145
 97 146
 124 147
 93 148
 68 149
 83 150
 73 151
 56 152
 62 153
 68 154
 63 155
 60 156
 44 157
 50 158
 36 159
 31 160
 44 161
 37 162
 30 163
 35 164
 29 165
 31 166
 27 167
 23 168
 31 169
 19 170
 18 171
 20 172
 22 173
 13 174
 13 175
 11 176
 14 177
 26 178
 11 179
 14 180
 13 181
 7 182
 10 183
 12 184
 9 185
 10 186
 7 187
 2 188
 9 189
 6 190
 4 191
 6 192
 4 193
 4 194
 3 195
 6 196
 3 197
 1 198
 3 199
 1 200
 2 201
 3 202
 1 203
 2 204
 0 205
 0 206
 4 207
 2 208
 1 209
 0 210
 0 211
 1 212
 0 213
 0 214
 1 215
 1 216
 0 217
 0 218
 1 219
 2 220
 0 221
 1 222
 0 223
 0 224
 0 225
 0 226
 0 227
 0 228
 0 229
 0 230
 0 231
 0 232
 0 233
 0 234
 0 235
 0 236
 0 237
 0 238
 0 239
 0 240
 0 241
 0 242
 0 243
 1 244
 0 245
 0 246
 0 247
 0 248
 0 249
 1 250
 0 251
 0 252
 0 253
 0 254
 1 255
 0 256
 0 257
 0 258
 0 259
 0 260
 0 261
 0 262
 0 263
 0 264
 0 265
 0 266
 0 267
 0 268
 0 269
 0 270
 0 271
 0 272
 0 273
 1 274
 0 275
 1 276
 1 277
 0 278
 0 279
 0 280
 0 281
 1 282
 0 283
 1 284
 0 285
 0 286
 0 287
 0 288
 0 289
 2 290
 0 291
 1 292
 0 293
 0 294
 1 295
 0 296
 4 297
 0 298
 1 299
 1 300
 1 301
 2 302
 2 303
 3 304
 1 305
 1 306
 4 307
 2 308
 2 309
 3 310
 3 311
 4 312
 2 313
 1 314
 0 315
 2 316
 3 317
 0 318
 5 319
 2 320
 0 321
 1 322
 2 323
 3 324
 5 325
 4 326
 3 327
 1 328
 1 329
 2 330
 5 331
 5 332
 2 333
 3 334
 4 335
 3 336
 2 337
 2 338
 1 339
 1 340
 5 341
 2 342
 6 343
 2 344
 3 345
 4 346
 2 347
 1 348
 1 349
 2 350
 1 351
 2 352
 0 353
 2 354
 2 355
 2 356
 2 357
 3 358
 0 359
 4 360
 2 361
 1 362
 0 363
 1 364
 1 365
 1 366
 3 367
 0 368
 3 369
 0 370
 1 371
 3 372
 0 373
 1 374
 0 375
 0 376
 0 377
 0 378
 0 379
 0 380
 1 381
 0 382
 2 383
 2 384
 1 385
 3 386
 1 387
 0 388
 0 389
 0 390
 0 391
 0 392
 0 393
 2 394
 0 395
 0 396
 0 397
 0 398
 1 399
 0 400
 0 401
 0 402
 1 403
 0 404
 0 405
 0 406
 0 407
 0 408
 0 409
 1 410
 0 411
 0 412
 0 413
 0 414
 1 415
 0 416
 0 417
 0 418
 0 419
 0 420
 0 421
 0 422
 0 423
 0 424
 0 425
 0 426
 0 427
 0 428
 0 429
 0 430
 0 431
 0 432
 0 433
 0 434
 0 435
 0 436
 0 437
 0 438
 0 439
 0 440
 0 441
 0 442
 0 443
 0 444
 0 445
 0 446
 0 447
 0 448
 0 449
 0 450
 0 451
 0 452
 0 453
 0 454
 0 455
 0 456
 0 457
 0 458
 0 459
 0 460
 0 461
 0 462
 0 463
 0 464
 0 465
 0 466
 0 467
 0 468
 0 469
 0 470
 0 471
 0 472
 0 473
 0 474
 0 475
 0 476
 0 477
 0 478
 0 479
 0 480
 0 481
 0 482
 0 483
 0 484
 0 485
 0 486
 0 487
 0 488
 0 489
 0 490
 0 491
 0 492
 0 493
 0 494
 0 495
 0 496
 0 497
 0 498
 0 499
 0 500
 0 501
 0 502
 0 503
 0 504
 0 505
 0 506
 0 507
 0 508
 0 509
 0 510
 0 511
 0 512
 0 513
 0 514
 0 515
 0 516
 0 517
 0 518
 0 519
 0 520
 0 521
 0 522
 0 523
 0 524
 0 525
 0 526
 0 527
 0 528
 0 529
 0 530
 0 531
 0 532
 0 533
 0 534
 0 535
 0 536
 0 537
 0 538
 0 539
 0 540
 0 541
 0 542
 0 543
 0 544
 0 545
 0 546
 0 547
 0 548
 0 549
 0 550
 0 551
 0 552
 0 553
 0 554
 0 555
 0 556
 0 557
 0 558
 0 559
 0 560
 0 561
 0 562
 0 563
 0 564
 0 565
 0 566
 0 567
 0 568
 0 569
 0 570
 0 571
 0 572
 0 573
 0 574
 0 575
 0 576
 0 577
 0 578
 0 579
 0 580
 0 581
 0 582
 0 583
 0 584
 0 585
 0 586
 0 587
 0 588
 0 589
 0 590
 0 591
 0 592
 0 593
 0 594
 0 595
 0 596
 0 597
 0 598
 0 599
 0 600


