# Created by Octave 3.8.2, Sun Jun 21 06:18:50 2020 CEST <damian@fptrucha.inv.usc.es>
# name: hd
# type: matrix
# rows: 551
# columns: 2
 0 50
 0 51
 0 52
 0 53
 0 54
 0 55
 0 56
 0 57
 0 58
 0 59
 0 60
 0 61
 0 62
 0 63
 0 64
 0 65
 0 66
 0 67
 0 68
 0 69
 0 70
 0 71
 0 72
 0 73
 0 74
 0 75
 0 76
 0 77
 0 78
 0 79
 0 80
 0 81
 0 82
 0 83
 0 84
 0 85
 0 86
 1 87
 2 88
 2 89
 5 90
 35 91
 90 92
 115 93
 163 94
 285 95
 397 96
 554 97
 693 98
 819 99
 979 100
 1002 101
 1064 102
 1110 103
 1145 104
 1297 105
 1242 106
 1254 107
 1218 108
 1252 109
 1240 110
 1117 111
 1184 112
 1065 113
 1047 114
 974 115
 940 116
 838 117
 786 118
 762 119
 686 120
 667 121
 629 122
 557 123
 537 124
 472 125
 486 126
 422 127
 393 128
 343 129
 331 130
 312 131
 304 132
 241 133
 226 134
 226 135
 210 136
 180 137
 151 138
 168 139
 158 140
 145 141
 102 142
 124 143
 101 144
 105 145
 87 146
 91 147
 99 148
 84 149
 75 150
 75 151
 62 152
 77 153
 61 154
 56 155
 58 156
 51 157
 45 158
 50 159
 38 160
 39 161
 41 162
 34 163
 20 164
 30 165
 18 166
 26 167
 22 168
 29 169
 26 170
 16 171
 18 172
 16 173
 15 174
 9 175
 16 176
 7 177
 14 178
 11 179
 9 180
 10 181
 7 182
 10 183
 5 184
 5 185
 5 186
 11 187
 3 188
 3 189
 6 190
 3 191
 4 192
 2 193
 3 194
 0 195
 4 196
 3 197
 4 198
 1 199
 2 200
 1 201
 0 202
 1 203
 2 204
 1 205
 2 206
 1 207
 2 208
 1 209
 1 210
 1 211
 0 212
 1 213
 3 214
 0 215
 1 216
 0 217
 1 218
 1 219
 0 220
 1 221
 0 222
 0 223
 0 224
 0 225
 1 226
 0 227
 0 228
 0 229
 0 230
 1 231
 0 232
 0 233
 0 234
 0 235
 0 236
 0 237
 0 238
 0 239
 0 240
 0 241
 0 242
 0 243
 0 244
 0 245
 0 246
 0 247
 0 248
 0 249
 0 250
 0 251
 0 252
 0 253
 0 254
 0 255
 0 256
 0 257
 0 258
 0 259
 0 260
 0 261
 0 262
 0 263
 0 264
 0 265
 0 266
 0 267
 0 268
 0 269
 0 270
 0 271
 0 272
 0 273
 0 274
 0 275
 1 276
 0 277
 0 278
 0 279
 0 280
 1 281
 1 282
 0 283
 0 284
 0 285
 0 286
 0 287
 0 288
 0 289
 1 290
 0 291
 1 292
 0 293
 1 294
 3 295
 1 296
 2 297
 1 298
 0 299
 3 300
 3 301
 2 302
 2 303
 0 304
 1 305
 0 306
 3 307
 3 308
 7 309
 5 310
 2 311
 1 312
 0 313
 3 314
 6 315
 2 316
 1 317
 5 318
 3 319
 3 320
 1 321
 2 322
 0 323
 1 324
 5 325
 2 326
 2 327
 2 328
 1 329
 2 330
 4 331
 2 332
 2 333
 2 334
 4 335
 1 336
 3 337
 3 338
 6 339
 2 340
 1 341
 3 342
 0 343
 0 344
 1 345
 0 346
 1 347
 6 348
 0 349
 2 350
 2 351
 0 352
 2 353
 0 354
 0 355
 2 356
 6 357
 2 358
 0 359
 1 360
 1 361
 0 362
 2 363
 0 364
 3 365
 0 366
 2 367
 1 368
 2 369
 1 370
 1 371
 4 372
 0 373
 0 374
 0 375
 2 376
 1 377
 2 378
 1 379
 1 380
 0 381
 2 382
 0 383
 0 384
 2 385
 2 386
 2 387
 0 388
 0 389
 0 390
 0 391
 0 392
 1 393
 0 394
 0 395
 1 396
 0 397
 0 398
 1 399
 0 400
 0 401
 0 402
 1 403
 0 404
 0 405
 0 406
 0 407
 0 408
 0 409
 0 410
 0 411
 0 412
 0 413
 0 414
 0 415
 0 416
 0 417
 0 418
 0 419
 0 420
 0 421
 0 422
 0 423
 0 424
 0 425
 0 426
 0 427
 0 428
 0 429
 0 430
 0 431
 0 432
 0 433
 0 434
 0 435
 0 436
 0 437
 0 438
 0 439
 0 440
 0 441
 0 442
 0 443
 0 444
 0 445
 0 446
 0 447
 0 448
 0 449
 0 450
 0 451
 0 452
 0 453
 0 454
 0 455
 0 456
 0 457
 0 458
 0 459
 0 460
 0 461
 0 462
 0 463
 0 464
 0 465
 0 466
 0 467
 0 468
 0 469
 0 470
 0 471
 0 472
 0 473
 0 474
 0 475
 0 476
 0 477
 0 478
 0 479
 0 480
 0 481
 0 482
 0 483
 0 484
 0 485
 0 486
 0 487
 0 488
 0 489
 0 490
 0 491
 0 492
 0 493
 0 494
 0 495
 0 496
 0 497
 0 498
 0 499
 0 500
 0 501
 0 502
 0 503
 0 504
 0 505
 0 506
 0 507
 0 508
 0 509
 0 510
 0 511
 0 512
 0 513
 0 514
 0 515
 0 516
 0 517
 0 518
 0 519
 0 520
 0 521
 0 522
 0 523
 0 524
 0 525
 0 526
 0 527
 0 528
 0 529
 0 530
 0 531
 0 532
 0 533
 0 534
 0 535
 0 536
 0 537
 0 538
 0 539
 0 540
 0 541
 0 542
 0 543
 0 544
 0 545
 0 546
 0 547
 0 548
 0 549
 0 550
 0 551
 0 552
 0 553
 0 554
 0 555
 0 556
 0 557
 0 558
 0 559
 0 560
 0 561
 0 562
 0 563
 0 564
 0 565
 0 566
 0 567
 0 568
 0 569
 0 570
 0 571
 0 572
 0 573
 0 574
 0 575
 0 576
 0 577
 0 578
 0 579
 0 580
 0 581
 0 582
 0 583
 0 584
 0 585
 0 586
 0 587
 0 588
 0 589
 0 590
 0 591
 0 592
 0 593
 0 594
 0 595
 0 596
 0 597
 0 598
 0 599
 0 600


