# Created by Octave 3.8.2, Mon Jun 22 11:41:06 2020 CEST <damian@fptrucha.inv.usc.es>
# name: hd
# type: matrix
# rows: 551
# columns: 2
 0 50
 0 51
 0 52
 0 53
 0 54
 0 55
 0 56
 0 57
 0 58
 0 59
 0 60
 0 61
 0 62
 0 63
 0 64
 0 65
 0 66
 0 67
 0 68
 0 69
 0 70
 0 71
 0 72
 0 73
 0 74
 0 75
 0 76
 0 77
 0 78
 0 79
 0 80
 0 81
 0 82
 0 83
 0 84
 0 85
 0 86
 0 87
 0 88
 1 89
 4 90
 24 91
 76 92
 123 93
 177 94
 281 95
 454 96
 674 97
 843 98
 1034 99
 1233 100
 1379 101
 1441 102
 1435 103
 1559 104
 1484 105
 1516 106
 1432 107
 1379 108
 1319 109
 1303 110
 1255 111
 1117 112
 982 113
 988 114
 931 115
 822 116
 791 117
 677 118
 597 119
 596 120
 474 121
 475 122
 437 123
 372 124
 348 125
 314 126
 316 127
 266 128
 262 129
 245 130
 227 131
 180 132
 186 133
 172 134
 159 135
 143 136
 132 137
 128 138
 136 139
 119 140
 123 141
 107 142
 97 143
 83 144
 88 145
 85 146
 56 147
 76 148
 67 149
 60 150
 63 151
 59 152
 45 153
 57 154
 45 155
 41 156
 43 157
 34 158
 30 159
 36 160
 39 161
 29 162
 35 163
 30 164
 21 165
 30 166
 31 167
 20 168
 16 169
 19 170
 19 171
 17 172
 19 173
 14 174
 12 175
 13 176
 10 177
 9 178
 7 179
 12 180
 14 181
 12 182
 10 183
 8 184
 6 185
 4 186
 7 187
 7 188
 9 189
 9 190
 5 191
 7 192
 8 193
 4 194
 8 195
 4 196
 1 197
 1 198
 3 199
 3 200
 2 201
 1 202
 0 203
 4 204
 1 205
 0 206
 4 207
 0 208
 0 209
 0 210
 2 211
 1 212
 1 213
 1 214
 0 215
 1 216
 0 217
 0 218
 1 219
 0 220
 0 221
 0 222
 0 223
 0 224
 0 225
 0 226
 1 227
 0 228
 1 229
 1 230
 0 231
 0 232
 0 233
 0 234
 0 235
 0 236
 2 237
 0 238
 0 239
 0 240
 0 241
 0 242
 0 243
 1 244
 0 245
 0 246
 0 247
 0 248
 0 249
 0 250
 1 251
 0 252
 0 253
 0 254
 0 255
 0 256
 0 257
 0 258
 0 259
 0 260
 0 261
 0 262
 0 263
 0 264
 0 265
 0 266
 0 267
 1 268
 0 269
 0 270
 0 271
 0 272
 0 273
 0 274
 1 275
 1 276
 1 277
 0 278
 0 279
 0 280
 0 281
 1 282
 0 283
 0 284
 3 285
 1 286
 1 287
 1 288
 1 289
 2 290
 0 291
 0 292
 0 293
 0 294
 1 295
 1 296
 1 297
 1 298
 1 299
 3 300
 1 301
 2 302
 5 303
 3 304
 2 305
 0 306
 2 307
 2 308
 2 309
 2 310
 0 311
 1 312
 2 313
 4 314
 2 315
 2 316
 2 317
 3 318
 5 319
 1 320
 2 321
 4 322
 1 323
 2 324
 2 325
 1 326
 5 327
 4 328
 3 329
 1 330
 1 331
 3 332
 1 333
 3 334
 2 335
 4 336
 4 337
 2 338
 0 339
 3 340
 2 341
 2 342
 4 343
 2 344
 4 345
 2 346
 0 347
 3 348
 0 349
 2 350
 2 351
 0 352
 2 353
 0 354
 4 355
 1 356
 1 357
 1 358
 2 359
 0 360
 2 361
 5 362
 2 363
 0 364
 0 365
 3 366
 2 367
 0 368
 0 369
 0 370
 3 371
 1 372
 1 373
 0 374
 2 375
 0 376
 1 377
 1 378
 1 379
 1 380
 1 381
 2 382
 3 383
 2 384
 1 385
 0 386
 1 387
 0 388
 1 389
 0 390
 0 391
 1 392
 0 393
 0 394
 0 395
 0 396
 0 397
 0 398
 1 399
 0 400
 0 401
 0 402
 0 403
 0 404
 0 405
 0 406
 0 407
 0 408
 0 409
 0 410
 0 411
 0 412
 0 413
 0 414
 0 415
 0 416
 0 417
 0 418
 0 419
 0 420
 0 421
 0 422
 0 423
 0 424
 0 425
 0 426
 0 427
 0 428
 0 429
 0 430
 0 431
 0 432
 0 433
 0 434
 0 435
 0 436
 0 437
 0 438
 0 439
 0 440
 0 441
 0 442
 0 443
 0 444
 0 445
 0 446
 0 447
 0 448
 0 449
 0 450
 0 451
 0 452
 0 453
 0 454
 0 455
 0 456
 0 457
 0 458
 0 459
 0 460
 0 461
 0 462
 0 463
 0 464
 0 465
 0 466
 0 467
 0 468
 0 469
 0 470
 0 471
 0 472
 0 473
 0 474
 0 475
 0 476
 0 477
 0 478
 0 479
 0 480
 0 481
 0 482
 0 483
 0 484
 0 485
 0 486
 0 487
 0 488
 0 489
 0 490
 0 491
 0 492
 0 493
 0 494
 0 495
 0 496
 0 497
 0 498
 0 499
 0 500
 0 501
 0 502
 0 503
 0 504
 0 505
 0 506
 0 507
 0 508
 0 509
 0 510
 0 511
 0 512
 0 513
 0 514
 0 515
 0 516
 0 517
 0 518
 0 519
 0 520
 0 521
 0 522
 0 523
 0 524
 0 525
 0 526
 0 527
 0 528
 0 529
 0 530
 0 531
 0 532
 0 533
 0 534
 0 535
 0 536
 0 537
 0 538
 0 539
 0 540
 0 541
 0 542
 0 543
 0 544
 0 545
 0 546
 0 547
 0 548
 0 549
 0 550
 0 551
 0 552
 0 553
 0 554
 0 555
 0 556
 0 557
 0 558
 0 559
 0 560
 0 561
 0 562
 0 563
 0 564
 0 565
 0 566
 0 567
 0 568
 0 569
 0 570
 0 571
 0 572
 0 573
 0 574
 0 575
 0 576
 0 577
 0 578
 0 579
 0 580
 0 581
 0 582
 0 583
 0 584
 0 585
 0 586
 0 587
 0 588
 0 589
 0 590
 0 591
 0 592
 0 593
 0 594
 0 595
 0 596
 0 597
 0 598
 0 599
 0 600


