# Created by Octave 3.8.2, Mon Jun 22 11:34:45 2020 CEST <damian@fptrucha.inv.usc.es>
# name: hd
# type: matrix
# rows: 551
# columns: 2
 0 50
 0 51
 0 52
 0 53
 0 54
 0 55
 0 56
 0 57
 0 58
 0 59
 0 60
 0 61
 0 62
 0 63
 0 64
 0 65
 0 66
 0 67
 0 68
 0 69
 0 70
 0 71
 0 72
 0 73
 0 74
 0 75
 0 76
 0 77
 0 78
 0 79
 0 80
 0 81
 0 82
 0 83
 0 84
 0 85
 0 86
 0 87
 0 88
 3 89
 1 90
 17 91
 73 92
 136 93
 152 94
 284 95
 428 96
 646 97
 848 98
 990 99
 1248 100
 1271 101
 1457 102
 1475 103
 1470 104
 1522 105
 1474 106
 1490 107
 1394 108
 1305 109
 1365 110
 1198 111
 1110 112
 1041 113
 1021 114
 873 115
 802 116
 745 117
 743 118
 662 119
 562 120
 526 121
 465 122
 431 123
 387 124
 404 125
 335 126
 336 127
 255 128
 266 129
 250 130
 222 131
 181 132
 187 133
 169 134
 169 135
 151 136
 126 137
 136 138
 115 139
 112 140
 105 141
 113 142
 104 143
 89 144
 86 145
 82 146
 72 147
 55 148
 66 149
 63 150
 62 151
 55 152
 49 153
 53 154
 54 155
 54 156
 42 157
 32 158
 46 159
 36 160
 32 161
 35 162
 35 163
 23 164
 23 165
 19 166
 24 167
 27 168
 23 169
 16 170
 18 171
 29 172
 19 173
 16 174
 10 175
 10 176
 8 177
 17 178
 8 179
 9 180
 10 181
 10 182
 4 183
 3 184
 11 185
 5 186
 3 187
 8 188
 7 189
 4 190
 7 191
 6 192
 4 193
 6 194
 4 195
 1 196
 2 197
 0 198
 1 199
 4 200
 2 201
 0 202
 0 203
 1 204
 1 205
 0 206
 2 207
 2 208
 0 209
 1 210
 3 211
 0 212
 0 213
 1 214
 1 215
 0 216
 0 217
 0 218
 0 219
 0 220
 0 221
 1 222
 0 223
 0 224
 1 225
 0 226
 0 227
 0 228
 1 229
 0 230
 0 231
 0 232
 0 233
 0 234
 2 235
 0 236
 0 237
 0 238
 0 239
 0 240
 0 241
 0 242
 0 243
 0 244
 0 245
 1 246
 0 247
 0 248
 0 249
 0 250
 0 251
 0 252
 0 253
 0 254
 0 255
 0 256
 0 257
 0 258
 0 259
 0 260
 0 261
 0 262
 0 263
 0 264
 0 265
 0 266
 0 267
 0 268
 0 269
 0 270
 0 271
 0 272
 0 273
 0 274
 0 275
 1 276
 0 277
 0 278
 0 279
 0 280
 0 281
 0 282
 0 283
 3 284
 0 285
 0 286
 1 287
 1 288
 1 289
 3 290
 0 291
 0 292
 3 293
 1 294
 2 295
 0 296
 2 297
 2 298
 1 299
 2 300
 2 301
 2 302
 2 303
 4 304
 2 305
 3 306
 1 307
 3 308
 3 309
 6 310
 4 311
 3 312
 3 313
 3 314
 4 315
 2 316
 4 317
 2 318
 5 319
 3 320
 3 321
 6 322
 0 323
 4 324
 2 325
 2 326
 2 327
 3 328
 3 329
 2 330
 3 331
 3 332
 3 333
 6 334
 4 335
 1 336
 8 337
 3 338
 2 339
 3 340
 3 341
 3 342
 1 343
 2 344
 1 345
 1 346
 3 347
 0 348
 1 349
 1 350
 1 351
 1 352
 1 353
 1 354
 1 355
 2 356
 0 357
 6 358
 0 359
 0 360
 0 361
 2 362
 1 363
 2 364
 1 365
 1 366
 0 367
 3 368
 1 369
 1 370
 0 371
 0 372
 2 373
 0 374
 1 375
 1 376
 1 377
 0 378
 0 379
 1 380
 0 381
 1 382
 0 383
 1 384
 0 385
 0 386
 0 387
 0 388
 1 389
 0 390
 0 391
 0 392
 0 393
 0 394
 0 395
 0 396
 1 397
 0 398
 0 399
 0 400
 0 401
 0 402
 0 403
 1 404
 0 405
 0 406
 0 407
 0 408
 0 409
 0 410
 0 411
 0 412
 1 413
 0 414
 0 415
 0 416
 0 417
 0 418
 0 419
 0 420
 0 421
 0 422
 0 423
 0 424
 0 425
 0 426
 0 427
 0 428
 0 429
 0 430
 0 431
 0 432
 0 433
 0 434
 0 435
 0 436
 0 437
 0 438
 0 439
 0 440
 0 441
 0 442
 0 443
 0 444
 0 445
 0 446
 0 447
 0 448
 0 449
 0 450
 0 451
 0 452
 0 453
 0 454
 0 455
 0 456
 0 457
 0 458
 0 459
 0 460
 0 461
 0 462
 0 463
 0 464
 0 465
 0 466
 0 467
 0 468
 0 469
 0 470
 0 471
 0 472
 0 473
 0 474
 0 475
 0 476
 0 477
 0 478
 0 479
 0 480
 0 481
 0 482
 0 483
 0 484
 0 485
 0 486
 0 487
 0 488
 0 489
 0 490
 0 491
 0 492
 0 493
 0 494
 0 495
 0 496
 0 497
 0 498
 0 499
 0 500
 0 501
 0 502
 0 503
 0 504
 0 505
 0 506
 0 507
 0 508
 0 509
 0 510
 0 511
 0 512
 0 513
 0 514
 0 515
 0 516
 0 517
 0 518
 0 519
 0 520
 0 521
 0 522
 0 523
 0 524
 0 525
 0 526
 0 527
 0 528
 0 529
 0 530
 0 531
 0 532
 0 533
 0 534
 0 535
 0 536
 0 537
 0 538
 0 539
 0 540
 0 541
 0 542
 0 543
 0 544
 0 545
 0 546
 0 547
 0 548
 0 549
 0 550
 0 551
 0 552
 0 553
 0 554
 0 555
 0 556
 0 557
 0 558
 0 559
 0 560
 0 561
 0 562
 0 563
 0 564
 0 565
 0 566
 0 567
 0 568
 0 569
 0 570
 0 571
 0 572
 0 573
 0 574
 0 575
 0 576
 0 577
 0 578
 0 579
 0 580
 0 581
 0 582
 0 583
 0 584
 0 585
 0 586
 0 587
 0 588
 0 589
 0 590
 0 591
 0 592
 0 593
 0 594
 0 595
 0 596
 0 597
 0 598
 0 599
 0 600


