# Created by Octave 3.8.2, Sat Jun 20 03:55:04 2020 CEST <damian@fptrucha.inv.usc.es>
# name: hd
# type: matrix
# rows: 551
# columns: 2
 0 50
 0 51
 0 52
 0 53
 0 54
 0 55
 0 56
 0 57
 0 58
 0 59
 0 60
 0 61
 0 62
 0 63
 0 64
 0 65
 0 66
 0 67
 0 68
 0 69
 0 70
 0 71
 0 72
 0 73
 0 74
 0 75
 0 76
 0 77
 0 78
 0 79
 0 80
 0 81
 0 82
 0 83
 0 84
 0 85
 0 86
 0 87
 2 88
 1 89
 8 90
 41 91
 91 92
 102 93
 185 94
 289 95
 432 96
 641 97
 839 98
 1004 99
 1144 100
 1210 101
 1326 102
 1377 103
 1460 104
 1483 105
 1542 106
 1550 107
 1405 108
 1405 109
 1416 110
 1310 111
 1263 112
 1177 113
 1084 114
 1132 115
 974 116
 964 117
 902 118
 814 119
 777 120
 725 121
 612 122
 567 123
 538 124
 499 125
 447 126
 456 127
 389 128
 378 129
 311 130
 296 131
 297 132
 264 133
 223 134
 203 135
 202 136
 165 137
 153 138
 156 139
 155 140
 151 141
 128 142
 137 143
 152 144
 97 145
 101 146
 105 147
 85 148
 81 149
 82 150
 64 151
 55 152
 69 153
 59 154
 66 155
 61 156
 59 157
 53 158
 47 159
 52 160
 45 161
 29 162
 24 163
 31 164
 26 165
 28 166
 19 167
 17 168
 27 169
 23 170
 10 171
 21 172
 24 173
 17 174
 7 175
 12 176
 10 177
 13 178
 8 179
 14 180
 11 181
 6 182
 3 183
 10 184
 4 185
 8 186
 6 187
 6 188
 2 189
 2 190
 2 191
 7 192
 2 193
 2 194
 3 195
 5 196
 6 197
 1 198
 2 199
 2 200
 3 201
 5 202
 7 203
 2 204
 1 205
 1 206
 2 207
 2 208
 2 209
 1 210
 1 211
 0 212
 1 213
 0 214
 3 215
 0 216
 0 217
 0 218
 0 219
 0 220
 0 221
 0 222
 0 223
 0 224
 0 225
 1 226
 0 227
 0 228
 0 229
 0 230
 0 231
 0 232
 0 233
 0 234
 0 235
 0 236
 0 237
 0 238
 1 239
 0 240
 0 241
 0 242
 1 243
 0 244
 0 245
 0 246
 0 247
 0 248
 0 249
 0 250
 0 251
 0 252
 0 253
 0 254
 0 255
 0 256
 0 257
 0 258
 0 259
 0 260
 0 261
 0 262
 0 263
 0 264
 0 265
 0 266
 0 267
 0 268
 0 269
 0 270
 0 271
 0 272
 0 273
 0 274
 0 275
 0 276
 0 277
 0 278
 0 279
 0 280
 0 281
 0 282
 0 283
 1 284
 0 285
 0 286
 2 287
 0 288
 1 289
 0 290
 0 291
 1 292
 0 293
 2 294
 2 295
 1 296
 3 297
 3 298
 0 299
 1 300
 2 301
 3 302
 0 303
 2 304
 1 305
 0 306
 0 307
 1 308
 4 309
 0 310
 1 311
 1 312
 0 313
 3 314
 3 315
 2 316
 5 317
 0 318
 3 319
 3 320
 0 321
 2 322
 3 323
 2 324
 1 325
 1 326
 3 327
 2 328
 1 329
 3 330
 1 331
 3 332
 1 333
 3 334
 5 335
 2 336
 2 337
 5 338
 6 339
 5 340
 3 341
 2 342
 0 343
 1 344
 0 345
 6 346
 3 347
 1 348
 2 349
 1 350
 1 351
 2 352
 3 353
 2 354
 0 355
 0 356
 0 357
 3 358
 1 359
 4 360
 1 361
 1 362
 3 363
 2 364
 1 365
 3 366
 1 367
 1 368
 1 369
 0 370
 1 371
 1 372
 0 373
 1 374
 2 375
 1 376
 0 377
 1 378
 1 379
 0 380
 1 381
 0 382
 0 383
 1 384
 0 385
 1 386
 0 387
 1 388
 0 389
 0 390
 0 391
 0 392
 0 393
 0 394
 0 395
 0 396
 0 397
 0 398
 0 399
 0 400
 1 401
 1 402
 0 403
 0 404
 0 405
 0 406
 0 407
 0 408
 0 409
 0 410
 0 411
 0 412
 0 413
 0 414
 0 415
 0 416
 0 417
 0 418
 0 419
 0 420
 0 421
 0 422
 0 423
 0 424
 0 425
 0 426
 0 427
 0 428
 0 429
 0 430
 0 431
 0 432
 0 433
 0 434
 0 435
 0 436
 0 437
 0 438
 0 439
 0 440
 0 441
 0 442
 0 443
 0 444
 0 445
 0 446
 0 447
 0 448
 0 449
 0 450
 0 451
 0 452
 0 453
 0 454
 0 455
 0 456
 0 457
 0 458
 0 459
 0 460
 0 461
 0 462
 0 463
 0 464
 0 465
 0 466
 0 467
 0 468
 0 469
 0 470
 0 471
 0 472
 0 473
 0 474
 0 475
 0 476
 0 477
 0 478
 0 479
 0 480
 0 481
 0 482
 0 483
 0 484
 0 485
 0 486
 0 487
 0 488
 0 489
 0 490
 0 491
 0 492
 0 493
 0 494
 0 495
 0 496
 0 497
 0 498
 0 499
 0 500
 0 501
 0 502
 0 503
 0 504
 0 505
 0 506
 0 507
 0 508
 0 509
 0 510
 0 511
 0 512
 0 513
 0 514
 0 515
 0 516
 0 517
 0 518
 0 519
 0 520
 0 521
 0 522
 0 523
 0 524
 0 525
 0 526
 0 527
 0 528
 0 529
 0 530
 0 531
 0 532
 0 533
 0 534
 0 535
 0 536
 0 537
 0 538
 0 539
 0 540
 0 541
 0 542
 0 543
 0 544
 0 545
 0 546
 0 547
 0 548
 0 549
 0 550
 0 551
 0 552
 0 553
 0 554
 0 555
 0 556
 0 557
 0 558
 0 559
 0 560
 0 561
 0 562
 0 563
 0 564
 0 565
 0 566
 0 567
 0 568
 0 569
 0 570
 0 571
 0 572
 0 573
 0 574
 0 575
 0 576
 0 577
 0 578
 0 579
 0 580
 0 581
 0 582
 0 583
 0 584
 0 585
 0 586
 0 587
 0 588
 0 589
 0 590
 0 591
 0 592
 0 593
 0 594
 0 595
 0 596
 0 597
 0 598
 0 599
 0 600


