# Created by Octave 3.8.2, Sat Jun 20 12:43:46 2020 CEST <damian@fptrucha.inv.usc.es>
# name: hd
# type: matrix
# rows: 551
# columns: 2
 0 50
 0 51
 0 52
 0 53
 0 54
 0 55
 0 56
 0 57
 0 58
 0 59
 0 60
 0 61
 0 62
 0 63
 0 64
 0 65
 0 66
 0 67
 0 68
 0 69
 0 70
 0 71
 0 72
 0 73
 0 74
 0 75
 0 76
 0 77
 0 78
 0 79
 0 80
 0 81
 0 82
 0 83
 0 84
 0 85
 0 86
 1 87
 2 88
 5 89
 4 90
 30 91
 96 92
 126 93
 166 94
 313 95
 497 96
 622 97
 799 98
 1033 99
 1121 100
 1252 101
 1349 102
 1380 103
 1390 104
 1483 105
 1471 106
 1467 107
 1431 108
 1392 109
 1355 110
 1340 111
 1166 112
 1183 113
 1098 114
 1080 115
 998 116
 931 117
 827 118
 804 119
 782 120
 691 121
 603 122
 567 123
 526 124
 487 125
 436 126
 396 127
 375 128
 379 129
 328 130
 292 131
 269 132
 246 133
 191 134
 184 135
 194 136
 175 137
 168 138
 132 139
 130 140
 121 141
 123 142
 112 143
 117 144
 97 145
 95 146
 98 147
 76 148
 76 149
 77 150
 72 151
 63 152
 63 153
 55 154
 44 155
 50 156
 36 157
 44 158
 36 159
 41 160
 39 161
 32 162
 33 163
 31 164
 24 165
 28 166
 23 167
 21 168
 17 169
 14 170
 14 171
 11 172
 16 173
 14 174
 19 175
 11 176
 7 177
 11 178
 13 179
 9 180
 8 181
 4 182
 8 183
 6 184
 5 185
 5 186
 4 187
 11 188
 4 189
 3 190
 3 191
 3 192
 5 193
 3 194
 2 195
 2 196
 1 197
 1 198
 4 199
 2 200
 3 201
 2 202
 5 203
 1 204
 2 205
 1 206
 1 207
 1 208
 1 209
 2 210
 2 211
 2 212
 1 213
 1 214
 1 215
 1 216
 0 217
 1 218
 0 219
 0 220
 0 221
 0 222
 0 223
 0 224
 0 225
 0 226
 0 227
 0 228
 0 229
 0 230
 0 231
 0 232
 0 233
 2 234
 0 235
 0 236
 0 237
 0 238
 0 239
 0 240
 0 241
 1 242
 0 243
 0 244
 0 245
 0 246
 0 247
 0 248
 0 249
 0 250
 0 251
 0 252
 0 253
 0 254
 0 255
 0 256
 0 257
 0 258
 0 259
 0 260
 0 261
 0 262
 0 263
 0 264
 0 265
 0 266
 0 267
 0 268
 0 269
 0 270
 0 271
 0 272
 0 273
 0 274
 0 275
 0 276
 0 277
 0 278
 0 279
 0 280
 0 281
 1 282
 1 283
 0 284
 0 285
 0 286
 0 287
 0 288
 0 289
 1 290
 1 291
 2 292
 1 293
 2 294
 1 295
 0 296
 1 297
 0 298
 1 299
 1 300
 2 301
 0 302
 0 303
 1 304
 0 305
 3 306
 1 307
 1 308
 2 309
 2 310
 2 311
 1 312
 2 313
 1 314
 1 315
 2 316
 1 317
 3 318
 3 319
 2 320
 2 321
 4 322
 3 323
 2 324
 2 325
 4 326
 3 327
 1 328
 1 329
 3 330
 0 331
 3 332
 5 333
 1 334
 2 335
 2 336
 2 337
 2 338
 1 339
 1 340
 1 341
 2 342
 1 343
 2 344
 3 345
 1 346
 0 347
 1 348
 3 349
 4 350
 0 351
 2 352
 4 353
 1 354
 1 355
 2 356
 2 357
 3 358
 3 359
 1 360
 1 361
 3 362
 1 363
 2 364
 3 365
 2 366
 2 367
 0 368
 1 369
 0 370
 2 371
 1 372
 0 373
 1 374
 1 375
 0 376
 2 377
 0 378
 3 379
 0 380
 1 381
 1 382
 2 383
 0 384
 0 385
 0 386
 1 387
 1 388
 0 389
 1 390
 0 391
 0 392
 1 393
 0 394
 0 395
 0 396
 1 397
 1 398
 0 399
 0 400
 0 401
 0 402
 0 403
 1 404
 0 405
 0 406
 0 407
 0 408
 1 409
 0 410
 1 411
 0 412
 1 413
 0 414
 0 415
 0 416
 0 417
 0 418
 0 419
 0 420
 0 421
 0 422
 0 423
 0 424
 0 425
 0 426
 0 427
 1 428
 0 429
 0 430
 0 431
 1 432
 0 433
 0 434
 0 435
 0 436
 0 437
 0 438
 0 439
 0 440
 0 441
 0 442
 0 443
 0 444
 0 445
 0 446
 0 447
 0 448
 0 449
 0 450
 0 451
 0 452
 0 453
 0 454
 0 455
 0 456
 0 457
 0 458
 0 459
 0 460
 0 461
 0 462
 0 463
 0 464
 0 465
 0 466
 0 467
 0 468
 0 469
 0 470
 0 471
 0 472
 0 473
 0 474
 0 475
 0 476
 0 477
 0 478
 0 479
 0 480
 0 481
 0 482
 0 483
 0 484
 0 485
 0 486
 0 487
 0 488
 0 489
 0 490
 0 491
 0 492
 0 493
 0 494
 0 495
 0 496
 0 497
 0 498
 0 499
 0 500
 0 501
 0 502
 0 503
 0 504
 0 505
 0 506
 0 507
 0 508
 0 509
 0 510
 0 511
 0 512
 0 513
 0 514
 0 515
 0 516
 0 517
 0 518
 0 519
 0 520
 0 521
 0 522
 0 523
 0 524
 0 525
 0 526
 0 527
 0 528
 0 529
 0 530
 0 531
 0 532
 0 533
 0 534
 0 535
 0 536
 0 537
 0 538
 0 539
 0 540
 0 541
 0 542
 0 543
 0 544
 0 545
 0 546
 0 547
 0 548
 0 549
 0 550
 0 551
 0 552
 0 553
 0 554
 0 555
 0 556
 0 557
 0 558
 0 559
 0 560
 0 561
 0 562
 0 563
 0 564
 0 565
 0 566
 0 567
 0 568
 0 569
 0 570
 0 571
 0 572
 0 573
 0 574
 0 575
 0 576
 0 577
 0 578
 0 579
 0 580
 0 581
 0 582
 0 583
 0 584
 0 585
 0 586
 0 587
 0 588
 0 589
 0 590
 0 591
 0 592
 0 593
 0 594
 0 595
 0 596
 0 597
 0 598
 0 599
 0 600


