# Created by Octave 3.8.2, Sat Jun 20 23:49:22 2020 CEST <damian@fptrucha.inv.usc.es>
# name: hd
# type: matrix
# rows: 551
# columns: 2
 0 50
 0 51
 0 52
 0 53
 0 54
 0 55
 0 56
 0 57
 0 58
 0 59
 0 60
 0 61
 0 62
 0 63
 0 64
 0 65
 0 66
 0 67
 0 68
 0 69
 0 70
 0 71
 0 72
 0 73
 0 74
 0 75
 0 76
 0 77
 0 78
 0 79
 0 80
 0 81
 0 82
 0 83
 0 84
 0 85
 0 86
 0 87
 4 88
 8 89
 3 90
 22 91
 94 92
 123 93
 145 94
 248 95
 381 96
 537 97
 653 98
 819 99
 903 100
 994 101
 1068 102
 1120 103
 1268 104
 1260 105
 1198 106
 1201 107
 1225 108
 1251 109
 1221 110
 1200 111
 1113 112
 1061 113
 1030 114
 948 115
 864 116
 828 117
 837 118
 757 119
 690 120
 668 121
 633 122
 565 123
 528 124
 505 125
 457 126
 425 127
 389 128
 315 129
 302 130
 279 131
 265 132
 255 133
 233 134
 223 135
 186 136
 199 137
 163 138
 158 139
 145 140
 138 141
 133 142
 100 143
 99 144
 108 145
 101 146
 83 147
 79 148
 85 149
 67 150
 61 151
 89 152
 62 153
 56 154
 43 155
 38 156
 43 157
 46 158
 47 159
 41 160
 24 161
 30 162
 40 163
 33 164
 33 165
 23 166
 22 167
 23 168
 31 169
 11 170
 19 171
 13 172
 15 173
 13 174
 20 175
 16 176
 4 177
 15 178
 5 179
 7 180
 8 181
 14 182
 9 183
 5 184
 9 185
 6 186
 4 187
 8 188
 2 189
 4 190
 3 191
 3 192
 1 193
 2 194
 3 195
 6 196
 5 197
 4 198
 1 199
 0 200
 0 201
 2 202
 1 203
 0 204
 1 205
 2 206
 2 207
 1 208
 0 209
 2 210
 3 211
 1 212
 1 213
 0 214
 1 215
 1 216
 1 217
 2 218
 0 219
 0 220
 2 221
 0 222
 0 223
 0 224
 0 225
 0 226
 0 227
 0 228
 1 229
 0 230
 0 231
 0 232
 0 233
 0 234
 0 235
 0 236
 0 237
 0 238
 1 239
 0 240
 0 241
 0 242
 0 243
 0 244
 0 245
 0 246
 0 247
 0 248
 0 249
 0 250
 0 251
 0 252
 0 253
 0 254
 0 255
 0 256
 0 257
 0 258
 0 259
 0 260
 0 261
 0 262
 0 263
 0 264
 0 265
 0 266
 0 267
 0 268
 0 269
 0 270
 0 271
 0 272
 0 273
 0 274
 0 275
 1 276
 0 277
 0 278
 0 279
 0 280
 0 281
 1 282
 0 283
 0 284
 0 285
 0 286
 1 287
 0 288
 0 289
 0 290
 1 291
 0 292
 1 293
 0 294
 2 295
 1 296
 0 297
 0 298
 3 299
 0 300
 2 301
 0 302
 0 303
 2 304
 1 305
 3 306
 2 307
 2 308
 2 309
 3 310
 1 311
 3 312
 2 313
 2 314
 1 315
 2 316
 4 317
 3 318
 1 319
 2 320
 2 321
 2 322
 3 323
 2 324
 2 325
 1 326
 2 327
 5 328
 3 329
 1 330
 5 331
 0 332
 4 333
 1 334
 7 335
 1 336
 3 337
 3 338
 2 339
 1 340
 1 341
 2 342
 4 343
 1 344
 1 345
 3 346
 1 347
 3 348
 4 349
 1 350
 1 351
 2 352
 0 353
 2 354
 2 355
 5 356
 2 357
 2 358
 4 359
 2 360
 2 361
 1 362
 1 363
 3 364
 0 365
 1 366
 1 367
 2 368
 0 369
 0 370
 1 371
 1 372
 1 373
 4 374
 0 375
 2 376
 0 377
 2 378
 0 379
 0 380
 0 381
 0 382
 1 383
 2 384
 0 385
 1 386
 1 387
 0 388
 2 389
 0 390
 1 391
 0 392
 0 393
 0 394
 2 395
 0 396
 0 397
 0 398
 0 399
 0 400
 1 401
 0 402
 0 403
 0 404
 1 405
 0 406
 0 407
 0 408
 0 409
 0 410
 0 411
 0 412
 0 413
 0 414
 0 415
 0 416
 0 417
 0 418
 0 419
 0 420
 0 421
 0 422
 0 423
 0 424
 0 425
 0 426
 0 427
 0 428
 0 429
 0 430
 0 431
 0 432
 0 433
 0 434
 0 435
 0 436
 0 437
 0 438
 0 439
 0 440
 0 441
 0 442
 0 443
 0 444
 0 445
 0 446
 0 447
 0 448
 0 449
 0 450
 0 451
 0 452
 0 453
 0 454
 0 455
 0 456
 0 457
 0 458
 0 459
 0 460
 0 461
 0 462
 0 463
 0 464
 0 465
 0 466
 0 467
 0 468
 0 469
 0 470
 0 471
 0 472
 0 473
 0 474
 0 475
 0 476
 0 477
 0 478
 0 479
 0 480
 0 481
 0 482
 0 483
 0 484
 0 485
 0 486
 0 487
 0 488
 0 489
 0 490
 0 491
 0 492
 0 493
 0 494
 0 495
 0 496
 0 497
 0 498
 0 499
 0 500
 0 501
 0 502
 0 503
 0 504
 0 505
 0 506
 0 507
 0 508
 0 509
 0 510
 0 511
 0 512
 0 513
 0 514
 0 515
 0 516
 0 517
 0 518
 0 519
 0 520
 0 521
 0 522
 0 523
 0 524
 0 525
 0 526
 0 527
 0 528
 0 529
 0 530
 0 531
 0 532
 0 533
 0 534
 0 535
 0 536
 0 537
 0 538
 0 539
 0 540
 0 541
 0 542
 0 543
 0 544
 0 545
 0 546
 0 547
 0 548
 0 549
 0 550
 0 551
 0 552
 0 553
 0 554
 0 555
 0 556
 0 557
 0 558
 0 559
 0 560
 0 561
 0 562
 0 563
 0 564
 0 565
 0 566
 0 567
 0 568
 0 569
 0 570
 0 571
 0 572
 0 573
 0 574
 0 575
 0 576
 0 577
 0 578
 0 579
 0 580
 0 581
 0 582
 0 583
 0 584
 0 585
 0 586
 0 587
 0 588
 0 589
 0 590
 0 591
 0 592
 0 593
 0 594
 0 595
 0 596
 0 597
 0 598
 0 599
 0 600


