# Created by Octave 3.8.2, Sat Jun 20 02:46:11 2020 CEST <damian@fptrucha.inv.usc.es>
# name: hd
# type: matrix
# rows: 551
# columns: 2
 0 50
 0 51
 0 52
 0 53
 0 54
 0 55
 0 56
 0 57
 0 58
 0 59
 0 60
 0 61
 0 62
 0 63
 0 64
 0 65
 0 66
 0 67
 0 68
 0 69
 0 70
 0 71
 0 72
 0 73
 0 74
 0 75
 0 76
 0 77
 0 78
 0 79
 0 80
 0 81
 0 82
 0 83
 0 84
 0 85
 0 86
 0 87
 0 88
 4 89
 7 90
 21 91
 93 92
 115 93
 167 94
 265 95
 444 96
 590 97
 873 98
 925 99
 1077 100
 1183 101
 1263 102
 1259 103
 1419 104
 1523 105
 1429 106
 1424 107
 1491 108
 1349 109
 1368 110
 1230 111
 1280 112
 1188 113
 1142 114
 1105 115
 944 116
 939 117
 859 118
 807 119
 753 120
 737 121
 655 122
 638 123
 537 124
 514 125
 459 126
 445 127
 379 128
 373 129
 344 130
 292 131
 241 132
 269 133
 227 134
 230 135
 198 136
 189 137
 167 138
 163 139
 145 140
 152 141
 161 142
 127 143
 100 144
 106 145
 88 146
 100 147
 72 148
 97 149
 92 150
 79 151
 84 152
 74 153
 58 154
 55 155
 58 156
 47 157
 50 158
 46 159
 37 160
 41 161
 31 162
 31 163
 41 164
 31 165
 30 166
 24 167
 24 168
 18 169
 32 170
 22 171
 20 172
 24 173
 18 174
 13 175
 27 176
 14 177
 8 178
 14 179
 13 180
 10 181
 9 182
 14 183
 9 184
 12 185
 7 186
 10 187
 10 188
 6 189
 5 190
 7 191
 4 192
 7 193
 6 194
 4 195
 4 196
 5 197
 2 198
 3 199
 1 200
 2 201
 4 202
 2 203
 2 204
 1 205
 3 206
 2 207
 1 208
 2 209
 0 210
 2 211
 1 212
 2 213
 0 214
 3 215
 1 216
 0 217
 0 218
 1 219
 0 220
 0 221
 0 222
 0 223
 0 224
 2 225
 0 226
 0 227
 0 228
 0 229
 1 230
 0 231
 0 232
 0 233
 1 234
 1 235
 0 236
 0 237
 0 238
 0 239
 0 240
 0 241
 0 242
 0 243
 0 244
 0 245
 0 246
 0 247
 0 248
 0 249
 0 250
 0 251
 1 252
 0 253
 0 254
 0 255
 0 256
 0 257
 0 258
 0 259
 0 260
 0 261
 0 262
 0 263
 0 264
 0 265
 0 266
 0 267
 0 268
 0 269
 0 270
 0 271
 0 272
 0 273
 1 274
 1 275
 0 276
 0 277
 1 278
 0 279
 0 280
 0 281
 0 282
 0 283
 1 284
 0 285
 0 286
 0 287
 0 288
 0 289
 0 290
 2 291
 1 292
 0 293
 2 294
 2 295
 0 296
 2 297
 1 298
 0 299
 2 300
 2 301
 1 302
 0 303
 2 304
 2 305
 1 306
 1 307
 0 308
 2 309
 4 310
 0 311
 2 312
 2 313
 2 314
 0 315
 1 316
 2 317
 1 318
 0 319
 2 320
 4 321
 3 322
 3 323
 2 324
 2 325
 2 326
 5 327
 4 328
 5 329
 2 330
 3 331
 0 332
 1 333
 2 334
 5 335
 2 336
 4 337
 6 338
 2 339
 0 340
 4 341
 4 342
 5 343
 2 344
 3 345
 2 346
 1 347
 0 348
 3 349
 1 350
 3 351
 2 352
 3 353
 7 354
 2 355
 1 356
 2 357
 1 358
 0 359
 2 360
 2 361
 1 362
 1 363
 2 364
 1 365
 0 366
 4 367
 2 368
 2 369
 5 370
 1 371
 3 372
 0 373
 2 374
 1 375
 3 376
 0 377
 0 378
 0 379
 1 380
 1 381
 0 382
 0 383
 0 384
 0 385
 1 386
 0 387
 2 388
 0 389
 1 390
 0 391
 0 392
 3 393
 2 394
 0 395
 0 396
 0 397
 0 398
 0 399
 0 400
 0 401
 0 402
 0 403
 1 404
 2 405
 0 406
 0 407
 0 408
 0 409
 0 410
 0 411
 0 412
 0 413
 0 414
 0 415
 0 416
 0 417
 0 418
 0 419
 0 420
 0 421
 0 422
 0 423
 0 424
 0 425
 0 426
 0 427
 0 428
 0 429
 0 430
 0 431
 0 432
 0 433
 0 434
 0 435
 0 436
 0 437
 0 438
 0 439
 0 440
 0 441
 0 442
 0 443
 0 444
 0 445
 0 446
 0 447
 0 448
 0 449
 0 450
 0 451
 0 452
 0 453
 0 454
 0 455
 0 456
 0 457
 0 458
 0 459
 0 460
 0 461
 0 462
 0 463
 0 464
 0 465
 0 466
 0 467
 0 468
 0 469
 0 470
 0 471
 0 472
 0 473
 0 474
 0 475
 0 476
 0 477
 0 478
 0 479
 0 480
 0 481
 0 482
 0 483
 0 484
 0 485
 0 486
 0 487
 0 488
 0 489
 0 490
 0 491
 0 492
 0 493
 0 494
 0 495
 0 496
 0 497
 0 498
 0 499
 0 500
 0 501
 0 502
 0 503
 0 504
 0 505
 0 506
 0 507
 0 508
 0 509
 0 510
 0 511
 0 512
 0 513
 0 514
 0 515
 0 516
 0 517
 0 518
 0 519
 0 520
 0 521
 0 522
 0 523
 0 524
 0 525
 0 526
 0 527
 0 528
 0 529
 0 530
 0 531
 0 532
 0 533
 0 534
 0 535
 0 536
 0 537
 0 538
 0 539
 0 540
 0 541
 0 542
 0 543
 0 544
 0 545
 0 546
 0 547
 0 548
 0 549
 0 550
 0 551
 0 552
 0 553
 0 554
 0 555
 0 556
 0 557
 0 558
 0 559
 0 560
 0 561
 0 562
 0 563
 0 564
 0 565
 0 566
 0 567
 0 568
 0 569
 0 570
 0 571
 0 572
 0 573
 0 574
 0 575
 0 576
 0 577
 0 578
 0 579
 0 580
 0 581
 0 582
 0 583
 0 584
 0 585
 0 586
 0 587
 0 588
 0 589
 0 590
 0 591
 0 592
 0 593
 0 594
 0 595
 0 596
 0 597
 0 598
 0 599
 0 600


