# Created by Octave 3.8.2, Sat Jun 20 13:49:25 2020 CEST <damian@fptrucha.inv.usc.es>
# name: hd
# type: matrix
# rows: 551
# columns: 2
 0 50
 0 51
 0 52
 0 53
 0 54
 0 55
 0 56
 0 57
 0 58
 0 59
 0 60
 0 61
 0 62
 0 63
 0 64
 0 65
 0 66
 0 67
 0 68
 0 69
 0 70
 0 71
 0 72
 0 73
 0 74
 0 75
 0 76
 0 77
 0 78
 0 79
 0 80
 0 81
 0 82
 0 83
 0 84
 0 85
 0 86
 0 87
 1 88
 4 89
 5 90
 28 91
 80 92
 131 93
 162 94
 271 95
 438 96
 662 97
 808 98
 910 99
 1040 100
 1211 101
 1282 102
 1293 103
 1396 104
 1476 105
 1372 106
 1455 107
 1379 108
 1390 109
 1289 110
 1296 111
 1230 112
 1153 113
 1099 114
 1003 115
 977 116
 950 117
 839 118
 772 119
 746 120
 682 121
 616 122
 536 123
 527 124
 444 125
 459 126
 379 127
 365 128
 363 129
 322 130
 270 131
 268 132
 243 133
 234 134
 228 135
 195 136
 187 137
 160 138
 140 139
 149 140
 123 141
 139 142
 125 143
 106 144
 97 145
 93 146
 64 147
 85 148
 78 149
 72 150
 69 151
 58 152
 61 153
 66 154
 60 155
 52 156
 44 157
 47 158
 45 159
 33 160
 34 161
 46 162
 33 163
 27 164
 30 165
 22 166
 24 167
 26 168
 20 169
 28 170
 18 171
 12 172
 26 173
 15 174
 13 175
 8 176
 12 177
 6 178
 11 179
 7 180
 8 181
 11 182
 11 183
 6 184
 11 185
 10 186
 8 187
 5 188
 5 189
 1 190
 4 191
 3 192
 2 193
 2 194
 1 195
 1 196
 3 197
 2 198
 3 199
 1 200
 0 201
 4 202
 4 203
 1 204
 3 205
 1 206
 3 207
 4 208
 2 209
 3 210
 0 211
 1 212
 1 213
 0 214
 0 215
 2 216
 0 217
 0 218
 0 219
 0 220
 0 221
 0 222
 1 223
 1 224
 0 225
 1 226
 1 227
 0 228
 0 229
 0 230
 0 231
 0 232
 0 233
 0 234
 0 235
 0 236
 0 237
 0 238
 0 239
 0 240
 0 241
 0 242
 0 243
 0 244
 0 245
 0 246
 0 247
 0 248
 0 249
 0 250
 0 251
 0 252
 0 253
 0 254
 0 255
 0 256
 0 257
 0 258
 0 259
 0 260
 0 261
 0 262
 0 263
 1 264
 0 265
 0 266
 0 267
 0 268
 0 269
 0 270
 0 271
 0 272
 0 273
 0 274
 0 275
 0 276
 1 277
 0 278
 0 279
 1 280
 0 281
 1 282
 0 283
 0 284
 0 285
 0 286
 1 287
 0 288
 0 289
 1 290
 1 291
 2 292
 0 293
 0 294
 0 295
 0 296
 2 297
 0 298
 0 299
 1 300
 3 301
 1 302
 1 303
 1 304
 1 305
 1 306
 3 307
 3 308
 1 309
 0 310
 0 311
 3 312
 1 313
 4 314
 1 315
 4 316
 5 317
 2 318
 1 319
 3 320
 2 321
 0 322
 3 323
 1 324
 3 325
 4 326
 5 327
 3 328
 1 329
 3 330
 5 331
 2 332
 3 333
 0 334
 1 335
 1 336
 2 337
 2 338
 2 339
 0 340
 2 341
 1 342
 4 343
 3 344
 4 345
 2 346
 2 347
 1 348
 1 349
 2 350
 1 351
 1 352
 2 353
 3 354
 4 355
 1 356
 4 357
 0 358
 1 359
 0 360
 0 361
 2 362
 2 363
 1 364
 0 365
 1 366
 2 367
 1 368
 2 369
 0 370
 1 371
 3 372
 1 373
 0 374
 1 375
 0 376
 2 377
 1 378
 1 379
 1 380
 0 381
 0 382
 0 383
 0 384
 0 385
 0 386
 1 387
 0 388
 0 389
 0 390
 0 391
 1 392
 0 393
 0 394
 0 395
 0 396
 0 397
 0 398
 0 399
 0 400
 0 401
 0 402
 1 403
 0 404
 1 405
 0 406
 0 407
 0 408
 0 409
 0 410
 0 411
 0 412
 0 413
 0 414
 0 415
 0 416
 0 417
 1 418
 0 419
 0 420
 0 421
 0 422
 0 423
 0 424
 0 425
 0 426
 0 427
 0 428
 1 429
 0 430
 0 431
 0 432
 0 433
 0 434
 0 435
 0 436
 0 437
 0 438
 0 439
 0 440
 0 441
 0 442
 0 443
 0 444
 0 445
 0 446
 0 447
 0 448
 0 449
 0 450
 0 451
 0 452
 0 453
 0 454
 0 455
 0 456
 0 457
 0 458
 0 459
 0 460
 0 461
 0 462
 0 463
 0 464
 0 465
 0 466
 0 467
 0 468
 0 469
 0 470
 0 471
 0 472
 0 473
 0 474
 0 475
 0 476
 0 477
 0 478
 0 479
 0 480
 0 481
 0 482
 0 483
 0 484
 0 485
 0 486
 0 487
 0 488
 0 489
 0 490
 0 491
 0 492
 0 493
 0 494
 0 495
 0 496
 0 497
 0 498
 0 499
 0 500
 0 501
 0 502
 0 503
 0 504
 0 505
 0 506
 0 507
 0 508
 0 509
 0 510
 0 511
 0 512
 0 513
 0 514
 0 515
 0 516
 0 517
 0 518
 0 519
 0 520
 0 521
 0 522
 0 523
 0 524
 0 525
 0 526
 0 527
 0 528
 0 529
 0 530
 0 531
 0 532
 0 533
 0 534
 0 535
 0 536
 0 537
 0 538
 0 539
 0 540
 0 541
 0 542
 0 543
 0 544
 0 545
 0 546
 0 547
 0 548
 0 549
 0 550
 0 551
 0 552
 0 553
 0 554
 0 555
 0 556
 0 557
 0 558
 0 559
 0 560
 0 561
 0 562
 0 563
 0 564
 0 565
 0 566
 0 567
 0 568
 0 569
 0 570
 0 571
 0 572
 0 573
 0 574
 0 575
 0 576
 0 577
 0 578
 0 579
 0 580
 0 581
 0 582
 0 583
 0 584
 0 585
 0 586
 0 587
 0 588
 0 589
 0 590
 0 591
 0 592
 0 593
 0 594
 0 595
 0 596
 0 597
 0 598
 0 599
 0 600


