# Created by Octave 3.8.2, Mon Jun 22 06:57:02 2020 CEST <damian@fptrucha.inv.usc.es>
# name: hd
# type: matrix
# rows: 551
# columns: 2
 0 50
 0 51
 0 52
 0 53
 0 54
 0 55
 0 56
 0 57
 0 58
 0 59
 0 60
 0 61
 0 62
 0 63
 0 64
 0 65
 0 66
 0 67
 0 68
 0 69
 0 70
 0 71
 0 72
 0 73
 0 74
 0 75
 0 76
 0 77
 0 78
 0 79
 0 80
 0 81
 0 82
 0 83
 0 84
 0 85
 0 86
 0 87
 0 88
 0 89
 3 90
 9 91
 73 92
 117 93
 184 94
 237 95
 362 96
 592 97
 790 98
 866 99
 1125 100
 1223 101
 1307 102
 1414 103
 1430 104
 1387 105
 1476 106
 1331 107
 1317 108
 1306 109
 1270 110
 1121 111
 1091 112
 1008 113
 937 114
 918 115
 795 116
 738 117
 669 118
 570 119
 518 120
 503 121
 436 122
 412 123
 365 124
 393 125
 365 126
 290 127
 279 128
 275 129
 211 130
 214 131
 186 132
 190 133
 176 134
 165 135
 134 136
 144 137
 134 138
 120 139
 128 140
 117 141
 74 142
 112 143
 90 144
 87 145
 82 146
 82 147
 63 148
 68 149
 61 150
 68 151
 58 152
 53 153
 54 154
 56 155
 45 156
 42 157
 37 158
 44 159
 35 160
 36 161
 28 162
 22 163
 31 164
 27 165
 22 166
 21 167
 26 168
 17 169
 20 170
 18 171
 17 172
 20 173
 17 174
 17 175
 8 176
 13 177
 18 178
 7 179
 9 180
 10 181
 13 182
 6 183
 10 184
 8 185
 4 186
 5 187
 7 188
 2 189
 6 190
 5 191
 4 192
 5 193
 9 194
 3 195
 6 196
 3 197
 1 198
 4 199
 1 200
 1 201
 0 202
 1 203
 5 204
 1 205
 0 206
 4 207
 3 208
 2 209
 1 210
 1 211
 4 212
 0 213
 1 214
 0 215
 0 216
 0 217
 0 218
 2 219
 0 220
 0 221
 1 222
 0 223
 0 224
 1 225
 0 226
 0 227
 0 228
 1 229
 0 230
 0 231
 0 232
 0 233
 0 234
 1 235
 1 236
 0 237
 0 238
 0 239
 0 240
 0 241
 0 242
 0 243
 0 244
 0 245
 0 246
 0 247
 0 248
 1 249
 0 250
 0 251
 0 252
 0 253
 0 254
 0 255
 0 256
 0 257
 0 258
 0 259
 0 260
 0 261
 0 262
 0 263
 1 264
 0 265
 0 266
 0 267
 0 268
 0 269
 0 270
 0 271
 0 272
 0 273
 0 274
 0 275
 0 276
 0 277
 0 278
 1 279
 0 280
 0 281
 0 282
 1 283
 0 284
 0 285
 0 286
 1 287
 0 288
 1 289
 0 290
 0 291
 4 292
 3 293
 3 294
 2 295
 2 296
 1 297
 0 298
 3 299
 0 300
 4 301
 2 302
 1 303
 1 304
 2 305
 2 306
 6 307
 6 308
 6 309
 3 310
 4 311
 1 312
 1 313
 5 314
 4 315
 3 316
 1 317
 2 318
 4 319
 1 320
 3 321
 3 322
 1 323
 4 324
 3 325
 4 326
 0 327
 4 328
 3 329
 1 330
 4 331
 4 332
 4 333
 2 334
 4 335
 1 336
 6 337
 4 338
 0 339
 4 340
 4 341
 1 342
 2 343
 2 344
 1 345
 3 346
 2 347
 0 348
 3 349
 2 350
 2 351
 1 352
 0 353
 1 354
 0 355
 1 356
 1 357
 1 358
 0 359
 1 360
 3 361
 0 362
 1 363
 1 364
 0 365
 0 366
 2 367
 0 368
 0 369
 1 370
 0 371
 1 372
 2 373
 1 374
 2 375
 0 376
 0 377
 2 378
 1 379
 0 380
 0 381
 1 382
 0 383
 1 384
 1 385
 1 386
 0 387
 0 388
 0 389
 1 390
 0 391
 0 392
 0 393
 0 394
 0 395
 0 396
 0 397
 0 398
 0 399
 0 400
 0 401
 0 402
 0 403
 0 404
 0 405
 0 406
 0 407
 0 408
 0 409
 0 410
 0 411
 0 412
 0 413
 0 414
 0 415
 0 416
 0 417
 0 418
 0 419
 0 420
 0 421
 0 422
 0 423
 0 424
 0 425
 0 426
 0 427
 0 428
 0 429
 0 430
 0 431
 0 432
 0 433
 0 434
 0 435
 0 436
 0 437
 0 438
 0 439
 0 440
 0 441
 0 442
 0 443
 0 444
 0 445
 0 446
 0 447
 0 448
 0 449
 0 450
 0 451
 0 452
 0 453
 0 454
 0 455
 0 456
 1 457
 0 458
 0 459
 0 460
 0 461
 0 462
 0 463
 0 464
 0 465
 0 466
 0 467
 0 468
 0 469
 0 470
 0 471
 0 472
 0 473
 0 474
 0 475
 0 476
 0 477
 0 478
 0 479
 0 480
 0 481
 0 482
 0 483
 0 484
 0 485
 0 486
 0 487
 0 488
 0 489
 0 490
 0 491
 0 492
 0 493
 0 494
 0 495
 0 496
 0 497
 0 498
 0 499
 0 500
 0 501
 0 502
 0 503
 0 504
 0 505
 0 506
 0 507
 0 508
 0 509
 0 510
 0 511
 0 512
 0 513
 0 514
 0 515
 0 516
 0 517
 0 518
 0 519
 0 520
 0 521
 0 522
 0 523
 0 524
 0 525
 0 526
 0 527
 0 528
 0 529
 0 530
 0 531
 0 532
 0 533
 0 534
 0 535
 0 536
 0 537
 0 538
 0 539
 0 540
 0 541
 0 542
 0 543
 0 544
 0 545
 0 546
 0 547
 0 548
 0 549
 0 550
 0 551
 0 552
 0 553
 0 554
 0 555
 0 556
 0 557
 0 558
 0 559
 0 560
 0 561
 0 562
 0 563
 0 564
 0 565
 0 566
 0 567
 0 568
 0 569
 0 570
 0 571
 0 572
 0 573
 0 574
 0 575
 0 576
 0 577
 0 578
 0 579
 0 580
 0 581
 0 582
 0 583
 0 584
 0 585
 0 586
 0 587
 0 588
 0 589
 0 590
 0 591
 0 592
 0 593
 0 594
 0 595
 0 596
 0 597
 0 598
 0 599
 0 600


