# Created by Octave 3.8.2, Mon Jun 22 00:57:37 2020 CEST <damian@fptrucha.inv.usc.es>
# name: hd
# type: matrix
# rows: 551
# columns: 2
 0 50
 0 51
 0 52
 0 53
 0 54
 0 55
 0 56
 0 57
 0 58
 0 59
 0 60
 0 61
 0 62
 0 63
 0 64
 0 65
 0 66
 0 67
 0 68
 0 69
 0 70
 0 71
 0 72
 0 73
 0 74
 0 75
 0 76
 0 77
 0 78
 0 79
 0 80
 0 81
 0 82
 0 83
 0 84
 0 85
 0 86
 0 87
 1 88
 1 89
 4 90
 42 91
 97 92
 108 93
 164 94
 315 95
 447 96
 659 97
 789 98
 964 99
 1068 100
 1125 101
 1289 102
 1325 103
 1308 104
 1398 105
 1447 106
 1392 107
 1351 108
 1303 109
 1312 110
 1226 111
 1203 112
 1125 113
 1133 114
 1051 115
 989 116
 884 117
 810 118
 787 119
 674 120
 650 121
 585 122
 565 123
 519 124
 441 125
 407 126
 388 127
 357 128
 320 129
 298 130
 294 131
 231 132
 214 133
 215 134
 209 135
 184 136
 157 137
 142 138
 154 139
 116 140
 111 141
 128 142
 108 143
 102 144
 80 145
 75 146
 70 147
 69 148
 74 149
 61 150
 56 151
 69 152
 60 153
 53 154
 41 155
 42 156
 45 157
 30 158
 31 159
 40 160
 31 161
 25 162
 22 163
 30 164
 24 165
 16 166
 16 167
 20 168
 11 169
 20 170
 13 171
 16 172
 16 173
 11 174
 14 175
 8 176
 9 177
 5 178
 8 179
 5 180
 6 181
 9 182
 8 183
 2 184
 2 185
 5 186
 6 187
 5 188
 4 189
 6 190
 2 191
 5 192
 4 193
 2 194
 5 195
 1 196
 2 197
 2 198
 3 199
 0 200
 2 201
 4 202
 1 203
 0 204
 1 205
 2 206
 0 207
 3 208
 0 209
 0 210
 1 211
 0 212
 0 213
 1 214
 0 215
 0 216
 0 217
 0 218
 0 219
 2 220
 0 221
 1 222
 1 223
 0 224
 0 225
 0 226
 0 227
 0 228
 0 229
 0 230
 1 231
 0 232
 0 233
 0 234
 0 235
 0 236
 0 237
 0 238
 0 239
 0 240
 0 241
 0 242
 0 243
 0 244
 0 245
 0 246
 0 247
 0 248
 0 249
 0 250
 0 251
 0 252
 0 253
 0 254
 0 255
 0 256
 0 257
 0 258
 0 259
 0 260
 0 261
 0 262
 0 263
 0 264
 0 265
 0 266
 0 267
 0 268
 0 269
 0 270
 0 271
 0 272
 0 273
 0 274
 0 275
 0 276
 0 277
 0 278
 0 279
 0 280
 1 281
 1 282
 0 283
 0 284
 1 285
 2 286
 0 287
 1 288
 0 289
 1 290
 1 291
 0 292
 0 293
 1 294
 0 295
 2 296
 0 297
 0 298
 0 299
 0 300
 0 301
 1 302
 2 303
 1 304
 0 305
 1 306
 1 307
 1 308
 1 309
 2 310
 2 311
 2 312
 2 313
 1 314
 3 315
 4 316
 1 317
 3 318
 0 319
 5 320
 3 321
 2 322
 4 323
 5 324
 3 325
 2 326
 2 327
 3 328
 1 329
 5 330
 1 331
 3 332
 3 333
 2 334
 2 335
 2 336
 3 337
 0 338
 2 339
 1 340
 3 341
 3 342
 0 343
 1 344
 0 345
 4 346
 1 347
 1 348
 0 349
 0 350
 3 351
 2 352
 3 353
 2 354
 3 355
 2 356
 1 357
 3 358
 0 359
 2 360
 1 361
 2 362
 0 363
 0 364
 2 365
 1 366
 0 367
 0 368
 5 369
 0 370
 2 371
 0 372
 0 373
 0 374
 1 375
 1 376
 1 377
 1 378
 0 379
 2 380
 1 381
 1 382
 0 383
 0 384
 2 385
 2 386
 1 387
 1 388
 1 389
 0 390
 1 391
 1 392
 0 393
 0 394
 0 395
 0 396
 0 397
 0 398
 0 399
 1 400
 0 401
 0 402
 1 403
 0 404
 0 405
 0 406
 0 407
 0 408
 0 409
 0 410
 0 411
 0 412
 1 413
 0 414
 0 415
 0 416
 0 417
 0 418
 0 419
 0 420
 0 421
 0 422
 0 423
 0 424
 0 425
 0 426
 0 427
 0 428
 0 429
 0 430
 0 431
 0 432
 0 433
 0 434
 0 435
 0 436
 0 437
 0 438
 0 439
 0 440
 0 441
 0 442
 0 443
 0 444
 0 445
 0 446
 0 447
 0 448
 0 449
 0 450
 0 451
 0 452
 0 453
 0 454
 0 455
 0 456
 0 457
 0 458
 0 459
 0 460
 0 461
 0 462
 0 463
 0 464
 0 465
 0 466
 0 467
 0 468
 0 469
 0 470
 0 471
 0 472
 0 473
 0 474
 0 475
 0 476
 0 477
 0 478
 0 479
 0 480
 0 481
 0 482
 0 483
 0 484
 0 485
 0 486
 0 487
 0 488
 0 489
 0 490
 0 491
 0 492
 0 493
 0 494
 0 495
 0 496
 0 497
 0 498
 0 499
 0 500
 0 501
 0 502
 0 503
 0 504
 0 505
 0 506
 0 507
 0 508
 0 509
 0 510
 0 511
 0 512
 0 513
 0 514
 0 515
 0 516
 0 517
 0 518
 0 519
 0 520
 0 521
 0 522
 0 523
 0 524
 0 525
 0 526
 0 527
 0 528
 0 529
 0 530
 0 531
 0 532
 0 533
 0 534
 0 535
 0 536
 0 537
 0 538
 0 539
 0 540
 0 541
 0 542
 0 543
 0 544
 0 545
 0 546
 0 547
 0 548
 0 549
 0 550
 0 551
 0 552
 0 553
 0 554
 0 555
 0 556
 0 557
 0 558
 0 559
 0 560
 0 561
 0 562
 0 563
 0 564
 0 565
 0 566
 0 567
 0 568
 0 569
 0 570
 0 571
 0 572
 0 573
 0 574
 0 575
 0 576
 0 577
 0 578
 0 579
 0 580
 0 581
 0 582
 0 583
 0 584
 0 585
 0 586
 0 587
 0 588
 0 589
 0 590
 0 591
 0 592
 0 593
 0 594
 0 595
 0 596
 0 597
 0 598
 0 599
 0 600


