# Created by Octave 3.8.2, Mon Jun 22 08:17:23 2020 CEST <damian@fptrucha.inv.usc.es>
# name: hd
# type: matrix
# rows: 551
# columns: 2
 0 50
 0 51
 0 52
 0 53
 0 54
 0 55
 0 56
 0 57
 0 58
 0 59
 0 60
 0 61
 0 62
 0 63
 0 64
 0 65
 0 66
 0 67
 0 68
 0 69
 0 70
 0 71
 0 72
 0 73
 0 74
 0 75
 0 76
 0 77
 0 78
 0 79
 0 80
 1 81
 0 82
 0 83
 0 84
 0 85
 0 86
 0 87
 1 88
 2 89
 1 90
 12 91
 74 92
 109 93
 164 94
 245 95
 402 96
 567 97
 772 98
 992 99
 1165 100
 1308 101
 1429 102
 1423 103
 1417 104
 1518 105
 1451 106
 1430 107
 1359 108
 1330 109
 1294 110
 1211 111
 1085 112
 1012 113
 973 114
 922 115
 794 116
 756 117
 678 118
 575 119
 549 120
 494 121
 502 122
 422 123
 356 124
 365 125
 305 126
 332 127
 306 128
 265 129
 259 130
 204 131
 210 132
 200 133
 156 134
 154 135
 129 136
 138 137
 141 138
 116 139
 104 140
 121 141
 102 142
 75 143
 76 144
 66 145
 77 146
 91 147
 77 148
 64 149
 58 150
 65 151
 53 152
 46 153
 47 154
 49 155
 52 156
 45 157
 50 158
 41 159
 30 160
 39 161
 25 162
 21 163
 35 164
 26 165
 18 166
 23 167
 16 168
 20 169
 23 170
 20 171
 22 172
 19 173
 9 174
 12 175
 20 176
 13 177
 9 178
 12 179
 8 180
 6 181
 5 182
 3 183
 11 184
 5 185
 3 186
 6 187
 8 188
 5 189
 7 190
 3 191
 3 192
 5 193
 6 194
 2 195
 1 196
 2 197
 2 198
 2 199
 7 200
 2 201
 1 202
 0 203
 1 204
 2 205
 4 206
 2 207
 0 208
 2 209
 2 210
 2 211
 0 212
 1 213
 1 214
 1 215
 1 216
 0 217
 0 218
 0 219
 0 220
 0 221
 0 222
 0 223
 0 224
 1 225
 0 226
 0 227
 0 228
 0 229
 0 230
 0 231
 1 232
 1 233
 0 234
 0 235
 0 236
 0 237
 0 238
 0 239
 0 240
 0 241
 0 242
 0 243
 0 244
 0 245
 0 246
 0 247
 0 248
 0 249
 0 250
 0 251
 0 252
 0 253
 0 254
 0 255
 0 256
 0 257
 0 258
 0 259
 0 260
 0 261
 0 262
 0 263
 0 264
 0 265
 0 266
 0 267
 0 268
 0 269
 0 270
 0 271
 0 272
 1 273
 0 274
 0 275
 0 276
 1 277
 0 278
 0 279
 0 280
 0 281
 0 282
 0 283
 0 284
 0 285
 0 286
 0 287
 0 288
 0 289
 0 290
 2 291
 1 292
 0 293
 1 294
 2 295
 3 296
 0 297
 1 298
 1 299
 0 300
 5 301
 2 302
 1 303
 2 304
 2 305
 3 306
 0 307
 2 308
 2 309
 8 310
 5 311
 2 312
 0 313
 1 314
 5 315
 1 316
 4 317
 0 318
 4 319
 5 320
 3 321
 4 322
 3 323
 1 324
 3 325
 3 326
 4 327
 3 328
 0 329
 4 330
 2 331
 5 332
 4 333
 2 334
 3 335
 2 336
 2 337
 1 338
 1 339
 7 340
 3 341
 3 342
 4 343
 5 344
 2 345
 2 346
 3 347
 3 348
 2 349
 2 350
 1 351
 3 352
 2 353
 0 354
 1 355
 2 356
 2 357
 1 358
 2 359
 0 360
 0 361
 3 362
 2 363
 3 364
 2 365
 1 366
 0 367
 2 368
 1 369
 1 370
 2 371
 2 372
 1 373
 2 374
 0 375
 1 376
 1 377
 2 378
 0 379
 1 380
 0 381
 0 382
 0 383
 0 384
 1 385
 0 386
 1 387
 0 388
 0 389
 0 390
 0 391
 0 392
 1 393
 0 394
 1 395
 0 396
 1 397
 0 398
 0 399
 0 400
 0 401
 0 402
 1 403
 0 404
 0 405
 0 406
 0 407
 1 408
 0 409
 1 410
 0 411
 0 412
 0 413
 0 414
 0 415
 0 416
 0 417
 0 418
 0 419
 0 420
 0 421
 1 422
 0 423
 0 424
 0 425
 0 426
 0 427
 0 428
 0 429
 0 430
 0 431
 0 432
 0 433
 0 434
 0 435
 0 436
 0 437
 0 438
 0 439
 1 440
 0 441
 0 442
 0 443
 0 444
 0 445
 0 446
 0 447
 0 448
 0 449
 0 450
 0 451
 0 452
 0 453
 0 454
 0 455
 0 456
 0 457
 0 458
 0 459
 0 460
 0 461
 0 462
 0 463
 0 464
 0 465
 0 466
 0 467
 0 468
 0 469
 0 470
 0 471
 0 472
 0 473
 0 474
 0 475
 0 476
 0 477
 0 478
 0 479
 0 480
 0 481
 0 482
 0 483
 0 484
 0 485
 0 486
 0 487
 0 488
 0 489
 0 490
 0 491
 0 492
 0 493
 0 494
 0 495
 0 496
 0 497
 0 498
 0 499
 0 500
 0 501
 0 502
 0 503
 0 504
 0 505
 0 506
 0 507
 0 508
 0 509
 0 510
 0 511
 0 512
 0 513
 0 514
 0 515
 0 516
 0 517
 0 518
 0 519
 0 520
 0 521
 0 522
 0 523
 0 524
 0 525
 0 526
 0 527
 0 528
 0 529
 0 530
 0 531
 0 532
 0 533
 0 534
 0 535
 0 536
 0 537
 0 538
 0 539
 0 540
 0 541
 0 542
 0 543
 0 544
 0 545
 0 546
 0 547
 0 548
 0 549
 0 550
 0 551
 0 552
 0 553
 0 554
 0 555
 0 556
 0 557
 0 558
 0 559
 0 560
 0 561
 0 562
 0 563
 0 564
 0 565
 0 566
 0 567
 0 568
 0 569
 0 570
 0 571
 0 572
 0 573
 0 574
 0 575
 0 576
 0 577
 0 578
 0 579
 0 580
 0 581
 0 582
 0 583
 0 584
 0 585
 0 586
 0 587
 0 588
 0 589
 0 590
 0 591
 0 592
 0 593
 0 594
 0 595
 0 596
 0 597
 0 598
 0 599
 0 600


