# Created by Octave 3.8.2, Sat Jun 20 16:10:41 2020 CEST <damian@fptrucha.inv.usc.es>
# name: hd
# type: matrix
# rows: 551
# columns: 2
 0 50
 0 51
 0 52
 0 53
 0 54
 0 55
 0 56
 0 57
 0 58
 0 59
 0 60
 0 61
 0 62
 0 63
 0 64
 0 65
 0 66
 0 67
 0 68
 0 69
 0 70
 0 71
 0 72
 0 73
 0 74
 0 75
 0 76
 0 77
 0 78
 0 79
 0 80
 0 81
 0 82
 0 83
 0 84
 0 85
 0 86
 0 87
 1 88
 2 89
 9 90
 23 91
 84 92
 133 93
 179 94
 284 95
 394 96
 614 97
 710 98
 900 99
 1062 100
 1135 101
 1322 102
 1232 103
 1321 104
 1312 105
 1390 106
 1356 107
 1347 108
 1328 109
 1341 110
 1229 111
 1204 112
 1095 113
 1074 114
 1115 115
 927 116
 897 117
 875 118
 741 119
 711 120
 666 121
 638 122
 535 123
 526 124
 459 125
 434 126
 431 127
 366 128
 344 129
 330 130
 253 131
 264 132
 267 133
 249 134
 219 135
 192 136
 152 137
 158 138
 171 139
 141 140
 129 141
 134 142
 100 143
 92 144
 91 145
 98 146
 69 147
 58 148
 82 149
 75 150
 83 151
 56 152
 51 153
 52 154
 68 155
 51 156
 35 157
 27 158
 30 159
 35 160
 33 161
 32 162
 28 163
 39 164
 31 165
 31 166
 22 167
 20 168
 17 169
 17 170
 18 171
 10 172
 13 173
 17 174
 13 175
 11 176
 11 177
 7 178
 10 179
 7 180
 7 181
 5 182
 15 183
 3 184
 7 185
 3 186
 4 187
 10 188
 2 189
 5 190
 4 191
 6 192
 3 193
 1 194
 2 195
 4 196
 2 197
 3 198
 2 199
 2 200
 2 201
 3 202
 0 203
 1 204
 0 205
 0 206
 0 207
 1 208
 1 209
 2 210
 1 211
 0 212
 1 213
 2 214
 0 215
 0 216
 1 217
 1 218
 0 219
 0 220
 0 221
 0 222
 1 223
 2 224
 0 225
 0 226
 0 227
 0 228
 0 229
 0 230
 0 231
 0 232
 0 233
 0 234
 0 235
 0 236
 0 237
 1 238
 0 239
 0 240
 0 241
 0 242
 0 243
 0 244
 0 245
 0 246
 0 247
 0 248
 0 249
 0 250
 0 251
 0 252
 0 253
 0 254
 0 255
 0 256
 0 257
 0 258
 0 259
 0 260
 0 261
 0 262
 0 263
 0 264
 0 265
 0 266
 0 267
 0 268
 0 269
 0 270
 0 271
 1 272
 1 273
 0 274
 1 275
 0 276
 1 277
 1 278
 1 279
 0 280
 0 281
 1 282
 0 283
 0 284
 0 285
 0 286
 1 287
 0 288
 0 289
 0 290
 0 291
 0 292
 0 293
 1 294
 3 295
 3 296
 1 297
 2 298
 2 299
 1 300
 1 301
 1 302
 0 303
 4 304
 3 305
 1 306
 1 307
 2 308
 1 309
 3 310
 0 311
 0 312
 2 313
 2 314
 2 315
 5 316
 0 317
 1 318
 4 319
 2 320
 0 321
 1 322
 2 323
 3 324
 1 325
 2 326
 1 327
 0 328
 1 329
 3 330
 2 331
 1 332
 1 333
 3 334
 3 335
 4 336
 1 337
 1 338
 1 339
 1 340
 3 341
 4 342
 0 343
 0 344
 3 345
 4 346
 2 347
 4 348
 4 349
 1 350
 1 351
 2 352
 2 353
 2 354
 3 355
 1 356
 3 357
 1 358
 0 359
 0 360
 0 361
 1 362
 2 363
 4 364
 4 365
 1 366
 1 367
 1 368
 2 369
 0 370
 0 371
 1 372
 0 373
 1 374
 2 375
 0 376
 3 377
 0 378
 1 379
 1 380
 0 381
 1 382
 0 383
 0 384
 1 385
 0 386
 1 387
 0 388
 0 389
 0 390
 1 391
 1 392
 1 393
 0 394
 3 395
 0 396
 1 397
 0 398
 0 399
 0 400
 0 401
 0 402
 1 403
 0 404
 0 405
 0 406
 1 407
 0 408
 0 409
 0 410
 1 411
 0 412
 0 413
 0 414
 0 415
 0 416
 0 417
 1 418
 0 419
 0 420
 0 421
 0 422
 0 423
 0 424
 0 425
 0 426
 0 427
 0 428
 0 429
 0 430
 0 431
 0 432
 0 433
 0 434
 0 435
 0 436
 0 437
 0 438
 0 439
 0 440
 0 441
 0 442
 0 443
 0 444
 0 445
 0 446
 0 447
 0 448
 0 449
 0 450
 0 451
 0 452
 0 453
 0 454
 0 455
 0 456
 0 457
 0 458
 0 459
 0 460
 0 461
 0 462
 0 463
 0 464
 0 465
 0 466
 0 467
 0 468
 0 469
 0 470
 0 471
 0 472
 0 473
 0 474
 0 475
 0 476
 0 477
 0 478
 0 479
 0 480
 0 481
 0 482
 0 483
 0 484
 0 485
 0 486
 0 487
 0 488
 0 489
 0 490
 0 491
 0 492
 0 493
 0 494
 0 495
 0 496
 0 497
 0 498
 0 499
 0 500
 0 501
 0 502
 0 503
 0 504
 0 505
 0 506
 0 507
 0 508
 0 509
 0 510
 0 511
 0 512
 0 513
 0 514
 0 515
 0 516
 0 517
 0 518
 0 519
 0 520
 0 521
 0 522
 0 523
 0 524
 0 525
 0 526
 0 527
 0 528
 0 529
 0 530
 0 531
 0 532
 0 533
 0 534
 0 535
 0 536
 0 537
 0 538
 0 539
 0 540
 0 541
 0 542
 0 543
 0 544
 0 545
 0 546
 0 547
 0 548
 0 549
 0 550
 0 551
 0 552
 0 553
 0 554
 0 555
 0 556
 0 557
 0 558
 0 559
 0 560
 0 561
 0 562
 0 563
 0 564
 0 565
 0 566
 0 567
 0 568
 0 569
 0 570
 0 571
 0 572
 0 573
 0 574
 0 575
 0 576
 0 577
 0 578
 0 579
 0 580
 0 581
 0 582
 0 583
 0 584
 0 585
 0 586
 0 587
 0 588
 0 589
 0 590
 0 591
 0 592
 0 593
 0 594
 0 595
 0 596
 0 597
 0 598
 0 599
 0 600


