# Created by Octave 3.8.2, Mon Jun 22 04:17:10 2020 CEST <damian@fptrucha.inv.usc.es>
# name: hd
# type: matrix
# rows: 551
# columns: 2
 0 50
 0 51
 0 52
 0 53
 0 54
 0 55
 0 56
 0 57
 0 58
 0 59
 0 60
 0 61
 0 62
 0 63
 0 64
 0 65
 0 66
 0 67
 0 68
 0 69
 0 70
 0 71
 0 72
 0 73
 0 74
 0 75
 0 76
 0 77
 0 78
 0 79
 0 80
 0 81
 0 82
 0 83
 0 84
 0 85
 0 86
 0 87
 0 88
 1 89
 2 90
 20 91
 86 92
 110 93
 168 94
 231 95
 352 96
 564 97
 755 98
 921 99
 1040 100
 1210 101
 1346 102
 1313 103
 1342 104
 1402 105
 1386 106
 1377 107
 1340 108
 1299 109
 1231 110
 1200 111
 1027 112
 959 113
 881 114
 851 115
 747 116
 737 117
 596 118
 586 119
 557 120
 494 121
 434 122
 441 123
 335 124
 352 125
 329 126
 304 127
 292 128
 238 129
 202 130
 213 131
 182 132
 197 133
 173 134
 176 135
 121 136
 136 137
 125 138
 128 139
 110 140
 107 141
 101 142
 90 143
 81 144
 81 145
 69 146
 74 147
 83 148
 50 149
 58 150
 54 151
 65 152
 49 153
 50 154
 34 155
 44 156
 50 157
 35 158
 32 159
 32 160
 34 161
 28 162
 34 163
 28 164
 27 165
 15 166
 26 167
 20 168
 22 169
 23 170
 16 171
 16 172
 16 173
 20 174
 13 175
 11 176
 15 177
 8 178
 8 179
 3 180
 8 181
 7 182
 9 183
 8 184
 9 185
 8 186
 11 187
 5 188
 8 189
 4 190
 2 191
 5 192
 6 193
 8 194
 5 195
 6 196
 2 197
 1 198
 1 199
 2 200
 0 201
 3 202
 0 203
 1 204
 2 205
 1 206
 2 207
 0 208
 1 209
 3 210
 1 211
 0 212
 1 213
 0 214
 1 215
 0 216
 0 217
 1 218
 0 219
 0 220
 0 221
 0 222
 0 223
 0 224
 1 225
 0 226
 1 227
 0 228
 1 229
 0 230
 0 231
 1 232
 0 233
 0 234
 0 235
 0 236
 0 237
 0 238
 0 239
 0 240
 0 241
 0 242
 0 243
 0 244
 0 245
 0 246
 0 247
 0 248
 0 249
 0 250
 0 251
 0 252
 0 253
 0 254
 0 255
 0 256
 0 257
 0 258
 0 259
 0 260
 0 261
 0 262
 0 263
 0 264
 0 265
 0 266
 0 267
 0 268
 0 269
 0 270
 0 271
 0 272
 0 273
 1 274
 1 275
 0 276
 0 277
 0 278
 1 279
 0 280
 0 281
 0 282
 0 283
 0 284
 0 285
 0 286
 0 287
 1 288
 0 289
 0 290
 1 291
 0 292
 1 293
 1 294
 3 295
 2 296
 0 297
 3 298
 1 299
 1 300
 3 301
 1 302
 3 303
 3 304
 0 305
 1 306
 1 307
 2 308
 1 309
 5 310
 3 311
 2 312
 1 313
 2 314
 6 315
 2 316
 1 317
 0 318
 1 319
 4 320
 0 321
 4 322
 2 323
 2 324
 5 325
 5 326
 3 327
 1 328
 6 329
 1 330
 4 331
 1 332
 1 333
 6 334
 3 335
 1 336
 1 337
 2 338
 2 339
 4 340
 1 341
 4 342
 3 343
 3 344
 1 345
 2 346
 1 347
 1 348
 3 349
 1 350
 1 351
 0 352
 1 353
 0 354
 1 355
 3 356
 5 357
 0 358
 1 359
 2 360
 1 361
 1 362
 3 363
 1 364
 1 365
 1 366
 1 367
 2 368
 1 369
 1 370
 2 371
 1 372
 2 373
 1 374
 1 375
 2 376
 0 377
 0 378
 0 379
 1 380
 1 381
 1 382
 0 383
 0 384
 0 385
 1 386
 0 387
 0 388
 1 389
 0 390
 0 391
 0 392
 0 393
 0 394
 0 395
 0 396
 0 397
 1 398
 1 399
 0 400
 0 401
 0 402
 0 403
 0 404
 0 405
 0 406
 0 407
 0 408
 0 409
 0 410
 1 411
 0 412
 0 413
 0 414
 0 415
 0 416
 0 417
 0 418
 0 419
 0 420
 0 421
 0 422
 0 423
 0 424
 0 425
 0 426
 0 427
 0 428
 0 429
 0 430
 0 431
 0 432
 0 433
 0 434
 0 435
 0 436
 0 437
 0 438
 0 439
 0 440
 0 441
 0 442
 0 443
 0 444
 0 445
 0 446
 0 447
 0 448
 0 449
 0 450
 0 451
 0 452
 0 453
 0 454
 0 455
 0 456
 0 457
 0 458
 0 459
 0 460
 0 461
 0 462
 0 463
 0 464
 0 465
 0 466
 0 467
 0 468
 0 469
 0 470
 0 471
 0 472
 0 473
 0 474
 0 475
 0 476
 0 477
 0 478
 0 479
 0 480
 0 481
 0 482
 0 483
 0 484
 0 485
 0 486
 0 487
 0 488
 0 489
 0 490
 0 491
 0 492
 0 493
 0 494
 0 495
 0 496
 0 497
 0 498
 0 499
 0 500
 0 501
 0 502
 0 503
 0 504
 0 505
 0 506
 0 507
 0 508
 0 509
 0 510
 0 511
 0 512
 0 513
 0 514
 0 515
 0 516
 0 517
 0 518
 0 519
 0 520
 0 521
 0 522
 0 523
 0 524
 0 525
 0 526
 0 527
 0 528
 0 529
 0 530
 0 531
 0 532
 0 533
 0 534
 0 535
 0 536
 0 537
 0 538
 0 539
 0 540
 0 541
 0 542
 0 543
 0 544
 0 545
 0 546
 0 547
 0 548
 0 549
 0 550
 0 551
 0 552
 0 553
 0 554
 0 555
 0 556
 0 557
 0 558
 0 559
 0 560
 0 561
 0 562
 0 563
 0 564
 0 565
 0 566
 0 567
 0 568
 0 569
 0 570
 0 571
 0 572
 0 573
 0 574
 0 575
 0 576
 0 577
 0 578
 0 579
 0 580
 0 581
 0 582
 0 583
 0 584
 0 585
 0 586
 0 587
 0 588
 0 589
 0 590
 0 591
 0 592
 0 593
 0 594
 0 595
 0 596
 0 597
 0 598
 0 599
 0 600


