# Created by Octave 3.8.2, Tue Jun 23 00:14:41 2020 CEST <damian@fptrucha.inv.usc.es>
# name: hd
# type: matrix
# rows: 551
# columns: 2
 0 50
 0 51
 0 52
 0 53
 0 54
 0 55
 0 56
 0 57
 0 58
 0 59
 0 60
 0 61
 0 62
 0 63
 0 64
 0 65
 0 66
 0 67
 0 68
 0 69
 0 70
 0 71
 0 72
 0 73
 0 74
 0 75
 0 76
 0 77
 0 78
 0 79
 0 80
 0 81
 0 82
 0 83
 0 84
 0 85
 0 86
 0 87
 0 88
 4 89
 4 90
 27 91
 105 92
 133 93
 163 94
 361 95
 488 96
 701 97
 931 98
 1138 99
 1334 100
 1410 101
 1490 102
 1551 103
 1605 104
 1626 105
 1596 106
 1531 107
 1453 108
 1440 109
 1310 110
 1281 111
 1177 112
 1139 113
 993 114
 977 115
 881 116
 804 117
 732 118
 707 119
 586 120
 570 121
 487 122
 472 123
 438 124
 409 125
 369 126
 341 127
 273 128
 289 129
 252 130
 227 131
 217 132
 224 133
 179 134
 157 135
 159 136
 139 137
 131 138
 134 139
 121 140
 92 141
 111 142
 98 143
 91 144
 80 145
 75 146
 78 147
 76 148
 72 149
 69 150
 51 151
 59 152
 61 153
 48 154
 40 155
 40 156
 45 157
 50 158
 46 159
 36 160
 33 161
 30 162
 34 163
 26 164
 35 165
 20 166
 23 167
 21 168
 10 169
 22 170
 20 171
 19 172
 16 173
 17 174
 15 175
 8 176
 11 177
 9 178
 11 179
 8 180
 8 181
 9 182
 10 183
 11 184
 13 185
 5 186
 5 187
 4 188
 1 189
 2 190
 7 191
 5 192
 7 193
 3 194
 6 195
 3 196
 1 197
 3 198
 1 199
 2 200
 5 201
 3 202
 1 203
 2 204
 0 205
 2 206
 1 207
 2 208
 1 209
 0 210
 0 211
 0 212
 0 213
 2 214
 1 215
 1 216
 0 217
 0 218
 0 219
 0 220
 0 221
 1 222
 1 223
 0 224
 0 225
 0 226
 0 227
 0 228
 0 229
 0 230
 0 231
 0 232
 0 233
 0 234
 0 235
 0 236
 0 237
 0 238
 0 239
 0 240
 0 241
 0 242
 0 243
 0 244
 0 245
 0 246
 1 247
 0 248
 0 249
 0 250
 0 251
 0 252
 0 253
 0 254
 0 255
 0 256
 0 257
 0 258
 0 259
 0 260
 0 261
 0 262
 0 263
 0 264
 0 265
 0 266
 0 267
 0 268
 0 269
 0 270
 0 271
 0 272
 0 273
 0 274
 0 275
 0 276
 1 277
 0 278
 0 279
 0 280
 1 281
 2 282
 1 283
 0 284
 0 285
 0 286
 0 287
 0 288
 3 289
 2 290
 2 291
 1 292
 0 293
 1 294
 1 295
 0 296
 0 297
 1 298
 0 299
 5 300
 1 301
 5 302
 2 303
 2 304
 2 305
 1 306
 3 307
 2 308
 2 309
 2 310
 3 311
 6 312
 3 313
 2 314
 1 315
 1 316
 3 317
 1 318
 3 319
 0 320
 1 321
 1 322
 1 323
 2 324
 1 325
 1 326
 3 327
 3 328
 1 329
 3 330
 1 331
 1 332
 2 333
 6 334
 2 335
 3 336
 3 337
 2 338
 2 339
 4 340
 2 341
 3 342
 2 343
 3 344
 4 345
 2 346
 3 347
 2 348
 1 349
 2 350
 2 351
 3 352
 2 353
 0 354
 0 355
 2 356
 1 357
 1 358
 1 359
 3 360
 1 361
 3 362
 3 363
 4 364
 0 365
 1 366
 2 367
 0 368
 2 369
 1 370
 0 371
 0 372
 2 373
 2 374
 0 375
 0 376
 1 377
 0 378
 3 379
 1 380
 0 381
 2 382
 0 383
 1 384
 0 385
 0 386
 0 387
 0 388
 0 389
 0 390
 0 391
 0 392
 0 393
 0 394
 0 395
 0 396
 0 397
 0 398
 0 399
 0 400
 0 401
 0 402
 1 403
 0 404
 0 405
 0 406
 0 407
 0 408
 0 409
 0 410
 0 411
 0 412
 0 413
 0 414
 0 415
 0 416
 0 417
 0 418
 0 419
 0 420
 0 421
 0 422
 0 423
 0 424
 0 425
 0 426
 0 427
 0 428
 0 429
 0 430
 0 431
 0 432
 0 433
 0 434
 0 435
 0 436
 0 437
 0 438
 0 439
 0 440
 0 441
 0 442
 0 443
 0 444
 0 445
 0 446
 0 447
 0 448
 0 449
 0 450
 0 451
 0 452
 0 453
 0 454
 0 455
 0 456
 0 457
 0 458
 0 459
 0 460
 0 461
 0 462
 0 463
 0 464
 0 465
 0 466
 0 467
 0 468
 0 469
 0 470
 0 471
 0 472
 0 473
 0 474
 0 475
 0 476
 0 477
 0 478
 0 479
 0 480
 0 481
 0 482
 0 483
 0 484
 0 485
 0 486
 0 487
 0 488
 0 489
 0 490
 0 491
 0 492
 0 493
 0 494
 0 495
 0 496
 0 497
 0 498
 0 499
 0 500
 0 501
 0 502
 0 503
 0 504
 0 505
 0 506
 0 507
 0 508
 0 509
 0 510
 0 511
 0 512
 0 513
 0 514
 0 515
 0 516
 0 517
 0 518
 0 519
 0 520
 0 521
 0 522
 0 523
 0 524
 0 525
 0 526
 0 527
 0 528
 0 529
 0 530
 0 531
 0 532
 0 533
 0 534
 0 535
 0 536
 0 537
 0 538
 0 539
 0 540
 0 541
 0 542
 0 543
 0 544
 0 545
 0 546
 0 547
 0 548
 0 549
 0 550
 0 551
 0 552
 0 553
 0 554
 0 555
 0 556
 0 557
 0 558
 0 559
 0 560
 0 561
 0 562
 0 563
 0 564
 0 565
 0 566
 0 567
 0 568
 0 569
 0 570
 0 571
 0 572
 0 573
 0 574
 0 575
 0 576
 0 577
 0 578
 0 579
 0 580
 0 581
 0 582
 0 583
 0 584
 0 585
 0 586
 0 587
 0 588
 0 589
 0 590
 0 591
 0 592
 0 593
 0 594
 0 595
 0 596
 0 597
 0 598
 0 599
 0 600


