# Created by Octave 3.8.2, Sat Jun 20 16:54:27 2020 CEST <damian@fptrucha.inv.usc.es>
# name: hd
# type: matrix
# rows: 551
# columns: 2
 0 50
 0 51
 0 52
 0 53
 0 54
 0 55
 0 56
 0 57
 0 58
 0 59
 0 60
 0 61
 0 62
 0 63
 0 64
 0 65
 0 66
 0 67
 0 68
 0 69
 0 70
 0 71
 0 72
 0 73
 0 74
 0 75
 0 76
 0 77
 0 78
 0 79
 0 80
 0 81
 0 82
 0 83
 0 84
 0 85
 0 86
 0 87
 4 88
 5 89
 6 90
 31 91
 95 92
 103 93
 153 94
 291 95
 396 96
 555 97
 708 98
 848 99
 999 100
 1046 101
 1209 102
 1268 103
 1306 104
 1335 105
 1381 106
 1330 107
 1315 108
 1276 109
 1303 110
 1160 111
 1158 112
 1091 113
 1051 114
 1059 115
 870 116
 895 117
 826 118
 757 119
 724 120
 655 121
 629 122
 556 123
 528 124
 451 125
 437 126
 423 127
 367 128
 331 129
 322 130
 315 131
 276 132
 236 133
 215 134
 223 135
 190 136
 200 137
 158 138
 144 139
 156 140
 134 141
 110 142
 116 143
 118 144
 92 145
 105 146
 69 147
 87 148
 89 149
 64 150
 68 151
 73 152
 50 153
 62 154
 44 155
 56 156
 41 157
 50 158
 46 159
 42 160
 37 161
 26 162
 40 163
 38 164
 24 165
 22 166
 28 167
 22 168
 20 169
 20 170
 12 171
 20 172
 19 173
 20 174
 23 175
 3 176
 7 177
 11 178
 8 179
 12 180
 2 181
 10 182
 11 183
 10 184
 8 185
 12 186
 6 187
 9 188
 4 189
 3 190
 3 191
 6 192
 5 193
 2 194
 1 195
 3 196
 0 197
 1 198
 3 199
 0 200
 4 201
 2 202
 4 203
 2 204
 2 205
 0 206
 1 207
 1 208
 3 209
 0 210
 1 211
 0 212
 1 213
 2 214
 1 215
 1 216
 0 217
 1 218
 0 219
 1 220
 0 221
 1 222
 0 223
 0 224
 0 225
 0 226
 0 227
 1 228
 0 229
 1 230
 1 231
 1 232
 0 233
 0 234
 0 235
 0 236
 0 237
 0 238
 0 239
 0 240
 0 241
 0 242
 0 243
 0 244
 0 245
 0 246
 0 247
 0 248
 0 249
 0 250
 0 251
 0 252
 0 253
 0 254
 0 255
 1 256
 0 257
 0 258
 0 259
 0 260
 0 261
 0 262
 0 263
 0 264
 0 265
 0 266
 0 267
 0 268
 0 269
 0 270
 0 271
 0 272
 0 273
 0 274
 0 275
 0 276
 1 277
 1 278
 0 279
 0 280
 0 281
 1 282
 0 283
 1 284
 0 285
 0 286
 0 287
 1 288
 0 289
 2 290
 1 291
 2 292
 0 293
 4 294
 3 295
 1 296
 0 297
 0 298
 4 299
 0 300
 0 301
 1 302
 1 303
 3 304
 2 305
 1 306
 0 307
 1 308
 0 309
 1 310
 3 311
 1 312
 1 313
 3 314
 0 315
 1 316
 1 317
 1 318
 3 319
 3 320
 3 321
 2 322
 3 323
 1 324
 2 325
 1 326
 2 327
 4 328
 1 329
 3 330
 1 331
 4 332
 5 333
 3 334
 0 335
 4 336
 3 337
 1 338
 4 339
 5 340
 2 341
 2 342
 3 343
 4 344
 0 345
 1 346
 2 347
 1 348
 0 349
 2 350
 0 351
 2 352
 3 353
 2 354
 3 355
 1 356
 1 357
 3 358
 3 359
 1 360
 0 361
 3 362
 4 363
 2 364
 0 365
 1 366
 0 367
 0 368
 2 369
 0 370
 0 371
 2 372
 0 373
 0 374
 0 375
 2 376
 3 377
 0 378
 1 379
 0 380
 1 381
 2 382
 0 383
 0 384
 1 385
 0 386
 1 387
 0 388
 0 389
 0 390
 0 391
 0 392
 0 393
 0 394
 1 395
 1 396
 0 397
 1 398
 3 399
 0 400
 0 401
 2 402
 2 403
 0 404
 1 405
 0 406
 0 407
 0 408
 1 409
 0 410
 0 411
 1 412
 1 413
 0 414
 0 415
 0 416
 0 417
 0 418
 0 419
 0 420
 0 421
 0 422
 0 423
 0 424
 0 425
 0 426
 0 427
 1 428
 0 429
 0 430
 1 431
 0 432
 0 433
 0 434
 0 435
 0 436
 0 437
 0 438
 0 439
 0 440
 0 441
 0 442
 0 443
 0 444
 0 445
 0 446
 0 447
 0 448
 0 449
 0 450
 0 451
 0 452
 0 453
 0 454
 0 455
 0 456
 0 457
 0 458
 0 459
 0 460
 0 461
 0 462
 0 463
 0 464
 0 465
 0 466
 0 467
 0 468
 0 469
 0 470
 0 471
 0 472
 0 473
 0 474
 0 475
 0 476
 0 477
 0 478
 0 479
 0 480
 0 481
 0 482
 0 483
 0 484
 0 485
 0 486
 0 487
 0 488
 0 489
 0 490
 0 491
 0 492
 0 493
 0 494
 0 495
 0 496
 0 497
 0 498
 0 499
 0 500
 0 501
 0 502
 0 503
 0 504
 0 505
 0 506
 0 507
 0 508
 0 509
 0 510
 0 511
 0 512
 0 513
 0 514
 0 515
 0 516
 0 517
 0 518
 0 519
 0 520
 0 521
 0 522
 0 523
 0 524
 0 525
 0 526
 0 527
 0 528
 0 529
 0 530
 0 531
 0 532
 0 533
 0 534
 0 535
 0 536
 0 537
 0 538
 0 539
 0 540
 0 541
 0 542
 0 543
 0 544
 0 545
 0 546
 0 547
 0 548
 0 549
 0 550
 0 551
 0 552
 0 553
 0 554
 0 555
 0 556
 0 557
 0 558
 0 559
 0 560
 0 561
 0 562
 0 563
 0 564
 0 565
 0 566
 0 567
 0 568
 0 569
 0 570
 0 571
 0 572
 0 573
 0 574
 0 575
 0 576
 0 577
 0 578
 0 579
 0 580
 0 581
 0 582
 0 583
 0 584
 0 585
 0 586
 0 587
 0 588
 0 589
 0 590
 0 591
 0 592
 0 593
 0 594
 0 595
 0 596
 0 597
 0 598
 0 599
 0 600


