# Created by Octave 3.8.2, Mon Jun 22 10:34:03 2020 CEST <damian@fptrucha.inv.usc.es>
# name: hd
# type: matrix
# rows: 551
# columns: 2
 0 50
 0 51
 0 52
 0 53
 0 54
 0 55
 0 56
 0 57
 0 58
 0 59
 0 60
 0 61
 0 62
 0 63
 0 64
 0 65
 0 66
 0 67
 0 68
 0 69
 0 70
 0 71
 0 72
 0 73
 0 74
 0 75
 0 76
 0 77
 0 78
 0 79
 0 80
 0 81
 0 82
 0 83
 0 84
 0 85
 0 86
 0 87
 0 88
 5 89
 4 90
 14 91
 78 92
 111 93
 165 94
 284 95
 364 96
 580 97
 761 98
 923 99
 1133 100
 1288 101
 1417 102
 1418 103
 1434 104
 1446 105
 1485 106
 1461 107
 1376 108
 1263 109
 1319 110
 1240 111
 1194 112
 1061 113
 964 114
 944 115
 822 116
 792 117
 746 118
 633 119
 605 120
 546 121
 493 122
 466 123
 421 124
 409 125
 366 126
 332 127
 288 128
 273 129
 215 130
 230 131
 212 132
 215 133
 195 134
 174 135
 137 136
 150 137
 137 138
 117 139
 119 140
 116 141
 116 142
 116 143
 80 144
 106 145
 70 146
 79 147
 83 148
 66 149
 59 150
 70 151
 52 152
 56 153
 40 154
 44 155
 59 156
 53 157
 44 158
 40 159
 30 160
 39 161
 29 162
 26 163
 36 164
 25 165
 33 166
 32 167
 21 168
 19 169
 16 170
 21 171
 22 172
 9 173
 24 174
 18 175
 17 176
 13 177
 13 178
 11 179
 14 180
 14 181
 12 182
 9 183
 4 184
 3 185
 8 186
 6 187
 7 188
 2 189
 10 190
 7 191
 7 192
 2 193
 3 194
 4 195
 5 196
 5 197
 3 198
 2 199
 4 200
 0 201
 3 202
 2 203
 2 204
 0 205
 0 206
 2 207
 1 208
 3 209
 2 210
 0 211
 1 212
 1 213
 1 214
 0 215
 3 216
 3 217
 1 218
 0 219
 0 220
 1 221
 1 222
 0 223
 0 224
 0 225
 0 226
 0 227
 2 228
 0 229
 0 230
 0 231
 1 232
 0 233
 0 234
 0 235
 0 236
 0 237
 0 238
 0 239
 0 240
 0 241
 0 242
 0 243
 0 244
 0 245
 0 246
 0 247
 0 248
 0 249
 0 250
 0 251
 0 252
 0 253
 0 254
 0 255
 0 256
 0 257
 0 258
 0 259
 0 260
 0 261
 0 262
 0 263
 0 264
 0 265
 0 266
 0 267
 0 268
 0 269
 0 270
 0 271
 0 272
 0 273
 0 274
 0 275
 0 276
 0 277
 0 278
 0 279
 0 280
 0 281
 0 282
 0 283
 0 284
 0 285
 1 286
 0 287
 2 288
 1 289
 1 290
 3 291
 1 292
 1 293
 0 294
 1 295
 1 296
 1 297
 4 298
 4 299
 0 300
 1 301
 3 302
 1 303
 3 304
 3 305
 3 306
 3 307
 1 308
 2 309
 3 310
 4 311
 1 312
 4 313
 3 314
 2 315
 7 316
 4 317
 1 318
 2 319
 5 320
 2 321
 4 322
 3 323
 2 324
 0 325
 2 326
 1 327
 1 328
 0 329
 3 330
 5 331
 3 332
 2 333
 5 334
 2 335
 5 336
 3 337
 1 338
 1 339
 4 340
 1 341
 2 342
 1 343
 0 344
 2 345
 0 346
 2 347
 0 348
 2 349
 4 350
 2 351
 0 352
 2 353
 0 354
 1 355
 3 356
 2 357
 1 358
 1 359
 1 360
 1 361
 2 362
 0 363
 0 364
 1 365
 1 366
 2 367
 3 368
 1 369
 2 370
 0 371
 1 372
 1 373
 0 374
 0 375
 2 376
 0 377
 1 378
 2 379
 0 380
 0 381
 3 382
 1 383
 0 384
 1 385
 2 386
 0 387
 0 388
 0 389
 0 390
 0 391
 2 392
 0 393
 1 394
 0 395
 0 396
 1 397
 0 398
 0 399
 0 400
 0 401
 0 402
 0 403
 0 404
 0 405
 0 406
 0 407
 0 408
 0 409
 1 410
 0 411
 0 412
 0 413
 0 414
 0 415
 0 416
 0 417
 0 418
 0 419
 0 420
 0 421
 0 422
 0 423
 0 424
 0 425
 0 426
 0 427
 0 428
 0 429
 0 430
 0 431
 0 432
 0 433
 0 434
 0 435
 0 436
 0 437
 0 438
 0 439
 0 440
 0 441
 0 442
 0 443
 0 444
 0 445
 0 446
 0 447
 0 448
 0 449
 0 450
 0 451
 0 452
 0 453
 0 454
 0 455
 0 456
 0 457
 0 458
 0 459
 0 460
 0 461
 0 462
 0 463
 0 464
 0 465
 0 466
 0 467
 0 468
 0 469
 0 470
 0 471
 0 472
 0 473
 0 474
 0 475
 0 476
 0 477
 0 478
 0 479
 0 480
 0 481
 0 482
 0 483
 0 484
 0 485
 0 486
 0 487
 0 488
 0 489
 0 490
 0 491
 0 492
 0 493
 0 494
 0 495
 0 496
 0 497
 0 498
 0 499
 0 500
 0 501
 0 502
 0 503
 0 504
 0 505
 0 506
 0 507
 0 508
 0 509
 0 510
 0 511
 0 512
 0 513
 0 514
 0 515
 0 516
 0 517
 0 518
 0 519
 0 520
 0 521
 0 522
 0 523
 0 524
 0 525
 0 526
 0 527
 0 528
 0 529
 0 530
 0 531
 0 532
 0 533
 0 534
 0 535
 0 536
 0 537
 0 538
 0 539
 0 540
 0 541
 0 542
 0 543
 0 544
 0 545
 0 546
 0 547
 0 548
 0 549
 0 550
 0 551
 0 552
 0 553
 0 554
 0 555
 0 556
 0 557
 0 558
 0 559
 0 560
 0 561
 0 562
 0 563
 0 564
 0 565
 0 566
 0 567
 0 568
 0 569
 0 570
 0 571
 0 572
 0 573
 0 574
 0 575
 0 576
 0 577
 0 578
 0 579
 0 580
 0 581
 0 582
 0 583
 0 584
 0 585
 0 586
 0 587
 0 588
 0 589
 0 590
 0 591
 0 592
 0 593
 0 594
 0 595
 0 596
 0 597
 0 598
 0 599
 0 600


