# Created by Octave 3.8.2, Mon Jun 22 20:22:24 2020 CEST <damian@fptrucha.inv.usc.es>
# name: hd
# type: matrix
# rows: 551
# columns: 2
 0 50
 0 51
 0 52
 0 53
 0 54
 0 55
 0 56
 0 57
 0 58
 0 59
 0 60
 0 61
 0 62
 0 63
 0 64
 0 65
 0 66
 0 67
 0 68
 0 69
 0 70
 0 71
 0 72
 0 73
 0 74
 0 75
 0 76
 0 77
 0 78
 0 79
 0 80
 0 81
 0 82
 0 83
 0 84
 0 85
 0 86
 0 87
 0 88
 3 89
 4 90
 23 91
 85 92
 122 93
 162 94
 302 95
 470 96
 701 97
 922 98
 1163 99
 1249 100
 1404 101
 1531 102
 1495 103
 1593 104
 1572 105
 1549 106
 1593 107
 1525 108
 1409 109
 1356 110
 1301 111
 1197 112
 1133 113
 1019 114
 1031 115
 792 116
 800 117
 751 118
 640 119
 578 120
 546 121
 527 122
 479 123
 406 124
 405 125
 358 126
 348 127
 284 128
 308 129
 250 130
 217 131
 223 132
 204 133
 205 134
 192 135
 169 136
 122 137
 140 138
 119 139
 128 140
 110 141
 98 142
 85 143
 111 144
 73 145
 73 146
 89 147
 73 148
 62 149
 60 150
 56 151
 75 152
 55 153
 40 154
 47 155
 50 156
 42 157
 37 158
 46 159
 40 160
 38 161
 25 162
 30 163
 31 164
 38 165
 28 166
 26 167
 26 168
 14 169
 16 170
 12 171
 12 172
 20 173
 14 174
 7 175
 9 176
 16 177
 6 178
 11 179
 9 180
 3 181
 9 182
 12 183
 10 184
 5 185
 6 186
 9 187
 3 188
 3 189
 5 190
 1 191
 1 192
 2 193
 3 194
 4 195
 3 196
 4 197
 6 198
 4 199
 3 200
 1 201
 3 202
 0 203
 4 204
 1 205
 2 206
 2 207
 0 208
 0 209
 2 210
 2 211
 0 212
 1 213
 1 214
 0 215
 1 216
 0 217
 0 218
 0 219
 0 220
 1 221
 2 222
 0 223
 0 224
 0 225
 0 226
 0 227
 0 228
 0 229
 1 230
 0 231
 0 232
 0 233
 0 234
 1 235
 1 236
 0 237
 1 238
 0 239
 0 240
 0 241
 0 242
 0 243
 0 244
 0 245
 0 246
 0 247
 0 248
 0 249
 0 250
 0 251
 0 252
 0 253
 0 254
 0 255
 0 256
 0 257
 0 258
 0 259
 0 260
 0 261
 0 262
 0 263
 0 264
 0 265
 0 266
 0 267
 0 268
 0 269
 0 270
 0 271
 0 272
 0 273
 0 274
 0 275
 0 276
 1 277
 0 278
 1 279
 0 280
 1 281
 1 282
 0 283
 1 284
 1 285
 0 286
 1 287
 0 288
 1 289
 1 290
 2 291
 1 292
 0 293
 1 294
 1 295
 3 296
 2 297
 3 298
 0 299
 2 300
 3 301
 0 302
 2 303
 1 304
 3 305
 0 306
 0 307
 0 308
 6 309
 4 310
 0 311
 4 312
 1 313
 5 314
 2 315
 2 316
 3 317
 3 318
 2 319
 0 320
 0 321
 4 322
 2 323
 1 324
 1 325
 3 326
 0 327
 0 328
 0 329
 2 330
 1 331
 1 332
 0 333
 2 334
 4 335
 0 336
 4 337
 1 338
 1 339
 0 340
 2 341
 0 342
 3 343
 4 344
 5 345
 2 346
 0 347
 2 348
 3 349
 0 350
 2 351
 1 352
 3 353
 2 354
 1 355
 1 356
 0 357
 2 358
 0 359
 3 360
 1 361
 2 362
 2 363
 2 364
 2 365
 0 366
 1 367
 1 368
 0 369
 1 370
 1 371
 0 372
 1 373
 1 374
 2 375
 0 376
 0 377
 2 378
 2 379
 0 380
 0 381
 0 382
 1 383
 1 384
 0 385
 0 386
 0 387
 0 388
 0 389
 0 390
 0 391
 0 392
 0 393
 0 394
 0 395
 0 396
 0 397
 0 398
 0 399
 0 400
 0 401
 0 402
 0 403
 0 404
 0 405
 0 406
 0 407
 0 408
 0 409
 0 410
 0 411
 0 412
 1 413
 0 414
 0 415
 0 416
 1 417
 0 418
 0 419
 0 420
 0 421
 0 422
 0 423
 0 424
 1 425
 0 426
 0 427
 0 428
 0 429
 0 430
 0 431
 0 432
 0 433
 0 434
 0 435
 0 436
 0 437
 0 438
 0 439
 0 440
 0 441
 0 442
 0 443
 0 444
 0 445
 0 446
 0 447
 0 448
 1 449
 0 450
 0 451
 0 452
 0 453
 0 454
 0 455
 0 456
 0 457
 0 458
 0 459
 0 460
 0 461
 0 462
 0 463
 0 464
 0 465
 0 466
 0 467
 0 468
 0 469
 0 470
 0 471
 0 472
 0 473
 0 474
 0 475
 0 476
 0 477
 0 478
 0 479
 0 480
 0 481
 0 482
 0 483
 0 484
 0 485
 0 486
 0 487
 0 488
 0 489
 0 490
 0 491
 0 492
 0 493
 0 494
 0 495
 0 496
 0 497
 0 498
 0 499
 0 500
 0 501
 0 502
 0 503
 0 504
 0 505
 0 506
 0 507
 0 508
 0 509
 0 510
 0 511
 0 512
 0 513
 0 514
 0 515
 0 516
 0 517
 0 518
 0 519
 0 520
 0 521
 0 522
 0 523
 0 524
 0 525
 0 526
 0 527
 0 528
 0 529
 0 530
 0 531
 0 532
 0 533
 0 534
 0 535
 0 536
 0 537
 0 538
 0 539
 0 540
 0 541
 0 542
 0 543
 0 544
 0 545
 0 546
 0 547
 0 548
 0 549
 0 550
 0 551
 0 552
 0 553
 0 554
 0 555
 0 556
 0 557
 0 558
 0 559
 0 560
 0 561
 0 562
 0 563
 0 564
 0 565
 0 566
 0 567
 0 568
 0 569
 0 570
 0 571
 0 572
 0 573
 0 574
 0 575
 0 576
 0 577
 0 578
 0 579
 0 580
 0 581
 0 582
 0 583
 0 584
 0 585
 0 586
 0 587
 0 588
 0 589
 0 590
 0 591
 0 592
 0 593
 0 594
 0 595
 0 596
 0 597
 0 598
 0 599
 0 600


