# Created by Octave 3.8.2, Sun Jun 21 07:19:05 2020 CEST <damian@fptrucha.inv.usc.es>
# name: hd
# type: matrix
# rows: 551
# columns: 2
 0 50
 0 51
 0 52
 0 53
 0 54
 0 55
 0 56
 0 57
 0 58
 0 59
 0 60
 0 61
 0 62
 0 63
 0 64
 0 65
 0 66
 0 67
 0 68
 0 69
 0 70
 0 71
 0 72
 0 73
 0 74
 0 75
 0 76
 0 77
 0 78
 0 79
 0 80
 0 81
 0 82
 0 83
 0 84
 0 85
 0 86
 0 87
 3 88
 4 89
 4 90
 30 91
 79 92
 114 93
 174 94
 229 95
 429 96
 544 97
 676 98
 808 99
 900 100
 987 101
 1145 102
 1154 103
 1232 104
 1196 105
 1256 106
 1239 107
 1215 108
 1197 109
 1279 110
 1205 111
 1134 112
 1030 113
 1015 114
 996 115
 975 116
 857 117
 791 118
 731 119
 809 120
 726 121
 610 122
 564 123
 549 124
 519 125
 446 126
 422 127
 381 128
 371 129
 364 130
 277 131
 276 132
 269 133
 214 134
 221 135
 214 136
 189 137
 157 138
 159 139
 151 140
 148 141
 130 142
 119 143
 107 144
 105 145
 104 146
 85 147
 84 148
 74 149
 72 150
 72 151
 61 152
 69 153
 59 154
 50 155
 64 156
 59 157
 37 158
 48 159
 46 160
 29 161
 38 162
 27 163
 34 164
 41 165
 30 166
 33 167
 23 168
 20 169
 18 170
 27 171
 17 172
 19 173
 22 174
 7 175
 6 176
 10 177
 9 178
 11 179
 7 180
 9 181
 11 182
 10 183
 10 184
 8 185
 10 186
 4 187
 11 188
 7 189
 1 190
 3 191
 1 192
 7 193
 6 194
 3 195
 5 196
 2 197
 3 198
 4 199
 2 200
 4 201
 0 202
 4 203
 0 204
 4 205
 0 206
 0 207
 1 208
 0 209
 1 210
 0 211
 1 212
 1 213
 1 214
 1 215
 0 216
 0 217
 1 218
 0 219
 0 220
 1 221
 0 222
 1 223
 0 224
 1 225
 0 226
 0 227
 1 228
 0 229
 2 230
 1 231
 0 232
 0 233
 0 234
 0 235
 0 236
 0 237
 0 238
 0 239
 1 240
 0 241
 0 242
 0 243
 0 244
 0 245
 0 246
 0 247
 0 248
 0 249
 0 250
 0 251
 0 252
 0 253
 0 254
 0 255
 0 256
 0 257
 0 258
 0 259
 0 260
 0 261
 0 262
 0 263
 0 264
 0 265
 0 266
 0 267
 0 268
 0 269
 0 270
 0 271
 0 272
 0 273
 0 274
 1 275
 0 276
 0 277
 0 278
 0 279
 0 280
 0 281
 1 282
 1 283
 0 284
 0 285
 0 286
 0 287
 0 288
 2 289
 1 290
 2 291
 0 292
 1 293
 0 294
 0 295
 1 296
 1 297
 0 298
 2 299
 1 300
 2 301
 2 302
 1 303
 2 304
 0 305
 2 306
 2 307
 0 308
 0 309
 2 310
 0 311
 1 312
 3 313
 2 314
 3 315
 2 316
 0 317
 4 318
 2 319
 2 320
 4 321
 2 322
 1 323
 2 324
 1 325
 4 326
 2 327
 3 328
 2 329
 5 330
 5 331
 1 332
 3 333
 0 334
 3 335
 2 336
 3 337
 2 338
 2 339
 0 340
 1 341
 4 342
 2 343
 2 344
 6 345
 4 346
 1 347
 4 348
 3 349
 0 350
 1 351
 1 352
 2 353
 1 354
 1 355
 4 356
 0 357
 4 358
 4 359
 2 360
 3 361
 3 362
 3 363
 3 364
 0 365
 2 366
 1 367
 1 368
 0 369
 0 370
 0 371
 3 372
 1 373
 0 374
 1 375
 1 376
 1 377
 1 378
 3 379
 1 380
 0 381
 0 382
 1 383
 0 384
 0 385
 2 386
 0 387
 0 388
 1 389
 1 390
 0 391
 0 392
 0 393
 1 394
 0 395
 0 396
 0 397
 0 398
 0 399
 1 400
 0 401
 0 402
 0 403
 0 404
 0 405
 1 406
 0 407
 0 408
 0 409
 0 410
 1 411
 0 412
 0 413
 0 414
 0 415
 0 416
 0 417
 0 418
 0 419
 0 420
 1 421
 0 422
 0 423
 0 424
 0 425
 0 426
 0 427
 0 428
 0 429
 0 430
 0 431
 0 432
 0 433
 0 434
 0 435
 0 436
 0 437
 0 438
 0 439
 0 440
 0 441
 0 442
 1 443
 0 444
 0 445
 0 446
 0 447
 0 448
 0 449
 0 450
 0 451
 0 452
 0 453
 0 454
 0 455
 0 456
 0 457
 0 458
 0 459
 0 460
 0 461
 0 462
 0 463
 0 464
 0 465
 0 466
 0 467
 0 468
 0 469
 0 470
 0 471
 0 472
 0 473
 0 474
 0 475
 0 476
 0 477
 0 478
 0 479
 0 480
 0 481
 0 482
 0 483
 0 484
 0 485
 0 486
 0 487
 0 488
 0 489
 0 490
 0 491
 0 492
 0 493
 0 494
 0 495
 0 496
 0 497
 0 498
 0 499
 0 500
 0 501
 0 502
 0 503
 0 504
 0 505
 0 506
 0 507
 0 508
 0 509
 0 510
 0 511
 0 512
 0 513
 0 514
 0 515
 0 516
 0 517
 0 518
 0 519
 0 520
 0 521
 0 522
 0 523
 0 524
 0 525
 0 526
 0 527
 0 528
 0 529
 0 530
 0 531
 0 532
 0 533
 0 534
 0 535
 0 536
 0 537
 0 538
 0 539
 0 540
 0 541
 0 542
 0 543
 0 544
 0 545
 0 546
 0 547
 0 548
 0 549
 0 550
 0 551
 0 552
 0 553
 0 554
 0 555
 0 556
 0 557
 0 558
 0 559
 0 560
 0 561
 0 562
 0 563
 0 564
 0 565
 0 566
 0 567
 0 568
 0 569
 0 570
 0 571
 0 572
 0 573
 0 574
 0 575
 0 576
 0 577
 0 578
 0 579
 0 580
 0 581
 0 582
 0 583
 0 584
 0 585
 0 586
 0 587
 0 588
 0 589
 0 590
 0 591
 0 592
 0 593
 0 594
 0 595
 0 596
 0 597
 0 598
 0 599
 0 600


