# Created by Octave 3.8.2, Mon Jun 22 14:02:32 2020 CEST <damian@fptrucha.inv.usc.es>
# name: hd
# type: matrix
# rows: 551
# columns: 2
 0 50
 0 51
 0 52
 0 53
 0 54
 0 55
 0 56
 0 57
 0 58
 0 59
 0 60
 0 61
 0 62
 0 63
 0 64
 0 65
 0 66
 0 67
 0 68
 0 69
 0 70
 0 71
 0 72
 0 73
 0 74
 0 75
 0 76
 0 77
 0 78
 0 79
 0 80
 0 81
 0 82
 0 83
 0 84
 0 85
 0 86
 0 87
 1 88
 2 89
 0 90
 14 91
 57 92
 85 93
 113 94
 189 95
 291 96
 408 97
 573 98
 684 99
 832 100
 919 101
 993 102
 1016 103
 1007 104
 1017 105
 1050 106
 981 107
 968 108
 917 109
 892 110
 786 111
 758 112
 688 113
 668 114
 627 115
 555 116
 487 117
 468 118
 411 119
 415 120
 335 121
 336 122
 286 123
 271 124
 222 125
 214 126
 217 127
 183 128
 161 129
 151 130
 140 131
 137 132
 117 133
 90 134
 118 135
 87 136
 88 137
 84 138
 78 139
 77 140
 77 141
 66 142
 59 143
 62 144
 50 145
 57 146
 49 147
 56 148
 49 149
 44 150
 34 151
 37 152
 29 153
 34 154
 28 155
 31 156
 37 157
 26 158
 21 159
 25 160
 25 161
 14 162
 14 163
 17 164
 22 165
 13 166
 16 167
 9 168
 10 169
 13 170
 8 171
 9 172
 4 173
 10 174
 5 175
 7 176
 6 177
 8 178
 4 179
 2 180
 6 181
 2 182
 10 183
 8 184
 1 185
 3 186
 7 187
 2 188
 1 189
 2 190
 4 191
 1 192
 1 193
 6 194
 2 195
 2 196
 2 197
 2 198
 1 199
 1 200
 2 201
 2 202
 0 203
 1 204
 3 205
 1 206
 2 207
 0 208
 0 209
 1 210
 0 211
 0 212
 5 213
 2 214
 0 215
 0 216
 0 217
 0 218
 0 219
 0 220
 0 221
 0 222
 2 223
 0 224
 1 225
 0 226
 0 227
 1 228
 0 229
 0 230
 0 231
 0 232
 0 233
 0 234
 0 235
 1 236
 0 237
 0 238
 0 239
 0 240
 0 241
 0 242
 0 243
 0 244
 0 245
 0 246
 0 247
 0 248
 0 249
 0 250
 0 251
 0 252
 0 253
 0 254
 0 255
 0 256
 0 257
 0 258
 0 259
 0 260
 0 261
 0 262
 0 263
 0 264
 0 265
 0 266
 0 267
 0 268
 0 269
 0 270
 0 271
 0 272
 0 273
 0 274
 0 275
 0 276
 0 277
 0 278
 0 279
 0 280
 0 281
 0 282
 0 283
 1 284
 0 285
 0 286
 0 287
 1 288
 0 289
 0 290
 0 291
 0 292
 1 293
 1 294
 0 295
 0 296
 1 297
 2 298
 1 299
 1 300
 1 301
 1 302
 2 303
 2 304
 2 305
 1 306
 1 307
 1 308
 0 309
 2 310
 0 311
 2 312
 1 313
 2 314
 2 315
 0 316
 3 317
 1 318
 2 319
 3 320
 0 321
 2 322
 1 323
 1 324
 1 325
 2 326
 4 327
 0 328
 2 329
 3 330
 1 331
 3 332
 1 333
 0 334
 4 335
 0 336
 2 337
 3 338
 0 339
 1 340
 2 341
 1 342
 1 343
 1 344
 1 345
 2 346
 1 347
 1 348
 2 349
 2 350
 1 351
 0 352
 1 353
 1 354
 1 355
 1 356
 2 357
 2 358
 3 359
 2 360
 1 361
 0 362
 0 363
 0 364
 0 365
 0 366
 1 367
 1 368
 0 369
 1 370
 3 371
 0 372
 0 373
 0 374
 1 375
 0 376
 0 377
 0 378
 0 379
 0 380
 1 381
 1 382
 0 383
 0 384
 0 385
 0 386
 1 387
 0 388
 0 389
 0 390
 0 391
 0 392
 0 393
 0 394
 1 395
 0 396
 0 397
 0 398
 0 399
 0 400
 0 401
 0 402
 1 403
 0 404
 0 405
 0 406
 0 407
 0 408
 0 409
 0 410
 0 411
 0 412
 0 413
 0 414
 0 415
 0 416
 0 417
 0 418
 1 419
 0 420
 0 421
 0 422
 0 423
 0 424
 0 425
 0 426
 0 427
 0 428
 0 429
 0 430
 0 431
 0 432
 0 433
 0 434
 0 435
 0 436
 0 437
 0 438
 0 439
 0 440
 0 441
 0 442
 0 443
 0 444
 0 445
 0 446
 0 447
 0 448
 0 449
 0 450
 0 451
 0 452
 0 453
 0 454
 0 455
 0 456
 0 457
 0 458
 0 459
 0 460
 0 461
 0 462
 0 463
 0 464
 0 465
 0 466
 0 467
 0 468
 0 469
 0 470
 0 471
 0 472
 0 473
 0 474
 0 475
 0 476
 0 477
 0 478
 0 479
 0 480
 0 481
 0 482
 0 483
 0 484
 0 485
 0 486
 0 487
 0 488
 0 489
 0 490
 0 491
 0 492
 0 493
 0 494
 0 495
 0 496
 0 497
 0 498
 0 499
 0 500
 0 501
 0 502
 0 503
 0 504
 0 505
 0 506
 0 507
 0 508
 0 509
 0 510
 0 511
 0 512
 0 513
 0 514
 0 515
 0 516
 0 517
 0 518
 0 519
 0 520
 0 521
 0 522
 0 523
 0 524
 0 525
 0 526
 0 527
 0 528
 0 529
 0 530
 0 531
 0 532
 0 533
 0 534
 0 535
 0 536
 0 537
 0 538
 0 539
 0 540
 0 541
 0 542
 0 543
 0 544
 0 545
 0 546
 0 547
 0 548
 0 549
 0 550
 0 551
 0 552
 0 553
 0 554
 0 555
 0 556
 0 557
 0 558
 0 559
 0 560
 0 561
 0 562
 0 563
 0 564
 0 565
 0 566
 0 567
 0 568
 0 569
 0 570
 0 571
 0 572
 0 573
 0 574
 0 575
 0 576
 0 577
 0 578
 0 579
 0 580
 0 581
 0 582
 0 583
 0 584
 0 585
 0 586
 0 587
 0 588
 0 589
 0 590
 0 591
 0 592
 0 593
 0 594
 0 595
 0 596
 0 597
 0 598
 0 599
 0 600


