# Created by Octave 3.8.2, Sat Jun 20 09:44:47 2020 CEST <damian@fptrucha.inv.usc.es>
# name: hd
# type: matrix
# rows: 551
# columns: 2
 0 50
 0 51
 0 52
 0 53
 0 54
 0 55
 0 56
 0 57
 0 58
 0 59
 0 60
 0 61
 0 62
 0 63
 0 64
 0 65
 0 66
 0 67
 0 68
 0 69
 0 70
 0 71
 0 72
 0 73
 0 74
 0 75
 0 76
 0 77
 0 78
 0 79
 0 80
 0 81
 0 82
 0 83
 0 84
 0 85
 0 86
 0 87
 1 88
 3 89
 3 90
 27 91
 115 92
 132 93
 210 94
 320 95
 484 96
 679 97
 947 98
 1083 99
 1227 100
 1383 101
 1506 102
 1460 103
 1612 104
 1608 105
 1546 106
 1597 107
 1511 108
 1462 109
 1456 110
 1401 111
 1323 112
 1222 113
 1141 114
 1101 115
 942 116
 967 117
 843 118
 835 119
 754 120
 704 121
 629 122
 596 123
 521 124
 513 125
 402 126
 407 127
 350 128
 361 129
 286 130
 262 131
 255 132
 242 133
 220 134
 205 135
 183 136
 169 137
 136 138
 143 139
 129 140
 130 141
 127 142
 108 143
 108 144
 90 145
 92 146
 67 147
 79 148
 84 149
 77 150
 56 151
 52 152
 54 153
 62 154
 58 155
 44 156
 44 157
 39 158
 32 159
 39 160
 32 161
 30 162
 26 163
 26 164
 26 165
 18 166
 19 167
 20 168
 20 169
 19 170
 16 171
 13 172
 14 173
 10 174
 11 175
 10 176
 16 177
 9 178
 13 179
 8 180
 10 181
 7 182
 4 183
 9 184
 11 185
 3 186
 7 187
 4 188
 3 189
 3 190
 5 191
 3 192
 4 193
 3 194
 3 195
 4 196
 0 197
 1 198
 1 199
 3 200
 2 201
 0 202
 2 203
 0 204
 1 205
 1 206
 0 207
 2 208
 1 209
 2 210
 0 211
 1 212
 2 213
 1 214
 1 215
 0 216
 0 217
 2 218
 0 219
 2 220
 0 221
 0 222
 0 223
 1 224
 0 225
 0 226
 0 227
 0 228
 1 229
 0 230
 0 231
 0 232
 1 233
 0 234
 0 235
 1 236
 1 237
 0 238
 0 239
 0 240
 0 241
 0 242
 0 243
 0 244
 0 245
 0 246
 0 247
 0 248
 0 249
 0 250
 0 251
 0 252
 0 253
 0 254
 0 255
 0 256
 0 257
 0 258
 0 259
 0 260
 0 261
 0 262
 0 263
 0 264
 0 265
 0 266
 0 267
 0 268
 0 269
 0 270
 0 271
 0 272
 0 273
 0 274
 0 275
 0 276
 0 277
 0 278
 0 279
 0 280
 0 281
 0 282
 0 283
 0 284
 0 285
 0 286
 0 287
 1 288
 1 289
 0 290
 0 291
 0 292
 0 293
 0 294
 0 295
 1 296
 0 297
 0 298
 3 299
 0 300
 0 301
 1 302
 1 303
 1 304
 3 305
 1 306
 2 307
 2 308
 2 309
 2 310
 1 311
 2 312
 3 313
 0 314
 1 315
 1 316
 1 317
 2 318
 0 319
 2 320
 3 321
 2 322
 3 323
 2 324
 3 325
 3 326
 3 327
 1 328
 5 329
 4 330
 0 331
 4 332
 2 333
 3 334
 2 335
 2 336
 1 337
 3 338
 1 339
 4 340
 3 341
 2 342
 2 343
 2 344
 1 345
 1 346
 2 347
 0 348
 4 349
 3 350
 0 351
 4 352
 0 353
 5 354
 1 355
 3 356
 2 357
 1 358
 1 359
 2 360
 1 361
 2 362
 0 363
 0 364
 1 365
 2 366
 2 367
 0 368
 3 369
 1 370
 0 371
 1 372
 0 373
 0 374
 0 375
 0 376
 1 377
 2 378
 0 379
 1 380
 1 381
 1 382
 0 383
 1 384
 0 385
 1 386
 1 387
 0 388
 2 389
 1 390
 0 391
 0 392
 0 393
 0 394
 0 395
 0 396
 2 397
 1 398
 0 399
 0 400
 0 401
 0 402
 1 403
 0 404
 0 405
 0 406
 0 407
 0 408
 0 409
 0 410
 0 411
 0 412
 1 413
 0 414
 0 415
 0 416
 0 417
 0 418
 0 419
 0 420
 0 421
 0 422
 0 423
 0 424
 0 425
 0 426
 0 427
 0 428
 0 429
 0 430
 0 431
 0 432
 0 433
 0 434
 0 435
 0 436
 0 437
 0 438
 0 439
 0 440
 0 441
 0 442
 0 443
 0 444
 0 445
 0 446
 0 447
 0 448
 0 449
 0 450
 0 451
 0 452
 0 453
 0 454
 0 455
 0 456
 0 457
 0 458
 0 459
 0 460
 0 461
 0 462
 0 463
 0 464
 0 465
 0 466
 0 467
 0 468
 0 469
 0 470
 0 471
 0 472
 0 473
 0 474
 0 475
 0 476
 0 477
 0 478
 0 479
 0 480
 0 481
 0 482
 0 483
 0 484
 0 485
 0 486
 0 487
 0 488
 0 489
 0 490
 0 491
 0 492
 0 493
 0 494
 0 495
 0 496
 0 497
 0 498
 0 499
 0 500
 0 501
 0 502
 0 503
 0 504
 0 505
 0 506
 0 507
 0 508
 0 509
 0 510
 0 511
 0 512
 0 513
 0 514
 0 515
 0 516
 0 517
 0 518
 0 519
 0 520
 0 521
 0 522
 0 523
 0 524
 0 525
 0 526
 0 527
 0 528
 0 529
 0 530
 0 531
 0 532
 0 533
 0 534
 0 535
 0 536
 0 537
 0 538
 0 539
 0 540
 0 541
 0 542
 0 543
 0 544
 0 545
 0 546
 0 547
 0 548
 0 549
 0 550
 0 551
 0 552
 0 553
 0 554
 0 555
 0 556
 0 557
 0 558
 0 559
 0 560
 0 561
 0 562
 0 563
 0 564
 0 565
 0 566
 0 567
 0 568
 0 569
 0 570
 0 571
 0 572
 0 573
 0 574
 0 575
 0 576
 0 577
 0 578
 0 579
 0 580
 0 581
 0 582
 0 583
 0 584
 0 585
 0 586
 0 587
 0 588
 0 589
 0 590
 0 591
 0 592
 0 593
 0 594
 0 595
 0 596
 0 597
 0 598
 0 599
 0 600


