# Created by Octave 3.8.2, Sat Jun 20 15:30:20 2020 CEST <damian@fptrucha.inv.usc.es>
# name: hd
# type: matrix
# rows: 551
# columns: 2
 0 50
 0 51
 0 52
 0 53
 0 54
 0 55
 0 56
 0 57
 0 58
 0 59
 0 60
 0 61
 0 62
 0 63
 0 64
 0 65
 0 66
 0 67
 0 68
 0 69
 0 70
 0 71
 0 72
 0 73
 0 74
 0 75
 0 76
 0 77
 0 78
 0 79
 0 80
 0 81
 0 82
 0 83
 0 84
 0 85
 0 86
 0 87
 2 88
 1 89
 5 90
 35 91
 94 92
 121 93
 146 94
 305 95
 394 96
 605 97
 753 98
 898 99
 1075 100
 1133 101
 1234 102
 1219 103
 1304 104
 1393 105
 1419 106
 1271 107
 1361 108
 1341 109
 1298 110
 1254 111
 1177 112
 1179 113
 1062 114
 1067 115
 962 116
 905 117
 849 118
 727 119
 743 120
 695 121
 620 122
 577 123
 535 124
 514 125
 487 126
 405 127
 390 128
 331 129
 333 130
 293 131
 279 132
 248 133
 193 134
 188 135
 226 136
 161 137
 164 138
 156 139
 139 140
 137 141
 114 142
 99 143
 105 144
 125 145
 88 146
 88 147
 68 148
 65 149
 77 150
 60 151
 57 152
 75 153
 58 154
 57 155
 49 156
 40 157
 48 158
 41 159
 40 160
 37 161
 34 162
 35 163
 24 164
 19 165
 21 166
 23 167
 21 168
 15 169
 17 170
 21 171
 26 172
 8 173
 15 174
 14 175
 9 176
 12 177
 12 178
 10 179
 5 180
 11 181
 5 182
 9 183
 8 184
 7 185
 5 186
 12 187
 6 188
 4 189
 2 190
 1 191
 3 192
 1 193
 2 194
 3 195
 5 196
 4 197
 1 198
 3 199
 0 200
 1 201
 2 202
 0 203
 4 204
 0 205
 1 206
 4 207
 0 208
 1 209
 0 210
 1 211
 1 212
 1 213
 2 214
 2 215
 0 216
 0 217
 1 218
 0 219
 0 220
 0 221
 0 222
 0 223
 1 224
 1 225
 0 226
 0 227
 0 228
 0 229
 0 230
 0 231
 0 232
 0 233
 0 234
 0 235
 0 236
 0 237
 0 238
 0 239
 0 240
 1 241
 0 242
 0 243
 1 244
 0 245
 0 246
 0 247
 0 248
 0 249
 0 250
 0 251
 0 252
 0 253
 0 254
 0 255
 0 256
 0 257
 0 258
 0 259
 0 260
 0 261
 0 262
 0 263
 0 264
 0 265
 0 266
 0 267
 0 268
 0 269
 0 270
 0 271
 0 272
 0 273
 0 274
 0 275
 0 276
 1 277
 0 278
 0 279
 0 280
 1 281
 0 282
 0 283
 1 284
 0 285
 1 286
 0 287
 0 288
 0 289
 1 290
 1 291
 2 292
 2 293
 0 294
 1 295
 0 296
 2 297
 0 298
 1 299
 1 300
 0 301
 0 302
 1 303
 3 304
 2 305
 1 306
 2 307
 1 308
 2 309
 1 310
 2 311
 1 312
 1 313
 0 314
 0 315
 1 316
 3 317
 4 318
 2 319
 4 320
 1 321
 2 322
 0 323
 4 324
 2 325
 3 326
 3 327
 2 328
 1 329
 0 330
 5 331
 1 332
 2 333
 3 334
 2 335
 5 336
 1 337
 2 338
 1 339
 1 340
 0 341
 3 342
 3 343
 1 344
 1 345
 0 346
 6 347
 1 348
 3 349
 2 350
 2 351
 1 352
 3 353
 2 354
 4 355
 2 356
 1 357
 2 358
 3 359
 2 360
 0 361
 0 362
 1 363
 0 364
 1 365
 1 366
 0 367
 0 368
 0 369
 0 370
 1 371
 0 372
 0 373
 0 374
 1 375
 0 376
 0 377
 0 378
 0 379
 0 380
 0 381
 0 382
 0 383
 0 384
 0 385
 1 386
 0 387
 0 388
 1 389
 1 390
 0 391
 0 392
 0 393
 1 394
 1 395
 0 396
 1 397
 0 398
 0 399
 0 400
 0 401
 0 402
 0 403
 0 404
 0 405
 0 406
 0 407
 0 408
 0 409
 1 410
 0 411
 0 412
 0 413
 0 414
 0 415
 1 416
 0 417
 0 418
 1 419
 0 420
 0 421
 0 422
 0 423
 0 424
 0 425
 0 426
 0 427
 0 428
 0 429
 0 430
 0 431
 0 432
 0 433
 0 434
 0 435
 0 436
 0 437
 0 438
 0 439
 0 440
 0 441
 0 442
 0 443
 0 444
 0 445
 0 446
 0 447
 0 448
 0 449
 0 450
 0 451
 0 452
 0 453
 0 454
 0 455
 0 456
 0 457
 0 458
 0 459
 0 460
 0 461
 0 462
 0 463
 0 464
 0 465
 0 466
 0 467
 0 468
 0 469
 0 470
 0 471
 0 472
 0 473
 0 474
 0 475
 0 476
 0 477
 0 478
 0 479
 0 480
 0 481
 0 482
 0 483
 0 484
 0 485
 0 486
 0 487
 0 488
 0 489
 0 490
 0 491
 0 492
 0 493
 0 494
 0 495
 0 496
 0 497
 0 498
 0 499
 0 500
 0 501
 0 502
 0 503
 0 504
 0 505
 0 506
 0 507
 0 508
 0 509
 0 510
 0 511
 0 512
 0 513
 0 514
 0 515
 0 516
 0 517
 0 518
 0 519
 0 520
 0 521
 0 522
 0 523
 0 524
 0 525
 0 526
 0 527
 0 528
 0 529
 0 530
 0 531
 0 532
 0 533
 0 534
 0 535
 0 536
 0 537
 0 538
 0 539
 0 540
 0 541
 0 542
 0 543
 0 544
 0 545
 0 546
 0 547
 0 548
 0 549
 0 550
 0 551
 0 552
 0 553
 0 554
 0 555
 0 556
 0 557
 0 558
 0 559
 0 560
 0 561
 0 562
 0 563
 0 564
 0 565
 0 566
 0 567
 0 568
 0 569
 0 570
 0 571
 0 572
 0 573
 0 574
 0 575
 0 576
 0 577
 0 578
 0 579
 0 580
 0 581
 0 582
 0 583
 0 584
 0 585
 0 586
 0 587
 0 588
 0 589
 0 590
 0 591
 0 592
 0 593
 0 594
 0 595
 0 596
 0 597
 0 598
 0 599
 0 600


