# Created by Octave 3.8.2, Sun Jun 21 07:38:02 2020 CEST <damian@fptrucha.inv.usc.es>
# name: hd
# type: matrix
# rows: 551
# columns: 2
 0 50
 0 51
 0 52
 0 53
 0 54
 0 55
 0 56
 0 57
 0 58
 0 59
 0 60
 0 61
 0 62
 0 63
 0 64
 0 65
 0 66
 0 67
 0 68
 0 69
 0 70
 0 71
 0 72
 0 73
 0 74
 0 75
 0 76
 0 77
 0 78
 0 79
 0 80
 0 81
 0 82
 0 83
 0 84
 0 85
 0 86
 0 87
 0 88
 1 89
 6 90
 44 91
 97 92
 116 93
 187 94
 297 95
 414 96
 633 97
 803 98
 967 99
 1052 100
 1225 101
 1265 102
 1363 103
 1390 104
 1444 105
 1394 106
 1367 107
 1323 108
 1369 109
 1340 110
 1318 111
 1244 112
 1116 113
 1027 114
 1084 115
 927 116
 888 117
 845 118
 777 119
 716 120
 693 121
 594 122
 538 123
 528 124
 455 125
 419 126
 386 127
 360 128
 337 129
 318 130
 302 131
 256 132
 209 133
 216 134
 187 135
 171 136
 166 137
 124 138
 138 139
 135 140
 144 141
 107 142
 98 143
 96 144
 111 145
 77 146
 65 147
 76 148
 74 149
 65 150
 54 151
 57 152
 62 153
 39 154
 55 155
 48 156
 35 157
 47 158
 40 159
 50 160
 29 161
 25 162
 19 163
 38 164
 24 165
 15 166
 13 167
 18 168
 20 169
 13 170
 14 171
 12 172
 12 173
 9 174
 11 175
 9 176
 11 177
 7 178
 9 179
 4 180
 10 181
 4 182
 7 183
 7 184
 2 185
 4 186
 5 187
 4 188
 1 189
 0 190
 7 191
 2 192
 1 193
 4 194
 0 195
 1 196
 0 197
 2 198
 1 199
 0 200
 4 201
 2 202
 0 203
 0 204
 2 205
 1 206
 2 207
 2 208
 1 209
 1 210
 1 211
 1 212
 1 213
 1 214
 1 215
 0 216
 0 217
 1 218
 0 219
 0 220
 1 221
 1 222
 0 223
 0 224
 0 225
 0 226
 1 227
 0 228
 0 229
 0 230
 0 231
 0 232
 0 233
 1 234
 0 235
 0 236
 0 237
 0 238
 0 239
 0 240
 0 241
 0 242
 1 243
 0 244
 0 245
 0 246
 0 247
 0 248
 0 249
 1 250
 0 251
 0 252
 0 253
 0 254
 0 255
 0 256
 0 257
 0 258
 0 259
 0 260
 0 261
 0 262
 0 263
 0 264
 0 265
 0 266
 0 267
 0 268
 0 269
 0 270
 0 271
 1 272
 0 273
 0 274
 0 275
 0 276
 0 277
 0 278
 0 279
 1 280
 0 281
 0 282
 0 283
 0 284
 0 285
 0 286
 0 287
 0 288
 2 289
 0 290
 0 291
 1 292
 1 293
 0 294
 0 295
 2 296
 2 297
 0 298
 0 299
 1 300
 0 301
 0 302
 0 303
 0 304
 1 305
 1 306
 3 307
 0 308
 1 309
 4 310
 2 311
 0 312
 3 313
 1 314
 2 315
 0 316
 2 317
 2 318
 4 319
 3 320
 0 321
 2 322
 2 323
 2 324
 5 325
 2 326
 2 327
 3 328
 1 329
 3 330
 3 331
 5 332
 0 333
 1 334
 0 335
 1 336
 3 337
 2 338
 6 339
 4 340
 1 341
 3 342
 2 343
 0 344
 5 345
 2 346
 4 347
 1 348
 2 349
 2 350
 0 351
 0 352
 3 353
 0 354
 1 355
 4 356
 0 357
 2 358
 0 359
 1 360
 2 361
 1 362
 0 363
 0 364
 1 365
 0 366
 1 367
 1 368
 1 369
 0 370
 2 371
 2 372
 2 373
 1 374
 2 375
 3 376
 1 377
 1 378
 0 379
 0 380
 0 381
 2 382
 0 383
 1 384
 2 385
 1 386
 1 387
 0 388
 0 389
 0 390
 1 391
 0 392
 0 393
 0 394
 0 395
 1 396
 0 397
 0 398
 0 399
 0 400
 0 401
 0 402
 1 403
 0 404
 0 405
 0 406
 0 407
 0 408
 0 409
 0 410
 0 411
 0 412
 0 413
 1 414
 0 415
 0 416
 0 417
 0 418
 0 419
 0 420
 0 421
 0 422
 0 423
 0 424
 0 425
 0 426
 0 427
 0 428
 0 429
 0 430
 0 431
 0 432
 0 433
 0 434
 0 435
 0 436
 0 437
 0 438
 0 439
 0 440
 0 441
 0 442
 0 443
 0 444
 0 445
 0 446
 0 447
 0 448
 0 449
 0 450
 0 451
 0 452
 0 453
 0 454
 0 455
 0 456
 0 457
 0 458
 0 459
 0 460
 0 461
 0 462
 0 463
 0 464
 0 465
 0 466
 0 467
 0 468
 0 469
 0 470
 0 471
 0 472
 0 473
 0 474
 0 475
 0 476
 0 477
 0 478
 0 479
 0 480
 0 481
 0 482
 0 483
 0 484
 0 485
 0 486
 0 487
 0 488
 0 489
 0 490
 0 491
 0 492
 0 493
 0 494
 0 495
 0 496
 0 497
 0 498
 0 499
 0 500
 0 501
 0 502
 0 503
 0 504
 0 505
 0 506
 0 507
 0 508
 0 509
 0 510
 0 511
 0 512
 0 513
 0 514
 0 515
 0 516
 0 517
 0 518
 0 519
 0 520
 0 521
 0 522
 0 523
 0 524
 0 525
 0 526
 0 527
 0 528
 0 529
 0 530
 0 531
 0 532
 0 533
 0 534
 0 535
 0 536
 0 537
 0 538
 0 539
 0 540
 0 541
 0 542
 0 543
 0 544
 0 545
 0 546
 0 547
 0 548
 0 549
 0 550
 0 551
 0 552
 0 553
 0 554
 0 555
 0 556
 0 557
 0 558
 0 559
 0 560
 0 561
 0 562
 0 563
 0 564
 0 565
 0 566
 0 567
 0 568
 0 569
 0 570
 0 571
 0 572
 0 573
 0 574
 0 575
 0 576
 0 577
 0 578
 0 579
 0 580
 0 581
 0 582
 0 583
 0 584
 0 585
 0 586
 0 587
 0 588
 0 589
 0 590
 0 591
 0 592
 0 593
 0 594
 0 595
 0 596
 0 597
 0 598
 0 599
 0 600


