# Created by Octave 3.8.2, Sat Jun 20 05:11:48 2020 CEST <damian@fptrucha.inv.usc.es>
# name: hd
# type: matrix
# rows: 551
# columns: 2
 0 50
 0 51
 0 52
 0 53
 0 54
 0 55
 0 56
 0 57
 0 58
 0 59
 0 60
 0 61
 0 62
 0 63
 0 64
 0 65
 0 66
 0 67
 0 68
 0 69
 0 70
 0 71
 0 72
 0 73
 0 74
 0 75
 0 76
 0 77
 0 78
 0 79
 0 80
 0 81
 0 82
 0 83
 0 84
 0 85
 0 86
 1 87
 1 88
 0 89
 2 90
 23 91
 85 92
 121 93
 162 94
 287 95
 459 96
 645 97
 810 98
 961 99
 1157 100
 1271 101
 1311 102
 1318 103
 1389 104
 1500 105
 1545 106
 1469 107
 1447 108
 1387 109
 1413 110
 1311 111
 1320 112
 1203 113
 1083 114
 1099 115
 979 116
 949 117
 943 118
 796 119
 814 120
 745 121
 657 122
 607 123
 515 124
 508 125
 503 126
 413 127
 388 128
 365 129
 319 130
 303 131
 319 132
 249 133
 252 134
 225 135
 210 136
 201 137
 180 138
 177 139
 164 140
 139 141
 123 142
 121 143
 101 144
 104 145
 100 146
 90 147
 77 148
 75 149
 75 150
 52 151
 69 152
 60 153
 66 154
 55 155
 55 156
 47 157
 62 158
 41 159
 37 160
 37 161
 32 162
 31 163
 35 164
 27 165
 31 166
 23 167
 21 168
 28 169
 23 170
 19 171
 10 172
 8 173
 13 174
 13 175
 14 176
 12 177
 15 178
 6 179
 15 180
 15 181
 11 182
 3 183
 10 184
 12 185
 9 186
 10 187
 3 188
 6 189
 9 190
 3 191
 2 192
 3 193
 3 194
 7 195
 3 196
 2 197
 2 198
 2 199
 1 200
 0 201
 1 202
 2 203
 4 204
 2 205
 0 206
 0 207
 2 208
 0 209
 1 210
 0 211
 0 212
 3 213
 2 214
 1 215
 0 216
 1 217
 2 218
 0 219
 0 220
 0 221
 0 222
 0 223
 0 224
 0 225
 0 226
 0 227
 0 228
 0 229
 0 230
 0 231
 0 232
 1 233
 0 234
 0 235
 0 236
 1 237
 0 238
 0 239
 0 240
 0 241
 1 242
 0 243
 0 244
 1 245
 0 246
 0 247
 0 248
 0 249
 0 250
 0 251
 0 252
 0 253
 0 254
 0 255
 0 256
 0 257
 0 258
 0 259
 0 260
 1 261
 0 262
 0 263
 0 264
 0 265
 0 266
 0 267
 0 268
 0 269
 0 270
 0 271
 0 272
 0 273
 1 274
 0 275
 0 276
 0 277
 0 278
 0 279
 0 280
 0 281
 0 282
 0 283
 0 284
 0 285
 1 286
 1 287
 1 288
 0 289
 0 290
 0 291
 0 292
 0 293
 1 294
 0 295
 1 296
 1 297
 1 298
 0 299
 2 300
 1 301
 1 302
 0 303
 1 304
 4 305
 1 306
 2 307
 3 308
 2 309
 4 310
 1 311
 1 312
 5 313
 0 314
 2 315
 2 316
 2 317
 0 318
 3 319
 1 320
 0 321
 5 322
 1 323
 3 324
 3 325
 1 326
 2 327
 0 328
 0 329
 2 330
 3 331
 4 332
 0 333
 1 334
 3 335
 4 336
 5 337
 2 338
 2 339
 4 340
 2 341
 5 342
 2 343
 6 344
 4 345
 3 346
 1 347
 3 348
 0 349
 0 350
 3 351
 5 352
 0 353
 1 354
 1 355
 3 356
 2 357
 1 358
 2 359
 2 360
 4 361
 1 362
 2 363
 1 364
 4 365
 1 366
 0 367
 2 368
 1 369
 1 370
 1 371
 0 372
 1 373
 0 374
 1 375
 1 376
 0 377
 1 378
 1 379
 0 380
 0 381
 0 382
 1 383
 0 384
 0 385
 1 386
 2 387
 1 388
 1 389
 0 390
 1 391
 0 392
 0 393
 1 394
 0 395
 1 396
 2 397
 0 398
 0 399
 1 400
 0 401
 1 402
 0 403
 0 404
 0 405
 0 406
 0 407
 1 408
 0 409
 0 410
 1 411
 0 412
 0 413
 0 414
 0 415
 0 416
 0 417
 0 418
 0 419
 0 420
 0 421
 0 422
 0 423
 0 424
 0 425
 0 426
 0 427
 0 428
 0 429
 0 430
 0 431
 0 432
 0 433
 0 434
 0 435
 0 436
 0 437
 0 438
 0 439
 0 440
 0 441
 0 442
 0 443
 0 444
 0 445
 0 446
 0 447
 0 448
 0 449
 0 450
 0 451
 0 452
 0 453
 0 454
 0 455
 0 456
 0 457
 0 458
 0 459
 0 460
 0 461
 0 462
 0 463
 0 464
 0 465
 0 466
 0 467
 0 468
 0 469
 0 470
 0 471
 0 472
 0 473
 0 474
 0 475
 0 476
 0 477
 0 478
 0 479
 0 480
 0 481
 0 482
 0 483
 0 484
 0 485
 0 486
 0 487
 0 488
 0 489
 0 490
 0 491
 0 492
 0 493
 0 494
 0 495
 0 496
 0 497
 0 498
 0 499
 0 500
 0 501
 0 502
 0 503
 0 504
 0 505
 0 506
 0 507
 0 508
 0 509
 0 510
 0 511
 0 512
 0 513
 0 514
 0 515
 0 516
 0 517
 0 518
 0 519
 0 520
 0 521
 0 522
 0 523
 0 524
 0 525
 0 526
 0 527
 0 528
 0 529
 0 530
 0 531
 0 532
 0 533
 0 534
 0 535
 0 536
 0 537
 0 538
 0 539
 0 540
 0 541
 0 542
 0 543
 0 544
 0 545
 0 546
 0 547
 0 548
 0 549
 0 550
 0 551
 0 552
 0 553
 0 554
 0 555
 0 556
 0 557
 0 558
 0 559
 0 560
 0 561
 0 562
 0 563
 0 564
 0 565
 0 566
 0 567
 0 568
 0 569
 0 570
 0 571
 0 572
 0 573
 0 574
 0 575
 0 576
 0 577
 0 578
 0 579
 0 580
 0 581
 0 582
 0 583
 0 584
 0 585
 0 586
 0 587
 0 588
 0 589
 0 590
 0 591
 0 592
 0 593
 0 594
 0 595
 0 596
 0 597
 0 598
 0 599
 0 600


