# Created by Octave 3.8.2, Mon Jun 22 05:37:07 2020 CEST <damian@fptrucha.inv.usc.es>
# name: hd
# type: matrix
# rows: 551
# columns: 2
 0 50
 0 51
 0 52
 0 53
 0 54
 0 55
 0 56
 0 57
 0 58
 0 59
 0 60
 0 61
 0 62
 0 63
 0 64
 0 65
 0 66
 0 67
 0 68
 0 69
 0 70
 0 71
 0 72
 0 73
 0 74
 0 75
 0 76
 0 77
 0 78
 0 79
 0 80
 0 81
 0 82
 0 83
 0 84
 0 85
 0 86
 0 87
 0 88
 3 89
 5 90
 13 91
 63 92
 97 93
 148 94
 201 95
 359 96
 567 97
 742 98
 894 99
 1114 100
 1223 101
 1346 102
 1318 103
 1309 104
 1387 105
 1341 106
 1292 107
 1237 108
 1280 109
 1253 110
 1142 111
 1093 112
 988 113
 930 114
 893 115
 742 116
 680 117
 666 118
 605 119
 607 120
 451 121
 480 122
 431 123
 409 124
 362 125
 360 126
 323 127
 274 128
 248 129
 236 130
 231 131
 199 132
 194 133
 177 134
 160 135
 147 136
 150 137
 132 138
 139 139
 137 140
 116 141
 108 142
 89 143
 109 144
 110 145
 72 146
 84 147
 60 148
 65 149
 75 150
 60 151
 52 152
 61 153
 71 154
 47 155
 49 156
 33 157
 44 158
 36 159
 43 160
 36 161
 32 162
 37 163
 26 164
 32 165
 36 166
 26 167
 25 168
 21 169
 21 170
 15 171
 15 172
 20 173
 16 174
 18 175
 23 176
 20 177
 16 178
 18 179
 8 180
 3 181
 9 182
 9 183
 12 184
 8 185
 11 186
 6 187
 4 188
 2 189
 3 190
 5 191
 7 192
 1 193
 6 194
 3 195
 2 196
 2 197
 4 198
 4 199
 2 200
 4 201
 3 202
 2 203
 1 204
 1 205
 5 206
 0 207
 0 208
 1 209
 2 210
 0 211
 2 212
 1 213
 0 214
 1 215
 0 216
 0 217
 0 218
 1 219
 2 220
 0 221
 0 222
 0 223
 0 224
 2 225
 0 226
 0 227
 0 228
 0 229
 0 230
 0 231
 0 232
 0 233
 0 234
 1 235
 0 236
 0 237
 0 238
 0 239
 0 240
 0 241
 0 242
 0 243
 0 244
 0 245
 0 246
 0 247
 0 248
 0 249
 0 250
 0 251
 0 252
 0 253
 0 254
 0 255
 0 256
 0 257
 0 258
 0 259
 0 260
 0 261
 0 262
 0 263
 0 264
 0 265
 0 266
 0 267
 0 268
 0 269
 0 270
 0 271
 0 272
 0 273
 0 274
 0 275
 0 276
 0 277
 0 278
 0 279
 1 280
 1 281
 0 282
 0 283
 0 284
 0 285
 0 286
 0 287
 1 288
 1 289
 1 290
 0 291
 3 292
 1 293
 3 294
 1 295
 2 296
 0 297
 2 298
 2 299
 2 300
 2 301
 1 302
 2 303
 1 304
 3 305
 4 306
 2 307
 6 308
 3 309
 2 310
 3 311
 4 312
 4 313
 1 314
 3 315
 1 316
 3 317
 2 318
 6 319
 3 320
 2 321
 2 322
 0 323
 4 324
 4 325
 4 326
 6 327
 2 328
 0 329
 1 330
 2 331
 2 332
 0 333
 2 334
 3 335
 2 336
 2 337
 3 338
 0 339
 4 340
 3 341
 4 342
 4 343
 3 344
 2 345
 0 346
 3 347
 3 348
 0 349
 2 350
 1 351
 0 352
 0 353
 0 354
 2 355
 2 356
 1 357
 1 358
 2 359
 2 360
 3 361
 0 362
 1 363
 1 364
 2 365
 1 366
 0 367
 3 368
 0 369
 1 370
 0 371
 3 372
 0 373
 0 374
 2 375
 0 376
 3 377
 0 378
 0 379
 0 380
 1 381
 0 382
 0 383
 0 384
 0 385
 0 386
 1 387
 1 388
 0 389
 0 390
 0 391
 1 392
 0 393
 0 394
 0 395
 0 396
 0 397
 0 398
 0 399
 0 400
 0 401
 0 402
 0 403
 0 404
 0 405
 0 406
 0 407
 0 408
 0 409
 0 410
 0 411
 0 412
 0 413
 0 414
 0 415
 0 416
 0 417
 0 418
 0 419
 0 420
 0 421
 0 422
 0 423
 0 424
 0 425
 0 426
 0 427
 0 428
 0 429
 0 430
 0 431
 0 432
 0 433
 0 434
 0 435
 0 436
 0 437
 0 438
 0 439
 0 440
 0 441
 0 442
 0 443
 0 444
 0 445
 0 446
 0 447
 0 448
 0 449
 0 450
 0 451
 0 452
 0 453
 0 454
 0 455
 0 456
 0 457
 0 458
 0 459
 0 460
 0 461
 0 462
 0 463
 0 464
 0 465
 0 466
 0 467
 0 468
 0 469
 0 470
 0 471
 0 472
 0 473
 0 474
 0 475
 0 476
 0 477
 0 478
 0 479
 0 480
 0 481
 0 482
 0 483
 0 484
 0 485
 0 486
 0 487
 0 488
 0 489
 0 490
 0 491
 0 492
 0 493
 0 494
 0 495
 0 496
 0 497
 0 498
 0 499
 0 500
 0 501
 0 502
 0 503
 0 504
 0 505
 0 506
 0 507
 0 508
 0 509
 0 510
 0 511
 0 512
 0 513
 0 514
 0 515
 0 516
 0 517
 0 518
 0 519
 0 520
 0 521
 0 522
 0 523
 0 524
 0 525
 0 526
 0 527
 0 528
 0 529
 0 530
 0 531
 0 532
 0 533
 0 534
 0 535
 0 536
 0 537
 0 538
 0 539
 0 540
 0 541
 0 542
 0 543
 0 544
 0 545
 0 546
 0 547
 0 548
 0 549
 0 550
 0 551
 0 552
 0 553
 0 554
 0 555
 0 556
 0 557
 0 558
 0 559
 0 560
 0 561
 0 562
 0 563
 0 564
 0 565
 0 566
 0 567
 0 568
 0 569
 0 570
 0 571
 0 572
 0 573
 0 574
 0 575
 0 576
 0 577
 0 578
 0 579
 0 580
 0 581
 0 582
 0 583
 0 584
 0 585
 0 586
 0 587
 0 588
 0 589
 0 590
 0 591
 0 592
 0 593
 0 594
 0 595
 0 596
 0 597
 0 598
 0 599
 0 600


