# Created by Octave 3.8.2, Mon Jun 22 12:03:37 2020 CEST <damian@fptrucha.inv.usc.es>
# name: hd
# type: matrix
# rows: 551
# columns: 2
 0 50
 0 51
 0 52
 0 53
 0 54
 0 55
 0 56
 0 57
 0 58
 0 59
 0 60
 0 61
 0 62
 0 63
 0 64
 0 65
 0 66
 0 67
 0 68
 0 69
 0 70
 0 71
 0 72
 0 73
 0 74
 0 75
 0 76
 0 77
 0 78
 0 79
 0 80
 0 81
 0 82
 0 83
 0 84
 0 85
 0 86
 0 87
 0 88
 0 89
 2 90
 19 91
 80 92
 117 93
 184 94
 278 95
 407 96
 625 97
 821 98
 945 99
 1192 100
 1308 101
 1343 102
 1388 103
 1449 104
 1456 105
 1398 106
 1398 107
 1401 108
 1354 109
 1315 110
 1159 111
 1180 112
 1010 113
 1012 114
 915 115
 822 116
 728 117
 671 118
 628 119
 612 120
 516 121
 461 122
 444 123
 388 124
 387 125
 345 126
 374 127
 297 128
 262 129
 227 130
 240 131
 190 132
 188 133
 163 134
 161 135
 128 136
 163 137
 152 138
 120 139
 117 140
 106 141
 103 142
 103 143
 90 144
 76 145
 82 146
 75 147
 72 148
 75 149
 73 150
 66 151
 60 152
 67 153
 55 154
 43 155
 56 156
 47 157
 34 158
 48 159
 42 160
 38 161
 31 162
 29 163
 29 164
 30 165
 27 166
 28 167
 18 168
 25 169
 16 170
 19 171
 17 172
 12 173
 24 174
 15 175
 17 176
 9 177
 11 178
 7 179
 15 180
 7 181
 10 182
 13 183
 4 184
 9 185
 5 186
 3 187
 7 188
 6 189
 5 190
 5 191
 2 192
 4 193
 9 194
 6 195
 7 196
 5 197
 1 198
 4 199
 3 200
 3 201
 3 202
 0 203
 1 204
 2 205
 3 206
 1 207
 1 208
 2 209
 2 210
 0 211
 0 212
 0 213
 1 214
 1 215
 1 216
 0 217
 1 218
 0 219
 1 220
 0 221
 0 222
 1 223
 0 224
 0 225
 0 226
 1 227
 0 228
 0 229
 0 230
 0 231
 0 232
 0 233
 0 234
 0 235
 0 236
 0 237
 0 238
 0 239
 0 240
 0 241
 0 242
 0 243
 0 244
 0 245
 0 246
 0 247
 0 248
 1 249
 0 250
 0 251
 0 252
 0 253
 0 254
 0 255
 0 256
 0 257
 0 258
 0 259
 0 260
 0 261
 0 262
 0 263
 0 264
 0 265
 0 266
 0 267
 0 268
 0 269
 1 270
 0 271
 0 272
 0 273
 0 274
 0 275
 0 276
 0 277
 0 278
 0 279
 0 280
 0 281
 2 282
 1 283
 2 284
 0 285
 0 286
 1 287
 0 288
 3 289
 1 290
 3 291
 2 292
 3 293
 3 294
 1 295
 1 296
 2 297
 1 298
 0 299
 3 300
 2 301
 0 302
 1 303
 0 304
 2 305
 5 306
 0 307
 0 308
 2 309
 1 310
 0 311
 1 312
 3 313
 5 314
 2 315
 3 316
 1 317
 3 318
 4 319
 4 320
 0 321
 2 322
 2 323
 4 324
 3 325
 2 326
 2 327
 1 328
 2 329
 3 330
 2 331
 5 332
 1 333
 1 334
 3 335
 2 336
 4 337
 4 338
 1 339
 1 340
 3 341
 3 342
 3 343
 1 344
 0 345
 2 346
 3 347
 4 348
 3 349
 0 350
 2 351
 2 352
 1 353
 2 354
 0 355
 0 356
 3 357
 1 358
 0 359
 1 360
 1 361
 0 362
 1 363
 1 364
 1 365
 1 366
 3 367
 0 368
 0 369
 1 370
 2 371
 0 372
 2 373
 0 374
 2 375
 0 376
 0 377
 1 378
 1 379
 0 380
 0 381
 1 382
 1 383
 1 384
 0 385
 1 386
 1 387
 0 388
 0 389
 0 390
 1 391
 0 392
 0 393
 0 394
 1 395
 0 396
 1 397
 0 398
 0 399
 1 400
 0 401
 0 402
 0 403
 1 404
 0 405
 0 406
 0 407
 0 408
 0 409
 0 410
 0 411
 0 412
 0 413
 0 414
 0 415
 0 416
 0 417
 0 418
 0 419
 0 420
 0 421
 0 422
 0 423
 0 424
 0 425
 0 426
 0 427
 0 428
 0 429
 0 430
 0 431
 0 432
 0 433
 0 434
 0 435
 0 436
 0 437
 0 438
 0 439
 0 440
 0 441
 0 442
 0 443
 0 444
 0 445
 0 446
 0 447
 0 448
 0 449
 0 450
 0 451
 0 452
 0 453
 0 454
 0 455
 0 456
 0 457
 0 458
 0 459
 0 460
 0 461
 0 462
 0 463
 0 464
 0 465
 0 466
 0 467
 0 468
 0 469
 0 470
 0 471
 0 472
 0 473
 0 474
 0 475
 0 476
 0 477
 0 478
 0 479
 0 480
 0 481
 0 482
 0 483
 0 484
 0 485
 0 486
 0 487
 0 488
 0 489
 0 490
 0 491
 0 492
 0 493
 0 494
 0 495
 0 496
 0 497
 0 498
 0 499
 0 500
 0 501
 0 502
 0 503
 0 504
 0 505
 0 506
 0 507
 0 508
 0 509
 0 510
 0 511
 0 512
 0 513
 0 514
 0 515
 0 516
 0 517
 0 518
 0 519
 0 520
 0 521
 0 522
 0 523
 0 524
 0 525
 0 526
 0 527
 0 528
 0 529
 0 530
 0 531
 0 532
 0 533
 0 534
 0 535
 0 536
 0 537
 0 538
 0 539
 0 540
 0 541
 0 542
 0 543
 0 544
 0 545
 0 546
 0 547
 0 548
 0 549
 0 550
 0 551
 0 552
 0 553
 0 554
 0 555
 0 556
 0 557
 0 558
 0 559
 0 560
 0 561
 0 562
 0 563
 0 564
 0 565
 0 566
 0 567
 0 568
 0 569
 0 570
 0 571
 0 572
 0 573
 0 574
 0 575
 0 576
 0 577
 0 578
 0 579
 0 580
 0 581
 0 582
 0 583
 0 584
 0 585
 0 586
 0 587
 0 588
 0 589
 0 590
 0 591
 0 592
 0 593
 0 594
 0 595
 0 596
 0 597
 0 598
 0 599
 0 600


