# Created by Octave 3.8.2, Sat Jun 20 20:13:53 2020 CEST <damian@fptrucha.inv.usc.es>
# name: hd
# type: matrix
# rows: 551
# columns: 2
 0 50
 0 51
 0 52
 0 53
 0 54
 0 55
 0 56
 0 57
 0 58
 0 59
 0 60
 0 61
 0 62
 0 63
 0 64
 0 65
 0 66
 0 67
 0 68
 0 69
 0 70
 0 71
 0 72
 0 73
 0 74
 0 75
 0 76
 0 77
 0 78
 0 79
 0 80
 0 81
 0 82
 0 83
 0 84
 0 85
 0 86
 0 87
 4 88
 0 89
 7 90
 23 91
 80 92
 128 93
 160 94
 250 95
 382 96
 532 97
 686 98
 822 99
 1005 100
 1076 101
 1143 102
 1168 103
 1276 104
 1348 105
 1273 106
 1276 107
 1289 108
 1197 109
 1251 110
 1189 111
 1124 112
 1174 113
 1042 114
 987 115
 931 116
 869 117
 870 118
 780 119
 755 120
 678 121
 639 122
 582 123
 532 124
 480 125
 457 126
 405 127
 368 128
 357 129
 304 130
 310 131
 266 132
 252 133
 250 134
 228 135
 183 136
 205 137
 158 138
 172 139
 137 140
 138 141
 133 142
 125 143
 113 144
 96 145
 97 146
 88 147
 80 148
 64 149
 82 150
 60 151
 53 152
 67 153
 68 154
 51 155
 55 156
 61 157
 50 158
 35 159
 46 160
 45 161
 34 162
 40 163
 36 164
 32 165
 37 166
 18 167
 25 168
 16 169
 19 170
 17 171
 17 172
 22 173
 21 174
 6 175
 17 176
 12 177
 9 178
 13 179
 7 180
 8 181
 12 182
 4 183
 3 184
 6 185
 8 186
 11 187
 9 188
 10 189
 5 190
 5 191
 0 192
 5 193
 2 194
 6 195
 8 196
 1 197
 2 198
 3 199
 0 200
 1 201
 3 202
 3 203
 2 204
 1 205
 2 206
 1 207
 1 208
 1 209
 1 210
 0 211
 0 212
 0 213
 1 214
 1 215
 2 216
 0 217
 0 218
 1 219
 0 220
 0 221
 2 222
 1 223
 0 224
 0 225
 0 226
 0 227
 0 228
 0 229
 1 230
 0 231
 1 232
 0 233
 0 234
 0 235
 0 236
 0 237
 0 238
 0 239
 0 240
 0 241
 0 242
 0 243
 1 244
 0 245
 0 246
 0 247
 0 248
 0 249
 0 250
 0 251
 0 252
 0 253
 0 254
 0 255
 0 256
 0 257
 0 258
 1 259
 0 260
 0 261
 0 262
 0 263
 0 264
 0 265
 0 266
 0 267
 0 268
 0 269
 0 270
 0 271
 0 272
 0 273
 0 274
 0 275
 0 276
 0 277
 0 278
 0 279
 1 280
 0 281
 0 282
 0 283
 0 284
 0 285
 0 286
 1 287
 2 288
 1 289
 0 290
 0 291
 0 292
 0 293
 1 294
 1 295
 0 296
 0 297
 1 298
 2 299
 1 300
 2 301
 1 302
 3 303
 0 304
 3 305
 2 306
 4 307
 1 308
 1 309
 3 310
 0 311
 0 312
 1 313
 2 314
 4 315
 6 316
 2 317
 3 318
 3 319
 2 320
 4 321
 2 322
 4 323
 2 324
 2 325
 2 326
 3 327
 4 328
 4 329
 7 330
 1 331
 2 332
 2 333
 1 334
 3 335
 3 336
 1 337
 2 338
 3 339
 3 340
 0 341
 2 342
 3 343
 4 344
 3 345
 1 346
 3 347
 2 348
 5 349
 2 350
 2 351
 1 352
 1 353
 0 354
 1 355
 3 356
 3 357
 1 358
 3 359
 3 360
 1 361
 2 362
 3 363
 0 364
 5 365
 3 366
 0 367
 1 368
 0 369
 1 370
 0 371
 0 372
 1 373
 1 374
 1 375
 1 376
 2 377
 0 378
 0 379
 0 380
 1 381
 3 382
 1 383
 0 384
 0 385
 0 386
 1 387
 1 388
 0 389
 0 390
 2 391
 0 392
 2 393
 0 394
 1 395
 1 396
 0 397
 1 398
 0 399
 0 400
 1 401
 0 402
 0 403
 1 404
 1 405
 0 406
 0 407
 0 408
 0 409
 0 410
 0 411
 0 412
 1 413
 0 414
 0 415
 0 416
 0 417
 0 418
 0 419
 0 420
 0 421
 0 422
 0 423
 0 424
 0 425
 0 426
 0 427
 0 428
 0 429
 0 430
 0 431
 0 432
 0 433
 0 434
 0 435
 0 436
 0 437
 0 438
 0 439
 0 440
 0 441
 0 442
 0 443
 0 444
 0 445
 0 446
 0 447
 0 448
 0 449
 0 450
 0 451
 0 452
 0 453
 0 454
 0 455
 0 456
 0 457
 0 458
 0 459
 0 460
 0 461
 0 462
 0 463
 0 464
 0 465
 0 466
 0 467
 0 468
 0 469
 0 470
 0 471
 0 472
 0 473
 0 474
 0 475
 0 476
 0 477
 0 478
 0 479
 0 480
 0 481
 0 482
 0 483
 0 484
 0 485
 0 486
 0 487
 0 488
 0 489
 0 490
 0 491
 0 492
 0 493
 0 494
 0 495
 0 496
 0 497
 0 498
 0 499
 0 500
 0 501
 0 502
 0 503
 0 504
 0 505
 0 506
 0 507
 0 508
 0 509
 0 510
 0 511
 0 512
 0 513
 0 514
 0 515
 0 516
 0 517
 0 518
 0 519
 0 520
 0 521
 0 522
 0 523
 0 524
 0 525
 0 526
 0 527
 0 528
 0 529
 0 530
 0 531
 0 532
 0 533
 0 534
 0 535
 0 536
 0 537
 0 538
 0 539
 0 540
 0 541
 0 542
 0 543
 0 544
 0 545
 0 546
 0 547
 0 548
 0 549
 0 550
 0 551
 0 552
 0 553
 0 554
 0 555
 0 556
 0 557
 0 558
 0 559
 0 560
 0 561
 0 562
 0 563
 0 564
 0 565
 0 566
 0 567
 0 568
 0 569
 0 570
 0 571
 0 572
 0 573
 0 574
 0 575
 0 576
 0 577
 0 578
 0 579
 0 580
 0 581
 0 582
 0 583
 0 584
 0 585
 0 586
 0 587
 0 588
 0 589
 0 590
 0 591
 0 592
 0 593
 0 594
 0 595
 0 596
 0 597
 0 598
 0 599
 0 600


