# Created by Octave 3.8.2, Sat Jun 20 05:14:36 2020 CEST <damian@fptrucha.inv.usc.es>
# name: hd
# type: matrix
# rows: 551
# columns: 2
 0 50
 0 51
 0 52
 0 53
 0 54
 0 55
 0 56
 0 57
 0 58
 0 59
 0 60
 0 61
 0 62
 0 63
 0 64
 0 65
 0 66
 0 67
 0 68
 0 69
 0 70
 0 71
 0 72
 0 73
 0 74
 0 75
 0 76
 0 77
 0 78
 0 79
 0 80
 0 81
 0 82
 0 83
 0 84
 0 85
 0 86
 0 87
 3 88
 2 89
 2 90
 25 91
 90 92
 151 93
 177 94
 298 95
 440 96
 599 97
 799 98
 944 99
 1125 100
 1256 101
 1269 102
 1299 103
 1389 104
 1418 105
 1566 106
 1438 107
 1457 108
 1373 109
 1439 110
 1280 111
 1276 112
 1182 113
 1217 114
 1161 115
 1009 116
 939 117
 919 118
 816 119
 779 120
 708 121
 627 122
 584 123
 540 124
 517 125
 469 126
 427 127
 422 128
 335 129
 333 130
 294 131
 271 132
 253 133
 232 134
 235 135
 205 136
 172 137
 185 138
 171 139
 151 140
 136 141
 136 142
 125 143
 95 144
 122 145
 97 146
 85 147
 74 148
 97 149
 90 150
 78 151
 72 152
 53 153
 54 154
 57 155
 43 156
 56 157
 43 158
 38 159
 42 160
 40 161
 37 162
 25 163
 30 164
 36 165
 25 166
 26 167
 22 168
 25 169
 28 170
 17 171
 14 172
 22 173
 15 174
 17 175
 16 176
 14 177
 10 178
 16 179
 14 180
 6 181
 12 182
 6 183
 7 184
 10 185
 6 186
 3 187
 9 188
 2 189
 2 190
 5 191
 6 192
 6 193
 3 194
 3 195
 5 196
 5 197
 2 198
 5 199
 4 200
 3 201
 2 202
 0 203
 2 204
 0 205
 2 206
 1 207
 2 208
 1 209
 0 210
 0 211
 1 212
 1 213
 1 214
 3 215
 0 216
 0 217
 0 218
 0 219
 0 220
 0 221
 0 222
 1 223
 0 224
 0 225
 1 226
 0 227
 0 228
 1 229
 0 230
 0 231
 0 232
 0 233
 0 234
 1 235
 0 236
 0 237
 1 238
 0 239
 1 240
 0 241
 0 242
 0 243
 0 244
 0 245
 0 246
 0 247
 0 248
 0 249
 0 250
 0 251
 0 252
 0 253
 0 254
 0 255
 0 256
 0 257
 0 258
 0 259
 0 260
 0 261
 0 262
 0 263
 0 264
 0 265
 0 266
 0 267
 0 268
 0 269
 0 270
 0 271
 0 272
 0 273
 0 274
 1 275
 0 276
 0 277
 0 278
 0 279
 0 280
 0 281
 1 282
 0 283
 0 284
 1 285
 0 286
 0 287
 1 288
 2 289
 0 290
 1 291
 0 292
 0 293
 0 294
 1 295
 0 296
 0 297
 0 298
 0 299
 0 300
 2 301
 2 302
 0 303
 2 304
 1 305
 0 306
 0 307
 0 308
 1 309
 3 310
 0 311
 1 312
 2 313
 2 314
 1 315
 1 316
 1 317
 2 318
 2 319
 2 320
 1 321
 0 322
 4 323
 4 324
 6 325
 2 326
 1 327
 0 328
 2 329
 5 330
 2 331
 1 332
 3 333
 3 334
 3 335
 3 336
 6 337
 1 338
 6 339
 1 340
 1 341
 0 342
 3 343
 5 344
 0 345
 4 346
 1 347
 0 348
 0 349
 2 350
 0 351
 7 352
 3 353
 2 354
 1 355
 5 356
 0 357
 2 358
 2 359
 5 360
 2 361
 1 362
 0 363
 2 364
 0 365
 0 366
 2 367
 1 368
 2 369
 0 370
 0 371
 2 372
 0 373
 0 374
 2 375
 2 376
 3 377
 2 378
 0 379
 1 380
 0 381
 0 382
 0 383
 0 384
 0 385
 1 386
 1 387
 0 388
 0 389
 0 390
 1 391
 1 392
 1 393
 0 394
 0 395
 0 396
 1 397
 0 398
 0 399
 0 400
 0 401
 0 402
 1 403
 0 404
 0 405
 0 406
 0 407
 0 408
 1 409
 0 410
 0 411
 0 412
 0 413
 0 414
 0 415
 0 416
 0 417
 0 418
 0 419
 0 420
 0 421
 0 422
 0 423
 0 424
 0 425
 0 426
 0 427
 0 428
 1 429
 0 430
 0 431
 0 432
 0 433
 0 434
 0 435
 0 436
 0 437
 0 438
 0 439
 0 440
 0 441
 0 442
 0 443
 0 444
 1 445
 0 446
 0 447
 0 448
 0 449
 0 450
 0 451
 0 452
 0 453
 0 454
 0 455
 0 456
 0 457
 0 458
 0 459
 0 460
 0 461
 0 462
 0 463
 0 464
 0 465
 0 466
 0 467
 0 468
 0 469
 0 470
 0 471
 0 472
 0 473
 0 474
 0 475
 0 476
 0 477
 0 478
 0 479
 0 480
 0 481
 0 482
 0 483
 0 484
 0 485
 0 486
 0 487
 0 488
 0 489
 0 490
 0 491
 0 492
 0 493
 0 494
 0 495
 0 496
 0 497
 0 498
 0 499
 0 500
 0 501
 0 502
 0 503
 0 504
 0 505
 0 506
 0 507
 0 508
 0 509
 0 510
 0 511
 0 512
 0 513
 0 514
 0 515
 0 516
 0 517
 0 518
 0 519
 0 520
 0 521
 0 522
 0 523
 0 524
 0 525
 0 526
 0 527
 0 528
 0 529
 0 530
 0 531
 0 532
 0 533
 0 534
 0 535
 0 536
 0 537
 0 538
 0 539
 0 540
 0 541
 0 542
 0 543
 0 544
 0 545
 0 546
 0 547
 0 548
 0 549
 0 550
 0 551
 0 552
 0 553
 0 554
 0 555
 0 556
 0 557
 0 558
 0 559
 0 560
 0 561
 0 562
 0 563
 0 564
 0 565
 0 566
 0 567
 0 568
 0 569
 0 570
 0 571
 0 572
 0 573
 0 574
 0 575
 0 576
 0 577
 0 578
 0 579
 0 580
 0 581
 0 582
 0 583
 0 584
 0 585
 0 586
 0 587
 0 588
 0 589
 0 590
 0 591
 0 592
 0 593
 0 594
 0 595
 0 596
 0 597
 0 598
 0 599
 0 600


