# Created by Octave 3.8.2, Sat Jun 20 16:06:42 2020 CEST <damian@fptrucha.inv.usc.es>
# name: hd
# type: matrix
# rows: 551
# columns: 2
 0 50
 0 51
 0 52
 0 53
 0 54
 0 55
 0 56
 0 57
 0 58
 0 59
 0 60
 0 61
 0 62
 0 63
 0 64
 0 65
 0 66
 0 67
 0 68
 0 69
 0 70
 0 71
 0 72
 0 73
 0 74
 0 75
 0 76
 0 77
 0 78
 0 79
 0 80
 0 81
 0 82
 0 83
 0 84
 0 85
 0 86
 0 87
 1 88
 1 89
 6 90
 33 91
 101 92
 128 93
 173 94
 264 95
 374 96
 580 97
 718 98
 900 99
 1104 100
 1158 101
 1233 102
 1225 103
 1333 104
 1413 105
 1351 106
 1351 107
 1330 108
 1307 109
 1279 110
 1268 111
 1190 112
 1146 113
 1059 114
 1012 115
 964 116
 903 117
 838 118
 765 119
 721 120
 675 121
 637 122
 602 123
 467 124
 473 125
 406 126
 437 127
 388 128
 329 129
 319 130
 295 131
 268 132
 235 133
 228 134
 209 135
 177 136
 159 137
 156 138
 145 139
 157 140
 135 141
 127 142
 108 143
 117 144
 81 145
 96 146
 83 147
 74 148
 71 149
 63 150
 64 151
 58 152
 63 153
 65 154
 57 155
 47 156
 46 157
 53 158
 42 159
 38 160
 30 161
 41 162
 32 163
 30 164
 26 165
 19 166
 24 167
 19 168
 21 169
 15 170
 27 171
 19 172
 15 173
 11 174
 11 175
 6 176
 11 177
 11 178
 11 179
 11 180
 8 181
 8 182
 3 183
 10 184
 10 185
 8 186
 6 187
 9 188
 2 189
 4 190
 5 191
 1 192
 1 193
 6 194
 1 195
 8 196
 3 197
 0 198
 2 199
 3 200
 1 201
 0 202
 0 203
 0 204
 0 205
 3 206
 2 207
 1 208
 0 209
 3 210
 0 211
 0 212
 1 213
 0 214
 0 215
 1 216
 1 217
 0 218
 1 219
 0 220
 1 221
 0 222
 0 223
 0 224
 0 225
 0 226
 0 227
 0 228
 0 229
 0 230
 0 231
 0 232
 1 233
 0 234
 0 235
 0 236
 0 237
 0 238
 0 239
 0 240
 0 241
 0 242
 0 243
 0 244
 0 245
 0 246
 0 247
 0 248
 0 249
 0 250
 0 251
 0 252
 0 253
 0 254
 0 255
 0 256
 0 257
 0 258
 0 259
 0 260
 0 261
 0 262
 0 263
 0 264
 0 265
 0 266
 0 267
 0 268
 0 269
 0 270
 0 271
 0 272
 0 273
 0 274
 0 275
 0 276
 1 277
 0 278
 0 279
 0 280
 0 281
 1 282
 0 283
 0 284
 0 285
 0 286
 0 287
 0 288
 2 289
 0 290
 0 291
 0 292
 1 293
 2 294
 0 295
 0 296
 0 297
 3 298
 0 299
 1 300
 1 301
 1 302
 0 303
 0 304
 0 305
 0 306
 1 307
 3 308
 3 309
 1 310
 2 311
 2 312
 4 313
 0 314
 1 315
 1 316
 0 317
 3 318
 1 319
 1 320
 1 321
 0 322
 0 323
 2 324
 2 325
 2 326
 1 327
 3 328
 2 329
 4 330
 5 331
 2 332
 3 333
 2 334
 2 335
 1 336
 4 337
 0 338
 1 339
 4 340
 1 341
 0 342
 2 343
 0 344
 2 345
 1 346
 0 347
 2 348
 2 349
 2 350
 2 351
 3 352
 3 353
 1 354
 3 355
 4 356
 3 357
 1 358
 2 359
 2 360
 0 361
 1 362
 4 363
 3 364
 0 365
 0 366
 0 367
 3 368
 0 369
 0 370
 3 371
 0 372
 0 373
 0 374
 1 375
 0 376
 0 377
 2 378
 1 379
 0 380
 1 381
 1 382
 1 383
 1 384
 0 385
 1 386
 0 387
 0 388
 0 389
 0 390
 0 391
 0 392
 0 393
 0 394
 0 395
 0 396
 0 397
 0 398
 0 399
 0 400
 0 401
 0 402
 1 403
 1 404
 1 405
 1 406
 0 407
 0 408
 0 409
 1 410
 0 411
 0 412
 0 413
 0 414
 0 415
 0 416
 0 417
 0 418
 0 419
 0 420
 0 421
 0 422
 0 423
 0 424
 0 425
 0 426
 0 427
 0 428
 0 429
 0 430
 0 431
 0 432
 0 433
 0 434
 0 435
 0 436
 0 437
 0 438
 0 439
 0 440
 0 441
 0 442
 0 443
 0 444
 0 445
 0 446
 0 447
 0 448
 0 449
 0 450
 0 451
 0 452
 0 453
 0 454
 0 455
 0 456
 0 457
 0 458
 0 459
 0 460
 0 461
 0 462
 0 463
 0 464
 0 465
 0 466
 0 467
 0 468
 0 469
 0 470
 0 471
 0 472
 0 473
 0 474
 0 475
 0 476
 0 477
 0 478
 0 479
 0 480
 0 481
 0 482
 0 483
 0 484
 0 485
 0 486
 0 487
 0 488
 0 489
 0 490
 0 491
 0 492
 0 493
 0 494
 0 495
 0 496
 0 497
 0 498
 0 499
 0 500
 0 501
 0 502
 0 503
 0 504
 0 505
 0 506
 0 507
 0 508
 0 509
 0 510
 0 511
 0 512
 0 513
 0 514
 0 515
 0 516
 0 517
 0 518
 0 519
 0 520
 0 521
 0 522
 0 523
 0 524
 0 525
 0 526
 0 527
 0 528
 0 529
 0 530
 0 531
 0 532
 0 533
 0 534
 0 535
 0 536
 0 537
 0 538
 0 539
 0 540
 0 541
 0 542
 0 543
 0 544
 0 545
 0 546
 0 547
 0 548
 0 549
 0 550
 0 551
 0 552
 0 553
 0 554
 0 555
 0 556
 0 557
 0 558
 0 559
 0 560
 0 561
 0 562
 0 563
 0 564
 0 565
 0 566
 0 567
 0 568
 0 569
 0 570
 0 571
 0 572
 0 573
 0 574
 0 575
 0 576
 0 577
 0 578
 0 579
 0 580
 0 581
 0 582
 0 583
 0 584
 0 585
 0 586
 0 587
 0 588
 0 589
 0 590
 0 591
 0 592
 0 593
 0 594
 0 595
 0 596
 0 597
 0 598
 0 599
 0 600


