# Created by Octave 3.8.2, Sat Jun 20 03:12:43 2020 CEST <damian@fptrucha.inv.usc.es>
# name: hd
# type: matrix
# rows: 551
# columns: 2
 0 50
 0 51
 0 52
 0 53
 0 54
 0 55
 0 56
 0 57
 0 58
 0 59
 0 60
 0 61
 0 62
 0 63
 0 64
 0 65
 0 66
 0 67
 0 68
 0 69
 0 70
 0 71
 0 72
 0 73
 0 74
 0 75
 0 76
 0 77
 0 78
 0 79
 0 80
 0 81
 0 82
 0 83
 0 84
 0 85
 0 86
 1 87
 1 88
 2 89
 5 90
 27 91
 91 92
 111 93
 176 94
 289 95
 462 96
 600 97
 745 98
 963 99
 1064 100
 1168 101
 1230 102
 1317 103
 1335 104
 1428 105
 1411 106
 1437 107
 1382 108
 1412 109
 1356 110
 1270 111
 1251 112
 1285 113
 1165 114
 1101 115
 994 116
 947 117
 922 118
 791 119
 800 120
 728 121
 654 122
 580 123
 553 124
 557 125
 477 126
 445 127
 419 128
 386 129
 332 130
 307 131
 320 132
 277 133
 252 134
 206 135
 199 136
 178 137
 197 138
 168 139
 164 140
 149 141
 148 142
 120 143
 120 144
 110 145
 99 146
 106 147
 92 148
 92 149
 79 150
 60 151
 74 152
 65 153
 67 154
 83 155
 61 156
 58 157
 46 158
 52 159
 42 160
 57 161
 40 162
 34 163
 37 164
 32 165
 21 166
 37 167
 23 168
 21 169
 20 170
 20 171
 20 172
 13 173
 16 174
 19 175
 12 176
 16 177
 19 178
 12 179
 12 180
 9 181
 11 182
 10 183
 10 184
 12 185
 7 186
 6 187
 7 188
 5 189
 5 190
 8 191
 5 192
 6 193
 4 194
 5 195
 3 196
 5 197
 1 198
 2 199
 0 200
 4 201
 3 202
 2 203
 1 204
 2 205
 1 206
 1 207
 0 208
 1 209
 0 210
 0 211
 1 212
 0 213
 0 214
 1 215
 0 216
 1 217
 0 218
 2 219
 0 220
 0 221
 1 222
 0 223
 0 224
 1 225
 0 226
 1 227
 0 228
 1 229
 2 230
 1 231
 0 232
 0 233
 0 234
 0 235
 0 236
 0 237
 0 238
 0 239
 0 240
 1 241
 0 242
 1 243
 0 244
 0 245
 0 246
 0 247
 0 248
 0 249
 0 250
 0 251
 0 252
 0 253
 0 254
 0 255
 0 256
 0 257
 0 258
 0 259
 0 260
 0 261
 0 262
 0 263
 0 264
 0 265
 0 266
 0 267
 0 268
 0 269
 0 270
 0 271
 0 272
 0 273
 0 274
 0 275
 2 276
 0 277
 0 278
 0 279
 0 280
 0 281
 0 282
 0 283
 0 284
 0 285
 0 286
 1 287
 0 288
 1 289
 0 290
 1 291
 0 292
 1 293
 1 294
 0 295
 3 296
 1 297
 2 298
 0 299
 1 300
 1 301
 2 302
 1 303
 2 304
 1 305
 3 306
 3 307
 2 308
 2 309
 2 310
 1 311
 0 312
 2 313
 2 314
 4 315
 3 316
 3 317
 3 318
 2 319
 2 320
 0 321
 3 322
 3 323
 6 324
 1 325
 3 326
 0 327
 4 328
 3 329
 5 330
 4 331
 1 332
 1 333
 2 334
 3 335
 6 336
 4 337
 4 338
 1 339
 1 340
 3 341
 4 342
 1 343
 2 344
 1 345
 3 346
 2 347
 4 348
 2 349
 4 350
 1 351
 3 352
 2 353
 4 354
 3 355
 3 356
 2 357
 4 358
 2 359
 1 360
 4 361
 0 362
 1 363
 2 364
 0 365
 1 366
 1 367
 0 368
 1 369
 4 370
 2 371
 0 372
 0 373
 0 374
 0 375
 2 376
 1 377
 1 378
 0 379
 0 380
 0 381
 4 382
 0 383
 0 384
 1 385
 2 386
 0 387
 0 388
 1 389
 0 390
 0 391
 0 392
 1 393
 0 394
 0 395
 1 396
 0 397
 0 398
 0 399
 0 400
 0 401
 0 402
 0 403
 1 404
 0 405
 0 406
 0 407
 0 408
 0 409
 0 410
 0 411
 0 412
 0 413
 0 414
 0 415
 0 416
 0 417
 0 418
 0 419
 0 420
 0 421
 0 422
 0 423
 0 424
 0 425
 1 426
 0 427
 0 428
 0 429
 0 430
 0 431
 0 432
 0 433
 0 434
 0 435
 0 436
 0 437
 0 438
 0 439
 0 440
 0 441
 0 442
 0 443
 0 444
 0 445
 0 446
 0 447
 0 448
 0 449
 0 450
 0 451
 0 452
 0 453
 0 454
 0 455
 0 456
 0 457
 0 458
 0 459
 0 460
 0 461
 0 462
 0 463
 0 464
 0 465
 0 466
 0 467
 0 468
 0 469
 0 470
 0 471
 0 472
 0 473
 0 474
 0 475
 0 476
 0 477
 0 478
 0 479
 0 480
 0 481
 0 482
 0 483
 0 484
 0 485
 0 486
 0 487
 0 488
 0 489
 0 490
 0 491
 0 492
 0 493
 0 494
 0 495
 0 496
 0 497
 0 498
 0 499
 0 500
 0 501
 0 502
 0 503
 0 504
 0 505
 0 506
 0 507
 0 508
 0 509
 0 510
 0 511
 0 512
 0 513
 0 514
 0 515
 0 516
 0 517
 0 518
 0 519
 0 520
 0 521
 0 522
 0 523
 0 524
 0 525
 0 526
 0 527
 0 528
 0 529
 0 530
 0 531
 0 532
 0 533
 0 534
 0 535
 0 536
 0 537
 0 538
 0 539
 0 540
 0 541
 0 542
 0 543
 0 544
 0 545
 0 546
 0 547
 0 548
 0 549
 0 550
 0 551
 0 552
 0 553
 0 554
 0 555
 0 556
 0 557
 0 558
 0 559
 0 560
 0 561
 0 562
 0 563
 0 564
 0 565
 0 566
 0 567
 0 568
 0 569
 0 570
 0 571
 0 572
 0 573
 0 574
 0 575
 0 576
 0 577
 0 578
 0 579
 0 580
 0 581
 0 582
 0 583
 0 584
 0 585
 0 586
 0 587
 0 588
 0 589
 0 590
 0 591
 0 592
 0 593
 0 594
 0 595
 0 596
 0 597
 0 598
 0 599
 0 600


