# Created by Octave 3.8.2, Mon Jun 22 04:45:23 2020 CEST <damian@fptrucha.inv.usc.es>
# name: hd
# type: matrix
# rows: 551
# columns: 2
 0 50
 0 51
 0 52
 0 53
 0 54
 0 55
 0 56
 0 57
 0 58
 0 59
 0 60
 0 61
 0 62
 0 63
 0 64
 0 65
 0 66
 0 67
 0 68
 0 69
 0 70
 0 71
 0 72
 0 73
 0 74
 0 75
 0 76
 0 77
 0 78
 0 79
 0 80
 0 81
 0 82
 0 83
 0 84
 0 85
 0 86
 0 87
 0 88
 3 89
 6 90
 16 91
 69 92
 116 93
 184 94
 228 95
 394 96
 515 97
 749 98
 902 99
 1034 100
 1162 101
 1233 102
 1368 103
 1378 104
 1405 105
 1272 106
 1375 107
 1284 108
 1211 109
 1208 110
 1116 111
 1045 112
 939 113
 880 114
 819 115
 762 116
 714 117
 657 118
 612 119
 570 120
 480 121
 460 122
 411 123
 380 124
 390 125
 310 126
 287 127
 269 128
 242 129
 212 130
 213 131
 217 132
 200 133
 147 134
 169 135
 133 136
 127 137
 110 138
 127 139
 109 140
 110 141
 79 142
 99 143
 86 144
 74 145
 98 146
 69 147
 61 148
 64 149
 55 150
 70 151
 56 152
 45 153
 45 154
 53 155
 58 156
 40 157
 41 158
 44 159
 33 160
 36 161
 22 162
 24 163
 27 164
 25 165
 25 166
 21 167
 23 168
 24 169
 17 170
 17 171
 19 172
 18 173
 9 174
 14 175
 12 176
 18 177
 13 178
 14 179
 8 180
 11 181
 8 182
 10 183
 5 184
 8 185
 7 186
 9 187
 6 188
 6 189
 5 190
 4 191
 5 192
 4 193
 4 194
 1 195
 3 196
 6 197
 1 198
 1 199
 3 200
 1 201
 5 202
 2 203
 4 204
 1 205
 0 206
 0 207
 1 208
 4 209
 1 210
 2 211
 2 212
 0 213
 0 214
 1 215
 0 216
 0 217
 1 218
 1 219
 0 220
 0 221
 2 222
 1 223
 0 224
 0 225
 0 226
 0 227
 0 228
 0 229
 1 230
 0 231
 1 232
 0 233
 0 234
 0 235
 0 236
 0 237
 0 238
 1 239
 0 240
 0 241
 0 242
 0 243
 0 244
 1 245
 0 246
 0 247
 0 248
 0 249
 0 250
 0 251
 0 252
 0 253
 0 254
 1 255
 0 256
 0 257
 0 258
 0 259
 0 260
 0 261
 0 262
 0 263
 0 264
 0 265
 0 266
 0 267
 0 268
 0 269
 0 270
 0 271
 0 272
 0 273
 0 274
 0 275
 0 276
 0 277
 0 278
 1 279
 0 280
 1 281
 2 282
 0 283
 0 284
 1 285
 0 286
 2 287
 0 288
 1 289
 1 290
 2 291
 0 292
 1 293
 0 294
 1 295
 3 296
 0 297
 0 298
 1 299
 1 300
 2 301
 1 302
 1 303
 1 304
 0 305
 1 306
 0 307
 0 308
 2 309
 4 310
 5 311
 4 312
 3 313
 2 314
 2 315
 0 316
 2 317
 4 318
 1 319
 1 320
 1 321
 3 322
 2 323
 2 324
 5 325
 1 326
 3 327
 5 328
 0 329
 5 330
 3 331
 2 332
 1 333
 0 334
 3 335
 2 336
 3 337
 1 338
 1 339
 2 340
 1 341
 2 342
 4 343
 5 344
 7 345
 1 346
 0 347
 3 348
 1 349
 2 350
 0 351
 0 352
 1 353
 3 354
 1 355
 0 356
 0 357
 2 358
 1 359
 3 360
 2 361
 3 362
 2 363
 0 364
 0 365
 0 366
 2 367
 1 368
 2 369
 2 370
 0 371
 1 372
 2 373
 1 374
 1 375
 0 376
 0 377
 0 378
 1 379
 0 380
 1 381
 1 382
 1 383
 1 384
 0 385
 1 386
 0 387
 0 388
 0 389
 1 390
 0 391
 1 392
 0 393
 0 394
 0 395
 0 396
 1 397
 0 398
 1 399
 0 400
 0 401
 0 402
 1 403
 1 404
 0 405
 0 406
 0 407
 0 408
 0 409
 0 410
 0 411
 0 412
 0 413
 0 414
 0 415
 0 416
 0 417
 0 418
 1 419
 0 420
 0 421
 0 422
 0 423
 0 424
 0 425
 0 426
 0 427
 0 428
 0 429
 0 430
 0 431
 0 432
 0 433
 0 434
 0 435
 0 436
 0 437
 0 438
 0 439
 0 440
 0 441
 0 442
 0 443
 0 444
 0 445
 0 446
 0 447
 0 448
 0 449
 0 450
 0 451
 0 452
 0 453
 0 454
 0 455
 0 456
 0 457
 0 458
 0 459
 0 460
 0 461
 0 462
 0 463
 0 464
 0 465
 0 466
 0 467
 0 468
 0 469
 0 470
 0 471
 0 472
 0 473
 0 474
 0 475
 0 476
 0 477
 0 478
 0 479
 0 480
 0 481
 0 482
 0 483
 0 484
 0 485
 0 486
 0 487
 0 488
 0 489
 0 490
 0 491
 0 492
 0 493
 0 494
 0 495
 0 496
 0 497
 0 498
 0 499
 0 500
 0 501
 0 502
 0 503
 0 504
 0 505
 0 506
 0 507
 0 508
 0 509
 0 510
 0 511
 0 512
 0 513
 0 514
 0 515
 0 516
 0 517
 0 518
 0 519
 0 520
 0 521
 0 522
 0 523
 0 524
 0 525
 0 526
 0 527
 0 528
 0 529
 0 530
 0 531
 0 532
 0 533
 0 534
 0 535
 0 536
 0 537
 0 538
 0 539
 0 540
 0 541
 0 542
 0 543
 0 544
 0 545
 0 546
 0 547
 0 548
 0 549
 0 550
 0 551
 0 552
 0 553
 0 554
 0 555
 0 556
 0 557
 0 558
 0 559
 0 560
 0 561
 0 562
 0 563
 0 564
 0 565
 0 566
 0 567
 0 568
 0 569
 0 570
 0 571
 0 572
 0 573
 0 574
 0 575
 0 576
 0 577
 0 578
 0 579
 0 580
 0 581
 0 582
 0 583
 0 584
 0 585
 0 586
 0 587
 0 588
 0 589
 0 590
 0 591
 0 592
 0 593
 0 594
 0 595
 0 596
 0 597
 0 598
 0 599
 0 600


