# Created by Octave 3.8.2, Mon Jun 22 02:05:08 2020 CEST <damian@fptrucha.inv.usc.es>
# name: hd
# type: matrix
# rows: 551
# columns: 2
 0 50
 0 51
 0 52
 0 53
 0 54
 0 55
 0 56
 0 57
 0 58
 0 59
 0 60
 0 61
 0 62
 0 63
 0 64
 0 65
 0 66
 0 67
 0 68
 0 69
 0 70
 0 71
 0 72
 0 73
 0 74
 0 75
 0 76
 0 77
 0 78
 0 79
 0 80
 0 81
 0 82
 0 83
 0 84
 0 85
 0 86
 0 87
 0 88
 2 89
 2 90
 8 91
 38 92
 118 93
 161 94
 226 95
 338 96
 493 97
 670 98
 889 99
 1124 100
 1200 101
 1275 102
 1355 103
 1395 104
 1449 105
 1448 106
 1457 107
 1321 108
 1399 109
 1273 110
 1238 111
 1189 112
 1132 113
 1064 114
 1010 115
 947 116
 818 117
 804 118
 681 119
 640 120
 573 121
 561 122
 489 123
 446 124
 442 125
 387 126
 334 127
 311 128
 289 129
 271 130
 242 131
 230 132
 225 133
 196 134
 176 135
 175 136
 159 137
 144 138
 117 139
 144 140
 112 141
 108 142
 97 143
 75 144
 93 145
 83 146
 78 147
 91 148
 73 149
 73 150
 61 151
 59 152
 68 153
 44 154
 56 155
 43 156
 53 157
 48 158
 38 159
 39 160
 28 161
 34 162
 34 163
 28 164
 22 165
 20 166
 28 167
 25 168
 22 169
 20 170
 17 171
 11 172
 13 173
 15 174
 9 175
 17 176
 12 177
 13 178
 9 179
 6 180
 9 181
 2 182
 6 183
 11 184
 6 185
 4 186
 6 187
 10 188
 2 189
 6 190
 3 191
 4 192
 5 193
 1 194
 3 195
 4 196
 3 197
 4 198
 1 199
 3 200
 2 201
 5 202
 0 203
 2 204
 5 205
 0 206
 2 207
 2 208
 1 209
 0 210
 0 211
 0 212
 0 213
 0 214
 0 215
 5 216
 1 217
 0 218
 0 219
 0 220
 0 221
 0 222
 0 223
 1 224
 0 225
 1 226
 0 227
 0 228
 0 229
 1 230
 0 231
 1 232
 0 233
 0 234
 0 235
 0 236
 0 237
 0 238
 0 239
 0 240
 0 241
 0 242
 0 243
 0 244
 0 245
 0 246
 0 247
 0 248
 0 249
 0 250
 0 251
 0 252
 0 253
 0 254
 0 255
 0 256
 0 257
 0 258
 0 259
 0 260
 0 261
 0 262
 0 263
 0 264
 0 265
 0 266
 0 267
 0 268
 0 269
 0 270
 0 271
 0 272
 0 273
 0 274
 0 275
 0 276
 0 277
 0 278
 0 279
 0 280
 0 281
 0 282
 0 283
 0 284
 0 285
 0 286
 0 287
 0 288
 1 289
 2 290
 0 291
 0 292
 0 293
 0 294
 0 295
 2 296
 0 297
 0 298
 2 299
 0 300
 2 301
 3 302
 2 303
 4 304
 3 305
 1 306
 2 307
 2 308
 0 309
 0 310
 0 311
 3 312
 4 313
 1 314
 1 315
 4 316
 1 317
 2 318
 3 319
 4 320
 2 321
 1 322
 0 323
 2 324
 2 325
 4 326
 3 327
 4 328
 2 329
 1 330
 2 331
 1 332
 1 333
 1 334
 2 335
 3 336
 3 337
 2 338
 1 339
 3 340
 5 341
 2 342
 2 343
 1 344
 0 345
 1 346
 2 347
 3 348
 3 349
 2 350
 2 351
 2 352
 1 353
 0 354
 1 355
 2 356
 2 357
 2 358
 0 359
 2 360
 4 361
 2 362
 1 363
 2 364
 0 365
 2 366
 2 367
 2 368
 0 369
 1 370
 0 371
 0 372
 0 373
 0 374
 1 375
 1 376
 0 377
 0 378
 1 379
 0 380
 0 381
 0 382
 2 383
 1 384
 0 385
 0 386
 0 387
 2 388
 1 389
 0 390
 0 391
 0 392
 0 393
 2 394
 0 395
 0 396
 1 397
 1 398
 0 399
 0 400
 0 401
 0 402
 0 403
 0 404
 0 405
 0 406
 0 407
 0 408
 0 409
 0 410
 0 411
 0 412
 0 413
 0 414
 0 415
 0 416
 0 417
 0 418
 0 419
 0 420
 0 421
 0 422
 0 423
 0 424
 0 425
 0 426
 0 427
 0 428
 0 429
 0 430
 0 431
 0 432
 0 433
 0 434
 0 435
 0 436
 0 437
 0 438
 0 439
 0 440
 0 441
 0 442
 0 443
 0 444
 0 445
 0 446
 0 447
 0 448
 0 449
 0 450
 0 451
 0 452
 0 453
 0 454
 0 455
 0 456
 0 457
 0 458
 0 459
 0 460
 0 461
 0 462
 0 463
 0 464
 0 465
 0 466
 0 467
 0 468
 0 469
 0 470
 0 471
 0 472
 0 473
 0 474
 0 475
 0 476
 0 477
 0 478
 0 479
 0 480
 0 481
 0 482
 0 483
 0 484
 0 485
 0 486
 0 487
 0 488
 0 489
 0 490
 0 491
 0 492
 0 493
 0 494
 0 495
 0 496
 0 497
 0 498
 0 499
 0 500
 0 501
 0 502
 0 503
 0 504
 0 505
 0 506
 0 507
 0 508
 0 509
 0 510
 0 511
 0 512
 0 513
 0 514
 0 515
 0 516
 0 517
 0 518
 0 519
 0 520
 0 521
 0 522
 0 523
 0 524
 0 525
 0 526
 0 527
 0 528
 0 529
 0 530
 0 531
 0 532
 0 533
 0 534
 0 535
 0 536
 0 537
 0 538
 0 539
 0 540
 0 541
 0 542
 0 543
 0 544
 0 545
 0 546
 0 547
 0 548
 0 549
 0 550
 0 551
 0 552
 0 553
 0 554
 0 555
 0 556
 0 557
 0 558
 0 559
 0 560
 0 561
 0 562
 0 563
 0 564
 0 565
 0 566
 0 567
 0 568
 0 569
 0 570
 0 571
 0 572
 0 573
 0 574
 0 575
 0 576
 0 577
 0 578
 0 579
 0 580
 0 581
 0 582
 0 583
 0 584
 0 585
 0 586
 0 587
 0 588
 0 589
 0 590
 0 591
 0 592
 0 593
 0 594
 0 595
 0 596
 0 597
 0 598
 0 599
 0 600


