# Created by Octave 3.8.2, Mon Jun 22 09:55:22 2020 CEST <damian@fptrucha.inv.usc.es>
# name: hd
# type: matrix
# rows: 551
# columns: 2
 0 50
 0 51
 0 52
 0 53
 0 54
 0 55
 0 56
 0 57
 0 58
 0 59
 0 60
 0 61
 0 62
 0 63
 0 64
 0 65
 0 66
 0 67
 0 68
 0 69
 0 70
 0 71
 0 72
 0 73
 0 74
 0 75
 0 76
 0 77
 0 78
 0 79
 0 80
 0 81
 0 82
 0 83
 0 84
 0 85
 0 86
 0 87
 1 88
 1 89
 4 90
 14 91
 88 92
 109 93
 205 94
 235 95
 419 96
 615 97
 786 98
 1034 99
 1153 100
 1310 101
 1436 102
 1387 103
 1496 104
 1575 105
 1532 106
 1475 107
 1432 108
 1388 109
 1295 110
 1136 111
 1185 112
 1087 113
 1009 114
 910 115
 859 116
 779 117
 758 118
 644 119
 609 120
 527 121
 486 122
 445 123
 423 124
 372 125
 322 126
 298 127
 269 128
 277 129
 253 130
 229 131
 195 132
 197 133
 160 134
 158 135
 126 136
 135 137
 138 138
 110 139
 127 140
 101 141
 93 142
 107 143
 90 144
 66 145
 78 146
 73 147
 63 148
 76 149
 64 150
 69 151
 55 152
 54 153
 53 154
 48 155
 42 156
 46 157
 41 158
 48 159
 34 160
 29 161
 23 162
 45 163
 26 164
 29 165
 27 166
 28 167
 24 168
 19 169
 19 170
 22 171
 13 172
 18 173
 15 174
 15 175
 15 176
 9 177
 11 178
 8 179
 11 180
 10 181
 11 182
 3 183
 8 184
 10 185
 4 186
 8 187
 7 188
 9 189
 7 190
 5 191
 3 192
 7 193
 2 194
 3 195
 6 196
 7 197
 3 198
 2 199
 2 200
 1 201
 3 202
 1 203
 1 204
 2 205
 0 206
 0 207
 1 208
 0 209
 1 210
 1 211
 1 212
 1 213
 1 214
 0 215
 0 216
 1 217
 0 218
 0 219
 0 220
 0 221
 0 222
 0 223
 1 224
 1 225
 0 226
 0 227
 0 228
 0 229
 0 230
 0 231
 0 232
 0 233
 0 234
 0 235
 0 236
 0 237
 0 238
 0 239
 0 240
 0 241
 0 242
 0 243
 0 244
 0 245
 0 246
 0 247
 1 248
 0 249
 0 250
 0 251
 0 252
 0 253
 0 254
 0 255
 0 256
 0 257
 0 258
 0 259
 0 260
 0 261
 0 262
 0 263
 0 264
 0 265
 0 266
 0 267
 0 268
 0 269
 0 270
 0 271
 0 272
 0 273
 0 274
 0 275
 0 276
 1 277
 0 278
 0 279
 0 280
 1 281
 0 282
 0 283
 2 284
 2 285
 0 286
 1 287
 2 288
 0 289
 0 290
 0 291
 1 292
 1 293
 0 294
 3 295
 1 296
 2 297
 2 298
 1 299
 1 300
 2 301
 1 302
 2 303
 3 304
 1 305
 4 306
 8 307
 1 308
 5 309
 4 310
 0 311
 3 312
 4 313
 3 314
 1 315
 3 316
 1 317
 2 318
 3 319
 3 320
 2 321
 3 322
 1 323
 5 324
 0 325
 5 326
 6 327
 3 328
 1 329
 2 330
 2 331
 1 332
 1 333
 5 334
 4 335
 2 336
 2 337
 1 338
 3 339
 2 340
 0 341
 0 342
 2 343
 3 344
 2 345
 3 346
 2 347
 2 348
 1 349
 2 350
 1 351
 0 352
 2 353
 1 354
 2 355
 0 356
 0 357
 0 358
 2 359
 2 360
 0 361
 2 362
 0 363
 2 364
 1 365
 2 366
 0 367
 0 368
 3 369
 1 370
 0 371
 1 372
 0 373
 3 374
 0 375
 0 376
 1 377
 1 378
 0 379
 2 380
 0 381
 0 382
 1 383
 0 384
 1 385
 0 386
 3 387
 0 388
 0 389
 0 390
 1 391
 1 392
 0 393
 0 394
 0 395
 0 396
 0 397
 0 398
 0 399
 1 400
 0 401
 0 402
 0 403
 1 404
 0 405
 0 406
 0 407
 0 408
 0 409
 0 410
 0 411
 0 412
 0 413
 1 414
 0 415
 0 416
 0 417
 0 418
 0 419
 0 420
 0 421
 0 422
 0 423
 0 424
 0 425
 0 426
 0 427
 0 428
 0 429
 0 430
 0 431
 0 432
 0 433
 0 434
 0 435
 0 436
 0 437
 0 438
 0 439
 0 440
 0 441
 0 442
 0 443
 0 444
 0 445
 0 446
 0 447
 0 448
 0 449
 0 450
 0 451
 0 452
 0 453
 0 454
 0 455
 0 456
 0 457
 0 458
 0 459
 0 460
 0 461
 0 462
 0 463
 0 464
 0 465
 0 466
 0 467
 0 468
 0 469
 0 470
 0 471
 0 472
 0 473
 0 474
 0 475
 0 476
 0 477
 0 478
 0 479
 0 480
 0 481
 0 482
 0 483
 0 484
 0 485
 0 486
 0 487
 0 488
 0 489
 0 490
 0 491
 0 492
 0 493
 0 494
 0 495
 0 496
 0 497
 0 498
 0 499
 0 500
 0 501
 0 502
 0 503
 0 504
 0 505
 0 506
 0 507
 0 508
 0 509
 0 510
 0 511
 0 512
 0 513
 0 514
 0 515
 0 516
 0 517
 0 518
 0 519
 0 520
 0 521
 0 522
 0 523
 0 524
 0 525
 0 526
 0 527
 0 528
 0 529
 0 530
 0 531
 0 532
 0 533
 0 534
 0 535
 0 536
 0 537
 0 538
 0 539
 0 540
 0 541
 0 542
 0 543
 0 544
 0 545
 0 546
 0 547
 0 548
 0 549
 0 550
 0 551
 0 552
 0 553
 0 554
 0 555
 0 556
 0 557
 0 558
 0 559
 0 560
 0 561
 0 562
 0 563
 0 564
 0 565
 0 566
 0 567
 0 568
 0 569
 0 570
 0 571
 0 572
 0 573
 0 574
 0 575
 0 576
 0 577
 0 578
 0 579
 0 580
 0 581
 0 582
 0 583
 0 584
 0 585
 0 586
 0 587
 0 588
 0 589
 0 590
 0 591
 0 592
 0 593
 0 594
 0 595
 0 596
 0 597
 0 598
 0 599
 0 600


