# Created by Octave 3.8.2, Sun Jun 21 06:34:13 2020 CEST <damian@fptrucha.inv.usc.es>
# name: hd
# type: matrix
# rows: 551
# columns: 2
 0 50
 0 51
 0 52
 0 53
 0 54
 0 55
 0 56
 0 57
 0 58
 0 59
 0 60
 0 61
 0 62
 0 63
 0 64
 0 65
 0 66
 0 67
 0 68
 0 69
 0 70
 0 71
 0 72
 0 73
 0 74
 0 75
 0 76
 0 77
 0 78
 0 79
 0 80
 0 81
 0 82
 0 83
 0 84
 0 85
 1 86
 1 87
 3 88
 3 89
 6 90
 31 91
 84 92
 124 93
 149 94
 290 95
 413 96
 516 97
 696 98
 846 99
 919 100
 1061 101
 1173 102
 1247 103
 1262 104
 1346 105
 1358 106
 1370 107
 1307 108
 1340 109
 1248 110
 1207 111
 1215 112
 1115 113
 1070 114
 993 115
 983 116
 925 117
 818 118
 794 119
 731 120
 679 121
 652 122
 521 123
 517 124
 522 125
 474 126
 394 127
 402 128
 342 129
 313 130
 303 131
 298 132
 256 133
 194 134
 229 135
 173 136
 144 137
 170 138
 131 139
 154 140
 136 141
 115 142
 109 143
 105 144
 99 145
 93 146
 70 147
 85 148
 75 149
 66 150
 80 151
 66 152
 46 153
 53 154
 51 155
 37 156
 43 157
 48 158
 38 159
 37 160
 35 161
 24 162
 16 163
 30 164
 23 165
 22 166
 29 167
 30 168
 14 169
 11 170
 16 171
 13 172
 13 173
 17 174
 13 175
 10 176
 5 177
 12 178
 17 179
 10 180
 6 181
 7 182
 7 183
 5 184
 8 185
 7 186
 6 187
 3 188
 3 189
 4 190
 5 191
 5 192
 3 193
 3 194
 7 195
 0 196
 0 197
 3 198
 0 199
 1 200
 3 201
 2 202
 1 203
 0 204
 1 205
 1 206
 1 207
 1 208
 1 209
 0 210
 0 211
 0 212
 1 213
 1 214
 0 215
 1 216
 1 217
 0 218
 0 219
 0 220
 1 221
 0 222
 1 223
 0 224
 0 225
 0 226
 0 227
 0 228
 1 229
 0 230
 0 231
 0 232
 0 233
 0 234
 0 235
 0 236
 0 237
 0 238
 0 239
 0 240
 0 241
 0 242
 0 243
 0 244
 0 245
 0 246
 0 247
 0 248
 0 249
 0 250
 0 251
 0 252
 0 253
 0 254
 0 255
 0 256
 0 257
 0 258
 0 259
 0 260
 0 261
 0 262
 0 263
 0 264
 0 265
 0 266
 0 267
 0 268
 0 269
 0 270
 0 271
 0 272
 0 273
 0 274
 0 275
 0 276
 1 277
 0 278
 0 279
 0 280
 0 281
 1 282
 0 283
 1 284
 1 285
 0 286
 1 287
 0 288
 1 289
 1 290
 0 291
 1 292
 0 293
 1 294
 0 295
 2 296
 1 297
 0 298
 1 299
 3 300
 1 301
 2 302
 2 303
 2 304
 0 305
 1 306
 1 307
 1 308
 2 309
 1 310
 3 311
 1 312
 1 313
 1 314
 2 315
 4 316
 2 317
 3 318
 3 319
 2 320
 1 321
 2 322
 1 323
 5 324
 4 325
 2 326
 0 327
 2 328
 1 329
 0 330
 2 331
 2 332
 3 333
 1 334
 2 335
 2 336
 2 337
 0 338
 3 339
 1 340
 7 341
 1 342
 1 343
 4 344
 1 345
 1 346
 0 347
 3 348
 4 349
 1 350
 3 351
 0 352
 0 353
 0 354
 6 355
 3 356
 2 357
 1 358
 1 359
 0 360
 1 361
 0 362
 1 363
 1 364
 1 365
 1 366
 1 367
 0 368
 0 369
 1 370
 1 371
 1 372
 3 373
 1 374
 1 375
 1 376
 3 377
 1 378
 2 379
 0 380
 0 381
 1 382
 4 383
 1 384
 0 385
 2 386
 0 387
 1 388
 0 389
 0 390
 0 391
 0 392
 0 393
 0 394
 0 395
 0 396
 0 397
 1 398
 1 399
 0 400
 0 401
 0 402
 0 403
 0 404
 0 405
 0 406
 0 407
 1 408
 0 409
 0 410
 0 411
 0 412
 0 413
 0 414
 0 415
 1 416
 0 417
 0 418
 0 419
 0 420
 0 421
 0 422
 0 423
 0 424
 0 425
 0 426
 0 427
 0 428
 0 429
 0 430
 0 431
 0 432
 0 433
 0 434
 0 435
 0 436
 0 437
 0 438
 0 439
 0 440
 0 441
 0 442
 0 443
 0 444
 0 445
 0 446
 0 447
 0 448
 0 449
 0 450
 0 451
 0 452
 0 453
 0 454
 0 455
 0 456
 0 457
 0 458
 0 459
 0 460
 0 461
 0 462
 0 463
 0 464
 0 465
 0 466
 0 467
 0 468
 0 469
 0 470
 0 471
 0 472
 0 473
 0 474
 0 475
 0 476
 0 477
 0 478
 0 479
 0 480
 0 481
 0 482
 0 483
 0 484
 0 485
 0 486
 0 487
 0 488
 0 489
 0 490
 0 491
 0 492
 0 493
 0 494
 0 495
 0 496
 0 497
 0 498
 0 499
 0 500
 0 501
 0 502
 0 503
 0 504
 0 505
 0 506
 0 507
 0 508
 0 509
 0 510
 0 511
 0 512
 0 513
 0 514
 0 515
 0 516
 0 517
 0 518
 0 519
 0 520
 0 521
 0 522
 0 523
 0 524
 0 525
 0 526
 0 527
 0 528
 0 529
 0 530
 0 531
 0 532
 0 533
 0 534
 0 535
 0 536
 0 537
 0 538
 0 539
 0 540
 0 541
 0 542
 0 543
 0 544
 0 545
 0 546
 0 547
 0 548
 0 549
 0 550
 0 551
 0 552
 0 553
 0 554
 0 555
 0 556
 0 557
 0 558
 0 559
 0 560
 0 561
 0 562
 0 563
 0 564
 0 565
 0 566
 0 567
 0 568
 0 569
 0 570
 0 571
 0 572
 0 573
 0 574
 0 575
 0 576
 0 577
 0 578
 0 579
 0 580
 0 581
 0 582
 0 583
 0 584
 0 585
 0 586
 0 587
 0 588
 0 589
 0 590
 0 591
 0 592
 0 593
 0 594
 0 595
 0 596
 0 597
 0 598
 0 599
 0 600


