# Created by Octave 3.8.2, Mon Jun 22 22:53:06 2020 CEST <damian@fptrucha.inv.usc.es>
# name: hd
# type: matrix
# rows: 551
# columns: 2
 0 50
 0 51
 0 52
 0 53
 0 54
 0 55
 0 56
 0 57
 0 58
 0 59
 0 60
 0 61
 0 62
 0 63
 0 64
 0 65
 0 66
 0 67
 0 68
 0 69
 0 70
 0 71
 0 72
 0 73
 0 74
 0 75
 0 76
 0 77
 0 78
 0 79
 0 80
 0 81
 0 82
 0 83
 0 84
 0 85
 0 86
 0 87
 1 88
 1 89
 3 90
 40 91
 111 92
 135 93
 205 94
 324 95
 531 96
 783 97
 994 98
 1156 99
 1463 100
 1540 101
 1604 102
 1555 103
 1677 104
 1755 105
 1656 106
 1578 107
 1486 108
 1458 109
 1427 110
 1376 111
 1239 112
 1117 113
 1030 114
 984 115
 838 116
 832 117
 686 118
 676 119
 610 120
 513 121
 503 122
 464 123
 415 124
 417 125
 378 126
 306 127
 264 128
 253 129
 253 130
 214 131
 207 132
 194 133
 180 134
 150 135
 141 136
 144 137
 117 138
 118 139
 104 140
 94 141
 116 142
 110 143
 91 144
 89 145
 85 146
 75 147
 92 148
 53 149
 58 150
 57 151
 62 152
 47 153
 39 154
 56 155
 46 156
 53 157
 41 158
 40 159
 33 160
 35 161
 31 162
 41 163
 25 164
 20 165
 25 166
 19 167
 15 168
 18 169
 14 170
 11 171
 18 172
 18 173
 15 174
 20 175
 14 176
 8 177
 8 178
 11 179
 7 180
 12 181
 8 182
 7 183
 8 184
 6 185
 8 186
 8 187
 4 188
 4 189
 6 190
 4 191
 4 192
 4 193
 2 194
 1 195
 3 196
 2 197
 5 198
 2 199
 1 200
 2 201
 3 202
 1 203
 1 204
 1 205
 1 206
 4 207
 1 208
 2 209
 0 210
 2 211
 0 212
 1 213
 0 214
 2 215
 0 216
 0 217
 0 218
 0 219
 0 220
 1 221
 0 222
 1 223
 0 224
 0 225
 0 226
 0 227
 0 228
 0 229
 0 230
 0 231
 0 232
 1 233
 0 234
 0 235
 0 236
 0 237
 0 238
 0 239
 0 240
 0 241
 0 242
 0 243
 0 244
 0 245
 0 246
 0 247
 0 248
 0 249
 0 250
 0 251
 0 252
 0 253
 0 254
 0 255
 0 256
 0 257
 0 258
 0 259
 0 260
 0 261
 0 262
 0 263
 0 264
 0 265
 0 266
 0 267
 1 268
 0 269
 0 270
 0 271
 0 272
 0 273
 0 274
 0 275
 0 276
 1 277
 0 278
 0 279
 0 280
 1 281
 1 282
 1 283
 0 284
 0 285
 1 286
 0 287
 0 288
 0 289
 1 290
 0 291
 0 292
 0 293
 2 294
 2 295
 8 296
 1 297
 1 298
 2 299
 4 300
 2 301
 0 302
 0 303
 0 304
 2 305
 1 306
 1 307
 2 308
 1 309
 3 310
 1 311
 0 312
 3 313
 5 314
 2 315
 2 316
 2 317
 0 318
 5 319
 3 320
 1 321
 3 322
 1 323
 5 324
 3 325
 0 326
 2 327
 1 328
 5 329
 2 330
 2 331
 3 332
 3 333
 3 334
 2 335
 1 336
 4 337
 3 338
 3 339
 4 340
 4 341
 2 342
 2 343
 4 344
 2 345
 0 346
 1 347
 3 348
 1 349
 0 350
 0 351
 0 352
 2 353
 2 354
 0 355
 3 356
 0 357
 0 358
 1 359
 2 360
 0 361
 1 362
 1 363
 2 364
 0 365
 0 366
 1 367
 2 368
 2 369
 1 370
 3 371
 2 372
 1 373
 0 374
 0 375
 1 376
 0 377
 0 378
 0 379
 1 380
 0 381
 1 382
 0 383
 0 384
 0 385
 1 386
 0 387
 0 388
 0 389
 1 390
 0 391
 0 392
 0 393
 0 394
 0 395
 1 396
 0 397
 0 398
 0 399
 0 400
 0 401
 0 402
 0 403
 0 404
 0 405
 0 406
 0 407
 0 408
 0 409
 0 410
 0 411
 0 412
 0 413
 0 414
 0 415
 0 416
 0 417
 0 418
 0 419
 0 420
 0 421
 0 422
 0 423
 0 424
 0 425
 0 426
 0 427
 0 428
 0 429
 0 430
 0 431
 0 432
 0 433
 0 434
 0 435
 0 436
 0 437
 0 438
 0 439
 0 440
 0 441
 0 442
 0 443
 0 444
 0 445
 0 446
 0 447
 0 448
 0 449
 0 450
 0 451
 0 452
 0 453
 0 454
 0 455
 0 456
 0 457
 0 458
 0 459
 0 460
 0 461
 0 462
 0 463
 0 464
 0 465
 0 466
 0 467
 0 468
 0 469
 0 470
 0 471
 0 472
 0 473
 0 474
 0 475
 0 476
 0 477
 0 478
 0 479
 0 480
 0 481
 0 482
 0 483
 0 484
 0 485
 0 486
 0 487
 0 488
 0 489
 0 490
 0 491
 0 492
 0 493
 0 494
 0 495
 0 496
 0 497
 0 498
 0 499
 0 500
 0 501
 0 502
 0 503
 0 504
 0 505
 0 506
 0 507
 0 508
 0 509
 0 510
 0 511
 0 512
 0 513
 0 514
 0 515
 0 516
 0 517
 0 518
 0 519
 0 520
 0 521
 0 522
 0 523
 0 524
 0 525
 0 526
 0 527
 0 528
 0 529
 0 530
 0 531
 0 532
 0 533
 0 534
 0 535
 0 536
 0 537
 0 538
 0 539
 0 540
 0 541
 0 542
 0 543
 0 544
 0 545
 0 546
 0 547
 0 548
 0 549
 0 550
 0 551
 0 552
 0 553
 0 554
 0 555
 0 556
 0 557
 0 558
 0 559
 0 560
 0 561
 0 562
 0 563
 0 564
 0 565
 0 566
 0 567
 0 568
 0 569
 0 570
 0 571
 0 572
 0 573
 0 574
 0 575
 0 576
 0 577
 0 578
 0 579
 0 580
 0 581
 0 582
 0 583
 0 584
 0 585
 0 586
 0 587
 0 588
 0 589
 0 590
 0 591
 0 592
 0 593
 0 594
 0 595
 0 596
 0 597
 0 598
 0 599
 0 600


