# Created by Octave 3.8.2, Sun Jun 21 00:08:46 2020 CEST <damian@fptrucha.inv.usc.es>
# name: hd
# type: matrix
# rows: 551
# columns: 2
 0 50
 0 51
 0 52
 0 53
 0 54
 0 55
 0 56
 0 57
 0 58
 0 59
 0 60
 0 61
 0 62
 0 63
 0 64
 0 65
 0 66
 0 67
 0 68
 0 69
 0 70
 0 71
 0 72
 0 73
 0 74
 0 75
 0 76
 0 77
 0 78
 0 79
 0 80
 0 81
 0 82
 0 83
 0 84
 0 85
 0 86
 0 87
 3 88
 1 89
 6 90
 27 91
 71 92
 101 93
 161 94
 236 95
 391 96
 558 97
 657 98
 808 99
 916 100
 1014 101
 1108 102
 1172 103
 1173 104
 1245 105
 1198 106
 1219 107
 1248 108
 1218 109
 1232 110
 1166 111
 1173 112
 1082 113
 1030 114
 1029 115
 993 116
 865 117
 842 118
 783 119
 689 120
 663 121
 620 122
 537 123
 527 124
 461 125
 454 126
 383 127
 353 128
 350 129
 322 130
 290 131
 259 132
 230 133
 222 134
 203 135
 190 136
 191 137
 148 138
 140 139
 137 140
 122 141
 132 142
 112 143
 133 144
 114 145
 94 146
 91 147
 71 148
 76 149
 86 150
 62 151
 68 152
 55 153
 43 154
 40 155
 54 156
 38 157
 52 158
 36 159
 39 160
 43 161
 34 162
 20 163
 27 164
 34 165
 23 166
 29 167
 31 168
 19 169
 13 170
 19 171
 15 172
 14 173
 22 174
 16 175
 11 176
 7 177
 12 178
 13 179
 9 180
 9 181
 7 182
 4 183
 3 184
 6 185
 11 186
 3 187
 9 188
 7 189
 6 190
 4 191
 5 192
 5 193
 1 194
 4 195
 4 196
 3 197
 4 198
 1 199
 1 200
 2 201
 2 202
 1 203
 1 204
 1 205
 1 206
 0 207
 1 208
 1 209
 0 210
 0 211
 0 212
 1 213
 0 214
 0 215
 1 216
 1 217
 0 218
 0 219
 0 220
 1 221
 0 222
 0 223
 0 224
 1 225
 0 226
 0 227
 0 228
 0 229
 1 230
 1 231
 2 232
 0 233
 0 234
 0 235
 0 236
 0 237
 1 238
 0 239
 1 240
 0 241
 0 242
 0 243
 0 244
 0 245
 0 246
 0 247
 0 248
 0 249
 0 250
 0 251
 0 252
 0 253
 0 254
 0 255
 0 256
 0 257
 0 258
 0 259
 0 260
 0 261
 0 262
 0 263
 0 264
 0 265
 0 266
 0 267
 0 268
 1 269
 0 270
 1 271
 1 272
 0 273
 0 274
 0 275
 0 276
 0 277
 0 278
 0 279
 0 280
 0 281
 0 282
 0 283
 0 284
 1 285
 1 286
 1 287
 1 288
 2 289
 1 290
 1 291
 0 292
 0 293
 1 294
 1 295
 1 296
 0 297
 2 298
 0 299
 2 300
 1 301
 4 302
 2 303
 4 304
 3 305
 4 306
 3 307
 0 308
 3 309
 2 310
 0 311
 2 312
 2 313
 4 314
 2 315
 3 316
 1 317
 1 318
 3 319
 2 320
 4 321
 0 322
 3 323
 3 324
 3 325
 5 326
 1 327
 3 328
 3 329
 2 330
 2 331
 3 332
 2 333
 3 334
 3 335
 0 336
 5 337
 3 338
 5 339
 3 340
 4 341
 2 342
 3 343
 3 344
 2 345
 2 346
 3 347
 2 348
 1 349
 2 350
 1 351
 1 352
 1 353
 1 354
 3 355
 3 356
 2 357
 1 358
 3 359
 2 360
 0 361
 1 362
 1 363
 0 364
 1 365
 2 366
 0 367
 4 368
 3 369
 0 370
 1 371
 2 372
 0 373
 0 374
 0 375
 1 376
 0 377
 0 378
 0 379
 1 380
 2 381
 0 382
 1 383
 0 384
 2 385
 2 386
 1 387
 0 388
 1 389
 0 390
 0 391
 2 392
 0 393
 0 394
 1 395
 0 396
 1 397
 1 398
 0 399
 0 400
 1 401
 0 402
 1 403
 1 404
 1 405
 0 406
 0 407
 0 408
 0 409
 0 410
 0 411
 1 412
 0 413
 0 414
 0 415
 0 416
 0 417
 0 418
 0 419
 0 420
 0 421
 0 422
 0 423
 0 424
 0 425
 0 426
 0 427
 0 428
 0 429
 0 430
 0 431
 0 432
 0 433
 0 434
 0 435
 0 436
 1 437
 0 438
 0 439
 0 440
 0 441
 0 442
 0 443
 0 444
 0 445
 0 446
 0 447
 0 448
 0 449
 0 450
 0 451
 0 452
 0 453
 0 454
 0 455
 0 456
 0 457
 0 458
 0 459
 0 460
 0 461
 0 462
 0 463
 0 464
 0 465
 0 466
 0 467
 0 468
 0 469
 0 470
 0 471
 0 472
 0 473
 0 474
 0 475
 0 476
 0 477
 0 478
 0 479
 0 480
 0 481
 0 482
 0 483
 0 484
 0 485
 0 486
 0 487
 0 488
 0 489
 0 490
 0 491
 0 492
 0 493
 0 494
 0 495
 0 496
 0 497
 0 498
 0 499
 0 500
 0 501
 0 502
 0 503
 0 504
 0 505
 0 506
 0 507
 0 508
 0 509
 0 510
 0 511
 0 512
 0 513
 0 514
 0 515
 0 516
 0 517
 0 518
 0 519
 0 520
 0 521
 0 522
 0 523
 0 524
 0 525
 0 526
 0 527
 0 528
 0 529
 0 530
 0 531
 0 532
 0 533
 0 534
 0 535
 0 536
 0 537
 0 538
 0 539
 0 540
 0 541
 0 542
 0 543
 0 544
 0 545
 0 546
 0 547
 0 548
 0 549
 0 550
 0 551
 0 552
 0 553
 0 554
 0 555
 0 556
 0 557
 0 558
 0 559
 0 560
 0 561
 0 562
 0 563
 0 564
 0 565
 0 566
 0 567
 0 568
 0 569
 0 570
 0 571
 0 572
 0 573
 0 574
 0 575
 0 576
 0 577
 0 578
 0 579
 0 580
 0 581
 0 582
 0 583
 0 584
 0 585
 0 586
 0 587
 0 588
 0 589
 0 590
 0 591
 0 592
 0 593
 0 594
 0 595
 0 596
 0 597
 0 598
 0 599
 0 600


