# Created by Octave 3.8.2, Mon Jun 22 22:06:10 2020 CEST <damian@fptrucha.inv.usc.es>
# name: hd
# type: matrix
# rows: 551
# columns: 2
 0 50
 0 51
 0 52
 0 53
 0 54
 0 55
 0 56
 0 57
 0 58
 0 59
 0 60
 0 61
 0 62
 0 63
 0 64
 0 65
 0 66
 0 67
 0 68
 0 69
 0 70
 0 71
 0 72
 0 73
 0 74
 0 75
 0 76
 0 77
 0 78
 0 79
 0 80
 0 81
 0 82
 0 83
 0 84
 0 85
 0 86
 0 87
 2 88
 2 89
 5 90
 32 91
 96 92
 154 93
 207 94
 322 95
 562 96
 818 97
 996 98
 1260 99
 1452 100
 1532 101
 1599 102
 1662 103
 1690 104
 1711 105
 1683 106
 1619 107
 1485 108
 1415 109
 1422 110
 1319 111
 1202 112
 1124 113
 1079 114
 898 115
 812 116
 792 117
 686 118
 623 119
 573 120
 525 121
 450 122
 413 123
 385 124
 369 125
 378 126
 321 127
 302 128
 242 129
 214 130
 205 131
 194 132
 186 133
 164 134
 141 135
 147 136
 129 137
 145 138
 111 139
 97 140
 108 141
 81 142
 91 143
 68 144
 101 145
 90 146
 63 147
 78 148
 69 149
 51 150
 57 151
 60 152
 49 153
 60 154
 57 155
 46 156
 41 157
 27 158
 42 159
 32 160
 23 161
 18 162
 28 163
 33 164
 22 165
 25 166
 18 167
 15 168
 19 169
 12 170
 14 171
 15 172
 9 173
 16 174
 13 175
 13 176
 14 177
 7 178
 6 179
 10 180
 13 181
 3 182
 11 183
 9 184
 8 185
 4 186
 5 187
 7 188
 1 189
 5 190
 8 191
 4 192
 10 193
 5 194
 3 195
 3 196
 0 197
 2 198
 1 199
 3 200
 4 201
 2 202
 1 203
 2 204
 2 205
 1 206
 0 207
 1 208
 1 209
 1 210
 0 211
 1 212
 1 213
 1 214
 1 215
 1 216
 0 217
 0 218
 1 219
 1 220
 0 221
 1 222
 1 223
 0 224
 0 225
 0 226
 0 227
 0 228
 0 229
 0 230
 0 231
 0 232
 0 233
 0 234
 0 235
 0 236
 0 237
 1 238
 0 239
 0 240
 0 241
 0 242
 0 243
 0 244
 0 245
 0 246
 0 247
 0 248
 0 249
 0 250
 0 251
 0 252
 0 253
 0 254
 0 255
 0 256
 0 257
 0 258
 0 259
 0 260
 1 261
 0 262
 0 263
 0 264
 0 265
 0 266
 0 267
 0 268
 0 269
 0 270
 0 271
 0 272
 0 273
 0 274
 0 275
 0 276
 0 277
 0 278
 1 279
 1 280
 0 281
 0 282
 0 283
 0 284
 0 285
 2 286
 0 287
 0 288
 3 289
 3 290
 0 291
 5 292
 1 293
 0 294
 0 295
 0 296
 0 297
 0 298
 2 299
 0 300
 3 301
 0 302
 2 303
 2 304
 0 305
 1 306
 3 307
 1 308
 1 309
 3 310
 0 311
 1 312
 5 313
 1 314
 0 315
 4 316
 2 317
 3 318
 2 319
 4 320
 2 321
 2 322
 2 323
 3 324
 1 325
 1 326
 4 327
 1 328
 1 329
 2 330
 2 331
 5 332
 3 333
 6 334
 2 335
 1 336
 0 337
 2 338
 1 339
 1 340
 0 341
 3 342
 3 343
 5 344
 4 345
 1 346
 0 347
 4 348
 1 349
 1 350
 1 351
 3 352
 1 353
 0 354
 2 355
 1 356
 2 357
 1 358
 0 359
 0 360
 0 361
 0 362
 5 363
 2 364
 1 365
 0 366
 1 367
 1 368
 2 369
 1 370
 0 371
 1 372
 2 373
 0 374
 1 375
 2 376
 0 377
 1 378
 0 379
 0 380
 0 381
 0 382
 0 383
 0 384
 0 385
 0 386
 2 387
 0 388
 0 389
 0 390
 0 391
 0 392
 0 393
 0 394
 0 395
 0 396
 0 397
 1 398
 0 399
 0 400
 0 401
 0 402
 0 403
 0 404
 0 405
 0 406
 0 407
 0 408
 0 409
 0 410
 0 411
 0 412
 1 413
 0 414
 0 415
 0 416
 0 417
 1 418
 0 419
 0 420
 0 421
 0 422
 0 423
 0 424
 0 425
 0 426
 0 427
 0 428
 0 429
 0 430
 0 431
 0 432
 0 433
 0 434
 0 435
 0 436
 0 437
 0 438
 0 439
 0 440
 0 441
 0 442
 0 443
 0 444
 0 445
 0 446
 0 447
 0 448
 0 449
 0 450
 0 451
 0 452
 0 453
 0 454
 0 455
 0 456
 0 457
 0 458
 0 459
 0 460
 0 461
 0 462
 0 463
 0 464
 0 465
 0 466
 0 467
 0 468
 0 469
 0 470
 0 471
 0 472
 0 473
 0 474
 0 475
 0 476
 0 477
 0 478
 0 479
 0 480
 0 481
 0 482
 0 483
 0 484
 0 485
 0 486
 0 487
 0 488
 0 489
 0 490
 0 491
 0 492
 0 493
 0 494
 0 495
 0 496
 0 497
 0 498
 0 499
 0 500
 0 501
 0 502
 0 503
 0 504
 0 505
 0 506
 0 507
 0 508
 0 509
 0 510
 0 511
 0 512
 0 513
 0 514
 0 515
 0 516
 0 517
 0 518
 0 519
 0 520
 0 521
 0 522
 0 523
 0 524
 0 525
 0 526
 0 527
 0 528
 0 529
 0 530
 0 531
 0 532
 0 533
 0 534
 0 535
 0 536
 0 537
 0 538
 0 539
 0 540
 0 541
 0 542
 0 543
 0 544
 0 545
 0 546
 0 547
 0 548
 0 549
 0 550
 0 551
 0 552
 0 553
 0 554
 0 555
 0 556
 0 557
 0 558
 0 559
 0 560
 0 561
 0 562
 0 563
 0 564
 0 565
 0 566
 0 567
 0 568
 0 569
 0 570
 0 571
 0 572
 0 573
 0 574
 0 575
 0 576
 0 577
 0 578
 0 579
 0 580
 0 581
 0 582
 0 583
 0 584
 0 585
 0 586
 0 587
 0 588
 0 589
 0 590
 0 591
 0 592
 0 593
 0 594
 0 595
 0 596
 0 597
 0 598
 0 599
 0 600


