# Created by Octave 3.8.2, Sat Jun 20 18:09:02 2020 CEST <damian@fptrucha.inv.usc.es>
# name: hd
# type: matrix
# rows: 551
# columns: 2
 0 50
 0 51
 0 52
 0 53
 0 54
 0 55
 0 56
 0 57
 0 58
 0 59
 0 60
 0 61
 0 62
 0 63
 0 64
 0 65
 0 66
 0 67
 0 68
 0 69
 0 70
 0 71
 0 72
 0 73
 0 74
 0 75
 0 76
 0 77
 0 78
 0 79
 0 80
 0 81
 0 82
 0 83
 0 84
 0 85
 0 86
 1 87
 3 88
 2 89
 4 90
 25 91
 80 92
 105 93
 179 94
 259 95
 395 96
 559 97
 701 98
 825 99
 942 100
 1050 101
 1134 102
 1184 103
 1267 104
 1324 105
 1304 106
 1355 107
 1259 108
 1260 109
 1270 110
 1198 111
 1137 112
 1054 113
 1063 114
 1034 115
 958 116
 866 117
 872 118
 751 119
 706 120
 707 121
 575 122
 571 123
 534 124
 524 125
 431 126
 422 127
 366 128
 356 129
 304 130
 286 131
 261 132
 248 133
 233 134
 196 135
 193 136
 185 137
 171 138
 145 139
 135 140
 116 141
 141 142
 130 143
 111 144
 86 145
 101 146
 92 147
 86 148
 81 149
 69 150
 61 151
 67 152
 69 153
 58 154
 44 155
 48 156
 29 157
 53 158
 59 159
 49 160
 36 161
 23 162
 28 163
 30 164
 25 165
 17 166
 19 167
 24 168
 24 169
 16 170
 21 171
 19 172
 23 173
 11 174
 15 175
 14 176
 15 177
 11 178
 8 179
 10 180
 12 181
 9 182
 8 183
 7 184
 4 185
 6 186
 7 187
 7 188
 6 189
 6 190
 6 191
 1 192
 3 193
 4 194
 5 195
 2 196
 6 197
 1 198
 5 199
 3 200
 1 201
 3 202
 0 203
 0 204
 2 205
 2 206
 0 207
 2 208
 1 209
 1 210
 5 211
 0 212
 0 213
 0 214
 0 215
 2 216
 0 217
 0 218
 1 219
 3 220
 0 221
 0 222
 0 223
 1 224
 0 225
 0 226
 0 227
 0 228
 0 229
 0 230
 1 231
 0 232
 0 233
 0 234
 0 235
 0 236
 0 237
 0 238
 0 239
 1 240
 0 241
 0 242
 0 243
 0 244
 0 245
 0 246
 0 247
 0 248
 0 249
 0 250
 0 251
 0 252
 0 253
 0 254
 0 255
 0 256
 0 257
 0 258
 0 259
 0 260
 0 261
 0 262
 0 263
 0 264
 0 265
 0 266
 0 267
 0 268
 0 269
 0 270
 0 271
 0 272
 0 273
 0 274
 0 275
 0 276
 0 277
 0 278
 0 279
 0 280
 1 281
 0 282
 0 283
 0 284
 0 285
 0 286
 0 287
 0 288
 1 289
 1 290
 1 291
 1 292
 0 293
 1 294
 0 295
 1 296
 1 297
 0 298
 1 299
 3 300
 1 301
 1 302
 0 303
 2 304
 1 305
 0 306
 1 307
 3 308
 2 309
 0 310
 2 311
 1 312
 4 313
 1 314
 0 315
 0 316
 2 317
 2 318
 3 319
 4 320
 1 321
 1 322
 2 323
 2 324
 3 325
 2 326
 4 327
 3 328
 3 329
 3 330
 3 331
 3 332
 4 333
 4 334
 0 335
 3 336
 1 337
 1 338
 1 339
 3 340
 2 341
 0 342
 4 343
 0 344
 1 345
 2 346
 3 347
 2 348
 0 349
 2 350
 2 351
 2 352
 3 353
 2 354
 4 355
 1 356
 1 357
 0 358
 0 359
 3 360
 0 361
 1 362
 1 363
 0 364
 1 365
 3 366
 0 367
 1 368
 0 369
 1 370
 1 371
 2 372
 0 373
 1 374
 4 375
 2 376
 0 377
 0 378
 1 379
 1 380
 2 381
 0 382
 2 383
 0 384
 1 385
 1 386
 1 387
 0 388
 0 389
 0 390
 1 391
 1 392
 0 393
 0 394
 1 395
 1 396
 0 397
 0 398
 1 399
 0 400
 1 401
 0 402
 0 403
 1 404
 1 405
 0 406
 0 407
 0 408
 0 409
 1 410
 0 411
 0 412
 0 413
 0 414
 0 415
 0 416
 0 417
 0 418
 0 419
 0 420
 0 421
 0 422
 0 423
 0 424
 0 425
 0 426
 0 427
 0 428
 0 429
 0 430
 0 431
 0 432
 0 433
 0 434
 0 435
 0 436
 1 437
 0 438
 0 439
 0 440
 0 441
 0 442
 0 443
 0 444
 0 445
 0 446
 0 447
 0 448
 0 449
 0 450
 0 451
 0 452
 0 453
 0 454
 0 455
 0 456
 0 457
 0 458
 0 459
 0 460
 0 461
 0 462
 0 463
 0 464
 0 465
 0 466
 0 467
 0 468
 0 469
 0 470
 0 471
 0 472
 0 473
 0 474
 0 475
 0 476
 0 477
 0 478
 0 479
 0 480
 0 481
 0 482
 0 483
 0 484
 0 485
 0 486
 0 487
 0 488
 0 489
 0 490
 0 491
 0 492
 0 493
 0 494
 0 495
 0 496
 0 497
 0 498
 0 499
 0 500
 0 501
 0 502
 0 503
 0 504
 0 505
 0 506
 0 507
 0 508
 0 509
 0 510
 0 511
 0 512
 0 513
 0 514
 0 515
 0 516
 0 517
 0 518
 0 519
 0 520
 0 521
 0 522
 0 523
 0 524
 0 525
 0 526
 0 527
 0 528
 0 529
 0 530
 0 531
 0 532
 0 533
 0 534
 0 535
 0 536
 0 537
 0 538
 0 539
 0 540
 0 541
 0 542
 0 543
 0 544
 0 545
 0 546
 0 547
 0 548
 0 549
 0 550
 0 551
 0 552
 0 553
 0 554
 0 555
 0 556
 0 557
 0 558
 0 559
 0 560
 0 561
 0 562
 0 563
 0 564
 0 565
 0 566
 0 567
 0 568
 0 569
 0 570
 0 571
 0 572
 0 573
 0 574
 0 575
 0 576
 0 577
 0 578
 0 579
 0 580
 0 581
 0 582
 0 583
 0 584
 0 585
 0 586
 0 587
 0 588
 0 589
 0 590
 0 591
 0 592
 0 593
 0 594
 0 595
 0 596
 0 597
 0 598
 0 599
 0 600


