# Created by Octave 3.8.2, Sat Jun 20 03:26:32 2020 CEST <damian@fptrucha.inv.usc.es>
# name: hd
# type: matrix
# rows: 551
# columns: 2
 0 50
 0 51
 0 52
 0 53
 0 54
 0 55
 0 56
 0 57
 0 58
 0 59
 0 60
 0 61
 0 62
 0 63
 0 64
 0 65
 0 66
 0 67
 0 68
 0 69
 0 70
 0 71
 0 72
 0 73
 0 74
 0 75
 0 76
 0 77
 0 78
 0 79
 0 80
 0 81
 0 82
 0 83
 0 84
 0 85
 0 86
 0 87
 1 88
 4 89
 3 90
 35 91
 82 92
 143 93
 171 94
 247 95
 435 96
 564 97
 795 98
 964 99
 1134 100
 1214 101
 1237 102
 1342 103
 1420 104
 1425 105
 1426 106
 1436 107
 1413 108
 1364 109
 1405 110
 1260 111
 1269 112
 1171 113
 1145 114
 1085 115
 981 116
 944 117
 897 118
 866 119
 751 120
 706 121
 664 122
 614 123
 541 124
 533 125
 476 126
 449 127
 433 128
 372 129
 350 130
 319 131
 276 132
 279 133
 281 134
 210 135
 192 136
 195 137
 178 138
 161 139
 139 140
 151 141
 151 142
 124 143
 100 144
 116 145
 116 146
 90 147
 84 148
 85 149
 85 150
 62 151
 63 152
 63 153
 61 154
 53 155
 56 156
 52 157
 54 158
 43 159
 49 160
 43 161
 30 162
 27 163
 30 164
 39 165
 28 166
 28 167
 28 168
 21 169
 21 170
 21 171
 23 172
 18 173
 10 174
 20 175
 12 176
 15 177
 8 178
 13 179
 7 180
 15 181
 11 182
 14 183
 4 184
 10 185
 6 186
 11 187
 4 188
 4 189
 4 190
 2 191
 4 192
 4 193
 4 194
 6 195
 4 196
 0 197
 2 198
 3 199
 2 200
 4 201
 2 202
 3 203
 0 204
 0 205
 1 206
 1 207
 2 208
 0 209
 0 210
 1 211
 3 212
 0 213
 3 214
 0 215
 1 216
 0 217
 1 218
 1 219
 0 220
 0 221
 0 222
 0 223
 0 224
 0 225
 1 226
 1 227
 0 228
 1 229
 0 230
 0 231
 0 232
 0 233
 0 234
 0 235
 1 236
 0 237
 1 238
 0 239
 0 240
 0 241
 0 242
 0 243
 0 244
 1 245
 0 246
 0 247
 0 248
 0 249
 0 250
 0 251
 0 252
 0 253
 0 254
 0 255
 0 256
 1 257
 0 258
 0 259
 0 260
 0 261
 0 262
 0 263
 0 264
 0 265
 0 266
 0 267
 0 268
 0 269
 0 270
 0 271
 0 272
 0 273
 0 274
 0 275
 0 276
 0 277
 1 278
 0 279
 0 280
 1 281
 0 282
 0 283
 0 284
 1 285
 1 286
 1 287
 0 288
 0 289
 1 290
 1 291
 0 292
 3 293
 0 294
 1 295
 0 296
 0 297
 1 298
 1 299
 3 300
 0 301
 0 302
 1 303
 1 304
 0 305
 2 306
 1 307
 2 308
 3 309
 2 310
 3 311
 5 312
 3 313
 2 314
 5 315
 3 316
 5 317
 3 318
 2 319
 2 320
 2 321
 2 322
 3 323
 2 324
 5 325
 1 326
 3 327
 2 328
 2 329
 2 330
 3 331
 3 332
 4 333
 5 334
 2 335
 1 336
 3 337
 7 338
 1 339
 1 340
 2 341
 1 342
 2 343
 1 344
 4 345
 3 346
 2 347
 2 348
 2 349
 0 350
 2 351
 3 352
 1 353
 2 354
 3 355
 5 356
 2 357
 5 358
 1 359
 0 360
 4 361
 1 362
 2 363
 0 364
 1 365
 1 366
 0 367
 1 368
 0 369
 3 370
 1 371
 1 372
 1 373
 1 374
 0 375
 1 376
 1 377
 4 378
 0 379
 0 380
 0 381
 1 382
 1 383
 0 384
 0 385
 0 386
 0 387
 1 388
 0 389
 1 390
 3 391
 0 392
 0 393
 0 394
 0 395
 0 396
 0 397
 0 398
 0 399
 1 400
 0 401
 1 402
 1 403
 0 404
 0 405
 0 406
 0 407
 0 408
 0 409
 0 410
 0 411
 0 412
 0 413
 0 414
 0 415
 0 416
 0 417
 0 418
 1 419
 0 420
 0 421
 0 422
 0 423
 0 424
 0 425
 0 426
 0 427
 0 428
 0 429
 0 430
 0 431
 0 432
 0 433
 0 434
 0 435
 0 436
 0 437
 0 438
 0 439
 0 440
 0 441
 0 442
 0 443
 0 444
 0 445
 0 446
 0 447
 0 448
 0 449
 0 450
 0 451
 0 452
 0 453
 0 454
 0 455
 0 456
 0 457
 0 458
 0 459
 0 460
 0 461
 0 462
 0 463
 0 464
 0 465
 0 466
 0 467
 0 468
 0 469
 0 470
 0 471
 0 472
 0 473
 0 474
 0 475
 0 476
 0 477
 0 478
 0 479
 0 480
 0 481
 0 482
 0 483
 0 484
 0 485
 0 486
 0 487
 0 488
 0 489
 0 490
 0 491
 0 492
 0 493
 0 494
 0 495
 0 496
 0 497
 0 498
 0 499
 0 500
 0 501
 0 502
 0 503
 0 504
 0 505
 0 506
 0 507
 0 508
 0 509
 0 510
 0 511
 0 512
 0 513
 0 514
 0 515
 0 516
 0 517
 0 518
 0 519
 0 520
 0 521
 0 522
 0 523
 0 524
 0 525
 0 526
 0 527
 0 528
 0 529
 0 530
 0 531
 0 532
 0 533
 0 534
 0 535
 0 536
 0 537
 0 538
 0 539
 0 540
 0 541
 0 542
 0 543
 0 544
 0 545
 0 546
 0 547
 0 548
 0 549
 0 550
 0 551
 0 552
 0 553
 0 554
 0 555
 0 556
 0 557
 0 558
 0 559
 0 560
 0 561
 0 562
 0 563
 0 564
 0 565
 0 566
 0 567
 0 568
 0 569
 0 570
 0 571
 0 572
 0 573
 0 574
 0 575
 0 576
 0 577
 0 578
 0 579
 0 580
 0 581
 0 582
 0 583
 0 584
 0 585
 0 586
 0 587
 0 588
 0 589
 0 590
 0 591
 0 592
 0 593
 0 594
 0 595
 0 596
 0 597
 0 598
 0 599
 0 600


