# Created by Octave 3.8.2, Mon Jun 22 18:07:37 2020 CEST <damian@fptrucha.inv.usc.es>
# name: hd
# type: matrix
# rows: 551
# columns: 2
 0 50
 0 51
 0 52
 0 53
 0 54
 0 55
 0 56
 0 57
 0 58
 0 59
 0 60
 0 61
 0 62
 0 63
 0 64
 0 65
 0 66
 0 67
 0 68
 0 69
 0 70
 0 71
 0 72
 0 73
 0 74
 0 75
 0 76
 0 77
 0 78
 0 79
 0 80
 0 81
 0 82
 0 83
 0 84
 0 85
 0 86
 0 87
 1 88
 2 89
 2 90
 24 91
 89 92
 140 93
 171 94
 290 95
 457 96
 649 97
 895 98
 1083 99
 1280 100
 1393 101
 1441 102
 1544 103
 1574 104
 1651 105
 1571 106
 1544 107
 1495 108
 1425 109
 1407 110
 1234 111
 1269 112
 1106 113
 995 114
 979 115
 848 116
 785 117
 719 118
 672 119
 576 120
 523 121
 544 122
 499 123
 417 124
 364 125
 331 126
 306 127
 276 128
 267 129
 250 130
 246 131
 192 132
 192 133
 198 134
 178 135
 132 136
 125 137
 131 138
 110 139
 124 140
 109 141
 105 142
 87 143
 100 144
 81 145
 82 146
 71 147
 72 148
 68 149
 80 150
 57 151
 58 152
 50 153
 44 154
 63 155
 40 156
 42 157
 44 158
 38 159
 36 160
 37 161
 31 162
 28 163
 27 164
 26 165
 34 166
 26 167
 20 168
 15 169
 21 170
 21 171
 17 172
 20 173
 11 174
 16 175
 16 176
 14 177
 11 178
 11 179
 13 180
 6 181
 9 182
 11 183
 6 184
 10 185
 9 186
 8 187
 5 188
 4 189
 9 190
 4 191
 4 192
 2 193
 1 194
 6 195
 1 196
 4 197
 3 198
 2 199
 1 200
 3 201
 2 202
 1 203
 1 204
 2 205
 0 206
 1 207
 0 208
 0 209
 2 210
 0 211
 2 212
 0 213
 1 214
 0 215
 2 216
 0 217
 0 218
 0 219
 0 220
 0 221
 0 222
 2 223
 0 224
 0 225
 0 226
 0 227
 0 228
 0 229
 0 230
 1 231
 0 232
 0 233
 0 234
 0 235
 0 236
 0 237
 0 238
 0 239
 0 240
 0 241
 0 242
 0 243
 0 244
 0 245
 0 246
 0 247
 0 248
 0 249
 0 250
 0 251
 0 252
 0 253
 1 254
 0 255
 0 256
 0 257
 0 258
 0 259
 0 260
 0 261
 0 262
 0 263
 0 264
 0 265
 0 266
 0 267
 1 268
 0 269
 0 270
 0 271
 0 272
 1 273
 0 274
 0 275
 0 276
 1 277
 0 278
 0 279
 0 280
 0 281
 0 282
 0 283
 0 284
 1 285
 1 286
 1 287
 0 288
 0 289
 0 290
 1 291
 2 292
 0 293
 0 294
 0 295
 0 296
 3 297
 2 298
 2 299
 3 300
 0 301
 2 302
 1 303
 1 304
 4 305
 0 306
 3 307
 2 308
 1 309
 3 310
 4 311
 1 312
 0 313
 1 314
 4 315
 1 316
 2 317
 5 318
 3 319
 2 320
 2 321
 4 322
 2 323
 0 324
 2 325
 3 326
 2 327
 1 328
 2 329
 1 330
 2 331
 8 332
 4 333
 3 334
 4 335
 4 336
 2 337
 1 338
 3 339
 3 340
 2 341
 2 342
 4 343
 1 344
 0 345
 3 346
 3 347
 4 348
 2 349
 1 350
 4 351
 3 352
 1 353
 4 354
 0 355
 1 356
 2 357
 1 358
 1 359
 0 360
 3 361
 2 362
 2 363
 2 364
 0 365
 1 366
 2 367
 0 368
 1 369
 2 370
 1 371
 2 372
 2 373
 0 374
 1 375
 1 376
 0 377
 0 378
 1 379
 0 380
 1 381
 1 382
 0 383
 0 384
 0 385
 1 386
 1 387
 0 388
 0 389
 0 390
 0 391
 1 392
 0 393
 1 394
 0 395
 1 396
 1 397
 1 398
 0 399
 0 400
 0 401
 0 402
 0 403
 0 404
 0 405
 0 406
 1 407
 0 408
 0 409
 0 410
 1 411
 0 412
 0 413
 0 414
 0 415
 1 416
 0 417
 0 418
 0 419
 0 420
 0 421
 0 422
 0 423
 0 424
 0 425
 0 426
 0 427
 0 428
 0 429
 0 430
 0 431
 0 432
 0 433
 0 434
 0 435
 0 436
 0 437
 0 438
 0 439
 0 440
 0 441
 0 442
 0 443
 0 444
 0 445
 0 446
 0 447
 0 448
 0 449
 0 450
 0 451
 0 452
 0 453
 0 454
 0 455
 0 456
 0 457
 0 458
 0 459
 0 460
 0 461
 0 462
 0 463
 0 464
 0 465
 0 466
 0 467
 0 468
 0 469
 0 470
 0 471
 0 472
 0 473
 0 474
 0 475
 0 476
 0 477
 0 478
 0 479
 0 480
 0 481
 0 482
 0 483
 0 484
 0 485
 0 486
 0 487
 0 488
 0 489
 0 490
 0 491
 0 492
 0 493
 0 494
 0 495
 0 496
 0 497
 0 498
 0 499
 0 500
 0 501
 0 502
 0 503
 0 504
 0 505
 0 506
 0 507
 0 508
 0 509
 0 510
 0 511
 0 512
 0 513
 0 514
 0 515
 0 516
 0 517
 0 518
 0 519
 0 520
 0 521
 0 522
 0 523
 0 524
 0 525
 0 526
 0 527
 0 528
 0 529
 0 530
 0 531
 0 532
 0 533
 0 534
 0 535
 0 536
 0 537
 0 538
 0 539
 0 540
 0 541
 0 542
 0 543
 0 544
 0 545
 0 546
 0 547
 0 548
 0 549
 0 550
 0 551
 0 552
 0 553
 0 554
 0 555
 0 556
 0 557
 0 558
 0 559
 0 560
 0 561
 0 562
 0 563
 0 564
 0 565
 0 566
 0 567
 0 568
 0 569
 0 570
 0 571
 0 572
 0 573
 0 574
 0 575
 0 576
 0 577
 0 578
 0 579
 0 580
 0 581
 0 582
 0 583
 0 584
 0 585
 0 586
 0 587
 0 588
 0 589
 0 590
 0 591
 0 592
 0 593
 0 594
 0 595
 0 596
 0 597
 0 598
 0 599
 0 600


