# Created by Octave 3.8.2, Sat Jun 20 04:28:16 2020 CEST <damian@fptrucha.inv.usc.es>
# name: hd
# type: matrix
# rows: 551
# columns: 2
 0 50
 0 51
 0 52
 0 53
 0 54
 0 55
 0 56
 0 57
 0 58
 0 59
 0 60
 0 61
 0 62
 0 63
 0 64
 0 65
 0 66
 0 67
 0 68
 0 69
 0 70
 0 71
 0 72
 0 73
 0 74
 0 75
 0 76
 0 77
 0 78
 0 79
 0 80
 0 81
 0 82
 0 83
 0 84
 0 85
 0 86
 0 87
 0 88
 3 89
 1 90
 33 91
 98 92
 139 93
 170 94
 287 95
 414 96
 698 97
 805 98
 948 99
 1181 100
 1254 101
 1330 102
 1366 103
 1480 104
 1534 105
 1534 106
 1420 107
 1476 108
 1436 109
 1415 110
 1335 111
 1336 112
 1219 113
 1182 114
 1109 115
 1078 116
 960 117
 846 118
 816 119
 790 120
 684 121
 681 122
 582 123
 562 124
 501 125
 453 126
 415 127
 398 128
 372 129
 334 130
 292 131
 302 132
 259 133
 236 134
 197 135
 201 136
 161 137
 172 138
 153 139
 147 140
 143 141
 128 142
 131 143
 142 144
 112 145
 87 146
 78 147
 100 148
 97 149
 84 150
 80 151
 82 152
 62 153
 71 154
 57 155
 58 156
 47 157
 47 158
 48 159
 42 160
 45 161
 30 162
 40 163
 21 164
 33 165
 27 166
 24 167
 16 168
 25 169
 14 170
 19 171
 16 172
 19 173
 13 174
 15 175
 14 176
 8 177
 14 178
 10 179
 8 180
 7 181
 7 182
 11 183
 11 184
 6 185
 8 186
 5 187
 5 188
 9 189
 6 190
 4 191
 6 192
 8 193
 6 194
 1 195
 2 196
 4 197
 3 198
 1 199
 2 200
 2 201
 6 202
 0 203
 4 204
 1 205
 0 206
 2 207
 0 208
 2 209
 1 210
 1 211
 3 212
 2 213
 0 214
 0 215
 2 216
 0 217
 0 218
 0 219
 1 220
 1 221
 0 222
 0 223
 0 224
 0 225
 0 226
 1 227
 0 228
 0 229
 0 230
 0 231
 1 232
 0 233
 0 234
 0 235
 0 236
 0 237
 0 238
 0 239
 0 240
 0 241
 0 242
 2 243
 0 244
 0 245
 0 246
 0 247
 0 248
 0 249
 0 250
 0 251
 0 252
 0 253
 0 254
 0 255
 0 256
 0 257
 0 258
 0 259
 0 260
 0 261
 0 262
 0 263
 0 264
 0 265
 0 266
 0 267
 0 268
 0 269
 0 270
 1 271
 0 272
 0 273
 0 274
 0 275
 0 276
 0 277
 0 278
 0 279
 0 280
 0 281
 0 282
 0 283
 0 284
 0 285
 0 286
 2 287
 0 288
 0 289
 0 290
 0 291
 0 292
 1 293
 0 294
 0 295
 0 296
 0 297
 1 298
 1 299
 0 300
 1 301
 2 302
 1 303
 4 304
 0 305
 0 306
 0 307
 2 308
 3 309
 1 310
 2 311
 1 312
 2 313
 4 314
 2 315
 4 316
 3 317
 3 318
 2 319
 2 320
 2 321
 4 322
 2 323
 3 324
 1 325
 3 326
 3 327
 3 328
 1 329
 2 330
 8 331
 3 332
 1 333
 2 334
 1 335
 2 336
 4 337
 0 338
 0 339
 3 340
 5 341
 3 342
 6 343
 3 344
 0 345
 4 346
 2 347
 1 348
 2 349
 1 350
 0 351
 1 352
 1 353
 5 354
 1 355
 2 356
 1 357
 1 358
 0 359
 0 360
 3 361
 1 362
 2 363
 1 364
 2 365
 1 366
 0 367
 2 368
 2 369
 4 370
 2 371
 0 372
 1 373
 1 374
 1 375
 0 376
 1 377
 1 378
 3 379
 1 380
 0 381
 1 382
 0 383
 1 384
 1 385
 0 386
 0 387
 0 388
 0 389
 1 390
 0 391
 1 392
 0 393
 2 394
 0 395
 0 396
 0 397
 1 398
 0 399
 1 400
 1 401
 0 402
 0 403
 0 404
 0 405
 0 406
 0 407
 0 408
 1 409
 0 410
 0 411
 1 412
 0 413
 0 414
 0 415
 0 416
 0 417
 0 418
 0 419
 0 420
 0 421
 0 422
 0 423
 0 424
 0 425
 0 426
 0 427
 0 428
 0 429
 0 430
 0 431
 0 432
 0 433
 0 434
 0 435
 0 436
 0 437
 0 438
 0 439
 0 440
 0 441
 0 442
 0 443
 0 444
 0 445
 0 446
 0 447
 0 448
 0 449
 0 450
 0 451
 0 452
 0 453
 0 454
 0 455
 0 456
 0 457
 0 458
 0 459
 0 460
 0 461
 0 462
 0 463
 0 464
 0 465
 0 466
 0 467
 0 468
 0 469
 0 470
 0 471
 0 472
 0 473
 0 474
 0 475
 0 476
 0 477
 0 478
 0 479
 0 480
 0 481
 0 482
 0 483
 0 484
 0 485
 0 486
 0 487
 0 488
 0 489
 0 490
 0 491
 0 492
 0 493
 0 494
 0 495
 0 496
 0 497
 0 498
 0 499
 0 500
 0 501
 0 502
 0 503
 0 504
 0 505
 0 506
 0 507
 0 508
 0 509
 0 510
 0 511
 0 512
 0 513
 0 514
 0 515
 0 516
 0 517
 0 518
 0 519
 0 520
 0 521
 0 522
 0 523
 0 524
 0 525
 0 526
 0 527
 0 528
 0 529
 0 530
 0 531
 0 532
 0 533
 0 534
 0 535
 0 536
 0 537
 0 538
 0 539
 0 540
 0 541
 0 542
 0 543
 0 544
 0 545
 0 546
 0 547
 0 548
 0 549
 0 550
 0 551
 0 552
 0 553
 0 554
 0 555
 0 556
 0 557
 0 558
 0 559
 0 560
 0 561
 0 562
 0 563
 0 564
 0 565
 0 566
 0 567
 0 568
 0 569
 0 570
 0 571
 0 572
 0 573
 0 574
 0 575
 0 576
 0 577
 0 578
 0 579
 0 580
 0 581
 0 582
 0 583
 0 584
 0 585
 0 586
 0 587
 0 588
 0 589
 0 590
 0 591
 0 592
 0 593
 0 594
 0 595
 0 596
 0 597
 0 598
 0 599
 0 600


