# Created by Octave 3.8.2, Mon Jun 22 20:07:46 2020 CEST <damian@fptrucha.inv.usc.es>
# name: hd
# type: matrix
# rows: 551
# columns: 2
 0 50
 0 51
 0 52
 0 53
 0 54
 0 55
 0 56
 0 57
 0 58
 0 59
 0 60
 0 61
 0 62
 0 63
 0 64
 0 65
 0 66
 0 67
 0 68
 0 69
 0 70
 0 71
 0 72
 0 73
 0 74
 0 75
 0 76
 0 77
 0 78
 0 79
 0 80
 0 81
 0 82
 0 83
 0 84
 0 85
 0 86
 0 87
 0 88
 2 89
 0 90
 22 91
 92 92
 114 93
 186 94
 259 95
 449 96
 697 97
 888 98
 1122 99
 1375 100
 1418 101
 1476 102
 1595 103
 1551 104
 1645 105
 1574 106
 1603 107
 1528 108
 1478 109
 1397 110
 1230 111
 1213 112
 1135 113
 1153 114
 989 115
 892 116
 788 117
 742 118
 679 119
 642 120
 501 121
 525 122
 463 123
 444 124
 382 125
 372 126
 312 127
 308 128
 289 129
 256 130
 223 131
 209 132
 195 133
 155 134
 187 135
 128 136
 144 137
 145 138
 142 139
 122 140
 102 141
 108 142
 110 143
 96 144
 83 145
 97 146
 68 147
 84 148
 66 149
 81 150
 75 151
 56 152
 54 153
 54 154
 53 155
 33 156
 47 157
 54 158
 37 159
 42 160
 37 161
 39 162
 27 163
 19 164
 26 165
 23 166
 23 167
 20 168
 20 169
 21 170
 17 171
 17 172
 11 173
 17 174
 15 175
 11 176
 11 177
 17 178
 10 179
 13 180
 7 181
 6 182
 0 183
 12 184
 8 185
 11 186
 10 187
 9 188
 5 189
 6 190
 6 191
 3 192
 1 193
 0 194
 3 195
 2 196
 2 197
 3 198
 4 199
 7 200
 2 201
 1 202
 0 203
 3 204
 2 205
 1 206
 1 207
 1 208
 3 209
 2 210
 2 211
 1 212
 1 213
 2 214
 1 215
 0 216
 0 217
 1 218
 0 219
 0 220
 0 221
 0 222
 0 223
 0 224
 0 225
 0 226
 0 227
 1 228
 1 229
 2 230
 0 231
 0 232
 0 233
 0 234
 0 235
 0 236
 0 237
 1 238
 0 239
 0 240
 0 241
 0 242
 0 243
 0 244
 0 245
 0 246
 0 247
 0 248
 0 249
 0 250
 0 251
 0 252
 0 253
 1 254
 0 255
 0 256
 0 257
 0 258
 0 259
 0 260
 0 261
 0 262
 0 263
 0 264
 0 265
 0 266
 0 267
 0 268
 0 269
 0 270
 0 271
 0 272
 0 273
 0 274
 0 275
 0 276
 0 277
 0 278
 0 279
 0 280
 0 281
 0 282
 0 283
 1 284
 0 285
 0 286
 2 287
 0 288
 0 289
 1 290
 1 291
 0 292
 1 293
 0 294
 3 295
 0 296
 3 297
 1 298
 2 299
 1 300
 1 301
 3 302
 1 303
 2 304
 2 305
 3 306
 3 307
 3 308
 0 309
 2 310
 5 311
 0 312
 1 313
 2 314
 3 315
 2 316
 2 317
 1 318
 1 319
 2 320
 7 321
 1 322
 2 323
 2 324
 4 325
 6 326
 3 327
 4 328
 2 329
 2 330
 2 331
 2 332
 3 333
 1 334
 4 335
 1 336
 2 337
 3 338
 0 339
 4 340
 5 341
 5 342
 4 343
 0 344
 2 345
 1 346
 1 347
 1 348
 3 349
 3 350
 1 351
 1 352
 1 353
 0 354
 0 355
 3 356
 0 357
 1 358
 3 359
 0 360
 0 361
 2 362
 2 363
 1 364
 0 365
 0 366
 0 367
 3 368
 0 369
 2 370
 2 371
 0 372
 0 373
 0 374
 0 375
 0 376
 3 377
 1 378
 0 379
 0 380
 1 381
 1 382
 2 383
 0 384
 0 385
 0 386
 0 387
 0 388
 0 389
 0 390
 1 391
 0 392
 2 393
 0 394
 1 395
 0 396
 0 397
 1 398
 1 399
 0 400
 1 401
 1 402
 1 403
 0 404
 0 405
 0 406
 0 407
 0 408
 0 409
 0 410
 0 411
 0 412
 0 413
 0 414
 0 415
 0 416
 0 417
 0 418
 0 419
 0 420
 0 421
 0 422
 0 423
 0 424
 0 425
 0 426
 0 427
 0 428
 0 429
 0 430
 0 431
 0 432
 0 433
 0 434
 0 435
 0 436
 0 437
 0 438
 0 439
 0 440
 0 441
 0 442
 0 443
 0 444
 0 445
 0 446
 0 447
 0 448
 0 449
 0 450
 0 451
 0 452
 0 453
 0 454
 0 455
 0 456
 0 457
 0 458
 0 459
 0 460
 0 461
 0 462
 0 463
 0 464
 0 465
 0 466
 0 467
 0 468
 0 469
 0 470
 0 471
 0 472
 0 473
 0 474
 0 475
 0 476
 0 477
 0 478
 0 479
 0 480
 0 481
 0 482
 0 483
 0 484
 0 485
 0 486
 0 487
 0 488
 0 489
 0 490
 0 491
 0 492
 0 493
 0 494
 0 495
 0 496
 0 497
 0 498
 0 499
 0 500
 0 501
 0 502
 0 503
 0 504
 0 505
 0 506
 0 507
 0 508
 0 509
 0 510
 0 511
 0 512
 0 513
 0 514
 0 515
 0 516
 0 517
 0 518
 0 519
 0 520
 0 521
 0 522
 0 523
 0 524
 0 525
 0 526
 0 527
 0 528
 0 529
 0 530
 0 531
 0 532
 0 533
 0 534
 0 535
 0 536
 0 537
 0 538
 0 539
 0 540
 0 541
 0 542
 0 543
 0 544
 0 545
 0 546
 0 547
 0 548
 0 549
 0 550
 0 551
 0 552
 0 553
 0 554
 0 555
 0 556
 0 557
 0 558
 0 559
 0 560
 0 561
 0 562
 0 563
 0 564
 0 565
 0 566
 0 567
 0 568
 0 569
 0 570
 0 571
 0 572
 0 573
 0 574
 0 575
 0 576
 0 577
 0 578
 0 579
 0 580
 0 581
 0 582
 0 583
 0 584
 0 585
 0 586
 0 587
 0 588
 0 589
 0 590
 0 591
 0 592
 0 593
 0 594
 0 595
 0 596
 0 597
 0 598
 0 599
 0 600


