# Created by Octave 3.8.2, Mon Jun 22 19:07:53 2020 CEST <damian@fptrucha.inv.usc.es>
# name: hd
# type: matrix
# rows: 551
# columns: 2
 0 50
 0 51
 0 52
 0 53
 0 54
 0 55
 0 56
 0 57
 0 58
 0 59
 0 60
 0 61
 0 62
 0 63
 0 64
 0 65
 0 66
 0 67
 0 68
 0 69
 0 70
 0 71
 0 72
 0 73
 0 74
 0 75
 0 76
 0 77
 0 78
 0 79
 0 80
 0 81
 0 82
 0 83
 0 84
 0 85
 0 86
 1 87
 1 88
 5 89
 7 90
 23 91
 85 92
 140 93
 177 94
 252 95
 431 96
 687 97
 857 98
 1081 99
 1395 100
 1401 101
 1548 102
 1514 103
 1594 104
 1715 105
 1622 106
 1618 107
 1510 108
 1498 109
 1355 110
 1261 111
 1257 112
 1110 113
 1024 114
 1015 115
 934 116
 824 117
 680 118
 685 119
 593 120
 526 121
 531 122
 439 123
 406 124
 358 125
 347 126
 333 127
 262 128
 281 129
 255 130
 213 131
 209 132
 164 133
 175 134
 157 135
 144 136
 152 137
 137 138
 120 139
 118 140
 94 141
 136 142
 105 143
 85 144
 89 145
 67 146
 80 147
 81 148
 75 149
 66 150
 64 151
 65 152
 53 153
 53 154
 44 155
 41 156
 61 157
 47 158
 36 159
 31 160
 29 161
 33 162
 31 163
 24 164
 24 165
 23 166
 32 167
 22 168
 16 169
 28 170
 16 171
 15 172
 15 173
 16 174
 11 175
 8 176
 15 177
 15 178
 8 179
 17 180
 9 181
 10 182
 7 183
 7 184
 12 185
 2 186
 8 187
 2 188
 4 189
 4 190
 5 191
 8 192
 2 193
 1 194
 4 195
 4 196
 2 197
 3 198
 4 199
 3 200
 1 201
 1 202
 2 203
 0 204
 3 205
 0 206
 0 207
 1 208
 0 209
 1 210
 2 211
 1 212
 1 213
 2 214
 2 215
 0 216
 0 217
 1 218
 0 219
 1 220
 0 221
 0 222
 0 223
 0 224
 1 225
 0 226
 1 227
 0 228
 0 229
 0 230
 1 231
 0 232
 0 233
 0 234
 0 235
 0 236
 0 237
 0 238
 0 239
 0 240
 0 241
 0 242
 0 243
 0 244
 0 245
 0 246
 0 247
 0 248
 0 249
 0 250
 0 251
 0 252
 0 253
 0 254
 0 255
 0 256
 0 257
 0 258
 0 259
 0 260
 0 261
 0 262
 0 263
 0 264
 0 265
 0 266
 0 267
 0 268
 0 269
 0 270
 0 271
 0 272
 0 273
 0 274
 0 275
 0 276
 0 277
 0 278
 0 279
 0 280
 0 281
 0 282
 0 283
 0 284
 1 285
 1 286
 0 287
 1 288
 1 289
 0 290
 1 291
 1 292
 1 293
 0 294
 1 295
 0 296
 1 297
 0 298
 1 299
 0 300
 1 301
 3 302
 2 303
 1 304
 4 305
 1 306
 0 307
 0 308
 2 309
 2 310
 2 311
 4 312
 3 313
 2 314
 2 315
 2 316
 2 317
 0 318
 5 319
 2 320
 1 321
 3 322
 3 323
 3 324
 2 325
 5 326
 1 327
 2 328
 2 329
 1 330
 2 331
 2 332
 2 333
 2 334
 4 335
 0 336
 1 337
 1 338
 4 339
 3 340
 3 341
 1 342
 2 343
 2 344
 2 345
 2 346
 4 347
 3 348
 2 349
 1 350
 4 351
 1 352
 0 353
 0 354
 0 355
 0 356
 2 357
 2 358
 1 359
 1 360
 0 361
 1 362
 0 363
 0 364
 0 365
 1 366
 0 367
 1 368
 0 369
 1 370
 0 371
 0 372
 1 373
 2 374
 0 375
 0 376
 3 377
 1 378
 2 379
 1 380
 0 381
 0 382
 0 383
 0 384
 1 385
 0 386
 0 387
 2 388
 2 389
 0 390
 0 391
 1 392
 2 393
 0 394
 0 395
 0 396
 0 397
 0 398
 0 399
 0 400
 0 401
 0 402
 0 403
 0 404
 0 405
 0 406
 0 407
 0 408
 0 409
 0 410
 0 411
 0 412
 0 413
 1 414
 0 415
 0 416
 0 417
 0 418
 0 419
 0 420
 0 421
 0 422
 0 423
 0 424
 0 425
 0 426
 0 427
 1 428
 0 429
 0 430
 0 431
 0 432
 0 433
 0 434
 0 435
 0 436
 0 437
 0 438
 0 439
 0 440
 0 441
 0 442
 0 443
 0 444
 0 445
 0 446
 0 447
 0 448
 0 449
 0 450
 0 451
 0 452
 0 453
 0 454
 0 455
 0 456
 0 457
 0 458
 0 459
 0 460
 0 461
 0 462
 0 463
 0 464
 0 465
 0 466
 0 467
 0 468
 0 469
 0 470
 0 471
 0 472
 0 473
 0 474
 0 475
 0 476
 0 477
 0 478
 0 479
 0 480
 0 481
 0 482
 0 483
 0 484
 0 485
 0 486
 0 487
 0 488
 0 489
 0 490
 0 491
 0 492
 0 493
 0 494
 0 495
 0 496
 0 497
 0 498
 0 499
 0 500
 0 501
 0 502
 0 503
 0 504
 0 505
 0 506
 0 507
 0 508
 0 509
 0 510
 0 511
 0 512
 0 513
 0 514
 0 515
 0 516
 0 517
 0 518
 0 519
 0 520
 0 521
 0 522
 0 523
 0 524
 0 525
 0 526
 0 527
 0 528
 0 529
 0 530
 0 531
 0 532
 0 533
 0 534
 0 535
 0 536
 0 537
 0 538
 0 539
 0 540
 0 541
 0 542
 0 543
 0 544
 0 545
 0 546
 0 547
 0 548
 0 549
 0 550
 0 551
 0 552
 0 553
 0 554
 0 555
 0 556
 0 557
 0 558
 0 559
 0 560
 0 561
 0 562
 0 563
 0 564
 0 565
 0 566
 0 567
 0 568
 0 569
 0 570
 0 571
 0 572
 0 573
 0 574
 0 575
 0 576
 0 577
 0 578
 0 579
 0 580
 0 581
 0 582
 0 583
 0 584
 0 585
 0 586
 0 587
 0 588
 0 589
 0 590
 0 591
 0 592
 0 593
 0 594
 0 595
 0 596
 0 597
 0 598
 0 599
 0 600


