# Created by Octave 3.8.2, Mon Jun 22 05:19:58 2020 CEST <damian@fptrucha.inv.usc.es>
# name: hd
# type: matrix
# rows: 551
# columns: 2
 0 50
 0 51
 0 52
 0 53
 0 54
 0 55
 0 56
 0 57
 0 58
 0 59
 0 60
 0 61
 0 62
 0 63
 0 64
 0 65
 0 66
 0 67
 0 68
 0 69
 0 70
 0 71
 0 72
 0 73
 0 74
 0 75
 0 76
 0 77
 0 78
 0 79
 0 80
 0 81
 0 82
 0 83
 0 84
 0 85
 0 86
 0 87
 0 88
 3 89
 2 90
 15 91
 61 92
 103 93
 183 94
 228 95
 391 96
 591 97
 787 98
 895 99
 1165 100
 1198 101
 1322 102
 1391 103
 1439 104
 1455 105
 1357 106
 1380 107
 1329 108
 1316 109
 1199 110
 1112 111
 1075 112
 950 113
 900 114
 812 115
 758 116
 724 117
 687 118
 638 119
 541 120
 539 121
 479 122
 384 123
 409 124
 333 125
 316 126
 277 127
 263 128
 209 129
 236 130
 190 131
 207 132
 183 133
 167 134
 154 135
 135 136
 132 137
 114 138
 92 139
 129 140
 102 141
 94 142
 90 143
 75 144
 83 145
 63 146
 81 147
 73 148
 59 149
 71 150
 71 151
 48 152
 53 153
 54 154
 50 155
 52 156
 41 157
 36 158
 39 159
 33 160
 38 161
 22 162
 31 163
 17 164
 35 165
 26 166
 18 167
 17 168
 21 169
 22 170
 22 171
 20 172
 10 173
 14 174
 13 175
 7 176
 12 177
 12 178
 4 179
 10 180
 4 181
 8 182
 8 183
 7 184
 5 185
 7 186
 6 187
 9 188
 5 189
 5 190
 3 191
 5 192
 4 193
 7 194
 0 195
 4 196
 5 197
 3 198
 3 199
 1 200
 2 201
 3 202
 0 203
 1 204
 1 205
 3 206
 2 207
 3 208
 2 209
 1 210
 2 211
 1 212
 1 213
 0 214
 1 215
 0 216
 0 217
 0 218
 0 219
 1 220
 1 221
 0 222
 0 223
 0 224
 0 225
 0 226
 0 227
 0 228
 0 229
 0 230
 0 231
 0 232
 0 233
 0 234
 0 235
 0 236
 0 237
 0 238
 0 239
 0 240
 0 241
 0 242
 0 243
 0 244
 0 245
 0 246
 0 247
 0 248
 0 249
 0 250
 0 251
 0 252
 0 253
 0 254
 0 255
 0 256
 0 257
 0 258
 0 259
 0 260
 0 261
 0 262
 0 263
 0 264
 0 265
 0 266
 0 267
 0 268
 0 269
 0 270
 0 271
 0 272
 0 273
 0 274
 0 275
 0 276
 1 277
 0 278
 0 279
 0 280
 0 281
 0 282
 1 283
 0 284
 0 285
 1 286
 2 287
 2 288
 0 289
 0 290
 1 291
 0 292
 1 293
 1 294
 0 295
 2 296
 1 297
 1 298
 3 299
 2 300
 0 301
 0 302
 2 303
 0 304
 1 305
 4 306
 1 307
 1 308
 2 309
 4 310
 3 311
 1 312
 4 313
 1 314
 1 315
 2 316
 1 317
 3 318
 7 319
 1 320
 3 321
 2 322
 3 323
 1 324
 1 325
 1 326
 4 327
 0 328
 2 329
 4 330
 2 331
 6 332
 3 333
 2 334
 1 335
 4 336
 3 337
 0 338
 4 339
 3 340
 0 341
 1 342
 6 343
 2 344
 1 345
 0 346
 4 347
 1 348
 0 349
 0 350
 4 351
 1 352
 1 353
 1 354
 1 355
 0 356
 1 357
 0 358
 0 359
 2 360
 3 361
 0 362
 2 363
 1 364
 0 365
 1 366
 0 367
 0 368
 0 369
 2 370
 1 371
 0 372
 1 373
 1 374
 1 375
 0 376
 2 377
 1 378
 1 379
 0 380
 0 381
 0 382
 0 383
 0 384
 0 385
 0 386
 0 387
 0 388
 0 389
 0 390
 0 391
 0 392
 0 393
 0 394
 1 395
 0 396
 0 397
 1 398
 0 399
 0 400
 0 401
 0 402
 0 403
 0 404
 0 405
 0 406
 0 407
 1 408
 0 409
 0 410
 0 411
 0 412
 0 413
 0 414
 1 415
 0 416
 1 417
 0 418
 0 419
 0 420
 0 421
 0 422
 0 423
 0 424
 0 425
 0 426
 0 427
 0 428
 0 429
 0 430
 0 431
 0 432
 0 433
 0 434
 0 435
 0 436
 0 437
 0 438
 0 439
 0 440
 0 441
 0 442
 0 443
 0 444
 0 445
 0 446
 0 447
 0 448
 0 449
 0 450
 0 451
 0 452
 0 453
 0 454
 0 455
 0 456
 0 457
 0 458
 0 459
 0 460
 0 461
 0 462
 0 463
 0 464
 0 465
 0 466
 0 467
 0 468
 0 469
 0 470
 0 471
 0 472
 0 473
 0 474
 0 475
 0 476
 0 477
 0 478
 0 479
 0 480
 0 481
 0 482
 0 483
 0 484
 0 485
 0 486
 0 487
 0 488
 0 489
 0 490
 0 491
 0 492
 0 493
 0 494
 0 495
 0 496
 0 497
 0 498
 0 499
 0 500
 0 501
 0 502
 0 503
 0 504
 0 505
 0 506
 0 507
 0 508
 0 509
 0 510
 0 511
 0 512
 0 513
 0 514
 0 515
 0 516
 0 517
 0 518
 0 519
 0 520
 0 521
 0 522
 0 523
 0 524
 0 525
 0 526
 0 527
 0 528
 0 529
 0 530
 0 531
 0 532
 0 533
 0 534
 0 535
 0 536
 0 537
 0 538
 0 539
 0 540
 0 541
 0 542
 0 543
 0 544
 0 545
 0 546
 0 547
 0 548
 0 549
 0 550
 0 551
 0 552
 0 553
 0 554
 0 555
 0 556
 0 557
 0 558
 0 559
 0 560
 0 561
 0 562
 0 563
 0 564
 0 565
 0 566
 0 567
 0 568
 0 569
 0 570
 0 571
 0 572
 0 573
 0 574
 0 575
 0 576
 0 577
 0 578
 0 579
 0 580
 0 581
 0 582
 0 583
 0 584
 0 585
 0 586
 0 587
 0 588
 0 589
 0 590
 0 591
 0 592
 0 593
 0 594
 0 595
 0 596
 0 597
 0 598
 0 599
 0 600


