# Created by Octave 3.8.2, Mon Jun 22 00:45:06 2020 CEST <damian@fptrucha.inv.usc.es>
# name: hd
# type: matrix
# rows: 551
# columns: 2
 0 50
 0 51
 0 52
 0 53
 0 54
 0 55
 0 56
 0 57
 0 58
 0 59
 0 60
 0 61
 0 62
 0 63
 0 64
 0 65
 0 66
 0 67
 0 68
 0 69
 0 70
 0 71
 0 72
 0 73
 0 74
 0 75
 0 76
 0 77
 0 78
 0 79
 0 80
 0 81
 0 82
 0 83
 0 84
 0 85
 0 86
 1 87
 1 88
 0 89
 3 90
 29 91
 97 92
 100 93
 159 94
 252 95
 410 96
 522 97
 697 98
 821 99
 925 100
 986 101
 1021 102
 1182 103
 1176 104
 1273 105
 1205 106
 1280 107
 1299 108
 1251 109
 1232 110
 1167 111
 1109 112
 1129 113
 1089 114
 997 115
 946 116
 903 117
 850 118
 813 119
 729 120
 709 121
 620 122
 580 123
 522 124
 506 125
 469 126
 432 127
 387 128
 368 129
 321 130
 294 131
 283 132
 266 133
 233 134
 232 135
 212 136
 183 137
 197 138
 153 139
 150 140
 146 141
 142 142
 97 143
 126 144
 90 145
 100 146
 82 147
 87 148
 59 149
 83 150
 78 151
 55 152
 59 153
 54 154
 43 155
 48 156
 35 157
 39 158
 38 159
 39 160
 24 161
 30 162
 22 163
 29 164
 31 165
 24 166
 28 167
 23 168
 25 169
 18 170
 22 171
 12 172
 20 173
 14 174
 15 175
 17 176
 16 177
 12 178
 11 179
 7 180
 15 181
 6 182
 10 183
 6 184
 5 185
 2 186
 4 187
 5 188
 0 189
 4 190
 2 191
 3 192
 4 193
 1 194
 3 195
 6 196
 5 197
 3 198
 0 199
 2 200
 1 201
 0 202
 0 203
 1 204
 2 205
 0 206
 1 207
 2 208
 2 209
 1 210
 0 211
 1 212
 1 213
 1 214
 0 215
 0 216
 0 217
 3 218
 0 219
 0 220
 1 221
 1 222
 1 223
 0 224
 0 225
 0 226
 0 227
 0 228
 0 229
 0 230
 1 231
 0 232
 0 233
 0 234
 0 235
 0 236
 0 237
 0 238
 0 239
 0 240
 0 241
 0 242
 0 243
 0 244
 0 245
 0 246
 0 247
 1 248
 0 249
 0 250
 0 251
 0 252
 0 253
 0 254
 0 255
 0 256
 0 257
 0 258
 0 259
 0 260
 0 261
 0 262
 0 263
 0 264
 0 265
 0 266
 0 267
 0 268
 1 269
 0 270
 0 271
 0 272
 1 273
 0 274
 0 275
 0 276
 0 277
 0 278
 1 279
 0 280
 0 281
 1 282
 1 283
 0 284
 0 285
 1 286
 0 287
 0 288
 1 289
 0 290
 1 291
 0 292
 3 293
 0 294
 2 295
 0 296
 1 297
 0 298
 1 299
 3 300
 2 301
 2 302
 1 303
 1 304
 1 305
 0 306
 1 307
 3 308
 2 309
 2 310
 1 311
 1 312
 3 313
 2 314
 1 315
 3 316
 2 317
 0 318
 3 319
 2 320
 4 321
 1 322
 4 323
 3 324
 2 325
 2 326
 1 327
 0 328
 1 329
 2 330
 4 331
 2 332
 2 333
 2 334
 3 335
 2 336
 1 337
 0 338
 4 339
 2 340
 3 341
 3 342
 3 343
 2 344
 1 345
 2 346
 3 347
 0 348
 0 349
 5 350
 3 351
 2 352
 4 353
 0 354
 1 355
 1 356
 0 357
 0 358
 1 359
 2 360
 1 361
 3 362
 4 363
 3 364
 0 365
 1 366
 0 367
 2 368
 2 369
 1 370
 0 371
 3 372
 1 373
 3 374
 0 375
 1 376
 1 377
 1 378
 0 379
 0 380
 3 381
 0 382
 1 383
 0 384
 0 385
 0 386
 0 387
 0 388
 0 389
 1 390
 0 391
 0 392
 0 393
 1 394
 0 395
 0 396
 0 397
 0 398
 0 399
 0 400
 1 401
 0 402
 0 403
 1 404
 0 405
 0 406
 0 407
 0 408
 0 409
 0 410
 0 411
 0 412
 0 413
 0 414
 0 415
 0 416
 0 417
 0 418
 0 419
 0 420
 0 421
 0 422
 0 423
 0 424
 0 425
 0 426
 0 427
 0 428
 0 429
 0 430
 0 431
 0 432
 0 433
 0 434
 0 435
 0 436
 0 437
 0 438
 0 439
 0 440
 0 441
 0 442
 0 443
 0 444
 0 445
 0 446
 0 447
 0 448
 0 449
 0 450
 0 451
 0 452
 0 453
 0 454
 0 455
 0 456
 0 457
 0 458
 0 459
 0 460
 0 461
 0 462
 0 463
 0 464
 0 465
 0 466
 0 467
 0 468
 0 469
 0 470
 0 471
 0 472
 0 473
 0 474
 0 475
 0 476
 0 477
 0 478
 0 479
 0 480
 0 481
 0 482
 0 483
 0 484
 0 485
 0 486
 0 487
 0 488
 0 489
 0 490
 0 491
 0 492
 0 493
 0 494
 0 495
 0 496
 0 497
 0 498
 0 499
 0 500
 0 501
 0 502
 0 503
 0 504
 0 505
 0 506
 0 507
 0 508
 0 509
 0 510
 0 511
 0 512
 0 513
 0 514
 0 515
 0 516
 0 517
 0 518
 0 519
 0 520
 0 521
 0 522
 0 523
 0 524
 0 525
 0 526
 0 527
 0 528
 0 529
 0 530
 0 531
 0 532
 0 533
 0 534
 0 535
 0 536
 0 537
 0 538
 0 539
 0 540
 0 541
 0 542
 0 543
 0 544
 0 545
 0 546
 0 547
 0 548
 0 549
 0 550
 0 551
 0 552
 0 553
 0 554
 0 555
 0 556
 0 557
 0 558
 0 559
 0 560
 0 561
 0 562
 0 563
 0 564
 0 565
 0 566
 0 567
 0 568
 0 569
 0 570
 0 571
 0 572
 0 573
 0 574
 0 575
 0 576
 0 577
 0 578
 0 579
 0 580
 0 581
 0 582
 0 583
 0 584
 0 585
 0 586
 0 587
 0 588
 0 589
 0 590
 0 591
 0 592
 0 593
 0 594
 0 595
 0 596
 0 597
 0 598
 0 599
 0 600


