# Created by Octave 3.8.2, Sat Jun 20 08:06:33 2020 CEST <damian@fptrucha.inv.usc.es>
# name: hd
# type: matrix
# rows: 551
# columns: 2
 0 50
 0 51
 0 52
 0 53
 0 54
 0 55
 0 56
 0 57
 0 58
 0 59
 0 60
 0 61
 0 62
 0 63
 0 64
 0 65
 0 66
 0 67
 0 68
 0 69
 0 70
 0 71
 0 72
 0 73
 0 74
 0 75
 0 76
 0 77
 0 78
 0 79
 0 80
 0 81
 0 82
 0 83
 0 84
 0 85
 0 86
 0 87
 2 88
 2 89
 4 90
 33 91
 96 92
 139 93
 203 94
 362 95
 475 96
 742 97
 921 98
 1024 99
 1195 100
 1350 101
 1498 102
 1428 103
 1499 104
 1596 105
 1703 106
 1511 107
 1582 108
 1440 109
 1474 110
 1451 111
 1373 112
 1279 113
 1137 114
 1082 115
 1056 116
 905 117
 875 118
 808 119
 727 120
 693 121
 629 122
 635 123
 508 124
 492 125
 483 126
 416 127
 384 128
 354 129
 317 130
 310 131
 271 132
 241 133
 219 134
 208 135
 190 136
 172 137
 169 138
 154 139
 134 140
 132 141
 112 142
 105 143
 102 144
 97 145
 103 146
 104 147
 100 148
 79 149
 87 150
 74 151
 65 152
 65 153
 50 154
 46 155
 50 156
 49 157
 43 158
 31 159
 38 160
 42 161
 35 162
 25 163
 34 164
 20 165
 21 166
 25 167
 27 168
 17 169
 19 170
 15 171
 18 172
 12 173
 13 174
 8 175
 8 176
 11 177
 7 178
 10 179
 9 180
 6 181
 1 182
 15 183
 7 184
 5 185
 0 186
 6 187
 7 188
 6 189
 1 190
 4 191
 3 192
 6 193
 3 194
 5 195
 5 196
 2 197
 0 198
 3 199
 3 200
 0 201
 0 202
 3 203
 2 204
 2 205
 0 206
 3 207
 0 208
 2 209
 2 210
 1 211
 1 212
 1 213
 0 214
 1 215
 1 216
 0 217
 1 218
 1 219
 0 220
 0 221
 1 222
 0 223
 0 224
 0 225
 0 226
 0 227
 0 228
 0 229
 0 230
 0 231
 0 232
 1 233
 0 234
 0 235
 0 236
 0 237
 0 238
 0 239
 0 240
 0 241
 0 242
 0 243
 0 244
 1 245
 0 246
 0 247
 0 248
 0 249
 0 250
 0 251
 0 252
 0 253
 0 254
 0 255
 0 256
 0 257
 0 258
 0 259
 0 260
 0 261
 0 262
 0 263
 0 264
 0 265
 0 266
 0 267
 0 268
 0 269
 0 270
 0 271
 1 272
 0 273
 0 274
 0 275
 0 276
 0 277
 0 278
 0 279
 0 280
 0 281
 0 282
 0 283
 0 284
 0 285
 0 286
 0 287
 0 288
 2 289
 0 290
 0 291
 1 292
 0 293
 0 294
 3 295
 1 296
 1 297
 2 298
 2 299
 3 300
 1 301
 1 302
 0 303
 4 304
 0 305
 1 306
 5 307
 2 308
 2 309
 2 310
 0 311
 1 312
 1 313
 0 314
 2 315
 1 316
 4 317
 3 318
 4 319
 0 320
 0 321
 6 322
 2 323
 3 324
 1 325
 2 326
 2 327
 4 328
 1 329
 3 330
 2 331
 2 332
 3 333
 1 334
 1 335
 2 336
 2 337
 3 338
 2 339
 2 340
 0 341
 1 342
 3 343
 5 344
 3 345
 0 346
 2 347
 2 348
 1 349
 0 350
 0 351
 1 352
 1 353
 3 354
 2 355
 2 356
 1 357
 2 358
 0 359
 2 360
 3 361
 2 362
 3 363
 0 364
 1 365
 0 366
 1 367
 1 368
 0 369
 0 370
 1 371
 0 372
 0 373
 2 374
 1 375
 2 376
 1 377
 2 378
 0 379
 0 380
 0 381
 0 382
 0 383
 0 384
 0 385
 0 386
 0 387
 0 388
 0 389
 0 390
 1 391
 0 392
 0 393
 1 394
 0 395
 0 396
 0 397
 0 398
 0 399
 0 400
 0 401
 0 402
 0 403
 0 404
 0 405
 0 406
 0 407
 0 408
 0 409
 0 410
 1 411
 0 412
 0 413
 0 414
 0 415
 0 416
 0 417
 0 418
 0 419
 0 420
 0 421
 0 422
 0 423
 0 424
 0 425
 0 426
 0 427
 0 428
 0 429
 0 430
 0 431
 0 432
 0 433
 0 434
 0 435
 0 436
 0 437
 1 438
 0 439
 0 440
 0 441
 0 442
 0 443
 0 444
 0 445
 0 446
 0 447
 0 448
 0 449
 0 450
 0 451
 0 452
 0 453
 0 454
 0 455
 0 456
 0 457
 0 458
 0 459
 0 460
 0 461
 0 462
 0 463
 0 464
 0 465
 0 466
 0 467
 0 468
 0 469
 0 470
 0 471
 0 472
 0 473
 0 474
 0 475
 0 476
 0 477
 0 478
 0 479
 0 480
 0 481
 0 482
 0 483
 0 484
 0 485
 0 486
 0 487
 0 488
 0 489
 0 490
 0 491
 0 492
 0 493
 0 494
 0 495
 0 496
 0 497
 0 498
 0 499
 0 500
 0 501
 0 502
 0 503
 0 504
 0 505
 0 506
 0 507
 0 508
 0 509
 0 510
 0 511
 0 512
 0 513
 0 514
 0 515
 0 516
 0 517
 0 518
 0 519
 0 520
 0 521
 0 522
 0 523
 0 524
 0 525
 0 526
 0 527
 0 528
 0 529
 0 530
 0 531
 0 532
 0 533
 0 534
 0 535
 0 536
 0 537
 0 538
 0 539
 0 540
 0 541
 0 542
 0 543
 0 544
 0 545
 0 546
 0 547
 0 548
 0 549
 0 550
 0 551
 0 552
 0 553
 0 554
 0 555
 0 556
 0 557
 0 558
 0 559
 0 560
 0 561
 0 562
 0 563
 0 564
 0 565
 0 566
 0 567
 0 568
 0 569
 0 570
 0 571
 0 572
 0 573
 0 574
 0 575
 0 576
 0 577
 0 578
 0 579
 0 580
 0 581
 0 582
 0 583
 0 584
 0 585
 0 586
 0 587
 0 588
 0 589
 0 590
 0 591
 0 592
 0 593
 0 594
 0 595
 0 596
 0 597
 0 598
 0 599
 0 600


