# Created by Octave 3.8.2, Mon Jun 22 18:19:32 2020 CEST <damian@fptrucha.inv.usc.es>
# name: hd
# type: matrix
# rows: 551
# columns: 2
 0 50
 0 51
 0 52
 0 53
 0 54
 0 55
 0 56
 0 57
 0 58
 0 59
 0 60
 0 61
 0 62
 0 63
 0 64
 0 65
 0 66
 0 67
 0 68
 0 69
 0 70
 0 71
 0 72
 0 73
 0 74
 0 75
 0 76
 0 77
 0 78
 0 79
 0 80
 0 81
 0 82
 0 83
 0 84
 0 85
 0 86
 0 87
 1 88
 2 89
 4 90
 18 91
 97 92
 122 93
 167 94
 284 95
 420 96
 674 97
 877 98
 1099 99
 1236 100
 1355 101
 1556 102
 1541 103
 1560 104
 1668 105
 1645 106
 1501 107
 1449 108
 1456 109
 1464 110
 1334 111
 1200 112
 1080 113
 1016 114
 953 115
 834 116
 792 117
 730 118
 636 119
 583 120
 538 121
 495 122
 471 123
 396 124
 407 125
 361 126
 289 127
 315 128
 249 129
 263 130
 207 131
 211 132
 191 133
 184 134
 186 135
 156 136
 150 137
 144 138
 121 139
 100 140
 117 141
 88 142
 95 143
 98 144
 77 145
 74 146
 68 147
 77 148
 61 149
 63 150
 72 151
 60 152
 52 153
 38 154
 45 155
 53 156
 49 157
 35 158
 27 159
 37 160
 32 161
 30 162
 36 163
 21 164
 29 165
 27 166
 28 167
 19 168
 26 169
 27 170
 13 171
 29 172
 15 173
 12 174
 17 175
 9 176
 10 177
 11 178
 10 179
 8 180
 5 181
 9 182
 4 183
 9 184
 5 185
 10 186
 7 187
 3 188
 3 189
 8 190
 3 191
 6 192
 4 193
 5 194
 0 195
 4 196
 4 197
 4 198
 1 199
 2 200
 2 201
 3 202
 3 203
 3 204
 1 205
 3 206
 1 207
 0 208
 1 209
 0 210
 0 211
 0 212
 0 213
 1 214
 0 215
 1 216
 0 217
 0 218
 2 219
 0 220
 0 221
 0 222
 0 223
 0 224
 1 225
 0 226
 1 227
 1 228
 0 229
 0 230
 0 231
 0 232
 0 233
 0 234
 0 235
 0 236
 0 237
 0 238
 0 239
 0 240
 0 241
 0 242
 0 243
 0 244
 0 245
 0 246
 0 247
 0 248
 0 249
 0 250
 1 251
 0 252
 0 253
 0 254
 0 255
 0 256
 0 257
 0 258
 0 259
 0 260
 0 261
 0 262
 0 263
 0 264
 0 265
 0 266
 0 267
 0 268
 0 269
 0 270
 0 271
 0 272
 0 273
 0 274
 0 275
 0 276
 0 277
 0 278
 0 279
 0 280
 0 281
 0 282
 0 283
 1 284
 0 285
 1 286
 0 287
 1 288
 0 289
 1 290
 0 291
 0 292
 2 293
 0 294
 1 295
 2 296
 1 297
 0 298
 1 299
 1 300
 2 301
 1 302
 1 303
 2 304
 0 305
 1 306
 0 307
 7 308
 1 309
 1 310
 1 311
 4 312
 1 313
 0 314
 1 315
 2 316
 2 317
 5 318
 5 319
 3 320
 2 321
 2 322
 4 323
 2 324
 5 325
 1 326
 4 327
 3 328
 3 329
 3 330
 1 331
 4 332
 1 333
 4 334
 2 335
 2 336
 2 337
 3 338
 4 339
 2 340
 2 341
 3 342
 5 343
 1 344
 1 345
 1 346
 4 347
 2 348
 1 349
 1 350
 2 351
 3 352
 2 353
 4 354
 4 355
 0 356
 2 357
 1 358
 0 359
 1 360
 3 361
 2 362
 5 363
 1 364
 2 365
 0 366
 1 367
 2 368
 0 369
 2 370
 0 371
 2 372
 0 373
 1 374
 1 375
 1 376
 1 377
 0 378
 0 379
 0 380
 1 381
 1 382
 0 383
 0 384
 1 385
 0 386
 0 387
 0 388
 0 389
 1 390
 1 391
 0 392
 0 393
 0 394
 0 395
 1 396
 0 397
 0 398
 0 399
 0 400
 0 401
 1 402
 0 403
 1 404
 0 405
 0 406
 0 407
 0 408
 0 409
 0 410
 0 411
 0 412
 0 413
 0 414
 0 415
 0 416
 1 417
 1 418
 0 419
 0 420
 0 421
 0 422
 0 423
 0 424
 0 425
 0 426
 0 427
 0 428
 0 429
 0 430
 0 431
 0 432
 0 433
 0 434
 1 435
 0 436
 0 437
 0 438
 0 439
 0 440
 0 441
 0 442
 0 443
 0 444
 0 445
 0 446
 0 447
 0 448
 0 449
 0 450
 0 451
 0 452
 0 453
 0 454
 0 455
 0 456
 0 457
 0 458
 0 459
 0 460
 0 461
 0 462
 0 463
 0 464
 0 465
 0 466
 0 467
 0 468
 0 469
 0 470
 0 471
 0 472
 0 473
 0 474
 0 475
 0 476
 0 477
 0 478
 0 479
 0 480
 0 481
 0 482
 0 483
 0 484
 0 485
 0 486
 0 487
 0 488
 0 489
 0 490
 0 491
 0 492
 0 493
 0 494
 0 495
 0 496
 0 497
 0 498
 0 499
 0 500
 0 501
 0 502
 0 503
 0 504
 0 505
 0 506
 0 507
 0 508
 0 509
 0 510
 0 511
 0 512
 0 513
 0 514
 0 515
 0 516
 0 517
 0 518
 0 519
 0 520
 0 521
 0 522
 0 523
 0 524
 0 525
 0 526
 0 527
 0 528
 0 529
 0 530
 0 531
 0 532
 0 533
 0 534
 0 535
 0 536
 0 537
 0 538
 0 539
 0 540
 0 541
 0 542
 0 543
 0 544
 0 545
 0 546
 0 547
 0 548
 0 549
 0 550
 0 551
 0 552
 0 553
 0 554
 0 555
 0 556
 0 557
 0 558
 0 559
 0 560
 0 561
 0 562
 0 563
 0 564
 0 565
 0 566
 0 567
 0 568
 0 569
 0 570
 0 571
 0 572
 0 573
 0 574
 0 575
 0 576
 0 577
 0 578
 0 579
 0 580
 0 581
 0 582
 0 583
 0 584
 0 585
 0 586
 0 587
 0 588
 0 589
 0 590
 0 591
 0 592
 0 593
 0 594
 0 595
 0 596
 0 597
 0 598
 0 599
 0 600


