# Created by Octave 3.8.2, Mon Jun 22 03:45:29 2020 CEST <damian@fptrucha.inv.usc.es>
# name: hd
# type: matrix
# rows: 551
# columns: 2
 0 50
 0 51
 0 52
 0 53
 0 54
 0 55
 0 56
 0 57
 0 58
 0 59
 0 60
 0 61
 0 62
 0 63
 0 64
 0 65
 0 66
 0 67
 0 68
 0 69
 0 70
 0 71
 0 72
 0 73
 0 74
 0 75
 0 76
 0 77
 0 78
 0 79
 0 80
 0 81
 0 82
 0 83
 0 84
 0 85
 0 86
 0 87
 0 88
 3 89
 2 90
 16 91
 82 92
 115 93
 162 94
 259 95
 335 96
 564 97
 788 98
 886 99
 1105 100
 1272 101
 1332 102
 1392 103
 1360 104
 1413 105
 1441 106
 1453 107
 1298 108
 1236 109
 1179 110
 1156 111
 1036 112
 1043 113
 944 114
 908 115
 793 116
 662 117
 625 118
 611 119
 561 120
 501 121
 453 122
 437 123
 391 124
 332 125
 323 126
 304 127
 259 128
 242 129
 235 130
 205 131
 187 132
 176 133
 154 134
 182 135
 145 136
 144 137
 136 138
 129 139
 115 140
 99 141
 95 142
 91 143
 82 144
 81 145
 81 146
 69 147
 84 148
 65 149
 60 150
 55 151
 52 152
 52 153
 56 154
 46 155
 38 156
 42 157
 46 158
 37 159
 34 160
 41 161
 23 162
 24 163
 39 164
 33 165
 24 166
 25 167
 21 168
 18 169
 27 170
 17 171
 20 172
 17 173
 9 174
 15 175
 13 176
 11 177
 11 178
 10 179
 9 180
 16 181
 13 182
 10 183
 4 184
 13 185
 3 186
 8 187
 8 188
 7 189
 5 190
 5 191
 4 192
 7 193
 4 194
 2 195
 1 196
 4 197
 4 198
 7 199
 6 200
 2 201
 1 202
 0 203
 1 204
 2 205
 2 206
 2 207
 0 208
 0 209
 0 210
 0 211
 0 212
 0 213
 0 214
 0 215
 1 216
 0 217
 0 218
 0 219
 0 220
 2 221
 2 222
 0 223
 0 224
 0 225
 0 226
 1 227
 0 228
 0 229
 0 230
 0 231
 0 232
 1 233
 0 234
 0 235
 0 236
 0 237
 0 238
 0 239
 0 240
 1 241
 0 242
 1 243
 0 244
 0 245
 0 246
 0 247
 0 248
 0 249
 0 250
 0 251
 0 252
 0 253
 0 254
 0 255
 0 256
 0 257
 0 258
 0 259
 0 260
 0 261
 0 262
 0 263
 0 264
 0 265
 0 266
 0 267
 0 268
 0 269
 0 270
 0 271
 0 272
 0 273
 0 274
 0 275
 0 276
 0 277
 0 278
 0 279
 0 280
 2 281
 0 282
 0 283
 0 284
 0 285
 0 286
 0 287
 1 288
 0 289
 0 290
 0 291
 1 292
 0 293
 0 294
 0 295
 0 296
 3 297
 3 298
 4 299
 0 300
 2 301
 0 302
 3 303
 2 304
 2 305
 2 306
 1 307
 2 308
 5 309
 1 310
 2 311
 3 312
 1 313
 2 314
 2 315
 2 316
 2 317
 2 318
 1 319
 4 320
 3 321
 3 322
 4 323
 5 324
 1 325
 4 326
 3 327
 1 328
 7 329
 5 330
 3 331
 0 332
 0 333
 0 334
 1 335
 1 336
 3 337
 3 338
 2 339
 2 340
 1 341
 1 342
 3 343
 2 344
 1 345
 1 346
 3 347
 3 348
 4 349
 4 350
 0 351
 2 352
 0 353
 4 354
 1 355
 2 356
 3 357
 1 358
 1 359
 3 360
 1 361
 2 362
 1 363
 0 364
 0 365
 1 366
 3 367
 0 368
 0 369
 0 370
 2 371
 0 372
 0 373
 2 374
 1 375
 0 376
 1 377
 0 378
 1 379
 0 380
 0 381
 1 382
 0 383
 1 384
 0 385
 0 386
 1 387
 0 388
 0 389
 1 390
 1 391
 0 392
 0 393
 0 394
 0 395
 0 396
 0 397
 0 398
 0 399
 0 400
 0 401
 1 402
 0 403
 0 404
 1 405
 0 406
 0 407
 0 408
 0 409
 0 410
 0 411
 0 412
 0 413
 0 414
 0 415
 0 416
 1 417
 0 418
 0 419
 0 420
 0 421
 0 422
 0 423
 0 424
 0 425
 0 426
 0 427
 0 428
 0 429
 0 430
 0 431
 0 432
 0 433
 0 434
 0 435
 0 436
 0 437
 0 438
 0 439
 0 440
 0 441
 0 442
 0 443
 0 444
 0 445
 0 446
 0 447
 0 448
 0 449
 0 450
 0 451
 0 452
 0 453
 0 454
 0 455
 0 456
 0 457
 0 458
 0 459
 0 460
 0 461
 0 462
 0 463
 0 464
 0 465
 0 466
 0 467
 0 468
 0 469
 0 470
 0 471
 0 472
 0 473
 0 474
 0 475
 0 476
 0 477
 0 478
 0 479
 0 480
 0 481
 0 482
 0 483
 0 484
 0 485
 0 486
 0 487
 0 488
 0 489
 0 490
 0 491
 0 492
 0 493
 0 494
 0 495
 0 496
 0 497
 0 498
 0 499
 0 500
 0 501
 0 502
 0 503
 0 504
 0 505
 0 506
 0 507
 0 508
 0 509
 0 510
 0 511
 0 512
 0 513
 0 514
 0 515
 0 516
 0 517
 0 518
 0 519
 0 520
 0 521
 0 522
 0 523
 0 524
 0 525
 0 526
 0 527
 0 528
 0 529
 0 530
 0 531
 0 532
 0 533
 0 534
 0 535
 0 536
 0 537
 0 538
 0 539
 0 540
 0 541
 0 542
 0 543
 0 544
 0 545
 0 546
 0 547
 0 548
 0 549
 0 550
 0 551
 0 552
 0 553
 0 554
 0 555
 0 556
 0 557
 0 558
 0 559
 0 560
 0 561
 0 562
 0 563
 0 564
 0 565
 0 566
 0 567
 0 568
 0 569
 0 570
 0 571
 0 572
 0 573
 0 574
 0 575
 0 576
 0 577
 0 578
 0 579
 0 580
 0 581
 0 582
 0 583
 0 584
 0 585
 0 586
 0 587
 0 588
 0 589
 0 590
 0 591
 0 592
 0 593
 0 594
 0 595
 0 596
 0 597
 0 598
 0 599
 0 600


