# Created by Octave 3.8.2, Sat Jun 20 23:11:50 2020 CEST <damian@fptrucha.inv.usc.es>
# name: hd
# type: matrix
# rows: 551
# columns: 2
 0 50
 0 51
 0 52
 0 53
 0 54
 0 55
 0 56
 0 57
 0 58
 0 59
 0 60
 0 61
 0 62
 0 63
 0 64
 0 65
 0 66
 0 67
 0 68
 0 69
 0 70
 0 71
 0 72
 0 73
 0 74
 0 75
 0 76
 0 77
 0 78
 0 79
 0 80
 0 81
 0 82
 0 83
 0 84
 0 85
 0 86
 0 87
 0 88
 6 89
 1 90
 32 91
 80 92
 103 93
 152 94
 259 95
 404 96
 541 97
 681 98
 845 99
 893 100
 1003 101
 1097 102
 1097 103
 1241 104
 1255 105
 1252 106
 1362 107
 1228 108
 1238 109
 1291 110
 1146 111
 1114 112
 1122 113
 1022 114
 1025 115
 926 116
 858 117
 815 118
 804 119
 750 120
 660 121
 623 122
 567 123
 563 124
 491 125
 459 126
 443 127
 386 128
 318 129
 312 130
 275 131
 275 132
 251 133
 233 134
 237 135
 192 136
 163 137
 185 138
 159 139
 146 140
 160 141
 127 142
 127 143
 111 144
 113 145
 90 146
 92 147
 78 148
 68 149
 72 150
 71 151
 62 152
 69 153
 59 154
 48 155
 54 156
 53 157
 43 158
 52 159
 48 160
 45 161
 28 162
 42 163
 33 164
 28 165
 24 166
 34 167
 29 168
 24 169
 22 170
 16 171
 22 172
 16 173
 13 174
 20 175
 5 176
 13 177
 9 178
 13 179
 12 180
 9 181
 7 182
 11 183
 9 184
 7 185
 7 186
 10 187
 9 188
 5 189
 3 190
 4 191
 5 192
 4 193
 3 194
 5 195
 6 196
 2 197
 2 198
 2 199
 2 200
 3 201
 1 202
 0 203
 3 204
 0 205
 1 206
 1 207
 1 208
 1 209
 0 210
 2 211
 1 212
 1 213
 0 214
 0 215
 0 216
 1 217
 1 218
 0 219
 1 220
 0 221
 0 222
 0 223
 1 224
 0 225
 0 226
 0 227
 0 228
 2 229
 0 230
 0 231
 0 232
 0 233
 0 234
 0 235
 0 236
 0 237
 0 238
 0 239
 0 240
 0 241
 0 242
 0 243
 0 244
 0 245
 0 246
 0 247
 0 248
 0 249
 0 250
 0 251
 0 252
 0 253
 0 254
 0 255
 0 256
 0 257
 0 258
 0 259
 0 260
 0 261
 0 262
 0 263
 0 264
 0 265
 0 266
 0 267
 0 268
 0 269
 0 270
 0 271
 0 272
 1 273
 1 274
 0 275
 1 276
 0 277
 0 278
 0 279
 1 280
 0 281
 0 282
 0 283
 0 284
 0 285
 1 286
 1 287
 3 288
 2 289
 0 290
 2 291
 1 292
 3 293
 1 294
 2 295
 1 296
 1 297
 2 298
 1 299
 2 300
 3 301
 2 302
 1 303
 1 304
 3 305
 1 306
 1 307
 0 308
 4 309
 1 310
 4 311
 2 312
 1 313
 4 314
 4 315
 2 316
 1 317
 4 318
 0 319
 2 320
 2 321
 0 322
 2 323
 2 324
 4 325
 2 326
 2 327
 1 328
 5 329
 3 330
 3 331
 3 332
 0 333
 3 334
 2 335
 1 336
 8 337
 1 338
 2 339
 3 340
 2 341
 2 342
 5 343
 6 344
 0 345
 3 346
 0 347
 3 348
 3 349
 2 350
 4 351
 1 352
 4 353
 2 354
 2 355
 2 356
 0 357
 1 358
 1 359
 1 360
 1 361
 3 362
 1 363
 4 364
 3 365
 1 366
 3 367
 1 368
 1 369
 1 370
 3 371
 0 372
 1 373
 1 374
 1 375
 0 376
 2 377
 2 378
 2 379
 0 380
 1 381
 3 382
 1 383
 0 384
 2 385
 0 386
 1 387
 1 388
 0 389
 0 390
 0 391
 0 392
 2 393
 0 394
 0 395
 0 396
 1 397
 1 398
 0 399
 0 400
 0 401
 0 402
 1 403
 0 404
 0 405
 0 406
 0 407
 0 408
 0 409
 0 410
 1 411
 0 412
 0 413
 0 414
 0 415
 1 416
 0 417
 0 418
 0 419
 0 420
 0 421
 0 422
 0 423
 0 424
 0 425
 0 426
 0 427
 0 428
 0 429
 0 430
 0 431
 0 432
 0 433
 0 434
 0 435
 0 436
 0 437
 0 438
 0 439
 0 440
 0 441
 0 442
 0 443
 0 444
 0 445
 0 446
 0 447
 0 448
 0 449
 0 450
 0 451
 0 452
 0 453
 0 454
 0 455
 0 456
 0 457
 0 458
 0 459
 0 460
 0 461
 0 462
 0 463
 0 464
 0 465
 0 466
 0 467
 0 468
 0 469
 0 470
 0 471
 0 472
 0 473
 0 474
 0 475
 0 476
 0 477
 0 478
 0 479
 0 480
 0 481
 0 482
 0 483
 0 484
 0 485
 0 486
 0 487
 0 488
 0 489
 0 490
 0 491
 0 492
 0 493
 0 494
 0 495
 0 496
 0 497
 0 498
 0 499
 0 500
 0 501
 0 502
 0 503
 0 504
 0 505
 0 506
 0 507
 0 508
 0 509
 0 510
 0 511
 0 512
 0 513
 0 514
 0 515
 0 516
 0 517
 0 518
 0 519
 0 520
 0 521
 0 522
 0 523
 0 524
 0 525
 0 526
 0 527
 0 528
 0 529
 0 530
 0 531
 0 532
 0 533
 0 534
 0 535
 0 536
 0 537
 0 538
 0 539
 0 540
 0 541
 0 542
 0 543
 0 544
 0 545
 0 546
 0 547
 0 548
 0 549
 0 550
 0 551
 0 552
 0 553
 0 554
 0 555
 0 556
 0 557
 0 558
 0 559
 0 560
 0 561
 0 562
 0 563
 0 564
 0 565
 0 566
 0 567
 0 568
 0 569
 0 570
 0 571
 0 572
 0 573
 0 574
 0 575
 0 576
 0 577
 0 578
 0 579
 0 580
 0 581
 0 582
 0 583
 0 584
 0 585
 0 586
 0 587
 0 588
 0 589
 0 590
 0 591
 0 592
 0 593
 0 594
 0 595
 0 596
 0 597
 0 598
 0 599
 0 600


