# Created by Octave 3.8.2, Sat Jun 20 08:46:53 2020 CEST <damian@fptrucha.inv.usc.es>
# name: hd
# type: matrix
# rows: 551
# columns: 2
 0 50
 0 51
 0 52
 0 53
 0 54
 0 55
 0 56
 0 57
 0 58
 0 59
 0 60
 0 61
 0 62
 0 63
 0 64
 0 65
 0 66
 0 67
 0 68
 0 69
 0 70
 0 71
 0 72
 0 73
 0 74
 0 75
 0 76
 0 77
 0 78
 0 79
 0 80
 0 81
 0 82
 0 83
 0 84
 0 85
 0 86
 0 87
 1 88
 0 89
 3 90
 33 91
 106 92
 135 93
 200 94
 354 95
 522 96
 756 97
 935 98
 1110 99
 1363 100
 1406 101
 1602 102
 1568 103
 1644 104
 1634 105
 1612 106
 1645 107
 1597 108
 1551 109
 1481 110
 1438 111
 1308 112
 1264 113
 1154 114
 1191 115
 1015 116
 990 117
 906 118
 866 119
 746 120
 618 121
 589 122
 545 123
 539 124
 437 125
 448 126
 405 127
 378 128
 333 129
 280 130
 269 131
 221 132
 252 133
 201 134
 204 135
 193 136
 167 137
 138 138
 157 139
 120 140
 121 141
 98 142
 109 143
 102 144
 104 145
 85 146
 79 147
 63 148
 66 149
 69 150
 69 151
 51 152
 51 153
 61 154
 48 155
 57 156
 39 157
 33 158
 33 159
 40 160
 43 161
 37 162
 30 163
 24 164
 18 165
 26 166
 15 167
 18 168
 20 169
 18 170
 17 171
 16 172
 10 173
 8 174
 13 175
 13 176
 14 177
 14 178
 3 179
 5 180
 6 181
 4 182
 6 183
 1 184
 9 185
 2 186
 4 187
 1 188
 8 189
 3 190
 5 191
 1 192
 4 193
 5 194
 4 195
 1 196
 2 197
 3 198
 4 199
 1 200
 5 201
 1 202
 1 203
 3 204
 0 205
 1 206
 3 207
 2 208
 1 209
 0 210
 1 211
 0 212
 0 213
 0 214
 1 215
 1 216
 1 217
 1 218
 0 219
 1 220
 0 221
 0 222
 1 223
 0 224
 0 225
 0 226
 0 227
 1 228
 0 229
 0 230
 0 231
 0 232
 0 233
 0 234
 0 235
 0 236
 0 237
 0 238
 0 239
 0 240
 0 241
 0 242
 0 243
 0 244
 0 245
 0 246
 0 247
 0 248
 0 249
 0 250
 0 251
 0 252
 0 253
 0 254
 0 255
 0 256
 0 257
 0 258
 0 259
 0 260
 0 261
 0 262
 1 263
 0 264
 0 265
 0 266
 0 267
 0 268
 0 269
 0 270
 0 271
 0 272
 1 273
 0 274
 0 275
 0 276
 0 277
 0 278
 1 279
 0 280
 1 281
 1 282
 0 283
 0 284
 1 285
 0 286
 0 287
 1 288
 1 289
 0 290
 0 291
 3 292
 0 293
 0 294
 0 295
 0 296
 2 297
 0 298
 0 299
 1 300
 0 301
 1 302
 1 303
 1 304
 0 305
 0 306
 2 307
 0 308
 1 309
 3 310
 0 311
 3 312
 2 313
 0 314
 1 315
 3 316
 0 317
 0 318
 5 319
 4 320
 0 321
 2 322
 1 323
 1 324
 2 325
 5 326
 3 327
 1 328
 2 329
 0 330
 1 331
 1 332
 2 333
 0 334
 5 335
 0 336
 4 337
 4 338
 0 339
 2 340
 3 341
 1 342
 1 343
 0 344
 0 345
 2 346
 2 347
 1 348
 1 349
 2 350
 2 351
 2 352
 1 353
 3 354
 1 355
 0 356
 0 357
 2 358
 1 359
 1 360
 4 361
 1 362
 1 363
 3 364
 1 365
 1 366
 1 367
 2 368
 0 369
 1 370
 1 371
 1 372
 0 373
 2 374
 1 375
 0 376
 2 377
 1 378
 0 379
 2 380
 1 381
 1 382
 0 383
 0 384
 0 385
 0 386
 0 387
 0 388
 1 389
 2 390
 0 391
 0 392
 0 393
 0 394
 0 395
 0 396
 0 397
 1 398
 0 399
 1 400
 0 401
 0 402
 0 403
 0 404
 0 405
 0 406
 0 407
 0 408
 0 409
 0 410
 0 411
 1 412
 0 413
 0 414
 0 415
 0 416
 0 417
 0 418
 0 419
 0 420
 0 421
 0 422
 0 423
 0 424
 0 425
 0 426
 0 427
 0 428
 0 429
 0 430
 0 431
 0 432
 0 433
 0 434
 0 435
 0 436
 0 437
 0 438
 0 439
 0 440
 0 441
 0 442
 0 443
 0 444
 0 445
 0 446
 0 447
 0 448
 0 449
 0 450
 0 451
 0 452
 0 453
 0 454
 0 455
 0 456
 0 457
 0 458
 0 459
 0 460
 0 461
 0 462
 0 463
 0 464
 0 465
 0 466
 0 467
 0 468
 0 469
 0 470
 0 471
 0 472
 0 473
 0 474
 0 475
 0 476
 0 477
 0 478
 0 479
 0 480
 0 481
 0 482
 0 483
 0 484
 0 485
 0 486
 0 487
 0 488
 0 489
 0 490
 0 491
 0 492
 0 493
 0 494
 0 495
 0 496
 0 497
 0 498
 0 499
 0 500
 0 501
 0 502
 0 503
 0 504
 0 505
 0 506
 0 507
 0 508
 0 509
 0 510
 0 511
 0 512
 0 513
 0 514
 0 515
 0 516
 0 517
 0 518
 0 519
 0 520
 0 521
 0 522
 0 523
 0 524
 0 525
 0 526
 0 527
 0 528
 0 529
 0 530
 0 531
 0 532
 0 533
 0 534
 0 535
 0 536
 0 537
 0 538
 0 539
 0 540
 0 541
 0 542
 0 543
 0 544
 0 545
 0 546
 0 547
 0 548
 0 549
 0 550
 0 551
 0 552
 0 553
 0 554
 0 555
 0 556
 0 557
 0 558
 0 559
 0 560
 0 561
 0 562
 0 563
 0 564
 0 565
 0 566
 0 567
 0 568
 0 569
 0 570
 0 571
 0 572
 0 573
 0 574
 0 575
 0 576
 0 577
 0 578
 0 579
 0 580
 0 581
 0 582
 0 583
 0 584
 0 585
 0 586
 0 587
 0 588
 0 589
 0 590
 0 591
 0 592
 0 593
 0 594
 0 595
 0 596
 0 597
 0 598
 0 599
 0 600


