# Created by Octave 3.8.2, Mon Jun 22 13:00:49 2020 CEST <damian@fptrucha.inv.usc.es>
# name: hd
# type: matrix
# rows: 551
# columns: 2
 0 50
 0 51
 0 52
 0 53
 0 54
 0 55
 0 56
 0 57
 0 58
 0 59
 0 60
 0 61
 0 62
 0 63
 0 64
 0 65
 0 66
 0 67
 0 68
 0 69
 0 70
 0 71
 0 72
 0 73
 0 74
 0 75
 0 76
 0 77
 0 78
 0 79
 0 80
 0 81
 0 82
 0 83
 0 84
 0 85
 0 86
 0 87
 1 88
 1 89
 3 90
 19 91
 95 92
 131 93
 170 94
 245 95
 411 96
 609 97
 819 98
 937 99
 1174 100
 1324 101
 1364 102
 1422 103
 1485 104
 1460 105
 1446 106
 1408 107
 1406 108
 1311 109
 1360 110
 1206 111
 1106 112
 1064 113
 1100 114
 924 115
 851 116
 832 117
 701 118
 656 119
 634 120
 543 121
 484 122
 460 123
 441 124
 415 125
 357 126
 322 127
 326 128
 277 129
 260 130
 260 131
 242 132
 197 133
 182 134
 147 135
 172 136
 137 137
 134 138
 131 139
 118 140
 110 141
 116 142
 86 143
 90 144
 87 145
 89 146
 94 147
 85 148
 79 149
 79 150
 87 151
 49 152
 67 153
 43 154
 63 155
 40 156
 49 157
 49 158
 34 159
 49 160
 32 161
 34 162
 36 163
 30 164
 26 165
 33 166
 21 167
 20 168
 25 169
 21 170
 21 171
 14 172
 19 173
 17 174
 10 175
 10 176
 14 177
 16 178
 7 179
 9 180
 13 181
 8 182
 10 183
 11 184
 7 185
 9 186
 2 187
 7 188
 8 189
 2 190
 3 191
 1 192
 3 193
 6 194
 1 195
 2 196
 4 197
 1 198
 3 199
 2 200
 1 201
 1 202
 3 203
 0 204
 1 205
 3 206
 1 207
 0 208
 2 209
 3 210
 1 211
 0 212
 1 213
 0 214
 0 215
 0 216
 0 217
 1 218
 0 219
 0 220
 0 221
 0 222
 0 223
 0 224
 0 225
 0 226
 0 227
 1 228
 0 229
 0 230
 0 231
 0 232
 0 233
 0 234
 1 235
 0 236
 0 237
 1 238
 0 239
 0 240
 0 241
 0 242
 0 243
 0 244
 0 245
 0 246
 0 247
 0 248
 0 249
 0 250
 0 251
 0 252
 0 253
 0 254
 0 255
 0 256
 0 257
 0 258
 0 259
 0 260
 0 261
 0 262
 0 263
 0 264
 0 265
 0 266
 0 267
 0 268
 0 269
 0 270
 0 271
 0 272
 1 273
 0 274
 0 275
 0 276
 0 277
 1 278
 0 279
 2 280
 0 281
 1 282
 0 283
 1 284
 0 285
 1 286
 1 287
 3 288
 0 289
 2 290
 2 291
 1 292
 0 293
 1 294
 1 295
 1 296
 1 297
 0 298
 1 299
 0 300
 4 301
 1 302
 1 303
 1 304
 0 305
 3 306
 1 307
 2 308
 3 309
 3 310
 1 311
 2 312
 0 313
 1 314
 7 315
 2 316
 6 317
 3 318
 4 319
 1 320
 1 321
 1 322
 1 323
 0 324
 2 325
 2 326
 0 327
 2 328
 3 329
 2 330
 5 331
 1 332
 4 333
 2 334
 4 335
 3 336
 0 337
 5 338
 5 339
 5 340
 0 341
 4 342
 3 343
 2 344
 4 345
 1 346
 0 347
 2 348
 2 349
 0 350
 2 351
 0 352
 3 353
 2 354
 1 355
 0 356
 0 357
 1 358
 3 359
 1 360
 3 361
 3 362
 0 363
 1 364
 2 365
 0 366
 0 367
 0 368
 0 369
 0 370
 2 371
 0 372
 0 373
 3 374
 0 375
 0 376
 1 377
 1 378
 0 379
 2 380
 0 381
 0 382
 0 383
 1 384
 0 385
 0 386
 0 387
 1 388
 3 389
 0 390
 0 391
 0 392
 0 393
 0 394
 1 395
 0 396
 0 397
 0 398
 0 399
 0 400
 0 401
 0 402
 0 403
 0 404
 0 405
 0 406
 0 407
 0 408
 0 409
 0 410
 0 411
 0 412
 0 413
 0 414
 1 415
 0 416
 0 417
 0 418
 0 419
 0 420
 0 421
 0 422
 0 423
 0 424
 0 425
 0 426
 0 427
 0 428
 0 429
 0 430
 0 431
 0 432
 0 433
 0 434
 0 435
 0 436
 0 437
 0 438
 0 439
 0 440
 0 441
 0 442
 0 443
 0 444
 0 445
 0 446
 0 447
 0 448
 0 449
 0 450
 0 451
 0 452
 0 453
 0 454
 0 455
 0 456
 0 457
 0 458
 0 459
 0 460
 0 461
 0 462
 0 463
 0 464
 0 465
 0 466
 0 467
 0 468
 0 469
 0 470
 0 471
 0 472
 0 473
 0 474
 0 475
 0 476
 0 477
 0 478
 0 479
 0 480
 0 481
 0 482
 0 483
 0 484
 0 485
 0 486
 0 487
 0 488
 0 489
 0 490
 0 491
 0 492
 0 493
 0 494
 0 495
 0 496
 0 497
 0 498
 0 499
 0 500
 0 501
 0 502
 0 503
 0 504
 0 505
 0 506
 0 507
 0 508
 0 509
 0 510
 0 511
 0 512
 0 513
 0 514
 0 515
 0 516
 0 517
 0 518
 0 519
 0 520
 0 521
 0 522
 0 523
 0 524
 0 525
 0 526
 0 527
 0 528
 0 529
 0 530
 0 531
 0 532
 0 533
 0 534
 0 535
 0 536
 0 537
 0 538
 0 539
 0 540
 0 541
 0 542
 0 543
 0 544
 0 545
 0 546
 0 547
 0 548
 0 549
 0 550
 0 551
 0 552
 0 553
 0 554
 0 555
 0 556
 0 557
 0 558
 0 559
 0 560
 0 561
 0 562
 0 563
 0 564
 0 565
 0 566
 0 567
 0 568
 0 569
 0 570
 0 571
 0 572
 0 573
 0 574
 0 575
 0 576
 0 577
 0 578
 0 579
 0 580
 0 581
 0 582
 0 583
 0 584
 0 585
 0 586
 0 587
 0 588
 0 589
 0 590
 0 591
 0 592
 0 593
 0 594
 0 595
 0 596
 0 597
 0 598
 0 599
 0 600


