# Created by Octave 3.8.2, Sat Jun 20 22:39:47 2020 CEST <damian@fptrucha.inv.usc.es>
# name: hd
# type: matrix
# rows: 551
# columns: 2
 0 50
 0 51
 0 52
 0 53
 0 54
 0 55
 0 56
 0 57
 0 58
 0 59
 0 60
 0 61
 0 62
 0 63
 0 64
 0 65
 0 66
 0 67
 0 68
 0 69
 0 70
 0 71
 0 72
 0 73
 0 74
 0 75
 0 76
 0 77
 0 78
 0 79
 0 80
 0 81
 0 82
 0 83
 0 84
 0 85
 0 86
 0 87
 0 88
 3 89
 1 90
 43 91
 72 92
 98 93
 187 94
 272 95
 364 96
 537 97
 723 98
 830 99
 1005 100
 1115 101
 1144 102
 1128 103
 1295 104
 1312 105
 1339 106
 1372 107
 1303 108
 1185 109
 1254 110
 1199 111
 1142 112
 1045 113
 1057 114
 1029 115
 930 116
 868 117
 800 118
 782 119
 726 120
 641 121
 630 122
 567 123
 496 124
 448 125
 407 126
 392 127
 363 128
 312 129
 340 130
 275 131
 260 132
 214 133
 232 134
 213 135
 204 136
 183 137
 172 138
 181 139
 159 140
 128 141
 123 142
 114 143
 105 144
 100 145
 97 146
 94 147
 99 148
 71 149
 49 150
 73 151
 48 152
 59 153
 58 154
 44 155
 47 156
 52 157
 41 158
 24 159
 32 160
 35 161
 32 162
 35 163
 20 164
 31 165
 22 166
 22 167
 25 168
 23 169
 22 170
 20 171
 7 172
 9 173
 17 174
 20 175
 11 176
 12 177
 6 178
 11 179
 14 180
 10 181
 6 182
 6 183
 10 184
 7 185
 5 186
 4 187
 7 188
 5 189
 4 190
 0 191
 5 192
 2 193
 2 194
 2 195
 0 196
 0 197
 0 198
 3 199
 2 200
 1 201
 5 202
 1 203
 1 204
 2 205
 3 206
 2 207
 1 208
 0 209
 1 210
 2 211
 0 212
 0 213
 0 214
 0 215
 0 216
 2 217
 0 218
 1 219
 0 220
 0 221
 0 222
 0 223
 1 224
 0 225
 0 226
 0 227
 0 228
 0 229
 2 230
 0 231
 0 232
 0 233
 0 234
 0 235
 1 236
 0 237
 0 238
 0 239
 0 240
 0 241
 0 242
 0 243
 0 244
 0 245
 0 246
 0 247
 0 248
 0 249
 0 250
 0 251
 0 252
 0 253
 0 254
 0 255
 0 256
 0 257
 0 258
 0 259
 0 260
 0 261
 0 262
 0 263
 0 264
 0 265
 0 266
 0 267
 0 268
 0 269
 0 270
 0 271
 0 272
 0 273
 0 274
 0 275
 1 276
 0 277
 0 278
 0 279
 1 280
 0 281
 0 282
 0 283
 3 284
 0 285
 1 286
 1 287
 1 288
 0 289
 2 290
 2 291
 0 292
 0 293
 2 294
 1 295
 1 296
 0 297
 1 298
 1 299
 1 300
 0 301
 2 302
 1 303
 1 304
 1 305
 0 306
 1 307
 1 308
 2 309
 2 310
 2 311
 0 312
 4 313
 0 314
 1 315
 4 316
 2 317
 0 318
 2 319
 4 320
 2 321
 3 322
 4 323
 1 324
 1 325
 4 326
 2 327
 2 328
 2 329
 3 330
 1 331
 2 332
 2 333
 6 334
 2 335
 3 336
 0 337
 3 338
 0 339
 2 340
 3 341
 3 342
 1 343
 3 344
 4 345
 8 346
 2 347
 0 348
 1 349
 3 350
 0 351
 0 352
 0 353
 0 354
 2 355
 0 356
 2 357
 1 358
 2 359
 2 360
 1 361
 2 362
 0 363
 3 364
 6 365
 2 366
 3 367
 0 368
 0 369
 0 370
 3 371
 0 372
 0 373
 0 374
 0 375
 1 376
 0 377
 2 378
 1 379
 1 380
 0 381
 0 382
 0 383
 0 384
 0 385
 0 386
 1 387
 0 388
 1 389
 0 390
 0 391
 0 392
 0 393
 0 394
 0 395
 0 396
 0 397
 0 398
 0 399
 0 400
 0 401
 0 402
 0 403
 0 404
 0 405
 0 406
 0 407
 0 408
 0 409
 1 410
 0 411
 0 412
 0 413
 0 414
 0 415
 0 416
 0 417
 0 418
 0 419
 0 420
 0 421
 0 422
 0 423
 0 424
 0 425
 0 426
 0 427
 0 428
 0 429
 0 430
 0 431
 0 432
 0 433
 0 434
 0 435
 0 436
 0 437
 0 438
 0 439
 0 440
 0 441
 0 442
 0 443
 0 444
 0 445
 0 446
 0 447
 0 448
 0 449
 0 450
 0 451
 0 452
 0 453
 0 454
 0 455
 0 456
 0 457
 0 458
 0 459
 0 460
 0 461
 0 462
 0 463
 0 464
 0 465
 0 466
 0 467
 0 468
 0 469
 0 470
 0 471
 0 472
 0 473
 0 474
 0 475
 0 476
 0 477
 0 478
 0 479
 0 480
 0 481
 0 482
 0 483
 0 484
 0 485
 0 486
 0 487
 0 488
 0 489
 0 490
 0 491
 0 492
 0 493
 0 494
 0 495
 0 496
 0 497
 0 498
 0 499
 0 500
 0 501
 0 502
 0 503
 0 504
 0 505
 0 506
 0 507
 0 508
 0 509
 0 510
 0 511
 0 512
 0 513
 0 514
 0 515
 0 516
 0 517
 0 518
 0 519
 0 520
 0 521
 0 522
 0 523
 0 524
 0 525
 0 526
 0 527
 0 528
 0 529
 0 530
 0 531
 0 532
 0 533
 0 534
 0 535
 0 536
 0 537
 0 538
 0 539
 0 540
 0 541
 0 542
 0 543
 0 544
 0 545
 0 546
 0 547
 0 548
 0 549
 0 550
 0 551
 0 552
 0 553
 0 554
 0 555
 0 556
 0 557
 0 558
 0 559
 0 560
 0 561
 0 562
 0 563
 0 564
 0 565
 0 566
 0 567
 0 568
 0 569
 0 570
 0 571
 0 572
 0 573
 0 574
 0 575
 0 576
 0 577
 0 578
 0 579
 0 580
 0 581
 0 582
 0 583
 0 584
 0 585
 0 586
 0 587
 0 588
 0 589
 0 590
 0 591
 0 592
 0 593
 0 594
 0 595
 0 596
 0 597
 0 598
 0 599
 0 600


