# Created by Octave 3.8.2, Mon Jun 22 21:33:53 2020 CEST <damian@fptrucha.inv.usc.es>
# name: hd
# type: matrix
# rows: 551
# columns: 2
 0 50
 0 51
 0 52
 0 53
 0 54
 0 55
 0 56
 0 57
 0 58
 0 59
 0 60
 0 61
 0 62
 0 63
 0 64
 0 65
 0 66
 0 67
 0 68
 0 69
 0 70
 0 71
 0 72
 0 73
 0 74
 0 75
 0 76
 0 77
 0 78
 0 79
 0 80
 0 81
 0 82
 0 83
 0 84
 0 85
 0 86
 1 87
 1 88
 2 89
 6 90
 30 91
 101 92
 134 93
 164 94
 296 95
 525 96
 722 97
 914 98
 1051 99
 1328 100
 1420 101
 1463 102
 1537 103
 1552 104
 1584 105
 1594 106
 1574 107
 1521 108
 1398 109
 1435 110
 1293 111
 1152 112
 1075 113
 984 114
 969 115
 880 116
 810 117
 774 118
 691 119
 606 120
 545 121
 510 122
 452 123
 449 124
 356 125
 402 126
 330 127
 299 128
 289 129
 292 130
 234 131
 216 132
 187 133
 173 134
 167 135
 188 136
 158 137
 124 138
 147 139
 126 140
 115 141
 122 142
 116 143
 89 144
 104 145
 99 146
 95 147
 75 148
 77 149
 70 150
 67 151
 59 152
 58 153
 59 154
 49 155
 44 156
 51 157
 34 158
 27 159
 34 160
 30 161
 23 162
 31 163
 32 164
 38 165
 26 166
 23 167
 23 168
 16 169
 21 170
 16 171
 18 172
 18 173
 8 174
 17 175
 18 176
 14 177
 10 178
 9 179
 7 180
 12 181
 5 182
 14 183
 5 184
 9 185
 9 186
 11 187
 7 188
 6 189
 3 190
 5 191
 4 192
 4 193
 5 194
 0 195
 2 196
 4 197
 4 198
 2 199
 3 200
 2 201
 1 202
 1 203
 0 204
 2 205
 2 206
 3 207
 1 208
 1 209
 1 210
 3 211
 1 212
 0 213
 1 214
 0 215
 0 216
 0 217
 1 218
 0 219
 0 220
 0 221
 0 222
 0 223
 1 224
 0 225
 1 226
 0 227
 0 228
 0 229
 1 230
 0 231
 0 232
 0 233
 0 234
 0 235
 0 236
 0 237
 0 238
 1 239
 0 240
 0 241
 0 242
 0 243
 0 244
 0 245
 0 246
 0 247
 0 248
 0 249
 0 250
 0 251
 0 252
 0 253
 0 254
 0 255
 0 256
 0 257
 0 258
 0 259
 0 260
 0 261
 0 262
 0 263
 0 264
 0 265
 0 266
 0 267
 0 268
 0 269
 0 270
 0 271
 0 272
 0 273
 0 274
 0 275
 0 276
 0 277
 0 278
 1 279
 0 280
 0 281
 1 282
 0 283
 2 284
 1 285
 0 286
 1 287
 0 288
 3 289
 1 290
 1 291
 0 292
 0 293
 0 294
 3 295
 2 296
 1 297
 0 298
 2 299
 0 300
 1 301
 2 302
 2 303
 2 304
 1 305
 1 306
 1 307
 1 308
 2 309
 4 310
 2 311
 4 312
 3 313
 3 314
 2 315
 2 316
 2 317
 3 318
 3 319
 2 320
 1 321
 2 322
 1 323
 1 324
 1 325
 2 326
 9 327
 0 328
 0 329
 4 330
 1 331
 3 332
 6 333
 3 334
 1 335
 7 336
 0 337
 3 338
 3 339
 2 340
 2 341
 2 342
 1 343
 5 344
 3 345
 0 346
 6 347
 4 348
 4 349
 5 350
 2 351
 1 352
 1 353
 3 354
 2 355
 2 356
 0 357
 3 358
 0 359
 2 360
 1 361
 2 362
 2 363
 1 364
 0 365
 1 366
 3 367
 0 368
 1 369
 0 370
 1 371
 2 372
 0 373
 2 374
 0 375
 1 376
 1 377
 0 378
 1 379
 0 380
 2 381
 0 382
 0 383
 2 384
 1 385
 0 386
 1 387
 1 388
 1 389
 1 390
 1 391
 0 392
 1 393
 1 394
 0 395
 0 396
 0 397
 0 398
 0 399
 0 400
 0 401
 0 402
 0 403
 0 404
 0 405
 0 406
 0 407
 0 408
 0 409
 0 410
 1 411
 0 412
 0 413
 0 414
 0 415
 0 416
 0 417
 0 418
 0 419
 0 420
 0 421
 0 422
 0 423
 0 424
 0 425
 0 426
 0 427
 0 428
 0 429
 0 430
 0 431
 0 432
 0 433
 0 434
 0 435
 0 436
 0 437
 0 438
 0 439
 0 440
 0 441
 0 442
 0 443
 0 444
 0 445
 0 446
 0 447
 0 448
 0 449
 0 450
 0 451
 0 452
 0 453
 0 454
 0 455
 0 456
 0 457
 0 458
 0 459
 0 460
 0 461
 0 462
 0 463
 0 464
 0 465
 0 466
 0 467
 0 468
 0 469
 0 470
 0 471
 0 472
 0 473
 0 474
 0 475
 0 476
 0 477
 0 478
 0 479
 0 480
 0 481
 0 482
 0 483
 0 484
 0 485
 0 486
 0 487
 0 488
 0 489
 0 490
 0 491
 0 492
 0 493
 0 494
 0 495
 0 496
 0 497
 0 498
 0 499
 0 500
 0 501
 0 502
 0 503
 0 504
 0 505
 0 506
 0 507
 0 508
 0 509
 0 510
 0 511
 0 512
 0 513
 0 514
 0 515
 0 516
 0 517
 0 518
 0 519
 0 520
 0 521
 0 522
 0 523
 0 524
 0 525
 0 526
 0 527
 0 528
 0 529
 0 530
 0 531
 0 532
 0 533
 0 534
 0 535
 0 536
 0 537
 0 538
 0 539
 0 540
 0 541
 0 542
 0 543
 0 544
 0 545
 0 546
 0 547
 0 548
 0 549
 0 550
 0 551
 0 552
 0 553
 0 554
 0 555
 0 556
 0 557
 0 558
 0 559
 0 560
 0 561
 0 562
 0 563
 0 564
 0 565
 0 566
 0 567
 0 568
 0 569
 0 570
 0 571
 0 572
 0 573
 0 574
 0 575
 0 576
 0 577
 0 578
 0 579
 0 580
 0 581
 0 582
 0 583
 0 584
 0 585
 0 586
 0 587
 0 588
 0 589
 0 590
 0 591
 0 592
 0 593
 0 594
 0 595
 0 596
 0 597
 0 598
 0 599
 0 600


