# Created by Octave 3.8.2, Sat Jun 20 10:28:45 2020 CEST <damian@fptrucha.inv.usc.es>
# name: hd
# type: matrix
# rows: 551
# columns: 2
 0 50
 0 51
 0 52
 0 53
 0 54
 0 55
 0 56
 0 57
 0 58
 0 59
 0 60
 0 61
 0 62
 0 63
 0 64
 0 65
 0 66
 0 67
 0 68
 0 69
 0 70
 0 71
 0 72
 0 73
 0 74
 0 75
 0 76
 0 77
 0 78
 0 79
 0 80
 0 81
 0 82
 0 83
 0 84
 0 85
 0 86
 0 87
 2 88
 3 89
 6 90
 20 91
 82 92
 148 93
 222 94
 356 95
 491 96
 778 97
 897 98
 1116 99
 1268 100
 1332 101
 1420 102
 1517 103
 1589 104
 1615 105
 1660 106
 1531 107
 1517 108
 1486 109
 1465 110
 1395 111
 1259 112
 1178 113
 1105 114
 1110 115
 1009 116
 966 117
 881 118
 790 119
 766 120
 671 121
 625 122
 560 123
 521 124
 510 125
 465 126
 382 127
 349 128
 323 129
 302 130
 294 131
 252 132
 214 133
 222 134
 193 135
 185 136
 179 137
 156 138
 145 139
 122 140
 136 141
 106 142
 117 143
 115 144
 90 145
 92 146
 92 147
 89 148
 72 149
 56 150
 63 151
 70 152
 51 153
 49 154
 62 155
 54 156
 45 157
 32 158
 34 159
 44 160
 39 161
 34 162
 29 163
 32 164
 26 165
 23 166
 19 167
 27 168
 13 169
 20 170
 19 171
 18 172
 19 173
 10 174
 14 175
 16 176
 14 177
 5 178
 5 179
 5 180
 8 181
 7 182
 3 183
 6 184
 3 185
 6 186
 8 187
 5 188
 6 189
 5 190
 4 191
 4 192
 6 193
 1 194
 1 195
 6 196
 4 197
 2 198
 1 199
 2 200
 3 201
 2 202
 3 203
 0 204
 0 205
 0 206
 0 207
 3 208
 2 209
 2 210
 0 211
 1 212
 2 213
 1 214
 1 215
 0 216
 1 217
 0 218
 0 219
 0 220
 0 221
 0 222
 0 223
 0 224
 0 225
 1 226
 1 227
 0 228
 1 229
 0 230
 0 231
 1 232
 0 233
 1 234
 0 235
 0 236
 0 237
 0 238
 0 239
 0 240
 0 241
 0 242
 0 243
 0 244
 0 245
 0 246
 0 247
 0 248
 0 249
 0 250
 0 251
 0 252
 0 253
 0 254
 0 255
 0 256
 0 257
 0 258
 0 259
 0 260
 0 261
 0 262
 0 263
 0 264
 0 265
 0 266
 0 267
 0 268
 0 269
 0 270
 0 271
 0 272
 0 273
 0 274
 0 275
 0 276
 1 277
 0 278
 0 279
 0 280
 0 281
 0 282
 0 283
 1 284
 0 285
 0 286
 1 287
 0 288
 1 289
 0 290
 0 291
 0 292
 0 293
 0 294
 3 295
 1 296
 2 297
 0 298
 1 299
 1 300
 0 301
 0 302
 2 303
 2 304
 5 305
 2 306
 0 307
 1 308
 0 309
 1 310
 2 311
 4 312
 1 313
 2 314
 0 315
 0 316
 1 317
 3 318
 1 319
 1 320
 2 321
 4 322
 3 323
 4 324
 4 325
 1 326
 0 327
 1 328
 1 329
 1 330
 2 331
 0 332
 3 333
 1 334
 3 335
 5 336
 3 337
 2 338
 0 339
 2 340
 2 341
 5 342
 0 343
 4 344
 0 345
 2 346
 2 347
 4 348
 3 349
 3 350
 2 351
 1 352
 0 353
 1 354
 1 355
 3 356
 2 357
 1 358
 0 359
 0 360
 2 361
 3 362
 2 363
 6 364
 2 365
 3 366
 3 367
 0 368
 0 369
 1 370
 1 371
 2 372
 0 373
 1 374
 1 375
 1 376
 0 377
 1 378
 0 379
 2 380
 0 381
 0 382
 2 383
 1 384
 1 385
 2 386
 0 387
 4 388
 0 389
 0 390
 0 391
 0 392
 0 393
 0 394
 0 395
 0 396
 0 397
 0 398
 0 399
 0 400
 0 401
 1 402
 0 403
 1 404
 0 405
 0 406
 0 407
 2 408
 0 409
 0 410
 0 411
 0 412
 0 413
 0 414
 0 415
 0 416
 0 417
 0 418
 0 419
 0 420
 0 421
 0 422
 0 423
 0 424
 0 425
 0 426
 0 427
 0 428
 0 429
 0 430
 0 431
 0 432
 0 433
 0 434
 0 435
 0 436
 0 437
 0 438
 0 439
 0 440
 0 441
 0 442
 0 443
 0 444
 0 445
 0 446
 0 447
 0 448
 0 449
 0 450
 0 451
 0 452
 0 453
 0 454
 0 455
 0 456
 0 457
 0 458
 0 459
 0 460
 0 461
 0 462
 0 463
 0 464
 0 465
 0 466
 0 467
 0 468
 0 469
 0 470
 0 471
 0 472
 0 473
 0 474
 0 475
 0 476
 0 477
 0 478
 0 479
 0 480
 0 481
 0 482
 0 483
 0 484
 0 485
 0 486
 0 487
 0 488
 0 489
 0 490
 0 491
 0 492
 0 493
 0 494
 0 495
 0 496
 0 497
 0 498
 0 499
 0 500
 0 501
 0 502
 0 503
 0 504
 0 505
 0 506
 0 507
 0 508
 0 509
 0 510
 0 511
 0 512
 0 513
 0 514
 0 515
 0 516
 0 517
 0 518
 0 519
 0 520
 0 521
 0 522
 0 523
 0 524
 0 525
 0 526
 0 527
 0 528
 0 529
 0 530
 0 531
 0 532
 0 533
 0 534
 0 535
 0 536
 0 537
 0 538
 0 539
 0 540
 0 541
 0 542
 0 543
 0 544
 0 545
 0 546
 0 547
 0 548
 0 549
 0 550
 0 551
 0 552
 0 553
 0 554
 0 555
 0 556
 0 557
 0 558
 0 559
 0 560
 0 561
 0 562
 0 563
 0 564
 0 565
 0 566
 0 567
 0 568
 0 569
 0 570
 0 571
 0 572
 0 573
 0 574
 0 575
 0 576
 0 577
 0 578
 0 579
 0 580
 0 581
 0 582
 0 583
 0 584
 0 585
 0 586
 0 587
 0 588
 0 589
 0 590
 0 591
 0 592
 0 593
 0 594
 0 595
 0 596
 0 597
 0 598
 0 599
 0 600


