# Created by Octave 3.8.2, Sat Jun 20 14:20:28 2020 CEST <damian@fptrucha.inv.usc.es>
# name: hd
# type: matrix
# rows: 551
# columns: 2
 0 50
 0 51
 0 52
 0 53
 0 54
 0 55
 0 56
 0 57
 0 58
 0 59
 0 60
 0 61
 0 62
 0 63
 0 64
 0 65
 0 66
 0 67
 0 68
 0 69
 0 70
 0 71
 0 72
 0 73
 0 74
 0 75
 0 76
 0 77
 0 78
 0 79
 0 80
 0 81
 0 82
 0 83
 0 84
 0 85
 0 86
 0 87
 3 88
 1 89
 6 90
 29 91
 111 92
 119 93
 142 94
 249 95
 355 96
 517 97
 635 98
 794 99
 873 100
 992 101
 1058 102
 1128 103
 1168 104
 1185 105
 1198 106
 1190 107
 1219 108
 1148 109
 1207 110
 1128 111
 1043 112
 1022 113
 917 114
 973 115
 938 116
 791 117
 819 118
 755 119
 758 120
 697 121
 622 122
 609 123
 562 124
 514 125
 429 126
 419 127
 381 128
 400 129
 350 130
 310 131
 266 132
 255 133
 260 134
 235 135
 214 136
 187 137
 189 138
 145 139
 155 140
 147 141
 162 142
 132 143
 111 144
 121 145
 108 146
 93 147
 98 148
 97 149
 79 150
 88 151
 69 152
 64 153
 49 154
 65 155
 52 156
 55 157
 43 158
 50 159
 32 160
 48 161
 28 162
 42 163
 24 164
 31 165
 26 166
 23 167
 31 168
 18 169
 28 170
 22 171
 17 172
 24 173
 13 174
 18 175
 16 176
 23 177
 15 178
 16 179
 11 180
 13 181
 15 182
 9 183
 3 184
 9 185
 7 186
 7 187
 10 188
 3 189
 8 190
 5 191
 1 192
 2 193
 4 194
 4 195
 1 196
 3 197
 6 198
 0 199
 1 200
 0 201
 1 202
 5 203
 0 204
 1 205
 0 206
 3 207
 0 208
 1 209
 2 210
 0 211
 0 212
 4 213
 1 214
 0 215
 4 216
 1 217
 0 218
 0 219
 0 220
 1 221
 0 222
 1 223
 0 224
 1 225
 1 226
 0 227
 0 228
 1 229
 1 230
 0 231
 0 232
 0 233
 1 234
 0 235
 0 236
 0 237
 0 238
 0 239
 0 240
 0 241
 1 242
 0 243
 0 244
 0 245
 0 246
 1 247
 0 248
 0 249
 0 250
 0 251
 0 252
 0 253
 0 254
 0 255
 0 256
 0 257
 0 258
 0 259
 0 260
 0 261
 0 262
 0 263
 0 264
 0 265
 0 266
 0 267
 0 268
 0 269
 0 270
 0 271
 0 272
 0 273
 0 274
 0 275
 0 276
 0 277
 0 278
 1 279
 1 280
 0 281
 0 282
 0 283
 0 284
 1 285
 1 286
 0 287
 1 288
 1 289
 0 290
 4 291
 0 292
 0 293
 1 294
 3 295
 1 296
 0 297
 3 298
 3 299
 0 300
 1 301
 2 302
 2 303
 2 304
 2 305
 2 306
 4 307
 0 308
 3 309
 1 310
 0 311
 6 312
 1 313
 1 314
 3 315
 1 316
 8 317
 2 318
 1 319
 4 320
 3 321
 1 322
 2 323
 1 324
 3 325
 2 326
 3 327
 4 328
 2 329
 2 330
 2 331
 2 332
 6 333
 2 334
 1 335
 6 336
 1 337
 4 338
 3 339
 3 340
 0 341
 1 342
 2 343
 3 344
 3 345
 2 346
 3 347
 1 348
 1 349
 8 350
 3 351
 2 352
 2 353
 3 354
 0 355
 2 356
 3 357
 3 358
 0 359
 1 360
 0 361
 1 362
 1 363
 1 364
 1 365
 3 366
 0 367
 2 368
 0 369
 2 370
 0 371
 0 372
 1 373
 0 374
 2 375
 3 376
 0 377
 0 378
 2 379
 3 380
 1 381
 1 382
 2 383
 1 384
 0 385
 0 386
 2 387
 0 388
 0 389
 1 390
 2 391
 1 392
 0 393
 1 394
 1 395
 0 396
 3 397
 0 398
 0 399
 0 400
 0 401
 0 402
 1 403
 0 404
 1 405
 0 406
 1 407
 0 408
 1 409
 0 410
 0 411
 0 412
 0 413
 0 414
 0 415
 0 416
 0 417
 0 418
 0 419
 0 420
 0 421
 0 422
 0 423
 0 424
 0 425
 0 426
 0 427
 0 428
 0 429
 0 430
 0 431
 0 432
 0 433
 0 434
 0 435
 0 436
 0 437
 0 438
 0 439
 0 440
 0 441
 0 442
 0 443
 0 444
 0 445
 0 446
 0 447
 0 448
 0 449
 0 450
 0 451
 0 452
 0 453
 0 454
 0 455
 0 456
 0 457
 0 458
 0 459
 0 460
 0 461
 0 462
 0 463
 0 464
 0 465
 0 466
 0 467
 0 468
 0 469
 0 470
 0 471
 0 472
 0 473
 0 474
 0 475
 0 476
 0 477
 0 478
 0 479
 0 480
 0 481
 0 482
 0 483
 0 484
 0 485
 0 486
 0 487
 0 488
 0 489
 0 490
 0 491
 0 492
 0 493
 0 494
 0 495
 0 496
 0 497
 0 498
 0 499
 0 500
 0 501
 0 502
 0 503
 0 504
 0 505
 0 506
 0 507
 0 508
 0 509
 0 510
 0 511
 0 512
 0 513
 0 514
 0 515
 0 516
 0 517
 0 518
 0 519
 0 520
 0 521
 0 522
 0 523
 0 524
 0 525
 0 526
 0 527
 0 528
 0 529
 0 530
 0 531
 0 532
 0 533
 0 534
 0 535
 0 536
 0 537
 0 538
 0 539
 0 540
 0 541
 0 542
 0 543
 0 544
 0 545
 0 546
 0 547
 0 548
 0 549
 0 550
 0 551
 0 552
 0 553
 0 554
 0 555
 0 556
 0 557
 0 558
 0 559
 0 560
 0 561
 0 562
 0 563
 0 564
 0 565
 0 566
 0 567
 0 568
 0 569
 0 570
 0 571
 0 572
 0 573
 0 574
 0 575
 0 576
 0 577
 0 578
 0 579
 0 580
 0 581
 0 582
 0 583
 0 584
 0 585
 0 586
 0 587
 0 588
 0 589
 0 590
 0 591
 0 592
 0 593
 0 594
 0 595
 0 596
 0 597
 0 598
 0 599
 0 600


