# Created by Octave 3.8.2, Mon Jun 22 08:03:26 2020 CEST <damian@fptrucha.inv.usc.es>
# name: hd
# type: matrix
# rows: 551
# columns: 2
 0 50
 0 51
 0 52
 0 53
 0 54
 0 55
 0 56
 0 57
 0 58
 0 59
 0 60
 0 61
 0 62
 0 63
 0 64
 0 65
 0 66
 0 67
 0 68
 0 69
 0 70
 0 71
 0 72
 0 73
 0 74
 0 75
 0 76
 0 77
 0 78
 0 79
 0 80
 0 81
 0 82
 0 83
 0 84
 0 85
 0 86
 1 87
 0 88
 1 89
 4 90
 17 91
 72 92
 126 93
 164 94
 243 95
 405 96
 599 97
 834 98
 1023 99
 1155 100
 1307 101
 1455 102
 1422 103
 1429 104
 1501 105
 1549 106
 1362 107
 1378 108
 1359 109
 1235 110
 1110 111
 1059 112
 1036 113
 965 114
 898 115
 807 116
 719 117
 664 118
 585 119
 569 120
 469 121
 457 122
 401 123
 371 124
 361 125
 325 126
 299 127
 273 128
 264 129
 219 130
 200 131
 193 132
 170 133
 168 134
 155 135
 180 136
 152 137
 123 138
 131 139
 115 140
 104 141
 122 142
 88 143
 102 144
 74 145
 95 146
 72 147
 74 148
 60 149
 67 150
 65 151
 60 152
 55 153
 60 154
 39 155
 37 156
 51 157
 38 158
 38 159
 37 160
 27 161
 40 162
 25 163
 27 164
 32 165
 27 166
 19 167
 14 168
 23 169
 24 170
 24 171
 24 172
 13 173
 16 174
 16 175
 15 176
 12 177
 11 178
 10 179
 16 180
 12 181
 11 182
 6 183
 10 184
 10 185
 8 186
 6 187
 7 188
 6 189
 5 190
 4 191
 5 192
 7 193
 5 194
 5 195
 2 196
 5 197
 4 198
 4 199
 1 200
 0 201
 4 202
 3 203
 1 204
 2 205
 0 206
 1 207
 0 208
 1 209
 1 210
 0 211
 0 212
 0 213
 1 214
 0 215
 0 216
 0 217
 1 218
 0 219
 0 220
 2 221
 0 222
 0 223
 0 224
 0 225
 0 226
 1 227
 0 228
 0 229
 0 230
 0 231
 0 232
 0 233
 0 234
 1 235
 0 236
 0 237
 0 238
 0 239
 0 240
 0 241
 0 242
 0 243
 0 244
 0 245
 0 246
 0 247
 0 248
 0 249
 0 250
 0 251
 0 252
 0 253
 0 254
 0 255
 0 256
 0 257
 0 258
 0 259
 0 260
 0 261
 0 262
 0 263
 0 264
 0 265
 0 266
 0 267
 0 268
 0 269
 0 270
 1 271
 0 272
 0 273
 0 274
 0 275
 0 276
 0 277
 0 278
 1 279
 0 280
 0 281
 1 282
 1 283
 0 284
 1 285
 0 286
 1 287
 0 288
 0 289
 1 290
 1 291
 0 292
 2 293
 2 294
 2 295
 0 296
 2 297
 0 298
 3 299
 1 300
 2 301
 2 302
 2 303
 0 304
 5 305
 1 306
 4 307
 3 308
 3 309
 1 310
 5 311
 4 312
 2 313
 1 314
 3 315
 2 316
 2 317
 2 318
 2 319
 2 320
 1 321
 0 322
 2 323
 5 324
 1 325
 3 326
 2 327
 4 328
 1 329
 2 330
 4 331
 3 332
 6 333
 2 334
 5 335
 3 336
 6 337
 2 338
 3 339
 2 340
 3 341
 3 342
 1 343
 3 344
 2 345
 0 346
 2 347
 1 348
 2 349
 1 350
 1 351
 3 352
 1 353
 4 354
 3 355
 2 356
 2 357
 1 358
 1 359
 3 360
 1 361
 1 362
 4 363
 1 364
 1 365
 3 366
 0 367
 1 368
 1 369
 3 370
 1 371
 1 372
 1 373
 0 374
 1 375
 0 376
 0 377
 0 378
 0 379
 1 380
 0 381
 0 382
 0 383
 2 384
 0 385
 0 386
 0 387
 0 388
 0 389
 0 390
 1 391
 0 392
 0 393
 1 394
 0 395
 0 396
 0 397
 1 398
 1 399
 0 400
 0 401
 0 402
 0 403
 0 404
 0 405
 0 406
 0 407
 0 408
 0 409
 0 410
 0 411
 0 412
 0 413
 0 414
 0 415
 0 416
 0 417
 0 418
 0 419
 0 420
 0 421
 0 422
 0 423
 0 424
 0 425
 0 426
 0 427
 0 428
 0 429
 0 430
 0 431
 0 432
 0 433
 0 434
 0 435
 0 436
 0 437
 0 438
 0 439
 0 440
 0 441
 0 442
 0 443
 0 444
 0 445
 0 446
 0 447
 0 448
 0 449
 0 450
 0 451
 0 452
 0 453
 0 454
 0 455
 0 456
 0 457
 0 458
 0 459
 0 460
 0 461
 0 462
 0 463
 0 464
 0 465
 0 466
 0 467
 0 468
 0 469
 0 470
 0 471
 0 472
 0 473
 0 474
 0 475
 0 476
 0 477
 0 478
 0 479
 0 480
 0 481
 0 482
 0 483
 0 484
 0 485
 0 486
 0 487
 0 488
 0 489
 0 490
 0 491
 0 492
 0 493
 0 494
 0 495
 0 496
 0 497
 0 498
 0 499
 0 500
 0 501
 0 502
 0 503
 0 504
 0 505
 0 506
 0 507
 0 508
 0 509
 0 510
 0 511
 0 512
 0 513
 0 514
 0 515
 0 516
 0 517
 0 518
 0 519
 0 520
 0 521
 0 522
 0 523
 0 524
 0 525
 0 526
 0 527
 0 528
 0 529
 0 530
 0 531
 0 532
 0 533
 0 534
 0 535
 0 536
 0 537
 0 538
 0 539
 0 540
 0 541
 0 542
 0 543
 0 544
 0 545
 0 546
 0 547
 0 548
 0 549
 0 550
 0 551
 0 552
 0 553
 0 554
 0 555
 0 556
 0 557
 0 558
 0 559
 0 560
 0 561
 0 562
 0 563
 0 564
 0 565
 0 566
 0 567
 0 568
 0 569
 0 570
 0 571
 0 572
 0 573
 0 574
 0 575
 0 576
 0 577
 0 578
 0 579
 0 580
 0 581
 0 582
 0 583
 0 584
 0 585
 0 586
 0 587
 0 588
 0 589
 0 590
 0 591
 0 592
 0 593
 0 594
 0 595
 0 596
 0 597
 0 598
 0 599
 0 600


