# Created by Octave 3.8.2, Sat Jun 20 15:59:16 2020 CEST <damian@fptrucha.inv.usc.es>
# name: hd
# type: matrix
# rows: 551
# columns: 2
 0 50
 0 51
 0 52
 0 53
 0 54
 0 55
 0 56
 0 57
 0 58
 0 59
 0 60
 0 61
 0 62
 0 63
 0 64
 0 65
 0 66
 0 67
 0 68
 0 69
 0 70
 0 71
 0 72
 0 73
 0 74
 0 75
 0 76
 0 77
 0 78
 0 79
 0 80
 0 81
 0 82
 0 83
 0 84
 0 85
 0 86
 0 87
 3 88
 1 89
 7 90
 29 91
 75 92
 112 93
 177 94
 278 95
 381 96
 558 97
 752 98
 863 99
 1061 100
 1137 101
 1198 102
 1241 103
 1286 104
 1324 105
 1371 106
 1377 107
 1327 108
 1264 109
 1305 110
 1277 111
 1174 112
 1084 113
 1142 114
 999 115
 1025 116
 899 117
 831 118
 723 119
 730 120
 657 121
 600 122
 554 123
 537 124
 494 125
 453 126
 385 127
 352 128
 361 129
 325 130
 290 131
 275 132
 285 133
 232 134
 219 135
 188 136
 150 137
 162 138
 151 139
 147 140
 119 141
 123 142
 119 143
 93 144
 114 145
 78 146
 95 147
 95 148
 71 149
 74 150
 80 151
 52 152
 66 153
 62 154
 41 155
 49 156
 48 157
 52 158
 37 159
 30 160
 38 161
 34 162
 33 163
 28 164
 24 165
 21 166
 27 167
 20 168
 17 169
 16 170
 14 171
 12 172
 19 173
 12 174
 15 175
 10 176
 16 177
 11 178
 12 179
 8 180
 8 181
 12 182
 11 183
 9 184
 4 185
 10 186
 2 187
 9 188
 6 189
 6 190
 5 191
 1 192
 6 193
 2 194
 3 195
 4 196
 2 197
 4 198
 4 199
 1 200
 6 201
 1 202
 0 203
 0 204
 2 205
 1 206
 0 207
 4 208
 2 209
 0 210
 0 211
 0 212
 0 213
 0 214
 1 215
 0 216
 1 217
 0 218
 0 219
 1 220
 0 221
 0 222
 1 223
 2 224
 0 225
 1 226
 0 227
 0 228
 0 229
 0 230
 0 231
 0 232
 0 233
 0 234
 0 235
 0 236
 0 237
 0 238
 0 239
 0 240
 0 241
 0 242
 0 243
 0 244
 0 245
 0 246
 0 247
 0 248
 0 249
 0 250
 0 251
 0 252
 0 253
 0 254
 0 255
 0 256
 0 257
 0 258
 0 259
 0 260
 0 261
 0 262
 0 263
 0 264
 0 265
 0 266
 0 267
 0 268
 0 269
 0 270
 0 271
 0 272
 0 273
 0 274
 0 275
 1 276
 0 277
 0 278
 0 279
 0 280
 0 281
 0 282
 0 283
 0 284
 1 285
 0 286
 0 287
 1 288
 0 289
 0 290
 1 291
 2 292
 0 293
 0 294
 0 295
 2 296
 1 297
 0 298
 0 299
 3 300
 2 301
 1 302
 1 303
 1 304
 1 305
 1 306
 2 307
 1 308
 3 309
 2 310
 2 311
 0 312
 2 313
 0 314
 1 315
 4 316
 0 317
 2 318
 3 319
 3 320
 0 321
 4 322
 1 323
 3 324
 0 325
 4 326
 2 327
 3 328
 1 329
 4 330
 1 331
 3 332
 1 333
 1 334
 4 335
 1 336
 4 337
 2 338
 1 339
 0 340
 4 341
 3 342
 3 343
 0 344
 2 345
 2 346
 1 347
 1 348
 2 349
 3 350
 2 351
 5 352
 1 353
 0 354
 2 355
 2 356
 3 357
 1 358
 1 359
 1 360
 5 361
 2 362
 4 363
 1 364
 0 365
 2 366
 3 367
 2 368
 1 369
 0 370
 1 371
 0 372
 0 373
 1 374
 0 375
 0 376
 1 377
 2 378
 2 379
 2 380
 0 381
 0 382
 1 383
 1 384
 0 385
 1 386
 0 387
 0 388
 2 389
 0 390
 1 391
 0 392
 0 393
 0 394
 0 395
 0 396
 0 397
 0 398
 0 399
 0 400
 0 401
 0 402
 0 403
 0 404
 0 405
 0 406
 0 407
 0 408
 0 409
 0 410
 0 411
 0 412
 0 413
 1 414
 0 415
 0 416
 0 417
 0 418
 0 419
 0 420
 0 421
 0 422
 0 423
 0 424
 0 425
 0 426
 0 427
 0 428
 0 429
 0 430
 0 431
 0 432
 0 433
 0 434
 0 435
 0 436
 0 437
 0 438
 0 439
 0 440
 0 441
 0 442
 0 443
 0 444
 0 445
 0 446
 0 447
 0 448
 0 449
 0 450
 0 451
 0 452
 0 453
 0 454
 0 455
 0 456
 0 457
 0 458
 0 459
 0 460
 0 461
 0 462
 0 463
 0 464
 0 465
 0 466
 0 467
 0 468
 0 469
 0 470
 0 471
 0 472
 0 473
 0 474
 0 475
 0 476
 0 477
 0 478
 0 479
 0 480
 0 481
 0 482
 0 483
 0 484
 0 485
 0 486
 0 487
 0 488
 0 489
 0 490
 0 491
 0 492
 0 493
 0 494
 0 495
 0 496
 0 497
 0 498
 0 499
 0 500
 0 501
 0 502
 0 503
 0 504
 0 505
 0 506
 0 507
 0 508
 0 509
 0 510
 0 511
 0 512
 0 513
 0 514
 0 515
 0 516
 0 517
 0 518
 0 519
 0 520
 0 521
 0 522
 0 523
 0 524
 0 525
 0 526
 0 527
 0 528
 0 529
 0 530
 0 531
 0 532
 0 533
 0 534
 0 535
 0 536
 0 537
 0 538
 0 539
 0 540
 0 541
 0 542
 0 543
 0 544
 0 545
 0 546
 0 547
 0 548
 0 549
 0 550
 0 551
 0 552
 0 553
 0 554
 0 555
 0 556
 0 557
 0 558
 0 559
 0 560
 0 561
 0 562
 0 563
 0 564
 0 565
 0 566
 0 567
 0 568
 0 569
 0 570
 0 571
 0 572
 0 573
 0 574
 0 575
 0 576
 0 577
 0 578
 0 579
 0 580
 0 581
 0 582
 0 583
 0 584
 0 585
 0 586
 0 587
 0 588
 0 589
 0 590
 0 591
 0 592
 0 593
 0 594
 0 595
 0 596
 0 597
 0 598
 0 599
 0 600


