# Created by Octave 3.8.2, Sun Jun 21 01:22:00 2020 CEST <damian@fptrucha.inv.usc.es>
# name: hd
# type: matrix
# rows: 551
# columns: 2
 0 50
 0 51
 0 52
 0 53
 0 54
 0 55
 0 56
 0 57
 0 58
 0 59
 0 60
 0 61
 0 62
 0 63
 0 64
 0 65
 0 66
 0 67
 0 68
 0 69
 0 70
 0 71
 0 72
 0 73
 0 74
 0 75
 0 76
 0 77
 0 78
 0 79
 0 80
 0 81
 0 82
 0 83
 0 84
 0 85
 0 86
 0 87
 5 88
 2 89
 2 90
 35 91
 73 92
 121 93
 142 94
 236 95
 346 96
 538 97
 705 98
 803 99
 926 100
 1044 101
 1124 102
 1112 103
 1226 104
 1243 105
 1325 106
 1235 107
 1275 108
 1216 109
 1215 110
 1240 111
 1110 112
 1123 113
 990 114
 940 115
 919 116
 855 117
 779 118
 753 119
 726 120
 664 121
 604 122
 540 123
 520 124
 512 125
 433 126
 403 127
 390 128
 372 129
 320 130
 270 131
 259 132
 264 133
 197 134
 199 135
 213 136
 184 137
 177 138
 180 139
 157 140
 121 141
 131 142
 116 143
 116 144
 100 145
 87 146
 89 147
 66 148
 83 149
 76 150
 72 151
 68 152
 62 153
 65 154
 54 155
 45 156
 43 157
 43 158
 48 159
 44 160
 47 161
 44 162
 28 163
 21 164
 35 165
 20 166
 30 167
 19 168
 19 169
 19 170
 21 171
 18 172
 10 173
 21 174
 18 175
 9 176
 12 177
 7 178
 15 179
 8 180
 8 181
 8 182
 8 183
 5 184
 10 185
 3 186
 5 187
 13 188
 1 189
 6 190
 2 191
 3 192
 3 193
 6 194
 5 195
 4 196
 0 197
 1 198
 4 199
 3 200
 1 201
 4 202
 1 203
 2 204
 0 205
 1 206
 2 207
 1 208
 2 209
 1 210
 1 211
 1 212
 1 213
 0 214
 1 215
 0 216
 1 217
 0 218
 1 219
 0 220
 0 221
 0 222
 0 223
 0 224
 0 225
 0 226
 0 227
 1 228
 0 229
 1 230
 0 231
 0 232
 0 233
 0 234
 0 235
 0 236
 0 237
 0 238
 0 239
 0 240
 0 241
 0 242
 0 243
 0 244
 0 245
 0 246
 0 247
 0 248
 0 249
 0 250
 0 251
 0 252
 0 253
 0 254
 0 255
 0 256
 0 257
 0 258
 0 259
 0 260
 0 261
 0 262
 0 263
 0 264
 0 265
 0 266
 1 267
 0 268
 0 269
 0 270
 0 271
 0 272
 0 273
 0 274
 0 275
 0 276
 0 277
 0 278
 1 279
 0 280
 0 281
 1 282
 0 283
 0 284
 0 285
 0 286
 1 287
 1 288
 0 289
 1 290
 1 291
 0 292
 1 293
 0 294
 0 295
 0 296
 0 297
 1 298
 0 299
 2 300
 1 301
 1 302
 1 303
 2 304
 0 305
 1 306
 1 307
 2 308
 4 309
 0 310
 0 311
 0 312
 4 313
 4 314
 2 315
 3 316
 1 317
 1 318
 2 319
 3 320
 2 321
 4 322
 3 323
 3 324
 1 325
 0 326
 2 327
 0 328
 2 329
 1 330
 3 331
 1 332
 2 333
 2 334
 4 335
 3 336
 4 337
 2 338
 2 339
 0 340
 1 341
 1 342
 3 343
 2 344
 3 345
 3 346
 3 347
 1 348
 2 349
 2 350
 2 351
 0 352
 2 353
 0 354
 1 355
 2 356
 0 357
 1 358
 0 359
 3 360
 3 361
 1 362
 2 363
 2 364
 2 365
 1 366
 1 367
 1 368
 1 369
 0 370
 0 371
 1 372
 0 373
 3 374
 0 375
 1 376
 1 377
 1 378
 1 379
 0 380
 1 381
 0 382
 1 383
 0 384
 0 385
 2 386
 2 387
 0 388
 0 389
 0 390
 0 391
 0 392
 0 393
 0 394
 1 395
 0 396
 0 397
 1 398
 0 399
 0 400
 0 401
 0 402
 1 403
 0 404
 0 405
 0 406
 0 407
 0 408
 1 409
 0 410
 0 411
 0 412
 0 413
 0 414
 0 415
 0 416
 0 417
 0 418
 0 419
 0 420
 0 421
 0 422
 0 423
 0 424
 0 425
 0 426
 0 427
 0 428
 0 429
 0 430
 0 431
 0 432
 0 433
 0 434
 0 435
 0 436
 0 437
 0 438
 0 439
 0 440
 0 441
 0 442
 0 443
 0 444
 0 445
 0 446
 0 447
 0 448
 0 449
 0 450
 0 451
 0 452
 0 453
 0 454
 1 455
 0 456
 0 457
 0 458
 0 459
 0 460
 0 461
 0 462
 0 463
 0 464
 0 465
 0 466
 0 467
 0 468
 0 469
 0 470
 0 471
 0 472
 0 473
 0 474
 0 475
 0 476
 0 477
 0 478
 0 479
 0 480
 0 481
 0 482
 0 483
 0 484
 0 485
 0 486
 0 487
 0 488
 0 489
 0 490
 0 491
 0 492
 0 493
 0 494
 0 495
 0 496
 0 497
 0 498
 0 499
 0 500
 0 501
 0 502
 0 503
 0 504
 0 505
 0 506
 0 507
 0 508
 0 509
 0 510
 0 511
 0 512
 0 513
 0 514
 0 515
 0 516
 0 517
 0 518
 0 519
 0 520
 0 521
 0 522
 0 523
 0 524
 0 525
 0 526
 0 527
 0 528
 0 529
 0 530
 0 531
 0 532
 0 533
 0 534
 0 535
 0 536
 0 537
 0 538
 0 539
 0 540
 0 541
 0 542
 0 543
 0 544
 0 545
 0 546
 0 547
 0 548
 0 549
 0 550
 0 551
 0 552
 0 553
 0 554
 0 555
 0 556
 0 557
 0 558
 0 559
 0 560
 0 561
 0 562
 0 563
 0 564
 0 565
 0 566
 0 567
 0 568
 0 569
 0 570
 0 571
 0 572
 0 573
 0 574
 0 575
 0 576
 0 577
 0 578
 0 579
 0 580
 0 581
 0 582
 0 583
 0 584
 0 585
 0 586
 0 587
 0 588
 0 589
 0 590
 0 591
 0 592
 0 593
 0 594
 0 595
 0 596
 0 597
 0 598
 0 599
 0 600


