# Created by Octave 3.8.2, Sat Jun 20 04:30:58 2020 CEST <damian@fptrucha.inv.usc.es>
# name: hd
# type: matrix
# rows: 551
# columns: 2
 0 50
 0 51
 0 52
 0 53
 0 54
 0 55
 0 56
 0 57
 0 58
 0 59
 0 60
 0 61
 0 62
 0 63
 0 64
 0 65
 0 66
 0 67
 0 68
 0 69
 0 70
 0 71
 0 72
 0 73
 0 74
 0 75
 0 76
 0 77
 0 78
 0 79
 0 80
 0 81
 0 82
 0 83
 0 84
 0 85
 0 86
 0 87
 2 88
 2 89
 2 90
 31 91
 93 92
 143 93
 178 94
 344 95
 442 96
 644 97
 789 98
 1045 99
 1202 100
 1221 101
 1373 102
 1371 103
 1477 104
 1525 105
 1459 106
 1457 107
 1477 108
 1462 109
 1410 110
 1337 111
 1297 112
 1172 113
 1177 114
 1087 115
 981 116
 955 117
 932 118
 816 119
 752 120
 670 121
 629 122
 586 123
 559 124
 517 125
 455 126
 408 127
 376 128
 358 129
 333 130
 328 131
 273 132
 233 133
 238 134
 244 135
 224 136
 188 137
 156 138
 150 139
 160 140
 131 141
 121 142
 130 143
 111 144
 107 145
 98 146
 94 147
 82 148
 100 149
 71 150
 74 151
 60 152
 47 153
 68 154
 73 155
 45 156
 55 157
 45 158
 40 159
 43 160
 32 161
 41 162
 30 163
 31 164
 34 165
 31 166
 30 167
 26 168
 15 169
 23 170
 13 171
 22 172
 18 173
 23 174
 14 175
 9 176
 7 177
 7 178
 7 179
 10 180
 6 181
 13 182
 8 183
 5 184
 8 185
 9 186
 8 187
 4 188
 6 189
 6 190
 4 191
 5 192
 1 193
 5 194
 5 195
 5 196
 0 197
 3 198
 2 199
 4 200
 1 201
 2 202
 4 203
 2 204
 1 205
 0 206
 0 207
 0 208
 0 209
 0 210
 1 211
 2 212
 1 213
 2 214
 2 215
 1 216
 2 217
 0 218
 0 219
 1 220
 0 221
 0 222
 0 223
 0 224
 0 225
 0 226
 0 227
 1 228
 0 229
 0 230
 0 231
 0 232
 0 233
 0 234
 0 235
 0 236
 0 237
 0 238
 0 239
 0 240
 0 241
 0 242
 0 243
 0 244
 0 245
 0 246
 0 247
 0 248
 0 249
 0 250
 0 251
 0 252
 0 253
 0 254
 0 255
 0 256
 0 257
 0 258
 0 259
 0 260
 0 261
 0 262
 0 263
 0 264
 1 265
 0 266
 0 267
 0 268
 0 269
 0 270
 0 271
 0 272
 0 273
 0 274
 0 275
 0 276
 0 277
 0 278
 0 279
 0 280
 0 281
 0 282
 0 283
 1 284
 1 285
 0 286
 0 287
 0 288
 0 289
 0 290
 0 291
 0 292
 3 293
 2 294
 0 295
 1 296
 1 297
 0 298
 1 299
 0 300
 0 301
 3 302
 1 303
 0 304
 0 305
 4 306
 0 307
 0 308
 0 309
 5 310
 2 311
 3 312
 4 313
 2 314
 1 315
 2 316
 6 317
 1 318
 2 319
 0 320
 2 321
 4 322
 5 323
 2 324
 2 325
 2 326
 2 327
 2 328
 5 329
 3 330
 3 331
 4 332
 4 333
 3 334
 4 335
 1 336
 3 337
 3 338
 5 339
 2 340
 1 341
 2 342
 4 343
 6 344
 3 345
 2 346
 2 347
 2 348
 1 349
 4 350
 0 351
 1 352
 3 353
 1 354
 5 355
 2 356
 1 357
 1 358
 5 359
 0 360
 3 361
 1 362
 1 363
 2 364
 4 365
 0 366
 1 367
 3 368
 1 369
 0 370
 0 371
 0 372
 2 373
 0 374
 1 375
 0 376
 0 377
 0 378
 0 379
 0 380
 0 381
 0 382
 0 383
 1 384
 0 385
 2 386
 1 387
 1 388
 2 389
 2 390
 0 391
 0 392
 0 393
 0 394
 0 395
 0 396
 1 397
 0 398
 0 399
 0 400
 1 401
 0 402
 0 403
 0 404
 1 405
 0 406
 0 407
 1 408
 0 409
 0 410
 0 411
 0 412
 0 413
 0 414
 0 415
 0 416
 0 417
 0 418
 0 419
 1 420
 0 421
 0 422
 0 423
 0 424
 0 425
 0 426
 0 427
 0 428
 0 429
 0 430
 0 431
 0 432
 0 433
 0 434
 0 435
 0 436
 0 437
 0 438
 0 439
 0 440
 0 441
 0 442
 0 443
 0 444
 0 445
 0 446
 0 447
 0 448
 0 449
 0 450
 0 451
 0 452
 0 453
 0 454
 0 455
 0 456
 0 457
 0 458
 0 459
 0 460
 0 461
 0 462
 0 463
 0 464
 0 465
 0 466
 0 467
 0 468
 0 469
 0 470
 0 471
 0 472
 0 473
 0 474
 0 475
 0 476
 0 477
 0 478
 0 479
 0 480
 0 481
 0 482
 0 483
 0 484
 0 485
 0 486
 0 487
 0 488
 0 489
 0 490
 0 491
 0 492
 0 493
 0 494
 0 495
 0 496
 0 497
 0 498
 0 499
 0 500
 0 501
 0 502
 0 503
 0 504
 0 505
 0 506
 0 507
 0 508
 0 509
 0 510
 0 511
 0 512
 0 513
 0 514
 0 515
 0 516
 0 517
 0 518
 0 519
 0 520
 0 521
 0 522
 0 523
 0 524
 0 525
 0 526
 0 527
 0 528
 0 529
 0 530
 0 531
 0 532
 0 533
 0 534
 0 535
 0 536
 0 537
 0 538
 0 539
 0 540
 0 541
 0 542
 0 543
 0 544
 0 545
 0 546
 0 547
 0 548
 0 549
 0 550
 0 551
 0 552
 0 553
 0 554
 0 555
 0 556
 0 557
 0 558
 0 559
 0 560
 0 561
 0 562
 0 563
 0 564
 0 565
 0 566
 0 567
 0 568
 0 569
 0 570
 0 571
 0 572
 0 573
 0 574
 0 575
 0 576
 0 577
 0 578
 0 579
 0 580
 0 581
 0 582
 0 583
 0 584
 0 585
 0 586
 0 587
 0 588
 0 589
 0 590
 0 591
 0 592
 0 593
 0 594
 0 595
 0 596
 0 597
 0 598
 0 599
 0 600


