# Created by Octave 3.8.2, Mon Jun 22 13:31:06 2020 CEST <damian@fptrucha.inv.usc.es>
# name: hd
# type: matrix
# rows: 551
# columns: 2
 0 50
 0 51
 0 52
 0 53
 0 54
 0 55
 0 56
 0 57
 0 58
 0 59
 0 60
 0 61
 0 62
 0 63
 0 64
 0 65
 0 66
 0 67
 0 68
 0 69
 0 70
 0 71
 0 72
 0 73
 0 74
 0 75
 0 76
 0 77
 0 78
 0 79
 0 80
 0 81
 0 82
 0 83
 0 84
 0 85
 0 86
 0 87
 0 88
 4 89
 1 90
 13 91
 89 92
 113 93
 151 94
 270 95
 409 96
 687 97
 861 98
 1000 99
 1267 100
 1266 101
 1437 102
 1442 103
 1466 104
 1599 105
 1515 106
 1497 107
 1432 108
 1410 109
 1328 110
 1209 111
 1177 112
 1031 113
 1038 114
 942 115
 789 116
 780 117
 647 118
 618 119
 631 120
 523 121
 495 122
 466 123
 400 124
 378 125
 325 126
 340 127
 310 128
 294 129
 257 130
 207 131
 207 132
 187 133
 188 134
 186 135
 147 136
 116 137
 128 138
 136 139
 120 140
 98 141
 108 142
 94 143
 111 144
 93 145
 84 146
 63 147
 71 148
 75 149
 63 150
 66 151
 56 152
 57 153
 51 154
 47 155
 43 156
 50 157
 35 158
 41 159
 38 160
 43 161
 34 162
 37 163
 39 164
 25 165
 26 166
 25 167
 20 168
 23 169
 21 170
 17 171
 10 172
 14 173
 16 174
 14 175
 13 176
 13 177
 8 178
 12 179
 10 180
 9 181
 9 182
 10 183
 10 184
 10 185
 7 186
 5 187
 5 188
 3 189
 7 190
 5 191
 5 192
 1 193
 4 194
 5 195
 1 196
 1 197
 3 198
 5 199
 3 200
 3 201
 1 202
 2 203
 0 204
 3 205
 1 206
 0 207
 0 208
 2 209
 1 210
 0 211
 0 212
 0 213
 0 214
 4 215
 2 216
 1 217
 0 218
 0 219
 0 220
 0 221
 2 222
 0 223
 1 224
 1 225
 0 226
 1 227
 0 228
 0 229
 0 230
 0 231
 0 232
 0 233
 0 234
 1 235
 0 236
 0 237
 0 238
 0 239
 0 240
 0 241
 0 242
 0 243
 0 244
 1 245
 0 246
 0 247
 1 248
 0 249
 0 250
 0 251
 0 252
 0 253
 0 254
 0 255
 0 256
 0 257
 0 258
 1 259
 0 260
 0 261
 0 262
 0 263
 1 264
 0 265
 1 266
 0 267
 0 268
 0 269
 0 270
 1 271
 0 272
 0 273
 0 274
 1 275
 0 276
 0 277
 0 278
 0 279
 0 280
 0 281
 0 282
 1 283
 1 284
 1 285
 2 286
 1 287
 1 288
 2 289
 0 290
 1 291
 0 292
 0 293
 2 294
 3 295
 1 296
 1 297
 2 298
 1 299
 2 300
 1 301
 1 302
 3 303
 1 304
 1 305
 1 306
 1 307
 0 308
 3 309
 6 310
 0 311
 1 312
 0 313
 3 314
 4 315
 1 316
 1 317
 2 318
 1 319
 3 320
 4 321
 0 322
 3 323
 2 324
 5 325
 2 326
 2 327
 4 328
 1 329
 2 330
 3 331
 2 332
 4 333
 3 334
 3 335
 2 336
 7 337
 2 338
 2 339
 0 340
 6 341
 1 342
 3 343
 0 344
 1 345
 5 346
 0 347
 2 348
 1 349
 3 350
 2 351
 2 352
 6 353
 1 354
 3 355
 0 356
 2 357
 3 358
 2 359
 1 360
 2 361
 0 362
 1 363
 2 364
 3 365
 0 366
 1 367
 1 368
 1 369
 2 370
 2 371
 0 372
 2 373
 0 374
 1 375
 1 376
 0 377
 0 378
 2 379
 0 380
 1 381
 0 382
 1 383
 1 384
 0 385
 0 386
 0 387
 0 388
 2 389
 1 390
 1 391
 2 392
 0 393
 0 394
 1 395
 0 396
 0 397
 1 398
 0 399
 0 400
 0 401
 0 402
 0 403
 0 404
 0 405
 0 406
 0 407
 0 408
 0 409
 0 410
 0 411
 0 412
 0 413
 0 414
 0 415
 0 416
 0 417
 0 418
 0 419
 0 420
 0 421
 0 422
 0 423
 0 424
 0 425
 0 426
 0 427
 0 428
 0 429
 0 430
 0 431
 0 432
 0 433
 0 434
 0 435
 0 436
 0 437
 0 438
 0 439
 0 440
 0 441
 0 442
 0 443
 0 444
 0 445
 0 446
 0 447
 0 448
 0 449
 0 450
 0 451
 0 452
 0 453
 0 454
 0 455
 0 456
 0 457
 0 458
 0 459
 0 460
 0 461
 0 462
 0 463
 0 464
 0 465
 0 466
 0 467
 0 468
 0 469
 0 470
 0 471
 0 472
 0 473
 0 474
 0 475
 0 476
 0 477
 0 478
 0 479
 0 480
 0 481
 0 482
 0 483
 0 484
 0 485
 0 486
 0 487
 0 488
 0 489
 0 490
 0 491
 0 492
 0 493
 0 494
 0 495
 0 496
 0 497
 0 498
 0 499
 0 500
 0 501
 0 502
 0 503
 0 504
 0 505
 0 506
 0 507
 0 508
 0 509
 0 510
 0 511
 0 512
 0 513
 0 514
 0 515
 0 516
 0 517
 0 518
 0 519
 0 520
 0 521
 0 522
 0 523
 0 524
 0 525
 0 526
 0 527
 0 528
 0 529
 0 530
 0 531
 0 532
 0 533
 0 534
 0 535
 0 536
 0 537
 0 538
 0 539
 0 540
 0 541
 0 542
 0 543
 0 544
 0 545
 0 546
 0 547
 0 548
 0 549
 0 550
 0 551
 0 552
 0 553
 0 554
 0 555
 0 556
 0 557
 0 558
 0 559
 0 560
 0 561
 0 562
 0 563
 0 564
 0 565
 0 566
 0 567
 0 568
 0 569
 0 570
 0 571
 0 572
 0 573
 0 574
 0 575
 0 576
 0 577
 0 578
 0 579
 0 580
 0 581
 0 582
 0 583
 0 584
 0 585
 0 586
 0 587
 0 588
 0 589
 0 590
 0 591
 0 592
 0 593
 0 594
 0 595
 0 596
 0 597
 0 598
 0 599
 0 600


