# Created by Octave 3.8.2, Mon Jun 22 12:37:42 2020 CEST <damian@fptrucha.inv.usc.es>
# name: hd
# type: matrix
# rows: 551
# columns: 2
 0 50
 0 51
 0 52
 0 53
 0 54
 0 55
 0 56
 0 57
 1 58
 0 59
 0 60
 0 61
 0 62
 0 63
 0 64
 0 65
 0 66
 0 67
 0 68
 0 69
 0 70
 0 71
 0 72
 0 73
 0 74
 0 75
 0 76
 0 77
 0 78
 0 79
 0 80
 0 81
 0 82
 0 83
 0 84
 0 85
 0 86
 0 87
 0 88
 3 89
 3 90
 18 91
 65 92
 111 93
 191 94
 286 95
 429 96
 670 97
 797 98
 956 99
 1140 100
 1233 101
 1308 102
 1421 103
 1432 104
 1437 105
 1446 106
 1479 107
 1399 108
 1314 109
 1321 110
 1227 111
 1199 112
 1070 113
 966 114
 930 115
 880 116
 844 117
 698 118
 662 119
 593 120
 568 121
 530 122
 472 123
 411 124
 431 125
 380 126
 334 127
 288 128
 268 129
 259 130
 213 131
 225 132
 178 133
 184 134
 182 135
 161 136
 141 137
 128 138
 117 139
 124 140
 116 141
 102 142
 111 143
 97 144
 104 145
 85 146
 87 147
 98 148
 75 149
 66 150
 74 151
 64 152
 51 153
 56 154
 53 155
 48 156
 33 157
 34 158
 36 159
 33 160
 33 161
 62 162
 32 163
 35 164
 32 165
 29 166
 20 167
 26 168
 21 169
 25 170
 31 171
 21 172
 22 173
 18 174
 17 175
 16 176
 18 177
 17 178
 8 179
 10 180
 5 181
 16 182
 7 183
 9 184
 7 185
 10 186
 5 187
 7 188
 5 189
 6 190
 8 191
 4 192
 5 193
 1 194
 4 195
 8 196
 3 197
 2 198
 4 199
 3 200
 9 201
 0 202
 1 203
 1 204
 0 205
 0 206
 1 207
 1 208
 0 209
 1 210
 2 211
 0 212
 3 213
 0 214
 1 215
 0 216
 0 217
 0 218
 0 219
 0 220
 0 221
 0 222
 1 223
 1 224
 0 225
 1 226
 0 227
 0 228
 0 229
 1 230
 0 231
 0 232
 0 233
 0 234
 1 235
 0 236
 0 237
 0 238
 0 239
 0 240
 0 241
 0 242
 0 243
 0 244
 0 245
 0 246
 0 247
 0 248
 0 249
 0 250
 0 251
 0 252
 0 253
 0 254
 0 255
 0 256
 0 257
 0 258
 0 259
 0 260
 0 261
 1 262
 0 263
 0 264
 0 265
 0 266
 0 267
 0 268
 0 269
 0 270
 0 271
 2 272
 0 273
 1 274
 0 275
 0 276
 0 277
 0 278
 0 279
 0 280
 1 281
 1 282
 1 283
 0 284
 1 285
 0 286
 0 287
 0 288
 0 289
 3 290
 1 291
 1 292
 2 293
 1 294
 0 295
 1 296
 3 297
 1 298
 2 299
 1 300
 1 301
 2 302
 3 303
 1 304
 2 305
 3 306
 1 307
 4 308
 6 309
 4 310
 4 311
 3 312
 2 313
 4 314
 2 315
 1 316
 4 317
 1 318
 1 319
 1 320
 0 321
 3 322
 4 323
 4 324
 0 325
 0 326
 3 327
 4 328
 5 329
 0 330
 1 331
 3 332
 6 333
 4 334
 4 335
 1 336
 3 337
 1 338
 7 339
 3 340
 7 341
 2 342
 2 343
 0 344
 2 345
 5 346
 2 347
 2 348
 3 349
 1 350
 2 351
 0 352
 1 353
 5 354
 0 355
 1 356
 0 357
 1 358
 3 359
 1 360
 1 361
 1 362
 2 363
 0 364
 1 365
 3 366
 2 367
 1 368
 0 369
 1 370
 1 371
 0 372
 1 373
 4 374
 1 375
 2 376
 2 377
 0 378
 0 379
 0 380
 0 381
 1 382
 2 383
 2 384
 0 385
 0 386
 1 387
 0 388
 1 389
 0 390
 0 391
 0 392
 0 393
 0 394
 0 395
 0 396
 0 397
 0 398
 0 399
 0 400
 1 401
 0 402
 0 403
 0 404
 0 405
 0 406
 0 407
 0 408
 0 409
 0 410
 0 411
 0 412
 0 413
 0 414
 1 415
 0 416
 0 417
 0 418
 0 419
 0 420
 0 421
 0 422
 0 423
 0 424
 0 425
 0 426
 0 427
 0 428
 0 429
 0 430
 0 431
 0 432
 0 433
 0 434
 0 435
 0 436
 0 437
 0 438
 0 439
 0 440
 0 441
 0 442
 0 443
 0 444
 0 445
 0 446
 0 447
 0 448
 0 449
 0 450
 0 451
 0 452
 0 453
 0 454
 0 455
 0 456
 0 457
 0 458
 0 459
 0 460
 0 461
 0 462
 0 463
 0 464
 0 465
 0 466
 0 467
 0 468
 0 469
 0 470
 0 471
 0 472
 0 473
 0 474
 0 475
 0 476
 0 477
 0 478
 0 479
 0 480
 0 481
 0 482
 0 483
 0 484
 0 485
 0 486
 0 487
 0 488
 0 489
 0 490
 0 491
 0 492
 0 493
 0 494
 0 495
 0 496
 0 497
 0 498
 0 499
 0 500
 0 501
 0 502
 0 503
 0 504
 0 505
 0 506
 0 507
 0 508
 0 509
 0 510
 0 511
 0 512
 0 513
 0 514
 0 515
 0 516
 0 517
 0 518
 0 519
 0 520
 0 521
 0 522
 0 523
 0 524
 0 525
 0 526
 0 527
 0 528
 0 529
 0 530
 0 531
 0 532
 0 533
 0 534
 0 535
 0 536
 0 537
 0 538
 0 539
 0 540
 0 541
 0 542
 0 543
 0 544
 0 545
 0 546
 0 547
 0 548
 0 549
 0 550
 0 551
 0 552
 0 553
 0 554
 0 555
 0 556
 0 557
 0 558
 0 559
 0 560
 0 561
 0 562
 0 563
 0 564
 0 565
 0 566
 0 567
 0 568
 0 569
 0 570
 0 571
 0 572
 0 573
 0 574
 0 575
 0 576
 0 577
 0 578
 0 579
 0 580
 0 581
 0 582
 0 583
 0 584
 0 585
 0 586
 0 587
 0 588
 0 589
 0 590
 0 591
 0 592
 0 593
 0 594
 0 595
 0 596
 0 597
 0 598
 0 599
 0 600


