# Created by Octave 3.8.2, Sun Jun 21 05:56:45 2020 CEST <damian@fptrucha.inv.usc.es>
# name: hd
# type: matrix
# rows: 551
# columns: 2
 0 50
 0 51
 0 52
 0 53
 0 54
 0 55
 0 56
 0 57
 0 58
 0 59
 0 60
 0 61
 0 62
 0 63
 0 64
 0 65
 0 66
 0 67
 0 68
 0 69
 0 70
 0 71
 0 72
 0 73
 0 74
 0 75
 0 76
 0 77
 0 78
 0 79
 0 80
 0 81
 0 82
 0 83
 0 84
 0 85
 0 86
 0 87
 2 88
 1 89
 4 90
 41 91
 91 92
 126 93
 159 94
 286 95
 397 96
 610 97
 768 98
 850 99
 1092 100
 1093 101
 1178 102
 1189 103
 1276 104
 1362 105
 1278 106
 1275 107
 1319 108
 1249 109
 1324 110
 1225 111
 1191 112
 1085 113
 1038 114
 990 115
 916 116
 835 117
 803 118
 740 119
 706 120
 652 121
 590 122
 520 123
 483 124
 451 125
 444 126
 398 127
 351 128
 322 129
 311 130
 260 131
 240 132
 215 133
 199 134
 198 135
 145 136
 159 137
 150 138
 142 139
 137 140
 122 141
 115 142
 111 143
 79 144
 96 145
 88 146
 80 147
 72 148
 83 149
 60 150
 65 151
 46 152
 47 153
 60 154
 46 155
 43 156
 36 157
 30 158
 51 159
 46 160
 31 161
 33 162
 19 163
 23 164
 26 165
 16 166
 21 167
 18 168
 22 169
 12 170
 13 171
 11 172
 18 173
 13 174
 9 175
 13 176
 6 177
 4 178
 10 179
 7 180
 4 181
 9 182
 7 183
 3 184
 5 185
 6 186
 3 187
 2 188
 3 189
 7 190
 1 191
 3 192
 5 193
 1 194
 2 195
 6 196
 3 197
 3 198
 1 199
 1 200
 1 201
 0 202
 1 203
 1 204
 1 205
 2 206
 1 207
 0 208
 1 209
 2 210
 3 211
 0 212
 0 213
 1 214
 1 215
 1 216
 0 217
 0 218
 0 219
 0 220
 1 221
 0 222
 1 223
 1 224
 0 225
 0 226
 0 227
 0 228
 0 229
 0 230
 0 231
 0 232
 0 233
 0 234
 0 235
 0 236
 0 237
 0 238
 0 239
 0 240
 0 241
 0 242
 0 243
 0 244
 0 245
 0 246
 0 247
 0 248
 0 249
 0 250
 0 251
 0 252
 0 253
 0 254
 0 255
 0 256
 0 257
 0 258
 0 259
 0 260
 0 261
 0 262
 0 263
 0 264
 0 265
 0 266
 0 267
 0 268
 0 269
 0 270
 0 271
 0 272
 0 273
 0 274
 0 275
 0 276
 0 277
 0 278
 0 279
 0 280
 1 281
 2 282
 1 283
 0 284
 0 285
 0 286
 1 287
 0 288
 0 289
 1 290
 0 291
 1 292
 0 293
 0 294
 1 295
 0 296
 0 297
 1 298
 1 299
 1 300
 1 301
 0 302
 0 303
 1 304
 0 305
 1 306
 1 307
 0 308
 4 309
 1 310
 1 311
 2 312
 2 313
 3 314
 1 315
 3 316
 2 317
 1 318
 2 319
 1 320
 2 321
 1 322
 1 323
 1 324
 1 325
 5 326
 1 327
 1 328
 1 329
 0 330
 1 331
 3 332
 3 333
 3 334
 6 335
 1 336
 1 337
 2 338
 3 339
 3 340
 0 341
 2 342
 3 343
 2 344
 2 345
 0 346
 1 347
 1 348
 6 349
 2 350
 2 351
 3 352
 0 353
 0 354
 2 355
 0 356
 0 357
 4 358
 0 359
 0 360
 1 361
 1 362
 1 363
 1 364
 1 365
 0 366
 1 367
 1 368
 2 369
 1 370
 0 371
 0 372
 0 373
 1 374
 0 375
 0 376
 1 377
 2 378
 0 379
 0 380
 0 381
 0 382
 1 383
 1 384
 1 385
 1 386
 0 387
 0 388
 0 389
 1 390
 0 391
 0 392
 0 393
 0 394
 0 395
 0 396
 1 397
 0 398
 1 399
 0 400
 0 401
 0 402
 1 403
 0 404
 0 405
 0 406
 0 407
 0 408
 0 409
 1 410
 0 411
 0 412
 0 413
 0 414
 0 415
 0 416
 0 417
 0 418
 0 419
 0 420
 0 421
 0 422
 0 423
 0 424
 0 425
 0 426
 0 427
 0 428
 0 429
 0 430
 0 431
 1 432
 0 433
 1 434
 0 435
 0 436
 0 437
 0 438
 0 439
 0 440
 0 441
 0 442
 0 443
 0 444
 0 445
 0 446
 0 447
 0 448
 0 449
 0 450
 0 451
 0 452
 0 453
 0 454
 0 455
 0 456
 0 457
 0 458
 0 459
 0 460
 0 461
 0 462
 0 463
 0 464
 0 465
 0 466
 0 467
 0 468
 0 469
 0 470
 0 471
 0 472
 0 473
 0 474
 0 475
 0 476
 0 477
 0 478
 0 479
 0 480
 0 481
 0 482
 0 483
 0 484
 0 485
 0 486
 0 487
 0 488
 0 489
 0 490
 0 491
 0 492
 0 493
 0 494
 0 495
 0 496
 0 497
 0 498
 0 499
 0 500
 0 501
 0 502
 0 503
 0 504
 0 505
 0 506
 0 507
 0 508
 0 509
 0 510
 0 511
 0 512
 0 513
 0 514
 0 515
 0 516
 0 517
 0 518
 0 519
 0 520
 0 521
 0 522
 0 523
 0 524
 0 525
 0 526
 0 527
 0 528
 0 529
 0 530
 0 531
 0 532
 0 533
 0 534
 0 535
 0 536
 0 537
 0 538
 0 539
 0 540
 0 541
 0 542
 0 543
 0 544
 0 545
 0 546
 0 547
 0 548
 0 549
 0 550
 0 551
 0 552
 0 553
 0 554
 0 555
 0 556
 0 557
 0 558
 0 559
 0 560
 0 561
 0 562
 0 563
 0 564
 0 565
 0 566
 0 567
 0 568
 0 569
 0 570
 0 571
 0 572
 0 573
 0 574
 0 575
 0 576
 0 577
 0 578
 0 579
 0 580
 0 581
 0 582
 0 583
 0 584
 0 585
 0 586
 0 587
 0 588
 0 589
 0 590
 0 591
 0 592
 0 593
 0 594
 0 595
 0 596
 0 597
 0 598
 0 599
 0 600


