# Created by Octave 3.8.2, Sun Jun 21 05:31:39 2020 CEST <damian@fptrucha.inv.usc.es>
# name: hd
# type: matrix
# rows: 551
# columns: 2
 0 50
 0 51
 0 52
 0 53
 0 54
 0 55
 0 56
 0 57
 0 58
 0 59
 0 60
 0 61
 0 62
 0 63
 0 64
 0 65
 0 66
 0 67
 0 68
 0 69
 0 70
 0 71
 0 72
 0 73
 0 74
 0 75
 0 76
 0 77
 0 78
 0 79
 0 80
 0 81
 0 82
 0 83
 0 84
 0 85
 0 86
 0 87
 0 88
 3 89
 3 90
 25 91
 94 92
 105 93
 163 94
 255 95
 379 96
 574 97
 738 98
 811 99
 1026 100
 1080 101
 1227 102
 1181 103
 1321 104
 1363 105
 1330 106
 1367 107
 1299 108
 1223 109
 1303 110
 1110 111
 1153 112
 1117 113
 1015 114
 977 115
 953 116
 875 117
 788 118
 759 119
 769 120
 630 121
 551 122
 538 123
 489 124
 473 125
 409 126
 369 127
 385 128
 304 129
 301 130
 266 131
 232 132
 217 133
 207 134
 182 135
 174 136
 171 137
 168 138
 132 139
 138 140
 111 141
 127 142
 95 143
 105 144
 89 145
 97 146
 86 147
 71 148
 70 149
 64 150
 57 151
 57 152
 73 153
 48 154
 59 155
 41 156
 52 157
 48 158
 32 159
 33 160
 34 161
 30 162
 22 163
 20 164
 14 165
 22 166
 23 167
 15 168
 13 169
 16 170
 11 171
 18 172
 19 173
 12 174
 15 175
 10 176
 7 177
 15 178
 8 179
 12 180
 3 181
 14 182
 8 183
 6 184
 5 185
 6 186
 6 187
 1 188
 4 189
 6 190
 5 191
 6 192
 3 193
 2 194
 4 195
 1 196
 2 197
 0 198
 1 199
 2 200
 5 201
 1 202
 2 203
 1 204
 2 205
 0 206
 1 207
 1 208
 0 209
 1 210
 0 211
 0 212
 0 213
 0 214
 1 215
 1 216
 0 217
 0 218
 0 219
 1 220
 1 221
 1 222
 0 223
 1 224
 0 225
 1 226
 0 227
 0 228
 0 229
 1 230
 0 231
 0 232
 0 233
 0 234
 0 235
 0 236
 0 237
 0 238
 0 239
 1 240
 0 241
 0 242
 0 243
 0 244
 0 245
 0 246
 0 247
 0 248
 0 249
 0 250
 0 251
 0 252
 0 253
 0 254
 0 255
 0 256
 0 257
 0 258
 0 259
 0 260
 0 261
 0 262
 1 263
 0 264
 0 265
 0 266
 0 267
 0 268
 0 269
 0 270
 0 271
 0 272
 0 273
 0 274
 0 275
 0 276
 1 277
 1 278
 0 279
 0 280
 0 281
 0 282
 1 283
 0 284
 0 285
 0 286
 0 287
 0 288
 1 289
 0 290
 1 291
 0 292
 2 293
 1 294
 2 295
 2 296
 0 297
 0 298
 0 299
 1 300
 2 301
 3 302
 0 303
 0 304
 2 305
 3 306
 0 307
 1 308
 1 309
 1 310
 1 311
 3 312
 3 313
 2 314
 2 315
 2 316
 2 317
 0 318
 3 319
 1 320
 4 321
 0 322
 2 323
 4 324
 2 325
 2 326
 0 327
 2 328
 0 329
 3 330
 3 331
 4 332
 0 333
 2 334
 4 335
 1 336
 1 337
 2 338
 0 339
 1 340
 1 341
 0 342
 1 343
 0 344
 0 345
 2 346
 1 347
 1 348
 4 349
 2 350
 3 351
 4 352
 2 353
 1 354
 3 355
 4 356
 0 357
 3 358
 1 359
 0 360
 0 361
 2 362
 2 363
 2 364
 0 365
 0 366
 0 367
 1 368
 0 369
 0 370
 1 371
 0 372
 2 373
 0 374
 1 375
 1 376
 0 377
 1 378
 0 379
 1 380
 1 381
 3 382
 1 383
 1 384
 1 385
 0 386
 1 387
 0 388
 0 389
 0 390
 0 391
 0 392
 1 393
 0 394
 0 395
 1 396
 0 397
 0 398
 1 399
 2 400
 0 401
 0 402
 0 403
 0 404
 0 405
 0 406
 0 407
 0 408
 0 409
 1 410
 0 411
 0 412
 0 413
 0 414
 0 415
 0 416
 0 417
 0 418
 1 419
 0 420
 0 421
 0 422
 0 423
 0 424
 0 425
 0 426
 0 427
 0 428
 0 429
 0 430
 0 431
 0 432
 0 433
 0 434
 0 435
 0 436
 0 437
 0 438
 0 439
 0 440
 0 441
 0 442
 0 443
 0 444
 0 445
 0 446
 0 447
 0 448
 0 449
 0 450
 0 451
 0 452
 0 453
 0 454
 0 455
 0 456
 0 457
 0 458
 0 459
 0 460
 0 461
 0 462
 0 463
 0 464
 0 465
 0 466
 0 467
 0 468
 0 469
 0 470
 0 471
 0 472
 0 473
 0 474
 0 475
 0 476
 0 477
 0 478
 0 479
 0 480
 0 481
 0 482
 0 483
 0 484
 0 485
 0 486
 0 487
 0 488
 0 489
 0 490
 0 491
 0 492
 0 493
 0 494
 0 495
 0 496
 0 497
 0 498
 0 499
 0 500
 0 501
 0 502
 0 503
 0 504
 0 505
 0 506
 0 507
 0 508
 0 509
 0 510
 0 511
 0 512
 0 513
 0 514
 0 515
 0 516
 0 517
 0 518
 0 519
 0 520
 0 521
 0 522
 0 523
 0 524
 0 525
 0 526
 0 527
 0 528
 0 529
 0 530
 0 531
 0 532
 0 533
 0 534
 0 535
 0 536
 0 537
 0 538
 0 539
 0 540
 0 541
 0 542
 0 543
 0 544
 0 545
 0 546
 0 547
 0 548
 0 549
 0 550
 0 551
 0 552
 0 553
 0 554
 0 555
 0 556
 0 557
 0 558
 0 559
 0 560
 0 561
 0 562
 0 563
 0 564
 0 565
 0 566
 0 567
 0 568
 0 569
 0 570
 0 571
 0 572
 0 573
 0 574
 0 575
 0 576
 0 577
 0 578
 0 579
 0 580
 0 581
 0 582
 0 583
 0 584
 0 585
 0 586
 0 587
 0 588
 0 589
 0 590
 0 591
 0 592
 0 593
 0 594
 0 595
 0 596
 0 597
 0 598
 0 599
 0 600


