# Created by Octave 3.8.2, Mon Jun 22 17:30:29 2020 CEST <damian@fptrucha.inv.usc.es>
# name: hd
# type: matrix
# rows: 551
# columns: 2
 0 50
 0 51
 0 52
 0 53
 0 54
 0 55
 0 56
 0 57
 0 58
 0 59
 0 60
 0 61
 0 62
 0 63
 0 64
 0 65
 0 66
 0 67
 0 68
 0 69
 0 70
 0 71
 0 72
 0 73
 0 74
 0 75
 0 76
 0 77
 0 78
 0 79
 0 80
 0 81
 0 82
 0 83
 0 84
 0 85
 0 86
 0 87
 0 88
 2 89
 1 90
 13 91
 79 92
 152 93
 191 94
 245 95
 491 96
 694 97
 928 98
 1088 99
 1367 100
 1454 101
 1590 102
 1655 103
 1625 104
 1682 105
 1635 106
 1535 107
 1486 108
 1492 109
 1366 110
 1271 111
 1251 112
 1059 113
 1006 114
 909 115
 841 116
 782 117
 705 118
 695 119
 546 120
 522 121
 456 122
 421 123
 381 124
 350 125
 342 126
 307 127
 287 128
 277 129
 236 130
 230 131
 176 132
 181 133
 167 134
 167 135
 163 136
 152 137
 144 138
 140 139
 110 140
 109 141
 103 142
 79 143
 93 144
 64 145
 95 146
 71 147
 81 148
 53 149
 58 150
 56 151
 60 152
 41 153
 58 154
 48 155
 48 156
 48 157
 31 158
 32 159
 29 160
 37 161
 28 162
 30 163
 31 164
 21 165
 19 166
 26 167
 21 168
 26 169
 28 170
 20 171
 11 172
 13 173
 24 174
 12 175
 12 176
 10 177
 9 178
 6 179
 10 180
 4 181
 9 182
 11 183
 8 184
 6 185
 5 186
 5 187
 7 188
 8 189
 3 190
 1 191
 2 192
 7 193
 2 194
 3 195
 3 196
 1 197
 0 198
 1 199
 2 200
 0 201
 2 202
 1 203
 3 204
 2 205
 0 206
 3 207
 1 208
 0 209
 0 210
 0 211
 0 212
 0 213
 2 214
 0 215
 0 216
 1 217
 0 218
 1 219
 0 220
 0 221
 0 222
 0 223
 1 224
 0 225
 0 226
 2 227
 0 228
 0 229
 0 230
 0 231
 0 232
 0 233
 0 234
 0 235
 0 236
 0 237
 0 238
 0 239
 0 240
 0 241
 0 242
 0 243
 0 244
 0 245
 0 246
 0 247
 0 248
 0 249
 0 250
 0 251
 0 252
 0 253
 0 254
 0 255
 0 256
 0 257
 0 258
 0 259
 0 260
 0 261
 0 262
 0 263
 0 264
 0 265
 0 266
 0 267
 0 268
 0 269
 1 270
 0 271
 0 272
 0 273
 0 274
 0 275
 0 276
 0 277
 0 278
 0 279
 0 280
 0 281
 1 282
 0 283
 1 284
 0 285
 1 286
 2 287
 2 288
 1 289
 0 290
 1 291
 3 292
 0 293
 0 294
 0 295
 1 296
 0 297
 2 298
 1 299
 0 300
 3 301
 0 302
 1 303
 2 304
 1 305
 2 306
 1 307
 2 308
 1 309
 1 310
 1 311
 1 312
 3 313
 4 314
 3 315
 4 316
 1 317
 4 318
 2 319
 5 320
 1 321
 2 322
 2 323
 2 324
 5 325
 3 326
 1 327
 2 328
 1 329
 2 330
 0 331
 1 332
 0 333
 3 334
 6 335
 1 336
 3 337
 4 338
 1 339
 3 340
 1 341
 3 342
 0 343
 3 344
 2 345
 1 346
 0 347
 3 348
 1 349
 2 350
 1 351
 3 352
 3 353
 1 354
 3 355
 1 356
 2 357
 1 358
 2 359
 1 360
 0 361
 2 362
 3 363
 1 364
 2 365
 1 366
 0 367
 2 368
 0 369
 0 370
 0 371
 0 372
 0 373
 0 374
 0 375
 1 376
 1 377
 1 378
 1 379
 1 380
 2 381
 1 382
 0 383
 0 384
 2 385
 0 386
 0 387
 3 388
 0 389
 0 390
 0 391
 0 392
 0 393
 0 394
 0 395
 0 396
 0 397
 0 398
 0 399
 0 400
 0 401
 0 402
 0 403
 0 404
 0 405
 0 406
 0 407
 0 408
 0 409
 0 410
 0 411
 0 412
 0 413
 0 414
 0 415
 0 416
 0 417
 0 418
 0 419
 0 420
 0 421
 0 422
 0 423
 0 424
 0 425
 0 426
 0 427
 0 428
 0 429
 0 430
 0 431
 0 432
 0 433
 0 434
 0 435
 0 436
 0 437
 0 438
 0 439
 0 440
 0 441
 0 442
 0 443
 0 444
 0 445
 0 446
 0 447
 0 448
 0 449
 0 450
 0 451
 0 452
 0 453
 0 454
 0 455
 0 456
 0 457
 0 458
 0 459
 0 460
 0 461
 0 462
 0 463
 0 464
 0 465
 0 466
 0 467
 0 468
 0 469
 0 470
 0 471
 0 472
 0 473
 0 474
 0 475
 0 476
 0 477
 0 478
 0 479
 0 480
 0 481
 0 482
 0 483
 0 484
 0 485
 0 486
 0 487
 0 488
 0 489
 0 490
 0 491
 0 492
 0 493
 0 494
 0 495
 0 496
 0 497
 0 498
 0 499
 0 500
 0 501
 0 502
 0 503
 0 504
 0 505
 0 506
 0 507
 0 508
 0 509
 0 510
 0 511
 0 512
 0 513
 0 514
 0 515
 0 516
 0 517
 0 518
 0 519
 0 520
 0 521
 0 522
 0 523
 0 524
 0 525
 0 526
 0 527
 0 528
 0 529
 0 530
 0 531
 0 532
 0 533
 0 534
 0 535
 0 536
 0 537
 0 538
 0 539
 0 540
 0 541
 0 542
 0 543
 0 544
 0 545
 0 546
 0 547
 0 548
 0 549
 0 550
 0 551
 0 552
 0 553
 0 554
 0 555
 0 556
 0 557
 0 558
 0 559
 0 560
 0 561
 0 562
 0 563
 0 564
 0 565
 0 566
 0 567
 0 568
 0 569
 0 570
 0 571
 0 572
 0 573
 0 574
 0 575
 0 576
 0 577
 0 578
 0 579
 0 580
 0 581
 0 582
 0 583
 0 584
 0 585
 0 586
 0 587
 0 588
 0 589
 0 590
 0 591
 0 592
 0 593
 0 594
 0 595
 0 596
 0 597
 0 598
 0 599
 0 600


