# Created by Octave 3.8.2, Mon Jun 22 15:03:01 2020 CEST <damian@fptrucha.inv.usc.es>
# name: hd
# type: matrix
# rows: 551
# columns: 2
 0 50
 0 51
 0 52
 0 53
 0 54
 0 55
 0 56
 0 57
 0 58
 0 59
 0 60
 0 61
 0 62
 0 63
 0 64
 0 65
 0 66
 0 67
 0 68
 0 69
 0 70
 0 71
 0 72
 0 73
 0 74
 0 75
 0 76
 0 77
 0 78
 0 79
 0 80
 0 81
 0 82
 0 83
 0 84
 0 85
 0 86
 0 87
 3 88
 7 89
 5 90
 22 91
 88 92
 129 93
 174 94
 269 95
 439 96
 676 97
 851 98
 1008 99
 1240 100
 1352 101
 1397 102
 1537 103
 1473 104
 1557 105
 1597 106
 1518 107
 1498 108
 1369 109
 1353 110
 1202 111
 1221 112
 1056 113
 1027 114
 900 115
 852 116
 860 117
 708 118
 685 119
 623 120
 546 121
 502 122
 477 123
 397 124
 407 125
 349 126
 310 127
 294 128
 282 129
 276 130
 220 131
 215 132
 192 133
 197 134
 170 135
 190 136
 148 137
 127 138
 143 139
 122 140
 126 141
 114 142
 104 143
 94 144
 77 145
 78 146
 82 147
 51 148
 75 149
 78 150
 70 151
 62 152
 49 153
 57 154
 57 155
 53 156
 44 157
 38 158
 34 159
 36 160
 24 161
 34 162
 26 163
 25 164
 27 165
 22 166
 26 167
 16 168
 18 169
 20 170
 17 171
 18 172
 15 173
 15 174
 13 175
 14 176
 17 177
 13 178
 13 179
 6 180
 8 181
 10 182
 9 183
 7 184
 11 185
 5 186
 5 187
 4 188
 5 189
 5 190
 5 191
 4 192
 5 193
 7 194
 5 195
 5 196
 2 197
 3 198
 1 199
 2 200
 3 201
 1 202
 1 203
 2 204
 1 205
 0 206
 2 207
 1 208
 0 209
 0 210
 0 211
 0 212
 1 213
 0 214
 0 215
 0 216
 1 217
 0 218
 1 219
 0 220
 0 221
 0 222
 0 223
 0 224
 1 225
 0 226
 0 227
 0 228
 0 229
 1 230
 0 231
 0 232
 0 233
 0 234
 0 235
 0 236
 0 237
 0 238
 0 239
 0 240
 0 241
 0 242
 0 243
 1 244
 1 245
 0 246
 0 247
 0 248
 0 249
 0 250
 0 251
 0 252
 0 253
 0 254
 0 255
 0 256
 0 257
 0 258
 0 259
 0 260
 0 261
 0 262
 0 263
 0 264
 0 265
 0 266
 1 267
 0 268
 0 269
 0 270
 0 271
 1 272
 0 273
 0 274
 0 275
 0 276
 1 277
 1 278
 0 279
 0 280
 1 281
 0 282
 0 283
 0 284
 1 285
 0 286
 0 287
 1 288
 2 289
 2 290
 2 291
 1 292
 2 293
 1 294
 0 295
 1 296
 2 297
 0 298
 5 299
 1 300
 4 301
 0 302
 1 303
 0 304
 1 305
 4 306
 3 307
 1 308
 3 309
 1 310
 2 311
 4 312
 1 313
 3 314
 1 315
 5 316
 2 317
 2 318
 2 319
 0 320
 5 321
 5 322
 5 323
 4 324
 5 325
 3 326
 1 327
 2 328
 3 329
 3 330
 3 331
 3 332
 4 333
 0 334
 2 335
 3 336
 2 337
 3 338
 5 339
 5 340
 2 341
 1 342
 3 343
 2 344
 2 345
 3 346
 5 347
 0 348
 0 349
 2 350
 4 351
 1 352
 2 353
 1 354
 3 355
 0 356
 1 357
 1 358
 0 359
 0 360
 2 361
 1 362
 2 363
 2 364
 1 365
 0 366
 0 367
 1 368
 2 369
 1 370
 1 371
 2 372
 0 373
 0 374
 1 375
 1 376
 0 377
 2 378
 1 379
 0 380
 0 381
 1 382
 0 383
 0 384
 0 385
 0 386
 0 387
 0 388
 1 389
 2 390
 0 391
 0 392
 0 393
 0 394
 1 395
 0 396
 0 397
 1 398
 0 399
 0 400
 0 401
 0 402
 0 403
 0 404
 1 405
 0 406
 0 407
 0 408
 0 409
 0 410
 0 411
 0 412
 0 413
 0 414
 1 415
 0 416
 0 417
 0 418
 0 419
 0 420
 0 421
 0 422
 0 423
 0 424
 0 425
 0 426
 0 427
 0 428
 0 429
 0 430
 0 431
 0 432
 0 433
 0 434
 0 435
 0 436
 0 437
 0 438
 0 439
 0 440
 0 441
 0 442
 0 443
 0 444
 0 445
 0 446
 0 447
 0 448
 0 449
 0 450
 0 451
 0 452
 0 453
 0 454
 0 455
 1 456
 0 457
 0 458
 0 459
 0 460
 0 461
 0 462
 0 463
 0 464
 0 465
 0 466
 0 467
 0 468
 0 469
 0 470
 0 471
 0 472
 0 473
 0 474
 0 475
 0 476
 0 477
 0 478
 0 479
 0 480
 0 481
 0 482
 0 483
 0 484
 0 485
 0 486
 0 487
 0 488
 0 489
 0 490
 0 491
 0 492
 0 493
 0 494
 0 495
 0 496
 0 497
 0 498
 0 499
 0 500
 0 501
 0 502
 0 503
 0 504
 0 505
 0 506
 0 507
 0 508
 0 509
 0 510
 0 511
 0 512
 0 513
 0 514
 0 515
 0 516
 0 517
 0 518
 0 519
 0 520
 0 521
 0 522
 0 523
 0 524
 0 525
 0 526
 0 527
 0 528
 0 529
 0 530
 0 531
 0 532
 0 533
 0 534
 0 535
 0 536
 0 537
 0 538
 0 539
 0 540
 0 541
 0 542
 0 543
 0 544
 0 545
 0 546
 0 547
 0 548
 0 549
 0 550
 0 551
 0 552
 0 553
 0 554
 0 555
 0 556
 0 557
 0 558
 0 559
 0 560
 0 561
 0 562
 0 563
 0 564
 0 565
 0 566
 0 567
 0 568
 0 569
 0 570
 0 571
 0 572
 0 573
 0 574
 0 575
 0 576
 0 577
 0 578
 0 579
 0 580
 0 581
 0 582
 0 583
 0 584
 0 585
 0 586
 0 587
 0 588
 0 589
 0 590
 0 591
 0 592
 0 593
 0 594
 0 595
 0 596
 0 597
 0 598
 0 599
 0 600


