# Created by Octave 3.8.2, Mon Jun 22 06:43:05 2020 CEST <damian@fptrucha.inv.usc.es>
# name: hd
# type: matrix
# rows: 551
# columns: 2
 0 50
 0 51
 0 52
 0 53
 0 54
 0 55
 0 56
 0 57
 0 58
 0 59
 0 60
 0 61
 0 62
 0 63
 0 64
 0 65
 0 66
 0 67
 0 68
 0 69
 0 70
 0 71
 0 72
 0 73
 0 74
 0 75
 0 76
 0 77
 0 78
 0 79
 0 80
 0 81
 0 82
 0 83
 0 84
 0 85
 0 86
 0 87
 0 88
 3 89
 4 90
 20 91
 63 92
 123 93
 157 94
 241 95
 381 96
 558 97
 750 98
 925 99
 1078 100
 1254 101
 1279 102
 1358 103
 1371 104
 1460 105
 1378 106
 1379 107
 1336 108
 1273 109
 1184 110
 1119 111
 1074 112
 1024 113
 884 114
 873 115
 775 116
 738 117
 631 118
 602 119
 541 120
 529 121
 457 122
 417 123
 388 124
 391 125
 292 126
 286 127
 250 128
 300 129
 230 130
 221 131
 204 132
 179 133
 160 134
 169 135
 159 136
 148 137
 154 138
 114 139
 107 140
 93 141
 98 142
 86 143
 88 144
 119 145
 67 146
 64 147
 64 148
 67 149
 68 150
 56 151
 51 152
 62 153
 49 154
 44 155
 51 156
 46 157
 41 158
 39 159
 49 160
 46 161
 31 162
 32 163
 36 164
 28 165
 28 166
 31 167
 22 168
 17 169
 16 170
 15 171
 16 172
 8 173
 14 174
 15 175
 16 176
 9 177
 11 178
 10 179
 12 180
 15 181
 11 182
 11 183
 6 184
 4 185
 8 186
 3 187
 10 188
 3 189
 7 190
 4 191
 6 192
 2 193
 4 194
 5 195
 3 196
 4 197
 4 198
 3 199
 2 200
 7 201
 4 202
 1 203
 1 204
 1 205
 1 206
 1 207
 1 208
 0 209
 2 210
 2 211
 1 212
 0 213
 0 214
 1 215
 0 216
 2 217
 0 218
 0 219
 1 220
 0 221
 0 222
 0 223
 0 224
 0 225
 0 226
 0 227
 0 228
 0 229
 0 230
 1 231
 0 232
 1 233
 0 234
 0 235
 0 236
 0 237
 0 238
 0 239
 1 240
 0 241
 0 242
 0 243
 0 244
 0 245
 0 246
 0 247
 0 248
 0 249
 0 250
 0 251
 0 252
 0 253
 0 254
 0 255
 0 256
 0 257
 0 258
 0 259
 0 260
 0 261
 0 262
 0 263
 0 264
 0 265
 0 266
 0 267
 0 268
 0 269
 0 270
 0 271
 0 272
 0 273
 0 274
 0 275
 0 276
 1 277
 2 278
 2 279
 0 280
 0 281
 1 282
 1 283
 2 284
 0 285
 0 286
 0 287
 2 288
 1 289
 2 290
 0 291
 2 292
 0 293
 2 294
 2 295
 3 296
 0 297
 0 298
 0 299
 0 300
 1 301
 0 302
 5 303
 2 304
 5 305
 0 306
 5 307
 4 308
 3 309
 1 310
 4 311
 1 312
 3 313
 8 314
 0 315
 4 316
 2 317
 4 318
 5 319
 3 320
 4 321
 4 322
 1 323
 3 324
 3 325
 0 326
 3 327
 3 328
 5 329
 3 330
 5 331
 5 332
 3 333
 3 334
 3 335
 3 336
 4 337
 1 338
 1 339
 3 340
 3 341
 4 342
 4 343
 6 344
 0 345
 3 346
 4 347
 4 348
 3 349
 1 350
 1 351
 2 352
 2 353
 2 354
 0 355
 3 356
 0 357
 1 358
 2 359
 3 360
 2 361
 1 362
 2 363
 0 364
 2 365
 1 366
 3 367
 2 368
 3 369
 1 370
 0 371
 2 372
 0 373
 2 374
 2 375
 0 376
 0 377
 1 378
 0 379
 1 380
 1 381
 1 382
 1 383
 0 384
 0 385
 1 386
 1 387
 0 388
 0 389
 1 390
 0 391
 0 392
 1 393
 0 394
 0 395
 0 396
 0 397
 2 398
 0 399
 0 400
 0 401
 0 402
 0 403
 0 404
 0 405
 0 406
 0 407
 0 408
 0 409
 0 410
 1 411
 0 412
 0 413
 0 414
 0 415
 0 416
 0 417
 0 418
 0 419
 0 420
 0 421
 0 422
 1 423
 0 424
 0 425
 0 426
 0 427
 0 428
 0 429
 0 430
 0 431
 0 432
 0 433
 0 434
 0 435
 0 436
 0 437
 0 438
 0 439
 0 440
 0 441
 0 442
 0 443
 0 444
 0 445
 0 446
 0 447
 0 448
 0 449
 0 450
 0 451
 0 452
 0 453
 0 454
 0 455
 0 456
 0 457
 0 458
 0 459
 0 460
 0 461
 0 462
 0 463
 0 464
 0 465
 0 466
 0 467
 0 468
 0 469
 0 470
 0 471
 0 472
 0 473
 0 474
 0 475
 0 476
 0 477
 0 478
 0 479
 0 480
 0 481
 0 482
 0 483
 0 484
 0 485
 0 486
 0 487
 0 488
 0 489
 0 490
 0 491
 0 492
 0 493
 0 494
 0 495
 0 496
 0 497
 0 498
 0 499
 0 500
 0 501
 0 502
 0 503
 0 504
 0 505
 0 506
 0 507
 0 508
 0 509
 0 510
 0 511
 0 512
 0 513
 0 514
 0 515
 0 516
 0 517
 0 518
 0 519
 0 520
 0 521
 0 522
 0 523
 0 524
 0 525
 0 526
 0 527
 0 528
 0 529
 0 530
 0 531
 0 532
 0 533
 0 534
 0 535
 0 536
 0 537
 0 538
 0 539
 0 540
 0 541
 0 542
 0 543
 0 544
 0 545
 0 546
 0 547
 0 548
 0 549
 0 550
 0 551
 0 552
 0 553
 0 554
 0 555
 0 556
 0 557
 0 558
 0 559
 0 560
 0 561
 0 562
 0 563
 0 564
 0 565
 0 566
 0 567
 0 568
 0 569
 0 570
 0 571
 0 572
 0 573
 0 574
 0 575
 0 576
 0 577
 0 578
 0 579
 0 580
 0 581
 0 582
 0 583
 0 584
 0 585
 0 586
 0 587
 0 588
 0 589
 0 590
 0 591
 0 592
 0 593
 0 594
 0 595
 0 596
 0 597
 0 598
 0 599
 0 600


