# Created by Octave 3.8.2, Sat Jun 20 13:27:54 2020 CEST <damian@fptrucha.inv.usc.es>
# name: hd
# type: matrix
# rows: 551
# columns: 2
 0 50
 0 51
 0 52
 0 53
 0 54
 0 55
 0 56
 0 57
 0 58
 0 59
 0 60
 0 61
 0 62
 0 63
 0 64
 0 65
 0 66
 0 67
 0 68
 0 69
 0 70
 0 71
 0 72
 0 73
 0 74
 0 75
 0 76
 0 77
 0 78
 0 79
 0 80
 0 81
 0 82
 0 83
 0 84
 0 85
 0 86
 0 87
 4 88
 8 89
 2 90
 34 91
 95 92
 114 93
 183 94
 297 95
 458 96
 651 97
 821 98
 969 99
 1169 100
 1252 101
 1376 102
 1357 103
 1407 104
 1386 105
 1434 106
 1502 107
 1396 108
 1424 109
 1365 110
 1284 111
 1216 112
 1200 113
 1107 114
 1082 115
 976 116
 900 117
 795 118
 737 119
 735 120
 678 121
 572 122
 611 123
 502 124
 468 125
 480 126
 384 127
 385 128
 326 129
 318 130
 288 131
 263 132
 254 133
 220 134
 230 135
 193 136
 156 137
 159 138
 172 139
 145 140
 132 141
 143 142
 111 143
 93 144
 103 145
 93 146
 76 147
 68 148
 89 149
 62 150
 63 151
 58 152
 67 153
 49 154
 41 155
 48 156
 48 157
 43 158
 42 159
 34 160
 42 161
 38 162
 23 163
 27 164
 26 165
 18 166
 22 167
 24 168
 26 169
 20 170
 18 171
 15 172
 14 173
 18 174
 12 175
 15 176
 4 177
 9 178
 12 179
 9 180
 6 181
 7 182
 7 183
 6 184
 8 185
 2 186
 6 187
 7 188
 2 189
 6 190
 3 191
 3 192
 4 193
 6 194
 1 195
 3 196
 3 197
 3 198
 1 199
 3 200
 0 201
 0 202
 2 203
 1 204
 2 205
 2 206
 1 207
 0 208
 1 209
 1 210
 1 211
 0 212
 0 213
 0 214
 1 215
 1 216
 0 217
 0 218
 0 219
 1 220
 0 221
 0 222
 0 223
 0 224
 1 225
 0 226
 0 227
 0 228
 0 229
 0 230
 0 231
 0 232
 1 233
 0 234
 0 235
 0 236
 0 237
 0 238
 0 239
 1 240
 0 241
 0 242
 0 243
 0 244
 0 245
 0 246
 0 247
 0 248
 0 249
 0 250
 0 251
 0 252
 0 253
 0 254
 0 255
 0 256
 0 257
 0 258
 0 259
 0 260
 0 261
 0 262
 0 263
 0 264
 0 265
 0 266
 0 267
 0 268
 0 269
 0 270
 0 271
 0 272
 0 273
 0 274
 0 275
 0 276
 0 277
 0 278
 0 279
 0 280
 0 281
 0 282
 1 283
 0 284
 0 285
 0 286
 0 287
 0 288
 1 289
 0 290
 0 291
 1 292
 0 293
 1 294
 1 295
 1 296
 1 297
 2 298
 0 299
 1 300
 1 301
 0 302
 0 303
 1 304
 2 305
 1 306
 0 307
 2 308
 0 309
 2 310
 1 311
 3 312
 1 313
 1 314
 3 315
 1 316
 3 317
 3 318
 0 319
 3 320
 3 321
 3 322
 1 323
 0 324
 8 325
 4 326
 1 327
 1 328
 1 329
 1 330
 5 331
 7 332
 2 333
 7 334
 0 335
 4 336
 2 337
 2 338
 3 339
 1 340
 6 341
 3 342
 3 343
 1 344
 2 345
 1 346
 0 347
 3 348
 2 349
 3 350
 3 351
 1 352
 4 353
 2 354
 3 355
 1 356
 1 357
 2 358
 1 359
 0 360
 3 361
 2 362
 0 363
 1 364
 0 365
 1 366
 1 367
 1 368
 0 369
 2 370
 2 371
 2 372
 1 373
 3 374
 1 375
 0 376
 1 377
 1 378
 0 379
 0 380
 0 381
 0 382
 2 383
 1 384
 0 385
 1 386
 1 387
 0 388
 0 389
 1 390
 0 391
 0 392
 1 393
 0 394
 0 395
 0 396
 0 397
 0 398
 0 399
 0 400
 0 401
 0 402
 0 403
 0 404
 0 405
 1 406
 0 407
 0 408
 0 409
 0 410
 0 411
 0 412
 0 413
 0 414
 0 415
 0 416
 0 417
 0 418
 0 419
 0 420
 0 421
 0 422
 0 423
 0 424
 0 425
 0 426
 0 427
 0 428
 0 429
 0 430
 0 431
 0 432
 0 433
 0 434
 0 435
 0 436
 0 437
 0 438
 0 439
 0 440
 0 441
 0 442
 0 443
 0 444
 0 445
 0 446
 0 447
 0 448
 0 449
 0 450
 0 451
 0 452
 0 453
 0 454
 0 455
 0 456
 0 457
 0 458
 0 459
 0 460
 0 461
 0 462
 0 463
 0 464
 0 465
 0 466
 0 467
 0 468
 0 469
 0 470
 0 471
 0 472
 0 473
 0 474
 0 475
 0 476
 0 477
 0 478
 0 479
 0 480
 0 481
 0 482
 0 483
 0 484
 0 485
 0 486
 0 487
 0 488
 0 489
 0 490
 0 491
 0 492
 0 493
 0 494
 0 495
 0 496
 0 497
 0 498
 0 499
 0 500
 0 501
 0 502
 0 503
 0 504
 0 505
 0 506
 0 507
 0 508
 0 509
 0 510
 0 511
 0 512
 0 513
 0 514
 0 515
 0 516
 0 517
 0 518
 0 519
 0 520
 0 521
 0 522
 0 523
 0 524
 0 525
 0 526
 0 527
 0 528
 0 529
 0 530
 0 531
 0 532
 0 533
 0 534
 0 535
 0 536
 0 537
 0 538
 0 539
 0 540
 0 541
 0 542
 0 543
 0 544
 0 545
 0 546
 0 547
 0 548
 0 549
 0 550
 0 551
 0 552
 0 553
 0 554
 0 555
 0 556
 0 557
 0 558
 0 559
 0 560
 0 561
 0 562
 0 563
 0 564
 0 565
 0 566
 0 567
 0 568
 0 569
 0 570
 0 571
 0 572
 0 573
 0 574
 0 575
 0 576
 0 577
 0 578
 0 579
 0 580
 0 581
 0 582
 0 583
 0 584
 0 585
 0 586
 0 587
 0 588
 0 589
 0 590
 0 591
 0 592
 0 593
 0 594
 0 595
 0 596
 0 597
 0 598
 0 599
 0 600


