# Created by Octave 3.8.2, Mon Jun 22 03:51:50 2020 CEST <damian@fptrucha.inv.usc.es>
# name: hd
# type: matrix
# rows: 551
# columns: 2
 0 50
 0 51
 0 52
 0 53
 0 54
 0 55
 0 56
 0 57
 0 58
 0 59
 0 60
 0 61
 0 62
 0 63
 0 64
 0 65
 0 66
 0 67
 0 68
 0 69
 0 70
 0 71
 0 72
 0 73
 0 74
 0 75
 0 76
 0 77
 0 78
 0 79
 0 80
 0 81
 0 82
 0 83
 0 84
 0 85
 0 86
 0 87
 1 88
 3 89
 6 90
 8 91
 64 92
 123 93
 150 94
 256 95
 400 96
 536 97
 740 98
 966 99
 1165 100
 1365 101
 1371 102
 1412 103
 1436 104
 1463 105
 1367 106
 1377 107
 1335 108
 1287 109
 1209 110
 1112 111
 1110 112
 989 113
 882 114
 871 115
 801 116
 673 117
 671 118
 629 119
 526 120
 458 121
 445 122
 416 123
 372 124
 359 125
 334 126
 296 127
 274 128
 257 129
 234 130
 224 131
 179 132
 193 133
 172 134
 161 135
 127 136
 144 137
 129 138
 92 139
 122 140
 114 141
 83 142
 81 143
 84 144
 90 145
 74 146
 61 147
 69 148
 67 149
 52 150
 57 151
 61 152
 55 153
 63 154
 51 155
 43 156
 46 157
 43 158
 31 159
 39 160
 40 161
 23 162
 26 163
 31 164
 21 165
 28 166
 19 167
 16 168
 16 169
 22 170
 14 171
 21 172
 21 173
 10 174
 18 175
 10 176
 9 177
 6 178
 9 179
 7 180
 8 181
 8 182
 12 183
 8 184
 12 185
 5 186
 5 187
 9 188
 4 189
 10 190
 6 191
 4 192
 9 193
 2 194
 4 195
 8 196
 1 197
 3 198
 3 199
 5 200
 2 201
 2 202
 0 203
 0 204
 2 205
 1 206
 1 207
 2 208
 1 209
 3 210
 0 211
 0 212
 0 213
 0 214
 1 215
 0 216
 0 217
 0 218
 0 219
 0 220
 0 221
 0 222
 1 223
 0 224
 0 225
 0 226
 0 227
 0 228
 0 229
 0 230
 0 231
 0 232
 0 233
 0 234
 0 235
 0 236
 1 237
 0 238
 0 239
 0 240
 0 241
 0 242
 0 243
 0 244
 0 245
 0 246
 0 247
 0 248
 0 249
 0 250
 0 251
 0 252
 0 253
 0 254
 0 255
 0 256
 0 257
 0 258
 0 259
 0 260
 0 261
 0 262
 0 263
 0 264
 0 265
 1 266
 0 267
 0 268
 0 269
 0 270
 0 271
 0 272
 0 273
 1 274
 0 275
 1 276
 0 277
 0 278
 0 279
 0 280
 0 281
 0 282
 0 283
 0 284
 0 285
 0 286
 0 287
 0 288
 0 289
 1 290
 1 291
 2 292
 0 293
 1 294
 0 295
 1 296
 1 297
 2 298
 1 299
 0 300
 2 301
 0 302
 1 303
 0 304
 1 305
 2 306
 1 307
 2 308
 2 309
 2 310
 3 311
 1 312
 3 313
 6 314
 0 315
 2 316
 1 317
 1 318
 1 319
 2 320
 1 321
 1 322
 1 323
 3 324
 4 325
 2 326
 3 327
 2 328
 4 329
 1 330
 6 331
 3 332
 1 333
 2 334
 0 335
 3 336
 4 337
 0 338
 4 339
 3 340
 4 341
 4 342
 2 343
 1 344
 3 345
 3 346
 0 347
 3 348
 1 349
 5 350
 2 351
 1 352
 3 353
 3 354
 0 355
 0 356
 6 357
 0 358
 2 359
 1 360
 0 361
 0 362
 2 363
 0 364
 1 365
 5 366
 3 367
 0 368
 0 369
 0 370
 0 371
 0 372
 0 373
 0 374
 0 375
 3 376
 0 377
 2 378
 0 379
 1 380
 0 381
 1 382
 1 383
 1 384
 1 385
 0 386
 0 387
 0 388
 1 389
 0 390
 1 391
 0 392
 0 393
 1 394
 0 395
 0 396
 0 397
 0 398
 0 399
 0 400
 0 401
 2 402
 0 403
 0 404
 0 405
 0 406
 1 407
 0 408
 0 409
 0 410
 0 411
 0 412
 0 413
 0 414
 0 415
 0 416
 0 417
 0 418
 0 419
 0 420
 0 421
 0 422
 0 423
 0 424
 0 425
 0 426
 0 427
 0 428
 0 429
 0 430
 0 431
 0 432
 0 433
 0 434
 0 435
 0 436
 0 437
 0 438
 0 439
 0 440
 0 441
 0 442
 0 443
 0 444
 0 445
 0 446
 0 447
 0 448
 0 449
 0 450
 0 451
 0 452
 0 453
 0 454
 0 455
 0 456
 0 457
 0 458
 0 459
 0 460
 0 461
 0 462
 0 463
 0 464
 0 465
 0 466
 0 467
 0 468
 0 469
 0 470
 0 471
 0 472
 0 473
 0 474
 0 475
 0 476
 0 477
 0 478
 0 479
 0 480
 0 481
 0 482
 0 483
 0 484
 0 485
 0 486
 0 487
 0 488
 0 489
 0 490
 0 491
 0 492
 0 493
 0 494
 0 495
 0 496
 0 497
 0 498
 0 499
 0 500
 0 501
 0 502
 0 503
 0 504
 0 505
 0 506
 0 507
 0 508
 0 509
 0 510
 0 511
 0 512
 0 513
 0 514
 0 515
 0 516
 0 517
 0 518
 0 519
 0 520
 0 521
 0 522
 0 523
 0 524
 0 525
 0 526
 0 527
 0 528
 0 529
 0 530
 0 531
 0 532
 0 533
 0 534
 0 535
 0 536
 0 537
 0 538
 0 539
 0 540
 0 541
 0 542
 0 543
 0 544
 0 545
 0 546
 0 547
 0 548
 0 549
 0 550
 0 551
 0 552
 0 553
 0 554
 0 555
 0 556
 0 557
 0 558
 0 559
 0 560
 0 561
 0 562
 0 563
 0 564
 0 565
 0 566
 0 567
 0 568
 0 569
 0 570
 0 571
 0 572
 0 573
 0 574
 0 575
 0 576
 0 577
 0 578
 0 579
 0 580
 0 581
 0 582
 0 583
 0 584
 0 585
 0 586
 0 587
 0 588
 0 589
 0 590
 0 591
 0 592
 0 593
 0 594
 0 595
 0 596
 0 597
 0 598
 0 599
 0 600


