# Created by Octave 3.8.2, Sat Jun 20 04:20:08 2020 CEST <damian@fptrucha.inv.usc.es>
# name: hd
# type: matrix
# rows: 551
# columns: 2
 0 50
 0 51
 0 52
 0 53
 0 54
 0 55
 0 56
 0 57
 0 58
 0 59
 0 60
 0 61
 0 62
 0 63
 0 64
 0 65
 0 66
 0 67
 0 68
 0 69
 0 70
 0 71
 0 72
 0 73
 0 74
 0 75
 0 76
 0 77
 0 78
 0 79
 0 80
 0 81
 0 82
 0 83
 0 84
 0 85
 0 86
 0 87
 1 88
 8 89
 7 90
 26 91
 91 92
 123 93
 181 94
 290 95
 428 96
 623 97
 823 98
 972 99
 1147 100
 1222 101
 1322 102
 1392 103
 1415 104
 1508 105
 1541 106
 1540 107
 1441 108
 1452 109
 1403 110
 1346 111
 1239 112
 1222 113
 1104 114
 1174 115
 1019 116
 938 117
 826 118
 812 119
 765 120
 687 121
 676 122
 580 123
 550 124
 564 125
 484 126
 410 127
 409 128
 357 129
 330 130
 302 131
 269 132
 264 133
 227 134
 216 135
 189 136
 188 137
 200 138
 150 139
 157 140
 152 141
 147 142
 128 143
 118 144
 115 145
 108 146
 86 147
 87 148
 77 149
 69 150
 76 151
 59 152
 62 153
 51 154
 57 155
 56 156
 50 157
 48 158
 50 159
 40 160
 39 161
 41 162
 40 163
 31 164
 25 165
 27 166
 27 167
 22 168
 25 169
 18 170
 16 171
 17 172
 17 173
 13 174
 16 175
 17 176
 12 177
 5 178
 12 179
 13 180
 8 181
 6 182
 4 183
 4 184
 5 185
 8 186
 9 187
 7 188
 4 189
 3 190
 4 191
 3 192
 8 193
 5 194
 4 195
 5 196
 0 197
 5 198
 0 199
 2 200
 2 201
 2 202
 3 203
 3 204
 1 205
 1 206
 0 207
 0 208
 1 209
 0 210
 1 211
 1 212
 0 213
 0 214
 0 215
 2 216
 0 217
 0 218
 0 219
 0 220
 1 221
 1 222
 0 223
 2 224
 0 225
 0 226
 0 227
 0 228
 0 229
 0 230
 0 231
 1 232
 0 233
 0 234
 0 235
 0 236
 0 237
 0 238
 0 239
 0 240
 1 241
 0 242
 0 243
 0 244
 0 245
 0 246
 1 247
 0 248
 0 249
 0 250
 0 251
 0 252
 0 253
 0 254
 0 255
 0 256
 0 257
 0 258
 0 259
 0 260
 0 261
 0 262
 0 263
 0 264
 0 265
 0 266
 1 267
 0 268
 0 269
 0 270
 0 271
 0 272
 0 273
 0 274
 0 275
 0 276
 0 277
 0 278
 0 279
 0 280
 0 281
 2 282
 1 283
 0 284
 0 285
 0 286
 1 287
 0 288
 1 289
 2 290
 1 291
 1 292
 1 293
 1 294
 1 295
 2 296
 1 297
 1 298
 3 299
 1 300
 3 301
 2 302
 1 303
 1 304
 0 305
 2 306
 3 307
 2 308
 2 309
 2 310
 3 311
 1 312
 3 313
 2 314
 1 315
 2 316
 1 317
 3 318
 5 319
 3 320
 4 321
 4 322
 4 323
 1 324
 4 325
 1 326
 0 327
 4 328
 5 329
 3 330
 5 331
 3 332
 3 333
 1 334
 3 335
 2 336
 3 337
 6 338
 6 339
 0 340
 2 341
 3 342
 3 343
 2 344
 2 345
 2 346
 2 347
 2 348
 5 349
 2 350
 3 351
 2 352
 2 353
 2 354
 2 355
 1 356
 2 357
 3 358
 0 359
 1 360
 2 361
 1 362
 1 363
 0 364
 5 365
 0 366
 3 367
 1 368
 4 369
 1 370
 0 371
 3 372
 0 373
 1 374
 3 375
 1 376
 1 377
 1 378
 1 379
 1 380
 0 381
 2 382
 0 383
 1 384
 2 385
 0 386
 0 387
 0 388
 0 389
 1 390
 1 391
 0 392
 0 393
 0 394
 0 395
 0 396
 0 397
 0 398
 0 399
 1 400
 0 401
 0 402
 1 403
 0 404
 0 405
 0 406
 0 407
 0 408
 0 409
 0 410
 0 411
 0 412
 0 413
 0 414
 0 415
 0 416
 1 417
 0 418
 0 419
 0 420
 0 421
 0 422
 0 423
 0 424
 0 425
 0 426
 0 427
 0 428
 0 429
 0 430
 0 431
 0 432
 0 433
 0 434
 0 435
 0 436
 0 437
 0 438
 0 439
 0 440
 0 441
 0 442
 0 443
 0 444
 0 445
 0 446
 0 447
 0 448
 0 449
 0 450
 0 451
 0 452
 0 453
 0 454
 0 455
 0 456
 0 457
 0 458
 0 459
 0 460
 0 461
 0 462
 0 463
 0 464
 0 465
 0 466
 0 467
 0 468
 0 469
 0 470
 0 471
 0 472
 0 473
 0 474
 0 475
 0 476
 0 477
 0 478
 0 479
 0 480
 0 481
 0 482
 0 483
 0 484
 0 485
 0 486
 0 487
 0 488
 0 489
 0 490
 0 491
 0 492
 0 493
 0 494
 0 495
 0 496
 0 497
 0 498
 0 499
 0 500
 0 501
 0 502
 0 503
 0 504
 0 505
 0 506
 0 507
 0 508
 0 509
 0 510
 0 511
 0 512
 0 513
 0 514
 0 515
 0 516
 0 517
 0 518
 0 519
 0 520
 0 521
 0 522
 0 523
 0 524
 0 525
 0 526
 0 527
 0 528
 0 529
 0 530
 0 531
 0 532
 0 533
 0 534
 0 535
 0 536
 0 537
 0 538
 0 539
 0 540
 0 541
 0 542
 0 543
 0 544
 0 545
 0 546
 0 547
 0 548
 0 549
 0 550
 0 551
 0 552
 0 553
 0 554
 0 555
 0 556
 0 557
 0 558
 0 559
 0 560
 0 561
 0 562
 0 563
 0 564
 0 565
 0 566
 0 567
 0 568
 0 569
 0 570
 0 571
 0 572
 0 573
 0 574
 0 575
 0 576
 0 577
 0 578
 0 579
 0 580
 0 581
 0 582
 0 583
 0 584
 0 585
 0 586
 0 587
 0 588
 0 589
 0 590
 0 591
 0 592
 0 593
 0 594
 0 595
 0 596
 0 597
 0 598
 0 599
 0 600


