# Created by Octave 3.8.2, Mon Jun 22 03:58:35 2020 CEST <damian@fptrucha.inv.usc.es>
# name: hd
# type: matrix
# rows: 551
# columns: 2
 0 50
 0 51
 0 52
 0 53
 0 54
 0 55
 0 56
 0 57
 0 58
 0 59
 0 60
 0 61
 0 62
 0 63
 0 64
 0 65
 0 66
 0 67
 0 68
 0 69
 0 70
 0 71
 0 72
 0 73
 0 74
 0 75
 0 76
 0 77
 0 78
 0 79
 0 80
 0 81
 0 82
 0 83
 0 84
 0 85
 0 86
 0 87
 0 88
 4 89
 4 90
 17 91
 69 92
 118 93
 162 94
 215 95
 340 96
 535 97
 729 98
 917 99
 1136 100
 1201 101
 1362 102
 1389 103
 1332 104
 1425 105
 1377 106
 1318 107
 1322 108
 1270 109
 1214 110
 1132 111
 1058 112
 1006 113
 906 114
 827 115
 799 116
 721 117
 632 118
 611 119
 572 120
 530 121
 457 122
 431 123
 376 124
 309 125
 321 126
 274 127
 287 128
 240 129
 227 130
 213 131
 189 132
 175 133
 160 134
 149 135
 151 136
 138 137
 102 138
 121 139
 110 140
 113 141
 103 142
 89 143
 83 144
 61 145
 83 146
 74 147
 61 148
 72 149
 62 150
 67 151
 51 152
 49 153
 35 154
 46 155
 38 156
 47 157
 42 158
 37 159
 39 160
 32 161
 35 162
 18 163
 22 164
 24 165
 25 166
 27 167
 15 168
 22 169
 17 170
 20 171
 18 172
 13 173
 11 174
 19 175
 11 176
 16 177
 9 178
 9 179
 9 180
 8 181
 6 182
 4 183
 12 184
 8 185
 8 186
 7 187
 7 188
 7 189
 4 190
 4 191
 8 192
 4 193
 8 194
 3 195
 5 196
 1 197
 4 198
 1 199
 1 200
 3 201
 0 202
 3 203
 1 204
 0 205
 2 206
 2 207
 1 208
 0 209
 2 210
 0 211
 0 212
 1 213
 0 214
 1 215
 0 216
 2 217
 0 218
 1 219
 0 220
 2 221
 0 222
 0 223
 0 224
 0 225
 0 226
 0 227
 0 228
 0 229
 0 230
 0 231
 0 232
 0 233
 0 234
 0 235
 0 236
 0 237
 0 238
 0 239
 1 240
 0 241
 0 242
 0 243
 0 244
 0 245
 0 246
 0 247
 0 248
 1 249
 0 250
 0 251
 0 252
 0 253
 0 254
 0 255
 0 256
 0 257
 0 258
 0 259
 0 260
 0 261
 0 262
 0 263
 0 264
 0 265
 0 266
 0 267
 0 268
 0 269
 0 270
 0 271
 0 272
 0 273
 0 274
 0 275
 0 276
 1 277
 0 278
 1 279
 1 280
 0 281
 2 282
 1 283
 0 284
 0 285
 0 286
 0 287
 0 288
 2 289
 1 290
 1 291
 1 292
 0 293
 0 294
 0 295
 1 296
 1 297
 1 298
 1 299
 2 300
 2 301
 1 302
 3 303
 2 304
 2 305
 1 306
 2 307
 0 308
 0 309
 2 310
 2 311
 4 312
 2 313
 1 314
 3 315
 3 316
 4 317
 3 318
 3 319
 4 320
 2 321
 3 322
 2 323
 3 324
 1 325
 3 326
 4 327
 2 328
 1 329
 2 330
 2 331
 2 332
 1 333
 3 334
 2 335
 6 336
 2 337
 3 338
 0 339
 1 340
 2 341
 0 342
 1 343
 1 344
 0 345
 1 346
 3 347
 4 348
 2 349
 1 350
 2 351
 4 352
 2 353
 1 354
 1 355
 3 356
 2 357
 0 358
 2 359
 3 360
 3 361
 1 362
 0 363
 1 364
 0 365
 0 366
 1 367
 0 368
 1 369
 1 370
 1 371
 0 372
 1 373
 1 374
 0 375
 0 376
 0 377
 0 378
 0 379
 1 380
 0 381
 1 382
 1 383
 0 384
 1 385
 0 386
 0 387
 0 388
 0 389
 2 390
 0 391
 0 392
 1 393
 0 394
 0 395
 0 396
 0 397
 0 398
 0 399
 0 400
 0 401
 0 402
 0 403
 0 404
 0 405
 0 406
 0 407
 0 408
 0 409
 0 410
 0 411
 0 412
 0 413
 0 414
 0 415
 0 416
 0 417
 0 418
 0 419
 0 420
 0 421
 0 422
 0 423
 0 424
 0 425
 0 426
 0 427
 0 428
 0 429
 0 430
 0 431
 0 432
 0 433
 0 434
 0 435
 0 436
 0 437
 0 438
 0 439
 0 440
 0 441
 0 442
 0 443
 0 444
 0 445
 0 446
 0 447
 0 448
 0 449
 0 450
 0 451
 0 452
 0 453
 0 454
 0 455
 0 456
 0 457
 0 458
 0 459
 0 460
 0 461
 0 462
 0 463
 0 464
 0 465
 0 466
 0 467
 0 468
 0 469
 0 470
 0 471
 0 472
 0 473
 0 474
 0 475
 0 476
 0 477
 0 478
 0 479
 0 480
 0 481
 0 482
 0 483
 0 484
 0 485
 0 486
 0 487
 0 488
 0 489
 0 490
 0 491
 0 492
 0 493
 0 494
 0 495
 0 496
 0 497
 0 498
 0 499
 0 500
 0 501
 0 502
 0 503
 0 504
 0 505
 0 506
 0 507
 0 508
 0 509
 0 510
 0 511
 0 512
 0 513
 0 514
 0 515
 0 516
 0 517
 0 518
 0 519
 0 520
 0 521
 0 522
 0 523
 0 524
 0 525
 0 526
 0 527
 0 528
 0 529
 0 530
 0 531
 0 532
 0 533
 0 534
 0 535
 0 536
 0 537
 0 538
 0 539
 0 540
 0 541
 0 542
 0 543
 0 544
 0 545
 0 546
 0 547
 0 548
 0 549
 0 550
 0 551
 0 552
 0 553
 0 554
 0 555
 0 556
 0 557
 0 558
 0 559
 0 560
 0 561
 0 562
 0 563
 0 564
 0 565
 0 566
 0 567
 0 568
 0 569
 0 570
 0 571
 0 572
 0 573
 0 574
 0 575
 0 576
 0 577
 0 578
 0 579
 0 580
 0 581
 0 582
 0 583
 0 584
 0 585
 0 586
 0 587
 0 588
 0 589
 0 590
 0 591
 0 592
 0 593
 0 594
 0 595
 0 596
 0 597
 0 598
 0 599
 0 600


