# Created by Octave 3.8.2, Mon Jun 22 03:44:32 2020 CEST <damian@fptrucha.inv.usc.es>
# name: hd
# type: matrix
# rows: 551
# columns: 2
 0 50
 0 51
 0 52
 0 53
 0 54
 0 55
 0 56
 0 57
 0 58
 0 59
 0 60
 0 61
 0 62
 0 63
 0 64
 0 65
 0 66
 0 67
 0 68
 0 69
 0 70
 0 71
 0 72
 0 73
 0 74
 0 75
 0 76
 0 77
 0 78
 0 79
 0 80
 0 81
 0 82
 0 83
 0 84
 0 85
 0 86
 0 87
 0 88
 3 89
 2 90
 14 91
 74 92
 120 93
 183 94
 226 95
 365 96
 605 97
 772 98
 939 99
 1028 100
 1200 101
 1369 102
 1322 103
 1380 104
 1429 105
 1465 106
 1382 107
 1377 108
 1304 109
 1194 110
 1112 111
 1016 112
 960 113
 923 114
 842 115
 764 116
 732 117
 647 118
 635 119
 562 120
 517 121
 467 122
 412 123
 384 124
 354 125
 304 126
 292 127
 276 128
 240 129
 205 130
 201 131
 197 132
 197 133
 163 134
 190 135
 142 136
 150 137
 122 138
 121 139
 113 140
 102 141
 91 142
 87 143
 84 144
 88 145
 83 146
 77 147
 76 148
 70 149
 68 150
 55 151
 74 152
 52 153
 58 154
 57 155
 37 156
 43 157
 30 158
 39 159
 35 160
 37 161
 32 162
 28 163
 26 164
 24 165
 24 166
 22 167
 18 168
 16 169
 20 170
 19 171
 16 172
 14 173
 11 174
 14 175
 15 176
 14 177
 13 178
 13 179
 8 180
 8 181
 12 182
 14 183
 4 184
 4 185
 9 186
 4 187
 6 188
 1 189
 4 190
 3 191
 3 192
 6 193
 6 194
 1 195
 6 196
 5 197
 2 198
 4 199
 1 200
 1 201
 0 202
 1 203
 0 204
 0 205
 0 206
 1 207
 1 208
 0 209
 1 210
 2 211
 1 212
 1 213
 0 214
 4 215
 0 216
 3 217
 1 218
 0 219
 0 220
 1 221
 1 222
 1 223
 1 224
 0 225
 0 226
 0 227
 0 228
 0 229
 0 230
 0 231
 0 232
 0 233
 0 234
 1 235
 0 236
 0 237
 0 238
 0 239
 0 240
 0 241
 0 242
 0 243
 0 244
 0 245
 0 246
 0 247
 1 248
 0 249
 0 250
 0 251
 0 252
 0 253
 0 254
 0 255
 0 256
 0 257
 0 258
 0 259
 0 260
 0 261
 0 262
 0 263
 0 264
 0 265
 0 266
 0 267
 0 268
 0 269
 0 270
 0 271
 0 272
 0 273
 0 274
 0 275
 0 276
 0 277
 0 278
 0 279
 0 280
 1 281
 0 282
 0 283
 0 284
 3 285
 1 286
 1 287
 0 288
 0 289
 2 290
 1 291
 1 292
 1 293
 0 294
 1 295
 0 296
 1 297
 2 298
 1 299
 0 300
 5 301
 1 302
 1 303
 0 304
 1 305
 2 306
 2 307
 4 308
 3 309
 2 310
 0 311
 2 312
 1 313
 0 314
 4 315
 0 316
 3 317
 1 318
 1 319
 1 320
 0 321
 3 322
 4 323
 1 324
 3 325
 4 326
 2 327
 0 328
 1 329
 3 330
 1 331
 0 332
 4 333
 4 334
 1 335
 0 336
 5 337
 2 338
 2 339
 1 340
 4 341
 1 342
 2 343
 2 344
 1 345
 3 346
 0 347
 3 348
 1 349
 1 350
 1 351
 5 352
 3 353
 2 354
 1 355
 4 356
 0 357
 0 358
 1 359
 1 360
 1 361
 0 362
 0 363
 1 364
 0 365
 1 366
 2 367
 2 368
 1 369
 2 370
 0 371
 0 372
 0 373
 0 374
 0 375
 1 376
 0 377
 0 378
 0 379
 1 380
 0 381
 0 382
 1 383
 0 384
 0 385
 2 386
 0 387
 0 388
 0 389
 0 390
 0 391
 0 392
 0 393
 1 394
 1 395
 0 396
 0 397
 0 398
 0 399
 0 400
 0 401
 0 402
 0 403
 0 404
 0 405
 1 406
 1 407
 0 408
 0 409
 0 410
 0 411
 0 412
 0 413
 0 414
 0 415
 0 416
 0 417
 1 418
 0 419
 0 420
 0 421
 0 422
 0 423
 0 424
 0 425
 0 426
 0 427
 0 428
 0 429
 0 430
 0 431
 0 432
 0 433
 0 434
 0 435
 0 436
 0 437
 0 438
 0 439
 0 440
 0 441
 0 442
 0 443
 0 444
 0 445
 0 446
 0 447
 0 448
 0 449
 0 450
 0 451
 0 452
 0 453
 0 454
 0 455
 0 456
 0 457
 0 458
 0 459
 0 460
 0 461
 0 462
 0 463
 0 464
 0 465
 0 466
 0 467
 0 468
 0 469
 0 470
 0 471
 0 472
 0 473
 0 474
 0 475
 0 476
 0 477
 0 478
 0 479
 0 480
 0 481
 0 482
 0 483
 0 484
 0 485
 0 486
 0 487
 0 488
 0 489
 0 490
 0 491
 0 492
 0 493
 0 494
 0 495
 0 496
 0 497
 0 498
 0 499
 0 500
 0 501
 0 502
 0 503
 0 504
 0 505
 0 506
 0 507
 0 508
 0 509
 0 510
 0 511
 0 512
 0 513
 0 514
 0 515
 0 516
 0 517
 0 518
 0 519
 0 520
 0 521
 0 522
 0 523
 0 524
 0 525
 0 526
 0 527
 0 528
 0 529
 0 530
 0 531
 0 532
 0 533
 0 534
 0 535
 0 536
 0 537
 0 538
 0 539
 0 540
 0 541
 0 542
 0 543
 0 544
 0 545
 0 546
 0 547
 0 548
 0 549
 0 550
 0 551
 0 552
 0 553
 0 554
 0 555
 0 556
 0 557
 0 558
 0 559
 0 560
 0 561
 0 562
 0 563
 0 564
 0 565
 0 566
 0 567
 0 568
 0 569
 0 570
 0 571
 0 572
 0 573
 0 574
 0 575
 0 576
 0 577
 0 578
 0 579
 0 580
 0 581
 0 582
 0 583
 0 584
 0 585
 0 586
 0 587
 0 588
 0 589
 0 590
 0 591
 0 592
 0 593
 0 594
 0 595
 0 596
 0 597
 0 598
 0 599
 0 600


