# Created by Octave 3.8.2, Mon Jun 22 20:21:16 2020 CEST <damian@fptrucha.inv.usc.es>
# name: hd
# type: matrix
# rows: 551
# columns: 2
 0 50
 0 51
 0 52
 0 53
 0 54
 0 55
 0 56
 0 57
 0 58
 0 59
 0 60
 0 61
 0 62
 0 63
 0 64
 0 65
 0 66
 0 67
 0 68
 0 69
 0 70
 0 71
 0 72
 0 73
 0 74
 0 75
 0 76
 0 77
 0 78
 0 79
 0 80
 0 81
 0 82
 0 83
 0 84
 0 85
 0 86
 0 87
 0 88
 3 89
 1 90
 28 91
 91 92
 127 93
 179 94
 298 95
 435 96
 670 97
 958 98
 1053 99
 1268 100
 1414 101
 1489 102
 1544 103
 1621 104
 1618 105
 1628 106
 1502 107
 1496 108
 1480 109
 1410 110
 1286 111
 1200 112
 1139 113
 972 114
 963 115
 886 116
 775 117
 735 118
 698 119
 642 120
 535 121
 516 122
 428 123
 439 124
 381 125
 366 126
 334 127
 273 128
 284 129
 254 130
 239 131
 228 132
 209 133
 176 134
 166 135
 123 136
 153 137
 130 138
 128 139
 116 140
 109 141
 104 142
 104 143
 85 144
 97 145
 87 146
 79 147
 55 148
 75 149
 72 150
 65 151
 66 152
 75 153
 58 154
 46 155
 49 156
 48 157
 44 158
 32 159
 44 160
 30 161
 32 162
 39 163
 33 164
 22 165
 16 166
 25 167
 22 168
 22 169
 27 170
 26 171
 13 172
 18 173
 12 174
 9 175
 16 176
 7 177
 11 178
 12 179
 10 180
 10 181
 11 182
 5 183
 8 184
 10 185
 7 186
 8 187
 5 188
 5 189
 10 190
 4 191
 1 192
 3 193
 3 194
 1 195
 6 196
 4 197
 1 198
 2 199
 1 200
 1 201
 2 202
 2 203
 3 204
 3 205
 1 206
 2 207
 1 208
 0 209
 1 210
 2 211
 0 212
 2 213
 1 214
 0 215
 0 216
 0 217
 0 218
 0 219
 0 220
 0 221
 0 222
 0 223
 0 224
 0 225
 0 226
 0 227
 0 228
 0 229
 0 230
 0 231
 0 232
 0 233
 0 234
 0 235
 0 236
 0 237
 0 238
 0 239
 0 240
 0 241
 1 242
 0 243
 0 244
 0 245
 0 246
 1 247
 0 248
 0 249
 0 250
 0 251
 0 252
 0 253
 0 254
 0 255
 0 256
 0 257
 0 258
 0 259
 0 260
 0 261
 1 262
 0 263
 0 264
 0 265
 0 266
 0 267
 0 268
 0 269
 0 270
 0 271
 0 272
 0 273
 0 274
 0 275
 0 276
 0 277
 0 278
 0 279
 0 280
 0 281
 1 282
 1 283
 0 284
 0 285
 0 286
 0 287
 1 288
 1 289
 1 290
 1 291
 0 292
 1 293
 4 294
 2 295
 2 296
 3 297
 1 298
 3 299
 0 300
 2 301
 1 302
 3 303
 3 304
 2 305
 2 306
 2 307
 4 308
 4 309
 4 310
 2 311
 2 312
 2 313
 0 314
 4 315
 0 316
 4 317
 4 318
 3 319
 3 320
 4 321
 3 322
 2 323
 2 324
 3 325
 0 326
 2 327
 3 328
 2 329
 3 330
 2 331
 4 332
 2 333
 2 334
 4 335
 4 336
 4 337
 1 338
 1 339
 2 340
 2 341
 2 342
 1 343
 2 344
 1 345
 2 346
 2 347
 4 348
 2 349
 2 350
 3 351
 1 352
 1 353
 2 354
 2 355
 3 356
 1 357
 1 358
 0 359
 0 360
 1 361
 2 362
 2 363
 0 364
 1 365
 3 366
 0 367
 3 368
 0 369
 3 370
 1 371
 1 372
 2 373
 1 374
 1 375
 2 376
 1 377
 0 378
 1 379
 0 380
 0 381
 2 382
 0 383
 1 384
 1 385
 0 386
 1 387
 2 388
 2 389
 1 390
 0 391
 2 392
 0 393
 0 394
 0 395
 0 396
 0 397
 0 398
 0 399
 0 400
 0 401
 0 402
 1 403
 0 404
 0 405
 0 406
 0 407
 0 408
 0 409
 0 410
 0 411
 0 412
 0 413
 0 414
 0 415
 0 416
 0 417
 1 418
 0 419
 0 420
 0 421
 0 422
 0 423
 0 424
 0 425
 0 426
 0 427
 0 428
 0 429
 0 430
 0 431
 0 432
 0 433
 0 434
 0 435
 0 436
 0 437
 0 438
 0 439
 0 440
 0 441
 0 442
 0 443
 0 444
 0 445
 0 446
 0 447
 0 448
 0 449
 0 450
 0 451
 0 452
 0 453
 0 454
 0 455
 0 456
 0 457
 0 458
 0 459
 0 460
 0 461
 0 462
 0 463
 0 464
 0 465
 0 466
 0 467
 0 468
 0 469
 0 470
 0 471
 0 472
 0 473
 0 474
 0 475
 0 476
 0 477
 0 478
 0 479
 0 480
 0 481
 0 482
 0 483
 0 484
 0 485
 0 486
 0 487
 0 488
 0 489
 0 490
 0 491
 0 492
 0 493
 0 494
 0 495
 0 496
 0 497
 0 498
 0 499
 0 500
 0 501
 0 502
 0 503
 0 504
 0 505
 0 506
 0 507
 0 508
 0 509
 0 510
 0 511
 0 512
 0 513
 0 514
 0 515
 0 516
 0 517
 0 518
 0 519
 0 520
 0 521
 0 522
 0 523
 0 524
 0 525
 0 526
 0 527
 0 528
 0 529
 0 530
 0 531
 0 532
 0 533
 0 534
 0 535
 0 536
 0 537
 0 538
 0 539
 0 540
 0 541
 0 542
 0 543
 0 544
 0 545
 0 546
 0 547
 0 548
 0 549
 0 550
 0 551
 0 552
 0 553
 0 554
 0 555
 0 556
 0 557
 0 558
 0 559
 0 560
 0 561
 0 562
 0 563
 0 564
 0 565
 0 566
 0 567
 0 568
 0 569
 0 570
 0 571
 0 572
 0 573
 0 574
 0 575
 0 576
 0 577
 0 578
 0 579
 0 580
 0 581
 0 582
 0 583
 0 584
 0 585
 0 586
 0 587
 0 588
 0 589
 0 590
 0 591
 0 592
 0 593
 0 594
 0 595
 0 596
 0 597
 0 598
 0 599
 0 600


