# Created by Octave 3.8.2, Sat Jun 20 11:40:15 2020 CEST <damian@fptrucha.inv.usc.es>
# name: hd
# type: matrix
# rows: 551
# columns: 2
 0 50
 0 51
 0 52
 0 53
 0 54
 0 55
 0 56
 0 57
 0 58
 0 59
 0 60
 0 61
 0 62
 0 63
 0 64
 0 65
 0 66
 0 67
 0 68
 0 69
 0 70
 0 71
 0 72
 0 73
 0 74
 0 75
 0 76
 0 77
 0 78
 0 79
 0 80
 0 81
 0 82
 0 83
 0 84
 0 85
 0 86
 0 87
 1 88
 2 89
 4 90
 17 91
 61 92
 71 93
 111 94
 195 95
 293 96
 404 97
 520 98
 679 99
 790 100
 820 101
 915 102
 919 103
 897 104
 1004 105
 1007 106
 991 107
 945 108
 987 109
 913 110
 875 111
 820 112
 833 113
 747 114
 726 115
 647 116
 603 117
 540 118
 494 119
 503 120
 455 121
 383 122
 389 123
 331 124
 343 125
 281 126
 287 127
 242 128
 255 129
 229 130
 189 131
 167 132
 142 133
 128 134
 156 135
 146 136
 122 137
 119 138
 80 139
 84 140
 96 141
 92 142
 69 143
 64 144
 75 145
 63 146
 67 147
 45 148
 60 149
 38 150
 53 151
 23 152
 33 153
 32 154
 26 155
 27 156
 26 157
 26 158
 34 159
 32 160
 24 161
 16 162
 18 163
 23 164
 22 165
 11 166
 16 167
 13 168
 21 169
 11 170
 9 171
 4 172
 10 173
 3 174
 9 175
 3 176
 7 177
 10 178
 5 179
 7 180
 6 181
 4 182
 3 183
 3 184
 3 185
 2 186
 7 187
 4 188
 3 189
 1 190
 1 191
 5 192
 1 193
 2 194
 3 195
 3 196
 1 197
 3 198
 0 199
 2 200
 0 201
 2 202
 2 203
 2 204
 3 205
 1 206
 0 207
 0 208
 0 209
 0 210
 0 211
 0 212
 4 213
 0 214
 0 215
 0 216
 0 217
 0 218
 0 219
 1 220
 0 221
 1 222
 0 223
 0 224
 0 225
 0 226
 0 227
 0 228
 1 229
 0 230
 0 231
 0 232
 0 233
 0 234
 0 235
 0 236
 0 237
 0 238
 0 239
 0 240
 0 241
 0 242
 0 243
 0 244
 0 245
 0 246
 0 247
 0 248
 0 249
 0 250
 0 251
 0 252
 0 253
 0 254
 0 255
 0 256
 0 257
 0 258
 0 259
 0 260
 0 261
 0 262
 0 263
 0 264
 0 265
 0 266
 0 267
 0 268
 0 269
 0 270
 1 271
 0 272
 0 273
 0 274
 0 275
 0 276
 0 277
 0 278
 0 279
 0 280
 0 281
 0 282
 0 283
 0 284
 0 285
 0 286
 0 287
 1 288
 1 289
 0 290
 0 291
 0 292
 0 293
 1 294
 0 295
 1 296
 0 297
 0 298
 0 299
 0 300
 0 301
 3 302
 2 303
 0 304
 0 305
 0 306
 0 307
 1 308
 1 309
 3 310
 0 311
 2 312
 1 313
 1 314
 1 315
 2 316
 0 317
 2 318
 2 319
 0 320
 0 321
 2 322
 1 323
 1 324
 2 325
 2 326
 1 327
 2 328
 1 329
 0 330
 2 331
 0 332
 0 333
 2 334
 3 335
 0 336
 1 337
 2 338
 3 339
 1 340
 1 341
 2 342
 3 343
 1 344
 1 345
 0 346
 1 347
 2 348
 2 349
 1 350
 1 351
 1 352
 0 353
 2 354
 2 355
 0 356
 2 357
 2 358
 0 359
 0 360
 0 361
 1 362
 1 363
 1 364
 1 365
 2 366
 1 367
 0 368
 2 369
 1 370
 1 371
 0 372
 0 373
 2 374
 1 375
 2 376
 1 377
 0 378
 0 379
 0 380
 1 381
 0 382
 1 383
 0 384
 0 385
 0 386
 0 387
 0 388
 1 389
 0 390
 0 391
 0 392
 0 393
 1 394
 0 395
 0 396
 0 397
 0 398
 0 399
 0 400
 0 401
 0 402
 0 403
 0 404
 0 405
 0 406
 0 407
 0 408
 0 409
 0 410
 0 411
 0 412
 0 413
 1 414
 0 415
 0 416
 0 417
 0 418
 0 419
 0 420
 0 421
 0 422
 0 423
 2 424
 0 425
 0 426
 0 427
 0 428
 0 429
 0 430
 0 431
 0 432
 0 433
 0 434
 0 435
 0 436
 0 437
 0 438
 0 439
 0 440
 0 441
 0 442
 0 443
 0 444
 0 445
 0 446
 0 447
 0 448
 0 449
 0 450
 0 451
 0 452
 0 453
 0 454
 0 455
 0 456
 0 457
 0 458
 0 459
 0 460
 0 461
 0 462
 0 463
 0 464
 0 465
 0 466
 0 467
 0 468
 0 469
 0 470
 0 471
 0 472
 0 473
 0 474
 0 475
 0 476
 0 477
 0 478
 0 479
 0 480
 0 481
 0 482
 0 483
 0 484
 0 485
 0 486
 0 487
 0 488
 0 489
 0 490
 0 491
 0 492
 0 493
 0 494
 0 495
 0 496
 0 497
 0 498
 0 499
 0 500
 0 501
 0 502
 0 503
 0 504
 0 505
 0 506
 0 507
 0 508
 0 509
 0 510
 0 511
 0 512
 0 513
 0 514
 0 515
 0 516
 0 517
 0 518
 0 519
 0 520
 0 521
 0 522
 0 523
 0 524
 0 525
 0 526
 0 527
 0 528
 0 529
 0 530
 0 531
 0 532
 0 533
 0 534
 0 535
 0 536
 0 537
 0 538
 0 539
 0 540
 0 541
 0 542
 0 543
 0 544
 0 545
 0 546
 0 547
 0 548
 0 549
 0 550
 0 551
 0 552
 0 553
 0 554
 0 555
 0 556
 0 557
 0 558
 0 559
 0 560
 0 561
 0 562
 0 563
 0 564
 0 565
 0 566
 0 567
 0 568
 0 569
 0 570
 0 571
 0 572
 0 573
 0 574
 0 575
 0 576
 0 577
 0 578
 0 579
 0 580
 0 581
 0 582
 0 583
 0 584
 0 585
 0 586
 0 587
 0 588
 0 589
 0 590
 0 591
 0 592
 0 593
 0 594
 0 595
 0 596
 0 597
 0 598
 0 599
 0 600


