# Created by Octave 3.8.2, Mon Jun 22 10:44:19 2020 CEST <damian@fptrucha.inv.usc.es>
# name: hd
# type: matrix
# rows: 551
# columns: 2
 0 50
 0 51
 0 52
 0 53
 0 54
 0 55
 0 56
 0 57
 0 58
 0 59
 0 60
 0 61
 0 62
 0 63
 0 64
 0 65
 0 66
 0 67
 0 68
 0 69
 0 70
 0 71
 0 72
 0 73
 0 74
 0 75
 0 76
 0 77
 0 78
 0 79
 0 80
 0 81
 0 82
 0 83
 0 84
 0 85
 0 86
 0 87
 0 88
 1 89
 3 90
 20 91
 83 92
 133 93
 149 94
 254 95
 477 96
 644 97
 782 98
 1015 99
 1131 100
 1290 101
 1397 102
 1359 103
 1471 104
 1493 105
 1476 106
 1473 107
 1337 108
 1327 109
 1254 110
 1182 111
 1135 112
 1068 113
 1021 114
 970 115
 817 116
 770 117
 736 118
 624 119
 668 120
 543 121
 525 122
 512 123
 447 124
 382 125
 387 126
 315 127
 296 128
 269 129
 269 130
 203 131
 208 132
 192 133
 190 134
 185 135
 174 136
 156 137
 125 138
 137 139
 136 140
 113 141
 123 142
 103 143
 122 144
 104 145
 75 146
 76 147
 84 148
 72 149
 77 150
 60 151
 59 152
 59 153
 55 154
 48 155
 47 156
 41 157
 50 158
 38 159
 31 160
 37 161
 35 162
 29 163
 18 164
 29 165
 26 166
 37 167
 30 168
 21 169
 19 170
 19 171
 14 172
 16 173
 16 174
 10 175
 14 176
 12 177
 17 178
 8 179
 11 180
 8 181
 14 182
 5 183
 5 184
 7 185
 9 186
 10 187
 10 188
 4 189
 13 190
 5 191
 12 192
 5 193
 6 194
 5 195
 1 196
 2 197
 1 198
 2 199
 3 200
 2 201
 3 202
 2 203
 1 204
 2 205
 0 206
 2 207
 1 208
 1 209
 1 210
 1 211
 2 212
 0 213
 0 214
 1 215
 1 216
 1 217
 0 218
 0 219
 1 220
 0 221
 0 222
 1 223
 0 224
 0 225
 0 226
 0 227
 0 228
 0 229
 0 230
 0 231
 0 232
 0 233
 0 234
 0 235
 0 236
 0 237
 1 238
 0 239
 0 240
 0 241
 0 242
 0 243
 0 244
 0 245
 0 246
 0 247
 0 248
 0 249
 1 250
 0 251
 0 252
 0 253
 0 254
 0 255
 0 256
 0 257
 0 258
 0 259
 0 260
 0 261
 0 262
 0 263
 0 264
 0 265
 0 266
 0 267
 0 268
 0 269
 0 270
 0 271
 0 272
 0 273
 0 274
 0 275
 0 276
 1 277
 1 278
 0 279
 0 280
 0 281
 0 282
 0 283
 0 284
 0 285
 2 286
 3 287
 1 288
 0 289
 0 290
 0 291
 2 292
 7 293
 0 294
 1 295
 0 296
 2 297
 3 298
 3 299
 1 300
 0 301
 1 302
 1 303
 0 304
 0 305
 2 306
 0 307
 3 308
 2 309
 6 310
 4 311
 0 312
 4 313
 4 314
 1 315
 4 316
 0 317
 2 318
 5 319
 2 320
 4 321
 3 322
 2 323
 1 324
 2 325
 2 326
 3 327
 2 328
 2 329
 2 330
 3 331
 3 332
 3 333
 2 334
 1 335
 5 336
 2 337
 4 338
 3 339
 1 340
 3 341
 4 342
 3 343
 1 344
 3 345
 1 346
 3 347
 4 348
 0 349
 2 350
 4 351
 0 352
 3 353
 1 354
 1 355
 0 356
 1 357
 2 358
 1 359
 1 360
 4 361
 2 362
 0 363
 2 364
 1 365
 1 366
 1 367
 1 368
 0 369
 3 370
 0 371
 3 372
 3 373
 1 374
 1 375
 0 376
 0 377
 0 378
 1 379
 0 380
 1 381
 1 382
 0 383
 0 384
 0 385
 0 386
 0 387
 0 388
 0 389
 0 390
 2 391
 0 392
 0 393
 0 394
 0 395
 0 396
 1 397
 1 398
 2 399
 0 400
 1 401
 0 402
 0 403
 0 404
 0 405
 0 406
 0 407
 0 408
 0 409
 1 410
 0 411
 0 412
 0 413
 0 414
 0 415
 0 416
 0 417
 0 418
 0 419
 0 420
 0 421
 0 422
 0 423
 0 424
 0 425
 0 426
 0 427
 0 428
 0 429
 0 430
 0 431
 0 432
 0 433
 0 434
 0 435
 0 436
 0 437
 0 438
 0 439
 0 440
 0 441
 0 442
 0 443
 0 444
 0 445
 0 446
 0 447
 0 448
 0 449
 0 450
 0 451
 0 452
 0 453
 0 454
 0 455
 0 456
 0 457
 0 458
 0 459
 0 460
 0 461
 0 462
 0 463
 0 464
 0 465
 0 466
 0 467
 0 468
 0 469
 0 470
 0 471
 0 472
 0 473
 0 474
 0 475
 0 476
 0 477
 0 478
 0 479
 0 480
 0 481
 0 482
 0 483
 0 484
 0 485
 0 486
 0 487
 0 488
 0 489
 0 490
 0 491
 0 492
 0 493
 0 494
 0 495
 0 496
 0 497
 0 498
 0 499
 0 500
 0 501
 0 502
 0 503
 0 504
 0 505
 0 506
 0 507
 0 508
 0 509
 0 510
 0 511
 0 512
 0 513
 0 514
 0 515
 0 516
 0 517
 0 518
 0 519
 0 520
 0 521
 0 522
 0 523
 0 524
 0 525
 0 526
 0 527
 0 528
 0 529
 0 530
 0 531
 0 532
 0 533
 0 534
 0 535
 0 536
 0 537
 0 538
 0 539
 0 540
 0 541
 0 542
 0 543
 0 544
 0 545
 0 546
 0 547
 0 548
 0 549
 0 550
 0 551
 0 552
 0 553
 0 554
 0 555
 0 556
 0 557
 0 558
 0 559
 0 560
 0 561
 0 562
 0 563
 0 564
 0 565
 0 566
 0 567
 0 568
 0 569
 0 570
 0 571
 0 572
 0 573
 0 574
 0 575
 0 576
 0 577
 0 578
 0 579
 0 580
 0 581
 0 582
 0 583
 0 584
 0 585
 0 586
 0 587
 0 588
 0 589
 0 590
 0 591
 0 592
 0 593
 0 594
 0 595
 0 596
 0 597
 0 598
 0 599
 0 600


