# Created by Octave 3.8.2, Sat Jun 20 15:45:55 2020 CEST <damian@fptrucha.inv.usc.es>
# name: hd
# type: matrix
# rows: 551
# columns: 2
 0 50
 0 51
 0 52
 0 53
 0 54
 0 55
 0 56
 0 57
 0 58
 0 59
 0 60
 0 61
 0 62
 0 63
 0 64
 0 65
 0 66
 0 67
 0 68
 0 69
 0 70
 0 71
 0 72
 0 73
 0 74
 0 75
 0 76
 0 77
 0 78
 0 79
 0 80
 0 81
 0 82
 0 83
 0 84
 0 85
 0 86
 0 87
 5 88
 3 89
 4 90
 31 91
 105 92
 134 93
 170 94
 272 95
 359 96
 634 97
 750 98
 887 99
 950 100
 1132 101
 1246 102
 1239 103
 1279 104
 1319 105
 1300 106
 1335 107
 1338 108
 1310 109
 1327 110
 1240 111
 1190 112
 1224 113
 1071 114
 1031 115
 945 116
 871 117
 877 118
 824 119
 722 120
 669 121
 640 122
 523 123
 529 124
 491 125
 441 126
 427 127
 359 128
 343 129
 333 130
 295 131
 254 132
 267 133
 212 134
 221 135
 187 136
 142 137
 164 138
 133 139
 161 140
 118 141
 109 142
 121 143
 108 144
 111 145
 96 146
 83 147
 79 148
 72 149
 72 150
 57 151
 73 152
 56 153
 58 154
 56 155
 45 156
 50 157
 39 158
 35 159
 30 160
 29 161
 33 162
 34 163
 23 164
 31 165
 29 166
 16 167
 16 168
 21 169
 21 170
 15 171
 15 172
 13 173
 14 174
 14 175
 15 176
 12 177
 12 178
 8 179
 4 180
 7 181
 4 182
 8 183
 5 184
 7 185
 8 186
 4 187
 4 188
 3 189
 5 190
 1 191
 8 192
 3 193
 3 194
 2 195
 3 196
 4 197
 2 198
 2 199
 0 200
 1 201
 1 202
 3 203
 4 204
 1 205
 3 206
 0 207
 1 208
 1 209
 1 210
 1 211
 1 212
 0 213
 1 214
 0 215
 0 216
 3 217
 1 218
 0 219
 0 220
 0 221
 0 222
 0 223
 0 224
 0 225
 1 226
 0 227
 1 228
 0 229
 0 230
 0 231
 0 232
 0 233
 0 234
 0 235
 0 236
 0 237
 1 238
 0 239
 0 240
 0 241
 1 242
 0 243
 0 244
 0 245
 0 246
 0 247
 0 248
 0 249
 0 250
 0 251
 0 252
 0 253
 0 254
 0 255
 1 256
 0 257
 0 258
 0 259
 0 260
 0 261
 0 262
 0 263
 0 264
 0 265
 0 266
 0 267
 0 268
 0 269
 0 270
 0 271
 0 272
 0 273
 0 274
 0 275
 0 276
 1 277
 0 278
 0 279
 0 280
 0 281
 0 282
 0 283
 0 284
 1 285
 1 286
 0 287
 0 288
 1 289
 0 290
 2 291
 3 292
 0 293
 2 294
 0 295
 1 296
 3 297
 0 298
 2 299
 4 300
 3 301
 1 302
 0 303
 2 304
 0 305
 2 306
 0 307
 2 308
 1 309
 1 310
 3 311
 1 312
 1 313
 1 314
 1 315
 3 316
 3 317
 1 318
 1 319
 1 320
 1 321
 3 322
 2 323
 2 324
 3 325
 4 326
 2 327
 1 328
 1 329
 0 330
 3 331
 2 332
 3 333
 3 334
 2 335
 1 336
 0 337
 2 338
 1 339
 2 340
 6 341
 4 342
 3 343
 1 344
 6 345
 0 346
 2 347
 1 348
 2 349
 5 350
 1 351
 1 352
 2 353
 2 354
 3 355
 1 356
 2 357
 0 358
 0 359
 0 360
 0 361
 3 362
 0 363
 3 364
 2 365
 2 366
 0 367
 0 368
 2 369
 1 370
 2 371
 2 372
 1 373
 3 374
 2 375
 0 376
 0 377
 0 378
 0 379
 0 380
 0 381
 0 382
 1 383
 0 384
 1 385
 0 386
 0 387
 0 388
 0 389
 0 390
 0 391
 1 392
 0 393
 0 394
 0 395
 0 396
 0 397
 0 398
 1 399
 1 400
 0 401
 1 402
 0 403
 0 404
 0 405
 2 406
 0 407
 0 408
 0 409
 2 410
 0 411
 0 412
 0 413
 0 414
 0 415
 0 416
 0 417
 0 418
 0 419
 0 420
 1 421
 0 422
 1 423
 0 424
 0 425
 0 426
 0 427
 1 428
 0 429
 0 430
 0 431
 0 432
 0 433
 0 434
 0 435
 0 436
 0 437
 0 438
 0 439
 0 440
 0 441
 0 442
 0 443
 0 444
 0 445
 0 446
 0 447
 0 448
 0 449
 0 450
 0 451
 0 452
 0 453
 0 454
 0 455
 0 456
 0 457
 0 458
 0 459
 0 460
 0 461
 0 462
 0 463
 0 464
 0 465
 0 466
 0 467
 0 468
 0 469
 0 470
 0 471
 0 472
 0 473
 0 474
 0 475
 0 476
 0 477
 0 478
 0 479
 0 480
 0 481
 0 482
 0 483
 0 484
 0 485
 0 486
 0 487
 0 488
 0 489
 0 490
 0 491
 0 492
 0 493
 0 494
 0 495
 0 496
 0 497
 0 498
 0 499
 0 500
 0 501
 0 502
 0 503
 0 504
 0 505
 0 506
 0 507
 0 508
 0 509
 0 510
 0 511
 0 512
 0 513
 0 514
 0 515
 0 516
 0 517
 0 518
 0 519
 0 520
 0 521
 0 522
 0 523
 0 524
 0 525
 0 526
 0 527
 0 528
 0 529
 0 530
 0 531
 0 532
 0 533
 0 534
 0 535
 0 536
 0 537
 0 538
 0 539
 0 540
 0 541
 0 542
 0 543
 0 544
 0 545
 0 546
 0 547
 0 548
 0 549
 0 550
 0 551
 0 552
 0 553
 0 554
 0 555
 0 556
 0 557
 0 558
 0 559
 0 560
 0 561
 0 562
 0 563
 0 564
 0 565
 0 566
 0 567
 0 568
 0 569
 0 570
 0 571
 0 572
 0 573
 0 574
 0 575
 0 576
 0 577
 0 578
 0 579
 0 580
 0 581
 0 582
 0 583
 0 584
 0 585
 0 586
 0 587
 0 588
 0 589
 0 590
 0 591
 0 592
 0 593
 0 594
 0 595
 0 596
 0 597
 0 598
 0 599
 0 600


