# Created by Octave 3.8.2, Mon Jun 22 08:50:43 2020 CEST <damian@fptrucha.inv.usc.es>
# name: hd
# type: matrix
# rows: 551
# columns: 2
 0 50
 0 51
 0 52
 0 53
 0 54
 0 55
 0 56
 0 57
 0 58
 0 59
 0 60
 0 61
 0 62
 0 63
 0 64
 0 65
 0 66
 0 67
 0 68
 0 69
 0 70
 0 71
 0 72
 0 73
 0 74
 0 75
 0 76
 0 77
 0 78
 0 79
 0 80
 0 81
 0 82
 0 83
 0 84
 0 85
 0 86
 0 87
 0 88
 3 89
 1 90
 12 91
 69 92
 101 93
 167 94
 227 95
 386 96
 517 97
 752 98
 966 99
 1062 100
 1248 101
 1313 102
 1371 103
 1379 104
 1567 105
 1467 106
 1419 107
 1353 108
 1358 109
 1287 110
 1128 111
 1148 112
 1028 113
 999 114
 954 115
 796 116
 817 117
 648 118
 661 119
 600 120
 535 121
 487 122
 487 123
 378 124
 401 125
 327 126
 355 127
 265 128
 250 129
 246 130
 220 131
 186 132
 197 133
 171 134
 181 135
 162 136
 140 137
 128 138
 127 139
 131 140
 108 141
 107 142
 105 143
 83 144
 98 145
 87 146
 60 147
 85 148
 66 149
 68 150
 51 151
 65 152
 45 153
 52 154
 43 155
 39 156
 35 157
 48 158
 46 159
 48 160
 34 161
 28 162
 37 163
 36 164
 42 165
 21 166
 21 167
 19 168
 16 169
 18 170
 33 171
 12 172
 19 173
 11 174
 17 175
 15 176
 13 177
 8 178
 18 179
 7 180
 11 181
 4 182
 10 183
 6 184
 3 185
 7 186
 8 187
 8 188
 6 189
 11 190
 2 191
 6 192
 5 193
 3 194
 5 195
 4 196
 3 197
 2 198
 4 199
 3 200
 4 201
 3 202
 1 203
 0 204
 2 205
 4 206
 3 207
 0 208
 0 209
 2 210
 1 211
 1 212
 1 213
 1 214
 0 215
 0 216
 1 217
 0 218
 1 219
 0 220
 1 221
 1 222
 0 223
 1 224
 1 225
 0 226
 1 227
 0 228
 0 229
 0 230
 2 231
 0 232
 0 233
 0 234
 0 235
 0 236
 0 237
 0 238
 1 239
 0 240
 0 241
 0 242
 0 243
 0 244
 1 245
 0 246
 0 247
 0 248
 0 249
 0 250
 0 251
 0 252
 0 253
 0 254
 0 255
 0 256
 0 257
 0 258
 0 259
 0 260
 0 261
 0 262
 0 263
 0 264
 0 265
 0 266
 0 267
 0 268
 0 269
 0 270
 0 271
 0 272
 2 273
 0 274
 0 275
 0 276
 0 277
 0 278
 0 279
 0 280
 0 281
 0 282
 1 283
 0 284
 1 285
 2 286
 0 287
 0 288
 0 289
 2 290
 1 291
 0 292
 1 293
 0 294
 0 295
 4 296
 2 297
 4 298
 0 299
 1 300
 0 301
 5 302
 1 303
 0 304
 3 305
 1 306
 2 307
 2 308
 4 309
 0 310
 4 311
 2 312
 5 313
 2 314
 0 315
 3 316
 4 317
 1 318
 3 319
 2 320
 4 321
 3 322
 2 323
 4 324
 1 325
 1 326
 5 327
 3 328
 4 329
 2 330
 1 331
 6 332
 4 333
 3 334
 2 335
 2 336
 0 337
 3 338
 0 339
 1 340
 1 341
 0 342
 2 343
 3 344
 2 345
 4 346
 4 347
 2 348
 0 349
 1 350
 1 351
 4 352
 3 353
 2 354
 1 355
 1 356
 1 357
 3 358
 2 359
 0 360
 3 361
 1 362
 0 363
 2 364
 0 365
 0 366
 0 367
 1 368
 1 369
 2 370
 0 371
 2 372
 2 373
 0 374
 1 375
 4 376
 0 377
 0 378
 1 379
 0 380
 0 381
 2 382
 0 383
 0 384
 0 385
 0 386
 0 387
 1 388
 1 389
 0 390
 1 391
 0 392
 0 393
 0 394
 0 395
 0 396
 0 397
 0 398
 0 399
 0 400
 0 401
 0 402
 1 403
 0 404
 0 405
 0 406
 0 407
 0 408
 0 409
 0 410
 0 411
 0 412
 0 413
 0 414
 0 415
 0 416
 0 417
 0 418
 1 419
 0 420
 0 421
 0 422
 0 423
 0 424
 0 425
 0 426
 0 427
 0 428
 0 429
 0 430
 0 431
 0 432
 0 433
 0 434
 0 435
 0 436
 0 437
 0 438
 0 439
 0 440
 0 441
 0 442
 0 443
 0 444
 0 445
 0 446
 0 447
 0 448
 0 449
 0 450
 0 451
 0 452
 0 453
 0 454
 0 455
 0 456
 0 457
 0 458
 0 459
 0 460
 0 461
 0 462
 0 463
 0 464
 0 465
 0 466
 0 467
 0 468
 0 469
 0 470
 0 471
 0 472
 0 473
 0 474
 0 475
 0 476
 0 477
 0 478
 0 479
 0 480
 0 481
 0 482
 0 483
 0 484
 0 485
 0 486
 0 487
 0 488
 0 489
 0 490
 0 491
 0 492
 0 493
 0 494
 0 495
 0 496
 0 497
 0 498
 0 499
 0 500
 0 501
 0 502
 0 503
 0 504
 0 505
 0 506
 0 507
 0 508
 0 509
 0 510
 0 511
 0 512
 0 513
 0 514
 0 515
 0 516
 0 517
 0 518
 0 519
 0 520
 0 521
 0 522
 0 523
 0 524
 0 525
 0 526
 0 527
 0 528
 0 529
 0 530
 0 531
 0 532
 0 533
 0 534
 0 535
 0 536
 0 537
 0 538
 0 539
 0 540
 0 541
 0 542
 0 543
 0 544
 0 545
 0 546
 0 547
 0 548
 0 549
 0 550
 0 551
 0 552
 0 553
 0 554
 0 555
 0 556
 0 557
 0 558
 0 559
 0 560
 0 561
 0 562
 0 563
 0 564
 0 565
 0 566
 0 567
 0 568
 0 569
 0 570
 0 571
 0 572
 0 573
 0 574
 0 575
 0 576
 0 577
 0 578
 0 579
 0 580
 0 581
 0 582
 0 583
 0 584
 0 585
 0 586
 0 587
 0 588
 0 589
 0 590
 0 591
 0 592
 0 593
 0 594
 0 595
 0 596
 0 597
 0 598
 0 599
 0 600


