# Created by Octave 3.8.2, Mon Jun 22 07:34:04 2020 CEST <damian@fptrucha.inv.usc.es>
# name: hd
# type: matrix
# rows: 551
# columns: 2
 0 50
 0 51
 0 52
 0 53
 0 54
 0 55
 0 56
 0 57
 0 58
 0 59
 0 60
 0 61
 0 62
 0 63
 0 64
 0 65
 0 66
 0 67
 0 68
 0 69
 0 70
 0 71
 0 72
 0 73
 0 74
 0 75
 0 76
 0 77
 0 78
 0 79
 0 80
 0 81
 0 82
 0 83
 0 84
 0 85
 0 86
 0 87
 1 88
 2 89
 3 90
 16 91
 67 92
 99 93
 192 94
 255 95
 369 96
 564 97
 777 98
 930 99
 1162 100
 1211 101
 1381 102
 1375 103
 1390 104
 1519 105
 1454 106
 1359 107
 1412 108
 1343 109
 1295 110
 1159 111
 1129 112
 1043 113
 930 114
 941 115
 809 116
 789 117
 681 118
 597 119
 562 120
 497 121
 483 122
 422 123
 398 124
 375 125
 331 126
 292 127
 304 128
 257 129
 214 130
 204 131
 231 132
 169 133
 173 134
 146 135
 134 136
 130 137
 128 138
 118 139
 132 140
 112 141
 88 142
 111 143
 94 144
 90 145
 90 146
 86 147
 92 148
 74 149
 62 150
 55 151
 57 152
 48 153
 61 154
 48 155
 51 156
 49 157
 40 158
 43 159
 30 160
 34 161
 36 162
 31 163
 26 164
 25 165
 21 166
 27 167
 28 168
 25 169
 19 170
 15 171
 14 172
 13 173
 16 174
 10 175
 14 176
 15 177
 12 178
 14 179
 12 180
 6 181
 11 182
 11 183
 7 184
 8 185
 6 186
 5 187
 3 188
 5 189
 5 190
 5 191
 7 192
 3 193
 8 194
 4 195
 4 196
 2 197
 3 198
 2 199
 3 200
 4 201
 1 202
 6 203
 3 204
 3 205
 1 206
 3 207
 3 208
 0 209
 1 210
 0 211
 0 212
 0 213
 1 214
 0 215
 0 216
 0 217
 1 218
 0 219
 1 220
 1 221
 1 222
 0 223
 0 224
 0 225
 1 226
 1 227
 0 228
 0 229
 0 230
 0 231
 0 232
 0 233
 0 234
 0 235
 0 236
 0 237
 0 238
 0 239
 0 240
 0 241
 0 242
 0 243
 0 244
 0 245
 0 246
 0 247
 0 248
 0 249
 0 250
 0 251
 0 252
 0 253
 0 254
 0 255
 0 256
 0 257
 0 258
 0 259
 0 260
 0 261
 0 262
 1 263
 0 264
 0 265
 0 266
 0 267
 0 268
 0 269
 0 270
 0 271
 0 272
 0 273
 0 274
 0 275
 2 276
 0 277
 1 278
 0 279
 1 280
 0 281
 0 282
 1 283
 1 284
 0 285
 2 286
 1 287
 0 288
 0 289
 1 290
 2 291
 2 292
 0 293
 0 294
 2 295
 2 296
 1 297
 2 298
 0 299
 0 300
 0 301
 3 302
 1 303
 3 304
 2 305
 1 306
 2 307
 1 308
 3 309
 3 310
 2 311
 3 312
 5 313
 1 314
 2 315
 1 316
 6 317
 3 318
 1 319
 3 320
 2 321
 5 322
 3 323
 3 324
 2 325
 2 326
 1 327
 4 328
 1 329
 4 330
 2 331
 3 332
 3 333
 2 334
 3 335
 1 336
 2 337
 1 338
 4 339
 2 340
 2 341
 3 342
 0 343
 1 344
 4 345
 4 346
 3 347
 2 348
 2 349
 3 350
 3 351
 0 352
 3 353
 3 354
 3 355
 1 356
 1 357
 0 358
 1 359
 2 360
 0 361
 0 362
 1 363
 0 364
 2 365
 0 366
 1 367
 1 368
 3 369
 2 370
 0 371
 0 372
 1 373
 0 374
 0 375
 2 376
 2 377
 0 378
 0 379
 1 380
 0 381
 0 382
 1 383
 1 384
 0 385
 1 386
 0 387
 1 388
 0 389
 0 390
 2 391
 0 392
 0 393
 0 394
 0 395
 0 396
 0 397
 0 398
 0 399
 0 400
 0 401
 0 402
 0 403
 1 404
 0 405
 0 406
 0 407
 0 408
 0 409
 0 410
 0 411
 0 412
 0 413
 1 414
 0 415
 1 416
 0 417
 0 418
 0 419
 0 420
 0 421
 0 422
 0 423
 0 424
 0 425
 0 426
 0 427
 0 428
 0 429
 0 430
 0 431
 0 432
 0 433
 0 434
 0 435
 0 436
 1 437
 0 438
 0 439
 1 440
 0 441
 0 442
 0 443
 0 444
 0 445
 0 446
 0 447
 0 448
 0 449
 0 450
 0 451
 0 452
 0 453
 0 454
 0 455
 0 456
 0 457
 0 458
 0 459
 0 460
 0 461
 0 462
 0 463
 0 464
 0 465
 0 466
 0 467
 0 468
 0 469
 0 470
 0 471
 0 472
 0 473
 0 474
 0 475
 0 476
 0 477
 0 478
 0 479
 0 480
 0 481
 0 482
 0 483
 0 484
 0 485
 0 486
 0 487
 0 488
 0 489
 0 490
 0 491
 0 492
 0 493
 0 494
 0 495
 0 496
 0 497
 0 498
 0 499
 0 500
 0 501
 0 502
 0 503
 0 504
 0 505
 0 506
 0 507
 0 508
 0 509
 0 510
 0 511
 0 512
 0 513
 0 514
 0 515
 0 516
 0 517
 0 518
 0 519
 0 520
 0 521
 0 522
 0 523
 0 524
 0 525
 1 526
 0 527
 0 528
 0 529
 0 530
 0 531
 0 532
 0 533
 0 534
 0 535
 0 536
 0 537
 0 538
 0 539
 0 540
 0 541
 0 542
 0 543
 0 544
 0 545
 0 546
 0 547
 0 548
 0 549
 0 550
 0 551
 0 552
 0 553
 0 554
 0 555
 0 556
 0 557
 0 558
 0 559
 0 560
 0 561
 0 562
 0 563
 0 564
 0 565
 0 566
 0 567
 0 568
 0 569
 0 570
 0 571
 0 572
 0 573
 0 574
 0 575
 0 576
 0 577
 0 578
 0 579
 0 580
 0 581
 0 582
 0 583
 0 584
 0 585
 0 586
 0 587
 0 588
 0 589
 0 590
 0 591
 0 592
 0 593
 0 594
 0 595
 0 596
 0 597
 0 598
 0 599
 0 600


