# Created by Octave 3.8.2, Mon Jun 22 05:03:52 2020 CEST <damian@fptrucha.inv.usc.es>
# name: hd
# type: matrix
# rows: 551
# columns: 2
 0 50
 0 51
 0 52
 0 53
 0 54
 0 55
 0 56
 0 57
 0 58
 0 59
 0 60
 0 61
 0 62
 0 63
 0 64
 0 65
 0 66
 0 67
 0 68
 0 69
 0 70
 0 71
 0 72
 0 73
 0 74
 0 75
 0 76
 0 77
 0 78
 0 79
 0 80
 0 81
 0 82
 0 83
 0 84
 0 85
 0 86
 0 87
 0 88
 2 89
 4 90
 18 91
 70 92
 111 93
 146 94
 212 95
 370 96
 586 97
 716 98
 921 99
 1108 100
 1158 101
 1262 102
 1285 103
 1409 104
 1382 105
 1348 106
 1371 107
 1291 108
 1241 109
 1169 110
 1106 111
 995 112
 948 113
 914 114
 832 115
 742 116
 698 117
 617 118
 621 119
 566 120
 463 121
 433 122
 405 123
 353 124
 343 125
 301 126
 312 127
 245 128
 241 129
 235 130
 215 131
 198 132
 180 133
 172 134
 159 135
 145 136
 159 137
 128 138
 135 139
 102 140
 111 141
 101 142
 94 143
 90 144
 82 145
 86 146
 68 147
 76 148
 54 149
 55 150
 59 151
 65 152
 47 153
 48 154
 49 155
 34 156
 44 157
 40 158
 34 159
 38 160
 22 161
 32 162
 21 163
 34 164
 28 165
 13 166
 27 167
 25 168
 16 169
 8 170
 17 171
 23 172
 21 173
 9 174
 20 175
 10 176
 10 177
 8 178
 9 179
 4 180
 11 181
 5 182
 5 183
 7 184
 9 185
 3 186
 6 187
 5 188
 6 189
 8 190
 5 191
 4 192
 3 193
 2 194
 1 195
 5 196
 1 197
 1 198
 1 199
 2 200
 1 201
 4 202
 5 203
 1 204
 1 205
 5 206
 0 207
 0 208
 1 209
 0 210
 2 211
 1 212
 0 213
 0 214
 2 215
 2 216
 0 217
 0 218
 0 219
 0 220
 0 221
 2 222
 0 223
 0 224
 0 225
 0 226
 0 227
 0 228
 0 229
 0 230
 0 231
 0 232
 0 233
 0 234
 0 235
 0 236
 0 237
 1 238
 0 239
 0 240
 0 241
 0 242
 0 243
 0 244
 0 245
 0 246
 0 247
 0 248
 0 249
 1 250
 0 251
 0 252
 0 253
 0 254
 0 255
 0 256
 0 257
 0 258
 0 259
 0 260
 0 261
 0 262
 0 263
 0 264
 0 265
 0 266
 0 267
 0 268
 0 269
 0 270
 0 271
 0 272
 0 273
 0 274
 0 275
 0 276
 0 277
 0 278
 0 279
 0 280
 1 281
 0 282
 0 283
 2 284
 1 285
 1 286
 2 287
 1 288
 0 289
 2 290
 0 291
 0 292
 0 293
 2 294
 2 295
 4 296
 1 297
 2 298
 4 299
 3 300
 1 301
 5 302
 0 303
 0 304
 2 305
 4 306
 1 307
 3 308
 4 309
 1 310
 1 311
 0 312
 4 313
 3 314
 0 315
 2 316
 1 317
 3 318
 3 319
 2 320
 1 321
 3 322
 1 323
 4 324
 2 325
 1 326
 3 327
 6 328
 2 329
 1 330
 2 331
 4 332
 0 333
 4 334
 1 335
 4 336
 3 337
 0 338
 1 339
 4 340
 1 341
 5 342
 3 343
 1 344
 1 345
 4 346
 1 347
 3 348
 3 349
 1 350
 3 351
 3 352
 3 353
 0 354
 2 355
 1 356
 4 357
 1 358
 2 359
 6 360
 1 361
 1 362
 2 363
 1 364
 3 365
 1 366
 2 367
 1 368
 1 369
 0 370
 1 371
 1 372
 0 373
 1 374
 0 375
 0 376
 0 377
 0 378
 0 379
 1 380
 0 381
 0 382
 0 383
 0 384
 0 385
 0 386
 1 387
 0 388
 0 389
 0 390
 0 391
 0 392
 0 393
 0 394
 2 395
 0 396
 0 397
 0 398
 0 399
 0 400
 0 401
 0 402
 0 403
 0 404
 0 405
 0 406
 0 407
 0 408
 0 409
 0 410
 0 411
 0 412
 0 413
 0 414
 0 415
 0 416
 0 417
 0 418
 0 419
 0 420
 0 421
 0 422
 0 423
 0 424
 0 425
 0 426
 0 427
 0 428
 0 429
 0 430
 0 431
 0 432
 0 433
 0 434
 0 435
 0 436
 0 437
 0 438
 0 439
 0 440
 0 441
 0 442
 0 443
 0 444
 0 445
 0 446
 0 447
 0 448
 0 449
 0 450
 0 451
 0 452
 0 453
 0 454
 0 455
 0 456
 0 457
 0 458
 0 459
 0 460
 0 461
 0 462
 0 463
 0 464
 0 465
 0 466
 0 467
 0 468
 0 469
 0 470
 0 471
 0 472
 0 473
 0 474
 0 475
 0 476
 0 477
 0 478
 0 479
 0 480
 0 481
 0 482
 0 483
 0 484
 0 485
 0 486
 0 487
 0 488
 0 489
 0 490
 0 491
 0 492
 0 493
 0 494
 0 495
 0 496
 0 497
 0 498
 0 499
 0 500
 0 501
 0 502
 0 503
 0 504
 0 505
 0 506
 0 507
 0 508
 0 509
 0 510
 0 511
 0 512
 0 513
 0 514
 0 515
 0 516
 0 517
 0 518
 0 519
 0 520
 0 521
 0 522
 0 523
 0 524
 0 525
 0 526
 0 527
 0 528
 0 529
 0 530
 0 531
 0 532
 0 533
 0 534
 0 535
 0 536
 0 537
 0 538
 0 539
 0 540
 0 541
 0 542
 0 543
 0 544
 0 545
 0 546
 0 547
 0 548
 0 549
 0 550
 0 551
 0 552
 0 553
 0 554
 0 555
 0 556
 0 557
 0 558
 0 559
 0 560
 0 561
 0 562
 0 563
 0 564
 0 565
 0 566
 0 567
 0 568
 0 569
 0 570
 0 571
 0 572
 0 573
 0 574
 0 575
 0 576
 0 577
 0 578
 0 579
 0 580
 0 581
 0 582
 0 583
 0 584
 0 585
 0 586
 0 587
 0 588
 0 589
 0 590
 0 591
 0 592
 0 593
 0 594
 0 595
 0 596
 0 597
 0 598
 0 599
 0 600


