# Created by Octave 3.8.2, Mon Jun 22 19:20:05 2020 CEST <damian@fptrucha.inv.usc.es>
# name: hd
# type: matrix
# rows: 551
# columns: 2
 0 50
 0 51
 0 52
 0 53
 0 54
 0 55
 0 56
 0 57
 0 58
 0 59
 0 60
 0 61
 0 62
 0 63
 0 64
 0 65
 0 66
 0 67
 0 68
 0 69
 0 70
 0 71
 0 72
 0 73
 0 74
 0 75
 0 76
 0 77
 0 78
 0 79
 0 80
 0 81
 0 82
 0 83
 0 84
 0 85
 0 86
 0 87
 0 88
 2 89
 3 90
 21 91
 91 92
 131 93
 160 94
 268 95
 441 96
 603 97
 860 98
 1013 99
 1293 100
 1324 101
 1474 102
 1468 103
 1534 104
 1602 105
 1589 106
 1533 107
 1480 108
 1461 109
 1393 110
 1279 111
 1157 112
 1107 113
 1074 114
 960 115
 845 116
 846 117
 739 118
 695 119
 621 120
 551 121
 497 122
 467 123
 425 124
 419 125
 345 126
 310 127
 352 128
 279 129
 261 130
 239 131
 215 132
 172 133
 183 134
 168 135
 168 136
 167 137
 138 138
 119 139
 154 140
 126 141
 108 142
 85 143
 109 144
 96 145
 76 146
 96 147
 75 148
 78 149
 70 150
 63 151
 55 152
 64 153
 51 154
 42 155
 44 156
 47 157
 52 158
 39 159
 35 160
 40 161
 38 162
 29 163
 25 164
 31 165
 28 166
 25 167
 30 168
 15 169
 25 170
 20 171
 21 172
 17 173
 14 174
 16 175
 12 176
 16 177
 17 178
 12 179
 8 180
 9 181
 12 182
 6 183
 8 184
 9 185
 8 186
 9 187
 6 188
 6 189
 0 190
 2 191
 4 192
 5 193
 7 194
 4 195
 8 196
 5 197
 2 198
 4 199
 1 200
 3 201
 1 202
 1 203
 0 204
 3 205
 3 206
 1 207
 1 208
 2 209
 2 210
 5 211
 0 212
 3 213
 2 214
 1 215
 1 216
 1 217
 0 218
 1 219
 0 220
 1 221
 0 222
 0 223
 1 224
 0 225
 1 226
 1 227
 0 228
 0 229
 0 230
 0 231
 0 232
 0 233
 0 234
 2 235
 0 236
 0 237
 1 238
 0 239
 1 240
 0 241
 0 242
 0 243
 0 244
 0 245
 0 246
 0 247
 0 248
 0 249
 0 250
 0 251
 0 252
 0 253
 0 254
 0 255
 0 256
 0 257
 0 258
 0 259
 0 260
 0 261
 0 262
 0 263
 0 264
 0 265
 0 266
 0 267
 0 268
 0 269
 0 270
 0 271
 0 272
 1 273
 0 274
 0 275
 0 276
 0 277
 1 278
 1 279
 1 280
 1 281
 0 282
 0 283
 0 284
 0 285
 1 286
 0 287
 0 288
 3 289
 0 290
 0 291
 0 292
 1 293
 0 294
 0 295
 1 296
 3 297
 1 298
 0 299
 1 300
 4 301
 2 302
 0 303
 1 304
 0 305
 3 306
 3 307
 0 308
 0 309
 2 310
 4 311
 0 312
 1 313
 2 314
 3 315
 1 316
 3 317
 3 318
 2 319
 3 320
 2 321
 1 322
 5 323
 6 324
 3 325
 2 326
 4 327
 2 328
 4 329
 3 330
 3 331
 2 332
 1 333
 1 334
 3 335
 3 336
 4 337
 3 338
 3 339
 2 340
 2 341
 1 342
 3 343
 0 344
 2 345
 1 346
 1 347
 0 348
 0 349
 0 350
 3 351
 1 352
 5 353
 2 354
 6 355
 4 356
 1 357
 4 358
 2 359
 1 360
 0 361
 3 362
 1 363
 1 364
 1 365
 0 366
 2 367
 2 368
 1 369
 0 370
 0 371
 0 372
 0 373
 1 374
 1 375
 1 376
 0 377
 0 378
 0 379
 3 380
 0 381
 0 382
 1 383
 0 384
 1 385
 0 386
 0 387
 0 388
 1 389
 0 390
 0 391
 1 392
 0 393
 0 394
 0 395
 0 396
 2 397
 1 398
 0 399
 0 400
 0 401
 0 402
 1 403
 0 404
 0 405
 0 406
 0 407
 0 408
 0 409
 1 410
 0 411
 0 412
 0 413
 0 414
 0 415
 0 416
 0 417
 0 418
 0 419
 0 420
 0 421
 0 422
 0 423
 0 424
 0 425
 0 426
 0 427
 0 428
 0 429
 0 430
 0 431
 0 432
 0 433
 0 434
 1 435
 0 436
 0 437
 0 438
 0 439
 0 440
 0 441
 0 442
 0 443
 0 444
 0 445
 0 446
 0 447
 0 448
 0 449
 0 450
 0 451
 0 452
 0 453
 0 454
 0 455
 0 456
 0 457
 0 458
 0 459
 0 460
 0 461
 0 462
 0 463
 0 464
 0 465
 0 466
 0 467
 0 468
 0 469
 0 470
 0 471
 0 472
 0 473
 0 474
 0 475
 0 476
 0 477
 0 478
 0 479
 0 480
 0 481
 0 482
 0 483
 0 484
 0 485
 0 486
 0 487
 0 488
 0 489
 0 490
 0 491
 0 492
 0 493
 0 494
 0 495
 0 496
 0 497
 0 498
 0 499
 0 500
 0 501
 0 502
 0 503
 0 504
 0 505
 0 506
 0 507
 0 508
 0 509
 0 510
 0 511
 0 512
 0 513
 0 514
 0 515
 0 516
 0 517
 0 518
 0 519
 0 520
 0 521
 0 522
 0 523
 0 524
 0 525
 0 526
 0 527
 0 528
 0 529
 0 530
 0 531
 0 532
 0 533
 0 534
 0 535
 0 536
 0 537
 0 538
 0 539
 0 540
 0 541
 0 542
 0 543
 0 544
 0 545
 0 546
 0 547
 0 548
 0 549
 0 550
 0 551
 0 552
 0 553
 0 554
 0 555
 0 556
 0 557
 0 558
 0 559
 0 560
 0 561
 0 562
 0 563
 0 564
 0 565
 0 566
 0 567
 0 568
 0 569
 0 570
 0 571
 0 572
 0 573
 0 574
 0 575
 0 576
 0 577
 0 578
 0 579
 0 580
 0 581
 0 582
 0 583
 0 584
 0 585
 0 586
 0 587
 0 588
 0 589
 0 590
 0 591
 0 592
 0 593
 0 594
 0 595
 0 596
 0 597
 0 598
 0 599
 0 600


