# Created by Octave 3.8.2, Sat Jun 20 17:39:28 2020 CEST <damian@fptrucha.inv.usc.es>
# name: hd
# type: matrix
# rows: 551
# columns: 2
 0 50
 0 51
 0 52
 0 53
 0 54
 0 55
 0 56
 0 57
 0 58
 0 59
 0 60
 0 61
 0 62
 0 63
 0 64
 0 65
 0 66
 0 67
 0 68
 0 69
 0 70
 0 71
 0 72
 0 73
 0 74
 0 75
 0 76
 0 77
 0 78
 0 79
 0 80
 0 81
 0 82
 0 83
 0 84
 0 85
 0 86
 1 87
 4 88
 1 89
 2 90
 27 91
 68 92
 109 93
 178 94
 252 95
 374 96
 568 97
 669 98
 817 99
 1039 100
 1048 101
 1150 102
 1169 103
 1201 104
 1272 105
 1317 106
 1355 107
 1270 108
 1268 109
 1317 110
 1197 111
 1129 112
 1047 113
 1054 114
 1061 115
 952 116
 853 117
 832 118
 797 119
 735 120
 668 121
 601 122
 571 123
 532 124
 500 125
 431 126
 375 127
 408 128
 336 129
 356 130
 274 131
 302 132
 251 133
 224 134
 198 135
 180 136
 196 137
 195 138
 155 139
 140 140
 137 141
 133 142
 120 143
 111 144
 98 145
 96 146
 91 147
 67 148
 84 149
 88 150
 60 151
 68 152
 67 153
 49 154
 68 155
 49 156
 61 157
 39 158
 48 159
 35 160
 33 161
 40 162
 22 163
 31 164
 30 165
 20 166
 29 167
 19 168
 20 169
 24 170
 19 171
 14 172
 19 173
 22 174
 15 175
 10 176
 11 177
 9 178
 7 179
 14 180
 12 181
 8 182
 6 183
 6 184
 8 185
 4 186
 12 187
 3 188
 3 189
 4 190
 3 191
 2 192
 7 193
 5 194
 4 195
 1 196
 8 197
 2 198
 1 199
 4 200
 3 201
 2 202
 3 203
 1 204
 2 205
 3 206
 1 207
 0 208
 0 209
 1 210
 0 211
 0 212
 0 213
 1 214
 0 215
 1 216
 2 217
 2 218
 1 219
 0 220
 2 221
 0 222
 0 223
 0 224
 0 225
 0 226
 1 227
 0 228
 1 229
 0 230
 0 231
 1 232
 0 233
 0 234
 0 235
 1 236
 0 237
 0 238
 0 239
 1 240
 1 241
 0 242
 1 243
 1 244
 0 245
 0 246
 0 247
 0 248
 0 249
 0 250
 0 251
 0 252
 0 253
 0 254
 0 255
 0 256
 0 257
 0 258
 0 259
 0 260
 0 261
 0 262
 0 263
 0 264
 0 265
 0 266
 0 267
 0 268
 0 269
 0 270
 0 271
 0 272
 0 273
 0 274
 0 275
 0 276
 0 277
 0 278
 0 279
 0 280
 0 281
 0 282
 0 283
 0 284
 0 285
 2 286
 0 287
 0 288
 0 289
 1 290
 1 291
 1 292
 1 293
 1 294
 2 295
 0 296
 0 297
 3 298
 2 299
 1 300
 1 301
 0 302
 0 303
 0 304
 1 305
 0 306
 1 307
 3 308
 4 309
 2 310
 0 311
 0 312
 4 313
 1 314
 4 315
 3 316
 3 317
 4 318
 3 319
 0 320
 3 321
 2 322
 2 323
 2 324
 2 325
 8 326
 2 327
 4 328
 1 329
 1 330
 4 331
 3 332
 3 333
 2 334
 1 335
 2 336
 1 337
 4 338
 3 339
 0 340
 0 341
 2 342
 3 343
 2 344
 3 345
 4 346
 5 347
 2 348
 0 349
 1 350
 1 351
 2 352
 4 353
 0 354
 0 355
 1 356
 4 357
 1 358
 2 359
 0 360
 2 361
 2 362
 3 363
 1 364
 2 365
 1 366
 2 367
 0 368
 1 369
 1 370
 1 371
 2 372
 1 373
 1 374
 1 375
 0 376
 3 377
 1 378
 0 379
 2 380
 0 381
 2 382
 0 383
 1 384
 2 385
 2 386
 1 387
 0 388
 1 389
 1 390
 0 391
 0 392
 1 393
 0 394
 0 395
 1 396
 1 397
 1 398
 0 399
 1 400
 0 401
 0 402
 0 403
 0 404
 0 405
 1 406
 0 407
 0 408
 1 409
 0 410
 0 411
 0 412
 1 413
 0 414
 0 415
 0 416
 0 417
 0 418
 0 419
 0 420
 1 421
 0 422
 0 423
 0 424
 0 425
 0 426
 0 427
 0 428
 0 429
 0 430
 0 431
 0 432
 0 433
 1 434
 0 435
 0 436
 1 437
 0 438
 0 439
 0 440
 0 441
 0 442
 0 443
 0 444
 0 445
 0 446
 0 447
 0 448
 0 449
 0 450
 0 451
 0 452
 0 453
 0 454
 0 455
 0 456
 0 457
 0 458
 0 459
 0 460
 0 461
 0 462
 0 463
 0 464
 0 465
 0 466
 0 467
 0 468
 0 469
 0 470
 0 471
 0 472
 0 473
 0 474
 0 475
 0 476
 0 477
 0 478
 0 479
 0 480
 0 481
 0 482
 0 483
 0 484
 0 485
 0 486
 0 487
 0 488
 0 489
 0 490
 0 491
 0 492
 0 493
 0 494
 0 495
 0 496
 0 497
 0 498
 0 499
 0 500
 0 501
 0 502
 0 503
 0 504
 0 505
 0 506
 0 507
 0 508
 0 509
 0 510
 0 511
 0 512
 0 513
 0 514
 0 515
 0 516
 0 517
 0 518
 0 519
 0 520
 0 521
 0 522
 0 523
 0 524
 0 525
 0 526
 0 527
 0 528
 0 529
 0 530
 0 531
 0 532
 0 533
 0 534
 0 535
 0 536
 0 537
 0 538
 0 539
 0 540
 0 541
 0 542
 0 543
 0 544
 0 545
 0 546
 0 547
 0 548
 0 549
 0 550
 0 551
 0 552
 0 553
 0 554
 0 555
 0 556
 0 557
 0 558
 0 559
 0 560
 0 561
 0 562
 0 563
 0 564
 0 565
 0 566
 0 567
 0 568
 0 569
 0 570
 0 571
 0 572
 0 573
 0 574
 0 575
 0 576
 0 577
 0 578
 0 579
 0 580
 0 581
 0 582
 0 583
 0 584
 0 585
 0 586
 0 587
 0 588
 0 589
 0 590
 0 591
 0 592
 0 593
 0 594
 0 595
 0 596
 0 597
 0 598
 0 599
 0 600


