# Created by Octave 3.8.2, Sat Jun 20 18:49:51 2020 CEST <damian@fptrucha.inv.usc.es>
# name: hd
# type: matrix
# rows: 551
# columns: 2
 0 50
 0 51
 0 52
 0 53
 0 54
 0 55
 0 56
 0 57
 0 58
 0 59
 0 60
 0 61
 0 62
 0 63
 0 64
 0 65
 0 66
 0 67
 0 68
 0 69
 0 70
 0 71
 0 72
 0 73
 0 74
 0 75
 0 76
 0 77
 0 78
 0 79
 0 80
 0 81
 0 82
 0 83
 0 84
 0 85
 0 86
 0 87
 3 88
 0 89
 4 90
 39 91
 81 92
 113 93
 163 94
 263 95
 403 96
 575 97
 733 98
 805 99
 1015 100
 1128 101
 1171 102
 1193 103
 1222 104
 1357 105
 1283 106
 1282 107
 1268 108
 1294 109
 1228 110
 1248 111
 1136 112
 1095 113
 1030 114
 970 115
 943 116
 894 117
 861 118
 736 119
 798 120
 649 121
 617 122
 615 123
 522 124
 472 125
 467 126
 406 127
 375 128
 324 129
 325 130
 304 131
 276 132
 247 133
 195 134
 216 135
 198 136
 204 137
 163 138
 131 139
 137 140
 140 141
 128 142
 122 143
 106 144
 92 145
 84 146
 76 147
 91 148
 76 149
 63 150
 82 151
 72 152
 64 153
 54 154
 48 155
 42 156
 46 157
 51 158
 38 159
 46 160
 28 161
 34 162
 26 163
 22 164
 25 165
 36 166
 26 167
 33 168
 20 169
 22 170
 19 171
 27 172
 12 173
 15 174
 9 175
 17 176
 12 177
 15 178
 15 179
 6 180
 9 181
 4 182
 6 183
 8 184
 7 185
 4 186
 10 187
 3 188
 3 189
 3 190
 5 191
 3 192
 5 193
 6 194
 2 195
 2 196
 3 197
 2 198
 1 199
 0 200
 2 201
 0 202
 4 203
 2 204
 2 205
 0 206
 1 207
 0 208
 1 209
 2 210
 1 211
 1 212
 1 213
 1 214
 0 215
 0 216
 0 217
 0 218
 0 219
 0 220
 0 221
 0 222
 0 223
 0 224
 0 225
 0 226
 0 227
 1 228
 0 229
 0 230
 2 231
 0 232
 0 233
 0 234
 0 235
 0 236
 0 237
 0 238
 0 239
 0 240
 0 241
 0 242
 0 243
 0 244
 0 245
 0 246
 0 247
 0 248
 0 249
 0 250
 0 251
 0 252
 0 253
 0 254
 0 255
 0 256
 0 257
 0 258
 0 259
 0 260
 0 261
 0 262
 0 263
 0 264
 0 265
 0 266
 0 267
 0 268
 0 269
 0 270
 0 271
 0 272
 0 273
 0 274
 0 275
 0 276
 0 277
 0 278
 1 279
 0 280
 0 281
 0 282
 1 283
 0 284
 0 285
 0 286
 0 287
 0 288
 0 289
 1 290
 0 291
 0 292
 2 293
 1 294
 2 295
 0 296
 0 297
 1 298
 5 299
 0 300
 0 301
 2 302
 2 303
 1 304
 1 305
 2 306
 1 307
 3 308
 3 309
 1 310
 2 311
 1 312
 0 313
 2 314
 1 315
 4 316
 2 317
 2 318
 0 319
 0 320
 9 321
 2 322
 3 323
 2 324
 3 325
 1 326
 1 327
 4 328
 2 329
 4 330
 4 331
 5 332
 4 333
 3 334
 0 335
 0 336
 3 337
 5 338
 4 339
 1 340
 5 341
 3 342
 4 343
 5 344
 3 345
 1 346
 4 347
 4 348
 2 349
 2 350
 2 351
 1 352
 2 353
 2 354
 1 355
 2 356
 2 357
 3 358
 2 359
 2 360
 0 361
 3 362
 0 363
 1 364
 0 365
 0 366
 2 367
 1 368
 2 369
 1 370
 2 371
 1 372
 1 373
 0 374
 0 375
 0 376
 0 377
 0 378
 2 379
 0 380
 1 381
 0 382
 1 383
 0 384
 0 385
 1 386
 0 387
 1 388
 0 389
 0 390
 0 391
 0 392
 0 393
 0 394
 1 395
 0 396
 0 397
 0 398
 0 399
 0 400
 0 401
 1 402
 0 403
 0 404
 0 405
 0 406
 0 407
 0 408
 0 409
 0 410
 1 411
 0 412
 0 413
 0 414
 0 415
 0 416
 0 417
 0 418
 0 419
 0 420
 0 421
 0 422
 0 423
 0 424
 0 425
 1 426
 0 427
 0 428
 0 429
 0 430
 0 431
 0 432
 0 433
 0 434
 0 435
 0 436
 0 437
 0 438
 0 439
 0 440
 0 441
 0 442
 0 443
 0 444
 0 445
 0 446
 0 447
 0 448
 0 449
 0 450
 0 451
 0 452
 0 453
 0 454
 0 455
 0 456
 0 457
 0 458
 0 459
 0 460
 0 461
 0 462
 0 463
 0 464
 0 465
 0 466
 0 467
 0 468
 0 469
 0 470
 0 471
 0 472
 0 473
 0 474
 0 475
 0 476
 0 477
 0 478
 0 479
 0 480
 0 481
 0 482
 0 483
 0 484
 0 485
 0 486
 0 487
 0 488
 0 489
 0 490
 0 491
 0 492
 0 493
 0 494
 0 495
 0 496
 0 497
 0 498
 0 499
 0 500
 0 501
 0 502
 0 503
 0 504
 0 505
 0 506
 0 507
 0 508
 0 509
 0 510
 0 511
 0 512
 0 513
 0 514
 0 515
 0 516
 0 517
 0 518
 0 519
 0 520
 0 521
 0 522
 0 523
 0 524
 0 525
 0 526
 0 527
 0 528
 0 529
 0 530
 0 531
 0 532
 0 533
 0 534
 0 535
 0 536
 0 537
 0 538
 0 539
 0 540
 0 541
 0 542
 0 543
 0 544
 0 545
 0 546
 0 547
 0 548
 0 549
 0 550
 0 551
 0 552
 0 553
 0 554
 0 555
 0 556
 0 557
 0 558
 0 559
 0 560
 0 561
 0 562
 0 563
 0 564
 0 565
 0 566
 0 567
 0 568
 0 569
 0 570
 0 571
 0 572
 0 573
 0 574
 0 575
 0 576
 0 577
 0 578
 0 579
 0 580
 0 581
 0 582
 0 583
 0 584
 0 585
 0 586
 0 587
 0 588
 0 589
 0 590
 0 591
 0 592
 0 593
 0 594
 0 595
 0 596
 0 597
 0 598
 0 599
 0 600


