# Created by Octave 3.8.2, Mon Jun 22 11:19:25 2020 CEST <damian@fptrucha.inv.usc.es>
# name: hd
# type: matrix
# rows: 551
# columns: 2
 0 50
 0 51
 0 52
 0 53
 0 54
 0 55
 0 56
 0 57
 0 58
 0 59
 0 60
 0 61
 0 62
 0 63
 0 64
 0 65
 0 66
 0 67
 0 68
 0 69
 0 70
 0 71
 0 72
 0 73
 0 74
 0 75
 0 76
 0 77
 0 78
 0 79
 0 80
 0 81
 0 82
 0 83
 0 84
 0 85
 0 86
 0 87
 1 88
 4 89
 2 90
 14 91
 89 92
 121 93
 200 94
 286 95
 423 96
 592 97
 830 98
 1045 99
 1264 100
 1369 101
 1316 102
 1455 103
 1528 104
 1551 105
 1502 106
 1470 107
 1429 108
 1410 109
 1314 110
 1190 111
 1131 112
 1028 113
 996 114
 938 115
 783 116
 780 117
 669 118
 640 119
 600 120
 534 121
 465 122
 457 123
 392 124
 377 125
 335 126
 278 127
 276 128
 254 129
 227 130
 225 131
 202 132
 177 133
 184 134
 174 135
 126 136
 117 137
 124 138
 118 139
 107 140
 89 141
 105 142
 75 143
 85 144
 79 145
 86 146
 81 147
 78 148
 86 149
 86 150
 66 151
 64 152
 62 153
 48 154
 48 155
 42 156
 36 157
 52 158
 39 159
 34 160
 26 161
 24 162
 24 163
 25 164
 35 165
 28 166
 14 167
 17 168
 19 169
 15 170
 18 171
 17 172
 14 173
 18 174
 10 175
 13 176
 13 177
 9 178
 9 179
 11 180
 6 181
 7 182
 16 183
 10 184
 5 185
 7 186
 6 187
 3 188
 3 189
 1 190
 4 191
 3 192
 1 193
 8 194
 1 195
 2 196
 2 197
 1 198
 2 199
 2 200
 1 201
 3 202
 3 203
 1 204
 3 205
 1 206
 1 207
 3 208
 1 209
 1 210
 0 211
 0 212
 1 213
 3 214
 1 215
 1 216
 1 217
 1 218
 0 219
 1 220
 0 221
 1 222
 0 223
 1 224
 0 225
 0 226
 0 227
 0 228
 0 229
 0 230
 0 231
 0 232
 0 233
 0 234
 1 235
 0 236
 0 237
 0 238
 0 239
 0 240
 0 241
 0 242
 0 243
 0 244
 0 245
 0 246
 0 247
 0 248
 0 249
 0 250
 0 251
 0 252
 0 253
 0 254
 0 255
 0 256
 0 257
 0 258
 0 259
 0 260
 0 261
 0 262
 0 263
 0 264
 0 265
 0 266
 0 267
 0 268
 0 269
 0 270
 0 271
 0 272
 0 273
 0 274
 0 275
 0 276
 0 277
 0 278
 2 279
 1 280
 0 281
 2 282
 0 283
 0 284
 1 285
 1 286
 1 287
 1 288
 1 289
 1 290
 2 291
 1 292
 1 293
 1 294
 1 295
 0 296
 1 297
 1 298
 0 299
 2 300
 2 301
 1 302
 4 303
 2 304
 1 305
 4 306
 3 307
 4 308
 1 309
 4 310
 3 311
 1 312
 3 313
 2 314
 3 315
 6 316
 3 317
 0 318
 3 319
 5 320
 0 321
 2 322
 4 323
 3 324
 4 325
 2 326
 2 327
 2 328
 3 329
 5 330
 2 331
 3 332
 1 333
 2 334
 1 335
 5 336
 2 337
 0 338
 1 339
 0 340
 3 341
 2 342
 3 343
 1 344
 3 345
 1 346
 2 347
 3 348
 1 349
 1 350
 2 351
 4 352
 3 353
 2 354
 1 355
 2 356
 2 357
 3 358
 2 359
 1 360
 1 361
 2 362
 3 363
 1 364
 2 365
 0 366
 1 367
 0 368
 3 369
 1 370
 0 371
 0 372
 1 373
 1 374
 1 375
 1 376
 0 377
 1 378
 0 379
 1 380
 2 381
 0 382
 1 383
 1 384
 1 385
 0 386
 0 387
 1 388
 0 389
 2 390
 0 391
 0 392
 0 393
 0 394
 1 395
 0 396
 0 397
 0 398
 0 399
 0 400
 0 401
 1 402
 0 403
 0 404
 0 405
 0 406
 0 407
 0 408
 0 409
 0 410
 0 411
 0 412
 0 413
 0 414
 0 415
 0 416
 0 417
 0 418
 0 419
 0 420
 0 421
 0 422
 0 423
 1 424
 0 425
 0 426
 0 427
 0 428
 0 429
 0 430
 0 431
 0 432
 0 433
 0 434
 0 435
 0 436
 0 437
 0 438
 0 439
 0 440
 0 441
 0 442
 0 443
 0 444
 0 445
 0 446
 0 447
 0 448
 0 449
 0 450
 0 451
 0 452
 0 453
 0 454
 0 455
 0 456
 0 457
 0 458
 0 459
 0 460
 0 461
 0 462
 0 463
 0 464
 0 465
 0 466
 0 467
 0 468
 0 469
 0 470
 0 471
 0 472
 0 473
 0 474
 0 475
 0 476
 0 477
 0 478
 0 479
 0 480
 0 481
 0 482
 0 483
 0 484
 0 485
 0 486
 0 487
 0 488
 0 489
 0 490
 0 491
 0 492
 0 493
 0 494
 0 495
 0 496
 0 497
 0 498
 0 499
 0 500
 0 501
 0 502
 0 503
 0 504
 0 505
 0 506
 0 507
 0 508
 0 509
 0 510
 0 511
 0 512
 0 513
 0 514
 0 515
 0 516
 0 517
 0 518
 0 519
 0 520
 0 521
 0 522
 0 523
 0 524
 0 525
 0 526
 0 527
 0 528
 0 529
 0 530
 0 531
 0 532
 0 533
 0 534
 0 535
 0 536
 0 537
 0 538
 0 539
 0 540
 0 541
 0 542
 0 543
 0 544
 0 545
 0 546
 0 547
 0 548
 0 549
 0 550
 0 551
 0 552
 0 553
 0 554
 0 555
 0 556
 0 557
 0 558
 0 559
 0 560
 0 561
 0 562
 0 563
 0 564
 0 565
 0 566
 0 567
 0 568
 0 569
 0 570
 0 571
 0 572
 0 573
 0 574
 0 575
 0 576
 0 577
 0 578
 0 579
 0 580
 0 581
 0 582
 0 583
 0 584
 0 585
 0 586
 0 587
 0 588
 0 589
 0 590
 0 591
 0 592
 0 593
 0 594
 0 595
 0 596
 0 597
 0 598
 0 599
 0 600


