# Created by Octave 3.8.2, Sat Jun 20 12:56:30 2020 CEST <damian@fptrucha.inv.usc.es>
# name: hd
# type: matrix
# rows: 551
# columns: 2
 0 50
 0 51
 0 52
 0 53
 0 54
 0 55
 0 56
 0 57
 0 58
 0 59
 0 60
 0 61
 0 62
 0 63
 0 64
 0 65
 0 66
 0 67
 0 68
 0 69
 0 70
 0 71
 0 72
 0 73
 0 74
 0 75
 0 76
 0 77
 0 78
 0 79
 0 80
 0 81
 0 82
 0 83
 0 84
 0 85
 0 86
 0 87
 5 88
 2 89
 3 90
 28 91
 102 92
 129 93
 162 94
 300 95
 467 96
 641 97
 800 98
 897 99
 1104 100
 1182 101
 1282 102
 1436 103
 1387 104
 1426 105
 1495 106
 1456 107
 1422 108
 1380 109
 1289 110
 1324 111
 1279 112
 1143 113
 1122 114
 1066 115
 981 116
 948 117
 917 118
 846 119
 758 120
 700 121
 573 122
 604 123
 553 124
 504 125
 479 126
 426 127
 368 128
 344 129
 327 130
 324 131
 295 132
 242 133
 225 134
 236 135
 193 136
 191 137
 154 138
 162 139
 172 140
 150 141
 142 142
 112 143
 101 144
 90 145
 97 146
 91 147
 72 148
 82 149
 78 150
 63 151
 62 152
 55 153
 59 154
 82 155
 37 156
 58 157
 56 158
 42 159
 44 160
 21 161
 38 162
 31 163
 22 164
 30 165
 27 166
 23 167
 28 168
 33 169
 23 170
 18 171
 13 172
 20 173
 10 174
 11 175
 11 176
 15 177
 12 178
 8 179
 10 180
 9 181
 9 182
 6 183
 8 184
 4 185
 7 186
 6 187
 5 188
 14 189
 1 190
 2 191
 9 192
 5 193
 3 194
 4 195
 4 196
 5 197
 2 198
 2 199
 0 200
 1 201
 0 202
 3 203
 3 204
 2 205
 1 206
 1 207
 4 208
 1 209
 2 210
 2 211
 1 212
 3 213
 0 214
 0 215
 0 216
 0 217
 0 218
 0 219
 0 220
 0 221
 2 222
 2 223
 0 224
 0 225
 0 226
 0 227
 1 228
 0 229
 2 230
 0 231
 0 232
 0 233
 0 234
 0 235
 0 236
 0 237
 0 238
 0 239
 0 240
 0 241
 0 242
 0 243
 1 244
 0 245
 0 246
 0 247
 0 248
 0 249
 0 250
 0 251
 0 252
 0 253
 0 254
 0 255
 0 256
 0 257
 0 258
 0 259
 0 260
 1 261
 0 262
 0 263
 0 264
 0 265
 0 266
 0 267
 0 268
 0 269
 0 270
 0 271
 0 272
 0 273
 0 274
 0 275
 0 276
 1 277
 1 278
 0 279
 0 280
 0 281
 0 282
 0 283
 0 284
 1 285
 0 286
 0 287
 0 288
 1 289
 0 290
 2 291
 1 292
 1 293
 1 294
 1 295
 0 296
 1 297
 1 298
 0 299
 1 300
 1 301
 1 302
 1 303
 0 304
 2 305
 3 306
 3 307
 1 308
 1 309
 2 310
 1 311
 1 312
 1 313
 5 314
 0 315
 3 316
 4 317
 2 318
 4 319
 1 320
 2 321
 3 322
 4 323
 2 324
 2 325
 1 326
 2 327
 4 328
 6 329
 1 330
 1 331
 2 332
 4 333
 2 334
 2 335
 5 336
 4 337
 4 338
 6 339
 1 340
 5 341
 6 342
 5 343
 3 344
 1 345
 2 346
 1 347
 4 348
 3 349
 3 350
 3 351
 3 352
 3 353
 1 354
 1 355
 1 356
 2 357
 4 358
 1 359
 2 360
 4 361
 3 362
 1 363
 1 364
 2 365
 1 366
 3 367
 1 368
 1 369
 0 370
 0 371
 1 372
 1 373
 0 374
 0 375
 1 376
 1 377
 1 378
 1 379
 0 380
 0 381
 0 382
 2 383
 1 384
 1 385
 0 386
 1 387
 0 388
 1 389
 1 390
 0 391
 0 392
 0 393
 0 394
 0 395
 0 396
 1 397
 0 398
 0 399
 0 400
 0 401
 1 402
 0 403
 0 404
 0 405
 0 406
 1 407
 0 408
 1 409
 0 410
 0 411
 0 412
 0 413
 0 414
 0 415
 0 416
 0 417
 0 418
 0 419
 0 420
 0 421
 0 422
 1 423
 0 424
 0 425
 0 426
 0 427
 0 428
 0 429
 0 430
 0 431
 0 432
 0 433
 0 434
 0 435
 0 436
 0 437
 0 438
 0 439
 0 440
 0 441
 0 442
 0 443
 0 444
 0 445
 0 446
 0 447
 0 448
 0 449
 0 450
 0 451
 0 452
 0 453
 0 454
 0 455
 0 456
 0 457
 0 458
 0 459
 0 460
 0 461
 0 462
 0 463
 0 464
 0 465
 0 466
 0 467
 0 468
 0 469
 0 470
 0 471
 0 472
 0 473
 0 474
 0 475
 0 476
 0 477
 0 478
 0 479
 0 480
 0 481
 0 482
 0 483
 0 484
 0 485
 0 486
 0 487
 0 488
 0 489
 0 490
 0 491
 0 492
 0 493
 0 494
 0 495
 0 496
 0 497
 0 498
 0 499
 0 500
 0 501
 0 502
 0 503
 0 504
 0 505
 0 506
 0 507
 0 508
 0 509
 0 510
 0 511
 0 512
 0 513
 0 514
 0 515
 0 516
 0 517
 0 518
 0 519
 0 520
 0 521
 0 522
 0 523
 0 524
 0 525
 0 526
 0 527
 0 528
 0 529
 0 530
 0 531
 0 532
 0 533
 0 534
 0 535
 0 536
 0 537
 0 538
 0 539
 0 540
 0 541
 0 542
 0 543
 0 544
 0 545
 0 546
 0 547
 0 548
 0 549
 0 550
 0 551
 0 552
 0 553
 0 554
 0 555
 0 556
 0 557
 0 558
 0 559
 0 560
 0 561
 0 562
 0 563
 0 564
 0 565
 0 566
 0 567
 0 568
 0 569
 0 570
 0 571
 0 572
 0 573
 0 574
 0 575
 0 576
 0 577
 0 578
 0 579
 0 580
 0 581
 0 582
 0 583
 0 584
 0 585
 0 586
 0 587
 0 588
 0 589
 0 590
 0 591
 0 592
 0 593
 0 594
 0 595
 0 596
 0 597
 0 598
 0 599
 0 600


