# Created by Octave 3.8.2, Mon Jun 22 18:20:39 2020 CEST <damian@fptrucha.inv.usc.es>
# name: hd
# type: matrix
# rows: 551
# columns: 2
 0 50
 0 51
 0 52
 0 53
 0 54
 0 55
 0 56
 0 57
 0 58
 0 59
 0 60
 0 61
 0 62
 0 63
 0 64
 0 65
 0 66
 0 67
 0 68
 0 69
 0 70
 0 71
 0 72
 0 73
 0 74
 0 75
 0 76
 0 77
 0 78
 0 79
 0 80
 0 81
 0 82
 0 83
 0 84
 0 85
 0 86
 0 87
 1 88
 2 89
 6 90
 28 91
 88 92
 112 93
 162 94
 266 95
 461 96
 667 97
 902 98
 1063 99
 1292 100
 1341 101
 1516 102
 1580 103
 1578 104
 1594 105
 1529 106
 1593 107
 1517 108
 1450 109
 1409 110
 1247 111
 1191 112
 1164 113
 999 114
 988 115
 889 116
 762 117
 727 118
 688 119
 646 120
 573 121
 494 122
 433 123
 405 124
 389 125
 367 126
 318 127
 277 128
 254 129
 267 130
 235 131
 196 132
 175 133
 175 134
 176 135
 150 136
 138 137
 116 138
 127 139
 115 140
 81 141
 90 142
 84 143
 95 144
 98 145
 69 146
 73 147
 73 148
 62 149
 65 150
 54 151
 59 152
 61 153
 57 154
 48 155
 42 156
 44 157
 36 158
 33 159
 37 160
 31 161
 32 162
 25 163
 22 164
 27 165
 21 166
 17 167
 21 168
 13 169
 14 170
 18 171
 20 172
 17 173
 13 174
 12 175
 11 176
 4 177
 7 178
 10 179
 7 180
 7 181
 13 182
 8 183
 7 184
 7 185
 5 186
 6 187
 4 188
 3 189
 6 190
 1 191
 3 192
 3 193
 3 194
 4 195
 4 196
 3 197
 3 198
 3 199
 1 200
 0 201
 2 202
 1 203
 2 204
 1 205
 1 206
 3 207
 1 208
 0 209
 0 210
 3 211
 1 212
 2 213
 1 214
 1 215
 0 216
 2 217
 0 218
 0 219
 2 220
 0 221
 0 222
 1 223
 0 224
 1 225
 1 226
 1 227
 1 228
 0 229
 0 230
 0 231
 0 232
 0 233
 1 234
 0 235
 1 236
 0 237
 1 238
 1 239
 0 240
 0 241
 1 242
 0 243
 0 244
 0 245
 0 246
 0 247
 0 248
 0 249
 0 250
 0 251
 0 252
 0 253
 0 254
 0 255
 0 256
 0 257
 0 258
 1 259
 0 260
 0 261
 0 262
 0 263
 0 264
 1 265
 0 266
 0 267
 0 268
 1 269
 0 270
 0 271
 0 272
 0 273
 1 274
 3 275
 0 276
 0 277
 1 278
 0 279
 0 280
 0 281
 0 282
 0 283
 2 284
 0 285
 0 286
 1 287
 0 288
 0 289
 0 290
 0 291
 0 292
 1 293
 0 294
 0 295
 1 296
 1 297
 0 298
 2 299
 2 300
 0 301
 2 302
 1 303
 1 304
 2 305
 1 306
 0 307
 0 308
 4 309
 1 310
 2 311
 1 312
 3 313
 3 314
 3 315
 4 316
 3 317
 1 318
 0 319
 3 320
 1 321
 3 322
 5 323
 3 324
 2 325
 5 326
 2 327
 1 328
 2 329
 2 330
 4 331
 3 332
 1 333
 1 334
 3 335
 2 336
 0 337
 2 338
 2 339
 2 340
 1 341
 3 342
 1 343
 3 344
 1 345
 1 346
 3 347
 3 348
 0 349
 4 350
 1 351
 1 352
 1 353
 4 354
 0 355
 3 356
 2 357
 2 358
 3 359
 4 360
 0 361
 0 362
 1 363
 1 364
 0 365
 2 366
 0 367
 2 368
 0 369
 0 370
 3 371
 0 372
 0 373
 0 374
 1 375
 2 376
 1 377
 2 378
 2 379
 2 380
 1 381
 0 382
 2 383
 0 384
 0 385
 0 386
 1 387
 1 388
 1 389
 0 390
 0 391
 3 392
 0 393
 0 394
 0 395
 0 396
 0 397
 0 398
 0 399
 0 400
 0 401
 0 402
 1 403
 0 404
 1 405
 0 406
 1 407
 0 408
 0 409
 0 410
 0 411
 0 412
 0 413
 0 414
 0 415
 0 416
 0 417
 1 418
 0 419
 0 420
 0 421
 0 422
 0 423
 0 424
 0 425
 0 426
 0 427
 0 428
 0 429
 0 430
 0 431
 0 432
 0 433
 0 434
 0 435
 0 436
 0 437
 0 438
 0 439
 0 440
 0 441
 0 442
 1 443
 0 444
 0 445
 0 446
 0 447
 0 448
 0 449
 0 450
 0 451
 0 452
 0 453
 0 454
 0 455
 0 456
 0 457
 0 458
 0 459
 0 460
 0 461
 0 462
 0 463
 0 464
 0 465
 0 466
 0 467
 0 468
 0 469
 0 470
 0 471
 0 472
 0 473
 0 474
 0 475
 0 476
 0 477
 0 478
 0 479
 0 480
 0 481
 0 482
 0 483
 0 484
 0 485
 0 486
 0 487
 0 488
 0 489
 0 490
 0 491
 0 492
 0 493
 0 494
 0 495
 0 496
 0 497
 0 498
 0 499
 0 500
 0 501
 0 502
 0 503
 0 504
 0 505
 0 506
 0 507
 0 508
 0 509
 0 510
 0 511
 0 512
 0 513
 0 514
 0 515
 0 516
 0 517
 0 518
 0 519
 0 520
 0 521
 0 522
 0 523
 0 524
 0 525
 0 526
 0 527
 0 528
 0 529
 0 530
 0 531
 0 532
 0 533
 0 534
 0 535
 0 536
 0 537
 0 538
 0 539
 0 540
 0 541
 0 542
 0 543
 0 544
 0 545
 0 546
 0 547
 0 548
 0 549
 0 550
 0 551
 0 552
 0 553
 0 554
 0 555
 0 556
 0 557
 0 558
 0 559
 0 560
 0 561
 0 562
 0 563
 0 564
 0 565
 0 566
 0 567
 0 568
 0 569
 0 570
 0 571
 0 572
 0 573
 0 574
 0 575
 0 576
 0 577
 0 578
 0 579
 0 580
 0 581
 0 582
 0 583
 0 584
 0 585
 0 586
 0 587
 0 588
 0 589
 0 590
 0 591
 0 592
 0 593
 0 594
 0 595
 0 596
 0 597
 0 598
 0 599
 0 600


