# Created by Octave 3.8.2, Sat Jun 20 10:30:13 2020 CEST <damian@fptrucha.inv.usc.es>
# name: hd
# type: matrix
# rows: 551
# columns: 2
 0 50
 0 51
 0 52
 0 53
 0 54
 0 55
 0 56
 0 57
 0 58
 0 59
 0 60
 0 61
 0 62
 0 63
 0 64
 0 65
 0 66
 0 67
 0 68
 0 69
 0 70
 0 71
 0 72
 0 73
 0 74
 0 75
 0 76
 0 77
 0 78
 0 79
 0 80
 0 81
 0 82
 0 83
 0 84
 0 85
 0 86
 0 87
 4 88
 2 89
 7 90
 33 91
 103 92
 139 93
 158 94
 328 95
 486 96
 660 97
 932 98
 1004 99
 1233 100
 1263 101
 1458 102
 1454 103
 1541 104
 1480 105
 1582 106
 1591 107
 1538 108
 1521 109
 1468 110
 1347 111
 1328 112
 1226 113
 1112 114
 1122 115
 1011 116
 928 117
 852 118
 830 119
 750 120
 701 121
 650 122
 587 123
 547 124
 514 125
 424 126
 379 127
 350 128
 358 129
 336 130
 298 131
 243 132
 235 133
 215 134
 228 135
 181 136
 166 137
 166 138
 144 139
 139 140
 142 141
 138 142
 114 143
 105 144
 90 145
 87 146
 87 147
 66 148
 75 149
 60 150
 59 151
 63 152
 49 153
 61 154
 65 155
 50 156
 50 157
 39 158
 38 159
 50 160
 41 161
 25 162
 28 163
 29 164
 21 165
 17 166
 20 167
 26 168
 19 169
 20 170
 19 171
 13 172
 14 173
 11 174
 9 175
 8 176
 9 177
 10 178
 6 179
 12 180
 3 181
 5 182
 6 183
 7 184
 4 185
 0 186
 4 187
 7 188
 5 189
 6 190
 6 191
 3 192
 3 193
 4 194
 1 195
 3 196
 3 197
 1 198
 8 199
 3 200
 1 201
 4 202
 1 203
 2 204
 1 205
 1 206
 2 207
 2 208
 0 209
 2 210
 0 211
 0 212
 2 213
 0 214
 1 215
 2 216
 0 217
 1 218
 0 219
 0 220
 0 221
 0 222
 0 223
 1 224
 0 225
 0 226
 0 227
 0 228
 1 229
 0 230
 0 231
 0 232
 0 233
 0 234
 0 235
 0 236
 0 237
 0 238
 0 239
 0 240
 0 241
 0 242
 0 243
 0 244
 0 245
 0 246
 0 247
 0 248
 0 249
 0 250
 0 251
 0 252
 0 253
 0 254
 0 255
 0 256
 0 257
 0 258
 0 259
 0 260
 0 261
 0 262
 0 263
 0 264
 0 265
 1 266
 0 267
 0 268
 0 269
 0 270
 1 271
 1 272
 0 273
 0 274
 0 275
 0 276
 0 277
 0 278
 0 279
 0 280
 0 281
 0 282
 0 283
 0 284
 1 285
 1 286
 1 287
 1 288
 0 289
 1 290
 0 291
 0 292
 0 293
 0 294
 1 295
 0 296
 0 297
 0 298
 1 299
 3 300
 1 301
 1 302
 1 303
 0 304
 0 305
 5 306
 0 307
 3 308
 2 309
 0 310
 2 311
 1 312
 4 313
 2 314
 0 315
 2 316
 3 317
 2 318
 5 319
 2 320
 1 321
 1 322
 5 323
 0 324
 2 325
 2 326
 1 327
 3 328
 2 329
 2 330
 3 331
 1 332
 2 333
 1 334
 3 335
 7 336
 3 337
 2 338
 1 339
 3 340
 3 341
 0 342
 2 343
 2 344
 1 345
 3 346
 0 347
 3 348
 2 349
 2 350
 5 351
 1 352
 0 353
 1 354
 1 355
 3 356
 2 357
 0 358
 1 359
 0 360
 1 361
 1 362
 1 363
 3 364
 0 365
 1 366
 0 367
 0 368
 0 369
 1 370
 1 371
 2 372
 1 373
 1 374
 0 375
 1 376
 0 377
 0 378
 1 379
 2 380
 0 381
 0 382
 1 383
 0 384
 0 385
 0 386
 1 387
 1 388
 1 389
 2 390
 0 391
 0 392
 0 393
 1 394
 0 395
 0 396
 1 397
 1 398
 1 399
 0 400
 0 401
 0 402
 1 403
 0 404
 0 405
 0 406
 1 407
 0 408
 0 409
 0 410
 0 411
 0 412
 0 413
 0 414
 0 415
 0 416
 0 417
 1 418
 0 419
 0 420
 0 421
 1 422
 0 423
 0 424
 0 425
 0 426
 0 427
 0 428
 0 429
 0 430
 0 431
 0 432
 0 433
 0 434
 0 435
 0 436
 0 437
 0 438
 0 439
 0 440
 0 441
 0 442
 0 443
 0 444
 0 445
 0 446
 0 447
 0 448
 0 449
 0 450
 0 451
 0 452
 0 453
 0 454
 0 455
 0 456
 0 457
 0 458
 0 459
 0 460
 0 461
 0 462
 0 463
 0 464
 0 465
 0 466
 0 467
 0 468
 0 469
 0 470
 0 471
 0 472
 0 473
 0 474
 0 475
 0 476
 0 477
 0 478
 0 479
 0 480
 0 481
 0 482
 0 483
 0 484
 0 485
 0 486
 0 487
 0 488
 0 489
 0 490
 0 491
 0 492
 0 493
 0 494
 0 495
 0 496
 0 497
 0 498
 0 499
 0 500
 0 501
 0 502
 0 503
 0 504
 0 505
 0 506
 0 507
 0 508
 0 509
 0 510
 0 511
 0 512
 0 513
 0 514
 0 515
 0 516
 0 517
 0 518
 0 519
 0 520
 0 521
 0 522
 0 523
 0 524
 0 525
 0 526
 0 527
 0 528
 0 529
 0 530
 0 531
 0 532
 0 533
 0 534
 0 535
 0 536
 0 537
 0 538
 0 539
 0 540
 0 541
 0 542
 0 543
 0 544
 0 545
 0 546
 0 547
 0 548
 0 549
 0 550
 0 551
 0 552
 0 553
 0 554
 0 555
 0 556
 0 557
 0 558
 0 559
 0 560
 0 561
 0 562
 0 563
 0 564
 0 565
 0 566
 0 567
 0 568
 0 569
 0 570
 0 571
 0 572
 0 573
 0 574
 0 575
 0 576
 0 577
 0 578
 0 579
 0 580
 0 581
 0 582
 0 583
 0 584
 0 585
 0 586
 0 587
 0 588
 0 589
 0 590
 0 591
 0 592
 0 593
 0 594
 0 595
 0 596
 0 597
 0 598
 0 599
 0 600


