# Created by Octave 3.8.2, Sat Jun 20 06:37:44 2020 CEST <damian@fptrucha.inv.usc.es>
# name: hd
# type: matrix
# rows: 551
# columns: 2
 0 50
 0 51
 0 52
 0 53
 0 54
 0 55
 0 56
 0 57
 0 58
 0 59
 0 60
 0 61
 0 62
 0 63
 0 64
 0 65
 0 66
 0 67
 0 68
 0 69
 0 70
 0 71
 0 72
 0 73
 0 74
 0 75
 0 76
 0 77
 0 78
 0 79
 0 80
 0 81
 0 82
 0 83
 0 84
 0 85
 0 86
 0 87
 3 88
 7 89
 4 90
 29 91
 113 92
 135 93
 180 94
 347 95
 459 96
 675 97
 927 98
 1032 99
 1191 100
 1258 101
 1432 102
 1440 103
 1477 104
 1584 105
 1493 106
 1530 107
 1538 108
 1458 109
 1426 110
 1331 111
 1306 112
 1255 113
 1193 114
 1141 115
 1017 116
 946 117
 839 118
 854 119
 790 120
 682 121
 644 122
 597 123
 551 124
 465 125
 465 126
 460 127
 354 128
 376 129
 337 130
 310 131
 275 132
 266 133
 209 134
 226 135
 227 136
 185 137
 154 138
 169 139
 148 140
 130 141
 132 142
 125 143
 110 144
 102 145
 94 146
 91 147
 95 148
 85 149
 79 150
 76 151
 55 152
 74 153
 45 154
 72 155
 59 156
 45 157
 48 158
 48 159
 44 160
 48 161
 42 162
 33 163
 29 164
 41 165
 25 166
 19 167
 24 168
 16 169
 20 170
 19 171
 22 172
 14 173
 10 174
 13 175
 19 176
 12 177
 14 178
 9 179
 10 180
 14 181
 11 182
 7 183
 4 184
 11 185
 7 186
 5 187
 6 188
 9 189
 2 190
 3 191
 5 192
 2 193
 2 194
 4 195
 2 196
 3 197
 2 198
 4 199
 0 200
 1 201
 2 202
 3 203
 1 204
 0 205
 3 206
 1 207
 1 208
 2 209
 1 210
 0 211
 0 212
 1 213
 0 214
 0 215
 2 216
 0 217
 0 218
 0 219
 5 220
 0 221
 0 222
 0 223
 0 224
 0 225
 0 226
 0 227
 0 228
 0 229
 0 230
 0 231
 0 232
 0 233
 0 234
 0 235
 0 236
 0 237
 1 238
 0 239
 0 240
 0 241
 0 242
 0 243
 0 244
 0 245
 0 246
 0 247
 0 248
 0 249
 0 250
 0 251
 1 252
 0 253
 0 254
 0 255
 0 256
 0 257
 0 258
 0 259
 0 260
 0 261
 0 262
 0 263
 0 264
 0 265
 0 266
 0 267
 0 268
 0 269
 0 270
 0 271
 0 272
 1 273
 0 274
 0 275
 0 276
 0 277
 0 278
 0 279
 0 280
 0 281
 0 282
 0 283
 0 284
 0 285
 1 286
 3 287
 0 288
 2 289
 3 290
 0 291
 0 292
 0 293
 1 294
 1 295
 1 296
 2 297
 1 298
 1 299
 0 300
 0 301
 2 302
 0 303
 4 304
 3 305
 3 306
 2 307
 2 308
 0 309
 3 310
 1 311
 4 312
 3 313
 6 314
 4 315
 0 316
 4 317
 3 318
 1 319
 1 320
 2 321
 4 322
 0 323
 1 324
 1 325
 1 326
 2 327
 3 328
 1 329
 0 330
 3 331
 3 332
 1 333
 1 334
 2 335
 3 336
 2 337
 2 338
 3 339
 6 340
 5 341
 0 342
 2 343
 5 344
 2 345
 2 346
 4 347
 2 348
 0 349
 6 350
 2 351
 3 352
 0 353
 1 354
 1 355
 1 356
 2 357
 1 358
 3 359
 1 360
 1 361
 0 362
 1 363
 2 364
 1 365
 1 366
 1 367
 1 368
 0 369
 1 370
 0 371
 0 372
 0 373
 1 374
 0 375
 0 376
 1 377
 4 378
 1 379
 1 380
 0 381
 0 382
 1 383
 0 384
 0 385
 0 386
 1 387
 0 388
 0 389
 2 390
 0 391
 3 392
 1 393
 0 394
 0 395
 2 396
 0 397
 0 398
 0 399
 0 400
 0 401
 1 402
 0 403
 0 404
 0 405
 0 406
 0 407
 0 408
 0 409
 0 410
 0 411
 0 412
 0 413
 0 414
 0 415
 0 416
 0 417
 0 418
 0 419
 0 420
 0 421
 0 422
 0 423
 0 424
 0 425
 0 426
 0 427
 0 428
 0 429
 0 430
 0 431
 0 432
 0 433
 0 434
 0 435
 0 436
 0 437
 1 438
 0 439
 0 440
 0 441
 0 442
 0 443
 0 444
 0 445
 0 446
 0 447
 0 448
 0 449
 0 450
 0 451
 0 452
 0 453
 0 454
 0 455
 0 456
 0 457
 0 458
 0 459
 0 460
 0 461
 0 462
 0 463
 0 464
 0 465
 0 466
 0 467
 0 468
 0 469
 0 470
 0 471
 0 472
 0 473
 0 474
 0 475
 0 476
 0 477
 0 478
 0 479
 0 480
 0 481
 0 482
 0 483
 0 484
 0 485
 0 486
 0 487
 0 488
 0 489
 0 490
 0 491
 0 492
 0 493
 0 494
 0 495
 0 496
 0 497
 0 498
 0 499
 0 500
 0 501
 0 502
 0 503
 0 504
 0 505
 0 506
 0 507
 0 508
 0 509
 0 510
 0 511
 0 512
 0 513
 0 514
 0 515
 0 516
 0 517
 0 518
 0 519
 0 520
 0 521
 0 522
 0 523
 0 524
 0 525
 0 526
 0 527
 0 528
 0 529
 0 530
 0 531
 0 532
 0 533
 0 534
 0 535
 0 536
 0 537
 0 538
 0 539
 0 540
 0 541
 0 542
 0 543
 0 544
 0 545
 0 546
 0 547
 0 548
 0 549
 0 550
 0 551
 0 552
 0 553
 0 554
 0 555
 0 556
 0 557
 0 558
 0 559
 0 560
 0 561
 0 562
 0 563
 0 564
 0 565
 0 566
 0 567
 0 568
 0 569
 0 570
 0 571
 0 572
 0 573
 0 574
 0 575
 0 576
 0 577
 0 578
 0 579
 0 580
 0 581
 0 582
 0 583
 0 584
 0 585
 0 586
 0 587
 0 588
 0 589
 0 590
 0 591
 0 592
 0 593
 0 594
 0 595
 0 596
 0 597
 0 598
 0 599
 0 600


