# Created by Octave 3.8.2, Mon Jun 22 15:49:43 2020 CEST <damian@fptrucha.inv.usc.es>
# name: hd
# type: matrix
# rows: 551
# columns: 2
 0 50
 0 51
 0 52
 0 53
 0 54
 0 55
 0 56
 0 57
 0 58
 0 59
 0 60
 0 61
 0 62
 0 63
 0 64
 0 65
 0 66
 0 67
 0 68
 0 69
 0 70
 0 71
 0 72
 0 73
 0 74
 0 75
 0 76
 0 77
 0 78
 0 79
 0 80
 0 81
 0 82
 0 83
 0 84
 0 85
 0 86
 0 87
 1 88
 2 89
 5 90
 23 91
 82 92
 145 93
 180 94
 290 95
 465 96
 721 97
 935 98
 1127 99
 1370 100
 1458 101
 1561 102
 1558 103
 1619 104
 1736 105
 1574 106
 1604 107
 1498 108
 1505 109
 1365 110
 1318 111
 1175 112
 1072 113
 1034 114
 993 115
 869 116
 762 117
 743 118
 683 119
 582 120
 551 121
 469 122
 439 123
 414 124
 373 125
 340 126
 288 127
 291 128
 242 129
 216 130
 219 131
 187 132
 160 133
 155 134
 164 135
 134 136
 125 137
 108 138
 106 139
 100 140
 112 141
 97 142
 97 143
 85 144
 70 145
 79 146
 76 147
 65 148
 61 149
 69 150
 56 151
 53 152
 43 153
 60 154
 31 155
 48 156
 40 157
 36 158
 36 159
 34 160
 35 161
 30 162
 21 163
 19 164
 25 165
 16 166
 18 167
 16 168
 20 169
 20 170
 20 171
 20 172
 11 173
 14 174
 18 175
 13 176
 12 177
 8 178
 13 179
 8 180
 10 181
 8 182
 5 183
 5 184
 8 185
 5 186
 2 187
 10 188
 2 189
 4 190
 3 191
 1 192
 3 193
 6 194
 3 195
 1 196
 2 197
 0 198
 1 199
 1 200
 0 201
 4 202
 4 203
 1 204
 2 205
 1 206
 1 207
 1 208
 1 209
 0 210
 0 211
 1 212
 2 213
 0 214
 1 215
 0 216
 0 217
 3 218
 1 219
 0 220
 0 221
 0 222
 1 223
 1 224
 1 225
 0 226
 0 227
 0 228
 0 229
 0 230
 0 231
 0 232
 0 233
 0 234
 0 235
 0 236
 0 237
 0 238
 0 239
 0 240
 0 241
 0 242
 0 243
 0 244
 0 245
 0 246
 0 247
 0 248
 1 249
 0 250
 0 251
 0 252
 0 253
 0 254
 0 255
 0 256
 0 257
 0 258
 0 259
 0 260
 0 261
 0 262
 0 263
 0 264
 0 265
 0 266
 0 267
 0 268
 0 269
 0 270
 0 271
 0 272
 0 273
 0 274
 0 275
 0 276
 0 277
 0 278
 1 279
 0 280
 0 281
 0 282
 0 283
 0 284
 2 285
 0 286
 0 287
 0 288
 0 289
 1 290
 0 291
 0 292
 1 293
 0 294
 3 295
 1 296
 2 297
 0 298
 2 299
 2 300
 4 301
 1 302
 2 303
 0 304
 3 305
 1 306
 0 307
 2 308
 3 309
 3 310
 4 311
 1 312
 3 313
 2 314
 1 315
 1 316
 4 317
 3 318
 3 319
 1 320
 1 321
 0 322
 3 323
 3 324
 3 325
 2 326
 1 327
 2 328
 6 329
 3 330
 3 331
 1 332
 2 333
 3 334
 3 335
 2 336
 3 337
 4 338
 3 339
 0 340
 3 341
 3 342
 1 343
 5 344
 1 345
 1 346
 1 347
 2 348
 4 349
 1 350
 1 351
 4 352
 2 353
 2 354
 1 355
 1 356
 1 357
 2 358
 3 359
 1 360
 0 361
 1 362
 1 363
 1 364
 0 365
 1 366
 1 367
 1 368
 1 369
 1 370
 1 371
 0 372
 1 373
 0 374
 2 375
 0 376
 0 377
 0 378
 1 379
 0 380
 0 381
 1 382
 0 383
 0 384
 0 385
 1 386
 1 387
 0 388
 0 389
 0 390
 0 391
 0 392
 0 393
 0 394
 0 395
 1 396
 0 397
 0 398
 0 399
 0 400
 0 401
 0 402
 0 403
 0 404
 0 405
 0 406
 2 407
 0 408
 1 409
 0 410
 1 411
 0 412
 0 413
 0 414
 0 415
 0 416
 0 417
 0 418
 0 419
 0 420
 0 421
 0 422
 0 423
 0 424
 0 425
 0 426
 0 427
 0 428
 0 429
 0 430
 0 431
 0 432
 0 433
 0 434
 0 435
 0 436
 0 437
 0 438
 0 439
 0 440
 0 441
 0 442
 0 443
 0 444
 0 445
 0 446
 0 447
 0 448
 0 449
 0 450
 0 451
 0 452
 0 453
 0 454
 0 455
 0 456
 0 457
 0 458
 0 459
 0 460
 0 461
 0 462
 0 463
 0 464
 0 465
 0 466
 0 467
 0 468
 0 469
 0 470
 0 471
 0 472
 0 473
 0 474
 0 475
 0 476
 0 477
 0 478
 0 479
 0 480
 0 481
 0 482
 0 483
 0 484
 0 485
 0 486
 0 487
 0 488
 0 489
 0 490
 0 491
 0 492
 0 493
 0 494
 0 495
 0 496
 0 497
 0 498
 0 499
 0 500
 0 501
 0 502
 0 503
 0 504
 0 505
 0 506
 0 507
 0 508
 0 509
 0 510
 0 511
 0 512
 0 513
 0 514
 0 515
 0 516
 0 517
 0 518
 0 519
 0 520
 0 521
 0 522
 0 523
 0 524
 0 525
 0 526
 0 527
 0 528
 0 529
 0 530
 0 531
 0 532
 0 533
 0 534
 0 535
 0 536
 0 537
 0 538
 0 539
 0 540
 0 541
 0 542
 0 543
 0 544
 0 545
 0 546
 0 547
 0 548
 0 549
 0 550
 0 551
 0 552
 0 553
 0 554
 0 555
 0 556
 0 557
 0 558
 0 559
 0 560
 0 561
 0 562
 0 563
 0 564
 0 565
 0 566
 0 567
 0 568
 0 569
 0 570
 0 571
 0 572
 0 573
 0 574
 0 575
 0 576
 0 577
 0 578
 0 579
 0 580
 0 581
 0 582
 0 583
 0 584
 0 585
 0 586
 0 587
 0 588
 0 589
 0 590
 0 591
 0 592
 0 593
 0 594
 0 595
 0 596
 0 597
 0 598
 0 599
 0 600


