# Created by Octave 3.8.2, Mon Jun 22 09:43:20 2020 CEST <damian@fptrucha.inv.usc.es>
# name: hd
# type: matrix
# rows: 551
# columns: 2
 0 50
 0 51
 0 52
 0 53
 0 54
 0 55
 0 56
 0 57
 0 58
 0 59
 0 60
 0 61
 0 62
 0 63
 0 64
 0 65
 0 66
 0 67
 0 68
 0 69
 0 70
 0 71
 0 72
 0 73
 0 74
 0 75
 0 76
 0 77
 0 78
 0 79
 0 80
 0 81
 0 82
 0 83
 0 84
 0 85
 0 86
 0 87
 0 88
 3 89
 2 90
 19 91
 87 92
 122 93
 165 94
 243 95
 387 96
 611 97
 797 98
 1016 99
 1172 100
 1285 101
 1354 102
 1416 103
 1502 104
 1488 105
 1471 106
 1394 107
 1385 108
 1296 109
 1286 110
 1175 111
 1103 112
 1100 113
 964 114
 888 115
 839 116
 786 117
 711 118
 647 119
 614 120
 525 121
 434 122
 424 123
 383 124
 363 125
 296 126
 338 127
 284 128
 240 129
 223 130
 238 131
 212 132
 198 133
 183 134
 164 135
 158 136
 138 137
 162 138
 121 139
 123 140
 105 141
 101 142
 108 143
 97 144
 97 145
 93 146
 76 147
 63 148
 77 149
 67 150
 70 151
 53 152
 61 153
 60 154
 46 155
 40 156
 32 157
 48 158
 44 159
 46 160
 38 161
 36 162
 31 163
 27 164
 39 165
 28 166
 24 167
 20 168
 16 169
 20 170
 13 171
 20 172
 22 173
 15 174
 18 175
 19 176
 21 177
 19 178
 10 179
 12 180
 8 181
 8 182
 7 183
 9 184
 7 185
 5 186
 2 187
 5 188
 6 189
 6 190
 5 191
 6 192
 3 193
 2 194
 5 195
 5 196
 4 197
 4 198
 0 199
 2 200
 3 201
 3 202
 1 203
 3 204
 1 205
 0 206
 1 207
 0 208
 3 209
 1 210
 1 211
 1 212
 2 213
 1 214
 1 215
 1 216
 1 217
 0 218
 1 219
 0 220
 0 221
 1 222
 0 223
 0 224
 0 225
 0 226
 0 227
 0 228
 0 229
 1 230
 0 231
 0 232
 0 233
 1 234
 0 235
 0 236
 1 237
 0 238
 0 239
 0 240
 0 241
 1 242
 0 243
 0 244
 0 245
 0 246
 1 247
 0 248
 0 249
 0 250
 1 251
 0 252
 0 253
 0 254
 0 255
 0 256
 0 257
 0 258
 0 259
 0 260
 0 261
 0 262
 0 263
 0 264
 0 265
 0 266
 0 267
 0 268
 0 269
 0 270
 0 271
 1 272
 0 273
 0 274
 0 275
 0 276
 0 277
 0 278
 1 279
 0 280
 1 281
 0 282
 0 283
 1 284
 0 285
 1 286
 0 287
 0 288
 1 289
 1 290
 0 291
 0 292
 0 293
 4 294
 0 295
 1 296
 1 297
 1 298
 0 299
 3 300
 2 301
 2 302
 4 303
 5 304
 2 305
 3 306
 2 307
 2 308
 1 309
 1 310
 3 311
 4 312
 2 313
 1 314
 6 315
 3 316
 5 317
 0 318
 3 319
 6 320
 4 321
 4 322
 3 323
 3 324
 1 325
 1 326
 1 327
 1 328
 3 329
 4 330
 4 331
 2 332
 1 333
 4 334
 3 335
 0 336
 2 337
 0 338
 3 339
 4 340
 2 341
 0 342
 2 343
 6 344
 3 345
 3 346
 6 347
 4 348
 0 349
 1 350
 1 351
 1 352
 4 353
 1 354
 1 355
 1 356
 0 357
 2 358
 1 359
 1 360
 2 361
 3 362
 0 363
 2 364
 1 365
 2 366
 1 367
 1 368
 2 369
 2 370
 2 371
 0 372
 2 373
 1 374
 1 375
 1 376
 2 377
 0 378
 3 379
 1 380
 0 381
 0 382
 1 383
 0 384
 0 385
 0 386
 1 387
 2 388
 1 389
 0 390
 0 391
 1 392
 1 393
 0 394
 0 395
 0 396
 1 397
 0 398
 0 399
 0 400
 0 401
 0 402
 0 403
 0 404
 0 405
 0 406
 0 407
 0 408
 0 409
 0 410
 0 411
 0 412
 0 413
 0 414
 0 415
 0 416
 0 417
 0 418
 0 419
 0 420
 0 421
 0 422
 0 423
 0 424
 0 425
 0 426
 0 427
 0 428
 0 429
 0 430
 0 431
 0 432
 0 433
 0 434
 0 435
 0 436
 0 437
 0 438
 0 439
 0 440
 0 441
 0 442
 0 443
 0 444
 0 445
 0 446
 0 447
 0 448
 0 449
 0 450
 0 451
 0 452
 0 453
 0 454
 0 455
 0 456
 0 457
 0 458
 0 459
 0 460
 0 461
 0 462
 0 463
 0 464
 0 465
 0 466
 0 467
 0 468
 0 469
 0 470
 0 471
 0 472
 0 473
 0 474
 0 475
 0 476
 0 477
 0 478
 0 479
 0 480
 0 481
 0 482
 0 483
 0 484
 0 485
 0 486
 0 487
 0 488
 0 489
 0 490
 0 491
 0 492
 0 493
 0 494
 0 495
 0 496
 0 497
 0 498
 0 499
 0 500
 0 501
 0 502
 0 503
 0 504
 0 505
 0 506
 0 507
 0 508
 0 509
 0 510
 0 511
 0 512
 0 513
 0 514
 0 515
 0 516
 0 517
 0 518
 0 519
 0 520
 0 521
 0 522
 0 523
 0 524
 0 525
 0 526
 0 527
 0 528
 0 529
 0 530
 0 531
 0 532
 0 533
 0 534
 0 535
 0 536
 0 537
 0 538
 0 539
 0 540
 0 541
 0 542
 0 543
 0 544
 0 545
 0 546
 0 547
 0 548
 0 549
 0 550
 0 551
 0 552
 0 553
 0 554
 0 555
 0 556
 0 557
 0 558
 0 559
 0 560
 0 561
 0 562
 0 563
 0 564
 0 565
 0 566
 0 567
 0 568
 0 569
 0 570
 0 571
 0 572
 0 573
 0 574
 0 575
 0 576
 0 577
 0 578
 0 579
 0 580
 0 581
 0 582
 0 583
 0 584
 0 585
 0 586
 0 587
 0 588
 0 589
 0 590
 0 591
 0 592
 0 593
 0 594
 0 595
 0 596
 0 597
 0 598
 0 599
 0 600


