# Created by Octave 3.8.2, Mon Jun 22 06:42:08 2020 CEST <damian@fptrucha.inv.usc.es>
# name: hd
# type: matrix
# rows: 551
# columns: 2
 0 50
 0 51
 0 52
 0 53
 0 54
 0 55
 0 56
 0 57
 0 58
 0 59
 0 60
 0 61
 0 62
 0 63
 0 64
 0 65
 0 66
 0 67
 0 68
 0 69
 0 70
 0 71
 0 72
 0 73
 0 74
 0 75
 0 76
 0 77
 0 78
 0 79
 0 80
 0 81
 0 82
 0 83
 0 84
 0 85
 0 86
 0 87
 0 88
 3 89
 4 90
 21 91
 74 92
 103 93
 149 94
 237 95
 377 96
 605 97
 747 98
 926 99
 1131 100
 1195 101
 1273 102
 1379 103
 1410 104
 1455 105
 1399 106
 1341 107
 1381 108
 1260 109
 1260 110
 1110 111
 1033 112
 976 113
 871 114
 859 115
 841 116
 748 117
 725 118
 638 119
 558 120
 502 121
 466 122
 448 123
 377 124
 367 125
 312 126
 291 127
 291 128
 247 129
 243 130
 229 131
 172 132
 208 133
 216 134
 175 135
 148 136
 135 137
 136 138
 132 139
 131 140
 98 141
 105 142
 105 143
 74 144
 95 145
 109 146
 71 147
 69 148
 63 149
 72 150
 70 151
 59 152
 45 153
 63 154
 44 155
 43 156
 47 157
 36 158
 43 159
 41 160
 30 161
 32 162
 32 163
 37 164
 30 165
 26 166
 15 167
 20 168
 34 169
 24 170
 15 171
 22 172
 11 173
 12 174
 12 175
 11 176
 10 177
 15 178
 12 179
 14 180
 10 181
 8 182
 7 183
 6 184
 10 185
 9 186
 5 187
 6 188
 8 189
 6 190
 4 191
 4 192
 5 193
 2 194
 2 195
 4 196
 1 197
 0 198
 2 199
 3 200
 1 201
 1 202
 2 203
 2 204
 2 205
 1 206
 6 207
 2 208
 1 209
 1 210
 1 211
 0 212
 1 213
 0 214
 1 215
 3 216
 1 217
 1 218
 0 219
 1 220
 1 221
 0 222
 0 223
 0 224
 3 225
 2 226
 0 227
 0 228
 0 229
 0 230
 0 231
 1 232
 0 233
 0 234
 0 235
 0 236
 0 237
 0 238
 1 239
 0 240
 0 241
 2 242
 0 243
 0 244
 0 245
 1 246
 0 247
 0 248
 0 249
 0 250
 0 251
 0 252
 0 253
 0 254
 0 255
 0 256
 0 257
 0 258
 0 259
 0 260
 0 261
 0 262
 0 263
 0 264
 0 265
 0 266
 0 267
 0 268
 0 269
 0 270
 0 271
 0 272
 0 273
 0 274
 0 275
 0 276
 0 277
 1 278
 0 279
 0 280
 0 281
 0 282
 2 283
 0 284
 0 285
 0 286
 0 287
 1 288
 0 289
 0 290
 2 291
 1 292
 0 293
 0 294
 0 295
 1 296
 1 297
 1 298
 0 299
 4 300
 2 301
 2 302
 4 303
 2 304
 0 305
 6 306
 3 307
 3 308
 4 309
 3 310
 5 311
 3 312
 3 313
 1 314
 4 315
 4 316
 1 317
 3 318
 4 319
 5 320
 3 321
 1 322
 3 323
 3 324
 3 325
 5 326
 5 327
 3 328
 0 329
 4 330
 2 331
 0 332
 4 333
 1 334
 3 335
 1 336
 3 337
 1 338
 4 339
 4 340
 4 341
 6 342
 2 343
 2 344
 1 345
 1 346
 3 347
 5 348
 2 349
 1 350
 1 351
 1 352
 2 353
 2 354
 1 355
 1 356
 1 357
 1 358
 1 359
 1 360
 2 361
 1 362
 3 363
 0 364
 1 365
 2 366
 2 367
 1 368
 2 369
 2 370
 2 371
 0 372
 3 373
 1 374
 1 375
 1 376
 1 377
 1 378
 2 379
 1 380
 0 381
 0 382
 0 383
 0 384
 0 385
 0 386
 0 387
 0 388
 2 389
 0 390
 0 391
 0 392
 0 393
 0 394
 0 395
 0 396
 0 397
 0 398
 0 399
 0 400
 0 401
 0 402
 0 403
 0 404
 0 405
 0 406
 1 407
 0 408
 0 409
 0 410
 0 411
 0 412
 0 413
 0 414
 0 415
 0 416
 0 417
 0 418
 0 419
 0 420
 0 421
 0 422
 0 423
 0 424
 0 425
 0 426
 0 427
 0 428
 0 429
 0 430
 0 431
 0 432
 0 433
 0 434
 0 435
 0 436
 0 437
 0 438
 0 439
 0 440
 0 441
 0 442
 0 443
 0 444
 0 445
 0 446
 0 447
 0 448
 0 449
 0 450
 0 451
 0 452
 0 453
 0 454
 0 455
 0 456
 0 457
 0 458
 0 459
 0 460
 0 461
 0 462
 0 463
 0 464
 0 465
 0 466
 0 467
 0 468
 0 469
 0 470
 0 471
 0 472
 0 473
 0 474
 0 475
 0 476
 0 477
 0 478
 0 479
 0 480
 0 481
 0 482
 0 483
 0 484
 0 485
 0 486
 0 487
 0 488
 0 489
 0 490
 0 491
 0 492
 0 493
 0 494
 0 495
 0 496
 0 497
 0 498
 0 499
 0 500
 0 501
 0 502
 0 503
 0 504
 0 505
 0 506
 0 507
 0 508
 0 509
 0 510
 0 511
 0 512
 0 513
 0 514
 0 515
 0 516
 0 517
 0 518
 0 519
 0 520
 0 521
 0 522
 0 523
 0 524
 0 525
 0 526
 0 527
 0 528
 0 529
 0 530
 0 531
 0 532
 0 533
 0 534
 0 535
 0 536
 0 537
 0 538
 0 539
 0 540
 0 541
 0 542
 0 543
 0 544
 0 545
 0 546
 0 547
 0 548
 0 549
 0 550
 0 551
 0 552
 0 553
 0 554
 0 555
 0 556
 0 557
 0 558
 0 559
 0 560
 0 561
 0 562
 0 563
 0 564
 0 565
 0 566
 0 567
 0 568
 0 569
 0 570
 0 571
 0 572
 0 573
 0 574
 0 575
 0 576
 0 577
 0 578
 0 579
 0 580
 0 581
 0 582
 0 583
 0 584
 0 585
 0 586
 0 587
 0 588
 0 589
 0 590
 0 591
 0 592
 0 593
 0 594
 0 595
 0 596
 0 597
 0 598
 0 599
 0 600


