# Created by Octave 3.8.2, Mon Jun 22 08:42:51 2020 CEST <damian@fptrucha.inv.usc.es>
# name: hd
# type: matrix
# rows: 551
# columns: 2
 0 50
 0 51
 0 52
 0 53
 0 54
 0 55
 0 56
 0 57
 0 58
 0 59
 0 60
 0 61
 0 62
 0 63
 0 64
 0 65
 0 66
 0 67
 0 68
 0 69
 0 70
 0 71
 0 72
 0 73
 0 74
 0 75
 0 76
 0 77
 0 78
 0 79
 0 80
 0 81
 0 82
 0 83
 0 84
 0 85
 0 86
 0 87
 0 88
 4 89
 5 90
 7 91
 66 92
 118 93
 163 94
 239 95
 368 96
 567 97
 793 98
 936 99
 1102 100
 1253 101
 1336 102
 1472 103
 1421 104
 1421 105
 1475 106
 1420 107
 1382 108
 1286 109
 1266 110
 1131 111
 1116 112
 986 113
 971 114
 935 115
 766 116
 757 117
 691 118
 676 119
 579 120
 523 121
 478 122
 447 123
 421 124
 355 125
 362 126
 351 127
 277 128
 255 129
 271 130
 226 131
 235 132
 197 133
 190 134
 167 135
 171 136
 149 137
 138 138
 124 139
 128 140
 121 141
 102 142
 95 143
 102 144
 96 145
 84 146
 63 147
 71 148
 60 149
 66 150
 67 151
 72 152
 64 153
 65 154
 62 155
 47 156
 48 157
 42 158
 43 159
 38 160
 41 161
 37 162
 25 163
 39 164
 27 165
 34 166
 21 167
 24 168
 13 169
 12 170
 16 171
 23 172
 14 173
 5 174
 12 175
 19 176
 13 177
 11 178
 12 179
 9 180
 12 181
 8 182
 14 183
 10 184
 6 185
 6 186
 6 187
 6 188
 8 189
 2 190
 3 191
 3 192
 3 193
 4 194
 1 195
 4 196
 1 197
 2 198
 1 199
 2 200
 5 201
 2 202
 5 203
 2 204
 1 205
 3 206
 3 207
 0 208
 0 209
 2 210
 1 211
 0 212
 2 213
 0 214
 1 215
 0 216
 0 217
 0 218
 1 219
 1 220
 1 221
 0 222
 0 223
 1 224
 0 225
 0 226
 0 227
 1 228
 0 229
 0 230
 0 231
 0 232
 0 233
 0 234
 0 235
 0 236
 0 237
 0 238
 0 239
 0 240
 0 241
 0 242
 0 243
 1 244
 0 245
 0 246
 0 247
 0 248
 0 249
 0 250
 2 251
 0 252
 0 253
 0 254
 0 255
 2 256
 0 257
 0 258
 0 259
 0 260
 0 261
 0 262
 1 263
 0 264
 1 265
 0 266
 0 267
 0 268
 0 269
 0 270
 0 271
 1 272
 1 273
 0 274
 0 275
 0 276
 0 277
 0 278
 1 279
 0 280
 1 281
 0 282
 1 283
 0 284
 0 285
 0 286
 0 287
 0 288
 1 289
 1 290
 1 291
 2 292
 1 293
 1 294
 2 295
 1 296
 1 297
 3 298
 1 299
 0 300
 1 301
 3 302
 1 303
 2 304
 2 305
 1 306
 3 307
 2 308
 4 309
 3 310
 2 311
 3 312
 1 313
 3 314
 4 315
 2 316
 2 317
 2 318
 4 319
 3 320
 5 321
 4 322
 2 323
 4 324
 2 325
 6 326
 2 327
 4 328
 1 329
 3 330
 2 331
 1 332
 4 333
 1 334
 1 335
 5 336
 2 337
 2 338
 3 339
 0 340
 1 341
 2 342
 1 343
 2 344
 1 345
 0 346
 2 347
 3 348
 0 349
 2 350
 0 351
 2 352
 2 353
 3 354
 2 355
 0 356
 2 357
 0 358
 1 359
 1 360
 2 361
 1 362
 6 363
 1 364
 2 365
 4 366
 3 367
 2 368
 2 369
 1 370
 1 371
 0 372
 1 373
 0 374
 1 375
 2 376
 1 377
 0 378
 2 379
 1 380
 0 381
 0 382
 1 383
 0 384
 0 385
 0 386
 0 387
 1 388
 0 389
 0 390
 0 391
 0 392
 0 393
 1 394
 0 395
 0 396
 0 397
 0 398
 1 399
 0 400
 0 401
 0 402
 0 403
 0 404
 0 405
 1 406
 0 407
 0 408
 0 409
 0 410
 0 411
 0 412
 0 413
 0 414
 0 415
 0 416
 0 417
 0 418
 1 419
 0 420
 0 421
 0 422
 0 423
 0 424
 0 425
 0 426
 0 427
 0 428
 0 429
 0 430
 0 431
 0 432
 0 433
 0 434
 0 435
 0 436
 0 437
 0 438
 0 439
 0 440
 0 441
 0 442
 0 443
 0 444
 0 445
 0 446
 0 447
 0 448
 0 449
 0 450
 0 451
 0 452
 0 453
 0 454
 0 455
 0 456
 0 457
 0 458
 0 459
 0 460
 0 461
 0 462
 0 463
 0 464
 0 465
 0 466
 0 467
 0 468
 0 469
 0 470
 0 471
 0 472
 0 473
 0 474
 0 475
 0 476
 0 477
 0 478
 0 479
 0 480
 0 481
 0 482
 0 483
 0 484
 0 485
 0 486
 0 487
 0 488
 0 489
 0 490
 0 491
 0 492
 0 493
 0 494
 0 495
 0 496
 0 497
 0 498
 0 499
 0 500
 0 501
 0 502
 0 503
 0 504
 0 505
 0 506
 0 507
 0 508
 0 509
 0 510
 0 511
 0 512
 0 513
 0 514
 0 515
 0 516
 0 517
 0 518
 0 519
 0 520
 0 521
 0 522
 0 523
 0 524
 0 525
 0 526
 0 527
 0 528
 0 529
 0 530
 0 531
 0 532
 0 533
 0 534
 0 535
 0 536
 0 537
 0 538
 0 539
 0 540
 0 541
 0 542
 0 543
 0 544
 0 545
 0 546
 0 547
 0 548
 0 549
 0 550
 0 551
 0 552
 0 553
 0 554
 0 555
 0 556
 0 557
 0 558
 0 559
 0 560
 0 561
 0 562
 0 563
 0 564
 0 565
 0 566
 0 567
 0 568
 0 569
 0 570
 0 571
 0 572
 0 573
 0 574
 0 575
 0 576
 0 577
 0 578
 0 579
 0 580
 0 581
 0 582
 0 583
 0 584
 0 585
 0 586
 0 587
 0 588
 0 589
 0 590
 0 591
 0 592
 0 593
 0 594
 0 595
 0 596
 0 597
 0 598
 0 599
 0 600


