# Created by Octave 3.8.2, Sat Jun 20 23:03:59 2020 CEST <damian@fptrucha.inv.usc.es>
# name: hd
# type: matrix
# rows: 551
# columns: 2
 0 50
 0 51
 0 52
 0 53
 0 54
 0 55
 0 56
 0 57
 0 58
 0 59
 0 60
 0 61
 0 62
 0 63
 0 64
 0 65
 0 66
 0 67
 0 68
 0 69
 0 70
 0 71
 0 72
 0 73
 0 74
 0 75
 0 76
 0 77
 0 78
 0 79
 0 80
 0 81
 0 82
 0 83
 0 84
 0 85
 0 86
 1 87
 3 88
 0 89
 1 90
 39 91
 88 92
 129 93
 181 94
 289 95
 387 96
 502 97
 675 98
 841 99
 990 100
 1062 101
 1118 102
 1158 103
 1239 104
 1221 105
 1335 106
 1219 107
 1212 108
 1271 109
 1274 110
 1124 111
 1140 112
 1037 113
 973 114
 1002 115
 924 116
 851 117
 816 118
 732 119
 699 120
 680 121
 567 122
 537 123
 537 124
 480 125
 432 126
 416 127
 357 128
 336 129
 328 130
 280 131
 225 132
 242 133
 219 134
 239 135
 202 136
 168 137
 157 138
 166 139
 140 140
 139 141
 121 142
 116 143
 92 144
 91 145
 100 146
 78 147
 70 148
 71 149
 68 150
 67 151
 74 152
 55 153
 58 154
 49 155
 63 156
 55 157
 40 158
 42 159
 39 160
 41 161
 34 162
 29 163
 28 164
 29 165
 23 166
 31 167
 25 168
 15 169
 11 170
 21 171
 12 172
 12 173
 15 174
 15 175
 15 176
 13 177
 12 178
 11 179
 8 180
 7 181
 12 182
 3 183
 5 184
 4 185
 3 186
 4 187
 3 188
 5 189
 4 190
 6 191
 4 192
 0 193
 5 194
 7 195
 4 196
 1 197
 3 198
 0 199
 2 200
 3 201
 0 202
 2 203
 1 204
 3 205
 0 206
 2 207
 0 208
 1 209
 2 210
 2 211
 0 212
 1 213
 1 214
 0 215
 0 216
 1 217
 1 218
 1 219
 1 220
 0 221
 0 222
 0 223
 0 224
 0 225
 0 226
 0 227
 0 228
 1 229
 0 230
 0 231
 0 232
 0 233
 0 234
 0 235
 0 236
 0 237
 0 238
 0 239
 0 240
 0 241
 0 242
 0 243
 0 244
 0 245
 0 246
 0 247
 0 248
 0 249
 0 250
 0 251
 0 252
 0 253
 0 254
 0 255
 0 256
 0 257
 0 258
 0 259
 0 260
 0 261
 0 262
 0 263
 0 264
 0 265
 0 266
 0 267
 0 268
 0 269
 0 270
 0 271
 0 272
 0 273
 0 274
 0 275
 0 276
 0 277
 0 278
 0 279
 1 280
 1 281
 1 282
 0 283
 0 284
 0 285
 0 286
 1 287
 0 288
 0 289
 2 290
 0 291
 0 292
 1 293
 3 294
 1 295
 2 296
 0 297
 1 298
 3 299
 1 300
 4 301
 2 302
 0 303
 2 304
 2 305
 1 306
 1 307
 2 308
 1 309
 1 310
 2 311
 1 312
 1 313
 1 314
 5 315
 2 316
 5 317
 0 318
 2 319
 4 320
 3 321
 0 322
 1 323
 2 324
 0 325
 1 326
 1 327
 2 328
 3 329
 0 330
 3 331
 2 332
 1 333
 2 334
 5 335
 3 336
 3 337
 4 338
 2 339
 2 340
 2 341
 3 342
 2 343
 3 344
 2 345
 0 346
 3 347
 0 348
 0 349
 4 350
 1 351
 1 352
 0 353
 3 354
 3 355
 2 356
 0 357
 2 358
 1 359
 4 360
 4 361
 1 362
 1 363
 1 364
 3 365
 1 366
 2 367
 0 368
 2 369
 1 370
 0 371
 1 372
 1 373
 1 374
 1 375
 2 376
 1 377
 0 378
 1 379
 1 380
 1 381
 2 382
 3 383
 1 384
 0 385
 0 386
 1 387
 2 388
 1 389
 2 390
 0 391
 1 392
 0 393
 0 394
 0 395
 0 396
 0 397
 0 398
 0 399
 0 400
 0 401
 0 402
 0 403
 1 404
 0 405
 0 406
 0 407
 0 408
 0 409
 0 410
 1 411
 0 412
 0 413
 0 414
 0 415
 0 416
 0 417
 0 418
 0 419
 0 420
 0 421
 0 422
 0 423
 0 424
 0 425
 0 426
 0 427
 0 428
 0 429
 0 430
 0 431
 0 432
 0 433
 0 434
 0 435
 0 436
 0 437
 0 438
 0 439
 0 440
 0 441
 0 442
 0 443
 0 444
 0 445
 0 446
 0 447
 0 448
 0 449
 0 450
 0 451
 0 452
 0 453
 0 454
 0 455
 0 456
 0 457
 0 458
 0 459
 0 460
 0 461
 0 462
 0 463
 0 464
 0 465
 0 466
 0 467
 0 468
 0 469
 0 470
 0 471
 0 472
 0 473
 0 474
 0 475
 0 476
 0 477
 0 478
 0 479
 0 480
 0 481
 0 482
 0 483
 0 484
 0 485
 0 486
 0 487
 0 488
 0 489
 0 490
 0 491
 0 492
 0 493
 0 494
 0 495
 0 496
 0 497
 0 498
 0 499
 0 500
 0 501
 0 502
 0 503
 0 504
 0 505
 0 506
 0 507
 0 508
 0 509
 0 510
 0 511
 0 512
 0 513
 0 514
 0 515
 0 516
 0 517
 0 518
 0 519
 0 520
 0 521
 0 522
 0 523
 0 524
 0 525
 0 526
 0 527
 0 528
 0 529
 0 530
 0 531
 0 532
 0 533
 0 534
 0 535
 0 536
 0 537
 0 538
 0 539
 0 540
 0 541
 0 542
 0 543
 0 544
 0 545
 0 546
 0 547
 0 548
 0 549
 0 550
 0 551
 0 552
 0 553
 0 554
 0 555
 0 556
 0 557
 0 558
 0 559
 0 560
 0 561
 0 562
 0 563
 0 564
 0 565
 0 566
 0 567
 0 568
 0 569
 0 570
 0 571
 0 572
 0 573
 0 574
 0 575
 0 576
 0 577
 0 578
 0 579
 0 580
 0 581
 0 582
 0 583
 0 584
 0 585
 0 586
 0 587
 0 588
 0 589
 0 590
 0 591
 0 592
 0 593
 0 594
 0 595
 0 596
 0 597
 0 598
 0 599
 0 600


