# Created by Octave 3.8.2, Mon Jun 22 00:54:53 2020 CEST <damian@fptrucha.inv.usc.es>
# name: hd
# type: matrix
# rows: 551
# columns: 2
 0 50
 0 51
 0 52
 0 53
 0 54
 0 55
 0 56
 0 57
 0 58
 0 59
 0 60
 0 61
 0 62
 0 63
 0 64
 0 65
 0 66
 0 67
 0 68
 0 69
 0 70
 0 71
 0 72
 0 73
 0 74
 0 75
 0 76
 0 77
 0 78
 0 79
 0 80
 0 81
 0 82
 0 83
 0 84
 0 85
 0 86
 1 87
 0 88
 1 89
 9 90
 42 91
 79 92
 137 93
 203 94
 303 95
 449 96
 632 97
 767 98
 904 99
 1004 100
 1130 101
 1283 102
 1269 103
 1313 104
 1366 105
 1391 106
 1391 107
 1409 108
 1276 109
 1187 110
 1279 111
 1248 112
 1125 113
 1057 114
 1028 115
 961 116
 943 117
 866 118
 793 119
 774 120
 593 121
 602 122
 595 123
 514 124
 509 125
 447 126
 414 127
 359 128
 321 129
 310 130
 307 131
 256 132
 229 133
 215 134
 224 135
 162 136
 175 137
 137 138
 147 139
 119 140
 120 141
 122 142
 99 143
 92 144
 82 145
 76 146
 86 147
 94 148
 62 149
 57 150
 58 151
 63 152
 63 153
 59 154
 44 155
 54 156
 46 157
 48 158
 36 159
 30 160
 31 161
 32 162
 27 163
 27 164
 39 165
 11 166
 30 167
 14 168
 22 169
 14 170
 18 171
 14 172
 8 173
 22 174
 10 175
 9 176
 7 177
 7 178
 14 179
 8 180
 12 181
 6 182
 7 183
 8 184
 4 185
 4 186
 8 187
 2 188
 5 189
 8 190
 4 191
 4 192
 6 193
 6 194
 0 195
 3 196
 2 197
 5 198
 3 199
 0 200
 1 201
 0 202
 2 203
 2 204
 0 205
 1 206
 0 207
 1 208
 1 209
 1 210
 1 211
 2 212
 0 213
 2 214
 0 215
 0 216
 0 217
 0 218
 0 219
 0 220
 0 221
 1 222
 0 223
 0 224
 1 225
 1 226
 1 227
 0 228
 1 229
 0 230
 0 231
 0 232
 0 233
 0 234
 0 235
 0 236
 0 237
 0 238
 0 239
 0 240
 0 241
 0 242
 0 243
 0 244
 0 245
 0 246
 0 247
 0 248
 0 249
 0 250
 0 251
 0 252
 0 253
 0 254
 0 255
 0 256
 0 257
 0 258
 0 259
 0 260
 0 261
 0 262
 0 263
 0 264
 0 265
 0 266
 0 267
 0 268
 0 269
 0 270
 0 271
 0 272
 0 273
 0 274
 0 275
 0 276
 0 277
 0 278
 1 279
 0 280
 0 281
 0 282
 0 283
 1 284
 0 285
 0 286
 0 287
 0 288
 0 289
 2 290
 0 291
 0 292
 1 293
 1 294
 0 295
 0 296
 1 297
 0 298
 1 299
 1 300
 0 301
 2 302
 0 303
 0 304
 2 305
 2 306
 1 307
 2 308
 3 309
 0 310
 1 311
 1 312
 6 313
 1 314
 1 315
 2 316
 4 317
 2 318
 0 319
 3 320
 1 321
 4 322
 1 323
 4 324
 4 325
 1 326
 1 327
 3 328
 2 329
 2 330
 2 331
 2 332
 0 333
 2 334
 4 335
 2 336
 3 337
 0 338
 2 339
 2 340
 1 341
 2 342
 4 343
 1 344
 2 345
 2 346
 3 347
 3 348
 0 349
 3 350
 3 351
 1 352
 4 353
 0 354
 2 355
 3 356
 0 357
 2 358
 1 359
 1 360
 1 361
 0 362
 3 363
 1 364
 1 365
 2 366
 0 367
 1 368
 1 369
 1 370
 1 371
 0 372
 1 373
 2 374
 0 375
 0 376
 0 377
 0 378
 4 379
 1 380
 0 381
 2 382
 1 383
 0 384
 0 385
 0 386
 1 387
 0 388
 0 389
 1 390
 0 391
 1 392
 0 393
 0 394
 2 395
 0 396
 0 397
 0 398
 1 399
 1 400
 0 401
 0 402
 0 403
 0 404
 0 405
 0 406
 0 407
 0 408
 0 409
 0 410
 0 411
 0 412
 0 413
 0 414
 0 415
 0 416
 0 417
 0 418
 0 419
 0 420
 0 421
 0 422
 0 423
 0 424
 0 425
 0 426
 0 427
 0 428
 0 429
 0 430
 0 431
 0 432
 0 433
 0 434
 0 435
 0 436
 0 437
 0 438
 0 439
 0 440
 0 441
 0 442
 0 443
 0 444
 0 445
 0 446
 0 447
 0 448
 0 449
 0 450
 0 451
 0 452
 0 453
 0 454
 0 455
 0 456
 0 457
 0 458
 0 459
 0 460
 0 461
 0 462
 0 463
 0 464
 0 465
 0 466
 0 467
 0 468
 0 469
 0 470
 0 471
 0 472
 0 473
 0 474
 0 475
 0 476
 0 477
 0 478
 0 479
 0 480
 0 481
 0 482
 0 483
 0 484
 0 485
 0 486
 0 487
 0 488
 0 489
 0 490
 0 491
 0 492
 0 493
 0 494
 0 495
 0 496
 0 497
 0 498
 0 499
 0 500
 0 501
 0 502
 0 503
 0 504
 0 505
 0 506
 0 507
 0 508
 0 509
 0 510
 0 511
 0 512
 0 513
 0 514
 0 515
 0 516
 0 517
 0 518
 0 519
 0 520
 0 521
 0 522
 0 523
 0 524
 0 525
 0 526
 0 527
 0 528
 0 529
 0 530
 0 531
 0 532
 0 533
 0 534
 0 535
 0 536
 0 537
 0 538
 0 539
 0 540
 0 541
 0 542
 0 543
 0 544
 0 545
 0 546
 0 547
 0 548
 0 549
 0 550
 0 551
 0 552
 0 553
 0 554
 0 555
 0 556
 0 557
 0 558
 0 559
 0 560
 0 561
 0 562
 0 563
 0 564
 0 565
 0 566
 0 567
 0 568
 0 569
 0 570
 0 571
 0 572
 0 573
 0 574
 0 575
 0 576
 0 577
 0 578
 0 579
 0 580
 0 581
 0 582
 0 583
 0 584
 0 585
 0 586
 0 587
 0 588
 0 589
 0 590
 0 591
 0 592
 0 593
 0 594
 0 595
 0 596
 0 597
 0 598
 0 599
 0 600


