# Created by Octave 3.8.2, Mon Jun 22 06:50:09 2020 CEST <damian@fptrucha.inv.usc.es>
# name: hd
# type: matrix
# rows: 551
# columns: 2
 0 50
 0 51
 0 52
 0 53
 0 54
 0 55
 0 56
 0 57
 0 58
 0 59
 0 60
 0 61
 0 62
 0 63
 0 64
 0 65
 0 66
 0 67
 0 68
 0 69
 0 70
 0 71
 0 72
 0 73
 0 74
 0 75
 0 76
 0 77
 0 78
 0 79
 0 80
 0 81
 0 82
 0 83
 0 84
 0 85
 0 86
 0 87
 1 88
 0 89
 4 90
 12 91
 66 92
 139 93
 165 94
 206 95
 384 96
 554 97
 805 98
 919 99
 1077 100
 1273 101
 1300 102
 1350 103
 1384 104
 1414 105
 1371 106
 1414 107
 1380 108
 1245 109
 1221 110
 1191 111
 1149 112
 1013 113
 917 114
 881 115
 804 116
 681 117
 667 118
 599 119
 537 120
 491 121
 442 122
 427 123
 374 124
 355 125
 335 126
 306 127
 276 128
 250 129
 240 130
 196 131
 213 132
 191 133
 161 134
 168 135
 158 136
 156 137
 147 138
 118 139
 128 140
 111 141
 108 142
 108 143
 81 144
 87 145
 74 146
 98 147
 71 148
 55 149
 54 150
 71 151
 62 152
 49 153
 65 154
 59 155
 55 156
 40 157
 43 158
 46 159
 38 160
 38 161
 29 162
 37 163
 25 164
 35 165
 26 166
 23 167
 19 168
 18 169
 17 170
 24 171
 18 172
 14 173
 17 174
 15 175
 20 176
 18 177
 13 178
 10 179
 9 180
 12 181
 10 182
 15 183
 10 184
 5 185
 7 186
 9 187
 10 188
 4 189
 6 190
 4 191
 2 192
 7 193
 6 194
 4 195
 3 196
 1 197
 2 198
 3 199
 1 200
 2 201
 4 202
 1 203
 1 204
 2 205
 0 206
 0 207
 4 208
 3 209
 1 210
 0 211
 1 212
 0 213
 0 214
 1 215
 1 216
 2 217
 0 218
 0 219
 0 220
 0 221
 0 222
 0 223
 0 224
 0 225
 0 226
 0 227
 0 228
 0 229
 0 230
 0 231
 1 232
 1 233
 0 234
 0 235
 0 236
 0 237
 0 238
 0 239
 0 240
 1 241
 0 242
 0 243
 0 244
 0 245
 0 246
 0 247
 0 248
 0 249
 0 250
 0 251
 0 252
 0 253
 0 254
 0 255
 0 256
 0 257
 0 258
 0 259
 0 260
 0 261
 0 262
 0 263
 0 264
 0 265
 0 266
 0 267
 0 268
 0 269
 0 270
 0 271
 0 272
 0 273
 0 274
 0 275
 0 276
 0 277
 0 278
 0 279
 0 280
 2 281
 2 282
 1 283
 0 284
 0 285
 0 286
 0 287
 1 288
 1 289
 2 290
 1 291
 2 292
 0 293
 0 294
 2 295
 0 296
 1 297
 3 298
 1 299
 2 300
 2 301
 2 302
 3 303
 1 304
 2 305
 5 306
 3 307
 2 308
 1 309
 2 310
 2 311
 1 312
 1 313
 4 314
 2 315
 3 316
 6 317
 3 318
 0 319
 5 320
 6 321
 8 322
 3 323
 3 324
 3 325
 6 326
 1 327
 3 328
 3 329
 1 330
 0 331
 2 332
 4 333
 1 334
 3 335
 5 336
 4 337
 1 338
 4 339
 3 340
 4 341
 2 342
 3 343
 4 344
 2 345
 4 346
 1 347
 2 348
 2 349
 0 350
 0 351
 4 352
 5 353
 1 354
 2 355
 1 356
 1 357
 3 358
 4 359
 0 360
 1 361
 0 362
 1 363
 3 364
 4 365
 1 366
 1 367
 2 368
 0 369
 2 370
 0 371
 0 372
 1 373
 0 374
 2 375
 1 376
 0 377
 1 378
 0 379
 0 380
 0 381
 0 382
 1 383
 1 384
 0 385
 0 386
 0 387
 1 388
 0 389
 0 390
 1 391
 1 392
 0 393
 0 394
 1 395
 1 396
 0 397
 0 398
 0 399
 0 400
 0 401
 0 402
 0 403
 0 404
 0 405
 0 406
 0 407
 0 408
 0 409
 0 410
 1 411
 0 412
 0 413
 0 414
 0 415
 0 416
 0 417
 0 418
 0 419
 0 420
 0 421
 0 422
 0 423
 0 424
 0 425
 0 426
 0 427
 0 428
 0 429
 0 430
 0 431
 0 432
 0 433
 0 434
 0 435
 0 436
 0 437
 0 438
 0 439
 0 440
 0 441
 0 442
 0 443
 0 444
 0 445
 0 446
 0 447
 0 448
 0 449
 0 450
 0 451
 0 452
 0 453
 0 454
 0 455
 0 456
 0 457
 0 458
 0 459
 0 460
 0 461
 0 462
 0 463
 0 464
 0 465
 0 466
 0 467
 0 468
 0 469
 0 470
 0 471
 0 472
 0 473
 0 474
 0 475
 0 476
 0 477
 0 478
 0 479
 0 480
 0 481
 0 482
 0 483
 0 484
 0 485
 0 486
 0 487
 0 488
 0 489
 0 490
 0 491
 0 492
 0 493
 0 494
 0 495
 0 496
 0 497
 0 498
 0 499
 0 500
 0 501
 0 502
 0 503
 0 504
 0 505
 0 506
 0 507
 0 508
 0 509
 0 510
 0 511
 0 512
 0 513
 0 514
 0 515
 0 516
 0 517
 0 518
 0 519
 0 520
 0 521
 0 522
 0 523
 0 524
 0 525
 0 526
 0 527
 0 528
 0 529
 0 530
 0 531
 0 532
 0 533
 0 534
 0 535
 0 536
 0 537
 0 538
 0 539
 0 540
 0 541
 0 542
 0 543
 0 544
 0 545
 0 546
 0 547
 0 548
 0 549
 0 550
 0 551
 0 552
 0 553
 0 554
 0 555
 0 556
 0 557
 0 558
 0 559
 0 560
 0 561
 0 562
 0 563
 0 564
 0 565
 0 566
 0 567
 0 568
 0 569
 0 570
 0 571
 0 572
 0 573
 0 574
 0 575
 0 576
 0 577
 0 578
 0 579
 0 580
 0 581
 0 582
 0 583
 0 584
 0 585
 0 586
 0 587
 0 588
 0 589
 0 590
 0 591
 0 592
 0 593
 0 594
 0 595
 0 596
 0 597
 0 598
 0 599
 0 600


