# Created by Octave 3.8.2, Sun Jun 21 00:21:20 2020 CEST <damian@fptrucha.inv.usc.es>
# name: hd
# type: matrix
# rows: 551
# columns: 2
 0 50
 0 51
 0 52
 0 53
 0 54
 0 55
 0 56
 0 57
 0 58
 0 59
 0 60
 0 61
 0 62
 0 63
 0 64
 0 65
 0 66
 0 67
 0 68
 0 69
 0 70
 0 71
 0 72
 0 73
 0 74
 0 75
 0 76
 0 77
 0 78
 0 79
 0 80
 0 81
 0 82
 0 83
 0 84
 0 85
 0 86
 0 87
 0 88
 0 89
 3 90
 29 91
 80 92
 105 93
 130 94
 271 95
 434 96
 572 97
 701 98
 800 99
 960 100
 1008 101
 1132 102
 1171 103
 1245 104
 1266 105
 1244 106
 1201 107
 1314 108
 1227 109
 1210 110
 1196 111
 1065 112
 1107 113
 1049 114
 955 115
 958 116
 833 117
 812 118
 746 119
 713 120
 686 121
 571 122
 556 123
 492 124
 507 125
 448 126
 390 127
 356 128
 330 129
 323 130
 275 131
 234 132
 251 133
 219 134
 212 135
 182 136
 164 137
 152 138
 150 139
 122 140
 123 141
 119 142
 101 143
 107 144
 117 145
 79 146
 91 147
 88 148
 69 149
 83 150
 70 151
 64 152
 61 153
 48 154
 53 155
 52 156
 48 157
 44 158
 46 159
 40 160
 37 161
 47 162
 31 163
 36 164
 19 165
 28 166
 19 167
 15 168
 21 169
 16 170
 18 171
 23 172
 16 173
 13 174
 7 175
 8 176
 11 177
 7 178
 7 179
 6 180
 6 181
 8 182
 4 183
 7 184
 7 185
 3 186
 7 187
 4 188
 3 189
 3 190
 6 191
 3 192
 1 193
 7 194
 3 195
 4 196
 1 197
 5 198
 1 199
 6 200
 3 201
 1 202
 3 203
 0 204
 1 205
 1 206
 3 207
 0 208
 0 209
 1 210
 0 211
 0 212
 1 213
 0 214
 1 215
 0 216
 0 217
 1 218
 1 219
 3 220
 1 221
 0 222
 1 223
 0 224
 0 225
 1 226
 0 227
 0 228
 0 229
 0 230
 0 231
 0 232
 0 233
 0 234
 2 235
 0 236
 0 237
 0 238
 1 239
 0 240
 0 241
 0 242
 0 243
 0 244
 0 245
 0 246
 0 247
 0 248
 0 249
 1 250
 0 251
 0 252
 0 253
 0 254
 0 255
 0 256
 0 257
 0 258
 0 259
 0 260
 0 261
 0 262
 0 263
 0 264
 0 265
 0 266
 0 267
 0 268
 0 269
 1 270
 0 271
 0 272
 0 273
 0 274
 0 275
 0 276
 0 277
 0 278
 0 279
 0 280
 0 281
 0 282
 1 283
 1 284
 0 285
 0 286
 1 287
 0 288
 0 289
 0 290
 0 291
 0 292
 2 293
 1 294
 1 295
 2 296
 1 297
 1 298
 1 299
 1 300
 2 301
 1 302
 1 303
 1 304
 3 305
 3 306
 2 307
 3 308
 2 309
 2 310
 2 311
 3 312
 3 313
 2 314
 1 315
 3 316
 2 317
 1 318
 1 319
 1 320
 1 321
 4 322
 1 323
 2 324
 2 325
 2 326
 3 327
 1 328
 3 329
 2 330
 1 331
 3 332
 1 333
 3 334
 1 335
 3 336
 4 337
 2 338
 2 339
 3 340
 0 341
 1 342
 3 343
 3 344
 1 345
 4 346
 6 347
 0 348
 3 349
 3 350
 2 351
 0 352
 2 353
 3 354
 1 355
 2 356
 3 357
 3 358
 1 359
 1 360
 1 361
 1 362
 4 363
 2 364
 0 365
 3 366
 1 367
 4 368
 1 369
 1 370
 0 371
 1 372
 1 373
 3 374
 1 375
 1 376
 0 377
 1 378
 0 379
 2 380
 0 381
 2 382
 0 383
 0 384
 0 385
 1 386
 1 387
 2 388
 0 389
 1 390
 0 391
 1 392
 0 393
 0 394
 0 395
 1 396
 0 397
 0 398
 1 399
 0 400
 1 401
 0 402
 0 403
 0 404
 0 405
 0 406
 0 407
 0 408
 1 409
 0 410
 0 411
 0 412
 0 413
 0 414
 0 415
 0 416
 0 417
 0 418
 1 419
 0 420
 0 421
 0 422
 0 423
 0 424
 0 425
 0 426
 0 427
 0 428
 0 429
 0 430
 0 431
 0 432
 0 433
 0 434
 0 435
 0 436
 0 437
 0 438
 0 439
 0 440
 0 441
 0 442
 0 443
 0 444
 0 445
 0 446
 0 447
 0 448
 0 449
 0 450
 0 451
 0 452
 0 453
 0 454
 0 455
 0 456
 0 457
 0 458
 0 459
 0 460
 0 461
 0 462
 0 463
 0 464
 0 465
 0 466
 0 467
 0 468
 0 469
 0 470
 0 471
 0 472
 0 473
 0 474
 0 475
 0 476
 0 477
 0 478
 0 479
 0 480
 0 481
 0 482
 0 483
 0 484
 0 485
 0 486
 0 487
 0 488
 0 489
 0 490
 0 491
 0 492
 0 493
 0 494
 0 495
 0 496
 0 497
 0 498
 0 499
 0 500
 0 501
 0 502
 0 503
 0 504
 0 505
 0 506
 0 507
 0 508
 0 509
 0 510
 0 511
 0 512
 0 513
 0 514
 0 515
 0 516
 0 517
 0 518
 0 519
 0 520
 0 521
 0 522
 0 523
 0 524
 0 525
 0 526
 0 527
 0 528
 0 529
 0 530
 0 531
 0 532
 0 533
 0 534
 0 535
 0 536
 0 537
 0 538
 0 539
 0 540
 0 541
 0 542
 0 543
 0 544
 0 545
 0 546
 0 547
 0 548
 0 549
 0 550
 0 551
 0 552
 0 553
 0 554
 0 555
 0 556
 0 557
 0 558
 0 559
 0 560
 0 561
 0 562
 0 563
 0 564
 0 565
 0 566
 0 567
 0 568
 0 569
 0 570
 0 571
 0 572
 0 573
 0 574
 0 575
 0 576
 0 577
 0 578
 0 579
 0 580
 0 581
 0 582
 0 583
 0 584
 0 585
 0 586
 0 587
 0 588
 0 589
 0 590
 0 591
 0 592
 0 593
 0 594
 0 595
 0 596
 0 597
 0 598
 0 599
 0 600


