# Created by Octave 3.8.2, Mon Jun 22 07:24:22 2020 CEST <damian@fptrucha.inv.usc.es>
# name: hd
# type: matrix
# rows: 551
# columns: 2
 0 50
 0 51
 0 52
 0 53
 0 54
 0 55
 0 56
 0 57
 0 58
 0 59
 0 60
 0 61
 0 62
 0 63
 0 64
 0 65
 0 66
 0 67
 0 68
 0 69
 0 70
 0 71
 0 72
 0 73
 0 74
 0 75
 0 76
 0 77
 0 78
 0 79
 0 80
 0 81
 0 82
 0 83
 0 84
 0 85
 0 86
 0 87
 1 88
 2 89
 4 90
 12 91
 70 92
 117 93
 162 94
 239 95
 342 96
 613 97
 764 98
 990 99
 1119 100
 1272 101
 1400 102
 1392 103
 1388 104
 1460 105
 1399 106
 1460 107
 1369 108
 1333 109
 1233 110
 1164 111
 1112 112
 969 113
 930 114
 843 115
 779 116
 764 117
 699 118
 612 119
 522 120
 508 121
 486 122
 445 123
 435 124
 397 125
 305 126
 312 127
 247 128
 231 129
 238 130
 226 131
 232 132
 168 133
 180 134
 156 135
 130 136
 149 137
 124 138
 115 139
 114 140
 120 141
 99 142
 88 143
 102 144
 90 145
 88 146
 67 147
 85 148
 78 149
 66 150
 62 151
 47 152
 54 153
 51 154
 47 155
 43 156
 43 157
 36 158
 37 159
 29 160
 31 161
 37 162
 31 163
 32 164
 21 165
 26 166
 24 167
 25 168
 25 169
 18 170
 17 171
 15 172
 19 173
 16 174
 15 175
 15 176
 13 177
 4 178
 15 179
 14 180
 5 181
 11 182
 6 183
 9 184
 7 185
 7 186
 6 187
 9 188
 6 189
 6 190
 3 191
 4 192
 2 193
 3 194
 4 195
 3 196
 1 197
 6 198
 2 199
 2 200
 1 201
 2 202
 0 203
 1 204
 1 205
 5 206
 4 207
 0 208
 3 209
 2 210
 0 211
 4 212
 4 213
 1 214
 3 215
 0 216
 1 217
 0 218
 0 219
 0 220
 0 221
 0 222
 1 223
 0 224
 1 225
 0 226
 0 227
 0 228
 0 229
 2 230
 0 231
 0 232
 0 233
 0 234
 0 235
 0 236
 0 237
 0 238
 0 239
 2 240
 0 241
 0 242
 0 243
 0 244
 0 245
 0 246
 0 247
 0 248
 0 249
 0 250
 0 251
 0 252
 0 253
 0 254
 0 255
 0 256
 0 257
 0 258
 0 259
 0 260
 0 261
 0 262
 0 263
 0 264
 0 265
 0 266
 0 267
 1 268
 0 269
 0 270
 0 271
 0 272
 0 273
 0 274
 0 275
 0 276
 0 277
 1 278
 0 279
 0 280
 0 281
 1 282
 1 283
 1 284
 1 285
 0 286
 0 287
 1 288
 1 289
 1 290
 0 291
 0 292
 2 293
 3 294
 3 295
 0 296
 2 297
 0 298
 1 299
 1 300
 2 301
 1 302
 0 303
 3 304
 1 305
 3 306
 2 307
 0 308
 2 309
 2 310
 1 311
 1 312
 3 313
 0 314
 6 315
 1 316
 4 317
 6 318
 1 319
 4 320
 2 321
 4 322
 3 323
 1 324
 1 325
 5 326
 1 327
 1 328
 3 329
 3 330
 1 331
 5 332
 3 333
 2 334
 2 335
 3 336
 3 337
 3 338
 1 339
 4 340
 0 341
 4 342
 0 343
 3 344
 2 345
 1 346
 2 347
 0 348
 1 349
 3 350
 2 351
 3 352
 1 353
 2 354
 3 355
 3 356
 0 357
 0 358
 1 359
 3 360
 1 361
 1 362
 1 363
 2 364
 0 365
 1 366
 2 367
 1 368
 1 369
 2 370
 0 371
 1 372
 3 373
 1 374
 0 375
 1 376
 1 377
 1 378
 1 379
 0 380
 0 381
 2 382
 1 383
 1 384
 0 385
 0 386
 0 387
 0 388
 0 389
 0 390
 0 391
 0 392
 0 393
 0 394
 0 395
 1 396
 0 397
 0 398
 0 399
 0 400
 0 401
 1 402
 0 403
 0 404
 0 405
 0 406
 0 407
 0 408
 1 409
 0 410
 0 411
 0 412
 0 413
 0 414
 0 415
 0 416
 0 417
 0 418
 0 419
 0 420
 0 421
 0 422
 0 423
 0 424
 0 425
 0 426
 0 427
 0 428
 0 429
 0 430
 0 431
 0 432
 0 433
 0 434
 0 435
 0 436
 0 437
 0 438
 0 439
 0 440
 0 441
 0 442
 0 443
 0 444
 0 445
 0 446
 0 447
 0 448
 0 449
 0 450
 0 451
 0 452
 0 453
 0 454
 0 455
 0 456
 0 457
 0 458
 0 459
 0 460
 0 461
 0 462
 0 463
 0 464
 0 465
 0 466
 0 467
 0 468
 0 469
 0 470
 0 471
 0 472
 0 473
 0 474
 0 475
 0 476
 0 477
 0 478
 0 479
 0 480
 0 481
 0 482
 0 483
 0 484
 0 485
 0 486
 0 487
 0 488
 0 489
 0 490
 0 491
 0 492
 0 493
 0 494
 0 495
 0 496
 0 497
 0 498
 0 499
 0 500
 0 501
 0 502
 0 503
 0 504
 0 505
 0 506
 0 507
 0 508
 0 509
 0 510
 0 511
 0 512
 0 513
 0 514
 0 515
 0 516
 0 517
 0 518
 0 519
 0 520
 0 521
 0 522
 0 523
 0 524
 0 525
 0 526
 0 527
 0 528
 0 529
 0 530
 0 531
 0 532
 0 533
 0 534
 0 535
 0 536
 0 537
 0 538
 0 539
 0 540
 0 541
 0 542
 0 543
 0 544
 0 545
 0 546
 0 547
 0 548
 0 549
 0 550
 0 551
 0 552
 0 553
 0 554
 0 555
 0 556
 0 557
 0 558
 0 559
 0 560
 0 561
 0 562
 0 563
 0 564
 0 565
 0 566
 0 567
 0 568
 0 569
 0 570
 0 571
 0 572
 0 573
 0 574
 0 575
 0 576
 0 577
 0 578
 0 579
 0 580
 0 581
 0 582
 0 583
 0 584
 0 585
 0 586
 0 587
 0 588
 0 589
 0 590
 0 591
 0 592
 0 593
 0 594
 0 595
 0 596
 0 597
 0 598
 0 599
 0 600


