# Created by Octave 3.8.2, Sat Jun 20 19:16:37 2020 CEST <damian@fptrucha.inv.usc.es>
# name: hd
# type: matrix
# rows: 551
# columns: 2
 0 50
 0 51
 0 52
 0 53
 0 54
 0 55
 0 56
 0 57
 0 58
 0 59
 0 60
 0 61
 0 62
 0 63
 0 64
 0 65
 0 66
 0 67
 0 68
 0 69
 0 70
 0 71
 0 72
 0 73
 0 74
 0 75
 0 76
 0 77
 0 78
 0 79
 0 80
 0 81
 0 82
 0 83
 0 84
 0 85
 0 86
 0 87
 6 88
 1 89
 0 90
 27 91
 76 92
 122 93
 180 94
 284 95
 434 96
 547 97
 703 98
 805 99
 994 100
 1090 101
 1130 102
 1220 103
 1207 104
 1352 105
 1353 106
 1348 107
 1223 108
 1264 109
 1287 110
 1168 111
 1125 112
 1045 113
 1066 114
 1073 115
 945 116
 875 117
 821 118
 780 119
 701 120
 647 121
 651 122
 545 123
 496 124
 480 125
 416 126
 413 127
 355 128
 346 129
 294 130
 273 131
 281 132
 252 133
 225 134
 205 135
 198 136
 175 137
 152 138
 138 139
 159 140
 141 141
 123 142
 107 143
 120 144
 99 145
 98 146
 92 147
 84 148
 78 149
 66 150
 80 151
 64 152
 67 153
 62 154
 49 155
 52 156
 48 157
 57 158
 30 159
 37 160
 32 161
 35 162
 31 163
 28 164
 18 165
 22 166
 19 167
 23 168
 22 169
 27 170
 17 171
 17 172
 16 173
 17 174
 16 175
 13 176
 8 177
 9 178
 12 179
 12 180
 7 181
 7 182
 11 183
 6 184
 2 185
 10 186
 5 187
 3 188
 2 189
 3 190
 3 191
 4 192
 5 193
 5 194
 0 195
 1 196
 3 197
 1 198
 1 199
 1 200
 2 201
 1 202
 0 203
 3 204
 1 205
 2 206
 1 207
 0 208
 1 209
 0 210
 1 211
 1 212
 2 213
 0 214
 0 215
 1 216
 0 217
 0 218
 1 219
 1 220
 2 221
 0 222
 0 223
 0 224
 0 225
 1 226
 0 227
 0 228
 1 229
 0 230
 0 231
 0 232
 0 233
 0 234
 0 235
 0 236
 0 237
 0 238
 0 239
 0 240
 0 241
 0 242
 1 243
 0 244
 0 245
 0 246
 0 247
 0 248
 0 249
 0 250
 0 251
 0 252
 0 253
 0 254
 0 255
 0 256
 0 257
 0 258
 0 259
 0 260
 0 261
 0 262
 0 263
 0 264
 0 265
 0 266
 1 267
 0 268
 0 269
 0 270
 0 271
 1 272
 0 273
 0 274
 0 275
 0 276
 0 277
 0 278
 0 279
 0 280
 0 281
 1 282
 0 283
 0 284
 0 285
 0 286
 0 287
 1 288
 0 289
 0 290
 0 291
 1 292
 2 293
 1 294
 1 295
 1 296
 2 297
 1 298
 1 299
 2 300
 1 301
 1 302
 1 303
 2 304
 1 305
 0 306
 1 307
 4 308
 3 309
 3 310
 2 311
 0 312
 2 313
 1 314
 3 315
 3 316
 2 317
 3 318
 2 319
 4 320
 0 321
 3 322
 5 323
 3 324
 1 325
 4 326
 4 327
 6 328
 3 329
 3 330
 3 331
 2 332
 2 333
 2 334
 1 335
 2 336
 2 337
 6 338
 0 339
 3 340
 1 341
 1 342
 2 343
 3 344
 0 345
 1 346
 0 347
 1 348
 1 349
 3 350
 1 351
 1 352
 1 353
 1 354
 3 355
 1 356
 2 357
 1 358
 4 359
 4 360
 0 361
 0 362
 2 363
 1 364
 0 365
 1 366
 0 367
 0 368
 0 369
 1 370
 0 371
 0 372
 1 373
 1 374
 1 375
 0 376
 0 377
 0 378
 0 379
 1 380
 0 381
 2 382
 0 383
 1 384
 0 385
 0 386
 0 387
 0 388
 2 389
 0 390
 0 391
 0 392
 0 393
 1 394
 0 395
 0 396
 0 397
 0 398
 0 399
 0 400
 1 401
 0 402
 0 403
 0 404
 0 405
 0 406
 0 407
 0 408
 0 409
 0 410
 0 411
 1 412
 1 413
 0 414
 1 415
 0 416
 0 417
 0 418
 0 419
 0 420
 0 421
 0 422
 0 423
 0 424
 0 425
 0 426
 0 427
 0 428
 0 429
 0 430
 0 431
 0 432
 0 433
 0 434
 0 435
 0 436
 0 437
 0 438
 0 439
 0 440
 0 441
 0 442
 0 443
 0 444
 0 445
 0 446
 0 447
 0 448
 0 449
 0 450
 0 451
 0 452
 0 453
 0 454
 0 455
 0 456
 0 457
 0 458
 0 459
 0 460
 0 461
 0 462
 0 463
 0 464
 0 465
 0 466
 0 467
 0 468
 0 469
 0 470
 0 471
 0 472
 0 473
 0 474
 0 475
 0 476
 0 477
 0 478
 0 479
 0 480
 0 481
 0 482
 0 483
 0 484
 0 485
 0 486
 0 487
 0 488
 0 489
 0 490
 0 491
 0 492
 0 493
 0 494
 0 495
 0 496
 0 497
 0 498
 0 499
 0 500
 0 501
 0 502
 0 503
 0 504
 0 505
 0 506
 0 507
 0 508
 0 509
 0 510
 0 511
 0 512
 0 513
 0 514
 0 515
 0 516
 0 517
 0 518
 0 519
 0 520
 0 521
 0 522
 0 523
 0 524
 0 525
 0 526
 0 527
 0 528
 0 529
 0 530
 0 531
 0 532
 0 533
 0 534
 0 535
 0 536
 0 537
 0 538
 0 539
 0 540
 0 541
 0 542
 0 543
 0 544
 0 545
 0 546
 0 547
 0 548
 0 549
 0 550
 0 551
 0 552
 0 553
 0 554
 0 555
 0 556
 0 557
 0 558
 0 559
 0 560
 0 561
 0 562
 0 563
 0 564
 0 565
 0 566
 0 567
 0 568
 0 569
 0 570
 0 571
 0 572
 0 573
 0 574
 0 575
 0 576
 0 577
 0 578
 0 579
 0 580
 0 581
 0 582
 0 583
 0 584
 0 585
 0 586
 0 587
 0 588
 0 589
 0 590
 0 591
 0 592
 0 593
 0 594
 0 595
 0 596
 0 597
 0 598
 0 599
 0 600


