# Created by Octave 3.8.2, Mon Jun 22 19:21:13 2020 CEST <damian@fptrucha.inv.usc.es>
# name: hd
# type: matrix
# rows: 551
# columns: 2
 0 50
 0 51
 0 52
 0 53
 0 54
 0 55
 0 56
 0 57
 0 58
 0 59
 0 60
 0 61
 0 62
 0 63
 0 64
 0 65
 0 66
 0 67
 0 68
 0 69
 0 70
 0 71
 0 72
 0 73
 0 74
 0 75
 0 76
 0 77
 0 78
 0 79
 0 80
 0 81
 0 82
 0 83
 0 84
 0 85
 0 86
 0 87
 0 88
 1 89
 3 90
 17 91
 102 92
 128 93
 189 94
 276 95
 435 96
 622 97
 845 98
 1104 99
 1221 100
 1285 101
 1508 102
 1472 103
 1480 104
 1627 105
 1559 106
 1502 107
 1527 108
 1376 109
 1355 110
 1234 111
 1250 112
 1103 113
 990 114
 963 115
 852 116
 825 117
 731 118
 678 119
 609 120
 579 121
 514 122
 433 123
 459 124
 394 125
 367 126
 345 127
 329 128
 267 129
 282 130
 254 131
 195 132
 199 133
 196 134
 175 135
 153 136
 160 137
 157 138
 121 139
 131 140
 132 141
 96 142
 94 143
 125 144
 88 145
 80 146
 77 147
 65 148
 61 149
 66 150
 70 151
 73 152
 50 153
 60 154
 49 155
 51 156
 37 157
 48 158
 49 159
 52 160
 38 161
 30 162
 35 163
 32 164
 25 165
 23 166
 21 167
 22 168
 25 169
 23 170
 15 171
 12 172
 16 173
 21 174
 15 175
 20 176
 15 177
 7 178
 7 179
 6 180
 12 181
 12 182
 17 183
 5 184
 9 185
 5 186
 10 187
 7 188
 7 189
 5 190
 4 191
 5 192
 5 193
 1 194
 3 195
 7 196
 1 197
 2 198
 2 199
 3 200
 1 201
 1 202
 4 203
 3 204
 0 205
 3 206
 1 207
 0 208
 2 209
 3 210
 1 211
 1 212
 0 213
 0 214
 1 215
 0 216
 0 217
 2 218
 0 219
 0 220
 0 221
 0 222
 0 223
 0 224
 0 225
 0 226
 0 227
 0 228
 2 229
 1 230
 0 231
 0 232
 0 233
 1 234
 0 235
 0 236
 0 237
 0 238
 0 239
 0 240
 0 241
 0 242
 0 243
 0 244
 0 245
 0 246
 0 247
 0 248
 0 249
 0 250
 0 251
 0 252
 0 253
 0 254
 0 255
 0 256
 0 257
 0 258
 0 259
 0 260
 0 261
 0 262
 0 263
 0 264
 0 265
 0 266
 0 267
 0 268
 0 269
 1 270
 0 271
 1 272
 0 273
 0 274
 0 275
 2 276
 0 277
 0 278
 0 279
 0 280
 0 281
 0 282
 2 283
 0 284
 0 285
 1 286
 1 287
 1 288
 2 289
 2 290
 0 291
 2 292
 1 293
 1 294
 1 295
 1 296
 1 297
 3 298
 0 299
 3 300
 0 301
 0 302
 0 303
 3 304
 3 305
 2 306
 3 307
 1 308
 4 309
 2 310
 0 311
 0 312
 4 313
 5 314
 3 315
 3 316
 4 317
 4 318
 3 319
 3 320
 2 321
 3 322
 3 323
 4 324
 2 325
 3 326
 2 327
 2 328
 11 329
 3 330
 2 331
 2 332
 2 333
 3 334
 6 335
 0 336
 4 337
 3 338
 3 339
 4 340
 3 341
 2 342
 1 343
 2 344
 3 345
 3 346
 3 347
 1 348
 0 349
 1 350
 0 351
 1 352
 4 353
 1 354
 3 355
 1 356
 0 357
 2 358
 6 359
 0 360
 1 361
 1 362
 2 363
 0 364
 0 365
 2 366
 0 367
 0 368
 0 369
 1 370
 1 371
 0 372
 1 373
 1 374
 0 375
 0 376
 1 377
 0 378
 2 379
 1 380
 0 381
 0 382
 1 383
 0 384
 1 385
 0 386
 1 387
 1 388
 1 389
 1 390
 1 391
 0 392
 0 393
 0 394
 0 395
 0 396
 1 397
 0 398
 0 399
 0 400
 0 401
 0 402
 0 403
 0 404
 1 405
 0 406
 0 407
 0 408
 0 409
 0 410
 0 411
 0 412
 0 413
 0 414
 0 415
 0 416
 0 417
 0 418
 0 419
 0 420
 0 421
 0 422
 0 423
 0 424
 0 425
 0 426
 0 427
 0 428
 0 429
 0 430
 0 431
 0 432
 0 433
 0 434
 0 435
 0 436
 0 437
 0 438
 0 439
 0 440
 0 441
 0 442
 0 443
 0 444
 0 445
 0 446
 0 447
 0 448
 0 449
 0 450
 0 451
 0 452
 0 453
 0 454
 0 455
 0 456
 0 457
 0 458
 0 459
 0 460
 0 461
 0 462
 0 463
 0 464
 0 465
 0 466
 0 467
 0 468
 0 469
 0 470
 0 471
 0 472
 0 473
 0 474
 0 475
 0 476
 0 477
 0 478
 0 479
 0 480
 0 481
 0 482
 0 483
 0 484
 0 485
 0 486
 0 487
 0 488
 0 489
 0 490
 0 491
 0 492
 0 493
 0 494
 0 495
 0 496
 0 497
 0 498
 0 499
 0 500
 0 501
 0 502
 0 503
 0 504
 0 505
 0 506
 0 507
 0 508
 0 509
 0 510
 0 511
 0 512
 0 513
 0 514
 0 515
 0 516
 0 517
 0 518
 0 519
 0 520
 0 521
 0 522
 0 523
 0 524
 0 525
 0 526
 0 527
 0 528
 0 529
 0 530
 0 531
 0 532
 0 533
 0 534
 0 535
 0 536
 0 537
 0 538
 0 539
 0 540
 0 541
 0 542
 0 543
 0 544
 0 545
 0 546
 0 547
 0 548
 0 549
 0 550
 0 551
 0 552
 0 553
 0 554
 0 555
 0 556
 0 557
 0 558
 0 559
 0 560
 0 561
 0 562
 0 563
 0 564
 0 565
 0 566
 0 567
 0 568
 0 569
 0 570
 0 571
 0 572
 0 573
 0 574
 0 575
 0 576
 0 577
 0 578
 0 579
 0 580
 0 581
 0 582
 0 583
 0 584
 0 585
 0 586
 0 587
 0 588
 0 589
 0 590
 0 591
 0 592
 0 593
 0 594
 0 595
 0 596
 0 597
 0 598
 0 599
 0 600


