# Created by Octave 3.8.2, Mon Jun 22 10:07:03 2020 CEST <damian@fptrucha.inv.usc.es>
# name: hd
# type: matrix
# rows: 551
# columns: 2
 0 50
 0 51
 0 52
 0 53
 0 54
 0 55
 0 56
 0 57
 0 58
 0 59
 0 60
 0 61
 0 62
 0 63
 0 64
 0 65
 0 66
 0 67
 0 68
 0 69
 0 70
 0 71
 0 72
 0 73
 0 74
 0 75
 0 76
 0 77
 0 78
 0 79
 0 80
 0 81
 0 82
 0 83
 0 84
 0 85
 0 86
 0 87
 0 88
 0 89
 2 90
 17 91
 67 92
 114 93
 159 94
 244 95
 388 96
 598 97
 817 98
 962 99
 1194 100
 1294 101
 1339 102
 1446 103
 1528 104
 1535 105
 1364 106
 1458 107
 1403 108
 1373 109
 1330 110
 1205 111
 1132 112
 1032 113
 966 114
 905 115
 853 116
 774 117
 720 118
 670 119
 540 120
 595 121
 477 122
 462 123
 423 124
 387 125
 339 126
 291 127
 293 128
 266 129
 258 130
 220 131
 191 132
 177 133
 172 134
 152 135
 177 136
 156 137
 149 138
 130 139
 130 140
 106 141
 105 142
 98 143
 93 144
 76 145
 72 146
 82 147
 70 148
 62 149
 68 150
 56 151
 51 152
 52 153
 68 154
 57 155
 53 156
 40 157
 39 158
 33 159
 45 160
 29 161
 35 162
 30 163
 27 164
 32 165
 22 166
 25 167
 17 168
 18 169
 23 170
 14 171
 31 172
 10 173
 11 174
 12 175
 16 176
 6 177
 8 178
 6 179
 6 180
 10 181
 14 182
 9 183
 3 184
 4 185
 4 186
 6 187
 10 188
 4 189
 6 190
 3 191
 7 192
 4 193
 6 194
 6 195
 3 196
 2 197
 1 198
 5 199
 5 200
 0 201
 1 202
 2 203
 3 204
 2 205
 1 206
 1 207
 0 208
 0 209
 0 210
 0 211
 0 212
 1 213
 2 214
 0 215
 1 216
 0 217
 0 218
 0 219
 0 220
 2 221
 0 222
 0 223
 0 224
 0 225
 0 226
 0 227
 0 228
 0 229
 0 230
 0 231
 1 232
 0 233
 0 234
 0 235
 0 236
 0 237
 0 238
 0 239
 0 240
 0 241
 0 242
 0 243
 0 244
 0 245
 0 246
 0 247
 0 248
 0 249
 0 250
 0 251
 0 252
 1 253
 0 254
 0 255
 0 256
 0 257
 0 258
 0 259
 0 260
 0 261
 0 262
 0 263
 0 264
 0 265
 0 266
 0 267
 0 268
 0 269
 0 270
 0 271
 0 272
 0 273
 0 274
 0 275
 0 276
 0 277
 0 278
 0 279
 0 280
 0 281
 0 282
 2 283
 0 284
 0 285
 0 286
 0 287
 0 288
 2 289
 0 290
 0 291
 0 292
 0 293
 0 294
 0 295
 0 296
 4 297
 2 298
 4 299
 2 300
 0 301
 2 302
 2 303
 3 304
 2 305
 2 306
 1 307
 1 308
 2 309
 10 310
 5 311
 2 312
 3 313
 5 314
 2 315
 4 316
 2 317
 3 318
 3 319
 2 320
 3 321
 0 322
 2 323
 4 324
 4 325
 7 326
 3 327
 2 328
 2 329
 0 330
 4 331
 3 332
 2 333
 4 334
 3 335
 6 336
 4 337
 2 338
 2 339
 1 340
 4 341
 0 342
 1 343
 5 344
 1 345
 1 346
 2 347
 0 348
 0 349
 1 350
 1 351
 5 352
 2 353
 0 354
 0 355
 2 356
 0 357
 2 358
 0 359
 1 360
 1 361
 3 362
 0 363
 1 364
 2 365
 1 366
 0 367
 0 368
 2 369
 2 370
 0 371
 0 372
 2 373
 1 374
 1 375
 2 376
 0 377
 0 378
 1 379
 0 380
 0 381
 0 382
 1 383
 0 384
 3 385
 1 386
 0 387
 1 388
 0 389
 0 390
 1 391
 0 392
 2 393
 0 394
 0 395
 0 396
 0 397
 0 398
 0 399
 0 400
 0 401
 1 402
 0 403
 0 404
 0 405
 0 406
 0 407
 0 408
 1 409
 0 410
 0 411
 0 412
 0 413
 0 414
 0 415
 0 416
 0 417
 0 418
 0 419
 0 420
 0 421
 0 422
 0 423
 0 424
 0 425
 0 426
 0 427
 0 428
 0 429
 0 430
 0 431
 0 432
 0 433
 0 434
 0 435
 0 436
 0 437
 0 438
 0 439
 0 440
 0 441
 0 442
 0 443
 0 444
 0 445
 0 446
 0 447
 0 448
 0 449
 0 450
 0 451
 0 452
 0 453
 0 454
 0 455
 0 456
 0 457
 0 458
 0 459
 0 460
 0 461
 0 462
 0 463
 0 464
 0 465
 0 466
 0 467
 0 468
 0 469
 0 470
 0 471
 0 472
 0 473
 0 474
 0 475
 0 476
 0 477
 0 478
 0 479
 0 480
 0 481
 0 482
 0 483
 0 484
 0 485
 0 486
 0 487
 0 488
 0 489
 0 490
 0 491
 0 492
 0 493
 0 494
 0 495
 0 496
 0 497
 0 498
 0 499
 0 500
 0 501
 0 502
 0 503
 0 504
 0 505
 0 506
 0 507
 0 508
 0 509
 0 510
 0 511
 0 512
 0 513
 0 514
 0 515
 0 516
 0 517
 0 518
 0 519
 0 520
 0 521
 0 522
 0 523
 0 524
 0 525
 0 526
 0 527
 0 528
 0 529
 0 530
 0 531
 0 532
 0 533
 0 534
 0 535
 0 536
 0 537
 0 538
 0 539
 0 540
 0 541
 0 542
 0 543
 0 544
 0 545
 0 546
 0 547
 0 548
 0 549
 0 550
 0 551
 0 552
 0 553
 0 554
 0 555
 0 556
 0 557
 0 558
 0 559
 0 560
 0 561
 0 562
 0 563
 0 564
 0 565
 0 566
 0 567
 0 568
 0 569
 0 570
 0 571
 0 572
 0 573
 0 574
 0 575
 0 576
 0 577
 0 578
 0 579
 0 580
 0 581
 0 582
 0 583
 0 584
 0 585
 0 586
 0 587
 0 588
 0 589
 0 590
 0 591
 0 592
 0 593
 0 594
 0 595
 0 596
 0 597
 0 598
 0 599
 0 600


