# Created by Octave 3.8.2, Mon Jun 22 09:03:01 2020 CEST <damian@fptrucha.inv.usc.es>
# name: hd
# type: matrix
# rows: 551
# columns: 2
 0 50
 0 51
 0 52
 0 53
 0 54
 0 55
 0 56
 0 57
 0 58
 0 59
 0 60
 0 61
 0 62
 0 63
 0 64
 0 65
 0 66
 0 67
 0 68
 0 69
 0 70
 0 71
 0 72
 0 73
 0 74
 0 75
 0 76
 0 77
 0 78
 0 79
 0 80
 0 81
 0 82
 0 83
 0 84
 0 85
 0 86
 0 87
 0 88
 2 89
 3 90
 7 91
 62 92
 117 93
 154 94
 233 95
 411 96
 590 97
 787 98
 959 99
 1071 100
 1234 101
 1375 102
 1426 103
 1464 104
 1477 105
 1466 106
 1379 107
 1394 108
 1303 109
 1260 110
 1216 111
 1163 112
 1027 113
 1000 114
 929 115
 831 116
 793 117
 682 118
 658 119
 561 120
 530 121
 477 122
 408 123
 400 124
 377 125
 363 126
 314 127
 279 128
 259 129
 228 130
 263 131
 212 132
 186 133
 189 134
 160 135
 148 136
 163 137
 135 138
 121 139
 128 140
 117 141
 108 142
 73 143
 79 144
 89 145
 71 146
 74 147
 77 148
 60 149
 73 150
 55 151
 64 152
 49 153
 51 154
 47 155
 52 156
 56 157
 42 158
 34 159
 37 160
 41 161
 34 162
 26 163
 26 164
 29 165
 25 166
 27 167
 17 168
 19 169
 23 170
 18 171
 19 172
 15 173
 15 174
 13 175
 13 176
 14 177
 12 178
 8 179
 12 180
 9 181
 7 182
 9 183
 11 184
 10 185
 7 186
 5 187
 6 188
 6 189
 7 190
 8 191
 4 192
 4 193
 2 194
 1 195
 4 196
 4 197
 2 198
 3 199
 2 200
 6 201
 4 202
 0 203
 7 204
 0 205
 2 206
 1 207
 0 208
 1 209
 3 210
 1 211
 0 212
 0 213
 0 214
 2 215
 0 216
 0 217
 0 218
 1 219
 0 220
 2 221
 1 222
 0 223
 0 224
 1 225
 0 226
 0 227
 1 228
 0 229
 1 230
 0 231
 0 232
 0 233
 0 234
 0 235
 0 236
 0 237
 1 238
 0 239
 0 240
 0 241
 0 242
 0 243
 1 244
 0 245
 0 246
 0 247
 0 248
 0 249
 0 250
 0 251
 0 252
 0 253
 0 254
 0 255
 0 256
 0 257
 0 258
 0 259
 0 260
 0 261
 0 262
 0 263
 0 264
 1 265
 0 266
 0 267
 0 268
 0 269
 0 270
 0 271
 0 272
 0 273
 0 274
 0 275
 0 276
 0 277
 0 278
 1 279
 0 280
 0 281
 2 282
 0 283
 1 284
 0 285
 1 286
 1 287
 2 288
 0 289
 2 290
 0 291
 0 292
 2 293
 1 294
 1 295
 2 296
 2 297
 1 298
 3 299
 3 300
 0 301
 1 302
 2 303
 1 304
 1 305
 0 306
 2 307
 1 308
 2 309
 1 310
 4 311
 2 312
 2 313
 2 314
 5 315
 5 316
 1 317
 1 318
 4 319
 1 320
 5 321
 2 322
 3 323
 2 324
 1 325
 4 326
 1 327
 3 328
 1 329
 4 330
 4 331
 0 332
 5 333
 4 334
 4 335
 5 336
 1 337
 0 338
 6 339
 3 340
 1 341
 1 342
 2 343
 0 344
 0 345
 3 346
 1 347
 3 348
 1 349
 1 350
 2 351
 3 352
 3 353
 4 354
 1 355
 3 356
 0 357
 0 358
 3 359
 1 360
 1 361
 1 362
 0 363
 2 364
 0 365
 3 366
 0 367
 0 368
 2 369
 0 370
 1 371
 1 372
 1 373
 1 374
 1 375
 0 376
 1 377
 0 378
 0 379
 1 380
 1 381
 1 382
 0 383
 0 384
 2 385
 0 386
 0 387
 0 388
 0 389
 0 390
 0 391
 0 392
 0 393
 0 394
 0 395
 0 396
 0 397
 1 398
 0 399
 1 400
 0 401
 0 402
 0 403
 0 404
 0 405
 0 406
 0 407
 0 408
 0 409
 0 410
 0 411
 0 412
 0 413
 0 414
 0 415
 0 416
 0 417
 0 418
 1 419
 0 420
 0 421
 0 422
 0 423
 0 424
 0 425
 0 426
 0 427
 0 428
 0 429
 0 430
 0 431
 0 432
 0 433
 0 434
 1 435
 0 436
 0 437
 0 438
 0 439
 0 440
 0 441
 0 442
 0 443
 0 444
 0 445
 0 446
 0 447
 0 448
 0 449
 0 450
 0 451
 0 452
 0 453
 0 454
 0 455
 0 456
 0 457
 0 458
 0 459
 0 460
 0 461
 0 462
 0 463
 0 464
 0 465
 0 466
 0 467
 0 468
 0 469
 0 470
 0 471
 0 472
 0 473
 0 474
 0 475
 0 476
 0 477
 0 478
 0 479
 0 480
 0 481
 0 482
 0 483
 0 484
 0 485
 0 486
 0 487
 0 488
 0 489
 0 490
 0 491
 0 492
 0 493
 0 494
 0 495
 0 496
 0 497
 0 498
 0 499
 0 500
 0 501
 0 502
 0 503
 0 504
 0 505
 0 506
 0 507
 0 508
 0 509
 0 510
 0 511
 0 512
 0 513
 0 514
 0 515
 0 516
 0 517
 0 518
 0 519
 0 520
 0 521
 0 522
 0 523
 0 524
 0 525
 0 526
 0 527
 0 528
 0 529
 0 530
 0 531
 0 532
 0 533
 0 534
 0 535
 0 536
 0 537
 0 538
 0 539
 0 540
 0 541
 0 542
 0 543
 0 544
 0 545
 0 546
 0 547
 0 548
 0 549
 0 550
 0 551
 0 552
 0 553
 0 554
 0 555
 0 556
 0 557
 0 558
 0 559
 0 560
 0 561
 0 562
 0 563
 0 564
 0 565
 0 566
 0 567
 0 568
 0 569
 0 570
 0 571
 0 572
 0 573
 0 574
 0 575
 0 576
 0 577
 0 578
 0 579
 0 580
 0 581
 0 582
 0 583
 0 584
 0 585
 0 586
 0 587
 0 588
 0 589
 0 590
 0 591
 0 592
 0 593
 0 594
 0 595
 0 596
 0 597
 0 598
 0 599
 0 600


