# Created by Octave 3.8.2, Sat Jun 20 19:38:14 2020 CEST <damian@fptrucha.inv.usc.es>
# name: hd
# type: matrix
# rows: 551
# columns: 2
 0 50
 0 51
 0 52
 0 53
 0 54
 0 55
 0 56
 0 57
 0 58
 0 59
 0 60
 0 61
 0 62
 0 63
 0 64
 0 65
 0 66
 0 67
 0 68
 0 69
 0 70
 0 71
 0 72
 0 73
 0 74
 0 75
 0 76
 0 77
 0 78
 0 79
 0 80
 0 81
 0 82
 0 83
 0 84
 0 85
 0 86
 0 87
 5 88
 4 89
 4 90
 29 91
 87 92
 123 93
 151 94
 293 95
 392 96
 592 97
 698 98
 865 99
 1071 100
 1124 101
 1229 102
 1235 103
 1321 104
 1353 105
 1316 106
 1327 107
 1390 108
 1325 109
 1272 110
 1216 111
 1167 112
 1137 113
 1042 114
 1018 115
 928 116
 860 117
 792 118
 756 119
 733 120
 674 121
 579 122
 588 123
 491 124
 498 125
 426 126
 402 127
 361 128
 327 129
 339 130
 273 131
 285 132
 213 133
 224 134
 208 135
 182 136
 159 137
 149 138
 129 139
 123 140
 142 141
 122 142
 86 143
 93 144
 101 145
 93 146
 83 147
 69 148
 72 149
 70 150
 60 151
 55 152
 55 153
 58 154
 40 155
 39 156
 47 157
 33 158
 39 159
 41 160
 36 161
 34 162
 33 163
 29 164
 30 165
 23 166
 20 167
 24 168
 18 169
 17 170
 20 171
 18 172
 12 173
 18 174
 15 175
 9 176
 14 177
 14 178
 10 179
 8 180
 11 181
 10 182
 12 183
 6 184
 5 185
 7 186
 4 187
 6 188
 3 189
 8 190
 4 191
 2 192
 1 193
 0 194
 0 195
 3 196
 2 197
 3 198
 2 199
 3 200
 4 201
 0 202
 0 203
 2 204
 2 205
 1 206
 2 207
 1 208
 1 209
 1 210
 3 211
 0 212
 4 213
 2 214
 0 215
 1 216
 2 217
 0 218
 0 219
 1 220
 0 221
 0 222
 0 223
 0 224
 1 225
 1 226
 0 227
 0 228
 0 229
 0 230
 0 231
 0 232
 0 233
 0 234
 0 235
 0 236
 0 237
 1 238
 1 239
 0 240
 0 241
 0 242
 0 243
 0 244
 0 245
 0 246
 0 247
 0 248
 0 249
 0 250
 0 251
 0 252
 0 253
 0 254
 0 255
 0 256
 0 257
 0 258
 0 259
 0 260
 0 261
 0 262
 0 263
 0 264
 0 265
 0 266
 0 267
 0 268
 0 269
 0 270
 0 271
 0 272
 0 273
 0 274
 0 275
 0 276
 0 277
 0 278
 0 279
 0 280
 0 281
 0 282
 0 283
 1 284
 0 285
 0 286
 4 287
 0 288
 1 289
 2 290
 1 291
 1 292
 1 293
 1 294
 1 295
 1 296
 0 297
 2 298
 4 299
 0 300
 2 301
 1 302
 1 303
 2 304
 2 305
 0 306
 2 307
 3 308
 4 309
 1 310
 1 311
 3 312
 1 313
 0 314
 1 315
 3 316
 0 317
 2 318
 2 319
 3 320
 1 321
 3 322
 2 323
 3 324
 5 325
 4 326
 1 327
 2 328
 2 329
 2 330
 1 331
 0 332
 3 333
 3 334
 3 335
 2 336
 4 337
 1 338
 2 339
 0 340
 3 341
 2 342
 1 343
 1 344
 5 345
 3 346
 1 347
 3 348
 1 349
 1 350
 0 351
 2 352
 0 353
 1 354
 2 355
 1 356
 1 357
 2 358
 8 359
 1 360
 2 361
 0 362
 1 363
 1 364
 1 365
 2 366
 1 367
 0 368
 4 369
 2 370
 0 371
 2 372
 0 373
 1 374
 1 375
 2 376
 0 377
 0 378
 0 379
 1 380
 2 381
 0 382
 1 383
 2 384
 0 385
 1 386
 1 387
 0 388
 0 389
 0 390
 1 391
 0 392
 0 393
 0 394
 0 395
 0 396
 0 397
 0 398
 0 399
 0 400
 0 401
 0 402
 0 403
 0 404
 0 405
 0 406
 0 407
 0 408
 0 409
 0 410
 0 411
 0 412
 0 413
 0 414
 0 415
 1 416
 0 417
 0 418
 0 419
 0 420
 0 421
 0 422
 0 423
 0 424
 0 425
 0 426
 0 427
 0 428
 0 429
 0 430
 0 431
 0 432
 0 433
 0 434
 0 435
 0 436
 0 437
 0 438
 0 439
 0 440
 1 441
 0 442
 0 443
 0 444
 0 445
 0 446
 0 447
 0 448
 0 449
 0 450
 0 451
 0 452
 0 453
 0 454
 0 455
 0 456
 0 457
 0 458
 0 459
 0 460
 0 461
 0 462
 0 463
 0 464
 0 465
 0 466
 0 467
 0 468
 0 469
 0 470
 0 471
 0 472
 0 473
 0 474
 0 475
 0 476
 0 477
 0 478
 0 479
 0 480
 0 481
 0 482
 0 483
 0 484
 0 485
 0 486
 0 487
 0 488
 0 489
 0 490
 0 491
 0 492
 0 493
 0 494
 0 495
 0 496
 0 497
 0 498
 0 499
 0 500
 0 501
 0 502
 0 503
 0 504
 0 505
 0 506
 0 507
 0 508
 0 509
 0 510
 0 511
 0 512
 0 513
 0 514
 0 515
 0 516
 0 517
 0 518
 0 519
 0 520
 0 521
 0 522
 0 523
 0 524
 0 525
 0 526
 0 527
 0 528
 0 529
 0 530
 0 531
 0 532
 0 533
 0 534
 0 535
 0 536
 0 537
 0 538
 0 539
 0 540
 0 541
 0 542
 0 543
 0 544
 0 545
 0 546
 0 547
 0 548
 0 549
 0 550
 0 551
 0 552
 0 553
 0 554
 0 555
 0 556
 0 557
 0 558
 0 559
 0 560
 0 561
 0 562
 0 563
 0 564
 0 565
 0 566
 0 567
 0 568
 0 569
 0 570
 0 571
 0 572
 0 573
 0 574
 0 575
 0 576
 0 577
 0 578
 0 579
 0 580
 0 581
 0 582
 0 583
 0 584
 0 585
 0 586
 0 587
 0 588
 0 589
 0 590
 0 591
 0 592
 0 593
 0 594
 0 595
 0 596
 0 597
 0 598
 0 599
 0 600


