# Created by Octave 3.8.2, Mon Jun 22 08:44:52 2020 CEST <damian@fptrucha.inv.usc.es>
# name: hd
# type: matrix
# rows: 551
# columns: 2
 0 50
 0 51
 0 52
 0 53
 0 54
 0 55
 0 56
 0 57
 0 58
 0 59
 0 60
 0 61
 0 62
 0 63
 0 64
 0 65
 0 66
 0 67
 0 68
 0 69
 0 70
 0 71
 0 72
 0 73
 0 74
 0 75
 0 76
 0 77
 0 78
 0 79
 0 80
 0 81
 0 82
 0 83
 0 84
 0 85
 0 86
 0 87
 0 88
 2 89
 1 90
 10 91
 73 92
 91 93
 174 94
 213 95
 394 96
 552 97
 775 98
 959 99
 1120 100
 1237 101
 1392 102
 1403 103
 1391 104
 1468 105
 1426 106
 1434 107
 1316 108
 1321 109
 1268 110
 1212 111
 1145 112
 1040 113
 988 114
 949 115
 821 116
 743 117
 672 118
 673 119
 588 120
 525 121
 502 122
 438 123
 395 124
 380 125
 331 126
 315 127
 274 128
 263 129
 245 130
 205 131
 198 132
 221 133
 205 134
 176 135
 172 136
 166 137
 135 138
 126 139
 123 140
 96 141
 105 142
 104 143
 106 144
 102 145
 88 146
 94 147
 64 148
 61 149
 75 150
 64 151
 73 152
 63 153
 66 154
 50 155
 46 156
 58 157
 36 158
 56 159
 41 160
 30 161
 32 162
 32 163
 32 164
 26 165
 25 166
 29 167
 23 168
 27 169
 23 170
 23 171
 21 172
 17 173
 23 174
 14 175
 16 176
 11 177
 8 178
 10 179
 13 180
 9 181
 9 182
 6 183
 9 184
 8 185
 8 186
 5 187
 8 188
 9 189
 9 190
 3 191
 5 192
 5 193
 3 194
 5 195
 4 196
 2 197
 3 198
 5 199
 2 200
 2 201
 5 202
 2 203
 2 204
 0 205
 2 206
 2 207
 2 208
 0 209
 1 210
 2 211
 1 212
 1 213
 3 214
 2 215
 0 216
 1 217
 1 218
 1 219
 0 220
 0 221
 0 222
 0 223
 0 224
 0 225
 0 226
 0 227
 0 228
 1 229
 0 230
 0 231
 0 232
 0 233
 0 234
 0 235
 0 236
 0 237
 0 238
 0 239
 0 240
 0 241
 0 242
 0 243
 0 244
 0 245
 0 246
 0 247
 0 248
 0 249
 0 250
 0 251
 0 252
 0 253
 0 254
 0 255
 0 256
 0 257
 0 258
 0 259
 0 260
 0 261
 0 262
 0 263
 0 264
 0 265
 0 266
 0 267
 0 268
 0 269
 0 270
 0 271
 0 272
 0 273
 0 274
 1 275
 0 276
 0 277
 0 278
 0 279
 0 280
 1 281
 1 282
 2 283
 0 284
 1 285
 1 286
 0 287
 0 288
 1 289
 1 290
 0 291
 0 292
 1 293
 1 294
 2 295
 1 296
 2 297
 3 298
 3 299
 1 300
 1 301
 1 302
 1 303
 2 304
 2 305
 1 306
 1 307
 2 308
 2 309
 4 310
 0 311
 5 312
 3 313
 5 314
 2 315
 3 316
 1 317
 4 318
 0 319
 6 320
 7 321
 4 322
 5 323
 3 324
 1 325
 2 326
 1 327
 3 328
 3 329
 3 330
 5 331
 2 332
 3 333
 1 334
 6 335
 4 336
 2 337
 4 338
 2 339
 4 340
 1 341
 3 342
 3 343
 1 344
 3 345
 3 346
 1 347
 1 348
 5 349
 4 350
 4 351
 0 352
 2 353
 2 354
 1 355
 3 356
 5 357
 2 358
 3 359
 5 360
 3 361
 1 362
 3 363
 2 364
 1 365
 2 366
 3 367
 2 368
 1 369
 2 370
 0 371
 1 372
 0 373
 2 374
 1 375
 2 376
 0 377
 1 378
 0 379
 0 380
 0 381
 0 382
 1 383
 1 384
 0 385
 0 386
 1 387
 1 388
 1 389
 1 390
 0 391
 0 392
 0 393
 0 394
 0 395
 0 396
 0 397
 0 398
 0 399
 0 400
 0 401
 0 402
 0 403
 0 404
 0 405
 0 406
 0 407
 0 408
 0 409
 0 410
 0 411
 0 412
 1 413
 0 414
 0 415
 0 416
 0 417
 0 418
 0 419
 0 420
 0 421
 0 422
 0 423
 0 424
 0 425
 0 426
 0 427
 0 428
 0 429
 0 430
 0 431
 0 432
 0 433
 0 434
 0 435
 0 436
 0 437
 0 438
 0 439
 0 440
 0 441
 0 442
 0 443
 0 444
 0 445
 0 446
 0 447
 0 448
 0 449
 0 450
 0 451
 0 452
 0 453
 0 454
 0 455
 0 456
 0 457
 0 458
 0 459
 0 460
 0 461
 0 462
 0 463
 0 464
 0 465
 0 466
 0 467
 0 468
 0 469
 0 470
 0 471
 0 472
 0 473
 0 474
 0 475
 0 476
 0 477
 0 478
 0 479
 0 480
 0 481
 0 482
 0 483
 0 484
 0 485
 0 486
 0 487
 0 488
 0 489
 0 490
 0 491
 0 492
 0 493
 0 494
 0 495
 0 496
 0 497
 0 498
 0 499
 0 500
 0 501
 0 502
 0 503
 0 504
 0 505
 0 506
 0 507
 0 508
 0 509
 0 510
 0 511
 0 512
 0 513
 0 514
 0 515
 0 516
 0 517
 0 518
 0 519
 0 520
 0 521
 0 522
 0 523
 0 524
 0 525
 0 526
 0 527
 0 528
 0 529
 0 530
 0 531
 0 532
 0 533
 0 534
 0 535
 0 536
 0 537
 0 538
 0 539
 0 540
 0 541
 0 542
 0 543
 0 544
 0 545
 0 546
 0 547
 0 548
 0 549
 0 550
 0 551
 0 552
 0 553
 0 554
 0 555
 0 556
 0 557
 0 558
 0 559
 0 560
 0 561
 0 562
 0 563
 0 564
 0 565
 0 566
 0 567
 0 568
 0 569
 0 570
 0 571
 0 572
 0 573
 0 574
 0 575
 0 576
 0 577
 0 578
 0 579
 0 580
 0 581
 0 582
 0 583
 0 584
 0 585
 0 586
 0 587
 0 588
 0 589
 0 590
 0 591
 0 592
 0 593
 0 594
 0 595
 0 596
 0 597
 0 598
 0 599
 0 600


