# Created by Octave 3.8.2, Mon Jun 22 21:55:57 2020 CEST <damian@fptrucha.inv.usc.es>
# name: hd
# type: matrix
# rows: 551
# columns: 2
 0 50
 0 51
 0 52
 0 53
 0 54
 0 55
 0 56
 0 57
 0 58
 0 59
 0 60
 0 61
 0 62
 0 63
 0 64
 0 65
 0 66
 0 67
 0 68
 0 69
 0 70
 0 71
 0 72
 0 73
 0 74
 0 75
 0 76
 0 77
 0 78
 0 79
 0 80
 0 81
 0 82
 0 83
 0 84
 0 85
 0 86
 0 87
 1 88
 0 89
 3 90
 43 91
 87 92
 122 93
 204 94
 294 95
 541 96
 728 97
 1011 98
 1160 99
 1359 100
 1469 101
 1559 102
 1563 103
 1615 104
 1681 105
 1704 106
 1586 107
 1512 108
 1458 109
 1321 110
 1236 111
 1163 112
 1161 113
 1091 114
 947 115
 874 116
 838 117
 737 118
 658 119
 642 120
 600 121
 524 122
 436 123
 394 124
 376 125
 326 126
 356 127
 286 128
 270 129
 251 130
 249 131
 179 132
 170 133
 190 134
 183 135
 176 136
 145 137
 138 138
 136 139
 121 140
 107 141
 115 142
 109 143
 103 144
 73 145
 71 146
 83 147
 60 148
 55 149
 82 150
 44 151
 60 152
 48 153
 62 154
 45 155
 44 156
 48 157
 39 158
 34 159
 38 160
 28 161
 30 162
 29 163
 30 164
 25 165
 25 166
 24 167
 20 168
 16 169
 18 170
 21 171
 19 172
 24 173
 19 174
 12 175
 17 176
 12 177
 10 178
 8 179
 16 180
 7 181
 9 182
 3 183
 7 184
 6 185
 9 186
 6 187
 7 188
 7 189
 7 190
 10 191
 3 192
 4 193
 2 194
 5 195
 3 196
 1 197
 2 198
 1 199
 1 200
 1 201
 1 202
 3 203
 1 204
 0 205
 1 206
 3 207
 2 208
 2 209
 0 210
 0 211
 1 212
 0 213
 0 214
 0 215
 1 216
 0 217
 0 218
 0 219
 1 220
 0 221
 0 222
 0 223
 0 224
 0 225
 1 226
 0 227
 1 228
 0 229
 0 230
 0 231
 1 232
 0 233
 0 234
 0 235
 0 236
 1 237
 0 238
 0 239
 0 240
 0 241
 0 242
 0 243
 0 244
 0 245
 0 246
 0 247
 0 248
 0 249
 0 250
 0 251
 0 252
 0 253
 0 254
 0 255
 0 256
 0 257
 0 258
 0 259
 0 260
 1 261
 0 262
 0 263
 0 264
 0 265
 0 266
 0 267
 0 268
 0 269
 0 270
 0 271
 0 272
 0 273
 0 274
 0 275
 1 276
 0 277
 0 278
 0 279
 0 280
 0 281
 1 282
 0 283
 2 284
 0 285
 1 286
 1 287
 0 288
 2 289
 0 290
 2 291
 1 292
 2 293
 2 294
 3 295
 0 296
 1 297
 2 298
 1 299
 0 300
 2 301
 2 302
 3 303
 1 304
 2 305
 3 306
 0 307
 2 308
 3 309
 2 310
 3 311
 1 312
 2 313
 1 314
 2 315
 1 316
 2 317
 4 318
 5 319
 7 320
 3 321
 2 322
 3 323
 3 324
 4 325
 1 326
 0 327
 2 328
 5 329
 7 330
 2 331
 6 332
 3 333
 3 334
 3 335
 3 336
 1 337
 2 338
 2 339
 2 340
 1 341
 1 342
 0 343
 1 344
 2 345
 4 346
 1 347
 3 348
 2 349
 2 350
 2 351
 2 352
 1 353
 2 354
 3 355
 3 356
 1 357
 3 358
 4 359
 0 360
 1 361
 1 362
 1 363
 3 364
 0 365
 0 366
 0 367
 1 368
 1 369
 0 370
 2 371
 2 372
 3 373
 0 374
 0 375
 0 376
 0 377
 1 378
 1 379
 1 380
 0 381
 0 382
 0 383
 1 384
 1 385
 0 386
 0 387
 0 388
 3 389
 2 390
 0 391
 1 392
 0 393
 0 394
 0 395
 0 396
 0 397
 0 398
 0 399
 0 400
 1 401
 0 402
 0 403
 0 404
 0 405
 0 406
 0 407
 0 408
 0 409
 0 410
 1 411
 0 412
 0 413
 0 414
 0 415
 0 416
 0 417
 0 418
 0 419
 0 420
 0 421
 0 422
 0 423
 0 424
 0 425
 0 426
 0 427
 0 428
 0 429
 0 430
 0 431
 0 432
 0 433
 0 434
 0 435
 0 436
 0 437
 0 438
 0 439
 0 440
 0 441
 0 442
 0 443
 0 444
 0 445
 0 446
 0 447
 0 448
 0 449
 0 450
 0 451
 0 452
 0 453
 0 454
 0 455
 0 456
 0 457
 0 458
 0 459
 0 460
 0 461
 0 462
 0 463
 0 464
 0 465
 0 466
 0 467
 0 468
 0 469
 0 470
 0 471
 0 472
 0 473
 0 474
 0 475
 0 476
 0 477
 0 478
 0 479
 0 480
 0 481
 0 482
 0 483
 0 484
 0 485
 0 486
 0 487
 0 488
 0 489
 0 490
 0 491
 0 492
 0 493
 0 494
 0 495
 0 496
 0 497
 0 498
 0 499
 0 500
 0 501
 0 502
 0 503
 0 504
 0 505
 0 506
 0 507
 0 508
 0 509
 0 510
 0 511
 0 512
 0 513
 0 514
 0 515
 0 516
 0 517
 0 518
 0 519
 0 520
 0 521
 0 522
 0 523
 0 524
 0 525
 0 526
 0 527
 0 528
 0 529
 0 530
 0 531
 0 532
 0 533
 0 534
 0 535
 0 536
 0 537
 0 538
 0 539
 0 540
 0 541
 0 542
 0 543
 0 544
 0 545
 0 546
 0 547
 0 548
 0 549
 0 550
 0 551
 0 552
 0 553
 0 554
 0 555
 0 556
 0 557
 0 558
 0 559
 0 560
 0 561
 0 562
 0 563
 0 564
 0 565
 0 566
 0 567
 0 568
 0 569
 0 570
 0 571
 0 572
 0 573
 0 574
 0 575
 0 576
 0 577
 0 578
 0 579
 0 580
 0 581
 0 582
 0 583
 0 584
 0 585
 0 586
 0 587
 0 588
 0 589
 0 590
 0 591
 0 592
 0 593
 0 594
 0 595
 0 596
 0 597
 0 598
 0 599
 0 600


