# Created by Octave 3.8.2, Mon Jun 22 18:09:50 2020 CEST <damian@fptrucha.inv.usc.es>
# name: hd
# type: matrix
# rows: 551
# columns: 2
 0 50
 0 51
 0 52
 0 53
 0 54
 0 55
 0 56
 0 57
 0 58
 0 59
 0 60
 0 61
 0 62
 0 63
 0 64
 0 65
 0 66
 0 67
 0 68
 0 69
 0 70
 0 71
 0 72
 0 73
 0 74
 0 75
 0 76
 0 77
 0 78
 0 79
 0 80
 0 81
 0 82
 0 83
 0 84
 0 85
 0 86
 0 87
 1 88
 2 89
 3 90
 19 91
 82 92
 131 93
 185 94
 291 95
 394 96
 643 97
 919 98
 1088 99
 1262 100
 1413 101
 1510 102
 1543 103
 1535 104
 1581 105
 1564 106
 1541 107
 1510 108
 1429 109
 1393 110
 1327 111
 1185 112
 1112 113
 1089 114
 953 115
 832 116
 811 117
 740 118
 642 119
 632 120
 537 121
 542 122
 432 123
 436 124
 381 125
 355 126
 326 127
 294 128
 245 129
 263 130
 245 131
 213 132
 187 133
 200 134
 167 135
 157 136
 130 137
 138 138
 146 139
 110 140
 105 141
 94 142
 91 143
 120 144
 102 145
 76 146
 76 147
 66 148
 70 149
 71 150
 50 151
 64 152
 53 153
 58 154
 57 155
 42 156
 43 157
 43 158
 47 159
 33 160
 31 161
 28 162
 28 163
 25 164
 23 165
 25 166
 23 167
 15 168
 17 169
 19 170
 18 171
 22 172
 14 173
 17 174
 18 175
 12 176
 11 177
 13 178
 13 179
 13 180
 7 181
 4 182
 5 183
 11 184
 5 185
 11 186
 5 187
 9 188
 3 189
 9 190
 2 191
 4 192
 2 193
 3 194
 2 195
 2 196
 2 197
 2 198
 1 199
 2 200
 4 201
 0 202
 4 203
 1 204
 7 205
 2 206
 1 207
 1 208
 1 209
 1 210
 3 211
 1 212
 1 213
 0 214
 0 215
 0 216
 2 217
 1 218
 0 219
 0 220
 0 221
 0 222
 0 223
 0 224
 0 225
 0 226
 1 227
 0 228
 1 229
 1 230
 0 231
 0 232
 0 233
 0 234
 0 235
 0 236
 0 237
 0 238
 1 239
 0 240
 0 241
 0 242
 0 243
 0 244
 0 245
 0 246
 0 247
 0 248
 0 249
 0 250
 0 251
 0 252
 0 253
 0 254
 0 255
 0 256
 0 257
 0 258
 0 259
 0 260
 0 261
 0 262
 0 263
 0 264
 0 265
 0 266
 0 267
 0 268
 0 269
 0 270
 0 271
 0 272
 1 273
 0 274
 0 275
 0 276
 0 277
 0 278
 0 279
 1 280
 0 281
 2 282
 0 283
 0 284
 1 285
 0 286
 0 287
 1 288
 2 289
 1 290
 3 291
 1 292
 2 293
 1 294
 3 295
 0 296
 2 297
 1 298
 1 299
 1 300
 0 301
 1 302
 2 303
 1 304
 4 305
 2 306
 2 307
 2 308
 4 309
 4 310
 3 311
 1 312
 1 313
 1 314
 3 315
 3 316
 3 317
 2 318
 1 319
 3 320
 1 321
 3 322
 2 323
 3 324
 1 325
 2 326
 3 327
 4 328
 3 329
 1 330
 0 331
 4 332
 5 333
 7 334
 5 335
 3 336
 4 337
 0 338
 2 339
 0 340
 3 341
 1 342
 1 343
 2 344
 2 345
 3 346
 3 347
 4 348
 0 349
 3 350
 4 351
 1 352
 1 353
 2 354
 1 355
 2 356
 3 357
 1 358
 2 359
 3 360
 2 361
 1 362
 2 363
 1 364
 1 365
 1 366
 1 367
 0 368
 3 369
 0 370
 0 371
 2 372
 2 373
 0 374
 1 375
 0 376
 0 377
 1 378
 1 379
 0 380
 1 381
 0 382
 1 383
 0 384
 1 385
 0 386
 1 387
 0 388
 1 389
 0 390
 0 391
 0 392
 0 393
 0 394
 0 395
 0 396
 0 397
 0 398
 0 399
 0 400
 1 401
 0 402
 1 403
 0 404
 0 405
 0 406
 0 407
 0 408
 0 409
 0 410
 1 411
 0 412
 0 413
 0 414
 1 415
 0 416
 0 417
 0 418
 0 419
 0 420
 0 421
 0 422
 0 423
 0 424
 0 425
 0 426
 0 427
 0 428
 0 429
 0 430
 0 431
 0 432
 1 433
 0 434
 0 435
 0 436
 0 437
 0 438
 0 439
 0 440
 0 441
 0 442
 0 443
 0 444
 0 445
 0 446
 0 447
 0 448
 0 449
 0 450
 0 451
 0 452
 0 453
 0 454
 0 455
 0 456
 0 457
 0 458
 0 459
 0 460
 0 461
 0 462
 0 463
 0 464
 0 465
 0 466
 0 467
 0 468
 0 469
 0 470
 0 471
 0 472
 0 473
 0 474
 0 475
 0 476
 0 477
 0 478
 0 479
 0 480
 0 481
 0 482
 0 483
 0 484
 0 485
 0 486
 0 487
 0 488
 0 489
 0 490
 0 491
 0 492
 0 493
 0 494
 0 495
 0 496
 0 497
 0 498
 0 499
 0 500
 0 501
 0 502
 0 503
 0 504
 0 505
 0 506
 0 507
 0 508
 0 509
 0 510
 0 511
 0 512
 0 513
 0 514
 0 515
 0 516
 0 517
 0 518
 0 519
 0 520
 0 521
 0 522
 0 523
 0 524
 0 525
 0 526
 0 527
 0 528
 0 529
 0 530
 0 531
 0 532
 0 533
 0 534
 0 535
 0 536
 0 537
 0 538
 0 539
 0 540
 0 541
 0 542
 0 543
 0 544
 0 545
 0 546
 0 547
 0 548
 0 549
 0 550
 0 551
 0 552
 0 553
 0 554
 0 555
 0 556
 0 557
 0 558
 0 559
 0 560
 0 561
 0 562
 0 563
 0 564
 0 565
 0 566
 0 567
 0 568
 0 569
 0 570
 0 571
 0 572
 0 573
 0 574
 0 575
 0 576
 0 577
 0 578
 0 579
 0 580
 0 581
 0 582
 0 583
 0 584
 0 585
 0 586
 0 587
 0 588
 0 589
 0 590
 0 591
 0 592
 0 593
 0 594
 0 595
 0 596
 0 597
 0 598
 0 599
 0 600


