# Created by Octave 3.8.2, Mon Jun 22 18:43:06 2020 CEST <damian@fptrucha.inv.usc.es>
# name: hd
# type: matrix
# rows: 551
# columns: 2
 0 50
 0 51
 0 52
 0 53
 0 54
 0 55
 0 56
 0 57
 0 58
 0 59
 0 60
 0 61
 0 62
 0 63
 0 64
 0 65
 0 66
 0 67
 0 68
 0 69
 0 70
 0 71
 0 72
 0 73
 0 74
 0 75
 0 76
 0 77
 0 78
 0 79
 0 80
 0 81
 0 82
 0 83
 0 84
 0 85
 0 86
 0 87
 1 88
 1 89
 1 90
 28 91
 84 92
 137 93
 185 94
 270 95
 459 96
 658 97
 914 98
 1047 99
 1283 100
 1415 101
 1557 102
 1524 103
 1633 104
 1677 105
 1600 106
 1566 107
 1515 108
 1460 109
 1415 110
 1295 111
 1264 112
 1115 113
 946 114
 1029 115
 892 116
 726 117
 757 118
 661 119
 660 120
 530 121
 480 122
 421 123
 432 124
 379 125
 331 126
 309 127
 284 128
 268 129
 232 130
 257 131
 208 132
 190 133
 183 134
 144 135
 178 136
 150 137
 153 138
 123 139
 98 140
 106 141
 123 142
 86 143
 93 144
 86 145
 90 146
 83 147
 68 148
 58 149
 55 150
 52 151
 49 152
 44 153
 54 154
 42 155
 49 156
 48 157
 42 158
 47 159
 39 160
 33 161
 37 162
 19 163
 29 164
 18 165
 23 166
 14 167
 26 168
 14 169
 21 170
 23 171
 9 172
 17 173
 22 174
 22 175
 16 176
 12 177
 12 178
 3 179
 13 180
 11 181
 7 182
 7 183
 6 184
 5 185
 7 186
 6 187
 9 188
 7 189
 6 190
 1 191
 6 192
 4 193
 3 194
 5 195
 5 196
 2 197
 4 198
 6 199
 4 200
 4 201
 1 202
 3 203
 1 204
 4 205
 0 206
 0 207
 1 208
 2 209
 3 210
 0 211
 1 212
 0 213
 1 214
 1 215
 1 216
 1 217
 2 218
 1 219
 2 220
 1 221
 0 222
 1 223
 0 224
 0 225
 0 226
 0 227
 0 228
 0 229
 0 230
 0 231
 0 232
 0 233
 0 234
 0 235
 0 236
 0 237
 0 238
 0 239
 0 240
 0 241
 0 242
 0 243
 0 244
 0 245
 0 246
 0 247
 0 248
 0 249
 0 250
 0 251
 0 252
 0 253
 0 254
 0 255
 0 256
 0 257
 0 258
 0 259
 0 260
 0 261
 0 262
 0 263
 0 264
 0 265
 0 266
 0 267
 0 268
 0 269
 0 270
 0 271
 0 272
 0 273
 0 274
 0 275
 0 276
 0 277
 0 278
 0 279
 0 280
 0 281
 0 282
 1 283
 0 284
 1 285
 0 286
 0 287
 0 288
 1 289
 1 290
 2 291
 1 292
 2 293
 0 294
 3 295
 1 296
 2 297
 1 298
 1 299
 4 300
 0 301
 0 302
 2 303
 5 304
 0 305
 3 306
 1 307
 3 308
 0 309
 4 310
 2 311
 2 312
 3 313
 1 314
 0 315
 1 316
 2 317
 4 318
 4 319
 3 320
 4 321
 1 322
 2 323
 4 324
 2 325
 3 326
 0 327
 6 328
 1 329
 2 330
 1 331
 2 332
 1 333
 5 334
 4 335
 1 336
 4 337
 3 338
 2 339
 6 340
 3 341
 5 342
 3 343
 0 344
 2 345
 2 346
 4 347
 3 348
 3 349
 1 350
 2 351
 2 352
 2 353
 1 354
 1 355
 1 356
 5 357
 3 358
 4 359
 1 360
 3 361
 2 362
 1 363
 1 364
 2 365
 1 366
 2 367
 2 368
 0 369
 2 370
 0 371
 0 372
 1 373
 2 374
 1 375
 1 376
 0 377
 0 378
 0 379
 1 380
 0 381
 0 382
 2 383
 1 384
 1 385
 1 386
 0 387
 2 388
 0 389
 0 390
 0 391
 0 392
 0 393
 0 394
 0 395
 0 396
 0 397
 0 398
 0 399
 0 400
 0 401
 0 402
 0 403
 1 404
 0 405
 0 406
 1 407
 0 408
 0 409
 0 410
 0 411
 1 412
 0 413
 0 414
 0 415
 0 416
 0 417
 0 418
 0 419
 0 420
 0 421
 0 422
 0 423
 0 424
 0 425
 0 426
 0 427
 0 428
 0 429
 0 430
 0 431
 0 432
 0 433
 0 434
 0 435
 0 436
 0 437
 0 438
 0 439
 0 440
 0 441
 0 442
 0 443
 0 444
 0 445
 0 446
 0 447
 0 448
 0 449
 0 450
 0 451
 0 452
 0 453
 0 454
 0 455
 0 456
 0 457
 0 458
 0 459
 0 460
 0 461
 0 462
 0 463
 0 464
 0 465
 0 466
 0 467
 0 468
 0 469
 0 470
 0 471
 0 472
 0 473
 0 474
 0 475
 0 476
 0 477
 0 478
 0 479
 0 480
 0 481
 0 482
 0 483
 0 484
 0 485
 0 486
 0 487
 0 488
 0 489
 0 490
 0 491
 0 492
 0 493
 0 494
 0 495
 0 496
 0 497
 0 498
 0 499
 0 500
 0 501
 0 502
 0 503
 0 504
 0 505
 0 506
 0 507
 0 508
 0 509
 0 510
 0 511
 0 512
 0 513
 0 514
 0 515
 0 516
 0 517
 0 518
 0 519
 0 520
 0 521
 0 522
 0 523
 0 524
 0 525
 0 526
 0 527
 0 528
 0 529
 0 530
 0 531
 0 532
 0 533
 0 534
 0 535
 0 536
 0 537
 0 538
 0 539
 0 540
 0 541
 0 542
 0 543
 0 544
 0 545
 0 546
 0 547
 0 548
 0 549
 0 550
 0 551
 0 552
 0 553
 0 554
 0 555
 0 556
 0 557
 0 558
 0 559
 0 560
 0 561
 0 562
 0 563
 0 564
 0 565
 0 566
 0 567
 0 568
 0 569
 0 570
 0 571
 0 572
 0 573
 0 574
 0 575
 0 576
 0 577
 0 578
 0 579
 0 580
 0 581
 0 582
 0 583
 0 584
 0 585
 0 586
 0 587
 0 588
 0 589
 0 590
 0 591
 0 592
 0 593
 0 594
 0 595
 0 596
 0 597
 0 598
 0 599
 0 600


