# Created by Octave 3.8.2, Mon Jun 22 14:15:27 2020 CEST <damian@fptrucha.inv.usc.es>
# name: hd
# type: matrix
# rows: 551
# columns: 2
 0 50
 0 51
 0 52
 0 53
 0 54
 0 55
 0 56
 0 57
 0 58
 0 59
 0 60
 0 61
 0 62
 0 63
 0 64
 0 65
 0 66
 0 67
 0 68
 0 69
 0 70
 0 71
 0 72
 0 73
 0 74
 0 75
 0 76
 0 77
 0 78
 0 79
 0 80
 0 81
 0 82
 0 83
 0 84
 0 85
 0 86
 0 87
 0 88
 2 89
 1 90
 25 91
 83 92
 130 93
 184 94
 275 95
 453 96
 578 97
 830 98
 990 99
 1265 100
 1352 101
 1411 102
 1562 103
 1556 104
 1558 105
 1464 106
 1485 107
 1423 108
 1381 109
 1294 110
 1262 111
 1149 112
 1061 113
 1001 114
 933 115
 847 116
 783 117
 693 118
 680 119
 581 120
 530 121
 421 122
 426 123
 411 124
 361 125
 335 126
 287 127
 311 128
 258 129
 226 130
 243 131
 209 132
 196 133
 183 134
 133 135
 151 136
 139 137
 150 138
 120 139
 112 140
 114 141
 102 142
 98 143
 88 144
 75 145
 79 146
 77 147
 68 148
 70 149
 51 150
 45 151
 54 152
 62 153
 53 154
 40 155
 52 156
 43 157
 41 158
 35 159
 31 160
 38 161
 35 162
 35 163
 28 164
 39 165
 30 166
 19 167
 16 168
 13 169
 18 170
 11 171
 23 172
 12 173
 13 174
 17 175
 14 176
 11 177
 10 178
 15 179
 13 180
 10 181
 15 182
 11 183
 5 184
 7 185
 12 186
 6 187
 6 188
 7 189
 3 190
 1 191
 5 192
 4 193
 3 194
 3 195
 2 196
 6 197
 5 198
 3 199
 4 200
 5 201
 2 202
 2 203
 1 204
 1 205
 0 206
 0 207
 1 208
 0 209
 0 210
 1 211
 1 212
 0 213
 0 214
 1 215
 0 216
 0 217
 0 218
 1 219
 0 220
 0 221
 0 222
 0 223
 0 224
 0 225
 0 226
 1 227
 0 228
 0 229
 0 230
 0 231
 1 232
 0 233
 1 234
 0 235
 0 236
 0 237
 0 238
 0 239
 0 240
 0 241
 0 242
 0 243
 0 244
 0 245
 0 246
 0 247
 0 248
 0 249
 0 250
 0 251
 0 252
 0 253
 0 254
 0 255
 0 256
 0 257
 0 258
 0 259
 0 260
 0 261
 0 262
 0 263
 0 264
 0 265
 0 266
 0 267
 0 268
 0 269
 1 270
 0 271
 0 272
 0 273
 0 274
 0 275
 0 276
 0 277
 0 278
 0 279
 0 280
 0 281
 2 282
 0 283
 2 284
 1 285
 0 286
 0 287
 0 288
 2 289
 0 290
 0 291
 1 292
 0 293
 0 294
 2 295
 1 296
 2 297
 1 298
 3 299
 1 300
 3 301
 0 302
 4 303
 3 304
 0 305
 5 306
 6 307
 5 308
 0 309
 2 310
 2 311
 4 312
 1 313
 4 314
 1 315
 2 316
 2 317
 4 318
 2 319
 2 320
 1 321
 1 322
 3 323
 2 324
 0 325
 2 326
 5 327
 3 328
 3 329
 0 330
 5 331
 4 332
 2 333
 2 334
 3 335
 1 336
 4 337
 4 338
 1 339
 2 340
 2 341
 3 342
 2 343
 3 344
 2 345
 0 346
 0 347
 1 348
 3 349
 0 350
 0 351
 1 352
 1 353
 5 354
 1 355
 2 356
 1 357
 3 358
 1 359
 0 360
 1 361
 2 362
 1 363
 2 364
 1 365
 1 366
 0 367
 1 368
 1 369
 1 370
 0 371
 0 372
 0 373
 0 374
 0 375
 0 376
 0 377
 1 378
 0 379
 1 380
 1 381
 1 382
 1 383
 0 384
 0 385
 0 386
 1 387
 0 388
 1 389
 2 390
 0 391
 0 392
 0 393
 0 394
 0 395
 0 396
 0 397
 0 398
 0 399
 0 400
 0 401
 0 402
 0 403
 0 404
 0 405
 0 406
 0 407
 0 408
 0 409
 0 410
 0 411
 0 412
 0 413
 0 414
 0 415
 0 416
 0 417
 0 418
 0 419
 0 420
 0 421
 0 422
 0 423
 0 424
 0 425
 0 426
 0 427
 0 428
 0 429
 1 430
 0 431
 0 432
 0 433
 0 434
 0 435
 0 436
 0 437
 0 438
 0 439
 0 440
 0 441
 0 442
 0 443
 0 444
 0 445
 0 446
 0 447
 0 448
 0 449
 0 450
 0 451
 0 452
 0 453
 0 454
 0 455
 0 456
 0 457
 0 458
 0 459
 0 460
 0 461
 0 462
 0 463
 0 464
 0 465
 0 466
 0 467
 0 468
 0 469
 0 470
 0 471
 0 472
 0 473
 0 474
 0 475
 0 476
 0 477
 0 478
 0 479
 0 480
 0 481
 0 482
 0 483
 0 484
 0 485
 0 486
 0 487
 0 488
 0 489
 0 490
 0 491
 0 492
 0 493
 0 494
 0 495
 0 496
 0 497
 0 498
 0 499
 0 500
 0 501
 0 502
 0 503
 0 504
 0 505
 0 506
 0 507
 0 508
 0 509
 0 510
 0 511
 0 512
 0 513
 0 514
 0 515
 0 516
 0 517
 0 518
 0 519
 0 520
 0 521
 0 522
 0 523
 0 524
 0 525
 0 526
 0 527
 0 528
 0 529
 0 530
 0 531
 0 532
 0 533
 0 534
 0 535
 0 536
 0 537
 0 538
 0 539
 0 540
 0 541
 0 542
 0 543
 0 544
 0 545
 0 546
 0 547
 0 548
 0 549
 0 550
 0 551
 0 552
 0 553
 0 554
 0 555
 0 556
 0 557
 0 558
 0 559
 0 560
 0 561
 0 562
 0 563
 0 564
 0 565
 0 566
 0 567
 0 568
 0 569
 0 570
 0 571
 0 572
 0 573
 0 574
 0 575
 0 576
 0 577
 0 578
 0 579
 0 580
 0 581
 0 582
 0 583
 0 584
 0 585
 0 586
 0 587
 0 588
 0 589
 0 590
 0 591
 0 592
 0 593
 0 594
 0 595
 0 596
 0 597
 0 598
 0 599
 0 600


