# Created by Octave 3.8.2, Mon Jun 22 00:21:00 2020 CEST <damian@fptrucha.inv.usc.es>
# name: hd
# type: matrix
# rows: 551
# columns: 2
 0 50
 0 51
 0 52
 0 53
 0 54
 0 55
 0 56
 0 57
 0 58
 0 59
 0 60
 0 61
 0 62
 0 63
 0 64
 0 65
 0 66
 0 67
 0 68
 0 69
 0 70
 0 71
 0 72
 0 73
 0 74
 0 75
 0 76
 0 77
 0 78
 0 79
 0 80
 0 81
 0 82
 0 83
 0 84
 0 85
 0 86
 0 87
 0 88
 2 89
 5 90
 32 91
 54 92
 124 93
 153 94
 210 95
 378 96
 530 97
 635 98
 757 99
 908 100
 927 101
 1021 102
 1091 103
 1103 104
 1248 105
 1201 106
 1216 107
 1284 108
 1201 109
 1146 110
 1147 111
 1122 112
 1111 113
 1024 114
 1038 115
 919 116
 886 117
 781 118
 741 119
 726 120
 701 121
 649 122
 568 123
 551 124
 508 125
 452 126
 459 127
 445 128
 390 129
 363 130
 323 131
 273 132
 249 133
 256 134
 226 135
 212 136
 197 137
 185 138
 153 139
 159 140
 155 141
 140 142
 127 143
 115 144
 113 145
 87 146
 94 147
 82 148
 92 149
 80 150
 71 151
 69 152
 77 153
 60 154
 52 155
 54 156
 39 157
 50 158
 50 159
 42 160
 40 161
 38 162
 34 163
 32 164
 26 165
 18 166
 25 167
 26 168
 24 169
 24 170
 15 171
 19 172
 13 173
 13 174
 12 175
 23 176
 15 177
 12 178
 9 179
 14 180
 12 181
 10 182
 11 183
 6 184
 6 185
 13 186
 4 187
 4 188
 5 189
 4 190
 7 191
 1 192
 4 193
 5 194
 0 195
 2 196
 6 197
 0 198
 0 199
 1 200
 1 201
 2 202
 1 203
 3 204
 3 205
 1 206
 1 207
 0 208
 1 209
 0 210
 0 211
 2 212
 1 213
 0 214
 1 215
 2 216
 1 217
 0 218
 0 219
 0 220
 2 221
 0 222
 0 223
 1 224
 0 225
 1 226
 0 227
 1 228
 0 229
 0 230
 0 231
 0 232
 0 233
 0 234
 0 235
 0 236
 0 237
 0 238
 0 239
 0 240
 0 241
 0 242
 0 243
 0 244
 0 245
 0 246
 0 247
 0 248
 0 249
 0 250
 0 251
 0 252
 0 253
 0 254
 0 255
 0 256
 0 257
 0 258
 0 259
 0 260
 0 261
 0 262
 0 263
 0 264
 0 265
 0 266
 0 267
 0 268
 0 269
 0 270
 0 271
 1 272
 0 273
 0 274
 1 275
 0 276
 0 277
 0 278
 0 279
 0 280
 0 281
 0 282
 0 283
 0 284
 0 285
 2 286
 0 287
 0 288
 1 289
 0 290
 0 291
 1 292
 1 293
 0 294
 0 295
 1 296
 1 297
 3 298
 3 299
 1 300
 2 301
 3 302
 3 303
 0 304
 3 305
 0 306
 2 307
 4 308
 1 309
 1 310
 0 311
 1 312
 4 313
 4 314
 1 315
 1 316
 0 317
 2 318
 4 319
 1 320
 3 321
 6 322
 4 323
 6 324
 0 325
 6 326
 2 327
 2 328
 3 329
 5 330
 0 331
 3 332
 6 333
 2 334
 3 335
 4 336
 3 337
 2 338
 1 339
 4 340
 1 341
 3 342
 2 343
 0 344
 0 345
 3 346
 2 347
 2 348
 1 349
 2 350
 6 351
 3 352
 1 353
 0 354
 1 355
 1 356
 1 357
 1 358
 3 359
 0 360
 2 361
 1 362
 2 363
 0 364
 1 365
 4 366
 0 367
 0 368
 2 369
 1 370
 1 371
 0 372
 1 373
 1 374
 0 375
 0 376
 3 377
 1 378
 2 379
 0 380
 2 381
 1 382
 1 383
 1 384
 1 385
 1 386
 0 387
 1 388
 1 389
 1 390
 0 391
 1 392
 1 393
 0 394
 0 395
 0 396
 1 397
 0 398
 0 399
 0 400
 0 401
 0 402
 0 403
 0 404
 0 405
 0 406
 0 407
 0 408
 0 409
 0 410
 0 411
 0 412
 0 413
 0 414
 0 415
 0 416
 0 417
 0 418
 0 419
 0 420
 0 421
 0 422
 0 423
 0 424
 0 425
 0 426
 0 427
 0 428
 0 429
 0 430
 0 431
 0 432
 0 433
 0 434
 0 435
 0 436
 1 437
 0 438
 0 439
 0 440
 0 441
 0 442
 0 443
 0 444
 0 445
 0 446
 0 447
 0 448
 0 449
 0 450
 0 451
 0 452
 0 453
 0 454
 0 455
 0 456
 0 457
 0 458
 0 459
 0 460
 0 461
 0 462
 0 463
 0 464
 0 465
 0 466
 0 467
 0 468
 0 469
 0 470
 0 471
 0 472
 0 473
 0 474
 0 475
 0 476
 0 477
 0 478
 0 479
 0 480
 0 481
 0 482
 0 483
 0 484
 0 485
 0 486
 0 487
 0 488
 0 489
 0 490
 0 491
 0 492
 0 493
 0 494
 0 495
 0 496
 0 497
 0 498
 0 499
 0 500
 0 501
 0 502
 0 503
 0 504
 0 505
 0 506
 0 507
 0 508
 0 509
 0 510
 0 511
 0 512
 0 513
 0 514
 0 515
 0 516
 0 517
 0 518
 0 519
 0 520
 0 521
 0 522
 0 523
 0 524
 0 525
 0 526
 0 527
 0 528
 0 529
 0 530
 0 531
 0 532
 0 533
 0 534
 0 535
 0 536
 0 537
 0 538
 0 539
 0 540
 0 541
 0 542
 0 543
 0 544
 0 545
 0 546
 0 547
 0 548
 0 549
 0 550
 0 551
 0 552
 0 553
 0 554
 0 555
 0 556
 0 557
 0 558
 0 559
 0 560
 0 561
 0 562
 0 563
 0 564
 0 565
 0 566
 0 567
 0 568
 0 569
 0 570
 0 571
 0 572
 0 573
 0 574
 0 575
 0 576
 0 577
 0 578
 0 579
 0 580
 0 581
 0 582
 0 583
 0 584
 0 585
 0 586
 0 587
 0 588
 0 589
 0 590
 0 591
 0 592
 0 593
 0 594
 0 595
 0 596
 0 597
 0 598
 0 599
 0 600


