# Created by Octave 3.8.2, Sat Jun 20 21:37:24 2020 CEST <damian@fptrucha.inv.usc.es>
# name: hd
# type: matrix
# rows: 551
# columns: 2
 0 50
 0 51
 0 52
 0 53
 0 54
 0 55
 0 56
 0 57
 0 58
 0 59
 0 60
 0 61
 0 62
 0 63
 0 64
 0 65
 0 66
 0 67
 0 68
 0 69
 0 70
 0 71
 0 72
 0 73
 0 74
 0 75
 0 76
 0 77
 0 78
 0 79
 0 80
 0 81
 0 82
 0 83
 0 84
 0 85
 0 86
 0 87
 0 88
 1 89
 1 90
 20 91
 85 92
 105 93
 154 94
 268 95
 392 96
 564 97
 716 98
 829 99
 973 100
 1040 101
 1119 102
 1148 103
 1257 104
 1244 105
 1302 106
 1244 107
 1204 108
 1255 109
 1253 110
 1175 111
 1189 112
 1119 113
 1035 114
 943 115
 877 116
 805 117
 762 118
 773 119
 755 120
 679 121
 550 122
 544 123
 540 124
 507 125
 440 126
 399 127
 364 128
 329 129
 346 130
 268 131
 265 132
 242 133
 225 134
 218 135
 198 136
 161 137
 153 138
 159 139
 124 140
 124 141
 133 142
 125 143
 116 144
 78 145
 79 146
 104 147
 99 148
 77 149
 85 150
 66 151
 80 152
 65 153
 63 154
 61 155
 46 156
 50 157
 42 158
 36 159
 39 160
 33 161
 33 162
 32 163
 25 164
 19 165
 29 166
 16 167
 21 168
 20 169
 22 170
 11 171
 11 172
 19 173
 9 174
 7 175
 9 176
 12 177
 9 178
 14 179
 11 180
 9 181
 8 182
 9 183
 6 184
 6 185
 6 186
 5 187
 4 188
 6 189
 7 190
 7 191
 5 192
 4 193
 3 194
 4 195
 5 196
 1 197
 2 198
 6 199
 3 200
 0 201
 4 202
 1 203
 2 204
 1 205
 1 206
 0 207
 0 208
 2 209
 1 210
 0 211
 2 212
 0 213
 0 214
 0 215
 0 216
 1 217
 0 218
 0 219
 1 220
 2 221
 0 222
 0 223
 0 224
 1 225
 1 226
 0 227
 0 228
 0 229
 0 230
 1 231
 0 232
 0 233
 0 234
 0 235
 1 236
 0 237
 0 238
 0 239
 0 240
 0 241
 0 242
 0 243
 0 244
 0 245
 0 246
 0 247
 0 248
 0 249
 0 250
 0 251
 0 252
 0 253
 0 254
 1 255
 0 256
 0 257
 0 258
 0 259
 0 260
 0 261
 0 262
 0 263
 0 264
 0 265
 0 266
 0 267
 0 268
 0 269
 0 270
 0 271
 2 272
 0 273
 0 274
 0 275
 0 276
 0 277
 0 278
 0 279
 1 280
 1 281
 0 282
 0 283
 0 284
 0 285
 1 286
 0 287
 0 288
 2 289
 1 290
 1 291
 0 292
 1 293
 0 294
 2 295
 0 296
 1 297
 0 298
 1 299
 2 300
 2 301
 3 302
 1 303
 1 304
 0 305
 1 306
 2 307
 2 308
 2 309
 1 310
 2 311
 0 312
 1 313
 4 314
 1 315
 2 316
 2 317
 3 318
 1 319
 1 320
 2 321
 2 322
 2 323
 3 324
 5 325
 2 326
 2 327
 2 328
 2 329
 1 330
 0 331
 5 332
 2 333
 0 334
 3 335
 1 336
 2 337
 3 338
 1 339
 5 340
 1 341
 6 342
 1 343
 8 344
 1 345
 1 346
 2 347
 3 348
 2 349
 2 350
 2 351
 4 352
 1 353
 2 354
 4 355
 5 356
 3 357
 0 358
 2 359
 2 360
 2 361
 1 362
 1 363
 1 364
 2 365
 2 366
 0 367
 1 368
 1 369
 1 370
 2 371
 3 372
 1 373
 0 374
 1 375
 4 376
 1 377
 0 378
 0 379
 1 380
 3 381
 1 382
 0 383
 1 384
 0 385
 0 386
 1 387
 0 388
 0 389
 0 390
 1 391
 1 392
 1 393
 0 394
 0 395
 2 396
 1 397
 0 398
 0 399
 0 400
 0 401
 0 402
 0 403
 0 404
 1 405
 0 406
 0 407
 1 408
 0 409
 0 410
 0 411
 1 412
 0 413
 0 414
 0 415
 0 416
 0 417
 0 418
 0 419
 0 420
 0 421
 0 422
 0 423
 0 424
 0 425
 0 426
 0 427
 1 428
 0 429
 0 430
 0 431
 0 432
 0 433
 0 434
 0 435
 0 436
 0 437
 0 438
 0 439
 0 440
 0 441
 0 442
 0 443
 0 444
 0 445
 0 446
 0 447
 0 448
 0 449
 0 450
 0 451
 0 452
 0 453
 0 454
 0 455
 0 456
 0 457
 0 458
 0 459
 0 460
 0 461
 0 462
 0 463
 0 464
 0 465
 0 466
 0 467
 0 468
 0 469
 0 470
 0 471
 0 472
 0 473
 0 474
 0 475
 0 476
 0 477
 0 478
 0 479
 0 480
 0 481
 0 482
 0 483
 0 484
 0 485
 0 486
 0 487
 0 488
 0 489
 0 490
 0 491
 0 492
 0 493
 0 494
 0 495
 0 496
 0 497
 0 498
 0 499
 0 500
 0 501
 0 502
 0 503
 0 504
 0 505
 0 506
 0 507
 0 508
 0 509
 0 510
 0 511
 0 512
 0 513
 0 514
 0 515
 0 516
 0 517
 0 518
 0 519
 0 520
 0 521
 0 522
 0 523
 0 524
 0 525
 0 526
 0 527
 0 528
 0 529
 0 530
 0 531
 0 532
 0 533
 0 534
 0 535
 0 536
 0 537
 0 538
 0 539
 0 540
 0 541
 0 542
 0 543
 0 544
 0 545
 0 546
 0 547
 0 548
 0 549
 0 550
 0 551
 0 552
 0 553
 0 554
 0 555
 0 556
 0 557
 0 558
 0 559
 0 560
 0 561
 0 562
 0 563
 0 564
 0 565
 0 566
 0 567
 0 568
 0 569
 0 570
 0 571
 0 572
 0 573
 0 574
 0 575
 0 576
 0 577
 0 578
 0 579
 0 580
 0 581
 0 582
 0 583
 0 584
 0 585
 0 586
 0 587
 0 588
 0 589
 0 590
 0 591
 0 592
 0 593
 0 594
 0 595
 0 596
 0 597
 0 598
 0 599
 0 600


