# Created by Octave 3.8.2, Sat Jun 20 06:01:03 2020 CEST <damian@fptrucha.inv.usc.es>
# name: hd
# type: matrix
# rows: 551
# columns: 2
 0 50
 0 51
 0 52
 0 53
 0 54
 0 55
 0 56
 0 57
 0 58
 0 59
 0 60
 0 61
 0 62
 0 63
 0 64
 0 65
 0 66
 0 67
 0 68
 0 69
 0 70
 0 71
 0 72
 0 73
 0 74
 0 75
 0 76
 0 77
 0 78
 0 79
 0 80
 0 81
 0 82
 0 83
 0 84
 0 85
 0 86
 0 87
 6 88
 3 89
 5 90
 33 91
 105 92
 122 93
 208 94
 334 95
 465 96
 715 97
 888 98
 1098 99
 1342 100
 1369 101
 1505 102
 1487 103
 1600 104
 1620 105
 1566 106
 1580 107
 1495 108
 1524 109
 1459 110
 1354 111
 1291 112
 1233 113
 1128 114
 1167 115
 966 116
 967 117
 859 118
 794 119
 744 120
 686 121
 625 122
 508 123
 496 124
 488 125
 463 126
 366 127
 358 128
 310 129
 297 130
 284 131
 236 132
 225 133
 194 134
 191 135
 183 136
 182 137
 154 138
 162 139
 147 140
 123 141
 100 142
 117 143
 88 144
 85 145
 85 146
 91 147
 70 148
 76 149
 85 150
 57 151
 60 152
 62 153
 44 154
 39 155
 50 156
 36 157
 57 158
 38 159
 33 160
 38 161
 33 162
 25 163
 17 164
 32 165
 19 166
 23 167
 18 168
 15 169
 22 170
 19 171
 13 172
 8 173
 16 174
 8 175
 11 176
 8 177
 4 178
 13 179
 9 180
 12 181
 5 182
 6 183
 8 184
 7 185
 2 186
 6 187
 5 188
 3 189
 10 190
 3 191
 4 192
 1 193
 5 194
 1 195
 3 196
 5 197
 3 198
 2 199
 0 200
 2 201
 1 202
 2 203
 0 204
 2 205
 0 206
 1 207
 3 208
 1 209
 1 210
 0 211
 1 212
 0 213
 0 214
 0 215
 1 216
 0 217
 1 218
 0 219
 0 220
 0 221
 1 222
 1 223
 1 224
 0 225
 0 226
 1 227
 0 228
 0 229
 0 230
 0 231
 0 232
 0 233
 0 234
 0 235
 0 236
 0 237
 0 238
 0 239
 0 240
 0 241
 0 242
 0 243
 0 244
 0 245
 0 246
 0 247
 1 248
 0 249
 0 250
 0 251
 0 252
 0 253
 0 254
 0 255
 0 256
 1 257
 0 258
 0 259
 0 260
 0 261
 0 262
 0 263
 0 264
 1 265
 0 266
 0 267
 0 268
 0 269
 0 270
 0 271
 0 272
 0 273
 0 274
 0 275
 0 276
 0 277
 0 278
 0 279
 0 280
 0 281
 0 282
 2 283
 0 284
 0 285
 0 286
 0 287
 0 288
 0 289
 0 290
 1 291
 1 292
 1 293
 1 294
 1 295
 0 296
 0 297
 2 298
 0 299
 0 300
 2 301
 1 302
 2 303
 0 304
 1 305
 1 306
 2 307
 1 308
 3 309
 1 310
 2 311
 0 312
 5 313
 0 314
 1 315
 2 316
 2 317
 0 318
 2 319
 3 320
 2 321
 5 322
 2 323
 2 324
 4 325
 3 326
 2 327
 2 328
 3 329
 4 330
 0 331
 2 332
 1 333
 5 334
 1 335
 2 336
 2 337
 2 338
 0 339
 3 340
 2 341
 0 342
 2 343
 1 344
 2 345
 1 346
 2 347
 0 348
 3 349
 3 350
 0 351
 1 352
 0 353
 3 354
 1 355
 3 356
 0 357
 0 358
 1 359
 0 360
 3 361
 1 362
 1 363
 3 364
 3 365
 1 366
 2 367
 1 368
 1 369
 1 370
 1 371
 0 372
 0 373
 2 374
 1 375
 2 376
 1 377
 1 378
 0 379
 1 380
 0 381
 0 382
 0 383
 0 384
 3 385
 1 386
 0 387
 1 388
 1 389
 0 390
 1 391
 0 392
 2 393
 0 394
 1 395
 0 396
 0 397
 0 398
 0 399
 0 400
 0 401
 0 402
 0 403
 0 404
 0 405
 1 406
 1 407
 0 408
 0 409
 1 410
 0 411
 0 412
 0 413
 0 414
 0 415
 0 416
 0 417
 0 418
 0 419
 0 420
 0 421
 0 422
 0 423
 0 424
 0 425
 0 426
 0 427
 0 428
 0 429
 0 430
 0 431
 0 432
 0 433
 0 434
 0 435
 0 436
 0 437
 0 438
 0 439
 0 440
 0 441
 0 442
 0 443
 0 444
 0 445
 0 446
 0 447
 0 448
 0 449
 0 450
 0 451
 0 452
 0 453
 0 454
 0 455
 0 456
 0 457
 0 458
 0 459
 0 460
 0 461
 0 462
 0 463
 0 464
 0 465
 0 466
 0 467
 0 468
 0 469
 0 470
 0 471
 0 472
 0 473
 0 474
 0 475
 0 476
 0 477
 0 478
 0 479
 0 480
 0 481
 0 482
 0 483
 0 484
 0 485
 0 486
 0 487
 0 488
 0 489
 0 490
 0 491
 0 492
 0 493
 0 494
 0 495
 0 496
 0 497
 0 498
 0 499
 0 500
 0 501
 0 502
 0 503
 0 504
 0 505
 0 506
 0 507
 0 508
 0 509
 0 510
 0 511
 0 512
 0 513
 0 514
 0 515
 0 516
 0 517
 0 518
 0 519
 0 520
 0 521
 0 522
 0 523
 0 524
 0 525
 0 526
 0 527
 0 528
 0 529
 0 530
 0 531
 0 532
 0 533
 0 534
 0 535
 0 536
 0 537
 0 538
 0 539
 0 540
 0 541
 0 542
 0 543
 0 544
 0 545
 0 546
 0 547
 0 548
 0 549
 0 550
 0 551
 0 552
 0 553
 0 554
 0 555
 0 556
 0 557
 0 558
 0 559
 0 560
 0 561
 0 562
 0 563
 0 564
 0 565
 0 566
 0 567
 0 568
 0 569
 0 570
 0 571
 0 572
 0 573
 0 574
 0 575
 0 576
 0 577
 0 578
 0 579
 0 580
 0 581
 0 582
 0 583
 0 584
 0 585
 0 586
 0 587
 0 588
 0 589
 0 590
 0 591
 0 592
 0 593
 0 594
 0 595
 0 596
 0 597
 0 598
 0 599
 0 600


