# Created by Octave 3.8.2, Mon Jun 22 14:28:55 2020 CEST <damian@fptrucha.inv.usc.es>
# name: hd
# type: matrix
# rows: 551
# columns: 2
 0 50
 0 51
 0 52
 0 53
 0 54
 0 55
 0 56
 0 57
 0 58
 0 59
 0 60
 0 61
 0 62
 0 63
 0 64
 0 65
 0 66
 0 67
 0 68
 0 69
 0 70
 0 71
 0 72
 0 73
 0 74
 0 75
 0 76
 0 77
 0 78
 0 79
 0 80
 0 81
 0 82
 0 83
 0 84
 0 85
 0 86
 0 87
 0 88
 0 89
 2 90
 21 91
 86 92
 117 93
 182 94
 284 95
 426 96
 703 97
 900 98
 1023 99
 1298 100
 1318 101
 1524 102
 1471 103
 1529 104
 1589 105
 1596 106
 1498 107
 1494 108
 1370 109
 1313 110
 1266 111
 1120 112
 1022 113
 939 114
 945 115
 793 116
 718 117
 706 118
 654 119
 541 120
 543 121
 484 122
 448 123
 433 124
 395 125
 350 126
 312 127
 299 128
 261 129
 228 130
 215 131
 219 132
 184 133
 180 134
 159 135
 150 136
 144 137
 126 138
 110 139
 118 140
 111 141
 103 142
 106 143
 101 144
 81 145
 70 146
 73 147
 59 148
 58 149
 72 150
 56 151
 57 152
 61 153
 42 154
 47 155
 35 156
 51 157
 42 158
 40 159
 37 160
 34 161
 29 162
 34 163
 22 164
 27 165
 28 166
 14 167
 18 168
 22 169
 22 170
 12 171
 18 172
 13 173
 20 174
 19 175
 11 176
 11 177
 8 178
 12 179
 12 180
 7 181
 10 182
 5 183
 11 184
 5 185
 10 186
 7 187
 5 188
 7 189
 5 190
 2 191
 4 192
 4 193
 4 194
 1 195
 1 196
 5 197
 3 198
 4 199
 3 200
 2 201
 1 202
 3 203
 1 204
 4 205
 1 206
 3 207
 4 208
 1 209
 0 210
 1 211
 0 212
 2 213
 1 214
 1 215
 3 216
 0 217
 1 218
 0 219
 0 220
 0 221
 2 222
 0 223
 0 224
 0 225
 1 226
 0 227
 0 228
 0 229
 0 230
 0 231
 0 232
 0 233
 0 234
 0 235
 0 236
 0 237
 0 238
 0 239
 0 240
 0 241
 0 242
 0 243
 0 244
 0 245
 0 246
 0 247
 0 248
 0 249
 0 250
 0 251
 0 252
 0 253
 0 254
 0 255
 0 256
 0 257
 0 258
 0 259
 0 260
 0 261
 0 262
 0 263
 0 264
 0 265
 0 266
 0 267
 0 268
 0 269
 0 270
 0 271
 0 272
 0 273
 1 274
 0 275
 0 276
 0 277
 0 278
 0 279
 0 280
 1 281
 0 282
 1 283
 0 284
 0 285
 1 286
 1 287
 2 288
 3 289
 2 290
 2 291
 0 292
 0 293
 1 294
 0 295
 0 296
 0 297
 1 298
 3 299
 0 300
 3 301
 1 302
 4 303
 1 304
 1 305
 3 306
 3 307
 2 308
 1 309
 1 310
 3 311
 1 312
 3 313
 3 314
 2 315
 2 316
 2 317
 3 318
 2 319
 2 320
 2 321
 2 322
 2 323
 1 324
 3 325
 6 326
 3 327
 1 328
 2 329
 1 330
 1 331
 0 332
 8 333
 2 334
 1 335
 2 336
 2 337
 7 338
 1 339
 1 340
 3 341
 0 342
 5 343
 4 344
 2 345
 1 346
 2 347
 0 348
 2 349
 1 350
 3 351
 0 352
 3 353
 1 354
 3 355
 1 356
 0 357
 1 358
 1 359
 2 360
 3 361
 0 362
 0 363
 1 364
 3 365
 2 366
 0 367
 0 368
 1 369
 0 370
 1 371
 1 372
 1 373
 3 374
 1 375
 0 376
 0 377
 1 378
 1 379
 1 380
 0 381
 0 382
 1 383
 0 384
 3 385
 0 386
 0 387
 0 388
 0 389
 0 390
 0 391
 0 392
 1 393
 0 394
 0 395
 1 396
 1 397
 0 398
 0 399
 0 400
 0 401
 0 402
 0 403
 0 404
 0 405
 0 406
 0 407
 0 408
 0 409
 1 410
 0 411
 0 412
 0 413
 0 414
 0 415
 0 416
 0 417
 0 418
 0 419
 0 420
 0 421
 0 422
 0 423
 0 424
 0 425
 0 426
 0 427
 0 428
 0 429
 0 430
 0 431
 0 432
 0 433
 0 434
 0 435
 0 436
 0 437
 0 438
 0 439
 0 440
 0 441
 0 442
 0 443
 0 444
 0 445
 0 446
 0 447
 0 448
 0 449
 0 450
 0 451
 0 452
 0 453
 0 454
 0 455
 0 456
 0 457
 0 458
 0 459
 0 460
 0 461
 0 462
 0 463
 0 464
 0 465
 0 466
 0 467
 0 468
 0 469
 0 470
 0 471
 0 472
 0 473
 0 474
 0 475
 0 476
 0 477
 0 478
 0 479
 0 480
 0 481
 0 482
 0 483
 0 484
 0 485
 0 486
 0 487
 0 488
 0 489
 0 490
 0 491
 0 492
 0 493
 0 494
 0 495
 0 496
 0 497
 0 498
 0 499
 0 500
 0 501
 0 502
 0 503
 0 504
 0 505
 0 506
 0 507
 0 508
 0 509
 0 510
 0 511
 0 512
 0 513
 0 514
 0 515
 0 516
 0 517
 0 518
 0 519
 0 520
 0 521
 0 522
 0 523
 0 524
 0 525
 0 526
 0 527
 0 528
 0 529
 0 530
 0 531
 0 532
 0 533
 0 534
 0 535
 0 536
 0 537
 0 538
 0 539
 0 540
 0 541
 0 542
 0 543
 0 544
 0 545
 0 546
 0 547
 0 548
 0 549
 0 550
 0 551
 0 552
 0 553
 0 554
 0 555
 0 556
 0 557
 0 558
 0 559
 0 560
 0 561
 0 562
 0 563
 0 564
 0 565
 0 566
 0 567
 0 568
 0 569
 0 570
 0 571
 0 572
 0 573
 0 574
 0 575
 0 576
 0 577
 0 578
 0 579
 0 580
 0 581
 0 582
 0 583
 0 584
 0 585
 0 586
 0 587
 0 588
 0 589
 0 590
 0 591
 0 592
 0 593
 0 594
 0 595
 0 596
 0 597
 0 598
 0 599
 0 600


