# Created by Octave 3.8.2, Sat Jun 20 09:32:12 2020 CEST <damian@fptrucha.inv.usc.es>
# name: hd
# type: matrix
# rows: 551
# columns: 2
 0 50
 0 51
 0 52
 0 53
 0 54
 0 55
 0 56
 0 57
 0 58
 0 59
 0 60
 0 61
 0 62
 0 63
 0 64
 0 65
 0 66
 0 67
 0 68
 0 69
 0 70
 0 71
 0 72
 0 73
 0 74
 0 75
 0 76
 0 77
 0 78
 0 79
 0 80
 0 81
 0 82
 0 83
 0 84
 0 85
 0 86
 0 87
 3 88
 3 89
 3 90
 37 91
 108 92
 154 93
 194 94
 330 95
 511 96
 730 97
 948 98
 1111 99
 1380 100
 1437 101
 1548 102
 1521 103
 1590 104
 1675 105
 1586 106
 1636 107
 1616 108
 1454 109
 1488 110
 1463 111
 1269 112
 1205 113
 1175 114
 1154 115
 983 116
 882 117
 878 118
 811 119
 717 120
 650 121
 602 122
 583 123
 486 124
 480 125
 401 126
 379 127
 331 128
 335 129
 294 130
 279 131
 209 132
 255 133
 204 134
 203 135
 173 136
 165 137
 136 138
 125 139
 122 140
 108 141
 127 142
 104 143
 115 144
 82 145
 95 146
 87 147
 66 148
 71 149
 76 150
 56 151
 51 152
 58 153
 51 154
 69 155
 53 156
 47 157
 40 158
 37 159
 32 160
 40 161
 31 162
 30 163
 15 164
 14 165
 32 166
 27 167
 18 168
 16 169
 10 170
 14 171
 17 172
 15 173
 13 174
 16 175
 12 176
 15 177
 9 178
 10 179
 10 180
 9 181
 6 182
 13 183
 4 184
 4 185
 5 186
 5 187
 2 188
 2 189
 5 190
 5 191
 3 192
 3 193
 0 194
 0 195
 3 196
 0 197
 1 198
 1 199
 1 200
 3 201
 3 202
 0 203
 1 204
 2 205
 0 206
 1 207
 0 208
 0 209
 0 210
 1 211
 1 212
 2 213
 0 214
 0 215
 0 216
 0 217
 0 218
 1 219
 0 220
 0 221
 0 222
 0 223
 0 224
 0 225
 0 226
 0 227
 0 228
 0 229
 0 230
 0 231
 0 232
 0 233
 0 234
 0 235
 0 236
 0 237
 0 238
 0 239
 0 240
 0 241
 0 242
 0 243
 0 244
 0 245
 0 246
 0 247
 0 248
 0 249
 0 250
 0 251
 0 252
 0 253
 0 254
 0 255
 0 256
 0 257
 0 258
 0 259
 0 260
 0 261
 0 262
 0 263
 0 264
 0 265
 0 266
 0 267
 0 268
 0 269
 0 270
 0 271
 0 272
 0 273
 0 274
 0 275
 1 276
 0 277
 0 278
 0 279
 0 280
 0 281
 1 282
 0 283
 0 284
 0 285
 0 286
 0 287
 1 288
 0 289
 1 290
 1 291
 0 292
 0 293
 1 294
 0 295
 3 296
 0 297
 0 298
 0 299
 2 300
 1 301
 2 302
 0 303
 1 304
 3 305
 2 306
 1 307
 1 308
 2 309
 0 310
 0 311
 2 312
 2 313
 1 314
 3 315
 2 316
 2 317
 1 318
 2 319
 2 320
 4 321
 2 322
 2 323
 0 324
 3 325
 2 326
 1 327
 3 328
 3 329
 3 330
 2 331
 1 332
 5 333
 3 334
 2 335
 1 336
 1 337
 2 338
 1 339
 0 340
 0 341
 5 342
 2 343
 1 344
 3 345
 3 346
 2 347
 3 348
 2 349
 1 350
 4 351
 3 352
 2 353
 3 354
 1 355
 0 356
 0 357
 0 358
 0 359
 0 360
 1 361
 0 362
 2 363
 0 364
 1 365
 2 366
 2 367
 1 368
 1 369
 1 370
 0 371
 0 372
 2 373
 1 374
 0 375
 0 376
 0 377
 1 378
 1 379
 0 380
 0 381
 0 382
 0 383
 0 384
 0 385
 0 386
 0 387
 0 388
 0 389
 0 390
 0 391
 0 392
 0 393
 1 394
 0 395
 0 396
 1 397
 0 398
 0 399
 1 400
 0 401
 0 402
 0 403
 1 404
 1 405
 0 406
 0 407
 0 408
 0 409
 0 410
 0 411
 0 412
 0 413
 0 414
 0 415
 0 416
 0 417
 0 418
 0 419
 0 420
 0 421
 0 422
 0 423
 0 424
 0 425
 0 426
 0 427
 0 428
 0 429
 0 430
 0 431
 0 432
 0 433
 0 434
 0 435
 0 436
 0 437
 0 438
 0 439
 0 440
 0 441
 0 442
 0 443
 0 444
 0 445
 0 446
 0 447
 0 448
 0 449
 0 450
 0 451
 0 452
 0 453
 0 454
 0 455
 0 456
 0 457
 0 458
 0 459
 0 460
 0 461
 0 462
 0 463
 0 464
 0 465
 0 466
 0 467
 0 468
 0 469
 0 470
 0 471
 0 472
 0 473
 0 474
 0 475
 0 476
 0 477
 0 478
 0 479
 0 480
 0 481
 0 482
 0 483
 0 484
 0 485
 0 486
 0 487
 0 488
 0 489
 0 490
 0 491
 0 492
 0 493
 0 494
 0 495
 0 496
 0 497
 0 498
 0 499
 0 500
 0 501
 0 502
 0 503
 0 504
 0 505
 0 506
 0 507
 0 508
 0 509
 0 510
 0 511
 0 512
 0 513
 0 514
 0 515
 0 516
 0 517
 0 518
 0 519
 0 520
 0 521
 0 522
 0 523
 0 524
 0 525
 0 526
 0 527
 0 528
 0 529
 0 530
 0 531
 0 532
 0 533
 0 534
 0 535
 0 536
 0 537
 0 538
 0 539
 0 540
 0 541
 0 542
 0 543
 0 544
 0 545
 0 546
 0 547
 0 548
 0 549
 0 550
 0 551
 0 552
 0 553
 0 554
 0 555
 0 556
 0 557
 0 558
 0 559
 0 560
 0 561
 0 562
 0 563
 0 564
 0 565
 0 566
 0 567
 0 568
 0 569
 0 570
 0 571
 0 572
 0 573
 0 574
 0 575
 0 576
 0 577
 0 578
 0 579
 0 580
 0 581
 0 582
 0 583
 0 584
 0 585
 0 586
 0 587
 0 588
 0 589
 0 590
 0 591
 0 592
 0 593
 0 594
 0 595
 0 596
 0 597
 0 598
 0 599
 0 600


