# Created by Octave 3.8.2, Sat Jun 20 20:25:06 2020 CEST <damian@fptrucha.inv.usc.es>
# name: hd
# type: matrix
# rows: 551
# columns: 2
 0 50
 0 51
 0 52
 0 53
 0 54
 0 55
 0 56
 0 57
 0 58
 0 59
 0 60
 0 61
 0 62
 0 63
 0 64
 0 65
 0 66
 0 67
 0 68
 0 69
 0 70
 0 71
 0 72
 0 73
 0 74
 0 75
 0 76
 0 77
 0 78
 0 79
 0 80
 0 81
 0 82
 0 83
 0 84
 0 85
 0 86
 0 87
 2 88
 2 89
 0 90
 31 91
 93 92
 124 93
 185 94
 273 95
 428 96
 584 97
 699 98
 835 99
 1033 100
 1106 101
 1177 102
 1193 103
 1311 104
 1307 105
 1295 106
 1331 107
 1328 108
 1288 109
 1252 110
 1227 111
 1149 112
 1097 113
 1066 114
 958 115
 958 116
 868 117
 843 118
 726 119
 705 120
 691 121
 648 122
 545 123
 512 124
 546 125
 419 126
 426 127
 380 128
 354 129
 279 130
 267 131
 254 132
 253 133
 204 134
 226 135
 188 136
 184 137
 178 138
 163 139
 142 140
 134 141
 132 142
 112 143
 107 144
 77 145
 88 146
 96 147
 62 148
 90 149
 73 150
 63 151
 55 152
 68 153
 46 154
 55 155
 53 156
 46 157
 51 158
 43 159
 42 160
 34 161
 34 162
 31 163
 31 164
 19 165
 38 166
 25 167
 12 168
 26 169
 15 170
 13 171
 20 172
 13 173
 15 174
 18 175
 11 176
 11 177
 13 178
 8 179
 13 180
 12 181
 9 182
 9 183
 6 184
 8 185
 8 186
 3 187
 4 188
 5 189
 5 190
 0 191
 1 192
 2 193
 1 194
 1 195
 0 196
 5 197
 2 198
 1 199
 2 200
 0 201
 2 202
 3 203
 0 204
 1 205
 1 206
 2 207
 2 208
 1 209
 0 210
 0 211
 0 212
 3 213
 1 214
 0 215
 0 216
 0 217
 0 218
 2 219
 0 220
 0 221
 1 222
 0 223
 0 224
 2 225
 0 226
 0 227
 0 228
 1 229
 0 230
 0 231
 0 232
 0 233
 0 234
 0 235
 0 236
 0 237
 0 238
 0 239
 0 240
 0 241
 0 242
 0 243
 0 244
 0 245
 0 246
 0 247
 0 248
 0 249
 0 250
 0 251
 0 252
 0 253
 0 254
 0 255
 0 256
 0 257
 1 258
 0 259
 0 260
 0 261
 0 262
 0 263
 0 264
 0 265
 0 266
 0 267
 0 268
 0 269
 0 270
 0 271
 0 272
 1 273
 0 274
 0 275
 0 276
 0 277
 0 278
 0 279
 0 280
 0 281
 0 282
 1 283
 1 284
 1 285
 0 286
 0 287
 0 288
 1 289
 1 290
 0 291
 0 292
 0 293
 0 294
 0 295
 1 296
 0 297
 1 298
 0 299
 0 300
 0 301
 0 302
 2 303
 1 304
 1 305
 3 306
 0 307
 3 308
 1 309
 2 310
 3 311
 3 312
 4 313
 0 314
 1 315
 0 316
 2 317
 0 318
 3 319
 3 320
 2 321
 2 322
 3 323
 1 324
 4 325
 3 326
 1 327
 3 328
 0 329
 1 330
 3 331
 2 332
 3 333
 0 334
 0 335
 3 336
 3 337
 2 338
 6 339
 2 340
 2 341
 2 342
 3 343
 1 344
 3 345
 2 346
 2 347
 3 348
 2 349
 0 350
 3 351
 2 352
 2 353
 2 354
 0 355
 5 356
 1 357
 5 358
 4 359
 3 360
 2 361
 1 362
 0 363
 0 364
 0 365
 3 366
 1 367
 2 368
 3 369
 0 370
 0 371
 1 372
 0 373
 0 374
 0 375
 1 376
 2 377
 0 378
 0 379
 0 380
 0 381
 0 382
 1 383
 1 384
 0 385
 0 386
 0 387
 0 388
 1 389
 2 390
 0 391
 0 392
 0 393
 1 394
 0 395
 0 396
 0 397
 0 398
 0 399
 1 400
 0 401
 0 402
 0 403
 1 404
 0 405
 0 406
 0 407
 0 408
 0 409
 0 410
 0 411
 0 412
 0 413
 0 414
 1 415
 0 416
 0 417
 0 418
 1 419
 0 420
 0 421
 0 422
 0 423
 0 424
 0 425
 0 426
 0 427
 0 428
 0 429
 0 430
 0 431
 0 432
 0 433
 0 434
 0 435
 0 436
 0 437
 0 438
 0 439
 0 440
 0 441
 0 442
 0 443
 0 444
 0 445
 0 446
 0 447
 0 448
 0 449
 0 450
 0 451
 0 452
 0 453
 0 454
 0 455
 0 456
 0 457
 0 458
 0 459
 0 460
 0 461
 0 462
 0 463
 0 464
 0 465
 0 466
 0 467
 0 468
 0 469
 0 470
 0 471
 0 472
 0 473
 0 474
 0 475
 0 476
 0 477
 0 478
 0 479
 0 480
 0 481
 0 482
 0 483
 0 484
 0 485
 0 486
 0 487
 0 488
 0 489
 0 490
 0 491
 0 492
 0 493
 0 494
 0 495
 0 496
 0 497
 0 498
 0 499
 0 500
 0 501
 0 502
 0 503
 0 504
 0 505
 0 506
 0 507
 0 508
 0 509
 0 510
 0 511
 0 512
 0 513
 0 514
 0 515
 0 516
 0 517
 0 518
 0 519
 0 520
 0 521
 0 522
 0 523
 0 524
 0 525
 0 526
 0 527
 0 528
 0 529
 0 530
 0 531
 0 532
 0 533
 0 534
 0 535
 0 536
 0 537
 0 538
 0 539
 0 540
 0 541
 0 542
 0 543
 0 544
 0 545
 0 546
 0 547
 0 548
 0 549
 0 550
 0 551
 0 552
 0 553
 0 554
 0 555
 0 556
 0 557
 0 558
 0 559
 0 560
 0 561
 0 562
 0 563
 0 564
 0 565
 0 566
 0 567
 0 568
 0 569
 0 570
 0 571
 0 572
 0 573
 0 574
 0 575
 0 576
 0 577
 0 578
 0 579
 0 580
 0 581
 0 582
 0 583
 0 584
 0 585
 0 586
 0 587
 0 588
 0 589
 0 590
 0 591
 0 592
 0 593
 0 594
 0 595
 0 596
 0 597
 0 598
 0 599
 0 600


