# Created by Octave 3.8.2, Sat Jun 20 13:59:08 2020 CEST <damian@fptrucha.inv.usc.es>
# name: hd
# type: matrix
# rows: 551
# columns: 2
 0 50
 0 51
 0 52
 0 53
 0 54
 0 55
 0 56
 0 57
 0 58
 0 59
 0 60
 0 61
 0 62
 0 63
 0 64
 0 65
 0 66
 0 67
 0 68
 0 69
 0 70
 0 71
 0 72
 0 73
 0 74
 0 75
 0 76
 0 77
 0 78
 0 79
 0 80
 0 81
 0 82
 0 83
 0 84
 0 85
 0 86
 0 87
 3 88
 2 89
 2 90
 26 91
 101 92
 121 93
 168 94
 306 95
 446 96
 608 97
 820 98
 918 99
 1084 100
 1183 101
 1273 102
 1353 103
 1380 104
 1428 105
 1458 106
 1493 107
 1436 108
 1372 109
 1402 110
 1307 111
 1266 112
 1164 113
 1149 114
 1019 115
 953 116
 907 117
 901 118
 780 119
 758 120
 681 121
 662 122
 558 123
 522 124
 500 125
 469 126
 403 127
 403 128
 334 129
 308 130
 294 131
 264 132
 256 133
 255 134
 194 135
 166 136
 166 137
 167 138
 162 139
 139 140
 116 141
 128 142
 121 143
 121 144
 114 145
 89 146
 86 147
 97 148
 84 149
 59 150
 71 151
 77 152
 64 153
 51 154
 43 155
 51 156
 39 157
 51 158
 44 159
 53 160
 51 161
 41 162
 25 163
 36 164
 26 165
 24 166
 18 167
 20 168
 17 169
 17 170
 17 171
 19 172
 17 173
 13 174
 6 175
 21 176
 11 177
 11 178
 13 179
 13 180
 9 181
 6 182
 9 183
 4 184
 9 185
 4 186
 3 187
 7 188
 3 189
 4 190
 5 191
 3 192
 1 193
 4 194
 4 195
 2 196
 1 197
 4 198
 4 199
 3 200
 2 201
 2 202
 0 203
 1 204
 1 205
 1 206
 1 207
 3 208
 1 209
 1 210
 1 211
 1 212
 1 213
 0 214
 2 215
 1 216
 1 217
 0 218
 0 219
 1 220
 0 221
 0 222
 0 223
 0 224
 1 225
 1 226
 0 227
 0 228
 0 229
 0 230
 0 231
 0 232
 0 233
 0 234
 0 235
 0 236
 0 237
 0 238
 0 239
 0 240
 0 241
 1 242
 1 243
 0 244
 0 245
 0 246
 0 247
 0 248
 0 249
 0 250
 0 251
 0 252
 0 253
 0 254
 0 255
 0 256
 0 257
 0 258
 0 259
 0 260
 0 261
 0 262
 0 263
 0 264
 0 265
 0 266
 0 267
 0 268
 0 269
 0 270
 0 271
 0 272
 0 273
 0 274
 0 275
 0 276
 0 277
 0 278
 0 279
 1 280
 0 281
 0 282
 0 283
 1 284
 1 285
 0 286
 1 287
 0 288
 1 289
 0 290
 1 291
 2 292
 1 293
 1 294
 1 295
 1 296
 0 297
 0 298
 0 299
 3 300
 1 301
 0 302
 3 303
 0 304
 0 305
 1 306
 2 307
 1 308
 3 309
 1 310
 1 311
 4 312
 1 313
 4 314
 1 315
 4 316
 2 317
 4 318
 2 319
 0 320
 0 321
 2 322
 3 323
 3 324
 3 325
 1 326
 1 327
 1 328
 0 329
 3 330
 3 331
 3 332
 1 333
 1 334
 2 335
 2 336
 2 337
 3 338
 1 339
 5 340
 2 341
 3 342
 5 343
 3 344
 1 345
 3 346
 4 347
 3 348
 0 349
 3 350
 1 351
 3 352
 2 353
 1 354
 2 355
 2 356
 3 357
 2 358
 2 359
 2 360
 2 361
 1 362
 2 363
 2 364
 2 365
 2 366
 1 367
 0 368
 0 369
 3 370
 0 371
 0 372
 2 373
 0 374
 0 375
 1 376
 0 377
 1 378
 3 379
 1 380
 0 381
 0 382
 1 383
 0 384
 0 385
 0 386
 0 387
 0 388
 0 389
 1 390
 0 391
 0 392
 0 393
 0 394
 2 395
 0 396
 0 397
 0 398
 0 399
 0 400
 0 401
 1 402
 0 403
 0 404
 1 405
 1 406
 0 407
 0 408
 0 409
 1 410
 0 411
 1 412
 0 413
 0 414
 0 415
 0 416
 0 417
 0 418
 0 419
 0 420
 0 421
 0 422
 0 423
 0 424
 0 425
 0 426
 0 427
 0 428
 0 429
 0 430
 0 431
 0 432
 0 433
 0 434
 0 435
 0 436
 0 437
 0 438
 0 439
 0 440
 0 441
 0 442
 0 443
 0 444
 0 445
 0 446
 0 447
 0 448
 0 449
 0 450
 0 451
 0 452
 0 453
 0 454
 0 455
 0 456
 0 457
 0 458
 0 459
 0 460
 0 461
 0 462
 0 463
 0 464
 0 465
 0 466
 0 467
 0 468
 0 469
 0 470
 0 471
 0 472
 0 473
 0 474
 0 475
 0 476
 0 477
 0 478
 0 479
 0 480
 0 481
 0 482
 0 483
 0 484
 0 485
 0 486
 0 487
 0 488
 0 489
 0 490
 0 491
 0 492
 0 493
 0 494
 0 495
 0 496
 0 497
 0 498
 0 499
 0 500
 0 501
 0 502
 0 503
 0 504
 0 505
 0 506
 0 507
 0 508
 0 509
 0 510
 0 511
 0 512
 0 513
 0 514
 0 515
 0 516
 0 517
 0 518
 0 519
 0 520
 0 521
 0 522
 0 523
 0 524
 0 525
 0 526
 0 527
 0 528
 0 529
 0 530
 0 531
 0 532
 0 533
 0 534
 0 535
 0 536
 0 537
 0 538
 0 539
 0 540
 0 541
 0 542
 0 543
 0 544
 0 545
 0 546
 0 547
 0 548
 0 549
 0 550
 0 551
 0 552
 0 553
 0 554
 0 555
 0 556
 0 557
 0 558
 0 559
 0 560
 0 561
 0 562
 0 563
 0 564
 0 565
 0 566
 0 567
 0 568
 0 569
 0 570
 0 571
 0 572
 0 573
 0 574
 0 575
 0 576
 0 577
 0 578
 0 579
 0 580
 0 581
 0 582
 0 583
 0 584
 0 585
 0 586
 0 587
 0 588
 0 589
 0 590
 0 591
 0 592
 0 593
 0 594
 0 595
 0 596
 0 597
 0 598
 0 599
 0 600


