# Created by Octave 3.8.2, Sat Jun 20 12:35:18 2020 CEST <damian@fptrucha.inv.usc.es>
# name: hd
# type: matrix
# rows: 551
# columns: 2
 0 50
 0 51
 0 52
 0 53
 0 54
 0 55
 0 56
 0 57
 0 58
 0 59
 0 60
 0 61
 0 62
 0 63
 0 64
 0 65
 0 66
 0 67
 0 68
 0 69
 0 70
 0 71
 0 72
 0 73
 0 74
 0 75
 0 76
 0 77
 0 78
 0 79
 0 80
 0 81
 0 82
 0 83
 0 84
 0 85
 0 86
 0 87
 2 88
 4 89
 1 90
 28 91
 100 92
 149 93
 208 94
 343 95
 417 96
 666 97
 886 98
 1001 99
 1126 100
 1264 101
 1301 102
 1396 103
 1378 104
 1571 105
 1425 106
 1554 107
 1414 108
 1426 109
 1360 110
 1303 111
 1269 112
 1242 113
 1135 114
 1075 115
 925 116
 893 117
 864 118
 844 119
 744 120
 711 121
 602 122
 594 123
 520 124
 470 125
 455 126
 415 127
 386 128
 313 129
 293 130
 267 131
 248 132
 220 133
 199 134
 211 135
 168 136
 175 137
 154 138
 147 139
 154 140
 133 141
 129 142
 116 143
 102 144
 91 145
 81 146
 105 147
 85 148
 63 149
 64 150
 82 151
 75 152
 62 153
 63 154
 56 155
 40 156
 42 157
 36 158
 37 159
 37 160
 32 161
 30 162
 27 163
 12 164
 26 165
 21 166
 15 167
 18 168
 17 169
 21 170
 20 171
 12 172
 14 173
 21 174
 8 175
 15 176
 17 177
 12 178
 5 179
 10 180
 13 181
 13 182
 6 183
 5 184
 4 185
 4 186
 8 187
 2 188
 4 189
 5 190
 5 191
 4 192
 1 193
 2 194
 3 195
 3 196
 2 197
 1 198
 5 199
 4 200
 0 201
 0 202
 1 203
 1 204
 0 205
 2 206
 1 207
 2 208
 4 209
 0 210
 0 211
 0 212
 2 213
 1 214
 1 215
 2 216
 1 217
 1 218
 0 219
 0 220
 0 221
 0 222
 0 223
 0 224
 1 225
 0 226
 0 227
 0 228
 1 229
 0 230
 0 231
 0 232
 0 233
 0 234
 0 235
 0 236
 1 237
 0 238
 0 239
 0 240
 0 241
 0 242
 0 243
 0 244
 0 245
 0 246
 0 247
 0 248
 0 249
 0 250
 0 251
 0 252
 0 253
 0 254
 0 255
 0 256
 0 257
 0 258
 0 259
 0 260
 0 261
 0 262
 0 263
 0 264
 0 265
 1 266
 0 267
 0 268
 0 269
 0 270
 1 271
 0 272
 0 273
 0 274
 0 275
 0 276
 0 277
 2 278
 1 279
 0 280
 0 281
 0 282
 1 283
 0 284
 0 285
 0 286
 1 287
 0 288
 0 289
 2 290
 2 291
 0 292
 0 293
 0 294
 1 295
 2 296
 0 297
 4 298
 2 299
 1 300
 1 301
 2 302
 0 303
 0 304
 3 305
 0 306
 2 307
 0 308
 3 309
 1 310
 2 311
 3 312
 0 313
 2 314
 2 315
 1 316
 3 317
 2 318
 2 319
 1 320
 1 321
 1 322
 2 323
 1 324
 3 325
 3 326
 2 327
 3 328
 2 329
 6 330
 2 331
 1 332
 1 333
 4 334
 2 335
 3 336
 1 337
 1 338
 3 339
 0 340
 2 341
 2 342
 4 343
 0 344
 4 345
 3 346
 3 347
 5 348
 0 349
 3 350
 3 351
 2 352
 1 353
 1 354
 2 355
 0 356
 1 357
 2 358
 1 359
 2 360
 2 361
 1 362
 4 363
 2 364
 1 365
 1 366
 0 367
 0 368
 0 369
 1 370
 1 371
 0 372
 1 373
 0 374
 1 375
 1 376
 2 377
 1 378
 2 379
 0 380
 1 381
 0 382
 2 383
 0 384
 1 385
 0 386
 0 387
 0 388
 2 389
 2 390
 0 391
 1 392
 0 393
 2 394
 1 395
 0 396
 1 397
 1 398
 0 399
 1 400
 0 401
 0 402
 0 403
 1 404
 1 405
 0 406
 0 407
 0 408
 0 409
 0 410
 0 411
 0 412
 0 413
 1 414
 0 415
 1 416
 0 417
 0 418
 1 419
 0 420
 0 421
 0 422
 0 423
 0 424
 0 425
 0 426
 0 427
 0 428
 0 429
 0 430
 0 431
 0 432
 0 433
 0 434
 0 435
 0 436
 0 437
 0 438
 0 439
 0 440
 0 441
 0 442
 0 443
 0 444
 0 445
 0 446
 0 447
 0 448
 0 449
 0 450
 0 451
 0 452
 0 453
 0 454
 0 455
 0 456
 0 457
 0 458
 0 459
 0 460
 0 461
 0 462
 0 463
 0 464
 0 465
 0 466
 0 467
 0 468
 0 469
 0 470
 0 471
 0 472
 0 473
 0 474
 0 475
 0 476
 0 477
 0 478
 0 479
 0 480
 0 481
 0 482
 0 483
 0 484
 0 485
 0 486
 0 487
 0 488
 0 489
 0 490
 0 491
 0 492
 0 493
 0 494
 0 495
 0 496
 0 497
 0 498
 0 499
 0 500
 0 501
 0 502
 0 503
 0 504
 0 505
 0 506
 0 507
 0 508
 0 509
 0 510
 0 511
 0 512
 0 513
 0 514
 0 515
 0 516
 0 517
 0 518
 0 519
 0 520
 0 521
 0 522
 0 523
 0 524
 0 525
 0 526
 0 527
 0 528
 0 529
 0 530
 0 531
 0 532
 0 533
 0 534
 0 535
 0 536
 0 537
 0 538
 0 539
 0 540
 0 541
 0 542
 0 543
 0 544
 0 545
 0 546
 0 547
 0 548
 0 549
 0 550
 0 551
 0 552
 0 553
 0 554
 0 555
 0 556
 0 557
 0 558
 0 559
 0 560
 0 561
 0 562
 0 563
 0 564
 0 565
 0 566
 0 567
 0 568
 0 569
 0 570
 0 571
 0 572
 0 573
 0 574
 0 575
 0 576
 0 577
 0 578
 0 579
 0 580
 0 581
 0 582
 0 583
 0 584
 0 585
 0 586
 0 587
 0 588
 0 589
 0 590
 0 591
 0 592
 0 593
 0 594
 0 595
 0 596
 0 597
 0 598
 0 599
 0 600


