# Created by Octave 3.8.2, Mon Jun 22 20:06:35 2020 CEST <damian@fptrucha.inv.usc.es>
# name: hd
# type: matrix
# rows: 551
# columns: 2
 0 50
 0 51
 0 52
 0 53
 0 54
 0 55
 0 56
 0 57
 0 58
 0 59
 0 60
 0 61
 0 62
 0 63
 0 64
 0 65
 0 66
 0 67
 0 68
 0 69
 0 70
 0 71
 0 72
 0 73
 0 74
 0 75
 0 76
 0 77
 0 78
 0 79
 0 80
 0 81
 0 82
 0 83
 0 84
 0 85
 0 86
 0 87
 0 88
 2 89
 4 90
 15 91
 93 92
 113 93
 145 94
 269 95
 439 96
 691 97
 977 98
 1122 99
 1354 100
 1442 101
 1487 102
 1611 103
 1684 104
 1724 105
 1599 106
 1615 107
 1564 108
 1523 109
 1417 110
 1246 111
 1226 112
 1101 113
 1005 114
 925 115
 880 116
 800 117
 775 118
 684 119
 656 120
 566 121
 486 122
 438 123
 449 124
 380 125
 356 126
 315 127
 285 128
 219 129
 252 130
 215 131
 191 132
 196 133
 172 134
 177 135
 151 136
 158 137
 120 138
 126 139
 140 140
 128 141
 120 142
 86 143
 97 144
 88 145
 79 146
 68 147
 57 148
 55 149
 67 150
 54 151
 44 152
 57 153
 58 154
 61 155
 51 156
 43 157
 32 158
 44 159
 39 160
 25 161
 28 162
 28 163
 24 164
 20 165
 25 166
 24 167
 25 168
 22 169
 15 170
 14 171
 21 172
 17 173
 15 174
 11 175
 11 176
 19 177
 13 178
 18 179
 7 180
 6 181
 11 182
 11 183
 8 184
 7 185
 9 186
 9 187
 4 188
 1 189
 4 190
 8 191
 5 192
 2 193
 3 194
 2 195
 4 196
 3 197
 4 198
 1 199
 3 200
 1 201
 5 202
 2 203
 1 204
 0 205
 2 206
 4 207
 2 208
 0 209
 1 210
 1 211
 3 212
 1 213
 1 214
 1 215
 0 216
 0 217
 2 218
 0 219
 0 220
 1 221
 0 222
 0 223
 0 224
 0 225
 0 226
 0 227
 0 228
 0 229
 0 230
 0 231
 0 232
 0 233
 0 234
 0 235
 0 236
 0 237
 0 238
 0 239
 0 240
 0 241
 0 242
 0 243
 0 244
 0 245
 0 246
 0 247
 0 248
 0 249
 0 250
 0 251
 0 252
 0 253
 0 254
 0 255
 0 256
 0 257
 0 258
 0 259
 0 260
 0 261
 0 262
 0 263
 0 264
 0 265
 0 266
 0 267
 0 268
 0 269
 0 270
 0 271
 0 272
 0 273
 0 274
 0 275
 1 276
 0 277
 0 278
 1 279
 0 280
 1 281
 0 282
 1 283
 0 284
 0 285
 1 286
 0 287
 1 288
 1 289
 1 290
 1 291
 1 292
 1 293
 1 294
 2 295
 1 296
 3 297
 0 298
 1 299
 1 300
 2 301
 2 302
 1 303
 2 304
 0 305
 0 306
 0 307
 4 308
 0 309
 2 310
 4 311
 1 312
 2 313
 0 314
 4 315
 3 316
 5 317
 2 318
 3 319
 2 320
 0 321
 2 322
 4 323
 3 324
 2 325
 2 326
 0 327
 4 328
 1 329
 4 330
 3 331
 6 332
 1 333
 5 334
 3 335
 4 336
 2 337
 1 338
 1 339
 4 340
 2 341
 5 342
 1 343
 2 344
 5 345
 0 346
 3 347
 3 348
 3 349
 4 350
 3 351
 1 352
 1 353
 2 354
 0 355
 3 356
 1 357
 3 358
 1 359
 1 360
 1 361
 0 362
 0 363
 2 364
 2 365
 2 366
 1 367
 0 368
 1 369
 0 370
 0 371
 1 372
 0 373
 3 374
 0 375
 0 376
 0 377
 2 378
 0 379
 0 380
 0 381
 1 382
 1 383
 2 384
 1 385
 0 386
 1 387
 0 388
 0 389
 0 390
 1 391
 1 392
 0 393
 0 394
 0 395
 0 396
 0 397
 0 398
 0 399
 0 400
 1 401
 0 402
 0 403
 0 404
 0 405
 0 406
 0 407
 0 408
 0 409
 0 410
 0 411
 0 412
 0 413
 1 414
 0 415
 0 416
 0 417
 0 418
 1 419
 0 420
 0 421
 0 422
 0 423
 0 424
 0 425
 0 426
 0 427
 0 428
 0 429
 0 430
 0 431
 0 432
 0 433
 0 434
 0 435
 0 436
 0 437
 0 438
 0 439
 0 440
 0 441
 0 442
 0 443
 0 444
 0 445
 0 446
 0 447
 0 448
 0 449
 0 450
 0 451
 0 452
 0 453
 0 454
 0 455
 0 456
 0 457
 0 458
 0 459
 0 460
 0 461
 0 462
 0 463
 0 464
 0 465
 0 466
 0 467
 0 468
 0 469
 0 470
 0 471
 0 472
 0 473
 0 474
 0 475
 0 476
 0 477
 0 478
 0 479
 0 480
 0 481
 0 482
 0 483
 0 484
 0 485
 0 486
 0 487
 0 488
 0 489
 0 490
 0 491
 0 492
 0 493
 0 494
 0 495
 0 496
 0 497
 0 498
 0 499
 0 500
 0 501
 0 502
 0 503
 0 504
 0 505
 0 506
 0 507
 0 508
 0 509
 0 510
 0 511
 0 512
 0 513
 0 514
 0 515
 0 516
 0 517
 0 518
 0 519
 0 520
 0 521
 0 522
 0 523
 0 524
 0 525
 0 526
 0 527
 0 528
 0 529
 0 530
 0 531
 0 532
 0 533
 0 534
 0 535
 0 536
 0 537
 0 538
 0 539
 0 540
 0 541
 0 542
 0 543
 0 544
 0 545
 0 546
 0 547
 0 548
 0 549
 0 550
 0 551
 0 552
 0 553
 0 554
 0 555
 0 556
 0 557
 0 558
 0 559
 0 560
 0 561
 0 562
 0 563
 0 564
 0 565
 0 566
 0 567
 0 568
 0 569
 0 570
 0 571
 0 572
 0 573
 0 574
 0 575
 0 576
 0 577
 0 578
 0 579
 0 580
 0 581
 0 582
 0 583
 0 584
 0 585
 0 586
 0 587
 0 588
 0 589
 0 590
 0 591
 0 592
 0 593
 0 594
 0 595
 0 596
 0 597
 0 598
 0 599
 0 600


