# Created by Octave 3.8.2, Mon Jun 22 12:53:20 2020 CEST <damian@fptrucha.inv.usc.es>
# name: hd
# type: matrix
# rows: 551
# columns: 2
 0 50
 0 51
 0 52
 0 53
 0 54
 0 55
 0 56
 0 57
 0 58
 0 59
 0 60
 0 61
 0 62
 0 63
 0 64
 0 65
 0 66
 0 67
 0 68
 0 69
 0 70
 0 71
 0 72
 0 73
 0 74
 0 75
 0 76
 0 77
 0 78
 0 79
 0 80
 0 81
 0 82
 0 83
 0 84
 0 85
 0 86
 0 87
 0 88
 0 89
 4 90
 24 91
 81 92
 138 93
 185 94
 236 95
 404 96
 664 97
 838 98
 990 99
 1206 100
 1287 101
 1413 102
 1457 103
 1464 104
 1551 105
 1505 106
 1450 107
 1337 108
 1262 109
 1269 110
 1268 111
 1151 112
 1046 113
 1024 114
 945 115
 798 116
 757 117
 714 118
 709 119
 605 120
 543 121
 515 122
 481 123
 409 124
 413 125
 357 126
 372 127
 303 128
 301 129
 230 130
 243 131
 209 132
 172 133
 195 134
 181 135
 165 136
 142 137
 150 138
 121 139
 138 140
 125 141
 116 142
 109 143
 83 144
 85 145
 82 146
 68 147
 79 148
 83 149
 73 150
 55 151
 56 152
 51 153
 62 154
 52 155
 47 156
 47 157
 44 158
 43 159
 37 160
 34 161
 31 162
 31 163
 24 164
 24 165
 17 166
 21 167
 21 168
 18 169
 20 170
 16 171
 18 172
 13 173
 22 174
 11 175
 15 176
 18 177
 12 178
 16 179
 10 180
 15 181
 6 182
 19 183
 13 184
 12 185
 12 186
 7 187
 4 188
 5 189
 6 190
 7 191
 7 192
 4 193
 3 194
 6 195
 0 196
 5 197
 4 198
 2 199
 2 200
 2 201
 1 202
 3 203
 0 204
 3 205
 1 206
 3 207
 0 208
 0 209
 1 210
 2 211
 1 212
 0 213
 1 214
 0 215
 0 216
 0 217
 0 218
 0 219
 0 220
 0 221
 1 222
 0 223
 0 224
 0 225
 0 226
 1 227
 0 228
 1 229
 0 230
 0 231
 0 232
 0 233
 0 234
 0 235
 0 236
 0 237
 0 238
 0 239
 0 240
 0 241
 0 242
 3 243
 0 244
 0 245
 0 246
 0 247
 0 248
 0 249
 0 250
 0 251
 0 252
 0 253
 0 254
 0 255
 0 256
 0 257
 0 258
 0 259
 0 260
 0 261
 0 262
 0 263
 0 264
 0 265
 0 266
 0 267
 0 268
 0 269
 1 270
 0 271
 1 272
 0 273
 0 274
 0 275
 0 276
 0 277
 1 278
 0 279
 0 280
 1 281
 0 282
 0 283
 1 284
 0 285
 0 286
 2 287
 0 288
 0 289
 0 290
 2 291
 1 292
 0 293
 2 294
 2 295
 0 296
 4 297
 1 298
 1 299
 2 300
 3 301
 1 302
 3 303
 1 304
 3 305
 3 306
 1 307
 3 308
 4 309
 6 310
 0 311
 2 312
 3 313
 3 314
 3 315
 1 316
 5 317
 3 318
 7 319
 3 320
 4 321
 2 322
 3 323
 4 324
 2 325
 1 326
 5 327
 4 328
 2 329
 3 330
 4 331
 1 332
 4 333
 1 334
 4 335
 2 336
 3 337
 0 338
 2 339
 3 340
 3 341
 2 342
 3 343
 1 344
 2 345
 2 346
 1 347
 3 348
 2 349
 5 350
 2 351
 5 352
 0 353
 4 354
 0 355
 0 356
 1 357
 1 358
 1 359
 1 360
 1 361
 2 362
 1 363
 2 364
 3 365
 0 366
 0 367
 2 368
 4 369
 0 370
 0 371
 0 372
 0 373
 0 374
 1 375
 0 376
 0 377
 2 378
 3 379
 0 380
 1 381
 0 382
 0 383
 0 384
 0 385
 0 386
 0 387
 0 388
 0 389
 2 390
 0 391
 0 392
 0 393
 0 394
 0 395
 1 396
 0 397
 0 398
 0 399
 0 400
 0 401
 1 402
 0 403
 0 404
 0 405
 0 406
 0 407
 0 408
 0 409
 0 410
 0 411
 0 412
 0 413
 0 414
 0 415
 0 416
 1 417
 0 418
 0 419
 0 420
 0 421
 0 422
 0 423
 0 424
 0 425
 0 426
 0 427
 0 428
 0 429
 0 430
 0 431
 0 432
 0 433
 0 434
 0 435
 0 436
 0 437
 0 438
 0 439
 0 440
 0 441
 0 442
 0 443
 0 444
 0 445
 0 446
 0 447
 0 448
 0 449
 0 450
 0 451
 0 452
 0 453
 0 454
 0 455
 0 456
 0 457
 0 458
 0 459
 0 460
 0 461
 0 462
 0 463
 0 464
 0 465
 0 466
 0 467
 0 468
 0 469
 0 470
 0 471
 0 472
 0 473
 0 474
 0 475
 0 476
 0 477
 0 478
 0 479
 0 480
 0 481
 0 482
 0 483
 0 484
 0 485
 0 486
 0 487
 0 488
 0 489
 0 490
 0 491
 0 492
 0 493
 0 494
 0 495
 0 496
 0 497
 0 498
 0 499
 0 500
 0 501
 0 502
 0 503
 0 504
 0 505
 0 506
 0 507
 0 508
 0 509
 0 510
 0 511
 0 512
 0 513
 0 514
 0 515
 0 516
 0 517
 0 518
 0 519
 0 520
 0 521
 0 522
 0 523
 0 524
 0 525
 0 526
 0 527
 0 528
 0 529
 0 530
 0 531
 0 532
 0 533
 0 534
 0 535
 0 536
 0 537
 0 538
 0 539
 0 540
 0 541
 0 542
 0 543
 0 544
 0 545
 0 546
 0 547
 0 548
 0 549
 0 550
 0 551
 0 552
 0 553
 0 554
 0 555
 0 556
 0 557
 0 558
 0 559
 0 560
 0 561
 0 562
 0 563
 0 564
 0 565
 0 566
 0 567
 0 568
 0 569
 0 570
 0 571
 0 572
 0 573
 0 574
 0 575
 0 576
 0 577
 0 578
 0 579
 0 580
 0 581
 0 582
 0 583
 0 584
 0 585
 0 586
 0 587
 0 588
 0 589
 0 590
 0 591
 0 592
 0 593
 0 594
 0 595
 0 596
 0 597
 0 598
 0 599
 0 600


