# Created by Octave 3.8.2, Sat Jun 20 06:44:58 2020 CEST <damian@fptrucha.inv.usc.es>
# name: hd
# type: matrix
# rows: 551
# columns: 2
 0 50
 0 51
 0 52
 0 53
 0 54
 0 55
 0 56
 0 57
 0 58
 0 59
 0 60
 0 61
 0 62
 0 63
 0 64
 0 65
 0 66
 0 67
 0 68
 0 69
 0 70
 0 71
 0 72
 0 73
 0 74
 0 75
 0 76
 0 77
 0 78
 0 79
 0 80
 0 81
 0 82
 0 83
 0 84
 0 85
 0 86
 0 87
 2 88
 0 89
 1 90
 36 91
 97 92
 132 93
 192 94
 329 95
 516 96
 715 97
 931 98
 1075 99
 1337 100
 1380 101
 1433 102
 1553 103
 1586 104
 1584 105
 1564 106
 1553 107
 1531 108
 1500 109
 1463 110
 1345 111
 1333 112
 1245 113
 1171 114
 1083 115
 1068 116
 934 117
 890 118
 776 119
 754 120
 659 121
 636 122
 542 123
 487 124
 486 125
 442 126
 393 127
 351 128
 338 129
 322 130
 268 131
 240 132
 254 133
 217 134
 194 135
 208 136
 189 137
 180 138
 152 139
 121 140
 112 141
 123 142
 113 143
 117 144
 93 145
 88 146
 81 147
 81 148
 67 149
 72 150
 67 151
 56 152
 50 153
 58 154
 51 155
 47 156
 34 157
 45 158
 42 159
 47 160
 34 161
 31 162
 29 163
 17 164
 22 165
 19 166
 16 167
 14 168
 19 169
 19 170
 17 171
 16 172
 15 173
 20 174
 16 175
 4 176
 12 177
 6 178
 14 179
 10 180
 4 181
 10 182
 4 183
 4 184
 12 185
 8 186
 5 187
 6 188
 6 189
 5 190
 2 191
 5 192
 1 193
 4 194
 1 195
 2 196
 1 197
 3 198
 4 199
 4 200
 2 201
 1 202
 1 203
 1 204
 0 205
 3 206
 3 207
 0 208
 2 209
 0 210
 1 211
 2 212
 0 213
 2 214
 0 215
 0 216
 1 217
 0 218
 1 219
 0 220
 0 221
 0 222
 1 223
 0 224
 1 225
 0 226
 0 227
 0 228
 1 229
 1 230
 0 231
 0 232
 0 233
 0 234
 0 235
 0 236
 0 237
 0 238
 0 239
 0 240
 0 241
 0 242
 0 243
 0 244
 0 245
 1 246
 0 247
 0 248
 0 249
 0 250
 0 251
 0 252
 0 253
 0 254
 0 255
 0 256
 0 257
 0 258
 0 259
 0 260
 0 261
 0 262
 0 263
 0 264
 0 265
 0 266
 0 267
 0 268
 0 269
 0 270
 0 271
 0 272
 0 273
 0 274
 0 275
 1 276
 0 277
 0 278
 0 279
 1 280
 0 281
 0 282
 0 283
 0 284
 2 285
 0 286
 0 287
 0 288
 2 289
 0 290
 0 291
 0 292
 0 293
 0 294
 1 295
 1 296
 0 297
 1 298
 0 299
 1 300
 2 301
 3 302
 1 303
 1 304
 5 305
 1 306
 4 307
 2 308
 4 309
 1 310
 3 311
 4 312
 1 313
 3 314
 2 315
 1 316
 1 317
 6 318
 2 319
 4 320
 4 321
 4 322
 1 323
 2 324
 0 325
 5 326
 2 327
 0 328
 1 329
 2 330
 3 331
 4 332
 1 333
 1 334
 3 335
 4 336
 1 337
 1 338
 1 339
 1 340
 3 341
 6 342
 1 343
 4 344
 5 345
 4 346
 4 347
 3 348
 2 349
 4 350
 2 351
 1 352
 1 353
 5 354
 2 355
 2 356
 3 357
 1 358
 2 359
 0 360
 0 361
 0 362
 2 363
 1 364
 2 365
 0 366
 0 367
 0 368
 0 369
 2 370
 0 371
 0 372
 3 373
 1 374
 0 375
 0 376
 0 377
 1 378
 2 379
 2 380
 2 381
 0 382
 0 383
 0 384
 0 385
 2 386
 0 387
 0 388
 0 389
 0 390
 1 391
 0 392
 1 393
 0 394
 0 395
 2 396
 0 397
 1 398
 0 399
 0 400
 0 401
 0 402
 0 403
 0 404
 0 405
 0 406
 1 407
 1 408
 0 409
 0 410
 0 411
 0 412
 0 413
 0 414
 0 415
 0 416
 0 417
 0 418
 0 419
 0 420
 0 421
 0 422
 0 423
 0 424
 0 425
 0 426
 0 427
 0 428
 0 429
 0 430
 0 431
 0 432
 0 433
 0 434
 0 435
 0 436
 0 437
 0 438
 0 439
 0 440
 0 441
 0 442
 0 443
 0 444
 0 445
 0 446
 0 447
 0 448
 0 449
 0 450
 0 451
 0 452
 0 453
 0 454
 0 455
 0 456
 0 457
 0 458
 0 459
 0 460
 0 461
 0 462
 0 463
 0 464
 0 465
 0 466
 0 467
 0 468
 0 469
 0 470
 0 471
 0 472
 0 473
 0 474
 0 475
 0 476
 0 477
 0 478
 0 479
 0 480
 0 481
 0 482
 0 483
 0 484
 0 485
 0 486
 0 487
 0 488
 0 489
 0 490
 0 491
 0 492
 0 493
 0 494
 0 495
 0 496
 0 497
 0 498
 0 499
 0 500
 0 501
 0 502
 0 503
 0 504
 0 505
 0 506
 0 507
 0 508
 0 509
 0 510
 0 511
 0 512
 0 513
 0 514
 0 515
 0 516
 0 517
 0 518
 0 519
 0 520
 0 521
 0 522
 0 523
 0 524
 0 525
 0 526
 0 527
 0 528
 0 529
 0 530
 0 531
 0 532
 0 533
 0 534
 0 535
 0 536
 0 537
 0 538
 0 539
 0 540
 0 541
 0 542
 0 543
 0 544
 0 545
 0 546
 0 547
 0 548
 0 549
 0 550
 0 551
 0 552
 0 553
 0 554
 0 555
 0 556
 0 557
 0 558
 0 559
 0 560
 0 561
 0 562
 0 563
 0 564
 0 565
 0 566
 0 567
 0 568
 0 569
 0 570
 0 571
 0 572
 0 573
 0 574
 0 575
 0 576
 0 577
 0 578
 0 579
 0 580
 0 581
 0 582
 0 583
 0 584
 0 585
 0 586
 0 587
 0 588
 0 589
 0 590
 0 591
 0 592
 0 593
 0 594
 0 595
 0 596
 0 597
 0 598
 0 599
 0 600


