# Created by Octave 3.8.2, Sat Jun 20 05:50:50 2020 CEST <damian@fptrucha.inv.usc.es>
# name: hd
# type: matrix
# rows: 551
# columns: 2
 0 50
 0 51
 0 52
 0 53
 0 54
 0 55
 0 56
 0 57
 0 58
 0 59
 0 60
 0 61
 0 62
 0 63
 0 64
 0 65
 0 66
 0 67
 0 68
 0 69
 0 70
 0 71
 0 72
 0 73
 0 74
 0 75
 0 76
 0 77
 0 78
 0 79
 0 80
 0 81
 0 82
 0 83
 0 84
 0 85
 0 86
 1 87
 3 88
 6 89
 2 90
 25 91
 91 92
 132 93
 192 94
 297 95
 470 96
 650 97
 856 98
 1087 99
 1216 100
 1258 101
 1435 102
 1431 103
 1567 104
 1532 105
 1562 106
 1516 107
 1545 108
 1524 109
 1435 110
 1413 111
 1308 112
 1223 113
 1170 114
 1101 115
 1011 116
 991 117
 920 118
 769 119
 743 120
 663 121
 606 122
 613 123
 510 124
 551 125
 475 126
 429 127
 354 128
 354 129
 307 130
 298 131
 246 132
 220 133
 244 134
 203 135
 204 136
 179 137
 175 138
 147 139
 133 140
 135 141
 115 142
 96 143
 98 144
 106 145
 84 146
 79 147
 60 148
 72 149
 69 150
 74 151
 61 152
 56 153
 64 154
 53 155
 48 156
 38 157
 57 158
 40 159
 38 160
 44 161
 44 162
 26 163
 24 164
 25 165
 27 166
 22 167
 20 168
 21 169
 18 170
 17 171
 14 172
 26 173
 15 174
 9 175
 6 176
 11 177
 11 178
 16 179
 8 180
 7 181
 10 182
 7 183
 9 184
 13 185
 6 186
 4 187
 9 188
 8 189
 3 190
 4 191
 3 192
 5 193
 2 194
 0 195
 2 196
 1 197
 2 198
 1 199
 2 200
 2 201
 4 202
 2 203
 2 204
 1 205
 2 206
 3 207
 0 208
 0 209
 0 210
 0 211
 1 212
 1 213
 1 214
 2 215
 2 216
 0 217
 0 218
 0 219
 1 220
 0 221
 0 222
 0 223
 0 224
 1 225
 0 226
 0 227
 0 228
 0 229
 2 230
 0 231
 0 232
 1 233
 1 234
 0 235
 0 236
 0 237
 0 238
 0 239
 0 240
 0 241
 0 242
 0 243
 0 244
 0 245
 0 246
 0 247
 0 248
 0 249
 0 250
 0 251
 0 252
 0 253
 0 254
 0 255
 0 256
 0 257
 1 258
 0 259
 0 260
 0 261
 0 262
 0 263
 0 264
 1 265
 0 266
 0 267
 0 268
 1 269
 0 270
 1 271
 0 272
 0 273
 0 274
 0 275
 0 276
 0 277
 0 278
 0 279
 0 280
 0 281
 1 282
 0 283
 0 284
 1 285
 0 286
 1 287
 0 288
 1 289
 2 290
 1 291
 0 292
 0 293
 2 294
 2 295
 0 296
 0 297
 2 298
 0 299
 3 300
 0 301
 2 302
 1 303
 1 304
 1 305
 2 306
 0 307
 0 308
 0 309
 5 310
 3 311
 1 312
 1 313
 4 314
 3 315
 4 316
 0 317
 0 318
 1 319
 1 320
 3 321
 2 322
 5 323
 4 324
 3 325
 0 326
 3 327
 2 328
 1 329
 1 330
 2 331
 2 332
 1 333
 1 334
 1 335
 2 336
 2 337
 3 338
 1 339
 1 340
 1 341
 1 342
 0 343
 5 344
 5 345
 5 346
 1 347
 1 348
 0 349
 1 350
 2 351
 3 352
 2 353
 2 354
 1 355
 2 356
 0 357
 0 358
 4 359
 3 360
 2 361
 0 362
 0 363
 1 364
 1 365
 1 366
 2 367
 2 368
 1 369
 1 370
 1 371
 1 372
 0 373
 1 374
 0 375
 0 376
 3 377
 0 378
 0 379
 4 380
 1 381
 0 382
 0 383
 3 384
 2 385
 1 386
 0 387
 1 388
 1 389
 0 390
 1 391
 0 392
 1 393
 0 394
 0 395
 0 396
 0 397
 0 398
 0 399
 0 400
 0 401
 1 402
 0 403
 0 404
 0 405
 0 406
 0 407
 0 408
 1 409
 0 410
 0 411
 0 412
 0 413
 0 414
 0 415
 0 416
 1 417
 0 418
 0 419
 0 420
 0 421
 0 422
 0 423
 0 424
 0 425
 0 426
 0 427
 0 428
 0 429
 0 430
 0 431
 0 432
 0 433
 0 434
 0 435
 0 436
 0 437
 0 438
 0 439
 0 440
 0 441
 0 442
 0 443
 0 444
 0 445
 0 446
 0 447
 0 448
 0 449
 0 450
 0 451
 0 452
 0 453
 0 454
 0 455
 0 456
 0 457
 0 458
 0 459
 0 460
 0 461
 0 462
 0 463
 0 464
 0 465
 0 466
 0 467
 0 468
 0 469
 0 470
 0 471
 0 472
 0 473
 0 474
 0 475
 0 476
 0 477
 0 478
 0 479
 0 480
 0 481
 0 482
 0 483
 0 484
 0 485
 0 486
 0 487
 0 488
 0 489
 0 490
 0 491
 0 492
 0 493
 0 494
 0 495
 0 496
 0 497
 0 498
 0 499
 0 500
 0 501
 0 502
 0 503
 0 504
 0 505
 0 506
 0 507
 0 508
 0 509
 0 510
 0 511
 0 512
 0 513
 0 514
 0 515
 0 516
 0 517
 0 518
 0 519
 0 520
 0 521
 0 522
 0 523
 0 524
 0 525
 0 526
 0 527
 0 528
 0 529
 0 530
 0 531
 0 532
 0 533
 0 534
 0 535
 0 536
 0 537
 0 538
 0 539
 0 540
 0 541
 0 542
 0 543
 0 544
 0 545
 0 546
 0 547
 0 548
 0 549
 0 550
 0 551
 0 552
 0 553
 0 554
 0 555
 0 556
 0 557
 0 558
 0 559
 0 560
 0 561
 0 562
 0 563
 0 564
 0 565
 0 566
 0 567
 0 568
 0 569
 0 570
 0 571
 0 572
 0 573
 0 574
 0 575
 0 576
 0 577
 0 578
 0 579
 0 580
 0 581
 0 582
 0 583
 0 584
 0 585
 0 586
 0 587
 0 588
 0 589
 0 590
 0 591
 0 592
 0 593
 0 594
 0 595
 0 596
 0 597
 0 598
 0 599
 0 600


