# Created by Octave 3.8.2, Sun Jun 21 06:43:08 2020 CEST <damian@fptrucha.inv.usc.es>
# name: hd
# type: matrix
# rows: 551
# columns: 2
 0 50
 0 51
 0 52
 0 53
 0 54
 0 55
 0 56
 0 57
 0 58
 0 59
 0 60
 0 61
 0 62
 0 63
 0 64
 0 65
 0 66
 0 67
 0 68
 0 69
 0 70
 0 71
 0 72
 0 73
 0 74
 0 75
 0 76
 0 77
 0 78
 0 79
 0 80
 0 81
 0 82
 0 83
 0 84
 0 85
 0 86
 0 87
 2 88
 2 89
 3 90
 36 91
 86 92
 105 93
 172 94
 303 95
 394 96
 543 97
 717 98
 899 99
 1009 100
 1088 101
 1186 102
 1234 103
 1279 104
 1314 105
 1306 106
 1358 107
 1291 108
 1286 109
 1253 110
 1211 111
 1171 112
 1162 113
 1059 114
 965 115
 963 116
 870 117
 822 118
 774 119
 720 120
 696 121
 620 122
 556 123
 533 124
 492 125
 424 126
 411 127
 410 128
 319 129
 307 130
 288 131
 251 132
 239 133
 234 134
 213 135
 180 136
 173 137
 155 138
 175 139
 142 140
 107 141
 120 142
 104 143
 113 144
 102 145
 96 146
 71 147
 77 148
 67 149
 88 150
 52 151
 69 152
 62 153
 57 154
 59 155
 45 156
 40 157
 47 158
 35 159
 30 160
 32 161
 30 162
 28 163
 27 164
 29 165
 17 166
 18 167
 23 168
 16 169
 18 170
 12 171
 16 172
 12 173
 14 174
 12 175
 18 176
 17 177
 8 178
 6 179
 7 180
 6 181
 7 182
 9 183
 4 184
 5 185
 6 186
 8 187
 5 188
 7 189
 3 190
 4 191
 4 192
 4 193
 2 194
 4 195
 2 196
 2 197
 3 198
 4 199
 0 200
 0 201
 2 202
 2 203
 1 204
 1 205
 0 206
 2 207
 1 208
 2 209
 1 210
 0 211
 0 212
 1 213
 0 214
 0 215
 2 216
 0 217
 1 218
 0 219
 0 220
 0 221
 0 222
 0 223
 0 224
 1 225
 0 226
 0 227
 0 228
 0 229
 0 230
 0 231
 0 232
 0 233
 0 234
 0 235
 0 236
 0 237
 0 238
 0 239
 0 240
 0 241
 0 242
 0 243
 0 244
 0 245
 0 246
 0 247
 0 248
 0 249
 0 250
 0 251
 0 252
 0 253
 0 254
 0 255
 0 256
 0 257
 0 258
 0 259
 0 260
 0 261
 0 262
 0 263
 0 264
 0 265
 0 266
 0 267
 0 268
 0 269
 0 270
 0 271
 0 272
 0 273
 0 274
 0 275
 0 276
 0 277
 0 278
 0 279
 0 280
 1 281
 0 282
 1 283
 1 284
 0 285
 0 286
 0 287
 1 288
 1 289
 1 290
 0 291
 0 292
 1 293
 0 294
 1 295
 0 296
 1 297
 0 298
 2 299
 1 300
 2 301
 3 302
 1 303
 2 304
 2 305
 1 306
 2 307
 0 308
 1 309
 0 310
 1 311
 2 312
 1 313
 5 314
 3 315
 0 316
 3 317
 4 318
 3 319
 1 320
 0 321
 8 322
 4 323
 0 324
 1 325
 1 326
 1 327
 2 328
 4 329
 0 330
 0 331
 1 332
 3 333
 1 334
 2 335
 1 336
 3 337
 2 338
 4 339
 0 340
 6 341
 0 342
 2 343
 4 344
 1 345
 0 346
 0 347
 4 348
 3 349
 3 350
 2 351
 0 352
 3 353
 2 354
 4 355
 2 356
 2 357
 1 358
 2 359
 0 360
 2 361
 1 362
 0 363
 1 364
 1 365
 2 366
 0 367
 1 368
 1 369
 0 370
 1 371
 0 372
 0 373
 2 374
 0 375
 1 376
 1 377
 2 378
 1 379
 1 380
 0 381
 0 382
 0 383
 1 384
 1 385
 0 386
 1 387
 0 388
 0 389
 0 390
 0 391
 0 392
 0 393
 0 394
 0 395
 0 396
 0 397
 0 398
 1 399
 0 400
 1 401
 0 402
 1 403
 0 404
 0 405
 0 406
 0 407
 1 408
 0 409
 0 410
 0 411
 0 412
 0 413
 1 414
 0 415
 0 416
 0 417
 0 418
 0 419
 0 420
 0 421
 1 422
 0 423
 0 424
 0 425
 0 426
 0 427
 0 428
 0 429
 0 430
 0 431
 0 432
 0 433
 0 434
 0 435
 0 436
 0 437
 0 438
 0 439
 0 440
 0 441
 0 442
 0 443
 0 444
 0 445
 0 446
 0 447
 0 448
 0 449
 0 450
 0 451
 0 452
 0 453
 0 454
 0 455
 0 456
 0 457
 0 458
 0 459
 0 460
 0 461
 0 462
 0 463
 0 464
 0 465
 0 466
 0 467
 0 468
 0 469
 0 470
 0 471
 0 472
 0 473
 0 474
 0 475
 0 476
 0 477
 0 478
 0 479
 0 480
 0 481
 0 482
 0 483
 0 484
 0 485
 0 486
 0 487
 0 488
 0 489
 0 490
 0 491
 0 492
 0 493
 0 494
 0 495
 0 496
 0 497
 0 498
 0 499
 0 500
 0 501
 0 502
 0 503
 0 504
 0 505
 0 506
 0 507
 0 508
 0 509
 0 510
 0 511
 0 512
 0 513
 0 514
 0 515
 0 516
 0 517
 0 518
 0 519
 0 520
 0 521
 0 522
 0 523
 0 524
 0 525
 0 526
 0 527
 0 528
 0 529
 0 530
 0 531
 0 532
 0 533
 0 534
 0 535
 0 536
 0 537
 0 538
 0 539
 0 540
 0 541
 0 542
 0 543
 0 544
 0 545
 0 546
 0 547
 0 548
 0 549
 0 550
 0 551
 0 552
 0 553
 0 554
 0 555
 0 556
 0 557
 0 558
 0 559
 0 560
 0 561
 0 562
 0 563
 0 564
 0 565
 0 566
 0 567
 0 568
 0 569
 0 570
 0 571
 0 572
 0 573
 0 574
 0 575
 0 576
 0 577
 0 578
 0 579
 0 580
 0 581
 0 582
 0 583
 0 584
 0 585
 0 586
 0 587
 0 588
 0 589
 0 590
 0 591
 0 592
 0 593
 0 594
 0 595
 0 596
 0 597
 0 598
 0 599
 0 600


