# Created by Octave 3.8.2, Mon Jun 22 04:11:28 2020 CEST <damian@fptrucha.inv.usc.es>
# name: hd
# type: matrix
# rows: 551
# columns: 2
 0 50
 0 51
 0 52
 0 53
 0 54
 0 55
 0 56
 0 57
 0 58
 0 59
 0 60
 0 61
 0 62
 0 63
 0 64
 0 65
 0 66
 0 67
 0 68
 0 69
 0 70
 0 71
 0 72
 0 73
 0 74
 0 75
 0 76
 0 77
 0 78
 0 79
 0 80
 0 81
 0 82
 0 83
 0 84
 0 85
 0 86
 0 87
 0 88
 1 89
 1 90
 14 91
 52 92
 115 93
 174 94
 235 95
 359 96
 557 97
 775 98
 915 99
 1111 100
 1192 101
 1277 102
 1354 103
 1392 104
 1419 105
 1356 106
 1351 107
 1309 108
 1266 109
 1181 110
 1108 111
 1087 112
 978 113
 911 114
 853 115
 702 116
 735 117
 582 118
 541 119
 561 120
 515 121
 477 122
 411 123
 362 124
 326 125
 310 126
 298 127
 253 128
 245 129
 237 130
 202 131
 192 132
 190 133
 162 134
 168 135
 164 136
 139 137
 133 138
 100 139
 110 140
 109 141
 94 142
 94 143
 69 144
 71 145
 85 146
 69 147
 68 148
 64 149
 52 150
 57 151
 56 152
 60 153
 50 154
 51 155
 37 156
 38 157
 32 158
 37 159
 45 160
 35 161
 26 162
 26 163
 25 164
 24 165
 26 166
 19 167
 22 168
 26 169
 14 170
 18 171
 16 172
 15 173
 17 174
 12 175
 11 176
 16 177
 15 178
 11 179
 7 180
 12 181
 8 182
 11 183
 8 184
 4 185
 8 186
 5 187
 10 188
 4 189
 2 190
 2 191
 4 192
 3 193
 4 194
 4 195
 4 196
 2 197
 2 198
 2 199
 1 200
 0 201
 1 202
 1 203
 1 204
 1 205
 1 206
 4 207
 1 208
 3 209
 1 210
 2 211
 0 212
 2 213
 0 214
 1 215
 0 216
 0 217
 2 218
 0 219
 0 220
 0 221
 0 222
 0 223
 0 224
 0 225
 0 226
 0 227
 0 228
 0 229
 0 230
 0 231
 0 232
 0 233
 0 234
 0 235
 0 236
 0 237
 0 238
 0 239
 0 240
 0 241
 0 242
 0 243
 0 244
 0 245
 0 246
 0 247
 0 248
 0 249
 0 250
 0 251
 0 252
 0 253
 0 254
 1 255
 0 256
 0 257
 0 258
 0 259
 0 260
 0 261
 0 262
 0 263
 0 264
 0 265
 0 266
 0 267
 0 268
 0 269
 0 270
 0 271
 0 272
 0 273
 0 274
 0 275
 0 276
 1 277
 0 278
 0 279
 0 280
 0 281
 1 282
 0 283
 0 284
 1 285
 2 286
 0 287
 0 288
 0 289
 0 290
 1 291
 0 292
 1 293
 1 294
 0 295
 3 296
 1 297
 1 298
 2 299
 2 300
 0 301
 2 302
 1 303
 2 304
 2 305
 3 306
 0 307
 3 308
 5 309
 0 310
 2 311
 1 312
 2 313
 2 314
 1 315
 0 316
 0 317
 1 318
 6 319
 3 320
 2 321
 1 322
 1 323
 6 324
 4 325
 4 326
 1 327
 2 328
 3 329
 5 330
 3 331
 0 332
 3 333
 3 334
 1 335
 0 336
 3 337
 2 338
 0 339
 1 340
 1 341
 1 342
 1 343
 1 344
 3 345
 2 346
 2 347
 2 348
 5 349
 3 350
 2 351
 3 352
 1 353
 1 354
 2 355
 1 356
 3 357
 2 358
 1 359
 0 360
 0 361
 0 362
 2 363
 0 364
 2 365
 0 366
 2 367
 0 368
 0 369
 0 370
 1 371
 3 372
 2 373
 0 374
 1 375
 0 376
 1 377
 0 378
 0 379
 0 380
 1 381
 1 382
 2 383
 0 384
 0 385
 0 386
 0 387
 0 388
 0 389
 0 390
 0 391
 0 392
 0 393
 0 394
 0 395
 1 396
 0 397
 1 398
 0 399
 1 400
 0 401
 0 402
 0 403
 0 404
 0 405
 0 406
 0 407
 0 408
 0 409
 0 410
 0 411
 0 412
 0 413
 0 414
 0 415
 0 416
 0 417
 0 418
 0 419
 0 420
 0 421
 0 422
 0 423
 0 424
 0 425
 0 426
 0 427
 1 428
 0 429
 0 430
 0 431
 0 432
 0 433
 0 434
 0 435
 0 436
 0 437
 0 438
 0 439
 0 440
 0 441
 0 442
 0 443
 0 444
 0 445
 0 446
 0 447
 0 448
 0 449
 0 450
 0 451
 0 452
 0 453
 0 454
 0 455
 0 456
 0 457
 0 458
 0 459
 0 460
 0 461
 0 462
 0 463
 0 464
 0 465
 0 466
 0 467
 0 468
 0 469
 0 470
 0 471
 0 472
 0 473
 0 474
 0 475
 0 476
 0 477
 0 478
 0 479
 0 480
 0 481
 0 482
 0 483
 0 484
 0 485
 0 486
 0 487
 0 488
 0 489
 0 490
 0 491
 0 492
 0 493
 0 494
 0 495
 0 496
 0 497
 0 498
 0 499
 0 500
 0 501
 0 502
 0 503
 0 504
 0 505
 0 506
 0 507
 0 508
 0 509
 0 510
 0 511
 0 512
 0 513
 0 514
 0 515
 0 516
 0 517
 0 518
 0 519
 0 520
 0 521
 0 522
 0 523
 0 524
 0 525
 0 526
 0 527
 0 528
 0 529
 0 530
 0 531
 0 532
 0 533
 0 534
 0 535
 0 536
 0 537
 0 538
 0 539
 0 540
 0 541
 0 542
 0 543
 0 544
 0 545
 0 546
 0 547
 0 548
 0 549
 0 550
 0 551
 0 552
 0 553
 0 554
 0 555
 0 556
 0 557
 0 558
 0 559
 0 560
 0 561
 0 562
 0 563
 0 564
 0 565
 0 566
 0 567
 0 568
 0 569
 0 570
 0 571
 0 572
 0 573
 0 574
 0 575
 0 576
 0 577
 0 578
 0 579
 0 580
 0 581
 0 582
 0 583
 0 584
 0 585
 0 586
 0 587
 0 588
 0 589
 0 590
 0 591
 0 592
 0 593
 0 594
 0 595
 0 596
 0 597
 0 598
 0 599
 0 600


