# Created by Octave 3.8.2, Mon Jun 22 08:48:36 2020 CEST <damian@fptrucha.inv.usc.es>
# name: hd
# type: matrix
# rows: 551
# columns: 2
 0 50
 0 51
 0 52
 0 53
 0 54
 0 55
 0 56
 0 57
 0 58
 0 59
 0 60
 0 61
 0 62
 0 63
 0 64
 0 65
 0 66
 0 67
 0 68
 0 69
 0 70
 0 71
 0 72
 0 73
 0 74
 0 75
 0 76
 0 77
 0 78
 0 79
 0 80
 0 81
 0 82
 0 83
 0 84
 0 85
 0 86
 0 87
 0 88
 3 89
 2 90
 14 91
 73 92
 110 93
 153 94
 227 95
 400 96
 589 97
 732 98
 940 99
 1171 100
 1309 101
 1442 102
 1389 103
 1455 104
 1501 105
 1414 106
 1469 107
 1374 108
 1331 109
 1311 110
 1224 111
 1145 112
 1066 113
 950 114
 933 115
 815 116
 727 117
 703 118
 667 119
 557 120
 511 121
 458 122
 419 123
 401 124
 393 125
 327 126
 277 127
 265 128
 238 129
 225 130
 204 131
 181 132
 194 133
 155 134
 178 135
 156 136
 132 137
 129 138
 107 139
 104 140
 108 141
 99 142
 80 143
 96 144
 91 145
 78 146
 96 147
 63 148
 71 149
 60 150
 66 151
 66 152
 54 153
 52 154
 55 155
 43 156
 54 157
 48 158
 37 159
 43 160
 24 161
 31 162
 31 163
 30 164
 28 165
 17 166
 31 167
 25 168
 28 169
 24 170
 14 171
 23 172
 17 173
 16 174
 12 175
 7 176
 14 177
 10 178
 13 179
 13 180
 7 181
 10 182
 10 183
 7 184
 9 185
 8 186
 5 187
 4 188
 1 189
 10 190
 5 191
 2 192
 6 193
 4 194
 4 195
 0 196
 4 197
 3 198
 3 199
 4 200
 1 201
 2 202
 4 203
 1 204
 2 205
 2 206
 4 207
 1 208
 2 209
 0 210
 4 211
 1 212
 0 213
 0 214
 0 215
 1 216
 1 217
 1 218
 0 219
 0 220
 0 221
 1 222
 0 223
 0 224
 0 225
 0 226
 0 227
 0 228
 0 229
 0 230
 0 231
 0 232
 0 233
 0 234
 0 235
 0 236
 0 237
 0 238
 0 239
 0 240
 1 241
 0 242
 0 243
 0 244
 0 245
 0 246
 0 247
 0 248
 0 249
 0 250
 0 251
 0 252
 0 253
 0 254
 0 255
 0 256
 0 257
 0 258
 0 259
 0 260
 0 261
 0 262
 0 263
 0 264
 0 265
 0 266
 0 267
 0 268
 0 269
 0 270
 0 271
 0 272
 0 273
 0 274
 0 275
 0 276
 0 277
 0 278
 0 279
 0 280
 0 281
 0 282
 0 283
 0 284
 1 285
 0 286
 1 287
 0 288
 2 289
 0 290
 0 291
 0 292
 1 293
 0 294
 0 295
 2 296
 2 297
 3 298
 3 299
 1 300
 1 301
 3 302
 3 303
 2 304
 1 305
 2 306
 5 307
 6 308
 4 309
 1 310
 2 311
 2 312
 3 313
 2 314
 3 315
 3 316
 6 317
 3 318
 3 319
 8 320
 2 321
 2 322
 1 323
 1 324
 3 325
 3 326
 3 327
 4 328
 6 329
 3 330
 1 331
 1 332
 5 333
 3 334
 5 335
 3 336
 3 337
 5 338
 4 339
 0 340
 4 341
 1 342
 1 343
 3 344
 4 345
 2 346
 2 347
 3 348
 6 349
 3 350
 3 351
 3 352
 1 353
 4 354
 2 355
 0 356
 1 357
 3 358
 1 359
 3 360
 3 361
 2 362
 2 363
 3 364
 2 365
 1 366
 0 367
 0 368
 1 369
 2 370
 0 371
 2 372
 0 373
 2 374
 1 375
 1 376
 1 377
 0 378
 0 379
 0 380
 1 381
 0 382
 1 383
 1 384
 0 385
 1 386
 1 387
 0 388
 1 389
 1 390
 0 391
 0 392
 1 393
 0 394
 0 395
 0 396
 0 397
 1 398
 0 399
 0 400
 0 401
 1 402
 0 403
 0 404
 0 405
 0 406
 0 407
 0 408
 0 409
 0 410
 0 411
 0 412
 0 413
 0 414
 0 415
 0 416
 0 417
 0 418
 0 419
 1 420
 0 421
 0 422
 0 423
 0 424
 0 425
 0 426
 0 427
 0 428
 0 429
 0 430
 0 431
 0 432
 0 433
 0 434
 0 435
 0 436
 0 437
 0 438
 0 439
 0 440
 0 441
 0 442
 0 443
 0 444
 0 445
 0 446
 0 447
 0 448
 0 449
 0 450
 0 451
 0 452
 0 453
 0 454
 0 455
 0 456
 0 457
 0 458
 0 459
 0 460
 0 461
 0 462
 0 463
 0 464
 0 465
 0 466
 0 467
 0 468
 0 469
 0 470
 0 471
 0 472
 0 473
 0 474
 0 475
 0 476
 0 477
 0 478
 0 479
 0 480
 0 481
 0 482
 0 483
 0 484
 0 485
 0 486
 0 487
 0 488
 0 489
 0 490
 0 491
 0 492
 0 493
 0 494
 0 495
 0 496
 0 497
 0 498
 0 499
 0 500
 0 501
 0 502
 0 503
 0 504
 0 505
 0 506
 0 507
 0 508
 0 509
 0 510
 0 511
 0 512
 0 513
 0 514
 0 515
 0 516
 0 517
 0 518
 0 519
 0 520
 0 521
 0 522
 0 523
 0 524
 0 525
 0 526
 0 527
 0 528
 0 529
 0 530
 0 531
 0 532
 0 533
 0 534
 0 535
 0 536
 0 537
 0 538
 0 539
 0 540
 0 541
 0 542
 0 543
 0 544
 0 545
 0 546
 0 547
 0 548
 0 549
 0 550
 0 551
 0 552
 0 553
 0 554
 0 555
 0 556
 0 557
 0 558
 0 559
 0 560
 0 561
 0 562
 0 563
 0 564
 0 565
 0 566
 0 567
 0 568
 0 569
 0 570
 0 571
 0 572
 0 573
 0 574
 0 575
 0 576
 0 577
 0 578
 0 579
 0 580
 0 581
 0 582
 0 583
 0 584
 0 585
 0 586
 0 587
 0 588
 0 589
 0 590
 0 591
 0 592
 0 593
 0 594
 0 595
 0 596
 0 597
 0 598
 0 599
 0 600


