# Created by Octave 3.8.2, Mon Jun 22 09:32:21 2020 CEST <damian@fptrucha.inv.usc.es>
# name: hd
# type: matrix
# rows: 551
# columns: 2
 0 50
 0 51
 0 52
 0 53
 0 54
 0 55
 0 56
 0 57
 0 58
 0 59
 0 60
 0 61
 0 62
 0 63
 0 64
 0 65
 0 66
 0 67
 0 68
 0 69
 0 70
 0 71
 0 72
 0 73
 0 74
 0 75
 0 76
 0 77
 0 78
 0 79
 0 80
 0 81
 0 82
 0 83
 0 84
 0 85
 0 86
 0 87
 0 88
 4 89
 3 90
 17 91
 72 92
 114 93
 164 94
 250 95
 371 96
 569 97
 773 98
 920 99
 1157 100
 1222 101
 1320 102
 1367 103
 1375 104
 1419 105
 1437 106
 1400 107
 1343 108
 1326 109
 1199 110
 1140 111
 1092 112
 1024 113
 964 114
 915 115
 823 116
 740 117
 697 118
 640 119
 604 120
 562 121
 457 122
 431 123
 408 124
 355 125
 360 126
 326 127
 292 128
 280 129
 263 130
 210 131
 205 132
 190 133
 163 134
 192 135
 155 136
 136 137
 132 138
 116 139
 119 140
 117 141
 117 142
 97 143
 79 144
 84 145
 101 146
 88 147
 98 148
 85 149
 74 150
 71 151
 60 152
 55 153
 54 154
 53 155
 55 156
 47 157
 49 158
 46 159
 40 160
 31 161
 29 162
 35 163
 31 164
 26 165
 33 166
 17 167
 31 168
 22 169
 22 170
 24 171
 12 172
 16 173
 16 174
 19 175
 13 176
 13 177
 10 178
 18 179
 15 180
 13 181
 9 182
 9 183
 8 184
 6 185
 8 186
 5 187
 5 188
 7 189
 5 190
 7 191
 6 192
 3 193
 4 194
 3 195
 9 196
 3 197
 2 198
 2 199
 2 200
 3 201
 4 202
 2 203
 3 204
 2 205
 0 206
 0 207
 2 208
 1 209
 1 210
 1 211
 1 212
 0 213
 0 214
 0 215
 1 216
 1 217
 2 218
 0 219
 2 220
 0 221
 1 222
 0 223
 0 224
 0 225
 0 226
 0 227
 1 228
 1 229
 0 230
 0 231
 0 232
 0 233
 1 234
 0 235
 0 236
 0 237
 0 238
 0 239
 1 240
 0 241
 0 242
 0 243
 0 244
 0 245
 0 246
 0 247
 0 248
 0 249
 0 250
 0 251
 0 252
 0 253
 0 254
 0 255
 0 256
 0 257
 0 258
 0 259
 0 260
 0 261
 0 262
 0 263
 0 264
 0 265
 0 266
 0 267
 0 268
 0 269
 0 270
 0 271
 0 272
 0 273
 0 274
 0 275
 0 276
 0 277
 1 278
 0 279
 0 280
 2 281
 0 282
 0 283
 0 284
 0 285
 2 286
 0 287
 1 288
 0 289
 1 290
 3 291
 0 292
 0 293
 0 294
 1 295
 5 296
 2 297
 0 298
 1 299
 1 300
 5 301
 2 302
 1 303
 0 304
 3 305
 1 306
 4 307
 4 308
 2 309
 3 310
 2 311
 1 312
 2 313
 2 314
 5 315
 2 316
 3 317
 4 318
 2 319
 3 320
 4 321
 3 322
 2 323
 0 324
 1 325
 4 326
 1 327
 3 328
 5 329
 0 330
 7 331
 3 332
 1 333
 6 334
 2 335
 1 336
 6 337
 4 338
 4 339
 3 340
 1 341
 2 342
 4 343
 2 344
 3 345
 1 346
 2 347
 1 348
 0 349
 1 350
 0 351
 5 352
 1 353
 1 354
 2 355
 2 356
 1 357
 0 358
 1 359
 1 360
 1 361
 1 362
 3 363
 1 364
 2 365
 0 366
 1 367
 1 368
 0 369
 1 370
 0 371
 0 372
 2 373
 1 374
 1 375
 3 376
 0 377
 0 378
 1 379
 3 380
 0 381
 0 382
 1 383
 0 384
 0 385
 1 386
 1 387
 1 388
 1 389
 0 390
 0 391
 0 392
 0 393
 0 394
 0 395
 0 396
 0 397
 0 398
 0 399
 0 400
 0 401
 0 402
 0 403
 1 404
 0 405
 0 406
 0 407
 0 408
 0 409
 0 410
 1 411
 0 412
 0 413
 0 414
 0 415
 0 416
 0 417
 0 418
 0 419
 0 420
 0 421
 0 422
 0 423
 1 424
 0 425
 0 426
 0 427
 0 428
 0 429
 0 430
 0 431
 0 432
 0 433
 0 434
 0 435
 0 436
 0 437
 0 438
 0 439
 0 440
 0 441
 0 442
 0 443
 0 444
 0 445
 0 446
 0 447
 0 448
 0 449
 0 450
 0 451
 0 452
 0 453
 0 454
 0 455
 0 456
 0 457
 0 458
 0 459
 0 460
 0 461
 0 462
 0 463
 0 464
 0 465
 0 466
 0 467
 0 468
 0 469
 0 470
 0 471
 0 472
 0 473
 0 474
 0 475
 0 476
 0 477
 0 478
 0 479
 0 480
 0 481
 0 482
 0 483
 0 484
 0 485
 0 486
 0 487
 0 488
 0 489
 0 490
 0 491
 0 492
 0 493
 0 494
 0 495
 0 496
 0 497
 0 498
 0 499
 0 500
 0 501
 0 502
 0 503
 0 504
 0 505
 0 506
 0 507
 0 508
 0 509
 0 510
 0 511
 0 512
 0 513
 0 514
 0 515
 0 516
 0 517
 0 518
 0 519
 0 520
 0 521
 0 522
 0 523
 0 524
 0 525
 0 526
 0 527
 0 528
 0 529
 0 530
 0 531
 0 532
 0 533
 0 534
 0 535
 0 536
 0 537
 0 538
 0 539
 0 540
 0 541
 0 542
 0 543
 0 544
 0 545
 0 546
 0 547
 0 548
 0 549
 0 550
 0 551
 0 552
 0 553
 0 554
 0 555
 0 556
 0 557
 0 558
 0 559
 0 560
 0 561
 0 562
 0 563
 0 564
 0 565
 0 566
 0 567
 0 568
 0 569
 0 570
 0 571
 0 572
 0 573
 0 574
 0 575
 0 576
 0 577
 0 578
 0 579
 0 580
 0 581
 0 582
 0 583
 0 584
 0 585
 0 586
 0 587
 0 588
 0 589
 0 590
 0 591
 0 592
 0 593
 0 594
 0 595
 0 596
 0 597
 0 598
 0 599
 0 600


