# Created by Octave 3.8.2, Sun Jun 21 06:58:39 2020 CEST <damian@fptrucha.inv.usc.es>
# name: hd
# type: matrix
# rows: 551
# columns: 2
 0 50
 0 51
 0 52
 0 53
 0 54
 0 55
 0 56
 0 57
 0 58
 0 59
 0 60
 0 61
 0 62
 0 63
 0 64
 0 65
 0 66
 0 67
 0 68
 0 69
 0 70
 0 71
 0 72
 0 73
 0 74
 0 75
 0 76
 0 77
 0 78
 0 79
 0 80
 0 81
 0 82
 0 83
 0 84
 0 85
 0 86
 0 87
 2 88
 0 89
 6 90
 32 91
 93 92
 119 93
 157 94
 259 95
 378 96
 513 97
 680 98
 747 99
 888 100
 980 101
 1019 102
 992 103
 1121 104
 1190 105
 1168 106
 1224 107
 1210 108
 1151 109
 1206 110
 1133 111
 1133 112
 1090 113
 1014 114
 997 115
 928 116
 826 117
 821 118
 795 119
 716 120
 659 121
 590 122
 565 123
 526 124
 539 125
 432 126
 397 127
 344 128
 370 129
 316 130
 288 131
 268 132
 299 133
 244 134
 218 135
 182 136
 223 137
 169 138
 155 139
 157 140
 134 141
 111 142
 128 143
 105 144
 107 145
 102 146
 81 147
 77 148
 67 149
 84 150
 66 151
 74 152
 65 153
 57 154
 61 155
 50 156
 47 157
 46 158
 40 159
 31 160
 37 161
 32 162
 25 163
 29 164
 36 165
 27 166
 21 167
 26 168
 20 169
 17 170
 20 171
 15 172
 11 173
 27 174
 11 175
 18 176
 17 177
 13 178
 8 179
 5 180
 12 181
 10 182
 11 183
 10 184
 9 185
 6 186
 2 187
 4 188
 3 189
 3 190
 3 191
 1 192
 5 193
 6 194
 2 195
 0 196
 2 197
 5 198
 2 199
 1 200
 2 201
 0 202
 1 203
 1 204
 0 205
 0 206
 1 207
 2 208
 3 209
 1 210
 1 211
 0 212
 0 213
 1 214
 0 215
 1 216
 1 217
 0 218
 0 219
 0 220
 0 221
 0 222
 0 223
 0 224
 0 225
 1 226
 1 227
 0 228
 0 229
 0 230
 0 231
 0 232
 0 233
 0 234
 0 235
 0 236
 0 237
 0 238
 0 239
 0 240
 0 241
 0 242
 1 243
 0 244
 0 245
 0 246
 0 247
 0 248
 0 249
 0 250
 0 251
 0 252
 0 253
 0 254
 0 255
 0 256
 0 257
 0 258
 0 259
 0 260
 0 261
 0 262
 0 263
 0 264
 0 265
 0 266
 0 267
 0 268
 0 269
 0 270
 0 271
 0 272
 0 273
 0 274
 0 275
 0 276
 0 277
 0 278
 0 279
 0 280
 0 281
 1 282
 0 283
 0 284
 0 285
 2 286
 0 287
 1 288
 0 289
 1 290
 0 291
 0 292
 0 293
 2 294
 0 295
 0 296
 0 297
 1 298
 0 299
 0 300
 1 301
 1 302
 0 303
 0 304
 1 305
 2 306
 0 307
 1 308
 2 309
 3 310
 3 311
 2 312
 1 313
 0 314
 1 315
 3 316
 4 317
 1 318
 2 319
 1 320
 2 321
 2 322
 1 323
 3 324
 0 325
 5 326
 5 327
 1 328
 1 329
 3 330
 3 331
 3 332
 2 333
 1 334
 0 335
 5 336
 2 337
 1 338
 5 339
 3 340
 2 341
 2 342
 3 343
 1 344
 1 345
 1 346
 2 347
 1 348
 1 349
 4 350
 3 351
 0 352
 4 353
 3 354
 3 355
 5 356
 2 357
 2 358
 0 359
 7 360
 1 361
 2 362
 0 363
 1 364
 1 365
 3 366
 2 367
 2 368
 1 369
 0 370
 0 371
 1 372
 1 373
 5 374
 1 375
 0 376
 0 377
 1 378
 1 379
 0 380
 0 381
 3 382
 0 383
 1 384
 1 385
 1 386
 0 387
 0 388
 0 389
 0 390
 1 391
 0 392
 1 393
 0 394
 0 395
 1 396
 0 397
 0 398
 0 399
 1 400
 0 401
 0 402
 0 403
 0 404
 1 405
 0 406
 0 407
 0 408
 0 409
 0 410
 0 411
 0 412
 1 413
 0 414
 0 415
 0 416
 0 417
 0 418
 0 419
 0 420
 0 421
 0 422
 0 423
 0 424
 0 425
 0 426
 0 427
 0 428
 0 429
 0 430
 0 431
 0 432
 0 433
 0 434
 0 435
 0 436
 0 437
 0 438
 0 439
 0 440
 0 441
 0 442
 0 443
 0 444
 0 445
 0 446
 0 447
 0 448
 0 449
 0 450
 0 451
 0 452
 0 453
 0 454
 0 455
 0 456
 0 457
 0 458
 0 459
 0 460
 0 461
 0 462
 0 463
 0 464
 0 465
 0 466
 0 467
 0 468
 0 469
 0 470
 0 471
 0 472
 0 473
 0 474
 0 475
 0 476
 0 477
 0 478
 0 479
 0 480
 0 481
 0 482
 0 483
 0 484
 0 485
 0 486
 0 487
 0 488
 0 489
 0 490
 0 491
 0 492
 0 493
 0 494
 0 495
 0 496
 0 497
 0 498
 0 499
 0 500
 0 501
 0 502
 0 503
 0 504
 0 505
 0 506
 0 507
 0 508
 0 509
 0 510
 0 511
 0 512
 0 513
 0 514
 0 515
 0 516
 0 517
 0 518
 0 519
 0 520
 0 521
 0 522
 0 523
 0 524
 0 525
 0 526
 0 527
 0 528
 0 529
 0 530
 0 531
 0 532
 0 533
 0 534
 0 535
 0 536
 0 537
 0 538
 0 539
 0 540
 0 541
 0 542
 0 543
 0 544
 0 545
 0 546
 0 547
 0 548
 0 549
 0 550
 0 551
 0 552
 0 553
 0 554
 0 555
 0 556
 0 557
 0 558
 0 559
 0 560
 0 561
 0 562
 0 563
 0 564
 0 565
 0 566
 0 567
 0 568
 0 569
 0 570
 0 571
 0 572
 0 573
 0 574
 0 575
 0 576
 0 577
 0 578
 0 579
 0 580
 0 581
 0 582
 0 583
 0 584
 0 585
 0 586
 0 587
 0 588
 0 589
 0 590
 0 591
 0 592
 0 593
 0 594
 0 595
 0 596
 0 597
 0 598
 0 599
 0 600


