# Created by Octave 3.8.2, Sun Jun 21 06:33:05 2020 CEST <damian@fptrucha.inv.usc.es>
# name: hd
# type: matrix
# rows: 551
# columns: 2
 0 50
 0 51
 0 52
 0 53
 0 54
 0 55
 0 56
 0 57
 0 58
 0 59
 0 60
 0 61
 0 62
 0 63
 0 64
 0 65
 0 66
 0 67
 0 68
 0 69
 0 70
 0 71
 0 72
 0 73
 0 74
 0 75
 0 76
 0 77
 0 78
 0 79
 0 80
 0 81
 0 82
 0 83
 0 84
 0 85
 0 86
 0 87
 3 88
 1 89
 4 90
 33 91
 82 92
 134 93
 163 94
 273 95
 421 96
 610 97
 691 98
 791 99
 991 100
 1092 101
 1133 102
 1169 103
 1280 104
 1314 105
 1310 106
 1234 107
 1281 108
 1273 109
 1303 110
 1234 111
 1145 112
 1090 113
 1032 114
 957 115
 991 116
 872 117
 863 118
 783 119
 719 120
 678 121
 597 122
 563 123
 511 124
 519 125
 454 126
 386 127
 361 128
 337 129
 294 130
 307 131
 289 132
 251 133
 231 134
 242 135
 202 136
 154 137
 150 138
 148 139
 135 140
 127 141
 112 142
 98 143
 115 144
 101 145
 84 146
 95 147
 87 148
 62 149
 77 150
 64 151
 62 152
 57 153
 61 154
 51 155
 49 156
 45 157
 34 158
 49 159
 42 160
 35 161
 31 162
 20 163
 22 164
 21 165
 19 166
 27 167
 26 168
 15 169
 20 170
 19 171
 12 172
 16 173
 3 174
 12 175
 5 176
 12 177
 10 178
 10 179
 9 180
 6 181
 4 182
 4 183
 4 184
 5 185
 3 186
 5 187
 3 188
 5 189
 2 190
 4 191
 4 192
 3 193
 3 194
 2 195
 3 196
 2 197
 2 198
 0 199
 4 200
 3 201
 1 202
 3 203
 4 204
 1 205
 0 206
 1 207
 1 208
 2 209
 2 210
 1 211
 1 212
 1 213
 1 214
 0 215
 1 216
 1 217
 1 218
 0 219
 0 220
 0 221
 0 222
 0 223
 0 224
 0 225
 0 226
 0 227
 0 228
 1 229
 0 230
 0 231
 0 232
 0 233
 0 234
 0 235
 0 236
 0 237
 0 238
 0 239
 0 240
 0 241
 0 242
 0 243
 0 244
 0 245
 0 246
 0 247
 0 248
 0 249
 0 250
 0 251
 0 252
 0 253
 0 254
 0 255
 0 256
 0 257
 0 258
 0 259
 0 260
 0 261
 0 262
 0 263
 0 264
 0 265
 0 266
 0 267
 0 268
 0 269
 0 270
 0 271
 0 272
 0 273
 0 274
 0 275
 0 276
 0 277
 0 278
 0 279
 0 280
 0 281
 0 282
 1 283
 1 284
 0 285
 0 286
 1 287
 0 288
 0 289
 1 290
 0 291
 1 292
 1 293
 1 294
 1 295
 0 296
 2 297
 0 298
 0 299
 1 300
 1 301
 2 302
 0 303
 0 304
 0 305
 0 306
 2 307
 1 308
 2 309
 3 310
 1 311
 1 312
 0 313
 3 314
 2 315
 1 316
 5 317
 3 318
 3 319
 3 320
 1 321
 0 322
 1 323
 2 324
 2 325
 5 326
 2 327
 1 328
 0 329
 2 330
 2 331
 0 332
 4 333
 0 334
 3 335
 2 336
 5 337
 3 338
 1 339
 3 340
 2 341
 0 342
 4 343
 2 344
 1 345
 4 346
 1 347
 5 348
 1 349
 4 350
 2 351
 3 352
 1 353
 1 354
 3 355
 0 356
 2 357
 0 358
 0 359
 2 360
 3 361
 0 362
 1 363
 2 364
 2 365
 1 366
 1 367
 0 368
 2 369
 1 370
 0 371
 3 372
 0 373
 0 374
 0 375
 0 376
 1 377
 0 378
 0 379
 1 380
 0 381
 0 382
 0 383
 0 384
 0 385
 0 386
 0 387
 0 388
 0 389
 0 390
 0 391
 1 392
 0 393
 0 394
 0 395
 0 396
 0 397
 0 398
 0 399
 0 400
 0 401
 0 402
 0 403
 0 404
 0 405
 0 406
 1 407
 0 408
 1 409
 0 410
 0 411
 0 412
 0 413
 0 414
 0 415
 0 416
 0 417
 0 418
 0 419
 0 420
 0 421
 0 422
 0 423
 0 424
 0 425
 0 426
 0 427
 0 428
 0 429
 0 430
 0 431
 0 432
 0 433
 0 434
 0 435
 0 436
 0 437
 0 438
 0 439
 0 440
 0 441
 0 442
 0 443
 0 444
 0 445
 0 446
 0 447
 0 448
 0 449
 0 450
 0 451
 0 452
 0 453
 0 454
 0 455
 0 456
 0 457
 0 458
 0 459
 0 460
 0 461
 0 462
 0 463
 0 464
 0 465
 0 466
 0 467
 0 468
 0 469
 0 470
 0 471
 0 472
 0 473
 0 474
 0 475
 0 476
 0 477
 0 478
 0 479
 0 480
 0 481
 0 482
 0 483
 0 484
 0 485
 0 486
 0 487
 0 488
 0 489
 0 490
 0 491
 0 492
 0 493
 0 494
 0 495
 0 496
 0 497
 0 498
 0 499
 0 500
 0 501
 0 502
 0 503
 0 504
 0 505
 0 506
 0 507
 0 508
 0 509
 0 510
 0 511
 0 512
 0 513
 0 514
 0 515
 0 516
 0 517
 0 518
 0 519
 0 520
 0 521
 0 522
 0 523
 0 524
 0 525
 0 526
 0 527
 0 528
 0 529
 0 530
 0 531
 0 532
 0 533
 0 534
 0 535
 0 536
 0 537
 0 538
 0 539
 0 540
 0 541
 0 542
 0 543
 0 544
 0 545
 0 546
 0 547
 0 548
 0 549
 0 550
 0 551
 0 552
 0 553
 0 554
 0 555
 0 556
 0 557
 0 558
 0 559
 0 560
 0 561
 0 562
 0 563
 0 564
 0 565
 0 566
 0 567
 0 568
 0 569
 0 570
 0 571
 0 572
 0 573
 0 574
 0 575
 0 576
 0 577
 0 578
 0 579
 0 580
 0 581
 0 582
 0 583
 0 584
 0 585
 0 586
 0 587
 0 588
 0 589
 0 590
 0 591
 0 592
 0 593
 0 594
 0 595
 0 596
 0 597
 0 598
 0 599
 0 600


