# Created by Octave 3.8.2, Mon Jun 22 13:58:41 2020 CEST <damian@fptrucha.inv.usc.es>
# name: hd
# type: matrix
# rows: 551
# columns: 2
 0 50
 0 51
 0 52
 0 53
 0 54
 0 55
 0 56
 0 57
 0 58
 0 59
 0 60
 0 61
 0 62
 0 63
 0 64
 0 65
 0 66
 0 67
 0 68
 0 69
 0 70
 0 71
 0 72
 0 73
 0 74
 0 75
 0 76
 0 77
 0 78
 0 79
 0 80
 0 81
 0 82
 0 83
 0 84
 0 85
 0 86
 0 87
 0 88
 2 89
 1 90
 18 91
 73 92
 118 93
 154 94
 274 95
 442 96
 664 97
 855 98
 1063 99
 1279 100
 1409 101
 1467 102
 1564 103
 1504 104
 1551 105
 1447 106
 1508 107
 1453 108
 1402 109
 1332 110
 1183 111
 1115 112
 1037 113
 1032 114
 917 115
 883 116
 724 117
 659 118
 651 119
 630 120
 479 121
 497 122
 450 123
 362 124
 358 125
 304 126
 342 127
 260 128
 260 129
 236 130
 189 131
 208 132
 191 133
 184 134
 154 135
 156 136
 137 137
 126 138
 121 139
 109 140
 112 141
 99 142
 94 143
 98 144
 77 145
 74 146
 67 147
 57 148
 63 149
 60 150
 58 151
 53 152
 65 153
 55 154
 39 155
 45 156
 39 157
 41 158
 43 159
 29 160
 33 161
 37 162
 36 163
 34 164
 28 165
 31 166
 20 167
 23 168
 16 169
 17 170
 17 171
 17 172
 13 173
 12 174
 17 175
 16 176
 16 177
 16 178
 6 179
 12 180
 12 181
 6 182
 6 183
 8 184
 7 185
 2 186
 5 187
 7 188
 9 189
 5 190
 9 191
 4 192
 2 193
 2 194
 1 195
 4 196
 2 197
 3 198
 2 199
 1 200
 2 201
 1 202
 5 203
 2 204
 3 205
 1 206
 1 207
 0 208
 2 209
 1 210
 1 211
 0 212
 1 213
 0 214
 0 215
 1 216
 1 217
 2 218
 0 219
 0 220
 0 221
 1 222
 0 223
 1 224
 0 225
 1 226
 0 227
 0 228
 0 229
 0 230
 0 231
 0 232
 0 233
 0 234
 0 235
 0 236
 0 237
 0 238
 0 239
 0 240
 1 241
 0 242
 0 243
 0 244
 0 245
 0 246
 0 247
 0 248
 0 249
 0 250
 0 251
 0 252
 0 253
 1 254
 0 255
 0 256
 0 257
 0 258
 0 259
 0 260
 0 261
 0 262
 0 263
 0 264
 0 265
 0 266
 0 267
 0 268
 0 269
 1 270
 0 271
 1 272
 0 273
 1 274
 0 275
 0 276
 0 277
 0 278
 0 279
 0 280
 0 281
 1 282
 1 283
 1 284
 2 285
 0 286
 3 287
 1 288
 0 289
 1 290
 1 291
 2 292
 0 293
 0 294
 4 295
 2 296
 1 297
 2 298
 1 299
 2 300
 0 301
 2 302
 0 303
 1 304
 1 305
 2 306
 0 307
 2 308
 3 309
 1 310
 3 311
 1 312
 7 313
 3 314
 3 315
 1 316
 2 317
 6 318
 4 319
 1 320
 5 321
 2 322
 1 323
 4 324
 1 325
 1 326
 2 327
 4 328
 0 329
 2 330
 4 331
 1 332
 3 333
 5 334
 5 335
 6 336
 3 337
 2 338
 5 339
 1 340
 0 341
 2 342
 1 343
 3 344
 3 345
 2 346
 4 347
 0 348
 3 349
 2 350
 1 351
 1 352
 4 353
 1 354
 0 355
 2 356
 2 357
 4 358
 0 359
 2 360
 1 361
 2 362
 4 363
 1 364
 0 365
 2 366
 0 367
 1 368
 0 369
 0 370
 1 371
 1 372
 1 373
 0 374
 1 375
 0 376
 0 377
 0 378
 0 379
 0 380
 0 381
 0 382
 0 383
 0 384
 0 385
 0 386
 0 387
 0 388
 0 389
 1 390
 0 391
 0 392
 1 393
 0 394
 1 395
 1 396
 1 397
 0 398
 1 399
 0 400
 1 401
 0 402
 1 403
 0 404
 0 405
 0 406
 0 407
 0 408
 0 409
 1 410
 0 411
 0 412
 0 413
 0 414
 0 415
 0 416
 0 417
 0 418
 0 419
 0 420
 0 421
 0 422
 0 423
 0 424
 0 425
 0 426
 0 427
 0 428
 0 429
 0 430
 0 431
 0 432
 0 433
 0 434
 0 435
 0 436
 0 437
 0 438
 0 439
 0 440
 0 441
 0 442
 0 443
 0 444
 0 445
 0 446
 0 447
 0 448
 0 449
 0 450
 0 451
 0 452
 0 453
 0 454
 0 455
 0 456
 0 457
 0 458
 0 459
 0 460
 0 461
 0 462
 0 463
 0 464
 0 465
 0 466
 0 467
 0 468
 0 469
 0 470
 0 471
 0 472
 0 473
 0 474
 0 475
 0 476
 0 477
 0 478
 0 479
 0 480
 0 481
 0 482
 0 483
 0 484
 0 485
 0 486
 0 487
 0 488
 0 489
 0 490
 0 491
 0 492
 0 493
 0 494
 0 495
 0 496
 0 497
 0 498
 0 499
 0 500
 0 501
 0 502
 0 503
 0 504
 0 505
 0 506
 0 507
 0 508
 0 509
 0 510
 0 511
 0 512
 0 513
 0 514
 0 515
 0 516
 0 517
 0 518
 0 519
 0 520
 0 521
 0 522
 0 523
 0 524
 0 525
 0 526
 0 527
 0 528
 0 529
 0 530
 0 531
 0 532
 0 533
 0 534
 0 535
 0 536
 0 537
 0 538
 0 539
 0 540
 0 541
 0 542
 0 543
 0 544
 0 545
 0 546
 0 547
 0 548
 0 549
 0 550
 0 551
 0 552
 0 553
 0 554
 0 555
 0 556
 0 557
 0 558
 0 559
 0 560
 0 561
 0 562
 0 563
 0 564
 0 565
 0 566
 0 567
 0 568
 0 569
 0 570
 0 571
 0 572
 0 573
 0 574
 0 575
 0 576
 0 577
 0 578
 0 579
 0 580
 0 581
 0 582
 0 583
 0 584
 0 585
 0 586
 0 587
 0 588
 0 589
 0 590
 0 591
 0 592
 0 593
 0 594
 0 595
 0 596
 0 597
 0 598
 0 599
 0 600


