# Created by Octave 3.8.2, Sun Jun 21 03:51:47 2020 CEST <damian@fptrucha.inv.usc.es>
# name: hd
# type: matrix
# rows: 551
# columns: 2
 0 50
 0 51
 0 52
 0 53
 0 54
 0 55
 0 56
 0 57
 0 58
 0 59
 0 60
 0 61
 0 62
 0 63
 0 64
 0 65
 0 66
 0 67
 0 68
 0 69
 0 70
 0 71
 0 72
 0 73
 0 74
 0 75
 0 76
 0 77
 0 78
 0 79
 0 80
 0 81
 0 82
 0 83
 0 84
 0 85
 0 86
 0 87
 1 88
 3 89
 1 90
 26 91
 79 92
 113 93
 161 94
 242 95
 356 96
 541 97
 670 98
 821 99
 927 100
 1044 101
 1135 102
 1207 103
 1277 104
 1219 105
 1233 106
 1221 107
 1232 108
 1192 109
 1262 110
 1122 111
 1121 112
 1091 113
 981 114
 957 115
 919 116
 850 117
 780 118
 733 119
 760 120
 624 121
 571 122
 565 123
 555 124
 474 125
 432 126
 375 127
 349 128
 346 129
 325 130
 306 131
 284 132
 229 133
 247 134
 221 135
 175 136
 182 137
 164 138
 154 139
 133 140
 118 141
 120 142
 132 143
 113 144
 89 145
 99 146
 74 147
 76 148
 65 149
 76 150
 70 151
 74 152
 50 153
 57 154
 68 155
 45 156
 46 157
 48 158
 51 159
 33 160
 31 161
 28 162
 38 163
 23 164
 27 165
 26 166
 20 167
 23 168
 31 169
 27 170
 22 171
 11 172
 14 173
 13 174
 14 175
 16 176
 17 177
 8 178
 14 179
 3 180
 9 181
 3 182
 6 183
 8 184
 7 185
 4 186
 6 187
 4 188
 8 189
 3 190
 4 191
 6 192
 6 193
 1 194
 2 195
 5 196
 3 197
 4 198
 4 199
 2 200
 2 201
 1 202
 1 203
 3 204
 2 205
 1 206
 1 207
 0 208
 1 209
 1 210
 1 211
 3 212
 0 213
 2 214
 0 215
 1 216
 1 217
 1 218
 0 219
 0 220
 0 221
 0 222
 0 223
 0 224
 0 225
 0 226
 0 227
 0 228
 0 229
 0 230
 0 231
 0 232
 0 233
 0 234
 0 235
 0 236
 0 237
 0 238
 0 239
 0 240
 0 241
 1 242
 0 243
 0 244
 0 245
 0 246
 0 247
 0 248
 0 249
 0 250
 0 251
 0 252
 0 253
 0 254
 0 255
 0 256
 0 257
 0 258
 0 259
 0 260
 0 261
 0 262
 0 263
 0 264
 0 265
 0 266
 0 267
 0 268
 0 269
 0 270
 0 271
 0 272
 0 273
 0 274
 0 275
 0 276
 0 277
 0 278
 0 279
 1 280
 0 281
 0 282
 1 283
 1 284
 0 285
 0 286
 2 287
 0 288
 0 289
 0 290
 0 291
 1 292
 1 293
 1 294
 1 295
 1 296
 0 297
 0 298
 1 299
 1 300
 2 301
 2 302
 1 303
 3 304
 4 305
 1 306
 5 307
 2 308
 1 309
 1 310
 3 311
 2 312
 2 313
 5 314
 5 315
 1 316
 1 317
 1 318
 1 319
 3 320
 1 321
 0 322
 2 323
 4 324
 3 325
 4 326
 3 327
 0 328
 0 329
 4 330
 0 331
 5 332
 3 333
 7 334
 3 335
 5 336
 5 337
 2 338
 3 339
 2 340
 2 341
 3 342
 3 343
 2 344
 2 345
 1 346
 1 347
 0 348
 4 349
 1 350
 1 351
 3 352
 2 353
 1 354
 0 355
 2 356
 2 357
 0 358
 1 359
 1 360
 1 361
 2 362
 1 363
 2 364
 1 365
 2 366
 2 367
 1 368
 1 369
 1 370
 2 371
 0 372
 1 373
 2 374
 2 375
 0 376
 2 377
 0 378
 2 379
 0 380
 0 381
 1 382
 2 383
 1 384
 1 385
 1 386
 1 387
 0 388
 0 389
 1 390
 0 391
 0 392
 1 393
 0 394
 0 395
 1 396
 0 397
 0 398
 2 399
 0 400
 0 401
 0 402
 0 403
 0 404
 0 405
 0 406
 0 407
 2 408
 0 409
 0 410
 0 411
 0 412
 0 413
 1 414
 0 415
 0 416
 0 417
 0 418
 0 419
 0 420
 0 421
 0 422
 0 423
 1 424
 0 425
 0 426
 0 427
 0 428
 0 429
 0 430
 0 431
 0 432
 0 433
 0 434
 0 435
 0 436
 0 437
 0 438
 0 439
 0 440
 0 441
 0 442
 0 443
 0 444
 0 445
 0 446
 0 447
 0 448
 0 449
 0 450
 0 451
 0 452
 0 453
 0 454
 0 455
 0 456
 0 457
 0 458
 0 459
 0 460
 0 461
 0 462
 0 463
 0 464
 0 465
 0 466
 0 467
 0 468
 0 469
 0 470
 0 471
 0 472
 0 473
 0 474
 0 475
 0 476
 0 477
 0 478
 0 479
 0 480
 0 481
 0 482
 0 483
 0 484
 0 485
 0 486
 0 487
 0 488
 0 489
 0 490
 0 491
 0 492
 0 493
 0 494
 0 495
 0 496
 0 497
 0 498
 0 499
 0 500
 0 501
 0 502
 0 503
 0 504
 0 505
 0 506
 0 507
 0 508
 0 509
 0 510
 0 511
 0 512
 0 513
 0 514
 0 515
 0 516
 0 517
 0 518
 0 519
 0 520
 0 521
 0 522
 0 523
 0 524
 0 525
 0 526
 0 527
 0 528
 0 529
 0 530
 0 531
 0 532
 0 533
 0 534
 0 535
 0 536
 0 537
 0 538
 0 539
 0 540
 0 541
 0 542
 0 543
 0 544
 0 545
 0 546
 0 547
 0 548
 0 549
 0 550
 0 551
 0 552
 0 553
 0 554
 0 555
 0 556
 0 557
 0 558
 0 559
 0 560
 0 561
 0 562
 0 563
 0 564
 0 565
 0 566
 0 567
 0 568
 0 569
 0 570
 0 571
 0 572
 0 573
 0 574
 0 575
 0 576
 0 577
 0 578
 0 579
 0 580
 0 581
 0 582
 0 583
 0 584
 0 585
 0 586
 0 587
 0 588
 0 589
 0 590
 0 591
 0 592
 0 593
 0 594
 0 595
 0 596
 0 597
 0 598
 0 599
 0 600


