# Created by Octave 3.8.2, Mon Jun 22 10:22:29 2020 CEST <damian@fptrucha.inv.usc.es>
# name: hd
# type: matrix
# rows: 551
# columns: 2
 0 50
 0 51
 0 52
 0 53
 0 54
 0 55
 0 56
 0 57
 0 58
 0 59
 0 60
 0 61
 0 62
 0 63
 0 64
 0 65
 0 66
 0 67
 0 68
 0 69
 0 70
 0 71
 0 72
 0 73
 0 74
 0 75
 0 76
 0 77
 0 78
 0 79
 0 80
 0 81
 0 82
 0 83
 0 84
 0 85
 0 86
 0 87
 0 88
 3 89
 4 90
 13 91
 74 92
 102 93
 167 94
 247 95
 339 96
 550 97
 815 98
 930 99
 1109 100
 1205 101
 1375 102
 1400 103
 1378 104
 1490 105
 1385 106
 1441 107
 1420 108
 1323 109
 1319 110
 1237 111
 1091 112
 1052 113
 992 114
 944 115
 878 116
 765 117
 692 118
 684 119
 621 120
 521 121
 534 122
 435 123
 423 124
 410 125
 364 126
 330 127
 308 128
 277 129
 290 130
 247 131
 226 132
 206 133
 174 134
 194 135
 162 136
 156 137
 137 138
 114 139
 122 140
 144 141
 105 142
 102 143
 104 144
 105 145
 100 146
 86 147
 78 148
 75 149
 87 150
 70 151
 77 152
 51 153
 42 154
 44 155
 52 156
 59 157
 52 158
 53 159
 45 160
 39 161
 37 162
 34 163
 26 164
 26 165
 21 166
 24 167
 23 168
 22 169
 19 170
 19 171
 13 172
 20 173
 21 174
 7 175
 13 176
 15 177
 8 178
 15 179
 6 180
 13 181
 8 182
 12 183
 9 184
 13 185
 17 186
 5 187
 6 188
 6 189
 6 190
 8 191
 7 192
 5 193
 3 194
 1 195
 5 196
 5 197
 2 198
 0 199
 4 200
 2 201
 4 202
 2 203
 0 204
 3 205
 3 206
 4 207
 2 208
 0 209
 0 210
 0 211
 0 212
 0 213
 0 214
 0 215
 0 216
 0 217
 0 218
 0 219
 0 220
 0 221
 0 222
 0 223
 0 224
 0 225
 0 226
 0 227
 0 228
 1 229
 0 230
 0 231
 2 232
 0 233
 0 234
 0 235
 0 236
 0 237
 0 238
 0 239
 0 240
 0 241
 0 242
 0 243
 0 244
 0 245
 0 246
 0 247
 1 248
 0 249
 0 250
 0 251
 0 252
 0 253
 0 254
 0 255
 0 256
 0 257
 0 258
 0 259
 0 260
 0 261
 0 262
 0 263
 0 264
 0 265
 0 266
 0 267
 0 268
 0 269
 0 270
 1 271
 0 272
 0 273
 0 274
 0 275
 0 276
 0 277
 0 278
 0 279
 1 280
 0 281
 0 282
 0 283
 2 284
 3 285
 1 286
 0 287
 2 288
 3 289
 1 290
 1 291
 1 292
 0 293
 0 294
 2 295
 2 296
 0 297
 0 298
 1 299
 2 300
 5 301
 2 302
 2 303
 1 304
 1 305
 3 306
 3 307
 2 308
 4 309
 1 310
 3 311
 2 312
 2 313
 1 314
 3 315
 1 316
 2 317
 3 318
 5 319
 1 320
 3 321
 5 322
 7 323
 2 324
 5 325
 4 326
 1 327
 3 328
 1 329
 5 330
 2 331
 2 332
 1 333
 2 334
 3 335
 2 336
 6 337
 3 338
 1 339
 3 340
 2 341
 5 342
 3 343
 1 344
 1 345
 1 346
 3 347
 0 348
 4 349
 1 350
 0 351
 2 352
 5 353
 3 354
 2 355
 0 356
 1 357
 2 358
 0 359
 0 360
 1 361
 0 362
 0 363
 0 364
 1 365
 1 366
 1 367
 0 368
 1 369
 0 370
 0 371
 0 372
 1 373
 0 374
 2 375
 3 376
 0 377
 1 378
 1 379
 0 380
 4 381
 0 382
 1 383
 0 384
 0 385
 0 386
 1 387
 0 388
 0 389
 0 390
 1 391
 1 392
 1 393
 1 394
 0 395
 0 396
 0 397
 0 398
 2 399
 0 400
 0 401
 0 402
 0 403
 0 404
 0 405
 0 406
 0 407
 0 408
 0 409
 0 410
 0 411
 0 412
 0 413
 0 414
 0 415
 0 416
 0 417
 0 418
 1 419
 0 420
 0 421
 0 422
 0 423
 0 424
 0 425
 0 426
 0 427
 0 428
 0 429
 0 430
 0 431
 0 432
 0 433
 0 434
 0 435
 0 436
 0 437
 0 438
 0 439
 0 440
 0 441
 0 442
 0 443
 0 444
 0 445
 0 446
 0 447
 0 448
 0 449
 0 450
 0 451
 0 452
 0 453
 0 454
 0 455
 0 456
 0 457
 0 458
 0 459
 0 460
 0 461
 0 462
 0 463
 0 464
 0 465
 0 466
 0 467
 0 468
 0 469
 0 470
 0 471
 0 472
 0 473
 0 474
 0 475
 0 476
 0 477
 0 478
 0 479
 0 480
 0 481
 0 482
 0 483
 0 484
 0 485
 0 486
 0 487
 0 488
 0 489
 0 490
 0 491
 0 492
 0 493
 0 494
 0 495
 0 496
 0 497
 0 498
 0 499
 0 500
 0 501
 0 502
 0 503
 0 504
 0 505
 0 506
 0 507
 0 508
 0 509
 0 510
 0 511
 0 512
 0 513
 0 514
 0 515
 0 516
 0 517
 0 518
 0 519
 0 520
 0 521
 0 522
 0 523
 0 524
 0 525
 0 526
 0 527
 0 528
 0 529
 0 530
 0 531
 0 532
 0 533
 0 534
 0 535
 0 536
 0 537
 0 538
 0 539
 0 540
 0 541
 0 542
 0 543
 0 544
 0 545
 0 546
 0 547
 0 548
 0 549
 0 550
 0 551
 0 552
 0 553
 0 554
 0 555
 0 556
 0 557
 0 558
 0 559
 0 560
 0 561
 0 562
 0 563
 0 564
 0 565
 0 566
 0 567
 0 568
 0 569
 0 570
 0 571
 0 572
 0 573
 0 574
 0 575
 0 576
 0 577
 0 578
 0 579
 0 580
 0 581
 0 582
 0 583
 0 584
 0 585
 0 586
 0 587
 0 588
 0 589
 0 590
 0 591
 0 592
 0 593
 0 594
 0 595
 0 596
 0 597
 0 598
 0 599
 0 600


