# Created by Octave 3.8.2, Mon Jun 22 06:14:53 2020 CEST <damian@fptrucha.inv.usc.es>
# name: hd
# type: matrix
# rows: 551
# columns: 2
 0 50
 0 51
 0 52
 0 53
 0 54
 0 55
 0 56
 0 57
 0 58
 0 59
 0 60
 0 61
 0 62
 0 63
 0 64
 0 65
 0 66
 0 67
 0 68
 0 69
 0 70
 0 71
 0 72
 0 73
 0 74
 0 75
 0 76
 0 77
 0 78
 0 79
 0 80
 0 81
 0 82
 0 83
 0 84
 0 85
 0 86
 0 87
 0 88
 1 89
 2 90
 11 91
 75 92
 122 93
 195 94
 239 95
 392 96
 595 97
 810 98
 969 99
 1120 100
 1341 101
 1431 102
 1470 103
 1513 104
 1509 105
 1406 106
 1395 107
 1315 108
 1280 109
 1242 110
 1178 111
 1153 112
 1017 113
 973 114
 809 115
 800 116
 720 117
 648 118
 567 119
 514 120
 441 121
 427 122
 384 123
 355 124
 332 125
 273 126
 280 127
 244 128
 238 129
 212 130
 194 131
 194 132
 178 133
 152 134
 163 135
 130 136
 137 137
 123 138
 117 139
 99 140
 94 141
 90 142
 82 143
 86 144
 78 145
 79 146
 69 147
 57 148
 55 149
 54 150
 58 151
 57 152
 58 153
 53 154
 40 155
 45 156
 42 157
 49 158
 31 159
 36 160
 24 161
 29 162
 32 163
 26 164
 25 165
 16 166
 15 167
 14 168
 26 169
 20 170
 11 171
 18 172
 20 173
 14 174
 14 175
 16 176
 9 177
 7 178
 5 179
 10 180
 12 181
 11 182
 9 183
 7 184
 4 185
 5 186
 4 187
 3 188
 5 189
 3 190
 7 191
 7 192
 5 193
 2 194
 1 195
 1 196
 5 197
 1 198
 2 199
 4 200
 4 201
 1 202
 3 203
 0 204
 2 205
 3 206
 1 207
 2 208
 2 209
 0 210
 0 211
 1 212
 2 213
 0 214
 1 215
 0 216
 0 217
 0 218
 0 219
 0 220
 0 221
 0 222
 0 223
 0 224
 0 225
 0 226
 0 227
 1 228
 1 229
 0 230
 0 231
 0 232
 1 233
 0 234
 1 235
 0 236
 0 237
 0 238
 0 239
 0 240
 0 241
 0 242
 0 243
 0 244
 0 245
 0 246
 0 247
 0 248
 0 249
 0 250
 0 251
 0 252
 0 253
 0 254
 0 255
 0 256
 0 257
 0 258
 0 259
 0 260
 0 261
 0 262
 0 263
 1 264
 0 265
 0 266
 0 267
 0 268
 0 269
 0 270
 0 271
 0 272
 0 273
 0 274
 0 275
 0 276
 0 277
 0 278
 0 279
 0 280
 0 281
 0 282
 2 283
 2 284
 1 285
 0 286
 0 287
 0 288
 0 289
 2 290
 0 291
 1 292
 0 293
 1 294
 2 295
 0 296
 1 297
 0 298
 2 299
 1 300
 2 301
 0 302
 0 303
 1 304
 1 305
 1 306
 1 307
 1 308
 2 309
 1 310
 5 311
 1 312
 3 313
 3 314
 3 315
 0 316
 4 317
 3 318
 1 319
 5 320
 2 321
 3 322
 3 323
 2 324
 4 325
 3 326
 3 327
 2 328
 2 329
 3 330
 2 331
 2 332
 3 333
 6 334
 2 335
 3 336
 0 337
 3 338
 4 339
 6 340
 2 341
 4 342
 1 343
 4 344
 0 345
 1 346
 1 347
 1 348
 3 349
 3 350
 3 351
 0 352
 2 353
 2 354
 2 355
 2 356
 3 357
 1 358
 4 359
 1 360
 1 361
 3 362
 2 363
 1 364
 1 365
 1 366
 0 367
 0 368
 1 369
 1 370
 0 371
 2 372
 0 373
 0 374
 0 375
 0 376
 0 377
 1 378
 2 379
 2 380
 0 381
 1 382
 0 383
 0 384
 1 385
 0 386
 1 387
 0 388
 1 389
 2 390
 0 391
 0 392
 1 393
 0 394
 0 395
 1 396
 1 397
 0 398
 0 399
 0 400
 0 401
 0 402
 0 403
 0 404
 0 405
 0 406
 0 407
 0 408
 0 409
 0 410
 0 411
 0 412
 0 413
 0 414
 1 415
 0 416
 0 417
 0 418
 0 419
 0 420
 0 421
 0 422
 0 423
 0 424
 0 425
 0 426
 0 427
 0 428
 0 429
 0 430
 0 431
 0 432
 0 433
 1 434
 0 435
 0 436
 0 437
 0 438
 0 439
 0 440
 0 441
 0 442
 0 443
 0 444
 0 445
 0 446
 0 447
 0 448
 0 449
 0 450
 0 451
 0 452
 0 453
 0 454
 0 455
 0 456
 0 457
 0 458
 0 459
 0 460
 0 461
 0 462
 0 463
 0 464
 0 465
 0 466
 0 467
 0 468
 0 469
 0 470
 0 471
 0 472
 0 473
 0 474
 0 475
 0 476
 0 477
 0 478
 0 479
 0 480
 0 481
 0 482
 0 483
 0 484
 0 485
 0 486
 0 487
 0 488
 0 489
 0 490
 0 491
 0 492
 0 493
 0 494
 0 495
 0 496
 0 497
 0 498
 0 499
 0 500
 0 501
 0 502
 0 503
 0 504
 0 505
 0 506
 0 507
 0 508
 0 509
 0 510
 0 511
 0 512
 0 513
 0 514
 0 515
 0 516
 0 517
 0 518
 0 519
 0 520
 0 521
 0 522
 0 523
 0 524
 0 525
 0 526
 0 527
 0 528
 0 529
 0 530
 0 531
 0 532
 0 533
 0 534
 0 535
 0 536
 0 537
 0 538
 0 539
 0 540
 0 541
 0 542
 0 543
 0 544
 0 545
 0 546
 0 547
 0 548
 0 549
 0 550
 0 551
 0 552
 0 553
 0 554
 0 555
 0 556
 0 557
 0 558
 0 559
 0 560
 0 561
 0 562
 0 563
 0 564
 0 565
 0 566
 0 567
 0 568
 0 569
 0 570
 0 571
 0 572
 0 573
 0 574
 0 575
 0 576
 0 577
 0 578
 0 579
 0 580
 0 581
 0 582
 0 583
 0 584
 0 585
 0 586
 0 587
 0 588
 0 589
 0 590
 0 591
 0 592
 0 593
 0 594
 0 595
 0 596
 0 597
 0 598
 0 599
 0 600


