# Created by Octave 3.8.2, Mon Jun 22 10:15:30 2020 CEST <damian@fptrucha.inv.usc.es>
# name: hd
# type: matrix
# rows: 551
# columns: 2
 0 50
 0 51
 0 52
 0 53
 0 54
 0 55
 0 56
 0 57
 0 58
 0 59
 0 60
 0 61
 0 62
 0 63
 0 64
 0 65
 0 66
 0 67
 0 68
 0 69
 0 70
 0 71
 0 72
 0 73
 0 74
 0 75
 0 76
 0 77
 0 78
 0 79
 0 80
 0 81
 0 82
 0 83
 0 84
 0 85
 0 86
 0 87
 0 88
 3 89
 1 90
 18 91
 73 92
 123 93
 184 94
 245 95
 398 96
 577 97
 762 98
 950 99
 1122 100
 1243 101
 1361 102
 1341 103
 1417 104
 1442 105
 1479 106
 1368 107
 1361 108
 1330 109
 1268 110
 1202 111
 1161 112
 1149 113
 1004 114
 945 115
 810 116
 785 117
 732 118
 668 119
 618 120
 582 121
 499 122
 395 123
 467 124
 389 125
 361 126
 358 127
 309 128
 264 129
 242 130
 241 131
 201 132
 198 133
 200 134
 183 135
 157 136
 144 137
 133 138
 128 139
 144 140
 106 141
 120 142
 107 143
 81 144
 77 145
 76 146
 94 147
 81 148
 81 149
 62 150
 58 151
 58 152
 58 153
 55 154
 55 155
 52 156
 43 157
 47 158
 44 159
 46 160
 35 161
 29 162
 23 163
 28 164
 29 165
 29 166
 30 167
 14 168
 23 169
 23 170
 19 171
 16 172
 17 173
 17 174
 18 175
 22 176
 9 177
 14 178
 8 179
 10 180
 12 181
 10 182
 9 183
 5 184
 10 185
 10 186
 6 187
 7 188
 6 189
 4 190
 5 191
 3 192
 5 193
 3 194
 1 195
 2 196
 1 197
 3 198
 6 199
 2 200
 4 201
 4 202
 0 203
 1 204
 1 205
 1 206
 4 207
 3 208
 1 209
 4 210
 3 211
 1 212
 1 213
 1 214
 0 215
 0 216
 0 217
 0 218
 0 219
 0 220
 0 221
 0 222
 0 223
 0 224
 0 225
 0 226
 0 227
 1 228
 0 229
 0 230
 0 231
 0 232
 0 233
 0 234
 0 235
 0 236
 0 237
 0 238
 0 239
 0 240
 0 241
 0 242
 0 243
 1 244
 0 245
 0 246
 0 247
 0 248
 0 249
 0 250
 0 251
 0 252
 0 253
 0 254
 0 255
 0 256
 0 257
 0 258
 0 259
 0 260
 0 261
 0 262
 0 263
 0 264
 0 265
 0 266
 0 267
 0 268
 0 269
 0 270
 0 271
 0 272
 0 273
 0 274
 0 275
 0 276
 1 277
 0 278
 0 279
 0 280
 0 281
 0 282
 0 283
 2 284
 0 285
 1 286
 0 287
 0 288
 2 289
 1 290
 0 291
 1 292
 0 293
 0 294
 0 295
 2 296
 1 297
 1 298
 1 299
 3 300
 2 301
 0 302
 0 303
 0 304
 4 305
 0 306
 3 307
 3 308
 6 309
 1 310
 2 311
 0 312
 5 313
 0 314
 2 315
 2 316
 1 317
 2 318
 1 319
 0 320
 3 321
 5 322
 1 323
 1 324
 5 325
 5 326
 5 327
 5 328
 3 329
 4 330
 3 331
 1 332
 1 333
 0 334
 1 335
 5 336
 4 337
 3 338
 3 339
 3 340
 2 341
 2 342
 2 343
 2 344
 3 345
 1 346
 4 347
 4 348
 2 349
 2 350
 3 351
 2 352
 0 353
 1 354
 1 355
 1 356
 3 357
 1 358
 2 359
 2 360
 1 361
 2 362
 1 363
 2 364
 1 365
 0 366
 1 367
 1 368
 0 369
 0 370
 0 371
 0 372
 0 373
 0 374
 0 375
 0 376
 0 377
 0 378
 0 379
 0 380
 1 381
 0 382
 2 383
 2 384
 0 385
 0 386
 1 387
 1 388
 0 389
 0 390
 2 391
 0 392
 0 393
 0 394
 1 395
 0 396
 0 397
 0 398
 0 399
 0 400
 0 401
 0 402
 0 403
 0 404
 0 405
 0 406
 0 407
 0 408
 1 409
 0 410
 0 411
 0 412
 0 413
 1 414
 0 415
 0 416
 1 417
 0 418
 0 419
 0 420
 0 421
 0 422
 0 423
 0 424
 0 425
 0 426
 0 427
 0 428
 0 429
 1 430
 0 431
 0 432
 0 433
 0 434
 0 435
 0 436
 0 437
 0 438
 0 439
 0 440
 0 441
 0 442
 0 443
 0 444
 0 445
 0 446
 0 447
 1 448
 0 449
 0 450
 0 451
 0 452
 0 453
 0 454
 0 455
 0 456
 0 457
 0 458
 0 459
 0 460
 0 461
 0 462
 0 463
 0 464
 0 465
 0 466
 0 467
 0 468
 0 469
 0 470
 0 471
 0 472
 0 473
 0 474
 0 475
 0 476
 0 477
 0 478
 0 479
 0 480
 0 481
 0 482
 0 483
 0 484
 0 485
 0 486
 0 487
 0 488
 0 489
 0 490
 0 491
 0 492
 0 493
 0 494
 0 495
 0 496
 0 497
 0 498
 0 499
 0 500
 0 501
 0 502
 0 503
 0 504
 0 505
 0 506
 0 507
 0 508
 0 509
 0 510
 0 511
 0 512
 0 513
 0 514
 0 515
 0 516
 0 517
 0 518
 0 519
 0 520
 0 521
 0 522
 0 523
 0 524
 0 525
 0 526
 0 527
 0 528
 0 529
 0 530
 0 531
 0 532
 0 533
 0 534
 0 535
 0 536
 0 537
 0 538
 0 539
 0 540
 0 541
 0 542
 0 543
 0 544
 0 545
 0 546
 0 547
 0 548
 0 549
 0 550
 0 551
 0 552
 0 553
 0 554
 0 555
 0 556
 0 557
 0 558
 0 559
 0 560
 0 561
 0 562
 0 563
 0 564
 0 565
 0 566
 0 567
 0 568
 0 569
 0 570
 0 571
 0 572
 0 573
 0 574
 0 575
 0 576
 0 577
 0 578
 0 579
 0 580
 0 581
 0 582
 0 583
 0 584
 0 585
 0 586
 0 587
 0 588
 0 589
 0 590
 0 591
 0 592
 0 593
 0 594
 0 595
 0 596
 0 597
 0 598
 0 599
 0 600


