# Created by Octave 3.8.2, Sat Jun 20 10:49:48 2020 CEST <damian@fptrucha.inv.usc.es>
# name: hd
# type: matrix
# rows: 551
# columns: 2
 0 50
 0 51
 0 52
 0 53
 0 54
 0 55
 0 56
 0 57
 0 58
 0 59
 0 60
 0 61
 0 62
 0 63
 0 64
 0 65
 0 66
 0 67
 0 68
 0 69
 0 70
 0 71
 0 72
 0 73
 0 74
 0 75
 0 76
 0 77
 0 78
 0 79
 0 80
 0 81
 0 82
 0 83
 0 84
 0 85
 0 86
 0 87
 1 88
 3 89
 1 90
 22 91
 64 92
 84 93
 137 94
 208 95
 301 96
 441 97
 566 98
 680 99
 819 100
 865 101
 905 102
 1001 103
 989 104
 1038 105
 1017 106
 987 107
 1009 108
 992 109
 977 110
 862 111
 863 112
 794 113
 808 114
 757 115
 654 116
 574 117
 590 118
 538 119
 502 120
 419 121
 384 122
 398 123
 351 124
 329 125
 312 126
 275 127
 225 128
 201 129
 200 130
 166 131
 176 132
 159 133
 128 134
 133 135
 106 136
 110 137
 97 138
 80 139
 83 140
 73 141
 78 142
 70 143
 75 144
 65 145
 59 146
 43 147
 42 148
 42 149
 38 150
 34 151
 35 152
 35 153
 34 154
 37 155
 28 156
 44 157
 31 158
 30 159
 19 160
 18 161
 17 162
 16 163
 20 164
 23 165
 12 166
 14 167
 17 168
 20 169
 14 170
 7 171
 11 172
 12 173
 7 174
 10 175
 6 176
 6 177
 9 178
 7 179
 4 180
 4 181
 5 182
 6 183
 3 184
 4 185
 3 186
 5 187
 8 188
 4 189
 4 190
 2 191
 3 192
 1 193
 0 194
 2 195
 3 196
 1 197
 1 198
 3 199
 1 200
 2 201
 1 202
 1 203
 2 204
 2 205
 1 206
 2 207
 0 208
 3 209
 1 210
 1 211
 0 212
 0 213
 1 214
 1 215
 1 216
 0 217
 0 218
 0 219
 0 220
 1 221
 0 222
 0 223
 1 224
 0 225
 0 226
 0 227
 0 228
 0 229
 0 230
 0 231
 0 232
 0 233
 0 234
 0 235
 0 236
 0 237
 0 238
 0 239
 0 240
 0 241
 0 242
 0 243
 0 244
 0 245
 0 246
 0 247
 0 248
 0 249
 0 250
 0 251
 0 252
 0 253
 0 254
 0 255
 0 256
 0 257
 0 258
 0 259
 0 260
 0 261
 0 262
 0 263
 0 264
 0 265
 0 266
 0 267
 0 268
 0 269
 0 270
 0 271
 0 272
 0 273
 1 274
 0 275
 0 276
 0 277
 0 278
 0 279
 0 280
 0 281
 0 282
 0 283
 0 284
 1 285
 0 286
 1 287
 1 288
 0 289
 0 290
 0 291
 0 292
 0 293
 0 294
 0 295
 0 296
 1 297
 0 298
 3 299
 1 300
 0 301
 2 302
 3 303
 0 304
 0 305
 1 306
 0 307
 1 308
 2 309
 0 310
 0 311
 0 312
 0 313
 0 314
 1 315
 0 316
 0 317
 1 318
 0 319
 0 320
 2 321
 1 322
 1 323
 0 324
 1 325
 0 326
 2 327
 1 328
 2 329
 1 330
 1 331
 0 332
 0 333
 0 334
 1 335
 2 336
 1 337
 1 338
 1 339
 1 340
 0 341
 0 342
 0 343
 1 344
 2 345
 1 346
 1 347
 0 348
 0 349
 1 350
 0 351
 1 352
 0 353
 1 354
 2 355
 1 356
 1 357
 3 358
 0 359
 0 360
 0 361
 0 362
 0 363
 1 364
 2 365
 0 366
 0 367
 2 368
 1 369
 3 370
 1 371
 1 372
 0 373
 1 374
 0 375
 0 376
 0 377
 1 378
 1 379
 0 380
 0 381
 0 382
 0 383
 0 384
 2 385
 0 386
 0 387
 0 388
 1 389
 1 390
 0 391
 0 392
 0 393
 0 394
 0 395
 0 396
 0 397
 1 398
 0 399
 1 400
 0 401
 0 402
 0 403
 0 404
 0 405
 0 406
 0 407
 0 408
 0 409
 0 410
 0 411
 0 412
 0 413
 1 414
 0 415
 0 416
 0 417
 0 418
 0 419
 0 420
 0 421
 0 422
 0 423
 0 424
 0 425
 0 426
 0 427
 0 428
 0 429
 0 430
 0 431
 0 432
 0 433
 0 434
 0 435
 0 436
 0 437
 0 438
 0 439
 0 440
 0 441
 0 442
 0 443
 0 444
 0 445
 0 446
 0 447
 0 448
 0 449
 0 450
 0 451
 0 452
 0 453
 0 454
 0 455
 0 456
 0 457
 0 458
 0 459
 0 460
 0 461
 0 462
 0 463
 0 464
 0 465
 0 466
 0 467
 0 468
 0 469
 0 470
 0 471
 0 472
 0 473
 0 474
 0 475
 0 476
 0 477
 0 478
 0 479
 0 480
 0 481
 0 482
 0 483
 0 484
 0 485
 0 486
 0 487
 0 488
 0 489
 0 490
 0 491
 0 492
 0 493
 0 494
 0 495
 0 496
 0 497
 0 498
 0 499
 0 500
 0 501
 0 502
 0 503
 0 504
 0 505
 0 506
 0 507
 0 508
 0 509
 0 510
 0 511
 0 512
 0 513
 0 514
 0 515
 0 516
 0 517
 0 518
 0 519
 0 520
 0 521
 0 522
 0 523
 0 524
 0 525
 0 526
 0 527
 0 528
 0 529
 0 530
 0 531
 0 532
 0 533
 0 534
 0 535
 0 536
 0 537
 0 538
 0 539
 0 540
 0 541
 0 542
 0 543
 0 544
 0 545
 0 546
 0 547
 0 548
 0 549
 0 550
 0 551
 0 552
 0 553
 0 554
 0 555
 0 556
 0 557
 0 558
 0 559
 0 560
 0 561
 0 562
 0 563
 0 564
 0 565
 0 566
 0 567
 0 568
 0 569
 0 570
 0 571
 0 572
 0 573
 0 574
 0 575
 0 576
 0 577
 0 578
 0 579
 0 580
 0 581
 0 582
 0 583
 0 584
 0 585
 0 586
 0 587
 0 588
 0 589
 0 590
 0 591
 0 592
 0 593
 0 594
 0 595
 0 596
 0 597
 0 598
 0 599
 0 600


