# Created by Octave 3.8.2, Mon Jun 22 21:25:33 2020 CEST <damian@fptrucha.inv.usc.es>
# name: hd
# type: matrix
# rows: 551
# columns: 2
 0 50
 0 51
 0 52
 0 53
 0 54
 0 55
 0 56
 0 57
 0 58
 0 59
 0 60
 0 61
 0 62
 0 63
 0 64
 0 65
 0 66
 0 67
 0 68
 0 69
 0 70
 0 71
 0 72
 0 73
 0 74
 0 75
 0 76
 0 77
 0 78
 0 79
 0 80
 0 81
 0 82
 0 83
 0 84
 0 85
 0 86
 0 87
 1 88
 3 89
 2 90
 29 91
 80 92
 121 93
 183 94
 260 95
 467 96
 646 97
 907 98
 1042 99
 1329 100
 1389 101
 1480 102
 1556 103
 1603 104
 1681 105
 1598 106
 1489 107
 1536 108
 1446 109
 1405 110
 1329 111
 1184 112
 1115 113
 1107 114
 956 115
 891 116
 855 117
 749 118
 660 119
 637 120
 558 121
 561 122
 506 123
 485 124
 409 125
 369 126
 342 127
 261 128
 298 129
 265 130
 250 131
 227 132
 206 133
 185 134
 188 135
 180 136
 149 137
 151 138
 134 139
 123 140
 123 141
 122 142
 113 143
 97 144
 92 145
 85 146
 84 147
 73 148
 77 149
 66 150
 65 151
 64 152
 53 153
 61 154
 47 155
 62 156
 50 157
 45 158
 40 159
 45 160
 31 161
 38 162
 29 163
 27 164
 27 165
 25 166
 29 167
 25 168
 13 169
 19 170
 19 171
 26 172
 18 173
 18 174
 16 175
 15 176
 9 177
 7 178
 13 179
 8 180
 8 181
 10 182
 6 183
 16 184
 3 185
 8 186
 4 187
 8 188
 2 189
 8 190
 4 191
 6 192
 2 193
 3 194
 4 195
 5 196
 2 197
 1 198
 3 199
 2 200
 3 201
 0 202
 0 203
 1 204
 2 205
 1 206
 1 207
 1 208
 1 209
 2 210
 0 211
 1 212
 1 213
 0 214
 0 215
 0 216
 2 217
 2 218
 0 219
 0 220
 0 221
 0 222
 0 223
 0 224
 0 225
 1 226
 0 227
 0 228
 1 229
 0 230
 1 231
 0 232
 0 233
 0 234
 0 235
 0 236
 0 237
 0 238
 1 239
 0 240
 0 241
 0 242
 0 243
 0 244
 0 245
 0 246
 0 247
 0 248
 1 249
 0 250
 0 251
 0 252
 1 253
 0 254
 0 255
 0 256
 0 257
 0 258
 0 259
 0 260
 0 261
 0 262
 0 263
 0 264
 0 265
 0 266
 0 267
 0 268
 0 269
 0 270
 0 271
 0 272
 0 273
 0 274
 1 275
 0 276
 0 277
 0 278
 1 279
 1 280
 1 281
 1 282
 0 283
 1 284
 1 285
 1 286
 2 287
 1 288
 2 289
 0 290
 0 291
 2 292
 1 293
 0 294
 0 295
 1 296
 1 297
 1 298
 1 299
 0 300
 1 301
 0 302
 1 303
 1 304
 3 305
 2 306
 3 307
 2 308
 4 309
 3 310
 2 311
 4 312
 4 313
 1 314
 0 315
 4 316
 6 317
 2 318
 3 319
 7 320
 2 321
 2 322
 4 323
 2 324
 3 325
 1 326
 4 327
 2 328
 1 329
 3 330
 2 331
 4 332
 4 333
 3 334
 4 335
 7 336
 0 337
 2 338
 1 339
 2 340
 1 341
 4 342
 1 343
 1 344
 2 345
 1 346
 4 347
 2 348
 2 349
 2 350
 3 351
 1 352
 1 353
 2 354
 4 355
 2 356
 1 357
 2 358
 1 359
 4 360
 1 361
 2 362
 3 363
 2 364
 1 365
 2 366
 1 367
 0 368
 4 369
 2 370
 0 371
 0 372
 1 373
 0 374
 0 375
 2 376
 0 377
 1 378
 1 379
 1 380
 1 381
 0 382
 0 383
 1 384
 0 385
 0 386
 0 387
 1 388
 0 389
 0 390
 0 391
 1 392
 1 393
 0 394
 0 395
 0 396
 0 397
 0 398
 0 399
 0 400
 0 401
 1 402
 0 403
 1 404
 0 405
 0 406
 0 407
 0 408
 0 409
 0 410
 0 411
 0 412
 0 413
 0 414
 0 415
 1 416
 0 417
 0 418
 0 419
 0 420
 0 421
 0 422
 0 423
 0 424
 0 425
 0 426
 0 427
 0 428
 0 429
 0 430
 0 431
 0 432
 0 433
 0 434
 0 435
 0 436
 0 437
 0 438
 0 439
 0 440
 0 441
 0 442
 0 443
 0 444
 0 445
 0 446
 0 447
 0 448
 0 449
 0 450
 0 451
 0 452
 0 453
 0 454
 0 455
 0 456
 0 457
 0 458
 0 459
 0 460
 0 461
 0 462
 0 463
 0 464
 0 465
 0 466
 0 467
 0 468
 0 469
 0 470
 0 471
 0 472
 0 473
 0 474
 0 475
 0 476
 0 477
 0 478
 0 479
 0 480
 0 481
 0 482
 0 483
 0 484
 0 485
 0 486
 0 487
 0 488
 0 489
 0 490
 0 491
 0 492
 0 493
 0 494
 0 495
 0 496
 0 497
 0 498
 0 499
 0 500
 0 501
 0 502
 0 503
 0 504
 0 505
 0 506
 0 507
 0 508
 0 509
 0 510
 0 511
 0 512
 0 513
 0 514
 0 515
 0 516
 0 517
 0 518
 0 519
 0 520
 0 521
 0 522
 0 523
 0 524
 0 525
 0 526
 0 527
 0 528
 0 529
 0 530
 0 531
 0 532
 0 533
 0 534
 0 535
 0 536
 0 537
 0 538
 0 539
 0 540
 0 541
 0 542
 0 543
 0 544
 0 545
 0 546
 0 547
 0 548
 0 549
 0 550
 0 551
 0 552
 0 553
 0 554
 0 555
 0 556
 0 557
 0 558
 0 559
 0 560
 0 561
 0 562
 0 563
 0 564
 0 565
 0 566
 0 567
 0 568
 0 569
 0 570
 0 571
 0 572
 0 573
 0 574
 0 575
 0 576
 0 577
 0 578
 0 579
 0 580
 0 581
 0 582
 0 583
 0 584
 0 585
 0 586
 0 587
 0 588
 0 589
 0 590
 0 591
 0 592
 0 593
 0 594
 0 595
 0 596
 0 597
 0 598
 0 599
 0 600


