# Created by Octave 3.8.2, Sat Jun 20 09:01:47 2020 CEST <damian@fptrucha.inv.usc.es>
# name: hd
# type: matrix
# rows: 551
# columns: 2
 0 50
 0 51
 0 52
 0 53
 0 54
 0 55
 0 56
 0 57
 0 58
 0 59
 0 60
 0 61
 0 62
 0 63
 0 64
 0 65
 0 66
 0 67
 0 68
 0 69
 0 70
 0 71
 0 72
 0 73
 0 74
 0 75
 0 76
 0 77
 0 78
 0 79
 0 80
 0 81
 0 82
 0 83
 0 84
 0 85
 0 86
 0 87
 1 88
 3 89
 3 90
 35 91
 113 92
 139 93
 214 94
 358 95
 541 96
 771 97
 960 98
 1215 99
 1415 100
 1513 101
 1562 102
 1603 103
 1740 104
 1769 105
 1767 106
 1661 107
 1654 108
 1602 109
 1441 110
 1412 111
 1362 112
 1262 113
 1157 114
 1078 115
 992 116
 866 117
 822 118
 766 119
 715 120
 650 121
 578 122
 564 123
 508 124
 477 125
 410 126
 375 127
 320 128
 309 129
 288 130
 263 131
 251 132
 198 133
 214 134
 198 135
 163 136
 136 137
 141 138
 122 139
 126 140
 110 141
 97 142
 97 143
 101 144
 76 145
 59 146
 77 147
 57 148
 64 149
 69 150
 52 151
 45 152
 51 153
 46 154
 41 155
 48 156
 54 157
 55 158
 40 159
 25 160
 32 161
 36 162
 24 163
 24 164
 18 165
 23 166
 25 167
 14 168
 11 169
 12 170
 17 171
 15 172
 15 173
 9 174
 5 175
 6 176
 12 177
 8 178
 10 179
 8 180
 7 181
 8 182
 7 183
 6 184
 6 185
 3 186
 3 187
 2 188
 3 189
 8 190
 3 191
 3 192
 0 193
 4 194
 2 195
 2 196
 4 197
 3 198
 0 199
 1 200
 4 201
 1 202
 0 203
 1 204
 0 205
 1 206
 2 207
 0 208
 0 209
 0 210
 1 211
 1 212
 0 213
 1 214
 0 215
 1 216
 1 217
 0 218
 0 219
 0 220
 1 221
 0 222
 1 223
 0 224
 0 225
 0 226
 0 227
 1 228
 0 229
 0 230
 0 231
 0 232
 0 233
 0 234
 0 235
 0 236
 0 237
 0 238
 0 239
 1 240
 0 241
 0 242
 0 243
 0 244
 0 245
 0 246
 0 247
 0 248
 0 249
 0 250
 0 251
 0 252
 0 253
 0 254
 0 255
 0 256
 0 257
 0 258
 0 259
 0 260
 0 261
 0 262
 0 263
 0 264
 0 265
 0 266
 0 267
 0 268
 0 269
 0 270
 0 271
 0 272
 0 273
 0 274
 1 275
 0 276
 0 277
 0 278
 0 279
 0 280
 1 281
 0 282
 1 283
 0 284
 0 285
 0 286
 0 287
 1 288
 1 289
 1 290
 0 291
 0 292
 0 293
 0 294
 0 295
 0 296
 0 297
 0 298
 1 299
 0 300
 0 301
 1 302
 1 303
 1 304
 0 305
 1 306
 3 307
 0 308
 1 309
 3 310
 1 311
 4 312
 3 313
 2 314
 0 315
 1 316
 2 317
 3 318
 1 319
 4 320
 2 321
 0 322
 2 323
 2 324
 2 325
 2 326
 1 327
 1 328
 2 329
 2 330
 3 331
 1 332
 1 333
 0 334
 4 335
 0 336
 3 337
 0 338
 3 339
 3 340
 1 341
 2 342
 1 343
 1 344
 2 345
 1 346
 1 347
 1 348
 2 349
 3 350
 4 351
 1 352
 0 353
 1 354
 0 355
 0 356
 0 357
 3 358
 0 359
 0 360
 0 361
 2 362
 1 363
 0 364
 4 365
 3 366
 1 367
 1 368
 1 369
 1 370
 3 371
 1 372
 0 373
 0 374
 0 375
 0 376
 1 377
 1 378
 1 379
 0 380
 0 381
 0 382
 2 383
 0 384
 0 385
 0 386
 2 387
 2 388
 1 389
 1 390
 0 391
 0 392
 0 393
 0 394
 0 395
 0 396
 0 397
 1 398
 0 399
 0 400
 0 401
 0 402
 0 403
 0 404
 1 405
 0 406
 0 407
 0 408
 0 409
 0 410
 0 411
 0 412
 0 413
 0 414
 0 415
 0 416
 0 417
 0 418
 0 419
 0 420
 0 421
 0 422
 0 423
 0 424
 0 425
 0 426
 0 427
 0 428
 0 429
 0 430
 0 431
 0 432
 0 433
 0 434
 0 435
 0 436
 0 437
 0 438
 0 439
 0 440
 0 441
 0 442
 0 443
 0 444
 0 445
 0 446
 0 447
 0 448
 0 449
 0 450
 0 451
 0 452
 0 453
 0 454
 0 455
 0 456
 0 457
 0 458
 0 459
 0 460
 0 461
 0 462
 0 463
 0 464
 0 465
 0 466
 0 467
 0 468
 0 469
 0 470
 0 471
 0 472
 0 473
 0 474
 0 475
 0 476
 0 477
 0 478
 0 479
 0 480
 0 481
 0 482
 0 483
 0 484
 0 485
 0 486
 0 487
 0 488
 0 489
 0 490
 0 491
 0 492
 0 493
 0 494
 0 495
 0 496
 0 497
 0 498
 0 499
 0 500
 0 501
 0 502
 0 503
 0 504
 0 505
 0 506
 0 507
 0 508
 0 509
 0 510
 0 511
 0 512
 0 513
 0 514
 0 515
 0 516
 0 517
 0 518
 0 519
 0 520
 0 521
 0 522
 0 523
 0 524
 0 525
 0 526
 0 527
 0 528
 0 529
 0 530
 0 531
 0 532
 0 533
 0 534
 0 535
 0 536
 0 537
 0 538
 0 539
 0 540
 0 541
 0 542
 0 543
 0 544
 0 545
 0 546
 0 547
 0 548
 0 549
 0 550
 0 551
 0 552
 0 553
 0 554
 0 555
 0 556
 0 557
 0 558
 0 559
 0 560
 0 561
 0 562
 0 563
 0 564
 0 565
 0 566
 0 567
 0 568
 0 569
 0 570
 0 571
 0 572
 0 573
 0 574
 0 575
 0 576
 0 577
 0 578
 0 579
 0 580
 0 581
 0 582
 0 583
 0 584
 0 585
 0 586
 0 587
 0 588
 0 589
 0 590
 0 591
 0 592
 0 593
 0 594
 0 595
 0 596
 0 597
 0 598
 0 599
 0 600


