# Created by Octave 3.8.2, Mon Jun 22 05:04:50 2020 CEST <damian@fptrucha.inv.usc.es>
# name: hd
# type: matrix
# rows: 551
# columns: 2
 0 50
 0 51
 0 52
 0 53
 0 54
 0 55
 0 56
 0 57
 0 58
 0 59
 0 60
 0 61
 0 62
 0 63
 0 64
 0 65
 0 66
 0 67
 0 68
 0 69
 0 70
 0 71
 0 72
 0 73
 0 74
 0 75
 0 76
 0 77
 0 78
 0 79
 0 80
 0 81
 0 82
 0 83
 0 84
 0 85
 0 86
 0 87
 0 88
 1 89
 3 90
 14 91
 74 92
 116 93
 160 94
 217 95
 373 96
 557 97
 792 98
 888 99
 1104 100
 1244 101
 1277 102
 1317 103
 1310 104
 1347 105
 1297 106
 1336 107
 1306 108
 1238 109
 1166 110
 1116 111
 1073 112
 950 113
 927 114
 877 115
 741 116
 728 117
 653 118
 566 119
 545 120
 510 121
 431 122
 424 123
 364 124
 352 125
 312 126
 301 127
 292 128
 263 129
 210 130
 197 131
 194 132
 175 133
 168 134
 150 135
 140 136
 142 137
 115 138
 102 139
 99 140
 96 141
 107 142
 90 143
 77 144
 81 145
 90 146
 72 147
 81 148
 73 149
 55 150
 48 151
 58 152
 49 153
 58 154
 66 155
 45 156
 35 157
 33 158
 35 159
 40 160
 21 161
 41 162
 39 163
 34 164
 30 165
 31 166
 24 167
 25 168
 23 169
 21 170
 25 171
 14 172
 15 173
 17 174
 8 175
 14 176
 11 177
 12 178
 6 179
 9 180
 12 181
 11 182
 12 183
 11 184
 7 185
 8 186
 4 187
 6 188
 10 189
 2 190
 9 191
 11 192
 4 193
 8 194
 3 195
 5 196
 3 197
 1 198
 2 199
 4 200
 4 201
 1 202
 0 203
 2 204
 1 205
 2 206
 0 207
 1 208
 0 209
 2 210
 0 211
 2 212
 2 213
 0 214
 1 215
 0 216
 2 217
 2 218
 1 219
 0 220
 0 221
 1 222
 0 223
 0 224
 0 225
 0 226
 0 227
 0 228
 0 229
 0 230
 0 231
 0 232
 1 233
 0 234
 0 235
 0 236
 0 237
 1 238
 0 239
 0 240
 0 241
 0 242
 0 243
 0 244
 0 245
 0 246
 0 247
 0 248
 0 249
 0 250
 0 251
 0 252
 0 253
 0 254
 0 255
 0 256
 0 257
 0 258
 0 259
 0 260
 0 261
 0 262
 0 263
 0 264
 0 265
 0 266
 0 267
 0 268
 0 269
 0 270
 0 271
 0 272
 0 273
 0 274
 0 275
 0 276
 0 277
 0 278
 0 279
 0 280
 0 281
 0 282
 1 283
 0 284
 1 285
 2 286
 1 287
 1 288
 0 289
 0 290
 1 291
 1 292
 1 293
 1 294
 2 295
 0 296
 1 297
 2 298
 1 299
 4 300
 3 301
 2 302
 0 303
 2 304
 1 305
 2 306
 4 307
 6 308
 4 309
 2 310
 1 311
 4 312
 2 313
 1 314
 2 315
 2 316
 4 317
 2 318
 4 319
 4 320
 2 321
 2 322
 3 323
 5 324
 3 325
 2 326
 2 327
 2 328
 3 329
 3 330
 2 331
 1 332
 2 333
 1 334
 4 335
 3 336
 2 337
 2 338
 1 339
 3 340
 2 341
 1 342
 2 343
 3 344
 3 345
 4 346
 3 347
 4 348
 1 349
 2 350
 1 351
 4 352
 0 353
 2 354
 4 355
 0 356
 1 357
 0 358
 1 359
 0 360
 2 361
 4 362
 0 363
 2 364
 1 365
 1 366
 0 367
 0 368
 0 369
 0 370
 2 371
 0 372
 0 373
 2 374
 2 375
 2 376
 0 377
 1 378
 1 379
 2 380
 0 381
 0 382
 0 383
 0 384
 0 385
 0 386
 1 387
 0 388
 0 389
 0 390
 0 391
 0 392
 0 393
 0 394
 0 395
 0 396
 0 397
 0 398
 1 399
 1 400
 0 401
 0 402
 0 403
 1 404
 0 405
 0 406
 0 407
 0 408
 0 409
 0 410
 0 411
 0 412
 0 413
 0 414
 0 415
 0 416
 0 417
 0 418
 0 419
 0 420
 0 421
 0 422
 0 423
 0 424
 0 425
 0 426
 0 427
 0 428
 0 429
 0 430
 0 431
 0 432
 0 433
 0 434
 0 435
 0 436
 0 437
 0 438
 0 439
 0 440
 0 441
 0 442
 0 443
 0 444
 0 445
 0 446
 0 447
 0 448
 0 449
 0 450
 0 451
 0 452
 0 453
 0 454
 0 455
 0 456
 0 457
 0 458
 0 459
 0 460
 0 461
 0 462
 0 463
 0 464
 0 465
 0 466
 0 467
 0 468
 0 469
 0 470
 0 471
 0 472
 0 473
 0 474
 0 475
 0 476
 0 477
 0 478
 0 479
 0 480
 0 481
 0 482
 0 483
 0 484
 0 485
 0 486
 0 487
 0 488
 0 489
 0 490
 0 491
 0 492
 0 493
 0 494
 0 495
 0 496
 0 497
 0 498
 0 499
 0 500
 0 501
 0 502
 0 503
 0 504
 0 505
 0 506
 0 507
 0 508
 0 509
 0 510
 0 511
 0 512
 0 513
 0 514
 0 515
 0 516
 0 517
 0 518
 0 519
 0 520
 0 521
 0 522
 0 523
 0 524
 0 525
 0 526
 0 527
 0 528
 0 529
 0 530
 0 531
 0 532
 0 533
 0 534
 0 535
 0 536
 0 537
 0 538
 0 539
 0 540
 0 541
 0 542
 0 543
 0 544
 0 545
 0 546
 0 547
 0 548
 0 549
 0 550
 0 551
 0 552
 0 553
 0 554
 0 555
 0 556
 0 557
 0 558
 0 559
 0 560
 0 561
 0 562
 0 563
 0 564
 0 565
 0 566
 0 567
 0 568
 0 569
 0 570
 0 571
 0 572
 0 573
 0 574
 0 575
 0 576
 0 577
 0 578
 0 579
 0 580
 0 581
 0 582
 0 583
 0 584
 0 585
 0 586
 0 587
 0 588
 0 589
 0 590
 0 591
 0 592
 0 593
 0 594
 0 595
 0 596
 0 597
 0 598
 0 599
 0 600


