# Created by Octave 3.8.2, Mon Jun 22 11:58:25 2020 CEST <damian@fptrucha.inv.usc.es>
# name: hd
# type: matrix
# rows: 551
# columns: 2
 0 50
 0 51
 0 52
 0 53
 0 54
 0 55
 0 56
 0 57
 0 58
 0 59
 0 60
 0 61
 0 62
 0 63
 0 64
 0 65
 0 66
 0 67
 0 68
 0 69
 0 70
 0 71
 0 72
 0 73
 0 74
 0 75
 0 76
 0 77
 0 78
 0 79
 0 80
 0 81
 0 82
 0 83
 0 84
 0 85
 0 86
 0 87
 0 88
 3 89
 1 90
 21 91
 81 92
 111 93
 148 94
 249 95
 396 96
 619 97
 821 98
 989 99
 1137 100
 1251 101
 1394 102
 1429 103
 1442 104
 1506 105
 1465 106
 1407 107
 1430 108
 1339 109
 1282 110
 1208 111
 1107 112
 1051 113
 1001 114
 950 115
 860 116
 746 117
 624 118
 662 119
 628 120
 546 121
 482 122
 465 123
 377 124
 395 125
 321 126
 324 127
 304 128
 275 129
 266 130
 229 131
 222 132
 196 133
 159 134
 174 135
 173 136
 137 137
 137 138
 136 139
 123 140
 129 141
 106 142
 105 143
 102 144
 95 145
 77 146
 87 147
 68 148
 67 149
 59 150
 68 151
 57 152
 52 153
 58 154
 54 155
 40 156
 49 157
 42 158
 40 159
 39 160
 34 161
 31 162
 36 163
 30 164
 28 165
 21 166
 27 167
 13 168
 22 169
 15 170
 23 171
 17 172
 16 173
 20 174
 17 175
 19 176
 7 177
 15 178
 11 179
 8 180
 13 181
 8 182
 9 183
 11 184
 10 185
 7 186
 3 187
 3 188
 3 189
 8 190
 5 191
 7 192
 5 193
 1 194
 6 195
 3 196
 4 197
 4 198
 3 199
 3 200
 4 201
 1 202
 3 203
 3 204
 3 205
 1 206
 1 207
 4 208
 2 209
 0 210
 0 211
 3 212
 1 213
 0 214
 2 215
 1 216
 1 217
 1 218
 0 219
 1 220
 0 221
 0 222
 0 223
 0 224
 0 225
 0 226
 0 227
 0 228
 1 229
 0 230
 0 231
 1 232
 0 233
 0 234
 0 235
 0 236
 0 237
 2 238
 0 239
 0 240
 0 241
 0 242
 0 243
 0 244
 0 245
 0 246
 0 247
 0 248
 0 249
 0 250
 0 251
 0 252
 0 253
 0 254
 0 255
 0 256
 0 257
 0 258
 0 259
 0 260
 0 261
 0 262
 0 263
 0 264
 0 265
 0 266
 0 267
 0 268
 1 269
 1 270
 0 271
 0 272
 0 273
 0 274
 1 275
 0 276
 0 277
 0 278
 1 279
 0 280
 0 281
 0 282
 2 283
 1 284
 0 285
 0 286
 1 287
 0 288
 1 289
 0 290
 0 291
 0 292
 2 293
 1 294
 0 295
 0 296
 3 297
 4 298
 1 299
 4 300
 0 301
 2 302
 5 303
 1 304
 3 305
 3 306
 3 307
 3 308
 6 309
 2 310
 5 311
 1 312
 1 313
 1 314
 2 315
 4 316
 1 317
 2 318
 2 319
 7 320
 5 321
 3 322
 1 323
 4 324
 3 325
 5 326
 1 327
 1 328
 4 329
 0 330
 4 331
 3 332
 5 333
 2 334
 3 335
 1 336
 2 337
 4 338
 2 339
 5 340
 4 341
 4 342
 2 343
 6 344
 3 345
 4 346
 3 347
 2 348
 4 349
 4 350
 1 351
 1 352
 0 353
 2 354
 2 355
 3 356
 3 357
 3 358
 0 359
 4 360
 2 361
 4 362
 1 363
 1 364
 1 365
 1 366
 0 367
 0 368
 0 369
 2 370
 0 371
 3 372
 0 373
 2 374
 1 375
 1 376
 1 377
 0 378
 1 379
 0 380
 0 381
 1 382
 0 383
 1 384
 0 385
 0 386
 1 387
 0 388
 1 389
 0 390
 0 391
 0 392
 0 393
 0 394
 0 395
 0 396
 0 397
 0 398
 0 399
 1 400
 1 401
 0 402
 0 403
 0 404
 0 405
 0 406
 0 407
 0 408
 0 409
 0 410
 0 411
 0 412
 0 413
 1 414
 0 415
 0 416
 0 417
 0 418
 0 419
 0 420
 0 421
 0 422
 0 423
 0 424
 0 425
 0 426
 0 427
 0 428
 0 429
 0 430
 1 431
 0 432
 0 433
 0 434
 0 435
 0 436
 0 437
 0 438
 0 439
 0 440
 0 441
 0 442
 0 443
 0 444
 0 445
 0 446
 0 447
 0 448
 0 449
 0 450
 0 451
 0 452
 0 453
 0 454
 0 455
 0 456
 0 457
 0 458
 0 459
 0 460
 0 461
 0 462
 0 463
 0 464
 0 465
 0 466
 0 467
 0 468
 0 469
 0 470
 0 471
 0 472
 0 473
 0 474
 0 475
 0 476
 0 477
 0 478
 0 479
 0 480
 0 481
 0 482
 0 483
 0 484
 0 485
 0 486
 0 487
 0 488
 0 489
 0 490
 0 491
 0 492
 0 493
 0 494
 0 495
 0 496
 0 497
 0 498
 0 499
 0 500
 0 501
 0 502
 0 503
 0 504
 0 505
 0 506
 0 507
 0 508
 0 509
 0 510
 0 511
 0 512
 0 513
 0 514
 0 515
 0 516
 0 517
 0 518
 0 519
 0 520
 0 521
 0 522
 0 523
 0 524
 0 525
 0 526
 0 527
 0 528
 0 529
 0 530
 0 531
 0 532
 0 533
 0 534
 0 535
 0 536
 0 537
 0 538
 0 539
 0 540
 0 541
 0 542
 0 543
 0 544
 0 545
 0 546
 0 547
 0 548
 0 549
 0 550
 0 551
 0 552
 0 553
 0 554
 0 555
 0 556
 0 557
 0 558
 0 559
 0 560
 0 561
 0 562
 0 563
 0 564
 0 565
 0 566
 0 567
 0 568
 0 569
 0 570
 0 571
 0 572
 0 573
 0 574
 0 575
 0 576
 0 577
 0 578
 0 579
 0 580
 0 581
 0 582
 0 583
 0 584
 0 585
 0 586
 0 587
 0 588
 0 589
 0 590
 0 591
 0 592
 0 593
 0 594
 0 595
 0 596
 0 597
 0 598
 0 599
 0 600


