# Created by Octave 3.8.2, Sat Jun 20 03:27:56 2020 CEST <damian@fptrucha.inv.usc.es>
# name: hd
# type: matrix
# rows: 551
# columns: 2
 0 50
 0 51
 0 52
 0 53
 0 54
 0 55
 0 56
 0 57
 0 58
 0 59
 0 60
 0 61
 0 62
 0 63
 0 64
 0 65
 0 66
 0 67
 0 68
 0 69
 0 70
 0 71
 0 72
 0 73
 0 74
 0 75
 0 76
 0 77
 0 78
 0 79
 0 80
 0 81
 0 82
 0 83
 0 84
 0 85
 0 86
 1 87
 2 88
 4 89
 7 90
 25 91
 82 92
 124 93
 183 94
 288 95
 448 96
 633 97
 761 98
 911 99
 1120 100
 1138 101
 1293 102
 1318 103
 1423 104
 1479 105
 1428 106
 1508 107
 1420 108
 1392 109
 1295 110
 1275 111
 1248 112
 1163 113
 1148 114
 1108 115
 1011 116
 900 117
 924 118
 794 119
 737 120
 652 121
 653 122
 624 123
 531 124
 529 125
 497 126
 459 127
 403 128
 371 129
 336 130
 298 131
 292 132
 276 133
 239 134
 207 135
 191 136
 171 137
 193 138
 158 139
 148 140
 173 141
 154 142
 144 143
 111 144
 114 145
 112 146
 92 147
 81 148
 83 149
 64 150
 67 151
 90 152
 75 153
 55 154
 80 155
 56 156
 60 157
 49 158
 47 159
 45 160
 34 161
 26 162
 32 163
 32 164
 37 165
 32 166
 28 167
 25 168
 26 169
 33 170
 25 171
 16 172
 20 173
 18 174
 19 175
 13 176
 7 177
 11 178
 10 179
 14 180
 11 181
 7 182
 9 183
 9 184
 7 185
 6 186
 5 187
 9 188
 12 189
 7 190
 4 191
 7 192
 4 193
 2 194
 3 195
 6 196
 2 197
 4 198
 6 199
 2 200
 1 201
 2 202
 3 203
 1 204
 1 205
 2 206
 2 207
 2 208
 1 209
 1 210
 0 211
 1 212
 1 213
 1 214
 1 215
 0 216
 0 217
 0 218
 0 219
 0 220
 0 221
 0 222
 0 223
 2 224
 0 225
 0 226
 1 227
 0 228
 1 229
 1 230
 0 231
 0 232
 0 233
 0 234
 0 235
 0 236
 0 237
 0 238
 0 239
 0 240
 0 241
 0 242
 0 243
 1 244
 0 245
 0 246
 0 247
 0 248
 0 249
 0 250
 0 251
 0 252
 0 253
 0 254
 0 255
 0 256
 0 257
 0 258
 1 259
 0 260
 0 261
 0 262
 0 263
 1 264
 0 265
 0 266
 0 267
 0 268
 0 269
 0 270
 0 271
 0 272
 0 273
 0 274
 0 275
 0 276
 1 277
 0 278
 0 279
 1 280
 1 281
 0 282
 0 283
 0 284
 0 285
 0 286
 0 287
 1 288
 1 289
 0 290
 0 291
 0 292
 1 293
 1 294
 1 295
 3 296
 2 297
 1 298
 0 299
 1 300
 2 301
 3 302
 0 303
 3 304
 1 305
 1 306
 4 307
 1 308
 2 309
 1 310
 0 311
 3 312
 5 313
 0 314
 1 315
 2 316
 1 317
 1 318
 4 319
 6 320
 2 321
 3 322
 2 323
 5 324
 5 325
 3 326
 2 327
 3 328
 3 329
 1 330
 5 331
 1 332
 2 333
 0 334
 2 335
 1 336
 6 337
 2 338
 3 339
 4 340
 3 341
 3 342
 2 343
 5 344
 2 345
 6 346
 0 347
 0 348
 2 349
 4 350
 2 351
 2 352
 4 353
 0 354
 3 355
 1 356
 2 357
 2 358
 2 359
 1 360
 0 361
 2 362
 2 363
 0 364
 0 365
 1 366
 2 367
 2 368
 2 369
 4 370
 0 371
 1 372
 0 373
 1 374
 0 375
 3 376
 0 377
 0 378
 1 379
 0 380
 0 381
 0 382
 0 383
 1 384
 0 385
 1 386
 1 387
 0 388
 0 389
 0 390
 1 391
 0 392
 0 393
 0 394
 0 395
 0 396
 2 397
 1 398
 0 399
 0 400
 1 401
 0 402
 0 403
 0 404
 0 405
 0 406
 0 407
 0 408
 0 409
 0 410
 0 411
 1 412
 1 413
 0 414
 0 415
 0 416
 0 417
 0 418
 0 419
 0 420
 0 421
 0 422
 0 423
 0 424
 0 425
 0 426
 0 427
 0 428
 0 429
 0 430
 0 431
 0 432
 0 433
 0 434
 0 435
 0 436
 0 437
 0 438
 0 439
 0 440
 0 441
 0 442
 0 443
 0 444
 0 445
 0 446
 0 447
 0 448
 0 449
 0 450
 0 451
 0 452
 0 453
 0 454
 0 455
 0 456
 0 457
 0 458
 0 459
 0 460
 0 461
 0 462
 0 463
 0 464
 0 465
 0 466
 0 467
 0 468
 0 469
 0 470
 0 471
 0 472
 0 473
 0 474
 0 475
 0 476
 0 477
 0 478
 0 479
 0 480
 0 481
 0 482
 0 483
 0 484
 0 485
 0 486
 0 487
 0 488
 0 489
 0 490
 0 491
 0 492
 0 493
 0 494
 0 495
 0 496
 0 497
 0 498
 0 499
 0 500
 0 501
 0 502
 0 503
 0 504
 0 505
 0 506
 0 507
 0 508
 0 509
 0 510
 0 511
 0 512
 0 513
 0 514
 0 515
 0 516
 0 517
 0 518
 0 519
 0 520
 0 521
 0 522
 0 523
 0 524
 0 525
 0 526
 0 527
 0 528
 0 529
 0 530
 0 531
 0 532
 0 533
 0 534
 0 535
 0 536
 0 537
 0 538
 0 539
 0 540
 0 541
 0 542
 0 543
 0 544
 0 545
 0 546
 0 547
 0 548
 0 549
 0 550
 0 551
 0 552
 0 553
 0 554
 0 555
 0 556
 0 557
 0 558
 0 559
 0 560
 0 561
 0 562
 0 563
 0 564
 0 565
 0 566
 0 567
 0 568
 0 569
 0 570
 0 571
 0 572
 0 573
 0 574
 0 575
 0 576
 0 577
 0 578
 0 579
 0 580
 0 581
 0 582
 0 583
 0 584
 0 585
 0 586
 0 587
 0 588
 0 589
 0 590
 0 591
 0 592
 0 593
 0 594
 0 595
 0 596
 0 597
 0 598
 0 599
 0 600


