# Created by Octave 3.8.2, Sun Jun 21 04:10:04 2020 CEST <damian@fptrucha.inv.usc.es>
# name: hd
# type: matrix
# rows: 551
# columns: 2
 0 50
 0 51
 0 52
 0 53
 0 54
 0 55
 0 56
 0 57
 0 58
 0 59
 0 60
 0 61
 0 62
 0 63
 0 64
 0 65
 0 66
 0 67
 0 68
 0 69
 0 70
 0 71
 0 72
 0 73
 0 74
 0 75
 0 76
 0 77
 0 78
 0 79
 0 80
 0 81
 0 82
 0 83
 0 84
 0 85
 0 86
 0 87
 2 88
 1 89
 2 90
 28 91
 75 92
 103 93
 148 94
 237 95
 384 96
 477 97
 687 98
 760 99
 985 100
 1042 101
 1143 102
 1179 103
 1175 104
 1256 105
 1285 106
 1210 107
 1322 108
 1248 109
 1238 110
 1128 111
 1185 112
 1052 113
 1032 114
 1021 115
 866 116
 817 117
 816 118
 796 119
 697 120
 639 121
 631 122
 554 123
 572 124
 483 125
 435 126
 417 127
 373 128
 375 129
 326 130
 274 131
 239 132
 243 133
 212 134
 228 135
 214 136
 187 137
 169 138
 143 139
 158 140
 120 141
 122 142
 114 143
 125 144
 110 145
 88 146
 93 147
 85 148
 72 149
 61 150
 78 151
 69 152
 53 153
 60 154
 51 155
 36 156
 40 157
 38 158
 38 159
 35 160
 41 161
 33 162
 28 163
 25 164
 23 165
 26 166
 27 167
 26 168
 19 169
 23 170
 23 171
 13 172
 17 173
 20 174
 22 175
 15 176
 7 177
 12 178
 10 179
 11 180
 16 181
 13 182
 10 183
 10 184
 15 185
 9 186
 5 187
 11 188
 6 189
 5 190
 2 191
 2 192
 1 193
 5 194
 3 195
 2 196
 1 197
 7 198
 2 199
 4 200
 1 201
 2 202
 2 203
 0 204
 1 205
 1 206
 0 207
 0 208
 2 209
 2 210
 2 211
 2 212
 0 213
 0 214
 2 215
 0 216
 1 217
 0 218
 2 219
 0 220
 0 221
 0 222
 0 223
 1 224
 1 225
 0 226
 0 227
 0 228
 0 229
 0 230
 0 231
 1 232
 1 233
 0 234
 0 235
 0 236
 0 237
 0 238
 1 239
 0 240
 0 241
 0 242
 0 243
 0 244
 0 245
 1 246
 0 247
 0 248
 0 249
 0 250
 0 251
 0 252
 0 253
 0 254
 0 255
 0 256
 0 257
 0 258
 0 259
 0 260
 0 261
 0 262
 0 263
 0 264
 0 265
 0 266
 0 267
 0 268
 0 269
 0 270
 0 271
 0 272
 0 273
 1 274
 0 275
 0 276
 0 277
 0 278
 1 279
 0 280
 0 281
 0 282
 0 283
 0 284
 0 285
 1 286
 1 287
 0 288
 0 289
 0 290
 1 291
 0 292
 0 293
 3 294
 1 295
 2 296
 2 297
 1 298
 1 299
 1 300
 3 301
 1 302
 4 303
 1 304
 2 305
 1 306
 4 307
 1 308
 1 309
 1 310
 1 311
 3 312
 2 313
 4 314
 4 315
 5 316
 3 317
 1 318
 2 319
 3 320
 3 321
 3 322
 3 323
 5 324
 1 325
 2 326
 1 327
 1 328
 3 329
 1 330
 4 331
 3 332
 1 333
 2 334
 4 335
 4 336
 3 337
 0 338
 4 339
 2 340
 1 341
 1 342
 1 343
 3 344
 5 345
 2 346
 2 347
 1 348
 1 349
 3 350
 1 351
 1 352
 2 353
 3 354
 2 355
 0 356
 5 357
 3 358
 3 359
 3 360
 2 361
 1 362
 0 363
 2 364
 5 365
 2 366
 0 367
 3 368
 1 369
 0 370
 1 371
 0 372
 0 373
 1 374
 1 375
 1 376
 1 377
 0 378
 1 379
 0 380
 0 381
 0 382
 1 383
 0 384
 0 385
 0 386
 0 387
 1 388
 0 389
 0 390
 0 391
 0 392
 0 393
 1 394
 0 395
 0 396
 0 397
 1 398
 0 399
 0 400
 0 401
 0 402
 0 403
 0 404
 0 405
 0 406
 0 407
 2 408
 0 409
 0 410
 0 411
 0 412
 0 413
 0 414
 0 415
 0 416
 0 417
 1 418
 0 419
 0 420
 0 421
 0 422
 0 423
 0 424
 0 425
 0 426
 0 427
 0 428
 0 429
 0 430
 0 431
 0 432
 0 433
 0 434
 0 435
 0 436
 1 437
 0 438
 0 439
 0 440
 0 441
 0 442
 0 443
 0 444
 0 445
 0 446
 0 447
 0 448
 0 449
 0 450
 0 451
 0 452
 0 453
 0 454
 0 455
 0 456
 0 457
 0 458
 0 459
 0 460
 0 461
 0 462
 0 463
 0 464
 0 465
 0 466
 0 467
 0 468
 0 469
 0 470
 0 471
 0 472
 0 473
 0 474
 0 475
 0 476
 0 477
 0 478
 0 479
 0 480
 0 481
 0 482
 0 483
 0 484
 0 485
 0 486
 0 487
 0 488
 0 489
 0 490
 0 491
 0 492
 0 493
 0 494
 0 495
 0 496
 0 497
 0 498
 0 499
 0 500
 0 501
 0 502
 0 503
 0 504
 0 505
 0 506
 0 507
 0 508
 0 509
 0 510
 0 511
 0 512
 0 513
 0 514
 0 515
 0 516
 0 517
 0 518
 0 519
 0 520
 0 521
 0 522
 0 523
 0 524
 0 525
 0 526
 0 527
 0 528
 0 529
 0 530
 0 531
 0 532
 0 533
 0 534
 0 535
 0 536
 0 537
 0 538
 0 539
 0 540
 0 541
 0 542
 0 543
 0 544
 0 545
 0 546
 0 547
 0 548
 0 549
 0 550
 0 551
 0 552
 0 553
 0 554
 0 555
 0 556
 0 557
 0 558
 0 559
 0 560
 0 561
 0 562
 0 563
 0 564
 0 565
 0 566
 0 567
 0 568
 0 569
 0 570
 0 571
 0 572
 0 573
 0 574
 0 575
 0 576
 0 577
 0 578
 0 579
 0 580
 0 581
 0 582
 0 583
 0 584
 0 585
 0 586
 0 587
 0 588
 0 589
 0 590
 0 591
 0 592
 0 593
 0 594
 0 595
 0 596
 0 597
 0 598
 0 599
 0 600


