# Created by Octave 3.8.2, Mon Jun 22 09:56:29 2020 CEST <damian@fptrucha.inv.usc.es>
# name: hd
# type: matrix
# rows: 551
# columns: 2
 0 50
 0 51
 0 52
 0 53
 0 54
 0 55
 0 56
 0 57
 0 58
 0 59
 0 60
 0 61
 0 62
 0 63
 0 64
 0 65
 0 66
 0 67
 0 68
 0 69
 0 70
 0 71
 0 72
 0 73
 0 74
 0 75
 0 76
 0 77
 0 78
 0 79
 0 80
 0 81
 0 82
 0 83
 0 84
 0 85
 0 86
 0 87
 0 88
 2 89
 3 90
 11 91
 77 92
 135 93
 161 94
 229 95
 432 96
 589 97
 883 98
 1005 99
 1167 100
 1341 101
 1414 102
 1474 103
 1521 104
 1489 105
 1467 106
 1464 107
 1370 108
 1360 109
 1364 110
 1198 111
 1212 112
 1053 113
 913 114
 898 115
 827 116
 743 117
 721 118
 644 119
 579 120
 509 121
 472 122
 454 123
 407 124
 371 125
 311 126
 313 127
 260 128
 253 129
 249 130
 208 131
 213 132
 184 133
 204 134
 183 135
 151 136
 144 137
 126 138
 104 139
 124 140
 119 141
 95 142
 100 143
 83 144
 80 145
 98 146
 83 147
 81 148
 63 149
 64 150
 63 151
 68 152
 59 153
 58 154
 48 155
 40 156
 36 157
 48 158
 40 159
 30 160
 30 161
 34 162
 28 163
 30 164
 37 165
 20 166
 23 167
 25 168
 22 169
 19 170
 22 171
 14 172
 11 173
 12 174
 14 175
 12 176
 14 177
 9 178
 10 179
 8 180
 6 181
 14 182
 10 183
 7 184
 4 185
 11 186
 6 187
 3 188
 1 189
 4 190
 4 191
 8 192
 2 193
 3 194
 5 195
 5 196
 3 197
 3 198
 6 199
 2 200
 0 201
 3 202
 1 203
 0 204
 2 205
 2 206
 3 207
 0 208
 1 209
 0 210
 1 211
 1 212
 1 213
 2 214
 0 215
 0 216
 0 217
 0 218
 0 219
 0 220
 0 221
 0 222
 0 223
 0 224
 1 225
 0 226
 0 227
 0 228
 0 229
 0 230
 0 231
 0 232
 0 233
 0 234
 0 235
 0 236
 1 237
 0 238
 0 239
 1 240
 0 241
 0 242
 0 243
 0 244
 0 245
 0 246
 0 247
 0 248
 0 249
 0 250
 0 251
 0 252
 0 253
 0 254
 0 255
 0 256
 0 257
 0 258
 0 259
 0 260
 0 261
 0 262
 1 263
 0 264
 0 265
 0 266
 0 267
 0 268
 0 269
 0 270
 0 271
 0 272
 0 273
 0 274
 0 275
 0 276
 0 277
 0 278
 0 279
 0 280
 1 281
 0 282
 0 283
 1 284
 1 285
 2 286
 0 287
 0 288
 2 289
 1 290
 0 291
 2 292
 1 293
 0 294
 0 295
 0 296
 1 297
 4 298
 0 299
 0 300
 0 301
 4 302
 0 303
 2 304
 0 305
 0 306
 2 307
 2 308
 4 309
 2 310
 2 311
 0 312
 2 313
 1 314
 0 315
 2 316
 4 317
 2 318
 2 319
 2 320
 1 321
 2 322
 3 323
 3 324
 2 325
 2 326
 3 327
 3 328
 4 329
 2 330
 3 331
 2 332
 2 333
 4 334
 3 335
 2 336
 4 337
 0 338
 0 339
 3 340
 1 341
 2 342
 3 343
 1 344
 3 345
 2 346
 4 347
 2 348
 0 349
 1 350
 0 351
 1 352
 3 353
 0 354
 2 355
 4 356
 3 357
 0 358
 0 359
 1 360
 4 361
 3 362
 1 363
 0 364
 3 365
 1 366
 0 367
 4 368
 0 369
 1 370
 1 371
 3 372
 1 373
 0 374
 2 375
 0 376
 1 377
 0 378
 0 379
 0 380
 1 381
 1 382
 1 383
 0 384
 1 385
 1 386
 3 387
 0 388
 0 389
 1 390
 0 391
 0 392
 1 393
 0 394
 2 395
 0 396
 0 397
 0 398
 0 399
 0 400
 0 401
 0 402
 0 403
 0 404
 1 405
 0 406
 1 407
 0 408
 0 409
 0 410
 0 411
 0 412
 0 413
 0 414
 0 415
 0 416
 0 417
 0 418
 0 419
 0 420
 0 421
 0 422
 0 423
 0 424
 0 425
 0 426
 0 427
 0 428
 0 429
 0 430
 0 431
 0 432
 0 433
 0 434
 0 435
 0 436
 0 437
 0 438
 0 439
 0 440
 0 441
 0 442
 0 443
 0 444
 0 445
 0 446
 0 447
 0 448
 0 449
 0 450
 0 451
 0 452
 0 453
 0 454
 0 455
 0 456
 0 457
 0 458
 0 459
 0 460
 0 461
 0 462
 0 463
 0 464
 0 465
 0 466
 0 467
 0 468
 0 469
 0 470
 0 471
 0 472
 0 473
 0 474
 0 475
 0 476
 0 477
 0 478
 0 479
 0 480
 0 481
 0 482
 0 483
 0 484
 0 485
 0 486
 0 487
 0 488
 0 489
 0 490
 0 491
 0 492
 0 493
 0 494
 0 495
 0 496
 0 497
 0 498
 0 499
 0 500
 0 501
 0 502
 0 503
 0 504
 0 505
 0 506
 0 507
 0 508
 0 509
 0 510
 0 511
 0 512
 0 513
 0 514
 0 515
 0 516
 0 517
 0 518
 0 519
 0 520
 0 521
 0 522
 0 523
 0 524
 0 525
 0 526
 0 527
 0 528
 0 529
 0 530
 0 531
 0 532
 0 533
 0 534
 0 535
 0 536
 0 537
 0 538
 0 539
 0 540
 0 541
 0 542
 0 543
 0 544
 0 545
 0 546
 0 547
 0 548
 0 549
 0 550
 0 551
 0 552
 0 553
 0 554
 0 555
 0 556
 0 557
 0 558
 0 559
 0 560
 0 561
 0 562
 0 563
 0 564
 0 565
 0 566
 0 567
 0 568
 0 569
 0 570
 0 571
 0 572
 0 573
 0 574
 0 575
 0 576
 0 577
 0 578
 0 579
 0 580
 0 581
 0 582
 0 583
 0 584
 0 585
 0 586
 0 587
 0 588
 0 589
 0 590
 0 591
 0 592
 0 593
 0 594
 0 595
 0 596
 0 597
 0 598
 0 599
 0 600


