# Created by Octave 3.8.2, Mon Jun 22 15:25:52 2020 CEST <damian@fptrucha.inv.usc.es>
# name: hd
# type: matrix
# rows: 551
# columns: 2
 0 50
 0 51
 0 52
 0 53
 0 54
 0 55
 0 56
 0 57
 0 58
 0 59
 0 60
 0 61
 0 62
 0 63
 0 64
 0 65
 0 66
 0 67
 0 68
 0 69
 0 70
 0 71
 0 72
 0 73
 0 74
 0 75
 0 76
 0 77
 0 78
 0 79
 0 80
 0 81
 0 82
 0 83
 0 84
 0 85
 0 86
 0 87
 1 88
 1 89
 7 90
 20 91
 100 92
 122 93
 171 94
 321 95
 466 96
 649 97
 919 98
 1079 99
 1229 100
 1440 101
 1465 102
 1487 103
 1550 104
 1585 105
 1543 106
 1598 107
 1472 108
 1370 109
 1373 110
 1219 111
 1219 112
 1100 113
 1026 114
 939 115
 867 116
 756 117
 700 118
 668 119
 657 120
 512 121
 512 122
 444 123
 411 124
 373 125
 374 126
 282 127
 289 128
 272 129
 254 130
 226 131
 188 132
 202 133
 166 134
 149 135
 158 136
 155 137
 121 138
 116 139
 118 140
 113 141
 100 142
 109 143
 92 144
 89 145
 79 146
 80 147
 61 148
 86 149
 50 150
 53 151
 63 152
 49 153
 42 154
 52 155
 40 156
 46 157
 44 158
 36 159
 41 160
 38 161
 18 162
 29 163
 24 164
 30 165
 24 166
 19 167
 15 168
 25 169
 29 170
 16 171
 19 172
 10 173
 18 174
 8 175
 18 176
 10 177
 11 178
 6 179
 12 180
 8 181
 4 182
 13 183
 4 184
 6 185
 4 186
 7 187
 3 188
 9 189
 9 190
 3 191
 2 192
 2 193
 3 194
 3 195
 3 196
 7 197
 2 198
 5 199
 5 200
 2 201
 3 202
 2 203
 3 204
 1 205
 0 206
 1 207
 3 208
 1 209
 1 210
 1 211
 0 212
 1 213
 1 214
 0 215
 4 216
 0 217
 0 218
 1 219
 0 220
 0 221
 0 222
 0 223
 0 224
 1 225
 0 226
 0 227
 0 228
 0 229
 0 230
 0 231
 0 232
 0 233
 1 234
 0 235
 0 236
 1 237
 0 238
 0 239
 0 240
 0 241
 0 242
 0 243
 0 244
 0 245
 0 246
 0 247
 0 248
 0 249
 0 250
 0 251
 1 252
 0 253
 0 254
 0 255
 0 256
 0 257
 0 258
 0 259
 0 260
 0 261
 0 262
 0 263
 0 264
 0 265
 0 266
 0 267
 0 268
 0 269
 1 270
 0 271
 1 272
 0 273
 0 274
 0 275
 0 276
 0 277
 0 278
 0 279
 0 280
 0 281
 0 282
 0 283
 0 284
 1 285
 0 286
 2 287
 0 288
 1 289
 2 290
 2 291
 1 292
 4 293
 0 294
 4 295
 0 296
 1 297
 1 298
 2 299
 1 300
 1 301
 1 302
 2 303
 0 304
 1 305
 5 306
 1 307
 7 308
 3 309
 4 310
 4 311
 1 312
 1 313
 5 314
 1 315
 3 316
 3 317
 4 318
 3 319
 0 320
 1 321
 2 322
 1 323
 2 324
 2 325
 3 326
 3 327
 1 328
 0 329
 2 330
 3 331
 5 332
 5 333
 6 334
 1 335
 0 336
 4 337
 3 338
 2 339
 3 340
 2 341
 2 342
 1 343
 4 344
 1 345
 2 346
 3 347
 4 348
 1 349
 2 350
 2 351
 0 352
 1 353
 4 354
 3 355
 3 356
 3 357
 0 358
 4 359
 0 360
 2 361
 0 362
 0 363
 0 364
 1 365
 2 366
 0 367
 0 368
 0 369
 3 370
 2 371
 0 372
 1 373
 0 374
 0 375
 0 376
 1 377
 1 378
 0 379
 2 380
 1 381
 0 382
 0 383
 0 384
 0 385
 0 386
 0 387
 0 388
 0 389
 1 390
 0 391
 1 392
 0 393
 0 394
 0 395
 0 396
 0 397
 0 398
 0 399
 0 400
 0 401
 0 402
 1 403
 1 404
 0 405
 0 406
 0 407
 0 408
 1 409
 0 410
 0 411
 1 412
 0 413
 0 414
 1 415
 0 416
 0 417
 0 418
 0 419
 0 420
 0 421
 0 422
 0 423
 0 424
 0 425
 0 426
 0 427
 0 428
 0 429
 0 430
 0 431
 0 432
 0 433
 0 434
 0 435
 0 436
 0 437
 0 438
 0 439
 0 440
 0 441
 0 442
 0 443
 0 444
 0 445
 0 446
 0 447
 0 448
 0 449
 0 450
 0 451
 0 452
 0 453
 1 454
 0 455
 0 456
 0 457
 0 458
 0 459
 0 460
 0 461
 0 462
 0 463
 0 464
 0 465
 0 466
 0 467
 0 468
 0 469
 0 470
 0 471
 0 472
 0 473
 0 474
 0 475
 0 476
 0 477
 0 478
 0 479
 0 480
 0 481
 0 482
 0 483
 0 484
 0 485
 0 486
 0 487
 0 488
 0 489
 0 490
 0 491
 0 492
 0 493
 0 494
 0 495
 0 496
 0 497
 0 498
 0 499
 0 500
 0 501
 0 502
 0 503
 0 504
 0 505
 0 506
 0 507
 0 508
 0 509
 0 510
 0 511
 0 512
 0 513
 0 514
 0 515
 0 516
 0 517
 0 518
 0 519
 0 520
 0 521
 0 522
 0 523
 0 524
 0 525
 0 526
 0 527
 0 528
 0 529
 0 530
 0 531
 0 532
 0 533
 0 534
 0 535
 0 536
 0 537
 0 538
 0 539
 0 540
 0 541
 0 542
 0 543
 0 544
 0 545
 0 546
 0 547
 0 548
 0 549
 0 550
 0 551
 0 552
 0 553
 0 554
 0 555
 0 556
 0 557
 0 558
 0 559
 0 560
 0 561
 0 562
 0 563
 0 564
 0 565
 0 566
 0 567
 0 568
 0 569
 0 570
 0 571
 0 572
 0 573
 0 574
 0 575
 0 576
 0 577
 0 578
 0 579
 0 580
 0 581
 0 582
 0 583
 0 584
 0 585
 0 586
 0 587
 0 588
 0 589
 0 590
 0 591
 0 592
 0 593
 0 594
 0 595
 0 596
 0 597
 0 598
 0 599
 0 600


