# Created by Octave 3.8.2, Sat Jun 20 04:32:19 2020 CEST <damian@fptrucha.inv.usc.es>
# name: hd
# type: matrix
# rows: 551
# columns: 2
 0 50
 0 51
 0 52
 0 53
 0 54
 0 55
 0 56
 0 57
 0 58
 0 59
 0 60
 0 61
 0 62
 0 63
 0 64
 0 65
 0 66
 0 67
 0 68
 0 69
 0 70
 0 71
 0 72
 0 73
 0 74
 0 75
 0 76
 0 77
 0 78
 0 79
 0 80
 0 81
 0 82
 0 83
 0 84
 0 85
 0 86
 0 87
 2 88
 4 89
 5 90
 28 91
 98 92
 150 93
 139 94
 301 95
 468 96
 643 97
 888 98
 984 99
 1134 100
 1282 101
 1314 102
 1394 103
 1416 104
 1534 105
 1538 106
 1480 107
 1531 108
 1448 109
 1361 110
 1359 111
 1309 112
 1214 113
 1167 114
 1130 115
 1083 116
 985 117
 892 118
 828 119
 750 120
 677 121
 618 122
 603 123
 561 124
 518 125
 447 126
 384 127
 422 128
 350 129
 314 130
 316 131
 256 132
 250 133
 235 134
 209 135
 212 136
 188 137
 144 138
 159 139
 153 140
 137 141
 122 142
 122 143
 114 144
 104 145
 96 146
 91 147
 98 148
 84 149
 63 150
 82 151
 64 152
 59 153
 65 154
 52 155
 40 156
 51 157
 59 158
 44 159
 40 160
 33 161
 33 162
 30 163
 31 164
 25 165
 24 166
 29 167
 23 168
 24 169
 19 170
 17 171
 15 172
 16 173
 16 174
 13 175
 12 176
 11 177
 15 178
 13 179
 10 180
 8 181
 4 182
 11 183
 1 184
 7 185
 6 186
 6 187
 1 188
 7 189
 6 190
 2 191
 5 192
 3 193
 2 194
 4 195
 2 196
 5 197
 1 198
 3 199
 3 200
 4 201
 4 202
 0 203
 2 204
 2 205
 1 206
 1 207
 0 208
 1 209
 0 210
 0 211
 1 212
 2 213
 3 214
 2 215
 0 216
 0 217
 1 218
 2 219
 0 220
 0 221
 0 222
 0 223
 0 224
 0 225
 1 226
 0 227
 0 228
 0 229
 0 230
 0 231
 0 232
 1 233
 0 234
 0 235
 0 236
 0 237
 0 238
 1 239
 0 240
 0 241
 1 242
 0 243
 0 244
 0 245
 0 246
 0 247
 0 248
 0 249
 0 250
 0 251
 0 252
 0 253
 0 254
 0 255
 1 256
 0 257
 0 258
 0 259
 0 260
 0 261
 0 262
 0 263
 0 264
 0 265
 0 266
 0 267
 0 268
 0 269
 0 270
 0 271
 0 272
 0 273
 0 274
 0 275
 0 276
 0 277
 0 278
 0 279
 0 280
 0 281
 0 282
 0 283
 0 284
 1 285
 0 286
 0 287
 1 288
 0 289
 1 290
 0 291
 0 292
 0 293
 1 294
 0 295
 0 296
 1 297
 1 298
 2 299
 0 300
 0 301
 1 302
 0 303
 2 304
 0 305
 0 306
 0 307
 3 308
 1 309
 1 310
 0 311
 1 312
 2 313
 6 314
 3 315
 0 316
 4 317
 3 318
 2 319
 1 320
 2 321
 3 322
 2 323
 0 324
 1 325
 3 326
 1 327
 1 328
 1 329
 3 330
 2 331
 1 332
 3 333
 0 334
 2 335
 3 336
 3 337
 2 338
 4 339
 4 340
 3 341
 1 342
 4 343
 1 344
 2 345
 1 346
 4 347
 2 348
 2 349
 1 350
 0 351
 1 352
 0 353
 1 354
 3 355
 1 356
 2 357
 2 358
 2 359
 3 360
 0 361
 1 362
 1 363
 2 364
 1 365
 0 366
 1 367
 4 368
 1 369
 2 370
 0 371
 1 372
 0 373
 1 374
 0 375
 1 376
 1 377
 3 378
 1 379
 3 380
 0 381
 1 382
 0 383
 0 384
 1 385
 0 386
 0 387
 2 388
 0 389
 0 390
 0 391
 0 392
 1 393
 1 394
 0 395
 1 396
 0 397
 1 398
 0 399
 0 400
 0 401
 1 402
 0 403
 0 404
 0 405
 0 406
 0 407
 0 408
 0 409
 0 410
 0 411
 0 412
 0 413
 0 414
 1 415
 0 416
 0 417
 0 418
 0 419
 0 420
 0 421
 0 422
 0 423
 0 424
 0 425
 0 426
 0 427
 0 428
 0 429
 0 430
 0 431
 0 432
 0 433
 0 434
 0 435
 0 436
 0 437
 0 438
 0 439
 0 440
 0 441
 0 442
 0 443
 0 444
 0 445
 0 446
 0 447
 0 448
 0 449
 0 450
 0 451
 0 452
 0 453
 0 454
 0 455
 0 456
 0 457
 0 458
 0 459
 0 460
 0 461
 0 462
 0 463
 0 464
 0 465
 0 466
 0 467
 0 468
 0 469
 0 470
 0 471
 0 472
 0 473
 0 474
 0 475
 0 476
 0 477
 0 478
 0 479
 0 480
 0 481
 0 482
 0 483
 0 484
 0 485
 0 486
 0 487
 0 488
 0 489
 0 490
 0 491
 0 492
 0 493
 0 494
 0 495
 0 496
 0 497
 0 498
 0 499
 0 500
 0 501
 0 502
 0 503
 0 504
 0 505
 0 506
 0 507
 0 508
 0 509
 0 510
 0 511
 0 512
 0 513
 0 514
 0 515
 0 516
 0 517
 0 518
 0 519
 0 520
 0 521
 0 522
 0 523
 0 524
 0 525
 0 526
 0 527
 0 528
 0 529
 0 530
 0 531
 0 532
 0 533
 0 534
 0 535
 0 536
 0 537
 0 538
 0 539
 0 540
 0 541
 0 542
 0 543
 0 544
 0 545
 0 546
 0 547
 0 548
 0 549
 0 550
 0 551
 0 552
 0 553
 0 554
 0 555
 0 556
 0 557
 0 558
 0 559
 0 560
 0 561
 0 562
 0 563
 0 564
 0 565
 0 566
 0 567
 0 568
 0 569
 0 570
 0 571
 0 572
 0 573
 0 574
 0 575
 0 576
 0 577
 0 578
 0 579
 0 580
 0 581
 0 582
 0 583
 0 584
 0 585
 0 586
 0 587
 0 588
 0 589
 0 590
 0 591
 0 592
 0 593
 0 594
 0 595
 0 596
 0 597
 0 598
 0 599
 0 600


