# Created by Octave 3.8.2, Mon Jun 22 00:52:14 2020 CEST <damian@fptrucha.inv.usc.es>
# name: hd
# type: matrix
# rows: 551
# columns: 2
 0 50
 0 51
 0 52
 0 53
 0 54
 0 55
 0 56
 0 57
 0 58
 0 59
 0 60
 0 61
 0 62
 0 63
 0 64
 0 65
 0 66
 0 67
 0 68
 0 69
 0 70
 0 71
 0 72
 0 73
 0 74
 0 75
 0 76
 0 77
 0 78
 0 79
 0 80
 0 81
 0 82
 0 83
 0 84
 0 85
 0 86
 1 87
 0 88
 1 89
 5 90
 35 91
 85 92
 138 93
 156 94
 274 95
 440 96
 576 97
 759 98
 850 99
 961 100
 1112 101
 1196 102
 1226 103
 1284 104
 1361 105
 1362 106
 1339 107
 1397 108
 1248 109
 1292 110
 1204 111
 1227 112
 1155 113
 1126 114
 1035 115
 975 116
 930 117
 847 118
 795 119
 747 120
 661 121
 598 122
 557 123
 504 124
 474 125
 433 126
 424 127
 366 128
 348 129
 302 130
 241 131
 290 132
 253 133
 211 134
 205 135
 192 136
 169 137
 172 138
 158 139
 143 140
 125 141
 107 142
 112 143
 89 144
 108 145
 97 146
 68 147
 58 148
 71 149
 70 150
 76 151
 61 152
 62 153
 56 154
 49 155
 44 156
 49 157
 40 158
 39 159
 38 160
 25 161
 31 162
 25 163
 29 164
 21 165
 17 166
 12 167
 16 168
 18 169
 25 170
 16 171
 12 172
 14 173
 11 174
 16 175
 6 176
 7 177
 8 178
 7 179
 15 180
 9 181
 3 182
 6 183
 8 184
 9 185
 4 186
 5 187
 4 188
 3 189
 6 190
 7 191
 3 192
 4 193
 4 194
 3 195
 5 196
 0 197
 3 198
 1 199
 1 200
 1 201
 2 202
 0 203
 1 204
 2 205
 0 206
 1 207
 0 208
 1 209
 1 210
 0 211
 0 212
 1 213
 1 214
 1 215
 0 216
 1 217
 1 218
 0 219
 0 220
 0 221
 0 222
 0 223
 1 224
 1 225
 0 226
 0 227
 0 228
 0 229
 0 230
 0 231
 0 232
 0 233
 0 234
 0 235
 0 236
 0 237
 0 238
 0 239
 0 240
 0 241
 0 242
 0 243
 0 244
 0 245
 0 246
 0 247
 0 248
 0 249
 0 250
 0 251
 0 252
 0 253
 0 254
 0 255
 1 256
 0 257
 0 258
 0 259
 0 260
 0 261
 0 262
 0 263
 0 264
 0 265
 0 266
 0 267
 0 268
 0 269
 0 270
 0 271
 0 272
 0 273
 0 274
 0 275
 0 276
 0 277
 2 278
 0 279
 1 280
 0 281
 0 282
 0 283
 2 284
 0 285
 0 286
 0 287
 1 288
 1 289
 2 290
 0 291
 0 292
 0 293
 1 294
 0 295
 1 296
 0 297
 0 298
 1 299
 0 300
 0 301
 2 302
 2 303
 1 304
 2 305
 1 306
 2 307
 1 308
 1 309
 2 310
 3 311
 2 312
 3 313
 3 314
 2 315
 2 316
 1 317
 0 318
 3 319
 2 320
 2 321
 2 322
 3 323
 0 324
 2 325
 2 326
 3 327
 2 328
 1 329
 2 330
 3 331
 3 332
 2 333
 0 334
 1 335
 5 336
 0 337
 2 338
 1 339
 2 340
 4 341
 2 342
 0 343
 0 344
 3 345
 1 346
 5 347
 2 348
 2 349
 3 350
 2 351
 3 352
 2 353
 2 354
 2 355
 0 356
 3 357
 2 358
 1 359
 1 360
 1 361
 1 362
 1 363
 2 364
 0 365
 2 366
 1 367
 3 368
 1 369
 1 370
 1 371
 1 372
 1 373
 0 374
 1 375
 0 376
 1 377
 1 378
 0 379
 2 380
 2 381
 1 382
 0 383
 0 384
 1 385
 0 386
 0 387
 2 388
 1 389
 1 390
 0 391
 0 392
 0 393
 0 394
 0 395
 0 396
 0 397
 0 398
 0 399
 0 400
 1 401
 1 402
 0 403
 0 404
 0 405
 0 406
 1 407
 1 408
 0 409
 2 410
 0 411
 0 412
 0 413
 1 414
 0 415
 0 416
 0 417
 0 418
 0 419
 0 420
 0 421
 0 422
 0 423
 0 424
 0 425
 0 426
 0 427
 0 428
 0 429
 0 430
 0 431
 0 432
 0 433
 0 434
 0 435
 0 436
 0 437
 0 438
 0 439
 0 440
 0 441
 0 442
 0 443
 0 444
 0 445
 0 446
 0 447
 0 448
 0 449
 0 450
 0 451
 0 452
 0 453
 0 454
 0 455
 0 456
 0 457
 0 458
 0 459
 0 460
 0 461
 0 462
 0 463
 0 464
 0 465
 0 466
 0 467
 0 468
 0 469
 0 470
 0 471
 0 472
 0 473
 0 474
 0 475
 0 476
 0 477
 0 478
 0 479
 0 480
 0 481
 0 482
 0 483
 0 484
 0 485
 0 486
 0 487
 0 488
 0 489
 0 490
 0 491
 0 492
 0 493
 0 494
 0 495
 0 496
 0 497
 0 498
 0 499
 0 500
 0 501
 0 502
 0 503
 0 504
 0 505
 0 506
 0 507
 0 508
 0 509
 0 510
 0 511
 0 512
 0 513
 0 514
 0 515
 0 516
 0 517
 0 518
 0 519
 0 520
 0 521
 0 522
 0 523
 0 524
 0 525
 0 526
 0 527
 0 528
 0 529
 0 530
 0 531
 0 532
 0 533
 0 534
 0 535
 0 536
 0 537
 0 538
 0 539
 0 540
 0 541
 0 542
 0 543
 0 544
 0 545
 0 546
 0 547
 0 548
 0 549
 0 550
 0 551
 0 552
 0 553
 0 554
 0 555
 0 556
 0 557
 0 558
 0 559
 0 560
 0 561
 0 562
 0 563
 0 564
 0 565
 0 566
 0 567
 0 568
 0 569
 0 570
 0 571
 0 572
 0 573
 0 574
 0 575
 0 576
 0 577
 0 578
 0 579
 0 580
 0 581
 0 582
 0 583
 0 584
 0 585
 0 586
 0 587
 0 588
 0 589
 0 590
 0 591
 0 592
 0 593
 0 594
 0 595
 0 596
 0 597
 0 598
 0 599
 0 600


