# Created by Octave 3.8.2, Mon Jun 22 23:53:53 2020 CEST <damian@fptrucha.inv.usc.es>
# name: hd
# type: matrix
# rows: 551
# columns: 2
 0 50
 0 51
 0 52
 0 53
 0 54
 0 55
 0 56
 0 57
 0 58
 0 59
 0 60
 0 61
 0 62
 0 63
 0 64
 0 65
 0 66
 0 67
 0 68
 0 69
 0 70
 0 71
 0 72
 0 73
 0 74
 0 75
 0 76
 0 77
 0 78
 0 79
 0 80
 0 81
 0 82
 0 83
 0 84
 0 85
 0 86
 0 87
 1 88
 0 89
 2 90
 35 91
 87 92
 128 93
 167 94
 347 95
 521 96
 738 97
 965 98
 1111 99
 1370 100
 1498 101
 1537 102
 1497 103
 1573 104
 1590 105
 1555 106
 1566 107
 1503 108
 1433 109
 1381 110
 1246 111
 1235 112
 1125 113
 1064 114
 970 115
 877 116
 829 117
 750 118
 663 119
 634 120
 592 121
 543 122
 474 123
 454 124
 398 125
 378 126
 353 127
 298 128
 280 129
 243 130
 223 131
 210 132
 204 133
 172 134
 193 135
 155 136
 154 137
 156 138
 127 139
 126 140
 99 141
 111 142
 119 143
 87 144
 122 145
 100 146
 93 147
 76 148
 59 149
 78 150
 62 151
 63 152
 50 153
 55 154
 55 155
 49 156
 51 157
 51 158
 42 159
 37 160
 25 161
 31 162
 28 163
 23 164
 34 165
 25 166
 30 167
 21 168
 29 169
 18 170
 21 171
 12 172
 14 173
 11 174
 13 175
 18 176
 9 177
 11 178
 13 179
 11 180
 8 181
 7 182
 10 183
 10 184
 13 185
 9 186
 5 187
 6 188
 8 189
 4 190
 7 191
 3 192
 2 193
 2 194
 5 195
 6 196
 2 197
 6 198
 2 199
 4 200
 2 201
 1 202
 2 203
 2 204
 3 205
 3 206
 1 207
 1 208
 3 209
 2 210
 1 211
 1 212
 0 213
 0 214
 1 215
 0 216
 0 217
 1 218
 0 219
 0 220
 0 221
 0 222
 0 223
 0 224
 0 225
 0 226
 1 227
 1 228
 0 229
 0 230
 0 231
 0 232
 0 233
 0 234
 0 235
 0 236
 0 237
 0 238
 0 239
 0 240
 0 241
 0 242
 0 243
 0 244
 0 245
 0 246
 0 247
 0 248
 0 249
 0 250
 0 251
 1 252
 0 253
 0 254
 0 255
 0 256
 0 257
 0 258
 0 259
 0 260
 0 261
 0 262
 0 263
 0 264
 0 265
 0 266
 0 267
 0 268
 0 269
 0 270
 0 271
 0 272
 0 273
 0 274
 0 275
 0 276
 0 277
 0 278
 0 279
 0 280
 1 281
 1 282
 1 283
 0 284
 0 285
 0 286
 0 287
 0 288
 1 289
 0 290
 2 291
 1 292
 0 293
 1 294
 0 295
 0 296
 2 297
 1 298
 1 299
 2 300
 3 301
 5 302
 1 303
 1 304
 1 305
 4 306
 1 307
 1 308
 4 309
 2 310
 4 311
 2 312
 2 313
 3 314
 2 315
 1 316
 2 317
 5 318
 2 319
 2 320
 4 321
 4 322
 3 323
 4 324
 3 325
 2 326
 1 327
 4 328
 6 329
 2 330
 1 331
 1 332
 2 333
 4 334
 7 335
 4 336
 4 337
 2 338
 4 339
 3 340
 4 341
 2 342
 1 343
 1 344
 1 345
 2 346
 1 347
 1 348
 1 349
 4 350
 2 351
 2 352
 1 353
 1 354
 3 355
 0 356
 0 357
 2 358
 0 359
 3 360
 0 361
 0 362
 1 363
 0 364
 2 365
 1 366
 0 367
 0 368
 0 369
 1 370
 1 371
 5 372
 1 373
 1 374
 0 375
 0 376
 1 377
 0 378
 1 379
 2 380
 2 381
 0 382
 0 383
 0 384
 0 385
 1 386
 0 387
 1 388
 1 389
 0 390
 1 391
 1 392
 0 393
 0 394
 0 395
 0 396
 1 397
 1 398
 0 399
 0 400
 0 401
 0 402
 1 403
 0 404
 0 405
 0 406
 0 407
 0 408
 0 409
 0 410
 0 411
 0 412
 1 413
 0 414
 0 415
 0 416
 0 417
 0 418
 0 419
 0 420
 0 421
 0 422
 0 423
 0 424
 0 425
 0 426
 0 427
 0 428
 0 429
 0 430
 0 431
 0 432
 0 433
 0 434
 0 435
 0 436
 0 437
 0 438
 0 439
 0 440
 0 441
 0 442
 0 443
 0 444
 0 445
 0 446
 0 447
 0 448
 0 449
 0 450
 0 451
 0 452
 0 453
 0 454
 0 455
 0 456
 0 457
 0 458
 0 459
 0 460
 0 461
 0 462
 0 463
 0 464
 0 465
 0 466
 0 467
 0 468
 0 469
 0 470
 0 471
 0 472
 0 473
 0 474
 0 475
 0 476
 0 477
 0 478
 0 479
 0 480
 0 481
 0 482
 0 483
 0 484
 0 485
 0 486
 0 487
 0 488
 0 489
 0 490
 0 491
 0 492
 0 493
 0 494
 0 495
 0 496
 0 497
 0 498
 0 499
 0 500
 0 501
 0 502
 0 503
 0 504
 0 505
 0 506
 0 507
 0 508
 0 509
 0 510
 0 511
 0 512
 0 513
 0 514
 0 515
 0 516
 0 517
 0 518
 0 519
 0 520
 0 521
 0 522
 0 523
 0 524
 0 525
 0 526
 0 527
 0 528
 0 529
 0 530
 0 531
 0 532
 0 533
 0 534
 0 535
 0 536
 0 537
 0 538
 0 539
 0 540
 0 541
 0 542
 0 543
 0 544
 0 545
 0 546
 0 547
 0 548
 0 549
 0 550
 0 551
 0 552
 0 553
 0 554
 0 555
 0 556
 0 557
 0 558
 0 559
 0 560
 0 561
 0 562
 0 563
 0 564
 0 565
 0 566
 0 567
 0 568
 0 569
 0 570
 0 571
 0 572
 0 573
 0 574
 0 575
 0 576
 0 577
 0 578
 0 579
 0 580
 0 581
 0 582
 0 583
 0 584
 0 585
 0 586
 0 587
 0 588
 0 589
 0 590
 0 591
 0 592
 0 593
 0 594
 0 595
 0 596
 0 597
 0 598
 0 599
 0 600


