# Created by Octave 3.8.2, Sun Jun 21 04:45:07 2020 CEST <damian@fptrucha.inv.usc.es>
# name: hd
# type: matrix
# rows: 551
# columns: 2
 0 50
 0 51
 0 52
 0 53
 0 54
 0 55
 0 56
 0 57
 0 58
 0 59
 0 60
 0 61
 0 62
 0 63
 0 64
 0 65
 0 66
 0 67
 0 68
 0 69
 0 70
 0 71
 0 72
 0 73
 0 74
 0 75
 0 76
 0 77
 0 78
 0 79
 0 80
 0 81
 0 82
 0 83
 0 84
 0 85
 0 86
 1 87
 7 88
 3 89
 6 90
 36 91
 77 92
 126 93
 157 94
 272 95
 388 96
 568 97
 748 98
 850 99
 984 100
 1101 101
 1097 102
 1175 103
 1211 104
 1284 105
 1317 106
 1354 107
 1289 108
 1241 109
 1169 110
 1225 111
 1130 112
 1082 113
 1026 114
 1004 115
 955 116
 916 117
 817 118
 756 119
 712 120
 618 121
 620 122
 525 123
 533 124
 501 125
 397 126
 384 127
 360 128
 345 129
 323 130
 269 131
 227 132
 221 133
 221 134
 207 135
 203 136
 200 137
 169 138
 165 139
 129 140
 111 141
 138 142
 118 143
 94 144
 108 145
 70 146
 100 147
 75 148
 76 149
 73 150
 69 151
 65 152
 65 153
 57 154
 56 155
 53 156
 49 157
 36 158
 31 159
 32 160
 37 161
 18 162
 35 163
 31 164
 18 165
 26 166
 19 167
 23 168
 24 169
 12 170
 15 171
 14 172
 11 173
 16 174
 7 175
 17 176
 11 177
 7 178
 12 179
 7 180
 7 181
 8 182
 7 183
 5 184
 5 185
 5 186
 3 187
 3 188
 9 189
 5 190
 4 191
 1 192
 5 193
 6 194
 4 195
 0 196
 2 197
 0 198
 3 199
 2 200
 2 201
 0 202
 3 203
 0 204
 0 205
 1 206
 1 207
 1 208
 0 209
 0 210
 0 211
 0 212
 2 213
 0 214
 0 215
 0 216
 0 217
 0 218
 1 219
 0 220
 0 221
 0 222
 1 223
 0 224
 0 225
 0 226
 0 227
 0 228
 1 229
 0 230
 0 231
 0 232
 0 233
 0 234
 0 235
 0 236
 0 237
 0 238
 1 239
 0 240
 0 241
 0 242
 0 243
 0 244
 0 245
 0 246
 0 247
 0 248
 0 249
 0 250
 0 251
 0 252
 1 253
 0 254
 0 255
 0 256
 0 257
 0 258
 0 259
 0 260
 0 261
 0 262
 0 263
 0 264
 0 265
 0 266
 0 267
 0 268
 1 269
 0 270
 0 271
 0 272
 0 273
 0 274
 0 275
 0 276
 0 277
 0 278
 0 279
 0 280
 0 281
 1 282
 0 283
 0 284
 0 285
 3 286
 0 287
 0 288
 0 289
 1 290
 0 291
 0 292
 0 293
 0 294
 1 295
 2 296
 0 297
 0 298
 0 299
 0 300
 1 301
 2 302
 2 303
 0 304
 3 305
 2 306
 5 307
 2 308
 1 309
 4 310
 2 311
 1 312
 3 313
 1 314
 1 315
 2 316
 0 317
 2 318
 4 319
 0 320
 2 321
 1 322
 5 323
 1 324
 2 325
 2 326
 4 327
 3 328
 3 329
 4 330
 0 331
 3 332
 2 333
 3 334
 5 335
 4 336
 2 337
 0 338
 2 339
 5 340
 1 341
 0 342
 1 343
 1 344
 5 345
 3 346
 2 347
 3 348
 0 349
 2 350
 0 351
 1 352
 2 353
 2 354
 2 355
 1 356
 6 357
 2 358
 4 359
 1 360
 3 361
 1 362
 3 363
 1 364
 1 365
 1 366
 3 367
 2 368
 0 369
 1 370
 2 371
 0 372
 0 373
 1 374
 0 375
 1 376
 0 377
 1 378
 1 379
 2 380
 1 381
 1 382
 0 383
 2 384
 0 385
 0 386
 2 387
 0 388
 0 389
 1 390
 1 391
 0 392
 0 393
 0 394
 0 395
 0 396
 0 397
 0 398
 0 399
 0 400
 0 401
 0 402
 0 403
 1 404
 1 405
 0 406
 0 407
 0 408
 0 409
 0 410
 0 411
 0 412
 0 413
 0 414
 0 415
 0 416
 0 417
 0 418
 0 419
 0 420
 0 421
 0 422
 0 423
 0 424
 0 425
 0 426
 0 427
 0 428
 0 429
 0 430
 0 431
 0 432
 0 433
 0 434
 0 435
 0 436
 0 437
 0 438
 0 439
 0 440
 0 441
 0 442
 0 443
 0 444
 0 445
 0 446
 0 447
 0 448
 0 449
 0 450
 0 451
 0 452
 0 453
 0 454
 0 455
 0 456
 0 457
 0 458
 0 459
 0 460
 0 461
 0 462
 0 463
 0 464
 0 465
 0 466
 0 467
 0 468
 0 469
 0 470
 0 471
 0 472
 0 473
 0 474
 0 475
 0 476
 0 477
 0 478
 0 479
 0 480
 0 481
 0 482
 0 483
 0 484
 0 485
 0 486
 0 487
 0 488
 0 489
 0 490
 0 491
 0 492
 0 493
 0 494
 0 495
 0 496
 0 497
 0 498
 0 499
 0 500
 0 501
 0 502
 0 503
 0 504
 0 505
 0 506
 0 507
 0 508
 0 509
 0 510
 0 511
 0 512
 0 513
 0 514
 0 515
 0 516
 0 517
 0 518
 0 519
 0 520
 0 521
 0 522
 0 523
 0 524
 0 525
 0 526
 0 527
 0 528
 0 529
 0 530
 0 531
 0 532
 0 533
 0 534
 0 535
 0 536
 0 537
 0 538
 0 539
 0 540
 0 541
 0 542
 0 543
 0 544
 0 545
 0 546
 0 547
 0 548
 0 549
 0 550
 0 551
 0 552
 0 553
 0 554
 0 555
 0 556
 0 557
 0 558
 0 559
 0 560
 0 561
 0 562
 0 563
 0 564
 0 565
 0 566
 0 567
 0 568
 0 569
 0 570
 0 571
 0 572
 0 573
 0 574
 0 575
 0 576
 0 577
 0 578
 0 579
 0 580
 0 581
 0 582
 0 583
 0 584
 0 585
 0 586
 0 587
 0 588
 0 589
 0 590
 0 591
 0 592
 0 593
 0 594
 0 595
 0 596
 0 597
 0 598
 0 599
 0 600


