# Created by Octave 3.8.2, Sun Jun 21 04:26:16 2020 CEST <damian@fptrucha.inv.usc.es>
# name: hd
# type: matrix
# rows: 551
# columns: 2
 0 50
 0 51
 0 52
 0 53
 0 54
 0 55
 0 56
 0 57
 0 58
 0 59
 0 60
 0 61
 0 62
 0 63
 0 64
 0 65
 0 66
 0 67
 0 68
 0 69
 0 70
 0 71
 0 72
 0 73
 0 74
 0 75
 0 76
 0 77
 0 78
 0 79
 0 80
 0 81
 0 82
 0 83
 0 84
 0 85
 0 86
 0 87
 3 88
 0 89
 2 90
 19 91
 91 92
 115 93
 152 94
 256 95
 373 96
 559 97
 712 98
 830 99
 949 100
 1078 101
 1138 102
 1243 103
 1223 104
 1291 105
 1260 106
 1273 107
 1249 108
 1193 109
 1264 110
 1167 111
 1141 112
 1145 113
 1074 114
 993 115
 899 116
 875 117
 794 118
 727 119
 700 120
 610 121
 570 122
 549 123
 489 124
 490 125
 419 126
 430 127
 399 128
 363 129
 313 130
 275 131
 246 132
 224 133
 207 134
 217 135
 187 136
 185 137
 169 138
 152 139
 163 140
 134 141
 106 142
 118 143
 98 144
 99 145
 87 146
 77 147
 82 148
 81 149
 71 150
 54 151
 57 152
 68 153
 44 154
 49 155
 53 156
 49 157
 48 158
 29 159
 33 160
 36 161
 32 162
 32 163
 31 164
 18 165
 27 166
 28 167
 21 168
 17 169
 18 170
 21 171
 13 172
 9 173
 16 174
 11 175
 10 176
 15 177
 9 178
 12 179
 9 180
 6 181
 7 182
 9 183
 10 184
 8 185
 3 186
 4 187
 4 188
 4 189
 4 190
 3 191
 3 192
 5 193
 3 194
 4 195
 0 196
 4 197
 4 198
 2 199
 2 200
 1 201
 2 202
 4 203
 2 204
 1 205
 1 206
 1 207
 0 208
 1 209
 2 210
 0 211
 1 212
 0 213
 0 214
 0 215
 0 216
 0 217
 1 218
 0 219
 1 220
 0 221
 0 222
 1 223
 0 224
 0 225
 0 226
 0 227
 0 228
 0 229
 0 230
 0 231
 0 232
 0 233
 0 234
 0 235
 0 236
 0 237
 0 238
 0 239
 0 240
 0 241
 0 242
 0 243
 0 244
 0 245
 0 246
 0 247
 0 248
 0 249
 0 250
 0 251
 0 252
 0 253
 0 254
 0 255
 0 256
 0 257
 0 258
 0 259
 0 260
 0 261
 0 262
 0 263
 0 264
 0 265
 0 266
 0 267
 0 268
 0 269
 0 270
 0 271
 0 272
 0 273
 0 274
 0 275
 0 276
 0 277
 0 278
 1 279
 0 280
 0 281
 0 282
 0 283
 0 284
 0 285
 0 286
 2 287
 1 288
 0 289
 2 290
 1 291
 0 292
 1 293
 2 294
 1 295
 0 296
 2 297
 0 298
 0 299
 0 300
 2 301
 1 302
 0 303
 2 304
 2 305
 3 306
 7 307
 1 308
 2 309
 0 310
 2 311
 1 312
 1 313
 1 314
 1 315
 1 316
 1 317
 1 318
 1 319
 6 320
 4 321
 0 322
 1 323
 2 324
 4 325
 2 326
 2 327
 3 328
 0 329
 1 330
 4 331
 1 332
 1 333
 4 334
 1 335
 3 336
 5 337
 4 338
 3 339
 2 340
 2 341
 0 342
 1 343
 1 344
 2 345
 2 346
 1 347
 0 348
 2 349
 3 350
 0 351
 0 352
 0 353
 1 354
 3 355
 1 356
 3 357
 2 358
 1 359
 2 360
 0 361
 1 362
 0 363
 2 364
 0 365
 0 366
 1 367
 1 368
 1 369
 2 370
 0 371
 1 372
 0 373
 0 374
 0 375
 0 376
 1 377
 0 378
 0 379
 0 380
 0 381
 0 382
 2 383
 2 384
 2 385
 0 386
 0 387
 0 388
 1 389
 1 390
 0 391
 1 392
 1 393
 0 394
 0 395
 0 396
 1 397
 0 398
 0 399
 0 400
 0 401
 0 402
 1 403
 0 404
 0 405
 0 406
 0 407
 0 408
 0 409
 0 410
 0 411
 0 412
 1 413
 0 414
 0 415
 0 416
 0 417
 0 418
 0 419
 0 420
 0 421
 0 422
 0 423
 1 424
 0 425
 0 426
 0 427
 0 428
 0 429
 0 430
 0 431
 0 432
 0 433
 0 434
 0 435
 0 436
 0 437
 0 438
 0 439
 0 440
 0 441
 0 442
 0 443
 0 444
 0 445
 0 446
 0 447
 0 448
 0 449
 0 450
 0 451
 0 452
 0 453
 0 454
 0 455
 0 456
 0 457
 0 458
 0 459
 0 460
 0 461
 0 462
 0 463
 0 464
 0 465
 0 466
 0 467
 0 468
 0 469
 0 470
 0 471
 0 472
 0 473
 0 474
 0 475
 0 476
 0 477
 0 478
 0 479
 0 480
 0 481
 0 482
 0 483
 0 484
 0 485
 0 486
 0 487
 0 488
 0 489
 0 490
 0 491
 0 492
 0 493
 0 494
 0 495
 0 496
 0 497
 0 498
 0 499
 0 500
 0 501
 0 502
 0 503
 0 504
 0 505
 0 506
 0 507
 0 508
 0 509
 0 510
 0 511
 0 512
 0 513
 0 514
 0 515
 0 516
 0 517
 0 518
 0 519
 0 520
 0 521
 0 522
 0 523
 0 524
 0 525
 0 526
 0 527
 0 528
 0 529
 0 530
 0 531
 0 532
 0 533
 0 534
 0 535
 0 536
 0 537
 0 538
 0 539
 0 540
 0 541
 0 542
 0 543
 0 544
 0 545
 0 546
 0 547
 0 548
 0 549
 0 550
 0 551
 0 552
 0 553
 0 554
 0 555
 0 556
 0 557
 0 558
 0 559
 0 560
 0 561
 0 562
 0 563
 0 564
 0 565
 0 566
 0 567
 0 568
 0 569
 0 570
 0 571
 0 572
 0 573
 0 574
 0 575
 0 576
 0 577
 0 578
 0 579
 0 580
 0 581
 0 582
 0 583
 0 584
 0 585
 0 586
 0 587
 0 588
 0 589
 0 590
 0 591
 0 592
 0 593
 0 594
 0 595
 0 596
 0 597
 0 598
 0 599
 0 600


