# Created by Octave 3.8.2, Mon Jun 22 01:11:22 2020 CEST <damian@fptrucha.inv.usc.es>
# name: hd
# type: matrix
# rows: 551
# columns: 2
 0 50
 0 51
 0 52
 0 53
 0 54
 0 55
 0 56
 0 57
 0 58
 0 59
 0 60
 0 61
 0 62
 0 63
 0 64
 0 65
 0 66
 0 67
 0 68
 0 69
 0 70
 0 71
 0 72
 0 73
 0 74
 0 75
 0 76
 0 77
 0 78
 0 79
 0 80
 0 81
 0 82
 0 83
 0 84
 0 85
 0 86
 2 87
 1 88
 1 89
 5 90
 37 91
 82 92
 115 93
 155 94
 262 95
 406 96
 559 97
 641 98
 845 99
 1008 100
 1044 101
 1141 102
 1191 103
 1191 104
 1252 105
 1252 106
 1285 107
 1240 108
 1187 109
 1268 110
 1231 111
 1139 112
 1100 113
 1034 114
 1003 115
 901 116
 894 117
 814 118
 776 119
 756 120
 709 121
 590 122
 571 123
 553 124
 502 125
 466 126
 395 127
 396 128
 377 129
 320 130
 296 131
 250 132
 260 133
 225 134
 193 135
 198 136
 182 137
 184 138
 154 139
 148 140
 131 141
 137 142
 122 143
 112 144
 117 145
 106 146
 72 147
 89 148
 85 149
 81 150
 81 151
 69 152
 59 153
 50 154
 51 155
 45 156
 57 157
 45 158
 48 159
 44 160
 56 161
 31 162
 34 163
 31 164
 28 165
 17 166
 20 167
 21 168
 17 169
 12 170
 17 171
 13 172
 13 173
 16 174
 16 175
 10 176
 20 177
 10 178
 7 179
 12 180
 9 181
 2 182
 11 183
 7 184
 8 185
 8 186
 6 187
 4 188
 7 189
 7 190
 5 191
 1 192
 2 193
 1 194
 1 195
 2 196
 2 197
 4 198
 5 199
 2 200
 0 201
 2 202
 1 203
 0 204
 0 205
 1 206
 0 207
 0 208
 2 209
 5 210
 0 211
 1 212
 0 213
 1 214
 1 215
 0 216
 3 217
 1 218
 0 219
 0 220
 0 221
 0 222
 0 223
 2 224
 0 225
 0 226
 0 227
 0 228
 1 229
 0 230
 0 231
 0 232
 0 233
 0 234
 0 235
 0 236
 1 237
 1 238
 0 239
 0 240
 0 241
 0 242
 0 243
 0 244
 0 245
 0 246
 0 247
 0 248
 0 249
 0 250
 0 251
 0 252
 0 253
 0 254
 0 255
 0 256
 0 257
 0 258
 0 259
 0 260
 0 261
 0 262
 0 263
 0 264
 0 265
 0 266
 0 267
 0 268
 0 269
 0 270
 0 271
 0 272
 0 273
 0 274
 0 275
 0 276
 0 277
 0 278
 0 279
 0 280
 0 281
 1 282
 1 283
 1 284
 1 285
 1 286
 0 287
 0 288
 1 289
 0 290
 0 291
 0 292
 1 293
 1 294
 2 295
 0 296
 0 297
 0 298
 1 299
 2 300
 2 301
 0 302
 0 303
 1 304
 0 305
 0 306
 1 307
 0 308
 1 309
 0 310
 5 311
 2 312
 2 313
 4 314
 3 315
 4 316
 4 317
 1 318
 0 319
 0 320
 4 321
 5 322
 3 323
 3 324
 3 325
 0 326
 3 327
 2 328
 3 329
 3 330
 3 331
 3 332
 1 333
 3 334
 1 335
 0 336
 0 337
 3 338
 0 339
 3 340
 1 341
 3 342
 3 343
 1 344
 0 345
 5 346
 2 347
 4 348
 1 349
 1 350
 2 351
 1 352
 4 353
 3 354
 4 355
 2 356
 1 357
 3 358
 1 359
 3 360
 1 361
 3 362
 2 363
 2 364
 0 365
 0 366
 4 367
 1 368
 1 369
 1 370
 1 371
 1 372
 0 373
 1 374
 2 375
 2 376
 4 377
 1 378
 0 379
 0 380
 0 381
 0 382
 3 383
 0 384
 1 385
 2 386
 0 387
 0 388
 2 389
 1 390
 1 391
 1 392
 0 393
 2 394
 0 395
 0 396
 2 397
 1 398
 0 399
 0 400
 0 401
 0 402
 0 403
 0 404
 0 405
 0 406
 0 407
 0 408
 0 409
 0 410
 2 411
 0 412
 0 413
 0 414
 0 415
 0 416
 0 417
 0 418
 0 419
 0 420
 0 421
 0 422
 0 423
 0 424
 0 425
 0 426
 0 427
 0 428
 0 429
 0 430
 0 431
 0 432
 0 433
 0 434
 0 435
 0 436
 0 437
 0 438
 0 439
 0 440
 0 441
 0 442
 0 443
 0 444
 0 445
 0 446
 0 447
 0 448
 0 449
 0 450
 0 451
 0 452
 0 453
 0 454
 0 455
 0 456
 0 457
 0 458
 0 459
 0 460
 0 461
 0 462
 0 463
 0 464
 0 465
 0 466
 0 467
 0 468
 0 469
 0 470
 0 471
 0 472
 0 473
 0 474
 0 475
 0 476
 0 477
 0 478
 0 479
 0 480
 0 481
 0 482
 0 483
 0 484
 0 485
 0 486
 0 487
 0 488
 0 489
 0 490
 0 491
 0 492
 0 493
 0 494
 0 495
 0 496
 0 497
 0 498
 0 499
 0 500
 0 501
 0 502
 0 503
 0 504
 0 505
 0 506
 0 507
 0 508
 0 509
 0 510
 0 511
 0 512
 0 513
 0 514
 0 515
 0 516
 0 517
 0 518
 0 519
 0 520
 0 521
 0 522
 0 523
 0 524
 0 525
 0 526
 0 527
 0 528
 0 529
 0 530
 0 531
 0 532
 0 533
 0 534
 0 535
 0 536
 0 537
 0 538
 0 539
 0 540
 0 541
 0 542
 0 543
 0 544
 0 545
 0 546
 0 547
 0 548
 0 549
 0 550
 0 551
 0 552
 0 553
 0 554
 0 555
 0 556
 0 557
 0 558
 0 559
 0 560
 0 561
 0 562
 0 563
 0 564
 0 565
 0 566
 0 567
 0 568
 0 569
 0 570
 0 571
 0 572
 0 573
 0 574
 0 575
 0 576
 0 577
 0 578
 0 579
 0 580
 0 581
 0 582
 0 583
 0 584
 0 585
 0 586
 0 587
 0 588
 0 589
 0 590
 0 591
 0 592
 0 593
 0 594
 0 595
 0 596
 0 597
 0 598
 0 599
 0 600


