# Created by Octave 3.8.2, Sat Jun 20 13:40:19 2020 CEST <damian@fptrucha.inv.usc.es>
# name: hd
# type: matrix
# rows: 551
# columns: 2
 0 50
 0 51
 0 52
 0 53
 0 54
 0 55
 0 56
 0 57
 0 58
 0 59
 0 60
 0 61
 0 62
 0 63
 0 64
 0 65
 0 66
 0 67
 0 68
 0 69
 0 70
 0 71
 0 72
 0 73
 0 74
 0 75
 0 76
 0 77
 0 78
 0 79
 0 80
 0 81
 0 82
 0 83
 0 84
 0 85
 1 86
 0 87
 1 88
 2 89
 5 90
 26 91
 92 92
 134 93
 161 94
 286 95
 437 96
 622 97
 808 98
 959 99
 1139 100
 1162 101
 1312 102
 1326 103
 1301 104
 1474 105
 1444 106
 1475 107
 1394 108
 1363 109
 1350 110
 1295 111
 1250 112
 1159 113
 1090 114
 1036 115
 988 116
 944 117
 852 118
 800 119
 763 120
 714 121
 655 122
 561 123
 518 124
 471 125
 466 126
 405 127
 363 128
 328 129
 349 130
 283 131
 236 132
 263 133
 212 134
 218 135
 198 136
 190 137
 158 138
 162 139
 142 140
 135 141
 117 142
 124 143
 98 144
 116 145
 104 146
 81 147
 91 148
 79 149
 68 150
 61 151
 63 152
 62 153
 70 154
 56 155
 51 156
 43 157
 45 158
 41 159
 38 160
 38 161
 29 162
 28 163
 36 164
 23 165
 22 166
 29 167
 25 168
 20 169
 20 170
 20 171
 16 172
 15 173
 10 174
 15 175
 10 176
 16 177
 10 178
 12 179
 10 180
 15 181
 10 182
 10 183
 5 184
 6 185
 8 186
 1 187
 4 188
 5 189
 5 190
 2 191
 6 192
 1 193
 1 194
 1 195
 6 196
 0 197
 2 198
 2 199
 1 200
 0 201
 0 202
 4 203
 1 204
 3 205
 1 206
 0 207
 0 208
 2 209
 1 210
 0 211
 0 212
 0 213
 0 214
 0 215
 1 216
 0 217
 0 218
 0 219
 0 220
 0 221
 2 222
 0 223
 0 224
 0 225
 0 226
 1 227
 1 228
 2 229
 0 230
 0 231
 0 232
 0 233
 0 234
 0 235
 0 236
 0 237
 0 238
 0 239
 0 240
 0 241
 1 242
 0 243
 0 244
 0 245
 0 246
 0 247
 0 248
 0 249
 0 250
 0 251
 0 252
 0 253
 0 254
 0 255
 0 256
 0 257
 0 258
 0 259
 0 260
 0 261
 0 262
 0 263
 0 264
 0 265
 0 266
 0 267
 1 268
 0 269
 0 270
 0 271
 0 272
 0 273
 0 274
 0 275
 0 276
 0 277
 0 278
 0 279
 0 280
 2 281
 0 282
 0 283
 1 284
 0 285
 0 286
 0 287
 0 288
 2 289
 1 290
 0 291
 1 292
 0 293
 0 294
 0 295
 2 296
 0 297
 0 298
 2 299
 1 300
 2 301
 1 302
 1 303
 0 304
 1 305
 2 306
 2 307
 1 308
 1 309
 0 310
 4 311
 0 312
 4 313
 4 314
 2 315
 0 316
 1 317
 4 318
 1 319
 2 320
 0 321
 0 322
 0 323
 1 324
 0 325
 4 326
 1 327
 3 328
 1 329
 2 330
 2 331
 1 332
 1 333
 3 334
 4 335
 0 336
 2 337
 2 338
 3 339
 4 340
 1 341
 3 342
 2 343
 3 344
 4 345
 2 346
 1 347
 1 348
 3 349
 2 350
 1 351
 2 352
 2 353
 2 354
 4 355
 2 356
 2 357
 2 358
 3 359
 4 360
 1 361
 1 362
 3 363
 0 364
 1 365
 2 366
 0 367
 1 368
 1 369
 1 370
 2 371
 3 372
 0 373
 1 374
 0 375
 0 376
 2 377
 0 378
 1 379
 0 380
 4 381
 1 382
 0 383
 0 384
 0 385
 0 386
 0 387
 0 388
 0 389
 2 390
 0 391
 0 392
 1 393
 0 394
 0 395
 2 396
 0 397
 0 398
 0 399
 0 400
 1 401
 0 402
 0 403
 0 404
 0 405
 0 406
 0 407
 0 408
 0 409
 0 410
 0 411
 0 412
 0 413
 0 414
 0 415
 0 416
 0 417
 0 418
 1 419
 0 420
 0 421
 0 422
 1 423
 0 424
 0 425
 0 426
 0 427
 0 428
 0 429
 0 430
 0 431
 0 432
 0 433
 0 434
 0 435
 0 436
 0 437
 0 438
 0 439
 0 440
 0 441
 1 442
 0 443
 0 444
 0 445
 0 446
 0 447
 0 448
 0 449
 0 450
 1 451
 0 452
 0 453
 0 454
 0 455
 0 456
 0 457
 0 458
 0 459
 0 460
 0 461
 0 462
 0 463
 0 464
 0 465
 0 466
 0 467
 0 468
 0 469
 0 470
 0 471
 0 472
 0 473
 0 474
 0 475
 0 476
 0 477
 0 478
 0 479
 0 480
 0 481
 0 482
 0 483
 0 484
 0 485
 0 486
 0 487
 0 488
 0 489
 0 490
 0 491
 0 492
 0 493
 0 494
 0 495
 0 496
 0 497
 0 498
 0 499
 0 500
 0 501
 0 502
 0 503
 0 504
 0 505
 0 506
 0 507
 0 508
 0 509
 0 510
 0 511
 0 512
 0 513
 0 514
 0 515
 0 516
 0 517
 0 518
 0 519
 0 520
 0 521
 0 522
 0 523
 0 524
 0 525
 0 526
 0 527
 0 528
 0 529
 0 530
 0 531
 0 532
 0 533
 0 534
 0 535
 0 536
 0 537
 0 538
 0 539
 0 540
 0 541
 0 542
 0 543
 0 544
 0 545
 0 546
 0 547
 0 548
 0 549
 0 550
 0 551
 0 552
 0 553
 0 554
 0 555
 0 556
 0 557
 0 558
 0 559
 0 560
 0 561
 0 562
 0 563
 0 564
 0 565
 0 566
 0 567
 0 568
 0 569
 0 570
 0 571
 0 572
 0 573
 0 574
 0 575
 0 576
 0 577
 0 578
 0 579
 0 580
 0 581
 0 582
 0 583
 0 584
 0 585
 0 586
 0 587
 0 588
 0 589
 0 590
 0 591
 0 592
 0 593
 0 594
 0 595
 0 596
 0 597
 0 598
 0 599
 0 600


