# Created by Octave 3.8.2, Mon Jun 22 22:54:16 2020 CEST <damian@fptrucha.inv.usc.es>
# name: hd
# type: matrix
# rows: 551
# columns: 2
 0 50
 0 51
 0 52
 0 53
 0 54
 0 55
 0 56
 0 57
 0 58
 0 59
 0 60
 0 61
 0 62
 0 63
 0 64
 0 65
 0 66
 0 67
 0 68
 0 69
 0 70
 0 71
 0 72
 0 73
 0 74
 0 75
 0 76
 0 77
 0 78
 0 79
 0 80
 0 81
 0 82
 0 83
 0 84
 0 85
 0 86
 0 87
 0 88
 1 89
 3 90
 20 91
 124 92
 134 93
 212 94
 328 95
 527 96
 785 97
 979 98
 1149 99
 1386 100
 1485 101
 1631 102
 1640 103
 1689 104
 1727 105
 1728 106
 1585 107
 1514 108
 1469 109
 1414 110
 1357 111
 1167 112
 1086 113
 1067 114
 947 115
 894 116
 780 117
 754 118
 636 119
 624 120
 528 121
 513 122
 431 123
 370 124
 384 125
 343 126
 307 127
 261 128
 252 129
 239 130
 224 131
 202 132
 195 133
 178 134
 160 135
 148 136
 127 137
 129 138
 107 139
 101 140
 114 141
 121 142
 93 143
 111 144
 80 145
 71 146
 68 147
 49 148
 56 149
 59 150
 50 151
 43 152
 50 153
 60 154
 55 155
 41 156
 34 157
 39 158
 42 159
 40 160
 32 161
 26 162
 42 163
 21 164
 23 165
 22 166
 22 167
 21 168
 20 169
 11 170
 16 171
 22 172
 16 173
 10 174
 16 175
 9 176
 16 177
 11 178
 12 179
 7 180
 7 181
 5 182
 8 183
 8 184
 7 185
 14 186
 2 187
 2 188
 3 189
 4 190
 8 191
 7 192
 5 193
 3 194
 5 195
 2 196
 2 197
 4 198
 2 199
 0 200
 4 201
 2 202
 2 203
 0 204
 1 205
 1 206
 1 207
 2 208
 1 209
 1 210
 2 211
 2 212
 0 213
 2 214
 0 215
 0 216
 0 217
 1 218
 3 219
 2 220
 1 221
 0 222
 0 223
 0 224
 0 225
 0 226
 1 227
 0 228
 0 229
 0 230
 0 231
 0 232
 0 233
 0 234
 0 235
 0 236
 1 237
 0 238
 0 239
 0 240
 0 241
 0 242
 0 243
 0 244
 0 245
 0 246
 0 247
 0 248
 0 249
 0 250
 0 251
 0 252
 0 253
 0 254
 0 255
 0 256
 0 257
 0 258
 0 259
 1 260
 0 261
 0 262
 0 263
 0 264
 0 265
 0 266
 0 267
 0 268
 0 269
 0 270
 0 271
 0 272
 0 273
 0 274
 1 275
 0 276
 0 277
 1 278
 0 279
 0 280
 0 281
 0 282
 0 283
 0 284
 0 285
 0 286
 0 287
 0 288
 0 289
 0 290
 3 291
 0 292
 0 293
 1 294
 2 295
 1 296
 0 297
 0 298
 2 299
 0 300
 1 301
 2 302
 2 303
 4 304
 1 305
 1 306
 2 307
 3 308
 7 309
 2 310
 1 311
 2 312
 2 313
 0 314
 5 315
 2 316
 3 317
 2 318
 4 319
 3 320
 4 321
 2 322
 3 323
 1 324
 5 325
 2 326
 1 327
 3 328
 2 329
 4 330
 2 331
 0 332
 5 333
 5 334
 3 335
 1 336
 3 337
 2 338
 2 339
 5 340
 4 341
 3 342
 1 343
 2 344
 2 345
 1 346
 2 347
 1 348
 2 349
 5 350
 0 351
 1 352
 1 353
 3 354
 3 355
 2 356
 1 357
 0 358
 1 359
 1 360
 0 361
 3 362
 3 363
 2 364
 3 365
 3 366
 0 367
 0 368
 0 369
 1 370
 4 371
 1 372
 0 373
 0 374
 1 375
 0 376
 2 377
 2 378
 1 379
 2 380
 1 381
 0 382
 1 383
 1 384
 0 385
 0 386
 0 387
 0 388
 0 389
 1 390
 0 391
 0 392
 1 393
 0 394
 0 395
 1 396
 0 397
 1 398
 1 399
 0 400
 0 401
 0 402
 0 403
 0 404
 0 405
 0 406
 0 407
 0 408
 0 409
 0 410
 1 411
 0 412
 0 413
 0 414
 0 415
 0 416
 0 417
 0 418
 0 419
 0 420
 0 421
 0 422
 0 423
 0 424
 0 425
 0 426
 0 427
 0 428
 0 429
 0 430
 0 431
 0 432
 0 433
 0 434
 0 435
 0 436
 0 437
 0 438
 0 439
 0 440
 0 441
 0 442
 0 443
 0 444
 0 445
 0 446
 0 447
 0 448
 0 449
 0 450
 0 451
 0 452
 0 453
 0 454
 0 455
 0 456
 0 457
 0 458
 0 459
 0 460
 0 461
 0 462
 0 463
 0 464
 0 465
 0 466
 0 467
 0 468
 0 469
 0 470
 0 471
 0 472
 0 473
 0 474
 0 475
 0 476
 0 477
 0 478
 0 479
 0 480
 0 481
 0 482
 0 483
 0 484
 0 485
 0 486
 0 487
 0 488
 0 489
 0 490
 0 491
 0 492
 0 493
 0 494
 0 495
 0 496
 0 497
 0 498
 0 499
 0 500
 0 501
 0 502
 0 503
 0 504
 0 505
 0 506
 0 507
 0 508
 0 509
 0 510
 0 511
 0 512
 0 513
 0 514
 0 515
 0 516
 0 517
 0 518
 0 519
 0 520
 0 521
 0 522
 0 523
 0 524
 0 525
 0 526
 0 527
 0 528
 0 529
 0 530
 0 531
 0 532
 0 533
 0 534
 0 535
 0 536
 0 537
 0 538
 0 539
 0 540
 0 541
 0 542
 0 543
 0 544
 0 545
 0 546
 0 547
 0 548
 0 549
 0 550
 0 551
 0 552
 0 553
 0 554
 0 555
 0 556
 0 557
 0 558
 0 559
 0 560
 0 561
 0 562
 0 563
 0 564
 0 565
 0 566
 0 567
 0 568
 0 569
 0 570
 0 571
 0 572
 0 573
 0 574
 0 575
 0 576
 0 577
 0 578
 0 579
 0 580
 0 581
 0 582
 0 583
 0 584
 0 585
 0 586
 0 587
 0 588
 0 589
 0 590
 0 591
 0 592
 0 593
 0 594
 0 595
 0 596
 0 597
 0 598
 0 599
 0 600


