# Created by Octave 3.8.2, Sat Jun 20 04:01:42 2020 CEST <damian@fptrucha.inv.usc.es>
# name: hd
# type: matrix
# rows: 551
# columns: 2
 0 50
 0 51
 0 52
 0 53
 0 54
 0 55
 0 56
 0 57
 0 58
 0 59
 0 60
 0 61
 0 62
 0 63
 0 64
 0 65
 0 66
 0 67
 0 68
 0 69
 0 70
 0 71
 0 72
 0 73
 0 74
 0 75
 0 76
 0 77
 0 78
 0 79
 0 80
 0 81
 0 82
 0 83
 0 84
 0 85
 0 86
 0 87
 3 88
 4 89
 4 90
 26 91
 109 92
 135 93
 181 94
 310 95
 479 96
 670 97
 872 98
 1029 99
 1111 100
 1241 101
 1316 102
 1439 103
 1409 104
 1501 105
 1509 106
 1579 107
 1460 108
 1428 109
 1468 110
 1374 111
 1289 112
 1218 113
 1127 114
 1126 115
 1030 116
 980 117
 925 118
 850 119
 719 120
 724 121
 639 122
 622 123
 549 124
 536 125
 484 126
 416 127
 386 128
 400 129
 370 130
 331 131
 300 132
 264 133
 233 134
 242 135
 218 136
 196 137
 206 138
 181 139
 152 140
 161 141
 141 142
 116 143
 120 144
 97 145
 109 146
 91 147
 94 148
 94 149
 73 150
 65 151
 77 152
 69 153
 62 154
 60 155
 50 156
 47 157
 53 158
 50 159
 45 160
 41 161
 32 162
 32 163
 43 164
 29 165
 31 166
 30 167
 30 168
 26 169
 21 170
 17 171
 10 172
 21 173
 12 174
 16 175
 13 176
 5 177
 10 178
 14 179
 10 180
 7 181
 7 182
 9 183
 8 184
 5 185
 7 186
 3 187
 5 188
 9 189
 6 190
 2 191
 5 192
 1 193
 8 194
 7 195
 3 196
 4 197
 3 198
 3 199
 3 200
 2 201
 2 202
 5 203
 1 204
 0 205
 1 206
 2 207
 4 208
 0 209
 3 210
 1 211
 2 212
 2 213
 0 214
 2 215
 0 216
 0 217
 0 218
 1 219
 1 220
 2 221
 1 222
 0 223
 1 224
 0 225
 0 226
 0 227
 0 228
 0 229
 0 230
 0 231
 0 232
 0 233
 0 234
 0 235
 0 236
 0 237
 1 238
 0 239
 0 240
 0 241
 0 242
 0 243
 0 244
 0 245
 0 246
 0 247
 0 248
 0 249
 0 250
 0 251
 0 252
 0 253
 0 254
 0 255
 0 256
 0 257
 0 258
 0 259
 0 260
 0 261
 0 262
 0 263
 0 264
 0 265
 0 266
 0 267
 0 268
 0 269
 0 270
 0 271
 1 272
 0 273
 0 274
 0 275
 0 276
 0 277
 0 278
 1 279
 0 280
 0 281
 0 282
 0 283
 1 284
 1 285
 1 286
 1 287
 0 288
 1 289
 0 290
 1 291
 2 292
 0 293
 1 294
 0 295
 3 296
 1 297
 1 298
 2 299
 1 300
 0 301
 1 302
 3 303
 2 304
 1 305
 3 306
 0 307
 1 308
 3 309
 3 310
 3 311
 2 312
 1 313
 1 314
 2 315
 1 316
 0 317
 4 318
 2 319
 3 320
 1 321
 2 322
 3 323
 4 324
 4 325
 2 326
 3 327
 7 328
 3 329
 3 330
 2 331
 1 332
 3 333
 3 334
 4 335
 2 336
 1 337
 2 338
 2 339
 7 340
 3 341
 1 342
 2 343
 1 344
 2 345
 5 346
 4 347
 3 348
 1 349
 5 350
 1 351
 4 352
 1 353
 1 354
 0 355
 3 356
 2 357
 4 358
 2 359
 2 360
 1 361
 1 362
 1 363
 1 364
 2 365
 1 366
 5 367
 1 368
 1 369
 2 370
 3 371
 1 372
 0 373
 1 374
 1 375
 0 376
 1 377
 0 378
 0 379
 0 380
 0 381
 0 382
 0 383
 0 384
 1 385
 0 386
 0 387
 0 388
 0 389
 0 390
 1 391
 2 392
 0 393
 0 394
 0 395
 1 396
 0 397
 0 398
 0 399
 0 400
 0 401
 0 402
 0 403
 0 404
 0 405
 1 406
 0 407
 0 408
 0 409
 0 410
 0 411
 1 412
 0 413
 0 414
 0 415
 0 416
 0 417
 0 418
 0 419
 0 420
 0 421
 0 422
 0 423
 0 424
 0 425
 0 426
 0 427
 0 428
 0 429
 0 430
 0 431
 0 432
 0 433
 0 434
 0 435
 0 436
 0 437
 0 438
 0 439
 0 440
 0 441
 0 442
 0 443
 0 444
 0 445
 0 446
 0 447
 0 448
 0 449
 0 450
 0 451
 0 452
 0 453
 0 454
 0 455
 0 456
 0 457
 0 458
 0 459
 0 460
 0 461
 0 462
 0 463
 0 464
 0 465
 0 466
 0 467
 0 468
 0 469
 0 470
 0 471
 0 472
 0 473
 0 474
 0 475
 0 476
 0 477
 0 478
 0 479
 0 480
 0 481
 0 482
 0 483
 0 484
 0 485
 0 486
 0 487
 0 488
 0 489
 0 490
 0 491
 0 492
 0 493
 0 494
 0 495
 0 496
 0 497
 0 498
 0 499
 0 500
 0 501
 0 502
 0 503
 0 504
 0 505
 0 506
 0 507
 0 508
 0 509
 0 510
 0 511
 0 512
 0 513
 0 514
 0 515
 0 516
 0 517
 0 518
 0 519
 0 520
 0 521
 0 522
 0 523
 0 524
 0 525
 0 526
 0 527
 0 528
 0 529
 0 530
 0 531
 0 532
 0 533
 0 534
 0 535
 0 536
 0 537
 0 538
 0 539
 0 540
 0 541
 0 542
 0 543
 0 544
 0 545
 0 546
 0 547
 0 548
 0 549
 0 550
 0 551
 0 552
 0 553
 0 554
 0 555
 0 556
 0 557
 0 558
 0 559
 0 560
 0 561
 0 562
 0 563
 0 564
 0 565
 0 566
 0 567
 0 568
 0 569
 0 570
 0 571
 0 572
 0 573
 0 574
 0 575
 0 576
 0 577
 0 578
 0 579
 0 580
 0 581
 0 582
 0 583
 0 584
 0 585
 0 586
 0 587
 0 588
 0 589
 0 590
 0 591
 0 592
 0 593
 0 594
 0 595
 0 596
 0 597
 0 598
 0 599
 0 600


