# Created by Octave 3.8.2, Mon Jun 22 10:19:18 2020 CEST <damian@fptrucha.inv.usc.es>
# name: hd
# type: matrix
# rows: 551
# columns: 2
 0 50
 0 51
 0 52
 0 53
 0 54
 0 55
 0 56
 0 57
 0 58
 0 59
 0 60
 0 61
 0 62
 0 63
 0 64
 0 65
 0 66
 0 67
 0 68
 0 69
 0 70
 0 71
 0 72
 0 73
 0 74
 0 75
 0 76
 0 77
 0 78
 0 79
 0 80
 0 81
 0 82
 0 83
 0 84
 0 85
 0 86
 0 87
 0 88
 7 89
 4 90
 15 91
 97 92
 119 93
 169 94
 257 95
 400 96
 619 97
 821 98
 977 99
 1172 100
 1333 101
 1347 102
 1390 103
 1454 104
 1469 105
 1428 106
 1449 107
 1361 108
 1348 109
 1365 110
 1147 111
 1164 112
 1058 113
 1011 114
 972 115
 856 116
 781 117
 725 118
 680 119
 611 120
 532 121
 484 122
 436 123
 410 124
 397 125
 335 126
 344 127
 309 128
 270 129
 222 130
 256 131
 223 132
 187 133
 186 134
 204 135
 177 136
 140 137
 134 138
 147 139
 141 140
 105 141
 89 142
 116 143
 70 144
 96 145
 94 146
 84 147
 60 148
 69 149
 69 150
 69 151
 52 152
 70 153
 49 154
 57 155
 51 156
 44 157
 43 158
 38 159
 33 160
 34 161
 37 162
 25 163
 30 164
 28 165
 23 166
 19 167
 26 168
 23 169
 26 170
 18 171
 18 172
 18 173
 12 174
 9 175
 17 176
 16 177
 12 178
 11 179
 11 180
 13 181
 9 182
 8 183
 11 184
 5 185
 7 186
 15 187
 3 188
 2 189
 3 190
 11 191
 2 192
 2 193
 5 194
 3 195
 6 196
 3 197
 4 198
 5 199
 3 200
 4 201
 1 202
 1 203
 1 204
 1 205
 0 206
 0 207
 1 208
 0 209
 4 210
 1 211
 0 212
 1 213
 1 214
 0 215
 2 216
 0 217
 1 218
 0 219
 0 220
 1 221
 0 222
 0 223
 0 224
 1 225
 0 226
 1 227
 0 228
 0 229
 0 230
 0 231
 0 232
 0 233
 0 234
 1 235
 0 236
 1 237
 0 238
 0 239
 1 240
 0 241
 0 242
 0 243
 0 244
 1 245
 0 246
 0 247
 0 248
 0 249
 0 250
 0 251
 0 252
 0 253
 0 254
 0 255
 0 256
 0 257
 0 258
 0 259
 0 260
 0 261
 0 262
 0 263
 0 264
 0 265
 0 266
 0 267
 0 268
 0 269
 0 270
 0 271
 0 272
 0 273
 0 274
 0 275
 0 276
 0 277
 0 278
 0 279
 0 280
 1 281
 0 282
 0 283
 0 284
 0 285
 1 286
 0 287
 0 288
 0 289
 1 290
 0 291
 0 292
 1 293
 1 294
 2 295
 1 296
 1 297
 3 298
 1 299
 1 300
 1 301
 2 302
 0 303
 1 304
 3 305
 2 306
 1 307
 2 308
 1 309
 4 310
 3 311
 0 312
 5 313
 3 314
 0 315
 2 316
 4 317
 4 318
 3 319
 7 320
 3 321
 5 322
 3 323
 6 324
 8 325
 1 326
 3 327
 2 328
 4 329
 4 330
 4 331
 3 332
 2 333
 2 334
 3 335
 2 336
 1 337
 2 338
 2 339
 3 340
 3 341
 0 342
 3 343
 2 344
 2 345
 3 346
 0 347
 2 348
 2 349
 2 350
 2 351
 4 352
 1 353
 1 354
 3 355
 3 356
 1 357
 1 358
 1 359
 0 360
 2 361
 4 362
 2 363
 3 364
 0 365
 1 366
 0 367
 0 368
 3 369
 4 370
 1 371
 1 372
 0 373
 0 374
 2 375
 0 376
 0 377
 1 378
 0 379
 0 380
 0 381
 0 382
 1 383
 1 384
 1 385
 0 386
 0 387
 0 388
 1 389
 0 390
 1 391
 0 392
 1 393
 0 394
 1 395
 0 396
 0 397
 0 398
 0 399
 0 400
 0 401
 0 402
 0 403
 0 404
 0 405
 0 406
 0 407
 0 408
 0 409
 0 410
 0 411
 0 412
 0 413
 0 414
 0 415
 0 416
 0 417
 0 418
 0 419
 0 420
 0 421
 1 422
 0 423
 0 424
 0 425
 0 426
 0 427
 0 428
 0 429
 0 430
 0 431
 0 432
 0 433
 0 434
 0 435
 0 436
 0 437
 0 438
 0 439
 0 440
 0 441
 0 442
 0 443
 0 444
 0 445
 0 446
 0 447
 0 448
 0 449
 0 450
 0 451
 0 452
 0 453
 0 454
 0 455
 0 456
 0 457
 0 458
 0 459
 0 460
 0 461
 0 462
 0 463
 0 464
 0 465
 0 466
 0 467
 0 468
 0 469
 0 470
 0 471
 0 472
 0 473
 0 474
 0 475
 0 476
 0 477
 0 478
 0 479
 0 480
 0 481
 0 482
 0 483
 0 484
 0 485
 0 486
 0 487
 0 488
 0 489
 0 490
 0 491
 0 492
 0 493
 0 494
 0 495
 0 496
 0 497
 0 498
 0 499
 0 500
 0 501
 0 502
 0 503
 0 504
 0 505
 0 506
 0 507
 0 508
 0 509
 0 510
 0 511
 0 512
 0 513
 0 514
 0 515
 0 516
 0 517
 0 518
 0 519
 0 520
 0 521
 0 522
 0 523
 0 524
 0 525
 0 526
 0 527
 0 528
 0 529
 0 530
 0 531
 0 532
 0 533
 0 534
 0 535
 0 536
 0 537
 0 538
 0 539
 0 540
 0 541
 0 542
 0 543
 0 544
 0 545
 0 546
 0 547
 0 548
 0 549
 0 550
 0 551
 0 552
 0 553
 0 554
 0 555
 0 556
 0 557
 0 558
 0 559
 0 560
 0 561
 0 562
 0 563
 0 564
 0 565
 0 566
 0 567
 0 568
 0 569
 0 570
 0 571
 0 572
 0 573
 0 574
 0 575
 0 576
 0 577
 0 578
 0 579
 0 580
 0 581
 0 582
 0 583
 0 584
 0 585
 0 586
 0 587
 0 588
 0 589
 0 590
 0 591
 0 592
 0 593
 0 594
 0 595
 0 596
 0 597
 0 598
 0 599
 0 600


