# Created by Octave 3.8.2, Mon Jun 22 18:00:49 2020 CEST <damian@fptrucha.inv.usc.es>
# name: hd
# type: matrix
# rows: 551
# columns: 2
 0 50
 0 51
 0 52
 0 53
 0 54
 0 55
 0 56
 0 57
 0 58
 0 59
 0 60
 0 61
 0 62
 0 63
 0 64
 0 65
 0 66
 0 67
 0 68
 0 69
 0 70
 0 71
 0 72
 0 73
 0 74
 0 75
 0 76
 0 77
 0 78
 0 79
 0 80
 0 81
 0 82
 0 83
 0 84
 0 85
 0 86
 0 87
 0 88
 2 89
 4 90
 22 91
 91 92
 124 93
 171 94
 289 95
 399 96
 653 97
 888 98
 1061 99
 1246 100
 1356 101
 1464 102
 1456 103
 1620 104
 1490 105
 1513 106
 1535 107
 1441 108
 1407 109
 1369 110
 1272 111
 1198 112
 1126 113
 994 114
 921 115
 891 116
 815 117
 717 118
 690 119
 598 120
 556 121
 525 122
 449 123
 428 124
 380 125
 345 126
 335 127
 286 128
 283 129
 240 130
 229 131
 185 132
 198 133
 167 134
 179 135
 204 136
 147 137
 117 138
 133 139
 126 140
 118 141
 116 142
 100 143
 77 144
 103 145
 74 146
 76 147
 66 148
 72 149
 74 150
 63 151
 55 152
 56 153
 57 154
 38 155
 59 156
 49 157
 45 158
 54 159
 34 160
 36 161
 24 162
 15 163
 22 164
 21 165
 21 166
 29 167
 25 168
 14 169
 17 170
 20 171
 18 172
 22 173
 14 174
 13 175
 16 176
 10 177
 10 178
 2 179
 8 180
 12 181
 4 182
 7 183
 4 184
 9 185
 10 186
 9 187
 4 188
 8 189
 5 190
 7 191
 5 192
 5 193
 3 194
 3 195
 3 196
 3 197
 4 198
 2 199
 2 200
 1 201
 6 202
 0 203
 1 204
 5 205
 1 206
 0 207
 0 208
 1 209
 2 210
 0 211
 1 212
 0 213
 1 214
 1 215
 0 216
 1 217
 0 218
 0 219
 0 220
 0 221
 1 222
 0 223
 0 224
 0 225
 0 226
 0 227
 1 228
 0 229
 0 230
 0 231
 0 232
 0 233
 0 234
 0 235
 0 236
 0 237
 0 238
 0 239
 0 240
 0 241
 0 242
 0 243
 0 244
 0 245
 0 246
 0 247
 0 248
 0 249
 0 250
 0 251
 0 252
 0 253
 0 254
 0 255
 0 256
 0 257
 0 258
 0 259
 0 260
 0 261
 0 262
 0 263
 1 264
 0 265
 0 266
 0 267
 0 268
 0 269
 0 270
 0 271
 0 272
 1 273
 0 274
 0 275
 0 276
 1 277
 0 278
 0 279
 0 280
 1 281
 0 282
 0 283
 1 284
 0 285
 0 286
 1 287
 0 288
 2 289
 1 290
 1 291
 2 292
 1 293
 2 294
 1 295
 2 296
 1 297
 0 298
 1 299
 0 300
 1 301
 1 302
 4 303
 3 304
 4 305
 4 306
 3 307
 0 308
 4 309
 6 310
 2 311
 3 312
 1 313
 5 314
 3 315
 0 316
 2 317
 2 318
 5 319
 2 320
 0 321
 1 322
 1 323
 2 324
 2 325
 0 326
 1 327
 0 328
 5 329
 4 330
 2 331
 5 332
 6 333
 5 334
 1 335
 3 336
 2 337
 4 338
 4 339
 2 340
 3 341
 3 342
 0 343
 1 344
 3 345
 6 346
 2 347
 3 348
 3 349
 4 350
 2 351
 1 352
 1 353
 4 354
 3 355
 1 356
 5 357
 0 358
 2 359
 3 360
 0 361
 2 362
 0 363
 2 364
 2 365
 1 366
 1 367
 1 368
 1 369
 1 370
 1 371
 2 372
 3 373
 0 374
 2 375
 0 376
 1 377
 1 378
 0 379
 1 380
 0 381
 0 382
 0 383
 1 384
 5 385
 0 386
 1 387
 1 388
 2 389
 0 390
 0 391
 0 392
 0 393
 1 394
 1 395
 0 396
 0 397
 1 398
 0 399
 0 400
 0 401
 0 402
 0 403
 1 404
 1 405
 0 406
 0 407
 0 408
 0 409
 0 410
 0 411
 0 412
 0 413
 0 414
 0 415
 0 416
 0 417
 1 418
 0 419
 1 420
 0 421
 0 422
 0 423
 0 424
 0 425
 0 426
 0 427
 0 428
 0 429
 0 430
 0 431
 0 432
 0 433
 0 434
 0 435
 0 436
 0 437
 0 438
 0 439
 0 440
 0 441
 0 442
 0 443
 0 444
 0 445
 0 446
 0 447
 0 448
 0 449
 0 450
 0 451
 0 452
 0 453
 0 454
 0 455
 0 456
 0 457
 0 458
 0 459
 0 460
 0 461
 0 462
 0 463
 0 464
 0 465
 0 466
 0 467
 0 468
 0 469
 0 470
 0 471
 1 472
 0 473
 0 474
 0 475
 0 476
 0 477
 0 478
 0 479
 0 480
 0 481
 0 482
 0 483
 0 484
 0 485
 0 486
 0 487
 0 488
 0 489
 0 490
 0 491
 0 492
 0 493
 0 494
 0 495
 0 496
 0 497
 0 498
 0 499
 0 500
 0 501
 0 502
 0 503
 0 504
 0 505
 0 506
 0 507
 0 508
 0 509
 0 510
 0 511
 0 512
 0 513
 0 514
 0 515
 0 516
 0 517
 0 518
 0 519
 0 520
 0 521
 0 522
 0 523
 0 524
 0 525
 0 526
 0 527
 0 528
 0 529
 0 530
 0 531
 0 532
 0 533
 0 534
 0 535
 0 536
 0 537
 0 538
 0 539
 0 540
 0 541
 0 542
 0 543
 0 544
 0 545
 0 546
 0 547
 0 548
 0 549
 0 550
 0 551
 0 552
 0 553
 0 554
 0 555
 0 556
 0 557
 0 558
 0 559
 0 560
 0 561
 0 562
 0 563
 0 564
 0 565
 0 566
 0 567
 0 568
 0 569
 0 570
 0 571
 0 572
 0 573
 0 574
 0 575
 0 576
 0 577
 0 578
 0 579
 0 580
 0 581
 0 582
 0 583
 0 584
 0 585
 0 586
 0 587
 0 588
 0 589
 0 590
 0 591
 0 592
 0 593
 0 594
 0 595
 0 596
 0 597
 0 598
 0 599
 0 600


