# Created by Octave 3.8.2, Mon Jun 22 19:59:39 2020 CEST <damian@fptrucha.inv.usc.es>
# name: hd
# type: matrix
# rows: 551
# columns: 2
 0 50
 0 51
 0 52
 0 53
 0 54
 0 55
 0 56
 0 57
 0 58
 0 59
 0 60
 0 61
 0 62
 0 63
 0 64
 0 65
 0 66
 0 67
 0 68
 0 69
 0 70
 0 71
 0 72
 0 73
 0 74
 0 75
 0 76
 0 77
 0 78
 0 79
 0 80
 0 81
 0 82
 0 83
 0 84
 0 85
 0 86
 0 87
 0 88
 2 89
 2 90
 24 91
 94 92
 105 93
 180 94
 276 95
 443 96
 656 97
 849 98
 1123 99
 1274 100
 1392 101
 1520 102
 1577 103
 1638 104
 1602 105
 1578 106
 1545 107
 1496 108
 1401 109
 1373 110
 1275 111
 1190 112
 1112 113
 1005 114
 981 115
 827 116
 779 117
 776 118
 650 119
 653 120
 557 121
 535 122
 451 123
 451 124
 369 125
 351 126
 310 127
 278 128
 272 129
 270 130
 243 131
 195 132
 204 133
 182 134
 166 135
 148 136
 144 137
 147 138
 119 139
 116 140
 115 141
 100 142
 103 143
 108 144
 72 145
 80 146
 74 147
 84 148
 57 149
 67 150
 63 151
 62 152
 60 153
 52 154
 57 155
 39 156
 37 157
 37 158
 41 159
 39 160
 33 161
 32 162
 37 163
 25 164
 28 165
 23 166
 21 167
 21 168
 14 169
 15 170
 21 171
 21 172
 13 173
 7 174
 8 175
 17 176
 5 177
 14 178
 11 179
 9 180
 10 181
 7 182
 11 183
 10 184
 8 185
 5 186
 10 187
 6 188
 1 189
 9 190
 4 191
 6 192
 4 193
 6 194
 2 195
 2 196
 4 197
 1 198
 0 199
 1 200
 2 201
 2 202
 2 203
 2 204
 0 205
 0 206
 0 207
 4 208
 3 209
 1 210
 1 211
 1 212
 0 213
 3 214
 1 215
 1 216
 0 217
 0 218
 0 219
 0 220
 0 221
 1 222
 0 223
 0 224
 0 225
 0 226
 1 227
 0 228
 0 229
 0 230
 0 231
 0 232
 0 233
 0 234
 0 235
 0 236
 0 237
 0 238
 0 239
 0 240
 0 241
 0 242
 0 243
 0 244
 0 245
 1 246
 0 247
 0 248
 0 249
 0 250
 0 251
 0 252
 0 253
 0 254
 0 255
 0 256
 0 257
 0 258
 0 259
 0 260
 0 261
 0 262
 0 263
 0 264
 0 265
 0 266
 0 267
 0 268
 0 269
 0 270
 0 271
 0 272
 0 273
 0 274
 0 275
 0 276
 0 277
 1 278
 0 279
 0 280
 0 281
 0 282
 0 283
 0 284
 2 285
 0 286
 0 287
 0 288
 1 289
 0 290
 1 291
 0 292
 1 293
 2 294
 0 295
 4 296
 2 297
 2 298
 2 299
 0 300
 3 301
 1 302
 1 303
 1 304
 2 305
 2 306
 0 307
 1 308
 3 309
 5 310
 4 311
 2 312
 1 313
 2 314
 0 315
 1 316
 3 317
 5 318
 7 319
 2 320
 2 321
 2 322
 2 323
 1 324
 2 325
 0 326
 0 327
 4 328
 3 329
 3 330
 3 331
 4 332
 1 333
 2 334
 1 335
 0 336
 3 337
 2 338
 2 339
 1 340
 1 341
 3 342
 5 343
 1 344
 5 345
 1 346
 4 347
 4 348
 2 349
 4 350
 2 351
 0 352
 0 353
 2 354
 3 355
 0 356
 1 357
 2 358
 1 359
 1 360
 1 361
 0 362
 1 363
 0 364
 2 365
 1 366
 3 367
 1 368
 1 369
 2 370
 0 371
 1 372
 0 373
 1 374
 0 375
 2 376
 1 377
 0 378
 0 379
 0 380
 0 381
 1 382
 1 383
 0 384
 0 385
 1 386
 1 387
 0 388
 0 389
 0 390
 3 391
 1 392
 1 393
 0 394
 0 395
 0 396
 0 397
 0 398
 1 399
 0 400
 1 401
 0 402
 0 403
 0 404
 1 405
 0 406
 0 407
 0 408
 0 409
 0 410
 0 411
 0 412
 0 413
 0 414
 0 415
 0 416
 0 417
 0 418
 0 419
 0 420
 0 421
 0 422
 0 423
 0 424
 0 425
 1 426
 0 427
 0 428
 0 429
 0 430
 0 431
 0 432
 0 433
 0 434
 0 435
 0 436
 0 437
 0 438
 0 439
 0 440
 0 441
 0 442
 0 443
 0 444
 0 445
 0 446
 0 447
 0 448
 0 449
 0 450
 0 451
 0 452
 0 453
 0 454
 0 455
 0 456
 0 457
 0 458
 0 459
 0 460
 0 461
 0 462
 0 463
 0 464
 0 465
 0 466
 0 467
 0 468
 0 469
 0 470
 0 471
 0 472
 0 473
 0 474
 0 475
 0 476
 0 477
 0 478
 0 479
 0 480
 0 481
 0 482
 0 483
 0 484
 0 485
 0 486
 0 487
 0 488
 0 489
 0 490
 0 491
 0 492
 0 493
 0 494
 0 495
 0 496
 0 497
 0 498
 0 499
 0 500
 0 501
 0 502
 0 503
 0 504
 0 505
 0 506
 0 507
 0 508
 0 509
 0 510
 0 511
 0 512
 0 513
 0 514
 0 515
 0 516
 0 517
 0 518
 0 519
 0 520
 0 521
 0 522
 0 523
 0 524
 0 525
 0 526
 0 527
 0 528
 0 529
 0 530
 0 531
 0 532
 0 533
 0 534
 0 535
 0 536
 0 537
 0 538
 0 539
 0 540
 0 541
 0 542
 0 543
 0 544
 0 545
 0 546
 0 547
 0 548
 0 549
 0 550
 0 551
 0 552
 0 553
 0 554
 0 555
 0 556
 0 557
 0 558
 0 559
 0 560
 0 561
 0 562
 0 563
 0 564
 0 565
 0 566
 0 567
 0 568
 0 569
 0 570
 0 571
 0 572
 0 573
 0 574
 0 575
 0 576
 0 577
 0 578
 0 579
 0 580
 0 581
 0 582
 0 583
 0 584
 0 585
 0 586
 0 587
 0 588
 0 589
 0 590
 0 591
 0 592
 0 593
 0 594
 0 595
 0 596
 0 597
 0 598
 0 599
 0 600


