# Created by Octave 3.8.2, Mon Jun 22 04:40:43 2020 CEST <damian@fptrucha.inv.usc.es>
# name: hd
# type: matrix
# rows: 551
# columns: 2
 0 50
 0 51
 0 52
 0 53
 0 54
 0 55
 0 56
 0 57
 0 58
 0 59
 0 60
 0 61
 0 62
 0 63
 0 64
 0 65
 0 66
 0 67
 0 68
 0 69
 0 70
 0 71
 0 72
 0 73
 0 74
 0 75
 0 76
 0 77
 0 78
 0 79
 0 80
 0 81
 0 82
 0 83
 0 84
 0 85
 0 86
 0 87
 1 88
 4 89
 2 90
 15 91
 68 92
 105 93
 164 94
 193 95
 351 96
 490 97
 738 98
 871 99
 999 100
 1178 101
 1259 102
 1307 103
 1365 104
 1296 105
 1310 106
 1341 107
 1291 108
 1210 109
 1169 110
 1127 111
 1012 112
 903 113
 883 114
 848 115
 752 116
 704 117
 649 118
 616 119
 523 120
 481 121
 411 122
 423 123
 375 124
 360 125
 350 126
 295 127
 271 128
 223 129
 232 130
 208 131
 204 132
 178 133
 143 134
 164 135
 140 136
 141 137
 142 138
 120 139
 91 140
 94 141
 108 142
 88 143
 84 144
 98 145
 66 146
 64 147
 75 148
 56 149
 63 150
 47 151
 52 152
 63 153
 51 154
 58 155
 32 156
 39 157
 36 158
 50 159
 39 160
 31 161
 36 162
 30 163
 27 164
 23 165
 27 166
 23 167
 21 168
 23 169
 13 170
 22 171
 19 172
 13 173
 21 174
 12 175
 11 176
 12 177
 11 178
 14 179
 5 180
 10 181
 7 182
 10 183
 9 184
 11 185
 12 186
 15 187
 7 188
 3 189
 5 190
 5 191
 3 192
 2 193
 4 194
 6 195
 3 196
 1 197
 5 198
 2 199
 4 200
 2 201
 2 202
 1 203
 1 204
 2 205
 0 206
 2 207
 2 208
 1 209
 0 210
 0 211
 1 212
 0 213
 0 214
 2 215
 0 216
 0 217
 0 218
 0 219
 1 220
 0 221
 1 222
 1 223
 1 224
 0 225
 0 226
 0 227
 1 228
 0 229
 0 230
 0 231
 0 232
 0 233
 0 234
 0 235
 0 236
 0 237
 0 238
 0 239
 1 240
 0 241
 0 242
 0 243
 0 244
 0 245
 0 246
 0 247
 0 248
 0 249
 0 250
 1 251
 0 252
 0 253
 0 254
 0 255
 0 256
 0 257
 0 258
 0 259
 0 260
 0 261
 0 262
 0 263
 0 264
 0 265
 1 266
 0 267
 0 268
 0 269
 0 270
 0 271
 0 272
 0 273
 0 274
 0 275
 0 276
 0 277
 0 278
 0 279
 1 280
 0 281
 0 282
 0 283
 1 284
 0 285
 2 286
 3 287
 2 288
 1 289
 1 290
 1 291
 0 292
 0 293
 0 294
 0 295
 0 296
 0 297
 1 298
 4 299
 3 300
 2 301
 0 302
 1 303
 2 304
 3 305
 2 306
 6 307
 3 308
 1 309
 1 310
 3 311
 3 312
 2 313
 6 314
 4 315
 1 316
 2 317
 2 318
 5 319
 5 320
 2 321
 2 322
 6 323
 1 324
 2 325
 3 326
 2 327
 2 328
 5 329
 1 330
 3 331
 1 332
 4 333
 3 334
 2 335
 2 336
 2 337
 2 338
 2 339
 1 340
 2 341
 1 342
 2 343
 3 344
 1 345
 3 346
 1 347
 2 348
 5 349
 4 350
 3 351
 1 352
 1 353
 1 354
 0 355
 3 356
 6 357
 2 358
 4 359
 1 360
 3 361
 0 362
 1 363
 0 364
 2 365
 2 366
 2 367
 1 368
 3 369
 0 370
 1 371
 2 372
 1 373
 0 374
 2 375
 0 376
 0 377
 0 378
 1 379
 0 380
 0 381
 0 382
 0 383
 0 384
 0 385
 0 386
 1 387
 1 388
 1 389
 0 390
 0 391
 0 392
 1 393
 1 394
 1 395
 0 396
 0 397
 0 398
 0 399
 0 400
 0 401
 0 402
 0 403
 0 404
 0 405
 2 406
 0 407
 0 408
 0 409
 0 410
 0 411
 0 412
 0 413
 0 414
 0 415
 0 416
 0 417
 0 418
 0 419
 0 420
 0 421
 0 422
 0 423
 0 424
 0 425
 0 426
 0 427
 0 428
 0 429
 0 430
 1 431
 0 432
 0 433
 0 434
 0 435
 0 436
 0 437
 0 438
 0 439
 0 440
 0 441
 0 442
 0 443
 0 444
 0 445
 0 446
 0 447
 0 448
 0 449
 0 450
 0 451
 0 452
 0 453
 0 454
 0 455
 0 456
 0 457
 0 458
 0 459
 0 460
 0 461
 0 462
 0 463
 0 464
 0 465
 0 466
 0 467
 0 468
 0 469
 0 470
 0 471
 0 472
 0 473
 0 474
 0 475
 0 476
 0 477
 0 478
 0 479
 0 480
 0 481
 0 482
 0 483
 0 484
 0 485
 0 486
 0 487
 0 488
 0 489
 0 490
 0 491
 0 492
 0 493
 0 494
 0 495
 0 496
 0 497
 0 498
 0 499
 0 500
 0 501
 0 502
 0 503
 0 504
 0 505
 0 506
 0 507
 0 508
 0 509
 0 510
 0 511
 0 512
 0 513
 0 514
 0 515
 0 516
 0 517
 0 518
 0 519
 0 520
 0 521
 0 522
 0 523
 0 524
 0 525
 0 526
 0 527
 0 528
 0 529
 0 530
 0 531
 0 532
 0 533
 0 534
 0 535
 0 536
 0 537
 0 538
 0 539
 0 540
 0 541
 0 542
 0 543
 0 544
 0 545
 0 546
 0 547
 0 548
 0 549
 0 550
 0 551
 0 552
 0 553
 0 554
 0 555
 0 556
 0 557
 0 558
 0 559
 0 560
 0 561
 0 562
 0 563
 0 564
 0 565
 0 566
 0 567
 0 568
 0 569
 0 570
 0 571
 0 572
 0 573
 0 574
 0 575
 0 576
 0 577
 0 578
 0 579
 0 580
 0 581
 0 582
 0 583
 0 584
 0 585
 0 586
 0 587
 0 588
 0 589
 0 590
 0 591
 0 592
 0 593
 0 594
 0 595
 0 596
 0 597
 0 598
 0 599
 0 600


