# Created by Octave 3.8.2, Mon Jun 22 06:31:37 2020 CEST <damian@fptrucha.inv.usc.es>
# name: hd
# type: matrix
# rows: 551
# columns: 2
 0 50
 0 51
 0 52
 0 53
 0 54
 0 55
 0 56
 0 57
 0 58
 0 59
 0 60
 0 61
 0 62
 0 63
 0 64
 0 65
 0 66
 0 67
 0 68
 0 69
 0 70
 0 71
 0 72
 0 73
 0 74
 0 75
 0 76
 0 77
 0 78
 0 79
 0 80
 0 81
 0 82
 0 83
 0 84
 0 85
 0 86
 0 87
 0 88
 4 89
 1 90
 13 91
 69 92
 130 93
 181 94
 216 95
 429 96
 539 97
 781 98
 977 99
 1186 100
 1332 101
 1422 102
 1459 103
 1396 104
 1490 105
 1457 106
 1448 107
 1395 108
 1276 109
 1250 110
 1162 111
 1106 112
 1054 113
 926 114
 901 115
 747 116
 679 117
 621 118
 576 119
 552 120
 530 121
 422 122
 409 123
 362 124
 326 125
 353 126
 291 127
 242 128
 245 129
 225 130
 203 131
 173 132
 161 133
 158 134
 158 135
 129 136
 131 137
 131 138
 104 139
 111 140
 98 141
 83 142
 86 143
 85 144
 74 145
 63 146
 53 147
 87 148
 58 149
 50 150
 56 151
 59 152
 53 153
 53 154
 48 155
 42 156
 29 157
 32 158
 30 159
 33 160
 29 161
 30 162
 30 163
 36 164
 28 165
 21 166
 27 167
 19 168
 19 169
 17 170
 13 171
 14 172
 12 173
 12 174
 18 175
 13 176
 15 177
 15 178
 11 179
 5 180
 8 181
 7 182
 7 183
 11 184
 12 185
 6 186
 2 187
 5 188
 5 189
 4 190
 2 191
 4 192
 2 193
 6 194
 5 195
 2 196
 4 197
 2 198
 3 199
 3 200
 4 201
 3 202
 2 203
 2 204
 1 205
 1 206
 0 207
 1 208
 0 209
 1 210
 0 211
 1 212
 2 213
 0 214
 1 215
 0 216
 1 217
 0 218
 0 219
 2 220
 1 221
 0 222
 1 223
 0 224
 3 225
 0 226
 0 227
 1 228
 0 229
 0 230
 0 231
 0 232
 0 233
 0 234
 2 235
 0 236
 0 237
 0 238
 0 239
 0 240
 0 241
 0 242
 0 243
 1 244
 0 245
 0 246
 0 247
 0 248
 0 249
 0 250
 0 251
 0 252
 0 253
 0 254
 0 255
 0 256
 0 257
 0 258
 0 259
 0 260
 0 261
 0 262
 0 263
 0 264
 0 265
 0 266
 0 267
 0 268
 0 269
 0 270
 0 271
 0 272
 1 273
 0 274
 0 275
 0 276
 0 277
 0 278
 0 279
 1 280
 1 281
 0 282
 0 283
 0 284
 0 285
 1 286
 1 287
 1 288
 0 289
 2 290
 0 291
 2 292
 2 293
 1 294
 1 295
 1 296
 1 297
 3 298
 1 299
 2 300
 0 301
 1 302
 1 303
 1 304
 2 305
 3 306
 0 307
 0 308
 1 309
 1 310
 1 311
 5 312
 1 313
 2 314
 2 315
 4 316
 1 317
 4 318
 3 319
 6 320
 2 321
 5 322
 2 323
 3 324
 1 325
 0 326
 1 327
 2 328
 2 329
 7 330
 3 331
 4 332
 3 333
 1 334
 4 335
 1 336
 3 337
 0 338
 6 339
 1 340
 2 341
 1 342
 1 343
 1 344
 3 345
 1 346
 2 347
 5 348
 2 349
 0 350
 1 351
 2 352
 3 353
 2 354
 2 355
 3 356
 0 357
 3 358
 2 359
 1 360
 1 361
 1 362
 1 363
 2 364
 2 365
 1 366
 2 367
 1 368
 1 369
 1 370
 2 371
 0 372
 0 373
 0 374
 0 375
 1 376
 2 377
 0 378
 0 379
 0 380
 0 381
 0 382
 0 383
 0 384
 0 385
 1 386
 0 387
 0 388
 1 389
 0 390
 1 391
 0 392
 0 393
 0 394
 0 395
 0 396
 0 397
 0 398
 1 399
 0 400
 1 401
 0 402
 0 403
 0 404
 1 405
 1 406
 0 407
 0 408
 1 409
 0 410
 0 411
 0 412
 0 413
 0 414
 0 415
 0 416
 0 417
 0 418
 0 419
 0 420
 0 421
 0 422
 0 423
 0 424
 0 425
 0 426
 0 427
 0 428
 0 429
 0 430
 0 431
 0 432
 0 433
 0 434
 0 435
 0 436
 0 437
 0 438
 0 439
 0 440
 0 441
 0 442
 0 443
 0 444
 0 445
 0 446
 0 447
 0 448
 0 449
 0 450
 0 451
 0 452
 0 453
 0 454
 0 455
 0 456
 0 457
 0 458
 0 459
 0 460
 0 461
 0 462
 0 463
 0 464
 0 465
 0 466
 0 467
 0 468
 0 469
 0 470
 0 471
 0 472
 0 473
 0 474
 0 475
 0 476
 0 477
 0 478
 0 479
 0 480
 0 481
 0 482
 0 483
 0 484
 0 485
 0 486
 0 487
 0 488
 0 489
 0 490
 0 491
 0 492
 0 493
 0 494
 0 495
 0 496
 0 497
 0 498
 0 499
 0 500
 0 501
 0 502
 0 503
 0 504
 0 505
 0 506
 0 507
 0 508
 0 509
 0 510
 0 511
 0 512
 0 513
 0 514
 0 515
 0 516
 0 517
 0 518
 0 519
 0 520
 0 521
 0 522
 0 523
 0 524
 0 525
 0 526
 0 527
 0 528
 0 529
 0 530
 0 531
 0 532
 0 533
 0 534
 0 535
 0 536
 0 537
 0 538
 0 539
 0 540
 0 541
 0 542
 0 543
 0 544
 0 545
 0 546
 0 547
 0 548
 0 549
 0 550
 0 551
 0 552
 0 553
 0 554
 0 555
 0 556
 0 557
 0 558
 0 559
 0 560
 0 561
 0 562
 0 563
 0 564
 0 565
 0 566
 0 567
 0 568
 0 569
 0 570
 0 571
 0 572
 0 573
 0 574
 0 575
 0 576
 0 577
 0 578
 0 579
 0 580
 0 581
 0 582
 0 583
 0 584
 0 585
 0 586
 0 587
 0 588
 0 589
 0 590
 0 591
 0 592
 0 593
 0 594
 0 595
 0 596
 0 597
 0 598
 0 599
 0 600


