# Created by Octave 3.8.2, Sun Jun 21 07:20:53 2020 CEST <damian@fptrucha.inv.usc.es>
# name: hd
# type: matrix
# rows: 551
# columns: 2
 0 50
 0 51
 0 52
 0 53
 0 54
 0 55
 0 56
 0 57
 0 58
 0 59
 0 60
 0 61
 0 62
 0 63
 0 64
 0 65
 0 66
 0 67
 0 68
 0 69
 0 70
 0 71
 0 72
 0 73
 0 74
 0 75
 0 76
 0 77
 0 78
 0 79
 0 80
 0 81
 0 82
 0 83
 0 84
 0 85
 0 86
 0 87
 3 88
 3 89
 7 90
 36 91
 71 92
 96 93
 165 94
 278 95
 356 96
 559 97
 677 98
 716 99
 953 100
 1003 101
 1099 102
 1070 103
 1099 104
 1235 105
 1219 106
 1285 107
 1266 108
 1059 109
 1242 110
 1193 111
 1128 112
 1045 113
 969 114
 921 115
 936 116
 879 117
 803 118
 735 119
 712 120
 645 121
 619 122
 620 123
 548 124
 471 125
 447 126
 456 127
 391 128
 384 129
 358 130
 297 131
 287 132
 274 133
 229 134
 214 135
 185 136
 183 137
 179 138
 171 139
 133 140
 111 141
 125 142
 132 143
 110 144
 107 145
 88 146
 93 147
 81 148
 75 149
 76 150
 66 151
 69 152
 65 153
 55 154
 63 155
 52 156
 50 157
 62 158
 55 159
 34 160
 39 161
 32 162
 21 163
 24 164
 32 165
 26 166
 17 167
 23 168
 19 169
 22 170
 12 171
 18 172
 12 173
 11 174
 19 175
 6 176
 11 177
 5 178
 11 179
 12 180
 2 181
 9 182
 5 183
 8 184
 4 185
 6 186
 7 187
 5 188
 2 189
 7 190
 6 191
 7 192
 5 193
 0 194
 2 195
 3 196
 1 197
 2 198
 0 199
 1 200
 2 201
 1 202
 3 203
 2 204
 0 205
 1 206
 0 207
 1 208
 0 209
 1 210
 1 211
 0 212
 1 213
 1 214
 0 215
 3 216
 0 217
 0 218
 2 219
 0 220
 0 221
 1 222
 1 223
 0 224
 1 225
 1 226
 0 227
 0 228
 1 229
 1 230
 0 231
 0 232
 1 233
 0 234
 0 235
 1 236
 0 237
 0 238
 0 239
 0 240
 0 241
 0 242
 0 243
 0 244
 0 245
 0 246
 0 247
 0 248
 0 249
 0 250
 0 251
 0 252
 0 253
 0 254
 0 255
 0 256
 0 257
 0 258
 0 259
 0 260
 0 261
 0 262
 0 263
 0 264
 0 265
 0 266
 0 267
 0 268
 0 269
 0 270
 0 271
 0 272
 0 273
 0 274
 0 275
 1 276
 0 277
 0 278
 0 279
 0 280
 0 281
 1 282
 2 283
 0 284
 0 285
 0 286
 1 287
 1 288
 0 289
 0 290
 0 291
 2 292
 0 293
 2 294
 1 295
 1 296
 0 297
 0 298
 2 299
 2 300
 0 301
 1 302
 1 303
 1 304
 3 305
 0 306
 2 307
 1 308
 1 309
 3 310
 4 311
 1 312
 1 313
 2 314
 0 315
 2 316
 4 317
 1 318
 4 319
 2 320
 3 321
 0 322
 1 323
 3 324
 0 325
 1 326
 1 327
 0 328
 3 329
 4 330
 2 331
 0 332
 2 333
 4 334
 1 335
 4 336
 2 337
 6 338
 4 339
 3 340
 3 341
 1 342
 2 343
 3 344
 2 345
 1 346
 0 347
 2 348
 1 349
 2 350
 4 351
 4 352
 0 353
 6 354
 2 355
 5 356
 1 357
 2 358
 1 359
 0 360
 2 361
 0 362
 0 363
 3 364
 1 365
 1 366
 0 367
 1 368
 1 369
 4 370
 2 371
 1 372
 1 373
 1 374
 3 375
 1 376
 2 377
 0 378
 0 379
 1 380
 1 381
 1 382
 0 383
 1 384
 1 385
 1 386
 0 387
 1 388
 2 389
 1 390
 1 391
 0 392
 0 393
 0 394
 0 395
 1 396
 0 397
 1 398
 1 399
 0 400
 0 401
 0 402
 0 403
 0 404
 0 405
 0 406
 0 407
 0 408
 0 409
 0 410
 0 411
 0 412
 0 413
 1 414
 0 415
 0 416
 0 417
 0 418
 0 419
 0 420
 0 421
 0 422
 0 423
 0 424
 0 425
 0 426
 0 427
 0 428
 0 429
 0 430
 0 431
 0 432
 0 433
 0 434
 0 435
 0 436
 0 437
 0 438
 0 439
 0 440
 0 441
 0 442
 0 443
 0 444
 0 445
 0 446
 0 447
 0 448
 0 449
 0 450
 0 451
 0 452
 0 453
 0 454
 0 455
 0 456
 0 457
 0 458
 0 459
 0 460
 0 461
 0 462
 0 463
 0 464
 0 465
 0 466
 0 467
 0 468
 0 469
 0 470
 0 471
 0 472
 0 473
 0 474
 0 475
 0 476
 0 477
 0 478
 0 479
 0 480
 0 481
 0 482
 0 483
 0 484
 0 485
 0 486
 0 487
 0 488
 0 489
 0 490
 0 491
 0 492
 0 493
 0 494
 0 495
 0 496
 0 497
 0 498
 0 499
 0 500
 0 501
 0 502
 0 503
 0 504
 0 505
 0 506
 0 507
 0 508
 0 509
 0 510
 0 511
 0 512
 0 513
 0 514
 0 515
 0 516
 0 517
 0 518
 0 519
 0 520
 0 521
 0 522
 0 523
 0 524
 0 525
 0 526
 0 527
 0 528
 0 529
 0 530
 0 531
 0 532
 0 533
 0 534
 0 535
 0 536
 0 537
 0 538
 0 539
 0 540
 0 541
 0 542
 0 543
 0 544
 0 545
 0 546
 0 547
 0 548
 0 549
 0 550
 0 551
 0 552
 0 553
 0 554
 0 555
 0 556
 0 557
 0 558
 0 559
 0 560
 0 561
 0 562
 0 563
 0 564
 0 565
 0 566
 0 567
 0 568
 0 569
 0 570
 0 571
 0 572
 0 573
 0 574
 0 575
 0 576
 0 577
 0 578
 0 579
 0 580
 0 581
 0 582
 0 583
 0 584
 0 585
 0 586
 0 587
 0 588
 0 589
 0 590
 0 591
 0 592
 0 593
 0 594
 0 595
 0 596
 0 597
 0 598
 0 599
 0 600


