# Created by Octave 3.8.2, Sat Jun 20 11:29:22 2020 CEST <damian@fptrucha.inv.usc.es>
# name: hd
# type: matrix
# rows: 551
# columns: 2
 0 50
 0 51
 0 52
 0 53
 0 54
 0 55
 0 56
 0 57
 0 58
 0 59
 0 60
 0 61
 0 62
 0 63
 0 64
 0 65
 0 66
 0 67
 0 68
 0 69
 0 70
 0 71
 0 72
 0 73
 0 74
 0 75
 0 76
 0 77
 0 78
 0 79
 0 80
 0 81
 0 82
 0 83
 0 84
 0 85
 0 86
 1 87
 1 88
 0 89
 3 90
 22 91
 102 92
 126 93
 161 94
 292 95
 453 96
 637 97
 806 98
 945 99
 1154 100
 1313 101
 1341 102
 1328 103
 1436 104
 1542 105
 1499 106
 1479 107
 1441 108
 1395 109
 1437 110
 1312 111
 1287 112
 1244 113
 1112 114
 1141 115
 1055 116
 945 117
 860 118
 854 119
 741 120
 689 121
 634 122
 583 123
 547 124
 479 125
 450 126
 454 127
 376 128
 343 129
 322 130
 318 131
 243 132
 246 133
 241 134
 214 135
 229 136
 168 137
 169 138
 159 139
 139 140
 109 141
 107 142
 117 143
 105 144
 87 145
 98 146
 90 147
 64 148
 72 149
 78 150
 66 151
 64 152
 57 153
 51 154
 43 155
 46 156
 41 157
 60 158
 33 159
 32 160
 45 161
 29 162
 35 163
 32 164
 21 165
 26 166
 27 167
 15 168
 28 169
 25 170
 30 171
 18 172
 11 173
 7 174
 15 175
 12 176
 15 177
 11 178
 16 179
 12 180
 7 181
 8 182
 7 183
 6 184
 11 185
 4 186
 3 187
 8 188
 7 189
 5 190
 1 191
 2 192
 0 193
 2 194
 3 195
 3 196
 3 197
 1 198
 4 199
 0 200
 1 201
 1 202
 2 203
 4 204
 2 205
 1 206
 1 207
 1 208
 1 209
 0 210
 1 211
 1 212
 1 213
 0 214
 2 215
 0 216
 1 217
 0 218
 0 219
 0 220
 0 221
 0 222
 0 223
 0 224
 0 225
 0 226
 1 227
 0 228
 0 229
 0 230
 0 231
 0 232
 0 233
 0 234
 0 235
 0 236
 0 237
 0 238
 0 239
 0 240
 0 241
 0 242
 0 243
 0 244
 0 245
 0 246
 1 247
 0 248
 0 249
 0 250
 0 251
 0 252
 0 253
 0 254
 0 255
 0 256
 0 257
 0 258
 0 259
 0 260
 0 261
 0 262
 0 263
 0 264
 0 265
 0 266
 0 267
 0 268
 0 269
 0 270
 0 271
 0 272
 0 273
 0 274
 0 275
 0 276
 0 277
 0 278
 0 279
 0 280
 1 281
 0 282
 0 283
 0 284
 0 285
 0 286
 1 287
 0 288
 2 289
 1 290
 0 291
 0 292
 2 293
 1 294
 0 295
 0 296
 1 297
 4 298
 0 299
 0 300
 0 301
 1 302
 1 303
 1 304
 2 305
 3 306
 2 307
 2 308
 2 309
 2 310
 1 311
 2 312
 1 313
 0 314
 3 315
 0 316
 0 317
 5 318
 2 319
 4 320
 1 321
 1 322
 1 323
 2 324
 3 325
 2 326
 4 327
 5 328
 1 329
 3 330
 4 331
 2 332
 5 333
 4 334
 2 335
 2 336
 1 337
 1 338
 5 339
 2 340
 3 341
 5 342
 2 343
 1 344
 0 345
 1 346
 2 347
 1 348
 1 349
 2 350
 4 351
 3 352
 1 353
 0 354
 3 355
 0 356
 1 357
 0 358
 3 359
 1 360
 2 361
 2 362
 1 363
 1 364
 1 365
 3 366
 2 367
 2 368
 2 369
 2 370
 0 371
 0 372
 1 373
 2 374
 0 375
 1 376
 0 377
 0 378
 1 379
 0 380
 3 381
 1 382
 0 383
 0 384
 0 385
 1 386
 0 387
 1 388
 1 389
 0 390
 0 391
 0 392
 1 393
 0 394
 2 395
 2 396
 0 397
 1 398
 0 399
 0 400
 1 401
 0 402
 0 403
 0 404
 0 405
 0 406
 0 407
 0 408
 0 409
 0 410
 0 411
 1 412
 0 413
 0 414
 1 415
 0 416
 0 417
 0 418
 0 419
 0 420
 0 421
 0 422
 0 423
 0 424
 0 425
 0 426
 0 427
 0 428
 0 429
 0 430
 0 431
 0 432
 0 433
 0 434
 0 435
 0 436
 0 437
 0 438
 0 439
 0 440
 0 441
 0 442
 0 443
 0 444
 0 445
 0 446
 0 447
 0 448
 0 449
 0 450
 0 451
 0 452
 0 453
 0 454
 0 455
 0 456
 0 457
 0 458
 0 459
 0 460
 0 461
 0 462
 0 463
 0 464
 0 465
 0 466
 0 467
 0 468
 0 469
 0 470
 0 471
 0 472
 0 473
 0 474
 0 475
 0 476
 0 477
 0 478
 0 479
 0 480
 0 481
 0 482
 0 483
 0 484
 0 485
 0 486
 0 487
 0 488
 0 489
 0 490
 0 491
 0 492
 0 493
 0 494
 0 495
 0 496
 0 497
 0 498
 0 499
 0 500
 0 501
 0 502
 0 503
 0 504
 0 505
 0 506
 0 507
 0 508
 0 509
 0 510
 0 511
 0 512
 0 513
 0 514
 0 515
 0 516
 0 517
 0 518
 0 519
 0 520
 0 521
 0 522
 0 523
 0 524
 0 525
 0 526
 0 527
 0 528
 0 529
 0 530
 0 531
 0 532
 0 533
 0 534
 0 535
 0 536
 0 537
 0 538
 0 539
 0 540
 0 541
 0 542
 0 543
 0 544
 0 545
 0 546
 0 547
 0 548
 0 549
 0 550
 0 551
 0 552
 0 553
 0 554
 0 555
 0 556
 0 557
 0 558
 0 559
 0 560
 0 561
 0 562
 0 563
 0 564
 0 565
 0 566
 0 567
 0 568
 0 569
 0 570
 0 571
 0 572
 0 573
 0 574
 0 575
 0 576
 0 577
 0 578
 0 579
 0 580
 0 581
 0 582
 0 583
 0 584
 0 585
 0 586
 0 587
 0 588
 0 589
 0 590
 0 591
 0 592
 0 593
 0 594
 0 595
 0 596
 0 597
 0 598
 0 599
 0 600


