# Created by Octave 3.8.2, Mon Jun 22 05:01:59 2020 CEST <damian@fptrucha.inv.usc.es>
# name: hd
# type: matrix
# rows: 551
# columns: 2
 0 50
 0 51
 0 52
 0 53
 0 54
 0 55
 0 56
 0 57
 0 58
 0 59
 0 60
 0 61
 0 62
 0 63
 0 64
 0 65
 0 66
 0 67
 0 68
 0 69
 0 70
 0 71
 0 72
 0 73
 0 74
 0 75
 0 76
 0 77
 0 78
 0 79
 0 80
 0 81
 0 82
 0 83
 0 84
 0 85
 0 86
 0 87
 0 88
 2 89
 2 90
 13 91
 66 92
 131 93
 137 94
 235 95
 373 96
 581 97
 747 98
 913 99
 1072 100
 1243 101
 1226 102
 1277 103
 1350 104
 1373 105
 1349 106
 1358 107
 1293 108
 1224 109
 1186 110
 1103 111
 1062 112
 984 113
 822 114
 846 115
 763 116
 685 117
 617 118
 598 119
 543 120
 479 121
 408 122
 420 123
 384 124
 342 125
 296 126
 285 127
 259 128
 236 129
 230 130
 221 131
 198 132
 180 133
 190 134
 160 135
 151 136
 141 137
 122 138
 125 139
 121 140
 102 141
 101 142
 95 143
 94 144
 104 145
 89 146
 71 147
 67 148
 65 149
 53 150
 62 151
 60 152
 57 153
 48 154
 46 155
 37 156
 41 157
 55 158
 34 159
 38 160
 35 161
 30 162
 28 163
 20 164
 34 165
 28 166
 14 167
 21 168
 21 169
 22 170
 10 171
 13 172
 12 173
 13 174
 12 175
 13 176
 14 177
 13 178
 7 179
 12 180
 7 181
 13 182
 8 183
 5 184
 3 185
 9 186
 6 187
 8 188
 7 189
 6 190
 7 191
 1 192
 3 193
 0 194
 2 195
 3 196
 4 197
 5 198
 4 199
 3 200
 0 201
 1 202
 3 203
 1 204
 2 205
 2 206
 0 207
 1 208
 3 209
 2 210
 1 211
 0 212
 1 213
 1 214
 2 215
 0 216
 0 217
 0 218
 0 219
 1 220
 0 221
 0 222
 0 223
 0 224
 0 225
 0 226
 0 227
 1 228
 0 229
 0 230
 0 231
 0 232
 0 233
 0 234
 0 235
 0 236
 0 237
 0 238
 1 239
 0 240
 0 241
 0 242
 0 243
 0 244
 2 245
 0 246
 0 247
 0 248
 0 249
 0 250
 0 251
 0 252
 0 253
 0 254
 0 255
 0 256
 0 257
 0 258
 0 259
 1 260
 0 261
 0 262
 0 263
 0 264
 0 265
 0 266
 0 267
 0 268
 0 269
 0 270
 0 271
 0 272
 0 273
 0 274
 0 275
 0 276
 0 277
 0 278
 1 279
 2 280
 0 281
 0 282
 0 283
 0 284
 1 285
 1 286
 0 287
 0 288
 3 289
 2 290
 1 291
 1 292
 1 293
 1 294
 4 295
 1 296
 0 297
 2 298
 0 299
 3 300
 1 301
 0 302
 2 303
 3 304
 1 305
 3 306
 1 307
 1 308
 3 309
 3 310
 1 311
 0 312
 1 313
 0 314
 1 315
 4 316
 2 317
 1 318
 4 319
 1 320
 1 321
 3 322
 2 323
 1 324
 1 325
 1 326
 1 327
 2 328
 2 329
 2 330
 2 331
 0 332
 3 333
 5 334
 1 335
 2 336
 0 337
 2 338
 3 339
 4 340
 2 341
 2 342
 2 343
 0 344
 3 345
 4 346
 1 347
 1 348
 1 349
 2 350
 3 351
 3 352
 0 353
 3 354
 0 355
 0 356
 1 357
 1 358
 1 359
 0 360
 0 361
 0 362
 1 363
 1 364
 1 365
 0 366
 1 367
 0 368
 0 369
 0 370
 0 371
 3 372
 0 373
 0 374
 1 375
 1 376
 0 377
 0 378
 0 379
 0 380
 1 381
 0 382
 0 383
 0 384
 1 385
 0 386
 0 387
 0 388
 0 389
 0 390
 0 391
 0 392
 0 393
 0 394
 0 395
 0 396
 0 397
 0 398
 0 399
 0 400
 0 401
 0 402
 1 403
 0 404
 0 405
 0 406
 0 407
 0 408
 0 409
 0 410
 0 411
 0 412
 0 413
 0 414
 0 415
 0 416
 1 417
 0 418
 0 419
 0 420
 0 421
 0 422
 0 423
 0 424
 0 425
 0 426
 0 427
 0 428
 0 429
 0 430
 0 431
 0 432
 0 433
 0 434
 0 435
 0 436
 0 437
 0 438
 0 439
 0 440
 0 441
 0 442
 0 443
 0 444
 0 445
 0 446
 0 447
 0 448
 0 449
 0 450
 0 451
 0 452
 0 453
 0 454
 0 455
 0 456
 0 457
 0 458
 0 459
 0 460
 0 461
 0 462
 0 463
 0 464
 0 465
 0 466
 0 467
 0 468
 0 469
 0 470
 0 471
 0 472
 0 473
 0 474
 0 475
 0 476
 0 477
 0 478
 0 479
 0 480
 0 481
 0 482
 0 483
 0 484
 0 485
 0 486
 0 487
 0 488
 0 489
 0 490
 0 491
 0 492
 0 493
 0 494
 0 495
 0 496
 0 497
 0 498
 0 499
 0 500
 0 501
 0 502
 0 503
 0 504
 0 505
 0 506
 0 507
 0 508
 0 509
 0 510
 0 511
 0 512
 0 513
 0 514
 0 515
 0 516
 0 517
 0 518
 0 519
 0 520
 0 521
 0 522
 0 523
 0 524
 0 525
 0 526
 0 527
 0 528
 0 529
 0 530
 0 531
 0 532
 0 533
 0 534
 0 535
 0 536
 0 537
 0 538
 0 539
 0 540
 0 541
 0 542
 0 543
 0 544
 0 545
 0 546
 0 547
 0 548
 0 549
 0 550
 0 551
 0 552
 0 553
 0 554
 0 555
 0 556
 0 557
 0 558
 0 559
 0 560
 0 561
 0 562
 0 563
 0 564
 0 565
 0 566
 0 567
 0 568
 0 569
 0 570
 0 571
 0 572
 0 573
 0 574
 0 575
 0 576
 0 577
 0 578
 0 579
 0 580
 0 581
 0 582
 0 583
 0 584
 0 585
 0 586
 0 587
 0 588
 0 589
 0 590
 0 591
 0 592
 0 593
 0 594
 0 595
 0 596
 0 597
 0 598
 0 599
 0 600


