# Created by Octave 3.8.2, Sat Jun 20 22:20:34 2020 CEST <damian@fptrucha.inv.usc.es>
# name: hd
# type: matrix
# rows: 551
# columns: 2
 0 50
 0 51
 0 52
 0 53
 0 54
 0 55
 0 56
 0 57
 0 58
 0 59
 0 60
 0 61
 0 62
 0 63
 0 64
 0 65
 0 66
 0 67
 0 68
 0 69
 0 70
 0 71
 0 72
 0 73
 0 74
 0 75
 0 76
 0 77
 0 78
 0 79
 0 80
 0 81
 0 82
 0 83
 0 84
 0 85
 0 86
 0 87
 2 88
 2 89
 6 90
 20 91
 82 92
 104 93
 143 94
 269 95
 419 96
 570 97
 716 98
 865 99
 955 100
 1120 101
 1164 102
 1246 103
 1271 104
 1307 105
 1295 106
 1378 107
 1328 108
 1247 109
 1269 110
 1180 111
 1207 112
 1127 113
 1052 114
 1048 115
 946 116
 864 117
 771 118
 725 119
 709 120
 708 121
 562 122
 574 123
 545 124
 505 125
 433 126
 388 127
 361 128
 357 129
 314 130
 291 131
 275 132
 218 133
 224 134
 181 135
 196 136
 155 137
 133 138
 136 139
 151 140
 126 141
 110 142
 107 143
 107 144
 100 145
 93 146
 98 147
 89 148
 75 149
 61 150
 63 151
 66 152
 65 153
 45 154
 51 155
 34 156
 49 157
 45 158
 26 159
 40 160
 28 161
 31 162
 24 163
 25 164
 29 165
 23 166
 18 167
 18 168
 17 169
 18 170
 19 171
 14 172
 10 173
 19 174
 11 175
 5 176
 10 177
 7 178
 18 179
 10 180
 7 181
 5 182
 6 183
 6 184
 9 185
 7 186
 2 187
 3 188
 2 189
 7 190
 5 191
 4 192
 8 193
 3 194
 5 195
 1 196
 2 197
 3 198
 1 199
 1 200
 1 201
 2 202
 3 203
 1 204
 1 205
 1 206
 0 207
 2 208
 0 209
 0 210
 2 211
 0 212
 1 213
 1 214
 0 215
 1 216
 1 217
 1 218
 1 219
 0 220
 2 221
 0 222
 0 223
 0 224
 0 225
 0 226
 0 227
 0 228
 0 229
 0 230
 0 231
 0 232
 0 233
 0 234
 0 235
 0 236
 0 237
 0 238
 0 239
 0 240
 0 241
 0 242
 0 243
 0 244
 1 245
 0 246
 0 247
 0 248
 0 249
 0 250
 0 251
 0 252
 0 253
 0 254
 0 255
 0 256
 0 257
 0 258
 0 259
 0 260
 0 261
 0 262
 0 263
 0 264
 0 265
 0 266
 0 267
 0 268
 0 269
 0 270
 0 271
 0 272
 0 273
 0 274
 0 275
 0 276
 0 277
 1 278
 0 279
 0 280
 0 281
 0 282
 0 283
 0 284
 1 285
 0 286
 2 287
 1 288
 0 289
 2 290
 0 291
 4 292
 0 293
 0 294
 2 295
 1 296
 1 297
 1 298
 3 299
 0 300
 2 301
 1 302
 1 303
 3 304
 0 305
 2 306
 3 307
 0 308
 1 309
 1 310
 3 311
 4 312
 2 313
 1 314
 0 315
 2 316
 1 317
 3 318
 2 319
 2 320
 4 321
 2 322
 3 323
 3 324
 4 325
 8 326
 6 327
 3 328
 4 329
 0 330
 0 331
 0 332
 2 333
 2 334
 3 335
 2 336
 3 337
 1 338
 4 339
 2 340
 1 341
 1 342
 6 343
 1 344
 2 345
 4 346
 2 347
 0 348
 0 349
 0 350
 2 351
 1 352
 1 353
 2 354
 4 355
 2 356
 1 357
 1 358
 2 359
 1 360
 1 361
 1 362
 1 363
 1 364
 3 365
 1 366
 3 367
 0 368
 0 369
 1 370
 3 371
 1 372
 0 373
 1 374
 2 375
 3 376
 1 377
 1 378
 2 379
 0 380
 0 381
 1 382
 1 383
 0 384
 0 385
 1 386
 1 387
 0 388
 0 389
 0 390
 0 391
 0 392
 0 393
 1 394
 1 395
 1 396
 1 397
 0 398
 0 399
 0 400
 1 401
 0 402
 0 403
 0 404
 0 405
 0 406
 0 407
 1 408
 0 409
 0 410
 0 411
 0 412
 0 413
 0 414
 0 415
 0 416
 0 417
 0 418
 0 419
 0 420
 0 421
 0 422
 0 423
 0 424
 0 425
 0 426
 0 427
 0 428
 0 429
 0 430
 0 431
 0 432
 0 433
 0 434
 0 435
 0 436
 0 437
 0 438
 0 439
 0 440
 0 441
 0 442
 0 443
 0 444
 0 445
 0 446
 0 447
 0 448
 0 449
 0 450
 0 451
 0 452
 0 453
 0 454
 0 455
 0 456
 0 457
 0 458
 0 459
 0 460
 0 461
 0 462
 0 463
 0 464
 0 465
 0 466
 0 467
 0 468
 0 469
 0 470
 0 471
 0 472
 0 473
 0 474
 0 475
 0 476
 0 477
 0 478
 0 479
 0 480
 0 481
 0 482
 0 483
 0 484
 0 485
 0 486
 0 487
 0 488
 0 489
 0 490
 0 491
 0 492
 0 493
 0 494
 0 495
 0 496
 0 497
 0 498
 0 499
 0 500
 0 501
 0 502
 0 503
 0 504
 0 505
 0 506
 0 507
 0 508
 0 509
 0 510
 0 511
 0 512
 0 513
 0 514
 0 515
 0 516
 0 517
 0 518
 0 519
 0 520
 0 521
 0 522
 0 523
 0 524
 0 525
 0 526
 0 527
 0 528
 0 529
 0 530
 0 531
 0 532
 0 533
 0 534
 0 535
 0 536
 0 537
 0 538
 0 539
 0 540
 0 541
 0 542
 0 543
 0 544
 0 545
 0 546
 0 547
 0 548
 0 549
 0 550
 0 551
 0 552
 0 553
 0 554
 0 555
 0 556
 0 557
 0 558
 0 559
 0 560
 0 561
 0 562
 0 563
 0 564
 0 565
 0 566
 0 567
 0 568
 0 569
 0 570
 0 571
 0 572
 0 573
 0 574
 0 575
 0 576
 0 577
 0 578
 0 579
 0 580
 0 581
 0 582
 0 583
 0 584
 0 585
 0 586
 0 587
 0 588
 0 589
 0 590
 0 591
 0 592
 0 593
 0 594
 0 595
 0 596
 0 597
 0 598
 0 599
 0 600


