# Created by Octave 3.8.2, Mon Jun 22 02:48:04 2020 CEST <damian@fptrucha.inv.usc.es>
# name: hd
# type: matrix
# rows: 551
# columns: 2
 0 50
 0 51
 0 52
 0 53
 0 54
 0 55
 0 56
 0 57
 0 58
 0 59
 0 60
 0 61
 0 62
 0 63
 0 64
 0 65
 0 66
 0 67
 0 68
 0 69
 0 70
 0 71
 0 72
 0 73
 0 74
 0 75
 0 76
 0 77
 0 78
 0 79
 0 80
 0 81
 0 82
 0 83
 0 84
 0 85
 0 86
 0 87
 3 88
 4 89
 2 90
 25 91
 89 92
 127 93
 166 94
 297 95
 410 96
 680 97
 851 98
 1056 99
 1167 100
 1253 101
 1401 102
 1337 103
 1422 104
 1424 105
 1468 106
 1415 107
 1292 108
 1215 109
 1199 110
 1091 111
 1051 112
 1006 113
 892 114
 823 115
 794 116
 666 117
 645 118
 640 119
 558 120
 438 121
 481 122
 402 123
 367 124
 367 125
 289 126
 275 127
 276 128
 243 129
 246 130
 206 131
 204 132
 177 133
 163 134
 160 135
 135 136
 130 137
 136 138
 101 139
 105 140
 112 141
 110 142
 84 143
 84 144
 70 145
 87 146
 65 147
 66 148
 75 149
 63 150
 52 151
 52 152
 52 153
 45 154
 43 155
 48 156
 37 157
 30 158
 33 159
 22 160
 34 161
 33 162
 21 163
 24 164
 24 165
 23 166
 27 167
 23 168
 24 169
 16 170
 9 171
 20 172
 9 173
 13 174
 17 175
 11 176
 10 177
 17 178
 15 179
 12 180
 6 181
 7 182
 4 183
 8 184
 13 185
 5 186
 8 187
 9 188
 4 189
 5 190
 1 191
 6 192
 4 193
 4 194
 2 195
 4 196
 2 197
 3 198
 5 199
 4 200
 4 201
 1 202
 4 203
 0 204
 2 205
 1 206
 1 207
 3 208
 1 209
 1 210
 2 211
 1 212
 1 213
 2 214
 0 215
 1 216
 1 217
 1 218
 0 219
 0 220
 0 221
 0 222
 0 223
 1 224
 0 225
 0 226
 0 227
 1 228
 0 229
 0 230
 0 231
 0 232
 0 233
 0 234
 0 235
 1 236
 0 237
 0 238
 0 239
 0 240
 0 241
 1 242
 0 243
 0 244
 0 245
 0 246
 0 247
 0 248
 0 249
 0 250
 0 251
 0 252
 0 253
 0 254
 0 255
 0 256
 0 257
 0 258
 0 259
 0 260
 0 261
 0 262
 0 263
 0 264
 0 265
 0 266
 0 267
 0 268
 0 269
 0 270
 0 271
 0 272
 0 273
 0 274
 0 275
 0 276
 0 277
 0 278
 0 279
 0 280
 1 281
 0 282
 3 283
 0 284
 0 285
 1 286
 0 287
 0 288
 0 289
 0 290
 1 291
 0 292
 0 293
 2 294
 1 295
 1 296
 0 297
 1 298
 2 299
 1 300
 1 301
 2 302
 2 303
 2 304
 1 305
 1 306
 0 307
 3 308
 5 309
 0 310
 2 311
 0 312
 1 313
 3 314
 2 315
 2 316
 1 317
 2 318
 3 319
 0 320
 1 321
 3 322
 2 323
 2 324
 4 325
 1 326
 2 327
 1 328
 0 329
 6 330
 1 331
 3 332
 1 333
 4 334
 1 335
 3 336
 1 337
 5 338
 6 339
 0 340
 1 341
 1 342
 1 343
 3 344
 1 345
 1 346
 2 347
 2 348
 4 349
 2 350
 3 351
 1 352
 2 353
 0 354
 0 355
 1 356
 1 357
 0 358
 1 359
 1 360
 3 361
 1 362
 0 363
 1 364
 0 365
 0 366
 0 367
 1 368
 1 369
 0 370
 1 371
 0 372
 0 373
 1 374
 0 375
 0 376
 3 377
 1 378
 0 379
 1 380
 0 381
 1 382
 0 383
 0 384
 1 385
 0 386
 0 387
 0 388
 0 389
 0 390
 1 391
 1 392
 1 393
 0 394
 0 395
 0 396
 0 397
 0 398
 0 399
 0 400
 0 401
 0 402
 0 403
 0 404
 0 405
 0 406
 0 407
 0 408
 0 409
 0 410
 0 411
 0 412
 0 413
 1 414
 0 415
 0 416
 0 417
 0 418
 0 419
 0 420
 0 421
 0 422
 0 423
 0 424
 0 425
 0 426
 0 427
 0 428
 0 429
 0 430
 0 431
 0 432
 0 433
 0 434
 0 435
 0 436
 0 437
 0 438
 0 439
 0 440
 0 441
 0 442
 0 443
 0 444
 0 445
 0 446
 0 447
 0 448
 0 449
 0 450
 0 451
 0 452
 0 453
 0 454
 0 455
 0 456
 0 457
 0 458
 0 459
 0 460
 0 461
 0 462
 0 463
 0 464
 0 465
 0 466
 0 467
 0 468
 0 469
 0 470
 0 471
 0 472
 0 473
 0 474
 0 475
 0 476
 0 477
 0 478
 0 479
 0 480
 0 481
 0 482
 0 483
 0 484
 0 485
 0 486
 0 487
 0 488
 0 489
 0 490
 0 491
 0 492
 0 493
 0 494
 0 495
 0 496
 0 497
 0 498
 0 499
 0 500
 0 501
 0 502
 0 503
 0 504
 0 505
 0 506
 0 507
 0 508
 0 509
 0 510
 0 511
 0 512
 0 513
 0 514
 0 515
 0 516
 0 517
 0 518
 0 519
 0 520
 0 521
 0 522
 0 523
 0 524
 0 525
 0 526
 0 527
 0 528
 0 529
 0 530
 0 531
 0 532
 0 533
 0 534
 0 535
 0 536
 0 537
 0 538
 0 539
 0 540
 0 541
 0 542
 0 543
 0 544
 0 545
 0 546
 0 547
 0 548
 0 549
 0 550
 0 551
 0 552
 0 553
 0 554
 0 555
 0 556
 0 557
 0 558
 0 559
 0 560
 0 561
 0 562
 0 563
 0 564
 0 565
 0 566
 0 567
 0 568
 0 569
 0 570
 0 571
 0 572
 0 573
 0 574
 0 575
 0 576
 0 577
 0 578
 0 579
 0 580
 0 581
 0 582
 0 583
 0 584
 0 585
 0 586
 0 587
 0 588
 0 589
 0 590
 0 591
 0 592
 0 593
 0 594
 0 595
 0 596
 0 597
 0 598
 0 599
 0 600


