# Created by Octave 3.8.2, Mon Jun 22 17:21:27 2020 CEST <damian@fptrucha.inv.usc.es>
# name: hd
# type: matrix
# rows: 551
# columns: 2
 0 50
 0 51
 0 52
 0 53
 0 54
 0 55
 0 56
 0 57
 0 58
 0 59
 0 60
 0 61
 0 62
 0 63
 0 64
 0 65
 0 66
 0 67
 0 68
 0 69
 0 70
 0 71
 0 72
 0 73
 0 74
 0 75
 0 76
 0 77
 0 78
 0 79
 0 80
 0 81
 0 82
 0 83
 0 84
 0 85
 0 86
 0 87
 0 88
 3 89
 5 90
 13 91
 76 92
 120 93
 196 94
 294 95
 445 96
 711 97
 934 98
 1143 99
 1402 100
 1508 101
 1567 102
 1618 103
 1643 104
 1651 105
 1571 106
 1526 107
 1514 108
 1442 109
 1458 110
 1255 111
 1164 112
 1102 113
 1053 114
 895 115
 850 116
 764 117
 686 118
 616 119
 571 120
 531 121
 511 122
 425 123
 373 124
 365 125
 329 126
 257 127
 262 128
 247 129
 228 130
 209 131
 211 132
 184 133
 172 134
 166 135
 123 136
 131 137
 121 138
 123 139
 103 140
 104 141
 116 142
 91 143
 103 144
 92 145
 77 146
 87 147
 61 148
 66 149
 47 150
 52 151
 54 152
 40 153
 47 154
 38 155
 44 156
 34 157
 37 158
 38 159
 28 160
 29 161
 31 162
 27 163
 23 164
 19 165
 19 166
 21 167
 11 168
 22 169
 19 170
 19 171
 23 172
 9 173
 9 174
 4 175
 14 176
 18 177
 13 178
 13 179
 10 180
 10 181
 7 182
 5 183
 6 184
 4 185
 7 186
 4 187
 5 188
 4 189
 9 190
 8 191
 2 192
 4 193
 2 194
 7 195
 2 196
 1 197
 1 198
 3 199
 3 200
 2 201
 3 202
 2 203
 2 204
 1 205
 1 206
 1 207
 0 208
 2 209
 2 210
 2 211
 2 212
 1 213
 1 214
 1 215
 3 216
 1 217
 0 218
 0 219
 0 220
 0 221
 0 222
 0 223
 0 224
 0 225
 0 226
 0 227
 0 228
 1 229
 0 230
 0 231
 0 232
 0 233
 0 234
 0 235
 0 236
 0 237
 0 238
 0 239
 0 240
 0 241
 0 242
 0 243
 0 244
 0 245
 1 246
 0 247
 0 248
 0 249
 0 250
 0 251
 0 252
 0 253
 0 254
 0 255
 0 256
 0 257
 0 258
 0 259
 0 260
 0 261
 0 262
 0 263
 0 264
 0 265
 0 266
 0 267
 0 268
 0 269
 0 270
 0 271
 1 272
 0 273
 0 274
 0 275
 0 276
 1 277
 0 278
 0 279
 0 280
 1 281
 1 282
 0 283
 0 284
 0 285
 0 286
 0 287
 0 288
 0 289
 1 290
 0 291
 1 292
 1 293
 0 294
 2 295
 1 296
 0 297
 1 298
 2 299
 5 300
 4 301
 0 302
 2 303
 3 304
 1 305
 1 306
 4 307
 4 308
 3 309
 3 310
 0 311
 3 312
 0 313
 3 314
 1 315
 2 316
 0 317
 0 318
 2 319
 0 320
 1 321
 2 322
 3 323
 4 324
 3 325
 2 326
 3 327
 3 328
 1 329
 2 330
 3 331
 4 332
 1 333
 0 334
 1 335
 2 336
 1 337
 2 338
 1 339
 3 340
 2 341
 1 342
 1 343
 0 344
 3 345
 2 346
 2 347
 4 348
 0 349
 2 350
 1 351
 2 352
 3 353
 4 354
 1 355
 4 356
 2 357
 2 358
 0 359
 2 360
 2 361
 0 362
 1 363
 0 364
 0 365
 1 366
 0 367
 0 368
 0 369
 0 370
 2 371
 1 372
 2 373
 1 374
 1 375
 1 376
 0 377
 0 378
 1 379
 0 380
 0 381
 1 382
 3 383
 1 384
 0 385
 0 386
 0 387
 0 388
 0 389
 0 390
 0 391
 1 392
 0 393
 0 394
 0 395
 1 396
 0 397
 0 398
 0 399
 0 400
 0 401
 0 402
 0 403
 0 404
 0 405
 0 406
 0 407
 0 408
 0 409
 0 410
 0 411
 0 412
 0 413
 0 414
 0 415
 0 416
 0 417
 0 418
 0 419
 0 420
 0 421
 0 422
 0 423
 0 424
 0 425
 0 426
 0 427
 0 428
 0 429
 0 430
 0 431
 0 432
 0 433
 0 434
 0 435
 0 436
 0 437
 0 438
 0 439
 0 440
 0 441
 0 442
 0 443
 0 444
 0 445
 0 446
 0 447
 0 448
 0 449
 0 450
 0 451
 0 452
 0 453
 0 454
 0 455
 0 456
 0 457
 0 458
 0 459
 0 460
 0 461
 0 462
 0 463
 0 464
 0 465
 0 466
 0 467
 0 468
 0 469
 0 470
 0 471
 0 472
 0 473
 0 474
 0 475
 0 476
 0 477
 0 478
 0 479
 0 480
 0 481
 0 482
 0 483
 0 484
 0 485
 0 486
 0 487
 0 488
 0 489
 0 490
 0 491
 0 492
 0 493
 0 494
 0 495
 0 496
 0 497
 0 498
 0 499
 0 500
 0 501
 0 502
 0 503
 0 504
 0 505
 0 506
 0 507
 0 508
 0 509
 0 510
 0 511
 0 512
 0 513
 0 514
 0 515
 0 516
 0 517
 0 518
 0 519
 0 520
 0 521
 0 522
 0 523
 0 524
 0 525
 0 526
 0 527
 0 528
 0 529
 0 530
 0 531
 0 532
 0 533
 0 534
 0 535
 0 536
 0 537
 0 538
 0 539
 0 540
 0 541
 0 542
 0 543
 0 544
 0 545
 0 546
 0 547
 0 548
 0 549
 0 550
 0 551
 0 552
 0 553
 0 554
 0 555
 0 556
 0 557
 0 558
 0 559
 0 560
 0 561
 0 562
 0 563
 0 564
 0 565
 0 566
 0 567
 0 568
 0 569
 0 570
 0 571
 0 572
 0 573
 0 574
 0 575
 0 576
 0 577
 0 578
 0 579
 0 580
 0 581
 0 582
 0 583
 0 584
 0 585
 0 586
 0 587
 0 588
 0 589
 0 590
 0 591
 0 592
 0 593
 0 594
 0 595
 0 596
 0 597
 0 598
 0 599
 0 600


