# Created by Octave 3.8.2, Mon Jun 22 02:22:47 2020 CEST <damian@fptrucha.inv.usc.es>
# name: hd
# type: matrix
# rows: 551
# columns: 2
 0 50
 0 51
 0 52
 0 53
 0 54
 0 55
 0 56
 0 57
 0 58
 0 59
 0 60
 0 61
 0 62
 0 63
 0 64
 0 65
 0 66
 0 67
 0 68
 0 69
 0 70
 0 71
 0 72
 0 73
 0 74
 0 75
 0 76
 0 77
 0 78
 0 79
 0 80
 0 81
 0 82
 0 83
 0 84
 0 85
 0 86
 0 87
 1 88
 3 89
 6 90
 30 91
 82 92
 136 93
 177 94
 287 95
 449 96
 639 97
 831 98
 1022 99
 1187 100
 1298 101
 1433 102
 1378 103
 1441 104
 1470 105
 1392 106
 1395 107
 1298 108
 1261 109
 1275 110
 1165 111
 1101 112
 1010 113
 980 114
 851 115
 724 116
 736 117
 639 118
 636 119
 599 120
 448 121
 463 122
 428 123
 410 124
 356 125
 330 126
 300 127
 273 128
 256 129
 227 130
 221 131
 184 132
 153 133
 153 134
 162 135
 137 136
 107 137
 146 138
 112 139
 112 140
 86 141
 82 142
 92 143
 78 144
 71 145
 47 146
 61 147
 58 148
 66 149
 47 150
 53 151
 55 152
 45 153
 51 154
 41 155
 40 156
 46 157
 41 158
 28 159
 37 160
 32 161
 19 162
 26 163
 20 164
 21 165
 14 166
 28 167
 25 168
 11 169
 21 170
 15 171
 18 172
 15 173
 12 174
 12 175
 10 176
 8 177
 8 178
 6 179
 2 180
 4 181
 9 182
 7 183
 10 184
 8 185
 14 186
 5 187
 2 188
 6 189
 4 190
 8 191
 1 192
 2 193
 2 194
 3 195
 2 196
 5 197
 0 198
 0 199
 1 200
 2 201
 2 202
 0 203
 2 204
 3 205
 0 206
 1 207
 1 208
 3 209
 1 210
 0 211
 0 212
 1 213
 1 214
 1 215
 0 216
 0 217
 0 218
 0 219
 0 220
 0 221
 0 222
 0 223
 0 224
 0 225
 0 226
 0 227
 0 228
 0 229
 0 230
 0 231
 0 232
 0 233
 1 234
 0 235
 0 236
 0 237
 0 238
 0 239
 0 240
 0 241
 1 242
 0 243
 0 244
 0 245
 0 246
 0 247
 0 248
 0 249
 1 250
 0 251
 0 252
 0 253
 0 254
 0 255
 0 256
 0 257
 0 258
 0 259
 0 260
 0 261
 0 262
 0 263
 0 264
 0 265
 0 266
 0 267
 0 268
 0 269
 0 270
 0 271
 0 272
 0 273
 0 274
 0 275
 1 276
 0 277
 0 278
 0 279
 0 280
 0 281
 1 282
 0 283
 0 284
 2 285
 0 286
 1 287
 0 288
 0 289
 1 290
 1 291
 2 292
 1 293
 1 294
 1 295
 1 296
 1 297
 1 298
 1 299
 0 300
 1 301
 0 302
 2 303
 1 304
 3 305
 0 306
 1 307
 1 308
 3 309
 0 310
 2 311
 2 312
 1 313
 3 314
 2 315
 3 316
 2 317
 6 318
 5 319
 2 320
 1 321
 2 322
 7 323
 1 324
 3 325
 3 326
 3 327
 1 328
 4 329
 5 330
 1 331
 1 332
 6 333
 2 334
 1 335
 1 336
 1 337
 0 338
 2 339
 2 340
 1 341
 4 342
 3 343
 1 344
 2 345
 2 346
 2 347
 0 348
 2 349
 4 350
 1 351
 1 352
 2 353
 4 354
 0 355
 2 356
 3 357
 6 358
 1 359
 0 360
 1 361
 1 362
 2 363
 0 364
 1 365
 1 366
 2 367
 1 368
 2 369
 0 370
 1 371
 0 372
 0 373
 1 374
 0 375
 2 376
 0 377
 0 378
 2 379
 0 380
 0 381
 0 382
 0 383
 0 384
 0 385
 0 386
 0 387
 1 388
 0 389
 0 390
 0 391
 0 392
 0 393
 0 394
 1 395
 0 396
 0 397
 0 398
 0 399
 0 400
 0 401
 0 402
 0 403
 0 404
 0 405
 0 406
 0 407
 0 408
 0 409
 0 410
 0 411
 0 412
 0 413
 0 414
 0 415
 0 416
 1 417
 0 418
 1 419
 0 420
 0 421
 0 422
 0 423
 0 424
 0 425
 0 426
 0 427
 0 428
 0 429
 0 430
 0 431
 0 432
 0 433
 0 434
 0 435
 0 436
 0 437
 0 438
 0 439
 0 440
 0 441
 0 442
 0 443
 0 444
 0 445
 0 446
 0 447
 0 448
 0 449
 0 450
 0 451
 0 452
 0 453
 0 454
 0 455
 0 456
 0 457
 0 458
 0 459
 0 460
 0 461
 0 462
 0 463
 0 464
 0 465
 0 466
 0 467
 0 468
 0 469
 0 470
 0 471
 0 472
 0 473
 0 474
 0 475
 0 476
 0 477
 0 478
 0 479
 0 480
 0 481
 0 482
 0 483
 0 484
 0 485
 0 486
 0 487
 0 488
 0 489
 0 490
 0 491
 0 492
 0 493
 0 494
 0 495
 0 496
 0 497
 0 498
 0 499
 0 500
 0 501
 0 502
 0 503
 0 504
 0 505
 0 506
 0 507
 0 508
 0 509
 0 510
 0 511
 0 512
 0 513
 0 514
 0 515
 0 516
 0 517
 0 518
 0 519
 0 520
 0 521
 0 522
 0 523
 0 524
 0 525
 0 526
 0 527
 0 528
 0 529
 0 530
 0 531
 0 532
 0 533
 0 534
 0 535
 0 536
 0 537
 0 538
 0 539
 0 540
 0 541
 0 542
 0 543
 0 544
 0 545
 0 546
 0 547
 0 548
 0 549
 0 550
 0 551
 0 552
 0 553
 0 554
 0 555
 0 556
 0 557
 0 558
 0 559
 0 560
 0 561
 0 562
 0 563
 0 564
 0 565
 0 566
 0 567
 0 568
 0 569
 0 570
 0 571
 0 572
 0 573
 0 574
 0 575
 0 576
 0 577
 0 578
 0 579
 0 580
 0 581
 0 582
 0 583
 0 584
 0 585
 0 586
 0 587
 0 588
 0 589
 0 590
 0 591
 0 592
 0 593
 0 594
 0 595
 0 596
 0 597
 0 598
 0 599
 0 600


