# Created by Octave 3.8.2, Mon Jun 22 14:27:51 2020 CEST <damian@fptrucha.inv.usc.es>
# name: hd
# type: matrix
# rows: 551
# columns: 2
 0 50
 0 51
 0 52
 0 53
 0 54
 0 55
 0 56
 0 57
 0 58
 0 59
 0 60
 0 61
 0 62
 0 63
 0 64
 0 65
 0 66
 0 67
 0 68
 0 69
 0 70
 0 71
 0 72
 0 73
 0 74
 0 75
 0 76
 0 77
 0 78
 0 79
 0 80
 0 81
 0 82
 0 83
 0 84
 0 85
 0 86
 0 87
 0 88
 5 89
 4 90
 20 91
 89 92
 144 93
 175 94
 274 95
 453 96
 624 97
 892 98
 997 99
 1219 100
 1380 101
 1418 102
 1475 103
 1532 104
 1565 105
 1578 106
 1561 107
 1448 108
 1343 109
 1380 110
 1255 111
 1120 112
 1047 113
 938 114
 875 115
 821 116
 763 117
 682 118
 614 119
 572 120
 520 121
 505 122
 451 123
 399 124
 340 125
 314 126
 319 127
 288 128
 264 129
 254 130
 203 131
 208 132
 199 133
 188 134
 158 135
 168 136
 130 137
 135 138
 129 139
 126 140
 105 141
 108 142
 99 143
 107 144
 92 145
 74 146
 73 147
 71 148
 62 149
 53 150
 42 151
 56 152
 51 153
 42 154
 73 155
 40 156
 41 157
 46 158
 39 159
 43 160
 32 161
 28 162
 28 163
 22 164
 28 165
 35 166
 21 167
 24 168
 14 169
 18 170
 23 171
 17 172
 13 173
 17 174
 6 175
 13 176
 11 177
 10 178
 13 179
 13 180
 12 181
 13 182
 8 183
 3 184
 6 185
 6 186
 9 187
 12 188
 3 189
 4 190
 6 191
 2 192
 6 193
 3 194
 5 195
 1 196
 4 197
 1 198
 3 199
 4 200
 3 201
 3 202
 1 203
 1 204
 2 205
 2 206
 1 207
 0 208
 1 209
 1 210
 1 211
 1 212
 0 213
 0 214
 0 215
 0 216
 2 217
 0 218
 1 219
 1 220
 0 221
 0 222
 0 223
 0 224
 0 225
 1 226
 0 227
 0 228
 0 229
 1 230
 0 231
 0 232
 1 233
 0 234
 2 235
 0 236
 1 237
 0 238
 0 239
 0 240
 0 241
 0 242
 0 243
 0 244
 0 245
 0 246
 0 247
 0 248
 0 249
 0 250
 0 251
 0 252
 0 253
 0 254
 0 255
 0 256
 0 257
 0 258
 0 259
 0 260
 0 261
 0 262
 0 263
 0 264
 0 265
 0 266
 0 267
 0 268
 0 269
 0 270
 0 271
 0 272
 0 273
 0 274
 0 275
 0 276
 0 277
 0 278
 0 279
 0 280
 0 281
 1 282
 1 283
 1 284
 0 285
 1 286
 0 287
 0 288
 1 289
 0 290
 0 291
 3 292
 4 293
 1 294
 2 295
 0 296
 2 297
 2 298
 2 299
 1 300
 1 301
 1 302
 1 303
 2 304
 2 305
 3 306
 4 307
 8 308
 0 309
 1 310
 5 311
 1 312
 2 313
 1 314
 4 315
 2 316
 2 317
 5 318
 2 319
 1 320
 1 321
 2 322
 0 323
 3 324
 2 325
 5 326
 4 327
 0 328
 8 329
 4 330
 7 331
 4 332
 2 333
 5 334
 2 335
 4 336
 1 337
 2 338
 4 339
 4 340
 4 341
 2 342
 1 343
 1 344
 3 345
 4 346
 1 347
 0 348
 2 349
 4 350
 4 351
 1 352
 4 353
 3 354
 1 355
 2 356
 2 357
 2 358
 4 359
 2 360
 0 361
 2 362
 1 363
 2 364
 3 365
 1 366
 1 367
 0 368
 1 369
 2 370
 1 371
 1 372
 0 373
 1 374
 1 375
 0 376
 0 377
 0 378
 0 379
 0 380
 0 381
 0 382
 2 383
 3 384
 1 385
 0 386
 0 387
 0 388
 0 389
 0 390
 0 391
 0 392
 0 393
 1 394
 0 395
 0 396
 0 397
 0 398
 1 399
 0 400
 1 401
 0 402
 0 403
 0 404
 0 405
 0 406
 0 407
 0 408
 0 409
 0 410
 0 411
 0 412
 0 413
 0 414
 0 415
 0 416
 0 417
 0 418
 0 419
 1 420
 0 421
 0 422
 0 423
 0 424
 0 425
 0 426
 0 427
 0 428
 0 429
 0 430
 0 431
 0 432
 0 433
 0 434
 0 435
 0 436
 0 437
 0 438
 0 439
 0 440
 0 441
 0 442
 0 443
 0 444
 0 445
 0 446
 0 447
 0 448
 0 449
 0 450
 0 451
 0 452
 0 453
 0 454
 0 455
 0 456
 0 457
 0 458
 0 459
 0 460
 0 461
 0 462
 0 463
 0 464
 0 465
 0 466
 0 467
 0 468
 0 469
 0 470
 0 471
 0 472
 0 473
 0 474
 0 475
 0 476
 0 477
 0 478
 0 479
 0 480
 0 481
 0 482
 0 483
 0 484
 0 485
 0 486
 0 487
 0 488
 0 489
 0 490
 0 491
 0 492
 0 493
 0 494
 0 495
 0 496
 0 497
 0 498
 0 499
 0 500
 0 501
 0 502
 0 503
 0 504
 0 505
 0 506
 0 507
 0 508
 0 509
 0 510
 0 511
 0 512
 0 513
 0 514
 0 515
 0 516
 0 517
 0 518
 0 519
 0 520
 0 521
 0 522
 0 523
 0 524
 0 525
 0 526
 0 527
 0 528
 0 529
 0 530
 0 531
 0 532
 0 533
 0 534
 0 535
 0 536
 0 537
 0 538
 0 539
 0 540
 0 541
 0 542
 0 543
 0 544
 0 545
 0 546
 0 547
 0 548
 0 549
 0 550
 0 551
 0 552
 0 553
 0 554
 0 555
 0 556
 0 557
 0 558
 0 559
 0 560
 0 561
 0 562
 0 563
 0 564
 0 565
 0 566
 0 567
 0 568
 0 569
 0 570
 0 571
 0 572
 0 573
 0 574
 0 575
 0 576
 0 577
 0 578
 0 579
 0 580
 0 581
 0 582
 0 583
 0 584
 0 585
 0 586
 0 587
 0 588
 0 589
 0 590
 0 591
 0 592
 0 593
 0 594
 0 595
 0 596
 0 597
 0 598
 0 599
 0 600


