# Created by Octave 3.8.2, Sun Jun 21 05:15:11 2020 CEST <damian@fptrucha.inv.usc.es>
# name: hd
# type: matrix
# rows: 551
# columns: 2
 0 50
 0 51
 0 52
 0 53
 0 54
 0 55
 0 56
 0 57
 0 58
 0 59
 0 60
 0 61
 0 62
 0 63
 0 64
 0 65
 0 66
 0 67
 0 68
 0 69
 0 70
 0 71
 0 72
 0 73
 0 74
 0 75
 0 76
 0 77
 0 78
 0 79
 0 80
 0 81
 0 82
 0 83
 0 84
 0 85
 0 86
 0 87
 4 88
 3 89
 4 90
 19 91
 75 92
 119 93
 134 94
 275 95
 381 96
 518 97
 629 98
 809 99
 911 100
 1019 101
 1112 102
 1198 103
 1220 104
 1299 105
 1285 106
 1265 107
 1290 108
 1207 109
 1220 110
 1178 111
 1114 112
 1053 113
 1018 114
 1007 115
 928 116
 812 117
 808 118
 799 119
 675 120
 646 121
 608 122
 546 123
 530 124
 493 125
 461 126
 402 127
 366 128
 327 129
 312 130
 259 131
 267 132
 239 133
 232 134
 260 135
 202 136
 168 137
 171 138
 150 139
 160 140
 119 141
 149 142
 103 143
 131 144
 102 145
 95 146
 99 147
 74 148
 82 149
 76 150
 70 151
 55 152
 67 153
 53 154
 66 155
 52 156
 50 157
 56 158
 47 159
 37 160
 34 161
 35 162
 32 163
 22 164
 37 165
 20 166
 25 167
 25 168
 23 169
 16 170
 22 171
 21 172
 11 173
 4 174
 22 175
 12 176
 11 177
 12 178
 13 179
 9 180
 16 181
 9 182
 8 183
 5 184
 7 185
 7 186
 10 187
 4 188
 7 189
 3 190
 6 191
 7 192
 2 193
 2 194
 3 195
 5 196
 3 197
 3 198
 1 199
 2 200
 0 201
 4 202
 3 203
 1 204
 1 205
 3 206
 1 207
 1 208
 1 209
 0 210
 0 211
 0 212
 1 213
 0 214
 2 215
 1 216
 0 217
 0 218
 1 219
 0 220
 1 221
 0 222
 1 223
 1 224
 1 225
 0 226
 0 227
 0 228
 0 229
 0 230
 0 231
 0 232
 0 233
 0 234
 0 235
 0 236
 0 237
 0 238
 0 239
 0 240
 0 241
 0 242
 0 243
 0 244
 0 245
 0 246
 0 247
 0 248
 0 249
 0 250
 0 251
 0 252
 0 253
 0 254
 0 255
 0 256
 0 257
 0 258
 0 259
 0 260
 0 261
 0 262
 0 263
 0 264
 0 265
 0 266
 0 267
 0 268
 0 269
 0 270
 0 271
 0 272
 0 273
 0 274
 0 275
 0 276
 0 277
 0 278
 0 279
 1 280
 0 281
 1 282
 0 283
 0 284
 0 285
 0 286
 0 287
 0 288
 1 289
 0 290
 1 291
 0 292
 1 293
 0 294
 2 295
 0 296
 1 297
 0 298
 3 299
 1 300
 1 301
 2 302
 0 303
 1 304
 1 305
 2 306
 0 307
 0 308
 4 309
 3 310
 1 311
 1 312
 4 313
 2 314
 7 315
 5 316
 3 317
 1 318
 2 319
 1 320
 0 321
 5 322
 2 323
 0 324
 2 325
 2 326
 2 327
 5 328
 4 329
 4 330
 2 331
 2 332
 3 333
 3 334
 1 335
 6 336
 3 337
 3 338
 1 339
 5 340
 1 341
 0 342
 3 343
 4 344
 1 345
 1 346
 4 347
 1 348
 3 349
 2 350
 2 351
 0 352
 0 353
 3 354
 1 355
 2 356
 3 357
 5 358
 0 359
 3 360
 0 361
 1 362
 2 363
 0 364
 2 365
 0 366
 1 367
 0 368
 1 369
 1 370
 0 371
 0 372
 0 373
 0 374
 0 375
 2 376
 1 377
 0 378
 0 379
 2 380
 0 381
 0 382
 0 383
 1 384
 0 385
 0 386
 0 387
 0 388
 0 389
 0 390
 0 391
 0 392
 2 393
 1 394
 0 395
 1 396
 0 397
 0 398
 0 399
 0 400
 1 401
 0 402
 0 403
 0 404
 0 405
 0 406
 0 407
 0 408
 0 409
 0 410
 0 411
 0 412
 2 413
 0 414
 0 415
 0 416
 0 417
 0 418
 0 419
 0 420
 0 421
 0 422
 0 423
 0 424
 0 425
 0 426
 1 427
 0 428
 0 429
 1 430
 0 431
 0 432
 0 433
 0 434
 0 435
 0 436
 0 437
 1 438
 0 439
 0 440
 0 441
 0 442
 0 443
 0 444
 0 445
 0 446
 0 447
 0 448
 0 449
 0 450
 0 451
 0 452
 0 453
 0 454
 0 455
 0 456
 0 457
 0 458
 0 459
 0 460
 0 461
 0 462
 0 463
 0 464
 0 465
 0 466
 0 467
 0 468
 0 469
 0 470
 0 471
 0 472
 0 473
 0 474
 0 475
 0 476
 0 477
 0 478
 0 479
 0 480
 0 481
 0 482
 0 483
 0 484
 0 485
 0 486
 0 487
 0 488
 0 489
 0 490
 0 491
 0 492
 0 493
 0 494
 0 495
 0 496
 0 497
 0 498
 0 499
 0 500
 0 501
 0 502
 0 503
 0 504
 0 505
 0 506
 0 507
 0 508
 0 509
 0 510
 0 511
 0 512
 0 513
 0 514
 0 515
 0 516
 0 517
 0 518
 0 519
 0 520
 0 521
 0 522
 0 523
 0 524
 0 525
 0 526
 0 527
 0 528
 0 529
 0 530
 0 531
 0 532
 0 533
 0 534
 0 535
 0 536
 0 537
 0 538
 0 539
 0 540
 0 541
 0 542
 0 543
 0 544
 0 545
 0 546
 0 547
 0 548
 0 549
 0 550
 0 551
 0 552
 0 553
 0 554
 0 555
 0 556
 0 557
 0 558
 0 559
 0 560
 0 561
 0 562
 0 563
 0 564
 0 565
 0 566
 0 567
 0 568
 0 569
 0 570
 0 571
 0 572
 0 573
 0 574
 0 575
 0 576
 0 577
 0 578
 0 579
 0 580
 0 581
 0 582
 0 583
 0 584
 0 585
 0 586
 0 587
 0 588
 0 589
 0 590
 0 591
 0 592
 0 593
 0 594
 0 595
 0 596
 0 597
 0 598
 0 599
 0 600


