# Created by Octave 3.8.2, Sat Jun 20 13:43:55 2020 CEST <damian@fptrucha.inv.usc.es>
# name: hd
# type: matrix
# rows: 551
# columns: 2
 0 50
 0 51
 0 52
 0 53
 0 54
 0 55
 0 56
 0 57
 0 58
 0 59
 0 60
 0 61
 0 62
 0 63
 0 64
 0 65
 0 66
 0 67
 0 68
 0 69
 0 70
 0 71
 0 72
 0 73
 0 74
 0 75
 0 76
 0 77
 0 78
 0 79
 0 80
 0 81
 0 82
 0 83
 0 84
 0 85
 0 86
 0 87
 0 88
 4 89
 4 90
 22 91
 98 92
 139 93
 171 94
 282 95
 430 96
 648 97
 785 98
 943 99
 1087 100
 1261 101
 1301 102
 1271 103
 1425 104
 1486 105
 1490 106
 1417 107
 1403 108
 1360 109
 1441 110
 1320 111
 1260 112
 1123 113
 1056 114
 1054 115
 1007 116
 934 117
 834 118
 750 119
 745 120
 653 121
 579 122
 564 123
 537 124
 497 125
 471 126
 398 127
 436 128
 326 129
 354 130
 284 131
 267 132
 257 133
 215 134
 220 135
 205 136
 175 137
 167 138
 162 139
 132 140
 132 141
 138 142
 109 143
 100 144
 110 145
 99 146
 74 147
 81 148
 65 149
 78 150
 64 151
 63 152
 80 153
 64 154
 50 155
 53 156
 45 157
 34 158
 41 159
 41 160
 46 161
 33 162
 26 163
 28 164
 27 165
 23 166
 18 167
 15 168
 20 169
 16 170
 14 171
 17 172
 16 173
 9 174
 19 175
 13 176
 17 177
 10 178
 7 179
 10 180
 10 181
 5 182
 5 183
 14 184
 7 185
 2 186
 7 187
 3 188
 6 189
 8 190
 1 191
 3 192
 1 193
 3 194
 6 195
 1 196
 2 197
 2 198
 0 199
 0 200
 1 201
 2 202
 1 203
 2 204
 1 205
 2 206
 3 207
 0 208
 1 209
 0 210
 2 211
 1 212
 0 213
 1 214
 1 215
 0 216
 2 217
 0 218
 0 219
 1 220
 0 221
 0 222
 0 223
 1 224
 0 225
 0 226
 0 227
 0 228
 0 229
 1 230
 0 231
 1 232
 0 233
 0 234
 0 235
 1 236
 0 237
 0 238
 0 239
 1 240
 0 241
 0 242
 0 243
 0 244
 0 245
 0 246
 0 247
 0 248
 0 249
 0 250
 0 251
 0 252
 0 253
 0 254
 0 255
 0 256
 0 257
 0 258
 0 259
 0 260
 0 261
 0 262
 0 263
 0 264
 0 265
 0 266
 0 267
 0 268
 0 269
 0 270
 0 271
 0 272
 0 273
 1 274
 0 275
 0 276
 0 277
 0 278
 0 279
 0 280
 0 281
 1 282
 0 283
 0 284
 0 285
 0 286
 1 287
 0 288
 1 289
 0 290
 0 291
 0 292
 2 293
 0 294
 0 295
 0 296
 1 297
 0 298
 1 299
 0 300
 0 301
 1 302
 0 303
 2 304
 5 305
 2 306
 3 307
 2 308
 3 309
 0 310
 5 311
 3 312
 2 313
 1 314
 3 315
 3 316
 2 317
 2 318
 3 319
 2 320
 2 321
 2 322
 2 323
 4 324
 2 325
 2 326
 0 327
 3 328
 2 329
 3 330
 4 331
 4 332
 1 333
 0 334
 4 335
 0 336
 1 337
 5 338
 4 339
 1 340
 2 341
 3 342
 0 343
 2 344
 2 345
 4 346
 1 347
 3 348
 1 349
 5 350
 6 351
 5 352
 0 353
 1 354
 1 355
 2 356
 5 357
 3 358
 1 359
 1 360
 0 361
 2 362
 3 363
 3 364
 1 365
 2 366
 2 367
 2 368
 0 369
 2 370
 0 371
 1 372
 1 373
 1 374
 1 375
 1 376
 2 377
 0 378
 0 379
 2 380
 1 381
 2 382
 0 383
 0 384
 2 385
 0 386
 2 387
 1 388
 0 389
 2 390
 0 391
 0 392
 0 393
 1 394
 0 395
 1 396
 0 397
 0 398
 1 399
 0 400
 0 401
 1 402
 0 403
 0 404
 0 405
 1 406
 0 407
 0 408
 0 409
 0 410
 0 411
 0 412
 0 413
 0 414
 1 415
 0 416
 0 417
 1 418
 0 419
 0 420
 0 421
 0 422
 0 423
 0 424
 0 425
 0 426
 0 427
 0 428
 0 429
 0 430
 0 431
 0 432
 0 433
 0 434
 0 435
 0 436
 0 437
 0 438
 0 439
 0 440
 0 441
 0 442
 0 443
 0 444
 0 445
 0 446
 0 447
 0 448
 0 449
 1 450
 0 451
 0 452
 0 453
 0 454
 0 455
 0 456
 0 457
 0 458
 0 459
 0 460
 0 461
 0 462
 0 463
 0 464
 0 465
 0 466
 0 467
 0 468
 0 469
 0 470
 0 471
 0 472
 0 473
 0 474
 0 475
 0 476
 0 477
 0 478
 0 479
 0 480
 0 481
 0 482
 0 483
 0 484
 0 485
 0 486
 0 487
 0 488
 0 489
 0 490
 0 491
 0 492
 0 493
 0 494
 0 495
 0 496
 0 497
 0 498
 0 499
 0 500
 0 501
 0 502
 0 503
 0 504
 0 505
 0 506
 0 507
 0 508
 0 509
 0 510
 0 511
 0 512
 0 513
 0 514
 0 515
 0 516
 0 517
 0 518
 0 519
 0 520
 0 521
 0 522
 0 523
 0 524
 0 525
 0 526
 0 527
 0 528
 0 529
 0 530
 0 531
 0 532
 0 533
 0 534
 0 535
 0 536
 0 537
 0 538
 0 539
 0 540
 0 541
 0 542
 0 543
 0 544
 0 545
 0 546
 0 547
 0 548
 0 549
 0 550
 0 551
 0 552
 0 553
 0 554
 0 555
 0 556
 0 557
 0 558
 0 559
 0 560
 0 561
 0 562
 0 563
 0 564
 0 565
 0 566
 0 567
 0 568
 0 569
 0 570
 0 571
 0 572
 0 573
 0 574
 0 575
 0 576
 0 577
 0 578
 0 579
 0 580
 0 581
 0 582
 0 583
 0 584
 0 585
 0 586
 0 587
 0 588
 0 589
 0 590
 0 591
 0 592
 0 593
 0 594
 0 595
 0 596
 0 597
 0 598
 0 599
 0 600


