# Created by Octave 3.8.2, Sat Jun 20 06:05:25 2020 CEST <damian@fptrucha.inv.usc.es>
# name: hd
# type: matrix
# rows: 551
# columns: 2
 0 50
 0 51
 0 52
 0 53
 0 54
 0 55
 0 56
 0 57
 0 58
 0 59
 0 60
 0 61
 0 62
 0 63
 0 64
 0 65
 0 66
 0 67
 0 68
 0 69
 0 70
 0 71
 0 72
 0 73
 0 74
 0 75
 0 76
 0 77
 0 78
 0 79
 0 80
 0 81
 0 82
 0 83
 0 84
 0 85
 0 86
 0 87
 2 88
 4 89
 4 90
 40 91
 91 92
 131 93
 188 94
 293 95
 438 96
 641 97
 867 98
 1017 99
 1143 100
 1306 101
 1451 102
 1444 103
 1475 104
 1585 105
 1528 106
 1492 107
 1474 108
 1405 109
 1409 110
 1306 111
 1341 112
 1280 113
 1145 114
 1136 115
 960 116
 976 117
 846 118
 775 119
 786 120
 726 121
 650 122
 543 123
 567 124
 526 125
 448 126
 460 127
 380 128
 331 129
 360 130
 293 131
 293 132
 235 133
 252 134
 267 135
 208 136
 187 137
 162 138
 174 139
 156 140
 128 141
 126 142
 119 143
 109 144
 116 145
 107 146
 92 147
 96 148
 100 149
 79 150
 84 151
 54 152
 61 153
 50 154
 54 155
 38 156
 46 157
 52 158
 42 159
 32 160
 32 161
 35 162
 31 163
 40 164
 26 165
 25 166
 29 167
 20 168
 19 169
 27 170
 13 171
 10 172
 23 173
 15 174
 16 175
 13 176
 11 177
 11 178
 20 179
 8 180
 9 181
 8 182
 5 183
 7 184
 5 185
 4 186
 7 187
 5 188
 3 189
 4 190
 8 191
 6 192
 4 193
 5 194
 7 195
 3 196
 0 197
 3 198
 0 199
 1 200
 4 201
 3 202
 2 203
 2 204
 0 205
 2 206
 3 207
 1 208
 1 209
 2 210
 0 211
 0 212
 2 213
 1 214
 2 215
 2 216
 0 217
 1 218
 0 219
 0 220
 0 221
 0 222
 1 223
 0 224
 0 225
 0 226
 1 227
 0 228
 0 229
 0 230
 0 231
 0 232
 0 233
 1 234
 0 235
 0 236
 0 237
 0 238
 0 239
 0 240
 0 241
 0 242
 0 243
 0 244
 0 245
 0 246
 0 247
 0 248
 0 249
 0 250
 0 251
 0 252
 0 253
 0 254
 0 255
 0 256
 0 257
 0 258
 0 259
 0 260
 0 261
 0 262
 0 263
 0 264
 0 265
 0 266
 0 267
 0 268
 0 269
 0 270
 0 271
 0 272
 0 273
 0 274
 0 275
 0 276
 0 277
 0 278
 0 279
 0 280
 0 281
 0 282
 0 283
 1 284
 0 285
 0 286
 0 287
 0 288
 0 289
 0 290
 0 291
 0 292
 1 293
 0 294
 0 295
 1 296
 0 297
 1 298
 1 299
 1 300
 0 301
 1 302
 3 303
 1 304
 1 305
 0 306
 1 307
 1 308
 2 309
 2 310
 2 311
 1 312
 0 313
 2 314
 2 315
 0 316
 2 317
 2 318
 0 319
 1 320
 2 321
 3 322
 2 323
 4 324
 2 325
 2 326
 1 327
 6 328
 2 329
 0 330
 2 331
 0 332
 1 333
 2 334
 3 335
 3 336
 1 337
 3 338
 1 339
 3 340
 5 341
 4 342
 2 343
 3 344
 0 345
 1 346
 2 347
 4 348
 1 349
 5 350
 2 351
 1 352
 1 353
 2 354
 1 355
 1 356
 0 357
 0 358
 1 359
 2 360
 1 361
 1 362
 1 363
 3 364
 1 365
 2 366
 1 367
 1 368
 0 369
 1 370
 0 371
 4 372
 1 373
 0 374
 0 375
 1 376
 2 377
 2 378
 0 379
 1 380
 0 381
 1 382
 0 383
 0 384
 1 385
 0 386
 1 387
 0 388
 1 389
 0 390
 0 391
 0 392
 1 393
 0 394
 0 395
 0 396
 1 397
 0 398
 0 399
 0 400
 0 401
 0 402
 0 403
 0 404
 0 405
 0 406
 0 407
 0 408
 0 409
 1 410
 0 411
 0 412
 0 413
 0 414
 0 415
 0 416
 0 417
 0 418
 1 419
 0 420
 0 421
 0 422
 0 423
 0 424
 0 425
 0 426
 0 427
 0 428
 0 429
 0 430
 0 431
 0 432
 0 433
 0 434
 0 435
 0 436
 0 437
 0 438
 0 439
 0 440
 0 441
 0 442
 0 443
 0 444
 0 445
 0 446
 0 447
 0 448
 0 449
 0 450
 0 451
 0 452
 0 453
 0 454
 0 455
 0 456
 0 457
 0 458
 0 459
 0 460
 0 461
 0 462
 0 463
 0 464
 0 465
 0 466
 0 467
 0 468
 0 469
 0 470
 0 471
 0 472
 0 473
 0 474
 0 475
 0 476
 0 477
 0 478
 0 479
 0 480
 0 481
 0 482
 0 483
 0 484
 0 485
 0 486
 0 487
 0 488
 0 489
 0 490
 0 491
 0 492
 0 493
 0 494
 0 495
 0 496
 0 497
 0 498
 0 499
 0 500
 0 501
 0 502
 0 503
 0 504
 0 505
 0 506
 0 507
 0 508
 0 509
 0 510
 0 511
 0 512
 0 513
 0 514
 0 515
 0 516
 0 517
 0 518
 0 519
 0 520
 0 521
 0 522
 0 523
 0 524
 0 525
 0 526
 0 527
 0 528
 0 529
 0 530
 0 531
 0 532
 0 533
 0 534
 0 535
 0 536
 0 537
 0 538
 0 539
 0 540
 0 541
 0 542
 0 543
 0 544
 0 545
 0 546
 0 547
 0 548
 0 549
 0 550
 0 551
 0 552
 0 553
 0 554
 0 555
 0 556
 0 557
 0 558
 0 559
 0 560
 0 561
 0 562
 0 563
 0 564
 0 565
 0 566
 0 567
 0 568
 0 569
 0 570
 0 571
 0 572
 0 573
 0 574
 0 575
 0 576
 0 577
 0 578
 0 579
 0 580
 0 581
 0 582
 0 583
 0 584
 0 585
 0 586
 0 587
 0 588
 0 589
 0 590
 0 591
 0 592
 0 593
 0 594
 0 595
 0 596
 0 597
 0 598
 0 599
 0 600


