# Created by Octave 3.8.2, Sun Jun 21 06:38:50 2020 CEST <damian@fptrucha.inv.usc.es>
# name: hd
# type: matrix
# rows: 551
# columns: 2
 0 50
 0 51
 0 52
 0 53
 0 54
 0 55
 0 56
 0 57
 0 58
 0 59
 0 60
 0 61
 0 62
 0 63
 0 64
 0 65
 0 66
 0 67
 0 68
 0 69
 0 70
 0 71
 0 72
 0 73
 0 74
 0 75
 0 76
 0 77
 0 78
 0 79
 0 80
 0 81
 0 82
 0 83
 0 84
 0 85
 0 86
 0 87
 1 88
 1 89
 6 90
 41 91
 88 92
 121 93
 160 94
 274 95
 407 96
 540 97
 751 98
 871 99
 936 100
 1099 101
 1168 102
 1210 103
 1279 104
 1330 105
 1302 106
 1354 107
 1342 108
 1272 109
 1285 110
 1182 111
 1144 112
 1082 113
 1061 114
 996 115
 934 116
 881 117
 786 118
 800 119
 766 120
 651 121
 654 122
 571 123
 495 124
 446 125
 484 126
 410 127
 357 128
 356 129
 303 130
 284 131
 265 132
 235 133
 232 134
 219 135
 200 136
 184 137
 183 138
 134 139
 151 140
 136 141
 126 142
 119 143
 116 144
 96 145
 104 146
 96 147
 69 148
 75 149
 63 150
 73 151
 73 152
 54 153
 51 154
 58 155
 43 156
 42 157
 48 158
 38 159
 37 160
 39 161
 25 162
 33 163
 31 164
 29 165
 17 166
 27 167
 14 168
 29 169
 18 170
 16 171
 9 172
 18 173
 14 174
 9 175
 7 176
 14 177
 7 178
 12 179
 8 180
 8 181
 9 182
 8 183
 6 184
 6 185
 4 186
 6 187
 8 188
 3 189
 2 190
 5 191
 3 192
 6 193
 4 194
 4 195
 2 196
 3 197
 4 198
 2 199
 2 200
 1 201
 0 202
 2 203
 1 204
 2 205
 0 206
 4 207
 1 208
 0 209
 1 210
 0 211
 0 212
 1 213
 1 214
 3 215
 3 216
 1 217
 0 218
 1 219
 0 220
 1 221
 1 222
 0 223
 0 224
 1 225
 0 226
 0 227
 0 228
 0 229
 0 230
 0 231
 0 232
 0 233
 0 234
 0 235
 0 236
 0 237
 0 238
 0 239
 0 240
 0 241
 1 242
 0 243
 0 244
 0 245
 0 246
 0 247
 0 248
 0 249
 0 250
 0 251
 0 252
 0 253
 0 254
 0 255
 0 256
 0 257
 0 258
 0 259
 0 260
 0 261
 0 262
 0 263
 0 264
 0 265
 0 266
 0 267
 0 268
 0 269
 0 270
 0 271
 0 272
 1 273
 0 274
 0 275
 1 276
 1 277
 0 278
 0 279
 1 280
 0 281
 1 282
 0 283
 0 284
 2 285
 1 286
 0 287
 0 288
 0 289
 2 290
 0 291
 0 292
 0 293
 0 294
 1 295
 1 296
 3 297
 1 298
 1 299
 1 300
 3 301
 1 302
 2 303
 3 304
 0 305
 0 306
 3 307
 4 308
 1 309
 3 310
 4 311
 2 312
 2 313
 1 314
 1 315
 1 316
 0 317
 1 318
 0 319
 3 320
 2 321
 0 322
 3 323
 7 324
 1 325
 2 326
 1 327
 4 328
 4 329
 1 330
 4 331
 2 332
 2 333
 2 334
 4 335
 2 336
 2 337
 2 338
 1 339
 2 340
 3 341
 4 342
 2 343
 1 344
 4 345
 1 346
 3 347
 2 348
 0 349
 0 350
 0 351
 2 352
 5 353
 0 354
 1 355
 3 356
 1 357
 1 358
 1 359
 2 360
 2 361
 1 362
 2 363
 0 364
 1 365
 1 366
 2 367
 1 368
 2 369
 1 370
 0 371
 0 372
 2 373
 2 374
 0 375
 3 376
 2 377
 2 378
 0 379
 0 380
 0 381
 2 382
 0 383
 0 384
 0 385
 0 386
 0 387
 1 388
 1 389
 0 390
 0 391
 0 392
 1 393
 0 394
 0 395
 1 396
 0 397
 0 398
 0 399
 1 400
 0 401
 0 402
 0 403
 1 404
 0 405
 0 406
 0 407
 0 408
 0 409
 0 410
 0 411
 0 412
 0 413
 0 414
 0 415
 0 416
 0 417
 0 418
 0 419
 0 420
 0 421
 0 422
 0 423
 0 424
 0 425
 0 426
 0 427
 0 428
 0 429
 0 430
 0 431
 0 432
 0 433
 0 434
 0 435
 0 436
 0 437
 0 438
 0 439
 0 440
 0 441
 0 442
 0 443
 0 444
 0 445
 0 446
 0 447
 0 448
 0 449
 0 450
 0 451
 0 452
 0 453
 0 454
 0 455
 0 456
 0 457
 0 458
 0 459
 0 460
 0 461
 0 462
 0 463
 0 464
 0 465
 0 466
 0 467
 0 468
 0 469
 0 470
 0 471
 0 472
 0 473
 0 474
 0 475
 0 476
 0 477
 0 478
 0 479
 0 480
 0 481
 0 482
 0 483
 0 484
 0 485
 0 486
 0 487
 0 488
 0 489
 0 490
 0 491
 0 492
 0 493
 0 494
 0 495
 0 496
 0 497
 0 498
 0 499
 0 500
 0 501
 0 502
 0 503
 0 504
 0 505
 0 506
 0 507
 0 508
 0 509
 0 510
 0 511
 0 512
 0 513
 0 514
 0 515
 0 516
 0 517
 0 518
 0 519
 0 520
 0 521
 0 522
 0 523
 0 524
 0 525
 0 526
 0 527
 0 528
 0 529
 0 530
 0 531
 0 532
 0 533
 0 534
 0 535
 0 536
 0 537
 0 538
 0 539
 0 540
 0 541
 0 542
 0 543
 0 544
 0 545
 0 546
 0 547
 0 548
 0 549
 0 550
 0 551
 0 552
 0 553
 0 554
 0 555
 0 556
 0 557
 0 558
 0 559
 0 560
 0 561
 0 562
 0 563
 0 564
 0 565
 0 566
 0 567
 0 568
 0 569
 0 570
 0 571
 0 572
 0 573
 0 574
 0 575
 0 576
 0 577
 0 578
 0 579
 0 580
 0 581
 0 582
 0 583
 0 584
 0 585
 0 586
 0 587
 0 588
 0 589
 0 590
 0 591
 0 592
 0 593
 0 594
 0 595
 0 596
 0 597
 0 598
 0 599
 0 600


