# Created by Octave 3.8.2, Mon Jun 22 23:08:19 2020 CEST <damian@fptrucha.inv.usc.es>
# name: hd
# type: matrix
# rows: 551
# columns: 2
 0 50
 0 51
 0 52
 0 53
 0 54
 0 55
 0 56
 0 57
 0 58
 0 59
 0 60
 0 61
 0 62
 0 63
 0 64
 0 65
 0 66
 0 67
 0 68
 0 69
 0 70
 0 71
 0 72
 0 73
 0 74
 0 75
 0 76
 0 77
 0 78
 0 79
 0 80
 0 81
 0 82
 0 83
 0 84
 0 85
 0 86
 0 87
 0 88
 2 89
 3 90
 34 91
 99 92
 139 93
 187 94
 358 95
 533 96
 797 97
 1012 98
 1137 99
 1405 100
 1509 101
 1598 102
 1634 103
 1662 104
 1616 105
 1655 106
 1545 107
 1515 108
 1428 109
 1391 110
 1350 111
 1213 112
 1170 113
 1062 114
 943 115
 856 116
 777 117
 753 118
 665 119
 592 120
 550 121
 503 122
 446 123
 408 124
 378 125
 374 126
 326 127
 284 128
 298 129
 261 130
 228 131
 202 132
 191 133
 203 134
 170 135
 146 136
 176 137
 143 138
 117 139
 116 140
 98 141
 104 142
 100 143
 97 144
 95 145
 95 146
 89 147
 57 148
 64 149
 64 150
 65 151
 58 152
 63 153
 55 154
 47 155
 53 156
 54 157
 33 158
 31 159
 39 160
 33 161
 36 162
 29 163
 20 164
 22 165
 17 166
 23 167
 19 168
 18 169
 18 170
 21 171
 14 172
 11 173
 17 174
 15 175
 9 176
 13 177
 10 178
 19 179
 8 180
 10 181
 9 182
 8 183
 6 184
 3 185
 3 186
 6 187
 2 188
 3 189
 3 190
 4 191
 5 192
 4 193
 1 194
 2 195
 0 196
 3 197
 3 198
 1 199
 1 200
 3 201
 3 202
 0 203
 3 204
 2 205
 3 206
 1 207
 2 208
 2 209
 3 210
 1 211
 1 212
 1 213
 1 214
 0 215
 0 216
 0 217
 0 218
 0 219
 1 220
 1 221
 0 222
 0 223
 0 224
 1 225
 1 226
 0 227
 0 228
 0 229
 0 230
 0 231
 0 232
 0 233
 0 234
 0 235
 0 236
 0 237
 0 238
 0 239
 0 240
 0 241
 0 242
 0 243
 0 244
 0 245
 0 246
 0 247
 0 248
 0 249
 0 250
 0 251
 0 252
 0 253
 0 254
 0 255
 0 256
 0 257
 0 258
 0 259
 0 260
 0 261
 0 262
 0 263
 0 264
 0 265
 0 266
 0 267
 0 268
 0 269
 0 270
 0 271
 0 272
 0 273
 0 274
 0 275
 0 276
 0 277
 0 278
 0 279
 0 280
 0 281
 0 282
 2 283
 0 284
 0 285
 0 286
 1 287
 1 288
 1 289
 1 290
 2 291
 1 292
 2 293
 0 294
 1 295
 2 296
 3 297
 1 298
 0 299
 0 300
 2 301
 0 302
 4 303
 0 304
 5 305
 0 306
 2 307
 1 308
 3 309
 3 310
 2 311
 2 312
 1 313
 2 314
 5 315
 1 316
 1 317
 4 318
 3 319
 1 320
 1 321
 3 322
 3 323
 2 324
 5 325
 2 326
 5 327
 6 328
 4 329
 2 330
 3 331
 5 332
 3 333
 4 334
 3 335
 3 336
 3 337
 6 338
 1 339
 5 340
 0 341
 3 342
 2 343
 7 344
 2 345
 4 346
 1 347
 2 348
 2 349
 2 350
 3 351
 1 352
 0 353
 3 354
 3 355
 0 356
 1 357
 3 358
 1 359
 2 360
 1 361
 0 362
 2 363
 2 364
 1 365
 1 366
 1 367
 2 368
 1 369
 0 370
 3 371
 1 372
 2 373
 0 374
 0 375
 1 376
 1 377
 1 378
 2 379
 0 380
 0 381
 0 382
 0 383
 0 384
 0 385
 1 386
 1 387
 0 388
 0 389
 0 390
 0 391
 0 392
 0 393
 0 394
 0 395
 0 396
 0 397
 0 398
 0 399
 1 400
 0 401
 0 402
 0 403
 0 404
 1 405
 0 406
 0 407
 1 408
 0 409
 0 410
 0 411
 0 412
 0 413
 0 414
 0 415
 0 416
 0 417
 0 418
 0 419
 0 420
 0 421
 0 422
 0 423
 0 424
 0 425
 0 426
 0 427
 0 428
 0 429
 0 430
 0 431
 0 432
 0 433
 0 434
 0 435
 0 436
 0 437
 0 438
 0 439
 0 440
 0 441
 0 442
 0 443
 0 444
 0 445
 0 446
 0 447
 0 448
 0 449
 0 450
 0 451
 0 452
 0 453
 0 454
 0 455
 0 456
 0 457
 0 458
 0 459
 0 460
 0 461
 0 462
 0 463
 0 464
 0 465
 0 466
 0 467
 0 468
 0 469
 0 470
 0 471
 0 472
 0 473
 0 474
 0 475
 0 476
 0 477
 0 478
 0 479
 0 480
 0 481
 0 482
 0 483
 0 484
 0 485
 0 486
 0 487
 0 488
 0 489
 0 490
 0 491
 0 492
 0 493
 0 494
 0 495
 0 496
 0 497
 0 498
 0 499
 0 500
 0 501
 0 502
 0 503
 0 504
 0 505
 0 506
 0 507
 0 508
 0 509
 0 510
 0 511
 0 512
 0 513
 0 514
 0 515
 0 516
 0 517
 0 518
 0 519
 0 520
 0 521
 0 522
 0 523
 0 524
 0 525
 0 526
 0 527
 0 528
 0 529
 0 530
 0 531
 0 532
 0 533
 0 534
 0 535
 0 536
 0 537
 0 538
 0 539
 0 540
 0 541
 0 542
 0 543
 0 544
 0 545
 0 546
 0 547
 0 548
 0 549
 0 550
 0 551
 0 552
 0 553
 0 554
 0 555
 0 556
 0 557
 0 558
 0 559
 0 560
 0 561
 0 562
 0 563
 0 564
 0 565
 0 566
 0 567
 0 568
 0 569
 0 570
 0 571
 0 572
 0 573
 0 574
 0 575
 0 576
 0 577
 0 578
 0 579
 0 580
 0 581
 0 582
 0 583
 0 584
 0 585
 0 586
 0 587
 0 588
 0 589
 0 590
 0 591
 0 592
 0 593
 0 594
 0 595
 0 596
 0 597
 0 598
 0 599
 0 600


