# Created by Octave 3.8.2, Mon Jun 22 10:30:57 2020 CEST <damian@fptrucha.inv.usc.es>
# name: hd
# type: matrix
# rows: 551
# columns: 2
 0 50
 0 51
 0 52
 0 53
 0 54
 0 55
 0 56
 0 57
 0 58
 0 59
 0 60
 0 61
 0 62
 0 63
 0 64
 0 65
 0 66
 0 67
 0 68
 0 69
 0 70
 0 71
 0 72
 0 73
 0 74
 0 75
 0 76
 0 77
 0 78
 0 79
 0 80
 0 81
 0 82
 0 83
 0 84
 0 85
 0 86
 0 87
 0 88
 1 89
 4 90
 12 91
 71 92
 112 93
 167 94
 250 95
 375 96
 554 97
 731 98
 929 99
 1121 100
 1231 101
 1303 102
 1349 103
 1406 104
 1447 105
 1422 106
 1411 107
 1355 108
 1325 109
 1202 110
 1211 111
 1104 112
 1097 113
 999 114
 908 115
 821 116
 767 117
 770 118
 673 119
 589 120
 585 121
 517 122
 486 123
 384 124
 408 125
 347 126
 350 127
 308 128
 284 129
 261 130
 249 131
 239 132
 193 133
 183 134
 186 135
 141 136
 155 137
 133 138
 117 139
 128 140
 112 141
 104 142
 97 143
 102 144
 98 145
 95 146
 78 147
 85 148
 86 149
 71 150
 58 151
 69 152
 69 153
 67 154
 41 155
 48 156
 43 157
 48 158
 46 159
 40 160
 39 161
 35 162
 45 163
 37 164
 32 165
 20 166
 25 167
 19 168
 19 169
 24 170
 17 171
 18 172
 15 173
 18 174
 20 175
 16 176
 13 177
 16 178
 14 179
 13 180
 11 181
 9 182
 8 183
 8 184
 8 185
 5 186
 9 187
 11 188
 4 189
 6 190
 7 191
 7 192
 2 193
 7 194
 6 195
 4 196
 6 197
 1 198
 0 199
 3 200
 5 201
 4 202
 2 203
 1 204
 2 205
 5 206
 3 207
 1 208
 0 209
 2 210
 1 211
 2 212
 2 213
 1 214
 0 215
 1 216
 0 217
 0 218
 1 219
 0 220
 1 221
 0 222
 0 223
 1 224
 2 225
 0 226
 1 227
 0 228
 0 229
 0 230
 0 231
 0 232
 0 233
 0 234
 0 235
 0 236
 0 237
 0 238
 0 239
 0 240
 0 241
 0 242
 0 243
 0 244
 0 245
 0 246
 0 247
 0 248
 0 249
 0 250
 0 251
 0 252
 0 253
 0 254
 0 255
 0 256
 0 257
 0 258
 0 259
 0 260
 0 261
 0 262
 0 263
 0 264
 0 265
 0 266
 0 267
 0 268
 0 269
 0 270
 0 271
 0 272
 0 273
 1 274
 0 275
 0 276
 0 277
 1 278
 0 279
 1 280
 1 281
 0 282
 2 283
 3 284
 1 285
 0 286
 1 287
 0 288
 0 289
 0 290
 7 291
 1 292
 1 293
 0 294
 0 295
 7 296
 4 297
 2 298
 0 299
 0 300
 2 301
 1 302
 1 303
 0 304
 1 305
 1 306
 2 307
 4 308
 3 309
 1 310
 3 311
 2 312
 1 313
 3 314
 3 315
 3 316
 2 317
 3 318
 2 319
 1 320
 1 321
 3 322
 5 323
 1 324
 4 325
 1 326
 4 327
 5 328
 0 329
 3 330
 3 331
 4 332
 3 333
 4 334
 1 335
 4 336
 3 337
 4 338
 2 339
 3 340
 2 341
 1 342
 1 343
 3 344
 2 345
 0 346
 4 347
 0 348
 1 349
 1 350
 0 351
 3 352
 2 353
 1 354
 1 355
 2 356
 2 357
 0 358
 1 359
 2 360
 0 361
 0 362
 3 363
 3 364
 2 365
 1 366
 1 367
 1 368
 0 369
 1 370
 0 371
 1 372
 1 373
 0 374
 2 375
 0 376
 1 377
 1 378
 0 379
 0 380
 0 381
 0 382
 0 383
 0 384
 0 385
 0 386
 0 387
 1 388
 0 389
 0 390
 0 391
 0 392
 0 393
 0 394
 1 395
 0 396
 1 397
 0 398
 0 399
 0 400
 0 401
 2 402
 0 403
 0 404
 1 405
 0 406
 0 407
 0 408
 0 409
 0 410
 0 411
 0 412
 0 413
 0 414
 0 415
 0 416
 0 417
 0 418
 0 419
 0 420
 0 421
 0 422
 0 423
 0 424
 0 425
 0 426
 0 427
 0 428
 0 429
 0 430
 0 431
 0 432
 0 433
 0 434
 0 435
 0 436
 0 437
 0 438
 0 439
 0 440
 0 441
 0 442
 0 443
 0 444
 0 445
 0 446
 0 447
 0 448
 0 449
 0 450
 0 451
 0 452
 0 453
 0 454
 0 455
 0 456
 0 457
 0 458
 0 459
 0 460
 0 461
 0 462
 0 463
 0 464
 0 465
 0 466
 0 467
 0 468
 0 469
 0 470
 0 471
 0 472
 0 473
 0 474
 0 475
 0 476
 0 477
 0 478
 0 479
 0 480
 0 481
 0 482
 0 483
 0 484
 0 485
 0 486
 0 487
 0 488
 0 489
 0 490
 0 491
 0 492
 0 493
 0 494
 0 495
 0 496
 0 497
 0 498
 0 499
 0 500
 0 501
 0 502
 0 503
 0 504
 0 505
 0 506
 0 507
 0 508
 0 509
 0 510
 0 511
 0 512
 0 513
 0 514
 0 515
 0 516
 0 517
 0 518
 0 519
 0 520
 0 521
 0 522
 0 523
 0 524
 0 525
 0 526
 0 527
 0 528
 0 529
 0 530
 0 531
 0 532
 0 533
 0 534
 0 535
 0 536
 0 537
 0 538
 0 539
 0 540
 0 541
 0 542
 0 543
 0 544
 0 545
 0 546
 0 547
 0 548
 0 549
 0 550
 0 551
 0 552
 0 553
 0 554
 0 555
 0 556
 0 557
 0 558
 0 559
 0 560
 0 561
 0 562
 0 563
 0 564
 0 565
 0 566
 0 567
 0 568
 0 569
 0 570
 0 571
 0 572
 0 573
 0 574
 0 575
 0 576
 0 577
 0 578
 0 579
 0 580
 0 581
 0 582
 0 583
 0 584
 0 585
 0 586
 0 587
 0 588
 0 589
 0 590
 0 591
 0 592
 0 593
 0 594
 0 595
 0 596
 0 597
 0 598
 0 599
 0 600


