# Created by Octave 3.8.2, Mon Jun 22 17:58:32 2020 CEST <damian@fptrucha.inv.usc.es>
# name: hd
# type: matrix
# rows: 551
# columns: 2
 0 50
 0 51
 0 52
 0 53
 0 54
 0 55
 0 56
 0 57
 0 58
 0 59
 0 60
 0 61
 0 62
 0 63
 0 64
 0 65
 0 66
 0 67
 0 68
 0 69
 0 70
 0 71
 0 72
 0 73
 0 74
 0 75
 0 76
 0 77
 0 78
 0 79
 0 80
 0 81
 0 82
 0 83
 0 84
 0 85
 0 86
 0 87
 1 88
 0 89
 3 90
 31 91
 94 92
 141 93
 190 94
 294 95
 462 96
 648 97
 926 98
 1030 99
 1313 100
 1484 101
 1497 102
 1503 103
 1564 104
 1633 105
 1626 106
 1538 107
 1546 108
 1421 109
 1360 110
 1321 111
 1269 112
 1145 113
 1055 114
 985 115
 890 116
 825 117
 691 118
 686 119
 591 120
 514 121
 539 122
 464 123
 421 124
 409 125
 330 126
 324 127
 295 128
 258 129
 271 130
 213 131
 227 132
 194 133
 171 134
 138 135
 159 136
 136 137
 127 138
 117 139
 118 140
 116 141
 107 142
 92 143
 94 144
 88 145
 70 146
 61 147
 58 148
 73 149
 69 150
 60 151
 75 152
 58 153
 56 154
 51 155
 35 156
 33 157
 43 158
 41 159
 38 160
 36 161
 25 162
 25 163
 25 164
 35 165
 21 166
 28 167
 17 168
 5 169
 24 170
 19 171
 15 172
 22 173
 14 174
 19 175
 18 176
 9 177
 7 178
 8 179
 5 180
 6 181
 8 182
 6 183
 5 184
 7 185
 8 186
 5 187
 3 188
 3 189
 3 190
 3 191
 3 192
 5 193
 5 194
 5 195
 1 196
 1 197
 3 198
 0 199
 2 200
 1 201
 0 202
 1 203
 0 204
 1 205
 4 206
 1 207
 1 208
 1 209
 1 210
 1 211
 2 212
 2 213
 0 214
 0 215
 1 216
 0 217
 1 218
 0 219
 1 220
 0 221
 1 222
 0 223
 0 224
 1 225
 0 226
 0 227
 0 228
 0 229
 1 230
 0 231
 0 232
 0 233
 0 234
 0 235
 0 236
 0 237
 0 238
 0 239
 0 240
 0 241
 0 242
 0 243
 0 244
 0 245
 0 246
 0 247
 0 248
 0 249
 0 250
 0 251
 0 252
 0 253
 0 254
 0 255
 0 256
 0 257
 0 258
 0 259
 0 260
 0 261
 0 262
 1 263
 0 264
 0 265
 0 266
 0 267
 0 268
 0 269
 0 270
 1 271
 0 272
 0 273
 1 274
 0 275
 0 276
 0 277
 0 278
 0 279
 0 280
 1 281
 0 282
 0 283
 0 284
 0 285
 0 286
 0 287
 0 288
 1 289
 1 290
 1 291
 1 292
 0 293
 1 294
 1 295
 0 296
 2 297
 0 298
 0 299
 4 300
 0 301
 0 302
 0 303
 0 304
 2 305
 4 306
 1 307
 1 308
 1 309
 6 310
 1 311
 4 312
 2 313
 2 314
 4 315
 3 316
 2 317
 4 318
 2 319
 4 320
 1 321
 2 322
 2 323
 4 324
 4 325
 2 326
 4 327
 3 328
 2 329
 2 330
 1 331
 4 332
 7 333
 2 334
 3 335
 5 336
 2 337
 3 338
 2 339
 1 340
 8 341
 1 342
 0 343
 2 344
 3 345
 3 346
 0 347
 3 348
 2 349
 3 350
 1 351
 1 352
 4 353
 2 354
 0 355
 2 356
 3 357
 2 358
 2 359
 1 360
 1 361
 0 362
 1 363
 0 364
 1 365
 1 366
 0 367
 1 368
 0 369
 0 370
 0 371
 1 372
 0 373
 0 374
 4 375
 1 376
 2 377
 0 378
 0 379
 0 380
 0 381
 0 382
 1 383
 0 384
 0 385
 2 386
 1 387
 1 388
 0 389
 0 390
 0 391
 1 392
 0 393
 0 394
 0 395
 0 396
 0 397
 0 398
 0 399
 0 400
 0 401
 0 402
 0 403
 0 404
 0 405
 0 406
 0 407
 0 408
 0 409
 0 410
 0 411
 0 412
 0 413
 0 414
 0 415
 0 416
 0 417
 0 418
 0 419
 0 420
 0 421
 0 422
 0 423
 0 424
 0 425
 0 426
 0 427
 0 428
 0 429
 0 430
 0 431
 0 432
 0 433
 0 434
 0 435
 0 436
 0 437
 0 438
 0 439
 0 440
 0 441
 0 442
 0 443
 0 444
 0 445
 0 446
 0 447
 0 448
 0 449
 0 450
 0 451
 0 452
 0 453
 0 454
 0 455
 0 456
 0 457
 0 458
 0 459
 0 460
 0 461
 0 462
 0 463
 0 464
 0 465
 0 466
 0 467
 0 468
 0 469
 0 470
 0 471
 0 472
 0 473
 0 474
 0 475
 0 476
 0 477
 0 478
 0 479
 0 480
 0 481
 0 482
 0 483
 0 484
 0 485
 0 486
 0 487
 0 488
 0 489
 0 490
 0 491
 0 492
 0 493
 0 494
 0 495
 0 496
 0 497
 0 498
 0 499
 0 500
 0 501
 0 502
 0 503
 0 504
 0 505
 0 506
 0 507
 0 508
 0 509
 0 510
 0 511
 0 512
 0 513
 0 514
 0 515
 0 516
 0 517
 0 518
 0 519
 0 520
 0 521
 0 522
 0 523
 0 524
 0 525
 0 526
 0 527
 0 528
 0 529
 0 530
 0 531
 0 532
 0 533
 0 534
 0 535
 0 536
 0 537
 0 538
 0 539
 0 540
 0 541
 0 542
 0 543
 0 544
 0 545
 0 546
 0 547
 0 548
 0 549
 0 550
 0 551
 0 552
 0 553
 0 554
 0 555
 0 556
 0 557
 0 558
 0 559
 0 560
 0 561
 0 562
 0 563
 0 564
 0 565
 0 566
 0 567
 0 568
 0 569
 0 570
 0 571
 0 572
 0 573
 0 574
 0 575
 0 576
 0 577
 0 578
 0 579
 0 580
 0 581
 0 582
 0 583
 0 584
 0 585
 0 586
 0 587
 0 588
 0 589
 0 590
 0 591
 0 592
 0 593
 0 594
 0 595
 0 596
 0 597
 0 598
 0 599
 0 600


