# Created by Octave 3.8.2, Mon Jun 22 00:51:10 2020 CEST <damian@fptrucha.inv.usc.es>
# name: hd
# type: matrix
# rows: 551
# columns: 2
 0 50
 0 51
 0 52
 0 53
 0 54
 0 55
 0 56
 0 57
 0 58
 0 59
 0 60
 0 61
 0 62
 0 63
 0 64
 0 65
 0 66
 0 67
 0 68
 0 69
 0 70
 0 71
 0 72
 0 73
 0 74
 0 75
 0 76
 0 77
 0 78
 0 79
 0 80
 0 81
 0 82
 0 83
 0 84
 0 85
 0 86
 0 87
 3 88
 1 89
 5 90
 28 91
 99 92
 106 93
 157 94
 235 95
 372 96
 553 97
 685 98
 824 99
 988 100
 1017 101
 1072 102
 1150 103
 1250 104
 1319 105
 1301 106
 1241 107
 1245 108
 1283 109
 1230 110
 1139 111
 1115 112
 1097 113
 1065 114
 978 115
 955 116
 917 117
 843 118
 728 119
 755 120
 676 121
 670 122
 593 123
 532 124
 493 125
 464 126
 460 127
 383 128
 356 129
 305 130
 277 131
 287 132
 238 133
 230 134
 237 135
 175 136
 171 137
 182 138
 140 139
 176 140
 134 141
 131 142
 122 143
 108 144
 102 145
 93 146
 79 147
 77 148
 80 149
 78 150
 67 151
 59 152
 73 153
 54 154
 49 155
 47 156
 54 157
 48 158
 38 159
 36 160
 36 161
 32 162
 27 163
 31 164
 21 165
 18 166
 19 167
 25 168
 16 169
 19 170
 16 171
 18 172
 10 173
 17 174
 13 175
 8 176
 12 177
 11 178
 6 179
 14 180
 5 181
 9 182
 6 183
 8 184
 6 185
 6 186
 5 187
 7 188
 7 189
 6 190
 2 191
 6 192
 1 193
 5 194
 3 195
 10 196
 6 197
 2 198
 1 199
 0 200
 1 201
 2 202
 2 203
 2 204
 2 205
 3 206
 2 207
 2 208
 0 209
 2 210
 1 211
 3 212
 1 213
 0 214
 0 215
 1 216
 1 217
 0 218
 0 219
 1 220
 1 221
 0 222
 0 223
 0 224
 0 225
 0 226
 0 227
 0 228
 1 229
 1 230
 0 231
 0 232
 0 233
 0 234
 0 235
 0 236
 0 237
 0 238
 0 239
 0 240
 0 241
 0 242
 0 243
 0 244
 0 245
 0 246
 0 247
 0 248
 0 249
 0 250
 0 251
 0 252
 0 253
 0 254
 0 255
 0 256
 0 257
 0 258
 0 259
 0 260
 0 261
 0 262
 0 263
 0 264
 0 265
 0 266
 0 267
 0 268
 0 269
 0 270
 0 271
 0 272
 0 273
 0 274
 0 275
 0 276
 1 277
 0 278
 0 279
 1 280
 1 281
 0 282
 0 283
 1 284
 0 285
 0 286
 1 287
 1 288
 0 289
 0 290
 1 291
 3 292
 0 293
 1 294
 0 295
 1 296
 0 297
 1 298
 1 299
 4 300
 1 301
 0 302
 3 303
 1 304
 0 305
 2 306
 0 307
 1 308
 4 309
 0 310
 1 311
 0 312
 0 313
 1 314
 1 315
 1 316
 2 317
 5 318
 4 319
 4 320
 2 321
 1 322
 2 323
 3 324
 3 325
 0 326
 2 327
 4 328
 6 329
 1 330
 1 331
 3 332
 3 333
 2 334
 5 335
 3 336
 3 337
 2 338
 2 339
 2 340
 6 341
 0 342
 1 343
 2 344
 2 345
 2 346
 4 347
 1 348
 3 349
 5 350
 0 351
 1 352
 2 353
 2 354
 0 355
 0 356
 1 357
 4 358
 1 359
 1 360
 2 361
 1 362
 1 363
 2 364
 1 365
 1 366
 1 367
 0 368
 2 369
 1 370
 0 371
 1 372
 1 373
 0 374
 1 375
 2 376
 0 377
 0 378
 2 379
 1 380
 0 381
 0 382
 0 383
 0 384
 0 385
 1 386
 0 387
 0 388
 0 389
 0 390
 1 391
 0 392
 0 393
 0 394
 0 395
 0 396
 0 397
 1 398
 1 399
 0 400
 0 401
 0 402
 1 403
 0 404
 0 405
 0 406
 0 407
 0 408
 0 409
 0 410
 0 411
 0 412
 0 413
 0 414
 0 415
 0 416
 0 417
 0 418
 0 419
 0 420
 0 421
 0 422
 0 423
 0 424
 0 425
 0 426
 0 427
 1 428
 0 429
 0 430
 0 431
 0 432
 0 433
 0 434
 0 435
 0 436
 0 437
 0 438
 0 439
 0 440
 0 441
 0 442
 0 443
 0 444
 0 445
 0 446
 0 447
 0 448
 0 449
 0 450
 0 451
 0 452
 0 453
 0 454
 0 455
 0 456
 0 457
 0 458
 0 459
 0 460
 0 461
 0 462
 0 463
 0 464
 0 465
 0 466
 0 467
 0 468
 0 469
 0 470
 0 471
 0 472
 0 473
 0 474
 0 475
 0 476
 0 477
 0 478
 0 479
 0 480
 0 481
 0 482
 0 483
 0 484
 0 485
 0 486
 0 487
 0 488
 0 489
 0 490
 0 491
 0 492
 0 493
 0 494
 0 495
 0 496
 0 497
 0 498
 0 499
 0 500
 0 501
 0 502
 0 503
 0 504
 0 505
 0 506
 0 507
 0 508
 0 509
 0 510
 0 511
 0 512
 0 513
 0 514
 0 515
 0 516
 0 517
 0 518
 0 519
 0 520
 0 521
 0 522
 0 523
 0 524
 0 525
 0 526
 0 527
 0 528
 0 529
 0 530
 0 531
 0 532
 0 533
 0 534
 0 535
 0 536
 0 537
 0 538
 0 539
 0 540
 0 541
 0 542
 0 543
 0 544
 0 545
 0 546
 0 547
 0 548
 0 549
 0 550
 0 551
 0 552
 0 553
 0 554
 0 555
 0 556
 0 557
 0 558
 0 559
 0 560
 0 561
 0 562
 0 563
 0 564
 0 565
 0 566
 0 567
 0 568
 0 569
 0 570
 0 571
 0 572
 0 573
 0 574
 0 575
 0 576
 0 577
 0 578
 0 579
 0 580
 0 581
 0 582
 0 583
 0 584
 0 585
 0 586
 0 587
 0 588
 0 589
 0 590
 0 591
 0 592
 0 593
 0 594
 0 595
 0 596
 0 597
 0 598
 0 599
 0 600


