# Created by Octave 3.8.2, Mon Jun 22 09:14:00 2020 CEST <damian@fptrucha.inv.usc.es>
# name: hd
# type: matrix
# rows: 551
# columns: 2
 0 50
 0 51
 0 52
 0 53
 0 54
 0 55
 0 56
 0 57
 0 58
 0 59
 0 60
 0 61
 0 62
 0 63
 0 64
 0 65
 0 66
 0 67
 0 68
 0 69
 0 70
 0 71
 0 72
 0 73
 0 74
 0 75
 0 76
 0 77
 0 78
 0 79
 0 80
 0 81
 0 82
 0 83
 0 84
 0 85
 0 86
 0 87
 0 88
 2 89
 1 90
 14 91
 60 92
 121 93
 180 94
 233 95
 357 96
 540 97
 819 98
 912 99
 1152 100
 1234 101
 1386 102
 1391 103
 1411 104
 1419 105
 1432 106
 1443 107
 1415 108
 1317 109
 1303 110
 1197 111
 1137 112
 1057 113
 963 114
 932 115
 792 116
 771 117
 695 118
 603 119
 581 120
 556 121
 479 122
 425 123
 418 124
 389 125
 350 126
 328 127
 305 128
 267 129
 234 130
 233 131
 202 132
 179 133
 196 134
 170 135
 146 136
 140 137
 134 138
 111 139
 107 140
 106 141
 94 142
 99 143
 99 144
 81 145
 86 146
 87 147
 64 148
 50 149
 78 150
 46 151
 62 152
 59 153
 61 154
 51 155
 61 156
 48 157
 36 158
 45 159
 33 160
 31 161
 29 162
 31 163
 32 164
 28 165
 30 166
 27 167
 22 168
 21 169
 21 170
 20 171
 21 172
 12 173
 9 174
 17 175
 18 176
 12 177
 16 178
 12 179
 13 180
 13 181
 9 182
 7 183
 10 184
 10 185
 6 186
 6 187
 8 188
 7 189
 4 190
 4 191
 5 192
 3 193
 3 194
 3 195
 4 196
 7 197
 8 198
 5 199
 4 200
 2 201
 1 202
 1 203
 3 204
 2 205
 4 206
 1 207
 1 208
 1 209
 1 210
 0 211
 0 212
 0 213
 1 214
 0 215
 1 216
 2 217
 0 218
 0 219
 1 220
 0 221
 0 222
 1 223
 0 224
 1 225
 0 226
 0 227
 0 228
 1 229
 0 230
 1 231
 0 232
 0 233
 0 234
 1 235
 0 236
 0 237
 0 238
 0 239
 0 240
 0 241
 0 242
 0 243
 0 244
 0 245
 0 246
 0 247
 0 248
 0 249
 0 250
 0 251
 0 252
 0 253
 1 254
 1 255
 0 256
 0 257
 0 258
 0 259
 0 260
 0 261
 0 262
 0 263
 0 264
 0 265
 0 266
 1 267
 0 268
 0 269
 0 270
 0 271
 0 272
 1 273
 0 274
 1 275
 0 276
 0 277
 0 278
 2 279
 0 280
 1 281
 2 282
 1 283
 2 284
 0 285
 1 286
 1 287
 0 288
 0 289
 0 290
 1 291
 0 292
 0 293
 1 294
 2 295
 1 296
 0 297
 2 298
 2 299
 0 300
 0 301
 0 302
 0 303
 0 304
 1 305
 1 306
 5 307
 4 308
 4 309
 4 310
 2 311
 1 312
 4 313
 4 314
 1 315
 0 316
 1 317
 2 318
 4 319
 2 320
 3 321
 4 322
 2 323
 0 324
 2 325
 3 326
 2 327
 2 328
 2 329
 3 330
 0 331
 3 332
 5 333
 0 334
 3 335
 5 336
 1 337
 1 338
 4 339
 2 340
 1 341
 3 342
 3 343
 8 344
 3 345
 2 346
 1 347
 0 348
 2 349
 3 350
 3 351
 1 352
 1 353
 2 354
 0 355
 3 356
 3 357
 2 358
 4 359
 0 360
 1 361
 2 362
 0 363
 0 364
 2 365
 1 366
 2 367
 2 368
 2 369
 1 370
 2 371
 0 372
 2 373
 3 374
 0 375
 0 376
 1 377
 0 378
 1 379
 1 380
 1 381
 0 382
 0 383
 1 384
 0 385
 0 386
 0 387
 0 388
 0 389
 1 390
 0 391
 1 392
 0 393
 2 394
 0 395
 0 396
 0 397
 0 398
 0 399
 0 400
 0 401
 0 402
 0 403
 0 404
 0 405
 0 406
 0 407
 0 408
 0 409
 0 410
 0 411
 0 412
 0 413
 0 414
 0 415
 0 416
 0 417
 0 418
 0 419
 1 420
 0 421
 0 422
 0 423
 0 424
 0 425
 0 426
 0 427
 0 428
 0 429
 0 430
 0 431
 0 432
 0 433
 0 434
 0 435
 0 436
 0 437
 0 438
 0 439
 0 440
 0 441
 0 442
 0 443
 0 444
 0 445
 0 446
 0 447
 0 448
 0 449
 0 450
 0 451
 0 452
 0 453
 0 454
 0 455
 0 456
 0 457
 0 458
 0 459
 0 460
 0 461
 0 462
 0 463
 0 464
 0 465
 0 466
 0 467
 0 468
 0 469
 0 470
 0 471
 0 472
 0 473
 0 474
 0 475
 0 476
 0 477
 0 478
 0 479
 0 480
 0 481
 0 482
 0 483
 0 484
 0 485
 0 486
 0 487
 0 488
 0 489
 0 490
 0 491
 0 492
 0 493
 0 494
 0 495
 0 496
 0 497
 0 498
 0 499
 0 500
 0 501
 0 502
 0 503
 0 504
 0 505
 0 506
 0 507
 0 508
 0 509
 0 510
 0 511
 0 512
 0 513
 0 514
 0 515
 0 516
 0 517
 0 518
 0 519
 0 520
 0 521
 0 522
 0 523
 0 524
 0 525
 0 526
 0 527
 0 528
 0 529
 0 530
 0 531
 0 532
 0 533
 0 534
 0 535
 0 536
 0 537
 0 538
 0 539
 0 540
 0 541
 0 542
 0 543
 0 544
 0 545
 0 546
 0 547
 0 548
 0 549
 0 550
 0 551
 0 552
 0 553
 0 554
 0 555
 0 556
 0 557
 0 558
 0 559
 0 560
 0 561
 0 562
 0 563
 0 564
 0 565
 0 566
 0 567
 0 568
 0 569
 0 570
 0 571
 0 572
 0 573
 0 574
 0 575
 0 576
 0 577
 0 578
 0 579
 0 580
 0 581
 0 582
 0 583
 0 584
 0 585
 0 586
 0 587
 0 588
 0 589
 0 590
 0 591
 0 592
 0 593
 0 594
 0 595
 0 596
 0 597
 0 598
 0 599
 0 600


