# Created by Octave 3.8.2, Mon Jun 22 07:02:39 2020 CEST <damian@fptrucha.inv.usc.es>
# name: hd
# type: matrix
# rows: 551
# columns: 2
 0 50
 0 51
 0 52
 0 53
 0 54
 0 55
 0 56
 0 57
 0 58
 0 59
 0 60
 0 61
 0 62
 0 63
 0 64
 0 65
 0 66
 0 67
 0 68
 0 69
 0 70
 0 71
 0 72
 0 73
 0 74
 0 75
 0 76
 0 77
 0 78
 0 79
 0 80
 0 81
 0 82
 0 83
 0 84
 0 85
 0 86
 0 87
 0 88
 1 89
 3 90
 19 91
 84 92
 111 93
 158 94
 243 95
 375 96
 565 97
 775 98
 954 99
 1181 100
 1222 101
 1355 102
 1363 103
 1392 104
 1400 105
 1424 106
 1337 107
 1440 108
 1258 109
 1270 110
 1123 111
 1092 112
 989 113
 952 114
 927 115
 775 116
 700 117
 669 118
 609 119
 570 120
 519 121
 461 122
 407 123
 361 124
 378 125
 322 126
 296 127
 256 128
 232 129
 266 130
 219 131
 188 132
 181 133
 181 134
 145 135
 144 136
 127 137
 126 138
 106 139
 127 140
 102 141
 101 142
 86 143
 97 144
 76 145
 85 146
 75 147
 65 148
 53 149
 59 150
 72 151
 48 152
 49 153
 49 154
 57 155
 43 156
 46 157
 38 158
 32 159
 36 160
 48 161
 33 162
 35 163
 23 164
 27 165
 21 166
 26 167
 22 168
 24 169
 15 170
 20 171
 23 172
 26 173
 15 174
 17 175
 14 176
 13 177
 7 178
 12 179
 13 180
 5 181
 8 182
 9 183
 11 184
 8 185
 4 186
 8 187
 2 188
 8 189
 7 190
 7 191
 1 192
 5 193
 7 194
 2 195
 8 196
 3 197
 2 198
 3 199
 1 200
 2 201
 0 202
 2 203
 1 204
 5 205
 0 206
 1 207
 0 208
 1 209
 1 210
 0 211
 1 212
 1 213
 2 214
 2 215
 1 216
 0 217
 0 218
 0 219
 1 220
 1 221
 0 222
 1 223
 0 224
 0 225
 0 226
 1 227
 1 228
 0 229
 0 230
 0 231
 0 232
 0 233
 0 234
 0 235
 0 236
 1 237
 0 238
 1 239
 0 240
 0 241
 0 242
 0 243
 0 244
 0 245
 0 246
 0 247
 0 248
 0 249
 0 250
 0 251
 0 252
 0 253
 0 254
 0 255
 0 256
 0 257
 0 258
 0 259
 0 260
 0 261
 0 262
 0 263
 0 264
 0 265
 0 266
 0 267
 0 268
 0 269
 0 270
 0 271
 1 272
 0 273
 0 274
 1 275
 0 276
 0 277
 0 278
 0 279
 1 280
 0 281
 0 282
 0 283
 1 284
 1 285
 3 286
 0 287
 0 288
 1 289
 1 290
 2 291
 0 292
 3 293
 1 294
 0 295
 1 296
 1 297
 2 298
 5 299
 3 300
 2 301
 3 302
 1 303
 1 304
 1 305
 3 306
 1 307
 0 308
 1 309
 3 310
 3 311
 1 312
 2 313
 2 314
 1 315
 2 316
 2 317
 3 318
 1 319
 2 320
 7 321
 5 322
 4 323
 4 324
 6 325
 1 326
 5 327
 3 328
 2 329
 9 330
 3 331
 1 332
 2 333
 2 334
 2 335
 3 336
 3 337
 2 338
 1 339
 3 340
 1 341
 1 342
 3 343
 1 344
 0 345
 1 346
 3 347
 2 348
 2 349
 1 350
 1 351
 1 352
 2 353
 5 354
 2 355
 2 356
 3 357
 4 358
 1 359
 2 360
 1 361
 1 362
 1 363
 0 364
 3 365
 4 366
 0 367
 0 368
 3 369
 0 370
 0 371
 0 372
 2 373
 0 374
 1 375
 0 376
 0 377
 0 378
 0 379
 1 380
 0 381
 1 382
 1 383
 1 384
 0 385
 1 386
 0 387
 0 388
 0 389
 0 390
 0 391
 0 392
 0 393
 0 394
 0 395
 0 396
 0 397
 0 398
 0 399
 0 400
 0 401
 0 402
 0 403
 0 404
 0 405
 0 406
 0 407
 0 408
 0 409
 1 410
 0 411
 0 412
 0 413
 0 414
 0 415
 0 416
 0 417
 0 418
 1 419
 0 420
 0 421
 0 422
 1 423
 0 424
 0 425
 0 426
 0 427
 0 428
 0 429
 0 430
 0 431
 0 432
 0 433
 0 434
 0 435
 0 436
 0 437
 0 438
 0 439
 0 440
 0 441
 0 442
 0 443
 0 444
 0 445
 0 446
 0 447
 0 448
 0 449
 0 450
 0 451
 0 452
 0 453
 0 454
 0 455
 0 456
 0 457
 0 458
 0 459
 0 460
 0 461
 0 462
 0 463
 0 464
 0 465
 0 466
 0 467
 0 468
 0 469
 0 470
 0 471
 0 472
 0 473
 0 474
 0 475
 0 476
 0 477
 0 478
 0 479
 0 480
 0 481
 0 482
 0 483
 0 484
 0 485
 0 486
 0 487
 0 488
 0 489
 0 490
 0 491
 0 492
 0 493
 0 494
 0 495
 0 496
 0 497
 0 498
 0 499
 0 500
 0 501
 0 502
 0 503
 0 504
 0 505
 0 506
 0 507
 0 508
 0 509
 0 510
 0 511
 0 512
 0 513
 0 514
 0 515
 0 516
 0 517
 0 518
 0 519
 0 520
 0 521
 0 522
 0 523
 0 524
 0 525
 0 526
 0 527
 0 528
 0 529
 0 530
 0 531
 0 532
 0 533
 0 534
 0 535
 0 536
 0 537
 0 538
 0 539
 0 540
 0 541
 0 542
 0 543
 0 544
 0 545
 0 546
 0 547
 0 548
 0 549
 0 550
 0 551
 0 552
 0 553
 0 554
 0 555
 0 556
 0 557
 0 558
 0 559
 0 560
 0 561
 0 562
 0 563
 0 564
 0 565
 0 566
 0 567
 0 568
 0 569
 0 570
 0 571
 0 572
 0 573
 0 574
 0 575
 0 576
 0 577
 0 578
 0 579
 0 580
 0 581
 0 582
 0 583
 0 584
 0 585
 0 586
 0 587
 0 588
 0 589
 0 590
 0 591
 0 592
 0 593
 0 594
 0 595
 0 596
 0 597
 0 598
 0 599
 0 600


