# Created by Octave 3.8.2, Sat Jun 20 14:24:34 2020 CEST <damian@fptrucha.inv.usc.es>
# name: hd
# type: matrix
# rows: 551
# columns: 2
 0 50
 0 51
 0 52
 0 53
 0 54
 0 55
 0 56
 0 57
 0 58
 0 59
 0 60
 0 61
 0 62
 0 63
 0 64
 0 65
 0 66
 0 67
 0 68
 0 69
 0 70
 0 71
 0 72
 0 73
 0 74
 0 75
 0 76
 0 77
 0 78
 0 79
 0 80
 0 81
 0 82
 0 83
 0 84
 0 85
 0 86
 1 87
 2 88
 3 89
 4 90
 26 91
 98 92
 126 93
 150 94
 291 95
 438 96
 664 97
 785 98
 994 99
 1118 100
 1222 101
 1242 102
 1290 103
 1299 104
 1355 105
 1450 106
 1396 107
 1357 108
 1325 109
 1288 110
 1254 111
 1227 112
 1109 113
 1115 114
 1097 115
 974 116
 879 117
 803 118
 783 119
 664 120
 676 121
 622 122
 580 123
 546 124
 459 125
 440 126
 416 127
 360 128
 330 129
 320 130
 296 131
 269 132
 238 133
 216 134
 196 135
 193 136
 173 137
 168 138
 157 139
 163 140
 125 141
 107 142
 114 143
 102 144
 113 145
 98 146
 75 147
 91 148
 79 149
 77 150
 67 151
 59 152
 60 153
 50 154
 61 155
 36 156
 46 157
 39 158
 42 159
 37 160
 32 161
 35 162
 27 163
 21 164
 24 165
 23 166
 27 167
 32 168
 15 169
 21 170
 21 171
 13 172
 10 173
 15 174
 20 175
 9 176
 9 177
 12 178
 8 179
 4 180
 4 181
 7 182
 10 183
 8 184
 4 185
 8 186
 8 187
 6 188
 3 189
 9 190
 5 191
 1 192
 4 193
 2 194
 1 195
 3 196
 1 197
 4 198
 2 199
 1 200
 3 201
 1 202
 2 203
 1 204
 1 205
 1 206
 3 207
 3 208
 2 209
 1 210
 1 211
 1 212
 1 213
 0 214
 1 215
 0 216
 2 217
 1 218
 0 219
 0 220
 1 221
 1 222
 0 223
 0 224
 0 225
 0 226
 0 227
 0 228
 0 229
 0 230
 0 231
 0 232
 1 233
 0 234
 0 235
 0 236
 0 237
 0 238
 0 239
 0 240
 0 241
 0 242
 0 243
 0 244
 0 245
 0 246
 0 247
 0 248
 0 249
 0 250
 0 251
 0 252
 0 253
 0 254
 0 255
 1 256
 0 257
 0 258
 0 259
 0 260
 0 261
 0 262
 0 263
 0 264
 0 265
 1 266
 0 267
 0 268
 0 269
 0 270
 0 271
 0 272
 0 273
 0 274
 0 275
 0 276
 0 277
 0 278
 0 279
 0 280
 0 281
 0 282
 0 283
 1 284
 1 285
 0 286
 0 287
 0 288
 0 289
 0 290
 1 291
 1 292
 0 293
 0 294
 3 295
 0 296
 4 297
 0 298
 0 299
 1 300
 0 301
 0 302
 3 303
 2 304
 1 305
 4 306
 2 307
 1 308
 2 309
 1 310
 2 311
 2 312
 0 313
 1 314
 0 315
 0 316
 4 317
 1 318
 1 319
 5 320
 0 321
 3 322
 0 323
 3 324
 4 325
 4 326
 1 327
 1 328
 3 329
 3 330
 4 331
 3 332
 3 333
 4 334
 1 335
 0 336
 4 337
 3 338
 1 339
 5 340
 2 341
 6 342
 2 343
 3 344
 4 345
 5 346
 1 347
 3 348
 3 349
 2 350
 3 351
 3 352
 2 353
 2 354
 2 355
 1 356
 1 357
 3 358
 2 359
 2 360
 1 361
 1 362
 4 363
 1 364
 1 365
 0 366
 1 367
 0 368
 1 369
 0 370
 1 371
 1 372
 0 373
 0 374
 1 375
 1 376
 1 377
 1 378
 1 379
 0 380
 1 381
 2 382
 1 383
 2 384
 0 385
 1 386
 0 387
 1 388
 0 389
 0 390
 0 391
 0 392
 0 393
 1 394
 0 395
 1 396
 0 397
 1 398
 0 399
 0 400
 0 401
 0 402
 0 403
 0 404
 0 405
 0 406
 0 407
 0 408
 0 409
 0 410
 0 411
 1 412
 0 413
 0 414
 0 415
 0 416
 0 417
 0 418
 0 419
 0 420
 0 421
 0 422
 0 423
 0 424
 0 425
 0 426
 0 427
 0 428
 0 429
 0 430
 0 431
 0 432
 0 433
 1 434
 0 435
 0 436
 0 437
 0 438
 0 439
 0 440
 0 441
 0 442
 0 443
 0 444
 0 445
 0 446
 0 447
 0 448
 0 449
 0 450
 0 451
 0 452
 0 453
 0 454
 0 455
 0 456
 0 457
 0 458
 0 459
 0 460
 0 461
 0 462
 0 463
 0 464
 0 465
 0 466
 0 467
 0 468
 0 469
 0 470
 0 471
 0 472
 0 473
 0 474
 0 475
 0 476
 0 477
 0 478
 0 479
 0 480
 0 481
 0 482
 0 483
 0 484
 0 485
 0 486
 0 487
 0 488
 0 489
 0 490
 0 491
 0 492
 0 493
 0 494
 0 495
 0 496
 0 497
 0 498
 0 499
 0 500
 0 501
 0 502
 0 503
 0 504
 0 505
 0 506
 0 507
 0 508
 0 509
 0 510
 0 511
 0 512
 0 513
 0 514
 0 515
 0 516
 0 517
 0 518
 0 519
 0 520
 0 521
 0 522
 0 523
 0 524
 0 525
 0 526
 0 527
 0 528
 0 529
 0 530
 0 531
 0 532
 0 533
 0 534
 0 535
 0 536
 0 537
 0 538
 0 539
 0 540
 0 541
 0 542
 0 543
 0 544
 0 545
 0 546
 0 547
 0 548
 0 549
 0 550
 0 551
 0 552
 0 553
 0 554
 0 555
 0 556
 0 557
 0 558
 0 559
 0 560
 0 561
 0 562
 0 563
 0 564
 0 565
 0 566
 0 567
 0 568
 0 569
 0 570
 0 571
 0 572
 0 573
 0 574
 0 575
 0 576
 0 577
 0 578
 0 579
 0 580
 0 581
 0 582
 0 583
 0 584
 0 585
 0 586
 0 587
 0 588
 0 589
 0 590
 0 591
 0 592
 0 593
 0 594
 0 595
 0 596
 0 597
 0 598
 0 599
 0 600


