# Created by Octave 3.8.2, Sat Jun 20 20:46:49 2020 CEST <damian@fptrucha.inv.usc.es>
# name: hd
# type: matrix
# rows: 551
# columns: 2
 0 50
 0 51
 0 52
 0 53
 0 54
 0 55
 0 56
 0 57
 0 58
 0 59
 0 60
 0 61
 0 62
 0 63
 0 64
 0 65
 0 66
 0 67
 0 68
 0 69
 0 70
 0 71
 0 72
 0 73
 0 74
 0 75
 0 76
 0 77
 0 78
 0 79
 0 80
 0 81
 0 82
 0 83
 0 84
 0 85
 0 86
 0 87
 1 88
 4 89
 5 90
 37 91
 76 92
 90 93
 153 94
 269 95
 396 96
 495 97
 677 98
 808 99
 896 100
 969 101
 1088 102
 1168 103
 1180 104
 1210 105
 1230 106
 1245 107
 1174 108
 1251 109
 1206 110
 1143 111
 1148 112
 1136 113
 1016 114
 998 115
 971 116
 849 117
 816 118
 697 119
 691 120
 690 121
 604 122
 585 123
 553 124
 496 125
 513 126
 402 127
 380 128
 368 129
 353 130
 294 131
 272 132
 263 133
 255 134
 223 135
 203 136
 200 137
 181 138
 174 139
 179 140
 139 141
 155 142
 129 143
 111 144
 118 145
 108 146
 89 147
 91 148
 84 149
 90 150
 74 151
 76 152
 66 153
 60 154
 70 155
 50 156
 59 157
 49 158
 36 159
 45 160
 34 161
 40 162
 34 163
 32 164
 31 165
 25 166
 23 167
 18 168
 12 169
 18 170
 23 171
 17 172
 21 173
 14 174
 16 175
 14 176
 14 177
 15 178
 10 179
 5 180
 9 181
 9 182
 9 183
 13 184
 9 185
 9 186
 8 187
 6 188
 5 189
 4 190
 3 191
 3 192
 2 193
 3 194
 5 195
 1 196
 3 197
 2 198
 1 199
 1 200
 1 201
 1 202
 3 203
 3 204
 0 205
 3 206
 2 207
 1 208
 2 209
 1 210
 3 211
 2 212
 3 213
 0 214
 0 215
 0 216
 1 217
 0 218
 1 219
 2 220
 1 221
 2 222
 1 223
 1 224
 0 225
 0 226
 0 227
 0 228
 0 229
 0 230
 0 231
 0 232
 0 233
 0 234
 1 235
 0 236
 0 237
 0 238
 0 239
 0 240
 0 241
 0 242
 0 243
 0 244
 0 245
 0 246
 0 247
 0 248
 0 249
 0 250
 0 251
 0 252
 0 253
 0 254
 0 255
 0 256
 0 257
 0 258
 0 259
 0 260
 0 261
 0 262
 0 263
 0 264
 0 265
 0 266
 0 267
 0 268
 0 269
 0 270
 0 271
 0 272
 1 273
 0 274
 0 275
 0 276
 0 277
 1 278
 0 279
 0 280
 0 281
 0 282
 0 283
 0 284
 3 285
 0 286
 0 287
 0 288
 1 289
 0 290
 1 291
 1 292
 0 293
 1 294
 0 295
 1 296
 3 297
 2 298
 1 299
 1 300
 0 301
 0 302
 2 303
 0 304
 0 305
 4 306
 1 307
 2 308
 3 309
 1 310
 1 311
 3 312
 3 313
 1 314
 8 315
 4 316
 3 317
 1 318
 3 319
 1 320
 2 321
 1 322
 4 323
 2 324
 2 325
 2 326
 2 327
 4 328
 4 329
 4 330
 4 331
 3 332
 2 333
 4 334
 1 335
 5 336
 4 337
 4 338
 1 339
 0 340
 3 341
 3 342
 1 343
 3 344
 4 345
 0 346
 5 347
 1 348
 3 349
 2 350
 2 351
 1 352
 0 353
 1 354
 2 355
 0 356
 2 357
 1 358
 1 359
 2 360
 2 361
 1 362
 1 363
 3 364
 0 365
 2 366
 0 367
 1 368
 4 369
 1 370
 1 371
 0 372
 1 373
 0 374
 1 375
 0 376
 0 377
 0 378
 2 379
 1 380
 0 381
 0 382
 1 383
 4 384
 0 385
 1 386
 0 387
 1 388
 1 389
 1 390
 0 391
 1 392
 1 393
 0 394
 0 395
 1 396
 0 397
 1 398
 0 399
 0 400
 0 401
 0 402
 1 403
 0 404
 0 405
 0 406
 0 407
 1 408
 0 409
 0 410
 0 411
 0 412
 0 413
 0 414
 1 415
 0 416
 0 417
 0 418
 0 419
 0 420
 0 421
 0 422
 0 423
 0 424
 1 425
 0 426
 0 427
 0 428
 0 429
 0 430
 0 431
 0 432
 0 433
 0 434
 0 435
 0 436
 0 437
 0 438
 0 439
 0 440
 0 441
 0 442
 0 443
 0 444
 0 445
 0 446
 0 447
 0 448
 0 449
 0 450
 0 451
 0 452
 0 453
 0 454
 0 455
 0 456
 0 457
 0 458
 0 459
 0 460
 0 461
 0 462
 0 463
 0 464
 0 465
 0 466
 0 467
 0 468
 0 469
 0 470
 0 471
 0 472
 0 473
 0 474
 0 475
 0 476
 0 477
 0 478
 0 479
 0 480
 0 481
 0 482
 0 483
 0 484
 0 485
 0 486
 0 487
 0 488
 0 489
 0 490
 0 491
 0 492
 0 493
 0 494
 0 495
 0 496
 0 497
 0 498
 0 499
 0 500
 0 501
 0 502
 0 503
 0 504
 0 505
 0 506
 0 507
 0 508
 0 509
 0 510
 0 511
 0 512
 0 513
 0 514
 0 515
 0 516
 0 517
 0 518
 0 519
 0 520
 0 521
 0 522
 0 523
 0 524
 0 525
 0 526
 0 527
 0 528
 0 529
 0 530
 0 531
 0 532
 0 533
 0 534
 0 535
 0 536
 0 537
 0 538
 0 539
 0 540
 0 541
 0 542
 0 543
 0 544
 0 545
 0 546
 0 547
 0 548
 0 549
 0 550
 0 551
 0 552
 0 553
 0 554
 0 555
 0 556
 0 557
 0 558
 0 559
 0 560
 0 561
 0 562
 0 563
 0 564
 0 565
 0 566
 0 567
 0 568
 0 569
 0 570
 0 571
 0 572
 0 573
 0 574
 0 575
 0 576
 0 577
 0 578
 0 579
 0 580
 0 581
 0 582
 0 583
 0 584
 0 585
 0 586
 0 587
 0 588
 0 589
 0 590
 0 591
 0 592
 0 593
 0 594
 0 595
 0 596
 0 597
 0 598
 0 599
 0 600


