# Created by Octave 3.8.2, Sun Jun 21 02:01:16 2020 CEST <damian@fptrucha.inv.usc.es>
# name: hd
# type: matrix
# rows: 551
# columns: 2
 0 50
 0 51
 0 52
 0 53
 0 54
 0 55
 0 56
 0 57
 0 58
 0 59
 0 60
 0 61
 0 62
 0 63
 0 64
 0 65
 0 66
 0 67
 0 68
 0 69
 0 70
 0 71
 0 72
 0 73
 0 74
 0 75
 0 76
 0 77
 0 78
 0 79
 0 80
 0 81
 0 82
 0 83
 0 84
 0 85
 0 86
 0 87
 4 88
 2 89
 7 90
 18 91
 79 92
 114 93
 172 94
 242 95
 407 96
 566 97
 634 98
 820 99
 927 100
 1018 101
 1106 102
 1149 103
 1186 104
 1242 105
 1235 106
 1308 107
 1249 108
 1195 109
 1310 110
 1190 111
 1112 112
 1070 113
 1041 114
 959 115
 941 116
 869 117
 807 118
 802 119
 710 120
 673 121
 583 122
 542 123
 548 124
 528 125
 432 126
 439 127
 427 128
 359 129
 321 130
 306 131
 274 132
 256 133
 252 134
 225 135
 196 136
 175 137
 159 138
 159 139
 156 140
 141 141
 124 142
 114 143
 105 144
 95 145
 84 146
 77 147
 70 148
 84 149
 77 150
 74 151
 68 152
 63 153
 66 154
 42 155
 53 156
 48 157
 51 158
 42 159
 56 160
 35 161
 33 162
 32 163
 27 164
 24 165
 22 166
 25 167
 22 168
 22 169
 23 170
 19 171
 19 172
 13 173
 13 174
 15 175
 13 176
 8 177
 5 178
 15 179
 15 180
 6 181
 7 182
 9 183
 9 184
 9 185
 3 186
 6 187
 9 188
 5 189
 3 190
 5 191
 4 192
 7 193
 3 194
 4 195
 2 196
 2 197
 3 198
 1 199
 0 200
 4 201
 4 202
 1 203
 3 204
 0 205
 0 206
 3 207
 2 208
 4 209
 1 210
 0 211
 1 212
 0 213
 0 214
 0 215
 2 216
 0 217
 0 218
 0 219
 0 220
 0 221
 0 222
 0 223
 0 224
 0 225
 1 226
 1 227
 0 228
 0 229
 0 230
 0 231
 0 232
 0 233
 0 234
 0 235
 0 236
 0 237
 0 238
 0 239
 0 240
 0 241
 1 242
 0 243
 0 244
 0 245
 0 246
 0 247
 0 248
 1 249
 0 250
 0 251
 0 252
 0 253
 0 254
 0 255
 0 256
 0 257
 0 258
 0 259
 0 260
 0 261
 0 262
 0 263
 0 264
 0 265
 0 266
 0 267
 1 268
 0 269
 0 270
 0 271
 0 272
 0 273
 0 274
 0 275
 0 276
 0 277
 1 278
 0 279
 2 280
 0 281
 0 282
 1 283
 0 284
 1 285
 0 286
 1 287
 1 288
 0 289
 1 290
 1 291
 0 292
 3 293
 1 294
 1 295
 0 296
 1 297
 1 298
 0 299
 0 300
 1 301
 2 302
 1 303
 1 304
 0 305
 2 306
 3 307
 5 308
 0 309
 4 310
 3 311
 3 312
 3 313
 1 314
 5 315
 2 316
 6 317
 3 318
 7 319
 2 320
 1 321
 5 322
 4 323
 7 324
 2 325
 5 326
 0 327
 1 328
 4 329
 2 330
 4 331
 1 332
 2 333
 5 334
 1 335
 2 336
 5 337
 1 338
 1 339
 0 340
 0 341
 2 342
 1 343
 2 344
 2 345
 3 346
 1 347
 3 348
 2 349
 3 350
 2 351
 3 352
 0 353
 6 354
 1 355
 1 356
 0 357
 3 358
 1 359
 1 360
 1 361
 3 362
 2 363
 2 364
 1 365
 3 366
 3 367
 1 368
 3 369
 1 370
 0 371
 2 372
 1 373
 1 374
 1 375
 1 376
 2 377
 1 378
 0 379
 0 380
 0 381
 2 382
 0 383
 2 384
 0 385
 2 386
 0 387
 4 388
 0 389
 0 390
 1 391
 0 392
 0 393
 1 394
 0 395
 0 396
 0 397
 0 398
 1 399
 0 400
 0 401
 0 402
 0 403
 0 404
 0 405
 0 406
 0 407
 0 408
 0 409
 0 410
 1 411
 1 412
 0 413
 1 414
 0 415
 0 416
 0 417
 0 418
 0 419
 0 420
 0 421
 0 422
 0 423
 0 424
 0 425
 0 426
 0 427
 0 428
 0 429
 0 430
 0 431
 0 432
 0 433
 0 434
 0 435
 0 436
 0 437
 0 438
 0 439
 0 440
 0 441
 0 442
 0 443
 0 444
 0 445
 0 446
 0 447
 0 448
 0 449
 0 450
 0 451
 0 452
 0 453
 0 454
 0 455
 0 456
 0 457
 0 458
 0 459
 0 460
 0 461
 0 462
 0 463
 0 464
 0 465
 0 466
 0 467
 0 468
 0 469
 0 470
 0 471
 0 472
 0 473
 0 474
 0 475
 0 476
 0 477
 0 478
 0 479
 0 480
 0 481
 0 482
 0 483
 0 484
 0 485
 0 486
 0 487
 0 488
 0 489
 0 490
 0 491
 0 492
 0 493
 0 494
 0 495
 0 496
 0 497
 0 498
 0 499
 0 500
 0 501
 0 502
 0 503
 0 504
 0 505
 0 506
 0 507
 0 508
 0 509
 0 510
 0 511
 0 512
 0 513
 0 514
 0 515
 0 516
 0 517
 0 518
 0 519
 0 520
 0 521
 0 522
 0 523
 0 524
 0 525
 0 526
 0 527
 0 528
 0 529
 0 530
 0 531
 0 532
 0 533
 0 534
 0 535
 0 536
 0 537
 0 538
 0 539
 0 540
 0 541
 0 542
 0 543
 0 544
 0 545
 0 546
 0 547
 0 548
 0 549
 0 550
 0 551
 0 552
 0 553
 0 554
 0 555
 0 556
 0 557
 0 558
 0 559
 0 560
 0 561
 0 562
 0 563
 0 564
 0 565
 0 566
 0 567
 0 568
 0 569
 0 570
 0 571
 0 572
 0 573
 0 574
 0 575
 0 576
 0 577
 0 578
 0 579
 0 580
 0 581
 0 582
 0 583
 0 584
 0 585
 0 586
 0 587
 0 588
 0 589
 0 590
 0 591
 0 592
 0 593
 0 594
 0 595
 0 596
 0 597
 0 598
 0 599
 0 600


