# Created by Octave 3.8.2, Mon Jun 22 00:22:56 2020 CEST <damian@fptrucha.inv.usc.es>
# name: hd
# type: matrix
# rows: 551
# columns: 2
 0 50
 0 51
 0 52
 0 53
 0 54
 0 55
 0 56
 0 57
 0 58
 0 59
 0 60
 0 61
 0 62
 0 63
 0 64
 0 65
 0 66
 0 67
 0 68
 0 69
 0 70
 0 71
 0 72
 0 73
 0 74
 0 75
 0 76
 0 77
 0 78
 0 79
 0 80
 0 81
 0 82
 0 83
 0 84
 0 85
 0 86
 0 87
 1 88
 1 89
 7 90
 37 91
 74 92
 117 93
 179 94
 232 95
 378 96
 564 97
 734 98
 831 99
 894 100
 1100 101
 1143 102
 1155 103
 1204 104
 1230 105
 1213 106
 1291 107
 1282 108
 1181 109
 1228 110
 1210 111
 1164 112
 1148 113
 1055 114
 961 115
 931 116
 873 117
 803 118
 783 119
 762 120
 676 121
 646 122
 574 123
 530 124
 450 125
 485 126
 414 127
 386 128
 332 129
 333 130
 299 131
 262 132
 263 133
 224 134
 234 135
 211 136
 185 137
 152 138
 141 139
 149 140
 128 141
 96 142
 105 143
 102 144
 107 145
 92 146
 97 147
 61 148
 69 149
 77 150
 65 151
 67 152
 67 153
 53 154
 59 155
 42 156
 40 157
 45 158
 36 159
 40 160
 36 161
 31 162
 30 163
 23 164
 31 165
 26 166
 16 167
 24 168
 16 169
 27 170
 24 171
 11 172
 18 173
 18 174
 16 175
 12 176
 8 177
 10 178
 9 179
 6 180
 9 181
 7 182
 8 183
 5 184
 1 185
 6 186
 7 187
 8 188
 8 189
 5 190
 8 191
 4 192
 3 193
 4 194
 3 195
 4 196
 0 197
 1 198
 0 199
 0 200
 1 201
 1 202
 1 203
 1 204
 1 205
 1 206
 1 207
 1 208
 1 209
 2 210
 1 211
 0 212
 0 213
 2 214
 1 215
 0 216
 0 217
 1 218
 0 219
 0 220
 1 221
 0 222
 0 223
 0 224
 0 225
 0 226
 0 227
 0 228
 0 229
 0 230
 0 231
 0 232
 0 233
 0 234
 0 235
 0 236
 0 237
 0 238
 0 239
 0 240
 0 241
 0 242
 0 243
 0 244
 0 245
 0 246
 0 247
 0 248
 0 249
 0 250
 0 251
 0 252
 0 253
 0 254
 0 255
 0 256
 0 257
 0 258
 0 259
 1 260
 0 261
 0 262
 0 263
 0 264
 0 265
 0 266
 0 267
 0 268
 0 269
 0 270
 0 271
 0 272
 1 273
 0 274
 0 275
 0 276
 0 277
 0 278
 0 279
 0 280
 1 281
 0 282
 0 283
 0 284
 0 285
 0 286
 0 287
 1 288
 0 289
 3 290
 0 291
 0 292
 0 293
 1 294
 1 295
 1 296
 0 297
 0 298
 1 299
 1 300
 1 301
 3 302
 1 303
 1 304
 2 305
 0 306
 2 307
 0 308
 3 309
 1 310
 2 311
 3 312
 3 313
 2 314
 3 315
 1 316
 2 317
 1 318
 4 319
 1 320
 3 321
 2 322
 0 323
 2 324
 4 325
 2 326
 1 327
 5 328
 2 329
 3 330
 5 331
 2 332
 0 333
 3 334
 1 335
 1 336
 0 337
 4 338
 1 339
 4 340
 2 341
 2 342
 1 343
 5 344
 3 345
 0 346
 2 347
 4 348
 1 349
 2 350
 1 351
 2 352
 0 353
 2 354
 0 355
 3 356
 2 357
 5 358
 2 359
 0 360
 0 361
 0 362
 0 363
 1 364
 5 365
 5 366
 1 367
 1 368
 1 369
 2 370
 0 371
 1 372
 0 373
 1 374
 0 375
 1 376
 3 377
 0 378
 1 379
 1 380
 0 381
 0 382
 1 383
 0 384
 1 385
 0 386
 0 387
 0 388
 0 389
 2 390
 0 391
 1 392
 1 393
 0 394
 1 395
 0 396
 0 397
 0 398
 0 399
 1 400
 0 401
 0 402
 0 403
 0 404
 0 405
 0 406
 0 407
 1 408
 0 409
 1 410
 0 411
 0 412
 0 413
 0 414
 0 415
 0 416
 0 417
 0 418
 0 419
 0 420
 0 421
 0 422
 0 423
 0 424
 0 425
 0 426
 0 427
 1 428
 0 429
 0 430
 0 431
 0 432
 0 433
 0 434
 0 435
 0 436
 0 437
 0 438
 0 439
 0 440
 0 441
 0 442
 0 443
 0 444
 0 445
 0 446
 0 447
 0 448
 0 449
 0 450
 0 451
 0 452
 0 453
 0 454
 0 455
 0 456
 0 457
 0 458
 0 459
 0 460
 0 461
 0 462
 0 463
 0 464
 0 465
 0 466
 0 467
 0 468
 0 469
 0 470
 0 471
 0 472
 0 473
 0 474
 0 475
 0 476
 0 477
 0 478
 0 479
 0 480
 0 481
 0 482
 0 483
 0 484
 0 485
 0 486
 0 487
 0 488
 0 489
 0 490
 0 491
 0 492
 0 493
 0 494
 0 495
 0 496
 0 497
 0 498
 0 499
 0 500
 0 501
 0 502
 0 503
 0 504
 0 505
 0 506
 0 507
 0 508
 0 509
 0 510
 0 511
 0 512
 0 513
 0 514
 0 515
 0 516
 0 517
 0 518
 0 519
 0 520
 0 521
 0 522
 0 523
 0 524
 0 525
 0 526
 0 527
 0 528
 0 529
 0 530
 0 531
 0 532
 0 533
 0 534
 0 535
 0 536
 0 537
 0 538
 0 539
 0 540
 0 541
 0 542
 0 543
 0 544
 0 545
 0 546
 0 547
 0 548
 0 549
 0 550
 0 551
 0 552
 0 553
 0 554
 0 555
 0 556
 0 557
 0 558
 0 559
 0 560
 0 561
 0 562
 0 563
 0 564
 0 565
 0 566
 0 567
 0 568
 0 569
 0 570
 0 571
 0 572
 0 573
 0 574
 0 575
 0 576
 0 577
 0 578
 0 579
 0 580
 0 581
 0 582
 0 583
 0 584
 0 585
 0 586
 0 587
 0 588
 0 589
 0 590
 0 591
 0 592
 0 593
 0 594
 0 595
 0 596
 0 597
 0 598
 0 599
 0 600


