# Created by Octave 3.8.2, Mon Jun 22 03:59:32 2020 CEST <damian@fptrucha.inv.usc.es>
# name: hd
# type: matrix
# rows: 551
# columns: 2
 0 50
 0 51
 0 52
 0 53
 0 54
 0 55
 0 56
 0 57
 0 58
 0 59
 0 60
 0 61
 0 62
 0 63
 0 64
 0 65
 0 66
 0 67
 0 68
 0 69
 0 70
 0 71
 0 72
 0 73
 0 74
 0 75
 0 76
 0 77
 0 78
 0 79
 0 80
 0 81
 0 82
 0 83
 0 84
 0 85
 0 86
 0 87
 1 88
 2 89
 9 90
 17 91
 69 92
 108 93
 166 94
 188 95
 382 96
 542 97
 746 98
 937 99
 1129 100
 1254 101
 1292 102
 1460 103
 1393 104
 1468 105
 1475 106
 1337 107
 1356 108
 1225 109
 1229 110
 1100 111
 1037 112
 986 113
 918 114
 852 115
 782 116
 688 117
 619 118
 596 119
 536 120
 492 121
 423 122
 440 123
 378 124
 326 125
 300 126
 282 127
 265 128
 261 129
 232 130
 208 131
 186 132
 171 133
 180 134
 153 135
 141 136
 152 137
 128 138
 130 139
 127 140
 102 141
 96 142
 109 143
 85 144
 111 145
 81 146
 82 147
 65 148
 67 149
 68 150
 55 151
 51 152
 48 153
 57 154
 45 155
 35 156
 38 157
 45 158
 48 159
 33 160
 44 161
 29 162
 26 163
 19 164
 28 165
 26 166
 23 167
 22 168
 21 169
 17 170
 17 171
 10 172
 21 173
 12 174
 19 175
 12 176
 8 177
 14 178
 15 179
 13 180
 6 181
 7 182
 6 183
 9 184
 6 185
 4 186
 5 187
 6 188
 5 189
 4 190
 4 191
 4 192
 4 193
 5 194
 2 195
 4 196
 3 197
 4 198
 3 199
 4 200
 4 201
 4 202
 2 203
 0 204
 0 205
 3 206
 0 207
 0 208
 1 209
 1 210
 2 211
 0 212
 0 213
 1 214
 1 215
 0 216
 3 217
 1 218
 1 219
 0 220
 1 221
 0 222
 0 223
 0 224
 0 225
 1 226
 0 227
 0 228
 0 229
 0 230
 0 231
 0 232
 0 233
 0 234
 0 235
 0 236
 1 237
 0 238
 0 239
 0 240
 0 241
 0 242
 0 243
 1 244
 0 245
 0 246
 0 247
 0 248
 0 249
 0 250
 0 251
 0 252
 0 253
 0 254
 0 255
 0 256
 0 257
 0 258
 0 259
 0 260
 0 261
 0 262
 0 263
 0 264
 1 265
 0 266
 0 267
 0 268
 0 269
 0 270
 0 271
 0 272
 1 273
 0 274
 0 275
 0 276
 0 277
 0 278
 0 279
 0 280
 0 281
 0 282
 0 283
 0 284
 1 285
 0 286
 0 287
 1 288
 1 289
 2 290
 1 291
 0 292
 1 293
 1 294
 0 295
 2 296
 0 297
 0 298
 3 299
 1 300
 3 301
 2 302
 2 303
 2 304
 1 305
 0 306
 0 307
 6 308
 7 309
 2 310
 1 311
 2 312
 4 313
 2 314
 0 315
 4 316
 4 317
 1 318
 0 319
 2 320
 3 321
 3 322
 1 323
 2 324
 6 325
 3 326
 3 327
 1 328
 4 329
 3 330
 3 331
 2 332
 4 333
 3 334
 1 335
 3 336
 2 337
 1 338
 1 339
 2 340
 1 341
 4 342
 3 343
 4 344
 3 345
 0 346
 1 347
 3 348
 1 349
 4 350
 2 351
 0 352
 2 353
 0 354
 1 355
 1 356
 3 357
 1 358
 2 359
 3 360
 0 361
 0 362
 0 363
 0 364
 1 365
 0 366
 0 367
 1 368
 2 369
 1 370
 3 371
 1 372
 0 373
 0 374
 1 375
 1 376
 0 377
 2 378
 1 379
 0 380
 0 381
 0 382
 0 383
 0 384
 0 385
 0 386
 1 387
 1 388
 0 389
 0 390
 0 391
 0 392
 0 393
 0 394
 1 395
 0 396
 0 397
 0 398
 0 399
 0 400
 0 401
 0 402
 0 403
 0 404
 0 405
 0 406
 1 407
 0 408
 0 409
 0 410
 0 411
 0 412
 0 413
 0 414
 2 415
 0 416
 0 417
 1 418
 0 419
 0 420
 0 421
 0 422
 0 423
 0 424
 0 425
 0 426
 0 427
 0 428
 0 429
 0 430
 0 431
 0 432
 0 433
 0 434
 0 435
 0 436
 0 437
 0 438
 0 439
 0 440
 1 441
 0 442
 0 443
 0 444
 0 445
 0 446
 0 447
 0 448
 0 449
 0 450
 0 451
 0 452
 0 453
 0 454
 0 455
 0 456
 0 457
 0 458
 0 459
 0 460
 0 461
 0 462
 0 463
 0 464
 0 465
 0 466
 0 467
 0 468
 0 469
 0 470
 0 471
 0 472
 0 473
 0 474
 0 475
 0 476
 0 477
 0 478
 0 479
 0 480
 0 481
 0 482
 0 483
 0 484
 0 485
 0 486
 0 487
 0 488
 0 489
 0 490
 0 491
 0 492
 0 493
 0 494
 0 495
 0 496
 0 497
 0 498
 0 499
 0 500
 0 501
 0 502
 0 503
 0 504
 0 505
 0 506
 0 507
 0 508
 0 509
 0 510
 0 511
 0 512
 0 513
 0 514
 0 515
 0 516
 0 517
 0 518
 0 519
 0 520
 0 521
 0 522
 0 523
 0 524
 0 525
 0 526
 0 527
 0 528
 0 529
 0 530
 0 531
 0 532
 0 533
 0 534
 0 535
 0 536
 0 537
 0 538
 0 539
 0 540
 0 541
 0 542
 0 543
 0 544
 0 545
 0 546
 0 547
 0 548
 0 549
 0 550
 0 551
 0 552
 0 553
 0 554
 0 555
 0 556
 0 557
 0 558
 0 559
 0 560
 0 561
 0 562
 0 563
 0 564
 0 565
 0 566
 0 567
 0 568
 0 569
 0 570
 0 571
 0 572
 0 573
 0 574
 0 575
 0 576
 0 577
 0 578
 0 579
 0 580
 0 581
 0 582
 0 583
 0 584
 0 585
 0 586
 0 587
 0 588
 0 589
 0 590
 0 591
 0 592
 0 593
 0 594
 0 595
 0 596
 0 597
 0 598
 0 599
 0 600


