# Created by Octave 3.8.2, Sun Jun 21 01:43:12 2020 CEST <damian@fptrucha.inv.usc.es>
# name: hd
# type: matrix
# rows: 551
# columns: 2
 0 50
 0 51
 0 52
 0 53
 0 54
 0 55
 0 56
 0 57
 0 58
 0 59
 0 60
 0 61
 0 62
 0 63
 0 64
 0 65
 0 66
 0 67
 0 68
 0 69
 0 70
 0 71
 0 72
 0 73
 0 74
 0 75
 0 76
 0 77
 0 78
 0 79
 0 80
 0 81
 0 82
 0 83
 0 84
 0 85
 0 86
 0 87
 5 88
 3 89
 6 90
 34 91
 89 92
 111 93
 186 94
 259 95
 368 96
 513 97
 682 98
 787 99
 937 100
 1022 101
 1142 102
 1198 103
 1229 104
 1306 105
 1247 106
 1249 107
 1254 108
 1201 109
 1243 110
 1141 111
 1089 112
 1084 113
 1059 114
 942 115
 901 116
 888 117
 815 118
 756 119
 693 120
 632 121
 628 122
 563 123
 536 124
 473 125
 431 126
 414 127
 355 128
 372 129
 315 130
 291 131
 253 132
 246 133
 240 134
 208 135
 218 136
 168 137
 160 138
 139 139
 143 140
 117 141
 129 142
 116 143
 111 144
 95 145
 99 146
 89 147
 67 148
 71 149
 83 150
 57 151
 62 152
 64 153
 58 154
 38 155
 44 156
 51 157
 42 158
 37 159
 46 160
 32 161
 41 162
 38 163
 27 164
 29 165
 23 166
 23 167
 18 168
 19 169
 19 170
 24 171
 16 172
 11 173
 20 174
 10 175
 13 176
 15 177
 14 178
 5 179
 10 180
 10 181
 10 182
 15 183
 6 184
 6 185
 5 186
 3 187
 9 188
 5 189
 5 190
 5 191
 6 192
 3 193
 4 194
 4 195
 4 196
 4 197
 7 198
 0 199
 4 200
 2 201
 1 202
 5 203
 1 204
 2 205
 3 206
 0 207
 2 208
 1 209
 0 210
 0 211
 1 212
 0 213
 0 214
 0 215
 0 216
 0 217
 0 218
 0 219
 2 220
 0 221
 0 222
 1 223
 0 224
 0 225
 0 226
 0 227
 0 228
 0 229
 0 230
 1 231
 0 232
 1 233
 1 234
 0 235
 0 236
 0 237
 0 238
 0 239
 0 240
 1 241
 0 242
 0 243
 0 244
 0 245
 0 246
 0 247
 0 248
 0 249
 0 250
 0 251
 0 252
 0 253
 0 254
 0 255
 0 256
 0 257
 0 258
 0 259
 0 260
 0 261
 0 262
 1 263
 0 264
 0 265
 0 266
 0 267
 0 268
 0 269
 0 270
 0 271
 0 272
 0 273
 1 274
 0 275
 0 276
 0 277
 0 278
 1 279
 0 280
 0 281
 1 282
 0 283
 0 284
 0 285
 1 286
 0 287
 1 288
 3 289
 0 290
 0 291
 0 292
 1 293
 0 294
 1 295
 2 296
 1 297
 1 298
 2 299
 0 300
 2 301
 1 302
 0 303
 1 304
 2 305
 0 306
 2 307
 1 308
 3 309
 2 310
 1 311
 4 312
 5 313
 3 314
 1 315
 2 316
 3 317
 0 318
 1 319
 4 320
 3 321
 2 322
 3 323
 2 324
 2 325
 4 326
 0 327
 1 328
 3 329
 2 330
 3 331
 2 332
 4 333
 2 334
 3 335
 2 336
 4 337
 0 338
 2 339
 5 340
 1 341
 2 342
 2 343
 3 344
 7 345
 3 346
 1 347
 3 348
 2 349
 3 350
 3 351
 1 352
 1 353
 1 354
 1 355
 0 356
 1 357
 3 358
 2 359
 1 360
 1 361
 0 362
 1 363
 1 364
 1 365
 2 366
 1 367
 2 368
 2 369
 2 370
 1 371
 1 372
 1 373
 0 374
 1 375
 1 376
 0 377
 0 378
 0 379
 0 380
 0 381
 0 382
 3 383
 1 384
 0 385
 0 386
 1 387
 0 388
 0 389
 1 390
 0 391
 0 392
 0 393
 0 394
 0 395
 0 396
 0 397
 0 398
 1 399
 0 400
 0 401
 0 402
 0 403
 0 404
 0 405
 0 406
 0 407
 0 408
 0 409
 0 410
 0 411
 0 412
 0 413
 0 414
 0 415
 0 416
 0 417
 0 418
 0 419
 1 420
 0 421
 0 422
 0 423
 0 424
 0 425
 0 426
 0 427
 0 428
 0 429
 0 430
 0 431
 0 432
 1 433
 0 434
 0 435
 0 436
 0 437
 0 438
 0 439
 0 440
 0 441
 0 442
 0 443
 0 444
 0 445
 0 446
 0 447
 0 448
 0 449
 0 450
 0 451
 0 452
 0 453
 0 454
 0 455
 0 456
 0 457
 0 458
 0 459
 0 460
 0 461
 0 462
 0 463
 0 464
 0 465
 0 466
 0 467
 0 468
 0 469
 0 470
 0 471
 0 472
 0 473
 0 474
 0 475
 0 476
 0 477
 0 478
 0 479
 0 480
 0 481
 0 482
 0 483
 0 484
 0 485
 0 486
 0 487
 0 488
 0 489
 0 490
 0 491
 0 492
 0 493
 0 494
 0 495
 0 496
 0 497
 0 498
 0 499
 0 500
 0 501
 0 502
 0 503
 0 504
 0 505
 0 506
 0 507
 0 508
 0 509
 0 510
 0 511
 0 512
 0 513
 0 514
 0 515
 0 516
 0 517
 0 518
 0 519
 0 520
 0 521
 0 522
 0 523
 0 524
 0 525
 0 526
 0 527
 0 528
 0 529
 0 530
 0 531
 0 532
 0 533
 0 534
 0 535
 0 536
 0 537
 0 538
 0 539
 0 540
 0 541
 0 542
 0 543
 0 544
 0 545
 0 546
 0 547
 0 548
 0 549
 0 550
 0 551
 0 552
 0 553
 0 554
 0 555
 0 556
 0 557
 0 558
 0 559
 0 560
 0 561
 0 562
 0 563
 0 564
 0 565
 0 566
 0 567
 0 568
 0 569
 0 570
 0 571
 0 572
 0 573
 0 574
 0 575
 0 576
 0 577
 0 578
 0 579
 0 580
 0 581
 0 582
 0 583
 0 584
 0 585
 0 586
 0 587
 0 588
 0 589
 0 590
 0 591
 0 592
 0 593
 0 594
 0 595
 0 596
 0 597
 0 598
 0 599
 0 600


