# Created by Octave 3.8.2, Sat Jun 20 13:06:12 2020 CEST <damian@fptrucha.inv.usc.es>
# name: hd
# type: matrix
# rows: 551
# columns: 2
 0 50
 0 51
 0 52
 0 53
 0 54
 0 55
 0 56
 0 57
 0 58
 0 59
 0 60
 0 61
 0 62
 0 63
 0 64
 0 65
 0 66
 0 67
 0 68
 0 69
 0 70
 0 71
 0 72
 0 73
 0 74
 0 75
 0 76
 0 77
 0 78
 0 79
 0 80
 0 81
 0 82
 0 83
 0 84
 0 85
 0 86
 1 87
 3 88
 3 89
 1 90
 32 91
 104 92
 147 93
 177 94
 276 95
 460 96
 593 97
 812 98
 933 99
 1049 100
 1118 101
 1247 102
 1304 103
 1375 104
 1414 105
 1385 106
 1318 107
 1429 108
 1388 109
 1361 110
 1316 111
 1227 112
 1200 113
 1120 114
 1083 115
 997 116
 915 117
 848 118
 847 119
 785 120
 670 121
 676 122
 598 123
 512 124
 462 125
 441 126
 426 127
 396 128
 364 129
 340 130
 341 131
 285 132
 267 133
 263 134
 213 135
 190 136
 194 137
 176 138
 158 139
 161 140
 126 141
 154 142
 120 143
 101 144
 102 145
 102 146
 84 147
 86 148
 83 149
 86 150
 72 151
 53 152
 68 153
 62 154
 67 155
 64 156
 52 157
 49 158
 44 159
 45 160
 43 161
 33 162
 36 163
 33 164
 39 165
 30 166
 22 167
 25 168
 28 169
 16 170
 11 171
 18 172
 17 173
 15 174
 20 175
 12 176
 12 177
 9 178
 9 179
 8 180
 9 181
 12 182
 6 183
 13 184
 10 185
 7 186
 5 187
 10 188
 2 189
 9 190
 5 191
 6 192
 8 193
 1 194
 2 195
 8 196
 1 197
 0 198
 2 199
 3 200
 1 201
 1 202
 1 203
 3 204
 1 205
 2 206
 1 207
 2 208
 1 209
 1 210
 0 211
 0 212
 1 213
 1 214
 1 215
 0 216
 0 217
 1 218
 0 219
 0 220
 0 221
 0 222
 2 223
 0 224
 0 225
 1 226
 2 227
 1 228
 0 229
 0 230
 0 231
 0 232
 0 233
 0 234
 0 235
 0 236
 0 237
 0 238
 0 239
 0 240
 0 241
 0 242
 0 243
 0 244
 0 245
 0 246
 0 247
 0 248
 0 249
 0 250
 0 251
 0 252
 0 253
 0 254
 0 255
 0 256
 0 257
 1 258
 0 259
 0 260
 0 261
 0 262
 0 263
 0 264
 0 265
 0 266
 0 267
 0 268
 0 269
 0 270
 0 271
 0 272
 0 273
 0 274
 0 275
 0 276
 0 277
 0 278
 0 279
 0 280
 1 281
 1 282
 1 283
 0 284
 0 285
 0 286
 0 287
 1 288
 0 289
 0 290
 0 291
 0 292
 0 293
 0 294
 1 295
 0 296
 0 297
 0 298
 0 299
 0 300
 0 301
 5 302
 0 303
 2 304
 1 305
 3 306
 2 307
 0 308
 1 309
 2 310
 1 311
 1 312
 1 313
 3 314
 4 315
 1 316
 1 317
 4 318
 1 319
 1 320
 6 321
 4 322
 1 323
 3 324
 4 325
 5 326
 3 327
 1 328
 2 329
 2 330
 3 331
 6 332
 2 333
 1 334
 2 335
 4 336
 1 337
 0 338
 3 339
 2 340
 2 341
 3 342
 6 343
 1 344
 1 345
 0 346
 1 347
 2 348
 4 349
 0 350
 1 351
 1 352
 2 353
 2 354
 2 355
 5 356
 1 357
 1 358
 0 359
 1 360
 0 361
 4 362
 1 363
 0 364
 2 365
 1 366
 4 367
 2 368
 1 369
 1 370
 1 371
 2 372
 0 373
 2 374
 1 375
 0 376
 1 377
 1 378
 1 379
 0 380
 1 381
 1 382
 1 383
 0 384
 1 385
 0 386
 1 387
 1 388
 0 389
 0 390
 0 391
 0 392
 0 393
 0 394
 0 395
 2 396
 0 397
 1 398
 1 399
 0 400
 1 401
 0 402
 0 403
 1 404
 0 405
 0 406
 0 407
 0 408
 0 409
 1 410
 0 411
 0 412
 0 413
 0 414
 0 415
 0 416
 3 417
 0 418
 0 419
 0 420
 0 421
 0 422
 0 423
 0 424
 0 425
 0 426
 0 427
 0 428
 0 429
 0 430
 0 431
 0 432
 0 433
 0 434
 0 435
 0 436
 0 437
 0 438
 0 439
 0 440
 0 441
 0 442
 0 443
 0 444
 0 445
 0 446
 0 447
 0 448
 0 449
 0 450
 0 451
 0 452
 0 453
 0 454
 1 455
 0 456
 0 457
 0 458
 0 459
 0 460
 0 461
 0 462
 0 463
 0 464
 0 465
 0 466
 0 467
 0 468
 0 469
 0 470
 0 471
 0 472
 0 473
 0 474
 0 475
 0 476
 0 477
 0 478
 0 479
 0 480
 0 481
 0 482
 0 483
 0 484
 0 485
 0 486
 0 487
 0 488
 0 489
 0 490
 0 491
 0 492
 0 493
 0 494
 0 495
 0 496
 0 497
 0 498
 0 499
 0 500
 0 501
 0 502
 0 503
 0 504
 0 505
 0 506
 0 507
 0 508
 0 509
 0 510
 0 511
 0 512
 0 513
 0 514
 0 515
 0 516
 0 517
 0 518
 0 519
 0 520
 0 521
 0 522
 0 523
 0 524
 0 525
 0 526
 0 527
 0 528
 0 529
 0 530
 0 531
 0 532
 0 533
 0 534
 0 535
 0 536
 0 537
 0 538
 0 539
 0 540
 0 541
 0 542
 0 543
 0 544
 0 545
 0 546
 0 547
 0 548
 0 549
 0 550
 0 551
 0 552
 0 553
 0 554
 0 555
 0 556
 0 557
 0 558
 0 559
 0 560
 0 561
 0 562
 0 563
 0 564
 0 565
 0 566
 0 567
 0 568
 0 569
 0 570
 0 571
 0 572
 0 573
 0 574
 0 575
 0 576
 0 577
 0 578
 0 579
 0 580
 0 581
 0 582
 0 583
 0 584
 0 585
 0 586
 0 587
 0 588
 0 589
 0 590
 0 591
 0 592
 0 593
 0 594
 0 595
 0 596
 0 597
 0 598
 0 599
 0 600


