# Created by Octave 3.8.2, Sat Jun 20 19:08:02 2020 CEST <damian@fptrucha.inv.usc.es>
# name: hd
# type: matrix
# rows: 551
# columns: 2
 0 50
 0 51
 0 52
 0 53
 0 54
 0 55
 0 56
 0 57
 0 58
 0 59
 0 60
 0 61
 0 62
 0 63
 0 64
 0 65
 0 66
 0 67
 0 68
 0 69
 0 70
 0 71
 0 72
 0 73
 0 74
 0 75
 0 76
 0 77
 0 78
 0 79
 0 80
 0 81
 0 82
 0 83
 0 84
 0 85
 0 86
 0 87
 3 88
 2 89
 2 90
 30 91
 76 92
 107 93
 152 94
 281 95
 393 96
 535 97
 705 98
 823 99
 973 100
 1055 101
 1100 102
 1230 103
 1205 104
 1264 105
 1276 106
 1332 107
 1217 108
 1221 109
 1306 110
 1188 111
 1141 112
 1156 113
 1103 114
 994 115
 989 116
 862 117
 825 118
 808 119
 769 120
 675 121
 644 122
 575 123
 522 124
 501 125
 430 126
 403 127
 391 128
 360 129
 355 130
 283 131
 299 132
 250 133
 244 134
 229 135
 187 136
 197 137
 152 138
 155 139
 150 140
 135 141
 131 142
 119 143
 106 144
 99 145
 85 146
 97 147
 83 148
 67 149
 57 150
 92 151
 70 152
 66 153
 49 154
 65 155
 59 156
 50 157
 38 158
 39 159
 44 160
 30 161
 34 162
 33 163
 38 164
 29 165
 20 166
 20 167
 25 168
 31 169
 22 170
 12 171
 15 172
 14 173
 11 174
 8 175
 9 176
 16 177
 6 178
 16 179
 8 180
 6 181
 8 182
 8 183
 3 184
 4 185
 8 186
 7 187
 3 188
 5 189
 4 190
 3 191
 1 192
 2 193
 4 194
 6 195
 2 196
 0 197
 1 198
 1 199
 3 200
 0 201
 0 202
 1 203
 0 204
 2 205
 2 206
 2 207
 1 208
 0 209
 4 210
 2 211
 0 212
 1 213
 1 214
 1 215
 0 216
 1 217
 0 218
 0 219
 1 220
 0 221
 1 222
 0 223
 1 224
 0 225
 0 226
 0 227
 0 228
 1 229
 0 230
 0 231
 0 232
 0 233
 0 234
 0 235
 0 236
 1 237
 0 238
 0 239
 0 240
 0 241
 0 242
 0 243
 0 244
 0 245
 1 246
 0 247
 0 248
 0 249
 0 250
 0 251
 0 252
 0 253
 0 254
 0 255
 0 256
 0 257
 0 258
 0 259
 0 260
 0 261
 0 262
 0 263
 0 264
 0 265
 0 266
 0 267
 0 268
 0 269
 0 270
 0 271
 0 272
 1 273
 1 274
 0 275
 1 276
 0 277
 0 278
 0 279
 0 280
 0 281
 1 282
 0 283
 0 284
 0 285
 0 286
 1 287
 0 288
 1 289
 2 290
 0 291
 1 292
 1 293
 2 294
 1 295
 1 296
 0 297
 1 298
 1 299
 2 300
 0 301
 0 302
 3 303
 3 304
 1 305
 2 306
 2 307
 1 308
 1 309
 2 310
 3 311
 0 312
 1 313
 0 314
 2 315
 2 316
 3 317
 2 318
 3 319
 1 320
 1 321
 2 322
 6 323
 3 324
 4 325
 0 326
 3 327
 3 328
 2 329
 1 330
 3 331
 2 332
 3 333
 8 334
 2 335
 0 336
 2 337
 5 338
 3 339
 1 340
 2 341
 1 342
 5 343
 2 344
 2 345
 2 346
 5 347
 2 348
 0 349
 2 350
 3 351
 2 352
 5 353
 2 354
 3 355
 2 356
 1 357
 2 358
 2 359
 1 360
 4 361
 1 362
 1 363
 3 364
 3 365
 2 366
 1 367
 2 368
 2 369
 1 370
 1 371
 2 372
 2 373
 0 374
 0 375
 1 376
 1 377
 2 378
 1 379
 1 380
 1 381
 0 382
 0 383
 0 384
 0 385
 0 386
 1 387
 1 388
 0 389
 2 390
 0 391
 1 392
 0 393
 0 394
 1 395
 0 396
 0 397
 0 398
 0 399
 0 400
 1 401
 0 402
 0 403
 0 404
 0 405
 0 406
 0 407
 0 408
 0 409
 0 410
 0 411
 0 412
 1 413
 0 414
 0 415
 0 416
 0 417
 0 418
 0 419
 0 420
 0 421
 0 422
 0 423
 0 424
 0 425
 0 426
 0 427
 0 428
 0 429
 0 430
 0 431
 0 432
 1 433
 0 434
 0 435
 0 436
 0 437
 0 438
 0 439
 0 440
 0 441
 0 442
 0 443
 0 444
 0 445
 0 446
 0 447
 0 448
 0 449
 0 450
 0 451
 0 452
 0 453
 0 454
 0 455
 0 456
 0 457
 0 458
 0 459
 0 460
 0 461
 0 462
 0 463
 0 464
 0 465
 0 466
 0 467
 0 468
 0 469
 0 470
 0 471
 0 472
 0 473
 0 474
 0 475
 0 476
 0 477
 0 478
 0 479
 0 480
 0 481
 0 482
 0 483
 0 484
 0 485
 0 486
 0 487
 0 488
 0 489
 0 490
 0 491
 0 492
 0 493
 0 494
 0 495
 0 496
 0 497
 0 498
 0 499
 0 500
 0 501
 0 502
 0 503
 0 504
 0 505
 0 506
 0 507
 0 508
 0 509
 0 510
 0 511
 0 512
 0 513
 0 514
 0 515
 0 516
 0 517
 0 518
 0 519
 0 520
 0 521
 0 522
 0 523
 0 524
 0 525
 0 526
 0 527
 0 528
 0 529
 0 530
 0 531
 0 532
 0 533
 0 534
 0 535
 0 536
 0 537
 0 538
 0 539
 0 540
 0 541
 0 542
 0 543
 0 544
 0 545
 0 546
 0 547
 0 548
 0 549
 0 550
 0 551
 0 552
 0 553
 0 554
 0 555
 0 556
 0 557
 0 558
 0 559
 0 560
 0 561
 0 562
 0 563
 0 564
 0 565
 0 566
 0 567
 0 568
 0 569
 0 570
 0 571
 0 572
 0 573
 0 574
 0 575
 0 576
 0 577
 0 578
 0 579
 0 580
 0 581
 0 582
 0 583
 0 584
 0 585
 0 586
 0 587
 0 588
 0 589
 0 590
 0 591
 0 592
 0 593
 0 594
 0 595
 0 596
 0 597
 0 598
 0 599
 0 600


