# Created by Octave 3.8.2, Mon Jun 22 04:12:26 2020 CEST <damian@fptrucha.inv.usc.es>
# name: hd
# type: matrix
# rows: 551
# columns: 2
 0 50
 0 51
 0 52
 0 53
 0 54
 0 55
 0 56
 0 57
 0 58
 0 59
 0 60
 0 61
 0 62
 0 63
 0 64
 0 65
 0 66
 0 67
 0 68
 0 69
 0 70
 0 71
 0 72
 0 73
 0 74
 0 75
 0 76
 0 77
 0 78
 0 79
 0 80
 0 81
 0 82
 0 83
 0 84
 0 85
 0 86
 0 87
 0 88
 4 89
 1 90
 12 91
 62 92
 98 93
 168 94
 221 95
 362 96
 554 97
 762 98
 941 99
 1097 100
 1262 101
 1321 102
 1301 103
 1325 104
 1408 105
 1381 106
 1394 107
 1259 108
 1285 109
 1195 110
 1073 111
 1089 112
 956 113
 925 114
 875 115
 767 116
 728 117
 593 118
 573 119
 522 120
 491 121
 456 122
 400 123
 380 124
 319 125
 329 126
 279 127
 250 128
 234 129
 216 130
 208 131
 228 132
 166 133
 154 134
 161 135
 125 136
 121 137
 125 138
 115 139
 110 140
 97 141
 103 142
 91 143
 86 144
 84 145
 81 146
 73 147
 68 148
 63 149
 48 150
 46 151
 75 152
 50 153
 49 154
 40 155
 48 156
 49 157
 35 158
 34 159
 36 160
 27 161
 34 162
 37 163
 17 164
 26 165
 26 166
 21 167
 13 168
 18 169
 18 170
 20 171
 12 172
 14 173
 14 174
 7 175
 14 176
 12 177
 12 178
 11 179
 16 180
 9 181
 9 182
 1 183
 7 184
 8 185
 6 186
 4 187
 8 188
 6 189
 6 190
 3 191
 9 192
 3 193
 7 194
 3 195
 4 196
 5 197
 4 198
 5 199
 4 200
 2 201
 1 202
 2 203
 3 204
 2 205
 0 206
 0 207
 2 208
 2 209
 0 210
 1 211
 0 212
 2 213
 0 214
 1 215
 2 216
 0 217
 0 218
 0 219
 0 220
 0 221
 0 222
 0 223
 0 224
 0 225
 0 226
 0 227
 2 228
 0 229
 0 230
 1 231
 0 232
 1 233
 0 234
 0 235
 0 236
 0 237
 0 238
 0 239
 0 240
 0 241
 0 242
 0 243
 0 244
 1 245
 0 246
 0 247
 0 248
 0 249
 0 250
 0 251
 0 252
 0 253
 0 254
 0 255
 0 256
 0 257
 0 258
 0 259
 0 260
 0 261
 0 262
 0 263
 0 264
 0 265
 0 266
 0 267
 0 268
 0 269
 0 270
 0 271
 0 272
 0 273
 0 274
 0 275
 0 276
 0 277
 0 278
 0 279
 0 280
 0 281
 0 282
 0 283
 0 284
 1 285
 2 286
 1 287
 0 288
 0 289
 2 290
 1 291
 0 292
 1 293
 1 294
 1 295
 1 296
 2 297
 1 298
 0 299
 2 300
 2 301
 4 302
 0 303
 4 304
 2 305
 2 306
 0 307
 0 308
 3 309
 0 310
 3 311
 4 312
 1 313
 2 314
 1 315
 1 316
 4 317
 2 318
 1 319
 3 320
 3 321
 5 322
 4 323
 5 324
 3 325
 3 326
 0 327
 6 328
 1 329
 5 330
 5 331
 7 332
 0 333
 3 334
 3 335
 5 336
 2 337
 1 338
 5 339
 2 340
 0 341
 1 342
 2 343
 1 344
 3 345
 3 346
 3 347
 3 348
 2 349
 2 350
 3 351
 0 352
 2 353
 1 354
 2 355
 1 356
 0 357
 2 358
 2 359
 1 360
 0 361
 0 362
 0 363
 2 364
 0 365
 1 366
 1 367
 1 368
 0 369
 1 370
 0 371
 1 372
 1 373
 0 374
 2 375
 0 376
 1 377
 1 378
 1 379
 0 380
 0 381
 0 382
 1 383
 0 384
 1 385
 0 386
 0 387
 1 388
 0 389
 1 390
 0 391
 0 392
 0 393
 0 394
 0 395
 0 396
 0 397
 2 398
 0 399
 0 400
 0 401
 0 402
 0 403
 1 404
 0 405
 0 406
 0 407
 0 408
 0 409
 0 410
 0 411
 0 412
 0 413
 0 414
 0 415
 0 416
 0 417
 0 418
 0 419
 0 420
 0 421
 0 422
 0 423
 0 424
 0 425
 0 426
 0 427
 0 428
 0 429
 0 430
 0 431
 0 432
 0 433
 0 434
 0 435
 0 436
 0 437
 0 438
 0 439
 0 440
 0 441
 0 442
 0 443
 0 444
 0 445
 0 446
 0 447
 0 448
 0 449
 0 450
 0 451
 0 452
 0 453
 0 454
 0 455
 0 456
 0 457
 0 458
 0 459
 0 460
 0 461
 0 462
 0 463
 0 464
 0 465
 0 466
 0 467
 0 468
 0 469
 0 470
 0 471
 0 472
 0 473
 0 474
 0 475
 0 476
 0 477
 0 478
 0 479
 0 480
 0 481
 0 482
 0 483
 0 484
 0 485
 0 486
 0 487
 0 488
 0 489
 0 490
 0 491
 0 492
 0 493
 0 494
 0 495
 0 496
 0 497
 0 498
 0 499
 0 500
 0 501
 0 502
 0 503
 0 504
 0 505
 0 506
 0 507
 0 508
 0 509
 0 510
 0 511
 0 512
 0 513
 0 514
 0 515
 0 516
 0 517
 0 518
 0 519
 0 520
 0 521
 0 522
 0 523
 0 524
 0 525
 0 526
 0 527
 0 528
 0 529
 0 530
 0 531
 0 532
 0 533
 0 534
 0 535
 0 536
 0 537
 0 538
 0 539
 0 540
 0 541
 0 542
 0 543
 0 544
 0 545
 0 546
 0 547
 0 548
 0 549
 0 550
 0 551
 0 552
 0 553
 0 554
 0 555
 0 556
 0 557
 0 558
 0 559
 0 560
 0 561
 0 562
 0 563
 0 564
 0 565
 0 566
 0 567
 0 568
 0 569
 0 570
 0 571
 0 572
 0 573
 0 574
 0 575
 0 576
 0 577
 0 578
 0 579
 0 580
 0 581
 0 582
 0 583
 0 584
 0 585
 0 586
 0 587
 0 588
 0 589
 0 590
 0 591
 0 592
 0 593
 0 594
 0 595
 0 596
 0 597
 0 598
 0 599
 0 600


