# Created by Octave 3.8.2, Sun Jun 21 01:06:00 2020 CEST <damian@fptrucha.inv.usc.es>
# name: hd
# type: matrix
# rows: 551
# columns: 2
 0 50
 0 51
 0 52
 0 53
 0 54
 0 55
 0 56
 0 57
 0 58
 0 59
 0 60
 0 61
 0 62
 0 63
 0 64
 0 65
 0 66
 0 67
 0 68
 0 69
 0 70
 0 71
 0 72
 0 73
 0 74
 0 75
 0 76
 0 77
 0 78
 0 79
 0 80
 0 81
 0 82
 0 83
 0 84
 0 85
 0 86
 1 87
 3 88
 2 89
 4 90
 17 91
 59 92
 83 93
 151 94
 233 95
 363 96
 530 97
 700 98
 768 99
 869 100
 994 101
 1092 102
 1091 103
 1222 104
 1240 105
 1292 106
 1228 107
 1242 108
 1244 109
 1208 110
 1183 111
 1088 112
 992 113
 984 114
 939 115
 906 116
 894 117
 827 118
 719 119
 721 120
 658 121
 632 122
 561 123
 549 124
 462 125
 427 126
 392 127
 369 128
 358 129
 293 130
 293 131
 244 132
 252 133
 227 134
 205 135
 176 136
 202 137
 167 138
 156 139
 144 140
 137 141
 130 142
 124 143
 112 144
 92 145
 87 146
 97 147
 93 148
 71 149
 66 150
 79 151
 62 152
 66 153
 60 154
 50 155
 49 156
 66 157
 38 158
 43 159
 48 160
 30 161
 41 162
 35 163
 39 164
 28 165
 29 166
 23 167
 15 168
 27 169
 20 170
 18 171
 24 172
 15 173
 17 174
 9 175
 14 176
 14 177
 15 178
 9 179
 6 180
 6 181
 9 182
 4 183
 4 184
 7 185
 6 186
 3 187
 2 188
 4 189
 5 190
 6 191
 8 192
 5 193
 6 194
 5 195
 3 196
 2 197
 1 198
 1 199
 3 200
 3 201
 2 202
 1 203
 1 204
 5 205
 1 206
 4 207
 1 208
 0 209
 1 210
 0 211
 0 212
 0 213
 2 214
 0 215
 0 216
 1 217
 0 218
 1 219
 0 220
 0 221
 0 222
 0 223
 1 224
 0 225
 0 226
 0 227
 0 228
 0 229
 0 230
 0 231
 0 232
 0 233
 0 234
 0 235
 0 236
 0 237
 0 238
 0 239
 0 240
 0 241
 0 242
 0 243
 0 244
 0 245
 0 246
 0 247
 0 248
 0 249
 0 250
 0 251
 0 252
 0 253
 0 254
 1 255
 0 256
 0 257
 0 258
 0 259
 0 260
 0 261
 0 262
 0 263
 0 264
 0 265
 0 266
 0 267
 0 268
 0 269
 0 270
 0 271
 0 272
 0 273
 0 274
 1 275
 0 276
 0 277
 0 278
 0 279
 1 280
 0 281
 0 282
 1 283
 0 284
 0 285
 1 286
 0 287
 0 288
 0 289
 0 290
 3 291
 0 292
 0 293
 1 294
 0 295
 1 296
 2 297
 1 298
 2 299
 3 300
 1 301
 2 302
 0 303
 0 304
 0 305
 0 306
 2 307
 1 308
 2 309
 2 310
 2 311
 1 312
 3 313
 8 314
 2 315
 2 316
 2 317
 2 318
 3 319
 2 320
 2 321
 5 322
 6 323
 1 324
 1 325
 1 326
 2 327
 3 328
 2 329
 2 330
 5 331
 2 332
 4 333
 4 334
 2 335
 3 336
 2 337
 1 338
 3 339
 4 340
 3 341
 4 342
 1 343
 2 344
 2 345
 3 346
 3 347
 0 348
 1 349
 4 350
 3 351
 1 352
 2 353
 2 354
 1 355
 0 356
 1 357
 0 358
 0 359
 4 360
 4 361
 1 362
 1 363
 2 364
 0 365
 1 366
 2 367
 3 368
 0 369
 1 370
 2 371
 4 372
 0 373
 0 374
 1 375
 1 376
 2 377
 0 378
 0 379
 0 380
 2 381
 2 382
 0 383
 1 384
 0 385
 1 386
 1 387
 0 388
 1 389
 1 390
 0 391
 0 392
 0 393
 0 394
 1 395
 0 396
 1 397
 2 398
 0 399
 0 400
 0 401
 0 402
 0 403
 0 404
 1 405
 0 406
 0 407
 0 408
 0 409
 0 410
 0 411
 1 412
 0 413
 0 414
 0 415
 0 416
 0 417
 0 418
 0 419
 0 420
 0 421
 0 422
 0 423
 0 424
 0 425
 0 426
 0 427
 0 428
 0 429
 0 430
 0 431
 0 432
 0 433
 0 434
 0 435
 0 436
 0 437
 0 438
 0 439
 0 440
 0 441
 0 442
 0 443
 0 444
 0 445
 0 446
 0 447
 0 448
 0 449
 0 450
 0 451
 0 452
 0 453
 0 454
 0 455
 0 456
 0 457
 0 458
 0 459
 0 460
 0 461
 0 462
 0 463
 0 464
 0 465
 0 466
 0 467
 0 468
 0 469
 0 470
 0 471
 0 472
 0 473
 0 474
 0 475
 0 476
 0 477
 0 478
 0 479
 0 480
 0 481
 0 482
 0 483
 0 484
 0 485
 0 486
 0 487
 0 488
 0 489
 0 490
 0 491
 0 492
 0 493
 0 494
 0 495
 0 496
 0 497
 0 498
 0 499
 0 500
 0 501
 0 502
 0 503
 0 504
 0 505
 0 506
 0 507
 0 508
 0 509
 0 510
 0 511
 0 512
 0 513
 0 514
 0 515
 0 516
 0 517
 0 518
 0 519
 0 520
 0 521
 0 522
 0 523
 0 524
 0 525
 0 526
 0 527
 0 528
 0 529
 0 530
 0 531
 0 532
 0 533
 0 534
 0 535
 0 536
 0 537
 0 538
 0 539
 0 540
 0 541
 0 542
 0 543
 0 544
 0 545
 0 546
 0 547
 0 548
 0 549
 0 550
 0 551
 0 552
 0 553
 0 554
 0 555
 0 556
 0 557
 0 558
 0 559
 0 560
 0 561
 0 562
 0 563
 0 564
 0 565
 0 566
 0 567
 0 568
 0 569
 0 570
 0 571
 0 572
 0 573
 0 574
 0 575
 0 576
 0 577
 0 578
 0 579
 0 580
 0 581
 0 582
 0 583
 0 584
 0 585
 0 586
 0 587
 0 588
 0 589
 0 590
 0 591
 0 592
 0 593
 0 594
 0 595
 0 596
 0 597
 0 598
 0 599
 0 600


