# Created by Octave 3.8.2, Sat Jun 20 10:55:29 2020 CEST <damian@fptrucha.inv.usc.es>
# name: hd
# type: matrix
# rows: 551
# columns: 2
 0 50
 0 51
 0 52
 0 53
 0 54
 0 55
 0 56
 0 57
 0 58
 0 59
 0 60
 0 61
 0 62
 0 63
 0 64
 0 65
 0 66
 0 67
 0 68
 0 69
 0 70
 0 71
 0 72
 0 73
 0 74
 0 75
 0 76
 0 77
 0 78
 0 79
 0 80
 0 81
 0 82
 0 83
 0 84
 0 85
 0 86
 0 87
 0 88
 5 89
 2 90
 31 91
 114 92
 142 93
 215 94
 320 95
 486 96
 715 97
 880 98
 1084 99
 1272 100
 1332 101
 1386 102
 1474 103
 1539 104
 1621 105
 1566 106
 1585 107
 1493 108
 1389 109
 1429 110
 1340 111
 1278 112
 1185 113
 1161 114
 1122 115
 1043 116
 949 117
 858 118
 830 119
 795 120
 700 121
 597 122
 593 123
 534 124
 485 125
 437 126
 400 127
 371 128
 321 129
 309 130
 276 131
 256 132
 236 133
 216 134
 197 135
 205 136
 174 137
 147 138
 125 139
 151 140
 152 141
 109 142
 104 143
 114 144
 112 145
 90 146
 93 147
 65 148
 77 149
 61 150
 60 151
 67 152
 53 153
 54 154
 63 155
 56 156
 40 157
 60 158
 50 159
 41 160
 39 161
 34 162
 30 163
 26 164
 27 165
 22 166
 14 167
 19 168
 17 169
 21 170
 22 171
 20 172
 15 173
 13 174
 6 175
 9 176
 10 177
 9 178
 11 179
 6 180
 5 181
 9 182
 6 183
 2 184
 6 185
 4 186
 5 187
 3 188
 7 189
 3 190
 3 191
 4 192
 4 193
 5 194
 3 195
 0 196
 6 197
 3 198
 4 199
 3 200
 2 201
 1 202
 0 203
 2 204
 2 205
 0 206
 2 207
 1 208
 1 209
 1 210
 1 211
 0 212
 0 213
 1 214
 0 215
 0 216
 1 217
 1 218
 0 219
 1 220
 0 221
 0 222
 0 223
 0 224
 1 225
 0 226
 0 227
 0 228
 1 229
 0 230
 0 231
 0 232
 0 233
 0 234
 0 235
 0 236
 0 237
 0 238
 0 239
 0 240
 1 241
 0 242
 0 243
 0 244
 1 245
 0 246
 0 247
 0 248
 0 249
 0 250
 0 251
 0 252
 0 253
 0 254
 0 255
 0 256
 0 257
 0 258
 0 259
 0 260
 0 261
 1 262
 0 263
 0 264
 0 265
 0 266
 0 267
 0 268
 0 269
 0 270
 0 271
 0 272
 0 273
 0 274
 0 275
 0 276
 0 277
 1 278
 0 279
 0 280
 1 281
 0 282
 0 283
 0 284
 1 285
 0 286
 0 287
 2 288
 0 289
 0 290
 1 291
 0 292
 0 293
 1 294
 1 295
 0 296
 1 297
 0 298
 0 299
 1 300
 0 301
 0 302
 0 303
 3 304
 0 305
 1 306
 3 307
 2 308
 0 309
 0 310
 0 311
 0 312
 3 313
 0 314
 2 315
 2 316
 1 317
 1 318
 2 319
 2 320
 3 321
 4 322
 1 323
 3 324
 4 325
 3 326
 0 327
 3 328
 1 329
 1 330
 1 331
 0 332
 2 333
 5 334
 3 335
 3 336
 0 337
 2 338
 3 339
 4 340
 4 341
 4 342
 1 343
 2 344
 2 345
 1 346
 1 347
 1 348
 3 349
 2 350
 3 351
 2 352
 1 353
 2 354
 4 355
 1 356
 2 357
 2 358
 0 359
 1 360
 0 361
 3 362
 0 363
 1 364
 2 365
 0 366
 2 367
 1 368
 2 369
 0 370
 1 371
 0 372
 3 373
 1 374
 0 375
 2 376
 2 377
 2 378
 1 379
 1 380
 0 381
 2 382
 3 383
 0 384
 2 385
 0 386
 0 387
 0 388
 0 389
 1 390
 1 391
 0 392
 0 393
 0 394
 0 395
 0 396
 0 397
 0 398
 0 399
 0 400
 0 401
 0 402
 0 403
 0 404
 1 405
 0 406
 0 407
 0 408
 0 409
 0 410
 0 411
 0 412
 0 413
 0 414
 0 415
 0 416
 0 417
 0 418
 0 419
 0 420
 0 421
 0 422
 0 423
 0 424
 0 425
 0 426
 0 427
 0 428
 0 429
 0 430
 0 431
 0 432
 0 433
 1 434
 0 435
 0 436
 0 437
 0 438
 0 439
 0 440
 0 441
 0 442
 0 443
 0 444
 0 445
 0 446
 0 447
 0 448
 0 449
 0 450
 0 451
 0 452
 0 453
 0 454
 0 455
 0 456
 0 457
 0 458
 0 459
 0 460
 0 461
 0 462
 0 463
 0 464
 0 465
 0 466
 0 467
 0 468
 0 469
 0 470
 0 471
 0 472
 0 473
 0 474
 0 475
 0 476
 0 477
 0 478
 0 479
 0 480
 0 481
 0 482
 0 483
 0 484
 0 485
 0 486
 0 487
 0 488
 0 489
 0 490
 0 491
 0 492
 0 493
 0 494
 0 495
 0 496
 0 497
 0 498
 0 499
 0 500
 0 501
 0 502
 0 503
 0 504
 0 505
 0 506
 0 507
 0 508
 0 509
 0 510
 0 511
 0 512
 0 513
 0 514
 0 515
 0 516
 0 517
 0 518
 0 519
 0 520
 0 521
 0 522
 0 523
 0 524
 0 525
 0 526
 0 527
 0 528
 0 529
 0 530
 0 531
 0 532
 0 533
 0 534
 0 535
 0 536
 0 537
 0 538
 0 539
 0 540
 0 541
 0 542
 0 543
 0 544
 0 545
 0 546
 0 547
 0 548
 0 549
 0 550
 0 551
 0 552
 0 553
 0 554
 0 555
 0 556
 0 557
 0 558
 0 559
 0 560
 0 561
 0 562
 0 563
 0 564
 0 565
 0 566
 0 567
 0 568
 0 569
 0 570
 0 571
 0 572
 0 573
 0 574
 0 575
 0 576
 0 577
 0 578
 0 579
 0 580
 0 581
 0 582
 0 583
 0 584
 0 585
 0 586
 0 587
 0 588
 0 589
 0 590
 0 591
 0 592
 0 593
 0 594
 0 595
 0 596
 0 597
 0 598
 0 599
 0 600


