# Created by Octave 3.8.2, Sat Jun 20 07:27:25 2020 CEST <damian@fptrucha.inv.usc.es>
# name: hd
# type: matrix
# rows: 551
# columns: 2
 0 50
 0 51
 0 52
 0 53
 0 54
 0 55
 0 56
 0 57
 0 58
 0 59
 0 60
 0 61
 0 62
 0 63
 0 64
 0 65
 0 66
 0 67
 0 68
 0 69
 0 70
 0 71
 0 72
 0 73
 0 74
 0 75
 0 76
 0 77
 0 78
 0 79
 0 80
 0 81
 0 82
 0 83
 0 84
 0 85
 0 86
 0 87
 1 88
 1 89
 4 90
 34 91
 100 92
 140 93
 220 94
 319 95
 507 96
 728 97
 951 98
 1096 99
 1234 100
 1411 101
 1562 102
 1530 103
 1588 104
 1681 105
 1638 106
 1692 107
 1564 108
 1548 109
 1497 110
 1451 111
 1302 112
 1266 113
 1188 114
 1151 115
 1035 116
 961 117
 903 118
 763 119
 739 120
 664 121
 671 122
 541 123
 482 124
 488 125
 425 126
 399 127
 356 128
 350 129
 312 130
 252 131
 250 132
 194 133
 222 134
 237 135
 193 136
 180 137
 141 138
 151 139
 123 140
 117 141
 104 142
 110 143
 90 144
 101 145
 79 146
 70 147
 76 148
 92 149
 73 150
 63 151
 70 152
 52 153
 57 154
 58 155
 48 156
 50 157
 42 158
 28 159
 31 160
 36 161
 30 162
 30 163
 30 164
 18 165
 18 166
 18 167
 18 168
 21 169
 20 170
 12 171
 17 172
 12 173
 11 174
 7 175
 7 176
 10 177
 9 178
 13 179
 9 180
 8 181
 10 182
 8 183
 3 184
 4 185
 6 186
 2 187
 2 188
 5 189
 2 190
 5 191
 2 192
 6 193
 2 194
 3 195
 3 196
 1 197
 1 198
 1 199
 0 200
 0 201
 1 202
 0 203
 4 204
 5 205
 2 206
 0 207
 0 208
 3 209
 1 210
 0 211
 1 212
 1 213
 0 214
 1 215
 1 216
 1 217
 0 218
 1 219
 0 220
 1 221
 0 222
 0 223
 1 224
 1 225
 1 226
 0 227
 0 228
 0 229
 0 230
 0 231
 0 232
 0 233
 0 234
 0 235
 0 236
 0 237
 0 238
 0 239
 0 240
 1 241
 0 242
 0 243
 0 244
 0 245
 0 246
 0 247
 0 248
 0 249
 0 250
 0 251
 0 252
 0 253
 0 254
 0 255
 0 256
 0 257
 0 258
 0 259
 0 260
 0 261
 0 262
 0 263
 0 264
 0 265
 0 266
 0 267
 0 268
 0 269
 0 270
 0 271
 0 272
 0 273
 0 274
 0 275
 0 276
 1 277
 0 278
 0 279
 0 280
 0 281
 0 282
 1 283
 0 284
 0 285
 0 286
 0 287
 0 288
 0 289
 0 290
 1 291
 0 292
 0 293
 1 294
 1 295
 1 296
 2 297
 1 298
 3 299
 0 300
 3 301
 1 302
 0 303
 2 304
 2 305
 1 306
 1 307
 0 308
 1 309
 0 310
 2 311
 2 312
 2 313
 1 314
 2 315
 4 316
 4 317
 3 318
 2 319
 1 320
 2 321
 2 322
 1 323
 2 324
 2 325
 2 326
 0 327
 0 328
 3 329
 1 330
 2 331
 2 332
 2 333
 4 334
 1 335
 2 336
 5 337
 3 338
 2 339
 1 340
 2 341
 4 342
 4 343
 0 344
 1 345
 3 346
 3 347
 2 348
 3 349
 3 350
 2 351
 1 352
 0 353
 1 354
 1 355
 2 356
 1 357
 2 358
 1 359
 4 360
 0 361
 0 362
 2 363
 2 364
 2 365
 1 366
 0 367
 1 368
 0 369
 0 370
 0 371
 1 372
 1 373
 2 374
 2 375
 1 376
 1 377
 1 378
 1 379
 0 380
 2 381
 1 382
 0 383
 0 384
 0 385
 0 386
 0 387
 0 388
 2 389
 1 390
 1 391
 0 392
 0 393
 0 394
 3 395
 0 396
 0 397
 0 398
 0 399
 1 400
 0 401
 1 402
 0 403
 0 404
 0 405
 0 406
 0 407
 0 408
 0 409
 0 410
 0 411
 1 412
 0 413
 1 414
 0 415
 0 416
 1 417
 0 418
 0 419
 0 420
 0 421
 0 422
 0 423
 0 424
 0 425
 0 426
 0 427
 0 428
 0 429
 0 430
 0 431
 0 432
 0 433
 0 434
 0 435
 0 436
 0 437
 0 438
 0 439
 0 440
 0 441
 0 442
 0 443
 0 444
 0 445
 0 446
 0 447
 0 448
 0 449
 0 450
 0 451
 0 452
 0 453
 0 454
 0 455
 0 456
 0 457
 0 458
 0 459
 0 460
 0 461
 0 462
 0 463
 0 464
 0 465
 0 466
 0 467
 0 468
 0 469
 0 470
 0 471
 0 472
 0 473
 0 474
 0 475
 0 476
 0 477
 0 478
 0 479
 0 480
 0 481
 0 482
 0 483
 0 484
 0 485
 0 486
 0 487
 0 488
 0 489
 0 490
 0 491
 0 492
 0 493
 0 494
 0 495
 0 496
 0 497
 0 498
 0 499
 0 500
 0 501
 0 502
 0 503
 0 504
 0 505
 0 506
 0 507
 0 508
 0 509
 0 510
 0 511
 0 512
 0 513
 0 514
 0 515
 0 516
 0 517
 0 518
 0 519
 0 520
 0 521
 0 522
 0 523
 0 524
 0 525
 0 526
 0 527
 0 528
 0 529
 0 530
 0 531
 0 532
 0 533
 0 534
 0 535
 0 536
 0 537
 0 538
 0 539
 0 540
 0 541
 0 542
 0 543
 0 544
 0 545
 0 546
 0 547
 0 548
 0 549
 0 550
 0 551
 0 552
 0 553
 0 554
 0 555
 0 556
 0 557
 0 558
 0 559
 0 560
 0 561
 0 562
 0 563
 0 564
 0 565
 0 566
 0 567
 0 568
 0 569
 0 570
 0 571
 0 572
 0 573
 0 574
 0 575
 0 576
 0 577
 0 578
 0 579
 0 580
 0 581
 0 582
 0 583
 0 584
 0 585
 0 586
 0 587
 0 588
 0 589
 0 590
 0 591
 0 592
 0 593
 0 594
 0 595
 0 596
 0 597
 0 598
 0 599
 0 600


