# Created by Octave 3.8.2, Mon Jun 22 05:12:29 2020 CEST <damian@fptrucha.inv.usc.es>
# name: hd
# type: matrix
# rows: 551
# columns: 2
 0 50
 0 51
 0 52
 0 53
 0 54
 0 55
 0 56
 0 57
 0 58
 0 59
 0 60
 0 61
 0 62
 0 63
 0 64
 0 65
 0 66
 0 67
 0 68
 0 69
 0 70
 0 71
 0 72
 0 73
 0 74
 0 75
 0 76
 0 77
 0 78
 0 79
 0 80
 0 81
 0 82
 0 83
 0 84
 0 85
 0 86
 0 87
 0 88
 1 89
 1 90
 15 91
 72 92
 104 93
 176 94
 226 95
 347 96
 543 97
 754 98
 956 99
 1104 100
 1217 101
 1302 102
 1367 103
 1436 104
 1423 105
 1328 106
 1426 107
 1327 108
 1307 109
 1228 110
 1124 111
 1051 112
 894 113
 905 114
 873 115
 755 116
 684 117
 631 118
 609 119
 535 120
 498 121
 440 122
 410 123
 376 124
 308 125
 297 126
 285 127
 288 128
 236 129
 238 130
 210 131
 183 132
 171 133
 174 134
 165 135
 166 136
 133 137
 118 138
 123 139
 118 140
 97 141
 97 142
 97 143
 91 144
 85 145
 73 146
 81 147
 72 148
 60 149
 56 150
 47 151
 59 152
 45 153
 49 154
 52 155
 42 156
 45 157
 52 158
 38 159
 49 160
 28 161
 28 162
 36 163
 29 164
 31 165
 25 166
 30 167
 23 168
 18 169
 35 170
 14 171
 7 172
 19 173
 13 174
 11 175
 17 176
 9 177
 17 178
 12 179
 4 180
 14 181
 10 182
 6 183
 7 184
 3 185
 6 186
 7 187
 5 188
 10 189
 3 190
 5 191
 1 192
 3 193
 3 194
 1 195
 2 196
 2 197
 3 198
 4 199
 0 200
 3 201
 2 202
 0 203
 1 204
 2 205
 3 206
 5 207
 1 208
 1 209
 1 210
 0 211
 2 212
 0 213
 0 214
 2 215
 0 216
 0 217
 0 218
 0 219
 0 220
 0 221
 2 222
 0 223
 0 224
 0 225
 0 226
 0 227
 0 228
 0 229
 0 230
 0 231
 0 232
 0 233
 0 234
 0 235
 0 236
 0 237
 0 238
 0 239
 0 240
 0 241
 0 242
 0 243
 0 244
 0 245
 0 246
 0 247
 0 248
 0 249
 0 250
 0 251
 0 252
 0 253
 0 254
 0 255
 0 256
 0 257
 0 258
 0 259
 0 260
 0 261
 0 262
 0 263
 0 264
 0 265
 0 266
 0 267
 0 268
 0 269
 0 270
 1 271
 0 272
 0 273
 0 274
 0 275
 0 276
 0 277
 0 278
 0 279
 0 280
 0 281
 0 282
 0 283
 0 284
 1 285
 1 286
 0 287
 0 288
 1 289
 1 290
 1 291
 0 292
 1 293
 0 294
 0 295
 0 296
 1 297
 0 298
 1 299
 4 300
 2 301
 3 302
 3 303
 1 304
 1 305
 1 306
 5 307
 1 308
 2 309
 2 310
 3 311
 3 312
 3 313
 3 314
 2 315
 0 316
 3 317
 2 318
 2 319
 3 320
 5 321
 2 322
 6 323
 3 324
 7 325
 3 326
 1 327
 2 328
 3 329
 1 330
 1 331
 3 332
 4 333
 5 334
 3 335
 4 336
 4 337
 2 338
 3 339
 1 340
 3 341
 2 342
 2 343
 1 344
 2 345
 3 346
 2 347
 2 348
 3 349
 0 350
 3 351
 0 352
 0 353
 0 354
 0 355
 3 356
 0 357
 2 358
 2 359
 1 360
 2 361
 0 362
 2 363
 1 364
 1 365
 0 366
 1 367
 1 368
 2 369
 0 370
 0 371
 2 372
 0 373
 3 374
 2 375
 0 376
 0 377
 2 378
 0 379
 1 380
 0 381
 0 382
 0 383
 0 384
 0 385
 0 386
 0 387
 0 388
 0 389
 0 390
 0 391
 0 392
 0 393
 0 394
 0 395
 0 396
 0 397
 0 398
 0 399
 0 400
 0 401
 0 402
 0 403
 1 404
 0 405
 0 406
 0 407
 0 408
 0 409
 0 410
 0 411
 0 412
 0 413
 0 414
 1 415
 1 416
 0 417
 0 418
 0 419
 0 420
 0 421
 0 422
 0 423
 0 424
 0 425
 0 426
 0 427
 0 428
 0 429
 0 430
 0 431
 0 432
 0 433
 0 434
 0 435
 0 436
 0 437
 0 438
 0 439
 0 440
 0 441
 0 442
 0 443
 0 444
 0 445
 0 446
 0 447
 0 448
 0 449
 0 450
 0 451
 0 452
 0 453
 0 454
 0 455
 0 456
 0 457
 0 458
 0 459
 0 460
 0 461
 0 462
 0 463
 0 464
 0 465
 0 466
 0 467
 0 468
 0 469
 0 470
 0 471
 0 472
 0 473
 0 474
 0 475
 0 476
 0 477
 0 478
 0 479
 0 480
 0 481
 0 482
 0 483
 0 484
 0 485
 0 486
 0 487
 0 488
 0 489
 0 490
 0 491
 0 492
 0 493
 0 494
 0 495
 0 496
 0 497
 0 498
 0 499
 0 500
 0 501
 0 502
 0 503
 0 504
 0 505
 0 506
 0 507
 0 508
 0 509
 0 510
 0 511
 0 512
 0 513
 0 514
 0 515
 0 516
 0 517
 0 518
 0 519
 0 520
 0 521
 0 522
 0 523
 0 524
 0 525
 0 526
 0 527
 0 528
 0 529
 0 530
 0 531
 0 532
 0 533
 0 534
 0 535
 0 536
 0 537
 0 538
 0 539
 0 540
 0 541
 0 542
 0 543
 0 544
 0 545
 0 546
 0 547
 0 548
 0 549
 0 550
 0 551
 0 552
 0 553
 0 554
 0 555
 0 556
 0 557
 0 558
 0 559
 0 560
 0 561
 0 562
 0 563
 0 564
 0 565
 0 566
 0 567
 0 568
 0 569
 0 570
 0 571
 0 572
 0 573
 0 574
 0 575
 0 576
 0 577
 0 578
 0 579
 0 580
 0 581
 0 582
 0 583
 0 584
 0 585
 0 586
 0 587
 0 588
 0 589
 0 590
 0 591
 0 592
 0 593
 0 594
 0 595
 0 596
 0 597
 0 598
 0 599
 0 600


