# Created by Octave 3.8.2, Sat Jun 20 21:28:23 2020 CEST <damian@fptrucha.inv.usc.es>
# name: hd
# type: matrix
# rows: 551
# columns: 2
 0 50
 0 51
 0 52
 0 53
 0 54
 0 55
 0 56
 0 57
 0 58
 0 59
 0 60
 0 61
 0 62
 0 63
 0 64
 0 65
 0 66
 0 67
 0 68
 0 69
 0 70
 0 71
 0 72
 0 73
 0 74
 0 75
 0 76
 0 77
 0 78
 0 79
 0 80
 0 81
 0 82
 0 83
 0 84
 0 85
 0 86
 0 87
 0 88
 1 89
 4 90
 29 91
 95 92
 126 93
 139 94
 249 95
 357 96
 578 97
 723 98
 813 99
 947 100
 1013 101
 1110 102
 1249 103
 1192 104
 1182 105
 1278 106
 1238 107
 1288 108
 1263 109
 1188 110
 1217 111
 1055 112
 1095 113
 1055 114
 1017 115
 863 116
 887 117
 815 118
 799 119
 734 120
 662 121
 679 122
 570 123
 501 124
 471 125
 410 126
 409 127
 393 128
 349 129
 294 130
 281 131
 269 132
 246 133
 250 134
 221 135
 210 136
 188 137
 168 138
 161 139
 136 140
 131 141
 113 142
 107 143
 110 144
 110 145
 92 146
 89 147
 86 148
 78 149
 67 150
 86 151
 69 152
 51 153
 57 154
 41 155
 49 156
 47 157
 45 158
 28 159
 42 160
 28 161
 32 162
 33 163
 40 164
 27 165
 21 166
 30 167
 24 168
 29 169
 16 170
 11 171
 15 172
 9 173
 12 174
 10 175
 17 176
 12 177
 11 178
 14 179
 9 180
 8 181
 7 182
 8 183
 6 184
 10 185
 8 186
 7 187
 9 188
 5 189
 2 190
 2 191
 2 192
 6 193
 1 194
 2 195
 1 196
 5 197
 3 198
 6 199
 4 200
 0 201
 5 202
 1 203
 2 204
 1 205
 2 206
 1 207
 1 208
 1 209
 1 210
 1 211
 1 212
 0 213
 0 214
 0 215
 1 216
 1 217
 1 218
 2 219
 2 220
 0 221
 0 222
 1 223
 0 224
 0 225
 0 226
 1 227
 0 228
 2 229
 0 230
 0 231
 0 232
 0 233
 0 234
 0 235
 1 236
 0 237
 0 238
 0 239
 0 240
 0 241
 0 242
 0 243
 0 244
 0 245
 0 246
 0 247
 0 248
 0 249
 0 250
 0 251
 0 252
 0 253
 1 254
 0 255
 0 256
 0 257
 0 258
 1 259
 0 260
 0 261
 0 262
 0 263
 0 264
 0 265
 0 266
 0 267
 0 268
 0 269
 0 270
 0 271
 0 272
 0 273
 0 274
 0 275
 0 276
 0 277
 1 278
 1 279
 1 280
 0 281
 0 282
 0 283
 1 284
 0 285
 0 286
 2 287
 0 288
 0 289
 0 290
 2 291
 1 292
 0 293
 2 294
 2 295
 0 296
 3 297
 1 298
 1 299
 2 300
 2 301
 0 302
 3 303
 0 304
 0 305
 1 306
 1 307
 1 308
 1 309
 1 310
 0 311
 0 312
 4 313
 4 314
 4 315
 2 316
 2 317
 1 318
 2 319
 1 320
 0 321
 3 322
 2 323
 3 324
 5 325
 2 326
 4 327
 1 328
 0 329
 1 330
 3 331
 1 332
 3 333
 5 334
 2 335
 2 336
 2 337
 2 338
 1 339
 4 340
 1 341
 4 342
 2 343
 2 344
 1 345
 4 346
 2 347
 0 348
 3 349
 0 350
 2 351
 4 352
 2 353
 0 354
 3 355
 1 356
 5 357
 3 358
 1 359
 0 360
 0 361
 1 362
 1 363
 3 364
 1 365
 2 366
 1 367
 0 368
 2 369
 0 370
 0 371
 1 372
 2 373
 0 374
 0 375
 1 376
 0 377
 1 378
 1 379
 1 380
 0 381
 0 382
 0 383
 1 384
 1 385
 1 386
 0 387
 0 388
 0 389
 0 390
 1 391
 1 392
 1 393
 1 394
 0 395
 0 396
 0 397
 0 398
 0 399
 0 400
 0 401
 0 402
 0 403
 0 404
 0 405
 0 406
 0 407
 0 408
 0 409
 0 410
 0 411
 0 412
 0 413
 0 414
 0 415
 0 416
 1 417
 0 418
 0 419
 0 420
 0 421
 0 422
 0 423
 0 424
 0 425
 0 426
 0 427
 0 428
 0 429
 0 430
 0 431
 0 432
 0 433
 0 434
 0 435
 0 436
 0 437
 0 438
 0 439
 0 440
 0 441
 0 442
 0 443
 0 444
 0 445
 0 446
 0 447
 0 448
 0 449
 0 450
 0 451
 0 452
 0 453
 0 454
 0 455
 0 456
 0 457
 0 458
 0 459
 0 460
 0 461
 0 462
 0 463
 0 464
 0 465
 0 466
 0 467
 0 468
 0 469
 0 470
 0 471
 0 472
 0 473
 0 474
 0 475
 0 476
 0 477
 0 478
 0 479
 0 480
 0 481
 0 482
 0 483
 0 484
 0 485
 0 486
 0 487
 0 488
 0 489
 0 490
 0 491
 0 492
 0 493
 0 494
 0 495
 0 496
 0 497
 0 498
 0 499
 0 500
 0 501
 0 502
 0 503
 0 504
 0 505
 0 506
 0 507
 0 508
 0 509
 0 510
 0 511
 0 512
 0 513
 0 514
 0 515
 0 516
 0 517
 0 518
 0 519
 0 520
 0 521
 0 522
 0 523
 0 524
 0 525
 0 526
 0 527
 0 528
 0 529
 0 530
 0 531
 0 532
 0 533
 0 534
 0 535
 0 536
 0 537
 0 538
 0 539
 0 540
 0 541
 0 542
 0 543
 0 544
 0 545
 0 546
 0 547
 0 548
 0 549
 0 550
 0 551
 0 552
 0 553
 0 554
 0 555
 0 556
 0 557
 0 558
 0 559
 0 560
 0 561
 0 562
 0 563
 0 564
 0 565
 0 566
 0 567
 0 568
 0 569
 0 570
 0 571
 0 572
 0 573
 0 574
 0 575
 0 576
 0 577
 0 578
 0 579
 0 580
 0 581
 0 582
 0 583
 0 584
 0 585
 0 586
 0 587
 0 588
 0 589
 0 590
 0 591
 0 592
 0 593
 0 594
 0 595
 0 596
 0 597
 0 598
 0 599
 0 600


