# Created by Octave 3.8.2, Sat Jun 20 09:17:25 2020 CEST <damian@fptrucha.inv.usc.es>
# name: hd
# type: matrix
# rows: 41
# columns: 2
 0 -180
 2 -179
 0 -178
 0 -177
 2 -176
 4 -175
 11 -174
 31 -173
 56 -172
 140 -171
 212 -170
 328 -169
 373 -168
 632 -167
 1419 -166
 2451 -165
 3559 -164
 4034 -163
 3982 -162
 3949 -161
 3846 -160
 3805 -159
 3693 -158
 3378 -157
 2688 -156
 1690 -155
 612 -154
 111 -153
 3 -152
 0 -151
 0 -150
 0 -149
 0 -148
 0 -147
 0 -146
 0 -145
 0 -144
 0 -143
 0 -142
 0 -141
 0 -140


