# Created by Octave 3.8.2, Sat Jun 20 14:32:04 2020 CEST <damian@fptrucha.inv.usc.es>
# name: hd
# type: matrix
# rows: 41
# columns: 2
 0 -180
 0 -179
 2 -178
 0 -177
 3 -176
 5 -175
 6 -174
 18 -173
 55 -172
 116 -171
 185 -170
 248 -169
 329 -168
 637 -167
 1237 -166
 2267 -165
 3142 -164
 3628 -163
 3867 -162
 3584 -161
 3493 -160
 3579 -159
 3492 -158
 3159 -157
 2462 -156
 1474 -155
 549 -154
 91 -153
 2 -152
 0 -151
 0 -150
 0 -149
 0 -148
 0 -147
 0 -146
 0 -145
 0 -144
 0 -143
 0 -142
 0 -141
 0 -140


