# Created by Octave 3.8.2, Mon Jun 22 15:26:57 2020 CEST <damian@fptrucha.inv.usc.es>
# name: hd
# type: matrix
# rows: 41
# columns: 2
 1 -180
 1 -179
 1 -178
 1 -177
 3 -176
 1 -175
 7 -174
 24 -173
 52 -172
 144 -171
 235 -170
 254 -169
 360 -168
 619 -167
 1377 -166
 2515 -165
 3256 -164
 3482 -163
 3517 -162
 3583 -161
 3460 -160
 3489 -159
 3237 -158
 2996 -157
 2397 -156
 1295 -155
 463 -154
 60 -153
 2 -152
 1 -151
 0 -150
 0 -149
 0 -148
 0 -147
 0 -146
 0 -145
 0 -144
 0 -143
 0 -142
 0 -141
 0 -140


