# Created by Octave 3.8.2, Sat Jun 20 09:46:13 2020 CEST <damian@fptrucha.inv.usc.es>
# name: hd
# type: matrix
# rows: 41
# columns: 2
 1 -180
 1 -179
 1 -178
 1 -177
 3 -176
 3 -175
 5 -174
 18 -173
 58 -172
 108 -171
 185 -170
 287 -169
 387 -168
 665 -167
 1376 -166
 2413 -165
 3505 -164
 3954 -163
 3960 -162
 3821 -161
 3766 -160
 3790 -159
 3758 -158
 3324 -157
 2666 -156
 1531 -155
 614 -154
 78 -153
 0 -152
 0 -151
 0 -150
 0 -149
 0 -148
 0 -147
 0 -146
 0 -145
 0 -144
 0 -143
 0 -142
 0 -141
 0 -140


