# Created by Octave 3.8.2, Mon Jun 22 16:17:49 2020 CEST <damian@fptrucha.inv.usc.es>
# name: hd
# type: matrix
# rows: 41
# columns: 2
 2 -180
 3 -179
 1 -178
 2 -177
 5 -176
 2 -175
 12 -174
 10 -173
 40 -172
 103 -171
 133 -170
 160 -169
 237 -168
 441 -167
 944 -166
 1732 -165
 2193 -164
 2288 -163
 2402 -162
 2424 -161
 2371 -160
 2298 -159
 2159 -158
 1901 -157
 1506 -156
 802 -155
 279 -154
 36 -153
 0 -152
 0 -151
 0 -150
 0 -149
 0 -148
 0 -147
 0 -146
 0 -145
 0 -144
 0 -143
 0 -142
 0 -141
 0 -140


