# Created by Octave 3.8.2, Sun Jun 21 03:39:56 2020 CEST <damian@fptrucha.inv.usc.es>
# name: hd
# type: matrix
# rows: 41
# columns: 2
 0 -180
 0 -179
 2 -178
 1 -177
 1 -176
 2 -175
 4 -174
 11 -173
 50 -172
 112 -171
 165 -170
 222 -169
 286 -168
 590 -167
 1133 -166
 2128 -165
 2958 -164
 3433 -163
 3395 -162
 3260 -161
 3265 -160
 3267 -159
 3233 -158
 2944 -157
 2354 -156
 1364 -155
 511 -154
 72 -153
 2 -152
 0 -151
 0 -150
 0 -149
 0 -148
 0 -147
 1 -146
 0 -145
 0 -144
 0 -143
 0 -142
 0 -141
 0 -140


