# Created by Octave 3.8.2, Sat Jun 20 17:43:18 2020 CEST <damian@fptrucha.inv.usc.es>
# name: hd
# type: matrix
# rows: 41
# columns: 2
 0 -180
 1 -179
 1 -178
 0 -177
 1 -176
 2 -175
 5 -174
 24 -173
 43 -172
 106 -171
 151 -170
 247 -169
 305 -168
 574 -167
 1209 -166
 2222 -165
 3084 -164
 3448 -163
 3615 -162
 3427 -161
 3397 -160
 3379 -159
 3256 -158
 2942 -157
 2360 -156
 1428 -155
 521 -154
 85 -153
 1 -152
 0 -151
 0 -150
 0 -149
 0 -148
 0 -147
 0 -146
 0 -145
 0 -144
 0 -143
 0 -142
 0 -141
 0 -140


