# Created by Octave 3.8.2, Mon Jun 22 07:12:39 2020 CEST <damian@fptrucha.inv.usc.es>
# name: hd
# type: matrix
# rows: 41
# columns: 2
 2 -180
 3 -179
 1 -178
 5 -177
 3 -176
 9 -175
 10 -174
 22 -173
 55 -172
 118 -171
 183 -170
 252 -169
 302 -168
 574 -167
 1270 -166
 2243 -165
 3188 -164
 3184 -163
 3213 -162
 3255 -161
 3223 -160
 3242 -159
 3073 -158
 2614 -157
 2114 -156
 1106 -155
 425 -154
 57 -153
 2 -152
 0 -151
 0 -150
 0 -149
 0 -148
 0 -147
 0 -146
 0 -145
 0 -144
 0 -143
 0 -142
 0 -141
 0 -140


