# Created by Octave 3.8.2, Sat Jun 20 06:39:08 2020 CEST <damian@fptrucha.inv.usc.es>
# name: hd
# type: matrix
# rows: 41
# columns: 2
 0 -180
 0 -179
 0 -178
 1 -177
 1 -176
 2 -175
 9 -174
 30 -173
 38 -172
 116 -171
 185 -170
 220 -169
 267 -168
 623 -167
 1298 -166
 2285 -165
 3428 -164
 3903 -163
 3868 -162
 3888 -161
 3843 -160
 3853 -159
 3795 -158
 3249 -157
 2651 -156
 1630 -155
 622 -154
 94 -153
 1 -152
 0 -151
 0 -150
 0 -149
 0 -148
 0 -147
 0 -146
 0 -145
 0 -144
 0 -143
 0 -142
 0 -141
 0 -140


