# Created by Octave 3.8.2, Sat Jun 20 07:31:43 2020 CEST <damian@fptrucha.inv.usc.es>
# name: hd
# type: matrix
# rows: 41
# columns: 2
 0 -180
 1 -179
 1 -178
 1 -177
 2 -176
 1 -175
 6 -174
 17 -173
 44 -172
 117 -171
 205 -170
 250 -169
 307 -168
 607 -167
 1287 -166
 2436 -165
 3455 -164
 3970 -163
 3937 -162
 3867 -161
 3806 -160
 3912 -159
 3735 -158
 3313 -157
 2715 -156
 1655 -155
 626 -154
 80 -153
 0 -152
 0 -151
 0 -150
 0 -149
 0 -148
 0 -147
 0 -146
 0 -145
 0 -144
 0 -143
 0 -142
 0 -141
 0 -140


