# Created by Octave 3.8.2, Sat Jun 20 18:28:06 2020 CEST <damian@fptrucha.inv.usc.es>
# name: hd
# type: matrix
# rows: 41
# columns: 2
 0 -180
 0 -179
 0 -178
 0 -177
 3 -176
 8 -175
 5 -174
 21 -173
 34 -172
 139 -171
 197 -170
 251 -169
 288 -168
 549 -167
 1254 -166
 2124 -165
 3058 -164
 3448 -163
 3543 -162
 3343 -161
 3320 -160
 3405 -159
 3295 -158
 2997 -157
 2349 -156
 1372 -155
 559 -154
 86 -153
 2 -152
 0 -151
 0 -150
 0 -149
 0 -148
 0 -147
 0 -146
 0 -145
 0 -144
 0 -143
 0 -142
 0 -141
 0 -140


