# Created by Octave 3.8.2, Mon Jun 22 05:15:58 2020 CEST <damian@fptrucha.inv.usc.es>
# name: hd
# type: matrix
# rows: 41
# columns: 2
 1 -180
 3 -179
 0 -178
 2 -177
 4 -176
 7 -175
 10 -174
 10 -173
 52 -172
 111 -171
 161 -170
 209 -169
 288 -168
 584 -167
 1292 -166
 2221 -165
 2926 -164
 3142 -163
 3120 -162
 3183 -161
 3196 -160
 3128 -159
 2949 -158
 2598 -157
 2031 -156
 1149 -155
 403 -154
 42 -153
 2 -152
 0 -151
 0 -150
 0 -149
 0 -148
 0 -147
 0 -146
 0 -145
 0 -144
 0 -143
 0 -142
 0 -141
 0 -140


