# Created by Octave 3.8.2, Mon Jun 22 21:35:02 2020 CEST <damian@fptrucha.inv.usc.es>
# name: hd
# type: matrix
# rows: 41
# columns: 2
 2 -180
 0 -179
 2 -178
 2 -177
 2 -176
 0 -175
 7 -174
 16 -173
 50 -172
 124 -171
 212 -170
 253 -169
 316 -168
 596 -167
 1316 -166
 2326 -165
 3224 -164
 3805 -163
 3675 -162
 3655 -161
 3592 -160
 3653 -159
 3588 -158
 3204 -157
 2430 -156
 1511 -155
 555 -154
 80 -153
 4 -152
 0 -151
 0 -150
 0 -149
 0 -148
 0 -147
 0 -146
 0 -145
 0 -144
 0 -143
 0 -142
 0 -141
 0 -140


