# Created by Octave 3.8.2, Mon Jun 22 23:39:57 2020 CEST <damian@fptrucha.inv.usc.es>
# name: hd
# type: matrix
# rows: 41
# columns: 2
 0 -180
 3 -179
 0 -178
 4 -177
 4 -176
 1 -175
 7 -174
 22 -173
 54 -172
 117 -171
 199 -170
 262 -169
 327 -168
 647 -167
 1272 -166
 2381 -165
 3304 -164
 3616 -163
 3804 -162
 3752 -161
 3655 -160
 3683 -159
 3566 -158
 3224 -157
 2559 -156
 1494 -155
 605 -154
 109 -153
 0 -152
 0 -151
 0 -150
 0 -149
 0 -148
 0 -147
 0 -146
 0 -145
 0 -144
 0 -143
 0 -142
 0 -141
 0 -140


