# Created by Octave 3.8.2, Mon Jun 22 06:26:36 2020 CEST <damian@fptrucha.inv.usc.es>
# name: hd
# type: matrix
# rows: 41
# columns: 2
 9 -180
 2 -179
 2 -178
 5 -177
 6 -176
 7 -175
 11 -174
 23 -173
 43 -172
 108 -171
 171 -170
 225 -169
 295 -168
 544 -167
 1283 -166
 2191 -165
 3033 -164
 3147 -163
 3252 -162
 3266 -161
 3257 -160
 3234 -159
 2990 -158
 2820 -157
 2181 -156
 1177 -155
 431 -154
 56 -153
 0 -152
 0 -151
 0 -150
 0 -149
 0 -148
 0 -147
 0 -146
 0 -145
 0 -144
 0 -143
 0 -142
 0 -141
 0 -140


