# Created by Octave 3.8.2, Sat Jun 20 14:51:06 2020 CEST <damian@fptrucha.inv.usc.es>
# name: hd
# type: matrix
# rows: 41
# columns: 2
 1 -180
 1 -179
 1 -178
 0 -177
 0 -176
 0 -175
 10 -174
 11 -173
 49 -172
 115 -171
 204 -170
 277 -169
 302 -168
 625 -167
 1267 -166
 2257 -165
 3197 -164
 3506 -163
 3605 -162
 3589 -161
 3468 -160
 3525 -159
 3387 -158
 3022 -157
 2422 -156
 1338 -155
 559 -154
 102 -153
 1 -152
 0 -151
 0 -150
 0 -149
 0 -148
 0 -147
 0 -146
 0 -145
 0 -144
 0 -143
 0 -142
 0 -141
 0 -140


