# Created by Octave 3.8.2, Mon Jun 22 04:44:26 2020 CEST <damian@fptrucha.inv.usc.es>
# name: hd
# type: matrix
# rows: 41
# columns: 2
 1 -180
 1 -179
 2 -178
 5 -177
 6 -176
 2 -175
 7 -174
 15 -173
 42 -172
 118 -171
 184 -170
 214 -169
 290 -168
 533 -167
 1266 -166
 2184 -165
 2878 -164
 2993 -163
 2995 -162
 3223 -161
 3093 -160
 2998 -159
 2940 -158
 2595 -157
 2023 -156
 1059 -155
 382 -154
 49 -153
 0 -152
 0 -151
 0 -150
 0 -149
 0 -148
 0 -147
 0 -146
 0 -145
 0 -144
 0 -143
 0 -142
 0 -141
 0 -140


