# Created by Octave 3.8.2, Sun Jun 21 05:02:42 2020 CEST <damian@fptrucha.inv.usc.es>
# name: hd
# type: matrix
# rows: 41
# columns: 2
 0 -180
 0 -179
 1 -178
 0 -177
 3 -176
 3 -175
 11 -174
 11 -173
 40 -172
 101 -171
 149 -170
 243 -169
 313 -168
 525 -167
 1154 -166
 2146 -165
 3018 -164
 3502 -163
 3436 -162
 3361 -161
 3299 -160
 3346 -159
 3276 -158
 2920 -157
 2254 -156
 1385 -155
 504 -154
 87 -153
 0 -152
 0 -151
 0 -150
 0 -149
 0 -148
 0 -147
 0 -146
 0 -145
 0 -144
 0 -143
 0 -142
 0 -141
 0 -140


