# Created by Octave 3.8.2, Mon Jun 22 17:20:16 2020 CEST <damian@fptrucha.inv.usc.es>
# name: hd
# type: matrix
# rows: 41
# columns: 2
 0 -180
 2 -179
 0 -178
 2 -177
 1 -176
 2 -175
 7 -174
 27 -173
 64 -172
 142 -171
 232 -170
 257 -169
 320 -168
 682 -167
 1470 -166
 2482 -165
 3308 -164
 3503 -163
 3533 -162
 3597 -161
 3690 -160
 3534 -159
 3283 -158
 2852 -157
 2309 -156
 1298 -155
 428 -154
 63 -153
 2 -152
 0 -151
 0 -150
 0 -149
 0 -148
 0 -147
 0 -146
 0 -145
 0 -144
 0 -143
 0 -142
 0 -141
 0 -140


