# Created by Octave 3.8.2, Mon Jun 22 10:11:17 2020 CEST <damian@fptrucha.inv.usc.es>
# name: hd
# type: matrix
# rows: 41
# columns: 2
 1 -180
 3 -179
 1 -178
 3 -177
 1 -176
 7 -175
 10 -174
 13 -173
 39 -172
 125 -171
 170 -170
 253 -169
 292 -168
 600 -167
 1280 -166
 2324 -165
 3164 -164
 3384 -163
 3264 -162
 3479 -161
 3403 -160
 3427 -159
 3278 -158
 2897 -157
 2245 -156
 1284 -155
 434 -154
 61 -153
 0 -152
 0 -151
 0 -150
 0 -149
 0 -148
 0 -147
 0 -146
 0 -145
 0 -144
 0 -143
 0 -142
 0 -141
 0 -140


