# Created by Octave 3.8.2, Sat Jun 20 05:21:13 2020 CEST <damian@fptrucha.inv.usc.es>
# name: hd
# type: matrix
# rows: 41
# columns: 2
 1 -180
 0 -179
 0 -178
 1 -177
 2 -176
 2 -175
 8 -174
 23 -173
 55 -172
 115 -171
 178 -170
 261 -169
 334 -168
 626 -167
 1295 -166
 2399 -165
 3462 -164
 3882 -163
 3815 -162
 3705 -161
 3664 -160
 3790 -159
 3584 -158
 3191 -157
 2529 -156
 1521 -155
 594 -154
 84 -153
 1 -152
 0 -151
 0 -150
 0 -149
 0 -148
 0 -147
 0 -146
 0 -145
 0 -144
 0 -143
 0 -142
 0 -141
 0 -140


