# Created by Octave 3.8.2, Sat Jun 20 07:41:57 2020 CEST <damian@fptrucha.inv.usc.es>
# name: hd
# type: matrix
# rows: 41
# columns: 2
 0 -180
 3 -179
 0 -178
 2 -177
 2 -176
 4 -175
 5 -174
 13 -173
 54 -172
 110 -171
 174 -170
 268 -169
 369 -168
 651 -167
 1351 -166
 2456 -165
 3543 -164
 3864 -163
 3947 -162
 3850 -161
 3956 -160
 3779 -159
 3707 -158
 3325 -157
 2705 -156
 1578 -155
 614 -154
 101 -153
 1 -152
 0 -151
 0 -150
 0 -149
 0 -148
 0 -147
 0 -146
 0 -145
 0 -144
 0 -143
 0 -142
 0 -141
 0 -140


