# Created by Octave 3.8.2, Mon Jun 22 14:03:33 2020 CEST <damian@fptrucha.inv.usc.es>
# name: hd
# type: matrix
# rows: 41
# columns: 2
 2 -180
 3 -179
 1 -178
 3 -177
 3 -176
 3 -175
 10 -174
 14 -173
 78 -172
 118 -171
 215 -170
 272 -169
 335 -168
 658 -167
 1350 -166
 2493 -165
 3313 -164
 3533 -163
 3403 -162
 3591 -161
 3578 -160
 3437 -159
 3168 -158
 2817 -157
 2268 -156
 1296 -155
 429 -154
 49 -153
 1 -152
 0 -151
 0 -150
 0 -149
 0 -148
 0 -147
 0 -146
 0 -145
 0 -144
 0 -143
 0 -142
 0 -141
 0 -140


