# Created by Octave 3.8.2, Sun Jun 21 01:51:30 2020 CEST <damian@fptrucha.inv.usc.es>
# name: hd
# type: matrix
# rows: 41
# columns: 2
 0 -180
 0 -179
 0 -178
 0 -177
 1 -176
 1 -175
 2 -174
 17 -173
 45 -172
 93 -171
 159 -170
 205 -169
 293 -168
 544 -167
 1137 -166
 2069 -165
 2935 -164
 3359 -163
 3410 -162
 3347 -161
 3386 -160
 3287 -159
 3177 -158
 2977 -157
 2170 -156
 1317 -155
 540 -154
 99 -153
 0 -152
 0 -151
 0 -150
 0 -149
 0 -148
 0 -147
 0 -146
 0 -145
 0 -144
 0 -143
 0 -142
 0 -141
 0 -140


