# Created by Octave 3.8.2, Mon Jun 22 01:37:04 2020 CEST <damian@fptrucha.inv.usc.es>
# name: hd
# type: matrix
# rows: 41
# columns: 2
 1 -180
 1 -179
 2 -178
 0 -177
 0 -176
 3 -175
 6 -174
 16 -173
 45 -172
 103 -171
 159 -170
 234 -169
 295 -168
 567 -167
 1244 -166
 2261 -165
 3230 -164
 3666 -163
 3609 -162
 3559 -161
 3479 -160
 3502 -159
 3393 -158
 3174 -157
 2384 -156
 1417 -155
 552 -154
 87 -153
 7 -152
 0 -151
 0 -150
 0 -149
 0 -148
 0 -147
 0 -146
 0 -145
 0 -144
 0 -143
 0 -142
 0 -141
 0 -140


