# Created by Octave 3.8.2, Sat Jun 20 04:17:12 2020 CEST <damian@fptrucha.inv.usc.es>
# name: hd
# type: matrix
# rows: 41
# columns: 2
 0 -180
 0 -179
 2 -178
 2 -177
 0 -176
 3 -175
 1 -174
 9 -173
 40 -172
 89 -171
 187 -170
 216 -169
 337 -168
 552 -167
 1238 -166
 2349 -165
 3380 -164
 3769 -163
 3871 -162
 3743 -161
 3860 -160
 3785 -159
 3670 -158
 3337 -157
 2601 -156
 1592 -155
 597 -154
 86 -153
 0 -152
 0 -151
 1 -150
 0 -149
 0 -148
 0 -147
 0 -146
 0 -145
 0 -144
 0 -143
 0 -142
 0 -141
 0 -140


