# Created by Octave 3.8.2, Mon Jun 22 18:56:26 2020 CEST <damian@fptrucha.inv.usc.es>
# name: hd
# type: matrix
# rows: 41
# columns: 2
 0 -180
 3 -179
 0 -178
 2 -177
 1 -176
 5 -175
 7 -174
 9 -173
 32 -172
 69 -171
 134 -170
 170 -169
 230 -168
 411 -167
 901 -166
 1611 -165
 2175 -164
 2333 -163
 2312 -162
 2460 -161
 2437 -160
 2390 -159
 2123 -158
 1922 -157
 1600 -156
 956 -155
 307 -154
 36 -153
 1 -152
 0 -151
 0 -150
 0 -149
 0 -148
 0 -147
 0 -146
 0 -145
 0 -144
 0 -143
 0 -142
 0 -141
 0 -140


