# Created by Octave 3.8.2, Sat Jun 20 04:53:10 2020 CEST <damian@fptrucha.inv.usc.es>
# name: hd
# type: matrix
# rows: 41
# columns: 2
 1 -180
 1 -179
 1 -178
 0 -177
 0 -176
 4 -175
 8 -174
 15 -173
 46 -172
 127 -171
 193 -170
 269 -169
 298 -168
 567 -167
 1326 -166
 2397 -165
 3454 -164
 3887 -163
 3797 -162
 3798 -161
 3727 -160
 3785 -159
 3694 -158
 3291 -157
 2537 -156
 1490 -155
 599 -154
 92 -153
 0 -152
 0 -151
 0 -150
 0 -149
 0 -148
 0 -147
 0 -146
 0 -145
 0 -144
 0 -143
 0 -142
 0 -141
 0 -140


