# Created by Octave 3.8.2, Mon Jun 22 21:55:55 2020 CEST <damian@fptrucha.inv.usc.es>
# name: hd
# type: matrix
# rows: 41
# columns: 2
 0 -180
 0 -179
 1 -178
 2 -177
 4 -176
 3 -175
 7 -174
 24 -173
 68 -172
 113 -171
 182 -170
 234 -169
 312 -168
 580 -167
 1239 -166
 2398 -165
 3226 -164
 3764 -163
 3718 -162
 3652 -161
 3590 -160
 3737 -159
 3628 -158
 3165 -157
 2467 -156
 1480 -155
 602 -154
 88 -153
 2 -152
 0 -151
 0 -150
 0 -149
 0 -148
 0 -147
 0 -146
 0 -145
 0 -144
 0 -143
 0 -142
 0 -141
 0 -140


