# Created by Octave 3.8.2, Sat Jun 20 17:00:59 2020 CEST <damian@fptrucha.inv.usc.es>
# name: hd
# type: matrix
# rows: 41
# columns: 2
 0 -180
 0 -179
 0 -178
 0 -177
 1 -176
 0 -175
 2 -174
 18 -173
 37 -172
 95 -171
 168 -170
 256 -169
 304 -168
 537 -167
 1245 -166
 2142 -165
 3165 -164
 3375 -163
 3506 -162
 3294 -161
 3425 -160
 3442 -159
 3368 -158
 3018 -157
 2314 -156
 1347 -155
 529 -154
 87 -153
 2 -152
 0 -151
 0 -150
 0 -149
 0 -148
 0 -147
 0 -146
 0 -145
 0 -144
 0 -143
 0 -142
 0 -141
 0 -140


