# Created by Octave 3.8.2, Mon Jun 22 09:20:14 2020 CEST <damian@fptrucha.inv.usc.es>
# name: hd
# type: matrix
# rows: 41
# columns: 2
 5 -180
 6 -179
 4 -178
 4 -177
 6 -176
 5 -175
 12 -174
 18 -173
 54 -172
 101 -171
 213 -170
 248 -169
 334 -168
 581 -167
 1234 -166
 2349 -165
 3155 -164
 3219 -163
 3311 -162
 3503 -161
 3290 -160
 3321 -159
 3023 -158
 2790 -157
 2221 -156
 1243 -155
 453 -154
 60 -153
 1 -152
 0 -151
 0 -150
 0 -149
 0 -148
 0 -147
 0 -146
 0 -145
 0 -144
 0 -143
 0 -142
 0 -141
 0 -140


