# Created by Octave 3.8.2, Sun Jun 21 08:09:39 2020 CEST <damian@fptrucha.inv.usc.es>
# name: hd
# type: matrix
# rows: 41
# columns: 2
 1 -180
 0 -179
 0 -178
 0 -177
 6 -176
 3 -175
 5 -174
 11 -173
 45 -172
 98 -171
 165 -170
 204 -169
 265 -168
 562 -167
 1194 -166
 2087 -165
 3056 -164
 3412 -163
 3586 -162
 3437 -161
 3422 -160
 3449 -159
 3142 -158
 3017 -157
 2375 -156
 1438 -155
 577 -154
 90 -153
 3 -152
 0 -151
 0 -150
 0 -149
 0 -148
 0 -147
 0 -146
 0 -145
 0 -144
 0 -143
 0 -142
 0 -141
 0 -140


